-0.01,-0.497
-0.048,-1.968
-0.085,-1.826
-0.075,0.138
-0.186,-0.526
-0.224,-2.653
-0.25,0.252
-0.201,-0.289
-0.287,-1.303
-0.366,-2.745
-0.39,0.732
-0.344,-0.581
-0.598,-0.556
-0.556,0.028
-0.623,-1.747
-0.639,-0.548
-0.731,-1.433
-0.81,-0.521
-0.895,-2.816
-1.013,-2.184
-1.047,-0.518
-0.995,-2.278
-1.117,-0.187
-1.183,0.85
-1.18,0.845
-1.238,0.444
-1.233,0.089
-1.311,1.139
-1.322,0.068
-1.265,-1.663
-1.404,1.176
-1.341,0.849
-1.342,-2.402
-1.563,0.757
-1.59,-2.111
-1.561,-2.148
-1.66,-1.194
-1.656,-1.67
-1.604,-1.722
-1.694,-1.973
-1.635,-0.833
-1.689,-1.677
-1.699,-1.19
-1.72,-0.581
-1.841,-0.106
-1.917,0.934
-1.99,0.191
-1.96,-1.225
-2.115,0.125
-2.061,0.723
-2.149,-1.891
-2.193,-0.472
-2.33,-1.567
-2.488,-0.842
-2.584,-2.647
-2.676,0.957
-2.897,-1.059
-2.894,0.029
-2.832,-0.073
-2.882,-0.474
-2.962,-0.931
-3.031,-1.771
-3.024,0.286
-3.042,0.633
3.095,-0.248
3.024,-1.787
2.933,-1.039
2.86,-2.462
2.825,-2.79
2.819,-1.3
2.815,-0.688
2.777,-0.228
2.607,-2.431
2.522,-1.377
2.494,-1.552
2.393,-1.53
2.368,-1.473
2.398,-1.653
2.394,-1.691
2.377,-0.402
2.284,-0.196
2.254,-0.999
2.257,-1.154
2.209,0.958
2.123,0.657
2.174,-0.566
2.11,-1.3
2.075,-1.204
2.005,-0.153
2.007,-0.801
1.983,0.454
1.942,-0.189
1.875,-1.476
1.777,-1.895
1.805,-0.996
1.736,1.214
1.712,-1.87
1.732,1.167
1.725,1.101
1.65,0.874
1.69,-1.233
1.6,-1.966
1.648,0.964
1.5,0.587
1.574,0.106
1.492,0.235
1.407,0.157
1.405,-1.516
1.405,0.985
1.278,0.384
1.325,-0.07
1.293,-1.28
1.215,-0.045
1.103,-1.423
1.089,-0.518
1.044,-1.109
1.097,-1.857
0.967,-0.79
0.971,-0.845
0.909,-0.683
0.837,-0.96
0.843,-0.144
0.783,-1.284
0.652,-0.981
0.595,-1.939
0.644,-0.756
0.54,-2.776
0.526,-1.644
0.447,-1.334
0.451,-1.812
0.414,-1.843
0.373,-1.327
0.164,-1.888
0.149,0.132
0.069,-1.582
0.011,-0.49
-0.016,-2.098
-0.022,-2.277
-0.647,-3.007
-0.683,-3.171
-1.866,-3.242
-2.009,-3.067
-2.001,-3.248
-2.129,-2.78
-2.276,-3.133
-2.502,-3.207
-2.849,-3.174
2.766,-2.917
2.61,-3.006
2.378,-3.207
1.489,-3.04
-0.392,1.493
-0.885,1.523
-1.22,1.271
-1.732,1.474
-1.813,1.312
-2.308,1.293
2.717,1.533
2.287,1.166
0.731,1.333
0.496,1.352
0.477,1.491
-1.064,-1.921
-2.043,1.147
1.659,0.248
0.159,1.153
3.085,1.461
1.741,1.341
-0.08,-0.021
-0.244,-2.069
-0.293,-2.479
-0.376,0.975
-0.57,0.951
-0.656,0.643
-0.629,-1.316
-0.529,0.816
-0.646,-2.59
-0.566,-1.458
-0.86,0.066
-0.956,-1.658
-1.098,-0.473
-0.991,-1.972
-1.066,-1.307
-1.184,-1.737
-1.146,-0.407
-1.31,-1.625
-1.462,-1.073
-1.467,-1.768
-1.679,-0.21
-1.785,-2.181
-1.785,-0.091
-1.697,-0.351
-1.822,-1.823
-1.835,-0.199
-1.875,-2.745
-1.741,-1.939
-1.927,0.485
-1.784,-2.587
-1.945,-0.065
-1.871,-1.697
-1.972,-2.418
-2.143,0.173
-2.065,0.584
-2.084,-0.465
-2.209,0.98
-2.333,-1.594
-2.226,-0.052
-2.255,0.34
-2.469,0.372
-2.46,0.895
-2.471,-0.554
-2.417,0.604
-2.42,-1.653
-2.457,-1.598
-2.616,0.606
-2.506,-1.079
-2.724,0.334
-2.767,-1.748
-2.807,-1.06
-3.015,-2.764
-3.066,-1.222
-3.049,-1.321
3.118,-0.048
2.99,-2.389
2.954,0.063
2.848,-1.751
2.718,-0.073
2.691,-1.716
2.515,-0.127
2.427,-0.06
2.448,-0.459
2.328,1.089
2.32,0.747
2.4,-1.948
2.286,-2.78
2.133,1.1
2.122,-1.415
2.042,1.038
2.065,-1.519
2.059,0.099
1.899,-2.456
2.023,0.287
1.959,0.723
1.753,0.49
1.663,-0.99
1.485,0.835
1.502,-0.567
1.487,1.052
1.415,-0.334
1.27,-0.505
1.094,0.671
1.063,-0.079
1.055,-2.723
1.025,1.184
1.094,-1.588
0.916,-0.654
0.901,-0.798
0.837,-0.391
0.845,-2.771
0.709,-1.49
0.543,-2.493
0.326,-1.017
0.293,-1.267
0.168,-0.333
0.266,-0.68
0.12,0.048
0.228,0.082
0.139,-1.462
0.072,-0.521
-1.066,-2.985
-1.249,-3.169
-1.942,-2.958
-2.452,-3.14
-2.788,-3.167
-3.137,-3.043
2.136,-3.119
1.731,-3.08
1.51,-3.07
1.398,-3.243
0.558,-3.225
0.701,-2.873
-0.662,1.477
-0.996,1.263
-1.301,1.436
-1.34,1.191
-1.726,1.32
-1.88,1.352
-1.906,1.517
-1.821,1.504
-2.044,1.482
-2.214,1.405
-2.257,1.511
-2.609,1.501
-3.064,1.384
2.257,1.395
2.353,1.237
2.005,1.287
0.446,1.372
-1.342,-0.172
-1.492,-0.978
-1.502,0.684
1.956,-2.361
1.854,-1.009
1.856,-1.105
1.488,0.224
0.945,-0.767
-0.678,-1.549
-1.838,-0.888
2.993,0.598
2.138,0.611
1.519,0.091
0.717,-0.919
0.722,-0.682
0.757,-0.563
0.527,0.567
-1.561,-1.784
3.005,-0.62
1.527,-0.607
0.725,-2.512
-0.902,-2.559
-1.683,-2.507
-1.613,-2.645
-0.49,1.5
-0.038,-1.471
-0.075,-1.329
-0.065,0.635
-0.176,-0.029
-0.214,-2.156
-0.24,0.749
-0.191,0.208
-0.277,-0.806
-0.356,-2.248
-0.38,1.229
-0.334,-0.084
-0.588,-0.059
-0.546,0.525
-0.613,-1.25
-0.629,-0.051
-0.721,-0.936
-0.8,-0.024
-0.885,-2.319
-1.003,-1.687
-1.037,-0.021
-0.985,-1.781
-1.107,0.31
-1.173,1.347
-1.17,1.342
-1.228,0.941
-1.223,0.586
-1.301,1.636
-1.312,0.565
-1.255,-1.166
-1.394,1.673
-1.331,1.346
-1.332,-1.905
-1.553,1.254
-1.58,-1.614
-1.551,-1.651
-1.65,-0.697
-1.646,-1.173
-1.594,-1.225
-1.684,-1.476
-1.625,-0.336
-1.679,-1.18
-1.689,-0.693
-1.71,-0.084
-1.831,0.391
-1.907,1.431
-1.98,0.688
-1.95,-0.728
-2.105,0.622
-2.051,1.22
-2.139,-1.394
-2.183,0.025
-2.32,-1.07
-2.478,-0.345
-2.574,-2.15
-2.666,1.454
-2.887,-0.562
-2.884,0.526
-2.822,0.424
-2.872,0.023
-2.952,-0.434
-3.021,-1.274
-3.014,0.783
-3.032,1.13
3.105,0.249
3.034,-1.29
2.943,-0.542
2.87,-1.965
2.835,-2.293
2.829,-0.803
2.825,-0.191
2.787,0.269
2.617,-1.934
2.532,-0.88
2.504,-1.055
2.403,-1.033
2.378,-0.976
2.408,-1.156
2.404,-1.194
2.387,0.095
2.294,0.301
2.264,-0.502
2.267,-0.657
2.219,1.455
2.133,1.154
2.184,-0.069
2.12,-0.803
2.085,-0.707
2.015,0.344
2.017,-0.304
1.993,0.951
1.952,0.308
1.885,-0.979
1.787,-1.398
1.815,-0.499
1.746,1.711
1.722,-1.373
1.742,1.664
1.735,1.598
1.66,1.371
1.7,-0.736
1.61,-1.469
1.658,1.461
1.51,1.084
1.584,0.603
1.502,0.732
1.417,0.654
1.415,-1.019
1.415,1.482
1.288,0.881
1.335,0.427
1.303,-0.783
1.225,0.452
1.113,-0.926
1.099,-0.021
1.054,-0.612
1.107,-1.36
0.977,-0.293
0.981,-0.348
0.919,-0.186
0.847,-0.463
0.853,0.353
0.793,-0.787
0.662,-0.484
0.605,-1.442
0.654,-0.259
0.55,-2.279
0.536,-1.147
0.457,-0.837
0.461,-1.315
0.424,-1.346
0.383,-0.83
0.174,-1.391
0.159,0.629
0.079,-1.085
0.021,0.007
-0.006,-1.601
-0.012,-1.78
-0.637,-2.51
-0.673,-2.674
-1.856,-2.745
-1.999,-2.57
-1.991,-2.751
-2.119,-2.283
-2.266,-2.636
-2.492,-2.71
-2.839,-2.677
2.776,-2.42
2.62,-2.509
2.388,-2.71
1.499,-2.543
-0.382,1.99
-0.875,2.02
-1.21,1.768
-1.722,1.971
-1.803,1.809
-2.298,1.79
2.727,2.03
2.297,1.663
0.741,1.83
0.506,1.849
0.487,1.988
-1.054,-1.424
-2.033,1.644
1.669,0.745
0.169,1.65
3.095,1.958
1.751,1.838
-0.07,0.476
-0.234,-1.572
-0.283,-1.982
-0.366,1.472
-0.56,1.448
-0.646,1.14
-0.619,-0.819
-0.519,1.313
-0.636,-2.093
-0.556,-0.961
-0.85,0.563
-0.946,-1.161
-1.088,0.024
-0.981,-1.475
-1.056,-0.81
-1.174,-1.24
-1.136,0.09
-1.3,-1.128
-1.452,-0.576
-1.457,-1.271
-1.669,0.287
-1.775,-1.684
-1.775,0.406
-1.687,0.146
-1.812,-1.326
-1.825,0.298
-1.865,-2.248
-1.731,-1.442
-1.917,0.982
-1.774,-2.09
-1.935,0.432
-1.861,-1.2
-1.962,-1.921
-2.133,0.67
-2.055,1.081
-2.074,0.032
-2.199,1.477
-2.323,-1.097
-2.216,0.445
-2.245,0.837
-2.459,0.869
-2.45,1.392
-2.461,-0.057
-2.407,1.101
-2.41,-1.156
-2.447,-1.101
-2.606,1.103
-2.496,-0.582
-2.714,0.831
-2.757,-1.251
-2.797,-0.563
-3.005,-2.267
-3.056,-0.725
-3.039,-0.824
3.128,0.449
3.0,-1.892
2.964,0.56
2.858,-1.254
2.728,0.424
2.701,-1.219
2.525,0.37
2.437,0.437
2.458,0.038
2.338,1.586
2.33,1.244
2.41,-1.451
2.296,-2.283
2.143,1.597
2.132,-0.918
2.052,1.535
2.075,-1.022
2.069,0.596
1.909,-1.959
2.033,0.784
1.969,1.22
1.763,0.987
1.673,-0.493
1.495,1.332
1.512,-0.07
1.497,1.549
1.425,0.163
1.28,-0.008
1.104,1.168
1.073,0.418
1.065,-2.226
1.035,1.681
1.104,-1.091
0.926,-0.157
0.911,-0.301
0.847,0.106
0.855,-2.274
0.719,-0.993
0.553,-1.996
0.336,-0.52
0.303,-0.77
0.178,0.164
0.276,-0.183
0.13,0.545
0.238,0.579
0.149,-0.965
0.082,-0.024
-1.056,-2.488
-1.239,-2.672
-1.932,-2.461
-2.442,-2.643
-2.778,-2.67
-3.127,-2.546
2.146,-2.622
1.741,-2.583
1.52,-2.573
1.408,-2.746
0.568,-2.728
0.711,-2.376
-0.652,1.974
-0.986,1.76
-1.291,1.933
-1.33,1.688
-1.716,1.817
-1.87,1.849
-1.896,2.014
-1.811,2.001
-2.034,1.979
-2.204,1.902
-2.247,2.008
-2.599,1.998
-3.054,1.881
2.267,1.892
2.363,1.734
2.015,1.784
0.456,1.869
-1.332,0.325
-1.482,-0.481
-1.492,1.181
1.966,-1.864
1.864,-0.512
1.866,-0.608
1.498,0.721
0.955,-0.27
-0.668,-1.052
-1.828,-0.391
3.003,1.095
2.148,1.108
1.529,0.588
0.727,-0.422
0.732,-0.185
0.767,-0.066
0.537,1.064
-1.551,-1.287
3.015,-0.123
1.537,-0.11
0.735,-2.015
-0.892,-2.062
-1.673,-2.01
-1.603,-2.148
-0.48,1.997
-0.037,0.142
-0.027,2.106
-0.138,1.442
-0.176,-0.685
-0.202,2.22
-0.153,1.679
-0.239,0.665
-0.318,-0.777
-0.342,2.7
-0.296,1.387
-0.55,1.412
-0.508,1.996
-0.575,0.221
-0.591,1.42
-0.683,0.535
-0.762,1.447
-0.847,-0.848
-0.965,-0.216
-0.999,1.45
-0.947,-0.31
-1.069,1.781
-1.135,2.818
-1.132,2.813
-1.19,2.412
-1.185,2.057
-1.263,3.107
-1.274,2.036
-1.217,0.305
-1.356,3.144
-1.293,2.817
-1.294,-0.434
-1.515,2.725
-1.542,-0.143
-1.513,-0.18
-1.612,0.774
-1.608,0.298
-1.556,0.246
-1.646,-0.005
-1.587,1.135
-1.641,0.291
-1.651,0.778
-1.672,1.387
-1.793,1.862
-1.869,2.902
-1.942,2.159
-1.912,0.743
-2.067,2.093
-2.013,2.691
-2.101,0.077
-2.145,1.496
-2.282,0.401
-2.44,1.126
-2.536,-0.679
-2.628,2.925
-2.849,0.909
-2.846,1.997
-2.784,1.895
-2.834,1.494
-2.914,1.037
-2.983,0.197
-2.976,2.254
-2.994,2.601
-3.14,1.72
3.072,0.181
2.981,0.929
2.908,-0.494
2.873,-0.822
2.867,0.668
2.863,1.28
2.825,1.74
2.655,-0.463
2.57,0.591
2.542,0.416
2.441,0.438
2.416,0.495
2.446,0.315
2.442,0.277
2.425,1.566
2.332,1.772
2.302,0.969
2.305,0.814
2.257,2.926
2.171,2.625
2.222,1.402
2.158,0.668
2.123,0.764
2.053,1.815
2.055,1.167
2.031,2.422
1.99,1.779
1.923,0.492
1.825,0.073
1.853,0.972
1.784,3.182
1.76,0.098
1.78,3.135
1.773,3.069
1.698,2.842
1.738,0.735
1.648,0.002
1.696,2.932
1.548,2.555
1.622,2.074
1.54,2.203
1.455,2.125
1.453,0.452
1.453,2.953
1.326,2.352
1.373,1.898
1.341,0.688
1.263,1.923
1.151,0.545
1.137,1.45
1.092,0.859
1.145,0.111
1.015,1.178
1.019,1.123
0.957,1.285
0.885,1.008
0.891,1.824
0.831,0.684
0.7,0.987
0.643,0.029
0.692,1.212
0.588,-0.808
0.574,0.324
0.495,0.634
0.499,0.156
0.462,0.125
0.421,0.641
0.212,0.08
0.197,2.1
0.117,0.386
0.059,1.478
0.032,-0.13
0.026,-0.309
-0.599,-1.039
-0.635,-1.203
-1.818,-1.274
-1.961,-1.099
-1.953,-1.28
-2.081,-0.812
-2.228,-1.165
-2.454,-1.239
-2.801,-1.206
2.814,-0.949
2.658,-1.038
2.426,-1.239
1.537,-1.072
-0.344,3.461
-0.837,3.491
-1.172,3.239
-1.684,3.442
-1.765,3.28
-2.26,3.261
2.765,3.501
2.335,3.134
0.779,3.301
0.544,3.32
0.525,3.459
-1.016,0.047
-1.995,3.115
1.707,2.216
0.207,3.121
3.133,3.429
1.789,3.309
-0.032,1.947
-0.196,-0.101
-0.245,-0.511
-0.328,2.943
-0.522,2.919
-0.608,2.611
-0.581,0.652
-0.481,2.784
-0.598,-0.622
-0.518,0.51
-0.812,2.034
-0.908,0.31
-1.05,1.495
-0.943,-0.004
-1.018,0.661
-1.136,0.231
-1.098,1.561
-1.262,0.343
-1.414,0.895
-1.419,0.2
-1.631,1.758
-1.737,-0.213
-1.737,1.877
-1.649,1.617
-1.774,0.145
-1.787,1.769
-1.827,-0.777
-1.693,0.029
-1.879,2.453
-1.736,-0.619
-1.897,1.903
-1.823,0.271
-1.924,-0.45
-2.095,2.141
-2.017,2.552
-2.036,1.503
-2.161,2.948
-2.285,0.374
-2.178,1.916
-2.207,2.308
-2.421,2.34
-2.412,2.863
-2.423,1.414
-2.369,2.572
-2.372,0.315
-2.409,0.37
-2.568,2.574
-2.458,0.889
-2.676,2.302
-2.719,0.22
-2.759,0.908
-2.967,-0.796
-3.018,0.746
-3.001,0.647
-3.117,1.92
3.038,-0.421
3.002,2.031
2.896,0.217
2.766,1.895
2.739,0.252
2.563,1.841
2.475,1.908
2.496,1.509
2.376,3.057
2.368,2.715
2.448,0.02
2.334,-0.812
2.181,3.068
2.17,0.553
2.09,3.006
2.113,0.449
2.107,2.067
1.947,-0.488
2.071,2.255
2.007,2.691
1.801,2.458
1.711,0.978
1.533,2.803
1.55,1.401
1.535,3.02
1.463,1.634
1.318,1.463
1.142,2.639
1.111,1.889
1.103,-0.755
1.073,3.152
1.142,0.38
0.964,1.314
0.949,1.17
0.885,1.577
0.893,-0.803
0.757,0.478
0.591,-0.525
0.374,0.951
0.341,0.701
0.216,1.635
0.314,1.288
0.168,2.016
0.276,2.05
0.187,0.506
0.12,1.447
-1.018,-1.017
-1.201,-1.201
-1.894,-0.99
-2.404,-1.172
-2.74,-1.199
-3.089,-1.075
2.184,-1.151
1.779,-1.112
1.558,-1.102
1.446,-1.275
0.606,-1.257
0.749,-0.905
-0.614,3.445
-0.948,3.231
-1.253,3.404
-1.292,3.159
-1.678,3.288
-1.832,3.32
-1.858,3.485
-1.773,3.472
-1.996,3.45
-2.166,3.373
-2.209,3.479
-2.561,3.469
-3.016,3.352
2.305,3.363
2.401,3.205
2.053,3.255
0.494,3.34
-1.294,1.796
-1.444,0.99
-1.454,2.652
2.004,-0.393
1.902,0.959
1.904,0.863
1.536,2.192
0.993,1.201
-0.63,0.419
-1.79,1.08
3.041,2.566
2.186,2.579
1.567,2.059
0.765,1.049
0.77,1.286
0.805,1.405
0.575,2.535
-1.513,0.184
3.053,1.348
1.575,1.361
0.773,-0.544
-0.854,-0.591
-1.635,-0.539
-1.565,-0.677
-0.442,3.468
0.01,1.964
-0.101,1.3
-0.139,-0.827
-0.165,2.078
-0.116,1.537
-0.202,0.523
-0.281,-0.919
-0.305,2.558
-0.259,1.245
-0.513,1.27
-0.471,1.854
-0.538,0.079
-0.554,1.278
-0.646,0.393
-0.725,1.305
-0.81,-0.99
-0.928,-0.358
-0.962,1.308
-0.91,-0.452
-1.032,1.639
-1.098,2.676
-1.095,2.671
-1.153,2.27
-1.148,1.915
-1.226,2.965
-1.237,1.894
-1.18,0.163
-1.319,3.002
-1.256,2.675
-1.257,-0.576
-1.478,2.583
-1.505,-0.285
-1.476,-0.322
-1.575,0.632
-1.571,0.156
-1.519,0.104
-1.609,-0.147
-1.55,0.993
-1.604,0.149
-1.614,0.636
-1.635,1.245
-1.756,1.72
-1.832,2.76
-1.905,2.017
-1.875,0.601
-2.03,1.951
-1.976,2.549
-2.064,-0.065
-2.108,1.354
-2.245,0.259
-2.403,0.984
-2.499,-0.821
-2.591,2.783
-2.812,0.767
-2.809,1.855
-2.747,1.753
-2.797,1.352
-2.877,0.895
-2.946,0.055
-2.939,2.112
-2.957,2.459
-3.103,1.578
3.109,0.039
3.018,0.787
2.945,-0.636
2.91,-0.964
2.904,0.526
2.9,1.138
2.862,1.598
2.692,-0.605
2.607,0.449
2.579,0.274
2.478,0.296
2.453,0.353
2.483,0.173
2.479,0.135
2.462,1.424
2.369,1.63
2.339,0.827
2.342,0.672
2.294,2.784
2.208,2.483
2.259,1.26
2.195,0.526
2.16,0.622
2.09,1.673
2.092,1.025
2.068,2.28
2.027,1.637
1.96,0.35
1.862,-0.069
1.89,0.83
1.821,3.04
1.797,-0.044
1.817,2.993
1.81,2.927
1.735,2.7
1.775,0.593
1.685,-0.14
1.733,2.79
1.585,2.413
1.659,1.932
1.577,2.061
1.492,1.983
1.49,0.31
1.49,2.811
1.363,2.21
1.41,1.756
1.378,0.546
1.3,1.781
1.188,0.403
1.174,1.308
1.129,0.717
1.182,-0.031
1.052,1.036
1.056,0.981
0.994,1.143
0.922,0.866
0.928,1.682
0.868,0.542
0.737,0.845
0.68,-0.113
0.729,1.07
0.625,-0.95
0.611,0.182
0.532,0.492
0.536,0.014
0.499,-0.017
0.458,0.499
0.249,-0.062
0.234,1.958
0.154,0.244
0.096,1.336
0.069,-0.272
0.063,-0.451
-0.562,-1.181
-0.598,-1.345
-1.781,-1.416
-1.924,-1.241
-1.916,-1.422
-2.044,-0.954
-2.191,-1.307
-2.417,-1.381
-2.764,-1.348
2.851,-1.091
2.695,-1.18
2.463,-1.381
1.574,-1.214
-0.307,3.319
-0.8,3.349
-1.135,3.097
-1.647,3.3
-1.728,3.138
-2.223,3.119
2.802,3.359
2.372,2.992
0.816,3.159
0.581,3.178
0.562,3.317
-0.979,-0.095
-1.958,2.973
1.744,2.074
0.244,2.979
-3.113,3.287
1.826,3.167
0.005,1.805
-0.159,-0.243
-0.208,-0.653
-0.291,2.801
-0.485,2.777
-0.571,2.469
-0.544,0.51
-0.444,2.642
-0.561,-0.764
-0.481,0.368
-0.775,1.892
-0.871,0.168
-1.013,1.353
-0.906,-0.146
-0.981,0.519
-1.099,0.089
-1.061,1.419
-1.225,0.201
-1.377,0.753
-1.382,0.058
-1.594,1.616
-1.7,-0.355
-1.7,1.735
-1.612,1.475
-1.737,0.003
-1.75,1.627
-1.79,-0.919
-1.656,-0.113
-1.842,2.311
-1.699,-0.761
-1.86,1.761
-1.786,0.129
-1.887,-0.592
-2.058,1.999
-1.98,2.41
-1.999,1.361
-2.124,2.806
-2.248,0.232
-2.141,1.774
-2.17,2.166
-2.384,2.198
-2.375,2.721
-2.386,1.272
-2.332,2.43
-2.335,0.173
-2.372,0.228
-2.531,2.432
-2.421,0.747
-2.639,2.16
-2.682,0.078
-2.722,0.766
-2.93,-0.938
-2.981,0.604
-2.964,0.505
-3.08,1.778
3.075,-0.563
3.039,1.889
2.933,0.075
2.803,1.753
2.776,0.11
2.6,1.699
2.512,1.766
2.533,1.367
2.413,2.915
2.405,2.573
2.485,-0.122
2.371,-0.954
2.218,2.926
2.207,0.411
2.127,2.864
2.15,0.307
2.144,1.925
1.984,-0.63
2.108,2.113
2.044,2.549
1.838,2.316
1.748,0.836
1.57,2.661
1.587,1.259
1.572,2.878
1.5,1.492
1.355,1.321
1.179,2.497
1.148,1.747
1.14,-0.897
1.11,3.01
1.179,0.238
1.001,1.172
0.986,1.028
0.922,1.435
0.93,-0.945
0.794,0.336
0.628,-0.667
0.411,0.809
0.378,0.559
0.253,1.493
0.351,1.146
0.205,1.874
0.313,1.908
0.224,0.364
0.157,1.305
-0.981,-1.159
-1.164,-1.343
-1.857,-1.132
-2.367,-1.314
-2.703,-1.341
-3.052,-1.217
2.221,-1.293
1.816,-1.254
1.595,-1.244
1.483,-1.417
0.643,-1.399
0.786,-1.047
-0.577,3.303
-0.911,3.089
-1.216,3.262
-1.255,3.017
-1.641,3.146
-1.795,3.178
-1.821,3.343
-1.736,3.33
-1.959,3.308
-2.129,3.231
-2.172,3.337
-2.524,3.327
-2.979,3.21
2.342,3.221
2.438,3.063
2.09,3.113
0.531,3.198
-1.257,1.654
-1.407,0.848
-1.417,2.51
2.041,-0.535
1.939,0.817
1.941,0.721
1.573,2.05
1.03,1.059
-0.593,0.277
-1.753,0.938
3.078,2.424
2.223,2.437
1.604,1.917
0.802,0.907
0.807,1.144
0.842,1.263
0.612,2.393
-1.476,0.042
3.09,1.206
1.612,1.219
0.81,-0.686
-0.817,-0.733
-1.598,-0.681
-1.528,-0.819
-0.405,3.326
-0.111,-0.664
-0.149,-2.791
-0.175,0.114
-0.126,-0.427
-0.212,-1.441
-0.291,-2.883
-0.315,0.594
-0.269,-0.719
-0.523,-0.694
-0.481,-0.11
-0.548,-1.885
-0.564,-0.686
-0.656,-1.571
-0.735,-0.659
-0.82,-2.954
-0.938,-2.322
-0.972,-0.656
-0.92,-2.416
-1.042,-0.325
-1.108,0.712
-1.105,0.707
-1.163,0.306
-1.158,-0.049
-1.236,1.001
-1.247,-0.07
-1.19,-1.801
-1.329,1.038
-1.266,0.711
-1.267,-2.54
-1.488,0.619
-1.515,-2.249
-1.486,-2.286
-1.585,-1.332
-1.581,-1.808
-1.529,-1.86
-1.619,-2.111
-1.56,-0.971
-1.614,-1.815
-1.624,-1.328
-1.645,-0.719
-1.766,-0.244
-1.842,0.796
-1.915,0.053
-1.885,-1.363
-2.04,-0.013
-1.986,0.585
-2.074,-2.029
-2.118,-0.61
-2.255,-1.705
-2.413,-0.98
-2.509,-2.785
-2.601,0.819
-2.822,-1.197
-2.819,-0.109
-2.757,-0.211
-2.807,-0.612
-2.887,-1.069
-2.956,-1.909
-2.949,0.148
-2.967,0.495
-3.113,-0.386
3.099,-1.925
3.008,-1.177
2.935,-2.6
2.9,-2.928
2.894,-1.438
2.89,-0.826
2.852,-0.366
2.682,-2.569
2.597,-1.515
2.569,-1.69
2.468,-1.668
2.443,-1.611
2.473,-1.791
2.469,-1.829
2.452,-0.54
2.359,-0.334
2.329,-1.137
2.332,-1.292
2.284,0.82
2.198,0.519
2.249,-0.704
2.185,-1.438
2.15,-1.342
2.08,-0.291
2.082,-0.939
2.058,0.316
2.017,-0.327
1.95,-1.614
1.852,-2.033
1.88,-1.134
1.811,1.076
1.787,-2.008
1.807,1.029
1.8,0.963
1.725,0.736
1.765,-1.371
1.675,-2.104
1.723,0.826
1.575,0.449
1.649,-0.032
1.567,0.097
1.482,0.019
1.48,-1.654
1.48,0.847
1.353,0.246
1.4,-0.208
1.368,-1.418
1.29,-0.183
1.178,-1.561
1.164,-0.656
1.119,-1.247
1.172,-1.995
1.042,-0.928
1.046,-0.983
0.984,-0.821
0.912,-1.098
0.918,-0.282
0.858,-1.422
0.727,-1.119
0.67,-2.077
0.719,-0.894
0.615,-2.914
0.601,-1.782
0.522,-1.472
0.526,-1.95
0.489,-1.981
0.448,-1.465
0.239,-2.026
0.224,-0.006
0.144,-1.72
0.086,-0.628
0.059,-2.236
0.053,-2.415
-0.572,-3.145
-0.608,-3.309
-1.791,-3.38
-1.934,-3.205
-1.926,-3.386
-2.054,-2.918
-2.201,-3.271
-2.427,-3.345
-2.774,-3.312
2.841,-3.055
2.685,-3.144
2.453,-3.345
1.564,-3.178
-0.317,1.355
-0.81,1.385
-1.145,1.133
-1.657,1.336
-1.738,1.174
-2.233,1.155
2.792,1.395
2.362,1.028
0.806,1.195
0.571,1.214
0.552,1.353
-0.989,-2.059
-1.968,1.009
1.734,0.11
0.234,1.015
-3.123,1.323
1.816,1.203
-0.005,-0.159
-0.169,-2.207
-0.218,-2.617
-0.301,0.837
-0.495,0.813
-0.581,0.505
-0.554,-1.454
-0.454,0.678
-0.571,-2.728
-0.491,-1.596
-0.785,-0.072
-0.881,-1.796
-1.023,-0.611
-0.916,-2.11
-0.991,-1.445
-1.109,-1.875
-1.071,-0.545
-1.235,-1.763
-1.387,-1.211
-1.392,-1.906
-1.604,-0.348
-1.71,-2.319
-1.71,-0.229
-1.622,-0.489
-1.747,-1.961
-1.76,-0.337
-1.8,-2.883
-1.666,-2.077
-1.852,0.347
-1.709,-2.725
-1.87,-0.203
-1.796,-1.835
-1.897,-2.556
-2.068,0.035
-1.99,0.446
-2.009,-0.603
-2.134,0.842
-2.258,-1.732
-2.151,-0.19
-2.18,0.202
-2.394,0.234
-2.385,0.757
-2.396,-0.692
-2.342,0.466
-2.345,-1.791
-2.382,-1.736
-2.541,0.468
-2.431,-1.217
-2.649,0.196
-2.692,-1.886
-2.732,-1.198
-2.94,-2.902
-2.991,-1.36
-2.974,-1.459
-3.09,-0.186
3.065,-2.527
3.029,-0.075
2.923,-1.889
2.793,-0.211
2.766,-1.854
2.59,-0.265
2.502,-0.198
2.523,-0.597
2.403,0.951
2.395,0.609
2.475,-2.086
2.361,-2.918
2.208,0.962
2.197,-1.553
2.117,0.9
2.14,-1.657
2.134,-0.039
1.974,-2.594
2.098,0.149
2.034,0.585
1.828,0.352
1.738,-1.128
1.56,0.697
1.577,-0.705
1.562,0.914
1.49,-0.472
1.345,-0.643
1.169,0.533
1.138,-0.217
1.13,-2.861
1.1,1.046
1.169,-1.726
0.991,-0.792
0.976,-0.936
0.912,-0.529
0.92,-2.909
0.784,-1.628
0.618,-2.631
0.401,-1.155
0.368,-1.405
0.243,-0.471
0.341,-0.818
0.195,-0.09
0.303,-0.056
0.214,-1.6
0.147,-0.659
-0.991,-3.123
-1.174,-3.307
-1.867,-3.096
-2.377,-3.278
-2.713,-3.305
-3.062,-3.181
2.211,-3.257
1.806,-3.218
1.585,-3.208
1.473,-3.381
0.633,-3.363
0.776,-3.011
-0.587,1.339
-0.921,1.125
-1.226,1.298
-1.265,1.053
-1.651,1.182
-1.805,1.214
-1.831,1.379
-1.746,1.366
-1.969,1.344
-2.139,1.267
-2.182,1.373
-2.534,1.363
-2.989,1.246
2.332,1.257
2.428,1.099
2.08,1.149
0.521,1.234
-1.267,-0.31
-1.417,-1.116
-1.427,0.546
2.031,-2.499
1.929,-1.147
1.931,-1.243
1.563,0.086
1.02,-0.905
-0.603,-1.687
-1.763,-1.026
3.068,0.46
2.213,0.473
1.594,-0.047
0.792,-1.057
0.797,-0.82
0.832,-0.701
0.602,0.429
-1.486,-1.922
3.08,-0.758
1.602,-0.745
0.8,-2.65
-0.827,-2.697
-1.608,-2.645
-1.538,-2.783
-0.415,1.362
-0.038,-2.127
-0.064,0.778
-0.015,0.237
-0.101,-0.777
-0.18,-2.219
-0.204,1.258
-0.158,-0.055
-0.412,-0.03
-0.37,0.554
-0.437,-1.221
-0.453,-0.022
-0.545,-0.907
-0.624,0.005
-0.709,-2.29
-0.827,-1.658
-0.861,0.008
-0.809,-1.752
-0.931,0.339
-0.997,1.376
-0.994,1.371
-1.052,0.97
-1.047,0.615
-1.125,1.665
-1.136,0.594
-1.079,-1.137
-1.218,1.702
-1.155,1.375
-1.156,-1.876
-1.377,1.283
-1.404,-1.585
-1.375,-1.622
-1.474,-0.668
-1.47,-1.144
-1.418,-1.196
-1.508,-1.447
-1.449,-0.307
-1.503,-1.151
-1.513,-0.664
-1.534,-0.055
-1.655,0.42
-1.731,1.46
-1.804,0.717
-1.774,-0.699
-1.929,0.651
-1.875,1.249
-1.963,-1.365
-2.007,0.054
-2.144,-1.041
-2.302,-0.316
-2.398,-2.121
-2.49,1.483
-2.711,-0.533
-2.708,0.555
-2.646,0.453
-2.696,0.052
-2.776,-0.405
-2.845,-1.245
-2.838,0.812
-2.856,1.159
-3.002,0.278
-3.073,-1.261
3.119,-0.513
3.046,-1.936
3.011,-2.264
3.005,-0.774
3.001,-0.162
2.963,0.298
2.793,-1.905
2.708,-0.851
2.68,-1.026
2.579,-1.004
2.554,-0.947
2.584,-1.127
2.58,-1.165
2.563,0.124
2.47,0.33
2.44,-0.473
2.443,-0.628
2.395,1.484
2.309,1.183
2.36,-0.04
2.296,-0.774
2.261,-0.678
2.191,0.373
2.193,-0.275
2.169,0.98
2.128,0.337
2.061,-0.95
1.963,-1.369
1.991,-0.47
1.922,1.74
1.898,-1.344
1.918,1.693
1.911,1.627
1.836,1.4
1.876,-0.707
1.786,-1.44
1.834,1.49
1.686,1.113
1.76,0.632
1.678,0.761
1.593,0.683
1.591,-0.99
1.591,1.511
1.464,0.91
1.511,0.456
1.479,-0.754
1.401,0.481
1.289,-0.897
1.275,0.008
1.23,-0.583
1.283,-1.331
1.153,-0.264
1.157,-0.319
1.095,-0.157
1.023,-0.434
1.029,0.382
0.969,-0.758
0.838,-0.455
0.781,-1.413
0.83,-0.23
0.726,-2.25
0.712,-1.118
0.633,-0.808
0.637,-1.286
0.6,-1.317
0.559,-0.801
0.35,-1.362
0.335,0.658
0.255,-1.056
0.197,0.036
0.17,-1.572
0.164,-1.751
-0.461,-2.481
-0.497,-2.645
-1.68,-2.716
-1.823,-2.541
-1.815,-2.722
-1.943,-2.254
-2.09,-2.607
-2.316,-2.681
-2.663,-2.648
2.952,-2.391
2.796,-2.48
2.564,-2.681
1.675,-2.514
-0.206,2.019
-0.699,2.049
-1.034,1.797
-1.546,2.0
-1.627,1.838
-2.122,1.819
2.903,2.059
2.473,1.692
0.917,1.859
0.682,1.878
0.663,2.017
-0.878,-1.395
-1.857,1.673
1.845,0.774
0.345,1.679
-3.012,1.987
1.927,1.867
0.106,0.505
-0.058,-1.543
-0.107,-1.953
-0.19,1.501
-0.384,1.477
-0.47,1.169
-0.443,-0.79
-0.343,1.342
-0.46,-2.064
-0.38,-0.932
-0.674,0.592
-0.77,-1.132
-0.912,0.053
-0.805,-1.446
-0.88,-0.781
-0.998,-1.211
-0.96,0.119
-1.124,-1.099
-1.276,-0.547
-1.281,-1.242
-1.493,0.316
-1.599,-1.655
-1.599,0.435
-1.511,0.175
-1.636,-1.297
-1.649,0.327
-1.689,-2.219
-1.555,-1.413
-1.741,1.011
-1.598,-2.061
-1.759,0.461
-1.685,-1.171
-1.786,-1.892
-1.957,0.699
-1.879,1.11
-1.898,0.061
-2.023,1.506
-2.147,-1.068
-2.04,0.474
-2.069,0.866
-2.283,0.898
-2.274,1.421
-2.285,-0.028
-2.231,1.13
-2.234,-1.127
-2.271,-1.072
-2.43,1.132
-2.32,-0.553
-2.538,0.86
-2.581,-1.222
-2.621,-0.534
-2.829,-2.238
-2.88,-0.696
-2.863,-0.795
-2.979,0.478
-3.107,-1.863
3.14,0.589
3.034,-1.225
2.904,0.453
2.877,-1.19
2.701,0.399
2.613,0.466
2.634,0.067
2.514,1.615
2.506,1.273
2.586,-1.422
2.472,-2.254
2.319,1.626
2.308,-0.889
2.228,1.564
2.251,-0.993
2.245,0.625
2.085,-1.93
2.209,0.813
2.145,1.249
1.939,1.016
1.849,-0.464
1.671,1.361
1.688,-0.041
1.673,1.578
1.601,0.192
1.456,0.021
1.28,1.197
1.249,0.447
1.241,-2.197
1.211,1.71
1.28,-1.062
1.102,-0.128
1.087,-0.272
1.023,0.135
1.031,-2.245
0.895,-0.964
0.729,-1.967
0.512,-0.491
0.479,-0.741
0.354,0.193
0.452,-0.154
0.306,0.574
0.414,0.608
0.325,-0.936
0.258,0.005
-0.88,-2.459
-1.063,-2.643
-1.756,-2.432
-2.266,-2.614
-2.602,-2.641
-2.951,-2.517
2.322,-2.593
1.917,-2.554
1.696,-2.544
1.584,-2.717
0.744,-2.699
0.887,-2.347
-0.476,2.003
-0.81,1.789
-1.115,1.962
-1.154,1.717
-1.54,1.846
-1.694,1.878
-1.72,2.043
-1.635,2.03
-1.858,2.008
-2.028,1.931
-2.071,2.037
-2.423,2.027
-2.878,1.91
2.443,1.921
2.539,1.763
2.191,1.813
0.632,1.898
-1.156,0.354
-1.306,-0.452
-1.316,1.21
2.142,-1.835
2.04,-0.483
2.042,-0.579
1.674,0.75
1.131,-0.241
-0.492,-1.023
-1.652,-0.362
-3.104,1.124
2.324,1.137
1.705,0.617
0.903,-0.393
0.908,-0.156
0.943,-0.037
0.713,1.093
-1.375,-1.258
-3.092,-0.094
1.713,-0.081
0.911,-1.986
-0.716,-2.033
-1.497,-1.981
-1.427,-2.119
-0.304,2.026
-0.026,2.905
0.023,2.364
-0.063,1.35
-0.142,-0.092
-0.166,3.385
-0.12,2.072
-0.374,2.097
-0.332,2.681
-0.399,0.906
-0.415,2.105
-0.507,1.22
-0.586,2.132
-0.671,-0.163
-0.789,0.469
-0.823,2.135
-0.771,0.375
-0.893,2.466
-0.959,3.503
-0.956,3.498
-1.014,3.097
-1.009,2.742
-1.087,3.792
-1.098,2.721
-1.041,0.99
-1.18,3.829
-1.117,3.502
-1.118,0.251
-1.339,3.41
-1.366,0.542
-1.337,0.505
-1.436,1.459
-1.432,0.983
-1.38,0.931
-1.47,0.68
-1.411,1.82
-1.465,0.976
-1.475,1.463
-1.496,2.072
-1.617,2.547
-1.693,3.587
-1.766,2.844
-1.736,1.428
-1.891,2.778
-1.837,3.376
-1.925,0.762
-1.969,2.181
-2.106,1.086
-2.264,1.811
-2.36,0.006
-2.452,3.61
-2.673,1.594
-2.67,2.682
-2.608,2.58
-2.658,2.179
-2.738,1.722
-2.807,0.882
-2.8,2.939
-2.818,3.286
-2.964,2.405
-3.035,0.866
-3.126,1.614
3.084,0.191
3.049,-0.137
3.043,1.353
3.039,1.965
3.001,2.425
2.831,0.222
2.746,1.276
2.718,1.101
2.617,1.123
2.592,1.18
2.622,1.0
2.618,0.962
2.601,2.251
2.508,2.457
2.478,1.654
2.481,1.499
2.433,3.611
2.347,3.31
2.398,2.087
2.334,1.353
2.299,1.449
2.229,2.5
2.231,1.852
2.207,3.107
2.166,2.464
2.099,1.177
2.001,0.758
2.029,1.657
1.96,3.867
1.936,0.783
1.956,3.82
1.949,3.754
1.874,3.527
1.914,1.42
1.824,0.687
1.872,3.617
1.724,3.24
1.798,2.759
1.716,2.888
1.631,2.81
1.629,1.137
1.629,3.638
1.502,3.037
1.549,2.583
1.517,1.373
1.439,2.608
1.327,1.23
1.313,2.135
1.268,1.544
1.321,0.796
1.191,1.863
1.195,1.808
1.133,1.97
1.061,1.693
1.067,2.509
1.007,1.369
0.876,1.672
0.819,0.714
0.868,1.897
0.764,-0.123
0.75,1.009
0.671,1.319
0.675,0.841
0.638,0.81
0.597,1.326
0.388,0.765
0.373,2.785
0.293,1.071
0.235,2.163
0.208,0.555
0.202,0.376
-0.423,-0.354
-0.459,-0.518
-1.642,-0.589
-1.785,-0.414
-1.777,-0.595
-1.905,-0.127
-2.052,-0.48
-2.278,-0.554
-2.625,-0.521
2.99,-0.264
2.834,-0.353
2.602,-0.554
1.713,-0.387
-0.168,4.146
-0.661,4.176
-0.996,3.924
-1.508,4.127
-1.589,3.965
-2.084,3.946
2.941,4.186
2.511,3.819
0.955,3.986
0.72,4.005
0.701,4.144
-0.84,0.732
-1.819,3.8
1.883,2.901
0.383,3.806
-2.974,4.114
1.965,3.994
0.144,2.632
-0.02,0.584
-0.069,0.174
-0.152,3.628
-0.346,3.604
-0.432,3.296
-0.405,1.337
-0.305,3.469
-0.422,0.063
-0.342,1.195
-0.636,2.719
-0.732,0.995
-0.874,2.18
-0.767,0.681
-0.842,1.346
-0.96,0.916
-0.922,2.246
-1.086,1.028
-1.238,1.58
-1.243,0.885
-1.455,2.443
-1.561,0.472
-1.561,2.562
-1.473,2.302
-1.598,0.83
-1.611,2.454
-1.651,-0.092
-1.517,0.714
-1.703,3.138
-1.56,0.066
-1.721,2.588
-1.647,0.956
-1.748,0.235
-1.919,2.826
-1.841,3.237
-1.86,2.188
-1.985,3.633
-2.109,1.059
-2.002,2.601
-2.031,2.993
-2.245,3.025
-2.236,3.548
-2.247,2.099
-2.193,3.257
-2.196,1.0
-2.233,1.055
-2.392,3.259
-2.282,1.574
-2.5,2.987
-2.543,0.905
-2.583,1.593
-2.791,-0.111
-2.842,1.431
-2.825,1.332
-2.941,2.605
-3.069,0.264
-3.105,2.716
3.072,0.902
2.942,2.58
2.915,0.937
2.739,2.526
2.651,2.593
2.672,2.194
2.552,3.742
2.544,3.4
2.624,0.705
2.51,-0.127
2.357,3.753
2.346,1.238
2.266,3.691
2.289,1.134
2.283,2.752
2.123,0.197
2.247,2.94
2.183,3.376
1.977,3.143
1.887,1.663
1.709,3.488
1.726,2.086
1.711,3.705
1.639,2.319
1.494,2.148
1.318,3.324
1.287,2.574
1.279,-0.07
1.249,3.837
1.318,1.065
1.14,1.999
1.125,1.855
1.061,2.262
1.069,-0.118
0.933,1.163
0.767,0.16
0.55,1.636
0.517,1.386
0.392,2.32
0.49,1.973
0.344,2.701
0.452,2.735
0.363,1.191
0.296,2.132
-0.842,-0.332
-1.025,-0.516
-1.718,-0.305
-2.228,-0.487
-2.564,-0.514
-2.913,-0.39
2.36,-0.466
1.955,-0.427
1.734,-0.417
1.622,-0.59
0.782,-0.572
0.925,-0.22
-0.438,4.13
-0.772,3.916
-1.077,4.089
-1.116,3.844
-1.502,3.973
-1.656,4.005
-1.682,4.17
-1.597,4.157
-1.82,4.135
-1.99,4.058
-2.033,4.164
-2.385,4.154
-2.84,4.037
2.481,4.048
2.577,3.89
2.229,3.94
0.67,4.025
-1.118,2.481
-1.268,1.675
-1.278,3.337
2.18,0.292
2.078,1.644
2.08,1.548
1.712,2.877
1.169,1.886
-0.454,1.104
-1.614,1.765
-3.066,3.251
2.362,3.264
1.743,2.744
0.941,1.734
0.946,1.971
0.981,2.09
0.751,3.22
-1.337,0.869
-3.054,2.033
1.751,2.046
0.949,0.141
-0.678,0.094
-1.459,0.146
-1.389,0.008
-0.266,4.153
0.049,-0.541
-0.037,-1.555
-0.116,-2.997
-0.14,0.48
-0.094,-0.833
-0.348,-0.808
-0.306,-0.224
-0.373,-1.999
-0.389,-0.8
-0.481,-1.685
-0.56,-0.773
-0.645,-3.068
-0.763,-2.436
-0.797,-0.77
-0.745,-2.53
-0.867,-0.439
-0.933,0.598
-0.93,0.593
-0.988,0.192
-0.983,-0.163
-1.061,0.887
-1.072,-0.184
-1.015,-1.915
-1.154,0.924
-1.091,0.597
-1.092,-2.654
-1.313,0.505
-1.34,-2.363
-1.311,-2.4
-1.41,-1.446
-1.406,-1.922
-1.354,-1.974
-1.444,-2.225
-1.385,-1.085
-1.439,-1.929
-1.449,-1.442
-1.47,-0.833
-1.591,-0.358
-1.667,0.682
-1.74,-0.061
-1.71,-1.477
-1.865,-0.127
-1.811,0.471
-1.899,-2.143
-1.943,-0.724
-2.08,-1.819
-2.238,-1.094
-2.334,-2.899
-2.426,0.705
-2.647,-1.311
-2.644,-0.223
-2.582,-0.325
-2.632,-0.726
-2.712,-1.183
-2.781,-2.023
-2.774,0.034
-2.792,0.381
-2.938,-0.5
-3.009,-2.039
-3.1,-1.291
3.11,-2.714
3.075,-3.042
3.069,-1.552
3.065,-0.94
3.027,-0.48
2.857,-2.683
2.772,-1.629
2.744,-1.804
2.643,-1.782
2.618,-1.725
2.648,-1.905
2.644,-1.943
2.627,-0.654
2.534,-0.448
2.504,-1.251
2.507,-1.406
2.459,0.706
2.373,0.405
2.424,-0.818
2.36,-1.552
2.325,-1.456
2.255,-0.405
2.257,-1.053
2.233,0.202
2.192,-0.441
2.125,-1.728
2.027,-2.147
2.055,-1.248
1.986,0.962
1.962,-2.122
1.982,0.915
1.975,0.849
1.9,0.622
1.94,-1.485
1.85,-2.218
1.898,0.712
1.75,0.335
1.824,-0.146
1.742,-0.017
1.657,-0.095
1.655,-1.768
1.655,0.733
1.528,0.132
1.575,-0.322
1.543,-1.532
1.465,-0.297
1.353,-1.675
1.339,-0.77
1.294,-1.361
1.347,-2.109
1.217,-1.042
1.221,-1.097
1.159,-0.935
1.087,-1.212
1.093,-0.396
1.033,-1.536
0.902,-1.233
0.845,-2.191
0.894,-1.008
0.79,-3.028
0.776,-1.896
0.697,-1.586
0.701,-2.064
0.664,-2.095
0.623,-1.579
0.414,-2.14
0.399,-0.12
0.319,-1.834
0.261,-0.742
0.234,-2.35
0.228,-2.529
-0.397,-3.259
-0.433,-3.423
-1.616,-3.494
-1.759,-3.319
-1.751,-3.5
-1.879,-3.032
-2.026,-3.385
-2.252,-3.459
-2.599,-3.426
3.016,-3.169
2.86,-3.258
2.628,-3.459
1.739,-3.292
-0.142,1.241
-0.635,1.271
-0.97,1.019
-1.482,1.222
-1.563,1.06
-2.058,1.041
2.967,1.281
2.537,0.914
0.981,1.081
0.746,1.1
0.727,1.239
-0.814,-2.173
-1.793,0.895
1.909,-0.004
0.409,0.901
-2.948,1.209
1.991,1.089
0.17,-0.273
0.006,-2.321
-0.043,-2.731
-0.126,0.723
-0.32,0.699
-0.406,0.391
-0.379,-1.568
-0.279,0.564
-0.396,-2.842
-0.316,-1.71
-0.61,-0.186
-0.706,-1.91
-0.848,-0.725
-0.741,-2.224
-0.816,-1.559
-0.934,-1.989
-0.896,-0.659
-1.06,-1.877
-1.212,-1.325
-1.217,-2.02
-1.429,-0.462
-1.535,-2.433
-1.535,-0.343
-1.447,-0.603
-1.572,-2.075
-1.585,-0.451
-1.625,-2.997
-1.491,-2.191
-1.677,0.233
-1.534,-2.839
-1.695,-0.317
-1.621,-1.949
-1.722,-2.67
-1.893,-0.079
-1.815,0.332
-1.834,-0.717
-1.959,0.728
-2.083,-1.846
-1.976,-0.304
-2.005,0.088
-2.219,0.12
-2.21,0.643
-2.221,-0.806
-2.167,0.352
-2.17,-1.905
-2.207,-1.85
-2.366,0.354
-2.256,-1.331
-2.474,0.082
-2.517,-2.0
-2.557,-1.312
-2.765,-3.016
-2.816,-1.474
-2.799,-1.573
-2.915,-0.3
-3.043,-2.641
-3.079,-0.189
3.098,-2.003
2.968,-0.325
2.941,-1.968
2.765,-0.379
2.677,-0.312
2.698,-0.711
2.578,0.837
2.57,0.495
2.65,-2.2
2.536,-3.032
2.383,0.848
2.372,-1.667
2.292,0.786
2.315,-1.771
2.309,-0.153
2.149,-2.708
2.273,0.035
2.209,0.471
2.003,0.238
1.913,-1.242
1.735,0.583
1.752,-0.819
1.737,0.8
1.665,-0.586
1.52,-0.757
1.344,0.419
1.313,-0.331
1.305,-2.975
1.275,0.932
1.344,-1.84
1.166,-0.906
1.151,-1.05
1.087,-0.643
1.095,-3.023
0.959,-1.742
0.793,-2.745
0.576,-1.269
0.543,-1.519
0.418,-0.585
0.516,-0.932
0.37,-0.204
0.478,-0.17
0.389,-1.714
0.322,-0.773
-0.816,-3.237
-0.999,-3.421
-1.692,-3.21
-2.202,-3.392
-2.538,-3.419
-2.887,-3.295
2.386,-3.371
1.981,-3.332
1.76,-3.322
1.648,-3.495
0.808,-3.477
0.951,-3.125
-0.412,1.225
-0.746,1.011
-1.051,1.184
-1.09,0.939
-1.476,1.068
-1.63,1.1
-1.656,1.265
-1.571,1.252
-1.794,1.23
-1.964,1.153
-2.007,1.259
-2.359,1.249
-2.814,1.132
2.507,1.143
2.603,0.985
2.255,1.035
0.696,1.12
-1.092,-0.424
-1.242,-1.23
-1.252,0.432
2.206,-2.613
2.104,-1.261
2.106,-1.357
1.738,-0.028
1.195,-1.019
-0.428,-1.801
-1.588,-1.14
-3.04,0.346
2.388,0.359
1.769,-0.161
0.967,-1.171
0.972,-0.934
1.007,-0.815
0.777,0.315
-1.311,-2.036
-3.028,-0.872
1.777,-0.859
0.975,-2.764
-0.652,-2.811
-1.433,-2.759
-1.363,-2.897
-0.24,1.248
-0.086,-1.014
-0.165,-2.456
-0.189,1.021
-0.143,-0.292
-0.397,-0.267
-0.355,0.317
-0.422,-1.458
-0.438,-0.259
-0.53,-1.144
-0.609,-0.232
-0.694,-2.527
-0.812,-1.895
-0.846,-0.229
-0.794,-1.989
-0.916,0.102
-0.982,1.139
-0.979,1.134
-1.037,0.733
-1.032,0.378
-1.11,1.428
-1.121,0.357
-1.064,-1.374
-1.203,1.465
-1.14,1.138
-1.141,-2.113
-1.362,1.046
-1.389,-1.822
-1.36,-1.859
-1.459,-0.905
-1.455,-1.381
-1.403,-1.433
-1.493,-1.684
-1.434,-0.544
-1.488,-1.388
-1.498,-0.901
-1.519,-0.292
-1.64,0.183
-1.716,1.223
-1.789,0.48
-1.759,-0.936
-1.914,0.414
-1.86,1.012
-1.948,-1.602
-1.992,-0.183
-2.129,-1.278
-2.287,-0.553
-2.383,-2.358
-2.475,1.246
-2.696,-0.77
-2.693,0.318
-2.631,0.216
-2.681,-0.185
-2.761,-0.642
-2.83,-1.482
-2.823,0.575
-2.841,0.922
-2.987,0.041
-3.058,-1.498
3.134,-0.75
3.061,-2.173
3.026,-2.501
3.02,-1.011
3.016,-0.399
2.978,0.061
2.808,-2.142
2.723,-1.088
2.695,-1.263
2.594,-1.241
2.569,-1.184
2.599,-1.364
2.595,-1.402
2.578,-0.113
2.485,0.093
2.455,-0.71
2.458,-0.865
2.41,1.247
2.324,0.946
2.375,-0.277
2.311,-1.011
2.276,-0.915
2.206,0.136
2.208,-0.512
2.184,0.743
2.143,0.1
2.076,-1.187
1.978,-1.606
2.006,-0.707
1.937,1.503
1.913,-1.581
1.933,1.456
1.926,1.39
1.851,1.163
1.891,-0.944
1.801,-1.677
1.849,1.253
1.701,0.876
1.775,0.395
1.693,0.524
1.608,0.446
1.606,-1.227
1.606,1.274
1.479,0.673
1.526,0.219
1.494,-0.991
1.416,0.244
1.304,-1.134
1.29,-0.229
1.245,-0.82
1.298,-1.568
1.168,-0.501
1.172,-0.556
1.11,-0.394
1.038,-0.671
1.044,0.145
0.984,-0.995
0.853,-0.692
0.796,-1.65
0.845,-0.467
0.741,-2.487
0.727,-1.355
0.648,-1.045
0.652,-1.523
0.615,-1.554
0.574,-1.038
0.365,-1.599
0.35,0.421
0.27,-1.293
0.212,-0.201
0.185,-1.809
0.179,-1.988
-0.446,-2.718
-0.482,-2.882
-1.665,-2.953
-1.808,-2.778
-1.8,-2.959
-1.928,-2.491
-2.075,-2.844
-2.301,-2.918
-2.648,-2.885
2.967,-2.628
2.811,-2.717
2.579,-2.918
1.69,-2.751
-0.191,1.782
-0.684,1.812
-1.019,1.56
-1.531,1.763
-1.612,1.601
-2.107,1.582
2.918,1.822
2.488,1.455
0.932,1.622
0.697,1.641
0.678,1.78
-0.863,-1.632
-1.842,1.436
1.86,0.537
0.36,1.442
-2.997,1.75
1.942,1.63
0.121,0.268
-0.043,-1.78
-0.092,-2.19
-0.175,1.264
-0.369,1.24
-0.455,0.932
-0.428,-1.027
-0.328,1.105
-0.445,-2.301
-0.365,-1.169
-0.659,0.355
-0.755,-1.369
-0.897,-0.184
-0.79,-1.683
-0.865,-1.018
-0.983,-1.448
-0.945,-0.118
-1.109,-1.336
-1.261,-0.784
-1.266,-1.479
-1.478,0.079
-1.584,-1.892
-1.584,0.198
-1.496,-0.062
-1.621,-1.534
-1.634,0.09
-1.674,-2.456
-1.54,-1.65
-1.726,0.774
-1.583,-2.298
-1.744,0.224
-1.67,-1.408
-1.771,-2.129
-1.942,0.462
-1.864,0.873
-1.883,-0.176
-2.008,1.269
-2.132,-1.305
-2.025,0.237
-2.054,0.629
-2.268,0.661
-2.259,1.184
-2.27,-0.265
-2.216,0.893
-2.219,-1.364
-2.256,-1.309
-2.415,0.895
-2.305,-0.79
-2.523,0.623
-2.566,-1.459
-2.606,-0.771
-2.814,-2.475
-2.865,-0.933
-2.848,-1.032
-2.964,0.241
-3.092,-2.1
-3.128,0.352
3.049,-1.462
2.919,0.216
2.892,-1.427
2.716,0.162
2.628,0.229
2.649,-0.17
2.529,1.378
2.521,1.036
2.601,-1.659
2.487,-2.491
2.334,1.389
2.323,-1.126
2.243,1.327
2.266,-1.23
2.26,0.388
2.1,-2.167
2.224,0.576
2.16,1.012
1.954,0.779
1.864,-0.701
1.686,1.124
1.703,-0.278
1.688,1.341
1.616,-0.045
1.471,-0.216
1.295,0.96
1.264,0.21
1.256,-2.434
1.226,1.473
1.295,-1.299
1.117,-0.365
1.102,-0.509
1.038,-0.102
1.046,-2.482
0.91,-1.201
0.744,-2.204
0.527,-0.728
0.494,-0.978
0.369,-0.044
0.467,-0.391
0.321,0.337
0.429,0.371
0.34,-1.173
0.273,-0.232
-0.865,-2.696
-1.048,-2.88
-1.741,-2.669
-2.251,-2.851
-2.587,-2.878
-2.936,-2.754
2.337,-2.83
1.932,-2.791
1.711,-2.781
1.599,-2.954
0.759,-2.936
0.902,-2.584
-0.461,1.766
-0.795,1.552
-1.1,1.725
-1.139,1.48
-1.525,1.609
-1.679,1.641
-1.705,1.806
-1.62,1.793
-1.843,1.771
-2.013,1.694
-2.056,1.8
-2.408,1.79
-2.863,1.673
2.458,1.684
2.554,1.526
2.206,1.576
0.647,1.661
-1.141,0.117
-1.291,-0.689
-1.301,0.973
2.157,-2.072
2.055,-0.72
2.057,-0.816
1.689,0.513
1.146,-0.478
-0.477,-1.26
-1.637,-0.599
-3.089,0.887
2.339,0.9
1.72,0.38
0.918,-0.63
0.923,-0.393
0.958,-0.274
0.728,0.856
-1.36,-1.495
-3.077,-0.331
1.728,-0.318
0.926,-2.223
-0.701,-2.27
-1.482,-2.218
-1.412,-2.356
-0.289,1.789
-0.079,-1.442
-0.103,2.035
-0.057,0.722
-0.311,0.747
-0.269,1.331
-0.336,-0.444
-0.352,0.755
-0.444,-0.13
-0.523,0.782
-0.608,-1.513
-0.726,-0.881
-0.76,0.785
-0.708,-0.975
-0.83,1.116
-0.896,2.153
-0.893,2.148
-0.951,1.747
-0.946,1.392
-1.024,2.442
-1.035,1.371
-0.978,-0.36
-1.117,2.479
-1.054,2.152
-1.055,-1.099
-1.276,2.06
-1.303,-0.808
-1.274,-0.845
-1.373,0.109
-1.369,-0.367
-1.317,-0.419
-1.407,-0.67
-1.348,0.47
-1.402,-0.374
-1.412,0.113
-1.433,0.722
-1.554,1.197
-1.63,2.237
-1.703,1.494
-1.673,0.078
-1.828,1.428
-1.774,2.026
-1.862,-0.588
-1.906,0.831
-2.043,-0.264
-2.201,0.461
-2.297,-1.344
-2.389,2.26
-2.61,0.244
-2.607,1.332
-2.545,1.23
-2.595,0.829
-2.675,0.372
-2.744,-0.468
-2.737,1.589
-2.755,1.936
-2.901,1.055
-2.972,-0.484
-3.063,0.264
-3.136,-1.159
3.112,-1.487
3.106,0.003
3.102,0.615
3.064,1.075
2.894,-1.128
2.809,-0.074
2.781,-0.249
2.68,-0.227
2.655,-0.17
2.685,-0.35
2.681,-0.388
2.664,0.901
2.571,1.107
2.541,0.304
2.544,0.149
2.496,2.261
2.41,1.96
2.461,0.737
2.397,0.003
2.362,0.099
2.292,1.15
2.294,0.502
2.27,1.757
2.229,1.114
2.162,-0.173
2.064,-0.592
2.092,0.307
2.023,2.517
1.999,-0.567
2.019,2.47
2.012,2.404
1.937,2.177
1.977,0.07
1.887,-0.663
1.935,2.267
1.787,1.89
1.861,1.409
1.779,1.538
1.694,1.46
1.692,-0.213
1.692,2.288
1.565,1.687
1.612,1.233
1.58,0.023
1.502,1.258
1.39,-0.12
1.376,0.785
1.331,0.194
1.384,-0.554
1.254,0.513
1.258,0.458
1.196,0.62
1.124,0.343
1.13,1.159
1.07,0.019
0.939,0.322
0.882,-0.636
0.931,0.547
0.827,-1.473
0.813,-0.341
0.734,-0.031
0.738,-0.509
0.701,-0.54
0.66,-0.024
0.451,-0.585
0.436,1.435
0.356,-0.279
0.298,0.813
0.271,-0.795
0.265,-0.974
-0.36,-1.704
-0.396,-1.868
-1.579,-1.939
-1.722,-1.764
-1.714,-1.945
-1.842,-1.477
-1.989,-1.83
-2.215,-1.904
-2.562,-1.871
3.053,-1.614
2.897,-1.703
2.665,-1.904
1.776,-1.737
-0.105,2.796
-0.598,2.826
-0.933,2.574
-1.445,2.777
-1.526,2.615
-2.021,2.596
3.004,2.836
2.574,2.469
1.018,2.636
0.783,2.655
0.764,2.794
-0.777,-0.618
-1.756,2.45
1.946,1.551
0.446,2.456
-2.911,2.764
2.028,2.644
0.207,1.282
0.043,-0.766
-0.006,-1.176
-0.089,2.278
-0.283,2.254
-0.369,1.946
-0.342,-0.013
-0.242,2.119
-0.359,-1.287
-0.279,-0.155
-0.573,1.369
-0.669,-0.355
-0.811,0.83
-0.704,-0.669
-0.779,-0.004
-0.897,-0.434
-0.859,0.896
-1.023,-0.322
-1.175,0.23
-1.18,-0.465
-1.392,1.093
-1.498,-0.878
-1.498,1.212
-1.41,0.952
-1.535,-0.52
-1.548,1.104
-1.588,-1.442
-1.454,-0.636
-1.64,1.788
-1.497,-1.284
-1.658,1.238
-1.584,-0.394
-1.685,-1.115
-1.856,1.476
-1.778,1.887
-1.797,0.838
-1.922,2.283
-2.046,-0.291
-1.939,1.251
-1.968,1.643
-2.182,1.675
-2.173,2.198
-2.184,0.749
-2.13,1.907
-2.133,-0.35
-2.17,-0.295
-2.329,1.909
-2.219,0.224
-2.437,1.637
-2.48,-0.445
-2.52,0.243
-2.728,-1.461
-2.779,0.081
-2.762,-0.018
-2.878,1.255
-3.006,-1.086
-3.042,1.366
3.135,-0.448
3.005,1.23
2.978,-0.413
2.802,1.176
2.714,1.243
2.735,0.844
2.615,2.392
2.607,2.05
2.687,-0.645
2.573,-1.477
2.42,2.403
2.409,-0.112
2.329,2.341
2.352,-0.216
2.346,1.402
2.186,-1.153
2.31,1.59
2.246,2.026
2.04,1.793
1.95,0.313
1.772,2.138
1.789,0.736
1.774,2.355
1.702,0.969
1.557,0.798
1.381,1.974
1.35,1.224
1.342,-1.42
1.312,2.487
1.381,-0.285
1.203,0.649
1.188,0.505
1.124,0.912
1.132,-1.468
0.996,-0.187
0.83,-1.19
0.613,0.286
0.58,0.036
0.455,0.97
0.553,0.623
0.407,1.351
0.515,1.385
0.426,-0.159
0.359,0.782
-0.779,-1.682
-0.962,-1.866
-1.655,-1.655
-2.165,-1.837
-2.501,-1.864
-2.85,-1.74
2.423,-1.816
2.018,-1.777
1.797,-1.767
1.685,-1.94
0.845,-1.922
0.988,-1.57
-0.375,2.78
-0.709,2.566
-1.014,2.739
-1.053,2.494
-1.439,2.623
-1.593,2.655
-1.619,2.82
-1.534,2.807
-1.757,2.785
-1.927,2.708
-1.97,2.814
-2.322,2.804
-2.777,2.687
2.544,2.698
2.64,2.54
2.292,2.59
0.733,2.675
-1.055,1.131
-1.205,0.325
-1.215,1.987
2.243,-1.058
2.141,0.294
2.143,0.198
1.775,1.527
1.232,0.536
-0.391,-0.246
-1.551,0.415
-3.003,1.901
2.425,1.914
1.806,1.394
1.004,0.384
1.009,0.621
1.044,0.74
0.814,1.87
-1.274,-0.481
-2.991,0.683
1.814,0.696
1.012,-1.209
-0.615,-1.256
-1.396,-1.204
-1.326,-1.342
-0.203,2.803
-0.024,3.477
0.022,2.164
-0.232,2.189
-0.19,2.773
-0.257,0.998
-0.273,2.197
-0.365,1.312
-0.444,2.224
-0.529,-0.071
-0.647,0.561
-0.681,2.227
-0.629,0.467
-0.751,2.558
-0.817,3.595
-0.814,3.59
-0.872,3.189
-0.867,2.834
-0.945,3.884
-0.956,2.813
-0.899,1.082
-1.038,3.921
-0.975,3.594
-0.976,0.343
-1.197,3.502
-1.224,0.634
-1.195,0.597
-1.294,1.551
-1.29,1.075
-1.238,1.023
-1.328,0.772
-1.269,1.912
-1.323,1.068
-1.333,1.555
-1.354,2.164
-1.475,2.639
-1.551,3.679
-1.624,2.936
-1.594,1.52
-1.749,2.87
-1.695,3.468
-1.783,0.854
-1.827,2.273
-1.964,1.178
-2.122,1.903
-2.218,0.098
-2.31,3.702
-2.531,1.686
-2.528,2.774
-2.466,2.672
-2.516,2.271
-2.596,1.814
-2.665,0.974
-2.658,3.031
-2.676,3.378
-2.822,2.497
-2.893,0.958
-2.984,1.706
-3.057,0.283
-3.092,-0.045
-3.098,1.445
-3.102,2.057
-3.14,2.517
2.973,0.314
2.888,1.368
2.86,1.193
2.759,1.215
2.734,1.272
2.764,1.092
2.76,1.054
2.743,2.343
2.65,2.549
2.62,1.746
2.623,1.591
2.575,3.703
2.489,3.402
2.54,2.179
2.476,1.445
2.441,1.541
2.371,2.592
2.373,1.944
2.349,3.199
2.308,2.556
2.241,1.269
2.143,0.85
2.171,1.749
2.102,3.959
2.078,0.875
2.098,3.912
2.091,3.846
2.016,3.619
2.056,1.512
1.966,0.779
2.014,3.709
1.866,3.332
1.94,2.851
1.858,2.98
1.773,2.902
1.771,1.229
1.771,3.73
1.644,3.129
1.691,2.675
1.659,1.465
1.581,2.7
1.469,1.322
1.455,2.227
1.41,1.636
1.463,0.888
1.333,1.955
1.337,1.9
1.275,2.062
1.203,1.785
1.209,2.601
1.149,1.461
1.018,1.764
0.961,0.806
1.01,1.989
0.906,-0.031
0.892,1.101
0.813,1.411
0.817,0.933
0.78,0.902
0.739,1.418
0.53,0.857
0.515,2.877
0.435,1.163
0.377,2.255
0.35,0.647
0.344,0.468
-0.281,-0.262
-0.317,-0.426
-1.5,-0.497
-1.643,-0.322
-1.635,-0.503
-1.763,-0.035
-1.91,-0.388
-2.136,-0.462
-2.483,-0.429
3.132,-0.172
2.976,-0.261
2.744,-0.462
1.855,-0.295
-0.026,4.238
-0.519,4.268
-0.854,4.016
-1.366,4.219
-1.447,4.057
-1.942,4.038
3.083,4.278
2.653,3.911
1.097,4.078
0.862,4.097
0.843,4.236
-0.698,0.824
-1.677,3.892
2.025,2.993
0.525,3.898
-2.832,4.206
2.107,4.086
0.286,2.724
0.122,0.676
0.073,0.266
-0.01,3.72
-0.204,3.696
-0.29,3.388
-0.263,1.429
-0.163,3.561
-0.28,0.155
-0.2,1.287
-0.494,2.811
-0.59,1.087
-0.732,2.272
-0.625,0.773
-0.7,1.438
-0.818,1.008
-0.78,2.338
-0.944,1.12
-1.096,1.672
-1.101,0.977
-1.313,2.535
-1.419,0.564
-1.419,2.654
-1.331,2.394
-1.456,0.922
-1.469,2.546
-1.509,0.0
-1.375,0.806
-1.561,3.23
-1.418,0.158
-1.579,2.68
-1.505,1.048
-1.606,0.327
-1.777,2.918
-1.699,3.329
-1.718,2.28
-1.843,3.725
-1.967,1.151
-1.86,2.693
-1.889,3.085
-2.103,3.117
-2.094,3.64
-2.105,2.191
-2.051,3.349
-2.054,1.092
-2.091,1.147
-2.25,3.351
-2.14,1.666
-2.358,3.079
-2.401,0.997
-2.441,1.685
-2.649,-0.019
-2.7,1.523
-2.683,1.424
-2.799,2.697
-2.927,0.356
-2.963,2.808
-3.069,0.994
3.084,2.672
3.057,1.029
2.881,2.618
2.793,2.685
2.814,2.286
2.694,3.834
2.686,3.492
2.766,0.797
2.652,-0.035
2.499,3.845
2.488,1.33
2.408,3.783
2.431,1.226
2.425,2.844
2.265,0.289
2.389,3.032
2.325,3.468
2.119,3.235
2.029,1.755
1.851,3.58
1.868,2.178
1.853,3.797
1.781,2.411
1.636,2.24
1.46,3.416
1.429,2.666
1.421,0.022
1.391,3.929
1.46,1.157
1.282,2.091
1.267,1.947
1.203,2.354
1.211,-0.026
1.075,1.255
0.909,0.252
0.692,1.728
0.659,1.478
0.534,2.412
0.632,2.065
0.486,2.793
0.594,2.827
0.505,1.283
0.438,2.224
-0.7,-0.24
-0.883,-0.424
-1.576,-0.213
-2.086,-0.395
-2.422,-0.422
-2.771,-0.298
2.502,-0.374
2.097,-0.335
1.876,-0.325
1.764,-0.498
0.924,-0.48
1.067,-0.128
-0.296,4.222
-0.63,4.008
-0.935,4.181
-0.974,3.936
-1.36,4.065
-1.514,4.097
-1.54,4.262
-1.455,4.249
-1.678,4.227
-1.848,4.15
-1.891,4.256
-2.243,4.246
-2.698,4.129
2.623,4.14
2.719,3.982
2.371,4.032
0.812,4.117
-0.976,2.573
-1.126,1.767
-1.136,3.429
2.322,0.384
2.22,1.736
2.222,1.64
1.854,2.969
1.311,1.978
-0.312,1.196
-1.472,1.857
-2.924,3.343
2.504,3.356
1.885,2.836
1.083,1.826
1.088,2.063
1.123,2.182
0.893,3.312
-1.195,0.961
-2.912,2.125
1.893,2.138
1.091,0.233
-0.536,0.186
-1.317,0.238
-1.247,0.1
-0.124,4.245
0.046,-1.313
-0.208,-1.288
-0.166,-0.704
-0.233,-2.479
-0.249,-1.28
-0.341,-2.165
-0.42,-1.253
-0.505,-3.548
-0.623,-2.916
-0.657,-1.25
-0.605,-3.01
-0.727,-0.919
-0.793,0.118
-0.79,0.113
-0.848,-0.288
-0.843,-0.643
-0.921,0.407
-0.932,-0.664
-0.875,-2.395
-1.014,0.444
-0.951,0.117
-0.952,-3.134
-1.173,0.025
-1.2,-2.843
-1.171,-2.88
-1.27,-1.926
-1.266,-2.402
-1.214,-2.454
-1.304,-2.705
-1.245,-1.565
-1.299,-2.409
-1.309,-1.922
-1.33,-1.313
-1.451,-0.838
-1.527,0.202
-1.6,-0.541
-1.57,-1.957
-1.725,-0.607
-1.671,-0.009
-1.759,-2.623
-1.803,-1.204
-1.94,-2.299
-2.098,-1.574
-2.194,-3.379
-2.286,0.225
-2.507,-1.791
-2.504,-0.703
-2.442,-0.805
-2.492,-1.206
-2.572,-1.663
-2.641,-2.503
-2.634,-0.446
-2.652,-0.099
-2.798,-0.98
-2.869,-2.519
-2.96,-1.771
-3.033,-3.194
-3.068,-3.522
-3.074,-2.032
-3.078,-1.42
-3.116,-0.96
2.997,-3.163
2.912,-2.109
2.884,-2.284
2.783,-2.262
2.758,-2.205
2.788,-2.385
2.784,-2.423
2.767,-1.134
2.674,-0.928
2.644,-1.731
2.647,-1.886
2.599,0.226
2.513,-0.075
2.564,-1.298
2.5,-2.032
2.465,-1.936
2.395,-0.885
2.397,-1.533
2.373,-0.278
2.332,-0.921
2.265,-2.208
2.167,-2.627
2.195,-1.728
2.126,0.482
2.102,-2.602
2.122,0.435
2.115,0.369
2.04,0.142
2.08,-1.965
1.99,-2.698
2.038,0.232
1.89,-0.145
1.964,-0.626
1.882,-0.497
1.797,-0.575
1.795,-2.248
1.795,0.253
1.668,-0.348
1.715,-0.802
1.683,-2.012
1.605,-0.777
1.493,-2.155
1.479,-1.25
1.434,-1.841
1.487,-2.589
1.357,-1.522
1.361,-1.577
1.299,-1.415
1.227,-1.692
1.233,-0.876
1.173,-2.016
1.042,-1.713
0.985,-2.671
1.034,-1.488
0.93,-3.508
0.916,-2.376
0.837,-2.066
0.841,-2.544
0.804,-2.575
0.763,-2.059
0.554,-2.62
0.539,-0.6
0.459,-2.314
0.401,-1.222
0.374,-2.83
0.368,-3.009
-0.257,-3.739
-0.293,-3.903
-1.476,-3.974
-1.619,-3.799
-1.611,-3.98
-1.739,-3.512
-1.886,-3.865
-2.112,-3.939
-2.459,-3.906
-3.127,-3.649
3.0,-3.738
2.768,-3.939
1.879,-3.772
-0.002,0.761
-0.495,0.791
-0.83,0.539
-1.342,0.742
-1.423,0.58
-1.918,0.561
3.107,0.801
2.677,0.434
1.121,0.601
0.886,0.62
0.867,0.759
-0.674,-2.653
-1.653,0.415
2.049,-0.484
0.549,0.421
-2.808,0.729
2.131,0.609
0.31,-0.753
0.146,-2.801
0.097,-3.211
0.014,0.243
-0.18,0.219
-0.266,-0.089
-0.239,-2.048
-0.139,0.084
-0.256,-3.322
-0.176,-2.19
-0.47,-0.666
-0.566,-2.39
-0.708,-1.205
-0.601,-2.704
-0.676,-2.039
-0.794,-2.469
-0.756,-1.139
-0.92,-2.357
-1.072,-1.805
-1.077,-2.5
-1.289,-0.942
-1.395,-2.913
-1.395,-0.823
-1.307,-1.083
-1.432,-2.555
-1.445,-0.931
-1.485,-3.477
-1.351,-2.671
-1.537,-0.247
-1.394,-3.319
-1.555,-0.797
-1.481,-2.429
-1.582,-3.15
-1.753,-0.559
-1.675,-0.148
-1.694,-1.197
-1.819,0.248
-1.943,-2.326
-1.836,-0.784
-1.865,-0.392
-2.079,-0.36
-2.07,0.163
-2.081,-1.286
-2.027,-0.128
-2.03,-2.385
-2.067,-2.33
-2.226,-0.126
-2.116,-1.811
-2.334,-0.398
-2.377,-2.48
-2.417,-1.792
-2.625,-3.496
-2.676,-1.954
-2.659,-2.053
-2.775,-0.78
-2.903,-3.121
-2.939,-0.669
-3.045,-2.483
3.108,-0.805
3.081,-2.448
2.905,-0.859
2.817,-0.792
2.838,-1.191
2.718,0.357
2.71,0.015
2.79,-2.68
2.676,-3.512
2.523,0.368
2.512,-2.147
2.432,0.306
2.455,-2.251
2.449,-0.633
2.289,-3.188
2.413,-0.445
2.349,-0.009
2.143,-0.242
2.053,-1.722
1.875,0.103
1.892,-1.299
1.877,0.32
1.805,-1.066
1.66,-1.237
1.484,-0.061
1.453,-0.811
1.445,-3.455
1.415,0.452
1.484,-2.32
1.306,-1.386
1.291,-1.53
1.227,-1.123
1.235,-3.503
1.099,-2.222
0.933,-3.225
0.716,-1.749
0.683,-1.999
0.558,-1.065
0.656,-1.412
0.51,-0.684
0.618,-0.65
0.529,-2.194
0.462,-1.253
-0.676,-3.717
-0.859,-3.901
-1.552,-3.69
-2.062,-3.872
-2.398,-3.899
-2.747,-3.775
2.526,-3.851
2.121,-3.812
1.9,-3.802
1.788,-3.975
0.948,-3.957
1.091,-3.605
-0.272,0.745
-0.606,0.531
-0.911,0.704
-0.95,0.459
-1.336,0.588
-1.49,0.62
-1.516,0.785
-1.431,0.772
-1.654,0.75
-1.824,0.673
-1.867,0.779
-2.219,0.769
-2.674,0.652
2.647,0.663
2.743,0.505
2.395,0.555
0.836,0.64
-0.952,-0.904
-1.102,-1.71
-1.112,-0.048
2.346,-3.093
2.244,-1.741
2.246,-1.837
1.878,-0.508
1.335,-1.499
-0.288,-2.281
-1.448,-1.62
-2.9,-0.134
2.528,-0.121
1.909,-0.641
1.107,-1.651
1.112,-1.414
1.147,-1.295
0.917,-0.165
-1.171,-2.516
-2.888,-1.352
1.917,-1.339
1.115,-3.244
-0.512,-3.291
-1.293,-3.239
-1.223,-3.377
-0.1,0.768
-0.254,0.025
-0.212,0.609
-0.279,-1.166
-0.295,0.033
-0.387,-0.852
-0.466,0.06
-0.551,-2.235
-0.669,-1.603
-0.703,0.063
-0.651,-1.697
-0.773,0.394
-0.839,1.431
-0.836,1.426
-0.894,1.025
-0.889,0.67
-0.967,1.72
-0.978,0.649
-0.921,-1.082
-1.06,1.757
-0.997,1.43
-0.998,-1.821
-1.219,1.338
-1.246,-1.53
-1.217,-1.567
-1.316,-0.613
-1.312,-1.089
-1.26,-1.141
-1.35,-1.392
-1.291,-0.252
-1.345,-1.096
-1.355,-0.609
-1.376,0.0
-1.497,0.475
-1.573,1.515
-1.646,0.772
-1.616,-0.644
-1.771,0.706
-1.717,1.304
-1.805,-1.31
-1.849,0.109
-1.986,-0.986
-2.144,-0.261
-2.24,-2.066
-2.332,1.538
-2.553,-0.478
-2.55,0.61
-2.488,0.508
-2.538,0.107
-2.618,-0.35
-2.687,-1.19
-2.68,0.867
-2.698,1.214
-2.844,0.333
-2.915,-1.206
-3.006,-0.458
-3.079,-1.881
-3.114,-2.209
-3.12,-0.719
-3.124,-0.107
3.121,0.353
2.951,-1.85
2.866,-0.796
2.838,-0.971
2.737,-0.949
2.712,-0.892
2.742,-1.072
2.738,-1.11
2.721,0.179
2.628,0.385
2.598,-0.418
2.601,-0.573
2.553,1.539
2.467,1.238
2.518,0.015
2.454,-0.719
2.419,-0.623
2.349,0.428
2.351,-0.22
2.327,1.035
2.286,0.392
2.219,-0.895
2.121,-1.314
2.149,-0.415
2.08,1.795
2.056,-1.289
2.076,1.748
2.069,1.682
1.994,1.455
2.034,-0.652
1.944,-1.385
1.992,1.545
1.844,1.168
1.918,0.687
1.836,0.816
1.751,0.738
1.749,-0.935
1.749,1.566
1.622,0.965
1.669,0.511
1.637,-0.699
1.559,0.536
1.447,-0.842
1.433,0.063
1.388,-0.528
1.441,-1.276
1.311,-0.209
1.315,-0.264
1.253,-0.102
1.181,-0.379
1.187,0.437
1.127,-0.703
0.996,-0.4
0.939,-1.358
0.988,-0.175
0.884,-2.195
0.87,-1.063
0.791,-0.753
0.795,-1.231
0.758,-1.262
0.717,-0.746
0.508,-1.307
0.493,0.713
0.413,-1.001
0.355,0.091
0.328,-1.517
0.322,-1.696
-0.303,-2.426
-0.339,-2.59
-1.522,-2.661
-1.665,-2.486
-1.657,-2.667
-1.785,-2.199
-1.932,-2.552
-2.158,-2.626
-2.505,-2.593
3.11,-2.336
2.954,-2.425
2.722,-2.626
1.833,-2.459
-0.048,2.074
-0.541,2.104
-0.876,1.852
-1.388,2.055
-1.469,1.893
-1.964,1.874
3.061,2.114
2.631,1.747
1.075,1.914
0.84,1.933
0.821,2.072
-0.72,-1.34
-1.699,1.728
2.003,0.829
0.503,1.734
-2.854,2.042
2.085,1.922
0.264,0.56
0.1,-1.488
0.051,-1.898
-0.032,1.556
-0.226,1.532
-0.312,1.224
-0.285,-0.735
-0.185,1.397
-0.302,-2.009
-0.222,-0.877
-0.516,0.647
-0.612,-1.077
-0.754,0.108
-0.647,-1.391
-0.722,-0.726
-0.84,-1.156
-0.802,0.174
-0.966,-1.044
-1.118,-0.492
-1.123,-1.187
-1.335,0.371
-1.441,-1.6
-1.441,0.49
-1.353,0.23
-1.478,-1.242
-1.491,0.382
-1.531,-2.164
-1.397,-1.358
-1.583,1.066
-1.44,-2.006
-1.601,0.516
-1.527,-1.116
-1.628,-1.837
-1.799,0.754
-1.721,1.165
-1.74,0.116
-1.865,1.561
-1.989,-1.013
-1.882,0.529
-1.911,0.921
-2.125,0.953
-2.116,1.476
-2.127,0.027
-2.073,1.185
-2.076,-1.072
-2.113,-1.017
-2.272,1.187
-2.162,-0.498
-2.38,0.915
-2.423,-1.167
-2.463,-0.479
-2.671,-2.183
-2.722,-0.641
-2.705,-0.74
-2.821,0.533
-2.949,-1.808
-2.985,0.644
-3.091,-1.17
3.062,0.508
3.035,-1.135
2.859,0.454
2.771,0.521
2.792,0.122
2.672,1.67
2.664,1.328
2.744,-1.367
2.63,-2.199
2.477,1.681
2.466,-0.834
2.386,1.619
2.409,-0.938
2.403,0.68
2.243,-1.875
2.367,0.868
2.303,1.304
2.097,1.071
2.007,-0.409
1.829,1.416
1.846,0.014
1.831,1.633
1.759,0.247
1.614,0.076
1.438,1.252
1.407,0.502
1.399,-2.142
1.369,1.765
1.438,-1.007
1.26,-0.073
1.245,-0.217
1.181,0.19
1.189,-2.19
1.053,-0.909
0.887,-1.912
0.67,-0.436
0.637,-0.686
0.512,0.248
0.61,-0.099
0.464,0.629
0.572,0.663
0.483,-0.881
0.416,0.06
-0.722,-2.404
-0.905,-2.588
-1.598,-2.377
-2.108,-2.559
-2.444,-2.586
-2.793,-2.462
2.48,-2.538
2.075,-2.499
1.854,-2.489
1.742,-2.662
0.902,-2.644
1.045,-2.292
-0.318,2.058
-0.652,1.844
-0.957,2.017
-0.996,1.772
-1.382,1.901
-1.536,1.933
-1.562,2.098
-1.477,2.085
-1.7,2.063
-1.87,1.986
-1.913,2.092
-2.265,2.082
-2.72,1.965
2.601,1.976
2.697,1.818
2.349,1.868
0.79,1.953
-0.998,0.409
-1.148,-0.397
-1.158,1.265
2.3,-1.78
2.198,-0.428
2.2,-0.524
1.832,0.805
1.289,-0.186
-0.334,-0.968
-1.494,-0.307
-2.946,1.179
2.482,1.192
1.863,0.672
1.061,-0.338
1.066,-0.101
1.101,0.018
0.871,1.148
-1.217,-1.203
-2.934,-0.039
1.871,-0.026
1.069,-1.931
-0.558,-1.978
-1.339,-1.926
-1.269,-2.064
-0.146,2.081
0.042,0.584
-0.025,-1.191
-0.041,0.008
-0.133,-0.877
-0.212,0.035
-0.297,-2.26
-0.415,-1.628
-0.449,0.038
-0.397,-1.722
-0.519,0.369
-0.585,1.406
-0.582,1.401
-0.64,1.0
-0.635,0.645
-0.713,1.695
-0.724,0.624
-0.667,-1.107
-0.806,1.732
-0.743,1.405
-0.744,-1.846
-0.965,1.313
-0.992,-1.555
-0.963,-1.592
-1.062,-0.638
-1.058,-1.114
-1.006,-1.166
-1.096,-1.417
-1.037,-0.277
-1.091,-1.121
-1.101,-0.634
-1.122,-0.025
-1.243,0.45
-1.319,1.49
-1.392,0.747
-1.362,-0.669
-1.517,0.681
-1.463,1.279
-1.551,-1.335
-1.595,0.084
-1.732,-1.011
-1.89,-0.286
-1.986,-2.091
-2.078,1.513
-2.299,-0.503
-2.296,0.585
-2.234,0.483
-2.284,0.082
-2.364,-0.375
-2.433,-1.215
-2.426,0.842
-2.444,1.189
-2.59,0.308
-2.661,-1.231
-2.752,-0.483
-2.825,-1.906
-2.86,-2.234
-2.866,-0.744
-2.87,-0.132
-2.908,0.328
-3.078,-1.875
3.12,-0.821
3.092,-0.996
2.991,-0.974
2.966,-0.917
2.996,-1.097
2.992,-1.135
2.975,0.154
2.882,0.36
2.852,-0.443
2.855,-0.598
2.807,1.514
2.721,1.213
2.772,-0.01
2.708,-0.744
2.673,-0.648
2.603,0.403
2.605,-0.245
2.581,1.01
2.54,0.367
2.473,-0.92
2.375,-1.339
2.403,-0.44
2.334,1.77
2.31,-1.314
2.33,1.723
2.323,1.657
2.248,1.43
2.288,-0.677
2.198,-1.41
2.246,1.52
2.098,1.143
2.172,0.662
2.09,0.791
2.005,0.713
2.003,-0.96
2.003,1.541
1.876,0.94
1.923,0.486
1.891,-0.724
1.813,0.511
1.701,-0.867
1.687,0.038
1.642,-0.553
1.695,-1.301
1.565,-0.234
1.569,-0.289
1.507,-0.127
1.435,-0.404
1.441,0.412
1.381,-0.728
1.25,-0.425
1.193,-1.383
1.242,-0.2
1.138,-2.22
1.124,-1.088
1.045,-0.778
1.049,-1.256
1.012,-1.287
0.971,-0.771
0.762,-1.332
0.747,0.688
0.667,-1.026
0.609,0.066
0.582,-1.542
0.576,-1.721
-0.049,-2.451
-0.085,-2.615
-1.268,-2.686
-1.411,-2.511
-1.403,-2.692
-1.531,-2.224
-1.678,-2.577
-1.904,-2.651
-2.251,-2.618
-2.919,-2.361
-3.075,-2.45
2.976,-2.651
2.087,-2.484
0.206,2.049
-0.287,2.079
-0.622,1.827
-1.134,2.03
-1.215,1.868
-1.71,1.849
-2.968,2.089
2.885,1.722
1.329,1.889
1.094,1.908
1.075,2.047
-0.466,-1.365
-1.445,1.703
2.257,0.804
0.757,1.709
-2.6,2.017
2.339,1.897
0.518,0.535
0.354,-1.513
0.305,-1.923
0.222,1.531
0.028,1.507
-0.058,1.199
-0.031,-0.76
0.069,1.372
-0.048,-2.034
0.032,-0.902
-0.262,0.622
-0.358,-1.102
-0.5,0.083
-0.393,-1.416
-0.468,-0.751
-0.586,-1.181
-0.548,0.149
-0.712,-1.069
-0.864,-0.517
-0.869,-1.212
-1.081,0.346
-1.187,-1.625
-1.187,0.465
-1.099,0.205
-1.224,-1.267
-1.237,0.357
-1.277,-2.189
-1.143,-1.383
-1.329,1.041
-1.186,-2.031
-1.347,0.491
-1.273,-1.141
-1.374,-1.862
-1.545,0.729
-1.467,1.14
-1.486,0.091
-1.611,1.536
-1.735,-1.038
-1.628,0.504
-1.657,0.896
-1.871,0.928
-1.862,1.451
-1.873,0.002
-1.819,1.16
-1.822,-1.097
-1.859,-1.042
-2.018,1.162
-1.908,-0.523
-2.126,0.89
-2.169,-1.192
-2.209,-0.504
-2.417,-2.208
-2.468,-0.666
-2.451,-0.765
-2.567,0.508
-2.695,-1.833
-2.731,0.619
-2.837,-1.195
-2.967,0.483
-2.994,-1.16
3.113,0.429
3.025,0.496
3.046,0.097
2.926,1.645
2.918,1.303
2.998,-1.392
2.884,-2.224
2.731,1.656
2.72,-0.859
2.64,1.594
2.663,-0.963
2.657,0.655
2.497,-1.9
2.621,0.843
2.557,1.279
2.351,1.046
2.261,-0.434
2.083,1.391
2.1,-0.011
2.085,1.608
2.013,0.222
1.868,0.051
1.692,1.227
1.661,0.477
1.653,-2.167
1.623,1.74
1.692,-1.032
1.514,-0.098
1.499,-0.242
1.435,0.165
1.443,-2.215
1.307,-0.934
1.141,-1.937
0.924,-0.461
0.891,-0.711
0.766,0.223
0.864,-0.124
0.718,0.604
0.826,0.638
0.737,-0.906
0.67,0.035
-0.468,-2.429
-0.651,-2.613
-1.344,-2.402
-1.854,-2.584
-2.19,-2.611
-2.539,-2.487
2.734,-2.563
2.329,-2.524
2.108,-2.514
1.996,-2.687
1.156,-2.669
1.299,-2.317
-0.064,2.033
-0.398,1.819
-0.703,1.992
-0.742,1.747
-1.128,1.876
-1.282,1.908
-1.308,2.073
-1.223,2.06
-1.446,2.038
-1.616,1.961
-1.659,2.067
-2.011,2.057
-2.466,1.94
2.855,1.951
2.951,1.793
2.603,1.843
1.044,1.928
-0.744,0.384
-0.894,-0.422
-0.904,1.24
2.554,-1.805
2.452,-0.453
2.454,-0.549
2.086,0.78
1.543,-0.211
-0.08,-0.993
-1.24,-0.332
-2.692,1.154
2.736,1.167
2.117,0.647
1.315,-0.363
1.32,-0.126
1.355,-0.007
1.125,1.123
-0.963,-1.228
-2.68,-0.064
2.125,-0.051
1.323,-1.956
-0.304,-2.003
-1.085,-1.951
-1.015,-2.089
0.108,2.056
-0.067,-1.775
-0.083,-0.576
-0.175,-1.461
-0.254,-0.549
-0.339,-2.844
-0.457,-2.212
-0.491,-0.546
-0.439,-2.306
-0.561,-0.215
-0.627,0.822
-0.624,0.817
-0.682,0.416
-0.677,0.061
-0.755,1.111
-0.766,0.04
-0.709,-1.691
-0.848,1.148
-0.785,0.821
-0.786,-2.43
-1.007,0.729
-1.034,-2.139
-1.005,-2.176
-1.104,-1.222
-1.1,-1.698
-1.048,-1.75
-1.138,-2.001
-1.079,-0.861
-1.133,-1.705
-1.143,-1.218
-1.164,-0.609
-1.285,-0.134
-1.361,0.906
-1.434,0.163
-1.404,-1.253
-1.559,0.097
-1.505,0.695
-1.593,-1.919
-1.637,-0.5
-1.774,-1.595
-1.932,-0.87
-2.028,-2.675
-2.12,0.929
-2.341,-1.087
-2.338,0.001
-2.276,-0.101
-2.326,-0.502
-2.406,-0.959
-2.475,-1.799
-2.468,0.258
-2.486,0.605
-2.632,-0.276
-2.703,-1.815
-2.794,-1.067
-2.867,-2.49
-2.902,-2.818
-2.908,-1.328
-2.912,-0.716
-2.95,-0.256
-3.12,-2.459
3.078,-1.405
3.05,-1.58
2.949,-1.558
2.924,-1.501
2.954,-1.681
2.95,-1.719
2.933,-0.43
2.84,-0.224
2.81,-1.027
2.813,-1.182
2.765,0.93
2.679,0.629
2.73,-0.594
2.666,-1.328
2.631,-1.232
2.561,-0.181
2.563,-0.829
2.539,0.426
2.498,-0.217
2.431,-1.504
2.333,-1.923
2.361,-1.024
2.292,1.186
2.268,-1.898
2.288,1.139
2.281,1.073
2.206,0.846
2.246,-1.261
2.156,-1.994
2.204,0.936
2.056,0.559
2.13,0.078
2.048,0.207
1.963,0.129
1.961,-1.544
1.961,0.957
1.834,0.356
1.881,-0.098
1.849,-1.308
1.771,-0.073
1.659,-1.451
1.645,-0.546
1.6,-1.137
1.653,-1.885
1.523,-0.818
1.527,-0.873
1.465,-0.711
1.393,-0.988
1.399,-0.172
1.339,-1.312
1.208,-1.009
1.151,-1.967
1.2,-0.784
1.096,-2.804
1.082,-1.672
1.003,-1.362
1.007,-1.84
0.97,-1.871
0.929,-1.355
0.72,-1.916
0.705,0.104
0.625,-1.61
0.567,-0.518
0.54,-2.126
0.534,-2.305
-0.091,-3.035
-0.127,-3.199
-1.31,-3.27
-1.453,-3.095
-1.445,-3.276
-1.573,-2.808
-1.72,-3.161
-1.946,-3.235
-2.293,-3.202
-2.961,-2.945
-3.117,-3.034
2.934,-3.235
2.045,-3.068
0.164,1.465
-0.329,1.495
-0.664,1.243
-1.176,1.446
-1.257,1.284
-1.752,1.265
-3.01,1.505
2.843,1.138
1.287,1.305
1.052,1.324
1.033,1.463
-0.508,-1.949
-1.487,1.119
2.215,0.22
0.715,1.125
-2.642,1.433
2.297,1.313
0.476,-0.049
0.312,-2.097
0.263,-2.507
0.18,0.947
-0.014,0.923
-0.1,0.615
-0.073,-1.344
0.027,0.788
-0.09,-2.618
-0.01,-1.486
-0.304,0.038
-0.4,-1.686
-0.542,-0.501
-0.435,-2.0
-0.51,-1.335
-0.628,-1.765
-0.59,-0.435
-0.754,-1.653
-0.906,-1.101
-0.911,-1.796
-1.123,-0.238
-1.229,-2.209
-1.229,-0.119
-1.141,-0.379
-1.266,-1.851
-1.279,-0.227
-1.319,-2.773
-1.185,-1.967
-1.371,0.457
-1.228,-2.615
-1.389,-0.093
-1.315,-1.725
-1.416,-2.446
-1.587,0.145
-1.509,0.556
-1.528,-0.493
-1.653,0.952
-1.777,-1.622
-1.67,-0.08
-1.699,0.312
-1.913,0.344
-1.904,0.867
-1.915,-0.582
-1.861,0.576
-1.864,-1.681
-1.901,-1.626
-2.06,0.578
-1.95,-1.107
-2.168,0.306
-2.211,-1.776
-2.251,-1.088
-2.459,-2.792
-2.51,-1.25
-2.493,-1.349
-2.609,-0.076
-2.737,-2.417
-2.773,0.035
-2.879,-1.779
-3.009,-0.101
-3.036,-1.744
3.071,-0.155
2.983,-0.088
3.004,-0.487
2.884,1.061
2.876,0.719
2.956,-1.976
2.842,-2.808
2.689,1.072
2.678,-1.443
2.598,1.01
2.621,-1.547
2.615,0.071
2.455,-2.484
2.579,0.259
2.515,0.695
2.309,0.462
2.219,-1.018
2.041,0.807
2.058,-0.595
2.043,1.024
1.971,-0.362
1.826,-0.533
1.65,0.643
1.619,-0.107
1.611,-2.751
1.581,1.156
1.65,-1.616
1.472,-0.682
1.457,-0.826
1.393,-0.419
1.401,-2.799
1.265,-1.518
1.099,-2.521
0.882,-1.045
0.849,-1.295
0.724,-0.361
0.822,-0.708
0.676,0.02
0.784,0.054
0.695,-1.49
0.628,-0.549
-0.51,-3.013
-0.693,-3.197
-1.386,-2.986
-1.896,-3.168
-2.232,-3.195
-2.581,-3.071
2.692,-3.147
2.287,-3.108
2.066,-3.098
1.954,-3.271
1.114,-3.253
1.257,-2.901
-0.106,1.449
-0.44,1.235
-0.745,1.408
-0.784,1.163
-1.17,1.292
-1.324,1.324
-1.35,1.489
-1.265,1.476
-1.488,1.454
-1.658,1.377
-1.701,1.483
-2.053,1.473
-2.508,1.356
2.813,1.367
2.909,1.209
2.561,1.259
1.002,1.344
-0.786,-0.2
-0.936,-1.006
-0.946,0.656
2.512,-2.389
2.41,-1.037
2.412,-1.133
2.044,0.196
1.501,-0.795
-0.122,-1.577
-1.282,-0.916
-2.734,0.57
2.694,0.583
2.075,0.063
1.273,-0.947
1.278,-0.71
1.313,-0.591
1.083,0.539
-1.005,-1.812
-2.722,-0.648
2.083,-0.635
1.281,-2.54
-0.346,-2.587
-1.127,-2.535
-1.057,-2.673
0.066,1.472
-0.016,1.199
-0.108,0.314
-0.187,1.226
-0.272,-1.069
-0.39,-0.437
-0.424,1.229
-0.372,-0.531
-0.494,1.56
-0.56,2.597
-0.557,2.592
-0.615,2.191
-0.61,1.836
-0.688,2.886
-0.699,1.815
-0.642,0.084
-0.781,2.923
-0.718,2.596
-0.719,-0.655
-0.94,2.504
-0.967,-0.364
-0.938,-0.401
-1.037,0.553
-1.033,0.077
-0.981,0.025
-1.071,-0.226
-1.012,0.914
-1.066,0.07
-1.076,0.557
-1.097,1.166
-1.218,1.641
-1.294,2.681
-1.367,1.938
-1.337,0.522
-1.492,1.872
-1.438,2.47
-1.526,-0.144
-1.57,1.275
-1.707,0.18
-1.865,0.905
-1.961,-0.9
-2.053,2.704
-2.274,0.688
-2.271,1.776
-2.209,1.674
-2.259,1.273
-2.339,0.816
-2.408,-0.024
-2.401,2.033
-2.419,2.38
-2.565,1.499
-2.636,-0.04
-2.727,0.708
-2.8,-0.715
-2.835,-1.043
-2.841,0.447
-2.845,1.059
-2.883,1.519
-3.053,-0.684
-3.138,0.37
3.117,0.195
3.016,0.217
2.991,0.274
3.021,0.094
3.017,0.056
3.0,1.345
2.907,1.551
2.877,0.748
2.88,0.593
2.832,2.705
2.746,2.404
2.797,1.181
2.733,0.447
2.698,0.543
2.628,1.594
2.63,0.946
2.606,2.201
2.565,1.558
2.498,0.271
2.4,-0.148
2.428,0.751
2.359,2.961
2.335,-0.123
2.355,2.914
2.348,2.848
2.273,2.621
2.313,0.514
2.223,-0.219
2.271,2.711
2.123,2.334
2.197,1.853
2.115,1.982
2.03,1.904
2.028,0.231
2.028,2.732
1.901,2.131
1.948,1.677
1.916,0.467
1.838,1.702
1.726,0.324
1.712,1.229
1.667,0.638
1.72,-0.11
1.59,0.957
1.594,0.902
1.532,1.064
1.46,0.787
1.466,1.603
1.406,0.463
1.275,0.766
1.218,-0.192
1.267,0.991
1.163,-1.029
1.149,0.103
1.07,0.413
1.074,-0.065
1.037,-0.096
0.996,0.42
0.787,-0.141
0.772,1.879
0.692,0.165
0.634,1.257
0.607,-0.351
0.601,-0.53
-0.024,-1.26
-0.06,-1.424
-1.243,-1.495
-1.386,-1.32
-1.378,-1.501
-1.506,-1.033
-1.653,-1.386
-1.879,-1.46
-2.226,-1.427
-2.894,-1.17
-3.05,-1.259
3.001,-1.46
2.112,-1.293
0.231,3.24
-0.262,3.27
-0.597,3.018
-1.109,3.221
-1.19,3.059
-1.685,3.04
-2.943,3.28
2.91,2.913
1.354,3.08
1.119,3.099
1.1,3.238
-0.441,-0.174
-1.42,2.894
2.282,1.995
0.782,2.9
-2.575,3.208
2.364,3.088
0.543,1.726
0.379,-0.322
0.33,-0.732
0.247,2.722
0.053,2.698
-0.033,2.39
-0.006,0.431
0.094,2.563
-0.023,-0.843
0.057,0.289
-0.237,1.813
-0.333,0.089
-0.475,1.274
-0.368,-0.225
-0.443,0.44
-0.561,0.01
-0.523,1.34
-0.687,0.122
-0.839,0.674
-0.844,-0.021
-1.056,1.537
-1.162,-0.434
-1.162,1.656
-1.074,1.396
-1.199,-0.076
-1.212,1.548
-1.252,-0.998
-1.118,-0.192
-1.304,2.232
-1.161,-0.84
-1.322,1.682
-1.248,0.05
-1.349,-0.671
-1.52,1.92
-1.442,2.331
-1.461,1.282
-1.586,2.727
-1.71,0.153
-1.603,1.695
-1.632,2.087
-1.846,2.119
-1.837,2.642
-1.848,1.193
-1.794,2.351
-1.797,0.094
-1.834,0.149
-1.993,2.353
-1.883,0.668
-2.101,2.081
-2.144,-0.001
-2.184,0.687
-2.392,-1.017
-2.443,0.525
-2.426,0.426
-2.542,1.699
-2.67,-0.642
-2.706,1.81
-2.812,-0.004
-2.942,1.674
-2.969,0.031
3.138,1.62
3.05,1.687
3.071,1.288
2.951,2.836
2.943,2.494
3.023,-0.201
2.909,-1.033
2.756,2.847
2.745,0.332
2.665,2.785
2.688,0.228
2.682,1.846
2.522,-0.709
2.646,2.034
2.582,2.47
2.376,2.237
2.286,0.757
2.108,2.582
2.125,1.18
2.11,2.799
2.038,1.413
1.893,1.242
1.717,2.418
1.686,1.668
1.678,-0.976
1.648,2.931
1.717,0.159
1.539,1.093
1.524,0.949
1.46,1.356
1.468,-1.024
1.332,0.257
1.166,-0.746
0.949,0.73
0.916,0.48
0.791,1.414
0.889,1.067
0.743,1.795
0.851,1.829
0.762,0.285
0.695,1.226
-0.443,-1.238
-0.626,-1.422
-1.319,-1.211
-1.829,-1.393
-2.165,-1.42
-2.514,-1.296
2.759,-1.372
2.354,-1.333
2.133,-1.323
2.021,-1.496
1.181,-1.478
1.324,-1.126
-0.039,3.224
-0.373,3.01
-0.678,3.183
-0.717,2.938
-1.103,3.067
-1.257,3.099
-1.283,3.264
-1.198,3.251
-1.421,3.229
-1.591,3.152
-1.634,3.258
-1.986,3.248
-2.441,3.131
2.88,3.142
2.976,2.984
2.628,3.034
1.069,3.119
-0.719,1.575
-0.869,0.769
-0.879,2.431
2.579,-0.614
2.477,0.738
2.479,0.642
2.111,1.971
1.568,0.98
-0.055,0.198
-1.215,0.859
-2.667,2.345
2.761,2.358
2.142,1.838
1.34,0.828
1.345,1.065
1.38,1.184
1.15,2.314
-0.938,-0.037
-2.655,1.127
2.15,1.14
1.348,-0.765
-0.279,-0.812
-1.06,-0.76
-0.99,-0.898
0.133,3.247
-0.092,-0.885
-0.171,0.027
-0.256,-2.268
-0.374,-1.636
-0.408,0.03
-0.356,-1.73
-0.478,0.361
-0.544,1.398
-0.541,1.393
-0.599,0.992
-0.594,0.637
-0.672,1.687
-0.683,0.616
-0.626,-1.115
-0.765,1.724
-0.702,1.397
-0.703,-1.854
-0.924,1.305
-0.951,-1.563
-0.922,-1.6
-1.021,-0.646
-1.017,-1.122
-0.965,-1.174
-1.055,-1.425
-0.996,-0.285
-1.05,-1.129
-1.06,-0.642
-1.081,-0.033
-1.202,0.442
-1.278,1.482
-1.351,0.739
-1.321,-0.677
-1.476,0.673
-1.422,1.271
-1.51,-1.343
-1.554,0.076
-1.691,-1.019
-1.849,-0.294
-1.945,-2.099
-2.037,1.505
-2.258,-0.511
-2.255,0.577
-2.193,0.475
-2.243,0.074
-2.323,-0.383
-2.392,-1.223
-2.385,0.834
-2.403,1.181
-2.549,0.3
-2.62,-1.239
-2.711,-0.491
-2.784,-1.914
-2.819,-2.242
-2.825,-0.752
-2.829,-0.14
-2.867,0.32
-3.037,-1.883
-3.122,-0.829
3.133,-1.004
3.032,-0.982
3.007,-0.925
3.037,-1.105
3.033,-1.143
3.016,0.146
2.923,0.352
2.893,-0.451
2.896,-0.606
2.848,1.506
2.762,1.205
2.813,-0.018
2.749,-0.752
2.714,-0.656
2.644,0.395
2.646,-0.253
2.622,1.002
2.581,0.359
2.514,-0.928
2.416,-1.347
2.444,-0.448
2.375,1.762
2.351,-1.322
2.371,1.715
2.364,1.649
2.289,1.422
2.329,-0.685
2.239,-1.418
2.287,1.512
2.139,1.135
2.213,0.654
2.131,0.783
2.046,0.705
2.044,-0.968
2.044,1.533
1.917,0.932
1.964,0.478
1.932,-0.732
1.854,0.503
1.742,-0.875
1.728,0.03
1.683,-0.561
1.736,-1.309
1.606,-0.242
1.61,-0.297
1.548,-0.135
1.476,-0.412
1.482,0.404
1.422,-0.736
1.291,-0.433
1.234,-1.391
1.283,-0.208
1.179,-2.228
1.165,-1.096
1.086,-0.786
1.09,-1.264
1.053,-1.295
1.012,-0.779
0.803,-1.34
0.788,0.68
0.708,-1.034
0.65,0.058
0.623,-1.55
0.617,-1.729
-0.008,-2.459
-0.044,-2.623
-1.227,-2.694
-1.37,-2.519
-1.362,-2.7
-1.49,-2.232
-1.637,-2.585
-1.863,-2.659
-2.21,-2.626
-2.878,-2.369
-3.034,-2.458
3.017,-2.659
2.128,-2.492
0.247,2.041
-0.246,2.071
-0.581,1.819
-1.093,2.022
-1.174,1.86
-1.669,1.841
-2.927,2.081
2.926,1.714
1.37,1.881
1.135,1.9
1.116,2.039
-0.425,-1.373
-1.404,1.695
2.298,0.796
0.798,1.701
-2.559,2.009
2.38,1.889
0.559,0.527
0.395,-1.521
0.346,-1.931
0.263,1.523
0.069,1.499
-0.017,1.191
0.01,-0.768
0.11,1.364
-0.007,-2.042
0.073,-0.91
-0.221,0.614
-0.317,-1.11
-0.459,0.075
-0.352,-1.424
-0.427,-0.759
-0.545,-1.189
-0.507,0.141
-0.671,-1.077
-0.823,-0.525
-0.828,-1.22
-1.04,0.338
-1.146,-1.633
-1.146,0.457
-1.058,0.197
-1.183,-1.275
-1.196,0.349
-1.236,-2.197
-1.102,-1.391
-1.288,1.033
-1.145,-2.039
-1.306,0.483
-1.232,-1.149
-1.333,-1.87
-1.504,0.721
-1.426,1.132
-1.445,0.083
-1.57,1.528
-1.694,-1.046
-1.587,0.496
-1.616,0.888
-1.83,0.92
-1.821,1.443
-1.832,-0.006
-1.778,1.152
-1.781,-1.105
-1.818,-1.05
-1.977,1.154
-1.867,-0.531
-2.085,0.882
-2.128,-1.2
-2.168,-0.512
-2.376,-2.216
-2.427,-0.674
-2.41,-0.773
-2.526,0.5
-2.654,-1.841
-2.69,0.611
-2.796,-1.203
-2.926,0.475
-2.953,-1.168
-3.129,0.421
3.066,0.488
3.087,0.089
2.967,1.637
2.959,1.295
3.039,-1.4
2.925,-2.232
2.772,1.648
2.761,-0.867
2.681,1.586
2.704,-0.971
2.698,0.647
2.538,-1.908
2.662,0.835
2.598,1.271
2.392,1.038
2.302,-0.442
2.124,1.383
2.141,-0.019
2.126,1.6
2.054,0.214
1.909,0.043
1.733,1.219
1.702,0.469
1.694,-2.175
1.664,1.732
1.733,-1.04
1.555,-0.106
1.54,-0.25
1.476,0.157
1.484,-2.223
1.348,-0.942
1.182,-1.945
0.965,-0.469
0.932,-0.719
0.807,0.215
0.905,-0.132
0.759,0.596
0.867,0.63
0.778,-0.914
0.711,0.027
-0.427,-2.437
-0.61,-2.621
-1.303,-2.41
-1.813,-2.592
-2.149,-2.619
-2.498,-2.495
2.775,-2.571
2.37,-2.532
2.149,-2.522
2.037,-2.695
1.197,-2.677
1.34,-2.325
-0.023,2.025
-0.357,1.811
-0.662,1.984
-0.701,1.739
-1.087,1.868
-1.241,1.9
-1.267,2.065
-1.182,2.052
-1.405,2.03
-1.575,1.953
-1.618,2.059
-1.97,2.049
-2.425,1.932
2.896,1.943
2.992,1.785
2.644,1.835
1.085,1.92
-0.703,0.376
-0.853,-0.43
-0.863,1.232
2.595,-1.813
2.493,-0.461
2.495,-0.557
2.127,0.772
1.584,-0.219
-0.039,-1.001
-1.199,-0.34
-2.651,1.146
2.777,1.159
2.158,0.639
1.356,-0.371
1.361,-0.134
1.396,-0.015
1.166,1.115
-0.922,-1.236
-2.639,-0.072
2.166,-0.059
1.364,-1.964
-0.263,-2.011
-1.044,-1.959
-0.974,-2.097
0.149,2.048
-0.079,0.912
-0.164,-1.383
-0.282,-0.751
-0.316,0.915
-0.264,-0.845
-0.386,1.246
-0.452,2.283
-0.449,2.278
-0.507,1.877
-0.502,1.522
-0.58,2.572
-0.591,1.501
-0.534,-0.23
-0.673,2.609
-0.61,2.282
-0.611,-0.969
-0.832,2.19
-0.859,-0.678
-0.83,-0.715
-0.929,0.239
-0.925,-0.237
-0.873,-0.289
-0.963,-0.54
-0.904,0.6
-0.958,-0.244
-0.968,0.243
-0.989,0.852
-1.11,1.327
-1.186,2.367
-1.259,1.624
-1.229,0.208
-1.384,1.558
-1.33,2.156
-1.418,-0.458
-1.462,0.961
-1.599,-0.134
-1.757,0.591
-1.853,-1.214
-1.945,2.39
-2.166,0.374
-2.163,1.462
-2.101,1.36
-2.151,0.959
-2.231,0.502
-2.3,-0.338
-2.293,1.719
-2.311,2.066
-2.457,1.185
-2.528,-0.354
-2.619,0.394
-2.692,-1.029
-2.727,-1.357
-2.733,0.133
-2.737,0.745
-2.775,1.205
-2.945,-0.998
-3.03,0.056
-3.058,-0.119
3.124,-0.097
3.099,-0.04
3.129,-0.22
3.125,-0.258
3.108,1.031
3.015,1.237
2.985,0.434
2.988,0.279
2.94,2.391
2.854,2.09
2.905,0.867
2.841,0.133
2.806,0.229
2.736,1.28
2.738,0.632
2.714,1.887
2.673,1.244
2.606,-0.043
2.508,-0.462
2.536,0.437
2.467,2.647
2.443,-0.437
2.463,2.6
2.456,2.534
2.381,2.307
2.421,0.2
2.331,-0.533
2.379,2.397
2.231,2.02
2.305,1.539
2.223,1.668
2.138,1.59
2.136,-0.083
2.136,2.418
2.009,1.817
2.056,1.363
2.024,0.153
1.946,1.388
1.834,0.01
1.82,0.915
1.775,0.324
1.828,-0.424
1.698,0.643
1.702,0.588
1.64,0.75
1.568,0.473
1.574,1.289
1.514,0.149
1.383,0.452
1.326,-0.506
1.375,0.677
1.271,-1.343
1.257,-0.211
1.178,0.099
1.182,-0.379
1.145,-0.41
1.104,0.106
0.895,-0.455
0.88,1.565
0.8,-0.149
0.742,0.943
0.715,-0.665
0.709,-0.844
0.084,-1.574
0.048,-1.738
-1.135,-1.809
-1.278,-1.634
-1.27,-1.815
-1.398,-1.347
-1.545,-1.7
-1.771,-1.774
-2.118,-1.741
-2.786,-1.484
-2.942,-1.573
3.109,-1.774
2.22,-1.607
0.339,2.926
-0.154,2.956
-0.489,2.704
-1.001,2.907
-1.082,2.745
-1.577,2.726
-2.835,2.966
3.018,2.599
1.462,2.766
1.227,2.785
1.208,2.924
-0.333,-0.488
-1.312,2.58
2.39,1.681
0.89,2.586
-2.467,2.894
2.472,2.774
0.651,1.412
0.487,-0.636
0.438,-1.046
0.355,2.408
0.161,2.384
0.075,2.076
0.102,0.117
0.202,2.249
0.085,-1.157
0.165,-0.025
-0.129,1.499
-0.225,-0.225
-0.367,0.96
-0.26,-0.539
-0.335,0.126
-0.453,-0.304
-0.415,1.026
-0.579,-0.192
-0.731,0.36
-0.736,-0.335
-0.948,1.223
-1.054,-0.748
-1.054,1.342
-0.966,1.082
-1.091,-0.39
-1.104,1.234
-1.144,-1.312
-1.01,-0.506
-1.196,1.918
-1.053,-1.154
-1.214,1.368
-1.14,-0.264
-1.241,-0.985
-1.412,1.606
-1.334,2.017
-1.353,0.968
-1.478,2.413
-1.602,-0.161
-1.495,1.381
-1.524,1.773
-1.738,1.805
-1.729,2.328
-1.74,0.879
-1.686,2.037
-1.689,-0.22
-1.726,-0.165
-1.885,2.039
-1.775,0.354
-1.993,1.767
-2.036,-0.315
-2.076,0.373
-2.284,-1.331
-2.335,0.211
-2.318,0.112
-2.434,1.385
-2.562,-0.956
-2.598,1.496
-2.704,-0.318
-2.834,1.36
-2.861,-0.283
-3.037,1.306
-3.125,1.373
-3.104,0.974
3.059,2.522
3.051,2.18
3.131,-0.515
3.017,-1.347
2.864,2.533
2.853,0.018
2.773,2.471
2.796,-0.086
2.79,1.532
2.63,-1.023
2.754,1.72
2.69,2.156
2.484,1.923
2.394,0.443
2.216,2.268
2.233,0.866
2.218,2.485
2.146,1.099
2.001,0.928
1.825,2.104
1.794,1.354
1.786,-1.29
1.756,2.617
1.825,-0.155
1.647,0.779
1.632,0.635
1.568,1.042
1.576,-1.338
1.44,-0.057
1.274,-1.06
1.057,0.416
1.024,0.166
0.899,1.1
0.997,0.753
0.851,1.481
0.959,1.515
0.87,-0.029
0.803,0.912
-0.335,-1.552
-0.518,-1.736
-1.211,-1.525
-1.721,-1.707
-2.057,-1.734
-2.406,-1.61
2.867,-1.686
2.462,-1.647
2.241,-1.637
2.129,-1.81
1.289,-1.792
1.432,-1.44
0.069,2.91
-0.265,2.696
-0.57,2.869
-0.609,2.624
-0.995,2.753
-1.149,2.785
-1.175,2.95
-1.09,2.937
-1.313,2.915
-1.483,2.838
-1.526,2.944
-1.878,2.934
-2.333,2.817
2.988,2.828
3.084,2.67
2.736,2.72
1.177,2.805
-0.611,1.261
-0.761,0.455
-0.771,2.117
2.687,-0.928
2.585,0.424
2.587,0.328
2.219,1.657
1.676,0.666
0.053,-0.116
-1.107,0.545
-2.559,2.031
2.869,2.044
2.25,1.524
1.448,0.514
1.453,0.751
1.488,0.87
1.258,2.0
-0.83,-0.351
-2.547,0.813
2.258,0.826
1.456,-1.079
-0.171,-1.126
-0.952,-1.074
-0.882,-1.212
0.241,2.933
-0.085,-2.295
-0.203,-1.663
-0.237,0.003
-0.185,-1.757
-0.307,0.334
-0.373,1.371
-0.37,1.366
-0.428,0.965
-0.423,0.61
-0.501,1.66
-0.512,0.589
-0.455,-1.142
-0.594,1.697
-0.531,1.37
-0.532,-1.881
-0.753,1.278
-0.78,-1.59
-0.751,-1.627
-0.85,-0.673
-0.846,-1.149
-0.794,-1.201
-0.884,-1.452
-0.825,-0.312
-0.879,-1.156
-0.889,-0.669
-0.91,-0.06
-1.031,0.415
-1.107,1.455
-1.18,0.712
-1.15,-0.704
-1.305,0.646
-1.251,1.244
-1.339,-1.37
-1.383,0.049
-1.52,-1.046
-1.678,-0.321
-1.774,-2.126
-1.866,1.478
-2.087,-0.538
-2.084,0.55
-2.022,0.448
-2.072,0.047
-2.152,-0.41
-2.221,-1.25
-2.214,0.807
-2.232,1.154
-2.378,0.273
-2.449,-1.266
-2.54,-0.518
-2.613,-1.941
-2.648,-2.269
-2.654,-0.779
-2.658,-0.167
-2.696,0.293
-2.866,-1.91
-2.951,-0.856
-2.979,-1.031
-3.08,-1.009
-3.105,-0.952
-3.075,-1.132
-3.079,-1.17
-3.096,0.119
3.094,0.325
3.064,-0.478
3.067,-0.633
3.019,1.479
2.933,1.178
2.984,-0.045
2.92,-0.779
2.885,-0.683
2.815,0.368
2.817,-0.28
2.793,0.975
2.752,0.332
2.685,-0.955
2.587,-1.374
2.615,-0.475
2.546,1.735
2.522,-1.349
2.542,1.688
2.535,1.622
2.46,1.395
2.5,-0.712
2.41,-1.445
2.458,1.485
2.31,1.108
2.384,0.627
2.302,0.756
2.217,0.678
2.215,-0.995
2.215,1.506
2.088,0.905
2.135,0.451
2.103,-0.759
2.025,0.476
1.913,-0.902
1.899,0.003
1.854,-0.588
1.907,-1.336
1.777,-0.269
1.781,-0.324
1.719,-0.162
1.647,-0.439
1.653,0.377
1.593,-0.763
1.462,-0.46
1.405,-1.418
1.454,-0.235
1.35,-2.255
1.336,-1.123
1.257,-0.813
1.261,-1.291
1.224,-1.322
1.183,-0.806
0.974,-1.367
0.959,0.653
0.879,-1.061
0.821,0.031
0.794,-1.577
0.788,-1.756
0.163,-2.486
0.127,-2.65
-1.056,-2.721
-1.199,-2.546
-1.191,-2.727
-1.319,-2.259
-1.466,-2.612
-1.692,-2.686
-2.039,-2.653
-2.707,-2.396
-2.863,-2.485
-3.095,-2.686
2.299,-2.519
0.418,2.014
-0.075,2.044
-0.41,1.792
-0.922,1.995
-1.003,1.833
-1.498,1.814
-2.756,2.054
3.097,1.687
1.541,1.854
1.306,1.873
1.287,2.012
-0.254,-1.4
-1.233,1.668
2.469,0.769
0.969,1.674
-2.388,1.982
2.551,1.862
0.73,0.5
0.566,-1.548
0.517,-1.958
0.434,1.496
0.24,1.472
0.154,1.164
0.181,-0.795
0.281,1.337
0.164,-2.069
0.244,-0.937
-0.05,0.587
-0.146,-1.137
-0.288,0.048
-0.181,-1.451
-0.256,-0.786
-0.374,-1.216
-0.336,0.114
-0.5,-1.104
-0.652,-0.552
-0.657,-1.247
-0.869,0.311
-0.975,-1.66
-0.975,0.43
-0.887,0.17
-1.012,-1.302
-1.025,0.322
-1.065,-2.224
-0.931,-1.418
-1.117,1.006
-0.974,-2.066
-1.135,0.456
-1.061,-1.176
-1.162,-1.897
-1.333,0.694
-1.255,1.105
-1.274,0.056
-1.399,1.501
-1.523,-1.073
-1.416,0.469
-1.445,0.861
-1.659,0.893
-1.65,1.416
-1.661,-0.033
-1.607,1.125
-1.61,-1.132
-1.647,-1.077
-1.806,1.127
-1.696,-0.558
-1.914,0.855
-1.957,-1.227
-1.997,-0.539
-2.205,-2.243
-2.256,-0.701
-2.239,-0.8
-2.355,0.473
-2.483,-1.868
-2.519,0.584
-2.625,-1.23
-2.755,0.448
-2.782,-1.195
-2.958,0.394
-3.046,0.461
-3.025,0.062
3.138,1.61
3.13,1.268
-3.073,-1.427
3.096,-2.259
2.943,1.621
2.932,-0.894
2.852,1.559
2.875,-0.998
2.869,0.62
2.709,-1.935
2.833,0.808
2.769,1.244
2.563,1.011
2.473,-0.469
2.295,1.356
2.312,-0.046
2.297,1.573
2.225,0.187
2.08,0.016
1.904,1.192
1.873,0.442
1.865,-2.202
1.835,1.705
1.904,-1.067
1.726,-0.133
1.711,-0.277
1.647,0.13
1.655,-2.25
1.519,-0.969
1.353,-1.972
1.136,-0.496
1.103,-0.746
0.978,0.188
1.076,-0.159
0.93,0.569
1.038,0.603
0.949,-0.941
0.882,0.0
-0.256,-2.464
-0.439,-2.648
-1.132,-2.437
-1.642,-2.619
-1.978,-2.646
-2.327,-2.522
2.946,-2.598
2.541,-2.559
2.32,-2.549
2.208,-2.722
1.368,-2.704
1.511,-2.352
0.148,1.998
-0.186,1.784
-0.491,1.957
-0.53,1.712
-0.916,1.841
-1.07,1.873
-1.096,2.038
-1.011,2.025
-1.234,2.003
-1.404,1.926
-1.447,2.032
-1.799,2.022
-2.254,1.905
3.067,1.916
-3.12,1.758
2.815,1.808
1.256,1.893
-0.532,0.349
-0.682,-0.457
-0.692,1.205
2.766,-1.84
2.664,-0.488
2.666,-0.584
2.298,0.745
1.755,-0.246
0.132,-1.028
-1.028,-0.367
-2.48,1.119
2.948,1.132
2.329,0.612
1.527,-0.398
1.532,-0.161
1.567,-0.042
1.337,1.088
-0.751,-1.263
-2.468,-0.099
2.337,-0.086
1.535,-1.991
-0.092,-2.038
-0.873,-1.986
-0.803,-2.124
0.32,2.021
-0.118,0.632
-0.152,2.298
-0.1,0.538
-0.222,2.629
-0.288,3.666
-0.285,3.661
-0.343,3.26
-0.338,2.905
-0.416,3.955
-0.427,2.884
-0.37,1.153
-0.509,3.992
-0.446,3.665
-0.447,0.414
-0.668,3.573
-0.695,0.705
-0.666,0.668
-0.765,1.622
-0.761,1.146
-0.709,1.094
-0.799,0.843
-0.74,1.983
-0.794,1.139
-0.804,1.626
-0.825,2.235
-0.946,2.71
-1.022,3.75
-1.095,3.007
-1.065,1.591
-1.22,2.941
-1.166,3.539
-1.254,0.925
-1.298,2.344
-1.435,1.249
-1.593,1.974
-1.689,0.169
-1.781,3.773
-2.002,1.757
-1.999,2.845
-1.937,2.743
-1.987,2.342
-2.067,1.885
-2.136,1.045
-2.129,3.102
-2.147,3.449
-2.293,2.568
-2.364,1.029
-2.455,1.777
-2.528,0.354
-2.563,0.026
-2.569,1.516
-2.573,2.128
-2.611,2.588
-2.781,0.385
-2.866,1.439
-2.894,1.264
-2.995,1.286
-3.02,1.343
-2.99,1.163
-2.994,1.125
-3.011,2.414
-3.104,2.62
-3.134,1.817
-3.131,1.662
3.104,3.774
3.018,3.473
3.069,2.25
3.005,1.516
2.97,1.612
2.9,2.663
2.902,2.015
2.878,3.27
2.837,2.627
2.77,1.34
2.672,0.921
2.7,1.82
2.631,4.03
2.607,0.946
2.627,3.983
2.62,3.917
2.545,3.69
2.585,1.583
2.495,0.85
2.543,3.78
2.395,3.403
2.469,2.922
2.387,3.051
2.302,2.973
2.3,1.3
2.3,3.801
2.173,3.2
2.22,2.746
2.188,1.536
2.11,2.771
1.998,1.393
1.984,2.298
1.939,1.707
1.992,0.959
1.862,2.026
1.866,1.971
1.804,2.133
1.732,1.856
1.738,2.672
1.678,1.532
1.547,1.835
1.49,0.877
1.539,2.06
1.435,0.04
1.421,1.172
1.342,1.482
1.346,1.004
1.309,0.973
1.268,1.489
1.059,0.928
1.044,2.948
0.964,1.234
0.906,2.326
0.879,0.718
0.873,0.539
0.248,-0.191
0.212,-0.355
-0.971,-0.426
-1.114,-0.251
-1.106,-0.432
-1.234,0.036
-1.381,-0.317
-1.607,-0.391
-1.954,-0.358
-2.622,-0.101
-2.778,-0.19
-3.01,-0.391
2.384,-0.224
0.503,4.309
0.01,4.339
-0.325,4.087
-0.837,4.29
-0.918,4.128
-1.413,4.109
-2.671,4.349
-3.101,3.982
1.626,4.149
1.391,4.168
1.372,4.307
-0.169,0.895
-1.148,3.963
2.554,3.064
1.054,3.969
-2.303,4.277
2.636,4.157
0.815,2.795
0.651,0.747
0.602,0.337
0.519,3.791
0.325,3.767
0.239,3.459
0.266,1.5
0.366,3.632
0.249,0.226
0.329,1.358
0.035,2.882
-0.061,1.158
-0.203,2.343
-0.096,0.844
-0.171,1.509
-0.289,1.079
-0.251,2.409
-0.415,1.191
-0.567,1.743
-0.572,1.048
-0.784,2.606
-0.89,0.635
-0.89,2.725
-0.802,2.465
-0.927,0.993
-0.94,2.617
-0.98,0.071
-0.846,0.877
-1.032,3.301
-0.889,0.229
-1.05,2.751
-0.976,1.119
-1.077,0.398
-1.248,2.989
-1.17,3.4
-1.189,2.351
-1.314,3.796
-1.438,1.222
-1.331,2.764
-1.36,3.156
-1.574,3.188
-1.565,3.711
-1.576,2.262
-1.522,3.42
-1.525,1.163
-1.562,1.218
-1.721,3.422
-1.611,1.737
-1.829,3.15
-1.872,1.068
-1.912,1.756
-2.12,0.052
-2.171,1.594
-2.154,1.495
-2.27,2.768
-2.398,0.427
-2.434,2.879
-2.54,1.065
-2.67,2.743
-2.697,1.1
-2.873,2.689
-2.961,2.756
-2.94,2.357
-3.06,3.905
-3.068,3.563
-2.988,0.868
-3.102,0.036
3.028,3.916
3.017,1.401
2.937,3.854
2.96,1.297
2.954,2.915
2.794,0.36
2.918,3.103
2.854,3.539
2.648,3.306
2.558,1.826
2.38,3.651
2.397,2.249
2.382,3.868
2.31,2.482
2.165,2.311
1.989,3.487
1.958,2.737
1.95,0.093
1.92,4.0
1.989,1.228
1.811,2.162
1.796,2.018
1.732,2.425
1.74,0.045
1.604,1.326
1.438,0.323
1.221,1.799
1.188,1.549
1.063,2.483
1.161,2.136
1.015,2.864
1.123,2.898
1.034,1.354
0.967,2.295
-0.171,-0.169
-0.354,-0.353
-1.047,-0.142
-1.557,-0.324
-1.893,-0.351
-2.242,-0.227
3.031,-0.303
2.626,-0.264
2.405,-0.254
2.293,-0.427
1.453,-0.409
1.596,-0.057
0.233,4.293
-0.101,4.079
-0.406,4.252
-0.445,4.007
-0.831,4.136
-0.985,4.168
-1.011,4.333
-0.926,4.32
-1.149,4.298
-1.319,4.221
-1.362,4.327
-1.714,4.317
-2.169,4.2
-3.131,4.211
-3.035,4.053
2.9,4.103
1.341,4.188
-0.447,2.644
-0.597,1.838
-0.607,3.5
2.851,0.455
2.749,1.807
2.751,1.711
2.383,3.04
1.84,2.049
0.217,1.267
-0.943,1.928
-2.395,3.414
3.033,3.427
2.414,2.907
1.612,1.897
1.617,2.134
1.652,2.253
1.422,3.383
-0.666,1.032
-2.383,2.196
2.422,2.209
1.62,0.304
-0.007,0.257
-0.788,0.309
-0.718,0.171
0.405,4.316
-0.034,1.666
0.018,-0.094
-0.104,1.997
-0.17,3.034
-0.167,3.029
-0.225,2.628
-0.22,2.273
-0.298,3.323
-0.309,2.252
-0.252,0.521
-0.391,3.36
-0.328,3.033
-0.329,-0.218
-0.55,2.941
-0.577,0.073
-0.548,0.036
-0.647,0.99
-0.643,0.514
-0.591,0.462
-0.681,0.211
-0.622,1.351
-0.676,0.507
-0.686,0.994
-0.707,1.603
-0.828,2.078
-0.904,3.118
-0.977,2.375
-0.947,0.959
-1.102,2.309
-1.048,2.907
-1.136,0.293
-1.18,1.712
-1.317,0.617
-1.475,1.342
-1.571,-0.463
-1.663,3.141
-1.884,1.125
-1.881,2.213
-1.819,2.111
-1.869,1.71
-1.949,1.253
-2.018,0.413
-2.011,2.47
-2.029,2.817
-2.175,1.936
-2.246,0.397
-2.337,1.145
-2.41,-0.278
-2.445,-0.606
-2.451,0.884
-2.455,1.496
-2.493,1.956
-2.663,-0.247
-2.748,0.807
-2.776,0.632
-2.877,0.654
-2.902,0.711
-2.872,0.531
-2.876,0.493
-2.893,1.782
-2.986,1.988
-3.016,1.185
-3.013,1.03
-3.061,3.142
3.136,2.841
-3.096,1.618
3.123,0.884
3.088,0.98
3.018,2.031
3.02,1.383
2.996,2.638
2.955,1.995
2.888,0.708
2.79,0.289
2.818,1.188
2.749,3.398
2.725,0.314
2.745,3.351
2.738,3.285
2.663,3.058
2.703,0.951
2.613,0.218
2.661,3.148
2.513,2.771
2.587,2.29
2.505,2.419
2.42,2.341
2.418,0.668
2.418,3.169
2.291,2.568
2.338,2.114
2.306,0.904
2.228,2.139
2.116,0.761
2.102,1.666
2.057,1.075
2.11,0.327
1.98,1.394
1.984,1.339
1.922,1.501
1.85,1.224
1.856,2.04
1.796,0.9
1.665,1.203
1.608,0.245
1.657,1.428
1.553,-0.592
1.539,0.54
1.46,0.85
1.464,0.372
1.427,0.341
1.386,0.857
1.177,0.296
1.162,2.316
1.082,0.602
1.024,1.694
0.997,0.086
0.991,-0.093
0.366,-0.823
0.33,-0.987
-0.853,-1.058
-0.996,-0.883
-0.988,-1.064
-1.116,-0.596
-1.263,-0.949
-1.489,-1.023
-1.836,-0.99
-2.504,-0.733
-2.66,-0.822
-2.892,-1.023
2.502,-0.856
0.621,3.677
0.128,3.707
-0.207,3.455
-0.719,3.658
-0.8,3.496
-1.295,3.477
-2.553,3.717
-2.983,3.35
1.744,3.517
1.509,3.536
1.49,3.675
-0.051,0.263
-1.03,3.331
2.672,2.432
1.172,3.337
-2.185,3.645
2.754,3.525
0.933,2.163
0.769,0.115
0.72,-0.295
0.637,3.159
0.443,3.135
0.357,2.827
0.384,0.868
0.484,3.0
0.367,-0.406
0.447,0.726
0.153,2.25
0.057,0.526
-0.085,1.711
0.022,0.212
-0.053,0.877
-0.171,0.447
-0.133,1.777
-0.297,0.559
-0.449,1.111
-0.454,0.416
-0.666,1.974
-0.772,0.003
-0.772,2.093
-0.684,1.833
-0.809,0.361
-0.822,1.985
-0.862,-0.561
-0.728,0.245
-0.914,2.669
-0.771,-0.403
-0.932,2.119
-0.858,0.487
-0.959,-0.234
-1.13,2.357
-1.052,2.768
-1.071,1.719
-1.196,3.164
-1.32,0.59
-1.213,2.132
-1.242,2.524
-1.456,2.556
-1.447,3.079
-1.458,1.63
-1.404,2.788
-1.407,0.531
-1.444,0.586
-1.603,2.79
-1.493,1.105
-1.711,2.518
-1.754,0.436
-1.794,1.124
-2.002,-0.58
-2.053,0.962
-2.036,0.863
-2.152,2.136
-2.28,-0.205
-2.316,2.247
-2.422,0.433
-2.552,2.111
-2.579,0.468
-2.755,2.057
-2.843,2.124
-2.822,1.725
-2.942,3.273
-2.95,2.931
-2.87,0.236
-2.984,-0.596
-3.137,3.284
3.135,0.769
3.055,3.222
3.078,0.665
3.072,2.283
2.912,-0.272
3.036,2.471
2.972,2.907
2.766,2.674
2.676,1.194
2.498,3.019
2.515,1.617
2.5,3.236
2.428,1.85
2.283,1.679
2.107,2.855
2.076,2.105
2.068,-0.539
2.038,3.368
2.107,0.596
1.929,1.53
1.914,1.386
1.85,1.793
1.858,-0.587
1.722,0.694
1.556,-0.309
1.339,1.167
1.306,0.917
1.181,1.851
1.279,1.504
1.133,2.232
1.241,2.266
1.152,0.722
1.085,1.663
-0.053,-0.801
-0.236,-0.985
-0.929,-0.774
-1.439,-0.956
-1.775,-0.983
-2.124,-0.859
-3.134,-0.935
2.744,-0.896
2.523,-0.886
2.411,-1.059
1.571,-1.041
1.714,-0.689
0.351,3.661
0.017,3.447
-0.288,3.62
-0.327,3.375
-0.713,3.504
-0.867,3.536
-0.893,3.701
-0.808,3.688
-1.031,3.666
-1.201,3.589
-1.244,3.695
-1.596,3.685
-2.051,3.568
-3.013,3.579
-2.917,3.421
3.018,3.471
1.459,3.556
-0.329,2.012
-0.479,1.206
-0.489,2.868
2.969,-0.177
2.867,1.175
2.869,1.079
2.501,2.408
1.958,1.417
0.335,0.635
-0.825,1.296
-2.277,2.782
-3.132,2.795
2.532,2.275
1.73,1.265
1.735,1.502
1.77,1.621
1.54,2.751
-0.548,0.4
-2.265,1.564
2.54,1.577
1.738,-0.328
0.111,-0.375
-0.67,-0.323
-0.6,-0.461
0.523,3.684
0.052,-1.76
-0.07,0.331
-0.136,1.368
-0.133,1.363
-0.191,0.962
-0.186,0.607
-0.264,1.657
-0.275,0.586
-0.218,-1.145
-0.357,1.694
-0.294,1.367
-0.295,-1.884
-0.516,1.275
-0.543,-1.593
-0.514,-1.63
-0.613,-0.676
-0.609,-1.152
-0.557,-1.204
-0.647,-1.455
-0.588,-0.315
-0.642,-1.159
-0.652,-0.672
-0.673,-0.063
-0.794,0.412
-0.87,1.452
-0.943,0.709
-0.913,-0.707
-1.068,0.643
-1.014,1.241
-1.102,-1.373
-1.146,0.046
-1.283,-1.049
-1.441,-0.324
-1.537,-2.129
-1.629,1.475
-1.85,-0.541
-1.847,0.547
-1.785,0.445
-1.835,0.044
-1.915,-0.413
-1.984,-1.253
-1.977,0.804
-1.995,1.151
-2.141,0.27
-2.212,-1.269
-2.303,-0.521
-2.376,-1.944
-2.411,-2.272
-2.417,-0.782
-2.421,-0.17
-2.459,0.29
-2.629,-1.913
-2.714,-0.859
-2.742,-1.034
-2.843,-1.012
-2.868,-0.955
-2.838,-1.135
-2.842,-1.173
-2.859,0.116
-2.952,0.322
-2.982,-0.481
-2.979,-0.636
-3.027,1.476
-3.113,1.175
-3.062,-0.048
-3.126,-0.782
3.122,-0.686
3.052,0.365
3.054,-0.283
3.03,0.972
2.989,0.329
2.922,-0.958
2.824,-1.377
2.852,-0.478
2.783,1.732
2.759,-1.352
2.779,1.685
2.772,1.619
2.697,1.392
2.737,-0.715
2.647,-1.448
2.695,1.482
2.547,1.105
2.621,0.624
2.539,0.753
2.454,0.675
2.452,-0.998
2.452,1.503
2.325,0.902
2.372,0.448
2.34,-0.762
2.262,0.473
2.15,-0.905
2.136,0.0
2.091,-0.591
2.144,-1.339
2.014,-0.272
2.018,-0.327
1.956,-0.165
1.884,-0.442
1.89,0.374
1.83,-0.766
1.699,-0.463
1.642,-1.421
1.691,-0.238
1.587,-2.258
1.573,-1.126
1.494,-0.816
1.498,-1.294
1.461,-1.325
1.42,-0.809
1.211,-1.37
1.196,0.65
1.116,-1.064
1.058,0.028
1.031,-1.58
1.025,-1.759
0.4,-2.489
0.364,-2.653
-0.819,-2.724
-0.962,-2.549
-0.954,-2.73
-1.082,-2.262
-1.229,-2.615
-1.455,-2.689
-1.802,-2.656
-2.47,-2.399
-2.626,-2.488
-2.858,-2.689
2.536,-2.522
0.655,2.011
0.162,2.041
-0.173,1.789
-0.685,1.992
-0.766,1.83
-1.261,1.811
-2.519,2.051
-2.949,1.684
1.778,1.851
1.543,1.87
1.524,2.009
-0.017,-1.403
-0.996,1.665
2.706,0.766
1.206,1.671
-2.151,1.979
2.788,1.859
0.967,0.497
0.803,-1.551
0.754,-1.961
0.671,1.493
0.477,1.469
0.391,1.161
0.418,-0.798
0.518,1.334
0.401,-2.072
0.481,-0.94
0.187,0.584
0.091,-1.14
-0.051,0.045
0.056,-1.454
-0.019,-0.789
-0.137,-1.219
-0.099,0.111
-0.263,-1.107
-0.415,-0.555
-0.42,-1.25
-0.632,0.308
-0.738,-1.663
-0.738,0.427
-0.65,0.167
-0.775,-1.305
-0.788,0.319
-0.828,-2.227
-0.694,-1.421
-0.88,1.003
-0.737,-2.069
-0.898,0.453
-0.824,-1.179
-0.925,-1.9
-1.096,0.691
-1.018,1.102
-1.037,0.053
-1.162,1.498
-1.286,-1.076
-1.179,0.466
-1.208,0.858
-1.422,0.89
-1.413,1.413
-1.424,-0.036
-1.37,1.122
-1.373,-1.135
-1.41,-1.08
-1.569,1.124
-1.459,-0.561
-1.677,0.852
-1.72,-1.23
-1.76,-0.542
-1.968,-2.246
-2.019,-0.704
-2.002,-0.803
-2.118,0.47
-2.246,-1.871
-2.282,0.581
-2.388,-1.233
-2.518,0.445
-2.545,-1.198
-2.721,0.391
-2.809,0.458
-2.788,0.059
-2.908,1.607
-2.916,1.265
-2.836,-1.43
-2.95,-2.262
-3.103,1.618
-3.114,-0.897
3.089,1.556
3.112,-1.001
3.106,0.617
2.946,-1.938
3.07,0.805
3.006,1.241
2.8,1.008
2.71,-0.472
2.532,1.353
2.549,-0.049
2.534,1.57
2.462,0.184
2.317,0.013
2.141,1.189
2.11,0.439
2.102,-2.205
2.072,1.702
2.141,-1.07
1.963,-0.136
1.948,-0.28
1.884,0.127
1.892,-2.253
1.756,-0.972
1.59,-1.975
1.373,-0.499
1.34,-0.749
1.215,0.185
1.313,-0.162
1.167,0.566
1.275,0.6
1.186,-0.944
1.119,-0.003
-0.019,-2.467
-0.202,-2.651
-0.895,-2.44
-1.405,-2.622
-1.741,-2.649
-2.09,-2.525
-3.1,-2.601
2.778,-2.562
2.557,-2.552
2.445,-2.725
1.605,-2.707
1.748,-2.355
0.385,1.995
0.051,1.781
-0.254,1.954
-0.293,1.709
-0.679,1.838
-0.833,1.87
-0.859,2.035
-0.774,2.022
-0.997,2.0
-1.167,1.923
-1.21,2.029
-1.562,2.019
-2.017,1.902
-2.979,1.913
-2.883,1.755
3.052,1.805
1.493,1.89
-0.295,0.346
-0.445,-0.46
-0.455,1.202
3.003,-1.843
2.901,-0.491
2.903,-0.587
2.535,0.742
1.992,-0.249
0.369,-1.031
-0.791,-0.37
-2.243,1.116
-3.098,1.129
2.566,0.609
1.764,-0.401
1.769,-0.164
1.804,-0.045
1.574,1.085
-0.514,-1.266
-2.231,-0.102
2.574,-0.089
1.772,-1.994
0.145,-2.041
-0.636,-1.989
-0.566,-2.127
0.557,2.018
-0.122,2.091
-0.188,3.128
-0.185,3.123
-0.243,2.722
-0.238,2.367
-0.316,3.417
-0.327,2.346
-0.27,0.615
-0.409,3.454
-0.346,3.127
-0.347,-0.124
-0.568,3.035
-0.595,0.167
-0.566,0.13
-0.665,1.084
-0.661,0.608
-0.609,0.556
-0.699,0.305
-0.64,1.445
-0.694,0.601
-0.704,1.088
-0.725,1.697
-0.846,2.172
-0.922,3.212
-0.995,2.469
-0.965,1.053
-1.12,2.403
-1.066,3.001
-1.154,0.387
-1.198,1.806
-1.335,0.711
-1.493,1.436
-1.589,-0.369
-1.681,3.235
-1.902,1.219
-1.899,2.307
-1.837,2.205
-1.887,1.804
-1.967,1.347
-2.036,0.507
-2.029,2.564
-2.047,2.911
-2.193,2.03
-2.264,0.491
-2.355,1.239
-2.428,-0.184
-2.463,-0.512
-2.469,0.978
-2.473,1.59
-2.511,2.05
-2.681,-0.153
-2.766,0.901
-2.794,0.726
-2.895,0.748
-2.92,0.805
-2.89,0.625
-2.894,0.587
-2.911,1.876
-3.004,2.082
-3.034,1.279
-3.031,1.124
-3.079,3.236
3.118,2.935
-3.114,1.712
3.105,0.978
3.07,1.074
3.0,2.125
3.002,1.477
2.978,2.732
2.937,2.089
2.87,0.802
2.772,0.383
2.8,1.282
2.731,3.492
2.707,0.408
2.727,3.445
2.72,3.379
2.645,3.152
2.685,1.045
2.595,0.312
2.643,3.242
2.495,2.865
2.569,2.384
2.487,2.513
2.402,2.435
2.4,0.762
2.4,3.263
2.273,2.662
2.32,2.208
2.288,0.998
2.21,2.233
2.098,0.855
2.084,1.76
2.039,1.169
2.092,0.421
1.962,1.488
1.966,1.433
1.904,1.595
1.832,1.318
1.838,2.134
1.778,0.994
1.647,1.297
1.59,0.339
1.639,1.522
1.535,-0.498
1.521,0.634
1.442,0.944
1.446,0.466
1.409,0.435
1.368,0.951
1.159,0.39
1.144,2.41
1.064,0.696
1.006,1.788
0.979,0.18
0.973,0.001
0.348,-0.729
0.312,-0.893
-0.871,-0.964
-1.014,-0.789
-1.006,-0.97
-1.134,-0.502
-1.281,-0.855
-1.507,-0.929
-1.854,-0.896
-2.522,-0.639
-2.678,-0.728
-2.91,-0.929
2.484,-0.762
0.603,3.771
0.11,3.801
-0.225,3.549
-0.737,3.752
-0.818,3.59
-1.313,3.571
-2.571,3.811
-3.001,3.444
1.726,3.611
1.491,3.63
1.472,3.769
-0.069,0.357
-1.048,3.425
2.654,2.526
1.154,3.431
-2.203,3.739
2.736,3.619
0.915,2.257
0.751,0.209
0.702,-0.201
0.619,3.253
0.425,3.229
0.339,2.921
0.366,0.962
0.466,3.094
0.349,-0.312
0.429,0.82
0.135,2.344
0.039,0.62
-0.103,1.805
0.004,0.306
-0.071,0.971
-0.189,0.541
-0.151,1.871
-0.315,0.653
-0.467,1.205
-0.472,0.51
-0.684,2.068
-0.79,0.097
-0.79,2.187
-0.702,1.927
-0.827,0.455
-0.84,2.079
-0.88,-0.467
-0.746,0.339
-0.932,2.763
-0.789,-0.309
-0.95,2.213
-0.876,0.581
-0.977,-0.14
-1.148,2.451
-1.07,2.862
-1.089,1.813
-1.214,3.258
-1.338,0.684
-1.231,2.226
-1.26,2.618
-1.474,2.65
-1.465,3.173
-1.476,1.724
-1.422,2.882
-1.425,0.625
-1.462,0.68
-1.621,2.884
-1.511,1.199
-1.729,2.612
-1.772,0.53
-1.812,1.218
-2.02,-0.486
-2.071,1.056
-2.054,0.957
-2.17,2.23
-2.298,-0.111
-2.334,2.341
-2.44,0.527
-2.57,2.205
-2.597,0.562
-2.773,2.151
-2.861,2.218
-2.84,1.819
-2.96,3.367
-2.968,3.025
-2.888,0.33
-3.002,-0.502
3.128,3.378
3.117,0.863
3.037,3.316
3.06,0.759
3.054,2.377
2.894,-0.178
3.018,2.565
2.954,3.001
2.748,2.768
2.658,1.288
2.48,3.113
2.497,1.711
2.482,3.33
2.41,1.944
2.265,1.773
2.089,2.949
2.058,2.199
2.05,-0.445
2.02,3.462
2.089,0.69
1.911,1.624
1.896,1.48
1.832,1.887
1.84,-0.493
1.704,0.788
1.538,-0.215
1.321,1.261
1.288,1.011
1.163,1.945
1.261,1.598
1.115,2.326
1.223,2.36
1.134,0.816
1.067,1.757
-0.071,-0.707
-0.254,-0.891
-0.947,-0.68
-1.457,-0.862
-1.793,-0.889
-2.142,-0.765
3.131,-0.841
2.726,-0.802
2.505,-0.792
2.393,-0.965
1.553,-0.947
1.696,-0.595
0.333,3.755
-0.001,3.541
-0.306,3.714
-0.345,3.469
-0.731,3.598
-0.885,3.63
-0.911,3.795
-0.826,3.782
-1.049,3.76
-1.219,3.683
-1.262,3.789
-1.614,3.779
-2.069,3.662
-3.031,3.673
-2.935,3.515
3.0,3.565
1.441,3.65
-0.347,2.106
-0.497,1.3
-0.507,2.962
2.951,-0.083
2.849,1.269
2.851,1.173
2.483,2.502
1.94,1.511
0.317,0.729
-0.843,1.39
-2.295,2.876
3.133,2.889
2.514,2.369
1.712,1.359
1.717,1.596
1.752,1.715
1.522,2.845
-0.566,0.494
-2.283,1.658
2.522,1.671
1.72,-0.234
0.093,-0.281
-0.688,-0.229
-0.618,-0.367
0.505,3.778
-0.066,1.037
-0.063,1.032
-0.121,0.631
-0.116,0.276
-0.194,1.326
-0.205,0.255
-0.148,-1.476
-0.287,1.363
-0.224,1.036
-0.225,-2.215
-0.446,0.944
-0.473,-1.924
-0.444,-1.961
-0.543,-1.007
-0.539,-1.483
-0.487,-1.535
-0.577,-1.786
-0.518,-0.646
-0.572,-1.49
-0.582,-1.003
-0.603,-0.394
-0.724,0.081
-0.8,1.121
-0.873,0.378
-0.843,-1.038
-0.998,0.312
-0.944,0.91
-1.032,-1.704
-1.076,-0.285
-1.213,-1.38
-1.371,-0.655
-1.467,-2.46
-1.559,1.144
-1.78,-0.872
-1.777,0.216
-1.715,0.114
-1.765,-0.287
-1.845,-0.744
-1.914,-1.584
-1.907,0.473
-1.925,0.82
-2.071,-0.061
-2.142,-1.6
-2.233,-0.852
-2.306,-2.275
-2.341,-2.603
-2.347,-1.113
-2.351,-0.501
-2.389,-0.041
-2.559,-2.244
-2.644,-1.19
-2.672,-1.365
-2.773,-1.343
-2.798,-1.286
-2.768,-1.466
-2.772,-1.504
-2.789,-0.215
-2.882,-0.009
-2.912,-0.812
-2.909,-0.967
-2.957,1.145
-3.043,0.844
-2.992,-0.379
-3.056,-1.113
-3.091,-1.017
3.122,0.034
3.124,-0.614
3.1,0.641
3.059,-0.002
2.992,-1.289
2.894,-1.708
2.922,-0.809
2.853,1.401
2.829,-1.683
2.849,1.354
2.842,1.288
2.767,1.061
2.807,-1.046
2.717,-1.779
2.765,1.151
2.617,0.774
2.691,0.293
2.609,0.422
2.524,0.344
2.522,-1.329
2.522,1.172
2.395,0.571
2.442,0.117
2.41,-1.093
2.332,0.142
2.22,-1.236
2.206,-0.331
2.161,-0.922
2.214,-1.67
2.084,-0.603
2.088,-0.658
2.026,-0.496
1.954,-0.773
1.96,0.043
1.9,-1.097
1.769,-0.794
1.712,-1.752
1.761,-0.569
1.657,-2.589
1.643,-1.457
1.564,-1.147
1.568,-1.625
1.531,-1.656
1.49,-1.14
1.281,-1.701
1.266,0.319
1.186,-1.395
1.128,-0.303
1.101,-1.911
1.095,-2.09
0.47,-2.82
0.434,-2.984
-0.749,-3.055
-0.892,-2.88
-0.884,-3.061
-1.012,-2.593
-1.159,-2.946
-1.385,-3.02
-1.732,-2.987
-2.4,-2.73
-2.556,-2.819
-2.788,-3.02
2.606,-2.853
0.725,1.68
0.232,1.71
-0.103,1.458
-0.615,1.661
-0.696,1.499
-1.191,1.48
-2.449,1.72
-2.879,1.353
1.848,1.52
1.613,1.539
1.594,1.678
0.053,-1.734
-0.926,1.334
2.776,0.435
1.276,1.34
-2.081,1.648
2.858,1.528
1.037,0.166
0.873,-1.882
0.824,-2.292
0.741,1.162
0.547,1.138
0.461,0.83
0.488,-1.129
0.588,1.003
0.471,-2.403
0.551,-1.271
0.257,0.253
0.161,-1.471
0.019,-0.286
0.126,-1.785
0.051,-1.12
-0.067,-1.55
-0.029,-0.22
-0.193,-1.438
-0.345,-0.886
-0.35,-1.581
-0.562,-0.023
-0.668,-1.994
-0.668,0.096
-0.58,-0.164
-0.705,-1.636
-0.718,-0.012
-0.758,-2.558
-0.624,-1.752
-0.81,0.672
-0.667,-2.4
-0.828,0.122
-0.754,-1.51
-0.855,-2.231
-1.026,0.36
-0.948,0.771
-0.967,-0.278
-1.092,1.167
-1.216,-1.407
-1.109,0.135
-1.138,0.527
-1.352,0.559
-1.343,1.082
-1.354,-0.367
-1.3,0.791
-1.303,-1.466
-1.34,-1.411
-1.499,0.793
-1.389,-0.892
-1.607,0.521
-1.65,-1.561
-1.69,-0.873
-1.898,-2.577
-1.949,-1.035
-1.932,-1.134
-2.048,0.139
-2.176,-2.202
-2.212,0.25
-2.318,-1.564
-2.448,0.114
-2.475,-1.529
-2.651,0.06
-2.739,0.127
-2.718,-0.272
-2.838,1.276
-2.846,0.934
-2.766,-1.761
-2.88,-2.593
-3.033,1.287
-3.044,-1.228
-3.124,1.225
-3.101,-1.332
-3.107,0.286
3.016,-2.269
3.14,0.474
3.076,0.91
2.87,0.677
2.78,-0.803
2.602,1.022
2.619,-0.38
2.604,1.239
2.532,-0.147
2.387,-0.318
2.211,0.858
2.18,0.108
2.172,-2.536
2.142,1.371
2.211,-1.401
2.033,-0.467
2.018,-0.611
1.954,-0.204
1.962,-2.584
1.826,-1.303
1.66,-2.306
1.443,-0.83
1.41,-1.08
1.285,-0.146
1.383,-0.493
1.237,0.235
1.345,0.269
1.256,-1.275
1.189,-0.334
0.051,-2.798
-0.132,-2.982
-0.825,-2.771
-1.335,-2.953
-1.671,-2.98
-2.02,-2.856
-3.03,-2.932
2.848,-2.893
2.627,-2.883
2.515,-3.056
1.675,-3.038
1.818,-2.686
0.455,1.664
0.121,1.45
-0.184,1.623
-0.223,1.378
-0.609,1.507
-0.763,1.539
-0.789,1.704
-0.704,1.691
-0.927,1.669
-1.097,1.592
-1.14,1.698
-1.492,1.688
-1.947,1.571
-2.909,1.582
-2.813,1.424
3.122,1.474
1.563,1.559
-0.225,0.015
-0.375,-0.791
-0.385,0.871
3.073,-2.174
2.971,-0.822
2.973,-0.918
2.605,0.411
2.062,-0.58
0.439,-1.362
-0.721,-0.701
-2.173,0.785
-3.028,0.798
2.636,0.278
1.834,-0.732
1.839,-0.495
1.874,-0.376
1.644,0.754
-0.444,-1.597
-2.161,-0.433
2.644,-0.42
1.842,-2.325
0.215,-2.372
-0.566,-2.32
-0.496,-2.458
0.627,1.687
0.003,-0.005
-0.055,-0.406
-0.05,-0.761
-0.128,0.289
-0.139,-0.782
-0.082,-2.513
-0.221,0.326
-0.158,-0.001
-0.159,-3.252
-0.38,-0.093
-0.407,-2.961
-0.378,-2.998
-0.477,-2.044
-0.473,-2.52
-0.421,-2.572
-0.511,-2.823
-0.452,-1.683
-0.506,-2.527
-0.516,-2.04
-0.537,-1.431
-0.658,-0.956
-0.734,0.084
-0.807,-0.659
-0.777,-2.075
-0.932,-0.725
-0.878,-0.127
-0.966,-2.741
-1.01,-1.322
-1.147,-2.417
-1.305,-1.692
-1.401,-3.497
-1.493,0.107
-1.714,-1.909
-1.711,-0.821
-1.649,-0.923
-1.699,-1.324
-1.779,-1.781
-1.848,-2.621
-1.841,-0.564
-1.859,-0.217
-2.005,-1.098
-2.076,-2.637
-2.167,-1.889
-2.24,-3.312
-2.275,-3.64
-2.281,-2.15
-2.285,-1.538
-2.323,-1.078
-2.493,-3.281
-2.578,-2.227
-2.606,-2.402
-2.707,-2.38
-2.732,-2.323
-2.702,-2.503
-2.706,-2.541
-2.723,-1.252
-2.816,-1.046
-2.846,-1.849
-2.843,-2.004
-2.891,0.108
-2.977,-0.193
-2.926,-1.416
-2.99,-2.15
-3.025,-2.054
-3.095,-1.003
-3.093,-1.651
-3.117,-0.396
3.125,-1.039
3.058,-2.326
2.96,-2.745
2.988,-1.846
2.919,0.364
2.895,-2.72
2.915,0.317
2.908,0.251
2.833,0.024
2.873,-2.083
2.783,-2.816
2.831,0.114
2.683,-0.263
2.757,-0.744
2.675,-0.615
2.59,-0.693
2.588,-2.366
2.588,0.135
2.461,-0.466
2.508,-0.92
2.476,-2.13
2.398,-0.895
2.286,-2.273
2.272,-1.368
2.227,-1.959
2.28,-2.707
2.15,-1.64
2.154,-1.695
2.092,-1.533
2.02,-1.81
2.026,-0.994
1.966,-2.134
1.835,-1.831
1.778,-2.789
1.827,-1.606
1.723,-3.626
1.709,-2.494
1.63,-2.184
1.634,-2.662
1.597,-2.693
1.556,-2.177
1.347,-2.738
1.332,-0.718
1.252,-2.432
1.194,-1.34
1.167,-2.948
1.161,-3.127
0.536,-3.857
0.5,-4.021
-0.683,-4.092
-0.826,-3.917
-0.818,-4.098
-0.946,-3.63
-1.093,-3.983
-1.319,-4.057
-1.666,-4.024
-2.334,-3.767
-2.49,-3.856
-2.722,-4.057
2.672,-3.89
0.791,0.643
0.298,0.673
-0.037,0.421
-0.549,0.624
-0.63,0.462
-1.125,0.443
-2.383,0.683
-2.813,0.316
1.914,0.483
1.679,0.502
1.66,0.641
0.119,-2.771
-0.86,0.297
2.842,-0.602
1.342,0.303
-2.015,0.611
2.924,0.491
1.103,-0.871
0.939,-2.919
0.89,-3.329
0.807,0.125
0.613,0.101
0.527,-0.207
0.554,-2.166
0.654,-0.034
0.537,-3.44
0.617,-2.308
0.323,-0.784
0.227,-2.508
0.085,-1.323
0.192,-2.822
0.117,-2.157
-0.001,-2.587
0.037,-1.257
-0.127,-2.475
-0.279,-1.923
-0.284,-2.618
-0.496,-1.06
-0.602,-3.031
-0.602,-0.941
-0.514,-1.201
-0.639,-2.673
-0.652,-1.049
-0.692,-3.595
-0.558,-2.789
-0.744,-0.365
-0.601,-3.437
-0.762,-0.915
-0.688,-2.547
-0.789,-3.268
-0.96,-0.677
-0.882,-0.266
-0.901,-1.315
-1.026,0.13
-1.15,-2.444
-1.043,-0.902
-1.072,-0.51
-1.286,-0.478
-1.277,0.045
-1.288,-1.404
-1.234,-0.246
-1.237,-2.503
-1.274,-2.448
-1.433,-0.244
-1.323,-1.929
-1.541,-0.516
-1.584,-2.598
-1.624,-1.91
-1.832,-3.614
-1.883,-2.072
-1.866,-2.171
-1.982,-0.898
-2.11,-3.239
-2.146,-0.787
-2.252,-2.601
-2.382,-0.923
-2.409,-2.566
-2.585,-0.977
-2.673,-0.91
-2.652,-1.309
-2.772,0.239
-2.78,-0.103
-2.7,-2.798
-2.814,-3.63
-2.967,0.25
-2.978,-2.265
-3.058,0.188
-3.035,-2.369
-3.041,-0.751
3.082,-3.306
-3.077,-0.563
-3.141,-0.127
2.936,-0.36
2.846,-1.84
2.668,-0.015
2.685,-1.417
2.67,0.202
2.598,-1.184
2.453,-1.355
2.277,-0.179
2.246,-0.929
2.238,-3.573
2.208,0.334
2.277,-2.438
2.099,-1.504
2.084,-1.648
2.02,-1.241
2.028,-3.621
1.892,-2.34
1.726,-3.343
1.509,-1.867
1.476,-2.117
1.351,-1.183
1.449,-1.53
1.303,-0.802
1.411,-0.768
1.322,-2.312
1.255,-1.371
0.117,-3.835
-0.066,-4.019
-0.759,-3.808
-1.269,-3.99
-1.605,-4.017
-1.954,-3.893
-2.964,-3.969
2.914,-3.93
2.693,-3.92
2.581,-4.093
1.741,-4.075
1.884,-3.723
0.521,0.627
0.187,0.413
-0.118,0.586
-0.157,0.341
-0.543,0.47
-0.697,0.502
-0.723,0.667
-0.638,0.654
-0.861,0.632
-1.031,0.555
-1.074,0.661
-1.426,0.651
-1.881,0.534
-2.843,0.545
-2.747,0.387
-3.095,0.437
1.629,0.522
-0.159,-1.022
-0.309,-1.828
-0.319,-0.166
3.139,-3.211
3.037,-1.859
3.039,-1.955
2.671,-0.626
2.128,-1.617
0.505,-2.399
-0.655,-1.738
-2.107,-0.252
-2.962,-0.239
2.702,-0.759
1.9,-1.769
1.905,-1.532
1.94,-1.413
1.71,-0.283
-0.378,-2.634
-2.095,-1.47
2.71,-1.457
1.908,-3.362
0.281,-3.409
-0.5,-3.357
-0.43,-3.495
0.693,0.65
-0.058,-0.401
-0.053,-0.756
-0.131,0.294
-0.142,-0.777
-0.085,-2.508
-0.224,0.331
-0.161,0.004
-0.162,-3.247
-0.383,-0.088
-0.41,-2.956
-0.381,-2.993
-0.48,-2.039
-0.476,-2.515
-0.424,-2.567
-0.514,-2.818
-0.455,-1.678
-0.509,-2.522
-0.519,-2.035
-0.54,-1.426
-0.661,-0.951
-0.737,0.089
-0.81,-0.654
-0.78,-2.07
-0.935,-0.72
-0.881,-0.122
-0.969,-2.736
-1.013,-1.317
-1.15,-2.412
-1.308,-1.687
-1.404,-3.492
-1.496,0.112
-1.717,-1.904
-1.714,-0.816
-1.652,-0.918
-1.702,-1.319
-1.782,-1.776
-1.851,-2.616
-1.844,-0.559
-1.862,-0.212
-2.008,-1.093
-2.079,-2.632
-2.17,-1.884
-2.243,-3.307
-2.278,-3.635
-2.284,-2.145
-2.288,-1.533
-2.326,-1.073
-2.496,-3.276
-2.581,-2.222
-2.609,-2.397
-2.71,-2.375
-2.735,-2.318
-2.705,-2.498
-2.709,-2.536
-2.726,-1.247
-2.819,-1.041
-2.849,-1.844
-2.846,-1.999
-2.894,0.113
-2.98,-0.188
-2.929,-1.411
-2.993,-2.145
-3.028,-2.049
-3.098,-0.998
-3.096,-1.646
-3.12,-0.391
3.122,-1.034
3.055,-2.321
2.957,-2.74
2.985,-1.841
2.916,0.369
2.892,-2.715
2.912,0.322
2.905,0.256
2.83,0.029
2.87,-2.078
2.78,-2.811
2.828,0.119
2.68,-0.258
2.754,-0.739
2.672,-0.61
2.587,-0.688
2.585,-2.361
2.585,0.14
2.458,-0.461
2.505,-0.915
2.473,-2.125
2.395,-0.89
2.283,-2.268
2.269,-1.363
2.224,-1.954
2.277,-2.702
2.147,-1.635
2.151,-1.69
2.089,-1.528
2.017,-1.805
2.023,-0.989
1.963,-2.129
1.832,-1.826
1.775,-2.784
1.824,-1.601
1.72,-3.621
1.706,-2.489
1.627,-2.179
1.631,-2.657
1.594,-2.688
1.553,-2.172
1.344,-2.733
1.329,-0.713
1.249,-2.427
1.191,-1.335
1.164,-2.943
1.158,-3.122
0.533,-3.852
0.497,-4.016
-0.686,-4.087
-0.829,-3.912
-0.821,-4.093
-0.949,-3.625
-1.096,-3.978
-1.322,-4.052
-1.669,-4.019
-2.337,-3.762
-2.493,-3.851
-2.725,-4.052
2.669,-3.885
0.788,0.648
0.295,0.678
-0.04,0.426
-0.552,0.629
-0.633,0.467
-1.128,0.448
-2.386,0.688
-2.816,0.321
1.911,0.488
1.676,0.507
1.657,0.646
0.116,-2.766
-0.863,0.302
2.839,-0.597
1.339,0.308
-2.018,0.616
2.921,0.496
1.1,-0.866
0.936,-2.914
0.887,-3.324
0.804,0.13
0.61,0.106
0.524,-0.202
0.551,-2.161
0.651,-0.029
0.534,-3.435
0.614,-2.303
0.32,-0.779
0.224,-2.503
0.082,-1.318
0.189,-2.817
0.114,-2.152
-0.004,-2.582
0.034,-1.252
-0.13,-2.47
-0.282,-1.918
-0.287,-2.613
-0.499,-1.055
-0.605,-3.026
-0.605,-0.936
-0.517,-1.196
-0.642,-2.668
-0.655,-1.044
-0.695,-3.59
-0.561,-2.784
-0.747,-0.36
-0.604,-3.432
-0.765,-0.91
-0.691,-2.542
-0.792,-3.263
-0.963,-0.672
-0.885,-0.261
-0.904,-1.31
-1.029,0.135
-1.153,-2.439
-1.046,-0.897
-1.075,-0.505
-1.289,-0.473
-1.28,0.05
-1.291,-1.399
-1.237,-0.241
-1.24,-2.498
-1.277,-2.443
-1.436,-0.239
-1.326,-1.924
-1.544,-0.511
-1.587,-2.593
-1.627,-1.905
-1.835,-3.609
-1.886,-2.067
-1.869,-2.166
-1.985,-0.893
-2.113,-3.234
-2.149,-0.782
-2.255,-2.596
-2.385,-0.918
-2.412,-2.561
-2.588,-0.972
-2.676,-0.905
-2.655,-1.304
-2.775,0.244
-2.783,-0.098
-2.703,-2.793
-2.817,-3.625
-2.97,0.255
-2.981,-2.26
-3.061,0.193
-3.038,-2.364
-3.044,-0.746
3.079,-3.301
-3.08,-0.558
3.139,-0.122
2.933,-0.355
2.843,-1.835
2.665,-0.01
2.682,-1.412
2.667,0.207
2.595,-1.179
2.45,-1.35
2.274,-0.174
2.243,-0.924
2.235,-3.568
2.205,0.339
2.274,-2.433
2.096,-1.499
2.081,-1.643
2.017,-1.236
2.025,-3.616
1.889,-2.335
1.723,-3.338
1.506,-1.862
1.473,-2.112
1.348,-1.178
1.446,-1.525
1.3,-0.797
1.408,-0.763
1.319,-2.307
1.252,-1.366
0.114,-3.83
-0.069,-4.014
-0.762,-3.803
-1.272,-3.985
-1.608,-4.012
-1.957,-3.888
-2.967,-3.964
2.911,-3.925
2.69,-3.915
2.578,-4.088
1.738,-4.07
1.881,-3.718
0.518,0.632
0.184,0.418
-0.121,0.591
-0.16,0.346
-0.546,0.475
-0.7,0.507
-0.726,0.672
-0.641,0.659
-0.864,0.637
-1.034,0.56
-1.077,0.666
-1.429,0.656
-1.884,0.539
-2.846,0.55
-2.75,0.392
-3.098,0.442
1.626,0.527
-0.162,-1.017
-0.312,-1.823
-0.322,-0.161
3.136,-3.206
3.034,-1.854
3.036,-1.95
2.668,-0.621
2.125,-1.612
0.502,-2.394
-0.658,-1.733
-2.11,-0.247
-2.965,-0.234
2.699,-0.754
1.897,-1.764
1.902,-1.527
1.937,-1.408
1.707,-0.278
-0.381,-2.629
-2.098,-1.465
2.707,-1.452
1.905,-3.357
0.278,-3.404
-0.503,-3.352
-0.433,-3.49
0.69,0.655
0.005,-0.355
-0.073,0.695
-0.084,-0.376
-0.027,-2.107
-0.166,0.732
-0.103,0.405
-0.104,-2.846
-0.325,0.313
-0.352,-2.555
-0.323,-2.592
-0.422,-1.638
-0.418,-2.114
-0.366,-2.166
-0.456,-2.417
-0.397,-1.277
-0.451,-2.121
-0.461,-1.634
-0.482,-1.025
-0.603,-0.55
-0.679,0.49
-0.752,-0.253
-0.722,-1.669
-0.877,-0.319
-0.823,0.279
-0.911,-2.335
-0.955,-0.916
-1.092,-2.011
-1.25,-1.286
-1.346,-3.091
-1.438,0.513
-1.659,-1.503
-1.656,-0.415
-1.594,-0.517
-1.644,-0.918
-1.724,-1.375
-1.793,-2.215
-1.786,-0.158
-1.804,0.189
-1.95,-0.692
-2.021,-2.231
-2.112,-1.483
-2.185,-2.906
-2.22,-3.234
-2.226,-1.744
-2.23,-1.132
-2.268,-0.672
-2.438,-2.875
-2.523,-1.821
-2.551,-1.996
-2.652,-1.974
-2.677,-1.917
-2.647,-2.097
-2.651,-2.135
-2.668,-0.846
-2.761,-0.64
-2.791,-1.443
-2.788,-1.598
-2.836,0.514
-2.922,0.213
-2.871,-1.01
-2.935,-1.744
-2.97,-1.648
-3.04,-0.597
-3.038,-1.245
-3.062,0.01
-3.103,-0.633
3.113,-1.92
3.015,-2.339
3.043,-1.44
2.974,0.77
2.95,-2.314
2.97,0.723
2.963,0.657
2.888,0.43
2.928,-1.677
2.838,-2.41
2.886,0.52
2.738,0.143
2.812,-0.338
2.73,-0.209
2.645,-0.287
2.643,-1.96
2.643,0.541
2.516,-0.06
2.563,-0.514
2.531,-1.724
2.453,-0.489
2.341,-1.867
2.327,-0.962
2.282,-1.553
2.335,-2.301
2.205,-1.234
2.209,-1.289
2.147,-1.127
2.075,-1.404
2.081,-0.588
2.021,-1.728
1.89,-1.425
1.833,-2.383
1.882,-1.2
1.778,-3.22
1.764,-2.088
1.685,-1.778
1.689,-2.256
1.652,-2.287
1.611,-1.771
1.402,-2.332
1.387,-0.312
1.307,-2.026
1.249,-0.934
1.222,-2.542
1.216,-2.721
0.591,-3.451
0.555,-3.615
-0.628,-3.686
-0.771,-3.511
-0.763,-3.692
-0.891,-3.224
-1.038,-3.577
-1.264,-3.651
-1.611,-3.618
-2.279,-3.361
-2.435,-3.45
-2.667,-3.651
2.727,-3.484
0.846,1.049
0.353,1.079
0.018,0.827
-0.494,1.03
-0.575,0.868
-1.07,0.849
-2.328,1.089
-2.758,0.722
1.969,0.889
1.734,0.908
1.715,1.047
0.174,-2.365
-0.805,0.703
2.897,-0.196
1.397,0.709
-1.96,1.017
2.979,0.897
1.158,-0.465
0.994,-2.513
0.945,-2.923
0.862,0.531
0.668,0.507
0.582,0.199
0.609,-1.76
0.709,0.372
0.592,-3.034
0.672,-1.902
0.378,-0.378
0.282,-2.102
0.14,-0.917
0.247,-2.416
0.172,-1.751
0.054,-2.181
0.092,-0.851
-0.072,-2.069
-0.224,-1.517
-0.229,-2.212
-0.441,-0.654
-0.547,-2.625
-0.547,-0.535
-0.459,-0.795
-0.584,-2.267
-0.597,-0.643
-0.637,-3.189
-0.503,-2.383
-0.689,0.041
-0.546,-3.031
-0.707,-0.509
-0.633,-2.141
-0.734,-2.862
-0.905,-0.271
-0.827,0.14
-0.846,-0.909
-0.971,0.536
-1.095,-2.038
-0.988,-0.496
-1.017,-0.104
-1.231,-0.072
-1.222,0.451
-1.233,-0.998
-1.179,0.16
-1.182,-2.097
-1.219,-2.042
-1.378,0.162
-1.268,-1.523
-1.486,-0.11
-1.529,-2.192
-1.569,-1.504
-1.777,-3.208
-1.828,-1.666
-1.811,-1.765
-1.927,-0.492
-2.055,-2.833
-2.091,-0.381
-2.197,-2.195
-2.327,-0.517
-2.354,-2.16
-2.53,-0.571
-2.618,-0.504
-2.597,-0.903
-2.717,0.645
-2.725,0.303
-2.645,-2.392
-2.759,-3.224
-2.912,0.656
-2.923,-1.859
-3.003,0.594
-2.98,-1.963
-2.986,-0.345
3.137,-2.9
-3.022,-0.157
-3.086,0.279
2.991,0.046
2.901,-1.434
2.723,0.391
2.74,-1.011
2.725,0.608
2.653,-0.778
2.508,-0.949
2.332,0.227
2.301,-0.523
2.293,-3.167
2.263,0.74
2.332,-2.032
2.154,-1.098
2.139,-1.242
2.075,-0.835
2.083,-3.215
1.947,-1.934
1.781,-2.937
1.564,-1.461
1.531,-1.711
1.406,-0.777
1.504,-1.124
1.358,-0.396
1.466,-0.362
1.377,-1.906
1.31,-0.965
0.172,-3.429
-0.011,-3.613
-0.704,-3.402
-1.214,-3.584
-1.55,-3.611
-1.899,-3.487
-2.909,-3.563
2.969,-3.524
2.748,-3.514
2.636,-3.687
1.796,-3.669
1.939,-3.317
0.576,1.033
0.242,0.819
-0.063,0.992
-0.102,0.747
-0.488,0.876
-0.642,0.908
-0.668,1.073
-0.583,1.06
-0.806,1.038
-0.976,0.961
-1.019,1.067
-1.371,1.057
-1.826,0.94
-2.788,0.951
-2.692,0.793
-3.04,0.843
1.684,0.928
-0.104,-0.616
-0.254,-1.422
-0.264,0.24
-3.089,-2.805
3.092,-1.453
3.094,-1.549
2.726,-0.22
2.183,-1.211
0.56,-1.993
-0.6,-1.332
-2.052,0.154
-2.907,0.167
2.757,-0.353
1.955,-1.363
1.96,-1.126
1.995,-1.007
1.765,0.123
-0.323,-2.228
-2.04,-1.064
2.765,-1.051
1.963,-2.956
0.336,-3.003
-0.445,-2.951
-0.375,-3.089
0.748,1.056
-0.078,1.05
-0.089,-0.021
-0.032,-1.752
-0.171,1.087
-0.108,0.76
-0.109,-2.491
-0.33,0.668
-0.357,-2.2
-0.328,-2.237
-0.427,-1.283
-0.423,-1.759
-0.371,-1.811
-0.461,-2.062
-0.402,-0.922
-0.456,-1.766
-0.466,-1.279
-0.487,-0.67
-0.608,-0.195
-0.684,0.845
-0.757,0.102
-0.727,-1.314
-0.882,0.036
-0.828,0.634
-0.916,-1.98
-0.96,-0.561
-1.097,-1.656
-1.255,-0.931
-1.351,-2.736
-1.443,0.868
-1.664,-1.148
-1.661,-0.06
-1.599,-0.162
-1.649,-0.563
-1.729,-1.02
-1.798,-1.86
-1.791,0.197
-1.809,0.544
-1.955,-0.337
-2.026,-1.876
-2.117,-1.128
-2.19,-2.551
-2.225,-2.879
-2.231,-1.389
-2.235,-0.777
-2.273,-0.317
-2.443,-2.52
-2.528,-1.466
-2.556,-1.641
-2.657,-1.619
-2.682,-1.562
-2.652,-1.742
-2.656,-1.78
-2.673,-0.491
-2.766,-0.285
-2.796,-1.088
-2.793,-1.243
-2.841,0.869
-2.927,0.568
-2.876,-0.655
-2.94,-1.389
-2.975,-1.293
-3.045,-0.242
-3.043,-0.89
-3.067,0.365
-3.108,-0.278
3.108,-1.565
3.01,-1.984
3.038,-1.085
2.969,1.125
2.945,-1.959
2.965,1.078
2.958,1.012
2.883,0.785
2.923,-1.322
2.833,-2.055
2.881,0.875
2.733,0.498
2.807,0.017
2.725,0.146
2.64,0.068
2.638,-1.605
2.638,0.896
2.511,0.295
2.558,-0.159
2.526,-1.369
2.448,-0.134
2.336,-1.512
2.322,-0.607
2.277,-1.198
2.33,-1.946
2.2,-0.879
2.204,-0.934
2.142,-0.772
2.07,-1.049
2.076,-0.233
2.016,-1.373
1.885,-1.07
1.828,-2.028
1.877,-0.845
1.773,-2.865
1.759,-1.733
1.68,-1.423
1.684,-1.901
1.647,-1.932
1.606,-1.416
1.397,-1.977
1.382,0.043
1.302,-1.671
1.244,-0.579
1.217,-2.187
1.211,-2.366
0.586,-3.096
0.55,-3.26
-0.633,-3.331
-0.776,-3.156
-0.768,-3.337
-0.896,-2.869
-1.043,-3.222
-1.269,-3.296
-1.616,-3.263
-2.284,-3.006
-2.44,-3.095
-2.672,-3.296
2.722,-3.129
0.841,1.404
0.348,1.434
0.013,1.182
-0.499,1.385
-0.58,1.223
-1.075,1.204
-2.333,1.444
-2.763,1.077
1.964,1.244
1.729,1.263
1.71,1.402
0.169,-2.01
-0.81,1.058
2.892,0.159
1.392,1.064
-1.965,1.372
2.974,1.252
1.153,-0.11
0.989,-2.158
0.94,-2.568
0.857,0.886
0.663,0.862
0.577,0.554
0.604,-1.405
0.704,0.727
0.587,-2.679
0.667,-1.547
0.373,-0.023
0.277,-1.747
0.135,-0.562
0.242,-2.061
0.167,-1.396
0.049,-1.826
0.087,-0.496
-0.077,-1.714
-0.229,-1.162
-0.234,-1.857
-0.446,-0.299
-0.552,-2.27
-0.552,-0.18
-0.464,-0.44
-0.589,-1.912
-0.602,-0.288
-0.642,-2.834
-0.508,-2.028
-0.694,0.396
-0.551,-2.676
-0.712,-0.154
-0.638,-1.786
-0.739,-2.507
-0.91,0.084
-0.832,0.495
-0.851,-0.554
-0.976,0.891
-1.1,-1.683
-0.993,-0.141
-1.022,0.251
-1.236,0.283
-1.227,0.806
-1.238,-0.643
-1.184,0.515
-1.187,-1.742
-1.224,-1.687
-1.383,0.517
-1.273,-1.168
-1.491,0.245
-1.534,-1.837
-1.574,-1.149
-1.782,-2.853
-1.833,-1.311
-1.816,-1.41
-1.932,-0.137
-2.06,-2.478
-2.096,-0.026
-2.202,-1.84
-2.332,-0.162
-2.359,-1.805
-2.535,-0.216
-2.623,-0.149
-2.602,-0.548
-2.722,1.0
-2.73,0.658
-2.65,-2.037
-2.764,-2.869
-2.917,1.011
-2.928,-1.504
-3.008,0.949
-2.985,-1.608
-2.991,0.01
3.132,-2.545
-3.027,0.198
-3.091,0.634
2.986,0.401
2.896,-1.079
2.718,0.746
2.735,-0.656
2.72,0.963
2.648,-0.423
2.503,-0.594
2.327,0.582
2.296,-0.168
2.288,-2.812
2.258,1.095
2.327,-1.677
2.149,-0.743
2.134,-0.887
2.07,-0.48
2.078,-2.86
1.942,-1.579
1.776,-2.582
1.559,-1.106
1.526,-1.356
1.401,-0.422
1.499,-0.769
1.353,-0.041
1.461,-0.007
1.372,-1.551
1.305,-0.61
0.167,-3.074
-0.016,-3.258
-0.709,-3.047
-1.219,-3.229
-1.555,-3.256
-1.904,-3.132
-2.914,-3.208
2.964,-3.169
2.743,-3.159
2.631,-3.332
1.791,-3.314
1.934,-2.962
0.571,1.388
0.237,1.174
-0.068,1.347
-0.107,1.102
-0.493,1.231
-0.647,1.263
-0.673,1.428
-0.588,1.415
-0.811,1.393
-0.981,1.316
-1.024,1.422
-1.376,1.412
-1.831,1.295
-2.793,1.306
-2.697,1.148
-3.045,1.198
1.679,1.283
-0.109,-0.261
-0.259,-1.067
-0.269,0.595
-3.094,-2.45
3.087,-1.098
3.089,-1.194
2.721,0.135
2.178,-0.856
0.555,-1.638
-0.605,-0.977
-2.057,0.509
-2.912,0.522
2.752,0.002
1.95,-1.008
1.955,-0.771
1.99,-0.652
1.76,0.478
-0.328,-1.873
-2.045,-0.709
2.76,-0.696
1.958,-2.601
0.331,-2.648
-0.45,-2.596
-0.38,-2.734
0.743,1.411
-0.011,-1.071
0.046,-2.802
-0.093,0.037
-0.03,-0.29
-0.031,-3.541
-0.252,-0.382
-0.279,-3.25
-0.25,-3.287
-0.349,-2.333
-0.345,-2.809
-0.293,-2.861
-0.383,-3.112
-0.324,-1.972
-0.378,-2.816
-0.388,-2.329
-0.409,-1.72
-0.53,-1.245
-0.606,-0.205
-0.679,-0.948
-0.649,-2.364
-0.804,-1.014
-0.75,-0.416
-0.838,-3.03
-0.882,-1.611
-1.019,-2.706
-1.177,-1.981
-1.273,-3.786
-1.365,-0.182
-1.586,-2.198
-1.583,-1.11
-1.521,-1.212
-1.571,-1.613
-1.651,-2.07
-1.72,-2.91
-1.713,-0.853
-1.731,-0.506
-1.877,-1.387
-1.948,-2.926
-2.039,-2.178
-2.112,-3.601
-2.147,-3.929
-2.153,-2.439
-2.157,-1.827
-2.195,-1.367
-2.365,-3.57
-2.45,-2.516
-2.478,-2.691
-2.579,-2.669
-2.604,-2.612
-2.574,-2.792
-2.578,-2.83
-2.595,-1.541
-2.688,-1.335
-2.718,-2.138
-2.715,-2.293
-2.763,-0.181
-2.849,-0.482
-2.798,-1.705
-2.862,-2.439
-2.897,-2.343
-2.967,-1.292
-2.965,-1.94
-2.989,-0.685
-3.03,-1.328
-3.097,-2.615
3.088,-3.034
3.116,-2.135
3.047,0.075
3.023,-3.009
3.043,0.028
3.036,-0.038
2.961,-0.265
3.001,-2.372
2.911,-3.105
2.959,-0.175
2.811,-0.552
2.885,-1.033
2.803,-0.904
2.718,-0.982
2.716,-2.655
2.716,-0.154
2.589,-0.755
2.636,-1.209
2.604,-2.419
2.526,-1.184
2.414,-2.562
2.4,-1.657
2.355,-2.248
2.408,-2.996
2.278,-1.929
2.282,-1.984
2.22,-1.822
2.148,-2.099
2.154,-1.283
2.094,-2.423
1.963,-2.12
1.906,-3.078
1.955,-1.895
1.851,-3.915
1.837,-2.783
1.758,-2.473
1.762,-2.951
1.725,-2.982
1.684,-2.466
1.475,-3.027
1.46,-1.007
1.38,-2.721
1.322,-1.629
1.295,-3.237
1.289,-3.416
0.664,-4.146
0.628,-4.31
-0.555,-4.381
-0.698,-4.206
-0.69,-4.387
-0.818,-3.919
-0.965,-4.272
-1.191,-4.346
-1.538,-4.313
-2.206,-4.056
-2.362,-4.145
-2.594,-4.346
2.8,-4.179
0.919,0.354
0.426,0.384
0.091,0.132
-0.421,0.335
-0.502,0.173
-0.997,0.154
-2.255,0.394
-2.685,0.027
2.042,0.194
1.807,0.213
1.788,0.352
0.247,-3.06
-0.732,0.008
2.97,-0.891
1.47,0.014
-1.887,0.322
3.052,0.202
1.231,-1.16
1.067,-3.208
1.018,-3.618
0.935,-0.164
0.741,-0.188
0.655,-0.496
0.682,-2.455
0.782,-0.323
0.665,-3.729
0.745,-2.597
0.451,-1.073
0.355,-2.797
0.213,-1.612
0.32,-3.111
0.245,-2.446
0.127,-2.876
0.165,-1.546
0.001,-2.764
-0.151,-2.212
-0.156,-2.907
-0.368,-1.349
-0.474,-3.32
-0.474,-1.23
-0.386,-1.49
-0.511,-2.962
-0.524,-1.338
-0.564,-3.884
-0.43,-3.078
-0.616,-0.654
-0.473,-3.726
-0.634,-1.204
-0.56,-2.836
-0.661,-3.557
-0.832,-0.966
-0.754,-0.555
-0.773,-1.604
-0.898,-0.159
-1.022,-2.733
-0.915,-1.191
-0.944,-0.799
-1.158,-0.767
-1.149,-0.244
-1.16,-1.693
-1.106,-0.535
-1.109,-2.792
-1.146,-2.737
-1.305,-0.533
-1.195,-2.218
-1.413,-0.805
-1.456,-2.887
-1.496,-2.199
-1.704,-3.903
-1.755,-2.361
-1.738,-2.46
-1.854,-1.187
-1.982,-3.528
-2.018,-1.076
-2.124,-2.89
-2.254,-1.212
-2.281,-2.855
-2.457,-1.266
-2.545,-1.199
-2.524,-1.598
-2.644,-0.05
-2.652,-0.392
-2.572,-3.087
-2.686,-3.919
-2.839,-0.039
-2.85,-2.554
-2.93,-0.101
-2.907,-2.658
-2.913,-1.04
-3.073,-3.595
-2.949,-0.852
-3.013,-0.416
3.064,-0.649
2.974,-2.129
2.796,-0.304
2.813,-1.706
2.798,-0.087
2.726,-1.473
2.581,-1.644
2.405,-0.468
2.374,-1.218
2.366,-3.862
2.336,0.045
2.405,-2.727
2.227,-1.793
2.212,-1.937
2.148,-1.53
2.156,-3.91
2.02,-2.629
1.854,-3.632
1.637,-2.156
1.604,-2.406
1.479,-1.472
1.577,-1.819
1.431,-1.091
1.539,-1.057
1.45,-2.601
1.383,-1.66
0.245,-4.124
0.062,-4.308
-0.631,-4.097
-1.141,-4.279
-1.477,-4.306
-1.826,-4.182
-2.836,-4.258
3.042,-4.219
2.821,-4.209
2.709,-4.382
1.869,-4.364
2.012,-4.012
0.649,0.338
0.315,0.124
0.01,0.297
-0.029,0.052
-0.415,0.181
-0.569,0.213
-0.595,0.378
-0.51,0.365
-0.733,0.343
-0.903,0.266
-0.946,0.372
-1.298,0.362
-1.753,0.245
-2.715,0.256
-2.619,0.098
-2.967,0.148
1.757,0.233
-0.031,-1.311
-0.181,-2.117
-0.191,-0.455
-3.016,-3.5
-3.118,-2.148
-3.116,-2.244
2.799,-0.915
2.256,-1.906
0.633,-2.688
-0.527,-2.027
-1.979,-0.541
-2.834,-0.528
2.83,-1.048
2.028,-2.058
2.033,-1.821
2.068,-1.702
1.838,-0.572
-0.25,-2.923
-1.967,-1.759
2.838,-1.746
2.036,-3.651
0.409,-3.698
-0.372,-3.646
-0.302,-3.784
0.821,0.361
0.057,-1.731
-0.082,1.108
-0.019,0.781
-0.02,-2.47
-0.241,0.689
-0.268,-2.179
-0.239,-2.216
-0.338,-1.262
-0.334,-1.738
-0.282,-1.79
-0.372,-2.041
-0.313,-0.901
-0.367,-1.745
-0.377,-1.258
-0.398,-0.649
-0.519,-0.174
-0.595,0.866
-0.668,0.123
-0.638,-1.293
-0.793,0.057
-0.739,0.655
-0.827,-1.959
-0.871,-0.54
-1.008,-1.635
-1.166,-0.91
-1.262,-2.715
-1.354,0.889
-1.575,-1.127
-1.572,-0.039
-1.51,-0.141
-1.56,-0.542
-1.64,-0.999
-1.709,-1.839
-1.702,0.218
-1.72,0.565
-1.866,-0.316
-1.937,-1.855
-2.028,-1.107
-2.101,-2.53
-2.136,-2.858
-2.142,-1.368
-2.146,-0.756
-2.184,-0.296
-2.354,-2.499
-2.439,-1.445
-2.467,-1.62
-2.568,-1.598
-2.593,-1.541
-2.563,-1.721
-2.567,-1.759
-2.584,-0.47
-2.677,-0.264
-2.707,-1.067
-2.704,-1.222
-2.752,0.89
-2.838,0.589
-2.787,-0.634
-2.851,-1.368
-2.886,-1.272
-2.956,-0.221
-2.954,-0.869
-2.978,0.386
-3.019,-0.257
-3.086,-1.544
3.099,-1.963
3.127,-1.064
3.058,1.146
3.034,-1.938
3.054,1.099
3.047,1.033
2.972,0.806
3.012,-1.301
2.922,-2.034
2.97,0.896
2.822,0.519
2.896,0.038
2.814,0.167
2.729,0.089
2.727,-1.584
2.727,0.917
2.6,0.316
2.647,-0.138
2.615,-1.348
2.537,-0.113
2.425,-1.491
2.411,-0.586
2.366,-1.177
2.419,-1.925
2.289,-0.858
2.293,-0.913
2.231,-0.751
2.159,-1.028
2.165,-0.212
2.105,-1.352
1.974,-1.049
1.917,-2.007
1.966,-0.824
1.862,-2.844
1.848,-1.712
1.769,-1.402
1.773,-1.88
1.736,-1.911
1.695,-1.395
1.486,-1.956
1.471,0.064
1.391,-1.65
1.333,-0.558
1.306,-2.166
1.3,-2.345
0.675,-3.075
0.639,-3.239
-0.544,-3.31
-0.687,-3.135
-0.679,-3.316
-0.807,-2.848
-0.954,-3.201
-1.18,-3.275
-1.527,-3.242
-2.195,-2.985
-2.351,-3.074
-2.583,-3.275
2.811,-3.108
0.93,1.425
0.437,1.455
0.102,1.203
-0.41,1.406
-0.491,1.244
-0.986,1.225
-2.244,1.465
-2.674,1.098
2.053,1.265
1.818,1.284
1.799,1.423
0.258,-1.989
-0.721,1.079
2.981,0.18
1.481,1.085
-1.876,1.393
3.063,1.273
1.242,-0.089
1.078,-2.137
1.029,-2.547
0.946,0.907
0.752,0.883
0.666,0.575
0.693,-1.384
0.793,0.748
0.676,-2.658
0.756,-1.526
0.462,-0.002
0.366,-1.726
0.224,-0.541
0.331,-2.04
0.256,-1.375
0.138,-1.805
0.176,-0.475
0.012,-1.693
-0.14,-1.141
-0.145,-1.836
-0.357,-0.278
-0.463,-2.249
-0.463,-0.159
-0.375,-0.419
-0.5,-1.891
-0.513,-0.267
-0.553,-2.813
-0.419,-2.007
-0.605,0.417
-0.462,-2.655
-0.623,-0.133
-0.549,-1.765
-0.65,-2.486
-0.821,0.105
-0.743,0.516
-0.762,-0.533
-0.887,0.912
-1.011,-1.662
-0.904,-0.12
-0.933,0.272
-1.147,0.304
-1.138,0.827
-1.149,-0.622
-1.095,0.536
-1.098,-1.721
-1.135,-1.666
-1.294,0.538
-1.184,-1.147
-1.402,0.266
-1.445,-1.816
-1.485,-1.128
-1.693,-2.832
-1.744,-1.29
-1.727,-1.389
-1.843,-0.116
-1.971,-2.457
-2.007,-0.005
-2.113,-1.819
-2.243,-0.141
-2.27,-1.784
-2.446,-0.195
-2.534,-0.128
-2.513,-0.527
-2.633,1.021
-2.641,0.679
-2.561,-2.016
-2.675,-2.848
-2.828,1.032
-2.839,-1.483
-2.919,0.97
-2.896,-1.587
-2.902,0.031
-3.062,-2.524
-2.938,0.219
-3.002,0.655
3.075,0.422
2.985,-1.058
2.807,0.767
2.824,-0.635
2.809,0.984
2.737,-0.402
2.592,-0.573
2.416,0.603
2.385,-0.147
2.377,-2.791
2.347,1.116
2.416,-1.656
2.238,-0.722
2.223,-0.866
2.159,-0.459
2.167,-2.839
2.031,-1.558
1.865,-2.561
1.648,-1.085
1.615,-1.335
1.49,-0.401
1.588,-0.748
1.442,-0.02
1.55,0.014
1.461,-1.53
1.394,-0.589
0.256,-3.053
0.073,-3.237
-0.62,-3.026
-1.13,-3.208
-1.466,-3.235
-1.815,-3.111
-2.825,-3.187
3.053,-3.148
2.832,-3.138
2.72,-3.311
1.88,-3.293
2.023,-2.941
0.66,1.409
0.326,1.195
0.021,1.368
-0.018,1.123
-0.404,1.252
-0.558,1.284
-0.584,1.449
-0.499,1.436
-0.722,1.414
-0.892,1.337
-0.935,1.443
-1.287,1.433
-1.742,1.316
-2.704,1.327
-2.608,1.169
-2.956,1.219
1.768,1.304
-0.02,-0.24
-0.17,-1.046
-0.18,0.616
-3.005,-2.429
-3.107,-1.077
-3.105,-1.173
2.81,0.156
2.267,-0.835
0.644,-1.617
-0.516,-0.956
-1.968,0.53
-2.823,0.543
2.841,0.023
2.039,-0.987
2.044,-0.75
2.079,-0.631
1.849,0.499
-0.239,-1.852
-1.956,-0.688
2.849,-0.675
2.047,-2.58
0.42,-2.627
-0.361,-2.575
-0.291,-2.713
0.832,1.432
-0.139,2.839
-0.076,2.512
-0.077,-0.739
-0.298,2.42
-0.325,-0.448
-0.296,-0.485
-0.395,0.469
-0.391,-0.007
-0.339,-0.059
-0.429,-0.31
-0.37,0.83
-0.424,-0.014
-0.434,0.473
-0.455,1.082
-0.576,1.557
-0.652,2.597
-0.725,1.854
-0.695,0.438
-0.85,1.788
-0.796,2.386
-0.884,-0.228
-0.928,1.191
-1.065,0.096
-1.223,0.821
-1.319,-0.984
-1.411,2.62
-1.632,0.604
-1.629,1.692
-1.567,1.59
-1.617,1.189
-1.697,0.732
-1.766,-0.108
-1.759,1.949
-1.777,2.296
-1.923,1.415
-1.994,-0.124
-2.085,0.624
-2.158,-0.799
-2.193,-1.127
-2.199,0.363
-2.203,0.975
-2.241,1.435
-2.411,-0.768
-2.496,0.286
-2.524,0.111
-2.625,0.133
-2.65,0.19
-2.62,0.01
-2.624,-0.028
-2.641,1.261
-2.734,1.467
-2.764,0.664
-2.761,0.509
-2.809,2.621
-2.895,2.32
-2.844,1.097
-2.908,0.363
-2.943,0.459
-3.013,1.51
-3.011,0.862
-3.035,2.117
-3.076,1.474
3.14,0.187
3.042,-0.232
3.07,0.667
3.001,2.877
2.977,-0.207
2.997,2.83
2.99,2.764
2.915,2.537
2.955,0.43
2.865,-0.303
2.913,2.627
2.765,2.25
2.839,1.769
2.757,1.898
2.672,1.82
2.67,0.147
2.67,2.648
2.543,2.047
2.59,1.593
2.558,0.383
2.48,1.618
2.368,0.24
2.354,1.145
2.309,0.554
2.362,-0.194
2.232,0.873
2.236,0.818
2.174,0.98
2.102,0.703
2.108,1.519
2.048,0.379
1.917,0.682
1.86,-0.276
1.909,0.907
1.805,-1.113
1.791,0.019
1.712,0.329
1.716,-0.149
1.679,-0.18
1.638,0.336
1.429,-0.225
1.414,1.795
1.334,0.081
1.276,1.173
1.249,-0.435
1.243,-0.614
0.618,-1.344
0.582,-1.508
-0.601,-1.579
-0.744,-1.404
-0.736,-1.585
-0.864,-1.117
-1.011,-1.47
-1.237,-1.544
-1.584,-1.511
-2.252,-1.254
-2.408,-1.343
-2.64,-1.544
2.754,-1.377
0.873,3.156
0.38,3.186
0.045,2.934
-0.467,3.137
-0.548,2.975
-1.043,2.956
-2.301,3.196
-2.731,2.829
1.996,2.996
1.761,3.015
1.742,3.154
0.201,-0.258
-0.778,2.81
2.924,1.911
1.424,2.816
-1.933,3.124
3.006,3.004
1.185,1.642
1.021,-0.406
0.972,-0.816
0.889,2.638
0.695,2.614
0.609,2.306
0.636,0.347
0.736,2.479
0.619,-0.927
0.699,0.205
0.405,1.729
0.309,0.005
0.167,1.19
0.274,-0.309
0.199,0.356
0.081,-0.074
0.119,1.256
-0.045,0.038
-0.197,0.59
-0.202,-0.105
-0.414,1.453
-0.52,-0.518
-0.52,1.572
-0.432,1.312
-0.557,-0.16
-0.57,1.464
-0.61,-1.082
-0.476,-0.276
-0.662,2.148
-0.519,-0.924
-0.68,1.598
-0.606,-0.034
-0.707,-0.755
-0.878,1.836
-0.8,2.247
-0.819,1.198
-0.944,2.643
-1.068,0.069
-0.961,1.611
-0.99,2.003
-1.204,2.035
-1.195,2.558
-1.206,1.109
-1.152,2.267
-1.155,0.01
-1.192,0.065
-1.351,2.269
-1.241,0.584
-1.459,1.997
-1.502,-0.085
-1.542,0.603
-1.75,-1.101
-1.801,0.441
-1.784,0.342
-1.9,1.615
-2.028,-0.726
-2.064,1.726
-2.17,-0.088
-2.3,1.59
-2.327,-0.053
-2.503,1.536
-2.591,1.603
-2.57,1.204
-2.69,2.752
-2.698,2.41
-2.618,-0.285
-2.732,-1.117
-2.885,2.763
-2.896,0.248
-2.976,2.701
-2.953,0.144
-2.959,1.762
-3.119,-0.793
-2.995,1.95
-3.059,2.386
3.018,2.153
2.928,0.673
2.75,2.498
2.767,1.096
2.752,2.715
2.68,1.329
2.535,1.158
2.359,2.334
2.328,1.584
2.32,-1.06
2.29,2.847
2.359,0.075
2.181,1.009
2.166,0.865
2.102,1.272
2.11,-1.108
1.974,0.173
1.808,-0.83
1.591,0.646
1.558,0.396
1.433,1.33
1.531,0.983
1.385,1.711
1.493,1.745
1.404,0.201
1.337,1.142
0.199,-1.322
0.016,-1.506
-0.677,-1.295
-1.187,-1.477
-1.523,-1.504
-1.872,-1.38
-2.882,-1.456
2.996,-1.417
2.775,-1.407
2.663,-1.58
1.823,-1.562
1.966,-1.21
0.603,3.14
0.269,2.926
-0.036,3.099
-0.075,2.854
-0.461,2.983
-0.615,3.015
-0.641,3.18
-0.556,3.167
-0.779,3.145
-0.949,3.068
-0.992,3.174
-1.344,3.164
-1.799,3.047
-2.761,3.058
-2.665,2.9
-3.013,2.95
1.711,3.035
-0.077,1.491
-0.227,0.685
-0.237,2.347
-3.062,-0.698
3.119,0.654
3.121,0.558
2.753,1.887
2.21,0.896
0.587,0.114
-0.573,0.775
-2.025,2.261
-2.88,2.274
2.784,1.754
1.982,0.744
1.987,0.981
2.022,1.1
1.792,2.23
-0.296,-0.121
-2.013,1.043
2.792,1.056
1.99,-0.849
0.363,-0.896
-0.418,-0.844
-0.348,-0.982
0.775,3.163
0.063,-0.327
0.062,-3.578
-0.159,-0.419
-0.186,-3.287
-0.157,-3.324
-0.256,-2.37
-0.252,-2.846
-0.2,-2.898
-0.29,-3.149
-0.231,-2.009
-0.285,-2.853
-0.295,-2.366
-0.316,-1.757
-0.437,-1.282
-0.513,-0.242
-0.586,-0.985
-0.556,-2.401
-0.711,-1.051
-0.657,-0.453
-0.745,-3.067
-0.789,-1.648
-0.926,-2.743
-1.084,-2.018
-1.18,-3.823
-1.272,-0.219
-1.493,-2.235
-1.49,-1.147
-1.428,-1.249
-1.478,-1.65
-1.558,-2.107
-1.627,-2.947
-1.62,-0.89
-1.638,-0.543
-1.784,-1.424
-1.855,-2.963
-1.946,-2.215
-2.019,-3.638
-2.054,-3.966
-2.06,-2.476
-2.064,-1.864
-2.102,-1.404
-2.272,-3.607
-2.357,-2.553
-2.385,-2.728
-2.486,-2.706
-2.511,-2.649
-2.481,-2.829
-2.485,-2.867
-2.502,-1.578
-2.595,-1.372
-2.625,-2.175
-2.622,-2.33
-2.67,-0.218
-2.756,-0.519
-2.705,-1.742
-2.769,-2.476
-2.804,-2.38
-2.874,-1.329
-2.872,-1.977
-2.896,-0.722
-2.937,-1.365
-3.004,-2.652
-3.102,-3.071
-3.074,-2.172
3.14,0.038
3.116,-3.046
3.136,-0.009
3.129,-0.075
3.054,-0.302
3.094,-2.409
3.004,-3.142
3.052,-0.212
2.904,-0.589
2.978,-1.07
2.896,-0.941
2.811,-1.019
2.809,-2.692
2.809,-0.191
2.682,-0.792
2.729,-1.246
2.697,-2.456
2.619,-1.221
2.507,-2.599
2.493,-1.694
2.448,-2.285
2.501,-3.033
2.371,-1.966
2.375,-2.021
2.313,-1.859
2.241,-2.136
2.247,-1.32
2.187,-2.46
2.056,-2.157
1.999,-3.115
2.048,-1.932
1.944,-3.952
1.93,-2.82
1.851,-2.51
1.855,-2.988
1.818,-3.019
1.777,-2.503
1.568,-3.064
1.553,-1.044
1.473,-2.758
1.415,-1.666
1.388,-3.274
1.382,-3.453
0.757,-4.183
0.721,-4.347
-0.462,-4.418
-0.605,-4.243
-0.597,-4.424
-0.725,-3.956
-0.872,-4.309
-1.098,-4.383
-1.445,-4.35
-2.113,-4.093
-2.269,-4.182
-2.501,-4.383
2.893,-4.216
1.012,0.317
0.519,0.347
0.184,0.095
-0.328,0.298
-0.409,0.136
-0.904,0.117
-2.162,0.357
-2.592,-0.01
2.135,0.157
1.9,0.176
1.881,0.315
0.34,-3.097
-0.639,-0.029
3.063,-0.928
1.563,-0.023
-1.794,0.285
-3.138,0.165
1.324,-1.197
1.16,-3.245
1.111,-3.655
1.028,-0.201
0.834,-0.225
0.748,-0.533
0.775,-2.492
0.875,-0.36
0.758,-3.766
0.838,-2.634
0.544,-1.11
0.448,-2.834
0.306,-1.649
0.413,-3.148
0.338,-2.483
0.22,-2.913
0.258,-1.583
0.094,-2.801
-0.058,-2.249
-0.063,-2.944
-0.275,-1.386
-0.381,-3.357
-0.381,-1.267
-0.293,-1.527
-0.418,-2.999
-0.431,-1.375
-0.471,-3.921
-0.337,-3.115
-0.523,-0.691
-0.38,-3.763
-0.541,-1.241
-0.467,-2.873
-0.568,-3.594
-0.739,-1.003
-0.661,-0.592
-0.68,-1.641
-0.805,-0.196
-0.929,-2.77
-0.822,-1.228
-0.851,-0.836
-1.065,-0.804
-1.056,-0.281
-1.067,-1.73
-1.013,-0.572
-1.016,-2.829
-1.053,-2.774
-1.212,-0.57
-1.102,-2.255
-1.32,-0.842
-1.363,-2.924
-1.403,-2.236
-1.611,-3.94
-1.662,-2.398
-1.645,-2.497
-1.761,-1.224
-1.889,-3.565
-1.925,-1.113
-2.031,-2.927
-2.161,-1.249
-2.188,-2.892
-2.364,-1.303
-2.452,-1.236
-2.431,-1.635
-2.551,-0.087
-2.559,-0.429
-2.479,-3.124
-2.593,-3.956
-2.746,-0.076
-2.757,-2.591
-2.837,-0.138
-2.814,-2.695
-2.82,-1.077
-2.98,-3.632
-2.856,-0.889
-2.92,-0.453
-3.126,-0.686
3.067,-2.166
2.889,-0.341
2.906,-1.743
2.891,-0.124
2.819,-1.51
2.674,-1.681
2.498,-0.505
2.467,-1.255
2.459,-3.899
2.429,0.008
2.498,-2.764
2.32,-1.83
2.305,-1.974
2.241,-1.567
2.249,-3.947
2.113,-2.666
1.947,-3.669
1.73,-2.193
1.697,-2.443
1.572,-1.509
1.67,-1.856
1.524,-1.128
1.632,-1.094
1.543,-2.638
1.476,-1.697
0.338,-4.161
0.155,-4.345
-0.538,-4.134
-1.048,-4.316
-1.384,-4.343
-1.733,-4.219
-2.743,-4.295
3.135,-4.256
2.914,-4.246
2.802,-4.419
1.962,-4.401
2.105,-4.049
0.742,0.301
0.408,0.087
0.103,0.26
0.064,0.015
-0.322,0.144
-0.476,0.176
-0.502,0.341
-0.417,0.328
-0.64,0.306
-0.81,0.229
-0.853,0.335
-1.205,0.325
-1.66,0.208
-2.622,0.219
-2.526,0.061
-2.874,0.111
1.85,0.196
0.062,-1.348
-0.088,-2.154
-0.098,-0.492
-2.923,-3.537
-3.025,-2.185
-3.023,-2.281
2.892,-0.952
2.349,-1.943
0.726,-2.725
-0.434,-2.064
-1.886,-0.578
-2.741,-0.565
2.923,-1.085
2.121,-2.095
2.126,-1.858
2.161,-1.739
1.931,-0.609
-0.157,-2.96
-1.874,-1.796
2.931,-1.783
2.129,-3.688
0.502,-3.735
-0.279,-3.683
-0.209,-3.821
0.914,0.324
-0.001,-3.251
-0.222,-0.092
-0.249,-2.96
-0.22,-2.997
-0.319,-2.043
-0.315,-2.519
-0.263,-2.571
-0.353,-2.822
-0.294,-1.682
-0.348,-2.526
-0.358,-2.039
-0.379,-1.43
-0.5,-0.955
-0.576,0.085
-0.649,-0.658
-0.619,-2.074
-0.774,-0.724
-0.72,-0.126
-0.808,-2.74
-0.852,-1.321
-0.989,-2.416
-1.147,-1.691
-1.243,-3.496
-1.335,0.108
-1.556,-1.908
-1.553,-0.82
-1.491,-0.922
-1.541,-1.323
-1.621,-1.78
-1.69,-2.62
-1.683,-0.563
-1.701,-0.216
-1.847,-1.097
-1.918,-2.636
-2.009,-1.888
-2.082,-3.311
-2.117,-3.639
-2.123,-2.149
-2.127,-1.537
-2.165,-1.077
-2.335,-3.28
-2.42,-2.226
-2.448,-2.401
-2.549,-2.379
-2.574,-2.322
-2.544,-2.502
-2.548,-2.54
-2.565,-1.251
-2.658,-1.045
-2.688,-1.848
-2.685,-2.003
-2.733,0.109
-2.819,-0.192
-2.768,-1.415
-2.832,-2.149
-2.867,-2.053
-2.937,-1.002
-2.935,-1.65
-2.959,-0.395
-3.0,-1.038
-3.067,-2.325
3.118,-2.744
-3.137,-1.845
3.077,0.365
3.053,-2.719
3.073,0.318
3.066,0.252
2.991,0.025
3.031,-2.082
2.941,-2.815
2.989,0.115
2.841,-0.262
2.915,-0.743
2.833,-0.614
2.748,-0.692
2.746,-2.365
2.746,0.136
2.619,-0.465
2.666,-0.919
2.634,-2.129
2.556,-0.894
2.444,-2.272
2.43,-1.367
2.385,-1.958
2.438,-2.706
2.308,-1.639
2.312,-1.694
2.25,-1.532
2.178,-1.809
2.184,-0.993
2.124,-2.133
1.993,-1.83
1.936,-2.788
1.985,-1.605
1.881,-3.625
1.867,-2.493
1.788,-2.183
1.792,-2.661
1.755,-2.692
1.714,-2.176
1.505,-2.737
1.49,-0.717
1.41,-2.431
1.352,-1.339
1.325,-2.947
1.319,-3.126
0.694,-3.856
0.658,-4.02
-0.525,-4.091
-0.668,-3.916
-0.66,-4.097
-0.788,-3.629
-0.935,-3.982
-1.161,-4.056
-1.508,-4.023
-2.176,-3.766
-2.332,-3.855
-2.564,-4.056
2.83,-3.889
0.949,0.644
0.456,0.674
0.121,0.422
-0.391,0.625
-0.472,0.463
-0.967,0.444
-2.225,0.684
-2.655,0.317
2.072,0.484
1.837,0.503
1.818,0.642
0.277,-2.77
-0.702,0.298
3.0,-0.601
1.5,0.304
-1.857,0.612
3.082,0.492
1.261,-0.87
1.097,-2.918
1.048,-3.328
0.965,0.126
0.771,0.102
0.685,-0.206
0.712,-2.165
0.812,-0.033
0.695,-3.439
0.775,-2.307
0.481,-0.783
0.385,-2.507
0.243,-1.322
0.35,-2.821
0.275,-2.156
0.157,-2.586
0.195,-1.256
0.031,-2.474
-0.121,-1.922
-0.126,-2.617
-0.338,-1.059
-0.444,-3.03
-0.444,-0.94
-0.356,-1.2
-0.481,-2.672
-0.494,-1.048
-0.534,-3.594
-0.4,-2.788
-0.586,-0.364
-0.443,-3.436
-0.604,-0.914
-0.53,-2.546
-0.631,-3.267
-0.802,-0.676
-0.724,-0.265
-0.743,-1.314
-0.868,0.131
-0.992,-2.443
-0.885,-0.901
-0.914,-0.509
-1.128,-0.477
-1.119,0.046
-1.13,-1.403
-1.076,-0.245
-1.079,-2.502
-1.116,-2.447
-1.275,-0.243
-1.165,-1.928
-1.383,-0.515
-1.426,-2.597
-1.466,-1.909
-1.674,-3.613
-1.725,-2.071
-1.708,-2.17
-1.824,-0.897
-1.952,-3.238
-1.988,-0.786
-2.094,-2.6
-2.224,-0.922
-2.251,-2.565
-2.427,-0.976
-2.515,-0.909
-2.494,-1.308
-2.614,0.24
-2.622,-0.102
-2.542,-2.797
-2.656,-3.629
-2.809,0.251
-2.82,-2.264
-2.9,0.189
-2.877,-2.368
-2.883,-0.75
-3.043,-3.305
-2.919,-0.562
-2.983,-0.126
3.094,-0.359
3.004,-1.839
2.826,-0.014
2.843,-1.416
2.828,0.203
2.756,-1.183
2.611,-1.354
2.435,-0.178
2.404,-0.928
2.396,-3.572
2.366,0.335
2.435,-2.437
2.257,-1.503
2.242,-1.647
2.178,-1.24
2.186,-3.62
2.05,-2.339
1.884,-3.342
1.667,-1.866
1.634,-2.116
1.509,-1.182
1.607,-1.529
1.461,-0.801
1.569,-0.767
1.48,-2.311
1.413,-1.37
0.275,-3.834
0.092,-4.018
-0.601,-3.807
-1.111,-3.989
-1.447,-4.016
-1.796,-3.892
-2.806,-3.968
3.072,-3.929
2.851,-3.919
2.739,-4.092
1.899,-4.074
2.042,-3.722
0.679,0.628
0.345,0.414
0.04,0.587
0.001,0.342
-0.385,0.471
-0.539,0.503
-0.565,0.668
-0.48,0.655
-0.703,0.633
-0.873,0.556
-0.916,0.662
-1.268,0.652
-1.723,0.535
-2.685,0.546
-2.589,0.388
-2.937,0.438
1.787,0.523
-0.001,-1.021
-0.151,-1.827
-0.161,-0.165
-2.986,-3.21
-3.088,-1.858
-3.086,-1.954
2.829,-0.625
2.286,-1.616
0.663,-2.398
-0.497,-1.737
-1.949,-0.251
-2.804,-0.238
2.86,-0.758
2.058,-1.768
2.063,-1.531
2.098,-1.412
1.868,-0.282
-0.22,-2.633
-1.937,-1.469
2.868,-1.456
2.066,-3.361
0.439,-3.408
-0.342,-3.356
-0.272,-3.494
0.851,0.651
-0.221,3.159
-0.248,0.291
-0.219,0.254
-0.318,1.208
-0.314,0.732
-0.262,0.68
-0.352,0.429
-0.293,1.569
-0.347,0.725
-0.357,1.212
-0.378,1.821
-0.499,2.296
-0.575,3.336
-0.648,2.593
-0.618,1.177
-0.773,2.527
-0.719,3.125
-0.807,0.511
-0.851,1.93
-0.988,0.835
-1.146,1.56
-1.242,-0.245
-1.334,3.359
-1.555,1.343
-1.552,2.431
-1.49,2.329
-1.54,1.928
-1.62,1.471
-1.689,0.631
-1.682,2.688
-1.7,3.035
-1.846,2.154
-1.917,0.615
-2.008,1.363
-2.081,-0.06
-2.116,-0.388
-2.122,1.102
-2.126,1.714
-2.164,2.174
-2.334,-0.029
-2.419,1.025
-2.447,0.85
-2.548,0.872
-2.573,0.929
-2.543,0.749
-2.547,0.711
-2.564,2.0
-2.657,2.206
-2.687,1.403
-2.684,1.248
-2.732,3.36
-2.818,3.059
-2.767,1.836
-2.831,1.102
-2.866,1.198
-2.936,2.249
-2.934,1.601
-2.958,2.856
-2.999,2.213
-3.066,0.926
3.119,0.507
-3.136,1.406
3.078,3.616
3.054,0.532
3.074,3.569
3.067,3.503
2.992,3.276
3.032,1.169
2.942,0.436
2.99,3.366
2.842,2.989
2.916,2.508
2.834,2.637
2.749,2.559
2.747,0.886
2.747,3.387
2.62,2.786
2.667,2.332
2.635,1.122
2.557,2.357
2.445,0.979
2.431,1.884
2.386,1.293
2.439,0.545
2.309,1.612
2.313,1.557
2.251,1.719
2.179,1.442
2.185,2.258
2.125,1.118
1.994,1.421
1.937,0.463
1.986,1.646
1.882,-0.374
1.868,0.758
1.789,1.068
1.793,0.59
1.756,0.559
1.715,1.075
1.506,0.514
1.491,2.534
1.411,0.82
1.353,1.912
1.326,0.304
1.32,0.125
0.695,-0.605
0.659,-0.769
-0.524,-0.84
-0.667,-0.665
-0.659,-0.846
-0.787,-0.378
-0.934,-0.731
-1.16,-0.805
-1.507,-0.772
-2.175,-0.515
-2.331,-0.604
-2.563,-0.805
2.831,-0.638
0.95,3.895
0.457,3.925
0.122,3.673
-0.39,3.876
-0.471,3.714
-0.966,3.695
-2.224,3.935
-2.654,3.568
2.073,3.735
1.838,3.754
1.819,3.893
0.278,0.481
-0.701,3.549
3.001,2.65
1.501,3.555
-1.856,3.863
3.083,3.743
1.262,2.381
1.098,0.333
1.049,-0.077
0.966,3.377
0.772,3.353
0.686,3.045
0.713,1.086
0.813,3.218
0.696,-0.188
0.776,0.944
0.482,2.468
0.386,0.744
0.244,1.929
0.351,0.43
0.276,1.095
0.158,0.665
0.196,1.995
0.032,0.777
-0.12,1.329
-0.125,0.634
-0.337,2.192
-0.443,0.221
-0.443,2.311
-0.355,2.051
-0.48,0.579
-0.493,2.203
-0.533,-0.343
-0.399,0.463
-0.585,2.887
-0.442,-0.185
-0.603,2.337
-0.529,0.705
-0.63,-0.016
-0.801,2.575
-0.723,2.986
-0.742,1.937
-0.867,3.382
-0.991,0.808
-0.884,2.35
-0.913,2.742
-1.127,2.774
-1.118,3.297
-1.129,1.848
-1.075,3.006
-1.078,0.749
-1.115,0.804
-1.274,3.008
-1.164,1.323
-1.382,2.736
-1.425,0.654
-1.465,1.342
-1.673,-0.362
-1.724,1.18
-1.707,1.081
-1.823,2.354
-1.951,0.013
-1.987,2.465
-2.093,0.651
-2.223,2.329
-2.25,0.686
-2.426,2.275
-2.514,2.342
-2.493,1.943
-2.613,3.491
-2.621,3.149
-2.541,0.454
-2.655,-0.378
-2.808,3.502
-2.819,0.987
-2.899,3.44
-2.876,0.883
-2.882,2.501
-3.042,-0.054
-2.918,2.689
-2.982,3.125
3.095,2.892
3.005,1.412
2.827,3.237
2.844,1.835
2.829,3.454
2.757,2.068
2.612,1.897
2.436,3.073
2.405,2.323
2.397,-0.321
2.367,3.586
2.436,0.814
2.258,1.748
2.243,1.604
2.179,2.011
2.187,-0.369
2.051,0.912
1.885,-0.091
1.668,1.385
1.635,1.135
1.51,2.069
1.608,1.722
1.462,2.45
1.57,2.484
1.481,0.94
1.414,1.881
0.276,-0.583
0.093,-0.767
-0.6,-0.556
-1.11,-0.738
-1.446,-0.765
-1.795,-0.641
-2.805,-0.717
3.073,-0.678
2.852,-0.668
2.74,-0.841
1.9,-0.823
2.043,-0.471
0.68,3.879
0.346,3.665
0.041,3.838
0.002,3.593
-0.384,3.722
-0.538,3.754
-0.564,3.919
-0.479,3.906
-0.702,3.884
-0.872,3.807
-0.915,3.913
-1.267,3.903
-1.722,3.786
-2.684,3.797
-2.588,3.639
-2.936,3.689
1.788,3.774
0.0,2.23
-0.15,1.424
-0.16,3.086
-2.985,0.041
-3.087,1.393
-3.085,1.297
2.83,2.626
2.287,1.635
0.664,0.853
-0.496,1.514
-1.948,3.0
-2.803,3.013
2.861,2.493
2.059,1.483
2.064,1.72
2.099,1.839
1.869,2.969
-0.219,0.618
-1.936,1.782
2.869,1.795
2.067,-0.11
0.44,-0.157
-0.341,-0.105
-0.271,-0.243
0.852,3.902
-0.027,-2.868
0.002,-2.905
-0.097,-1.951
-0.093,-2.427
-0.041,-2.479
-0.131,-2.73
-0.072,-1.59
-0.126,-2.434
-0.136,-1.947
-0.157,-1.338
-0.278,-0.863
-0.354,0.177
-0.427,-0.566
-0.397,-1.982
-0.552,-0.632
-0.498,-0.034
-0.586,-2.648
-0.63,-1.229
-0.767,-2.324
-0.925,-1.599
-1.021,-3.404
-1.113,0.2
-1.334,-1.816
-1.331,-0.728
-1.269,-0.83
-1.319,-1.231
-1.399,-1.688
-1.468,-2.528
-1.461,-0.471
-1.479,-0.124
-1.625,-1.005
-1.696,-2.544
-1.787,-1.796
-1.86,-3.219
-1.895,-3.547
-1.901,-2.057
-1.905,-1.445
-1.943,-0.985
-2.113,-3.188
-2.198,-2.134
-2.226,-2.309
-2.327,-2.287
-2.352,-2.23
-2.322,-2.41
-2.326,-2.448
-2.343,-1.159
-2.436,-0.953
-2.466,-1.756
-2.463,-1.911
-2.511,0.201
-2.597,-0.1
-2.546,-1.323
-2.61,-2.057
-2.645,-1.961
-2.715,-0.91
-2.713,-1.558
-2.737,-0.303
-2.778,-0.946
-2.845,-2.233
-2.943,-2.652
-2.915,-1.753
-2.984,0.457
-3.008,-2.627
-2.988,0.41
-2.995,0.344
-3.07,0.117
-3.03,-1.99
-3.12,-2.723
-3.072,0.207
3.063,-0.17
3.137,-0.651
3.055,-0.522
2.97,-0.6
2.968,-2.273
2.968,0.228
2.841,-0.373
2.888,-0.827
2.856,-2.037
2.778,-0.802
2.666,-2.18
2.652,-1.275
2.607,-1.866
2.66,-2.614
2.53,-1.547
2.534,-1.602
2.472,-1.44
2.4,-1.717
2.406,-0.901
2.346,-2.041
2.215,-1.738
2.158,-2.696
2.207,-1.513
2.103,-3.533
2.089,-2.401
2.01,-2.091
2.014,-2.569
1.977,-2.6
1.936,-2.084
1.727,-2.645
1.712,-0.625
1.632,-2.339
1.574,-1.247
1.547,-2.855
1.541,-3.034
0.916,-3.764
0.88,-3.928
-0.303,-3.999
-0.446,-3.824
-0.438,-4.005
-0.566,-3.537
-0.713,-3.89
-0.939,-3.964
-1.286,-3.931
-1.954,-3.674
-2.11,-3.763
-2.342,-3.964
3.052,-3.797
1.171,0.736
0.678,0.766
0.343,0.514
-0.169,0.717
-0.25,0.555
-0.745,0.536
-2.003,0.776
-2.433,0.409
2.294,0.576
2.059,0.595
2.04,0.734
0.499,-2.678
-0.48,0.39
-3.061,-0.509
1.722,0.396
-1.635,0.704
-2.979,0.584
1.483,-0.778
1.319,-2.826
1.27,-3.236
1.187,0.218
0.993,0.194
0.907,-0.114
0.934,-2.073
1.034,0.059
0.917,-3.347
0.997,-2.215
0.703,-0.691
0.607,-2.415
0.465,-1.23
0.572,-2.729
0.497,-2.064
0.379,-2.494
0.417,-1.164
0.253,-2.382
0.101,-1.83
0.096,-2.525
-0.116,-0.967
-0.222,-2.938
-0.222,-0.848
-0.134,-1.108
-0.259,-2.58
-0.272,-0.956
-0.312,-3.502
-0.178,-2.696
-0.364,-0.272
-0.221,-3.344
-0.382,-0.822
-0.308,-2.454
-0.409,-3.175
-0.58,-0.584
-0.502,-0.173
-0.521,-1.222
-0.646,0.223
-0.77,-2.351
-0.663,-0.809
-0.692,-0.417
-0.906,-0.385
-0.897,0.138
-0.908,-1.311
-0.854,-0.153
-0.857,-2.41
-0.894,-2.355
-1.053,-0.151
-0.943,-1.836
-1.161,-0.423
-1.204,-2.505
-1.244,-1.817
-1.452,-3.521
-1.503,-1.979
-1.486,-2.078
-1.602,-0.805
-1.73,-3.146
-1.766,-0.694
-1.872,-2.508
-2.002,-0.83
-2.029,-2.473
-2.205,-0.884
-2.293,-0.817
-2.272,-1.216
-2.392,0.332
-2.4,-0.01
-2.32,-2.705
-2.434,-3.537
-2.587,0.343
-2.598,-2.172
-2.678,0.281
-2.655,-2.276
-2.661,-0.658
-2.821,-3.213
-2.697,-0.47
-2.761,-0.034
-2.967,-0.267
-3.057,-1.747
3.048,0.078
3.065,-1.324
3.05,0.295
2.978,-1.091
2.833,-1.262
2.657,-0.086
2.626,-0.836
2.618,-3.48
2.588,0.427
2.657,-2.345
2.479,-1.411
2.464,-1.555
2.4,-1.148
2.408,-3.528
2.272,-2.247
2.106,-3.25
1.889,-1.774
1.856,-2.024
1.731,-1.09
1.829,-1.437
1.683,-0.709
1.791,-0.675
1.702,-2.219
1.635,-1.278
0.497,-3.742
0.314,-3.926
-0.379,-3.715
-0.889,-3.897
-1.225,-3.924
-1.574,-3.8
-2.584,-3.876
-2.989,-3.837
3.073,-3.827
2.961,-4.0
2.121,-3.982
2.264,-3.63
0.901,0.72
0.567,0.506
0.262,0.679
0.223,0.434
-0.163,0.563
-0.317,0.595
-0.343,0.76
-0.258,0.747
-0.481,0.725
-0.651,0.648
-0.694,0.754
-1.046,0.744
-1.501,0.627
-2.463,0.638
-2.367,0.48
-2.715,0.53
2.009,0.615
0.221,-0.929
0.071,-1.735
0.061,-0.073
-2.764,-3.118
-2.866,-1.766
-2.864,-1.862
3.051,-0.533
2.508,-1.524
0.885,-2.306
-0.275,-1.645
-1.727,-0.159
-2.582,-0.146
3.082,-0.666
2.28,-1.676
2.285,-1.439
2.32,-1.32
2.09,-0.19
0.002,-2.541
-1.715,-1.377
3.09,-1.364
2.288,-3.269
0.661,-3.316
-0.12,-3.264
-0.05,-3.402
1.073,0.743
0.029,-0.037
-0.07,0.917
-0.066,0.441
-0.014,0.389
-0.104,0.138
-0.045,1.278
-0.099,0.434
-0.109,0.921
-0.13,1.53
-0.251,2.005
-0.327,3.045
-0.4,2.302
-0.37,0.886
-0.525,2.236
-0.471,2.834
-0.559,0.22
-0.603,1.639
-0.74,0.544
-0.898,1.269
-0.994,-0.536
-1.086,3.068
-1.307,1.052
-1.304,2.14
-1.242,2.038
-1.292,1.637
-1.372,1.18
-1.441,0.34
-1.434,2.397
-1.452,2.744
-1.598,1.863
-1.669,0.324
-1.76,1.072
-1.833,-0.351
-1.868,-0.679
-1.874,0.811
-1.878,1.423
-1.916,1.883
-2.086,-0.32
-2.171,0.734
-2.199,0.559
-2.3,0.581
-2.325,0.638
-2.295,0.458
-2.299,0.42
-2.316,1.709
-2.409,1.915
-2.439,1.112
-2.436,0.957
-2.484,3.069
-2.57,2.768
-2.519,1.545
-2.583,0.811
-2.618,0.907
-2.688,1.958
-2.686,1.31
-2.71,2.565
-2.751,1.922
-2.818,0.635
-2.916,0.216
-2.888,1.115
-2.957,3.325
-2.981,0.241
-2.961,3.278
-2.968,3.212
-3.043,2.985
-3.003,0.878
-3.093,0.145
-3.045,3.075
3.09,2.698
-3.119,2.217
3.082,2.346
2.997,2.268
2.995,0.595
2.995,3.096
2.868,2.495
2.915,2.041
2.883,0.831
2.805,2.066
2.693,0.688
2.679,1.593
2.634,1.002
2.687,0.254
2.557,1.321
2.561,1.266
2.499,1.428
2.427,1.151
2.433,1.967
2.373,0.827
2.242,1.13
2.185,0.172
2.234,1.355
2.13,-0.665
2.116,0.467
2.037,0.777
2.041,0.299
2.004,0.268
1.963,0.784
1.754,0.223
1.739,2.243
1.659,0.529
1.601,1.621
1.574,0.013
1.568,-0.166
0.943,-0.896
0.907,-1.06
-0.276,-1.131
-0.419,-0.956
-0.411,-1.137
-0.539,-0.669
-0.686,-1.022
-0.912,-1.096
-1.259,-1.063
-1.927,-0.806
-2.083,-0.895
-2.315,-1.096
3.079,-0.929
1.198,3.604
0.705,3.634
0.37,3.382
-0.142,3.585
-0.223,3.423
-0.718,3.404
-1.976,3.644
-2.406,3.277
2.321,3.444
2.086,3.463
2.067,3.602
0.526,0.19
-0.453,3.258
-3.034,2.359
1.749,3.264
-1.608,3.572
-2.952,3.452
1.51,2.09
1.346,0.042
1.297,-0.368
1.214,3.086
1.02,3.062
0.934,2.754
0.961,0.795
1.061,2.927
0.944,-0.479
1.024,0.653
0.73,2.177
0.634,0.453
0.492,1.638
0.599,0.139
0.524,0.804
0.406,0.374
0.444,1.704
0.28,0.486
0.128,1.038
0.123,0.343
-0.089,1.901
-0.195,-0.07
-0.195,2.02
-0.107,1.76
-0.232,0.288
-0.245,1.912
-0.285,-0.634
-0.151,0.172
-0.337,2.596
-0.194,-0.476
-0.355,2.046
-0.281,0.414
-0.382,-0.307
-0.553,2.284
-0.475,2.695
-0.494,1.646
-0.619,3.091
-0.743,0.517
-0.636,2.059
-0.665,2.451
-0.879,2.483
-0.87,3.006
-0.881,1.557
-0.827,2.715
-0.83,0.458
-0.867,0.513
-1.026,2.717
-0.916,1.032
-1.134,2.445
-1.177,0.363
-1.217,1.051
-1.425,-0.653
-1.476,0.889
-1.459,0.79
-1.575,2.063
-1.703,-0.278
-1.739,2.174
-1.845,0.36
-1.975,2.038
-2.002,0.395
-2.178,1.984
-2.266,2.051
-2.245,1.652
-2.365,3.2
-2.373,2.858
-2.293,0.163
-2.407,-0.669
-2.56,3.211
-2.571,0.696
-2.651,3.149
-2.628,0.592
-2.634,2.21
-2.794,-0.345
-2.67,2.398
-2.734,2.834
-2.94,2.601
-3.03,1.121
3.075,2.946
3.092,1.544
3.077,3.163
3.005,1.777
2.86,1.606
2.684,2.782
2.653,2.032
2.645,-0.612
2.615,3.295
2.684,0.523
2.506,1.457
2.491,1.313
2.427,1.72
2.435,-0.66
2.299,0.621
2.133,-0.382
1.916,1.094
1.883,0.844
1.758,1.778
1.856,1.431
1.71,2.159
1.818,2.193
1.729,0.649
1.662,1.59
0.524,-0.874
0.341,-1.058
-0.352,-0.847
-0.862,-1.029
-1.198,-1.056
-1.547,-0.932
-2.557,-1.008
-2.962,-0.969
3.1,-0.959
2.988,-1.132
2.148,-1.114
2.291,-0.762
0.928,3.588
0.594,3.374
0.289,3.547
0.25,3.302
-0.136,3.431
-0.29,3.463
-0.316,3.628
-0.231,3.615
-0.454,3.593
-0.624,3.516
-0.667,3.622
-1.019,3.612
-1.474,3.495
-2.436,3.506
-2.34,3.348
-2.688,3.398
2.036,3.483
0.248,1.939
0.098,1.133
0.088,2.795
-2.737,-0.25
-2.839,1.102
-2.837,1.006
3.078,2.335
2.535,1.344
0.912,0.562
-0.248,1.223
-1.7,2.709
-2.555,2.722
3.109,2.202
2.307,1.192
2.312,1.429
2.347,1.548
2.117,2.678
0.029,0.327
-1.688,1.491
3.117,1.504
2.315,-0.401
0.688,-0.448
-0.093,-0.396
-0.023,-0.534
1.1,3.611
-0.099,0.954
-0.095,0.478
-0.043,0.426
-0.133,0.175
-0.074,1.315
-0.128,0.471
-0.138,0.958
-0.159,1.567
-0.28,2.042
-0.356,3.082
-0.429,2.339
-0.399,0.923
-0.554,2.273
-0.5,2.871
-0.588,0.257
-0.632,1.676
-0.769,0.581
-0.927,1.306
-1.023,-0.499
-1.115,3.105
-1.336,1.089
-1.333,2.177
-1.271,2.075
-1.321,1.674
-1.401,1.217
-1.47,0.377
-1.463,2.434
-1.481,2.781
-1.627,1.9
-1.698,0.361
-1.789,1.109
-1.862,-0.314
-1.897,-0.642
-1.903,0.848
-1.907,1.46
-1.945,1.92
-2.115,-0.283
-2.2,0.771
-2.228,0.596
-2.329,0.618
-2.354,0.675
-2.324,0.495
-2.328,0.457
-2.345,1.746
-2.438,1.952
-2.468,1.149
-2.465,0.994
-2.513,3.106
-2.599,2.805
-2.548,1.582
-2.612,0.848
-2.647,0.944
-2.717,1.995
-2.715,1.347
-2.739,2.602
-2.78,1.959
-2.847,0.672
-2.945,0.253
-2.917,1.152
-2.986,3.362
-3.01,0.278
-2.99,3.315
-2.997,3.249
-3.072,3.022
-3.032,0.915
-3.122,0.182
-3.074,3.112
3.061,2.735
3.135,2.254
3.053,2.383
2.968,2.305
2.966,0.632
2.966,3.133
2.839,2.532
2.886,2.078
2.854,0.868
2.776,2.103
2.664,0.725
2.65,1.63
2.605,1.039
2.658,0.291
2.528,1.358
2.532,1.303
2.47,1.465
2.398,1.188
2.404,2.004
2.344,0.864
2.213,1.167
2.156,0.209
2.205,1.392
2.101,-0.628
2.087,0.504
2.008,0.814
2.012,0.336
1.975,0.305
1.934,0.821
1.725,0.26
1.71,2.28
1.63,0.566
1.572,1.658
1.545,0.05
1.539,-0.129
0.914,-0.859
0.878,-1.023
-0.305,-1.094
-0.448,-0.919
-0.44,-1.1
-0.568,-0.632
-0.715,-0.985
-0.941,-1.059
-1.288,-1.026
-1.956,-0.769
-2.112,-0.858
-2.344,-1.059
3.05,-0.892
1.169,3.641
0.676,3.671
0.341,3.419
-0.171,3.622
-0.252,3.46
-0.747,3.441
-2.005,3.681
-2.435,3.314
2.292,3.481
2.057,3.5
2.038,3.639
0.497,0.227
-0.482,3.295
-3.063,2.396
1.72,3.301
-1.637,3.609
-2.981,3.489
1.481,2.127
1.317,0.079
1.268,-0.331
1.185,3.123
0.991,3.099
0.905,2.791
0.932,0.832
1.032,2.964
0.915,-0.442
0.995,0.69
0.701,2.214
0.605,0.49
0.463,1.675
0.57,0.176
0.495,0.841
0.377,0.411
0.415,1.741
0.251,0.523
0.099,1.075
0.094,0.38
-0.118,1.938
-0.224,-0.033
-0.224,2.057
-0.136,1.797
-0.261,0.325
-0.274,1.949
-0.314,-0.597
-0.18,0.209
-0.366,2.633
-0.223,-0.439
-0.384,2.083
-0.31,0.451
-0.411,-0.27
-0.582,2.321
-0.504,2.732
-0.523,1.683
-0.648,3.128
-0.772,0.554
-0.665,2.096
-0.694,2.488
-0.908,2.52
-0.899,3.043
-0.91,1.594
-0.856,2.752
-0.859,0.495
-0.896,0.55
-1.055,2.754
-0.945,1.069
-1.163,2.482
-1.206,0.4
-1.246,1.088
-1.454,-0.616
-1.505,0.926
-1.488,0.827
-1.604,2.1
-1.732,-0.241
-1.768,2.211
-1.874,0.397
-2.004,2.075
-2.031,0.432
-2.207,2.021
-2.295,2.088
-2.274,1.689
-2.394,3.237
-2.402,2.895
-2.322,0.2
-2.436,-0.632
-2.589,3.248
-2.6,0.733
-2.68,3.186
-2.657,0.629
-2.663,2.247
-2.823,-0.308
-2.699,2.435
-2.763,2.871
-2.969,2.638
-3.059,1.158
3.046,2.983
3.063,1.581
3.048,3.2
2.976,1.814
2.831,1.643
2.655,2.819
2.624,2.069
2.616,-0.575
2.586,3.332
2.655,0.56
2.477,1.494
2.462,1.35
2.398,1.757
2.406,-0.623
2.27,0.658
2.104,-0.345
1.887,1.131
1.854,0.881
1.729,1.815
1.827,1.468
1.681,2.196
1.789,2.23
1.7,0.686
1.633,1.627
0.495,-0.837
0.312,-1.021
-0.381,-0.81
-0.891,-0.992
-1.227,-1.019
-1.576,-0.895
-2.586,-0.971
-2.991,-0.932
3.071,-0.922
2.959,-1.095
2.119,-1.077
2.262,-0.725
0.899,3.625
0.565,3.411
0.26,3.584
0.221,3.339
-0.165,3.468
-0.319,3.5
-0.345,3.665
-0.26,3.652
-0.483,3.63
-0.653,3.553
-0.696,3.659
-1.048,3.649
-1.503,3.532
-2.465,3.543
-2.369,3.385
-2.717,3.435
2.007,3.52
0.219,1.976
0.069,1.17
0.059,2.832
-2.766,-0.213
-2.868,1.139
-2.866,1.043
3.049,2.372
2.506,1.381
0.883,0.599
-0.277,1.26
-1.729,2.746
-2.584,2.759
3.08,2.239
2.278,1.229
2.283,1.466
2.318,1.585
2.088,2.715
0.0,0.364
-1.717,1.528
3.088,1.541
2.286,-0.364
0.659,-0.411
-0.122,-0.359
-0.052,-0.497
1.071,3.648
0.004,-0.476
0.056,-0.528
-0.034,-0.779
0.025,0.361
-0.029,-0.483
-0.039,0.004
-0.06,0.613
-0.181,1.088
-0.257,2.128
-0.33,1.385
-0.3,-0.031
-0.455,1.319
-0.401,1.917
-0.489,-0.697
-0.533,0.722
-0.67,-0.373
-0.828,0.352
-0.924,-1.453
-1.016,2.151
-1.237,0.135
-1.234,1.223
-1.172,1.121
-1.222,0.72
-1.302,0.263
-1.371,-0.577
-1.364,1.48
-1.382,1.827
-1.528,0.946
-1.599,-0.593
-1.69,0.155
-1.763,-1.268
-1.798,-1.596
-1.804,-0.106
-1.808,0.506
-1.846,0.966
-2.016,-1.237
-2.101,-0.183
-2.129,-0.358
-2.23,-0.336
-2.255,-0.279
-2.225,-0.459
-2.229,-0.497
-2.246,0.792
-2.339,0.998
-2.369,0.195
-2.366,0.04
-2.414,2.152
-2.5,1.851
-2.449,0.628
-2.513,-0.106
-2.548,-0.01
-2.618,1.041
-2.616,0.393
-2.64,1.648
-2.681,1.005
-2.748,-0.282
-2.846,-0.701
-2.818,0.198
-2.887,2.408
-2.911,-0.676
-2.891,2.361
-2.898,2.295
-2.973,2.068
-2.933,-0.039
-3.023,-0.772
-2.975,2.158
-3.123,1.781
-3.049,1.3
-3.131,1.429
3.067,1.351
3.065,-0.322
3.065,2.179
2.938,1.578
2.985,1.124
2.953,-0.086
2.875,1.149
2.763,-0.229
2.749,0.676
2.704,0.085
2.757,-0.663
2.627,0.404
2.631,0.349
2.569,0.511
2.497,0.234
2.503,1.05
2.443,-0.09
2.312,0.213
2.255,-0.745
2.304,0.438
2.2,-1.582
2.186,-0.45
2.107,-0.14
2.111,-0.618
2.074,-0.649
2.033,-0.133
1.824,-0.694
1.809,1.326
1.729,-0.388
1.671,0.704
1.644,-0.904
1.638,-1.083
1.013,-1.813
0.977,-1.977
-0.206,-2.048
-0.349,-1.873
-0.341,-2.054
-0.469,-1.586
-0.616,-1.939
-0.842,-2.013
-1.189,-1.98
-1.857,-1.723
-2.013,-1.812
-2.245,-2.013
-3.134,-1.846
1.268,2.687
0.775,2.717
0.44,2.465
-0.072,2.668
-0.153,2.506
-0.648,2.487
-1.906,2.727
-2.336,2.36
2.391,2.527
2.156,2.546
2.137,2.685
0.596,-0.727
-0.383,2.341
-2.964,1.442
1.819,2.347
-1.538,2.655
-2.882,2.535
1.58,1.173
1.416,-0.875
1.367,-1.285
1.284,2.169
1.09,2.145
1.004,1.837
1.031,-0.122
1.131,2.01
1.014,-1.396
1.094,-0.264
0.8,1.26
0.704,-0.464
0.562,0.721
0.669,-0.778
0.594,-0.113
0.476,-0.543
0.514,0.787
0.35,-0.431
0.198,0.121
0.193,-0.574
-0.019,0.984
-0.125,-0.987
-0.125,1.103
-0.037,0.843
-0.162,-0.629
-0.175,0.995
-0.215,-1.551
-0.081,-0.745
-0.267,1.679
-0.124,-1.393
-0.285,1.129
-0.211,-0.503
-0.312,-1.224
-0.483,1.367
-0.405,1.778
-0.424,0.729
-0.549,2.174
-0.673,-0.4
-0.566,1.142
-0.595,1.534
-0.809,1.566
-0.8,2.089
-0.811,0.64
-0.757,1.798
-0.76,-0.459
-0.797,-0.404
-0.956,1.8
-0.846,0.115
-1.064,1.528
-1.107,-0.554
-1.147,0.134
-1.355,-1.57
-1.406,-0.028
-1.389,-0.127
-1.505,1.146
-1.633,-1.195
-1.669,1.257
-1.775,-0.557
-1.905,1.121
-1.932,-0.522
-2.108,1.067
-2.196,1.134
-2.175,0.735
-2.295,2.283
-2.303,1.941
-2.223,-0.754
-2.337,-1.586
-2.49,2.294
-2.501,-0.221
-2.581,2.232
-2.558,-0.325
-2.564,1.293
-2.724,-1.262
-2.6,1.481
-2.664,1.917
-2.87,1.684
-2.96,0.204
-3.138,2.029
-3.121,0.627
-3.136,2.246
3.075,0.86
2.93,0.689
2.754,1.865
2.723,1.115
2.715,-1.529
2.685,2.378
2.754,-0.394
2.576,0.54
2.561,0.396
2.497,0.803
2.505,-1.577
2.369,-0.296
2.203,-1.299
1.986,0.177
1.953,-0.073
1.828,0.861
1.926,0.514
1.78,1.242
1.888,1.276
1.799,-0.268
1.732,0.673
0.594,-1.791
0.411,-1.975
-0.282,-1.764
-0.792,-1.946
-1.128,-1.973
-1.477,-1.849
-2.487,-1.925
-2.892,-1.886
-3.113,-1.876
3.058,-2.049
2.218,-2.031
2.361,-1.679
0.998,2.671
0.664,2.457
0.359,2.63
0.32,2.385
-0.066,2.514
-0.22,2.546
-0.246,2.711
-0.161,2.698
-0.384,2.676
-0.554,2.599
-0.597,2.705
-0.949,2.695
-1.404,2.578
-2.366,2.589
-2.27,2.431
-2.618,2.481
2.106,2.566
0.318,1.022
0.168,0.216
0.158,1.878
-2.667,-1.167
-2.769,0.185
-2.767,0.089
-3.135,1.418
2.605,0.427
0.982,-0.355
-0.178,0.306
-1.63,1.792
-2.485,1.805
-3.104,1.285
2.377,0.275
2.382,0.512
2.417,0.631
2.187,1.761
0.099,-0.59
-1.618,0.574
-3.096,0.587
2.385,-1.318
0.758,-1.365
-0.023,-1.313
0.047,-1.451
1.17,2.694
0.052,-0.052
-0.038,-0.303
0.021,0.837
-0.033,-0.007
-0.043,0.48
-0.064,1.089
-0.185,1.564
-0.261,2.604
-0.334,1.861
-0.304,0.445
-0.459,1.795
-0.405,2.393
-0.493,-0.221
-0.537,1.198
-0.674,0.103
-0.832,0.828
-0.928,-0.977
-1.02,2.627
-1.241,0.611
-1.238,1.699
-1.176,1.597
-1.226,1.196
-1.306,0.739
-1.375,-0.101
-1.368,1.956
-1.386,2.303
-1.532,1.422
-1.603,-0.117
-1.694,0.631
-1.767,-0.792
-1.802,-1.12
-1.808,0.37
-1.812,0.982
-1.85,1.442
-2.02,-0.761
-2.105,0.293
-2.133,0.118
-2.234,0.14
-2.259,0.197
-2.229,0.017
-2.233,-0.021
-2.25,1.268
-2.343,1.474
-2.373,0.671
-2.37,0.516
-2.418,2.628
-2.504,2.327
-2.453,1.104
-2.517,0.37
-2.552,0.466
-2.622,1.517
-2.62,0.869
-2.644,2.124
-2.685,1.481
-2.752,0.194
-2.85,-0.225
-2.822,0.674
-2.891,2.884
-2.915,-0.2
-2.895,2.837
-2.902,2.771
-2.977,2.544
-2.937,0.437
-3.027,-0.296
-2.979,2.634
-3.127,2.257
-3.053,1.776
-3.135,1.905
3.063,1.827
3.061,0.154
3.061,2.655
2.934,2.054
2.981,1.6
2.949,0.39
2.871,1.625
2.759,0.247
2.745,1.152
2.7,0.561
2.753,-0.187
2.623,0.88
2.627,0.825
2.565,0.987
2.493,0.71
2.499,1.526
2.439,0.386
2.308,0.689
2.251,-0.269
2.3,0.914
2.196,-1.106
2.182,0.026
2.103,0.336
2.107,-0.142
2.07,-0.173
2.029,0.343
1.82,-0.218
1.805,1.802
1.725,0.088
1.667,1.18
1.64,-0.428
1.634,-0.607
1.009,-1.337
0.973,-1.501
-0.21,-1.572
-0.353,-1.397
-0.345,-1.578
-0.473,-1.11
-0.62,-1.463
-0.846,-1.537
-1.193,-1.504
-1.861,-1.247
-2.017,-1.336
-2.249,-1.537
-3.138,-1.37
1.264,3.163
0.771,3.193
0.436,2.941
-0.076,3.144
-0.157,2.982
-0.652,2.963
-1.91,3.203
-2.34,2.836
2.387,3.003
2.152,3.022
2.133,3.161
0.592,-0.251
-0.387,2.817
-2.968,1.918
1.815,2.823
-1.542,3.131
-2.886,3.011
1.576,1.649
1.412,-0.399
1.363,-0.809
1.28,2.645
1.086,2.621
1.0,2.313
1.027,0.354
1.127,2.486
1.01,-0.92
1.09,0.212
0.796,1.736
0.7,0.012
0.558,1.197
0.665,-0.302
0.59,0.363
0.472,-0.067
0.51,1.263
0.346,0.045
0.194,0.597
0.189,-0.098
-0.023,1.46
-0.129,-0.511
-0.129,1.579
-0.041,1.319
-0.166,-0.153
-0.179,1.471
-0.219,-1.075
-0.085,-0.269
-0.271,2.155
-0.128,-0.917
-0.289,1.605
-0.215,-0.027
-0.316,-0.748
-0.487,1.843
-0.409,2.254
-0.428,1.205
-0.553,2.65
-0.677,0.076
-0.57,1.618
-0.599,2.01
-0.813,2.042
-0.804,2.565
-0.815,1.116
-0.761,2.274
-0.764,0.017
-0.801,0.072
-0.96,2.276
-0.85,0.591
-1.068,2.004
-1.111,-0.078
-1.151,0.61
-1.359,-1.094
-1.41,0.448
-1.393,0.349
-1.509,1.622
-1.637,-0.719
-1.673,1.733
-1.779,-0.081
-1.909,1.597
-1.936,-0.046
-2.112,1.543
-2.2,1.61
-2.179,1.211
-2.299,2.759
-2.307,2.417
-2.227,-0.278
-2.341,-1.11
-2.494,2.77
-2.505,0.255
-2.585,2.708
-2.562,0.151
-2.568,1.769
-2.728,-0.786
-2.604,1.957
-2.668,2.393
-2.874,2.16
-2.964,0.68
3.141,2.505
-3.125,1.103
-3.14,2.722
3.071,1.336
2.926,1.165
2.75,2.341
2.719,1.591
2.711,-1.053
2.681,2.854
2.75,0.082
2.572,1.016
2.557,0.872
2.493,1.279
2.501,-1.101
2.365,0.18
2.199,-0.823
1.982,0.653
1.949,0.403
1.824,1.337
1.922,0.99
1.776,1.718
1.884,1.752
1.795,0.208
1.728,1.149
0.59,-1.315
0.407,-1.499
-0.286,-1.288
-0.796,-1.47
-1.132,-1.497
-1.481,-1.373
-2.491,-1.449
-2.896,-1.41
-3.117,-1.4
3.054,-1.573
2.214,-1.555
2.357,-1.203
0.994,3.147
0.66,2.933
0.355,3.106
0.316,2.861
-0.07,2.99
-0.224,3.022
-0.25,3.187
-0.165,3.174
-0.388,3.152
-0.558,3.075
-0.601,3.181
-0.953,3.171
-1.408,3.054
-2.37,3.065
-2.274,2.907
-2.622,2.957
2.102,3.042
0.314,1.498
0.164,0.692
0.154,2.354
-2.671,-0.691
-2.773,0.661
-2.771,0.565
-3.139,1.894
2.601,0.903
0.978,0.121
-0.182,0.782
-1.634,2.268
-2.489,2.281
-3.108,1.761
2.373,0.751
2.378,0.988
2.413,1.107
2.183,2.237
0.095,-0.114
-1.622,1.05
-3.1,1.063
2.381,-0.842
0.754,-0.889
-0.027,-0.837
0.043,-0.975
1.166,3.17
-0.09,-0.251
-0.031,0.889
-0.085,0.045
-0.095,0.532
-0.116,1.141
-0.237,1.616
-0.313,2.656
-0.386,1.913
-0.356,0.497
-0.511,1.847
-0.457,2.445
-0.545,-0.169
-0.589,1.25
-0.726,0.155
-0.884,0.88
-0.98,-0.925
-1.072,2.679
-1.293,0.663
-1.29,1.751
-1.228,1.649
-1.278,1.248
-1.358,0.791
-1.427,-0.049
-1.42,2.008
-1.438,2.355
-1.584,1.474
-1.655,-0.065
-1.746,0.683
-1.819,-0.74
-1.854,-1.068
-1.86,0.422
-1.864,1.034
-1.902,1.494
-2.072,-0.709
-2.157,0.345
-2.185,0.17
-2.286,0.192
-2.311,0.249
-2.281,0.069
-2.285,0.031
-2.302,1.32
-2.395,1.526
-2.425,0.723
-2.422,0.568
-2.47,2.68
-2.556,2.379
-2.505,1.156
-2.569,0.422
-2.604,0.518
-2.674,1.569
-2.672,0.921
-2.696,2.176
-2.737,1.533
-2.804,0.246
-2.902,-0.173
-2.874,0.726
-2.943,2.936
-2.967,-0.148
-2.947,2.889
-2.954,2.823
-3.029,2.596
-2.989,0.489
-3.079,-0.244
-3.031,2.686
3.104,2.309
-3.105,1.828
3.096,1.957
3.011,1.879
3.009,0.206
3.009,2.707
2.882,2.106
2.929,1.652
2.897,0.442
2.819,1.677
2.707,0.299
2.693,1.204
2.648,0.613
2.701,-0.135
2.571,0.932
2.575,0.877
2.513,1.039
2.441,0.762
2.447,1.578
2.387,0.438
2.256,0.741
2.199,-0.217
2.248,0.966
2.144,-1.054
2.13,0.078
2.051,0.388
2.055,-0.09
2.018,-0.121
1.977,0.395
1.768,-0.166
1.753,1.854
1.673,0.14
1.615,1.232
1.588,-0.376
1.582,-0.555
0.957,-1.285
0.921,-1.449
-0.262,-1.52
-0.405,-1.345
-0.397,-1.526
-0.525,-1.058
-0.672,-1.411
-0.898,-1.485
-1.245,-1.452
-1.913,-1.195
-2.069,-1.284
-2.301,-1.485
3.093,-1.318
1.212,3.215
0.719,3.245
0.384,2.993
-0.128,3.196
-0.209,3.034
-0.704,3.015
-1.962,3.255
-2.392,2.888
2.335,3.055
2.1,3.074
2.081,3.213
0.54,-0.199
-0.439,2.869
-3.02,1.97
1.763,2.875
-1.594,3.183
-2.938,3.063
1.524,1.701
1.36,-0.347
1.311,-0.757
1.228,2.697
1.034,2.673
0.948,2.365
0.975,0.406
1.075,2.538
0.958,-0.868
1.038,0.264
0.744,1.788
0.648,0.064
0.506,1.249
0.613,-0.25
0.538,0.415
0.42,-0.015
0.458,1.315
0.294,0.097
0.142,0.649
0.137,-0.046
-0.075,1.512
-0.181,-0.459
-0.181,1.631
-0.093,1.371
-0.218,-0.101
-0.231,1.523
-0.271,-1.023
-0.137,-0.217
-0.323,2.207
-0.18,-0.865
-0.341,1.657
-0.267,0.025
-0.368,-0.696
-0.539,1.895
-0.461,2.306
-0.48,1.257
-0.605,2.702
-0.729,0.128
-0.622,1.67
-0.651,2.062
-0.865,2.094
-0.856,2.617
-0.867,1.168
-0.813,2.326
-0.816,0.069
-0.853,0.124
-1.012,2.328
-0.902,0.643
-1.12,2.056
-1.163,-0.026
-1.203,0.662
-1.411,-1.042
-1.462,0.5
-1.445,0.401
-1.561,1.674
-1.689,-0.667
-1.725,1.785
-1.831,-0.029
-1.961,1.649
-1.988,0.006
-2.164,1.595
-2.252,1.662
-2.231,1.263
-2.351,2.811
-2.359,2.469
-2.279,-0.226
-2.393,-1.058
-2.546,2.822
-2.557,0.307
-2.637,2.76
-2.614,0.203
-2.62,1.821
-2.78,-0.734
-2.656,2.009
-2.72,2.445
-2.926,2.212
-3.016,0.732
3.089,2.557
3.106,1.155
3.091,2.774
3.019,1.388
2.874,1.217
2.698,2.393
2.667,1.643
2.659,-1.001
2.629,2.906
2.698,0.134
2.52,1.068
2.505,0.924
2.441,1.331
2.449,-1.049
2.313,0.232
2.147,-0.771
1.93,0.705
1.897,0.455
1.772,1.389
1.87,1.042
1.724,1.77
1.832,1.804
1.743,0.26
1.676,1.201
0.538,-1.263
0.355,-1.447
-0.338,-1.236
-0.848,-1.418
-1.184,-1.445
-1.533,-1.321
-2.543,-1.397
-2.948,-1.358
3.114,-1.348
3.002,-1.521
2.162,-1.503
2.305,-1.151
0.942,3.199
0.608,2.985
0.303,3.158
0.264,2.913
-0.122,3.042
-0.276,3.074
-0.302,3.239
-0.217,3.226
-0.44,3.204
-0.61,3.127
-0.653,3.233
-1.005,3.223
-1.46,3.106
-2.422,3.117
-2.326,2.959
-2.674,3.009
2.05,3.094
0.262,1.55
0.112,0.744
0.102,2.406
-2.723,-0.639
-2.825,0.713
-2.823,0.617
3.092,1.946
2.549,0.955
0.926,0.173
-0.234,0.834
-1.686,2.32
-2.541,2.333
3.123,1.813
2.321,0.803
2.326,1.04
2.361,1.159
2.131,2.289
0.043,-0.062
-1.674,1.102
3.131,1.115
2.329,-0.79
0.702,-0.837
-0.079,-0.785
-0.009,-0.923
1.114,3.222
0.059,1.14
0.005,0.296
-0.005,0.783
-0.026,1.392
-0.147,1.867
-0.223,2.907
-0.296,2.164
-0.266,0.748
-0.421,2.098
-0.367,2.696
-0.455,0.082
-0.499,1.501
-0.636,0.406
-0.794,1.131
-0.89,-0.674
-0.982,2.93
-1.203,0.914
-1.2,2.002
-1.138,1.9
-1.188,1.499
-1.268,1.042
-1.337,0.202
-1.33,2.259
-1.348,2.606
-1.494,1.725
-1.565,0.186
-1.656,0.934
-1.729,-0.489
-1.764,-0.817
-1.77,0.673
-1.774,1.285
-1.812,1.745
-1.982,-0.458
-2.067,0.596
-2.095,0.421
-2.196,0.443
-2.221,0.5
-2.191,0.32
-2.195,0.282
-2.212,1.571
-2.305,1.777
-2.335,0.974
-2.332,0.819
-2.38,2.931
-2.466,2.63
-2.415,1.407
-2.479,0.673
-2.514,0.769
-2.584,1.82
-2.582,1.172
-2.606,2.427
-2.647,1.784
-2.714,0.497
-2.812,0.078
-2.784,0.977
-2.853,3.187
-2.877,0.103
-2.857,3.14
-2.864,3.074
-2.939,2.847
-2.899,0.74
-2.989,0.007
-2.941,2.937
-3.089,2.56
-3.015,2.079
-3.097,2.208
3.101,2.13
3.099,0.457
3.099,2.958
2.972,2.357
3.019,1.903
2.987,0.693
2.909,1.928
2.797,0.55
2.783,1.455
2.738,0.864
2.791,0.116
2.661,1.183
2.665,1.128
2.603,1.29
2.531,1.013
2.537,1.829
2.477,0.689
2.346,0.992
2.289,0.034
2.338,1.217
2.234,-0.803
2.22,0.329
2.141,0.639
2.145,0.161
2.108,0.13
2.067,0.646
1.858,0.085
1.843,2.105
1.763,0.391
1.705,1.483
1.678,-0.125
1.672,-0.304
1.047,-1.034
1.011,-1.198
-0.172,-1.269
-0.315,-1.094
-0.307,-1.275
-0.435,-0.807
-0.582,-1.16
-0.808,-1.234
-1.155,-1.201
-1.823,-0.944
-1.979,-1.033
-2.211,-1.234
-3.1,-1.067
1.302,3.466
0.809,3.496
0.474,3.244
-0.038,3.447
-0.119,3.285
-0.614,3.266
-1.872,3.506
-2.302,3.139
2.425,3.306
2.19,3.325
2.171,3.464
0.63,0.052
-0.349,3.12
-2.93,2.221
1.853,3.126
-1.504,3.434
-2.848,3.314
1.614,1.952
1.45,-0.096
1.401,-0.506
1.318,2.948
1.124,2.924
1.038,2.616
1.065,0.657
1.165,2.789
1.048,-0.617
1.128,0.515
0.834,2.039
0.738,0.315
0.596,1.5
0.703,0.001
0.628,0.666
0.51,0.236
0.548,1.566
0.384,0.348
0.232,0.9
0.227,0.205
0.015,1.763
-0.091,-0.208
-0.091,1.882
-0.003,1.622
-0.128,0.15
-0.141,1.774
-0.181,-0.772
-0.047,0.034
-0.233,2.458
-0.09,-0.614
-0.251,1.908
-0.177,0.276
-0.278,-0.445
-0.449,2.146
-0.371,2.557
-0.39,1.508
-0.515,2.953
-0.639,0.379
-0.532,1.921
-0.561,2.313
-0.775,2.345
-0.766,2.868
-0.777,1.419
-0.723,2.577
-0.726,0.32
-0.763,0.375
-0.922,2.579
-0.812,0.894
-1.03,2.307
-1.073,0.225
-1.113,0.913
-1.321,-0.791
-1.372,0.751
-1.355,0.652
-1.471,1.925
-1.599,-0.416
-1.635,2.036
-1.741,0.222
-1.871,1.9
-1.898,0.257
-2.074,1.846
-2.162,1.913
-2.141,1.514
-2.261,3.062
-2.269,2.72
-2.189,0.025
-2.303,-0.807
-2.456,3.073
-2.467,0.558
-2.547,3.011
-2.524,0.454
-2.53,2.072
-2.69,-0.483
-2.566,2.26
-2.63,2.696
-2.836,2.463
-2.926,0.983
-3.104,2.808
-3.087,1.406
-3.102,3.025
3.109,1.639
2.964,1.468
2.788,2.644
2.757,1.894
2.749,-0.75
2.719,3.157
2.788,0.385
2.61,1.319
2.595,1.175
2.531,1.582
2.539,-0.798
2.403,0.483
2.237,-0.52
2.02,0.956
1.987,0.706
1.862,1.64
1.96,1.293
1.814,2.021
1.922,2.055
1.833,0.511
1.766,1.452
0.628,-1.012
0.445,-1.196
-0.248,-0.985
-0.758,-1.167
-1.094,-1.194
-1.443,-1.07
-2.453,-1.146
-2.858,-1.107
-3.079,-1.097
3.092,-1.27
2.252,-1.252
2.395,-0.9
1.032,3.45
0.698,3.236
0.393,3.409
0.354,3.164
-0.032,3.293
-0.186,3.325
-0.212,3.49
-0.127,3.477
-0.35,3.455
-0.52,3.378
-0.563,3.484
-0.915,3.474
-1.37,3.357
-2.332,3.368
-2.236,3.21
-2.584,3.26
2.14,3.345
0.352,1.801
0.202,0.995
0.192,2.657
-2.633,-0.388
-2.735,0.964
-2.733,0.868
-3.101,2.197
2.639,1.206
1.016,0.424
-0.144,1.085
-1.596,2.571
-2.451,2.584
-3.07,2.064
2.411,1.054
2.416,1.291
2.451,1.41
2.221,2.54
0.133,0.189
-1.584,1.353
-3.062,1.366
2.419,-0.539
0.792,-0.586
0.011,-0.534
0.081,-0.672
1.204,3.473
-0.054,-0.844
-0.064,-0.357
-0.085,0.252
-0.206,0.727
-0.282,1.767
-0.355,1.024
-0.325,-0.392
-0.48,0.958
-0.426,1.556
-0.514,-1.058
-0.558,0.361
-0.695,-0.734
-0.853,-0.009
-0.949,-1.814
-1.041,1.79
-1.262,-0.226
-1.259,0.862
-1.197,0.76
-1.247,0.359
-1.327,-0.098
-1.396,-0.938
-1.389,1.119
-1.407,1.466
-1.553,0.585
-1.624,-0.954
-1.715,-0.206
-1.788,-1.629
-1.823,-1.957
-1.829,-0.467
-1.833,0.145
-1.871,0.605
-2.041,-1.598
-2.126,-0.544
-2.154,-0.719
-2.255,-0.697
-2.28,-0.64
-2.25,-0.82
-2.254,-0.858
-2.271,0.431
-2.364,0.637
-2.394,-0.166
-2.391,-0.321
-2.439,1.791
-2.525,1.49
-2.474,0.267
-2.538,-0.467
-2.573,-0.371
-2.643,0.68
-2.641,0.032
-2.665,1.287
-2.706,0.644
-2.773,-0.643
-2.871,-1.062
-2.843,-0.163
-2.912,2.047
-2.936,-1.037
-2.916,2.0
-2.923,1.934
-2.998,1.707
-2.958,-0.4
-3.048,-1.133
-3.0,1.797
3.135,1.42
-3.074,0.939
3.127,1.068
3.042,0.99
3.04,-0.683
3.04,1.818
2.913,1.217
2.96,0.763
2.928,-0.447
2.85,0.788
2.738,-0.59
2.724,0.315
2.679,-0.276
2.732,-1.024
2.602,0.043
2.606,-0.012
2.544,0.15
2.472,-0.127
2.478,0.689
2.418,-0.451
2.287,-0.148
2.23,-1.106
2.279,0.077
2.175,-1.943
2.161,-0.811
2.082,-0.501
2.086,-0.979
2.049,-1.01
2.008,-0.494
1.799,-1.055
1.784,0.965
1.704,-0.749
1.646,0.343
1.619,-1.265
1.613,-1.444
0.988,-2.174
0.952,-2.338
-0.231,-2.409
-0.374,-2.234
-0.366,-2.415
-0.494,-1.947
-0.641,-2.3
-0.867,-2.374
-1.214,-2.341
-1.882,-2.084
-2.038,-2.173
-2.27,-2.374
3.124,-2.207
1.243,2.326
0.75,2.356
0.415,2.104
-0.097,2.307
-0.178,2.145
-0.673,2.126
-1.931,2.366
-2.361,1.999
2.366,2.166
2.131,2.185
2.112,2.324
0.571,-1.088
-0.408,1.98
-2.989,1.081
1.794,1.986
-1.563,2.294
-2.907,2.174
1.555,0.812
1.391,-1.236
1.342,-1.646
1.259,1.808
1.065,1.784
0.979,1.476
1.006,-0.483
1.106,1.649
0.989,-1.757
1.069,-0.625
0.775,0.899
0.679,-0.825
0.537,0.36
0.644,-1.139
0.569,-0.474
0.451,-0.904
0.489,0.426
0.325,-0.792
0.173,-0.24
0.168,-0.935
-0.044,0.623
-0.15,-1.348
-0.15,0.742
-0.062,0.482
-0.187,-0.99
-0.2,0.634
-0.24,-1.912
-0.106,-1.106
-0.292,1.318
-0.149,-1.754
-0.31,0.768
-0.236,-0.864
-0.337,-1.585
-0.508,1.006
-0.43,1.417
-0.449,0.368
-0.574,1.813
-0.698,-0.761
-0.591,0.781
-0.62,1.173
-0.834,1.205
-0.825,1.728
-0.836,0.279
-0.782,1.437
-0.785,-0.82
-0.822,-0.765
-0.981,1.439
-0.871,-0.246
-1.089,1.167
-1.132,-0.915
-1.172,-0.227
-1.38,-1.931
-1.431,-0.389
-1.414,-0.488
-1.53,0.785
-1.658,-1.556
-1.694,0.896
-1.8,-0.918
-1.93,0.76
-1.957,-0.883
-2.133,0.706
-2.221,0.773
-2.2,0.374
-2.32,1.922
-2.328,1.58
-2.248,-1.115
-2.362,-1.947
-2.515,1.933
-2.526,-0.582
-2.606,1.871
-2.583,-0.686
-2.589,0.932
-2.749,-1.623
-2.625,1.12
-2.689,1.556
-2.895,1.323
-2.985,-0.157
3.12,1.668
3.137,0.266
3.122,1.885
3.05,0.499
2.905,0.328
2.729,1.504
2.698,0.754
2.69,-1.89
2.66,2.017
2.729,-0.755
2.551,0.179
2.536,0.035
2.472,0.442
2.48,-1.938
2.344,-0.657
2.178,-1.66
1.961,-0.184
1.928,-0.434
1.803,0.5
1.901,0.153
1.755,0.881
1.863,0.915
1.774,-0.629
1.707,0.312
0.569,-2.152
0.386,-2.336
-0.307,-2.125
-0.817,-2.307
-1.153,-2.334
-1.502,-2.21
-2.512,-2.286
-2.917,-2.247
-3.138,-2.237
3.033,-2.41
2.193,-2.392
2.336,-2.04
0.973,2.31
0.639,2.096
0.334,2.269
0.295,2.024
-0.091,2.153
-0.245,2.185
-0.271,2.35
-0.186,2.337
-0.409,2.315
-0.579,2.238
-0.622,2.344
-0.974,2.334
-1.429,2.217
-2.391,2.228
-2.295,2.07
-2.643,2.12
2.081,2.205
0.293,0.661
0.143,-0.145
0.133,1.517
-2.692,-1.528
-2.794,-0.176
-2.792,-0.272
3.123,1.057
2.58,0.066
0.957,-0.716
-0.203,-0.055
-1.655,1.431
-2.51,1.444
-3.129,0.924
2.352,-0.086
2.357,0.151
2.392,0.27
2.162,1.4
0.074,-0.951
-1.643,0.213
-3.121,0.226
2.36,-1.679
0.733,-1.726
-0.048,-1.674
0.022,-1.812
1.145,2.333
-0.01,0.487
-0.031,1.096
-0.152,1.571
-0.228,2.611
-0.301,1.868
-0.271,0.452
-0.426,1.802
-0.372,2.4
-0.46,-0.214
-0.504,1.205
-0.641,0.11
-0.799,0.835
-0.895,-0.97
-0.987,2.634
-1.208,0.618
-1.205,1.706
-1.143,1.604
-1.193,1.203
-1.273,0.746
-1.342,-0.094
-1.335,1.963
-1.353,2.31
-1.499,1.429
-1.57,-0.11
-1.661,0.638
-1.734,-0.785
-1.769,-1.113
-1.775,0.377
-1.779,0.989
-1.817,1.449
-1.987,-0.754
-2.072,0.3
-2.1,0.125
-2.201,0.147
-2.226,0.204
-2.196,0.024
-2.2,-0.014
-2.217,1.275
-2.31,1.481
-2.34,0.678
-2.337,0.523
-2.385,2.635
-2.471,2.334
-2.42,1.111
-2.484,0.377
-2.519,0.473
-2.589,1.524
-2.587,0.876
-2.611,2.131
-2.652,1.488
-2.719,0.201
-2.817,-0.218
-2.789,0.681
-2.858,2.891
-2.882,-0.193
-2.862,2.844
-2.869,2.778
-2.944,2.551
-2.904,0.444
-2.994,-0.289
-2.946,2.641
-3.094,2.264
-3.02,1.783
-3.102,1.912
3.096,1.834
3.094,0.161
3.094,2.662
2.967,2.061
3.014,1.607
2.982,0.397
2.904,1.632
2.792,0.254
2.778,1.159
2.733,0.568
2.786,-0.18
2.656,0.887
2.66,0.832
2.598,0.994
2.526,0.717
2.532,1.533
2.472,0.393
2.341,0.696
2.284,-0.262
2.333,0.921
2.229,-1.099
2.215,0.033
2.136,0.343
2.14,-0.135
2.103,-0.166
2.062,0.35
1.853,-0.211
1.838,1.809
1.758,0.095
1.7,1.187
1.673,-0.421
1.667,-0.6
1.042,-1.33
1.006,-1.494
-0.177,-1.565
-0.32,-1.39
-0.312,-1.571
-0.44,-1.103
-0.587,-1.456
-0.813,-1.53
-1.16,-1.497
-1.828,-1.24
-1.984,-1.329
-2.216,-1.53
-3.105,-1.363
1.297,3.17
0.804,3.2
0.469,2.948
-0.043,3.151
-0.124,2.989
-0.619,2.97
-1.877,3.21
-2.307,2.843
2.42,3.01
2.185,3.029
2.166,3.168
0.625,-0.244
-0.354,2.824
-2.935,1.925
1.848,2.83
-1.509,3.138
-2.853,3.018
1.609,1.656
1.445,-0.392
1.396,-0.802
1.313,2.652
1.119,2.628
1.033,2.32
1.06,0.361
1.16,2.493
1.043,-0.913
1.123,0.219
0.829,1.743
0.733,0.019
0.591,1.204
0.698,-0.295
0.623,0.37
0.505,-0.06
0.543,1.27
0.379,0.052
0.227,0.604
0.222,-0.091
0.01,1.467
-0.096,-0.504
-0.096,1.586
-0.008,1.326
-0.133,-0.146
-0.146,1.478
-0.186,-1.068
-0.052,-0.262
-0.238,2.162
-0.095,-0.91
-0.256,1.612
-0.182,-0.02
-0.283,-0.741
-0.454,1.85
-0.376,2.261
-0.395,1.212
-0.52,2.657
-0.644,0.083
-0.537,1.625
-0.566,2.017
-0.78,2.049
-0.771,2.572
-0.782,1.123
-0.728,2.281
-0.731,0.024
-0.768,0.079
-0.927,2.283
-0.817,0.598
-1.035,2.011
-1.078,-0.071
-1.118,0.617
-1.326,-1.087
-1.377,0.455
-1.36,0.356
-1.476,1.629
-1.604,-0.712
-1.64,1.74
-1.746,-0.074
-1.876,1.604
-1.903,-0.039
-2.079,1.55
-2.167,1.617
-2.146,1.218
-2.266,2.766
-2.274,2.424
-2.194,-0.271
-2.308,-1.103
-2.461,2.777
-2.472,0.262
-2.552,2.715
-2.529,0.158
-2.535,1.776
-2.695,-0.779
-2.571,1.964
-2.635,2.4
-2.841,2.167
-2.931,0.687
-3.109,2.512
-3.092,1.11
-3.107,2.729
3.104,1.343
2.959,1.172
2.783,2.348
2.752,1.598
2.744,-1.046
2.714,2.861
2.783,0.089
2.605,1.023
2.59,0.879
2.526,1.286
2.534,-1.094
2.398,0.187
2.232,-0.816
2.015,0.66
1.982,0.41
1.857,1.344
1.955,0.997
1.809,1.725
1.917,1.759
1.828,0.215
1.761,1.156
0.623,-1.308
0.44,-1.492
-0.253,-1.281
-0.763,-1.463
-1.099,-1.49
-1.448,-1.366
-2.458,-1.442
-2.863,-1.403
-3.084,-1.393
3.087,-1.566
2.247,-1.548
2.39,-1.196
1.027,3.154
0.693,2.94
0.388,3.113
0.349,2.868
-0.037,2.997
-0.191,3.029
-0.217,3.194
-0.132,3.181
-0.355,3.159
-0.525,3.082
-0.568,3.188
-0.92,3.178
-1.375,3.061
-2.337,3.072
-2.241,2.914
-2.589,2.964
2.135,3.049
0.347,1.505
0.197,0.699
0.187,2.361
-2.638,-0.684
-2.74,0.668
-2.738,0.572
-3.106,1.901
2.634,0.91
1.011,0.128
-0.149,0.789
-1.601,2.275
-2.456,2.288
-3.075,1.768
2.406,0.758
2.411,0.995
2.446,1.114
2.216,2.244
0.128,-0.107
-1.589,1.057
-3.067,1.07
2.414,-0.835
0.787,-0.882
0.006,-0.83
0.076,-0.968
1.199,3.177
-0.021,0.609
-0.142,1.084
-0.218,2.124
-0.291,1.381
-0.261,-0.035
-0.416,1.315
-0.362,1.913
-0.45,-0.701
-0.494,0.718
-0.631,-0.377
-0.789,0.348
-0.885,-1.457
-0.977,2.147
-1.198,0.131
-1.195,1.219
-1.133,1.117
-1.183,0.716
-1.263,0.259
-1.332,-0.581
-1.325,1.476
-1.343,1.823
-1.489,0.942
-1.56,-0.597
-1.651,0.151
-1.724,-1.272
-1.759,-1.6
-1.765,-0.11
-1.769,0.502
-1.807,0.962
-1.977,-1.241
-2.062,-0.187
-2.09,-0.362
-2.191,-0.34
-2.216,-0.283
-2.186,-0.463
-2.19,-0.501
-2.207,0.788
-2.3,0.994
-2.33,0.191
-2.327,0.036
-2.375,2.148
-2.461,1.847
-2.41,0.624
-2.474,-0.11
-2.509,-0.014
-2.579,1.037
-2.577,0.389
-2.601,1.644
-2.642,1.001
-2.709,-0.286
-2.807,-0.705
-2.779,0.194
-2.848,2.404
-2.872,-0.68
-2.852,2.357
-2.859,2.291
-2.934,2.064
-2.894,-0.043
-2.984,-0.776
-2.936,2.154
-3.084,1.777
-3.01,1.296
-3.092,1.425
3.106,1.347
3.104,-0.326
3.104,2.175
2.977,1.574
3.024,1.12
2.992,-0.09
2.914,1.145
2.802,-0.233
2.788,0.672
2.743,0.081
2.796,-0.667
2.666,0.4
2.67,0.345
2.608,0.507
2.536,0.23
2.542,1.046
2.482,-0.094
2.351,0.209
2.294,-0.749
2.343,0.434
2.239,-1.586
2.225,-0.454
2.146,-0.144
2.15,-0.622
2.113,-0.653
2.072,-0.137
1.863,-0.698
1.848,1.322
1.768,-0.392
1.71,0.7
1.683,-0.908
1.677,-1.087
1.052,-1.817
1.016,-1.981
-0.167,-2.052
-0.31,-1.877
-0.302,-2.058
-0.43,-1.59
-0.577,-1.943
-0.803,-2.017
-1.15,-1.984
-1.818,-1.727
-1.974,-1.816
-2.206,-2.017
-3.095,-1.85
1.307,2.683
0.814,2.713
0.479,2.461
-0.033,2.664
-0.114,2.502
-0.609,2.483
-1.867,2.723
-2.297,2.356
2.43,2.523
2.195,2.542
2.176,2.681
0.635,-0.731
-0.344,2.337
-2.925,1.438
1.858,2.343
-1.499,2.651
-2.843,2.531
1.619,1.169
1.455,-0.879
1.406,-1.289
1.323,2.165
1.129,2.141
1.043,1.833
1.07,-0.126
1.17,2.006
1.053,-1.4
1.133,-0.268
0.839,1.256
0.743,-0.468
0.601,0.717
0.708,-0.782
0.633,-0.117
0.515,-0.547
0.553,0.783
0.389,-0.435
0.237,0.117
0.232,-0.578
0.02,0.98
-0.086,-0.991
-0.086,1.099
0.002,0.839
-0.123,-0.633
-0.136,0.991
-0.176,-1.555
-0.042,-0.749
-0.228,1.675
-0.085,-1.397
-0.246,1.125
-0.172,-0.507
-0.273,-1.228
-0.444,1.363
-0.366,1.774
-0.385,0.725
-0.51,2.17
-0.634,-0.404
-0.527,1.138
-0.556,1.53
-0.77,1.562
-0.761,2.085
-0.772,0.636
-0.718,1.794
-0.721,-0.463
-0.758,-0.408
-0.917,1.796
-0.807,0.111
-1.025,1.524
-1.068,-0.558
-1.108,0.13
-1.316,-1.574
-1.367,-0.032
-1.35,-0.131
-1.466,1.142
-1.594,-1.199
-1.63,1.253
-1.736,-0.561
-1.866,1.117
-1.893,-0.526
-2.069,1.063
-2.157,1.13
-2.136,0.731
-2.256,2.279
-2.264,1.937
-2.184,-0.758
-2.298,-1.59
-2.451,2.29
-2.462,-0.225
-2.542,2.228
-2.519,-0.329
-2.525,1.289
-2.685,-1.266
-2.561,1.477
-2.625,1.913
-2.831,1.68
-2.921,0.2
-3.099,2.025
-3.082,0.623
-3.097,2.242
3.114,0.856
2.969,0.685
2.793,1.861
2.762,1.111
2.754,-1.533
2.724,2.374
2.793,-0.398
2.615,0.536
2.6,0.392
2.536,0.799
2.544,-1.581
2.408,-0.3
2.242,-1.303
2.025,0.173
1.992,-0.077
1.867,0.857
1.965,0.51
1.819,1.238
1.927,1.272
1.838,-0.272
1.771,0.669
0.633,-1.795
0.45,-1.979
-0.243,-1.768
-0.753,-1.95
-1.089,-1.977
-1.438,-1.853
-2.448,-1.929
-2.853,-1.89
-3.074,-1.88
3.097,-2.053
2.257,-2.035
2.4,-1.683
1.037,2.667
0.703,2.453
0.398,2.626
0.359,2.381
-0.027,2.51
-0.181,2.542
-0.207,2.707
-0.122,2.694
-0.345,2.672
-0.515,2.595
-0.558,2.701
-0.91,2.691
-1.365,2.574
-2.327,2.585
-2.231,2.427
-2.579,2.477
2.145,2.562
0.357,1.018
0.207,0.212
0.197,1.874
-2.628,-1.171
-2.73,0.181
-2.728,0.085
-3.096,1.414
2.644,0.423
1.021,-0.359
-0.139,0.302
-1.591,1.788
-2.446,1.801
-3.065,1.281
2.416,0.271
2.421,0.508
2.456,0.627
2.226,1.757
0.138,-0.594
-1.579,0.57
-3.057,0.583
2.424,-1.322
0.797,-1.369
0.016,-1.317
0.086,-1.455
1.209,2.69
-0.121,0.475
-0.197,1.515
-0.27,0.772
-0.24,-0.644
-0.395,0.706
-0.341,1.304
-0.429,-1.31
-0.473,0.109
-0.61,-0.986
-0.768,-0.261
-0.864,-2.066
-0.956,1.538
-1.177,-0.478
-1.174,0.61
-1.112,0.508
-1.162,0.107
-1.242,-0.35
-1.311,-1.19
-1.304,0.867
-1.322,1.214
-1.468,0.333
-1.539,-1.206
-1.63,-0.458
-1.703,-1.881
-1.738,-2.209
-1.744,-0.719
-1.748,-0.107
-1.786,0.353
-1.956,-1.85
-2.041,-0.796
-2.069,-0.971
-2.17,-0.949
-2.195,-0.892
-2.165,-1.072
-2.169,-1.11
-2.186,0.179
-2.279,0.385
-2.309,-0.418
-2.306,-0.573
-2.354,1.539
-2.44,1.238
-2.389,0.015
-2.453,-0.719
-2.488,-0.623
-2.558,0.428
-2.556,-0.22
-2.58,1.035
-2.621,0.392
-2.688,-0.895
-2.786,-1.314
-2.758,-0.415
-2.827,1.795
-2.851,-1.289
-2.831,1.748
-2.838,1.682
-2.913,1.455
-2.873,-0.652
-2.963,-1.385
-2.915,1.545
-3.063,1.168
-2.989,0.687
-3.071,0.816
3.127,0.738
3.125,-0.935
3.125,1.566
2.998,0.965
3.045,0.511
3.013,-0.699
2.935,0.536
2.823,-0.842
2.809,0.063
2.764,-0.528
2.817,-1.276
2.687,-0.209
2.691,-0.264
2.629,-0.102
2.557,-0.379
2.563,0.437
2.503,-0.703
2.372,-0.4
2.315,-1.358
2.364,-0.175
2.26,-2.195
2.246,-1.063
2.167,-0.753
2.171,-1.231
2.134,-1.262
2.093,-0.746
1.884,-1.307
1.869,0.713
1.789,-1.001
1.731,0.091
1.704,-1.517
1.698,-1.696
1.073,-2.426
1.037,-2.59
-0.146,-2.661
-0.289,-2.486
-0.281,-2.667
-0.409,-2.199
-0.556,-2.552
-0.782,-2.626
-1.129,-2.593
-1.797,-2.336
-1.953,-2.425
-2.185,-2.626
-3.074,-2.459
1.328,2.074
0.835,2.104
0.5,1.852
-0.012,2.055
-0.093,1.893
-0.588,1.874
-1.846,2.114
-2.276,1.747
2.451,1.914
2.216,1.933
2.197,2.072
0.656,-1.34
-0.323,1.728
-2.904,0.829
1.879,1.734
-1.478,2.042
-2.822,1.922
1.64,0.56
1.476,-1.488
1.427,-1.898
1.344,1.556
1.15,1.532
1.064,1.224
1.091,-0.735
1.191,1.397
1.074,-2.009
1.154,-0.877
0.86,0.647
0.764,-1.077
0.622,0.108
0.729,-1.391
0.654,-0.726
0.536,-1.156
0.574,0.174
0.41,-1.044
0.258,-0.492
0.253,-1.187
0.041,0.371
-0.065,-1.6
-0.065,0.49
0.023,0.23
-0.102,-1.242
-0.115,0.382
-0.155,-2.164
-0.021,-1.358
-0.207,1.066
-0.064,-2.006
-0.225,0.516
-0.151,-1.116
-0.252,-1.837
-0.423,0.754
-0.345,1.165
-0.364,0.116
-0.489,1.561
-0.613,-1.013
-0.506,0.529
-0.535,0.921
-0.749,0.953
-0.74,1.476
-0.751,0.027
-0.697,1.185
-0.7,-1.072
-0.737,-1.017
-0.896,1.187
-0.786,-0.498
-1.004,0.915
-1.047,-1.167
-1.087,-0.479
-1.295,-2.183
-1.346,-0.641
-1.329,-0.74
-1.445,0.533
-1.573,-1.808
-1.609,0.644
-1.715,-1.17
-1.845,0.508
-1.872,-1.135
-2.048,0.454
-2.136,0.521
-2.115,0.122
-2.235,1.67
-2.243,1.328
-2.163,-1.367
-2.277,-2.199
-2.43,1.681
-2.441,-0.834
-2.521,1.619
-2.498,-0.938
-2.504,0.68
-2.664,-1.875
-2.54,0.868
-2.604,1.304
-2.81,1.071
-2.9,-0.409
-3.078,1.416
-3.061,0.014
-3.076,1.633
3.135,0.247
2.99,0.076
2.814,1.252
2.783,0.502
2.775,-2.142
2.745,1.765
2.814,-1.007
2.636,-0.073
2.621,-0.217
2.557,0.19
2.565,-2.19
2.429,-0.909
2.263,-1.912
2.046,-0.436
2.013,-0.686
1.888,0.248
1.986,-0.099
1.84,0.629
1.948,0.663
1.859,-0.881
1.792,0.06
0.654,-2.404
0.471,-2.588
-0.222,-2.377
-0.732,-2.559
-1.068,-2.586
-1.417,-2.462
-2.427,-2.538
-2.832,-2.499
-3.053,-2.489
3.118,-2.662
2.278,-2.644
2.421,-2.292
1.058,2.058
0.724,1.844
0.419,2.017
0.38,1.772
-0.006,1.901
-0.16,1.933
-0.186,2.098
-0.101,2.085
-0.324,2.063
-0.494,1.986
-0.537,2.092
-0.889,2.082
-1.344,1.965
-2.306,1.976
-2.21,1.818
-2.558,1.868
2.166,1.953
0.378,0.409
0.228,-0.397
0.218,1.265
-2.607,-1.78
-2.709,-0.428
-2.707,-0.524
-3.075,0.805
2.665,-0.186
1.042,-0.968
-0.118,-0.307
-1.57,1.179
-2.425,1.192
-3.044,0.672
2.437,-0.338
2.442,-0.101
2.477,0.018
2.247,1.148
0.159,-1.203
-1.558,-0.039
-3.036,-0.026
2.445,-1.931
0.818,-1.978
0.037,-1.926
0.107,-2.064
1.23,2.081
-0.076,1.04
-0.149,0.297
-0.119,-1.119
-0.274,0.231
-0.22,0.829
-0.308,-1.785
-0.352,-0.366
-0.489,-1.461
-0.647,-0.736
-0.743,-2.541
-0.835,1.063
-1.056,-0.953
-1.053,0.135
-0.991,0.033
-1.041,-0.368
-1.121,-0.825
-1.19,-1.665
-1.183,0.392
-1.201,0.739
-1.347,-0.142
-1.418,-1.681
-1.509,-0.933
-1.582,-2.356
-1.617,-2.684
-1.623,-1.194
-1.627,-0.582
-1.665,-0.122
-1.835,-2.325
-1.92,-1.271
-1.948,-1.446
-2.049,-1.424
-2.074,-1.367
-2.044,-1.547
-2.048,-1.585
-2.065,-0.296
-2.158,-0.09
-2.188,-0.893
-2.185,-1.048
-2.233,1.064
-2.319,0.763
-2.268,-0.46
-2.332,-1.194
-2.367,-1.098
-2.437,-0.047
-2.435,-0.695
-2.459,0.56
-2.5,-0.083
-2.567,-1.37
-2.665,-1.789
-2.637,-0.89
-2.706,1.32
-2.73,-1.764
-2.71,1.273
-2.717,1.207
-2.792,0.98
-2.752,-1.127
-2.842,-1.86
-2.794,1.07
-2.942,0.693
-2.868,0.212
-2.95,0.341
-3.035,0.263
-3.037,-1.41
-3.037,1.091
3.119,0.49
-3.117,0.036
3.134,-1.174
3.056,0.061
2.944,-1.317
2.93,-0.412
2.885,-1.003
2.938,-1.751
2.808,-0.684
2.812,-0.739
2.75,-0.577
2.678,-0.854
2.684,-0.038
2.624,-1.178
2.493,-0.875
2.436,-1.833
2.485,-0.65
2.381,-2.67
2.367,-1.538
2.288,-1.228
2.292,-1.706
2.255,-1.737
2.214,-1.221
2.005,-1.782
1.99,0.238
1.91,-1.476
1.852,-0.384
1.825,-1.992
1.819,-2.171
1.194,-2.901
1.158,-3.065
-0.025,-3.136
-0.168,-2.961
-0.16,-3.142
-0.288,-2.674
-0.435,-3.027
-0.661,-3.101
-1.008,-3.068
-1.676,-2.811
-1.832,-2.9
-2.064,-3.101
-2.953,-2.934
1.449,1.599
0.956,1.629
0.621,1.377
0.109,1.58
0.028,1.418
-0.467,1.399
-1.725,1.639
-2.155,1.272
2.572,1.439
2.337,1.458
2.318,1.597
0.777,-1.815
-0.202,1.253
-2.783,0.354
2.0,1.259
-1.357,1.567
-2.701,1.447
1.761,0.085
1.597,-1.963
1.548,-2.373
1.465,1.081
1.271,1.057
1.185,0.749
1.212,-1.21
1.312,0.922
1.195,-2.484
1.275,-1.352
0.981,0.172
0.885,-1.552
0.743,-0.367
0.85,-1.866
0.775,-1.201
0.657,-1.631
0.695,-0.301
0.531,-1.519
0.379,-0.967
0.374,-1.662
0.162,-0.104
0.056,-2.075
0.056,0.015
0.144,-0.245
0.019,-1.717
0.006,-0.093
-0.034,-2.639
0.1,-1.833
-0.086,0.591
0.057,-2.481
-0.104,0.041
-0.03,-1.591
-0.131,-2.312
-0.302,0.279
-0.224,0.69
-0.243,-0.359
-0.368,1.086
-0.492,-1.488
-0.385,0.054
-0.414,0.446
-0.628,0.478
-0.619,1.001
-0.63,-0.448
-0.576,0.71
-0.579,-1.547
-0.616,-1.492
-0.775,0.712
-0.665,-0.973
-0.883,0.44
-0.926,-1.642
-0.966,-0.954
-1.174,-2.658
-1.225,-1.116
-1.208,-1.215
-1.324,0.058
-1.452,-2.283
-1.488,0.169
-1.594,-1.645
-1.724,0.033
-1.751,-1.61
-1.927,-0.021
-2.015,0.046
-1.994,-0.353
-2.114,1.195
-2.122,0.853
-2.042,-1.842
-2.156,-2.674
-2.309,1.206
-2.32,-1.309
-2.4,1.144
-2.377,-1.413
-2.383,0.205
-2.543,-2.35
-2.419,0.393
-2.483,0.829
-2.689,0.596
-2.779,-0.884
-2.957,0.941
-2.94,-0.461
-2.955,1.158
-3.027,-0.228
3.111,-0.399
2.935,0.777
2.904,0.027
2.896,-2.617
2.866,1.29
2.935,-1.482
2.757,-0.548
2.742,-0.692
2.678,-0.285
2.686,-2.665
2.55,-1.384
2.384,-2.387
2.167,-0.911
2.134,-1.161
2.009,-0.227
2.107,-0.574
1.961,0.154
2.069,0.188
1.98,-1.356
1.913,-0.415
0.775,-2.879
0.592,-3.063
-0.101,-2.852
-0.611,-3.034
-0.947,-3.061
-1.296,-2.937
-2.306,-3.013
-2.711,-2.974
-2.932,-2.964
-3.044,-3.137
2.399,-3.119
2.542,-2.767
1.179,1.583
0.845,1.369
0.54,1.542
0.501,1.297
0.115,1.426
-0.039,1.458
-0.065,1.623
0.02,1.61
-0.203,1.588
-0.373,1.511
-0.416,1.617
-0.768,1.607
-1.223,1.49
-2.185,1.501
-2.089,1.343
-2.437,1.393
2.287,1.478
0.499,-0.066
0.349,-0.872
0.339,0.79
-2.486,-2.255
-2.588,-0.903
-2.586,-0.999
-2.954,0.33
2.786,-0.661
1.163,-1.443
0.003,-0.782
-1.449,0.704
-2.304,0.717
-2.923,0.197
2.558,-0.813
2.563,-0.576
2.598,-0.457
2.368,0.673
0.28,-1.678
-1.437,-0.514
-2.915,-0.501
2.566,-2.406
0.939,-2.453
0.158,-2.401
0.228,-2.539
1.351,1.606
-0.073,-0.743
-0.043,-2.159
-0.198,-0.809
-0.144,-0.211
-0.232,-2.825
-0.276,-1.406
-0.413,-2.501
-0.571,-1.776
-0.667,-3.581
-0.759,0.023
-0.98,-1.993
-0.977,-0.905
-0.915,-1.007
-0.965,-1.408
-1.045,-1.865
-1.114,-2.705
-1.107,-0.648
-1.125,-0.301
-1.271,-1.182
-1.342,-2.721
-1.433,-1.973
-1.506,-3.396
-1.541,-3.724
-1.547,-2.234
-1.551,-1.622
-1.589,-1.162
-1.759,-3.365
-1.844,-2.311
-1.872,-2.486
-1.973,-2.464
-1.998,-2.407
-1.968,-2.587
-1.972,-2.625
-1.989,-1.336
-2.082,-1.13
-2.112,-1.933
-2.109,-2.088
-2.157,0.024
-2.243,-0.277
-2.192,-1.5
-2.256,-2.234
-2.291,-2.138
-2.361,-1.087
-2.359,-1.735
-2.383,-0.48
-2.424,-1.123
-2.491,-2.41
-2.589,-2.829
-2.561,-1.93
-2.63,0.28
-2.654,-2.804
-2.634,0.233
-2.641,0.167
-2.716,-0.06
-2.676,-2.167
-2.766,-2.9
-2.718,0.03
-2.866,-0.347
-2.792,-0.828
-2.874,-0.699
-2.959,-0.777
-2.961,-2.45
-2.961,0.051
-3.088,-0.55
-3.041,-1.004
-3.073,-2.214
3.132,-0.979
3.02,-2.357
3.006,-1.452
2.961,-2.043
3.014,-2.791
2.884,-1.724
2.888,-1.779
2.826,-1.617
2.754,-1.894
2.76,-1.078
2.7,-2.218
2.569,-1.915
2.512,-2.873
2.561,-1.69
2.457,-3.71
2.443,-2.578
2.364,-2.268
2.368,-2.746
2.331,-2.777
2.29,-2.261
2.081,-2.822
2.066,-0.802
1.986,-2.516
1.928,-1.424
1.901,-3.032
1.895,-3.211
1.27,-3.941
1.234,-4.105
0.051,-4.176
-0.092,-4.001
-0.084,-4.182
-0.212,-3.714
-0.359,-4.067
-0.585,-4.141
-0.932,-4.108
-1.6,-3.851
-1.756,-3.94
-1.988,-4.141
-2.877,-3.974
1.525,0.559
1.032,0.589
0.697,0.337
0.185,0.54
0.104,0.378
-0.391,0.359
-1.649,0.599
-2.079,0.232
2.648,0.399
2.413,0.418
2.394,0.557
0.853,-2.855
-0.126,0.213
-2.707,-0.686
2.076,0.219
-1.281,0.527
-2.625,0.407
1.837,-0.955
1.673,-3.003
1.624,-3.413
1.541,0.041
1.347,0.017
1.261,-0.291
1.288,-2.25
1.388,-0.118
1.271,-3.524
1.351,-2.392
1.057,-0.868
0.961,-2.592
0.819,-1.407
0.926,-2.906
0.851,-2.241
0.733,-2.671
0.771,-1.341
0.607,-2.559
0.455,-2.007
0.45,-2.702
0.238,-1.144
0.132,-3.115
0.132,-1.025
0.22,-1.285
0.095,-2.757
0.082,-1.133
0.042,-3.679
0.176,-2.873
-0.01,-0.449
0.133,-3.521
-0.028,-0.999
0.046,-2.631
-0.055,-3.352
-0.226,-0.761
-0.148,-0.35
-0.167,-1.399
-0.292,0.046
-0.416,-2.528
-0.309,-0.986
-0.338,-0.594
-0.552,-0.562
-0.543,-0.039
-0.554,-1.488
-0.5,-0.33
-0.503,-2.587
-0.54,-2.532
-0.699,-0.328
-0.589,-2.013
-0.807,-0.6
-0.85,-2.682
-0.89,-1.994
-1.098,-3.698
-1.149,-2.156
-1.132,-2.255
-1.248,-0.982
-1.376,-3.323
-1.412,-0.871
-1.518,-2.685
-1.648,-1.007
-1.675,-2.65
-1.851,-1.061
-1.939,-0.994
-1.918,-1.393
-2.038,0.155
-2.046,-0.187
-1.966,-2.882
-2.08,-3.714
-2.233,0.166
-2.244,-2.349
-2.324,0.104
-2.301,-2.453
-2.307,-0.835
-2.467,-3.39
-2.343,-0.647
-2.407,-0.211
-2.613,-0.444
-2.703,-1.924
-2.881,-0.099
-2.864,-1.501
-2.879,0.118
-2.951,-1.268
-3.096,-1.439
3.011,-0.263
2.98,-1.013
2.972,-3.657
2.942,0.25
3.011,-2.522
2.833,-1.588
2.818,-1.732
2.754,-1.325
2.762,-3.705
2.626,-2.424
2.46,-3.427
2.243,-1.951
2.21,-2.201
2.085,-1.267
2.183,-1.614
2.037,-0.886
2.145,-0.852
2.056,-2.396
1.989,-1.455
0.851,-3.919
0.668,-4.103
-0.025,-3.892
-0.535,-4.074
-0.871,-4.101
-1.22,-3.977
-2.23,-4.053
-2.635,-4.014
-2.856,-4.004
-2.968,-4.177
2.475,-4.159
2.618,-3.807
1.255,0.543
0.921,0.329
0.616,0.502
0.577,0.257
0.191,0.386
0.037,0.418
0.011,0.583
0.096,0.57
-0.127,0.548
-0.297,0.471
-0.34,0.577
-0.692,0.567
-1.147,0.45
-2.109,0.461
-2.013,0.303
-2.361,0.353
2.363,0.438
0.575,-1.106
0.425,-1.912
0.415,-0.25
-2.41,-3.295
-2.512,-1.943
-2.51,-2.039
-2.878,-0.71
2.862,-1.701
1.239,-2.483
0.079,-1.822
-1.373,-0.336
-2.228,-0.323
-2.847,-0.843
2.634,-1.853
2.639,-1.616
2.674,-1.497
2.444,-0.367
0.356,-2.718
-1.361,-1.554
-2.839,-1.541
2.642,-3.446
1.015,-3.493
0.234,-3.441
0.304,-3.579
1.427,0.566
0.03,-1.416
-0.125,-0.066
-0.071,0.532
-0.159,-2.082
-0.203,-0.663
-0.34,-1.758
-0.498,-1.033
-0.594,-2.838
-0.686,0.766
-0.907,-1.25
-0.904,-0.162
-0.842,-0.264
-0.892,-0.665
-0.972,-1.122
-1.041,-1.962
-1.034,0.095
-1.052,0.442
-1.198,-0.439
-1.269,-1.978
-1.36,-1.23
-1.433,-2.653
-1.468,-2.981
-1.474,-1.491
-1.478,-0.879
-1.516,-0.419
-1.686,-2.622
-1.771,-1.568
-1.799,-1.743
-1.9,-1.721
-1.925,-1.664
-1.895,-1.844
-1.899,-1.882
-1.916,-0.593
-2.009,-0.387
-2.039,-1.19
-2.036,-1.345
-2.084,0.767
-2.17,0.466
-2.119,-0.757
-2.183,-1.491
-2.218,-1.395
-2.288,-0.344
-2.286,-0.992
-2.31,0.263
-2.351,-0.38
-2.418,-1.667
-2.516,-2.086
-2.488,-1.187
-2.557,1.023
-2.581,-2.061
-2.561,0.976
-2.568,0.91
-2.643,0.683
-2.603,-1.424
-2.693,-2.157
-2.645,0.773
-2.793,0.396
-2.719,-0.085
-2.801,0.044
-2.886,-0.034
-2.888,-1.707
-2.888,0.794
-3.015,0.193
-2.968,-0.261
-3.0,-1.471
-3.078,-0.236
3.093,-1.614
3.079,-0.709
3.034,-1.3
3.087,-2.048
2.957,-0.981
2.961,-1.036
2.899,-0.874
2.827,-1.151
2.833,-0.335
2.773,-1.475
2.642,-1.172
2.585,-2.13
2.634,-0.947
2.53,-2.967
2.516,-1.835
2.437,-1.525
2.441,-2.003
2.404,-2.034
2.363,-1.518
2.154,-2.079
2.139,-0.059
2.059,-1.773
2.001,-0.681
1.974,-2.289
1.968,-2.468
1.343,-3.198
1.307,-3.362
0.124,-3.433
-0.019,-3.258
-0.011,-3.439
-0.139,-2.971
-0.286,-3.324
-0.512,-3.398
-0.859,-3.365
-1.527,-3.108
-1.683,-3.197
-1.915,-3.398
-2.804,-3.231
1.598,1.302
1.105,1.332
0.77,1.08
0.258,1.283
0.177,1.121
-0.318,1.102
-1.576,1.342
-2.006,0.975
2.721,1.142
2.486,1.161
2.467,1.3
0.926,-2.112
-0.053,0.956
-2.634,0.057
2.149,0.962
-1.208,1.27
-2.552,1.15
1.91,-0.212
1.746,-2.26
1.697,-2.67
1.614,0.784
1.42,0.76
1.334,0.452
1.361,-1.507
1.461,0.625
1.344,-2.781
1.424,-1.649
1.13,-0.125
1.034,-1.849
0.892,-0.664
0.999,-2.163
0.924,-1.498
0.806,-1.928
0.844,-0.598
0.68,-1.816
0.528,-1.264
0.523,-1.959
0.311,-0.401
0.205,-2.372
0.205,-0.282
0.293,-0.542
0.168,-2.014
0.155,-0.39
0.115,-2.936
0.249,-2.13
0.063,0.294
0.206,-2.778
0.045,-0.256
0.119,-1.888
0.018,-2.609
-0.153,-0.018
-0.075,0.393
-0.094,-0.656
-0.219,0.789
-0.343,-1.785
-0.236,-0.243
-0.265,0.149
-0.479,0.181
-0.47,0.704
-0.481,-0.745
-0.427,0.413
-0.43,-1.844
-0.467,-1.789
-0.626,0.415
-0.516,-1.27
-0.734,0.143
-0.777,-1.939
-0.817,-1.251
-1.025,-2.955
-1.076,-1.413
-1.059,-1.512
-1.175,-0.239
-1.303,-2.58
-1.339,-0.128
-1.445,-1.942
-1.575,-0.264
-1.602,-1.907
-1.778,-0.318
-1.866,-0.251
-1.845,-0.65
-1.965,0.898
-1.973,0.556
-1.893,-2.139
-2.007,-2.971
-2.16,0.909
-2.171,-1.606
-2.251,0.847
-2.228,-1.71
-2.234,-0.092
-2.394,-2.647
-2.27,0.096
-2.334,0.532
-2.54,0.299
-2.63,-1.181
-2.808,0.644
-2.791,-0.758
-2.806,0.861
-2.878,-0.525
-3.023,-0.696
3.084,0.48
3.053,-0.27
3.045,-2.914
3.015,0.993
3.084,-1.779
2.906,-0.845
2.891,-0.989
2.827,-0.582
2.835,-2.962
2.699,-1.681
2.533,-2.684
2.316,-1.208
2.283,-1.458
2.158,-0.524
2.256,-0.871
2.11,-0.143
2.218,-0.109
2.129,-1.653
2.062,-0.712
0.924,-3.176
0.741,-3.36
0.048,-3.149
-0.462,-3.331
-0.798,-3.358
-1.147,-3.234
-2.157,-3.31
-2.562,-3.271
-2.783,-3.261
-2.895,-3.434
2.548,-3.416
2.691,-3.064
1.328,1.286
0.994,1.072
0.689,1.245
0.65,1.0
0.264,1.129
0.11,1.161
0.084,1.326
0.169,1.313
-0.054,1.291
-0.224,1.214
-0.267,1.32
-0.619,1.31
-1.074,1.193
-2.036,1.204
-1.94,1.046
-2.288,1.096
2.436,1.181
0.648,-0.363
0.498,-1.169
0.488,0.493
-2.337,-2.552
-2.439,-1.2
-2.437,-1.296
-2.805,0.033
2.935,-0.958
1.312,-1.74
0.152,-1.079
-1.3,0.407
-2.155,0.42
-2.774,-0.1
2.707,-1.11
2.712,-0.873
2.747,-0.754
2.517,0.376
0.429,-1.975
-1.288,-0.811
-2.766,-0.798
2.715,-2.703
1.088,-2.75
0.307,-2.698
0.377,-2.836
1.5,1.309
-0.155,1.35
-0.101,1.948
-0.189,-0.666
-0.233,0.753
-0.37,-0.342
-0.528,0.383
-0.624,-1.422
-0.716,2.182
-0.937,0.166
-0.934,1.254
-0.872,1.152
-0.922,0.751
-1.002,0.294
-1.071,-0.546
-1.064,1.511
-1.082,1.858
-1.228,0.977
-1.299,-0.562
-1.39,0.186
-1.463,-1.237
-1.498,-1.565
-1.504,-0.075
-1.508,0.537
-1.546,0.997
-1.716,-1.206
-1.801,-0.152
-1.829,-0.327
-1.93,-0.305
-1.955,-0.248
-1.925,-0.428
-1.929,-0.466
-1.946,0.823
-2.039,1.029
-2.069,0.226
-2.066,0.071
-2.114,2.183
-2.2,1.882
-2.149,0.659
-2.213,-0.075
-2.248,0.021
-2.318,1.072
-2.316,0.424
-2.34,1.679
-2.381,1.036
-2.448,-0.251
-2.546,-0.67
-2.518,0.229
-2.587,2.439
-2.611,-0.645
-2.591,2.392
-2.598,2.326
-2.673,2.099
-2.633,-0.008
-2.723,-0.741
-2.675,2.189
-2.823,1.812
-2.749,1.331
-2.831,1.46
-2.916,1.382
-2.918,-0.291
-2.918,2.21
-3.045,1.609
-2.998,1.155
-3.03,-0.055
-3.108,1.18
3.063,-0.198
3.049,0.707
3.004,0.116
3.057,-0.632
2.927,0.435
2.931,0.38
2.869,0.542
2.797,0.265
2.803,1.081
2.743,-0.059
2.612,0.244
2.555,-0.714
2.604,0.469
2.5,-1.551
2.486,-0.419
2.407,-0.109
2.411,-0.587
2.374,-0.618
2.333,-0.102
2.124,-0.663
2.109,1.357
2.029,-0.357
1.971,0.735
1.944,-0.873
1.938,-1.052
1.313,-1.782
1.277,-1.946
0.094,-2.017
-0.049,-1.842
-0.041,-2.023
-0.169,-1.555
-0.316,-1.908
-0.542,-1.982
-0.889,-1.949
-1.557,-1.692
-1.713,-1.781
-1.945,-1.982
-2.834,-1.815
1.568,2.718
1.075,2.748
0.74,2.496
0.228,2.699
0.147,2.537
-0.348,2.518
-1.606,2.758
-2.036,2.391
2.691,2.558
2.456,2.577
2.437,2.716
0.896,-0.696
-0.083,2.372
-2.664,1.473
2.119,2.378
-1.238,2.686
-2.582,2.566
1.88,1.204
1.716,-0.844
1.667,-1.254
1.584,2.2
1.39,2.176
1.304,1.868
1.331,-0.091
1.431,2.041
1.314,-1.365
1.394,-0.233
1.1,1.291
1.004,-0.433
0.862,0.752
0.969,-0.747
0.894,-0.082
0.776,-0.512
0.814,0.818
0.65,-0.4
0.498,0.152
0.493,-0.543
0.281,1.015
0.175,-0.956
0.175,1.134
0.263,0.874
0.138,-0.598
0.125,1.026
0.085,-1.52
0.219,-0.714
0.033,1.71
0.176,-1.362
0.015,1.16
0.089,-0.472
-0.012,-1.193
-0.183,1.398
-0.105,1.809
-0.124,0.76
-0.249,2.205
-0.373,-0.369
-0.266,1.173
-0.295,1.565
-0.509,1.597
-0.5,2.12
-0.511,0.671
-0.457,1.829
-0.46,-0.428
-0.497,-0.373
-0.656,1.831
-0.546,0.146
-0.764,1.559
-0.807,-0.523
-0.847,0.165
-1.055,-1.539
-1.106,0.003
-1.089,-0.096
-1.205,1.177
-1.333,-1.164
-1.369,1.288
-1.475,-0.526
-1.605,1.152
-1.632,-0.491
-1.808,1.098
-1.896,1.165
-1.875,0.766
-1.995,2.314
-2.003,1.972
-1.923,-0.723
-2.037,-1.555
-2.19,2.325
-2.201,-0.19
-2.281,2.263
-2.258,-0.294
-2.264,1.324
-2.424,-1.231
-2.3,1.512
-2.364,1.948
-2.57,1.715
-2.66,0.235
-2.838,2.06
-2.821,0.658
-2.836,2.277
-2.908,0.891
-3.053,0.72
3.054,1.896
3.023,1.146
3.015,-1.498
2.985,2.409
3.054,-0.363
2.876,0.571
2.861,0.427
2.797,0.834
2.805,-1.546
2.669,-0.265
2.503,-1.268
2.286,0.208
2.253,-0.042
2.128,0.892
2.226,0.545
2.08,1.273
2.188,1.307
2.099,-0.237
2.032,0.704
0.894,-1.76
0.711,-1.944
0.018,-1.733
-0.492,-1.915
-0.828,-1.942
-1.177,-1.818
-2.187,-1.894
-2.592,-1.855
-2.813,-1.845
-2.925,-2.018
2.518,-2.0
2.661,-1.648
1.298,2.702
0.964,2.488
0.659,2.661
0.62,2.416
0.234,2.545
0.08,2.577
0.054,2.742
0.139,2.729
-0.084,2.707
-0.254,2.63
-0.297,2.736
-0.649,2.726
-1.104,2.609
-2.066,2.62
-1.97,2.462
-2.318,2.512
2.406,2.597
0.618,1.053
0.468,0.247
0.458,1.909
-2.367,-1.136
-2.469,0.216
-2.467,0.12
-2.835,1.449
2.905,0.458
1.282,-0.324
0.122,0.337
-1.33,1.823
-2.185,1.836
-2.804,1.316
2.677,0.306
2.682,0.543
2.717,0.662
2.487,1.792
0.399,-0.559
-1.318,0.605
-2.796,0.618
2.685,-1.287
1.058,-1.334
0.277,-1.282
0.347,-1.42
1.47,2.725
0.054,0.598
-0.034,-2.016
-0.078,-0.597
-0.215,-1.692
-0.373,-0.967
-0.469,-2.772
-0.561,0.832
-0.782,-1.184
-0.779,-0.096
-0.717,-0.198
-0.767,-0.599
-0.847,-1.056
-0.916,-1.896
-0.909,0.161
-0.927,0.508
-1.073,-0.373
-1.144,-1.912
-1.235,-1.164
-1.308,-2.587
-1.343,-2.915
-1.349,-1.425
-1.353,-0.813
-1.391,-0.353
-1.561,-2.556
-1.646,-1.502
-1.674,-1.677
-1.775,-1.655
-1.8,-1.598
-1.77,-1.778
-1.774,-1.816
-1.791,-0.527
-1.884,-0.321
-1.914,-1.124
-1.911,-1.279
-1.959,0.833
-2.045,0.532
-1.994,-0.691
-2.058,-1.425
-2.093,-1.329
-2.163,-0.278
-2.161,-0.926
-2.185,0.329
-2.226,-0.314
-2.293,-1.601
-2.391,-2.02
-2.363,-1.121
-2.432,1.089
-2.456,-1.995
-2.436,1.042
-2.443,0.976
-2.518,0.749
-2.478,-1.358
-2.568,-2.091
-2.52,0.839
-2.668,0.462
-2.594,-0.019
-2.676,0.11
-2.761,0.032
-2.763,-1.641
-2.763,0.86
-2.89,0.259
-2.843,-0.195
-2.875,-1.405
-2.953,-0.17
-3.065,-1.548
-3.079,-0.643
-3.124,-1.234
-3.071,-1.982
3.082,-0.915
3.086,-0.97
3.024,-0.808
2.952,-1.085
2.958,-0.269
2.898,-1.409
2.767,-1.106
2.71,-2.064
2.759,-0.881
2.655,-2.901
2.641,-1.769
2.562,-1.459
2.566,-1.937
2.529,-1.968
2.488,-1.452
2.279,-2.013
2.264,0.007
2.184,-1.707
2.126,-0.615
2.099,-2.223
2.093,-2.402
1.468,-3.132
1.432,-3.296
0.249,-3.367
0.106,-3.192
0.114,-3.373
-0.014,-2.905
-0.161,-3.258
-0.387,-3.332
-0.734,-3.299
-1.402,-3.042
-1.558,-3.131
-1.79,-3.332
-2.679,-3.165
1.723,1.368
1.23,1.398
0.895,1.146
0.383,1.349
0.302,1.187
-0.193,1.168
-1.451,1.408
-1.881,1.041
2.846,1.208
2.611,1.227
2.592,1.366
1.051,-2.046
0.072,1.022
-2.509,0.123
2.274,1.028
-1.083,1.336
-2.427,1.216
2.035,-0.146
1.871,-2.194
1.822,-2.604
1.739,0.85
1.545,0.826
1.459,0.518
1.486,-1.441
1.586,0.691
1.469,-2.715
1.549,-1.583
1.255,-0.059
1.159,-1.783
1.017,-0.598
1.124,-2.097
1.049,-1.432
0.931,-1.862
0.969,-0.532
0.805,-1.75
0.653,-1.198
0.648,-1.893
0.436,-0.335
0.33,-2.306
0.33,-0.216
0.418,-0.476
0.293,-1.948
0.28,-0.324
0.24,-2.87
0.374,-2.064
0.188,0.36
0.331,-2.712
0.17,-0.19
0.244,-1.822
0.143,-2.543
-0.028,0.048
0.05,0.459
0.031,-0.59
-0.094,0.855
-0.218,-1.719
-0.111,-0.177
-0.14,0.215
-0.354,0.247
-0.345,0.77
-0.356,-0.679
-0.302,0.479
-0.305,-1.778
-0.342,-1.723
-0.501,0.481
-0.391,-1.204
-0.609,0.209
-0.652,-1.873
-0.692,-1.185
-0.9,-2.889
-0.951,-1.347
-0.934,-1.446
-1.05,-0.173
-1.178,-2.514
-1.214,-0.062
-1.32,-1.876
-1.45,-0.198
-1.477,-1.841
-1.653,-0.252
-1.741,-0.185
-1.72,-0.584
-1.84,0.964
-1.848,0.622
-1.768,-2.073
-1.882,-2.905
-2.035,0.975
-2.046,-1.54
-2.126,0.913
-2.103,-1.644
-2.109,-0.026
-2.269,-2.581
-2.145,0.162
-2.209,0.598
-2.415,0.365
-2.505,-1.115
-2.683,0.71
-2.666,-0.692
-2.681,0.927
-2.753,-0.459
-2.898,-0.63
-3.074,0.546
-3.105,-0.204
-3.113,-2.848
3.14,1.059
-3.074,-1.713
3.031,-0.779
3.016,-0.923
2.952,-0.516
2.96,-2.896
2.824,-1.615
2.658,-2.618
2.441,-1.142
2.408,-1.392
2.283,-0.458
2.381,-0.805
2.235,-0.077
2.343,-0.043
2.254,-1.587
2.187,-0.646
1.049,-3.11
0.866,-3.294
0.173,-3.083
-0.337,-3.265
-0.673,-3.292
-1.022,-3.168
-2.032,-3.244
-2.437,-3.205
-2.658,-3.195
-2.77,-3.368
2.673,-3.35
2.816,-2.998
1.453,1.352
1.119,1.138
0.814,1.311
0.775,1.066
0.389,1.195
0.235,1.227
0.209,1.392
0.294,1.379
0.071,1.357
-0.099,1.28
-0.142,1.386
-0.494,1.376
-0.949,1.259
-1.911,1.27
-1.815,1.112
-2.163,1.162
2.561,1.247
0.773,-0.297
0.623,-1.103
0.613,0.559
-2.212,-2.486
-2.314,-1.134
-2.312,-1.23
-2.68,0.099
3.06,-0.892
1.437,-1.674
0.277,-1.013
-1.175,0.473
-2.03,0.486
-2.649,-0.034
2.832,-1.044
2.837,-0.807
2.872,-0.688
2.642,0.442
0.554,-1.909
-1.163,-0.745
-2.641,-0.732
2.84,-2.637
1.213,-2.684
0.432,-2.632
0.502,-2.77
1.625,1.375
-0.088,-2.614
-0.132,-1.195
-0.269,-2.29
-0.427,-1.565
-0.523,-3.37
-0.615,0.234
-0.836,-1.782
-0.833,-0.694
-0.771,-0.796
-0.821,-1.197
-0.901,-1.654
-0.97,-2.494
-0.963,-0.437
-0.981,-0.09
-1.127,-0.971
-1.198,-2.51
-1.289,-1.762
-1.362,-3.185
-1.397,-3.513
-1.403,-2.023
-1.407,-1.411
-1.445,-0.951
-1.615,-3.154
-1.7,-2.1
-1.728,-2.275
-1.829,-2.253
-1.854,-2.196
-1.824,-2.376
-1.828,-2.414
-1.845,-1.125
-1.938,-0.919
-1.968,-1.722
-1.965,-1.877
-2.013,0.235
-2.099,-0.066
-2.048,-1.289
-2.112,-2.023
-2.147,-1.927
-2.217,-0.876
-2.215,-1.524
-2.239,-0.269
-2.28,-0.912
-2.347,-2.199
-2.445,-2.618
-2.417,-1.719
-2.486,0.491
-2.51,-2.593
-2.49,0.444
-2.497,0.378
-2.572,0.151
-2.532,-1.956
-2.622,-2.689
-2.574,0.241
-2.722,-0.136
-2.648,-0.617
-2.73,-0.488
-2.815,-0.566
-2.817,-2.239
-2.817,0.262
-2.944,-0.339
-2.897,-0.793
-2.929,-2.003
-3.007,-0.768
-3.119,-2.146
-3.133,-1.241
3.105,-1.832
-3.125,-2.58
3.028,-1.513
3.032,-1.568
2.97,-1.406
2.898,-1.683
2.904,-0.867
2.844,-2.007
2.713,-1.704
2.656,-2.662
2.705,-1.479
2.601,-3.499
2.587,-2.367
2.508,-2.057
2.512,-2.535
2.475,-2.566
2.434,-2.05
2.225,-2.611
2.21,-0.591
2.13,-2.305
2.072,-1.213
2.045,-2.821
2.039,-3.0
1.414,-3.73
1.378,-3.894
0.195,-3.965
0.052,-3.79
0.06,-3.971
-0.068,-3.503
-0.215,-3.856
-0.441,-3.93
-0.788,-3.897
-1.456,-3.64
-1.612,-3.729
-1.844,-3.93
-2.733,-3.763
1.669,0.77
1.176,0.8
0.841,0.548
0.329,0.751
0.248,0.589
-0.247,0.57
-1.505,0.81
-1.935,0.443
2.792,0.61
2.557,0.629
2.538,0.768
0.997,-2.644
0.018,0.424
-2.563,-0.475
2.22,0.43
-1.137,0.738
-2.481,0.618
1.981,-0.744
1.817,-2.792
1.768,-3.202
1.685,0.252
1.491,0.228
1.405,-0.08
1.432,-2.039
1.532,0.093
1.415,-3.313
1.495,-2.181
1.201,-0.657
1.105,-2.381
0.963,-1.196
1.07,-2.695
0.995,-2.03
0.877,-2.46
0.915,-1.13
0.751,-2.348
0.599,-1.796
0.594,-2.491
0.382,-0.933
0.276,-2.904
0.276,-0.814
0.364,-1.074
0.239,-2.546
0.226,-0.922
0.186,-3.468
0.32,-2.662
0.134,-0.238
0.277,-3.31
0.116,-0.788
0.19,-2.42
0.089,-3.141
-0.082,-0.55
-0.004,-0.139
-0.023,-1.188
-0.148,0.257
-0.272,-2.317
-0.165,-0.775
-0.194,-0.383
-0.408,-0.351
-0.399,0.172
-0.41,-1.277
-0.356,-0.119
-0.359,-2.376
-0.396,-2.321
-0.555,-0.117
-0.445,-1.802
-0.663,-0.389
-0.706,-2.471
-0.746,-1.783
-0.954,-3.487
-1.005,-1.945
-0.988,-2.044
-1.104,-0.771
-1.232,-3.112
-1.268,-0.66
-1.374,-2.474
-1.504,-0.796
-1.531,-2.439
-1.707,-0.85
-1.795,-0.783
-1.774,-1.182
-1.894,0.366
-1.902,0.024
-1.822,-2.671
-1.936,-3.503
-2.089,0.377
-2.1,-2.138
-2.18,0.315
-2.157,-2.242
-2.163,-0.624
-2.323,-3.179
-2.199,-0.436
-2.263,0.0
-2.469,-0.233
-2.559,-1.713
-2.737,0.112
-2.72,-1.29
-2.735,0.329
-2.807,-1.057
-2.952,-1.228
-3.128,-0.052
3.124,-0.802
3.116,-3.446
3.086,0.461
-3.128,-2.311
2.977,-1.377
2.962,-1.521
2.898,-1.114
2.906,-3.494
2.77,-2.213
2.604,-3.216
2.387,-1.74
2.354,-1.99
2.229,-1.056
2.327,-1.403
2.181,-0.675
2.289,-0.641
2.2,-2.185
2.133,-1.244
0.995,-3.708
0.812,-3.892
0.119,-3.681
-0.391,-3.863
-0.727,-3.89
-1.076,-3.766
-2.086,-3.842
-2.491,-3.803
-2.712,-3.793
-2.824,-3.966
2.619,-3.948
2.762,-3.596
1.399,0.754
1.065,0.54
0.76,0.713
0.721,0.468
0.335,0.597
0.181,0.629
0.155,0.794
0.24,0.781
0.017,0.759
-0.153,0.682
-0.196,0.788
-0.548,0.778
-1.003,0.661
-1.965,0.672
-1.869,0.514
-2.217,0.564
2.507,0.649
0.719,-0.895
0.569,-1.701
0.559,-0.039
-2.266,-3.084
-2.368,-1.732
-2.366,-1.828
-2.734,-0.499
3.006,-1.49
1.383,-2.272
0.223,-1.611
-1.229,-0.125
-2.084,-0.112
-2.703,-0.632
2.778,-1.642
2.783,-1.405
2.818,-1.286
2.588,-0.156
0.5,-2.507
-1.217,-1.343
-2.695,-1.33
2.786,-3.235
1.159,-3.282
0.378,-3.23
0.448,-3.368
1.571,0.777
-0.044,1.419
-0.181,0.324
-0.339,1.049
-0.435,-0.756
-0.527,2.848
-0.748,0.832
-0.745,1.92
-0.683,1.818
-0.733,1.417
-0.813,0.96
-0.882,0.12
-0.875,2.177
-0.893,2.524
-1.039,1.643
-1.11,0.104
-1.201,0.852
-1.274,-0.571
-1.309,-0.899
-1.315,0.591
-1.319,1.203
-1.357,1.663
-1.527,-0.54
-1.612,0.514
-1.64,0.339
-1.741,0.361
-1.766,0.418
-1.736,0.238
-1.74,0.2
-1.757,1.489
-1.85,1.695
-1.88,0.892
-1.877,0.737
-1.925,2.849
-2.011,2.548
-1.96,1.325
-2.024,0.591
-2.059,0.687
-2.129,1.738
-2.127,1.09
-2.151,2.345
-2.192,1.702
-2.259,0.415
-2.357,-0.004
-2.329,0.895
-2.398,3.105
-2.422,0.021
-2.402,3.058
-2.409,2.992
-2.484,2.765
-2.444,0.658
-2.534,-0.075
-2.486,2.855
-2.634,2.478
-2.56,1.997
-2.642,2.126
-2.727,2.048
-2.729,0.375
-2.729,2.876
-2.856,2.275
-2.809,1.821
-2.841,0.611
-2.919,1.846
-3.031,0.468
-3.045,1.373
-3.09,0.782
-3.037,0.034
3.116,1.101
3.12,1.046
3.058,1.208
2.986,0.931
2.992,1.747
2.932,0.607
2.801,0.91
2.744,-0.048
2.793,1.135
2.689,-0.885
2.675,0.247
2.596,0.557
2.6,0.079
2.563,0.048
2.522,0.564
2.313,0.003
2.298,2.023
2.218,0.309
2.16,1.401
2.133,-0.207
2.127,-0.386
1.502,-1.116
1.466,-1.28
0.283,-1.351
0.14,-1.176
0.148,-1.357
0.02,-0.889
-0.127,-1.242
-0.353,-1.316
-0.7,-1.283
-1.368,-1.026
-1.524,-1.115
-1.756,-1.316
-2.645,-1.149
1.757,3.384
1.264,3.414
0.929,3.162
0.417,3.365
0.336,3.203
-0.159,3.184
-1.417,3.424
-1.847,3.057
2.88,3.224
2.645,3.243
2.626,3.382
1.085,-0.03
0.106,3.038
-2.475,2.139
2.308,3.044
-1.049,3.352
-2.393,3.232
2.069,1.87
1.905,-0.178
1.856,-0.588
1.773,2.866
1.579,2.842
1.493,2.534
1.52,0.575
1.62,2.707
1.503,-0.699
1.583,0.433
1.289,1.957
1.193,0.233
1.051,1.418
1.158,-0.081
1.083,0.584
0.965,0.154
1.003,1.484
0.839,0.266
0.687,0.818
0.682,0.123
0.47,1.681
0.364,-0.29
0.364,1.8
0.452,1.54
0.327,0.068
0.314,1.692
0.274,-0.854
0.408,-0.048
0.222,2.376
0.365,-0.696
0.204,1.826
0.278,0.194
0.177,-0.527
0.006,2.064
0.084,2.475
0.065,1.426
-0.06,2.871
-0.184,0.297
-0.077,1.839
-0.106,2.231
-0.32,2.263
-0.311,2.786
-0.322,1.337
-0.268,2.495
-0.271,0.238
-0.308,0.293
-0.467,2.497
-0.357,0.812
-0.575,2.225
-0.618,0.143
-0.658,0.831
-0.866,-0.873
-0.917,0.669
-0.9,0.57
-1.016,1.843
-1.144,-0.498
-1.18,1.954
-1.286,0.14
-1.416,1.818
-1.443,0.175
-1.619,1.764
-1.707,1.831
-1.686,1.432
-1.806,2.98
-1.814,2.638
-1.734,-0.057
-1.848,-0.889
-2.001,2.991
-2.012,0.476
-2.092,2.929
-2.069,0.372
-2.075,1.99
-2.235,-0.565
-2.111,2.178
-2.175,2.614
-2.381,2.381
-2.471,0.901
-2.649,2.726
-2.632,1.324
-2.647,2.943
-2.719,1.557
-2.864,1.386
-3.04,2.562
-3.071,1.812
-3.079,-0.832
-3.109,3.075
-3.04,0.303
3.065,1.237
3.05,1.093
2.986,1.5
2.994,-0.88
2.858,0.401
2.692,-0.602
2.475,0.874
2.442,0.624
2.317,1.558
2.415,1.211
2.269,1.939
2.377,1.973
2.288,0.429
2.221,1.37
1.083,-1.094
0.9,-1.278
0.207,-1.067
-0.303,-1.249
-0.639,-1.276
-0.988,-1.152
-1.998,-1.228
-2.403,-1.189
-2.624,-1.179
-2.736,-1.352
2.707,-1.334
2.85,-0.982
1.487,3.368
1.153,3.154
0.848,3.327
0.809,3.082
0.423,3.211
0.269,3.243
0.243,3.408
0.328,3.395
0.105,3.373
-0.065,3.296
-0.108,3.402
-0.46,3.392
-0.915,3.275
-1.877,3.286
-1.781,3.128
-2.129,3.178
2.595,3.263
0.807,1.719
0.657,0.913
0.647,2.575
-2.178,-0.47
-2.28,0.882
-2.278,0.786
-2.646,2.115
3.094,1.124
1.471,0.342
0.311,1.003
-1.141,2.489
-1.996,2.502
-2.615,1.982
2.866,0.972
2.871,1.209
2.906,1.328
2.676,2.458
0.588,0.107
-1.129,1.271
-2.607,1.284
2.874,-0.621
1.247,-0.668
0.466,-0.616
0.536,-0.754
1.659,3.391
-0.137,-1.095
-0.295,-0.37
-0.391,-2.175
-0.483,1.429
-0.704,-0.587
-0.701,0.501
-0.639,0.399
-0.689,-0.002
-0.769,-0.459
-0.838,-1.299
-0.831,0.758
-0.849,1.105
-0.995,0.224
-1.066,-1.315
-1.157,-0.567
-1.23,-1.99
-1.265,-2.318
-1.271,-0.828
-1.275,-0.216
-1.313,0.244
-1.483,-1.959
-1.568,-0.905
-1.596,-1.08
-1.697,-1.058
-1.722,-1.001
-1.692,-1.181
-1.696,-1.219
-1.713,0.07
-1.806,0.276
-1.836,-0.527
-1.833,-0.682
-1.881,1.43
-1.967,1.129
-1.916,-0.094
-1.98,-0.828
-2.015,-0.732
-2.085,0.319
-2.083,-0.329
-2.107,0.926
-2.148,0.283
-2.215,-1.004
-2.313,-1.423
-2.285,-0.524
-2.354,1.686
-2.378,-1.398
-2.358,1.639
-2.365,1.573
-2.44,1.346
-2.4,-0.761
-2.49,-1.494
-2.442,1.436
-2.59,1.059
-2.516,0.578
-2.598,0.707
-2.683,0.629
-2.685,-1.044
-2.685,1.457
-2.812,0.856
-2.765,0.402
-2.797,-0.808
-2.875,0.427
-2.987,-0.951
-3.001,-0.046
-3.046,-0.637
-2.993,-1.385
-3.123,-0.318
-3.119,-0.373
3.102,-0.211
3.03,-0.488
3.036,0.328
2.976,-0.812
2.845,-0.509
2.788,-1.467
2.837,-0.284
2.733,-2.304
2.719,-1.172
2.64,-0.862
2.644,-1.34
2.607,-1.371
2.566,-0.855
2.357,-1.416
2.342,0.604
2.262,-1.11
2.204,-0.018
2.177,-1.626
2.171,-1.805
1.546,-2.535
1.51,-2.699
0.327,-2.77
0.184,-2.595
0.192,-2.776
0.064,-2.308
-0.083,-2.661
-0.309,-2.735
-0.656,-2.702
-1.324,-2.445
-1.48,-2.534
-1.712,-2.735
-2.601,-2.568
1.801,1.965
1.308,1.995
0.973,1.743
0.461,1.946
0.38,1.784
-0.115,1.765
-1.373,2.005
-1.803,1.638
2.924,1.805
2.689,1.824
2.67,1.963
1.129,-1.449
0.15,1.619
-2.431,0.72
2.352,1.625
-1.005,1.933
-2.349,1.813
2.113,0.451
1.949,-1.597
1.9,-2.007
1.817,1.447
1.623,1.423
1.537,1.115
1.564,-0.844
1.664,1.288
1.547,-2.118
1.627,-0.986
1.333,0.538
1.237,-1.186
1.095,-0.001
1.202,-1.5
1.127,-0.835
1.009,-1.265
1.047,0.065
0.883,-1.153
0.731,-0.601
0.726,-1.296
0.514,0.262
0.408,-1.709
0.408,0.381
0.496,0.121
0.371,-1.351
0.358,0.273
0.318,-2.273
0.452,-1.467
0.266,0.957
0.409,-2.115
0.248,0.407
0.322,-1.225
0.221,-1.946
0.05,0.645
0.128,1.056
0.109,0.007
-0.016,1.452
-0.14,-1.122
-0.033,0.42
-0.062,0.812
-0.276,0.844
-0.267,1.367
-0.278,-0.082
-0.224,1.076
-0.227,-1.181
-0.264,-1.126
-0.423,1.078
-0.313,-0.607
-0.531,0.806
-0.574,-1.276
-0.614,-0.588
-0.822,-2.292
-0.873,-0.75
-0.856,-0.849
-0.972,0.424
-1.1,-1.917
-1.136,0.535
-1.242,-1.279
-1.372,0.399
-1.399,-1.244
-1.575,0.345
-1.663,0.412
-1.642,0.013
-1.762,1.561
-1.77,1.219
-1.69,-1.476
-1.804,-2.308
-1.957,1.572
-1.968,-0.943
-2.048,1.51
-2.025,-1.047
-2.031,0.571
-2.191,-1.984
-2.067,0.759
-2.131,1.195
-2.337,0.962
-2.427,-0.518
-2.605,1.307
-2.588,-0.095
-2.603,1.524
-2.675,0.138
-2.82,-0.033
-2.996,1.143
-3.027,0.393
-3.035,-2.251
-3.065,1.656
-2.996,-1.116
3.109,-0.182
3.094,-0.326
3.03,0.081
3.038,-2.299
2.902,-1.018
2.736,-2.021
2.519,-0.545
2.486,-0.795
2.361,0.139
2.459,-0.208
2.313,0.52
2.421,0.554
2.332,-0.99
2.265,-0.049
1.127,-2.513
0.944,-2.697
0.251,-2.486
-0.259,-2.668
-0.595,-2.695
-0.944,-2.571
-1.954,-2.647
-2.359,-2.608
-2.58,-2.598
-2.692,-2.771
2.751,-2.753
2.894,-2.401
1.531,1.949
1.197,1.735
0.892,1.908
0.853,1.663
0.467,1.792
0.313,1.824
0.287,1.989
0.372,1.976
0.149,1.954
-0.021,1.877
-0.064,1.983
-0.416,1.973
-0.871,1.856
-1.833,1.867
-1.737,1.709
-2.085,1.759
2.639,1.844
0.851,0.3
0.701,-0.506
0.691,1.156
-2.134,-1.889
-2.236,-0.537
-2.234,-0.633
-2.602,0.696
3.138,-0.295
1.515,-1.077
0.355,-0.416
-1.097,1.07
-1.952,1.083
-2.571,0.563
2.91,-0.447
2.915,-0.21
2.95,-0.091
2.72,1.039
0.632,-1.312
-1.085,-0.148
-2.563,-0.135
2.918,-2.04
1.291,-2.087
0.51,-2.035
0.58,-2.173
1.703,1.972
-0.158,0.725
-0.254,-1.08
-0.346,2.524
-0.567,0.508
-0.564,1.596
-0.502,1.494
-0.552,1.093
-0.632,0.636
-0.701,-0.204
-0.694,1.853
-0.712,2.2
-0.858,1.319
-0.929,-0.22
-1.02,0.528
-1.093,-0.895
-1.128,-1.223
-1.134,0.267
-1.138,0.879
-1.176,1.339
-1.346,-0.864
-1.431,0.19
-1.459,0.015
-1.56,0.037
-1.585,0.094
-1.555,-0.086
-1.559,-0.124
-1.576,1.165
-1.669,1.371
-1.699,0.568
-1.696,0.413
-1.744,2.525
-1.83,2.224
-1.779,1.001
-1.843,0.267
-1.878,0.363
-1.948,1.414
-1.946,0.766
-1.97,2.021
-2.011,1.378
-2.078,0.091
-2.176,-0.328
-2.148,0.571
-2.217,2.781
-2.241,-0.303
-2.221,2.734
-2.228,2.668
-2.303,2.441
-2.263,0.334
-2.353,-0.399
-2.305,2.531
-2.453,2.154
-2.379,1.673
-2.461,1.802
-2.546,1.724
-2.548,0.051
-2.548,2.552
-2.675,1.951
-2.628,1.497
-2.66,0.287
-2.738,1.522
-2.85,0.144
-2.864,1.049
-2.909,0.458
-2.856,-0.29
-2.986,0.777
-2.982,0.722
-3.044,0.884
-3.116,0.607
-3.11,1.423
3.113,0.283
2.982,0.586
2.925,-0.372
2.974,0.811
2.87,-1.209
2.856,-0.077
2.777,0.233
2.781,-0.245
2.744,-0.276
2.703,0.24
2.494,-0.321
2.479,1.699
2.399,-0.015
2.341,1.077
2.314,-0.531
2.308,-0.71
1.683,-1.44
1.647,-1.604
0.464,-1.675
0.321,-1.5
0.329,-1.681
0.201,-1.213
0.054,-1.566
-0.172,-1.64
-0.519,-1.607
-1.187,-1.35
-1.343,-1.439
-1.575,-1.64
-2.464,-1.473
1.938,3.06
1.445,3.09
1.11,2.838
0.598,3.041
0.517,2.879
0.022,2.86
-1.236,3.1
-1.666,2.733
3.061,2.9
2.826,2.919
2.807,3.058
1.266,-0.354
0.287,2.714
-2.294,1.815
2.489,2.72
-0.868,3.028
-2.212,2.908
2.25,1.546
2.086,-0.502
2.037,-0.912
1.954,2.542
1.76,2.518
1.674,2.21
1.701,0.251
1.801,2.383
1.684,-1.023
1.764,0.109
1.47,1.633
1.374,-0.091
1.232,1.094
1.339,-0.405
1.264,0.26
1.146,-0.17
1.184,1.16
1.02,-0.058
0.868,0.494
0.863,-0.201
0.651,1.357
0.545,-0.614
0.545,1.476
0.633,1.216
0.508,-0.256
0.495,1.368
0.455,-1.178
0.589,-0.372
0.403,2.052
0.546,-1.02
0.385,1.502
0.459,-0.13
0.358,-0.851
0.187,1.74
0.265,2.151
0.246,1.102
0.121,2.547
-0.003,-0.027
0.104,1.515
0.075,1.907
-0.139,1.939
-0.13,2.462
-0.141,1.013
-0.087,2.171
-0.09,-0.086
-0.127,-0.031
-0.286,2.173
-0.176,0.488
-0.394,1.901
-0.437,-0.181
-0.477,0.507
-0.685,-1.197
-0.736,0.345
-0.719,0.246
-0.835,1.519
-0.963,-0.822
-0.999,1.63
-1.105,-0.184
-1.235,1.494
-1.262,-0.149
-1.438,1.44
-1.526,1.507
-1.505,1.108
-1.625,2.656
-1.633,2.314
-1.553,-0.381
-1.667,-1.213
-1.82,2.667
-1.831,0.152
-1.911,2.605
-1.888,0.048
-1.894,1.666
-2.054,-0.889
-1.93,1.854
-1.994,2.29
-2.2,2.057
-2.29,0.577
-2.468,2.402
-2.451,1.0
-2.466,2.619
-2.538,1.233
-2.683,1.062
-2.859,2.238
-2.89,1.488
-2.898,-1.156
-2.928,2.751
-2.859,-0.021
-3.037,0.913
-3.052,0.769
-3.116,1.176
-3.108,-1.204
3.039,0.077
2.873,-0.926
2.656,0.55
2.623,0.3
2.498,1.234
2.596,0.887
2.45,1.615
2.558,1.649
2.469,0.105
2.402,1.046
1.264,-1.418
1.081,-1.602
0.388,-1.391
-0.122,-1.573
-0.458,-1.6
-0.807,-1.476
-1.817,-1.552
-2.222,-1.513
-2.443,-1.503
-2.555,-1.676
2.888,-1.658
3.031,-1.306
1.668,3.044
1.334,2.83
1.029,3.003
0.99,2.758
0.604,2.887
0.45,2.919
0.424,3.084
0.509,3.071
0.286,3.049
0.116,2.972
0.073,3.078
-0.279,3.068
-0.734,2.951
-1.696,2.962
-1.6,2.804
-1.948,2.854
2.776,2.939
0.988,1.395
0.838,0.589
0.828,2.251
-1.997,-0.794
-2.099,0.558
-2.097,0.462
-2.465,1.791
-3.008,0.8
1.652,0.018
0.492,0.679
-0.96,2.165
-1.815,2.178
-2.434,1.658
3.047,0.648
3.052,0.885
3.087,1.004
2.857,2.134
0.769,-0.217
-0.948,0.947
-2.426,0.96
3.055,-0.945
1.428,-0.992
0.647,-0.94
0.717,-1.078
1.84,3.067
-0.096,-1.805
-0.188,1.799
-0.409,-0.217
-0.406,0.871
-0.344,0.769
-0.394,0.368
-0.474,-0.089
-0.543,-0.929
-0.536,1.128
-0.554,1.475
-0.7,0.594
-0.771,-0.945
-0.862,-0.197
-0.935,-1.62
-0.97,-1.948
-0.976,-0.458
-0.98,0.154
-1.018,0.614
-1.188,-1.589
-1.273,-0.535
-1.301,-0.71
-1.402,-0.688
-1.427,-0.631
-1.397,-0.811
-1.401,-0.849
-1.418,0.44
-1.511,0.646
-1.541,-0.157
-1.538,-0.312
-1.586,1.8
-1.672,1.499
-1.621,0.276
-1.685,-0.458
-1.72,-0.362
-1.79,0.689
-1.788,0.041
-1.812,1.296
-1.853,0.653
-1.92,-0.634
-2.018,-1.053
-1.99,-0.154
-2.059,2.056
-2.083,-1.028
-2.063,2.009
-2.07,1.943
-2.145,1.716
-2.105,-0.391
-2.195,-1.124
-2.147,1.806
-2.295,1.429
-2.221,0.948
-2.303,1.077
-2.388,0.999
-2.39,-0.674
-2.39,1.827
-2.517,1.226
-2.47,0.772
-2.502,-0.438
-2.58,0.797
-2.692,-0.581
-2.706,0.324
-2.751,-0.267
-2.698,-1.015
-2.828,0.052
-2.824,-0.003
-2.886,0.159
-2.958,-0.118
-2.952,0.698
-3.012,-0.442
3.14,-0.139
3.083,-1.097
3.132,0.086
3.028,-1.934
3.014,-0.802
2.935,-0.492
2.939,-0.97
2.902,-1.001
2.861,-0.485
2.652,-1.046
2.637,0.974
2.557,-0.74
2.499,0.352
2.472,-1.256
2.466,-1.435
1.841,-2.165
1.805,-2.329
0.622,-2.4
0.479,-2.225
0.487,-2.406
0.359,-1.938
0.212,-2.291
-0.014,-2.365
-0.361,-2.332
-1.029,-2.075
-1.185,-2.164
-1.417,-2.365
-2.306,-2.198
2.096,2.335
1.603,2.365
1.268,2.113
0.756,2.316
0.675,2.154
0.18,2.135
-1.078,2.375
-1.508,2.008
-3.064,2.175
2.984,2.194
2.965,2.333
1.424,-1.079
0.445,1.989
-2.136,1.09
2.647,1.995
-0.71,2.303
-2.054,2.183
2.408,0.821
2.244,-1.227
2.195,-1.637
2.112,1.817
1.918,1.793
1.832,1.485
1.859,-0.474
1.959,1.658
1.842,-1.748
1.922,-0.616
1.628,0.908
1.532,-0.816
1.39,0.369
1.497,-1.13
1.422,-0.465
1.304,-0.895
1.342,0.435
1.178,-0.783
1.026,-0.231
1.021,-0.926
0.809,0.632
0.703,-1.339
0.703,0.751
0.791,0.491
0.666,-0.981
0.653,0.643
0.613,-1.903
0.747,-1.097
0.561,1.327
0.704,-1.745
0.543,0.777
0.617,-0.855
0.516,-1.576
0.345,1.015
0.423,1.426
0.404,0.377
0.279,1.822
0.155,-0.752
0.262,0.79
0.233,1.182
0.019,1.214
0.028,1.737
0.017,0.288
0.071,1.446
0.068,-0.811
0.031,-0.756
-0.128,1.448
-0.018,-0.237
-0.236,1.176
-0.279,-0.906
-0.319,-0.218
-0.527,-1.922
-0.578,-0.38
-0.561,-0.479
-0.677,0.794
-0.805,-1.547
-0.841,0.905
-0.947,-0.909
-1.077,0.769
-1.104,-0.874
-1.28,0.715
-1.368,0.782
-1.347,0.383
-1.467,1.931
-1.475,1.589
-1.395,-1.106
-1.509,-1.938
-1.662,1.942
-1.673,-0.573
-1.753,1.88
-1.73,-0.677
-1.736,0.941
-1.896,-1.614
-1.772,1.129
-1.836,1.565
-2.042,1.332
-2.132,-0.148
-2.31,1.677
-2.293,0.275
-2.308,1.894
-2.38,0.508
-2.525,0.337
-2.701,1.513
-2.732,0.763
-2.74,-1.881
-2.77,2.026
-2.701,-0.746
-2.879,0.188
-2.894,0.044
-2.958,0.451
-2.95,-1.929
-3.086,-0.648
3.031,-1.651
2.814,-0.175
2.781,-0.425
2.656,0.509
2.754,0.162
2.608,0.89
2.716,0.924
2.627,-0.62
2.56,0.321
1.422,-2.143
1.239,-2.327
0.546,-2.116
0.036,-2.298
-0.3,-2.325
-0.649,-2.201
-1.659,-2.277
-2.064,-2.238
-2.285,-2.228
-2.397,-2.401
3.046,-2.383
-3.094,-2.031
1.826,2.319
1.492,2.105
1.187,2.278
1.148,2.033
0.762,2.162
0.608,2.194
0.582,2.359
0.667,2.346
0.444,2.324
0.274,2.247
0.231,2.353
-0.121,2.343
-0.576,2.226
-1.538,2.237
-1.442,2.079
-1.79,2.129
2.934,2.214
1.146,0.67
0.996,-0.136
0.986,1.526
-1.839,-1.519
-1.941,-0.167
-1.939,-0.263
-2.307,1.066
-2.85,0.075
1.81,-0.707
0.65,-0.046
-0.802,1.44
-1.657,1.453
-2.276,0.933
-3.078,-0.077
-3.073,0.16
-3.038,0.279
3.015,1.409
0.927,-0.942
-0.79,0.222
-2.268,0.235
-3.07,-1.67
1.586,-1.717
0.805,-1.665
0.875,-1.803
1.998,2.342
-0.092,3.604
-0.313,1.588
-0.31,2.676
-0.248,2.574
-0.298,2.173
-0.378,1.716
-0.447,0.876
-0.44,2.933
-0.458,3.28
-0.604,2.399
-0.675,0.86
-0.766,1.608
-0.839,0.185
-0.874,-0.143
-0.88,1.347
-0.884,1.959
-0.922,2.419
-1.092,0.216
-1.177,1.27
-1.205,1.095
-1.306,1.117
-1.331,1.174
-1.301,0.994
-1.305,0.956
-1.322,2.245
-1.415,2.451
-1.445,1.648
-1.442,1.493
-1.49,3.605
-1.576,3.304
-1.525,2.081
-1.589,1.347
-1.624,1.443
-1.694,2.494
-1.692,1.846
-1.716,3.101
-1.757,2.458
-1.824,1.171
-1.922,0.752
-1.894,1.651
-1.963,3.861
-1.987,0.777
-1.967,3.814
-1.974,3.748
-2.049,3.521
-2.009,1.414
-2.099,0.681
-2.051,3.611
-2.199,3.234
-2.125,2.753
-2.207,2.882
-2.292,2.804
-2.294,1.131
-2.294,3.632
-2.421,3.031
-2.374,2.577
-2.406,1.367
-2.484,2.602
-2.596,1.224
-2.61,2.129
-2.655,1.538
-2.602,0.79
-2.732,1.857
-2.728,1.802
-2.79,1.964
-2.862,1.687
-2.856,2.503
-2.916,1.363
-3.047,1.666
-3.104,0.708
-3.055,1.891
3.124,-0.129
3.11,1.003
3.031,1.313
3.035,0.835
2.998,0.804
2.957,1.32
2.748,0.759
2.733,2.779
2.653,1.065
2.595,2.157
2.568,0.549
2.562,0.37
1.937,-0.36
1.901,-0.524
0.718,-0.595
0.575,-0.42
0.583,-0.601
0.455,-0.133
0.308,-0.486
0.082,-0.56
-0.265,-0.527
-0.933,-0.27
-1.089,-0.359
-1.321,-0.56
-2.21,-0.393
2.192,4.14
1.699,4.17
1.364,3.918
0.852,4.121
0.771,3.959
0.276,3.94
-0.982,4.18
-1.412,3.813
-2.968,3.98
3.08,3.999
3.061,4.138
1.52,0.726
0.541,3.794
-2.04,2.895
2.743,3.8
-0.614,4.108
-1.958,3.988
2.504,2.626
2.34,0.578
2.291,0.168
2.208,3.622
2.014,3.598
1.928,3.29
1.955,1.331
2.055,3.463
1.938,0.057
2.018,1.189
1.724,2.713
1.628,0.989
1.486,2.174
1.593,0.675
1.518,1.34
1.4,0.91
1.438,2.24
1.274,1.022
1.122,1.574
1.117,0.879
0.905,2.437
0.799,0.466
0.799,2.556
0.887,2.296
0.762,0.824
0.749,2.448
0.709,-0.098
0.843,0.708
0.657,3.132
0.8,0.06
0.639,2.582
0.713,0.95
0.612,0.229
0.441,2.82
0.519,3.231
0.5,2.182
0.375,3.627
0.251,1.053
0.358,2.595
0.329,2.987
0.115,3.019
0.124,3.542
0.113,2.093
0.167,3.251
0.164,0.994
0.127,1.049
-0.032,3.253
0.078,1.568
-0.14,2.981
-0.183,0.899
-0.223,1.587
-0.431,-0.117
-0.482,1.425
-0.465,1.326
-0.581,2.599
-0.709,0.258
-0.745,2.71
-0.851,0.896
-0.981,2.574
-1.008,0.931
-1.184,2.52
-1.272,2.587
-1.251,2.188
-1.371,3.736
-1.379,3.394
-1.299,0.699
-1.413,-0.133
-1.566,3.747
-1.577,1.232
-1.657,3.685
-1.634,1.128
-1.64,2.746
-1.8,0.191
-1.676,2.934
-1.74,3.37
-1.946,3.137
-2.036,1.657
-2.214,3.482
-2.197,2.08
-2.212,3.699
-2.284,2.313
-2.429,2.142
-2.605,3.318
-2.636,2.568
-2.644,-0.076
-2.674,3.831
-2.605,1.059
-2.783,1.993
-2.798,1.849
-2.862,2.256
-2.854,-0.124
-2.99,1.157
3.127,0.154
2.91,1.63
2.877,1.38
2.752,2.314
2.85,1.967
2.704,2.695
2.812,2.729
2.723,1.185
2.656,2.126
1.518,-0.338
1.335,-0.522
0.642,-0.311
0.132,-0.493
-0.204,-0.52
-0.553,-0.396
-1.563,-0.472
-1.968,-0.433
-2.189,-0.423
-2.301,-0.596
-3.141,-0.578
-2.998,-0.226
1.922,4.124
1.588,3.91
1.283,4.083
1.244,3.838
0.858,3.967
0.704,3.999
0.678,4.164
0.763,4.151
0.54,4.129
0.37,4.052
0.327,4.158
-0.025,4.148
-0.48,4.031
-1.442,4.042
-1.346,3.884
-1.694,3.934
3.03,4.019
1.242,2.475
1.092,1.669
1.082,3.331
-1.743,0.286
-1.845,1.638
-1.843,1.542
-2.211,2.871
-2.754,1.88
1.906,1.098
0.746,1.759
-0.706,3.245
-1.561,3.258
-2.18,2.738
-2.982,1.728
-2.977,1.965
-2.942,2.084
3.111,3.214
1.023,0.863
-0.694,2.027
-2.172,2.04
-2.974,0.135
1.682,0.088
0.901,0.14
0.971,0.002
2.094,4.147
-0.221,-2.016
-0.218,-0.928
-0.156,-1.03
-0.206,-1.431
-0.286,-1.888
-0.355,-2.728
-0.348,-0.671
-0.366,-0.324
-0.512,-1.205
-0.583,-2.744
-0.674,-1.996
-0.747,-3.419
-0.782,-3.747
-0.788,-2.257
-0.792,-1.645
-0.83,-1.185
-1.0,-3.388
-1.085,-2.334
-1.113,-2.509
-1.214,-2.487
-1.239,-2.43
-1.209,-2.61
-1.213,-2.648
-1.23,-1.359
-1.323,-1.153
-1.353,-1.956
-1.35,-2.111
-1.398,0.001
-1.484,-0.3
-1.433,-1.523
-1.497,-2.257
-1.532,-2.161
-1.602,-1.11
-1.6,-1.758
-1.624,-0.503
-1.665,-1.146
-1.732,-2.433
-1.83,-2.852
-1.802,-1.953
-1.871,0.257
-1.895,-2.827
-1.875,0.21
-1.882,0.144
-1.957,-0.083
-1.917,-2.19
-2.007,-2.923
-1.959,0.007
-2.107,-0.37
-2.033,-0.851
-2.115,-0.722
-2.2,-0.8
-2.202,-2.473
-2.202,0.028
-2.329,-0.573
-2.282,-1.027
-2.314,-2.237
-2.392,-1.002
-2.504,-2.38
-2.518,-1.475
-2.563,-2.066
-2.51,-2.814
-2.64,-1.747
-2.636,-1.802
-2.698,-1.64
-2.77,-1.917
-2.764,-1.101
-2.824,-2.241
-2.955,-1.938
-3.012,-2.896
-2.963,-1.713
-3.067,-3.733
-3.081,-2.601
3.123,-2.291
3.127,-2.769
3.09,-2.8
3.049,-2.284
2.84,-2.845
2.825,-0.825
2.745,-2.539
2.687,-1.447
2.66,-3.055
2.654,-3.234
2.029,-3.964
1.993,-4.128
0.81,-4.199
0.667,-4.024
0.675,-4.205
0.547,-3.737
0.4,-4.09
0.174,-4.164
-0.173,-4.131
-0.841,-3.874
-0.997,-3.963
-1.229,-4.164
-2.118,-3.997
2.284,0.536
1.791,0.566
1.456,0.314
0.944,0.517
0.863,0.355
0.368,0.336
-0.89,0.576
-1.32,0.209
-2.876,0.376
-3.111,0.395
-3.13,0.534
1.612,-2.878
0.633,0.19
-1.948,-0.709
2.835,0.196
-0.522,0.504
-1.866,0.384
2.596,-0.978
2.432,-3.026
2.383,-3.436
2.3,0.018
2.106,-0.006
2.02,-0.314
2.047,-2.273
2.147,-0.141
2.03,-3.547
2.11,-2.415
1.816,-0.891
1.72,-2.615
1.578,-1.43
1.685,-2.929
1.61,-2.264
1.492,-2.694
1.53,-1.364
1.366,-2.582
1.214,-2.03
1.209,-2.725
0.997,-1.167
0.891,-3.138
0.891,-1.048
0.979,-1.308
0.854,-2.78
0.841,-1.156
0.801,-3.702
0.935,-2.896
0.749,-0.472
0.892,-3.544
0.731,-1.022
0.805,-2.654
0.704,-3.375
0.533,-0.784
0.611,-0.373
0.592,-1.422
0.467,0.023
0.343,-2.551
0.45,-1.009
0.421,-0.617
0.207,-0.585
0.216,-0.062
0.205,-1.511
0.259,-0.353
0.256,-2.61
0.219,-2.555
0.06,-0.351
0.17,-2.036
-0.048,-0.623
-0.091,-2.705
-0.131,-2.017
-0.339,-3.721
-0.39,-2.179
-0.373,-2.278
-0.489,-1.005
-0.617,-3.346
-0.653,-0.894
-0.759,-2.708
-0.889,-1.03
-0.916,-2.673
-1.092,-1.084
-1.18,-1.017
-1.159,-1.416
-1.279,0.132
-1.287,-0.21
-1.207,-2.905
-1.321,-3.737
-1.474,0.143
-1.485,-2.372
-1.565,0.081
-1.542,-2.476
-1.548,-0.858
-1.708,-3.413
-1.584,-0.67
-1.648,-0.234
-1.854,-0.467
-1.944,-1.947
-2.122,-0.122
-2.105,-1.524
-2.12,0.095
-2.192,-1.291
-2.337,-1.462
-2.513,-0.286
-2.544,-1.036
-2.552,-3.68
-2.582,0.227
-2.513,-2.545
-2.691,-1.611
-2.706,-1.755
-2.77,-1.348
-2.762,-3.728
-2.898,-2.447
-3.064,-3.45
3.002,-1.974
2.969,-2.224
2.844,-1.29
2.942,-1.637
2.796,-0.909
2.904,-0.875
2.815,-2.419
2.748,-1.478
1.61,-3.942
1.427,-4.126
0.734,-3.915
0.224,-4.097
-0.112,-4.124
-0.461,-4.0
-1.471,-4.076
-1.876,-4.037
-2.097,-4.027
-2.209,-4.2
-3.049,-4.182
-2.906,-3.83
2.014,0.52
1.68,0.306
1.375,0.479
1.336,0.234
0.95,0.363
0.796,0.395
0.77,0.56
0.855,0.547
0.632,0.525
0.462,0.448
0.419,0.554
0.067,0.544
-0.388,0.427
-1.35,0.438
-1.254,0.28
-1.602,0.33
3.122,0.415
1.334,-1.129
1.184,-1.935
1.174,-0.273
-1.651,-3.318
-1.753,-1.966
-1.751,-2.062
-2.119,-0.733
-2.662,-1.724
1.998,-2.506
0.838,-1.845
-0.614,-0.359
-1.469,-0.346
-2.088,-0.866
-2.89,-1.876
-2.885,-1.639
-2.85,-1.52
-3.08,-0.39
1.115,-2.741
-0.602,-1.577
-2.08,-1.564
-2.882,-3.469
1.774,-3.516
0.993,-3.464
1.063,-3.602
2.186,0.543
0.003,1.088
0.065,0.986
0.015,0.585
-0.065,0.128
-0.134,-0.712
-0.127,1.345
-0.145,1.692
-0.291,0.811
-0.362,-0.728
-0.453,0.02
-0.526,-1.403
-0.561,-1.731
-0.567,-0.241
-0.571,0.371
-0.609,0.831
-0.779,-1.372
-0.864,-0.318
-0.892,-0.493
-0.993,-0.471
-1.018,-0.414
-0.988,-0.594
-0.992,-0.632
-1.009,0.657
-1.102,0.863
-1.132,0.06
-1.129,-0.095
-1.177,2.017
-1.263,1.716
-1.212,0.493
-1.276,-0.241
-1.311,-0.145
-1.381,0.906
-1.379,0.258
-1.403,1.513
-1.444,0.87
-1.511,-0.417
-1.609,-0.836
-1.581,0.063
-1.65,2.273
-1.674,-0.811
-1.654,2.226
-1.661,2.16
-1.736,1.933
-1.696,-0.174
-1.786,-0.907
-1.738,2.023
-1.886,1.646
-1.812,1.165
-1.894,1.294
-1.979,1.216
-1.981,-0.457
-1.981,2.044
-2.108,1.443
-2.061,0.989
-2.093,-0.221
-2.171,1.014
-2.283,-0.364
-2.297,0.541
-2.342,-0.05
-2.289,-0.798
-2.419,0.269
-2.415,0.214
-2.477,0.376
-2.549,0.099
-2.543,0.915
-2.603,-0.225
-2.734,0.078
-2.791,-0.88
-2.742,0.303
-2.846,-1.717
-2.86,-0.585
-2.939,-0.275
-2.935,-0.753
-2.972,-0.784
-3.013,-0.268
3.061,-0.829
3.046,1.191
2.966,-0.523
2.908,0.569
2.881,-1.039
2.875,-1.218
2.25,-1.948
2.214,-2.112
1.031,-2.183
0.888,-2.008
0.896,-2.189
0.768,-1.721
0.621,-2.074
0.395,-2.148
0.048,-2.115
-0.62,-1.858
-0.776,-1.947
-1.008,-2.148
-1.897,-1.981
2.505,2.552
2.012,2.582
1.677,2.33
1.165,2.533
1.084,2.371
0.589,2.352
-0.669,2.592
-1.099,2.225
-2.655,2.392
-2.89,2.411
-2.909,2.55
1.833,-0.862
0.854,2.206
-1.727,1.307
3.056,2.212
-0.301,2.52
-1.645,2.4
2.817,1.038
2.653,-1.01
2.604,-1.42
2.521,2.034
2.327,2.01
2.241,1.702
2.268,-0.257
2.368,1.875
2.251,-1.531
2.331,-0.399
2.037,1.125
1.941,-0.599
1.799,0.586
1.906,-0.913
1.831,-0.248
1.713,-0.678
1.751,0.652
1.587,-0.566
1.435,-0.014
1.43,-0.709
1.218,0.849
1.112,-1.122
1.112,0.968
1.2,0.708
1.075,-0.764
1.062,0.86
1.022,-1.686
1.156,-0.88
0.97,1.544
1.113,-1.528
0.952,0.994
1.026,-0.638
0.925,-1.359
0.754,1.232
0.832,1.643
0.813,0.594
0.688,2.039
0.564,-0.535
0.671,1.007
0.642,1.399
0.428,1.431
0.437,1.954
0.426,0.505
0.48,1.663
0.477,-0.594
0.44,-0.539
0.281,1.665
0.391,-0.02
0.173,1.393
0.13,-0.689
0.09,-0.001
-0.118,-1.705
-0.169,-0.163
-0.152,-0.262
-0.268,1.011
-0.396,-1.33
-0.432,1.122
-0.538,-0.692
-0.668,0.986
-0.695,-0.657
-0.871,0.932
-0.959,0.999
-0.938,0.6
-1.058,2.148
-1.066,1.806
-0.986,-0.889
-1.1,-1.721
-1.253,2.159
-1.264,-0.356
-1.344,2.097
-1.321,-0.46
-1.327,1.158
-1.487,-1.397
-1.363,1.346
-1.427,1.782
-1.633,1.549
-1.723,0.069
-1.901,1.894
-1.884,0.492
-1.899,2.111
-1.971,0.725
-2.116,0.554
-2.292,1.73
-2.323,0.98
-2.331,-1.664
-2.361,2.243
-2.292,-0.529
-2.47,0.405
-2.485,0.261
-2.549,0.668
-2.541,-1.712
-2.677,-0.431
-2.843,-1.434
-3.06,0.042
-3.093,-0.208
3.065,0.726
-3.12,0.379
3.017,1.107
3.125,1.141
3.036,-0.403
2.969,0.538
1.831,-1.926
1.648,-2.11
0.955,-1.899
0.445,-2.081
0.109,-2.108
-0.24,-1.984
-1.25,-2.06
-1.655,-2.021
-1.876,-2.011
-1.988,-2.184
-2.828,-2.166
-2.685,-1.814
2.235,2.536
1.901,2.322
1.596,2.495
1.557,2.25
1.171,2.379
1.017,2.411
0.991,2.576
1.076,2.563
0.853,2.541
0.683,2.464
0.64,2.57
0.288,2.56
-0.167,2.443
-1.129,2.454
-1.033,2.296
-1.381,2.346
-2.94,2.431
1.555,0.887
1.405,0.081
1.395,1.743
-1.43,-1.302
-1.532,0.05
-1.53,-0.046
-1.898,1.283
-2.441,0.292
2.219,-0.49
1.059,0.171
-0.393,1.657
-1.248,1.67
-1.867,1.15
-2.669,0.14
-2.664,0.377
-2.629,0.496
-2.859,1.626
1.336,-0.725
-0.381,0.439
-1.859,0.452
-2.661,-1.453
1.995,-1.5
1.214,-1.448
1.284,-1.586
2.407,2.559
0.062,-0.102
0.012,-0.503
-0.068,-0.96
-0.137,-1.8
-0.13,0.257
-0.148,0.604
-0.294,-0.277
-0.365,-1.816
-0.456,-1.068
-0.529,-2.491
-0.564,-2.819
-0.57,-1.329
-0.574,-0.717
-0.612,-0.257
-0.782,-2.46
-0.867,-1.406
-0.895,-1.581
-0.996,-1.559
-1.021,-1.502
-0.991,-1.682
-0.995,-1.72
-1.012,-0.431
-1.105,-0.225
-1.135,-1.028
-1.132,-1.183
-1.18,0.929
-1.266,0.628
-1.215,-0.595
-1.279,-1.329
-1.314,-1.233
-1.384,-0.182
-1.382,-0.83
-1.406,0.425
-1.447,-0.218
-1.514,-1.505
-1.612,-1.924
-1.584,-1.025
-1.653,1.185
-1.677,-1.899
-1.657,1.138
-1.664,1.072
-1.739,0.845
-1.699,-1.262
-1.789,-1.995
-1.741,0.935
-1.889,0.558
-1.815,0.077
-1.897,0.206
-1.982,0.128
-1.984,-1.545
-1.984,0.956
-2.111,0.355
-2.064,-0.099
-2.096,-1.309
-2.174,-0.074
-2.286,-1.452
-2.3,-0.547
-2.345,-1.138
-2.292,-1.886
-2.422,-0.819
-2.418,-0.874
-2.48,-0.712
-2.552,-0.989
-2.546,-0.173
-2.606,-1.313
-2.737,-1.01
-2.794,-1.968
-2.745,-0.785
-2.849,-2.805
-2.863,-1.673
-2.942,-1.363
-2.938,-1.841
-2.975,-1.872
-3.016,-1.356
3.058,-1.917
3.043,0.103
2.963,-1.611
2.905,-0.519
2.878,-2.127
2.872,-2.306
2.247,-3.036
2.211,-3.2
1.028,-3.271
0.885,-3.096
0.893,-3.277
0.765,-2.809
0.618,-3.162
0.392,-3.236
0.045,-3.203
-0.623,-2.946
-0.779,-3.035
-1.011,-3.236
-1.9,-3.069
2.502,1.464
2.009,1.494
1.674,1.242
1.162,1.445
1.081,1.283
0.586,1.264
-0.672,1.504
-1.102,1.137
-2.658,1.304
-2.893,1.323
-2.912,1.462
1.83,-1.95
0.851,1.118
-1.73,0.219
3.053,1.124
-0.304,1.432
-1.648,1.312
2.814,-0.05
2.65,-2.098
2.601,-2.508
2.518,0.946
2.324,0.922
2.238,0.614
2.265,-1.345
2.365,0.787
2.248,-2.619
2.328,-1.487
2.034,0.037
1.938,-1.687
1.796,-0.502
1.903,-2.001
1.828,-1.336
1.71,-1.766
1.748,-0.436
1.584,-1.654
1.432,-1.102
1.427,-1.797
1.215,-0.239
1.109,-2.21
1.109,-0.12
1.197,-0.38
1.072,-1.852
1.059,-0.228
1.019,-2.774
1.153,-1.968
0.967,0.456
1.11,-2.616
0.949,-0.094
1.023,-1.726
0.922,-2.447
0.751,0.144
0.829,0.555
0.81,-0.494
0.685,0.951
0.561,-1.623
0.668,-0.081
0.639,0.311
0.425,0.343
0.434,0.866
0.423,-0.583
0.477,0.575
0.474,-1.682
0.437,-1.627
0.278,0.577
0.388,-1.108
0.17,0.305
0.127,-1.777
0.087,-1.089
-0.121,-2.793
-0.172,-1.251
-0.155,-1.35
-0.271,-0.077
-0.399,-2.418
-0.435,0.034
-0.541,-1.78
-0.671,-0.102
-0.698,-1.745
-0.874,-0.156
-0.962,-0.089
-0.941,-0.488
-1.061,1.06
-1.069,0.718
-0.989,-1.977
-1.103,-2.809
-1.256,1.071
-1.267,-1.444
-1.347,1.009
-1.324,-1.548
-1.33,0.07
-1.49,-2.485
-1.366,0.258
-1.43,0.694
-1.636,0.461
-1.726,-1.019
-1.904,0.806
-1.887,-0.596
-1.902,1.023
-1.974,-0.363
-2.119,-0.534
-2.295,0.642
-2.326,-0.108
-2.334,-2.752
-2.364,1.155
-2.295,-1.617
-2.473,-0.683
-2.488,-0.827
-2.552,-0.42
-2.544,-2.8
-2.68,-1.519
-2.846,-2.522
-3.063,-1.046
-3.096,-1.296
3.062,-0.362
-3.123,-0.709
3.014,0.019
3.122,0.053
3.033,-1.491
2.966,-0.55
1.828,-3.014
1.645,-3.198
0.952,-2.987
0.442,-3.169
0.106,-3.196
-0.243,-3.072
-1.253,-3.148
-1.658,-3.109
-1.879,-3.099
-1.991,-3.272
-2.831,-3.254
-2.688,-2.902
2.232,1.448
1.898,1.234
1.593,1.407
1.554,1.162
1.168,1.291
1.014,1.323
0.988,1.488
1.073,1.475
0.85,1.453
0.68,1.376
0.637,1.482
0.285,1.472
-0.17,1.355
-1.132,1.366
-1.036,1.208
-1.384,1.258
-2.943,1.343
1.552,-0.201
1.402,-1.007
1.392,0.655
-1.433,-2.39
-1.535,-1.038
-1.533,-1.134
-1.901,0.195
-2.444,-0.796
2.216,-1.578
1.056,-0.917
-0.396,0.569
-1.251,0.582
-1.87,0.062
-2.672,-0.948
-2.667,-0.711
-2.632,-0.592
-2.862,0.538
1.333,-1.813
-0.384,-0.649
-1.862,-0.636
-2.664,-2.541
1.992,-2.588
1.211,-2.536
1.281,-2.674
2.404,1.471
-0.05,-0.401
-0.13,-0.858
-0.199,-1.698
-0.192,0.359
-0.21,0.706
-0.356,-0.175
-0.427,-1.714
-0.518,-0.966
-0.591,-2.389
-0.626,-2.717
-0.632,-1.227
-0.636,-0.615
-0.674,-0.155
-0.844,-2.358
-0.929,-1.304
-0.957,-1.479
-1.058,-1.457
-1.083,-1.4
-1.053,-1.58
-1.057,-1.618
-1.074,-0.329
-1.167,-0.123
-1.197,-0.926
-1.194,-1.081
-1.242,1.031
-1.328,0.73
-1.277,-0.493
-1.341,-1.227
-1.376,-1.131
-1.446,-0.08
-1.444,-0.728
-1.468,0.527
-1.509,-0.116
-1.576,-1.403
-1.674,-1.822
-1.646,-0.923
-1.715,1.287
-1.739,-1.797
-1.719,1.24
-1.726,1.174
-1.801,0.947
-1.761,-1.16
-1.851,-1.893
-1.803,1.037
-1.951,0.66
-1.877,0.179
-1.959,0.308
-2.044,0.23
-2.046,-1.443
-2.046,1.058
-2.173,0.457
-2.126,0.003
-2.158,-1.207
-2.236,0.028
-2.348,-1.35
-2.362,-0.445
-2.407,-1.036
-2.354,-1.784
-2.484,-0.717
-2.48,-0.772
-2.542,-0.61
-2.614,-0.887
-2.608,-0.071
-2.668,-1.211
-2.799,-0.908
-2.856,-1.866
-2.807,-0.683
-2.911,-2.703
-2.925,-1.571
-3.004,-1.261
-3.0,-1.739
-3.037,-1.77
-3.078,-1.254
2.996,-1.815
2.981,0.205
2.901,-1.509
2.843,-0.417
2.816,-2.025
2.81,-2.204
2.185,-2.934
2.149,-3.098
0.966,-3.169
0.823,-2.994
0.831,-3.175
0.703,-2.707
0.556,-3.06
0.33,-3.134
-0.017,-3.101
-0.685,-2.844
-0.841,-2.933
-1.073,-3.134
-1.962,-2.967
2.44,1.566
1.947,1.596
1.612,1.344
1.1,1.547
1.019,1.385
0.524,1.366
-0.734,1.606
-1.164,1.239
-2.72,1.406
-2.955,1.425
-2.974,1.564
1.768,-1.848
0.789,1.22
-1.792,0.321
2.991,1.226
-0.366,1.534
-1.71,1.414
2.752,0.052
2.588,-1.996
2.539,-2.406
2.456,1.048
2.262,1.024
2.176,0.716
2.203,-1.243
2.303,0.889
2.186,-2.517
2.266,-1.385
1.972,0.139
1.876,-1.585
1.734,-0.4
1.841,-1.899
1.766,-1.234
1.648,-1.664
1.686,-0.334
1.522,-1.552
1.37,-1.0
1.365,-1.695
1.153,-0.137
1.047,-2.108
1.047,-0.018
1.135,-0.278
1.01,-1.75
0.997,-0.126
0.957,-2.672
1.091,-1.866
0.905,0.558
1.048,-2.514
0.887,0.008
0.961,-1.624
0.86,-2.345
0.689,0.246
0.767,0.657
0.748,-0.392
0.623,1.053
0.499,-1.521
0.606,0.021
0.577,0.413
0.363,0.445
0.372,0.968
0.361,-0.481
0.415,0.677
0.412,-1.58
0.375,-1.525
0.216,0.679
0.326,-1.006
0.108,0.407
0.065,-1.675
0.025,-0.987
-0.183,-2.691
-0.234,-1.149
-0.217,-1.248
-0.333,0.025
-0.461,-2.316
-0.497,0.136
-0.603,-1.678
-0.733,0.0
-0.76,-1.643
-0.936,-0.054
-1.024,0.013
-1.003,-0.386
-1.123,1.162
-1.131,0.82
-1.051,-1.875
-1.165,-2.707
-1.318,1.173
-1.329,-1.342
-1.409,1.111
-1.386,-1.446
-1.392,0.172
-1.552,-2.383
-1.428,0.36
-1.492,0.796
-1.698,0.563
-1.788,-0.917
-1.966,0.908
-1.949,-0.494
-1.964,1.125
-2.036,-0.261
-2.181,-0.432
-2.357,0.744
-2.388,-0.006
-2.396,-2.65
-2.426,1.257
-2.357,-1.515
-2.535,-0.581
-2.55,-0.725
-2.614,-0.318
-2.606,-2.698
-2.742,-1.417
-2.908,-2.42
-3.125,-0.944
3.125,-1.194
3.0,-0.26
3.098,-0.607
2.952,0.121
3.06,0.155
2.971,-1.389
2.904,-0.448
1.766,-2.912
1.583,-3.096
0.89,-2.885
0.38,-3.067
0.044,-3.094
-0.305,-2.97
-1.315,-3.046
-1.72,-3.007
-1.941,-2.997
-2.053,-3.17
-2.893,-3.152
-2.75,-2.8
2.17,1.55
1.836,1.336
1.531,1.509
1.492,1.264
1.106,1.393
0.952,1.425
0.926,1.59
1.011,1.577
0.788,1.555
0.618,1.478
0.575,1.584
0.223,1.574
-0.232,1.457
-1.194,1.468
-1.098,1.31
-1.446,1.36
-3.005,1.445
1.49,-0.099
1.34,-0.905
1.33,0.757
-1.495,-2.288
-1.597,-0.936
-1.595,-1.032
-1.963,0.297
-2.506,-0.694
2.154,-1.476
0.994,-0.815
-0.458,0.671
-1.313,0.684
-1.932,0.164
-2.734,-0.846
-2.729,-0.609
-2.694,-0.49
-2.924,0.64
1.271,-1.711
-0.446,-0.547
-1.924,-0.534
-2.726,-2.439
1.93,-2.486
1.149,-2.434
1.219,-2.572
2.342,1.573
-0.08,-0.457
-0.149,-1.297
-0.142,0.76
-0.16,1.107
-0.306,0.226
-0.377,-1.313
-0.468,-0.565
-0.541,-1.988
-0.576,-2.316
-0.582,-0.826
-0.586,-0.214
-0.624,0.246
-0.794,-1.957
-0.879,-0.903
-0.907,-1.078
-1.008,-1.056
-1.033,-0.999
-1.003,-1.179
-1.007,-1.217
-1.024,0.072
-1.117,0.278
-1.147,-0.525
-1.144,-0.68
-1.192,1.432
-1.278,1.131
-1.227,-0.092
-1.291,-0.826
-1.326,-0.73
-1.396,0.321
-1.394,-0.327
-1.418,0.928
-1.459,0.285
-1.526,-1.002
-1.624,-1.421
-1.596,-0.522
-1.665,1.688
-1.689,-1.396
-1.669,1.641
-1.676,1.575
-1.751,1.348
-1.711,-0.759
-1.801,-1.492
-1.753,1.438
-1.901,1.061
-1.827,0.58
-1.909,0.709
-1.994,0.631
-1.996,-1.042
-1.996,1.459
-2.123,0.858
-2.076,0.404
-2.108,-0.806
-2.186,0.429
-2.298,-0.949
-2.312,-0.044
-2.357,-0.635
-2.304,-1.383
-2.434,-0.316
-2.43,-0.371
-2.492,-0.209
-2.564,-0.486
-2.558,0.33
-2.618,-0.81
-2.749,-0.507
-2.806,-1.465
-2.757,-0.282
-2.861,-2.302
-2.875,-1.17
-2.954,-0.86
-2.95,-1.338
-2.987,-1.369
-3.028,-0.853
3.046,-1.414
3.031,0.606
2.951,-1.108
2.893,-0.016
2.866,-1.624
2.86,-1.803
2.235,-2.533
2.199,-2.697
1.016,-2.768
0.873,-2.593
0.881,-2.774
0.753,-2.306
0.606,-2.659
0.38,-2.733
0.033,-2.7
-0.635,-2.443
-0.791,-2.532
-1.023,-2.733
-1.912,-2.566
2.49,1.967
1.997,1.997
1.662,1.745
1.15,1.948
1.069,1.786
0.574,1.767
-0.684,2.007
-1.114,1.64
-2.67,1.807
-2.905,1.826
-2.924,1.965
1.818,-1.447
0.839,1.621
-1.742,0.722
3.041,1.627
-0.316,1.935
-1.66,1.815
2.802,0.453
2.638,-1.595
2.589,-2.005
2.506,1.449
2.312,1.425
2.226,1.117
2.253,-0.842
2.353,1.29
2.236,-2.116
2.316,-0.984
2.022,0.54
1.926,-1.184
1.784,0.001
1.891,-1.498
1.816,-0.833
1.698,-1.263
1.736,0.067
1.572,-1.151
1.42,-0.599
1.415,-1.294
1.203,0.264
1.097,-1.707
1.097,0.383
1.185,0.123
1.06,-1.349
1.047,0.275
1.007,-2.271
1.141,-1.465
0.955,0.959
1.098,-2.113
0.937,0.409
1.011,-1.223
0.91,-1.944
0.739,0.647
0.817,1.058
0.798,0.009
0.673,1.454
0.549,-1.12
0.656,0.422
0.627,0.814
0.413,0.846
0.422,1.369
0.411,-0.08
0.465,1.078
0.462,-1.179
0.425,-1.124
0.266,1.08
0.376,-0.605
0.158,0.808
0.115,-1.274
0.075,-0.586
-0.133,-2.29
-0.184,-0.748
-0.167,-0.847
-0.283,0.426
-0.411,-1.915
-0.447,0.537
-0.553,-1.277
-0.683,0.401
-0.71,-1.242
-0.886,0.347
-0.974,0.414
-0.953,0.015
-1.073,1.563
-1.081,1.221
-1.001,-1.474
-1.115,-2.306
-1.268,1.574
-1.279,-0.941
-1.359,1.512
-1.336,-1.045
-1.342,0.573
-1.502,-1.982
-1.378,0.761
-1.442,1.197
-1.648,0.964
-1.738,-0.516
-1.916,1.309
-1.899,-0.093
-1.914,1.526
-1.986,0.14
-2.131,-0.031
-2.307,1.145
-2.338,0.395
-2.346,-2.249
-2.376,1.658
-2.307,-1.114
-2.485,-0.18
-2.5,-0.324
-2.564,0.083
-2.556,-2.297
-2.692,-1.016
-2.858,-2.019
-3.075,-0.543
-3.108,-0.793
3.05,0.141
-3.135,-0.206
3.002,0.522
3.11,0.556
3.021,-0.988
2.954,-0.047
1.816,-2.511
1.633,-2.695
0.94,-2.484
0.43,-2.666
0.094,-2.693
-0.255,-2.569
-1.265,-2.645
-1.67,-2.606
-1.891,-2.596
-2.003,-2.769
-2.843,-2.751
-2.7,-2.399
2.22,1.951
1.886,1.737
1.581,1.91
1.542,1.665
1.156,1.794
1.002,1.826
0.976,1.991
1.061,1.978
0.838,1.956
0.668,1.879
0.625,1.985
0.273,1.975
-0.182,1.858
-1.144,1.869
-1.048,1.711
-1.396,1.761
-2.955,1.846
1.54,0.302
1.39,-0.504
1.38,1.158
-1.445,-1.887
-1.547,-0.535
-1.545,-0.631
-1.913,0.698
-2.456,-0.293
2.204,-1.075
1.044,-0.414
-0.408,1.072
-1.263,1.085
-1.882,0.565
-2.684,-0.445
-2.679,-0.208
-2.644,-0.089
-2.874,1.041
1.321,-1.31
-0.396,-0.146
-1.874,-0.133
-2.676,-2.038
1.98,-2.085
1.199,-2.033
1.269,-2.171
2.392,1.974
-0.069,-0.84
-0.062,1.217
-0.08,1.564
-0.226,0.683
-0.297,-0.856
-0.388,-0.108
-0.461,-1.531
-0.496,-1.859
-0.502,-0.369
-0.506,0.243
-0.544,0.703
-0.714,-1.5
-0.799,-0.446
-0.827,-0.621
-0.928,-0.599
-0.953,-0.542
-0.923,-0.722
-0.927,-0.76
-0.944,0.529
-1.037,0.735
-1.067,-0.068
-1.064,-0.223
-1.112,1.889
-1.198,1.588
-1.147,0.365
-1.211,-0.369
-1.246,-0.273
-1.316,0.778
-1.314,0.13
-1.338,1.385
-1.379,0.742
-1.446,-0.545
-1.544,-0.964
-1.516,-0.065
-1.585,2.145
-1.609,-0.939
-1.589,2.098
-1.596,2.032
-1.671,1.805
-1.631,-0.302
-1.721,-1.035
-1.673,1.895
-1.821,1.518
-1.747,1.037
-1.829,1.166
-1.914,1.088
-1.916,-0.585
-1.916,1.916
-2.043,1.315
-1.996,0.861
-2.028,-0.349
-2.106,0.886
-2.218,-0.492
-2.232,0.413
-2.277,-0.178
-2.224,-0.926
-2.354,0.141
-2.35,0.086
-2.412,0.248
-2.484,-0.029
-2.478,0.787
-2.538,-0.353
-2.669,-0.05
-2.726,-1.008
-2.677,0.175
-2.781,-1.845
-2.795,-0.713
-2.874,-0.403
-2.87,-0.881
-2.907,-0.912
-2.948,-0.396
3.126,-0.957
3.111,1.063
3.031,-0.651
2.973,0.441
2.946,-1.167
2.94,-1.346
2.315,-2.076
2.279,-2.24
1.096,-2.311
0.953,-2.136
0.961,-2.317
0.833,-1.849
0.686,-2.202
0.46,-2.276
0.113,-2.243
-0.555,-1.986
-0.711,-2.075
-0.943,-2.276
-1.832,-2.109
2.57,2.424
2.077,2.454
1.742,2.202
1.23,2.405
1.149,2.243
0.654,2.224
-0.604,2.464
-1.034,2.097
-2.59,2.264
-2.825,2.283
-2.844,2.422
1.898,-0.99
0.919,2.078
-1.662,1.179
3.121,2.084
-0.236,2.392
-1.58,2.272
2.882,0.91
2.718,-1.138
2.669,-1.548
2.586,1.906
2.392,1.882
2.306,1.574
2.333,-0.385
2.433,1.747
2.316,-1.659
2.396,-0.527
2.102,0.997
2.006,-0.727
1.864,0.458
1.971,-1.041
1.896,-0.376
1.778,-0.806
1.816,0.524
1.652,-0.694
1.5,-0.142
1.495,-0.837
1.283,0.721
1.177,-1.25
1.177,0.84
1.265,0.58
1.14,-0.892
1.127,0.732
1.087,-1.814
1.221,-1.008
1.035,1.416
1.178,-1.656
1.017,0.866
1.091,-0.766
0.99,-1.487
0.819,1.104
0.897,1.515
0.878,0.466
0.753,1.911
0.629,-0.663
0.736,0.879
0.707,1.271
0.493,1.303
0.502,1.826
0.491,0.377
0.545,1.535
0.542,-0.722
0.505,-0.667
0.346,1.537
0.456,-0.148
0.238,1.265
0.195,-0.817
0.155,-0.129
-0.053,-1.833
-0.104,-0.291
-0.087,-0.39
-0.203,0.883
-0.331,-1.458
-0.367,0.994
-0.473,-0.82
-0.603,0.858
-0.63,-0.785
-0.806,0.804
-0.894,0.871
-0.873,0.472
-0.993,2.02
-1.001,1.678
-0.921,-1.017
-1.035,-1.849
-1.188,2.031
-1.199,-0.484
-1.279,1.969
-1.256,-0.588
-1.262,1.03
-1.422,-1.525
-1.298,1.218
-1.362,1.654
-1.568,1.421
-1.658,-0.059
-1.836,1.766
-1.819,0.364
-1.834,1.983
-1.906,0.597
-2.051,0.426
-2.227,1.602
-2.258,0.852
-2.266,-1.792
-2.296,2.115
-2.227,-0.657
-2.405,0.277
-2.42,0.133
-2.484,0.54
-2.476,-1.84
-2.612,-0.559
-2.778,-1.562
-2.995,-0.086
-3.028,-0.336
3.13,0.598
-3.055,0.251
3.082,0.979
-3.093,1.013
3.101,-0.531
3.034,0.41
1.896,-2.054
1.713,-2.238
1.02,-2.027
0.51,-2.209
0.174,-2.236
-0.175,-2.112
-1.185,-2.188
-1.59,-2.149
-1.811,-2.139
-1.923,-2.312
-2.763,-2.294
-2.62,-1.942
2.3,2.408
1.966,2.194
1.661,2.367
1.622,2.122
1.236,2.251
1.082,2.283
1.056,2.448
1.141,2.435
0.918,2.413
0.748,2.336
0.705,2.442
0.353,2.432
-0.102,2.315
-1.064,2.326
-0.968,2.168
-1.316,2.218
-2.875,2.303
1.62,0.759
1.47,-0.047
1.46,1.615
-1.365,-1.43
-1.467,-0.078
-1.465,-0.174
-1.833,1.155
-2.376,0.164
2.284,-0.618
1.124,0.043
-0.328,1.529
-1.183,1.542
-1.802,1.022
-2.604,0.012
-2.599,0.249
-2.564,0.368
-2.794,1.498
1.401,-0.853
-0.316,0.311
-1.794,0.324
-2.596,-1.581
2.06,-1.628
1.279,-1.576
1.349,-1.714
2.472,2.431
0.007,2.057
-0.011,2.404
-0.157,1.523
-0.228,-0.016
-0.319,0.732
-0.392,-0.691
-0.427,-1.019
-0.433,0.471
-0.437,1.083
-0.475,1.543
-0.645,-0.66
-0.73,0.394
-0.758,0.219
-0.859,0.241
-0.884,0.298
-0.854,0.118
-0.858,0.08
-0.875,1.369
-0.968,1.575
-0.998,0.772
-0.995,0.617
-1.043,2.729
-1.129,2.428
-1.078,1.205
-1.142,0.471
-1.177,0.567
-1.247,1.618
-1.245,0.97
-1.269,2.225
-1.31,1.582
-1.377,0.295
-1.475,-0.124
-1.447,0.775
-1.516,2.985
-1.54,-0.099
-1.52,2.938
-1.527,2.872
-1.602,2.645
-1.562,0.538
-1.652,-0.195
-1.604,2.735
-1.752,2.358
-1.678,1.877
-1.76,2.006
-1.845,1.928
-1.847,0.255
-1.847,2.756
-1.974,2.155
-1.927,1.701
-1.959,0.491
-2.037,1.726
-2.149,0.348
-2.163,1.253
-2.208,0.662
-2.155,-0.086
-2.285,0.981
-2.281,0.926
-2.343,1.088
-2.415,0.811
-2.409,1.627
-2.469,0.487
-2.6,0.79
-2.657,-0.168
-2.608,1.015
-2.712,-1.005
-2.726,0.127
-2.805,0.437
-2.801,-0.041
-2.838,-0.072
-2.879,0.444
-3.088,-0.117
-3.103,1.903
3.1,0.189
3.042,1.281
3.015,-0.327
3.009,-0.506
2.384,-1.236
2.348,-1.4
1.165,-1.471
1.022,-1.296
1.03,-1.477
0.902,-1.009
0.755,-1.362
0.529,-1.436
0.182,-1.403
-0.486,-1.146
-0.642,-1.235
-0.874,-1.436
-1.763,-1.269
2.639,3.264
2.146,3.294
1.811,3.042
1.299,3.245
1.218,3.083
0.723,3.064
-0.535,3.304
-0.965,2.937
-2.521,3.104
-2.756,3.123
-2.775,3.262
1.967,-0.15
0.988,2.918
-1.593,2.019
-3.093,2.924
-0.167,3.232
-1.511,3.112
2.951,1.75
2.787,-0.298
2.738,-0.708
2.655,2.746
2.461,2.722
2.375,2.414
2.402,0.455
2.502,2.587
2.385,-0.819
2.465,0.313
2.171,1.837
2.075,0.113
1.933,1.298
2.04,-0.201
1.965,0.464
1.847,0.034
1.885,1.364
1.721,0.146
1.569,0.698
1.564,0.003
1.352,1.561
1.246,-0.41
1.246,1.68
1.334,1.42
1.209,-0.052
1.196,1.572
1.156,-0.974
1.29,-0.168
1.104,2.256
1.247,-0.816
1.086,1.706
1.16,0.074
1.059,-0.647
0.888,1.944
0.966,2.355
0.947,1.306
0.822,2.751
0.698,0.177
0.805,1.719
0.776,2.111
0.562,2.143
0.571,2.666
0.56,1.217
0.614,2.375
0.611,0.118
0.574,0.173
0.415,2.377
0.525,0.692
0.307,2.105
0.264,0.023
0.224,0.711
0.016,-0.993
-0.035,0.549
-0.018,0.45
-0.134,1.723
-0.262,-0.618
-0.298,1.834
-0.404,0.02
-0.534,1.698
-0.561,0.055
-0.737,1.644
-0.825,1.711
-0.804,1.312
-0.924,2.86
-0.932,2.518
-0.852,-0.177
-0.966,-1.009
-1.119,2.871
-1.13,0.356
-1.21,2.809
-1.187,0.252
-1.193,1.87
-1.353,-0.685
-1.229,2.058
-1.293,2.494
-1.499,2.261
-1.589,0.781
-1.767,2.606
-1.75,1.204
-1.765,2.823
-1.837,1.437
-1.982,1.266
-2.158,2.442
-2.189,1.692
-2.197,-0.952
-2.227,2.955
-2.158,0.183
-2.336,1.117
-2.351,0.973
-2.415,1.38
-2.407,-1.0
-2.543,0.281
-2.709,-0.722
-2.926,0.754
-2.959,0.504
-3.084,1.438
-2.986,1.091
-3.132,1.819
-3.024,1.853
-3.113,0.309
3.103,1.25
1.965,-1.214
1.782,-1.398
1.089,-1.187
0.579,-1.369
0.243,-1.396
-0.106,-1.272
-1.116,-1.348
-1.521,-1.309
-1.742,-1.299
-1.854,-1.472
-2.694,-1.454
-2.551,-1.102
2.369,3.248
2.035,3.034
1.73,3.207
1.691,2.962
1.305,3.091
1.151,3.123
1.125,3.288
1.21,3.275
0.987,3.253
0.817,3.176
0.774,3.282
0.422,3.272
-0.033,3.155
-0.995,3.166
-0.899,3.008
-1.247,3.058
-2.806,3.143
1.689,1.599
1.539,0.793
1.529,2.455
-1.296,-0.59
-1.398,0.762
-1.396,0.666
-1.764,1.995
-2.307,1.004
2.353,0.222
1.193,0.883
-0.259,2.369
-1.114,2.382
-1.733,1.862
-2.535,0.852
-2.53,1.089
-2.495,1.208
-2.725,2.338
1.47,-0.013
-0.247,1.151
-1.725,1.164
-2.527,-0.741
2.129,-0.788
1.348,-0.736
1.418,-0.874
2.541,3.271
-0.018,0.347
-0.164,-0.534
-0.235,-2.073
-0.326,-1.325
-0.399,-2.748
-0.434,-3.076
-0.44,-1.586
-0.444,-0.974
-0.482,-0.514
-0.652,-2.717
-0.737,-1.663
-0.765,-1.838
-0.866,-1.816
-0.891,-1.759
-0.861,-1.939
-0.865,-1.977
-0.882,-0.688
-0.975,-0.482
-1.005,-1.285
-1.002,-1.44
-1.05,0.672
-1.136,0.371
-1.085,-0.852
-1.149,-1.586
-1.184,-1.49
-1.254,-0.439
-1.252,-1.087
-1.276,0.168
-1.317,-0.475
-1.384,-1.762
-1.482,-2.181
-1.454,-1.282
-1.523,0.928
-1.547,-2.156
-1.527,0.881
-1.534,0.815
-1.609,0.588
-1.569,-1.519
-1.659,-2.252
-1.611,0.678
-1.759,0.301
-1.685,-0.18
-1.767,-0.051
-1.852,-0.129
-1.854,-1.802
-1.854,0.699
-1.981,0.098
-1.934,-0.356
-1.966,-1.566
-2.044,-0.331
-2.156,-1.709
-2.17,-0.804
-2.215,-1.395
-2.162,-2.143
-2.292,-1.076
-2.288,-1.131
-2.35,-0.969
-2.422,-1.246
-2.416,-0.43
-2.476,-1.57
-2.607,-1.267
-2.664,-2.225
-2.615,-1.042
-2.719,-3.062
-2.733,-1.93
-2.812,-1.62
-2.808,-2.098
-2.845,-2.129
-2.886,-1.613
-3.095,-2.174
-3.11,-0.154
3.093,-1.868
3.035,-0.776
3.008,-2.384
3.002,-2.563
2.377,-3.293
2.341,-3.457
1.158,-3.528
1.015,-3.353
1.023,-3.534
0.895,-3.066
0.748,-3.419
0.522,-3.493
0.175,-3.46
-0.493,-3.203
-0.649,-3.292
-0.881,-3.493
-1.77,-3.326
2.632,1.207
2.139,1.237
1.804,0.985
1.292,1.188
1.211,1.026
0.716,1.007
-0.542,1.247
-0.972,0.88
-2.528,1.047
-2.763,1.066
-2.782,1.205
1.96,-2.207
0.981,0.861
-1.6,-0.038
-3.1,0.867
-0.174,1.175
-1.518,1.055
2.944,-0.307
2.78,-2.355
2.731,-2.765
2.648,0.689
2.454,0.665
2.368,0.357
2.395,-1.602
2.495,0.53
2.378,-2.876
2.458,-1.744
2.164,-0.22
2.068,-1.944
1.926,-0.759
2.033,-2.258
1.958,-1.593
1.84,-2.023
1.878,-0.693
1.714,-1.911
1.562,-1.359
1.557,-2.054
1.345,-0.496
1.239,-2.467
1.239,-0.377
1.327,-0.637
1.202,-2.109
1.189,-0.485
1.149,-3.031
1.283,-2.225
1.097,0.199
1.24,-2.873
1.079,-0.351
1.153,-1.983
1.052,-2.704
0.881,-0.113
0.959,0.298
0.94,-0.751
0.815,0.694
0.691,-1.88
0.798,-0.338
0.769,0.054
0.555,0.086
0.564,0.609
0.553,-0.84
0.607,0.318
0.604,-1.939
0.567,-1.884
0.408,0.32
0.518,-1.365
0.3,0.048
0.257,-2.034
0.217,-1.346
0.009,-3.05
-0.042,-1.508
-0.025,-1.607
-0.141,-0.334
-0.269,-2.675
-0.305,-0.223
-0.411,-2.037
-0.541,-0.359
-0.568,-2.002
-0.744,-0.413
-0.832,-0.346
-0.811,-0.745
-0.931,0.803
-0.939,0.461
-0.859,-2.234
-0.973,-3.066
-1.126,0.814
-1.137,-1.701
-1.217,0.752
-1.194,-1.805
-1.2,-0.187
-1.36,-2.742
-1.236,0.001
-1.3,0.437
-1.506,0.204
-1.596,-1.276
-1.774,0.549
-1.757,-0.853
-1.772,0.766
-1.844,-0.62
-1.989,-0.791
-2.165,0.385
-2.196,-0.365
-2.204,-3.009
-2.234,0.898
-2.165,-1.874
-2.343,-0.94
-2.358,-1.084
-2.422,-0.677
-2.414,-3.057
-2.55,-1.776
-2.716,-2.779
-2.933,-1.303
-2.966,-1.553
-3.091,-0.619
-2.993,-0.966
-3.139,-0.238
-3.031,-0.204
-3.12,-1.748
3.096,-0.807
1.958,-3.271
1.775,-3.455
1.082,-3.244
0.572,-3.426
0.236,-3.453
-0.113,-3.329
-1.123,-3.405
-1.528,-3.366
-1.749,-3.356
-1.861,-3.529
-2.701,-3.511
-2.558,-3.159
2.362,1.191
2.028,0.977
1.723,1.15
1.684,0.905
1.298,1.034
1.144,1.066
1.118,1.231
1.203,1.218
0.98,1.196
0.81,1.119
0.767,1.225
0.415,1.215
-0.04,1.098
-1.002,1.109
-0.906,0.951
-1.254,1.001
-2.813,1.086
1.682,-0.458
1.532,-1.264
1.522,0.398
-1.303,-2.647
-1.405,-1.295
-1.403,-1.391
-1.771,-0.062
-2.314,-1.053
2.346,-1.835
1.186,-1.174
-0.266,0.312
-1.121,0.325
-1.74,-0.195
-2.542,-1.205
-2.537,-0.968
-2.502,-0.849
-2.732,0.281
1.463,-2.07
-0.254,-0.906
-1.732,-0.893
-2.534,-2.798
2.122,-2.845
1.341,-2.793
1.411,-2.931
2.534,1.214
-0.146,-0.881
-0.217,-2.42
-0.308,-1.672
-0.381,-3.095
-0.416,-3.423
-0.422,-1.933
-0.426,-1.321
-0.464,-0.861
-0.634,-3.064
-0.719,-2.01
-0.747,-2.185
-0.848,-2.163
-0.873,-2.106
-0.843,-2.286
-0.847,-2.324
-0.864,-1.035
-0.957,-0.829
-0.987,-1.632
-0.984,-1.787
-1.032,0.325
-1.118,0.024
-1.067,-1.199
-1.131,-1.933
-1.166,-1.837
-1.236,-0.786
-1.234,-1.434
-1.258,-0.179
-1.299,-0.822
-1.366,-2.109
-1.464,-2.528
-1.436,-1.629
-1.505,0.581
-1.529,-2.503
-1.509,0.534
-1.516,0.468
-1.591,0.241
-1.551,-1.866
-1.641,-2.599
-1.593,0.331
-1.741,-0.046
-1.667,-0.527
-1.749,-0.398
-1.834,-0.476
-1.836,-2.149
-1.836,0.352
-1.963,-0.249
-1.916,-0.703
-1.948,-1.913
-2.026,-0.678
-2.138,-2.056
-2.152,-1.151
-2.197,-1.742
-2.144,-2.49
-2.274,-1.423
-2.27,-1.478
-2.332,-1.316
-2.404,-1.593
-2.398,-0.777
-2.458,-1.917
-2.589,-1.614
-2.646,-2.572
-2.597,-1.389
-2.701,-3.409
-2.715,-2.277
-2.794,-1.967
-2.79,-2.445
-2.827,-2.476
-2.868,-1.96
-3.077,-2.521
-3.092,-0.501
3.111,-2.215
3.053,-1.123
3.026,-2.731
3.02,-2.91
2.395,-3.64
2.359,-3.804
1.176,-3.875
1.033,-3.7
1.041,-3.881
0.913,-3.413
0.766,-3.766
0.54,-3.84
0.193,-3.807
-0.475,-3.55
-0.631,-3.639
-0.863,-3.84
-1.752,-3.673
2.65,0.86
2.157,0.89
1.822,0.638
1.31,0.841
1.229,0.679
0.734,0.66
-0.524,0.9
-0.954,0.533
-2.51,0.7
-2.745,0.719
-2.764,0.858
1.978,-2.554
0.999,0.514
-1.582,-0.385
-3.082,0.52
-0.156,0.828
-1.5,0.708
2.962,-0.654
2.798,-2.702
2.749,-3.112
2.666,0.342
2.472,0.318
2.386,0.01
2.413,-1.949
2.513,0.183
2.396,-3.223
2.476,-2.091
2.182,-0.567
2.086,-2.291
1.944,-1.106
2.051,-2.605
1.976,-1.94
1.858,-2.37
1.896,-1.04
1.732,-2.258
1.58,-1.706
1.575,-2.401
1.363,-0.843
1.257,-2.814
1.257,-0.724
1.345,-0.984
1.22,-2.456
1.207,-0.832
1.167,-3.378
1.301,-2.572
1.115,-0.148
1.258,-3.22
1.097,-0.698
1.171,-2.33
1.07,-3.051
0.899,-0.46
0.977,-0.049
0.958,-1.098
0.833,0.347
0.709,-2.227
0.816,-0.685
0.787,-0.293
0.573,-0.261
0.582,0.262
0.571,-1.187
0.625,-0.029
0.622,-2.286
0.585,-2.231
0.426,-0.027
0.536,-1.712
0.318,-0.299
0.275,-2.381
0.235,-1.693
0.027,-3.397
-0.024,-1.855
-0.007,-1.954
-0.123,-0.681
-0.251,-3.022
-0.287,-0.57
-0.393,-2.384
-0.523,-0.706
-0.55,-2.349
-0.726,-0.76
-0.814,-0.693
-0.793,-1.092
-0.913,0.456
-0.921,0.114
-0.841,-2.581
-0.955,-3.413
-1.108,0.467
-1.119,-2.048
-1.199,0.405
-1.176,-2.152
-1.182,-0.534
-1.342,-3.089
-1.218,-0.346
-1.282,0.09
-1.488,-0.143
-1.578,-1.623
-1.756,0.202
-1.739,-1.2
-1.754,0.419
-1.826,-0.967
-1.971,-1.138
-2.147,0.038
-2.178,-0.712
-2.186,-3.356
-2.216,0.551
-2.147,-2.221
-2.325,-1.287
-2.34,-1.431
-2.404,-1.024
-2.396,-3.404
-2.532,-2.123
-2.698,-3.126
-2.915,-1.65
-2.948,-1.9
-3.073,-0.966
-2.975,-1.313
-3.121,-0.585
-3.013,-0.551
-3.102,-2.095
3.114,-1.154
1.976,-3.618
1.793,-3.802
1.1,-3.591
0.59,-3.773
0.254,-3.8
-0.095,-3.676
-1.105,-3.752
-1.51,-3.713
-1.731,-3.703
-1.843,-3.876
-2.683,-3.858
-2.54,-3.506
2.38,0.844
2.046,0.63
1.741,0.803
1.702,0.558
1.316,0.687
1.162,0.719
1.136,0.884
1.221,0.871
0.998,0.849
0.828,0.772
0.785,0.878
0.433,0.868
-0.022,0.751
-0.984,0.762
-0.888,0.604
-1.236,0.654
-2.795,0.739
1.7,-0.805
1.55,-1.611
1.54,0.051
-1.285,-2.994
-1.387,-1.642
-1.385,-1.738
-1.753,-0.409
-2.296,-1.4
2.364,-2.182
1.204,-1.521
-0.248,-0.035
-1.103,-0.022
-1.722,-0.542
-2.524,-1.552
-2.519,-1.315
-2.484,-1.196
-2.714,-0.066
1.481,-2.417
-0.236,-1.253
-1.714,-1.24
-2.516,-3.145
2.14,-3.192
1.359,-3.14
1.429,-3.278
2.552,0.867
-0.071,-1.539
-0.162,-0.791
-0.235,-2.214
-0.27,-2.542
-0.276,-1.052
-0.28,-0.44
-0.318,0.02
-0.488,-2.183
-0.573,-1.129
-0.601,-1.304
-0.702,-1.282
-0.727,-1.225
-0.697,-1.405
-0.701,-1.443
-0.718,-0.154
-0.811,0.052
-0.841,-0.751
-0.838,-0.906
-0.886,1.206
-0.972,0.905
-0.921,-0.318
-0.985,-1.052
-1.02,-0.956
-1.09,0.095
-1.088,-0.553
-1.112,0.702
-1.153,0.059
-1.22,-1.228
-1.318,-1.647
-1.29,-0.748
-1.359,1.462
-1.383,-1.622
-1.363,1.415
-1.37,1.349
-1.445,1.122
-1.405,-0.985
-1.495,-1.718
-1.447,1.212
-1.595,0.835
-1.521,0.354
-1.603,0.483
-1.688,0.405
-1.69,-1.268
-1.69,1.233
-1.817,0.632
-1.77,0.178
-1.802,-1.032
-1.88,0.203
-1.992,-1.175
-2.006,-0.27
-2.051,-0.861
-1.998,-1.609
-2.128,-0.542
-2.124,-0.597
-2.186,-0.435
-2.258,-0.712
-2.252,0.104
-2.312,-1.036
-2.443,-0.733
-2.5,-1.691
-2.451,-0.508
-2.555,-2.528
-2.569,-1.396
-2.648,-1.086
-2.644,-1.564
-2.681,-1.595
-2.722,-1.079
-2.931,-1.64
-2.946,0.38
-3.026,-1.334
-3.084,-0.242
-3.111,-1.85
-3.117,-2.029
2.541,-2.759
2.505,-2.923
1.322,-2.994
1.179,-2.819
1.187,-3.0
1.059,-2.532
0.912,-2.885
0.686,-2.959
0.339,-2.926
-0.329,-2.669
-0.485,-2.758
-0.717,-2.959
-1.606,-2.792
2.796,1.741
2.303,1.771
1.968,1.519
1.456,1.722
1.375,1.56
0.88,1.541
-0.378,1.781
-0.808,1.414
-2.364,1.581
-2.599,1.6
-2.618,1.739
2.124,-1.673
1.145,1.395
-1.436,0.496
-2.936,1.401
-0.01,1.709
-1.354,1.589
3.108,0.227
2.944,-1.821
2.895,-2.231
2.812,1.223
2.618,1.199
2.532,0.891
2.559,-1.068
2.659,1.064
2.542,-2.342
2.622,-1.21
2.328,0.314
2.232,-1.41
2.09,-0.225
2.197,-1.724
2.122,-1.059
2.004,-1.489
2.042,-0.159
1.878,-1.377
1.726,-0.825
1.721,-1.52
1.509,0.038
1.403,-1.933
1.403,0.157
1.491,-0.103
1.366,-1.575
1.353,0.049
1.313,-2.497
1.447,-1.691
1.261,0.733
1.404,-2.339
1.243,0.183
1.317,-1.449
1.216,-2.17
1.045,0.421
1.123,0.832
1.104,-0.217
0.979,1.228
0.855,-1.346
0.962,0.196
0.933,0.588
0.719,0.62
0.728,1.143
0.717,-0.306
0.771,0.852
0.768,-1.405
0.731,-1.35
0.572,0.854
0.682,-0.831
0.464,0.582
0.421,-1.5
0.381,-0.812
0.173,-2.516
0.122,-0.974
0.139,-1.073
0.023,0.2
-0.105,-2.141
-0.141,0.311
-0.247,-1.503
-0.377,0.175
-0.404,-1.468
-0.58,0.121
-0.668,0.188
-0.647,-0.211
-0.767,1.337
-0.775,0.995
-0.695,-1.7
-0.809,-2.532
-0.962,1.348
-0.973,-1.167
-1.053,1.286
-1.03,-1.271
-1.036,0.347
-1.196,-2.208
-1.072,0.535
-1.136,0.971
-1.342,0.738
-1.432,-0.742
-1.61,1.083
-1.593,-0.319
-1.608,1.3
-1.68,-0.086
-1.825,-0.257
-2.001,0.919
-2.032,0.169
-2.04,-2.475
-2.07,1.432
-2.001,-1.34
-2.179,-0.406
-2.194,-0.55
-2.258,-0.143
-2.25,-2.523
-2.386,-1.242
-2.552,-2.245
-2.769,-0.769
-2.802,-1.019
-2.927,-0.085
-2.829,-0.432
-2.975,0.296
-2.867,0.33
-2.956,-1.214
-3.023,-0.273
2.122,-2.737
1.939,-2.921
1.246,-2.71
0.736,-2.892
0.4,-2.919
0.051,-2.795
-0.959,-2.871
-1.364,-2.832
-1.585,-2.822
-1.697,-2.995
-2.537,-2.977
-2.394,-2.625
2.526,1.725
2.192,1.511
1.887,1.684
1.848,1.439
1.462,1.568
1.308,1.6
1.282,1.765
1.367,1.752
1.144,1.73
0.974,1.653
0.931,1.759
0.579,1.749
0.124,1.632
-0.838,1.643
-0.742,1.485
-1.09,1.535
-2.649,1.62
1.846,0.076
1.696,-0.73
1.686,0.932
-1.139,-2.113
-1.241,-0.761
-1.239,-0.857
-1.607,0.472
-2.15,-0.519
2.51,-1.301
1.35,-0.64
-0.102,0.846
-0.957,0.859
-1.576,0.339
-2.378,-0.671
-2.373,-0.434
-2.338,-0.315
-2.568,0.815
1.627,-1.536
-0.09,-0.372
-1.568,-0.359
-2.37,-2.264
2.286,-2.311
1.505,-2.259
1.575,-2.397
2.698,1.748
-0.091,0.748
-0.164,-0.675
-0.199,-1.003
-0.205,0.487
-0.209,1.099
-0.247,1.559
-0.417,-0.644
-0.502,0.41
-0.53,0.235
-0.631,0.257
-0.656,0.314
-0.626,0.134
-0.63,0.096
-0.647,1.385
-0.74,1.591
-0.77,0.788
-0.767,0.633
-0.815,2.745
-0.901,2.444
-0.85,1.221
-0.914,0.487
-0.949,0.583
-1.019,1.634
-1.017,0.986
-1.041,2.241
-1.082,1.598
-1.149,0.311
-1.247,-0.108
-1.219,0.791
-1.288,3.001
-1.312,-0.083
-1.292,2.954
-1.299,2.888
-1.374,2.661
-1.334,0.554
-1.424,-0.179
-1.376,2.751
-1.524,2.374
-1.45,1.893
-1.532,2.022
-1.617,1.944
-1.619,0.271
-1.619,2.772
-1.746,2.171
-1.699,1.717
-1.731,0.507
-1.809,1.742
-1.921,0.364
-1.935,1.269
-1.98,0.678
-1.927,-0.07
-2.057,0.997
-2.053,0.942
-2.115,1.104
-2.187,0.827
-2.181,1.643
-2.241,0.503
-2.372,0.806
-2.429,-0.152
-2.38,1.031
-2.484,-0.989
-2.498,0.143
-2.577,0.453
-2.573,-0.025
-2.61,-0.056
-2.651,0.46
-2.86,-0.101
-2.875,1.919
-2.955,0.205
-3.013,1.297
-3.04,-0.311
-3.046,-0.49
2.612,-1.22
2.576,-1.384
1.393,-1.455
1.25,-1.28
1.258,-1.461
1.13,-0.993
0.983,-1.346
0.757,-1.42
0.41,-1.387
-0.258,-1.13
-0.414,-1.219
-0.646,-1.42
-1.535,-1.253
2.867,3.28
2.374,3.31
2.039,3.058
1.527,3.261
1.446,3.099
0.951,3.08
-0.307,3.32
-0.737,2.953
-2.293,3.12
-2.528,3.139
-2.547,3.278
2.195,-0.134
1.216,2.934
-1.365,2.035
-2.865,2.94
0.061,3.248
-1.283,3.128
-3.104,1.766
3.015,-0.282
2.966,-0.692
2.883,2.762
2.689,2.738
2.603,2.43
2.63,0.471
2.73,2.603
2.613,-0.803
2.693,0.329
2.399,1.853
2.303,0.129
2.161,1.314
2.268,-0.185
2.193,0.48
2.075,0.05
2.113,1.38
1.949,0.162
1.797,0.714
1.792,0.019
1.58,1.577
1.474,-0.394
1.474,1.696
1.562,1.436
1.437,-0.036
1.424,1.588
1.384,-0.958
1.518,-0.152
1.332,2.272
1.475,-0.8
1.314,1.722
1.388,0.09
1.287,-0.631
1.116,1.96
1.194,2.371
1.175,1.322
1.05,2.767
0.926,0.193
1.033,1.735
1.004,2.127
0.79,2.159
0.799,2.682
0.788,1.233
0.842,2.391
0.839,0.134
0.802,0.189
0.643,2.393
0.753,0.708
0.535,2.121
0.492,0.039
0.452,0.727
0.244,-0.977
0.193,0.565
0.21,0.466
0.094,1.739
-0.034,-0.602
-0.07,1.85
-0.176,0.036
-0.306,1.714
-0.333,0.071
-0.509,1.66
-0.597,1.727
-0.576,1.328
-0.696,2.876
-0.704,2.534
-0.624,-0.161
-0.738,-0.993
-0.891,2.887
-0.902,0.372
-0.982,2.825
-0.959,0.268
-0.965,1.886
-1.125,-0.669
-1.001,2.074
-1.065,2.51
-1.271,2.277
-1.361,0.797
-1.539,2.622
-1.522,1.22
-1.537,2.839
-1.609,1.453
-1.754,1.282
-1.93,2.458
-1.961,1.708
-1.969,-0.936
-1.999,2.971
-1.93,0.199
-2.108,1.133
-2.123,0.989
-2.187,1.396
-2.179,-0.984
-2.315,0.297
-2.481,-0.706
-2.698,0.77
-2.731,0.52
-2.856,1.454
-2.758,1.107
-2.904,1.835
-2.796,1.869
-2.885,0.325
-2.952,1.266
2.193,-1.198
2.01,-1.382
1.317,-1.171
0.807,-1.353
0.471,-1.38
0.122,-1.256
-0.888,-1.332
-1.293,-1.293
-1.514,-1.283
-1.626,-1.456
-2.466,-1.438
-2.323,-1.086
2.597,3.264
2.263,3.05
1.958,3.223
1.919,2.978
1.533,3.107
1.379,3.139
1.353,3.304
1.438,3.291
1.215,3.269
1.045,3.192
1.002,3.298
0.65,3.288
0.195,3.171
-0.767,3.182
-0.671,3.024
-1.019,3.074
-2.578,3.159
1.917,1.615
1.767,0.809
1.757,2.471
-1.068,-0.574
-1.17,0.778
-1.168,0.682
-1.536,2.011
-2.079,1.02
2.581,0.238
1.421,0.899
-0.031,2.385
-0.886,2.398
-1.505,1.878
-2.307,0.868
-2.302,1.105
-2.267,1.224
-2.497,2.354
1.698,0.003
-0.019,1.167
-1.497,1.18
-2.299,-0.725
2.357,-0.772
1.576,-0.72
1.646,-0.858
2.769,3.287
-0.073,-1.423
-0.108,-1.751
-0.114,-0.261
-0.118,0.351
-0.156,0.811
-0.326,-1.392
-0.411,-0.338
-0.439,-0.513
-0.54,-0.491
-0.565,-0.434
-0.535,-0.614
-0.539,-0.652
-0.556,0.637
-0.649,0.843
-0.679,0.04
-0.676,-0.115
-0.724,1.997
-0.81,1.696
-0.759,0.473
-0.823,-0.261
-0.858,-0.165
-0.928,0.886
-0.926,0.238
-0.95,1.493
-0.991,0.85
-1.058,-0.437
-1.156,-0.856
-1.128,0.043
-1.197,2.253
-1.221,-0.831
-1.201,2.206
-1.208,2.14
-1.283,1.913
-1.243,-0.194
-1.333,-0.927
-1.285,2.003
-1.433,1.626
-1.359,1.145
-1.441,1.274
-1.526,1.196
-1.528,-0.477
-1.528,2.024
-1.655,1.423
-1.608,0.969
-1.64,-0.241
-1.718,0.994
-1.83,-0.384
-1.844,0.521
-1.889,-0.07
-1.836,-0.818
-1.966,0.249
-1.962,0.194
-2.024,0.356
-2.096,0.079
-2.09,0.895
-2.15,-0.245
-2.281,0.058
-2.338,-0.9
-2.289,0.283
-2.393,-1.737
-2.407,-0.605
-2.486,-0.295
-2.482,-0.773
-2.519,-0.804
-2.56,-0.288
-2.769,-0.849
-2.784,1.171
-2.864,-0.543
-2.922,0.549
-2.949,-1.059
-2.955,-1.238
2.703,-1.968
2.667,-2.132
1.484,-2.203
1.341,-2.028
1.349,-2.209
1.221,-1.741
1.074,-2.094
0.848,-2.168
0.501,-2.135
-0.167,-1.878
-0.323,-1.967
-0.555,-2.168
-1.444,-2.001
2.958,2.532
2.465,2.562
2.13,2.31
1.618,2.513
1.537,2.351
1.042,2.332
-0.216,2.572
-0.646,2.205
-2.202,2.372
-2.437,2.391
-2.456,2.53
2.286,-0.882
1.307,2.186
-1.274,1.287
-2.774,2.192
0.152,2.5
-1.192,2.38
-3.013,1.018
3.106,-1.03
3.057,-1.44
2.974,2.014
2.78,1.99
2.694,1.682
2.721,-0.277
2.821,1.855
2.704,-1.551
2.784,-0.419
2.49,1.105
2.394,-0.619
2.252,0.566
2.359,-0.933
2.284,-0.268
2.166,-0.698
2.204,0.632
2.04,-0.586
1.888,-0.034
1.883,-0.729
1.671,0.829
1.565,-1.142
1.565,0.948
1.653,0.688
1.528,-0.784
1.515,0.84
1.475,-1.706
1.609,-0.9
1.423,1.524
1.566,-1.548
1.405,0.974
1.479,-0.658
1.378,-1.379
1.207,1.212
1.285,1.623
1.266,0.574
1.141,2.019
1.017,-0.555
1.124,0.987
1.095,1.379
0.881,1.411
0.89,1.934
0.879,0.485
0.933,1.643
0.93,-0.614
0.893,-0.559
0.734,1.645
0.844,-0.04
0.626,1.373
0.583,-0.709
0.543,-0.021
0.335,-1.725
0.284,-0.183
0.301,-0.282
0.185,0.991
0.057,-1.35
0.021,1.102
-0.085,-0.712
-0.215,0.966
-0.242,-0.677
-0.418,0.912
-0.506,0.979
-0.485,0.58
-0.605,2.128
-0.613,1.786
-0.533,-0.909
-0.647,-1.741
-0.8,2.139
-0.811,-0.376
-0.891,2.077
-0.868,-0.48
-0.874,1.138
-1.034,-1.417
-0.91,1.326
-0.974,1.762
-1.18,1.529
-1.27,0.049
-1.448,1.874
-1.431,0.472
-1.446,2.091
-1.518,0.705
-1.663,0.534
-1.839,1.71
-1.87,0.96
-1.878,-1.684
-1.908,2.223
-1.839,-0.549
-2.017,0.385
-2.032,0.241
-2.096,0.648
-2.088,-1.732
-2.224,-0.451
-2.39,-1.454
-2.607,0.022
-2.64,-0.228
-2.765,0.706
-2.667,0.359
-2.813,1.087
-2.705,1.121
-2.794,-0.423
-2.861,0.518
2.284,-1.946
2.101,-2.13
1.408,-1.919
0.898,-2.101
0.562,-2.128
0.213,-2.004
-0.797,-2.08
-1.202,-2.041
-1.423,-2.031
-1.535,-2.204
-2.375,-2.186
-2.232,-1.834
2.688,2.516
2.354,2.302
2.049,2.475
2.01,2.23
1.624,2.359
1.47,2.391
1.444,2.556
1.529,2.543
1.306,2.521
1.136,2.444
1.093,2.55
0.741,2.54
0.286,2.423
-0.676,2.434
-0.58,2.276
-0.928,2.326
-2.487,2.411
2.008,0.867
1.858,0.061
1.848,1.723
-0.977,-1.322
-1.079,0.03
-1.077,-0.066
-1.445,1.263
-1.988,0.272
2.672,-0.51
1.512,0.151
0.06,1.637
-0.795,1.65
-1.414,1.13
-2.216,0.12
-2.211,0.357
-2.176,0.476
-2.406,1.606
1.789,-0.745
0.072,0.419
-1.406,0.432
-2.208,-1.473
2.448,-1.52
1.667,-1.468
1.737,-1.606
2.86,2.539
-0.035,-0.328
-0.041,1.162
-0.045,1.774
-0.083,2.234
-0.253,0.031
-0.338,1.085
-0.366,0.91
-0.467,0.932
-0.492,0.989
-0.462,0.809
-0.466,0.771
-0.483,2.06
-0.576,2.266
-0.606,1.463
-0.603,1.308
-0.651,3.42
-0.737,3.119
-0.686,1.896
-0.75,1.162
-0.785,1.258
-0.855,2.309
-0.853,1.661
-0.877,2.916
-0.918,2.273
-0.985,0.986
-1.083,0.567
-1.055,1.466
-1.124,3.676
-1.148,0.592
-1.128,3.629
-1.135,3.563
-1.21,3.336
-1.17,1.229
-1.26,0.496
-1.212,3.426
-1.36,3.049
-1.286,2.568
-1.368,2.697
-1.453,2.619
-1.455,0.946
-1.455,3.447
-1.582,2.846
-1.535,2.392
-1.567,1.182
-1.645,2.417
-1.757,1.039
-1.771,1.944
-1.816,1.353
-1.763,0.605
-1.893,1.672
-1.889,1.617
-1.951,1.779
-2.023,1.502
-2.017,2.318
-2.077,1.178
-2.208,1.481
-2.265,0.523
-2.216,1.706
-2.32,-0.314
-2.334,0.818
-2.413,1.128
-2.409,0.65
-2.446,0.619
-2.487,1.135
-2.696,0.574
-2.711,2.594
-2.791,0.88
-2.849,1.972
-2.876,0.364
-2.882,0.185
2.776,-0.545
2.74,-0.709
1.557,-0.78
1.414,-0.605
1.422,-0.786
1.294,-0.318
1.147,-0.671
0.921,-0.745
0.574,-0.712
-0.094,-0.455
-0.25,-0.544
-0.482,-0.745
-1.371,-0.578
3.031,3.955
2.538,3.985
2.203,3.733
1.691,3.936
1.61,3.774
1.115,3.755
-0.143,3.995
-0.573,3.628
-2.129,3.795
-2.364,3.814
-2.383,3.953
2.359,0.541
1.38,3.609
-1.201,2.71
-2.701,3.615
0.225,3.923
-1.119,3.803
-2.94,2.441
-3.104,0.393
3.13,-0.017
3.047,3.437
2.853,3.413
2.767,3.105
2.794,1.146
2.894,3.278
2.777,-0.128
2.857,1.004
2.563,2.528
2.467,0.804
2.325,1.989
2.432,0.49
2.357,1.155
2.239,0.725
2.277,2.055
2.113,0.837
1.961,1.389
1.956,0.694
1.744,2.252
1.638,0.281
1.638,2.371
1.726,2.111
1.601,0.639
1.588,2.263
1.548,-0.283
1.682,0.523
1.496,2.947
1.639,-0.125
1.478,2.397
1.552,0.765
1.451,0.044
1.28,2.635
1.358,3.046
1.339,1.997
1.214,3.442
1.09,0.868
1.197,2.41
1.168,2.802
0.954,2.834
0.963,3.357
0.952,1.908
1.006,3.066
1.003,0.809
0.966,0.864
0.807,3.068
0.917,1.383
0.699,2.796
0.656,0.714
0.616,1.402
0.408,-0.302
0.357,1.24
0.374,1.141
0.258,2.414
0.13,0.073
0.094,2.525
-0.012,0.711
-0.142,2.389
-0.169,0.746
-0.345,2.335
-0.433,2.402
-0.412,2.003
-0.532,3.551
-0.54,3.209
-0.46,0.514
-0.574,-0.318
-0.727,3.562
-0.738,1.047
-0.818,3.5
-0.795,0.943
-0.801,2.561
-0.961,0.006
-0.837,2.749
-0.901,3.185
-1.107,2.952
-1.197,1.472
-1.375,3.297
-1.358,1.895
-1.373,3.514
-1.445,2.128
-1.59,1.957
-1.766,3.133
-1.797,2.383
-1.805,-0.261
-1.835,3.646
-1.766,0.874
-1.944,1.808
-1.959,1.664
-2.023,2.071
-2.015,-0.309
-2.151,0.972
-2.317,-0.031
-2.534,1.445
-2.567,1.195
-2.692,2.129
-2.594,1.782
-2.74,2.51
-2.632,2.544
-2.721,1.0
-2.788,1.941
2.357,-0.523
2.174,-0.707
1.481,-0.496
0.971,-0.678
0.635,-0.705
0.286,-0.581
-0.724,-0.657
-1.129,-0.618
-1.35,-0.608
-1.462,-0.781
-2.302,-0.763
-2.159,-0.411
2.761,3.939
2.427,3.725
2.122,3.898
2.083,3.653
1.697,3.782
1.543,3.814
1.517,3.979
1.602,3.966
1.379,3.944
1.209,3.867
1.166,3.973
0.814,3.963
0.359,3.846
-0.603,3.857
-0.507,3.699
-0.855,3.749
-2.414,3.834
2.081,2.29
1.931,1.484
1.921,3.146
-0.904,0.101
-1.006,1.453
-1.004,1.357
-1.372,2.686
-1.915,1.695
2.745,0.913
1.585,1.574
0.133,3.06
-0.722,3.073
-1.341,2.553
-2.143,1.543
-2.138,1.78
-2.103,1.899
-2.333,3.029
1.862,0.678
0.145,1.842
-1.333,1.855
-2.135,-0.05
2.521,-0.097
1.74,-0.045
1.81,-0.183
2.933,3.962
-0.006,1.49
-0.01,2.102
-0.048,2.562
-0.218,0.359
-0.303,1.413
-0.331,1.238
-0.432,1.26
-0.457,1.317
-0.427,1.137
-0.431,1.099
-0.448,2.388
-0.541,2.594
-0.571,1.791
-0.568,1.636
-0.616,3.748
-0.702,3.447
-0.651,2.224
-0.715,1.49
-0.75,1.586
-0.82,2.637
-0.818,1.989
-0.842,3.244
-0.883,2.601
-0.95,1.314
-1.048,0.895
-1.02,1.794
-1.089,4.004
-1.113,0.92
-1.093,3.957
-1.1,3.891
-1.175,3.664
-1.135,1.557
-1.225,0.824
-1.177,3.754
-1.325,3.377
-1.251,2.896
-1.333,3.025
-1.418,2.947
-1.42,1.274
-1.42,3.775
-1.547,3.174
-1.5,2.72
-1.532,1.51
-1.61,2.745
-1.722,1.367
-1.736,2.272
-1.781,1.681
-1.728,0.933
-1.858,2.0
-1.854,1.945
-1.916,2.107
-1.988,1.83
-1.982,2.646
-2.042,1.506
-2.173,1.809
-2.23,0.851
-2.181,2.034
-2.285,0.014
-2.299,1.146
-2.378,1.456
-2.374,0.978
-2.411,0.947
-2.452,1.463
-2.661,0.902
-2.676,2.922
-2.756,1.208
-2.814,2.3
-2.841,0.692
-2.847,0.513
2.811,-0.217
2.775,-0.381
1.592,-0.452
1.449,-0.277
1.457,-0.458
1.329,0.01
1.182,-0.343
0.956,-0.417
0.609,-0.384
-0.059,-0.127
-0.215,-0.216
-0.447,-0.417
-1.336,-0.25
3.066,4.283
2.573,4.313
2.238,4.061
1.726,4.264
1.645,4.102
1.15,4.083
-0.108,4.323
-0.538,3.956
-2.094,4.123
-2.329,4.142
-2.348,4.281
2.394,0.869
1.415,3.937
-1.166,3.038
-2.666,3.943
0.26,4.251
-1.084,4.131
-2.905,2.769
-3.069,0.721
-3.118,0.311
3.082,3.765
2.888,3.741
2.802,3.433
2.829,1.474
2.929,3.606
2.812,0.2
2.892,1.332
2.598,2.856
2.502,1.132
2.36,2.317
2.467,0.818
2.392,1.483
2.274,1.053
2.312,2.383
2.148,1.165
1.996,1.717
1.991,1.022
1.779,2.58
1.673,0.609
1.673,2.699
1.761,2.439
1.636,0.967
1.623,2.591
1.583,0.045
1.717,0.851
1.531,3.275
1.674,0.203
1.513,2.725
1.587,1.093
1.486,0.372
1.315,2.963
1.393,3.374
1.374,2.325
1.249,3.77
1.125,1.196
1.232,2.738
1.203,3.13
0.989,3.162
0.998,3.685
0.987,2.236
1.041,3.394
1.038,1.137
1.001,1.192
0.842,3.396
0.952,1.711
0.734,3.124
0.691,1.042
0.651,1.73
0.443,0.026
0.392,1.568
0.409,1.469
0.293,2.742
0.165,0.401
0.129,2.853
0.023,1.039
-0.107,2.717
-0.134,1.074
-0.31,2.663
-0.398,2.73
-0.377,2.331
-0.497,3.879
-0.505,3.537
-0.425,0.842
-0.539,0.01
-0.692,3.89
-0.703,1.375
-0.783,3.828
-0.76,1.271
-0.766,2.889
-0.926,0.334
-0.802,3.077
-0.866,3.513
-1.072,3.28
-1.162,1.8
-1.34,3.625
-1.323,2.223
-1.338,3.842
-1.41,2.456
-1.555,2.285
-1.731,3.461
-1.762,2.711
-1.77,0.067
-1.8,3.974
-1.731,1.202
-1.909,2.136
-1.924,1.992
-1.988,2.399
-1.98,0.019
-2.116,1.3
-2.282,0.297
-2.499,1.773
-2.532,1.523
-2.657,2.457
-2.559,2.11
-2.705,2.838
-2.597,2.872
-2.686,1.328
-2.753,2.269
2.392,-0.195
2.209,-0.379
1.516,-0.168
1.006,-0.35
0.67,-0.377
0.321,-0.253
-0.689,-0.329
-1.094,-0.29
-1.315,-0.28
-1.427,-0.453
-2.267,-0.435
-2.124,-0.083
2.796,4.267
2.462,4.053
2.157,4.226
2.118,3.981
1.732,4.11
1.578,4.142
1.552,4.307
1.637,4.294
1.414,4.272
1.244,4.195
1.201,4.301
0.849,4.291
0.394,4.174
-0.568,4.185
-0.472,4.027
-0.82,4.077
-2.379,4.162
2.116,2.618
1.966,1.812
1.956,3.474
-0.869,0.429
-0.971,1.781
-0.969,1.685
-1.337,3.014
-1.88,2.023
2.78,1.241
1.62,1.902
0.168,3.388
-0.687,3.401
-1.306,2.881
-2.108,1.871
-2.103,2.108
-2.068,2.227
-2.298,3.357
1.897,1.006
0.18,2.17
-1.298,2.183
-2.1,0.278
2.556,0.231
1.775,0.283
1.845,0.145
2.968,4.29
-0.004,0.612
-0.042,1.072
-0.212,-1.131
-0.297,-0.077
-0.325,-0.252
-0.426,-0.23
-0.451,-0.173
-0.421,-0.353
-0.425,-0.391
-0.442,0.898
-0.535,1.104
-0.565,0.301
-0.562,0.146
-0.61,2.258
-0.696,1.957
-0.645,0.734
-0.709,0.0
-0.744,0.096
-0.814,1.147
-0.812,0.499
-0.836,1.754
-0.877,1.111
-0.944,-0.176
-1.042,-0.595
-1.014,0.304
-1.083,2.514
-1.107,-0.57
-1.087,2.467
-1.094,2.401
-1.169,2.174
-1.129,0.067
-1.219,-0.666
-1.171,2.264
-1.319,1.887
-1.245,1.406
-1.327,1.535
-1.412,1.457
-1.414,-0.216
-1.414,2.285
-1.541,1.684
-1.494,1.23
-1.526,0.02
-1.604,1.255
-1.716,-0.123
-1.73,0.782
-1.775,0.191
-1.722,-0.557
-1.852,0.51
-1.848,0.455
-1.91,0.617
-1.982,0.34
-1.976,1.156
-2.036,0.016
-2.167,0.319
-2.224,-0.639
-2.175,0.544
-2.279,-1.476
-2.293,-0.344
-2.372,-0.034
-2.368,-0.512
-2.405,-0.543
-2.446,-0.027
-2.655,-0.588
-2.67,1.432
-2.75,-0.282
-2.808,0.81
-2.835,-0.798
-2.841,-0.977
2.817,-1.707
2.781,-1.871
1.598,-1.942
1.455,-1.767
1.463,-1.948
1.335,-1.48
1.188,-1.833
0.962,-1.907
0.615,-1.874
-0.053,-1.617
-0.209,-1.706
-0.441,-1.907
-1.33,-1.74
3.072,2.793
2.579,2.823
2.244,2.571
1.732,2.774
1.651,2.612
1.156,2.593
-0.102,2.833
-0.532,2.466
-2.088,2.633
-2.323,2.652
-2.342,2.791
2.4,-0.621
1.421,2.447
-1.16,1.548
-2.66,2.453
0.266,2.761
-1.078,2.641
-2.899,1.279
-3.063,-0.769
-3.112,-1.179
3.088,2.275
2.894,2.251
2.808,1.943
2.835,-0.016
2.935,2.116
2.818,-1.29
2.898,-0.158
2.604,1.366
2.508,-0.358
2.366,0.827
2.473,-0.672
2.398,-0.007
2.28,-0.437
2.318,0.893
2.154,-0.325
2.002,0.227
1.997,-0.468
1.785,1.09
1.679,-0.881
1.679,1.209
1.767,0.949
1.642,-0.523
1.629,1.101
1.589,-1.445
1.723,-0.639
1.537,1.785
1.68,-1.287
1.519,1.235
1.593,-0.397
1.492,-1.118
1.321,1.473
1.399,1.884
1.38,0.835
1.255,2.28
1.131,-0.294
1.238,1.248
1.209,1.64
0.995,1.672
1.004,2.195
0.993,0.746
1.047,1.904
1.044,-0.353
1.007,-0.298
0.848,1.906
0.958,0.221
0.74,1.634
0.697,-0.448
0.657,0.24
0.449,-1.464
0.398,0.078
0.415,-0.021
0.299,1.252
0.171,-1.089
0.135,1.363
0.029,-0.451
-0.101,1.227
-0.128,-0.416
-0.304,1.173
-0.392,1.24
-0.371,0.841
-0.491,2.389
-0.499,2.047
-0.419,-0.648
-0.533,-1.48
-0.686,2.4
-0.697,-0.115
-0.777,2.338
-0.754,-0.219
-0.76,1.399
-0.92,-1.156
-0.796,1.587
-0.86,2.023
-1.066,1.79
-1.156,0.31
-1.334,2.135
-1.317,0.733
-1.332,2.352
-1.404,0.966
-1.549,0.795
-1.725,1.971
-1.756,1.221
-1.764,-1.423
-1.794,2.484
-1.725,-0.288
-1.903,0.646
-1.918,0.502
-1.982,0.909
-1.974,-1.471
-2.11,-0.19
-2.276,-1.193
-2.493,0.283
-2.526,0.033
-2.651,0.967
-2.553,0.62
-2.699,1.348
-2.591,1.382
-2.68,-0.162
-2.747,0.779
2.398,-1.685
2.215,-1.869
1.522,-1.658
1.012,-1.84
0.676,-1.867
0.327,-1.743
-0.683,-1.819
-1.088,-1.78
-1.309,-1.77
-1.421,-1.943
-2.261,-1.925
-2.118,-1.573
2.802,2.777
2.468,2.563
2.163,2.736
2.124,2.491
1.738,2.62
1.584,2.652
1.558,2.817
1.643,2.804
1.42,2.782
1.25,2.705
1.207,2.811
0.855,2.801
0.4,2.684
-0.562,2.695
-0.466,2.537
-0.814,2.587
-2.373,2.672
2.122,1.128
1.972,0.322
1.962,1.984
-0.863,-1.061
-0.965,0.291
-0.963,0.195
-1.331,1.524
-1.874,0.533
2.786,-0.249
1.626,0.412
0.174,1.898
-0.681,1.911
-1.3,1.391
-2.102,0.381
-2.097,0.618
-2.062,0.737
-2.292,1.867
1.903,-0.484
0.186,0.68
-1.292,0.693
-2.094,-1.212
2.562,-1.259
1.781,-1.207
1.851,-1.345
2.974,2.8
-0.038,0.46
-0.208,-1.743
-0.293,-0.689
-0.321,-0.864
-0.422,-0.842
-0.447,-0.785
-0.417,-0.965
-0.421,-1.003
-0.438,0.286
-0.531,0.492
-0.561,-0.311
-0.558,-0.466
-0.606,1.646
-0.692,1.345
-0.641,0.122
-0.705,-0.612
-0.74,-0.516
-0.81,0.535
-0.808,-0.113
-0.832,1.142
-0.873,0.499
-0.94,-0.788
-1.038,-1.207
-1.01,-0.308
-1.079,1.902
-1.103,-1.182
-1.083,1.855
-1.09,1.789
-1.165,1.562
-1.125,-0.545
-1.215,-1.278
-1.167,1.652
-1.315,1.275
-1.241,0.794
-1.323,0.923
-1.408,0.845
-1.41,-0.828
-1.41,1.673
-1.537,1.072
-1.49,0.618
-1.522,-0.592
-1.6,0.643
-1.712,-0.735
-1.726,0.17
-1.771,-0.421
-1.718,-1.169
-1.848,-0.102
-1.844,-0.157
-1.906,0.005
-1.978,-0.272
-1.972,0.544
-2.032,-0.596
-2.163,-0.293
-2.22,-1.251
-2.171,-0.068
-2.275,-2.088
-2.289,-0.956
-2.368,-0.646
-2.364,-1.124
-2.401,-1.155
-2.442,-0.639
-2.651,-1.2
-2.666,0.82
-2.746,-0.894
-2.804,0.198
-2.831,-1.41
-2.837,-1.589
2.821,-2.319
2.785,-2.483
1.602,-2.554
1.459,-2.379
1.467,-2.56
1.339,-2.092
1.192,-2.445
0.966,-2.519
0.619,-2.486
-0.049,-2.229
-0.205,-2.318
-0.437,-2.519
-1.326,-2.352
3.076,2.181
2.583,2.211
2.248,1.959
1.736,2.162
1.655,2.0
1.16,1.981
-0.098,2.221
-0.528,1.854
-2.084,2.021
-2.319,2.04
-2.338,2.179
2.404,-1.233
1.425,1.835
-1.156,0.936
-2.656,1.841
0.27,2.149
-1.074,2.029
-2.895,0.667
-3.059,-1.381
-3.108,-1.791
3.092,1.663
2.898,1.639
2.812,1.331
2.839,-0.628
2.939,1.504
2.822,-1.902
2.902,-0.77
2.608,0.754
2.512,-0.97
2.37,0.215
2.477,-1.284
2.402,-0.619
2.284,-1.049
2.322,0.281
2.158,-0.937
2.006,-0.385
2.001,-1.08
1.789,0.478
1.683,-1.493
1.683,0.597
1.771,0.337
1.646,-1.135
1.633,0.489
1.593,-2.057
1.727,-1.251
1.541,1.173
1.684,-1.899
1.523,0.623
1.597,-1.009
1.496,-1.73
1.325,0.861
1.403,1.272
1.384,0.223
1.259,1.668
1.135,-0.906
1.242,0.636
1.213,1.028
0.999,1.06
1.008,1.583
0.997,0.134
1.051,1.292
1.048,-0.965
1.011,-0.91
0.852,1.294
0.962,-0.391
0.744,1.022
0.701,-1.06
0.661,-0.372
0.453,-2.076
0.402,-0.534
0.419,-0.633
0.303,0.64
0.175,-1.701
0.139,0.751
0.033,-1.063
-0.097,0.615
-0.124,-1.028
-0.3,0.561
-0.388,0.628
-0.367,0.229
-0.487,1.777
-0.495,1.435
-0.415,-1.26
-0.529,-2.092
-0.682,1.788
-0.693,-0.727
-0.773,1.726
-0.75,-0.831
-0.756,0.787
-0.916,-1.768
-0.792,0.975
-0.856,1.411
-1.062,1.178
-1.152,-0.302
-1.33,1.523
-1.313,0.121
-1.328,1.74
-1.4,0.354
-1.545,0.183
-1.721,1.359
-1.752,0.609
-1.76,-2.035
-1.79,1.872
-1.721,-0.9
-1.899,0.034
-1.914,-0.11
-1.978,0.297
-1.97,-2.083
-2.106,-0.802
-2.272,-1.805
-2.489,-0.329
-2.522,-0.579
-2.647,0.355
-2.549,0.008
-2.695,0.736
-2.587,0.77
-2.676,-0.774
-2.743,0.167
2.402,-2.297
2.219,-2.481
1.526,-2.27
1.016,-2.452
0.68,-2.479
0.331,-2.355
-0.679,-2.431
-1.084,-2.392
-1.305,-2.382
-1.417,-2.555
-2.257,-2.537
-2.114,-2.185
2.806,2.165
2.472,1.951
2.167,2.124
2.128,1.879
1.742,2.008
1.588,2.04
1.562,2.205
1.647,2.192
1.424,2.17
1.254,2.093
1.211,2.199
0.859,2.189
0.404,2.072
-0.558,2.083
-0.462,1.925
-0.81,1.975
-2.369,2.06
2.126,0.516
1.976,-0.29
1.966,1.372
-0.859,-1.673
-0.961,-0.321
-0.959,-0.417
-1.327,0.912
-1.87,-0.079
2.79,-0.861
1.63,-0.2
0.178,1.286
-0.677,1.299
-1.296,0.779
-2.098,-0.231
-2.093,0.006
-2.058,0.125
-2.288,1.255
1.907,-1.096
0.19,0.068
-1.288,0.081
-2.09,-1.824
2.566,-1.871
1.785,-1.819
1.855,-1.957
2.978,2.188
-0.17,-2.203
-0.255,-1.149
-0.283,-1.324
-0.384,-1.302
-0.409,-1.245
-0.379,-1.425
-0.383,-1.463
-0.4,-0.174
-0.493,0.032
-0.523,-0.771
-0.52,-0.926
-0.568,1.186
-0.654,0.885
-0.603,-0.338
-0.667,-1.072
-0.702,-0.976
-0.772,0.075
-0.77,-0.573
-0.794,0.682
-0.835,0.039
-0.902,-1.248
-1.0,-1.667
-0.972,-0.768
-1.041,1.442
-1.065,-1.642
-1.045,1.395
-1.052,1.329
-1.127,1.102
-1.087,-1.005
-1.177,-1.738
-1.129,1.192
-1.277,0.815
-1.203,0.334
-1.285,0.463
-1.37,0.385
-1.372,-1.288
-1.372,1.213
-1.499,0.612
-1.452,0.158
-1.484,-1.052
-1.562,0.183
-1.674,-1.195
-1.688,-0.29
-1.733,-0.881
-1.68,-1.629
-1.81,-0.562
-1.806,-0.617
-1.868,-0.455
-1.94,-0.732
-1.934,0.084
-1.994,-1.056
-2.125,-0.753
-2.182,-1.711
-2.133,-0.528
-2.237,-2.548
-2.251,-1.416
-2.33,-1.106
-2.326,-1.584
-2.363,-1.615
-2.404,-1.099
-2.613,-1.66
-2.628,0.36
-2.708,-1.354
-2.766,-0.262
-2.793,-1.87
-2.799,-2.049
2.859,-2.779
2.823,-2.943
1.64,-3.014
1.497,-2.839
1.505,-3.02
1.377,-2.552
1.23,-2.905
1.004,-2.979
0.657,-2.946
-0.011,-2.689
-0.167,-2.778
-0.399,-2.979
-1.288,-2.812
3.114,1.721
2.621,1.751
2.286,1.499
1.774,1.702
1.693,1.54
1.198,1.521
-0.06,1.761
-0.49,1.394
-2.046,1.561
-2.281,1.58
-2.3,1.719
2.442,-1.693
1.463,1.375
-1.118,0.476
-2.618,1.381
0.308,1.689
-1.036,1.569
-2.857,0.207
-3.021,-1.841
-3.07,-2.251
3.13,1.203
2.936,1.179
2.85,0.871
2.877,-1.088
2.977,1.044
2.86,-2.362
2.94,-1.23
2.646,0.294
2.55,-1.43
2.408,-0.245
2.515,-1.744
2.44,-1.079
2.322,-1.509
2.36,-0.179
2.196,-1.397
2.044,-0.845
2.039,-1.54
1.827,0.018
1.721,-1.953
1.721,0.137
1.809,-0.123
1.684,-1.595
1.671,0.029
1.631,-2.517
1.765,-1.711
1.579,0.713
1.722,-2.359
1.561,0.163
1.635,-1.469
1.534,-2.19
1.363,0.401
1.441,0.812
1.422,-0.237
1.297,1.208
1.173,-1.366
1.28,0.176
1.251,0.568
1.037,0.6
1.046,1.123
1.035,-0.326
1.089,0.832
1.086,-1.425
1.049,-1.37
0.89,0.834
1.0,-0.851
0.782,0.562
0.739,-1.52
0.699,-0.832
0.491,-2.536
0.44,-0.994
0.457,-1.093
0.341,0.18
0.213,-2.161
0.177,0.291
0.071,-1.523
-0.059,0.155
-0.086,-1.488
-0.262,0.101
-0.35,0.168
-0.329,-0.231
-0.449,1.317
-0.457,0.975
-0.377,-1.72
-0.491,-2.552
-0.644,1.328
-0.655,-1.187
-0.735,1.266
-0.712,-1.291
-0.718,0.327
-0.878,-2.228
-0.754,0.515
-0.818,0.951
-1.024,0.718
-1.114,-0.762
-1.292,1.063
-1.275,-0.339
-1.29,1.28
-1.362,-0.106
-1.507,-0.277
-1.683,0.899
-1.714,0.149
-1.722,-2.495
-1.752,1.412
-1.683,-1.36
-1.861,-0.426
-1.876,-0.57
-1.94,-0.163
-1.932,-2.543
-2.068,-1.262
-2.234,-2.265
-2.451,-0.789
-2.484,-1.039
-2.609,-0.105
-2.511,-0.452
-2.657,0.276
-2.549,0.31
-2.638,-1.234
-2.705,-0.293
2.44,-2.757
2.257,-2.941
1.564,-2.73
1.054,-2.912
0.718,-2.939
0.369,-2.815
-0.641,-2.891
-1.046,-2.852
-1.267,-2.842
-1.379,-3.015
-2.219,-2.997
-2.076,-2.645
2.844,1.705
2.51,1.491
2.205,1.664
2.166,1.419
1.78,1.548
1.626,1.58
1.6,1.745
1.685,1.732
1.462,1.71
1.292,1.633
1.249,1.739
0.897,1.729
0.442,1.612
-0.52,1.623
-0.424,1.465
-0.772,1.515
-2.331,1.6
2.164,0.056
2.014,-0.75
2.004,0.912
-0.821,-2.133
-0.923,-0.781
-0.921,-0.877
-1.289,0.452
-1.832,-0.539
2.828,-1.321
1.668,-0.66
0.216,0.826
-0.639,0.839
-1.258,0.319
-2.06,-0.691
-2.055,-0.454
-2.02,-0.335
-2.25,0.795
1.945,-1.556
0.228,-0.392
-1.25,-0.379
-2.052,-2.284
2.604,-2.331
1.823,-2.279
1.893,-2.417
3.016,1.728
-0.085,1.054
-0.113,0.879
-0.214,0.901
-0.239,0.958
-0.209,0.778
-0.213,0.74
-0.23,2.029
-0.323,2.235
-0.353,1.432
-0.35,1.277
-0.398,3.389
-0.484,3.088
-0.433,1.865
-0.497,1.131
-0.532,1.227
-0.602,2.278
-0.6,1.63
-0.624,2.885
-0.665,2.242
-0.732,0.955
-0.83,0.536
-0.802,1.435
-0.871,3.645
-0.895,0.561
-0.875,3.598
-0.882,3.532
-0.957,3.305
-0.917,1.198
-1.007,0.465
-0.959,3.395
-1.107,3.018
-1.033,2.537
-1.115,2.666
-1.2,2.588
-1.202,0.915
-1.202,3.416
-1.329,2.815
-1.282,2.361
-1.314,1.151
-1.392,2.386
-1.504,1.008
-1.518,1.913
-1.563,1.322
-1.51,0.574
-1.64,1.641
-1.636,1.586
-1.698,1.748
-1.77,1.471
-1.764,2.287
-1.824,1.147
-1.955,1.45
-2.012,0.492
-1.963,1.675
-2.067,-0.345
-2.081,0.787
-2.16,1.097
-2.156,0.619
-2.193,0.588
-2.234,1.104
-2.443,0.543
-2.458,2.563
-2.538,0.849
-2.596,1.941
-2.623,0.333
-2.629,0.154
3.029,-0.576
2.993,-0.74
1.81,-0.811
1.667,-0.636
1.675,-0.817
1.547,-0.349
1.4,-0.702
1.174,-0.776
0.827,-0.743
0.159,-0.486
0.003,-0.575
-0.229,-0.776
-1.118,-0.609
-2.999,3.924
2.791,3.954
2.456,3.702
1.944,3.905
1.863,3.743
1.368,3.724
0.11,3.964
-0.32,3.597
-1.876,3.764
-2.111,3.783
-2.13,3.922
2.612,0.51
1.633,3.578
-0.948,2.679
-2.448,3.584
0.478,3.892
-0.866,3.772
-2.687,2.41
-2.851,0.362
-2.9,-0.048
-2.983,3.406
3.106,3.382
3.02,3.074
3.047,1.115
-3.136,3.247
3.03,-0.159
3.11,0.973
2.816,2.497
2.72,0.773
2.578,1.958
2.685,0.459
2.61,1.124
2.492,0.694
2.53,2.024
2.366,0.806
2.214,1.358
2.209,0.663
1.997,2.221
1.891,0.25
1.891,2.34
1.979,2.08
1.854,0.608
1.841,2.232
1.801,-0.314
1.935,0.492
1.749,2.916
1.892,-0.156
1.731,2.366
1.805,0.734
1.704,0.013
1.533,2.604
1.611,3.015
1.592,1.966
1.467,3.411
1.343,0.837
1.45,2.379
1.421,2.771
1.207,2.803
1.216,3.326
1.205,1.877
1.259,3.035
1.256,0.778
1.219,0.833
1.06,3.037
1.17,1.352
0.952,2.765
0.909,0.683
0.869,1.371
0.661,-0.333
0.61,1.209
0.627,1.11
0.511,2.383
0.383,0.042
0.347,2.494
0.241,0.68
0.111,2.358
0.084,0.715
-0.092,2.304
-0.18,2.371
-0.159,1.972
-0.279,3.52
-0.287,3.178
-0.207,0.483
-0.321,-0.349
-0.474,3.531
-0.485,1.016
-0.565,3.469
-0.542,0.912
-0.548,2.53
-0.708,-0.025
-0.584,2.718
-0.648,3.154
-0.854,2.921
-0.944,1.441
-1.122,3.266
-1.105,1.864
-1.12,3.483
-1.192,2.097
-1.337,1.926
-1.513,3.102
-1.544,2.352
-1.552,-0.292
-1.582,3.615
-1.513,0.843
-1.691,1.777
-1.706,1.633
-1.77,2.04
-1.762,-0.34
-1.898,0.941
-2.064,-0.062
-2.281,1.414
-2.314,1.164
-2.439,2.098
-2.341,1.751
-2.487,2.479
-2.379,2.513
-2.468,0.969
-2.535,1.91
2.61,-0.554
2.427,-0.738
1.734,-0.527
1.224,-0.709
0.888,-0.736
0.539,-0.612
-0.471,-0.688
-0.876,-0.649
-1.097,-0.639
-1.209,-0.812
-2.049,-0.794
-1.906,-0.442
3.014,3.908
2.68,3.694
2.375,3.867
2.336,3.622
1.95,3.751
1.796,3.783
1.77,3.948
1.855,3.935
1.632,3.913
1.462,3.836
1.419,3.942
1.067,3.932
0.612,3.815
-0.35,3.826
-0.254,3.668
-0.602,3.718
-2.161,3.803
2.334,2.259
2.184,1.453
2.174,3.115
-0.651,0.07
-0.753,1.422
-0.751,1.326
-1.119,2.655
-1.662,1.664
2.998,0.882
1.838,1.543
0.386,3.029
-0.469,3.042
-1.088,2.522
-1.89,1.512
-1.885,1.749
-1.85,1.868
-2.08,2.998
2.115,0.647
0.398,1.811
-1.08,1.824
-1.882,-0.081
2.774,-0.128
1.993,-0.076
2.063,-0.214
-3.097,3.931
-0.028,-0.175
-0.129,-0.153
-0.154,-0.096
-0.124,-0.276
-0.128,-0.314
-0.145,0.975
-0.238,1.181
-0.268,0.378
-0.265,0.223
-0.313,2.335
-0.399,2.034
-0.348,0.811
-0.412,0.077
-0.447,0.173
-0.517,1.224
-0.515,0.576
-0.539,1.831
-0.58,1.188
-0.647,-0.099
-0.745,-0.518
-0.717,0.381
-0.786,2.591
-0.81,-0.493
-0.79,2.544
-0.797,2.478
-0.872,2.251
-0.832,0.144
-0.922,-0.589
-0.874,2.341
-1.022,1.964
-0.948,1.483
-1.03,1.612
-1.115,1.534
-1.117,-0.139
-1.117,2.362
-1.244,1.761
-1.197,1.307
-1.229,0.097
-1.307,1.332
-1.419,-0.046
-1.433,0.859
-1.478,0.268
-1.425,-0.48
-1.555,0.587
-1.551,0.532
-1.613,0.694
-1.685,0.417
-1.679,1.233
-1.739,0.093
-1.87,0.396
-1.927,-0.562
-1.878,0.621
-1.982,-1.399
-1.996,-0.267
-2.075,0.043
-2.071,-0.435
-2.108,-0.466
-2.149,0.05
-2.358,-0.511
-2.373,1.509
-2.453,-0.205
-2.511,0.887
-2.538,-0.721
-2.544,-0.9
3.114,-1.63
3.078,-1.794
1.895,-1.865
1.752,-1.69
1.76,-1.871
1.632,-1.403
1.485,-1.756
1.259,-1.83
0.912,-1.797
0.244,-1.54
0.088,-1.629
-0.144,-1.83
-1.033,-1.663
-2.914,2.87
2.876,2.9
2.541,2.648
2.029,2.851
1.948,2.689
1.453,2.67
0.195,2.91
-0.235,2.543
-1.791,2.71
-2.026,2.729
-2.045,2.868
2.697,-0.544
1.718,2.524
-0.863,1.625
-2.363,2.53
0.563,2.838
-0.781,2.718
-2.602,1.356
-2.766,-0.692
-2.815,-1.102
-2.898,2.352
-3.092,2.328
3.105,2.02
3.132,0.061
-3.051,2.193
3.115,-1.213
-3.088,-0.081
2.901,1.443
2.805,-0.281
2.663,0.904
2.77,-0.595
2.695,0.07
2.577,-0.36
2.615,0.97
2.451,-0.248
2.299,0.304
2.294,-0.391
2.082,1.167
1.976,-0.804
1.976,1.286
2.064,1.026
1.939,-0.446
1.926,1.178
1.886,-1.368
2.02,-0.562
1.834,1.862
1.977,-1.21
1.816,1.312
1.89,-0.32
1.789,-1.041
1.618,1.55
1.696,1.961
1.677,0.912
1.552,2.357
1.428,-0.217
1.535,1.325
1.506,1.717
1.292,1.749
1.301,2.272
1.29,0.823
1.344,1.981
1.341,-0.276
1.304,-0.221
1.145,1.983
1.255,0.298
1.037,1.711
0.994,-0.371
0.954,0.317
0.746,-1.387
0.695,0.155
0.712,0.056
0.596,1.329
0.468,-1.012
0.432,1.44
0.326,-0.374
0.196,1.304
0.169,-0.339
-0.007,1.25
-0.095,1.317
-0.074,0.918
-0.194,2.466
-0.202,2.124
-0.122,-0.571
-0.236,-1.403
-0.389,2.477
-0.4,-0.038
-0.48,2.415
-0.457,-0.142
-0.463,1.476
-0.623,-1.079
-0.499,1.664
-0.563,2.1
-0.769,1.867
-0.859,0.387
-1.037,2.212
-1.02,0.81
-1.035,2.429
-1.107,1.043
-1.252,0.872
-1.428,2.048
-1.459,1.298
-1.467,-1.346
-1.497,2.561
-1.428,-0.211
-1.606,0.723
-1.621,0.579
-1.685,0.986
-1.677,-1.394
-1.813,-0.113
-1.979,-1.116
-2.196,0.36
-2.229,0.11
-2.354,1.044
-2.256,0.697
-2.402,1.425
-2.294,1.459
-2.383,-0.085
-2.45,0.856
2.695,-1.608
2.512,-1.792
1.819,-1.581
1.309,-1.763
0.973,-1.79
0.624,-1.666
-0.386,-1.742
-0.791,-1.703
-1.012,-1.693
-1.124,-1.866
-1.964,-1.848
-1.821,-1.496
3.099,2.854
2.765,2.64
2.46,2.813
2.421,2.568
2.035,2.697
1.881,2.729
1.855,2.894
1.94,2.881
1.717,2.859
1.547,2.782
1.504,2.888
1.152,2.878
0.697,2.761
-0.265,2.772
-0.169,2.614
-0.517,2.664
-2.076,2.749
2.419,1.205
2.269,0.399
2.259,2.061
-0.566,-0.984
-0.668,0.368
-0.666,0.272
-1.034,1.601
-1.577,0.61
3.083,-0.172
1.923,0.489
0.471,1.975
-0.384,1.988
-1.003,1.468
-1.805,0.458
-1.8,0.695
-1.765,0.814
-1.995,1.944
2.2,-0.407
0.483,0.757
-0.995,0.77
-1.797,-1.135
2.859,-1.182
2.078,-1.13
2.148,-1.268
-3.012,2.877
-0.101,0.022
-0.126,0.079
-0.096,-0.101
-0.1,-0.139
-0.117,1.15
-0.21,1.356
-0.24,0.553
-0.237,0.398
-0.285,2.51
-0.371,2.209
-0.32,0.986
-0.384,0.252
-0.419,0.348
-0.489,1.399
-0.487,0.751
-0.511,2.006
-0.552,1.363
-0.619,0.076
-0.717,-0.343
-0.689,0.556
-0.758,2.766
-0.782,-0.318
-0.762,2.719
-0.769,2.653
-0.844,2.426
-0.804,0.319
-0.894,-0.414
-0.846,2.516
-0.994,2.139
-0.92,1.658
-1.002,1.787
-1.087,1.709
-1.089,0.036
-1.089,2.537
-1.216,1.936
-1.169,1.482
-1.201,0.272
-1.279,1.507
-1.391,0.129
-1.405,1.034
-1.45,0.443
-1.397,-0.305
-1.527,0.762
-1.523,0.707
-1.585,0.869
-1.657,0.592
-1.651,1.408
-1.711,0.268
-1.842,0.571
-1.899,-0.387
-1.85,0.796
-1.954,-1.224
-1.968,-0.092
-2.047,0.218
-2.043,-0.26
-2.08,-0.291
-2.121,0.225
-2.33,-0.336
-2.345,1.684
-2.425,-0.03
-2.483,1.062
-2.51,-0.546
-2.516,-0.725
-3.141,-1.455
3.106,-1.619
1.923,-1.69
1.78,-1.515
1.788,-1.696
1.66,-1.228
1.513,-1.581
1.287,-1.655
0.94,-1.622
0.272,-1.365
0.116,-1.454
-0.116,-1.655
-1.005,-1.488
-2.886,3.045
2.904,3.075
2.569,2.823
2.057,3.026
1.976,2.864
1.481,2.845
0.223,3.085
-0.207,2.718
-1.763,2.885
-1.998,2.904
-2.017,3.043
2.725,-0.369
1.746,2.699
-0.835,1.8
-2.335,2.705
0.591,3.013
-0.753,2.893
-2.574,1.531
-2.738,-0.517
-2.787,-0.927
-2.87,2.527
-3.064,2.503
3.133,2.195
-3.123,0.236
-3.023,2.368
-3.14,-1.038
-3.06,0.094
2.929,1.618
2.833,-0.106
2.691,1.079
2.798,-0.42
2.723,0.245
2.605,-0.185
2.643,1.145
2.479,-0.073
2.327,0.479
2.322,-0.216
2.11,1.342
2.004,-0.629
2.004,1.461
2.092,1.201
1.967,-0.271
1.954,1.353
1.914,-1.193
2.048,-0.387
1.862,2.037
2.005,-1.035
1.844,1.487
1.918,-0.145
1.817,-0.866
1.646,1.725
1.724,2.136
1.705,1.087
1.58,2.532
1.456,-0.042
1.563,1.5
1.534,1.892
1.32,1.924
1.329,2.447
1.318,0.998
1.372,2.156
1.369,-0.101
1.332,-0.046
1.173,2.158
1.283,0.473
1.065,1.886
1.022,-0.196
0.982,0.492
0.774,-1.212
0.723,0.33
0.74,0.231
0.624,1.504
0.496,-0.837
0.46,1.615
0.354,-0.199
0.224,1.479
0.197,-0.164
0.021,1.425
-0.067,1.492
-0.046,1.093
-0.166,2.641
-0.174,2.299
-0.094,-0.396
-0.208,-1.228
-0.361,2.652
-0.372,0.137
-0.452,2.59
-0.429,0.033
-0.435,1.651
-0.595,-0.904
-0.471,1.839
-0.535,2.275
-0.741,2.042
-0.831,0.562
-1.009,2.387
-0.992,0.985
-1.007,2.604
-1.079,1.218
-1.224,1.047
-1.4,2.223
-1.431,1.473
-1.439,-1.171
-1.469,2.736
-1.4,-0.036
-1.578,0.898
-1.593,0.754
-1.657,1.161
-1.649,-1.219
-1.785,0.062
-1.951,-0.941
-2.168,0.535
-2.201,0.285
-2.326,1.219
-2.228,0.872
-2.374,1.6
-2.266,1.634
-2.355,0.09
-2.422,1.031
2.723,-1.433
2.54,-1.617
1.847,-1.406
1.337,-1.588
1.001,-1.615
0.652,-1.491
-0.358,-1.567
-0.763,-1.528
-0.984,-1.518
-1.096,-1.691
-1.936,-1.673
-1.793,-1.321
3.127,3.029
2.793,2.815
2.488,2.988
2.449,2.743
2.063,2.872
1.909,2.904
1.883,3.069
1.968,3.056
1.745,3.034
1.575,2.957
1.532,3.063
1.18,3.053
0.725,2.936
-0.237,2.947
-0.141,2.789
-0.489,2.839
-2.048,2.924
2.447,1.38
2.297,0.574
2.287,2.236
-0.538,-0.809
-0.64,0.543
-0.638,0.447
-1.006,1.776
-1.549,0.785
3.111,0.003
1.951,0.664
0.499,2.15
-0.356,2.163
-0.975,1.643
-1.777,0.633
-1.772,0.87
-1.737,0.989
-1.967,2.119
2.228,-0.232
0.511,0.932
-0.967,0.945
-1.769,-0.96
2.887,-1.007
2.106,-0.955
2.176,-1.093
-2.984,3.052
-0.025,0.057
0.005,-0.123
0.001,-0.161
-0.016,1.128
-0.109,1.334
-0.139,0.531
-0.136,0.376
-0.184,2.488
-0.27,2.187
-0.219,0.964
-0.283,0.23
-0.318,0.326
-0.388,1.377
-0.386,0.729
-0.41,1.984
-0.451,1.341
-0.518,0.054
-0.616,-0.365
-0.588,0.534
-0.657,2.744
-0.681,-0.34
-0.661,2.697
-0.668,2.631
-0.743,2.404
-0.703,0.297
-0.793,-0.436
-0.745,2.494
-0.893,2.117
-0.819,1.636
-0.901,1.765
-0.986,1.687
-0.988,0.014
-0.988,2.515
-1.115,1.914
-1.068,1.46
-1.1,0.25
-1.178,1.485
-1.29,0.107
-1.304,1.012
-1.349,0.421
-1.296,-0.327
-1.426,0.74
-1.422,0.685
-1.484,0.847
-1.556,0.57
-1.55,1.386
-1.61,0.246
-1.741,0.549
-1.798,-0.409
-1.749,0.774
-1.853,-1.246
-1.867,-0.114
-1.946,0.196
-1.942,-0.282
-1.979,-0.313
-2.02,0.203
-2.229,-0.358
-2.244,1.662
-2.324,-0.052
-2.382,1.04
-2.409,-0.568
-2.415,-0.747
-3.04,-1.477
-3.076,-1.641
2.024,-1.712
1.881,-1.537
1.889,-1.718
1.761,-1.25
1.614,-1.603
1.388,-1.677
1.041,-1.644
0.373,-1.387
0.217,-1.476
-0.015,-1.677
-0.904,-1.51
-2.785,3.023
3.005,3.053
2.67,2.801
2.158,3.004
2.077,2.842
1.582,2.823
0.324,3.063
-0.106,2.696
-1.662,2.863
-1.897,2.882
-1.916,3.021
2.826,-0.391
1.847,2.677
-0.734,1.778
-2.234,2.683
0.692,2.991
-0.652,2.871
-2.473,1.509
-2.637,-0.539
-2.686,-0.949
-2.769,2.505
-2.963,2.481
-3.049,2.173
-3.022,0.214
-2.922,2.346
-3.039,-1.06
-2.959,0.072
3.03,1.596
2.934,-0.128
2.792,1.057
2.899,-0.442
2.824,0.223
2.706,-0.207
2.744,1.123
2.58,-0.095
2.428,0.457
2.423,-0.238
2.211,1.32
2.105,-0.651
2.105,1.439
2.193,1.179
2.068,-0.293
2.055,1.331
2.015,-1.215
2.149,-0.409
1.963,2.015
2.106,-1.057
1.945,1.465
2.019,-0.167
1.918,-0.888
1.747,1.703
1.825,2.114
1.806,1.065
1.681,2.51
1.557,-0.064
1.664,1.478
1.635,1.87
1.421,1.902
1.43,2.425
1.419,0.976
1.473,2.134
1.47,-0.123
1.433,-0.068
1.274,2.136
1.384,0.451
1.166,1.864
1.123,-0.218
1.083,0.47
0.875,-1.234
0.824,0.308
0.841,0.209
0.725,1.482
0.597,-0.859
0.561,1.593
0.455,-0.221
0.325,1.457
0.298,-0.186
0.122,1.403
0.034,1.47
0.055,1.071
-0.065,2.619
-0.073,2.277
0.007,-0.418
-0.107,-1.25
-0.26,2.63
-0.271,0.115
-0.351,2.568
-0.328,0.011
-0.334,1.629
-0.494,-0.926
-0.37,1.817
-0.434,2.253
-0.64,2.02
-0.73,0.54
-0.908,2.365
-0.891,0.963
-0.906,2.582
-0.978,1.196
-1.123,1.025
-1.299,2.201
-1.33,1.451
-1.338,-1.193
-1.368,2.714
-1.299,-0.058
-1.477,0.876
-1.492,0.732
-1.556,1.139
-1.548,-1.241
-1.684,0.04
-1.85,-0.963
-2.067,0.513
-2.1,0.263
-2.225,1.197
-2.127,0.85
-2.273,1.578
-2.165,1.612
-2.254,0.068
-2.321,1.009
2.824,-1.455
2.641,-1.639
1.948,-1.428
1.438,-1.61
1.102,-1.637
0.753,-1.513
-0.257,-1.589
-0.662,-1.55
-0.883,-1.54
-0.995,-1.713
-1.835,-1.695
-1.692,-1.343
-3.055,3.007
2.894,2.793
2.589,2.966
2.55,2.721
2.164,2.85
2.01,2.882
1.984,3.047
2.069,3.034
1.846,3.012
1.676,2.935
1.633,3.041
1.281,3.031
0.826,2.914
-0.136,2.925
-0.04,2.767
-0.388,2.817
-1.947,2.902
2.548,1.358
2.398,0.552
2.388,2.214
-0.437,-0.831
-0.539,0.521
-0.537,0.425
-0.905,1.754
-1.448,0.763
-3.071,-0.019
2.052,0.642
0.6,2.128
-0.255,2.141
-0.874,1.621
-1.676,0.611
-1.671,0.848
-1.636,0.967
-1.866,2.097
2.329,-0.254
0.612,0.91
-0.866,0.923
-1.668,-0.982
2.988,-1.029
2.207,-0.977
2.277,-1.115
-2.883,3.03
0.03,-0.18
0.026,-0.218
0.009,1.071
-0.084,1.277
-0.114,0.474
-0.111,0.319
-0.159,2.431
-0.245,2.13
-0.194,0.907
-0.258,0.173
-0.293,0.269
-0.363,1.32
-0.361,0.672
-0.385,1.927
-0.426,1.284
-0.493,-0.003
-0.591,-0.422
-0.563,0.477
-0.632,2.687
-0.656,-0.397
-0.636,2.64
-0.643,2.574
-0.718,2.347
-0.678,0.24
-0.768,-0.493
-0.72,2.437
-0.868,2.06
-0.794,1.579
-0.876,1.708
-0.961,1.63
-0.963,-0.043
-0.963,2.458
-1.09,1.857
-1.043,1.403
-1.075,0.193
-1.153,1.428
-1.265,0.05
-1.279,0.955
-1.324,0.364
-1.271,-0.384
-1.401,0.683
-1.397,0.628
-1.459,0.79
-1.531,0.513
-1.525,1.329
-1.585,0.189
-1.716,0.492
-1.773,-0.466
-1.724,0.717
-1.828,-1.303
-1.842,-0.171
-1.921,0.139
-1.917,-0.339
-1.954,-0.37
-1.995,0.146
-2.204,-0.415
-2.219,1.605
-2.299,-0.109
-2.357,0.983
-2.384,-0.625
-2.39,-0.804
-3.015,-1.534
-3.051,-1.698
2.049,-1.769
1.906,-1.594
1.914,-1.775
1.786,-1.307
1.639,-1.66
1.413,-1.734
1.066,-1.701
0.398,-1.444
0.242,-1.533
0.01,-1.734
-0.879,-1.567
-2.76,2.966
3.03,2.996
2.695,2.744
2.183,2.947
2.102,2.785
1.607,2.766
0.349,3.006
-0.081,2.639
-1.637,2.806
-1.872,2.825
-1.891,2.964
2.851,-0.448
1.872,2.62
-0.709,1.721
-2.209,2.626
0.717,2.934
-0.627,2.814
-2.448,1.452
-2.612,-0.596
-2.661,-1.006
-2.744,2.448
-2.938,2.424
-3.024,2.116
-2.997,0.157
-2.897,2.289
-3.014,-1.117
-2.934,0.015
3.055,1.539
2.959,-0.185
2.817,1.0
2.924,-0.499
2.849,0.166
2.731,-0.264
2.769,1.066
2.605,-0.152
2.453,0.4
2.448,-0.295
2.236,1.263
2.13,-0.708
2.13,1.382
2.218,1.122
2.093,-0.35
2.08,1.274
2.04,-1.272
2.174,-0.466
1.988,1.958
2.131,-1.114
1.97,1.408
2.044,-0.224
1.943,-0.945
1.772,1.646
1.85,2.057
1.831,1.008
1.706,2.453
1.582,-0.121
1.689,1.421
1.66,1.813
1.446,1.845
1.455,2.368
1.444,0.919
1.498,2.077
1.495,-0.18
1.458,-0.125
1.299,2.079
1.409,0.394
1.191,1.807
1.148,-0.275
1.108,0.413
0.9,-1.291
0.849,0.251
0.866,0.152
0.75,1.425
0.622,-0.916
0.586,1.536
0.48,-0.278
0.35,1.4
0.323,-0.243
0.147,1.346
0.059,1.413
0.08,1.014
-0.04,2.562
-0.048,2.22
0.032,-0.475
-0.082,-1.307
-0.235,2.573
-0.246,0.058
-0.326,2.511
-0.303,-0.046
-0.309,1.572
-0.469,-0.983
-0.345,1.76
-0.409,2.196
-0.615,1.963
-0.705,0.483
-0.883,2.308
-0.866,0.906
-0.881,2.525
-0.953,1.139
-1.098,0.968
-1.274,2.144
-1.305,1.394
-1.313,-1.25
-1.343,2.657
-1.274,-0.115
-1.452,0.819
-1.467,0.675
-1.531,1.082
-1.523,-1.298
-1.659,-0.017
-1.825,-1.02
-2.042,0.456
-2.075,0.206
-2.2,1.14
-2.102,0.793
-2.248,1.521
-2.14,1.555
-2.229,0.011
-2.296,0.952
2.849,-1.512
2.666,-1.696
1.973,-1.485
1.463,-1.667
1.127,-1.694
0.778,-1.57
-0.232,-1.646
-0.637,-1.607
-0.858,-1.597
-0.97,-1.77
-1.81,-1.752
-1.667,-1.4
-3.03,2.95
2.919,2.736
2.614,2.909
2.575,2.664
2.189,2.793
2.035,2.825
2.009,2.99
2.094,2.977
1.871,2.955
1.701,2.878
1.658,2.984
1.306,2.974
0.851,2.857
-0.111,2.868
-0.015,2.71
-0.363,2.76
-1.922,2.845
2.573,1.301
2.423,0.495
2.413,2.157
-0.412,-0.888
-0.514,0.464
-0.512,0.368
-0.88,1.697
-1.423,0.706
-3.046,-0.076
2.077,0.585
0.625,2.071
-0.23,2.084
-0.849,1.564
-1.651,0.554
-1.646,0.791
-1.611,0.91
-1.841,2.04
2.354,-0.311
0.637,0.853
-0.841,0.866
-1.643,-1.039
3.013,-1.086
2.232,-1.034
2.302,-1.172
-2.858,2.973
-0.004,-0.038
-0.021,1.251
-0.114,1.457
-0.144,0.654
-0.141,0.499
-0.189,2.611
-0.275,2.31
-0.224,1.087
-0.288,0.353
-0.323,0.449
-0.393,1.5
-0.391,0.852
-0.415,2.107
-0.456,1.464
-0.523,0.177
-0.621,-0.242
-0.593,0.657
-0.662,2.867
-0.686,-0.217
-0.666,2.82
-0.673,2.754
-0.748,2.527
-0.708,0.42
-0.798,-0.313
-0.75,2.617
-0.898,2.24
-0.824,1.759
-0.906,1.888
-0.991,1.81
-0.993,0.137
-0.993,2.638
-1.12,2.037
-1.073,1.583
-1.105,0.373
-1.183,1.608
-1.295,0.23
-1.309,1.135
-1.354,0.544
-1.301,-0.204
-1.431,0.863
-1.427,0.808
-1.489,0.97
-1.561,0.693
-1.555,1.509
-1.615,0.369
-1.746,0.672
-1.803,-0.286
-1.754,0.897
-1.858,-1.123
-1.872,0.009
-1.951,0.319
-1.947,-0.159
-1.984,-0.19
-2.025,0.326
-2.234,-0.235
-2.249,1.785
-2.329,0.071
-2.387,1.163
-2.414,-0.445
-2.42,-0.624
-3.045,-1.354
-3.081,-1.518
2.019,-1.589
1.876,-1.414
1.884,-1.595
1.756,-1.127
1.609,-1.48
1.383,-1.554
1.036,-1.521
0.368,-1.264
0.212,-1.353
-0.02,-1.554
-0.909,-1.387
-2.79,3.146
3.0,3.176
2.665,2.924
2.153,3.127
2.072,2.965
1.577,2.946
0.319,3.186
-0.111,2.819
-1.667,2.986
-1.902,3.005
-1.921,3.144
2.821,-0.268
1.842,2.8
-0.739,1.901
-2.239,2.806
0.687,3.114
-0.657,2.994
-2.478,1.632
-2.642,-0.416
-2.691,-0.826
-2.774,2.628
-2.968,2.604
-3.054,2.296
-3.027,0.337
-2.927,2.469
-3.044,-0.937
-2.964,0.195
3.025,1.719
2.929,-0.005
2.787,1.18
2.894,-0.319
2.819,0.346
2.701,-0.084
2.739,1.246
2.575,0.028
2.423,0.58
2.418,-0.115
2.206,1.443
2.1,-0.528
2.1,1.562
2.188,1.302
2.063,-0.17
2.05,1.454
2.01,-1.092
2.144,-0.286
1.958,2.138
2.101,-0.934
1.94,1.588
2.014,-0.044
1.913,-0.765
1.742,1.826
1.82,2.237
1.801,1.188
1.676,2.633
1.552,0.059
1.659,1.601
1.63,1.993
1.416,2.025
1.425,2.548
1.414,1.099
1.468,2.257
1.465,0.0
1.428,0.055
1.269,2.259
1.379,0.574
1.161,1.987
1.118,-0.095
1.078,0.593
0.87,-1.111
0.819,0.431
0.836,0.332
0.72,1.605
0.592,-0.736
0.556,1.716
0.45,-0.098
0.32,1.58
0.293,-0.063
0.117,1.526
0.029,1.593
0.05,1.194
-0.07,2.742
-0.078,2.4
0.002,-0.295
-0.112,-1.127
-0.265,2.753
-0.276,0.238
-0.356,2.691
-0.333,0.134
-0.339,1.752
-0.499,-0.803
-0.375,1.94
-0.439,2.376
-0.645,2.143
-0.735,0.663
-0.913,2.488
-0.896,1.086
-0.911,2.705
-0.983,1.319
-1.128,1.148
-1.304,2.324
-1.335,1.574
-1.343,-1.07
-1.373,2.837
-1.304,0.065
-1.482,0.999
-1.497,0.855
-1.561,1.262
-1.553,-1.118
-1.689,0.163
-1.855,-0.84
-2.072,0.636
-2.105,0.386
-2.23,1.32
-2.132,0.973
-2.278,1.701
-2.17,1.735
-2.259,0.191
-2.326,1.132
2.819,-1.332
2.636,-1.516
1.943,-1.305
1.433,-1.487
1.097,-1.514
0.748,-1.39
-0.262,-1.466
-0.667,-1.427
-0.888,-1.417
-1.0,-1.59
-1.84,-1.572
-1.697,-1.22
-3.06,3.13
2.889,2.916
2.584,3.089
2.545,2.844
2.159,2.973
2.005,3.005
1.979,3.17
2.064,3.157
1.841,3.135
1.671,3.058
1.628,3.164
1.276,3.154
0.821,3.037
-0.141,3.048
-0.045,2.89
-0.393,2.94
-1.952,3.025
2.543,1.481
2.393,0.675
2.383,2.337
-0.442,-0.708
-0.544,0.644
-0.542,0.548
-0.91,1.877
-1.453,0.886
-3.076,0.104
2.047,0.765
0.595,2.251
-0.26,2.264
-0.879,1.744
-1.681,0.734
-1.676,0.971
-1.641,1.09
-1.871,2.22
2.324,-0.131
0.607,1.033
-0.871,1.046
-1.673,-0.859
2.983,-0.906
2.202,-0.854
2.272,-0.992
-2.888,3.153
-0.017,1.289
-0.11,1.495
-0.14,0.692
-0.137,0.537
-0.185,2.649
-0.271,2.348
-0.22,1.125
-0.284,0.391
-0.319,0.487
-0.389,1.538
-0.387,0.89
-0.411,2.145
-0.452,1.502
-0.519,0.215
-0.617,-0.204
-0.589,0.695
-0.658,2.905
-0.682,-0.179
-0.662,2.858
-0.669,2.792
-0.744,2.565
-0.704,0.458
-0.794,-0.275
-0.746,2.655
-0.894,2.278
-0.82,1.797
-0.902,1.926
-0.987,1.848
-0.989,0.175
-0.989,2.676
-1.116,2.075
-1.069,1.621
-1.101,0.411
-1.179,1.646
-1.291,0.268
-1.305,1.173
-1.35,0.582
-1.297,-0.166
-1.427,0.901
-1.423,0.846
-1.485,1.008
-1.557,0.731
-1.551,1.547
-1.611,0.407
-1.742,0.71
-1.799,-0.248
-1.75,0.935
-1.854,-1.085
-1.868,0.047
-1.947,0.357
-1.943,-0.121
-1.98,-0.152
-2.021,0.364
-2.23,-0.197
-2.245,1.823
-2.325,0.109
-2.383,1.201
-2.41,-0.407
-2.416,-0.586
-3.041,-1.316
-3.077,-1.48
2.023,-1.551
1.88,-1.376
1.888,-1.557
1.76,-1.089
1.613,-1.442
1.387,-1.516
1.04,-1.483
0.372,-1.226
0.216,-1.315
-0.016,-1.516
-0.905,-1.349
-2.786,3.184
3.004,3.214
2.669,2.962
2.157,3.165
2.076,3.003
1.581,2.984
0.323,3.224
-0.107,2.857
-1.663,3.024
-1.898,3.043
-1.917,3.182
2.825,-0.23
1.846,2.838
-0.735,1.939
-2.235,2.844
0.691,3.152
-0.653,3.032
-2.474,1.67
-2.638,-0.378
-2.687,-0.788
-2.77,2.666
-2.964,2.642
-3.05,2.334
-3.023,0.375
-2.923,2.507
-3.04,-0.899
-2.96,0.233
3.029,1.757
2.933,0.033
2.791,1.218
2.898,-0.281
2.823,0.384
2.705,-0.046
2.743,1.284
2.579,0.066
2.427,0.618
2.422,-0.077
2.21,1.481
2.104,-0.49
2.104,1.6
2.192,1.34
2.067,-0.132
2.054,1.492
2.014,-1.054
2.148,-0.248
1.962,2.176
2.105,-0.896
1.944,1.626
2.018,-0.006
1.917,-0.727
1.746,1.864
1.824,2.275
1.805,1.226
1.68,2.671
1.556,0.097
1.663,1.639
1.634,2.031
1.42,2.063
1.429,2.586
1.418,1.137
1.472,2.295
1.469,0.038
1.432,0.093
1.273,2.297
1.383,0.612
1.165,2.025
1.122,-0.057
1.082,0.631
0.874,-1.073
0.823,0.469
0.84,0.37
0.724,1.643
0.596,-0.698
0.56,1.754
0.454,-0.06
0.324,1.618
0.297,-0.025
0.121,1.564
0.033,1.631
0.054,1.232
-0.066,2.78
-0.074,2.438
0.006,-0.257
-0.108,-1.089
-0.261,2.791
-0.272,0.276
-0.352,2.729
-0.329,0.172
-0.335,1.79
-0.495,-0.765
-0.371,1.978
-0.435,2.414
-0.641,2.181
-0.731,0.701
-0.909,2.526
-0.892,1.124
-0.907,2.743
-0.979,1.357
-1.124,1.186
-1.3,2.362
-1.331,1.612
-1.339,-1.032
-1.369,2.875
-1.3,0.103
-1.478,1.037
-1.493,0.893
-1.557,1.3
-1.549,-1.08
-1.685,0.201
-1.851,-0.802
-2.068,0.674
-2.101,0.424
-2.226,1.358
-2.128,1.011
-2.274,1.739
-2.166,1.773
-2.255,0.229
-2.322,1.17
2.823,-1.294
2.64,-1.478
1.947,-1.267
1.437,-1.449
1.101,-1.476
0.752,-1.352
-0.258,-1.428
-0.663,-1.389
-0.884,-1.379
-0.996,-1.552
-1.836,-1.534
-1.693,-1.182
-3.056,3.168
2.893,2.954
2.588,3.127
2.549,2.882
2.163,3.011
2.009,3.043
1.983,3.208
2.068,3.195
1.845,3.173
1.675,3.096
1.632,3.202
1.28,3.192
0.825,3.075
-0.137,3.086
-0.041,2.928
-0.389,2.978
-1.948,3.063
2.547,1.519
2.397,0.713
2.387,2.375
-0.438,-0.67
-0.54,0.682
-0.538,0.586
-0.906,1.915
-1.449,0.924
-3.072,0.142
2.051,0.803
0.599,2.289
-0.256,2.302
-0.875,1.782
-1.677,0.772
-1.672,1.009
-1.637,1.128
-1.867,2.258
2.328,-0.093
0.611,1.071
-0.867,1.084
-1.669,-0.821
2.987,-0.868
2.206,-0.816
2.276,-0.954
-2.884,3.191
-0.093,0.206
-0.123,-0.597
-0.12,-0.752
-0.168,1.36
-0.254,1.059
-0.203,-0.164
-0.267,-0.898
-0.302,-0.802
-0.372,0.249
-0.37,-0.399
-0.394,0.856
-0.435,0.213
-0.502,-1.074
-0.6,-1.493
-0.572,-0.594
-0.641,1.616
-0.665,-1.468
-0.645,1.569
-0.652,1.503
-0.727,1.276
-0.687,-0.831
-0.777,-1.564
-0.729,1.366
-0.877,0.989
-0.803,0.508
-0.885,0.637
-0.97,0.559
-0.972,-1.114
-0.972,1.387
-1.099,0.786
-1.052,0.332
-1.084,-0.878
-1.162,0.357
-1.274,-1.021
-1.288,-0.116
-1.333,-0.707
-1.28,-1.455
-1.41,-0.388
-1.406,-0.443
-1.468,-0.281
-1.54,-0.558
-1.534,0.258
-1.594,-0.882
-1.725,-0.579
-1.782,-1.537
-1.733,-0.354
-1.837,-2.374
-1.851,-1.242
-1.93,-0.932
-1.926,-1.41
-1.963,-1.441
-2.004,-0.925
-2.213,-1.486
-2.228,0.534
-2.308,-1.18
-2.366,-0.088
-2.393,-1.696
-2.399,-1.875
-3.024,-2.605
-3.06,-2.769
2.04,-2.84
1.897,-2.665
1.905,-2.846
1.777,-2.378
1.63,-2.731
1.404,-2.805
1.057,-2.772
0.389,-2.515
0.233,-2.604
0.001,-2.805
-0.888,-2.638
-2.769,1.895
3.021,1.925
2.686,1.673
2.174,1.876
2.093,1.714
1.598,1.695
0.34,1.935
-0.09,1.568
-1.646,1.735
-1.881,1.754
-1.9,1.893
2.842,-1.519
1.863,1.549
-0.718,0.65
-2.218,1.555
0.708,1.863
-0.636,1.743
-2.457,0.381
-2.621,-1.667
-2.67,-2.077
-2.753,1.377
-2.947,1.353
-3.033,1.045
-3.006,-0.914
-2.906,1.218
-3.023,-2.188
-2.943,-1.056
3.046,0.468
2.95,-1.256
2.808,-0.071
2.915,-1.57
2.84,-0.905
2.722,-1.335
2.76,-0.005
2.596,-1.223
2.444,-0.671
2.439,-1.366
2.227,0.192
2.121,-1.779
2.121,0.311
2.209,0.051
2.084,-1.421
2.071,0.203
2.031,-2.343
2.165,-1.537
1.979,0.887
2.122,-2.185
1.961,0.337
2.035,-1.295
1.934,-2.016
1.763,0.575
1.841,0.986
1.822,-0.063
1.697,1.382
1.573,-1.192
1.68,0.35
1.651,0.742
1.437,0.774
1.446,1.297
1.435,-0.152
1.489,1.006
1.486,-1.251
1.449,-1.196
1.29,1.008
1.4,-0.677
1.182,0.736
1.139,-1.346
1.099,-0.658
0.891,-2.362
0.84,-0.82
0.857,-0.919
0.741,0.354
0.613,-1.987
0.577,0.465
0.471,-1.349
0.341,0.329
0.314,-1.314
0.138,0.275
0.05,0.342
0.071,-0.057
-0.049,1.491
-0.057,1.149
0.023,-1.546
-0.091,-2.378
-0.244,1.502
-0.255,-1.013
-0.335,1.44
-0.312,-1.117
-0.318,0.501
-0.478,-2.054
-0.354,0.689
-0.418,1.125
-0.624,0.892
-0.714,-0.588
-0.892,1.237
-0.875,-0.165
-0.89,1.454
-0.962,0.068
-1.107,-0.103
-1.283,1.073
-1.314,0.323
-1.322,-2.321
-1.352,1.586
-1.283,-1.186
-1.461,-0.252
-1.476,-0.396
-1.54,0.011
-1.532,-2.369
-1.668,-1.088
-1.834,-2.091
-2.051,-0.615
-2.084,-0.865
-2.209,0.069
-2.111,-0.278
-2.257,0.45
-2.149,0.484
-2.238,-1.06
-2.305,-0.119
2.84,-2.583
2.657,-2.767
1.964,-2.556
1.454,-2.738
1.118,-2.765
0.769,-2.641
-0.241,-2.717
-0.646,-2.678
-0.867,-2.668
-0.979,-2.841
-1.819,-2.823
-1.676,-2.471
-3.039,1.879
2.91,1.665
2.605,1.838
2.566,1.593
2.18,1.722
2.026,1.754
2.0,1.919
2.085,1.906
1.862,1.884
1.692,1.807
1.649,1.913
1.297,1.903
0.842,1.786
-0.12,1.797
-0.024,1.639
-0.372,1.689
-1.931,1.774
2.564,0.23
2.414,-0.576
2.404,1.086
-0.421,-1.959
-0.523,-0.607
-0.521,-0.703
-0.889,0.626
-1.432,-0.365
-3.055,-1.147
2.068,-0.486
0.616,1.0
-0.239,1.013
-0.858,0.493
-1.66,-0.517
-1.655,-0.28
-1.62,-0.161
-1.85,0.969
2.345,-1.382
0.628,-0.218
-0.85,-0.205
-1.652,-2.11
3.004,-2.157
2.223,-2.105
2.293,-2.243
-2.867,1.902
-0.03,-0.803
-0.027,-0.958
-0.075,1.154
-0.161,0.853
-0.11,-0.37
-0.174,-1.104
-0.209,-1.008
-0.279,0.043
-0.277,-0.605
-0.301,0.65
-0.342,0.007
-0.409,-1.28
-0.507,-1.699
-0.479,-0.8
-0.548,1.41
-0.572,-1.674
-0.552,1.363
-0.559,1.297
-0.634,1.07
-0.594,-1.037
-0.684,-1.77
-0.636,1.16
-0.784,0.783
-0.71,0.302
-0.792,0.431
-0.877,0.353
-0.879,-1.32
-0.879,1.181
-1.006,0.58
-0.959,0.126
-0.991,-1.084
-1.069,0.151
-1.181,-1.227
-1.195,-0.322
-1.24,-0.913
-1.187,-1.661
-1.317,-0.594
-1.313,-0.649
-1.375,-0.487
-1.447,-0.764
-1.441,0.052
-1.501,-1.088
-1.632,-0.785
-1.689,-1.743
-1.64,-0.56
-1.744,-2.58
-1.758,-1.448
-1.837,-1.138
-1.833,-1.616
-1.87,-1.647
-1.911,-1.131
-2.12,-1.692
-2.135,0.328
-2.215,-1.386
-2.273,-0.294
-2.3,-1.902
-2.306,-2.081
-2.931,-2.811
-2.967,-2.975
2.133,-3.046
1.99,-2.871
1.998,-3.052
1.87,-2.584
1.723,-2.937
1.497,-3.011
1.15,-2.978
0.482,-2.721
0.326,-2.81
0.094,-3.011
-0.795,-2.844
-2.676,1.689
3.114,1.719
2.779,1.467
2.267,1.67
2.186,1.508
1.691,1.489
0.433,1.729
0.003,1.362
-1.553,1.529
-1.788,1.548
-1.807,1.687
2.935,-1.725
1.956,1.343
-0.625,0.444
-2.125,1.349
0.801,1.657
-0.543,1.537
-2.364,0.175
-2.528,-1.873
-2.577,-2.283
-2.66,1.171
-2.854,1.147
-2.94,0.839
-2.913,-1.12
-2.813,1.012
-2.93,-2.394
-2.85,-1.262
3.139,0.262
3.043,-1.462
2.901,-0.277
3.008,-1.776
2.933,-1.111
2.815,-1.541
2.853,-0.211
2.689,-1.429
2.537,-0.877
2.532,-1.572
2.32,-0.014
2.214,-1.985
2.214,0.105
2.302,-0.155
2.177,-1.627
2.164,-0.003
2.124,-2.549
2.258,-1.743
2.072,0.681
2.215,-2.391
2.054,0.131
2.128,-1.501
2.027,-2.222
1.856,0.369
1.934,0.78
1.915,-0.269
1.79,1.176
1.666,-1.398
1.773,0.144
1.744,0.536
1.53,0.568
1.539,1.091
1.528,-0.358
1.582,0.8
1.579,-1.457
1.542,-1.402
1.383,0.802
1.493,-0.883
1.275,0.53
1.232,-1.552
1.192,-0.864
0.984,-2.568
0.933,-1.026
0.95,-1.125
0.834,0.148
0.706,-2.193
0.67,0.259
0.564,-1.555
0.434,0.123
0.407,-1.52
0.231,0.069
0.143,0.136
0.164,-0.263
0.044,1.285
0.036,0.943
0.116,-1.752
0.002,-2.584
-0.151,1.296
-0.162,-1.219
-0.242,1.234
-0.219,-1.323
-0.225,0.295
-0.385,-2.26
-0.261,0.483
-0.325,0.919
-0.531,0.686
-0.621,-0.794
-0.799,1.031
-0.782,-0.371
-0.797,1.248
-0.869,-0.138
-1.014,-0.309
-1.19,0.867
-1.221,0.117
-1.229,-2.527
-1.259,1.38
-1.19,-1.392
-1.368,-0.458
-1.383,-0.602
-1.447,-0.195
-1.439,-2.575
-1.575,-1.294
-1.741,-2.297
-1.958,-0.821
-1.991,-1.071
-2.116,-0.137
-2.018,-0.484
-2.164,0.244
-2.056,0.278
-2.145,-1.266
-2.212,-0.325
2.933,-2.789
2.75,-2.973
2.057,-2.762
1.547,-2.944
1.211,-2.971
0.862,-2.847
-0.148,-2.923
-0.553,-2.884
-0.774,-2.874
-0.886,-3.047
-1.726,-3.029
-1.583,-2.677
-2.946,1.673
3.003,1.459
2.698,1.632
2.659,1.387
2.273,1.516
2.119,1.548
2.093,1.713
2.178,1.7
1.955,1.678
1.785,1.601
1.742,1.707
1.39,1.697
0.935,1.58
-0.027,1.591
0.069,1.433
-0.279,1.483
-1.838,1.568
2.657,0.024
2.507,-0.782
2.497,0.88
-0.328,-2.165
-0.43,-0.813
-0.428,-0.909
-0.796,0.42
-1.339,-0.571
-2.962,-1.353
2.161,-0.692
0.709,0.794
-0.146,0.807
-0.765,0.287
-1.567,-0.723
-1.562,-0.486
-1.527,-0.367
-1.757,0.763
2.438,-1.588
0.721,-0.424
-0.757,-0.411
-1.559,-2.316
3.097,-2.363
2.316,-2.311
2.386,-2.449
-2.774,1.696
0.003,-0.155
-0.045,1.957
-0.131,1.656
-0.08,0.433
-0.144,-0.301
-0.179,-0.205
-0.249,0.846
-0.247,0.198
-0.271,1.453
-0.312,0.81
-0.379,-0.477
-0.477,-0.896
-0.449,0.003
-0.518,2.213
-0.542,-0.871
-0.522,2.166
-0.529,2.1
-0.604,1.873
-0.564,-0.234
-0.654,-0.967
-0.606,1.963
-0.754,1.586
-0.68,1.105
-0.762,1.234
-0.847,1.156
-0.849,-0.517
-0.849,1.984
-0.976,1.383
-0.929,0.929
-0.961,-0.281
-1.039,0.954
-1.151,-0.424
-1.165,0.481
-1.21,-0.11
-1.157,-0.858
-1.287,0.209
-1.283,0.154
-1.345,0.316
-1.417,0.039
-1.411,0.855
-1.471,-0.285
-1.602,0.018
-1.659,-0.94
-1.61,0.243
-1.714,-1.777
-1.728,-0.645
-1.807,-0.335
-1.803,-0.813
-1.84,-0.844
-1.881,-0.328
-2.09,-0.889
-2.105,1.131
-2.185,-0.583
-2.243,0.509
-2.27,-1.099
-2.276,-1.278
-2.901,-2.008
-2.937,-2.172
2.163,-2.243
2.02,-2.068
2.028,-2.249
1.9,-1.781
1.753,-2.134
1.527,-2.208
1.18,-2.175
0.512,-1.918
0.356,-2.007
0.124,-2.208
-0.765,-2.041
-2.646,2.492
-3.139,2.522
2.809,2.27
2.297,2.473
2.216,2.311
1.721,2.292
0.463,2.532
0.033,2.165
-1.523,2.332
-1.758,2.351
-1.777,2.49
2.965,-0.922
1.986,2.146
-0.595,1.247
-2.095,2.152
0.831,2.46
-0.513,2.34
-2.334,0.978
-2.498,-1.07
-2.547,-1.48
-2.63,1.974
-2.824,1.95
-2.91,1.642
-2.883,-0.317
-2.783,1.815
-2.9,-1.591
-2.82,-0.459
-3.114,1.065
3.073,-0.659
2.931,0.526
3.038,-0.973
2.963,-0.308
2.845,-0.738
2.883,0.592
2.719,-0.626
2.567,-0.074
2.562,-0.769
2.35,0.789
2.244,-1.182
2.244,0.908
2.332,0.648
2.207,-0.824
2.194,0.8
2.154,-1.746
2.288,-0.94
2.102,1.484
2.245,-1.588
2.084,0.934
2.158,-0.698
2.057,-1.419
1.886,1.172
1.964,1.583
1.945,0.534
1.82,1.979
1.696,-0.595
1.803,0.947
1.774,1.339
1.56,1.371
1.569,1.894
1.558,0.445
1.612,1.603
1.609,-0.654
1.572,-0.599
1.413,1.605
1.523,-0.08
1.305,1.333
1.262,-0.749
1.222,-0.061
1.014,-1.765
0.963,-0.223
0.98,-0.322
0.864,0.951
0.736,-1.39
0.7,1.062
0.594,-0.752
0.464,0.926
0.437,-0.717
0.261,0.872
0.173,0.939
0.194,0.54
0.074,2.088
0.066,1.746
0.146,-0.949
0.032,-1.781
-0.121,2.099
-0.132,-0.416
-0.212,2.037
-0.189,-0.52
-0.195,1.098
-0.355,-1.457
-0.231,1.286
-0.295,1.722
-0.501,1.489
-0.591,0.009
-0.769,1.834
-0.752,0.432
-0.767,2.051
-0.839,0.665
-0.984,0.494
-1.16,1.67
-1.191,0.92
-1.199,-1.724
-1.229,2.183
-1.16,-0.589
-1.338,0.345
-1.353,0.201
-1.417,0.608
-1.409,-1.772
-1.545,-0.491
-1.711,-1.494
-1.928,-0.018
-1.961,-0.268
-2.086,0.666
-1.988,0.319
-2.134,1.047
-2.026,1.081
-2.115,-0.463
-2.182,0.478
2.963,-1.986
2.78,-2.17
2.087,-1.959
1.577,-2.141
1.241,-2.168
0.892,-2.044
-0.118,-2.12
-0.523,-2.081
-0.744,-2.071
-0.856,-2.244
-1.696,-2.226
-1.553,-1.874
-2.916,2.476
3.033,2.262
2.728,2.435
2.689,2.19
2.303,2.319
2.149,2.351
2.123,2.516
2.208,2.503
1.985,2.481
1.815,2.404
1.772,2.51
1.42,2.5
0.965,2.383
0.003,2.394
0.099,2.236
-0.249,2.286
-1.808,2.371
2.687,0.827
2.537,0.021
2.527,1.683
-0.298,-1.362
-0.4,-0.01
-0.398,-0.106
-0.766,1.223
-1.309,0.232
-2.932,-0.55
2.191,0.111
0.739,1.597
-0.116,1.61
-0.735,1.09
-1.537,0.08
-1.532,0.317
-1.497,0.436
-1.727,1.566
2.468,-0.785
0.751,0.379
-0.727,0.392
-1.529,-1.513
3.127,-1.56
2.346,-1.508
2.416,-1.646
-2.744,2.499
-0.048,2.112
-0.134,1.811
-0.083,0.588
-0.147,-0.146
-0.182,-0.05
-0.252,1.001
-0.25,0.353
-0.274,1.608
-0.315,0.965
-0.382,-0.322
-0.48,-0.741
-0.452,0.158
-0.521,2.368
-0.545,-0.716
-0.525,2.321
-0.532,2.255
-0.607,2.028
-0.567,-0.079
-0.657,-0.812
-0.609,2.118
-0.757,1.741
-0.683,1.26
-0.765,1.389
-0.85,1.311
-0.852,-0.362
-0.852,2.139
-0.979,1.538
-0.932,1.084
-0.964,-0.126
-1.042,1.109
-1.154,-0.269
-1.168,0.636
-1.213,0.045
-1.16,-0.703
-1.29,0.364
-1.286,0.309
-1.348,0.471
-1.42,0.194
-1.414,1.01
-1.474,-0.13
-1.605,0.173
-1.662,-0.785
-1.613,0.398
-1.717,-1.622
-1.731,-0.49
-1.81,-0.18
-1.806,-0.658
-1.843,-0.689
-1.884,-0.173
-2.093,-0.734
-2.108,1.286
-2.188,-0.428
-2.246,0.664
-2.273,-0.944
-2.279,-1.123
-2.904,-1.853
-2.94,-2.017
2.16,-2.088
2.017,-1.913
2.025,-2.094
1.897,-1.626
1.75,-1.979
1.524,-2.053
1.177,-2.02
0.509,-1.763
0.353,-1.852
0.121,-2.053
-0.768,-1.886
-2.649,2.647
3.141,2.677
2.806,2.425
2.294,2.628
2.213,2.466
1.718,2.447
0.46,2.687
0.03,2.32
-1.526,2.487
-1.761,2.506
-1.78,2.645
2.962,-0.767
1.983,2.301
-0.598,1.402
-2.098,2.307
0.828,2.615
-0.516,2.495
-2.337,1.133
-2.501,-0.915
-2.55,-1.325
-2.633,2.129
-2.827,2.105
-2.913,1.797
-2.886,-0.162
-2.786,1.97
-2.903,-1.436
-2.823,-0.304
-3.117,1.22
3.07,-0.504
2.928,0.681
3.035,-0.818
2.96,-0.153
2.842,-0.583
2.88,0.747
2.716,-0.471
2.564,0.081
2.559,-0.614
2.347,0.944
2.241,-1.027
2.241,1.063
2.329,0.803
2.204,-0.669
2.191,0.955
2.151,-1.591
2.285,-0.785
2.099,1.639
2.242,-1.433
2.081,1.089
2.155,-0.543
2.054,-1.264
1.883,1.327
1.961,1.738
1.942,0.689
1.817,2.134
1.693,-0.44
1.8,1.102
1.771,1.494
1.557,1.526
1.566,2.049
1.555,0.6
1.609,1.758
1.606,-0.499
1.569,-0.444
1.41,1.76
1.52,0.075
1.302,1.488
1.259,-0.594
1.219,0.094
1.011,-1.61
0.96,-0.068
0.977,-0.167
0.861,1.106
0.733,-1.235
0.697,1.217
0.591,-0.597
0.461,1.081
0.434,-0.562
0.258,1.027
0.17,1.094
0.191,0.695
0.071,2.243
0.063,1.901
0.143,-0.794
0.029,-1.626
-0.124,2.254
-0.135,-0.261
-0.215,2.192
-0.192,-0.365
-0.198,1.253
-0.358,-1.302
-0.234,1.441
-0.298,1.877
-0.504,1.644
-0.594,0.164
-0.772,1.989
-0.755,0.587
-0.77,2.206
-0.842,0.82
-0.987,0.649
-1.163,1.825
-1.194,1.075
-1.202,-1.569
-1.232,2.338
-1.163,-0.434
-1.341,0.5
-1.356,0.356
-1.42,0.763
-1.412,-1.617
-1.548,-0.336
-1.714,-1.339
-1.931,0.137
-1.964,-0.113
-2.089,0.821
-1.991,0.474
-2.137,1.202
-2.029,1.236
-2.118,-0.308
-2.185,0.633
2.96,-1.831
2.777,-2.015
2.084,-1.804
1.574,-1.986
1.238,-2.013
0.889,-1.889
-0.121,-1.965
-0.526,-1.926
-0.747,-1.916
-0.859,-2.089
-1.699,-2.071
-1.556,-1.719
-2.919,2.631
3.03,2.417
2.725,2.59
2.686,2.345
2.3,2.474
2.146,2.506
2.12,2.671
2.205,2.658
1.982,2.636
1.812,2.559
1.769,2.665
1.417,2.655
0.962,2.538
0.0,2.549
0.096,2.391
-0.252,2.441
-1.811,2.526
2.684,0.982
2.534,0.176
2.524,1.838
-0.301,-1.207
-0.403,0.145
-0.401,0.049
-0.769,1.378
-1.312,0.387
-2.935,-0.395
2.188,0.266
0.736,1.752
-0.119,1.765
-0.738,1.245
-1.54,0.235
-1.535,0.472
-1.5,0.591
-1.73,1.721
2.465,-0.63
0.748,0.534
-0.73,0.547
-1.532,-1.358
3.124,-1.405
2.343,-1.353
2.413,-1.491
-2.747,2.654
-0.086,-0.301
-0.035,-1.524
-0.099,-2.258
-0.134,-2.162
-0.204,-1.111
-0.202,-1.759
-0.226,-0.504
-0.267,-1.147
-0.334,-2.434
-0.432,-2.853
-0.404,-1.954
-0.473,0.256
-0.497,-2.828
-0.477,0.209
-0.484,0.143
-0.559,-0.084
-0.519,-2.191
-0.609,-2.924
-0.561,0.006
-0.709,-0.371
-0.635,-0.852
-0.717,-0.723
-0.802,-0.801
-0.804,-2.474
-0.804,0.027
-0.931,-0.574
-0.884,-1.028
-0.916,-2.238
-0.994,-1.003
-1.106,-2.381
-1.12,-1.476
-1.165,-2.067
-1.112,-2.815
-1.242,-1.748
-1.238,-1.803
-1.3,-1.641
-1.372,-1.918
-1.366,-1.102
-1.426,-2.242
-1.557,-1.939
-1.614,-2.897
-1.565,-1.714
-1.669,-3.734
-1.683,-2.602
-1.762,-2.292
-1.758,-2.77
-1.795,-2.801
-1.836,-2.285
-2.045,-2.846
-2.06,-0.826
-2.14,-2.54
-2.198,-1.448
-2.225,-3.056
-2.231,-3.235
-2.856,-3.965
-2.892,-4.129
2.208,-4.2
2.065,-4.025
2.073,-4.206
1.945,-3.738
1.798,-4.091
1.572,-4.165
1.225,-4.132
0.557,-3.875
0.401,-3.964
0.169,-4.165
-0.72,-3.998
-2.601,0.535
-3.094,0.565
2.854,0.313
2.342,0.516
2.261,0.354
1.766,0.335
0.508,0.575
0.078,0.208
-1.478,0.375
-1.713,0.394
-1.732,0.533
3.01,-2.879
2.031,0.189
-0.55,-0.71
-2.05,0.195
0.876,0.503
-0.468,0.383
-2.289,-0.979
-2.453,-3.027
-2.502,-3.437
-2.585,0.017
-2.779,-0.007
-2.865,-0.315
-2.838,-2.274
-2.738,-0.142
-2.855,-3.548
-2.775,-2.416
-3.069,-0.892
3.118,-2.616
2.976,-1.431
3.083,-2.93
3.008,-2.265
2.89,-2.695
2.928,-1.365
2.764,-2.583
2.612,-2.031
2.607,-2.726
2.395,-1.168
2.289,-3.139
2.289,-1.049
2.377,-1.309
2.252,-2.781
2.239,-1.157
2.199,-3.703
2.333,-2.897
2.147,-0.473
2.29,-3.545
2.129,-1.023
2.203,-2.655
2.102,-3.376
1.931,-0.785
2.009,-0.374
1.99,-1.423
1.865,0.022
1.741,-2.552
1.848,-1.01
1.819,-0.618
1.605,-0.586
1.614,-0.063
1.603,-1.512
1.657,-0.354
1.654,-2.611
1.617,-2.556
1.458,-0.352
1.568,-2.037
1.35,-0.624
1.307,-2.706
1.267,-2.018
1.059,-3.722
1.008,-2.18
1.025,-2.279
0.909,-1.006
0.781,-3.347
0.745,-0.895
0.639,-2.709
0.509,-1.031
0.482,-2.674
0.306,-1.085
0.218,-1.018
0.239,-1.417
0.119,0.131
0.111,-0.211
0.191,-2.906
0.077,-3.738
-0.076,0.142
-0.087,-2.373
-0.167,0.08
-0.144,-2.477
-0.15,-0.859
-0.31,-3.414
-0.186,-0.671
-0.25,-0.235
-0.456,-0.468
-0.546,-1.948
-0.724,-0.123
-0.707,-1.525
-0.722,0.094
-0.794,-1.292
-0.939,-1.463
-1.115,-0.287
-1.146,-1.037
-1.154,-3.681
-1.184,0.226
-1.115,-2.546
-1.293,-1.612
-1.308,-1.756
-1.372,-1.349
-1.364,-3.729
-1.5,-2.448
-1.666,-3.451
-1.883,-1.975
-1.916,-2.225
-2.041,-1.291
-1.943,-1.638
-2.089,-0.91
-1.981,-0.876
-2.07,-2.42
-2.137,-1.479
3.008,-3.943
2.825,-4.127
2.132,-3.916
1.622,-4.098
1.286,-4.125
0.937,-4.001
-0.073,-4.077
-0.478,-4.038
-0.699,-4.028
-0.811,-4.201
-1.651,-4.183
-1.508,-3.831
-2.871,0.519
3.078,0.305
2.773,0.478
2.734,0.233
2.348,0.362
2.194,0.394
2.168,0.559
2.253,0.546
2.03,0.524
1.86,0.447
1.817,0.553
1.465,0.543
1.01,0.426
0.048,0.437
0.144,0.279
-0.204,0.329
-1.763,0.414
2.732,-1.13
2.582,-1.936
2.572,-0.274
-0.253,-3.319
-0.355,-1.967
-0.353,-2.063
-0.721,-0.734
-1.264,-1.725
-2.887,-2.507
2.236,-1.846
0.784,-0.36
-0.071,-0.347
-0.69,-0.867
-1.492,-1.877
-1.487,-1.64
-1.452,-1.521
-1.682,-0.391
2.513,-2.742
0.796,-1.578
-0.682,-1.565
-1.484,-3.47
-3.111,-3.517
2.391,-3.465
2.461,-3.603
-2.699,0.542
0.051,-1.223
-0.013,-1.957
-0.048,-1.861
-0.118,-0.81
-0.116,-1.458
-0.14,-0.203
-0.181,-0.846
-0.248,-2.133
-0.346,-2.552
-0.318,-1.653
-0.387,0.557
-0.411,-2.527
-0.391,0.51
-0.398,0.444
-0.473,0.217
-0.433,-1.89
-0.523,-2.623
-0.475,0.307
-0.623,-0.07
-0.549,-0.551
-0.631,-0.422
-0.716,-0.5
-0.718,-2.173
-0.718,0.328
-0.845,-0.273
-0.798,-0.727
-0.83,-1.937
-0.908,-0.702
-1.02,-2.08
-1.034,-1.175
-1.079,-1.766
-1.026,-2.514
-1.156,-1.447
-1.152,-1.502
-1.214,-1.34
-1.286,-1.617
-1.28,-0.801
-1.34,-1.941
-1.471,-1.638
-1.528,-2.596
-1.479,-1.413
-1.583,-3.433
-1.597,-2.301
-1.676,-1.991
-1.672,-2.469
-1.709,-2.5
-1.75,-1.984
-1.959,-2.545
-1.974,-0.525
-2.054,-2.239
-2.112,-1.147
-2.139,-2.755
-2.145,-2.934
-2.77,-3.664
-2.806,-3.828
2.294,-3.899
2.151,-3.724
2.159,-3.905
2.031,-3.437
1.884,-3.79
1.658,-3.864
1.311,-3.831
0.643,-3.574
0.487,-3.663
0.255,-3.864
-0.634,-3.697
-2.515,0.836
-3.008,0.866
2.94,0.614
2.428,0.817
2.347,0.655
1.852,0.636
0.594,0.876
0.164,0.509
-1.392,0.676
-1.627,0.695
-1.646,0.834
3.096,-2.578
2.117,0.49
-0.464,-0.409
-1.964,0.496
0.962,0.804
-0.382,0.684
-2.203,-0.678
-2.367,-2.726
-2.416,-3.136
-2.499,0.318
-2.693,0.294
-2.779,-0.014
-2.752,-1.973
-2.652,0.159
-2.769,-3.247
-2.689,-2.115
-2.983,-0.591
-3.079,-2.315
3.062,-1.13
-3.114,-2.629
3.094,-1.964
2.976,-2.394
3.014,-1.064
2.85,-2.282
2.698,-1.73
2.693,-2.425
2.481,-0.867
2.375,-2.838
2.375,-0.748
2.463,-1.008
2.338,-2.48
2.325,-0.856
2.285,-3.402
2.419,-2.596
2.233,-0.172
2.376,-3.244
2.215,-0.722
2.289,-2.354
2.188,-3.075
2.017,-0.484
2.095,-0.073
2.076,-1.122
1.951,0.323
1.827,-2.251
1.934,-0.709
1.905,-0.317
1.691,-0.285
1.7,0.238
1.689,-1.211
1.743,-0.053
1.74,-2.31
1.703,-2.255
1.544,-0.051
1.654,-1.736
1.436,-0.323
1.393,-2.405
1.353,-1.717
1.145,-3.421
1.094,-1.879
1.111,-1.978
0.995,-0.705
0.867,-3.046
0.831,-0.594
0.725,-2.408
0.595,-0.73
0.568,-2.373
0.392,-0.784
0.304,-0.717
0.325,-1.116
0.205,0.432
0.197,0.09
0.277,-2.605
0.163,-3.437
0.01,0.443
-0.001,-2.072
-0.081,0.381
-0.058,-2.176
-0.064,-0.558
-0.224,-3.113
-0.1,-0.37
-0.164,0.066
-0.37,-0.167
-0.46,-1.647
-0.638,0.178
-0.621,-1.224
-0.636,0.395
-0.708,-0.991
-0.853,-1.162
-1.029,0.014
-1.06,-0.736
-1.068,-3.38
-1.098,0.527
-1.029,-2.245
-1.207,-1.311
-1.222,-1.455
-1.286,-1.048
-1.278,-3.428
-1.414,-2.147
-1.58,-3.15
-1.797,-1.674
-1.83,-1.924
-1.955,-0.99
-1.857,-1.337
-2.003,-0.609
-1.895,-0.575
-1.984,-2.119
-2.051,-1.178
3.094,-3.642
2.911,-3.826
2.218,-3.615
1.708,-3.797
1.372,-3.824
1.023,-3.7
0.013,-3.776
-0.392,-3.737
-0.613,-3.727
-0.725,-3.9
-1.565,-3.882
-1.422,-3.53
-2.785,0.82
-3.119,0.606
2.859,0.779
2.82,0.534
2.434,0.663
2.28,0.695
2.254,0.86
2.339,0.847
2.116,0.825
1.946,0.748
1.903,0.854
1.551,0.844
1.096,0.727
0.134,0.738
0.23,0.58
-0.118,0.63
-1.677,0.715
2.818,-0.829
2.668,-1.635
2.658,0.027
-0.167,-3.018
-0.269,-1.666
-0.267,-1.762
-0.635,-0.433
-1.178,-1.424
-2.801,-2.206
2.322,-1.545
0.87,-0.059
0.015,-0.046
-0.604,-0.566
-1.406,-1.576
-1.401,-1.339
-1.366,-1.22
-1.596,-0.09
2.599,-2.441
0.882,-1.277
-0.596,-1.264
-1.398,-3.169
-3.025,-3.216
2.477,-3.164
2.547,-3.302
-2.613,0.843
-0.064,-0.734
-0.099,-0.638
-0.169,0.413
-0.167,-0.235
-0.191,1.02
-0.232,0.377
-0.299,-0.91
-0.397,-1.329
-0.369,-0.43
-0.438,1.78
-0.462,-1.304
-0.442,1.733
-0.449,1.667
-0.524,1.44
-0.484,-0.667
-0.574,-1.4
-0.526,1.53
-0.674,1.153
-0.6,0.672
-0.682,0.801
-0.767,0.723
-0.769,-0.95
-0.769,1.551
-0.896,0.95
-0.849,0.496
-0.881,-0.714
-0.959,0.521
-1.071,-0.857
-1.085,0.048
-1.13,-0.543
-1.077,-1.291
-1.207,-0.224
-1.203,-0.279
-1.265,-0.117
-1.337,-0.394
-1.331,0.422
-1.391,-0.718
-1.522,-0.415
-1.579,-1.373
-1.53,-0.19
-1.634,-2.21
-1.648,-1.078
-1.727,-0.768
-1.723,-1.246
-1.76,-1.277
-1.801,-0.761
-2.01,-1.322
-2.025,0.698
-2.105,-1.016
-2.163,0.076
-2.19,-1.532
-2.196,-1.711
-2.821,-2.441
-2.857,-2.605
2.243,-2.676
2.1,-2.501
2.108,-2.682
1.98,-2.214
1.833,-2.567
1.607,-2.641
1.26,-2.608
0.592,-2.351
0.436,-2.44
0.204,-2.641
-0.685,-2.474
-2.566,2.059
-3.059,2.089
2.889,1.837
2.377,2.04
2.296,1.878
1.801,1.859
0.543,2.099
0.113,1.732
-1.443,1.899
-1.678,1.918
-1.697,2.057
3.045,-1.355
2.066,1.713
-0.515,0.814
-2.015,1.719
0.911,2.027
-0.433,1.907
-2.254,0.545
-2.418,-1.503
-2.467,-1.913
-2.55,1.541
-2.744,1.517
-2.83,1.209
-2.803,-0.75
-2.703,1.382
-2.82,-2.024
-2.74,-0.892
-3.034,0.632
-3.13,-1.092
3.011,0.093
3.118,-1.406
3.043,-0.741
2.925,-1.171
2.963,0.159
2.799,-1.059
2.647,-0.507
2.642,-1.202
2.43,0.356
2.324,-1.615
2.324,0.475
2.412,0.215
2.287,-1.257
2.274,0.367
2.234,-2.179
2.368,-1.373
2.182,1.051
2.325,-2.021
2.164,0.501
2.238,-1.131
2.137,-1.852
1.966,0.739
2.044,1.15
2.025,0.101
1.9,1.546
1.776,-1.028
1.883,0.514
1.854,0.906
1.64,0.938
1.649,1.461
1.638,0.012
1.692,1.17
1.689,-1.087
1.652,-1.032
1.493,1.172
1.603,-0.513
1.385,0.9
1.342,-1.182
1.302,-0.494
1.094,-2.198
1.043,-0.656
1.06,-0.755
0.944,0.518
0.816,-1.823
0.78,0.629
0.674,-1.185
0.544,0.493
0.517,-1.15
0.341,0.439
0.253,0.506
0.274,0.107
0.154,1.655
0.146,1.313
0.226,-1.382
0.112,-2.214
-0.041,1.666
-0.052,-0.849
-0.132,1.604
-0.109,-0.953
-0.115,0.665
-0.275,-1.89
-0.151,0.853
-0.215,1.289
-0.421,1.056
-0.511,-0.424
-0.689,1.401
-0.672,-0.001
-0.687,1.618
-0.759,0.232
-0.904,0.061
-1.08,1.237
-1.111,0.487
-1.119,-2.157
-1.149,1.75
-1.08,-1.022
-1.258,-0.088
-1.273,-0.232
-1.337,0.175
-1.329,-2.205
-1.465,-0.924
-1.631,-1.927
-1.848,-0.451
-1.881,-0.701
-2.006,0.233
-1.908,-0.114
-2.054,0.614
-1.946,0.648
-2.035,-0.896
-2.102,0.045
3.043,-2.419
2.86,-2.603
2.167,-2.392
1.657,-2.574
1.321,-2.601
0.972,-2.477
-0.038,-2.553
-0.443,-2.514
-0.664,-2.504
-0.776,-2.677
-1.616,-2.659
-1.473,-2.307
-2.836,2.043
3.113,1.829
2.808,2.002
2.769,1.757
2.383,1.886
2.229,1.918
2.203,2.083
2.288,2.07
2.065,2.048
1.895,1.971
1.852,2.077
1.5,2.067
1.045,1.95
0.083,1.961
0.179,1.803
-0.169,1.853
-1.728,1.938
2.767,0.394
2.617,-0.412
2.607,1.25
-0.218,-1.795
-0.32,-0.443
-0.318,-0.539
-0.686,0.79
-1.229,-0.201
-2.852,-0.983
2.271,-0.322
0.819,1.164
-0.036,1.177
-0.655,0.657
-1.457,-0.353
-1.452,-0.116
-1.417,0.003
-1.647,1.133
2.548,-1.218
0.831,-0.054
-0.647,-0.041
-1.449,-1.946
-3.076,-1.993
2.426,-1.941
2.496,-2.079
-2.664,2.066
-0.035,0.096
-0.105,1.147
-0.103,0.499
-0.127,1.754
-0.168,1.111
-0.235,-0.176
-0.333,-0.595
-0.305,0.304
-0.374,2.514
-0.398,-0.57
-0.378,2.467
-0.385,2.401
-0.46,2.174
-0.42,0.067
-0.51,-0.666
-0.462,2.264
-0.61,1.887
-0.536,1.406
-0.618,1.535
-0.703,1.457
-0.705,-0.216
-0.705,2.285
-0.832,1.684
-0.785,1.23
-0.817,0.02
-0.895,1.255
-1.007,-0.123
-1.021,0.782
-1.066,0.191
-1.013,-0.557
-1.143,0.51
-1.139,0.455
-1.201,0.617
-1.273,0.34
-1.267,1.156
-1.327,0.016
-1.458,0.319
-1.515,-0.639
-1.466,0.544
-1.57,-1.476
-1.584,-0.344
-1.663,-0.034
-1.659,-0.512
-1.696,-0.543
-1.737,-0.027
-1.946,-0.588
-1.961,1.432
-2.041,-0.282
-2.099,0.81
-2.126,-0.798
-2.132,-0.977
-2.757,-1.707
-2.793,-1.871
2.307,-1.942
2.164,-1.767
2.172,-1.948
2.044,-1.48
1.897,-1.833
1.671,-1.907
1.324,-1.874
0.656,-1.617
0.5,-1.706
0.268,-1.907
-0.621,-1.74
-2.502,2.793
-2.995,2.823
2.953,2.571
2.441,2.774
2.36,2.612
1.865,2.593
0.607,2.833
0.177,2.466
-1.379,2.633
-1.614,2.652
-1.633,2.791
3.109,-0.621
2.13,2.447
-0.451,1.548
-1.951,2.453
0.975,2.761
-0.369,2.641
-2.19,1.279
-2.354,-0.769
-2.403,-1.179
-2.486,2.275
-2.68,2.251
-2.766,1.943
-2.739,-0.016
-2.639,2.116
-2.756,-1.29
-2.676,-0.158
-2.97,1.366
-3.066,-0.358
3.075,0.827
-3.101,-0.672
3.107,-0.007
2.989,-0.437
3.027,0.893
2.863,-0.325
2.711,0.227
2.706,-0.468
2.494,1.09
2.388,-0.881
2.388,1.209
2.476,0.949
2.351,-0.523
2.338,1.101
2.298,-1.445
2.432,-0.639
2.246,1.785
2.389,-1.287
2.228,1.235
2.302,-0.397
2.201,-1.118
2.03,1.473
2.108,1.884
2.089,0.835
1.964,2.28
1.84,-0.294
1.947,1.248
1.918,1.64
1.704,1.672
1.713,2.195
1.702,0.746
1.756,1.904
1.753,-0.353
1.716,-0.298
1.557,1.906
1.667,0.221
1.449,1.634
1.406,-0.448
1.366,0.24
1.158,-1.464
1.107,0.078
1.124,-0.021
1.008,1.252
0.88,-1.089
0.844,1.363
0.738,-0.451
0.608,1.227
0.581,-0.416
0.405,1.173
0.317,1.24
0.338,0.841
0.218,2.389
0.21,2.047
0.29,-0.648
0.176,-1.48
0.023,2.4
0.012,-0.115
-0.068,2.338
-0.045,-0.219
-0.051,1.399
-0.211,-1.156
-0.087,1.587
-0.151,2.023
-0.357,1.79
-0.447,0.31
-0.625,2.135
-0.608,0.733
-0.623,2.352
-0.695,0.966
-0.84,0.795
-1.016,1.971
-1.047,1.221
-1.055,-1.423
-1.085,2.484
-1.016,-0.288
-1.194,0.646
-1.209,0.502
-1.273,0.909
-1.265,-1.471
-1.401,-0.19
-1.567,-1.193
-1.784,0.283
-1.817,0.033
-1.942,0.967
-1.844,0.62
-1.99,1.348
-1.882,1.382
-1.971,-0.162
-2.038,0.779
3.107,-1.685
2.924,-1.869
2.231,-1.658
1.721,-1.84
1.385,-1.867
1.036,-1.743
0.026,-1.819
-0.379,-1.78
-0.6,-1.77
-0.712,-1.943
-1.552,-1.925
-1.409,-1.573
-2.772,2.777
-3.106,2.563
2.872,2.736
2.833,2.491
2.447,2.62
2.293,2.652
2.267,2.817
2.352,2.804
2.129,2.782
1.959,2.705
1.916,2.811
1.564,2.801
1.109,2.684
0.147,2.695
0.243,2.537
-0.105,2.587
-1.664,2.672
2.831,1.128
2.681,0.322
2.671,1.984
-0.154,-1.061
-0.256,0.291
-0.254,0.195
-0.622,1.524
-1.165,0.533
-2.788,-0.249
2.335,0.412
0.883,1.898
0.028,1.911
-0.591,1.391
-1.393,0.381
-1.388,0.618
-1.353,0.737
-1.583,1.867
2.612,-0.484
0.895,0.68
-0.583,0.693
-1.385,-1.212
-3.012,-1.259
2.49,-1.207
2.56,-1.345
-2.6,2.8
-0.07,1.051
-0.068,0.403
-0.092,1.658
-0.133,1.015
-0.2,-0.272
-0.298,-0.691
-0.27,0.208
-0.339,2.418
-0.363,-0.666
-0.343,2.371
-0.35,2.305
-0.425,2.078
-0.385,-0.029
-0.475,-0.762
-0.427,2.168
-0.575,1.791
-0.501,1.31
-0.583,1.439
-0.668,1.361
-0.67,-0.312
-0.67,2.189
-0.797,1.588
-0.75,1.134
-0.782,-0.076
-0.86,1.159
-0.972,-0.219
-0.986,0.686
-1.031,0.095
-0.978,-0.653
-1.108,0.414
-1.104,0.359
-1.166,0.521
-1.238,0.244
-1.232,1.06
-1.292,-0.08
-1.423,0.223
-1.48,-0.735
-1.431,0.448
-1.535,-1.572
-1.549,-0.44
-1.628,-0.13
-1.624,-0.608
-1.661,-0.639
-1.702,-0.123
-1.911,-0.684
-1.926,1.336
-2.006,-0.378
-2.064,0.714
-2.091,-0.894
-2.097,-1.073
-2.722,-1.803
-2.758,-1.967
2.342,-2.038
2.199,-1.863
2.207,-2.044
2.079,-1.576
1.932,-1.929
1.706,-2.003
1.359,-1.97
0.691,-1.713
0.535,-1.802
0.303,-2.003
-0.586,-1.836
-2.467,2.697
-2.96,2.727
2.988,2.475
2.476,2.678
2.395,2.516
1.9,2.497
0.642,2.737
0.212,2.37
-1.344,2.537
-1.579,2.556
-1.598,2.695
-3.139,-0.717
2.165,2.351
-0.416,1.452
-1.916,2.357
1.01,2.665
-0.334,2.545
-2.155,1.183
-2.319,-0.865
-2.368,-1.275
-2.451,2.179
-2.645,2.155
-2.731,1.847
-2.704,-0.112
-2.604,2.02
-2.721,-1.386
-2.641,-0.254
-2.935,1.27
-3.031,-0.454
3.11,0.731
-3.066,-0.768
-3.141,-0.103
3.024,-0.533
3.062,0.797
2.898,-0.421
2.746,0.131
2.741,-0.564
2.529,0.994
2.423,-0.977
2.423,1.113
2.511,0.853
2.386,-0.619
2.373,1.005
2.333,-1.541
2.467,-0.735
2.281,1.689
2.424,-1.383
2.263,1.139
2.337,-0.493
2.236,-1.214
2.065,1.377
2.143,1.788
2.124,0.739
1.999,2.184
1.875,-0.39
1.982,1.152
1.953,1.544
1.739,1.576
1.748,2.099
1.737,0.65
1.791,1.808
1.788,-0.449
1.751,-0.394
1.592,1.81
1.702,0.125
1.484,1.538
1.441,-0.544
1.401,0.144
1.193,-1.56
1.142,-0.018
1.159,-0.117
1.043,1.156
0.915,-1.185
0.879,1.267
0.773,-0.547
0.643,1.131
0.616,-0.512
0.44,1.077
0.352,1.144
0.373,0.745
0.253,2.293
0.245,1.951
0.325,-0.744
0.211,-1.576
0.058,2.304
0.047,-0.211
-0.033,2.242
-0.01,-0.315
-0.016,1.303
-0.176,-1.252
-0.052,1.491
-0.116,1.927
-0.322,1.694
-0.412,0.214
-0.59,2.039
-0.573,0.637
-0.588,2.256
-0.66,0.87
-0.805,0.699
-0.981,1.875
-1.012,1.125
-1.02,-1.519
-1.05,2.388
-0.981,-0.384
-1.159,0.55
-1.174,0.406
-1.238,0.813
-1.23,-1.567
-1.366,-0.286
-1.532,-1.289
-1.749,0.187
-1.782,-0.063
-1.907,0.871
-1.809,0.524
-1.955,1.252
-1.847,1.286
-1.936,-0.258
-2.003,0.683
-3.141,-1.781
2.959,-1.965
2.266,-1.754
1.756,-1.936
1.42,-1.963
1.071,-1.839
0.061,-1.915
-0.344,-1.876
-0.565,-1.866
-0.677,-2.039
-1.517,-2.021
-1.374,-1.669
-2.737,2.681
-3.071,2.467
2.907,2.64
2.868,2.395
2.482,2.524
2.328,2.556
2.302,2.721
2.387,2.708
2.164,2.686
1.994,2.609
1.951,2.715
1.599,2.705
1.144,2.588
0.182,2.599
0.278,2.441
-0.07,2.491
-1.629,2.576
2.866,1.032
2.716,0.226
2.706,1.888
-0.119,-1.157
-0.221,0.195
-0.219,0.099
-0.587,1.428
-1.13,0.437
-2.753,-0.345
2.37,0.316
0.918,1.802
0.063,1.815
-0.556,1.295
-1.358,0.285
-1.353,0.522
-1.318,0.641
-1.548,1.771
2.647,-0.58
0.93,0.584
-0.548,0.597
-1.35,-1.308
-2.977,-1.355
2.525,-1.303
2.595,-1.441
-2.565,2.704
0.002,-0.648
-0.022,0.607
-0.063,-0.036
-0.13,-1.323
-0.228,-1.742
-0.2,-0.843
-0.269,1.367
-0.293,-1.717
-0.273,1.32
-0.28,1.254
-0.355,1.027
-0.315,-1.08
-0.405,-1.813
-0.357,1.117
-0.505,0.74
-0.431,0.259
-0.513,0.388
-0.598,0.31
-0.6,-1.363
-0.6,1.138
-0.727,0.537
-0.68,0.083
-0.712,-1.127
-0.79,0.108
-0.902,-1.27
-0.916,-0.365
-0.961,-0.956
-0.908,-1.704
-1.038,-0.637
-1.034,-0.692
-1.096,-0.53
-1.168,-0.807
-1.162,0.009
-1.222,-1.131
-1.353,-0.828
-1.41,-1.786
-1.361,-0.603
-1.465,-2.623
-1.479,-1.491
-1.558,-1.181
-1.554,-1.659
-1.591,-1.69
-1.632,-1.174
-1.841,-1.735
-1.856,0.285
-1.936,-1.429
-1.994,-0.337
-2.021,-1.945
-2.027,-2.124
-2.652,-2.854
-2.688,-3.018
2.412,-3.089
2.269,-2.914
2.277,-3.095
2.149,-2.627
2.002,-2.98
1.776,-3.054
1.429,-3.021
0.761,-2.764
0.605,-2.853
0.373,-3.054
-0.516,-2.887
-2.397,1.646
-2.89,1.676
3.058,1.424
2.546,1.627
2.465,1.465
1.97,1.446
0.712,1.686
0.282,1.319
-1.274,1.486
-1.509,1.505
-1.528,1.644
-3.069,-1.768
2.235,1.3
-0.346,0.401
-1.846,1.306
1.08,1.614
-0.264,1.494
-2.085,0.132
-2.249,-1.916
-2.298,-2.326
-2.381,1.128
-2.575,1.104
-2.661,0.796
-2.634,-1.163
-2.534,0.969
-2.651,-2.437
-2.571,-1.305
-2.865,0.219
-2.961,-1.505
-3.103,-0.32
-2.996,-1.819
-3.071,-1.154
3.094,-1.584
3.132,-0.254
2.968,-1.472
2.816,-0.92
2.811,-1.615
2.599,-0.057
2.493,-2.028
2.493,0.062
2.581,-0.198
2.456,-1.67
2.443,-0.046
2.403,-2.592
2.537,-1.786
2.351,0.638
2.494,-2.434
2.333,0.088
2.407,-1.544
2.306,-2.265
2.135,0.326
2.213,0.737
2.194,-0.312
2.069,1.133
1.945,-1.441
2.052,0.101
2.023,0.493
1.809,0.525
1.818,1.048
1.807,-0.401
1.861,0.757
1.858,-1.5
1.821,-1.445
1.662,0.759
1.772,-0.926
1.554,0.487
1.511,-1.595
1.471,-0.907
1.263,-2.611
1.212,-1.069
1.229,-1.168
1.113,0.105
0.985,-2.236
0.949,0.216
0.843,-1.598
0.713,0.08
0.686,-1.563
0.51,0.026
0.422,0.093
0.443,-0.306
0.323,1.242
0.315,0.9
0.395,-1.795
0.281,-2.627
0.128,1.253
0.117,-1.262
0.037,1.191
0.06,-1.366
0.054,0.252
-0.106,-2.303
0.018,0.44
-0.046,0.876
-0.252,0.643
-0.342,-0.837
-0.52,0.988
-0.503,-0.414
-0.518,1.205
-0.59,-0.181
-0.735,-0.352
-0.911,0.824
-0.942,0.074
-0.95,-2.57
-0.98,1.337
-0.911,-1.435
-1.089,-0.501
-1.104,-0.645
-1.168,-0.238
-1.16,-2.618
-1.296,-1.337
-1.462,-2.34
-1.679,-0.864
-1.712,-1.114
-1.837,-0.18
-1.739,-0.527
-1.885,0.201
-1.777,0.235
-1.866,-1.309
-1.933,-0.368
-3.071,-2.832
3.029,-3.016
2.336,-2.805
1.826,-2.987
1.49,-3.014
1.141,-2.89
0.131,-2.966
-0.274,-2.927
-0.495,-2.917
-0.607,-3.09
-1.447,-3.072
-1.304,-2.72
-2.667,1.63
-3.001,1.416
2.977,1.589
2.938,1.344
2.552,1.473
2.398,1.505
2.372,1.67
2.457,1.657
2.234,1.635
2.064,1.558
2.021,1.664
1.669,1.654
1.214,1.537
0.252,1.548
0.348,1.39
0.0,1.44
-1.559,1.525
2.936,-0.019
2.786,-0.825
2.776,0.837
-0.049,-2.208
-0.151,-0.856
-0.149,-0.952
-0.517,0.377
-1.06,-0.614
-2.683,-1.396
2.44,-0.735
0.988,0.751
0.133,0.764
-0.486,0.244
-1.288,-0.766
-1.283,-0.529
-1.248,-0.41
-1.478,0.72
2.717,-1.631
1.0,-0.467
-0.478,-0.454
-1.28,-2.359
-2.907,-2.406
2.595,-2.354
2.665,-2.492
-2.495,1.653
-0.024,1.255
-0.065,0.612
-0.132,-0.675
-0.23,-1.094
-0.202,-0.195
-0.271,2.015
-0.295,-1.069
-0.275,1.968
-0.282,1.902
-0.357,1.675
-0.317,-0.432
-0.407,-1.165
-0.359,1.765
-0.507,1.388
-0.433,0.907
-0.515,1.036
-0.6,0.958
-0.602,-0.715
-0.602,1.786
-0.729,1.185
-0.682,0.731
-0.714,-0.479
-0.792,0.756
-0.904,-0.622
-0.918,0.283
-0.963,-0.308
-0.91,-1.056
-1.04,0.011
-1.036,-0.044
-1.098,0.118
-1.17,-0.159
-1.164,0.657
-1.224,-0.483
-1.355,-0.18
-1.412,-1.138
-1.363,0.045
-1.467,-1.975
-1.481,-0.843
-1.56,-0.533
-1.556,-1.011
-1.593,-1.042
-1.634,-0.526
-1.843,-1.087
-1.858,0.933
-1.938,-0.781
-1.996,0.311
-2.023,-1.297
-2.029,-1.476
-2.654,-2.206
-2.69,-2.37
2.41,-2.441
2.267,-2.266
2.275,-2.447
2.147,-1.979
2.0,-2.332
1.774,-2.406
1.427,-2.373
0.759,-2.116
0.603,-2.205
0.371,-2.406
-0.518,-2.239
-2.399,2.294
-2.892,2.324
3.056,2.072
2.544,2.275
2.463,2.113
1.968,2.094
0.71,2.334
0.28,1.967
-1.276,2.134
-1.511,2.153
-1.53,2.292
-3.071,-1.12
2.233,1.948
-0.348,1.049
-1.848,1.954
1.078,2.262
-0.266,2.142
-2.087,0.78
-2.251,-1.268
-2.3,-1.678
-2.383,1.776
-2.577,1.752
-2.663,1.444
-2.636,-0.515
-2.536,1.617
-2.653,-1.789
-2.573,-0.657
-2.867,0.867
-2.963,-0.857
-3.105,0.328
-2.998,-1.171
-3.073,-0.506
3.092,-0.936
3.13,0.394
2.966,-0.824
2.814,-0.272
2.809,-0.967
2.597,0.591
2.491,-1.38
2.491,0.71
2.579,0.45
2.454,-1.022
2.441,0.602
2.401,-1.944
2.535,-1.138
2.349,1.286
2.492,-1.786
2.331,0.736
2.405,-0.896
2.304,-1.617
2.133,0.974
2.211,1.385
2.192,0.336
2.067,1.781
1.943,-0.793
2.05,0.749
2.021,1.141
1.807,1.173
1.816,1.696
1.805,0.247
1.859,1.405
1.856,-0.852
1.819,-0.797
1.66,1.407
1.77,-0.278
1.552,1.135
1.509,-0.947
1.469,-0.259
1.261,-1.963
1.21,-0.421
1.227,-0.52
1.111,0.753
0.983,-1.588
0.947,0.864
0.841,-0.95
0.711,0.728
0.684,-0.915
0.508,0.674
0.42,0.741
0.441,0.342
0.321,1.89
0.313,1.548
0.393,-1.147
0.279,-1.979
0.126,1.901
0.115,-0.614
0.035,1.839
0.058,-0.718
0.052,0.9
-0.108,-1.655
0.016,1.088
-0.048,1.524
-0.254,1.291
-0.344,-0.189
-0.522,1.636
-0.505,0.234
-0.52,1.853
-0.592,0.467
-0.737,0.296
-0.913,1.472
-0.944,0.722
-0.952,-1.922
-0.982,1.985
-0.913,-0.787
-1.091,0.147
-1.106,0.003
-1.17,0.41
-1.162,-1.97
-1.298,-0.689
-1.464,-1.692
-1.681,-0.216
-1.714,-0.466
-1.839,0.468
-1.741,0.121
-1.887,0.849
-1.779,0.883
-1.868,-0.661
-1.935,0.28
-3.073,-2.184
3.027,-2.368
2.334,-2.157
1.824,-2.339
1.488,-2.366
1.139,-2.242
0.129,-2.318
-0.276,-2.279
-0.497,-2.269
-0.609,-2.442
-1.449,-2.424
-1.306,-2.072
-2.669,2.278
-3.003,2.064
2.975,2.237
2.936,1.992
2.55,2.121
2.396,2.153
2.37,2.318
2.455,2.305
2.232,2.283
2.062,2.206
2.019,2.312
1.667,2.302
1.212,2.185
0.25,2.196
0.346,2.038
-0.002,2.088
-1.561,2.173
2.934,0.629
2.784,-0.177
2.774,1.485
-0.051,-1.56
-0.153,-0.208
-0.151,-0.304
-0.519,1.025
-1.062,0.034
-2.685,-0.748
2.438,-0.087
0.986,1.399
0.131,1.412
-0.488,0.892
-1.29,-0.118
-1.285,0.119
-1.25,0.238
-1.48,1.368
2.715,-0.983
0.998,0.181
-0.48,0.194
-1.282,-1.711
-2.909,-1.758
2.593,-1.706
2.663,-1.844
-2.497,2.301
-0.041,-0.643
-0.108,-1.93
-0.206,-2.349
-0.178,-1.45
-0.247,0.76
-0.271,-2.324
-0.251,0.713
-0.258,0.647
-0.333,0.42
-0.293,-1.687
-0.383,-2.42
-0.335,0.51
-0.483,0.133
-0.409,-0.348
-0.491,-0.219
-0.576,-0.297
-0.578,-1.97
-0.578,0.531
-0.705,-0.07
-0.658,-0.524
-0.69,-1.734
-0.768,-0.499
-0.88,-1.877
-0.894,-0.972
-0.939,-1.563
-0.886,-2.311
-1.016,-1.244
-1.012,-1.299
-1.074,-1.137
-1.146,-1.414
-1.14,-0.598
-1.2,-1.738
-1.331,-1.435
-1.388,-2.393
-1.339,-1.21
-1.443,-3.23
-1.457,-2.098
-1.536,-1.788
-1.532,-2.266
-1.569,-2.297
-1.61,-1.781
-1.819,-2.342
-1.834,-0.322
-1.914,-2.036
-1.972,-0.944
-1.999,-2.552
-2.005,-2.731
-2.63,-3.461
-2.666,-3.625
2.434,-3.696
2.291,-3.521
2.299,-3.702
2.171,-3.234
2.024,-3.587
1.798,-3.661
1.451,-3.628
0.783,-3.371
0.627,-3.46
0.395,-3.661
-0.494,-3.494
-2.375,1.039
-2.868,1.069
3.08,0.817
2.568,1.02
2.487,0.858
1.992,0.839
0.734,1.079
0.304,0.712
-1.252,0.879
-1.487,0.898
-1.506,1.037
-3.047,-2.375
2.257,0.693
-0.324,-0.206
-1.824,0.699
1.102,1.007
-0.242,0.887
-2.063,-0.475
-2.227,-2.523
-2.276,-2.933
-2.359,0.521
-2.553,0.497
-2.639,0.189
-2.612,-1.77
-2.512,0.362
-2.629,-3.044
-2.549,-1.912
-2.843,-0.388
-2.939,-2.112
-3.081,-0.927
-2.974,-2.426
-3.049,-1.761
3.116,-2.191
-3.129,-0.861
2.99,-2.079
2.838,-1.527
2.833,-2.222
2.621,-0.664
2.515,-2.635
2.515,-0.545
2.603,-0.805
2.478,-2.277
2.465,-0.653
2.425,-3.199
2.559,-2.393
2.373,0.031
2.516,-3.041
2.355,-0.519
2.429,-2.151
2.328,-2.872
2.157,-0.281
2.235,0.13
2.216,-0.919
2.091,0.526
1.967,-2.048
2.074,-0.506
2.045,-0.114
1.831,-0.082
1.84,0.441
1.829,-1.008
1.883,0.15
1.88,-2.107
1.843,-2.052
1.684,0.152
1.794,-1.533
1.576,-0.12
1.533,-2.202
1.493,-1.514
1.285,-3.218
1.234,-1.676
1.251,-1.775
1.135,-0.502
1.007,-2.843
0.971,-0.391
0.865,-2.205
0.735,-0.527
0.708,-2.17
0.532,-0.581
0.444,-0.514
0.465,-0.913
0.345,0.635
0.337,0.293
0.417,-2.402
0.303,-3.234
0.15,0.646
0.139,-1.869
0.059,0.584
0.082,-1.973
0.076,-0.355
-0.084,-2.91
0.04,-0.167
-0.024,0.269
-0.23,0.036
-0.32,-1.444
-0.498,0.381
-0.481,-1.021
-0.496,0.598
-0.568,-0.788
-0.713,-0.959
-0.889,0.217
-0.92,-0.533
-0.928,-3.177
-0.958,0.73
-0.889,-2.042
-1.067,-1.108
-1.082,-1.252
-1.146,-0.845
-1.138,-3.225
-1.274,-1.944
-1.44,-2.947
-1.657,-1.471
-1.69,-1.721
-1.815,-0.787
-1.717,-1.134
-1.863,-0.406
-1.755,-0.372
-1.844,-1.916
-1.911,-0.975
-3.049,-3.439
3.051,-3.623
2.358,-3.412
1.848,-3.594
1.512,-3.621
1.163,-3.497
0.153,-3.573
-0.252,-3.534
-0.473,-3.524
-0.585,-3.697
-1.425,-3.679
-1.282,-3.327
-2.645,1.023
-2.979,0.809
2.999,0.982
2.96,0.737
2.574,0.866
2.42,0.898
2.394,1.063
2.479,1.05
2.256,1.028
2.086,0.951
2.043,1.057
1.691,1.047
1.236,0.93
0.274,0.941
0.37,0.783
0.022,0.833
-1.537,0.918
2.958,-0.626
2.808,-1.432
2.798,0.23
-0.027,-2.815
-0.129,-1.463
-0.127,-1.559
-0.495,-0.23
-1.038,-1.221
-2.661,-2.003
2.462,-1.342
1.01,0.144
0.155,0.157
-0.464,-0.363
-1.266,-1.373
-1.261,-1.136
-1.226,-1.017
-1.456,0.113
2.739,-2.238
1.022,-1.074
-0.456,-1.061
-1.258,-2.966
-2.885,-3.013
2.617,-2.961
2.687,-3.099
-2.473,1.046
-0.067,-1.287
-0.165,-1.706
-0.137,-0.807
-0.206,1.403
-0.23,-1.681
-0.21,1.356
-0.217,1.29
-0.292,1.063
-0.252,-1.044
-0.342,-1.777
-0.294,1.153
-0.442,0.776
-0.368,0.295
-0.45,0.424
-0.535,0.346
-0.537,-1.327
-0.537,1.174
-0.664,0.573
-0.617,0.119
-0.649,-1.091
-0.727,0.144
-0.839,-1.234
-0.853,-0.329
-0.898,-0.92
-0.845,-1.668
-0.975,-0.601
-0.971,-0.656
-1.033,-0.494
-1.105,-0.771
-1.099,0.045
-1.159,-1.095
-1.29,-0.792
-1.347,-1.75
-1.298,-0.567
-1.402,-2.587
-1.416,-1.455
-1.495,-1.145
-1.491,-1.623
-1.528,-1.654
-1.569,-1.138
-1.778,-1.699
-1.793,0.321
-1.873,-1.393
-1.931,-0.301
-1.958,-1.909
-1.964,-2.088
-2.589,-2.818
-2.625,-2.982
2.475,-3.053
2.332,-2.878
2.34,-3.059
2.212,-2.591
2.065,-2.944
1.839,-3.018
1.492,-2.985
0.824,-2.728
0.668,-2.817
0.436,-3.018
-0.453,-2.851
-2.334,1.682
-2.827,1.712
3.121,1.46
2.609,1.663
2.528,1.501
2.033,1.482
0.775,1.722
0.345,1.355
-1.211,1.522
-1.446,1.541
-1.465,1.68
-3.006,-1.732
2.298,1.336
-0.283,0.437
-1.783,1.342
1.143,1.65
-0.201,1.53
-2.022,0.168
-2.186,-1.88
-2.235,-2.29
-2.318,1.164
-2.512,1.14
-2.598,0.832
-2.571,-1.127
-2.471,1.005
-2.588,-2.401
-2.508,-1.269
-2.802,0.255
-2.898,-1.469
-3.04,-0.284
-2.933,-1.783
-3.008,-1.118
-3.126,-1.548
-3.088,-0.218
3.031,-1.436
2.879,-0.884
2.874,-1.579
2.662,-0.021
2.556,-1.992
2.556,0.098
2.644,-0.162
2.519,-1.634
2.506,-0.01
2.466,-2.556
2.6,-1.75
2.414,0.674
2.557,-2.398
2.396,0.124
2.47,-1.508
2.369,-2.229
2.198,0.362
2.276,0.773
2.257,-0.276
2.132,1.169
2.008,-1.405
2.115,0.137
2.086,0.529
1.872,0.561
1.881,1.084
1.87,-0.365
1.924,0.793
1.921,-1.464
1.884,-1.409
1.725,0.795
1.835,-0.89
1.617,0.523
1.574,-1.559
1.534,-0.871
1.326,-2.575
1.275,-1.033
1.292,-1.132
1.176,0.141
1.048,-2.2
1.012,0.252
0.906,-1.562
0.776,0.116
0.749,-1.527
0.573,0.062
0.485,0.129
0.506,-0.27
0.386,1.278
0.378,0.936
0.458,-1.759
0.344,-2.591
0.191,1.289
0.18,-1.226
0.1,1.227
0.123,-1.33
0.117,0.288
-0.043,-2.267
0.081,0.476
0.017,0.912
-0.189,0.679
-0.279,-0.801
-0.457,1.024
-0.44,-0.378
-0.455,1.241
-0.527,-0.145
-0.672,-0.316
-0.848,0.86
-0.879,0.11
-0.887,-2.534
-0.917,1.373
-0.848,-1.399
-1.026,-0.465
-1.041,-0.609
-1.105,-0.202
-1.097,-2.582
-1.233,-1.301
-1.399,-2.304
-1.616,-0.828
-1.649,-1.078
-1.774,-0.144
-1.676,-0.491
-1.822,0.237
-1.714,0.271
-1.803,-1.273
-1.87,-0.332
-3.008,-2.796
3.092,-2.98
2.399,-2.769
1.889,-2.951
1.553,-2.978
1.204,-2.854
0.194,-2.93
-0.211,-2.891
-0.432,-2.881
-0.544,-3.054
-1.384,-3.036
-1.241,-2.684
-2.604,1.666
-2.938,1.452
3.04,1.625
3.001,1.38
2.615,1.509
2.461,1.541
2.435,1.706
2.52,1.693
2.297,1.671
2.127,1.594
2.084,1.7
1.732,1.69
1.277,1.573
0.315,1.584
0.411,1.426
0.063,1.476
-1.496,1.561
2.999,0.017
2.849,-0.789
2.839,0.873
0.014,-2.172
-0.088,-0.82
-0.086,-0.916
-0.454,0.413
-0.997,-0.578
-2.62,-1.36
2.503,-0.699
1.051,0.787
0.196,0.8
-0.423,0.28
-1.225,-0.73
-1.22,-0.493
-1.185,-0.374
-1.415,0.756
2.78,-1.595
1.063,-0.431
-0.415,-0.418
-1.217,-2.323
-2.844,-2.37
2.658,-2.318
2.728,-2.456
-2.432,1.689
-0.098,-0.419
-0.07,0.48
-0.139,2.69
-0.163,-0.394
-0.143,2.643
-0.15,2.577
-0.225,2.35
-0.185,0.243
-0.275,-0.49
-0.227,2.44
-0.375,2.063
-0.301,1.582
-0.383,1.711
-0.468,1.633
-0.47,-0.04
-0.47,2.461
-0.597,1.86
-0.55,1.406
-0.582,0.196
-0.66,1.431
-0.772,0.053
-0.786,0.958
-0.831,0.367
-0.778,-0.381
-0.908,0.686
-0.904,0.631
-0.966,0.793
-1.038,0.516
-1.032,1.332
-1.092,0.192
-1.223,0.495
-1.28,-0.463
-1.231,0.72
-1.335,-1.3
-1.349,-0.168
-1.428,0.142
-1.424,-0.336
-1.461,-0.367
-1.502,0.149
-1.711,-0.412
-1.726,1.608
-1.806,-0.106
-1.864,0.986
-1.891,-0.622
-1.897,-0.801
-2.522,-1.531
-2.558,-1.695
2.542,-1.766
2.399,-1.591
2.407,-1.772
2.279,-1.304
2.132,-1.657
1.906,-1.731
1.559,-1.698
0.891,-1.441
0.735,-1.53
0.503,-1.731
-0.386,-1.564
-2.267,2.969
-2.76,2.999
-3.095,2.747
2.676,2.95
2.595,2.788
2.1,2.769
0.842,3.009
0.412,2.642
-1.144,2.809
-1.379,2.828
-1.398,2.967
-2.939,-0.445
2.365,2.623
-0.216,1.724
-1.716,2.629
1.21,2.937
-0.134,2.817
-1.955,1.455
-2.119,-0.593
-2.168,-1.003
-2.251,2.451
-2.445,2.427
-2.531,2.119
-2.504,0.16
-2.404,2.292
-2.521,-1.114
-2.441,0.018
-2.735,1.542
-2.831,-0.182
-2.973,1.003
-2.866,-0.496
-2.941,0.169
-3.059,-0.261
-3.021,1.069
3.098,-0.149
2.946,0.403
2.941,-0.292
2.729,1.266
2.623,-0.705
2.623,1.385
2.711,1.125
2.586,-0.347
2.573,1.277
2.533,-1.269
2.667,-0.463
2.481,1.961
2.624,-1.111
2.463,1.411
2.537,-0.221
2.436,-0.942
2.265,1.649
2.343,2.06
2.324,1.011
2.199,2.456
2.075,-0.118
2.182,1.424
2.153,1.816
1.939,1.848
1.948,2.371
1.937,0.922
1.991,2.08
1.988,-0.177
1.951,-0.122
1.792,2.082
1.902,0.397
1.684,1.81
1.641,-0.272
1.601,0.416
1.393,-1.288
1.342,0.254
1.359,0.155
1.243,1.428
1.115,-0.913
1.079,1.539
0.973,-0.275
0.843,1.403
0.816,-0.24
0.64,1.349
0.552,1.416
0.573,1.017
0.453,2.565
0.445,2.223
0.525,-0.472
0.411,-1.304
0.258,2.576
0.247,0.061
0.167,2.514
0.19,-0.043
0.184,1.575
0.024,-0.98
0.148,1.763
0.084,2.199
-0.122,1.966
-0.212,0.486
-0.39,2.311
-0.373,0.909
-0.388,2.528
-0.46,1.142
-0.605,0.971
-0.781,2.147
-0.812,1.397
-0.82,-1.247
-0.85,2.66
-0.781,-0.112
-0.959,0.822
-0.974,0.678
-1.038,1.085
-1.03,-1.295
-1.166,-0.014
-1.332,-1.017
-1.549,0.459
-1.582,0.209
-1.707,1.143
-1.609,0.796
-1.755,1.524
-1.647,1.558
-1.736,0.014
-1.803,0.955
-2.941,-1.509
-3.124,-1.693
2.466,-1.482
1.956,-1.664
1.62,-1.691
1.271,-1.567
0.261,-1.643
-0.144,-1.604
-0.365,-1.594
-0.477,-1.767
-1.317,-1.749
-1.174,-1.397
-2.537,2.953
-2.871,2.739
3.107,2.912
3.068,2.667
2.682,2.796
2.528,2.828
2.502,2.993
2.587,2.98
2.364,2.958
2.194,2.881
2.151,2.987
1.799,2.977
1.344,2.86
0.382,2.871
0.478,2.713
0.13,2.763
-1.429,2.848
3.066,1.304
2.916,0.498
2.906,2.16
0.081,-0.885
-0.021,0.467
-0.019,0.371
-0.387,1.7
-0.93,0.709
-2.553,-0.073
2.57,0.588
1.118,2.074
0.263,2.087
-0.356,1.567
-1.158,0.557
-1.153,0.794
-1.118,0.913
-1.348,2.043
2.847,-0.308
1.13,0.856
-0.348,0.869
-1.15,-1.036
-2.777,-1.083
2.725,-1.031
2.795,-1.169
-2.365,2.976
0.028,0.899
-0.041,3.109
-0.065,0.025
-0.045,3.062
-0.052,2.996
-0.127,2.769
-0.087,0.662
-0.177,-0.071
-0.129,2.859
-0.277,2.482
-0.203,2.001
-0.285,2.13
-0.37,2.052
-0.372,0.379
-0.372,2.88
-0.499,2.279
-0.452,1.825
-0.484,0.615
-0.562,1.85
-0.674,0.472
-0.688,1.377
-0.733,0.786
-0.68,0.038
-0.81,1.105
-0.806,1.05
-0.868,1.212
-0.94,0.935
-0.934,1.751
-0.994,0.611
-1.125,0.914
-1.182,-0.044
-1.133,1.139
-1.237,-0.881
-1.251,0.251
-1.33,0.561
-1.326,0.083
-1.363,0.052
-1.404,0.568
-1.613,0.007
-1.628,2.027
-1.708,0.313
-1.766,1.405
-1.793,-0.203
-1.799,-0.382
-2.424,-1.112
-2.46,-1.276
2.64,-1.347
2.497,-1.172
2.505,-1.353
2.377,-0.885
2.23,-1.238
2.004,-1.312
1.657,-1.279
0.989,-1.022
0.833,-1.111
0.601,-1.312
-0.288,-1.145
-2.169,3.388
-2.662,3.418
-2.997,3.166
2.774,3.369
2.693,3.207
2.198,3.188
0.94,3.428
0.51,3.061
-1.046,3.228
-1.281,3.247
-1.3,3.386
-2.841,-0.026
2.463,3.042
-0.118,2.143
-1.618,3.048
1.308,3.356
-0.036,3.236
-1.857,1.874
-2.021,-0.174
-2.07,-0.584
-2.153,2.87
-2.347,2.846
-2.433,2.538
-2.406,0.579
-2.306,2.711
-2.423,-0.695
-2.343,0.437
-2.637,1.961
-2.733,0.237
-2.875,1.422
-2.768,-0.077
-2.843,0.588
-2.961,0.158
-2.923,1.488
-3.087,0.27
3.044,0.822
3.039,0.127
2.827,1.685
2.721,-0.286
2.721,1.804
2.809,1.544
2.684,0.072
2.671,1.696
2.631,-0.85
2.765,-0.044
2.579,2.38
2.722,-0.692
2.561,1.83
2.635,0.198
2.534,-0.523
2.363,2.068
2.441,2.479
2.422,1.43
2.297,2.875
2.173,0.301
2.28,1.843
2.251,2.235
2.037,2.267
2.046,2.79
2.035,1.341
2.089,2.499
2.086,0.242
2.049,0.297
1.89,2.501
2.0,0.816
1.782,2.229
1.739,0.147
1.699,0.835
1.491,-0.869
1.44,0.673
1.457,0.574
1.341,1.847
1.213,-0.494
1.177,1.958
1.071,0.144
0.941,1.822
0.914,0.179
0.738,1.768
0.65,1.835
0.671,1.436
0.551,2.984
0.543,2.642
0.623,-0.053
0.509,-0.885
0.356,2.995
0.345,0.48
0.265,2.933
0.288,0.376
0.282,1.994
0.122,-0.561
0.246,2.182
0.182,2.618
-0.024,2.385
-0.114,0.905
-0.292,2.73
-0.275,1.328
-0.29,2.947
-0.362,1.561
-0.507,1.39
-0.683,2.566
-0.714,1.816
-0.722,-0.828
-0.752,3.079
-0.683,0.307
-0.861,1.241
-0.876,1.097
-0.94,1.504
-0.932,-0.876
-1.068,0.405
-1.234,-0.598
-1.451,0.878
-1.484,0.628
-1.609,1.562
-1.511,1.215
-1.657,1.943
-1.549,1.977
-1.638,0.433
-1.705,1.374
-2.843,-1.09
-3.026,-1.274
2.564,-1.063
2.054,-1.245
1.718,-1.272
1.369,-1.148
0.359,-1.224
-0.046,-1.185
-0.267,-1.175
-0.379,-1.348
-1.219,-1.33
-1.076,-0.978
-2.439,3.372
-2.773,3.158
-3.078,3.331
-3.117,3.086
2.78,3.215
2.626,3.247
2.6,3.412
2.685,3.399
2.462,3.377
2.292,3.3
2.249,3.406
1.897,3.396
1.442,3.279
0.48,3.29
0.576,3.132
0.228,3.182
-1.331,3.267
-3.119,1.723
3.014,0.917
3.004,2.579
0.179,-0.466
0.077,0.886
0.079,0.79
-0.289,2.119
-0.832,1.128
-2.455,0.346
2.668,1.007
1.216,2.493
0.361,2.506
-0.258,1.986
-1.06,0.976
-1.055,1.213
-1.02,1.332
-1.25,2.462
2.945,0.111
1.228,1.275
-0.25,1.288
-1.052,-0.617
-2.679,-0.664
2.823,-0.612
2.893,-0.75
-2.267,3.395
-0.069,2.21
-0.093,-0.874
-0.073,2.163
-0.08,2.097
-0.155,1.87
-0.115,-0.237
-0.205,-0.97
-0.157,1.96
-0.305,1.583
-0.231,1.102
-0.313,1.231
-0.398,1.153
-0.4,-0.52
-0.4,1.981
-0.527,1.38
-0.48,0.926
-0.512,-0.284
-0.59,0.951
-0.702,-0.427
-0.716,0.478
-0.761,-0.113
-0.708,-0.861
-0.838,0.206
-0.834,0.151
-0.896,0.313
-0.968,0.036
-0.962,0.852
-1.022,-0.288
-1.153,0.015
-1.21,-0.943
-1.161,0.24
-1.265,-1.78
-1.279,-0.648
-1.358,-0.338
-1.354,-0.816
-1.391,-0.847
-1.432,-0.331
-1.641,-0.892
-1.656,1.128
-1.736,-0.586
-1.794,0.506
-1.821,-1.102
-1.827,-1.281
-2.452,-2.011
-2.488,-2.175
2.612,-2.246
2.469,-2.071
2.477,-2.252
2.349,-1.784
2.202,-2.137
1.976,-2.211
1.629,-2.178
0.961,-1.921
0.805,-2.01
0.573,-2.211
-0.316,-2.044
-2.197,2.489
-2.69,2.519
-3.025,2.267
2.746,2.47
2.665,2.308
2.17,2.289
0.912,2.529
0.482,2.162
-1.074,2.329
-1.309,2.348
-1.328,2.487
-2.869,-0.925
2.435,2.143
-0.146,1.244
-1.646,2.149
1.28,2.457
-0.064,2.337
-1.885,0.975
-2.049,-1.073
-2.098,-1.483
-2.181,1.971
-2.375,1.947
-2.461,1.639
-2.434,-0.32
-2.334,1.812
-2.451,-1.594
-2.371,-0.462
-2.665,1.062
-2.761,-0.662
-2.903,0.523
-2.796,-0.976
-2.871,-0.311
-2.989,-0.741
-2.951,0.589
-3.115,-0.629
3.016,-0.077
3.011,-0.772
2.799,0.786
2.693,-1.185
2.693,0.905
2.781,0.645
2.656,-0.827
2.643,0.797
2.603,-1.749
2.737,-0.943
2.551,1.481
2.694,-1.591
2.533,0.931
2.607,-0.701
2.506,-1.422
2.335,1.169
2.413,1.58
2.394,0.531
2.269,1.976
2.145,-0.598
2.252,0.944
2.223,1.336
2.009,1.368
2.018,1.891
2.007,0.442
2.061,1.6
2.058,-0.657
2.021,-0.602
1.862,1.602
1.972,-0.083
1.754,1.33
1.711,-0.752
1.671,-0.064
1.463,-1.768
1.412,-0.226
1.429,-0.325
1.313,0.948
1.185,-1.393
1.149,1.059
1.043,-0.755
0.913,0.923
0.886,-0.72
0.71,0.869
0.622,0.936
0.643,0.537
0.523,2.085
0.515,1.743
0.595,-0.952
0.481,-1.784
0.328,2.096
0.317,-0.419
0.237,2.034
0.26,-0.523
0.254,1.095
0.094,-1.46
0.218,1.283
0.154,1.719
-0.052,1.486
-0.142,0.006
-0.32,1.831
-0.303,0.429
-0.318,2.048
-0.39,0.662
-0.535,0.491
-0.711,1.667
-0.742,0.917
-0.75,-1.727
-0.78,2.18
-0.711,-0.592
-0.889,0.342
-0.904,0.198
-0.968,0.605
-0.96,-1.775
-1.096,-0.494
-1.262,-1.497
-1.479,-0.021
-1.512,-0.271
-1.637,0.663
-1.539,0.316
-1.685,1.044
-1.577,1.078
-1.666,-0.466
-1.733,0.475
-2.871,-1.989
-3.054,-2.173
2.536,-1.962
2.026,-2.144
1.69,-2.171
1.341,-2.047
0.331,-2.123
-0.074,-2.084
-0.295,-2.074
-0.407,-2.247
-1.247,-2.229
-1.104,-1.877
-2.467,2.473
-2.801,2.259
-3.106,2.432
3.138,2.187
2.752,2.316
2.598,2.348
2.572,2.513
2.657,2.5
2.434,2.478
2.264,2.401
2.221,2.507
1.869,2.497
1.414,2.38
0.452,2.391
0.548,2.233
0.2,2.283
-1.359,2.368
3.136,0.824
2.986,0.018
2.976,1.68
0.151,-1.365
0.049,-0.013
0.051,-0.109
-0.317,1.22
-0.86,0.229
-2.483,-0.553
2.64,0.108
1.188,1.594
0.333,1.607
-0.286,1.087
-1.088,0.077
-1.083,0.314
-1.048,0.433
-1.278,1.563
2.917,-0.788
1.2,0.376
-0.278,0.389
-1.08,-1.516
-2.707,-1.563
2.795,-1.511
2.865,-1.649
-2.295,2.496
-0.024,-3.084
-0.004,-0.047
-0.011,-0.113
-0.086,-0.34
-0.046,-2.447
-0.136,-3.18
-0.088,-0.25
-0.236,-0.627
-0.162,-1.108
-0.244,-0.979
-0.329,-1.057
-0.331,-2.73
-0.331,-0.229
-0.458,-0.83
-0.411,-1.284
-0.443,-2.494
-0.521,-1.259
-0.633,-2.637
-0.647,-1.732
-0.692,-2.323
-0.639,-3.071
-0.769,-2.004
-0.765,-2.059
-0.827,-1.897
-0.899,-2.174
-0.893,-1.358
-0.953,-2.498
-1.084,-2.195
-1.141,-3.153
-1.092,-1.97
-1.196,-3.99
-1.21,-2.858
-1.289,-2.548
-1.285,-3.026
-1.322,-3.057
-1.363,-2.541
-1.572,-3.102
-1.587,-1.082
-1.667,-2.796
-1.725,-1.704
-1.752,-3.312
-1.758,-3.491
-2.383,-4.221
-2.419,-4.385
2.681,-4.456
2.538,-4.281
2.546,-4.462
2.418,-3.994
2.271,-4.347
2.045,-4.421
1.698,-4.388
1.03,-4.131
0.874,-4.22
0.642,-4.421
-0.247,-4.254
-2.128,0.279
-2.621,0.309
-2.956,0.057
2.815,0.26
2.734,0.098
2.239,0.079
0.981,0.319
0.551,-0.048
-1.005,0.119
-1.24,0.138
-1.259,0.277
-2.8,-3.135
2.504,-0.067
-0.077,-0.966
-1.577,-0.061
1.349,0.247
0.005,0.127
-1.816,-1.235
-1.98,-3.283
-2.029,-3.693
-2.112,-0.239
-2.306,-0.263
-2.392,-0.571
-2.365,-2.53
-2.265,-0.398
-2.382,-3.804
-2.302,-2.672
-2.596,-1.148
-2.692,-2.872
-2.834,-1.687
-2.727,-3.186
-2.802,-2.521
-2.92,-2.951
-2.882,-1.621
-3.046,-2.839
3.085,-2.287
3.08,-2.982
2.868,-1.424
2.762,-3.395
2.762,-1.305
2.85,-1.565
2.725,-3.037
2.712,-1.413
2.672,-3.959
2.806,-3.153
2.62,-0.729
2.763,-3.801
2.602,-1.279
2.676,-2.911
2.575,-3.632
2.404,-1.041
2.482,-0.63
2.463,-1.679
2.338,-0.234
2.214,-2.808
2.321,-1.266
2.292,-0.874
2.078,-0.842
2.087,-0.319
2.076,-1.768
2.13,-0.61
2.127,-2.867
2.09,-2.812
1.931,-0.608
2.041,-2.293
1.823,-0.88
1.78,-2.962
1.74,-2.274
1.532,-3.978
1.481,-2.436
1.498,-2.535
1.382,-1.262
1.254,-3.603
1.218,-1.151
1.112,-2.965
0.982,-1.287
0.955,-2.93
0.779,-1.341
0.691,-1.274
0.712,-1.673
0.592,-0.125
0.584,-0.467
0.664,-3.162
0.55,-3.994
0.397,-0.114
0.386,-2.629
0.306,-0.176
0.329,-2.733
0.323,-1.115
0.163,-3.67
0.287,-0.927
0.223,-0.491
0.017,-0.724
-0.073,-2.204
-0.251,-0.379
-0.234,-1.781
-0.249,-0.162
-0.321,-1.548
-0.466,-1.719
-0.642,-0.543
-0.673,-1.293
-0.681,-3.937
-0.711,-0.03
-0.642,-2.802
-0.82,-1.868
-0.835,-2.012
-0.899,-1.605
-0.891,-3.985
-1.027,-2.704
-1.193,-3.707
-1.41,-2.231
-1.443,-2.481
-1.568,-1.547
-1.47,-1.894
-1.616,-1.166
-1.508,-1.132
-1.597,-2.676
-1.664,-1.735
-2.802,-4.199
-2.985,-4.383
2.605,-4.172
2.095,-4.354
1.759,-4.381
1.41,-4.257
0.4,-4.333
-0.005,-4.294
-0.226,-4.284
-0.338,-4.457
-1.178,-4.439
-1.035,-4.087
-2.398,0.263
-2.732,0.049
-3.037,0.222
-3.076,-0.023
2.821,0.106
2.667,0.138
2.641,0.303
2.726,0.29
2.503,0.268
2.333,0.191
2.29,0.297
1.938,0.287
1.483,0.17
0.521,0.181
0.617,0.023
0.269,0.073
-1.29,0.158
-3.078,-1.386
3.055,-2.192
3.045,-0.53
0.22,-3.575
0.118,-2.223
0.12,-2.319
-0.248,-0.99
-0.791,-1.981
-2.414,-2.763
2.709,-2.102
1.257,-0.616
0.402,-0.603
-0.217,-1.123
-1.019,-2.133
-1.014,-1.896
-0.979,-1.777
-1.209,-0.647
2.986,-2.998
1.269,-1.834
-0.209,-1.821
-1.011,-3.726
-2.638,-3.773
2.864,-3.721
2.934,-3.859
-2.226,0.286
0.02,3.037
0.013,2.971
-0.062,2.744
-0.022,0.637
-0.112,-0.096
-0.064,2.834
-0.212,2.457
-0.138,1.976
-0.22,2.105
-0.305,2.027
-0.307,0.354
-0.307,2.855
-0.434,2.254
-0.387,1.8
-0.419,0.59
-0.497,1.825
-0.609,0.447
-0.623,1.352
-0.668,0.761
-0.615,0.013
-0.745,1.08
-0.741,1.025
-0.803,1.187
-0.875,0.91
-0.869,1.726
-0.929,0.586
-1.06,0.889
-1.117,-0.069
-1.068,1.114
-1.172,-0.906
-1.186,0.226
-1.265,0.536
-1.261,0.058
-1.298,0.027
-1.339,0.543
-1.548,-0.018
-1.563,2.002
-1.643,0.288
-1.701,1.38
-1.728,-0.228
-1.734,-0.407
-2.359,-1.137
-2.395,-1.301
2.705,-1.372
2.562,-1.197
2.57,-1.378
2.442,-0.91
2.295,-1.263
2.069,-1.337
1.722,-1.304
1.054,-1.047
0.898,-1.136
0.666,-1.337
-0.223,-1.17
-2.104,3.363
-2.597,3.393
-2.932,3.141
2.839,3.344
2.758,3.182
2.263,3.163
1.005,3.403
0.575,3.036
-0.981,3.203
-1.216,3.222
-1.235,3.361
-2.776,-0.051
2.528,3.017
-0.053,2.118
-1.553,3.023
1.373,3.331
0.029,3.211
-1.792,1.849
-1.956,-0.199
-2.005,-0.609
-2.088,2.845
-2.282,2.821
-2.368,2.513
-2.341,0.554
-2.241,2.686
-2.358,-0.72
-2.278,0.412
-2.572,1.936
-2.668,0.212
-2.81,1.397
-2.703,-0.102
-2.778,0.563
-2.896,0.133
-2.858,1.463
-3.022,0.245
3.109,0.797
3.104,0.102
2.892,1.66
2.786,-0.311
2.786,1.779
2.874,1.519
2.749,0.047
2.736,1.671
2.696,-0.875
2.83,-0.069
2.644,2.355
2.787,-0.717
2.626,1.805
2.7,0.173
2.599,-0.548
2.428,2.043
2.506,2.454
2.487,1.405
2.362,2.85
2.238,0.276
2.345,1.818
2.316,2.21
2.102,2.242
2.111,2.765
2.1,1.316
2.154,2.474
2.151,0.217
2.114,0.272
1.955,2.476
2.065,0.791
1.847,2.204
1.804,0.122
1.764,0.81
1.556,-0.894
1.505,0.648
1.522,0.549
1.406,1.822
1.278,-0.519
1.242,1.933
1.136,0.119
1.006,1.797
0.979,0.154
0.803,1.743
0.715,1.81
0.736,1.411
0.616,2.959
0.608,2.617
0.688,-0.078
0.574,-0.91
0.421,2.97
0.41,0.455
0.33,2.908
0.353,0.351
0.347,1.969
0.187,-0.586
0.311,2.157
0.247,2.593
0.041,2.36
-0.049,0.88
-0.227,2.705
-0.21,1.303
-0.225,2.922
-0.297,1.536
-0.442,1.365
-0.618,2.541
-0.649,1.791
-0.657,-0.853
-0.687,3.054
-0.618,0.282
-0.796,1.216
-0.811,1.072
-0.875,1.479
-0.867,-0.901
-1.003,0.38
-1.169,-0.623
-1.386,0.853
-1.419,0.603
-1.544,1.537
-1.446,1.19
-1.592,1.918
-1.484,1.952
-1.573,0.408
-1.64,1.349
-2.778,-1.115
-2.961,-1.299
2.629,-1.088
2.119,-1.27
1.783,-1.297
1.434,-1.173
0.424,-1.249
0.019,-1.21
-0.202,-1.2
-0.314,-1.373
-1.154,-1.355
-1.011,-1.003
-2.374,3.347
-2.708,3.133
-3.013,3.306
-3.052,3.061
2.845,3.19
2.691,3.222
2.665,3.387
2.75,3.374
2.527,3.352
2.357,3.275
2.314,3.381
1.962,3.371
1.507,3.254
0.545,3.265
0.641,3.107
0.293,3.157
-1.266,3.242
-3.054,1.698
3.079,0.892
3.069,2.554
0.244,-0.491
0.142,0.861
0.144,0.765
-0.224,2.094
-0.767,1.103
-2.39,0.321
2.733,0.982
1.281,2.468
0.426,2.481
-0.193,1.961
-0.995,0.951
-0.99,1.188
-0.955,1.307
-1.185,2.437
3.01,0.086
1.293,1.25
-0.185,1.263
-0.987,-0.642
-2.614,-0.689
2.888,-0.637
2.958,-0.775
-2.202,3.37
-0.007,-0.066
-0.082,-0.293
-0.042,-2.4
-0.132,-3.133
-0.084,-0.203
-0.232,-0.58
-0.158,-1.061
-0.24,-0.932
-0.325,-1.01
-0.327,-2.683
-0.327,-0.182
-0.454,-0.783
-0.407,-1.237
-0.439,-2.447
-0.517,-1.212
-0.629,-2.59
-0.643,-1.685
-0.688,-2.276
-0.635,-3.024
-0.765,-1.957
-0.761,-2.012
-0.823,-1.85
-0.895,-2.127
-0.889,-1.311
-0.949,-2.451
-1.08,-2.148
-1.137,-3.106
-1.088,-1.923
-1.192,-3.943
-1.206,-2.811
-1.285,-2.501
-1.281,-2.979
-1.318,-3.01
-1.359,-2.494
-1.568,-3.055
-1.583,-1.035
-1.663,-2.749
-1.721,-1.657
-1.748,-3.265
-1.754,-3.444
-2.379,-4.174
-2.415,-4.338
2.685,-4.409
2.542,-4.234
2.55,-4.415
2.422,-3.947
2.275,-4.3
2.049,-4.374
1.702,-4.341
1.034,-4.084
0.878,-4.173
0.646,-4.374
-0.243,-4.207
-2.124,0.326
-2.617,0.356
-2.952,0.104
2.819,0.307
2.738,0.145
2.243,0.126
0.985,0.366
0.555,-0.001
-1.001,0.166
-1.236,0.185
-1.255,0.324
-2.796,-3.088
2.508,-0.02
-0.073,-0.919
-1.573,-0.014
1.353,0.294
0.009,0.174
-1.812,-1.188
-1.976,-3.236
-2.025,-3.646
-2.108,-0.192
-2.302,-0.216
-2.388,-0.524
-2.361,-2.483
-2.261,-0.351
-2.378,-3.757
-2.298,-2.625
-2.592,-1.101
-2.688,-2.825
-2.83,-1.64
-2.723,-3.139
-2.798,-2.474
-2.916,-2.904
-2.878,-1.574
-3.042,-2.792
3.089,-2.24
3.084,-2.935
2.872,-1.377
2.766,-3.348
2.766,-1.258
2.854,-1.518
2.729,-2.99
2.716,-1.366
2.676,-3.912
2.81,-3.106
2.624,-0.682
2.767,-3.754
2.606,-1.232
2.68,-2.864
2.579,-3.585
2.408,-0.994
2.486,-0.583
2.467,-1.632
2.342,-0.187
2.218,-2.761
2.325,-1.219
2.296,-0.827
2.082,-0.795
2.091,-0.272
2.08,-1.721
2.134,-0.563
2.131,-2.82
2.094,-2.765
1.935,-0.561
2.045,-2.246
1.827,-0.833
1.784,-2.915
1.744,-2.227
1.536,-3.931
1.485,-2.389
1.502,-2.488
1.386,-1.215
1.258,-3.556
1.222,-1.104
1.116,-2.918
0.986,-1.24
0.959,-2.883
0.783,-1.294
0.695,-1.227
0.716,-1.626
0.596,-0.078
0.588,-0.42
0.668,-3.115
0.554,-3.947
0.401,-0.067
0.39,-2.582
0.31,-0.129
0.333,-2.686
0.327,-1.068
0.167,-3.623
0.291,-0.88
0.227,-0.444
0.021,-0.677
-0.069,-2.157
-0.247,-0.332
-0.23,-1.734
-0.245,-0.115
-0.317,-1.501
-0.462,-1.672
-0.638,-0.496
-0.669,-1.246
-0.677,-3.89
-0.707,0.017
-0.638,-2.755
-0.816,-1.821
-0.831,-1.965
-0.895,-1.558
-0.887,-3.938
-1.023,-2.657
-1.189,-3.66
-1.406,-2.184
-1.439,-2.434
-1.564,-1.5
-1.466,-1.847
-1.612,-1.119
-1.504,-1.085
-1.593,-2.629
-1.66,-1.688
-2.798,-4.152
-2.981,-4.336
2.609,-4.125
2.099,-4.307
1.763,-4.334
1.414,-4.21
0.404,-4.286
-0.001,-4.247
-0.222,-4.237
-0.334,-4.41
-1.174,-4.392
-1.031,-4.04
-2.394,0.31
-2.728,0.096
-3.033,0.269
-3.072,0.024
2.825,0.153
2.671,0.185
2.645,0.35
2.73,0.337
2.507,0.315
2.337,0.238
2.294,0.344
1.942,0.334
1.487,0.217
0.525,0.228
0.621,0.07
0.273,0.12
-1.286,0.205
-3.074,-1.339
3.059,-2.145
3.049,-0.483
0.224,-3.528
0.122,-2.176
0.124,-2.272
-0.244,-0.943
-0.787,-1.934
-2.41,-2.716
2.713,-2.055
1.261,-0.569
0.406,-0.556
-0.213,-1.076
-1.015,-2.086
-1.01,-1.849
-0.975,-1.73
-1.205,-0.6
2.99,-2.951
1.273,-1.787
-0.205,-1.774
-1.007,-3.679
-2.634,-3.726
2.868,-3.674
2.938,-3.812
-2.222,0.333
-0.075,-0.227
-0.035,-2.334
-0.125,-3.067
-0.077,-0.137
-0.225,-0.514
-0.151,-0.995
-0.233,-0.866
-0.318,-0.944
-0.32,-2.617
-0.32,-0.116
-0.447,-0.717
-0.4,-1.171
-0.432,-2.381
-0.51,-1.146
-0.622,-2.524
-0.636,-1.619
-0.681,-2.21
-0.628,-2.958
-0.758,-1.891
-0.754,-1.946
-0.816,-1.784
-0.888,-2.061
-0.882,-1.245
-0.942,-2.385
-1.073,-2.082
-1.13,-3.04
-1.081,-1.857
-1.185,-3.877
-1.199,-2.745
-1.278,-2.435
-1.274,-2.913
-1.311,-2.944
-1.352,-2.428
-1.561,-2.989
-1.576,-0.969
-1.656,-2.683
-1.714,-1.591
-1.741,-3.199
-1.747,-3.378
-2.372,-4.108
-2.408,-4.272
2.692,-4.343
2.549,-4.168
2.557,-4.349
2.429,-3.881
2.282,-4.234
2.056,-4.308
1.709,-4.275
1.041,-4.018
0.885,-4.107
0.653,-4.308
-0.236,-4.141
-2.117,0.392
-2.61,0.422
-2.945,0.17
2.826,0.373
2.745,0.211
2.25,0.192
0.992,0.432
0.562,0.065
-0.994,0.232
-1.229,0.251
-1.248,0.39
-2.789,-3.022
2.515,0.046
-0.066,-0.853
-1.566,0.052
1.36,0.36
0.016,0.24
-1.805,-1.122
-1.969,-3.17
-2.018,-3.58
-2.101,-0.126
-2.295,-0.15
-2.381,-0.458
-2.354,-2.417
-2.254,-0.285
-2.371,-3.691
-2.291,-2.559
-2.585,-1.035
-2.681,-2.759
-2.823,-1.574
-2.716,-3.073
-2.791,-2.408
-2.909,-2.838
-2.871,-1.508
-3.035,-2.726
3.096,-2.174
3.091,-2.869
2.879,-1.311
2.773,-3.282
2.773,-1.192
2.861,-1.452
2.736,-2.924
2.723,-1.3
2.683,-3.846
2.817,-3.04
2.631,-0.616
2.774,-3.688
2.613,-1.166
2.687,-2.798
2.586,-3.519
2.415,-0.928
2.493,-0.517
2.474,-1.566
2.349,-0.121
2.225,-2.695
2.332,-1.153
2.303,-0.761
2.089,-0.729
2.098,-0.206
2.087,-1.655
2.141,-0.497
2.138,-2.754
2.101,-2.699
1.942,-0.495
2.052,-2.18
1.834,-0.767
1.791,-2.849
1.751,-2.161
1.543,-3.865
1.492,-2.323
1.509,-2.422
1.393,-1.149
1.265,-3.49
1.229,-1.038
1.123,-2.852
0.993,-1.174
0.966,-2.817
0.79,-1.228
0.702,-1.161
0.723,-1.56
0.603,-0.012
0.595,-0.354
0.675,-3.049
0.561,-3.881
0.408,-0.001
0.397,-2.516
0.317,-0.063
0.34,-2.62
0.334,-1.002
0.174,-3.557
0.298,-0.814
0.234,-0.378
0.028,-0.611
-0.062,-2.091
-0.24,-0.266
-0.223,-1.668
-0.238,-0.049
-0.31,-1.435
-0.455,-1.606
-0.631,-0.43
-0.662,-1.18
-0.67,-3.824
-0.7,0.083
-0.631,-2.689
-0.809,-1.755
-0.824,-1.899
-0.888,-1.492
-0.88,-3.872
-1.016,-2.591
-1.182,-3.594
-1.399,-2.118
-1.432,-2.368
-1.557,-1.434
-1.459,-1.781
-1.605,-1.053
-1.497,-1.019
-1.586,-2.563
-1.653,-1.622
-2.791,-4.086
-2.974,-4.27
2.616,-4.059
2.106,-4.241
1.77,-4.268
1.421,-4.144
0.411,-4.22
0.006,-4.181
-0.215,-4.171
-0.327,-4.344
-1.167,-4.326
-1.024,-3.974
-2.387,0.376
-2.721,0.162
-3.026,0.335
-3.065,0.09
2.832,0.219
2.678,0.251
2.652,0.416
2.737,0.403
2.514,0.381
2.344,0.304
2.301,0.41
1.949,0.4
1.494,0.283
0.532,0.294
0.628,0.136
0.28,0.186
-1.279,0.271
-3.067,-1.273
3.066,-2.079
3.056,-0.417
0.231,-3.462
0.129,-2.11
0.131,-2.206
-0.237,-0.877
-0.78,-1.868
-2.403,-2.65
2.72,-1.989
1.268,-0.503
0.413,-0.49
-0.206,-1.01
-1.008,-2.02
-1.003,-1.783
-0.968,-1.664
-1.198,-0.534
2.997,-2.885
1.28,-1.721
-0.198,-1.708
-1.0,-3.613
-2.627,-3.66
2.875,-3.608
2.945,-3.746
-2.215,0.399
0.04,-2.107
-0.05,-2.84
-0.002,0.09
-0.15,-0.287
-0.076,-0.768
-0.158,-0.639
-0.243,-0.717
-0.245,-2.39
-0.245,0.111
-0.372,-0.49
-0.325,-0.944
-0.357,-2.154
-0.435,-0.919
-0.547,-2.297
-0.561,-1.392
-0.606,-1.983
-0.553,-2.731
-0.683,-1.664
-0.679,-1.719
-0.741,-1.557
-0.813,-1.834
-0.807,-1.018
-0.867,-2.158
-0.998,-1.855
-1.055,-2.813
-1.006,-1.63
-1.11,-3.65
-1.124,-2.518
-1.203,-2.208
-1.199,-2.686
-1.236,-2.717
-1.277,-2.201
-1.486,-2.762
-1.501,-0.742
-1.581,-2.456
-1.639,-1.364
-1.666,-2.972
-1.672,-3.151
-2.297,-3.881
-2.333,-4.045
2.767,-4.116
2.624,-3.941
2.632,-4.122
2.504,-3.654
2.357,-4.007
2.131,-4.081
1.784,-4.048
1.116,-3.791
0.96,-3.88
0.728,-4.081
-0.161,-3.914
-2.042,0.619
-2.535,0.649
-2.87,0.397
2.901,0.6
2.82,0.438
2.325,0.419
1.067,0.659
0.637,0.292
-0.919,0.459
-1.154,0.478
-1.173,0.617
-2.714,-2.795
2.59,0.273
0.009,-0.626
-1.491,0.279
1.435,0.587
0.091,0.467
-1.73,-0.895
-1.894,-2.943
-1.943,-3.353
-2.026,0.101
-2.22,0.077
-2.306,-0.231
-2.279,-2.19
-2.179,-0.058
-2.296,-3.464
-2.216,-2.332
-2.51,-0.808
-2.606,-2.532
-2.748,-1.347
-2.641,-2.846
-2.716,-2.181
-2.834,-2.611
-2.796,-1.281
-2.96,-2.499
-3.112,-1.947
-3.117,-2.642
2.954,-1.084
2.848,-3.055
2.848,-0.965
2.936,-1.225
2.811,-2.697
2.798,-1.073
2.758,-3.619
2.892,-2.813
2.706,-0.389
2.849,-3.461
2.688,-0.939
2.762,-2.571
2.661,-3.292
2.49,-0.701
2.568,-0.29
2.549,-1.339
2.424,0.106
2.3,-2.468
2.407,-0.926
2.378,-0.534
2.164,-0.502
2.173,0.021
2.162,-1.428
2.216,-0.27
2.213,-2.527
2.176,-2.472
2.017,-0.268
2.127,-1.953
1.909,-0.54
1.866,-2.622
1.826,-1.934
1.618,-3.638
1.567,-2.096
1.584,-2.195
1.468,-0.922
1.34,-3.263
1.304,-0.811
1.198,-2.625
1.068,-0.947
1.041,-2.59
0.865,-1.001
0.777,-0.934
0.798,-1.333
0.678,0.215
0.67,-0.127
0.75,-2.822
0.636,-3.654
0.483,0.226
0.472,-2.289
0.392,0.164
0.415,-2.393
0.409,-0.775
0.249,-3.33
0.373,-0.587
0.309,-0.151
0.103,-0.384
0.013,-1.864
-0.165,-0.039
-0.148,-1.441
-0.163,0.178
-0.235,-1.208
-0.38,-1.379
-0.556,-0.203
-0.587,-0.953
-0.595,-3.597
-0.625,0.31
-0.556,-2.462
-0.734,-1.528
-0.749,-1.672
-0.813,-1.265
-0.805,-3.645
-0.941,-2.364
-1.107,-3.367
-1.324,-1.891
-1.357,-2.141
-1.482,-1.207
-1.384,-1.554
-1.53,-0.826
-1.422,-0.792
-1.511,-2.336
-1.578,-1.395
-2.716,-3.859
-2.899,-4.043
2.691,-3.832
2.181,-4.014
1.845,-4.041
1.496,-3.917
0.486,-3.993
0.081,-3.954
-0.14,-3.944
-0.252,-4.117
-1.092,-4.099
-0.949,-3.747
-2.312,0.603
-2.646,0.389
-2.951,0.562
-2.99,0.317
2.907,0.446
2.753,0.478
2.727,0.643
2.812,0.63
2.589,0.608
2.419,0.531
2.376,0.637
2.024,0.627
1.569,0.51
0.607,0.521
0.703,0.363
0.355,0.413
-1.204,0.498
-2.992,-1.046
3.141,-1.852
3.131,-0.19
0.306,-3.235
0.204,-1.883
0.206,-1.979
-0.162,-0.65
-0.705,-1.641
-2.328,-2.423
2.795,-1.762
1.343,-0.276
0.488,-0.263
-0.131,-0.783
-0.933,-1.793
-0.928,-1.556
-0.893,-1.437
-1.123,-0.307
3.072,-2.658
1.355,-1.494
-0.123,-1.481
-0.925,-3.386
-2.552,-3.433
2.95,-3.381
3.02,-3.519
-2.14,0.626
-0.09,-0.733
-0.042,2.197
-0.19,1.82
-0.116,1.339
-0.198,1.468
-0.283,1.39
-0.285,-0.283
-0.285,2.218
-0.412,1.617
-0.365,1.163
-0.397,-0.047
-0.475,1.188
-0.587,-0.19
-0.601,0.715
-0.646,0.124
-0.593,-0.624
-0.723,0.443
-0.719,0.388
-0.781,0.55
-0.853,0.273
-0.847,1.089
-0.907,-0.051
-1.038,0.252
-1.095,-0.706
-1.046,0.477
-1.15,-1.543
-1.164,-0.411
-1.243,-0.101
-1.239,-0.579
-1.276,-0.61
-1.317,-0.094
-1.526,-0.655
-1.541,1.365
-1.621,-0.349
-1.679,0.743
-1.706,-0.865
-1.712,-1.044
-2.337,-1.774
-2.373,-1.938
2.727,-2.009
2.584,-1.834
2.592,-2.015
2.464,-1.547
2.317,-1.9
2.091,-1.974
1.744,-1.941
1.076,-1.684
0.92,-1.773
0.688,-1.974
-0.201,-1.807
-2.082,2.726
-2.575,2.756
-2.91,2.504
2.861,2.707
2.78,2.545
2.285,2.526
1.027,2.766
0.597,2.399
-0.959,2.566
-1.194,2.585
-1.213,2.724
-2.754,-0.688
2.55,2.38
-0.031,1.481
-1.531,2.386
1.395,2.694
0.051,2.574
-1.77,1.212
-1.934,-0.836
-1.983,-1.246
-2.066,2.208
-2.26,2.184
-2.346,1.876
-2.319,-0.083
-2.219,2.049
-2.336,-1.357
-2.256,-0.225
-2.55,1.299
-2.646,-0.425
-2.788,0.76
-2.681,-0.739
-2.756,-0.074
-2.874,-0.504
-2.836,0.826
-3.0,-0.392
3.131,0.16
3.126,-0.535
2.914,1.023
2.808,-0.948
2.808,1.142
2.896,0.882
2.771,-0.59
2.758,1.034
2.718,-1.512
2.852,-0.706
2.666,1.718
2.809,-1.354
2.648,1.168
2.722,-0.464
2.621,-1.185
2.45,1.406
2.528,1.817
2.509,0.768
2.384,2.213
2.26,-0.361
2.367,1.181
2.338,1.573
2.124,1.605
2.133,2.128
2.122,0.679
2.176,1.837
2.173,-0.42
2.136,-0.365
1.977,1.839
2.087,0.154
1.869,1.567
1.826,-0.515
1.786,0.173
1.578,-1.531
1.527,0.011
1.544,-0.088
1.428,1.185
1.3,-1.156
1.264,1.296
1.158,-0.518
1.028,1.16
1.001,-0.483
0.825,1.106
0.737,1.173
0.758,0.774
0.638,2.322
0.63,1.98
0.71,-0.715
0.596,-1.547
0.443,2.333
0.432,-0.182
0.352,2.271
0.375,-0.286
0.369,1.332
0.209,-1.223
0.333,1.52
0.269,1.956
0.063,1.723
-0.027,0.243
-0.205,2.068
-0.188,0.666
-0.203,2.285
-0.275,0.899
-0.42,0.728
-0.596,1.904
-0.627,1.154
-0.635,-1.49
-0.665,2.417
-0.596,-0.355
-0.774,0.579
-0.789,0.435
-0.853,0.842
-0.845,-1.538
-0.981,-0.257
-1.147,-1.26
-1.364,0.216
-1.397,-0.034
-1.522,0.9
-1.424,0.553
-1.57,1.281
-1.462,1.315
-1.551,-0.229
-1.618,0.712
-2.756,-1.752
-2.939,-1.936
2.651,-1.725
2.141,-1.907
1.805,-1.934
1.456,-1.81
0.446,-1.886
0.041,-1.847
-0.18,-1.837
-0.292,-2.01
-1.132,-1.992
-0.989,-1.64
-2.352,2.71
-2.686,2.496
-2.991,2.669
-3.03,2.424
2.867,2.553
2.713,2.585
2.687,2.75
2.772,2.737
2.549,2.715
2.379,2.638
2.336,2.744
1.984,2.734
1.529,2.617
0.567,2.628
0.663,2.47
0.315,2.52
-1.244,2.605
-3.032,1.061
3.101,0.255
3.091,1.917
0.266,-1.128
0.164,0.224
0.166,0.128
-0.202,1.457
-0.745,0.466
-2.368,-0.316
2.755,0.345
1.303,1.831
0.448,1.844
-0.171,1.324
-0.973,0.314
-0.968,0.551
-0.933,0.67
-1.163,1.8
3.032,-0.551
1.315,0.613
-0.163,0.626
-0.965,-1.279
-2.592,-1.326
2.91,-1.274
2.98,-1.412
-2.18,2.733
0.048,2.93
-0.1,2.553
-0.026,2.072
-0.108,2.201
-0.193,2.123
-0.195,0.45
-0.195,2.951
-0.322,2.35
-0.275,1.896
-0.307,0.686
-0.385,1.921
-0.497,0.543
-0.511,1.448
-0.556,0.857
-0.503,0.109
-0.633,1.176
-0.629,1.121
-0.691,1.283
-0.763,1.006
-0.757,1.822
-0.817,0.682
-0.948,0.985
-1.005,0.027
-0.956,1.21
-1.06,-0.81
-1.074,0.322
-1.153,0.632
-1.149,0.154
-1.186,0.123
-1.227,0.639
-1.436,0.078
-1.451,2.098
-1.531,0.384
-1.589,1.476
-1.616,-0.132
-1.622,-0.311
-2.247,-1.041
-2.283,-1.205
2.817,-1.276
2.674,-1.101
2.682,-1.282
2.554,-0.814
2.407,-1.167
2.181,-1.241
1.834,-1.208
1.166,-0.951
1.01,-1.04
0.778,-1.241
-0.111,-1.074
-1.992,3.459
-2.485,3.489
-2.82,3.237
2.951,3.44
2.87,3.278
2.375,3.259
1.117,3.499
0.687,3.132
-0.869,3.299
-1.104,3.318
-1.123,3.457
-2.664,0.045
2.64,3.113
0.059,2.214
-1.441,3.119
1.485,3.427
0.141,3.307
-1.68,1.945
-1.844,-0.103
-1.893,-0.513
-1.976,2.941
-2.17,2.917
-2.256,2.609
-2.229,0.65
-2.129,2.782
-2.246,-0.624
-2.166,0.508
-2.46,2.032
-2.556,0.308
-2.698,1.493
-2.591,-0.006
-2.666,0.659
-2.784,0.229
-2.746,1.559
-2.91,0.341
-3.062,0.893
-3.067,0.198
3.004,1.756
2.898,-0.215
2.898,1.875
2.986,1.615
2.861,0.143
2.848,1.767
2.808,-0.779
2.942,0.027
2.756,2.451
2.899,-0.621
2.738,1.901
2.812,0.269
2.711,-0.452
2.54,2.139
2.618,2.55
2.599,1.501
2.474,2.946
2.35,0.372
2.457,1.914
2.428,2.306
2.214,2.338
2.223,2.861
2.212,1.412
2.266,2.57
2.263,0.313
2.226,0.368
2.067,2.572
2.177,0.887
1.959,2.3
1.916,0.218
1.876,0.906
1.668,-0.798
1.617,0.744
1.634,0.645
1.518,1.918
1.39,-0.423
1.354,2.029
1.248,0.215
1.118,1.893
1.091,0.25
0.915,1.839
0.827,1.906
0.848,1.507
0.728,3.055
0.72,2.713
0.8,0.018
0.686,-0.814
0.533,3.066
0.522,0.551
0.442,3.004
0.465,0.447
0.459,2.065
0.299,-0.49
0.423,2.253
0.359,2.689
0.153,2.456
0.063,0.976
-0.115,2.801
-0.098,1.399
-0.113,3.018
-0.185,1.632
-0.33,1.461
-0.506,2.637
-0.537,1.887
-0.545,-0.757
-0.575,3.15
-0.506,0.378
-0.684,1.312
-0.699,1.168
-0.763,1.575
-0.755,-0.805
-0.891,0.476
-1.057,-0.527
-1.274,0.949
-1.307,0.699
-1.432,1.633
-1.334,1.286
-1.48,2.014
-1.372,2.048
-1.461,0.504
-1.528,1.445
-2.666,-1.019
-2.849,-1.203
2.741,-0.992
2.231,-1.174
1.895,-1.201
1.546,-1.077
0.536,-1.153
0.131,-1.114
-0.09,-1.104
-0.202,-1.277
-1.042,-1.259
-0.899,-0.907
-2.262,3.443
-2.596,3.229
-2.901,3.402
-2.94,3.157
2.957,3.286
2.803,3.318
2.777,3.483
2.862,3.47
2.639,3.448
2.469,3.371
2.426,3.477
2.074,3.467
1.619,3.35
0.657,3.361
0.753,3.203
0.405,3.253
-1.154,3.338
-2.942,1.794
-3.092,0.988
-3.102,2.65
0.356,-0.395
0.254,0.957
0.256,0.861
-0.112,2.19
-0.655,1.199
-2.278,0.417
2.845,1.078
1.393,2.564
0.538,2.577
-0.081,2.057
-0.883,1.047
-0.878,1.284
-0.843,1.403
-1.073,2.533
3.122,0.182
1.405,1.346
-0.073,1.359
-0.875,-0.546
-2.502,-0.593
3.0,-0.541
3.07,-0.679
-2.09,3.466
-0.148,-0.377
-0.074,-0.858
-0.156,-0.729
-0.241,-0.807
-0.243,-2.48
-0.243,0.021
-0.37,-0.58
-0.323,-1.034
-0.355,-2.244
-0.433,-1.009
-0.545,-2.387
-0.559,-1.482
-0.604,-2.073
-0.551,-2.821
-0.681,-1.754
-0.677,-1.809
-0.739,-1.647
-0.811,-1.924
-0.805,-1.108
-0.865,-2.248
-0.996,-1.945
-1.053,-2.903
-1.004,-1.72
-1.108,-3.74
-1.122,-2.608
-1.201,-2.298
-1.197,-2.776
-1.234,-2.807
-1.275,-2.291
-1.484,-2.852
-1.499,-0.832
-1.579,-2.546
-1.637,-1.454
-1.664,-3.062
-1.67,-3.241
-2.295,-3.971
-2.331,-4.135
2.769,-4.206
2.626,-4.031
2.634,-4.212
2.506,-3.744
2.359,-4.097
2.133,-4.171
1.786,-4.138
1.118,-3.881
0.962,-3.97
0.73,-4.171
-0.159,-4.004
-2.04,0.529
-2.533,0.559
-2.868,0.307
2.903,0.51
2.822,0.348
2.327,0.329
1.069,0.569
0.639,0.202
-0.917,0.369
-1.152,0.388
-1.171,0.527
-2.712,-2.885
2.592,0.183
0.011,-0.716
-1.489,0.189
1.437,0.497
0.093,0.377
-1.728,-0.985
-1.892,-3.033
-1.941,-3.443
-2.024,0.011
-2.218,-0.013
-2.304,-0.321
-2.277,-2.28
-2.177,-0.148
-2.294,-3.554
-2.214,-2.422
-2.508,-0.898
-2.604,-2.622
-2.746,-1.437
-2.639,-2.936
-2.714,-2.271
-2.832,-2.701
-2.794,-1.371
-2.958,-2.589
-3.11,-2.037
-3.115,-2.732
2.956,-1.174
2.85,-3.145
2.85,-1.055
2.938,-1.315
2.813,-2.787
2.8,-1.163
2.76,-3.709
2.894,-2.903
2.708,-0.479
2.851,-3.551
2.69,-1.029
2.764,-2.661
2.663,-3.382
2.492,-0.791
2.57,-0.38
2.551,-1.429
2.426,0.016
2.302,-2.558
2.409,-1.016
2.38,-0.624
2.166,-0.592
2.175,-0.069
2.164,-1.518
2.218,-0.36
2.215,-2.617
2.178,-2.562
2.019,-0.358
2.129,-2.043
1.911,-0.63
1.868,-2.712
1.828,-2.024
1.62,-3.728
1.569,-2.186
1.586,-2.285
1.47,-1.012
1.342,-3.353
1.306,-0.901
1.2,-2.715
1.07,-1.037
1.043,-2.68
0.867,-1.091
0.779,-1.024
0.8,-1.423
0.68,0.125
0.672,-0.217
0.752,-2.912
0.638,-3.744
0.485,0.136
0.474,-2.379
0.394,0.074
0.417,-2.483
0.411,-0.865
0.251,-3.42
0.375,-0.677
0.311,-0.241
0.105,-0.474
0.015,-1.954
-0.163,-0.129
-0.146,-1.531
-0.161,0.088
-0.233,-1.298
-0.378,-1.469
-0.554,-0.293
-0.585,-1.043
-0.593,-3.687
-0.623,0.22
-0.554,-2.552
-0.732,-1.618
-0.747,-1.762
-0.811,-1.355
-0.803,-3.735
-0.939,-2.454
-1.105,-3.457
-1.322,-1.981
-1.355,-2.231
-1.48,-1.297
-1.382,-1.644
-1.528,-0.916
-1.42,-0.882
-1.509,-2.426
-1.576,-1.485
-2.714,-3.949
-2.897,-4.133
2.693,-3.922
2.183,-4.104
1.847,-4.131
1.498,-4.007
0.488,-4.083
0.083,-4.044
-0.138,-4.034
-0.25,-4.207
-1.09,-4.189
-0.947,-3.837
-2.31,0.513
-2.644,0.299
-2.949,0.472
-2.988,0.227
2.909,0.356
2.755,0.388
2.729,0.553
2.814,0.54
2.591,0.518
2.421,0.441
2.378,0.547
2.026,0.537
1.571,0.42
0.609,0.431
0.705,0.273
0.357,0.323
-1.202,0.408
-2.99,-1.136
-3.14,-1.942
3.133,-0.28
0.308,-3.325
0.206,-1.973
0.208,-2.069
-0.16,-0.74
-0.703,-1.731
-2.326,-2.513
2.797,-1.852
1.345,-0.366
0.49,-0.353
-0.129,-0.873
-0.931,-1.883
-0.926,-1.646
-0.891,-1.527
-1.121,-0.397
3.074,-2.748
1.357,-1.584
-0.121,-1.571
-0.923,-3.476
-2.55,-3.523
2.952,-3.471
3.022,-3.609
-2.138,0.536
0.074,-0.481
-0.008,-0.352
-0.093,-0.43
-0.095,-2.103
-0.095,0.398
-0.222,-0.203
-0.175,-0.657
-0.207,-1.867
-0.285,-0.632
-0.397,-2.01
-0.411,-1.105
-0.456,-1.696
-0.403,-2.444
-0.533,-1.377
-0.529,-1.432
-0.591,-1.27
-0.663,-1.547
-0.657,-0.731
-0.717,-1.871
-0.848,-1.568
-0.905,-2.526
-0.856,-1.343
-0.96,-3.363
-0.974,-2.231
-1.053,-1.921
-1.049,-2.399
-1.086,-2.43
-1.127,-1.914
-1.336,-2.475
-1.351,-0.455
-1.431,-2.169
-1.489,-1.077
-1.516,-2.685
-1.522,-2.864
-2.147,-3.594
-2.183,-3.758
2.917,-3.829
2.774,-3.654
2.782,-3.835
2.654,-3.367
2.507,-3.72
2.281,-3.794
1.934,-3.761
1.266,-3.504
1.11,-3.593
0.878,-3.794
-0.011,-3.627
-1.892,0.906
-2.385,0.936
-2.72,0.684
3.051,0.887
2.97,0.725
2.475,0.706
1.217,0.946
0.787,0.579
-0.769,0.746
-1.004,0.765
-1.023,0.904
-2.564,-2.508
2.74,0.56
0.159,-0.339
-1.341,0.566
1.585,0.874
0.241,0.754
-1.58,-0.608
-1.744,-2.656
-1.793,-3.066
-1.876,0.388
-2.07,0.364
-2.156,0.056
-2.129,-1.903
-2.029,0.229
-2.146,-3.177
-2.066,-2.045
-2.36,-0.521
-2.456,-2.245
-2.598,-1.06
-2.491,-2.559
-2.566,-1.894
-2.684,-2.324
-2.646,-0.994
-2.81,-2.212
-2.962,-1.66
-2.967,-2.355
3.104,-0.797
2.998,-2.768
2.998,-0.678
3.086,-0.938
2.961,-2.41
2.948,-0.786
2.908,-3.332
3.042,-2.526
2.856,-0.102
2.999,-3.174
2.838,-0.652
2.912,-2.284
2.811,-3.005
2.64,-0.414
2.718,-0.003
2.699,-1.052
2.574,0.393
2.45,-2.181
2.557,-0.639
2.528,-0.247
2.314,-0.215
2.323,0.308
2.312,-1.141
2.366,0.017
2.363,-2.24
2.326,-2.185
2.167,0.019
2.277,-1.666
2.059,-0.253
2.016,-2.335
1.976,-1.647
1.768,-3.351
1.717,-1.809
1.734,-1.908
1.618,-0.635
1.49,-2.976
1.454,-0.524
1.348,-2.338
1.218,-0.66
1.191,-2.303
1.015,-0.714
0.927,-0.647
0.948,-1.046
0.828,0.502
0.82,0.16
0.9,-2.535
0.786,-3.367
0.633,0.513
0.622,-2.002
0.542,0.451
0.565,-2.106
0.559,-0.488
0.399,-3.043
0.523,-0.3
0.459,0.136
0.253,-0.097
0.163,-1.577
-0.015,0.248
0.002,-1.154
-0.013,0.465
-0.085,-0.921
-0.23,-1.092
-0.406,0.084
-0.437,-0.666
-0.445,-3.31
-0.475,0.597
-0.406,-2.175
-0.584,-1.241
-0.599,-1.385
-0.663,-0.978
-0.655,-3.358
-0.791,-2.077
-0.957,-3.08
-1.174,-1.604
-1.207,-1.854
-1.332,-0.92
-1.234,-1.267
-1.38,-0.539
-1.272,-0.505
-1.361,-2.049
-1.428,-1.108
-2.566,-3.572
-2.749,-3.756
2.841,-3.545
2.331,-3.727
1.995,-3.754
1.646,-3.63
0.636,-3.706
0.231,-3.667
0.01,-3.657
-0.102,-3.83
-0.942,-3.812
-0.799,-3.46
-2.162,0.89
-2.496,0.676
-2.801,0.849
-2.84,0.604
3.057,0.733
2.903,0.765
2.877,0.93
2.962,0.917
2.739,0.895
2.569,0.818
2.526,0.924
2.174,0.914
1.719,0.797
0.757,0.808
0.853,0.65
0.505,0.7
-1.054,0.785
-2.842,-0.759
-2.992,-1.565
-3.002,0.097
0.456,-2.948
0.354,-1.596
0.356,-1.692
-0.012,-0.363
-0.555,-1.354
-2.178,-2.136
2.945,-1.475
1.493,0.011
0.638,0.024
0.019,-0.496
-0.783,-1.506
-0.778,-1.269
-0.743,-1.15
-0.973,-0.02
-3.061,-2.371
1.505,-1.207
0.027,-1.194
-0.775,-3.099
-2.402,-3.146
3.1,-3.094
-3.113,-3.232
-1.99,0.913
-0.082,0.129
-0.167,0.051
-0.169,-1.622
-0.169,0.879
-0.296,0.278
-0.249,-0.176
-0.281,-1.386
-0.359,-0.151
-0.471,-1.529
-0.485,-0.624
-0.53,-1.215
-0.477,-1.963
-0.607,-0.896
-0.603,-0.951
-0.665,-0.789
-0.737,-1.066
-0.731,-0.25
-0.791,-1.39
-0.922,-1.087
-0.979,-2.045
-0.93,-0.862
-1.034,-2.882
-1.048,-1.75
-1.127,-1.44
-1.123,-1.918
-1.16,-1.949
-1.201,-1.433
-1.41,-1.994
-1.425,0.026
-1.505,-1.688
-1.563,-0.596
-1.59,-2.204
-1.596,-2.383
-2.221,-3.113
-2.257,-3.277
2.843,-3.348
2.7,-3.173
2.708,-3.354
2.58,-2.886
2.433,-3.239
2.207,-3.313
1.86,-3.28
1.192,-3.023
1.036,-3.112
0.804,-3.313
-0.085,-3.146
-1.966,1.387
-2.459,1.417
-2.794,1.165
2.977,1.368
2.896,1.206
2.401,1.187
1.143,1.427
0.713,1.06
-0.843,1.227
-1.078,1.246
-1.097,1.385
-2.638,-2.027
2.666,1.041
0.085,0.142
-1.415,1.047
1.511,1.355
0.167,1.235
-1.654,-0.127
-1.818,-2.175
-1.867,-2.585
-1.95,0.869
-2.144,0.845
-2.23,0.537
-2.203,-1.422
-2.103,0.71
-2.22,-2.696
-2.14,-1.564
-2.434,-0.04
-2.53,-1.764
-2.672,-0.579
-2.565,-2.078
-2.64,-1.413
-2.758,-1.843
-2.72,-0.513
-2.884,-1.731
-3.036,-1.179
-3.041,-1.874
3.03,-0.316
2.924,-2.287
2.924,-0.197
3.012,-0.457
2.887,-1.929
2.874,-0.305
2.834,-2.851
2.968,-2.045
2.782,0.379
2.925,-2.693
2.764,-0.171
2.838,-1.803
2.737,-2.524
2.566,0.067
2.644,0.478
2.625,-0.571
2.5,0.874
2.376,-1.7
2.483,-0.158
2.454,0.234
2.24,0.266
2.249,0.789
2.238,-0.66
2.292,0.498
2.289,-1.759
2.252,-1.704
2.093,0.5
2.203,-1.185
1.985,0.228
1.942,-1.854
1.902,-1.166
1.694,-2.87
1.643,-1.328
1.66,-1.427
1.544,-0.154
1.416,-2.495
1.38,-0.043
1.274,-1.857
1.144,-0.179
1.117,-1.822
0.941,-0.233
0.853,-0.166
0.874,-0.565
0.754,0.983
0.746,0.641
0.826,-2.054
0.712,-2.886
0.559,0.994
0.548,-1.521
0.468,0.932
0.491,-1.625
0.485,-0.007
0.325,-2.562
0.449,0.181
0.385,0.617
0.179,0.384
0.089,-1.096
-0.089,0.729
-0.072,-0.673
-0.087,0.946
-0.159,-0.44
-0.304,-0.611
-0.48,0.565
-0.511,-0.185
-0.519,-2.829
-0.549,1.078
-0.48,-1.694
-0.658,-0.76
-0.673,-0.904
-0.737,-0.497
-0.729,-2.877
-0.865,-1.596
-1.031,-2.599
-1.248,-1.123
-1.281,-1.373
-1.406,-0.439
-1.308,-0.786
-1.454,-0.058
-1.346,-0.024
-1.435,-1.568
-1.502,-0.627
-2.64,-3.091
-2.823,-3.275
2.767,-3.064
2.257,-3.246
1.921,-3.273
1.572,-3.149
0.562,-3.225
0.157,-3.186
-0.064,-3.176
-0.176,-3.349
-1.016,-3.331
-0.873,-2.979
-2.236,1.371
-2.57,1.157
-2.875,1.33
-2.914,1.085
2.983,1.214
2.829,1.246
2.803,1.411
2.888,1.398
2.665,1.376
2.495,1.299
2.452,1.405
2.1,1.395
1.645,1.278
0.683,1.289
0.779,1.131
0.431,1.181
-1.128,1.266
-2.916,-0.278
-3.066,-1.084
-3.076,0.578
0.382,-2.467
0.28,-1.115
0.282,-1.211
-0.086,0.118
-0.629,-0.873
-2.252,-1.655
2.871,-0.994
1.419,0.492
0.564,0.505
-0.055,-0.015
-0.857,-1.025
-0.852,-0.788
-0.817,-0.669
-1.047,0.461
-3.135,-1.89
1.431,-0.726
-0.047,-0.713
-0.849,-2.618
-2.476,-2.665
3.026,-2.613
3.096,-2.751
-2.064,1.394
-0.085,-0.078
-0.087,-1.751
-0.087,0.75
-0.214,0.149
-0.167,-0.305
-0.199,-1.515
-0.277,-0.28
-0.389,-1.658
-0.403,-0.753
-0.448,-1.344
-0.395,-2.092
-0.525,-1.025
-0.521,-1.08
-0.583,-0.918
-0.655,-1.195
-0.649,-0.379
-0.709,-1.519
-0.84,-1.216
-0.897,-2.174
-0.848,-0.991
-0.952,-3.011
-0.966,-1.879
-1.045,-1.569
-1.041,-2.047
-1.078,-2.078
-1.119,-1.562
-1.328,-2.123
-1.343,-0.103
-1.423,-1.817
-1.481,-0.725
-1.508,-2.333
-1.514,-2.512
-2.139,-3.242
-2.175,-3.406
2.925,-3.477
2.782,-3.302
2.79,-3.483
2.662,-3.015
2.515,-3.368
2.289,-3.442
1.942,-3.409
1.274,-3.152
1.118,-3.241
0.886,-3.442
-0.003,-3.275
-1.884,1.258
-2.377,1.288
-2.712,1.036
3.059,1.239
2.978,1.077
2.483,1.058
1.225,1.298
0.795,0.931
-0.761,1.098
-0.996,1.117
-1.015,1.256
-2.556,-2.156
2.748,0.912
0.167,0.013
-1.333,0.918
1.593,1.226
0.249,1.106
-1.572,-0.256
-1.736,-2.304
-1.785,-2.714
-1.868,0.74
-2.062,0.716
-2.148,0.408
-2.121,-1.551
-2.021,0.581
-2.138,-2.825
-2.058,-1.693
-2.352,-0.169
-2.448,-1.893
-2.59,-0.708
-2.483,-2.207
-2.558,-1.542
-2.676,-1.972
-2.638,-0.642
-2.802,-1.86
-2.954,-1.308
-2.959,-2.003
3.112,-0.445
3.006,-2.416
3.006,-0.326
3.094,-0.586
2.969,-2.058
2.956,-0.434
2.916,-2.98
3.05,-2.174
2.864,0.25
3.007,-2.822
2.846,-0.3
2.92,-1.932
2.819,-2.653
2.648,-0.062
2.726,0.349
2.707,-0.7
2.582,0.745
2.458,-1.829
2.565,-0.287
2.536,0.105
2.322,0.137
2.331,0.66
2.32,-0.789
2.374,0.369
2.371,-1.888
2.334,-1.833
2.175,0.371
2.285,-1.314
2.067,0.099
2.024,-1.983
1.984,-1.295
1.776,-2.999
1.725,-1.457
1.742,-1.556
1.626,-0.283
1.498,-2.624
1.462,-0.172
1.356,-1.986
1.226,-0.308
1.199,-1.951
1.023,-0.362
0.935,-0.295
0.956,-0.694
0.836,0.854
0.828,0.512
0.908,-2.183
0.794,-3.015
0.641,0.865
0.63,-1.65
0.55,0.803
0.573,-1.754
0.567,-0.136
0.407,-2.691
0.531,0.052
0.467,0.488
0.261,0.255
0.171,-1.225
-0.007,0.6
0.01,-0.802
-0.005,0.817
-0.077,-0.569
-0.222,-0.74
-0.398,0.436
-0.429,-0.314
-0.437,-2.958
-0.467,0.949
-0.398,-1.823
-0.576,-0.889
-0.591,-1.033
-0.655,-0.626
-0.647,-3.006
-0.783,-1.725
-0.949,-2.728
-1.166,-1.252
-1.199,-1.502
-1.324,-0.568
-1.226,-0.915
-1.372,-0.187
-1.264,-0.153
-1.353,-1.697
-1.42,-0.756
-2.558,-3.22
-2.741,-3.404
2.849,-3.193
2.339,-3.375
2.003,-3.402
1.654,-3.278
0.644,-3.354
0.239,-3.315
0.018,-3.305
-0.094,-3.478
-0.934,-3.46
-0.791,-3.108
-2.154,1.242
-2.488,1.028
-2.793,1.201
-2.832,0.956
3.065,1.085
2.911,1.117
2.885,1.282
2.97,1.269
2.747,1.247
2.577,1.17
2.534,1.276
2.182,1.266
1.727,1.149
0.765,1.16
0.861,1.002
0.513,1.052
-1.046,1.137
-2.834,-0.407
-2.984,-1.213
-2.994,0.449
0.464,-2.596
0.362,-1.244
0.364,-1.34
-0.004,-0.011
-0.547,-1.002
-2.17,-1.784
2.953,-1.123
1.501,0.363
0.646,0.376
0.027,-0.144
-0.775,-1.154
-0.77,-0.917
-0.735,-0.798
-0.965,0.332
-3.053,-2.019
1.513,-0.855
0.035,-0.842
-0.767,-2.747
-2.394,-2.794
3.108,-2.742
-3.105,-2.88
-1.982,1.265
-0.002,-1.673
-0.002,0.828
-0.129,0.227
-0.082,-0.227
-0.114,-1.437
-0.192,-0.202
-0.304,-1.58
-0.318,-0.675
-0.363,-1.266
-0.31,-2.014
-0.44,-0.947
-0.436,-1.002
-0.498,-0.84
-0.57,-1.117
-0.564,-0.301
-0.624,-1.441
-0.755,-1.138
-0.812,-2.096
-0.763,-0.913
-0.867,-2.933
-0.881,-1.801
-0.96,-1.491
-0.956,-1.969
-0.993,-2.0
-1.034,-1.484
-1.243,-2.045
-1.258,-0.025
-1.338,-1.739
-1.396,-0.647
-1.423,-2.255
-1.429,-2.434
-2.054,-3.164
-2.09,-3.328
3.01,-3.399
2.867,-3.224
2.875,-3.405
2.747,-2.937
2.6,-3.29
2.374,-3.364
2.027,-3.331
1.359,-3.074
1.203,-3.163
0.971,-3.364
0.082,-3.197
-1.799,1.336
-2.292,1.366
-2.627,1.114
-3.139,1.317
3.063,1.155
2.568,1.136
1.31,1.376
0.88,1.009
-0.676,1.176
-0.911,1.195
-0.93,1.334
-2.471,-2.078
2.833,0.99
0.252,0.091
-1.248,0.996
1.678,1.304
0.334,1.184
-1.487,-0.178
-1.651,-2.226
-1.7,-2.636
-1.783,0.818
-1.977,0.794
-2.063,0.486
-2.036,-1.473
-1.936,0.659
-2.053,-2.747
-1.973,-1.615
-2.267,-0.091
-2.363,-1.815
-2.505,-0.63
-2.398,-2.129
-2.473,-1.464
-2.591,-1.894
-2.553,-0.564
-2.717,-1.782
-2.869,-1.23
-2.874,-1.925
-3.086,-0.367
3.091,-2.338
3.091,-0.248
-3.104,-0.508
3.054,-1.98
3.041,-0.356
3.001,-2.902
3.135,-2.096
2.949,0.328
3.092,-2.744
2.931,-0.222
3.005,-1.854
2.904,-2.575
2.733,0.016
2.811,0.427
2.792,-0.622
2.667,0.823
2.543,-1.751
2.65,-0.209
2.621,0.183
2.407,0.215
2.416,0.738
2.405,-0.711
2.459,0.447
2.456,-1.81
2.419,-1.755
2.26,0.449
2.37,-1.236
2.152,0.177
2.109,-1.905
2.069,-1.217
1.861,-2.921
1.81,-1.379
1.827,-1.478
1.711,-0.205
1.583,-2.546
1.547,-0.094
1.441,-1.908
1.311,-0.23
1.284,-1.873
1.108,-0.284
1.02,-0.217
1.041,-0.616
0.921,0.932
0.913,0.59
0.993,-2.105
0.879,-2.937
0.726,0.943
0.715,-1.572
0.635,0.881
0.658,-1.676
0.652,-0.058
0.492,-2.613
0.616,0.13
0.552,0.566
0.346,0.333
0.256,-1.147
0.078,0.678
0.095,-0.724
0.08,0.895
0.008,-0.491
-0.137,-0.662
-0.313,0.514
-0.344,-0.236
-0.352,-2.88
-0.382,1.027
-0.313,-1.745
-0.491,-0.811
-0.506,-0.955
-0.57,-0.548
-0.562,-2.928
-0.698,-1.647
-0.864,-2.65
-1.081,-1.174
-1.114,-1.424
-1.239,-0.49
-1.141,-0.837
-1.287,-0.109
-1.179,-0.075
-1.268,-1.619
-1.335,-0.678
-2.473,-3.142
-2.656,-3.326
2.934,-3.115
2.424,-3.297
2.088,-3.324
1.739,-3.2
0.729,-3.276
0.324,-3.237
0.103,-3.227
-0.009,-3.4
-0.849,-3.382
-0.706,-3.03
-2.069,1.32
-2.403,1.106
-2.708,1.279
-2.747,1.034
-3.133,1.163
2.996,1.195
2.97,1.36
3.055,1.347
2.832,1.325
2.662,1.248
2.619,1.354
2.267,1.344
1.812,1.227
0.85,1.238
0.946,1.08
0.598,1.13
-0.961,1.215
-2.749,-0.329
-2.899,-1.135
-2.909,0.527
0.549,-2.518
0.447,-1.166
0.449,-1.262
0.081,0.067
-0.462,-0.924
-2.085,-1.706
3.038,-1.045
1.586,0.441
0.731,0.454
0.112,-0.066
-0.69,-1.076
-0.685,-0.839
-0.65,-0.72
-0.88,0.41
-2.968,-1.941
1.598,-0.777
0.12,-0.764
-0.682,-2.669
-2.309,-2.716
-3.09,-2.664
-3.02,-2.802
-1.897,1.343
0.0,2.501
-0.127,1.9
-0.08,1.446
-0.112,0.236
-0.19,1.471
-0.302,0.093
-0.316,0.998
-0.361,0.407
-0.308,-0.341
-0.438,0.726
-0.434,0.671
-0.496,0.833
-0.568,0.556
-0.562,1.372
-0.622,0.232
-0.753,0.535
-0.81,-0.423
-0.761,0.76
-0.865,-1.26
-0.879,-0.128
-0.958,0.182
-0.954,-0.296
-0.991,-0.327
-1.032,0.189
-1.241,-0.372
-1.256,1.648
-1.336,-0.066
-1.394,1.026
-1.421,-0.582
-1.427,-0.761
-2.052,-1.491
-2.088,-1.655
3.012,-1.726
2.869,-1.551
2.877,-1.732
2.749,-1.264
2.602,-1.617
2.376,-1.691
2.029,-1.658
1.361,-1.401
1.205,-1.49
0.973,-1.691
0.084,-1.524
-1.797,3.009
-2.29,3.039
-2.625,2.787
-3.137,2.99
3.065,2.828
2.57,2.809
1.312,3.049
0.882,2.682
-0.674,2.849
-0.909,2.868
-0.928,3.007
-2.469,-0.405
2.835,2.663
0.254,1.764
-1.246,2.669
1.68,2.977
0.336,2.857
-1.485,1.495
-1.649,-0.553
-1.698,-0.963
-1.781,2.491
-1.975,2.467
-2.061,2.159
-2.034,0.2
-1.934,2.332
-2.051,-1.074
-1.971,0.058
-2.265,1.582
-2.361,-0.142
-2.503,1.043
-2.396,-0.456
-2.471,0.209
-2.589,-0.221
-2.551,1.109
-2.715,-0.109
-2.867,0.443
-2.872,-0.252
-3.084,1.306
3.093,-0.665
3.093,1.425
-3.102,1.165
3.056,-0.307
3.043,1.317
3.003,-1.229
3.137,-0.423
2.951,2.001
3.094,-1.071
2.933,1.451
3.007,-0.181
2.906,-0.902
2.735,1.689
2.813,2.1
2.794,1.051
2.669,2.496
2.545,-0.078
2.652,1.464
2.623,1.856
2.409,1.888
2.418,2.411
2.407,0.962
2.461,2.12
2.458,-0.137
2.421,-0.082
2.262,2.122
2.372,0.437
2.154,1.85
2.111,-0.232
2.071,0.456
1.863,-1.248
1.812,0.294
1.829,0.195
1.713,1.468
1.585,-0.873
1.549,1.579
1.443,-0.235
1.313,1.443
1.286,-0.2
1.11,1.389
1.022,1.456
1.043,1.057
0.923,2.605
0.915,2.263
0.995,-0.432
0.881,-1.264
0.728,2.616
0.717,0.101
0.637,2.554
0.66,-0.003
0.654,1.615
0.494,-0.94
0.618,1.803
0.554,2.239
0.348,2.006
0.258,0.526
0.08,2.351
0.097,0.949
0.082,2.568
0.01,1.182
-0.135,1.011
-0.311,2.187
-0.342,1.437
-0.35,-1.207
-0.38,2.7
-0.311,-0.072
-0.489,0.862
-0.504,0.718
-0.568,1.125
-0.56,-1.255
-0.696,0.026
-0.862,-0.977
-1.079,0.499
-1.112,0.249
-1.237,1.183
-1.139,0.836
-1.285,1.564
-1.177,1.598
-1.266,0.054
-1.333,0.995
-2.471,-1.469
-2.654,-1.653
2.936,-1.442
2.426,-1.624
2.09,-1.651
1.741,-1.527
0.731,-1.603
0.326,-1.564
0.105,-1.554
-0.007,-1.727
-0.847,-1.709
-0.704,-1.357
-2.067,2.993
-2.401,2.779
-2.706,2.952
-2.745,2.707
-3.131,2.836
2.998,2.868
2.972,3.033
3.057,3.02
2.834,2.998
2.664,2.921
2.621,3.027
2.269,3.017
1.814,2.9
0.852,2.911
0.948,2.753
0.6,2.803
-0.959,2.888
-2.747,1.344
-2.897,0.538
-2.907,2.2
0.551,-0.845
0.449,0.507
0.451,0.411
0.083,1.74
-0.46,0.749
-2.083,-0.033
3.04,0.628
1.588,2.114
0.733,2.127
0.114,1.607
-0.688,0.597
-0.683,0.834
-0.648,0.953
-0.878,2.083
-2.966,-0.268
1.6,0.896
0.122,0.909
-0.68,-0.996
-2.307,-1.043
-3.088,-0.991
-3.018,-1.129
-1.895,3.016
-0.127,-0.601
-0.08,-1.055
-0.112,-2.265
-0.19,-1.03
-0.302,-2.408
-0.316,-1.503
-0.361,-2.094
-0.308,-2.842
-0.438,-1.775
-0.434,-1.83
-0.496,-1.668
-0.568,-1.945
-0.562,-1.129
-0.622,-2.269
-0.753,-1.966
-0.81,-2.924
-0.761,-1.741
-0.865,-3.761
-0.879,-2.629
-0.958,-2.319
-0.954,-2.797
-0.991,-2.828
-1.032,-2.312
-1.241,-2.873
-1.256,-0.853
-1.336,-2.567
-1.394,-1.475
-1.421,-3.083
-1.427,-3.262
-2.052,-3.992
-2.088,-4.156
3.012,-4.227
2.869,-4.052
2.877,-4.233
2.749,-3.765
2.602,-4.118
2.376,-4.192
2.029,-4.159
1.361,-3.902
1.205,-3.991
0.973,-4.192
0.084,-4.025
-1.797,0.508
-2.29,0.538
-2.625,0.286
-3.137,0.489
3.065,0.327
2.57,0.308
1.312,0.548
0.882,0.181
-0.674,0.348
-0.909,0.367
-0.928,0.506
-2.469,-2.906
2.835,0.162
0.254,-0.737
-1.246,0.168
1.68,0.476
0.336,0.356
-1.485,-1.006
-1.649,-3.054
-1.698,-3.464
-1.781,-0.01
-1.975,-0.034
-2.061,-0.342
-2.034,-2.301
-1.934,-0.169
-2.051,-3.575
-1.971,-2.443
-2.265,-0.919
-2.361,-2.643
-2.503,-1.458
-2.396,-2.957
-2.471,-2.292
-2.589,-2.722
-2.551,-1.392
-2.715,-2.61
-2.867,-2.058
-2.872,-2.753
-3.084,-1.195
3.093,-3.166
3.093,-1.076
-3.102,-1.336
3.056,-2.808
3.043,-1.184
3.003,-3.73
3.137,-2.924
2.951,-0.5
3.094,-3.572
2.933,-1.05
3.007,-2.682
2.906,-3.403
2.735,-0.812
2.813,-0.401
2.794,-1.45
2.669,-0.005
2.545,-2.579
2.652,-1.037
2.623,-0.645
2.409,-0.613
2.418,-0.09
2.407,-1.539
2.461,-0.381
2.458,-2.638
2.421,-2.583
2.262,-0.379
2.372,-2.064
2.154,-0.651
2.111,-2.733
2.071,-2.045
1.863,-3.749
1.812,-2.207
1.829,-2.306
1.713,-1.033
1.585,-3.374
1.549,-0.922
1.443,-2.736
1.313,-1.058
1.286,-2.701
1.11,-1.112
1.022,-1.045
1.043,-1.444
0.923,0.104
0.915,-0.238
0.995,-2.933
0.881,-3.765
0.728,0.115
0.717,-2.4
0.637,0.053
0.66,-2.504
0.654,-0.886
0.494,-3.441
0.618,-0.698
0.554,-0.262
0.348,-0.495
0.258,-1.975
0.08,-0.15
0.097,-1.552
0.082,0.067
0.01,-1.319
-0.135,-1.49
-0.311,-0.314
-0.342,-1.064
-0.35,-3.708
-0.38,0.199
-0.311,-2.573
-0.489,-1.639
-0.504,-1.783
-0.568,-1.376
-0.56,-3.756
-0.696,-2.475
-0.862,-3.478
-1.079,-2.002
-1.112,-2.252
-1.237,-1.318
-1.139,-1.665
-1.285,-0.937
-1.177,-0.903
-1.266,-2.447
-1.333,-1.506
-2.471,-3.97
-2.654,-4.154
2.936,-3.943
2.426,-4.125
2.09,-4.152
1.741,-4.028
0.731,-4.104
0.326,-4.065
0.105,-4.055
-0.007,-4.228
-0.847,-4.21
-0.704,-3.858
-2.067,0.492
-2.401,0.278
-2.706,0.451
-2.745,0.206
-3.131,0.335
2.998,0.367
2.972,0.532
3.057,0.519
2.834,0.497
2.664,0.42
2.621,0.526
2.269,0.516
1.814,0.399
0.852,0.41
0.948,0.252
0.6,0.302
-0.959,0.387
-2.747,-1.157
-2.897,-1.963
-2.907,-0.301
0.551,-3.346
0.449,-1.994
0.451,-2.09
0.083,-0.761
-0.46,-1.752
-2.083,-2.534
3.04,-1.873
1.588,-0.387
0.733,-0.374
0.114,-0.894
-0.688,-1.904
-0.683,-1.667
-0.648,-1.548
-0.878,-0.418
-2.966,-2.769
1.6,-1.605
0.122,-1.592
-0.68,-3.497
-2.307,-3.544
-3.088,-3.492
-3.018,-3.63
-1.895,0.515
0.047,-0.454
0.015,-1.664
-0.063,-0.429
-0.175,-1.807
-0.189,-0.902
-0.234,-1.493
-0.181,-2.241
-0.311,-1.174
-0.307,-1.229
-0.369,-1.067
-0.441,-1.344
-0.435,-0.528
-0.495,-1.668
-0.626,-1.365
-0.683,-2.323
-0.634,-1.14
-0.738,-3.16
-0.752,-2.028
-0.831,-1.718
-0.827,-2.196
-0.864,-2.227
-0.905,-1.711
-1.114,-2.272
-1.129,-0.252
-1.209,-1.966
-1.267,-0.874
-1.294,-2.482
-1.3,-2.661
-1.925,-3.391
-1.961,-3.555
3.139,-3.626
2.996,-3.451
3.004,-3.632
2.876,-3.164
2.729,-3.517
2.503,-3.591
2.156,-3.558
1.488,-3.301
1.332,-3.39
1.1,-3.591
0.211,-3.424
-1.67,1.109
-2.163,1.139
-2.498,0.887
-3.01,1.09
-3.091,0.928
2.697,0.909
1.439,1.149
1.009,0.782
-0.547,0.949
-0.782,0.968
-0.801,1.107
-2.342,-2.305
2.962,0.763
0.381,-0.136
-1.119,0.769
1.807,1.077
0.463,0.957
-1.358,-0.405
-1.522,-2.453
-1.571,-2.863
-1.654,0.591
-1.848,0.567
-1.934,0.259
-1.907,-1.7
-1.807,0.432
-1.924,-2.974
-1.844,-1.842
-2.138,-0.318
-2.234,-2.042
-2.376,-0.857
-2.269,-2.356
-2.344,-1.691
-2.462,-2.121
-2.424,-0.791
-2.588,-2.009
-2.74,-1.457
-2.745,-2.152
-2.957,-0.594
-3.063,-2.565
-3.063,-0.475
-2.975,-0.735
-3.1,-2.207
-3.113,-0.583
3.13,-3.129
-3.019,-2.323
3.078,0.101
-3.062,-2.971
3.06,-0.449
3.134,-2.081
3.033,-2.802
2.862,-0.211
2.94,0.2
2.921,-0.849
2.796,0.596
2.672,-1.978
2.779,-0.436
2.75,-0.044
2.536,-0.012
2.545,0.511
2.534,-0.938
2.588,0.22
2.585,-2.037
2.548,-1.982
2.389,0.222
2.499,-1.463
2.281,-0.05
2.238,-2.132
2.198,-1.444
1.99,-3.148
1.939,-1.606
1.956,-1.705
1.84,-0.432
1.712,-2.773
1.676,-0.321
1.57,-2.135
1.44,-0.457
1.413,-2.1
1.237,-0.511
1.149,-0.444
1.17,-0.843
1.05,0.705
1.042,0.363
1.122,-2.332
1.008,-3.164
0.855,0.716
0.844,-1.799
0.764,0.654
0.787,-1.903
0.781,-0.285
0.621,-2.84
0.745,-0.097
0.681,0.339
0.475,0.106
0.385,-1.374
0.207,0.451
0.224,-0.951
0.209,0.668
0.137,-0.718
-0.008,-0.889
-0.184,0.287
-0.215,-0.463
-0.223,-3.107
-0.253,0.8
-0.184,-1.972
-0.362,-1.038
-0.377,-1.182
-0.441,-0.775
-0.433,-3.155
-0.569,-1.874
-0.735,-2.877
-0.952,-1.401
-0.985,-1.651
-1.11,-0.717
-1.012,-1.064
-1.158,-0.336
-1.05,-0.302
-1.139,-1.846
-1.206,-0.905
-2.344,-3.369
-2.527,-3.553
3.063,-3.342
2.553,-3.524
2.217,-3.551
1.868,-3.427
0.858,-3.503
0.453,-3.464
0.232,-3.454
0.12,-3.627
-0.72,-3.609
-0.577,-3.257
-1.94,1.093
-2.274,0.879
-2.579,1.052
-2.618,0.807
-3.004,0.936
3.125,0.968
3.099,1.133
-3.099,1.12
2.961,1.098
2.791,1.021
2.748,1.127
2.396,1.117
1.941,1.0
0.979,1.011
1.075,0.853
0.727,0.903
-0.832,0.988
-2.62,-0.556
-2.77,-1.362
-2.78,0.3
0.678,-2.745
0.576,-1.393
0.578,-1.489
0.21,-0.16
-0.333,-1.151
-1.956,-1.933
-3.116,-1.272
1.715,0.214
0.86,0.227
0.241,-0.293
-0.561,-1.303
-0.556,-1.066
-0.521,-0.947
-0.751,0.183
-2.839,-2.168
1.727,-1.004
0.249,-0.991
-0.553,-2.896
-2.18,-2.943
-2.961,-2.891
-2.891,-3.029
-1.768,1.116
-0.032,-1.21
-0.11,0.025
-0.222,-1.353
-0.236,-0.448
-0.281,-1.039
-0.228,-1.787
-0.358,-0.72
-0.354,-0.775
-0.416,-0.613
-0.488,-0.89
-0.482,-0.074
-0.542,-1.214
-0.673,-0.911
-0.73,-1.869
-0.681,-0.686
-0.785,-2.706
-0.799,-1.574
-0.878,-1.264
-0.874,-1.742
-0.911,-1.773
-0.952,-1.257
-1.161,-1.818
-1.176,0.202
-1.256,-1.512
-1.314,-0.42
-1.341,-2.028
-1.347,-2.207
-1.972,-2.937
-2.008,-3.101
3.092,-3.172
2.949,-2.997
2.957,-3.178
2.829,-2.71
2.682,-3.063
2.456,-3.137
2.109,-3.104
1.441,-2.847
1.285,-2.936
1.053,-3.137
0.164,-2.97
-1.717,1.563
-2.21,1.593
-2.545,1.341
-3.057,1.544
-3.138,1.382
2.65,1.363
1.392,1.603
0.962,1.236
-0.594,1.403
-0.829,1.422
-0.848,1.561
-2.389,-1.851
2.915,1.217
0.334,0.318
-1.166,1.223
1.76,1.531
0.416,1.411
-1.405,0.049
-1.569,-1.999
-1.618,-2.409
-1.701,1.045
-1.895,1.021
-1.981,0.713
-1.954,-1.246
-1.854,0.886
-1.971,-2.52
-1.891,-1.388
-2.185,0.136
-2.281,-1.588
-2.423,-0.403
-2.316,-1.902
-2.391,-1.237
-2.509,-1.667
-2.471,-0.337
-2.635,-1.555
-2.787,-1.003
-2.792,-1.698
-3.004,-0.14
-3.11,-2.111
-3.11,-0.021
-3.022,-0.281
3.136,-1.753
3.123,-0.129
3.083,-2.675
-3.066,-1.869
3.031,0.555
-3.109,-2.517
3.013,0.005
3.087,-1.627
2.986,-2.348
2.815,0.243
2.893,0.654
2.874,-0.395
2.749,1.05
2.625,-1.524
2.732,0.018
2.703,0.41
2.489,0.442
2.498,0.965
2.487,-0.484
2.541,0.674
2.538,-1.583
2.501,-1.528
2.342,0.676
2.452,-1.009
2.234,0.404
2.191,-1.678
2.151,-0.99
1.943,-2.694
1.892,-1.152
1.909,-1.251
1.793,0.022
1.665,-2.319
1.629,0.133
1.523,-1.681
1.393,-0.003
1.366,-1.646
1.19,-0.057
1.102,0.01
1.123,-0.389
1.003,1.159
0.995,0.817
1.075,-1.878
0.961,-2.71
0.808,1.17
0.797,-1.345
0.717,1.108
0.74,-1.449
0.734,0.169
0.574,-2.386
0.698,0.357
0.634,0.793
0.428,0.56
0.338,-0.92
0.16,0.905
0.177,-0.497
0.162,1.122
0.09,-0.264
-0.055,-0.435
-0.231,0.741
-0.262,-0.009
-0.27,-2.653
-0.3,1.254
-0.231,-1.518
-0.409,-0.584
-0.424,-0.728
-0.488,-0.321
-0.48,-2.701
-0.616,-1.42
-0.782,-2.423
-0.999,-0.947
-1.032,-1.197
-1.157,-0.263
-1.059,-0.61
-1.205,0.118
-1.097,0.152
-1.186,-1.392
-1.253,-0.451
-2.391,-2.915
-2.574,-3.099
3.016,-2.888
2.506,-3.07
2.17,-3.097
1.821,-2.973
0.811,-3.049
0.406,-3.01
0.185,-3.0
0.073,-3.173
-0.767,-3.155
-0.624,-2.803
-1.987,1.547
-2.321,1.333
-2.626,1.506
-2.665,1.261
-3.051,1.39
3.078,1.422
3.052,1.587
3.137,1.574
2.914,1.552
2.744,1.475
2.701,1.581
2.349,1.571
1.894,1.454
0.932,1.465
1.028,1.307
0.68,1.357
-0.879,1.442
-2.667,-0.102
-2.817,-0.908
-2.827,0.754
0.631,-2.291
0.529,-0.939
0.531,-1.035
0.163,0.294
-0.38,-0.697
-2.003,-1.479
3.12,-0.818
1.668,0.668
0.813,0.681
0.194,0.161
-0.608,-0.849
-0.603,-0.612
-0.568,-0.493
-0.798,0.637
-2.886,-1.714
1.68,-0.55
0.202,-0.537
-0.6,-2.442
-2.227,-2.489
-3.008,-2.437
-2.938,-2.575
-1.815,1.57
-0.078,1.235
-0.19,-0.143
-0.204,0.762
-0.249,0.171
-0.196,-0.577
-0.326,0.49
-0.322,0.435
-0.384,0.597
-0.456,0.32
-0.45,1.136
-0.51,-0.004
-0.641,0.299
-0.698,-0.659
-0.649,0.524
-0.753,-1.496
-0.767,-0.364
-0.846,-0.054
-0.842,-0.532
-0.879,-0.563
-0.92,-0.047
-1.129,-0.608
-1.144,1.412
-1.224,-0.302
-1.282,0.79
-1.309,-0.818
-1.315,-0.997
-1.94,-1.727
-1.976,-1.891
3.124,-1.962
2.981,-1.787
2.989,-1.968
2.861,-1.5
2.714,-1.853
2.488,-1.927
2.141,-1.894
1.473,-1.637
1.317,-1.726
1.085,-1.927
0.196,-1.76
-1.685,2.773
-2.178,2.803
-2.513,2.551
-3.025,2.754
-3.106,2.592
2.682,2.573
1.424,2.813
0.994,2.446
-0.562,2.613
-0.797,2.632
-0.816,2.771
-2.357,-0.641
2.947,2.427
0.366,1.528
-1.134,2.433
1.792,2.741
0.448,2.621
-1.373,1.259
-1.537,-0.789
-1.586,-1.199
-1.669,2.255
-1.863,2.231
-1.949,1.923
-1.922,-0.036
-1.822,2.096
-1.939,-1.31
-1.859,-0.178
-2.153,1.346
-2.249,-0.378
-2.391,0.807
-2.284,-0.692
-2.359,-0.027
-2.477,-0.457
-2.439,0.873
-2.603,-0.345
-2.755,0.207
-2.76,-0.488
-2.972,1.07
-3.078,-0.901
-3.078,1.189
-2.99,0.929
-3.115,-0.543
-3.128,1.081
3.115,-1.465
-3.034,-0.659
3.063,1.765
-3.077,-1.307
3.045,1.215
3.119,-0.417
3.018,-1.138
2.847,1.453
2.925,1.864
2.906,0.815
2.781,2.26
2.657,-0.314
2.764,1.228
2.735,1.62
2.521,1.652
2.53,2.175
2.519,0.726
2.573,1.884
2.57,-0.373
2.533,-0.318
2.374,1.886
2.484,0.201
2.266,1.614
2.223,-0.468
2.183,0.22
1.975,-1.484
1.924,0.058
1.941,-0.041
1.825,1.232
1.697,-1.109
1.661,1.343
1.555,-0.471
1.425,1.207
1.398,-0.436
1.222,1.153
1.134,1.22
1.155,0.821
1.035,2.369
1.027,2.027
1.107,-0.668
0.993,-1.5
0.84,2.38
0.829,-0.135
0.749,2.318
0.772,-0.239
0.766,1.379
0.606,-1.176
0.73,1.567
0.666,2.003
0.46,1.77
0.37,0.29
0.192,2.115
0.209,0.713
0.194,2.332
0.122,0.946
-0.023,0.775
-0.199,1.951
-0.23,1.201
-0.238,-1.443
-0.268,2.464
-0.199,-0.308
-0.377,0.626
-0.392,0.482
-0.456,0.889
-0.448,-1.491
-0.584,-0.21
-0.75,-1.213
-0.967,0.263
-1.0,0.013
-1.125,0.947
-1.027,0.6
-1.173,1.328
-1.065,1.362
-1.154,-0.182
-1.221,0.759
-2.359,-1.705
-2.542,-1.889
3.048,-1.678
2.538,-1.86
2.202,-1.887
1.853,-1.763
0.843,-1.839
0.438,-1.8
0.217,-1.79
0.105,-1.963
-0.735,-1.945
-0.592,-1.593
-1.955,2.757
-2.289,2.543
-2.594,2.716
-2.633,2.471
-3.019,2.6
3.11,2.632
3.084,2.797
-3.114,2.784
2.946,2.762
2.776,2.685
2.733,2.791
2.381,2.781
1.926,2.664
0.964,2.675
1.06,2.517
0.712,2.567
-0.847,2.652
-2.635,1.108
-2.785,0.302
-2.795,1.964
0.663,-1.081
0.561,0.271
0.563,0.175
0.195,1.504
-0.348,0.513
-1.971,-0.269
-3.131,0.392
1.7,1.878
0.845,1.891
0.226,1.371
-0.576,0.361
-0.571,0.598
-0.536,0.717
-0.766,1.847
-2.854,-0.504
1.712,0.66
0.234,0.673
-0.568,-1.232
-2.195,-1.279
-2.976,-1.227
-2.906,-1.365
-1.783,2.78
-0.112,-1.378
-0.126,-0.473
-0.171,-1.064
-0.118,-1.812
-0.248,-0.745
-0.244,-0.8
-0.306,-0.638
-0.378,-0.915
-0.372,-0.099
-0.432,-1.239
-0.563,-0.936
-0.62,-1.894
-0.571,-0.711
-0.675,-2.731
-0.689,-1.599
-0.768,-1.289
-0.764,-1.767
-0.801,-1.798
-0.842,-1.282
-1.051,-1.843
-1.066,0.177
-1.146,-1.537
-1.204,-0.445
-1.231,-2.053
-1.237,-2.232
-1.862,-2.962
-1.898,-3.126
-3.081,-3.197
3.059,-3.022
3.067,-3.203
2.939,-2.735
2.792,-3.088
2.566,-3.162
2.219,-3.129
1.551,-2.872
1.395,-2.961
1.163,-3.162
0.274,-2.995
-1.607,1.538
-2.1,1.568
-2.435,1.316
-2.947,1.519
-3.028,1.357
2.76,1.338
1.502,1.578
1.072,1.211
-0.484,1.378
-0.719,1.397
-0.738,1.536
-2.279,-1.876
3.025,1.192
0.444,0.293
-1.056,1.198
1.87,1.506
0.526,1.386
-1.295,0.024
-1.459,-2.024
-1.508,-2.434
-1.591,1.02
-1.785,0.996
-1.871,0.688
-1.844,-1.271
-1.744,0.861
-1.861,-2.545
-1.781,-1.413
-2.075,0.111
-2.171,-1.613
-2.313,-0.428
-2.206,-1.927
-2.281,-1.262
-2.399,-1.692
-2.361,-0.362
-2.525,-1.58
-2.677,-1.028
-2.682,-1.723
-2.894,-0.165
-3.0,-2.136
-3.0,-0.046
-2.912,-0.306
-3.037,-1.778
-3.05,-0.154
-3.09,-2.7
-2.956,-1.894
3.141,0.53
-2.999,-2.542
3.123,-0.02
-3.086,-1.652
3.096,-2.373
2.925,0.218
3.003,0.629
2.984,-0.42
2.859,1.025
2.735,-1.549
2.842,-0.007
2.813,0.385
2.599,0.417
2.608,0.94
2.597,-0.509
2.651,0.649
2.648,-1.608
2.611,-1.553
2.452,0.651
2.562,-1.034
2.344,0.379
2.301,-1.703
2.261,-1.015
2.053,-2.719
2.002,-1.177
2.019,-1.276
1.903,-0.003
1.775,-2.344
1.739,0.108
1.633,-1.706
1.503,-0.028
1.476,-1.671
1.3,-0.082
1.212,-0.015
1.233,-0.414
1.113,1.134
1.105,0.792
1.185,-1.903
1.071,-2.735
0.918,1.145
0.907,-1.37
0.827,1.083
0.85,-1.474
0.844,0.144
0.684,-2.411
0.808,0.332
0.744,0.768
0.538,0.535
0.448,-0.945
0.27,0.88
0.287,-0.522
0.272,1.097
0.2,-0.289
0.055,-0.46
-0.121,0.716
-0.152,-0.034
-0.16,-2.678
-0.19,1.229
-0.121,-1.543
-0.299,-0.609
-0.314,-0.753
-0.378,-0.346
-0.37,-2.726
-0.506,-1.445
-0.672,-2.448
-0.889,-0.972
-0.922,-1.222
-1.047,-0.288
-0.949,-0.635
-1.095,0.093
-0.987,0.127
-1.076,-1.417
-1.143,-0.476
-2.281,-2.94
-2.464,-3.124
3.126,-2.913
2.616,-3.095
2.28,-3.122
1.931,-2.998
0.921,-3.074
0.516,-3.035
0.295,-3.025
0.183,-3.198
-0.657,-3.18
-0.514,-2.828
-1.877,1.522
-2.211,1.308
-2.516,1.481
-2.555,1.236
-2.941,1.365
-3.095,1.397
-3.121,1.562
-3.036,1.549
3.024,1.527
2.854,1.45
2.811,1.556
2.459,1.546
2.004,1.429
1.042,1.44
1.138,1.282
0.79,1.332
-0.769,1.417
-2.557,-0.127
-2.707,-0.933
-2.717,0.729
0.741,-2.316
0.639,-0.964
0.641,-1.06
0.273,0.269
-0.27,-0.722
-1.893,-1.504
-3.053,-0.843
1.778,0.643
0.923,0.656
0.304,0.136
-0.498,-0.874
-0.493,-0.637
-0.458,-0.518
-0.688,0.612
-2.776,-1.739
1.79,-0.575
0.312,-0.562
-0.49,-2.467
-2.117,-2.514
-2.898,-2.462
-2.828,-2.6
-1.705,1.545
-0.014,0.905
-0.059,0.314
-0.006,-0.434
-0.136,0.633
-0.132,0.578
-0.194,0.74
-0.266,0.463
-0.26,1.279
-0.32,0.139
-0.451,0.442
-0.508,-0.516
-0.459,0.667
-0.563,-1.353
-0.577,-0.221
-0.656,0.089
-0.652,-0.389
-0.689,-0.42
-0.73,0.096
-0.939,-0.465
-0.954,1.555
-1.034,-0.159
-1.092,0.933
-1.119,-0.675
-1.125,-0.854
-1.75,-1.584
-1.786,-1.748
-2.969,-1.819
-3.112,-1.644
-3.104,-1.825
3.051,-1.357
2.904,-1.71
2.678,-1.784
2.331,-1.751
1.663,-1.494
1.507,-1.583
1.275,-1.784
0.386,-1.617
-1.495,2.916
-1.988,2.946
-2.323,2.694
-2.835,2.897
-2.916,2.735
2.872,2.716
1.614,2.956
1.184,2.589
-0.372,2.756
-0.607,2.775
-0.626,2.914
-2.167,-0.498
3.137,2.57
0.556,1.671
-0.944,2.576
1.982,2.884
0.638,2.764
-1.183,1.402
-1.347,-0.646
-1.396,-1.056
-1.479,2.398
-1.673,2.374
-1.759,2.066
-1.732,0.107
-1.632,2.239
-1.749,-1.167
-1.669,-0.035
-1.963,1.489
-2.059,-0.235
-2.201,0.95
-2.094,-0.549
-2.169,0.116
-2.287,-0.314
-2.249,1.016
-2.413,-0.202
-2.565,0.35
-2.57,-0.345
-2.782,1.213
-2.888,-0.758
-2.888,1.332
-2.8,1.072
-2.925,-0.4
-2.938,1.224
-2.978,-1.322
-2.844,-0.516
-3.03,1.908
-2.887,-1.164
-3.048,1.358
-2.974,-0.274
-3.075,-0.995
3.037,1.596
3.115,2.007
3.096,0.958
2.971,2.403
2.847,-0.171
2.954,1.371
2.925,1.763
2.711,1.795
2.72,2.318
2.709,0.869
2.763,2.027
2.76,-0.23
2.723,-0.175
2.564,2.029
2.674,0.344
2.456,1.757
2.413,-0.325
2.373,0.363
2.165,-1.341
2.114,0.201
2.131,0.102
2.015,1.375
1.887,-0.966
1.851,1.486
1.745,-0.328
1.615,1.35
1.588,-0.293
1.412,1.296
1.324,1.363
1.345,0.964
1.225,2.512
1.217,2.17
1.297,-0.525
1.183,-1.357
1.03,2.523
1.019,0.008
0.939,2.461
0.962,-0.096
0.956,1.522
0.796,-1.033
0.92,1.71
0.856,2.146
0.65,1.913
0.56,0.433
0.382,2.258
0.399,0.856
0.384,2.475
0.312,1.089
0.167,0.918
-0.009,2.094
-0.04,1.344
-0.048,-1.3
-0.078,2.607
-0.009,-0.165
-0.187,0.769
-0.202,0.625
-0.266,1.032
-0.258,-1.348
-0.394,-0.067
-0.56,-1.07
-0.777,0.406
-0.81,0.156
-0.935,1.09
-0.837,0.743
-0.983,1.471
-0.875,1.505
-0.964,-0.039
-1.031,0.902
-2.169,-1.562
-2.352,-1.746
-3.045,-1.535
2.728,-1.717
2.392,-1.744
2.043,-1.62
1.033,-1.696
0.628,-1.657
0.407,-1.647
0.295,-1.82
-0.545,-1.802
-0.402,-1.45
-1.765,2.9
-2.099,2.686
-2.404,2.859
-2.443,2.614
-2.829,2.743
-2.983,2.775
-3.009,2.94
-2.924,2.927
3.136,2.905
2.966,2.828
2.923,2.934
2.571,2.924
2.116,2.807
1.154,2.818
1.25,2.66
0.902,2.71
-0.657,2.795
-2.445,1.251
-2.595,0.445
-2.605,2.107
0.853,-0.938
0.751,0.414
0.753,0.318
0.385,1.647
-0.158,0.656
-1.781,-0.126
-2.941,0.535
1.89,2.021
1.035,2.034
0.416,1.514
-0.386,0.504
-0.381,0.741
-0.346,0.86
-0.576,1.99
-2.664,-0.361
1.902,0.803
0.424,0.816
-0.378,-1.089
-2.005,-1.136
-2.786,-1.084
-2.716,-1.222
-1.593,2.923
-0.045,-0.591
0.008,-1.339
-0.122,-0.272
-0.118,-0.327
-0.18,-0.165
-0.252,-0.442
-0.246,0.374
-0.306,-0.766
-0.437,-0.463
-0.494,-1.421
-0.445,-0.238
-0.549,-2.258
-0.563,-1.126
-0.642,-0.816
-0.638,-1.294
-0.675,-1.325
-0.716,-0.809
-0.925,-1.37
-0.94,0.65
-1.02,-1.064
-1.078,0.028
-1.105,-1.58
-1.111,-1.759
-1.736,-2.489
-1.772,-2.653
-2.955,-2.724
-3.098,-2.549
-3.09,-2.73
3.065,-2.262
2.918,-2.615
2.692,-2.689
2.345,-2.656
1.677,-2.399
1.521,-2.488
1.289,-2.689
0.4,-2.522
-1.481,2.011
-1.974,2.041
-2.309,1.789
-2.821,1.992
-2.902,1.83
2.886,1.811
1.628,2.051
1.198,1.684
-0.358,1.851
-0.593,1.87
-0.612,2.009
-2.153,-1.403
-3.132,1.665
0.57,0.766
-0.93,1.671
1.996,1.979
0.652,1.859
-1.169,0.497
-1.333,-1.551
-1.382,-1.961
-1.465,1.493
-1.659,1.469
-1.745,1.161
-1.718,-0.798
-1.618,1.334
-1.735,-2.072
-1.655,-0.94
-1.949,0.584
-2.045,-1.14
-2.187,0.045
-2.08,-1.454
-2.155,-0.789
-2.273,-1.219
-2.235,0.111
-2.399,-1.107
-2.551,-0.555
-2.556,-1.25
-2.768,0.308
-2.874,-1.663
-2.874,0.427
-2.786,0.167
-2.911,-1.305
-2.924,0.319
-2.964,-2.227
-2.83,-1.421
-3.016,1.003
-2.873,-2.069
-3.034,0.453
-2.96,-1.179
-3.061,-1.9
3.051,0.691
3.129,1.102
3.11,0.053
2.985,1.498
2.861,-1.076
2.968,0.466
2.939,0.858
2.725,0.89
2.734,1.413
2.723,-0.036
2.777,1.122
2.774,-1.135
2.737,-1.08
2.578,1.124
2.688,-0.561
2.47,0.852
2.427,-1.23
2.387,-0.542
2.179,-2.246
2.128,-0.704
2.145,-0.803
2.029,0.47
1.901,-1.871
1.865,0.581
1.759,-1.233
1.629,0.445
1.602,-1.198
1.426,0.391
1.338,0.458
1.359,0.059
1.239,1.607
1.231,1.265
1.311,-1.43
1.197,-2.262
1.044,1.618
1.033,-0.897
0.953,1.556
0.976,-1.001
0.97,0.617
0.81,-1.938
0.934,0.805
0.87,1.241
0.664,1.008
0.574,-0.472
0.396,1.353
0.413,-0.049
0.398,1.57
0.326,0.184
0.181,0.013
0.005,1.189
-0.026,0.439
-0.034,-2.205
-0.064,1.702
0.005,-1.07
-0.173,-0.136
-0.188,-0.28
-0.252,0.127
-0.244,-2.253
-0.38,-0.972
-0.546,-1.975
-0.763,-0.499
-0.796,-0.749
-0.921,0.185
-0.823,-0.162
-0.969,0.566
-0.861,0.6
-0.95,-0.944
-1.017,-0.003
-2.155,-2.467
-2.338,-2.651
-3.031,-2.44
2.742,-2.622
2.406,-2.649
2.057,-2.525
1.047,-2.601
0.642,-2.562
0.421,-2.552
0.309,-2.725
-0.531,-2.707
-0.388,-2.355
-1.751,1.995
-2.085,1.781
-2.39,1.954
-2.429,1.709
-2.815,1.838
-2.969,1.87
-2.995,2.035
-2.91,2.022
-3.133,2.0
2.98,1.923
2.937,2.029
2.585,2.019
2.13,1.902
1.168,1.913
1.264,1.755
0.916,1.805
-0.643,1.89
-2.431,0.346
-2.581,-0.46
-2.591,1.202
0.867,-1.843
0.765,-0.491
0.767,-0.587
0.399,0.742
-0.144,-0.249
-1.767,-1.031
-2.927,-0.37
1.904,1.116
1.049,1.129
0.43,0.609
-0.372,-0.401
-0.367,-0.164
-0.332,-0.045
-0.562,1.085
-2.65,-1.266
1.916,-0.102
0.438,-0.089
-0.364,-1.994
-1.991,-2.041
-2.772,-1.989
-2.702,-2.127
-1.579,2.018
0.053,-0.748
-0.077,0.319
-0.073,0.264
-0.135,0.426
-0.207,0.149
-0.201,0.965
-0.261,-0.175
-0.392,0.128
-0.449,-0.83
-0.4,0.353
-0.504,-1.667
-0.518,-0.535
-0.597,-0.225
-0.593,-0.703
-0.63,-0.734
-0.671,-0.218
-0.88,-0.779
-0.895,1.241
-0.975,-0.473
-1.033,0.619
-1.06,-0.989
-1.066,-1.168
-1.691,-1.898
-1.727,-2.062
-2.91,-2.133
-3.053,-1.958
-3.045,-2.139
3.11,-1.671
2.963,-2.024
2.737,-2.098
2.39,-2.065
1.722,-1.808
1.566,-1.897
1.334,-2.098
0.445,-1.931
-1.436,2.602
-1.929,2.632
-2.264,2.38
-2.776,2.583
-2.857,2.421
2.931,2.402
1.673,2.642
1.243,2.275
-0.313,2.442
-0.548,2.461
-0.567,2.6
-2.108,-0.812
-3.087,2.256
0.615,1.357
-0.885,2.262
2.041,2.57
0.697,2.45
-1.124,1.088
-1.288,-0.96
-1.337,-1.37
-1.42,2.084
-1.614,2.06
-1.7,1.752
-1.673,-0.207
-1.573,1.925
-1.69,-1.481
-1.61,-0.349
-1.904,1.175
-2.0,-0.549
-2.142,0.636
-2.035,-0.863
-2.11,-0.198
-2.228,-0.628
-2.19,0.702
-2.354,-0.516
-2.506,0.036
-2.511,-0.659
-2.723,0.899
-2.829,-1.072
-2.829,1.018
-2.741,0.758
-2.866,-0.714
-2.879,0.91
-2.919,-1.636
-2.785,-0.83
-2.971,1.594
-2.828,-1.478
-2.989,1.044
-2.915,-0.588
-3.016,-1.309
3.096,1.282
-3.109,1.693
-3.128,0.644
3.03,2.089
2.906,-0.485
3.013,1.057
2.984,1.449
2.77,1.481
2.779,2.004
2.768,0.555
2.822,1.713
2.819,-0.544
2.782,-0.489
2.623,1.715
2.733,0.03
2.515,1.443
2.472,-0.639
2.432,0.049
2.224,-1.655
2.173,-0.113
2.19,-0.212
2.074,1.061
1.946,-1.28
1.91,1.172
1.804,-0.642
1.674,1.036
1.647,-0.607
1.471,0.982
1.383,1.049
1.404,0.65
1.284,2.198
1.276,1.856
1.356,-0.839
1.242,-1.671
1.089,2.209
1.078,-0.306
0.998,2.147
1.021,-0.41
1.015,1.208
0.855,-1.347
0.979,1.396
0.915,1.832
0.709,1.599
0.619,0.119
0.441,1.944
0.458,0.542
0.443,2.161
0.371,0.775
0.226,0.604
0.05,1.78
0.019,1.03
0.011,-1.614
-0.019,2.293
0.05,-0.479
-0.128,0.455
-0.143,0.311
-0.207,0.718
-0.199,-1.662
-0.335,-0.381
-0.501,-1.384
-0.718,0.092
-0.751,-0.158
-0.876,0.776
-0.778,0.429
-0.924,1.157
-0.816,1.191
-0.905,-0.353
-0.972,0.588
-2.11,-1.876
-2.293,-2.06
-2.986,-1.849
2.787,-2.031
2.451,-2.058
2.102,-1.934
1.092,-2.01
0.687,-1.971
0.466,-1.961
0.354,-2.134
-0.486,-2.116
-0.343,-1.764
-1.706,2.586
-2.04,2.372
-2.345,2.545
-2.384,2.3
-2.77,2.429
-2.924,2.461
-2.95,2.626
-2.865,2.613
-3.088,2.591
3.025,2.514
2.982,2.62
2.63,2.61
2.175,2.493
1.213,2.504
1.309,2.346
0.961,2.396
-0.598,2.481
-2.386,0.937
-2.536,0.131
-2.546,1.793
0.912,-1.252
0.81,0.1
0.812,0.004
0.444,1.333
-0.099,0.342
-1.722,-0.44
-2.882,0.221
1.949,1.707
1.094,1.72
0.475,1.2
-0.327,0.19
-0.322,0.427
-0.287,0.546
-0.517,1.676
-2.605,-0.675
1.961,0.489
0.483,0.502
-0.319,-1.403
-1.946,-1.45
-2.727,-1.398
-2.657,-1.536
-1.534,2.609
-0.13,1.067
-0.126,1.012
-0.188,1.174
-0.26,0.897
-0.254,1.713
-0.314,0.573
-0.445,0.876
-0.502,-0.082
-0.453,1.101
-0.557,-0.919
-0.571,0.213
-0.65,0.523
-0.646,0.045
-0.683,0.014
-0.724,0.53
-0.933,-0.031
-0.948,1.989
-1.028,0.275
-1.086,1.367
-1.113,-0.241
-1.119,-0.42
-1.744,-1.15
-1.78,-1.314
-2.963,-1.385
-3.106,-1.21
-3.098,-1.391
3.057,-0.923
2.91,-1.276
2.684,-1.35
2.337,-1.317
1.669,-1.06
1.513,-1.149
1.281,-1.35
0.392,-1.183
-1.489,3.35
-1.982,3.38
-2.317,3.128
-2.829,3.331
-2.91,3.169
2.878,3.15
1.62,3.39
1.19,3.023
-0.366,3.19
-0.601,3.209
-0.62,3.348
-2.161,-0.064
-3.14,3.004
0.562,2.105
-0.938,3.01
1.988,3.318
0.644,3.198
-1.177,1.836
-1.341,-0.212
-1.39,-0.622
-1.473,2.832
-1.667,2.808
-1.753,2.5
-1.726,0.541
-1.626,2.673
-1.743,-0.733
-1.663,0.399
-1.957,1.923
-2.053,0.199
-2.195,1.384
-2.088,-0.115
-2.163,0.55
-2.281,0.12
-2.243,1.45
-2.407,0.232
-2.559,0.784
-2.564,0.089
-2.776,1.647
-2.882,-0.324
-2.882,1.766
-2.794,1.506
-2.919,0.034
-2.932,1.658
-2.972,-0.888
-2.838,-0.082
-3.024,2.342
-2.881,-0.73
-3.042,1.792
-2.968,0.16
-3.069,-0.561
3.043,2.03
3.121,2.441
3.102,1.392
2.977,2.837
2.853,0.263
2.96,1.805
2.931,2.197
2.717,2.229
2.726,2.752
2.715,1.303
2.769,2.461
2.766,0.204
2.729,0.259
2.57,2.463
2.68,0.778
2.462,2.191
2.419,0.109
2.379,0.797
2.171,-0.907
2.12,0.635
2.137,0.536
2.021,1.809
1.893,-0.532
1.857,1.92
1.751,0.106
1.621,1.784
1.594,0.141
1.418,1.73
1.33,1.797
1.351,1.398
1.231,2.946
1.223,2.604
1.303,-0.091
1.189,-0.923
1.036,2.957
1.025,0.442
0.945,2.895
0.968,0.338
0.962,1.956
0.802,-0.599
0.926,2.144
0.862,2.58
0.656,2.347
0.566,0.867
0.388,2.692
0.405,1.29
0.39,2.909
0.318,1.523
0.173,1.352
-0.003,2.528
-0.034,1.778
-0.042,-0.866
-0.072,3.041
-0.003,0.269
-0.181,1.203
-0.196,1.059
-0.26,1.466
-0.252,-0.914
-0.388,0.367
-0.554,-0.636
-0.771,0.84
-0.804,0.59
-0.929,1.524
-0.831,1.177
-0.977,1.905
-0.869,1.939
-0.958,0.395
-1.025,1.336
-2.163,-1.128
-2.346,-1.312
-3.039,-1.101
2.734,-1.283
2.398,-1.31
2.049,-1.186
1.039,-1.262
0.634,-1.223
0.413,-1.213
0.301,-1.386
-0.539,-1.368
-0.396,-1.016
-1.759,3.334
-2.093,3.12
-2.398,3.293
-2.437,3.048
-2.823,3.177
-2.977,3.209
-3.003,3.374
-2.918,3.361
-3.141,3.339
2.972,3.262
2.929,3.368
2.577,3.358
2.122,3.241
1.16,3.252
1.256,3.094
0.908,3.144
-0.651,3.229
-2.439,1.685
-2.589,0.879
-2.599,2.541
0.859,-0.504
0.757,0.848
0.759,0.752
0.391,2.081
-0.152,1.09
-1.775,0.308
-2.935,0.969
1.896,2.455
1.041,2.468
0.422,1.948
-0.38,0.938
-0.375,1.175
-0.34,1.294
-0.57,2.424
-2.658,0.073
1.908,1.237
0.43,1.25
-0.372,-0.655
-1.999,-0.702
-2.78,-0.65
-2.71,-0.788
-1.587,3.357
0.004,-0.055
-0.058,0.107
-0.13,-0.17
-0.124,0.646
-0.184,-0.494
-0.315,-0.191
-0.372,-1.149
-0.323,0.034
-0.427,-1.986
-0.441,-0.854
-0.52,-0.544
-0.516,-1.022
-0.553,-1.053
-0.594,-0.537
-0.803,-1.098
-0.818,0.922
-0.898,-0.792
-0.956,0.3
-0.983,-1.308
-0.989,-1.487
-1.614,-2.217
-1.65,-2.381
-2.833,-2.452
-2.976,-2.277
-2.968,-2.458
-3.096,-1.99
3.04,-2.343
2.814,-2.417
2.467,-2.384
1.799,-2.127
1.643,-2.216
1.411,-2.417
0.522,-2.25
-1.359,2.283
-1.852,2.313
-2.187,2.061
-2.699,2.264
-2.78,2.102
3.008,2.083
1.75,2.323
1.32,1.956
-0.236,2.123
-0.471,2.142
-0.49,2.281
-2.031,-1.131
-3.01,1.937
0.692,1.038
-0.808,1.943
2.118,2.251
0.774,2.131
-1.047,0.769
-1.211,-1.279
-1.26,-1.689
-1.343,1.765
-1.537,1.741
-1.623,1.433
-1.596,-0.526
-1.496,1.606
-1.613,-1.8
-1.533,-0.668
-1.827,0.856
-1.923,-0.868
-2.065,0.317
-1.958,-1.182
-2.033,-0.517
-2.151,-0.947
-2.113,0.383
-2.277,-0.835
-2.429,-0.283
-2.434,-0.978
-2.646,0.58
-2.752,-1.391
-2.752,0.699
-2.664,0.439
-2.789,-1.033
-2.802,0.591
-2.842,-1.955
-2.708,-1.149
-2.894,1.275
-2.751,-1.797
-2.912,0.725
-2.838,-0.907
-2.939,-1.628
-3.11,0.963
-3.032,1.374
-3.051,0.325
3.107,1.77
2.983,-0.804
3.09,0.738
3.061,1.13
2.847,1.162
2.856,1.685
2.845,0.236
2.899,1.394
2.896,-0.863
2.859,-0.808
2.7,1.396
2.81,-0.289
2.592,1.124
2.549,-0.958
2.509,-0.27
2.301,-1.974
2.25,-0.432
2.267,-0.531
2.151,0.742
2.023,-1.599
1.987,0.853
1.881,-0.961
1.751,0.717
1.724,-0.926
1.548,0.663
1.46,0.73
1.481,0.331
1.361,1.879
1.353,1.537
1.433,-1.158
1.319,-1.99
1.166,1.89
1.155,-0.625
1.075,1.828
1.098,-0.729
1.092,0.889
0.932,-1.666
1.056,1.077
0.992,1.513
0.786,1.28
0.696,-0.2
0.518,1.625
0.535,0.223
0.52,1.842
0.448,0.456
0.303,0.285
0.127,1.461
0.096,0.711
0.088,-1.933
0.058,1.974
0.127,-0.798
-0.051,0.136
-0.066,-0.008
-0.13,0.399
-0.122,-1.981
-0.258,-0.7
-0.424,-1.703
-0.641,-0.227
-0.674,-0.477
-0.799,0.457
-0.701,0.11
-0.847,0.838
-0.739,0.872
-0.828,-0.672
-0.895,0.269
-2.033,-2.195
-2.216,-2.379
-2.909,-2.168
2.864,-2.35
2.528,-2.377
2.179,-2.253
1.169,-2.329
0.764,-2.29
0.543,-2.28
0.431,-2.453
-0.409,-2.435
-0.266,-2.083
-1.629,2.267
-1.963,2.053
-2.268,2.226
-2.307,1.981
-2.693,2.11
-2.847,2.142
-2.873,2.307
-2.788,2.294
-3.011,2.272
3.102,2.195
3.059,2.301
2.707,2.291
2.252,2.174
1.29,2.185
1.386,2.027
1.038,2.077
-0.521,2.162
-2.309,0.618
-2.459,-0.188
-2.469,1.474
0.989,-1.571
0.887,-0.219
0.889,-0.315
0.521,1.014
-0.022,0.023
-1.645,-0.759
-2.805,-0.098
2.026,1.388
1.171,1.401
0.552,0.881
-0.25,-0.129
-0.245,0.108
-0.21,0.227
-0.44,1.357
-2.528,-0.994
2.038,0.17
0.56,0.183
-0.242,-1.722
-1.869,-1.769
-2.65,-1.717
-2.58,-1.855
-1.457,2.29
-0.062,0.162
-0.134,-0.115
-0.128,0.701
-0.188,-0.439
-0.319,-0.136
-0.376,-1.094
-0.327,0.089
-0.431,-1.931
-0.445,-0.799
-0.524,-0.489
-0.52,-0.967
-0.557,-0.998
-0.598,-0.482
-0.807,-1.043
-0.822,0.977
-0.902,-0.737
-0.96,0.355
-0.987,-1.253
-0.993,-1.432
-1.618,-2.162
-1.654,-2.326
-2.837,-2.397
-2.98,-2.222
-2.972,-2.403
-3.1,-1.935
3.036,-2.288
2.81,-2.362
2.463,-2.329
1.795,-2.072
1.639,-2.161
1.407,-2.362
0.518,-2.195
-1.363,2.338
-1.856,2.368
-2.191,2.116
-2.703,2.319
-2.784,2.157
3.004,2.138
1.746,2.378
1.316,2.011
-0.24,2.178
-0.475,2.197
-0.494,2.336
-2.035,-1.076
-3.014,1.992
0.688,1.093
-0.812,1.998
2.114,2.306
0.77,2.186
-1.051,0.824
-1.215,-1.224
-1.264,-1.634
-1.347,1.82
-1.541,1.796
-1.627,1.488
-1.6,-0.471
-1.5,1.661
-1.617,-1.745
-1.537,-0.613
-1.831,0.911
-1.927,-0.813
-2.069,0.372
-1.962,-1.127
-2.037,-0.462
-2.155,-0.892
-2.117,0.438
-2.281,-0.78
-2.433,-0.228
-2.438,-0.923
-2.65,0.635
-2.756,-1.336
-2.756,0.754
-2.668,0.494
-2.793,-0.978
-2.806,0.646
-2.846,-1.9
-2.712,-1.094
-2.898,1.33
-2.755,-1.742
-2.916,0.78
-2.842,-0.852
-2.943,-1.573
-3.114,1.018
-3.036,1.429
-3.055,0.38
3.103,1.825
2.979,-0.749
3.086,0.793
3.057,1.185
2.843,1.217
2.852,1.74
2.841,0.291
2.895,1.449
2.892,-0.808
2.855,-0.753
2.696,1.451
2.806,-0.234
2.588,1.179
2.545,-0.903
2.505,-0.215
2.297,-1.919
2.246,-0.377
2.263,-0.476
2.147,0.797
2.019,-1.544
1.983,0.908
1.877,-0.906
1.747,0.772
1.72,-0.871
1.544,0.718
1.456,0.785
1.477,0.386
1.357,1.934
1.349,1.592
1.429,-1.103
1.315,-1.935
1.162,1.945
1.151,-0.57
1.071,1.883
1.094,-0.674
1.088,0.944
0.928,-1.611
1.052,1.132
0.988,1.568
0.782,1.335
0.692,-0.145
0.514,1.68
0.531,0.278
0.516,1.897
0.444,0.511
0.299,0.34
0.123,1.516
0.092,0.766
0.084,-1.878
0.054,2.029
0.123,-0.743
-0.055,0.191
-0.07,0.047
-0.134,0.454
-0.126,-1.926
-0.262,-0.645
-0.428,-1.648
-0.645,-0.172
-0.678,-0.422
-0.803,0.512
-0.705,0.165
-0.851,0.893
-0.743,0.927
-0.832,-0.617
-0.899,0.324
-2.037,-2.14
-2.22,-2.324
-2.913,-2.113
2.86,-2.295
2.524,-2.322
2.175,-2.198
1.165,-2.274
0.76,-2.235
0.539,-2.225
0.427,-2.398
-0.413,-2.38
-0.27,-2.028
-1.633,2.322
-1.967,2.108
-2.272,2.281
-2.311,2.036
-2.697,2.165
-2.851,2.197
-2.877,2.362
-2.792,2.349
-3.015,2.327
3.098,2.25
3.055,2.356
2.703,2.346
2.248,2.229
1.286,2.24
1.382,2.082
1.034,2.132
-0.525,2.217
-2.313,0.673
-2.463,-0.133
-2.473,1.529
0.985,-1.516
0.883,-0.164
0.885,-0.26
0.517,1.069
-0.026,0.078
-1.649,-0.704
-2.809,-0.043
2.022,1.443
1.167,1.456
0.548,0.936
-0.254,-0.074
-0.249,0.163
-0.214,0.282
-0.444,1.412
-2.532,-0.939
2.034,0.225
0.556,0.238
-0.246,-1.667
-1.873,-1.714
-2.654,-1.662
-2.584,-1.8
-1.461,2.345
-0.072,-0.277
-0.066,0.539
-0.126,-0.601
-0.257,-0.298
-0.314,-1.256
-0.265,-0.073
-0.369,-2.093
-0.383,-0.961
-0.462,-0.651
-0.458,-1.129
-0.495,-1.16
-0.536,-0.644
-0.745,-1.205
-0.76,0.815
-0.84,-0.899
-0.898,0.193
-0.925,-1.415
-0.931,-1.594
-1.556,-2.324
-1.592,-2.488
-2.775,-2.559
-2.918,-2.384
-2.91,-2.565
-3.038,-2.097
3.098,-2.45
2.872,-2.524
2.525,-2.491
1.857,-2.234
1.701,-2.323
1.469,-2.524
0.58,-2.357
-1.301,2.176
-1.794,2.206
-2.129,1.954
-2.641,2.157
-2.722,1.995
3.066,1.976
1.808,2.216
1.378,1.849
-0.178,2.016
-0.413,2.035
-0.432,2.174
-1.973,-1.238
-2.952,1.83
0.75,0.931
-0.75,1.836
2.176,2.144
0.832,2.024
-0.989,0.662
-1.153,-1.386
-1.202,-1.796
-1.285,1.658
-1.479,1.634
-1.565,1.326
-1.538,-0.633
-1.438,1.499
-1.555,-1.907
-1.475,-0.775
-1.769,0.749
-1.865,-0.975
-2.007,0.21
-1.9,-1.289
-1.975,-0.624
-2.093,-1.054
-2.055,0.276
-2.219,-0.942
-2.371,-0.39
-2.376,-1.085
-2.588,0.473
-2.694,-1.498
-2.694,0.592
-2.606,0.332
-2.731,-1.14
-2.744,0.484
-2.784,-2.062
-2.65,-1.256
-2.836,1.168
-2.693,-1.904
-2.854,0.618
-2.78,-1.014
-2.881,-1.735
-3.052,0.856
-2.974,1.267
-2.993,0.218
-3.118,1.663
3.041,-0.911
-3.135,0.631
3.119,1.023
2.905,1.055
2.914,1.578
2.903,0.129
2.957,1.287
2.954,-0.97
2.917,-0.915
2.758,1.289
2.868,-0.396
2.65,1.017
2.607,-1.065
2.567,-0.377
2.359,-2.081
2.308,-0.539
2.325,-0.638
2.209,0.635
2.081,-1.706
2.045,0.746
1.939,-1.068
1.809,0.61
1.782,-1.033
1.606,0.556
1.518,0.623
1.539,0.224
1.419,1.772
1.411,1.43
1.491,-1.265
1.377,-2.097
1.224,1.783
1.213,-0.732
1.133,1.721
1.156,-0.836
1.15,0.782
0.99,-1.773
1.114,0.97
1.05,1.406
0.844,1.173
0.754,-0.307
0.576,1.518
0.593,0.116
0.578,1.735
0.506,0.349
0.361,0.178
0.185,1.354
0.154,0.604
0.146,-2.04
0.116,1.867
0.185,-0.905
0.007,0.029
-0.008,-0.115
-0.072,0.292
-0.064,-2.088
-0.2,-0.807
-0.366,-1.81
-0.583,-0.334
-0.616,-0.584
-0.741,0.35
-0.643,0.003
-0.789,0.731
-0.681,0.765
-0.77,-0.779
-0.837,0.162
-1.975,-2.302
-2.158,-2.486
-2.851,-2.275
2.922,-2.457
2.586,-2.484
2.237,-2.36
1.227,-2.436
0.822,-2.397
0.601,-2.387
0.489,-2.56
-0.351,-2.542
-0.208,-2.19
-1.571,2.16
-1.905,1.946
-2.21,2.119
-2.249,1.874
-2.635,2.003
-2.789,2.035
-2.815,2.2
-2.73,2.187
-2.953,2.165
-3.123,2.088
3.117,2.194
2.765,2.184
2.31,2.067
1.348,2.078
1.444,1.92
1.096,1.97
-0.463,2.055
-2.251,0.511
-2.401,-0.295
-2.411,1.367
1.047,-1.678
0.945,-0.326
0.947,-0.422
0.579,0.907
0.036,-0.084
-1.587,-0.866
-2.747,-0.205
2.084,1.281
1.229,1.294
0.61,0.774
-0.192,-0.236
-0.187,0.001
-0.152,0.12
-0.382,1.25
-2.47,-1.101
2.096,0.063
0.618,0.076
-0.184,-1.829
-1.811,-1.876
-2.592,-1.824
-2.522,-1.962
-1.399,2.183
0.006,0.816
-0.054,-0.324
-0.185,-0.021
-0.242,-0.979
-0.193,0.204
-0.297,-1.816
-0.311,-0.684
-0.39,-0.374
-0.386,-0.852
-0.423,-0.883
-0.464,-0.367
-0.673,-0.928
-0.688,1.092
-0.768,-0.622
-0.826,0.47
-0.853,-1.138
-0.859,-1.317
-1.484,-2.047
-1.52,-2.211
-2.703,-2.282
-2.846,-2.107
-2.838,-2.288
-2.966,-1.82
-3.113,-2.173
2.944,-2.247
2.597,-2.214
1.929,-1.957
1.773,-2.046
1.541,-2.247
0.652,-2.08
-1.229,2.453
-1.722,2.483
-2.057,2.231
-2.569,2.434
-2.65,2.272
3.138,2.253
1.88,2.493
1.45,2.126
-0.106,2.293
-0.341,2.312
-0.36,2.451
-1.901,-0.961
-2.88,2.107
0.822,1.208
-0.678,2.113
2.248,2.421
0.904,2.301
-0.917,0.939
-1.081,-1.109
-1.13,-1.519
-1.213,1.935
-1.407,1.911
-1.493,1.603
-1.466,-0.356
-1.366,1.776
-1.483,-1.63
-1.403,-0.498
-1.697,1.026
-1.793,-0.698
-1.935,0.487
-1.828,-1.012
-1.903,-0.347
-2.021,-0.777
-1.983,0.553
-2.147,-0.665
-2.299,-0.113
-2.304,-0.808
-2.516,0.75
-2.622,-1.221
-2.622,0.869
-2.534,0.609
-2.659,-0.863
-2.672,0.761
-2.712,-1.785
-2.578,-0.979
-2.764,1.445
-2.621,-1.627
-2.782,0.895
-2.708,-0.737
-2.809,-1.458
-2.98,1.133
-2.902,1.544
-2.921,0.495
-3.046,1.94
3.113,-0.634
-3.063,0.908
-3.092,1.3
2.977,1.332
2.986,1.855
2.975,0.406
3.029,1.564
3.026,-0.693
2.989,-0.638
2.83,1.566
2.94,-0.119
2.722,1.294
2.679,-0.788
2.639,-0.1
2.431,-1.804
2.38,-0.262
2.397,-0.361
2.281,0.912
2.153,-1.429
2.117,1.023
2.011,-0.791
1.881,0.887
1.854,-0.756
1.678,0.833
1.59,0.9
1.611,0.501
1.491,2.049
1.483,1.707
1.563,-0.988
1.449,-1.82
1.296,2.06
1.285,-0.455
1.205,1.998
1.228,-0.559
1.222,1.059
1.062,-1.496
1.186,1.247
1.122,1.683
0.916,1.45
0.826,-0.03
0.648,1.795
0.665,0.393
0.65,2.012
0.578,0.626
0.433,0.455
0.257,1.631
0.226,0.881
0.218,-1.763
0.188,2.144
0.257,-0.628
0.079,0.306
0.064,0.162
0.0,0.569
0.008,-1.811
-0.128,-0.53
-0.294,-1.533
-0.511,-0.057
-0.544,-0.307
-0.669,0.627
-0.571,0.28
-0.717,1.008
-0.609,1.042
-0.698,-0.502
-0.765,0.439
-1.903,-2.025
-2.086,-2.209
-2.779,-1.998
2.994,-2.18
2.658,-2.207
2.309,-2.083
1.299,-2.159
0.894,-2.12
0.673,-2.11
0.561,-2.283
-0.279,-2.265
-0.136,-1.913
-1.499,2.437
-1.833,2.223
-2.138,2.396
-2.177,2.151
-2.563,2.28
-2.717,2.312
-2.743,2.477
-2.658,2.464
-2.881,2.442
-3.051,2.365
-3.094,2.471
2.837,2.461
2.382,2.344
1.42,2.355
1.516,2.197
1.168,2.247
-0.391,2.332
-2.179,0.788
-2.329,-0.018
-2.339,1.644
1.119,-1.401
1.017,-0.049
1.019,-0.145
0.651,1.184
0.108,0.193
-1.515,-0.589
-2.675,0.072
2.156,1.558
1.301,1.571
0.682,1.051
-0.12,0.041
-0.115,0.278
-0.08,0.397
-0.31,1.527
-2.398,-0.824
2.168,0.34
0.69,0.353
-0.112,-1.552
-1.739,-1.599
-2.52,-1.547
-2.45,-1.685
-1.327,2.46
-0.06,-1.14
-0.191,-0.837
-0.248,-1.795
-0.199,-0.612
-0.303,-2.632
-0.317,-1.5
-0.396,-1.19
-0.392,-1.668
-0.429,-1.699
-0.47,-1.183
-0.679,-1.744
-0.694,0.276
-0.774,-1.438
-0.832,-0.346
-0.859,-1.954
-0.865,-2.133
-1.49,-2.863
-1.526,-3.027
-2.709,-3.098
-2.852,-2.923
-2.844,-3.104
-2.972,-2.636
-3.119,-2.989
2.938,-3.063
2.591,-3.03
1.923,-2.773
1.767,-2.862
1.535,-3.063
0.646,-2.896
-1.235,1.637
-1.728,1.667
-2.063,1.415
-2.575,1.618
-2.656,1.456
3.132,1.437
1.874,1.677
1.444,1.31
-0.112,1.477
-0.347,1.496
-0.366,1.635
-1.907,-1.777
-2.886,1.291
0.816,0.392
-0.684,1.297
2.242,1.605
0.898,1.485
-0.923,0.123
-1.087,-1.925
-1.136,-2.335
-1.219,1.119
-1.413,1.095
-1.499,0.787
-1.472,-1.172
-1.372,0.96
-1.489,-2.446
-1.409,-1.314
-1.703,0.21
-1.799,-1.514
-1.941,-0.329
-1.834,-1.828
-1.909,-1.163
-2.027,-1.593
-1.989,-0.263
-2.153,-1.481
-2.305,-0.929
-2.31,-1.624
-2.522,-0.066
-2.628,-2.037
-2.628,0.053
-2.54,-0.207
-2.665,-1.679
-2.678,-0.055
-2.718,-2.601
-2.584,-1.795
-2.77,0.629
-2.627,-2.443
-2.788,0.079
-2.714,-1.553
-2.815,-2.274
-2.986,0.317
-2.908,0.728
-2.927,-0.321
-3.052,1.124
3.107,-1.45
-3.069,0.092
-3.098,0.484
2.971,0.516
2.98,1.039
2.969,-0.41
3.023,0.748
3.02,-1.509
2.983,-1.454
2.824,0.75
2.934,-0.935
2.716,0.478
2.673,-1.604
2.633,-0.916
2.425,-2.62
2.374,-1.078
2.391,-1.177
2.275,0.096
2.147,-2.245
2.111,0.207
2.005,-1.607
1.875,0.071
1.848,-1.572
1.672,0.017
1.584,0.084
1.605,-0.315
1.485,1.233
1.477,0.891
1.557,-1.804
1.443,-2.636
1.29,1.244
1.279,-1.271
1.199,1.182
1.222,-1.375
1.216,0.243
1.056,-2.312
1.18,0.431
1.116,0.867
0.91,0.634
0.82,-0.846
0.642,0.979
0.659,-0.423
0.644,1.196
0.572,-0.19
0.427,-0.361
0.251,0.815
0.22,0.065
0.212,-2.579
0.182,1.328
0.251,-1.444
0.073,-0.51
0.058,-0.654
-0.006,-0.247
0.002,-2.627
-0.134,-1.346
-0.3,-2.349
-0.517,-0.873
-0.55,-1.123
-0.675,-0.189
-0.577,-0.536
-0.723,0.192
-0.615,0.226
-0.704,-1.318
-0.771,-0.377
-1.909,-2.841
-2.092,-3.025
-2.785,-2.814
2.988,-2.996
2.652,-3.023
2.303,-2.899
1.293,-2.975
0.888,-2.936
0.667,-2.926
0.555,-3.099
-0.285,-3.081
-0.142,-2.729
-1.505,1.621
-1.839,1.407
-2.144,1.58
-2.183,1.335
-2.569,1.464
-2.723,1.496
-2.749,1.661
-2.664,1.648
-2.887,1.626
-3.057,1.549
-3.1,1.655
2.831,1.645
2.376,1.528
1.414,1.539
1.51,1.381
1.162,1.431
-0.397,1.516
-2.185,-0.028
-2.335,-0.834
-2.345,0.828
1.113,-2.217
1.011,-0.865
1.013,-0.961
0.645,0.368
0.102,-0.623
-1.521,-1.405
-2.681,-0.744
2.15,0.742
1.295,0.755
0.676,0.235
-0.126,-0.775
-0.121,-0.538
-0.086,-0.419
-0.316,0.711
-2.404,-1.64
2.162,-0.476
0.684,-0.463
-0.118,-2.368
-1.745,-2.415
-2.526,-2.363
-2.456,-2.501
-1.333,1.644
-0.131,0.303
-0.188,-0.655
-0.139,0.528
-0.243,-1.492
-0.257,-0.36
-0.336,-0.05
-0.332,-0.528
-0.369,-0.559
-0.41,-0.043
-0.619,-0.604
-0.634,1.416
-0.714,-0.298
-0.772,0.794
-0.799,-0.814
-0.805,-0.993
-1.43,-1.723
-1.466,-1.887
-2.649,-1.958
-2.792,-1.783
-2.784,-1.964
-2.912,-1.496
-3.059,-1.849
2.998,-1.923
2.651,-1.89
1.983,-1.633
1.827,-1.722
1.595,-1.923
0.706,-1.756
-1.175,2.777
-1.668,2.807
-2.003,2.555
-2.515,2.758
-2.596,2.596
-3.091,2.577
1.934,2.817
1.504,2.45
-0.052,2.617
-0.287,2.636
-0.306,2.775
-1.847,-0.637
-2.826,2.431
0.876,1.532
-0.624,2.437
2.302,2.745
0.958,2.625
-0.863,1.263
-1.027,-0.785
-1.076,-1.195
-1.159,2.259
-1.353,2.235
-1.439,1.927
-1.412,-0.032
-1.312,2.1
-1.429,-1.306
-1.349,-0.174
-1.643,1.35
-1.739,-0.374
-1.881,0.811
-1.774,-0.688
-1.849,-0.023
-1.967,-0.453
-1.929,0.877
-2.093,-0.341
-2.245,0.211
-2.25,-0.484
-2.462,1.074
-2.568,-0.897
-2.568,1.193
-2.48,0.933
-2.605,-0.539
-2.618,1.085
-2.658,-1.461
-2.524,-0.655
-2.71,1.769
-2.567,-1.303
-2.728,1.219
-2.654,-0.413
-2.755,-1.134
-2.926,1.457
-2.848,1.868
-2.867,0.819
-2.992,2.264
-3.116,-0.31
-3.009,1.232
-3.038,1.624
3.031,1.656
3.04,2.179
3.029,0.73
3.083,1.888
3.08,-0.369
3.043,-0.314
2.884,1.89
2.994,0.205
2.776,1.618
2.733,-0.464
2.693,0.224
2.485,-1.48
2.434,0.062
2.451,-0.037
2.335,1.236
2.207,-1.105
2.171,1.347
2.065,-0.467
1.935,1.211
1.908,-0.432
1.732,1.157
1.644,1.224
1.665,0.825
1.545,2.373
1.537,2.031
1.617,-0.664
1.503,-1.496
1.35,2.384
1.339,-0.131
1.259,2.322
1.282,-0.235
1.276,1.383
1.116,-1.172
1.24,1.571
1.176,2.007
0.97,1.774
0.88,0.294
0.702,2.119
0.719,0.717
0.704,2.336
0.632,0.95
0.487,0.779
0.311,1.955
0.28,1.205
0.272,-1.439
0.242,2.468
0.311,-0.304
0.133,0.63
0.118,0.486
0.054,0.893
0.062,-1.487
-0.074,-0.206
-0.24,-1.209
-0.457,0.267
-0.49,0.017
-0.615,0.951
-0.517,0.604
-0.663,1.332
-0.555,1.366
-0.644,-0.178
-0.711,0.763
-1.849,-1.701
-2.032,-1.885
-2.725,-1.674
3.048,-1.856
2.712,-1.883
2.363,-1.759
1.353,-1.835
0.948,-1.796
0.727,-1.786
0.615,-1.959
-0.225,-1.941
-0.082,-1.589
-1.445,2.761
-1.779,2.547
-2.084,2.72
-2.123,2.475
-2.509,2.604
-2.663,2.636
-2.689,2.801
-2.604,2.788
-2.827,2.766
-2.997,2.689
-3.04,2.795
2.891,2.785
2.436,2.668
1.474,2.679
1.57,2.521
1.222,2.571
-0.337,2.656
-2.125,1.112
-2.275,0.306
-2.285,1.968
1.173,-1.077
1.071,0.275
1.073,0.179
0.705,1.508
0.162,0.517
-1.461,-0.265
-2.621,0.396
2.21,1.882
1.355,1.895
0.736,1.375
-0.066,0.365
-0.061,0.602
-0.026,0.721
-0.256,1.851
-2.344,-0.5
2.222,0.664
0.744,0.677
-0.058,-1.228
-1.685,-1.275
-2.466,-1.223
-2.396,-1.361
-1.273,2.784
-0.057,-0.958
-0.008,0.225
-0.112,-1.795
-0.126,-0.663
-0.205,-0.353
-0.201,-0.831
-0.238,-0.862
-0.279,-0.346
-0.488,-0.907
-0.503,1.113
-0.583,-0.601
-0.641,0.491
-0.668,-1.117
-0.674,-1.296
-1.299,-2.026
-1.335,-2.19
-2.518,-2.261
-2.661,-2.086
-2.653,-2.267
-2.781,-1.799
-2.928,-2.152
3.129,-2.226
2.782,-2.193
2.114,-1.936
1.958,-2.025
1.726,-2.226
0.837,-2.059
-1.044,2.474
-1.537,2.504
-1.872,2.252
-2.384,2.455
-2.465,2.293
-2.96,2.274
2.065,2.514
1.635,2.147
0.079,2.314
-0.156,2.333
-0.175,2.472
-1.716,-0.94
-2.695,2.128
1.007,1.229
-0.493,2.134
2.433,2.442
1.089,2.322
-0.732,0.96
-0.896,-1.088
-0.945,-1.498
-1.028,1.956
-1.222,1.932
-1.308,1.624
-1.281,-0.335
-1.181,1.797
-1.298,-1.609
-1.218,-0.477
-1.512,1.047
-1.608,-0.677
-1.75,0.508
-1.643,-0.991
-1.718,-0.326
-1.836,-0.756
-1.798,0.574
-1.962,-0.644
-2.114,-0.092
-2.119,-0.787
-2.331,0.771
-2.437,-1.2
-2.437,0.89
-2.349,0.63
-2.474,-0.842
-2.487,0.782
-2.527,-1.764
-2.393,-0.958
-2.579,1.466
-2.436,-1.606
-2.597,0.916
-2.523,-0.716
-2.624,-1.437
-2.795,1.154
-2.717,1.565
-2.736,0.516
-2.861,1.961
-2.985,-0.613
-2.878,0.929
-2.907,1.321
-3.121,1.353
-3.112,1.876
-3.123,0.427
-3.069,1.585
-3.072,-0.672
-3.109,-0.617
3.015,1.587
3.125,-0.098
2.907,1.315
2.864,-0.767
2.824,-0.079
2.616,-1.783
2.565,-0.241
2.582,-0.34
2.466,0.933
2.338,-1.408
2.302,1.044
2.196,-0.77
2.066,0.908
2.039,-0.735
1.863,0.854
1.775,0.921
1.796,0.522
1.676,2.07
1.668,1.728
1.748,-0.967
1.634,-1.799
1.481,2.081
1.47,-0.434
1.39,2.019
1.413,-0.538
1.407,1.08
1.247,-1.475
1.371,1.268
1.307,1.704
1.101,1.471
1.011,-0.009
0.833,1.816
0.85,0.414
0.835,2.033
0.763,0.647
0.618,0.476
0.442,1.652
0.411,0.902
0.403,-1.742
0.373,2.165
0.442,-0.607
0.264,0.327
0.249,0.183
0.185,0.59
0.193,-1.79
0.057,-0.509
-0.109,-1.512
-0.326,-0.036
-0.359,-0.286
-0.484,0.648
-0.386,0.301
-0.532,1.029
-0.424,1.063
-0.513,-0.481
-0.58,0.46
-1.718,-2.004
-1.901,-2.188
-2.594,-1.977
-3.104,-2.159
2.843,-2.186
2.494,-2.062
1.484,-2.138
1.079,-2.099
0.858,-2.089
0.746,-2.262
-0.094,-2.244
0.049,-1.892
-1.314,2.458
-1.648,2.244
-1.953,2.417
-1.992,2.172
-2.378,2.301
-2.532,2.333
-2.558,2.498
-2.473,2.485
-2.696,2.463
-2.866,2.386
-2.909,2.492
3.022,2.482
2.567,2.365
1.605,2.376
1.701,2.218
1.353,2.268
-0.206,2.353
-1.994,0.809
-2.144,0.003
-2.154,1.665
1.304,-1.38
1.202,-0.028
1.204,-0.124
0.836,1.205
0.293,0.214
-1.33,-0.568
-2.49,0.093
2.341,1.579
1.486,1.592
0.867,1.072
0.065,0.062
0.07,0.299
0.105,0.418
-0.125,1.548
-2.213,-0.803
2.353,0.361
0.875,0.374
0.073,-1.531
-1.554,-1.578
-2.335,-1.526
-2.265,-1.664
-1.142,2.481
0.049,1.183
-0.055,-0.837
-0.069,0.295
-0.148,0.605
-0.144,0.127
-0.181,0.096
-0.222,0.612
-0.431,0.051
-0.446,2.071
-0.526,0.357
-0.584,1.449
-0.611,-0.159
-0.617,-0.338
-1.242,-1.068
-1.278,-1.232
-2.461,-1.303
-2.604,-1.128
-2.596,-1.309
-2.724,-0.841
-2.871,-1.194
-3.097,-1.268
2.839,-1.235
2.171,-0.978
2.015,-1.067
1.783,-1.268
0.894,-1.101
-0.987,3.432
-1.48,3.462
-1.815,3.21
-2.327,3.413
-2.408,3.251
-2.903,3.232
2.122,3.472
1.692,3.105
0.136,3.272
-0.099,3.291
-0.118,3.43
-1.659,0.018
-2.638,3.086
1.064,2.187
-0.436,3.092
2.49,3.4
1.146,3.28
-0.675,1.918
-0.839,-0.13
-0.888,-0.54
-0.971,2.914
-1.165,2.89
-1.251,2.582
-1.224,0.623
-1.124,2.755
-1.241,-0.651
-1.161,0.481
-1.455,2.005
-1.551,0.281
-1.693,1.466
-1.586,-0.033
-1.661,0.632
-1.779,0.202
-1.741,1.532
-1.905,0.314
-2.057,0.866
-2.062,0.171
-2.274,1.729
-2.38,-0.242
-2.38,1.848
-2.292,1.588
-2.417,0.116
-2.43,1.74
-2.47,-0.806
-2.336,0.0
-2.522,2.424
-2.379,-0.648
-2.54,1.874
-2.466,0.242
-2.567,-0.479
-2.738,2.112
-2.66,2.523
-2.679,1.474
-2.804,2.919
-2.928,0.345
-2.821,1.887
-2.85,2.279
-3.064,2.311
-3.055,2.834
-3.066,1.385
-3.012,2.543
-3.015,0.286
-3.052,0.341
3.072,2.545
-3.101,0.86
2.964,2.273
2.921,0.191
2.881,0.879
2.673,-0.825
2.622,0.717
2.639,0.618
2.523,1.891
2.395,-0.45
2.359,2.002
2.253,0.188
2.123,1.866
2.096,0.223
1.92,1.812
1.832,1.879
1.853,1.48
1.733,3.028
1.725,2.686
1.805,-0.009
1.691,-0.841
1.538,3.039
1.527,0.524
1.447,2.977
1.47,0.42
1.464,2.038
1.304,-0.517
1.428,2.226
1.364,2.662
1.158,2.429
1.068,0.949
0.89,2.774
0.907,1.372
0.892,2.991
0.82,1.605
0.675,1.434
0.499,2.61
0.468,1.86
0.46,-0.784
0.43,3.123
0.499,0.351
0.321,1.285
0.306,1.141
0.242,1.548
0.25,-0.832
0.114,0.449
-0.052,-0.554
-0.269,0.922
-0.302,0.672
-0.427,1.606
-0.329,1.259
-0.475,1.987
-0.367,2.021
-0.456,0.477
-0.523,1.418
-1.661,-1.046
-1.844,-1.23
-2.537,-1.019
-3.047,-1.201
2.9,-1.228
2.551,-1.104
1.541,-1.18
1.136,-1.141
0.915,-1.131
0.803,-1.304
-0.037,-1.286
0.106,-0.934
-1.257,3.416
-1.591,3.202
-1.896,3.375
-1.935,3.13
-2.321,3.259
-2.475,3.291
-2.501,3.456
-2.416,3.443
-2.639,3.421
-2.809,3.344
-2.852,3.45
3.079,3.44
2.624,3.323
1.662,3.334
1.758,3.176
1.41,3.226
-0.149,3.311
-1.937,1.767
-2.087,0.961
-2.097,2.623
1.361,-0.422
1.259,0.93
1.261,0.834
0.893,2.163
0.35,1.172
-1.273,0.39
-2.433,1.051
2.398,2.537
1.543,2.55
0.924,2.03
0.122,1.02
0.127,1.257
0.162,1.376
-0.068,2.506
-2.156,0.155
2.41,1.319
0.932,1.332
0.13,-0.573
-1.497,-0.62
-2.278,-0.568
-2.208,-0.706
-1.085,3.439
-0.104,-2.02
-0.118,-0.888
-0.197,-0.578
-0.193,-1.056
-0.23,-1.087
-0.271,-0.571
-0.48,-1.132
-0.495,0.888
-0.575,-0.826
-0.633,0.266
-0.66,-1.342
-0.666,-1.521
-1.291,-2.251
-1.327,-2.415
-2.51,-2.486
-2.653,-2.311
-2.645,-2.492
-2.773,-2.024
-2.92,-2.377
3.137,-2.451
2.79,-2.418
2.122,-2.161
1.966,-2.25
1.734,-2.451
0.845,-2.284
-1.036,2.249
-1.529,2.279
-1.864,2.027
-2.376,2.23
-2.457,2.068
-2.952,2.049
2.073,2.289
1.643,1.922
0.087,2.089
-0.148,2.108
-0.167,2.247
-1.708,-1.165
-2.687,1.903
1.015,1.004
-0.485,1.909
2.441,2.217
1.097,2.097
-0.724,0.735
-0.888,-1.313
-0.937,-1.723
-1.02,1.731
-1.214,1.707
-1.3,1.399
-1.273,-0.56
-1.173,1.572
-1.29,-1.834
-1.21,-0.702
-1.504,0.822
-1.6,-0.902
-1.742,0.283
-1.635,-1.216
-1.71,-0.551
-1.828,-0.981
-1.79,0.349
-1.954,-0.869
-2.106,-0.317
-2.111,-1.012
-2.323,0.546
-2.429,-1.425
-2.429,0.665
-2.341,0.405
-2.466,-1.067
-2.479,0.557
-2.519,-1.989
-2.385,-1.183
-2.571,1.241
-2.428,-1.831
-2.589,0.691
-2.515,-0.941
-2.616,-1.662
-2.787,0.929
-2.709,1.34
-2.728,0.291
-2.853,1.736
-2.977,-0.838
-2.87,0.704
-2.899,1.096
-3.113,1.128
-3.104,1.651
-3.115,0.202
-3.061,1.36
-3.064,-0.897
-3.101,-0.842
3.023,1.362
3.133,-0.323
2.915,1.09
2.872,-0.992
2.832,-0.304
2.624,-2.008
2.573,-0.466
2.59,-0.565
2.474,0.708
2.346,-1.633
2.31,0.819
2.204,-0.995
2.074,0.683
2.047,-0.96
1.871,0.629
1.783,0.696
1.804,0.297
1.684,1.845
1.676,1.503
1.756,-1.192
1.642,-2.024
1.489,1.856
1.478,-0.659
1.398,1.794
1.421,-0.763
1.415,0.855
1.255,-1.7
1.379,1.043
1.315,1.479
1.109,1.246
1.019,-0.234
0.841,1.591
0.858,0.189
0.843,1.808
0.771,0.422
0.626,0.251
0.45,1.427
0.419,0.677
0.411,-1.967
0.381,1.94
0.45,-0.832
0.272,0.102
0.257,-0.042
0.193,0.365
0.201,-2.015
0.065,-0.734
-0.101,-1.737
-0.318,-0.261
-0.351,-0.511
-0.476,0.423
-0.378,0.076
-0.524,0.804
-0.416,0.838
-0.505,-0.706
-0.572,0.235
-1.71,-2.229
-1.893,-2.413
-2.586,-2.202
-3.096,-2.384
2.851,-2.411
2.502,-2.287
1.492,-2.363
1.087,-2.324
0.866,-2.314
0.754,-2.487
-0.086,-2.469
0.057,-2.117
-1.306,2.233
-1.64,2.019
-1.945,2.192
-1.984,1.947
-2.37,2.076
-2.524,2.108
-2.55,2.273
-2.465,2.26
-2.688,2.238
-2.858,2.161
-2.901,2.267
3.03,2.257
2.575,2.14
1.613,2.151
1.709,1.993
1.361,2.043
-0.198,2.128
-1.986,0.584
-2.136,-0.222
-2.146,1.44
1.312,-1.605
1.21,-0.253
1.212,-0.349
0.844,0.98
0.301,-0.011
-1.322,-0.793
-2.482,-0.132
2.349,1.354
1.494,1.367
0.875,0.847
0.073,-0.163
0.078,0.074
0.113,0.193
-0.117,1.323
-2.205,-1.028
2.361,0.136
0.883,0.149
0.081,-1.756
-1.546,-1.803
-2.327,-1.751
-2.257,-1.889
-1.134,2.256
-0.014,1.132
-0.093,1.442
-0.089,0.964
-0.126,0.933
-0.167,1.449
-0.376,0.888
-0.391,2.908
-0.471,1.194
-0.529,2.286
-0.556,0.678
-0.562,0.499
-1.187,-0.231
-1.223,-0.395
-2.406,-0.466
-2.549,-0.291
-2.541,-0.472
-2.669,-0.004
-2.816,-0.357
-3.042,-0.431
2.894,-0.398
2.226,-0.141
2.07,-0.23
1.838,-0.431
0.949,-0.264
-0.932,4.269
-1.425,4.299
-1.76,4.047
-2.272,4.25
-2.353,4.088
-2.848,4.069
2.177,4.309
1.747,3.942
0.191,4.109
-0.044,4.128
-0.063,4.267
-1.604,0.855
-2.583,3.923
1.119,3.024
-0.381,3.929
2.545,4.237
1.201,4.117
-0.62,2.755
-0.784,0.707
-0.833,0.297
-0.916,3.751
-1.11,3.727
-1.196,3.419
-1.169,1.46
-1.069,3.592
-1.186,0.186
-1.106,1.318
-1.4,2.842
-1.496,1.118
-1.638,2.303
-1.531,0.804
-1.606,1.469
-1.724,1.039
-1.686,2.369
-1.85,1.151
-2.002,1.703
-2.007,1.008
-2.219,2.566
-2.325,0.595
-2.325,2.685
-2.237,2.425
-2.362,0.953
-2.375,2.577
-2.415,0.031
-2.281,0.837
-2.467,3.261
-2.324,0.189
-2.485,2.711
-2.411,1.079
-2.512,0.358
-2.683,2.949
-2.605,3.36
-2.624,2.311
-2.749,3.756
-2.873,1.182
-2.766,2.724
-2.795,3.116
-3.009,3.148
-3.0,3.671
-3.011,2.222
-2.957,3.38
-2.96,1.123
-2.997,1.178
3.127,3.382
-3.046,1.697
3.019,3.11
2.976,1.028
2.936,1.716
2.728,0.012
2.677,1.554
2.694,1.455
2.578,2.728
2.45,0.387
2.414,2.839
2.308,1.025
2.178,2.703
2.151,1.06
1.975,2.649
1.887,2.716
1.908,2.317
1.788,3.865
1.78,3.523
1.86,0.828
1.746,-0.004
1.593,3.876
1.582,1.361
1.502,3.814
1.525,1.257
1.519,2.875
1.359,0.32
1.483,3.063
1.419,3.499
1.213,3.266
1.123,1.786
0.945,3.611
0.962,2.209
0.947,3.828
0.875,2.442
0.73,2.271
0.554,3.447
0.523,2.697
0.515,0.053
0.485,3.96
0.554,1.188
0.376,2.122
0.361,1.978
0.297,2.385
0.305,0.005
0.169,1.286
0.003,0.283
-0.214,1.759
-0.247,1.509
-0.372,2.443
-0.274,2.096
-0.42,2.824
-0.312,2.858
-0.401,1.314
-0.468,2.255
-1.606,-0.209
-1.789,-0.393
-2.482,-0.182
-2.992,-0.364
2.955,-0.391
2.606,-0.267
1.596,-0.343
1.191,-0.304
0.97,-0.294
0.858,-0.467
0.018,-0.449
0.161,-0.097
-1.202,4.253
-1.536,4.039
-1.841,4.212
-1.88,3.967
-2.266,4.096
-2.42,4.128
-2.446,4.293
-2.361,4.28
-2.584,4.258
-2.754,4.181
-2.797,4.287
3.134,4.277
2.679,4.16
1.717,4.171
1.813,4.013
1.465,4.063
-0.094,4.148
-1.882,2.604
-2.032,1.798
-2.042,3.46
1.416,0.415
1.314,1.767
1.316,1.671
0.948,3.0
0.405,2.009
-1.218,1.227
-2.378,1.888
2.453,3.374
1.598,3.387
0.979,2.867
0.177,1.857
0.182,2.094
0.217,2.213
-0.013,3.343
-2.101,0.992
2.465,2.156
0.987,2.169
0.185,0.264
-1.442,0.217
-2.223,0.269
-2.153,0.131
-1.03,4.276
-0.079,0.31
-0.075,-0.168
-0.112,-0.199
-0.153,0.317
-0.362,-0.244
-0.377,1.776
-0.457,0.062
-0.515,1.154
-0.542,-0.454
-0.548,-0.633
-1.173,-1.363
-1.209,-1.527
-2.392,-1.598
-2.535,-1.423
-2.527,-1.604
-2.655,-1.136
-2.802,-1.489
-3.028,-1.563
2.908,-1.53
2.24,-1.273
2.084,-1.362
1.852,-1.563
0.963,-1.396
-0.918,3.137
-1.411,3.167
-1.746,2.915
-2.258,3.118
-2.339,2.956
-2.834,2.937
2.191,3.177
1.761,2.81
0.205,2.977
-0.03,2.996
-0.049,3.135
-1.59,-0.277
-2.569,2.791
1.133,1.892
-0.367,2.797
2.559,3.105
1.215,2.985
-0.606,1.623
-0.77,-0.425
-0.819,-0.835
-0.902,2.619
-1.096,2.595
-1.182,2.287
-1.155,0.328
-1.055,2.46
-1.172,-0.946
-1.092,0.186
-1.386,1.71
-1.482,-0.014
-1.624,1.171
-1.517,-0.328
-1.592,0.337
-1.71,-0.093
-1.672,1.237
-1.836,0.019
-1.988,0.571
-1.993,-0.124
-2.205,1.434
-2.311,-0.537
-2.311,1.553
-2.223,1.293
-2.348,-0.179
-2.361,1.445
-2.401,-1.101
-2.267,-0.295
-2.453,2.129
-2.31,-0.943
-2.471,1.579
-2.397,-0.053
-2.498,-0.774
-2.669,1.817
-2.591,2.228
-2.61,1.179
-2.735,2.624
-2.859,0.05
-2.752,1.592
-2.781,1.984
-2.995,2.016
-2.986,2.539
-2.997,1.09
-2.943,2.248
-2.946,-0.009
-2.983,0.046
3.141,2.25
-3.032,0.565
3.033,1.978
2.99,-0.104
2.95,0.584
2.742,-1.12
2.691,0.422
2.708,0.323
2.592,1.596
2.464,-0.745
2.428,1.707
2.322,-0.107
2.192,1.571
2.165,-0.072
1.989,1.517
1.901,1.584
1.922,1.185
1.802,2.733
1.794,2.391
1.874,-0.304
1.76,-1.136
1.607,2.744
1.596,0.229
1.516,2.682
1.539,0.125
1.533,1.743
1.373,-0.812
1.497,1.931
1.433,2.367
1.227,2.134
1.137,0.654
0.959,2.479
0.976,1.077
0.961,2.696
0.889,1.31
0.744,1.139
0.568,2.315
0.537,1.565
0.529,-1.079
0.499,2.828
0.568,0.056
0.39,0.99
0.375,0.846
0.311,1.253
0.319,-1.127
0.183,0.154
0.017,-0.849
-0.2,0.627
-0.233,0.377
-0.358,1.311
-0.26,0.964
-0.406,1.692
-0.298,1.726
-0.387,0.182
-0.454,1.123
-1.592,-1.341
-1.775,-1.525
-2.468,-1.314
-2.978,-1.496
2.969,-1.523
2.62,-1.399
1.61,-1.475
1.205,-1.436
0.984,-1.426
0.872,-1.599
0.032,-1.581
0.175,-1.229
-1.188,3.121
-1.522,2.907
-1.827,3.08
-1.866,2.835
-2.252,2.964
-2.406,2.996
-2.432,3.161
-2.347,3.148
-2.57,3.126
-2.74,3.049
-2.783,3.155
-3.135,3.145
2.693,3.028
1.731,3.039
1.827,2.881
1.479,2.931
-0.08,3.016
-1.868,1.472
-2.018,0.666
-2.028,2.328
1.43,-0.717
1.328,0.635
1.33,0.539
0.962,1.868
0.419,0.877
-1.204,0.095
-2.364,0.756
2.467,2.242
1.612,2.255
0.993,1.735
0.191,0.725
0.196,0.962
0.231,1.081
0.001,2.211
-2.087,-0.14
2.479,1.024
1.001,1.037
0.199,-0.868
-1.428,-0.915
-2.209,-0.863
-2.139,-1.001
-1.016,3.144
0.004,-0.478
-0.033,-0.509
-0.074,0.007
-0.283,-0.554
-0.298,1.466
-0.378,-0.248
-0.436,0.844
-0.463,-0.764
-0.469,-0.943
-1.094,-1.673
-1.13,-1.837
-2.313,-1.908
-2.456,-1.733
-2.448,-1.914
-2.576,-1.446
-2.723,-1.799
-2.949,-1.873
2.987,-1.84
2.319,-1.583
2.163,-1.672
1.931,-1.873
1.042,-1.706
-0.839,2.827
-1.332,2.857
-1.667,2.605
-2.179,2.808
-2.26,2.646
-2.755,2.627
2.27,2.867
1.84,2.5
0.284,2.667
0.049,2.686
0.03,2.825
-1.511,-0.587
-2.49,2.481
1.212,1.582
-0.288,2.487
2.638,2.795
1.294,2.675
-0.527,1.313
-0.691,-0.735
-0.74,-1.145
-0.823,2.309
-1.017,2.285
-1.103,1.977
-1.076,0.018
-0.976,2.15
-1.093,-1.256
-1.013,-0.124
-1.307,1.4
-1.403,-0.324
-1.545,0.861
-1.438,-0.638
-1.513,0.027
-1.631,-0.403
-1.593,0.927
-1.757,-0.291
-1.909,0.261
-1.914,-0.434
-2.126,1.124
-2.232,-0.847
-2.232,1.243
-2.144,0.983
-2.269,-0.489
-2.282,1.135
-2.322,-1.411
-2.188,-0.605
-2.374,1.819
-2.231,-1.253
-2.392,1.269
-2.318,-0.363
-2.419,-1.084
-2.59,1.507
-2.512,1.918
-2.531,0.869
-2.656,2.314
-2.78,-0.26
-2.673,1.282
-2.702,1.674
-2.916,1.706
-2.907,2.229
-2.918,0.78
-2.864,1.938
-2.867,-0.319
-2.904,-0.264
-3.063,1.94
-2.953,0.255
3.112,1.668
3.069,-0.414
3.029,0.274
2.821,-1.43
2.77,0.112
2.787,0.013
2.671,1.286
2.543,-1.055
2.507,1.397
2.401,-0.417
2.271,1.261
2.244,-0.382
2.068,1.207
1.98,1.274
2.001,0.875
1.881,2.423
1.873,2.081
1.953,-0.614
1.839,-1.446
1.686,2.434
1.675,-0.081
1.595,2.372
1.618,-0.185
1.612,1.433
1.452,-1.122
1.576,1.621
1.512,2.057
1.306,1.824
1.216,0.344
1.038,2.169
1.055,0.767
1.04,2.386
0.968,1.0
0.823,0.829
0.647,2.005
0.616,1.255
0.608,-1.389
0.578,2.518
0.647,-0.254
0.469,0.68
0.454,0.536
0.39,0.943
0.398,-1.437
0.262,-0.156
0.096,-1.159
-0.121,0.317
-0.154,0.067
-0.279,1.001
-0.181,0.654
-0.327,1.382
-0.219,1.416
-0.308,-0.128
-0.375,0.813
-1.513,-1.651
-1.696,-1.835
-2.389,-1.624
-2.899,-1.806
3.048,-1.833
2.699,-1.709
1.689,-1.785
1.284,-1.746
1.063,-1.736
0.951,-1.909
0.111,-1.891
0.254,-1.539
-1.109,2.811
-1.443,2.597
-1.748,2.77
-1.787,2.525
-2.173,2.654
-2.327,2.686
-2.353,2.851
-2.268,2.838
-2.491,2.816
-2.661,2.739
-2.704,2.845
-3.056,2.835
2.772,2.718
1.81,2.729
1.906,2.571
1.558,2.621
-0.001,2.706
-1.789,1.162
-1.939,0.356
-1.949,2.018
1.509,-1.027
1.407,0.325
1.409,0.229
1.041,1.558
0.498,0.567
-1.125,-0.215
-2.285,0.446
2.546,1.932
1.691,1.945
1.072,1.425
0.27,0.415
0.275,0.652
0.31,0.771
0.08,1.901
-2.008,-0.45
2.558,0.714
1.08,0.727
0.278,-1.178
-1.349,-1.225
-2.13,-1.173
-2.06,-1.311
-0.937,2.834
-0.037,-0.031
-0.078,0.485
-0.287,-0.076
-0.302,1.944
-0.382,0.23
-0.44,1.322
-0.467,-0.286
-0.473,-0.465
-1.098,-1.195
-1.134,-1.359
-2.317,-1.43
-2.46,-1.255
-2.452,-1.436
-2.58,-0.968
-2.727,-1.321
-2.953,-1.395
2.983,-1.362
2.315,-1.105
2.159,-1.194
1.927,-1.395
1.038,-1.228
-0.843,3.305
-1.336,3.335
-1.671,3.083
-2.183,3.286
-2.264,3.124
-2.759,3.105
2.266,3.345
1.836,2.978
0.28,3.145
0.045,3.164
0.026,3.303
-1.515,-0.109
-2.494,2.959
1.208,2.06
-0.292,2.965
2.634,3.273
1.29,3.153
-0.531,1.791
-0.695,-0.257
-0.744,-0.667
-0.827,2.787
-1.021,2.763
-1.107,2.455
-1.08,0.496
-0.98,2.628
-1.097,-0.778
-1.017,0.354
-1.311,1.878
-1.407,0.154
-1.549,1.339
-1.442,-0.16
-1.517,0.505
-1.635,0.075
-1.597,1.405
-1.761,0.187
-1.913,0.739
-1.918,0.044
-2.13,1.602
-2.236,-0.369
-2.236,1.721
-2.148,1.461
-2.273,-0.011
-2.286,1.613
-2.326,-0.933
-2.192,-0.127
-2.378,2.297
-2.235,-0.775
-2.396,1.747
-2.322,0.115
-2.423,-0.606
-2.594,1.985
-2.516,2.396
-2.535,1.347
-2.66,2.792
-2.784,0.218
-2.677,1.76
-2.706,2.152
-2.92,2.184
-2.911,2.707
-2.922,1.258
-2.868,2.416
-2.871,0.159
-2.908,0.214
-3.067,2.418
-2.957,0.733
3.108,2.146
3.065,0.064
3.025,0.752
2.817,-0.952
2.766,0.59
2.783,0.491
2.667,1.764
2.539,-0.577
2.503,1.875
2.397,0.061
2.267,1.739
2.24,0.096
2.064,1.685
1.976,1.752
1.997,1.353
1.877,2.901
1.869,2.559
1.949,-0.136
1.835,-0.968
1.682,2.912
1.671,0.397
1.591,2.85
1.614,0.293
1.608,1.911
1.448,-0.644
1.572,2.099
1.508,2.535
1.302,2.302
1.212,0.822
1.034,2.647
1.051,1.245
1.036,2.864
0.964,1.478
0.819,1.307
0.643,2.483
0.612,1.733
0.604,-0.911
0.574,2.996
0.643,0.224
0.465,1.158
0.45,1.014
0.386,1.421
0.394,-0.959
0.258,0.322
0.092,-0.681
-0.125,0.795
-0.158,0.545
-0.283,1.479
-0.185,1.132
-0.331,1.86
-0.223,1.894
-0.312,0.35
-0.379,1.291
-1.517,-1.173
-1.7,-1.357
-2.393,-1.146
-2.903,-1.328
3.044,-1.355
2.695,-1.231
1.685,-1.307
1.28,-1.268
1.059,-1.258
0.947,-1.431
0.107,-1.413
0.25,-1.061
-1.113,3.289
-1.447,3.075
-1.752,3.248
-1.791,3.003
-2.177,3.132
-2.331,3.164
-2.357,3.329
-2.272,3.316
-2.495,3.294
-2.665,3.217
-2.708,3.323
-3.06,3.313
2.768,3.196
1.806,3.207
1.902,3.049
1.554,3.099
-0.005,3.184
-1.793,1.64
-1.943,0.834
-1.953,2.496
1.505,-0.549
1.403,0.803
1.405,0.707
1.037,2.036
0.494,1.045
-1.129,0.263
-2.289,0.924
2.542,2.41
1.687,2.423
1.068,1.903
0.266,0.893
0.271,1.13
0.306,1.249
0.076,2.379
-2.012,0.028
2.554,1.192
1.076,1.205
0.274,-0.7
-1.353,-0.747
-2.134,-0.695
-2.064,-0.833
-0.941,3.312
-0.041,0.516
-0.25,-0.045
-0.265,1.975
-0.345,0.261
-0.403,1.353
-0.43,-0.255
-0.436,-0.434
-1.061,-1.164
-1.097,-1.328
-2.28,-1.399
-2.423,-1.224
-2.415,-1.405
-2.543,-0.937
-2.69,-1.29
-2.916,-1.364
3.02,-1.331
2.352,-1.074
2.196,-1.163
1.964,-1.364
1.075,-1.197
-0.806,3.336
-1.299,3.366
-1.634,3.114
-2.146,3.317
-2.227,3.155
-2.722,3.136
2.303,3.376
1.873,3.009
0.317,3.176
0.082,3.195
0.063,3.334
-1.478,-0.078
-2.457,2.99
1.245,2.091
-0.255,2.996
2.671,3.304
1.327,3.184
-0.494,1.822
-0.658,-0.226
-0.707,-0.636
-0.79,2.818
-0.984,2.794
-1.07,2.486
-1.043,0.527
-0.943,2.659
-1.06,-0.747
-0.98,0.385
-1.274,1.909
-1.37,0.185
-1.512,1.37
-1.405,-0.129
-1.48,0.536
-1.598,0.106
-1.56,1.436
-1.724,0.218
-1.876,0.77
-1.881,0.075
-2.093,1.633
-2.199,-0.338
-2.199,1.752
-2.111,1.492
-2.236,0.02
-2.249,1.644
-2.289,-0.902
-2.155,-0.096
-2.341,2.328
-2.198,-0.744
-2.359,1.778
-2.285,0.146
-2.386,-0.575
-2.557,2.016
-2.479,2.427
-2.498,1.378
-2.623,2.823
-2.747,0.249
-2.64,1.791
-2.669,2.183
-2.883,2.215
-2.874,2.738
-2.885,1.289
-2.831,2.447
-2.834,0.19
-2.871,0.245
-3.03,2.449
-2.92,0.764
-3.138,2.177
3.102,0.095
3.062,0.783
2.854,-0.921
2.803,0.621
2.82,0.522
2.704,1.795
2.576,-0.546
2.54,1.906
2.434,0.092
2.304,1.77
2.277,0.127
2.101,1.716
2.013,1.783
2.034,1.384
1.914,2.932
1.906,2.59
1.986,-0.105
1.872,-0.937
1.719,2.943
1.708,0.428
1.628,2.881
1.651,0.324
1.645,1.942
1.485,-0.613
1.609,2.13
1.545,2.566
1.339,2.333
1.249,0.853
1.071,2.678
1.088,1.276
1.073,2.895
1.001,1.509
0.856,1.338
0.68,2.514
0.649,1.764
0.641,-0.88
0.611,3.027
0.68,0.255
0.502,1.189
0.487,1.045
0.423,1.452
0.431,-0.928
0.295,0.353
0.129,-0.65
-0.088,0.826
-0.121,0.576
-0.246,1.51
-0.148,1.163
-0.294,1.891
-0.186,1.925
-0.275,0.381
-0.342,1.322
-1.48,-1.142
-1.663,-1.326
-2.356,-1.115
-2.866,-1.297
3.081,-1.324
2.732,-1.2
1.722,-1.276
1.317,-1.237
1.096,-1.227
0.984,-1.4
0.144,-1.382
0.287,-1.03
-1.076,3.32
-1.41,3.106
-1.715,3.279
-1.754,3.034
-2.14,3.163
-2.294,3.195
-2.32,3.36
-2.235,3.347
-2.458,3.325
-2.628,3.248
-2.671,3.354
-3.023,3.344
2.805,3.227
1.843,3.238
1.939,3.08
1.591,3.13
0.032,3.215
-1.756,1.671
-1.906,0.865
-1.916,2.527
1.542,-0.518
1.44,0.834
1.442,0.738
1.074,2.067
0.531,1.076
-1.092,0.294
-2.252,0.955
2.579,2.441
1.724,2.454
1.105,1.934
0.303,0.924
0.308,1.161
0.343,1.28
0.113,2.41
-1.975,0.059
2.591,1.223
1.113,1.236
0.311,-0.669
-1.316,-0.716
-2.097,-0.664
-2.027,-0.802
-0.904,3.343
-0.209,-0.561
-0.224,1.459
-0.304,-0.255
-0.362,0.837
-0.389,-0.771
-0.395,-0.95
-1.02,-1.68
-1.056,-1.844
-2.239,-1.915
-2.382,-1.74
-2.374,-1.921
-2.502,-1.453
-2.649,-1.806
-2.875,-1.88
3.061,-1.847
2.393,-1.59
2.237,-1.679
2.005,-1.88
1.116,-1.713
-0.765,2.82
-1.258,2.85
-1.593,2.598
-2.105,2.801
-2.186,2.639
-2.681,2.62
2.344,2.86
1.914,2.493
0.358,2.66
0.123,2.679
0.104,2.818
-1.437,-0.594
-2.416,2.474
1.286,1.575
-0.214,2.48
2.712,2.788
1.368,2.668
-0.453,1.306
-0.617,-0.742
-0.666,-1.152
-0.749,2.302
-0.943,2.278
-1.029,1.97
-1.002,0.011
-0.902,2.143
-1.019,-1.263
-0.939,-0.131
-1.233,1.393
-1.329,-0.331
-1.471,0.854
-1.364,-0.645
-1.439,0.02
-1.557,-0.41
-1.519,0.92
-1.683,-0.298
-1.835,0.254
-1.84,-0.441
-2.052,1.117
-2.158,-0.854
-2.158,1.236
-2.07,0.976
-2.195,-0.496
-2.208,1.128
-2.248,-1.418
-2.114,-0.612
-2.3,1.812
-2.157,-1.26
-2.318,1.262
-2.244,-0.37
-2.345,-1.091
-2.516,1.5
-2.438,1.911
-2.457,0.862
-2.582,2.307
-2.706,-0.267
-2.599,1.275
-2.628,1.667
-2.842,1.699
-2.833,2.222
-2.844,0.773
-2.79,1.931
-2.793,-0.326
-2.83,-0.271
-2.989,1.933
-2.879,0.248
-3.097,1.661
-3.14,-0.421
3.103,0.267
2.895,-1.437
2.844,0.105
2.861,0.006
2.745,1.279
2.617,-1.062
2.581,1.39
2.475,-0.424
2.345,1.254
2.318,-0.389
2.142,1.2
2.054,1.267
2.075,0.868
1.955,2.416
1.947,2.074
2.027,-0.621
1.913,-1.453
1.76,2.427
1.749,-0.088
1.669,2.365
1.692,-0.192
1.686,1.426
1.526,-1.129
1.65,1.614
1.586,2.05
1.38,1.817
1.29,0.337
1.112,2.162
1.129,0.76
1.114,2.379
1.042,0.993
0.897,0.822
0.721,1.998
0.69,1.248
0.682,-1.396
0.652,2.511
0.721,-0.261
0.543,0.673
0.528,0.529
0.464,0.936
0.472,-1.444
0.336,-0.163
0.17,-1.166
-0.047,0.31
-0.08,0.06
-0.205,0.994
-0.107,0.647
-0.253,1.375
-0.145,1.409
-0.234,-0.135
-0.301,0.806
-1.439,-1.658
-1.622,-1.842
-2.315,-1.631
-2.825,-1.813
3.122,-1.84
2.773,-1.716
1.763,-1.792
1.358,-1.753
1.137,-1.743
1.025,-1.916
0.185,-1.898
0.328,-1.546
-1.035,2.804
-1.369,2.59
-1.674,2.763
-1.713,2.518
-2.099,2.647
-2.253,2.679
-2.279,2.844
-2.194,2.831
-2.417,2.809
-2.587,2.732
-2.63,2.838
-2.982,2.828
2.846,2.711
1.884,2.722
1.98,2.564
1.632,2.614
0.073,2.699
-1.715,1.155
-1.865,0.349
-1.875,2.011
1.583,-1.034
1.481,0.318
1.483,0.222
1.115,1.551
0.572,0.56
-1.051,-0.222
-2.211,0.439
2.62,1.925
1.765,1.938
1.146,1.418
0.344,0.408
0.349,0.645
0.384,0.764
0.154,1.894
-1.934,-0.457
2.632,0.707
1.154,0.72
0.352,-1.185
-1.275,-1.232
-2.056,-1.18
-1.986,-1.318
-0.863,2.827
-0.015,2.02
-0.095,0.306
-0.153,1.398
-0.18,-0.21
-0.186,-0.389
-0.811,-1.119
-0.847,-1.283
-2.03,-1.354
-2.173,-1.179
-2.165,-1.36
-2.293,-0.892
-2.44,-1.245
-2.666,-1.319
-3.013,-1.286
2.602,-1.029
2.446,-1.118
2.214,-1.319
1.325,-1.152
-0.556,3.381
-1.049,3.411
-1.384,3.159
-1.896,3.362
-1.977,3.2
-2.472,3.181
2.553,3.421
2.123,3.054
0.567,3.221
0.332,3.24
0.313,3.379
-1.228,-0.033
-2.207,3.035
1.495,2.136
-0.005,3.041
2.921,3.349
1.577,3.229
-0.244,1.867
-0.408,-0.181
-0.457,-0.591
-0.54,2.863
-0.734,2.839
-0.82,2.531
-0.793,0.572
-0.693,2.704
-0.81,-0.702
-0.73,0.43
-1.024,1.954
-1.12,0.23
-1.262,1.415
-1.155,-0.084
-1.23,0.581
-1.348,0.151
-1.31,1.481
-1.474,0.263
-1.626,0.815
-1.631,0.12
-1.843,1.678
-1.949,-0.293
-1.949,1.797
-1.861,1.537
-1.986,0.065
-1.999,1.689
-2.039,-0.857
-1.905,-0.051
-2.091,2.373
-1.948,-0.699
-2.109,1.823
-2.035,0.191
-2.136,-0.53
-2.307,2.061
-2.229,2.472
-2.248,1.423
-2.373,2.868
-2.497,0.294
-2.39,1.836
-2.419,2.228
-2.633,2.26
-2.624,2.783
-2.635,1.334
-2.581,2.492
-2.584,0.235
-2.621,0.29
-2.78,2.494
-2.67,0.809
-2.888,2.222
-2.931,0.14
-2.971,0.828
3.104,-0.876
3.053,0.666
3.07,0.567
2.954,1.84
2.826,-0.501
2.79,1.951
2.684,0.137
2.554,1.815
2.527,0.172
2.351,1.761
2.263,1.828
2.284,1.429
2.164,2.977
2.156,2.635
2.236,-0.06
2.122,-0.892
1.969,2.988
1.958,0.473
1.878,2.926
1.901,0.369
1.895,1.987
1.735,-0.568
1.859,2.175
1.795,2.611
1.589,2.378
1.499,0.898
1.321,2.723
1.338,1.321
1.323,2.94
1.251,1.554
1.106,1.383
0.93,2.559
0.899,1.809
0.891,-0.835
0.861,3.072
0.93,0.3
0.752,1.234
0.737,1.09
0.673,1.497
0.681,-0.883
0.545,0.398
0.379,-0.605
0.162,0.871
0.129,0.621
0.004,1.555
0.102,1.208
-0.044,1.936
0.064,1.97
-0.025,0.426
-0.092,1.367
-1.23,-1.097
-1.413,-1.281
-2.106,-1.07
-2.616,-1.252
-2.952,-1.279
2.982,-1.155
1.972,-1.231
1.567,-1.192
1.346,-1.182
1.234,-1.355
0.394,-1.337
0.537,-0.985
-0.826,3.365
-1.16,3.151
-1.465,3.324
-1.504,3.079
-1.89,3.208
-2.044,3.24
-2.07,3.405
-1.985,3.392
-2.208,3.37
-2.378,3.293
-2.421,3.399
-2.773,3.389
3.055,3.272
2.093,3.283
2.189,3.125
1.841,3.175
0.282,3.26
-1.506,1.716
-1.656,0.91
-1.666,2.572
1.792,-0.473
1.69,0.879
1.692,0.783
1.324,2.112
0.781,1.121
-0.842,0.339
-2.002,1.0
2.829,2.486
1.974,2.499
1.355,1.979
0.553,0.969
0.558,1.206
0.593,1.325
0.363,2.455
-1.725,0.104
2.841,1.268
1.363,1.281
0.561,-0.624
-1.066,-0.671
-1.847,-0.619
-1.777,-0.757
-0.654,3.388
-0.08,-1.714
-0.138,-0.622
-0.165,-2.23
-0.171,-2.409
-0.796,-3.139
-0.832,-3.303
-2.015,-3.374
-2.158,-3.199
-2.15,-3.38
-2.278,-2.912
-2.425,-3.265
-2.651,-3.339
-2.998,-3.306
2.617,-3.049
2.461,-3.138
2.229,-3.339
1.34,-3.172
-0.541,1.361
-1.034,1.391
-1.369,1.139
-1.881,1.342
-1.962,1.18
-2.457,1.161
2.568,1.401
2.138,1.034
0.582,1.201
0.347,1.22
0.328,1.359
-1.213,-2.053
-2.192,1.015
1.51,0.116
0.01,1.021
2.936,1.329
1.592,1.209
-0.229,-0.153
-0.393,-2.201
-0.442,-2.611
-0.525,0.843
-0.719,0.819
-0.805,0.511
-0.778,-1.448
-0.678,0.684
-0.795,-2.722
-0.715,-1.59
-1.009,-0.066
-1.105,-1.79
-1.247,-0.605
-1.14,-2.104
-1.215,-1.439
-1.333,-1.869
-1.295,-0.539
-1.459,-1.757
-1.611,-1.205
-1.616,-1.9
-1.828,-0.342
-1.934,-2.313
-1.934,-0.223
-1.846,-0.483
-1.971,-1.955
-1.984,-0.331
-2.024,-2.877
-1.89,-2.071
-2.076,0.353
-1.933,-2.719
-2.094,-0.197
-2.02,-1.829
-2.121,-2.55
-2.292,0.041
-2.214,0.452
-2.233,-0.597
-2.358,0.848
-2.482,-1.726
-2.375,-0.184
-2.404,0.208
-2.618,0.24
-2.609,0.763
-2.62,-0.686
-2.566,0.472
-2.569,-1.785
-2.606,-1.73
-2.765,0.474
-2.655,-1.211
-2.873,0.202
-2.916,-1.88
-2.956,-1.192
3.119,-2.896
3.068,-1.354
3.085,-1.453
2.969,-0.18
2.841,-2.521
2.805,-0.069
2.699,-1.883
2.569,-0.205
2.542,-1.848
2.366,-0.259
2.278,-0.192
2.299,-0.591
2.179,0.957
2.171,0.615
2.251,-2.08
2.137,-2.912
1.984,0.968
1.973,-1.547
1.893,0.906
1.916,-1.651
1.91,-0.033
1.75,-2.588
1.874,0.155
1.81,0.591
1.604,0.358
1.514,-1.122
1.336,0.703
1.353,-0.699
1.338,0.92
1.266,-0.466
1.121,-0.637
0.945,0.539
0.914,-0.211
0.906,-2.855
0.876,1.052
0.945,-1.72
0.767,-0.786
0.752,-0.93
0.688,-0.523
0.696,-2.903
0.56,-1.622
0.394,-2.625
0.177,-1.149
0.144,-1.399
0.019,-0.465
0.117,-0.812
-0.029,-0.084
0.079,-0.05
-0.01,-1.594
-0.077,-0.653
-1.215,-3.117
-1.398,-3.301
-2.091,-3.09
-2.601,-3.272
-2.937,-3.299
2.997,-3.175
1.987,-3.251
1.582,-3.212
1.361,-3.202
1.249,-3.375
0.409,-3.357
0.552,-3.005
-0.811,1.345
-1.145,1.131
-1.45,1.304
-1.489,1.059
-1.875,1.188
-2.029,1.22
-2.055,1.385
-1.97,1.372
-2.193,1.35
-2.363,1.273
-2.406,1.379
-2.758,1.369
3.07,1.252
2.108,1.263
2.204,1.105
1.856,1.155
0.297,1.24
-1.491,-0.304
-1.641,-1.11
-1.651,0.552
1.807,-2.493
1.705,-1.141
1.707,-1.237
1.339,0.092
0.796,-0.899
-0.827,-1.681
-1.987,-1.02
2.844,0.466
1.989,0.479
1.37,-0.041
0.568,-1.051
0.573,-0.814
0.608,-0.695
0.378,0.435
-1.71,-1.916
2.856,-0.752
1.378,-0.739
0.576,-2.644
-1.051,-2.691
-1.832,-2.639
-1.762,-2.777
-0.639,1.368
-0.058,1.092
-0.085,-0.516
-0.091,-0.695
-0.716,-1.425
-0.752,-1.589
-1.935,-1.66
-2.078,-1.485
-2.07,-1.666
-2.198,-1.198
-2.345,-1.551
-2.571,-1.625
-2.918,-1.592
2.697,-1.335
2.541,-1.424
2.309,-1.625
1.42,-1.458
-0.461,3.075
-0.954,3.105
-1.289,2.853
-1.801,3.056
-1.882,2.894
-2.377,2.875
2.648,3.115
2.218,2.748
0.662,2.915
0.427,2.934
0.408,3.073
-1.133,-0.339
-2.112,2.729
1.59,1.83
0.09,2.735
3.016,3.043
1.672,2.923
-0.149,1.561
-0.313,-0.487
-0.362,-0.897
-0.445,2.557
-0.639,2.533
-0.725,2.225
-0.698,0.266
-0.598,2.398
-0.715,-1.008
-0.635,0.124
-0.929,1.648
-1.025,-0.076
-1.167,1.109
-1.06,-0.39
-1.135,0.275
-1.253,-0.155
-1.215,1.175
-1.379,-0.043
-1.531,0.509
-1.536,-0.186
-1.748,1.372
-1.854,-0.599
-1.854,1.491
-1.766,1.231
-1.891,-0.241
-1.904,1.383
-1.944,-1.163
-1.81,-0.357
-1.996,2.067
-1.853,-1.005
-2.014,1.517
-1.94,-0.115
-2.041,-0.836
-2.212,1.755
-2.134,2.166
-2.153,1.117
-2.278,2.562
-2.402,-0.012
-2.295,1.53
-2.324,1.922
-2.538,1.954
-2.529,2.477
-2.54,1.028
-2.486,2.186
-2.489,-0.071
-2.526,-0.016
-2.685,2.188
-2.575,0.503
-2.793,1.916
-2.836,-0.166
-2.876,0.522
-3.084,-1.182
-3.135,0.36
-3.118,0.261
3.049,1.534
2.921,-0.807
2.885,1.645
2.779,-0.169
2.649,1.509
2.622,-0.134
2.446,1.455
2.358,1.522
2.379,1.123
2.259,2.671
2.251,2.329
2.331,-0.366
2.217,-1.198
2.064,2.682
2.053,0.167
1.973,2.62
1.996,0.063
1.99,1.681
1.83,-0.874
1.954,1.869
1.89,2.305
1.684,2.072
1.594,0.592
1.416,2.417
1.433,1.015
1.418,2.634
1.346,1.248
1.201,1.077
1.025,2.253
0.994,1.503
0.986,-1.141
0.956,2.766
1.025,-0.006
0.847,0.928
0.832,0.784
0.768,1.191
0.776,-1.189
0.64,0.092
0.474,-0.911
0.257,0.565
0.224,0.315
0.099,1.249
0.197,0.902
0.051,1.63
0.159,1.664
0.07,0.12
0.003,1.061
-1.135,-1.403
-1.318,-1.587
-2.011,-1.376
-2.521,-1.558
-2.857,-1.585
3.077,-1.461
2.067,-1.537
1.662,-1.498
1.441,-1.488
1.329,-1.661
0.489,-1.643
0.632,-1.291
-0.731,3.059
-1.065,2.845
-1.37,3.018
-1.409,2.773
-1.795,2.902
-1.949,2.934
-1.975,3.099
-1.89,3.086
-2.113,3.064
-2.283,2.987
-2.326,3.093
-2.678,3.083
-3.133,2.966
2.188,2.977
2.284,2.819
1.936,2.869
0.377,2.954
-1.411,1.41
-1.561,0.604
-1.571,2.266
1.887,-0.779
1.785,0.573
1.787,0.477
1.419,1.806
0.876,0.815
-0.747,0.033
-1.907,0.694
2.924,2.18
2.069,2.193
1.45,1.673
0.648,0.663
0.653,0.9
0.688,1.019
0.458,2.149
-1.63,-0.202
2.936,0.962
1.458,0.975
0.656,-0.93
-0.971,-0.977
-1.752,-0.925
-1.682,-1.063
-0.559,3.082
-0.027,-1.608
-0.033,-1.787
-0.658,-2.517
-0.694,-2.681
-1.877,-2.752
-2.02,-2.577
-2.012,-2.758
-2.14,-2.29
-2.287,-2.643
-2.513,-2.717
-2.86,-2.684
2.755,-2.427
2.599,-2.516
2.367,-2.717
1.478,-2.55
-0.403,1.983
-0.896,2.013
-1.231,1.761
-1.743,1.964
-1.824,1.802
-2.319,1.783
2.706,2.023
2.276,1.656
0.72,1.823
0.485,1.842
0.466,1.981
-1.075,-1.431
-2.054,1.637
1.648,0.738
0.148,1.643
3.074,1.951
1.73,1.831
-0.091,0.469
-0.255,-1.579
-0.304,-1.989
-0.387,1.465
-0.581,1.441
-0.667,1.133
-0.64,-0.826
-0.54,1.306
-0.657,-2.1
-0.577,-0.968
-0.871,0.556
-0.967,-1.168
-1.109,0.017
-1.002,-1.482
-1.077,-0.817
-1.195,-1.247
-1.157,0.083
-1.321,-1.135
-1.473,-0.583
-1.478,-1.278
-1.69,0.28
-1.796,-1.691
-1.796,0.399
-1.708,0.139
-1.833,-1.333
-1.846,0.291
-1.886,-2.255
-1.752,-1.449
-1.938,0.975
-1.795,-2.097
-1.956,0.425
-1.882,-1.207
-1.983,-1.928
-2.154,0.663
-2.076,1.074
-2.095,0.025
-2.22,1.47
-2.344,-1.104
-2.237,0.438
-2.266,0.83
-2.48,0.862
-2.471,1.385
-2.482,-0.064
-2.428,1.094
-2.431,-1.163
-2.468,-1.108
-2.627,1.096
-2.517,-0.589
-2.735,0.824
-2.778,-1.258
-2.818,-0.57
-3.026,-2.274
-3.077,-0.732
-3.06,-0.831
3.107,0.442
2.979,-1.899
2.943,0.553
2.837,-1.261
2.707,0.417
2.68,-1.226
2.504,0.363
2.416,0.43
2.437,0.031
2.317,1.579
2.309,1.237
2.389,-1.458
2.275,-2.29
2.122,1.59
2.111,-0.925
2.031,1.528
2.054,-1.029
2.048,0.589
1.888,-1.966
2.012,0.777
1.948,1.213
1.742,0.98
1.652,-0.5
1.474,1.325
1.491,-0.077
1.476,1.542
1.404,0.156
1.259,-0.015
1.083,1.161
1.052,0.411
1.044,-2.233
1.014,1.674
1.083,-1.098
0.905,-0.164
0.89,-0.308
0.826,0.099
0.834,-2.281
0.698,-1.0
0.532,-2.003
0.315,-0.527
0.282,-0.777
0.157,0.157
0.255,-0.19
0.109,0.538
0.217,0.572
0.128,-0.972
0.061,-0.031
-1.077,-2.495
-1.26,-2.679
-1.953,-2.468
-2.463,-2.65
-2.799,-2.677
3.135,-2.553
2.125,-2.629
1.72,-2.59
1.499,-2.58
1.387,-2.753
0.547,-2.735
0.69,-2.383
-0.673,1.967
-1.007,1.753
-1.312,1.926
-1.351,1.681
-1.737,1.81
-1.891,1.842
-1.917,2.007
-1.832,1.994
-2.055,1.972
-2.225,1.895
-2.268,2.001
-2.62,1.991
-3.075,1.874
2.246,1.885
2.342,1.727
1.994,1.777
0.435,1.862
-1.353,0.318
-1.503,-0.488
-1.513,1.174
1.945,-1.871
1.843,-0.519
1.845,-0.615
1.477,0.714
0.934,-0.277
-0.689,-1.059
-1.849,-0.398
2.982,1.088
2.127,1.101
1.508,0.581
0.706,-0.429
0.711,-0.192
0.746,-0.073
0.516,1.057
-1.572,-1.294
2.994,-0.13
1.516,-0.117
0.714,-2.022
-0.913,-2.069
-1.694,-2.017
-1.624,-2.155
-0.501,1.99
-0.006,-0.179
-0.631,-0.909
-0.667,-1.073
-1.85,-1.144
-1.993,-0.969
-1.985,-1.15
-2.113,-0.682
-2.26,-1.035
-2.486,-1.109
-2.833,-1.076
2.782,-0.819
2.626,-0.908
2.394,-1.109
1.505,-0.942
-0.376,3.591
-0.869,3.621
-1.204,3.369
-1.716,3.572
-1.797,3.41
-2.292,3.391
2.733,3.631
2.303,3.264
0.747,3.431
0.512,3.45
0.493,3.589
-1.048,0.177
-2.027,3.245
1.675,2.346
0.175,3.251
3.101,3.559
1.757,3.439
-0.064,2.077
-0.228,0.029
-0.277,-0.381
-0.36,3.073
-0.554,3.049
-0.64,2.741
-0.613,0.782
-0.513,2.914
-0.63,-0.492
-0.55,0.64
-0.844,2.164
-0.94,0.44
-1.082,1.625
-0.975,0.126
-1.05,0.791
-1.168,0.361
-1.13,1.691
-1.294,0.473
-1.446,1.025
-1.451,0.33
-1.663,1.888
-1.769,-0.083
-1.769,2.007
-1.681,1.747
-1.806,0.275
-1.819,1.899
-1.859,-0.647
-1.725,0.159
-1.911,2.583
-1.768,-0.489
-1.929,2.033
-1.855,0.401
-1.956,-0.32
-2.127,2.271
-2.049,2.682
-2.068,1.633
-2.193,3.078
-2.317,0.504
-2.21,2.046
-2.239,2.438
-2.453,2.47
-2.444,2.993
-2.455,1.544
-2.401,2.702
-2.404,0.445
-2.441,0.5
-2.6,2.704
-2.49,1.019
-2.708,2.432
-2.751,0.35
-2.791,1.038
-2.999,-0.666
-3.05,0.876
-3.033,0.777
3.134,2.05
3.006,-0.291
2.97,2.161
2.864,0.347
2.734,2.025
2.707,0.382
2.531,1.971
2.443,2.038
2.464,1.639
2.344,3.187
2.336,2.845
2.416,0.15
2.302,-0.682
2.149,3.198
2.138,0.683
2.058,3.136
2.081,0.579
2.075,2.197
1.915,-0.358
2.039,2.385
1.975,2.821
1.769,2.588
1.679,1.108
1.501,2.933
1.518,1.531
1.503,3.15
1.431,1.764
1.286,1.593
1.11,2.769
1.079,2.019
1.071,-0.625
1.041,3.282
1.11,0.51
0.932,1.444
0.917,1.3
0.853,1.707
0.861,-0.673
0.725,0.608
0.559,-0.395
0.342,1.081
0.309,0.831
0.184,1.765
0.282,1.418
0.136,2.146
0.244,2.18
0.155,0.636
0.088,1.577
-1.05,-0.887
-1.233,-1.071
-1.926,-0.86
-2.436,-1.042
-2.772,-1.069
-3.121,-0.945
2.152,-1.021
1.747,-0.982
1.526,-0.972
1.414,-1.145
0.574,-1.127
0.717,-0.775
-0.646,3.575
-0.98,3.361
-1.285,3.534
-1.324,3.289
-1.71,3.418
-1.864,3.45
-1.89,3.615
-1.805,3.602
-2.028,3.58
-2.198,3.503
-2.241,3.609
-2.593,3.599
-3.048,3.482
2.273,3.493
2.369,3.335
2.021,3.385
0.462,3.47
-1.326,1.926
-1.476,1.12
-1.486,2.782
1.972,-0.263
1.87,1.089
1.872,0.993
1.504,2.322
0.961,1.331
-0.662,0.549
-1.822,1.21
3.009,2.696
2.154,2.709
1.535,2.189
0.733,1.179
0.738,1.416
0.773,1.535
0.543,2.665
-1.545,0.314
3.021,1.478
1.543,1.491
0.741,-0.414
-0.886,-0.461
-1.667,-0.409
-1.597,-0.547
-0.474,3.598
-0.625,-0.73
-0.661,-0.894
-1.844,-0.965
-1.987,-0.79
-1.979,-0.971
-2.107,-0.503
-2.254,-0.856
-2.48,-0.93
-2.827,-0.897
2.788,-0.64
2.632,-0.729
2.4,-0.93
1.511,-0.763
-0.37,3.77
-0.863,3.8
-1.198,3.548
-1.71,3.751
-1.791,3.589
-2.286,3.57
2.739,3.81
2.309,3.443
0.753,3.61
0.518,3.629
0.499,3.768
-1.042,0.356
-2.021,3.424
1.681,2.525
0.181,3.43
3.107,3.738
1.763,3.618
-0.058,2.256
-0.222,0.208
-0.271,-0.202
-0.354,3.252
-0.548,3.228
-0.634,2.92
-0.607,0.961
-0.507,3.093
-0.624,-0.313
-0.544,0.819
-0.838,2.343
-0.934,0.619
-1.076,1.804
-0.969,0.305
-1.044,0.97
-1.162,0.54
-1.124,1.87
-1.288,0.652
-1.44,1.204
-1.445,0.509
-1.657,2.067
-1.763,0.096
-1.763,2.186
-1.675,1.926
-1.8,0.454
-1.813,2.078
-1.853,-0.468
-1.719,0.338
-1.905,2.762
-1.762,-0.31
-1.923,2.212
-1.849,0.58
-1.95,-0.141
-2.121,2.45
-2.043,2.861
-2.062,1.812
-2.187,3.257
-2.311,0.683
-2.204,2.225
-2.233,2.617
-2.447,2.649
-2.438,3.172
-2.449,1.723
-2.395,2.881
-2.398,0.624
-2.435,0.679
-2.594,2.883
-2.484,1.198
-2.702,2.611
-2.745,0.529
-2.785,1.217
-2.993,-0.487
-3.044,1.055
-3.027,0.956
3.14,2.229
3.012,-0.112
2.976,2.34
2.87,0.526
2.74,2.204
2.713,0.561
2.537,2.15
2.449,2.217
2.47,1.818
2.35,3.366
2.342,3.024
2.422,0.329
2.308,-0.503
2.155,3.377
2.144,0.862
2.064,3.315
2.087,0.758
2.081,2.376
1.921,-0.179
2.045,2.564
1.981,3.0
1.775,2.767
1.685,1.287
1.507,3.112
1.524,1.71
1.509,3.329
1.437,1.943
1.292,1.772
1.116,2.948
1.085,2.198
1.077,-0.446
1.047,3.461
1.116,0.689
0.938,1.623
0.923,1.479
0.859,1.886
0.867,-0.494
0.731,0.787
0.565,-0.216
0.348,1.26
0.315,1.01
0.19,1.944
0.288,1.597
0.142,2.325
0.25,2.359
0.161,0.815
0.094,1.756
-1.044,-0.708
-1.227,-0.892
-1.92,-0.681
-2.43,-0.863
-2.766,-0.89
-3.115,-0.766
2.158,-0.842
1.753,-0.803
1.532,-0.793
1.42,-0.966
0.58,-0.948
0.723,-0.596
-0.64,3.754
-0.974,3.54
-1.279,3.713
-1.318,3.468
-1.704,3.597
-1.858,3.629
-1.884,3.794
-1.799,3.781
-2.022,3.759
-2.192,3.682
-2.235,3.788
-2.587,3.778
-3.042,3.661
2.279,3.672
2.375,3.514
2.027,3.564
0.468,3.649
-1.32,2.105
-1.47,1.299
-1.48,2.961
1.978,-0.084
1.876,1.268
1.878,1.172
1.51,2.501
0.967,1.51
-0.656,0.728
-1.816,1.389
3.015,2.875
2.16,2.888
1.541,2.368
0.739,1.358
0.744,1.595
0.779,1.714
0.549,2.844
-1.539,0.493
3.027,1.657
1.549,1.67
0.747,-0.235
-0.88,-0.282
-1.661,-0.23
-1.591,-0.368
-0.468,3.777
-0.036,-0.164
-1.219,-0.235
-1.362,-0.06
-1.354,-0.241
-1.482,0.227
-1.629,-0.126
-1.855,-0.2
-2.202,-0.167
-2.87,0.09
-3.026,0.001
3.025,-0.2
2.136,-0.033
0.255,4.5
-0.238,4.53
-0.573,4.278
-1.085,4.481
-1.166,4.319
-1.661,4.3
-2.919,4.54
2.934,4.173
1.378,4.34
1.143,4.359
1.124,4.498
-0.417,1.086
-1.396,4.154
2.306,3.255
0.806,4.16
-2.551,4.468
2.388,4.348
0.567,2.986
0.403,0.938
0.354,0.528
0.271,3.982
0.077,3.958
-0.009,3.65
0.018,1.691
0.118,3.823
0.001,0.417
0.081,1.549
-0.213,3.073
-0.309,1.349
-0.451,2.534
-0.344,1.035
-0.419,1.7
-0.537,1.27
-0.499,2.6
-0.663,1.382
-0.815,1.934
-0.82,1.239
-1.032,2.797
-1.138,0.826
-1.138,2.916
-1.05,2.656
-1.175,1.184
-1.188,2.808
-1.228,0.262
-1.094,1.068
-1.28,3.492
-1.137,0.42
-1.298,2.942
-1.224,1.31
-1.325,0.589
-1.496,3.18
-1.418,3.591
-1.437,2.542
-1.562,3.987
-1.686,1.413
-1.579,2.955
-1.608,3.347
-1.822,3.379
-1.813,3.902
-1.824,2.453
-1.77,3.611
-1.773,1.354
-1.81,1.409
-1.969,3.613
-1.859,1.928
-2.077,3.341
-2.12,1.259
-2.16,1.947
-2.368,0.243
-2.419,1.785
-2.402,1.686
-2.518,2.959
-2.646,0.618
-2.682,3.07
-2.788,1.256
-2.918,2.934
-2.945,1.291
-3.121,2.88
3.074,2.947
3.095,2.548
2.975,4.096
2.967,3.754
3.047,1.059
2.933,0.227
2.78,4.107
2.769,1.592
2.689,4.045
2.712,1.488
2.706,3.106
2.546,0.551
2.67,3.294
2.606,3.73
2.4,3.497
2.31,2.017
2.132,3.842
2.149,2.44
2.134,4.059
2.062,2.673
1.917,2.502
1.741,3.678
1.71,2.928
1.702,0.284
1.672,4.191
1.741,1.419
1.563,2.353
1.548,2.209
1.484,2.616
1.492,0.236
1.356,1.517
1.19,0.514
0.973,1.99
0.94,1.74
0.815,2.674
0.913,2.327
0.767,3.055
0.875,3.089
0.786,1.545
0.719,2.486
-0.419,0.022
-0.602,-0.162
-1.295,0.049
-1.805,-0.133
-2.141,-0.16
-2.49,-0.036
2.783,-0.112
2.378,-0.073
2.157,-0.063
2.045,-0.236
1.205,-0.218
1.348,0.134
-0.015,4.484
-0.349,4.27
-0.654,4.443
-0.693,4.198
-1.079,4.327
-1.233,4.359
-1.259,4.524
-1.174,4.511
-1.397,4.489
-1.567,4.412
-1.61,4.518
-1.962,4.508
-2.417,4.391
2.904,4.402
3.0,4.244
2.652,4.294
1.093,4.379
-0.695,2.835
-0.845,2.029
-0.855,3.691
2.603,0.646
2.501,1.998
2.503,1.902
2.135,3.231
1.592,2.24
-0.031,1.458
-1.191,2.119
-2.643,3.605
2.785,3.618
2.166,3.098
1.364,2.088
1.369,2.325
1.404,2.444
1.174,3.574
-0.914,1.223
-2.631,2.387
2.174,2.4
1.372,0.495
-0.255,0.448
-1.036,0.5
-0.966,0.362
0.157,4.507
-1.183,-0.071
-1.326,0.104
-1.318,-0.077
-1.446,0.391
-1.593,0.038
-1.819,-0.036
-2.166,-0.003
-2.834,0.254
-2.99,0.165
3.061,-0.036
2.172,0.131
0.291,4.664
-0.202,4.694
-0.537,4.442
-1.049,4.645
-1.13,4.483
-1.625,4.464
-2.883,4.704
2.97,4.337
1.414,4.504
1.179,4.523
1.16,4.662
-0.381,1.25
-1.36,4.318
2.342,3.419
0.842,4.324
-2.515,4.632
2.424,4.512
0.603,3.15
0.439,1.102
0.39,0.692
0.307,4.146
0.113,4.122
0.027,3.814
0.054,1.855
0.154,3.987
0.037,0.581
0.117,1.713
-0.177,3.237
-0.273,1.513
-0.415,2.698
-0.308,1.199
-0.383,1.864
-0.501,1.434
-0.463,2.764
-0.627,1.546
-0.779,2.098
-0.784,1.403
-0.996,2.961
-1.102,0.99
-1.102,3.08
-1.014,2.82
-1.139,1.348
-1.152,2.972
-1.192,0.426
-1.058,1.232
-1.244,3.656
-1.101,0.584
-1.262,3.106
-1.188,1.474
-1.289,0.753
-1.46,3.344
-1.382,3.755
-1.401,2.706
-1.526,4.151
-1.65,1.577
-1.543,3.119
-1.572,3.511
-1.786,3.543
-1.777,4.066
-1.788,2.617
-1.734,3.775
-1.737,1.518
-1.774,1.573
-1.933,3.777
-1.823,2.092
-2.041,3.505
-2.084,1.423
-2.124,2.111
-2.332,0.407
-2.383,1.949
-2.366,1.85
-2.482,3.123
-2.61,0.782
-2.646,3.234
-2.752,1.42
-2.882,3.098
-2.909,1.455
-3.085,3.044
3.11,3.111
3.131,2.712
3.011,4.26
3.003,3.918
3.083,1.223
2.969,0.391
2.816,4.271
2.805,1.756
2.725,4.209
2.748,1.652
2.742,3.27
2.582,0.715
2.706,3.458
2.642,3.894
2.436,3.661
2.346,2.181
2.168,4.006
2.185,2.604
2.17,4.223
2.098,2.837
1.953,2.666
1.777,3.842
1.746,3.092
1.738,0.448
1.708,4.355
1.777,1.583
1.599,2.517
1.584,2.373
1.52,2.78
1.528,0.4
1.392,1.681
1.226,0.678
1.009,2.154
0.976,1.904
0.851,2.838
0.949,2.491
0.803,3.219
0.911,3.253
0.822,1.709
0.755,2.65
-0.383,0.186
-0.566,0.002
-1.259,0.213
-1.769,0.031
-2.105,0.004
-2.454,0.128
2.819,0.052
2.414,0.091
2.193,0.101
2.081,-0.072
1.241,-0.054
1.384,0.298
0.021,4.648
-0.313,4.434
-0.618,4.607
-0.657,4.362
-1.043,4.491
-1.197,4.523
-1.223,4.688
-1.138,4.675
-1.361,4.653
-1.531,4.576
-1.574,4.682
-1.926,4.672
-2.381,4.555
2.94,4.566
3.036,4.408
2.688,4.458
1.129,4.543
-0.659,2.999
-0.809,2.193
-0.819,3.855
2.639,0.81
2.537,2.162
2.539,2.066
2.171,3.395
1.628,2.404
0.005,1.622
-1.155,2.283
-2.607,3.769
2.821,3.782
2.202,3.262
1.4,2.252
1.405,2.489
1.44,2.608
1.21,3.738
-0.878,1.387
-2.595,2.551
2.21,2.564
1.408,0.659
-0.219,0.612
-1.0,0.664
-0.93,0.526
0.193,4.671
-0.143,0.175
-0.135,-0.006
-0.263,0.462
-0.41,0.109
-0.636,0.035
-0.983,0.068
-1.651,0.325
-1.807,0.236
-2.039,0.035
-2.928,0.202
1.474,4.735
0.981,4.765
0.646,4.513
0.134,4.716
0.053,4.554
-0.442,4.535
-1.7,4.775
-2.13,4.408
2.597,4.575
2.362,4.594
2.343,4.733
0.802,1.321
-0.177,4.389
-2.758,3.49
2.025,4.395
-1.332,4.703
-2.676,4.583
1.786,3.221
1.622,1.173
1.573,0.763
1.49,4.217
1.296,4.193
1.21,3.885
1.237,1.926
1.337,4.058
1.22,0.652
1.3,1.784
1.006,3.308
0.91,1.584
0.768,2.769
0.875,1.27
0.8,1.935
0.682,1.505
0.72,2.835
0.556,1.617
0.404,2.169
0.399,1.474
0.187,3.032
0.081,1.061
0.081,3.151
0.169,2.891
0.044,1.419
0.031,3.043
-0.009,0.497
0.125,1.303
-0.061,3.727
0.082,0.655
-0.079,3.177
-0.005,1.545
-0.106,0.824
-0.277,3.415
-0.199,3.826
-0.218,2.777
-0.343,4.222
-0.467,1.648
-0.36,3.19
-0.389,3.582
-0.603,3.614
-0.594,4.137
-0.605,2.688
-0.551,3.846
-0.554,1.589
-0.591,1.644
-0.75,3.848
-0.64,2.163
-0.858,3.576
-0.901,1.494
-0.941,2.182
-1.149,0.478
-1.2,2.02
-1.183,1.921
-1.299,3.194
-1.427,0.853
-1.463,3.305
-1.569,1.491
-1.699,3.169
-1.726,1.526
-1.902,3.115
-1.99,3.182
-1.969,2.783
-2.089,4.331
-2.097,3.989
-2.017,1.294
-2.131,0.462
-2.284,4.342
-2.295,1.827
-2.375,4.28
-2.352,1.723
-2.358,3.341
-2.518,0.786
-2.394,3.529
-2.458,3.965
-2.664,3.732
-2.754,2.252
-2.932,4.077
-2.915,2.675
-2.93,4.294
-3.002,2.908
3.136,2.737
2.96,3.913
2.929,3.163
2.921,0.519
2.891,4.426
2.96,1.654
2.782,2.588
2.767,2.444
2.703,2.851
2.711,0.471
2.575,1.752
2.409,0.749
2.192,2.225
2.159,1.975
2.034,2.909
2.132,2.562
1.986,3.29
2.094,3.324
2.005,1.78
1.938,2.721
0.8,0.257
0.617,0.073
-0.076,0.284
-0.586,0.102
-0.922,0.075
-1.271,0.199
-2.281,0.123
-2.686,0.162
-2.907,0.172
-3.019,-0.001
2.424,0.017
2.567,0.369
1.204,4.719
0.87,4.505
0.565,4.678
0.526,4.433
0.14,4.562
-0.014,4.594
-0.04,4.759
0.045,4.746
-0.178,4.724
-0.348,4.647
-0.391,4.753
-0.743,4.743
-1.198,4.626
-2.16,4.637
-2.064,4.479
-2.412,4.529
2.312,4.614
0.524,3.07
0.374,2.264
0.364,3.926
-2.461,0.881
-2.563,2.233
-2.561,2.137
-2.929,3.466
2.811,2.475
1.188,1.693
0.028,2.354
-1.424,3.84
-2.279,3.853
-2.898,3.333
2.583,2.323
2.588,2.56
2.623,2.679
2.393,3.809
0.305,1.458
-1.412,2.622
-2.89,2.635
2.591,0.73
0.964,0.683
0.183,0.735
0.253,0.597
1.376,4.742
0.008,-0.181
-0.12,0.287
-0.267,-0.066
-0.493,-0.14
-0.84,-0.107
-1.508,0.15
-1.664,0.061
-1.896,-0.14
-2.785,0.027
1.617,4.56
1.124,4.59
0.789,4.338
0.277,4.541
0.196,4.379
-0.299,4.36
-1.557,4.6
-1.987,4.233
2.74,4.4
2.505,4.419
2.486,4.558
0.945,1.146
-0.034,4.214
-2.615,3.315
2.168,4.22
-1.189,4.528
-2.533,4.408
1.929,3.046
1.765,0.998
1.716,0.588
1.633,4.042
1.439,4.018
1.353,3.71
1.38,1.751
1.48,3.883
1.363,0.477
1.443,1.609
1.149,3.133
1.053,1.409
0.911,2.594
1.018,1.095
0.943,1.76
0.825,1.33
0.863,2.66
0.699,1.442
0.547,1.994
0.542,1.299
0.33,2.857
0.224,0.886
0.224,2.976
0.312,2.716
0.187,1.244
0.174,2.868
0.134,0.322
0.268,1.128
0.082,3.552
0.225,0.48
0.064,3.002
0.138,1.37
0.037,0.649
-0.134,3.24
-0.056,3.651
-0.075,2.602
-0.2,4.047
-0.324,1.473
-0.217,3.015
-0.246,3.407
-0.46,3.439
-0.451,3.962
-0.462,2.513
-0.408,3.671
-0.411,1.414
-0.448,1.469
-0.607,3.673
-0.497,1.988
-0.715,3.401
-0.758,1.319
-0.798,2.007
-1.006,0.303
-1.057,1.845
-1.04,1.746
-1.156,3.019
-1.284,0.678
-1.32,3.13
-1.426,1.316
-1.556,2.994
-1.583,1.351
-1.759,2.94
-1.847,3.007
-1.826,2.608
-1.946,4.156
-1.954,3.814
-1.874,1.119
-1.988,0.287
-2.141,4.167
-2.152,1.652
-2.232,4.105
-2.209,1.548
-2.215,3.166
-2.375,0.611
-2.251,3.354
-2.315,3.79
-2.521,3.557
-2.611,2.077
-2.789,3.902
-2.772,2.5
-2.787,4.119
-2.859,2.733
-3.004,2.562
3.103,3.738
3.072,2.988
3.064,0.344
3.034,4.251
3.103,1.479
2.925,2.413
2.91,2.269
2.846,2.676
2.854,0.296
2.718,1.577
2.552,0.574
2.335,2.05
2.302,1.8
2.177,2.734
2.275,2.387
2.129,3.115
2.237,3.149
2.148,1.605
2.081,2.546
0.943,0.082
0.76,-0.102
0.067,0.109
-0.443,-0.073
-0.779,-0.1
-1.128,0.024
-2.138,-0.052
-2.543,-0.013
-2.764,-0.003
-2.876,-0.176
2.567,-0.158
2.71,0.194
1.347,4.544
1.013,4.33
0.708,4.503
0.669,4.258
0.283,4.387
0.129,4.419
0.103,4.584
0.188,4.571
-0.035,4.549
-0.205,4.472
-0.248,4.578
-0.6,4.568
-1.055,4.451
-2.017,4.462
-1.921,4.304
-2.269,4.354
2.455,4.439
0.667,2.895
0.517,2.089
0.507,3.751
-2.318,0.706
-2.42,2.058
-2.418,1.962
-2.786,3.291
2.954,2.3
1.331,1.518
0.171,2.179
-1.281,3.665
-2.136,3.678
-2.755,3.158
2.726,2.148
2.731,2.385
2.766,2.504
2.536,3.634
0.448,1.283
-1.269,2.447
-2.747,2.46
2.734,0.555
1.107,0.508
0.326,0.56
0.396,0.422
1.519,4.567
-0.128,0.468
-0.275,0.115
-0.501,0.041
-0.848,0.074
-1.516,0.331
-1.672,0.242
-1.904,0.041
-2.793,0.208
1.609,4.741
1.116,4.771
0.781,4.519
0.269,4.722
0.188,4.56
-0.307,4.541
-1.565,4.781
-1.995,4.414
2.732,4.581
2.497,4.6
2.478,4.739
0.937,1.327
-0.042,4.395
-2.623,3.496
2.16,4.401
-1.197,4.709
-2.541,4.589
1.921,3.227
1.757,1.179
1.708,0.769
1.625,4.223
1.431,4.199
1.345,3.891
1.372,1.932
1.472,4.064
1.355,0.658
1.435,1.79
1.141,3.314
1.045,1.59
0.903,2.775
1.01,1.276
0.935,1.941
0.817,1.511
0.855,2.841
0.691,1.623
0.539,2.175
0.534,1.48
0.322,3.038
0.216,1.067
0.216,3.157
0.304,2.897
0.179,1.425
0.166,3.049
0.126,0.503
0.26,1.309
0.074,3.733
0.217,0.661
0.056,3.183
0.13,1.551
0.029,0.83
-0.142,3.421
-0.064,3.832
-0.083,2.783
-0.208,4.228
-0.332,1.654
-0.225,3.196
-0.254,3.588
-0.468,3.62
-0.459,4.143
-0.47,2.694
-0.416,3.852
-0.419,1.595
-0.456,1.65
-0.615,3.854
-0.505,2.169
-0.723,3.582
-0.766,1.5
-0.806,2.188
-1.014,0.484
-1.065,2.026
-1.048,1.927
-1.164,3.2
-1.292,0.859
-1.328,3.311
-1.434,1.497
-1.564,3.175
-1.591,1.532
-1.767,3.121
-1.855,3.188
-1.834,2.789
-1.954,4.337
-1.962,3.995
-1.882,1.3
-1.996,0.468
-2.149,4.348
-2.16,1.833
-2.24,4.286
-2.217,1.729
-2.223,3.347
-2.383,0.792
-2.259,3.535
-2.323,3.971
-2.529,3.738
-2.619,2.258
-2.797,4.083
-2.78,2.681
-2.795,4.3
-2.867,2.914
-3.012,2.743
3.095,3.919
3.064,3.169
3.056,0.525
3.026,4.432
3.095,1.66
2.917,2.594
2.902,2.45
2.838,2.857
2.846,0.477
2.71,1.758
2.544,0.755
2.327,2.231
2.294,1.981
2.169,2.915
2.267,2.568
2.121,3.296
2.229,3.33
2.14,1.786
2.073,2.727
0.935,0.263
0.752,0.079
0.059,0.29
-0.451,0.108
-0.787,0.081
-1.136,0.205
-2.146,0.129
-2.551,0.168
-2.772,0.178
-2.884,0.005
2.559,0.023
2.702,0.375
1.339,4.725
1.005,4.511
0.7,4.684
0.661,4.439
0.275,4.568
0.121,4.6
0.095,4.765
0.18,4.752
-0.043,4.73
-0.213,4.653
-0.256,4.759
-0.608,4.749
-1.063,4.632
-2.025,4.643
-1.929,4.485
-2.277,4.535
2.447,4.62
0.659,3.076
0.509,2.27
0.499,3.932
-2.326,0.887
-2.428,2.239
-2.426,2.143
-2.794,3.472
2.946,2.481
1.323,1.699
0.163,2.36
-1.289,3.846
-2.144,3.859
-2.763,3.339
2.718,2.329
2.723,2.566
2.758,2.685
2.528,3.815
0.44,1.464
-1.277,2.628
-2.755,2.641
2.726,0.736
1.099,0.689
0.318,0.741
0.388,0.603
1.511,4.748
-0.147,-0.353
-0.373,-0.427
-0.72,-0.394
-1.388,-0.137
-1.544,-0.226
-1.776,-0.427
-2.665,-0.26
1.737,4.273
1.244,4.303
0.909,4.051
0.397,4.254
0.316,4.092
-0.179,4.073
-1.437,4.313
-1.867,3.946
2.86,4.113
2.625,4.132
2.606,4.271
1.065,0.859
0.086,3.927
-2.495,3.028
2.288,3.933
-1.069,4.241
-2.413,4.121
2.049,2.759
1.885,0.711
1.836,0.301
1.753,3.755
1.559,3.731
1.473,3.423
1.5,1.464
1.6,3.596
1.483,0.19
1.563,1.322
1.269,2.846
1.173,1.122
1.031,2.307
1.138,0.808
1.063,1.473
0.945,1.043
0.983,2.373
0.819,1.155
0.667,1.707
0.662,1.012
0.45,2.57
0.344,0.599
0.344,2.689
0.432,2.429
0.307,0.957
0.294,2.581
0.254,0.035
0.388,0.841
0.202,3.265
0.345,0.193
0.184,2.715
0.258,1.083
0.157,0.362
-0.014,2.953
0.064,3.364
0.045,2.315
-0.08,3.76
-0.204,1.186
-0.097,2.728
-0.126,3.12
-0.34,3.152
-0.331,3.675
-0.342,2.226
-0.288,3.384
-0.291,1.127
-0.328,1.182
-0.487,3.386
-0.377,1.701
-0.595,3.114
-0.638,1.032
-0.678,1.72
-0.886,0.016
-0.937,1.558
-0.92,1.459
-1.036,2.732
-1.164,0.391
-1.2,2.843
-1.306,1.029
-1.436,2.707
-1.463,1.064
-1.639,2.653
-1.727,2.72
-1.706,2.321
-1.826,3.869
-1.834,3.527
-1.754,0.832
-1.868,0.0
-2.021,3.88
-2.032,1.365
-2.112,3.818
-2.089,1.261
-2.095,2.879
-2.255,0.324
-2.131,3.067
-2.195,3.503
-2.401,3.27
-2.491,1.79
-2.669,3.615
-2.652,2.213
-2.667,3.832
-2.739,2.446
-2.884,2.275
-3.06,3.451
-3.091,2.701
-3.099,0.057
-3.129,3.964
-3.06,1.192
3.045,2.126
3.03,1.982
2.966,2.389
2.974,0.009
2.838,1.29
2.672,0.287
2.455,1.763
2.422,1.513
2.297,2.447
2.395,2.1
2.249,2.828
2.357,2.862
2.268,1.318
2.201,2.259
1.063,-0.205
0.88,-0.389
0.187,-0.178
-0.323,-0.36
-0.659,-0.387
-1.008,-0.263
-2.018,-0.339
-2.423,-0.3
-2.644,-0.29
-2.756,-0.463
2.687,-0.445
2.83,-0.093
1.467,4.257
1.133,4.043
0.828,4.216
0.789,3.971
0.403,4.1
0.249,4.132
0.223,4.297
0.308,4.284
0.085,4.262
-0.085,4.185
-0.128,4.291
-0.48,4.281
-0.935,4.164
-1.897,4.175
-1.801,4.017
-2.149,4.067
2.575,4.152
0.787,2.608
0.637,1.802
0.627,3.464
-2.198,0.419
-2.3,1.771
-2.298,1.675
-2.666,3.004
3.074,2.013
1.451,1.231
0.291,1.892
-1.161,3.378
-2.016,3.391
-2.635,2.871
2.846,1.861
2.851,2.098
2.886,2.217
2.656,3.347
0.568,0.996
-1.149,2.16
-2.627,2.173
2.854,0.268
1.227,0.221
0.446,0.273
0.516,0.135
1.639,4.28
-0.226,-0.074
-0.573,-0.041
-1.241,0.216
-1.397,0.127
-1.629,-0.074
-2.518,0.093
1.884,4.626
1.391,4.656
1.056,4.404
0.544,4.607
0.463,4.445
-0.032,4.426
-1.29,4.666
-1.72,4.299
3.007,4.466
2.772,4.485
2.753,4.624
1.212,1.212
0.233,4.28
-2.348,3.381
2.435,4.286
-0.922,4.594
-2.266,4.474
2.196,3.112
2.032,1.064
1.983,0.654
1.9,4.108
1.706,4.084
1.62,3.776
1.647,1.817
1.747,3.949
1.63,0.543
1.71,1.675
1.416,3.199
1.32,1.475
1.178,2.66
1.285,1.161
1.21,1.826
1.092,1.396
1.13,2.726
0.966,1.508
0.814,2.06
0.809,1.365
0.597,2.923
0.491,0.952
0.491,3.042
0.579,2.782
0.454,1.31
0.441,2.934
0.401,0.388
0.535,1.194
0.349,3.618
0.492,0.546
0.331,3.068
0.405,1.436
0.304,0.715
0.133,3.306
0.211,3.717
0.192,2.668
0.067,4.113
-0.057,1.539
0.05,3.081
0.021,3.473
-0.193,3.505
-0.184,4.028
-0.195,2.579
-0.141,3.737
-0.144,1.48
-0.181,1.535
-0.34,3.739
-0.23,2.054
-0.448,3.467
-0.491,1.385
-0.531,2.073
-0.739,0.369
-0.79,1.911
-0.773,1.812
-0.889,3.085
-1.017,0.744
-1.053,3.196
-1.159,1.382
-1.289,3.06
-1.316,1.417
-1.492,3.006
-1.58,3.073
-1.559,2.674
-1.679,4.222
-1.687,3.88
-1.607,1.185
-1.721,0.353
-1.874,4.233
-1.885,1.718
-1.965,4.171
-1.942,1.614
-1.948,3.232
-2.108,0.677
-1.984,3.42
-2.048,3.856
-2.254,3.623
-2.344,2.143
-2.522,3.968
-2.505,2.566
-2.52,4.185
-2.592,2.799
-2.737,2.628
-2.913,3.804
-2.944,3.054
-2.952,0.41
-2.982,4.317
-2.913,1.545
-3.091,2.479
-3.106,2.335
3.113,2.742
3.121,0.362
2.985,1.643
2.819,0.64
2.602,2.116
2.569,1.866
2.444,2.8
2.542,2.453
2.396,3.181
2.504,3.215
2.415,1.671
2.348,2.612
1.21,0.148
1.027,-0.036
0.334,0.175
-0.176,-0.007
-0.512,-0.034
-0.861,0.09
-1.871,0.014
-2.276,0.053
-2.497,0.063
-2.609,-0.11
2.834,-0.092
2.977,0.26
1.614,4.61
1.28,4.396
0.975,4.569
0.936,4.324
0.55,4.453
0.396,4.485
0.37,4.65
0.455,4.637
0.232,4.615
0.062,4.538
0.019,4.644
-0.333,4.634
-0.788,4.517
-1.75,4.528
-1.654,4.37
-2.002,4.42
2.722,4.505
0.934,2.961
0.784,2.155
0.774,3.817
-2.051,0.772
-2.153,2.124
-2.151,2.028
-2.519,3.357
-3.062,2.366
1.598,1.584
0.438,2.245
-1.014,3.731
-1.869,3.744
-2.488,3.224
2.993,2.214
2.998,2.451
3.033,2.57
2.803,3.7
0.715,1.349
-1.002,2.513
-2.48,2.526
3.001,0.621
1.374,0.574
0.593,0.626
0.663,0.488
1.786,4.633
-0.347,0.033
-1.015,0.29
-1.171,0.201
-1.403,0.0
-2.292,0.167
2.11,4.7
1.617,4.73
1.282,4.478
0.77,4.681
0.689,4.519
0.194,4.5
-1.064,4.74
-1.494,4.373
-3.05,4.54
2.998,4.559
2.979,4.698
1.438,1.286
0.459,4.354
-2.122,3.455
2.661,4.36
-0.696,4.668
-2.04,4.548
2.422,3.186
2.258,1.138
2.209,0.728
2.126,4.182
1.932,4.158
1.846,3.85
1.873,1.891
1.973,4.023
1.856,0.617
1.936,1.749
1.642,3.273
1.546,1.549
1.404,2.734
1.511,1.235
1.436,1.9
1.318,1.47
1.356,2.8
1.192,1.582
1.04,2.134
1.035,1.439
0.823,2.997
0.717,1.026
0.717,3.116
0.805,2.856
0.68,1.384
0.667,3.008
0.627,0.462
0.761,1.268
0.575,3.692
0.718,0.62
0.557,3.142
0.631,1.51
0.53,0.789
0.359,3.38
0.437,3.791
0.418,2.742
0.293,4.187
0.169,1.613
0.276,3.155
0.247,3.547
0.033,3.579
0.042,4.102
0.031,2.653
0.085,3.811
0.082,1.554
0.045,1.609
-0.114,3.813
-0.004,2.128
-0.222,3.541
-0.265,1.459
-0.305,2.147
-0.513,0.443
-0.564,1.985
-0.547,1.886
-0.663,3.159
-0.791,0.818
-0.827,3.27
-0.933,1.456
-1.063,3.134
-1.09,1.491
-1.266,3.08
-1.354,3.147
-1.333,2.748
-1.453,4.296
-1.461,3.954
-1.381,1.259
-1.495,0.427
-1.648,4.307
-1.659,1.792
-1.739,4.245
-1.716,1.688
-1.722,3.306
-1.882,0.751
-1.758,3.494
-1.822,3.93
-2.028,3.697
-2.118,2.217
-2.296,4.042
-2.279,2.64
-2.294,4.259
-2.366,2.873
-2.511,2.702
-2.687,3.878
-2.718,3.128
-2.726,0.484
-2.756,4.391
-2.687,1.619
-2.865,2.553
-2.88,2.409
-2.944,2.816
-2.936,0.436
-3.072,1.717
3.045,0.714
2.828,2.19
2.795,1.94
2.67,2.874
2.768,2.527
2.622,3.255
2.73,3.289
2.641,1.745
2.574,2.686
1.436,0.222
1.253,0.038
0.56,0.249
0.05,0.067
-0.286,0.04
-0.635,0.164
-1.645,0.088
-2.05,0.127
-2.271,0.137
-2.383,-0.036
3.06,-0.018
-3.08,0.334
1.84,4.684
1.506,4.47
1.201,4.643
1.162,4.398
0.776,4.527
0.622,4.559
0.596,4.724
0.681,4.711
0.458,4.689
0.288,4.612
0.245,4.718
-0.107,4.708
-0.562,4.591
-1.524,4.602
-1.428,4.444
-1.776,4.494
2.948,4.579
1.16,3.035
1.01,2.229
1.0,3.891
-1.825,0.846
-1.927,2.198
-1.925,2.102
-2.293,3.431
-2.836,2.44
1.824,1.658
0.664,2.319
-0.788,3.805
-1.643,3.818
-2.262,3.298
-3.064,2.288
-3.059,2.525
-3.024,2.644
3.029,3.774
0.941,1.423
-0.776,2.587
-2.254,2.6
-3.056,0.695
1.6,0.648
0.819,0.7
0.889,0.562
2.012,4.707
-0.668,0.257
-0.824,0.168
-1.056,-0.033
-1.945,0.134
2.457,4.667
1.964,4.697
1.629,4.445
1.117,4.648
1.036,4.486
0.541,4.467
-0.717,4.707
-1.147,4.34
-2.703,4.507
-2.938,4.526
-2.957,4.665
1.785,1.253
0.806,4.321
-1.775,3.422
3.008,4.327
-0.349,4.635
-1.693,4.515
2.769,3.153
2.605,1.105
2.556,0.695
2.473,4.149
2.279,4.125
2.193,3.817
2.22,1.858
2.32,3.99
2.203,0.584
2.283,1.716
1.989,3.24
1.893,1.516
1.751,2.701
1.858,1.202
1.783,1.867
1.665,1.437
1.703,2.767
1.539,1.549
1.387,2.101
1.382,1.406
1.17,2.964
1.064,0.993
1.064,3.083
1.152,2.823
1.027,1.351
1.014,2.975
0.974,0.429
1.108,1.235
0.922,3.659
1.065,0.587
0.904,3.109
0.978,1.477
0.877,0.756
0.706,3.347
0.784,3.758
0.765,2.709
0.64,4.154
0.516,1.58
0.623,3.122
0.594,3.514
0.38,3.546
0.389,4.069
0.378,2.62
0.432,3.778
0.429,1.521
0.392,1.576
0.233,3.78
0.343,2.095
0.125,3.508
0.082,1.426
0.042,2.114
-0.166,0.41
-0.217,1.952
-0.2,1.853
-0.316,3.126
-0.444,0.785
-0.48,3.237
-0.586,1.423
-0.716,3.101
-0.743,1.458
-0.919,3.047
-1.007,3.114
-0.986,2.715
-1.106,4.263
-1.114,3.921
-1.034,1.226
-1.148,0.394
-1.301,4.274
-1.312,1.759
-1.392,4.212
-1.369,1.655
-1.375,3.273
-1.535,0.718
-1.411,3.461
-1.475,3.897
-1.681,3.664
-1.771,2.184
-1.949,4.009
-1.932,2.607
-1.947,4.226
-2.019,2.84
-2.164,2.669
-2.34,3.845
-2.371,3.095
-2.379,0.451
-2.409,4.358
-2.34,1.586
-2.518,2.52
-2.533,2.376
-2.597,2.783
-2.589,0.403
-2.725,1.684
-2.891,0.681
-3.108,2.157
-3.141,1.907
3.017,2.841
3.115,2.494
2.969,3.222
3.077,3.256
2.988,1.712
2.921,2.653
1.783,0.189
1.6,0.005
0.907,0.216
0.397,0.034
0.061,0.007
-0.288,0.131
-1.298,0.055
-1.703,0.094
-1.924,0.104
-2.036,-0.069
-2.876,-0.051
-2.733,0.301
2.187,4.651
1.853,4.437
1.548,4.61
1.509,4.365
1.123,4.494
0.969,4.526
0.943,4.691
1.028,4.678
0.805,4.656
0.635,4.579
0.592,4.685
0.24,4.675
-0.215,4.558
-1.177,4.569
-1.081,4.411
-1.429,4.461
-2.988,4.546
1.507,3.002
1.357,2.196
1.347,3.858
-1.478,0.813
-1.58,2.165
-1.578,2.069
-1.946,3.398
-2.489,2.407
2.171,1.625
1.011,2.286
-0.441,3.772
-1.296,3.785
-1.915,3.265
-2.717,2.255
-2.712,2.492
-2.677,2.611
-2.907,3.741
1.288,1.39
-0.429,2.554
-1.907,2.567
-2.709,0.662
1.947,0.615
1.166,0.667
1.236,0.529
2.359,4.674
-0.156,-0.089
-0.388,-0.29
-1.277,-0.123
3.125,4.41
2.632,4.44
2.297,4.188
1.785,4.391
1.704,4.229
1.209,4.21
-0.049,4.45
-0.479,4.083
-2.035,4.25
-2.27,4.269
-2.289,4.408
2.453,0.996
1.474,4.064
-1.107,3.165
-2.607,4.07
0.319,4.378
-1.025,4.258
-2.846,2.896
-3.01,0.848
-3.059,0.438
3.141,3.892
2.947,3.868
2.861,3.56
2.888,1.601
2.988,3.733
2.871,0.327
2.951,1.459
2.657,2.983
2.561,1.259
2.419,2.444
2.526,0.945
2.451,1.61
2.333,1.18
2.371,2.51
2.207,1.292
2.055,1.844
2.05,1.149
1.838,2.707
1.732,0.736
1.732,2.826
1.82,2.566
1.695,1.094
1.682,2.718
1.642,0.172
1.776,0.978
1.59,3.402
1.733,0.33
1.572,2.852
1.646,1.22
1.545,0.499
1.374,3.09
1.452,3.501
1.433,2.452
1.308,3.897
1.184,1.323
1.291,2.865
1.262,3.257
1.048,3.289
1.057,3.812
1.046,2.363
1.1,3.521
1.097,1.264
1.06,1.319
0.901,3.523
1.011,1.838
0.793,3.251
0.75,1.169
0.71,1.857
0.502,0.153
0.451,1.695
0.468,1.596
0.352,2.869
0.224,0.528
0.188,2.98
0.082,1.166
-0.048,2.844
-0.075,1.201
-0.251,2.79
-0.339,2.857
-0.318,2.458
-0.438,4.006
-0.446,3.664
-0.366,0.969
-0.48,0.137
-0.633,4.017
-0.644,1.502
-0.724,3.955
-0.701,1.398
-0.707,3.016
-0.867,0.461
-0.743,3.204
-0.807,3.64
-1.013,3.407
-1.103,1.927
-1.281,3.752
-1.264,2.35
-1.279,3.969
-1.351,2.583
-1.496,2.412
-1.672,3.588
-1.703,2.838
-1.711,0.194
-1.741,4.101
-1.672,1.329
-1.85,2.263
-1.865,2.119
-1.929,2.526
-1.921,0.146
-2.057,1.427
-2.223,0.424
-2.44,1.9
-2.473,1.65
-2.598,2.584
-2.5,2.237
-2.646,2.965
-2.538,2.999
-2.627,1.455
-2.694,2.396
2.451,-0.068
2.268,-0.252
1.575,-0.041
1.065,-0.223
0.729,-0.25
0.38,-0.126
-0.63,-0.202
-1.035,-0.163
-1.256,-0.153
-1.368,-0.326
-2.208,-0.308
-2.065,0.044
2.855,4.394
2.521,4.18
2.216,4.353
2.177,4.108
1.791,4.237
1.637,4.269
1.611,4.434
1.696,4.421
1.473,4.399
1.303,4.322
1.26,4.428
0.908,4.418
0.453,4.301
-0.509,4.312
-0.413,4.154
-0.761,4.204
-2.32,4.289
2.175,2.745
2.025,1.939
2.015,3.601
-0.81,0.556
-0.912,1.908
-0.91,1.812
-1.278,3.141
-1.821,2.15
2.839,1.368
1.679,2.029
0.227,3.515
-0.628,3.528
-1.247,3.008
-2.049,1.998
-2.044,2.235
-2.009,2.354
-2.239,3.484
1.956,1.133
0.239,2.297
-1.239,2.31
-2.041,0.405
2.615,0.358
1.834,0.41
1.904,0.272
3.027,4.417
-0.232,-0.201
-1.121,-0.034
-3.002,4.499
2.788,4.529
2.453,4.277
1.941,4.48
1.86,4.318
1.365,4.299
0.107,4.539
-0.323,4.172
-1.879,4.339
-2.114,4.358
-2.133,4.497
2.609,1.085
1.63,4.153
-0.951,3.254
-2.451,4.159
0.475,4.467
-0.869,4.347
-2.69,2.985
-2.854,0.937
-2.903,0.527
-2.986,3.981
3.103,3.957
3.017,3.649
3.044,1.69
-3.139,3.822
3.027,0.416
3.107,1.548
2.813,3.072
2.717,1.348
2.575,2.533
2.682,1.034
2.607,1.699
2.489,1.269
2.527,2.599
2.363,1.381
2.211,1.933
2.206,1.238
1.994,2.796
1.888,0.825
1.888,2.915
1.976,2.655
1.851,1.183
1.838,2.807
1.798,0.261
1.932,1.067
1.746,3.491
1.889,0.419
1.728,2.941
1.802,1.309
1.701,0.588
1.53,3.179
1.608,3.59
1.589,2.541
1.464,3.986
1.34,1.412
1.447,2.954
1.418,3.346
1.204,3.378
1.213,3.901
1.202,2.452
1.256,3.61
1.253,1.353
1.216,1.408
1.057,3.612
1.167,1.927
0.949,3.34
0.906,1.258
0.866,1.946
0.658,0.242
0.607,1.784
0.624,1.685
0.508,2.958
0.38,0.617
0.344,3.069
0.238,1.255
0.108,2.933
0.081,1.29
-0.095,2.879
-0.183,2.946
-0.162,2.547
-0.282,4.095
-0.29,3.753
-0.21,1.058
-0.324,0.226
-0.477,4.106
-0.488,1.591
-0.568,4.044
-0.545,1.487
-0.551,3.105
-0.711,0.55
-0.587,3.293
-0.651,3.729
-0.857,3.496
-0.947,2.016
-1.125,3.841
-1.108,2.439
-1.123,4.058
-1.195,2.672
-1.34,2.501
-1.516,3.677
-1.547,2.927
-1.555,0.283
-1.585,4.19
-1.516,1.418
-1.694,2.352
-1.709,2.208
-1.773,2.615
-1.765,0.235
-1.901,1.516
-2.067,0.513
-2.284,1.989
-2.317,1.739
-2.442,2.673
-2.344,2.326
-2.49,3.054
-2.382,3.088
-2.471,1.544
-2.538,2.485
2.607,0.021
2.424,-0.163
1.731,0.048
1.221,-0.134
0.885,-0.161
0.536,-0.037
-0.474,-0.113
-0.879,-0.074
-1.1,-0.064
-1.212,-0.237
-2.052,-0.219
-1.909,0.133
3.011,4.483
2.677,4.269
2.372,4.442
2.333,4.197
1.947,4.326
1.793,4.358
1.767,4.523
1.852,4.51
1.629,4.488
1.459,4.411
1.416,4.517
1.064,4.507
0.609,4.39
-0.353,4.401
-0.257,4.243
-0.605,4.293
-2.164,4.378
2.331,2.834
2.181,2.028
2.171,3.69
-0.654,0.645
-0.756,1.997
-0.754,1.901
-1.122,3.23
-1.665,2.239
2.995,1.457
1.835,2.118
0.383,3.604
-0.472,3.617
-1.091,3.097
-1.893,2.087
-1.888,2.324
-1.853,2.443
-2.083,3.573
2.112,1.222
0.395,2.386
-1.083,2.399
-1.885,0.494
2.771,0.447
1.99,0.499
2.06,0.361
-3.1,4.506
-0.889,0.167
-2.77,4.7
3.02,4.73
2.685,4.478
2.173,4.681
2.092,4.519
1.597,4.5
0.339,4.74
-0.091,4.373
-1.647,4.54
-1.882,4.559
-1.901,4.698
2.841,1.286
1.862,4.354
-0.719,3.455
-2.219,4.36
0.707,4.668
-0.637,4.548
-2.458,3.186
-2.622,1.138
-2.671,0.728
-2.754,4.182
-2.948,4.158
-3.034,3.85
-3.007,1.891
-2.907,4.023
-3.024,0.617
-2.944,1.749
3.045,3.273
2.949,1.549
2.807,2.734
2.914,1.235
2.839,1.9
2.721,1.47
2.759,2.8
2.595,1.582
2.443,2.134
2.438,1.439
2.226,2.997
2.12,1.026
2.12,3.116
2.208,2.856
2.083,1.384
2.07,3.008
2.03,0.462
2.164,1.268
1.978,3.692
2.121,0.62
1.96,3.142
2.034,1.51
1.933,0.789
1.762,3.38
1.84,3.791
1.821,2.742
1.696,4.187
1.572,1.613
1.679,3.155
1.65,3.547
1.436,3.579
1.445,4.102
1.434,2.653
1.488,3.811
1.485,1.554
1.448,1.609
1.289,3.813
1.399,2.128
1.181,3.541
1.138,1.459
1.098,2.147
0.89,0.443
0.839,1.985
0.856,1.886
0.74,3.159
0.612,0.818
0.576,3.27
0.47,1.456
0.34,3.134
0.313,1.491
0.137,3.08
0.049,3.147
0.07,2.748
-0.05,4.296
-0.058,3.954
0.022,1.259
-0.092,0.427
-0.245,4.307
-0.256,1.792
-0.336,4.245
-0.313,1.688
-0.319,3.306
-0.479,0.751
-0.355,3.494
-0.419,3.93
-0.625,3.697
-0.715,2.217
-0.893,4.042
-0.876,2.64
-0.891,4.259
-0.963,2.873
-1.108,2.702
-1.284,3.878
-1.315,3.128
-1.323,0.484
-1.353,4.391
-1.284,1.619
-1.462,2.553
-1.477,2.409
-1.541,2.816
-1.533,0.436
-1.669,1.717
-1.835,0.714
-2.052,2.19
-2.085,1.94
-2.21,2.874
-2.112,2.527
-2.258,3.255
-2.15,3.289
-2.239,1.745
-2.306,2.686
2.839,0.222
2.656,0.038
1.963,0.249
1.453,0.067
1.117,0.04
0.768,0.164
-0.242,0.088
-0.647,0.127
-0.868,0.137
-0.98,-0.036
-1.82,-0.018
-1.677,0.334
-3.04,4.684
2.909,4.47
2.604,4.643
2.565,4.398
2.179,4.527
2.025,4.559
1.999,4.724
2.084,4.711
1.861,4.689
1.691,4.612
1.648,4.718
1.296,4.708
0.841,4.591
-0.121,4.602
-0.025,4.444
-0.373,4.494
-1.932,4.579
2.563,3.035
2.413,2.229
2.403,3.891
-0.422,0.846
-0.524,2.198
-0.522,2.102
-0.89,3.431
-1.433,2.44
-3.056,1.658
2.067,2.319
0.615,3.805
-0.24,3.818
-0.859,3.298
-1.661,2.288
-1.656,2.525
-1.621,2.644
-1.851,3.774
2.344,1.423
0.627,2.587
-0.851,2.6
-1.653,0.695
3.003,0.648
2.222,0.7
2.292,0.562
-2.868,4.707
-1.881,4.533
-2.374,4.563
-2.709,4.311
3.062,4.514
2.981,4.352
2.486,4.333
1.228,4.573
0.798,4.206
-0.758,4.373
-0.993,4.392
-1.012,4.531
-2.553,1.119
2.751,4.187
0.17,3.288
-1.33,4.193
1.596,4.501
0.252,4.381
-1.569,3.019
-1.733,0.971
-1.782,0.561
-1.865,4.015
-2.059,3.991
-2.145,3.683
-2.118,1.724
-2.018,3.856
-2.135,0.45
-2.055,1.582
-2.349,3.106
-2.445,1.382
-2.587,2.567
-2.48,1.068
-2.555,1.733
-2.673,1.303
-2.635,2.633
-2.799,1.415
-2.951,1.967
-2.956,1.272
3.115,2.83
3.009,0.859
3.009,2.949
3.097,2.689
2.972,1.217
2.959,2.841
2.919,0.295
3.053,1.101
2.867,3.525
3.01,0.453
2.849,2.975
2.923,1.343
2.822,0.622
2.651,3.213
2.729,3.624
2.71,2.575
2.585,4.02
2.461,1.446
2.568,2.988
2.539,3.38
2.325,3.412
2.334,3.935
2.323,2.486
2.377,3.644
2.374,1.387
2.337,1.442
2.178,3.646
2.288,1.961
2.07,3.374
2.027,1.292
1.987,1.98
1.779,0.276
1.728,1.818
1.745,1.719
1.629,2.992
1.501,0.651
1.465,3.103
1.359,1.289
1.229,2.967
1.202,1.324
1.026,2.913
0.938,2.98
0.959,2.581
0.839,4.129
0.831,3.787
0.911,1.092
0.797,0.26
0.644,4.14
0.633,1.625
0.553,4.078
0.576,1.521
0.57,3.139
0.41,0.584
0.534,3.327
0.47,3.763
0.264,3.53
0.174,2.05
-0.004,3.875
0.013,2.473
-0.002,4.092
-0.074,2.706
-0.219,2.535
-0.395,3.711
-0.426,2.961
-0.434,0.317
-0.464,4.224
-0.395,1.452
-0.573,2.386
-0.588,2.242
-0.652,2.649
-0.644,0.269
-0.78,1.55
-0.946,0.547
-1.163,2.023
-1.196,1.773
-1.321,2.707
-1.223,2.36
-1.369,3.088
-1.261,3.122
-1.35,1.578
-1.417,2.519
-2.555,0.055
-2.738,-0.129
2.852,0.082
2.342,-0.1
2.006,-0.127
1.657,-0.003
0.647,-0.079
0.242,-0.04
0.021,-0.03
-0.091,-0.203
-0.931,-0.185
-0.788,0.167
-2.151,4.517
-2.485,4.303
-2.79,4.476
-2.829,4.231
3.068,4.36
2.914,4.392
2.888,4.557
2.973,4.544
2.75,4.522
2.58,4.445
2.537,4.551
2.185,4.541
1.73,4.424
0.768,4.435
0.864,4.277
0.516,4.327
-1.043,4.412
-2.831,2.868
-2.981,2.062
-2.991,3.724
0.467,0.679
0.365,2.031
0.367,1.935
-0.001,3.264
-0.544,2.273
-2.167,1.491
2.956,2.152
1.504,3.638
0.649,3.651
0.03,3.131
-0.772,2.121
-0.767,2.358
-0.732,2.477
-0.962,3.607
-3.05,1.256
1.516,2.42
0.038,2.433
-0.764,0.528
-2.391,0.481
3.111,0.533
-3.102,0.395
-1.979,4.54
-0.493,0.03
-0.828,-0.222
-1.34,-0.019
-1.421,-0.181
-1.916,-0.2
3.109,0.04
2.679,-0.327
1.123,-0.16
0.888,-0.141
0.869,-0.002
-0.672,-3.414
-1.651,-0.346
2.051,-1.245
0.551,-0.34
-2.806,-0.032
2.133,-0.152
0.312,-1.514
0.148,-3.562
0.099,-3.972
0.016,-0.518
-0.178,-0.542
-0.264,-0.85
-0.237,-2.809
-0.137,-0.677
-0.254,-4.083
-0.174,-2.951
-0.468,-1.427
-0.564,-3.151
-0.706,-1.966
-0.599,-3.465
-0.674,-2.8
-0.792,-3.23
-0.754,-1.9
-0.918,-3.118
-1.07,-2.566
-1.075,-3.261
-1.287,-1.703
-1.393,-3.674
-1.393,-1.584
-1.305,-1.844
-1.43,-3.316
-1.443,-1.692
-1.483,-4.238
-1.349,-3.432
-1.535,-1.008
-1.392,-4.08
-1.553,-1.558
-1.479,-3.19
-1.58,-3.911
-1.751,-1.32
-1.673,-0.909
-1.692,-1.958
-1.817,-0.513
-1.941,-3.087
-1.834,-1.545
-1.863,-1.153
-2.077,-1.121
-2.068,-0.598
-2.079,-2.047
-2.025,-0.889
-2.028,-3.146
-2.065,-3.091
-2.224,-0.887
-2.114,-2.572
-2.332,-1.159
-2.375,-3.241
-2.415,-2.553
-2.623,-4.257
-2.674,-2.715
-2.657,-2.814
-2.773,-1.541
-2.901,-3.882
-2.937,-1.43
-3.043,-3.244
3.11,-1.566
3.083,-3.209
2.907,-1.62
2.819,-1.553
2.84,-1.952
2.72,-0.404
2.712,-0.746
2.792,-3.441
2.678,-4.273
2.525,-0.393
2.514,-2.908
2.434,-0.455
2.457,-3.012
2.451,-1.394
2.291,-3.949
2.415,-1.206
2.351,-0.77
2.145,-1.003
2.055,-2.483
1.877,-0.658
1.894,-2.06
1.879,-0.441
1.807,-1.827
1.662,-1.998
1.486,-0.822
1.455,-1.572
1.447,-4.216
1.417,-0.309
1.486,-3.081
1.308,-2.147
1.293,-2.291
1.229,-1.884
1.237,-4.264
1.101,-2.983
0.935,-3.986
0.718,-2.51
0.685,-2.76
0.56,-1.826
0.658,-2.173
0.512,-1.445
0.62,-1.411
0.531,-2.955
0.464,-2.014
-0.674,-4.478
-0.857,-4.662
-1.55,-4.451
-2.06,-4.633
-2.396,-4.66
-2.745,-4.536
2.528,-4.612
2.123,-4.573
1.902,-4.563
1.79,-4.736
0.95,-4.718
1.093,-4.366
-0.27,-0.016
-0.604,-0.23
-0.909,-0.057
-0.948,-0.302
-1.334,-0.173
-1.488,-0.141
-1.514,0.024
-1.429,0.011
-1.652,-0.011
-1.822,-0.088
-1.865,0.018
-2.217,0.008
-2.672,-0.109
2.649,-0.098
2.745,-0.256
2.397,-0.206
0.838,-0.121
-0.95,-1.665
-1.1,-2.471
-1.11,-0.809
2.348,-3.854
2.246,-2.502
2.248,-2.598
1.88,-1.269
1.337,-2.26
-0.286,-3.042
-1.446,-2.381
-2.898,-0.895
2.53,-0.882
1.911,-1.402
1.109,-2.412
1.114,-2.175
1.149,-2.056
0.919,-0.926
-1.169,-3.277
-2.886,-2.113
1.919,-2.1
1.117,-4.005
-0.51,-4.052
-1.291,-4.0
-1.221,-4.138
-0.098,0.007
-0.335,-0.252
-0.847,-0.049
-0.928,-0.211
-1.423,-0.23
-2.681,0.01
-3.111,-0.357
1.616,-0.19
1.381,-0.171
1.362,-0.032
-0.179,-3.444
-1.158,-0.376
2.544,-1.275
1.044,-0.37
-2.313,-0.062
2.626,-0.182
0.805,-1.544
0.641,-3.592
0.592,-4.002
0.509,-0.548
0.315,-0.572
0.229,-0.88
0.256,-2.839
0.356,-0.707
0.239,-4.113
0.319,-2.981
0.025,-1.457
-0.071,-3.181
-0.213,-1.996
-0.106,-3.495
-0.181,-2.83
-0.299,-3.26
-0.261,-1.93
-0.425,-3.148
-0.577,-2.596
-0.582,-3.291
-0.794,-1.733
-0.9,-3.704
-0.9,-1.614
-0.812,-1.874
-0.937,-3.346
-0.95,-1.722
-0.99,-4.268
-0.856,-3.462
-1.042,-1.038
-0.899,-4.11
-1.06,-1.588
-0.986,-3.22
-1.087,-3.941
-1.258,-1.35
-1.18,-0.939
-1.199,-1.988
-1.324,-0.543
-1.448,-3.117
-1.341,-1.575
-1.37,-1.183
-1.584,-1.151
-1.575,-0.628
-1.586,-2.077
-1.532,-0.919
-1.535,-3.176
-1.572,-3.121
-1.731,-0.917
-1.621,-2.602
-1.839,-1.189
-1.882,-3.271
-1.922,-2.583
-2.13,-4.287
-2.181,-2.745
-2.164,-2.844
-2.28,-1.571
-2.408,-3.912
-2.444,-1.46
-2.55,-3.274
-2.68,-1.596
-2.707,-3.239
-2.883,-1.65
-2.971,-1.583
-2.95,-1.982
-3.07,-0.434
-3.078,-0.776
-2.998,-3.471
-3.112,-4.303
3.018,-0.423
3.007,-2.938
2.927,-0.485
2.95,-3.042
2.944,-1.424
2.784,-3.979
2.908,-1.236
2.844,-0.8
2.638,-1.033
2.548,-2.513
2.37,-0.688
2.387,-2.09
2.372,-0.471
2.3,-1.857
2.155,-2.028
1.979,-0.852
1.948,-1.602
1.94,-4.246
1.91,-0.339
1.979,-3.111
1.801,-2.177
1.786,-2.321
1.722,-1.914
1.73,-4.294
1.594,-3.013
1.428,-4.016
1.211,-2.54
1.178,-2.79
1.053,-1.856
1.151,-2.203
1.005,-1.475
1.113,-1.441
1.024,-2.985
0.957,-2.044
-0.181,-4.508
-0.364,-4.692
-1.057,-4.481
-1.567,-4.663
-1.903,-4.69
-2.252,-4.566
3.021,-4.642
2.616,-4.603
2.395,-4.593
2.283,-4.766
1.443,-4.748
1.586,-4.396
0.223,-0.046
-0.111,-0.26
-0.416,-0.087
-0.455,-0.332
-0.841,-0.203
-0.995,-0.171
-1.021,-0.006
-0.936,-0.019
-1.159,-0.041
-1.329,-0.118
-1.372,-0.012
-1.724,-0.022
-2.179,-0.139
-3.141,-0.128
-3.045,-0.286
2.89,-0.236
1.331,-0.151
-0.457,-1.695
-0.607,-2.501
-0.617,-0.839
2.841,-3.884
2.739,-2.532
2.741,-2.628
2.373,-1.299
1.83,-2.29
0.207,-3.072
-0.953,-2.411
-2.405,-0.925
3.023,-0.912
2.404,-1.432
1.602,-2.442
1.607,-2.205
1.642,-2.086
1.412,-0.956
-0.676,-3.307
-2.393,-2.143
2.412,-2.13
1.61,-4.035
-0.017,-4.082
-0.798,-4.03
-0.728,-4.168
0.395,-0.023
-0.512,0.203
-0.593,0.041
-1.088,0.022
-2.346,0.262
-2.776,-0.105
1.951,0.062
1.716,0.081
1.697,0.22
0.156,-3.192
-0.823,-0.124
2.879,-1.023
1.379,-0.118
-1.978,0.19
2.961,0.07
1.14,-1.292
0.976,-3.34
0.927,-3.75
0.844,-0.296
0.65,-0.32
0.564,-0.628
0.591,-2.587
0.691,-0.455
0.574,-3.861
0.654,-2.729
0.36,-1.205
0.264,-2.929
0.122,-1.744
0.229,-3.243
0.154,-2.578
0.036,-3.008
0.074,-1.678
-0.09,-2.896
-0.242,-2.344
-0.247,-3.039
-0.459,-1.481
-0.565,-3.452
-0.565,-1.362
-0.477,-1.622
-0.602,-3.094
-0.615,-1.47
-0.655,-4.016
-0.521,-3.21
-0.707,-0.786
-0.564,-3.858
-0.725,-1.336
-0.651,-2.968
-0.752,-3.689
-0.923,-1.098
-0.845,-0.687
-0.864,-1.736
-0.989,-0.291
-1.113,-2.865
-1.006,-1.323
-1.035,-0.931
-1.249,-0.899
-1.24,-0.376
-1.251,-1.825
-1.197,-0.667
-1.2,-2.924
-1.237,-2.869
-1.396,-0.665
-1.286,-2.35
-1.504,-0.937
-1.547,-3.019
-1.587,-2.331
-1.795,-4.035
-1.846,-2.493
-1.829,-2.592
-1.945,-1.319
-2.073,-3.66
-2.109,-1.208
-2.215,-3.022
-2.345,-1.344
-2.372,-2.987
-2.548,-1.398
-2.636,-1.331
-2.615,-1.73
-2.735,-0.182
-2.743,-0.524
-2.663,-3.219
-2.777,-4.051
-2.93,-0.171
-2.941,-2.686
-3.021,-0.233
-2.998,-2.79
-3.004,-1.172
3.119,-3.727
-3.04,-0.984
-3.104,-0.548
2.973,-0.781
2.883,-2.261
2.705,-0.436
2.722,-1.838
2.707,-0.219
2.635,-1.605
2.49,-1.776
2.314,-0.6
2.283,-1.35
2.275,-3.994
2.245,-0.087
2.314,-2.859
2.136,-1.925
2.121,-2.069
2.057,-1.662
2.065,-4.042
1.929,-2.761
1.763,-3.764
1.546,-2.288
1.513,-2.538
1.388,-1.604
1.486,-1.951
1.34,-1.223
1.448,-1.189
1.359,-2.733
1.292,-1.792
0.154,-4.256
-0.029,-4.44
-0.722,-4.229
-1.232,-4.411
-1.568,-4.438
-1.917,-4.314
-2.927,-4.39
2.951,-4.351
2.73,-4.341
2.618,-4.514
1.778,-4.496
1.921,-4.144
0.558,0.206
0.224,-0.008
-0.081,0.165
-0.12,-0.08
-0.506,0.049
-0.66,0.081
-0.686,0.246
-0.601,0.233
-0.824,0.211
-0.994,0.134
-1.037,0.24
-1.389,0.23
-1.844,0.113
-2.806,0.124
-2.71,-0.034
-3.058,0.016
1.666,0.101
-0.122,-1.443
-0.272,-2.249
-0.282,-0.587
-3.107,-3.632
3.074,-2.28
3.076,-2.376
2.708,-1.047
2.165,-2.038
0.542,-2.82
-0.618,-2.159
-2.07,-0.673
-2.925,-0.66
2.739,-1.18
1.937,-2.19
1.942,-1.953
1.977,-1.834
1.747,-0.704
-0.341,-3.055
-2.058,-1.891
2.747,-1.878
1.945,-3.783
0.318,-3.83
-0.463,-3.778
-0.393,-3.916
0.73,0.229
-0.081,-0.162
-0.576,-0.181
-1.834,0.059
-2.264,-0.308
2.463,-0.141
2.228,-0.122
2.209,0.017
0.668,-3.395
-0.311,-0.327
-2.892,-1.226
1.891,-0.321
-1.466,-0.013
-2.81,-0.133
1.652,-1.495
1.488,-3.543
1.439,-3.953
1.356,-0.499
1.162,-0.523
1.076,-0.831
1.103,-2.79
1.203,-0.658
1.086,-4.064
1.166,-2.932
0.872,-1.408
0.776,-3.132
0.634,-1.947
0.741,-3.446
0.666,-2.781
0.548,-3.211
0.586,-1.881
0.422,-3.099
0.27,-2.547
0.265,-3.242
0.053,-1.684
-0.053,-3.655
-0.053,-1.565
0.035,-1.825
-0.09,-3.297
-0.103,-1.673
-0.143,-4.219
-0.009,-3.413
-0.195,-0.989
-0.052,-4.061
-0.213,-1.539
-0.139,-3.171
-0.24,-3.892
-0.411,-1.301
-0.333,-0.89
-0.352,-1.939
-0.477,-0.494
-0.601,-3.068
-0.494,-1.526
-0.523,-1.134
-0.737,-1.102
-0.728,-0.579
-0.739,-2.028
-0.685,-0.87
-0.688,-3.127
-0.725,-3.072
-0.884,-0.868
-0.774,-2.553
-0.992,-1.14
-1.035,-3.222
-1.075,-2.534
-1.283,-4.238
-1.334,-2.696
-1.317,-2.795
-1.433,-1.522
-1.561,-3.863
-1.597,-1.411
-1.703,-3.225
-1.833,-1.547
-1.86,-3.19
-2.036,-1.601
-2.124,-1.534
-2.103,-1.933
-2.223,-0.385
-2.231,-0.727
-2.151,-3.422
-2.265,-4.254
-2.418,-0.374
-2.429,-2.889
-2.509,-0.436
-2.486,-2.993
-2.492,-1.375
-2.652,-3.93
-2.528,-1.187
-2.592,-0.751
-2.798,-0.984
-2.888,-2.464
-3.066,-0.639
-3.049,-2.041
-3.064,-0.422
-3.136,-1.808
3.002,-1.979
2.826,-0.803
2.795,-1.553
2.787,-4.197
2.757,-0.29
2.826,-3.062
2.648,-2.128
2.633,-2.272
2.569,-1.865
2.577,-4.245
2.441,-2.964
2.275,-3.967
2.058,-2.491
2.025,-2.741
1.9,-1.807
1.998,-2.154
1.852,-1.426
1.96,-1.392
1.871,-2.936
1.804,-1.995
0.666,-4.459
0.483,-4.643
-0.21,-4.432
-0.72,-4.614
-1.056,-4.641
-1.405,-4.517
-2.415,-4.593
-2.82,-4.554
-3.041,-4.544
3.13,-4.717
2.29,-4.699
2.433,-4.347
1.07,0.003
0.736,-0.211
0.431,-0.038
0.392,-0.283
0.006,-0.154
-0.148,-0.122
-0.174,0.043
-0.089,0.03
-0.312,0.008
-0.482,-0.069
-0.525,0.037
-0.877,0.027
-1.332,-0.09
-2.294,-0.079
-2.198,-0.237
-2.546,-0.187
2.178,-0.102
0.39,-1.646
0.24,-2.452
0.23,-0.79
-2.595,-3.835
-2.697,-2.483
-2.695,-2.579
-3.063,-1.25
2.677,-2.241
1.054,-3.023
-0.106,-2.362
-1.558,-0.876
-2.413,-0.863
-3.032,-1.383
2.449,-2.393
2.454,-2.156
2.489,-2.037
2.259,-0.907
0.171,-3.258
-1.546,-2.094
-3.024,-2.081
2.457,-3.986
0.83,-4.033
0.049,-3.981
0.119,-4.119
1.242,0.026
-0.495,-0.019
-1.753,0.221
-2.183,-0.146
2.544,0.021
2.309,0.04
2.29,0.179
0.749,-3.233
-0.23,-0.165
-2.811,-1.064
1.972,-0.159
-1.385,0.149
-2.729,0.029
1.733,-1.333
1.569,-3.381
1.52,-3.791
1.437,-0.337
1.243,-0.361
1.157,-0.669
1.184,-2.628
1.284,-0.496
1.167,-3.902
1.247,-2.77
0.953,-1.246
0.857,-2.97
0.715,-1.785
0.822,-3.284
0.747,-2.619
0.629,-3.049
0.667,-1.719
0.503,-2.937
0.351,-2.385
0.346,-3.08
0.134,-1.522
0.028,-3.493
0.028,-1.403
0.116,-1.663
-0.009,-3.135
-0.022,-1.511
-0.062,-4.057
0.072,-3.251
-0.114,-0.827
0.029,-3.899
-0.132,-1.377
-0.058,-3.009
-0.159,-3.73
-0.33,-1.139
-0.252,-0.728
-0.271,-1.777
-0.396,-0.332
-0.52,-2.906
-0.413,-1.364
-0.442,-0.972
-0.656,-0.94
-0.647,-0.417
-0.658,-1.866
-0.604,-0.708
-0.607,-2.965
-0.644,-2.91
-0.803,-0.706
-0.693,-2.391
-0.911,-0.978
-0.954,-3.06
-0.994,-2.372
-1.202,-4.076
-1.253,-2.534
-1.236,-2.633
-1.352,-1.36
-1.48,-3.701
-1.516,-1.249
-1.622,-3.063
-1.752,-1.385
-1.779,-3.028
-1.955,-1.439
-2.043,-1.372
-2.022,-1.771
-2.142,-0.223
-2.15,-0.565
-2.07,-3.26
-2.184,-4.092
-2.337,-0.212
-2.348,-2.727
-2.428,-0.274
-2.405,-2.831
-2.411,-1.213
-2.571,-3.768
-2.447,-1.025
-2.511,-0.589
-2.717,-0.822
-2.807,-2.302
-2.985,-0.477
-2.968,-1.879
-2.983,-0.26
-3.055,-1.646
3.083,-1.817
2.907,-0.641
2.876,-1.391
2.868,-4.035
2.838,-0.128
2.907,-2.9
2.729,-1.966
2.714,-2.11
2.65,-1.703
2.658,-4.083
2.522,-2.802
2.356,-3.805
2.139,-2.329
2.106,-2.579
1.981,-1.645
2.079,-1.992
1.933,-1.264
2.041,-1.23
1.952,-2.774
1.885,-1.833
0.747,-4.297
0.564,-4.481
-0.129,-4.27
-0.639,-4.452
-0.975,-4.479
-1.324,-4.355
-2.334,-4.431
-2.739,-4.392
-2.96,-4.382
-3.072,-4.555
2.371,-4.537
2.514,-4.185
1.151,0.165
0.817,-0.049
0.512,0.124
0.473,-0.121
0.087,0.008
-0.067,0.04
-0.093,0.205
-0.008,0.192
-0.231,0.17
-0.401,0.093
-0.444,0.199
-0.796,0.189
-1.251,0.072
-2.213,0.083
-2.117,-0.075
-2.465,-0.025
2.259,0.06
0.471,-1.484
0.321,-2.29
0.311,-0.628
-2.514,-3.673
-2.616,-2.321
-2.614,-2.417
-2.982,-1.088
2.758,-2.079
1.135,-2.861
-0.025,-2.2
-1.477,-0.714
-2.332,-0.701
-2.951,-1.221
2.53,-2.231
2.535,-1.994
2.57,-1.875
2.34,-0.745
0.252,-3.096
-1.465,-1.932
-2.943,-1.919
2.538,-3.824
0.911,-3.871
0.13,-3.819
0.2,-3.957
1.323,0.188
-1.258,0.24
-1.688,-0.127
3.039,0.04
2.804,0.059
2.785,0.198
1.244,-3.214
0.265,-0.146
-2.316,-1.045
2.467,-0.14
-0.89,0.168
-2.234,0.048
2.228,-1.314
2.064,-3.362
2.015,-3.772
1.932,-0.318
1.738,-0.342
1.652,-0.65
1.679,-2.609
1.779,-0.477
1.662,-3.883
1.742,-2.751
1.448,-1.227
1.352,-2.951
1.21,-1.766
1.317,-3.265
1.242,-2.6
1.124,-3.03
1.162,-1.7
0.998,-2.918
0.846,-2.366
0.841,-3.061
0.629,-1.503
0.523,-3.474
0.523,-1.384
0.611,-1.644
0.486,-3.116
0.473,-1.492
0.433,-4.038
0.567,-3.232
0.381,-0.808
0.524,-3.88
0.363,-1.358
0.437,-2.99
0.336,-3.711
0.165,-1.12
0.243,-0.709
0.224,-1.758
0.099,-0.313
-0.025,-2.887
0.082,-1.345
0.053,-0.953
-0.161,-0.921
-0.152,-0.398
-0.163,-1.847
-0.109,-0.689
-0.112,-2.946
-0.149,-2.891
-0.308,-0.687
-0.198,-2.372
-0.416,-0.959
-0.459,-3.041
-0.499,-2.353
-0.707,-4.057
-0.758,-2.515
-0.741,-2.614
-0.857,-1.341
-0.985,-3.682
-1.021,-1.23
-1.127,-3.044
-1.257,-1.366
-1.284,-3.009
-1.46,-1.42
-1.548,-1.353
-1.527,-1.752
-1.647,-0.204
-1.655,-0.546
-1.575,-3.241
-1.689,-4.073
-1.842,-0.193
-1.853,-2.708
-1.933,-0.255
-1.91,-2.812
-1.916,-1.194
-2.076,-3.749
-1.952,-1.006
-2.016,-0.57
-2.222,-0.803
-2.312,-2.283
-2.49,-0.458
-2.473,-1.86
-2.488,-0.241
-2.56,-1.627
-2.705,-1.798
-2.881,-0.622
-2.912,-1.372
-2.92,-4.016
-2.95,-0.109
-2.881,-2.881
-3.059,-1.947
-3.074,-2.091
-3.138,-1.684
-3.13,-4.064
3.017,-2.783
2.851,-3.786
2.634,-2.31
2.601,-2.56
2.476,-1.626
2.574,-1.973
2.428,-1.245
2.536,-1.211
2.447,-2.755
2.38,-1.814
1.242,-4.278
1.059,-4.462
0.366,-4.251
-0.144,-4.433
-0.48,-4.46
-0.829,-4.336
-1.839,-4.412
-2.244,-4.373
-2.465,-4.363
-2.577,-4.536
2.866,-4.518
3.009,-4.166
1.646,0.184
1.312,-0.03
1.007,0.143
0.968,-0.102
0.582,0.027
0.428,0.059
0.402,0.224
0.487,0.211
0.264,0.189
0.094,0.112
0.051,0.218
-0.301,0.208
-0.756,0.091
-1.718,0.102
-1.622,-0.056
-1.97,-0.006
2.754,0.079
0.966,-1.465
0.816,-2.271
0.806,-0.609
-2.019,-3.654
-2.121,-2.302
-2.119,-2.398
-2.487,-1.069
-3.03,-2.06
1.63,-2.842
0.47,-2.181
-0.982,-0.695
-1.837,-0.682
-2.456,-1.202
3.025,-2.212
3.03,-1.975
3.065,-1.856
2.835,-0.726
0.747,-3.077
-0.97,-1.913
-2.448,-1.9
3.033,-3.805
1.406,-3.852
0.625,-3.8
0.695,-3.938
1.818,0.207
-0.43,-0.367
-1.986,-0.2
-2.221,-0.181
-2.24,-0.042
2.502,-3.454
1.523,-0.386
-1.058,-1.285
-2.558,-0.38
0.368,-0.072
-0.976,-0.192
-2.797,-1.554
-2.961,-3.602
-3.01,-4.012
-3.093,-0.558
2.996,-0.582
2.91,-0.89
2.937,-2.849
3.037,-0.717
2.92,-4.123
3.0,-2.991
2.706,-1.467
2.61,-3.191
2.468,-2.006
2.575,-3.505
2.5,-2.84
2.382,-3.27
2.42,-1.94
2.256,-3.158
2.104,-2.606
2.099,-3.301
1.887,-1.743
1.781,-3.714
1.781,-1.624
1.869,-1.884
1.744,-3.356
1.731,-1.732
1.691,-4.278
1.825,-3.472
1.639,-1.048
1.782,-4.12
1.621,-1.598
1.695,-3.23
1.594,-3.951
1.423,-1.36
1.501,-0.949
1.482,-1.998
1.357,-0.553
1.233,-3.127
1.34,-1.585
1.311,-1.193
1.097,-1.161
1.106,-0.638
1.095,-2.087
1.149,-0.929
1.146,-3.186
1.109,-3.131
0.95,-0.927
1.06,-2.612
0.842,-1.199
0.799,-3.281
0.759,-2.593
0.551,-4.297
0.5,-2.755
0.517,-2.854
0.401,-1.581
0.273,-3.922
0.237,-1.47
0.131,-3.284
0.001,-1.606
-0.026,-3.249
-0.202,-1.66
-0.29,-1.593
-0.269,-1.992
-0.389,-0.444
-0.397,-0.786
-0.317,-3.481
-0.431,-4.313
-0.584,-0.433
-0.595,-2.948
-0.675,-0.495
-0.652,-3.052
-0.658,-1.434
-0.818,-3.989
-0.694,-1.246
-0.758,-0.81
-0.964,-1.043
-1.054,-2.523
-1.232,-0.698
-1.215,-2.1
-1.23,-0.481
-1.302,-1.867
-1.447,-2.038
-1.623,-0.862
-1.654,-1.612
-1.662,-4.256
-1.692,-0.349
-1.623,-3.121
-1.801,-2.187
-1.816,-2.331
-1.88,-1.924
-1.872,-4.304
-2.008,-3.023
-2.174,-4.026
-2.391,-2.55
-2.424,-2.8
-2.549,-1.866
-2.451,-2.213
-2.597,-1.485
-2.489,-1.451
-2.578,-2.995
-2.645,-2.054
2.5,-4.518
2.317,-4.702
1.624,-4.491
1.114,-4.673
0.778,-4.7
0.429,-4.576
-0.581,-4.652
-0.986,-4.613
-1.207,-4.603
-1.319,-4.776
-2.159,-4.758
-2.016,-4.406
2.904,-0.056
2.57,-0.27
2.265,-0.097
2.226,-0.342
1.84,-0.213
1.686,-0.181
1.66,-0.016
1.745,-0.029
1.522,-0.051
1.352,-0.128
1.309,-0.022
0.957,-0.032
0.502,-0.149
-0.46,-0.138
-0.364,-0.296
-0.712,-0.246
-2.271,-0.161
2.224,-1.705
2.074,-2.511
2.064,-0.849
-0.761,-3.894
-0.863,-2.542
-0.861,-2.638
-1.229,-1.309
-1.772,-2.3
2.888,-3.082
1.728,-2.421
0.276,-0.935
-0.579,-0.922
-1.198,-1.442
-2.0,-2.452
-1.995,-2.215
-1.96,-2.096
-2.19,-0.966
2.005,-3.317
0.288,-2.153
-1.19,-2.14
-1.992,-4.045
2.664,-4.092
1.883,-4.04
1.953,-4.178
3.076,-0.033
-1.556,0.167
-1.791,0.186
-1.81,0.325
2.932,-3.087
1.953,-0.019
-0.628,-0.918
-2.128,-0.013
0.798,0.295
-0.546,0.175
-2.367,-1.187
-2.531,-3.235
-2.58,-3.645
-2.663,-0.191
-2.857,-0.215
-2.943,-0.523
-2.916,-2.482
-2.816,-0.35
-2.933,-3.756
-2.853,-2.624
3.136,-1.1
3.04,-2.824
2.898,-1.639
3.005,-3.138
2.93,-2.473
2.812,-2.903
2.85,-1.573
2.686,-2.791
2.534,-2.239
2.529,-2.934
2.317,-1.376
2.211,-3.347
2.211,-1.257
2.299,-1.517
2.174,-2.989
2.161,-1.365
2.121,-3.911
2.255,-3.105
2.069,-0.681
2.212,-3.753
2.051,-1.231
2.125,-2.863
2.024,-3.584
1.853,-0.993
1.931,-0.582
1.912,-1.631
1.787,-0.186
1.663,-2.76
1.77,-1.218
1.741,-0.826
1.527,-0.794
1.536,-0.271
1.525,-1.72
1.579,-0.562
1.576,-2.819
1.539,-2.764
1.38,-0.56
1.49,-2.245
1.272,-0.832
1.229,-2.914
1.189,-2.226
0.981,-3.93
0.93,-2.388
0.947,-2.487
0.831,-1.214
0.703,-3.555
0.667,-1.103
0.561,-2.917
0.431,-1.239
0.404,-2.882
0.228,-1.293
0.14,-1.226
0.161,-1.625
0.041,-0.077
0.033,-0.419
0.113,-3.114
-0.001,-3.946
-0.154,-0.066
-0.165,-2.581
-0.245,-0.128
-0.222,-2.685
-0.228,-1.067
-0.388,-3.622
-0.264,-0.879
-0.328,-0.443
-0.534,-0.676
-0.624,-2.156
-0.802,-0.331
-0.785,-1.733
-0.8,-0.114
-0.872,-1.5
-1.017,-1.671
-1.193,-0.495
-1.224,-1.245
-1.232,-3.889
-1.262,0.018
-1.193,-2.754
-1.371,-1.82
-1.386,-1.964
-1.45,-1.557
-1.442,-3.937
-1.578,-2.656
-1.744,-3.659
-1.961,-2.183
-1.994,-2.433
-2.119,-1.499
-2.021,-1.846
-2.167,-1.118
-2.059,-1.084
-2.148,-2.628
-2.215,-1.687
2.93,-4.151
2.747,-4.335
2.054,-4.124
1.544,-4.306
1.208,-4.333
0.859,-4.209
-0.151,-4.285
-0.556,-4.246
-0.777,-4.236
-0.889,-4.409
-1.729,-4.391
-1.586,-4.039
-2.949,0.311
3.0,0.097
2.695,0.27
2.656,0.025
2.27,0.154
2.116,0.186
2.09,0.351
2.175,0.338
1.952,0.316
1.782,0.239
1.739,0.345
1.387,0.335
0.932,0.218
-0.03,0.229
0.066,0.071
-0.282,0.121
-1.841,0.206
2.654,-1.338
2.504,-2.144
2.494,-0.482
-0.331,-3.527
-0.433,-2.175
-0.431,-2.271
-0.799,-0.942
-1.342,-1.933
-2.965,-2.715
2.158,-2.054
0.706,-0.568
-0.149,-0.555
-0.768,-1.075
-1.57,-2.085
-1.565,-1.848
-1.53,-1.729
-1.76,-0.599
2.435,-2.95
0.718,-1.786
-0.76,-1.773
-1.562,-3.678
3.094,-3.725
2.313,-3.673
2.383,-3.811
-2.777,0.334
-0.235,0.019
-0.254,0.158
-1.795,-3.254
-2.774,-0.186
0.928,-1.085
-0.572,-0.18
2.354,0.128
1.01,0.008
-0.811,-1.354
-0.975,-3.402
-1.024,-3.812
-1.107,-0.358
-1.301,-0.382
-1.387,-0.69
-1.36,-2.649
-1.26,-0.517
-1.377,-3.923
-1.297,-2.791
-1.591,-1.267
-1.687,-2.991
-1.829,-1.806
-1.722,-3.305
-1.797,-2.64
-1.915,-3.07
-1.877,-1.74
-2.041,-2.958
-2.193,-2.406
-2.198,-3.101
-2.41,-1.543
-2.516,-3.514
-2.516,-1.424
-2.428,-1.684
-2.553,-3.156
-2.566,-1.532
-2.606,-4.078
-2.472,-3.272
-2.658,-0.848
-2.515,-3.92
-2.676,-1.398
-2.602,-3.03
-2.703,-3.751
-2.874,-1.16
-2.796,-0.749
-2.815,-1.798
-2.94,-0.353
-3.064,-2.927
-2.957,-1.385
-2.986,-0.993
3.083,-0.961
3.092,-0.438
3.081,-1.887
3.135,-0.729
3.132,-2.986
3.095,-2.931
2.936,-0.727
3.046,-2.412
2.828,-0.999
2.785,-3.081
2.745,-2.393
2.537,-4.097
2.486,-2.555
2.503,-2.654
2.387,-1.381
2.259,-3.722
2.223,-1.27
2.117,-3.084
1.987,-1.406
1.96,-3.049
1.784,-1.46
1.696,-1.393
1.717,-1.792
1.597,-0.244
1.589,-0.586
1.669,-3.281
1.555,-4.113
1.402,-0.233
1.391,-2.748
1.311,-0.295
1.334,-2.852
1.328,-1.234
1.168,-3.789
1.292,-1.046
1.228,-0.61
1.022,-0.843
0.932,-2.323
0.754,-0.498
0.771,-1.9
0.756,-0.281
0.684,-1.667
0.539,-1.838
0.363,-0.662
0.332,-1.412
0.324,-4.056
0.294,-0.149
0.363,-2.921
0.185,-1.987
0.17,-2.131
0.106,-1.724
0.114,-4.104
-0.022,-2.823
-0.188,-3.826
-0.405,-2.35
-0.438,-2.6
-0.563,-1.666
-0.465,-2.013
-0.611,-1.285
-0.503,-1.251
-0.592,-2.795
-0.659,-1.854
-1.797,-4.318
-1.98,-4.502
-2.673,-4.291
3.1,-4.473
2.764,-4.5
2.415,-4.376
1.405,-4.452
1.0,-4.413
0.779,-4.403
0.667,-4.576
-0.173,-4.558
-0.03,-4.206
-1.393,0.144
-1.727,-0.07
-2.032,0.103
-2.071,-0.142
-2.457,-0.013
-2.611,0.019
-2.637,0.184
-2.552,0.171
-2.775,0.149
-2.945,0.072
-2.988,0.178
2.943,0.168
2.488,0.051
1.526,0.062
1.622,-0.096
1.274,-0.046
-0.285,0.039
-2.073,-1.505
-2.223,-2.311
-2.233,-0.649
1.225,-3.694
1.123,-2.342
1.125,-2.438
0.757,-1.109
0.214,-2.1
-1.409,-2.882
-2.569,-2.221
2.262,-0.735
1.407,-0.722
0.788,-1.242
-0.014,-2.252
-0.009,-2.015
0.026,-1.896
-0.204,-0.766
-2.292,-3.117
2.274,-1.953
0.796,-1.94
-0.006,-3.845
-1.633,-3.892
-2.414,-3.84
-2.344,-3.978
-1.221,0.167
-0.019,0.139
-1.56,-3.273
-2.539,-0.205
1.163,-1.104
-0.337,-0.199
2.589,0.109
1.245,-0.011
-0.576,-1.373
-0.74,-3.421
-0.789,-3.831
-0.872,-0.377
-1.066,-0.401
-1.152,-0.709
-1.125,-2.668
-1.025,-0.536
-1.142,-3.942
-1.062,-2.81
-1.356,-1.286
-1.452,-3.01
-1.594,-1.825
-1.487,-3.324
-1.562,-2.659
-1.68,-3.089
-1.642,-1.759
-1.806,-2.977
-1.958,-2.425
-1.963,-3.12
-2.175,-1.562
-2.281,-3.533
-2.281,-1.443
-2.193,-1.703
-2.318,-3.175
-2.331,-1.551
-2.371,-4.097
-2.237,-3.291
-2.423,-0.867
-2.28,-3.939
-2.441,-1.417
-2.367,-3.049
-2.468,-3.77
-2.639,-1.179
-2.561,-0.768
-2.58,-1.817
-2.705,-0.372
-2.829,-2.946
-2.722,-1.404
-2.751,-1.012
-2.965,-0.98
-2.956,-0.457
-2.967,-1.906
-2.913,-0.748
-2.916,-3.005
-2.953,-2.95
-3.112,-0.746
-3.002,-2.431
3.063,-1.018
3.02,-3.1
2.98,-2.412
2.772,-4.116
2.721,-2.574
2.738,-2.673
2.622,-1.4
2.494,-3.741
2.458,-1.289
2.352,-3.103
2.222,-1.425
2.195,-3.068
2.019,-1.479
1.931,-1.412
1.952,-1.811
1.832,-0.263
1.824,-0.605
1.904,-3.3
1.79,-4.132
1.637,-0.252
1.626,-2.767
1.546,-0.314
1.569,-2.871
1.563,-1.253
1.403,-3.808
1.527,-1.065
1.463,-0.629
1.257,-0.862
1.167,-2.342
0.989,-0.517
1.006,-1.919
0.991,-0.3
0.919,-1.686
0.774,-1.857
0.598,-0.681
0.567,-1.431
0.559,-4.075
0.529,-0.168
0.598,-2.94
0.42,-2.006
0.405,-2.15
0.341,-1.743
0.349,-4.123
0.213,-2.842
0.047,-3.845
-0.17,-2.369
-0.203,-2.619
-0.328,-1.685
-0.23,-2.032
-0.376,-1.304
-0.268,-1.27
-0.357,-2.814
-0.424,-1.873
-1.562,-4.337
-1.745,-4.521
-2.438,-4.31
-2.948,-4.492
2.999,-4.519
2.65,-4.395
1.64,-4.471
1.235,-4.432
1.014,-4.422
0.902,-4.595
0.062,-4.577
0.205,-4.225
-1.158,0.125
-1.492,-0.089
-1.797,0.084
-1.836,-0.161
-2.222,-0.032
-2.376,0.0
-2.402,0.165
-2.317,0.152
-2.54,0.13
-2.71,0.053
-2.753,0.159
-3.105,0.149
2.723,0.032
1.761,0.043
1.857,-0.115
1.509,-0.065
-0.05,0.02
-1.838,-1.524
-1.988,-2.33
-1.998,-0.668
1.46,-3.713
1.358,-2.361
1.36,-2.457
0.992,-1.128
0.449,-2.119
-1.174,-2.901
-2.334,-2.24
2.497,-0.754
1.642,-0.741
1.023,-1.261
0.221,-2.271
0.226,-2.034
0.261,-1.915
0.031,-0.785
-2.057,-3.136
2.509,-1.972
1.031,-1.959
0.229,-3.864
-1.398,-3.911
-2.179,-3.859
-2.109,-3.997
-0.986,0.148
-1.541,-3.412
-2.52,-0.344
1.182,-1.243
-0.318,-0.338
2.608,-0.03
1.264,-0.15
-0.557,-1.512
-0.721,-3.56
-0.77,-3.97
-0.853,-0.516
-1.047,-0.54
-1.133,-0.848
-1.106,-2.807
-1.006,-0.675
-1.123,-4.081
-1.043,-2.949
-1.337,-1.425
-1.433,-3.149
-1.575,-1.964
-1.468,-3.463
-1.543,-2.798
-1.661,-3.228
-1.623,-1.898
-1.787,-3.116
-1.939,-2.564
-1.944,-3.259
-2.156,-1.701
-2.262,-3.672
-2.262,-1.582
-2.174,-1.842
-2.299,-3.314
-2.312,-1.69
-2.352,-4.236
-2.218,-3.43
-2.404,-1.006
-2.261,-4.078
-2.422,-1.556
-2.348,-3.188
-2.449,-3.909
-2.62,-1.318
-2.542,-0.907
-2.561,-1.956
-2.686,-0.511
-2.81,-3.085
-2.703,-1.543
-2.732,-1.151
-2.946,-1.119
-2.937,-0.596
-2.948,-2.045
-2.894,-0.887
-2.897,-3.144
-2.934,-3.089
-3.093,-0.885
-2.983,-2.57
3.082,-1.157
3.039,-3.239
2.999,-2.551
2.791,-4.255
2.74,-2.713
2.757,-2.812
2.641,-1.539
2.513,-3.88
2.477,-1.428
2.371,-3.242
2.241,-1.564
2.214,-3.207
2.038,-1.618
1.95,-1.551
1.971,-1.95
1.851,-0.402
1.843,-0.744
1.923,-3.439
1.809,-4.271
1.656,-0.391
1.645,-2.906
1.565,-0.453
1.588,-3.01
1.582,-1.392
1.422,-3.947
1.546,-1.204
1.482,-0.768
1.276,-1.001
1.186,-2.481
1.008,-0.656
1.025,-2.058
1.01,-0.439
0.938,-1.825
0.793,-1.996
0.617,-0.82
0.586,-1.57
0.578,-4.214
0.548,-0.307
0.617,-3.079
0.439,-2.145
0.424,-2.289
0.36,-1.882
0.368,-4.262
0.232,-2.981
0.066,-3.984
-0.151,-2.508
-0.184,-2.758
-0.309,-1.824
-0.211,-2.171
-0.357,-1.443
-0.249,-1.409
-0.338,-2.953
-0.405,-2.012
-1.543,-4.476
-1.726,-4.66
-2.419,-4.449
-2.929,-4.631
3.018,-4.658
2.669,-4.534
1.659,-4.61
1.254,-4.571
1.033,-4.561
0.921,-4.734
0.081,-4.716
0.224,-4.364
-1.139,-0.014
-1.473,-0.228
-1.778,-0.055
-1.817,-0.3
-2.203,-0.171
-2.357,-0.139
-2.383,0.026
-2.298,0.013
-2.521,-0.009
-2.691,-0.086
-2.734,0.02
-3.086,0.01
2.742,-0.107
1.78,-0.096
1.876,-0.254
1.528,-0.204
-0.031,-0.119
-1.819,-1.663
-1.969,-2.469
-1.979,-0.807
1.479,-3.852
1.377,-2.5
1.379,-2.596
1.011,-1.267
0.468,-2.258
-1.155,-3.04
-2.315,-2.379
2.516,-0.893
1.661,-0.88
1.042,-1.4
0.24,-2.41
0.245,-2.173
0.28,-2.054
0.05,-0.924
-2.038,-3.275
2.528,-2.111
1.05,-2.098
0.248,-4.003
-1.379,-4.05
-2.16,-3.998
-2.09,-4.136
-0.967,0.009
-0.979,3.068
2.723,2.169
1.223,3.074
-2.134,3.382
2.805,3.262
0.984,1.9
0.82,-0.148
0.771,-0.558
0.688,2.896
0.494,2.872
0.408,2.564
0.435,0.605
0.535,2.737
0.418,-0.669
0.498,0.463
0.204,1.987
0.108,0.263
-0.034,1.448
0.073,-0.051
-0.002,0.614
-0.12,0.184
-0.082,1.514
-0.246,0.296
-0.398,0.848
-0.403,0.153
-0.615,1.711
-0.721,-0.26
-0.721,1.83
-0.633,1.57
-0.758,0.098
-0.771,1.722
-0.811,-0.824
-0.677,-0.018
-0.863,2.406
-0.72,-0.666
-0.881,1.856
-0.807,0.224
-0.908,-0.497
-1.079,2.094
-1.001,2.505
-1.02,1.456
-1.145,2.901
-1.269,0.327
-1.162,1.869
-1.191,2.261
-1.405,2.293
-1.396,2.816
-1.407,1.367
-1.353,2.525
-1.356,0.268
-1.393,0.323
-1.552,2.527
-1.442,0.842
-1.66,2.255
-1.703,0.173
-1.743,0.861
-1.951,-0.843
-2.002,0.699
-1.985,0.6
-2.101,1.873
-2.229,-0.468
-2.265,1.984
-2.371,0.17
-2.501,1.848
-2.528,0.205
-2.704,1.794
-2.792,1.861
-2.771,1.462
-2.891,3.01
-2.899,2.668
-2.819,-0.027
-2.933,-0.859
-3.086,3.021
-3.097,0.506
3.106,2.959
3.129,0.402
3.123,2.02
2.963,-0.535
3.087,2.208
3.023,2.644
2.817,2.411
2.727,0.931
2.549,2.756
2.566,1.354
2.551,2.973
2.479,1.587
2.334,1.416
2.158,2.592
2.127,1.842
2.119,-0.802
2.089,3.105
2.158,0.333
1.98,1.267
1.965,1.123
1.901,1.53
1.909,-0.85
1.773,0.431
1.607,-0.572
1.39,0.904
1.357,0.654
1.232,1.588
1.33,1.241
1.184,1.969
1.292,2.003
1.203,0.459
1.136,1.4
-0.002,-1.064
-0.185,-1.248
-0.878,-1.037
-1.388,-1.219
-1.724,-1.246
-2.073,-1.122
-3.083,-1.198
2.795,-1.159
2.574,-1.149
2.462,-1.322
1.622,-1.304
1.765,-0.952
0.402,3.398
0.068,3.184
-0.237,3.357
-0.276,3.112
-0.662,3.241
-0.816,3.273
-0.842,3.438
-0.757,3.425
-0.98,3.403
-1.15,3.326
-1.193,3.432
-1.545,3.422
-2.0,3.305
-2.962,3.316
-2.866,3.158
3.069,3.208
1.51,3.293
-0.278,1.749
-0.428,0.943
-0.438,2.605
3.02,-0.44
2.918,0.912
2.92,0.816
2.552,2.145
2.009,1.154
0.386,0.372
-0.774,1.033
-2.226,2.519
-3.081,2.532
2.583,2.012
1.781,1.002
1.786,1.239
1.821,1.358
1.591,2.488
-0.497,0.137
-2.214,1.301
2.591,1.314
1.789,-0.591
0.162,-0.638
-0.619,-0.586
-0.549,-0.724
0.574,3.421
-2.581,-0.899
2.202,0.006
-1.155,0.314
-2.499,0.194
1.963,-1.168
1.799,-3.216
1.75,-3.626
1.667,-0.172
1.473,-0.196
1.387,-0.504
1.414,-2.463
1.514,-0.331
1.397,-3.737
1.477,-2.605
1.183,-1.081
1.087,-2.805
0.945,-1.62
1.052,-3.119
0.977,-2.454
0.859,-2.884
0.897,-1.554
0.733,-2.772
0.581,-2.22
0.576,-2.915
0.364,-1.357
0.258,-3.328
0.258,-1.238
0.346,-1.498
0.221,-2.97
0.208,-1.346
0.168,-3.892
0.302,-3.086
0.116,-0.662
0.259,-3.734
0.098,-1.212
0.172,-2.844
0.071,-3.565
-0.1,-0.974
-0.022,-0.563
-0.041,-1.612
-0.166,-0.167
-0.29,-2.741
-0.183,-1.199
-0.212,-0.807
-0.426,-0.775
-0.417,-0.252
-0.428,-1.701
-0.374,-0.543
-0.377,-2.8
-0.414,-2.745
-0.573,-0.541
-0.463,-2.226
-0.681,-0.813
-0.724,-2.895
-0.764,-2.207
-0.972,-3.911
-1.023,-2.369
-1.006,-2.468
-1.122,-1.195
-1.25,-3.536
-1.286,-1.084
-1.392,-2.898
-1.522,-1.22
-1.549,-2.863
-1.725,-1.274
-1.813,-1.207
-1.792,-1.606
-1.912,-0.058
-1.92,-0.4
-1.84,-3.095
-1.954,-3.927
-2.107,-0.047
-2.118,-2.562
-2.198,-0.109
-2.175,-2.666
-2.181,-1.048
-2.341,-3.603
-2.217,-0.86
-2.281,-0.424
-2.487,-0.657
-2.577,-2.137
-2.755,-0.312
-2.738,-1.714
-2.753,-0.095
-2.825,-1.481
-2.97,-1.652
3.137,-0.476
3.106,-1.226
3.098,-3.87
3.068,0.037
3.137,-2.735
2.959,-1.801
2.944,-1.945
2.88,-1.538
2.888,-3.918
2.752,-2.637
2.586,-3.64
2.369,-2.164
2.336,-2.414
2.211,-1.48
2.309,-1.827
2.163,-1.099
2.271,-1.065
2.182,-2.609
2.115,-1.668
0.977,-4.132
0.794,-4.316
0.101,-4.105
-0.409,-4.287
-0.745,-4.314
-1.094,-4.19
-2.104,-4.266
-2.509,-4.227
-2.73,-4.217
-2.842,-4.39
2.601,-4.372
2.744,-4.02
1.381,0.33
1.047,0.116
0.742,0.289
0.703,0.044
0.317,0.173
0.163,0.205
0.137,0.37
0.222,0.357
-0.001,0.335
-0.171,0.258
-0.214,0.364
-0.566,0.354
-1.021,0.237
-1.983,0.248
-1.887,0.09
-2.235,0.14
2.489,0.225
0.701,-1.319
0.551,-2.125
0.541,-0.463
-2.284,-3.508
-2.386,-2.156
-2.384,-2.252
-2.752,-0.923
2.988,-1.914
1.365,-2.696
0.205,-2.035
-1.247,-0.549
-2.102,-0.536
-2.721,-1.056
2.76,-2.066
2.765,-1.829
2.8,-1.71
2.57,-0.58
0.482,-2.931
-1.235,-1.767
-2.713,-1.754
2.768,-3.659
1.141,-3.706
0.36,-3.654
0.43,-3.792
1.553,0.353
-1.5,0.905
1.426,1.213
0.082,1.093
-1.739,-0.269
-1.903,-2.317
-1.952,-2.727
-2.035,0.727
-2.229,0.703
-2.315,0.395
-2.288,-1.564
-2.188,0.568
-2.305,-2.838
-2.225,-1.706
-2.519,-0.182
-2.615,-1.906
-2.757,-0.721
-2.65,-2.22
-2.725,-1.555
-2.843,-1.985
-2.805,-0.655
-2.969,-1.873
-3.121,-1.321
-3.126,-2.016
2.945,-0.458
2.839,-2.429
2.839,-0.339
2.927,-0.599
2.802,-2.071
2.789,-0.447
2.749,-2.993
2.883,-2.187
2.697,0.237
2.84,-2.835
2.679,-0.313
2.753,-1.945
2.652,-2.666
2.481,-0.075
2.559,0.336
2.54,-0.713
2.415,0.732
2.291,-1.842
2.398,-0.3
2.369,0.092
2.155,0.124
2.164,0.647
2.153,-0.802
2.207,0.356
2.204,-1.901
2.167,-1.846
2.008,0.358
2.118,-1.327
1.9,0.086
1.857,-1.996
1.817,-1.308
1.609,-3.012
1.558,-1.47
1.575,-1.569
1.459,-0.296
1.331,-2.637
1.295,-0.185
1.189,-1.999
1.059,-0.321
1.032,-1.964
0.856,-0.375
0.768,-0.308
0.789,-0.707
0.669,0.841
0.661,0.499
0.741,-2.196
0.627,-3.028
0.474,0.852
0.463,-1.663
0.383,0.79
0.406,-1.767
0.4,-0.149
0.24,-2.704
0.364,0.039
0.3,0.475
0.094,0.242
0.004,-1.238
-0.174,0.587
-0.157,-0.815
-0.172,0.804
-0.244,-0.582
-0.389,-0.753
-0.565,0.423
-0.596,-0.327
-0.604,-2.971
-0.634,0.936
-0.565,-1.836
-0.743,-0.902
-0.758,-1.046
-0.822,-0.639
-0.814,-3.019
-0.95,-1.738
-1.116,-2.741
-1.333,-1.265
-1.366,-1.515
-1.491,-0.581
-1.393,-0.928
-1.539,-0.2
-1.431,-0.166
-1.52,-1.71
-1.587,-0.769
-2.725,-3.233
-2.908,-3.417
2.682,-3.206
2.172,-3.388
1.836,-3.415
1.487,-3.291
0.477,-3.367
0.072,-3.328
-0.149,-3.318
-0.261,-3.491
-1.101,-3.473
-0.958,-3.121
-2.321,1.229
-2.655,1.015
-2.96,1.188
-2.999,0.943
2.898,1.072
2.744,1.104
2.718,1.269
2.803,1.256
2.58,1.234
2.41,1.157
2.367,1.263
2.015,1.253
1.56,1.136
0.598,1.147
0.694,0.989
0.346,1.039
-1.213,1.124
-3.001,-0.42
3.132,-1.226
3.122,0.436
0.297,-2.609
0.195,-1.257
0.197,-1.353
-0.171,-0.024
-0.714,-1.015
-2.337,-1.797
2.786,-1.136
1.334,0.35
0.479,0.363
-0.14,-0.157
-0.942,-1.167
-0.937,-0.93
-0.902,-0.811
-1.132,0.319
3.063,-2.032
1.346,-0.868
-0.132,-0.855
-0.934,-2.76
-2.561,-2.807
2.941,-2.755
3.011,-2.893
-2.149,1.252
2.926,0.308
1.582,0.188
-0.239,-1.174
-0.403,-3.222
-0.452,-3.632
-0.535,-0.178
-0.729,-0.202
-0.815,-0.51
-0.788,-2.469
-0.688,-0.337
-0.805,-3.743
-0.725,-2.611
-1.019,-1.087
-1.115,-2.811
-1.257,-1.626
-1.15,-3.125
-1.225,-2.46
-1.343,-2.89
-1.305,-1.56
-1.469,-2.778
-1.621,-2.226
-1.626,-2.921
-1.838,-1.363
-1.944,-3.334
-1.944,-1.244
-1.856,-1.504
-1.981,-2.976
-1.994,-1.352
-2.034,-3.898
-1.9,-3.092
-2.086,-0.668
-1.943,-3.74
-2.104,-1.218
-2.03,-2.85
-2.131,-3.571
-2.302,-0.98
-2.224,-0.569
-2.243,-1.618
-2.368,-0.173
-2.492,-2.747
-2.385,-1.205
-2.414,-0.813
-2.628,-0.781
-2.619,-0.258
-2.63,-1.707
-2.576,-0.549
-2.579,-2.806
-2.616,-2.751
-2.775,-0.547
-2.665,-2.232
-2.883,-0.819
-2.926,-2.901
-2.966,-2.213
3.109,-3.917
3.058,-2.375
3.075,-2.474
2.959,-1.201
2.831,-3.542
2.795,-1.09
2.689,-2.904
2.559,-1.226
2.532,-2.869
2.356,-1.28
2.268,-1.213
2.289,-1.612
2.169,-0.064
2.161,-0.406
2.241,-3.101
2.127,-3.933
1.974,-0.053
1.963,-2.568
1.883,-0.115
1.906,-2.672
1.9,-1.054
1.74,-3.609
1.864,-0.866
1.8,-0.43
1.594,-0.663
1.504,-2.143
1.326,-0.318
1.343,-1.72
1.328,-0.101
1.256,-1.487
1.111,-1.658
0.935,-0.482
0.904,-1.232
0.896,-3.876
0.866,0.031
0.935,-2.741
0.757,-1.807
0.742,-1.951
0.678,-1.544
0.686,-3.924
0.55,-2.643
0.384,-3.646
0.167,-2.17
0.134,-2.42
0.009,-1.486
0.107,-1.833
-0.039,-1.105
0.069,-1.071
-0.02,-2.615
-0.087,-1.674
-1.225,-4.138
-1.408,-4.322
-2.101,-4.111
-2.611,-4.293
-2.947,-4.32
2.987,-4.196
1.977,-4.272
1.572,-4.233
1.351,-4.223
1.239,-4.396
0.399,-4.378
0.542,-4.026
-0.821,0.324
-1.155,0.11
-1.46,0.283
-1.499,0.038
-1.885,0.167
-2.039,0.199
-2.065,0.364
-1.98,0.351
-2.203,0.329
-2.373,0.252
-2.416,0.358
-2.768,0.348
3.06,0.231
2.098,0.242
2.194,0.084
1.846,0.134
0.287,0.219
-1.501,-1.325
-1.651,-2.131
-1.661,-0.469
1.797,-3.514
1.695,-2.162
1.697,-2.258
1.329,-0.929
0.786,-1.92
-0.837,-2.702
-1.997,-2.041
2.834,-0.555
1.979,-0.542
1.36,-1.062
0.558,-2.072
0.563,-1.835
0.598,-1.716
0.368,-0.586
-1.72,-2.937
2.846,-1.773
1.368,-1.76
0.566,-3.665
-1.061,-3.712
-1.842,-3.66
-1.772,-3.798
-0.649,0.347
-1.344,-0.12
3.118,-1.482
2.954,-3.53
2.905,-3.94
2.822,-0.486
2.628,-0.51
2.542,-0.818
2.569,-2.777
2.669,-0.645
2.552,-4.051
2.632,-2.919
2.338,-1.395
2.242,-3.119
2.1,-1.934
2.207,-3.433
2.132,-2.768
2.014,-3.198
2.052,-1.868
1.888,-3.086
1.736,-2.534
1.731,-3.229
1.519,-1.671
1.413,-3.642
1.413,-1.552
1.501,-1.812
1.376,-3.284
1.363,-1.66
1.323,-4.206
1.457,-3.4
1.271,-0.976
1.414,-4.048
1.253,-1.526
1.327,-3.158
1.226,-3.879
1.055,-1.288
1.133,-0.877
1.114,-1.926
0.989,-0.481
0.865,-3.055
0.972,-1.513
0.943,-1.121
0.729,-1.089
0.738,-0.566
0.727,-2.015
0.781,-0.857
0.778,-3.114
0.741,-3.059
0.582,-0.855
0.692,-2.54
0.474,-1.127
0.431,-3.209
0.391,-2.521
0.183,-4.225
0.132,-2.683
0.149,-2.782
0.033,-1.509
-0.095,-3.85
-0.131,-1.398
-0.237,-3.212
-0.367,-1.534
-0.394,-3.177
-0.57,-1.588
-0.658,-1.521
-0.637,-1.92
-0.757,-0.372
-0.765,-0.714
-0.685,-3.409
-0.799,-4.241
-0.952,-0.361
-0.963,-2.876
-1.043,-0.423
-1.02,-2.98
-1.026,-1.362
-1.186,-3.917
-1.062,-1.174
-1.126,-0.738
-1.332,-0.971
-1.422,-2.451
-1.6,-0.626
-1.583,-2.028
-1.598,-0.409
-1.67,-1.795
-1.815,-1.966
-1.991,-0.79
-2.022,-1.54
-2.03,-4.184
-2.06,-0.277
-1.991,-3.049
-2.169,-2.115
-2.184,-2.259
-2.248,-1.852
-2.24,-4.232
-2.376,-2.951
-2.542,-3.954
-2.759,-2.478
-2.792,-2.728
-2.917,-1.794
-2.819,-2.141
-2.965,-1.413
-2.857,-1.379
-2.946,-2.923
-3.013,-1.982
2.132,-4.446
1.949,-4.63
1.256,-4.419
0.746,-4.601
0.41,-4.628
0.061,-4.504
-0.949,-4.58
-1.354,-4.541
-1.575,-4.531
-1.687,-4.704
-2.527,-4.686
-2.384,-4.334
2.536,0.016
2.202,-0.198
1.897,-0.025
1.858,-0.27
1.472,-0.141
1.318,-0.109
1.292,0.056
1.377,0.043
1.154,0.021
0.984,-0.056
0.941,0.05
0.589,0.04
0.134,-0.077
-0.828,-0.066
-0.732,-0.224
-1.08,-0.174
-2.639,-0.089
1.856,-1.633
1.706,-2.439
1.696,-0.777
-1.129,-3.822
-1.231,-2.47
-1.229,-2.566
-1.597,-1.237
-2.14,-2.228
2.52,-3.01
1.36,-2.349
-0.092,-0.863
-0.947,-0.85
-1.566,-1.37
-2.368,-2.38
-2.363,-2.143
-2.328,-2.024
-2.558,-0.894
1.637,-3.245
-0.08,-2.081
-1.558,-2.068
-2.36,-3.973
2.296,-4.02
1.515,-3.968
1.585,-4.106
2.708,0.039
-1.821,-1.362
-1.985,-3.41
-2.034,-3.82
-2.117,-0.366
-2.311,-0.39
-2.397,-0.698
-2.37,-2.657
-2.27,-0.525
-2.387,-3.931
-2.307,-2.799
-2.601,-1.275
-2.697,-2.999
-2.839,-1.814
-2.732,-3.313
-2.807,-2.648
-2.925,-3.078
-2.887,-1.748
-3.051,-2.966
3.08,-2.414
3.075,-3.109
2.863,-1.551
2.757,-3.522
2.757,-1.432
2.845,-1.692
2.72,-3.164
2.707,-1.54
2.667,-4.086
2.801,-3.28
2.615,-0.856
2.758,-3.928
2.597,-1.406
2.671,-3.038
2.57,-3.759
2.399,-1.168
2.477,-0.757
2.458,-1.806
2.333,-0.361
2.209,-2.935
2.316,-1.393
2.287,-1.001
2.073,-0.969
2.082,-0.446
2.071,-1.895
2.125,-0.737
2.122,-2.994
2.085,-2.939
1.926,-0.735
2.036,-2.42
1.818,-1.007
1.775,-3.089
1.735,-2.401
1.527,-4.105
1.476,-2.563
1.493,-2.662
1.377,-1.389
1.249,-3.73
1.213,-1.278
1.107,-3.092
0.977,-1.414
0.95,-3.057
0.774,-1.468
0.686,-1.401
0.707,-1.8
0.587,-0.252
0.579,-0.594
0.659,-3.289
0.545,-4.121
0.392,-0.241
0.381,-2.756
0.301,-0.303
0.324,-2.86
0.318,-1.242
0.158,-3.797
0.282,-1.054
0.218,-0.618
0.012,-0.851
-0.078,-2.331
-0.256,-0.506
-0.239,-1.908
-0.254,-0.289
-0.326,-1.675
-0.471,-1.846
-0.647,-0.67
-0.678,-1.42
-0.686,-4.064
-0.716,-0.157
-0.647,-2.929
-0.825,-1.995
-0.84,-2.139
-0.904,-1.732
-0.896,-4.112
-1.032,-2.831
-1.198,-3.834
-1.415,-2.358
-1.448,-2.608
-1.573,-1.674
-1.475,-2.021
-1.621,-1.293
-1.513,-1.259
-1.602,-2.803
-1.669,-1.862
-2.807,-4.326
-2.99,-4.51
2.6,-4.299
2.09,-4.481
1.754,-4.508
1.405,-4.384
0.395,-4.46
-0.01,-4.421
-0.231,-4.411
-0.343,-4.584
-1.183,-4.566
-1.04,-4.214
-2.403,0.136
-2.737,-0.078
-3.042,0.095
-3.081,-0.15
2.816,-0.021
2.662,0.011
2.636,0.176
2.721,0.163
2.498,0.141
2.328,0.064
2.285,0.17
1.933,0.16
1.478,0.043
0.516,0.054
0.612,-0.104
0.264,-0.054
-1.295,0.031
-3.083,-1.513
3.05,-2.319
3.04,-0.657
0.215,-3.702
0.113,-2.35
0.115,-2.446
-0.253,-1.117
-0.796,-2.108
-2.419,-2.89
2.704,-2.229
1.252,-0.743
0.397,-0.73
-0.222,-1.25
-1.024,-2.26
-1.019,-2.023
-0.984,-1.904
-1.214,-0.774
2.981,-3.125
1.264,-1.961
-0.214,-1.948
-1.016,-3.853
-2.643,-3.9
2.859,-3.848
2.929,-3.986
-2.231,0.159
-0.164,-2.048
-0.213,-2.458
-0.296,0.996
-0.49,0.972
-0.576,0.664
-0.549,-1.295
-0.449,0.837
-0.566,-2.569
-0.486,-1.437
-0.78,0.087
-0.876,-1.637
-1.018,-0.452
-0.911,-1.951
-0.986,-1.286
-1.104,-1.716
-1.066,-0.386
-1.23,-1.604
-1.382,-1.052
-1.387,-1.747
-1.599,-0.189
-1.705,-2.16
-1.705,-0.07
-1.617,-0.33
-1.742,-1.802
-1.755,-0.178
-1.795,-2.724
-1.661,-1.918
-1.847,0.506
-1.704,-2.566
-1.865,-0.044
-1.791,-1.676
-1.892,-2.397
-2.063,0.194
-1.985,0.605
-2.004,-0.444
-2.129,1.001
-2.253,-1.573
-2.146,-0.031
-2.175,0.361
-2.389,0.393
-2.38,0.916
-2.391,-0.533
-2.337,0.625
-2.34,-1.632
-2.377,-1.577
-2.536,0.627
-2.426,-1.058
-2.644,0.355
-2.687,-1.727
-2.727,-1.039
-2.935,-2.743
-2.986,-1.201
-2.969,-1.3
-3.085,-0.027
3.07,-2.368
3.034,0.084
2.928,-1.73
2.798,-0.052
2.771,-1.695
2.595,-0.106
2.507,-0.039
2.528,-0.438
2.408,1.11
2.4,0.768
2.48,-1.927
2.366,-2.759
2.213,1.121
2.202,-1.394
2.122,1.059
2.145,-1.498
2.139,0.12
1.979,-2.435
2.103,0.308
2.039,0.744
1.833,0.511
1.743,-0.969
1.565,0.856
1.582,-0.546
1.567,1.073
1.495,-0.313
1.35,-0.484
1.174,0.692
1.143,-0.058
1.135,-2.702
1.105,1.205
1.174,-1.567
0.996,-0.633
0.981,-0.777
0.917,-0.37
0.925,-2.75
0.789,-1.469
0.623,-2.472
0.406,-0.996
0.373,-1.246
0.248,-0.312
0.346,-0.659
0.2,0.069
0.308,0.103
0.219,-1.441
0.152,-0.5
-0.986,-2.964
-1.169,-3.148
-1.862,-2.937
-2.372,-3.119
-2.708,-3.146
-3.057,-3.022
2.216,-3.098
1.811,-3.059
1.59,-3.049
1.478,-3.222
0.638,-3.204
0.781,-2.852
-0.582,1.498
-0.916,1.284
-1.221,1.457
-1.26,1.212
-1.646,1.341
-1.8,1.373
-1.826,1.538
-1.741,1.525
-1.964,1.503
-2.134,1.426
-2.177,1.532
-2.529,1.522
-2.984,1.405
2.337,1.416
2.433,1.258
2.085,1.308
0.526,1.393
-1.262,-0.151
-1.412,-0.957
-1.422,0.705
2.036,-2.34
1.934,-0.988
1.936,-1.084
1.568,0.245
1.025,-0.746
-0.598,-1.528
-1.758,-0.867
3.073,0.619
2.218,0.632
1.599,0.112
0.797,-0.898
0.802,-0.661
0.837,-0.542
0.607,0.588
-1.481,-1.763
3.085,-0.599
1.607,-0.586
0.805,-2.491
-0.822,-2.538
-1.603,-2.486
-1.533,-2.624
-0.41,1.521
-0.049,-0.41
-0.132,3.044
-0.326,3.02
-0.412,2.712
-0.385,0.753
-0.285,2.885
-0.402,-0.521
-0.322,0.611
-0.616,2.135
-0.712,0.411
-0.854,1.596
-0.747,0.097
-0.822,0.762
-0.94,0.332
-0.902,1.662
-1.066,0.444
-1.218,0.996
-1.223,0.301
-1.435,1.859
-1.541,-0.112
-1.541,1.978
-1.453,1.718
-1.578,0.246
-1.591,1.87
-1.631,-0.676
-1.497,0.13
-1.683,2.554
-1.54,-0.518
-1.701,2.004
-1.627,0.372
-1.728,-0.349
-1.899,2.242
-1.821,2.653
-1.84,1.604
-1.965,3.049
-2.089,0.475
-1.982,2.017
-2.011,2.409
-2.225,2.441
-2.216,2.964
-2.227,1.515
-2.173,2.673
-2.176,0.416
-2.213,0.471
-2.372,2.675
-2.262,0.99
-2.48,2.403
-2.523,0.321
-2.563,1.009
-2.771,-0.695
-2.822,0.847
-2.805,0.748
-2.921,2.021
-3.049,-0.32
-3.085,2.132
3.092,0.318
2.962,1.996
2.935,0.353
2.759,1.942
2.671,2.009
2.692,1.61
2.572,3.158
2.564,2.816
2.644,0.121
2.53,-0.711
2.377,3.169
2.366,0.654
2.286,3.107
2.309,0.55
2.303,2.168
2.143,-0.387
2.267,2.356
2.203,2.792
1.997,2.559
1.907,1.079
1.729,2.904
1.746,1.502
1.731,3.121
1.659,1.735
1.514,1.564
1.338,2.74
1.307,1.99
1.299,-0.654
1.269,3.253
1.338,0.481
1.16,1.415
1.145,1.271
1.081,1.678
1.089,-0.702
0.953,0.579
0.787,-0.424
0.57,1.052
0.537,0.802
0.412,1.736
0.51,1.389
0.364,2.117
0.472,2.151
0.383,0.607
0.316,1.548
-0.822,-0.916
-1.005,-1.1
-1.698,-0.889
-2.208,-1.071
-2.544,-1.098
-2.893,-0.974
2.38,-1.05
1.975,-1.011
1.754,-1.001
1.642,-1.174
0.802,-1.156
0.945,-0.804
-0.418,3.546
-0.752,3.332
-1.057,3.505
-1.096,3.26
-1.482,3.389
-1.636,3.421
-1.662,3.586
-1.577,3.573
-1.8,3.551
-1.97,3.474
-2.013,3.58
-2.365,3.57
-2.82,3.453
2.501,3.464
2.597,3.306
2.249,3.356
0.69,3.441
-1.098,1.897
-1.248,1.091
-1.258,2.753
2.2,-0.292
2.098,1.06
2.1,0.964
1.732,2.293
1.189,1.302
-0.434,0.52
-1.594,1.181
-3.046,2.667
2.382,2.68
1.763,2.16
0.961,1.15
0.966,1.387
1.001,1.506
0.771,2.636
-1.317,0.285
-3.034,1.449
1.771,1.462
0.969,-0.443
-0.658,-0.49
-1.439,-0.438
-1.369,-0.576
-0.246,3.569
-0.083,3.454
-0.277,3.43
-0.363,3.122
-0.336,1.163
-0.236,3.295
-0.353,-0.111
-0.273,1.021
-0.567,2.545
-0.663,0.821
-0.805,2.006
-0.698,0.507
-0.773,1.172
-0.891,0.742
-0.853,2.072
-1.017,0.854
-1.169,1.406
-1.174,0.711
-1.386,2.269
-1.492,0.298
-1.492,2.388
-1.404,2.128
-1.529,0.656
-1.542,2.28
-1.582,-0.266
-1.448,0.54
-1.634,2.964
-1.491,-0.108
-1.652,2.414
-1.578,0.782
-1.679,0.061
-1.85,2.652
-1.772,3.063
-1.791,2.014
-1.916,3.459
-2.04,0.885
-1.933,2.427
-1.962,2.819
-2.176,2.851
-2.167,3.374
-2.178,1.925
-2.124,3.083
-2.127,0.826
-2.164,0.881
-2.323,3.085
-2.213,1.4
-2.431,2.813
-2.474,0.731
-2.514,1.419
-2.722,-0.285
-2.773,1.257
-2.756,1.158
-2.872,2.431
-3.0,0.09
-3.036,2.542
3.141,0.728
3.011,2.406
2.984,0.763
2.808,2.352
2.72,2.419
2.741,2.02
2.621,3.568
2.613,3.226
2.693,0.531
2.579,-0.301
2.426,3.579
2.415,1.064
2.335,3.517
2.358,0.96
2.352,2.578
2.192,0.023
2.316,2.766
2.252,3.202
2.046,2.969
1.956,1.489
1.778,3.314
1.795,1.912
1.78,3.531
1.708,2.145
1.563,1.974
1.387,3.15
1.356,2.4
1.348,-0.244
1.318,3.663
1.387,0.891
1.209,1.825
1.194,1.681
1.13,2.088
1.138,-0.292
1.002,0.989
0.836,-0.014
0.619,1.462
0.586,1.212
0.461,2.146
0.559,1.799
0.413,2.527
0.521,2.561
0.432,1.017
0.365,1.958
-0.773,-0.506
-0.956,-0.69
-1.649,-0.479
-2.159,-0.661
-2.495,-0.688
-2.844,-0.564
2.429,-0.64
2.024,-0.601
1.803,-0.591
1.691,-0.764
0.851,-0.746
0.994,-0.394
-0.369,3.956
-0.703,3.742
-1.008,3.915
-1.047,3.67
-1.433,3.799
-1.587,3.831
-1.613,3.996
-1.528,3.983
-1.751,3.961
-1.921,3.884
-1.964,3.99
-2.316,3.98
-2.771,3.863
2.55,3.874
2.646,3.716
2.298,3.766
0.739,3.851
-1.049,2.307
-1.199,1.501
-1.209,3.163
2.249,0.118
2.147,1.47
2.149,1.374
1.781,2.703
1.238,1.712
-0.385,0.93
-1.545,1.591
-2.997,3.077
2.431,3.09
1.812,2.57
1.01,1.56
1.015,1.797
1.05,1.916
0.82,3.046
-1.268,0.695
-2.985,1.859
1.82,1.872
1.018,-0.033
-0.609,-0.08
-1.39,-0.028
-1.32,-0.166
-0.197,3.979
-0.194,-0.024
-0.28,-0.332
-0.253,-2.291
-0.153,-0.159
-0.27,-3.565
-0.19,-2.433
-0.484,-0.909
-0.58,-2.633
-0.722,-1.448
-0.615,-2.947
-0.69,-2.282
-0.808,-2.712
-0.77,-1.382
-0.934,-2.6
-1.086,-2.048
-1.091,-2.743
-1.303,-1.185
-1.409,-3.156
-1.409,-1.066
-1.321,-1.326
-1.446,-2.798
-1.459,-1.174
-1.499,-3.72
-1.365,-2.914
-1.551,-0.49
-1.408,-3.562
-1.569,-1.04
-1.495,-2.672
-1.596,-3.393
-1.767,-0.802
-1.689,-0.391
-1.708,-1.44
-1.833,0.005
-1.957,-2.569
-1.85,-1.027
-1.879,-0.635
-2.093,-0.603
-2.084,-0.08
-2.095,-1.529
-2.041,-0.371
-2.044,-2.628
-2.081,-2.573
-2.24,-0.369
-2.13,-2.054
-2.348,-0.641
-2.391,-2.723
-2.431,-2.035
-2.639,-3.739
-2.69,-2.197
-2.673,-2.296
-2.789,-1.023
-2.917,-3.364
-2.953,-0.912
-3.059,-2.726
3.094,-1.048
3.067,-2.691
2.891,-1.102
2.803,-1.035
2.824,-1.434
2.704,0.114
2.696,-0.228
2.776,-2.923
2.662,-3.755
2.509,0.125
2.498,-2.39
2.418,0.063
2.441,-2.494
2.435,-0.876
2.275,-3.431
2.399,-0.688
2.335,-0.252
2.129,-0.485
2.039,-1.965
1.861,-0.14
1.878,-1.542
1.863,0.077
1.791,-1.309
1.646,-1.48
1.47,-0.304
1.439,-1.054
1.431,-3.698
1.401,0.209
1.47,-2.563
1.292,-1.629
1.277,-1.773
1.213,-1.366
1.221,-3.746
1.085,-2.465
0.919,-3.468
0.702,-1.992
0.669,-2.242
0.544,-1.308
0.642,-1.655
0.496,-0.927
0.604,-0.893
0.515,-2.437
0.448,-1.496
-0.69,-3.96
-0.873,-4.144
-1.566,-3.933
-2.076,-4.115
-2.412,-4.142
-2.761,-4.018
2.512,-4.094
2.107,-4.055
1.886,-4.045
1.774,-4.218
0.934,-4.2
1.077,-3.848
-0.286,0.502
-0.62,0.288
-0.925,0.461
-0.964,0.216
-1.35,0.345
-1.504,0.377
-1.53,0.542
-1.445,0.529
-1.668,0.507
-1.838,0.43
-1.881,0.536
-2.233,0.526
-2.688,0.409
2.633,0.42
2.729,0.262
2.381,0.312
0.822,0.397
-0.966,-1.147
-1.116,-1.953
-1.126,-0.291
2.332,-3.336
2.23,-1.984
2.232,-2.08
1.864,-0.751
1.321,-1.742
-0.302,-2.524
-1.462,-1.863
-2.914,-0.377
2.514,-0.364
1.895,-0.884
1.093,-1.894
1.098,-1.657
1.133,-1.538
0.903,-0.408
-1.185,-2.759
-2.902,-1.595
1.903,-1.582
1.101,-3.487
-0.526,-3.534
-1.307,-3.482
-1.237,-3.62
-0.114,0.525
-0.086,-0.308
-0.059,-2.267
0.041,-0.135
-0.076,-3.541
0.004,-2.409
-0.29,-0.885
-0.386,-2.609
-0.528,-1.424
-0.421,-2.923
-0.496,-2.258
-0.614,-2.688
-0.576,-1.358
-0.74,-2.576
-0.892,-2.024
-0.897,-2.719
-1.109,-1.161
-1.215,-3.132
-1.215,-1.042
-1.127,-1.302
-1.252,-2.774
-1.265,-1.15
-1.305,-3.696
-1.171,-2.89
-1.357,-0.466
-1.214,-3.538
-1.375,-1.016
-1.301,-2.648
-1.402,-3.369
-1.573,-0.778
-1.495,-0.367
-1.514,-1.416
-1.639,0.029
-1.763,-2.545
-1.656,-1.003
-1.685,-0.611
-1.899,-0.579
-1.89,-0.056
-1.901,-1.505
-1.847,-0.347
-1.85,-2.604
-1.887,-2.549
-2.046,-0.345
-1.936,-2.03
-2.154,-0.617
-2.197,-2.699
-2.237,-2.011
-2.445,-3.715
-2.496,-2.173
-2.479,-2.272
-2.595,-0.999
-2.723,-3.34
-2.759,-0.888
-2.865,-2.702
-2.995,-1.024
-3.022,-2.667
3.085,-1.078
2.997,-1.011
3.018,-1.41
2.898,0.138
2.89,-0.204
2.97,-2.899
2.856,-3.731
2.703,0.149
2.692,-2.366
2.612,0.087
2.635,-2.47
2.629,-0.852
2.469,-3.407
2.593,-0.664
2.529,-0.228
2.323,-0.461
2.233,-1.941
2.055,-0.116
2.072,-1.518
2.057,0.101
1.985,-1.285
1.84,-1.456
1.664,-0.28
1.633,-1.03
1.625,-3.674
1.595,0.233
1.664,-2.539
1.486,-1.605
1.471,-1.749
1.407,-1.342
1.415,-3.722
1.279,-2.441
1.113,-3.444
0.896,-1.968
0.863,-2.218
0.738,-1.284
0.836,-1.631
0.69,-0.903
0.798,-0.869
0.709,-2.413
0.642,-1.472
-0.496,-3.936
-0.679,-4.12
-1.372,-3.909
-1.882,-4.091
-2.218,-4.118
-2.567,-3.994
2.706,-4.07
2.301,-4.031
2.08,-4.021
1.968,-4.194
1.128,-4.176
1.271,-3.824
-0.092,0.526
-0.426,0.312
-0.731,0.485
-0.77,0.24
-1.156,0.369
-1.31,0.401
-1.336,0.566
-1.251,0.553
-1.474,0.531
-1.644,0.454
-1.687,0.56
-2.039,0.55
-2.494,0.433
2.827,0.444
2.923,0.286
2.575,0.336
1.016,0.421
-0.772,-1.123
-0.922,-1.929
-0.932,-0.267
2.526,-3.312
2.424,-1.96
2.426,-2.056
2.058,-0.727
1.515,-1.718
-0.108,-2.5
-1.268,-1.839
-2.72,-0.353
2.708,-0.34
2.089,-0.86
1.287,-1.87
1.292,-1.633
1.327,-1.514
1.097,-0.384
-0.991,-2.735
-2.708,-1.571
2.097,-1.558
1.295,-3.463
-0.332,-3.51
-1.113,-3.458
-1.043,-3.596
0.08,0.549
0.027,-1.959
0.127,0.173
0.01,-3.233
0.09,-2.101
-0.204,-0.577
-0.3,-2.301
-0.442,-1.116
-0.335,-2.615
-0.41,-1.95
-0.528,-2.38
-0.49,-1.05
-0.654,-2.268
-0.806,-1.716
-0.811,-2.411
-1.023,-0.853
-1.129,-2.824
-1.129,-0.734
-1.041,-0.994
-1.166,-2.466
-1.179,-0.842
-1.219,-3.388
-1.085,-2.582
-1.271,-0.158
-1.128,-3.23
-1.289,-0.708
-1.215,-2.34
-1.316,-3.061
-1.487,-0.47
-1.409,-0.059
-1.428,-1.108
-1.553,0.337
-1.677,-2.237
-1.57,-0.695
-1.599,-0.303
-1.813,-0.271
-1.804,0.252
-1.815,-1.197
-1.761,-0.039
-1.764,-2.296
-1.801,-2.241
-1.96,-0.037
-1.85,-1.722
-2.068,-0.309
-2.111,-2.391
-2.151,-1.703
-2.359,-3.407
-2.41,-1.865
-2.393,-1.964
-2.509,-0.691
-2.637,-3.032
-2.673,-0.58
-2.779,-2.394
-2.909,-0.716
-2.936,-2.359
-3.112,-0.77
3.083,-0.703
3.104,-1.102
2.984,0.446
2.976,0.104
3.056,-2.591
2.942,-3.423
2.789,0.457
2.778,-2.058
2.698,0.395
2.721,-2.162
2.715,-0.544
2.555,-3.099
2.679,-0.356
2.615,0.08
2.409,-0.153
2.319,-1.633
2.141,0.192
2.158,-1.21
2.143,0.409
2.071,-0.977
1.926,-1.148
1.75,0.028
1.719,-0.722
1.711,-3.366
1.681,0.541
1.75,-2.231
1.572,-1.297
1.557,-1.441
1.493,-1.034
1.501,-3.414
1.365,-2.133
1.199,-3.136
0.982,-1.66
0.949,-1.91
0.824,-0.976
0.922,-1.323
0.776,-0.595
0.884,-0.561
0.795,-2.105
0.728,-1.164
-0.41,-3.628
-0.593,-3.812
-1.286,-3.601
-1.796,-3.783
-2.132,-3.81
-2.481,-3.686
2.792,-3.762
2.387,-3.723
2.166,-3.713
2.054,-3.886
1.214,-3.868
1.357,-3.516
-0.006,0.834
-0.34,0.62
-0.645,0.793
-0.684,0.548
-1.07,0.677
-1.224,0.709
-1.25,0.874
-1.165,0.861
-1.388,0.839
-1.558,0.762
-1.601,0.868
-1.953,0.858
-2.408,0.741
2.913,0.752
3.009,0.594
2.661,0.644
1.102,0.729
-0.686,-0.815
-0.836,-1.621
-0.846,0.041
2.612,-3.004
2.51,-1.652
2.512,-1.748
2.144,-0.419
1.601,-1.41
-0.022,-2.192
-1.182,-1.531
-2.634,-0.045
2.794,-0.032
2.175,-0.552
1.373,-1.562
1.378,-1.325
1.413,-1.206
1.183,-0.076
-0.905,-2.427
-2.622,-1.263
2.183,-1.25
1.381,-3.155
-0.246,-3.202
-1.027,-3.15
-0.957,-3.288
0.166,0.857
0.1,2.132
-0.017,-1.274
0.063,-0.142
-0.231,1.382
-0.327,-0.342
-0.469,0.843
-0.362,-0.656
-0.437,0.009
-0.555,-0.421
-0.517,0.909
-0.681,-0.309
-0.833,0.243
-0.838,-0.452
-1.05,1.106
-1.156,-0.865
-1.156,1.225
-1.068,0.965
-1.193,-0.507
-1.206,1.117
-1.246,-1.429
-1.112,-0.623
-1.298,1.801
-1.155,-1.271
-1.316,1.251
-1.242,-0.381
-1.343,-1.102
-1.514,1.489
-1.436,1.9
-1.455,0.851
-1.58,2.296
-1.704,-0.278
-1.597,1.264
-1.626,1.656
-1.84,1.688
-1.831,2.211
-1.842,0.762
-1.788,1.92
-1.791,-0.337
-1.828,-0.282
-1.987,1.922
-1.877,0.237
-2.095,1.65
-2.138,-0.432
-2.178,0.256
-2.386,-1.448
-2.437,0.094
-2.42,-0.005
-2.536,1.268
-2.664,-1.073
-2.7,1.379
-2.806,-0.435
-2.936,1.243
-2.963,-0.4
-3.139,1.189
3.056,1.256
3.077,0.857
2.957,2.405
2.949,2.063
3.029,-0.632
2.915,-1.464
2.762,2.416
2.751,-0.099
2.671,2.354
2.694,-0.203
2.688,1.415
2.528,-1.14
2.652,1.603
2.588,2.039
2.382,1.806
2.292,0.326
2.114,2.151
2.131,0.749
2.116,2.368
2.044,0.982
1.899,0.811
1.723,1.987
1.692,1.237
1.684,-1.407
1.654,2.5
1.723,-0.272
1.545,0.662
1.53,0.518
1.466,0.925
1.474,-1.455
1.338,-0.174
1.172,-1.177
0.955,0.299
0.922,0.049
0.797,0.983
0.895,0.636
0.749,1.364
0.857,1.398
0.768,-0.146
0.701,0.795
-0.437,-1.669
-0.62,-1.853
-1.313,-1.642
-1.823,-1.824
-2.159,-1.851
-2.508,-1.727
2.765,-1.803
2.36,-1.764
2.139,-1.754
2.027,-1.927
1.187,-1.909
1.33,-1.557
-0.033,2.793
-0.367,2.579
-0.672,2.752
-0.711,2.507
-1.097,2.636
-1.251,2.668
-1.277,2.833
-1.192,2.82
-1.415,2.798
-1.585,2.721
-1.628,2.827
-1.98,2.817
-2.435,2.7
2.886,2.711
2.982,2.553
2.634,2.603
1.075,2.688
-0.713,1.144
-0.863,0.338
-0.873,2.0
2.585,-1.045
2.483,0.307
2.485,0.211
2.117,1.54
1.574,0.549
-0.049,-0.233
-1.209,0.428
-2.661,1.914
2.767,1.927
2.148,1.407
1.346,0.397
1.351,0.634
1.386,0.753
1.156,1.883
-0.932,-0.468
-2.649,0.696
2.156,0.709
1.354,-1.196
-0.273,-1.243
-1.054,-1.191
-0.984,-1.329
0.139,2.816
-0.117,-3.406
-0.037,-2.274
-0.331,-0.75
-0.427,-2.474
-0.569,-1.289
-0.462,-2.788
-0.537,-2.123
-0.655,-2.553
-0.617,-1.223
-0.781,-2.441
-0.933,-1.889
-0.938,-2.584
-1.15,-1.026
-1.256,-2.997
-1.256,-0.907
-1.168,-1.167
-1.293,-2.639
-1.306,-1.015
-1.346,-3.561
-1.212,-2.755
-1.398,-0.331
-1.255,-3.403
-1.416,-0.881
-1.342,-2.513
-1.443,-3.234
-1.614,-0.643
-1.536,-0.232
-1.555,-1.281
-1.68,0.164
-1.804,-2.41
-1.697,-0.868
-1.726,-0.476
-1.94,-0.444
-1.931,0.079
-1.942,-1.37
-1.888,-0.212
-1.891,-2.469
-1.928,-2.414
-2.087,-0.21
-1.977,-1.895
-2.195,-0.482
-2.238,-2.564
-2.278,-1.876
-2.486,-3.58
-2.537,-2.038
-2.52,-2.137
-2.636,-0.864
-2.764,-3.205
-2.8,-0.753
-2.906,-2.567
-3.036,-0.889
-3.063,-2.532
3.044,-0.943
2.956,-0.876
2.977,-1.275
2.857,0.273
2.849,-0.069
2.929,-2.764
2.815,-3.596
2.662,0.284
2.651,-2.231
2.571,0.222
2.594,-2.335
2.588,-0.717
2.428,-3.272
2.552,-0.529
2.488,-0.093
2.282,-0.326
2.192,-1.806
2.014,0.019
2.031,-1.383
2.016,0.236
1.944,-1.15
1.799,-1.321
1.623,-0.145
1.592,-0.895
1.584,-3.539
1.554,0.368
1.623,-2.404
1.445,-1.47
1.43,-1.614
1.366,-1.207
1.374,-3.587
1.238,-2.306
1.072,-3.309
0.855,-1.833
0.822,-2.083
0.697,-1.149
0.795,-1.496
0.649,-0.768
0.757,-0.734
0.668,-2.278
0.601,-1.337
-0.537,-3.801
-0.72,-3.985
-1.413,-3.774
-1.923,-3.956
-2.259,-3.983
-2.608,-3.859
2.665,-3.935
2.26,-3.896
2.039,-3.886
1.927,-4.059
1.087,-4.041
1.23,-3.689
-0.133,0.661
-0.467,0.447
-0.772,0.62
-0.811,0.375
-1.197,0.504
-1.351,0.536
-1.377,0.701
-1.292,0.688
-1.515,0.666
-1.685,0.589
-1.728,0.695
-2.08,0.685
-2.535,0.568
2.786,0.579
2.882,0.421
2.534,0.471
0.975,0.556
-0.813,-0.988
-0.963,-1.794
-0.973,-0.132
2.485,-3.177
2.383,-1.825
2.385,-1.921
2.017,-0.592
1.474,-1.583
-0.149,-2.365
-1.309,-1.704
-2.761,-0.218
2.667,-0.205
2.048,-0.725
1.246,-1.735
1.251,-1.498
1.286,-1.379
1.056,-0.249
-1.032,-2.6
-2.749,-1.436
2.056,-1.423
1.254,-3.328
-0.373,-3.375
-1.154,-3.323
-1.084,-3.461
0.039,0.684
0.08,1.132
-0.214,2.656
-0.31,0.932
-0.452,2.117
-0.345,0.618
-0.42,1.283
-0.538,0.853
-0.5,2.183
-0.664,0.965
-0.816,1.517
-0.821,0.822
-1.033,2.38
-1.139,0.409
-1.139,2.499
-1.051,2.239
-1.176,0.767
-1.189,2.391
-1.229,-0.155
-1.095,0.651
-1.281,3.075
-1.138,0.003
-1.299,2.525
-1.225,0.893
-1.326,0.172
-1.497,2.763
-1.419,3.174
-1.438,2.125
-1.563,3.57
-1.687,0.996
-1.58,2.538
-1.609,2.93
-1.823,2.962
-1.814,3.485
-1.825,2.036
-1.771,3.194
-1.774,0.937
-1.811,0.992
-1.97,3.196
-1.86,1.511
-2.078,2.924
-2.121,0.842
-2.161,1.53
-2.369,-0.174
-2.42,1.368
-2.403,1.269
-2.519,2.542
-2.647,0.201
-2.683,2.653
-2.789,0.839
-2.919,2.517
-2.946,0.874
-3.122,2.463
3.073,2.53
3.094,2.131
2.974,3.679
2.966,3.337
3.046,0.642
2.932,-0.19
2.779,3.69
2.768,1.175
2.688,3.628
2.711,1.071
2.705,2.689
2.545,0.134
2.669,2.877
2.605,3.313
2.399,3.08
2.309,1.6
2.131,3.425
2.148,2.023
2.133,3.642
2.061,2.256
1.916,2.085
1.74,3.261
1.709,2.511
1.701,-0.133
1.671,3.774
1.74,1.002
1.562,1.936
1.547,1.792
1.483,2.199
1.491,-0.181
1.355,1.1
1.189,0.097
0.972,1.573
0.939,1.323
0.814,2.257
0.912,1.91
0.766,2.638
0.874,2.672
0.785,1.128
0.718,2.069
-0.42,-0.395
-0.603,-0.579
-1.296,-0.368
-1.806,-0.55
-2.142,-0.577
-2.491,-0.453
2.782,-0.529
2.377,-0.49
2.156,-0.48
2.044,-0.653
1.204,-0.635
1.347,-0.283
-0.016,4.067
-0.35,3.853
-0.655,4.026
-0.694,3.781
-1.08,3.91
-1.234,3.942
-1.26,4.107
-1.175,4.094
-1.398,4.072
-1.568,3.995
-1.611,4.101
-1.963,4.091
-2.418,3.974
2.903,3.985
2.999,3.827
2.651,3.877
1.092,3.962
-0.696,2.418
-0.846,1.612
-0.856,3.274
2.602,0.229
2.5,1.581
2.502,1.485
2.134,2.814
1.591,1.823
-0.032,1.041
-1.192,1.702
-2.644,3.188
2.784,3.201
2.165,2.681
1.363,1.671
1.368,1.908
1.403,2.027
1.173,3.157
-0.915,0.806
-2.632,1.97
2.173,1.983
1.371,0.078
-0.256,0.031
-1.037,0.083
-0.967,-0.055
0.156,4.09
-0.294,1.524
-0.39,-0.2
-0.532,0.985
-0.425,-0.514
-0.5,0.151
-0.618,-0.279
-0.58,1.051
-0.744,-0.167
-0.896,0.385
-0.901,-0.31
-1.113,1.248
-1.219,-0.723
-1.219,1.367
-1.131,1.107
-1.256,-0.365
-1.269,1.259
-1.309,-1.287
-1.175,-0.481
-1.361,1.943
-1.218,-1.129
-1.379,1.393
-1.305,-0.239
-1.406,-0.96
-1.577,1.631
-1.499,2.042
-1.518,0.993
-1.643,2.438
-1.767,-0.136
-1.66,1.406
-1.689,1.798
-1.903,1.83
-1.894,2.353
-1.905,0.904
-1.851,2.062
-1.854,-0.195
-1.891,-0.14
-2.05,2.064
-1.94,0.379
-2.158,1.792
-2.201,-0.29
-2.241,0.398
-2.449,-1.306
-2.5,0.236
-2.483,0.137
-2.599,1.41
-2.727,-0.931
-2.763,1.521
-2.869,-0.293
-2.999,1.385
-3.026,-0.258
3.081,1.331
2.993,1.398
3.014,0.999
2.894,2.547
2.886,2.205
2.966,-0.49
2.852,-1.322
2.699,2.558
2.688,0.043
2.608,2.496
2.631,-0.061
2.625,1.557
2.465,-0.998
2.589,1.745
2.525,2.181
2.319,1.948
2.229,0.468
2.051,2.293
2.068,0.891
2.053,2.51
1.981,1.124
1.836,0.953
1.66,2.129
1.629,1.379
1.621,-1.265
1.591,2.642
1.66,-0.13
1.482,0.804
1.467,0.66
1.403,1.067
1.411,-1.313
1.275,-0.032
1.109,-1.035
0.892,0.441
0.859,0.191
0.734,1.125
0.832,0.778
0.686,1.506
0.794,1.54
0.705,-0.004
0.638,0.937
-0.5,-1.527
-0.683,-1.711
-1.376,-1.5
-1.886,-1.682
-2.222,-1.709
-2.571,-1.585
2.702,-1.661
2.297,-1.622
2.076,-1.612
1.964,-1.785
1.124,-1.767
1.267,-1.415
-0.096,2.935
-0.43,2.721
-0.735,2.894
-0.774,2.649
-1.16,2.778
-1.314,2.81
-1.34,2.975
-1.255,2.962
-1.478,2.94
-1.648,2.863
-1.691,2.969
-2.043,2.959
-2.498,2.842
2.823,2.853
2.919,2.695
2.571,2.745
1.012,2.83
-0.776,1.286
-0.926,0.48
-0.936,2.142
2.522,-0.903
2.42,0.449
2.422,0.353
2.054,1.682
1.511,0.691
-0.112,-0.091
-1.272,0.57
-2.724,2.056
2.704,2.069
2.085,1.549
1.283,0.539
1.288,0.776
1.323,0.895
1.093,2.025
-0.995,-0.326
-2.712,0.838
2.093,0.851
1.291,-1.054
-0.336,-1.101
-1.117,-1.049
-1.047,-1.187
0.076,2.958
-0.096,-1.724
-0.238,-0.539
-0.131,-2.038
-0.206,-1.373
-0.324,-1.803
-0.286,-0.473
-0.45,-1.691
-0.602,-1.139
-0.607,-1.834
-0.819,-0.276
-0.925,-2.247
-0.925,-0.157
-0.837,-0.417
-0.962,-1.889
-0.975,-0.265
-1.015,-2.811
-0.881,-2.005
-1.067,0.419
-0.924,-2.653
-1.085,-0.131
-1.011,-1.763
-1.112,-2.484
-1.283,0.107
-1.205,0.518
-1.224,-0.531
-1.349,0.914
-1.473,-1.66
-1.366,-0.118
-1.395,0.274
-1.609,0.306
-1.6,0.829
-1.611,-0.62
-1.557,0.538
-1.56,-1.719
-1.597,-1.664
-1.756,0.54
-1.646,-1.145
-1.864,0.268
-1.907,-1.814
-1.947,-1.126
-2.155,-2.83
-2.206,-1.288
-2.189,-1.387
-2.305,-0.114
-2.433,-2.455
-2.469,-0.003
-2.575,-1.817
-2.705,-0.139
-2.732,-1.782
-2.908,-0.193
-2.996,-0.126
-2.975,-0.525
-3.095,1.023
-3.103,0.681
-3.023,-2.014
-3.137,-2.846
2.993,1.034
2.982,-1.481
2.902,0.972
2.925,-1.585
2.919,0.033
2.759,-2.522
2.883,0.221
2.819,0.657
2.613,0.424
2.523,-1.056
2.345,0.769
2.362,-0.633
2.347,0.986
2.275,-0.4
2.13,-0.571
1.954,0.605
1.923,-0.145
1.915,-2.789
1.885,1.118
1.954,-1.654
1.776,-0.72
1.761,-0.864
1.697,-0.457
1.705,-2.837
1.569,-1.556
1.403,-2.559
1.186,-1.083
1.153,-1.333
1.028,-0.399
1.126,-0.746
0.98,-0.018
1.088,0.016
0.999,-1.528
0.932,-0.587
-0.206,-3.051
-0.389,-3.235
-1.082,-3.024
-1.592,-3.206
-1.928,-3.233
-2.277,-3.109
2.996,-3.185
2.591,-3.146
2.37,-3.136
2.258,-3.309
1.418,-3.291
1.561,-2.939
0.198,1.411
-0.136,1.197
-0.441,1.37
-0.48,1.125
-0.866,1.254
-1.02,1.286
-1.046,1.451
-0.961,1.438
-1.184,1.416
-1.354,1.339
-1.397,1.445
-1.749,1.435
-2.204,1.318
3.117,1.329
-3.07,1.171
2.865,1.221
1.306,1.306
-0.482,-0.238
-0.632,-1.044
-0.642,0.618
2.816,-2.427
2.714,-1.075
2.716,-1.171
2.348,0.158
1.805,-0.833
0.182,-1.615
-0.978,-0.954
-2.43,0.532
2.998,0.545
2.379,0.025
1.577,-0.985
1.582,-0.748
1.617,-0.629
1.387,0.501
-0.701,-1.85
-2.418,-0.686
2.387,-0.673
1.585,-2.578
-0.042,-2.625
-0.823,-2.573
-0.753,-2.711
0.37,1.434
-0.142,1.185
-0.035,-0.314
-0.11,0.351
-0.228,-0.079
-0.19,1.251
-0.354,0.033
-0.506,0.585
-0.511,-0.11
-0.723,1.448
-0.829,-0.523
-0.829,1.567
-0.741,1.307
-0.866,-0.165
-0.879,1.459
-0.919,-1.087
-0.785,-0.281
-0.971,2.143
-0.828,-0.929
-0.989,1.593
-0.915,-0.039
-1.016,-0.76
-1.187,1.831
-1.109,2.242
-1.128,1.193
-1.253,2.638
-1.377,0.064
-1.27,1.606
-1.299,1.998
-1.513,2.03
-1.504,2.553
-1.515,1.104
-1.461,2.262
-1.464,0.005
-1.501,0.06
-1.66,2.264
-1.55,0.579
-1.768,1.992
-1.811,-0.09
-1.851,0.598
-2.059,-1.106
-2.11,0.436
-2.093,0.337
-2.209,1.61
-2.337,-0.731
-2.373,1.721
-2.479,-0.093
-2.609,1.585
-2.636,-0.058
-2.812,1.531
-2.9,1.598
-2.879,1.199
-2.999,2.747
-3.007,2.405
-2.927,-0.29
-3.041,-1.122
3.089,2.758
3.078,0.243
2.998,2.696
3.021,0.139
3.015,1.757
2.855,-0.798
2.979,1.945
2.915,2.381
2.709,2.148
2.619,0.668
2.441,2.493
2.458,1.091
2.443,2.71
2.371,1.324
2.226,1.153
2.05,2.329
2.019,1.579
2.011,-1.065
1.981,2.842
2.05,0.07
1.872,1.004
1.857,0.86
1.793,1.267
1.801,-1.113
1.665,0.168
1.499,-0.835
1.282,0.641
1.249,0.391
1.124,1.325
1.222,0.978
1.076,1.706
1.184,1.74
1.095,0.196
1.028,1.137
-0.11,-1.327
-0.293,-1.511
-0.986,-1.3
-1.496,-1.482
-1.832,-1.509
-2.181,-1.385
3.092,-1.461
2.687,-1.422
2.466,-1.412
2.354,-1.585
1.514,-1.567
1.657,-1.215
0.294,3.135
-0.04,2.921
-0.345,3.094
-0.384,2.849
-0.77,2.978
-0.924,3.01
-0.95,3.175
-0.865,3.162
-1.088,3.14
-1.258,3.063
-1.301,3.169
-1.653,3.159
-2.108,3.042
-3.07,3.053
-2.974,2.895
2.961,2.945
1.402,3.03
-0.386,1.486
-0.536,0.68
-0.546,2.342
2.912,-0.703
2.81,0.649
2.812,0.553
2.444,1.882
1.901,0.891
0.278,0.109
-0.882,0.77
-2.334,2.256
3.094,2.269
2.475,1.749
1.673,0.739
1.678,0.976
1.713,1.095
1.483,2.225
-0.605,-0.126
-2.322,1.038
2.483,1.051
1.681,-0.854
0.054,-0.901
-0.727,-0.849
-0.657,-0.987
0.466,3.158
0.107,-1.499
0.032,-0.834
-0.086,-1.264
-0.048,0.066
-0.212,-1.152
-0.364,-0.6
-0.369,-1.295
-0.581,0.263
-0.687,-1.708
-0.687,0.382
-0.599,0.122
-0.724,-1.35
-0.737,0.274
-0.777,-2.272
-0.643,-1.466
-0.829,0.958
-0.686,-2.114
-0.847,0.408
-0.773,-1.224
-0.874,-1.945
-1.045,0.646
-0.967,1.057
-0.986,0.008
-1.111,1.453
-1.235,-1.121
-1.128,0.421
-1.157,0.813
-1.371,0.845
-1.362,1.368
-1.373,-0.081
-1.319,1.077
-1.322,-1.18
-1.359,-1.125
-1.518,1.079
-1.408,-0.606
-1.626,0.807
-1.669,-1.275
-1.709,-0.587
-1.917,-2.291
-1.968,-0.749
-1.951,-0.848
-2.067,0.425
-2.195,-1.916
-2.231,0.536
-2.337,-1.278
-2.467,0.4
-2.494,-1.243
-2.67,0.346
-2.758,0.413
-2.737,0.014
-2.857,1.562
-2.865,1.22
-2.785,-1.475
-2.899,-2.307
-3.052,1.573
-3.063,-0.942
3.14,1.511
-3.12,-1.046
-3.126,0.572
2.997,-1.983
3.121,0.76
3.057,1.196
2.851,0.963
2.761,-0.517
2.583,1.308
2.6,-0.094
2.585,1.525
2.513,0.139
2.368,-0.032
2.192,1.144
2.161,0.394
2.153,-2.25
2.123,1.657
2.192,-1.115
2.014,-0.181
1.999,-0.325
1.935,0.082
1.943,-2.298
1.807,-1.017
1.641,-2.02
1.424,-0.544
1.391,-0.794
1.266,0.14
1.364,-0.207
1.218,0.521
1.326,0.555
1.237,-0.989
1.17,-0.048
0.032,-2.512
-0.151,-2.696
-0.844,-2.485
-1.354,-2.667
-1.69,-2.694
-2.039,-2.57
-3.049,-2.646
2.829,-2.607
2.608,-2.597
2.496,-2.77
1.656,-2.752
1.799,-2.4
0.436,1.95
0.102,1.736
-0.203,1.909
-0.242,1.664
-0.628,1.793
-0.782,1.825
-0.808,1.99
-0.723,1.977
-0.946,1.955
-1.116,1.878
-1.159,1.984
-1.511,1.974
-1.966,1.857
-2.928,1.868
-2.832,1.71
3.103,1.76
1.544,1.845
-0.244,0.301
-0.394,-0.505
-0.404,1.157
3.054,-1.888
2.952,-0.536
2.954,-0.632
2.586,0.697
2.043,-0.294
0.42,-1.076
-0.74,-0.415
-2.192,1.071
-3.047,1.084
2.617,0.564
1.815,-0.446
1.82,-0.209
1.855,-0.09
1.625,1.04
-0.463,-1.311
-2.18,-0.147
2.625,-0.134
1.823,-2.039
0.196,-2.086
-0.585,-2.034
-0.515,-2.172
0.608,1.973
-0.075,0.665
-0.193,0.235
-0.155,1.565
-0.319,0.347
-0.471,0.899
-0.476,0.204
-0.688,1.762
-0.794,-0.209
-0.794,1.881
-0.706,1.621
-0.831,0.149
-0.844,1.773
-0.884,-0.773
-0.75,0.033
-0.936,2.457
-0.793,-0.615
-0.954,1.907
-0.88,0.275
-0.981,-0.446
-1.152,2.145
-1.074,2.556
-1.093,1.507
-1.218,2.952
-1.342,0.378
-1.235,1.92
-1.264,2.312
-1.478,2.344
-1.469,2.867
-1.48,1.418
-1.426,2.576
-1.429,0.319
-1.466,0.374
-1.625,2.578
-1.515,0.893
-1.733,2.306
-1.776,0.224
-1.816,0.912
-2.024,-0.792
-2.075,0.75
-2.058,0.651
-2.174,1.924
-2.302,-0.417
-2.338,2.035
-2.444,0.221
-2.574,1.899
-2.601,0.256
-2.777,1.845
-2.865,1.912
-2.844,1.513
-2.964,3.061
-2.972,2.719
-2.892,0.024
-3.006,-0.808
3.124,3.072
3.113,0.557
3.033,3.01
3.056,0.453
3.05,2.071
2.89,-0.484
3.014,2.259
2.95,2.695
2.744,2.462
2.654,0.982
2.476,2.807
2.493,1.405
2.478,3.024
2.406,1.638
2.261,1.467
2.085,2.643
2.054,1.893
2.046,-0.751
2.016,3.156
2.085,0.384
1.907,1.318
1.892,1.174
1.828,1.581
1.836,-0.799
1.7,0.482
1.534,-0.521
1.317,0.955
1.284,0.705
1.159,1.639
1.257,1.292
1.111,2.02
1.219,2.054
1.13,0.51
1.063,1.451
-0.075,-1.013
-0.258,-1.197
-0.951,-0.986
-1.461,-1.168
-1.797,-1.195
-2.146,-1.071
3.127,-1.147
2.722,-1.108
2.501,-1.098
2.389,-1.271
1.549,-1.253
1.692,-0.901
0.329,3.449
-0.005,3.235
-0.31,3.408
-0.349,3.163
-0.735,3.292
-0.889,3.324
-0.915,3.489
-0.83,3.476
-1.053,3.454
-1.223,3.377
-1.266,3.483
-1.618,3.473
-2.073,3.356
-3.035,3.367
-2.939,3.209
2.996,3.259
1.437,3.344
-0.351,1.8
-0.501,0.994
-0.511,2.656
2.947,-0.389
2.845,0.963
2.847,0.867
2.479,2.196
1.936,1.205
0.313,0.423
-0.847,1.084
-2.299,2.57
3.129,2.583
2.51,2.063
1.708,1.053
1.713,1.29
1.748,1.409
1.518,2.539
-0.57,0.188
-2.287,1.352
2.518,1.365
1.716,-0.54
0.089,-0.587
-0.692,-0.535
-0.622,-0.673
0.501,3.472
-0.118,-0.43
-0.08,0.9
-0.244,-0.318
-0.396,0.234
-0.401,-0.461
-0.613,1.097
-0.719,-0.874
-0.719,1.216
-0.631,0.956
-0.756,-0.516
-0.769,1.108
-0.809,-1.438
-0.675,-0.632
-0.861,1.792
-0.718,-1.28
-0.879,1.242
-0.805,-0.39
-0.906,-1.111
-1.077,1.48
-0.999,1.891
-1.018,0.842
-1.143,2.287
-1.267,-0.287
-1.16,1.255
-1.189,1.647
-1.403,1.679
-1.394,2.202
-1.405,0.753
-1.351,1.911
-1.354,-0.346
-1.391,-0.291
-1.55,1.913
-1.44,0.228
-1.658,1.641
-1.701,-0.441
-1.741,0.247
-1.949,-1.457
-2.0,0.085
-1.983,-0.014
-2.099,1.259
-2.227,-1.082
-2.263,1.37
-2.369,-0.444
-2.499,1.234
-2.526,-0.409
-2.702,1.18
-2.79,1.247
-2.769,0.848
-2.889,2.396
-2.897,2.054
-2.817,-0.641
-2.931,-1.473
-3.084,2.407
-3.095,-0.108
3.108,2.345
3.131,-0.212
3.125,1.406
2.965,-1.149
3.089,1.594
3.025,2.03
2.819,1.797
2.729,0.317
2.551,2.142
2.568,0.74
2.553,2.359
2.481,0.973
2.336,0.802
2.16,1.978
2.129,1.228
2.121,-1.416
2.091,2.491
2.16,-0.281
1.982,0.653
1.967,0.509
1.903,0.916
1.911,-1.464
1.775,-0.183
1.609,-1.186
1.392,0.29
1.359,0.04
1.234,0.974
1.332,0.627
1.186,1.355
1.294,1.389
1.205,-0.155
1.138,0.786
0.0,-1.678
-0.183,-1.862
-0.876,-1.651
-1.386,-1.833
-1.722,-1.86
-2.071,-1.736
-3.081,-1.812
2.797,-1.773
2.576,-1.763
2.464,-1.936
1.624,-1.918
1.767,-1.566
0.404,2.784
0.07,2.57
-0.235,2.743
-0.274,2.498
-0.66,2.627
-0.814,2.659
-0.84,2.824
-0.755,2.811
-0.978,2.789
-1.148,2.712
-1.191,2.818
-1.543,2.808
-1.998,2.691
-2.96,2.702
-2.864,2.544
3.071,2.594
1.512,2.679
-0.276,1.135
-0.426,0.329
-0.436,1.991
3.022,-1.054
2.92,0.298
2.922,0.202
2.554,1.531
2.011,0.54
0.388,-0.242
-0.772,0.419
-2.224,1.905
-3.079,1.918
2.585,1.398
1.783,0.388
1.788,0.625
1.823,0.744
1.593,1.874
-0.495,-0.477
-2.212,0.687
2.593,0.7
1.791,-1.205
0.164,-1.252
-0.617,-1.2
-0.547,-1.338
0.576,2.807
0.038,1.33
-0.126,0.112
-0.278,0.664
-0.283,-0.031
-0.495,1.527
-0.601,-0.444
-0.601,1.646
-0.513,1.386
-0.638,-0.086
-0.651,1.538
-0.691,-1.008
-0.557,-0.202
-0.743,2.222
-0.6,-0.85
-0.761,1.672
-0.687,0.04
-0.788,-0.681
-0.959,1.91
-0.881,2.321
-0.9,1.272
-1.025,2.717
-1.149,0.143
-1.042,1.685
-1.071,2.077
-1.285,2.109
-1.276,2.632
-1.287,1.183
-1.233,2.341
-1.236,0.084
-1.273,0.139
-1.432,2.343
-1.322,0.658
-1.54,2.071
-1.583,-0.011
-1.623,0.677
-1.831,-1.027
-1.882,0.515
-1.865,0.416
-1.981,1.689
-2.109,-0.652
-2.145,1.8
-2.251,-0.014
-2.381,1.664
-2.408,0.021
-2.584,1.61
-2.672,1.677
-2.651,1.278
-2.771,2.826
-2.779,2.484
-2.699,-0.211
-2.813,-1.043
-2.966,2.837
-2.977,0.322
-3.057,2.775
-3.034,0.218
-3.04,1.836
3.083,-0.719
-3.076,2.024
-3.14,2.46
2.937,2.227
2.847,0.747
2.669,2.572
2.686,1.17
2.671,2.789
2.599,1.403
2.454,1.232
2.278,2.408
2.247,1.658
2.239,-0.986
2.209,2.921
2.278,0.149
2.1,1.083
2.085,0.939
2.021,1.346
2.029,-1.034
1.893,0.247
1.727,-0.756
1.51,0.72
1.477,0.47
1.352,1.404
1.45,1.057
1.304,1.785
1.412,1.819
1.323,0.275
1.256,1.216
0.118,-1.248
-0.065,-1.432
-0.758,-1.221
-1.268,-1.403
-1.604,-1.43
-1.953,-1.306
-2.963,-1.382
2.915,-1.343
2.694,-1.333
2.582,-1.506
1.742,-1.488
1.885,-1.136
0.522,3.214
0.188,3.0
-0.117,3.173
-0.156,2.928
-0.542,3.057
-0.696,3.089
-0.722,3.254
-0.637,3.241
-0.86,3.219
-1.03,3.142
-1.073,3.248
-1.425,3.238
-1.88,3.121
-2.842,3.132
-2.746,2.974
-3.094,3.024
1.63,3.109
-0.158,1.565
-0.308,0.759
-0.318,2.421
3.14,-0.624
3.038,0.728
3.04,0.632
2.672,1.961
2.129,0.97
0.506,0.188
-0.654,0.849
-2.106,2.335
-2.961,2.348
2.703,1.828
1.901,0.818
1.906,1.055
1.941,1.174
1.711,2.304
-0.377,-0.047
-2.094,1.117
2.711,1.13
1.909,-0.775
0.282,-0.822
-0.499,-0.77
-0.429,-0.908
0.694,3.237
-0.164,-1.218
-0.316,-0.666
-0.321,-1.361
-0.533,0.197
-0.639,-1.774
-0.639,0.316
-0.551,0.056
-0.676,-1.416
-0.689,0.208
-0.729,-2.338
-0.595,-1.532
-0.781,0.892
-0.638,-2.18
-0.799,0.342
-0.725,-1.29
-0.826,-2.011
-0.997,0.58
-0.919,0.991
-0.938,-0.058
-1.063,1.387
-1.187,-1.187
-1.08,0.355
-1.109,0.747
-1.323,0.779
-1.314,1.302
-1.325,-0.147
-1.271,1.011
-1.274,-1.246
-1.311,-1.191
-1.47,1.013
-1.36,-0.672
-1.578,0.741
-1.621,-1.341
-1.661,-0.653
-1.869,-2.357
-1.92,-0.815
-1.903,-0.914
-2.019,0.359
-2.147,-1.982
-2.183,0.47
-2.289,-1.344
-2.419,0.334
-2.446,-1.309
-2.622,0.28
-2.71,0.347
-2.689,-0.052
-2.809,1.496
-2.817,1.154
-2.737,-1.541
-2.851,-2.373
-3.004,1.507
-3.015,-1.008
-3.095,1.445
-3.072,-1.112
-3.078,0.506
3.045,-2.049
-3.114,0.694
3.105,1.13
2.899,0.897
2.809,-0.583
2.631,1.242
2.648,-0.16
2.633,1.459
2.561,0.073
2.416,-0.098
2.24,1.078
2.209,0.328
2.201,-2.316
2.171,1.591
2.24,-1.181
2.062,-0.247
2.047,-0.391
1.983,0.016
1.991,-2.364
1.855,-1.083
1.689,-2.086
1.472,-0.61
1.439,-0.86
1.314,0.074
1.412,-0.273
1.266,0.455
1.374,0.489
1.285,-1.055
1.218,-0.114
0.08,-2.578
-0.103,-2.762
-0.796,-2.551
-1.306,-2.733
-1.642,-2.76
-1.991,-2.636
-3.001,-2.712
2.877,-2.673
2.656,-2.663
2.544,-2.836
1.704,-2.818
1.847,-2.466
0.484,1.884
0.15,1.67
-0.155,1.843
-0.194,1.598
-0.58,1.727
-0.734,1.759
-0.76,1.924
-0.675,1.911
-0.898,1.889
-1.068,1.812
-1.111,1.918
-1.463,1.908
-1.918,1.791
-2.88,1.802
-2.784,1.644
-3.132,1.694
1.592,1.779
-0.196,0.235
-0.346,-0.571
-0.356,1.091
3.102,-1.954
3.0,-0.602
3.002,-0.698
2.634,0.631
2.091,-0.36
0.468,-1.142
-0.692,-0.481
-2.144,1.005
-2.999,1.018
2.665,0.498
1.863,-0.512
1.868,-0.275
1.903,-0.156
1.673,0.974
-0.415,-1.377
-2.132,-0.213
2.673,-0.2
1.871,-2.105
0.244,-2.152
-0.537,-2.1
-0.467,-2.238
0.656,1.907
-0.152,0.552
-0.157,-0.143
-0.369,1.415
-0.475,-0.556
-0.475,1.534
-0.387,1.274
-0.512,-0.198
-0.525,1.426
-0.565,-1.12
-0.431,-0.314
-0.617,2.11
-0.474,-0.962
-0.635,1.56
-0.561,-0.072
-0.662,-0.793
-0.833,1.798
-0.755,2.209
-0.774,1.16
-0.899,2.605
-1.023,0.031
-0.916,1.573
-0.945,1.965
-1.159,1.997
-1.15,2.52
-1.161,1.071
-1.107,2.229
-1.11,-0.028
-1.147,0.027
-1.306,2.231
-1.196,0.546
-1.414,1.959
-1.457,-0.123
-1.497,0.565
-1.705,-1.139
-1.756,0.403
-1.739,0.304
-1.855,1.577
-1.983,-0.764
-2.019,1.688
-2.125,-0.126
-2.255,1.552
-2.282,-0.091
-2.458,1.498
-2.546,1.565
-2.525,1.166
-2.645,2.714
-2.653,2.372
-2.573,-0.323
-2.687,-1.155
-2.84,2.725
-2.851,0.21
-2.931,2.663
-2.908,0.106
-2.914,1.724
-3.074,-0.831
-2.95,1.912
-3.014,2.348
3.063,2.115
2.973,0.635
2.795,2.46
2.812,1.058
2.797,2.677
2.725,1.291
2.58,1.12
2.404,2.296
2.373,1.546
2.365,-1.098
2.335,2.809
2.404,0.037
2.226,0.971
2.211,0.827
2.147,1.234
2.155,-1.146
2.019,0.135
1.853,-0.868
1.636,0.608
1.603,0.358
1.478,1.292
1.576,0.945
1.43,1.673
1.538,1.707
1.449,0.163
1.382,1.104
0.244,-1.36
0.061,-1.544
-0.632,-1.333
-1.142,-1.515
-1.478,-1.542
-1.827,-1.418
-2.837,-1.494
3.041,-1.455
2.82,-1.445
2.708,-1.618
1.868,-1.6
2.011,-1.248
0.648,3.102
0.314,2.888
0.009,3.061
-0.03,2.816
-0.416,2.945
-0.57,2.977
-0.596,3.142
-0.511,3.129
-0.734,3.107
-0.904,3.03
-0.947,3.136
-1.299,3.126
-1.754,3.009
-2.716,3.02
-2.62,2.862
-2.968,2.912
1.756,2.997
-0.032,1.453
-0.182,0.647
-0.192,2.309
-3.017,-0.736
-3.119,0.616
-3.117,0.52
2.798,1.849
2.255,0.858
0.632,0.076
-0.528,0.737
-1.98,2.223
-2.835,2.236
2.829,1.716
2.027,0.706
2.032,0.943
2.067,1.062
1.837,2.192
-0.251,-0.159
-1.968,1.005
2.837,1.018
2.035,-0.887
0.408,-0.934
-0.373,-0.882
-0.303,-1.02
0.82,3.125
-0.005,-0.695
-0.217,0.863
-0.323,-1.108
-0.323,0.982
-0.235,0.722
-0.36,-0.75
-0.373,0.874
-0.413,-1.672
-0.279,-0.866
-0.465,1.558
-0.322,-1.514
-0.483,1.008
-0.409,-0.624
-0.51,-1.345
-0.681,1.246
-0.603,1.657
-0.622,0.608
-0.747,2.053
-0.871,-0.521
-0.764,1.021
-0.793,1.413
-1.007,1.445
-0.998,1.968
-1.009,0.519
-0.955,1.677
-0.958,-0.58
-0.995,-0.525
-1.154,1.679
-1.044,-0.006
-1.262,1.407
-1.305,-0.675
-1.345,0.013
-1.553,-1.691
-1.604,-0.149
-1.587,-0.248
-1.703,1.025
-1.831,-1.316
-1.867,1.136
-1.973,-0.678
-2.103,1.0
-2.13,-0.643
-2.306,0.946
-2.394,1.013
-2.373,0.614
-2.493,2.162
-2.501,1.82
-2.421,-0.875
-2.535,-1.707
-2.688,2.173
-2.699,-0.342
-2.779,2.111
-2.756,-0.446
-2.762,1.172
-2.922,-1.383
-2.798,1.36
-2.862,1.796
-3.068,1.563
3.125,0.083
2.947,1.908
2.964,0.506
2.949,2.125
2.877,0.739
2.732,0.568
2.556,1.744
2.525,0.994
2.517,-1.65
2.487,2.257
2.556,-0.515
2.378,0.419
2.363,0.275
2.299,0.682
2.307,-1.698
2.171,-0.417
2.005,-1.42
1.788,0.056
1.755,-0.194
1.63,0.74
1.728,0.393
1.582,1.121
1.69,1.155
1.601,-0.389
1.534,0.552
0.396,-1.912
0.213,-2.096
-0.48,-1.885
-0.99,-2.067
-1.326,-2.094
-1.675,-1.97
-2.685,-2.046
-3.09,-2.007
2.972,-1.997
2.86,-2.17
2.02,-2.152
2.163,-1.8
0.8,2.55
0.466,2.336
0.161,2.509
0.122,2.264
-0.264,2.393
-0.418,2.425
-0.444,2.59
-0.359,2.577
-0.582,2.555
-0.752,2.478
-0.795,2.584
-1.147,2.574
-1.602,2.457
-2.564,2.468
-2.468,2.31
-2.816,2.36
1.908,2.445
0.12,0.901
-0.03,0.095
-0.04,1.757
-2.865,-1.288
-2.967,0.064
-2.965,-0.032
2.95,1.297
2.407,0.306
0.784,-0.476
-0.376,0.185
-1.828,1.671
-2.683,1.684
2.981,1.164
2.179,0.154
2.184,0.391
2.219,0.51
1.989,1.64
-0.099,-0.711
-1.816,0.453
2.989,0.466
2.187,-1.439
0.56,-1.486
-0.221,-1.434
-0.151,-1.572
0.972,2.573
-0.212,1.558
-0.318,-0.413
-0.318,1.677
-0.23,1.417
-0.355,-0.055
-0.368,1.569
-0.408,-0.977
-0.274,-0.171
-0.46,2.253
-0.317,-0.819
-0.478,1.703
-0.404,0.071
-0.505,-0.65
-0.676,1.941
-0.598,2.352
-0.617,1.303
-0.742,2.748
-0.866,0.174
-0.759,1.716
-0.788,2.108
-1.002,2.14
-0.993,2.663
-1.004,1.214
-0.95,2.372
-0.953,0.115
-0.99,0.17
-1.149,2.374
-1.039,0.689
-1.257,2.102
-1.3,0.02
-1.34,0.708
-1.548,-0.996
-1.599,0.546
-1.582,0.447
-1.698,1.72
-1.826,-0.621
-1.862,1.831
-1.968,0.017
-2.098,1.695
-2.125,0.052
-2.301,1.641
-2.389,1.708
-2.368,1.309
-2.488,2.857
-2.496,2.515
-2.416,-0.18
-2.53,-1.012
-2.683,2.868
-2.694,0.353
-2.774,2.806
-2.751,0.249
-2.757,1.867
-2.917,-0.688
-2.793,2.055
-2.857,2.491
-3.063,2.258
3.13,0.778
2.952,2.603
2.969,1.201
2.954,2.82
2.882,1.434
2.737,1.263
2.561,2.439
2.53,1.689
2.522,-0.955
2.492,2.952
2.561,0.18
2.383,1.114
2.368,0.97
2.304,1.377
2.312,-1.003
2.176,0.278
2.01,-0.725
1.793,0.751
1.76,0.501
1.635,1.435
1.733,1.088
1.587,1.816
1.695,1.85
1.606,0.306
1.539,1.247
0.401,-1.217
0.218,-1.401
-0.475,-1.19
-0.985,-1.372
-1.321,-1.399
-1.67,-1.275
-2.68,-1.351
-3.085,-1.312
2.977,-1.302
2.865,-1.475
2.025,-1.457
2.168,-1.105
0.805,3.245
0.471,3.031
0.166,3.204
0.127,2.959
-0.259,3.088
-0.413,3.12
-0.439,3.285
-0.354,3.272
-0.577,3.25
-0.747,3.173
-0.79,3.279
-1.142,3.269
-1.597,3.152
-2.559,3.163
-2.463,3.005
-2.811,3.055
1.913,3.14
0.125,1.596
-0.025,0.79
-0.035,2.452
-2.86,-0.593
-2.962,0.759
-2.96,0.663
2.955,1.992
2.412,1.001
0.789,0.219
-0.371,0.88
-1.823,2.366
-2.678,2.379
2.986,1.859
2.184,0.849
2.189,1.086
2.224,1.205
1.994,2.335
-0.094,-0.016
-1.811,1.148
2.994,1.161
2.192,-0.744
0.565,-0.791
-0.216,-0.739
-0.146,-0.877
0.977,3.268
-0.106,-1.971
-0.106,0.119
-0.018,-0.141
-0.143,-1.613
-0.156,0.011
-0.196,-2.535
-0.062,-1.729
-0.248,0.695
-0.105,-2.377
-0.266,0.145
-0.192,-1.487
-0.293,-2.208
-0.464,0.383
-0.386,0.794
-0.405,-0.255
-0.53,1.19
-0.654,-1.384
-0.547,0.158
-0.576,0.55
-0.79,0.582
-0.781,1.105
-0.792,-0.344
-0.738,0.814
-0.741,-1.443
-0.778,-1.388
-0.937,0.816
-0.827,-0.869
-1.045,0.544
-1.088,-1.538
-1.128,-0.85
-1.336,-2.554
-1.387,-1.012
-1.37,-1.111
-1.486,0.162
-1.614,-2.179
-1.65,0.273
-1.756,-1.541
-1.886,0.137
-1.913,-1.506
-2.089,0.083
-2.177,0.15
-2.156,-0.249
-2.276,1.299
-2.284,0.957
-2.204,-1.738
-2.318,-2.57
-2.471,1.31
-2.482,-1.205
-2.562,1.248
-2.539,-1.309
-2.545,0.309
-2.705,-2.246
-2.581,0.497
-2.645,0.933
-2.851,0.7
-2.941,-0.78
-3.119,1.045
-3.102,-0.357
-3.117,1.262
3.094,-0.124
2.949,-0.295
2.773,0.881
2.742,0.131
2.734,-2.513
2.704,1.394
2.773,-1.378
2.595,-0.444
2.58,-0.588
2.516,-0.181
2.524,-2.561
2.388,-1.28
2.222,-2.283
2.005,-0.807
1.972,-1.057
1.847,-0.123
1.945,-0.47
1.799,0.258
1.907,0.292
1.818,-1.252
1.751,-0.311
0.613,-2.775
0.43,-2.959
-0.263,-2.748
-0.773,-2.93
-1.109,-2.957
-1.458,-2.833
-2.468,-2.909
-2.873,-2.87
-3.094,-2.86
3.077,-3.033
2.237,-3.015
2.38,-2.663
1.017,1.687
0.683,1.473
0.378,1.646
0.339,1.401
-0.047,1.53
-0.201,1.562
-0.227,1.727
-0.142,1.714
-0.365,1.692
-0.535,1.615
-0.578,1.721
-0.93,1.711
-1.385,1.594
-2.347,1.605
-2.251,1.447
-2.599,1.497
2.125,1.582
0.337,0.038
0.187,-0.768
0.177,0.894
-2.648,-2.151
-2.75,-0.799
-2.748,-0.895
-3.116,0.434
2.624,-0.557
1.001,-1.339
-0.159,-0.678
-1.611,0.808
-2.466,0.821
-3.085,0.301
2.396,-0.709
2.401,-0.472
2.436,-0.353
2.206,0.777
0.118,-1.574
-1.599,-0.41
-3.077,-0.397
2.404,-2.302
0.777,-2.349
-0.004,-2.297
0.066,-2.435
1.189,1.71
0.0,2.09
0.088,1.83
-0.037,0.358
-0.05,1.982
-0.09,-0.564
0.044,0.242
-0.142,2.666
0.001,-0.406
-0.16,2.116
-0.086,0.484
-0.187,-0.237
-0.358,2.354
-0.28,2.765
-0.299,1.716
-0.424,3.161
-0.548,0.587
-0.441,2.129
-0.47,2.521
-0.684,2.553
-0.675,3.076
-0.686,1.627
-0.632,2.785
-0.635,0.528
-0.672,0.583
-0.831,2.787
-0.721,1.102
-0.939,2.515
-0.982,0.433
-1.022,1.121
-1.23,-0.583
-1.281,0.959
-1.264,0.86
-1.38,2.133
-1.508,-0.208
-1.544,2.244
-1.65,0.43
-1.78,2.108
-1.807,0.465
-1.983,2.054
-2.071,2.121
-2.05,1.722
-2.17,3.27
-2.178,2.928
-2.098,0.233
-2.212,-0.599
-2.365,3.281
-2.376,0.766
-2.456,3.219
-2.433,0.662
-2.439,2.28
-2.599,-0.275
-2.475,2.468
-2.539,2.904
-2.745,2.671
-2.835,1.191
-3.013,3.016
-2.996,1.614
-3.011,3.233
-3.083,1.847
3.055,1.676
2.879,2.852
2.848,2.102
2.84,-0.542
2.81,3.365
2.879,0.593
2.701,1.527
2.686,1.383
2.622,1.79
2.63,-0.59
2.494,0.691
2.328,-0.312
2.111,1.164
2.078,0.914
1.953,1.848
2.051,1.501
1.905,2.229
2.013,2.263
1.924,0.719
1.857,1.66
0.719,-0.804
0.536,-0.988
-0.157,-0.777
-0.667,-0.959
-1.003,-0.986
-1.352,-0.862
-2.362,-0.938
-2.767,-0.899
-2.988,-0.889
-3.1,-1.062
2.343,-1.044
2.486,-0.692
1.123,3.658
0.789,3.444
0.484,3.617
0.445,3.372
0.059,3.501
-0.095,3.533
-0.121,3.698
-0.036,3.685
-0.259,3.663
-0.429,3.586
-0.472,3.692
-0.824,3.682
-1.279,3.565
-2.241,3.576
-2.145,3.418
-2.493,3.468
2.231,3.553
0.443,2.009
0.293,1.203
0.283,2.865
-2.542,-0.18
-2.644,1.172
-2.642,1.076
-3.01,2.405
2.73,1.414
1.107,0.632
-0.053,1.293
-1.505,2.779
-2.36,2.792
-2.979,2.272
2.502,1.262
2.507,1.499
2.542,1.618
2.312,2.748
0.224,0.397
-1.493,1.561
-2.971,1.574
2.51,-0.331
0.883,-0.378
0.102,-0.326
0.172,-0.464
1.295,3.681
0.088,-0.26
-0.037,-1.732
-0.05,-0.108
-0.09,-2.654
0.044,-1.848
-0.142,0.576
0.001,-2.496
-0.16,0.026
-0.086,-1.606
-0.187,-2.327
-0.358,0.264
-0.28,0.675
-0.299,-0.374
-0.424,1.071
-0.548,-1.503
-0.441,0.039
-0.47,0.431
-0.684,0.463
-0.675,0.986
-0.686,-0.463
-0.632,0.695
-0.635,-1.562
-0.672,-1.507
-0.831,0.697
-0.721,-0.988
-0.939,0.425
-0.982,-1.657
-1.022,-0.969
-1.23,-2.673
-1.281,-1.131
-1.264,-1.23
-1.38,0.043
-1.508,-2.298
-1.544,0.154
-1.65,-1.66
-1.78,0.018
-1.807,-1.625
-1.983,-0.036
-2.071,0.031
-2.05,-0.368
-2.17,1.18
-2.178,0.838
-2.098,-1.857
-2.212,-2.689
-2.365,1.191
-2.376,-1.324
-2.456,1.129
-2.433,-1.428
-2.439,0.19
-2.599,-2.365
-2.475,0.378
-2.539,0.814
-2.745,0.581
-2.835,-0.899
-3.013,0.926
-2.996,-0.476
-3.011,1.143
-3.083,-0.243
3.055,-0.414
2.879,0.762
2.848,0.012
2.84,-2.632
2.81,1.275
2.879,-1.497
2.701,-0.563
2.686,-0.707
2.622,-0.3
2.63,-2.68
2.494,-1.399
2.328,-2.402
2.111,-0.926
2.078,-1.176
1.953,-0.242
2.051,-0.589
1.905,0.139
2.013,0.173
1.924,-1.371
1.857,-0.43
0.719,-2.894
0.536,-3.078
-0.157,-2.867
-0.667,-3.049
-1.003,-3.076
-1.352,-2.952
-2.362,-3.028
-2.767,-2.989
-2.988,-2.979
-3.1,-3.152
2.343,-3.134
2.486,-2.782
1.123,1.568
0.789,1.354
0.484,1.527
0.445,1.282
0.059,1.411
-0.095,1.443
-0.121,1.608
-0.036,1.595
-0.259,1.573
-0.429,1.496
-0.472,1.602
-0.824,1.592
-1.279,1.475
-2.241,1.486
-2.145,1.328
-2.493,1.378
2.231,1.463
0.443,-0.081
0.293,-0.887
0.283,0.775
-2.542,-2.27
-2.644,-0.918
-2.642,-1.014
-3.01,0.315
2.73,-0.676
1.107,-1.458
-0.053,-0.797
-1.505,0.689
-2.36,0.702
-2.979,0.182
2.502,-0.828
2.507,-0.591
2.542,-0.472
2.312,0.658
0.224,-1.693
-1.493,-0.529
-2.971,-0.516
2.51,-2.421
0.883,-2.468
0.102,-2.416
0.172,-2.554
1.295,1.591
-0.125,-1.472
-0.138,0.152
-0.178,-2.394
-0.044,-1.588
-0.23,0.836
-0.087,-2.236
-0.248,0.286
-0.174,-1.346
-0.275,-2.067
-0.446,0.524
-0.368,0.935
-0.387,-0.114
-0.512,1.331
-0.636,-1.243
-0.529,0.299
-0.558,0.691
-0.772,0.723
-0.763,1.246
-0.774,-0.203
-0.72,0.955
-0.723,-1.302
-0.76,-1.247
-0.919,0.957
-0.809,-0.728
-1.027,0.685
-1.07,-1.397
-1.11,-0.709
-1.318,-2.413
-1.369,-0.871
-1.352,-0.97
-1.468,0.303
-1.596,-2.038
-1.632,0.414
-1.738,-1.4
-1.868,0.278
-1.895,-1.365
-2.071,0.224
-2.159,0.291
-2.138,-0.108
-2.258,1.44
-2.266,1.098
-2.186,-1.597
-2.3,-2.429
-2.453,1.451
-2.464,-1.064
-2.544,1.389
-2.521,-1.168
-2.527,0.45
-2.687,-2.105
-2.563,0.638
-2.627,1.074
-2.833,0.841
-2.923,-0.639
-3.101,1.186
-3.084,-0.216
-3.099,1.403
3.112,0.017
2.967,-0.154
2.791,1.022
2.76,0.272
2.752,-2.372
2.722,1.535
2.791,-1.237
2.613,-0.303
2.598,-0.447
2.534,-0.04
2.542,-2.42
2.406,-1.139
2.24,-2.142
2.023,-0.666
1.99,-0.916
1.865,0.018
1.963,-0.329
1.817,0.399
1.925,0.433
1.836,-1.111
1.769,-0.17
0.631,-2.634
0.448,-2.818
-0.245,-2.607
-0.755,-2.789
-1.091,-2.816
-1.44,-2.692
-2.45,-2.768
-2.855,-2.729
-3.076,-2.719
3.095,-2.892
2.255,-2.874
2.398,-2.522
1.035,1.828
0.701,1.614
0.396,1.787
0.357,1.542
-0.029,1.671
-0.183,1.703
-0.209,1.868
-0.124,1.855
-0.347,1.833
-0.517,1.756
-0.56,1.862
-0.912,1.852
-1.367,1.735
-2.329,1.746
-2.233,1.588
-2.581,1.638
2.143,1.723
0.355,0.179
0.205,-0.627
0.195,1.035
-2.63,-2.01
-2.732,-0.658
-2.73,-0.754
-3.098,0.575
2.642,-0.416
1.019,-1.198
-0.141,-0.537
-1.593,0.949
-2.448,0.962
-3.067,0.442
2.414,-0.568
2.419,-0.331
2.454,-0.212
2.224,0.918
0.136,-1.433
-1.581,-0.269
-3.059,-0.256
2.422,-2.161
0.795,-2.208
0.014,-2.156
0.084,-2.294
1.207,1.851
-0.013,1.624
-0.053,-0.922
0.081,-0.116
-0.105,2.308
0.038,-0.764
-0.123,1.758
-0.049,0.126
-0.15,-0.595
-0.321,1.996
-0.243,2.407
-0.262,1.358
-0.387,2.803
-0.511,0.229
-0.404,1.771
-0.433,2.163
-0.647,2.195
-0.638,2.718
-0.649,1.269
-0.595,2.427
-0.598,0.17
-0.635,0.225
-0.794,2.429
-0.684,0.744
-0.902,2.157
-0.945,0.075
-0.985,0.763
-1.193,-0.941
-1.244,0.601
-1.227,0.502
-1.343,1.775
-1.471,-0.566
-1.507,1.886
-1.613,0.072
-1.743,1.75
-1.77,0.107
-1.946,1.696
-2.034,1.763
-2.013,1.364
-2.133,2.912
-2.141,2.57
-2.061,-0.125
-2.175,-0.957
-2.328,2.923
-2.339,0.408
-2.419,2.861
-2.396,0.304
-2.402,1.922
-2.562,-0.633
-2.438,2.11
-2.502,2.546
-2.708,2.313
-2.798,0.833
-2.976,2.658
-2.959,1.256
-2.974,2.875
-3.046,1.489
3.092,1.318
2.916,2.494
2.885,1.744
2.877,-0.9
2.847,3.007
2.916,0.235
2.738,1.169
2.723,1.025
2.659,1.432
2.667,-0.948
2.531,0.333
2.365,-0.67
2.148,0.806
2.115,0.556
1.99,1.49
2.088,1.143
1.942,1.871
2.05,1.905
1.961,0.361
1.894,1.302
0.756,-1.162
0.573,-1.346
-0.12,-1.135
-0.63,-1.317
-0.966,-1.344
-1.315,-1.22
-2.325,-1.296
-2.73,-1.257
-2.951,-1.247
-3.063,-1.42
2.38,-1.402
2.523,-1.05
1.16,3.3
0.826,3.086
0.521,3.259
0.482,3.014
0.096,3.143
-0.058,3.175
-0.084,3.34
0.001,3.327
-0.222,3.305
-0.392,3.228
-0.435,3.334
-0.787,3.324
-1.242,3.207
-2.204,3.218
-2.108,3.06
-2.456,3.11
2.268,3.195
0.48,1.651
0.33,0.845
0.32,2.507
-2.505,-0.538
-2.607,0.814
-2.605,0.718
-2.973,2.047
2.767,1.056
1.144,0.274
-0.016,0.935
-1.468,2.421
-2.323,2.434
-2.942,1.914
2.539,0.904
2.544,1.141
2.579,1.26
2.349,2.39
0.261,0.039
-1.456,1.203
-2.934,1.216
2.547,-0.689
0.92,-0.736
0.139,-0.684
0.209,-0.822
1.332,3.323
-0.04,-2.546
0.094,-1.74
-0.092,0.684
0.051,-2.388
-0.11,0.134
-0.036,-1.498
-0.137,-2.219
-0.308,0.372
-0.23,0.783
-0.249,-0.266
-0.374,1.179
-0.498,-1.395
-0.391,0.147
-0.42,0.539
-0.634,0.571
-0.625,1.094
-0.636,-0.355
-0.582,0.803
-0.585,-1.454
-0.622,-1.399
-0.781,0.805
-0.671,-0.88
-0.889,0.533
-0.932,-1.549
-0.972,-0.861
-1.18,-2.565
-1.231,-1.023
-1.214,-1.122
-1.33,0.151
-1.458,-2.19
-1.494,0.262
-1.6,-1.552
-1.73,0.126
-1.757,-1.517
-1.933,0.072
-2.021,0.139
-2.0,-0.26
-2.12,1.288
-2.128,0.946
-2.048,-1.749
-2.162,-2.581
-2.315,1.299
-2.326,-1.216
-2.406,1.237
-2.383,-1.32
-2.389,0.298
-2.549,-2.257
-2.425,0.486
-2.489,0.922
-2.695,0.689
-2.785,-0.791
-2.963,1.034
-2.946,-0.368
-2.961,1.251
-3.033,-0.135
3.105,-0.306
2.929,0.87
2.898,0.12
2.89,-2.524
2.86,1.383
2.929,-1.389
2.751,-0.455
2.736,-0.599
2.672,-0.192
2.68,-2.572
2.544,-1.291
2.378,-2.294
2.161,-0.818
2.128,-1.068
2.003,-0.134
2.101,-0.481
1.955,0.247
2.063,0.281
1.974,-1.263
1.907,-0.322
0.769,-2.786
0.586,-2.97
-0.107,-2.759
-0.617,-2.941
-0.953,-2.968
-1.302,-2.844
-2.312,-2.92
-2.717,-2.881
-2.938,-2.871
-3.05,-3.044
2.393,-3.026
2.536,-2.674
1.173,1.676
0.839,1.462
0.534,1.635
0.495,1.39
0.109,1.519
-0.045,1.551
-0.071,1.716
0.014,1.703
-0.209,1.681
-0.379,1.604
-0.422,1.71
-0.774,1.7
-1.229,1.583
-2.191,1.594
-2.095,1.436
-2.443,1.486
2.281,1.571
0.493,0.027
0.343,-0.779
0.333,0.883
-2.492,-2.162
-2.594,-0.81
-2.592,-0.906
-2.96,0.423
2.78,-0.568
1.157,-1.35
-0.003,-0.689
-1.455,0.797
-2.31,0.81
-2.929,0.29
2.552,-0.72
2.557,-0.483
2.592,-0.364
2.362,0.766
0.274,-1.585
-1.443,-0.421
-2.921,-0.408
2.56,-2.313
0.933,-2.36
0.152,-2.308
0.222,-2.446
1.345,1.699
0.134,0.806
-0.052,3.23
0.091,0.158
-0.07,2.68
0.004,1.048
-0.097,0.327
-0.268,2.918
-0.19,3.329
-0.209,2.28
-0.334,3.725
-0.458,1.151
-0.351,2.693
-0.38,3.085
-0.594,3.117
-0.585,3.64
-0.596,2.191
-0.542,3.349
-0.545,1.092
-0.582,1.147
-0.741,3.351
-0.631,1.666
-0.849,3.079
-0.892,0.997
-0.932,1.685
-1.14,-0.019
-1.191,1.523
-1.174,1.424
-1.29,2.697
-1.418,0.356
-1.454,2.808
-1.56,0.994
-1.69,2.672
-1.717,1.029
-1.893,2.618
-1.981,2.685
-1.96,2.286
-2.08,3.834
-2.088,3.492
-2.008,0.797
-2.122,-0.035
-2.275,3.845
-2.286,1.33
-2.366,3.783
-2.343,1.226
-2.349,2.844
-2.509,0.289
-2.385,3.032
-2.449,3.468
-2.655,3.235
-2.745,1.755
-2.923,3.58
-2.906,2.178
-2.921,3.797
-2.993,2.411
-3.138,2.24
2.969,3.416
2.938,2.666
2.93,0.022
2.9,3.929
2.969,1.157
2.791,2.091
2.776,1.947
2.712,2.354
2.72,-0.026
2.584,1.255
2.418,0.252
2.201,1.728
2.168,1.478
2.043,2.412
2.141,2.065
1.995,2.793
2.103,2.827
2.014,1.283
1.947,2.224
0.809,-0.24
0.626,-0.424
-0.067,-0.213
-0.577,-0.395
-0.913,-0.422
-1.262,-0.298
-2.272,-0.374
-2.677,-0.335
-2.898,-0.325
-3.01,-0.498
2.433,-0.48
2.576,-0.128
1.213,4.222
0.879,4.008
0.574,4.181
0.535,3.936
0.149,4.065
-0.005,4.097
-0.031,4.262
0.054,4.249
-0.169,4.227
-0.339,4.15
-0.382,4.256
-0.734,4.246
-1.189,4.129
-2.151,4.14
-2.055,3.982
-2.403,4.032
2.321,4.117
0.533,2.573
0.383,1.767
0.373,3.429
-2.452,0.384
-2.554,1.736
-2.552,1.64
-2.92,2.969
2.82,1.978
1.197,1.196
0.037,1.857
-1.415,3.343
-2.27,3.356
-2.889,2.836
2.592,1.826
2.597,2.063
2.632,2.182
2.402,3.312
0.314,0.961
-1.403,2.125
-2.881,2.138
2.6,0.233
0.973,0.186
0.192,0.238
0.262,0.1
1.385,4.245
-0.186,2.424
-0.043,-0.648
-0.204,1.874
-0.13,0.242
-0.231,-0.479
-0.402,2.112
-0.324,2.523
-0.343,1.474
-0.468,2.919
-0.592,0.345
-0.485,1.887
-0.514,2.279
-0.728,2.311
-0.719,2.834
-0.73,1.385
-0.676,2.543
-0.679,0.286
-0.716,0.341
-0.875,2.545
-0.765,0.86
-0.983,2.273
-1.026,0.191
-1.066,0.879
-1.274,-0.825
-1.325,0.717
-1.308,0.618
-1.424,1.891
-1.552,-0.45
-1.588,2.002
-1.694,0.188
-1.824,1.866
-1.851,0.223
-2.027,1.812
-2.115,1.879
-2.094,1.48
-2.214,3.028
-2.222,2.686
-2.142,-0.009
-2.256,-0.841
-2.409,3.039
-2.42,0.524
-2.5,2.977
-2.477,0.42
-2.483,2.038
-2.643,-0.517
-2.519,2.226
-2.583,2.662
-2.789,2.429
-2.879,0.949
-3.057,2.774
-3.04,1.372
-3.055,2.991
-3.127,1.605
3.011,1.434
2.835,2.61
2.804,1.86
2.796,-0.784
2.766,3.123
2.835,0.351
2.657,1.285
2.642,1.141
2.578,1.548
2.586,-0.832
2.45,0.449
2.284,-0.554
2.067,0.922
2.034,0.672
1.909,1.606
2.007,1.259
1.861,1.987
1.969,2.021
1.88,0.477
1.813,1.418
0.675,-1.046
0.492,-1.23
-0.201,-1.019
-0.711,-1.201
-1.047,-1.228
-1.396,-1.104
-2.406,-1.18
-2.811,-1.141
-3.032,-1.131
3.139,-1.304
2.299,-1.286
2.442,-0.934
1.079,3.416
0.745,3.202
0.44,3.375
0.401,3.13
0.015,3.259
-0.139,3.291
-0.165,3.456
-0.08,3.443
-0.303,3.421
-0.473,3.344
-0.516,3.45
-0.868,3.44
-1.323,3.323
-2.285,3.334
-2.189,3.176
-2.537,3.226
2.187,3.311
0.399,1.767
0.249,0.961
0.239,2.623
-2.586,-0.422
-2.688,0.93
-2.686,0.834
-3.054,2.163
2.686,1.172
1.063,0.39
-0.097,1.051
-1.549,2.537
-2.404,2.55
-3.023,2.03
2.458,1.02
2.463,1.257
2.498,1.376
2.268,2.506
0.18,0.155
-1.537,1.319
-3.015,1.332
2.466,-0.573
0.839,-0.62
0.058,-0.568
0.128,-0.706
1.251,3.439
0.143,-3.072
-0.018,-0.55
0.056,-2.182
-0.045,-2.903
-0.216,-0.312
-0.138,0.099
-0.157,-0.95
-0.282,0.495
-0.406,-2.079
-0.299,-0.537
-0.328,-0.145
-0.542,-0.113
-0.533,0.41
-0.544,-1.039
-0.49,0.119
-0.493,-2.138
-0.53,-2.083
-0.689,0.121
-0.579,-1.564
-0.797,-0.151
-0.84,-2.233
-0.88,-1.545
-1.088,-3.249
-1.139,-1.707
-1.122,-1.806
-1.238,-0.533
-1.366,-2.874
-1.402,-0.422
-1.508,-2.236
-1.638,-0.558
-1.665,-2.201
-1.841,-0.612
-1.929,-0.545
-1.908,-0.944
-2.028,0.604
-2.036,0.262
-1.956,-2.433
-2.07,-3.265
-2.223,0.615
-2.234,-1.9
-2.314,0.553
-2.291,-2.004
-2.297,-0.386
-2.457,-2.941
-2.333,-0.198
-2.397,0.238
-2.603,0.005
-2.693,-1.475
-2.871,0.35
-2.854,-1.052
-2.869,0.567
-2.941,-0.819
-3.086,-0.99
3.021,0.186
2.99,-0.564
2.982,-3.208
2.952,0.699
3.021,-2.073
2.843,-1.139
2.828,-1.283
2.764,-0.876
2.772,-3.256
2.636,-1.975
2.47,-2.978
2.253,-1.502
2.22,-1.752
2.095,-0.818
2.193,-1.165
2.047,-0.437
2.155,-0.403
2.066,-1.947
1.999,-1.006
0.861,-3.47
0.678,-3.654
-0.015,-3.443
-0.525,-3.625
-0.861,-3.652
-1.21,-3.528
-2.22,-3.604
-2.625,-3.565
-2.846,-3.555
-2.958,-3.728
2.485,-3.71
2.628,-3.358
1.265,0.992
0.931,0.778
0.626,0.951
0.587,0.706
0.201,0.835
0.047,0.867
0.021,1.032
0.106,1.019
-0.117,0.997
-0.287,0.92
-0.33,1.026
-0.682,1.016
-1.137,0.899
-2.099,0.91
-2.003,0.752
-2.351,0.802
2.373,0.887
0.585,-0.657
0.435,-1.463
0.425,0.199
-2.4,-2.846
-2.502,-1.494
-2.5,-1.59
-2.868,-0.261
2.872,-1.252
1.249,-2.034
0.089,-1.373
-1.363,0.113
-2.218,0.126
-2.837,-0.394
2.644,-1.404
2.649,-1.167
2.684,-1.048
2.454,0.082
0.366,-2.269
-1.351,-1.105
-2.829,-1.092
2.652,-2.997
1.025,-3.044
0.244,-2.992
0.314,-3.13
1.437,1.015
-0.161,2.522
-0.087,0.89
-0.188,0.169
-0.359,2.76
-0.281,3.171
-0.3,2.122
-0.425,3.567
-0.549,0.993
-0.442,2.535
-0.471,2.927
-0.685,2.959
-0.676,3.482
-0.687,2.033
-0.633,3.191
-0.636,0.934
-0.673,0.989
-0.832,3.193
-0.722,1.508
-0.94,2.921
-0.983,0.839
-1.023,1.527
-1.231,-0.177
-1.282,1.365
-1.265,1.266
-1.381,2.539
-1.509,0.198
-1.545,2.65
-1.651,0.836
-1.781,2.514
-1.808,0.871
-1.984,2.46
-2.072,2.527
-2.051,2.128
-2.171,3.676
-2.179,3.334
-2.099,0.639
-2.213,-0.193
-2.366,3.687
-2.377,1.172
-2.457,3.625
-2.434,1.068
-2.44,2.686
-2.6,0.131
-2.476,2.874
-2.54,3.31
-2.746,3.077
-2.836,1.597
-3.014,3.422
-2.997,2.02
-3.012,3.639
-3.084,2.253
3.054,2.082
2.878,3.258
2.847,2.508
2.839,-0.136
2.809,3.771
2.878,0.999
2.7,1.933
2.685,1.789
2.621,2.196
2.629,-0.184
2.493,1.097
2.327,0.094
2.11,1.57
2.077,1.32
1.952,2.254
2.05,1.907
1.904,2.635
2.012,2.669
1.923,1.125
1.856,2.066
0.718,-0.398
0.535,-0.582
-0.158,-0.371
-0.668,-0.553
-1.004,-0.58
-1.353,-0.456
-2.363,-0.532
-2.768,-0.493
-2.989,-0.483
-3.101,-0.656
2.342,-0.638
2.485,-0.286
1.122,4.064
0.788,3.85
0.483,4.023
0.444,3.778
0.058,3.907
-0.096,3.939
-0.122,4.104
-0.037,4.091
-0.26,4.069
-0.43,3.992
-0.473,4.098
-0.825,4.088
-1.28,3.971
-2.242,3.982
-2.146,3.824
-2.494,3.874
2.23,3.959
0.442,2.415
0.292,1.609
0.282,3.271
-2.543,0.226
-2.645,1.578
-2.643,1.482
-3.011,2.811
2.729,1.82
1.106,1.038
-0.054,1.699
-1.506,3.185
-2.361,3.198
-2.98,2.678
2.501,1.668
2.506,1.905
2.541,2.024
2.311,3.154
0.223,0.803
-1.494,1.967
-2.972,1.98
2.509,0.075
0.882,0.028
0.101,0.08
0.171,-0.058
1.294,4.087
0.074,-1.632
-0.027,-2.353
-0.198,0.238
-0.12,0.649
-0.139,-0.4
-0.264,1.045
-0.388,-1.529
-0.281,0.013
-0.31,0.405
-0.524,0.437
-0.515,0.96
-0.526,-0.489
-0.472,0.669
-0.475,-1.588
-0.512,-1.533
-0.671,0.671
-0.561,-1.014
-0.779,0.399
-0.822,-1.683
-0.862,-0.995
-1.07,-2.699
-1.121,-1.157
-1.104,-1.256
-1.22,0.017
-1.348,-2.324
-1.384,0.128
-1.49,-1.686
-1.62,-0.008
-1.647,-1.651
-1.823,-0.062
-1.911,0.005
-1.89,-0.394
-2.01,1.154
-2.018,0.812
-1.938,-1.883
-2.052,-2.715
-2.205,1.165
-2.216,-1.35
-2.296,1.103
-2.273,-1.454
-2.279,0.164
-2.439,-2.391
-2.315,0.352
-2.379,0.788
-2.585,0.555
-2.675,-0.925
-2.853,0.9
-2.836,-0.502
-2.851,1.117
-2.923,-0.269
-3.068,-0.44
3.039,0.736
3.008,-0.014
3.0,-2.658
2.97,1.249
3.039,-1.523
2.861,-0.589
2.846,-0.733
2.782,-0.326
2.79,-2.706
2.654,-1.425
2.488,-2.428
2.271,-0.952
2.238,-1.202
2.113,-0.268
2.211,-0.615
2.065,0.113
2.173,0.147
2.084,-1.397
2.017,-0.456
0.879,-2.92
0.696,-3.104
0.003,-2.893
-0.507,-3.075
-0.843,-3.102
-1.192,-2.978
-2.202,-3.054
-2.607,-3.015
-2.828,-3.005
-2.94,-3.178
2.503,-3.16
2.646,-2.808
1.283,1.542
0.949,1.328
0.644,1.501
0.605,1.256
0.219,1.385
0.065,1.417
0.039,1.582
0.124,1.569
-0.099,1.547
-0.269,1.47
-0.312,1.576
-0.664,1.566
-1.119,1.449
-2.081,1.46
-1.985,1.302
-2.333,1.352
2.391,1.437
0.603,-0.107
0.453,-0.913
0.443,0.749
-2.382,-2.296
-2.484,-0.944
-2.482,-1.04
-2.85,0.289
2.89,-0.702
1.267,-1.484
0.107,-0.823
-1.345,0.663
-2.2,0.676
-2.819,0.156
2.662,-0.854
2.667,-0.617
2.702,-0.498
2.472,0.632
0.384,-1.719
-1.333,-0.555
-2.811,-0.542
2.67,-2.447
1.043,-2.494
0.262,-2.442
0.332,-2.58
1.455,1.565
-0.101,-0.721
-0.272,1.87
-0.194,2.281
-0.213,1.232
-0.338,2.677
-0.462,0.103
-0.355,1.645
-0.384,2.037
-0.598,2.069
-0.589,2.592
-0.6,1.143
-0.546,2.301
-0.549,0.044
-0.586,0.099
-0.745,2.303
-0.635,0.618
-0.853,2.031
-0.896,-0.051
-0.936,0.637
-1.144,-1.067
-1.195,0.475
-1.178,0.376
-1.294,1.649
-1.422,-0.692
-1.458,1.76
-1.564,-0.054
-1.694,1.624
-1.721,-0.019
-1.897,1.57
-1.985,1.637
-1.964,1.238
-2.084,2.786
-2.092,2.444
-2.012,-0.251
-2.126,-1.083
-2.279,2.797
-2.29,0.282
-2.37,2.735
-2.347,0.178
-2.353,1.796
-2.513,-0.759
-2.389,1.984
-2.453,2.42
-2.659,2.187
-2.749,0.707
-2.927,2.532
-2.91,1.13
-2.925,2.749
-2.997,1.363
3.141,1.192
2.965,2.368
2.934,1.618
2.926,-1.026
2.896,2.881
2.965,0.109
2.787,1.043
2.772,0.899
2.708,1.306
2.716,-1.074
2.58,0.207
2.414,-0.796
2.197,0.68
2.164,0.43
2.039,1.364
2.137,1.017
1.991,1.745
2.099,1.779
2.01,0.235
1.943,1.176
0.805,-1.288
0.622,-1.472
-0.071,-1.261
-0.581,-1.443
-0.917,-1.47
-1.266,-1.346
-2.276,-1.422
-2.681,-1.383
-2.902,-1.373
-3.014,-1.546
2.429,-1.528
2.572,-1.176
1.209,3.174
0.875,2.96
0.57,3.133
0.531,2.888
0.145,3.017
-0.009,3.049
-0.035,3.214
0.05,3.201
-0.173,3.179
-0.343,3.102
-0.386,3.208
-0.738,3.198
-1.193,3.081
-2.155,3.092
-2.059,2.934
-2.407,2.984
2.317,3.069
0.529,1.525
0.379,0.719
0.369,2.381
-2.456,-0.664
-2.558,0.688
-2.556,0.592
-2.924,1.921
2.816,0.93
1.193,0.148
0.033,0.809
-1.419,2.295
-2.274,2.308
-2.893,1.788
2.588,0.778
2.593,1.015
2.628,1.134
2.398,2.264
0.31,-0.087
-1.407,1.077
-2.885,1.09
2.596,-0.815
0.969,-0.862
0.188,-0.81
0.258,-0.948
1.381,3.197
-0.171,2.591
-0.093,3.002
-0.112,1.953
-0.237,3.398
-0.361,0.824
-0.254,2.366
-0.283,2.758
-0.497,2.79
-0.488,3.313
-0.499,1.864
-0.445,3.022
-0.448,0.765
-0.485,0.82
-0.644,3.024
-0.534,1.339
-0.752,2.752
-0.795,0.67
-0.835,1.358
-1.043,-0.346
-1.094,1.196
-1.077,1.097
-1.193,2.37
-1.321,0.029
-1.357,2.481
-1.463,0.667
-1.593,2.345
-1.62,0.702
-1.796,2.291
-1.884,2.358
-1.863,1.959
-1.983,3.507
-1.991,3.165
-1.911,0.47
-2.025,-0.362
-2.178,3.518
-2.189,1.003
-2.269,3.456
-2.246,0.899
-2.252,2.517
-2.412,-0.038
-2.288,2.705
-2.352,3.141
-2.558,2.908
-2.648,1.428
-2.826,3.253
-2.809,1.851
-2.824,3.47
-2.896,2.084
-3.041,1.913
3.066,3.089
3.035,2.339
3.027,-0.305
2.997,3.602
3.066,0.83
2.888,1.764
2.873,1.62
2.809,2.027
2.817,-0.353
2.681,0.928
2.515,-0.075
2.298,1.401
2.265,1.151
2.14,2.085
2.238,1.738
2.092,2.466
2.2,2.5
2.111,0.956
2.044,1.897
0.906,-0.567
0.723,-0.751
0.03,-0.54
-0.48,-0.722
-0.816,-0.749
-1.165,-0.625
-2.175,-0.701
-2.58,-0.662
-2.801,-0.652
-2.913,-0.825
2.53,-0.807
2.673,-0.455
1.31,3.895
0.976,3.681
0.671,3.854
0.632,3.609
0.246,3.738
0.092,3.77
0.066,3.935
0.151,3.922
-0.072,3.9
-0.242,3.823
-0.285,3.929
-0.637,3.919
-1.092,3.802
-2.054,3.813
-1.958,3.655
-2.306,3.705
2.418,3.79
0.63,2.246
0.48,1.44
0.47,3.102
-2.355,0.057
-2.457,1.409
-2.455,1.313
-2.823,2.642
2.917,1.651
1.294,0.869
0.134,1.53
-1.318,3.016
-2.173,3.029
-2.792,2.509
2.689,1.499
2.694,1.736
2.729,1.855
2.499,2.985
0.411,0.634
-1.306,1.798
-2.784,1.811
2.697,-0.094
1.07,-0.141
0.289,-0.089
0.359,-0.227
1.482,3.918
0.078,0.411
0.059,-0.638
-0.066,0.807
-0.19,-1.767
-0.083,-0.225
-0.112,0.167
-0.326,0.199
-0.317,0.722
-0.328,-0.727
-0.274,0.431
-0.277,-1.826
-0.314,-1.771
-0.473,0.433
-0.363,-1.252
-0.581,0.161
-0.624,-1.921
-0.664,-1.233
-0.872,-2.937
-0.923,-1.395
-0.906,-1.494
-1.022,-0.221
-1.15,-2.562
-1.186,-0.11
-1.292,-1.924
-1.422,-0.246
-1.449,-1.889
-1.625,-0.3
-1.713,-0.233
-1.692,-0.632
-1.812,0.916
-1.82,0.574
-1.74,-2.121
-1.854,-2.953
-2.007,0.927
-2.018,-1.588
-2.098,0.865
-2.075,-1.692
-2.081,-0.074
-2.241,-2.629
-2.117,0.114
-2.181,0.55
-2.387,0.317
-2.477,-1.163
-2.655,0.662
-2.638,-0.74
-2.653,0.879
-2.725,-0.507
-2.87,-0.678
-3.046,0.498
-3.077,-0.252
-3.085,-2.896
-3.115,1.011
-3.046,-1.761
3.059,-0.827
3.044,-0.971
2.98,-0.564
2.988,-2.944
2.852,-1.663
2.686,-2.666
2.469,-1.19
2.436,-1.44
2.311,-0.506
2.409,-0.853
2.263,-0.125
2.371,-0.091
2.282,-1.635
2.215,-0.694
1.077,-3.158
0.894,-3.342
0.201,-3.131
-0.309,-3.313
-0.645,-3.34
-0.994,-3.216
-2.004,-3.292
-2.409,-3.253
-2.63,-3.243
-2.742,-3.416
2.701,-3.398
2.844,-3.046
1.481,1.304
1.147,1.09
0.842,1.263
0.803,1.018
0.417,1.147
0.263,1.179
0.237,1.344
0.322,1.331
0.099,1.309
-0.071,1.232
-0.114,1.338
-0.466,1.328
-0.921,1.211
-1.883,1.222
-1.787,1.064
-2.135,1.114
2.589,1.199
0.801,-0.345
0.651,-1.151
0.641,0.511
-2.184,-2.534
-2.286,-1.182
-2.284,-1.278
-2.652,0.051
3.088,-0.94
1.465,-1.722
0.305,-1.061
-1.147,0.425
-2.002,0.438
-2.621,-0.082
2.86,-1.092
2.865,-0.855
2.9,-0.736
2.67,0.394
0.582,-1.957
-1.135,-0.793
-2.613,-0.78
2.868,-2.685
1.241,-2.732
0.46,-2.68
0.53,-2.818
1.653,1.327
-0.019,-1.049
-0.144,0.396
-0.268,-2.178
-0.161,-0.636
-0.19,-0.244
-0.404,-0.212
-0.395,0.311
-0.406,-1.138
-0.352,0.02
-0.355,-2.237
-0.392,-2.182
-0.551,0.022
-0.441,-1.663
-0.659,-0.25
-0.702,-2.332
-0.742,-1.644
-0.95,-3.348
-1.001,-1.806
-0.984,-1.905
-1.1,-0.632
-1.228,-2.973
-1.264,-0.521
-1.37,-2.335
-1.5,-0.657
-1.527,-2.3
-1.703,-0.711
-1.791,-0.644
-1.77,-1.043
-1.89,0.505
-1.898,0.163
-1.818,-2.532
-1.932,-3.364
-2.085,0.516
-2.096,-1.999
-2.176,0.454
-2.153,-2.103
-2.159,-0.485
-2.319,-3.04
-2.195,-0.297
-2.259,0.139
-2.465,-0.094
-2.555,-1.574
-2.733,0.251
-2.716,-1.151
-2.731,0.468
-2.803,-0.918
-2.948,-1.089
-3.124,0.087
3.128,-0.663
3.12,-3.307
3.09,0.6
-3.124,-2.172
2.981,-1.238
2.966,-1.382
2.902,-0.975
2.91,-3.355
2.774,-2.074
2.608,-3.077
2.391,-1.601
2.358,-1.851
2.233,-0.917
2.331,-1.264
2.185,-0.536
2.293,-0.502
2.204,-2.046
2.137,-1.105
0.999,-3.569
0.816,-3.753
0.123,-3.542
-0.387,-3.724
-0.723,-3.751
-1.072,-3.627
-2.082,-3.703
-2.487,-3.664
-2.708,-3.654
-2.82,-3.827
2.623,-3.809
2.766,-3.457
1.403,0.893
1.069,0.679
0.764,0.852
0.725,0.607
0.339,0.736
0.185,0.768
0.159,0.933
0.244,0.92
0.021,0.898
-0.149,0.821
-0.192,0.927
-0.544,0.917
-0.999,0.8
-1.961,0.811
-1.865,0.653
-2.213,0.703
2.511,0.788
0.723,-0.756
0.573,-1.562
0.563,0.1
-2.262,-2.945
-2.364,-1.593
-2.362,-1.689
-2.73,-0.36
3.01,-1.351
1.387,-2.133
0.227,-1.472
-1.225,0.014
-2.08,0.027
-2.699,-0.493
2.782,-1.503
2.787,-1.266
2.822,-1.147
2.592,-0.017
0.504,-2.368
-1.213,-1.204
-2.691,-1.191
2.79,-3.096
1.163,-3.143
0.382,-3.091
0.452,-3.229
1.575,0.916
-0.125,1.445
-0.249,-1.129
-0.142,0.413
-0.171,0.805
-0.385,0.837
-0.376,1.36
-0.387,-0.089
-0.333,1.069
-0.336,-1.188
-0.373,-1.133
-0.532,1.071
-0.422,-0.614
-0.64,0.799
-0.683,-1.283
-0.723,-0.595
-0.931,-2.299
-0.982,-0.757
-0.965,-0.856
-1.081,0.417
-1.209,-1.924
-1.245,0.528
-1.351,-1.286
-1.481,0.392
-1.508,-1.251
-1.684,0.338
-1.772,0.405
-1.751,0.006
-1.871,1.554
-1.879,1.212
-1.799,-1.483
-1.913,-2.315
-2.066,1.565
-2.077,-0.95
-2.157,1.503
-2.134,-1.054
-2.14,0.564
-2.3,-1.991
-2.176,0.752
-2.24,1.188
-2.446,0.955
-2.536,-0.525
-2.714,1.3
-2.697,-0.102
-2.712,1.517
-2.784,0.131
-2.929,-0.04
-3.105,1.136
-3.136,0.386
3.139,-2.258
3.109,1.649
-3.105,-1.123
3.0,-0.189
2.985,-0.333
2.921,0.074
2.929,-2.306
2.793,-1.025
2.627,-2.028
2.41,-0.552
2.377,-0.802
2.252,0.132
2.35,-0.215
2.204,0.513
2.312,0.547
2.223,-0.997
2.156,-0.056
1.018,-2.52
0.835,-2.704
0.142,-2.493
-0.368,-2.675
-0.704,-2.702
-1.053,-2.578
-2.063,-2.654
-2.468,-2.615
-2.689,-2.605
-2.801,-2.778
2.642,-2.76
2.785,-2.408
1.422,1.942
1.088,1.728
0.783,1.901
0.744,1.656
0.358,1.785
0.204,1.817
0.178,1.982
0.263,1.969
0.04,1.947
-0.13,1.87
-0.173,1.976
-0.525,1.966
-0.98,1.849
-1.942,1.86
-1.846,1.702
-2.194,1.752
2.53,1.837
0.742,0.293
0.592,-0.513
0.582,1.149
-2.243,-1.896
-2.345,-0.544
-2.343,-0.64
-2.711,0.689
3.029,-0.302
1.406,-1.084
0.246,-0.423
-1.206,1.063
-2.061,1.076
-2.68,0.556
2.801,-0.454
2.806,-0.217
2.841,-0.098
2.611,1.032
0.523,-1.319
-1.194,-0.155
-2.672,-0.142
2.809,-2.047
1.182,-2.094
0.401,-2.042
0.471,-2.18
1.594,1.965
-0.124,-2.574
-0.017,-1.032
-0.046,-0.64
-0.26,-0.608
-0.251,-0.085
-0.262,-1.534
-0.208,-0.376
-0.211,-2.633
-0.248,-2.578
-0.407,-0.374
-0.297,-2.059
-0.515,-0.646
-0.558,-2.728
-0.598,-2.04
-0.806,-3.744
-0.857,-2.202
-0.84,-2.301
-0.956,-1.028
-1.084,-3.369
-1.12,-0.917
-1.226,-2.731
-1.356,-1.053
-1.383,-2.696
-1.559,-1.107
-1.647,-1.04
-1.626,-1.439
-1.746,0.109
-1.754,-0.233
-1.674,-2.928
-1.788,-3.76
-1.941,0.12
-1.952,-2.395
-2.032,0.058
-2.009,-2.499
-2.015,-0.881
-2.175,-3.436
-2.051,-0.693
-2.115,-0.257
-2.321,-0.49
-2.411,-1.97
-2.589,-0.145
-2.572,-1.547
-2.587,0.072
-2.659,-1.314
-2.804,-1.485
-2.98,-0.309
-3.011,-1.059
-3.019,-3.703
-3.049,0.204
-2.98,-2.568
3.125,-1.634
3.11,-1.778
3.046,-1.371
3.054,-3.751
2.918,-2.47
2.752,-3.473
2.535,-1.997
2.502,-2.247
2.377,-1.313
2.475,-1.66
2.329,-0.932
2.437,-0.898
2.348,-2.442
2.281,-1.501
1.143,-3.965
0.96,-4.149
0.267,-3.938
-0.243,-4.12
-0.579,-4.147
-0.928,-4.023
-1.938,-4.099
-2.343,-4.06
-2.564,-4.05
-2.676,-4.223
2.767,-4.205
2.91,-3.853
1.547,0.497
1.213,0.283
0.908,0.456
0.869,0.211
0.483,0.34
0.329,0.372
0.303,0.537
0.388,0.524
0.165,0.502
-0.005,0.425
-0.048,0.531
-0.4,0.521
-0.855,0.404
-1.817,0.415
-1.721,0.257
-2.069,0.307
2.655,0.392
0.867,-1.152
0.717,-1.958
0.707,-0.296
-2.118,-3.341
-2.22,-1.989
-2.218,-2.085
-2.586,-0.756
-3.129,-1.747
1.531,-2.529
0.371,-1.868
-1.081,-0.382
-1.936,-0.369
-2.555,-0.889
2.926,-1.899
2.931,-1.662
2.966,-1.543
2.736,-0.413
0.648,-2.764
-1.069,-1.6
-2.547,-1.587
2.934,-3.492
1.307,-3.539
0.526,-3.487
0.596,-3.625
1.719,0.52
0.107,1.542
0.078,1.934
-0.136,1.966
-0.127,2.489
-0.138,1.04
-0.084,2.198
-0.087,-0.059
-0.124,-0.004
-0.283,2.2
-0.173,0.515
-0.391,1.928
-0.434,-0.154
-0.474,0.534
-0.682,-1.17
-0.733,0.372
-0.716,0.273
-0.832,1.546
-0.96,-0.795
-0.996,1.657
-1.102,-0.157
-1.232,1.521
-1.259,-0.122
-1.435,1.467
-1.523,1.534
-1.502,1.135
-1.622,2.683
-1.63,2.341
-1.55,-0.354
-1.664,-1.186
-1.817,2.694
-1.828,0.179
-1.908,2.632
-1.885,0.075
-1.891,1.693
-2.051,-0.862
-1.927,1.881
-1.991,2.317
-2.197,2.084
-2.287,0.604
-2.465,2.429
-2.448,1.027
-2.463,2.646
-2.535,1.26
-2.68,1.089
-2.856,2.265
-2.887,1.515
-2.895,-1.129
-2.925,2.778
-2.856,0.006
-3.034,0.94
-3.049,0.796
-3.113,1.203
-3.105,-1.177
3.042,0.104
2.876,-0.899
2.659,0.577
2.626,0.327
2.501,1.261
2.599,0.914
2.453,1.642
2.561,1.676
2.472,0.132
2.405,1.073
1.267,-1.391
1.084,-1.575
0.391,-1.364
-0.119,-1.546
-0.455,-1.573
-0.804,-1.449
-1.814,-1.525
-2.219,-1.486
-2.44,-1.476
-2.552,-1.649
2.891,-1.631
3.034,-1.279
1.671,3.071
1.337,2.857
1.032,3.03
0.993,2.785
0.607,2.914
0.453,2.946
0.427,3.111
0.512,3.098
0.289,3.076
0.119,2.999
0.076,3.105
-0.276,3.095
-0.731,2.978
-1.693,2.989
-1.597,2.831
-1.945,2.881
2.779,2.966
0.991,1.422
0.841,0.616
0.831,2.278
-1.994,-0.767
-2.096,0.585
-2.094,0.489
-2.462,1.818
-3.005,0.827
1.655,0.045
0.495,0.706
-0.957,2.192
-1.812,2.205
-2.431,1.685
3.05,0.675
3.055,0.912
3.09,1.031
2.86,2.161
0.772,-0.19
-0.945,0.974
-2.423,0.987
3.058,-0.918
1.431,-0.965
0.65,-0.913
0.72,-1.051
1.843,3.094
-0.029,0.392
-0.243,0.424
-0.234,0.947
-0.245,-0.502
-0.191,0.656
-0.194,-1.601
-0.231,-1.546
-0.39,0.658
-0.28,-1.027
-0.498,0.386
-0.541,-1.696
-0.581,-1.008
-0.789,-2.712
-0.84,-1.17
-0.823,-1.269
-0.939,0.004
-1.067,-2.337
-1.103,0.115
-1.209,-1.699
-1.339,-0.021
-1.366,-1.664
-1.542,-0.075
-1.63,-0.008
-1.609,-0.407
-1.729,1.141
-1.737,0.799
-1.657,-1.896
-1.771,-2.728
-1.924,1.152
-1.935,-1.363
-2.015,1.09
-1.992,-1.467
-1.998,0.151
-2.158,-2.404
-2.034,0.339
-2.098,0.775
-2.304,0.542
-2.394,-0.938
-2.572,0.887
-2.555,-0.515
-2.57,1.104
-2.642,-0.282
-2.787,-0.453
-2.963,0.723
-2.994,-0.027
-3.002,-2.671
-3.032,1.236
-2.963,-1.536
-3.141,-0.602
3.127,-0.746
3.063,-0.339
3.071,-2.719
2.935,-1.438
2.769,-2.441
2.552,-0.965
2.519,-1.215
2.394,-0.281
2.492,-0.628
2.346,0.1
2.454,0.134
2.365,-1.41
2.298,-0.469
1.16,-2.933
0.977,-3.117
0.284,-2.906
-0.226,-3.088
-0.562,-3.115
-0.911,-2.991
-1.921,-3.067
-2.326,-3.028
-2.547,-3.018
-2.659,-3.191
2.784,-3.173
2.927,-2.821
1.564,1.529
1.23,1.315
0.925,1.488
0.886,1.243
0.5,1.372
0.346,1.404
0.32,1.569
0.405,1.556
0.182,1.534
0.012,1.457
-0.031,1.563
-0.383,1.553
-0.838,1.436
-1.8,1.447
-1.704,1.289
-2.052,1.339
2.672,1.424
0.884,-0.12
0.734,-0.926
0.724,0.736
-2.101,-2.309
-2.203,-0.957
-2.201,-1.053
-2.569,0.276
-3.112,-0.715
1.548,-1.497
0.388,-0.836
-1.064,0.65
-1.919,0.663
-2.538,0.143
2.943,-0.867
2.948,-0.63
2.983,-0.511
2.753,0.619
0.665,-1.732
-1.052,-0.568
-2.53,-0.555
2.951,-2.46
1.324,-2.507
0.543,-2.455
0.613,-2.593
1.736,1.552
-0.214,0.032
-0.205,0.555
-0.216,-0.894
-0.162,0.264
-0.165,-1.993
-0.202,-1.938
-0.361,0.266
-0.251,-1.419
-0.469,-0.006
-0.512,-2.088
-0.552,-1.4
-0.76,-3.104
-0.811,-1.562
-0.794,-1.661
-0.91,-0.388
-1.038,-2.729
-1.074,-0.277
-1.18,-2.091
-1.31,-0.413
-1.337,-2.056
-1.513,-0.467
-1.601,-0.4
-1.58,-0.799
-1.7,0.749
-1.708,0.407
-1.628,-2.288
-1.742,-3.12
-1.895,0.76
-1.906,-1.755
-1.986,0.698
-1.963,-1.859
-1.969,-0.241
-2.129,-2.796
-2.005,-0.053
-2.069,0.383
-2.275,0.15
-2.365,-1.33
-2.543,0.495
-2.526,-0.907
-2.541,0.712
-2.613,-0.674
-2.758,-0.845
-2.934,0.331
-2.965,-0.419
-2.973,-3.063
-3.003,0.844
-2.934,-1.928
-3.112,-0.994
-3.127,-1.138
3.092,-0.731
3.1,-3.111
2.964,-1.83
2.798,-2.833
2.581,-1.357
2.548,-1.607
2.423,-0.673
2.521,-1.02
2.375,-0.292
2.483,-0.258
2.394,-1.802
2.327,-0.861
1.189,-3.325
1.006,-3.509
0.313,-3.298
-0.197,-3.48
-0.533,-3.507
-0.882,-3.383
-1.892,-3.459
-2.297,-3.42
-2.518,-3.41
-2.63,-3.583
2.813,-3.565
2.956,-3.213
1.593,1.137
1.259,0.923
0.954,1.096
0.915,0.851
0.529,0.98
0.375,1.012
0.349,1.177
0.434,1.164
0.211,1.142
0.041,1.065
-0.002,1.171
-0.354,1.161
-0.809,1.044
-1.771,1.055
-1.675,0.897
-2.023,0.947
2.701,1.032
0.913,-0.512
0.763,-1.318
0.753,0.344
-2.072,-2.701
-2.174,-1.349
-2.172,-1.445
-2.54,-0.116
-3.083,-1.107
1.577,-1.889
0.417,-1.228
-1.035,0.258
-1.89,0.271
-2.509,-0.249
2.972,-1.259
2.977,-1.022
3.012,-0.903
2.782,0.227
0.694,-2.124
-1.023,-0.96
-2.501,-0.947
2.98,-2.852
1.353,-2.899
0.572,-2.847
0.642,-2.985
1.765,1.16
0.009,0.523
-0.002,-0.926
0.052,0.232
0.049,-2.025
0.012,-1.97
-0.147,0.234
-0.037,-1.451
-0.255,-0.038
-0.298,-2.12
-0.338,-1.432
-0.546,-3.136
-0.597,-1.594
-0.58,-1.693
-0.696,-0.42
-0.824,-2.761
-0.86,-0.309
-0.966,-2.123
-1.096,-0.445
-1.123,-2.088
-1.299,-0.499
-1.387,-0.432
-1.366,-0.831
-1.486,0.717
-1.494,0.375
-1.414,-2.32
-1.528,-3.152
-1.681,0.728
-1.692,-1.787
-1.772,0.666
-1.749,-1.891
-1.755,-0.273
-1.915,-2.828
-1.791,-0.085
-1.855,0.351
-2.061,0.118
-2.151,-1.362
-2.329,0.463
-2.312,-0.939
-2.327,0.68
-2.399,-0.706
-2.544,-0.877
-2.72,0.299
-2.751,-0.451
-2.759,-3.095
-2.789,0.812
-2.72,-1.96
-2.898,-1.026
-2.913,-1.17
-2.977,-0.763
-2.969,-3.143
-3.105,-1.862
3.012,-2.865
2.795,-1.389
2.762,-1.639
2.637,-0.705
2.735,-1.052
2.589,-0.324
2.697,-0.29
2.608,-1.834
2.541,-0.893
1.403,-3.357
1.22,-3.541
0.527,-3.33
0.017,-3.512
-0.319,-3.539
-0.668,-3.415
-1.678,-3.491
-2.083,-3.452
-2.304,-3.442
-2.416,-3.615
3.027,-3.597
-3.113,-3.245
1.807,1.105
1.473,0.891
1.168,1.064
1.129,0.819
0.743,0.948
0.589,0.98
0.563,1.145
0.648,1.132
0.425,1.11
0.255,1.033
0.212,1.139
-0.14,1.129
-0.595,1.012
-1.557,1.023
-1.461,0.865
-1.809,0.915
2.915,1.0
1.127,-0.544
0.977,-1.35
0.967,0.312
-1.858,-2.733
-1.96,-1.381
-1.958,-1.477
-2.326,-0.148
-2.869,-1.139
1.791,-1.921
0.631,-1.26
-0.821,0.226
-1.676,0.239
-2.295,-0.281
-3.097,-1.291
-3.092,-1.054
-3.057,-0.935
2.996,0.195
0.908,-2.156
-0.809,-0.992
-2.287,-0.979
-3.089,-2.884
1.567,-2.931
0.786,-2.879
0.856,-3.017
1.979,1.128
-0.011,-1.449
0.043,-0.291
0.04,-2.548
0.003,-2.493
-0.156,-0.289
-0.046,-1.974
-0.264,-0.561
-0.307,-2.643
-0.347,-1.955
-0.555,-3.659
-0.606,-2.117
-0.589,-2.216
-0.705,-0.943
-0.833,-3.284
-0.869,-0.832
-0.975,-2.646
-1.105,-0.968
-1.132,-2.611
-1.308,-1.022
-1.396,-0.955
-1.375,-1.354
-1.495,0.194
-1.503,-0.148
-1.423,-2.843
-1.537,-3.675
-1.69,0.205
-1.701,-2.31
-1.781,0.143
-1.758,-2.414
-1.764,-0.796
-1.924,-3.351
-1.8,-0.608
-1.864,-0.172
-2.07,-0.405
-2.16,-1.885
-2.338,-0.06
-2.321,-1.462
-2.336,0.157
-2.408,-1.229
-2.553,-1.4
-2.729,-0.224
-2.76,-0.974
-2.768,-3.618
-2.798,0.289
-2.729,-2.483
-2.907,-1.549
-2.922,-1.693
-2.986,-1.286
-2.978,-3.666
-3.114,-2.385
3.003,-3.388
2.786,-1.912
2.753,-2.162
2.628,-1.228
2.726,-1.575
2.58,-0.847
2.688,-0.813
2.599,-2.357
2.532,-1.416
1.394,-3.88
1.211,-4.064
0.518,-3.853
0.008,-4.035
-0.328,-4.062
-0.677,-3.938
-1.687,-4.014
-2.092,-3.975
-2.313,-3.965
-2.425,-4.138
3.018,-4.12
-3.122,-3.768
1.798,0.582
1.464,0.368
1.159,0.541
1.12,0.296
0.734,0.425
0.58,0.457
0.554,0.622
0.639,0.609
0.416,0.587
0.246,0.51
0.203,0.616
-0.149,0.606
-0.604,0.489
-1.566,0.5
-1.47,0.342
-1.818,0.392
2.906,0.477
1.118,-1.067
0.968,-1.873
0.958,-0.211
-1.867,-3.256
-1.969,-1.904
-1.967,-2.0
-2.335,-0.671
-2.878,-1.662
1.782,-2.444
0.622,-1.783
-0.83,-0.297
-1.685,-0.284
-2.304,-0.804
-3.106,-1.814
-3.101,-1.577
-3.066,-1.458
2.987,-0.328
0.899,-2.679
-0.818,-1.515
-2.296,-1.502
-3.098,-3.407
1.558,-3.454
0.777,-3.402
0.847,-3.54
1.97,0.605
0.054,1.158
0.051,-1.099
0.014,-1.044
-0.145,1.16
-0.035,-0.525
-0.253,0.888
-0.296,-1.194
-0.336,-0.506
-0.544,-2.21
-0.595,-0.668
-0.578,-0.767
-0.694,0.506
-0.822,-1.835
-0.858,0.617
-0.964,-1.197
-1.094,0.481
-1.121,-1.162
-1.297,0.427
-1.385,0.494
-1.364,0.095
-1.484,1.643
-1.492,1.301
-1.412,-1.394
-1.526,-2.226
-1.679,1.654
-1.69,-0.861
-1.77,1.592
-1.747,-0.965
-1.753,0.653
-1.913,-1.902
-1.789,0.841
-1.853,1.277
-2.059,1.044
-2.149,-0.436
-2.327,1.389
-2.31,-0.013
-2.325,1.606
-2.397,0.22
-2.542,0.049
-2.718,1.225
-2.749,0.475
-2.757,-2.169
-2.787,1.738
-2.718,-1.034
-2.896,-0.1
-2.911,-0.244
-2.975,0.163
-2.967,-2.217
-3.103,-0.936
3.014,-1.939
2.797,-0.463
2.764,-0.713
2.639,0.221
2.737,-0.126
2.591,0.602
2.699,0.636
2.61,-0.908
2.543,0.033
1.405,-2.431
1.222,-2.615
0.529,-2.404
0.019,-2.586
-0.317,-2.613
-0.666,-2.489
-1.676,-2.565
-2.081,-2.526
-2.302,-2.516
-2.414,-2.689
3.029,-2.671
-3.111,-2.319
1.809,2.031
1.475,1.817
1.17,1.99
1.131,1.745
0.745,1.874
0.591,1.906
0.565,2.071
0.65,2.058
0.427,2.036
0.257,1.959
0.214,2.065
-0.138,2.055
-0.593,1.938
-1.555,1.949
-1.459,1.791
-1.807,1.841
2.917,1.926
1.129,0.382
0.979,-0.424
0.969,1.238
-1.856,-1.807
-1.958,-0.455
-1.956,-0.551
-2.324,0.778
-2.867,-0.213
1.793,-0.995
0.633,-0.334
-0.819,1.152
-1.674,1.165
-2.293,0.645
-3.095,-0.365
-3.09,-0.128
-3.055,-0.009
2.998,1.121
0.91,-1.23
-0.807,-0.066
-2.285,-0.053
-3.087,-1.958
1.569,-2.005
0.788,-1.953
0.858,-2.091
1.981,2.054
-0.003,-2.257
-0.04,-2.202
-0.199,0.002
-0.089,-1.683
-0.307,-0.27
-0.35,-2.352
-0.39,-1.664
-0.598,-3.368
-0.649,-1.826
-0.632,-1.925
-0.748,-0.652
-0.876,-2.993
-0.912,-0.541
-1.018,-2.355
-1.148,-0.677
-1.175,-2.32
-1.351,-0.731
-1.439,-0.664
-1.418,-1.063
-1.538,0.485
-1.546,0.143
-1.466,-2.552
-1.58,-3.384
-1.733,0.496
-1.744,-2.019
-1.824,0.434
-1.801,-2.123
-1.807,-0.505
-1.967,-3.06
-1.843,-0.317
-1.907,0.119
-2.113,-0.114
-2.203,-1.594
-2.381,0.231
-2.364,-1.171
-2.379,0.448
-2.451,-0.938
-2.596,-1.109
-2.772,0.067
-2.803,-0.683
-2.811,-3.327
-2.841,0.58
-2.772,-2.192
-2.95,-1.258
-2.965,-1.402
-3.029,-0.995
-3.021,-3.375
3.126,-2.094
2.96,-3.097
2.743,-1.621
2.71,-1.871
2.585,-0.937
2.683,-1.284
2.537,-0.556
2.645,-0.522
2.556,-2.066
2.489,-1.125
1.351,-3.589
1.168,-3.773
0.475,-3.562
-0.035,-3.744
-0.371,-3.771
-0.72,-3.647
-1.73,-3.723
-2.135,-3.684
-2.356,-3.674
-2.468,-3.847
2.975,-3.829
3.118,-3.477
1.755,0.873
1.421,0.659
1.116,0.832
1.077,0.587
0.691,0.716
0.537,0.748
0.511,0.913
0.596,0.9
0.373,0.878
0.203,0.801
0.16,0.907
-0.192,0.897
-0.647,0.78
-1.609,0.791
-1.513,0.633
-1.861,0.683
2.863,0.768
1.075,-0.776
0.925,-1.582
0.915,0.08
-1.91,-2.965
-2.012,-1.613
-2.01,-1.709
-2.378,-0.38
-2.921,-1.371
1.739,-2.153
0.579,-1.492
-0.873,-0.006
-1.728,0.007
-2.347,-0.513
3.134,-1.523
3.139,-1.286
-3.109,-1.167
2.944,-0.037
0.856,-2.388
-0.861,-1.224
-2.339,-1.211
-3.141,-3.116
1.515,-3.163
0.734,-3.111
0.804,-3.249
1.927,0.896
-0.037,0.055
-0.196,2.259
-0.086,0.574
-0.304,1.987
-0.347,-0.095
-0.387,0.593
-0.595,-1.111
-0.646,0.431
-0.629,0.332
-0.745,1.605
-0.873,-0.736
-0.909,1.716
-1.015,-0.098
-1.145,1.58
-1.172,-0.063
-1.348,1.526
-1.436,1.593
-1.415,1.194
-1.535,2.742
-1.543,2.4
-1.463,-0.295
-1.577,-1.127
-1.73,2.753
-1.741,0.238
-1.821,2.691
-1.798,0.134
-1.804,1.752
-1.964,-0.803
-1.84,1.94
-1.904,2.376
-2.11,2.143
-2.2,0.663
-2.378,2.488
-2.361,1.086
-2.376,2.705
-2.448,1.319
-2.593,1.148
-2.769,2.324
-2.8,1.574
-2.808,-1.07
-2.838,2.837
-2.769,0.065
-2.947,0.999
-2.962,0.855
-3.026,1.262
-3.018,-1.118
3.129,0.163
2.963,-0.84
2.746,0.636
2.713,0.386
2.588,1.32
2.686,0.973
2.54,1.701
2.648,1.735
2.559,0.191
2.492,1.132
1.354,-1.332
1.171,-1.516
0.478,-1.305
-0.032,-1.487
-0.368,-1.514
-0.717,-1.39
-1.727,-1.466
-2.132,-1.427
-2.353,-1.417
-2.465,-1.59
2.978,-1.572
3.121,-1.22
1.758,3.13
1.424,2.916
1.119,3.089
1.08,2.844
0.694,2.973
0.54,3.005
0.514,3.17
0.599,3.157
0.376,3.135
0.206,3.058
0.163,3.164
-0.189,3.154
-0.644,3.037
-1.606,3.048
-1.51,2.89
-1.858,2.94
2.866,3.025
1.078,1.481
0.928,0.675
0.918,2.337
-1.907,-0.708
-2.009,0.644
-2.007,0.548
-2.375,1.877
-2.918,0.886
1.742,0.104
0.582,0.765
-0.87,2.251
-1.725,2.264
-2.344,1.744
3.137,0.734
-3.141,0.971
-3.106,1.09
2.947,2.22
0.859,-0.131
-0.858,1.033
-2.336,1.046
-3.138,-0.859
1.518,-0.906
0.737,-0.854
0.807,-0.992
1.93,3.153
-0.159,2.204
-0.049,0.519
-0.267,1.932
-0.31,-0.15
-0.35,0.538
-0.558,-1.166
-0.609,0.376
-0.592,0.277
-0.708,1.55
-0.836,-0.791
-0.872,1.661
-0.978,-0.153
-1.108,1.525
-1.135,-0.118
-1.311,1.471
-1.399,1.538
-1.378,1.139
-1.498,2.687
-1.506,2.345
-1.426,-0.35
-1.54,-1.182
-1.693,2.698
-1.704,0.183
-1.784,2.636
-1.761,0.079
-1.767,1.697
-1.927,-0.858
-1.803,1.885
-1.867,2.321
-2.073,2.088
-2.163,0.608
-2.341,2.433
-2.324,1.031
-2.339,2.65
-2.411,1.264
-2.556,1.093
-2.732,2.269
-2.763,1.519
-2.771,-1.125
-2.801,2.782
-2.732,0.01
-2.91,0.944
-2.925,0.8
-2.989,1.207
-2.981,-1.173
-3.117,0.108
3.0,-0.895
2.783,0.581
2.75,0.331
2.625,1.265
2.723,0.918
2.577,1.646
2.685,1.68
2.596,0.136
2.529,1.077
1.391,-1.387
1.208,-1.571
0.515,-1.36
0.005,-1.542
-0.331,-1.569
-0.68,-1.445
-1.69,-1.521
-2.095,-1.482
-2.316,-1.472
-2.428,-1.645
3.015,-1.627
-3.125,-1.275
1.795,3.075
1.461,2.861
1.156,3.034
1.117,2.789
0.731,2.918
0.577,2.95
0.551,3.115
0.636,3.102
0.413,3.08
0.243,3.003
0.2,3.109
-0.152,3.099
-0.607,2.982
-1.569,2.993
-1.473,2.835
-1.821,2.885
2.903,2.97
1.115,1.426
0.965,0.62
0.955,2.282
-1.87,-0.763
-1.972,0.589
-1.97,0.493
-2.338,1.822
-2.881,0.831
1.779,0.049
0.619,0.71
-0.833,2.196
-1.688,2.209
-2.307,1.689
-3.109,0.679
-3.104,0.916
-3.069,1.035
2.984,2.165
0.896,-0.186
-0.821,0.978
-2.299,0.991
-3.101,-0.914
1.555,-0.961
0.774,-0.909
0.844,-1.047
1.967,3.098
0.11,-1.685
-0.108,-0.272
-0.151,-2.354
-0.191,-1.666
-0.399,-3.37
-0.45,-1.828
-0.433,-1.927
-0.549,-0.654
-0.677,-2.995
-0.713,-0.543
-0.819,-2.357
-0.949,-0.679
-0.976,-2.322
-1.152,-0.733
-1.24,-0.666
-1.219,-1.065
-1.339,0.483
-1.347,0.141
-1.267,-2.554
-1.381,-3.386
-1.534,0.494
-1.545,-2.021
-1.625,0.432
-1.602,-2.125
-1.608,-0.507
-1.768,-3.062
-1.644,-0.319
-1.708,0.117
-1.914,-0.116
-2.004,-1.596
-2.182,0.229
-2.165,-1.173
-2.18,0.446
-2.252,-0.94
-2.397,-1.111
-2.573,0.065
-2.604,-0.685
-2.612,-3.329
-2.642,0.578
-2.573,-2.194
-2.751,-1.26
-2.766,-1.404
-2.83,-0.997
-2.822,-3.377
-2.958,-2.096
-3.124,-3.099
2.942,-1.623
2.909,-1.873
2.784,-0.939
2.882,-1.286
2.736,-0.558
2.844,-0.524
2.755,-2.068
2.688,-1.127
1.55,-3.591
1.367,-3.775
0.674,-3.564
0.164,-3.746
-0.172,-3.773
-0.521,-3.649
-1.531,-3.725
-1.936,-3.686
-2.157,-3.676
-2.269,-3.849
-3.109,-3.831
-2.966,-3.479
1.954,0.871
1.62,0.657
1.315,0.83
1.276,0.585
0.89,0.714
0.736,0.746
0.71,0.911
0.795,0.898
0.572,0.876
0.402,0.799
0.359,0.905
0.007,0.895
-0.448,0.778
-1.41,0.789
-1.314,0.631
-1.662,0.681
3.062,0.766
1.274,-0.778
1.124,-1.584
1.114,0.078
-1.711,-2.967
-1.813,-1.615
-1.811,-1.711
-2.179,-0.382
-2.722,-1.373
1.938,-2.155
0.778,-1.494
-0.674,-0.008
-1.529,0.005
-2.148,-0.515
-2.95,-1.525
-2.945,-1.288
-2.91,-1.169
-3.14,-0.039
1.055,-2.39
-0.662,-1.226
-2.14,-1.213
-2.942,-3.118
1.714,-3.165
0.933,-3.113
1.003,-3.251
2.126,0.894
-0.218,1.413
-0.261,-0.669
-0.301,0.019
-0.509,-1.685
-0.56,-0.143
-0.543,-0.242
-0.659,1.031
-0.787,-1.31
-0.823,1.142
-0.929,-0.672
-1.059,1.006
-1.086,-0.637
-1.262,0.952
-1.35,1.019
-1.329,0.62
-1.449,2.168
-1.457,1.826
-1.377,-0.869
-1.491,-1.701
-1.644,2.179
-1.655,-0.336
-1.735,2.117
-1.712,-0.44
-1.718,1.178
-1.878,-1.377
-1.754,1.366
-1.818,1.802
-2.024,1.569
-2.114,0.089
-2.292,1.914
-2.275,0.512
-2.29,2.131
-2.362,0.745
-2.507,0.574
-2.683,1.75
-2.714,1.0
-2.722,-1.644
-2.752,2.263
-2.683,-0.509
-2.861,0.425
-2.876,0.281
-2.94,0.688
-2.932,-1.692
-3.068,-0.411
3.049,-1.414
2.832,0.062
2.799,-0.188
2.674,0.746
2.772,0.399
2.626,1.127
2.734,1.161
2.645,-0.383
2.578,0.558
1.44,-1.906
1.257,-2.09
0.564,-1.879
0.054,-2.061
-0.282,-2.088
-0.631,-1.964
-1.641,-2.04
-2.046,-2.001
-2.267,-1.991
-2.379,-2.164
3.064,-2.146
-3.076,-1.794
1.844,2.556
1.51,2.342
1.205,2.515
1.166,2.27
0.78,2.399
0.626,2.431
0.6,2.596
0.685,2.583
0.462,2.561
0.292,2.484
0.249,2.59
-0.103,2.58
-0.558,2.463
-1.52,2.474
-1.424,2.316
-1.772,2.366
2.952,2.451
1.164,0.907
1.014,0.101
1.004,1.763
-1.821,-1.282
-1.923,0.07
-1.921,-0.026
-2.289,1.303
-2.832,0.312
1.828,-0.47
0.668,0.191
-0.784,1.677
-1.639,1.69
-2.258,1.17
-3.06,0.16
-3.055,0.397
-3.02,0.516
3.033,1.646
0.945,-0.705
-0.772,0.459
-2.25,0.472
-3.052,-1.433
1.604,-1.48
0.823,-1.428
0.893,-1.566
2.016,2.579
-0.043,-2.082
-0.083,-1.394
-0.291,-3.098
-0.342,-1.556
-0.325,-1.655
-0.441,-0.382
-0.569,-2.723
-0.605,-0.271
-0.711,-2.085
-0.841,-0.407
-0.868,-2.05
-1.044,-0.461
-1.132,-0.394
-1.111,-0.793
-1.231,0.755
-1.239,0.413
-1.159,-2.282
-1.273,-3.114
-1.426,0.766
-1.437,-1.749
-1.517,0.704
-1.494,-1.853
-1.5,-0.235
-1.66,-2.79
-1.536,-0.047
-1.6,0.389
-1.806,0.156
-1.896,-1.324
-2.074,0.501
-2.057,-0.901
-2.072,0.718
-2.144,-0.668
-2.289,-0.839
-2.465,0.337
-2.496,-0.413
-2.504,-3.057
-2.534,0.85
-2.465,-1.922
-2.643,-0.988
-2.658,-1.132
-2.722,-0.725
-2.714,-3.105
-2.85,-1.824
-3.016,-2.827
3.05,-1.351
3.017,-1.601
2.892,-0.667
2.99,-1.014
2.844,-0.286
2.952,-0.252
2.863,-1.796
2.796,-0.855
1.658,-3.319
1.475,-3.503
0.782,-3.292
0.272,-3.474
-0.064,-3.501
-0.413,-3.377
-1.423,-3.453
-1.828,-3.414
-2.049,-3.404
-2.161,-3.577
-3.001,-3.559
-2.858,-3.207
2.062,1.143
1.728,0.929
1.423,1.102
1.384,0.857
0.998,0.986
0.844,1.018
0.818,1.183
0.903,1.17
0.68,1.148
0.51,1.071
0.467,1.177
0.115,1.167
-0.34,1.05
-1.302,1.061
-1.206,0.903
-1.554,0.953
-3.113,1.038
1.382,-0.506
1.232,-1.312
1.222,0.35
-1.603,-2.695
-1.705,-1.343
-1.703,-1.439
-2.071,-0.11
-2.614,-1.101
2.046,-1.883
0.886,-1.222
-0.566,0.264
-1.421,0.277
-2.04,-0.243
-2.842,-1.253
-2.837,-1.016
-2.802,-0.897
-3.032,0.233
1.163,-2.118
-0.554,-0.954
-2.032,-0.941
-2.834,-2.846
1.822,-2.893
1.041,-2.841
1.111,-2.979
2.234,1.166
-0.04,0.688
-0.248,-1.016
-0.299,0.526
-0.282,0.427
-0.398,1.7
-0.526,-0.641
-0.562,1.811
-0.668,-0.003
-0.798,1.675
-0.825,0.032
-1.001,1.621
-1.089,1.688
-1.068,1.289
-1.188,2.837
-1.196,2.495
-1.116,-0.2
-1.23,-1.032
-1.383,2.848
-1.394,0.333
-1.474,2.786
-1.451,0.229
-1.457,1.847
-1.617,-0.708
-1.493,2.035
-1.557,2.471
-1.763,2.238
-1.853,0.758
-2.031,2.583
-2.014,1.181
-2.029,2.8
-2.101,1.414
-2.246,1.243
-2.422,2.419
-2.453,1.669
-2.461,-0.975
-2.491,2.932
-2.422,0.16
-2.6,1.094
-2.615,0.95
-2.679,1.357
-2.671,-1.023
-2.807,0.258
-2.973,-0.745
3.093,0.731
3.06,0.481
2.935,1.415
3.033,1.068
2.887,1.796
2.995,1.83
2.906,0.286
2.839,1.227
1.701,-1.237
1.518,-1.421
0.825,-1.21
0.315,-1.392
-0.021,-1.419
-0.37,-1.295
-1.38,-1.371
-1.785,-1.332
-2.006,-1.322
-2.118,-1.495
-2.958,-1.477
-2.815,-1.125
2.105,3.225
1.771,3.011
1.466,3.184
1.427,2.939
1.041,3.068
0.887,3.1
0.861,3.265
0.946,3.252
0.723,3.23
0.553,3.153
0.51,3.259
0.158,3.249
-0.297,3.132
-1.259,3.143
-1.163,2.985
-1.511,3.035
-3.07,3.12
1.425,1.576
1.275,0.77
1.265,2.432
-1.56,-0.613
-1.662,0.739
-1.66,0.643
-2.028,1.972
-2.571,0.981
2.089,0.199
0.929,0.86
-0.523,2.346
-1.378,2.359
-1.997,1.839
-2.799,0.829
-2.794,1.066
-2.759,1.185
-2.989,2.315
1.206,-0.036
-0.511,1.128
-1.989,1.141
-2.791,-0.764
1.865,-0.811
1.084,-0.759
1.154,-0.897
2.277,3.248
-0.208,-1.704
-0.259,-0.162
-0.242,-0.261
-0.358,1.012
-0.486,-1.329
-0.522,1.123
-0.628,-0.691
-0.758,0.987
-0.785,-0.656
-0.961,0.933
-1.049,1.0
-1.028,0.601
-1.148,2.149
-1.156,1.807
-1.076,-0.888
-1.19,-1.72
-1.343,2.16
-1.354,-0.355
-1.434,2.098
-1.411,-0.459
-1.417,1.159
-1.577,-1.396
-1.453,1.347
-1.517,1.783
-1.723,1.55
-1.813,0.07
-1.991,1.895
-1.974,0.493
-1.989,2.112
-2.061,0.726
-2.206,0.555
-2.382,1.731
-2.413,0.981
-2.421,-1.663
-2.451,2.244
-2.382,-0.528
-2.56,0.406
-2.575,0.262
-2.639,0.669
-2.631,-1.711
-2.767,-0.43
-2.933,-1.433
3.133,0.043
3.1,-0.207
2.975,0.727
3.073,0.38
2.927,1.108
3.035,1.142
2.946,-0.402
2.879,0.539
1.741,-1.925
1.558,-2.109
0.865,-1.898
0.355,-2.08
0.019,-2.107
-0.33,-1.983
-1.34,-2.059
-1.745,-2.02
-1.966,-2.01
-2.078,-2.183
-2.918,-2.165
-2.775,-1.813
2.145,2.537
1.811,2.323
1.506,2.496
1.467,2.251
1.081,2.38
0.927,2.412
0.901,2.577
0.986,2.564
0.763,2.542
0.593,2.465
0.55,2.571
0.198,2.561
-0.257,2.444
-1.219,2.455
-1.123,2.297
-1.471,2.347
-3.03,2.432
1.465,0.888
1.315,0.082
1.305,1.744
-1.52,-1.301
-1.622,0.051
-1.62,-0.045
-1.988,1.284
-2.531,0.293
2.129,-0.489
0.969,0.172
-0.483,1.658
-1.338,1.671
-1.957,1.151
-2.759,0.141
-2.754,0.378
-2.719,0.497
-2.949,1.627
1.246,-0.724
-0.471,0.44
-1.949,0.453
-2.751,-1.452
1.905,-1.499
1.124,-1.447
1.194,-1.585
2.317,2.56
-0.051,1.542
-0.034,1.443
-0.15,2.716
-0.278,0.375
-0.314,2.827
-0.42,1.013
-0.55,2.691
-0.577,1.048
-0.753,2.637
-0.841,2.704
-0.82,2.305
-0.94,3.853
-0.948,3.511
-0.868,0.816
-0.982,-0.016
-1.135,3.864
-1.146,1.349
-1.226,3.802
-1.203,1.245
-1.209,2.863
-1.369,0.308
-1.245,3.051
-1.309,3.487
-1.515,3.254
-1.605,1.774
-1.783,3.599
-1.766,2.197
-1.781,3.816
-1.853,2.43
-1.998,2.259
-2.174,3.435
-2.205,2.685
-2.213,0.041
-2.243,3.948
-2.174,1.176
-2.352,2.11
-2.367,1.966
-2.431,2.373
-2.423,-0.007
-2.559,1.274
-2.725,0.271
-2.942,1.747
-2.975,1.497
-3.1,2.431
-3.002,2.084
3.135,2.812
-3.04,2.846
-3.129,1.302
3.087,2.243
1.949,-0.221
1.766,-0.405
1.073,-0.194
0.563,-0.376
0.227,-0.403
-0.122,-0.279
-1.132,-0.355
-1.537,-0.316
-1.758,-0.306
-1.87,-0.479
-2.71,-0.461
-2.567,-0.109
2.353,4.241
2.019,4.027
1.714,4.2
1.675,3.955
1.289,4.084
1.135,4.116
1.109,4.281
1.194,4.268
0.971,4.246
0.801,4.169
0.758,4.275
0.406,4.265
-0.049,4.148
-1.011,4.159
-0.915,4.001
-1.263,4.051
-2.822,4.136
1.673,2.592
1.523,1.786
1.513,3.448
-1.312,0.403
-1.414,1.755
-1.412,1.659
-1.78,2.988
-2.323,1.997
2.337,1.215
1.177,1.876
-0.275,3.362
-1.13,3.375
-1.749,2.855
-2.551,1.845
-2.546,2.082
-2.511,2.201
-2.741,3.331
1.454,0.98
-0.263,2.144
-1.741,2.157
-2.543,0.252
2.113,0.205
1.332,0.257
1.402,0.119
2.525,4.264
0.017,-0.099
-0.099,1.174
-0.227,-1.167
-0.263,1.285
-0.369,-0.529
-0.499,1.149
-0.526,-0.494
-0.702,1.095
-0.79,1.162
-0.769,0.763
-0.889,2.311
-0.897,1.969
-0.817,-0.726
-0.931,-1.558
-1.084,2.322
-1.095,-0.193
-1.175,2.26
-1.152,-0.297
-1.158,1.321
-1.318,-1.234
-1.194,1.509
-1.258,1.945
-1.464,1.712
-1.554,0.232
-1.732,2.057
-1.715,0.655
-1.73,2.274
-1.802,0.888
-1.947,0.717
-2.123,1.893
-2.154,1.143
-2.162,-1.501
-2.192,2.406
-2.123,-0.366
-2.301,0.568
-2.316,0.424
-2.38,0.831
-2.372,-1.549
-2.508,-0.268
-2.674,-1.271
-2.891,0.205
-2.924,-0.045
-3.049,0.889
-2.951,0.542
-3.097,1.27
-2.989,1.304
-3.078,-0.24
3.138,0.701
2.0,-1.763
1.817,-1.947
1.124,-1.736
0.614,-1.918
0.278,-1.945
-0.071,-1.821
-1.081,-1.897
-1.486,-1.858
-1.707,-1.848
-1.819,-2.021
-2.659,-2.003
-2.516,-1.651
2.404,2.699
2.07,2.485
1.765,2.658
1.726,2.413
1.34,2.542
1.186,2.574
1.16,2.739
1.245,2.726
1.022,2.704
0.852,2.627
0.809,2.733
0.457,2.723
0.002,2.606
-0.96,2.617
-0.864,2.459
-1.212,2.509
-2.771,2.594
1.724,1.05
1.574,0.244
1.564,1.906
-1.261,-1.139
-1.363,0.213
-1.361,0.117
-1.729,1.446
-2.272,0.455
2.388,-0.327
1.228,0.334
-0.224,1.82
-1.079,1.833
-1.698,1.313
-2.5,0.303
-2.495,0.54
-2.46,0.659
-2.69,1.789
1.505,-0.562
-0.212,0.602
-1.69,0.615
-2.492,-1.29
2.164,-1.337
1.383,-1.285
1.453,-1.423
2.576,2.722
-0.116,1.273
-0.244,-1.068
-0.28,1.384
-0.386,-0.43
-0.516,1.248
-0.543,-0.395
-0.719,1.194
-0.807,1.261
-0.786,0.862
-0.906,2.41
-0.914,2.068
-0.834,-0.627
-0.948,-1.459
-1.101,2.421
-1.112,-0.094
-1.192,2.359
-1.169,-0.198
-1.175,1.42
-1.335,-1.135
-1.211,1.608
-1.275,2.044
-1.481,1.811
-1.571,0.331
-1.749,2.156
-1.732,0.754
-1.747,2.373
-1.819,0.987
-1.964,0.816
-2.14,1.992
-2.171,1.242
-2.179,-1.402
-2.209,2.505
-2.14,-0.267
-2.318,0.667
-2.333,0.523
-2.397,0.93
-2.389,-1.45
-2.525,-0.169
-2.691,-1.172
-2.908,0.304
-2.941,0.054
-3.066,0.988
-2.968,0.641
-3.114,1.369
-3.006,1.403
-3.095,-0.141
3.121,0.8
1.983,-1.664
1.8,-1.848
1.107,-1.637
0.597,-1.819
0.261,-1.846
-0.088,-1.722
-1.098,-1.798
-1.503,-1.759
-1.724,-1.749
-1.836,-1.922
-2.676,-1.904
-2.533,-1.552
2.387,2.798
2.053,2.584
1.748,2.757
1.709,2.512
1.323,2.641
1.169,2.673
1.143,2.838
1.228,2.825
1.005,2.803
0.835,2.726
0.792,2.832
0.44,2.822
-0.015,2.705
-0.977,2.716
-0.881,2.558
-1.229,2.608
-2.788,2.693
1.707,1.149
1.557,0.343
1.547,2.005
-1.278,-1.04
-1.38,0.312
-1.378,0.216
-1.746,1.545
-2.289,0.554
2.371,-0.228
1.211,0.433
-0.241,1.919
-1.096,1.932
-1.715,1.412
-2.517,0.402
-2.512,0.639
-2.477,0.758
-2.707,1.888
1.488,-0.463
-0.229,0.701
-1.707,0.714
-2.509,-1.191
2.147,-1.238
1.366,-1.186
1.436,-1.324
2.559,2.821
-0.128,-2.341
-0.164,0.111
-0.27,-1.703
-0.4,-0.025
-0.427,-1.668
-0.603,-0.079
-0.691,-0.012
-0.67,-0.411
-0.79,1.137
-0.798,0.795
-0.718,-1.9
-0.832,-2.732
-0.985,1.148
-0.996,-1.367
-1.076,1.086
-1.053,-1.471
-1.059,0.147
-1.219,-2.408
-1.095,0.335
-1.159,0.771
-1.365,0.538
-1.455,-0.942
-1.633,0.883
-1.616,-0.519
-1.631,1.1
-1.703,-0.286
-1.848,-0.457
-2.024,0.719
-2.055,-0.031
-2.063,-2.675
-2.093,1.232
-2.024,-1.54
-2.202,-0.606
-2.217,-0.75
-2.281,-0.343
-2.273,-2.723
-2.409,-1.442
-2.575,-2.445
-2.792,-0.969
-2.825,-1.219
-2.95,-0.285
-2.852,-0.632
-2.998,0.096
-2.89,0.13
-2.979,-1.414
-3.046,-0.473
2.099,-2.937
1.916,-3.121
1.223,-2.91
0.713,-3.092
0.377,-3.119
0.028,-2.995
-0.982,-3.071
-1.387,-3.032
-1.608,-3.022
-1.72,-3.195
-2.56,-3.177
-2.417,-2.825
2.503,1.525
2.169,1.311
1.864,1.484
1.825,1.239
1.439,1.368
1.285,1.4
1.259,1.565
1.344,1.552
1.121,1.53
0.951,1.453
0.908,1.559
0.556,1.549
0.101,1.432
-0.861,1.443
-0.765,1.285
-1.113,1.335
-2.672,1.42
1.823,-0.124
1.673,-0.93
1.663,0.732
-1.162,-2.313
-1.264,-0.961
-1.262,-1.057
-1.63,0.272
-2.173,-0.719
2.487,-1.501
1.327,-0.84
-0.125,0.646
-0.98,0.659
-1.599,0.139
-2.401,-0.871
-2.396,-0.634
-2.361,-0.515
-2.591,0.615
1.604,-1.736
-0.113,-0.572
-1.591,-0.559
-2.393,-2.464
2.263,-2.511
1.482,-2.459
1.552,-2.597
2.675,1.548
-0.036,2.452
-0.142,0.638
-0.272,2.316
-0.299,0.673
-0.475,2.262
-0.563,2.329
-0.542,1.93
-0.662,3.478
-0.67,3.136
-0.59,0.441
-0.704,-0.391
-0.857,3.489
-0.868,0.974
-0.948,3.427
-0.925,0.87
-0.931,2.488
-1.091,-0.067
-0.967,2.676
-1.031,3.112
-1.237,2.879
-1.327,1.399
-1.505,3.224
-1.488,1.822
-1.503,3.441
-1.575,2.055
-1.72,1.884
-1.896,3.06
-1.927,2.31
-1.935,-0.334
-1.965,3.573
-1.896,0.801
-2.074,1.735
-2.089,1.591
-2.153,1.998
-2.145,-0.382
-2.281,0.899
-2.447,-0.104
-2.664,1.372
-2.697,1.122
-2.822,2.056
-2.724,1.709
-2.87,2.437
-2.762,2.471
-2.851,0.927
-2.918,1.868
2.227,-0.596
2.044,-0.78
1.351,-0.569
0.841,-0.751
0.505,-0.778
0.156,-0.654
-0.854,-0.73
-1.259,-0.691
-1.48,-0.681
-1.592,-0.854
-2.432,-0.836
-2.289,-0.484
2.631,3.866
2.297,3.652
1.992,3.825
1.953,3.58
1.567,3.709
1.413,3.741
1.387,3.906
1.472,3.893
1.249,3.871
1.079,3.794
1.036,3.9
0.684,3.89
0.229,3.773
-0.733,3.784
-0.637,3.626
-0.985,3.676
-2.544,3.761
1.951,2.217
1.801,1.411
1.791,3.073
-1.034,0.028
-1.136,1.38
-1.134,1.284
-1.502,2.613
-2.045,1.622
2.615,0.84
1.455,1.501
0.003,2.987
-0.852,3.0
-1.471,2.48
-2.273,1.47
-2.268,1.707
-2.233,1.826
-2.463,2.956
1.732,0.605
0.015,1.769
-1.463,1.782
-2.265,-0.123
2.391,-0.17
1.61,-0.118
1.68,-0.256
2.803,3.889
-0.106,-1.814
-0.236,-0.136
-0.263,-1.779
-0.439,-0.19
-0.527,-0.123
-0.506,-0.522
-0.626,1.026
-0.634,0.684
-0.554,-2.011
-0.668,-2.843
-0.821,1.037
-0.832,-1.478
-0.912,0.975
-0.889,-1.582
-0.895,0.036
-1.055,-2.519
-0.931,0.224
-0.995,0.66
-1.201,0.427
-1.291,-1.053
-1.469,0.772
-1.452,-0.63
-1.467,0.989
-1.539,-0.397
-1.684,-0.568
-1.86,0.608
-1.891,-0.142
-1.899,-2.786
-1.929,1.121
-1.86,-1.651
-2.038,-0.717
-2.053,-0.861
-2.117,-0.454
-2.109,-2.834
-2.245,-1.553
-2.411,-2.556
-2.628,-1.08
-2.661,-1.33
-2.786,-0.396
-2.688,-0.743
-2.834,-0.015
-2.726,0.019
-2.815,-1.525
-2.882,-0.584
2.263,-3.048
2.08,-3.232
1.387,-3.021
0.877,-3.203
0.541,-3.23
0.192,-3.106
-0.818,-3.182
-1.223,-3.143
-1.444,-3.133
-1.556,-3.306
-2.396,-3.288
-2.253,-2.936
2.667,1.414
2.333,1.2
2.028,1.373
1.989,1.128
1.603,1.257
1.449,1.289
1.423,1.454
1.508,1.441
1.285,1.419
1.115,1.342
1.072,1.448
0.72,1.438
0.265,1.321
-0.697,1.332
-0.601,1.174
-0.949,1.224
-2.508,1.309
1.987,-0.235
1.837,-1.041
1.827,0.621
-0.998,-2.424
-1.1,-1.072
-1.098,-1.168
-1.466,0.161
-2.009,-0.83
2.651,-1.612
1.491,-0.951
0.039,0.535
-0.816,0.548
-1.435,0.028
-2.237,-0.982
-2.232,-0.745
-2.197,-0.626
-2.427,0.504
1.768,-1.847
0.051,-0.683
-1.427,-0.67
-2.229,-2.575
2.427,-2.622
1.646,-2.57
1.716,-2.708
2.839,1.437
-0.13,1.678
-0.157,0.035
-0.333,1.624
-0.421,1.691
-0.4,1.292
-0.52,2.84
-0.528,2.498
-0.448,-0.197
-0.562,-1.029
-0.715,2.851
-0.726,0.336
-0.806,2.789
-0.783,0.232
-0.789,1.85
-0.949,-0.705
-0.825,2.038
-0.889,2.474
-1.095,2.241
-1.185,0.761
-1.363,2.586
-1.346,1.184
-1.361,2.803
-1.433,1.417
-1.578,1.246
-1.754,2.422
-1.785,1.672
-1.793,-0.972
-1.823,2.935
-1.754,0.163
-1.932,1.097
-1.947,0.953
-2.011,1.36
-2.003,-1.02
-2.139,0.261
-2.305,-0.742
-2.522,0.734
-2.555,0.484
-2.68,1.418
-2.582,1.071
-2.728,1.799
-2.62,1.833
-2.709,0.289
-2.776,1.23
2.369,-1.234
2.186,-1.418
1.493,-1.207
0.983,-1.389
0.647,-1.416
0.298,-1.292
-0.712,-1.368
-1.117,-1.329
-1.338,-1.319
-1.45,-1.492
-2.29,-1.474
-2.147,-1.122
2.773,3.228
2.439,3.014
2.134,3.187
2.095,2.942
1.709,3.071
1.555,3.103
1.529,3.268
1.614,3.255
1.391,3.233
1.221,3.156
1.178,3.262
0.826,3.252
0.371,3.135
-0.591,3.146
-0.495,2.988
-0.843,3.038
-2.402,3.123
2.093,1.579
1.943,0.773
1.933,2.435
-0.892,-0.61
-0.994,0.742
-0.992,0.646
-1.36,1.975
-1.903,0.984
2.757,0.202
1.597,0.863
0.145,2.349
-0.71,2.362
-1.329,1.842
-2.131,0.832
-2.126,1.069
-2.091,1.188
-2.321,2.318
1.874,-0.033
0.157,1.131
-1.321,1.144
-2.123,-0.761
2.533,-0.808
1.752,-0.756
1.822,-0.894
2.945,3.251
-0.027,-1.643
-0.203,-0.054
-0.291,0.013
-0.27,-0.386
-0.39,1.162
-0.398,0.82
-0.318,-1.875
-0.432,-2.707
-0.585,1.173
-0.596,-1.342
-0.676,1.111
-0.653,-1.446
-0.659,0.172
-0.819,-2.383
-0.695,0.36
-0.759,0.796
-0.965,0.563
-1.055,-0.917
-1.233,0.908
-1.216,-0.494
-1.231,1.125
-1.303,-0.261
-1.448,-0.432
-1.624,0.744
-1.655,-0.006
-1.663,-2.65
-1.693,1.257
-1.624,-1.515
-1.802,-0.581
-1.817,-0.725
-1.881,-0.318
-1.873,-2.698
-2.009,-1.417
-2.175,-2.42
-2.392,-0.944
-2.425,-1.194
-2.55,-0.26
-2.452,-0.607
-2.598,0.121
-2.49,0.155
-2.579,-1.389
-2.646,-0.448
2.499,-2.912
2.316,-3.096
1.623,-2.885
1.113,-3.067
0.777,-3.094
0.428,-2.97
-0.582,-3.046
-0.987,-3.007
-1.208,-2.997
-1.32,-3.17
-2.16,-3.152
-2.017,-2.8
2.903,1.55
2.569,1.336
2.264,1.509
2.225,1.264
1.839,1.393
1.685,1.425
1.659,1.59
1.744,1.577
1.521,1.555
1.351,1.478
1.308,1.584
0.956,1.574
0.501,1.457
-0.461,1.468
-0.365,1.31
-0.713,1.36
-2.272,1.445
2.223,-0.099
2.073,-0.905
2.063,0.757
-0.762,-2.288
-0.864,-0.936
-0.862,-1.032
-1.23,0.297
-1.773,-0.694
2.887,-1.476
1.727,-0.815
0.275,0.671
-0.58,0.684
-1.199,0.164
-2.001,-0.846
-1.996,-0.609
-1.961,-0.49
-2.191,0.64
2.004,-1.711
0.287,-0.547
-1.191,-0.534
-1.993,-2.439
2.663,-2.486
1.882,-2.434
1.952,-2.572
3.075,1.573
-0.176,1.589
-0.264,1.656
-0.243,1.257
-0.363,2.805
-0.371,2.463
-0.291,-0.232
-0.405,-1.064
-0.558,2.816
-0.569,0.301
-0.649,2.754
-0.626,0.197
-0.632,1.815
-0.792,-0.74
-0.668,2.003
-0.732,2.439
-0.938,2.206
-1.028,0.726
-1.206,2.551
-1.189,1.149
-1.204,2.768
-1.276,1.382
-1.421,1.211
-1.597,2.387
-1.628,1.637
-1.636,-1.007
-1.666,2.9
-1.597,0.128
-1.775,1.062
-1.79,0.918
-1.854,1.325
-1.846,-1.055
-1.982,0.226
-2.148,-0.777
-2.365,0.699
-2.398,0.449
-2.523,1.383
-2.425,1.036
-2.571,1.764
-2.463,1.798
-2.552,0.254
-2.619,1.195
2.526,-1.269
2.343,-1.453
1.65,-1.242
1.14,-1.424
0.804,-1.451
0.455,-1.327
-0.555,-1.403
-0.96,-1.364
-1.181,-1.354
-1.293,-1.527
-2.133,-1.509
-1.99,-1.157
2.93,3.193
2.596,2.979
2.291,3.152
2.252,2.907
1.866,3.036
1.712,3.068
1.686,3.233
1.771,3.22
1.548,3.198
1.378,3.121
1.335,3.227
0.983,3.217
0.528,3.1
-0.434,3.111
-0.338,2.953
-0.686,3.003
-2.245,3.088
2.25,1.544
2.1,0.738
2.09,2.4
-0.735,-0.645
-0.837,0.707
-0.835,0.611
-1.203,1.94
-1.746,0.949
2.914,0.167
1.754,0.828
0.302,2.314
-0.553,2.327
-1.172,1.807
-1.974,0.797
-1.969,1.034
-1.934,1.153
-2.164,2.283
2.031,-0.068
0.314,1.096
-1.164,1.109
-1.966,-0.796
2.69,-0.843
1.909,-0.791
1.979,-0.929
3.102,3.216
-0.088,0.067
-0.067,-0.332
-0.187,1.216
-0.195,0.874
-0.115,-1.821
-0.229,-2.653
-0.382,1.227
-0.393,-1.288
-0.473,1.165
-0.45,-1.392
-0.456,0.226
-0.616,-2.329
-0.492,0.414
-0.556,0.85
-0.762,0.617
-0.852,-0.863
-1.03,0.962
-1.013,-0.44
-1.028,1.179
-1.1,-0.207
-1.245,-0.378
-1.421,0.798
-1.452,0.048
-1.46,-2.596
-1.49,1.311
-1.421,-1.461
-1.599,-0.527
-1.614,-0.671
-1.678,-0.264
-1.67,-2.644
-1.806,-1.363
-1.972,-2.366
-2.189,-0.89
-2.222,-1.14
-2.347,-0.206
-2.249,-0.553
-2.395,0.175
-2.287,0.209
-2.376,-1.335
-2.443,-0.394
2.702,-2.858
2.519,-3.042
1.826,-2.831
1.316,-3.013
0.98,-3.04
0.631,-2.916
-0.379,-2.992
-0.784,-2.953
-1.005,-2.943
-1.117,-3.116
-1.957,-3.098
-1.814,-2.746
3.106,1.604
2.772,1.39
2.467,1.563
2.428,1.318
2.042,1.447
1.888,1.479
1.862,1.644
1.947,1.631
1.724,1.609
1.554,1.532
1.511,1.638
1.159,1.628
0.704,1.511
-0.258,1.522
-0.162,1.364
-0.51,1.414
-2.069,1.499
2.426,-0.045
2.276,-0.851
2.266,0.811
-0.559,-2.234
-0.661,-0.882
-0.659,-0.978
-1.027,0.351
-1.57,-0.64
3.09,-1.422
1.93,-0.761
0.478,0.725
-0.377,0.738
-0.996,0.218
-1.798,-0.792
-1.793,-0.555
-1.758,-0.436
-1.988,0.694
2.207,-1.657
0.49,-0.493
-0.988,-0.48
-1.79,-2.385
2.866,-2.432
2.085,-2.38
2.155,-2.518
-3.005,1.627
0.021,-0.399
-0.099,1.149
-0.107,0.807
-0.027,-1.888
-0.141,-2.72
-0.294,1.16
-0.305,-1.355
-0.385,1.098
-0.362,-1.459
-0.368,0.159
-0.528,-2.396
-0.404,0.347
-0.468,0.783
-0.674,0.55
-0.764,-0.93
-0.942,0.895
-0.925,-0.507
-0.94,1.112
-1.012,-0.274
-1.157,-0.445
-1.333,0.731
-1.364,-0.019
-1.372,-2.663
-1.402,1.244
-1.333,-1.528
-1.511,-0.594
-1.526,-0.738
-1.59,-0.331
-1.582,-2.711
-1.718,-1.43
-1.884,-2.433
-2.101,-0.957
-2.134,-1.207
-2.259,-0.273
-2.161,-0.62
-2.307,0.108
-2.199,0.142
-2.288,-1.402
-2.355,-0.461
2.79,-2.925
2.607,-3.109
1.914,-2.898
1.404,-3.08
1.068,-3.107
0.719,-2.983
-0.291,-3.059
-0.696,-3.02
-0.917,-3.01
-1.029,-3.183
-1.869,-3.165
-1.726,-2.813
-3.089,1.537
2.86,1.323
2.555,1.496
2.516,1.251
2.13,1.38
1.976,1.412
1.95,1.577
2.035,1.564
1.812,1.542
1.642,1.465
1.599,1.571
1.247,1.561
0.792,1.444
-0.17,1.455
-0.074,1.297
-0.422,1.347
-1.981,1.432
2.514,-0.112
2.364,-0.918
2.354,0.744
-0.471,-2.301
-0.573,-0.949
-0.571,-1.045
-0.939,0.284
-1.482,-0.707
-3.105,-1.489
2.018,-0.828
0.566,0.658
-0.289,0.671
-0.908,0.151
-1.71,-0.859
-1.705,-0.622
-1.67,-0.503
-1.9,0.627
2.295,-1.724
0.578,-0.56
-0.9,-0.547
-1.702,-2.452
2.954,-2.499
2.173,-2.447
2.243,-2.585
-2.917,1.56
-0.12,1.548
-0.128,1.206
-0.048,-1.489
-0.162,-2.321
-0.315,1.559
-0.326,-0.956
-0.406,1.497
-0.383,-1.06
-0.389,0.558
-0.549,-1.997
-0.425,0.746
-0.489,1.182
-0.695,0.949
-0.785,-0.531
-0.963,1.294
-0.946,-0.108
-0.961,1.511
-1.033,0.125
-1.178,-0.046
-1.354,1.13
-1.385,0.38
-1.393,-2.264
-1.423,1.643
-1.354,-1.129
-1.532,-0.195
-1.547,-0.339
-1.611,0.068
-1.603,-2.312
-1.739,-1.031
-1.905,-2.034
-2.122,-0.558
-2.155,-0.808
-2.28,0.126
-2.182,-0.221
-2.328,0.507
-2.22,0.541
-2.309,-1.003
-2.376,-0.062
2.769,-2.526
2.586,-2.71
1.893,-2.499
1.383,-2.681
1.047,-2.708
0.698,-2.584
-0.312,-2.66
-0.717,-2.621
-0.938,-2.611
-1.05,-2.784
-1.89,-2.766
-1.747,-2.414
-3.11,1.936
2.839,1.722
2.534,1.895
2.495,1.65
2.109,1.779
1.955,1.811
1.929,1.976
2.014,1.963
1.791,1.941
1.621,1.864
1.578,1.97
1.226,1.96
0.771,1.843
-0.191,1.854
-0.095,1.696
-0.443,1.746
-2.002,1.831
2.493,0.287
2.343,-0.519
2.333,1.143
-0.492,-1.902
-0.594,-0.55
-0.592,-0.646
-0.96,0.683
-1.503,-0.308
-3.126,-1.09
1.997,-0.429
0.545,1.057
-0.31,1.07
-0.929,0.55
-1.731,-0.46
-1.726,-0.223
-1.691,-0.104
-1.921,1.026
2.274,-1.325
0.557,-0.161
-0.921,-0.148
-1.723,-2.053
2.933,-2.1
2.152,-2.048
2.222,-2.186
-2.938,1.959
-0.008,-0.342
0.072,-3.037
-0.042,-3.869
-0.195,0.011
-0.206,-2.504
-0.286,-0.051
-0.263,-2.608
-0.269,-0.99
-0.429,-3.545
-0.305,-0.802
-0.369,-0.366
-0.575,-0.599
-0.665,-2.079
-0.843,-0.254
-0.826,-1.656
-0.841,-0.037
-0.913,-1.423
-1.058,-1.594
-1.234,-0.418
-1.265,-1.168
-1.273,-3.812
-1.303,0.095
-1.234,-2.677
-1.412,-1.743
-1.427,-1.887
-1.491,-1.48
-1.483,-3.86
-1.619,-2.579
-1.785,-3.582
-2.002,-2.106
-2.035,-2.356
-2.16,-1.422
-2.062,-1.769
-2.208,-1.041
-2.1,-1.007
-2.189,-2.551
-2.256,-1.61
2.889,-4.074
2.706,-4.258
2.013,-4.047
1.503,-4.229
1.167,-4.256
0.818,-4.132
-0.192,-4.208
-0.597,-4.169
-0.818,-4.159
-0.93,-4.332
-1.77,-4.314
-1.627,-3.962
-2.99,0.388
2.959,0.174
2.654,0.347
2.615,0.102
2.229,0.231
2.075,0.263
2.049,0.428
2.134,0.415
1.911,0.393
1.741,0.316
1.698,0.422
1.346,0.412
0.891,0.295
-0.071,0.306
0.025,0.148
-0.323,0.198
-1.882,0.283
2.613,-1.261
2.463,-2.067
2.453,-0.405
-0.372,-3.45
-0.474,-2.098
-0.472,-2.194
-0.84,-0.865
-1.383,-1.856
-3.006,-2.638
2.117,-1.977
0.665,-0.491
-0.19,-0.478
-0.809,-0.998
-1.611,-2.008
-1.606,-1.771
-1.571,-1.652
-1.801,-0.522
2.394,-2.873
0.677,-1.709
-0.801,-1.696
-1.603,-3.601
3.053,-3.648
2.272,-3.596
2.342,-3.734
-2.818,0.411
0.08,-2.695
-0.034,-3.527
-0.187,0.353
-0.198,-2.162
-0.278,0.291
-0.255,-2.266
-0.261,-0.648
-0.421,-3.203
-0.297,-0.46
-0.361,-0.024
-0.567,-0.257
-0.657,-1.737
-0.835,0.088
-0.818,-1.314
-0.833,0.305
-0.905,-1.081
-1.05,-1.252
-1.226,-0.076
-1.257,-0.826
-1.265,-3.47
-1.295,0.437
-1.226,-2.335
-1.404,-1.401
-1.419,-1.545
-1.483,-1.138
-1.475,-3.518
-1.611,-2.237
-1.777,-3.24
-1.994,-1.764
-2.027,-2.014
-2.152,-1.08
-2.054,-1.427
-2.2,-0.699
-2.092,-0.665
-2.181,-2.209
-2.248,-1.268
2.897,-3.732
2.714,-3.916
2.021,-3.705
1.511,-3.887
1.175,-3.914
0.826,-3.79
-0.184,-3.866
-0.589,-3.827
-0.81,-3.817
-0.922,-3.99
-1.762,-3.972
-1.619,-3.62
-2.982,0.73
2.967,0.516
2.662,0.689
2.623,0.444
2.237,0.573
2.083,0.605
2.057,0.77
2.142,0.757
1.919,0.735
1.749,0.658
1.706,0.764
1.354,0.754
0.899,0.637
-0.063,0.648
0.033,0.49
-0.315,0.54
-1.874,0.625
2.621,-0.919
2.471,-1.725
2.461,-0.063
-0.364,-3.108
-0.466,-1.756
-0.464,-1.852
-0.832,-0.523
-1.375,-1.514
-2.998,-2.296
2.125,-1.635
0.673,-0.149
-0.182,-0.136
-0.801,-0.656
-1.603,-1.666
-1.598,-1.429
-1.563,-1.31
-1.793,-0.18
2.402,-2.531
0.685,-1.367
-0.793,-1.354
-1.595,-3.259
3.061,-3.306
2.28,-3.254
2.35,-3.392
-2.81,0.753
-0.114,-0.832
-0.267,3.048
-0.278,0.533
-0.358,2.986
-0.335,0.429
-0.341,2.047
-0.501,-0.508
-0.377,2.235
-0.441,2.671
-0.647,2.438
-0.737,0.958
-0.915,2.783
-0.898,1.381
-0.913,3.0
-0.985,1.614
-1.13,1.443
-1.306,2.619
-1.337,1.869
-1.345,-0.775
-1.375,3.132
-1.306,0.36
-1.484,1.294
-1.499,1.15
-1.563,1.557
-1.555,-0.823
-1.691,0.458
-1.857,-0.545
-2.074,0.931
-2.107,0.681
-2.232,1.615
-2.134,1.268
-2.28,1.996
-2.172,2.03
-2.261,0.486
-2.328,1.427
2.817,-1.037
2.634,-1.221
1.941,-1.01
1.431,-1.192
1.095,-1.219
0.746,-1.095
-0.264,-1.171
-0.669,-1.132
-0.89,-1.122
-1.002,-1.295
-1.842,-1.277
-1.699,-0.925
-3.062,3.425
2.887,3.211
2.582,3.384
2.543,3.139
2.157,3.268
2.003,3.3
1.977,3.465
2.062,3.452
1.839,3.43
1.669,3.353
1.626,3.459
1.274,3.449
0.819,3.332
-0.143,3.343
-0.047,3.185
-0.395,3.235
-1.954,3.32
2.541,1.776
2.391,0.97
2.381,2.632
-0.444,-0.413
-0.546,0.939
-0.544,0.843
-0.912,2.172
-1.455,1.181
-3.078,0.399
2.045,1.06
0.593,2.546
-0.262,2.559
-0.881,2.039
-1.683,1.029
-1.678,1.266
-1.643,1.385
-1.873,2.515
2.322,0.164
0.605,1.328
-0.873,1.341
-1.675,-0.564
2.981,-0.611
2.2,-0.559
2.27,-0.697
-2.89,3.448
-0.153,3.88
-0.164,1.365
-0.244,3.818
-0.221,1.261
-0.227,2.879
-0.387,0.324
-0.263,3.067
-0.327,3.503
-0.533,3.27
-0.623,1.79
-0.801,3.615
-0.784,2.213
-0.799,3.832
-0.871,2.446
-1.016,2.275
-1.192,3.451
-1.223,2.701
-1.231,0.057
-1.261,3.964
-1.192,1.192
-1.37,2.126
-1.385,1.982
-1.449,2.389
-1.441,0.009
-1.577,1.29
-1.743,0.287
-1.96,1.763
-1.993,1.513
-2.118,2.447
-2.02,2.1
-2.166,2.828
-2.058,2.862
-2.147,1.318
-2.214,2.259
2.931,-0.205
2.748,-0.389
2.055,-0.178
1.545,-0.36
1.209,-0.387
0.86,-0.263
-0.15,-0.339
-0.555,-0.3
-0.776,-0.29
-0.888,-0.463
-1.728,-0.445
-1.585,-0.093
-2.948,4.257
3.001,4.043
2.696,4.216
2.657,3.971
2.271,4.1
2.117,4.132
2.091,4.297
2.176,4.284
1.953,4.262
1.783,4.185
1.74,4.291
1.388,4.281
0.933,4.164
-0.029,4.175
0.067,4.017
-0.281,4.067
-1.84,4.152
2.655,2.608
2.505,1.802
2.495,3.464
-0.33,0.419
-0.432,1.771
-0.43,1.675
-0.798,3.004
-1.341,2.013
-2.964,1.231
2.159,1.892
0.707,3.378
-0.148,3.391
-0.767,2.871
-1.569,1.861
-1.564,2.098
-1.529,2.217
-1.759,3.347
2.436,0.996
0.719,2.16
-0.759,2.173
-1.561,0.268
3.095,0.221
2.314,0.273
2.384,0.135
-2.776,4.28
-0.011,-2.515
-0.091,-0.062
-0.068,-2.619
-0.074,-1.001
-0.234,-3.556
-0.11,-0.813
-0.174,-0.377
-0.38,-0.61
-0.47,-2.09
-0.648,-0.265
-0.631,-1.667
-0.646,-0.048
-0.718,-1.434
-0.863,-1.605
-1.039,-0.429
-1.07,-1.179
-1.078,-3.823
-1.108,0.084
-1.039,-2.688
-1.217,-1.754
-1.232,-1.898
-1.296,-1.491
-1.288,-3.871
-1.424,-2.59
-1.59,-3.593
-1.807,-2.117
-1.84,-2.367
-1.965,-1.433
-1.867,-1.78
-2.013,-1.052
-1.905,-1.018
-1.994,-2.562
-2.061,-1.621
3.084,-4.085
2.901,-4.269
2.208,-4.058
1.698,-4.24
1.362,-4.267
1.013,-4.143
0.003,-4.219
-0.402,-4.18
-0.623,-4.17
-0.735,-4.343
-1.575,-4.325
-1.432,-3.973
-2.795,0.377
-3.129,0.163
2.849,0.336
2.81,0.091
2.424,0.22
2.27,0.252
2.244,0.417
2.329,0.404
2.106,0.382
1.936,0.305
1.893,0.411
1.541,0.401
1.086,0.284
0.124,0.295
0.22,0.137
-0.128,0.187
-1.687,0.272
2.808,-1.272
2.658,-2.078
2.648,-0.416
-0.177,-3.461
-0.279,-2.109
-0.277,-2.205
-0.645,-0.876
-1.188,-1.867
-2.811,-2.649
2.312,-1.988
0.86,-0.502
0.005,-0.489
-0.614,-1.009
-1.416,-2.019
-1.411,-1.782
-1.376,-1.663
-1.606,-0.533
2.589,-2.884
0.872,-1.72
-0.606,-1.707
-1.408,-3.612
-3.035,-3.659
2.467,-3.607
2.537,-3.745
-2.623,0.4
-0.08,2.453
-0.057,-0.104
-0.063,1.514
-0.223,-1.041
-0.099,1.702
-0.163,2.138
-0.369,1.905
-0.459,0.425
-0.637,2.25
-0.62,0.848
-0.635,2.467
-0.707,1.081
-0.852,0.91
-1.028,2.086
-1.059,1.336
-1.067,-1.308
-1.097,2.599
-1.028,-0.173
-1.206,0.761
-1.221,0.617
-1.285,1.024
-1.277,-1.356
-1.413,-0.075
-1.579,-1.078
-1.796,0.398
-1.829,0.148
-1.954,1.082
-1.856,0.735
-2.002,1.463
-1.894,1.497
-1.983,-0.047
-2.05,0.894
3.095,-1.57
2.912,-1.754
2.219,-1.543
1.709,-1.725
1.373,-1.752
1.024,-1.628
0.014,-1.704
-0.391,-1.665
-0.612,-1.655
-0.724,-1.828
-1.564,-1.81
-1.421,-1.458
-2.784,2.892
-3.118,2.678
2.86,2.851
2.821,2.606
2.435,2.735
2.281,2.767
2.255,2.932
2.34,2.919
2.117,2.897
1.947,2.82
1.904,2.926
1.552,2.916
1.097,2.799
0.135,2.81
0.231,2.652
-0.117,2.702
-1.676,2.787
2.819,1.243
2.669,0.437
2.659,2.099
-0.166,-0.946
-0.268,0.406
-0.266,0.31
-0.634,1.639
-1.177,0.648
-2.8,-0.134
2.323,0.527
0.871,2.013
0.016,2.026
-0.603,1.506
-1.405,0.496
-1.4,0.733
-1.365,0.852
-1.595,1.982
2.6,-0.369
0.883,0.795
-0.595,0.808
-1.397,-1.097
-3.024,-1.144
2.478,-1.092
2.548,-1.23
-2.612,2.915
0.023,-2.557
0.017,-0.939
-0.143,-3.494
-0.019,-0.751
-0.083,-0.315
-0.289,-0.548
-0.379,-2.028
-0.557,-0.203
-0.54,-1.605
-0.555,0.014
-0.627,-1.372
-0.772,-1.543
-0.948,-0.367
-0.979,-1.117
-0.987,-3.761
-1.017,0.146
-0.948,-2.626
-1.126,-1.692
-1.141,-1.836
-1.205,-1.429
-1.197,-3.809
-1.333,-2.528
-1.499,-3.531
-1.716,-2.055
-1.749,-2.305
-1.874,-1.371
-1.776,-1.718
-1.922,-0.99
-1.814,-0.956
-1.903,-2.5
-1.97,-1.559
-3.108,-4.023
2.992,-4.207
2.299,-3.996
1.789,-4.178
1.453,-4.205
1.104,-4.081
0.094,-4.157
-0.311,-4.118
-0.532,-4.108
-0.644,-4.281
-1.484,-4.263
-1.341,-3.911
-2.704,0.439
-3.038,0.225
2.94,0.398
2.901,0.153
2.515,0.282
2.361,0.314
2.335,0.479
2.42,0.466
2.197,0.444
2.027,0.367
1.984,0.473
1.632,0.463
1.177,0.346
0.215,0.357
0.311,0.199
-0.037,0.249
-1.596,0.334
2.899,-1.21
2.749,-2.016
2.739,-0.354
-0.086,-3.399
-0.188,-2.047
-0.186,-2.143
-0.554,-0.814
-1.097,-1.805
-2.72,-2.587
2.403,-1.926
0.951,-0.44
0.096,-0.427
-0.523,-0.947
-1.325,-1.957
-1.32,-1.72
-1.285,-1.601
-1.515,-0.471
2.68,-2.822
0.963,-1.658
-0.515,-1.645
-1.317,-3.55
-2.944,-3.597
2.558,-3.545
2.628,-3.683
-2.532,0.462
-0.006,1.618
-0.166,-0.937
-0.042,1.806
-0.106,2.242
-0.312,2.009
-0.402,0.529
-0.58,2.354
-0.563,0.952
-0.578,2.571
-0.65,1.185
-0.795,1.014
-0.971,2.19
-1.002,1.44
-1.01,-1.204
-1.04,2.703
-0.971,-0.069
-1.149,0.865
-1.164,0.721
-1.228,1.128
-1.22,-1.252
-1.356,0.029
-1.522,-0.974
-1.739,0.502
-1.772,0.252
-1.897,1.186
-1.799,0.839
-1.945,1.567
-1.837,1.601
-1.926,0.057
-1.993,0.998
-3.131,-1.466
2.969,-1.65
2.276,-1.439
1.766,-1.621
1.43,-1.648
1.081,-1.524
0.071,-1.6
-0.334,-1.561
-0.555,-1.551
-0.667,-1.724
-1.507,-1.706
-1.364,-1.354
-2.727,2.996
-3.061,2.782
2.917,2.955
2.878,2.71
2.492,2.839
2.338,2.871
2.312,3.036
2.397,3.023
2.174,3.001
2.004,2.924
1.961,3.03
1.609,3.02
1.154,2.903
0.192,2.914
0.288,2.756
-0.06,2.806
-1.619,2.891
2.876,1.347
2.726,0.541
2.716,2.203
-0.109,-0.842
-0.211,0.51
-0.209,0.414
-0.577,1.743
-1.12,0.752
-2.743,-0.03
2.38,0.631
0.928,2.117
0.073,2.13
-0.546,1.61
-1.348,0.6
-1.343,0.837
-1.308,0.956
-1.538,2.086
2.657,-0.265
0.94,0.899
-0.538,0.912
-1.34,-0.993
-2.967,-1.04
2.535,-0.988
2.605,-1.126
-2.555,3.019
-0.16,-2.555
-0.036,0.188
-0.1,0.624
-0.306,0.391
-0.396,-1.089
-0.574,0.736
-0.557,-0.666
-0.572,0.953
-0.644,-0.433
-0.789,-0.604
-0.965,0.572
-0.996,-0.178
-1.004,-2.822
-1.034,1.085
-0.965,-1.687
-1.143,-0.753
-1.158,-0.897
-1.222,-0.49
-1.214,-2.87
-1.35,-1.589
-1.516,-2.592
-1.733,-1.116
-1.766,-1.366
-1.891,-0.432
-1.793,-0.779
-1.939,-0.051
-1.831,-0.017
-1.92,-1.561
-1.987,-0.62
-3.125,-3.084
2.975,-3.268
2.282,-3.057
1.772,-3.239
1.436,-3.266
1.087,-3.142
0.077,-3.218
-0.328,-3.179
-0.549,-3.169
-0.661,-3.342
-1.501,-3.324
-1.358,-2.972
-2.721,1.378
-3.055,1.164
2.923,1.337
2.884,1.092
2.498,1.221
2.344,1.253
2.318,1.418
2.403,1.405
2.18,1.383
2.01,1.306
1.967,1.412
1.615,1.402
1.16,1.285
0.198,1.296
0.294,1.138
-0.054,1.188
-1.613,1.273
2.882,-0.271
2.732,-1.077
2.722,0.585
-0.103,-2.46
-0.205,-1.108
-0.203,-1.204
-0.571,0.125
-1.114,-0.866
-2.737,-1.648
2.386,-0.987
0.934,0.499
0.079,0.512
-0.54,-0.008
-1.342,-1.018
-1.337,-0.781
-1.302,-0.662
-1.532,0.468
2.663,-1.883
0.946,-0.719
-0.532,-0.706
-1.334,-2.611
-2.961,-2.658
2.541,-2.606
2.611,-2.744
-2.549,1.401
0.124,2.743
0.06,3.179
-0.146,2.946
-0.236,1.466
-0.414,3.291
-0.397,1.889
-0.412,3.508
-0.484,2.122
-0.629,1.951
-0.805,3.127
-0.836,2.377
-0.844,-0.267
-0.874,3.64
-0.805,0.868
-0.983,1.802
-0.998,1.658
-1.062,2.065
-1.054,-0.315
-1.19,0.966
-1.356,-0.037
-1.573,1.439
-1.606,1.189
-1.731,2.123
-1.633,1.776
-1.779,2.504
-1.671,2.538
-1.76,0.994
-1.827,1.935
-2.965,-0.529
3.135,-0.713
2.442,-0.502
1.932,-0.684
1.596,-0.711
1.247,-0.587
0.237,-0.663
-0.168,-0.624
-0.389,-0.614
-0.501,-0.787
-1.341,-0.769
-1.198,-0.417
-2.561,3.933
-2.895,3.719
3.083,3.892
3.044,3.647
2.658,3.776
2.504,3.808
2.478,3.973
2.563,3.96
2.34,3.938
2.17,3.861
2.127,3.967
1.775,3.957
1.32,3.84
0.358,3.851
0.454,3.693
0.106,3.743
-1.453,3.828
3.042,2.284
2.892,1.478
2.882,3.14
0.057,0.095
-0.045,1.447
-0.043,1.351
-0.411,2.68
-0.954,1.689
-2.577,0.907
2.546,1.568
1.094,3.054
0.239,3.067
-0.38,2.547
-1.182,1.537
-1.177,1.774
-1.142,1.893
-1.372,3.023
2.823,0.672
1.106,1.836
-0.372,1.849
-1.174,-0.056
-2.801,-0.103
2.701,-0.051
2.771,-0.189
-2.389,3.956
-0.064,0.436
-0.27,0.203
-0.36,-1.277
-0.538,0.548
-0.521,-0.854
-0.536,0.765
-0.608,-0.621
-0.753,-0.792
-0.929,0.384
-0.96,-0.366
-0.968,-3.01
-0.998,0.897
-0.929,-1.875
-1.107,-0.941
-1.122,-1.085
-1.186,-0.678
-1.178,-3.058
-1.314,-1.777
-1.48,-2.78
-1.697,-1.304
-1.73,-1.554
-1.855,-0.62
-1.757,-0.967
-1.903,-0.239
-1.795,-0.205
-1.884,-1.749
-1.951,-0.808
-3.089,-3.272
3.011,-3.456
2.318,-3.245
1.808,-3.427
1.472,-3.454
1.123,-3.33
0.113,-3.406
-0.292,-3.367
-0.513,-3.357
-0.625,-3.53
-1.465,-3.512
-1.322,-3.16
-2.685,1.19
-3.019,0.976
2.959,1.149
2.92,0.904
2.534,1.033
2.38,1.065
2.354,1.23
2.439,1.217
2.216,1.195
2.046,1.118
2.003,1.224
1.651,1.214
1.196,1.097
0.234,1.108
0.33,0.95
-0.018,1.0
-1.577,1.085
2.918,-0.459
2.768,-1.265
2.758,0.397
-0.067,-2.648
-0.169,-1.296
-0.167,-1.392
-0.535,-0.063
-1.078,-1.054
-2.701,-1.836
2.422,-1.175
0.97,0.311
0.115,0.324
-0.504,-0.196
-1.306,-1.206
-1.301,-0.969
-1.266,-0.85
-1.496,0.28
2.699,-2.071
0.982,-0.907
-0.496,-0.894
-1.298,-2.799
-2.925,-2.846
2.577,-2.794
2.647,-2.932
-2.513,1.213
-0.206,-0.233
-0.296,-1.713
-0.474,0.112
-0.457,-1.29
-0.472,0.329
-0.544,-1.057
-0.689,-1.228
-0.865,-0.052
-0.896,-0.802
-0.904,-3.446
-0.934,0.461
-0.865,-2.311
-1.043,-1.377
-1.058,-1.521
-1.122,-1.114
-1.114,-3.494
-1.25,-2.213
-1.416,-3.216
-1.633,-1.74
-1.666,-1.99
-1.791,-1.056
-1.693,-1.403
-1.839,-0.675
-1.731,-0.641
-1.82,-2.185
-1.887,-1.244
-3.025,-3.708
3.075,-3.892
2.382,-3.681
1.872,-3.863
1.536,-3.89
1.187,-3.766
0.177,-3.842
-0.228,-3.803
-0.449,-3.793
-0.561,-3.966
-1.401,-3.948
-1.258,-3.596
-2.621,0.754
-2.955,0.54
3.023,0.713
2.984,0.468
2.598,0.597
2.444,0.629
2.418,0.794
2.503,0.781
2.28,0.759
2.11,0.682
2.067,0.788
1.715,0.778
1.26,0.661
0.298,0.672
0.394,0.514
0.046,0.564
-1.513,0.649
2.982,-0.895
2.832,-1.701
2.822,-0.039
-0.003,-3.084
-0.105,-1.732
-0.103,-1.828
-0.471,-0.499
-1.014,-1.49
-2.637,-2.272
2.486,-1.611
1.034,-0.125
0.179,-0.112
-0.44,-0.632
-1.242,-1.642
-1.237,-1.405
-1.202,-1.286
-1.432,-0.156
2.763,-2.507
1.046,-1.343
-0.432,-1.33
-1.234,-3.235
-2.861,-3.282
2.641,-3.23
2.711,-3.368
-2.449,0.777
-0.09,-1.48
-0.268,0.345
-0.251,-1.057
-0.266,0.562
-0.338,-0.824
-0.483,-0.995
-0.659,0.181
-0.69,-0.569
-0.698,-3.213
-0.728,0.694
-0.659,-2.078
-0.837,-1.144
-0.852,-1.288
-0.916,-0.881
-0.908,-3.261
-1.044,-1.98
-1.21,-2.983
-1.427,-1.507
-1.46,-1.757
-1.585,-0.823
-1.487,-1.17
-1.633,-0.442
-1.525,-0.408
-1.614,-1.952
-1.681,-1.011
-2.819,-3.475
-3.002,-3.659
2.588,-3.448
2.078,-3.63
1.742,-3.657
1.393,-3.533
0.383,-3.609
-0.022,-3.57
-0.243,-3.56
-0.355,-3.733
-1.195,-3.715
-1.052,-3.363
-2.415,0.987
-2.749,0.773
-3.054,0.946
-3.093,0.701
2.804,0.83
2.65,0.862
2.624,1.027
2.709,1.014
2.486,0.992
2.316,0.915
2.273,1.021
1.921,1.011
1.466,0.894
0.504,0.905
0.6,0.747
0.252,0.797
-1.307,0.882
-3.095,-0.662
3.038,-1.468
3.028,0.194
0.203,-2.851
0.101,-1.499
0.103,-1.595
-0.265,-0.266
-0.808,-1.257
-2.431,-2.039
2.692,-1.378
1.24,0.108
0.385,0.121
-0.234,-0.399
-1.036,-1.409
-1.031,-1.172
-0.996,-1.053
-1.226,0.077
2.969,-2.274
1.252,-1.11
-0.226,-1.097
-1.028,-3.002
-2.655,-3.049
2.847,-2.997
2.917,-3.135
-2.243,1.01
-0.178,1.825
-0.161,0.423
-0.176,2.042
-0.248,0.656
-0.393,0.485
-0.569,1.661
-0.6,0.911
-0.608,-1.733
-0.638,2.174
-0.569,-0.598
-0.747,0.336
-0.762,0.192
-0.826,0.599
-0.818,-1.781
-0.954,-0.5
-1.12,-1.503
-1.337,-0.027
-1.37,-0.277
-1.495,0.657
-1.397,0.31
-1.543,1.038
-1.435,1.072
-1.524,-0.472
-1.591,0.469
-2.729,-1.995
-2.912,-2.179
2.678,-1.968
2.168,-2.15
1.832,-2.177
1.483,-2.053
0.473,-2.129
0.068,-2.09
-0.153,-2.08
-0.265,-2.253
-1.105,-2.235
-0.962,-1.883
-2.325,2.467
-2.659,2.253
-2.964,2.426
-3.003,2.181
2.894,2.31
2.74,2.342
2.714,2.507
2.799,2.494
2.576,2.472
2.406,2.395
2.363,2.501
2.011,2.491
1.556,2.374
0.594,2.385
0.69,2.227
0.342,2.277
-1.217,2.362
-3.005,0.818
3.128,0.012
3.118,1.674
0.293,-1.371
0.191,-0.019
0.193,-0.115
-0.175,1.214
-0.718,0.223
-2.341,-0.559
2.782,0.102
1.33,1.588
0.475,1.601
-0.144,1.081
-0.946,0.071
-0.941,0.308
-0.906,0.427
-1.136,1.557
3.059,-0.794
1.342,0.37
-0.136,0.383
-0.938,-1.522
-2.565,-1.569
2.937,-1.517
3.007,-1.655
-2.153,2.49
0.017,-1.402
0.002,0.217
-0.07,-1.169
-0.215,-1.34
-0.391,-0.164
-0.422,-0.914
-0.43,-3.558
-0.46,0.349
-0.391,-2.423
-0.569,-1.489
-0.584,-1.633
-0.648,-1.226
-0.64,-3.606
-0.776,-2.325
-0.942,-3.328
-1.159,-1.852
-1.192,-2.102
-1.317,-1.168
-1.219,-1.515
-1.365,-0.787
-1.257,-0.753
-1.346,-2.297
-1.413,-1.356
-2.551,-3.82
-2.734,-4.004
2.856,-3.793
2.346,-3.975
2.01,-4.002
1.661,-3.878
0.651,-3.954
0.246,-3.915
0.025,-3.905
-0.087,-4.078
-0.927,-4.06
-0.784,-3.708
-2.147,0.642
-2.481,0.428
-2.786,0.601
-2.825,0.356
3.072,0.485
2.918,0.517
2.892,0.682
2.977,0.669
2.754,0.647
2.584,0.57
2.541,0.676
2.189,0.666
1.734,0.549
0.772,0.56
0.868,0.402
0.52,0.452
-1.039,0.537
-2.827,-1.007
-2.977,-1.813
-2.987,-0.151
0.471,-3.196
0.369,-1.844
0.371,-1.94
0.003,-0.611
-0.54,-1.602
-2.163,-2.384
2.96,-1.723
1.508,-0.237
0.653,-0.224
0.034,-0.744
-0.768,-1.754
-0.763,-1.517
-0.728,-1.398
-0.958,-0.268
-3.046,-2.619
1.52,-1.455
0.042,-1.442
-0.76,-3.347
-2.387,-3.394
3.115,-3.342
-3.098,-3.48
-1.975,0.665
-0.015,1.619
-0.087,0.233
-0.232,0.062
-0.408,1.238
-0.439,0.488
-0.447,-2.156
-0.477,1.751
-0.408,-1.021
-0.586,-0.087
-0.601,-0.231
-0.665,0.176
-0.657,-2.204
-0.793,-0.923
-0.959,-1.926
-1.176,-0.45
-1.209,-0.7
-1.334,0.234
-1.236,-0.113
-1.382,0.615
-1.274,0.649
-1.363,-0.895
-1.43,0.046
-2.568,-2.418
-2.751,-2.602
2.839,-2.391
2.329,-2.573
1.993,-2.6
1.644,-2.476
0.634,-2.552
0.229,-2.513
0.008,-2.503
-0.104,-2.676
-0.944,-2.658
-0.801,-2.306
-2.164,2.044
-2.498,1.83
-2.803,2.003
-2.842,1.758
3.055,1.887
2.901,1.919
2.875,2.084
2.96,2.071
2.737,2.049
2.567,1.972
2.524,2.078
2.172,2.068
1.717,1.951
0.755,1.962
0.851,1.804
0.503,1.854
-1.056,1.939
-2.844,0.395
-2.994,-0.411
-3.004,1.251
0.454,-1.794
0.352,-0.442
0.354,-0.538
-0.014,0.791
-0.557,-0.2
-2.18,-0.982
2.943,-0.321
1.491,1.165
0.636,1.178
0.017,0.658
-0.785,-0.352
-0.78,-0.115
-0.745,0.004
-0.975,1.134
-3.063,-1.217
1.503,-0.053
0.025,-0.04
-0.777,-1.945
-2.404,-1.992
3.098,-1.94
-3.115,-2.078
-1.992,2.067
-0.072,-1.386
-0.217,-1.557
-0.393,-0.381
-0.424,-1.131
-0.432,-3.775
-0.462,0.132
-0.393,-2.64
-0.571,-1.706
-0.586,-1.85
-0.65,-1.443
-0.642,-3.823
-0.778,-2.542
-0.944,-3.545
-1.161,-2.069
-1.194,-2.319
-1.319,-1.385
-1.221,-1.732
-1.367,-1.004
-1.259,-0.97
-1.348,-2.514
-1.415,-1.573
-2.553,-4.037
-2.736,-4.221
2.854,-4.01
2.344,-4.192
2.008,-4.219
1.659,-4.095
0.649,-4.171
0.244,-4.132
0.023,-4.122
-0.089,-4.295
-0.929,-4.277
-0.786,-3.925
-2.149,0.425
-2.483,0.211
-2.788,0.384
-2.827,0.139
3.07,0.268
2.916,0.3
2.89,0.465
2.975,0.452
2.752,0.43
2.582,0.353
2.539,0.459
2.187,0.449
1.732,0.332
0.77,0.343
0.866,0.185
0.518,0.235
-1.041,0.32
-2.829,-1.224
-2.979,-2.03
-2.989,-0.368
0.469,-3.413
0.367,-2.061
0.369,-2.157
0.001,-0.828
-0.542,-1.819
-2.165,-2.601
2.958,-1.94
1.506,-0.454
0.651,-0.441
0.032,-0.961
-0.77,-1.971
-0.765,-1.734
-0.73,-1.615
-0.96,-0.485
-3.048,-2.836
1.518,-1.672
0.04,-1.659
-0.762,-3.564
-2.389,-3.611
3.113,-3.559
-3.1,-3.697
-1.977,0.448
-0.145,-0.171
-0.321,1.005
-0.352,0.255
-0.36,-2.389
-0.39,1.518
-0.321,-1.254
-0.499,-0.32
-0.514,-0.464
-0.578,-0.057
-0.57,-2.437
-0.706,-1.156
-0.872,-2.159
-1.089,-0.683
-1.122,-0.933
-1.247,0.001
-1.149,-0.346
-1.295,0.382
-1.187,0.416
-1.276,-1.128
-1.343,-0.187
-2.481,-2.651
-2.664,-2.835
2.926,-2.624
2.416,-2.806
2.08,-2.833
1.731,-2.709
0.721,-2.785
0.316,-2.746
0.095,-2.736
-0.017,-2.909
-0.857,-2.891
-0.714,-2.539
-2.077,1.811
-2.411,1.597
-2.716,1.77
-2.755,1.525
-3.141,1.654
2.988,1.686
2.962,1.851
3.047,1.838
2.824,1.816
2.654,1.739
2.611,1.845
2.259,1.835
1.804,1.718
0.842,1.729
0.938,1.571
0.59,1.621
-0.969,1.706
-2.757,0.162
-2.907,-0.644
-2.917,1.018
0.541,-2.027
0.439,-0.675
0.441,-0.771
0.073,0.558
-0.47,-0.433
-2.093,-1.215
3.03,-0.554
1.578,0.932
0.723,0.945
0.104,0.425
-0.698,-0.585
-0.693,-0.348
-0.658,-0.229
-0.888,0.901
-2.976,-1.45
1.59,-0.286
0.112,-0.273
-0.69,-2.178
-2.317,-2.225
-3.098,-2.173
-3.028,-2.311
-1.905,1.834
-0.176,1.176
-0.207,0.426
-0.215,-2.218
-0.245,1.689
-0.176,-1.083
-0.354,-0.149
-0.369,-0.293
-0.433,0.114
-0.425,-2.266
-0.561,-0.985
-0.727,-1.988
-0.944,-0.512
-0.977,-0.762
-1.102,0.172
-1.004,-0.175
-1.15,0.553
-1.042,0.587
-1.131,-0.957
-1.198,-0.016
-2.336,-2.48
-2.519,-2.664
3.071,-2.453
2.561,-2.635
2.225,-2.662
1.876,-2.538
0.866,-2.614
0.461,-2.575
0.24,-2.565
0.128,-2.738
-0.712,-2.72
-0.569,-2.368
-1.932,1.982
-2.266,1.768
-2.571,1.941
-2.61,1.696
-2.996,1.825
3.133,1.857
3.107,2.022
-3.091,2.009
2.969,1.987
2.799,1.91
2.756,2.016
2.404,2.006
1.949,1.889
0.987,1.9
1.083,1.742
0.735,1.792
-0.824,1.877
-2.612,0.333
-2.762,-0.473
-2.772,1.189
0.686,-1.856
0.584,-0.504
0.586,-0.6
0.218,0.729
-0.325,-0.262
-1.948,-1.044
-3.108,-0.383
1.723,1.103
0.868,1.116
0.249,0.596
-0.553,-0.414
-0.548,-0.177
-0.513,-0.058
-0.743,1.072
-2.831,-1.279
1.735,-0.115
0.257,-0.102
-0.545,-2.007
-2.172,-2.054
-2.953,-2.002
-2.883,-2.14
-1.76,2.005
-0.031,-0.75
-0.039,-3.394
-0.069,0.513
0.0,-2.259
-0.178,-1.325
-0.193,-1.469
-0.257,-1.062
-0.249,-3.442
-0.385,-2.161
-0.551,-3.164
-0.768,-1.688
-0.801,-1.938
-0.926,-1.004
-0.828,-1.351
-0.974,-0.623
-0.866,-0.589
-0.955,-2.133
-1.022,-1.192
-2.16,-3.656
-2.343,-3.84
-3.036,-3.629
2.737,-3.811
2.401,-3.838
2.052,-3.714
1.042,-3.79
0.637,-3.751
0.416,-3.741
0.304,-3.914
-0.536,-3.896
-0.393,-3.544
-1.756,0.806
-2.09,0.592
-2.395,0.765
-2.434,0.52
-2.82,0.649
-2.974,0.681
-3.0,0.846
-2.915,0.833
-3.138,0.811
2.975,0.734
2.932,0.84
2.58,0.83
2.125,0.713
1.163,0.724
1.259,0.566
0.911,0.616
-0.648,0.701
-2.436,-0.843
-2.586,-1.649
-2.596,0.013
0.862,-3.032
0.76,-1.68
0.762,-1.776
0.394,-0.447
-0.149,-1.438
-1.772,-2.22
-2.932,-1.559
1.899,-0.073
1.044,-0.06
0.425,-0.58
-0.377,-1.59
-0.372,-1.353
-0.337,-1.234
-0.567,-0.104
-2.655,-2.455
1.911,-1.291
0.433,-1.278
-0.369,-3.183
-1.996,-3.23
-2.777,-3.178
-2.707,-3.316
-1.584,0.829
-0.008,-2.644
-0.038,1.263
0.031,-1.509
-0.147,-0.575
-0.162,-0.719
-0.226,-0.312
-0.218,-2.692
-0.354,-1.411
-0.52,-2.414
-0.737,-0.938
-0.77,-1.188
-0.895,-0.254
-0.797,-0.601
-0.943,0.127
-0.835,0.161
-0.924,-1.383
-0.991,-0.442
-2.129,-2.906
-2.312,-3.09
-3.005,-2.879
2.768,-3.061
2.432,-3.088
2.083,-2.964
1.073,-3.04
0.668,-3.001
0.447,-2.991
0.335,-3.164
-0.505,-3.146
-0.362,-2.794
-1.725,1.556
-2.059,1.342
-2.364,1.515
-2.403,1.27
-2.789,1.399
-2.943,1.431
-2.969,1.596
-2.884,1.583
-3.107,1.561
3.006,1.484
2.963,1.59
2.611,1.58
2.156,1.463
1.194,1.474
1.29,1.316
0.942,1.366
-0.617,1.451
-2.405,-0.093
-2.555,-0.899
-2.565,0.763
0.893,-2.282
0.791,-0.93
0.793,-1.026
0.425,0.303
-0.118,-0.688
-1.741,-1.47
-2.901,-0.809
1.93,0.677
1.075,0.69
0.456,0.17
-0.346,-0.84
-0.341,-0.603
-0.306,-0.484
-0.536,0.646
-2.624,-1.705
1.942,-0.541
0.464,-0.528
-0.338,-2.433
-1.965,-2.48
-2.746,-2.428
-2.676,-2.566
-1.553,1.579
-0.03,3.907
0.039,1.135
-0.139,2.069
-0.154,1.925
-0.218,2.332
-0.21,-0.048
-0.346,1.233
-0.512,0.23
-0.729,1.706
-0.762,1.456
-0.887,2.39
-0.789,2.043
-0.935,2.771
-0.827,2.805
-0.916,1.261
-0.983,2.202
-2.121,-0.262
-2.304,-0.446
-2.997,-0.235
2.776,-0.417
2.44,-0.444
2.091,-0.32
1.081,-0.396
0.676,-0.357
0.455,-0.347
0.343,-0.52
-0.497,-0.502
-0.354,-0.15
-1.717,4.2
-2.051,3.986
-2.356,4.159
-2.395,3.914
-2.781,4.043
-2.935,4.075
-2.961,4.24
-2.876,4.227
-3.099,4.205
3.014,4.128
2.971,4.234
2.619,4.224
2.164,4.107
1.202,4.118
1.298,3.96
0.95,4.01
-0.609,4.095
-2.397,2.551
-2.547,1.745
-2.557,3.407
0.901,0.362
0.799,1.714
0.801,1.618
0.433,2.947
-0.11,1.956
-1.733,1.174
-2.893,1.835
1.938,3.321
1.083,3.334
0.464,2.814
-0.338,1.804
-0.333,2.041
-0.298,2.16
-0.528,3.29
-2.616,0.939
1.95,2.103
0.472,2.116
-0.33,0.211
-1.957,0.164
-2.738,0.216
-2.668,0.078
-1.545,4.223
0.069,-2.772
-0.109,-1.838
-0.124,-1.982
-0.188,-1.575
-0.18,-3.955
-0.316,-2.674
-0.482,-3.677
-0.699,-2.201
-0.732,-2.451
-0.857,-1.517
-0.759,-1.864
-0.905,-1.136
-0.797,-1.102
-0.886,-2.646
-0.953,-1.705
-2.091,-4.169
-2.274,-4.353
-2.967,-4.142
2.806,-4.324
2.47,-4.351
2.121,-4.227
1.111,-4.303
0.706,-4.264
0.485,-4.254
0.373,-4.427
-0.467,-4.409
-0.324,-4.057
-1.687,0.293
-2.021,0.079
-2.326,0.252
-2.365,0.007
-2.751,0.136
-2.905,0.168
-2.931,0.333
-2.846,0.32
-3.069,0.298
3.044,0.221
3.001,0.327
2.649,0.317
2.194,0.2
1.232,0.211
1.328,0.053
0.98,0.103
-0.579,0.188
-2.367,-1.356
-2.517,-2.162
-2.527,-0.5
0.931,-3.545
0.829,-2.193
0.831,-2.289
0.463,-0.96
-0.08,-1.951
-1.703,-2.733
-2.863,-2.072
1.968,-0.586
1.113,-0.573
0.494,-1.093
-0.308,-2.103
-0.303,-1.866
-0.268,-1.747
-0.498,-0.617
-2.586,-2.968
1.98,-1.804
0.502,-1.791
-0.3,-3.696
-1.927,-3.743
-2.708,-3.691
-2.638,-3.829
-1.515,0.316
-0.178,0.934
-0.193,0.79
-0.257,1.197
-0.249,-1.183
-0.385,0.098
-0.551,-0.905
-0.768,0.571
-0.801,0.321
-0.926,1.255
-0.828,0.908
-0.974,1.636
-0.866,1.67
-0.955,0.126
-1.022,1.067
-2.16,-1.397
-2.343,-1.581
-3.036,-1.37
2.737,-1.552
2.401,-1.579
2.052,-1.455
1.042,-1.531
0.637,-1.492
0.416,-1.482
0.304,-1.655
-0.536,-1.637
-0.393,-1.285
-1.756,3.065
-2.09,2.851
-2.395,3.024
-2.434,2.779
-2.82,2.908
-2.974,2.94
-3.0,3.105
-2.915,3.092
-3.138,3.07
2.975,2.993
2.932,3.099
2.58,3.089
2.125,2.972
1.163,2.983
1.259,2.825
0.911,2.875
-0.648,2.96
-2.436,1.416
-2.586,0.61
-2.596,2.272
0.862,-0.773
0.76,0.579
0.762,0.483
0.394,1.812
-0.149,0.821
-1.772,0.039
-2.932,0.7
1.899,2.186
1.044,2.199
0.425,1.679
-0.377,0.669
-0.372,0.906
-0.337,1.025
-0.567,2.155
-2.655,-0.196
1.911,0.968
0.433,0.981
-0.369,-0.924
-1.996,-0.971
-2.777,-0.919
-2.707,-1.057
-1.584,3.088
-0.015,-0.144
-0.079,0.263
-0.071,-2.117
-0.207,-0.836
-0.373,-1.839
-0.59,-0.363
-0.623,-0.613
-0.748,0.321
-0.65,-0.026
-0.796,0.702
-0.688,0.736
-0.777,-0.808
-0.844,0.133
-1.982,-2.331
-2.165,-2.515
-2.858,-2.304
2.915,-2.486
2.579,-2.513
2.23,-2.389
1.22,-2.465
0.815,-2.426
0.594,-2.416
0.482,-2.589
-0.358,-2.571
-0.215,-2.219
-1.578,2.131
-1.912,1.917
-2.217,2.09
-2.256,1.845
-2.642,1.974
-2.796,2.006
-2.822,2.171
-2.737,2.158
-2.96,2.136
-3.13,2.059
3.11,2.165
2.758,2.155
2.303,2.038
1.341,2.049
1.437,1.891
1.089,1.941
-0.47,2.026
-2.258,0.482
-2.408,-0.324
-2.418,1.338
1.04,-1.707
0.938,-0.355
0.94,-0.451
0.572,0.878
0.029,-0.113
-1.594,-0.895
-2.754,-0.234
2.077,1.252
1.222,1.265
0.603,0.745
-0.199,-0.265
-0.194,-0.028
-0.159,0.091
-0.389,1.221
-2.477,-1.13
2.089,0.034
0.611,0.047
-0.191,-1.858
-1.818,-1.905
-2.599,-1.853
-2.529,-1.991
-1.406,2.154
-0.064,0.407
-0.056,-1.973
-0.192,-0.692
-0.358,-1.695
-0.575,-0.219
-0.608,-0.469
-0.733,0.465
-0.635,0.118
-0.781,0.846
-0.673,0.88
-0.762,-0.664
-0.829,0.277
-1.967,-2.187
-2.15,-2.371
-2.843,-2.16
2.93,-2.342
2.594,-2.369
2.245,-2.245
1.235,-2.321
0.83,-2.282
0.609,-2.272
0.497,-2.445
-0.343,-2.427
-0.2,-2.075
-1.563,2.275
-1.897,2.061
-2.202,2.234
-2.241,1.989
-2.627,2.118
-2.781,2.15
-2.807,2.315
-2.722,2.302
-2.945,2.28
-3.115,2.203
3.125,2.309
2.773,2.299
2.318,2.182
1.356,2.193
1.452,2.035
1.104,2.085
-0.455,2.17
-2.243,0.626
-2.393,-0.18
-2.403,1.482
1.055,-1.563
0.953,-0.211
0.955,-0.307
0.587,1.022
0.044,0.031
-1.579,-0.751
-2.739,-0.09
2.092,1.396
1.237,1.409
0.618,0.889
-0.184,-0.121
-0.179,0.116
-0.144,0.235
-0.374,1.365
-2.462,-0.986
2.104,0.178
0.626,0.191
-0.176,-1.714
-1.803,-1.761
-2.584,-1.709
-2.514,-1.847
-1.391,2.298
0.008,-2.38
-0.128,-1.099
-0.294,-2.102
-0.511,-0.626
-0.544,-0.876
-0.669,0.058
-0.571,-0.289
-0.717,0.439
-0.609,0.473
-0.698,-1.071
-0.765,-0.13
-1.903,-2.594
-2.086,-2.778
-2.779,-2.567
2.994,-2.749
2.658,-2.776
2.309,-2.652
1.299,-2.728
0.894,-2.689
0.673,-2.679
0.561,-2.852
-0.279,-2.834
-0.136,-2.482
-1.499,1.868
-1.833,1.654
-2.138,1.827
-2.177,1.582
-2.563,1.711
-2.717,1.743
-2.743,1.908
-2.658,1.895
-2.881,1.873
-3.051,1.796
-3.094,1.902
2.837,1.892
2.382,1.775
1.42,1.786
1.516,1.628
1.168,1.678
-0.391,1.763
-2.179,0.219
-2.329,-0.587
-2.339,1.075
1.119,-1.97
1.017,-0.618
1.019,-0.714
0.651,0.615
0.108,-0.376
-1.515,-1.158
-2.675,-0.497
2.156,0.989
1.301,1.002
0.682,0.482
-0.12,-0.528
-0.115,-0.291
-0.08,-0.172
-0.31,0.958
-2.398,-1.393
2.168,-0.229
0.69,-0.216
-0.112,-2.121
-1.739,-2.168
-2.52,-2.116
-2.45,-2.254
-1.327,1.891
-0.136,1.281
-0.302,0.278
-0.519,1.754
-0.552,1.504
-0.677,2.438
-0.579,2.091
-0.725,2.819
-0.617,2.853
-0.706,1.309
-0.773,2.25
-1.911,-0.214
-2.094,-0.398
-2.787,-0.187
2.986,-0.369
2.65,-0.396
2.301,-0.272
1.291,-0.348
0.886,-0.309
0.665,-0.299
0.553,-0.472
-0.287,-0.454
-0.144,-0.102
-1.507,4.248
-1.841,4.034
-2.146,4.207
-2.185,3.962
-2.571,4.091
-2.725,4.123
-2.751,4.288
-2.666,4.275
-2.889,4.253
-3.059,4.176
-3.102,4.282
2.829,4.272
2.374,4.155
1.412,4.166
1.508,4.008
1.16,4.058
-0.399,4.143
-2.187,2.599
-2.337,1.793
-2.347,3.455
1.111,0.41
1.009,1.762
1.011,1.666
0.643,2.995
0.1,2.004
-1.523,1.222
-2.683,1.883
2.148,3.369
1.293,3.382
0.674,2.862
-0.128,1.852
-0.123,2.089
-0.088,2.208
-0.318,3.338
-2.406,0.987
2.16,2.151
0.682,2.164
-0.12,0.259
-1.747,0.212
-2.528,0.264
-2.458,0.126
-1.335,4.271
-0.166,-1.003
-0.383,0.473
-0.416,0.223
-0.541,1.157
-0.443,0.81
-0.589,1.538
-0.481,1.572
-0.57,0.028
-0.637,0.969
-1.775,-1.495
-1.958,-1.679
-2.651,-1.468
3.122,-1.65
2.786,-1.677
2.437,-1.553
1.427,-1.629
1.022,-1.59
0.801,-1.58
0.689,-1.753
-0.151,-1.735
-0.008,-1.383
-1.371,2.967
-1.705,2.753
-2.01,2.926
-2.049,2.681
-2.435,2.81
-2.589,2.842
-2.615,3.007
-2.53,2.994
-2.753,2.972
-2.923,2.895
-2.966,3.001
2.965,2.991
2.51,2.874
1.548,2.885
1.644,2.727
1.296,2.777
-0.263,2.862
-2.051,1.318
-2.201,0.512
-2.211,2.174
1.247,-0.871
1.145,0.481
1.147,0.385
0.779,1.714
0.236,0.723
-1.387,-0.059
-2.547,0.602
2.284,2.088
1.429,2.101
0.81,1.581
0.008,0.571
0.013,0.808
0.048,0.927
-0.182,2.057
-2.27,-0.294
2.296,0.87
0.818,0.883
0.016,-1.022
-1.611,-1.069
-2.392,-1.017
-2.322,-1.155
-1.199,2.99
-0.217,1.476
-0.25,1.226
-0.375,2.16
-0.277,1.813
-0.423,2.541
-0.315,2.575
-0.404,1.031
-0.471,1.972
-1.609,-0.492
-1.792,-0.676
-2.485,-0.465
-2.995,-0.647
2.952,-0.674
2.603,-0.55
1.593,-0.626
1.188,-0.587
0.967,-0.577
0.855,-0.75
0.015,-0.732
0.158,-0.38
-1.205,3.97
-1.539,3.756
-1.844,3.929
-1.883,3.684
-2.269,3.813
-2.423,3.845
-2.449,4.01
-2.364,3.997
-2.587,3.975
-2.757,3.898
-2.8,4.004
3.131,3.994
2.676,3.877
1.714,3.888
1.81,3.73
1.462,3.78
-0.097,3.865
-1.885,2.321
-2.035,1.515
-2.045,3.177
1.413,0.132
1.311,1.484
1.313,1.388
0.945,2.717
0.402,1.726
-1.221,0.944
-2.381,1.605
2.45,3.091
1.595,3.104
0.976,2.584
0.174,1.574
0.179,1.811
0.214,1.93
-0.016,3.06
-2.104,0.709
2.462,1.873
0.984,1.886
0.182,-0.019
-1.445,-0.066
-2.226,-0.014
-2.156,-0.152
-1.033,3.993
-0.033,-0.25
-0.158,0.684
-0.06,0.337
-0.206,1.065
-0.098,1.099
-0.187,-0.445
-0.254,0.496
-1.392,-1.968
-1.575,-2.152
-2.268,-1.941
-2.778,-2.123
-3.114,-2.15
2.82,-2.026
1.81,-2.102
1.405,-2.063
1.184,-2.053
1.072,-2.226
0.232,-2.208
0.375,-1.856
-0.988,2.494
-1.322,2.28
-1.627,2.453
-1.666,2.208
-2.052,2.337
-2.206,2.369
-2.232,2.534
-2.147,2.521
-2.37,2.499
-2.54,2.422
-2.583,2.528
-2.935,2.518
2.893,2.401
1.931,2.412
2.027,2.254
1.679,2.304
0.12,2.389
-1.668,0.845
-1.818,0.039
-1.828,1.701
1.63,-1.344
1.528,0.008
1.53,-0.088
1.162,1.241
0.619,0.25
-1.004,-0.532
-2.164,0.129
2.667,1.615
1.812,1.628
1.193,1.108
0.391,0.098
0.396,0.335
0.431,0.454
0.201,1.584
-1.887,-0.767
2.679,0.397
1.201,0.41
0.399,-1.495
-1.228,-1.542
-2.009,-1.49
-1.939,-1.628
-0.816,2.517
-0.125,0.934
-0.027,0.587
-0.173,1.315
-0.065,1.349
-0.154,-0.195
-0.221,0.746
-1.359,-1.718
-1.542,-1.902
-2.235,-1.691
-2.745,-1.873
-3.081,-1.9
2.853,-1.776
1.843,-1.852
1.438,-1.813
1.217,-1.803
1.105,-1.976
0.265,-1.958
0.408,-1.606
-0.955,2.744
-1.289,2.53
-1.594,2.703
-1.633,2.458
-2.019,2.587
-2.173,2.619
-2.199,2.784
-2.114,2.771
-2.337,2.749
-2.507,2.672
-2.55,2.778
-2.902,2.768
2.926,2.651
1.964,2.662
2.06,2.504
1.712,2.554
0.153,2.639
-1.635,1.095
-1.785,0.289
-1.795,1.951
1.663,-1.094
1.561,0.258
1.563,0.162
1.195,1.491
0.652,0.5
-0.971,-0.282
-2.131,0.379
2.7,1.865
1.845,1.878
1.226,1.358
0.424,0.348
0.429,0.585
0.464,0.704
0.234,1.834
-1.854,-0.517
2.712,0.647
1.234,0.66
0.432,-1.245
-1.195,-1.292
-1.976,-1.24
-1.906,-1.378
-0.783,2.767
0.098,-0.347
-0.048,0.381
0.06,0.415
-0.029,-1.129
-0.096,-0.188
-1.234,-2.652
-1.417,-2.836
-2.11,-2.625
-2.62,-2.807
-2.956,-2.834
2.978,-2.71
1.968,-2.786
1.563,-2.747
1.342,-2.737
1.23,-2.91
0.39,-2.892
0.533,-2.54
-0.83,1.81
-1.164,1.596
-1.469,1.769
-1.508,1.524
-1.894,1.653
-2.048,1.685
-2.074,1.85
-1.989,1.837
-2.212,1.815
-2.382,1.738
-2.425,1.844
-2.777,1.834
3.051,1.717
2.089,1.728
2.185,1.57
1.837,1.62
0.278,1.705
-1.51,0.161
-1.66,-0.645
-1.67,1.017
1.788,-2.028
1.686,-0.676
1.688,-0.772
1.32,0.557
0.777,-0.434
-0.846,-1.216
-2.006,-0.555
2.825,0.931
1.97,0.944
1.351,0.424
0.549,-0.586
0.554,-0.349
0.589,-0.23
0.359,0.9
-1.729,-1.451
2.837,-0.287
1.359,-0.274
0.557,-2.179
-1.07,-2.226
-1.851,-2.174
-1.781,-2.312
-0.658,1.833
-0.146,0.728
-0.038,0.762
-0.127,-0.782
-0.194,0.159
-1.332,-2.305
-1.515,-2.489
-2.208,-2.278
-2.718,-2.46
-3.054,-2.487
2.88,-2.363
1.87,-2.439
1.465,-2.4
1.244,-2.39
1.132,-2.563
0.292,-2.545
0.435,-2.193
-0.928,2.157
-1.262,1.943
-1.567,2.116
-1.606,1.871
-1.992,2.0
-2.146,2.032
-2.172,2.197
-2.087,2.184
-2.31,2.162
-2.48,2.085
-2.523,2.191
-2.875,2.181
2.953,2.064
1.991,2.075
2.087,1.917
1.739,1.967
0.18,2.052
-1.608,0.508
-1.758,-0.298
-1.768,1.364
1.69,-1.681
1.588,-0.329
1.59,-0.425
1.222,0.904
0.679,-0.087
-0.944,-0.869
-2.104,-0.208
2.727,1.278
1.872,1.291
1.253,0.771
0.451,-0.239
0.456,-0.002
0.491,0.117
0.261,1.247
-1.827,-1.104
2.739,0.06
1.261,0.073
0.459,-1.832
-1.168,-1.879
-1.949,-1.827
-1.879,-1.965
-0.756,2.18
0.108,0.034
0.019,-1.51
-0.048,-0.569
-1.186,-3.033
-1.369,-3.217
-2.062,-3.006
-2.572,-3.188
-2.908,-3.215
3.026,-3.091
2.016,-3.167
1.611,-3.128
1.39,-3.118
1.278,-3.291
0.438,-3.273
0.581,-2.921
-0.782,1.429
-1.116,1.215
-1.421,1.388
-1.46,1.143
-1.846,1.272
-2.0,1.304
-2.026,1.469
-1.941,1.456
-2.164,1.434
-2.334,1.357
-2.377,1.463
-2.729,1.453
3.099,1.336
2.137,1.347
2.233,1.189
1.885,1.239
0.326,1.324
-1.462,-0.22
-1.612,-1.026
-1.622,0.636
1.836,-2.409
1.734,-1.057
1.736,-1.153
1.368,0.176
0.825,-0.815
-0.798,-1.597
-1.958,-0.936
2.873,0.55
2.018,0.563
1.399,0.043
0.597,-0.967
0.602,-0.73
0.637,-0.611
0.407,0.519
-1.681,-1.832
2.885,-0.668
1.407,-0.655
0.605,-2.56
-1.022,-2.607
-1.803,-2.555
-1.733,-2.693
-0.61,1.452
-0.089,-1.544
-0.156,-0.603
-1.294,-3.067
-1.477,-3.251
-2.17,-3.04
-2.68,-3.222
-3.016,-3.249
2.918,-3.125
1.908,-3.201
1.503,-3.162
1.282,-3.152
1.17,-3.325
0.33,-3.307
0.473,-2.955
-0.89,1.395
-1.224,1.181
-1.529,1.354
-1.568,1.109
-1.954,1.238
-2.108,1.27
-2.134,1.435
-2.049,1.422
-2.272,1.4
-2.442,1.323
-2.485,1.429
-2.837,1.419
2.991,1.302
2.029,1.313
2.125,1.155
1.777,1.205
0.218,1.29
-1.57,-0.254
-1.72,-1.06
-1.73,0.602
1.728,-2.443
1.626,-1.091
1.628,-1.187
1.26,0.142
0.717,-0.849
-0.906,-1.631
-2.066,-0.97
2.765,0.516
1.91,0.529
1.291,0.009
0.489,-1.001
0.494,-0.764
0.529,-0.645
0.299,0.485
-1.789,-1.866
2.777,-0.702
1.299,-0.689
0.497,-2.594
-1.13,-2.641
-1.911,-2.589
-1.841,-2.727
-0.718,1.418
-0.067,0.941
-1.205,-1.523
-1.388,-1.707
-2.081,-1.496
-2.591,-1.678
-2.927,-1.705
3.007,-1.581
1.997,-1.657
1.592,-1.618
1.371,-1.608
1.259,-1.781
0.419,-1.763
0.562,-1.411
-0.801,2.939
-1.135,2.725
-1.44,2.898
-1.479,2.653
-1.865,2.782
-2.019,2.814
-2.045,2.979
-1.96,2.966
-2.183,2.944
-2.353,2.867
-2.396,2.973
-2.748,2.963
3.08,2.846
2.118,2.857
2.214,2.699
1.866,2.749
0.307,2.834
-1.481,1.29
-1.631,0.484
-1.641,2.146
1.817,-0.899
1.715,0.453
1.717,0.357
1.349,1.686
0.806,0.695
-0.817,-0.087
-1.977,0.574
2.854,2.06
1.999,2.073
1.38,1.553
0.578,0.543
0.583,0.78
0.618,0.899
0.388,2.029
-1.7,-0.322
2.866,0.842
1.388,0.855
0.586,-1.05
-1.041,-1.097
-1.822,-1.045
-1.752,-1.183
-0.629,2.962
-1.138,-2.464
-1.321,-2.648
-2.014,-2.437
-2.524,-2.619
-2.86,-2.646
3.074,-2.522
2.064,-2.598
1.659,-2.559
1.438,-2.549
1.326,-2.722
0.486,-2.704
0.629,-2.352
-0.734,1.998
-1.068,1.784
-1.373,1.957
-1.412,1.712
-1.798,1.841
-1.952,1.873
-1.978,2.038
-1.893,2.025
-2.116,2.003
-2.286,1.926
-2.329,2.032
-2.681,2.022
-3.136,1.905
2.185,1.916
2.281,1.758
1.933,1.808
0.374,1.893
-1.414,0.349
-1.564,-0.457
-1.574,1.205
1.884,-1.84
1.782,-0.488
1.784,-0.584
1.416,0.745
0.873,-0.246
-0.75,-1.028
-1.91,-0.367
2.921,1.119
2.066,1.132
1.447,0.612
0.645,-0.398
0.65,-0.161
0.685,-0.042
0.455,1.088
-1.633,-1.263
2.933,-0.099
1.455,-0.086
0.653,-1.991
-0.974,-2.038
-1.755,-1.986
-1.685,-2.124
-0.562,2.021
-0.183,-0.184
-0.876,0.027
-1.386,-0.155
-1.722,-0.182
-2.071,-0.058
-3.081,-0.134
2.797,-0.095
2.576,-0.085
2.464,-0.258
1.624,-0.24
1.767,0.112
0.404,4.462
0.07,4.248
-0.235,4.421
-0.274,4.176
-0.66,4.305
-0.814,4.337
-0.84,4.502
-0.755,4.489
-0.978,4.467
-1.148,4.39
-1.191,4.496
-1.543,4.486
-1.998,4.369
-2.96,4.38
-2.864,4.222
3.071,4.272
1.512,4.357
-0.276,2.813
-0.426,2.007
-0.436,3.669
3.022,0.624
2.92,1.976
2.922,1.88
2.554,3.209
2.011,2.218
0.388,1.436
-0.772,2.097
-2.224,3.583
-3.079,3.596
2.585,3.076
1.783,2.066
1.788,2.303
1.823,2.422
1.593,3.552
-0.495,1.201
-2.212,2.365
2.593,2.378
1.791,0.473
0.164,0.426
-0.617,0.478
-0.547,0.34
0.576,4.485
-0.693,0.211
-1.203,0.029
-1.539,0.002
-1.888,0.126
-2.898,0.05
2.98,0.089
2.759,0.099
2.647,-0.074
1.807,-0.056
1.95,0.296
0.587,4.646
0.253,4.432
-0.052,4.605
-0.091,4.36
-0.477,4.489
-0.631,4.521
-0.657,4.686
-0.572,4.673
-0.795,4.651
-0.965,4.574
-1.008,4.68
-1.36,4.67
-1.815,4.553
-2.777,4.564
-2.681,4.406
-3.029,4.456
1.695,4.541
-0.093,2.997
-0.243,2.191
-0.253,3.853
-3.078,0.808
3.103,2.16
3.105,2.064
2.737,3.393
2.194,2.402
0.571,1.62
-0.589,2.281
-2.041,3.767
-2.896,3.78
2.768,3.26
1.966,2.25
1.971,2.487
2.006,2.606
1.776,3.736
-0.312,1.385
-2.029,2.549
2.776,2.562
1.974,0.657
0.347,0.61
-0.434,0.662
-0.364,0.524
0.759,4.669
-0.51,-0.182
-0.846,-0.209
-1.195,-0.085
-2.205,-0.161
-2.61,-0.122
-2.831,-0.112
-2.943,-0.285
2.5,-0.267
2.643,0.085
1.28,4.435
0.946,4.221
0.641,4.394
0.602,4.149
0.216,4.278
0.062,4.31
0.036,4.475
0.121,4.462
-0.102,4.44
-0.272,4.363
-0.315,4.469
-0.667,4.459
-1.122,4.342
-2.084,4.353
-1.988,4.195
-2.336,4.245
2.388,4.33
0.6,2.786
0.45,1.98
0.44,3.642
-2.385,0.597
-2.487,1.949
-2.485,1.853
-2.853,3.182
2.887,2.191
1.264,1.409
0.104,2.07
-1.348,3.556
-2.203,3.569
-2.822,3.049
2.659,2.039
2.664,2.276
2.699,2.395
2.469,3.525
0.381,1.174
-1.336,2.338
-2.814,2.351
2.667,0.446
1.04,0.399
0.259,0.451
0.329,0.313
1.452,4.458
-0.336,-0.027
-0.685,0.097
-1.695,0.021
-2.1,0.06
-2.321,0.07
-2.433,-0.103
3.01,-0.085
-3.13,0.267
1.79,4.617
1.456,4.403
1.151,4.576
1.112,4.331
0.726,4.46
0.572,4.492
0.546,4.657
0.631,4.644
0.408,4.622
0.238,4.545
0.195,4.651
-0.157,4.641
-0.612,4.524
-1.574,4.535
-1.478,4.377
-1.826,4.427
2.898,4.512
1.11,2.968
0.96,2.162
0.95,3.824
-1.875,0.779
-1.977,2.131
-1.975,2.035
-2.343,3.364
-2.886,2.373
1.774,1.591
0.614,2.252
-0.838,3.738
-1.693,3.751
-2.312,3.231
-3.114,2.221
-3.109,2.458
-3.074,2.577
2.979,3.707
0.891,1.356
-0.826,2.52
-2.304,2.533
-3.106,0.628
1.55,0.581
0.769,0.633
0.839,0.495
1.962,4.64
-0.349,0.124
-1.359,0.048
-1.764,0.087
-1.985,0.097
-2.097,-0.076
-2.937,-0.058
-2.794,0.294
2.126,4.644
1.792,4.43
1.487,4.603
1.448,4.358
1.062,4.487
0.908,4.519
0.882,4.684
0.967,4.671
0.744,4.649
0.574,4.572
0.531,4.678
0.179,4.668
-0.276,4.551
-1.238,4.562
-1.142,4.404
-1.49,4.454
-3.049,4.539
1.446,2.995
1.296,2.189
1.286,3.851
-1.539,0.806
-1.641,2.158
-1.639,2.062
-2.007,3.391
-2.55,2.4
2.11,1.618
0.95,2.279
-0.502,3.765
-1.357,3.778
-1.976,3.258
-2.778,2.248
-2.773,2.485
-2.738,2.604
-2.968,3.734
1.227,1.383
-0.49,2.547
-1.968,2.56
-2.77,0.655
1.886,0.608
1.105,0.66
1.175,0.522
2.298,4.667
-1.01,-0.076
-1.415,-0.037
-1.636,-0.027
-1.748,-0.2
-2.588,-0.182
-2.445,0.17
2.475,4.52
2.141,4.306
1.836,4.479
1.797,4.234
1.411,4.363
1.257,4.395
1.231,4.56
1.316,4.547
1.093,4.525
0.923,4.448
0.88,4.554
0.528,4.544
0.073,4.427
-0.889,4.438
-0.793,4.28
-1.141,4.33
-2.7,4.415
1.795,2.871
1.645,2.065
1.635,3.727
-1.19,0.682
-1.292,2.034
-1.29,1.938
-1.658,3.267
-2.201,2.276
2.459,1.494
1.299,2.155
-0.153,3.641
-1.008,3.654
-1.627,3.134
-2.429,2.124
-2.424,2.361
-2.389,2.48
-2.619,3.61
1.576,1.259
-0.141,2.423
-1.619,2.436
-2.421,0.531
2.235,0.484
1.454,0.536
1.524,0.398
2.647,4.543
-0.405,0.039
-0.626,0.049
-0.738,-0.124
-1.578,-0.106
-1.435,0.246
-2.798,4.596
-3.132,4.382
2.846,4.555
2.807,4.31
2.421,4.439
2.267,4.471
2.241,4.636
2.326,4.623
2.103,4.601
1.933,4.524
1.89,4.63
1.538,4.62
1.083,4.503
0.121,4.514
0.217,4.356
-0.131,4.406
-1.69,4.491
2.805,2.947
2.655,2.141
2.645,3.803
-0.18,0.758
-0.282,2.11
-0.28,2.014
-0.648,3.343
-1.191,2.352
-2.814,1.57
2.309,2.231
0.857,3.717
0.002,3.73
-0.617,3.21
-1.419,2.2
-1.414,2.437
-1.379,2.556
-1.609,3.686
2.586,1.335
0.869,2.499
-0.609,2.512
-1.411,0.607
-3.038,0.56
2.464,0.612
2.534,0.474
-2.626,4.619
-0.221,0.01
-0.333,-0.163
-1.173,-0.145
-1.03,0.207
-2.393,4.557
-2.727,4.343
-3.032,4.516
-3.071,4.271
2.826,4.4
2.672,4.432
2.646,4.597
2.731,4.584
2.508,4.562
2.338,4.485
2.295,4.591
1.943,4.581
1.488,4.464
0.526,4.475
0.622,4.317
0.274,4.367
-1.285,4.452
-3.073,2.908
3.06,2.102
3.05,3.764
0.225,0.719
0.123,2.071
0.125,1.975
-0.243,3.304
-0.786,2.313
-2.409,1.531
2.714,2.192
1.262,3.678
0.407,3.691
-0.212,3.171
-1.014,2.161
-1.009,2.398
-0.974,2.517
-1.204,3.647
2.991,1.296
1.274,2.46
-0.204,2.473
-1.006,0.568
-2.633,0.521
2.869,0.573
2.939,0.435
-2.221,4.58
-0.112,-0.173
-0.952,-0.155
-0.809,0.197
-2.172,4.547
-2.506,4.333
-2.811,4.506
-2.85,4.261
3.047,4.39
2.893,4.422
2.867,4.587
2.952,4.574
2.729,4.552
2.559,4.475
2.516,4.581
2.164,4.571
1.709,4.454
0.747,4.465
0.843,4.307
0.495,4.357
-1.064,4.442
-2.852,2.898
-3.002,2.092
-3.012,3.754
0.446,0.709
0.344,2.061
0.346,1.965
-0.022,3.294
-0.565,2.303
-2.188,1.521
2.935,2.182
1.483,3.668
0.628,3.681
0.009,3.161
-0.793,2.151
-0.788,2.388
-0.753,2.507
-0.983,3.637
-3.071,1.286
1.495,2.45
0.017,2.463
-0.785,0.558
-2.412,0.511
3.09,0.563
-3.123,0.425
-2.0,4.57
-0.84,0.018
-0.697,0.37
-2.06,4.72
-2.394,4.506
-2.699,4.679
-2.738,4.434
-3.124,4.563
3.005,4.595
2.979,4.76
3.064,4.747
2.841,4.725
2.671,4.648
2.628,4.754
2.276,4.744
1.821,4.627
0.859,4.638
0.955,4.48
0.607,4.53
-0.952,4.615
-2.74,3.071
-2.89,2.265
-2.9,3.927
0.558,0.882
0.456,2.234
0.458,2.138
0.09,3.467
-0.453,2.476
-2.076,1.694
3.047,2.355
1.595,3.841
0.74,3.854
0.121,3.334
-0.681,2.324
-0.676,2.561
-0.641,2.68
-0.871,3.81
-2.959,1.459
1.607,2.623
0.129,2.636
-0.673,0.731
-2.3,0.684
-3.081,0.736
-3.011,0.598
-1.888,4.743
0.143,0.352
-1.22,4.702
-1.554,4.488
-1.859,4.661
-1.898,4.416
-2.284,4.545
-2.438,4.577
-2.464,4.742
-2.379,4.729
-2.602,4.707
-2.772,4.63
-2.815,4.736
3.116,4.726
2.661,4.609
1.699,4.62
1.795,4.462
1.447,4.512
-0.112,4.597
-1.9,3.053
-2.05,2.247
-2.06,3.909
1.398,0.864
1.296,2.216
1.298,2.12
0.93,3.449
0.387,2.458
-1.236,1.676
-2.396,2.337
2.435,3.823
1.58,3.836
0.961,3.316
0.159,2.306
0.164,2.543
0.199,2.662
-0.031,3.792
-2.119,1.441
2.447,2.605
0.969,2.618
0.167,0.713
-1.46,0.666
-2.241,0.718
-2.171,0.58
-1.048,4.725
-1.363,4.35
-1.697,4.136
-2.002,4.309
-2.041,4.064
-2.427,4.193
-2.581,4.225
-2.607,4.39
-2.522,4.377
-2.745,4.355
-2.915,4.278
-2.958,4.384
2.973,4.374
2.518,4.257
1.556,4.268
1.652,4.11
1.304,4.16
-0.255,4.245
-2.043,2.701
-2.193,1.895
-2.203,3.557
1.255,0.512
1.153,1.864
1.155,1.768
0.787,3.097
0.244,2.106
-1.379,1.324
-2.539,1.985
2.292,3.471
1.437,3.484
0.818,2.964
0.016,1.954
0.021,2.191
0.056,2.31
-0.174,3.44
-2.262,1.089
2.304,2.253
0.826,2.266
0.024,0.361
-1.603,0.314
-2.384,0.366
-2.314,0.228
-1.191,4.373
-0.334,-0.214
-0.639,-0.041
-0.678,-0.286
-1.064,-0.157
-1.218,-0.125
-1.244,0.04
-1.159,0.027
-1.382,0.005
-1.552,-0.072
-1.595,0.034
-1.947,0.024
-2.402,-0.093
2.919,-0.082
3.015,-0.24
2.667,-0.19
1.108,-0.105
-0.68,-1.649
-0.83,-2.455
-0.84,-0.793
2.618,-3.838
2.516,-2.486
2.518,-2.582
2.15,-1.253
1.607,-2.244
-0.016,-3.026
-1.176,-2.365
-2.628,-0.879
2.8,-0.866
2.181,-1.386
1.379,-2.396
1.384,-2.159
1.419,-2.04
1.189,-0.91
-0.899,-3.261
-2.616,-2.097
2.189,-2.084
1.387,-3.989
-0.24,-4.036
-1.021,-3.984
-0.951,-4.122
0.172,0.023
-0.305,0.173
-0.344,-0.072
-0.73,0.057
-0.884,0.089
-0.91,0.254
-0.825,0.241
-1.048,0.219
-1.218,0.142
-1.261,0.248
-1.613,0.238
-2.068,0.121
-3.03,0.132
-2.934,-0.026
3.001,0.024
1.442,0.109
-0.346,-1.435
-0.496,-2.241
-0.506,-0.579
2.952,-3.624
2.85,-2.272
2.852,-2.368
2.484,-1.039
1.941,-2.03
0.318,-2.812
-0.842,-2.151
-2.294,-0.665
3.134,-0.652
2.515,-1.172
1.713,-2.182
1.718,-1.945
1.753,-1.826
1.523,-0.696
-0.565,-3.047
-2.282,-1.883
2.523,-1.87
1.721,-3.775
0.094,-3.822
-0.687,-3.77
-0.617,-3.908
0.506,0.237
-0.039,-0.245
-0.425,-0.116
-0.579,-0.084
-0.605,0.081
-0.52,0.068
-0.743,0.046
-0.913,-0.031
-0.956,0.075
-1.308,0.065
-1.763,-0.052
-2.725,-0.041
-2.629,-0.199
-2.977,-0.149
1.747,-0.064
-0.041,-1.608
-0.191,-2.414
-0.201,-0.752
-3.026,-3.797
-3.128,-2.445
-3.126,-2.541
2.789,-1.212
2.246,-2.203
0.623,-2.985
-0.537,-2.324
-1.989,-0.838
-2.844,-0.825
2.82,-1.345
2.018,-2.355
2.023,-2.118
2.058,-1.999
1.828,-0.869
-0.26,-3.22
-1.977,-2.056
2.828,-2.043
2.026,-3.948
0.399,-3.995
-0.382,-3.943
-0.312,-4.081
0.811,0.064
-0.386,0.129
-0.54,0.161
-0.566,0.326
-0.481,0.313
-0.704,0.291
-0.874,0.214
-0.917,0.32
-1.269,0.31
-1.724,0.193
-2.686,0.204
-2.59,0.046
-2.938,0.096
1.786,0.181
-0.002,-1.363
-0.152,-2.169
-0.162,-0.507
-2.987,-3.552
-3.089,-2.2
-3.087,-2.296
2.828,-0.967
2.285,-1.958
0.662,-2.74
-0.498,-2.079
-1.95,-0.593
-2.805,-0.58
2.859,-1.1
2.057,-2.11
2.062,-1.873
2.097,-1.754
1.867,-0.624
-0.221,-2.975
-1.938,-1.811
2.867,-1.798
2.065,-3.703
0.438,-3.75
-0.343,-3.698
-0.273,-3.836
0.85,0.309
-0.154,0.032
-0.18,0.197
-0.095,0.184
-0.318,0.162
-0.488,0.085
-0.531,0.191
-0.883,0.181
-1.338,0.064
-2.3,0.075
-2.204,-0.083
-2.552,-0.033
2.172,0.052
0.384,-1.492
0.234,-2.298
0.224,-0.636
-2.601,-3.681
-2.703,-2.329
-2.701,-2.425
-3.069,-1.096
2.671,-2.087
1.048,-2.869
-0.112,-2.208
-1.564,-0.722
-2.419,-0.709
-3.038,-1.229
2.443,-2.239
2.448,-2.002
2.483,-1.883
2.253,-0.753
0.165,-3.104
-1.552,-1.94
-3.03,-1.927
2.451,-3.832
0.824,-3.879
0.043,-3.827
0.113,-3.965
1.236,0.18
-0.026,0.165
0.059,0.152
-0.164,0.13
-0.334,0.053
-0.377,0.159
-0.729,0.149
-1.184,0.032
-2.146,0.043
-2.05,-0.115
-2.398,-0.065
2.326,0.02
0.538,-1.524
0.388,-2.33
0.378,-0.668
-2.447,-3.713
-2.549,-2.361
-2.547,-2.457
-2.915,-1.128
2.825,-2.119
1.202,-2.901
0.042,-2.24
-1.41,-0.754
-2.265,-0.741
-2.884,-1.261
2.597,-2.271
2.602,-2.034
2.637,-1.915
2.407,-0.785
0.319,-3.136
-1.398,-1.972
-2.876,-1.959
2.605,-3.864
0.978,-3.911
0.197,-3.859
0.267,-3.997
1.39,0.148
0.085,-0.013
-0.138,-0.035
-0.308,-0.112
-0.351,-0.006
-0.703,-0.016
-1.158,-0.133
-2.12,-0.122
-2.024,-0.28
-2.372,-0.23
2.352,-0.145
0.564,-1.689
0.414,-2.495
0.404,-0.833
-2.421,-3.878
-2.523,-2.526
-2.521,-2.622
-2.889,-1.293
2.851,-2.284
1.228,-3.066
0.068,-2.405
-1.384,-0.919
-2.239,-0.906
-2.858,-1.426
2.623,-2.436
2.628,-2.199
2.663,-2.08
2.433,-0.95
0.345,-3.301
-1.372,-2.137
-2.85,-2.124
2.631,-4.029
1.004,-4.076
0.223,-4.024
0.293,-4.162
1.416,-0.017
-0.223,-0.022
-0.393,-0.099
-0.436,0.007
-0.788,-0.003
-1.243,-0.12
-2.205,-0.109
-2.109,-0.267
-2.457,-0.217
2.267,-0.132
0.479,-1.676
0.329,-2.482
0.319,-0.82
-2.506,-3.865
-2.608,-2.513
-2.606,-2.609
-2.974,-1.28
2.766,-2.271
1.143,-3.053
-0.017,-2.392
-1.469,-0.906
-2.324,-0.893
-2.943,-1.413
2.538,-2.423
2.543,-2.186
2.578,-2.067
2.348,-0.937
0.26,-3.288
-1.457,-2.124
-2.935,-2.111
2.546,-4.016
0.919,-4.063
0.138,-4.011
0.208,-4.149
1.331,-0.004
-0.17,-0.077
-0.213,0.029
-0.565,0.019
-1.02,-0.098
-1.982,-0.087
-1.886,-0.245
-2.234,-0.195
2.49,-0.11
0.702,-1.654
0.552,-2.46
0.542,-0.798
-2.283,-3.843
-2.385,-2.491
-2.383,-2.587
-2.751,-1.258
2.989,-2.249
1.366,-3.031
0.206,-2.37
-1.246,-0.884
-2.101,-0.871
-2.72,-1.391
2.761,-2.401
2.766,-2.164
2.801,-2.045
2.571,-0.915
0.483,-3.266
-1.234,-2.102
-2.712,-2.089
2.769,-3.994
1.142,-4.041
0.361,-3.989
0.431,-4.127
1.554,0.018
-0.043,0.106
-0.395,0.096
-0.85,-0.021
-1.812,-0.01
-1.716,-0.168
-2.064,-0.118
2.66,-0.033
0.872,-1.577
0.722,-2.383
0.712,-0.721
-2.113,-3.766
-2.215,-2.414
-2.213,-2.51
-2.581,-1.181
-3.124,-2.172
1.536,-2.954
0.376,-2.293
-1.076,-0.807
-1.931,-0.794
-2.55,-1.314
2.931,-2.324
2.936,-2.087
2.971,-1.968
2.741,-0.838
0.653,-3.189
-1.064,-2.025
-2.542,-2.012
2.939,-3.917
1.312,-3.964
0.531,-3.912
0.601,-4.05
1.724,0.095
-0.352,-0.01
-0.807,-0.127
-1.769,-0.116
-1.673,-0.274
-2.021,-0.224
2.703,-0.139
0.915,-1.683
0.765,-2.489
0.755,-0.827
-2.07,-3.872
-2.172,-2.52
-2.17,-2.616
-2.538,-1.287
-3.081,-2.278
1.579,-3.06
0.419,-2.399
-1.033,-0.913
-1.888,-0.9
-2.507,-1.42
2.974,-2.43
2.979,-2.193
3.014,-2.074
2.784,-0.944
0.696,-3.295
-1.021,-2.131
-2.499,-2.118
2.982,-4.023
1.355,-4.07
0.574,-4.018
0.644,-4.156
1.767,-0.011
-0.455,-0.117
-1.417,-0.106
-1.321,-0.264
-1.669,-0.214
3.055,-0.129
1.267,-1.673
1.117,-2.479
1.107,-0.817
-1.718,-3.862
-1.82,-2.51
-1.818,-2.606
-2.186,-1.277
-2.729,-2.268
1.931,-3.05
0.771,-2.389
-0.681,-0.903
-1.536,-0.89
-2.155,-1.41
-2.957,-2.42
-2.952,-2.183
-2.917,-2.064
3.136,-0.934
1.048,-3.285
-0.669,-2.121
-2.147,-2.108
-2.949,-4.013
1.707,-4.06
0.926,-4.008
0.996,-4.146
2.119,-0.001
-0.962,0.011
-0.866,-0.147
-1.214,-0.097
-2.773,-0.012
1.722,-1.556
1.572,-2.362
1.562,-0.7
-1.263,-3.745
-1.365,-2.393
-1.363,-2.489
-1.731,-1.16
-2.274,-2.151
2.386,-2.933
1.226,-2.272
-0.226,-0.786
-1.081,-0.773
-1.7,-1.293
-2.502,-2.303
-2.497,-2.066
-2.462,-1.947
-2.692,-0.817
1.503,-3.168
-0.214,-2.004
-1.692,-1.991
-2.494,-3.896
2.162,-3.943
1.381,-3.891
1.451,-4.029
2.574,0.116
0.096,-0.158
-0.252,-0.108
-1.811,-0.023
2.684,-1.567
2.534,-2.373
2.524,-0.711
-0.301,-3.756
-0.403,-2.404
-0.401,-2.5
-0.769,-1.171
-1.312,-2.162
-2.935,-2.944
2.188,-2.283
0.736,-0.797
-0.119,-0.784
-0.738,-1.304
-1.54,-2.314
-1.535,-2.077
-1.5,-1.958
-1.73,-0.828
2.465,-3.179
0.748,-2.015
-0.73,-2.002
-1.532,-3.907
3.124,-3.954
2.343,-3.902
2.413,-4.04
-2.747,0.105
-0.348,0.05
-1.907,0.135
2.588,-1.409
2.438,-2.215
2.428,-0.553
-0.397,-3.598
-0.499,-2.246
-0.497,-2.342
-0.865,-1.013
-1.408,-2.004
-3.031,-2.786
2.092,-2.125
0.64,-0.639
-0.215,-0.626
-0.834,-1.146
-1.636,-2.156
-1.631,-1.919
-1.596,-1.8
-1.826,-0.67
2.369,-3.021
0.652,-1.857
-0.826,-1.844
-1.628,-3.749
3.028,-3.796
2.247,-3.744
2.317,-3.882
-2.843,0.263
-1.559,0.085
2.936,-1.459
2.786,-2.265
2.776,-0.603
-0.049,-3.648
-0.151,-2.296
-0.149,-2.392
-0.517,-1.063
-1.06,-2.054
-2.683,-2.836
2.44,-2.175
0.988,-0.689
0.133,-0.676
-0.486,-1.196
-1.288,-2.206
-1.283,-1.969
-1.248,-1.85
-1.478,-0.72
2.717,-3.071
1.0,-1.907
-0.478,-1.894
-1.28,-3.799
-2.907,-3.846
2.595,-3.794
2.665,-3.932
-2.495,0.213
-1.788,-1.544
-1.938,-2.35
-1.948,-0.688
1.51,-3.733
1.408,-2.381
1.41,-2.477
1.042,-1.148
0.499,-2.139
-1.124,-2.921
-2.284,-2.26
2.547,-0.774
1.692,-0.761
1.073,-1.281
0.271,-2.291
0.276,-2.054
0.311,-1.935
0.081,-0.805
-2.007,-3.156
2.559,-1.992
1.081,-1.979
0.279,-3.884
-1.348,-3.931
-2.129,-3.879
-2.059,-4.017
-0.936,0.128
-0.15,-0.806
-0.16,0.856
-2.985,-2.189
-3.087,-0.837
-3.085,-0.933
2.83,0.396
2.287,-0.595
0.664,-1.377
-0.496,-0.716
-1.948,0.77
-2.803,0.783
2.861,0.263
2.059,-0.747
2.064,-0.51
2.099,-0.391
1.869,0.739
-0.219,-1.612
-1.936,-0.448
2.869,-0.435
2.067,-2.34
0.44,-2.387
-0.341,-2.335
-0.271,-2.473
0.852,1.672
-0.01,1.662
-2.835,-1.383
-2.937,-0.031
-2.935,-0.127
2.98,1.202
2.437,0.211
0.814,-0.571
-0.346,0.09
-1.798,1.576
-2.653,1.589
3.011,1.069
2.209,0.059
2.214,0.296
2.249,0.415
2.019,1.545
-0.069,-0.806
-1.786,0.358
3.019,0.371
2.217,-1.534
0.59,-1.581
-0.191,-1.529
-0.121,-1.667
1.002,2.478
-2.825,-3.045
-2.927,-1.693
-2.925,-1.789
2.99,-0.46
2.447,-1.451
0.824,-2.233
-0.336,-1.572
-1.788,-0.086
-2.643,-0.073
3.021,-0.593
2.219,-1.603
2.224,-1.366
2.259,-1.247
2.029,-0.117
-0.059,-2.468
-1.776,-1.304
3.029,-1.291
2.227,-3.196
0.6,-3.243
-0.181,-3.191
-0.111,-3.329
1.012,0.816
-0.102,1.352
-0.1,1.256
-0.468,2.585
-1.011,1.594
-2.634,0.812
2.489,1.473
1.037,2.959
0.182,2.972
-0.437,2.452
-1.239,1.442
-1.234,1.679
-1.199,1.798
-1.429,2.928
2.766,0.577
1.049,1.741
-0.429,1.754
-1.231,-0.151
-2.858,-0.198
2.644,-0.146
2.714,-0.284
-2.446,3.861
0.002,-0.096
-0.366,1.233
-0.909,0.242
-2.532,-0.54
2.591,0.121
1.139,1.607
0.284,1.62
-0.335,1.1
-1.137,0.09
-1.132,0.327
-1.097,0.446
-1.327,1.576
2.868,-0.775
1.151,0.389
-0.327,0.402
-1.129,-1.503
-2.756,-1.55
2.746,-1.498
2.816,-1.636
-2.344,2.509
-0.368,1.329
-0.911,0.338
-2.534,-0.444
2.589,0.217
1.137,1.703
0.282,1.716
-0.337,1.196
-1.139,0.186
-1.134,0.423
-1.099,0.542
-1.329,1.672
2.866,-0.679
1.149,0.485
-0.329,0.498
-1.131,-1.407
-2.758,-1.454
2.744,-1.402
2.814,-1.54
-2.346,2.605
-0.543,-0.991
-2.166,-1.773
2.957,-1.112
1.505,0.374
0.65,0.387
0.031,-0.133
-0.771,-1.143
-0.766,-0.906
-0.731,-0.787
-0.961,0.343
-3.049,-2.008
1.517,-0.844
0.039,-0.831
-0.763,-2.736
-2.39,-2.783
3.112,-2.731
-3.101,-2.869
-1.978,1.276
-1.623,-0.782
-2.783,-0.121
2.048,1.365
1.193,1.378
0.574,0.858
-0.228,-0.152
-0.223,0.085
-0.188,0.204
-0.418,1.334
-2.506,-1.017
2.06,0.147
0.582,0.16
-0.22,-1.745
-1.847,-1.792
-2.628,-1.74
-2.558,-1.878
-1.435,2.267
-1.16,0.661
-2.612,2.147
2.816,2.16
2.197,1.64
1.395,0.63
1.4,0.867
1.435,0.986
1.205,2.116
-0.883,-0.235
-2.6,0.929
2.205,0.942
1.403,-0.963
-0.224,-1.01
-1.005,-0.958
-0.935,-1.096
0.188,3.049
-1.452,1.486
-2.307,1.499
-2.926,0.979
2.555,-0.031
2.56,0.206
2.595,0.325
2.365,1.455
0.277,-0.896
-1.44,0.268
-2.918,0.281
2.563,-1.624
0.936,-1.671
0.155,-1.619
0.225,-1.757
1.348,2.388
-0.855,0.013
-1.474,-0.507
-2.276,-1.517
-2.271,-1.28
-2.236,-1.161
-2.466,-0.031
1.729,-2.382
0.012,-1.218
-1.466,-1.205
-2.268,-3.11
2.388,-3.157
1.607,-3.105
1.677,-3.243
2.8,0.902
-0.619,-0.52
-1.421,-1.53
-1.416,-1.293
-1.381,-1.174
-1.611,-0.044
2.584,-2.395
0.867,-1.231
-0.611,-1.218
-1.413,-3.123
-3.04,-3.17
2.462,-3.118
2.532,-3.256
-2.628,0.889
-0.802,-1.01
-0.797,-0.773
-0.762,-0.654
-0.992,0.476
-3.08,-1.875
1.486,-0.711
0.008,-0.698
-0.794,-2.603
-2.421,-2.65
3.081,-2.598
-3.132,-2.736
-2.009,1.409
0.005,0.237
0.04,0.356
-0.19,1.486
-2.278,-0.865
2.288,0.299
0.81,0.312
0.008,-1.593
-1.619,-1.64
-2.4,-1.588
-2.33,-1.726
-1.207,2.419
0.035,0.119
-0.195,1.249
-2.283,-1.102
2.283,0.062
0.805,0.075
0.003,-1.83
-1.624,-1.877
-2.405,-1.825
-2.335,-1.963
-1.212,2.182
-0.23,1.13
-2.318,-1.221
2.248,-0.057
0.77,-0.044
-0.032,-1.949
-1.659,-1.996
-2.44,-1.944
-2.37,-2.082
-1.247,2.063
-2.088,-2.351
2.478,-1.187
1.0,-1.174
0.198,-3.079
-1.429,-3.126
-2.21,-3.074
-2.14,-3.212
-1.017,0.933
-1.717,1.164
3.088,1.177
2.286,-0.728
0.659,-0.775
-0.122,-0.723
-0.052,-0.861
1.071,3.284
-1.478,0.013
-2.28,-1.892
2.376,-1.939
1.595,-1.887
1.665,-2.025
2.788,2.12
-0.802,-1.905
-2.429,-1.952
3.073,-1.9
-3.14,-2.038
-2.017,2.107
-1.627,-0.047
-2.408,0.005
-2.338,-0.133
-1.215,4.012
-0.781,0.052
-0.711,-0.086
0.412,4.059
0.07,-0.138
1.193,4.007
1.123,4.145
