-0.004,0.954
-0.062,0.325
-0.082,-2.473
-0.109,-1.092
-0.211,-2.044
-0.234,-1.34
-0.177,-0.009
-0.16,0.071
-0.244,-1.135
-0.171,-1.635
-0.24,0.6
-0.258,-0.087
-0.216,0.272
-0.24,-1.643
-0.314,-0.164
-0.29,-0.499
-0.346,-0.529
-0.263,-1.271
-0.278,-2.247
-0.283,-1.106
-0.38,-1.565
-0.463,-1.196
-0.398,-0.693
-0.477,-0.966
-0.431,-2.207
-0.497,0.438
-0.475,-1.37
-0.546,-2.202
-0.563,-1.553
-0.594,-0.027
-0.603,-1.768
-0.633,-2.015
-0.694,-2.583
-0.698,-2.782
-0.766,-0.206
-0.72,-2.599
-0.814,-1.673
-0.9,-2.736
-0.866,0.76
-0.926,-2.353
-0.937,-0.324
-1.048,-0.153
-0.978,-0.659
-1.103,-1.479
-1.193,-0.386
-1.154,0.696
-1.26,-1.41
-1.307,-0.855
-1.307,-0.409
-1.363,-0.931
-1.358,-1.059
-1.335,-0.681
-1.402,-2.851
-1.397,-0.098
-1.513,-0.52
-1.606,-1.752
-1.535,-1.607
-1.596,-1.479
-1.634,-1.783
-1.774,-2.579
-1.843,-0.301
-1.819,-2.011
-1.844,0.927
-1.935,0.52
-1.976,-2.993
-2.035,-0.889
-2.029,0.827
-2.225,-0.528
-2.322,-2.228
-2.415,-0.183
-2.388,-2.004
-2.656,-1.297
-2.677,-1.83
-2.824,-2.947
-2.769,-0.616
-2.884,-0.753
-2.897,-0.925
-2.817,-1.084
-2.911,0.432
-3.003,-0.949
-3.092,0.173
3.092,0.584
3.083,-0.476
3.124,-0.161
2.881,-2.749
2.778,-0.615
2.814,-0.995
2.779,-2.128
2.842,-1.092
2.714,-0.913
2.7,-0.343
2.666,-0.176
2.705,-2.238
2.691,-0.935
2.669,-0.029
2.667,-3.053
2.283,-1.188
2.187,0.299
2.203,-1.054
2.179,-2.891
2.207,-0.38
2.155,-1.602
2.05,-2.024
2.093,-2.362
2.056,-1.237
2.016,0.232
1.939,-1.596
1.844,-0.974
1.749,-1.174
1.747,-1.051
1.563,0.516
1.53,-0.096
1.49,-1.665
1.489,-0.259
1.409,-1.143
1.374,-0.446
1.435,-1.711
1.435,-1.077
1.371,-2.906
1.112,-1.283
1.166,-1.864
1.126,-1.038
1.118,-2.868
1.043,-1.717
1.097,0.039
1.088,-0.72
0.947,-0.447
0.743,-2.879
0.76,-1.055
0.676,-2.254
0.651,-1.64
0.71,-1.153
0.652,-2.645
0.636,-1.006
0.691,-1.183
0.681,-3.014
0.611,-1.009
0.602,-1.108
0.379,0.725
0.301,-1.965
0.159,-2.094
0.071,-0.431
0.111,0.247
0.039,-1.383
0.092,0.732
0.094,-0.708
-0.602,-3.292
-0.574,-3.357
-1.288,-3.449
-1.64,-3.129
-2.337,-3.244
-2.515,-3.354
-2.804,-3.449
-2.827,-3.555
-3.095,-3.507
2.811,-3.064
2.889,-3.337
2.348,-3.21
2.341,-3.296
2.142,-3.228
1.49,-3.548
1.242,-3.158
0.981,-3.175
0.812,-3.278
0.706,-3.242
0.174,-3.379
-0.315,1.291
-0.245,1.198
-0.47,1.236
-0.881,1.171
-1.48,1.304
-1.49,1.047
-2.849,0.991
-2.851,1.042
2.997,0.964
2.748,1.193
2.75,1.255
1.874,0.99
1.653,1.26
1.652,1.265
0.795,1.106
0.719,1.069
0.297,1.348
0.144,1.117
-0.474,-2.005
-0.927,-2.64
-2.914,0.857
-2.98,-0.141
1.228,-0.52
0.479,0.801
0.577,1.088
-0.091,-2.031
-0.152,-0.76
-0.096,-0.112
-0.193,0.691
-0.326,-1.835
-0.417,-0.583
-0.394,-0.509
-0.431,-1.439
-0.423,-1.858
-0.435,-1.294
-0.592,-1.879
-0.647,-1.79
-0.803,0.542
-0.89,-1.381
-1.082,-0.846
-1.001,-1.131
-1.083,-1.734
-1.211,-2.977
-1.198,0.745
-1.075,0.38
-1.109,-0.683
-1.121,-0.047
-1.159,-2.547
-1.335,0.123
-1.394,0.615
-1.287,-1.489
-1.626,-0.303
-1.806,-1.331
-2.023,-1.705
-2.267,-0.684
-2.429,0.446
-2.324,-1.773
-2.485,-1.332
-2.518,-1.799
-2.535,-1.636
-2.581,-0.462
-2.474,-1.903
-2.537,-2.138
-2.758,0.571
-2.706,-0.951
-2.728,-0.538
-2.791,-1.828
-2.789,-2.82
-2.921,-1.07
-2.821,-0.244
-2.833,-1.153
-2.862,-0.37
-3.018,-1.999
-3.095,-2.865
-2.934,0.366
-3.051,-0.001
3.095,-2.938
3.091,0.884
3.075,0.463
2.948,-0.526
2.81,-2.396
2.799,-0.116
2.711,0.345
2.719,-2.276
2.704,-1.99
2.565,-0.52
2.378,-0.166
2.476,0.89
2.3,-1.474
2.231,-1.868
2.231,0.646
2.246,-2.022
2.005,-0.662
2.101,-1.653
1.995,0.203
1.878,-2.342
1.831,0.383
1.689,-2.566
1.597,0.889
1.462,-0.465
1.582,-2.715
1.354,-0.694
1.42,-1.721
1.439,-1.578
1.272,-2.71
1.211,0.658
1.241,0.981
1.068,0.645
1.151,-0.832
1.006,-1.51
1.076,-0.375
0.933,-2.221
0.624,-2.843
0.391,-2.012
0.494,-0.242
0.508,-2.146
0.341,-0.481
0.313,-0.381
0.449,-2.027
0.275,0.199
-0.118,-3.271
-0.024,-3.434
-0.08,-3.343
-2.004,-3.194
-2.069,-3.369
-2.024,-3.048
-2.339,-3.261
-2.484,-3.396
-2.662,-3.253
-3.016,-3.347
3.042,-3.518
2.422,-3.24
2.288,-3.158
2.141,-3.546
1.952,-3.481
1.632,-3.253
0.837,-3.291
-0.713,1.242
-1.199,1.108
-1.264,1.055
-1.452,0.971
-2.366,0.922
3.07,1.103
2.376,1.076
1.092,1.224
0.77,0.913
0.384,1.132
-2.475,-0.9
-0.959,-2.619
-1.322,-1.707
-2.66,-1.696
2.464,-0.099
2.004,-2.331
1.74,-0.156
1.684,-0.319
1.662,-2.017
1.656,-2.324
0.799,-1.71
0.891,-0.448
0.777,-1.555
0.705,-0.045
0.153,-0.826
-0.569,-2.018
-2.592,0.25
-2.748,-1.045
2.421,0.11
1.711,-1.905
-1.107,-3.19
-0.94,1.015
-0.534,1.217
-2.486,1.098
-0.058,-0.629
-0.078,-3.427
-0.105,-2.046
-0.207,-2.998
-0.23,-2.294
-0.173,-0.963
-0.156,-0.883
-0.24,-2.089
-0.167,-2.589
-0.236,-0.354
-0.254,-1.041
-0.212,-0.682
-0.236,-2.597
-0.31,-1.118
-0.286,-1.453
-0.342,-1.483
-0.259,-2.225
-0.274,-3.201
-0.279,-2.06
-0.376,-2.519
-0.459,-2.15
-0.394,-1.647
-0.473,-1.92
-0.427,-3.161
-0.493,-0.516
-0.471,-2.324
-0.542,-3.156
-0.559,-2.507
-0.59,-0.981
-0.599,-2.722
-0.629,-2.969
-0.69,-3.537
-0.694,-3.736
-0.762,-1.16
-0.716,-3.553
-0.81,-2.627
-0.896,-3.69
-0.862,-0.194
-0.922,-3.307
-0.933,-1.278
-1.044,-1.107
-0.974,-1.613
-1.099,-2.433
-1.189,-1.34
-1.15,-0.258
-1.256,-2.364
-1.303,-1.809
-1.303,-1.363
-1.359,-1.885
-1.354,-2.013
-1.331,-1.635
-1.398,-3.805
-1.393,-1.052
-1.509,-1.474
-1.602,-2.706
-1.531,-2.561
-1.592,-2.433
-1.63,-2.737
-1.77,-3.533
-1.839,-1.255
-1.815,-2.965
-1.84,-0.027
-1.931,-0.434
-1.972,-3.947
-2.031,-1.843
-2.025,-0.127
-2.221,-1.482
-2.318,-3.182
-2.411,-1.137
-2.384,-2.958
-2.652,-2.251
-2.673,-2.784
-2.82,-3.901
-2.765,-1.57
-2.88,-1.707
-2.893,-1.879
-2.813,-2.038
-2.907,-0.522
-2.999,-1.903
-3.088,-0.781
3.096,-0.37
3.087,-1.43
3.128,-1.115
2.885,-3.703
2.782,-1.569
2.818,-1.949
2.783,-3.082
2.846,-2.046
2.718,-1.867
2.704,-1.297
2.67,-1.13
2.709,-3.192
2.695,-1.889
2.673,-0.983
2.671,-4.007
2.287,-2.142
2.191,-0.655
2.207,-2.008
2.183,-3.845
2.211,-1.334
2.159,-2.556
2.054,-2.978
2.097,-3.316
2.06,-2.191
2.02,-0.722
1.943,-2.55
1.848,-1.928
1.753,-2.128
1.751,-2.005
1.567,-0.438
1.534,-1.05
1.494,-2.619
1.493,-1.213
1.413,-2.097
1.378,-1.4
1.439,-2.665
1.439,-2.031
1.375,-3.86
1.116,-2.237
1.17,-2.818
1.13,-1.992
1.122,-3.822
1.047,-2.671
1.101,-0.915
1.092,-1.674
0.951,-1.401
0.747,-3.833
0.764,-2.009
0.68,-3.208
0.655,-2.594
0.714,-2.107
0.656,-3.599
0.64,-1.96
0.695,-2.137
0.685,-3.968
0.615,-1.963
0.606,-2.062
0.383,-0.229
0.305,-2.919
0.163,-3.048
0.075,-1.385
0.115,-0.707
0.043,-2.337
0.096,-0.222
0.098,-1.662
-0.598,-4.246
-0.57,-4.311
-1.284,-4.403
-1.636,-4.083
-2.333,-4.198
-2.511,-4.308
-2.8,-4.403
-2.823,-4.509
-3.091,-4.461
2.815,-4.018
2.893,-4.291
2.352,-4.164
2.345,-4.25
2.146,-4.182
1.494,-4.502
1.246,-4.112
0.985,-4.129
0.816,-4.232
0.71,-4.196
0.178,-4.333
-0.311,0.337
-0.241,0.244
-0.466,0.282
-0.877,0.217
-1.476,0.35
-1.486,0.093
-2.845,0.037
-2.847,0.088
3.001,0.01
2.752,0.239
2.754,0.301
1.878,0.036
1.657,0.306
1.656,0.311
0.799,0.152
0.723,0.115
0.301,0.394
0.148,0.163
-0.47,-2.959
-0.923,-3.594
-2.91,-0.097
-2.976,-1.095
1.232,-1.474
0.483,-0.153
0.581,0.134
-0.087,-2.985
-0.148,-1.714
-0.092,-1.066
-0.189,-0.263
-0.322,-2.789
-0.413,-1.537
-0.39,-1.463
-0.427,-2.393
-0.419,-2.812
-0.431,-2.248
-0.588,-2.833
-0.643,-2.744
-0.799,-0.412
-0.886,-2.335
-1.078,-1.8
-0.997,-2.085
-1.079,-2.688
-1.207,-3.931
-1.194,-0.209
-1.071,-0.574
-1.105,-1.637
-1.117,-1.001
-1.155,-3.501
-1.331,-0.831
-1.39,-0.339
-1.283,-2.443
-1.622,-1.257
-1.802,-2.285
-2.019,-2.659
-2.263,-1.638
-2.425,-0.508
-2.32,-2.727
-2.481,-2.286
-2.514,-2.753
-2.531,-2.59
-2.577,-1.416
-2.47,-2.857
-2.533,-3.092
-2.754,-0.383
-2.702,-1.905
-2.724,-1.492
-2.787,-2.782
-2.785,-3.774
-2.917,-2.024
-2.817,-1.198
-2.829,-2.107
-2.858,-1.324
-3.014,-2.953
-3.091,-3.819
-2.93,-0.588
-3.047,-0.955
3.099,-3.892
3.095,-0.07
3.079,-0.491
2.952,-1.48
2.814,-3.35
2.803,-1.07
2.715,-0.609
2.723,-3.23
2.708,-2.944
2.569,-1.474
2.382,-1.12
2.48,-0.064
2.304,-2.428
2.235,-2.822
2.235,-0.308
2.25,-2.976
2.009,-1.616
2.105,-2.607
1.999,-0.751
1.882,-3.296
1.835,-0.571
1.693,-3.52
1.601,-0.065
1.466,-1.419
1.586,-3.669
1.358,-1.648
1.424,-2.675
1.443,-2.532
1.276,-3.664
1.215,-0.296
1.245,0.027
1.072,-0.309
1.155,-1.786
1.01,-2.464
1.08,-1.329
0.937,-3.175
0.628,-3.797
0.395,-2.966
0.498,-1.196
0.512,-3.1
0.345,-1.435
0.317,-1.335
0.453,-2.981
0.279,-0.755
-0.114,-4.225
-0.02,-4.388
-0.076,-4.297
-2.0,-4.148
-2.065,-4.323
-2.02,-4.002
-2.335,-4.215
-2.48,-4.35
-2.658,-4.207
-3.012,-4.301
3.046,-4.472
2.426,-4.194
2.292,-4.112
2.145,-4.5
1.956,-4.435
1.636,-4.207
0.841,-4.245
-0.709,0.288
-1.195,0.154
-1.26,0.101
-1.448,0.017
-2.362,-0.032
3.074,0.149
2.38,0.122
1.096,0.27
0.774,-0.041
0.388,0.178
-2.471,-1.854
-0.955,-3.573
-1.318,-2.661
-2.656,-2.65
2.468,-1.053
2.008,-3.285
1.744,-1.11
1.688,-1.273
1.666,-2.971
1.66,-3.278
0.803,-2.664
0.895,-1.402
0.781,-2.509
0.709,-0.999
0.157,-1.78
-0.565,-2.972
-2.588,-0.704
-2.744,-1.999
2.425,-0.844
1.715,-2.859
-1.103,-4.144
-0.936,0.061
-0.53,0.263
-2.482,0.144
-0.02,-2.798
-0.047,-1.417
-0.149,-2.369
-0.172,-1.665
-0.115,-0.334
-0.098,-0.254
-0.182,-1.46
-0.109,-1.96
-0.178,0.275
-0.196,-0.412
-0.154,-0.053
-0.178,-1.968
-0.252,-0.489
-0.228,-0.824
-0.284,-0.854
-0.201,-1.596
-0.216,-2.572
-0.221,-1.431
-0.318,-1.89
-0.401,-1.521
-0.336,-1.018
-0.415,-1.291
-0.369,-2.532
-0.435,0.113
-0.413,-1.695
-0.484,-2.527
-0.501,-1.878
-0.532,-0.352
-0.541,-2.093
-0.571,-2.34
-0.632,-2.908
-0.636,-3.107
-0.704,-0.531
-0.658,-2.924
-0.752,-1.998
-0.838,-3.061
-0.804,0.435
-0.864,-2.678
-0.875,-0.649
-0.986,-0.478
-0.916,-0.984
-1.041,-1.804
-1.131,-0.711
-1.092,0.371
-1.198,-1.735
-1.245,-1.18
-1.245,-0.734
-1.301,-1.256
-1.296,-1.384
-1.273,-1.006
-1.34,-3.176
-1.335,-0.423
-1.451,-0.845
-1.544,-2.077
-1.473,-1.932
-1.534,-1.804
-1.572,-2.108
-1.712,-2.904
-1.781,-0.626
-1.757,-2.336
-1.782,0.602
-1.873,0.195
-1.914,-3.318
-1.973,-1.214
-1.967,0.502
-2.163,-0.853
-2.26,-2.553
-2.353,-0.508
-2.326,-2.329
-2.594,-1.622
-2.615,-2.155
-2.762,-3.272
-2.707,-0.941
-2.822,-1.078
-2.835,-1.25
-2.755,-1.409
-2.849,0.107
-2.941,-1.274
-3.03,-0.152
-3.129,0.259
-3.138,-0.801
-3.097,-0.486
2.943,-3.074
2.84,-0.94
2.876,-1.32
2.841,-2.453
2.904,-1.417
2.776,-1.238
2.762,-0.668
2.728,-0.501
2.767,-2.563
2.753,-1.26
2.731,-0.354
2.729,-3.378
2.345,-1.513
2.249,-0.026
2.265,-1.379
2.241,-3.216
2.269,-0.705
2.217,-1.927
2.112,-2.349
2.155,-2.687
2.118,-1.562
2.078,-0.093
2.001,-1.921
1.906,-1.299
1.811,-1.499
1.809,-1.376
1.625,0.191
1.592,-0.421
1.552,-1.99
1.551,-0.584
1.471,-1.468
1.436,-0.771
1.497,-2.036
1.497,-1.402
1.433,-3.231
1.174,-1.608
1.228,-2.189
1.188,-1.363
1.18,-3.193
1.105,-2.042
1.159,-0.286
1.15,-1.045
1.009,-0.772
0.805,-3.204
0.822,-1.38
0.738,-2.579
0.713,-1.965
0.772,-1.478
0.714,-2.97
0.698,-1.331
0.753,-1.508
0.743,-3.339
0.673,-1.334
0.664,-1.433
0.441,0.4
0.363,-2.29
0.221,-2.419
0.133,-0.756
0.173,-0.078
0.101,-1.708
0.154,0.407
0.156,-1.033
-0.54,-3.617
-0.512,-3.682
-1.226,-3.774
-1.578,-3.454
-2.275,-3.569
-2.453,-3.679
-2.742,-3.774
-2.765,-3.88
-3.033,-3.832
2.873,-3.389
2.951,-3.662
2.41,-3.535
2.403,-3.621
2.204,-3.553
1.552,-3.873
1.304,-3.483
1.043,-3.5
0.874,-3.603
0.768,-3.567
0.236,-3.704
-0.253,0.966
-0.183,0.873
-0.408,0.911
-0.819,0.846
-1.418,0.979
-1.428,0.722
-2.787,0.666
-2.789,0.717
3.059,0.639
2.81,0.868
2.812,0.93
1.936,0.665
1.715,0.935
1.714,0.94
0.857,0.781
0.781,0.744
0.359,1.023
0.206,0.792
-0.412,-2.33
-0.865,-2.965
-2.852,0.532
-2.918,-0.466
1.29,-0.845
0.541,0.476
0.639,0.763
-0.029,-2.356
-0.09,-1.085
-0.034,-0.437
-0.131,0.366
-0.264,-2.16
-0.355,-0.908
-0.332,-0.834
-0.369,-1.764
-0.361,-2.183
-0.373,-1.619
-0.53,-2.204
-0.585,-2.115
-0.741,0.217
-0.828,-1.706
-1.02,-1.171
-0.939,-1.456
-1.021,-2.059
-1.149,-3.302
-1.136,0.42
-1.013,0.055
-1.047,-1.008
-1.059,-0.372
-1.097,-2.872
-1.273,-0.202
-1.332,0.29
-1.225,-1.814
-1.564,-0.628
-1.744,-1.656
-1.961,-2.03
-2.205,-1.009
-2.367,0.121
-2.262,-2.098
-2.423,-1.657
-2.456,-2.124
-2.473,-1.961
-2.519,-0.787
-2.412,-2.228
-2.475,-2.463
-2.696,0.246
-2.644,-1.276
-2.666,-0.863
-2.729,-2.153
-2.727,-3.145
-2.859,-1.395
-2.759,-0.569
-2.771,-1.478
-2.8,-0.695
-2.956,-2.324
-3.033,-3.19
-2.872,0.041
-2.989,-0.326
-3.126,-3.263
-3.13,0.559
3.137,0.138
3.01,-0.851
2.872,-2.721
2.861,-0.441
2.773,0.02
2.781,-2.601
2.766,-2.315
2.627,-0.845
2.44,-0.491
2.538,0.565
2.362,-1.799
2.293,-2.193
2.293,0.321
2.308,-2.347
2.067,-0.987
2.163,-1.978
2.057,-0.122
1.94,-2.667
1.893,0.058
1.751,-2.891
1.659,0.564
1.524,-0.79
1.644,-3.04
1.416,-1.019
1.482,-2.046
1.501,-1.903
1.334,-3.035
1.273,0.333
1.303,0.656
1.13,0.32
1.213,-1.157
1.068,-1.835
1.138,-0.7
0.995,-2.546
0.686,-3.168
0.453,-2.337
0.556,-0.567
0.57,-2.471
0.403,-0.806
0.375,-0.706
0.511,-2.352
0.337,-0.126
-0.056,-3.596
0.038,-3.759
-0.018,-3.668
-1.942,-3.519
-2.007,-3.694
-1.962,-3.373
-2.277,-3.586
-2.422,-3.721
-2.6,-3.578
-2.954,-3.672
3.104,-3.843
2.484,-3.565
2.35,-3.483
2.203,-3.871
2.014,-3.806
1.694,-3.578
0.899,-3.616
-0.651,0.917
-1.137,0.783
-1.202,0.73
-1.39,0.646
-2.304,0.597
3.132,0.778
2.438,0.751
1.154,0.899
0.832,0.588
0.446,0.807
-2.413,-1.225
-0.897,-2.944
-1.26,-2.032
-2.598,-2.021
2.526,-0.424
2.066,-2.656
1.802,-0.481
1.746,-0.644
1.724,-2.342
1.718,-2.649
0.861,-2.035
0.953,-0.773
0.839,-1.88
0.767,-0.37
0.215,-1.151
-0.507,-2.343
-2.53,-0.075
-2.686,-1.37
2.483,-0.215
1.773,-2.23
-1.045,-3.515
-0.878,0.69
-0.472,0.892
-2.424,0.773
-0.027,1.381
-0.129,0.429
-0.152,1.133
-0.095,2.464
-0.078,2.544
-0.162,1.338
-0.089,0.838
-0.158,3.073
-0.176,2.386
-0.134,2.745
-0.158,0.83
-0.232,2.309
-0.208,1.974
-0.264,1.944
-0.181,1.202
-0.196,0.226
-0.201,1.367
-0.298,0.908
-0.381,1.277
-0.316,1.78
-0.395,1.507
-0.349,0.266
-0.415,2.911
-0.393,1.103
-0.464,0.271
-0.481,0.92
-0.512,2.446
-0.521,0.705
-0.551,0.458
-0.612,-0.11
-0.616,-0.309
-0.684,2.267
-0.638,-0.126
-0.732,0.8
-0.818,-0.263
-0.784,3.233
-0.844,0.12
-0.855,2.149
-0.966,2.32
-0.896,1.814
-1.021,0.994
-1.111,2.087
-1.072,3.169
-1.178,1.063
-1.225,1.618
-1.225,2.064
-1.281,1.542
-1.276,1.414
-1.253,1.792
-1.32,-0.378
-1.315,2.375
-1.431,1.953
-1.524,0.721
-1.453,0.866
-1.514,0.994
-1.552,0.69
-1.692,-0.106
-1.761,2.172
-1.737,0.462
-1.762,3.4
-1.853,2.993
-1.894,-0.52
-1.953,1.584
-1.947,3.3
-2.143,1.945
-2.24,0.245
-2.333,2.29
-2.306,0.469
-2.574,1.176
-2.595,0.643
-2.742,-0.474
-2.687,1.857
-2.802,1.72
-2.815,1.548
-2.735,1.389
-2.829,2.905
-2.921,1.524
-3.01,2.646
-3.109,3.057
-3.118,1.997
-3.077,2.312
2.963,-0.276
2.86,1.858
2.896,1.478
2.861,0.345
2.924,1.381
2.796,1.56
2.782,2.13
2.748,2.297
2.787,0.235
2.773,1.538
2.751,2.444
2.749,-0.58
2.365,1.285
2.269,2.772
2.285,1.419
2.261,-0.418
2.289,2.093
2.237,0.871
2.132,0.449
2.175,0.111
2.138,1.236
2.098,2.705
2.021,0.877
1.926,1.499
1.831,1.299
1.829,1.422
1.645,2.989
1.612,2.377
1.572,0.808
1.571,2.214
1.491,1.33
1.456,2.027
1.517,0.762
1.517,1.396
1.453,-0.433
1.194,1.19
1.248,0.609
1.208,1.435
1.2,-0.395
1.125,0.756
1.179,2.512
1.17,1.753
1.029,2.026
0.825,-0.406
0.842,1.418
0.758,0.219
0.733,0.833
0.792,1.32
0.734,-0.172
0.718,1.467
0.773,1.29
0.763,-0.541
0.693,1.464
0.684,1.365
0.461,3.198
0.383,0.508
0.241,0.379
0.153,2.042
0.193,2.72
0.121,1.09
0.174,3.205
0.176,1.765
-0.52,-0.819
-0.492,-0.884
-1.206,-0.976
-1.558,-0.656
-2.255,-0.771
-2.433,-0.881
-2.722,-0.976
-2.745,-1.082
-3.013,-1.034
2.893,-0.591
2.971,-0.864
2.43,-0.737
2.423,-0.823
2.224,-0.755
1.572,-1.075
1.324,-0.685
1.063,-0.702
0.894,-0.805
0.788,-0.769
0.256,-0.906
-0.233,3.764
-0.163,3.671
-0.388,3.709
-0.799,3.644
-1.398,3.777
-1.408,3.52
-2.767,3.464
-2.769,3.515
3.079,3.437
2.83,3.666
2.832,3.728
1.956,3.463
1.735,3.733
1.734,3.738
0.877,3.579
0.801,3.542
0.379,3.821
0.226,3.59
-0.392,0.468
-0.845,-0.167
-2.832,3.33
-2.898,2.332
1.31,1.953
0.561,3.274
0.659,3.561
-0.009,0.442
-0.07,1.713
-0.014,2.361
-0.111,3.164
-0.244,0.638
-0.335,1.89
-0.312,1.964
-0.349,1.034
-0.341,0.615
-0.353,1.179
-0.51,0.594
-0.565,0.683
-0.721,3.015
-0.808,1.092
-1.0,1.627
-0.919,1.342
-1.001,0.739
-1.129,-0.504
-1.116,3.218
-0.993,2.853
-1.027,1.79
-1.039,2.426
-1.077,-0.074
-1.253,2.596
-1.312,3.088
-1.205,0.984
-1.544,2.17
-1.724,1.142
-1.941,0.768
-2.185,1.789
-2.347,2.919
-2.242,0.7
-2.403,1.141
-2.436,0.674
-2.453,0.837
-2.499,2.011
-2.392,0.57
-2.455,0.335
-2.676,3.044
-2.624,1.522
-2.646,1.935
-2.709,0.645
-2.707,-0.347
-2.839,1.403
-2.739,2.229
-2.751,1.32
-2.78,2.103
-2.936,0.474
-3.013,-0.392
-2.852,2.839
-2.969,2.472
-3.106,-0.465
-3.11,3.357
-3.126,2.936
3.03,1.947
2.892,0.077
2.881,2.357
2.793,2.818
2.801,0.197
2.786,0.483
2.647,1.953
2.46,2.307
2.558,3.363
2.382,0.999
2.313,0.605
2.313,3.119
2.328,0.451
2.087,1.811
2.183,0.82
2.077,2.676
1.96,0.131
1.913,2.856
1.771,-0.093
1.679,3.362
1.544,2.008
1.664,-0.242
1.436,1.779
1.502,0.752
1.521,0.895
1.354,-0.237
1.293,3.131
1.323,3.454
1.15,3.118
1.233,1.641
1.088,0.963
1.158,2.098
1.015,0.252
0.706,-0.37
0.473,0.461
0.576,2.231
0.59,0.327
0.423,1.992
0.395,2.092
0.531,0.446
0.357,2.672
-0.036,-0.798
0.058,-0.961
0.002,-0.87
-1.922,-0.721
-1.987,-0.896
-1.942,-0.575
-2.257,-0.788
-2.402,-0.923
-2.58,-0.78
-2.934,-0.874
3.124,-1.045
2.504,-0.767
2.37,-0.685
2.223,-1.073
2.034,-1.008
1.714,-0.78
0.919,-0.818
-0.631,3.715
-1.117,3.581
-1.182,3.528
-1.37,3.444
-2.284,3.395
-3.131,3.576
2.458,3.549
1.174,3.697
0.852,3.386
0.466,3.605
-2.393,1.573
-0.877,-0.146
-1.24,0.766
-2.578,0.777
2.546,2.374
2.086,0.142
1.822,2.317
1.766,2.154
1.744,0.456
1.738,0.149
0.881,0.763
0.973,2.025
0.859,0.918
0.787,2.428
0.235,1.647
-0.487,0.455
-2.51,2.723
-2.666,1.428
2.503,2.583
1.793,0.568
-1.025,-0.717
-0.858,3.488
-0.452,3.69
-2.404,3.571
-0.102,-0.952
-0.125,-0.248
-0.068,1.083
-0.051,1.163
-0.135,-0.043
-0.062,-0.543
-0.131,1.692
-0.149,1.005
-0.107,1.364
-0.131,-0.551
-0.205,0.928
-0.181,0.593
-0.237,0.563
-0.154,-0.179
-0.169,-1.155
-0.174,-0.014
-0.271,-0.473
-0.354,-0.104
-0.289,0.399
-0.368,0.126
-0.322,-1.115
-0.388,1.53
-0.366,-0.278
-0.437,-1.11
-0.454,-0.461
-0.485,1.065
-0.494,-0.676
-0.524,-0.923
-0.585,-1.491
-0.589,-1.69
-0.657,0.886
-0.611,-1.507
-0.705,-0.581
-0.791,-1.644
-0.757,1.852
-0.817,-1.261
-0.828,0.768
-0.939,0.939
-0.869,0.433
-0.994,-0.387
-1.084,0.706
-1.045,1.788
-1.151,-0.318
-1.198,0.237
-1.198,0.683
-1.254,0.161
-1.249,0.033
-1.226,0.411
-1.293,-1.759
-1.288,0.994
-1.404,0.572
-1.497,-0.66
-1.426,-0.515
-1.487,-0.387
-1.525,-0.691
-1.665,-1.487
-1.734,0.791
-1.71,-0.919
-1.735,2.019
-1.826,1.612
-1.867,-1.901
-1.926,0.203
-1.92,1.919
-2.116,0.564
-2.213,-1.136
-2.306,0.909
-2.279,-0.912
-2.547,-0.205
-2.568,-0.738
-2.715,-1.855
-2.66,0.476
-2.775,0.339
-2.788,0.167
-2.708,0.008
-2.802,1.524
-2.894,0.143
-2.983,1.265
-3.082,1.676
-3.091,0.616
-3.05,0.931
2.99,-1.657
2.887,0.477
2.923,0.097
2.888,-1.036
2.951,0.0
2.823,0.179
2.809,0.749
2.775,0.916
2.814,-1.146
2.8,0.157
2.778,1.063
2.776,-1.961
2.392,-0.096
2.296,1.391
2.312,0.038
2.288,-1.799
2.316,0.712
2.264,-0.51
2.159,-0.932
2.202,-1.27
2.165,-0.145
2.125,1.324
2.048,-0.504
1.953,0.118
1.858,-0.082
1.856,0.041
1.672,1.608
1.639,0.996
1.599,-0.573
1.598,0.833
1.518,-0.051
1.483,0.646
1.544,-0.619
1.544,0.015
1.48,-1.814
1.221,-0.191
1.275,-0.772
1.235,0.054
1.227,-1.776
1.152,-0.625
1.206,1.131
1.197,0.372
1.056,0.645
0.852,-1.787
0.869,0.037
0.785,-1.162
0.76,-0.548
0.819,-0.061
0.761,-1.553
0.745,0.086
0.8,-0.091
0.79,-1.922
0.72,0.083
0.711,-0.016
0.488,1.817
0.41,-0.873
0.268,-1.002
0.18,0.661
0.22,1.339
0.148,-0.291
0.201,1.824
0.203,0.384
-0.493,-2.2
-0.465,-2.265
-1.179,-2.357
-1.531,-2.037
-2.228,-2.152
-2.406,-2.262
-2.695,-2.357
-2.718,-2.463
-2.986,-2.415
2.92,-1.972
2.998,-2.245
2.457,-2.118
2.45,-2.204
2.251,-2.136
1.599,-2.456
1.351,-2.066
1.09,-2.083
0.921,-2.186
0.815,-2.15
0.283,-2.287
-0.206,2.383
-0.136,2.29
-0.361,2.328
-0.772,2.263
-1.371,2.396
-1.381,2.139
-2.74,2.083
-2.742,2.134
3.106,2.056
2.857,2.285
2.859,2.347
1.983,2.082
1.762,2.352
1.761,2.357
0.904,2.198
0.828,2.161
0.406,2.44
0.253,2.209
-0.365,-0.913
-0.818,-1.548
-2.805,1.949
-2.871,0.951
1.337,0.572
0.588,1.893
0.686,2.18
0.018,-0.939
-0.043,0.332
0.013,0.98
-0.084,1.783
-0.217,-0.743
-0.308,0.509
-0.285,0.583
-0.322,-0.347
-0.314,-0.766
-0.326,-0.202
-0.483,-0.787
-0.538,-0.698
-0.694,1.634
-0.781,-0.289
-0.973,0.246
-0.892,-0.039
-0.974,-0.642
-1.102,-1.885
-1.089,1.837
-0.966,1.472
-1.0,0.409
-1.012,1.045
-1.05,-1.455
-1.226,1.215
-1.285,1.707
-1.178,-0.397
-1.517,0.789
-1.697,-0.239
-1.914,-0.613
-2.158,0.408
-2.32,1.538
-2.215,-0.681
-2.376,-0.24
-2.409,-0.707
-2.426,-0.544
-2.472,0.63
-2.365,-0.811
-2.428,-1.046
-2.649,1.663
-2.597,0.141
-2.619,0.554
-2.682,-0.736
-2.68,-1.728
-2.812,0.022
-2.712,0.848
-2.724,-0.061
-2.753,0.722
-2.909,-0.907
-2.986,-1.773
-2.825,1.458
-2.942,1.091
-3.079,-1.846
-3.083,1.976
-3.099,1.555
3.057,0.566
2.919,-1.304
2.908,0.976
2.82,1.437
2.828,-1.184
2.813,-0.898
2.674,0.572
2.487,0.926
2.585,1.982
2.409,-0.382
2.34,-0.776
2.34,1.738
2.355,-0.93
2.114,0.43
2.21,-0.561
2.104,1.295
1.987,-1.25
1.94,1.475
1.798,-1.474
1.706,1.981
1.571,0.627
1.691,-1.623
1.463,0.398
1.529,-0.629
1.548,-0.486
1.381,-1.618
1.32,1.75
1.35,2.073
1.177,1.737
1.26,0.26
1.115,-0.418
1.185,0.717
1.042,-1.129
0.733,-1.751
0.5,-0.92
0.603,0.85
0.617,-1.054
0.45,0.611
0.422,0.711
0.558,-0.935
0.384,1.291
-0.009,-2.179
0.085,-2.342
0.029,-2.251
-1.895,-2.102
-1.96,-2.277
-1.915,-1.956
-2.23,-2.169
-2.375,-2.304
-2.553,-2.161
-2.907,-2.255
-3.132,-2.426
2.531,-2.148
2.397,-2.066
2.25,-2.454
2.061,-2.389
1.741,-2.161
0.946,-2.199
-0.604,2.334
-1.09,2.2
-1.155,2.147
-1.343,2.063
-2.257,2.014
-3.104,2.195
2.485,2.168
1.201,2.316
0.879,2.005
0.493,2.224
-2.366,0.192
-0.85,-1.527
-1.213,-0.615
-2.551,-0.604
2.573,0.993
2.113,-1.239
1.849,0.936
1.793,0.773
1.771,-0.925
1.765,-1.232
0.908,-0.618
1.0,0.644
0.886,-0.463
0.814,1.047
0.262,0.266
-0.46,-0.926
-2.483,1.342
-2.639,0.047
2.53,1.202
1.82,-0.813
-0.998,-2.098
-0.831,2.107
-0.425,2.309
-2.377,2.19
-0.023,0.704
0.034,2.035
0.051,2.115
-0.033,0.909
0.04,0.409
-0.029,2.644
-0.047,1.957
-0.005,2.316
-0.029,0.401
-0.103,1.88
-0.079,1.545
-0.135,1.515
-0.052,0.773
-0.067,-0.203
-0.072,0.938
-0.169,0.479
-0.252,0.848
-0.187,1.351
-0.266,1.078
-0.22,-0.163
-0.286,2.482
-0.264,0.674
-0.335,-0.158
-0.352,0.491
-0.383,2.017
-0.392,0.276
-0.422,0.029
-0.483,-0.539
-0.487,-0.738
-0.555,1.838
-0.509,-0.555
-0.603,0.371
-0.689,-0.692
-0.655,2.804
-0.715,-0.309
-0.726,1.72
-0.837,1.891
-0.767,1.385
-0.892,0.565
-0.982,1.658
-0.943,2.74
-1.049,0.634
-1.096,1.189
-1.096,1.635
-1.152,1.113
-1.147,0.985
-1.124,1.363
-1.191,-0.807
-1.186,1.946
-1.302,1.524
-1.395,0.292
-1.324,0.437
-1.385,0.565
-1.423,0.261
-1.563,-0.535
-1.632,1.743
-1.608,0.033
-1.633,2.971
-1.724,2.564
-1.765,-0.949
-1.824,1.155
-1.818,2.871
-2.014,1.516
-2.111,-0.184
-2.204,1.861
-2.177,0.04
-2.445,0.747
-2.466,0.214
-2.613,-0.903
-2.558,1.428
-2.673,1.291
-2.686,1.119
-2.606,0.96
-2.7,2.476
-2.792,1.095
-2.881,2.217
-2.98,2.628
-2.989,1.568
-2.948,1.883
3.092,-0.705
2.989,1.429
3.025,1.049
2.99,-0.084
3.053,0.952
2.925,1.131
2.911,1.701
2.877,1.868
2.916,-0.194
2.902,1.109
2.88,2.015
2.878,-1.009
2.494,0.856
2.398,2.343
2.414,0.99
2.39,-0.847
2.418,1.664
2.366,0.442
2.261,0.02
2.304,-0.318
2.267,0.807
2.227,2.276
2.15,0.448
2.055,1.07
1.96,0.87
1.958,0.993
1.774,2.56
1.741,1.948
1.701,0.379
1.7,1.785
1.62,0.901
1.585,1.598
1.646,0.333
1.646,0.967
1.582,-0.862
1.323,0.761
1.377,0.18
1.337,1.006
1.329,-0.824
1.254,0.327
1.308,2.083
1.299,1.324
1.158,1.597
0.954,-0.835
0.971,0.989
0.887,-0.21
0.862,0.404
0.921,0.891
0.863,-0.601
0.847,1.038
0.902,0.861
0.892,-0.97
0.822,1.035
0.813,0.936
0.59,2.769
0.512,0.079
0.37,-0.05
0.282,1.613
0.322,2.291
0.25,0.661
0.303,2.776
0.305,1.336
-0.391,-1.248
-0.363,-1.313
-1.077,-1.405
-1.429,-1.085
-2.126,-1.2
-2.304,-1.31
-2.593,-1.405
-2.616,-1.511
-2.884,-1.463
3.022,-1.02
3.1,-1.293
2.559,-1.166
2.552,-1.252
2.353,-1.184
1.701,-1.504
1.453,-1.114
1.192,-1.131
1.023,-1.234
0.917,-1.198
0.385,-1.335
-0.104,3.335
-0.034,3.242
-0.259,3.28
-0.67,3.215
-1.269,3.348
-1.279,3.091
-2.638,3.035
-2.64,3.086
-3.075,3.008
2.959,3.237
2.961,3.299
2.085,3.034
1.864,3.304
1.863,3.309
1.006,3.15
0.93,3.113
0.508,3.392
0.355,3.161
-0.263,0.039
-0.716,-0.596
-2.703,2.901
-2.769,1.903
1.439,1.524
0.69,2.845
0.788,3.132
0.12,0.013
0.059,1.284
0.115,1.932
0.018,2.735
-0.115,0.209
-0.206,1.461
-0.183,1.535
-0.22,0.605
-0.212,0.186
-0.224,0.75
-0.381,0.165
-0.436,0.254
-0.592,2.586
-0.679,0.663
-0.871,1.198
-0.79,0.913
-0.872,0.31
-1.0,-0.933
-0.987,2.789
-0.864,2.424
-0.898,1.361
-0.91,1.997
-0.948,-0.503
-1.124,2.167
-1.183,2.659
-1.076,0.555
-1.415,1.741
-1.595,0.713
-1.812,0.339
-2.056,1.36
-2.218,2.49
-2.113,0.271
-2.274,0.712
-2.307,0.245
-2.324,0.408
-2.37,1.582
-2.263,0.141
-2.326,-0.094
-2.547,2.615
-2.495,1.093
-2.517,1.506
-2.58,0.216
-2.578,-0.776
-2.71,0.974
-2.61,1.8
-2.622,0.891
-2.651,1.674
-2.807,0.045
-2.884,-0.821
-2.723,2.41
-2.84,2.043
-2.977,-0.894
-2.981,2.928
-2.997,2.507
-3.124,1.518
3.021,-0.352
3.01,1.928
2.922,2.389
2.93,-0.232
2.915,0.054
2.776,1.524
2.589,1.878
2.687,2.934
2.511,0.57
2.442,0.176
2.442,2.69
2.457,0.022
2.216,1.382
2.312,0.391
2.206,2.247
2.089,-0.298
2.042,2.427
1.9,-0.522
1.808,2.933
1.673,1.579
1.793,-0.671
1.565,1.35
1.631,0.323
1.65,0.466
1.483,-0.666
1.422,2.702
1.452,3.025
1.279,2.689
1.362,1.212
1.217,0.534
1.287,1.669
1.144,-0.177
0.835,-0.799
0.602,0.032
0.705,1.802
0.719,-0.102
0.552,1.563
0.524,1.663
0.66,0.017
0.486,2.243
0.093,-1.227
0.187,-1.39
0.131,-1.299
-1.793,-1.15
-1.858,-1.325
-1.813,-1.004
-2.128,-1.217
-2.273,-1.352
-2.451,-1.209
-2.805,-1.303
-3.03,-1.474
2.633,-1.196
2.499,-1.114
2.352,-1.502
2.163,-1.437
1.843,-1.209
1.048,-1.247
-0.502,3.286
-0.988,3.152
-1.053,3.099
-1.241,3.015
-2.155,2.966
-3.002,3.147
2.587,3.12
1.303,3.268
0.981,2.957
0.595,3.176
-2.264,1.144
-0.748,-0.575
-1.111,0.337
-2.449,0.348
2.675,1.945
2.215,-0.287
1.951,1.888
1.895,1.725
1.873,0.027
1.867,-0.28
1.01,0.334
1.102,1.596
0.988,0.489
0.916,1.999
0.364,1.218
-0.358,0.026
-2.381,2.294
-2.537,0.999
2.632,2.154
1.922,0.139
-0.896,-1.146
-0.729,3.059
-0.323,3.261
-2.275,3.142
0.057,1.331
0.074,1.411
-0.01,0.205
0.063,-0.295
-0.006,1.94
-0.024,1.253
0.018,1.612
-0.006,-0.303
-0.08,1.176
-0.056,0.841
-0.112,0.811
-0.029,0.069
-0.044,-0.907
-0.049,0.234
-0.146,-0.225
-0.229,0.144
-0.164,0.647
-0.243,0.374
-0.197,-0.867
-0.263,1.778
-0.241,-0.03
-0.312,-0.862
-0.329,-0.213
-0.36,1.313
-0.369,-0.428
-0.399,-0.675
-0.46,-1.243
-0.464,-1.442
-0.532,1.134
-0.486,-1.259
-0.58,-0.333
-0.666,-1.396
-0.632,2.1
-0.692,-1.013
-0.703,1.016
-0.814,1.187
-0.744,0.681
-0.869,-0.139
-0.959,0.954
-0.92,2.036
-1.026,-0.07
-1.073,0.485
-1.073,0.931
-1.129,0.409
-1.124,0.281
-1.101,0.659
-1.168,-1.511
-1.163,1.242
-1.279,0.82
-1.372,-0.412
-1.301,-0.267
-1.362,-0.139
-1.4,-0.443
-1.54,-1.239
-1.609,1.039
-1.585,-0.671
-1.61,2.267
-1.701,1.86
-1.742,-1.653
-1.801,0.451
-1.795,2.167
-1.991,0.812
-2.088,-0.888
-2.181,1.157
-2.154,-0.664
-2.422,0.043
-2.443,-0.49
-2.59,-1.607
-2.535,0.724
-2.65,0.587
-2.663,0.415
-2.583,0.256
-2.677,1.772
-2.769,0.391
-2.858,1.513
-2.957,1.924
-2.966,0.864
-2.925,1.179
3.115,-1.409
3.012,0.725
3.048,0.345
3.013,-0.788
3.076,0.248
2.948,0.427
2.934,0.997
2.9,1.164
2.939,-0.898
2.925,0.405
2.903,1.311
2.901,-1.713
2.517,0.152
2.421,1.639
2.437,0.286
2.413,-1.551
2.441,0.96
2.389,-0.262
2.284,-0.684
2.327,-1.022
2.29,0.103
2.25,1.572
2.173,-0.256
2.078,0.366
1.983,0.166
1.981,0.289
1.797,1.856
1.764,1.244
1.724,-0.325
1.723,1.081
1.643,0.197
1.608,0.894
1.669,-0.371
1.669,0.263
1.605,-1.566
1.346,0.057
1.4,-0.524
1.36,0.302
1.352,-1.528
1.277,-0.377
1.331,1.379
1.322,0.62
1.181,0.893
0.977,-1.539
0.994,0.285
0.91,-0.914
0.885,-0.3
0.944,0.187
0.886,-1.305
0.87,0.334
0.925,0.157
0.915,-1.674
0.845,0.331
0.836,0.232
0.613,2.065
0.535,-0.625
0.393,-0.754
0.305,0.909
0.345,1.587
0.273,-0.043
0.326,2.072
0.328,0.632
-0.368,-1.952
-0.34,-2.017
-1.054,-2.109
-1.406,-1.789
-2.103,-1.904
-2.281,-2.014
-2.57,-2.109
-2.593,-2.215
-2.861,-2.167
3.045,-1.724
3.123,-1.997
2.582,-1.87
2.575,-1.956
2.376,-1.888
1.724,-2.208
1.476,-1.818
1.215,-1.835
1.046,-1.938
0.94,-1.902
0.408,-2.039
-0.081,2.631
-0.011,2.538
-0.236,2.576
-0.647,2.511
-1.246,2.644
-1.256,2.387
-2.615,2.331
-2.617,2.382
-3.052,2.304
2.982,2.533
2.984,2.595
2.108,2.33
1.887,2.6
1.886,2.605
1.029,2.446
0.953,2.409
0.531,2.688
0.378,2.457
-0.24,-0.665
-0.693,-1.3
-2.68,2.197
-2.746,1.199
1.462,0.82
0.713,2.141
0.811,2.428
0.143,-0.691
0.082,0.58
0.138,1.228
0.041,2.031
-0.092,-0.495
-0.183,0.757
-0.16,0.831
-0.197,-0.099
-0.189,-0.518
-0.201,0.046
-0.358,-0.539
-0.413,-0.45
-0.569,1.882
-0.656,-0.041
-0.848,0.494
-0.767,0.209
-0.849,-0.394
-0.977,-1.637
-0.964,2.085
-0.841,1.72
-0.875,0.657
-0.887,1.293
-0.925,-1.207
-1.101,1.463
-1.16,1.955
-1.053,-0.149
-1.392,1.037
-1.572,0.009
-1.789,-0.365
-2.033,0.656
-2.195,1.786
-2.09,-0.433
-2.251,0.008
-2.284,-0.459
-2.301,-0.296
-2.347,0.878
-2.24,-0.563
-2.303,-0.798
-2.524,1.911
-2.472,0.389
-2.494,0.802
-2.557,-0.488
-2.555,-1.48
-2.687,0.27
-2.587,1.096
-2.599,0.187
-2.628,0.97
-2.784,-0.659
-2.861,-1.525
-2.7,1.706
-2.817,1.339
-2.954,-1.598
-2.958,2.224
-2.974,1.803
-3.101,0.814
3.044,-1.056
3.033,1.224
2.945,1.685
2.953,-0.936
2.938,-0.65
2.799,0.82
2.612,1.174
2.71,2.23
2.534,-0.134
2.465,-0.528
2.465,1.986
2.48,-0.682
2.239,0.678
2.335,-0.313
2.229,1.543
2.112,-1.002
2.065,1.723
1.923,-1.226
1.831,2.229
1.696,0.875
1.816,-1.375
1.588,0.646
1.654,-0.381
1.673,-0.238
1.506,-1.37
1.445,1.998
1.475,2.321
1.302,1.985
1.385,0.508
1.24,-0.17
1.31,0.965
1.167,-0.881
0.858,-1.503
0.625,-0.672
0.728,1.098
0.742,-0.806
0.575,0.859
0.547,0.959
0.683,-0.687
0.509,1.539
0.116,-1.931
0.21,-2.094
0.154,-2.003
-1.77,-1.854
-1.835,-2.029
-1.79,-1.708
-2.105,-1.921
-2.25,-2.056
-2.428,-1.913
-2.782,-2.007
-3.007,-2.178
2.656,-1.9
2.522,-1.818
2.375,-2.206
2.186,-2.141
1.866,-1.913
1.071,-1.951
-0.479,2.582
-0.965,2.448
-1.03,2.395
-1.218,2.311
-2.132,2.262
-2.979,2.443
2.61,2.416
1.326,2.564
1.004,2.253
0.618,2.472
-2.241,0.44
-0.725,-1.279
-1.088,-0.367
-2.426,-0.356
2.698,1.241
2.238,-0.991
1.974,1.184
1.918,1.021
1.896,-0.677
1.89,-0.984
1.033,-0.37
1.125,0.892
1.011,-0.215
0.939,1.295
0.387,0.514
-0.335,-0.678
-2.358,1.59
-2.514,0.295
2.655,1.45
1.945,-0.565
-0.873,-1.85
-0.706,2.355
-0.3,2.557
-2.252,2.438
0.017,0.08
-0.067,-1.126
0.006,-1.626
-0.063,0.609
-0.081,-0.078
-0.039,0.281
-0.063,-1.634
-0.137,-0.155
-0.113,-0.49
-0.169,-0.52
-0.086,-1.262
-0.101,-2.238
-0.106,-1.097
-0.203,-1.556
-0.286,-1.187
-0.221,-0.684
-0.3,-0.957
-0.254,-2.198
-0.32,0.447
-0.298,-1.361
-0.369,-2.193
-0.386,-1.544
-0.417,-0.018
-0.426,-1.759
-0.456,-2.006
-0.517,-2.574
-0.521,-2.773
-0.589,-0.197
-0.543,-2.59
-0.637,-1.664
-0.723,-2.727
-0.689,0.769
-0.749,-2.344
-0.76,-0.315
-0.871,-0.144
-0.801,-0.65
-0.926,-1.47
-1.016,-0.377
-0.977,0.705
-1.083,-1.401
-1.13,-0.846
-1.13,-0.4
-1.186,-0.922
-1.181,-1.05
-1.158,-0.672
-1.225,-2.842
-1.22,-0.089
-1.336,-0.511
-1.429,-1.743
-1.358,-1.598
-1.419,-1.47
-1.457,-1.774
-1.597,-2.57
-1.666,-0.292
-1.642,-2.002
-1.667,0.936
-1.758,0.529
-1.799,-2.984
-1.858,-0.88
-1.852,0.836
-2.048,-0.519
-2.145,-2.219
-2.238,-0.174
-2.211,-1.995
-2.479,-1.288
-2.5,-1.821
-2.647,-2.938
-2.592,-0.607
-2.707,-0.744
-2.72,-0.916
-2.64,-1.075
-2.734,0.441
-2.826,-0.94
-2.915,0.182
-3.014,0.593
-3.023,-0.467
-2.982,-0.152
3.058,-2.74
2.955,-0.606
2.991,-0.986
2.956,-2.119
3.019,-1.083
2.891,-0.904
2.877,-0.334
2.843,-0.167
2.882,-2.229
2.868,-0.926
2.846,-0.02
2.844,-3.044
2.46,-1.179
2.364,0.308
2.38,-1.045
2.356,-2.882
2.384,-0.371
2.332,-1.593
2.227,-2.015
2.27,-2.353
2.233,-1.228
2.193,0.241
2.116,-1.587
2.021,-0.965
1.926,-1.165
1.924,-1.042
1.74,0.525
1.707,-0.087
1.667,-1.656
1.666,-0.25
1.586,-1.134
1.551,-0.437
1.612,-1.702
1.612,-1.068
1.548,-2.897
1.289,-1.274
1.343,-1.855
1.303,-1.029
1.295,-2.859
1.22,-1.708
1.274,0.048
1.265,-0.711
1.124,-0.438
0.92,-2.87
0.937,-1.046
0.853,-2.245
0.828,-1.631
0.887,-1.144
0.829,-2.636
0.813,-0.997
0.868,-1.174
0.858,-3.005
0.788,-1.0
0.779,-1.099
0.556,0.734
0.478,-1.956
0.336,-2.085
0.248,-0.422
0.288,0.256
0.216,-1.374
0.269,0.741
0.271,-0.699
-0.425,-3.283
-0.397,-3.348
-1.111,-3.44
-1.463,-3.12
-2.16,-3.235
-2.338,-3.345
-2.627,-3.44
-2.65,-3.546
-2.918,-3.498
2.988,-3.055
3.066,-3.328
2.525,-3.201
2.518,-3.287
2.319,-3.219
1.667,-3.539
1.419,-3.149
1.158,-3.166
0.989,-3.269
0.883,-3.233
0.351,-3.37
-0.138,1.3
-0.068,1.207
-0.293,1.245
-0.704,1.18
-1.303,1.313
-1.313,1.056
-2.672,1.0
-2.674,1.051
-3.109,0.973
2.925,1.202
2.927,1.264
2.051,0.999
1.83,1.269
1.829,1.274
0.972,1.115
0.896,1.078
0.474,1.357
0.321,1.126
-0.297,-1.996
-0.75,-2.631
-2.737,0.866
-2.803,-0.132
1.405,-0.511
0.656,0.81
0.754,1.097
0.086,-2.022
0.025,-0.751
0.081,-0.103
-0.016,0.7
-0.149,-1.826
-0.24,-0.574
-0.217,-0.5
-0.254,-1.43
-0.246,-1.849
-0.258,-1.285
-0.415,-1.87
-0.47,-1.781
-0.626,0.551
-0.713,-1.372
-0.905,-0.837
-0.824,-1.122
-0.906,-1.725
-1.034,-2.968
-1.021,0.754
-0.898,0.389
-0.932,-0.674
-0.944,-0.038
-0.982,-2.538
-1.158,0.132
-1.217,0.624
-1.11,-1.48
-1.449,-0.294
-1.629,-1.322
-1.846,-1.696
-2.09,-0.675
-2.252,0.455
-2.147,-1.764
-2.308,-1.323
-2.341,-1.79
-2.358,-1.627
-2.404,-0.453
-2.297,-1.894
-2.36,-2.129
-2.581,0.58
-2.529,-0.942
-2.551,-0.529
-2.614,-1.819
-2.612,-2.811
-2.744,-1.061
-2.644,-0.235
-2.656,-1.144
-2.685,-0.361
-2.841,-1.99
-2.918,-2.856
-2.757,0.375
-2.874,0.008
-3.011,-2.929
-3.015,0.893
-3.031,0.472
3.125,-0.517
2.987,-2.387
2.976,-0.107
2.888,0.354
2.896,-2.267
2.881,-1.981
2.742,-0.511
2.555,-0.157
2.653,0.899
2.477,-1.465
2.408,-1.859
2.408,0.655
2.423,-2.013
2.182,-0.653
2.278,-1.644
2.172,0.212
2.055,-2.333
2.008,0.392
1.866,-2.557
1.774,0.898
1.639,-0.456
1.759,-2.706
1.531,-0.685
1.597,-1.712
1.616,-1.569
1.449,-2.701
1.388,0.667
1.418,0.99
1.245,0.654
1.328,-0.823
1.183,-1.501
1.253,-0.366
1.11,-2.212
0.801,-2.834
0.568,-2.003
0.671,-0.233
0.685,-2.137
0.518,-0.472
0.49,-0.372
0.626,-2.018
0.452,0.208
0.059,-3.262
0.153,-3.425
0.097,-3.334
-1.827,-3.185
-1.892,-3.36
-1.847,-3.039
-2.162,-3.252
-2.307,-3.387
-2.485,-3.244
-2.839,-3.338
-3.064,-3.509
2.599,-3.231
2.465,-3.149
2.318,-3.537
2.129,-3.472
1.809,-3.244
1.014,-3.282
-0.536,1.251
-1.022,1.117
-1.087,1.064
-1.275,0.98
-2.189,0.931
-3.036,1.112
2.553,1.085
1.269,1.233
0.947,0.922
0.561,1.141
-2.298,-0.891
-0.782,-2.61
-1.145,-1.698
-2.483,-1.687
2.641,-0.09
2.181,-2.322
1.917,-0.147
1.861,-0.31
1.839,-2.008
1.833,-2.315
0.976,-1.701
1.068,-0.439
0.954,-1.546
0.882,-0.036
0.33,-0.817
-0.392,-2.009
-2.415,0.259
-2.571,-1.036
2.598,0.119
1.888,-1.896
-0.93,-3.181
-0.763,1.024
-0.357,1.226
-2.309,1.107
-0.084,-1.206
-0.011,-1.706
-0.08,0.529
-0.098,-0.158
-0.056,0.201
-0.08,-1.714
-0.154,-0.235
-0.13,-0.57
-0.186,-0.6
-0.103,-1.342
-0.118,-2.318
-0.123,-1.177
-0.22,-1.636
-0.303,-1.267
-0.238,-0.764
-0.317,-1.037
-0.271,-2.278
-0.337,0.367
-0.315,-1.441
-0.386,-2.273
-0.403,-1.624
-0.434,-0.098
-0.443,-1.839
-0.473,-2.086
-0.534,-2.654
-0.538,-2.853
-0.606,-0.277
-0.56,-2.67
-0.654,-1.744
-0.74,-2.807
-0.706,0.689
-0.766,-2.424
-0.777,-0.395
-0.888,-0.224
-0.818,-0.73
-0.943,-1.55
-1.033,-0.457
-0.994,0.625
-1.1,-1.481
-1.147,-0.926
-1.147,-0.48
-1.203,-1.002
-1.198,-1.13
-1.175,-0.752
-1.242,-2.922
-1.237,-0.169
-1.353,-0.591
-1.446,-1.823
-1.375,-1.678
-1.436,-1.55
-1.474,-1.854
-1.614,-2.65
-1.683,-0.372
-1.659,-2.082
-1.684,0.856
-1.775,0.449
-1.816,-3.064
-1.875,-0.96
-1.869,0.756
-2.065,-0.599
-2.162,-2.299
-2.255,-0.254
-2.228,-2.075
-2.496,-1.368
-2.517,-1.901
-2.664,-3.018
-2.609,-0.687
-2.724,-0.824
-2.737,-0.996
-2.657,-1.155
-2.751,0.361
-2.843,-1.02
-2.932,0.102
-3.031,0.513
-3.04,-0.547
-2.999,-0.232
3.041,-2.82
2.938,-0.686
2.974,-1.066
2.939,-2.199
3.002,-1.163
2.874,-0.984
2.86,-0.414
2.826,-0.247
2.865,-2.309
2.851,-1.006
2.829,-0.1
2.827,-3.124
2.443,-1.259
2.347,0.228
2.363,-1.125
2.339,-2.962
2.367,-0.451
2.315,-1.673
2.21,-2.095
2.253,-2.433
2.216,-1.308
2.176,0.161
2.099,-1.667
2.004,-1.045
1.909,-1.245
1.907,-1.122
1.723,0.445
1.69,-0.167
1.65,-1.736
1.649,-0.33
1.569,-1.214
1.534,-0.517
1.595,-1.782
1.595,-1.148
1.531,-2.977
1.272,-1.354
1.326,-1.935
1.286,-1.109
1.278,-2.939
1.203,-1.788
1.257,-0.032
1.248,-0.791
1.107,-0.518
0.903,-2.95
0.92,-1.126
0.836,-2.325
0.811,-1.711
0.87,-1.224
0.812,-2.716
0.796,-1.077
0.851,-1.254
0.841,-3.085
0.771,-1.08
0.762,-1.179
0.539,0.654
0.461,-2.036
0.319,-2.165
0.231,-0.502
0.271,0.176
0.199,-1.454
0.252,0.661
0.254,-0.779
-0.442,-3.363
-0.414,-3.428
-1.128,-3.52
-1.48,-3.2
-2.177,-3.315
-2.355,-3.425
-2.644,-3.52
-2.667,-3.626
-2.935,-3.578
2.971,-3.135
3.049,-3.408
2.508,-3.281
2.501,-3.367
2.302,-3.299
1.65,-3.619
1.402,-3.229
1.141,-3.246
0.972,-3.349
0.866,-3.313
0.334,-3.45
-0.155,1.22
-0.085,1.127
-0.31,1.165
-0.721,1.1
-1.32,1.233
-1.33,0.976
-2.689,0.92
-2.691,0.971
-3.126,0.893
2.908,1.122
2.91,1.184
2.034,0.919
1.813,1.189
1.812,1.194
0.955,1.035
0.879,0.998
0.457,1.277
0.304,1.046
-0.314,-2.076
-0.767,-2.711
-2.754,0.786
-2.82,-0.212
1.388,-0.591
0.639,0.73
0.737,1.017
0.069,-2.102
0.008,-0.831
0.064,-0.183
-0.033,0.62
-0.166,-1.906
-0.257,-0.654
-0.234,-0.58
-0.271,-1.51
-0.263,-1.929
-0.275,-1.365
-0.432,-1.95
-0.487,-1.861
-0.643,0.471
-0.73,-1.452
-0.922,-0.917
-0.841,-1.202
-0.923,-1.805
-1.051,-3.048
-1.038,0.674
-0.915,0.309
-0.949,-0.754
-0.961,-0.118
-0.999,-2.618
-1.175,0.052
-1.234,0.544
-1.127,-1.56
-1.466,-0.374
-1.646,-1.402
-1.863,-1.776
-2.107,-0.755
-2.269,0.375
-2.164,-1.844
-2.325,-1.403
-2.358,-1.87
-2.375,-1.707
-2.421,-0.533
-2.314,-1.974
-2.377,-2.209
-2.598,0.5
-2.546,-1.022
-2.568,-0.609
-2.631,-1.899
-2.629,-2.891
-2.761,-1.141
-2.661,-0.315
-2.673,-1.224
-2.702,-0.441
-2.858,-2.07
-2.935,-2.936
-2.774,0.295
-2.891,-0.072
-3.028,-3.009
-3.032,0.813
-3.048,0.392
3.108,-0.597
2.97,-2.467
2.959,-0.187
2.871,0.274
2.879,-2.347
2.864,-2.061
2.725,-0.591
2.538,-0.237
2.636,0.819
2.46,-1.545
2.391,-1.939
2.391,0.575
2.406,-2.093
2.165,-0.733
2.261,-1.724
2.155,0.132
2.038,-2.413
1.991,0.312
1.849,-2.637
1.757,0.818
1.622,-0.536
1.742,-2.786
1.514,-0.765
1.58,-1.792
1.599,-1.649
1.432,-2.781
1.371,0.587
1.401,0.91
1.228,0.574
1.311,-0.903
1.166,-1.581
1.236,-0.446
1.093,-2.292
0.784,-2.914
0.551,-2.083
0.654,-0.313
0.668,-2.217
0.501,-0.552
0.473,-0.452
0.609,-2.098
0.435,0.128
0.042,-3.342
0.136,-3.505
0.08,-3.414
-1.844,-3.265
-1.909,-3.44
-1.864,-3.119
-2.179,-3.332
-2.324,-3.467
-2.502,-3.324
-2.856,-3.418
-3.081,-3.589
2.582,-3.311
2.448,-3.229
2.301,-3.617
2.112,-3.552
1.792,-3.324
0.997,-3.362
-0.553,1.171
-1.039,1.037
-1.104,0.984
-1.292,0.9
-2.206,0.851
-3.053,1.032
2.536,1.005
1.252,1.153
0.93,0.842
0.544,1.061
-2.315,-0.971
-0.799,-2.69
-1.162,-1.778
-2.5,-1.767
2.624,-0.17
2.164,-2.402
1.9,-0.227
1.844,-0.39
1.822,-2.088
1.816,-2.395
0.959,-1.781
1.051,-0.519
0.937,-1.626
0.865,-0.116
0.313,-0.897
-0.409,-2.089
-2.432,0.179
-2.588,-1.116
2.581,0.039
1.871,-1.976
-0.947,-3.261
-0.78,0.944
-0.374,1.146
-2.326,1.027
0.073,-0.5
0.004,1.735
-0.014,1.048
0.028,1.407
0.004,-0.508
-0.07,0.971
-0.046,0.636
-0.102,0.606
-0.019,-0.136
-0.034,-1.112
-0.039,0.029
-0.136,-0.43
-0.219,-0.061
-0.154,0.442
-0.233,0.169
-0.187,-1.072
-0.253,1.573
-0.231,-0.235
-0.302,-1.067
-0.319,-0.418
-0.35,1.108
-0.359,-0.633
-0.389,-0.88
-0.45,-1.448
-0.454,-1.647
-0.522,0.929
-0.476,-1.464
-0.57,-0.538
-0.656,-1.601
-0.622,1.895
-0.682,-1.218
-0.693,0.811
-0.804,0.982
-0.734,0.476
-0.859,-0.344
-0.949,0.749
-0.91,1.831
-1.016,-0.275
-1.063,0.28
-1.063,0.726
-1.119,0.204
-1.114,0.076
-1.091,0.454
-1.158,-1.716
-1.153,1.037
-1.269,0.615
-1.362,-0.617
-1.291,-0.472
-1.352,-0.344
-1.39,-0.648
-1.53,-1.444
-1.599,0.834
-1.575,-0.876
-1.6,2.062
-1.691,1.655
-1.732,-1.858
-1.791,0.246
-1.785,1.962
-1.981,0.607
-2.078,-1.093
-2.171,0.952
-2.144,-0.869
-2.412,-0.162
-2.433,-0.695
-2.58,-1.812
-2.525,0.519
-2.64,0.382
-2.653,0.21
-2.573,0.051
-2.667,1.567
-2.759,0.186
-2.848,1.308
-2.947,1.719
-2.956,0.659
-2.915,0.974
3.125,-1.614
3.022,0.52
3.058,0.14
3.023,-0.993
3.086,0.043
2.958,0.222
2.944,0.792
2.91,0.959
2.949,-1.103
2.935,0.2
2.913,1.106
2.911,-1.918
2.527,-0.053
2.431,1.434
2.447,0.081
2.423,-1.756
2.451,0.755
2.399,-0.467
2.294,-0.889
2.337,-1.227
2.3,-0.102
2.26,1.367
2.183,-0.461
2.088,0.161
1.993,-0.039
1.991,0.084
1.807,1.651
1.774,1.039
1.734,-0.53
1.733,0.876
1.653,-0.008
1.618,0.689
1.679,-0.576
1.679,0.058
1.615,-1.771
1.356,-0.148
1.41,-0.729
1.37,0.097
1.362,-1.733
1.287,-0.582
1.341,1.174
1.332,0.415
1.191,0.688
0.987,-1.744
1.004,0.08
0.92,-1.119
0.895,-0.505
0.954,-0.018
0.896,-1.51
0.88,0.129
0.935,-0.048
0.925,-1.879
0.855,0.126
0.846,0.027
0.623,1.86
0.545,-0.83
0.403,-0.959
0.315,0.704
0.355,1.382
0.283,-0.248
0.336,1.867
0.338,0.427
-0.358,-2.157
-0.33,-2.222
-1.044,-2.314
-1.396,-1.994
-2.093,-2.109
-2.271,-2.219
-2.56,-2.314
-2.583,-2.42
-2.851,-2.372
3.055,-1.929
3.133,-2.202
2.592,-2.075
2.585,-2.161
2.386,-2.093
1.734,-2.413
1.486,-2.023
1.225,-2.04
1.056,-2.143
0.95,-2.107
0.418,-2.244
-0.071,2.426
-0.001,2.333
-0.226,2.371
-0.637,2.306
-1.236,2.439
-1.246,2.182
-2.605,2.126
-2.607,2.177
-3.042,2.099
2.992,2.328
2.994,2.39
2.118,2.125
1.897,2.395
1.896,2.4
1.039,2.241
0.963,2.204
0.541,2.483
0.388,2.252
-0.23,-0.87
-0.683,-1.505
-2.67,1.992
-2.736,0.994
1.472,0.615
0.723,1.936
0.821,2.223
0.153,-0.896
0.092,0.375
0.148,1.023
0.051,1.826
-0.082,-0.7
-0.173,0.552
-0.15,0.626
-0.187,-0.304
-0.179,-0.723
-0.191,-0.159
-0.348,-0.744
-0.403,-0.655
-0.559,1.677
-0.646,-0.246
-0.838,0.289
-0.757,0.004
-0.839,-0.599
-0.967,-1.842
-0.954,1.88
-0.831,1.515
-0.865,0.452
-0.877,1.088
-0.915,-1.412
-1.091,1.258
-1.15,1.75
-1.043,-0.354
-1.382,0.832
-1.562,-0.196
-1.779,-0.57
-2.023,0.451
-2.185,1.581
-2.08,-0.638
-2.241,-0.197
-2.274,-0.664
-2.291,-0.501
-2.337,0.673
-2.23,-0.768
-2.293,-1.003
-2.514,1.706
-2.462,0.184
-2.484,0.597
-2.547,-0.693
-2.545,-1.685
-2.677,0.065
-2.577,0.891
-2.589,-0.018
-2.618,0.765
-2.774,-0.864
-2.851,-1.73
-2.69,1.501
-2.807,1.134
-2.944,-1.803
-2.948,2.019
-2.964,1.598
-3.091,0.609
3.054,-1.261
3.043,1.019
2.955,1.48
2.963,-1.141
2.948,-0.855
2.809,0.615
2.622,0.969
2.72,2.025
2.544,-0.339
2.475,-0.733
2.475,1.781
2.49,-0.887
2.249,0.473
2.345,-0.518
2.239,1.338
2.122,-1.207
2.075,1.518
1.933,-1.431
1.841,2.024
1.706,0.67
1.826,-1.58
1.598,0.441
1.664,-0.586
1.683,-0.443
1.516,-1.575
1.455,1.793
1.485,2.116
1.312,1.78
1.395,0.303
1.25,-0.375
1.32,0.76
1.177,-1.086
0.868,-1.708
0.635,-0.877
0.738,0.893
0.752,-1.011
0.585,0.654
0.557,0.754
0.693,-0.892
0.519,1.334
0.126,-2.136
0.22,-2.299
0.164,-2.208
-1.76,-2.059
-1.825,-2.234
-1.78,-1.913
-2.095,-2.126
-2.24,-2.261
-2.418,-2.118
-2.772,-2.212
-2.997,-2.383
2.666,-2.105
2.532,-2.023
2.385,-2.411
2.196,-2.346
1.876,-2.118
1.081,-2.156
-0.469,2.377
-0.955,2.243
-1.02,2.19
-1.208,2.106
-2.122,2.057
-2.969,2.238
2.62,2.211
1.336,2.359
1.014,2.048
0.628,2.267
-2.231,0.235
-0.715,-1.484
-1.078,-0.572
-2.416,-0.561
2.708,1.036
2.248,-1.196
1.984,0.979
1.928,0.816
1.906,-0.882
1.9,-1.189
1.043,-0.575
1.135,0.687
1.021,-0.42
0.949,1.09
0.397,0.309
-0.325,-0.883
-2.348,1.385
-2.504,0.09
2.665,1.245
1.955,-0.77
-0.863,-2.055
-0.696,2.15
-0.29,2.352
-2.242,2.233
-0.069,2.235
-0.087,1.548
-0.045,1.907
-0.069,-0.008
-0.143,1.471
-0.119,1.136
-0.175,1.106
-0.092,0.364
-0.107,-0.612
-0.112,0.529
-0.209,0.07
-0.292,0.439
-0.227,0.942
-0.306,0.669
-0.26,-0.572
-0.326,2.073
-0.304,0.265
-0.375,-0.567
-0.392,0.082
-0.423,1.608
-0.432,-0.133
-0.462,-0.38
-0.523,-0.948
-0.527,-1.147
-0.595,1.429
-0.549,-0.964
-0.643,-0.038
-0.729,-1.101
-0.695,2.395
-0.755,-0.718
-0.766,1.311
-0.877,1.482
-0.807,0.976
-0.932,0.156
-1.022,1.249
-0.983,2.331
-1.089,0.225
-1.136,0.78
-1.136,1.226
-1.192,0.704
-1.187,0.576
-1.164,0.954
-1.231,-1.216
-1.226,1.537
-1.342,1.115
-1.435,-0.117
-1.364,0.028
-1.425,0.156
-1.463,-0.148
-1.603,-0.944
-1.672,1.334
-1.648,-0.376
-1.673,2.562
-1.764,2.155
-1.805,-1.358
-1.864,0.746
-1.858,2.462
-2.054,1.107
-2.151,-0.593
-2.244,1.452
-2.217,-0.369
-2.485,0.338
-2.506,-0.195
-2.653,-1.312
-2.598,1.019
-2.713,0.882
-2.726,0.71
-2.646,0.551
-2.74,2.067
-2.832,0.686
-2.921,1.808
-3.02,2.219
-3.029,1.159
-2.988,1.474
3.052,-1.114
2.949,1.02
2.985,0.64
2.95,-0.493
3.013,0.543
2.885,0.722
2.871,1.292
2.837,1.459
2.876,-0.603
2.862,0.7
2.84,1.606
2.838,-1.418
2.454,0.447
2.358,1.934
2.374,0.581
2.35,-1.256
2.378,1.255
2.326,0.033
2.221,-0.389
2.264,-0.727
2.227,0.398
2.187,1.867
2.11,0.039
2.015,0.661
1.92,0.461
1.918,0.584
1.734,2.151
1.701,1.539
1.661,-0.03
1.66,1.376
1.58,0.492
1.545,1.189
1.606,-0.076
1.606,0.558
1.542,-1.271
1.283,0.352
1.337,-0.229
1.297,0.597
1.289,-1.233
1.214,-0.082
1.268,1.674
1.259,0.915
1.118,1.188
0.914,-1.244
0.931,0.58
0.847,-0.619
0.822,-0.005
0.881,0.482
0.823,-1.01
0.807,0.629
0.862,0.452
0.852,-1.379
0.782,0.626
0.773,0.527
0.55,2.36
0.472,-0.33
0.33,-0.459
0.242,1.204
0.282,1.882
0.21,0.252
0.263,2.367
0.265,0.927
-0.431,-1.657
-0.403,-1.722
-1.117,-1.814
-1.469,-1.494
-2.166,-1.609
-2.344,-1.719
-2.633,-1.814
-2.656,-1.92
-2.924,-1.872
2.982,-1.429
3.06,-1.702
2.519,-1.575
2.512,-1.661
2.313,-1.593
1.661,-1.913
1.413,-1.523
1.152,-1.54
0.983,-1.643
0.877,-1.607
0.345,-1.744
-0.144,2.926
-0.074,2.833
-0.299,2.871
-0.71,2.806
-1.309,2.939
-1.319,2.682
-2.678,2.626
-2.68,2.677
-3.115,2.599
2.919,2.828
2.921,2.89
2.045,2.625
1.824,2.895
1.823,2.9
0.966,2.741
0.89,2.704
0.468,2.983
0.315,2.752
-0.303,-0.37
-0.756,-1.005
-2.743,2.492
-2.809,1.494
1.399,1.115
0.65,2.436
0.748,2.723
0.08,-0.396
0.019,0.875
0.075,1.523
-0.022,2.326
-0.155,-0.2
-0.246,1.052
-0.223,1.126
-0.26,0.196
-0.252,-0.223
-0.264,0.341
-0.421,-0.244
-0.476,-0.155
-0.632,2.177
-0.719,0.254
-0.911,0.789
-0.83,0.504
-0.912,-0.099
-1.04,-1.342
-1.027,2.38
-0.904,2.015
-0.938,0.952
-0.95,1.588
-0.988,-0.912
-1.164,1.758
-1.223,2.25
-1.116,0.146
-1.455,1.332
-1.635,0.304
-1.852,-0.07
-2.096,0.951
-2.258,2.081
-2.153,-0.138
-2.314,0.303
-2.347,-0.164
-2.364,-0.001
-2.41,1.173
-2.303,-0.268
-2.366,-0.503
-2.587,2.206
-2.535,0.684
-2.557,1.097
-2.62,-0.193
-2.618,-1.185
-2.75,0.565
-2.65,1.391
-2.662,0.482
-2.691,1.265
-2.847,-0.364
-2.924,-1.23
-2.763,2.001
-2.88,1.634
-3.017,-1.303
-3.021,2.519
-3.037,2.098
3.119,1.109
2.981,-0.761
2.97,1.519
2.882,1.98
2.89,-0.641
2.875,-0.355
2.736,1.115
2.549,1.469
2.647,2.525
2.471,0.161
2.402,-0.233
2.402,2.281
2.417,-0.387
2.176,0.973
2.272,-0.018
2.166,1.838
2.049,-0.707
2.002,2.018
1.86,-0.931
1.768,2.524
1.633,1.17
1.753,-1.08
1.525,0.941
1.591,-0.086
1.61,0.057
1.443,-1.075
1.382,2.293
1.412,2.616
1.239,2.28
1.322,0.803
1.177,0.125
1.247,1.26
1.104,-0.586
0.795,-1.208
0.562,-0.377
0.665,1.393
0.679,-0.511
0.512,1.154
0.484,1.254
0.62,-0.392
0.446,1.834
0.053,-1.636
0.147,-1.799
0.091,-1.708
-1.833,-1.559
-1.898,-1.734
-1.853,-1.413
-2.168,-1.626
-2.313,-1.761
-2.491,-1.618
-2.845,-1.712
-3.07,-1.883
2.593,-1.605
2.459,-1.523
2.312,-1.911
2.123,-1.846
1.803,-1.618
1.008,-1.656
-0.542,2.877
-1.028,2.743
-1.093,2.69
-1.281,2.606
-2.195,2.557
-3.042,2.738
2.547,2.711
1.263,2.859
0.941,2.548
0.555,2.767
-2.304,0.735
-0.788,-0.984
-1.151,-0.072
-2.489,-0.061
2.635,1.536
2.175,-0.696
1.911,1.479
1.855,1.316
1.833,-0.382
1.827,-0.689
0.97,-0.075
1.062,1.187
0.948,0.08
0.876,1.59
0.324,0.809
-0.398,-0.383
-2.421,1.885
-2.577,0.59
2.592,1.745
1.882,-0.27
-0.936,-1.555
-0.769,2.65
-0.363,2.852
-2.315,2.733
-0.018,-0.687
0.024,-0.328
0.0,-2.243
-0.074,-0.764
-0.05,-1.099
-0.106,-1.129
-0.023,-1.871
-0.038,-2.847
-0.043,-1.706
-0.14,-2.165
-0.223,-1.796
-0.158,-1.293
-0.237,-1.566
-0.191,-2.807
-0.257,-0.162
-0.235,-1.97
-0.306,-2.802
-0.323,-2.153
-0.354,-0.627
-0.363,-2.368
-0.393,-2.615
-0.454,-3.183
-0.458,-3.382
-0.526,-0.806
-0.48,-3.199
-0.574,-2.273
-0.66,-3.336
-0.626,0.16
-0.686,-2.953
-0.697,-0.924
-0.808,-0.753
-0.738,-1.259
-0.863,-2.079
-0.953,-0.986
-0.914,0.096
-1.02,-2.01
-1.067,-1.455
-1.067,-1.009
-1.123,-1.531
-1.118,-1.659
-1.095,-1.281
-1.162,-3.451
-1.157,-0.698
-1.273,-1.12
-1.366,-2.352
-1.295,-2.207
-1.356,-2.079
-1.394,-2.383
-1.534,-3.179
-1.603,-0.901
-1.579,-2.611
-1.604,0.327
-1.695,-0.08
-1.736,-3.593
-1.795,-1.489
-1.789,0.227
-1.985,-1.128
-2.082,-2.828
-2.175,-0.783
-2.148,-2.604
-2.416,-1.897
-2.437,-2.43
-2.584,-3.547
-2.529,-1.216
-2.644,-1.353
-2.657,-1.525
-2.577,-1.684
-2.671,-0.168
-2.763,-1.549
-2.852,-0.427
-2.951,-0.016
-2.96,-1.076
-2.919,-0.761
3.121,-3.349
3.018,-1.215
3.054,-1.595
3.019,-2.728
3.082,-1.692
2.954,-1.513
2.94,-0.943
2.906,-0.776
2.945,-2.838
2.931,-1.535
2.909,-0.629
2.907,-3.653
2.523,-1.788
2.427,-0.301
2.443,-1.654
2.419,-3.491
2.447,-0.98
2.395,-2.202
2.29,-2.624
2.333,-2.962
2.296,-1.837
2.256,-0.368
2.179,-2.196
2.084,-1.574
1.989,-1.774
1.987,-1.651
1.803,-0.084
1.77,-0.696
1.73,-2.265
1.729,-0.859
1.649,-1.743
1.614,-1.046
1.675,-2.311
1.675,-1.677
1.611,-3.506
1.352,-1.883
1.406,-2.464
1.366,-1.638
1.358,-3.468
1.283,-2.317
1.337,-0.561
1.328,-1.32
1.187,-1.047
0.983,-3.479
1.0,-1.655
0.916,-2.854
0.891,-2.24
0.95,-1.753
0.892,-3.245
0.876,-1.606
0.931,-1.783
0.921,-3.614
0.851,-1.609
0.842,-1.708
0.619,0.125
0.541,-2.565
0.399,-2.694
0.311,-1.031
0.351,-0.353
0.279,-1.983
0.332,0.132
0.334,-1.308
-0.362,-3.892
-0.334,-3.957
-1.048,-4.049
-1.4,-3.729
-2.097,-3.844
-2.275,-3.954
-2.564,-4.049
-2.587,-4.155
-2.855,-4.107
3.051,-3.664
3.129,-3.937
2.588,-3.81
2.581,-3.896
2.382,-3.828
1.73,-4.148
1.482,-3.758
1.221,-3.775
1.052,-3.878
0.946,-3.842
0.414,-3.979
-0.075,0.691
-0.005,0.598
-0.23,0.636
-0.641,0.571
-1.24,0.704
-1.25,0.447
-2.609,0.391
-2.611,0.442
-3.046,0.364
2.988,0.593
2.99,0.655
2.114,0.39
1.893,0.66
1.892,0.665
1.035,0.506
0.959,0.469
0.537,0.748
0.384,0.517
-0.234,-2.605
-0.687,-3.24
-2.674,0.257
-2.74,-0.741
1.468,-1.12
0.719,0.201
0.817,0.488
0.149,-2.631
0.088,-1.36
0.144,-0.712
0.047,0.091
-0.086,-2.435
-0.177,-1.183
-0.154,-1.109
-0.191,-2.039
-0.183,-2.458
-0.195,-1.894
-0.352,-2.479
-0.407,-2.39
-0.563,-0.058
-0.65,-1.981
-0.842,-1.446
-0.761,-1.731
-0.843,-2.334
-0.971,-3.577
-0.958,0.145
-0.835,-0.22
-0.869,-1.283
-0.881,-0.647
-0.919,-3.147
-1.095,-0.477
-1.154,0.015
-1.047,-2.089
-1.386,-0.903
-1.566,-1.931
-1.783,-2.305
-2.027,-1.284
-2.189,-0.154
-2.084,-2.373
-2.245,-1.932
-2.278,-2.399
-2.295,-2.236
-2.341,-1.062
-2.234,-2.503
-2.297,-2.738
-2.518,-0.029
-2.466,-1.551
-2.488,-1.138
-2.551,-2.428
-2.549,-3.42
-2.681,-1.67
-2.581,-0.844
-2.593,-1.753
-2.622,-0.97
-2.778,-2.599
-2.855,-3.465
-2.694,-0.234
-2.811,-0.601
-2.948,-3.538
-2.952,0.284
-2.968,-0.137
-3.095,-1.126
3.05,-2.996
3.039,-0.716
2.951,-0.255
2.959,-2.876
2.944,-2.59
2.805,-1.12
2.618,-0.766
2.716,0.29
2.54,-2.074
2.471,-2.468
2.471,0.046
2.486,-2.622
2.245,-1.262
2.341,-2.253
2.235,-0.397
2.118,-2.942
2.071,-0.217
1.929,-3.166
1.837,0.289
1.702,-1.065
1.822,-3.315
1.594,-1.294
1.66,-2.321
1.679,-2.178
1.512,-3.31
1.451,0.058
1.481,0.381
1.308,0.045
1.391,-1.432
1.246,-2.11
1.316,-0.975
1.173,-2.821
0.864,-3.443
0.631,-2.612
0.734,-0.842
0.748,-2.746
0.581,-1.081
0.553,-0.981
0.689,-2.627
0.515,-0.401
0.122,-3.871
0.216,-4.034
0.16,-3.943
-1.764,-3.794
-1.829,-3.969
-1.784,-3.648
-2.099,-3.861
-2.244,-3.996
-2.422,-3.853
-2.776,-3.947
-3.001,-4.118
2.662,-3.84
2.528,-3.758
2.381,-4.146
2.192,-4.081
1.872,-3.853
1.077,-3.891
-0.473,0.642
-0.959,0.508
-1.024,0.455
-1.212,0.371
-2.126,0.322
-2.973,0.503
2.616,0.476
1.332,0.624
1.01,0.313
0.624,0.532
-2.235,-1.5
-0.719,-3.219
-1.082,-2.307
-2.42,-2.296
2.704,-0.699
2.244,-2.931
1.98,-0.756
1.924,-0.919
1.902,-2.617
1.896,-2.924
1.039,-2.31
1.131,-1.048
1.017,-2.155
0.945,-0.645
0.393,-1.426
-0.329,-2.618
-2.352,-0.35
-2.508,-1.645
2.661,-0.49
1.951,-2.505
-0.867,-3.79
-0.7,0.415
-0.294,0.617
-2.246,0.498
0.042,0.359
0.018,-1.556
-0.056,-0.077
-0.032,-0.412
-0.088,-0.442
-0.005,-1.184
-0.02,-2.16
-0.025,-1.019
-0.122,-1.478
-0.205,-1.109
-0.14,-0.606
-0.219,-0.879
-0.173,-2.12
-0.239,0.525
-0.217,-1.283
-0.288,-2.115
-0.305,-1.466
-0.336,0.06
-0.345,-1.681
-0.375,-1.928
-0.436,-2.496
-0.44,-2.695
-0.508,-0.119
-0.462,-2.512
-0.556,-1.586
-0.642,-2.649
-0.608,0.847
-0.668,-2.266
-0.679,-0.237
-0.79,-0.066
-0.72,-0.572
-0.845,-1.392
-0.935,-0.299
-0.896,0.783
-1.002,-1.323
-1.049,-0.768
-1.049,-0.322
-1.105,-0.844
-1.1,-0.972
-1.077,-0.594
-1.144,-2.764
-1.139,-0.011
-1.255,-0.433
-1.348,-1.665
-1.277,-1.52
-1.338,-1.392
-1.376,-1.696
-1.516,-2.492
-1.585,-0.214
-1.561,-1.924
-1.586,1.014
-1.677,0.607
-1.718,-2.906
-1.777,-0.802
-1.771,0.914
-1.967,-0.441
-2.064,-2.141
-2.157,-0.096
-2.13,-1.917
-2.398,-1.21
-2.419,-1.743
-2.566,-2.86
-2.511,-0.529
-2.626,-0.666
-2.639,-0.838
-2.559,-0.997
-2.653,0.519
-2.745,-0.862
-2.834,0.26
-2.933,0.671
-2.942,-0.389
-2.901,-0.074
3.139,-2.662
3.036,-0.528
3.072,-0.908
3.037,-2.041
3.1,-1.005
2.972,-0.826
2.958,-0.256
2.924,-0.089
2.963,-2.151
2.949,-0.848
2.927,0.058
2.925,-2.966
2.541,-1.101
2.445,0.386
2.461,-0.967
2.437,-2.804
2.465,-0.293
2.413,-1.515
2.308,-1.937
2.351,-2.275
2.314,-1.15
2.274,0.319
2.197,-1.509
2.102,-0.887
2.007,-1.087
2.005,-0.964
1.821,0.603
1.788,-0.009
1.748,-1.578
1.747,-0.172
1.667,-1.056
1.632,-0.359
1.693,-1.624
1.693,-0.99
1.629,-2.819
1.37,-1.196
1.424,-1.777
1.384,-0.951
1.376,-2.781
1.301,-1.63
1.355,0.126
1.346,-0.633
1.205,-0.36
1.001,-2.792
1.018,-0.968
0.934,-2.167
0.909,-1.553
0.968,-1.066
0.91,-2.558
0.894,-0.919
0.949,-1.096
0.939,-2.927
0.869,-0.922
0.86,-1.021
0.637,0.812
0.559,-1.878
0.417,-2.007
0.329,-0.344
0.369,0.334
0.297,-1.296
0.35,0.819
0.352,-0.621
-0.344,-3.205
-0.316,-3.27
-1.03,-3.362
-1.382,-3.042
-2.079,-3.157
-2.257,-3.267
-2.546,-3.362
-2.569,-3.468
-2.837,-3.42
3.069,-2.977
-3.136,-3.25
2.606,-3.123
2.599,-3.209
2.4,-3.141
1.748,-3.461
1.5,-3.071
1.239,-3.088
1.07,-3.191
0.964,-3.155
0.432,-3.292
-0.057,1.378
0.013,1.285
-0.212,1.323
-0.623,1.258
-1.222,1.391
-1.232,1.134
-2.591,1.078
-2.593,1.129
-3.028,1.051
3.006,1.28
3.008,1.342
2.132,1.077
1.911,1.347
1.91,1.352
1.053,1.193
0.977,1.156
0.555,1.435
0.402,1.204
-0.216,-1.918
-0.669,-2.553
-2.656,0.944
-2.722,-0.054
1.486,-0.433
0.737,0.888
0.835,1.175
0.167,-1.944
0.106,-0.673
0.162,-0.025
0.065,0.778
-0.068,-1.748
-0.159,-0.496
-0.136,-0.422
-0.173,-1.352
-0.165,-1.771
-0.177,-1.207
-0.334,-1.792
-0.389,-1.703
-0.545,0.629
-0.632,-1.294
-0.824,-0.759
-0.743,-1.044
-0.825,-1.647
-0.953,-2.89
-0.94,0.832
-0.817,0.467
-0.851,-0.596
-0.863,0.04
-0.901,-2.46
-1.077,0.21
-1.136,0.702
-1.029,-1.402
-1.368,-0.216
-1.548,-1.244
-1.765,-1.618
-2.009,-0.597
-2.171,0.533
-2.066,-1.686
-2.227,-1.245
-2.26,-1.712
-2.277,-1.549
-2.323,-0.375
-2.216,-1.816
-2.279,-2.051
-2.5,0.658
-2.448,-0.864
-2.47,-0.451
-2.533,-1.741
-2.531,-2.733
-2.663,-0.983
-2.563,-0.157
-2.575,-1.066
-2.604,-0.283
-2.76,-1.912
-2.837,-2.778
-2.676,0.453
-2.793,0.086
-2.93,-2.851
-2.934,0.971
-2.95,0.55
-3.077,-0.439
3.068,-2.309
3.057,-0.029
2.969,0.432
2.977,-2.189
2.962,-1.903
2.823,-0.433
2.636,-0.079
2.734,0.977
2.558,-1.387
2.489,-1.781
2.489,0.733
2.504,-1.935
2.263,-0.575
2.359,-1.566
2.253,0.29
2.136,-2.255
2.089,0.47
1.947,-2.479
1.855,0.976
1.72,-0.378
1.84,-2.628
1.612,-0.607
1.678,-1.634
1.697,-1.491
1.53,-2.623
1.469,0.745
1.499,1.068
1.326,0.732
1.409,-0.745
1.264,-1.423
1.334,-0.288
1.191,-2.134
0.882,-2.756
0.649,-1.925
0.752,-0.155
0.766,-2.059
0.599,-0.394
0.571,-0.294
0.707,-1.94
0.533,0.286
0.14,-3.184
0.234,-3.347
0.178,-3.256
-1.746,-3.107
-1.811,-3.282
-1.766,-2.961
-2.081,-3.174
-2.226,-3.309
-2.404,-3.166
-2.758,-3.26
-2.983,-3.431
2.68,-3.153
2.546,-3.071
2.399,-3.459
2.21,-3.394
1.89,-3.166
1.095,-3.204
-0.455,1.329
-0.941,1.195
-1.006,1.142
-1.194,1.058
-2.108,1.009
-2.955,1.19
2.634,1.163
1.35,1.311
1.028,1.0
0.642,1.219
-2.217,-0.813
-0.701,-2.532
-1.064,-1.62
-2.402,-1.609
2.722,-0.012
2.262,-2.244
1.998,-0.069
1.942,-0.232
1.92,-1.93
1.914,-2.237
1.057,-1.623
1.149,-0.361
1.035,-1.468
0.963,0.042
0.411,-0.739
-0.311,-1.931
-2.334,0.337
-2.49,-0.958
2.679,0.197
1.969,-1.818
-0.849,-3.103
-0.682,1.102
-0.276,1.304
-2.228,1.185
-0.024,-1.915
-0.098,-0.436
-0.074,-0.771
-0.13,-0.801
-0.047,-1.543
-0.062,-2.519
-0.067,-1.378
-0.164,-1.837
-0.247,-1.468
-0.182,-0.965
-0.261,-1.238
-0.215,-2.479
-0.281,0.166
-0.259,-1.642
-0.33,-2.474
-0.347,-1.825
-0.378,-0.299
-0.387,-2.04
-0.417,-2.287
-0.478,-2.855
-0.482,-3.054
-0.55,-0.478
-0.504,-2.871
-0.598,-1.945
-0.684,-3.008
-0.65,0.488
-0.71,-2.625
-0.721,-0.596
-0.832,-0.425
-0.762,-0.931
-0.887,-1.751
-0.977,-0.658
-0.938,0.424
-1.044,-1.682
-1.091,-1.127
-1.091,-0.681
-1.147,-1.203
-1.142,-1.331
-1.119,-0.953
-1.186,-3.123
-1.181,-0.37
-1.297,-0.792
-1.39,-2.024
-1.319,-1.879
-1.38,-1.751
-1.418,-2.055
-1.558,-2.851
-1.627,-0.573
-1.603,-2.283
-1.628,0.655
-1.719,0.248
-1.76,-3.265
-1.819,-1.161
-1.813,0.555
-2.009,-0.8
-2.106,-2.5
-2.199,-0.455
-2.172,-2.276
-2.44,-1.569
-2.461,-2.102
-2.608,-3.219
-2.553,-0.888
-2.668,-1.025
-2.681,-1.197
-2.601,-1.356
-2.695,0.16
-2.787,-1.221
-2.876,-0.099
-2.975,0.312
-2.984,-0.748
-2.943,-0.433
3.097,-3.021
2.994,-0.887
3.03,-1.267
2.995,-2.4
3.058,-1.364
2.93,-1.185
2.916,-0.615
2.882,-0.448
2.921,-2.51
2.907,-1.207
2.885,-0.301
2.883,-3.325
2.499,-1.46
2.403,0.027
2.419,-1.326
2.395,-3.163
2.423,-0.652
2.371,-1.874
2.266,-2.296
2.309,-2.634
2.272,-1.509
2.232,-0.04
2.155,-1.868
2.06,-1.246
1.965,-1.446
1.963,-1.323
1.779,0.244
1.746,-0.368
1.706,-1.937
1.705,-0.531
1.625,-1.415
1.59,-0.718
1.651,-1.983
1.651,-1.349
1.587,-3.178
1.328,-1.555
1.382,-2.136
1.342,-1.31
1.334,-3.14
1.259,-1.989
1.313,-0.233
1.304,-0.992
1.163,-0.719
0.959,-3.151
0.976,-1.327
0.892,-2.526
0.867,-1.912
0.926,-1.425
0.868,-2.917
0.852,-1.278
0.907,-1.455
0.897,-3.286
0.827,-1.281
0.818,-1.38
0.595,0.453
0.517,-2.237
0.375,-2.366
0.287,-0.703
0.327,-0.025
0.255,-1.655
0.308,0.46
0.31,-0.98
-0.386,-3.564
-0.358,-3.629
-1.072,-3.721
-1.424,-3.401
-2.121,-3.516
-2.299,-3.626
-2.588,-3.721
-2.611,-3.827
-2.879,-3.779
3.027,-3.336
3.105,-3.609
2.564,-3.482
2.557,-3.568
2.358,-3.5
1.706,-3.82
1.458,-3.43
1.197,-3.447
1.028,-3.55
0.922,-3.514
0.39,-3.651
-0.099,1.019
-0.029,0.926
-0.254,0.964
-0.665,0.899
-1.264,1.032
-1.274,0.775
-2.633,0.719
-2.635,0.77
-3.07,0.692
2.964,0.921
2.966,0.983
2.09,0.718
1.869,0.988
1.868,0.993
1.011,0.834
0.935,0.797
0.513,1.076
0.36,0.845
-0.258,-2.277
-0.711,-2.912
-2.698,0.585
-2.764,-0.413
1.444,-0.792
0.695,0.529
0.793,0.816
0.125,-2.303
0.064,-1.032
0.12,-0.384
0.023,0.419
-0.11,-2.107
-0.201,-0.855
-0.178,-0.781
-0.215,-1.711
-0.207,-2.13
-0.219,-1.566
-0.376,-2.151
-0.431,-2.062
-0.587,0.27
-0.674,-1.653
-0.866,-1.118
-0.785,-1.403
-0.867,-2.006
-0.995,-3.249
-0.982,0.473
-0.859,0.108
-0.893,-0.955
-0.905,-0.319
-0.943,-2.819
-1.119,-0.149
-1.178,0.343
-1.071,-1.761
-1.41,-0.575
-1.59,-1.603
-1.807,-1.977
-2.051,-0.956
-2.213,0.174
-2.108,-2.045
-2.269,-1.604
-2.302,-2.071
-2.319,-1.908
-2.365,-0.734
-2.258,-2.175
-2.321,-2.41
-2.542,0.299
-2.49,-1.223
-2.512,-0.81
-2.575,-2.1
-2.573,-3.092
-2.705,-1.342
-2.605,-0.516
-2.617,-1.425
-2.646,-0.642
-2.802,-2.271
-2.879,-3.137
-2.718,0.094
-2.835,-0.273
-2.972,-3.21
-2.976,0.612
-2.992,0.191
-3.119,-0.798
3.026,-2.668
3.015,-0.388
2.927,0.073
2.935,-2.548
2.92,-2.262
2.781,-0.792
2.594,-0.438
2.692,0.618
2.516,-1.746
2.447,-2.14
2.447,0.374
2.462,-2.294
2.221,-0.934
2.317,-1.925
2.211,-0.069
2.094,-2.614
2.047,0.111
1.905,-2.838
1.813,0.617
1.678,-0.737
1.798,-2.987
1.57,-0.966
1.636,-1.993
1.655,-1.85
1.488,-2.982
1.427,0.386
1.457,0.709
1.284,0.373
1.367,-1.104
1.222,-1.782
1.292,-0.647
1.149,-2.493
0.84,-3.115
0.607,-2.284
0.71,-0.514
0.724,-2.418
0.557,-0.753
0.529,-0.653
0.665,-2.299
0.491,-0.073
0.098,-3.543
0.192,-3.706
0.136,-3.615
-1.788,-3.466
-1.853,-3.641
-1.808,-3.32
-2.123,-3.533
-2.268,-3.668
-2.446,-3.525
-2.8,-3.619
-3.025,-3.79
2.638,-3.512
2.504,-3.43
2.357,-3.818
2.168,-3.753
1.848,-3.525
1.053,-3.563
-0.497,0.97
-0.983,0.836
-1.048,0.783
-1.236,0.699
-2.15,0.65
-2.997,0.831
2.592,0.804
1.308,0.952
0.986,0.641
0.6,0.86
-2.259,-1.172
-0.743,-2.891
-1.106,-1.979
-2.444,-1.968
2.68,-0.371
2.22,-2.603
1.956,-0.428
1.9,-0.591
1.878,-2.289
1.872,-2.596
1.015,-1.982
1.107,-0.72
0.993,-1.827
0.921,-0.317
0.369,-1.098
-0.353,-2.29
-2.376,-0.022
-2.532,-1.317
2.637,-0.162
1.927,-2.177
-0.891,-3.462
-0.724,0.743
-0.318,0.945
-2.27,0.826
-0.074,1.479
-0.05,1.144
-0.106,1.114
-0.023,0.372
-0.038,-0.604
-0.043,0.537
-0.14,0.078
-0.223,0.447
-0.158,0.95
-0.237,0.677
-0.191,-0.564
-0.257,2.081
-0.235,0.273
-0.306,-0.559
-0.323,0.09
-0.354,1.616
-0.363,-0.125
-0.393,-0.372
-0.454,-0.94
-0.458,-1.139
-0.526,1.437
-0.48,-0.956
-0.574,-0.03
-0.66,-1.093
-0.626,2.403
-0.686,-0.71
-0.697,1.319
-0.808,1.49
-0.738,0.984
-0.863,0.164
-0.953,1.257
-0.914,2.339
-1.02,0.233
-1.067,0.788
-1.067,1.234
-1.123,0.712
-1.118,0.584
-1.095,0.962
-1.162,-1.208
-1.157,1.545
-1.273,1.123
-1.366,-0.109
-1.295,0.036
-1.356,0.164
-1.394,-0.14
-1.534,-0.936
-1.603,1.342
-1.579,-0.368
-1.604,2.57
-1.695,2.163
-1.736,-1.35
-1.795,0.754
-1.789,2.47
-1.985,1.115
-2.082,-0.585
-2.175,1.46
-2.148,-0.361
-2.416,0.346
-2.437,-0.187
-2.584,-1.304
-2.529,1.027
-2.644,0.89
-2.657,0.718
-2.577,0.559
-2.671,2.075
-2.763,0.694
-2.852,1.816
-2.951,2.227
-2.96,1.167
-2.919,1.482
3.121,-1.106
3.018,1.028
3.054,0.648
3.019,-0.485
3.082,0.551
2.954,0.73
2.94,1.3
2.906,1.467
2.945,-0.595
2.931,0.708
2.909,1.614
2.907,-1.41
2.523,0.455
2.427,1.942
2.443,0.589
2.419,-1.248
2.447,1.263
2.395,0.041
2.29,-0.381
2.333,-0.719
2.296,0.406
2.256,1.875
2.179,0.047
2.084,0.669
1.989,0.469
1.987,0.592
1.803,2.159
1.77,1.547
1.73,-0.022
1.729,1.384
1.649,0.5
1.614,1.197
1.675,-0.068
1.675,0.566
1.611,-1.263
1.352,0.36
1.406,-0.221
1.366,0.605
1.358,-1.225
1.283,-0.074
1.337,1.682
1.328,0.923
1.187,1.196
0.983,-1.236
1.0,0.588
0.916,-0.611
0.891,0.003
0.95,0.49
0.892,-1.002
0.876,0.637
0.931,0.46
0.921,-1.371
0.851,0.634
0.842,0.535
0.619,2.368
0.541,-0.322
0.399,-0.451
0.311,1.212
0.351,1.89
0.279,0.26
0.332,2.375
0.334,0.935
-0.362,-1.649
-0.334,-1.714
-1.048,-1.806
-1.4,-1.486
-2.097,-1.601
-2.275,-1.711
-2.564,-1.806
-2.587,-1.912
-2.855,-1.864
3.051,-1.421
3.129,-1.694
2.588,-1.567
2.581,-1.653
2.382,-1.585
1.73,-1.905
1.482,-1.515
1.221,-1.532
1.052,-1.635
0.946,-1.599
0.414,-1.736
-0.075,2.934
-0.005,2.841
-0.23,2.879
-0.641,2.814
-1.24,2.947
-1.25,2.69
-2.609,2.634
-2.611,2.685
-3.046,2.607
2.988,2.836
2.99,2.898
2.114,2.633
1.893,2.903
1.892,2.908
1.035,2.749
0.959,2.712
0.537,2.991
0.384,2.76
-0.234,-0.362
-0.687,-0.997
-2.674,2.5
-2.74,1.502
1.468,1.123
0.719,2.444
0.817,2.731
0.149,-0.388
0.088,0.883
0.144,1.531
0.047,2.334
-0.086,-0.192
-0.177,1.06
-0.154,1.134
-0.191,0.204
-0.183,-0.215
-0.195,0.349
-0.352,-0.236
-0.407,-0.147
-0.563,2.185
-0.65,0.262
-0.842,0.797
-0.761,0.512
-0.843,-0.091
-0.971,-1.334
-0.958,2.388
-0.835,2.023
-0.869,0.96
-0.881,1.596
-0.919,-0.904
-1.095,1.766
-1.154,2.258
-1.047,0.154
-1.386,1.34
-1.566,0.312
-1.783,-0.062
-2.027,0.959
-2.189,2.089
-2.084,-0.13
-2.245,0.311
-2.278,-0.156
-2.295,0.007
-2.341,1.181
-2.234,-0.26
-2.297,-0.495
-2.518,2.214
-2.466,0.692
-2.488,1.105
-2.551,-0.185
-2.549,-1.177
-2.681,0.573
-2.581,1.399
-2.593,0.49
-2.622,1.273
-2.778,-0.356
-2.855,-1.222
-2.694,2.009
-2.811,1.642
-2.948,-1.295
-2.952,2.527
-2.968,2.106
-3.095,1.117
3.05,-0.753
3.039,1.527
2.951,1.988
2.959,-0.633
2.944,-0.347
2.805,1.123
2.618,1.477
2.716,2.533
2.54,0.169
2.471,-0.225
2.471,2.289
2.486,-0.379
2.245,0.981
2.341,-0.01
2.235,1.846
2.118,-0.699
2.071,2.026
1.929,-0.923
1.837,2.532
1.702,1.178
1.822,-1.072
1.594,0.949
1.66,-0.078
1.679,0.065
1.512,-1.067
1.451,2.301
1.481,2.624
1.308,2.288
1.391,0.811
1.246,0.133
1.316,1.268
1.173,-0.578
0.864,-1.2
0.631,-0.369
0.734,1.401
0.748,-0.503
0.581,1.162
0.553,1.262
0.689,-0.384
0.515,1.842
0.122,-1.628
0.216,-1.791
0.16,-1.7
-1.764,-1.551
-1.829,-1.726
-1.784,-1.405
-2.099,-1.618
-2.244,-1.753
-2.422,-1.61
-2.776,-1.704
-3.001,-1.875
2.662,-1.597
2.528,-1.515
2.381,-1.903
2.192,-1.838
1.872,-1.61
1.077,-1.648
-0.473,2.885
-0.959,2.751
-1.024,2.698
-1.212,2.614
-2.126,2.565
-2.973,2.746
2.616,2.719
1.332,2.867
1.01,2.556
0.624,2.775
-2.235,0.743
-0.719,-0.976
-1.082,-0.064
-2.42,-0.053
2.704,1.544
2.244,-0.688
1.98,1.487
1.924,1.324
1.902,-0.374
1.896,-0.681
1.039,-0.067
1.131,1.195
1.017,0.088
0.945,1.598
0.393,0.817
-0.329,-0.375
-2.352,1.893
-2.508,0.598
2.661,1.753
1.951,-0.262
-0.867,-1.547
-0.7,2.658
-0.294,2.86
-2.246,2.741
0.024,-0.335
-0.032,-0.365
0.051,-1.107
0.036,-2.083
0.031,-0.942
-0.066,-1.401
-0.149,-1.032
-0.084,-0.529
-0.163,-0.802
-0.117,-2.043
-0.183,0.602
-0.161,-1.206
-0.232,-2.038
-0.249,-1.389
-0.28,0.137
-0.289,-1.604
-0.319,-1.851
-0.38,-2.419
-0.384,-2.618
-0.452,-0.042
-0.406,-2.435
-0.5,-1.509
-0.586,-2.572
-0.552,0.924
-0.612,-2.189
-0.623,-0.16
-0.734,0.011
-0.664,-0.495
-0.789,-1.315
-0.879,-0.222
-0.84,0.86
-0.946,-1.246
-0.993,-0.691
-0.993,-0.245
-1.049,-0.767
-1.044,-0.895
-1.021,-0.517
-1.088,-2.687
-1.083,0.066
-1.199,-0.356
-1.292,-1.588
-1.221,-1.443
-1.282,-1.315
-1.32,-1.619
-1.46,-2.415
-1.529,-0.137
-1.505,-1.847
-1.53,1.091
-1.621,0.684
-1.662,-2.829
-1.721,-0.725
-1.715,0.991
-1.911,-0.364
-2.008,-2.064
-2.101,-0.019
-2.074,-1.84
-2.342,-1.133
-2.363,-1.666
-2.51,-2.783
-2.455,-0.452
-2.57,-0.589
-2.583,-0.761
-2.503,-0.92
-2.597,0.596
-2.689,-0.785
-2.778,0.337
-2.877,0.748
-2.886,-0.312
-2.845,0.003
-3.088,-2.585
3.092,-0.451
3.128,-0.831
3.093,-1.964
-3.127,-0.928
3.028,-0.749
3.014,-0.179
2.98,-0.012
3.019,-2.074
3.005,-0.771
2.983,0.135
2.981,-2.889
2.597,-1.024
2.501,0.463
2.517,-0.89
2.493,-2.727
2.521,-0.216
2.469,-1.438
2.364,-1.86
2.407,-2.198
2.37,-1.073
2.33,0.396
2.253,-1.432
2.158,-0.81
2.063,-1.01
2.061,-0.887
1.877,0.68
1.844,0.068
1.804,-1.501
1.803,-0.095
1.723,-0.979
1.688,-0.282
1.749,-1.547
1.749,-0.913
1.685,-2.742
1.426,-1.119
1.48,-1.7
1.44,-0.874
1.432,-2.704
1.357,-1.553
1.411,0.203
1.402,-0.556
1.261,-0.283
1.057,-2.715
1.074,-0.891
0.99,-2.09
0.965,-1.476
1.024,-0.989
0.966,-2.481
0.95,-0.842
1.005,-1.019
0.995,-2.85
0.925,-0.845
0.916,-0.944
0.693,0.889
0.615,-1.801
0.473,-1.93
0.385,-0.267
0.425,0.411
0.353,-1.219
0.406,0.896
0.408,-0.544
-0.288,-3.128
-0.26,-3.193
-0.974,-3.285
-1.326,-2.965
-2.023,-3.08
-2.201,-3.19
-2.49,-3.285
-2.513,-3.391
-2.781,-3.343
3.125,-2.9
-3.08,-3.173
2.662,-3.046
2.655,-3.132
2.456,-3.064
1.804,-3.384
1.556,-2.994
1.295,-3.011
1.126,-3.114
1.02,-3.078
0.488,-3.215
-0.001,1.455
0.069,1.362
-0.156,1.4
-0.567,1.335
-1.166,1.468
-1.176,1.211
-2.535,1.155
-2.537,1.206
-2.972,1.128
3.062,1.357
3.064,1.419
2.188,1.154
1.967,1.424
1.966,1.429
1.109,1.27
1.033,1.233
0.611,1.512
0.458,1.281
-0.16,-1.841
-0.613,-2.476
-2.6,1.021
-2.666,0.023
1.542,-0.356
0.793,0.965
0.891,1.252
0.223,-1.867
0.162,-0.596
0.218,0.052
0.121,0.855
-0.012,-1.671
-0.103,-0.419
-0.08,-0.345
-0.117,-1.275
-0.109,-1.694
-0.121,-1.13
-0.278,-1.715
-0.333,-1.626
-0.489,0.706
-0.576,-1.217
-0.768,-0.682
-0.687,-0.967
-0.769,-1.57
-0.897,-2.813
-0.884,0.909
-0.761,0.544
-0.795,-0.519
-0.807,0.117
-0.845,-2.383
-1.021,0.287
-1.08,0.779
-0.973,-1.325
-1.312,-0.139
-1.492,-1.167
-1.709,-1.541
-1.953,-0.52
-2.115,0.61
-2.01,-1.609
-2.171,-1.168
-2.204,-1.635
-2.221,-1.472
-2.267,-0.298
-2.16,-1.739
-2.223,-1.974
-2.444,0.735
-2.392,-0.787
-2.414,-0.374
-2.477,-1.664
-2.475,-2.656
-2.607,-0.906
-2.507,-0.08
-2.519,-0.989
-2.548,-0.206
-2.704,-1.835
-2.781,-2.701
-2.62,0.53
-2.737,0.163
-2.874,-2.774
-2.878,1.048
-2.894,0.627
-3.021,-0.362
3.124,-2.232
3.113,0.048
3.025,0.509
3.033,-2.112
3.018,-1.826
2.879,-0.356
2.692,-0.002
2.79,1.054
2.614,-1.31
2.545,-1.704
2.545,0.81
2.56,-1.858
2.319,-0.498
2.415,-1.489
2.309,0.367
2.192,-2.178
2.145,0.547
2.003,-2.402
1.911,1.053
1.776,-0.301
1.896,-2.551
1.668,-0.53
1.734,-1.557
1.753,-1.414
1.586,-2.546
1.525,0.822
1.555,1.145
1.382,0.809
1.465,-0.668
1.32,-1.346
1.39,-0.211
1.247,-2.057
0.938,-2.679
0.705,-1.848
0.808,-0.078
0.822,-1.982
0.655,-0.317
0.627,-0.217
0.763,-1.863
0.589,0.363
0.196,-3.107
0.29,-3.27
0.234,-3.179
-1.69,-3.03
-1.755,-3.205
-1.71,-2.884
-2.025,-3.097
-2.17,-3.232
-2.348,-3.089
-2.702,-3.183
-2.927,-3.354
2.736,-3.076
2.602,-2.994
2.455,-3.382
2.266,-3.317
1.946,-3.089
1.151,-3.127
-0.399,1.406
-0.885,1.272
-0.95,1.219
-1.138,1.135
-2.052,1.086
-2.899,1.267
2.69,1.24
1.406,1.388
1.084,1.077
0.698,1.296
-2.161,-0.736
-0.645,-2.455
-1.008,-1.543
-2.346,-1.532
2.778,0.065
2.318,-2.167
2.054,0.008
1.998,-0.155
1.976,-1.853
1.97,-2.16
1.113,-1.546
1.205,-0.284
1.091,-1.391
1.019,0.119
0.467,-0.662
-0.255,-1.854
-2.278,0.414
-2.434,-0.881
2.735,0.274
2.025,-1.741
-0.793,-3.026
-0.626,1.179
-0.22,1.381
-2.172,1.262
-0.056,-0.03
0.027,-0.772
0.012,-1.748
0.007,-0.607
-0.09,-1.066
-0.173,-0.697
-0.108,-0.194
-0.187,-0.467
-0.141,-1.708
-0.207,0.937
-0.185,-0.871
-0.256,-1.703
-0.273,-1.054
-0.304,0.472
-0.313,-1.269
-0.343,-1.516
-0.404,-2.084
-0.408,-2.283
-0.476,0.293
-0.43,-2.1
-0.524,-1.174
-0.61,-2.237
-0.576,1.259
-0.636,-1.854
-0.647,0.175
-0.758,0.346
-0.688,-0.16
-0.813,-0.98
-0.903,0.113
-0.864,1.195
-0.97,-0.911
-1.017,-0.356
-1.017,0.09
-1.073,-0.432
-1.068,-0.56
-1.045,-0.182
-1.112,-2.352
-1.107,0.401
-1.223,-0.021
-1.316,-1.253
-1.245,-1.108
-1.306,-0.98
-1.344,-1.284
-1.484,-2.08
-1.553,0.198
-1.529,-1.512
-1.554,1.426
-1.645,1.019
-1.686,-2.494
-1.745,-0.39
-1.739,1.326
-1.935,-0.029
-2.032,-1.729
-2.125,0.316
-2.098,-1.505
-2.366,-0.798
-2.387,-1.331
-2.534,-2.448
-2.479,-0.117
-2.594,-0.254
-2.607,-0.426
-2.527,-0.585
-2.621,0.931
-2.713,-0.45
-2.802,0.672
-2.901,1.083
-2.91,0.023
-2.869,0.338
-3.112,-2.25
3.068,-0.116
3.104,-0.496
3.069,-1.629
3.132,-0.593
3.004,-0.414
2.99,0.156
2.956,0.323
2.995,-1.739
2.981,-0.436
2.959,0.47
2.957,-2.554
2.573,-0.689
2.477,0.798
2.493,-0.555
2.469,-2.392
2.497,0.119
2.445,-1.103
2.34,-1.525
2.383,-1.863
2.346,-0.738
2.306,0.731
2.229,-1.097
2.134,-0.475
2.039,-0.675
2.037,-0.552
1.853,1.015
1.82,0.403
1.78,-1.166
1.779,0.24
1.699,-0.644
1.664,0.053
1.725,-1.212
1.725,-0.578
1.661,-2.407
1.402,-0.784
1.456,-1.365
1.416,-0.539
1.408,-2.369
1.333,-1.218
1.387,0.538
1.378,-0.221
1.237,0.052
1.033,-2.38
1.05,-0.556
0.966,-1.755
0.941,-1.141
1.0,-0.654
0.942,-2.146
0.926,-0.507
0.981,-0.684
0.971,-2.515
0.901,-0.51
0.892,-0.609
0.669,1.224
0.591,-1.466
0.449,-1.595
0.361,0.068
0.401,0.746
0.329,-0.884
0.382,1.231
0.384,-0.209
-0.312,-2.793
-0.284,-2.858
-0.998,-2.95
-1.35,-2.63
-2.047,-2.745
-2.225,-2.855
-2.514,-2.95
-2.537,-3.056
-2.805,-3.008
3.101,-2.565
-3.104,-2.838
2.638,-2.711
2.631,-2.797
2.432,-2.729
1.78,-3.049
1.532,-2.659
1.271,-2.676
1.102,-2.779
0.996,-2.743
0.464,-2.88
-0.025,1.79
0.045,1.697
-0.18,1.735
-0.591,1.67
-1.19,1.803
-1.2,1.546
-2.559,1.49
-2.561,1.541
-2.996,1.463
3.038,1.692
3.04,1.754
2.164,1.489
1.943,1.759
1.942,1.764
1.085,1.605
1.009,1.568
0.587,1.847
0.434,1.616
-0.184,-1.506
-0.637,-2.141
-2.624,1.356
-2.69,0.358
1.518,-0.021
0.769,1.3
0.867,1.587
0.199,-1.532
0.138,-0.261
0.194,0.387
0.097,1.19
-0.036,-1.336
-0.127,-0.084
-0.104,-0.01
-0.141,-0.94
-0.133,-1.359
-0.145,-0.795
-0.302,-1.38
-0.357,-1.291
-0.513,1.041
-0.6,-0.882
-0.792,-0.347
-0.711,-0.632
-0.793,-1.235
-0.921,-2.478
-0.908,1.244
-0.785,0.879
-0.819,-0.184
-0.831,0.452
-0.869,-2.048
-1.045,0.622
-1.104,1.114
-0.997,-0.99
-1.336,0.196
-1.516,-0.832
-1.733,-1.206
-1.977,-0.185
-2.139,0.945
-2.034,-1.274
-2.195,-0.833
-2.228,-1.3
-2.245,-1.137
-2.291,0.037
-2.184,-1.404
-2.247,-1.639
-2.468,1.07
-2.416,-0.452
-2.438,-0.039
-2.501,-1.329
-2.499,-2.321
-2.631,-0.571
-2.531,0.255
-2.543,-0.654
-2.572,0.129
-2.728,-1.5
-2.805,-2.366
-2.644,0.865
-2.761,0.498
-2.898,-2.439
-2.902,1.383
-2.918,0.962
-3.045,-0.027
3.1,-1.897
3.089,0.383
3.001,0.844
3.009,-1.777
2.994,-1.491
2.855,-0.021
2.668,0.333
2.766,1.389
2.59,-0.975
2.521,-1.369
2.521,1.145
2.536,-1.523
2.295,-0.163
2.391,-1.154
2.285,0.702
2.168,-1.843
2.121,0.882
1.979,-2.067
1.887,1.388
1.752,0.034
1.872,-2.216
1.644,-0.195
1.71,-1.222
1.729,-1.079
1.562,-2.211
1.501,1.157
1.531,1.48
1.358,1.144
1.441,-0.333
1.296,-1.011
1.366,0.124
1.223,-1.722
0.914,-2.344
0.681,-1.513
0.784,0.257
0.798,-1.647
0.631,0.018
0.603,0.118
0.739,-1.528
0.565,0.698
0.172,-2.772
0.266,-2.935
0.21,-2.844
-1.714,-2.695
-1.779,-2.87
-1.734,-2.549
-2.049,-2.762
-2.194,-2.897
-2.372,-2.754
-2.726,-2.848
-2.951,-3.019
2.712,-2.741
2.578,-2.659
2.431,-3.047
2.242,-2.982
1.922,-2.754
1.127,-2.792
-0.423,1.741
-0.909,1.607
-0.974,1.554
-1.162,1.47
-2.076,1.421
-2.923,1.602
2.666,1.575
1.382,1.723
1.06,1.412
0.674,1.631
-2.185,-0.401
-0.669,-2.12
-1.032,-1.208
-2.37,-1.197
2.754,0.4
2.294,-1.832
2.03,0.343
1.974,0.18
1.952,-1.518
1.946,-1.825
1.089,-1.211
1.181,0.051
1.067,-1.056
0.995,0.454
0.443,-0.327
-0.279,-1.519
-2.302,0.749
-2.458,-0.546
2.711,0.609
2.001,-1.406
-0.817,-2.691
-0.65,1.514
-0.244,1.716
-2.196,1.597
0.083,-0.742
0.068,-1.718
0.063,-0.577
-0.034,-1.036
-0.117,-0.667
-0.052,-0.164
-0.131,-0.437
-0.085,-1.678
-0.151,0.967
-0.129,-0.841
-0.2,-1.673
-0.217,-1.024
-0.248,0.502
-0.257,-1.239
-0.287,-1.486
-0.348,-2.054
-0.352,-2.253
-0.42,0.323
-0.374,-2.07
-0.468,-1.144
-0.554,-2.207
-0.52,1.289
-0.58,-1.824
-0.591,0.205
-0.702,0.376
-0.632,-0.13
-0.757,-0.95
-0.847,0.143
-0.808,1.225
-0.914,-0.881
-0.961,-0.326
-0.961,0.12
-1.017,-0.402
-1.012,-0.53
-0.989,-0.152
-1.056,-2.322
-1.051,0.431
-1.167,0.009
-1.26,-1.223
-1.189,-1.078
-1.25,-0.95
-1.288,-1.254
-1.428,-2.05
-1.497,0.228
-1.473,-1.482
-1.498,1.456
-1.589,1.049
-1.63,-2.464
-1.689,-0.36
-1.683,1.356
-1.879,0.001
-1.976,-1.699
-2.069,0.346
-2.042,-1.475
-2.31,-0.768
-2.331,-1.301
-2.478,-2.418
-2.423,-0.087
-2.538,-0.224
-2.551,-0.396
-2.471,-0.555
-2.565,0.961
-2.657,-0.42
-2.746,0.702
-2.845,1.113
-2.854,0.053
-2.813,0.368
-3.056,-2.22
3.124,-0.086
-3.123,-0.466
3.125,-1.599
-3.095,-0.563
3.06,-0.384
3.046,0.186
3.012,0.353
3.051,-1.709
3.037,-0.406
3.015,0.5
3.013,-2.524
2.629,-0.659
2.533,0.828
2.549,-0.525
2.525,-2.362
2.553,0.149
2.501,-1.073
2.396,-1.495
2.439,-1.833
2.402,-0.708
2.362,0.761
2.285,-1.067
2.19,-0.445
2.095,-0.645
2.093,-0.522
1.909,1.045
1.876,0.433
1.836,-1.136
1.835,0.27
1.755,-0.614
1.72,0.083
1.781,-1.182
1.781,-0.548
1.717,-2.377
1.458,-0.754
1.512,-1.335
1.472,-0.509
1.464,-2.339
1.389,-1.188
1.443,0.568
1.434,-0.191
1.293,0.082
1.089,-2.35
1.106,-0.526
1.022,-1.725
0.997,-1.111
1.056,-0.624
0.998,-2.116
0.982,-0.477
1.037,-0.654
1.027,-2.485
0.957,-0.48
0.948,-0.579
0.725,1.254
0.647,-1.436
0.505,-1.565
0.417,0.098
0.457,0.776
0.385,-0.854
0.438,1.261
0.44,-0.179
-0.256,-2.763
-0.228,-2.828
-0.942,-2.92
-1.294,-2.6
-1.991,-2.715
-2.169,-2.825
-2.458,-2.92
-2.481,-3.026
-2.749,-2.978
-3.126,-2.535
-3.048,-2.808
2.694,-2.681
2.687,-2.767
2.488,-2.699
1.836,-3.019
1.588,-2.629
1.327,-2.646
1.158,-2.749
1.052,-2.713
0.52,-2.85
0.031,1.82
0.101,1.727
-0.124,1.765
-0.535,1.7
-1.134,1.833
-1.144,1.576
-2.503,1.52
-2.505,1.571
-2.94,1.493
3.094,1.722
3.096,1.784
2.22,1.519
1.999,1.789
1.998,1.794
1.141,1.635
1.065,1.598
0.643,1.877
0.49,1.646
-0.128,-1.476
-0.581,-2.111
-2.568,1.386
-2.634,0.388
1.574,0.009
0.825,1.33
0.923,1.617
0.255,-1.502
0.194,-0.231
0.25,0.417
0.153,1.22
0.02,-1.306
-0.071,-0.054
-0.048,0.02
-0.085,-0.91
-0.077,-1.329
-0.089,-0.765
-0.246,-1.35
-0.301,-1.261
-0.457,1.071
-0.544,-0.852
-0.736,-0.317
-0.655,-0.602
-0.737,-1.205
-0.865,-2.448
-0.852,1.274
-0.729,0.909
-0.763,-0.154
-0.775,0.482
-0.813,-2.018
-0.989,0.652
-1.048,1.144
-0.941,-0.96
-1.28,0.226
-1.46,-0.802
-1.677,-1.176
-1.921,-0.155
-2.083,0.975
-1.978,-1.244
-2.139,-0.803
-2.172,-1.27
-2.189,-1.107
-2.235,0.067
-2.128,-1.374
-2.191,-1.609
-2.412,1.1
-2.36,-0.422
-2.382,-0.009
-2.445,-1.299
-2.443,-2.291
-2.575,-0.541
-2.475,0.285
-2.487,-0.624
-2.516,0.159
-2.672,-1.47
-2.749,-2.336
-2.588,0.895
-2.705,0.528
-2.842,-2.409
-2.846,1.413
-2.862,0.992
-2.989,0.003
-3.127,-1.867
-3.138,0.413
3.057,0.874
3.065,-1.747
3.05,-1.461
2.911,0.009
2.724,0.363
2.822,1.419
2.646,-0.945
2.577,-1.339
2.577,1.175
2.592,-1.493
2.351,-0.133
2.447,-1.124
2.341,0.732
2.224,-1.813
2.177,0.912
2.035,-2.037
1.943,1.418
1.808,0.064
1.928,-2.186
1.7,-0.165
1.766,-1.192
1.785,-1.049
1.618,-2.181
1.557,1.187
1.587,1.51
1.414,1.174
1.497,-0.303
1.352,-0.981
1.422,0.154
1.279,-1.692
0.97,-2.314
0.737,-1.483
0.84,0.287
0.854,-1.617
0.687,0.048
0.659,0.148
0.795,-1.498
0.621,0.728
0.228,-2.742
0.322,-2.905
0.266,-2.814
-1.658,-2.665
-1.723,-2.84
-1.678,-2.519
-1.993,-2.732
-2.138,-2.867
-2.316,-2.724
-2.67,-2.818
-2.895,-2.989
2.768,-2.711
2.634,-2.629
2.487,-3.017
2.298,-2.952
1.978,-2.724
1.183,-2.762
-0.367,1.771
-0.853,1.637
-0.918,1.584
-1.106,1.5
-2.02,1.451
-2.867,1.632
2.722,1.605
1.438,1.753
1.116,1.442
0.73,1.661
-2.129,-0.371
-0.613,-2.09
-0.976,-1.178
-2.314,-1.167
2.81,0.43
2.35,-1.802
2.086,0.373
2.03,0.21
2.008,-1.488
2.002,-1.795
1.145,-1.181
1.237,0.081
1.123,-1.026
1.051,0.484
0.499,-0.297
-0.223,-1.489
-2.246,0.779
-2.402,-0.516
2.767,0.639
2.057,-1.376
-0.761,-2.661
-0.594,1.544
-0.188,1.746
-2.14,1.627
-0.015,-0.976
-0.02,0.165
-0.117,-0.294
-0.2,0.075
-0.135,0.578
-0.214,0.305
-0.168,-0.936
-0.234,1.709
-0.212,-0.099
-0.283,-0.931
-0.3,-0.282
-0.331,1.244
-0.34,-0.497
-0.37,-0.744
-0.431,-1.312
-0.435,-1.511
-0.503,1.065
-0.457,-1.328
-0.551,-0.402
-0.637,-1.465
-0.603,2.031
-0.663,-1.082
-0.674,0.947
-0.785,1.118
-0.715,0.612
-0.84,-0.208
-0.93,0.885
-0.891,1.967
-0.997,-0.139
-1.044,0.416
-1.044,0.862
-1.1,0.34
-1.095,0.212
-1.072,0.59
-1.139,-1.58
-1.134,1.173
-1.25,0.751
-1.343,-0.481
-1.272,-0.336
-1.333,-0.208
-1.371,-0.512
-1.511,-1.308
-1.58,0.97
-1.556,-0.74
-1.581,2.198
-1.672,1.791
-1.713,-1.722
-1.772,0.382
-1.766,2.098
-1.962,0.743
-2.059,-0.957
-2.152,1.088
-2.125,-0.733
-2.393,-0.026
-2.414,-0.559
-2.561,-1.676
-2.506,0.655
-2.621,0.518
-2.634,0.346
-2.554,0.187
-2.648,1.703
-2.74,0.322
-2.829,1.444
-2.928,1.855
-2.937,0.795
-2.896,1.11
-3.139,-1.478
3.041,0.656
3.077,0.276
3.042,-0.857
3.105,0.179
2.977,0.358
2.963,0.928
2.929,1.095
2.968,-0.967
2.954,0.336
2.932,1.242
2.93,-1.782
2.546,0.083
2.45,1.57
2.466,0.217
2.442,-1.62
2.47,0.891
2.418,-0.331
2.313,-0.753
2.356,-1.091
2.319,0.034
2.279,1.503
2.202,-0.325
2.107,0.297
2.012,0.097
2.01,0.22
1.826,1.787
1.793,1.175
1.753,-0.394
1.752,1.012
1.672,0.128
1.637,0.825
1.698,-0.44
1.698,0.194
1.634,-1.635
1.375,-0.012
1.429,-0.593
1.389,0.233
1.381,-1.597
1.306,-0.446
1.36,1.31
1.351,0.551
1.21,0.824
1.006,-1.608
1.023,0.216
0.939,-0.983
0.914,-0.369
0.973,0.118
0.915,-1.374
0.899,0.265
0.954,0.088
0.944,-1.743
0.874,0.262
0.865,0.163
0.642,1.996
0.564,-0.694
0.422,-0.823
0.334,0.84
0.374,1.518
0.302,-0.112
0.355,2.003
0.357,0.563
-0.339,-2.021
-0.311,-2.086
-1.025,-2.178
-1.377,-1.858
-2.074,-1.973
-2.252,-2.083
-2.541,-2.178
-2.564,-2.284
-2.832,-2.236
3.074,-1.793
-3.131,-2.066
2.611,-1.939
2.604,-2.025
2.405,-1.957
1.753,-2.277
1.505,-1.887
1.244,-1.904
1.075,-2.007
0.969,-1.971
0.437,-2.108
-0.052,2.562
0.018,2.469
-0.207,2.507
-0.618,2.442
-1.217,2.575
-1.227,2.318
-2.586,2.262
-2.588,2.313
-3.023,2.235
3.011,2.464
3.013,2.526
2.137,2.261
1.916,2.531
1.915,2.536
1.058,2.377
0.982,2.34
0.56,2.619
0.407,2.388
-0.211,-0.734
-0.664,-1.369
-2.651,2.128
-2.717,1.13
1.491,0.751
0.742,2.072
0.84,2.359
0.172,-0.76
0.111,0.511
0.167,1.159
0.07,1.962
-0.063,-0.564
-0.154,0.688
-0.131,0.762
-0.168,-0.168
-0.16,-0.587
-0.172,-0.023
-0.329,-0.608
-0.384,-0.519
-0.54,1.813
-0.627,-0.11
-0.819,0.425
-0.738,0.14
-0.82,-0.463
-0.948,-1.706
-0.935,2.016
-0.812,1.651
-0.846,0.588
-0.858,1.224
-0.896,-1.276
-1.072,1.394
-1.131,1.886
-1.024,-0.218
-1.363,0.968
-1.543,-0.06
-1.76,-0.434
-2.004,0.587
-2.166,1.717
-2.061,-0.502
-2.222,-0.061
-2.255,-0.528
-2.272,-0.365
-2.318,0.809
-2.211,-0.632
-2.274,-0.867
-2.495,1.842
-2.443,0.32
-2.465,0.733
-2.528,-0.557
-2.526,-1.549
-2.658,0.201
-2.558,1.027
-2.57,0.118
-2.599,0.901
-2.755,-0.728
-2.832,-1.594
-2.671,1.637
-2.788,1.27
-2.925,-1.667
-2.929,2.155
-2.945,1.734
-3.072,0.745
3.073,-1.125
3.062,1.155
2.974,1.616
2.982,-1.005
2.967,-0.719
2.828,0.751
2.641,1.105
2.739,2.161
2.563,-0.203
2.494,-0.597
2.494,1.917
2.509,-0.751
2.268,0.609
2.364,-0.382
2.258,1.474
2.141,-1.071
2.094,1.654
1.952,-1.295
1.86,2.16
1.725,0.806
1.845,-1.444
1.617,0.577
1.683,-0.45
1.702,-0.307
1.535,-1.439
1.474,1.929
1.504,2.252
1.331,1.916
1.414,0.439
1.269,-0.239
1.339,0.896
1.196,-0.95
0.887,-1.572
0.654,-0.741
0.757,1.029
0.771,-0.875
0.604,0.79
0.576,0.89
0.712,-0.756
0.538,1.47
0.145,-2.0
0.239,-2.163
0.183,-2.072
-1.741,-1.923
-1.806,-2.098
-1.761,-1.777
-2.076,-1.99
-2.221,-2.125
-2.399,-1.982
-2.753,-2.076
-2.978,-2.247
2.685,-1.969
2.551,-1.887
2.404,-2.275
2.215,-2.21
1.895,-1.982
1.1,-2.02
-0.45,2.513
-0.936,2.379
-1.001,2.326
-1.189,2.242
-2.103,2.193
-2.95,2.374
2.639,2.347
1.355,2.495
1.033,2.184
0.647,2.403
-2.212,0.371
-0.696,-1.348
-1.059,-0.436
-2.397,-0.425
2.727,1.172
2.267,-1.06
2.003,1.115
1.947,0.952
1.925,-0.746
1.919,-1.053
1.062,-0.439
1.154,0.823
1.04,-0.284
0.968,1.226
0.416,0.445
-0.306,-0.747
-2.329,1.521
-2.485,0.226
2.684,1.381
1.974,-0.634
-0.844,-1.919
-0.677,2.286
-0.271,2.488
-2.223,2.369
-0.005,1.141
-0.102,0.682
-0.185,1.051
-0.12,1.554
-0.199,1.281
-0.153,0.04
-0.219,2.685
-0.197,0.877
-0.268,0.045
-0.285,0.694
-0.316,2.22
-0.325,0.479
-0.355,0.232
-0.416,-0.336
-0.42,-0.535
-0.488,2.041
-0.442,-0.352
-0.536,0.574
-0.622,-0.489
-0.588,3.007
-0.648,-0.106
-0.659,1.923
-0.77,2.094
-0.7,1.588
-0.825,0.768
-0.915,1.861
-0.876,2.943
-0.982,0.837
-1.029,1.392
-1.029,1.838
-1.085,1.316
-1.08,1.188
-1.057,1.566
-1.124,-0.604
-1.119,2.149
-1.235,1.727
-1.328,0.495
-1.257,0.64
-1.318,0.768
-1.356,0.464
-1.496,-0.332
-1.565,1.946
-1.541,0.236
-1.566,3.174
-1.657,2.767
-1.698,-0.746
-1.757,1.358
-1.751,3.074
-1.947,1.719
-2.044,0.019
-2.137,2.064
-2.11,0.243
-2.378,0.95
-2.399,0.417
-2.546,-0.7
-2.491,1.631
-2.606,1.494
-2.619,1.322
-2.539,1.163
-2.633,2.679
-2.725,1.298
-2.814,2.42
-2.913,2.831
-2.922,1.771
-2.881,2.086
-3.124,-0.502
3.056,1.632
3.092,1.252
3.057,0.119
3.12,1.155
2.992,1.334
2.978,1.904
2.944,2.071
2.983,0.009
2.969,1.312
2.947,2.218
2.945,-0.806
2.561,1.059
2.465,2.546
2.481,1.193
2.457,-0.644
2.485,1.867
2.433,0.645
2.328,0.223
2.371,-0.115
2.334,1.01
2.294,2.479
2.217,0.651
2.122,1.273
2.027,1.073
2.025,1.196
1.841,2.763
1.808,2.151
1.768,0.582
1.767,1.988
1.687,1.104
1.652,1.801
1.713,0.536
1.713,1.17
1.649,-0.659
1.39,0.964
1.444,0.383
1.404,1.209
1.396,-0.621
1.321,0.53
1.375,2.286
1.366,1.527
1.225,1.8
1.021,-0.632
1.038,1.192
0.954,-0.007
0.929,0.607
0.988,1.094
0.93,-0.398
0.914,1.241
0.969,1.064
0.959,-0.767
0.889,1.238
0.88,1.139
0.657,2.972
0.579,0.282
0.437,0.153
0.349,1.816
0.389,2.494
0.317,0.864
0.37,2.979
0.372,1.539
-0.324,-1.045
-0.296,-1.11
-1.01,-1.202
-1.362,-0.882
-2.059,-0.997
-2.237,-1.107
-2.526,-1.202
-2.549,-1.308
-2.817,-1.26
3.089,-0.817
-3.116,-1.09
2.626,-0.963
2.619,-1.049
2.42,-0.981
1.768,-1.301
1.52,-0.911
1.259,-0.928
1.09,-1.031
0.984,-0.995
0.452,-1.132
-0.037,3.538
0.033,3.445
-0.192,3.483
-0.603,3.418
-1.202,3.551
-1.212,3.294
-2.571,3.238
-2.573,3.289
-3.008,3.211
3.026,3.44
3.028,3.502
2.152,3.237
1.931,3.507
1.93,3.512
1.073,3.353
0.997,3.316
0.575,3.595
0.422,3.364
-0.196,0.242
-0.649,-0.393
-2.636,3.104
-2.702,2.106
1.506,1.727
0.757,3.048
0.855,3.335
0.187,0.216
0.126,1.487
0.182,2.135
0.085,2.938
-0.048,0.412
-0.139,1.664
-0.116,1.738
-0.153,0.808
-0.145,0.389
-0.157,0.953
-0.314,0.368
-0.369,0.457
-0.525,2.789
-0.612,0.866
-0.804,1.401
-0.723,1.116
-0.805,0.513
-0.933,-0.73
-0.92,2.992
-0.797,2.627
-0.831,1.564
-0.843,2.2
-0.881,-0.3
-1.057,2.37
-1.116,2.862
-1.009,0.758
-1.348,1.944
-1.528,0.916
-1.745,0.542
-1.989,1.563
-2.151,2.693
-2.046,0.474
-2.207,0.915
-2.24,0.448
-2.257,0.611
-2.303,1.785
-2.196,0.344
-2.259,0.109
-2.48,2.818
-2.428,1.296
-2.45,1.709
-2.513,0.419
-2.511,-0.573
-2.643,1.177
-2.543,2.003
-2.555,1.094
-2.584,1.877
-2.74,0.248
-2.817,-0.618
-2.656,2.613
-2.773,2.246
-2.91,-0.691
-2.914,3.131
-2.93,2.71
-3.057,1.721
3.088,-0.149
3.077,2.131
2.989,2.592
2.997,-0.029
2.982,0.257
2.843,1.727
2.656,2.081
2.754,3.137
2.578,0.773
2.509,0.379
2.509,2.893
2.524,0.225
2.283,1.585
2.379,0.594
2.273,2.45
2.156,-0.095
2.109,2.63
1.967,-0.319
1.875,3.136
1.74,1.782
1.86,-0.468
1.632,1.553
1.698,0.526
1.717,0.669
1.55,-0.463
1.489,2.905
1.519,3.228
1.346,2.892
1.429,1.415
1.284,0.737
1.354,1.872
1.211,0.026
0.902,-0.596
0.669,0.235
0.772,2.005
0.786,0.101
0.619,1.766
0.591,1.866
0.727,0.22
0.553,2.446
0.16,-1.024
0.254,-1.187
0.198,-1.096
-1.726,-0.947
-1.791,-1.122
-1.746,-0.801
-2.061,-1.014
-2.206,-1.149
-2.384,-1.006
-2.738,-1.1
-2.963,-1.271
2.7,-0.993
2.566,-0.911
2.419,-1.299
2.23,-1.234
1.91,-1.006
1.115,-1.044
-0.435,3.489
-0.921,3.355
-0.986,3.302
-1.174,3.218
-2.088,3.169
-2.935,3.35
2.654,3.323
1.37,3.471
1.048,3.16
0.662,3.379
-2.197,1.347
-0.681,-0.372
-1.044,0.54
-2.382,0.551
2.742,2.148
2.282,-0.084
2.018,2.091
1.962,1.928
1.94,0.23
1.934,-0.077
1.077,0.537
1.169,1.799
1.055,0.692
0.983,2.202
0.431,1.421
-0.291,0.229
-2.314,2.497
-2.47,1.202
2.699,2.357
1.989,0.342
-0.829,-0.943
-0.662,3.262
-0.256,3.464
-2.208,3.345
-0.097,-0.459
-0.18,-0.09
-0.115,0.413
-0.194,0.14
-0.148,-1.101
-0.214,1.544
-0.192,-0.264
-0.263,-1.096
-0.28,-0.447
-0.311,1.079
-0.32,-0.662
-0.35,-0.909
-0.411,-1.477
-0.415,-1.676
-0.483,0.9
-0.437,-1.493
-0.531,-0.567
-0.617,-1.63
-0.583,1.866
-0.643,-1.247
-0.654,0.782
-0.765,0.953
-0.695,0.447
-0.82,-0.373
-0.91,0.72
-0.871,1.802
-0.977,-0.304
-1.024,0.251
-1.024,0.697
-1.08,0.175
-1.075,0.047
-1.052,0.425
-1.119,-1.745
-1.114,1.008
-1.23,0.586
-1.323,-0.646
-1.252,-0.501
-1.313,-0.373
-1.351,-0.677
-1.491,-1.473
-1.56,0.805
-1.536,-0.905
-1.561,2.033
-1.652,1.626
-1.693,-1.887
-1.752,0.217
-1.746,1.933
-1.942,0.578
-2.039,-1.122
-2.132,0.923
-2.105,-0.898
-2.373,-0.191
-2.394,-0.724
-2.541,-1.841
-2.486,0.49
-2.601,0.353
-2.614,0.181
-2.534,0.022
-2.628,1.538
-2.72,0.157
-2.809,1.279
-2.908,1.69
-2.917,0.63
-2.876,0.945
-3.119,-1.643
3.061,0.491
3.097,0.111
3.062,-1.022
3.125,0.014
2.997,0.193
2.983,0.763
2.949,0.93
2.988,-1.132
2.974,0.171
2.952,1.077
2.95,-1.947
2.566,-0.082
2.47,1.405
2.486,0.052
2.462,-1.785
2.49,0.726
2.438,-0.496
2.333,-0.918
2.376,-1.256
2.339,-0.131
2.299,1.338
2.222,-0.49
2.127,0.132
2.032,-0.068
2.03,0.055
1.846,1.622
1.813,1.01
1.773,-0.559
1.772,0.847
1.692,-0.037
1.657,0.66
1.718,-0.605
1.718,0.029
1.654,-1.8
1.395,-0.177
1.449,-0.758
1.409,0.068
1.401,-1.762
1.326,-0.611
1.38,1.145
1.371,0.386
1.23,0.659
1.026,-1.773
1.043,0.051
0.959,-1.148
0.934,-0.534
0.993,-0.047
0.935,-1.539
0.919,0.1
0.974,-0.077
0.964,-1.908
0.894,0.097
0.885,-0.002
0.662,1.831
0.584,-0.859
0.442,-0.988
0.354,0.675
0.394,1.353
0.322,-0.277
0.375,1.838
0.377,0.398
-0.319,-2.186
-0.291,-2.251
-1.005,-2.343
-1.357,-2.023
-2.054,-2.138
-2.232,-2.248
-2.521,-2.343
-2.544,-2.449
-2.812,-2.401
3.094,-1.958
-3.111,-2.231
2.631,-2.104
2.624,-2.19
2.425,-2.122
1.773,-2.442
1.525,-2.052
1.264,-2.069
1.095,-2.172
0.989,-2.136
0.457,-2.273
-0.032,2.397
0.038,2.304
-0.187,2.342
-0.598,2.277
-1.197,2.41
-1.207,2.153
-2.566,2.097
-2.568,2.148
-3.003,2.07
3.031,2.299
3.033,2.361
2.157,2.096
1.936,2.366
1.935,2.371
1.078,2.212
1.002,2.175
0.58,2.454
0.427,2.223
-0.191,-0.899
-0.644,-1.534
-2.631,1.963
-2.697,0.965
1.511,0.586
0.762,1.907
0.86,2.194
0.192,-0.925
0.131,0.346
0.187,0.994
0.09,1.797
-0.043,-0.729
-0.134,0.523
-0.111,0.597
-0.148,-0.333
-0.14,-0.752
-0.152,-0.188
-0.309,-0.773
-0.364,-0.684
-0.52,1.648
-0.607,-0.275
-0.799,0.26
-0.718,-0.025
-0.8,-0.628
-0.928,-1.871
-0.915,1.851
-0.792,1.486
-0.826,0.423
-0.838,1.059
-0.876,-1.441
-1.052,1.229
-1.111,1.721
-1.004,-0.383
-1.343,0.803
-1.523,-0.225
-1.74,-0.599
-1.984,0.422
-2.146,1.552
-2.041,-0.667
-2.202,-0.226
-2.235,-0.693
-2.252,-0.53
-2.298,0.644
-2.191,-0.797
-2.254,-1.032
-2.475,1.677
-2.423,0.155
-2.445,0.568
-2.508,-0.722
-2.506,-1.714
-2.638,0.036
-2.538,0.862
-2.55,-0.047
-2.579,0.736
-2.735,-0.893
-2.812,-1.759
-2.651,1.472
-2.768,1.105
-2.905,-1.832
-2.909,1.99
-2.925,1.569
-3.052,0.58
3.093,-1.29
3.082,0.99
2.994,1.451
3.002,-1.17
2.987,-0.884
2.848,0.586
2.661,0.94
2.759,1.996
2.583,-0.368
2.514,-0.762
2.514,1.752
2.529,-0.916
2.288,0.444
2.384,-0.547
2.278,1.309
2.161,-1.236
2.114,1.489
1.972,-1.46
1.88,1.995
1.745,0.641
1.865,-1.609
1.637,0.412
1.703,-0.615
1.722,-0.472
1.555,-1.604
1.494,1.764
1.524,2.087
1.351,1.751
1.434,0.274
1.289,-0.404
1.359,0.731
1.216,-1.115
0.907,-1.737
0.674,-0.906
0.777,0.864
0.791,-1.04
0.624,0.625
0.596,0.725
0.732,-0.921
0.558,1.305
0.165,-2.165
0.259,-2.328
0.203,-2.237
-1.721,-2.088
-1.786,-2.263
-1.741,-1.942
-2.056,-2.155
-2.201,-2.29
-2.379,-2.147
-2.733,-2.241
-2.958,-2.412
2.705,-2.134
2.571,-2.052
2.424,-2.44
2.235,-2.375
1.915,-2.147
1.12,-2.185
-0.43,2.348
-0.916,2.214
-0.981,2.161
-1.169,2.077
-2.083,2.028
-2.93,2.209
2.659,2.182
1.375,2.33
1.053,2.019
0.667,2.238
-2.192,0.206
-0.676,-1.513
-1.039,-0.601
-2.377,-0.59
2.747,1.007
2.287,-1.225
2.023,0.95
1.967,0.787
1.945,-0.911
1.939,-1.218
1.082,-0.604
1.174,0.658
1.06,-0.449
0.988,1.061
0.436,0.28
-0.286,-0.912
-2.309,1.356
-2.465,0.061
2.704,1.216
1.994,-0.799
-0.824,-2.084
-0.657,2.121
-0.251,2.323
-2.203,2.204
-0.083,0.369
-0.018,0.872
-0.097,0.599
-0.051,-0.642
-0.117,2.003
-0.095,0.195
-0.166,-0.637
-0.183,0.012
-0.214,1.538
-0.223,-0.203
-0.253,-0.45
-0.314,-1.018
-0.318,-1.217
-0.386,1.359
-0.34,-1.034
-0.434,-0.108
-0.52,-1.171
-0.486,2.325
-0.546,-0.788
-0.557,1.241
-0.668,1.412
-0.598,0.906
-0.723,0.086
-0.813,1.179
-0.774,2.261
-0.88,0.155
-0.927,0.71
-0.927,1.156
-0.983,0.634
-0.978,0.506
-0.955,0.884
-1.022,-1.286
-1.017,1.467
-1.133,1.045
-1.226,-0.187
-1.155,-0.042
-1.216,0.086
-1.254,-0.218
-1.394,-1.014
-1.463,1.264
-1.439,-0.446
-1.464,2.492
-1.555,2.085
-1.596,-1.428
-1.655,0.676
-1.649,2.392
-1.845,1.037
-1.942,-0.663
-2.035,1.382
-2.008,-0.439
-2.276,0.268
-2.297,-0.265
-2.444,-1.382
-2.389,0.949
-2.504,0.812
-2.517,0.64
-2.437,0.481
-2.531,1.997
-2.623,0.616
-2.712,1.738
-2.811,2.149
-2.82,1.089
-2.779,1.404
-3.022,-1.184
-3.125,0.95
-3.089,0.57
-3.124,-0.563
-3.061,0.473
3.094,0.652
3.08,1.222
3.046,1.389
3.085,-0.673
3.071,0.63
3.049,1.536
3.047,-1.488
2.663,0.377
2.567,1.864
2.583,0.511
2.559,-1.326
2.587,1.185
2.535,-0.037
2.43,-0.459
2.473,-0.797
2.436,0.328
2.396,1.797
2.319,-0.031
2.224,0.591
2.129,0.391
2.127,0.514
1.943,2.081
1.91,1.469
1.87,-0.1
1.869,1.306
1.789,0.422
1.754,1.119
1.815,-0.146
1.815,0.488
1.751,-1.341
1.492,0.282
1.546,-0.299
1.506,0.527
1.498,-1.303
1.423,-0.152
1.477,1.604
1.468,0.845
1.327,1.118
1.123,-1.314
1.14,0.51
1.056,-0.689
1.031,-0.075
1.09,0.412
1.032,-1.08
1.016,0.559
1.071,0.382
1.061,-1.449
0.991,0.556
0.982,0.457
0.759,2.29
0.681,-0.4
0.539,-0.529
0.451,1.134
0.491,1.812
0.419,0.182
0.472,2.297
0.474,0.857
-0.222,-1.727
-0.194,-1.792
-0.908,-1.884
-1.26,-1.564
-1.957,-1.679
-2.135,-1.789
-2.424,-1.884
-2.447,-1.99
-2.715,-1.942
-3.092,-1.499
-3.014,-1.772
2.728,-1.645
2.721,-1.731
2.522,-1.663
1.87,-1.983
1.622,-1.593
1.361,-1.61
1.192,-1.713
1.086,-1.677
0.554,-1.814
0.065,2.856
0.135,2.763
-0.09,2.801
-0.501,2.736
-1.1,2.869
-1.11,2.612
-2.469,2.556
-2.471,2.607
-2.906,2.529
3.128,2.758
3.13,2.82
2.254,2.555
2.033,2.825
2.032,2.83
1.175,2.671
1.099,2.634
0.677,2.913
0.524,2.682
-0.094,-0.44
-0.547,-1.075
-2.534,2.422
-2.6,1.424
1.608,1.045
0.859,2.366
0.957,2.653
0.289,-0.466
0.228,0.805
0.284,1.453
0.187,2.256
0.054,-0.27
-0.037,0.982
-0.014,1.056
-0.051,0.126
-0.043,-0.293
-0.055,0.271
-0.212,-0.314
-0.267,-0.225
-0.423,2.107
-0.51,0.184
-0.702,0.719
-0.621,0.434
-0.703,-0.169
-0.831,-1.412
-0.818,2.31
-0.695,1.945
-0.729,0.882
-0.741,1.518
-0.779,-0.982
-0.955,1.688
-1.014,2.18
-0.907,0.076
-1.246,1.262
-1.426,0.234
-1.643,-0.14
-1.887,0.881
-2.049,2.011
-1.944,-0.208
-2.105,0.233
-2.138,-0.234
-2.155,-0.071
-2.201,1.103
-2.094,-0.338
-2.157,-0.573
-2.378,2.136
-2.326,0.614
-2.348,1.027
-2.411,-0.263
-2.409,-1.255
-2.541,0.495
-2.441,1.321
-2.453,0.412
-2.482,1.195
-2.638,-0.434
-2.715,-1.3
-2.554,1.931
-2.671,1.564
-2.808,-1.373
-2.812,2.449
-2.828,2.028
-2.955,1.039
-3.093,-0.831
-3.104,1.449
3.091,1.91
3.099,-0.711
3.084,-0.425
2.945,1.045
2.758,1.399
2.856,2.455
2.68,0.091
2.611,-0.303
2.611,2.211
2.626,-0.457
2.385,0.903
2.481,-0.088
2.375,1.768
2.258,-0.777
2.211,1.948
2.069,-1.001
1.977,2.454
1.842,1.1
1.962,-1.15
1.734,0.871
1.8,-0.156
1.819,-0.013
1.652,-1.145
1.591,2.223
1.621,2.546
1.448,2.21
1.531,0.733
1.386,0.055
1.456,1.19
1.313,-0.656
1.004,-1.278
0.771,-0.447
0.874,1.323
0.888,-0.581
0.721,1.084
0.693,1.184
0.829,-0.462
0.655,1.764
0.262,-1.706
0.356,-1.869
0.3,-1.778
-1.624,-1.629
-1.689,-1.804
-1.644,-1.483
-1.959,-1.696
-2.104,-1.831
-2.282,-1.688
-2.636,-1.782
-2.861,-1.953
2.802,-1.675
2.668,-1.593
2.521,-1.981
2.332,-1.916
2.012,-1.688
1.217,-1.726
-0.333,2.807
-0.819,2.673
-0.884,2.62
-1.072,2.536
-1.986,2.487
-2.833,2.668
2.756,2.641
1.472,2.789
1.15,2.478
0.764,2.697
-2.095,0.665
-0.579,-1.054
-0.942,-0.142
-2.28,-0.131
2.844,1.466
2.384,-0.766
2.12,1.409
2.064,1.246
2.042,-0.452
2.036,-0.759
1.179,-0.145
1.271,1.117
1.157,0.01
1.085,1.52
0.533,0.739
-0.189,-0.453
-2.212,1.815
-2.368,0.52
2.801,1.675
2.091,-0.34
-0.727,-1.625
-0.56,2.58
-0.154,2.782
-2.106,2.663
0.065,0.503
-0.014,0.23
0.032,-1.011
-0.034,1.634
-0.012,-0.174
-0.083,-1.006
-0.1,-0.357
-0.131,1.169
-0.14,-0.572
-0.17,-0.819
-0.231,-1.387
-0.235,-1.586
-0.303,0.99
-0.257,-1.403
-0.351,-0.477
-0.437,-1.54
-0.403,1.956
-0.463,-1.157
-0.474,0.872
-0.585,1.043
-0.515,0.537
-0.64,-0.283
-0.73,0.81
-0.691,1.892
-0.797,-0.214
-0.844,0.341
-0.844,0.787
-0.9,0.265
-0.895,0.137
-0.872,0.515
-0.939,-1.655
-0.934,1.098
-1.05,0.676
-1.143,-0.556
-1.072,-0.411
-1.133,-0.283
-1.171,-0.587
-1.311,-1.383
-1.38,0.895
-1.356,-0.815
-1.381,2.123
-1.472,1.716
-1.513,-1.797
-1.572,0.307
-1.566,2.023
-1.762,0.668
-1.859,-1.032
-1.952,1.013
-1.925,-0.808
-2.193,-0.101
-2.214,-0.634
-2.361,-1.751
-2.306,0.58
-2.421,0.443
-2.434,0.271
-2.354,0.112
-2.448,1.628
-2.54,0.247
-2.629,1.369
-2.728,1.78
-2.737,0.72
-2.696,1.035
-2.939,-1.553
-3.042,0.581
-3.006,0.201
-3.041,-0.932
-2.978,0.104
-3.106,0.283
-3.12,0.853
3.129,1.02
-3.115,-1.042
-3.129,0.261
3.132,1.167
3.13,-1.857
2.746,0.008
2.65,1.495
2.666,0.142
2.642,-1.695
2.67,0.816
2.618,-0.406
2.513,-0.828
2.556,-1.166
2.519,-0.041
2.479,1.428
2.402,-0.4
2.307,0.222
2.212,0.022
2.21,0.145
2.026,1.712
1.993,1.1
1.953,-0.469
1.952,0.937
1.872,0.053
1.837,0.75
1.898,-0.515
1.898,0.119
1.834,-1.71
1.575,-0.087
1.629,-0.668
1.589,0.158
1.581,-1.672
1.506,-0.521
1.56,1.235
1.551,0.476
1.41,0.749
1.206,-1.683
1.223,0.141
1.139,-1.058
1.114,-0.444
1.173,0.043
1.115,-1.449
1.099,0.19
1.154,0.013
1.144,-1.818
1.074,0.187
1.065,0.088
0.842,1.921
0.764,-0.769
0.622,-0.898
0.534,0.765
0.574,1.443
0.502,-0.187
0.555,1.928
0.557,0.488
-0.139,-2.096
-0.111,-2.161
-0.825,-2.253
-1.177,-1.933
-1.874,-2.048
-2.052,-2.158
-2.341,-2.253
-2.364,-2.359
-2.632,-2.311
-3.009,-1.868
-2.931,-2.141
2.811,-2.014
2.804,-2.1
2.605,-2.032
1.953,-2.352
1.705,-1.962
1.444,-1.979
1.275,-2.082
1.169,-2.046
0.637,-2.183
0.148,2.487
0.218,2.394
-0.007,2.432
-0.418,2.367
-1.017,2.5
-1.027,2.243
-2.386,2.187
-2.388,2.238
-2.823,2.16
-3.072,2.389
-3.07,2.451
2.337,2.186
2.116,2.456
2.115,2.461
1.258,2.302
1.182,2.265
0.76,2.544
0.607,2.313
-0.011,-0.809
-0.464,-1.444
-2.451,2.053
-2.517,1.055
1.691,0.676
0.942,1.997
1.04,2.284
0.372,-0.835
0.311,0.436
0.367,1.084
0.27,1.887
0.137,-0.639
0.046,0.613
0.069,0.687
0.032,-0.243
0.04,-0.662
0.028,-0.098
-0.129,-0.683
-0.184,-0.594
-0.34,1.738
-0.427,-0.185
-0.619,0.35
-0.538,0.065
-0.62,-0.538
-0.748,-1.781
-0.735,1.941
-0.612,1.576
-0.646,0.513
-0.658,1.149
-0.696,-1.351
-0.872,1.319
-0.931,1.811
-0.824,-0.293
-1.163,0.893
-1.343,-0.135
-1.56,-0.509
-1.804,0.512
-1.966,1.642
-1.861,-0.577
-2.022,-0.136
-2.055,-0.603
-2.072,-0.44
-2.118,0.734
-2.011,-0.707
-2.074,-0.942
-2.295,1.767
-2.243,0.245
-2.265,0.658
-2.328,-0.632
-2.326,-1.624
-2.458,0.126
-2.358,0.952
-2.37,0.043
-2.399,0.826
-2.555,-0.803
-2.632,-1.669
-2.471,1.562
-2.588,1.195
-2.725,-1.742
-2.729,2.08
-2.745,1.659
-2.872,0.67
-3.01,-1.2
-3.021,1.08
-3.109,1.541
-3.101,-1.08
-3.116,-0.794
3.028,0.676
2.841,1.03
2.939,2.086
2.763,-0.278
2.694,-0.672
2.694,1.842
2.709,-0.826
2.468,0.534
2.564,-0.457
2.458,1.399
2.341,-1.146
2.294,1.579
2.152,-1.37
2.06,2.085
1.925,0.731
2.045,-1.519
1.817,0.502
1.883,-0.525
1.902,-0.382
1.735,-1.514
1.674,1.854
1.704,2.177
1.531,1.841
1.614,0.364
1.469,-0.314
1.539,0.821
1.396,-1.025
1.087,-1.647
0.854,-0.816
0.957,0.954
0.971,-0.95
0.804,0.715
0.776,0.815
0.912,-0.831
0.738,1.395
0.345,-2.075
0.439,-2.238
0.383,-2.147
-1.541,-1.998
-1.606,-2.173
-1.561,-1.852
-1.876,-2.065
-2.021,-2.2
-2.199,-2.057
-2.553,-2.151
-2.778,-2.322
2.885,-2.044
2.751,-1.962
2.604,-2.35
2.415,-2.285
2.095,-2.057
1.3,-2.095
-0.25,2.438
-0.736,2.304
-0.801,2.251
-0.989,2.167
-1.903,2.118
-2.75,2.299
2.839,2.272
1.555,2.42
1.233,2.109
0.847,2.328
-2.012,0.296
-0.496,-1.423
-0.859,-0.511
-2.197,-0.5
2.927,1.097
2.467,-1.135
2.203,1.04
2.147,0.877
2.125,-0.821
2.119,-1.128
1.262,-0.514
1.354,0.748
1.24,-0.359
1.168,1.151
0.616,0.37
-0.106,-0.822
-2.129,1.446
-2.285,0.151
2.884,1.306
2.174,-0.709
-0.644,-1.994
-0.477,2.211
-0.071,2.413
-2.023,2.294
-0.079,-0.273
-0.033,-1.514
-0.099,1.131
-0.077,-0.677
-0.148,-1.509
-0.165,-0.86
-0.196,0.666
-0.205,-1.075
-0.235,-1.322
-0.296,-1.89
-0.3,-2.089
-0.368,0.487
-0.322,-1.906
-0.416,-0.98
-0.502,-2.043
-0.468,1.453
-0.528,-1.66
-0.539,0.369
-0.65,0.54
-0.58,0.034
-0.705,-0.786
-0.795,0.307
-0.756,1.389
-0.862,-0.717
-0.909,-0.162
-0.909,0.284
-0.965,-0.238
-0.96,-0.366
-0.937,0.012
-1.004,-2.158
-0.999,0.595
-1.115,0.173
-1.208,-1.059
-1.137,-0.914
-1.198,-0.786
-1.236,-1.09
-1.376,-1.886
-1.445,0.392
-1.421,-1.318
-1.446,1.62
-1.537,1.213
-1.578,-2.3
-1.637,-0.196
-1.631,1.52
-1.827,0.165
-1.924,-1.535
-2.017,0.51
-1.99,-1.311
-2.258,-0.604
-2.279,-1.137
-2.426,-2.254
-2.371,0.077
-2.486,-0.06
-2.499,-0.232
-2.419,-0.391
-2.513,1.125
-2.605,-0.256
-2.694,0.866
-2.793,1.277
-2.802,0.217
-2.761,0.532
-3.004,-2.056
-3.107,0.078
-3.071,-0.302
-3.106,-1.435
-3.043,-0.399
3.112,-0.22
3.098,0.35
3.064,0.517
3.103,-1.545
3.089,-0.242
3.067,0.664
3.065,-2.36
2.681,-0.495
2.585,0.992
2.601,-0.361
2.577,-2.198
2.605,0.313
2.553,-0.909
2.448,-1.331
2.491,-1.669
2.454,-0.544
2.414,0.925
2.337,-0.903
2.242,-0.281
2.147,-0.481
2.145,-0.358
1.961,1.209
1.928,0.597
1.888,-0.972
1.887,0.434
1.807,-0.45
1.772,0.247
1.833,-1.018
1.833,-0.384
1.769,-2.213
1.51,-0.59
1.564,-1.171
1.524,-0.345
1.516,-2.175
1.441,-1.024
1.495,0.732
1.486,-0.027
1.345,0.246
1.141,-2.186
1.158,-0.362
1.074,-1.561
1.049,-0.947
1.108,-0.46
1.05,-1.952
1.034,-0.313
1.089,-0.49
1.079,-2.321
1.009,-0.316
1.0,-0.415
0.777,1.418
0.699,-1.272
0.557,-1.401
0.469,0.262
0.509,0.94
0.437,-0.69
0.49,1.425
0.492,-0.015
-0.204,-2.599
-0.176,-2.664
-0.89,-2.756
-1.242,-2.436
-1.939,-2.551
-2.117,-2.661
-2.406,-2.756
-2.429,-2.862
-2.697,-2.814
-3.074,-2.371
-2.996,-2.644
2.746,-2.517
2.739,-2.603
2.54,-2.535
1.888,-2.855
1.64,-2.465
1.379,-2.482
1.21,-2.585
1.104,-2.549
0.572,-2.686
0.083,1.984
0.153,1.891
-0.072,1.929
-0.483,1.864
-1.082,1.997
-1.092,1.74
-2.451,1.684
-2.453,1.735
-2.888,1.657
-3.137,1.886
-3.135,1.948
2.272,1.683
2.051,1.953
2.05,1.958
1.193,1.799
1.117,1.762
0.695,2.041
0.542,1.81
-0.076,-1.312
-0.529,-1.947
-2.516,1.55
-2.582,0.552
1.626,0.173
0.877,1.494
0.975,1.781
0.307,-1.338
0.246,-0.067
0.302,0.581
0.205,1.384
0.072,-1.142
-0.019,0.11
0.004,0.184
-0.033,-0.746
-0.025,-1.165
-0.037,-0.601
-0.194,-1.186
-0.249,-1.097
-0.405,1.235
-0.492,-0.688
-0.684,-0.153
-0.603,-0.438
-0.685,-1.041
-0.813,-2.284
-0.8,1.438
-0.677,1.073
-0.711,0.01
-0.723,0.646
-0.761,-1.854
-0.937,0.816
-0.996,1.308
-0.889,-0.796
-1.228,0.39
-1.408,-0.638
-1.625,-1.012
-1.869,0.009
-2.031,1.139
-1.926,-1.08
-2.087,-0.639
-2.12,-1.106
-2.137,-0.943
-2.183,0.231
-2.076,-1.21
-2.139,-1.445
-2.36,1.264
-2.308,-0.258
-2.33,0.155
-2.393,-1.135
-2.391,-2.127
-2.523,-0.377
-2.423,0.449
-2.435,-0.46
-2.464,0.323
-2.62,-1.306
-2.697,-2.172
-2.536,1.059
-2.653,0.692
-2.79,-2.245
-2.794,1.577
-2.81,1.156
-2.937,0.167
-3.075,-1.703
-3.086,0.577
3.109,1.038
3.117,-1.583
3.102,-1.297
2.963,0.173
2.776,0.527
2.874,1.583
2.698,-0.781
2.629,-1.175
2.629,1.339
2.644,-1.329
2.403,0.031
2.499,-0.96
2.393,0.896
2.276,-1.649
2.229,1.076
2.087,-1.873
1.995,1.582
1.86,0.228
1.98,-2.022
1.752,-0.001
1.818,-1.028
1.837,-0.885
1.67,-2.017
1.609,1.351
1.639,1.674
1.466,1.338
1.549,-0.139
1.404,-0.817
1.474,0.318
1.331,-1.528
1.022,-2.15
0.789,-1.319
0.892,0.451
0.906,-1.453
0.739,0.212
0.711,0.312
0.847,-1.334
0.673,0.892
0.28,-2.578
0.374,-2.741
0.318,-2.65
-1.606,-2.501
-1.671,-2.676
-1.626,-2.355
-1.941,-2.568
-2.086,-2.703
-2.264,-2.56
-2.618,-2.654
-2.843,-2.825
2.82,-2.547
2.686,-2.465
2.539,-2.853
2.35,-2.788
2.03,-2.56
1.235,-2.598
-0.315,1.935
-0.801,1.801
-0.866,1.748
-1.054,1.664
-1.968,1.615
-2.815,1.796
2.774,1.769
1.49,1.917
1.168,1.606
0.782,1.825
-2.077,-0.207
-0.561,-1.926
-0.924,-1.014
-2.262,-1.003
2.862,0.594
2.402,-1.638
2.138,0.537
2.082,0.374
2.06,-1.324
2.054,-1.631
1.197,-1.017
1.289,0.245
1.175,-0.862
1.103,0.648
0.551,-0.133
-0.171,-1.325
-2.194,0.943
-2.35,-0.352
2.819,0.803
2.109,-1.212
-0.709,-2.497
-0.542,1.708
-0.136,1.91
-2.088,1.791
0.046,-1.241
-0.02,1.404
0.002,-0.404
-0.069,-1.236
-0.086,-0.587
-0.117,0.939
-0.126,-0.802
-0.156,-1.049
-0.217,-1.617
-0.221,-1.816
-0.289,0.76
-0.243,-1.633
-0.337,-0.707
-0.423,-1.77
-0.389,1.726
-0.449,-1.387
-0.46,0.642
-0.571,0.813
-0.501,0.307
-0.626,-0.513
-0.716,0.58
-0.677,1.662
-0.783,-0.444
-0.83,0.111
-0.83,0.557
-0.886,0.035
-0.881,-0.093
-0.858,0.285
-0.925,-1.885
-0.92,0.868
-1.036,0.446
-1.129,-0.786
-1.058,-0.641
-1.119,-0.513
-1.157,-0.817
-1.297,-1.613
-1.366,0.665
-1.342,-1.045
-1.367,1.893
-1.458,1.486
-1.499,-2.027
-1.558,0.077
-1.552,1.793
-1.748,0.438
-1.845,-1.262
-1.938,0.783
-1.911,-1.038
-2.179,-0.331
-2.2,-0.864
-2.347,-1.981
-2.292,0.35
-2.407,0.213
-2.42,0.041
-2.34,-0.118
-2.434,1.398
-2.526,0.017
-2.615,1.139
-2.714,1.55
-2.723,0.49
-2.682,0.805
-2.925,-1.783
-3.028,0.351
-2.992,-0.029
-3.027,-1.162
-2.964,-0.126
-3.092,0.053
-3.106,0.623
-3.14,0.79
-3.101,-1.272
-3.115,0.031
-3.137,0.937
-3.139,-2.087
2.76,-0.222
2.664,1.265
2.68,-0.088
2.656,-1.925
2.684,0.586
2.632,-0.636
2.527,-1.058
2.57,-1.396
2.533,-0.271
2.493,1.198
2.416,-0.63
2.321,-0.008
2.226,-0.208
2.224,-0.085
2.04,1.482
2.007,0.87
1.967,-0.699
1.966,0.707
1.886,-0.177
1.851,0.52
1.912,-0.745
1.912,-0.111
1.848,-1.94
1.589,-0.317
1.643,-0.898
1.603,-0.072
1.595,-1.902
1.52,-0.751
1.574,1.005
1.565,0.246
1.424,0.519
1.22,-1.913
1.237,-0.089
1.153,-1.288
1.128,-0.674
1.187,-0.187
1.129,-1.679
1.113,-0.04
1.168,-0.217
1.158,-2.048
1.088,-0.043
1.079,-0.142
0.856,1.691
0.778,-0.999
0.636,-1.128
0.548,0.535
0.588,1.213
0.516,-0.417
0.569,1.698
0.571,0.258
-0.125,-2.326
-0.097,-2.391
-0.811,-2.483
-1.163,-2.163
-1.86,-2.278
-2.038,-2.388
-2.327,-2.483
-2.35,-2.589
-2.618,-2.541
-2.995,-2.098
-2.917,-2.371
2.825,-2.244
2.818,-2.33
2.619,-2.262
1.967,-2.582
1.719,-2.192
1.458,-2.209
1.289,-2.312
1.183,-2.276
0.651,-2.413
0.162,2.257
0.232,2.164
0.007,2.202
-0.404,2.137
-1.003,2.27
-1.013,2.013
-2.372,1.957
-2.374,2.008
-2.809,1.93
-3.058,2.159
-3.056,2.221
2.351,1.956
2.13,2.226
2.129,2.231
1.272,2.072
1.196,2.035
0.774,2.314
0.621,2.083
0.003,-1.039
-0.45,-1.674
-2.437,1.823
-2.503,0.825
1.705,0.446
0.956,1.767
1.054,2.054
0.386,-1.065
0.325,0.206
0.381,0.854
0.284,1.657
0.151,-0.869
0.06,0.383
0.083,0.457
0.046,-0.473
0.054,-0.892
0.042,-0.328
-0.115,-0.913
-0.17,-0.824
-0.326,1.508
-0.413,-0.415
-0.605,0.12
-0.524,-0.165
-0.606,-0.768
-0.734,-2.011
-0.721,1.711
-0.598,1.346
-0.632,0.283
-0.644,0.919
-0.682,-1.581
-0.858,1.089
-0.917,1.581
-0.81,-0.523
-1.149,0.663
-1.329,-0.365
-1.546,-0.739
-1.79,0.282
-1.952,1.412
-1.847,-0.807
-2.008,-0.366
-2.041,-0.833
-2.058,-0.67
-2.104,0.504
-1.997,-0.937
-2.06,-1.172
-2.281,1.537
-2.229,0.015
-2.251,0.428
-2.314,-0.862
-2.312,-1.854
-2.444,-0.104
-2.344,0.722
-2.356,-0.187
-2.385,0.596
-2.541,-1.033
-2.618,-1.899
-2.457,1.332
-2.574,0.965
-2.711,-1.972
-2.715,1.85
-2.731,1.429
-2.858,0.44
-2.996,-1.43
-3.007,0.85
-3.095,1.311
-3.087,-1.31
-3.102,-1.024
3.042,0.446
2.855,0.8
2.953,1.856
2.777,-0.508
2.708,-0.902
2.708,1.612
2.723,-1.056
2.482,0.304
2.578,-0.687
2.472,1.169
2.355,-1.376
2.308,1.349
2.166,-1.6
2.074,1.855
1.939,0.501
2.059,-1.749
1.831,0.272
1.897,-0.755
1.916,-0.612
1.749,-1.744
1.688,1.624
1.718,1.947
1.545,1.611
1.628,0.134
1.483,-0.544
1.553,0.591
1.41,-1.255
1.101,-1.877
0.868,-1.046
0.971,0.724
0.985,-1.18
0.818,0.485
0.79,0.585
0.926,-1.061
0.752,1.165
0.359,-2.305
0.453,-2.468
0.397,-2.377
-1.527,-2.228
-1.592,-2.403
-1.547,-2.082
-1.862,-2.295
-2.007,-2.43
-2.185,-2.287
-2.539,-2.381
-2.764,-2.552
2.899,-2.274
2.765,-2.192
2.618,-2.58
2.429,-2.515
2.109,-2.287
1.314,-2.325
-0.236,2.208
-0.722,2.074
-0.787,2.021
-0.975,1.937
-1.889,1.888
-2.736,2.069
2.853,2.042
1.569,2.19
1.247,1.879
0.861,2.098
-1.998,0.066
-0.482,-1.653
-0.845,-0.741
-2.183,-0.73
2.941,0.867
2.481,-1.365
2.217,0.81
2.161,0.647
2.139,-1.051
2.133,-1.358
1.276,-0.744
1.368,0.518
1.254,-0.589
1.182,0.921
0.63,0.14
-0.092,-1.052
-2.115,1.216
-2.271,-0.079
2.898,1.076
2.188,-0.939
-0.63,-2.224
-0.463,1.981
-0.057,2.183
-2.009,2.064
-0.066,2.645
-0.044,0.837
-0.115,0.005
-0.132,0.654
-0.163,2.18
-0.172,0.439
-0.202,0.192
-0.263,-0.376
-0.267,-0.575
-0.335,2.001
-0.289,-0.392
-0.383,0.534
-0.469,-0.529
-0.435,2.967
-0.495,-0.146
-0.506,1.883
-0.617,2.054
-0.547,1.548
-0.672,0.728
-0.762,1.821
-0.723,2.903
-0.829,0.797
-0.876,1.352
-0.876,1.798
-0.932,1.276
-0.927,1.148
-0.904,1.526
-0.971,-0.644
-0.966,2.109
-1.082,1.687
-1.175,0.455
-1.104,0.6
-1.165,0.728
-1.203,0.424
-1.343,-0.372
-1.412,1.906
-1.388,0.196
-1.413,3.134
-1.504,2.727
-1.545,-0.786
-1.604,1.318
-1.598,3.034
-1.794,1.679
-1.891,-0.021
-1.984,2.024
-1.957,0.203
-2.225,0.91
-2.246,0.377
-2.393,-0.74
-2.338,1.591
-2.453,1.454
-2.466,1.282
-2.386,1.123
-2.48,2.639
-2.572,1.258
-2.661,2.38
-2.76,2.791
-2.769,1.731
-2.728,2.046
-2.971,-0.542
-3.074,1.592
-3.038,1.212
-3.073,0.079
-3.01,1.115
-3.138,1.294
3.131,1.864
3.097,2.031
3.136,-0.031
3.122,1.272
3.1,2.178
3.098,-0.846
2.714,1.019
2.618,2.506
2.634,1.153
2.61,-0.684
2.638,1.827
2.586,0.605
2.481,0.183
2.524,-0.155
2.487,0.97
2.447,2.439
2.37,0.611
2.275,1.233
2.18,1.033
2.178,1.156
1.994,2.723
1.961,2.111
1.921,0.542
1.92,1.948
1.84,1.064
1.805,1.761
1.866,0.496
1.866,1.13
1.802,-0.699
1.543,0.924
1.597,0.343
1.557,1.169
1.549,-0.661
1.474,0.49
1.528,2.246
1.519,1.487
1.378,1.76
1.174,-0.672
1.191,1.152
1.107,-0.047
1.082,0.567
1.141,1.054
1.083,-0.438
1.067,1.201
1.122,1.024
1.112,-0.807
1.042,1.198
1.033,1.099
0.81,2.932
0.732,0.242
0.59,0.113
0.502,1.776
0.542,2.454
0.47,0.824
0.523,2.939
0.525,1.499
-0.171,-1.085
-0.143,-1.15
-0.857,-1.242
-1.209,-0.922
-1.906,-1.037
-2.084,-1.147
-2.373,-1.242
-2.396,-1.348
-2.664,-1.3
-3.041,-0.857
-2.963,-1.13
2.779,-1.003
2.772,-1.089
2.573,-1.021
1.921,-1.341
1.673,-0.951
1.412,-0.968
1.243,-1.071
1.137,-1.035
0.605,-1.172
0.116,3.498
0.186,3.405
-0.039,3.443
-0.45,3.378
-1.049,3.511
-1.059,3.254
-2.418,3.198
-2.42,3.249
-2.855,3.171
-3.104,3.4
-3.102,3.462
2.305,3.197
2.084,3.467
2.083,3.472
1.226,3.313
1.15,3.276
0.728,3.555
0.575,3.324
-0.043,0.202
-0.496,-0.433
-2.483,3.064
-2.549,2.066
1.659,1.687
0.91,3.008
1.008,3.295
0.34,0.176
0.279,1.447
0.335,2.095
0.238,2.898
0.105,0.372
0.014,1.624
0.037,1.698
0.0,0.768
0.008,0.349
-0.004,0.913
-0.161,0.328
-0.216,0.417
-0.372,2.749
-0.459,0.826
-0.651,1.361
-0.57,1.076
-0.652,0.473
-0.78,-0.77
-0.767,2.952
-0.644,2.587
-0.678,1.524
-0.69,2.16
-0.728,-0.34
-0.904,2.33
-0.963,2.822
-0.856,0.718
-1.195,1.904
-1.375,0.876
-1.592,0.502
-1.836,1.523
-1.998,2.653
-1.893,0.434
-2.054,0.875
-2.087,0.408
-2.104,0.571
-2.15,1.745
-2.043,0.304
-2.106,0.069
-2.327,2.778
-2.275,1.256
-2.297,1.669
-2.36,0.379
-2.358,-0.613
-2.49,1.137
-2.39,1.963
-2.402,1.054
-2.431,1.837
-2.587,0.208
-2.664,-0.658
-2.503,2.573
-2.62,2.206
-2.757,-0.731
-2.761,3.091
-2.777,2.67
-2.904,1.681
-3.042,-0.189
-3.053,2.091
-3.141,2.552
-3.133,-0.069
3.135,0.217
2.996,1.687
2.809,2.041
2.907,3.097
2.731,0.733
2.662,0.339
2.662,2.853
2.677,0.185
2.436,1.545
2.532,0.554
2.426,2.41
2.309,-0.135
2.262,2.59
2.12,-0.359
2.028,3.096
1.893,1.742
2.013,-0.508
1.785,1.513
1.851,0.486
1.87,0.629
1.703,-0.503
1.642,2.865
1.672,3.188
1.499,2.852
1.582,1.375
1.437,0.697
1.507,1.832
1.364,-0.014
1.055,-0.636
0.822,0.195
0.925,1.965
0.939,0.061
0.772,1.726
0.744,1.826
0.88,0.18
0.706,2.406
0.313,-1.064
0.407,-1.227
0.351,-1.136
-1.573,-0.987
-1.638,-1.162
-1.593,-0.841
-1.908,-1.054
-2.053,-1.189
-2.231,-1.046
-2.585,-1.14
-2.81,-1.311
2.853,-1.033
2.719,-0.951
2.572,-1.339
2.383,-1.274
2.063,-1.046
1.268,-1.084
-0.282,3.449
-0.768,3.315
-0.833,3.262
-1.021,3.178
-1.935,3.129
-2.782,3.31
2.807,3.283
1.523,3.431
1.201,3.12
0.815,3.339
-2.044,1.307
-0.528,-0.412
-0.891,0.5
-2.229,0.511
2.895,2.108
2.435,-0.124
2.171,2.051
2.115,1.888
2.093,0.19
2.087,-0.117
1.23,0.497
1.322,1.759
1.208,0.652
1.136,2.162
0.584,1.381
-0.138,0.189
-2.161,2.457
-2.317,1.162
2.852,2.317
2.142,0.302
-0.676,-0.983
-0.509,3.222
-0.103,3.424
-2.055,3.305
0.022,-1.808
-0.049,-2.64
-0.066,-1.991
-0.097,-0.465
-0.106,-2.206
-0.136,-2.453
-0.197,-3.021
-0.201,-3.22
-0.269,-0.644
-0.223,-3.037
-0.317,-2.111
-0.403,-3.174
-0.369,0.322
-0.429,-2.791
-0.44,-0.762
-0.551,-0.591
-0.481,-1.097
-0.606,-1.917
-0.696,-0.824
-0.657,0.258
-0.763,-1.848
-0.81,-1.293
-0.81,-0.847
-0.866,-1.369
-0.861,-1.497
-0.838,-1.119
-0.905,-3.289
-0.9,-0.536
-1.016,-0.958
-1.109,-2.19
-1.038,-2.045
-1.099,-1.917
-1.137,-2.221
-1.277,-3.017
-1.346,-0.739
-1.322,-2.449
-1.347,0.489
-1.438,0.082
-1.479,-3.431
-1.538,-1.327
-1.532,0.389
-1.728,-0.966
-1.825,-2.666
-1.918,-0.621
-1.891,-2.442
-2.159,-1.735
-2.18,-2.268
-2.327,-3.385
-2.272,-1.054
-2.387,-1.191
-2.4,-1.363
-2.32,-1.522
-2.414,-0.006
-2.506,-1.387
-2.595,-0.265
-2.694,0.146
-2.703,-0.914
-2.662,-0.599
-2.905,-3.187
-3.008,-1.053
-2.972,-1.433
-3.007,-2.566
-2.944,-1.53
-3.072,-1.351
-3.086,-0.781
-3.12,-0.614
-3.081,-2.676
-3.095,-1.373
-3.117,-0.467
-3.119,-3.491
2.78,-1.626
2.684,-0.139
2.7,-1.492
2.676,-3.329
2.704,-0.818
2.652,-2.04
2.547,-2.462
2.59,-2.8
2.553,-1.675
2.513,-0.206
2.436,-2.034
2.341,-1.412
2.246,-1.612
2.244,-1.489
2.06,0.078
2.027,-0.534
1.987,-2.103
1.986,-0.697
1.906,-1.581
1.871,-0.884
1.932,-2.149
1.932,-1.515
1.868,-3.344
1.609,-1.721
1.663,-2.302
1.623,-1.476
1.615,-3.306
1.54,-2.155
1.594,-0.399
1.585,-1.158
1.444,-0.885
1.24,-3.317
1.257,-1.493
1.173,-2.692
1.148,-2.078
1.207,-1.591
1.149,-3.083
1.133,-1.444
1.188,-1.621
1.178,-3.452
1.108,-1.447
1.099,-1.546
0.876,0.287
0.798,-2.403
0.656,-2.532
0.568,-0.869
0.608,-0.191
0.536,-1.821
0.589,0.294
0.591,-1.146
-0.105,-3.73
-0.077,-3.795
-0.791,-3.887
-1.143,-3.567
-1.84,-3.682
-2.018,-3.792
-2.307,-3.887
-2.33,-3.993
-2.598,-3.945
-2.975,-3.502
-2.897,-3.775
2.845,-3.648
2.838,-3.734
2.639,-3.666
1.987,-3.986
1.739,-3.596
1.478,-3.613
1.309,-3.716
1.203,-3.68
0.671,-3.817
0.182,0.853
0.252,0.76
0.027,0.798
-0.384,0.733
-0.983,0.866
-0.993,0.609
-2.352,0.553
-2.354,0.604
-2.789,0.526
-3.038,0.755
-3.036,0.817
2.371,0.552
2.15,0.822
2.149,0.827
1.292,0.668
1.216,0.631
0.794,0.91
0.641,0.679
0.023,-2.443
-0.43,-3.078
-2.417,0.419
-2.483,-0.579
1.725,-0.958
0.976,0.363
1.074,0.65
0.406,-2.469
0.345,-1.198
0.401,-0.55
0.304,0.253
0.171,-2.273
0.08,-1.021
0.103,-0.947
0.066,-1.877
0.074,-2.296
0.062,-1.732
-0.095,-2.317
-0.15,-2.228
-0.306,0.104
-0.393,-1.819
-0.585,-1.284
-0.504,-1.569
-0.586,-2.172
-0.714,-3.415
-0.701,0.307
-0.578,-0.058
-0.612,-1.121
-0.624,-0.485
-0.662,-2.985
-0.838,-0.315
-0.897,0.177
-0.79,-1.927
-1.129,-0.741
-1.309,-1.769
-1.526,-2.143
-1.77,-1.122
-1.932,0.008
-1.827,-2.211
-1.988,-1.77
-2.021,-2.237
-2.038,-2.074
-2.084,-0.9
-1.977,-2.341
-2.04,-2.576
-2.261,0.133
-2.209,-1.389
-2.231,-0.976
-2.294,-2.266
-2.292,-3.258
-2.424,-1.508
-2.324,-0.682
-2.336,-1.591
-2.365,-0.808
-2.521,-2.437
-2.598,-3.303
-2.437,-0.072
-2.554,-0.439
-2.691,-3.376
-2.695,0.446
-2.711,0.025
-2.838,-0.964
-2.976,-2.834
-2.987,-0.554
-3.075,-0.093
-3.067,-2.714
-3.082,-2.428
3.062,-0.958
2.875,-0.604
2.973,0.452
2.797,-1.912
2.728,-2.306
2.728,0.208
2.743,-2.46
2.502,-1.1
2.598,-2.091
2.492,-0.235
2.375,-2.78
2.328,-0.055
2.186,-3.004
2.094,0.451
1.959,-0.903
2.079,-3.153
1.851,-1.132
1.917,-2.159
1.936,-2.016
1.769,-3.148
1.708,0.22
1.738,0.543
1.565,0.207
1.648,-1.27
1.503,-1.948
1.573,-0.813
1.43,-2.659
1.121,-3.281
0.888,-2.45
0.991,-0.68
1.005,-2.584
0.838,-0.919
0.81,-0.819
0.946,-2.465
0.772,-0.239
0.379,-3.709
0.473,-3.872
0.417,-3.781
-1.507,-3.632
-1.572,-3.807
-1.527,-3.486
-1.842,-3.699
-1.987,-3.834
-2.165,-3.691
-2.519,-3.785
-2.744,-3.956
2.919,-3.678
2.785,-3.596
2.638,-3.984
2.449,-3.919
2.129,-3.691
1.334,-3.729
-0.216,0.804
-0.702,0.67
-0.767,0.617
-0.955,0.533
-1.869,0.484
-2.716,0.665
2.873,0.638
1.589,0.786
1.267,0.475
0.881,0.694
-1.978,-1.338
-0.462,-3.057
-0.825,-2.145
-2.163,-2.134
2.961,-0.537
2.501,-2.769
2.237,-0.594
2.181,-0.757
2.159,-2.455
2.153,-2.762
1.296,-2.148
1.388,-0.886
1.274,-1.993
1.202,-0.483
0.65,-1.264
-0.072,-2.456
-2.095,-0.188
-2.251,-1.483
2.918,-0.328
2.208,-2.343
-0.61,-3.628
-0.443,0.577
-0.037,0.779
-1.989,0.66
-0.071,-0.832
-0.088,-0.183
-0.119,1.343
-0.128,-0.398
-0.158,-0.645
-0.219,-1.213
-0.223,-1.412
-0.291,1.164
-0.245,-1.229
-0.339,-0.303
-0.425,-1.366
-0.391,2.13
-0.451,-0.983
-0.462,1.046
-0.573,1.217
-0.503,0.711
-0.628,-0.109
-0.718,0.984
-0.679,2.066
-0.785,-0.04
-0.832,0.515
-0.832,0.961
-0.888,0.439
-0.883,0.311
-0.86,0.689
-0.927,-1.481
-0.922,1.272
-1.038,0.85
-1.131,-0.382
-1.06,-0.237
-1.121,-0.109
-1.159,-0.413
-1.299,-1.209
-1.368,1.069
-1.344,-0.641
-1.369,2.297
-1.46,1.89
-1.501,-1.623
-1.56,0.481
-1.554,2.197
-1.75,0.842
-1.847,-0.858
-1.94,1.187
-1.913,-0.634
-2.181,0.073
-2.202,-0.46
-2.349,-1.577
-2.294,0.754
-2.409,0.617
-2.422,0.445
-2.342,0.286
-2.436,1.802
-2.528,0.421
-2.617,1.543
-2.716,1.954
-2.725,0.894
-2.684,1.209
-2.927,-1.379
-3.03,0.755
-2.994,0.375
-3.029,-0.758
-2.966,0.278
-3.094,0.457
-3.108,1.027
3.141,1.194
-3.103,-0.868
-3.117,0.435
-3.139,1.341
-3.141,-1.683
2.758,0.182
2.662,1.669
2.678,0.316
2.654,-1.521
2.682,0.99
2.63,-0.232
2.525,-0.654
2.568,-0.992
2.531,0.133
2.491,1.602
2.414,-0.226
2.319,0.396
2.224,0.196
2.222,0.319
2.038,1.886
2.005,1.274
1.965,-0.295
1.964,1.111
1.884,0.227
1.849,0.924
1.91,-0.341
1.91,0.293
1.846,-1.536
1.587,0.087
1.641,-0.494
1.601,0.332
1.593,-1.498
1.518,-0.347
1.572,1.409
1.563,0.65
1.422,0.923
1.218,-1.509
1.235,0.315
1.151,-0.884
1.126,-0.27
1.185,0.217
1.127,-1.275
1.111,0.364
1.166,0.187
1.156,-1.644
1.086,0.361
1.077,0.262
0.854,2.095
0.776,-0.595
0.634,-0.724
0.546,0.939
0.586,1.617
0.514,-0.013
0.567,2.102
0.569,0.662
-0.127,-1.922
-0.099,-1.987
-0.813,-2.079
-1.165,-1.759
-1.862,-1.874
-2.04,-1.984
-2.329,-2.079
-2.352,-2.185
-2.62,-2.137
-2.997,-1.694
-2.919,-1.967
2.823,-1.84
2.816,-1.926
2.617,-1.858
1.965,-2.178
1.717,-1.788
1.456,-1.805
1.287,-1.908
1.181,-1.872
0.649,-2.009
0.16,2.661
0.23,2.568
0.005,2.606
-0.406,2.541
-1.005,2.674
-1.015,2.417
-2.374,2.361
-2.376,2.412
-2.811,2.334
-3.06,2.563
-3.058,2.625
2.349,2.36
2.128,2.63
2.127,2.635
1.27,2.476
1.194,2.439
0.772,2.718
0.619,2.487
0.001,-0.635
-0.452,-1.27
-2.439,2.227
-2.505,1.229
1.703,0.85
0.954,2.171
1.052,2.458
0.384,-0.661
0.323,0.61
0.379,1.258
0.282,2.061
0.149,-0.465
0.058,0.787
0.081,0.861
0.044,-0.069
0.052,-0.488
0.04,0.076
-0.117,-0.509
-0.172,-0.42
-0.328,1.912
-0.415,-0.011
-0.607,0.524
-0.526,0.239
-0.608,-0.364
-0.736,-1.607
-0.723,2.115
-0.6,1.75
-0.634,0.687
-0.646,1.323
-0.684,-1.177
-0.86,1.493
-0.919,1.985
-0.812,-0.119
-1.151,1.067
-1.331,0.039
-1.548,-0.335
-1.792,0.686
-1.954,1.816
-1.849,-0.403
-2.01,0.038
-2.043,-0.429
-2.06,-0.266
-2.106,0.908
-1.999,-0.533
-2.062,-0.768
-2.283,1.941
-2.231,0.419
-2.253,0.832
-2.316,-0.458
-2.314,-1.45
-2.446,0.3
-2.346,1.126
-2.358,0.217
-2.387,1.0
-2.543,-0.629
-2.62,-1.495
-2.459,1.736
-2.576,1.369
-2.713,-1.568
-2.717,2.254
-2.733,1.833
-2.86,0.844
-2.998,-1.026
-3.009,1.254
-3.097,1.715
-3.089,-0.906
-3.104,-0.62
3.04,0.85
2.853,1.204
2.951,2.26
2.775,-0.104
2.706,-0.498
2.706,2.016
2.721,-0.652
2.48,0.708
2.576,-0.283
2.47,1.573
2.353,-0.972
2.306,1.753
2.164,-1.196
2.072,2.259
1.937,0.905
2.057,-1.345
1.829,0.676
1.895,-0.351
1.914,-0.208
1.747,-1.34
1.686,2.028
1.716,2.351
1.543,2.015
1.626,0.538
1.481,-0.14
1.551,0.995
1.408,-0.851
1.099,-1.473
0.866,-0.642
0.969,1.128
0.983,-0.776
0.816,0.889
0.788,0.989
0.924,-0.657
0.75,1.569
0.357,-1.901
0.451,-2.064
0.395,-1.973
-1.529,-1.824
-1.594,-1.999
-1.549,-1.678
-1.864,-1.891
-2.009,-2.026
-2.187,-1.883
-2.541,-1.977
-2.766,-2.148
2.897,-1.87
2.763,-1.788
2.616,-2.176
2.427,-2.111
2.107,-1.883
1.312,-1.921
-0.238,2.612
-0.724,2.478
-0.789,2.425
-0.977,2.341
-1.891,2.292
-2.738,2.473
2.851,2.446
1.567,2.594
1.245,2.283
0.859,2.502
-2.0,0.47
-0.484,-1.249
-0.847,-0.337
-2.185,-0.326
2.939,1.271
2.479,-0.961
2.215,1.214
2.159,1.051
2.137,-0.647
2.131,-0.954
1.274,-0.34
1.366,0.922
1.252,-0.185
1.18,1.325
0.628,0.544
-0.094,-0.648
-2.117,1.62
-2.273,0.325
2.896,1.48
2.186,-0.535
-0.632,-1.82
-0.465,2.385
-0.059,2.587
-2.011,2.468
-0.017,0.649
-0.048,2.175
-0.057,0.434
-0.087,0.187
-0.148,-0.381
-0.152,-0.58
-0.22,1.996
-0.174,-0.397
-0.268,0.529
-0.354,-0.534
-0.32,2.962
-0.38,-0.151
-0.391,1.878
-0.502,2.049
-0.432,1.543
-0.557,0.723
-0.647,1.816
-0.608,2.898
-0.714,0.792
-0.761,1.347
-0.761,1.793
-0.817,1.271
-0.812,1.143
-0.789,1.521
-0.856,-0.649
-0.851,2.104
-0.967,1.682
-1.06,0.45
-0.989,0.595
-1.05,0.723
-1.088,0.419
-1.228,-0.377
-1.297,1.901
-1.273,0.191
-1.298,3.129
-1.389,2.722
-1.43,-0.791
-1.489,1.313
-1.483,3.029
-1.679,1.674
-1.776,-0.026
-1.869,2.019
-1.842,0.198
-2.11,0.905
-2.131,0.372
-2.278,-0.745
-2.223,1.586
-2.338,1.449
-2.351,1.277
-2.271,1.118
-2.365,2.634
-2.457,1.253
-2.546,2.375
-2.645,2.786
-2.654,1.726
-2.613,2.041
-2.856,-0.547
-2.959,1.587
-2.923,1.207
-2.958,0.074
-2.895,1.11
-3.023,1.289
-3.037,1.859
-3.071,2.026
-3.032,-0.036
-3.046,1.267
-3.068,2.173
-3.07,-0.851
2.829,1.014
2.733,2.501
2.749,1.148
2.725,-0.689
2.753,1.822
2.701,0.6
2.596,0.178
2.639,-0.16
2.602,0.965
2.562,2.434
2.485,0.606
2.39,1.228
2.295,1.028
2.293,1.151
2.109,2.718
2.076,2.106
2.036,0.537
2.035,1.943
1.955,1.059
1.92,1.756
1.981,0.491
1.981,1.125
1.917,-0.704
1.658,0.919
1.712,0.338
1.672,1.164
1.664,-0.666
1.589,0.485
1.643,2.241
1.634,1.482
1.493,1.755
1.289,-0.677
1.306,1.147
1.222,-0.052
1.197,0.562
1.256,1.049
1.198,-0.443
1.182,1.196
1.237,1.019
1.227,-0.812
1.157,1.193
1.148,1.094
0.925,2.927
0.847,0.237
0.705,0.108
0.617,1.771
0.657,2.449
0.585,0.819
0.638,2.934
0.64,1.494
-0.056,-1.09
-0.028,-1.155
-0.742,-1.247
-1.094,-0.927
-1.791,-1.042
-1.969,-1.152
-2.258,-1.247
-2.281,-1.353
-2.549,-1.305
-2.926,-0.862
-2.848,-1.135
2.894,-1.008
2.887,-1.094
2.688,-1.026
2.036,-1.346
1.788,-0.956
1.527,-0.973
1.358,-1.076
1.252,-1.04
0.72,-1.177
0.231,3.493
0.301,3.4
0.076,3.438
-0.335,3.373
-0.934,3.506
-0.944,3.249
-2.303,3.193
-2.305,3.244
-2.74,3.166
-2.989,3.395
-2.987,3.457
2.42,3.192
2.199,3.462
2.198,3.467
1.341,3.308
1.265,3.271
0.843,3.55
0.69,3.319
0.072,0.197
-0.381,-0.438
-2.368,3.059
-2.434,2.061
1.774,1.682
1.025,3.003
1.123,3.29
0.455,0.171
0.394,1.442
0.45,2.09
0.353,2.893
0.22,0.367
0.129,1.619
0.152,1.693
0.115,0.763
0.123,0.344
0.111,0.908
-0.046,0.323
-0.101,0.412
-0.257,2.744
-0.344,0.821
-0.536,1.356
-0.455,1.071
-0.537,0.468
-0.665,-0.775
-0.652,2.947
-0.529,2.582
-0.563,1.519
-0.575,2.155
-0.613,-0.345
-0.789,2.325
-0.848,2.817
-0.741,0.713
-1.08,1.899
-1.26,0.871
-1.477,0.497
-1.721,1.518
-1.883,2.648
-1.778,0.429
-1.939,0.87
-1.972,0.403
-1.989,0.566
-2.035,1.74
-1.928,0.299
-1.991,0.064
-2.212,2.773
-2.16,1.251
-2.182,1.664
-2.245,0.374
-2.243,-0.618
-2.375,1.132
-2.275,1.958
-2.287,1.049
-2.316,1.832
-2.472,0.203
-2.549,-0.663
-2.388,2.568
-2.505,2.201
-2.642,-0.736
-2.646,3.086
-2.662,2.665
-2.789,1.676
-2.927,-0.194
-2.938,2.086
-3.026,2.547
-3.018,-0.074
-3.033,0.212
3.111,1.682
2.924,2.036
3.022,3.092
2.846,0.728
2.777,0.334
2.777,2.848
2.792,0.18
2.551,1.54
2.647,0.549
2.541,2.405
2.424,-0.14
2.377,2.585
2.235,-0.364
2.143,3.091
2.008,1.737
2.128,-0.513
1.9,1.508
1.966,0.481
1.985,0.624
1.818,-0.508
1.757,2.86
1.787,3.183
1.614,2.847
1.697,1.37
1.552,0.692
1.622,1.827
1.479,-0.019
1.17,-0.641
0.937,0.19
1.04,1.96
1.054,0.056
0.887,1.721
0.859,1.821
0.995,0.175
0.821,2.401
0.428,-1.069
0.522,-1.232
0.466,-1.141
-1.458,-0.992
-1.523,-1.167
-1.478,-0.846
-1.793,-1.059
-1.938,-1.194
-2.116,-1.051
-2.47,-1.145
-2.695,-1.316
2.968,-1.038
2.834,-0.956
2.687,-1.344
2.498,-1.279
2.178,-1.051
1.383,-1.089
-0.167,3.444
-0.653,3.31
-0.718,3.257
-0.906,3.173
-1.82,3.124
-2.667,3.305
2.922,3.278
1.638,3.426
1.316,3.115
0.93,3.334
-1.929,1.302
-0.413,-0.417
-0.776,0.495
-2.114,0.506
3.01,2.103
2.55,-0.129
2.286,2.046
2.23,1.883
2.208,0.185
2.202,-0.122
1.345,0.492
1.437,1.754
1.323,0.647
1.251,2.157
0.699,1.376
-0.023,0.184
-2.046,2.452
-2.202,1.157
2.967,2.312
2.257,0.297
-0.561,-0.988
-0.394,3.217
0.012,3.419
-1.94,3.3
-0.031,1.526
-0.04,-0.215
-0.07,-0.462
-0.131,-1.03
-0.135,-1.229
-0.203,1.347
-0.157,-1.046
-0.251,-0.12
-0.337,-1.183
-0.303,2.313
-0.363,-0.8
-0.374,1.229
-0.485,1.4
-0.415,0.894
-0.54,0.074
-0.63,1.167
-0.591,2.249
-0.697,0.143
-0.744,0.698
-0.744,1.144
-0.8,0.622
-0.795,0.494
-0.772,0.872
-0.839,-1.298
-0.834,1.455
-0.95,1.033
-1.043,-0.199
-0.972,-0.054
-1.033,0.074
-1.071,-0.23
-1.211,-1.026
-1.28,1.252
-1.256,-0.458
-1.281,2.48
-1.372,2.073
-1.413,-1.44
-1.472,0.664
-1.466,2.38
-1.662,1.025
-1.759,-0.675
-1.852,1.37
-1.825,-0.451
-2.093,0.256
-2.114,-0.277
-2.261,-1.394
-2.206,0.937
-2.321,0.8
-2.334,0.628
-2.254,0.469
-2.348,1.985
-2.44,0.604
-2.529,1.726
-2.628,2.137
-2.637,1.077
-2.596,1.392
-2.839,-1.196
-2.942,0.938
-2.906,0.558
-2.941,-0.575
-2.878,0.461
-3.006,0.64
-3.02,1.21
-3.054,1.377
-3.015,-0.685
-3.029,0.618
-3.051,1.524
-3.053,-1.5
2.846,0.365
2.75,1.852
2.766,0.499
2.742,-1.338
2.77,1.173
2.718,-0.049
2.613,-0.471
2.656,-0.809
2.619,0.316
2.579,1.785
2.502,-0.043
2.407,0.579
2.312,0.379
2.31,0.502
2.126,2.069
2.093,1.457
2.053,-0.112
2.052,1.294
1.972,0.41
1.937,1.107
1.998,-0.158
1.998,0.476
1.934,-1.353
1.675,0.27
1.729,-0.311
1.689,0.515
1.681,-1.315
1.606,-0.164
1.66,1.592
1.651,0.833
1.51,1.106
1.306,-1.326
1.323,0.498
1.239,-0.701
1.214,-0.087
1.273,0.4
1.215,-1.092
1.199,0.547
1.254,0.37
1.244,-1.461
1.174,0.544
1.165,0.445
0.942,2.278
0.864,-0.412
0.722,-0.541
0.634,1.122
0.674,1.8
0.602,0.17
0.655,2.285
0.657,0.845
-0.039,-1.739
-0.011,-1.804
-0.725,-1.896
-1.077,-1.576
-1.774,-1.691
-1.952,-1.801
-2.241,-1.896
-2.264,-2.002
-2.532,-1.954
-2.909,-1.511
-2.831,-1.784
2.911,-1.657
2.904,-1.743
2.705,-1.675
2.053,-1.995
1.805,-1.605
1.544,-1.622
1.375,-1.725
1.269,-1.689
0.737,-1.826
0.248,2.844
0.318,2.751
0.093,2.789
-0.318,2.724
-0.917,2.857
-0.927,2.6
-2.286,2.544
-2.288,2.595
-2.723,2.517
-2.972,2.746
-2.97,2.808
2.437,2.543
2.216,2.813
2.215,2.818
1.358,2.659
1.282,2.622
0.86,2.901
0.707,2.67
0.089,-0.452
-0.364,-1.087
-2.351,2.41
-2.417,1.412
1.791,1.033
1.042,2.354
1.14,2.641
0.472,-0.478
0.411,0.793
0.467,1.441
0.37,2.244
0.237,-0.282
0.146,0.97
0.169,1.044
0.132,0.114
0.14,-0.305
0.128,0.259
-0.029,-0.326
-0.084,-0.237
-0.24,2.095
-0.327,0.172
-0.519,0.707
-0.438,0.422
-0.52,-0.181
-0.648,-1.424
-0.635,2.298
-0.512,1.933
-0.546,0.87
-0.558,1.506
-0.596,-0.994
-0.772,1.676
-0.831,2.168
-0.724,0.064
-1.063,1.25
-1.243,0.222
-1.46,-0.152
-1.704,0.869
-1.866,1.999
-1.761,-0.22
-1.922,0.221
-1.955,-0.246
-1.972,-0.083
-2.018,1.091
-1.911,-0.35
-1.974,-0.585
-2.195,2.124
-2.143,0.602
-2.165,1.015
-2.228,-0.275
-2.226,-1.267
-2.358,0.483
-2.258,1.309
-2.27,0.4
-2.299,1.183
-2.455,-0.446
-2.532,-1.312
-2.371,1.919
-2.488,1.552
-2.625,-1.385
-2.629,2.437
-2.645,2.016
-2.772,1.027
-2.91,-0.843
-2.921,1.437
-3.009,1.898
-3.001,-0.723
-3.016,-0.437
3.128,1.033
2.941,1.387
3.039,2.443
2.863,0.079
2.794,-0.315
2.794,2.199
2.809,-0.469
2.568,0.891
2.664,-0.1
2.558,1.756
2.441,-0.789
2.394,1.936
2.252,-1.013
2.16,2.442
2.025,1.088
2.145,-1.162
1.917,0.859
1.983,-0.168
2.002,-0.025
1.835,-1.157
1.774,2.211
1.804,2.534
1.631,2.198
1.714,0.721
1.569,0.043
1.639,1.178
1.496,-0.668
1.187,-1.29
0.954,-0.459
1.057,1.311
1.071,-0.593
0.904,1.072
0.876,1.172
1.012,-0.474
0.838,1.752
0.445,-1.718
0.539,-1.881
0.483,-1.79
-1.441,-1.641
-1.506,-1.816
-1.461,-1.495
-1.776,-1.708
-1.921,-1.843
-2.099,-1.7
-2.453,-1.794
-2.678,-1.965
2.985,-1.687
2.851,-1.605
2.704,-1.993
2.515,-1.928
2.195,-1.7
1.4,-1.738
-0.15,2.795
-0.636,2.661
-0.701,2.608
-0.889,2.524
-1.803,2.475
-2.65,2.656
2.939,2.629
1.655,2.777
1.333,2.466
0.947,2.685
-1.912,0.653
-0.396,-1.066
-0.759,-0.154
-2.097,-0.143
3.027,1.454
2.567,-0.778
2.303,1.397
2.247,1.234
2.225,-0.464
2.219,-0.771
1.362,-0.157
1.454,1.105
1.34,-0.002
1.268,1.508
0.716,0.727
-0.006,-0.465
-2.029,1.803
-2.185,0.508
2.984,1.663
2.274,-0.352
-0.544,-1.637
-0.377,2.568
0.029,2.77
-1.923,2.651
-0.009,-1.741
-0.039,-1.988
-0.1,-2.556
-0.104,-2.755
-0.172,-0.179
-0.126,-2.572
-0.22,-1.646
-0.306,-2.709
-0.272,0.787
-0.332,-2.326
-0.343,-0.297
-0.454,-0.126
-0.384,-0.632
-0.509,-1.452
-0.599,-0.359
-0.56,0.723
-0.666,-1.383
-0.713,-0.828
-0.713,-0.382
-0.769,-0.904
-0.764,-1.032
-0.741,-0.654
-0.808,-2.824
-0.803,-0.071
-0.919,-0.493
-1.012,-1.725
-0.941,-1.58
-1.002,-1.452
-1.04,-1.756
-1.18,-2.552
-1.249,-0.274
-1.225,-1.984
-1.25,0.954
-1.341,0.547
-1.382,-2.966
-1.441,-0.862
-1.435,0.854
-1.631,-0.501
-1.728,-2.201
-1.821,-0.156
-1.794,-1.977
-2.062,-1.27
-2.083,-1.803
-2.23,-2.92
-2.175,-0.589
-2.29,-0.726
-2.303,-0.898
-2.223,-1.057
-2.317,0.459
-2.409,-0.922
-2.498,0.2
-2.597,0.611
-2.606,-0.449
-2.565,-0.134
-2.808,-2.722
-2.911,-0.588
-2.875,-0.968
-2.91,-2.101
-2.847,-1.065
-2.975,-0.886
-2.989,-0.316
-3.023,-0.149
-2.984,-2.211
-2.998,-0.908
-3.02,-0.002
-3.022,-3.026
2.877,-1.161
2.781,0.326
2.797,-1.027
2.773,-2.864
2.801,-0.353
2.749,-1.575
2.644,-1.997
2.687,-2.335
2.65,-1.21
2.61,0.259
2.533,-1.569
2.438,-0.947
2.343,-1.147
2.341,-1.024
2.157,0.543
2.124,-0.069
2.084,-1.638
2.083,-0.232
2.003,-1.116
1.968,-0.419
2.029,-1.684
2.029,-1.05
1.965,-2.879
1.706,-1.256
1.76,-1.837
1.72,-1.011
1.712,-2.841
1.637,-1.69
1.691,0.066
1.682,-0.693
1.541,-0.42
1.337,-2.852
1.354,-1.028
1.27,-2.227
1.245,-1.613
1.304,-1.126
1.246,-2.618
1.23,-0.979
1.285,-1.156
1.275,-2.987
1.205,-0.982
1.196,-1.081
0.973,0.752
0.895,-1.938
0.753,-2.067
0.665,-0.404
0.705,0.274
0.633,-1.356
0.686,0.759
0.688,-0.681
-0.008,-3.265
0.02,-3.33
-0.694,-3.422
-1.046,-3.102
-1.743,-3.217
-1.921,-3.327
-2.21,-3.422
-2.233,-3.528
-2.501,-3.48
-2.878,-3.037
-2.8,-3.31
2.942,-3.183
2.935,-3.269
2.736,-3.201
2.084,-3.521
1.836,-3.131
1.575,-3.148
1.406,-3.251
1.3,-3.215
0.768,-3.352
0.279,1.318
0.349,1.225
0.124,1.263
-0.287,1.198
-0.886,1.331
-0.896,1.074
-2.255,1.018
-2.257,1.069
-2.692,0.991
-2.941,1.22
-2.939,1.282
2.468,1.017
2.247,1.287
2.246,1.292
1.389,1.133
1.313,1.096
0.891,1.375
0.738,1.144
0.12,-1.978
-0.333,-2.613
-2.32,0.884
-2.386,-0.114
1.822,-0.493
1.073,0.828
1.171,1.115
0.503,-2.004
0.442,-0.733
0.498,-0.085
0.401,0.718
0.268,-1.808
0.177,-0.556
0.2,-0.482
0.163,-1.412
0.171,-1.831
0.159,-1.267
0.002,-1.852
-0.053,-1.763
-0.209,0.569
-0.296,-1.354
-0.488,-0.819
-0.407,-1.104
-0.489,-1.707
-0.617,-2.95
-0.604,0.772
-0.481,0.407
-0.515,-0.656
-0.527,-0.02
-0.565,-2.52
-0.741,0.15
-0.8,0.642
-0.693,-1.462
-1.032,-0.276
-1.212,-1.304
-1.429,-1.678
-1.673,-0.657
-1.835,0.473
-1.73,-1.746
-1.891,-1.305
-1.924,-1.772
-1.941,-1.609
-1.987,-0.435
-1.88,-1.876
-1.943,-2.111
-2.164,0.598
-2.112,-0.924
-2.134,-0.511
-2.197,-1.801
-2.195,-2.793
-2.327,-1.043
-2.227,-0.217
-2.239,-1.126
-2.268,-0.343
-2.424,-1.972
-2.501,-2.838
-2.34,0.393
-2.457,0.026
-2.594,-2.911
-2.598,0.911
-2.614,0.49
-2.741,-0.499
-2.879,-2.369
-2.89,-0.089
-2.978,0.372
-2.97,-2.249
-2.985,-1.963
-3.124,-0.493
2.972,-0.139
3.07,0.917
2.894,-1.447
2.825,-1.841
2.825,0.673
2.84,-1.995
2.599,-0.635
2.695,-1.626
2.589,0.23
2.472,-2.315
2.425,0.41
2.283,-2.539
2.191,0.916
2.056,-0.438
2.176,-2.688
1.948,-0.667
2.014,-1.694
2.033,-1.551
1.866,-2.683
1.805,0.685
1.835,1.008
1.662,0.672
1.745,-0.805
1.6,-1.483
1.67,-0.348
1.527,-2.194
1.218,-2.816
0.985,-1.985
1.088,-0.215
1.102,-2.119
0.935,-0.454
0.907,-0.354
1.043,-2.0
0.869,0.226
0.476,-3.244
0.57,-3.407
0.514,-3.316
-1.41,-3.167
-1.475,-3.342
-1.43,-3.021
-1.745,-3.234
-1.89,-3.369
-2.068,-3.226
-2.422,-3.32
-2.647,-3.491
3.016,-3.213
2.882,-3.131
2.735,-3.519
2.546,-3.454
2.226,-3.226
1.431,-3.264
-0.119,1.269
-0.605,1.135
-0.67,1.082
-0.858,0.998
-1.772,0.949
-2.619,1.13
2.97,1.103
1.686,1.251
1.364,0.94
0.978,1.159
-1.881,-0.873
-0.365,-2.592
-0.728,-1.68
-2.066,-1.669
3.058,-0.072
2.598,-2.304
2.334,-0.129
2.278,-0.292
2.256,-1.99
2.25,-2.297
1.393,-1.683
1.485,-0.421
1.371,-1.528
1.299,-0.018
0.747,-0.799
0.025,-1.991
-1.998,0.277
-2.154,-1.018
3.015,0.137
2.305,-1.878
-0.513,-3.163
-0.346,1.042
0.06,1.244
-1.892,1.125
-0.03,-0.247
-0.091,-0.815
-0.095,-1.014
-0.163,1.562
-0.117,-0.831
-0.211,0.095
-0.297,-0.968
-0.263,2.528
-0.323,-0.585
-0.334,1.444
-0.445,1.615
-0.375,1.109
-0.5,0.289
-0.59,1.382
-0.551,2.464
-0.657,0.358
-0.704,0.913
-0.704,1.359
-0.76,0.837
-0.755,0.709
-0.732,1.087
-0.799,-1.083
-0.794,1.67
-0.91,1.248
-1.003,0.016
-0.932,0.161
-0.993,0.289
-1.031,-0.015
-1.171,-0.811
-1.24,1.467
-1.216,-0.243
-1.241,2.695
-1.332,2.288
-1.373,-1.225
-1.432,0.879
-1.426,2.595
-1.622,1.24
-1.719,-0.46
-1.812,1.585
-1.785,-0.236
-2.053,0.471
-2.074,-0.062
-2.221,-1.179
-2.166,1.152
-2.281,1.015
-2.294,0.843
-2.214,0.684
-2.308,2.2
-2.4,0.819
-2.489,1.941
-2.588,2.352
-2.597,1.292
-2.556,1.607
-2.799,-0.981
-2.902,1.153
-2.866,0.773
-2.901,-0.36
-2.838,0.676
-2.966,0.855
-2.98,1.425
-3.014,1.592
-2.975,-0.47
-2.989,0.833
-3.011,1.739
-3.013,-1.285
2.886,0.58
2.79,2.067
2.806,0.714
2.782,-1.123
2.81,1.388
2.758,0.166
2.653,-0.256
2.696,-0.594
2.659,0.531
2.619,2.0
2.542,0.172
2.447,0.794
2.352,0.594
2.35,0.717
2.166,2.284
2.133,1.672
2.093,0.103
2.092,1.509
2.012,0.625
1.977,1.322
2.038,0.057
2.038,0.691
1.974,-1.138
1.715,0.485
1.769,-0.096
1.729,0.73
1.721,-1.1
1.646,0.051
1.7,1.807
1.691,1.048
1.55,1.321
1.346,-1.111
1.363,0.713
1.279,-0.486
1.254,0.128
1.313,0.615
1.255,-0.877
1.239,0.762
1.294,0.585
1.284,-1.246
1.214,0.759
1.205,0.66
0.982,2.493
0.904,-0.197
0.762,-0.326
0.674,1.337
0.714,2.015
0.642,0.385
0.695,2.5
0.697,1.06
0.001,-1.524
0.029,-1.589
-0.685,-1.681
-1.037,-1.361
-1.734,-1.476
-1.912,-1.586
-2.201,-1.681
-2.224,-1.787
-2.492,-1.739
-2.869,-1.296
-2.791,-1.569
2.951,-1.442
2.944,-1.528
2.745,-1.46
2.093,-1.78
1.845,-1.39
1.584,-1.407
1.415,-1.51
1.309,-1.474
0.777,-1.611
0.288,3.059
0.358,2.966
0.133,3.004
-0.278,2.939
-0.877,3.072
-0.887,2.815
-2.246,2.759
-2.248,2.81
-2.683,2.732
-2.932,2.961
-2.93,3.023
2.477,2.758
2.256,3.028
2.255,3.033
1.398,2.874
1.322,2.837
0.9,3.116
0.747,2.885
0.129,-0.237
-0.324,-0.872
-2.311,2.625
-2.377,1.627
1.831,1.248
1.082,2.569
1.18,2.856
0.512,-0.263
0.451,1.008
0.507,1.656
0.41,2.459
0.277,-0.067
0.186,1.185
0.209,1.259
0.172,0.329
0.18,-0.09
0.168,0.474
0.011,-0.111
-0.044,-0.022
-0.2,2.31
-0.287,0.387
-0.479,0.922
-0.398,0.637
-0.48,0.034
-0.608,-1.209
-0.595,2.513
-0.472,2.148
-0.506,1.085
-0.518,1.721
-0.556,-0.779
-0.732,1.891
-0.791,2.383
-0.684,0.279
-1.023,1.465
-1.203,0.437
-1.42,0.063
-1.664,1.084
-1.826,2.214
-1.721,-0.005
-1.882,0.436
-1.915,-0.031
-1.932,0.132
-1.978,1.306
-1.871,-0.135
-1.934,-0.37
-2.155,2.339
-2.103,0.817
-2.125,1.23
-2.188,-0.06
-2.186,-1.052
-2.318,0.698
-2.218,1.524
-2.23,0.615
-2.259,1.398
-2.415,-0.231
-2.492,-1.097
-2.331,2.134
-2.448,1.767
-2.585,-1.17
-2.589,2.652
-2.605,2.231
-2.732,1.242
-2.87,-0.628
-2.881,1.652
-2.969,2.113
-2.961,-0.508
-2.976,-0.222
-3.115,1.248
2.981,1.602
3.079,2.658
2.903,0.294
2.834,-0.1
2.834,2.414
2.849,-0.254
2.608,1.106
2.704,0.115
2.598,1.971
2.481,-0.574
2.434,2.151
2.292,-0.798
2.2,2.657
2.065,1.303
2.185,-0.947
1.957,1.074
2.023,0.047
2.042,0.19
1.875,-0.942
1.814,2.426
1.844,2.749
1.671,2.413
1.754,0.936
1.609,0.258
1.679,1.393
1.536,-0.453
1.227,-1.075
0.994,-0.244
1.097,1.526
1.111,-0.378
0.944,1.287
0.916,1.387
1.052,-0.259
0.878,1.967
0.485,-1.503
0.579,-1.666
0.523,-1.575
-1.401,-1.426
-1.466,-1.601
-1.421,-1.28
-1.736,-1.493
-1.881,-1.628
-2.059,-1.485
-2.413,-1.579
-2.638,-1.75
3.025,-1.472
2.891,-1.39
2.744,-1.778
2.555,-1.713
2.235,-1.485
1.44,-1.523
-0.11,3.01
-0.596,2.876
-0.661,2.823
-0.849,2.739
-1.763,2.69
-2.61,2.871
2.979,2.844
1.695,2.992
1.373,2.681
0.987,2.9
-1.872,0.868
-0.356,-0.851
-0.719,0.061
-2.057,0.072
3.067,1.669
2.607,-0.563
2.343,1.612
2.287,1.449
2.265,-0.249
2.259,-0.556
1.402,0.058
1.494,1.32
1.38,0.213
1.308,1.723
0.756,0.942
0.034,-0.25
-1.989,2.018
-2.145,0.723
3.024,1.878
2.314,-0.137
-0.504,-1.422
-0.337,2.783
0.069,2.985
-1.883,2.866
-0.061,-0.568
-0.065,-0.767
-0.133,1.809
-0.087,-0.584
-0.181,0.342
-0.267,-0.721
-0.233,2.775
-0.293,-0.338
-0.304,1.691
-0.415,1.862
-0.345,1.356
-0.47,0.536
-0.56,1.629
-0.521,2.711
-0.627,0.605
-0.674,1.16
-0.674,1.606
-0.73,1.084
-0.725,0.956
-0.702,1.334
-0.769,-0.836
-0.764,1.917
-0.88,1.495
-0.973,0.263
-0.902,0.408
-0.963,0.536
-1.001,0.232
-1.141,-0.564
-1.21,1.714
-1.186,0.004
-1.211,2.942
-1.302,2.535
-1.343,-0.978
-1.402,1.126
-1.396,2.842
-1.592,1.487
-1.689,-0.213
-1.782,1.832
-1.755,0.011
-2.023,0.718
-2.044,0.185
-2.191,-0.932
-2.136,1.399
-2.251,1.262
-2.264,1.09
-2.184,0.931
-2.278,2.447
-2.37,1.066
-2.459,2.188
-2.558,2.599
-2.567,1.539
-2.526,1.854
-2.769,-0.734
-2.872,1.4
-2.836,1.02
-2.871,-0.113
-2.808,0.923
-2.936,1.102
-2.95,1.672
-2.984,1.839
-2.945,-0.223
-2.959,1.08
-2.981,1.986
-2.983,-1.038
2.916,0.827
2.82,2.314
2.836,0.961
2.812,-0.876
2.84,1.635
2.788,0.413
2.683,-0.009
2.726,-0.347
2.689,0.778
2.649,2.247
2.572,0.419
2.477,1.041
2.382,0.841
2.38,0.964
2.196,2.531
2.163,1.919
2.123,0.35
2.122,1.756
2.042,0.872
2.007,1.569
2.068,0.304
2.068,0.938
2.004,-0.891
1.745,0.732
1.799,0.151
1.759,0.977
1.751,-0.853
1.676,0.298
1.73,2.054
1.721,1.295
1.58,1.568
1.376,-0.864
1.393,0.96
1.309,-0.239
1.284,0.375
1.343,0.862
1.285,-0.63
1.269,1.009
1.324,0.832
1.314,-0.999
1.244,1.006
1.235,0.907
1.012,2.74
0.934,0.05
0.792,-0.079
0.704,1.584
0.744,2.262
0.672,0.632
0.725,2.747
0.727,1.307
0.031,-1.277
0.059,-1.342
-0.655,-1.434
-1.007,-1.114
-1.704,-1.229
-1.882,-1.339
-2.171,-1.434
-2.194,-1.54
-2.462,-1.492
-2.839,-1.049
-2.761,-1.322
2.981,-1.195
2.974,-1.281
2.775,-1.213
2.123,-1.533
1.875,-1.143
1.614,-1.16
1.445,-1.263
1.339,-1.227
0.807,-1.364
0.318,3.306
0.388,3.213
0.163,3.251
-0.248,3.186
-0.847,3.319
-0.857,3.062
-2.216,3.006
-2.218,3.057
-2.653,2.979
-2.902,3.208
-2.9,3.27
2.507,3.005
2.286,3.275
2.285,3.28
1.428,3.121
1.352,3.084
0.93,3.363
0.777,3.132
0.159,0.01
-0.294,-0.625
-2.281,2.872
-2.347,1.874
1.861,1.495
1.112,2.816
1.21,3.103
0.542,-0.016
0.481,1.255
0.537,1.903
0.44,2.706
0.307,0.18
0.216,1.432
0.239,1.506
0.202,0.576
0.21,0.157
0.198,0.721
0.041,0.136
-0.014,0.225
-0.17,2.557
-0.257,0.634
-0.449,1.169
-0.368,0.884
-0.45,0.281
-0.578,-0.962
-0.565,2.76
-0.442,2.395
-0.476,1.332
-0.488,1.968
-0.526,-0.532
-0.702,2.138
-0.761,2.63
-0.654,0.526
-0.993,1.712
-1.173,0.684
-1.39,0.31
-1.634,1.331
-1.796,2.461
-1.691,0.242
-1.852,0.683
-1.885,0.216
-1.902,0.379
-1.948,1.553
-1.841,0.112
-1.904,-0.123
-2.125,2.586
-2.073,1.064
-2.095,1.477
-2.158,0.187
-2.156,-0.805
-2.288,0.945
-2.188,1.771
-2.2,0.862
-2.229,1.645
-2.385,0.016
-2.462,-0.85
-2.301,2.381
-2.418,2.014
-2.555,-0.923
-2.559,2.899
-2.575,2.478
-2.702,1.489
-2.84,-0.381
-2.851,1.899
-2.939,2.36
-2.931,-0.261
-2.946,0.025
-3.085,1.495
3.011,1.849
3.109,2.905
2.933,0.541
2.864,0.147
2.864,2.661
2.879,-0.007
2.638,1.353
2.734,0.362
2.628,2.218
2.511,-0.327
2.464,2.398
2.322,-0.551
2.23,2.904
2.095,1.55
2.215,-0.7
1.987,1.321
2.053,0.294
2.072,0.437
1.905,-0.695
1.844,2.673
1.874,2.996
1.701,2.66
1.784,1.183
1.639,0.505
1.709,1.64
1.566,-0.206
1.257,-0.828
1.024,0.003
1.127,1.773
1.141,-0.131
0.974,1.534
0.946,1.634
1.082,-0.012
0.908,2.214
0.515,-1.256
0.609,-1.419
0.553,-1.328
-1.371,-1.179
-1.436,-1.354
-1.391,-1.033
-1.706,-1.246
-1.851,-1.381
-2.029,-1.238
-2.383,-1.332
-2.608,-1.503
3.055,-1.225
2.921,-1.143
2.774,-1.531
2.585,-1.466
2.265,-1.238
1.47,-1.276
-0.08,3.257
-0.566,3.123
-0.631,3.07
-0.819,2.986
-1.733,2.937
-2.58,3.118
3.009,3.091
1.725,3.239
1.403,2.928
1.017,3.147
-1.842,1.115
-0.326,-0.604
-0.689,0.308
-2.027,0.319
3.097,1.916
2.637,-0.316
2.373,1.859
2.317,1.696
2.295,-0.002
2.289,-0.309
1.432,0.305
1.524,1.567
1.41,0.46
1.338,1.97
0.786,1.189
0.064,-0.003
-1.959,2.265
-2.115,0.97
3.054,2.125
2.344,0.11
-0.474,-1.175
-0.307,3.03
0.099,3.232
-1.853,3.113
-0.004,-0.199
-0.072,2.377
-0.026,-0.016
-0.12,0.91
-0.206,-0.153
-0.172,3.343
-0.232,0.23
-0.243,2.259
-0.354,2.43
-0.284,1.924
-0.409,1.104
-0.499,2.197
-0.46,3.279
-0.566,1.173
-0.613,1.728
-0.613,2.174
-0.669,1.652
-0.664,1.524
-0.641,1.902
-0.708,-0.268
-0.703,2.485
-0.819,2.063
-0.912,0.831
-0.841,0.976
-0.902,1.104
-0.94,0.8
-1.08,0.004
-1.149,2.282
-1.125,0.572
-1.15,3.51
-1.241,3.103
-1.282,-0.41
-1.341,1.694
-1.335,3.41
-1.531,2.055
-1.628,0.355
-1.721,2.4
-1.694,0.579
-1.962,1.286
-1.983,0.753
-2.13,-0.364
-2.075,1.967
-2.19,1.83
-2.203,1.658
-2.123,1.499
-2.217,3.015
-2.309,1.634
-2.398,2.756
-2.497,3.167
-2.506,2.107
-2.465,2.422
-2.708,-0.166
-2.811,1.968
-2.775,1.588
-2.81,0.455
-2.747,1.491
-2.875,1.67
-2.889,2.24
-2.923,2.407
-2.884,0.345
-2.898,1.648
-2.92,2.554
-2.922,-0.47
2.977,1.395
2.881,2.882
2.897,1.529
2.873,-0.308
2.901,2.203
2.849,0.981
2.744,0.559
2.787,0.221
2.75,1.346
2.71,2.815
2.633,0.987
2.538,1.609
2.443,1.409
2.441,1.532
2.257,3.099
2.224,2.487
2.184,0.918
2.183,2.324
2.103,1.44
2.068,2.137
2.129,0.872
2.129,1.506
2.065,-0.323
1.806,1.3
1.86,0.719
1.82,1.545
1.812,-0.285
1.737,0.866
1.791,2.622
1.782,1.863
1.641,2.136
1.437,-0.296
1.454,1.528
1.37,0.329
1.345,0.943
1.404,1.43
1.346,-0.062
1.33,1.577
1.385,1.4
1.375,-0.431
1.305,1.574
1.296,1.475
1.073,3.308
0.995,0.618
0.853,0.489
0.765,2.152
0.805,2.83
0.733,1.2
0.786,3.315
0.788,1.875
0.092,-0.709
0.12,-0.774
-0.594,-0.866
-0.946,-0.546
-1.643,-0.661
-1.821,-0.771
-2.11,-0.866
-2.133,-0.972
-2.401,-0.924
-2.778,-0.481
-2.7,-0.754
3.042,-0.627
3.035,-0.713
2.836,-0.645
2.184,-0.965
1.936,-0.575
1.675,-0.592
1.506,-0.695
1.4,-0.659
0.868,-0.796
0.379,3.874
0.449,3.781
0.224,3.819
-0.187,3.754
-0.786,3.887
-0.796,3.63
-2.155,3.574
-2.157,3.625
-2.592,3.547
-2.841,3.776
-2.839,3.838
2.568,3.573
2.347,3.843
2.346,3.848
1.489,3.689
1.413,3.652
0.991,3.931
0.838,3.7
0.22,0.578
-0.233,-0.057
-2.22,3.44
-2.286,2.442
1.922,2.063
1.173,3.384
1.271,3.671
0.603,0.552
0.542,1.823
0.598,2.471
0.501,3.274
0.368,0.748
0.277,2.0
0.3,2.074
0.263,1.144
0.271,0.725
0.259,1.289
0.102,0.704
0.047,0.793
-0.109,3.125
-0.196,1.202
-0.388,1.737
-0.307,1.452
-0.389,0.849
-0.517,-0.394
-0.504,3.328
-0.381,2.963
-0.415,1.9
-0.427,2.536
-0.465,0.036
-0.641,2.706
-0.7,3.198
-0.593,1.094
-0.932,2.28
-1.112,1.252
-1.329,0.878
-1.573,1.899
-1.735,3.029
-1.63,0.81
-1.791,1.251
-1.824,0.784
-1.841,0.947
-1.887,2.121
-1.78,0.68
-1.843,0.445
-2.064,3.154
-2.012,1.632
-2.034,2.045
-2.097,0.755
-2.095,-0.237
-2.227,1.513
-2.127,2.339
-2.139,1.43
-2.168,2.213
-2.324,0.584
-2.401,-0.282
-2.24,2.949
-2.357,2.582
-2.494,-0.355
-2.498,3.467
-2.514,3.046
-2.641,2.057
-2.779,0.187
-2.79,2.467
-2.878,2.928
-2.87,0.307
-2.885,0.593
-3.024,2.063
3.072,2.417
-3.113,3.473
2.994,1.109
2.925,0.715
2.925,3.229
2.94,0.561
2.699,1.921
2.795,0.93
2.689,2.786
2.572,0.241
2.525,2.966
2.383,0.017
2.291,3.472
2.156,2.118
2.276,-0.132
2.048,1.889
2.114,0.862
2.133,1.005
1.966,-0.127
1.905,3.241
1.935,3.564
1.762,3.228
1.845,1.751
1.7,1.073
1.77,2.208
1.627,0.362
1.318,-0.26
1.085,0.571
1.188,2.341
1.202,0.437
1.035,2.102
1.007,2.202
1.143,0.556
0.969,2.782
0.576,-0.688
0.67,-0.851
0.614,-0.76
-1.31,-0.611
-1.375,-0.786
-1.33,-0.465
-1.645,-0.678
-1.79,-0.813
-1.968,-0.67
-2.322,-0.764
-2.547,-0.935
3.116,-0.657
2.982,-0.575
2.835,-0.963
2.646,-0.898
2.326,-0.67
1.531,-0.708
-0.019,3.825
-0.505,3.691
-0.57,3.638
-0.758,3.554
-1.672,3.505
-2.519,3.686
3.07,3.659
1.786,3.807
1.464,3.496
1.078,3.715
-1.781,1.683
-0.265,-0.036
-0.628,0.876
-1.966,0.887
-3.125,2.484
2.698,0.252
2.434,2.427
2.378,2.264
2.356,0.566
2.35,0.259
1.493,0.873
1.585,2.135
1.471,1.028
1.399,2.538
0.847,1.757
0.125,0.565
-1.898,2.833
-2.054,1.538
3.115,2.693
2.405,0.678
-0.413,-0.607
-0.246,3.598
0.16,3.8
-1.792,3.681
-0.068,2.576
-0.022,0.183
-0.116,1.109
-0.202,0.046
-0.168,3.542
-0.228,0.429
-0.239,2.458
-0.35,2.629
-0.28,2.123
-0.405,1.303
-0.495,2.396
-0.456,3.478
-0.562,1.372
-0.609,1.927
-0.609,2.373
-0.665,1.851
-0.66,1.723
-0.637,2.101
-0.704,-0.069
-0.699,2.684
-0.815,2.262
-0.908,1.03
-0.837,1.175
-0.898,1.303
-0.936,0.999
-1.076,0.203
-1.145,2.481
-1.121,0.771
-1.146,3.709
-1.237,3.302
-1.278,-0.211
-1.337,1.893
-1.331,3.609
-1.527,2.254
-1.624,0.554
-1.717,2.599
-1.69,0.778
-1.958,1.485
-1.979,0.952
-2.126,-0.165
-2.071,2.166
-2.186,2.029
-2.199,1.857
-2.119,1.698
-2.213,3.214
-2.305,1.833
-2.394,2.955
-2.493,3.366
-2.502,2.306
-2.461,2.621
-2.704,0.033
-2.807,2.167
-2.771,1.787
-2.806,0.654
-2.743,1.69
-2.871,1.869
-2.885,2.439
-2.919,2.606
-2.88,0.544
-2.894,1.847
-2.916,2.753
-2.918,-0.271
2.981,1.594
2.885,3.081
2.901,1.728
2.877,-0.109
2.905,2.402
2.853,1.18
2.748,0.758
2.791,0.42
2.754,1.545
2.714,3.014
2.637,1.186
2.542,1.808
2.447,1.608
2.445,1.731
2.261,3.298
2.228,2.686
2.188,1.117
2.187,2.523
2.107,1.639
2.072,2.336
2.133,1.071
2.133,1.705
2.069,-0.124
1.81,1.499
1.864,0.918
1.824,1.744
1.816,-0.086
1.741,1.065
1.795,2.821
1.786,2.062
1.645,2.335
1.441,-0.097
1.458,1.727
1.374,0.528
1.349,1.142
1.408,1.629
1.35,0.137
1.334,1.776
1.389,1.599
1.379,-0.232
1.309,1.773
1.3,1.674
1.077,3.507
0.999,0.817
0.857,0.688
0.769,2.351
0.809,3.029
0.737,1.399
0.79,3.514
0.792,2.074
0.096,-0.51
0.124,-0.575
-0.59,-0.667
-0.942,-0.347
-1.639,-0.462
-1.817,-0.572
-2.106,-0.667
-2.129,-0.773
-2.397,-0.725
-2.774,-0.282
-2.696,-0.555
3.046,-0.428
3.039,-0.514
2.84,-0.446
2.188,-0.766
1.94,-0.376
1.679,-0.393
1.51,-0.496
1.404,-0.46
0.872,-0.597
0.383,4.073
0.453,3.98
0.228,4.018
-0.183,3.953
-0.782,4.086
-0.792,3.829
-2.151,3.773
-2.153,3.824
-2.588,3.746
-2.837,3.975
-2.835,4.037
2.572,3.772
2.351,4.042
2.35,4.047
1.493,3.888
1.417,3.851
0.995,4.13
0.842,3.899
0.224,0.777
-0.229,0.142
-2.216,3.639
-2.282,2.641
1.926,2.262
1.177,3.583
1.275,3.87
0.607,0.751
0.546,2.022
0.602,2.67
0.505,3.473
0.372,0.947
0.281,2.199
0.304,2.273
0.267,1.343
0.275,0.924
0.263,1.488
0.106,0.903
0.051,0.992
-0.105,3.324
-0.192,1.401
-0.384,1.936
-0.303,1.651
-0.385,1.048
-0.513,-0.195
-0.5,3.527
-0.377,3.162
-0.411,2.099
-0.423,2.735
-0.461,0.235
-0.637,2.905
-0.696,3.397
-0.589,1.293
-0.928,2.479
-1.108,1.451
-1.325,1.077
-1.569,2.098
-1.731,3.228
-1.626,1.009
-1.787,1.45
-1.82,0.983
-1.837,1.146
-1.883,2.32
-1.776,0.879
-1.839,0.644
-2.06,3.353
-2.008,1.831
-2.03,2.244
-2.093,0.954
-2.091,-0.038
-2.223,1.712
-2.123,2.538
-2.135,1.629
-2.164,2.412
-2.32,0.783
-2.397,-0.083
-2.236,3.148
-2.353,2.781
-2.49,-0.156
-2.494,3.666
-2.51,3.245
-2.637,2.256
-2.775,0.386
-2.786,2.666
-2.874,3.127
-2.866,0.506
-2.881,0.792
-3.02,2.262
3.076,2.616
-3.109,3.672
2.998,1.308
2.929,0.914
2.929,3.428
2.944,0.76
2.703,2.12
2.799,1.129
2.693,2.985
2.576,0.44
2.529,3.165
2.387,0.216
2.295,3.671
2.16,2.317
2.28,0.067
2.052,2.088
2.118,1.061
2.137,1.204
1.97,0.072
1.909,3.44
1.939,3.763
1.766,3.427
1.849,1.95
1.704,1.272
1.774,2.407
1.631,0.561
1.322,-0.061
1.089,0.77
1.192,2.54
1.206,0.636
1.039,2.301
1.011,2.401
1.147,0.755
0.973,2.981
0.58,-0.489
0.674,-0.652
0.618,-0.561
-1.306,-0.412
-1.371,-0.587
-1.326,-0.266
-1.641,-0.479
-1.786,-0.614
-1.964,-0.471
-2.318,-0.565
-2.543,-0.736
3.12,-0.458
2.986,-0.376
2.839,-0.764
2.65,-0.699
2.33,-0.471
1.535,-0.509
-0.015,4.024
-0.501,3.89
-0.566,3.837
-0.754,3.753
-1.668,3.704
-2.515,3.885
3.074,3.858
1.79,4.006
1.468,3.695
1.082,3.914
-1.777,1.882
-0.261,0.163
-0.624,1.075
-1.962,1.086
-3.121,2.683
2.702,0.451
2.438,2.626
2.382,2.463
2.36,0.765
2.354,0.458
1.497,1.072
1.589,2.334
1.475,1.227
1.403,2.737
0.851,1.956
0.129,0.764
-1.894,3.032
-2.05,1.737
3.119,2.892
2.409,0.877
-0.409,-0.408
-0.242,3.797
0.164,3.999
-1.788,3.88
0.046,-2.393
-0.048,-1.467
-0.134,-2.53
-0.1,0.966
-0.16,-2.147
-0.171,-0.118
-0.282,0.053
-0.212,-0.453
-0.337,-1.273
-0.427,-0.18
-0.388,0.902
-0.494,-1.204
-0.541,-0.649
-0.541,-0.203
-0.597,-0.725
-0.592,-0.853
-0.569,-0.475
-0.636,-2.645
-0.631,0.108
-0.747,-0.314
-0.84,-1.546
-0.769,-1.401
-0.83,-1.273
-0.868,-1.577
-1.008,-2.373
-1.077,-0.095
-1.053,-1.805
-1.078,1.133
-1.169,0.726
-1.21,-2.787
-1.269,-0.683
-1.263,1.033
-1.459,-0.322
-1.556,-2.022
-1.649,0.023
-1.622,-1.798
-1.89,-1.091
-1.911,-1.624
-2.058,-2.741
-2.003,-0.41
-2.118,-0.547
-2.131,-0.719
-2.051,-0.878
-2.145,0.638
-2.237,-0.743
-2.326,0.379
-2.425,0.79
-2.434,-0.27
-2.393,0.045
-2.636,-2.543
-2.739,-0.409
-2.703,-0.789
-2.738,-1.922
-2.675,-0.886
-2.803,-0.707
-2.817,-0.137
-2.851,0.03
-2.812,-2.032
-2.826,-0.729
-2.848,0.177
-2.85,-2.847
3.049,-0.982
2.953,0.505
2.969,-0.848
2.945,-2.685
2.973,-0.174
2.921,-1.396
2.816,-1.818
2.859,-2.156
2.822,-1.031
2.782,0.438
2.705,-1.39
2.61,-0.768
2.515,-0.968
2.513,-0.845
2.329,0.722
2.296,0.11
2.256,-1.459
2.255,-0.053
2.175,-0.937
2.14,-0.24
2.201,-1.505
2.201,-0.871
2.137,-2.7
1.878,-1.077
1.932,-1.658
1.892,-0.832
1.884,-2.662
1.809,-1.511
1.863,0.245
1.854,-0.514
1.713,-0.241
1.509,-2.673
1.526,-0.849
1.442,-2.048
1.417,-1.434
1.476,-0.947
1.418,-2.439
1.402,-0.8
1.457,-0.977
1.447,-2.808
1.377,-0.803
1.368,-0.902
1.145,0.931
1.067,-1.759
0.925,-1.888
0.837,-0.225
0.877,0.453
0.805,-1.177
0.858,0.938
0.86,-0.502
0.164,-3.086
0.192,-3.151
-0.522,-3.243
-0.874,-2.923
-1.571,-3.038
-1.749,-3.148
-2.038,-3.243
-2.061,-3.349
-2.329,-3.301
-2.706,-2.858
-2.628,-3.131
3.114,-3.004
3.107,-3.09
2.908,-3.022
2.256,-3.342
2.008,-2.952
1.747,-2.969
1.578,-3.072
1.472,-3.036
0.94,-3.173
0.451,1.497
0.521,1.404
0.296,1.442
-0.115,1.377
-0.714,1.51
-0.724,1.253
-2.083,1.197
-2.085,1.248
-2.52,1.17
-2.769,1.399
-2.767,1.461
2.64,1.196
2.419,1.466
2.418,1.471
1.561,1.312
1.485,1.275
1.063,1.554
0.91,1.323
0.292,-1.799
-0.161,-2.434
-2.148,1.063
-2.214,0.065
1.994,-0.314
1.245,1.007
1.343,1.294
0.675,-1.825
0.614,-0.554
0.67,0.094
0.573,0.897
0.44,-1.629
0.349,-0.377
0.372,-0.303
0.335,-1.233
0.343,-1.652
0.331,-1.088
0.174,-1.673
0.119,-1.584
-0.037,0.748
-0.124,-1.175
-0.316,-0.64
-0.235,-0.925
-0.317,-1.528
-0.445,-2.771
-0.432,0.951
-0.309,0.586
-0.343,-0.477
-0.355,0.159
-0.393,-2.341
-0.569,0.329
-0.628,0.821
-0.521,-1.283
-0.86,-0.097
-1.04,-1.125
-1.257,-1.499
-1.501,-0.478
-1.663,0.652
-1.558,-1.567
-1.719,-1.126
-1.752,-1.593
-1.769,-1.43
-1.815,-0.256
-1.708,-1.697
-1.771,-1.932
-1.992,0.777
-1.94,-0.745
-1.962,-0.332
-2.025,-1.622
-2.023,-2.614
-2.155,-0.864
-2.055,-0.038
-2.067,-0.947
-2.096,-0.164
-2.252,-1.793
-2.329,-2.659
-2.168,0.572
-2.285,0.205
-2.422,-2.732
-2.426,1.09
-2.442,0.669
-2.569,-0.32
-2.707,-2.19
-2.718,0.09
-2.806,0.551
-2.798,-2.07
-2.813,-1.784
-2.952,-0.314
-3.139,0.04
-3.041,1.096
3.066,-1.268
2.997,-1.662
2.997,0.852
3.012,-1.816
2.771,-0.456
2.867,-1.447
2.761,0.409
2.644,-2.136
2.597,0.589
2.455,-2.36
2.363,1.095
2.228,-0.259
2.348,-2.509
2.12,-0.488
2.186,-1.515
2.205,-1.372
2.038,-2.504
1.977,0.864
2.007,1.187
1.834,0.851
1.917,-0.626
1.772,-1.304
1.842,-0.169
1.699,-2.015
1.39,-2.637
1.157,-1.806
1.26,-0.036
1.274,-1.94
1.107,-0.275
1.079,-0.175
1.215,-1.821
1.041,0.405
0.648,-3.065
0.742,-3.228
0.686,-3.137
-1.238,-2.988
-1.303,-3.163
-1.258,-2.842
-1.573,-3.055
-1.718,-3.19
-1.896,-3.047
-2.25,-3.141
-2.475,-3.312
-3.095,-3.034
3.054,-2.952
2.907,-3.34
2.718,-3.275
2.398,-3.047
1.603,-3.085
0.053,1.448
-0.433,1.314
-0.498,1.261
-0.686,1.177
-1.6,1.128
-2.447,1.309
-3.141,1.282
1.858,1.43
1.536,1.119
1.15,1.338
-1.709,-0.694
-0.193,-2.413
-0.556,-1.501
-1.894,-1.49
-3.053,0.107
2.77,-2.125
2.506,0.05
2.45,-0.113
2.428,-1.811
2.422,-2.118
1.565,-1.504
1.657,-0.242
1.543,-1.349
1.471,0.161
0.919,-0.62
0.197,-1.812
-1.826,0.456
-1.982,-0.839
-3.096,0.316
2.477,-1.699
-0.341,-2.984
-0.174,1.221
0.232,1.423
-1.72,1.304
-0.094,0.926
-0.18,-0.137
-0.146,3.359
-0.206,0.246
-0.217,2.275
-0.328,2.446
-0.258,1.94
-0.383,1.12
-0.473,2.213
-0.434,3.295
-0.54,1.189
-0.587,1.744
-0.587,2.19
-0.643,1.668
-0.638,1.54
-0.615,1.918
-0.682,-0.252
-0.677,2.501
-0.793,2.079
-0.886,0.847
-0.815,0.992
-0.876,1.12
-0.914,0.816
-1.054,0.02
-1.123,2.298
-1.099,0.588
-1.124,3.526
-1.215,3.119
-1.256,-0.394
-1.315,1.71
-1.309,3.426
-1.505,2.071
-1.602,0.371
-1.695,2.416
-1.668,0.595
-1.936,1.302
-1.957,0.769
-2.104,-0.348
-2.049,1.983
-2.164,1.846
-2.177,1.674
-2.097,1.515
-2.191,3.031
-2.283,1.65
-2.372,2.772
-2.471,3.183
-2.48,2.123
-2.439,2.438
-2.682,-0.15
-2.785,1.984
-2.749,1.604
-2.784,0.471
-2.721,1.507
-2.849,1.686
-2.863,2.256
-2.897,2.423
-2.858,0.361
-2.872,1.664
-2.894,2.57
-2.896,-0.454
3.003,1.411
2.907,2.898
2.923,1.545
2.899,-0.292
2.927,2.219
2.875,0.997
2.77,0.575
2.813,0.237
2.776,1.362
2.736,2.831
2.659,1.003
2.564,1.625
2.469,1.425
2.467,1.548
2.283,3.115
2.25,2.503
2.21,0.934
2.209,2.34
2.129,1.456
2.094,2.153
2.155,0.888
2.155,1.522
2.091,-0.307
1.832,1.316
1.886,0.735
1.846,1.561
1.838,-0.269
1.763,0.882
1.817,2.638
1.808,1.879
1.667,2.152
1.463,-0.28
1.48,1.544
1.396,0.345
1.371,0.959
1.43,1.446
1.372,-0.046
1.356,1.593
1.411,1.416
1.401,-0.415
1.331,1.59
1.322,1.491
1.099,3.324
1.021,0.634
0.879,0.505
0.791,2.168
0.831,2.846
0.759,1.216
0.812,3.331
0.814,1.891
0.118,-0.693
0.146,-0.758
-0.568,-0.85
-0.92,-0.53
-1.617,-0.645
-1.795,-0.755
-2.084,-0.85
-2.107,-0.956
-2.375,-0.908
-2.752,-0.465
-2.674,-0.738
3.068,-0.611
3.061,-0.697
2.862,-0.629
2.21,-0.949
1.962,-0.559
1.701,-0.576
1.532,-0.679
1.426,-0.643
0.894,-0.78
0.405,3.89
0.475,3.797
0.25,3.835
-0.161,3.77
-0.76,3.903
-0.77,3.646
-2.129,3.59
-2.131,3.641
-2.566,3.563
-2.815,3.792
-2.813,3.854
2.594,3.589
2.373,3.859
2.372,3.864
1.515,3.705
1.439,3.668
1.017,3.947
0.864,3.716
0.246,0.594
-0.207,-0.041
-2.194,3.456
-2.26,2.458
1.948,2.079
1.199,3.4
1.297,3.687
0.629,0.568
0.568,1.839
0.624,2.487
0.527,3.29
0.394,0.764
0.303,2.016
0.326,2.09
0.289,1.16
0.297,0.741
0.285,1.305
0.128,0.72
0.073,0.809
-0.083,3.141
-0.17,1.218
-0.362,1.753
-0.281,1.468
-0.363,0.865
-0.491,-0.378
-0.478,3.344
-0.355,2.979
-0.389,1.916
-0.401,2.552
-0.439,0.052
-0.615,2.722
-0.674,3.214
-0.567,1.11
-0.906,2.296
-1.086,1.268
-1.303,0.894
-1.547,1.915
-1.709,3.045
-1.604,0.826
-1.765,1.267
-1.798,0.8
-1.815,0.963
-1.861,2.137
-1.754,0.696
-1.817,0.461
-2.038,3.17
-1.986,1.648
-2.008,2.061
-2.071,0.771
-2.069,-0.221
-2.201,1.529
-2.101,2.355
-2.113,1.446
-2.142,2.229
-2.298,0.6
-2.375,-0.266
-2.214,2.965
-2.331,2.598
-2.468,-0.339
-2.472,3.483
-2.488,3.062
-2.615,2.073
-2.753,0.203
-2.764,2.483
-2.852,2.944
-2.844,0.323
-2.859,0.609
-2.998,2.079
3.098,2.433
-3.087,3.489
3.02,1.125
2.951,0.731
2.951,3.245
2.966,0.577
2.725,1.937
2.821,0.946
2.715,2.802
2.598,0.257
2.551,2.982
2.409,0.033
2.317,3.488
2.182,2.134
2.302,-0.116
2.074,1.905
2.14,0.878
2.159,1.021
1.992,-0.111
1.931,3.257
1.961,3.58
1.788,3.244
1.871,1.767
1.726,1.089
1.796,2.224
1.653,0.378
1.344,-0.244
1.111,0.587
1.214,2.357
1.228,0.453
1.061,2.118
1.033,2.218
1.169,0.572
0.995,2.798
0.602,-0.672
0.696,-0.835
0.64,-0.744
-1.284,-0.595
-1.349,-0.77
-1.304,-0.449
-1.619,-0.662
-1.764,-0.797
-1.942,-0.654
-2.296,-0.748
-2.521,-0.919
-3.141,-0.641
3.008,-0.559
2.861,-0.947
2.672,-0.882
2.352,-0.654
1.557,-0.692
0.007,3.841
-0.479,3.707
-0.544,3.654
-0.732,3.57
-1.646,3.521
-2.493,3.702
3.096,3.675
1.812,3.823
1.49,3.512
1.104,3.731
-1.755,1.699
-0.239,-0.02
-0.602,0.892
-1.94,0.903
-3.099,2.5
2.724,0.268
2.46,2.443
2.404,2.28
2.382,0.582
2.376,0.275
1.519,0.889
1.611,2.151
1.497,1.044
1.425,2.554
0.873,1.773
0.151,0.581
-1.872,2.849
-2.028,1.554
3.141,2.709
2.431,0.694
-0.387,-0.591
-0.22,3.614
0.186,3.816
-1.766,3.697
-0.086,-1.063
-0.052,2.433
-0.112,-0.68
-0.123,1.349
-0.234,1.52
-0.164,1.014
-0.289,0.194
-0.379,1.287
-0.34,2.369
-0.446,0.263
-0.493,0.818
-0.493,1.264
-0.549,0.742
-0.544,0.614
-0.521,0.992
-0.588,-1.178
-0.583,1.575
-0.699,1.153
-0.792,-0.079
-0.721,0.066
-0.782,0.194
-0.82,-0.11
-0.96,-0.906
-1.029,1.372
-1.005,-0.338
-1.03,2.6
-1.121,2.193
-1.162,-1.32
-1.221,0.784
-1.215,2.5
-1.411,1.145
-1.508,-0.555
-1.601,1.49
-1.574,-0.331
-1.842,0.376
-1.863,-0.157
-2.01,-1.274
-1.955,1.057
-2.07,0.92
-2.083,0.748
-2.003,0.589
-2.097,2.105
-2.189,0.724
-2.278,1.846
-2.377,2.257
-2.386,1.197
-2.345,1.512
-2.588,-1.076
-2.691,1.058
-2.655,0.678
-2.69,-0.455
-2.627,0.581
-2.755,0.76
-2.769,1.33
-2.803,1.497
-2.764,-0.565
-2.778,0.738
-2.8,1.644
-2.802,-1.38
3.097,0.485
3.001,1.972
3.017,0.619
2.993,-1.218
3.021,1.293
2.969,0.071
2.864,-0.351
2.907,-0.689
2.87,0.436
2.83,1.905
2.753,0.077
2.658,0.699
2.563,0.499
2.561,0.622
2.377,2.189
2.344,1.577
2.304,0.008
2.303,1.414
2.223,0.53
2.188,1.227
2.249,-0.038
2.249,0.596
2.185,-1.233
1.926,0.39
1.98,-0.191
1.94,0.635
1.932,-1.195
1.857,-0.044
1.911,1.712
1.902,0.953
1.761,1.226
1.557,-1.206
1.574,0.618
1.49,-0.581
1.465,0.033
1.524,0.52
1.466,-0.972
1.45,0.667
1.505,0.49
1.495,-1.341
1.425,0.664
1.416,0.565
1.193,2.398
1.115,-0.292
0.973,-0.421
0.885,1.242
0.925,1.92
0.853,0.29
0.906,2.405
0.908,0.965
0.212,-1.619
0.24,-1.684
-0.474,-1.776
-0.826,-1.456
-1.523,-1.571
-1.701,-1.681
-1.99,-1.776
-2.013,-1.882
-2.281,-1.834
-2.658,-1.391
-2.58,-1.664
-3.121,-1.537
-3.128,-1.623
2.956,-1.555
2.304,-1.875
2.056,-1.485
1.795,-1.502
1.626,-1.605
1.52,-1.569
0.988,-1.706
0.499,2.964
0.569,2.871
0.344,2.909
-0.067,2.844
-0.666,2.977
-0.676,2.72
-2.035,2.664
-2.037,2.715
-2.472,2.637
-2.721,2.866
-2.719,2.928
2.688,2.663
2.467,2.933
2.466,2.938
1.609,2.779
1.533,2.742
1.111,3.021
0.958,2.79
0.34,-0.332
-0.113,-0.967
-2.1,2.53
-2.166,1.532
2.042,1.153
1.293,2.474
1.391,2.761
0.723,-0.358
0.662,0.913
0.718,1.561
0.621,2.364
0.488,-0.162
0.397,1.09
0.42,1.164
0.383,0.234
0.391,-0.185
0.379,0.379
0.222,-0.206
0.167,-0.117
0.011,2.215
-0.076,0.292
-0.268,0.827
-0.187,0.542
-0.269,-0.061
-0.397,-1.304
-0.384,2.418
-0.261,2.053
-0.295,0.99
-0.307,1.626
-0.345,-0.874
-0.521,1.796
-0.58,2.288
-0.473,0.184
-0.812,1.37
-0.992,0.342
-1.209,-0.032
-1.453,0.989
-1.615,2.119
-1.51,-0.1
-1.671,0.341
-1.704,-0.126
-1.721,0.037
-1.767,1.211
-1.66,-0.23
-1.723,-0.465
-1.944,2.244
-1.892,0.722
-1.914,1.135
-1.977,-0.155
-1.975,-1.147
-2.107,0.603
-2.007,1.429
-2.019,0.52
-2.048,1.303
-2.204,-0.326
-2.281,-1.192
-2.12,2.039
-2.237,1.672
-2.374,-1.265
-2.378,2.557
-2.394,2.136
-2.521,1.147
-2.659,-0.723
-2.67,1.557
-2.758,2.018
-2.75,-0.603
-2.765,-0.317
-2.904,1.153
-3.091,1.507
-2.993,2.563
3.114,0.199
3.045,-0.195
3.045,2.319
3.06,-0.349
2.819,1.011
2.915,0.02
2.809,1.876
2.692,-0.669
2.645,2.056
2.503,-0.893
2.411,2.562
2.276,1.208
2.396,-1.042
2.168,0.979
2.234,-0.048
2.253,0.095
2.086,-1.037
2.025,2.331
2.055,2.654
1.882,2.318
1.965,0.841
1.82,0.163
1.89,1.298
1.747,-0.548
1.438,-1.17
1.205,-0.339
1.308,1.431
1.322,-0.473
1.155,1.192
1.127,1.292
1.263,-0.354
1.089,1.872
0.696,-1.598
0.79,-1.761
0.734,-1.67
-1.19,-1.521
-1.255,-1.696
-1.21,-1.375
-1.525,-1.588
-1.67,-1.723
-1.848,-1.58
-2.202,-1.674
-2.427,-1.845
-3.047,-1.567
3.102,-1.485
2.955,-1.873
2.766,-1.808
2.446,-1.58
1.651,-1.618
0.101,2.915
-0.385,2.781
-0.45,2.728
-0.638,2.644
-1.552,2.595
-2.399,2.776
-3.093,2.749
1.906,2.897
1.584,2.586
1.198,2.805
-1.661,0.773
-0.145,-0.946
-0.508,-0.034
-1.846,-0.023
-3.005,1.574
2.818,-0.658
2.554,1.517
2.498,1.354
2.476,-0.344
2.47,-0.651
1.613,-0.037
1.705,1.225
1.591,0.118
1.519,1.628
0.967,0.847
0.245,-0.345
-1.778,1.923
-1.934,0.628
-3.048,1.783
2.525,-0.232
-0.293,-1.517
-0.126,2.688
0.28,2.89
-1.672,2.771
0.034,3.496
-0.026,0.383
-0.037,2.412
-0.148,2.583
-0.078,2.077
-0.203,1.257
-0.293,2.35
-0.254,3.432
-0.36,1.326
-0.407,1.881
-0.407,2.327
-0.463,1.805
-0.458,1.677
-0.435,2.055
-0.502,-0.115
-0.497,2.638
-0.613,2.216
-0.706,0.984
-0.635,1.129
-0.696,1.257
-0.734,0.953
-0.874,0.157
-0.943,2.435
-0.919,0.725
-0.944,3.663
-1.035,3.256
-1.076,-0.257
-1.135,1.847
-1.129,3.563
-1.325,2.208
-1.422,0.508
-1.515,2.553
-1.488,0.732
-1.756,1.439
-1.777,0.906
-1.924,-0.211
-1.869,2.12
-1.984,1.983
-1.997,1.811
-1.917,1.652
-2.011,3.168
-2.103,1.787
-2.192,2.909
-2.291,3.32
-2.3,2.26
-2.259,2.575
-2.502,-0.013
-2.605,2.121
-2.569,1.741
-2.604,0.608
-2.541,1.644
-2.669,1.823
-2.683,2.393
-2.717,2.56
-2.678,0.498
-2.692,1.801
-2.714,2.707
-2.716,-0.317
-3.1,1.548
3.087,3.035
3.103,1.682
3.079,-0.155
3.107,2.356
3.055,1.134
2.95,0.712
2.993,0.374
2.956,1.499
2.916,2.968
2.839,1.14
2.744,1.762
2.649,1.562
2.647,1.685
2.463,3.252
2.43,2.64
2.39,1.071
2.389,2.477
2.309,1.593
2.274,2.29
2.335,1.025
2.335,1.659
2.271,-0.17
2.012,1.453
2.066,0.872
2.026,1.698
2.018,-0.132
1.943,1.019
1.997,2.775
1.988,2.016
1.847,2.289
1.643,-0.143
1.66,1.681
1.576,0.482
1.551,1.096
1.61,1.583
1.552,0.091
1.536,1.73
1.591,1.553
1.581,-0.278
1.511,1.727
1.502,1.628
1.279,3.461
1.201,0.771
1.059,0.642
0.971,2.305
1.011,2.983
0.939,1.353
0.992,3.468
0.994,2.028
0.298,-0.556
0.326,-0.621
-0.388,-0.713
-0.74,-0.393
-1.437,-0.508
-1.615,-0.618
-1.904,-0.713
-1.927,-0.819
-2.195,-0.771
-2.572,-0.328
-2.494,-0.601
-3.035,-0.474
-3.042,-0.56
3.042,-0.492
2.39,-0.812
2.142,-0.422
1.881,-0.439
1.712,-0.542
1.606,-0.506
1.074,-0.643
0.585,4.027
0.655,3.934
0.43,3.972
0.019,3.907
-0.58,4.04
-0.59,3.783
-1.949,3.727
-1.951,3.778
-2.386,3.7
-2.635,3.929
-2.633,3.991
2.774,3.726
2.553,3.996
2.552,4.001
1.695,3.842
1.619,3.805
1.197,4.084
1.044,3.853
0.426,0.731
-0.027,0.096
-2.014,3.593
-2.08,2.595
2.128,2.216
1.379,3.537
1.477,3.824
0.809,0.705
0.748,1.976
0.804,2.624
0.707,3.427
0.574,0.901
0.483,2.153
0.506,2.227
0.469,1.297
0.477,0.878
0.465,1.442
0.308,0.857
0.253,0.946
0.097,3.278
0.01,1.355
-0.182,1.89
-0.101,1.605
-0.183,1.002
-0.311,-0.241
-0.298,3.481
-0.175,3.116
-0.209,2.053
-0.221,2.689
-0.259,0.189
-0.435,2.859
-0.494,3.351
-0.387,1.247
-0.726,2.433
-0.906,1.405
-1.123,1.031
-1.367,2.052
-1.529,3.182
-1.424,0.963
-1.585,1.404
-1.618,0.937
-1.635,1.1
-1.681,2.274
-1.574,0.833
-1.637,0.598
-1.858,3.307
-1.806,1.785
-1.828,2.198
-1.891,0.908
-1.889,-0.084
-2.021,1.666
-1.921,2.492
-1.933,1.583
-1.962,2.366
-2.118,0.737
-2.195,-0.129
-2.034,3.102
-2.151,2.735
-2.288,-0.202
-2.292,3.62
-2.308,3.199
-2.435,2.21
-2.573,0.34
-2.584,2.62
-2.672,3.081
-2.664,0.46
-2.679,0.746
-2.818,2.216
-3.005,2.57
-2.907,3.626
-3.083,1.262
3.131,0.868
3.131,3.382
-3.137,0.714
2.905,2.074
3.001,1.083
2.895,2.939
2.778,0.394
2.731,3.119
2.589,0.17
2.497,3.625
2.362,2.271
2.482,0.021
2.254,2.042
2.32,1.015
2.339,1.158
2.172,0.026
2.111,3.394
2.141,3.717
1.968,3.381
2.051,1.904
1.906,1.226
1.976,2.361
1.833,0.515
1.524,-0.107
1.291,0.724
1.394,2.494
1.408,0.59
1.241,2.255
1.213,2.355
1.349,0.709
1.175,2.935
0.782,-0.535
0.876,-0.698
0.82,-0.607
-1.104,-0.458
-1.169,-0.633
-1.124,-0.312
-1.439,-0.525
-1.584,-0.66
-1.762,-0.517
-2.116,-0.611
-2.341,-0.782
-2.961,-0.504
-3.095,-0.422
3.041,-0.81
2.852,-0.745
2.532,-0.517
1.737,-0.555
0.187,3.978
-0.299,3.844
-0.364,3.791
-0.552,3.707
-1.466,3.658
-2.313,3.839
-3.007,3.812
1.992,3.96
1.67,3.649
1.284,3.868
-1.575,1.836
-0.059,0.117
-0.422,1.029
-1.76,1.04
-2.919,2.637
2.904,0.405
2.64,2.58
2.584,2.417
2.562,0.719
2.556,0.412
1.699,1.026
1.791,2.288
1.677,1.181
1.605,2.691
1.053,1.91
0.331,0.718
-1.692,2.986
-1.848,1.691
-2.962,2.846
2.611,0.831
-0.207,-0.454
-0.04,3.751
0.366,3.953
-1.586,3.834
-0.06,-3.113
-0.071,-1.084
-0.182,-0.913
-0.112,-1.419
-0.237,-2.239
-0.327,-1.146
-0.288,-0.064
-0.394,-2.17
-0.441,-1.615
-0.441,-1.169
-0.497,-1.691
-0.492,-1.819
-0.469,-1.441
-0.536,-3.611
-0.531,-0.858
-0.647,-1.28
-0.74,-2.512
-0.669,-2.367
-0.73,-2.239
-0.768,-2.543
-0.908,-3.339
-0.977,-1.061
-0.953,-2.771
-0.978,0.167
-1.069,-0.24
-1.11,-3.753
-1.169,-1.649
-1.163,0.067
-1.359,-1.288
-1.456,-2.988
-1.549,-0.943
-1.522,-2.764
-1.79,-2.057
-1.811,-2.59
-1.958,-3.707
-1.903,-1.376
-2.018,-1.513
-2.031,-1.685
-1.951,-1.844
-2.045,-0.328
-2.137,-1.709
-2.226,-0.587
-2.325,-0.176
-2.334,-1.236
-2.293,-0.921
-2.536,-3.509
-2.639,-1.375
-2.603,-1.755
-2.638,-2.888
-2.575,-1.852
-2.703,-1.673
-2.717,-1.103
-2.751,-0.936
-2.712,-2.998
-2.726,-1.695
-2.748,-0.789
-2.75,-3.813
-3.134,-1.948
3.053,-0.461
3.069,-1.814
3.045,-3.651
3.073,-1.14
3.021,-2.362
2.916,-2.784
2.959,-3.122
2.922,-1.997
2.882,-0.528
2.805,-2.356
2.71,-1.734
2.615,-1.934
2.613,-1.811
2.429,-0.244
2.396,-0.856
2.356,-2.425
2.355,-1.019
2.275,-1.903
2.24,-1.206
2.301,-2.471
2.301,-1.837
2.237,-3.666
1.978,-2.043
2.032,-2.624
1.992,-1.798
1.984,-3.628
1.909,-2.477
1.963,-0.721
1.954,-1.48
1.813,-1.207
1.609,-3.639
1.626,-1.815
1.542,-3.014
1.517,-2.4
1.576,-1.913
1.518,-3.405
1.502,-1.766
1.557,-1.943
1.547,-3.774
1.477,-1.769
1.468,-1.868
1.245,-0.035
1.167,-2.725
1.025,-2.854
0.937,-1.191
0.977,-0.513
0.905,-2.143
0.958,-0.028
0.96,-1.468
0.264,-4.052
0.292,-4.117
-0.422,-4.209
-0.774,-3.889
-1.471,-4.004
-1.649,-4.114
-1.938,-4.209
-1.961,-4.315
-2.229,-4.267
-2.606,-3.824
-2.528,-4.097
-3.069,-3.97
-3.076,-4.056
3.008,-3.988
2.356,-4.308
2.108,-3.918
1.847,-3.935
1.678,-4.038
1.572,-4.002
1.04,-4.139
0.551,0.531
0.621,0.438
0.396,0.476
-0.015,0.411
-0.614,0.544
-0.624,0.287
-1.983,0.231
-1.985,0.282
-2.42,0.204
-2.669,0.433
-2.667,0.495
2.74,0.23
2.519,0.5
2.518,0.505
1.661,0.346
1.585,0.309
1.163,0.588
1.01,0.357
0.392,-2.765
-0.061,-3.4
-2.048,0.097
-2.114,-0.901
2.094,-1.28
1.345,0.041
1.443,0.328
0.775,-2.791
0.714,-1.52
0.77,-0.872
0.673,-0.069
0.54,-2.595
0.449,-1.343
0.472,-1.269
0.435,-2.199
0.443,-2.618
0.431,-2.054
0.274,-2.639
0.219,-2.55
0.063,-0.218
-0.024,-2.141
-0.216,-1.606
-0.135,-1.891
-0.217,-2.494
-0.345,-3.737
-0.332,-0.015
-0.209,-0.38
-0.243,-1.443
-0.255,-0.807
-0.293,-3.307
-0.469,-0.637
-0.528,-0.145
-0.421,-2.249
-0.76,-1.063
-0.94,-2.091
-1.157,-2.465
-1.401,-1.444
-1.563,-0.314
-1.458,-2.533
-1.619,-2.092
-1.652,-2.559
-1.669,-2.396
-1.715,-1.222
-1.608,-2.663
-1.671,-2.898
-1.892,-0.189
-1.84,-1.711
-1.862,-1.298
-1.925,-2.588
-1.923,-3.58
-2.055,-1.83
-1.955,-1.004
-1.967,-1.913
-1.996,-1.13
-2.152,-2.759
-2.229,-3.625
-2.068,-0.394
-2.185,-0.761
-2.322,-3.698
-2.326,0.124
-2.342,-0.297
-2.469,-1.286
-2.607,-3.156
-2.618,-0.876
-2.706,-0.415
-2.698,-3.036
-2.713,-2.75
-2.852,-1.28
-3.039,-0.926
-2.941,0.13
-3.117,-2.234
3.097,-2.628
3.097,-0.114
3.112,-2.782
2.871,-1.422
2.967,-2.413
2.861,-0.557
2.744,-3.102
2.697,-0.377
2.555,-3.326
2.463,0.129
2.328,-1.225
2.448,-3.475
2.22,-1.454
2.286,-2.481
2.305,-2.338
2.138,-3.47
2.077,-0.102
2.107,0.221
1.934,-0.115
2.017,-1.592
1.872,-2.27
1.942,-1.135
1.799,-2.981
1.49,-3.603
1.257,-2.772
1.36,-1.002
1.374,-2.906
1.207,-1.241
1.179,-1.141
1.315,-2.787
1.141,-0.561
0.748,-4.031
0.842,-4.194
0.786,-4.103
-1.138,-3.954
-1.203,-4.129
-1.158,-3.808
-1.473,-4.021
-1.618,-4.156
-1.796,-4.013
-2.15,-4.107
-2.375,-4.278
-2.995,-4.0
-3.129,-3.918
3.007,-4.306
2.818,-4.241
2.498,-4.013
1.703,-4.051
0.153,0.482
-0.333,0.348
-0.398,0.295
-0.586,0.211
-1.5,0.162
-2.347,0.343
-3.041,0.316
1.958,0.464
1.636,0.153
1.25,0.372
-1.609,-1.66
-0.093,-3.379
-0.456,-2.467
-1.794,-2.456
-2.953,-0.859
2.87,-3.091
2.606,-0.916
2.55,-1.079
2.528,-2.777
2.522,-3.084
1.665,-2.47
1.757,-1.208
1.643,-2.315
1.571,-0.805
1.019,-1.586
0.297,-2.778
-1.726,-0.51
-1.882,-1.805
-2.996,-0.65
2.577,-2.665
-0.241,-3.95
-0.074,0.255
0.332,0.457
-1.62,0.338
-0.011,2.029
-0.122,2.2
-0.052,1.694
-0.177,0.874
-0.267,1.967
-0.228,3.049
-0.334,0.943
-0.381,1.498
-0.381,1.944
-0.437,1.422
-0.432,1.294
-0.409,1.672
-0.476,-0.498
-0.471,2.255
-0.587,1.833
-0.68,0.601
-0.609,0.746
-0.67,0.874
-0.708,0.57
-0.848,-0.226
-0.917,2.052
-0.893,0.342
-0.918,3.28
-1.009,2.873
-1.05,-0.64
-1.109,1.464
-1.103,3.18
-1.299,1.825
-1.396,0.125
-1.489,2.17
-1.462,0.349
-1.73,1.056
-1.751,0.523
-1.898,-0.594
-1.843,1.737
-1.958,1.6
-1.971,1.428
-1.891,1.269
-1.985,2.785
-2.077,1.404
-2.166,2.526
-2.265,2.937
-2.274,1.877
-2.233,2.192
-2.476,-0.396
-2.579,1.738
-2.543,1.358
-2.578,0.225
-2.515,1.261
-2.643,1.44
-2.657,2.01
-2.691,2.177
-2.652,0.115
-2.666,1.418
-2.688,2.324
-2.69,-0.7
-3.074,1.165
3.113,2.652
3.129,1.299
3.105,-0.538
3.133,1.973
3.081,0.751
2.976,0.329
3.019,-0.009
2.982,1.116
2.942,2.585
2.865,0.757
2.77,1.379
2.675,1.179
2.673,1.302
2.489,2.869
2.456,2.257
2.416,0.688
2.415,2.094
2.335,1.21
2.3,1.907
2.361,0.642
2.361,1.276
2.297,-0.553
2.038,1.07
2.092,0.489
2.052,1.315
2.044,-0.515
1.969,0.636
2.023,2.392
2.014,1.633
1.873,1.906
1.669,-0.526
1.686,1.298
1.602,0.099
1.577,0.713
1.636,1.2
1.578,-0.292
1.562,1.347
1.617,1.17
1.607,-0.661
1.537,1.344
1.528,1.245
1.305,3.078
1.227,0.388
1.085,0.259
0.997,1.922
1.037,2.6
0.965,0.97
1.018,3.085
1.02,1.645
0.324,-0.939
0.352,-1.004
-0.362,-1.096
-0.714,-0.776
-1.411,-0.891
-1.589,-1.001
-1.878,-1.096
-1.901,-1.202
-2.169,-1.154
-2.546,-0.711
-2.468,-0.984
-3.009,-0.857
-3.016,-0.943
3.068,-0.875
2.416,-1.195
2.168,-0.805
1.907,-0.822
1.738,-0.925
1.632,-0.889
1.1,-1.026
0.611,3.644
0.681,3.551
0.456,3.589
0.045,3.524
-0.554,3.657
-0.564,3.4
-1.923,3.344
-1.925,3.395
-2.36,3.317
-2.609,3.546
-2.607,3.608
2.8,3.343
2.579,3.613
2.578,3.618
1.721,3.459
1.645,3.422
1.223,3.701
1.07,3.47
0.452,0.348
-0.001,-0.287
-1.988,3.21
-2.054,2.212
2.154,1.833
1.405,3.154
1.503,3.441
0.835,0.322
0.774,1.593
0.83,2.241
0.733,3.044
0.6,0.518
0.509,1.77
0.532,1.844
0.495,0.914
0.503,0.495
0.491,1.059
0.334,0.474
0.279,0.563
0.123,2.895
0.036,0.972
-0.156,1.507
-0.075,1.222
-0.157,0.619
-0.285,-0.624
-0.272,3.098
-0.149,2.733
-0.183,1.67
-0.195,2.306
-0.233,-0.194
-0.409,2.476
-0.468,2.968
-0.361,0.864
-0.7,2.05
-0.88,1.022
-1.097,0.648
-1.341,1.669
-1.503,2.799
-1.398,0.58
-1.559,1.021
-1.592,0.554
-1.609,0.717
-1.655,1.891
-1.548,0.45
-1.611,0.215
-1.832,2.924
-1.78,1.402
-1.802,1.815
-1.865,0.525
-1.863,-0.467
-1.995,1.283
-1.895,2.109
-1.907,1.2
-1.936,1.983
-2.092,0.354
-2.169,-0.512
-2.008,2.719
-2.125,2.352
-2.262,-0.585
-2.266,3.237
-2.282,2.816
-2.409,1.827
-2.547,-0.043
-2.558,2.237
-2.646,2.698
-2.638,0.077
-2.653,0.363
-2.792,1.833
-2.979,2.187
-2.881,3.243
-3.057,0.879
-3.126,0.485
-3.126,2.999
-3.111,0.331
2.931,1.691
3.027,0.7
2.921,2.556
2.804,0.011
2.757,2.736
2.615,-0.213
2.523,3.242
2.388,1.888
2.508,-0.362
2.28,1.659
2.346,0.632
2.365,0.775
2.198,-0.357
2.137,3.011
2.167,3.334
1.994,2.998
2.077,1.521
1.932,0.843
2.002,1.978
1.859,0.132
1.55,-0.49
1.317,0.341
1.42,2.111
1.434,0.207
1.267,1.872
1.239,1.972
1.375,0.326
1.201,2.552
0.808,-0.918
0.902,-1.081
0.846,-0.99
-1.078,-0.841
-1.143,-1.016
-1.098,-0.695
-1.413,-0.908
-1.558,-1.043
-1.736,-0.9
-2.09,-0.994
-2.315,-1.165
-2.935,-0.887
-3.069,-0.805
3.067,-1.193
2.878,-1.128
2.558,-0.9
1.763,-0.938
0.213,3.595
-0.273,3.461
-0.338,3.408
-0.526,3.324
-1.44,3.275
-2.287,3.456
-2.981,3.429
2.018,3.577
1.696,3.266
1.31,3.485
-1.549,1.453
-0.033,-0.266
-0.396,0.646
-1.734,0.657
-2.893,2.254
2.93,0.022
2.666,2.197
2.61,2.034
2.588,0.336
2.582,0.029
1.725,0.643
1.817,1.905
1.703,0.798
1.631,2.308
1.079,1.527
0.357,0.335
-1.666,2.603
-1.822,1.308
-2.936,2.463
2.637,0.448
-0.181,-0.837
-0.014,3.368
0.392,3.57
-1.56,3.451
-0.111,0.171
-0.041,-0.335
-0.166,-1.155
-0.256,-0.062
-0.217,1.02
-0.323,-1.086
-0.37,-0.531
-0.37,-0.085
-0.426,-0.607
-0.421,-0.735
-0.398,-0.357
-0.465,-2.527
-0.46,0.226
-0.576,-0.196
-0.669,-1.428
-0.598,-1.283
-0.659,-1.155
-0.697,-1.459
-0.837,-2.255
-0.906,0.023
-0.882,-1.687
-0.907,1.251
-0.998,0.844
-1.039,-2.669
-1.098,-0.565
-1.092,1.151
-1.288,-0.204
-1.385,-1.904
-1.478,0.141
-1.451,-1.68
-1.719,-0.973
-1.74,-1.506
-1.887,-2.623
-1.832,-0.292
-1.947,-0.429
-1.96,-0.601
-1.88,-0.76
-1.974,0.756
-2.066,-0.625
-2.155,0.497
-2.254,0.908
-2.263,-0.152
-2.222,0.163
-2.465,-2.425
-2.568,-0.291
-2.532,-0.671
-2.567,-1.804
-2.504,-0.768
-2.632,-0.589
-2.646,-0.019
-2.68,0.148
-2.641,-1.914
-2.655,-0.611
-2.677,0.295
-2.679,-2.729
-3.063,-0.864
3.124,0.623
3.14,-0.73
3.116,-2.567
-3.139,-0.056
3.092,-1.278
2.987,-1.7
3.03,-2.038
2.993,-0.913
2.953,0.556
2.876,-1.272
2.781,-0.65
2.686,-0.85
2.684,-0.727
2.5,0.84
2.467,0.228
2.427,-1.341
2.426,0.065
2.346,-0.819
2.311,-0.122
2.372,-1.387
2.372,-0.753
2.308,-2.582
2.049,-0.959
2.103,-1.54
2.063,-0.714
2.055,-2.544
1.98,-1.393
2.034,0.363
2.025,-0.396
1.884,-0.123
1.68,-2.555
1.697,-0.731
1.613,-1.93
1.588,-1.316
1.647,-0.829
1.589,-2.321
1.573,-0.682
1.628,-0.859
1.618,-2.69
1.548,-0.685
1.539,-0.784
1.316,1.049
1.238,-1.641
1.096,-1.77
1.008,-0.107
1.048,0.571
0.976,-1.059
1.029,1.056
1.031,-0.384
0.335,-2.968
0.363,-3.033
-0.351,-3.125
-0.703,-2.805
-1.4,-2.92
-1.578,-3.03
-1.867,-3.125
-1.89,-3.231
-2.158,-3.183
-2.535,-2.74
-2.457,-3.013
-2.998,-2.886
-3.005,-2.972
3.079,-2.904
2.427,-3.224
2.179,-2.834
1.918,-2.851
1.749,-2.954
1.643,-2.918
1.111,-3.055
0.622,1.615
0.692,1.522
0.467,1.56
0.056,1.495
-0.543,1.628
-0.553,1.371
-1.912,1.315
-1.914,1.366
-2.349,1.288
-2.598,1.517
-2.596,1.579
2.811,1.314
2.59,1.584
2.589,1.589
1.732,1.43
1.656,1.393
1.234,1.672
1.081,1.441
0.463,-1.681
0.01,-2.316
-1.977,1.181
-2.043,0.183
2.165,-0.196
1.416,1.125
1.514,1.412
0.846,-1.707
0.785,-0.436
0.841,0.212
0.744,1.015
0.611,-1.511
0.52,-0.259
0.543,-0.185
0.506,-1.115
0.514,-1.534
0.502,-0.97
0.345,-1.555
0.29,-1.466
0.134,0.866
0.047,-1.057
-0.145,-0.522
-0.064,-0.807
-0.146,-1.41
-0.274,-2.653
-0.261,1.069
-0.138,0.704
-0.172,-0.359
-0.184,0.277
-0.222,-2.223
-0.398,0.447
-0.457,0.939
-0.35,-1.165
-0.689,0.021
-0.869,-1.007
-1.086,-1.381
-1.33,-0.36
-1.492,0.77
-1.387,-1.449
-1.548,-1.008
-1.581,-1.475
-1.598,-1.312
-1.644,-0.138
-1.537,-1.579
-1.6,-1.814
-1.821,0.895
-1.769,-0.627
-1.791,-0.214
-1.854,-1.504
-1.852,-2.496
-1.984,-0.746
-1.884,0.08
-1.896,-0.829
-1.925,-0.046
-2.081,-1.675
-2.158,-2.541
-1.997,0.69
-2.114,0.323
-2.251,-2.614
-2.255,1.208
-2.271,0.787
-2.398,-0.202
-2.536,-2.072
-2.547,0.208
-2.635,0.669
-2.627,-1.952
-2.642,-1.666
-2.781,-0.196
-2.968,0.158
-2.87,1.214
-3.046,-1.15
-3.115,-1.544
-3.115,0.97
-3.1,-1.698
2.942,-0.338
3.038,-1.329
2.932,0.527
2.815,-2.018
2.768,0.707
2.626,-2.242
2.534,1.213
2.399,-0.141
2.519,-2.391
2.291,-0.37
2.357,-1.397
2.376,-1.254
2.209,-2.386
2.148,0.982
2.178,1.305
2.005,0.969
2.088,-0.508
1.943,-1.186
2.013,-0.051
1.87,-1.897
1.561,-2.519
1.328,-1.688
1.431,0.082
1.445,-1.822
1.278,-0.157
1.25,-0.057
1.386,-1.703
1.212,0.523
0.819,-2.947
0.913,-3.11
0.857,-3.019
-1.067,-2.87
-1.132,-3.045
-1.087,-2.724
-1.402,-2.937
-1.547,-3.072
-1.725,-2.929
-2.079,-3.023
-2.304,-3.194
-2.924,-2.916
-3.058,-2.834
3.078,-3.222
2.889,-3.157
2.569,-2.929
1.774,-2.967
0.224,1.566
-0.262,1.432
-0.327,1.379
-0.515,1.295
-1.429,1.246
-2.276,1.427
-2.97,1.4
2.029,1.548
1.707,1.237
1.321,1.456
-1.538,-0.576
-0.022,-2.295
-0.385,-1.383
-1.723,-1.372
-2.882,0.225
2.941,-2.007
2.677,0.168
2.621,0.005
2.599,-1.693
2.593,-2.0
1.736,-1.386
1.828,-0.124
1.714,-1.231
1.642,0.279
1.09,-0.502
0.368,-1.694
-1.655,0.574
-1.811,-0.721
-2.925,0.434
2.648,-1.581
-0.17,-2.866
-0.003,1.339
0.403,1.541
-1.549,1.422
0.07,-0.506
-0.055,-1.326
-0.145,-0.233
-0.106,0.849
-0.212,-1.257
-0.259,-0.702
-0.259,-0.256
-0.315,-0.778
-0.31,-0.906
-0.287,-0.528
-0.354,-2.698
-0.349,0.055
-0.465,-0.367
-0.558,-1.599
-0.487,-1.454
-0.548,-1.326
-0.586,-1.63
-0.726,-2.426
-0.795,-0.148
-0.771,-1.858
-0.796,1.08
-0.887,0.673
-0.928,-2.84
-0.987,-0.736
-0.981,0.98
-1.177,-0.375
-1.274,-2.075
-1.367,-0.03
-1.34,-1.851
-1.608,-1.144
-1.629,-1.677
-1.776,-2.794
-1.721,-0.463
-1.836,-0.6
-1.849,-0.772
-1.769,-0.931
-1.863,0.585
-1.955,-0.796
-2.044,0.326
-2.143,0.737
-2.152,-0.323
-2.111,-0.008
-2.354,-2.596
-2.457,-0.462
-2.421,-0.842
-2.456,-1.975
-2.393,-0.939
-2.521,-0.76
-2.535,-0.19
-2.569,-0.023
-2.53,-2.085
-2.544,-0.782
-2.566,0.124
-2.568,-2.9
-2.952,-1.035
-3.048,0.452
-3.032,-0.901
-3.056,-2.738
-3.028,-0.227
-3.08,-1.449
3.098,-1.871
3.141,-2.209
3.104,-1.084
3.064,0.385
2.987,-1.443
2.892,-0.821
2.797,-1.021
2.795,-0.898
2.611,0.669
2.578,0.057
2.538,-1.512
2.537,-0.106
2.457,-0.99
2.422,-0.293
2.483,-1.558
2.483,-0.924
2.419,-2.753
2.16,-1.13
2.214,-1.711
2.174,-0.885
2.166,-2.715
2.091,-1.564
2.145,0.192
2.136,-0.567
1.995,-0.294
1.791,-2.726
1.808,-0.902
1.724,-2.101
1.699,-1.487
1.758,-1.0
1.7,-2.492
1.684,-0.853
1.739,-1.03
1.729,-2.861
1.659,-0.856
1.65,-0.955
1.427,0.878
1.349,-1.812
1.207,-1.941
1.119,-0.278
1.159,0.4
1.087,-1.23
1.14,0.885
1.142,-0.555
0.446,-3.139
0.474,-3.204
-0.24,-3.296
-0.592,-2.976
-1.289,-3.091
-1.467,-3.201
-1.756,-3.296
-1.779,-3.402
-2.047,-3.354
-2.424,-2.911
-2.346,-3.184
-2.887,-3.057
-2.894,-3.143
-3.093,-3.075
2.538,-3.395
2.29,-3.005
2.029,-3.022
1.86,-3.125
1.754,-3.089
1.222,-3.226
0.733,1.444
0.803,1.351
0.578,1.389
0.167,1.324
-0.432,1.457
-0.442,1.2
-1.801,1.144
-1.803,1.195
-2.238,1.117
-2.487,1.346
-2.485,1.408
2.922,1.143
2.701,1.413
2.7,1.418
1.843,1.259
1.767,1.222
1.345,1.501
1.192,1.27
0.574,-1.852
0.121,-2.487
-1.866,1.01
-1.932,0.012
2.276,-0.367
1.527,0.954
1.625,1.241
0.957,-1.878
0.896,-0.607
0.952,0.041
0.855,0.844
0.722,-1.682
0.631,-0.43
0.654,-0.356
0.617,-1.286
0.625,-1.705
0.613,-1.141
0.456,-1.726
0.401,-1.637
0.245,0.695
0.158,-1.228
-0.034,-0.693
0.047,-0.978
-0.035,-1.581
-0.163,-2.824
-0.15,0.898
-0.027,0.533
-0.061,-0.53
-0.073,0.106
-0.111,-2.394
-0.287,0.276
-0.346,0.768
-0.239,-1.336
-0.578,-0.15
-0.758,-1.178
-0.975,-1.552
-1.219,-0.531
-1.381,0.599
-1.276,-1.62
-1.437,-1.179
-1.47,-1.646
-1.487,-1.483
-1.533,-0.309
-1.426,-1.75
-1.489,-1.985
-1.71,0.724
-1.658,-0.798
-1.68,-0.385
-1.743,-1.675
-1.741,-2.667
-1.873,-0.917
-1.773,-0.091
-1.785,-1.0
-1.814,-0.217
-1.97,-1.846
-2.047,-2.712
-1.886,0.519
-2.003,0.152
-2.14,-2.785
-2.144,1.037
-2.16,0.616
-2.287,-0.373
-2.425,-2.243
-2.436,0.037
-2.524,0.498
-2.516,-2.123
-2.531,-1.837
-2.67,-0.367
-2.857,-0.013
-2.759,1.043
-2.935,-1.321
-3.004,-1.715
-3.004,0.799
-2.989,-1.869
3.053,-0.509
-3.134,-1.5
3.043,0.356
2.926,-2.189
2.879,0.536
2.737,-2.413
2.645,1.042
2.51,-0.312
2.63,-2.562
2.402,-0.541
2.468,-1.568
2.487,-1.425
2.32,-2.557
2.259,0.811
2.289,1.134
2.116,0.798
2.199,-0.679
2.054,-1.357
2.124,-0.222
1.981,-2.068
1.672,-2.69
1.439,-1.859
1.542,-0.089
1.556,-1.993
1.389,-0.328
1.361,-0.228
1.497,-1.874
1.323,0.352
0.93,-3.118
1.024,-3.281
0.968,-3.19
-0.956,-3.041
-1.021,-3.216
-0.976,-2.895
-1.291,-3.108
-1.436,-3.243
-1.614,-3.1
-1.968,-3.194
-2.193,-3.365
-2.813,-3.087
-2.947,-3.005
-3.094,-3.393
3.0,-3.328
2.68,-3.1
1.885,-3.138
0.335,1.395
-0.151,1.261
-0.216,1.208
-0.404,1.124
-1.318,1.075
-2.165,1.256
-2.859,1.229
2.14,1.377
1.818,1.066
1.432,1.285
-1.427,-0.747
0.089,-2.466
-0.274,-1.554
-1.612,-1.543
-2.771,0.054
3.052,-2.178
2.788,-0.003
2.732,-0.166
2.71,-1.864
2.704,-2.171
1.847,-1.557
1.939,-0.295
1.825,-1.402
1.753,0.108
1.201,-0.673
0.479,-1.865
-1.544,0.403
-1.7,-0.892
-2.814,0.263
2.759,-1.752
-0.059,-3.037
0.108,1.168
0.514,1.37
-1.438,1.251
-0.125,-0.82
-0.215,0.273
-0.176,1.355
-0.282,-0.751
-0.329,-0.196
-0.329,0.25
-0.385,-0.272
-0.38,-0.4
-0.357,-0.022
-0.424,-2.192
-0.419,0.561
-0.535,0.139
-0.628,-1.093
-0.557,-0.948
-0.618,-0.82
-0.656,-1.124
-0.796,-1.92
-0.865,0.358
-0.841,-1.352
-0.866,1.586
-0.957,1.179
-0.998,-2.334
-1.057,-0.23
-1.051,1.486
-1.247,0.131
-1.344,-1.569
-1.437,0.476
-1.41,-1.345
-1.678,-0.638
-1.699,-1.171
-1.846,-2.288
-1.791,0.043
-1.906,-0.094
-1.919,-0.266
-1.839,-0.425
-1.933,1.091
-2.025,-0.29
-2.114,0.832
-2.213,1.243
-2.222,0.183
-2.181,0.498
-2.424,-2.09
-2.527,0.044
-2.491,-0.336
-2.526,-1.469
-2.463,-0.433
-2.591,-0.254
-2.605,0.316
-2.639,0.483
-2.6,-1.579
-2.614,-0.276
-2.636,0.63
-2.638,-2.394
-3.022,-0.529
-3.118,0.958
-3.102,-0.395
-3.126,-2.232
-3.098,0.279
3.133,-0.943
3.028,-1.365
3.071,-1.703
3.034,-0.578
2.994,0.891
2.917,-0.937
2.822,-0.315
2.727,-0.515
2.725,-0.392
2.541,1.175
2.508,0.563
2.468,-1.006
2.467,0.4
2.387,-0.484
2.352,0.213
2.413,-1.052
2.413,-0.418
2.349,-2.247
2.09,-0.624
2.144,-1.205
2.104,-0.379
2.096,-2.209
2.021,-1.058
2.075,0.698
2.066,-0.061
1.925,0.212
1.721,-2.22
1.738,-0.396
1.654,-1.595
1.629,-0.981
1.688,-0.494
1.63,-1.986
1.614,-0.347
1.669,-0.524
1.659,-2.355
1.589,-0.35
1.58,-0.449
1.357,1.384
1.279,-1.306
1.137,-1.435
1.049,0.228
1.089,0.906
1.017,-0.724
1.07,1.391
1.072,-0.049
0.376,-2.633
0.404,-2.698
-0.31,-2.79
-0.662,-2.47
-1.359,-2.585
-1.537,-2.695
-1.826,-2.79
-1.849,-2.896
-2.117,-2.848
-2.494,-2.405
-2.416,-2.678
-2.957,-2.551
-2.964,-2.637
3.12,-2.569
2.468,-2.889
2.22,-2.499
1.959,-2.516
1.79,-2.619
1.684,-2.583
1.152,-2.72
0.663,1.95
0.733,1.857
0.508,1.895
0.097,1.83
-0.502,1.963
-0.512,1.706
-1.871,1.65
-1.873,1.701
-2.308,1.623
-2.557,1.852
-2.555,1.914
2.852,1.649
2.631,1.919
2.63,1.924
1.773,1.765
1.697,1.728
1.275,2.007
1.122,1.776
0.504,-1.346
0.051,-1.981
-1.936,1.516
-2.002,0.518
2.206,0.139
1.457,1.46
1.555,1.747
0.887,-1.372
0.826,-0.101
0.882,0.547
0.785,1.35
0.652,-1.176
0.561,0.076
0.584,0.15
0.547,-0.78
0.555,-1.199
0.543,-0.635
0.386,-1.22
0.331,-1.131
0.175,1.201
0.088,-0.722
-0.104,-0.187
-0.023,-0.472
-0.105,-1.075
-0.233,-2.318
-0.22,1.404
-0.097,1.039
-0.131,-0.024
-0.143,0.612
-0.181,-1.888
-0.357,0.782
-0.416,1.274
-0.309,-0.83
-0.648,0.356
-0.828,-0.672
-1.045,-1.046
-1.289,-0.025
-1.451,1.105
-1.346,-1.114
-1.507,-0.673
-1.54,-1.14
-1.557,-0.977
-1.603,0.197
-1.496,-1.244
-1.559,-1.479
-1.78,1.23
-1.728,-0.292
-1.75,0.121
-1.813,-1.169
-1.811,-2.161
-1.943,-0.411
-1.843,0.415
-1.855,-0.494
-1.884,0.289
-2.04,-1.34
-2.117,-2.206
-1.956,1.025
-2.073,0.658
-2.21,-2.279
-2.214,1.543
-2.23,1.122
-2.357,0.133
-2.495,-1.737
-2.506,0.543
-2.594,1.004
-2.586,-1.617
-2.601,-1.331
-2.74,0.139
-2.927,0.493
-2.829,1.549
-3.005,-0.815
-3.074,-1.209
-3.074,1.305
-3.059,-1.363
2.983,-0.003
3.079,-0.994
2.973,0.862
2.856,-1.683
2.809,1.042
2.667,-1.907
2.575,1.548
2.44,0.194
2.56,-2.056
2.332,-0.035
2.398,-1.062
2.417,-0.919
2.25,-2.051
2.189,1.317
2.219,1.64
2.046,1.304
2.129,-0.173
1.984,-0.851
2.054,0.284
1.911,-1.562
1.602,-2.184
1.369,-1.353
1.472,0.417
1.486,-1.487
1.319,0.178
1.291,0.278
1.427,-1.368
1.253,0.858
0.86,-2.612
0.954,-2.775
0.898,-2.684
-1.026,-2.535
-1.091,-2.71
-1.046,-2.389
-1.361,-2.602
-1.506,-2.737
-1.684,-2.594
-2.038,-2.688
-2.263,-2.859
-2.883,-2.581
-3.017,-2.499
3.119,-2.887
2.93,-2.822
2.61,-2.594
1.815,-2.632
0.265,1.901
-0.221,1.767
-0.286,1.714
-0.474,1.63
-1.388,1.581
-2.235,1.762
-2.929,1.735
2.07,1.883
1.748,1.572
1.362,1.791
-1.497,-0.241
0.019,-1.96
-0.344,-1.048
-1.682,-1.037
-2.841,0.56
2.982,-1.672
2.718,0.503
2.662,0.34
2.64,-1.358
2.634,-1.665
1.777,-1.051
1.869,0.211
1.755,-0.896
1.683,0.614
1.131,-0.167
0.409,-1.359
-1.614,0.909
-1.77,-0.386
-2.884,0.769
2.689,-1.246
-0.129,-2.531
0.038,1.674
0.444,1.876
-1.508,1.757
-0.09,1.093
-0.051,2.175
-0.157,0.069
-0.204,0.624
-0.204,1.07
-0.26,0.548
-0.255,0.42
-0.232,0.798
-0.299,-1.372
-0.294,1.381
-0.41,0.959
-0.503,-0.273
-0.432,-0.128
-0.493,0.0
-0.531,-0.304
-0.671,-1.1
-0.74,1.178
-0.716,-0.532
-0.741,2.406
-0.832,1.999
-0.873,-1.514
-0.932,0.59
-0.926,2.306
-1.122,0.951
-1.219,-0.749
-1.312,1.296
-1.285,-0.525
-1.553,0.182
-1.574,-0.351
-1.721,-1.468
-1.666,0.863
-1.781,0.726
-1.794,0.554
-1.714,0.395
-1.808,1.911
-1.9,0.53
-1.989,1.652
-2.088,2.063
-2.097,1.003
-2.056,1.318
-2.299,-1.27
-2.402,0.864
-2.366,0.484
-2.401,-0.649
-2.338,0.387
-2.466,0.566
-2.48,1.136
-2.514,1.303
-2.475,-0.759
-2.489,0.544
-2.511,1.45
-2.513,-1.574
-2.897,0.291
-2.993,1.778
-2.977,0.425
-3.001,-1.412
-2.973,1.099
-3.025,-0.123
-3.13,-0.545
-3.087,-0.883
-3.124,0.242
3.119,1.711
3.042,-0.117
2.947,0.505
2.852,0.305
2.85,0.428
2.666,1.995
2.633,1.383
2.593,-0.186
2.592,1.22
2.512,0.336
2.477,1.033
2.538,-0.232
2.538,0.402
2.474,-1.427
2.215,0.196
2.269,-0.385
2.229,0.441
2.221,-1.389
2.146,-0.238
2.2,1.518
2.191,0.759
2.05,1.032
1.846,-1.4
1.863,0.424
1.779,-0.775
1.754,-0.161
1.813,0.326
1.755,-1.166
1.739,0.473
1.794,0.296
1.784,-1.535
1.714,0.47
1.705,0.371
1.482,2.204
1.404,-0.486
1.262,-0.615
1.174,1.048
1.214,1.726
1.142,0.096
1.195,2.211
1.197,0.771
0.501,-1.813
0.529,-1.878
-0.185,-1.97
-0.537,-1.65
-1.234,-1.765
-1.412,-1.875
-1.701,-1.97
-1.724,-2.076
-1.992,-2.028
-2.369,-1.585
-2.291,-1.858
-2.832,-1.731
-2.839,-1.817
-3.038,-1.749
2.593,-2.069
2.345,-1.679
2.084,-1.696
1.915,-1.799
1.809,-1.763
1.277,-1.9
0.788,2.77
0.858,2.677
0.633,2.715
0.222,2.65
-0.377,2.783
-0.387,2.526
-1.746,2.47
-1.748,2.521
-2.183,2.443
-2.432,2.672
-2.43,2.734
2.977,2.469
2.756,2.739
2.755,2.744
1.898,2.585
1.822,2.548
1.4,2.827
1.247,2.596
0.629,-0.526
0.176,-1.161
-1.811,2.336
-1.877,1.338
2.331,0.959
1.582,2.28
1.68,2.567
1.012,-0.552
0.951,0.719
1.007,1.367
0.91,2.17
0.777,-0.356
0.686,0.896
0.709,0.97
0.672,0.04
0.68,-0.379
0.668,0.185
0.511,-0.4
0.456,-0.311
0.3,2.021
0.213,0.098
0.021,0.633
0.102,0.348
0.02,-0.255
-0.108,-1.498
-0.095,2.224
0.028,1.859
-0.006,0.796
-0.018,1.432
-0.056,-1.068
-0.232,1.602
-0.291,2.094
-0.184,-0.01
-0.523,1.176
-0.703,0.148
-0.92,-0.226
-1.164,0.795
-1.326,1.925
-1.221,-0.294
-1.382,0.147
-1.415,-0.32
-1.432,-0.157
-1.478,1.017
-1.371,-0.424
-1.434,-0.659
-1.655,2.05
-1.603,0.528
-1.625,0.941
-1.688,-0.349
-1.686,-1.341
-1.818,0.409
-1.718,1.235
-1.73,0.326
-1.759,1.109
-1.915,-0.52
-1.992,-1.386
-1.831,1.845
-1.948,1.478
-2.085,-1.459
-2.089,2.363
-2.105,1.942
-2.232,0.953
-2.37,-0.917
-2.381,1.363
-2.469,1.824
-2.461,-0.797
-2.476,-0.511
-2.615,0.959
-2.802,1.313
-2.704,2.369
-2.88,0.005
-2.949,-0.389
-2.949,2.125
-2.934,-0.543
3.108,0.817
-3.079,-0.174
3.098,1.682
2.981,-0.863
2.934,1.862
2.792,-1.087
2.7,2.368
2.565,1.014
2.685,-1.236
2.457,0.785
2.523,-0.242
2.542,-0.099
2.375,-1.231
2.314,2.137
2.344,2.46
2.171,2.124
2.254,0.647
2.109,-0.031
2.179,1.104
2.036,-0.742
1.727,-1.364
1.494,-0.533
1.597,1.237
1.611,-0.667
1.444,0.998
1.416,1.098
1.552,-0.548
1.378,1.678
0.985,-1.792
1.079,-1.955
1.023,-1.864
-0.901,-1.715
-0.966,-1.89
-0.921,-1.569
-1.236,-1.782
-1.381,-1.917
-1.559,-1.774
-1.913,-1.868
-2.138,-2.039
-2.758,-1.761
-2.892,-1.679
-3.039,-2.067
3.055,-2.002
2.735,-1.774
1.94,-1.812
0.39,2.721
-0.096,2.587
-0.161,2.534
-0.349,2.45
-1.263,2.401
-2.11,2.582
-2.804,2.555
2.195,2.703
1.873,2.392
1.487,2.611
-1.372,0.579
0.144,-1.14
-0.219,-0.228
-1.557,-0.217
-2.716,1.38
3.107,-0.852
2.843,1.323
2.787,1.16
2.765,-0.538
2.759,-0.845
1.902,-0.231
1.994,1.031
1.88,-0.076
1.808,1.434
1.256,0.653
0.534,-0.539
-1.489,1.729
-1.645,0.434
-2.759,1.589
2.814,-0.426
-0.004,-1.711
0.163,2.494
0.569,2.696
-1.383,2.577
0.039,1.082
-0.067,-1.024
-0.114,-0.469
-0.114,-0.023
-0.17,-0.545
-0.165,-0.673
-0.142,-0.295
-0.209,-2.465
-0.204,0.288
-0.32,-0.134
-0.413,-1.366
-0.342,-1.221
-0.403,-1.093
-0.441,-1.397
-0.581,-2.193
-0.65,0.085
-0.626,-1.625
-0.651,1.313
-0.742,0.906
-0.783,-2.607
-0.842,-0.503
-0.836,1.213
-1.032,-0.142
-1.129,-1.842
-1.222,0.203
-1.195,-1.618
-1.463,-0.911
-1.484,-1.444
-1.631,-2.561
-1.576,-0.23
-1.691,-0.367
-1.704,-0.539
-1.624,-0.698
-1.718,0.818
-1.81,-0.563
-1.899,0.559
-1.998,0.97
-2.007,-0.09
-1.966,0.225
-2.209,-2.363
-2.312,-0.229
-2.276,-0.609
-2.311,-1.742
-2.248,-0.706
-2.376,-0.527
-2.39,0.043
-2.424,0.21
-2.385,-1.852
-2.399,-0.549
-2.421,0.357
-2.423,-2.667
-2.807,-0.802
-2.903,0.685
-2.887,-0.668
-2.911,-2.505
-2.883,0.006
-2.935,-1.216
-3.04,-1.638
-2.997,-1.976
-3.034,-0.851
-3.074,0.618
3.132,-1.21
3.037,-0.588
2.942,-0.788
2.94,-0.665
2.756,0.902
2.723,0.29
2.683,-1.279
2.682,0.127
2.602,-0.757
2.567,-0.06
2.628,-1.325
2.628,-0.691
2.564,-2.52
2.305,-0.897
2.359,-1.478
2.319,-0.652
2.311,-2.482
2.236,-1.331
2.29,0.425
2.281,-0.334
2.14,-0.061
1.936,-2.493
1.953,-0.669
1.869,-1.868
1.844,-1.254
1.903,-0.767
1.845,-2.259
1.829,-0.62
1.884,-0.797
1.874,-2.628
1.804,-0.623
1.795,-0.722
1.572,1.111
1.494,-1.579
1.352,-1.708
1.264,-0.045
1.304,0.633
1.232,-0.997
1.285,1.118
1.287,-0.322
0.591,-2.906
0.619,-2.971
-0.095,-3.063
-0.447,-2.743
-1.144,-2.858
-1.322,-2.968
-1.611,-3.063
-1.634,-3.169
-1.902,-3.121
-2.279,-2.678
-2.201,-2.951
-2.742,-2.824
-2.749,-2.91
-2.948,-2.842
2.683,-3.162
2.435,-2.772
2.174,-2.789
2.005,-2.892
1.899,-2.856
1.367,-2.993
0.878,1.677
0.948,1.584
0.723,1.622
0.312,1.557
-0.287,1.69
-0.297,1.433
-1.656,1.377
-1.658,1.428
-2.093,1.35
-2.342,1.579
-2.34,1.641
3.067,1.376
2.846,1.646
2.845,1.651
1.988,1.492
1.912,1.455
1.49,1.734
1.337,1.503
0.719,-1.619
0.266,-2.254
-1.721,1.243
-1.787,0.245
2.421,-0.134
1.672,1.187
1.77,1.474
1.102,-1.645
1.041,-0.374
1.097,0.274
1.0,1.077
0.867,-1.449
0.776,-0.197
0.799,-0.123
0.762,-1.053
0.77,-1.472
0.758,-0.908
0.601,-1.493
0.546,-1.404
0.39,0.928
0.303,-0.995
0.111,-0.46
0.192,-0.745
0.11,-1.348
-0.018,-2.591
-0.005,1.131
0.118,0.766
0.084,-0.297
0.072,0.339
0.034,-2.161
-0.142,0.509
-0.201,1.001
-0.094,-1.103
-0.433,0.083
-0.613,-0.945
-0.83,-1.319
-1.074,-0.298
-1.236,0.832
-1.131,-1.387
-1.292,-0.946
-1.325,-1.413
-1.342,-1.25
-1.388,-0.076
-1.281,-1.517
-1.344,-1.752
-1.565,0.957
-1.513,-0.565
-1.535,-0.152
-1.598,-1.442
-1.596,-2.434
-1.728,-0.684
-1.628,0.142
-1.64,-0.767
-1.669,0.016
-1.825,-1.613
-1.902,-2.479
-1.741,0.752
-1.858,0.385
-1.995,-2.552
-1.999,1.27
-2.015,0.849
-2.142,-0.14
-2.28,-2.01
-2.291,0.27
-2.379,0.731
-2.371,-1.89
-2.386,-1.604
-2.525,-0.134
-2.712,0.22
-2.614,1.276
-2.79,-1.088
-2.859,-1.482
-2.859,1.032
-2.844,-1.636
-3.085,-0.276
-2.989,-1.267
-3.095,0.589
3.071,-1.956
3.024,0.769
2.882,-2.18
2.79,1.275
2.655,-0.079
2.775,-2.329
2.547,-0.308
2.613,-1.335
2.632,-1.192
2.465,-2.324
2.404,1.044
2.434,1.367
2.261,1.031
2.344,-0.446
2.199,-1.124
2.269,0.011
2.126,-1.835
1.817,-2.457
1.584,-1.626
1.687,0.144
1.701,-1.76
1.534,-0.095
1.506,0.005
1.642,-1.641
1.468,0.585
1.075,-2.885
1.169,-3.048
1.113,-2.957
-0.811,-2.808
-0.876,-2.983
-0.831,-2.662
-1.146,-2.875
-1.291,-3.01
-1.469,-2.867
-1.823,-2.961
-2.048,-3.132
-2.668,-2.854
-2.802,-2.772
-2.949,-3.16
-3.138,-3.095
2.825,-2.867
2.03,-2.905
0.48,1.628
-0.006,1.494
-0.071,1.441
-0.259,1.357
-1.173,1.308
-2.02,1.489
-2.714,1.462
2.285,1.61
1.963,1.299
1.577,1.518
-1.282,-0.514
0.234,-2.233
-0.129,-1.321
-1.467,-1.31
-2.626,0.287
-3.086,-1.945
2.933,0.23
2.877,0.067
2.855,-1.631
2.849,-1.938
1.992,-1.324
2.084,-0.062
1.97,-1.169
1.898,0.341
1.346,-0.44
0.624,-1.632
-1.399,0.636
-1.555,-0.659
-2.669,0.496
2.904,-1.519
0.086,-2.804
0.253,1.401
0.659,1.603
-1.293,1.484
-0.106,-2.106
-0.153,-1.551
-0.153,-1.105
-0.209,-1.627
-0.204,-1.755
-0.181,-1.377
-0.248,-3.547
-0.243,-0.794
-0.359,-1.216
-0.452,-2.448
-0.381,-2.303
-0.442,-2.175
-0.48,-2.479
-0.62,-3.275
-0.689,-0.997
-0.665,-2.707
-0.69,0.231
-0.781,-0.176
-0.822,-3.689
-0.881,-1.585
-0.875,0.131
-1.071,-1.224
-1.168,-2.924
-1.261,-0.879
-1.234,-2.7
-1.502,-1.993
-1.523,-2.526
-1.67,-3.643
-1.615,-1.312
-1.73,-1.449
-1.743,-1.621
-1.663,-1.78
-1.757,-0.264
-1.849,-1.645
-1.938,-0.523
-2.037,-0.112
-2.046,-1.172
-2.005,-0.857
-2.248,-3.445
-2.351,-1.311
-2.315,-1.691
-2.35,-2.824
-2.287,-1.788
-2.415,-1.609
-2.429,-1.039
-2.463,-0.872
-2.424,-2.934
-2.438,-1.631
-2.46,-0.725
-2.462,-3.749
-2.846,-1.884
-2.942,-0.397
-2.926,-1.75
-2.95,-3.587
-2.922,-1.076
-2.974,-2.298
-3.079,-2.72
-3.036,-3.058
-3.073,-1.933
-3.113,-0.464
3.093,-2.292
2.998,-1.67
2.903,-1.87
2.901,-1.747
2.717,-0.18
2.684,-0.792
2.644,-2.361
2.643,-0.955
2.563,-1.839
2.528,-1.142
2.589,-2.407
2.589,-1.773
2.525,-3.602
2.266,-1.979
2.32,-2.56
2.28,-1.734
2.272,-3.564
2.197,-2.413
2.251,-0.657
2.242,-1.416
2.101,-1.143
1.897,-3.575
1.914,-1.751
1.83,-2.95
1.805,-2.336
1.864,-1.849
1.806,-3.341
1.79,-1.702
1.845,-1.879
1.835,-3.71
1.765,-1.705
1.756,-1.804
1.533,0.029
1.455,-2.661
1.313,-2.79
1.225,-1.127
1.265,-0.449
1.193,-2.079
1.246,0.036
1.248,-1.404
0.552,-3.988
0.58,-4.053
-0.134,-4.145
-0.486,-3.825
-1.183,-3.94
-1.361,-4.05
-1.65,-4.145
-1.673,-4.251
-1.941,-4.203
-2.318,-3.76
-2.24,-4.033
-2.781,-3.906
-2.788,-3.992
-2.987,-3.924
2.644,-4.244
2.396,-3.854
2.135,-3.871
1.966,-3.974
1.86,-3.938
1.328,-4.075
0.839,0.595
0.909,0.502
0.684,0.54
0.273,0.475
-0.326,0.608
-0.336,0.351
-1.695,0.295
-1.697,0.346
-2.132,0.268
-2.381,0.497
-2.379,0.559
3.028,0.294
2.807,0.564
2.806,0.569
1.949,0.41
1.873,0.373
1.451,0.652
1.298,0.421
0.68,-2.701
0.227,-3.336
-1.76,0.161
-1.826,-0.837
2.382,-1.216
1.633,0.105
1.731,0.392
1.063,-2.727
1.002,-1.456
1.058,-0.808
0.961,-0.005
0.828,-2.531
0.737,-1.279
0.76,-1.205
0.723,-2.135
0.731,-2.554
0.719,-1.99
0.562,-2.575
0.507,-2.486
0.351,-0.154
0.264,-2.077
0.072,-1.542
0.153,-1.827
0.071,-2.43
-0.057,-3.673
-0.044,0.049
0.079,-0.316
0.045,-1.379
0.033,-0.743
-0.005,-3.243
-0.181,-0.573
-0.24,-0.081
-0.133,-2.185
-0.472,-0.999
-0.652,-2.027
-0.869,-2.401
-1.113,-1.38
-1.275,-0.25
-1.17,-2.469
-1.331,-2.028
-1.364,-2.495
-1.381,-2.332
-1.427,-1.158
-1.32,-2.599
-1.383,-2.834
-1.604,-0.125
-1.552,-1.647
-1.574,-1.234
-1.637,-2.524
-1.635,-3.516
-1.767,-1.766
-1.667,-0.94
-1.679,-1.849
-1.708,-1.066
-1.864,-2.695
-1.941,-3.561
-1.78,-0.33
-1.897,-0.697
-2.034,-3.634
-2.038,0.188
-2.054,-0.233
-2.181,-1.222
-2.319,-3.092
-2.33,-0.812
-2.418,-0.351
-2.41,-2.972
-2.425,-2.686
-2.564,-1.216
-2.751,-0.862
-2.653,0.194
-2.829,-2.17
-2.898,-2.564
-2.898,-0.05
-2.883,-2.718
-3.124,-1.358
-3.028,-2.349
-3.134,-0.493
3.032,-3.038
2.985,-0.313
2.843,-3.262
2.751,0.193
2.616,-1.161
2.736,-3.411
2.508,-1.39
2.574,-2.417
2.593,-2.274
2.426,-3.406
2.365,-0.038
2.395,0.285
2.222,-0.051
2.305,-1.528
2.16,-2.206
2.23,-1.071
2.087,-2.917
1.778,-3.539
1.545,-2.708
1.648,-0.938
1.662,-2.842
1.495,-1.177
1.467,-1.077
1.603,-2.723
1.429,-0.497
1.036,-3.967
1.13,-4.13
1.074,-4.039
-0.85,-3.89
-0.915,-4.065
-0.87,-3.744
-1.185,-3.957
-1.33,-4.092
-1.508,-3.949
-1.862,-4.043
-2.087,-4.214
-2.707,-3.936
-2.841,-3.854
-2.988,-4.242
3.106,-4.177
2.786,-3.949
1.991,-3.987
0.441,0.546
-0.045,0.412
-0.11,0.359
-0.298,0.275
-1.212,0.226
-2.059,0.407
-2.753,0.38
2.246,0.528
1.924,0.217
1.538,0.436
-1.321,-1.596
0.195,-3.315
-0.168,-2.403
-1.506,-2.392
-2.665,-0.795
-3.125,-3.027
2.894,-0.852
2.838,-1.015
2.816,-2.713
2.81,-3.02
1.953,-2.406
2.045,-1.144
1.931,-2.251
1.859,-0.741
1.307,-1.522
0.585,-2.714
-1.438,-0.446
-1.594,-1.741
-2.708,-0.586
2.865,-2.601
0.047,-3.886
0.214,0.319
0.62,0.521
-1.332,0.402
-0.047,0.555
-0.047,1.001
-0.103,0.479
-0.098,0.351
-0.075,0.729
-0.142,-1.441
-0.137,1.312
-0.253,0.89
-0.346,-0.342
-0.275,-0.197
-0.336,-0.069
-0.374,-0.373
-0.514,-1.169
-0.583,1.109
-0.559,-0.601
-0.584,2.337
-0.675,1.93
-0.716,-1.583
-0.775,0.521
-0.769,2.237
-0.965,0.882
-1.062,-0.818
-1.155,1.227
-1.128,-0.594
-1.396,0.113
-1.417,-0.42
-1.564,-1.537
-1.509,0.794
-1.624,0.657
-1.637,0.485
-1.557,0.326
-1.651,1.842
-1.743,0.461
-1.832,1.583
-1.931,1.994
-1.94,0.934
-1.899,1.249
-2.142,-1.339
-2.245,0.795
-2.209,0.415
-2.244,-0.718
-2.181,0.318
-2.309,0.497
-2.323,1.067
-2.357,1.234
-2.318,-0.828
-2.332,0.475
-2.354,1.381
-2.356,-1.643
-2.74,0.222
-2.836,1.709
-2.82,0.356
-2.844,-1.481
-2.816,1.03
-2.868,-0.192
-2.973,-0.614
-2.93,-0.952
-2.967,0.173
-3.007,1.642
-3.084,-0.186
3.104,0.436
3.009,0.236
3.007,0.359
2.823,1.926
2.79,1.314
2.75,-0.255
2.749,1.151
2.669,0.267
2.634,0.964
2.695,-0.301
2.695,0.333
2.631,-1.496
2.372,0.127
2.426,-0.454
2.386,0.372
2.378,-1.458
2.303,-0.307
2.357,1.449
2.348,0.69
2.207,0.963
2.003,-1.469
2.02,0.355
1.936,-0.844
1.911,-0.23
1.97,0.257
1.912,-1.235
1.896,0.404
1.951,0.227
1.941,-1.604
1.871,0.401
1.862,0.302
1.639,2.135
1.561,-0.555
1.419,-0.684
1.331,0.979
1.371,1.657
1.299,0.027
1.352,2.142
1.354,0.702
0.658,-1.882
0.686,-1.947
-0.028,-2.039
-0.38,-1.719
-1.077,-1.834
-1.255,-1.944
-1.544,-2.039
-1.567,-2.145
-1.835,-2.097
-2.212,-1.654
-2.134,-1.927
-2.675,-1.8
-2.682,-1.886
-2.881,-1.818
2.75,-2.138
2.502,-1.748
2.241,-1.765
2.072,-1.868
1.966,-1.832
1.434,-1.969
0.945,2.701
1.015,2.608
0.79,2.646
0.379,2.581
-0.22,2.714
-0.23,2.457
-1.589,2.401
-1.591,2.452
-2.026,2.374
-2.275,2.603
-2.273,2.665
3.134,2.4
2.913,2.67
2.912,2.675
2.055,2.516
1.979,2.479
1.557,2.758
1.404,2.527
0.786,-0.595
0.333,-1.23
-1.654,2.267
-1.72,1.269
2.488,0.89
1.739,2.211
1.837,2.498
1.169,-0.621
1.108,0.65
1.164,1.298
1.067,2.101
0.934,-0.425
0.843,0.827
0.866,0.901
0.829,-0.029
0.837,-0.448
0.825,0.116
0.668,-0.469
0.613,-0.38
0.457,1.952
0.37,0.029
0.178,0.564
0.259,0.279
0.177,-0.324
0.049,-1.567
0.062,2.155
0.185,1.79
0.151,0.727
0.139,1.363
0.101,-1.137
-0.075,1.533
-0.134,2.025
-0.027,-0.079
-0.366,1.107
-0.546,0.079
-0.763,-0.295
-1.007,0.726
-1.169,1.856
-1.064,-0.363
-1.225,0.078
-1.258,-0.389
-1.275,-0.226
-1.321,0.948
-1.214,-0.493
-1.277,-0.728
-1.498,1.981
-1.446,0.459
-1.468,0.872
-1.531,-0.418
-1.529,-1.41
-1.661,0.34
-1.561,1.166
-1.573,0.257
-1.602,1.04
-1.758,-0.589
-1.835,-1.455
-1.674,1.776
-1.791,1.409
-1.928,-1.528
-1.932,2.294
-1.948,1.873
-2.075,0.884
-2.213,-0.986
-2.224,1.294
-2.312,1.755
-2.304,-0.866
-2.319,-0.58
-2.458,0.89
-2.645,1.244
-2.547,2.3
-2.723,-0.064
-2.792,-0.458
-2.792,2.056
-2.777,-0.612
-3.018,0.748
-2.922,-0.243
-3.028,1.613
3.138,-0.932
3.091,1.793
2.949,-1.156
2.857,2.299
2.722,0.945
2.842,-1.305
2.614,0.716
2.68,-0.311
2.699,-0.168
2.532,-1.3
2.471,2.068
2.501,2.391
2.328,2.055
2.411,0.578
2.266,-0.1
2.336,1.035
2.193,-0.811
1.884,-1.433
1.651,-0.602
1.754,1.168
1.768,-0.736
1.601,0.929
1.573,1.029
1.709,-0.617
1.535,1.609
1.142,-1.861
1.236,-2.024
1.18,-1.933
-0.744,-1.784
-0.809,-1.959
-0.764,-1.638
-1.079,-1.851
-1.224,-1.986
-1.402,-1.843
-1.756,-1.937
-1.981,-2.108
-2.601,-1.83
-2.735,-1.748
-2.882,-2.136
-3.071,-2.071
2.892,-1.843
2.097,-1.881
0.547,2.652
0.061,2.518
-0.004,2.465
-0.192,2.381
-1.106,2.332
-1.953,2.513
-2.647,2.486
2.352,2.634
2.03,2.323
1.644,2.542
-1.215,0.51
0.301,-1.209
-0.062,-0.297
-1.4,-0.286
-2.559,1.311
-3.019,-0.921
3.0,1.254
2.944,1.091
2.922,-0.607
2.916,-0.914
2.059,-0.3
2.151,0.962
2.037,-0.145
1.965,1.365
1.413,0.584
0.691,-0.608
-1.332,1.66
-1.488,0.365
-2.602,1.52
2.971,-0.495
0.153,-1.78
0.32,2.425
0.726,2.627
-1.226,2.508
0.0,0.446
-0.056,-0.076
-0.051,-0.204
-0.028,0.174
-0.095,-1.996
-0.09,0.757
-0.206,0.335
-0.299,-0.897
-0.228,-0.752
-0.289,-0.624
-0.327,-0.928
-0.467,-1.724
-0.536,0.554
-0.512,-1.156
-0.537,1.782
-0.628,1.375
-0.669,-2.138
-0.728,-0.034
-0.722,1.682
-0.918,0.327
-1.015,-1.373
-1.108,0.672
-1.081,-1.149
-1.349,-0.442
-1.37,-0.975
-1.517,-2.092
-1.462,0.239
-1.577,0.102
-1.59,-0.07
-1.51,-0.229
-1.604,1.287
-1.696,-0.094
-1.785,1.028
-1.884,1.439
-1.893,0.379
-1.852,0.694
-2.095,-1.894
-2.198,0.24
-2.162,-0.14
-2.197,-1.273
-2.134,-0.237
-2.262,-0.058
-2.276,0.512
-2.31,0.679
-2.271,-1.383
-2.285,-0.08
-2.307,0.826
-2.309,-2.198
-2.693,-0.333
-2.789,1.154
-2.773,-0.199
-2.797,-2.036
-2.769,0.475
-2.821,-0.747
-2.926,-1.169
-2.883,-1.507
-2.92,-0.382
-2.96,1.087
-3.037,-0.741
-3.132,-0.119
3.056,-0.319
3.054,-0.196
2.87,1.371
2.837,0.759
2.797,-0.81
2.796,0.596
2.716,-0.288
2.681,0.409
2.742,-0.856
2.742,-0.222
2.678,-2.051
2.419,-0.428
2.473,-1.009
2.433,-0.183
2.425,-2.013
2.35,-0.862
2.404,0.894
2.395,0.135
2.254,0.408
2.05,-2.024
2.067,-0.2
1.983,-1.399
1.958,-0.785
2.017,-0.298
1.959,-1.79
1.943,-0.151
1.998,-0.328
1.988,-2.159
1.918,-0.154
1.909,-0.253
1.686,1.58
1.608,-1.11
1.466,-1.239
1.378,0.424
1.418,1.102
1.346,-0.528
1.399,1.587
1.401,0.147
0.705,-2.437
0.733,-2.502
0.019,-2.594
-0.333,-2.274
-1.03,-2.389
-1.208,-2.499
-1.497,-2.594
-1.52,-2.7
-1.788,-2.652
-2.165,-2.209
-2.087,-2.482
-2.628,-2.355
-2.635,-2.441
-2.834,-2.373
2.797,-2.693
2.549,-2.303
2.288,-2.32
2.119,-2.423
2.013,-2.387
1.481,-2.524
0.992,2.146
1.062,2.053
0.837,2.091
0.426,2.026
-0.173,2.159
-0.183,1.902
-1.542,1.846
-1.544,1.897
-1.979,1.819
-2.228,2.048
-2.226,2.11
-3.102,1.845
2.96,2.115
2.959,2.12
2.102,1.961
2.026,1.924
1.604,2.203
1.451,1.972
0.833,-1.15
0.38,-1.785
-1.607,1.712
-1.673,0.714
2.535,0.335
1.786,1.656
1.884,1.943
1.216,-1.176
1.155,0.095
1.211,0.743
1.114,1.546
0.981,-0.98
0.89,0.272
0.913,0.346
0.876,-0.584
0.884,-1.003
0.872,-0.439
0.715,-1.024
0.66,-0.935
0.504,1.397
0.417,-0.526
0.225,0.009
0.306,-0.276
0.224,-0.879
0.096,-2.122
0.109,1.6
0.232,1.235
0.198,0.172
0.186,0.808
0.148,-1.692
-0.028,0.978
-0.087,1.47
0.02,-0.634
-0.319,0.552
-0.499,-0.476
-0.716,-0.85
-0.96,0.171
-1.122,1.301
-1.017,-0.918
-1.178,-0.477
-1.211,-0.944
-1.228,-0.781
-1.274,0.393
-1.167,-1.048
-1.23,-1.283
-1.451,1.426
-1.399,-0.096
-1.421,0.317
-1.484,-0.973
-1.482,-1.965
-1.614,-0.215
-1.514,0.611
-1.526,-0.298
-1.555,0.485
-1.711,-1.144
-1.788,-2.01
-1.627,1.221
-1.744,0.854
-1.881,-2.083
-1.885,1.739
-1.901,1.318
-2.028,0.329
-2.166,-1.541
-2.177,0.739
-2.265,1.2
-2.257,-1.421
-2.272,-1.135
-2.411,0.335
-2.598,0.689
-2.5,1.745
-2.676,-0.619
-2.745,-1.013
-2.745,1.501
-2.73,-1.167
-2.971,0.193
-2.875,-0.798
-2.981,1.058
-3.098,-1.487
3.138,1.238
2.996,-1.711
2.904,1.744
2.769,0.39
2.889,-1.86
2.661,0.161
2.727,-0.866
2.746,-0.723
2.579,-1.855
2.518,1.513
2.548,1.836
2.375,1.5
2.458,0.023
2.313,-0.655
2.383,0.48
2.24,-1.366
1.931,-1.988
1.698,-1.157
1.801,0.613
1.815,-1.291
1.648,0.374
1.62,0.474
1.756,-1.172
1.582,1.054
1.189,-2.416
1.283,-2.579
1.227,-2.488
-0.697,-2.339
-0.762,-2.514
-0.717,-2.193
-1.032,-2.406
-1.177,-2.541
-1.355,-2.398
-1.709,-2.492
-1.934,-2.663
-2.554,-2.385
-2.688,-2.303
-2.835,-2.691
-3.024,-2.626
2.939,-2.398
2.144,-2.436
0.594,2.097
0.108,1.963
0.043,1.91
-0.145,1.826
-1.059,1.777
-1.906,1.958
-2.6,1.931
2.399,2.079
2.077,1.768
1.691,1.987
-1.168,-0.045
0.348,-1.764
-0.015,-0.852
-1.353,-0.841
-2.512,0.756
-2.972,-1.476
3.047,0.699
2.991,0.536
2.969,-1.162
2.963,-1.469
2.106,-0.855
2.198,0.407
2.084,-0.7
2.012,0.81
1.46,0.029
0.738,-1.163
-1.285,1.105
-1.441,-0.19
-2.555,0.965
3.018,-1.05
0.2,-2.335
0.367,1.87
0.773,2.072
-1.179,1.953
-0.056,-0.522
-0.051,-0.65
-0.028,-0.272
-0.095,-2.442
-0.09,0.311
-0.206,-0.111
-0.299,-1.343
-0.228,-1.198
-0.289,-1.07
-0.327,-1.374
-0.467,-2.17
-0.536,0.108
-0.512,-1.602
-0.537,1.336
-0.628,0.929
-0.669,-2.584
-0.728,-0.48
-0.722,1.236
-0.918,-0.119
-1.015,-1.819
-1.108,0.226
-1.081,-1.595
-1.349,-0.888
-1.37,-1.421
-1.517,-2.538
-1.462,-0.207
-1.577,-0.344
-1.59,-0.516
-1.51,-0.675
-1.604,0.841
-1.696,-0.54
-1.785,0.582
-1.884,0.993
-1.893,-0.067
-1.852,0.248
-2.095,-2.34
-2.198,-0.206
-2.162,-0.586
-2.197,-1.719
-2.134,-0.683
-2.262,-0.504
-2.276,0.066
-2.31,0.233
-2.271,-1.829
-2.285,-0.526
-2.307,0.38
-2.309,-2.644
-2.693,-0.779
-2.789,0.708
-2.773,-0.645
-2.797,-2.482
-2.769,0.029
-2.821,-1.193
-2.926,-1.615
-2.883,-1.953
-2.92,-0.828
-2.96,0.641
-3.037,-1.187
-3.132,-0.565
3.056,-0.765
3.054,-0.642
2.87,0.925
2.837,0.313
2.797,-1.256
2.796,0.15
2.716,-0.734
2.681,-0.037
2.742,-1.302
2.742,-0.668
2.678,-2.497
2.419,-0.874
2.473,-1.455
2.433,-0.629
2.425,-2.459
2.35,-1.308
2.404,0.448
2.395,-0.311
2.254,-0.038
2.05,-2.47
2.067,-0.646
1.983,-1.845
1.958,-1.231
2.017,-0.744
1.959,-2.236
1.943,-0.597
1.998,-0.774
1.988,-2.605
1.918,-0.6
1.909,-0.699
1.686,1.134
1.608,-1.556
1.466,-1.685
1.378,-0.022
1.418,0.656
1.346,-0.974
1.399,1.141
1.401,-0.299
0.705,-2.883
0.733,-2.948
0.019,-3.04
-0.333,-2.72
-1.03,-2.835
-1.208,-2.945
-1.497,-3.04
-1.52,-3.146
-1.788,-3.098
-2.165,-2.655
-2.087,-2.928
-2.628,-2.801
-2.635,-2.887
-2.834,-2.819
2.797,-3.139
2.549,-2.749
2.288,-2.766
2.119,-2.869
2.013,-2.833
1.481,-2.97
0.992,1.7
1.062,1.607
0.837,1.645
0.426,1.58
-0.173,1.713
-0.183,1.456
-1.542,1.4
-1.544,1.451
-1.979,1.373
-2.228,1.602
-2.226,1.664
-3.102,1.399
2.96,1.669
2.959,1.674
2.102,1.515
2.026,1.478
1.604,1.757
1.451,1.526
0.833,-1.596
0.38,-2.231
-1.607,1.266
-1.673,0.268
2.535,-0.111
1.786,1.21
1.884,1.497
1.216,-1.622
1.155,-0.351
1.211,0.297
1.114,1.1
0.981,-1.426
0.89,-0.174
0.913,-0.1
0.876,-1.03
0.884,-1.449
0.872,-0.885
0.715,-1.47
0.66,-1.381
0.504,0.951
0.417,-0.972
0.225,-0.437
0.306,-0.722
0.224,-1.325
0.096,-2.568
0.109,1.154
0.232,0.789
0.198,-0.274
0.186,0.362
0.148,-2.138
-0.028,0.532
-0.087,1.024
0.02,-1.08
-0.319,0.106
-0.499,-0.922
-0.716,-1.296
-0.96,-0.275
-1.122,0.855
-1.017,-1.364
-1.178,-0.923
-1.211,-1.39
-1.228,-1.227
-1.274,-0.053
-1.167,-1.494
-1.23,-1.729
-1.451,0.98
-1.399,-0.542
-1.421,-0.129
-1.484,-1.419
-1.482,-2.411
-1.614,-0.661
-1.514,0.165
-1.526,-0.744
-1.555,0.039
-1.711,-1.59
-1.788,-2.456
-1.627,0.775
-1.744,0.408
-1.881,-2.529
-1.885,1.293
-1.901,0.872
-2.028,-0.117
-2.166,-1.987
-2.177,0.293
-2.265,0.754
-2.257,-1.867
-2.272,-1.581
-2.411,-0.111
-2.598,0.243
-2.5,1.299
-2.676,-1.065
-2.745,-1.459
-2.745,1.055
-2.73,-1.613
-2.971,-0.253
-2.875,-1.244
-2.981,0.612
-3.098,-1.933
3.138,0.792
2.996,-2.157
2.904,1.298
2.769,-0.056
2.889,-2.306
2.661,-0.285
2.727,-1.312
2.746,-1.169
2.579,-2.301
2.518,1.067
2.548,1.39
2.375,1.054
2.458,-0.423
2.313,-1.101
2.383,0.034
2.24,-1.812
1.931,-2.434
1.698,-1.603
1.801,0.167
1.815,-1.737
1.648,-0.072
1.62,0.028
1.756,-1.618
1.582,0.608
1.189,-2.862
1.283,-3.025
1.227,-2.934
-0.697,-2.785
-0.762,-2.96
-0.717,-2.639
-1.032,-2.852
-1.177,-2.987
-1.355,-2.844
-1.709,-2.938
-1.934,-3.109
-2.554,-2.831
-2.688,-2.749
-2.835,-3.137
-3.024,-3.072
2.939,-2.844
2.144,-2.882
0.594,1.651
0.108,1.517
0.043,1.464
-0.145,1.38
-1.059,1.331
-1.906,1.512
-2.6,1.485
2.399,1.633
2.077,1.322
1.691,1.541
-1.168,-0.491
0.348,-2.21
-0.015,-1.298
-1.353,-1.287
-2.512,0.31
-2.972,-1.922
3.047,0.253
2.991,0.09
2.969,-1.608
2.963,-1.915
2.106,-1.301
2.198,-0.039
2.084,-1.146
2.012,0.364
1.46,-0.417
0.738,-1.609
-1.285,0.659
-1.441,-0.636
-2.555,0.519
3.018,-1.496
0.2,-2.781
0.367,1.424
0.773,1.626
-1.179,1.507
0.005,-0.128
0.028,0.25
-0.039,-1.92
-0.034,0.833
-0.15,0.411
-0.243,-0.821
-0.172,-0.676
-0.233,-0.548
-0.271,-0.852
-0.411,-1.648
-0.48,0.63
-0.456,-1.08
-0.481,1.858
-0.572,1.451
-0.613,-2.062
-0.672,0.042
-0.666,1.758
-0.862,0.403
-0.959,-1.297
-1.052,0.748
-1.025,-1.073
-1.293,-0.366
-1.314,-0.899
-1.461,-2.016
-1.406,0.315
-1.521,0.178
-1.534,0.006
-1.454,-0.153
-1.548,1.363
-1.64,-0.018
-1.729,1.104
-1.828,1.515
-1.837,0.455
-1.796,0.77
-2.039,-1.818
-2.142,0.316
-2.106,-0.064
-2.141,-1.197
-2.078,-0.161
-2.206,0.018
-2.22,0.588
-2.254,0.755
-2.215,-1.307
-2.229,-0.004
-2.251,0.902
-2.253,-2.122
-2.637,-0.257
-2.733,1.23
-2.717,-0.123
-2.741,-1.96
-2.713,0.551
-2.765,-0.671
-2.87,-1.093
-2.827,-1.431
-2.864,-0.306
-2.904,1.163
-2.981,-0.665
-3.076,-0.043
3.112,-0.243
3.11,-0.12
2.926,1.447
2.893,0.835
2.853,-0.734
2.852,0.672
2.772,-0.212
2.737,0.485
2.798,-0.78
2.798,-0.146
2.734,-1.975
2.475,-0.352
2.529,-0.933
2.489,-0.107
2.481,-1.937
2.406,-0.786
2.46,0.97
2.451,0.211
2.31,0.484
2.106,-1.948
2.123,-0.124
2.039,-1.323
2.014,-0.709
2.073,-0.222
2.015,-1.714
1.999,-0.075
2.054,-0.252
2.044,-2.083
1.974,-0.078
1.965,-0.177
1.742,1.656
1.664,-1.034
1.522,-1.163
1.434,0.5
1.474,1.178
1.402,-0.452
1.455,1.663
1.457,0.223
0.761,-2.361
0.789,-2.426
0.075,-2.518
-0.277,-2.198
-0.974,-2.313
-1.152,-2.423
-1.441,-2.518
-1.464,-2.624
-1.732,-2.576
-2.109,-2.133
-2.031,-2.406
-2.572,-2.279
-2.579,-2.365
-2.778,-2.297
2.853,-2.617
2.605,-2.227
2.344,-2.244
2.175,-2.347
2.069,-2.311
1.537,-2.448
1.048,2.222
1.118,2.129
0.893,2.167
0.482,2.102
-0.117,2.235
-0.127,1.978
-1.486,1.922
-1.488,1.973
-1.923,1.895
-2.172,2.124
-2.17,2.186
-3.046,1.921
3.016,2.191
3.015,2.196
2.158,2.037
2.082,2.0
1.66,2.279
1.507,2.048
0.889,-1.074
0.436,-1.709
-1.551,1.788
-1.617,0.79
2.591,0.411
1.842,1.732
1.94,2.019
1.272,-1.1
1.211,0.171
1.267,0.819
1.17,1.622
1.037,-0.904
0.946,0.348
0.969,0.422
0.932,-0.508
0.94,-0.927
0.928,-0.363
0.771,-0.948
0.716,-0.859
0.56,1.473
0.473,-0.45
0.281,0.085
0.362,-0.2
0.28,-0.803
0.152,-2.046
0.165,1.676
0.288,1.311
0.254,0.248
0.242,0.884
0.204,-1.616
0.028,1.054
-0.031,1.546
0.076,-0.558
-0.263,0.628
-0.443,-0.4
-0.66,-0.774
-0.904,0.247
-1.066,1.377
-0.961,-0.842
-1.122,-0.401
-1.155,-0.868
-1.172,-0.705
-1.218,0.469
-1.111,-0.972
-1.174,-1.207
-1.395,1.502
-1.343,-0.02
-1.365,0.393
-1.428,-0.897
-1.426,-1.889
-1.558,-0.139
-1.458,0.687
-1.47,-0.222
-1.499,0.561
-1.655,-1.068
-1.732,-1.934
-1.571,1.297
-1.688,0.93
-1.825,-2.007
-1.829,1.815
-1.845,1.394
-1.972,0.405
-2.11,-1.465
-2.121,0.815
-2.209,1.276
-2.201,-1.345
-2.216,-1.059
-2.355,0.411
-2.542,0.765
-2.444,1.821
-2.62,-0.543
-2.689,-0.937
-2.689,1.577
-2.674,-1.091
-2.915,0.269
-2.819,-0.722
-2.925,1.134
-3.042,-1.411
-3.089,1.314
3.052,-1.635
2.96,1.82
2.825,0.466
2.945,-1.784
2.717,0.237
2.783,-0.79
2.802,-0.647
2.635,-1.779
2.574,1.589
2.604,1.912
2.431,1.576
2.514,0.099
2.369,-0.579
2.439,0.556
2.296,-1.29
1.987,-1.912
1.754,-1.081
1.857,0.689
1.871,-1.215
1.704,0.45
1.676,0.55
1.812,-1.096
1.638,1.13
1.245,-2.34
1.339,-2.503
1.283,-2.412
-0.641,-2.263
-0.706,-2.438
-0.661,-2.117
-0.976,-2.33
-1.121,-2.465
-1.299,-2.322
-1.653,-2.416
-1.878,-2.587
-2.498,-2.309
-2.632,-2.227
-2.779,-2.615
-2.968,-2.55
2.995,-2.322
2.2,-2.36
0.65,2.173
0.164,2.039
0.099,1.986
-0.089,1.902
-1.003,1.853
-1.85,2.034
-2.544,2.007
2.455,2.155
2.133,1.844
1.747,2.063
-1.112,0.031
0.404,-1.688
0.041,-0.776
-1.297,-0.765
-2.456,0.832
-2.916,-1.4
3.103,0.775
3.047,0.612
3.025,-1.086
3.019,-1.393
2.162,-0.779
2.254,0.483
2.14,-0.624
2.068,0.886
1.516,0.105
0.794,-1.087
-1.229,1.181
-1.385,-0.114
-2.499,1.041
3.074,-0.974
0.256,-2.259
0.423,1.946
0.829,2.148
-1.123,2.029
0.023,0.378
-0.044,-1.792
-0.039,0.961
-0.155,0.539
-0.248,-0.693
-0.177,-0.548
-0.238,-0.42
-0.276,-0.724
-0.416,-1.52
-0.485,0.758
-0.461,-0.952
-0.486,1.986
-0.577,1.579
-0.618,-1.934
-0.677,0.17
-0.671,1.886
-0.867,0.531
-0.964,-1.169
-1.057,0.876
-1.03,-0.945
-1.298,-0.238
-1.319,-0.771
-1.466,-1.888
-1.411,0.443
-1.526,0.306
-1.539,0.134
-1.459,-0.025
-1.553,1.491
-1.645,0.11
-1.734,1.232
-1.833,1.643
-1.842,0.583
-1.801,0.898
-2.044,-1.69
-2.147,0.444
-2.111,0.064
-2.146,-1.069
-2.083,-0.033
-2.211,0.146
-2.225,0.716
-2.259,0.883
-2.22,-1.179
-2.234,0.124
-2.256,1.03
-2.258,-1.994
-2.642,-0.129
-2.738,1.358
-2.722,0.005
-2.746,-1.832
-2.718,0.679
-2.77,-0.543
-2.875,-0.965
-2.832,-1.303
-2.869,-0.178
-2.909,1.291
-2.986,-0.537
-3.081,0.085
3.107,-0.115
3.105,0.008
2.921,1.575
2.888,0.963
2.848,-0.606
2.847,0.8
2.767,-0.084
2.732,0.613
2.793,-0.652
2.793,-0.018
2.729,-1.847
2.47,-0.224
2.524,-0.805
2.484,0.021
2.476,-1.809
2.401,-0.658
2.455,1.098
2.446,0.339
2.305,0.612
2.101,-1.82
2.118,0.004
2.034,-1.195
2.009,-0.581
2.068,-0.094
2.01,-1.586
1.994,0.053
2.049,-0.124
2.039,-1.955
1.969,0.05
1.96,-0.049
1.737,1.784
1.659,-0.906
1.517,-1.035
1.429,0.628
1.469,1.306
1.397,-0.324
1.45,1.791
1.452,0.351
0.756,-2.233
0.784,-2.298
0.07,-2.39
-0.282,-2.07
-0.979,-2.185
-1.157,-2.295
-1.446,-2.39
-1.469,-2.496
-1.737,-2.448
-2.114,-2.005
-2.036,-2.278
-2.577,-2.151
-2.584,-2.237
-2.783,-2.169
2.848,-2.489
2.6,-2.099
2.339,-2.116
2.17,-2.219
2.064,-2.183
1.532,-2.32
1.043,2.35
1.113,2.257
0.888,2.295
0.477,2.23
-0.122,2.363
-0.132,2.106
-1.491,2.05
-1.493,2.101
-1.928,2.023
-2.177,2.252
-2.175,2.314
-3.051,2.049
3.011,2.319
3.01,2.324
2.153,2.165
2.077,2.128
1.655,2.407
1.502,2.176
0.884,-0.946
0.431,-1.581
-1.556,1.916
-1.622,0.918
2.586,0.539
1.837,1.86
1.935,2.147
1.267,-0.972
1.206,0.299
1.262,0.947
1.165,1.75
1.032,-0.776
0.941,0.476
0.964,0.55
0.927,-0.38
0.935,-0.799
0.923,-0.235
0.766,-0.82
0.711,-0.731
0.555,1.601
0.468,-0.322
0.276,0.213
0.357,-0.072
0.275,-0.675
0.147,-1.918
0.16,1.804
0.283,1.439
0.249,0.376
0.237,1.012
0.199,-1.488
0.023,1.182
-0.036,1.674
0.071,-0.43
-0.268,0.756
-0.448,-0.272
-0.665,-0.646
-0.909,0.375
-1.071,1.505
-0.966,-0.714
-1.127,-0.273
-1.16,-0.74
-1.177,-0.577
-1.223,0.597
-1.116,-0.844
-1.179,-1.079
-1.4,1.63
-1.348,0.108
-1.37,0.521
-1.433,-0.769
-1.431,-1.761
-1.563,-0.011
-1.463,0.815
-1.475,-0.094
-1.504,0.689
-1.66,-0.94
-1.737,-1.806
-1.576,1.425
-1.693,1.058
-1.83,-1.879
-1.834,1.943
-1.85,1.522
-1.977,0.533
-2.115,-1.337
-2.126,0.943
-2.214,1.404
-2.206,-1.217
-2.221,-0.931
-2.36,0.539
-2.547,0.893
-2.449,1.949
-2.625,-0.415
-2.694,-0.809
-2.694,1.705
-2.679,-0.963
-2.92,0.397
-2.824,-0.594
-2.93,1.262
-3.047,-1.283
-3.094,1.442
3.047,-1.507
2.955,1.948
2.82,0.594
2.94,-1.656
2.712,0.365
2.778,-0.662
2.797,-0.519
2.63,-1.651
2.569,1.717
2.599,2.04
2.426,1.704
2.509,0.227
2.364,-0.451
2.434,0.684
2.291,-1.162
1.982,-1.784
1.749,-0.953
1.852,0.817
1.866,-1.087
1.699,0.578
1.671,0.678
1.807,-0.968
1.633,1.258
1.24,-2.212
1.334,-2.375
1.278,-2.284
-0.646,-2.135
-0.711,-2.31
-0.666,-1.989
-0.981,-2.202
-1.126,-2.337
-1.304,-2.194
-1.658,-2.288
-1.883,-2.459
-2.503,-2.181
-2.637,-2.099
-2.784,-2.487
-2.973,-2.422
2.99,-2.194
2.195,-2.232
0.645,2.301
0.159,2.167
0.094,2.114
-0.094,2.03
-1.008,1.981
-1.855,2.162
-2.549,2.135
2.45,2.283
2.128,1.972
1.742,2.191
-1.117,0.159
0.399,-1.56
0.036,-0.648
-1.302,-0.637
-2.461,0.96
-2.921,-1.272
3.098,0.903
3.042,0.74
3.02,-0.958
3.014,-1.265
2.157,-0.651
2.249,0.611
2.135,-0.496
2.063,1.014
1.511,0.233
0.789,-0.959
-1.234,1.309
-1.39,0.014
-2.504,1.169
3.069,-0.846
0.251,-2.131
0.418,2.074
0.824,2.276
-1.128,2.157
-0.067,-2.17
-0.062,0.583
-0.178,0.161
-0.271,-1.071
-0.2,-0.926
-0.261,-0.798
-0.299,-1.102
-0.439,-1.898
-0.508,0.38
-0.484,-1.33
-0.509,1.608
-0.6,1.201
-0.641,-2.312
-0.7,-0.208
-0.694,1.508
-0.89,0.153
-0.987,-1.547
-1.08,0.498
-1.053,-1.323
-1.321,-0.616
-1.342,-1.149
-1.489,-2.266
-1.434,0.065
-1.549,-0.072
-1.562,-0.244
-1.482,-0.403
-1.576,1.113
-1.668,-0.268
-1.757,0.854
-1.856,1.265
-1.865,0.205
-1.824,0.52
-2.067,-2.068
-2.17,0.066
-2.134,-0.314
-2.169,-1.447
-2.106,-0.411
-2.234,-0.232
-2.248,0.338
-2.282,0.505
-2.243,-1.557
-2.257,-0.254
-2.279,0.652
-2.281,-2.372
-2.665,-0.507
-2.761,0.98
-2.745,-0.373
-2.769,-2.21
-2.741,0.301
-2.793,-0.921
-2.898,-1.343
-2.855,-1.681
-2.892,-0.556
-2.932,0.913
-3.009,-0.915
-3.104,-0.293
3.084,-0.493
3.082,-0.37
2.898,1.197
2.865,0.585
2.825,-0.984
2.824,0.422
2.744,-0.462
2.709,0.235
2.77,-1.03
2.77,-0.396
2.706,-2.225
2.447,-0.602
2.501,-1.183
2.461,-0.357
2.453,-2.187
2.378,-1.036
2.432,0.72
2.423,-0.039
2.282,0.234
2.078,-2.198
2.095,-0.374
2.011,-1.573
1.986,-0.959
2.045,-0.472
1.987,-1.964
1.971,-0.325
2.026,-0.502
2.016,-2.333
1.946,-0.328
1.937,-0.427
1.714,1.406
1.636,-1.284
1.494,-1.413
1.406,0.25
1.446,0.928
1.374,-0.702
1.427,1.413
1.429,-0.027
0.733,-2.611
0.761,-2.676
0.047,-2.768
-0.305,-2.448
-1.002,-2.563
-1.18,-2.673
-1.469,-2.768
-1.492,-2.874
-1.76,-2.826
-2.137,-2.383
-2.059,-2.656
-2.6,-2.529
-2.607,-2.615
-2.806,-2.547
2.825,-2.867
2.577,-2.477
2.316,-2.494
2.147,-2.597
2.041,-2.561
1.509,-2.698
1.02,1.972
1.09,1.879
0.865,1.917
0.454,1.852
-0.145,1.985
-0.155,1.728
-1.514,1.672
-1.516,1.723
-1.951,1.645
-2.2,1.874
-2.198,1.936
-3.074,1.671
2.988,1.941
2.987,1.946
2.13,1.787
2.054,1.75
1.632,2.029
1.479,1.798
0.861,-1.324
0.408,-1.959
-1.579,1.538
-1.645,0.54
2.563,0.161
1.814,1.482
1.912,1.769
1.244,-1.35
1.183,-0.079
1.239,0.569
1.142,1.372
1.009,-1.154
0.918,0.098
0.941,0.172
0.904,-0.758
0.912,-1.177
0.9,-0.613
0.743,-1.198
0.688,-1.109
0.532,1.223
0.445,-0.7
0.253,-0.165
0.334,-0.45
0.252,-1.053
0.124,-2.296
0.137,1.426
0.26,1.061
0.226,-0.002
0.214,0.634
0.176,-1.866
0.0,0.804
-0.059,1.296
0.048,-0.808
-0.291,0.378
-0.471,-0.65
-0.688,-1.024
-0.932,-0.003
-1.094,1.127
-0.989,-1.092
-1.15,-0.651
-1.183,-1.118
-1.2,-0.955
-1.246,0.219
-1.139,-1.222
-1.202,-1.457
-1.423,1.252
-1.371,-0.27
-1.393,0.143
-1.456,-1.147
-1.454,-2.139
-1.586,-0.389
-1.486,0.437
-1.498,-0.472
-1.527,0.311
-1.683,-1.318
-1.76,-2.184
-1.599,1.047
-1.716,0.68
-1.853,-2.257
-1.857,1.565
-1.873,1.144
-2.0,0.155
-2.138,-1.715
-2.149,0.565
-2.237,1.026
-2.229,-1.595
-2.244,-1.309
-2.383,0.161
-2.57,0.515
-2.472,1.571
-2.648,-0.793
-2.717,-1.187
-2.717,1.327
-2.702,-1.341
-2.943,0.019
-2.847,-0.972
-2.953,0.884
-3.07,-1.661
-3.117,1.064
3.024,-1.885
2.932,1.57
2.797,0.216
2.917,-2.034
2.689,-0.013
2.755,-1.04
2.774,-0.897
2.607,-2.029
2.546,1.339
2.576,1.662
2.403,1.326
2.486,-0.151
2.341,-0.829
2.411,0.306
2.268,-1.54
1.959,-2.162
1.726,-1.331
1.829,0.439
1.843,-1.465
1.676,0.2
1.648,0.3
1.784,-1.346
1.61,0.88
1.217,-2.59
1.311,-2.753
1.255,-2.662
-0.669,-2.513
-0.734,-2.688
-0.689,-2.367
-1.004,-2.58
-1.149,-2.715
-1.327,-2.572
-1.681,-2.666
-1.906,-2.837
-2.526,-2.559
-2.66,-2.477
-2.807,-2.865
-2.996,-2.8
2.967,-2.572
2.172,-2.61
0.622,1.923
0.136,1.789
0.071,1.736
-0.117,1.652
-1.031,1.603
-1.878,1.784
-2.572,1.757
2.427,1.905
2.105,1.594
1.719,1.813
-1.14,-0.219
0.376,-1.938
0.013,-1.026
-1.325,-1.015
-2.484,0.582
-2.944,-1.65
3.075,0.525
3.019,0.362
2.997,-1.336
2.991,-1.643
2.134,-1.029
2.226,0.233
2.112,-0.874
2.04,0.636
1.488,-0.145
0.766,-1.337
-1.257,0.931
-1.413,-0.364
-2.527,0.791
3.046,-1.224
0.228,-2.509
0.395,1.696
0.801,1.898
-1.151,1.779
0.005,2.753
-0.111,2.331
-0.204,1.099
-0.133,1.244
-0.194,1.372
-0.232,1.068
-0.372,0.272
-0.441,2.55
-0.417,0.84
-0.442,3.778
-0.533,3.371
-0.574,-0.142
-0.633,1.962
-0.627,3.678
-0.823,2.323
-0.92,0.623
-1.013,2.668
-0.986,0.847
-1.254,1.554
-1.275,1.021
-1.422,-0.096
-1.367,2.235
-1.482,2.098
-1.495,1.926
-1.415,1.767
-1.509,3.283
-1.601,1.902
-1.69,3.024
-1.789,3.435
-1.798,2.375
-1.757,2.69
-2.0,0.102
-2.103,2.236
-2.067,1.856
-2.102,0.723
-2.039,1.759
-2.167,1.938
-2.181,2.508
-2.215,2.675
-2.176,0.613
-2.19,1.916
-2.212,2.822
-2.214,-0.202
-2.598,1.663
-2.694,3.15
-2.678,1.797
-2.702,-0.04
-2.674,2.471
-2.726,1.249
-2.831,0.827
-2.788,0.489
-2.825,1.614
-2.865,3.083
-2.942,1.255
-3.037,1.877
-3.132,1.677
-3.134,1.8
2.965,3.367
2.932,2.755
2.892,1.186
2.891,2.592
2.811,1.708
2.776,2.405
2.837,1.14
2.837,1.774
2.773,-0.055
2.514,1.568
2.568,0.987
2.528,1.813
2.52,-0.017
2.445,1.134
2.499,2.89
2.49,2.131
2.349,2.404
2.145,-0.028
2.162,1.796
2.078,0.597
2.053,1.211
2.112,1.698
2.054,0.206
2.038,1.845
2.093,1.668
2.083,-0.163
2.013,1.842
2.004,1.743
1.781,3.576
1.703,0.886
1.561,0.757
1.473,2.42
1.513,3.098
1.441,1.468
1.494,3.583
1.496,2.143
0.8,-0.441
0.828,-0.506
0.114,-0.598
-0.238,-0.278
-0.935,-0.393
-1.113,-0.503
-1.402,-0.598
-1.425,-0.704
-1.693,-0.656
-2.07,-0.213
-1.992,-0.486
-2.533,-0.359
-2.54,-0.445
-2.739,-0.377
2.892,-0.697
2.644,-0.307
2.383,-0.324
2.214,-0.427
2.108,-0.391
1.576,-0.528
1.087,4.142
1.157,4.049
0.932,4.087
0.521,4.022
-0.078,4.155
-0.088,3.898
-1.447,3.842
-1.449,3.893
-1.884,3.815
-2.133,4.044
-2.131,4.106
-3.007,3.841
3.055,4.111
3.054,4.116
2.197,3.957
2.121,3.92
1.699,4.199
1.546,3.968
0.928,0.846
0.475,0.211
-1.512,3.708
-1.578,2.71
2.63,2.331
1.881,3.652
1.979,3.939
1.311,0.82
1.25,2.091
1.306,2.739
1.209,3.542
1.076,1.016
0.985,2.268
1.008,2.342
0.971,1.412
0.979,0.993
0.967,1.557
0.81,0.972
0.755,1.061
0.599,3.393
0.512,1.47
0.32,2.005
0.401,1.72
0.319,1.117
0.191,-0.126
0.204,3.596
0.327,3.231
0.293,2.168
0.281,2.804
0.243,0.304
0.067,2.974
0.008,3.466
0.115,1.362
-0.224,2.548
-0.404,1.52
-0.621,1.146
-0.865,2.167
-1.027,3.297
-0.922,1.078
-1.083,1.519
-1.116,1.052
-1.133,1.215
-1.179,2.389
-1.072,0.948
-1.135,0.713
-1.356,3.422
-1.304,1.9
-1.326,2.313
-1.389,1.023
-1.387,0.031
-1.519,1.781
-1.419,2.607
-1.431,1.698
-1.46,2.481
-1.616,0.852
-1.693,-0.014
-1.532,3.217
-1.649,2.85
-1.786,-0.087
-1.79,3.735
-1.806,3.314
-1.933,2.325
-2.071,0.455
-2.082,2.735
-2.17,3.196
-2.162,0.575
-2.177,0.861
-2.316,2.331
-2.503,2.685
-2.405,3.741
-2.581,1.377
-2.65,0.983
-2.65,3.497
-2.635,0.829
-2.876,2.189
-2.78,1.198
-2.886,3.054
-3.003,0.509
-3.05,3.234
3.091,0.285
2.999,3.74
2.864,2.386
2.984,0.136
2.756,2.157
2.822,1.13
2.841,1.273
2.674,0.141
2.613,3.509
2.643,3.832
2.47,3.496
2.553,2.019
2.408,1.341
2.478,2.476
2.335,0.63
2.026,0.008
1.793,0.839
1.896,2.609
1.91,0.705
1.743,2.37
1.715,2.47
1.851,0.824
1.677,3.05
1.284,-0.42
1.378,-0.583
1.322,-0.492
-0.602,-0.343
-0.667,-0.518
-0.622,-0.197
-0.937,-0.41
-1.082,-0.545
-1.26,-0.402
-1.614,-0.496
-1.839,-0.667
-2.459,-0.389
-2.593,-0.307
-2.74,-0.695
-2.929,-0.63
3.034,-0.402
2.239,-0.44
0.689,4.093
0.203,3.959
0.138,3.906
-0.05,3.822
-0.964,3.773
-1.811,3.954
-2.505,3.927
2.494,4.075
2.172,3.764
1.786,3.983
-1.073,1.951
0.443,0.232
0.08,1.144
-1.258,1.155
-2.417,2.752
-2.877,0.52
-3.141,2.695
3.086,2.532
3.064,0.834
3.058,0.527
2.201,1.141
2.293,2.403
2.179,1.296
2.107,2.806
1.555,2.025
0.833,0.833
-1.19,3.101
-1.346,1.806
-2.46,2.961
3.113,0.946
0.295,-0.339
0.462,3.866
0.868,4.068
-1.084,3.949
-0.116,-0.422
-0.209,-1.654
-0.138,-1.509
-0.199,-1.381
-0.237,-1.685
-0.377,-2.481
-0.446,-0.203
-0.422,-1.913
-0.447,1.025
-0.538,0.618
-0.579,-2.895
-0.638,-0.791
-0.632,0.925
-0.828,-0.43
-0.925,-2.13
-1.018,-0.085
-0.991,-1.906
-1.259,-1.199
-1.28,-1.732
-1.427,-2.849
-1.372,-0.518
-1.487,-0.655
-1.5,-0.827
-1.42,-0.986
-1.514,0.53
-1.606,-0.851
-1.695,0.271
-1.794,0.682
-1.803,-0.378
-1.762,-0.063
-2.005,-2.651
-2.108,-0.517
-2.072,-0.897
-2.107,-2.03
-2.044,-0.994
-2.172,-0.815
-2.186,-0.245
-2.22,-0.078
-2.181,-2.14
-2.195,-0.837
-2.217,0.069
-2.219,-2.955
-2.603,-1.09
-2.699,0.397
-2.683,-0.956
-2.707,-2.793
-2.679,-0.282
-2.731,-1.504
-2.836,-1.926
-2.793,-2.264
-2.83,-1.139
-2.87,0.33
-2.947,-1.498
-3.042,-0.876
-3.137,-1.076
-3.139,-0.953
2.96,0.614
2.927,0.002
2.887,-1.567
2.886,-0.161
2.806,-1.045
2.771,-0.348
2.832,-1.613
2.832,-0.979
2.768,-2.808
2.509,-1.185
2.563,-1.766
2.523,-0.94
2.515,-2.77
2.44,-1.619
2.494,0.137
2.485,-0.622
2.344,-0.349
2.14,-2.781
2.157,-0.957
2.073,-2.156
2.048,-1.542
2.107,-1.055
2.049,-2.547
2.033,-0.908
2.088,-1.085
2.078,-2.916
2.008,-0.911
1.999,-1.01
1.776,0.823
1.698,-1.867
1.556,-1.996
1.468,-0.333
1.508,0.345
1.436,-1.285
1.489,0.83
1.491,-0.61
0.795,-3.194
0.823,-3.259
0.109,-3.351
-0.243,-3.031
-0.94,-3.146
-1.118,-3.256
-1.407,-3.351
-1.43,-3.457
-1.698,-3.409
-2.075,-2.966
-1.997,-3.239
-2.538,-3.112
-2.545,-3.198
-2.744,-3.13
2.887,-3.45
2.639,-3.06
2.378,-3.077
2.209,-3.18
2.103,-3.144
1.571,-3.281
1.082,1.389
1.152,1.296
0.927,1.334
0.516,1.269
-0.083,1.402
-0.093,1.145
-1.452,1.089
-1.454,1.14
-1.889,1.062
-2.138,1.291
-2.136,1.353
-3.012,1.088
3.05,1.358
3.049,1.363
2.192,1.204
2.116,1.167
1.694,1.446
1.541,1.215
0.923,-1.907
0.47,-2.542
-1.517,0.955
-1.583,-0.043
2.625,-0.422
1.876,0.899
1.974,1.186
1.306,-1.933
1.245,-0.662
1.301,-0.014
1.204,0.789
1.071,-1.737
0.98,-0.485
1.003,-0.411
0.966,-1.341
0.974,-1.76
0.962,-1.196
0.805,-1.781
0.75,-1.692
0.594,0.64
0.507,-1.283
0.315,-0.748
0.396,-1.033
0.314,-1.636
0.186,-2.879
0.199,0.843
0.322,0.478
0.288,-0.585
0.276,0.051
0.238,-2.449
0.062,0.221
0.003,0.713
0.11,-1.391
-0.229,-0.205
-0.409,-1.233
-0.626,-1.607
-0.87,-0.586
-1.032,0.544
-0.927,-1.675
-1.088,-1.234
-1.121,-1.701
-1.138,-1.538
-1.184,-0.364
-1.077,-1.805
-1.14,-2.04
-1.361,0.669
-1.309,-0.853
-1.331,-0.44
-1.394,-1.73
-1.392,-2.722
-1.524,-0.972
-1.424,-0.146
-1.436,-1.055
-1.465,-0.272
-1.621,-1.901
-1.698,-2.767
-1.537,0.464
-1.654,0.097
-1.791,-2.84
-1.795,0.982
-1.811,0.561
-1.938,-0.428
-2.076,-2.298
-2.087,-0.018
-2.175,0.443
-2.167,-2.178
-2.182,-1.892
-2.321,-0.422
-2.508,-0.068
-2.41,0.988
-2.586,-1.376
-2.655,-1.77
-2.655,0.744
-2.64,-1.924
-2.881,-0.564
-2.785,-1.555
-2.891,0.301
-3.008,-2.244
-3.055,0.481
3.086,-2.468
2.994,0.987
2.859,-0.367
2.979,-2.617
2.751,-0.596
2.817,-1.623
2.836,-1.48
2.669,-2.612
2.608,0.756
2.638,1.079
2.465,0.743
2.548,-0.734
2.403,-1.412
2.473,-0.277
2.33,-2.123
2.021,-2.745
1.788,-1.914
1.891,-0.144
1.905,-2.048
1.738,-0.383
1.71,-0.283
1.846,-1.929
1.672,0.297
1.279,-3.173
1.373,-3.336
1.317,-3.245
-0.607,-3.096
-0.672,-3.271
-0.627,-2.95
-0.942,-3.163
-1.087,-3.298
-1.265,-3.155
-1.619,-3.249
-1.844,-3.42
-2.464,-3.142
-2.598,-3.06
-2.745,-3.448
-2.934,-3.383
3.029,-3.155
2.234,-3.193
0.684,1.34
0.198,1.206
0.133,1.153
-0.055,1.069
-0.969,1.02
-1.816,1.201
-2.51,1.174
2.489,1.322
2.167,1.011
1.781,1.23
-1.078,-0.802
0.438,-2.521
0.075,-1.609
-1.263,-1.598
-2.422,-0.001
-2.882,-2.233
3.137,-0.058
3.081,-0.221
3.059,-1.919
3.053,-2.226
2.196,-1.612
2.288,-0.35
2.174,-1.457
2.102,0.053
1.55,-0.728
0.828,-1.92
-1.195,0.348
-1.351,-0.947
-2.465,0.208
3.108,-1.807
0.29,-3.092
0.457,1.113
0.863,1.315
-1.089,1.196
-0.093,-1.232
-0.022,-1.087
-0.083,-0.959
-0.121,-1.263
-0.261,-2.059
-0.33,0.219
-0.306,-1.491
-0.331,1.447
-0.422,1.04
-0.463,-2.473
-0.522,-0.369
-0.516,1.347
-0.712,-0.008
-0.809,-1.708
-0.902,0.337
-0.875,-1.484
-1.143,-0.777
-1.164,-1.31
-1.311,-2.427
-1.256,-0.096
-1.371,-0.233
-1.384,-0.405
-1.304,-0.564
-1.398,0.952
-1.49,-0.429
-1.579,0.693
-1.678,1.104
-1.687,0.044
-1.646,0.359
-1.889,-2.229
-1.992,-0.095
-1.956,-0.475
-1.991,-1.608
-1.928,-0.572
-2.056,-0.393
-2.07,0.177
-2.104,0.344
-2.065,-1.718
-2.079,-0.415
-2.101,0.491
-2.103,-2.533
-2.487,-0.668
-2.583,0.819
-2.567,-0.534
-2.591,-2.371
-2.563,0.14
-2.615,-1.082
-2.72,-1.504
-2.677,-1.842
-2.714,-0.717
-2.754,0.752
-2.831,-1.076
-2.926,-0.454
-3.021,-0.654
-3.023,-0.531
3.076,1.036
3.043,0.424
3.003,-1.145
3.002,0.261
2.922,-0.623
2.887,0.074
2.948,-1.191
2.948,-0.557
2.884,-2.386
2.625,-0.763
2.679,-1.344
2.639,-0.518
2.631,-2.348
2.556,-1.197
2.61,0.559
2.601,-0.2
2.46,0.073
2.256,-2.359
2.273,-0.535
2.189,-1.734
2.164,-1.12
2.223,-0.633
2.165,-2.125
2.149,-0.486
2.204,-0.663
2.194,-2.494
2.124,-0.489
2.115,-0.588
1.892,1.245
1.814,-1.445
1.672,-1.574
1.584,0.089
1.624,0.767
1.552,-0.863
1.605,1.252
1.607,-0.188
0.911,-2.772
0.939,-2.837
0.225,-2.929
-0.127,-2.609
-0.824,-2.724
-1.002,-2.834
-1.291,-2.929
-1.314,-3.035
-1.582,-2.987
-1.959,-2.544
-1.881,-2.817
-2.422,-2.69
-2.429,-2.776
-2.628,-2.708
3.003,-3.028
2.755,-2.638
2.494,-2.655
2.325,-2.758
2.219,-2.722
1.687,-2.859
1.198,1.811
1.268,1.718
1.043,1.756
0.632,1.691
0.033,1.824
0.023,1.567
-1.336,1.511
-1.338,1.562
-1.773,1.484
-2.022,1.713
-2.02,1.775
-2.896,1.51
-3.117,1.78
-3.118,1.785
2.308,1.626
2.232,1.589
1.81,1.868
1.657,1.637
1.039,-1.485
0.586,-2.12
-1.401,1.377
-1.467,0.379
2.741,0.0
1.992,1.321
2.09,1.608
1.422,-1.511
1.361,-0.24
1.417,0.408
1.32,1.211
1.187,-1.315
1.096,-0.063
1.119,0.011
1.082,-0.919
1.09,-1.338
1.078,-0.774
0.921,-1.359
0.866,-1.27
0.71,1.062
0.623,-0.861
0.431,-0.326
0.512,-0.611
0.43,-1.214
0.302,-2.457
0.315,1.265
0.438,0.9
0.404,-0.163
0.392,0.473
0.354,-2.027
0.178,0.643
0.119,1.135
0.226,-0.969
-0.113,0.217
-0.293,-0.811
-0.51,-1.185
-0.754,-0.164
-0.916,0.966
-0.811,-1.253
-0.972,-0.812
-1.005,-1.279
-1.022,-1.116
-1.068,0.058
-0.961,-1.383
-1.024,-1.618
-1.245,1.091
-1.193,-0.431
-1.215,-0.018
-1.278,-1.308
-1.276,-2.3
-1.408,-0.55
-1.308,0.276
-1.32,-0.633
-1.349,0.15
-1.505,-1.479
-1.582,-2.345
-1.421,0.886
-1.538,0.519
-1.675,-2.418
-1.679,1.404
-1.695,0.983
-1.822,-0.006
-1.96,-1.876
-1.971,0.404
-2.059,0.865
-2.051,-1.756
-2.066,-1.47
-2.205,0.0
-2.392,0.354
-2.294,1.41
-2.47,-0.954
-2.539,-1.348
-2.539,1.166
-2.524,-1.502
-2.765,-0.142
-2.669,-1.133
-2.775,0.723
-2.892,-1.822
-2.939,0.903
-3.081,-2.046
3.11,1.409
2.975,0.055
3.095,-2.195
2.867,-0.174
2.933,-1.201
2.952,-1.058
2.785,-2.19
2.724,1.178
2.754,1.501
2.581,1.165
2.664,-0.312
2.519,-0.99
2.589,0.145
2.446,-1.701
2.137,-2.323
1.904,-1.492
2.007,0.278
2.021,-1.626
1.854,0.039
1.826,0.139
1.962,-1.507
1.788,0.719
1.395,-2.751
1.489,-2.914
1.433,-2.823
-0.491,-2.674
-0.556,-2.849
-0.511,-2.528
-0.826,-2.741
-0.971,-2.876
-1.149,-2.733
-1.503,-2.827
-1.728,-2.998
-2.348,-2.72
-2.482,-2.638
-2.629,-3.026
-2.818,-2.961
-3.138,-2.733
2.35,-2.771
0.8,1.762
0.314,1.628
0.249,1.575
0.061,1.491
-0.853,1.442
-1.7,1.623
-2.394,1.596
2.605,1.744
2.283,1.433
1.897,1.652
-0.962,-0.38
0.554,-2.099
0.191,-1.187
-1.147,-1.176
-2.306,0.421
-2.766,-1.811
-3.03,0.364
-3.086,0.201
-3.108,-1.497
-3.114,-1.804
2.312,-1.19
2.404,0.072
2.29,-1.035
2.218,0.475
1.666,-0.306
0.944,-1.498
-1.079,0.77
-1.235,-0.525
-2.349,0.63
-3.059,-1.385
0.406,-2.67
0.573,1.535
0.979,1.737
-0.973,1.618
0.071,0.145
0.01,0.273
-0.028,-0.031
-0.168,-0.827
-0.237,1.451
-0.213,-0.259
-0.238,2.679
-0.329,2.272
-0.37,-1.241
-0.429,0.863
-0.423,2.579
-0.619,1.224
-0.716,-0.476
-0.809,1.569
-0.782,-0.252
-1.05,0.455
-1.071,-0.078
-1.218,-1.195
-1.163,1.136
-1.278,0.999
-1.291,0.827
-1.211,0.668
-1.305,2.184
-1.397,0.803
-1.486,1.925
-1.585,2.336
-1.594,1.276
-1.553,1.591
-1.796,-0.997
-1.899,1.137
-1.863,0.757
-1.898,-0.376
-1.835,0.66
-1.963,0.839
-1.977,1.409
-2.011,1.576
-1.972,-0.486
-1.986,0.817
-2.008,1.723
-2.01,-1.301
-2.394,0.564
-2.49,2.051
-2.474,0.698
-2.498,-1.139
-2.47,1.372
-2.522,0.15
-2.627,-0.272
-2.584,-0.61
-2.621,0.515
-2.661,1.984
-2.738,0.156
-2.833,0.778
-2.928,0.578
-2.93,0.701
-3.114,2.268
3.136,1.656
3.096,0.087
3.095,1.493
3.015,0.609
2.98,1.306
3.041,0.041
3.041,0.675
2.977,-1.154
2.718,0.469
2.772,-0.112
2.732,0.714
2.724,-1.116
2.649,0.035
2.703,1.791
2.694,1.032
2.553,1.305
2.349,-1.127
2.366,0.697
2.282,-0.502
2.257,0.112
2.316,0.599
2.258,-0.893
2.242,0.746
2.297,0.569
2.287,-1.262
2.217,0.743
2.208,0.644
1.985,2.477
1.907,-0.213
1.765,-0.342
1.677,1.321
1.717,1.999
1.645,0.369
1.698,2.484
1.7,1.044
1.004,-1.54
1.032,-1.605
0.318,-1.697
-0.034,-1.377
-0.731,-1.492
-0.909,-1.602
-1.198,-1.697
-1.221,-1.803
-1.489,-1.755
-1.866,-1.312
-1.788,-1.585
-2.329,-1.458
-2.336,-1.544
-2.535,-1.476
3.096,-1.796
2.848,-1.406
2.587,-1.423
2.418,-1.526
2.312,-1.49
1.78,-1.627
1.291,3.043
1.361,2.95
1.136,2.988
0.725,2.923
0.126,3.056
0.116,2.799
-1.243,2.743
-1.245,2.794
-1.68,2.716
-1.929,2.945
-1.927,3.007
-2.803,2.742
-3.024,3.012
-3.025,3.017
2.401,2.858
2.325,2.821
1.903,3.1
1.75,2.869
1.132,-0.253
0.679,-0.888
-1.308,2.609
-1.374,1.611
2.834,1.232
2.085,2.553
2.183,2.84
1.515,-0.279
1.454,0.992
1.51,1.64
1.413,2.443
1.28,-0.083
1.189,1.169
1.212,1.243
1.175,0.313
1.183,-0.106
1.171,0.458
1.014,-0.127
0.959,-0.038
0.803,2.294
0.716,0.371
0.524,0.906
0.605,0.621
0.523,0.018
0.395,-1.225
0.408,2.497
0.531,2.132
0.497,1.069
0.485,1.705
0.447,-0.795
0.271,1.875
0.212,2.367
0.319,0.263
-0.02,1.449
-0.2,0.421
-0.417,0.047
-0.661,1.068
-0.823,2.198
-0.718,-0.021
-0.879,0.42
-0.912,-0.047
-0.929,0.116
-0.975,1.29
-0.868,-0.151
-0.931,-0.386
-1.152,2.323
-1.1,0.801
-1.122,1.214
-1.185,-0.076
-1.183,-1.068
-1.315,0.682
-1.215,1.508
-1.227,0.599
-1.256,1.382
-1.412,-0.247
-1.489,-1.113
-1.328,2.118
-1.445,1.751
-1.582,-1.186
-1.586,2.636
-1.602,2.215
-1.729,1.226
-1.867,-0.644
-1.878,1.636
-1.966,2.097
-1.958,-0.524
-1.973,-0.238
-2.112,1.232
-2.299,1.586
-2.201,2.642
-2.377,0.278
-2.446,-0.116
-2.446,2.398
-2.431,-0.27
-2.672,1.09
-2.576,0.099
-2.682,1.955
-2.799,-0.59
-2.846,2.135
-2.988,-0.814
-3.08,2.641
3.068,1.287
-3.095,-0.963
2.96,1.058
3.026,0.031
3.045,0.174
2.878,-0.958
2.817,2.41
2.847,2.733
2.674,2.397
2.757,0.92
2.612,0.242
2.682,1.377
2.539,-0.469
2.23,-1.091
1.997,-0.26
2.1,1.51
2.114,-0.394
1.947,1.271
1.919,1.371
2.055,-0.275
1.881,1.951
1.488,-1.519
1.582,-1.682
1.526,-1.591
-0.398,-1.442
-0.463,-1.617
-0.418,-1.296
-0.733,-1.509
-0.878,-1.644
-1.056,-1.501
-1.41,-1.595
-1.635,-1.766
-2.255,-1.488
-2.389,-1.406
-2.536,-1.794
-2.725,-1.729
-3.045,-1.501
2.443,-1.539
0.893,2.994
0.407,2.86
0.342,2.807
0.154,2.723
-0.76,2.674
-1.607,2.855
-2.301,2.828
2.698,2.976
2.376,2.665
1.99,2.884
-0.869,0.852
0.647,-0.867
0.284,0.045
-1.054,0.056
-2.213,1.653
-2.673,-0.579
-2.937,1.596
-2.993,1.433
-3.015,-0.265
-3.021,-0.572
2.405,0.042
2.497,1.304
2.383,0.197
2.311,1.707
1.759,0.926
1.037,-0.266
-0.986,2.002
-1.142,0.707
-2.256,1.862
-2.966,-0.153
0.499,-1.438
0.666,2.767
1.072,2.969
-0.88,2.85
-0.061,0.128
-0.099,-0.176
-0.239,-0.972
-0.308,1.306
-0.284,-0.404
-0.309,2.534
-0.4,2.127
-0.441,-1.386
-0.5,0.718
-0.494,2.434
-0.69,1.079
-0.787,-0.621
-0.88,1.424
-0.853,-0.397
-1.121,0.31
-1.142,-0.223
-1.289,-1.34
-1.234,0.991
-1.349,0.854
-1.362,0.682
-1.282,0.523
-1.376,2.039
-1.468,0.658
-1.557,1.78
-1.656,2.191
-1.665,1.131
-1.624,1.446
-1.867,-1.142
-1.97,0.992
-1.934,0.612
-1.969,-0.521
-1.906,0.515
-2.034,0.694
-2.048,1.264
-2.082,1.431
-2.043,-0.631
-2.057,0.672
-2.079,1.578
-2.081,-1.446
-2.465,0.419
-2.561,1.906
-2.545,0.553
-2.569,-1.284
-2.541,1.227
-2.593,0.005
-2.698,-0.417
-2.655,-0.755
-2.692,0.37
-2.732,1.839
-2.809,0.011
-2.904,0.633
-2.999,0.433
-3.001,0.556
3.098,2.123
3.065,1.511
3.025,-0.058
3.024,1.348
2.944,0.464
2.909,1.161
2.97,-0.104
2.97,0.53
2.906,-1.299
2.647,0.324
2.701,-0.257
2.661,0.569
2.653,-1.261
2.578,-0.11
2.632,1.646
2.623,0.887
2.482,1.16
2.278,-1.272
2.295,0.552
2.211,-0.647
2.186,-0.033
2.245,0.454
2.187,-1.038
2.171,0.601
2.226,0.424
2.216,-1.407
2.146,0.598
2.137,0.499
1.914,2.332
1.836,-0.358
1.694,-0.487
1.606,1.176
1.646,1.854
1.574,0.224
1.627,2.339
1.629,0.899
0.933,-1.685
0.961,-1.75
0.247,-1.842
-0.105,-1.522
-0.802,-1.637
-0.98,-1.747
-1.269,-1.842
-1.292,-1.948
-1.56,-1.9
-1.937,-1.457
-1.859,-1.73
-2.4,-1.603
-2.407,-1.689
-2.606,-1.621
3.025,-1.941
2.777,-1.551
2.516,-1.568
2.347,-1.671
2.241,-1.635
1.709,-1.772
1.22,2.898
1.29,2.805
1.065,2.843
0.654,2.778
0.055,2.911
0.045,2.654
-1.314,2.598
-1.316,2.649
-1.751,2.571
-2.0,2.8
-1.998,2.862
-2.874,2.597
-3.095,2.867
-3.096,2.872
2.33,2.713
2.254,2.676
1.832,2.955
1.679,2.724
1.061,-0.398
0.608,-1.033
-1.379,2.464
-1.445,1.466
2.763,1.087
2.014,2.408
2.112,2.695
1.444,-0.424
1.383,0.847
1.439,1.495
1.342,2.298
1.209,-0.228
1.118,1.024
1.141,1.098
1.104,0.168
1.112,-0.251
1.1,0.313
0.943,-0.272
0.888,-0.183
0.732,2.149
0.645,0.226
0.453,0.761
0.534,0.476
0.452,-0.127
0.324,-1.37
0.337,2.352
0.46,1.987
0.426,0.924
0.414,1.56
0.376,-0.94
0.2,1.73
0.141,2.222
0.248,0.118
-0.091,1.304
-0.271,0.276
-0.488,-0.098
-0.732,0.923
-0.894,2.053
-0.789,-0.166
-0.95,0.275
-0.983,-0.192
-1.0,-0.029
-1.046,1.145
-0.939,-0.296
-1.002,-0.531
-1.223,2.178
-1.171,0.656
-1.193,1.069
-1.256,-0.221
-1.254,-1.213
-1.386,0.537
-1.286,1.363
-1.298,0.454
-1.327,1.237
-1.483,-0.392
-1.56,-1.258
-1.399,1.973
-1.516,1.606
-1.653,-1.331
-1.657,2.491
-1.673,2.07
-1.8,1.081
-1.938,-0.789
-1.949,1.491
-2.037,1.952
-2.029,-0.669
-2.044,-0.383
-2.183,1.087
-2.37,1.441
-2.272,2.497
-2.448,0.133
-2.517,-0.261
-2.517,2.253
-2.502,-0.415
-2.743,0.945
-2.647,-0.046
-2.753,1.81
-2.87,-0.735
-2.917,1.99
-3.059,-0.959
3.132,2.496
2.997,1.142
3.117,-1.108
2.889,0.913
2.955,-0.114
2.974,0.029
2.807,-1.103
2.746,2.265
2.776,2.588
2.603,2.252
2.686,0.775
2.541,0.097
2.611,1.232
2.468,-0.614
2.159,-1.236
1.926,-0.405
2.029,1.365
2.043,-0.539
1.876,1.126
1.848,1.226
1.984,-0.42
1.81,1.806
1.417,-1.664
1.511,-1.827
1.455,-1.736
-0.469,-1.587
-0.534,-1.762
-0.489,-1.441
-0.804,-1.654
-0.949,-1.789
-1.127,-1.646
-1.481,-1.74
-1.706,-1.911
-2.326,-1.633
-2.46,-1.551
-2.607,-1.939
-2.796,-1.874
-3.116,-1.646
2.372,-1.684
0.822,2.849
0.336,2.715
0.271,2.662
0.083,2.578
-0.831,2.529
-1.678,2.71
-2.372,2.683
2.627,2.831
2.305,2.52
1.919,2.739
-0.94,0.707
0.576,-1.012
0.213,-0.1
-1.125,-0.089
-2.284,1.508
-2.744,-0.724
-3.008,1.451
-3.064,1.288
-3.086,-0.41
-3.092,-0.717
2.334,-0.103
2.426,1.159
2.312,0.052
2.24,1.562
1.688,0.781
0.966,-0.411
-1.057,1.857
-1.213,0.562
-2.327,1.717
-3.037,-0.298
0.428,-1.583
0.595,2.622
1.001,2.824
-0.951,2.705
-0.038,-0.304
-0.178,-1.1
-0.247,1.178
-0.223,-0.532
-0.248,2.406
-0.339,1.999
-0.38,-1.514
-0.439,0.59
-0.433,2.306
-0.629,0.951
-0.726,-0.749
-0.819,1.296
-0.792,-0.525
-1.06,0.182
-1.081,-0.351
-1.228,-1.468
-1.173,0.863
-1.288,0.726
-1.301,0.554
-1.221,0.395
-1.315,1.911
-1.407,0.53
-1.496,1.652
-1.595,2.063
-1.604,1.003
-1.563,1.318
-1.806,-1.27
-1.909,0.864
-1.873,0.484
-1.908,-0.649
-1.845,0.387
-1.973,0.566
-1.987,1.136
-2.021,1.303
-1.982,-0.759
-1.996,0.544
-2.018,1.45
-2.02,-1.574
-2.404,0.291
-2.5,1.778
-2.484,0.425
-2.508,-1.412
-2.48,1.099
-2.532,-0.123
-2.637,-0.545
-2.594,-0.883
-2.631,0.242
-2.671,1.711
-2.748,-0.117
-2.843,0.505
-2.938,0.305
-2.94,0.428
-3.124,1.995
3.126,1.383
3.086,-0.186
3.085,1.22
3.005,0.336
2.97,1.033
3.031,-0.232
3.031,0.402
2.967,-1.427
2.708,0.196
2.762,-0.385
2.722,0.441
2.714,-1.389
2.639,-0.238
2.693,1.518
2.684,0.759
2.543,1.032
2.339,-1.4
2.356,0.424
2.272,-0.775
2.247,-0.161
2.306,0.326
2.248,-1.166
2.232,0.473
2.287,0.296
2.277,-1.535
2.207,0.47
2.198,0.371
1.975,2.204
1.897,-0.486
1.755,-0.615
1.667,1.048
1.707,1.726
1.635,0.096
1.688,2.211
1.69,0.771
0.994,-1.813
1.022,-1.878
0.308,-1.97
-0.044,-1.65
-0.741,-1.765
-0.919,-1.875
-1.208,-1.97
-1.231,-2.076
-1.499,-2.028
-1.876,-1.585
-1.798,-1.858
-2.339,-1.731
-2.346,-1.817
-2.545,-1.749
3.086,-2.069
2.838,-1.679
2.577,-1.696
2.408,-1.799
2.302,-1.763
1.77,-1.9
1.281,2.77
1.351,2.677
1.126,2.715
0.715,2.65
0.116,2.783
0.106,2.526
-1.253,2.47
-1.255,2.521
-1.69,2.443
-1.939,2.672
-1.937,2.734
-2.813,2.469
-3.034,2.739
-3.035,2.744
2.391,2.585
2.315,2.548
1.893,2.827
1.74,2.596
1.122,-0.526
0.669,-1.161
-1.318,2.336
-1.384,1.338
2.824,0.959
2.075,2.28
2.173,2.567
1.505,-0.552
1.444,0.719
1.5,1.367
1.403,2.17
1.27,-0.356
1.179,0.896
1.202,0.97
1.165,0.04
1.173,-0.379
1.161,0.185
1.004,-0.4
0.949,-0.311
0.793,2.021
0.706,0.098
0.514,0.633
0.595,0.348
0.513,-0.255
0.385,-1.498
0.398,2.224
0.521,1.859
0.487,0.796
0.475,1.432
0.437,-1.068
0.261,1.602
0.202,2.094
0.309,-0.01
-0.03,1.176
-0.21,0.148
-0.427,-0.226
-0.671,0.795
-0.833,1.925
-0.728,-0.294
-0.889,0.147
-0.922,-0.32
-0.939,-0.157
-0.985,1.017
-0.878,-0.424
-0.941,-0.659
-1.162,2.05
-1.11,0.528
-1.132,0.941
-1.195,-0.349
-1.193,-1.341
-1.325,0.409
-1.225,1.235
-1.237,0.326
-1.266,1.109
-1.422,-0.52
-1.499,-1.386
-1.338,1.845
-1.455,1.478
-1.592,-1.459
-1.596,2.363
-1.612,1.942
-1.739,0.953
-1.877,-0.917
-1.888,1.363
-1.976,1.824
-1.968,-0.797
-1.983,-0.511
-2.122,0.959
-2.309,1.313
-2.211,2.369
-2.387,0.005
-2.456,-0.389
-2.456,2.125
-2.441,-0.543
-2.682,0.817
-2.586,-0.174
-2.692,1.682
-2.809,-0.863
-2.856,1.862
-2.998,-1.087
-3.09,2.368
3.058,1.014
-3.105,-1.236
2.95,0.785
3.016,-0.242
3.035,-0.099
2.868,-1.231
2.807,2.137
2.837,2.46
2.664,2.124
2.747,0.647
2.602,-0.031
2.672,1.104
2.529,-0.742
2.22,-1.364
1.987,-0.533
2.09,1.237
2.104,-0.667
1.937,0.998
1.909,1.098
2.045,-0.548
1.871,1.678
1.478,-1.792
1.572,-1.955
1.516,-1.864
-0.408,-1.715
-0.473,-1.89
-0.428,-1.569
-0.743,-1.782
-0.888,-1.917
-1.066,-1.774
-1.42,-1.868
-1.645,-2.039
-2.265,-1.761
-2.399,-1.679
-2.546,-2.067
-2.735,-2.002
-3.055,-1.774
2.433,-1.812
0.883,2.721
0.397,2.587
0.332,2.534
0.144,2.45
-0.77,2.401
-1.617,2.582
-2.311,2.555
2.688,2.703
2.366,2.392
1.98,2.611
-0.879,0.579
0.637,-1.14
0.274,-0.228
-1.064,-0.217
-2.223,1.38
-2.683,-0.852
-2.947,1.323
-3.003,1.16
-3.025,-0.538
-3.031,-0.845
2.395,-0.231
2.487,1.031
2.373,-0.076
2.301,1.434
1.749,0.653
1.027,-0.539
-0.996,1.729
-1.152,0.434
-2.266,1.589
-2.976,-0.426
0.489,-1.711
0.656,2.494
1.062,2.696
-0.89,2.577
-0.14,-0.796
-0.209,1.482
-0.185,-0.228
-0.21,2.71
-0.301,2.303
-0.342,-1.21
-0.401,0.894
-0.395,2.61
-0.591,1.255
-0.688,-0.445
-0.781,1.6
-0.754,-0.221
-1.022,0.486
-1.043,-0.047
-1.19,-1.164
-1.135,1.167
-1.25,1.03
-1.263,0.858
-1.183,0.699
-1.277,2.215
-1.369,0.834
-1.458,1.956
-1.557,2.367
-1.566,1.307
-1.525,1.622
-1.768,-0.966
-1.871,1.168
-1.835,0.788
-1.87,-0.345
-1.807,0.691
-1.935,0.87
-1.949,1.44
-1.983,1.607
-1.944,-0.455
-1.958,0.848
-1.98,1.754
-1.982,-1.27
-2.366,0.595
-2.462,2.082
-2.446,0.729
-2.47,-1.108
-2.442,1.403
-2.494,0.181
-2.599,-0.241
-2.556,-0.579
-2.593,0.546
-2.633,2.015
-2.71,0.187
-2.805,0.809
-2.9,0.609
-2.902,0.732
-3.086,2.299
-3.119,1.687
3.124,0.118
3.123,1.524
3.043,0.64
3.008,1.337
3.069,0.072
3.069,0.706
3.005,-1.123
2.746,0.5
2.8,-0.081
2.76,0.745
2.752,-1.085
2.677,0.066
2.731,1.822
2.722,1.063
2.581,1.336
2.377,-1.096
2.394,0.728
2.31,-0.471
2.285,0.143
2.344,0.63
2.286,-0.862
2.27,0.777
2.325,0.6
2.315,-1.231
2.245,0.774
2.236,0.675
2.013,2.508
1.935,-0.182
1.793,-0.311
1.705,1.352
1.745,2.03
1.673,0.4
1.726,2.515
1.728,1.075
1.032,-1.509
1.06,-1.574
0.346,-1.666
-0.006,-1.346
-0.703,-1.461
-0.881,-1.571
-1.17,-1.666
-1.193,-1.772
-1.461,-1.724
-1.838,-1.281
-1.76,-1.554
-2.301,-1.427
-2.308,-1.513
-2.507,-1.445
3.124,-1.765
2.876,-1.375
2.615,-1.392
2.446,-1.495
2.34,-1.459
1.808,-1.596
1.319,3.074
1.389,2.981
1.164,3.019
0.753,2.954
0.154,3.087
0.144,2.83
-1.215,2.774
-1.217,2.825
-1.652,2.747
-1.901,2.976
-1.899,3.038
-2.775,2.773
-2.996,3.043
-2.997,3.048
2.429,2.889
2.353,2.852
1.931,3.131
1.778,2.9
1.16,-0.222
0.707,-0.857
-1.28,2.64
-1.346,1.642
2.862,1.263
2.113,2.584
2.211,2.871
1.543,-0.248
1.482,1.023
1.538,1.671
1.441,2.474
1.308,-0.052
1.217,1.2
1.24,1.274
1.203,0.344
1.211,-0.075
1.199,0.489
1.042,-0.096
0.987,-0.007
0.831,2.325
0.744,0.402
0.552,0.937
0.633,0.652
0.551,0.049
0.423,-1.194
0.436,2.528
0.559,2.163
0.525,1.1
0.513,1.736
0.475,-0.764
0.299,1.906
0.24,2.398
0.347,0.294
0.008,1.48
-0.172,0.452
-0.389,0.078
-0.633,1.099
-0.795,2.229
-0.69,0.01
-0.851,0.451
-0.884,-0.016
-0.901,0.147
-0.947,1.321
-0.84,-0.12
-0.903,-0.355
-1.124,2.354
-1.072,0.832
-1.094,1.245
-1.157,-0.045
-1.155,-1.037
-1.287,0.713
-1.187,1.539
-1.199,0.63
-1.228,1.413
-1.384,-0.216
-1.461,-1.082
-1.3,2.149
-1.417,1.782
-1.554,-1.155
-1.558,2.667
-1.574,2.246
-1.701,1.257
-1.839,-0.613
-1.85,1.667
-1.938,2.128
-1.93,-0.493
-1.945,-0.207
-2.084,1.263
-2.271,1.617
-2.173,2.673
-2.349,0.309
-2.418,-0.085
-2.418,2.429
-2.403,-0.239
-2.644,1.121
-2.548,0.13
-2.654,1.986
-2.771,-0.559
-2.818,2.166
-2.96,-0.783
-3.052,2.672
3.096,1.318
-3.067,-0.932
2.988,1.089
3.054,0.062
3.073,0.205
2.906,-0.927
2.845,2.441
2.875,2.764
2.702,2.428
2.785,0.951
2.64,0.273
2.71,1.408
2.567,-0.438
2.258,-1.06
2.025,-0.229
2.128,1.541
2.142,-0.363
1.975,1.302
1.947,1.402
2.083,-0.244
1.909,1.982
1.516,-1.488
1.61,-1.651
1.554,-1.56
-0.37,-1.411
-0.435,-1.586
-0.39,-1.265
-0.705,-1.478
-0.85,-1.613
-1.028,-1.47
-1.382,-1.564
-1.607,-1.735
-2.227,-1.457
-2.361,-1.375
-2.508,-1.763
-2.697,-1.698
-3.017,-1.47
2.471,-1.508
0.921,3.025
0.435,2.891
0.37,2.838
0.182,2.754
-0.732,2.705
-1.579,2.886
-2.273,2.859
2.726,3.007
2.404,2.696
2.018,2.915
-0.841,0.883
0.675,-0.836
0.312,0.076
-1.026,0.087
-2.185,1.684
-2.645,-0.548
-2.909,1.627
-2.965,1.464
-2.987,-0.234
-2.993,-0.541
2.433,0.073
2.525,1.335
2.411,0.228
2.339,1.738
1.787,0.957
1.065,-0.235
-0.958,2.033
-1.114,0.738
-2.228,1.893
-2.938,-0.122
0.527,-1.407
0.694,2.798
1.1,3.0
-0.852,2.881
-0.069,2.278
-0.045,0.568
-0.07,3.506
-0.161,3.099
-0.202,-0.414
-0.261,1.69
-0.255,3.406
-0.451,2.051
-0.548,0.351
-0.641,2.396
-0.614,0.575
-0.882,1.282
-0.903,0.749
-1.05,-0.368
-0.995,1.963
-1.11,1.826
-1.123,1.654
-1.043,1.495
-1.137,3.011
-1.229,1.63
-1.318,2.752
-1.417,3.163
-1.426,2.103
-1.385,2.418
-1.628,-0.17
-1.731,1.964
-1.695,1.584
-1.73,0.451
-1.667,1.487
-1.795,1.666
-1.809,2.236
-1.843,2.403
-1.804,0.341
-1.818,1.644
-1.84,2.55
-1.842,-0.474
-2.226,1.391
-2.322,2.878
-2.306,1.525
-2.33,-0.312
-2.302,2.199
-2.354,0.977
-2.459,0.555
-2.416,0.217
-2.453,1.342
-2.493,2.811
-2.57,0.983
-2.665,1.605
-2.76,1.405
-2.762,1.528
-2.946,3.095
-2.979,2.483
-3.019,0.914
-3.02,2.32
-3.1,1.436
-3.135,2.133
-3.074,0.868
-3.074,1.502
-3.138,-0.327
2.886,1.296
2.94,0.715
2.9,1.541
2.892,-0.289
2.817,0.862
2.871,2.618
2.862,1.859
2.721,2.132
2.517,-0.3
2.534,1.524
2.45,0.325
2.425,0.939
2.484,1.426
2.426,-0.066
2.41,1.573
2.465,1.396
2.455,-0.435
2.385,1.57
2.376,1.471
2.153,3.304
2.075,0.614
1.933,0.485
1.845,2.148
1.885,2.826
1.813,1.196
1.866,3.311
1.868,1.871
1.172,-0.713
1.2,-0.778
0.486,-0.87
0.134,-0.55
-0.563,-0.665
-0.741,-0.775
-1.03,-0.87
-1.053,-0.976
-1.321,-0.928
-1.698,-0.485
-1.62,-0.758
-2.161,-0.631
-2.168,-0.717
-2.367,-0.649
-3.019,-0.969
3.016,-0.579
2.755,-0.596
2.586,-0.699
2.48,-0.663
1.948,-0.8
1.459,3.87
1.529,3.777
1.304,3.815
0.893,3.75
0.294,3.883
0.284,3.626
-1.075,3.57
-1.077,3.621
-1.512,3.543
-1.761,3.772
-1.759,3.834
-2.635,3.569
-2.856,3.839
-2.857,3.844
2.569,3.685
2.493,3.648
2.071,3.927
1.918,3.696
1.3,0.574
0.847,-0.061
-1.14,3.436
-1.206,2.438
3.002,2.059
2.253,3.38
2.351,3.667
1.683,0.548
1.622,1.819
1.678,2.467
1.581,3.27
1.448,0.744
1.357,1.996
1.38,2.07
1.343,1.14
1.351,0.721
1.339,1.285
1.182,0.7
1.127,0.789
0.971,3.121
0.884,1.198
0.692,1.733
0.773,1.448
0.691,0.845
0.563,-0.398
0.576,3.324
0.699,2.959
0.665,1.896
0.653,2.532
0.615,0.032
0.439,2.702
0.38,3.194
0.487,1.09
0.148,2.276
-0.032,1.248
-0.249,0.874
-0.493,1.895
-0.655,3.025
-0.55,0.806
-0.711,1.247
-0.744,0.78
-0.761,0.943
-0.807,2.117
-0.7,0.676
-0.763,0.441
-0.984,3.15
-0.932,1.628
-0.954,2.041
-1.017,0.751
-1.015,-0.241
-1.147,1.509
-1.047,2.335
-1.059,1.426
-1.088,2.209
-1.244,0.58
-1.321,-0.286
-1.16,2.945
-1.277,2.578
-1.414,-0.359
-1.418,3.463
-1.434,3.042
-1.561,2.053
-1.699,0.183
-1.71,2.463
-1.798,2.924
-1.79,0.303
-1.805,0.589
-1.944,2.059
-2.131,2.413
-2.033,3.469
-2.209,1.105
-2.278,0.711
-2.278,3.225
-2.263,0.557
-2.504,1.917
-2.408,0.926
-2.514,2.782
-2.631,0.237
-2.678,2.962
-2.82,0.013
-2.912,3.468
-3.047,2.114
-2.927,-0.136
3.128,1.885
-3.089,0.858
-3.07,1.001
3.046,-0.131
2.985,3.237
3.015,3.56
2.842,3.224
2.925,1.747
2.78,1.069
2.85,2.204
2.707,0.358
2.398,-0.264
2.165,0.567
2.268,2.337
2.282,0.433
2.115,2.098
2.087,2.198
2.223,0.552
2.049,2.778
1.656,-0.692
1.75,-0.855
1.694,-0.764
-0.23,-0.615
-0.295,-0.79
-0.25,-0.469
-0.565,-0.682
-0.71,-0.817
-0.888,-0.674
-1.242,-0.768
-1.467,-0.939
-2.087,-0.661
-2.221,-0.579
-2.368,-0.967
-2.557,-0.902
-2.877,-0.674
2.611,-0.712
1.061,3.821
0.575,3.687
0.51,3.634
0.322,3.55
-0.592,3.501
-1.439,3.682
-2.133,3.655
2.866,3.803
2.544,3.492
2.158,3.711
-0.701,1.679
0.815,-0.04
0.452,0.872
-0.886,0.883
-2.045,2.48
-2.505,0.248
-2.769,2.423
-2.825,2.26
-2.847,0.562
-2.853,0.255
2.573,0.869
2.665,2.131
2.551,1.024
2.479,2.534
1.927,1.753
1.205,0.561
-0.818,2.829
-0.974,1.534
-2.088,2.689
-2.798,0.674
0.667,-0.611
0.834,3.594
1.24,3.796
-0.712,3.677
0.024,-1.71
-0.001,1.228
-0.092,0.821
-0.133,-2.692
-0.192,-0.588
-0.186,1.128
-0.382,-0.227
-0.479,-1.927
-0.572,0.118
-0.545,-1.703
-0.813,-0.996
-0.834,-1.529
-0.981,-2.646
-0.926,-0.315
-1.041,-0.452
-1.054,-0.624
-0.974,-0.783
-1.068,0.733
-1.16,-0.648
-1.249,0.474
-1.348,0.885
-1.357,-0.175
-1.316,0.14
-1.559,-2.448
-1.662,-0.314
-1.626,-0.694
-1.661,-1.827
-1.598,-0.791
-1.726,-0.612
-1.74,-0.042
-1.774,0.125
-1.735,-1.937
-1.749,-0.634
-1.771,0.272
-1.773,-2.752
-2.157,-0.887
-2.253,0.6
-2.237,-0.753
-2.261,-2.59
-2.233,-0.079
-2.285,-1.301
-2.39,-1.723
-2.347,-2.061
-2.384,-0.936
-2.424,0.533
-2.501,-1.295
-2.596,-0.673
-2.691,-0.873
-2.693,-0.75
-2.877,0.817
-2.91,0.205
-2.95,-1.364
-2.951,0.042
-3.031,-0.842
-3.066,-0.145
-3.005,-1.41
-3.005,-0.776
-3.069,-2.605
2.955,-0.982
3.009,-1.563
2.969,-0.737
2.961,-2.567
2.886,-1.416
2.94,0.34
2.931,-0.419
2.79,-0.146
2.586,-2.578
2.603,-0.754
2.519,-1.953
2.494,-1.339
2.553,-0.852
2.495,-2.344
2.479,-0.705
2.534,-0.882
2.524,-2.713
2.454,-0.708
2.445,-0.807
2.222,1.026
2.144,-1.664
2.002,-1.793
1.914,-0.13
1.954,0.548
1.882,-1.082
1.935,1.033
1.937,-0.407
1.241,-2.991
1.269,-3.056
0.555,-3.148
0.203,-2.828
-0.494,-2.943
-0.672,-3.053
-0.961,-3.148
-0.984,-3.254
-1.252,-3.206
-1.629,-2.763
-1.551,-3.036
-2.092,-2.909
-2.099,-2.995
-2.298,-2.927
-2.95,-3.247
3.085,-2.857
2.824,-2.874
2.655,-2.977
2.549,-2.941
2.017,-3.078
1.528,1.592
1.598,1.499
1.373,1.537
0.962,1.472
0.363,1.605
0.353,1.348
-1.006,1.292
-1.008,1.343
-1.443,1.265
-1.692,1.494
-1.69,1.556
-2.566,1.291
-2.787,1.561
-2.788,1.566
2.638,1.407
2.562,1.37
2.14,1.649
1.987,1.418
1.369,-1.704
0.916,-2.339
-1.071,1.158
-1.137,0.16
3.071,-0.219
2.322,1.102
2.42,1.389
1.752,-1.73
1.691,-0.459
1.747,0.189
1.65,0.992
1.517,-1.534
1.426,-0.282
1.449,-0.208
1.412,-1.138
1.42,-1.557
1.408,-0.993
1.251,-1.578
1.196,-1.489
1.04,0.843
0.953,-1.08
0.761,-0.545
0.842,-0.83
0.76,-1.433
0.632,-2.676
0.645,1.046
0.768,0.681
0.734,-0.382
0.722,0.254
0.684,-2.246
0.508,0.424
0.449,0.916
0.556,-1.188
0.217,-0.002
0.037,-1.03
-0.18,-1.404
-0.424,-0.383
-0.586,0.747
-0.481,-1.472
-0.642,-1.031
-0.675,-1.498
-0.692,-1.335
-0.738,-0.161
-0.631,-1.602
-0.694,-1.837
-0.915,0.872
-0.863,-0.65
-0.885,-0.237
-0.948,-1.527
-0.946,-2.519
-1.078,-0.769
-0.978,0.057
-0.99,-0.852
-1.019,-0.069
-1.175,-1.698
-1.252,-2.564
-1.091,0.667
-1.208,0.3
-1.345,-2.637
-1.349,1.185
-1.365,0.764
-1.492,-0.225
-1.63,-2.095
-1.641,0.185
-1.729,0.646
-1.721,-1.975
-1.736,-1.689
-1.875,-0.219
-2.062,0.135
-1.964,1.191
-2.14,-1.173
-2.209,-1.567
-2.209,0.947
-2.194,-1.721
-2.435,-0.361
-2.339,-1.352
-2.445,0.504
-2.562,-2.041
-2.609,0.684
-2.751,-2.265
-2.843,1.19
-2.978,-0.164
-2.858,-2.414
-3.086,-0.393
-3.02,-1.42
-3.001,-1.277
3.115,-2.409
3.054,0.959
3.084,1.282
2.911,0.946
2.994,-0.531
2.849,-1.209
2.919,-0.074
2.776,-1.92
2.467,-2.542
2.234,-1.711
2.337,0.059
2.351,-1.845
2.184,-0.18
2.156,-0.08
2.292,-1.726
2.118,0.5
1.725,-2.97
1.819,-3.133
1.763,-3.042
-0.161,-2.893
-0.226,-3.068
-0.181,-2.747
-0.496,-2.96
-0.641,-3.095
-0.819,-2.952
-1.173,-3.046
-1.398,-3.217
-2.018,-2.939
-2.152,-2.857
-2.299,-3.245
-2.488,-3.18
-2.808,-2.952
2.68,-2.99
1.13,1.543
0.644,1.409
0.579,1.356
0.391,1.272
-0.523,1.223
-1.37,1.404
-2.064,1.377
2.935,1.525
2.613,1.214
2.227,1.433
-0.632,-0.599
0.884,-2.318
0.521,-1.406
-0.817,-1.395
-1.976,0.202
-2.436,-2.03
-2.7,0.145
-2.756,-0.018
-2.778,-1.716
-2.784,-2.023
2.642,-1.409
2.734,-0.147
2.62,-1.254
2.548,0.256
1.996,-0.525
1.274,-1.717
-0.749,0.551
-0.905,-0.744
-2.019,0.411
-2.729,-1.604
0.736,-2.889
0.903,1.316
1.309,1.518
-0.643,1.399
-0.025,2.938
-0.116,2.531
-0.157,-0.982
-0.216,1.122
-0.21,2.838
-0.406,1.483
-0.503,-0.217
-0.596,1.828
-0.569,0.007
-0.837,0.714
-0.858,0.181
-1.005,-0.936
-0.95,1.395
-1.065,1.258
-1.078,1.086
-0.998,0.927
-1.092,2.443
-1.184,1.062
-1.273,2.184
-1.372,2.595
-1.381,1.535
-1.34,1.85
-1.583,-0.738
-1.686,1.396
-1.65,1.016
-1.685,-0.117
-1.622,0.919
-1.75,1.098
-1.764,1.668
-1.798,1.835
-1.759,-0.227
-1.773,1.076
-1.795,1.982
-1.797,-1.042
-2.181,0.823
-2.277,2.31
-2.261,0.957
-2.285,-0.88
-2.257,1.631
-2.309,0.409
-2.414,-0.013
-2.371,-0.351
-2.408,0.774
-2.448,2.243
-2.525,0.415
-2.62,1.037
-2.715,0.837
-2.717,0.96
-2.901,2.527
-2.934,1.915
-2.974,0.346
-2.975,1.752
-3.055,0.868
-3.09,1.565
-3.029,0.3
-3.029,0.934
-3.093,-0.895
2.931,0.728
2.985,0.147
2.945,0.973
2.937,-0.857
2.862,0.294
2.916,2.05
2.907,1.291
2.766,1.564
2.562,-0.868
2.579,0.956
2.495,-0.243
2.47,0.371
2.529,0.858
2.471,-0.634
2.455,1.005
2.51,0.828
2.5,-1.003
2.43,1.002
2.421,0.903
2.198,2.736
2.12,0.046
1.978,-0.083
1.89,1.58
1.93,2.258
1.858,0.628
1.911,2.743
1.913,1.303
1.217,-1.281
1.245,-1.346
0.531,-1.438
0.179,-1.118
-0.518,-1.233
-0.696,-1.343
-0.985,-1.438
-1.008,-1.544
-1.276,-1.496
-1.653,-1.053
-1.575,-1.326
-2.116,-1.199
-2.123,-1.285
-2.322,-1.217
-2.974,-1.537
3.061,-1.147
2.8,-1.164
2.631,-1.267
2.525,-1.231
1.993,-1.368
1.504,3.302
1.574,3.209
1.349,3.247
0.938,3.182
0.339,3.315
0.329,3.058
-1.03,3.002
-1.032,3.053
-1.467,2.975
-1.716,3.204
-1.714,3.266
-2.59,3.001
-2.811,3.271
-2.812,3.276
2.614,3.117
2.538,3.08
2.116,3.359
1.963,3.128
1.345,0.006
0.892,-0.629
-1.095,2.868
-1.161,1.87
3.047,1.491
2.298,2.812
2.396,3.099
1.728,-0.02
1.667,1.251
1.723,1.899
1.626,2.702
1.493,0.176
1.402,1.428
1.425,1.502
1.388,0.572
1.396,0.153
1.384,0.717
1.227,0.132
1.172,0.221
1.016,2.553
0.929,0.63
0.737,1.165
0.818,0.88
0.736,0.277
0.608,-0.966
0.621,2.756
0.744,2.391
0.71,1.328
0.698,1.964
0.66,-0.536
0.484,2.134
0.425,2.626
0.532,0.522
0.193,1.708
0.013,0.68
-0.204,0.306
-0.448,1.327
-0.61,2.457
-0.505,0.238
-0.666,0.679
-0.699,0.212
-0.716,0.375
-0.762,1.549
-0.655,0.108
-0.718,-0.127
-0.939,2.582
-0.887,1.06
-0.909,1.473
-0.972,0.183
-0.97,-0.809
-1.102,0.941
-1.002,1.767
-1.014,0.858
-1.043,1.641
-1.199,0.012
-1.276,-0.854
-1.115,2.377
-1.232,2.01
-1.369,-0.927
-1.373,2.895
-1.389,2.474
-1.516,1.485
-1.654,-0.385
-1.665,1.895
-1.753,2.356
-1.745,-0.265
-1.76,0.021
-1.899,1.491
-2.086,1.845
-1.988,2.901
-2.164,0.537
-2.233,0.143
-2.233,2.657
-2.218,-0.011
-2.459,1.349
-2.363,0.358
-2.469,2.214
-2.586,-0.331
-2.633,2.394
-2.775,-0.555
-2.867,2.9
-3.002,1.546
-2.882,-0.704
-3.11,1.317
-3.044,0.29
-3.025,0.433
3.091,-0.699
3.03,2.669
3.06,2.992
2.887,2.656
2.97,1.179
2.825,0.501
2.895,1.636
2.752,-0.21
2.443,-0.832
2.21,-0.001
2.313,1.769
2.327,-0.135
2.16,1.53
2.132,1.63
2.268,-0.016
2.094,2.21
1.701,-1.26
1.795,-1.423
1.739,-1.332
-0.185,-1.183
-0.25,-1.358
-0.205,-1.037
-0.52,-1.25
-0.665,-1.385
-0.843,-1.242
-1.197,-1.336
-1.422,-1.507
-2.042,-1.229
-2.176,-1.147
-2.323,-1.535
-2.512,-1.47
-2.832,-1.242
2.656,-1.28
1.106,3.253
0.62,3.119
0.555,3.066
0.367,2.982
-0.547,2.933
-1.394,3.114
-2.088,3.087
2.911,3.235
2.589,2.924
2.203,3.143
-0.656,1.111
0.86,-0.608
0.497,0.304
-0.841,0.315
-2.0,1.912
-2.46,-0.32
-2.724,1.855
-2.78,1.692
-2.802,-0.006
-2.808,-0.313
2.618,0.301
2.71,1.563
2.596,0.456
2.524,1.966
1.972,1.185
1.25,-0.007
-0.773,2.261
-0.929,0.966
-2.043,2.121
-2.753,0.106
0.712,-1.179
0.879,3.026
1.285,3.228
-0.667,3.109
-0.091,-0.407
-0.132,-3.92
-0.191,-1.816
-0.185,-0.1
-0.381,-1.455
-0.478,-3.155
-0.571,-1.11
-0.544,-2.931
-0.812,-2.224
-0.833,-2.757
-0.98,-3.874
-0.925,-1.543
-1.04,-1.68
-1.053,-1.852
-0.973,-2.011
-1.067,-0.495
-1.159,-1.876
-1.248,-0.754
-1.347,-0.343
-1.356,-1.403
-1.315,-1.088
-1.558,-3.676
-1.661,-1.542
-1.625,-1.922
-1.66,-3.055
-1.597,-2.019
-1.725,-1.84
-1.739,-1.27
-1.773,-1.103
-1.734,-3.165
-1.748,-1.862
-1.77,-0.956
-1.772,-3.98
-2.156,-2.115
-2.252,-0.628
-2.236,-1.981
-2.26,-3.818
-2.232,-1.307
-2.284,-2.529
-2.389,-2.951
-2.346,-3.289
-2.383,-2.164
-2.423,-0.695
-2.5,-2.523
-2.595,-1.901
-2.69,-2.101
-2.692,-1.978
-2.876,-0.411
-2.909,-1.023
-2.949,-2.592
-2.95,-1.186
-3.03,-2.07
-3.065,-1.373
-3.004,-2.638
-3.004,-2.004
-3.068,-3.833
2.956,-2.21
3.01,-2.791
2.97,-1.965
2.962,-3.795
2.887,-2.644
2.941,-0.888
2.932,-1.647
2.791,-1.374
2.587,-3.806
2.604,-1.982
2.52,-3.181
2.495,-2.567
2.554,-2.08
2.496,-3.572
2.48,-1.933
2.535,-2.11
2.525,-3.941
2.455,-1.936
2.446,-2.035
2.223,-0.202
2.145,-2.892
2.003,-3.021
1.915,-1.358
1.955,-0.68
1.883,-2.31
1.936,-0.195
1.938,-1.635
1.242,-4.219
1.27,-4.284
0.556,-4.376
0.204,-4.056
-0.493,-4.171
-0.671,-4.281
-0.96,-4.376
-0.983,-4.482
-1.251,-4.434
-1.628,-3.991
-1.55,-4.264
-2.091,-4.137
-2.098,-4.223
-2.297,-4.155
-2.949,-4.475
3.086,-4.085
2.825,-4.102
2.656,-4.205
2.55,-4.169
2.018,-4.306
1.529,0.364
1.599,0.271
1.374,0.309
0.963,0.244
0.364,0.377
0.354,0.12
-1.005,0.064
-1.007,0.115
-1.442,0.037
-1.691,0.266
-1.689,0.328
-2.565,0.063
-2.786,0.333
-2.787,0.338
2.639,0.179
2.563,0.142
2.141,0.421
1.988,0.19
1.37,-2.932
0.917,-3.567
-1.07,-0.07
-1.136,-1.068
3.072,-1.447
2.323,-0.126
2.421,0.161
1.753,-2.958
1.692,-1.687
1.748,-1.039
1.651,-0.236
1.518,-2.762
1.427,-1.51
1.45,-1.436
1.413,-2.366
1.421,-2.785
1.409,-2.221
1.252,-2.806
1.197,-2.717
1.041,-0.385
0.954,-2.308
0.762,-1.773
0.843,-2.058
0.761,-2.661
0.633,-3.904
0.646,-0.182
0.769,-0.547
0.735,-1.61
0.723,-0.974
0.685,-3.474
0.509,-0.804
0.45,-0.312
0.557,-2.416
0.218,-1.23
0.038,-2.258
-0.179,-2.632
-0.423,-1.611
-0.585,-0.481
-0.48,-2.7
-0.641,-2.259
-0.674,-2.726
-0.691,-2.563
-0.737,-1.389
-0.63,-2.83
-0.693,-3.065
-0.914,-0.356
-0.862,-1.878
-0.884,-1.465
-0.947,-2.755
-0.945,-3.747
-1.077,-1.997
-0.977,-1.171
-0.989,-2.08
-1.018,-1.297
-1.174,-2.926
-1.251,-3.792
-1.09,-0.561
-1.207,-0.928
-1.344,-3.865
-1.348,-0.043
-1.364,-0.464
-1.491,-1.453
-1.629,-3.323
-1.64,-1.043
-1.728,-0.582
-1.72,-3.203
-1.735,-2.917
-1.874,-1.447
-2.061,-1.093
-1.963,-0.037
-2.139,-2.401
-2.208,-2.795
-2.208,-0.281
-2.193,-2.949
-2.434,-1.589
-2.338,-2.58
-2.444,-0.724
-2.561,-3.269
-2.608,-0.544
-2.75,-3.493
-2.842,-0.038
-2.977,-1.392
-2.857,-3.642
-3.085,-1.621
-3.019,-2.648
-3.0,-2.505
3.116,-3.637
3.055,-0.269
3.085,0.054
2.912,-0.282
2.995,-1.759
2.85,-2.437
2.92,-1.302
2.777,-3.148
2.468,-3.77
2.235,-2.939
2.338,-1.169
2.352,-3.073
2.185,-1.408
2.157,-1.308
2.293,-2.954
2.119,-0.728
1.726,-4.198
1.82,-4.361
1.764,-4.27
-0.16,-4.121
-0.225,-4.296
-0.18,-3.975
-0.495,-4.188
-0.64,-4.323
-0.818,-4.18
-1.172,-4.274
-1.397,-4.445
-2.017,-4.167
-2.151,-4.085
-2.298,-4.473
-2.487,-4.408
-2.807,-4.18
2.681,-4.218
1.131,0.315
0.645,0.181
0.58,0.128
0.392,0.044
-0.522,-0.005
-1.369,0.176
-2.063,0.149
2.936,0.297
2.614,-0.014
2.228,0.205
-0.631,-1.827
0.885,-3.546
0.522,-2.634
-0.816,-2.623
-1.975,-1.026
-2.435,-3.258
-2.699,-1.083
-2.755,-1.246
-2.777,-2.944
-2.783,-3.251
2.643,-2.637
2.735,-1.375
2.621,-2.482
2.549,-0.972
1.997,-1.753
1.275,-2.945
-0.748,-0.677
-0.904,-1.972
-2.018,-0.817
-2.728,-2.832
0.737,-4.117
0.904,0.088
1.31,0.29
-0.642,0.171
-0.041,-3.513
-0.1,-1.409
-0.094,0.307
-0.29,-1.048
-0.387,-2.748
-0.48,-0.703
-0.453,-2.524
-0.721,-1.817
-0.742,-2.35
-0.889,-3.467
-0.834,-1.136
-0.949,-1.273
-0.962,-1.445
-0.882,-1.604
-0.976,-0.088
-1.068,-1.469
-1.157,-0.347
-1.256,0.064
-1.265,-0.996
-1.224,-0.681
-1.467,-3.269
-1.57,-1.135
-1.534,-1.515
-1.569,-2.648
-1.506,-1.612
-1.634,-1.433
-1.648,-0.863
-1.682,-0.696
-1.643,-2.758
-1.657,-1.455
-1.679,-0.549
-1.681,-3.573
-2.065,-1.708
-2.161,-0.221
-2.145,-1.574
-2.169,-3.411
-2.141,-0.9
-2.193,-2.122
-2.298,-2.544
-2.255,-2.882
-2.292,-1.757
-2.332,-0.288
-2.409,-2.116
-2.504,-1.494
-2.599,-1.694
-2.601,-1.571
-2.785,-0.004
-2.818,-0.616
-2.858,-2.185
-2.859,-0.779
-2.939,-1.663
-2.974,-0.966
-2.913,-2.231
-2.913,-1.597
-2.977,-3.426
3.047,-1.803
3.101,-2.384
3.061,-1.558
3.053,-3.388
2.978,-2.237
3.032,-0.481
3.023,-1.24
2.882,-0.967
2.678,-3.399
2.695,-1.575
2.611,-2.774
2.586,-2.16
2.645,-1.673
2.587,-3.165
2.571,-1.526
2.626,-1.703
2.616,-3.534
2.546,-1.529
2.537,-1.628
2.314,0.205
2.236,-2.485
2.094,-2.614
2.006,-0.951
2.046,-0.273
1.974,-1.903
2.027,0.212
2.029,-1.228
1.333,-3.812
1.361,-3.877
0.647,-3.969
0.295,-3.649
-0.402,-3.764
-0.58,-3.874
-0.869,-3.969
-0.892,-4.075
-1.16,-4.027
-1.537,-3.584
-1.459,-3.857
-2.0,-3.73
-2.007,-3.816
-2.206,-3.748
-2.858,-4.068
-3.106,-3.678
2.916,-3.695
2.747,-3.798
2.641,-3.762
2.109,-3.899
1.62,0.771
1.69,0.678
1.465,0.716
1.054,0.651
0.455,0.784
0.445,0.527
-0.914,0.471
-0.916,0.522
-1.351,0.444
-1.6,0.673
-1.598,0.735
-2.474,0.47
-2.695,0.74
-2.696,0.745
2.73,0.586
2.654,0.549
2.232,0.828
2.079,0.597
1.461,-2.525
1.008,-3.16
-0.979,0.337
-1.045,-0.661
-3.12,-1.04
2.414,0.281
2.512,0.568
1.844,-2.551
1.783,-1.28
1.839,-0.632
1.742,0.171
1.609,-2.355
1.518,-1.103
1.541,-1.029
1.504,-1.959
1.512,-2.378
1.5,-1.814
1.343,-2.399
1.288,-2.31
1.132,0.022
1.045,-1.901
0.853,-1.366
0.934,-1.651
0.852,-2.254
0.724,-3.497
0.737,0.225
0.86,-0.14
0.826,-1.203
0.814,-0.567
0.776,-3.067
0.6,-0.397
0.541,0.095
0.648,-2.009
0.309,-0.823
0.129,-1.851
-0.088,-2.225
-0.332,-1.204
-0.494,-0.074
-0.389,-2.293
-0.55,-1.852
-0.583,-2.319
-0.6,-2.156
-0.646,-0.982
-0.539,-2.423
-0.602,-2.658
-0.823,0.051
-0.771,-1.471
-0.793,-1.058
-0.856,-2.348
-0.854,-3.34
-0.986,-1.59
-0.886,-0.764
-0.898,-1.673
-0.927,-0.89
-1.083,-2.519
-1.16,-3.385
-0.999,-0.154
-1.116,-0.521
-1.253,-3.458
-1.257,0.364
-1.273,-0.057
-1.4,-1.046
-1.538,-2.916
-1.549,-0.636
-1.637,-0.175
-1.629,-2.796
-1.644,-2.51
-1.783,-1.04
-1.97,-0.686
-1.872,0.37
-2.048,-1.994
-2.117,-2.388
-2.117,0.126
-2.102,-2.542
-2.343,-1.182
-2.247,-2.173
-2.353,-0.317
-2.47,-2.862
-2.517,-0.137
-2.659,-3.086
-2.751,0.369
-2.886,-0.985
-2.766,-3.235
-2.994,-1.214
-2.928,-2.241
-2.909,-2.098
-3.076,-3.23
-3.137,0.138
-3.107,0.461
3.003,0.125
3.086,-1.352
2.941,-2.03
3.011,-0.895
2.868,-2.741
2.559,-3.363
2.326,-2.532
2.429,-0.762
2.443,-2.666
2.276,-1.001
2.248,-0.901
2.384,-2.547
2.21,-0.321
1.817,-3.791
1.911,-3.954
1.855,-3.863
-0.069,-3.714
-0.134,-3.889
-0.089,-3.568
-0.404,-3.781
-0.549,-3.916
-0.727,-3.773
-1.081,-3.867
-1.306,-4.038
-1.926,-3.76
-2.06,-3.678
-2.207,-4.066
-2.396,-4.001
-2.716,-3.773
2.772,-3.811
1.222,0.722
0.736,0.588
0.671,0.535
0.483,0.451
-0.431,0.402
-1.278,0.583
-1.972,0.556
3.027,0.704
2.705,0.393
2.319,0.612
-0.54,-1.42
0.976,-3.139
0.613,-2.227
-0.725,-2.216
-1.884,-0.619
-2.344,-2.851
-2.608,-0.676
-2.664,-0.839
-2.686,-2.537
-2.692,-2.844
2.734,-2.23
2.826,-0.968
2.712,-2.075
2.64,-0.565
2.088,-1.346
1.366,-2.538
-0.657,-0.27
-0.813,-1.565
-1.927,-0.41
-2.637,-2.425
0.828,-3.71
0.995,0.495
1.401,0.697
-0.551,0.578
-0.059,2.104
-0.053,3.82
-0.249,2.465
-0.346,0.765
-0.439,2.81
-0.412,0.989
-0.68,1.696
-0.701,1.163
-0.848,0.046
-0.793,2.377
-0.908,2.24
-0.921,2.068
-0.841,1.909
-0.935,3.425
-1.027,2.044
-1.116,3.166
-1.215,3.577
-1.224,2.517
-1.183,2.832
-1.426,0.244
-1.529,2.378
-1.493,1.998
-1.528,0.865
-1.465,1.901
-1.593,2.08
-1.607,2.65
-1.641,2.817
-1.602,0.755
-1.616,2.058
-1.638,2.964
-1.64,-0.06
-2.024,1.805
-2.12,3.292
-2.104,1.939
-2.128,0.102
-2.1,2.613
-2.152,1.391
-2.257,0.969
-2.214,0.631
-2.251,1.756
-2.291,3.225
-2.368,1.397
-2.463,2.019
-2.558,1.819
-2.56,1.942
-2.744,3.509
-2.777,2.897
-2.817,1.328
-2.818,2.734
-2.898,1.85
-2.933,2.547
-2.872,1.282
-2.872,1.916
-2.936,0.087
3.088,1.71
-3.141,1.129
3.102,1.955
3.094,0.125
3.019,1.276
3.073,3.032
3.064,2.273
2.923,2.546
2.719,0.114
2.736,1.938
2.652,0.739
2.627,1.353
2.686,1.84
2.628,0.348
2.612,1.987
2.667,1.81
2.657,-0.021
2.587,1.984
2.578,1.885
2.355,3.718
2.277,1.028
2.135,0.899
2.047,2.562
2.087,3.24
2.015,1.61
2.068,3.725
2.07,2.285
1.374,-0.299
1.402,-0.364
0.688,-0.456
0.336,-0.136
-0.361,-0.251
-0.539,-0.361
-0.828,-0.456
-0.851,-0.562
-1.119,-0.514
-1.496,-0.071
-1.418,-0.344
-1.959,-0.217
-1.966,-0.303
-2.165,-0.235
-2.817,-0.555
-3.065,-0.165
2.957,-0.182
2.788,-0.285
2.682,-0.249
2.15,-0.386
1.661,4.284
1.731,4.191
1.506,4.229
1.095,4.164
0.496,4.297
0.486,4.04
-0.873,3.984
-0.875,4.035
-1.31,3.957
-1.559,4.186
-1.557,4.248
-2.433,3.983
-2.654,4.253
-2.655,4.258
2.771,4.099
2.695,4.062
2.273,4.341
2.12,4.11
1.502,0.988
1.049,0.353
-0.938,3.85
-1.004,2.852
-3.079,2.473
2.455,3.794
2.553,4.081
1.885,0.962
1.824,2.233
1.88,2.881
1.783,3.684
1.65,1.158
1.559,2.41
1.582,2.484
1.545,1.554
1.553,1.135
1.541,1.699
1.384,1.114
1.329,1.203
1.173,3.535
1.086,1.612
0.894,2.147
0.975,1.862
0.893,1.259
0.765,0.016
0.778,3.738
0.901,3.373
0.867,2.31
0.855,2.946
0.817,0.446
0.641,3.116
0.582,3.608
0.689,1.504
0.35,2.69
0.17,1.662
-0.047,1.288
-0.291,2.309
-0.453,3.439
-0.348,1.22
-0.509,1.661
-0.542,1.194
-0.559,1.357
-0.605,2.531
-0.498,1.09
-0.561,0.855
-0.782,3.564
-0.73,2.042
-0.752,2.455
-0.815,1.165
-0.813,0.173
-0.945,1.923
-0.845,2.749
-0.857,1.84
-0.886,2.623
-1.042,0.994
-1.119,0.128
-0.958,3.359
-1.075,2.992
-1.212,0.055
-1.216,3.877
-1.232,3.456
-1.359,2.467
-1.497,0.597
-1.508,2.877
-1.596,3.338
-1.588,0.717
-1.603,1.003
-1.742,2.473
-1.929,2.827
-1.831,3.883
-2.007,1.519
-2.076,1.125
-2.076,3.639
-2.061,0.971
-2.302,2.331
-2.206,1.34
-2.312,3.196
-2.429,0.651
-2.476,3.376
-2.618,0.427
-2.71,3.882
-2.845,2.528
-2.725,0.278
-2.953,2.299
-2.887,1.272
-2.868,1.415
-3.035,0.283
-3.096,3.651
-3.066,3.974
3.044,3.638
3.127,2.161
2.982,1.483
3.052,2.618
2.909,0.772
2.6,0.15
2.367,0.981
2.47,2.751
2.484,0.847
2.317,2.512
2.289,2.612
2.425,0.966
2.251,3.192
1.858,-0.278
1.952,-0.441
1.896,-0.35
-0.028,-0.201
-0.093,-0.376
-0.048,-0.055
-0.363,-0.268
-0.508,-0.403
-0.686,-0.26
-1.04,-0.354
-1.265,-0.525
-1.885,-0.247
-2.019,-0.165
-2.166,-0.553
-2.355,-0.488
-2.675,-0.26
2.813,-0.298
1.263,4.235
0.777,4.101
0.712,4.048
0.524,3.964
-0.39,3.915
-1.237,4.096
-1.931,4.069
3.068,4.217
2.746,3.906
2.36,4.125
-0.499,2.093
1.017,0.374
0.654,1.286
-0.684,1.297
-1.843,2.894
-2.303,0.662
-2.567,2.837
-2.623,2.674
-2.645,0.976
-2.651,0.669
2.775,1.283
2.867,2.545
2.753,1.438
2.681,2.948
2.129,2.167
1.407,0.975
-0.616,3.243
-0.772,1.948
-1.886,3.103
-2.596,1.088
0.869,-0.197
1.036,4.008
1.442,4.21
-0.51,4.091
0.006,1.716
-0.19,0.361
-0.287,-1.339
-0.38,0.706
-0.353,-1.115
-0.621,-0.408
-0.642,-0.941
-0.789,-2.058
-0.734,0.273
-0.849,0.136
-0.862,-0.036
-0.782,-0.195
-0.876,1.321
-0.968,-0.06
-1.057,1.062
-1.156,1.473
-1.165,0.413
-1.124,0.728
-1.367,-1.86
-1.47,0.274
-1.434,-0.106
-1.469,-1.239
-1.406,-0.203
-1.534,-0.024
-1.548,0.546
-1.582,0.713
-1.543,-1.349
-1.557,-0.046
-1.579,0.86
-1.581,-2.164
-1.965,-0.299
-2.061,1.188
-2.045,-0.165
-2.069,-2.002
-2.041,0.509
-2.093,-0.713
-2.198,-1.135
-2.155,-1.473
-2.192,-0.348
-2.232,1.121
-2.309,-0.707
-2.404,-0.085
-2.499,-0.285
-2.501,-0.162
-2.685,1.405
-2.718,0.793
-2.758,-0.776
-2.759,0.63
-2.839,-0.254
-2.874,0.443
-2.813,-0.822
-2.813,-0.188
-2.877,-2.017
-3.136,-0.394
-3.082,-0.975
-3.122,-0.149
-3.13,-1.979
3.078,-0.828
3.132,0.928
3.123,0.169
2.982,0.442
2.778,-1.99
2.795,-0.166
2.711,-1.365
2.686,-0.751
2.745,-0.264
2.687,-1.756
2.671,-0.117
2.726,-0.294
2.716,-2.125
2.646,-0.12
2.637,-0.219
2.414,1.614
2.336,-1.076
2.194,-1.205
2.106,0.458
2.146,1.136
2.074,-0.494
2.127,1.621
2.129,0.181
1.433,-2.403
1.461,-2.468
0.747,-2.56
0.395,-2.24
-0.302,-2.355
-0.48,-2.465
-0.769,-2.56
-0.792,-2.666
-1.06,-2.618
-1.437,-2.175
-1.359,-2.448
-1.9,-2.321
-1.907,-2.407
-2.106,-2.339
-2.758,-2.659
-3.006,-2.269
3.016,-2.286
2.847,-2.389
2.741,-2.353
2.209,-2.49
1.72,2.18
1.79,2.087
1.565,2.125
1.154,2.06
0.555,2.193
0.545,1.936
-0.814,1.88
-0.816,1.931
-1.251,1.853
-1.5,2.082
-1.498,2.144
-2.374,1.879
-2.595,2.149
-2.596,2.154
2.83,1.995
2.754,1.958
2.332,2.237
2.179,2.006
1.561,-1.116
1.108,-1.751
-0.879,1.746
-0.945,0.748
-3.02,0.369
2.514,1.69
2.612,1.977
1.944,-1.142
1.883,0.129
1.939,0.777
1.842,1.58
1.709,-0.946
1.618,0.306
1.641,0.38
1.604,-0.55
1.612,-0.969
1.6,-0.405
1.443,-0.99
1.388,-0.901
1.232,1.431
1.145,-0.492
0.953,0.043
1.034,-0.242
0.952,-0.845
0.824,-2.088
0.837,1.634
0.96,1.269
0.926,0.206
0.914,0.842
0.876,-1.658
0.7,1.012
0.641,1.504
0.748,-0.6
0.409,0.586
0.229,-0.442
0.012,-0.816
-0.232,0.205
-0.394,1.335
-0.289,-0.884
-0.45,-0.443
-0.483,-0.91
-0.5,-0.747
-0.546,0.427
-0.439,-1.014
-0.502,-1.249
-0.723,1.46
-0.671,-0.062
-0.693,0.351
-0.756,-0.939
-0.754,-1.931
-0.886,-0.181
-0.786,0.645
-0.798,-0.264
-0.827,0.519
-0.983,-1.11
-1.06,-1.976
-0.899,1.255
-1.016,0.888
-1.153,-2.049
-1.157,1.773
-1.173,1.352
-1.3,0.363
-1.438,-1.507
-1.449,0.773
-1.537,1.234
-1.529,-1.387
-1.544,-1.101
-1.683,0.369
-1.87,0.723
-1.772,1.779
-1.948,-0.585
-2.017,-0.979
-2.017,1.535
-2.002,-1.133
-2.243,0.227
-2.147,-0.764
-2.253,1.092
-2.37,-1.453
-2.417,1.272
-2.559,-1.677
-2.651,1.778
-2.786,0.424
-2.666,-1.826
-2.894,0.195
-2.828,-0.832
-2.809,-0.689
-2.976,-1.821
-3.037,1.547
-3.007,1.87
3.103,1.534
-3.097,0.057
3.041,-0.621
3.111,0.514
2.968,-1.332
2.659,-1.954
2.426,-1.123
2.529,0.647
2.543,-1.257
2.376,0.408
2.348,0.508
2.484,-1.138
2.31,1.088
1.917,-2.382
2.011,-2.545
1.955,-2.454
0.031,-2.305
-0.034,-2.48
0.011,-2.159
-0.304,-2.372
-0.449,-2.507
-0.627,-2.364
-0.981,-2.458
-1.206,-2.629
-1.826,-2.351
-1.96,-2.269
-2.107,-2.657
-2.296,-2.592
-2.616,-2.364
2.872,-2.402
1.322,2.131
0.836,1.997
0.771,1.944
0.583,1.86
-0.331,1.811
-1.178,1.992
-1.872,1.965
3.127,2.113
2.805,1.802
2.419,2.021
-0.44,-0.011
1.076,-1.73
0.713,-0.818
-0.625,-0.807
-1.784,0.79
-2.244,-1.442
-2.508,0.733
-2.564,0.57
-2.586,-1.128
-2.592,-1.435
2.834,-0.821
2.926,0.441
2.812,-0.666
2.74,0.844
2.188,0.063
1.466,-1.129
-0.557,1.139
-0.713,-0.156
-1.827,0.999
-2.537,-1.016
0.928,-2.301
1.095,1.904
1.501,2.106
-0.451,1.987
-0.196,-1.355
-0.293,-3.055
-0.386,-1.01
-0.359,-2.831
-0.627,-2.124
-0.648,-2.657
-0.795,-3.774
-0.74,-1.443
-0.855,-1.58
-0.868,-1.752
-0.788,-1.911
-0.882,-0.395
-0.974,-1.776
-1.063,-0.654
-1.162,-0.243
-1.171,-1.303
-1.13,-0.988
-1.373,-3.576
-1.476,-1.442
-1.44,-1.822
-1.475,-2.955
-1.412,-1.919
-1.54,-1.74
-1.554,-1.17
-1.588,-1.003
-1.549,-3.065
-1.563,-1.762
-1.585,-0.856
-1.587,-3.88
-1.971,-2.015
-2.067,-0.528
-2.051,-1.881
-2.075,-3.718
-2.047,-1.207
-2.099,-2.429
-2.204,-2.851
-2.161,-3.189
-2.198,-2.064
-2.238,-0.595
-2.315,-2.423
-2.41,-1.801
-2.505,-2.001
-2.507,-1.878
-2.691,-0.311
-2.724,-0.923
-2.764,-2.492
-2.765,-1.086
-2.845,-1.97
-2.88,-1.273
-2.819,-2.538
-2.819,-1.904
-2.883,-3.733
3.141,-2.11
-3.088,-2.691
-3.128,-1.865
-3.136,-3.695
3.072,-2.544
3.126,-0.788
3.117,-1.547
2.976,-1.274
2.772,-3.706
2.789,-1.882
2.705,-3.081
2.68,-2.467
2.739,-1.98
2.681,-3.472
2.665,-1.833
2.72,-2.01
2.71,-3.841
2.64,-1.836
2.631,-1.935
2.408,-0.102
2.33,-2.792
2.188,-2.921
2.1,-1.258
2.14,-0.58
2.068,-2.21
2.121,-0.095
2.123,-1.535
1.427,-4.119
1.455,-4.184
0.741,-4.276
0.389,-3.956
-0.308,-4.071
-0.486,-4.181
-0.775,-4.276
-0.798,-4.382
-1.066,-4.334
-1.443,-3.891
-1.365,-4.164
-1.906,-4.037
-1.913,-4.123
-2.112,-4.055
-2.764,-4.375
-3.012,-3.985
3.01,-4.002
2.841,-4.105
2.735,-4.069
2.203,-4.206
1.714,0.464
1.784,0.371
1.559,0.409
1.148,0.344
0.549,0.477
0.539,0.22
-0.82,0.164
-0.822,0.215
-1.257,0.137
-1.506,0.366
-1.504,0.428
-2.38,0.163
-2.601,0.433
-2.602,0.438
2.824,0.279
2.748,0.242
2.326,0.521
2.173,0.29
1.555,-2.832
1.102,-3.467
-0.885,0.03
-0.951,-0.968
-3.026,-1.347
2.508,-0.026
2.606,0.261
1.938,-2.858
1.877,-1.587
1.933,-0.939
1.836,-0.136
1.703,-2.662
1.612,-1.41
1.635,-1.336
1.598,-2.266
1.606,-2.685
1.594,-2.121
1.437,-2.706
1.382,-2.617
1.226,-0.285
1.139,-2.208
0.947,-1.673
1.028,-1.958
0.946,-2.561
0.818,-3.804
0.831,-0.082
0.954,-0.447
0.92,-1.51
0.908,-0.874
0.87,-3.374
0.694,-0.704
0.635,-0.212
0.742,-2.316
0.403,-1.13
0.223,-2.158
0.006,-2.532
-0.238,-1.511
-0.4,-0.381
-0.295,-2.6
-0.456,-2.159
-0.489,-2.626
-0.506,-2.463
-0.552,-1.289
-0.445,-2.73
-0.508,-2.965
-0.729,-0.256
-0.677,-1.778
-0.699,-1.365
-0.762,-2.655
-0.76,-3.647
-0.892,-1.897
-0.792,-1.071
-0.804,-1.98
-0.833,-1.197
-0.989,-2.826
-1.066,-3.692
-0.905,-0.461
-1.022,-0.828
-1.159,-3.765
-1.163,0.057
-1.179,-0.364
-1.306,-1.353
-1.444,-3.223
-1.455,-0.943
-1.543,-0.482
-1.535,-3.103
-1.55,-2.817
-1.689,-1.347
-1.876,-0.993
-1.778,0.063
-1.954,-2.301
-2.023,-2.695
-2.023,-0.181
-2.008,-2.849
-2.249,-1.489
-2.153,-2.48
-2.259,-0.624
-2.376,-3.169
-2.423,-0.444
-2.565,-3.393
-2.657,0.062
-2.792,-1.292
-2.672,-3.542
-2.9,-1.521
-2.834,-2.548
-2.815,-2.405
-2.982,-3.537
-3.043,-0.169
-3.013,0.154
3.097,-0.182
-3.103,-1.659
3.035,-2.337
3.105,-1.202
2.962,-3.048
2.653,-3.67
2.42,-2.839
2.523,-1.069
2.537,-2.973
2.37,-1.308
2.342,-1.208
2.478,-2.854
2.304,-0.628
1.911,-4.098
2.005,-4.261
1.949,-4.17
0.025,-4.021
-0.04,-4.196
0.005,-3.875
-0.31,-4.088
-0.455,-4.223
-0.633,-4.08
-0.987,-4.174
-1.212,-4.345
-1.832,-4.067
-1.966,-3.985
-2.113,-4.373
-2.302,-4.308
-2.622,-4.08
2.866,-4.118
1.316,0.415
0.83,0.281
0.765,0.228
0.577,0.144
-0.337,0.095
-1.184,0.276
-1.878,0.249
3.121,0.397
2.799,0.086
2.413,0.305
-0.446,-1.727
1.07,-3.446
0.707,-2.534
-0.631,-2.523
-1.79,-0.926
-2.25,-3.158
-2.514,-0.983
-2.57,-1.146
-2.592,-2.844
-2.598,-3.151
2.828,-2.537
2.92,-1.275
2.806,-2.382
2.734,-0.872
2.182,-1.653
1.46,-2.845
-0.563,-0.577
-0.719,-1.872
-1.833,-0.717
-2.543,-2.732
0.922,-4.017
1.089,0.188
1.495,0.39
-0.457,0.271
-0.097,-1.7
-0.19,0.345
-0.163,-1.476
-0.431,-0.769
-0.452,-1.302
-0.599,-2.419
-0.544,-0.088
-0.659,-0.225
-0.672,-0.397
-0.592,-0.556
-0.686,0.96
-0.778,-0.421
-0.867,0.701
-0.966,1.112
-0.975,0.052
-0.934,0.367
-1.177,-2.221
-1.28,-0.087
-1.244,-0.467
-1.279,-1.6
-1.216,-0.564
-1.344,-0.385
-1.358,0.185
-1.392,0.352
-1.353,-1.71
-1.367,-0.407
-1.389,0.499
-1.391,-2.525
-1.775,-0.66
-1.871,0.827
-1.855,-0.526
-1.879,-2.363
-1.851,0.148
-1.903,-1.074
-2.008,-1.496
-1.965,-1.834
-2.002,-0.709
-2.042,0.76
-2.119,-1.068
-2.214,-0.446
-2.309,-0.646
-2.311,-0.523
-2.495,1.044
-2.528,0.432
-2.568,-1.137
-2.569,0.269
-2.649,-0.615
-2.684,0.082
-2.623,-1.183
-2.623,-0.549
-2.687,-2.378
-2.946,-0.755
-2.892,-1.336
-2.932,-0.51
-2.94,-2.34
-3.015,-1.189
-2.961,0.567
-2.97,-0.192
-3.111,0.081
2.968,-2.351
2.985,-0.527
2.901,-1.726
2.876,-1.112
2.935,-0.625
2.877,-2.117
2.861,-0.478
2.916,-0.655
2.906,-2.486
2.836,-0.481
2.827,-0.58
2.604,1.253
2.526,-1.437
2.384,-1.566
2.296,0.097
2.336,0.775
2.264,-0.855
2.317,1.26
2.319,-0.18
1.623,-2.764
1.651,-2.829
0.937,-2.921
0.585,-2.601
-0.112,-2.716
-0.29,-2.826
-0.579,-2.921
-0.602,-3.027
-0.87,-2.979
-1.247,-2.536
-1.169,-2.809
-1.71,-2.682
-1.717,-2.768
-1.916,-2.7
-2.568,-3.02
-2.816,-2.63
-3.077,-2.647
3.037,-2.75
2.931,-2.714
2.399,-2.851
1.91,1.819
1.98,1.726
1.755,1.764
1.344,1.699
0.745,1.832
0.735,1.575
-0.624,1.519
-0.626,1.57
-1.061,1.492
-1.31,1.721
-1.308,1.783
-2.184,1.518
-2.405,1.788
-2.406,1.793
3.02,1.634
2.944,1.597
2.522,1.876
2.369,1.645
1.751,-1.477
1.298,-2.112
-0.689,1.385
-0.755,0.387
-2.83,0.008
2.704,1.329
2.802,1.616
2.134,-1.503
2.073,-0.232
2.129,0.416
2.032,1.219
1.899,-1.307
1.808,-0.055
1.831,0.019
1.794,-0.911
1.802,-1.33
1.79,-0.766
1.633,-1.351
1.578,-1.262
1.422,1.07
1.335,-0.853
1.143,-0.318
1.224,-0.603
1.142,-1.206
1.014,-2.449
1.027,1.273
1.15,0.908
1.116,-0.155
1.104,0.481
1.066,-2.019
0.89,0.651
0.831,1.143
0.938,-0.961
0.599,0.225
0.419,-0.803
0.202,-1.177
-0.042,-0.156
-0.204,0.974
-0.099,-1.245
-0.26,-0.804
-0.293,-1.271
-0.31,-1.108
-0.356,0.066
-0.249,-1.375
-0.312,-1.61
-0.533,1.099
-0.481,-0.423
-0.503,-0.01
-0.566,-1.3
-0.564,-2.292
-0.696,-0.542
-0.596,0.284
-0.608,-0.625
-0.637,0.158
-0.793,-1.471
-0.87,-2.337
-0.709,0.894
-0.826,0.527
-0.963,-2.41
-0.967,1.412
-0.983,0.991
-1.11,0.002
-1.248,-1.868
-1.259,0.412
-1.347,0.873
-1.339,-1.748
-1.354,-1.462
-1.493,0.008
-1.68,0.362
-1.582,1.418
-1.758,-0.946
-1.827,-1.34
-1.827,1.174
-1.812,-1.494
-2.053,-0.134
-1.957,-1.125
-2.063,0.731
-2.18,-1.814
-2.227,0.911
-2.369,-2.038
-2.461,1.417
-2.596,0.063
-2.476,-2.187
-2.704,-0.166
-2.638,-1.193
-2.619,-1.05
-2.786,-2.182
-2.847,1.186
-2.817,1.509
-2.99,1.173
-2.907,-0.304
-3.052,-0.982
-2.982,0.153
-3.125,-1.693
2.849,-2.315
2.616,-1.484
2.719,0.286
2.733,-1.618
2.566,0.047
2.538,0.147
2.674,-1.499
2.5,0.727
2.107,-2.743
2.201,-2.906
2.145,-2.815
0.221,-2.666
0.156,-2.841
0.201,-2.52
-0.114,-2.733
-0.259,-2.868
-0.437,-2.725
-0.791,-2.819
-1.016,-2.99
-1.636,-2.712
-1.77,-2.63
-1.917,-3.018
-2.106,-2.953
-2.426,-2.725
3.062,-2.763
1.512,1.77
1.026,1.636
0.961,1.583
0.773,1.499
-0.141,1.45
-0.988,1.631
-1.682,1.604
-2.966,1.752
2.995,1.441
2.609,1.66
-0.25,-0.372
1.266,-2.091
0.903,-1.179
-0.435,-1.168
-1.594,0.429
-2.054,-1.803
-2.318,0.372
-2.374,0.209
-2.396,-1.489
-2.402,-1.796
3.024,-1.182
3.116,0.08
3.002,-1.027
2.93,0.483
2.378,-0.298
1.656,-1.49
-0.367,0.778
-0.523,-0.517
-1.637,0.638
-2.347,-1.377
1.118,-2.662
1.285,1.543
1.691,1.745
-0.261,1.626
-0.093,2.045
-0.066,0.224
-0.334,0.931
-0.355,0.398
-0.502,-0.719
-0.447,1.612
-0.562,1.475
-0.575,1.303
-0.495,1.144
-0.589,2.66
-0.681,1.279
-0.77,2.401
-0.869,2.812
-0.878,1.752
-0.837,2.067
-1.08,-0.521
-1.183,1.613
-1.147,1.233
-1.182,0.1
-1.119,1.136
-1.247,1.315
-1.261,1.885
-1.295,2.052
-1.256,-0.01
-1.27,1.293
-1.292,2.199
-1.294,-0.825
-1.678,1.04
-1.774,2.527
-1.758,1.174
-1.782,-0.663
-1.754,1.848
-1.806,0.626
-1.911,0.204
-1.868,-0.134
-1.905,0.991
-1.945,2.46
-2.022,0.632
-2.117,1.254
-2.212,1.054
-2.214,1.177
-2.398,2.744
-2.431,2.132
-2.471,0.563
-2.472,1.969
-2.552,1.085
-2.587,1.782
-2.526,0.517
-2.526,1.151
-2.59,-0.678
-2.849,0.945
-2.795,0.364
-2.835,1.19
-2.843,-0.64
-2.918,0.511
-2.864,2.267
-2.873,1.508
-3.014,1.781
3.065,-0.651
3.082,1.173
2.998,-0.026
2.973,0.588
3.032,1.075
2.974,-0.417
2.958,1.222
3.013,1.045
3.003,-0.786
2.933,1.219
2.924,1.12
2.701,2.953
2.623,0.263
2.481,0.134
2.393,1.797
2.433,2.475
2.361,0.845
2.414,2.96
2.416,1.52
1.72,-1.064
1.748,-1.129
1.034,-1.221
0.682,-0.901
-0.015,-1.016
-0.193,-1.126
-0.482,-1.221
-0.505,-1.327
-0.773,-1.279
-1.15,-0.836
-1.072,-1.109
-1.613,-0.982
-1.62,-1.068
-1.819,-1.0
-2.471,-1.32
-2.719,-0.93
-2.98,-0.947
3.134,-1.05
3.028,-1.014
2.496,-1.151
2.007,3.519
2.077,3.426
1.852,3.464
1.441,3.399
0.842,3.532
0.832,3.275
-0.527,3.219
-0.529,3.27
-0.964,3.192
-1.213,3.421
-1.211,3.483
-2.087,3.218
-2.308,3.488
-2.309,3.493
3.117,3.334
3.041,3.297
2.619,3.576
2.466,3.345
1.848,0.223
1.395,-0.412
-0.592,3.085
-0.658,2.087
-2.733,1.708
2.801,3.029
2.899,3.316
2.231,0.197
2.17,1.468
2.226,2.116
2.129,2.919
1.996,0.393
1.905,1.645
1.928,1.719
1.891,0.789
1.899,0.37
1.887,0.934
1.73,0.349
1.675,0.438
1.519,2.77
1.432,0.847
1.24,1.382
1.321,1.097
1.239,0.494
1.111,-0.749
1.124,2.973
1.247,2.608
1.213,1.545
1.201,2.181
1.163,-0.319
0.987,2.351
0.928,2.843
1.035,0.739
0.696,1.925
0.516,0.897
0.299,0.523
0.055,1.544
-0.107,2.674
-0.002,0.455
-0.163,0.896
-0.196,0.429
-0.213,0.592
-0.259,1.766
-0.152,0.325
-0.215,0.09
-0.436,2.799
-0.384,1.277
-0.406,1.69
-0.469,0.4
-0.467,-0.592
-0.599,1.158
-0.499,1.984
-0.511,1.075
-0.54,1.858
-0.696,0.229
-0.773,-0.637
-0.612,2.594
-0.729,2.227
-0.866,-0.71
-0.87,3.112
-0.886,2.691
-1.013,1.702
-1.151,-0.168
-1.162,2.112
-1.25,2.573
-1.242,-0.048
-1.257,0.238
-1.396,1.708
-1.583,2.062
-1.485,3.118
-1.661,0.754
-1.73,0.36
-1.73,2.874
-1.715,0.206
-1.956,1.566
-1.86,0.575
-1.966,2.431
-2.083,-0.114
-2.13,2.611
-2.272,-0.338
-2.364,3.117
-2.499,1.763
-2.379,-0.487
-2.607,1.534
-2.541,0.507
-2.522,0.65
-2.689,-0.482
-2.75,2.886
-2.72,3.209
-2.893,2.873
-2.81,1.396
-2.955,0.718
-2.885,1.853
-3.028,0.007
2.946,-0.615
2.713,0.216
2.816,1.986
2.83,0.082
2.663,1.747
2.635,1.847
2.771,0.201
2.597,2.427
2.204,-1.043
2.298,-1.206
2.242,-1.115
0.318,-0.966
0.253,-1.141
0.298,-0.82
-0.017,-1.033
-0.162,-1.168
-0.34,-1.025
-0.694,-1.119
-0.919,-1.29
-1.539,-1.012
-1.673,-0.93
-1.82,-1.318
-2.009,-1.253
-2.329,-1.025
-3.124,-1.063
1.609,3.47
1.123,3.336
1.058,3.283
0.87,3.199
-0.044,3.15
-0.891,3.331
-1.585,3.304
-2.869,3.452
3.092,3.141
2.706,3.36
-0.153,1.328
1.363,-0.391
1.0,0.521
-0.338,0.532
-1.497,2.129
-1.957,-0.103
-2.221,2.072
-2.277,1.909
-2.299,0.211
-2.305,-0.096
3.121,0.518
-3.07,1.78
3.099,0.673
3.027,2.183
2.475,1.402
1.753,0.21
-0.27,2.478
-0.426,1.183
-1.54,2.338
-2.25,0.323
1.215,-0.962
1.382,3.243
1.788,3.445
-0.164,3.326
0.027,-1.821
-0.241,-1.114
-0.262,-1.647
-0.409,-2.764
-0.354,-0.433
-0.469,-0.57
-0.482,-0.742
-0.402,-0.901
-0.496,0.615
-0.588,-0.766
-0.677,0.356
-0.776,0.767
-0.785,-0.293
-0.744,0.022
-0.987,-2.566
-1.09,-0.432
-1.054,-0.812
-1.089,-1.945
-1.026,-0.909
-1.154,-0.73
-1.168,-0.16
-1.202,0.007
-1.163,-2.055
-1.177,-0.752
-1.199,0.154
-1.201,-2.87
-1.585,-1.005
-1.681,0.482
-1.665,-0.871
-1.689,-2.708
-1.661,-0.197
-1.713,-1.419
-1.818,-1.841
-1.775,-2.179
-1.812,-1.054
-1.852,0.415
-1.929,-1.413
-2.024,-0.791
-2.119,-0.991
-2.121,-0.868
-2.305,0.699
-2.338,0.087
-2.378,-1.482
-2.379,-0.076
-2.459,-0.96
-2.494,-0.263
-2.433,-1.528
-2.433,-0.894
-2.497,-2.723
-2.756,-1.1
-2.702,-1.681
-2.742,-0.855
-2.75,-2.685
-2.825,-1.534
-2.771,0.222
-2.78,-0.537
-2.921,-0.264
-3.125,-2.696
-3.108,-0.872
3.091,-2.071
3.066,-1.457
3.125,-0.97
3.067,-2.462
3.051,-0.823
3.106,-1.0
3.096,-2.831
3.026,-0.826
3.017,-0.925
2.794,0.908
2.716,-1.782
2.574,-1.911
2.486,-0.248
2.526,0.43
2.454,-1.2
2.507,0.915
2.509,-0.525
1.813,-3.109
1.841,-3.174
1.127,-3.266
0.775,-2.946
0.078,-3.061
-0.1,-3.171
-0.389,-3.266
-0.412,-3.372
-0.68,-3.324
-1.057,-2.881
-0.979,-3.154
-1.52,-3.027
-1.527,-3.113
-1.726,-3.045
-2.378,-3.365
-2.626,-2.975
-2.887,-2.992
-3.056,-3.095
3.121,-3.059
2.589,-3.196
2.1,1.474
2.17,1.381
1.945,1.419
1.534,1.354
0.935,1.487
0.925,1.23
-0.434,1.174
-0.436,1.225
-0.871,1.147
-1.12,1.376
-1.118,1.438
-1.994,1.173
-2.215,1.443
-2.216,1.448
-3.073,1.289
3.134,1.252
2.712,1.531
2.559,1.3
1.941,-1.822
1.488,-2.457
-0.499,1.04
-0.565,0.042
-2.64,-0.337
2.894,0.984
2.992,1.271
2.324,-1.848
2.263,-0.577
2.319,0.071
2.222,0.874
2.089,-1.652
1.998,-0.4
2.021,-0.326
1.984,-1.256
1.992,-1.675
1.98,-1.111
1.823,-1.696
1.768,-1.607
1.612,0.725
1.525,-1.198
1.333,-0.663
1.414,-0.948
1.332,-1.551
1.204,-2.794
1.217,0.928
1.34,0.563
1.306,-0.5
1.294,0.136
1.256,-2.364
1.08,0.306
1.021,0.798
1.128,-1.306
0.789,-0.12
0.609,-1.148
0.392,-1.522
0.148,-0.501
-0.014,0.629
0.091,-1.59
-0.07,-1.149
-0.103,-1.616
-0.12,-1.453
-0.166,-0.279
-0.059,-1.72
-0.122,-1.955
-0.343,0.754
-0.291,-0.768
-0.313,-0.355
-0.376,-1.645
-0.374,-2.637
-0.506,-0.887
-0.406,-0.061
-0.418,-0.97
-0.447,-0.187
-0.603,-1.816
-0.68,-2.682
-0.519,0.549
-0.636,0.182
-0.773,-2.755
-0.777,1.067
-0.793,0.646
-0.92,-0.343
-1.058,-2.213
-1.069,0.067
-1.157,0.528
-1.149,-2.093
-1.164,-1.807
-1.303,-0.337
-1.49,0.017
-1.392,1.073
-1.568,-1.291
-1.637,-1.685
-1.637,0.829
-1.622,-1.839
-1.863,-0.479
-1.767,-1.47
-1.873,0.386
-1.99,-2.159
-2.037,0.566
-2.179,-2.383
-2.271,1.072
-2.406,-0.282
-2.286,-2.532
-2.514,-0.511
-2.448,-1.538
-2.429,-1.395
-2.596,-2.527
-2.657,0.841
-2.627,1.164
-2.8,0.828
-2.717,-0.649
-2.862,-1.327
-2.792,-0.192
-2.935,-2.038
3.039,-2.66
2.806,-1.829
2.909,-0.059
2.923,-1.963
2.756,-0.298
2.728,-0.198
2.864,-1.844
2.69,0.382
2.297,-3.088
2.391,-3.251
2.335,-3.16
0.411,-3.011
0.346,-3.186
0.391,-2.865
0.076,-3.078
-0.069,-3.213
-0.247,-3.07
-0.601,-3.164
-0.826,-3.335
-1.446,-3.057
-1.58,-2.975
-1.727,-3.363
-1.916,-3.298
-2.236,-3.07
-3.031,-3.108
1.702,1.425
1.216,1.291
1.151,1.238
0.963,1.154
0.049,1.105
-0.798,1.286
-1.492,1.259
-2.776,1.407
-3.098,1.096
2.799,1.315
-0.06,-0.717
1.456,-2.436
1.093,-1.524
-0.245,-1.513
-1.404,0.084
-1.864,-2.148
-2.128,0.027
-2.184,-0.136
-2.206,-1.834
-2.212,-2.141
-3.069,-1.527
-2.977,-0.265
-3.091,-1.372
3.12,0.138
2.568,-0.643
1.846,-1.835
-0.177,0.433
-0.333,-0.862
-1.447,0.293
-2.157,-1.722
1.308,-3.007
1.475,1.198
1.881,1.4
-0.071,1.281
-0.268,0.707
-0.289,0.174
-0.436,-0.943
-0.381,1.388
-0.496,1.251
-0.509,1.079
-0.429,0.92
-0.523,2.436
-0.615,1.055
-0.704,2.177
-0.803,2.588
-0.812,1.528
-0.771,1.843
-1.014,-0.745
-1.117,1.389
-1.081,1.009
-1.116,-0.124
-1.053,0.912
-1.181,1.091
-1.195,1.661
-1.229,1.828
-1.19,-0.234
-1.204,1.069
-1.226,1.975
-1.228,-1.049
-1.612,0.816
-1.708,2.303
-1.692,0.95
-1.716,-0.887
-1.688,1.624
-1.74,0.402
-1.845,-0.02
-1.802,-0.358
-1.839,0.767
-1.879,2.236
-1.956,0.408
-2.051,1.03
-2.146,0.83
-2.148,0.953
-2.332,2.52
-2.365,1.908
-2.405,0.339
-2.406,1.745
-2.486,0.861
-2.521,1.558
-2.46,0.293
-2.46,0.927
-2.524,-0.902
-2.783,0.721
-2.729,0.14
-2.769,0.966
-2.777,-0.864
-2.852,0.287
-2.798,2.043
-2.807,1.284
-2.948,1.557
3.131,-0.875
-3.135,0.949
3.064,-0.25
3.039,0.364
3.098,0.851
3.04,-0.641
3.024,0.998
3.079,0.821
3.069,-1.01
2.999,0.995
2.99,0.896
2.767,2.729
2.689,0.039
2.547,-0.09
2.459,1.573
2.499,2.251
2.427,0.621
2.48,2.736
2.482,1.296
1.786,-1.288
1.814,-1.353
1.1,-1.445
0.748,-1.125
0.051,-1.24
-0.127,-1.35
-0.416,-1.445
-0.439,-1.551
-0.707,-1.503
-1.084,-1.06
-1.006,-1.333
-1.547,-1.206
-1.554,-1.292
-1.753,-1.224
-2.405,-1.544
-2.653,-1.154
-2.914,-1.171
-3.083,-1.274
3.094,-1.238
2.562,-1.375
2.073,3.295
2.143,3.202
1.918,3.24
1.507,3.175
0.908,3.308
0.898,3.051
-0.461,2.995
-0.463,3.046
-0.898,2.968
-1.147,3.197
-1.145,3.259
-2.021,2.994
-2.242,3.264
-2.243,3.269
-3.1,3.11
3.107,3.073
2.685,3.352
2.532,3.121
1.914,-0.001
1.461,-0.636
-0.526,2.861
-0.592,1.863
-2.667,1.484
2.867,2.805
2.965,3.092
2.297,-0.027
2.236,1.244
2.292,1.892
2.195,2.695
2.062,0.169
1.971,1.421
1.994,1.495
1.957,0.565
1.965,0.146
1.953,0.71
1.796,0.125
1.741,0.214
1.585,2.546
1.498,0.623
1.306,1.158
1.387,0.873
1.305,0.27
1.177,-0.973
1.19,2.749
1.313,2.384
1.279,1.321
1.267,1.957
1.229,-0.543
1.053,2.127
0.994,2.619
1.101,0.515
0.762,1.701
0.582,0.673
0.365,0.299
0.121,1.32
-0.041,2.45
0.064,0.231
-0.097,0.672
-0.13,0.205
-0.147,0.368
-0.193,1.542
-0.086,0.101
-0.149,-0.134
-0.37,2.575
-0.318,1.053
-0.34,1.466
-0.403,0.176
-0.401,-0.816
-0.533,0.934
-0.433,1.76
-0.445,0.851
-0.474,1.634
-0.63,0.005
-0.707,-0.861
-0.546,2.37
-0.663,2.003
-0.8,-0.934
-0.804,2.888
-0.82,2.467
-0.947,1.478
-1.085,-0.392
-1.096,1.888
-1.184,2.349
-1.176,-0.272
-1.191,0.014
-1.33,1.484
-1.517,1.838
-1.419,2.894
-1.595,0.53
-1.664,0.136
-1.664,2.65
-1.649,-0.018
-1.89,1.342
-1.794,0.351
-1.9,2.207
-2.017,-0.338
-2.064,2.387
-2.206,-0.562
-2.298,2.893
-2.433,1.539
-2.313,-0.711
-2.541,1.31
-2.475,0.283
-2.456,0.426
-2.623,-0.706
-2.684,2.662
-2.654,2.985
-2.827,2.649
-2.744,1.172
-2.889,0.494
-2.819,1.629
-2.962,-0.217
3.012,-0.839
2.779,-0.008
2.882,1.762
2.896,-0.142
2.729,1.523
2.701,1.623
2.837,-0.023
2.663,2.203
2.27,-1.267
2.364,-1.43
2.308,-1.339
0.384,-1.19
0.319,-1.365
0.364,-1.044
0.049,-1.257
-0.096,-1.392
-0.274,-1.249
-0.628,-1.343
-0.853,-1.514
-1.473,-1.236
-1.607,-1.154
-1.754,-1.542
-1.943,-1.477
-2.263,-1.249
-3.058,-1.287
1.675,3.246
1.189,3.112
1.124,3.059
0.936,2.975
0.022,2.926
-0.825,3.107
-1.519,3.08
-2.803,3.228
-3.125,2.917
2.772,3.136
-0.087,1.104
1.429,-0.615
1.066,0.297
-0.272,0.308
-1.431,1.905
-1.891,-0.327
-2.155,1.848
-2.211,1.685
-2.233,-0.013
-2.239,-0.32
-3.096,0.294
-3.004,1.556
-3.118,0.449
3.093,1.959
2.541,1.178
1.819,-0.014
-0.204,2.254
-0.36,0.959
-1.474,2.114
-2.184,0.099
1.281,-1.186
1.448,3.019
1.854,3.221
-0.098,3.102
-0.021,-0.533
-0.168,-1.65
-0.113,0.681
-0.228,0.544
-0.241,0.372
-0.161,0.213
-0.255,1.729
-0.347,0.348
-0.436,1.47
-0.535,1.881
-0.544,0.821
-0.503,1.136
-0.746,-1.452
-0.849,0.682
-0.813,0.302
-0.848,-0.831
-0.785,0.205
-0.913,0.384
-0.927,0.954
-0.961,1.121
-0.922,-0.941
-0.936,0.362
-0.958,1.268
-0.96,-1.756
-1.344,0.109
-1.44,1.596
-1.424,0.243
-1.448,-1.594
-1.42,0.917
-1.472,-0.305
-1.577,-0.727
-1.534,-1.065
-1.571,0.06
-1.611,1.529
-1.688,-0.299
-1.783,0.323
-1.878,0.123
-1.88,0.246
-2.064,1.813
-2.097,1.201
-2.137,-0.368
-2.138,1.038
-2.218,0.154
-2.253,0.851
-2.192,-0.414
-2.192,0.22
-2.256,-1.609
-2.515,0.014
-2.461,-0.567
-2.501,0.259
-2.509,-1.571
-2.584,-0.42
-2.53,1.336
-2.539,0.577
-2.68,0.85
-2.884,-1.582
-2.867,0.242
-2.951,-0.957
-2.976,-0.343
-2.917,0.144
-2.975,-1.348
-2.991,0.291
-2.936,0.114
-2.946,-1.717
-3.016,0.288
-3.025,0.189
3.035,2.022
2.957,-0.668
2.815,-0.797
2.727,0.866
2.767,1.544
2.695,-0.086
2.748,2.029
2.75,0.589
2.054,-1.995
2.082,-2.06
1.368,-2.152
1.016,-1.832
0.319,-1.947
0.141,-2.057
-0.148,-2.152
-0.171,-2.258
-0.439,-2.21
-0.816,-1.767
-0.738,-2.04
-1.279,-1.913
-1.286,-1.999
-1.485,-1.931
-2.137,-2.251
-2.385,-1.861
-2.646,-1.878
-2.815,-1.981
-2.921,-1.945
2.83,-2.082
2.341,2.588
2.411,2.495
2.186,2.533
1.775,2.468
1.176,2.601
1.166,2.344
-0.193,2.288
-0.195,2.339
-0.63,2.261
-0.879,2.49
-0.877,2.552
-1.753,2.287
-1.974,2.557
-1.975,2.562
-2.832,2.403
-2.908,2.366
2.953,2.645
2.8,2.414
2.182,-0.708
1.729,-1.343
-0.258,2.154
-0.324,1.156
-2.399,0.777
3.135,2.098
-3.05,2.385
2.565,-0.734
2.504,0.537
2.56,1.185
2.463,1.988
2.33,-0.538
2.239,0.714
2.262,0.788
2.225,-0.142
2.233,-0.561
2.221,0.003
2.064,-0.582
2.009,-0.493
1.853,1.839
1.766,-0.084
1.574,0.451
1.655,0.166
1.573,-0.437
1.445,-1.68
1.458,2.042
1.581,1.677
1.547,0.614
1.535,1.25
1.497,-1.25
1.321,1.42
1.262,1.912
1.369,-0.192
1.03,0.994
0.85,-0.034
0.633,-0.408
0.389,0.613
0.227,1.743
0.332,-0.476
0.171,-0.035
0.138,-0.502
0.121,-0.339
0.075,0.835
0.182,-0.606
0.119,-0.841
-0.102,1.868
-0.05,0.346
-0.072,0.759
-0.135,-0.531
-0.133,-1.523
-0.265,0.227
-0.165,1.053
-0.177,0.144
-0.206,0.927
-0.362,-0.702
-0.439,-1.568
-0.278,1.663
-0.395,1.296
-0.532,-1.641
-0.536,2.181
-0.552,1.76
-0.679,0.771
-0.817,-1.099
-0.828,1.181
-0.916,1.642
-0.908,-0.979
-0.923,-0.693
-1.062,0.777
-1.249,1.131
-1.151,2.187
-1.327,-0.177
-1.396,-0.571
-1.396,1.943
-1.381,-0.725
-1.622,0.635
-1.526,-0.356
-1.632,1.5
-1.749,-1.045
-1.796,1.68
-1.938,-1.269
-2.03,2.186
-2.165,0.832
-2.045,-1.418
-2.273,0.603
-2.207,-0.424
-2.188,-0.281
-2.355,-1.413
-2.416,1.955
-2.386,2.278
-2.559,1.942
-2.476,0.465
-2.621,-0.213
-2.551,0.922
-2.694,-0.924
-3.003,-1.546
3.047,-0.715
-3.133,1.055
-3.119,-0.849
2.997,0.816
2.969,0.916
3.105,-0.73
2.931,1.496
2.538,-1.974
2.632,-2.137
2.576,-2.046
0.652,-1.897
0.587,-2.072
0.632,-1.751
0.317,-1.964
0.172,-2.099
-0.006,-1.956
-0.36,-2.05
-0.585,-2.221
-1.205,-1.943
-1.339,-1.861
-1.486,-2.249
-1.675,-2.184
-1.995,-1.956
-2.79,-1.994
1.943,2.539
1.457,2.405
1.392,2.352
1.204,2.268
0.29,2.219
-0.557,2.4
-1.251,2.373
-2.535,2.521
-2.857,2.21
3.04,2.429
0.181,0.397
1.697,-1.322
1.334,-0.41
-0.004,-0.399
-1.163,1.198
-1.623,-1.034
-1.887,1.141
-1.943,0.978
-1.965,-0.72
-1.971,-1.027
-2.828,-0.413
-2.736,0.849
-2.85,-0.258
-2.922,1.252
2.809,0.471
2.087,-0.721
0.064,1.547
-0.092,0.252
-1.206,1.407
-1.916,-0.608
1.549,-1.893
1.716,2.312
2.122,2.514
0.17,2.395
-0.147,-1.117
-0.092,1.214
-0.207,1.077
-0.22,0.905
-0.14,0.746
-0.234,2.262
-0.326,0.881
-0.415,2.003
-0.514,2.414
-0.523,1.354
-0.482,1.669
-0.725,-0.919
-0.828,1.215
-0.792,0.835
-0.827,-0.298
-0.764,0.738
-0.892,0.917
-0.906,1.487
-0.94,1.654
-0.901,-0.408
-0.915,0.895
-0.937,1.801
-0.939,-1.223
-1.323,0.642
-1.419,2.129
-1.403,0.776
-1.427,-1.061
-1.399,1.45
-1.451,0.228
-1.556,-0.194
-1.513,-0.532
-1.55,0.593
-1.59,2.062
-1.667,0.234
-1.762,0.856
-1.857,0.656
-1.859,0.779
-2.043,2.346
-2.076,1.734
-2.116,0.165
-2.117,1.571
-2.197,0.687
-2.232,1.384
-2.171,0.119
-2.171,0.753
-2.235,-1.076
-2.494,0.547
-2.44,-0.034
-2.48,0.792
-2.488,-1.038
-2.563,0.113
-2.509,1.869
-2.518,1.11
-2.659,1.383
-2.863,-1.049
-2.846,0.775
-2.93,-0.424
-2.955,0.19
-2.896,0.677
-2.954,-0.815
-2.97,0.824
-2.915,0.647
-2.925,-1.184
-2.995,0.821
-3.004,0.722
3.056,2.555
2.978,-0.135
2.836,-0.264
2.748,1.399
2.788,2.077
2.716,0.447
2.769,2.562
2.771,1.122
2.075,-1.462
2.103,-1.527
1.389,-1.619
1.037,-1.299
0.34,-1.414
0.162,-1.524
-0.127,-1.619
-0.15,-1.725
-0.418,-1.677
-0.795,-1.234
-0.717,-1.507
-1.258,-1.38
-1.265,-1.466
-1.464,-1.398
-2.116,-1.718
-2.364,-1.328
-2.625,-1.345
-2.794,-1.448
-2.9,-1.412
2.851,-1.549
2.362,3.121
2.432,3.028
2.207,3.066
1.796,3.001
1.197,3.134
1.187,2.877
-0.172,2.821
-0.174,2.872
-0.609,2.794
-0.858,3.023
-0.856,3.085
-1.732,2.82
-1.953,3.09
-1.954,3.095
-2.811,2.936
-2.887,2.899
2.974,3.178
2.821,2.947
2.203,-0.175
1.75,-0.81
-0.237,2.687
-0.303,1.689
-2.378,1.31
-3.127,2.631
-3.029,2.918
2.586,-0.201
2.525,1.07
2.581,1.718
2.484,2.521
2.351,-0.005
2.26,1.247
2.283,1.321
2.246,0.391
2.254,-0.028
2.242,0.536
2.085,-0.049
2.03,0.04
1.874,2.372
1.787,0.449
1.595,0.984
1.676,0.699
1.594,0.096
1.466,-1.147
1.479,2.575
1.602,2.21
1.568,1.147
1.556,1.783
1.518,-0.717
1.342,1.953
1.283,2.445
1.39,0.341
1.051,1.527
0.871,0.499
0.654,0.125
0.41,1.146
0.248,2.276
0.353,0.057
0.192,0.498
0.159,0.031
0.142,0.194
0.096,1.368
0.203,-0.073
0.14,-0.308
-0.081,2.401
-0.029,0.879
-0.051,1.292
-0.114,0.002
-0.112,-0.99
-0.244,0.76
-0.144,1.586
-0.156,0.677
-0.185,1.46
-0.341,-0.169
-0.418,-1.035
-0.257,2.196
-0.374,1.829
-0.511,-1.108
-0.515,2.714
-0.531,2.293
-0.658,1.304
-0.796,-0.566
-0.807,1.714
-0.895,2.175
-0.887,-0.446
-0.902,-0.16
-1.041,1.31
-1.228,1.664
-1.13,2.72
-1.306,0.356
-1.375,-0.038
-1.375,2.476
-1.36,-0.192
-1.601,1.168
-1.505,0.177
-1.611,2.033
-1.728,-0.512
-1.775,2.213
-1.917,-0.736
-2.009,2.719
-2.144,1.365
-2.024,-0.885
-2.252,1.136
-2.186,0.109
-2.167,0.252
-2.334,-0.88
-2.395,2.488
-2.365,2.811
-2.538,2.475
-2.455,0.998
-2.6,0.32
-2.53,1.455
-2.673,-0.391
-2.982,-1.013
3.068,-0.182
-3.112,1.588
-3.098,-0.316
3.018,1.349
2.99,1.449
3.126,-0.197
2.952,2.029
2.559,-1.441
2.653,-1.604
2.597,-1.513
0.673,-1.364
0.608,-1.539
0.653,-1.218
0.338,-1.431
0.193,-1.566
0.015,-1.423
-0.339,-1.517
-0.564,-1.688
-1.184,-1.41
-1.318,-1.328
-1.465,-1.716
-1.654,-1.651
-1.974,-1.423
-2.769,-1.461
1.964,3.072
1.478,2.938
1.413,2.885
1.225,2.801
0.311,2.752
-0.536,2.933
-1.23,2.906
-2.514,3.054
-2.836,2.743
3.061,2.962
0.202,0.93
1.718,-0.789
1.355,0.123
0.017,0.134
-1.142,1.731
-1.602,-0.501
-1.866,1.674
-1.922,1.511
-1.944,-0.187
-1.95,-0.494
-2.807,0.12
-2.715,1.382
-2.829,0.275
-2.901,1.785
2.83,1.004
2.108,-0.188
0.085,2.08
-0.071,0.785
-1.185,1.94
-1.895,-0.075
1.57,-1.36
1.737,2.845
2.143,3.047
0.191,2.928
0.055,2.331
-0.06,2.194
-0.073,2.022
0.007,1.863
-0.087,3.379
-0.179,1.998
-0.268,3.12
-0.367,3.531
-0.376,2.471
-0.335,2.786
-0.578,0.198
-0.681,2.332
-0.645,1.952
-0.68,0.819
-0.617,1.855
-0.745,2.034
-0.759,2.604
-0.793,2.771
-0.754,0.709
-0.768,2.012
-0.79,2.918
-0.792,-0.106
-1.176,1.759
-1.272,3.246
-1.256,1.893
-1.28,0.056
-1.252,2.567
-1.304,1.345
-1.409,0.923
-1.366,0.585
-1.403,1.71
-1.443,3.179
-1.52,1.351
-1.615,1.973
-1.71,1.773
-1.712,1.896
-1.896,3.463
-1.929,2.851
-1.969,1.282
-1.97,2.688
-2.05,1.804
-2.085,2.501
-2.024,1.236
-2.024,1.87
-2.088,0.041
-2.347,1.664
-2.293,1.083
-2.333,1.909
-2.341,0.079
-2.416,1.23
-2.362,2.986
-2.371,2.227
-2.512,2.5
-2.716,0.068
-2.699,1.892
-2.783,0.693
-2.808,1.307
-2.749,1.794
-2.807,0.302
-2.823,1.941
-2.768,1.764
-2.778,-0.067
-2.848,1.938
-2.857,1.839
-3.08,3.672
3.125,0.982
2.983,0.853
2.895,2.516
2.935,3.194
2.863,1.564
2.916,3.679
2.918,2.239
2.222,-0.345
2.25,-0.41
1.536,-0.502
1.184,-0.182
0.487,-0.297
0.309,-0.407
0.02,-0.502
-0.003,-0.608
-0.271,-0.56
-0.648,-0.117
-0.57,-0.39
-1.111,-0.263
-1.118,-0.349
-1.317,-0.281
-1.969,-0.601
-2.217,-0.211
-2.478,-0.228
-2.647,-0.331
-2.753,-0.295
2.998,-0.432
2.509,4.238
2.579,4.145
2.354,4.183
1.943,4.118
1.344,4.251
1.334,3.994
-0.025,3.938
-0.027,3.989
-0.462,3.911
-0.711,4.14
-0.709,4.202
-1.585,3.937
-1.806,4.207
-1.807,4.212
-2.664,4.053
-2.74,4.016
3.121,4.295
2.968,4.064
2.35,0.942
1.897,0.307
-0.09,3.804
-0.156,2.806
-2.231,2.427
-2.98,3.748
-2.882,4.035
2.733,0.916
2.672,2.187
2.728,2.835
2.631,3.638
2.498,1.112
2.407,2.364
2.43,2.438
2.393,1.508
2.401,1.089
2.389,1.653
2.232,1.068
2.177,1.157
2.021,3.489
1.934,1.566
1.742,2.101
1.823,1.816
1.741,1.213
1.613,-0.03
1.626,3.692
1.749,3.327
1.715,2.264
1.703,2.9
1.665,0.4
1.489,3.07
1.43,3.562
1.537,1.458
1.198,2.644
1.018,1.616
0.801,1.242
0.557,2.263
0.395,3.393
0.5,1.174
0.339,1.615
0.306,1.148
0.289,1.311
0.243,2.485
0.35,1.044
0.287,0.809
0.066,3.518
0.118,1.996
0.096,2.409
0.033,1.119
0.035,0.127
-0.097,1.877
0.003,2.703
-0.009,1.794
-0.038,2.577
-0.194,0.948
-0.271,0.082
-0.11,3.313
-0.227,2.946
-0.364,0.009
-0.368,3.831
-0.384,3.41
-0.511,2.421
-0.649,0.551
-0.66,2.831
-0.748,3.292
-0.74,0.671
-0.755,0.957
-0.894,2.427
-1.081,2.781
-0.983,3.837
-1.159,1.473
-1.228,1.079
-1.228,3.593
-1.213,0.925
-1.454,2.285
-1.358,1.294
-1.464,3.15
-1.581,0.605
-1.628,3.33
-1.77,0.381
-1.862,3.836
-1.997,2.482
-1.877,0.232
-2.105,2.253
-2.039,1.226
-2.02,1.369
-2.187,0.237
-2.248,3.605
-2.218,3.928
-2.391,3.592
-2.308,2.115
-2.453,1.437
-2.383,2.572
-2.526,0.726
-2.835,0.104
-3.068,0.935
-2.965,2.705
-2.951,0.801
-3.118,2.466
3.137,2.566
-3.01,0.92
3.099,3.146
2.706,-0.324
2.8,-0.487
2.744,-0.396
0.82,-0.247
0.755,-0.422
0.8,-0.101
0.485,-0.314
0.34,-0.449
0.162,-0.306
-0.192,-0.4
-0.417,-0.571
-1.037,-0.293
-1.171,-0.211
-1.318,-0.599
-1.507,-0.534
-1.827,-0.306
-2.622,-0.344
2.111,4.189
1.625,4.055
1.56,4.002
1.372,3.918
0.458,3.869
-0.389,4.05
-1.083,4.023
-2.367,4.171
-2.689,3.86
-3.075,4.079
0.349,2.047
1.865,0.328
1.502,1.24
0.164,1.251
-0.995,2.848
-1.455,0.616
-1.719,2.791
-1.775,2.628
-1.797,0.93
-1.803,0.623
-2.66,1.237
-2.568,2.499
-2.682,1.392
-2.754,2.902
2.977,2.121
2.255,0.929
0.232,3.197
0.076,1.902
-1.038,3.057
-1.748,1.042
1.717,-0.243
1.884,3.962
2.29,4.164
0.338,4.045
-0.115,-0.137
-0.128,-0.309
-0.048,-0.468
-0.142,1.048
-0.234,-0.333
-0.323,0.789
-0.422,1.2
-0.431,0.14
-0.39,0.455
-0.633,-2.133
-0.736,0.001
-0.7,-0.379
-0.735,-1.512
-0.672,-0.476
-0.8,-0.297
-0.814,0.273
-0.848,0.44
-0.809,-1.622
-0.823,-0.319
-0.845,0.587
-0.847,-2.437
-1.231,-0.572
-1.327,0.915
-1.311,-0.438
-1.335,-2.275
-1.307,0.236
-1.359,-0.986
-1.464,-1.408
-1.421,-1.746
-1.458,-0.621
-1.498,0.848
-1.575,-0.98
-1.67,-0.358
-1.765,-0.558
-1.767,-0.435
-1.951,1.132
-1.984,0.52
-2.024,-1.049
-2.025,0.357
-2.105,-0.527
-2.14,0.17
-2.079,-1.095
-2.079,-0.461
-2.143,-2.29
-2.402,-0.667
-2.348,-1.248
-2.388,-0.422
-2.396,-2.252
-2.471,-1.101
-2.417,0.655
-2.426,-0.104
-2.567,0.169
-2.771,-2.263
-2.754,-0.439
-2.838,-1.638
-2.863,-1.024
-2.804,-0.537
-2.862,-2.029
-2.878,-0.39
-2.823,-0.567
-2.833,-2.398
-2.903,-0.393
-2.912,-0.492
-3.135,1.341
3.07,-1.349
2.928,-1.478
2.84,0.185
2.88,0.863
2.808,-0.767
2.861,1.348
2.863,-0.092
2.167,-2.676
2.195,-2.741
1.481,-2.833
1.129,-2.513
0.432,-2.628
0.254,-2.738
-0.035,-2.833
-0.058,-2.939
-0.326,-2.891
-0.703,-2.448
-0.625,-2.721
-1.166,-2.594
-1.173,-2.68
-1.372,-2.612
-2.024,-2.932
-2.272,-2.542
-2.533,-2.559
-2.702,-2.662
-2.808,-2.626
2.943,-2.763
2.454,1.907
2.524,1.814
2.299,1.852
1.888,1.787
1.289,1.92
1.279,1.663
-0.08,1.607
-0.082,1.658
-0.517,1.58
-0.766,1.809
-0.764,1.871
-1.64,1.606
-1.861,1.876
-1.862,1.881
-2.719,1.722
-2.795,1.685
3.066,1.964
2.913,1.733
2.295,-1.389
1.842,-2.024
-0.145,1.473
-0.211,0.475
-2.286,0.096
-3.035,1.417
-2.937,1.704
2.678,-1.415
2.617,-0.144
2.673,0.504
2.576,1.307
2.443,-1.219
2.352,0.033
2.375,0.107
2.338,-0.823
2.346,-1.242
2.334,-0.678
2.177,-1.263
2.122,-1.174
1.966,1.158
1.879,-0.765
1.687,-0.23
1.768,-0.515
1.686,-1.118
1.558,-2.361
1.571,1.361
1.694,0.996
1.66,-0.067
1.648,0.569
1.61,-1.931
1.434,0.739
1.375,1.231
1.482,-0.873
1.143,0.313
0.963,-0.715
0.746,-1.089
0.502,-0.068
0.34,1.062
0.445,-1.157
0.284,-0.716
0.251,-1.183
0.234,-1.02
0.188,0.154
0.295,-1.287
0.232,-1.522
0.011,1.187
0.063,-0.335
0.041,0.078
-0.022,-1.212
-0.02,-2.204
-0.152,-0.454
-0.052,0.372
-0.064,-0.537
-0.093,0.246
-0.249,-1.383
-0.326,-2.249
-0.165,0.982
-0.282,0.615
-0.419,-2.322
-0.423,1.5
-0.439,1.079
-0.566,0.09
-0.704,-1.78
-0.715,0.5
-0.803,0.961
-0.795,-1.66
-0.81,-1.374
-0.949,0.096
-1.136,0.45
-1.038,1.506
-1.214,-0.858
-1.283,-1.252
-1.283,1.262
-1.268,-1.406
-1.509,-0.046
-1.413,-1.037
-1.519,0.819
-1.636,-1.726
-1.683,0.999
-1.825,-1.95
-1.917,1.505
-2.052,0.151
-1.932,-2.099
-2.16,-0.078
-2.094,-1.105
-2.075,-0.962
-2.242,-2.094
-2.303,1.274
-2.273,1.597
-2.446,1.261
-2.363,-0.216
-2.508,-0.894
-2.438,0.241
-2.581,-1.605
-2.89,-2.227
-3.123,-1.396
-3.02,0.374
-3.006,-1.53
3.11,0.135
3.082,0.235
-3.065,-1.411
3.044,0.815
2.651,-2.655
2.745,-2.818
2.689,-2.727
0.765,-2.578
0.7,-2.753
0.745,-2.432
0.43,-2.645
0.285,-2.78
0.107,-2.637
-0.247,-2.731
-0.472,-2.902
-1.092,-2.624
-1.226,-2.542
-1.373,-2.93
-1.562,-2.865
-1.882,-2.637
-2.677,-2.675
2.056,1.858
1.57,1.724
1.505,1.671
1.317,1.587
0.403,1.538
-0.444,1.719
-1.138,1.692
-2.422,1.84
-2.744,1.529
-3.13,1.748
0.294,-0.284
1.81,-2.003
1.447,-1.091
0.109,-1.08
-1.05,0.517
-1.51,-1.715
-1.774,0.46
-1.83,0.297
-1.852,-1.401
-1.858,-1.708
-2.715,-1.094
-2.623,0.168
-2.737,-0.939
-2.809,0.571
2.922,-0.21
2.2,-1.402
0.177,0.866
0.021,-0.429
-1.093,0.726
-1.803,-1.289
1.662,-2.574
1.829,1.631
2.235,1.833
0.283,1.714
-0.013,-0.172
0.067,-0.331
-0.027,1.185
-0.119,-0.196
-0.208,0.926
-0.307,1.337
-0.316,0.277
-0.275,0.592
-0.518,-1.996
-0.621,0.138
-0.585,-0.242
-0.62,-1.375
-0.557,-0.339
-0.685,-0.16
-0.699,0.41
-0.733,0.577
-0.694,-1.485
-0.708,-0.182
-0.73,0.724
-0.732,-2.3
-1.116,-0.435
-1.212,1.052
-1.196,-0.301
-1.22,-2.138
-1.192,0.373
-1.244,-0.849
-1.349,-1.271
-1.306,-1.609
-1.343,-0.484
-1.383,0.985
-1.46,-0.843
-1.555,-0.221
-1.65,-0.421
-1.652,-0.298
-1.836,1.269
-1.869,0.657
-1.909,-0.912
-1.91,0.494
-1.99,-0.39
-2.025,0.307
-1.964,-0.958
-1.964,-0.324
-2.028,-2.153
-2.287,-0.53
-2.233,-1.111
-2.273,-0.285
-2.281,-2.115
-2.356,-0.964
-2.302,0.792
-2.311,0.033
-2.452,0.306
-2.656,-2.126
-2.639,-0.302
-2.723,-1.501
-2.748,-0.887
-2.689,-0.4
-2.747,-1.892
-2.763,-0.253
-2.708,-0.43
-2.718,-2.261
-2.788,-0.256
-2.797,-0.355
-3.02,1.478
-3.098,-1.212
3.043,-1.341
2.955,0.322
2.995,1.0
2.923,-0.63
2.976,1.485
2.978,0.045
2.282,-2.539
2.31,-2.604
1.596,-2.696
1.244,-2.376
0.547,-2.491
0.369,-2.601
0.08,-2.696
0.057,-2.802
-0.211,-2.754
-0.588,-2.311
-0.51,-2.584
-1.051,-2.457
-1.058,-2.543
-1.257,-2.475
-1.909,-2.795
-2.157,-2.405
-2.418,-2.422
-2.587,-2.525
-2.693,-2.489
3.058,-2.626
2.569,2.044
2.639,1.951
2.414,1.989
2.003,1.924
1.404,2.057
1.394,1.8
0.035,1.744
0.033,1.795
-0.402,1.717
-0.651,1.946
-0.649,2.008
-1.525,1.743
-1.746,2.013
-1.747,2.018
-2.604,1.859
-2.68,1.822
-3.102,2.101
3.028,1.87
2.41,-1.252
1.957,-1.887
-0.03,1.61
-0.096,0.612
-2.171,0.233
-2.92,1.554
-2.822,1.841
2.793,-1.278
2.732,-0.007
2.788,0.641
2.691,1.444
2.558,-1.082
2.467,0.17
2.49,0.244
2.453,-0.686
2.461,-1.105
2.449,-0.541
2.292,-1.126
2.237,-1.037
2.081,1.295
1.994,-0.628
1.802,-0.093
1.883,-0.378
1.801,-0.981
1.673,-2.224
1.686,1.498
1.809,1.133
1.775,0.07
1.763,0.706
1.725,-1.794
1.549,0.876
1.49,1.368
1.597,-0.736
1.258,0.45
1.078,-0.578
0.861,-0.952
0.617,0.069
0.455,1.199
0.56,-1.02
0.399,-0.579
0.366,-1.046
0.349,-0.883
0.303,0.291
0.41,-1.15
0.347,-1.385
0.126,1.324
0.178,-0.198
0.156,0.215
0.093,-1.075
0.095,-2.067
-0.037,-0.317
0.063,0.509
0.051,-0.4
0.022,0.383
-0.134,-1.246
-0.211,-2.112
-0.05,1.119
-0.167,0.752
-0.304,-2.185
-0.308,1.637
-0.324,1.216
-0.451,0.227
-0.589,-1.643
-0.6,0.637
-0.688,1.098
-0.68,-1.523
-0.695,-1.237
-0.834,0.233
-1.021,0.587
-0.923,1.643
-1.099,-0.721
-1.168,-1.115
-1.168,1.399
-1.153,-1.269
-1.394,0.091
-1.298,-0.9
-1.404,0.956
-1.521,-1.589
-1.568,1.136
-1.71,-1.813
-1.802,1.642
-1.937,0.288
-1.817,-1.962
-2.045,0.059
-1.979,-0.968
-1.96,-0.825
-2.127,-1.957
-2.188,1.411
-2.158,1.734
-2.331,1.398
-2.248,-0.079
-2.393,-0.757
-2.323,0.378
-2.466,-1.468
-2.775,-2.09
-3.008,-1.259
-2.905,0.511
-2.891,-1.393
-3.058,0.272
-3.086,0.372
-2.95,-1.274
-3.124,0.952
2.766,-2.518
2.86,-2.681
2.804,-2.59
0.88,-2.441
0.815,-2.616
0.86,-2.295
0.545,-2.508
0.4,-2.643
0.222,-2.5
-0.132,-2.594
-0.357,-2.765
-0.977,-2.487
-1.111,-2.405
-1.258,-2.793
-1.447,-2.728
-1.767,-2.5
-2.562,-2.538
2.171,1.995
1.685,1.861
1.62,1.808
1.432,1.724
0.518,1.675
-0.329,1.856
-1.023,1.829
-2.307,1.977
-2.629,1.666
-3.015,1.885
0.409,-0.147
1.925,-1.866
1.562,-0.954
0.224,-0.943
-0.935,0.654
-1.395,-1.578
-1.659,0.597
-1.715,0.434
-1.737,-1.264
-1.743,-1.571
-2.6,-0.957
-2.508,0.305
-2.622,-0.802
-2.694,0.708
3.037,-0.073
2.315,-1.265
0.292,1.003
0.136,-0.292
-0.978,0.863
-1.688,-1.152
1.777,-2.437
1.944,1.768
2.35,1.97
0.398,1.851
0.08,-0.159
-0.014,1.357
-0.106,-0.024
-0.195,1.098
-0.294,1.509
-0.303,0.449
-0.262,0.764
-0.505,-1.824
-0.608,0.31
-0.572,-0.07
-0.607,-1.203
-0.544,-0.167
-0.672,0.012
-0.686,0.582
-0.72,0.749
-0.681,-1.313
-0.695,-0.01
-0.717,0.896
-0.719,-2.128
-1.103,-0.263
-1.199,1.224
-1.183,-0.129
-1.207,-1.966
-1.179,0.545
-1.231,-0.677
-1.336,-1.099
-1.293,-1.437
-1.33,-0.312
-1.37,1.157
-1.447,-0.671
-1.542,-0.049
-1.637,-0.249
-1.639,-0.126
-1.823,1.441
-1.856,0.829
-1.896,-0.74
-1.897,0.666
-1.977,-0.218
-2.012,0.479
-1.951,-0.786
-1.951,-0.152
-2.015,-1.981
-2.274,-0.358
-2.22,-0.939
-2.26,-0.113
-2.268,-1.943
-2.343,-0.792
-2.289,0.964
-2.298,0.205
-2.439,0.478
-2.643,-1.954
-2.626,-0.13
-2.71,-1.329
-2.735,-0.715
-2.676,-0.228
-2.734,-1.72
-2.75,-0.081
-2.695,-0.258
-2.705,-2.089
-2.775,-0.084
-2.784,-0.183
-3.007,1.65
-3.085,-1.04
3.056,-1.169
2.968,0.494
3.008,1.172
2.936,-0.458
2.989,1.657
2.991,0.217
2.295,-2.367
2.323,-2.432
1.609,-2.524
1.257,-2.204
0.56,-2.319
0.382,-2.429
0.093,-2.524
0.07,-2.63
-0.198,-2.582
-0.575,-2.139
-0.497,-2.412
-1.038,-2.285
-1.045,-2.371
-1.244,-2.303
-1.896,-2.623
-2.144,-2.233
-2.405,-2.25
-2.574,-2.353
-2.68,-2.317
3.071,-2.454
2.582,2.216
2.652,2.123
2.427,2.161
2.016,2.096
1.417,2.229
1.407,1.972
0.048,1.916
0.046,1.967
-0.389,1.889
-0.638,2.118
-0.636,2.18
-1.512,1.915
-1.733,2.185
-1.734,2.19
-2.591,2.031
-2.667,1.994
-3.089,2.273
3.041,2.042
2.423,-1.08
1.97,-1.715
-0.017,1.782
-0.083,0.784
-2.158,0.405
-2.907,1.726
-2.809,2.013
2.806,-1.106
2.745,0.165
2.801,0.813
2.704,1.616
2.571,-0.91
2.48,0.342
2.503,0.416
2.466,-0.514
2.474,-0.933
2.462,-0.369
2.305,-0.954
2.25,-0.865
2.094,1.467
2.007,-0.456
1.815,0.079
1.896,-0.206
1.814,-0.809
1.686,-2.052
1.699,1.67
1.822,1.305
1.788,0.242
1.776,0.878
1.738,-1.622
1.562,1.048
1.503,1.54
1.61,-0.564
1.271,0.622
1.091,-0.406
0.874,-0.78
0.63,0.241
0.468,1.371
0.573,-0.848
0.412,-0.407
0.379,-0.874
0.362,-0.711
0.316,0.463
0.423,-0.978
0.36,-1.213
0.139,1.496
0.191,-0.026
0.169,0.387
0.106,-0.903
0.108,-1.895
-0.024,-0.145
0.076,0.681
0.064,-0.228
0.035,0.555
-0.121,-1.074
-0.198,-1.94
-0.037,1.291
-0.154,0.924
-0.291,-2.013
-0.295,1.809
-0.311,1.388
-0.438,0.399
-0.576,-1.471
-0.587,0.809
-0.675,1.27
-0.667,-1.351
-0.682,-1.065
-0.821,0.405
-1.008,0.759
-0.91,1.815
-1.086,-0.549
-1.155,-0.943
-1.155,1.571
-1.14,-1.097
-1.381,0.263
-1.285,-0.728
-1.391,1.128
-1.508,-1.417
-1.555,1.308
-1.697,-1.641
-1.789,1.814
-1.924,0.46
-1.804,-1.79
-2.032,0.231
-1.966,-0.796
-1.947,-0.653
-2.114,-1.785
-2.175,1.583
-2.145,1.906
-2.318,1.57
-2.235,0.093
-2.38,-0.585
-2.31,0.55
-2.453,-1.296
-2.762,-1.918
-2.995,-1.087
-2.892,0.683
-2.878,-1.221
-3.045,0.444
-3.073,0.544
-2.937,-1.102
-3.111,1.124
2.779,-2.346
2.873,-2.509
2.817,-2.418
0.893,-2.269
0.828,-2.444
0.873,-2.123
0.558,-2.336
0.413,-2.471
0.235,-2.328
-0.119,-2.422
-0.344,-2.593
-0.964,-2.315
-1.098,-2.233
-1.245,-2.621
-1.434,-2.556
-1.754,-2.328
-2.549,-2.366
2.184,2.167
1.698,2.033
1.633,1.98
1.445,1.896
0.531,1.847
-0.316,2.028
-1.01,2.001
-2.294,2.149
-2.616,1.838
-3.002,2.057
0.422,0.025
1.938,-1.694
1.575,-0.782
0.237,-0.771
-0.922,0.826
-1.382,-1.406
-1.646,0.769
-1.702,0.606
-1.724,-1.092
-1.73,-1.399
-2.587,-0.785
-2.495,0.477
-2.609,-0.63
-2.681,0.88
3.05,0.099
2.328,-1.093
0.305,1.175
0.149,-0.12
-0.965,1.035
-1.675,-0.98
1.79,-2.265
1.957,1.94
2.363,2.142
0.411,2.023
-0.094,1.516
-0.186,0.135
-0.275,1.257
-0.374,1.668
-0.383,0.608
-0.342,0.923
-0.585,-1.665
-0.688,0.469
-0.652,0.089
-0.687,-1.044
-0.624,-0.008
-0.752,0.171
-0.766,0.741
-0.8,0.908
-0.761,-1.154
-0.775,0.149
-0.797,1.055
-0.799,-1.969
-1.183,-0.104
-1.279,1.383
-1.263,0.03
-1.287,-1.807
-1.259,0.704
-1.311,-0.518
-1.416,-0.94
-1.373,-1.278
-1.41,-0.153
-1.45,1.316
-1.527,-0.512
-1.622,0.11
-1.717,-0.09
-1.719,0.033
-1.903,1.6
-1.936,0.988
-1.976,-0.581
-1.977,0.825
-2.057,-0.059
-2.092,0.638
-2.031,-0.627
-2.031,0.007
-2.095,-1.822
-2.354,-0.199
-2.3,-0.78
-2.34,0.046
-2.348,-1.784
-2.423,-0.633
-2.369,1.123
-2.378,0.364
-2.519,0.637
-2.723,-1.795
-2.706,0.029
-2.79,-1.17
-2.815,-0.556
-2.756,-0.069
-2.814,-1.561
-2.83,0.078
-2.775,-0.099
-2.785,-1.93
-2.855,0.075
-2.864,-0.024
-3.087,1.809
3.118,-0.881
2.976,-1.01
2.888,0.653
2.928,1.331
2.856,-0.299
2.909,1.816
2.911,0.376
2.215,-2.208
2.243,-2.273
1.529,-2.365
1.177,-2.045
0.48,-2.16
0.302,-2.27
0.013,-2.365
-0.01,-2.471
-0.278,-2.423
-0.655,-1.98
-0.577,-2.253
-1.118,-2.126
-1.125,-2.212
-1.324,-2.144
-1.976,-2.464
-2.224,-2.074
-2.485,-2.091
-2.654,-2.194
-2.76,-2.158
2.991,-2.295
2.502,2.375
2.572,2.282
2.347,2.32
1.936,2.255
1.337,2.388
1.327,2.131
-0.032,2.075
-0.034,2.126
-0.469,2.048
-0.718,2.277
-0.716,2.339
-1.592,2.074
-1.813,2.344
-1.814,2.349
-2.671,2.19
-2.747,2.153
3.114,2.432
2.961,2.201
2.343,-0.921
1.89,-1.556
-0.097,1.941
-0.163,0.943
-2.238,0.564
-2.987,1.885
-2.889,2.172
2.726,-0.947
2.665,0.324
2.721,0.972
2.624,1.775
2.491,-0.751
2.4,0.501
2.423,0.575
2.386,-0.355
2.394,-0.774
2.382,-0.21
2.225,-0.795
2.17,-0.706
2.014,1.626
1.927,-0.297
1.735,0.238
1.816,-0.047
1.734,-0.65
1.606,-1.893
1.619,1.829
1.742,1.464
1.708,0.401
1.696,1.037
1.658,-1.463
1.482,1.207
1.423,1.699
1.53,-0.405
1.191,0.781
1.011,-0.247
0.794,-0.621
0.55,0.4
0.388,1.53
0.493,-0.689
0.332,-0.248
0.299,-0.715
0.282,-0.552
0.236,0.622
0.343,-0.819
0.28,-1.054
0.059,1.655
0.111,0.133
0.089,0.546
0.026,-0.744
0.028,-1.736
-0.104,0.014
-0.004,0.84
-0.016,-0.069
-0.045,0.714
-0.201,-0.915
-0.278,-1.781
-0.117,1.45
-0.234,1.083
-0.371,-1.854
-0.375,1.968
-0.391,1.547
-0.518,0.558
-0.656,-1.312
-0.667,0.968
-0.755,1.429
-0.747,-1.192
-0.762,-0.906
-0.901,0.564
-1.088,0.918
-0.99,1.974
-1.166,-0.39
-1.235,-0.784
-1.235,1.73
-1.22,-0.938
-1.461,0.422
-1.365,-0.569
-1.471,1.287
-1.588,-1.258
-1.635,1.467
-1.777,-1.482
-1.869,1.973
-2.004,0.619
-1.884,-1.631
-2.112,0.39
-2.046,-0.637
-2.027,-0.494
-2.194,-1.626
-2.255,1.742
-2.225,2.065
-2.398,1.729
-2.315,0.252
-2.46,-0.426
-2.39,0.709
-2.533,-1.137
-2.842,-1.759
-3.075,-0.928
-2.972,0.842
-2.958,-1.062
-3.125,0.603
3.13,0.703
-3.017,-0.943
3.092,1.283
2.699,-2.187
2.793,-2.35
2.737,-2.259
0.813,-2.11
0.748,-2.285
0.793,-1.964
0.478,-2.177
0.333,-2.312
0.155,-2.169
-0.199,-2.263
-0.424,-2.434
-1.044,-2.156
-1.178,-2.074
-1.325,-2.462
-1.514,-2.397
-1.834,-2.169
-2.629,-2.207
2.104,2.326
1.618,2.192
1.553,2.139
1.365,2.055
0.451,2.006
-0.396,2.187
-1.09,2.16
-2.374,2.308
-2.696,1.997
-3.082,2.216
0.342,0.184
1.858,-1.535
1.495,-0.623
0.157,-0.612
-1.002,0.985
-1.462,-1.247
-1.726,0.928
-1.782,0.765
-1.804,-0.933
-1.81,-1.24
-2.667,-0.626
-2.575,0.636
-2.689,-0.471
-2.761,1.039
2.97,0.258
2.248,-0.934
0.225,1.334
0.069,0.039
-1.045,1.194
-1.755,-0.821
1.71,-2.106
1.877,2.099
2.283,2.301
0.331,2.182
-0.092,-1.381
-0.181,-0.259
-0.28,0.152
-0.289,-0.908
-0.248,-0.593
-0.491,-3.181
-0.594,-1.047
-0.558,-1.427
-0.593,-2.56
-0.53,-1.524
-0.658,-1.345
-0.672,-0.775
-0.706,-0.608
-0.667,-2.67
-0.681,-1.367
-0.703,-0.461
-0.705,-3.485
-1.089,-1.62
-1.185,-0.133
-1.169,-1.486
-1.193,-3.323
-1.165,-0.812
-1.217,-2.034
-1.322,-2.456
-1.279,-2.794
-1.316,-1.669
-1.356,-0.2
-1.433,-2.028
-1.528,-1.406
-1.623,-1.606
-1.625,-1.483
-1.809,0.084
-1.842,-0.528
-1.882,-2.097
-1.883,-0.691
-1.963,-1.575
-1.998,-0.878
-1.937,-2.143
-1.937,-1.509
-2.001,-3.338
-2.26,-1.715
-2.206,-2.296
-2.246,-1.47
-2.254,-3.3
-2.329,-2.149
-2.275,-0.393
-2.284,-1.152
-2.425,-0.879
-2.629,-3.311
-2.612,-1.487
-2.696,-2.686
-2.721,-2.072
-2.662,-1.585
-2.72,-3.077
-2.736,-1.438
-2.681,-1.615
-2.691,-3.446
-2.761,-1.441
-2.77,-1.54
-2.993,0.293
-3.071,-2.397
3.07,-2.526
2.982,-0.863
3.022,-0.185
2.95,-1.815
3.003,0.3
3.005,-1.14
2.309,-3.724
2.337,-3.789
1.623,-3.881
1.271,-3.561
0.574,-3.676
0.396,-3.786
0.107,-3.881
0.084,-3.987
-0.184,-3.939
-0.561,-3.496
-0.483,-3.769
-1.024,-3.642
-1.031,-3.728
-1.23,-3.66
-1.882,-3.98
-2.13,-3.59
-2.391,-3.607
-2.56,-3.71
-2.666,-3.674
3.085,-3.811
2.596,0.859
2.666,0.766
2.441,0.804
2.03,0.739
1.431,0.872
1.421,0.615
0.062,0.559
0.06,0.61
-0.375,0.532
-0.624,0.761
-0.622,0.823
-1.498,0.558
-1.719,0.828
-1.72,0.833
-2.577,0.674
-2.653,0.637
-3.075,0.916
3.055,0.685
2.437,-2.437
1.984,-3.072
-0.003,0.425
-0.069,-0.573
-2.144,-0.952
-2.893,0.369
-2.795,0.656
2.82,-2.463
2.759,-1.192
2.815,-0.544
2.718,0.259
2.585,-2.267
2.494,-1.015
2.517,-0.941
2.48,-1.871
2.488,-2.29
2.476,-1.726
2.319,-2.311
2.264,-2.222
2.108,0.11
2.021,-1.813
1.829,-1.278
1.91,-1.563
1.828,-2.166
1.7,-3.409
1.713,0.313
1.836,-0.052
1.802,-1.115
1.79,-0.479
1.752,-2.979
1.576,-0.309
1.517,0.183
1.624,-1.921
1.285,-0.735
1.105,-1.763
0.888,-2.137
0.644,-1.116
0.482,0.014
0.587,-2.205
0.426,-1.764
0.393,-2.231
0.376,-2.068
0.33,-0.894
0.437,-2.335
0.374,-2.57
0.153,0.139
0.205,-1.383
0.183,-0.97
0.12,-2.26
0.122,-3.252
-0.01,-1.502
0.09,-0.676
0.078,-1.585
0.049,-0.802
-0.107,-2.431
-0.184,-3.297
-0.023,-0.066
-0.14,-0.433
-0.277,-3.37
-0.281,0.452
-0.297,0.031
-0.424,-0.958
-0.562,-2.828
-0.573,-0.548
-0.661,-0.087
-0.653,-2.708
-0.668,-2.422
-0.807,-0.952
-0.994,-0.598
-0.896,0.458
-1.072,-1.906
-1.141,-2.3
-1.141,0.214
-1.126,-2.454
-1.367,-1.094
-1.271,-2.085
-1.377,-0.229
-1.494,-2.774
-1.541,-0.049
-1.683,-2.998
-1.775,0.457
-1.91,-0.897
-1.79,-3.147
-2.018,-1.126
-1.952,-2.153
-1.933,-2.01
-2.1,-3.142
-2.161,0.226
-2.131,0.549
-2.304,0.213
-2.221,-1.264
-2.366,-1.942
-2.296,-0.807
-2.439,-2.653
-2.748,-3.275
-2.981,-2.444
-2.878,-0.674
-2.864,-2.578
-3.031,-0.913
-3.059,-0.813
-2.923,-2.459
-3.097,-0.233
2.793,-3.703
2.887,-3.866
2.831,-3.775
0.907,-3.626
0.842,-3.801
0.887,-3.48
0.572,-3.693
0.427,-3.828
0.249,-3.685
-0.105,-3.779
-0.33,-3.95
-0.95,-3.672
-1.084,-3.59
-1.231,-3.978
-1.42,-3.913
-1.74,-3.685
-2.535,-3.723
2.198,0.81
1.712,0.676
1.647,0.623
1.459,0.539
0.545,0.49
-0.302,0.671
-0.996,0.644
-2.28,0.792
-2.602,0.481
-2.988,0.7
0.436,-1.332
1.952,-3.051
1.589,-2.139
0.251,-2.128
-0.908,-0.531
-1.368,-2.763
-1.632,-0.588
-1.688,-0.751
-1.71,-2.449
-1.716,-2.756
-2.573,-2.142
-2.481,-0.88
-2.595,-1.987
-2.667,-0.477
3.064,-1.258
2.342,-2.45
0.319,-0.182
0.163,-1.477
-0.951,-0.322
-1.661,-2.337
1.804,-3.622
1.971,0.583
2.377,0.785
0.425,0.666
-0.089,1.122
-0.188,1.533
-0.197,0.473
-0.156,0.788
-0.399,-1.8
-0.502,0.334
-0.466,-0.046
-0.501,-1.179
-0.438,-0.143
-0.566,0.036
-0.58,0.606
-0.614,0.773
-0.575,-1.289
-0.589,0.014
-0.611,0.92
-0.613,-2.104
-0.997,-0.239
-1.093,1.248
-1.077,-0.105
-1.101,-1.942
-1.073,0.569
-1.125,-0.653
-1.23,-1.075
-1.187,-1.413
-1.224,-0.288
-1.264,1.181
-1.341,-0.647
-1.436,-0.025
-1.531,-0.225
-1.533,-0.102
-1.717,1.465
-1.75,0.853
-1.79,-0.716
-1.791,0.69
-1.871,-0.194
-1.906,0.503
-1.845,-0.762
-1.845,-0.128
-1.909,-1.957
-2.168,-0.334
-2.114,-0.915
-2.154,-0.089
-2.162,-1.919
-2.237,-0.768
-2.183,0.988
-2.192,0.229
-2.333,0.502
-2.537,-1.93
-2.52,-0.106
-2.604,-1.305
-2.629,-0.691
-2.57,-0.204
-2.628,-1.696
-2.644,-0.057
-2.589,-0.234
-2.599,-2.065
-2.669,-0.06
-2.678,-0.159
-2.901,1.674
-2.979,-1.016
-3.121,-1.145
3.074,0.518
3.114,1.196
3.042,-0.434
3.095,1.681
3.097,0.241
2.401,-2.343
2.429,-2.408
1.715,-2.5
1.363,-2.18
0.666,-2.295
0.488,-2.405
0.199,-2.5
0.176,-2.606
-0.092,-2.558
-0.469,-2.115
-0.391,-2.388
-0.932,-2.261
-0.939,-2.347
-1.138,-2.279
-1.79,-2.599
-2.038,-2.209
-2.299,-2.226
-2.468,-2.329
-2.574,-2.293
-3.106,-2.43
2.688,2.24
2.758,2.147
2.533,2.185
2.122,2.12
1.523,2.253
1.513,1.996
0.154,1.94
0.152,1.991
-0.283,1.913
-0.532,2.142
-0.53,2.204
-1.406,1.939
-1.627,2.209
-1.628,2.214
-2.485,2.055
-2.561,2.018
-2.983,2.297
-3.136,2.066
2.529,-1.056
2.076,-1.691
0.089,1.806
0.023,0.808
-2.052,0.429
-2.801,1.75
-2.703,2.037
2.912,-1.082
2.851,0.189
2.907,0.837
2.81,1.64
2.677,-0.886
2.586,0.366
2.609,0.44
2.572,-0.49
2.58,-0.909
2.568,-0.345
2.411,-0.93
2.356,-0.841
2.2,1.491
2.113,-0.432
1.921,0.103
2.002,-0.182
1.92,-0.785
1.792,-2.028
1.805,1.694
1.928,1.329
1.894,0.266
1.882,0.902
1.844,-1.598
1.668,1.072
1.609,1.564
1.716,-0.54
1.377,0.646
1.197,-0.382
0.98,-0.756
0.736,0.265
0.574,1.395
0.679,-0.824
0.518,-0.383
0.485,-0.85
0.468,-0.687
0.422,0.487
0.529,-0.954
0.466,-1.189
0.245,1.52
0.297,-0.002
0.275,0.411
0.212,-0.879
0.214,-1.871
0.082,-0.121
0.182,0.705
0.17,-0.204
0.141,0.579
-0.015,-1.05
-0.092,-1.916
0.069,1.315
-0.048,0.948
-0.185,-1.989
-0.189,1.833
-0.205,1.412
-0.332,0.423
-0.47,-1.447
-0.481,0.833
-0.569,1.294
-0.561,-1.327
-0.576,-1.041
-0.715,0.429
-0.902,0.783
-0.804,1.839
-0.98,-0.525
-1.049,-0.919
-1.049,1.595
-1.034,-1.073
-1.275,0.287
-1.179,-0.704
-1.285,1.152
-1.402,-1.393
-1.449,1.332
-1.591,-1.617
-1.683,1.838
-1.818,0.484
-1.698,-1.766
-1.926,0.255
-1.86,-0.772
-1.841,-0.629
-2.008,-1.761
-2.069,1.607
-2.039,1.93
-2.212,1.594
-2.129,0.117
-2.274,-0.561
-2.204,0.574
-2.347,-1.272
-2.656,-1.894
-2.889,-1.063
-2.786,0.707
-2.772,-1.197
-2.939,0.468
-2.967,0.568
-2.831,-1.078
-3.005,1.148
2.885,-2.322
2.979,-2.485
2.923,-2.394
0.999,-2.245
0.934,-2.42
0.979,-2.099
0.664,-2.312
0.519,-2.447
0.341,-2.304
-0.013,-2.398
-0.238,-2.569
-0.858,-2.291
-0.992,-2.209
-1.139,-2.597
-1.328,-2.532
-1.648,-2.304
-2.443,-2.342
2.29,2.191
1.804,2.057
1.739,2.004
1.551,1.92
0.637,1.871
-0.21,2.052
-0.904,2.025
-2.188,2.173
-2.51,1.862
-2.896,2.081
0.528,0.049
2.044,-1.67
1.681,-0.758
0.343,-0.747
-0.816,0.85
-1.276,-1.382
-1.54,0.793
-1.596,0.63
-1.618,-1.068
-1.624,-1.375
-2.481,-0.761
-2.389,0.501
-2.503,-0.606
-2.575,0.904
-3.127,0.123
2.434,-1.069
0.411,1.199
0.255,-0.096
-0.859,1.059
-1.569,-0.956
1.896,-2.241
2.063,1.964
2.469,2.166
0.517,2.047
-0.099,0.411
-0.108,-0.649
-0.067,-0.334
-0.31,-2.922
-0.413,-0.788
-0.377,-1.168
-0.412,-2.301
-0.349,-1.265
-0.477,-1.086
-0.491,-0.516
-0.525,-0.349
-0.486,-2.411
-0.5,-1.108
-0.522,-0.202
-0.524,-3.226
-0.908,-1.361
-1.004,0.126
-0.988,-1.227
-1.012,-3.064
-0.984,-0.553
-1.036,-1.775
-1.141,-2.197
-1.098,-2.535
-1.135,-1.41
-1.175,0.059
-1.252,-1.769
-1.347,-1.147
-1.442,-1.347
-1.444,-1.224
-1.628,0.343
-1.661,-0.269
-1.701,-1.838
-1.702,-0.432
-1.782,-1.316
-1.817,-0.619
-1.756,-1.884
-1.756,-1.25
-1.82,-3.079
-2.079,-1.456
-2.025,-2.037
-2.065,-1.211
-2.073,-3.041
-2.148,-1.89
-2.094,-0.134
-2.103,-0.893
-2.244,-0.62
-2.448,-3.052
-2.431,-1.228
-2.515,-2.427
-2.54,-1.813
-2.481,-1.326
-2.539,-2.818
-2.555,-1.179
-2.5,-1.356
-2.51,-3.187
-2.58,-1.182
-2.589,-1.281
-2.812,0.552
-2.89,-2.138
-3.032,-2.267
-3.12,-0.604
-3.08,0.074
3.131,-1.556
-3.099,0.559
-3.097,-0.881
2.49,-3.465
2.518,-3.53
1.804,-3.622
1.452,-3.302
0.755,-3.417
0.577,-3.527
0.288,-3.622
0.265,-3.728
-0.003,-3.68
-0.38,-3.237
-0.302,-3.51
-0.843,-3.383
-0.85,-3.469
-1.049,-3.401
-1.701,-3.721
-1.949,-3.331
-2.21,-3.348
-2.379,-3.451
-2.485,-3.415
-3.017,-3.552
2.777,1.118
2.847,1.025
2.622,1.063
2.211,0.998
1.612,1.131
1.602,0.874
0.243,0.818
0.241,0.869
-0.194,0.791
-0.443,1.02
-0.441,1.082
-1.317,0.817
-1.538,1.087
-1.539,1.092
-2.396,0.933
-2.472,0.896
-2.894,1.175
-3.047,0.944
2.618,-2.178
2.165,-2.813
0.178,0.684
0.112,-0.314
-1.963,-0.693
-2.712,0.628
-2.614,0.915
3.001,-2.204
2.94,-0.933
2.996,-0.285
2.899,0.518
2.766,-2.008
2.675,-0.756
2.698,-0.682
2.661,-1.612
2.669,-2.031
2.657,-1.467
2.5,-2.052
2.445,-1.963
2.289,0.369
2.202,-1.554
2.01,-1.019
2.091,-1.304
2.009,-1.907
1.881,-3.15
1.894,0.572
2.017,0.207
1.983,-0.856
1.971,-0.22
1.933,-2.72
1.757,-0.05
1.698,0.442
1.805,-1.662
1.466,-0.476
1.286,-1.504
1.069,-1.878
0.825,-0.857
0.663,0.273
0.768,-1.946
0.607,-1.505
0.574,-1.972
0.557,-1.809
0.511,-0.635
0.618,-2.076
0.555,-2.311
0.334,0.398
0.386,-1.124
0.364,-0.711
0.301,-2.001
0.303,-2.993
0.171,-1.243
0.271,-0.417
0.259,-1.326
0.23,-0.543
0.074,-2.172
-0.003,-3.038
0.158,0.193
0.041,-0.174
-0.096,-3.111
-0.1,0.711
-0.116,0.29
-0.243,-0.699
-0.381,-2.569
-0.392,-0.289
-0.48,0.172
-0.472,-2.449
-0.487,-2.163
-0.626,-0.693
-0.813,-0.339
-0.715,0.717
-0.891,-1.647
-0.96,-2.041
-0.96,0.473
-0.945,-2.195
-1.186,-0.835
-1.09,-1.826
-1.196,0.03
-1.313,-2.515
-1.36,0.21
-1.502,-2.739
-1.594,0.716
-1.729,-0.638
-1.609,-2.888
-1.837,-0.867
-1.771,-1.894
-1.752,-1.751
-1.919,-2.883
-1.98,0.485
-1.95,0.808
-2.123,0.472
-2.04,-1.005
-2.185,-1.683
-2.115,-0.548
-2.258,-2.394
-2.567,-3.016
-2.8,-2.185
-2.697,-0.415
-2.683,-2.319
-2.85,-0.654
-2.878,-0.554
-2.742,-2.2
-2.916,0.026
2.974,-3.444
3.068,-3.607
3.012,-3.516
1.088,-3.367
1.023,-3.542
1.068,-3.221
0.753,-3.434
0.608,-3.569
0.43,-3.426
0.076,-3.52
-0.149,-3.691
-0.769,-3.413
-0.903,-3.331
-1.05,-3.719
-1.239,-3.654
-1.559,-3.426
-2.354,-3.464
2.379,1.069
1.893,0.935
1.828,0.882
1.64,0.798
0.726,0.749
-0.121,0.93
-0.815,0.903
-2.099,1.051
-2.421,0.74
-2.807,0.959
0.617,-1.073
2.133,-2.792
1.77,-1.88
0.432,-1.869
-0.727,-0.272
-1.187,-2.504
-1.451,-0.329
-1.507,-0.492
-1.529,-2.19
-1.535,-2.497
-2.392,-1.883
-2.3,-0.621
-2.414,-1.728
-2.486,-0.218
-3.038,-0.999
2.523,-2.191
0.5,0.077
0.344,-1.218
-0.77,-0.063
-1.48,-2.078
1.985,-3.363
2.152,0.842
2.558,1.044
0.606,0.925
-0.009,-1.06
0.032,-0.745
-0.211,-3.333
-0.314,-1.199
-0.278,-1.579
-0.313,-2.712
-0.25,-1.676
-0.378,-1.497
-0.392,-0.927
-0.426,-0.76
-0.387,-2.822
-0.401,-1.519
-0.423,-0.613
-0.425,-3.637
-0.809,-1.772
-0.905,-0.285
-0.889,-1.638
-0.913,-3.475
-0.885,-0.964
-0.937,-2.186
-1.042,-2.608
-0.999,-2.946
-1.036,-1.821
-1.076,-0.352
-1.153,-2.18
-1.248,-1.558
-1.343,-1.758
-1.345,-1.635
-1.529,-0.068
-1.562,-0.68
-1.602,-2.249
-1.603,-0.843
-1.683,-1.727
-1.718,-1.03
-1.657,-2.295
-1.657,-1.661
-1.721,-3.49
-1.98,-1.867
-1.926,-2.448
-1.966,-1.622
-1.974,-3.452
-2.049,-2.301
-1.995,-0.545
-2.004,-1.304
-2.145,-1.031
-2.349,-3.463
-2.332,-1.639
-2.416,-2.838
-2.441,-2.224
-2.382,-1.737
-2.44,-3.229
-2.456,-1.59
-2.401,-1.767
-2.411,-3.598
-2.481,-1.593
-2.49,-1.692
-2.713,0.141
-2.791,-2.549
-2.933,-2.678
-3.021,-1.015
-2.981,-0.337
-3.053,-1.967
-3.0,0.148
-2.998,-1.292
2.589,-3.876
2.617,-3.941
1.903,-4.033
1.551,-3.713
0.854,-3.828
0.676,-3.938
0.387,-4.033
0.364,-4.139
0.096,-4.091
-0.281,-3.648
-0.203,-3.921
-0.744,-3.794
-0.751,-3.88
-0.95,-3.812
-1.602,-4.132
-1.85,-3.742
-2.111,-3.759
-2.28,-3.862
-2.386,-3.826
-2.918,-3.963
2.876,0.707
2.946,0.614
2.721,0.652
2.31,0.587
1.711,0.72
1.701,0.463
0.342,0.407
0.34,0.458
-0.095,0.38
-0.344,0.609
-0.342,0.671
-1.218,0.406
-1.439,0.676
-1.44,0.681
-2.297,0.522
-2.373,0.485
-2.795,0.764
-2.948,0.533
2.717,-2.589
2.264,-3.224
0.277,0.273
0.211,-0.725
-1.864,-1.104
-2.613,0.217
-2.515,0.504
3.1,-2.615
3.039,-1.344
3.095,-0.696
2.998,0.107
2.865,-2.419
2.774,-1.167
2.797,-1.093
2.76,-2.023
2.768,-2.442
2.756,-1.878
2.599,-2.463
2.544,-2.374
2.388,-0.042
2.301,-1.965
2.109,-1.43
2.19,-1.715
2.108,-2.318
1.98,-3.561
1.993,0.161
2.116,-0.204
2.082,-1.267
2.07,-0.631
2.032,-3.131
1.856,-0.461
1.797,0.031
1.904,-2.073
1.565,-0.887
1.385,-1.915
1.168,-2.289
0.924,-1.268
0.762,-0.138
0.867,-2.357
0.706,-1.916
0.673,-2.383
0.656,-2.22
0.61,-1.046
0.717,-2.487
0.654,-2.722
0.433,-0.013
0.485,-1.535
0.463,-1.122
0.4,-2.412
0.402,-3.404
0.27,-1.654
0.37,-0.828
0.358,-1.737
0.329,-0.954
0.173,-2.583
0.096,-3.449
0.257,-0.218
0.14,-0.585
0.003,-3.522
-0.001,0.3
-0.017,-0.121
-0.144,-1.11
-0.282,-2.98
-0.293,-0.7
-0.381,-0.239
-0.373,-2.86
-0.388,-2.574
-0.527,-1.104
-0.714,-0.75
-0.616,0.306
-0.792,-2.058
-0.861,-2.452
-0.861,0.062
-0.846,-2.606
-1.087,-1.246
-0.991,-2.237
-1.097,-0.381
-1.214,-2.926
-1.261,-0.201
-1.403,-3.15
-1.495,0.305
-1.63,-1.049
-1.51,-3.299
-1.738,-1.278
-1.672,-2.305
-1.653,-2.162
-1.82,-3.294
-1.881,0.074
-1.851,0.397
-2.024,0.061
-1.941,-1.416
-2.086,-2.094
-2.016,-0.959
-2.159,-2.805
-2.468,-3.427
-2.701,-2.596
-2.598,-0.826
-2.584,-2.73
-2.751,-1.065
-2.779,-0.965
-2.643,-2.611
-2.817,-0.385
3.073,-3.855
-3.116,-4.018
3.111,-3.927
1.187,-3.778
1.122,-3.953
1.167,-3.632
0.852,-3.845
0.707,-3.98
0.529,-3.837
0.175,-3.931
-0.05,-4.102
-0.67,-3.824
-0.804,-3.742
-0.951,-4.13
-1.14,-4.065
-1.46,-3.837
-2.255,-3.875
2.478,0.658
1.992,0.524
1.927,0.471
1.739,0.387
0.825,0.338
-0.022,0.519
-0.716,0.492
-2.0,0.64
-2.322,0.329
-2.708,0.548
0.716,-1.484
2.232,-3.203
1.869,-2.291
0.531,-2.28
-0.628,-0.683
-1.088,-2.915
-1.352,-0.74
-1.408,-0.903
-1.43,-2.601
-1.436,-2.908
-2.293,-2.294
-2.201,-1.032
-2.315,-2.139
-2.387,-0.629
-2.939,-1.41
2.622,-2.602
0.599,-0.334
0.443,-1.629
-0.671,-0.474
-1.381,-2.489
2.084,-3.774
2.251,0.431
2.657,0.633
0.705,0.514
0.041,0.315
-0.202,-2.273
-0.305,-0.139
-0.269,-0.519
-0.304,-1.652
-0.241,-0.616
-0.369,-0.437
-0.383,0.133
-0.417,0.3
-0.378,-1.762
-0.392,-0.459
-0.414,0.447
-0.416,-2.577
-0.8,-0.712
-0.896,0.775
-0.88,-0.578
-0.904,-2.415
-0.876,0.096
-0.928,-1.126
-1.033,-1.548
-0.99,-1.886
-1.027,-0.761
-1.067,0.708
-1.144,-1.12
-1.239,-0.498
-1.334,-0.698
-1.336,-0.575
-1.52,0.992
-1.553,0.38
-1.593,-1.189
-1.594,0.217
-1.674,-0.667
-1.709,0.03
-1.648,-1.235
-1.648,-0.601
-1.712,-2.43
-1.971,-0.807
-1.917,-1.388
-1.957,-0.562
-1.965,-2.392
-2.04,-1.241
-1.986,0.515
-1.995,-0.244
-2.136,0.029
-2.34,-2.403
-2.323,-0.579
-2.407,-1.778
-2.432,-1.164
-2.373,-0.677
-2.431,-2.169
-2.447,-0.53
-2.392,-0.707
-2.402,-2.538
-2.472,-0.533
-2.481,-0.632
-2.704,1.201
-2.782,-1.489
-2.924,-1.618
-3.012,0.045
-2.972,0.723
-3.044,-0.907
-2.991,1.208
-2.989,-0.232
2.598,-2.816
2.626,-2.881
1.912,-2.973
1.56,-2.653
0.863,-2.768
0.685,-2.878
0.396,-2.973
0.373,-3.079
0.105,-3.031
-0.272,-2.588
-0.194,-2.861
-0.735,-2.734
-0.742,-2.82
-0.941,-2.752
-1.593,-3.072
-1.841,-2.682
-2.102,-2.699
-2.271,-2.802
-2.377,-2.766
-2.909,-2.903
2.885,1.767
2.955,1.674
2.73,1.712
2.319,1.647
1.72,1.78
1.71,1.523
0.351,1.467
0.349,1.518
-0.086,1.44
-0.335,1.669
-0.333,1.731
-1.209,1.466
-1.43,1.736
-1.431,1.741
-2.288,1.582
-2.364,1.545
-2.786,1.824
-2.939,1.593
2.726,-1.529
2.273,-2.164
0.286,1.333
0.22,0.335
-1.855,-0.044
-2.604,1.277
-2.506,1.564
3.109,-1.555
3.048,-0.284
3.104,0.364
3.007,1.167
2.874,-1.359
2.783,-0.107
2.806,-0.033
2.769,-0.963
2.777,-1.382
2.765,-0.818
2.608,-1.403
2.553,-1.314
2.397,1.018
2.31,-0.905
2.118,-0.37
2.199,-0.655
2.117,-1.258
1.989,-2.501
2.002,1.221
2.125,0.856
2.091,-0.207
2.079,0.429
2.041,-2.071
1.865,0.599
1.806,1.091
1.913,-1.013
1.574,0.173
1.394,-0.855
1.177,-1.229
0.933,-0.208
0.771,0.922
0.876,-1.297
0.715,-0.856
0.682,-1.323
0.665,-1.16
0.619,0.014
0.726,-1.427
0.663,-1.662
0.442,1.047
0.494,-0.475
0.472,-0.062
0.409,-1.352
0.411,-2.344
0.279,-0.594
0.379,0.232
0.367,-0.677
0.338,0.106
0.182,-1.523
0.105,-2.389
0.266,0.842
0.149,0.475
0.012,-2.462
0.008,1.36
-0.008,0.939
-0.135,-0.05
-0.273,-1.92
-0.284,0.36
-0.372,0.821
-0.364,-1.8
-0.379,-1.514
-0.518,-0.044
-0.705,0.31
-0.607,1.366
-0.783,-0.998
-0.852,-1.392
-0.852,1.122
-0.837,-1.546
-1.078,-0.186
-0.982,-1.177
-1.088,0.679
-1.205,-1.866
-1.252,0.859
-1.394,-2.09
-1.486,1.365
-1.621,0.011
-1.501,-2.239
-1.729,-0.218
-1.663,-1.245
-1.644,-1.102
-1.811,-2.234
-1.872,1.134
-1.842,1.457
-2.015,1.121
-1.932,-0.356
-2.077,-1.034
-2.007,0.101
-2.15,-1.745
-2.459,-2.367
-2.692,-1.536
-2.589,0.234
-2.575,-1.67
-2.742,-0.005
-2.77,0.095
-2.634,-1.551
-2.808,0.675
3.082,-2.795
-3.107,-2.958
3.12,-2.867
1.196,-2.718
1.131,-2.893
1.176,-2.572
0.861,-2.785
0.716,-2.92
0.538,-2.777
0.184,-2.871
-0.041,-3.042
-0.661,-2.764
-0.795,-2.682
-0.942,-3.07
-1.131,-3.005
-1.451,-2.777
-2.246,-2.815
2.487,1.718
2.001,1.584
1.936,1.531
1.748,1.447
0.834,1.398
-0.013,1.579
-0.707,1.552
-1.991,1.7
-2.313,1.389
-2.699,1.608
0.725,-0.424
2.241,-2.143
1.878,-1.231
0.54,-1.22
-0.619,0.377
-1.079,-1.855
-1.343,0.32
-1.399,0.157
-1.421,-1.541
-1.427,-1.848
-2.284,-1.234
-2.192,0.028
-2.306,-1.079
-2.378,0.431
-2.93,-0.35
2.631,-1.542
0.608,0.726
0.452,-0.569
-0.662,0.586
-1.372,-1.429
2.093,-2.714
2.26,1.491
2.666,1.693
0.714,1.574
-0.243,-2.588
-0.346,-0.454
-0.31,-0.834
-0.345,-1.967
-0.282,-0.931
-0.41,-0.752
-0.424,-0.182
-0.458,-0.015
-0.419,-2.077
-0.433,-0.774
-0.455,0.132
-0.457,-2.892
-0.841,-1.027
-0.937,0.46
-0.921,-0.893
-0.945,-2.73
-0.917,-0.219
-0.969,-1.441
-1.074,-1.863
-1.031,-2.201
-1.068,-1.076
-1.108,0.393
-1.185,-1.435
-1.28,-0.813
-1.375,-1.013
-1.377,-0.89
-1.561,0.677
-1.594,0.065
-1.634,-1.504
-1.635,-0.098
-1.715,-0.982
-1.75,-0.285
-1.689,-1.55
-1.689,-0.916
-1.753,-2.745
-2.012,-1.122
-1.958,-1.703
-1.998,-0.877
-2.006,-2.707
-2.081,-1.556
-2.027,0.2
-2.036,-0.559
-2.177,-0.286
-2.381,-2.718
-2.364,-0.894
-2.448,-2.093
-2.473,-1.479
-2.414,-0.992
-2.472,-2.484
-2.488,-0.845
-2.433,-1.022
-2.443,-2.853
-2.513,-0.848
-2.522,-0.947
-2.745,0.886
-2.823,-1.804
-2.965,-1.933
-3.053,-0.27
-3.013,0.408
-3.085,-1.222
-3.032,0.893
-3.03,-0.547
2.557,-3.131
2.585,-3.196
1.871,-3.288
1.519,-2.968
0.822,-3.083
0.644,-3.193
0.355,-3.288
0.332,-3.394
0.064,-3.346
-0.313,-2.903
-0.235,-3.176
-0.776,-3.049
-0.783,-3.135
-0.982,-3.067
-1.634,-3.387
-1.882,-2.997
-2.143,-3.014
-2.312,-3.117
-2.418,-3.081
-2.95,-3.218
2.844,1.452
2.914,1.359
2.689,1.397
2.278,1.332
1.679,1.465
1.669,1.208
0.31,1.152
0.308,1.203
-0.127,1.125
-0.376,1.354
-0.374,1.416
-1.25,1.151
-1.471,1.421
-1.472,1.426
-2.329,1.267
-2.405,1.23
-2.827,1.509
-2.98,1.278
2.685,-1.844
2.232,-2.479
0.245,1.018
0.179,0.02
-1.896,-0.359
-2.645,0.962
-2.547,1.249
3.068,-1.87
3.007,-0.599
3.063,0.049
2.966,0.852
2.833,-1.674
2.742,-0.422
2.765,-0.348
2.728,-1.278
2.736,-1.697
2.724,-1.133
2.567,-1.718
2.512,-1.629
2.356,0.703
2.269,-1.22
2.077,-0.685
2.158,-0.97
2.076,-1.573
1.948,-2.816
1.961,0.906
2.084,0.541
2.05,-0.522
2.038,0.114
2.0,-2.386
1.824,0.284
1.765,0.776
1.872,-1.328
1.533,-0.142
1.353,-1.17
1.136,-1.544
0.892,-0.523
0.73,0.607
0.835,-1.612
0.674,-1.171
0.641,-1.638
0.624,-1.475
0.578,-0.301
0.685,-1.742
0.622,-1.977
0.401,0.732
0.453,-0.79
0.431,-0.377
0.368,-1.667
0.37,-2.659
0.238,-0.909
0.338,-0.083
0.326,-0.992
0.297,-0.209
0.141,-1.838
0.064,-2.704
0.225,0.527
0.108,0.16
-0.029,-2.777
-0.033,1.045
-0.049,0.624
-0.176,-0.365
-0.314,-2.235
-0.325,0.045
-0.413,0.506
-0.405,-2.115
-0.42,-1.829
-0.559,-0.359
-0.746,-0.005
-0.648,1.051
-0.824,-1.313
-0.893,-1.707
-0.893,0.807
-0.878,-1.861
-1.119,-0.501
-1.023,-1.492
-1.129,0.364
-1.246,-2.181
-1.293,0.544
-1.435,-2.405
-1.527,1.05
-1.662,-0.304
-1.542,-2.554
-1.77,-0.533
-1.704,-1.56
-1.685,-1.417
-1.852,-2.549
-1.913,0.819
-1.883,1.142
-2.056,0.806
-1.973,-0.671
-2.118,-1.349
-2.048,-0.214
-2.191,-2.06
-2.5,-2.682
-2.733,-1.851
-2.63,-0.081
-2.616,-1.985
-2.783,-0.32
-2.811,-0.22
-2.675,-1.866
-2.849,0.36
3.041,-3.11
3.135,-3.273
3.079,-3.182
1.155,-3.033
1.09,-3.208
1.135,-2.887
0.82,-3.1
0.675,-3.235
0.497,-3.092
0.143,-3.186
-0.082,-3.357
-0.702,-3.079
-0.836,-2.997
-0.983,-3.385
-1.172,-3.32
-1.492,-3.092
-2.287,-3.13
2.446,1.403
1.96,1.269
1.895,1.216
1.707,1.132
0.793,1.083
-0.054,1.264
-0.748,1.237
-2.032,1.385
-2.354,1.074
-2.74,1.293
0.684,-0.739
2.2,-2.458
1.837,-1.546
0.499,-1.535
-0.66,0.062
-1.12,-2.17
-1.384,0.005
-1.44,-0.158
-1.462,-1.856
-1.468,-2.163
-2.325,-1.549
-2.233,-0.287
-2.347,-1.394
-2.419,0.116
-2.971,-0.665
2.59,-1.857
0.567,0.411
0.411,-0.884
-0.703,0.271
-1.413,-1.744
2.052,-3.029
2.219,1.176
2.625,1.378
0.673,1.259
-0.103,2.134
-0.067,1.754
-0.102,0.621
-0.039,1.657
-0.167,1.836
-0.181,2.406
-0.215,2.573
-0.176,0.511
-0.19,1.814
-0.212,2.72
-0.214,-0.304
-0.598,1.561
-0.694,3.048
-0.678,1.695
-0.702,-0.142
-0.674,2.369
-0.726,1.147
-0.831,0.725
-0.788,0.387
-0.825,1.512
-0.865,2.981
-0.942,1.153
-1.037,1.775
-1.132,1.575
-1.134,1.698
-1.318,3.265
-1.351,2.653
-1.391,1.084
-1.392,2.49
-1.472,1.606
-1.507,2.303
-1.446,1.038
-1.446,1.672
-1.51,-0.157
-1.769,1.466
-1.715,0.885
-1.755,1.711
-1.763,-0.119
-1.838,1.032
-1.784,2.788
-1.793,2.029
-1.934,2.302
-2.138,-0.13
-2.121,1.694
-2.205,0.495
-2.23,1.109
-2.171,1.596
-2.229,0.104
-2.245,1.743
-2.19,1.566
-2.2,-0.265
-2.27,1.74
-2.279,1.641
-2.502,3.474
-2.58,0.784
-2.722,0.655
-2.81,2.318
-2.77,2.996
-2.842,1.366
-2.789,3.481
-2.787,2.041
2.8,-0.543
2.828,-0.608
2.114,-0.7
1.762,-0.38
1.065,-0.495
0.887,-0.605
0.598,-0.7
0.575,-0.806
0.307,-0.758
-0.07,-0.315
0.008,-0.588
-0.533,-0.461
-0.54,-0.547
-0.739,-0.479
-1.391,-0.799
-1.639,-0.409
-1.9,-0.426
-2.069,-0.529
-2.175,-0.493
-2.707,-0.63
3.087,4.04
-3.126,3.947
2.932,3.985
2.521,3.92
1.922,4.053
1.912,3.796
0.553,3.74
0.551,3.791
0.116,3.713
-0.133,3.942
-0.131,4.004
-1.007,3.739
-1.228,4.009
-1.229,4.014
-2.086,3.855
-2.162,3.818
-2.584,4.097
-2.737,3.866
2.928,0.744
2.475,0.109
0.488,3.606
0.422,2.608
-1.653,2.229
-2.402,3.55
-2.304,3.837
-2.972,0.718
-3.033,1.989
-2.977,2.637
-3.074,3.44
3.076,0.914
2.985,2.166
3.008,2.24
2.971,1.31
2.979,0.891
2.967,1.455
2.81,0.87
2.755,0.959
2.599,3.291
2.512,1.368
2.32,1.903
2.401,1.618
2.319,1.015
2.191,-0.228
2.204,3.494
2.327,3.129
2.293,2.066
2.281,2.702
2.243,0.202
2.067,2.872
2.008,3.364
2.115,1.26
1.776,2.446
1.596,1.418
1.379,1.044
1.135,2.065
0.973,3.195
1.078,0.976
0.917,1.417
0.884,0.95
0.867,1.113
0.821,2.287
0.928,0.846
0.865,0.611
0.644,3.32
0.696,1.798
0.674,2.211
0.611,0.921
0.613,-0.071
0.481,1.679
0.581,2.505
0.569,1.596
0.54,2.379
0.384,0.75
0.307,-0.116
0.468,3.115
0.351,2.748
0.214,-0.189
0.21,3.633
0.194,3.212
0.067,2.223
-0.071,0.353
-0.082,2.633
-0.17,3.094
-0.162,0.473
-0.177,0.759
-0.316,2.229
-0.503,2.583
-0.405,3.639
-0.581,1.275
-0.65,0.881
-0.65,3.395
-0.635,0.727
-0.876,2.087
-0.78,1.096
-0.886,2.952
-1.003,0.407
-1.05,3.132
-1.192,0.183
-1.284,3.638
-1.419,2.284
-1.299,0.034
-1.527,2.055
-1.461,1.028
-1.442,1.171
-1.609,0.039
-1.67,3.407
-1.64,3.73
-1.813,3.394
-1.73,1.917
-1.875,1.239
-1.805,2.374
-1.948,0.528
-2.257,-0.094
-2.49,0.737
-2.387,2.507
-2.373,0.603
-2.54,2.268
-2.568,2.368
-2.432,0.722
-2.606,2.948
-2.999,-0.522
-2.905,-0.685
-2.961,-0.594
1.398,-0.445
1.333,-0.62
1.378,-0.299
1.063,-0.512
0.918,-0.647
0.74,-0.504
0.386,-0.598
0.161,-0.769
-0.459,-0.491
-0.593,-0.409
-0.74,-0.797
-0.929,-0.732
-1.249,-0.504
-2.044,-0.542
2.689,3.991
2.203,3.857
2.138,3.804
1.95,3.72
1.036,3.671
0.189,3.852
-0.505,3.825
-1.789,3.973
-2.111,3.662
-2.497,3.881
0.927,1.849
2.443,0.13
2.08,1.042
0.742,1.053
-0.417,2.65
-0.877,0.418
-1.141,2.593
-1.197,2.43
-1.219,0.732
-1.225,0.425
-2.082,1.039
-1.99,2.301
-2.104,1.194
-2.176,2.704
-2.728,1.923
2.833,0.731
0.81,2.999
0.654,1.704
-0.46,2.859
-1.17,0.844
2.295,-0.441
2.462,3.764
2.868,3.966
0.916,3.847
0.036,-0.38
0.001,-1.513
0.064,-0.477
-0.064,-0.298
-0.078,0.272
-0.112,0.439
-0.073,-1.623
-0.087,-0.32
-0.109,0.586
-0.111,-2.438
-0.495,-0.573
-0.591,0.914
-0.575,-0.439
-0.599,-2.276
-0.571,0.235
-0.623,-0.987
-0.728,-1.409
-0.685,-1.747
-0.722,-0.622
-0.762,0.847
-0.839,-0.981
-0.934,-0.359
-1.029,-0.559
-1.031,-0.436
-1.215,1.131
-1.248,0.519
-1.288,-1.05
-1.289,0.356
-1.369,-0.528
-1.404,0.169
-1.343,-1.096
-1.343,-0.462
-1.407,-2.291
-1.666,-0.668
-1.612,-1.249
-1.652,-0.423
-1.66,-2.253
-1.735,-1.102
-1.681,0.654
-1.69,-0.105
-1.831,0.168
-2.035,-2.264
-2.018,-0.44
-2.102,-1.639
-2.127,-1.025
-2.068,-0.538
-2.126,-2.03
-2.142,-0.391
-2.087,-0.568
-2.097,-2.399
-2.167,-0.394
-2.176,-0.493
-2.399,1.34
-2.477,-1.35
-2.619,-1.479
-2.707,0.184
-2.667,0.862
-2.739,-0.768
-2.686,1.347
-2.684,-0.093
2.903,-2.677
2.931,-2.742
2.217,-2.834
1.865,-2.514
1.168,-2.629
0.99,-2.739
0.701,-2.834
0.678,-2.94
0.41,-2.892
0.033,-2.449
0.111,-2.722
-0.43,-2.595
-0.437,-2.681
-0.636,-2.613
-1.288,-2.933
-1.536,-2.543
-1.797,-2.56
-1.966,-2.663
-2.072,-2.627
-2.604,-2.764
-3.093,1.906
-3.023,1.813
3.035,1.851
2.624,1.786
2.025,1.919
2.015,1.662
0.656,1.606
0.654,1.657
0.219,1.579
-0.03,1.808
-0.028,1.87
-0.904,1.605
-1.125,1.875
-1.126,1.88
-1.983,1.721
-2.059,1.684
-2.481,1.963
-2.634,1.732
3.031,-1.39
2.578,-2.025
0.591,1.472
0.525,0.474
-1.55,0.095
-2.299,1.416
-2.201,1.703
-2.869,-1.416
-2.93,-0.145
-2.874,0.503
-2.971,1.306
-3.104,-1.22
3.088,0.032
3.111,0.106
3.074,-0.824
3.082,-1.243
3.07,-0.679
2.913,-1.264
2.858,-1.175
2.702,1.157
2.615,-0.766
2.423,-0.231
2.504,-0.516
2.422,-1.119
2.294,-2.362
2.307,1.36
2.43,0.995
2.396,-0.068
2.384,0.568
2.346,-1.932
2.17,0.738
2.111,1.23
2.218,-0.874
1.879,0.312
1.699,-0.716
1.482,-1.09
1.238,-0.069
1.076,1.061
1.181,-1.158
1.02,-0.717
0.987,-1.184
0.97,-1.021
0.924,0.153
1.031,-1.288
0.968,-1.523
0.747,1.186
0.799,-0.336
0.777,0.077
0.714,-1.213
0.716,-2.205
0.584,-0.455
0.684,0.371
0.672,-0.538
0.643,0.245
0.487,-1.384
0.41,-2.25
0.571,0.981
0.454,0.614
0.317,-2.323
0.313,1.499
0.297,1.078
0.17,0.089
0.032,-1.781
0.021,0.499
-0.067,0.96
-0.059,-1.661
-0.074,-1.375
-0.213,0.095
-0.4,0.449
-0.302,1.505
-0.478,-0.859
-0.547,-1.253
-0.547,1.261
-0.532,-1.407
-0.773,-0.047
-0.677,-1.038
-0.783,0.818
-0.9,-1.727
-0.947,0.998
-1.089,-1.951
-1.181,1.504
-1.316,0.15
-1.196,-2.1
-1.424,-0.079
-1.358,-1.106
-1.339,-0.963
-1.506,-2.095
-1.567,1.273
-1.537,1.596
-1.71,1.26
-1.627,-0.217
-1.772,-0.895
-1.702,0.24
-1.845,-1.606
-2.154,-2.228
-2.387,-1.397
-2.284,0.373
-2.27,-1.531
-2.437,0.134
-2.465,0.234
-2.329,-1.412
-2.503,0.814
-2.896,-2.656
-2.802,-2.819
-2.858,-2.728
1.501,-2.579
1.436,-2.754
1.481,-2.433
1.166,-2.646
1.021,-2.781
0.843,-2.638
0.489,-2.732
0.264,-2.903
-0.356,-2.625
-0.49,-2.543
-0.637,-2.931
-0.826,-2.866
-1.146,-2.638
-1.941,-2.676
2.792,1.857
2.306,1.723
2.241,1.67
2.053,1.586
1.139,1.537
0.292,1.718
-0.402,1.691
-1.686,1.839
-2.008,1.528
-2.394,1.747
1.03,-0.285
2.546,-2.004
2.183,-1.092
0.845,-1.081
-0.314,0.516
-0.774,-1.716
-1.038,0.459
-1.094,0.296
-1.116,-1.402
-1.122,-1.709
-1.979,-1.095
-1.887,0.167
-2.001,-0.94
-2.073,0.57
-2.625,-0.211
2.936,-1.403
0.913,0.865
0.757,-0.43
-0.357,0.725
-1.067,-1.29
2.398,-2.575
2.565,1.63
2.971,1.832
1.019,1.713
-0.035,-1.133
0.028,-0.097
-0.1,0.082
-0.114,0.652
-0.148,0.819
-0.109,-1.243
-0.123,0.06
-0.145,0.966
-0.147,-2.058
-0.531,-0.193
-0.627,1.294
-0.611,-0.059
-0.635,-1.896
-0.607,0.615
-0.659,-0.607
-0.764,-1.029
-0.721,-1.367
-0.758,-0.242
-0.798,1.227
-0.875,-0.601
-0.97,0.021
-1.065,-0.179
-1.067,-0.056
-1.251,1.511
-1.284,0.899
-1.324,-0.67
-1.325,0.736
-1.405,-0.148
-1.44,0.549
-1.379,-0.716
-1.379,-0.082
-1.443,-1.911
-1.702,-0.288
-1.648,-0.869
-1.688,-0.043
-1.696,-1.873
-1.771,-0.722
-1.717,1.034
-1.726,0.275
-1.867,0.548
-2.071,-1.884
-2.054,-0.06
-2.138,-1.259
-2.163,-0.645
-2.104,-0.158
-2.162,-1.65
-2.178,-0.011
-2.123,-0.188
-2.133,-2.019
-2.203,-0.014
-2.212,-0.113
-2.435,1.72
-2.513,-0.97
-2.655,-1.099
-2.743,0.564
-2.703,1.242
-2.775,-0.388
-2.722,1.727
-2.72,0.287
2.867,-2.297
2.895,-2.362
2.181,-2.454
1.829,-2.134
1.132,-2.249
0.954,-2.359
0.665,-2.454
0.642,-2.56
0.374,-2.512
-0.003,-2.069
0.075,-2.342
-0.466,-2.215
-0.473,-2.301
-0.672,-2.233
-1.324,-2.553
-1.572,-2.163
-1.833,-2.18
-2.002,-2.283
-2.108,-2.247
-2.64,-2.384
-3.129,2.286
-3.059,2.193
2.999,2.231
2.588,2.166
1.989,2.299
1.979,2.042
0.62,1.986
0.618,2.037
0.183,1.959
-0.066,2.188
-0.064,2.25
-0.94,1.985
-1.161,2.255
-1.162,2.26
-2.019,2.101
-2.095,2.064
-2.517,2.343
-2.67,2.112
2.995,-1.01
2.542,-1.645
0.555,1.852
0.489,0.854
-1.586,0.475
-2.335,1.796
-2.237,2.083
-2.905,-1.036
-2.966,0.235
-2.91,0.883
-3.007,1.686
-3.14,-0.84
3.052,0.412
3.075,0.486
3.038,-0.444
3.046,-0.863
3.034,-0.299
2.877,-0.884
2.822,-0.795
2.666,1.537
2.579,-0.386
2.387,0.149
2.468,-0.136
2.386,-0.739
2.258,-1.982
2.271,1.74
2.394,1.375
2.36,0.312
2.348,0.948
2.31,-1.552
2.134,1.118
2.075,1.61
2.182,-0.494
1.843,0.692
1.663,-0.336
1.446,-0.71
1.202,0.311
1.04,1.441
1.145,-0.778
0.984,-0.337
0.951,-0.804
0.934,-0.641
0.888,0.533
0.995,-0.908
0.932,-1.143
0.711,1.566
0.763,0.044
0.741,0.457
0.678,-0.833
0.68,-1.825
0.548,-0.075
0.648,0.751
0.636,-0.158
0.607,0.625
0.451,-1.004
0.374,-1.87
0.535,1.361
0.418,0.994
0.281,-1.943
0.277,1.879
0.261,1.458
0.134,0.469
-0.004,-1.401
-0.015,0.879
-0.103,1.34
-0.095,-1.281
-0.11,-0.995
-0.249,0.475
-0.436,0.829
-0.338,1.885
-0.514,-0.479
-0.583,-0.873
-0.583,1.641
-0.568,-1.027
-0.809,0.333
-0.713,-0.658
-0.819,1.198
-0.936,-1.347
-0.983,1.378
-1.125,-1.571
-1.217,1.884
-1.352,0.53
-1.232,-1.72
-1.46,0.301
-1.394,-0.726
-1.375,-0.583
-1.542,-1.715
-1.603,1.653
-1.573,1.976
-1.746,1.64
-1.663,0.163
-1.808,-0.515
-1.738,0.62
-1.881,-1.226
-2.19,-1.848
-2.423,-1.017
-2.32,0.753
-2.306,-1.151
-2.473,0.514
-2.501,0.614
-2.365,-1.032
-2.539,1.194
-2.932,-2.276
-2.838,-2.439
-2.894,-2.348
1.465,-2.199
1.4,-2.374
1.445,-2.053
1.13,-2.266
0.985,-2.401
0.807,-2.258
0.453,-2.352
0.228,-2.523
-0.392,-2.245
-0.526,-2.163
-0.673,-2.551
-0.862,-2.486
-1.182,-2.258
-1.977,-2.296
2.756,2.237
2.27,2.103
2.205,2.05
2.017,1.966
1.103,1.917
0.256,2.098
-0.438,2.071
-1.722,2.219
-2.044,1.908
-2.43,2.127
0.994,0.095
2.51,-1.624
2.147,-0.712
0.809,-0.701
-0.35,0.896
-0.81,-1.336
-1.074,0.839
-1.13,0.676
-1.152,-1.022
-1.158,-1.329
-2.015,-0.715
-1.923,0.547
-2.037,-0.56
-2.109,0.95
-2.661,0.169
2.9,-1.023
0.877,1.245
0.721,-0.05
-0.393,1.105
-1.103,-0.91
2.362,-2.195
2.529,2.01
2.935,2.212
0.983,2.093
0.063,1.036
-0.065,1.215
-0.079,1.785
-0.113,1.952
-0.074,-0.11
-0.088,1.193
-0.11,2.099
-0.112,-0.925
-0.496,0.94
-0.592,2.427
-0.576,1.074
-0.6,-0.763
-0.572,1.748
-0.624,0.526
-0.729,0.104
-0.686,-0.234
-0.723,0.891
-0.763,2.36
-0.84,0.532
-0.935,1.154
-1.03,0.954
-1.032,1.077
-1.216,2.644
-1.249,2.032
-1.289,0.463
-1.29,1.869
-1.37,0.985
-1.405,1.682
-1.344,0.417
-1.344,1.051
-1.408,-0.778
-1.667,0.845
-1.613,0.264
-1.653,1.09
-1.661,-0.74
-1.736,0.411
-1.682,2.167
-1.691,1.408
-1.832,1.681
-2.036,-0.751
-2.019,1.073
-2.103,-0.126
-2.128,0.488
-2.069,0.975
-2.127,-0.517
-2.143,1.122
-2.088,0.945
-2.098,-0.886
-2.168,1.119
-2.177,1.02
-2.4,2.853
-2.478,0.163
-2.62,0.034
-2.708,1.697
-2.668,2.375
-2.74,0.745
-2.687,2.86
-2.685,1.42
2.902,-1.164
2.93,-1.229
2.216,-1.321
1.864,-1.001
1.167,-1.116
0.989,-1.226
0.7,-1.321
0.677,-1.427
0.409,-1.379
0.032,-0.936
0.11,-1.209
-0.431,-1.082
-0.438,-1.168
-0.637,-1.1
-1.289,-1.42
-1.537,-1.03
-1.798,-1.047
-1.967,-1.15
-2.073,-1.114
-2.605,-1.251
-3.094,3.419
-3.024,3.326
3.034,3.364
2.623,3.299
2.024,3.432
2.014,3.175
0.655,3.119
0.653,3.17
0.218,3.092
-0.031,3.321
-0.029,3.383
-0.905,3.118
-1.126,3.388
-1.127,3.393
-1.984,3.234
-2.06,3.197
-2.482,3.476
-2.635,3.245
3.03,0.123
2.577,-0.512
0.59,2.985
0.524,1.987
-1.551,1.608
-2.3,2.929
-2.202,3.216
-2.87,0.097
-2.931,1.368
-2.875,2.016
-2.972,2.819
-3.105,0.293
3.087,1.545
3.11,1.619
3.073,0.689
3.081,0.27
3.069,0.834
2.912,0.249
2.857,0.338
2.701,2.67
2.614,0.747
2.422,1.282
2.503,0.997
2.421,0.394
2.293,-0.849
2.306,2.873
2.429,2.508
2.395,1.445
2.383,2.081
2.345,-0.419
2.169,2.251
2.11,2.743
2.217,0.639
1.878,1.825
1.698,0.797
1.481,0.423
1.237,1.444
1.075,2.574
1.18,0.355
1.019,0.796
0.986,0.329
0.969,0.492
0.923,1.666
1.03,0.225
0.967,-0.01
0.746,2.699
0.798,1.177
0.776,1.59
0.713,0.3
0.715,-0.692
0.583,1.058
0.683,1.884
0.671,0.975
0.642,1.758
0.486,0.129
0.409,-0.737
0.57,2.494
0.453,2.127
0.316,-0.81
0.312,3.012
0.296,2.591
0.169,1.602
0.031,-0.268
0.02,2.012
-0.068,2.473
-0.06,-0.148
-0.075,0.138
-0.214,1.608
-0.401,1.962
-0.303,3.018
-0.479,0.654
-0.548,0.26
-0.548,2.774
-0.533,0.106
-0.774,1.466
-0.678,0.475
-0.784,2.331
-0.901,-0.214
-0.948,2.511
-1.09,-0.438
-1.182,3.017
-1.317,1.663
-1.197,-0.587
-1.425,1.434
-1.359,0.407
-1.34,0.55
-1.507,-0.582
-1.568,2.786
-1.538,3.109
-1.711,2.773
-1.628,1.296
-1.773,0.618
-1.703,1.753
-1.846,-0.093
-2.155,-0.715
-2.388,0.116
-2.285,1.886
-2.271,-0.018
-2.438,1.647
-2.466,1.747
-2.33,0.101
-2.504,2.327
-2.897,-1.143
-2.803,-1.306
-2.859,-1.215
1.5,-1.066
1.435,-1.241
1.48,-0.92
1.165,-1.133
1.02,-1.268
0.842,-1.125
0.488,-1.219
0.263,-1.39
-0.357,-1.112
-0.491,-1.03
-0.638,-1.418
-0.827,-1.353
-1.147,-1.125
-1.942,-1.163
2.791,3.37
2.305,3.236
2.24,3.183
2.052,3.099
1.138,3.05
0.291,3.231
-0.403,3.204
-1.687,3.352
-2.009,3.041
-2.395,3.26
1.029,1.228
2.545,-0.491
2.182,0.421
0.844,0.432
-0.315,2.029
-0.775,-0.203
-1.039,1.972
-1.095,1.809
-1.117,0.111
-1.123,-0.196
-1.98,0.418
-1.888,1.68
-2.002,0.573
-2.074,2.083
-2.626,1.302
2.935,0.11
0.912,2.378
0.756,1.083
-0.358,2.238
-1.068,0.223
2.397,-1.062
2.564,3.143
2.97,3.345
1.018,3.226
-0.128,0.179
-0.142,0.749
-0.176,0.916
-0.137,-1.146
-0.151,0.157
-0.173,1.063
-0.175,-1.961
-0.559,-0.096
-0.655,1.391
-0.639,0.038
-0.663,-1.799
-0.635,0.712
-0.687,-0.51
-0.792,-0.932
-0.749,-1.27
-0.786,-0.145
-0.826,1.324
-0.903,-0.504
-0.998,0.118
-1.093,-0.082
-1.095,0.041
-1.279,1.608
-1.312,0.996
-1.352,-0.573
-1.353,0.833
-1.433,-0.051
-1.468,0.646
-1.407,-0.619
-1.407,0.015
-1.471,-1.814
-1.73,-0.191
-1.676,-0.772
-1.716,0.054
-1.724,-1.776
-1.799,-0.625
-1.745,1.131
-1.754,0.372
-1.895,0.645
-2.099,-1.787
-2.082,0.037
-2.166,-1.162
-2.191,-0.548
-2.132,-0.061
-2.19,-1.553
-2.206,0.086
-2.151,-0.091
-2.161,-1.922
-2.231,0.083
-2.24,-0.016
-2.463,1.817
-2.541,-0.873
-2.683,-1.002
-2.771,0.661
-2.731,1.339
-2.803,-0.291
-2.75,1.824
-2.748,0.384
2.839,-2.2
2.867,-2.265
2.153,-2.357
1.801,-2.037
1.104,-2.152
0.926,-2.262
0.637,-2.357
0.614,-2.463
0.346,-2.415
-0.031,-1.972
0.047,-2.245
-0.494,-2.118
-0.501,-2.204
-0.7,-2.136
-1.352,-2.456
-1.6,-2.066
-1.861,-2.083
-2.03,-2.186
-2.136,-2.15
-2.668,-2.287
3.126,2.383
-3.087,2.29
2.971,2.328
2.56,2.263
1.961,2.396
1.951,2.139
0.592,2.083
0.59,2.134
0.155,2.056
-0.094,2.285
-0.092,2.347
-0.968,2.082
-1.189,2.352
-1.19,2.357
-2.047,2.198
-2.123,2.161
-2.545,2.44
-2.698,2.209
2.967,-0.913
2.514,-1.548
0.527,1.949
0.461,0.951
-1.614,0.572
-2.363,1.893
-2.265,2.18
-2.933,-0.939
-2.994,0.332
-2.938,0.98
-3.035,1.783
3.115,-0.743
3.024,0.509
3.047,0.583
3.01,-0.347
3.018,-0.766
3.006,-0.202
2.849,-0.787
2.794,-0.698
2.638,1.634
2.551,-0.289
2.359,0.246
2.44,-0.039
2.358,-0.642
2.23,-1.885
2.243,1.837
2.366,1.472
2.332,0.409
2.32,1.045
2.282,-1.455
2.106,1.215
2.047,1.707
2.154,-0.397
1.815,0.789
1.635,-0.239
1.418,-0.613
1.174,0.408
1.012,1.538
1.117,-0.681
0.956,-0.24
0.923,-0.707
0.906,-0.544
0.86,0.63
0.967,-0.811
0.904,-1.046
0.683,1.663
0.735,0.141
0.713,0.554
0.65,-0.736
0.652,-1.728
0.52,0.022
0.62,0.848
0.608,-0.061
0.579,0.722
0.423,-0.907
0.346,-1.773
0.507,1.458
0.39,1.091
0.253,-1.846
0.249,1.976
0.233,1.555
0.106,0.566
-0.032,-1.304
-0.043,0.976
-0.131,1.437
-0.123,-1.184
-0.138,-0.898
-0.277,0.572
-0.464,0.926
-0.366,1.982
-0.542,-0.382
-0.611,-0.776
-0.611,1.738
-0.596,-0.93
-0.837,0.43
-0.741,-0.561
-0.847,1.295
-0.964,-1.25
-1.011,1.475
-1.153,-1.474
-1.245,1.981
-1.38,0.627
-1.26,-1.623
-1.488,0.398
-1.422,-0.629
-1.403,-0.486
-1.57,-1.618
-1.631,1.75
-1.601,2.073
-1.774,1.737
-1.691,0.26
-1.836,-0.418
-1.766,0.717
-1.909,-1.129
-2.218,-1.751
-2.451,-0.92
-2.348,0.85
-2.334,-1.054
-2.501,0.611
-2.529,0.711
-2.393,-0.935
-2.567,1.291
-2.96,-2.179
-2.866,-2.342
-2.922,-2.251
1.437,-2.102
1.372,-2.277
1.417,-1.956
1.102,-2.169
0.957,-2.304
0.779,-2.161
0.425,-2.255
0.2,-2.426
-0.42,-2.148
-0.554,-2.066
-0.701,-2.454
-0.89,-2.389
-1.21,-2.161
-2.005,-2.199
2.728,2.334
2.242,2.2
2.177,2.147
1.989,2.063
1.075,2.014
0.228,2.195
-0.466,2.168
-1.75,2.316
-2.072,2.005
-2.458,2.224
0.966,0.192
2.482,-1.527
2.119,-0.615
0.781,-0.604
-0.378,0.993
-0.838,-1.239
-1.102,0.936
-1.158,0.773
-1.18,-0.925
-1.186,-1.232
-2.043,-0.618
-1.951,0.644
-2.065,-0.463
-2.137,1.047
-2.689,0.266
2.872,-0.926
0.849,1.342
0.693,0.047
-0.421,1.202
-1.131,-0.813
2.334,-2.098
2.501,2.107
2.907,2.309
0.955,2.19
-0.014,0.57
-0.048,0.737
-0.009,-1.325
-0.023,-0.022
-0.045,0.884
-0.047,-2.14
-0.431,-0.275
-0.527,1.212
-0.511,-0.141
-0.535,-1.978
-0.507,0.533
-0.559,-0.689
-0.664,-1.111
-0.621,-1.449
-0.658,-0.324
-0.698,1.145
-0.775,-0.683
-0.87,-0.061
-0.965,-0.261
-0.967,-0.138
-1.151,1.429
-1.184,0.817
-1.224,-0.752
-1.225,0.654
-1.305,-0.23
-1.34,0.467
-1.279,-0.798
-1.279,-0.164
-1.343,-1.993
-1.602,-0.37
-1.548,-0.951
-1.588,-0.125
-1.596,-1.955
-1.671,-0.804
-1.617,0.952
-1.626,0.193
-1.767,0.466
-1.971,-1.966
-1.954,-0.142
-2.038,-1.341
-2.063,-0.727
-2.004,-0.24
-2.062,-1.732
-2.078,-0.093
-2.023,-0.27
-2.033,-2.101
-2.103,-0.096
-2.112,-0.195
-2.335,1.638
-2.413,-1.052
-2.555,-1.181
-2.643,0.482
-2.603,1.16
-2.675,-0.47
-2.622,1.645
-2.62,0.205
2.967,-2.379
2.995,-2.444
2.281,-2.536
1.929,-2.216
1.232,-2.331
1.054,-2.441
0.765,-2.536
0.742,-2.642
0.474,-2.594
0.097,-2.151
0.175,-2.424
-0.366,-2.297
-0.373,-2.383
-0.572,-2.315
-1.224,-2.635
-1.472,-2.245
-1.733,-2.262
-1.902,-2.365
-2.008,-2.329
-2.54,-2.466
-3.029,2.204
-2.959,2.111
3.099,2.149
2.688,2.084
2.089,2.217
2.079,1.96
0.72,1.904
0.718,1.955
0.283,1.877
0.034,2.106
0.036,2.168
-0.84,1.903
-1.061,2.173
-1.062,2.178
-1.919,2.019
-1.995,1.982
-2.417,2.261
-2.57,2.03
3.095,-1.092
2.642,-1.727
0.655,1.77
0.589,0.772
-1.486,0.393
-2.235,1.714
-2.137,2.001
-2.805,-1.118
-2.866,0.153
-2.81,0.801
-2.907,1.604
-3.04,-0.922
-3.131,0.33
-3.108,0.404
3.138,-0.526
-3.137,-0.945
3.134,-0.381
2.977,-0.966
2.922,-0.877
2.766,1.455
2.679,-0.468
2.487,0.067
2.568,-0.218
2.486,-0.821
2.358,-2.064
2.371,1.658
2.494,1.293
2.46,0.23
2.448,0.866
2.41,-1.634
2.234,1.036
2.175,1.528
2.282,-0.576
1.943,0.61
1.763,-0.418
1.546,-0.792
1.302,0.229
1.14,1.359
1.245,-0.86
1.084,-0.419
1.051,-0.886
1.034,-0.723
0.988,0.451
1.095,-0.99
1.032,-1.225
0.811,1.484
0.863,-0.038
0.841,0.375
0.778,-0.915
0.78,-1.907
0.648,-0.157
0.748,0.669
0.736,-0.24
0.707,0.543
0.551,-1.086
0.474,-1.952
0.635,1.279
0.518,0.912
0.381,-2.025
0.377,1.797
0.361,1.376
0.234,0.387
0.096,-1.483
0.085,0.797
-0.003,1.258
0.005,-1.363
-0.01,-1.077
-0.149,0.393
-0.336,0.747
-0.238,1.803
-0.414,-0.561
-0.483,-0.955
-0.483,1.559
-0.468,-1.109
-0.709,0.251
-0.613,-0.74
-0.719,1.116
-0.836,-1.429
-0.883,1.296
-1.025,-1.653
-1.117,1.802
-1.252,0.448
-1.132,-1.802
-1.36,0.219
-1.294,-0.808
-1.275,-0.665
-1.442,-1.797
-1.503,1.571
-1.473,1.894
-1.646,1.558
-1.563,0.081
-1.708,-0.597
-1.638,0.538
-1.781,-1.308
-2.09,-1.93
-2.323,-1.099
-2.22,0.671
-2.206,-1.233
-2.373,0.432
-2.401,0.532
-2.265,-1.114
-2.439,1.112
-2.832,-2.358
-2.738,-2.521
-2.794,-2.43
1.565,-2.281
1.5,-2.456
1.545,-2.135
1.23,-2.348
1.085,-2.483
0.907,-2.34
0.553,-2.434
0.328,-2.605
-0.292,-2.327
-0.426,-2.245
-0.573,-2.633
-0.762,-2.568
-1.082,-2.34
-1.877,-2.378
2.856,2.155
2.37,2.021
2.305,1.968
2.117,1.884
1.203,1.835
0.356,2.016
-0.338,1.989
-1.622,2.137
-1.944,1.826
-2.33,2.045
1.094,0.013
2.61,-1.706
2.247,-0.794
0.909,-0.783
-0.25,0.814
-0.71,-1.418
-0.974,0.757
-1.03,0.594
-1.052,-1.104
-1.058,-1.411
-1.915,-0.797
-1.823,0.465
-1.937,-0.642
-2.009,0.868
-2.561,0.087
3.0,-1.105
0.977,1.163
0.821,-0.132
-0.293,1.023
-1.003,-0.992
2.462,-2.277
2.629,1.928
3.035,2.13
1.083,2.011
-0.034,0.167
0.005,-1.895
-0.009,-0.592
-0.031,0.314
-0.033,-2.71
-0.417,-0.845
-0.513,0.642
-0.497,-0.711
-0.521,-2.548
-0.493,-0.037
-0.545,-1.259
-0.65,-1.681
-0.607,-2.019
-0.644,-0.894
-0.684,0.575
-0.761,-1.253
-0.856,-0.631
-0.951,-0.831
-0.953,-0.708
-1.137,0.859
-1.17,0.247
-1.21,-1.322
-1.211,0.084
-1.291,-0.8
-1.326,-0.103
-1.265,-1.368
-1.265,-0.734
-1.329,-2.563
-1.588,-0.94
-1.534,-1.521
-1.574,-0.695
-1.582,-2.525
-1.657,-1.374
-1.603,0.382
-1.612,-0.377
-1.753,-0.104
-1.957,-2.536
-1.94,-0.712
-2.024,-1.911
-2.049,-1.297
-1.99,-0.81
-2.048,-2.302
-2.064,-0.663
-2.009,-0.84
-2.019,-2.671
-2.089,-0.666
-2.098,-0.765
-2.321,1.068
-2.399,-1.622
-2.541,-1.751
-2.629,-0.088
-2.589,0.59
-2.661,-1.04
-2.608,1.075
-2.606,-0.365
2.981,-2.949
3.009,-3.014
2.295,-3.106
1.943,-2.786
1.246,-2.901
1.068,-3.011
0.779,-3.106
0.756,-3.212
0.488,-3.164
0.111,-2.721
0.189,-2.994
-0.352,-2.867
-0.359,-2.953
-0.558,-2.885
-1.21,-3.205
-1.458,-2.815
-1.719,-2.832
-1.888,-2.935
-1.994,-2.899
-2.526,-3.036
-3.015,1.634
-2.945,1.541
3.113,1.579
2.702,1.514
2.103,1.647
2.093,1.39
0.734,1.334
0.732,1.385
0.297,1.307
0.048,1.536
0.05,1.598
-0.826,1.333
-1.047,1.603
-1.048,1.608
-1.905,1.449
-1.981,1.412
-2.403,1.691
-2.556,1.46
3.109,-1.662
2.656,-2.297
0.669,1.2
0.603,0.202
-1.472,-0.177
-2.221,1.144
-2.123,1.431
-2.791,-1.688
-2.852,-0.417
-2.796,0.231
-2.893,1.034
-3.026,-1.492
-3.117,-0.24
-3.094,-0.166
-3.131,-1.096
-3.123,-1.515
-3.135,-0.951
2.991,-1.536
2.936,-1.447
2.78,0.885
2.693,-1.038
2.501,-0.503
2.582,-0.788
2.5,-1.391
2.372,-2.634
2.385,1.088
2.508,0.723
2.474,-0.34
2.462,0.296
2.424,-2.204
2.248,0.466
2.189,0.958
2.296,-1.146
1.957,0.04
1.777,-0.988
1.56,-1.362
1.316,-0.341
1.154,0.789
1.259,-1.43
1.098,-0.989
1.065,-1.456
1.048,-1.293
1.002,-0.119
1.109,-1.56
1.046,-1.795
0.825,0.914
0.877,-0.608
0.855,-0.195
0.792,-1.485
0.794,-2.477
0.662,-0.727
0.762,0.099
0.75,-0.81
0.721,-0.027
0.565,-1.656
0.488,-2.522
0.649,0.709
0.532,0.342
0.395,-2.595
0.391,1.227
0.375,0.806
0.248,-0.183
0.11,-2.053
0.099,0.227
0.011,0.688
0.019,-1.933
0.004,-1.647
-0.135,-0.177
-0.322,0.177
-0.224,1.233
-0.4,-1.131
-0.469,-1.525
-0.469,0.989
-0.454,-1.679
-0.695,-0.319
-0.599,-1.31
-0.705,0.546
-0.822,-1.999
-0.869,0.726
-1.011,-2.223
-1.103,1.232
-1.238,-0.122
-1.118,-2.372
-1.346,-0.351
-1.28,-1.378
-1.261,-1.235
-1.428,-2.367
-1.489,1.001
-1.459,1.324
-1.632,0.988
-1.549,-0.489
-1.694,-1.167
-1.624,-0.032
-1.767,-1.878
-2.076,-2.5
-2.309,-1.669
-2.206,0.101
-2.192,-1.803
-2.359,-0.138
-2.387,-0.038
-2.251,-1.684
-2.425,0.542
-2.818,-2.928
-2.724,-3.091
-2.78,-3.0
1.579,-2.851
1.514,-3.026
1.559,-2.705
1.244,-2.918
1.099,-3.053
0.921,-2.91
0.567,-3.004
0.342,-3.175
-0.278,-2.897
-0.412,-2.815
-0.559,-3.203
-0.748,-3.138
-1.068,-2.91
-1.863,-2.948
2.87,1.585
2.384,1.451
2.319,1.398
2.131,1.314
1.217,1.265
0.37,1.446
-0.324,1.419
-1.608,1.567
-1.93,1.256
-2.316,1.475
1.108,-0.557
2.624,-2.276
2.261,-1.364
0.923,-1.353
-0.236,0.244
-0.696,-1.988
-0.96,0.187
-1.016,0.024
-1.038,-1.674
-1.044,-1.981
-1.901,-1.367
-1.809,-0.105
-1.923,-1.212
-1.995,0.298
-2.547,-0.483
3.014,-1.675
0.991,0.593
0.835,-0.702
-0.279,0.453
-0.989,-1.562
2.476,-2.847
2.643,1.358
3.049,1.56
1.097,1.441
0.039,-2.062
0.025,-0.759
0.003,0.147
0.001,-2.877
-0.383,-1.012
-0.479,0.475
-0.463,-0.878
-0.487,-2.715
-0.459,-0.204
-0.511,-1.426
-0.616,-1.848
-0.573,-2.186
-0.61,-1.061
-0.65,0.408
-0.727,-1.42
-0.822,-0.798
-0.917,-0.998
-0.919,-0.875
-1.103,0.692
-1.136,0.08
-1.176,-1.489
-1.177,-0.083
-1.257,-0.967
-1.292,-0.27
-1.231,-1.535
-1.231,-0.901
-1.295,-2.73
-1.554,-1.107
-1.5,-1.688
-1.54,-0.862
-1.548,-2.692
-1.623,-1.541
-1.569,0.215
-1.578,-0.544
-1.719,-0.271
-1.923,-2.703
-1.906,-0.879
-1.99,-2.078
-2.015,-1.464
-1.956,-0.977
-2.014,-2.469
-2.03,-0.83
-1.975,-1.007
-1.985,-2.838
-2.055,-0.833
-2.064,-0.932
-2.287,0.901
-2.365,-1.789
-2.507,-1.918
-2.595,-0.255
-2.555,0.423
-2.627,-1.207
-2.574,0.908
-2.572,-0.532
3.015,-3.116
3.043,-3.181
2.329,-3.273
1.977,-2.953
1.28,-3.068
1.102,-3.178
0.813,-3.273
0.79,-3.379
0.522,-3.331
0.145,-2.888
0.223,-3.161
-0.318,-3.034
-0.325,-3.12
-0.524,-3.052
-1.176,-3.372
-1.424,-2.982
-1.685,-2.999
-1.854,-3.102
-1.96,-3.066
-2.492,-3.203
-2.981,1.467
-2.911,1.374
-3.136,1.412
2.736,1.347
2.137,1.48
2.127,1.223
0.768,1.167
0.766,1.218
0.331,1.14
0.082,1.369
0.084,1.431
-0.792,1.166
-1.013,1.436
-1.014,1.441
-1.871,1.282
-1.947,1.245
-2.369,1.524
-2.522,1.293
-3.14,-1.829
2.69,-2.464
0.703,1.033
0.637,0.035
-1.438,-0.344
-2.187,0.977
-2.089,1.264
-2.757,-1.855
-2.818,-0.584
-2.762,0.064
-2.859,0.867
-2.992,-1.659
-3.083,-0.407
-3.06,-0.333
-3.097,-1.263
-3.089,-1.682
-3.101,-1.118
3.025,-1.703
2.97,-1.614
2.814,0.718
2.727,-1.205
2.535,-0.67
2.616,-0.955
2.534,-1.558
2.406,-2.801
2.419,0.921
2.542,0.556
2.508,-0.507
2.496,0.129
2.458,-2.371
2.282,0.299
2.223,0.791
2.33,-1.313
1.991,-0.127
1.811,-1.155
1.594,-1.529
1.35,-0.508
1.188,0.622
1.293,-1.597
1.132,-1.156
1.099,-1.623
1.082,-1.46
1.036,-0.286
1.143,-1.727
1.08,-1.962
0.859,0.747
0.911,-0.775
0.889,-0.362
0.826,-1.652
0.828,-2.644
0.696,-0.894
0.796,-0.068
0.784,-0.977
0.755,-0.194
0.599,-1.823
0.522,-2.689
0.683,0.542
0.566,0.175
0.429,-2.762
0.425,1.06
0.409,0.639
0.282,-0.35
0.144,-2.22
0.133,0.06
0.045,0.521
0.053,-2.1
0.038,-1.814
-0.101,-0.344
-0.288,0.01
-0.19,1.066
-0.366,-1.298
-0.435,-1.692
-0.435,0.822
-0.42,-1.846
-0.661,-0.486
-0.565,-1.477
-0.671,0.379
-0.788,-2.166
-0.835,0.559
-0.977,-2.39
-1.069,1.065
-1.204,-0.289
-1.084,-2.539
-1.312,-0.518
-1.246,-1.545
-1.227,-1.402
-1.394,-2.534
-1.455,0.834
-1.425,1.157
-1.598,0.821
-1.515,-0.656
-1.66,-1.334
-1.59,-0.199
-1.733,-2.045
-2.042,-2.667
-2.275,-1.836
-2.172,-0.066
-2.158,-1.97
-2.325,-0.305
-2.353,-0.205
-2.217,-1.851
-2.391,0.375
-2.784,-3.095
-2.69,-3.258
-2.746,-3.167
1.613,-3.018
1.548,-3.193
1.593,-2.872
1.278,-3.085
1.133,-3.22
0.955,-3.077
0.601,-3.171
0.376,-3.342
-0.244,-3.064
-0.378,-2.982
-0.525,-3.37
-0.714,-3.305
-1.034,-3.077
-1.829,-3.115
2.904,1.418
2.418,1.284
2.353,1.231
2.165,1.147
1.251,1.098
0.404,1.279
-0.29,1.252
-1.574,1.4
-1.896,1.089
-2.282,1.308
1.142,-0.724
2.658,-2.443
2.295,-1.531
0.957,-1.52
-0.202,0.077
-0.662,-2.155
-0.926,0.02
-0.982,-0.143
-1.004,-1.841
-1.01,-2.148
-1.867,-1.534
-1.775,-0.272
-1.889,-1.379
-1.961,0.131
-2.513,-0.65
3.048,-1.842
1.025,0.426
0.869,-0.869
-0.245,0.286
-0.955,-1.729
2.51,-3.014
2.677,1.191
3.083,1.393
1.131,1.274
-0.014,1.303
-0.036,2.209
-0.038,-0.815
-0.422,1.05
-0.518,2.537
-0.502,1.184
-0.526,-0.653
-0.498,1.858
-0.55,0.636
-0.655,0.214
-0.612,-0.124
-0.649,1.001
-0.689,2.47
-0.766,0.642
-0.861,1.264
-0.956,1.064
-0.958,1.187
-1.142,2.754
-1.175,2.142
-1.215,0.573
-1.216,1.979
-1.296,1.095
-1.331,1.792
-1.27,0.527
-1.27,1.161
-1.334,-0.668
-1.593,0.955
-1.539,0.374
-1.579,1.2
-1.587,-0.63
-1.662,0.521
-1.608,2.277
-1.617,1.518
-1.758,1.791
-1.962,-0.641
-1.945,1.183
-2.029,-0.016
-2.054,0.598
-1.995,1.085
-2.053,-0.407
-2.069,1.232
-2.014,1.055
-2.024,-0.776
-2.094,1.229
-2.103,1.13
-2.326,2.963
-2.404,0.273
-2.546,0.144
-2.634,1.807
-2.594,2.485
-2.666,0.855
-2.613,2.97
-2.611,1.53
2.976,-1.054
3.004,-1.119
2.29,-1.211
1.938,-0.891
1.241,-1.006
1.063,-1.116
0.774,-1.211
0.751,-1.317
0.483,-1.269
0.106,-0.826
0.184,-1.099
-0.357,-0.972
-0.364,-1.058
-0.563,-0.99
-1.215,-1.31
-1.463,-0.92
-1.724,-0.937
-1.893,-1.04
-1.999,-1.004
-2.531,-1.141
-3.02,3.529
-2.95,3.436
3.108,3.474
2.697,3.409
2.098,3.542
2.088,3.285
0.729,3.229
0.727,3.28
0.292,3.202
0.043,3.431
0.045,3.493
-0.831,3.228
-1.052,3.498
-1.053,3.503
-1.91,3.344
-1.986,3.307
-2.408,3.586
-2.561,3.355
3.104,0.233
2.651,-0.402
0.664,3.095
0.598,2.097
-1.477,1.718
-2.226,3.039
-2.128,3.326
-2.796,0.207
-2.857,1.478
-2.801,2.126
-2.898,2.929
-3.031,0.403
-3.122,1.655
-3.099,1.729
-3.136,0.799
-3.128,0.38
-3.14,0.944
2.986,0.359
2.931,0.448
2.775,2.78
2.688,0.857
2.496,1.392
2.577,1.107
2.495,0.504
2.367,-0.739
2.38,2.983
2.503,2.618
2.469,1.555
2.457,2.191
2.419,-0.309
2.243,2.361
2.184,2.853
2.291,0.749
1.952,1.935
1.772,0.907
1.555,0.533
1.311,1.554
1.149,2.684
1.254,0.465
1.093,0.906
1.06,0.439
1.043,0.602
0.997,1.776
1.104,0.335
1.041,0.1
0.82,2.809
0.872,1.287
0.85,1.7
0.787,0.41
0.789,-0.582
0.657,1.168
0.757,1.994
0.745,1.085
0.716,1.868
0.56,0.239
0.483,-0.627
0.644,2.604
0.527,2.237
0.39,-0.7
0.386,3.122
0.37,2.701
0.243,1.712
0.105,-0.158
0.094,2.122
0.006,2.583
0.014,-0.038
-0.001,0.248
-0.14,1.718
-0.327,2.072
-0.229,3.128
-0.405,0.764
-0.474,0.37
-0.474,2.884
-0.459,0.216
-0.7,1.576
-0.604,0.585
-0.71,2.441
-0.827,-0.104
-0.874,2.621
-1.016,-0.328
-1.108,3.127
-1.243,1.773
-1.123,-0.477
-1.351,1.544
-1.285,0.517
-1.266,0.66
-1.433,-0.472
-1.494,2.896
-1.464,3.219
-1.637,2.883
-1.554,1.406
-1.699,0.728
-1.629,1.863
-1.772,0.017
-2.081,-0.605
-2.314,0.226
-2.211,1.996
-2.197,0.092
-2.364,1.757
-2.392,1.857
-2.256,0.211
-2.43,2.437
-2.823,-1.033
-2.729,-1.196
-2.785,-1.105
1.574,-0.956
1.509,-1.131
1.554,-0.81
1.239,-1.023
1.094,-1.158
0.916,-1.015
0.562,-1.109
0.337,-1.28
-0.283,-1.002
-0.417,-0.92
-0.564,-1.308
-0.753,-1.243
-1.073,-1.015
-1.868,-1.053
2.865,3.48
2.379,3.346
2.314,3.293
2.126,3.209
1.212,3.16
0.365,3.341
-0.329,3.314
-1.613,3.462
-1.935,3.151
-2.321,3.37
1.103,1.338
2.619,-0.381
2.256,0.531
0.918,0.542
-0.241,2.139
-0.701,-0.093
-0.965,2.082
-1.021,1.919
-1.043,0.221
-1.049,-0.086
-1.906,0.528
-1.814,1.79
-1.928,0.683
-2.0,2.193
-2.552,1.412
3.009,0.22
0.986,2.488
0.83,1.193
-0.284,2.348
-0.994,0.333
2.471,-0.952
2.638,3.253
3.044,3.455
1.092,3.336
-0.022,0.906
-0.024,-2.118
-0.408,-0.253
-0.504,1.234
-0.488,-0.119
-0.512,-1.956
-0.484,0.555
-0.536,-0.667
-0.641,-1.089
-0.598,-1.427
-0.635,-0.302
-0.675,1.167
-0.752,-0.661
-0.847,-0.039
-0.942,-0.239
-0.944,-0.116
-1.128,1.451
-1.161,0.839
-1.201,-0.73
-1.202,0.676
-1.282,-0.208
-1.317,0.489
-1.256,-0.776
-1.256,-0.142
-1.32,-1.971
-1.579,-0.348
-1.525,-0.929
-1.565,-0.103
-1.573,-1.933
-1.648,-0.782
-1.594,0.974
-1.603,0.215
-1.744,0.488
-1.948,-1.944
-1.931,-0.12
-2.015,-1.319
-2.04,-0.705
-1.981,-0.218
-2.039,-1.71
-2.055,-0.071
-2.0,-0.248
-2.01,-2.079
-2.08,-0.074
-2.089,-0.173
-2.312,1.66
-2.39,-1.03
-2.532,-1.159
-2.62,0.504
-2.58,1.182
-2.652,-0.448
-2.599,1.667
-2.597,0.227
2.99,-2.357
3.018,-2.422
2.304,-2.514
1.952,-2.194
1.255,-2.309
1.077,-2.419
0.788,-2.514
0.765,-2.62
0.497,-2.572
0.12,-2.129
0.198,-2.402
-0.343,-2.275
-0.35,-2.361
-0.549,-2.293
-1.201,-2.613
-1.449,-2.223
-1.71,-2.24
-1.879,-2.343
-1.985,-2.307
-2.517,-2.444
-3.006,2.226
-2.936,2.133
3.122,2.171
2.711,2.106
2.112,2.239
2.102,1.982
0.743,1.926
0.741,1.977
0.306,1.899
0.057,2.128
0.059,2.19
-0.817,1.925
-1.038,2.195
-1.039,2.2
-1.896,2.041
-1.972,2.004
-2.394,2.283
-2.547,2.052
3.118,-1.07
2.665,-1.705
0.678,1.792
0.612,0.794
-1.463,0.415
-2.212,1.736
-2.114,2.023
-2.782,-1.096
-2.843,0.175
-2.787,0.823
-2.884,1.626
-3.017,-0.9
-3.108,0.352
-3.085,0.426
-3.122,-0.504
-3.114,-0.923
-3.126,-0.359
3.0,-0.944
2.945,-0.855
2.789,1.477
2.702,-0.446
2.51,0.089
2.591,-0.196
2.509,-0.799
2.381,-2.042
2.394,1.68
2.517,1.315
2.483,0.252
2.471,0.888
2.433,-1.612
2.257,1.058
2.198,1.55
2.305,-0.554
1.966,0.632
1.786,-0.396
1.569,-0.77
1.325,0.251
1.163,1.381
1.268,-0.838
1.107,-0.397
1.074,-0.864
1.057,-0.701
1.011,0.473
1.118,-0.968
1.055,-1.203
0.834,1.506
0.886,-0.016
0.864,0.397
0.801,-0.893
0.803,-1.885
0.671,-0.135
0.771,0.691
0.759,-0.218
0.73,0.565
0.574,-1.064
0.497,-1.93
0.658,1.301
0.541,0.934
0.404,-2.003
0.4,1.819
0.384,1.398
0.257,0.409
0.119,-1.461
0.108,0.819
0.02,1.28
0.028,-1.341
0.013,-1.055
-0.126,0.415
-0.313,0.769
-0.215,1.825
-0.391,-0.539
-0.46,-0.933
-0.46,1.581
-0.445,-1.087
-0.686,0.273
-0.59,-0.718
-0.696,1.138
-0.813,-1.407
-0.86,1.318
-1.002,-1.631
-1.094,1.824
-1.229,0.47
-1.109,-1.78
-1.337,0.241
-1.271,-0.786
-1.252,-0.643
-1.419,-1.775
-1.48,1.593
-1.45,1.916
-1.623,1.58
-1.54,0.103
-1.685,-0.575
-1.615,0.56
-1.758,-1.286
-2.067,-1.908
-2.3,-1.077
-2.197,0.693
-2.183,-1.211
-2.35,0.454
-2.378,0.554
-2.242,-1.092
-2.416,1.134
-2.809,-2.336
-2.715,-2.499
-2.771,-2.408
1.588,-2.259
1.523,-2.434
1.568,-2.113
1.253,-2.326
1.108,-2.461
0.93,-2.318
0.576,-2.412
0.351,-2.583
-0.269,-2.305
-0.403,-2.223
-0.55,-2.611
-0.739,-2.546
-1.059,-2.318
-1.854,-2.356
2.879,2.177
2.393,2.043
2.328,1.99
2.14,1.906
1.226,1.857
0.379,2.038
-0.315,2.011
-1.599,2.159
-1.921,1.848
-2.307,2.067
1.117,0.035
2.633,-1.684
2.27,-0.772
0.932,-0.761
-0.227,0.836
-0.687,-1.396
-0.951,0.779
-1.007,0.616
-1.029,-1.082
-1.035,-1.389
-1.892,-0.775
-1.8,0.487
-1.914,-0.62
-1.986,0.89
-2.538,0.109
3.023,-1.083
1.0,1.185
0.844,-0.11
-0.27,1.045
-0.98,-0.97
2.485,-2.255
2.652,1.95
3.058,2.152
1.106,2.033
-0.002,-3.024
-0.386,-1.159
-0.482,0.328
-0.466,-1.025
-0.49,-2.862
-0.462,-0.351
-0.514,-1.573
-0.619,-1.995
-0.576,-2.333
-0.613,-1.208
-0.653,0.261
-0.73,-1.567
-0.825,-0.945
-0.92,-1.145
-0.922,-1.022
-1.106,0.545
-1.139,-0.067
-1.179,-1.636
-1.18,-0.23
-1.26,-1.114
-1.295,-0.417
-1.234,-1.682
-1.234,-1.048
-1.298,-2.877
-1.557,-1.254
-1.503,-1.835
-1.543,-1.009
-1.551,-2.839
-1.626,-1.688
-1.572,0.068
-1.581,-0.691
-1.722,-0.418
-1.926,-2.85
-1.909,-1.026
-1.993,-2.225
-2.018,-1.611
-1.959,-1.124
-2.017,-2.616
-2.033,-0.977
-1.978,-1.154
-1.988,-2.985
-2.058,-0.98
-2.067,-1.079
-2.29,0.754
-2.368,-1.936
-2.51,-2.065
-2.598,-0.402
-2.558,0.276
-2.63,-1.354
-2.577,0.761
-2.575,-0.679
3.012,-3.263
3.04,-3.328
2.326,-3.42
1.974,-3.1
1.277,-3.215
1.099,-3.325
0.81,-3.42
0.787,-3.526
0.519,-3.478
0.142,-3.035
0.22,-3.308
-0.321,-3.181
-0.328,-3.267
-0.527,-3.199
-1.179,-3.519
-1.427,-3.129
-1.688,-3.146
-1.857,-3.249
-1.963,-3.213
-2.495,-3.35
-2.984,1.32
-2.914,1.227
-3.139,1.265
2.733,1.2
2.134,1.333
2.124,1.076
0.765,1.02
0.763,1.071
0.328,0.993
0.079,1.222
0.081,1.284
-0.795,1.019
-1.016,1.289
-1.017,1.294
-1.874,1.135
-1.95,1.098
-2.372,1.377
-2.525,1.146
3.14,-1.976
2.687,-2.611
0.7,0.886
0.634,-0.112
-1.441,-0.491
-2.19,0.83
-2.092,1.117
-2.76,-2.002
-2.821,-0.731
-2.765,-0.083
-2.862,0.72
-2.995,-1.806
-3.086,-0.554
-3.063,-0.48
-3.1,-1.41
-3.092,-1.829
-3.104,-1.265
3.022,-1.85
2.967,-1.761
2.811,0.571
2.724,-1.352
2.532,-0.817
2.613,-1.102
2.531,-1.705
2.403,-2.948
2.416,0.774
2.539,0.409
2.505,-0.654
2.493,-0.018
2.455,-2.518
2.279,0.152
2.22,0.644
2.327,-1.46
1.988,-0.274
1.808,-1.302
1.591,-1.676
1.347,-0.655
1.185,0.475
1.29,-1.744
1.129,-1.303
1.096,-1.77
1.079,-1.607
1.033,-0.433
1.14,-1.874
1.077,-2.109
0.856,0.6
0.908,-0.922
0.886,-0.509
0.823,-1.799
0.825,-2.791
0.693,-1.041
0.793,-0.215
0.781,-1.124
0.752,-0.341
0.596,-1.97
0.519,-2.836
0.68,0.395
0.563,0.028
0.426,-2.909
0.422,0.913
0.406,0.492
0.279,-0.497
0.141,-2.367
0.13,-0.087
0.042,0.374
0.05,-2.247
0.035,-1.961
-0.104,-0.491
-0.291,-0.137
-0.193,0.919
-0.369,-1.445
-0.438,-1.839
-0.438,0.675
-0.423,-1.993
-0.664,-0.633
-0.568,-1.624
-0.674,0.232
-0.791,-2.313
-0.838,0.412
-0.98,-2.537
-1.072,0.918
-1.207,-0.436
-1.087,-2.686
-1.315,-0.665
-1.249,-1.692
-1.23,-1.549
-1.397,-2.681
-1.458,0.687
-1.428,1.01
-1.601,0.674
-1.518,-0.803
-1.663,-1.481
-1.593,-0.346
-1.736,-2.192
-2.045,-2.814
-2.278,-1.983
-2.175,-0.213
-2.161,-2.117
-2.328,-0.452
-2.356,-0.352
-2.22,-1.998
-2.394,0.228
-2.787,-3.242
-2.693,-3.405
-2.749,-3.314
1.61,-3.165
1.545,-3.34
1.59,-3.019
1.275,-3.232
1.13,-3.367
0.952,-3.224
0.598,-3.318
0.373,-3.489
-0.247,-3.211
-0.381,-3.129
-0.528,-3.517
-0.717,-3.452
-1.037,-3.224
-1.832,-3.262
2.901,1.271
2.415,1.137
2.35,1.084
2.162,1.0
1.248,0.951
0.401,1.132
-0.293,1.105
-1.577,1.253
-1.899,0.942
-2.285,1.161
1.139,-0.871
2.655,-2.59
2.292,-1.678
0.954,-1.667
-0.205,-0.07
-0.665,-2.302
-0.929,-0.127
-0.985,-0.29
-1.007,-1.988
-1.013,-2.295
-1.87,-1.681
-1.778,-0.419
-1.892,-1.526
-1.964,-0.016
-2.516,-0.797
3.045,-1.989
1.022,0.279
0.866,-1.016
-0.248,0.139
-0.958,-1.876
2.507,-3.161
2.674,1.044
3.08,1.246
1.128,1.127
-0.384,1.865
-0.48,3.352
-0.464,1.999
-0.488,0.162
-0.46,2.673
-0.512,1.451
-0.617,1.029
-0.574,0.691
-0.611,1.816
-0.651,3.285
-0.728,1.457
-0.823,2.079
-0.918,1.879
-0.92,2.002
-1.104,3.569
-1.137,2.957
-1.177,1.388
-1.178,2.794
-1.258,1.91
-1.293,2.607
-1.232,1.342
-1.232,1.976
-1.296,0.147
-1.555,1.77
-1.501,1.189
-1.541,2.015
-1.549,0.185
-1.624,1.336
-1.57,3.092
-1.579,2.333
-1.72,2.606
-1.924,0.174
-1.907,1.998
-1.991,0.799
-2.016,1.413
-1.957,1.9
-2.015,0.408
-2.031,2.047
-1.976,1.87
-1.986,0.039
-2.056,2.044
-2.065,1.945
-2.288,3.778
-2.366,1.088
-2.508,0.959
-2.596,2.622
-2.556,3.3
-2.628,1.67
-2.575,3.785
-2.573,2.345
3.014,-0.239
3.042,-0.304
2.328,-0.396
1.976,-0.076
1.279,-0.191
1.101,-0.301
0.812,-0.396
0.789,-0.502
0.521,-0.454
0.144,-0.011
0.222,-0.284
-0.319,-0.157
-0.326,-0.243
-0.525,-0.175
-1.177,-0.495
-1.425,-0.105
-1.686,-0.122
-1.855,-0.225
-1.961,-0.189
-2.493,-0.326
-2.982,4.344
-2.912,4.251
-3.137,4.289
2.735,4.224
2.136,4.357
2.126,4.1
0.767,4.044
0.765,4.095
0.33,4.017
0.081,4.246
0.083,4.308
-0.793,4.043
-1.014,4.313
-1.015,4.318
-1.872,4.159
-1.948,4.122
-2.37,4.401
-2.523,4.17
-3.141,1.048
2.689,0.413
0.702,3.91
0.636,2.912
-1.439,2.533
-2.188,3.854
-2.09,4.141
-2.758,1.022
-2.819,2.293
-2.763,2.941
-2.86,3.744
-2.993,1.218
-3.084,2.47
-3.061,2.544
-3.098,1.614
-3.09,1.195
-3.102,1.759
3.024,1.174
2.969,1.263
2.813,3.595
2.726,1.672
2.534,2.207
2.615,1.922
2.533,1.319
2.405,0.076
2.418,3.798
2.541,3.433
2.507,2.37
2.495,3.006
2.457,0.506
2.281,3.176
2.222,3.668
2.329,1.564
1.99,2.75
1.81,1.722
1.593,1.348
1.349,2.369
1.187,3.499
1.292,1.28
1.131,1.721
1.098,1.254
1.081,1.417
1.035,2.591
1.142,1.15
1.079,0.915
0.858,3.624
0.91,2.102
0.888,2.515
0.825,1.225
0.827,0.233
0.695,1.983
0.795,2.809
0.783,1.9
0.754,2.683
0.598,1.054
0.521,0.188
0.682,3.419
0.565,3.052
0.428,0.115
0.424,3.937
0.408,3.516
0.281,2.527
0.143,0.657
0.132,2.937
0.044,3.398
0.052,0.777
0.037,1.063
-0.102,2.533
-0.289,2.887
-0.191,3.943
-0.367,1.579
-0.436,1.185
-0.436,3.699
-0.421,1.031
-0.662,2.391
-0.566,1.4
-0.672,3.256
-0.789,0.711
-0.836,3.436
-0.978,0.487
-1.07,3.942
-1.205,2.588
-1.085,0.338
-1.313,2.359
-1.247,1.332
-1.228,1.475
-1.395,0.343
-1.456,3.711
-1.426,4.034
-1.599,3.698
-1.516,2.221
-1.661,1.543
-1.591,2.678
-1.734,0.832
-2.043,0.21
-2.276,1.041
-2.173,2.811
-2.159,0.907
-2.326,2.572
-2.354,2.672
-2.218,1.026
-2.392,3.252
-2.785,-0.218
-2.691,-0.381
-2.747,-0.29
1.612,-0.141
1.547,-0.316
1.592,0.005
1.277,-0.208
1.132,-0.343
0.954,-0.2
0.6,-0.294
0.375,-0.465
-0.245,-0.187
-0.379,-0.105
-0.526,-0.493
-0.715,-0.428
-1.035,-0.2
-1.83,-0.238
2.903,4.295
2.417,4.161
2.352,4.108
2.164,4.024
1.25,3.975
0.403,4.156
-0.291,4.129
-1.575,4.277
-1.897,3.966
-2.283,4.185
1.141,2.153
2.657,0.434
2.294,1.346
0.956,1.357
-0.203,2.954
-0.663,0.722
-0.927,2.897
-0.983,2.734
-1.005,1.036
-1.011,0.729
-1.868,1.343
-1.776,2.605
-1.89,1.498
-1.962,3.008
-2.514,2.227
3.047,1.035
1.024,3.303
0.868,2.008
-0.246,3.163
-0.956,1.148
2.509,-0.137
2.676,4.068
3.082,4.27
1.13,4.151
-0.096,1.487
-0.08,0.134
-0.104,-1.703
-0.076,0.808
-0.128,-0.414
-0.233,-0.836
-0.19,-1.174
-0.227,-0.049
-0.267,1.42
-0.344,-0.408
-0.439,0.214
-0.534,0.014
-0.536,0.137
-0.72,1.704
-0.753,1.092
-0.793,-0.477
-0.794,0.929
-0.874,0.045
-0.909,0.742
-0.848,-0.523
-0.848,0.111
-0.912,-1.718
-1.171,-0.095
-1.117,-0.676
-1.157,0.15
-1.165,-1.68
-1.24,-0.529
-1.186,1.227
-1.195,0.468
-1.336,0.741
-1.54,-1.691
-1.523,0.133
-1.607,-1.066
-1.632,-0.452
-1.573,0.035
-1.631,-1.457
-1.647,0.182
-1.592,0.005
-1.602,-1.826
-1.672,0.179
-1.681,0.08
-1.904,1.913
-1.982,-0.777
-2.124,-0.906
-2.212,0.757
-2.172,1.435
-2.244,-0.195
-2.191,1.92
-2.189,0.48
-2.885,-2.104
-2.857,-2.169
2.712,-2.261
2.36,-1.941
1.663,-2.056
1.485,-2.166
1.196,-2.261
1.173,-2.367
0.905,-2.319
0.528,-1.876
0.606,-2.149
0.065,-2.022
0.058,-2.108
-0.141,-2.04
-0.793,-2.36
-1.041,-1.97
-1.302,-1.987
-1.471,-2.09
-1.577,-2.054
-2.109,-2.191
-2.598,2.479
-2.528,2.386
-2.753,2.424
3.119,2.359
2.52,2.492
2.51,2.235
1.151,2.179
1.149,2.23
0.714,2.152
0.465,2.381
0.467,2.443
-0.409,2.178
-0.63,2.448
-0.631,2.453
-1.488,2.294
-1.564,2.257
-1.986,2.536
-2.139,2.305
-2.757,-0.817
3.073,-1.452
1.086,2.045
1.02,1.047
-1.055,0.668
-1.804,1.989
-1.706,2.276
-2.374,-0.843
-2.435,0.428
-2.379,1.076
-2.476,1.879
-2.609,-0.647
-2.7,0.605
-2.677,0.679
-2.714,-0.251
-2.706,-0.67
-2.718,-0.106
-2.875,-0.691
-2.93,-0.602
-3.086,1.73
3.11,-0.193
2.918,0.342
2.999,0.057
2.917,-0.546
2.789,-1.789
2.802,1.933
2.925,1.568
2.891,0.505
2.879,1.141
2.841,-1.359
2.665,1.311
2.606,1.803
2.713,-0.301
2.374,0.885
2.194,-0.143
1.977,-0.517
1.733,0.504
1.571,1.634
1.676,-0.585
1.515,-0.144
1.482,-0.611
1.465,-0.448
1.419,0.726
1.526,-0.715
1.463,-0.95
1.242,1.759
1.294,0.237
1.272,0.65
1.209,-0.64
1.211,-1.632
1.079,0.118
1.179,0.944
1.167,0.035
1.138,0.818
0.982,-0.811
0.905,-1.677
1.066,1.554
0.949,1.187
0.812,-1.75
0.808,2.072
0.792,1.651
0.665,0.662
0.527,-1.208
0.516,1.072
0.428,1.533
0.436,-1.088
0.421,-0.802
0.282,0.668
0.095,1.022
0.193,2.078
0.017,-0.286
-0.052,-0.68
-0.052,1.834
-0.037,-0.834
-0.278,0.526
-0.182,-0.465
-0.288,1.391
-0.405,-1.154
-0.452,1.571
-0.594,-1.378
-0.686,2.077
-0.821,0.723
-0.701,-1.527
-0.929,0.494
-0.863,-0.533
-0.844,-0.39
-1.011,-1.522
-1.072,1.846
-1.042,2.169
-1.215,1.833
-1.132,0.356
-1.277,-0.322
-1.207,0.813
-1.35,-1.033
-1.659,-1.655
-1.892,-0.824
-1.789,0.946
-1.775,-0.958
-1.942,0.707
-1.97,0.807
-1.834,-0.839
-2.008,1.387
-2.401,-2.083
-2.307,-2.246
-2.363,-2.155
1.996,-2.006
1.931,-2.181
1.976,-1.86
1.661,-2.073
1.516,-2.208
1.338,-2.065
0.984,-2.159
0.759,-2.33
0.139,-2.052
0.005,-1.97
-0.142,-2.358
-0.331,-2.293
-0.651,-2.065
-1.446,-2.103
-2.996,2.43
2.801,2.296
2.736,2.243
2.548,2.159
1.634,2.11
0.787,2.291
0.093,2.264
-1.191,2.412
-1.513,2.101
-1.899,2.32
1.525,0.288
3.041,-1.431
2.678,-0.519
1.34,-0.508
0.181,1.089
-0.279,-1.143
-0.543,1.032
-0.599,0.869
-0.621,-0.829
-0.627,-1.136
-1.484,-0.522
-1.392,0.74
-1.506,-0.367
-1.578,1.143
-2.13,0.362
-2.852,-0.83
1.408,1.438
1.252,0.143
0.138,1.298
-0.572,-0.717
2.893,-2.002
3.06,2.203
-2.817,2.405
1.514,2.286
0.016,-1.353
-0.008,-3.19
0.02,-0.679
-0.032,-1.901
-0.137,-2.323
-0.094,-2.661
-0.131,-1.536
-0.171,-0.067
-0.248,-1.895
-0.343,-1.273
-0.438,-1.473
-0.44,-1.35
-0.624,0.217
-0.657,-0.395
-0.697,-1.964
-0.698,-0.558
-0.778,-1.442
-0.813,-0.745
-0.752,-2.01
-0.752,-1.376
-0.816,-3.205
-1.075,-1.582
-1.021,-2.163
-1.061,-1.337
-1.069,-3.167
-1.144,-2.016
-1.09,-0.26
-1.099,-1.019
-1.24,-0.746
-1.444,-3.178
-1.427,-1.354
-1.511,-2.553
-1.536,-1.939
-1.477,-1.452
-1.535,-2.944
-1.551,-1.305
-1.496,-1.482
-1.506,-3.313
-1.576,-1.308
-1.585,-1.407
-1.808,0.426
-1.886,-2.264
-2.028,-2.393
-2.116,-0.73
-2.076,-0.052
-2.148,-1.682
-2.095,0.433
-2.093,-1.007
-2.789,-3.591
-2.761,-3.656
2.808,-3.748
2.456,-3.428
1.759,-3.543
1.581,-3.653
1.292,-3.748
1.269,-3.854
1.001,-3.806
0.624,-3.363
0.702,-3.636
0.161,-3.509
0.154,-3.595
-0.045,-3.527
-0.697,-3.847
-0.945,-3.457
-1.206,-3.474
-1.375,-3.577
-1.481,-3.541
-2.013,-3.678
-2.502,0.992
-2.432,0.899
-2.657,0.937
-3.068,0.872
2.616,1.005
2.606,0.748
1.247,0.692
1.245,0.743
0.81,0.665
0.561,0.894
0.563,0.956
-0.313,0.691
-0.534,0.961
-0.535,0.966
-1.392,0.807
-1.468,0.77
-1.89,1.049
-2.043,0.818
-2.661,-2.304
-3.114,-2.939
1.182,0.558
1.116,-0.44
-0.959,-0.819
-1.708,0.502
-1.61,0.789
-2.278,-2.33
-2.339,-1.059
-2.283,-0.411
-2.38,0.392
-2.513,-2.134
-2.604,-0.882
-2.581,-0.808
-2.618,-1.738
-2.61,-2.157
-2.622,-1.593
-2.779,-2.178
-2.834,-2.089
-2.99,0.243
-3.077,-1.68
3.014,-1.145
3.095,-1.43
3.013,-2.033
2.885,-3.276
2.898,0.446
3.021,0.081
2.987,-0.982
2.975,-0.346
2.937,-2.846
2.761,-0.176
2.702,0.316
2.809,-1.788
2.47,-0.602
2.29,-1.63
2.073,-2.004
1.829,-0.983
1.667,0.147
1.772,-2.072
1.611,-1.631
1.578,-2.098
1.561,-1.935
1.515,-0.761
1.622,-2.202
1.559,-2.437
1.338,0.272
1.39,-1.25
1.368,-0.837
1.305,-2.127
1.307,-3.119
1.175,-1.369
1.275,-0.543
1.263,-1.452
1.234,-0.669
1.078,-2.298
1.001,-3.164
1.162,0.067
1.045,-0.3
0.908,-3.237
0.904,0.585
0.888,0.164
0.761,-0.825
0.623,-2.695
0.612,-0.415
0.524,0.046
0.532,-2.575
0.517,-2.289
0.378,-0.819
0.191,-0.465
0.289,0.591
0.113,-1.773
0.044,-2.167
0.044,0.347
0.059,-2.321
-0.182,-0.961
-0.086,-1.952
-0.192,-0.096
-0.309,-2.641
-0.356,0.084
-0.498,-2.865
-0.59,0.59
-0.725,-0.764
-0.605,-3.014
-0.833,-0.993
-0.767,-2.02
-0.748,-1.877
-0.915,-3.009
-0.976,0.359
-0.946,0.682
-1.119,0.346
-1.036,-1.131
-1.181,-1.809
-1.111,-0.674
-1.254,-2.52
-1.563,-3.142
-1.796,-2.311
-1.693,-0.541
-1.679,-2.445
-1.846,-0.78
-1.874,-0.68
-1.738,-2.326
-1.912,-0.1
-2.305,-3.57
-2.211,-3.733
-2.267,-3.642
2.092,-3.493
2.027,-3.668
2.072,-3.347
1.757,-3.56
1.612,-3.695
1.434,-3.552
1.08,-3.646
0.855,-3.817
0.235,-3.539
0.101,-3.457
-0.046,-3.845
-0.235,-3.78
-0.555,-3.552
-1.35,-3.59
-2.9,0.943
2.897,0.809
2.832,0.756
2.644,0.672
1.73,0.623
0.883,0.804
0.189,0.777
-1.095,0.925
-1.417,0.614
-1.803,0.833
1.621,-1.199
3.137,-2.918
2.774,-2.006
1.436,-1.995
0.277,-0.398
-0.183,-2.63
-0.447,-0.455
-0.503,-0.618
-0.525,-2.316
-0.531,-2.623
-1.388,-2.009
-1.296,-0.747
-1.41,-1.854
-1.482,-0.344
-2.034,-1.125
-2.756,-2.317
1.504,-0.049
1.348,-1.344
0.234,-0.189
-0.476,-2.204
2.989,-3.489
-3.127,0.716
-2.721,0.918
1.61,0.799
-0.024,-1.837
0.004,0.674
-0.048,-0.548
-0.153,-0.97
-0.11,-1.308
-0.147,-0.183
-0.187,1.286
-0.264,-0.542
-0.359,0.08
-0.454,-0.12
-0.456,0.003
-0.64,1.57
-0.673,0.958
-0.713,-0.611
-0.714,0.795
-0.794,-0.089
-0.829,0.608
-0.768,-0.657
-0.768,-0.023
-0.832,-1.852
-1.091,-0.229
-1.037,-0.81
-1.077,0.016
-1.085,-1.814
-1.16,-0.663
-1.106,1.093
-1.115,0.334
-1.256,0.607
-1.46,-1.825
-1.443,-0.001
-1.527,-1.2
-1.552,-0.586
-1.493,-0.099
-1.551,-1.591
-1.567,0.048
-1.512,-0.129
-1.522,-1.96
-1.592,0.045
-1.601,-0.054
-1.824,1.779
-1.902,-0.911
-2.044,-1.04
-2.132,0.623
-2.092,1.301
-2.164,-0.329
-2.111,1.786
-2.109,0.346
-2.805,-2.238
-2.777,-2.303
2.792,-2.395
2.44,-2.075
1.743,-2.19
1.565,-2.3
1.276,-2.395
1.253,-2.501
0.985,-2.453
0.608,-2.01
0.686,-2.283
0.145,-2.156
0.138,-2.242
-0.061,-2.174
-0.713,-2.494
-0.961,-2.104
-1.222,-2.121
-1.391,-2.224
-1.497,-2.188
-2.029,-2.325
-2.518,2.345
-2.448,2.252
-2.673,2.29
-3.084,2.225
2.6,2.358
2.59,2.101
1.231,2.045
1.229,2.096
0.794,2.018
0.545,2.247
0.547,2.309
-0.329,2.044
-0.55,2.314
-0.551,2.319
-1.408,2.16
-1.484,2.123
-1.906,2.402
-2.059,2.171
-2.677,-0.951
-3.13,-1.586
1.166,1.911
1.1,0.913
-0.975,0.534
-1.724,1.855
-1.626,2.142
-2.294,-0.977
-2.355,0.294
-2.299,0.942
-2.396,1.745
-2.529,-0.781
-2.62,0.471
-2.597,0.545
-2.634,-0.385
-2.626,-0.804
-2.638,-0.24
-2.795,-0.825
-2.85,-0.736
-3.006,1.596
-3.093,-0.327
2.998,0.208
3.079,-0.077
2.997,-0.68
2.869,-1.923
2.882,1.799
3.005,1.434
2.971,0.371
2.959,1.007
2.921,-1.493
2.745,1.177
2.686,1.669
2.793,-0.435
2.454,0.751
2.274,-0.277
2.057,-0.651
1.813,0.37
1.651,1.5
1.756,-0.719
1.595,-0.278
1.562,-0.745
1.545,-0.582
1.499,0.592
1.606,-0.849
1.543,-1.084
1.322,1.625
1.374,0.103
1.352,0.516
1.289,-0.774
1.291,-1.766
1.159,-0.016
1.259,0.81
1.247,-0.099
1.218,0.684
1.062,-0.945
0.985,-1.811
1.146,1.42
1.029,1.053
0.892,-1.884
0.888,1.938
0.872,1.517
0.745,0.528
0.607,-1.342
0.596,0.938
0.508,1.399
0.516,-1.222
0.501,-0.936
0.362,0.534
0.175,0.888
0.273,1.944
0.097,-0.42
0.028,-0.814
0.028,1.7
0.043,-0.968
-0.198,0.392
-0.102,-0.599
-0.208,1.257
-0.325,-1.288
-0.372,1.437
-0.514,-1.512
-0.606,1.943
-0.741,0.589
-0.621,-1.661
-0.849,0.36
-0.783,-0.667
-0.764,-0.524
-0.931,-1.656
-0.992,1.712
-0.962,2.035
-1.135,1.699
-1.052,0.222
-1.197,-0.456
-1.127,0.679
-1.27,-1.167
-1.579,-1.789
-1.812,-0.958
-1.709,0.812
-1.695,-1.092
-1.862,0.573
-1.89,0.673
-1.754,-0.973
-1.928,1.253
-2.321,-2.217
-2.227,-2.38
-2.283,-2.289
2.076,-2.14
2.011,-2.315
2.056,-1.994
1.741,-2.207
1.596,-2.342
1.418,-2.199
1.064,-2.293
0.839,-2.464
0.219,-2.186
0.085,-2.104
-0.062,-2.492
-0.251,-2.427
-0.571,-2.199
-1.366,-2.237
-2.916,2.296
2.881,2.162
2.816,2.109
2.628,2.025
1.714,1.976
0.867,2.157
0.173,2.13
-1.111,2.278
-1.433,1.967
-1.819,2.186
1.605,0.154
3.121,-1.565
2.758,-0.653
1.42,-0.642
0.261,0.955
-0.199,-1.277
-0.463,0.898
-0.519,0.735
-0.541,-0.963
-0.547,-1.27
-1.404,-0.656
-1.312,0.606
-1.426,-0.501
-1.498,1.009
-2.05,0.228
-2.772,-0.964
1.488,1.304
1.332,0.009
0.218,1.164
-0.492,-0.851
2.973,-2.136
3.14,2.069
-2.737,2.271
1.594,2.152
0.028,2.511
-0.024,1.289
-0.129,0.867
-0.086,0.529
-0.123,1.654
-0.163,3.123
-0.24,1.295
-0.335,1.917
-0.43,1.717
-0.432,1.84
-0.616,3.407
-0.649,2.795
-0.689,1.226
-0.69,2.632
-0.77,1.748
-0.805,2.445
-0.744,1.18
-0.744,1.814
-0.808,-0.015
-1.067,1.608
-1.013,1.027
-1.053,1.853
-1.061,0.023
-1.136,1.174
-1.082,2.93
-1.091,2.171
-1.232,2.444
-1.436,0.012
-1.419,1.836
-1.503,0.637
-1.528,1.251
-1.469,1.738
-1.527,0.246
-1.543,1.885
-1.488,1.708
-1.498,-0.123
-1.568,1.882
-1.577,1.783
-1.8,3.616
-1.878,0.926
-2.02,0.797
-2.108,2.46
-2.068,3.138
-2.14,1.508
-2.087,3.623
-2.085,2.183
-2.781,-0.401
-2.753,-0.466
2.816,-0.558
2.464,-0.238
1.767,-0.353
1.589,-0.463
1.3,-0.558
1.277,-0.664
1.009,-0.616
0.632,-0.173
0.71,-0.446
0.169,-0.319
0.162,-0.405
-0.037,-0.337
-0.689,-0.657
-0.937,-0.267
-1.198,-0.284
-1.367,-0.387
-1.473,-0.351
-2.005,-0.488
-2.494,4.182
-2.424,4.089
-2.649,4.127
-3.06,4.062
2.624,4.195
2.614,3.938
1.255,3.882
1.253,3.933
0.818,3.855
0.569,4.084
0.571,4.146
-0.305,3.881
-0.526,4.151
-0.527,4.156
-1.384,3.997
-1.46,3.96
-1.882,4.239
-2.035,4.008
-2.653,0.886
-3.106,0.251
1.19,3.748
1.124,2.75
-0.951,2.371
-1.7,3.692
-1.602,3.979
-2.27,0.86
-2.331,2.131
-2.275,2.779
-2.372,3.582
-2.505,1.056
-2.596,2.308
-2.573,2.382
-2.61,1.452
-2.602,1.033
-2.614,1.597
-2.771,1.012
-2.826,1.101
-2.982,3.433
-3.069,1.51
3.022,2.045
3.103,1.76
3.021,1.157
2.893,-0.086
2.906,3.636
3.029,3.271
2.995,2.208
2.983,2.844
2.945,0.344
2.769,3.014
2.71,3.506
2.817,1.402
2.478,2.588
2.298,1.56
2.081,1.186
1.837,2.207
1.675,3.337
1.78,1.118
1.619,1.559
1.586,1.092
1.569,1.255
1.523,2.429
1.63,0.988
1.567,0.753
1.346,3.462
1.398,1.94
1.376,2.353
1.313,1.063
1.315,0.071
1.183,1.821
1.283,2.647
1.271,1.738
1.242,2.521
1.086,0.892
1.009,0.026
1.17,3.257
1.053,2.89
0.916,-0.047
0.912,3.775
0.896,3.354
0.769,2.365
0.631,0.495
0.62,2.775
0.532,3.236
0.54,0.615
0.525,0.901
0.386,2.371
0.199,2.725
0.297,3.781
0.121,1.417
0.052,1.023
0.052,3.537
0.067,0.869
-0.174,2.229
-0.078,1.238
-0.184,3.094
-0.301,0.549
-0.348,3.274
-0.49,0.325
-0.582,3.78
-0.717,2.426
-0.597,0.176
-0.825,2.197
-0.759,1.17
-0.74,1.313
-0.907,0.181
-0.968,3.549
-0.938,3.872
-1.111,3.536
-1.028,2.059
-1.173,1.381
-1.103,2.516
-1.246,0.67
-1.555,0.048
-1.788,0.879
-1.685,2.649
-1.671,0.745
-1.838,2.41
-1.866,2.51
-1.73,0.864
-1.904,3.09
-2.297,-0.38
-2.203,-0.543
-2.259,-0.452
2.1,-0.303
2.035,-0.478
2.08,-0.157
1.765,-0.37
1.62,-0.505
1.442,-0.362
1.088,-0.456
0.863,-0.627
0.243,-0.349
0.109,-0.267
-0.038,-0.655
-0.227,-0.59
-0.547,-0.362
-1.342,-0.4
-2.892,4.133
2.905,3.999
2.84,3.946
2.652,3.862
1.738,3.813
0.891,3.994
0.197,3.967
-1.087,4.115
-1.409,3.804
-1.795,4.023
1.629,1.991
-3.138,0.272
2.782,1.184
1.444,1.195
0.285,2.792
-0.175,0.56
-0.439,2.735
-0.495,2.572
-0.517,0.874
-0.523,0.567
-1.38,1.181
-1.288,2.443
-1.402,1.336
-1.474,2.846
-2.026,2.065
-2.748,0.873
1.512,3.141
1.356,1.846
0.242,3.001
-0.468,0.986
2.997,-0.299
-3.119,3.906
-2.713,4.108
1.618,3.989
-0.052,-1.222
-0.157,-1.644
-0.114,-1.982
-0.151,-0.857
-0.191,0.612
-0.268,-1.216
-0.363,-0.594
-0.458,-0.794
-0.46,-0.671
-0.644,0.896
-0.677,0.284
-0.717,-1.285
-0.718,0.121
-0.798,-0.763
-0.833,-0.066
-0.772,-1.331
-0.772,-0.697
-0.836,-2.526
-1.095,-0.903
-1.041,-1.484
-1.081,-0.658
-1.089,-2.488
-1.164,-1.337
-1.11,0.419
-1.119,-0.34
-1.26,-0.067
-1.464,-2.499
-1.447,-0.675
-1.531,-1.874
-1.556,-1.26
-1.497,-0.773
-1.555,-2.265
-1.571,-0.626
-1.516,-0.803
-1.526,-2.634
-1.596,-0.629
-1.605,-0.728
-1.828,1.105
-1.906,-1.585
-2.048,-1.714
-2.136,-0.051
-2.096,0.627
-2.168,-1.003
-2.115,1.112
-2.113,-0.328
-2.809,-2.912
-2.781,-2.977
2.788,-3.069
2.436,-2.749
1.739,-2.864
1.561,-2.974
1.272,-3.069
1.249,-3.175
0.981,-3.127
0.604,-2.684
0.682,-2.957
0.141,-2.83
0.134,-2.916
-0.065,-2.848
-0.717,-3.168
-0.965,-2.778
-1.226,-2.795
-1.395,-2.898
-1.501,-2.862
-2.033,-2.999
-2.522,1.671
-2.452,1.578
-2.677,1.616
-3.088,1.551
2.596,1.684
2.586,1.427
1.227,1.371
1.225,1.422
0.79,1.344
0.541,1.573
0.543,1.635
-0.333,1.37
-0.554,1.64
-0.555,1.645
-1.412,1.486
-1.488,1.449
-1.91,1.728
-2.063,1.497
-2.681,-1.625
-3.134,-2.26
1.162,1.237
1.096,0.239
-0.979,-0.14
-1.728,1.181
-1.63,1.468
-2.298,-1.651
-2.359,-0.38
-2.303,0.268
-2.4,1.071
-2.533,-1.455
-2.624,-0.203
-2.601,-0.129
-2.638,-1.059
-2.63,-1.478
-2.642,-0.914
-2.799,-1.499
-2.854,-1.41
-3.01,0.922
-3.097,-1.001
2.994,-0.466
3.075,-0.751
2.993,-1.354
2.865,-2.597
2.878,1.125
3.001,0.76
2.967,-0.303
2.955,0.333
2.917,-2.167
2.741,0.503
2.682,0.995
2.789,-1.109
2.45,0.077
2.27,-0.951
2.053,-1.325
1.809,-0.304
1.647,0.826
1.752,-1.393
1.591,-0.952
1.558,-1.419
1.541,-1.256
1.495,-0.082
1.602,-1.523
1.539,-1.758
1.318,0.951
1.37,-0.571
1.348,-0.158
1.285,-1.448
1.287,-2.44
1.155,-0.69
1.255,0.136
1.243,-0.773
1.214,0.01
1.058,-1.619
0.981,-2.485
1.142,0.746
1.025,0.379
0.888,-2.558
0.884,1.264
0.868,0.843
0.741,-0.146
0.603,-2.016
0.592,0.264
0.504,0.725
0.512,-1.896
0.497,-1.61
0.358,-0.14
0.171,0.214
0.269,1.27
0.093,-1.094
0.024,-1.488
0.024,1.026
0.039,-1.642
-0.202,-0.282
-0.106,-1.273
-0.212,0.583
-0.329,-1.962
-0.376,0.763
-0.518,-2.186
-0.61,1.269
-0.745,-0.085
-0.625,-2.335
-0.853,-0.314
-0.787,-1.341
-0.768,-1.198
-0.935,-2.33
-0.996,1.038
-0.966,1.361
-1.139,1.025
-1.056,-0.452
-1.201,-1.13
-1.131,0.005
-1.274,-1.841
-1.583,-2.463
-1.816,-1.632
-1.713,0.138
-1.699,-1.766
-1.866,-0.101
-1.894,-0.001
-1.758,-1.647
-1.932,0.579
-2.325,-2.891
-2.231,-3.054
-2.287,-2.963
2.072,-2.814
2.007,-2.989
2.052,-2.668
1.737,-2.881
1.592,-3.016
1.414,-2.873
1.06,-2.967
0.835,-3.138
0.215,-2.86
0.081,-2.778
-0.066,-3.166
-0.255,-3.101
-0.575,-2.873
-1.37,-2.911
-2.92,1.622
2.877,1.488
2.812,1.435
2.624,1.351
1.71,1.302
0.863,1.483
0.169,1.456
-1.115,1.604
-1.437,1.293
-1.823,1.512
1.601,-0.52
3.117,-2.239
2.754,-1.327
1.416,-1.316
0.257,0.281
-0.203,-1.951
-0.467,0.224
-0.523,0.061
-0.545,-1.637
-0.551,-1.944
-1.408,-1.33
-1.316,-0.068
-1.43,-1.175
-1.502,0.335
-2.054,-0.446
-2.776,-1.638
1.484,0.63
1.328,-0.665
0.214,0.49
-0.496,-1.525
2.969,-2.81
3.136,1.395
-2.741,1.597
1.59,1.478
-0.105,-0.422
-0.062,-0.76
-0.099,0.365
-0.139,1.834
-0.216,0.006
-0.311,0.628
-0.406,0.428
-0.408,0.551
-0.592,2.118
-0.625,1.506
-0.665,-0.063
-0.666,1.343
-0.746,0.459
-0.781,1.156
-0.72,-0.109
-0.72,0.525
-0.784,-1.304
-1.043,0.319
-0.989,-0.262
-1.029,0.564
-1.037,-1.266
-1.112,-0.115
-1.058,1.641
-1.067,0.882
-1.208,1.155
-1.412,-1.277
-1.395,0.547
-1.479,-0.652
-1.504,-0.038
-1.445,0.449
-1.503,-1.043
-1.519,0.596
-1.464,0.419
-1.474,-1.412
-1.544,0.593
-1.553,0.494
-1.776,2.327
-1.854,-0.363
-1.996,-0.492
-2.084,1.171
-2.044,1.849
-2.116,0.219
-2.063,2.334
-2.061,0.894
-2.757,-1.69
-2.729,-1.755
2.84,-1.847
2.488,-1.527
1.791,-1.642
1.613,-1.752
1.324,-1.847
1.301,-1.953
1.033,-1.905
0.656,-1.462
0.734,-1.735
0.193,-1.608
0.186,-1.694
-0.013,-1.626
-0.665,-1.946
-0.913,-1.556
-1.174,-1.573
-1.343,-1.676
-1.449,-1.64
-1.981,-1.777
-2.47,2.893
-2.4,2.8
-2.625,2.838
-3.036,2.773
2.648,2.906
2.638,2.649
1.279,2.593
1.277,2.644
0.842,2.566
0.593,2.795
0.595,2.857
-0.281,2.592
-0.502,2.862
-0.503,2.867
-1.36,2.708
-1.436,2.671
-1.858,2.95
-2.011,2.719
-2.629,-0.403
-3.082,-1.038
1.214,2.459
1.148,1.461
-0.927,1.082
-1.676,2.403
-1.578,2.69
-2.246,-0.429
-2.307,0.842
-2.251,1.49
-2.348,2.293
-2.481,-0.233
-2.572,1.019
-2.549,1.093
-2.586,0.163
-2.578,-0.256
-2.59,0.308
-2.747,-0.277
-2.802,-0.188
-2.958,2.144
-3.045,0.221
3.046,0.756
3.127,0.471
3.045,-0.132
2.917,-1.375
2.93,2.347
3.053,1.982
3.019,0.919
3.007,1.555
2.969,-0.945
2.793,1.725
2.734,2.217
2.841,0.113
2.502,1.299
2.322,0.271
2.105,-0.103
1.861,0.918
1.699,2.048
1.804,-0.171
1.643,0.27
1.61,-0.197
1.593,-0.034
1.547,1.14
1.654,-0.301
1.591,-0.536
1.37,2.173
1.422,0.651
1.4,1.064
1.337,-0.226
1.339,-1.218
1.207,0.532
1.307,1.358
1.295,0.449
1.266,1.232
1.11,-0.397
1.033,-1.263
1.194,1.968
1.077,1.601
0.94,-1.336
0.936,2.486
0.92,2.065
0.793,1.076
0.655,-0.794
0.644,1.486
0.556,1.947
0.564,-0.674
0.549,-0.388
0.41,1.082
0.223,1.436
0.321,2.492
0.145,0.128
0.076,-0.266
0.076,2.248
0.091,-0.42
-0.15,0.94
-0.054,-0.051
-0.16,1.805
-0.277,-0.74
-0.324,1.985
-0.466,-0.964
-0.558,2.491
-0.693,1.137
-0.573,-1.113
-0.801,0.908
-0.735,-0.119
-0.716,0.024
-0.883,-1.108
-0.944,2.26
-0.914,2.583
-1.087,2.247
-1.004,0.77
-1.149,0.092
-1.079,1.227
-1.222,-0.619
-1.531,-1.241
-1.764,-0.41
-1.661,1.36
-1.647,-0.544
-1.814,1.121
-1.842,1.221
-1.706,-0.425
-1.88,1.801
-2.273,-1.669
-2.179,-1.832
-2.235,-1.741
2.124,-1.592
2.059,-1.767
2.104,-1.446
1.789,-1.659
1.644,-1.794
1.466,-1.651
1.112,-1.745
0.887,-1.916
0.267,-1.638
0.133,-1.556
-0.014,-1.944
-0.203,-1.879
-0.523,-1.651
-1.318,-1.689
-2.868,2.844
2.929,2.71
2.864,2.657
2.676,2.573
1.762,2.524
0.915,2.705
0.221,2.678
-1.063,2.826
-1.385,2.515
-1.771,2.734
1.653,0.702
-3.114,-1.017
2.806,-0.105
1.468,-0.094
0.309,1.503
-0.151,-0.729
-0.415,1.446
-0.471,1.283
-0.493,-0.415
-0.499,-0.722
-1.356,-0.108
-1.264,1.154
-1.378,0.047
-1.45,1.557
-2.002,0.776
-2.724,-0.416
1.536,1.852
1.38,0.557
0.266,1.712
-0.444,-0.303
3.021,-1.588
-3.095,2.617
-2.689,2.819
1.642,2.7
0.043,-0.338
0.006,0.787
-0.034,2.256
-0.111,0.428
-0.206,1.05
-0.301,0.85
-0.303,0.973
-0.487,2.54
-0.52,1.928
-0.56,0.359
-0.561,1.765
-0.641,0.881
-0.676,1.578
-0.615,0.313
-0.615,0.947
-0.679,-0.882
-0.938,0.741
-0.884,0.16
-0.924,0.986
-0.932,-0.844
-1.007,0.307
-0.953,2.063
-0.962,1.304
-1.103,1.577
-1.307,-0.855
-1.29,0.969
-1.374,-0.23
-1.399,0.384
-1.34,0.871
-1.398,-0.621
-1.414,1.018
-1.359,0.841
-1.369,-0.99
-1.439,1.015
-1.448,0.916
-1.671,2.749
-1.749,0.059
-1.891,-0.07
-1.979,1.593
-1.939,2.271
-2.011,0.641
-1.958,2.756
-1.956,1.316
-2.652,-1.268
-2.624,-1.333
2.945,-1.425
2.593,-1.105
1.896,-1.22
1.718,-1.33
1.429,-1.425
1.406,-1.531
1.138,-1.483
0.761,-1.04
0.839,-1.313
0.298,-1.186
0.291,-1.272
0.092,-1.204
-0.56,-1.524
-0.808,-1.134
-1.069,-1.151
-1.238,-1.254
-1.344,-1.218
-1.876,-1.355
-2.365,3.315
-2.295,3.222
-2.52,3.26
-2.931,3.195
2.753,3.328
2.743,3.071
1.384,3.015
1.382,3.066
0.947,2.988
0.698,3.217
0.7,3.279
-0.176,3.014
-0.397,3.284
-0.398,3.289
-1.255,3.13
-1.331,3.093
-1.753,3.372
-1.906,3.141
-2.524,0.019
-2.977,-0.616
1.319,2.881
1.253,1.883
-0.822,1.504
-1.571,2.825
-1.473,3.112
-2.141,-0.007
-2.202,1.264
-2.146,1.912
-2.243,2.715
-2.376,0.189
-2.467,1.441
-2.444,1.515
-2.481,0.585
-2.473,0.166
-2.485,0.73
-2.642,0.145
-2.697,0.234
-2.853,2.566
-2.94,0.643
-3.132,1.178
-3.051,0.893
-3.133,0.29
3.022,-0.953
3.035,2.769
-3.125,2.404
3.124,1.341
3.112,1.977
3.074,-0.523
2.898,2.147
2.839,2.639
2.946,0.535
2.607,1.721
2.427,0.693
2.21,0.319
1.966,1.34
1.804,2.47
1.909,0.251
1.748,0.692
1.715,0.225
1.698,0.388
1.652,1.562
1.759,0.121
1.696,-0.114
1.475,2.595
1.527,1.073
1.505,1.486
1.442,0.196
1.444,-0.796
1.312,0.954
1.412,1.78
1.4,0.871
1.371,1.654
1.215,0.025
1.138,-0.841
1.299,2.39
1.182,2.023
1.045,-0.914
1.041,2.908
1.025,2.487
0.898,1.498
0.76,-0.372
0.749,1.908
0.661,2.369
0.669,-0.252
0.654,0.034
0.515,1.504
0.328,1.858
0.426,2.914
0.25,0.55
0.181,0.156
0.181,2.67
0.196,0.002
-0.045,1.362
0.051,0.371
-0.055,2.227
-0.172,-0.318
-0.219,2.407
-0.361,-0.542
-0.453,2.913
-0.588,1.559
-0.468,-0.691
-0.696,1.33
-0.63,0.303
-0.611,0.446
-0.778,-0.686
-0.839,2.682
-0.809,3.005
-0.982,2.669
-0.899,1.192
-1.044,0.514
-0.974,1.649
-1.117,-0.197
-1.426,-0.819
-1.659,0.012
-1.556,1.782
-1.542,-0.122
-1.709,1.543
-1.737,1.643
-1.601,-0.003
-1.775,2.223
-2.168,-1.247
-2.074,-1.41
-2.13,-1.319
2.229,-1.17
2.164,-1.345
2.209,-1.024
1.894,-1.237
1.749,-1.372
1.571,-1.229
1.217,-1.323
0.992,-1.494
0.372,-1.216
0.238,-1.134
0.091,-1.522
-0.098,-1.457
-0.418,-1.229
-1.213,-1.267
-2.763,3.266
3.034,3.132
2.969,3.079
2.781,2.995
1.867,2.946
1.02,3.127
0.326,3.1
-0.958,3.248
-1.28,2.937
-1.666,3.156
1.758,1.124
-3.009,-0.595
2.911,0.317
1.573,0.328
0.414,1.925
-0.046,-0.307
-0.31,1.868
-0.366,1.705
-0.388,0.007
-0.394,-0.3
-1.251,0.314
-1.159,1.576
-1.273,0.469
-1.345,1.979
-1.897,1.198
-2.619,0.006
1.641,2.274
1.485,0.979
0.371,2.134
-0.339,0.119
3.126,-1.166
-2.99,3.039
-2.584,3.241
1.747,3.122
-0.037,1.125
-0.077,2.594
-0.154,0.766
-0.249,1.388
-0.344,1.188
-0.346,1.311
-0.53,2.878
-0.563,2.266
-0.603,0.697
-0.604,2.103
-0.684,1.219
-0.719,1.916
-0.658,0.651
-0.658,1.285
-0.722,-0.544
-0.981,1.079
-0.927,0.498
-0.967,1.324
-0.975,-0.506
-1.05,0.645
-0.996,2.401
-1.005,1.642
-1.146,1.915
-1.35,-0.517
-1.333,1.307
-1.417,0.108
-1.442,0.722
-1.383,1.209
-1.441,-0.283
-1.457,1.356
-1.402,1.179
-1.412,-0.652
-1.482,1.353
-1.491,1.254
-1.714,3.087
-1.792,0.397
-1.934,0.268
-2.022,1.931
-1.982,2.609
-2.054,0.979
-2.001,3.094
-1.999,1.654
-2.695,-0.93
-2.667,-0.995
2.902,-1.087
2.55,-0.767
1.853,-0.882
1.675,-0.992
1.386,-1.087
1.363,-1.193
1.095,-1.145
0.718,-0.702
0.796,-0.975
0.255,-0.848
0.248,-0.934
0.049,-0.866
-0.603,-1.186
-0.851,-0.796
-1.112,-0.813
-1.281,-0.916
-1.387,-0.88
-1.919,-1.017
-2.408,3.653
-2.338,3.56
-2.563,3.598
-2.974,3.533
2.71,3.666
2.7,3.409
1.341,3.353
1.339,3.404
0.904,3.326
0.655,3.555
0.657,3.617
-0.219,3.352
-0.44,3.622
-0.441,3.627
-1.298,3.468
-1.374,3.431
-1.796,3.71
-1.949,3.479
-2.567,0.357
-3.02,-0.278
1.276,3.219
1.21,2.221
-0.865,1.842
-1.614,3.163
-1.516,3.45
-2.184,0.331
-2.245,1.602
-2.189,2.25
-2.286,3.053
-2.419,0.527
-2.51,1.779
-2.487,1.853
-2.524,0.923
-2.516,0.504
-2.528,1.068
-2.685,0.483
-2.74,0.572
-2.896,2.904
-2.983,0.981
3.108,1.516
-3.094,1.231
3.107,0.628
2.979,-0.615
2.992,3.107
3.115,2.742
3.081,1.679
3.069,2.315
3.031,-0.185
2.855,2.485
2.796,2.977
2.903,0.873
2.564,2.059
2.384,1.031
2.167,0.657
1.923,1.678
1.761,2.808
1.866,0.589
1.705,1.03
1.672,0.563
1.655,0.726
1.609,1.9
1.716,0.459
1.653,0.224
1.432,2.933
1.484,1.411
1.462,1.824
1.399,0.534
1.401,-0.458
1.269,1.292
1.369,2.118
1.357,1.209
1.328,1.992
1.172,0.363
1.095,-0.503
1.256,2.728
1.139,2.361
1.002,-0.576
0.998,3.246
0.982,2.825
0.855,1.836
0.717,-0.034
0.706,2.246
0.618,2.707
0.626,0.086
0.611,0.372
0.472,1.842
0.285,2.196
0.383,3.252
0.207,0.888
0.138,0.494
0.138,3.008
0.153,0.34
-0.088,1.7
0.008,0.709
-0.098,2.565
-0.215,0.02
-0.262,2.745
-0.404,-0.204
-0.496,3.251
-0.631,1.897
-0.511,-0.353
-0.739,1.668
-0.673,0.641
-0.654,0.784
-0.821,-0.348
-0.882,3.02
-0.852,3.343
-1.025,3.007
-0.942,1.53
-1.087,0.852
-1.017,1.987
-1.16,0.141
-1.469,-0.481
-1.702,0.35
-1.599,2.12
-1.585,0.216
-1.752,1.881
-1.78,1.981
-1.644,0.335
-1.818,2.561
-2.211,-0.909
-2.117,-1.072
-2.173,-0.981
2.186,-0.832
2.121,-1.007
2.166,-0.686
1.851,-0.899
1.706,-1.034
1.528,-0.891
1.174,-0.985
0.949,-1.156
0.329,-0.878
0.195,-0.796
0.048,-1.184
-0.141,-1.119
-0.461,-0.891
-1.256,-0.929
-2.806,3.604
2.991,3.47
2.926,3.417
2.738,3.333
1.824,3.284
0.977,3.465
0.283,3.438
-1.001,3.586
-1.323,3.275
-1.709,3.494
1.715,1.462
-3.052,-0.257
2.868,0.655
1.53,0.666
0.371,2.263
-0.089,0.031
-0.353,2.206
-0.409,2.043
-0.431,0.345
-0.437,0.038
-1.294,0.652
-1.202,1.914
-1.316,0.807
-1.388,2.317
-1.94,1.536
-2.662,0.344
1.598,2.612
1.442,1.317
0.328,2.472
-0.382,0.457
3.083,-0.828
-3.033,3.377
-2.627,3.579
1.704,3.46
-0.04,1.469
-0.117,-0.359
-0.212,0.263
-0.307,0.063
-0.309,0.186
-0.493,1.753
-0.526,1.141
-0.566,-0.428
-0.567,0.978
-0.647,0.094
-0.682,0.791
-0.621,-0.474
-0.621,0.16
-0.685,-1.669
-0.944,-0.046
-0.89,-0.627
-0.93,0.199
-0.938,-1.631
-1.013,-0.48
-0.959,1.276
-0.968,0.517
-1.109,0.79
-1.313,-1.642
-1.296,0.182
-1.38,-1.017
-1.405,-0.403
-1.346,0.084
-1.404,-1.408
-1.42,0.231
-1.365,0.054
-1.375,-1.777
-1.445,0.228
-1.454,0.129
-1.677,1.962
-1.755,-0.728
-1.897,-0.857
-1.985,0.806
-1.945,1.484
-2.017,-0.146
-1.964,1.969
-1.962,0.529
-2.658,-2.055
-2.63,-2.12
2.939,-2.212
2.587,-1.892
1.89,-2.007
1.712,-2.117
1.423,-2.212
1.4,-2.318
1.132,-2.27
0.755,-1.827
0.833,-2.1
0.292,-1.973
0.285,-2.059
0.086,-1.991
-0.566,-2.311
-0.814,-1.921
-1.075,-1.938
-1.244,-2.041
-1.35,-2.005
-1.882,-2.142
-2.371,2.528
-2.301,2.435
-2.526,2.473
-2.937,2.408
2.747,2.541
2.737,2.284
1.378,2.228
1.376,2.279
0.941,2.201
0.692,2.43
0.694,2.492
-0.182,2.227
-0.403,2.497
-0.404,2.502
-1.261,2.343
-1.337,2.306
-1.759,2.585
-1.912,2.354
-2.53,-0.768
-2.983,-1.403
1.313,2.094
1.247,1.096
-0.828,0.717
-1.577,2.038
-1.479,2.325
-2.147,-0.794
-2.208,0.477
-2.152,1.125
-2.249,1.928
-2.382,-0.598
-2.473,0.654
-2.45,0.728
-2.487,-0.202
-2.479,-0.621
-2.491,-0.057
-2.648,-0.642
-2.703,-0.553
-2.859,1.779
-2.946,-0.144
-3.138,0.391
-3.057,0.106
-3.139,-0.497
3.016,-1.74
3.029,1.982
-3.131,1.617
3.118,0.554
3.106,1.19
3.068,-1.31
2.892,1.36
2.833,1.852
2.94,-0.252
2.601,0.934
2.421,-0.094
2.204,-0.468
1.96,0.553
1.798,1.683
1.903,-0.536
1.742,-0.095
1.709,-0.562
1.692,-0.399
1.646,0.775
1.753,-0.666
1.69,-0.901
1.469,1.808
1.521,0.286
1.499,0.699
1.436,-0.591
1.438,-1.583
1.306,0.167
1.406,0.993
1.394,0.084
1.365,0.867
1.209,-0.762
1.132,-1.628
1.293,1.603
1.176,1.236
1.039,-1.701
1.035,2.121
1.019,1.7
0.892,0.711
0.754,-1.159
0.743,1.121
0.655,1.582
0.663,-1.039
0.648,-0.753
0.509,0.717
0.322,1.071
0.42,2.127
0.244,-0.237
0.175,-0.631
0.175,1.883
0.19,-0.785
-0.051,0.575
0.045,-0.416
-0.061,1.44
-0.178,-1.105
-0.225,1.62
-0.367,-1.329
-0.459,2.126
-0.594,0.772
-0.474,-1.478
-0.702,0.543
-0.636,-0.484
-0.617,-0.341
-0.784,-1.473
-0.845,1.895
-0.815,2.218
-0.988,1.882
-0.905,0.405
-1.05,-0.273
-0.98,0.862
-1.123,-0.984
-1.432,-1.606
-1.665,-0.775
-1.562,0.995
-1.548,-0.909
-1.715,0.756
-1.743,0.856
-1.607,-0.79
-1.781,1.436
-2.174,-2.034
-2.08,-2.197
-2.136,-2.106
2.223,-1.957
2.158,-2.132
2.203,-1.811
1.888,-2.024
1.743,-2.159
1.565,-2.016
1.211,-2.11
0.986,-2.281
0.366,-2.003
0.232,-1.921
0.085,-2.309
-0.104,-2.244
-0.424,-2.016
-1.219,-2.054
-2.769,2.479
3.028,2.345
2.963,2.292
2.775,2.208
1.861,2.159
1.014,2.34
0.32,2.313
-0.964,2.461
-1.286,2.15
-1.672,2.369
1.752,0.337
-3.015,-1.382
2.905,-0.47
1.567,-0.459
0.408,1.138
-0.052,-1.094
-0.316,1.081
-0.372,0.918
-0.394,-0.78
-0.4,-1.087
-1.257,-0.473
-1.165,0.789
-1.279,-0.318
-1.351,1.192
-1.903,0.411
-2.625,-0.781
1.635,1.487
1.479,0.192
0.365,1.347
-0.345,-0.668
3.12,-1.953
-2.996,2.252
-2.59,2.454
1.741,2.335
-0.077,-1.828
-0.172,-1.206
-0.267,-1.406
-0.269,-1.283
-0.453,0.284
-0.486,-0.328
-0.526,-1.897
-0.527,-0.491
-0.607,-1.375
-0.642,-0.678
-0.581,-1.943
-0.581,-1.309
-0.645,-3.138
-0.904,-1.515
-0.85,-2.096
-0.89,-1.27
-0.898,-3.1
-0.973,-1.949
-0.919,-0.193
-0.928,-0.952
-1.069,-0.679
-1.273,-3.111
-1.256,-1.287
-1.34,-2.486
-1.365,-1.872
-1.306,-1.385
-1.364,-2.877
-1.38,-1.238
-1.325,-1.415
-1.335,-3.246
-1.405,-1.241
-1.414,-1.34
-1.637,0.493
-1.715,-2.197
-1.857,-2.326
-1.945,-0.663
-1.905,0.015
-1.977,-1.615
-1.924,0.5
-1.922,-0.94
-2.618,-3.524
-2.59,-3.589
2.979,-3.681
2.627,-3.361
1.93,-3.476
1.752,-3.586
1.463,-3.681
1.44,-3.787
1.172,-3.739
0.795,-3.296
0.873,-3.569
0.332,-3.442
0.325,-3.528
0.126,-3.46
-0.526,-3.78
-0.774,-3.39
-1.035,-3.407
-1.204,-3.51
-1.31,-3.474
-1.842,-3.611
-2.331,1.059
-2.261,0.966
-2.486,1.004
-2.897,0.939
2.787,1.072
2.777,0.815
1.418,0.759
1.416,0.81
0.981,0.732
0.732,0.961
0.734,1.023
-0.142,0.758
-0.363,1.028
-0.364,1.033
-1.221,0.874
-1.297,0.837
-1.719,1.116
-1.872,0.885
-2.49,-2.237
-2.943,-2.872
1.353,0.625
1.287,-0.373
-0.788,-0.752
-1.537,0.569
-1.439,0.856
-2.107,-2.263
-2.168,-0.992
-2.112,-0.344
-2.209,0.459
-2.342,-2.067
-2.433,-0.815
-2.41,-0.741
-2.447,-1.671
-2.439,-2.09
-2.451,-1.526
-2.608,-2.111
-2.663,-2.022
-2.819,0.31
-2.906,-1.613
-3.098,-1.078
-3.017,-1.363
-3.099,-1.966
3.056,-3.209
3.069,0.513
-3.091,0.148
-3.125,-0.915
-3.137,-0.279
3.108,-2.779
2.932,-0.109
2.873,0.383
2.98,-1.721
2.641,-0.535
2.461,-1.563
2.244,-1.937
2.0,-0.916
1.838,0.214
1.943,-2.005
1.782,-1.564
1.749,-2.031
1.732,-1.868
1.686,-0.694
1.793,-2.135
1.73,-2.37
1.509,0.339
1.561,-1.183
1.539,-0.77
1.476,-2.06
1.478,-3.052
1.346,-1.302
1.446,-0.476
1.434,-1.385
1.405,-0.602
1.249,-2.231
1.172,-3.097
1.333,0.134
1.216,-0.233
1.079,-3.17
1.075,0.652
1.059,0.231
0.932,-0.758
0.794,-2.628
0.783,-0.348
0.695,0.113
0.703,-2.508
0.688,-2.222
0.549,-0.752
0.362,-0.398
0.46,0.658
0.284,-1.706
0.215,-2.1
0.215,0.414
0.23,-2.254
-0.011,-0.894
0.085,-1.885
-0.021,-0.029
-0.138,-2.574
-0.185,0.151
-0.327,-2.798
-0.419,0.657
-0.554,-0.697
-0.434,-2.947
-0.662,-0.926
-0.596,-1.953
-0.577,-1.81
-0.744,-2.942
-0.805,0.426
-0.775,0.749
-0.948,0.413
-0.865,-1.064
-1.01,-1.742
-0.94,-0.607
-1.083,-2.453
-1.392,-3.075
-1.625,-2.244
-1.522,-0.474
-1.508,-2.378
-1.675,-0.713
-1.703,-0.613
-1.567,-2.259
-1.741,-0.033
-2.134,-3.503
-2.04,-3.666
-2.096,-3.575
2.263,-3.426
2.198,-3.601
2.243,-3.28
1.928,-3.493
1.783,-3.628
1.605,-3.485
1.251,-3.579
1.026,-3.75
0.406,-3.472
0.272,-3.39
0.125,-3.778
-0.064,-3.713
-0.384,-3.485
-1.179,-3.523
-2.729,1.01
3.068,0.876
3.003,0.823
2.815,0.739
1.901,0.69
1.054,0.871
0.36,0.844
-0.924,0.992
-1.246,0.681
-1.632,0.9
1.792,-1.132
-2.975,-2.851
2.945,-1.939
1.607,-1.928
0.448,-0.331
-0.012,-2.563
-0.276,-0.388
-0.332,-0.551
-0.354,-2.249
-0.36,-2.556
-1.217,-1.942
-1.125,-0.68
-1.239,-1.787
-1.311,-0.277
-1.863,-1.058
-2.585,-2.25
1.675,0.018
1.519,-1.277
0.405,-0.122
-0.305,-2.137
-3.123,-3.422
-2.956,0.783
-2.55,0.985
1.781,0.866
-0.095,0.622
-0.19,0.422
-0.192,0.545
-0.376,2.112
-0.409,1.5
-0.449,-0.069
-0.45,1.337
-0.53,0.453
-0.565,1.15
-0.504,-0.115
-0.504,0.519
-0.568,-1.31
-0.827,0.313
-0.773,-0.268
-0.813,0.558
-0.821,-1.272
-0.896,-0.121
-0.842,1.635
-0.851,0.876
-0.992,1.149
-1.196,-1.283
-1.179,0.541
-1.263,-0.658
-1.288,-0.044
-1.229,0.443
-1.287,-1.049
-1.303,0.59
-1.248,0.413
-1.258,-1.418
-1.328,0.587
-1.337,0.488
-1.56,2.321
-1.638,-0.369
-1.78,-0.498
-1.868,1.165
-1.828,1.843
-1.9,0.213
-1.847,2.328
-1.845,0.888
-2.541,-1.696
-2.513,-1.761
3.056,-1.853
2.704,-1.533
2.007,-1.648
1.829,-1.758
1.54,-1.853
1.517,-1.959
1.249,-1.911
0.872,-1.468
0.95,-1.741
0.409,-1.614
0.402,-1.7
0.203,-1.632
-0.449,-1.952
-0.697,-1.562
-0.958,-1.579
-1.127,-1.682
-1.233,-1.646
-1.765,-1.783
-2.254,2.887
-2.184,2.794
-2.409,2.832
-2.82,2.767
2.864,2.9
2.854,2.643
1.495,2.587
1.493,2.638
1.058,2.56
0.809,2.789
0.811,2.851
-0.065,2.586
-0.286,2.856
-0.287,2.861
-1.144,2.702
-1.22,2.665
-1.642,2.944
-1.795,2.713
-2.413,-0.409
-2.866,-1.044
1.43,2.453
1.364,1.455
-0.711,1.076
-1.46,2.397
-1.362,2.684
-2.03,-0.435
-2.091,0.836
-2.035,1.484
-2.132,2.287
-2.265,-0.239
-2.356,1.013
-2.333,1.087
-2.37,0.157
-2.362,-0.262
-2.374,0.302
-2.531,-0.283
-2.586,-0.194
-2.742,2.138
-2.829,0.215
-3.021,0.75
-2.94,0.465
-3.022,-0.138
3.133,-1.381
-3.137,2.341
-3.014,1.976
-3.048,0.913
-3.06,1.549
-3.098,-0.951
3.009,1.719
2.95,2.211
3.057,0.107
2.718,1.293
2.538,0.265
2.321,-0.109
2.077,0.912
1.915,2.042
2.02,-0.177
1.859,0.264
1.826,-0.203
1.809,-0.04
1.763,1.134
1.87,-0.307
1.807,-0.542
1.586,2.167
1.638,0.645
1.616,1.058
1.553,-0.232
1.555,-1.224
1.423,0.526
1.523,1.352
1.511,0.443
1.482,1.226
1.326,-0.403
1.249,-1.269
1.41,1.962
1.293,1.595
1.156,-1.342
1.152,2.48
1.136,2.059
1.009,1.07
0.871,-0.8
0.86,1.48
0.772,1.941
0.78,-0.68
0.765,-0.394
0.626,1.076
0.439,1.43
0.537,2.486
0.361,0.122
0.292,-0.272
0.292,2.242
0.307,-0.426
0.066,0.934
0.162,-0.057
0.056,1.799
-0.061,-0.746
-0.108,1.979
-0.25,-0.97
-0.342,2.485
-0.477,1.131
-0.357,-1.119
-0.585,0.902
-0.519,-0.125
-0.5,0.018
-0.667,-1.114
-0.728,2.254
-0.698,2.577
-0.871,2.241
-0.788,0.764
-0.933,0.086
-0.863,1.221
-1.006,-0.625
-1.315,-1.247
-1.548,-0.416
-1.445,1.354
-1.431,-0.55
-1.598,1.115
-1.626,1.215
-1.49,-0.431
-1.664,1.795
-2.057,-1.675
-1.963,-1.838
-2.019,-1.747
2.34,-1.598
2.275,-1.773
2.32,-1.452
2.005,-1.665
1.86,-1.8
1.682,-1.657
1.328,-1.751
1.103,-1.922
0.483,-1.644
0.349,-1.562
0.202,-1.95
0.013,-1.885
-0.307,-1.657
-1.102,-1.695
-2.652,2.838
-3.138,2.704
3.08,2.651
2.892,2.567
1.978,2.518
1.131,2.699
0.437,2.672
-0.847,2.82
-1.169,2.509
-1.555,2.728
1.869,0.696
-2.898,-1.023
3.022,-0.111
1.684,-0.1
0.525,1.497
0.065,-0.735
-0.199,1.44
-0.255,1.277
-0.277,-0.421
-0.283,-0.728
-1.14,-0.114
-1.048,1.148
-1.162,0.041
-1.234,1.551
-1.786,0.77
-2.508,-0.422
1.752,1.846
1.596,0.551
0.482,1.706
-0.228,-0.309
-3.046,-1.594
-2.879,2.611
-2.473,2.813
1.858,2.694
-0.095,-0.2
-0.097,-0.077
-0.281,1.49
-0.314,0.878
-0.354,-0.691
-0.355,0.715
-0.435,-0.169
-0.47,0.528
-0.409,-0.737
-0.409,-0.103
-0.473,-1.932
-0.732,-0.309
-0.678,-0.89
-0.718,-0.064
-0.726,-1.894
-0.801,-0.743
-0.747,1.013
-0.756,0.254
-0.897,0.527
-1.101,-1.905
-1.084,-0.081
-1.168,-1.28
-1.193,-0.666
-1.134,-0.179
-1.192,-1.671
-1.208,-0.032
-1.153,-0.209
-1.163,-2.04
-1.233,-0.035
-1.242,-0.134
-1.465,1.699
-1.543,-0.991
-1.685,-1.12
-1.773,0.543
-1.733,1.221
-1.805,-0.409
-1.752,1.706
-1.75,0.266
-2.446,-2.318
-2.418,-2.383
-3.132,-2.475
2.799,-2.155
2.102,-2.27
1.924,-2.38
1.635,-2.475
1.612,-2.581
1.344,-2.533
0.967,-2.09
1.045,-2.363
0.504,-2.236
0.497,-2.322
0.298,-2.254
-0.354,-2.574
-0.602,-2.184
-0.863,-2.201
-1.032,-2.304
-1.138,-2.268
-1.67,-2.405
-2.159,2.265
-2.089,2.172
-2.314,2.21
-2.725,2.145
2.959,2.278
2.949,2.021
1.59,1.965
1.588,2.016
1.153,1.938
0.904,2.167
0.906,2.229
0.03,1.964
-0.191,2.234
-0.192,2.239
-1.049,2.08
-1.125,2.043
-1.547,2.322
-1.7,2.091
-2.318,-1.031
-2.771,-1.666
1.525,1.831
1.459,0.833
-0.616,0.454
-1.365,1.775
-1.267,2.062
-1.935,-1.057
-1.996,0.214
-1.94,0.862
-2.037,1.665
-2.17,-0.861
-2.261,0.391
-2.238,0.465
-2.275,-0.465
-2.267,-0.884
-2.279,-0.32
-2.436,-0.905
-2.491,-0.816
-2.647,1.516
-2.734,-0.407
-2.926,0.128
-2.845,-0.157
-2.927,-0.76
-3.055,-2.003
-3.042,1.719
-2.919,1.354
-2.953,0.291
-2.965,0.927
-3.003,-1.573
3.104,1.097
3.045,1.589
-3.131,-0.515
2.813,0.671
2.633,-0.357
2.416,-0.731
2.172,0.29
2.01,1.42
2.115,-0.799
1.954,-0.358
1.921,-0.825
1.904,-0.662
1.858,0.512
1.965,-0.929
1.902,-1.164
1.681,1.545
1.733,0.023
1.711,0.436
1.648,-0.854
1.65,-1.846
1.518,-0.096
1.618,0.73
1.606,-0.179
1.577,0.604
1.421,-1.025
1.344,-1.891
1.505,1.34
1.388,0.973
1.251,-1.964
1.247,1.858
1.231,1.437
1.104,0.448
0.966,-1.422
0.955,0.858
0.867,1.319
0.875,-1.302
0.86,-1.016
0.721,0.454
0.534,0.808
0.632,1.864
0.456,-0.5
0.387,-0.894
0.387,1.62
0.402,-1.048
0.161,0.312
0.257,-0.679
0.151,1.177
0.034,-1.368
-0.013,1.357
-0.155,-1.592
-0.247,1.863
-0.382,0.509
-0.262,-1.741
-0.49,0.28
-0.424,-0.747
-0.405,-0.604
-0.572,-1.736
-0.633,1.632
-0.603,1.955
-0.776,1.619
-0.693,0.142
-0.838,-0.536
-0.768,0.599
-0.911,-1.247
-1.22,-1.869
-1.453,-1.038
-1.35,0.732
-1.336,-1.172
-1.503,0.493
-1.531,0.593
-1.395,-1.053
-1.569,1.173
-1.962,-2.297
-1.868,-2.46
-1.924,-2.369
2.435,-2.22
2.37,-2.395
2.415,-2.074
2.1,-2.287
1.955,-2.422
1.777,-2.279
1.423,-2.373
1.198,-2.544
0.578,-2.266
0.444,-2.184
0.297,-2.572
0.108,-2.507
-0.212,-2.279
-1.007,-2.317
-2.557,2.216
-3.043,2.082
-3.108,2.029
2.987,1.945
2.073,1.896
1.226,2.077
0.532,2.05
-0.752,2.198
-1.074,1.887
-1.46,2.106
1.964,0.074
-2.803,-1.645
3.117,-0.733
1.779,-0.722
0.62,0.875
0.16,-1.357
-0.104,0.818
-0.16,0.655
-0.182,-1.043
-0.188,-1.35
-1.045,-0.736
-0.953,0.526
-1.067,-0.581
-1.139,0.929
-1.691,0.148
-2.413,-1.044
1.847,1.224
1.691,-0.071
0.577,1.084
-0.133,-0.931
-2.951,-2.216
-2.784,1.989
-2.378,2.191
1.953,2.072
-0.002,0.123
-0.186,1.69
-0.219,1.078
-0.259,-0.491
-0.26,0.915
-0.34,0.031
-0.375,0.728
-0.314,-0.537
-0.314,0.097
-0.378,-1.732
-0.637,-0.109
-0.583,-0.69
-0.623,0.136
-0.631,-1.694
-0.706,-0.543
-0.652,1.213
-0.661,0.454
-0.802,0.727
-1.006,-1.705
-0.989,0.119
-1.073,-1.08
-1.098,-0.466
-1.039,0.021
-1.097,-1.471
-1.113,0.168
-1.058,-0.009
-1.068,-1.84
-1.138,0.165
-1.147,0.066
-1.37,1.899
-1.448,-0.791
-1.59,-0.92
-1.678,0.743
-1.638,1.421
-1.71,-0.209
-1.657,1.906
-1.655,0.466
-2.351,-2.118
-2.323,-2.183
-3.037,-2.275
2.894,-1.955
2.197,-2.07
2.019,-2.18
1.73,-2.275
1.707,-2.381
1.439,-2.333
1.062,-1.89
1.14,-2.163
0.599,-2.036
0.592,-2.122
0.393,-2.054
-0.259,-2.374
-0.507,-1.984
-0.768,-2.001
-0.937,-2.104
-1.043,-2.068
-1.575,-2.205
-2.064,2.465
-1.994,2.372
-2.219,2.41
-2.63,2.345
3.054,2.478
3.044,2.221
1.685,2.165
1.683,2.216
1.248,2.138
0.999,2.367
1.001,2.429
0.125,2.164
-0.096,2.434
-0.097,2.439
-0.954,2.28
-1.03,2.243
-1.452,2.522
-1.605,2.291
-2.223,-0.831
-2.676,-1.466
1.62,2.031
1.554,1.033
-0.521,0.654
-1.27,1.975
-1.172,2.262
-1.84,-0.857
-1.901,0.414
-1.845,1.062
-1.942,1.865
-2.075,-0.661
-2.166,0.591
-2.143,0.665
-2.18,-0.265
-2.172,-0.684
-2.184,-0.12
-2.341,-0.705
-2.396,-0.616
-2.552,1.716
-2.639,-0.207
-2.831,0.328
-2.75,0.043
-2.832,-0.56
-2.96,-1.803
-2.947,1.919
-2.824,1.554
-2.858,0.491
-2.87,1.127
-2.908,-1.373
-3.084,1.297
3.14,1.789
-3.036,-0.315
2.908,0.871
2.728,-0.157
2.511,-0.531
2.267,0.49
2.105,1.62
2.21,-0.599
2.049,-0.158
2.016,-0.625
1.999,-0.462
1.953,0.712
2.06,-0.729
1.997,-0.964
1.776,1.745
1.828,0.223
1.806,0.636
1.743,-0.654
1.745,-1.646
1.613,0.104
1.713,0.93
1.701,0.021
1.672,0.804
1.516,-0.825
1.439,-1.691
1.6,1.54
1.483,1.173
1.346,-1.764
1.342,2.058
1.326,1.637
1.199,0.648
1.061,-1.222
1.05,1.058
0.962,1.519
0.97,-1.102
0.955,-0.816
0.816,0.654
0.629,1.008
0.727,2.064
0.551,-0.3
0.482,-0.694
0.482,1.82
0.497,-0.848
0.256,0.512
0.352,-0.479
0.246,1.377
0.129,-1.168
0.082,1.557
-0.06,-1.392
-0.152,2.063
-0.287,0.709
-0.167,-1.541
-0.395,0.48
-0.329,-0.547
-0.31,-0.404
-0.477,-1.536
-0.538,1.832
-0.508,2.155
-0.681,1.819
-0.598,0.342
-0.743,-0.336
-0.673,0.799
-0.816,-1.047
-1.125,-1.669
-1.358,-0.838
-1.255,0.932
-1.241,-0.972
-1.408,0.693
-1.436,0.793
-1.3,-0.853
-1.474,1.373
-1.867,-2.097
-1.773,-2.26
-1.829,-2.169
2.53,-2.02
2.465,-2.195
2.51,-1.874
2.195,-2.087
2.05,-2.222
1.872,-2.079
1.518,-2.173
1.293,-2.344
0.673,-2.066
0.539,-1.984
0.392,-2.372
0.203,-2.307
-0.117,-2.079
-0.912,-2.117
-2.462,2.416
-2.948,2.282
-3.013,2.229
3.082,2.145
2.168,2.096
1.321,2.277
0.627,2.25
-0.657,2.398
-0.979,2.087
-1.365,2.306
2.059,0.274
-2.708,-1.445
-3.071,-0.533
1.874,-0.522
0.715,1.075
0.255,-1.157
-0.009,1.018
-0.065,0.855
-0.087,-0.843
-0.093,-1.15
-0.95,-0.536
-0.858,0.726
-0.972,-0.381
-1.044,1.129
-1.596,0.348
-2.318,-0.844
1.942,1.424
1.786,0.129
0.672,1.284
-0.038,-0.731
-2.856,-2.016
-2.689,2.189
-2.283,2.391
2.048,2.272
-0.184,1.567
-0.217,0.955
-0.257,-0.614
-0.258,0.792
-0.338,-0.092
-0.373,0.605
-0.312,-0.66
-0.312,-0.026
-0.376,-1.855
-0.635,-0.232
-0.581,-0.813
-0.621,0.013
-0.629,-1.817
-0.704,-0.666
-0.65,1.09
-0.659,0.331
-0.8,0.604
-1.004,-1.828
-0.987,-0.004
-1.071,-1.203
-1.096,-0.589
-1.037,-0.102
-1.095,-1.594
-1.111,0.045
-1.056,-0.132
-1.066,-1.963
-1.136,0.042
-1.145,-0.057
-1.368,1.776
-1.446,-0.914
-1.588,-1.043
-1.676,0.62
-1.636,1.298
-1.708,-0.332
-1.655,1.783
-1.653,0.343
-2.349,-2.241
-2.321,-2.306
-3.035,-2.398
2.896,-2.078
2.199,-2.193
2.021,-2.303
1.732,-2.398
1.709,-2.504
1.441,-2.456
1.064,-2.013
1.142,-2.286
0.601,-2.159
0.594,-2.245
0.395,-2.177
-0.257,-2.497
-0.505,-2.107
-0.766,-2.124
-0.935,-2.227
-1.041,-2.191
-1.573,-2.328
-2.062,2.342
-1.992,2.249
-2.217,2.287
-2.628,2.222
3.056,2.355
3.046,2.098
1.687,2.042
1.685,2.093
1.25,2.015
1.001,2.244
1.003,2.306
0.127,2.041
-0.094,2.311
-0.095,2.316
-0.952,2.157
-1.028,2.12
-1.45,2.399
-1.603,2.168
-2.221,-0.954
-2.674,-1.589
1.622,1.908
1.556,0.91
-0.519,0.531
-1.268,1.852
-1.17,2.139
-1.838,-0.98
-1.899,0.291
-1.843,0.939
-1.94,1.742
-2.073,-0.784
-2.164,0.468
-2.141,0.542
-2.178,-0.388
-2.17,-0.807
-2.182,-0.243
-2.339,-0.828
-2.394,-0.739
-2.55,1.593
-2.637,-0.33
-2.829,0.205
-2.748,-0.08
-2.83,-0.683
-2.958,-1.926
-2.945,1.796
-2.822,1.431
-2.856,0.368
-2.868,1.004
-2.906,-1.496
-3.082,1.174
-3.141,1.666
-3.034,-0.438
2.91,0.748
2.73,-0.28
2.513,-0.654
2.269,0.367
2.107,1.497
2.212,-0.722
2.051,-0.281
2.018,-0.748
2.001,-0.585
1.955,0.589
2.062,-0.852
1.999,-1.087
1.778,1.622
1.83,0.1
1.808,0.513
1.745,-0.777
1.747,-1.769
1.615,-0.019
1.715,0.807
1.703,-0.102
1.674,0.681
1.518,-0.948
1.441,-1.814
1.602,1.417
1.485,1.05
1.348,-1.887
1.344,1.935
1.328,1.514
1.201,0.525
1.063,-1.345
1.052,0.935
0.964,1.396
0.972,-1.225
0.957,-0.939
0.818,0.531
0.631,0.885
0.729,1.941
0.553,-0.423
0.484,-0.817
0.484,1.697
0.499,-0.971
0.258,0.389
0.354,-0.602
0.248,1.254
0.131,-1.291
0.084,1.434
-0.058,-1.515
-0.15,1.94
-0.285,0.586
-0.165,-1.664
-0.393,0.357
-0.327,-0.67
-0.308,-0.527
-0.475,-1.659
-0.536,1.709
-0.506,2.032
-0.679,1.696
-0.596,0.219
-0.741,-0.459
-0.671,0.676
-0.814,-1.17
-1.123,-1.792
-1.356,-0.961
-1.253,0.809
-1.239,-1.095
-1.406,0.57
-1.434,0.67
-1.298,-0.976
-1.472,1.25
-1.865,-2.22
-1.771,-2.383
-1.827,-2.292
2.532,-2.143
2.467,-2.318
2.512,-1.997
2.197,-2.21
2.052,-2.345
1.874,-2.202
1.52,-2.296
1.295,-2.467
0.675,-2.189
0.541,-2.107
0.394,-2.495
0.205,-2.43
-0.115,-2.202
-0.91,-2.24
-2.46,2.293
-2.946,2.159
-3.011,2.106
3.084,2.022
2.17,1.973
1.323,2.154
0.629,2.127
-0.655,2.275
-0.977,1.964
-1.363,2.183
2.061,0.151
-2.706,-1.568
-3.069,-0.656
1.876,-0.645
0.717,0.952
0.257,-1.28
-0.007,0.895
-0.063,0.732
-0.085,-0.966
-0.091,-1.273
-0.948,-0.659
-0.856,0.603
-0.97,-0.504
-1.042,1.006
-1.594,0.225
-2.316,-0.967
1.944,1.301
1.788,0.006
0.674,1.161
-0.036,-0.854
-2.854,-2.139
-2.687,2.066
-2.281,2.268
2.05,2.149
-0.033,-0.612
-0.073,-2.181
-0.074,-0.775
-0.154,-1.659
-0.189,-0.962
-0.128,-2.227
-0.128,-1.593
-0.192,-3.422
-0.451,-1.799
-0.397,-2.38
-0.437,-1.554
-0.445,-3.384
-0.52,-2.233
-0.466,-0.477
-0.475,-1.236
-0.616,-0.963
-0.82,-3.395
-0.803,-1.571
-0.887,-2.77
-0.912,-2.156
-0.853,-1.669
-0.911,-3.161
-0.927,-1.522
-0.872,-1.699
-0.882,-3.53
-0.952,-1.525
-0.961,-1.624
-1.184,0.209
-1.262,-2.481
-1.404,-2.61
-1.492,-0.947
-1.452,-0.269
-1.524,-1.899
-1.471,0.216
-1.469,-1.224
-2.165,-3.808
-2.137,-3.873
-2.851,-3.965
3.08,-3.645
2.383,-3.76
2.205,-3.87
1.916,-3.965
1.893,-4.071
1.625,-4.023
1.248,-3.58
1.326,-3.853
0.785,-3.726
0.778,-3.812
0.579,-3.744
-0.073,-4.064
-0.321,-3.674
-0.582,-3.691
-0.751,-3.794
-0.857,-3.758
-1.389,-3.895
-1.878,0.775
-1.808,0.682
-2.033,0.72
-2.444,0.655
-3.043,0.788
-3.053,0.531
1.871,0.475
1.869,0.526
1.434,0.448
1.185,0.677
1.187,0.739
0.311,0.474
0.09,0.744
0.089,0.749
-0.768,0.59
-0.844,0.553
-1.266,0.832
-1.419,0.601
-2.037,-2.521
-2.49,-3.156
1.806,0.341
1.74,-0.657
-0.335,-1.036
-1.084,0.285
-0.986,0.572
-1.654,-2.547
-1.715,-1.276
-1.659,-0.628
-1.756,0.175
-1.889,-2.351
-1.98,-1.099
-1.957,-1.025
-1.994,-1.955
-1.986,-2.374
-1.998,-1.81
-2.155,-2.395
-2.21,-2.306
-2.366,0.026
-2.453,-1.897
-2.645,-1.362
-2.564,-1.647
-2.646,-2.25
-2.774,-3.493
-2.761,0.229
-2.638,-0.136
-2.672,-1.199
-2.684,-0.563
-2.722,-3.063
-2.898,-0.393
-2.957,0.099
-2.85,-2.005
3.094,-0.819
2.914,-1.847
2.697,-2.221
2.453,-1.2
2.291,-0.07
2.396,-2.289
2.235,-1.848
2.202,-2.315
2.185,-2.152
2.139,-0.978
2.246,-2.419
2.183,-2.654
1.962,0.055
2.014,-1.467
1.992,-1.054
1.929,-2.344
1.931,-3.336
1.799,-1.586
1.899,-0.76
1.887,-1.669
1.858,-0.886
1.702,-2.515
1.625,-3.381
1.786,-0.15
1.669,-0.517
1.532,-3.454
1.528,0.368
1.512,-0.053
1.385,-1.042
1.247,-2.912
1.236,-0.632
1.148,-0.171
1.156,-2.792
1.141,-2.506
1.002,-1.036
0.815,-0.682
0.913,0.374
0.737,-1.99
0.668,-2.384
0.668,0.13
0.683,-2.538
0.442,-1.178
0.538,-2.169
0.432,-0.313
0.315,-2.858
0.268,-0.133
0.126,-3.082
0.034,0.373
-0.101,-0.981
0.019,-3.231
-0.209,-1.21
-0.143,-2.237
-0.124,-2.094
-0.291,-3.226
-0.352,0.142
-0.322,0.465
-0.495,0.129
-0.412,-1.348
-0.557,-2.026
-0.487,-0.891
-0.63,-2.737
-0.939,-3.359
-1.172,-2.528
-1.069,-0.758
-1.055,-2.662
-1.222,-0.997
-1.25,-0.897
-1.114,-2.543
-1.288,-0.317
-1.681,-3.787
-1.587,-3.95
-1.643,-3.859
2.716,-3.71
2.651,-3.885
2.696,-3.564
2.381,-3.777
2.236,-3.912
2.058,-3.769
1.704,-3.863
1.479,-4.034
0.859,-3.756
0.725,-3.674
0.578,-4.062
0.389,-3.997
0.069,-3.769
-0.726,-3.807
-2.276,0.726
-2.762,0.592
-2.827,0.539
-3.015,0.455
2.354,0.406
1.507,0.587
0.813,0.56
-0.471,0.708
-0.793,0.397
-1.179,0.616
2.245,-1.416
-2.522,-3.135
-2.885,-2.223
2.06,-2.212
0.901,-0.615
0.441,-2.847
0.177,-0.672
0.121,-0.835
0.099,-2.533
0.093,-2.84
-0.764,-2.226
-0.672,-0.964
-0.786,-2.071
-0.858,-0.561
-1.41,-1.342
-2.132,-2.534
2.128,-0.266
1.972,-1.561
0.858,-0.406
0.148,-2.421
-2.67,-3.706
-2.503,0.499
-2.097,0.701
2.234,0.582
-0.04,-1.569
-0.041,-0.163
-0.121,-1.047
-0.156,-0.35
-0.095,-1.615
-0.095,-0.981
-0.159,-2.81
-0.418,-1.187
-0.364,-1.768
-0.404,-0.942
-0.412,-2.772
-0.487,-1.621
-0.433,0.135
-0.442,-0.624
-0.583,-0.351
-0.787,-2.783
-0.77,-0.959
-0.854,-2.158
-0.879,-1.544
-0.82,-1.057
-0.878,-2.549
-0.894,-0.91
-0.839,-1.087
-0.849,-2.918
-0.919,-0.913
-0.928,-1.012
-1.151,0.821
-1.229,-1.869
-1.371,-1.998
-1.459,-0.335
-1.419,0.343
-1.491,-1.287
-1.438,0.828
-1.436,-0.612
-2.132,-3.196
-2.104,-3.261
-2.818,-3.353
3.113,-3.033
2.416,-3.148
2.238,-3.258
1.949,-3.353
1.926,-3.459
1.658,-3.411
1.281,-2.968
1.359,-3.241
0.818,-3.114
0.811,-3.2
0.612,-3.132
-0.04,-3.452
-0.288,-3.062
-0.549,-3.079
-0.718,-3.182
-0.824,-3.146
-1.356,-3.283
-1.845,1.387
-1.775,1.294
-2.0,1.332
-2.411,1.267
-3.01,1.4
-3.02,1.143
1.904,1.087
1.902,1.138
1.467,1.06
1.218,1.289
1.22,1.351
0.344,1.086
0.123,1.356
0.122,1.361
-0.735,1.202
-0.811,1.165
-1.233,1.444
-1.386,1.213
-2.004,-1.909
-2.457,-2.544
1.839,0.953
1.773,-0.045
-0.302,-0.424
-1.051,0.897
-0.953,1.184
-1.621,-1.935
-1.682,-0.664
-1.626,-0.016
-1.723,0.787
-1.856,-1.739
-1.947,-0.487
-1.924,-0.413
-1.961,-1.343
-1.953,-1.762
-1.965,-1.198
-2.122,-1.783
-2.177,-1.694
-2.333,0.638
-2.42,-1.285
-2.612,-0.75
-2.531,-1.035
-2.613,-1.638
-2.741,-2.881
-2.728,0.841
-2.605,0.476
-2.639,-0.587
-2.651,0.049
-2.689,-2.451
-2.865,0.219
-2.924,0.711
-2.817,-1.393
3.127,-0.207
2.947,-1.235
2.73,-1.609
2.486,-0.588
2.324,0.542
2.429,-1.677
2.268,-1.236
2.235,-1.703
2.218,-1.54
2.172,-0.366
2.279,-1.807
2.216,-2.042
1.995,0.667
2.047,-0.855
2.025,-0.442
1.962,-1.732
1.964,-2.724
1.832,-0.974
1.932,-0.148
1.92,-1.057
1.891,-0.274
1.735,-1.903
1.658,-2.769
1.819,0.462
1.702,0.095
1.565,-2.842
1.561,0.98
1.545,0.559
1.418,-0.43
1.28,-2.3
1.269,-0.02
1.181,0.441
1.189,-2.18
1.174,-1.894
1.035,-0.424
0.848,-0.07
0.946,0.986
0.77,-1.378
0.701,-1.772
0.701,0.742
0.716,-1.926
0.475,-0.566
0.571,-1.557
0.465,0.299
0.348,-2.246
0.301,0.479
0.159,-2.47
0.067,0.985
-0.068,-0.369
0.052,-2.619
-0.176,-0.598
-0.11,-1.625
-0.091,-1.482
-0.258,-2.614
-0.319,0.754
-0.289,1.077
-0.462,0.741
-0.379,-0.736
-0.524,-1.414
-0.454,-0.279
-0.597,-2.125
-0.906,-2.747
-1.139,-1.916
-1.036,-0.146
-1.022,-2.05
-1.189,-0.385
-1.217,-0.285
-1.081,-1.931
-1.255,0.295
-1.648,-3.175
-1.554,-3.338
-1.61,-3.247
2.749,-3.098
2.684,-3.273
2.729,-2.952
2.414,-3.165
2.269,-3.3
2.091,-3.157
1.737,-3.251
1.512,-3.422
0.892,-3.144
0.758,-3.062
0.611,-3.45
0.422,-3.385
0.102,-3.157
-0.693,-3.195
-2.243,1.338
-2.729,1.204
-2.794,1.151
-2.982,1.067
2.387,1.018
1.54,1.199
0.846,1.172
-0.438,1.32
-0.76,1.009
-1.146,1.228
2.278,-0.804
-2.489,-2.523
-2.852,-1.611
2.093,-1.6
0.934,-0.003
0.474,-2.235
0.21,-0.06
0.154,-0.223
0.132,-1.921
0.126,-2.228
-0.731,-1.614
-0.639,-0.352
-0.753,-1.459
-0.825,0.051
-1.377,-0.73
-2.099,-1.922
2.161,0.346
2.005,-0.949
0.891,0.206
0.181,-1.809
-2.637,-3.094
-2.47,1.111
-2.064,1.313
2.267,1.194
-0.001,1.406
-0.081,0.522
-0.116,1.219
-0.055,-0.046
-0.055,0.588
-0.119,-1.241
-0.378,0.382
-0.324,-0.199
-0.364,0.627
-0.372,-1.203
-0.447,-0.052
-0.393,1.704
-0.402,0.945
-0.543,1.218
-0.747,-1.214
-0.73,0.61
-0.814,-0.589
-0.839,0.025
-0.78,0.512
-0.838,-0.98
-0.854,0.659
-0.799,0.482
-0.809,-1.349
-0.879,0.656
-0.888,0.557
-1.111,2.39
-1.189,-0.3
-1.331,-0.429
-1.419,1.234
-1.379,1.912
-1.451,0.282
-1.398,2.397
-1.396,0.957
-2.092,-1.627
-2.064,-1.692
-2.778,-1.784
-3.13,-1.464
2.456,-1.579
2.278,-1.689
1.989,-1.784
1.966,-1.89
1.698,-1.842
1.321,-1.399
1.399,-1.672
0.858,-1.545
0.851,-1.631
0.652,-1.563
0.0,-1.883
-0.248,-1.493
-0.509,-1.51
-0.678,-1.613
-0.784,-1.577
-1.316,-1.714
-1.805,2.956
-1.735,2.863
-1.96,2.901
-2.371,2.836
-2.97,2.969
-2.98,2.712
1.944,2.656
1.942,2.707
1.507,2.629
1.258,2.858
1.26,2.92
0.384,2.655
0.163,2.925
0.162,2.93
-0.695,2.771
-0.771,2.734
-1.193,3.013
-1.346,2.782
-1.964,-0.34
-2.417,-0.975
1.879,2.522
1.813,1.524
-0.262,1.145
-1.011,2.466
-0.913,2.753
-1.581,-0.366
-1.642,0.905
-1.586,1.553
-1.683,2.356
-1.816,-0.17
-1.907,1.082
-1.884,1.156
-1.921,0.226
-1.913,-0.193
-1.925,0.371
-2.082,-0.214
-2.137,-0.125
-2.293,2.207
-2.38,0.284
-2.572,0.819
-2.491,0.534
-2.573,-0.069
-2.701,-1.312
-2.688,2.41
-2.565,2.045
-2.599,0.982
-2.611,1.618
-2.649,-0.882
-2.825,1.788
-2.884,2.28
-2.777,0.176
-3.116,1.362
2.987,0.334
2.77,-0.04
2.526,0.981
2.364,2.111
2.469,-0.108
2.308,0.333
2.275,-0.134
2.258,0.029
2.212,1.203
2.319,-0.238
2.256,-0.473
2.035,2.236
2.087,0.714
2.065,1.127
2.002,-0.163
2.004,-1.155
1.872,0.595
1.972,1.421
1.96,0.512
1.931,1.295
1.775,-0.334
1.698,-1.2
1.859,2.031
1.742,1.664
1.605,-1.273
1.601,2.549
1.585,2.128
1.458,1.139
1.32,-0.731
1.309,1.549
1.221,2.01
1.229,-0.611
1.214,-0.325
1.075,1.145
0.888,1.499
0.986,2.555
0.81,0.191
0.741,-0.203
0.741,2.311
0.756,-0.357
0.515,1.003
0.611,0.012
0.505,1.868
0.388,-0.677
0.341,2.048
0.199,-0.901
0.107,2.554
-0.028,1.2
0.092,-1.05
-0.136,0.971
-0.07,-0.056
-0.051,0.087
-0.218,-1.045
-0.279,2.323
-0.249,2.646
-0.422,2.31
-0.339,0.833
-0.484,0.155
-0.414,1.29
-0.557,-0.556
-0.866,-1.178
-1.099,-0.347
-0.996,1.423
-0.982,-0.481
-1.149,1.184
-1.177,1.284
-1.041,-0.362
-1.215,1.864
-1.608,-1.606
-1.514,-1.769
-1.57,-1.678
2.789,-1.529
2.724,-1.704
2.769,-1.383
2.454,-1.596
2.309,-1.731
2.131,-1.588
1.777,-1.682
1.552,-1.853
0.932,-1.575
0.798,-1.493
0.651,-1.881
0.462,-1.816
0.142,-1.588
-0.653,-1.626
-2.203,2.907
-2.689,2.773
-2.754,2.72
-2.942,2.636
2.427,2.587
1.58,2.768
0.886,2.741
-0.398,2.889
-0.72,2.578
-1.106,2.797
2.318,0.765
-2.449,-0.954
-2.812,-0.042
2.133,-0.031
0.974,1.566
0.514,-0.666
0.25,1.509
0.194,1.346
0.172,-0.352
0.166,-0.659
-0.691,-0.045
-0.599,1.217
-0.713,0.11
-0.785,1.62
-1.337,0.839
-2.059,-0.353
2.201,1.915
2.045,0.62
0.931,1.775
0.221,-0.24
-2.597,-1.525
-2.43,2.68
-2.024,2.882
2.307,2.763
-0.08,-0.884
-0.115,-0.187
-0.054,-1.452
-0.054,-0.818
-0.118,-2.647
-0.377,-1.024
-0.323,-1.605
-0.363,-0.779
-0.371,-2.609
-0.446,-1.458
-0.392,0.298
-0.401,-0.461
-0.542,-0.188
-0.746,-2.62
-0.729,-0.796
-0.813,-1.995
-0.838,-1.381
-0.779,-0.894
-0.837,-2.386
-0.853,-0.747
-0.798,-0.924
-0.808,-2.755
-0.878,-0.75
-0.887,-0.849
-1.11,0.984
-1.188,-1.706
-1.33,-1.835
-1.418,-0.172
-1.378,0.506
-1.45,-1.124
-1.397,0.991
-1.395,-0.449
-2.091,-3.033
-2.063,-3.098
-2.777,-3.19
-3.129,-2.87
2.457,-2.985
2.279,-3.095
1.99,-3.19
1.967,-3.296
1.699,-3.248
1.322,-2.805
1.4,-3.078
0.859,-2.951
0.852,-3.037
0.653,-2.969
0.001,-3.289
-0.247,-2.899
-0.508,-2.916
-0.677,-3.019
-0.783,-2.983
-1.315,-3.12
-1.804,1.55
-1.734,1.457
-1.959,1.495
-2.37,1.43
-2.969,1.563
-2.979,1.306
1.945,1.25
1.943,1.301
1.508,1.223
1.259,1.452
1.261,1.514
0.385,1.249
0.164,1.519
0.163,1.524
-0.694,1.365
-0.77,1.328
-1.192,1.607
-1.345,1.376
-1.963,-1.746
-2.416,-2.381
1.88,1.116
1.814,0.118
-0.261,-0.261
-1.01,1.06
-0.912,1.347
-1.58,-1.772
-1.641,-0.501
-1.585,0.147
-1.682,0.95
-1.815,-1.576
-1.906,-0.324
-1.883,-0.25
-1.92,-1.18
-1.912,-1.599
-1.924,-1.035
-2.081,-1.62
-2.136,-1.531
-2.292,0.801
-2.379,-1.122
-2.571,-0.587
-2.49,-0.872
-2.572,-1.475
-2.7,-2.718
-2.687,1.004
-2.564,0.639
-2.598,-0.424
-2.61,0.212
-2.648,-2.288
-2.824,0.382
-2.883,0.874
-2.776,-1.23
-3.115,-0.044
2.988,-1.072
2.771,-1.446
2.527,-0.425
2.365,0.705
2.47,-1.514
2.309,-1.073
2.276,-1.54
2.259,-1.377
2.213,-0.203
2.32,-1.644
2.257,-1.879
2.036,0.83
2.088,-0.692
2.066,-0.279
2.003,-1.569
2.005,-2.561
1.873,-0.811
1.973,0.015
1.961,-0.894
1.932,-0.111
1.776,-1.74
1.699,-2.606
1.86,0.625
1.743,0.258
1.606,-2.679
1.602,1.143
1.586,0.722
1.459,-0.267
1.321,-2.137
1.31,0.143
1.222,0.604
1.23,-2.017
1.215,-1.731
1.076,-0.261
0.889,0.093
0.987,1.149
0.811,-1.215
0.742,-1.609
0.742,0.905
0.757,-1.763
0.516,-0.403
0.612,-1.394
0.506,0.462
0.389,-2.083
0.342,0.642
0.2,-2.307
0.108,1.148
-0.027,-0.206
0.093,-2.456
-0.135,-0.435
-0.069,-1.462
-0.05,-1.319
-0.217,-2.451
-0.278,0.917
-0.248,1.24
-0.421,0.904
-0.338,-0.573
-0.483,-1.251
-0.413,-0.116
-0.556,-1.962
-0.865,-2.584
-1.098,-1.753
-0.995,0.017
-0.981,-1.887
-1.148,-0.222
-1.176,-0.122
-1.04,-1.768
-1.214,0.458
-1.607,-3.012
-1.513,-3.175
-1.569,-3.084
2.79,-2.935
2.725,-3.11
2.77,-2.789
2.455,-3.002
2.31,-3.137
2.132,-2.994
1.778,-3.088
1.553,-3.259
0.933,-2.981
0.799,-2.899
0.652,-3.287
0.463,-3.222
0.143,-2.994
-0.652,-3.032
-2.202,1.501
-2.688,1.367
-2.753,1.314
-2.941,1.23
2.428,1.181
1.581,1.362
0.887,1.335
-0.397,1.483
-0.719,1.172
-1.105,1.391
2.319,-0.641
-2.448,-2.36
-2.811,-1.448
2.134,-1.437
0.975,0.16
0.515,-2.072
0.251,0.103
0.195,-0.06
0.173,-1.758
0.167,-2.065
-0.69,-1.451
-0.598,-0.189
-0.712,-1.296
-0.784,0.214
-1.336,-0.567
-2.058,-1.759
2.202,0.509
2.046,-0.786
0.932,0.369
0.222,-1.646
-2.596,-2.931
-2.429,1.274
-2.023,1.476
2.308,1.357
-0.035,0.697
0.026,-0.568
0.026,0.066
-0.038,-1.763
-0.297,-0.14
-0.243,-0.721
-0.283,0.105
-0.291,-1.725
-0.366,-0.574
-0.312,1.182
-0.321,0.423
-0.462,0.696
-0.666,-1.736
-0.649,0.088
-0.733,-1.111
-0.758,-0.497
-0.699,-0.01
-0.757,-1.502
-0.773,0.137
-0.718,-0.04
-0.728,-1.871
-0.798,0.134
-0.807,0.035
-1.03,1.868
-1.108,-0.822
-1.25,-0.951
-1.338,0.712
-1.298,1.39
-1.37,-0.24
-1.317,1.875
-1.315,0.435
-2.011,-2.149
-1.983,-2.214
-2.697,-2.306
-3.049,-1.986
2.537,-2.101
2.359,-2.211
2.07,-2.306
2.047,-2.412
1.779,-2.364
1.402,-1.921
1.48,-2.194
0.939,-2.067
0.932,-2.153
0.733,-2.085
0.081,-2.405
-0.167,-2.015
-0.428,-2.032
-0.597,-2.135
-0.703,-2.099
-1.235,-2.236
-1.724,2.434
-1.654,2.341
-1.879,2.379
-2.29,2.314
-2.889,2.447
-2.899,2.19
2.025,2.134
2.023,2.185
1.588,2.107
1.339,2.336
1.341,2.398
0.465,2.133
0.244,2.403
0.243,2.408
-0.614,2.249
-0.69,2.212
-1.112,2.491
-1.265,2.26
-1.883,-0.862
-2.336,-1.497
1.96,2.0
1.894,1.002
-0.181,0.623
-0.93,1.944
-0.832,2.231
-1.5,-0.888
-1.561,0.383
-1.505,1.031
-1.602,1.834
-1.735,-0.692
-1.826,0.56
-1.803,0.634
-1.84,-0.296
-1.832,-0.715
-1.844,-0.151
-2.001,-0.736
-2.056,-0.647
-2.212,1.685
-2.299,-0.238
-2.491,0.297
-2.41,0.012
-2.492,-0.591
-2.62,-1.834
-2.607,1.888
-2.484,1.523
-2.518,0.46
-2.53,1.096
-2.568,-1.404
-2.744,1.266
-2.803,1.758
-2.696,-0.346
-3.035,0.84
3.068,-0.188
2.851,-0.562
2.607,0.459
2.445,1.589
2.55,-0.63
2.389,-0.189
2.356,-0.656
2.339,-0.493
2.293,0.681
2.4,-0.76
2.337,-0.995
2.116,1.714
2.168,0.192
2.146,0.605
2.083,-0.685
2.085,-1.677
1.953,0.073
2.053,0.899
2.041,-0.01
2.012,0.773
1.856,-0.856
1.779,-1.722
1.94,1.509
1.823,1.142
1.686,-1.795
1.682,2.027
1.666,1.606
1.539,0.617
1.401,-1.253
1.39,1.027
1.302,1.488
1.31,-1.133
1.295,-0.847
1.156,0.623
0.969,0.977
1.067,2.033
0.891,-0.331
0.822,-0.725
0.822,1.789
0.837,-0.879
0.596,0.481
0.692,-0.51
0.586,1.346
0.469,-1.199
0.422,1.526
0.28,-1.423
0.188,2.032
0.053,0.678
0.173,-1.572
-0.055,0.449
0.011,-0.578
0.03,-0.435
-0.137,-1.567
-0.198,1.801
-0.168,2.124
-0.341,1.788
-0.258,0.311
-0.403,-0.367
-0.333,0.768
-0.476,-1.078
-0.785,-1.7
-1.018,-0.869
-0.915,0.901
-0.901,-1.003
-1.068,0.662
-1.096,0.762
-0.96,-0.884
-1.134,1.342
-1.527,-2.128
-1.433,-2.291
-1.489,-2.2
2.87,-2.051
2.805,-2.226
2.85,-1.905
2.535,-2.118
2.39,-2.253
2.212,-2.11
1.858,-2.204
1.633,-2.375
1.013,-2.097
0.879,-2.015
0.732,-2.403
0.543,-2.338
0.223,-2.11
-0.572,-2.148
-2.122,2.385
-2.608,2.251
-2.673,2.198
-2.861,2.114
2.508,2.065
1.661,2.246
0.967,2.219
-0.317,2.367
-0.639,2.056
-1.025,2.275
2.399,0.243
-2.368,-1.476
-2.731,-0.564
2.214,-0.553
1.055,1.044
0.595,-1.188
0.331,0.987
0.275,0.824
0.253,-0.874
0.247,-1.181
-0.61,-0.567
-0.518,0.695
-0.632,-0.412
-0.704,1.098
-1.256,0.317
-1.978,-0.875
2.282,1.393
2.126,0.098
1.012,1.253
0.302,-0.762
-2.516,-2.047
-2.349,2.158
-1.943,2.36
2.388,2.241
0.061,-1.265
0.061,-0.631
-0.003,-2.46
-0.262,-0.837
-0.208,-1.418
-0.248,-0.592
-0.256,-2.422
-0.331,-1.271
-0.277,0.485
-0.286,-0.274
-0.427,-0.001
-0.631,-2.433
-0.614,-0.609
-0.698,-1.808
-0.723,-1.194
-0.664,-0.707
-0.722,-2.199
-0.738,-0.56
-0.683,-0.737
-0.693,-2.568
-0.763,-0.563
-0.772,-0.662
-0.995,1.171
-1.073,-1.519
-1.215,-1.648
-1.303,0.015
-1.263,0.693
-1.335,-0.937
-1.282,1.178
-1.28,-0.262
-1.976,-2.846
-1.948,-2.911
-2.662,-3.003
-3.014,-2.683
2.572,-2.798
2.394,-2.908
2.105,-3.003
2.082,-3.109
1.814,-3.061
1.437,-2.618
1.515,-2.891
0.974,-2.764
0.967,-2.85
0.768,-2.782
0.116,-3.102
-0.132,-2.712
-0.393,-2.729
-0.562,-2.832
-0.668,-2.796
-1.2,-2.933
-1.689,1.737
-1.619,1.644
-1.844,1.682
-2.255,1.617
-2.854,1.75
-2.864,1.493
2.06,1.437
2.058,1.488
1.623,1.41
1.374,1.639
1.376,1.701
0.5,1.436
0.279,1.706
0.278,1.711
-0.579,1.552
-0.655,1.515
-1.077,1.794
-1.23,1.563
-1.848,-1.559
-2.301,-2.194
1.995,1.303
1.929,0.305
-0.146,-0.074
-0.895,1.247
-0.797,1.534
-1.465,-1.585
-1.526,-0.314
-1.47,0.334
-1.567,1.137
-1.7,-1.389
-1.791,-0.137
-1.768,-0.063
-1.805,-0.993
-1.797,-1.412
-1.809,-0.848
-1.966,-1.433
-2.021,-1.344
-2.177,0.988
-2.264,-0.935
-2.456,-0.4
-2.375,-0.685
-2.457,-1.288
-2.585,-2.531
-2.572,1.191
-2.449,0.826
-2.483,-0.237
-2.495,0.399
-2.533,-2.101
-2.709,0.569
-2.768,1.061
-2.661,-1.043
-3.0,0.143
3.103,-0.885
2.886,-1.259
2.642,-0.238
2.48,0.892
2.585,-1.327
2.424,-0.886
2.391,-1.353
2.374,-1.19
2.328,-0.016
2.435,-1.457
2.372,-1.692
2.151,1.017
2.203,-0.505
2.181,-0.092
2.118,-1.382
2.12,-2.374
1.988,-0.624
2.088,0.202
2.076,-0.707
2.047,0.076
1.891,-1.553
1.814,-2.419
1.975,0.812
1.858,0.445
1.721,-2.492
1.717,1.33
1.701,0.909
1.574,-0.08
1.436,-1.95
1.425,0.33
1.337,0.791
1.345,-1.83
1.33,-1.544
1.191,-0.074
1.004,0.28
1.102,1.336
0.926,-1.028
0.857,-1.422
0.857,1.092
0.872,-1.576
0.631,-0.216
0.727,-1.207
0.621,0.649
0.504,-1.896
0.457,0.829
0.315,-2.12
0.223,1.335
0.088,-0.019
0.208,-2.269
-0.02,-0.248
0.046,-1.275
0.065,-1.132
-0.102,-2.264
-0.163,1.104
-0.133,1.427
-0.306,1.091
-0.223,-0.386
-0.368,-1.064
-0.298,0.071
-0.441,-1.775
-0.75,-2.397
-0.983,-1.566
-0.88,0.204
-0.866,-1.7
-1.033,-0.035
-1.061,0.065
-0.925,-1.581
-1.099,0.645
-1.492,-2.825
-1.398,-2.988
-1.454,-2.897
2.905,-2.748
2.84,-2.923
2.885,-2.602
2.57,-2.815
2.425,-2.95
2.247,-2.807
1.893,-2.901
1.668,-3.072
1.048,-2.794
0.914,-2.712
0.767,-3.1
0.578,-3.035
0.258,-2.807
-0.537,-2.845
-2.087,1.688
-2.573,1.554
-2.638,1.501
-2.826,1.417
2.543,1.368
1.696,1.549
1.002,1.522
-0.282,1.67
-0.604,1.359
-0.99,1.578
2.434,-0.454
-2.333,-2.173
-2.696,-1.261
2.249,-1.25
1.09,0.347
0.63,-1.885
0.366,0.29
0.31,0.127
0.288,-1.571
0.282,-1.878
-0.575,-1.264
-0.483,-0.002
-0.597,-1.109
-0.669,0.401
-1.221,-0.38
-1.943,-1.572
2.317,0.696
2.161,-0.599
1.047,0.556
0.337,-1.459
-2.481,-2.744
-2.314,1.461
-1.908,1.663
2.423,1.544
0.0,0.634
-0.064,-1.195
-0.323,0.428
-0.269,-0.153
-0.309,0.673
-0.317,-1.157
-0.392,-0.006
-0.338,1.75
-0.347,0.991
-0.488,1.264
-0.692,-1.168
-0.675,0.656
-0.759,-0.543
-0.784,0.071
-0.725,0.558
-0.783,-0.934
-0.799,0.705
-0.744,0.528
-0.754,-1.303
-0.824,0.702
-0.833,0.603
-1.056,2.436
-1.134,-0.254
-1.276,-0.383
-1.364,1.28
-1.324,1.958
-1.396,0.328
-1.343,2.443
-1.341,1.003
-2.037,-1.581
-2.009,-1.646
-2.723,-1.738
-3.075,-1.418
2.511,-1.533
2.333,-1.643
2.044,-1.738
2.021,-1.844
1.753,-1.796
1.376,-1.353
1.454,-1.626
0.913,-1.499
0.906,-1.585
0.707,-1.517
0.055,-1.837
-0.193,-1.447
-0.454,-1.464
-0.623,-1.567
-0.729,-1.531
-1.261,-1.668
-1.75,3.002
-1.68,2.909
-1.905,2.947
-2.316,2.882
-2.915,3.015
-2.925,2.758
1.999,2.702
1.997,2.753
1.562,2.675
1.313,2.904
1.315,2.966
0.439,2.701
0.218,2.971
0.217,2.976
-0.64,2.817
-0.716,2.78
-1.138,3.059
-1.291,2.828
-1.909,-0.294
-2.362,-0.929
1.934,2.568
1.868,1.57
-0.207,1.191
-0.956,2.512
-0.858,2.799
-1.526,-0.32
-1.587,0.951
-1.531,1.599
-1.628,2.402
-1.761,-0.124
-1.852,1.128
-1.829,1.202
-1.866,0.272
-1.858,-0.147
-1.87,0.417
-2.027,-0.168
-2.082,-0.079
-2.238,2.253
-2.325,0.33
-2.517,0.865
-2.436,0.58
-2.518,-0.023
-2.646,-1.266
-2.633,2.456
-2.51,2.091
-2.544,1.028
-2.556,1.664
-2.594,-0.836
-2.77,1.834
-2.829,2.326
-2.722,0.222
-3.061,1.408
3.042,0.38
2.825,0.006
2.581,1.027
2.419,2.157
2.524,-0.062
2.363,0.379
2.33,-0.088
2.313,0.075
2.267,1.249
2.374,-0.192
2.311,-0.427
2.09,2.282
2.142,0.76
2.12,1.173
2.057,-0.117
2.059,-1.109
1.927,0.641
2.027,1.467
2.015,0.558
1.986,1.341
1.83,-0.288
1.753,-1.154
1.914,2.077
1.797,1.71
1.66,-1.227
1.656,2.595
1.64,2.174
1.513,1.185
1.375,-0.685
1.364,1.595
1.276,2.056
1.284,-0.565
1.269,-0.279
1.13,1.191
0.943,1.545
1.041,2.601
0.865,0.237
0.796,-0.157
0.796,2.357
0.811,-0.311
0.57,1.049
0.666,0.058
0.56,1.914
0.443,-0.631
0.396,2.094
0.254,-0.855
0.162,2.6
0.027,1.246
0.147,-1.004
-0.081,1.017
-0.015,-0.01
0.004,0.133
-0.163,-0.999
-0.224,2.369
-0.194,2.692
-0.367,2.356
-0.284,0.879
-0.429,0.201
-0.359,1.336
-0.502,-0.51
-0.811,-1.132
-1.044,-0.301
-0.941,1.469
-0.927,-0.435
-1.094,1.23
-1.122,1.33
-0.986,-0.316
-1.16,1.91
-1.553,-1.56
-1.459,-1.723
-1.515,-1.632
2.844,-1.483
2.779,-1.658
2.824,-1.337
2.509,-1.55
2.364,-1.685
2.186,-1.542
1.832,-1.636
1.607,-1.807
0.987,-1.529
0.853,-1.447
0.706,-1.835
0.517,-1.77
0.197,-1.542
-0.598,-1.58
-2.148,2.953
-2.634,2.819
-2.699,2.766
-2.887,2.682
2.482,2.633
1.635,2.814
0.941,2.787
-0.343,2.935
-0.665,2.624
-1.051,2.843
2.373,0.811
-2.394,-0.908
-2.757,0.004
2.188,0.015
1.029,1.612
0.569,-0.62
0.305,1.555
0.249,1.392
0.227,-0.306
0.221,-0.613
-0.636,0.001
-0.544,1.263
-0.658,0.156
-0.73,1.666
-1.282,0.885
-2.004,-0.307
2.256,1.961
2.1,0.666
0.986,1.821
0.276,-0.194
-2.542,-1.479
-2.375,2.726
-1.969,2.928
2.362,2.809
-0.064,-1.829
-0.323,-0.206
-0.269,-0.787
-0.309,0.039
-0.317,-1.791
-0.392,-0.64
-0.338,1.116
-0.347,0.357
-0.488,0.63
-0.692,-1.802
-0.675,0.022
-0.759,-1.177
-0.784,-0.563
-0.725,-0.076
-0.783,-1.568
-0.799,0.071
-0.744,-0.106
-0.754,-1.937
-0.824,0.068
-0.833,-0.031
-1.056,1.802
-1.134,-0.888
-1.276,-1.017
-1.364,0.646
-1.324,1.324
-1.396,-0.306
-1.343,1.809
-1.341,0.369
-2.037,-2.215
-2.009,-2.28
-2.723,-2.372
-3.075,-2.052
2.511,-2.167
2.333,-2.277
2.044,-2.372
2.021,-2.478
1.753,-2.43
1.376,-1.987
1.454,-2.26
0.913,-2.133
0.906,-2.219
0.707,-2.151
0.055,-2.471
-0.193,-2.081
-0.454,-2.098
-0.623,-2.201
-0.729,-2.165
-1.261,-2.302
-1.75,2.368
-1.68,2.275
-1.905,2.313
-2.316,2.248
-2.915,2.381
-2.925,2.124
1.999,2.068
1.997,2.119
1.562,2.041
1.313,2.27
1.315,2.332
0.439,2.067
0.218,2.337
0.217,2.342
-0.64,2.183
-0.716,2.146
-1.138,2.425
-1.291,2.194
-1.909,-0.928
-2.362,-1.563
1.934,1.934
1.868,0.936
-0.207,0.557
-0.956,1.878
-0.858,2.165
-1.526,-0.954
-1.587,0.317
-1.531,0.965
-1.628,1.768
-1.761,-0.758
-1.852,0.494
-1.829,0.568
-1.866,-0.362
-1.858,-0.781
-1.87,-0.217
-2.027,-0.802
-2.082,-0.713
-2.238,1.619
-2.325,-0.304
-2.517,0.231
-2.436,-0.054
-2.518,-0.657
-2.646,-1.9
-2.633,1.822
-2.51,1.457
-2.544,0.394
-2.556,1.03
-2.594,-1.47
-2.77,1.2
-2.829,1.692
-2.722,-0.412
-3.061,0.774
3.042,-0.254
2.825,-0.628
2.581,0.393
2.419,1.523
2.524,-0.696
2.363,-0.255
2.33,-0.722
2.313,-0.559
2.267,0.615
2.374,-0.826
2.311,-1.061
2.09,1.648
2.142,0.126
2.12,0.539
2.057,-0.751
2.059,-1.743
1.927,0.007
2.027,0.833
2.015,-0.076
1.986,0.707
1.83,-0.922
1.753,-1.788
1.914,1.443
1.797,1.076
1.66,-1.861
1.656,1.961
1.64,1.54
1.513,0.551
1.375,-1.319
1.364,0.961
1.276,1.422
1.284,-1.199
1.269,-0.913
1.13,0.557
0.943,0.911
1.041,1.967
0.865,-0.397
0.796,-0.791
0.796,1.723
0.811,-0.945
0.57,0.415
0.666,-0.576
0.56,1.28
0.443,-1.265
0.396,1.46
0.254,-1.489
0.162,1.966
0.027,0.612
0.147,-1.638
-0.081,0.383
-0.015,-0.644
0.004,-0.501
-0.163,-1.633
-0.224,1.735
-0.194,2.058
-0.367,1.722
-0.284,0.245
-0.429,-0.433
-0.359,0.702
-0.502,-1.144
-0.811,-1.766
-1.044,-0.935
-0.941,0.835
-0.927,-1.069
-1.094,0.596
-1.122,0.696
-0.986,-0.95
-1.16,1.276
-1.553,-2.194
-1.459,-2.357
-1.515,-2.266
2.844,-2.117
2.779,-2.292
2.824,-1.971
2.509,-2.184
2.364,-2.319
2.186,-2.176
1.832,-2.27
1.607,-2.441
0.987,-2.163
0.853,-2.081
0.706,-2.469
0.517,-2.404
0.197,-2.176
-0.598,-2.214
-2.148,2.319
-2.634,2.185
-2.699,2.132
-2.887,2.048
2.482,1.999
1.635,2.18
0.941,2.153
-0.343,2.301
-0.665,1.99
-1.051,2.209
2.373,0.177
-2.394,-1.542
-2.757,-0.63
2.188,-0.619
1.029,0.978
0.569,-1.254
0.305,0.921
0.249,0.758
0.227,-0.94
0.221,-1.247
-0.636,-0.633
-0.544,0.629
-0.658,-0.478
-0.73,1.032
-1.282,0.251
-2.004,-0.941
2.256,1.327
2.1,0.032
0.986,1.187
0.276,-0.828
-2.542,-2.113
-2.375,2.092
-1.969,2.294
2.362,2.175
-0.259,1.623
-0.205,1.042
-0.245,1.868
-0.253,0.038
-0.328,1.189
-0.274,2.945
-0.283,2.186
-0.424,2.459
-0.628,0.027
-0.611,1.851
-0.695,0.652
-0.72,1.266
-0.661,1.753
-0.719,0.261
-0.735,1.9
-0.68,1.723
-0.69,-0.108
-0.76,1.897
-0.769,1.798
-0.992,3.631
-1.07,0.941
-1.212,0.812
-1.3,2.475
-1.26,3.153
-1.332,1.523
-1.279,3.638
-1.277,2.198
-1.973,-0.386
-1.945,-0.451
-2.659,-0.543
-3.011,-0.223
2.575,-0.338
2.397,-0.448
2.108,-0.543
2.085,-0.649
1.817,-0.601
1.44,-0.158
1.518,-0.431
0.977,-0.304
0.97,-0.39
0.771,-0.322
0.119,-0.642
-0.129,-0.252
-0.39,-0.269
-0.559,-0.372
-0.665,-0.336
-1.197,-0.473
-1.686,4.197
-1.616,4.104
-1.841,4.142
-2.252,4.077
-2.851,4.21
-2.861,3.953
2.063,3.897
2.061,3.948
1.626,3.87
1.377,4.099
1.379,4.161
0.503,3.896
0.282,4.166
0.281,4.171
-0.576,4.012
-0.652,3.975
-1.074,4.254
-1.227,4.023
-1.845,0.901
-2.298,0.266
1.998,3.763
1.932,2.765
-0.143,2.386
-0.892,3.707
-0.794,3.994
-1.462,0.875
-1.523,2.146
-1.467,2.794
-1.564,3.597
-1.697,1.071
-1.788,2.323
-1.765,2.397
-1.802,1.467
-1.794,1.048
-1.806,1.612
-1.963,1.027
-2.018,1.116
-2.174,3.448
-2.261,1.525
-2.453,2.06
-2.372,1.775
-2.454,1.172
-2.582,-0.071
-2.569,3.651
-2.446,3.286
-2.48,2.223
-2.492,2.859
-2.53,0.359
-2.706,3.029
-2.765,3.521
-2.658,1.417
-2.997,2.603
3.106,1.575
2.889,1.201
2.645,2.222
2.483,3.352
2.588,1.133
2.427,1.574
2.394,1.107
2.377,1.27
2.331,2.444
2.438,1.003
2.375,0.768
2.154,3.477
2.206,1.955
2.184,2.368
2.121,1.078
2.123,0.086
1.991,1.836
2.091,2.662
2.079,1.753
2.05,2.536
1.894,0.907
1.817,0.041
1.978,3.272
1.861,2.905
1.724,-0.032
1.72,3.79
1.704,3.369
1.577,2.38
1.439,0.51
1.428,2.79
1.34,3.251
1.348,0.63
1.333,0.916
1.194,2.386
1.007,2.74
1.105,3.796
0.929,1.432
0.86,1.038
0.86,3.552
0.875,0.884
0.634,2.244
0.73,1.253
0.624,3.109
0.507,0.564
0.46,3.289
0.318,0.34
0.226,3.795
0.091,2.441
0.211,0.191
-0.017,2.212
0.049,1.185
0.068,1.328
-0.099,0.196
-0.16,3.564
-0.13,3.887
-0.303,3.551
-0.22,2.074
-0.365,1.396
-0.295,2.531
-0.438,0.685
-0.747,0.063
-0.98,0.894
-0.877,2.664
-0.863,0.76
-1.03,2.425
-1.058,2.525
-0.922,0.879
-1.096,3.105
-1.489,-0.365
-1.395,-0.528
-1.451,-0.437
2.908,-0.288
2.843,-0.463
2.888,-0.142
2.573,-0.355
2.428,-0.49
2.25,-0.347
1.896,-0.441
1.671,-0.612
1.051,-0.334
0.917,-0.252
0.77,-0.64
0.581,-0.575
0.261,-0.347
-0.534,-0.385
-2.084,4.148
-2.57,4.014
-2.635,3.961
-2.823,3.877
2.546,3.828
1.699,4.009
1.005,3.982
-0.279,4.13
-0.601,3.819
-0.987,4.038
2.437,2.006
-2.33,0.287
-2.693,1.199
2.252,1.21
1.093,2.807
0.633,0.575
0.369,2.75
0.313,2.587
0.291,0.889
0.285,0.582
-0.572,1.196
-0.48,2.458
-0.594,1.351
-0.666,2.861
-1.218,2.08
-1.94,0.888
2.32,3.156
2.164,1.861
1.05,3.016
0.34,1.001
-2.478,-0.284
-2.311,3.921
-1.905,4.123
2.426,4.004
0.054,-0.581
0.014,0.245
0.006,-1.585
-0.069,-0.434
-0.015,1.322
-0.024,0.563
-0.165,0.836
-0.369,-1.596
-0.352,0.228
-0.436,-0.971
-0.461,-0.357
-0.402,0.13
-0.46,-1.362
-0.476,0.277
-0.421,0.1
-0.431,-1.731
-0.501,0.274
-0.51,0.175
-0.733,2.008
-0.811,-0.682
-0.953,-0.811
-1.041,0.852
-1.001,1.53
-1.073,-0.1
-1.02,2.015
-1.018,0.575
-1.714,-2.009
-1.686,-2.074
-2.4,-2.166
-2.752,-1.846
2.834,-1.961
2.656,-2.071
2.367,-2.166
2.344,-2.272
2.076,-2.224
1.699,-1.781
1.777,-2.054
1.236,-1.927
1.229,-2.013
1.03,-1.945
0.378,-2.265
0.13,-1.875
-0.131,-1.892
-0.3,-1.995
-0.406,-1.959
-0.938,-2.096
-1.427,2.574
-1.357,2.481
-1.582,2.519
-1.993,2.454
-2.592,2.587
-2.602,2.33
2.322,2.274
2.32,2.325
1.885,2.247
1.636,2.476
1.638,2.538
0.762,2.273
0.541,2.543
0.54,2.548
-0.317,2.389
-0.393,2.352
-0.815,2.631
-0.968,2.4
-1.586,-0.722
-2.039,-1.357
2.257,2.14
2.191,1.142
0.116,0.763
-0.633,2.084
-0.535,2.371
-1.203,-0.748
-1.264,0.523
-1.208,1.171
-1.305,1.974
-1.438,-0.552
-1.529,0.7
-1.506,0.774
-1.543,-0.156
-1.535,-0.575
-1.547,-0.011
-1.704,-0.596
-1.759,-0.507
-1.915,1.825
-2.002,-0.098
-2.194,0.437
-2.113,0.152
-2.195,-0.451
-2.323,-1.694
-2.31,2.028
-2.187,1.663
-2.221,0.6
-2.233,1.236
-2.271,-1.264
-2.447,1.406
-2.506,1.898
-2.399,-0.206
-2.738,0.98
-2.918,-0.048
-3.135,-0.422
2.904,0.599
2.742,1.729
2.847,-0.49
2.686,-0.049
2.653,-0.516
2.636,-0.353
2.59,0.821
2.697,-0.62
2.634,-0.855
2.413,1.854
2.465,0.332
2.443,0.745
2.38,-0.545
2.382,-1.537
2.25,0.213
2.35,1.039
2.338,0.13
2.309,0.913
2.153,-0.716
2.076,-1.582
2.237,1.649
2.12,1.282
1.983,-1.655
1.979,2.167
1.963,1.746
1.836,0.757
1.698,-1.113
1.687,1.167
1.599,1.628
1.607,-0.993
1.592,-0.707
1.453,0.763
1.266,1.117
1.364,2.173
1.188,-0.191
1.119,-0.585
1.119,1.929
1.134,-0.739
0.893,0.621
0.989,-0.37
0.883,1.486
0.766,-1.059
0.719,1.666
0.577,-1.283
0.485,2.172
0.35,0.818
0.47,-1.432
0.242,0.589
0.308,-0.438
0.327,-0.295
0.16,-1.427
0.099,1.941
0.129,2.264
-0.044,1.928
0.039,0.451
-0.106,-0.227
-0.036,0.908
-0.179,-0.938
-0.488,-1.56
-0.721,-0.729
-0.618,1.041
-0.604,-0.863
-0.771,0.802
-0.799,0.902
-0.663,-0.744
-0.837,1.482
-1.23,-1.988
-1.136,-2.151
-1.192,-2.06
-3.116,-1.911
3.102,-2.086
-3.136,-1.765
2.832,-1.978
2.687,-2.113
2.509,-1.97
2.155,-2.064
1.93,-2.235
1.31,-1.957
1.176,-1.875
1.029,-2.263
0.84,-2.198
0.52,-1.97
-0.275,-2.008
-1.825,2.525
-2.311,2.391
-2.376,2.338
-2.564,2.254
2.805,2.205
1.958,2.386
1.264,2.359
-0.02,2.507
-0.342,2.196
-0.728,2.415
2.696,0.383
-2.071,-1.336
-2.434,-0.424
2.511,-0.413
1.352,1.184
0.892,-1.048
0.628,1.127
0.572,0.964
0.55,-0.734
0.544,-1.041
-0.313,-0.427
-0.221,0.835
-0.335,-0.272
-0.407,1.238
-0.959,0.457
-1.681,-0.735
2.579,1.533
2.423,0.238
1.309,1.393
0.599,-0.622
-2.219,-1.907
-2.052,2.298
-1.646,2.5
2.685,2.381
-0.04,0.826
-0.048,-1.004
-0.123,0.147
-0.069,1.903
-0.078,1.144
-0.219,1.417
-0.423,-1.015
-0.406,0.809
-0.49,-0.39
-0.515,0.224
-0.456,0.711
-0.514,-0.781
-0.53,0.858
-0.475,0.681
-0.485,-1.15
-0.555,0.855
-0.564,0.756
-0.787,2.589
-0.865,-0.101
-1.007,-0.23
-1.095,1.433
-1.055,2.111
-1.127,0.481
-1.074,2.596
-1.072,1.156
-1.768,-1.428
-1.74,-1.493
-2.454,-1.585
-2.806,-1.265
2.78,-1.38
2.602,-1.49
2.313,-1.585
2.29,-1.691
2.022,-1.643
1.645,-1.2
1.723,-1.473
1.182,-1.346
1.175,-1.432
0.976,-1.364
0.324,-1.684
0.076,-1.294
-0.185,-1.311
-0.354,-1.414
-0.46,-1.378
-0.992,-1.515
-1.481,3.155
-1.411,3.062
-1.636,3.1
-2.047,3.035
-2.646,3.168
-2.656,2.911
2.268,2.855
2.266,2.906
1.831,2.828
1.582,3.057
1.584,3.119
0.708,2.854
0.487,3.124
0.486,3.129
-0.371,2.97
-0.447,2.933
-0.869,3.212
-1.022,2.981
-1.64,-0.141
-2.093,-0.776
2.203,2.721
2.137,1.723
0.062,1.344
-0.687,2.665
-0.589,2.952
-1.257,-0.167
-1.318,1.104
-1.262,1.752
-1.359,2.555
-1.492,0.029
-1.583,1.281
-1.56,1.355
-1.597,0.425
-1.589,0.006
-1.601,0.57
-1.758,-0.015
-1.813,0.074
-1.969,2.406
-2.056,0.483
-2.248,1.018
-2.167,0.733
-2.249,0.13
-2.377,-1.113
-2.364,2.609
-2.241,2.244
-2.275,1.181
-2.287,1.817
-2.325,-0.683
-2.501,1.987
-2.56,2.479
-2.453,0.375
-2.792,1.561
-2.972,0.533
3.094,0.159
2.85,1.18
2.688,2.31
2.793,0.091
2.632,0.532
2.599,0.065
2.582,0.228
2.536,1.402
2.643,-0.039
2.58,-0.274
2.359,2.435
2.411,0.913
2.389,1.326
2.326,0.036
2.328,-0.956
2.196,0.794
2.296,1.62
2.284,0.711
2.255,1.494
2.099,-0.135
2.022,-1.001
2.183,2.23
2.066,1.863
1.929,-1.074
1.925,2.748
1.909,2.327
1.782,1.338
1.644,-0.532
1.633,1.748
1.545,2.209
1.553,-0.412
1.538,-0.126
1.399,1.344
1.212,1.698
1.31,2.754
1.134,0.39
1.065,-0.004
1.065,2.51
1.08,-0.158
0.839,1.202
0.935,0.211
0.829,2.067
0.712,-0.478
0.665,2.247
0.523,-0.702
0.431,2.753
0.296,1.399
0.416,-0.851
0.188,1.17
0.254,0.143
0.273,0.286
0.106,-0.846
0.045,2.522
0.075,2.845
-0.098,2.509
-0.015,1.032
-0.16,0.354
-0.09,1.489
-0.233,-0.357
-0.542,-0.979
-0.775,-0.148
-0.672,1.622
-0.658,-0.282
-0.825,1.383
-0.853,1.483
-0.717,-0.163
-0.891,2.063
-1.284,-1.407
-1.19,-1.57
-1.246,-1.479
3.113,-1.33
3.048,-1.505
3.093,-1.184
2.778,-1.397
2.633,-1.532
2.455,-1.389
2.101,-1.483
1.876,-1.654
1.256,-1.376
1.122,-1.294
0.975,-1.682
0.786,-1.617
0.466,-1.389
-0.329,-1.427
-1.879,3.106
-2.365,2.972
-2.43,2.919
-2.618,2.835
2.751,2.786
1.904,2.967
1.21,2.94
-0.074,3.088
-0.396,2.777
-0.782,2.996
2.642,0.964
-2.125,-0.755
-2.488,0.157
2.457,0.168
1.298,1.765
0.838,-0.467
0.574,1.708
0.518,1.545
0.496,-0.153
0.49,-0.46
-0.367,0.154
-0.275,1.416
-0.389,0.309
-0.461,1.819
-1.013,1.038
-1.735,-0.154
2.525,2.114
2.369,0.819
1.255,1.974
0.545,-0.041
-2.273,-1.326
-2.106,2.879
-1.7,3.081
2.631,2.962
-0.008,-1.83
-0.083,-0.679
-0.029,1.077
-0.038,0.318
-0.179,0.591
-0.383,-1.841
-0.366,-0.017
-0.45,-1.216
-0.475,-0.602
-0.416,-0.115
-0.474,-1.607
-0.49,0.032
-0.435,-0.145
-0.445,-1.976
-0.515,0.029
-0.524,-0.07
-0.747,1.763
-0.825,-0.927
-0.967,-1.056
-1.055,0.607
-1.015,1.285
-1.087,-0.345
-1.034,1.77
-1.032,0.33
-1.728,-2.254
-1.7,-2.319
-2.414,-2.411
-2.766,-2.091
2.82,-2.206
2.642,-2.316
2.353,-2.411
2.33,-2.517
2.062,-2.469
1.685,-2.026
1.763,-2.299
1.222,-2.172
1.215,-2.258
1.016,-2.19
0.364,-2.51
0.116,-2.12
-0.145,-2.137
-0.314,-2.24
-0.42,-2.204
-0.952,-2.341
-1.441,2.329
-1.371,2.236
-1.596,2.274
-2.007,2.209
-2.606,2.342
-2.616,2.085
2.308,2.029
2.306,2.08
1.871,2.002
1.622,2.231
1.624,2.293
0.748,2.028
0.527,2.298
0.526,2.303
-0.331,2.144
-0.407,2.107
-0.829,2.386
-0.982,2.155
-1.6,-0.967
-2.053,-1.602
2.243,1.895
2.177,0.897
0.102,0.518
-0.647,1.839
-0.549,2.126
-1.217,-0.993
-1.278,0.278
-1.222,0.926
-1.319,1.729
-1.452,-0.797
-1.543,0.455
-1.52,0.529
-1.557,-0.401
-1.549,-0.82
-1.561,-0.256
-1.718,-0.841
-1.773,-0.752
-1.929,1.58
-2.016,-0.343
-2.208,0.192
-2.127,-0.093
-2.209,-0.696
-2.337,-1.939
-2.324,1.783
-2.201,1.418
-2.235,0.355
-2.247,0.991
-2.285,-1.509
-2.461,1.161
-2.52,1.653
-2.413,-0.451
-2.752,0.735
-2.932,-0.293
3.134,-0.667
2.89,0.354
2.728,1.484
2.833,-0.735
2.672,-0.294
2.639,-0.761
2.622,-0.598
2.576,0.576
2.683,-0.865
2.62,-1.1
2.399,1.609
2.451,0.087
2.429,0.5
2.366,-0.79
2.368,-1.782
2.236,-0.032
2.336,0.794
2.324,-0.115
2.295,0.668
2.139,-0.961
2.062,-1.827
2.223,1.404
2.106,1.037
1.969,-1.9
1.965,1.922
1.949,1.501
1.822,0.512
1.684,-1.358
1.673,0.922
1.585,1.383
1.593,-1.238
1.578,-0.952
1.439,0.518
1.252,0.872
1.35,1.928
1.174,-0.436
1.105,-0.83
1.105,1.684
1.12,-0.984
0.879,0.376
0.975,-0.615
0.869,1.241
0.752,-1.304
0.705,1.421
0.563,-1.528
0.471,1.927
0.336,0.573
0.456,-1.677
0.228,0.344
0.294,-0.683
0.313,-0.54
0.146,-1.672
0.085,1.696
0.115,2.019
-0.058,1.683
0.025,0.206
-0.12,-0.472
-0.05,0.663
-0.193,-1.183
-0.502,-1.805
-0.735,-0.974
-0.632,0.796
-0.618,-1.108
-0.785,0.557
-0.813,0.657
-0.677,-0.989
-0.851,1.237
-1.244,-2.233
-1.15,-2.396
-1.206,-2.305
-3.13,-2.156
3.088,-2.331
3.133,-2.01
2.818,-2.223
2.673,-2.358
2.495,-2.215
2.141,-2.309
1.916,-2.48
1.296,-2.202
1.162,-2.12
1.015,-2.508
0.826,-2.443
0.506,-2.215
-0.289,-2.253
-1.839,2.28
-2.325,2.146
-2.39,2.093
-2.578,2.009
2.791,1.96
1.944,2.141
1.25,2.114
-0.034,2.262
-0.356,1.951
-0.742,2.17
2.682,0.138
-2.085,-1.581
-2.448,-0.669
2.497,-0.658
1.338,0.939
0.878,-1.293
0.614,0.882
0.558,0.719
0.536,-0.979
0.53,-1.286
-0.327,-0.672
-0.235,0.59
-0.349,-0.517
-0.421,0.993
-0.973,0.212
-1.695,-0.98
2.565,1.288
2.409,-0.007
1.295,1.148
0.585,-0.867
-2.233,-2.152
-2.066,2.053
-1.66,2.255
2.671,2.136
-0.075,1.151
-0.021,2.907
-0.03,2.148
-0.171,2.421
-0.375,-0.011
-0.358,1.813
-0.442,0.614
-0.467,1.228
-0.408,1.715
-0.466,0.223
-0.482,1.862
-0.427,1.685
-0.437,-0.146
-0.507,1.859
-0.516,1.76
-0.739,3.593
-0.817,0.903
-0.959,0.774
-1.047,2.437
-1.007,3.115
-1.079,1.485
-1.026,3.6
-1.024,2.16
-1.72,-0.424
-1.692,-0.489
-2.406,-0.581
-2.758,-0.261
2.828,-0.376
2.65,-0.486
2.361,-0.581
2.338,-0.687
2.07,-0.639
1.693,-0.196
1.771,-0.469
1.23,-0.342
1.223,-0.428
1.024,-0.36
0.372,-0.68
0.124,-0.29
-0.137,-0.307
-0.306,-0.41
-0.412,-0.374
-0.944,-0.511
-1.433,4.159
-1.363,4.066
-1.588,4.104
-1.999,4.039
-2.598,4.172
-2.608,3.915
2.316,3.859
2.314,3.91
1.879,3.832
1.63,4.061
1.632,4.123
0.756,3.858
0.535,4.128
0.534,4.133
-0.323,3.974
-0.399,3.937
-0.821,4.216
-0.974,3.985
-1.592,0.863
-2.045,0.228
2.251,3.725
2.185,2.727
0.11,2.348
-0.639,3.669
-0.541,3.956
-1.209,0.837
-1.27,2.108
-1.214,2.756
-1.311,3.559
-1.444,1.033
-1.535,2.285
-1.512,2.359
-1.549,1.429
-1.541,1.01
-1.553,1.574
-1.71,0.989
-1.765,1.078
-1.921,3.41
-2.008,1.487
-2.2,2.022
-2.119,1.737
-2.201,1.134
-2.329,-0.109
-2.316,3.613
-2.193,3.248
-2.227,2.185
-2.239,2.821
-2.277,0.321
-2.453,2.991
-2.512,3.483
-2.405,1.379
-2.744,2.565
-2.924,1.537
-3.141,1.163
2.898,2.184
2.736,3.314
2.841,1.095
2.68,1.536
2.647,1.069
2.63,1.232
2.584,2.406
2.691,0.965
2.628,0.73
2.407,3.439
2.459,1.917
2.437,2.33
2.374,1.04
2.376,0.048
2.244,1.798
2.344,2.624
2.332,1.715
2.303,2.498
2.147,0.869
2.07,0.003
2.231,3.234
2.114,2.867
1.977,-0.07
1.973,3.752
1.957,3.331
1.83,2.342
1.692,0.472
1.681,2.752
1.593,3.213
1.601,0.592
1.586,0.878
1.447,2.348
1.26,2.702
1.358,3.758
1.182,1.394
1.113,1.0
1.113,3.514
1.128,0.846
0.887,2.206
0.983,1.215
0.877,3.071
0.76,0.526
0.713,3.251
0.571,0.302
0.479,3.757
0.344,2.403
0.464,0.153
0.236,2.174
0.302,1.147
0.321,1.29
0.154,0.158
0.093,3.526
0.123,3.849
-0.05,3.513
0.033,2.036
-0.112,1.358
-0.042,2.493
-0.185,0.647
-0.494,0.025
-0.727,0.856
-0.624,2.626
-0.61,0.722
-0.777,2.387
-0.805,2.487
-0.669,0.841
-0.843,3.067
-1.236,-0.403
-1.142,-0.566
-1.198,-0.475
-3.122,-0.326
3.096,-0.501
3.141,-0.18
2.826,-0.393
2.681,-0.528
2.503,-0.385
2.149,-0.479
1.924,-0.65
1.304,-0.372
1.17,-0.29
1.023,-0.678
0.834,-0.613
0.514,-0.385
-0.281,-0.423
-1.831,4.11
-2.317,3.976
-2.382,3.923
-2.57,3.839
2.799,3.79
1.952,3.971
1.258,3.944
-0.026,4.092
-0.348,3.781
-0.734,4.0
2.69,1.968
-2.077,0.249
-2.44,1.161
2.505,1.172
1.346,2.769
0.886,0.537
0.622,2.712
0.566,2.549
0.544,0.851
0.538,0.544
-0.319,1.158
-0.227,2.42
-0.341,1.313
-0.413,2.823
-0.965,2.042
-1.687,0.85
2.573,3.118
2.417,1.823
1.303,2.978
0.593,0.963
-2.225,-0.322
-2.058,3.883
-1.652,4.085
2.679,3.966
0.054,1.756
0.045,0.997
-0.096,1.27
-0.3,-1.162
-0.283,0.662
-0.367,-0.537
-0.392,0.077
-0.333,0.564
-0.391,-0.928
-0.407,0.711
-0.352,0.534
-0.362,-1.297
-0.432,0.708
-0.441,0.609
-0.664,2.442
-0.742,-0.248
-0.884,-0.377
-0.972,1.286
-0.932,1.964
-1.004,0.334
-0.951,2.449
-0.949,1.009
-1.645,-1.575
-1.617,-1.64
-2.331,-1.732
-2.683,-1.412
2.903,-1.527
2.725,-1.637
2.436,-1.732
2.413,-1.838
2.145,-1.79
1.768,-1.347
1.846,-1.62
1.305,-1.493
1.298,-1.579
1.099,-1.511
0.447,-1.831
0.199,-1.441
-0.062,-1.458
-0.231,-1.561
-0.337,-1.525
-0.869,-1.662
-1.358,3.008
-1.288,2.915
-1.513,2.953
-1.924,2.888
-2.523,3.021
-2.533,2.764
2.391,2.708
2.389,2.759
1.954,2.681
1.705,2.91
1.707,2.972
0.831,2.707
0.61,2.977
0.609,2.982
-0.248,2.823
-0.324,2.786
-0.746,3.065
-0.899,2.834
-1.517,-0.288
-1.97,-0.923
2.326,2.574
2.26,1.576
0.185,1.197
-0.564,2.518
-0.466,2.805
-1.134,-0.314
-1.195,0.957
-1.139,1.605
-1.236,2.408
-1.369,-0.118
-1.46,1.134
-1.437,1.208
-1.474,0.278
-1.466,-0.141
-1.478,0.423
-1.635,-0.162
-1.69,-0.073
-1.846,2.259
-1.933,0.336
-2.125,0.871
-2.044,0.586
-2.126,-0.017
-2.254,-1.26
-2.241,2.462
-2.118,2.097
-2.152,1.034
-2.164,1.67
-2.202,-0.83
-2.378,1.84
-2.437,2.332
-2.33,0.228
-2.669,1.414
-2.849,0.386
-3.066,0.012
2.973,1.033
2.811,2.163
2.916,-0.056
2.755,0.385
2.722,-0.082
2.705,0.081
2.659,1.255
2.766,-0.186
2.703,-0.421
2.482,2.288
2.534,0.766
2.512,1.179
2.449,-0.111
2.451,-1.103
2.319,0.647
2.419,1.473
2.407,0.564
2.378,1.347
2.222,-0.282
2.145,-1.148
2.306,2.083
2.189,1.716
2.052,-1.221
2.048,2.601
2.032,2.18
1.905,1.191
1.767,-0.679
1.756,1.601
1.668,2.062
1.676,-0.559
1.661,-0.273
1.522,1.197
1.335,1.551
1.433,2.607
1.257,0.243
1.188,-0.151
1.188,2.363
1.203,-0.305
0.962,1.055
1.058,0.064
0.952,1.92
0.835,-0.625
0.788,2.1
0.646,-0.849
0.554,2.606
0.419,1.252
0.539,-0.998
0.311,1.023
0.377,-0.004
0.396,0.139
0.229,-0.993
0.168,2.375
0.198,2.698
0.025,2.362
0.108,0.885
-0.037,0.207
0.033,1.342
-0.11,-0.504
-0.419,-1.126
-0.652,-0.295
-0.549,1.475
-0.535,-0.429
-0.702,1.236
-0.73,1.336
-0.594,-0.31
-0.768,1.916
-1.161,-1.554
-1.067,-1.717
-1.123,-1.626
-3.047,-1.477
-3.112,-1.652
-3.067,-1.331
2.901,-1.544
2.756,-1.679
2.578,-1.536
2.224,-1.63
1.999,-1.801
1.379,-1.523
1.245,-1.441
1.098,-1.829
0.909,-1.764
0.589,-1.536
-0.206,-1.574
-1.756,2.959
-2.242,2.825
-2.307,2.772
-2.495,2.688
2.874,2.639
2.027,2.82
1.333,2.793
0.049,2.941
-0.273,2.63
-0.659,2.849
2.765,0.817
-2.002,-0.902
-2.365,0.01
2.58,0.021
1.421,1.618
0.961,-0.614
0.697,1.561
0.641,1.398
0.619,-0.3
0.613,-0.607
-0.244,0.007
-0.152,1.269
-0.266,0.162
-0.338,1.672
-0.89,0.891
-1.612,-0.301
2.648,1.967
2.492,0.672
1.378,1.827
0.668,-0.188
-2.15,-1.473
-1.983,2.732
-1.577,2.934
2.754,2.815
-0.009,-0.759
-0.15,-0.486
-0.354,-2.918
-0.337,-1.094
-0.421,-2.293
-0.446,-1.679
-0.387,-1.192
-0.445,-2.684
-0.461,-1.045
-0.406,-1.222
-0.416,-3.053
-0.486,-1.048
-0.495,-1.147
-0.718,0.686
-0.796,-2.004
-0.938,-2.133
-1.026,-0.47
-0.986,0.208
-1.058,-1.422
-1.005,0.693
-1.003,-0.747
-1.699,-3.331
-1.671,-3.396
-2.385,-3.488
-2.737,-3.168
2.849,-3.283
2.671,-3.393
2.382,-3.488
2.359,-3.594
2.091,-3.546
1.714,-3.103
1.792,-3.376
1.251,-3.249
1.244,-3.335
1.045,-3.267
0.393,-3.587
0.145,-3.197
-0.116,-3.214
-0.285,-3.317
-0.391,-3.281
-0.923,-3.418
-1.412,1.252
-1.342,1.159
-1.567,1.197
-1.978,1.132
-2.577,1.265
-2.587,1.008
2.337,0.952
2.335,1.003
1.9,0.925
1.651,1.154
1.653,1.216
0.777,0.951
0.556,1.221
0.555,1.226
-0.302,1.067
-0.378,1.03
-0.8,1.309
-0.953,1.078
-1.571,-2.044
-2.024,-2.679
2.272,0.818
2.206,-0.18
0.131,-0.559
-0.618,0.762
-0.52,1.049
-1.188,-2.07
-1.249,-0.799
-1.193,-0.151
-1.29,0.652
-1.423,-1.874
-1.514,-0.622
-1.491,-0.548
-1.528,-1.478
-1.52,-1.897
-1.532,-1.333
-1.689,-1.918
-1.744,-1.829
-1.9,0.503
-1.987,-1.42
-2.179,-0.885
-2.098,-1.17
-2.18,-1.773
-2.308,-3.016
-2.295,0.706
-2.172,0.341
-2.206,-0.722
-2.218,-0.086
-2.256,-2.586
-2.432,0.084
-2.491,0.576
-2.384,-1.528
-2.723,-0.342
-2.903,-1.37
-3.12,-1.744
2.919,-0.723
2.757,0.407
2.862,-1.812
2.701,-1.371
2.668,-1.838
2.651,-1.675
2.605,-0.501
2.712,-1.942
2.649,-2.177
2.428,0.532
2.48,-0.99
2.458,-0.577
2.395,-1.867
2.397,-2.859
2.265,-1.109
2.365,-0.283
2.353,-1.192
2.324,-0.409
2.168,-2.038
2.091,-2.904
2.252,0.327
2.135,-0.04
1.998,-2.977
1.994,0.845
1.978,0.424
1.851,-0.565
1.713,-2.435
1.702,-0.155
1.614,0.306
1.622,-2.315
1.607,-2.029
1.468,-0.559
1.281,-0.205
1.379,0.851
1.203,-1.513
1.134,-1.907
1.134,0.607
1.149,-2.061
0.908,-0.701
1.004,-1.692
0.898,0.164
0.781,-2.381
0.734,0.344
0.592,-2.605
0.5,0.85
0.365,-0.504
0.485,-2.754
0.257,-0.733
0.323,-1.76
0.342,-1.617
0.175,-2.749
0.114,0.619
0.144,0.942
-0.029,0.606
0.054,-0.871
-0.091,-1.549
-0.021,-0.414
-0.164,-2.26
-0.473,-2.882
-0.706,-2.051
-0.603,-0.281
-0.589,-2.185
-0.756,-0.52
-0.784,-0.42
-0.648,-2.066
-0.822,0.16
-1.215,-3.31
-1.121,-3.473
-1.177,-3.382
-3.101,-3.233
3.117,-3.408
-3.121,-3.087
2.847,-3.3
2.702,-3.435
2.524,-3.292
2.17,-3.386
1.945,-3.557
1.325,-3.279
1.191,-3.197
1.044,-3.585
0.855,-3.52
0.535,-3.292
-0.26,-3.33
-1.81,1.203
-2.296,1.069
-2.361,1.016
-2.549,0.932
2.82,0.883
1.973,1.064
1.279,1.037
-0.005,1.185
-0.327,0.874
-0.713,1.093
2.711,-0.939
-2.056,-2.658
-2.419,-1.746
2.526,-1.735
1.367,-0.138
0.907,-2.37
0.643,-0.195
0.587,-0.358
0.565,-2.056
0.559,-2.363
-0.298,-1.749
-0.206,-0.487
-0.32,-1.594
-0.392,-0.084
-0.944,-0.865
-1.666,-2.057
2.594,0.211
2.438,-1.084
1.324,0.071
0.614,-1.944
-2.204,-3.229
-2.037,0.976
-1.631,1.178
2.7,1.059
-0.141,0.273
-0.345,-2.159
-0.328,-0.335
-0.412,-1.534
-0.437,-0.92
-0.378,-0.433
-0.436,-1.925
-0.452,-0.286
-0.397,-0.463
-0.407,-2.294
-0.477,-0.289
-0.486,-0.388
-0.709,1.445
-0.787,-1.245
-0.929,-1.374
-1.017,0.289
-0.977,0.967
-1.049,-0.663
-0.996,1.452
-0.994,0.012
-1.69,-2.572
-1.662,-2.637
-2.376,-2.729
-2.728,-2.409
2.858,-2.524
2.68,-2.634
2.391,-2.729
2.368,-2.835
2.1,-2.787
1.723,-2.344
1.801,-2.617
1.26,-2.49
1.253,-2.576
1.054,-2.508
0.402,-2.828
0.154,-2.438
-0.107,-2.455
-0.276,-2.558
-0.382,-2.522
-0.914,-2.659
-1.403,2.011
-1.333,1.918
-1.558,1.956
-1.969,1.891
-2.568,2.024
-2.578,1.767
2.346,1.711
2.344,1.762
1.909,1.684
1.66,1.913
1.662,1.975
0.786,1.71
0.565,1.98
0.564,1.985
-0.293,1.826
-0.369,1.789
-0.791,2.068
-0.944,1.837
-1.562,-1.285
-2.015,-1.92
2.281,1.577
2.215,0.579
0.14,0.2
-0.609,1.521
-0.511,1.808
-1.179,-1.311
-1.24,-0.04
-1.184,0.608
-1.281,1.411
-1.414,-1.115
-1.505,0.137
-1.482,0.211
-1.519,-0.719
-1.511,-1.138
-1.523,-0.574
-1.68,-1.159
-1.735,-1.07
-1.891,1.262
-1.978,-0.661
-2.17,-0.126
-2.089,-0.411
-2.171,-1.014
-2.299,-2.257
-2.286,1.465
-2.163,1.1
-2.197,0.037
-2.209,0.673
-2.247,-1.827
-2.423,0.843
-2.482,1.335
-2.375,-0.769
-2.714,0.417
-2.894,-0.611
-3.111,-0.985
2.928,0.036
2.766,1.166
2.871,-1.053
2.71,-0.612
2.677,-1.079
2.66,-0.916
2.614,0.258
2.721,-1.183
2.658,-1.418
2.437,1.291
2.489,-0.231
2.467,0.182
2.404,-1.108
2.406,-2.1
2.274,-0.35
2.374,0.476
2.362,-0.433
2.333,0.35
2.177,-1.279
2.1,-2.145
2.261,1.086
2.144,0.719
2.007,-2.218
2.003,1.604
1.987,1.183
1.86,0.194
1.722,-1.676
1.711,0.604
1.623,1.065
1.631,-1.556
1.616,-1.27
1.477,0.2
1.29,0.554
1.388,1.61
1.212,-0.754
1.143,-1.148
1.143,1.366
1.158,-1.302
0.917,0.058
1.013,-0.933
0.907,0.923
0.79,-1.622
0.743,1.103
0.601,-1.846
0.509,1.609
0.374,0.255
0.494,-1.995
0.266,0.026
0.332,-1.001
0.351,-0.858
0.184,-1.99
0.123,1.378
0.153,1.701
-0.02,1.365
0.063,-0.112
-0.082,-0.79
-0.012,0.345
-0.155,-1.501
-0.464,-2.123
-0.697,-1.292
-0.594,0.478
-0.58,-1.426
-0.747,0.239
-0.775,0.339
-0.639,-1.307
-0.813,0.919
-1.206,-2.551
-1.112,-2.714
-1.168,-2.623
-3.092,-2.474
3.126,-2.649
-3.112,-2.328
2.856,-2.541
2.711,-2.676
2.533,-2.533
2.179,-2.627
1.954,-2.798
1.334,-2.52
1.2,-2.438
1.053,-2.826
0.864,-2.761
0.544,-2.533
-0.251,-2.571
-1.801,1.962
-2.287,1.828
-2.352,1.775
-2.54,1.691
2.829,1.642
1.982,1.823
1.288,1.796
0.004,1.944
-0.318,1.633
-0.704,1.852
2.72,-0.18
-2.047,-1.899
-2.41,-0.987
2.535,-0.976
1.376,0.621
0.916,-1.611
0.652,0.564
0.596,0.401
0.574,-1.297
0.568,-1.604
-0.289,-0.99
-0.197,0.272
-0.311,-0.835
-0.383,0.675
-0.935,-0.106
-1.657,-1.298
2.603,0.97
2.447,-0.325
1.333,0.83
0.623,-1.185
-2.195,-2.47
-2.028,1.735
-1.622,1.937
2.709,1.818
-0.204,-2.432
-0.187,-0.608
-0.271,-1.807
-0.296,-1.193
-0.237,-0.706
-0.295,-2.198
-0.311,-0.559
-0.256,-0.736
-0.266,-2.567
-0.336,-0.562
-0.345,-0.661
-0.568,1.172
-0.646,-1.518
-0.788,-1.647
-0.876,0.016
-0.836,0.694
-0.908,-0.936
-0.855,1.179
-0.853,-0.261
-1.549,-2.845
-1.521,-2.91
-2.235,-3.002
-2.587,-2.682
2.999,-2.797
2.821,-2.907
2.532,-3.002
2.509,-3.108
2.241,-3.06
1.864,-2.617
1.942,-2.89
1.401,-2.763
1.394,-2.849
1.195,-2.781
0.543,-3.101
0.295,-2.711
0.034,-2.728
-0.135,-2.831
-0.241,-2.795
-0.773,-2.932
-1.262,1.738
-1.192,1.645
-1.417,1.683
-1.828,1.618
-2.427,1.751
-2.437,1.494
2.487,1.438
2.485,1.489
2.05,1.411
1.801,1.64
1.803,1.702
0.927,1.437
0.706,1.707
0.705,1.712
-0.152,1.553
-0.228,1.516
-0.65,1.795
-0.803,1.564
-1.421,-1.558
-1.874,-2.193
2.422,1.304
2.356,0.306
0.281,-0.073
-0.468,1.248
-0.37,1.535
-1.038,-1.584
-1.099,-0.313
-1.043,0.335
-1.14,1.138
-1.273,-1.388
-1.364,-0.136
-1.341,-0.062
-1.378,-0.992
-1.37,-1.411
-1.382,-0.847
-1.539,-1.432
-1.594,-1.343
-1.75,0.989
-1.837,-0.934
-2.029,-0.399
-1.948,-0.684
-2.03,-1.287
-2.158,-2.53
-2.145,1.192
-2.022,0.827
-2.056,-0.236
-2.068,0.4
-2.106,-2.1
-2.282,0.57
-2.341,1.062
-2.234,-1.042
-2.573,0.144
-2.753,-0.884
-2.97,-1.258
3.069,-0.237
2.907,0.893
3.012,-1.326
2.851,-0.885
2.818,-1.352
2.801,-1.189
2.755,-0.015
2.862,-1.456
2.799,-1.691
2.578,1.018
2.63,-0.504
2.608,-0.091
2.545,-1.381
2.547,-2.373
2.415,-0.623
2.515,0.203
2.503,-0.706
2.474,0.077
2.318,-1.552
2.241,-2.418
2.402,0.813
2.285,0.446
2.148,-2.491
2.144,1.331
2.128,0.91
2.001,-0.079
1.863,-1.949
1.852,0.331
1.764,0.792
1.772,-1.829
1.757,-1.543
1.618,-0.073
1.431,0.281
1.529,1.337
1.353,-1.027
1.284,-1.421
1.284,1.093
1.299,-1.575
1.058,-0.215
1.154,-1.206
1.048,0.65
0.931,-1.895
0.884,0.83
0.742,-2.119
0.65,1.336
0.515,-0.018
0.635,-2.268
0.407,-0.247
0.473,-1.274
0.492,-1.131
0.325,-2.263
0.264,1.105
0.294,1.428
0.121,1.092
0.204,-0.385
0.059,-1.063
0.129,0.072
-0.014,-1.774
-0.323,-2.396
-0.556,-1.565
-0.453,0.205
-0.439,-1.699
-0.606,-0.034
-0.634,0.066
-0.498,-1.58
-0.672,0.646
-1.065,-2.824
-0.971,-2.987
-1.027,-2.896
-2.951,-2.747
-3.016,-2.922
-2.971,-2.601
2.997,-2.814
2.852,-2.949
2.674,-2.806
2.32,-2.9
2.095,-3.071
1.475,-2.793
1.341,-2.711
1.194,-3.099
1.005,-3.034
0.685,-2.806
-0.11,-2.844
-1.66,1.689
-2.146,1.555
-2.211,1.502
-2.399,1.418
2.97,1.369
2.123,1.55
1.429,1.523
0.145,1.671
-0.177,1.36
-0.563,1.579
2.861,-0.453
-1.906,-2.172
-2.269,-1.26
2.676,-1.249
1.517,0.348
1.057,-1.884
0.793,0.291
0.737,0.128
0.715,-1.57
0.709,-1.877
-0.148,-1.263
-0.056,-0.001
-0.17,-1.108
-0.242,0.402
-0.794,-0.379
-1.516,-1.571
2.744,0.697
2.588,-0.598
1.474,0.557
0.764,-1.458
-2.054,-2.743
-1.887,1.462
-1.481,1.664
2.85,1.545
0.017,1.824
-0.067,0.625
-0.092,1.239
-0.033,1.726
-0.091,0.234
-0.107,1.873
-0.052,1.696
-0.062,-0.135
-0.132,1.87
-0.141,1.771
-0.364,3.604
-0.442,0.914
-0.584,0.785
-0.672,2.448
-0.632,3.126
-0.704,1.496
-0.651,3.611
-0.649,2.171
-1.345,-0.413
-1.317,-0.478
-2.031,-0.57
-2.383,-0.25
-3.08,-0.365
3.025,-0.475
2.736,-0.57
2.713,-0.676
2.445,-0.628
2.068,-0.185
2.146,-0.458
1.605,-0.331
1.598,-0.417
1.399,-0.349
0.747,-0.669
0.499,-0.279
0.238,-0.296
0.069,-0.399
-0.037,-0.363
-0.569,-0.5
-1.058,4.17
-0.988,4.077
-1.213,4.115
-1.624,4.05
-2.223,4.183
-2.233,3.926
2.691,3.87
2.689,3.921
2.254,3.843
2.005,4.072
2.007,4.134
1.131,3.869
0.91,4.139
0.909,4.144
0.052,3.985
-0.024,3.948
-0.446,4.227
-0.599,3.996
-1.217,0.874
-1.67,0.239
2.626,3.736
2.56,2.738
0.485,2.359
-0.264,3.68
-0.166,3.967
-0.834,0.848
-0.895,2.119
-0.839,2.767
-0.936,3.57
-1.069,1.044
-1.16,2.296
-1.137,2.37
-1.174,1.44
-1.166,1.021
-1.178,1.585
-1.335,1.0
-1.39,1.089
-1.546,3.421
-1.633,1.498
-1.825,2.033
-1.744,1.748
-1.826,1.145
-1.954,-0.098
-1.941,3.624
-1.818,3.259
-1.852,2.196
-1.864,2.832
-1.902,0.332
-2.078,3.002
-2.137,3.494
-2.03,1.39
-2.369,2.576
-2.549,1.548
-2.766,1.174
-3.01,2.195
3.111,3.325
-3.067,1.106
3.055,1.547
3.022,1.08
3.005,1.243
2.959,2.417
3.066,0.976
3.003,0.741
2.782,3.45
2.834,1.928
2.812,2.341
2.749,1.051
2.751,0.059
2.619,1.809
2.719,2.635
2.707,1.726
2.678,2.509
2.522,0.88
2.445,0.014
2.606,3.245
2.489,2.878
2.352,-0.059
2.348,3.763
2.332,3.342
2.205,2.353
2.067,0.483
2.056,2.763
1.968,3.224
1.976,0.603
1.961,0.889
1.822,2.359
1.635,2.713
1.733,3.769
1.557,1.405
1.488,1.011
1.488,3.525
1.503,0.857
1.262,2.217
1.358,1.226
1.252,3.082
1.135,0.537
1.088,3.262
0.946,0.313
0.854,3.768
0.719,2.414
0.839,0.164
0.611,2.185
0.677,1.158
0.696,1.301
0.529,0.169
0.468,3.537
0.498,3.86
0.325,3.524
0.408,2.047
0.263,1.369
0.333,2.504
0.19,0.658
-0.119,0.036
-0.352,0.867
-0.249,2.637
-0.235,0.733
-0.402,2.398
-0.43,2.498
-0.294,0.852
-0.468,3.078
-0.861,-0.392
-0.767,-0.555
-0.823,-0.464
-2.747,-0.315
-2.812,-0.49
-2.767,-0.169
-3.082,-0.382
3.056,-0.517
2.878,-0.374
2.524,-0.468
2.299,-0.639
1.679,-0.361
1.545,-0.279
1.398,-0.667
1.209,-0.602
0.889,-0.374
0.094,-0.412
-1.456,4.121
-1.942,3.987
-2.007,3.934
-2.195,3.85
-3.109,3.801
2.327,3.982
1.633,3.955
0.349,4.103
0.027,3.792
-0.359,4.011
3.065,1.979
-1.702,0.26
-2.065,1.172
2.88,1.183
1.721,2.78
1.261,0.548
0.997,2.723
0.941,2.56
0.919,0.862
0.913,0.555
0.056,1.169
0.148,2.431
0.034,1.324
-0.038,2.834
-0.59,2.053
-1.312,0.861
2.948,3.129
2.792,1.834
1.678,2.989
0.968,0.974
-1.85,-0.311
-1.683,3.894
-1.277,4.096
3.054,3.977
-0.084,-1.199
-0.109,-0.585
-0.05,-0.098
-0.108,-1.59
-0.124,0.049
-0.069,-0.128
-0.079,-1.959
-0.149,0.046
-0.158,-0.053
-0.381,1.78
-0.459,-0.91
-0.601,-1.039
-0.689,0.624
-0.649,1.302
-0.721,-0.328
-0.668,1.787
-0.666,0.347
-1.362,-2.237
-1.334,-2.302
-2.048,-2.394
-2.4,-2.074
-3.097,-2.189
3.008,-2.299
2.719,-2.394
2.696,-2.5
2.428,-2.452
2.051,-2.009
2.129,-2.282
1.588,-2.155
1.581,-2.241
1.382,-2.173
0.73,-2.493
0.482,-2.103
0.221,-2.12
0.052,-2.223
-0.054,-2.187
-0.586,-2.324
-1.075,2.346
-1.005,2.253
-1.23,2.291
-1.641,2.226
-2.24,2.359
-2.25,2.102
2.674,2.046
2.672,2.097
2.237,2.019
1.988,2.248
1.99,2.31
1.114,2.045
0.893,2.315
0.892,2.32
0.035,2.161
-0.041,2.124
-0.463,2.403
-0.616,2.172
-1.234,-0.95
-1.687,-1.585
2.609,1.912
2.543,0.914
0.468,0.535
-0.281,1.856
-0.183,2.143
-0.851,-0.976
-0.912,0.295
-0.856,0.943
-0.953,1.746
-1.086,-0.78
-1.177,0.472
-1.154,0.546
-1.191,-0.384
-1.183,-0.803
-1.195,-0.239
-1.352,-0.824
-1.407,-0.735
-1.563,1.597
-1.65,-0.326
-1.842,0.209
-1.761,-0.076
-1.843,-0.679
-1.971,-1.922
-1.958,1.8
-1.835,1.435
-1.869,0.372
-1.881,1.008
-1.919,-1.492
-2.095,1.178
-2.154,1.67
-2.047,-0.434
-2.386,0.752
-2.566,-0.276
-2.783,-0.65
-3.027,0.371
3.094,1.501
-3.084,-0.718
3.038,-0.277
3.005,-0.744
2.988,-0.581
2.942,0.593
3.049,-0.848
2.986,-1.083
2.765,1.626
2.817,0.104
2.795,0.517
2.732,-0.773
2.734,-1.765
2.602,-0.015
2.702,0.811
2.69,-0.098
2.661,0.685
2.505,-0.944
2.428,-1.81
2.589,1.421
2.472,1.054
2.335,-1.883
2.331,1.939
2.315,1.518
2.188,0.529
2.05,-1.341
2.039,0.939
1.951,1.4
1.959,-1.221
1.944,-0.935
1.805,0.535
1.618,0.889
1.716,1.945
1.54,-0.419
1.471,-0.813
1.471,1.701
1.486,-0.967
1.245,0.393
1.341,-0.598
1.235,1.258
1.118,-1.287
1.071,1.438
0.929,-1.511
0.837,1.944
0.702,0.59
0.822,-1.66
0.594,0.361
0.66,-0.666
0.679,-0.523
0.512,-1.655
0.451,1.713
0.481,2.036
0.308,1.7
0.391,0.223
0.246,-0.455
0.316,0.68
0.173,-1.166
-0.136,-1.788
-0.369,-0.957
-0.266,0.813
-0.252,-1.091
-0.419,0.574
-0.447,0.674
-0.311,-0.972
-0.485,1.254
-0.878,-2.216
-0.784,-2.379
-0.84,-2.288
-2.764,-2.139
-2.829,-2.314
-2.784,-1.993
-3.099,-2.206
3.039,-2.341
2.861,-2.198
2.507,-2.292
2.282,-2.463
1.662,-2.185
1.528,-2.103
1.381,-2.491
1.192,-2.426
0.872,-2.198
0.077,-2.236
-1.473,2.297
-1.959,2.163
-2.024,2.11
-2.212,2.026
-3.126,1.977
2.31,2.158
1.616,2.131
0.332,2.279
0.01,1.968
-0.376,2.187
3.048,0.155
-1.719,-1.564
-2.082,-0.652
2.863,-0.641
1.704,0.956
1.244,-1.276
0.98,0.899
0.924,0.736
0.902,-0.962
0.896,-1.269
0.039,-0.655
0.131,0.607
0.017,-0.5
-0.055,1.01
-0.607,0.229
-1.329,-0.963
2.931,1.305
2.775,0.01
1.661,1.165
0.951,-0.85
-1.867,-2.135
-1.7,2.07
-1.294,2.272
3.037,2.153
-0.025,0.614
0.034,1.101
-0.024,-0.391
-0.04,1.248
0.015,1.071
0.005,-0.76
-0.065,1.245
-0.074,1.146
-0.297,2.979
-0.375,0.289
-0.517,0.16
-0.605,1.823
-0.565,2.501
-0.637,0.871
-0.584,2.986
-0.582,1.546
-1.278,-1.038
-1.25,-1.103
-1.964,-1.195
-2.316,-0.875
-3.013,-0.99
3.092,-1.1
2.803,-1.195
2.78,-1.301
2.512,-1.253
2.135,-0.81
2.213,-1.083
1.672,-0.956
1.665,-1.042
1.466,-0.974
0.814,-1.294
0.566,-0.904
0.305,-0.921
0.136,-1.024
0.03,-0.988
-0.502,-1.125
-0.991,3.545
-0.921,3.452
-1.146,3.49
-1.557,3.425
-2.156,3.558
-2.166,3.301
2.758,3.245
2.756,3.296
2.321,3.218
2.072,3.447
2.074,3.509
1.198,3.244
0.977,3.514
0.976,3.519
0.119,3.36
0.043,3.323
-0.379,3.602
-0.532,3.371
-1.15,0.249
-1.603,-0.386
2.693,3.111
2.627,2.113
0.552,1.734
-0.197,3.055
-0.099,3.342
-0.767,0.223
-0.828,1.494
-0.772,2.142
-0.869,2.945
-1.002,0.419
-1.093,1.671
-1.07,1.745
-1.107,0.815
-1.099,0.396
-1.111,0.96
-1.268,0.375
-1.323,0.464
-1.479,2.796
-1.566,0.873
-1.758,1.408
-1.677,1.123
-1.759,0.52
-1.887,-0.723
-1.874,2.999
-1.751,2.634
-1.785,1.571
-1.797,2.207
-1.835,-0.293
-2.011,2.377
-2.07,2.869
-1.963,0.765
-2.302,1.951
-2.482,0.923
-2.699,0.549
-2.943,1.57
-3.105,2.7
-3.0,0.481
3.122,0.922
3.089,0.455
3.072,0.618
3.026,1.792
3.133,0.351
3.07,0.116
2.849,2.825
2.901,1.303
2.879,1.716
2.816,0.426
2.818,-0.566
2.686,1.184
2.786,2.01
2.774,1.101
2.745,1.884
2.589,0.255
2.512,-0.611
2.673,2.62
2.556,2.253
2.419,-0.684
2.415,3.138
2.399,2.717
2.272,1.728
2.134,-0.142
2.123,2.138
2.035,2.599
2.043,-0.022
2.028,0.264
1.889,1.734
1.702,2.088
1.8,3.144
1.624,0.78
1.555,0.386
1.555,2.9
1.57,0.232
1.329,1.592
1.425,0.601
1.319,2.457
1.202,-0.088
1.155,2.637
1.013,-0.312
0.921,3.143
0.786,1.789
0.906,-0.461
0.678,1.56
0.744,0.533
0.763,0.676
0.596,-0.456
0.535,2.912
0.565,3.235
0.392,2.899
0.475,1.422
0.33,0.744
0.4,1.879
0.257,0.033
-0.052,-0.589
-0.285,0.242
-0.182,2.012
-0.168,0.108
-0.335,1.773
-0.363,1.873
-0.227,0.227
-0.401,2.453
-0.794,-1.017
-0.7,-1.18
-0.756,-1.089
-2.68,-0.94
-2.745,-1.115
-2.7,-0.794
-3.015,-1.007
3.123,-1.142
2.945,-0.999
2.591,-1.093
2.366,-1.264
1.746,-0.986
1.612,-0.904
1.465,-1.292
1.276,-1.227
0.956,-0.999
0.161,-1.037
-1.389,3.496
-1.875,3.362
-1.94,3.309
-2.128,3.225
-3.042,3.176
2.394,3.357
1.7,3.33
0.416,3.478
0.094,3.167
-0.292,3.386
3.132,1.354
-1.635,-0.365
-1.998,0.547
2.947,0.558
1.788,2.155
1.328,-0.077
1.064,2.098
1.008,1.935
0.986,0.237
0.98,-0.07
0.123,0.544
0.215,1.806
0.101,0.699
0.029,2.209
-0.523,1.428
-1.245,0.236
3.015,2.504
2.859,1.209
1.745,2.364
1.035,0.349
-1.783,-0.936
-1.616,3.269
-1.21,3.471
3.121,3.352
0.059,0.487
0.001,-1.005
-0.015,0.634
0.04,0.457
0.03,-1.374
-0.04,0.631
-0.049,0.532
-0.272,2.365
-0.35,-0.325
-0.492,-0.454
-0.58,1.209
-0.54,1.887
-0.612,0.257
-0.559,2.372
-0.557,0.932
-1.253,-1.652
-1.225,-1.717
-1.939,-1.809
-2.291,-1.489
-2.988,-1.604
3.117,-1.714
2.828,-1.809
2.805,-1.915
2.537,-1.867
2.16,-1.424
2.238,-1.697
1.697,-1.57
1.69,-1.656
1.491,-1.588
0.839,-1.908
0.591,-1.518
0.33,-1.535
0.161,-1.638
0.055,-1.602
-0.477,-1.739
-0.966,2.931
-0.896,2.838
-1.121,2.876
-1.532,2.811
-2.131,2.944
-2.141,2.687
2.783,2.631
2.781,2.682
2.346,2.604
2.097,2.833
2.099,2.895
1.223,2.63
1.002,2.9
1.001,2.905
0.144,2.746
0.068,2.709
-0.354,2.988
-0.507,2.757
-1.125,-0.365
-1.578,-1.0
2.718,2.497
2.652,1.499
0.577,1.12
-0.172,2.441
-0.074,2.728
-0.742,-0.391
-0.803,0.88
-0.747,1.528
-0.844,2.331
-0.977,-0.195
-1.068,1.057
-1.045,1.131
-1.082,0.201
-1.074,-0.218
-1.086,0.346
-1.243,-0.239
-1.298,-0.15
-1.454,2.182
-1.541,0.259
-1.733,0.794
-1.652,0.509
-1.734,-0.094
-1.862,-1.337
-1.849,2.385
-1.726,2.02
-1.76,0.957
-1.772,1.593
-1.81,-0.907
-1.986,1.763
-2.045,2.255
-1.938,0.151
-2.277,1.337
-2.457,0.309
-2.674,-0.065
-2.918,0.956
-3.08,2.086
-2.975,-0.133
-3.136,0.308
3.114,-0.159
3.097,0.004
3.051,1.178
-3.125,-0.263
3.095,-0.498
2.874,2.211
2.926,0.689
2.904,1.102
2.841,-0.188
2.843,-1.18
2.711,0.57
2.811,1.396
2.799,0.487
2.77,1.27
2.614,-0.359
2.537,-1.225
2.698,2.006
2.581,1.639
2.444,-1.298
2.44,2.524
2.424,2.103
2.297,1.114
2.159,-0.756
2.148,1.524
2.06,1.985
2.068,-0.636
2.053,-0.35
1.914,1.12
1.727,1.474
1.825,2.53
1.649,0.166
1.58,-0.228
1.58,2.286
1.595,-0.382
1.354,0.978
1.45,-0.013
1.344,1.843
1.227,-0.702
1.18,2.023
1.038,-0.926
0.946,2.529
0.811,1.175
0.931,-1.075
0.703,0.946
0.769,-0.081
0.788,0.062
0.621,-1.07
0.56,2.298
0.59,2.621
0.417,2.285
0.5,0.808
0.355,0.13
0.425,1.265
0.282,-0.581
-0.027,-1.203
-0.26,-0.372
-0.157,1.398
-0.143,-0.506
-0.31,1.159
-0.338,1.259
-0.202,-0.387
-0.376,1.839
-0.769,-1.631
-0.675,-1.794
-0.731,-1.703
-2.655,-1.554
-2.72,-1.729
-2.675,-1.408
-2.99,-1.621
-3.135,-1.756
2.97,-1.613
2.616,-1.707
2.391,-1.878
1.771,-1.6
1.637,-1.518
1.49,-1.906
1.301,-1.841
0.981,-1.613
0.186,-1.651
-1.364,2.882
-1.85,2.748
-1.915,2.695
-2.103,2.611
-3.017,2.562
2.419,2.743
1.725,2.716
0.441,2.864
0.119,2.553
-0.267,2.772
-3.126,0.74
-1.61,-0.979
-1.973,-0.067
2.972,-0.056
1.813,1.541
1.353,-0.691
1.089,1.484
1.033,1.321
1.011,-0.377
1.005,-0.684
0.148,-0.07
0.24,1.192
0.126,0.085
0.054,1.595
-0.498,0.814
-1.22,-0.378
3.04,1.89
2.884,0.595
1.77,1.75
1.06,-0.265
-1.758,-1.55
-1.591,2.655
-1.185,2.857
-3.137,2.738
-0.058,-1.492
-0.074,0.147
-0.019,-0.03
-0.029,-1.861
-0.099,0.144
-0.108,0.045
-0.331,1.878
-0.409,-0.812
-0.551,-0.941
-0.639,0.722
-0.599,1.4
-0.671,-0.23
-0.618,1.885
-0.616,0.445
-1.312,-2.139
-1.284,-2.204
-1.998,-2.296
-2.35,-1.976
-3.047,-2.091
3.058,-2.201
2.769,-2.296
2.746,-2.402
2.478,-2.354
2.101,-1.911
2.179,-2.184
1.638,-2.057
1.631,-2.143
1.432,-2.075
0.78,-2.395
0.532,-2.005
0.271,-2.022
0.102,-2.125
-0.004,-2.089
-0.536,-2.226
-1.025,2.444
-0.955,2.351
-1.18,2.389
-1.591,2.324
-2.19,2.457
-2.2,2.2
2.724,2.144
2.722,2.195
2.287,2.117
2.038,2.346
2.04,2.408
1.164,2.143
0.943,2.413
0.942,2.418
0.085,2.259
0.009,2.222
-0.413,2.501
-0.566,2.27
-1.184,-0.852
-1.637,-1.487
2.659,2.01
2.593,1.012
0.518,0.633
-0.231,1.954
-0.133,2.241
-0.801,-0.878
-0.862,0.393
-0.806,1.041
-0.903,1.844
-1.036,-0.682
-1.127,0.57
-1.104,0.644
-1.141,-0.286
-1.133,-0.705
-1.145,-0.141
-1.302,-0.726
-1.357,-0.637
-1.513,1.695
-1.6,-0.228
-1.792,0.307
-1.711,0.022
-1.793,-0.581
-1.921,-1.824
-1.908,1.898
-1.785,1.533
-1.819,0.47
-1.831,1.106
-1.869,-1.394
-2.045,1.276
-2.104,1.768
-1.997,-0.336
-2.336,0.85
-2.516,-0.178
-2.733,-0.552
-2.977,0.469
-3.139,1.599
-3.034,-0.62
3.088,-0.179
3.055,-0.646
3.038,-0.483
2.992,0.691
3.099,-0.75
3.036,-0.985
2.815,1.724
2.867,0.202
2.845,0.615
2.782,-0.675
2.784,-1.667
2.652,0.083
2.752,0.909
2.74,0.0
2.711,0.783
2.555,-0.846
2.478,-1.712
2.639,1.519
2.522,1.152
2.385,-1.785
2.381,2.037
2.365,1.616
2.238,0.627
2.1,-1.243
2.089,1.037
2.001,1.498
2.009,-1.123
1.994,-0.837
1.855,0.633
1.668,0.987
1.766,2.043
1.59,-0.321
1.521,-0.715
1.521,1.799
1.536,-0.869
1.295,0.491
1.391,-0.5
1.285,1.356
1.168,-1.189
1.121,1.536
0.979,-1.413
0.887,2.042
0.752,0.688
0.872,-1.562
0.644,0.459
0.71,-0.568
0.729,-0.425
0.562,-1.557
0.501,1.811
0.531,2.134
0.358,1.798
0.441,0.321
0.296,-0.357
0.366,0.778
0.223,-1.068
-0.086,-1.69
-0.319,-0.859
-0.216,0.911
-0.202,-0.993
-0.369,0.672
-0.397,0.772
-0.261,-0.874
-0.435,1.352
-0.828,-2.118
-0.734,-2.281
-0.79,-2.19
-2.714,-2.041
-2.779,-2.216
-2.734,-1.895
-3.049,-2.108
3.089,-2.243
2.911,-2.1
2.557,-2.194
2.332,-2.365
1.712,-2.087
1.578,-2.005
1.431,-2.393
1.242,-2.328
0.922,-2.1
0.127,-2.138
-1.423,2.395
-1.909,2.261
-1.974,2.208
-2.162,2.124
-3.076,2.075
2.36,2.256
1.666,2.229
0.382,2.377
0.06,2.066
-0.326,2.285
3.098,0.253
-1.669,-1.466
-2.032,-0.554
2.913,-0.543
1.754,1.054
1.294,-1.178
1.03,0.997
0.974,0.834
0.952,-0.864
0.946,-1.171
0.089,-0.557
0.181,0.705
0.067,-0.402
-0.005,1.108
-0.557,0.327
-1.279,-0.865
2.981,1.403
2.825,0.108
1.711,1.263
1.001,-0.752
-1.817,-2.037
-1.65,2.168
-1.244,2.37
3.087,2.251
-0.016,1.639
0.039,1.462
0.029,-0.369
-0.041,1.636
-0.05,1.537
-0.273,3.37
-0.351,0.68
-0.493,0.551
-0.581,2.214
-0.541,2.892
-0.613,1.262
-0.56,3.377
-0.558,1.937
-1.254,-0.647
-1.226,-0.712
-1.94,-0.804
-2.292,-0.484
-2.989,-0.599
3.116,-0.709
2.827,-0.804
2.804,-0.91
2.536,-0.862
2.159,-0.419
2.237,-0.692
1.696,-0.565
1.689,-0.651
1.49,-0.583
0.838,-0.903
0.59,-0.513
0.329,-0.53
0.16,-0.633
0.054,-0.597
-0.478,-0.734
-0.967,3.936
-0.897,3.843
-1.122,3.881
-1.533,3.816
-2.132,3.949
-2.142,3.692
2.782,3.636
2.78,3.687
2.345,3.609
2.096,3.838
2.098,3.9
1.222,3.635
1.001,3.905
1.0,3.91
0.143,3.751
0.067,3.714
-0.355,3.993
-0.508,3.762
-1.126,0.64
-1.579,0.005
2.717,3.502
2.651,2.504
0.576,2.125
-0.173,3.446
-0.075,3.733
-0.743,0.614
-0.804,1.885
-0.748,2.533
-0.845,3.336
-0.978,0.81
-1.069,2.062
-1.046,2.136
-1.083,1.206
-1.075,0.787
-1.087,1.351
-1.244,0.766
-1.299,0.855
-1.455,3.187
-1.542,1.264
-1.734,1.799
-1.653,1.514
-1.735,0.911
-1.863,-0.332
-1.85,3.39
-1.727,3.025
-1.761,1.962
-1.773,2.598
-1.811,0.098
-1.987,2.768
-2.046,3.26
-1.939,1.156
-2.278,2.342
-2.458,1.314
-2.675,0.94
-2.919,1.961
-3.081,3.091
-2.976,0.872
-3.137,1.313
3.113,0.846
3.096,1.009
3.05,2.183
-3.126,0.742
3.094,0.507
2.873,3.216
2.925,1.694
2.903,2.107
2.84,0.817
2.842,-0.175
2.71,1.575
2.81,2.401
2.798,1.492
2.769,2.275
2.613,0.646
2.536,-0.22
2.697,3.011
2.58,2.644
2.443,-0.293
2.439,3.529
2.423,3.108
2.296,2.119
2.158,0.249
2.147,2.529
2.059,2.99
2.067,0.369
2.052,0.655
1.913,2.125
1.726,2.479
1.824,3.535
1.648,1.171
1.579,0.777
1.579,3.291
1.594,0.623
1.353,1.983
1.449,0.992
1.343,2.848
1.226,0.303
1.179,3.028
1.037,0.079
0.945,3.534
0.81,2.18
0.93,-0.07
0.702,1.951
0.768,0.924
0.787,1.067
0.62,-0.065
0.559,3.303
0.589,3.626
0.416,3.29
0.499,1.813
0.354,1.135
0.424,2.27
0.281,0.424
-0.028,-0.198
-0.261,0.633
-0.158,2.403
-0.144,0.499
-0.311,2.164
-0.339,2.264
-0.203,0.618
-0.377,2.844
-0.77,-0.626
-0.676,-0.789
-0.732,-0.698
-2.656,-0.549
-2.721,-0.724
-2.676,-0.403
-2.991,-0.616
-3.136,-0.751
2.969,-0.608
2.615,-0.702
2.39,-0.873
1.77,-0.595
1.636,-0.513
1.489,-0.901
1.3,-0.836
0.98,-0.608
0.185,-0.646
-1.365,3.887
-1.851,3.753
-1.916,3.7
-2.104,3.616
-3.018,3.567
2.418,3.748
1.724,3.721
0.44,3.869
0.118,3.558
-0.268,3.777
-3.127,1.745
-1.611,0.026
-1.974,0.938
2.971,0.949
1.812,2.546
1.352,0.314
1.088,2.489
1.032,2.326
1.01,0.628
1.004,0.321
0.147,0.935
0.239,2.197
0.125,1.09
0.053,2.6
-0.499,1.819
-1.221,0.627
3.039,2.895
2.883,1.6
1.769,2.755
1.059,0.74
-1.759,-0.545
-1.592,3.66
-1.186,3.862
-3.138,3.743
0.055,-0.177
0.045,-2.008
-0.025,-0.003
-0.034,-0.102
-0.257,1.731
-0.335,-0.959
-0.477,-1.088
-0.565,0.575
-0.525,1.253
-0.597,-0.377
-0.544,1.738
-0.542,0.298
-1.238,-2.286
-1.21,-2.351
-1.924,-2.443
-2.276,-2.123
-2.973,-2.238
3.132,-2.348
2.843,-2.443
2.82,-2.549
2.552,-2.501
2.175,-2.058
2.253,-2.331
1.712,-2.204
1.705,-2.29
1.506,-2.222
0.854,-2.542
0.606,-2.152
0.345,-2.169
0.176,-2.272
0.07,-2.236
-0.462,-2.373
-0.951,2.297
-0.881,2.204
-1.106,2.242
-1.517,2.177
-2.116,2.31
-2.126,2.053
2.798,1.997
2.796,2.048
2.361,1.97
2.112,2.199
2.114,2.261
1.238,1.996
1.017,2.266
1.016,2.271
0.159,2.112
0.083,2.075
-0.339,2.354
-0.492,2.123
-1.11,-0.999
-1.563,-1.634
2.733,1.863
2.667,0.865
0.592,0.486
-0.157,1.807
-0.059,2.094
-0.727,-1.025
-0.788,0.246
-0.732,0.894
-0.829,1.697
-0.962,-0.829
-1.053,0.423
-1.03,0.497
-1.067,-0.433
-1.059,-0.852
-1.071,-0.288
-1.228,-0.873
-1.283,-0.784
-1.439,1.548
-1.526,-0.375
-1.718,0.16
-1.637,-0.125
-1.719,-0.728
-1.847,-1.971
-1.834,1.751
-1.711,1.386
-1.745,0.323
-1.757,0.959
-1.795,-1.541
-1.971,1.129
-2.03,1.621
-1.923,-0.483
-2.262,0.703
-2.442,-0.325
-2.659,-0.699
-2.903,0.322
-3.065,1.452
-2.96,-0.767
-3.121,-0.326
3.129,-0.793
3.112,-0.63
3.066,0.544
-3.11,-0.897
3.11,-1.132
2.889,1.577
2.941,0.055
2.919,0.468
2.856,-0.822
2.858,-1.814
2.726,-0.064
2.826,0.762
2.814,-0.147
2.785,0.636
2.629,-0.993
2.552,-1.859
2.713,1.372
2.596,1.005
2.459,-1.932
2.455,1.89
2.439,1.469
2.312,0.48
2.174,-1.39
2.163,0.89
2.075,1.351
2.083,-1.27
2.068,-0.984
1.929,0.486
1.742,0.84
1.84,1.896
1.664,-0.468
1.595,-0.862
1.595,1.652
1.61,-1.016
1.369,0.344
1.465,-0.647
1.359,1.209
1.242,-1.336
1.195,1.389
1.053,-1.56
0.961,1.895
0.826,0.541
0.946,-1.709
0.718,0.312
0.784,-0.715
0.803,-0.572
0.636,-1.704
0.575,1.664
0.605,1.987
0.432,1.651
0.515,0.174
0.37,-0.504
0.44,0.631
0.297,-1.215
-0.012,-1.837
-0.245,-1.006
-0.142,0.764
-0.128,-1.14
-0.295,0.525
-0.323,0.625
-0.187,-1.021
-0.361,1.205
-0.754,-2.265
-0.66,-2.428
-0.716,-2.337
-2.64,-2.188
-2.705,-2.363
-2.66,-2.042
-2.975,-2.255
-3.12,-2.39
2.985,-2.247
2.631,-2.341
2.406,-2.512
1.786,-2.234
1.652,-2.152
1.505,-2.54
1.316,-2.475
0.996,-2.247
0.201,-2.285
-1.349,2.248
-1.835,2.114
-1.9,2.061
-2.088,1.977
-3.002,1.928
2.434,2.109
1.74,2.082
0.456,2.23
0.134,1.919
-0.252,2.138
-3.111,0.106
-1.595,-1.613
-1.958,-0.701
2.987,-0.69
1.828,0.907
1.368,-1.325
1.104,0.85
1.048,0.687
1.026,-1.011
1.02,-1.318
0.163,-0.704
0.255,0.558
0.141,-0.549
0.069,0.961
-0.483,0.18
-1.205,-1.012
3.055,1.256
2.899,-0.039
1.785,1.116
1.075,-0.899
-1.743,-2.184
-1.576,2.021
-1.17,2.223
-3.122,2.104
-0.01,-1.831
-0.08,0.174
-0.089,0.075
-0.312,1.908
-0.39,-0.782
-0.532,-0.911
-0.62,0.752
-0.58,1.43
-0.652,-0.2
-0.599,1.915
-0.597,0.475
-1.293,-2.109
-1.265,-2.174
-1.979,-2.266
-2.331,-1.946
-3.028,-2.061
3.077,-2.171
2.788,-2.266
2.765,-2.372
2.497,-2.324
2.12,-1.881
2.198,-2.154
1.657,-2.027
1.65,-2.113
1.451,-2.045
0.799,-2.365
0.551,-1.975
0.29,-1.992
0.121,-2.095
0.015,-2.059
-0.517,-2.196
-1.006,2.474
-0.936,2.381
-1.161,2.419
-1.572,2.354
-2.171,2.487
-2.181,2.23
2.743,2.174
2.741,2.225
2.306,2.147
2.057,2.376
2.059,2.438
1.183,2.173
0.962,2.443
0.961,2.448
0.104,2.289
0.028,2.252
-0.394,2.531
-0.547,2.3
-1.165,-0.822
-1.618,-1.457
2.678,2.04
2.612,1.042
0.537,0.663
-0.212,1.984
-0.114,2.271
-0.782,-0.848
-0.843,0.423
-0.787,1.071
-0.884,1.874
-1.017,-0.652
-1.108,0.6
-1.085,0.674
-1.122,-0.256
-1.114,-0.675
-1.126,-0.111
-1.283,-0.696
-1.338,-0.607
-1.494,1.725
-1.581,-0.198
-1.773,0.337
-1.692,0.052
-1.774,-0.551
-1.902,-1.794
-1.889,1.928
-1.766,1.563
-1.8,0.5
-1.812,1.136
-1.85,-1.364
-2.026,1.306
-2.085,1.798
-1.978,-0.306
-2.317,0.88
-2.497,-0.148
-2.714,-0.522
-2.958,0.499
-3.12,1.629
-3.015,-0.59
3.107,-0.149
3.074,-0.616
3.057,-0.453
3.011,0.721
3.118,-0.72
3.055,-0.955
2.834,1.754
2.886,0.232
2.864,0.645
2.801,-0.645
2.803,-1.637
2.671,0.113
2.771,0.939
2.759,0.03
2.73,0.813
2.574,-0.816
2.497,-1.682
2.658,1.549
2.541,1.182
2.404,-1.755
2.4,2.067
2.384,1.646
2.257,0.657
2.119,-1.213
2.108,1.067
2.02,1.528
2.028,-1.093
2.013,-0.807
1.874,0.663
1.687,1.017
1.785,2.073
1.609,-0.291
1.54,-0.685
1.54,1.829
1.555,-0.839
1.314,0.521
1.41,-0.47
1.304,1.386
1.187,-1.159
1.14,1.566
0.998,-1.383
0.906,2.072
0.771,0.718
0.891,-1.532
0.663,0.489
0.729,-0.538
0.748,-0.395
0.581,-1.527
0.52,1.841
0.55,2.164
0.377,1.828
0.46,0.351
0.315,-0.327
0.385,0.808
0.242,-1.038
-0.067,-1.66
-0.3,-0.829
-0.197,0.941
-0.183,-0.963
-0.35,0.702
-0.378,0.802
-0.242,-0.844
-0.416,1.382
-0.809,-2.088
-0.715,-2.251
-0.771,-2.16
-2.695,-2.011
-2.76,-2.186
-2.715,-1.865
-3.03,-2.078
3.108,-2.213
2.93,-2.07
2.576,-2.164
2.351,-2.335
1.731,-2.057
1.597,-1.975
1.45,-2.363
1.261,-2.298
0.941,-2.07
0.146,-2.108
-1.404,2.425
-1.89,2.291
-1.955,2.238
-2.143,2.154
-3.057,2.105
2.379,2.286
1.685,2.259
0.401,2.407
0.079,2.096
-0.307,2.315
3.117,0.283
-1.65,-1.436
-2.013,-0.524
2.932,-0.513
1.773,1.084
1.313,-1.148
1.049,1.027
0.993,0.864
0.971,-0.834
0.965,-1.141
0.108,-0.527
0.2,0.735
0.086,-0.372
0.014,1.138
-0.538,0.357
-1.26,-0.835
3.0,1.433
2.844,0.138
1.73,1.293
1.02,-0.722
-1.798,-2.007
-1.631,2.198
-1.225,2.4
3.106,2.281
-0.07,2.005
-0.079,1.906
-0.302,3.739
-0.38,1.049
-0.522,0.92
-0.61,2.583
-0.57,3.261
-0.642,1.631
-0.589,3.746
-0.587,2.306
-1.283,-0.278
-1.255,-0.343
-1.969,-0.435
-2.321,-0.115
-3.018,-0.23
3.087,-0.34
2.798,-0.435
2.775,-0.541
2.507,-0.493
2.13,-0.05
2.208,-0.323
1.667,-0.196
1.66,-0.282
1.461,-0.214
0.809,-0.534
0.561,-0.144
0.3,-0.161
0.131,-0.264
0.025,-0.228
-0.507,-0.365
-0.996,4.305
-0.926,4.212
-1.151,4.25
-1.562,4.185
-2.161,4.318
-2.171,4.061
2.753,4.005
2.751,4.056
2.316,3.978
2.067,4.207
2.069,4.269
1.193,4.004
0.972,4.274
0.971,4.279
0.114,4.12
0.038,4.083
-0.384,4.362
-0.537,4.131
-1.155,1.009
-1.608,0.374
2.688,3.871
2.622,2.873
0.547,2.494
-0.202,3.815
-0.104,4.102
-0.772,0.983
-0.833,2.254
-0.777,2.902
-0.874,3.705
-1.007,1.179
-1.098,2.431
-1.075,2.505
-1.112,1.575
-1.104,1.156
-1.116,1.72
-1.273,1.135
-1.328,1.224
-1.484,3.556
-1.571,1.633
-1.763,2.168
-1.682,1.883
-1.764,1.28
-1.892,0.037
-1.879,3.759
-1.756,3.394
-1.79,2.331
-1.802,2.967
-1.84,0.467
-2.016,3.137
-2.075,3.629
-1.968,1.525
-2.307,2.711
-2.487,1.683
-2.704,1.309
-2.948,2.33
-3.11,3.46
-3.005,1.241
3.117,1.682
3.084,1.215
3.067,1.378
3.021,2.552
3.128,1.111
3.065,0.876
2.844,3.585
2.896,2.063
2.874,2.476
2.811,1.186
2.813,0.194
2.681,1.944
2.781,2.77
2.769,1.861
2.74,2.644
2.584,1.015
2.507,0.149
2.668,3.38
2.551,3.013
2.414,0.076
2.41,3.898
2.394,3.477
2.267,2.488
2.129,0.618
2.118,2.898
2.03,3.359
2.038,0.738
2.023,1.024
1.884,2.494
1.697,2.848
1.795,3.904
1.619,1.54
1.55,1.146
1.55,3.66
1.565,0.992
1.324,2.352
1.42,1.361
1.314,3.217
1.197,0.672
1.15,3.397
1.008,0.448
0.916,3.903
0.781,2.549
0.901,0.299
0.673,2.32
0.739,1.293
0.758,1.436
0.591,0.304
0.53,3.672
0.56,3.995
0.387,3.659
0.47,2.182
0.325,1.504
0.395,2.639
0.252,0.793
-0.057,0.171
-0.29,1.002
-0.187,2.772
-0.173,0.868
-0.34,2.533
-0.368,2.633
-0.232,0.987
-0.406,3.213
-0.799,-0.257
-0.705,-0.42
-0.761,-0.329
-2.685,-0.18
-2.75,-0.355
-2.705,-0.034
-3.02,-0.247
3.118,-0.382
2.94,-0.239
2.586,-0.333
2.361,-0.504
1.741,-0.226
1.607,-0.144
1.46,-0.532
1.271,-0.467
0.951,-0.239
0.156,-0.277
-1.394,4.256
-1.88,4.122
-1.945,4.069
-2.133,3.985
-3.047,3.936
2.389,4.117
1.695,4.09
0.411,4.238
0.089,3.927
-0.297,4.146
3.127,2.114
-1.64,0.395
-2.003,1.307
2.942,1.318
1.783,2.915
1.323,0.683
1.059,2.858
1.003,2.695
0.981,0.997
0.975,0.69
0.118,1.304
0.21,2.566
0.096,1.459
0.024,2.969
-0.528,2.188
-1.25,0.996
3.01,3.264
2.854,1.969
1.74,3.124
1.03,1.109
-1.788,-0.176
-1.621,4.029
-1.215,4.231
3.116,4.112
-0.009,-0.099
-0.232,1.734
-0.31,-0.956
-0.452,-1.085
-0.54,0.578
-0.5,1.256
-0.572,-0.374
-0.519,1.741
-0.517,0.301
-1.213,-2.283
-1.185,-2.348
-1.899,-2.44
-2.251,-2.12
-2.948,-2.235
-3.126,-2.345
2.868,-2.44
2.845,-2.546
2.577,-2.498
2.2,-2.055
2.278,-2.328
1.737,-2.201
1.73,-2.287
1.531,-2.219
0.879,-2.539
0.631,-2.149
0.37,-2.166
0.201,-2.269
0.095,-2.233
-0.437,-2.37
-0.926,2.3
-0.856,2.207
-1.081,2.245
-1.492,2.18
-2.091,2.313
-2.101,2.056
2.823,2.0
2.821,2.051
2.386,1.973
2.137,2.202
2.139,2.264
1.263,1.999
1.042,2.269
1.041,2.274
0.184,2.115
0.108,2.078
-0.314,2.357
-0.467,2.126
-1.085,-0.996
-1.538,-1.631
2.758,1.866
2.692,0.868
0.617,0.489
-0.132,1.81
-0.034,2.097
-0.702,-1.022
-0.763,0.249
-0.707,0.897
-0.804,1.7
-0.937,-0.826
-1.028,0.426
-1.005,0.5
-1.042,-0.43
-1.034,-0.849
-1.046,-0.285
-1.203,-0.87
-1.258,-0.781
-1.414,1.551
-1.501,-0.372
-1.693,0.163
-1.612,-0.122
-1.694,-0.725
-1.822,-1.968
-1.809,1.754
-1.686,1.389
-1.72,0.326
-1.732,0.962
-1.77,-1.538
-1.946,1.132
-2.005,1.624
-1.898,-0.48
-2.237,0.706
-2.417,-0.322
-2.634,-0.696
-2.878,0.325
-3.04,1.455
-2.935,-0.764
-3.096,-0.323
-3.129,-0.79
3.137,-0.627
3.091,0.547
-3.085,-0.894
3.135,-1.129
2.914,1.58
2.966,0.058
2.944,0.471
2.881,-0.819
2.883,-1.811
2.751,-0.061
2.851,0.765
2.839,-0.144
2.81,0.639
2.654,-0.99
2.577,-1.856
2.738,1.375
2.621,1.008
2.484,-1.929
2.48,1.893
2.464,1.472
2.337,0.483
2.199,-1.387
2.188,0.893
2.1,1.354
2.108,-1.267
2.093,-0.981
1.954,0.489
1.767,0.843
1.865,1.899
1.689,-0.465
1.62,-0.859
1.62,1.655
1.635,-1.013
1.394,0.347
1.49,-0.644
1.384,1.212
1.267,-1.333
1.22,1.392
1.078,-1.557
0.986,1.898
0.851,0.544
0.971,-1.706
0.743,0.315
0.809,-0.712
0.828,-0.569
0.661,-1.701
0.6,1.667
0.63,1.99
0.457,1.654
0.54,0.177
0.395,-0.501
0.465,0.634
0.322,-1.212
0.013,-1.834
-0.22,-1.003
-0.117,0.767
-0.103,-1.137
-0.27,0.528
-0.298,0.628
-0.162,-1.018
-0.336,1.208
-0.729,-2.262
-0.635,-2.425
-0.691,-2.334
-2.615,-2.185
-2.68,-2.36
-2.635,-2.039
-2.95,-2.252
-3.095,-2.387
3.01,-2.244
2.656,-2.338
2.431,-2.509
1.811,-2.231
1.677,-2.149
1.53,-2.537
1.341,-2.472
1.021,-2.244
0.226,-2.282
-1.324,2.251
-1.81,2.117
-1.875,2.064
-2.063,1.98
-2.977,1.931
2.459,2.112
1.765,2.085
0.481,2.233
0.159,1.922
-0.227,2.141
-3.086,0.109
-1.57,-1.61
-1.933,-0.698
3.012,-0.687
1.853,0.91
1.393,-1.322
1.129,0.853
1.073,0.69
1.051,-1.008
1.045,-1.315
0.188,-0.701
0.28,0.561
0.166,-0.546
0.094,0.964
-0.458,0.183
-1.18,-1.009
3.08,1.259
2.924,-0.036
1.81,1.119
1.1,-0.896
-1.718,-2.181
-1.551,2.024
-1.145,2.226
-3.097,2.107
-0.223,1.833
-0.301,-0.857
-0.443,-0.986
-0.531,0.677
-0.491,1.355
-0.563,-0.275
-0.51,1.84
-0.508,0.4
-1.204,-2.184
-1.176,-2.249
-1.89,-2.341
-2.242,-2.021
-2.939,-2.136
-3.117,-2.246
2.877,-2.341
2.854,-2.447
2.586,-2.399
2.209,-1.956
2.287,-2.229
1.746,-2.102
1.739,-2.188
1.54,-2.12
0.888,-2.44
0.64,-2.05
0.379,-2.067
0.21,-2.17
0.104,-2.134
-0.428,-2.271
-0.917,2.399
-0.847,2.306
-1.072,2.344
-1.483,2.279
-2.082,2.412
-2.092,2.155
2.832,2.099
2.83,2.15
2.395,2.072
2.146,2.301
2.148,2.363
1.272,2.098
1.051,2.368
1.05,2.373
0.193,2.214
0.117,2.177
-0.305,2.456
-0.458,2.225
-1.076,-0.897
-1.529,-1.532
2.767,1.965
2.701,0.967
0.626,0.588
-0.123,1.909
-0.025,2.196
-0.693,-0.923
-0.754,0.348
-0.698,0.996
-0.795,1.799
-0.928,-0.727
-1.019,0.525
-0.996,0.599
-1.033,-0.331
-1.025,-0.75
-1.037,-0.186
-1.194,-0.771
-1.249,-0.682
-1.405,1.65
-1.492,-0.273
-1.684,0.262
-1.603,-0.023
-1.685,-0.626
-1.813,-1.869
-1.8,1.853
-1.677,1.488
-1.711,0.425
-1.723,1.061
-1.761,-1.439
-1.937,1.231
-1.996,1.723
-1.889,-0.381
-2.228,0.805
-2.408,-0.223
-2.625,-0.597
-2.869,0.424
-3.031,1.554
-2.926,-0.665
-3.087,-0.224
-3.12,-0.691
-3.137,-0.528
3.1,0.646
-3.076,-0.795
-3.139,-1.03
2.923,1.679
2.975,0.157
2.953,0.57
2.89,-0.72
2.892,-1.712
2.76,0.038
2.86,0.864
2.848,-0.045
2.819,0.738
2.663,-0.891
2.586,-1.757
2.747,1.474
2.63,1.107
2.493,-1.83
2.489,1.992
2.473,1.571
2.346,0.582
2.208,-1.288
2.197,0.992
2.109,1.453
2.117,-1.168
2.102,-0.882
1.963,0.588
1.776,0.942
1.874,1.998
1.698,-0.366
1.629,-0.76
1.629,1.754
1.644,-0.914
1.403,0.446
1.499,-0.545
1.393,1.311
1.276,-1.234
1.229,1.491
1.087,-1.458
0.995,1.997
0.86,0.643
0.98,-1.607
0.752,0.414
0.818,-0.613
0.837,-0.47
0.67,-1.602
0.609,1.766
0.639,2.089
0.466,1.753
0.549,0.276
0.404,-0.402
0.474,0.733
0.331,-1.113
0.022,-1.735
-0.211,-0.904
-0.108,0.866
-0.094,-1.038
-0.261,0.627
-0.289,0.727
-0.153,-0.919
-0.327,1.307
-0.72,-2.163
-0.626,-2.326
-0.682,-2.235
-2.606,-2.086
-2.671,-2.261
-2.626,-1.94
-2.941,-2.153
-3.086,-2.288
3.019,-2.145
2.665,-2.239
2.44,-2.41
1.82,-2.132
1.686,-2.05
1.539,-2.438
1.35,-2.373
1.03,-2.145
0.235,-2.183
-1.315,2.35
-1.801,2.216
-1.866,2.163
-2.054,2.079
-2.968,2.03
2.468,2.211
1.774,2.184
0.49,2.332
0.168,2.021
-0.218,2.24
-3.077,0.208
-1.561,-1.511
-1.924,-0.599
3.021,-0.588
1.862,1.009
1.402,-1.223
1.138,0.952
1.082,0.789
1.06,-0.909
1.054,-1.216
0.197,-0.602
0.289,0.66
0.175,-0.447
0.103,1.063
-0.449,0.282
-1.171,-0.91
3.089,1.358
2.933,0.063
1.819,1.218
1.109,-0.797
-1.709,-2.082
-1.542,2.123
-1.136,2.325
-3.088,2.206
-0.078,-2.69
-0.22,-2.819
-0.308,-1.156
-0.268,-0.478
-0.34,-2.108
-0.287,0.007
-0.285,-1.433
-0.981,-4.017
-0.953,-4.082
-1.667,-4.174
-2.019,-3.854
-2.716,-3.969
-2.894,-4.079
3.1,-4.174
3.077,-4.28
2.809,-4.232
2.432,-3.789
2.51,-4.062
1.969,-3.935
1.962,-4.021
1.763,-3.953
1.111,-4.273
0.863,-3.883
0.602,-3.9
0.433,-4.003
0.327,-3.967
-0.205,-4.104
-0.694,0.566
-0.624,0.473
-0.849,0.511
-1.26,0.446
-1.859,0.579
-1.869,0.322
3.055,0.266
3.053,0.317
2.618,0.239
2.369,0.468
2.371,0.53
1.495,0.265
1.274,0.535
1.273,0.54
0.416,0.381
0.34,0.344
-0.082,0.623
-0.235,0.392
-0.853,-2.73
-1.306,-3.365
2.99,0.132
2.924,-0.866
0.849,-1.245
0.1,0.076
0.198,0.363
-0.47,-2.756
-0.531,-1.485
-0.475,-0.837
-0.572,-0.034
-0.705,-2.56
-0.796,-1.308
-0.773,-1.234
-0.81,-2.164
-0.802,-2.583
-0.814,-2.019
-0.971,-2.604
-1.026,-2.515
-1.182,-0.183
-1.269,-2.106
-1.461,-1.571
-1.38,-1.856
-1.462,-2.459
-1.59,-3.702
-1.577,0.02
-1.454,-0.345
-1.488,-1.408
-1.5,-0.772
-1.538,-3.272
-1.714,-0.602
-1.773,-0.11
-1.666,-2.214
-2.005,-1.028
-2.185,-2.056
-2.402,-2.43
-2.646,-1.409
-2.808,-0.279
-2.703,-2.498
-2.864,-2.057
-2.897,-2.524
-2.914,-2.361
-2.96,-1.187
-2.853,-2.628
-2.916,-2.863
-3.137,-0.154
-3.085,-1.676
-3.107,-1.263
3.113,-2.553
3.115,-3.545
2.983,-1.795
3.083,-0.969
3.071,-1.878
3.042,-1.095
2.886,-2.724
2.809,-3.59
2.97,-0.359
2.853,-0.726
2.716,-3.663
2.712,0.159
2.696,-0.262
2.569,-1.251
2.431,-3.121
2.42,-0.841
2.332,-0.38
2.34,-3.001
2.325,-2.715
2.186,-1.245
1.999,-0.891
2.097,0.165
1.921,-2.199
1.852,-2.593
1.852,-0.079
1.867,-2.747
1.626,-1.387
1.722,-2.378
1.616,-0.522
1.499,-3.067
1.452,-0.342
1.31,-3.291
1.218,0.164
1.083,-1.19
1.203,-3.44
0.975,-1.419
1.041,-2.446
1.06,-2.303
0.893,-3.435
0.832,-0.067
0.862,0.256
0.689,-0.08
0.772,-1.557
0.627,-2.235
0.697,-1.1
0.554,-2.946
0.245,-3.568
0.012,-2.737
0.115,-0.967
0.129,-2.871
-0.038,-1.206
-0.066,-1.106
0.07,-2.752
-0.104,-0.526
-0.497,-3.996
-0.403,-4.159
-0.459,-4.068
-2.383,-3.919
-2.448,-4.094
-2.403,-3.773
-2.718,-3.986
-2.863,-4.121
-3.041,-3.978
2.888,-4.072
2.663,-4.243
2.043,-3.965
1.909,-3.883
1.762,-4.271
1.573,-4.206
1.253,-3.978
0.458,-4.016
-1.092,0.517
-1.578,0.383
-1.643,0.33
-1.831,0.246
-2.745,0.197
2.691,0.378
1.997,0.351
0.713,0.499
0.391,0.188
0.005,0.407
-2.854,-1.625
-1.338,-3.344
-1.701,-2.432
-3.039,-2.421
2.085,-0.824
1.625,-3.056
1.361,-0.881
1.305,-1.044
1.283,-2.742
1.277,-3.049
0.42,-2.435
0.512,-1.173
0.398,-2.28
0.326,-0.77
-0.226,-1.551
-0.948,-2.743
-2.971,-0.475
-3.127,-1.77
2.042,-0.615
1.332,-2.63
-1.486,-3.915
-1.319,0.29
-0.913,0.492
-2.865,0.373
-0.142,-0.129
-0.23,1.534
-0.19,2.212
-0.262,0.582
-0.209,2.697
-0.207,1.257
-0.903,-1.327
-0.875,-1.392
-1.589,-1.484
-1.941,-1.164
-2.638,-1.279
-2.816,-1.389
-3.105,-1.484
-3.128,-1.59
2.887,-1.542
2.51,-1.099
2.588,-1.372
2.047,-1.245
2.04,-1.331
1.841,-1.263
1.189,-1.583
0.941,-1.193
0.68,-1.21
0.511,-1.313
0.405,-1.277
-0.127,-1.414
-0.616,3.256
-0.546,3.163
-0.771,3.201
-1.182,3.136
-1.781,3.269
-1.791,3.012
3.133,2.956
3.131,3.007
2.696,2.929
2.447,3.158
2.449,3.22
1.573,2.955
1.352,3.225
1.351,3.23
0.494,3.071
0.418,3.034
-0.004,3.313
-0.157,3.082
-0.775,-0.04
-1.228,-0.675
3.068,2.822
3.002,1.824
0.927,1.445
0.178,2.766
0.276,3.053
-0.392,-0.066
-0.453,1.205
-0.397,1.853
-0.494,2.656
-0.627,0.13
-0.718,1.382
-0.695,1.456
-0.732,0.526
-0.724,0.107
-0.736,0.671
-0.893,0.086
-0.948,0.175
-1.104,2.507
-1.191,0.584
-1.383,1.119
-1.302,0.834
-1.384,0.231
-1.512,-1.012
-1.499,2.71
-1.376,2.345
-1.41,1.282
-1.422,1.918
-1.46,-0.582
-1.636,2.088
-1.695,2.58
-1.588,0.476
-1.927,1.662
-2.107,0.634
-2.324,0.26
-2.568,1.281
-2.73,2.411
-2.625,0.192
-2.786,0.633
-2.819,0.166
-2.836,0.329
-2.882,1.503
-2.775,0.062
-2.838,-0.173
-3.059,2.536
-3.007,1.014
-3.029,1.427
-3.092,0.137
-3.09,-0.855
3.061,0.895
-3.122,1.721
-3.134,0.812
3.12,1.595
2.964,-0.034
2.887,-0.9
3.048,2.331
2.931,1.964
2.794,-0.973
2.79,2.849
2.774,2.428
2.647,1.439
2.509,-0.431
2.498,1.849
2.41,2.31
2.418,-0.311
2.403,-0.025
2.264,1.445
2.077,1.799
2.175,2.855
1.999,0.491
1.93,0.097
1.93,2.611
1.945,-0.057
1.704,1.303
1.8,0.312
1.694,2.168
1.577,-0.377
1.53,2.348
1.388,-0.601
1.296,2.854
1.161,1.5
1.281,-0.75
1.053,1.271
1.119,0.244
1.138,0.387
0.971,-0.745
0.91,2.623
0.94,2.946
0.767,2.61
0.85,1.133
0.705,0.455
0.775,1.59
0.632,-0.256
0.323,-0.878
0.09,-0.047
0.193,1.723
0.207,-0.181
0.04,1.484
0.012,1.584
0.148,-0.062
-0.026,2.164
-0.419,-1.306
-0.325,-1.469
-0.381,-1.378
-2.305,-1.229
-2.37,-1.404
-2.325,-1.083
-2.64,-1.296
-2.785,-1.431
-2.963,-1.288
2.966,-1.382
2.741,-1.553
2.121,-1.275
1.987,-1.193
1.84,-1.581
1.651,-1.516
1.331,-1.288
0.536,-1.326
-1.014,3.207
-1.5,3.073
-1.565,3.02
-1.753,2.936
-2.667,2.887
2.769,3.068
2.075,3.041
0.791,3.189
0.469,2.878
0.083,3.097
-2.776,1.065
-1.26,-0.654
-1.623,0.258
-2.961,0.269
2.163,1.866
1.703,-0.366
1.439,1.809
1.383,1.646
1.361,-0.052
1.355,-0.359
0.498,0.255
0.59,1.517
0.476,0.41
0.404,1.92
-0.148,1.139
-0.87,-0.053
-2.893,2.215
-3.049,0.92
2.12,2.075
1.41,0.06
-1.408,-1.225
-1.241,2.98
-0.835,3.182
-2.787,3.063
-0.088,1.663
-0.048,2.341
-0.12,0.711
-0.067,2.826
-0.065,1.386
-0.761,-1.198
-0.733,-1.263
-1.447,-1.355
-1.799,-1.035
-2.496,-1.15
-2.674,-1.26
-2.963,-1.355
-2.986,-1.461
3.029,-1.413
2.652,-0.97
2.73,-1.243
2.189,-1.116
2.182,-1.202
1.983,-1.134
1.331,-1.454
1.083,-1.064
0.822,-1.081
0.653,-1.184
0.547,-1.148
0.015,-1.285
-0.474,3.385
-0.404,3.292
-0.629,3.33
-1.04,3.265
-1.639,3.398
-1.649,3.141
-3.008,3.085
-3.01,3.136
2.838,3.058
2.589,3.287
2.591,3.349
1.715,3.084
1.494,3.354
1.493,3.359
0.636,3.2
0.56,3.163
0.138,3.442
-0.015,3.211
-0.633,0.089
-1.086,-0.546
-3.073,2.951
-3.139,1.953
1.069,1.574
0.32,2.895
0.418,3.182
-0.25,0.063
-0.311,1.334
-0.255,1.982
-0.352,2.785
-0.485,0.259
-0.576,1.511
-0.553,1.585
-0.59,0.655
-0.582,0.236
-0.594,0.8
-0.751,0.215
-0.806,0.304
-0.962,2.636
-1.049,0.713
-1.241,1.248
-1.16,0.963
-1.242,0.36
-1.37,-0.883
-1.357,2.839
-1.234,2.474
-1.268,1.411
-1.28,2.047
-1.318,-0.453
-1.494,2.217
-1.553,2.709
-1.446,0.605
-1.785,1.791
-1.965,0.763
-2.182,0.389
-2.426,1.41
-2.588,2.54
-2.483,0.321
-2.644,0.762
-2.677,0.295
-2.694,0.458
-2.74,1.632
-2.633,0.191
-2.696,-0.044
-2.917,2.665
-2.865,1.143
-2.887,1.556
-2.95,0.266
-2.948,-0.726
-3.08,1.024
-2.98,1.85
-2.992,0.941
-3.021,1.724
3.106,0.095
3.029,-0.771
-3.093,2.46
3.073,2.093
2.936,-0.844
2.932,2.978
2.916,2.557
2.789,1.568
2.651,-0.302
2.64,1.978
2.552,2.439
2.56,-0.182
2.545,0.104
2.406,1.574
2.219,1.928
2.317,2.984
2.141,0.62
2.072,0.226
2.072,2.74
2.087,0.072
1.846,1.432
1.942,0.441
1.836,2.297
1.719,-0.248
1.672,2.477
1.53,-0.472
1.438,2.983
1.303,1.629
1.423,-0.621
1.195,1.4
1.261,0.373
1.28,0.516
1.113,-0.616
1.052,2.752
1.082,3.075
0.909,2.739
0.992,1.262
0.847,0.584
0.917,1.719
0.774,-0.127
0.465,-0.749
0.232,0.082
0.335,1.852
0.349,-0.052
0.182,1.613
0.154,1.713
0.29,0.067
0.116,2.293
-0.277,-1.177
-0.183,-1.34
-0.239,-1.249
-2.163,-1.1
-2.228,-1.275
-2.183,-0.954
-2.498,-1.167
-2.643,-1.302
-2.821,-1.159
3.108,-1.253
2.883,-1.424
2.263,-1.146
2.129,-1.064
1.982,-1.452
1.793,-1.387
1.473,-1.159
0.678,-1.197
-0.872,3.336
-1.358,3.202
-1.423,3.149
-1.611,3.065
-2.525,3.016
2.911,3.197
2.217,3.17
0.933,3.318
0.611,3.007
0.225,3.226
-2.634,1.194
-1.118,-0.525
-1.481,0.387
-2.819,0.398
2.305,1.995
1.845,-0.237
1.581,1.938
1.525,1.775
1.503,0.077
1.497,-0.23
0.64,0.384
0.732,1.646
0.618,0.539
0.546,2.049
-0.006,1.268
-0.728,0.076
-2.751,2.344
-2.907,1.049
2.262,2.204
1.552,0.189
-1.266,-1.096
-1.099,3.109
-0.693,3.311
-2.645,3.192
0.04,0.678
-0.032,-0.952
0.021,1.163
0.023,-0.277
-0.673,-2.861
-0.645,-2.926
-1.359,-3.018
-1.711,-2.698
-2.408,-2.813
-2.586,-2.923
-2.875,-3.018
-2.898,-3.124
3.117,-3.076
2.74,-2.633
2.818,-2.906
2.277,-2.779
2.27,-2.865
2.071,-2.797
1.419,-3.117
1.171,-2.727
0.91,-2.744
0.741,-2.847
0.635,-2.811
0.103,-2.948
-0.386,1.722
-0.316,1.629
-0.541,1.667
-0.952,1.602
-1.551,1.735
-1.561,1.478
-2.92,1.422
-2.922,1.473
2.926,1.395
2.677,1.624
2.679,1.686
1.803,1.421
1.582,1.691
1.581,1.696
0.724,1.537
0.648,1.5
0.226,1.779
0.073,1.548
-0.545,-1.574
-0.998,-2.209
-2.985,1.288
-3.051,0.29
1.157,-0.089
0.408,1.232
0.506,1.519
-0.162,-1.6
-0.223,-0.329
-0.167,0.319
-0.264,1.122
-0.397,-1.404
-0.488,-0.152
-0.465,-0.078
-0.502,-1.008
-0.494,-1.427
-0.506,-0.863
-0.663,-1.448
-0.718,-1.359
-0.874,0.973
-0.961,-0.95
-1.153,-0.415
-1.072,-0.7
-1.154,-1.303
-1.282,-2.546
-1.269,1.176
-1.146,0.811
-1.18,-0.252
-1.192,0.384
-1.23,-2.116
-1.406,0.554
-1.465,1.046
-1.358,-1.058
-1.697,0.128
-1.877,-0.9
-2.094,-1.274
-2.338,-0.253
-2.5,0.877
-2.395,-1.342
-2.556,-0.901
-2.589,-1.368
-2.606,-1.205
-2.652,-0.031
-2.545,-1.472
-2.608,-1.707
-2.829,1.002
-2.777,-0.52
-2.799,-0.107
-2.862,-1.397
-2.86,-2.389
-2.992,-0.639
-2.892,0.187
-2.904,-0.722
-2.933,0.061
-3.089,-1.568
3.117,-2.434
-3.005,0.797
-3.122,0.43
3.024,-2.507
3.02,1.315
3.004,0.894
2.877,-0.095
2.739,-1.965
2.728,0.315
2.64,0.776
2.648,-1.845
2.633,-1.559
2.494,-0.089
2.307,0.265
2.405,1.321
2.229,-1.043
2.16,-1.437
2.16,1.077
2.175,-1.591
1.934,-0.231
2.03,-1.222
1.924,0.634
1.807,-1.911
1.76,0.814
1.618,-2.135
1.526,1.32
1.391,-0.034
1.511,-2.284
1.283,-0.263
1.349,-1.29
1.368,-1.147
1.201,-2.279
1.14,1.089
1.17,1.412
0.997,1.076
1.08,-0.401
0.935,-1.079
1.005,0.056
0.862,-1.79
0.553,-2.412
0.32,-1.581
0.423,0.189
0.437,-1.715
0.27,-0.05
0.242,0.05
0.378,-1.596
0.204,0.63
-0.189,-2.84
-0.095,-3.003
-0.151,-2.912
-2.075,-2.763
-2.14,-2.938
-2.095,-2.617
-2.41,-2.83
-2.555,-2.965
-2.733,-2.822
-3.087,-2.916
2.971,-3.087
2.351,-2.809
2.217,-2.727
2.07,-3.115
1.881,-3.05
1.561,-2.822
0.766,-2.86
-0.784,1.673
-1.27,1.539
-1.335,1.486
-1.523,1.402
-2.437,1.353
2.999,1.534
2.305,1.507
1.021,1.655
0.699,1.344
0.313,1.563
-2.546,-0.469
-1.03,-2.188
-1.393,-1.276
-2.731,-1.265
2.393,0.332
1.933,-1.9
1.669,0.275
1.613,0.112
1.591,-1.586
1.585,-1.893
0.728,-1.279
0.82,-0.017
0.706,-1.124
0.634,0.386
0.082,-0.395
-0.64,-1.587
-2.663,0.681
-2.819,-0.614
2.35,0.541
1.64,-1.474
-1.178,-2.759
-1.011,1.446
-0.605,1.648
-2.557,1.529
-0.072,-1.63
-0.019,0.485
-0.017,-0.955
-0.713,-3.539
-0.685,-3.604
-1.399,-3.696
-1.751,-3.376
-2.448,-3.491
-2.626,-3.601
-2.915,-3.696
-2.938,-3.802
3.077,-3.754
2.7,-3.311
2.778,-3.584
2.237,-3.457
2.23,-3.543
2.031,-3.475
1.379,-3.795
1.131,-3.405
0.87,-3.422
0.701,-3.525
0.595,-3.489
0.063,-3.626
-0.426,1.044
-0.356,0.951
-0.581,0.989
-0.992,0.924
-1.591,1.057
-1.601,0.8
-2.96,0.744
-2.962,0.795
2.886,0.717
2.637,0.946
2.639,1.008
1.763,0.743
1.542,1.013
1.541,1.018
0.684,0.859
0.608,0.822
0.186,1.101
0.033,0.87
-0.585,-2.252
-1.038,-2.887
-3.025,0.61
-3.091,-0.388
1.117,-0.767
0.368,0.554
0.466,0.841
-0.202,-2.278
-0.263,-1.007
-0.207,-0.359
-0.304,0.444
-0.437,-2.082
-0.528,-0.83
-0.505,-0.756
-0.542,-1.686
-0.534,-2.105
-0.546,-1.541
-0.703,-2.126
-0.758,-2.037
-0.914,0.295
-1.001,-1.628
-1.193,-1.093
-1.112,-1.378
-1.194,-1.981
-1.322,-3.224
-1.309,0.498
-1.186,0.133
-1.22,-0.93
-1.232,-0.294
-1.27,-2.794
-1.446,-0.124
-1.505,0.368
-1.398,-1.736
-1.737,-0.55
-1.917,-1.578
-2.134,-1.952
-2.378,-0.931
-2.54,0.199
-2.435,-2.02
-2.596,-1.579
-2.629,-2.046
-2.646,-1.883
-2.692,-0.709
-2.585,-2.15
-2.648,-2.385
-2.869,0.324
-2.817,-1.198
-2.839,-0.785
-2.902,-2.075
-2.9,-3.067
-3.032,-1.317
-2.932,-0.491
-2.944,-1.4
-2.973,-0.617
-3.129,-2.246
3.077,-3.112
-3.045,0.119
3.121,-0.248
2.984,-3.185
2.98,0.637
2.964,0.216
2.837,-0.773
2.699,-2.643
2.688,-0.363
2.6,0.098
2.608,-2.523
2.593,-2.237
2.454,-0.767
2.267,-0.413
2.365,0.643
2.189,-1.721
2.12,-2.115
2.12,0.399
2.135,-2.269
1.894,-0.909
1.99,-1.9
1.884,-0.044
1.767,-2.589
1.72,0.136
1.578,-2.813
1.486,0.642
1.351,-0.712
1.471,-2.962
1.243,-0.941
1.309,-1.968
1.328,-1.825
1.161,-2.957
1.1,0.411
1.13,0.734
0.957,0.398
1.04,-1.079
0.895,-1.757
0.965,-0.622
0.822,-2.468
0.513,-3.09
0.28,-2.259
0.383,-0.489
0.397,-2.393
0.23,-0.728
0.202,-0.628
0.338,-2.274
0.164,-0.048
-0.229,-3.518
-0.135,-3.681
-0.191,-3.59
-2.115,-3.441
-2.18,-3.616
-2.135,-3.295
-2.45,-3.508
-2.595,-3.643
-2.773,-3.5
-3.127,-3.594
2.931,-3.765
2.311,-3.487
2.177,-3.405
2.03,-3.793
1.841,-3.728
1.521,-3.5
0.726,-3.538
-0.824,0.995
-1.31,0.861
-1.375,0.808
-1.563,0.724
-2.477,0.675
2.959,0.856
2.265,0.829
0.981,0.977
0.659,0.666
0.273,0.885
-2.586,-1.147
-1.07,-2.866
-1.433,-1.954
-2.771,-1.943
2.353,-0.346
1.893,-2.578
1.629,-0.403
1.573,-0.566
1.551,-2.264
1.545,-2.571
0.688,-1.957
0.78,-0.695
0.666,-1.802
0.594,-0.292
0.042,-1.073
-0.68,-2.265
-2.703,0.003
-2.859,-1.292
2.31,-0.137
1.6,-2.152
-1.218,-3.437
-1.051,0.768
-0.645,0.97
-2.597,0.851
0.053,2.115
0.055,0.675
-0.641,-1.909
-0.613,-1.974
-1.327,-2.066
-1.679,-1.746
-2.376,-1.861
-2.554,-1.971
-2.843,-2.066
-2.866,-2.172
-3.134,-2.124
2.772,-1.681
2.85,-1.954
2.309,-1.827
2.302,-1.913
2.103,-1.845
1.451,-2.165
1.203,-1.775
0.942,-1.792
0.773,-1.895
0.667,-1.859
0.135,-1.996
-0.354,2.674
-0.284,2.581
-0.509,2.619
-0.92,2.554
-1.519,2.687
-1.529,2.43
-2.888,2.374
-2.89,2.425
2.958,2.347
2.709,2.576
2.711,2.638
1.835,2.373
1.614,2.643
1.613,2.648
0.756,2.489
0.68,2.452
0.258,2.731
0.105,2.5
-0.513,-0.622
-0.966,-1.257
-2.953,2.24
-3.019,1.242
1.189,0.863
0.44,2.184
0.538,2.471
-0.13,-0.648
-0.191,0.623
-0.135,1.271
-0.232,2.074
-0.365,-0.452
-0.456,0.8
-0.433,0.874
-0.47,-0.056
-0.462,-0.475
-0.474,0.089
-0.631,-0.496
-0.686,-0.407
-0.842,1.925
-0.929,0.002
-1.121,0.537
-1.04,0.252
-1.122,-0.351
-1.25,-1.594
-1.237,2.128
-1.114,1.763
-1.148,0.7
-1.16,1.336
-1.198,-1.164
-1.374,1.506
-1.433,1.998
-1.326,-0.106
-1.665,1.08
-1.845,0.052
-2.062,-0.322
-2.306,0.699
-2.468,1.829
-2.363,-0.39
-2.524,0.051
-2.557,-0.416
-2.574,-0.253
-2.62,0.921
-2.513,-0.52
-2.576,-0.755
-2.797,1.954
-2.745,0.432
-2.767,0.845
-2.83,-0.445
-2.828,-1.437
-2.96,0.313
-2.86,1.139
-2.872,0.23
-2.901,1.013
-3.057,-0.616
-3.134,-1.482
-2.973,1.749
-3.09,1.382
3.056,-1.555
3.052,2.267
3.036,1.846
2.909,0.857
2.771,-1.013
2.76,1.267
2.672,1.728
2.68,-0.893
2.665,-0.607
2.526,0.863
2.339,1.217
2.437,2.273
2.261,-0.091
2.192,-0.485
2.192,2.029
2.207,-0.639
1.966,0.721
2.062,-0.27
1.956,1.586
1.839,-0.959
1.792,1.766
1.65,-1.183
1.558,2.272
1.423,0.918
1.543,-1.332
1.315,0.689
1.381,-0.338
1.4,-0.195
1.233,-1.327
1.172,2.041
1.202,2.364
1.029,2.028
1.112,0.551
0.967,-0.127
1.037,1.008
0.894,-0.838
0.585,-1.46
0.352,-0.629
0.455,1.141
0.469,-0.763
0.302,0.902
0.274,1.002
0.41,-0.644
0.236,1.582
-0.157,-1.888
-0.063,-2.051
-0.119,-1.96
-2.043,-1.811
-2.108,-1.986
-2.063,-1.665
-2.378,-1.878
-2.523,-2.013
-2.701,-1.87
-3.055,-1.964
3.003,-2.135
2.383,-1.857
2.249,-1.775
2.102,-2.163
1.913,-2.098
1.593,-1.87
0.798,-1.908
-0.752,2.625
-1.238,2.491
-1.303,2.438
-1.491,2.354
-2.405,2.305
3.031,2.486
2.337,2.459
1.053,2.607
0.731,2.296
0.345,2.515
-2.514,0.483
-0.998,-1.236
-1.361,-0.324
-2.699,-0.313
2.425,1.284
1.965,-0.948
1.701,1.227
1.645,1.064
1.623,-0.634
1.617,-0.941
0.76,-0.327
0.852,0.935
0.738,-0.172
0.666,1.338
0.114,0.557
-0.608,-0.635
-2.631,1.633
-2.787,0.338
2.382,1.493
1.672,-0.522
-1.146,-1.807
-0.979,2.398
-0.573,2.6
-2.525,2.481
0.002,-1.44
-0.694,-4.024
-0.666,-4.089
-1.38,-4.181
-1.732,-3.861
-2.429,-3.976
-2.607,-4.086
-2.896,-4.181
-2.919,-4.287
3.096,-4.239
2.719,-3.796
2.797,-4.069
2.256,-3.942
2.249,-4.028
2.05,-3.96
1.398,-4.28
1.15,-3.89
0.889,-3.907
0.72,-4.01
0.614,-3.974
0.082,-4.111
-0.407,0.559
-0.337,0.466
-0.562,0.504
-0.973,0.439
-1.572,0.572
-1.582,0.315
-2.941,0.259
-2.943,0.31
2.905,0.232
2.656,0.461
2.658,0.523
1.782,0.258
1.561,0.528
1.56,0.533
0.703,0.374
0.627,0.337
0.205,0.616
0.052,0.385
-0.566,-2.737
-1.019,-3.372
-3.006,0.125
-3.072,-0.873
1.136,-1.252
0.387,0.069
0.485,0.356
-0.183,-2.763
-0.244,-1.492
-0.188,-0.844
-0.285,-0.041
-0.418,-2.567
-0.509,-1.315
-0.486,-1.241
-0.523,-2.171
-0.515,-2.59
-0.527,-2.026
-0.684,-2.611
-0.739,-2.522
-0.895,-0.19
-0.982,-2.113
-1.174,-1.578
-1.093,-1.863
-1.175,-2.466
-1.303,-3.709
-1.29,0.013
-1.167,-0.352
-1.201,-1.415
-1.213,-0.779
-1.251,-3.279
-1.427,-0.609
-1.486,-0.117
-1.379,-2.221
-1.718,-1.035
-1.898,-2.063
-2.115,-2.437
-2.359,-1.416
-2.521,-0.286
-2.416,-2.505
-2.577,-2.064
-2.61,-2.531
-2.627,-2.368
-2.673,-1.194
-2.566,-2.635
-2.629,-2.87
-2.85,-0.161
-2.798,-1.683
-2.82,-1.27
-2.883,-2.56
-2.881,-3.552
-3.013,-1.802
-2.913,-0.976
-2.925,-1.885
-2.954,-1.102
-3.11,-2.731
3.096,-3.597
-3.026,-0.366
3.14,-0.733
3.003,-3.67
2.999,0.152
2.983,-0.269
2.856,-1.258
2.718,-3.128
2.707,-0.848
2.619,-0.387
2.627,-3.008
2.612,-2.722
2.473,-1.252
2.286,-0.898
2.384,0.158
2.208,-2.206
2.139,-2.6
2.139,-0.086
2.154,-2.754
1.913,-1.394
2.009,-2.385
1.903,-0.529
1.786,-3.074
1.739,-0.349
1.597,-3.298
1.505,0.157
1.37,-1.197
1.49,-3.447
1.262,-1.426
1.328,-2.453
1.347,-2.31
1.18,-3.442
1.119,-0.074
1.149,0.249
0.976,-0.087
1.059,-1.564
0.914,-2.242
0.984,-1.107
0.841,-2.953
0.532,-3.575
0.299,-2.744
0.402,-0.974
0.416,-2.878
0.249,-1.213
0.221,-1.113
0.357,-2.759
0.183,-0.533
-0.21,-4.003
-0.116,-4.166
-0.172,-4.075
-2.096,-3.926
-2.161,-4.101
-2.116,-3.78
-2.431,-3.993
-2.576,-4.128
-2.754,-3.985
-3.108,-4.079
2.95,-4.25
2.33,-3.972
2.196,-3.89
2.049,-4.278
1.86,-4.213
1.54,-3.985
0.745,-4.023
-0.805,0.51
-1.291,0.376
-1.356,0.323
-1.544,0.239
-2.458,0.19
2.978,0.371
2.284,0.344
1.0,0.492
0.678,0.181
0.292,0.4
-2.567,-1.632
-1.051,-3.351
-1.414,-2.439
-2.752,-2.428
2.372,-0.831
1.912,-3.063
1.648,-0.888
1.592,-1.051
1.57,-2.749
1.564,-3.056
0.707,-2.442
0.799,-1.18
0.685,-2.287
0.613,-0.777
0.061,-1.558
-0.661,-2.75
-2.684,-0.482
-2.84,-1.777
2.329,-0.622
1.619,-2.637
-1.199,-3.922
-1.032,0.283
-0.626,0.485
-2.578,0.366
-0.696,-2.584
-0.668,-2.649
-1.382,-2.741
-1.734,-2.421
-2.431,-2.536
-2.609,-2.646
-2.898,-2.741
-2.921,-2.847
3.094,-2.799
2.717,-2.356
2.795,-2.629
2.254,-2.502
2.247,-2.588
2.048,-2.52
1.396,-2.84
1.148,-2.45
0.887,-2.467
0.718,-2.57
0.612,-2.534
0.08,-2.671
-0.409,1.999
-0.339,1.906
-0.564,1.944
-0.975,1.879
-1.574,2.012
-1.584,1.755
-2.943,1.699
-2.945,1.75
2.903,1.672
2.654,1.901
2.656,1.963
1.78,1.698
1.559,1.968
1.558,1.973
0.701,1.814
0.625,1.777
0.203,2.056
0.05,1.825
-0.568,-1.297
-1.021,-1.932
-3.008,1.565
-3.074,0.567
1.134,0.188
0.385,1.509
0.483,1.796
-0.185,-1.323
-0.246,-0.052
-0.19,0.596
-0.287,1.399
-0.42,-1.127
-0.511,0.125
-0.488,0.199
-0.525,-0.731
-0.517,-1.15
-0.529,-0.586
-0.686,-1.171
-0.741,-1.082
-0.897,1.25
-0.984,-0.673
-1.176,-0.138
-1.095,-0.423
-1.177,-1.026
-1.305,-2.269
-1.292,1.453
-1.169,1.088
-1.203,0.025
-1.215,0.661
-1.253,-1.839
-1.429,0.831
-1.488,1.323
-1.381,-0.781
-1.72,0.405
-1.9,-0.623
-2.117,-0.997
-2.361,0.024
-2.523,1.154
-2.418,-1.065
-2.579,-0.624
-2.612,-1.091
-2.629,-0.928
-2.675,0.246
-2.568,-1.195
-2.631,-1.43
-2.852,1.279
-2.8,-0.243
-2.822,0.17
-2.885,-1.12
-2.883,-2.112
-3.015,-0.362
-2.915,0.464
-2.927,-0.445
-2.956,0.338
-3.112,-1.291
3.094,-2.157
-3.028,1.074
3.138,0.707
3.001,-2.23
2.997,1.592
2.981,1.171
2.854,0.182
2.716,-1.688
2.705,0.592
2.617,1.053
2.625,-1.568
2.61,-1.282
2.471,0.188
2.284,0.542
2.382,1.598
2.206,-0.766
2.137,-1.16
2.137,1.354
2.152,-1.314
1.911,0.046
2.007,-0.945
1.901,0.911
1.784,-1.634
1.737,1.091
1.595,-1.858
1.503,1.597
1.368,0.243
1.488,-2.007
1.26,0.014
1.326,-1.013
1.345,-0.87
1.178,-2.002
1.117,1.366
1.147,1.689
0.974,1.353
1.057,-0.124
0.912,-0.802
0.982,0.333
0.839,-1.513
0.53,-2.135
0.297,-1.304
0.4,0.466
0.414,-1.438
0.247,0.227
0.219,0.327
0.355,-1.319
0.181,0.907
-0.212,-2.563
-0.118,-2.726
-0.174,-2.635
-2.098,-2.486
-2.163,-2.661
-2.118,-2.34
-2.433,-2.553
-2.578,-2.688
-2.756,-2.545
-3.11,-2.639
2.948,-2.81
2.328,-2.532
2.194,-2.45
2.047,-2.838
1.858,-2.773
1.538,-2.545
0.743,-2.583
-0.807,1.95
-1.293,1.816
-1.358,1.763
-1.546,1.679
-2.46,1.63
2.976,1.811
2.282,1.784
0.998,1.932
0.676,1.621
0.29,1.84
-2.569,-0.192
-1.053,-1.911
-1.416,-0.999
-2.754,-0.988
2.37,0.609
1.91,-1.623
1.646,0.552
1.59,0.389
1.568,-1.309
1.562,-1.616
0.705,-1.002
0.797,0.26
0.683,-0.847
0.611,0.663
0.059,-0.118
-0.663,-1.31
-2.686,0.958
-2.842,-0.337
2.327,0.818
1.617,-1.197
-1.201,-2.482
-1.034,1.723
-0.628,1.925
-2.58,1.806
0.028,-0.065
-0.686,-0.157
-1.038,0.163
-1.735,0.048
-1.913,-0.062
-2.202,-0.157
-2.225,-0.263
-2.493,-0.215
-2.87,0.228
-2.792,-0.045
2.95,0.082
2.943,-0.004
2.744,0.064
2.092,-0.256
1.844,0.134
1.583,0.117
1.414,0.014
1.308,0.05
0.776,-0.087
0.287,4.583
0.357,4.49
0.132,4.528
-0.279,4.463
-0.878,4.596
-0.888,4.339
-2.247,4.283
-2.249,4.334
-2.684,4.256
-2.933,4.485
-2.931,4.547
2.476,4.282
2.255,4.552
2.254,4.557
1.397,4.398
1.321,4.361
0.899,4.64
0.746,4.409
0.128,1.287
-0.325,0.652
-2.312,4.149
-2.378,3.151
1.83,2.772
1.081,4.093
1.179,4.38
0.511,1.261
0.45,2.532
0.506,3.18
0.409,3.983
0.276,1.457
0.185,2.709
0.208,2.783
0.171,1.853
0.179,1.434
0.167,1.998
0.01,1.413
-0.045,1.502
-0.201,3.834
-0.288,1.911
-0.48,2.446
-0.399,2.161
-0.481,1.558
-0.609,0.315
-0.596,4.037
-0.473,3.672
-0.507,2.609
-0.519,3.245
-0.557,0.745
-0.733,3.415
-0.792,3.907
-0.685,1.803
-1.024,2.989
-1.204,1.961
-1.421,1.587
-1.665,2.608
-1.827,3.738
-1.722,1.519
-1.883,1.96
-1.916,1.493
-1.933,1.656
-1.979,2.83
-1.872,1.389
-1.935,1.154
-2.156,3.863
-2.104,2.341
-2.126,2.754
-2.189,1.464
-2.187,0.472
-2.319,2.222
-2.219,3.048
-2.231,2.139
-2.26,2.922
-2.416,1.293
-2.493,0.427
-2.332,3.658
-2.449,3.291
-2.586,0.354
-2.59,4.176
-2.606,3.755
-2.733,2.766
-2.871,0.896
-2.882,3.176
-2.97,3.637
-2.962,1.016
-2.977,1.302
-3.116,2.772
2.98,3.126
3.078,4.182
2.902,1.818
2.833,1.424
2.833,3.938
2.848,1.27
2.607,2.63
2.703,1.639
2.597,3.495
2.48,0.95
2.433,3.675
2.291,0.726
2.199,4.181
2.064,2.827
2.184,0.577
1.956,2.598
2.022,1.571
2.041,1.714
1.874,0.582
1.813,3.95
1.843,4.273
1.67,3.937
1.753,2.46
1.608,1.782
1.678,2.917
1.535,1.071
1.226,0.449
0.993,1.28
1.096,3.05
1.11,1.146
0.943,2.811
0.915,2.911
1.051,1.265
0.877,3.491
0.484,0.021
0.578,-0.142
0.522,-0.051
-1.402,0.098
-1.467,-0.077
-1.422,0.244
-1.737,0.031
-1.882,-0.104
-2.06,0.039
-2.414,-0.055
-2.639,-0.226
3.024,0.052
2.89,0.134
2.743,-0.254
2.554,-0.189
2.234,0.039
1.439,0.001
-0.111,4.534
-0.597,4.4
-0.662,4.347
-0.85,4.263
-1.764,4.214
-2.611,4.395
2.978,4.368
1.694,4.516
1.372,4.205
0.986,4.424
-1.873,2.392
-0.357,0.673
-0.72,1.585
-2.058,1.596
3.066,3.193
2.606,0.961
2.342,3.136
2.286,2.973
2.264,1.275
2.258,0.968
1.401,1.582
1.493,2.844
1.379,1.737
1.307,3.247
0.755,2.466
0.033,1.274
-1.99,3.542
-2.146,2.247
3.023,3.402
2.313,1.387
-0.505,0.102
-0.338,4.307
0.068,4.509
-1.884,4.39
-0.714,-0.092
-1.066,0.228
-1.763,0.113
-1.941,0.003
-2.23,-0.092
-2.253,-0.198
-2.521,-0.15
-2.898,0.293
-2.82,0.02
2.922,0.147
2.915,0.061
2.716,0.129
2.064,-0.191
1.816,0.199
1.555,0.182
1.386,0.079
1.28,0.115
0.748,-0.022
0.259,4.648
0.329,4.555
0.104,4.593
-0.307,4.528
-0.906,4.661
-0.916,4.404
-2.275,4.348
-2.277,4.399
-2.712,4.321
-2.961,4.55
-2.959,4.612
2.448,4.347
2.227,4.617
2.226,4.622
1.369,4.463
1.293,4.426
0.871,4.705
0.718,4.474
0.1,1.352
-0.353,0.717
-2.34,4.214
-2.406,3.216
1.802,2.837
1.053,4.158
1.151,4.445
0.483,1.326
0.422,2.597
0.478,3.245
0.381,4.048
0.248,1.522
0.157,2.774
0.18,2.848
0.143,1.918
0.151,1.499
0.139,2.063
-0.018,1.478
-0.073,1.567
-0.229,3.899
-0.316,1.976
-0.508,2.511
-0.427,2.226
-0.509,1.623
-0.637,0.38
-0.624,4.102
-0.501,3.737
-0.535,2.674
-0.547,3.31
-0.585,0.81
-0.761,3.48
-0.82,3.972
-0.713,1.868
-1.052,3.054
-1.232,2.026
-1.449,1.652
-1.693,2.673
-1.855,3.803
-1.75,1.584
-1.911,2.025
-1.944,1.558
-1.961,1.721
-2.007,2.895
-1.9,1.454
-1.963,1.219
-2.184,3.928
-2.132,2.406
-2.154,2.819
-2.217,1.529
-2.215,0.537
-2.347,2.287
-2.247,3.113
-2.259,2.204
-2.288,2.987
-2.444,1.358
-2.521,0.492
-2.36,3.723
-2.477,3.356
-2.614,0.419
-2.618,4.241
-2.634,3.82
-2.761,2.831
-2.899,0.961
-2.91,3.241
-2.998,3.702
-2.99,1.081
-3.005,1.367
3.139,2.837
2.952,3.191
3.05,4.247
2.874,1.883
2.805,1.489
2.805,4.003
2.82,1.335
2.579,2.695
2.675,1.704
2.569,3.56
2.452,1.015
2.405,3.74
2.263,0.791
2.171,4.246
2.036,2.892
2.156,0.642
1.928,2.663
1.994,1.636
2.013,1.779
1.846,0.647
1.785,4.015
1.815,4.338
1.642,4.002
1.725,2.525
1.58,1.847
1.65,2.982
1.507,1.136
1.198,0.514
0.965,1.345
1.068,3.115
1.082,1.211
0.915,2.876
0.887,2.976
1.023,1.33
0.849,3.556
0.456,0.086
0.55,-0.077
0.494,0.014
-1.43,0.163
-1.495,-0.012
-1.45,0.309
-1.765,0.096
-1.91,-0.039
-2.088,0.104
-2.442,0.01
-2.667,-0.161
2.996,0.117
2.862,0.199
2.715,-0.189
2.526,-0.124
2.206,0.104
1.411,0.066
-0.139,4.599
-0.625,4.465
-0.69,4.412
-0.878,4.328
-1.792,4.279
-2.639,4.46
2.95,4.433
1.666,4.581
1.344,4.27
0.958,4.489
-1.901,2.457
-0.385,0.738
-0.748,1.65
-2.086,1.661
3.038,3.258
2.578,1.026
2.314,3.201
2.258,3.038
2.236,1.34
2.23,1.033
1.373,1.647
1.465,2.909
1.351,1.802
1.279,3.312
0.727,2.531
0.005,1.339
-2.018,3.607
-2.174,2.312
2.995,3.467
2.285,1.452
-0.533,0.167
-0.366,4.372
0.04,4.574
-1.912,4.455
-0.352,0.32
-1.049,0.205
-1.227,0.095
-1.516,0.0
-1.539,-0.106
-1.807,-0.058
-2.184,0.385
-2.106,0.112
-2.647,0.239
-2.654,0.153
-2.853,0.221
2.778,-0.099
2.53,0.291
2.269,0.274
2.1,0.171
1.994,0.207
1.462,0.07
0.973,4.74
1.043,4.647
0.818,4.685
0.407,4.62
-0.192,4.753
-0.202,4.496
-1.561,4.44
-1.563,4.491
-1.998,4.413
-2.247,4.642
-2.245,4.704
-3.121,4.439
2.941,4.709
2.94,4.714
2.083,4.555
2.007,4.518
1.585,4.797
1.432,4.566
0.814,1.444
0.361,0.809
-1.626,4.306
-1.692,3.308
2.516,2.929
1.767,4.25
1.865,4.537
1.197,1.418
1.136,2.689
1.192,3.337
1.095,4.14
0.962,1.614
0.871,2.866
0.894,2.94
0.857,2.01
0.865,1.591
0.853,2.155
0.696,1.57
0.641,1.659
0.485,3.991
0.398,2.068
0.206,2.603
0.287,2.318
0.205,1.715
0.077,0.472
0.09,4.194
0.213,3.829
0.179,2.766
0.167,3.402
0.129,0.902
-0.047,3.572
-0.106,4.064
0.001,1.96
-0.338,3.146
-0.518,2.118
-0.735,1.744
-0.979,2.765
-1.141,3.895
-1.036,1.676
-1.197,2.117
-1.23,1.65
-1.247,1.813
-1.293,2.987
-1.186,1.546
-1.249,1.311
-1.47,4.02
-1.418,2.498
-1.44,2.911
-1.503,1.621
-1.501,0.629
-1.633,2.379
-1.533,3.205
-1.545,2.296
-1.574,3.079
-1.73,1.45
-1.807,0.584
-1.646,3.815
-1.763,3.448
-1.9,0.511
-1.904,4.333
-1.92,3.912
-2.047,2.923
-2.185,1.053
-2.196,3.333
-2.284,3.794
-2.276,1.173
-2.291,1.459
-2.43,2.929
-2.617,3.283
-2.519,4.339
-2.695,1.975
-2.764,1.581
-2.764,4.095
-2.749,1.427
-2.99,2.787
-2.894,1.796
-3.0,3.652
-3.117,1.107
3.119,3.832
2.977,0.883
2.885,4.338
2.75,2.984
2.87,0.734
2.642,2.755
2.708,1.728
2.727,1.871
2.56,0.739
2.499,4.107
2.529,4.43
2.356,4.094
2.439,2.617
2.294,1.939
2.364,3.074
2.221,1.228
1.912,0.606
1.679,1.437
1.782,3.207
1.796,1.303
1.629,2.968
1.601,3.068
1.737,1.422
1.563,3.648
1.17,0.178
1.264,0.015
1.208,0.106
-0.716,0.255
-0.781,0.08
-0.736,0.401
-1.051,0.188
-1.196,0.053
-1.374,0.196
-1.728,0.102
-1.953,-0.069
-2.573,0.209
-2.707,0.291
-2.854,-0.097
-3.043,-0.032
2.92,0.196
2.125,0.158
0.575,4.691
0.089,4.557
0.024,4.504
-0.164,4.42
-1.078,4.371
-1.925,4.552
-2.619,4.525
2.38,4.673
2.058,4.362
1.672,4.581
-1.187,2.549
0.329,0.83
-0.034,1.742
-1.372,1.753
-2.531,3.35
-2.991,1.118
3.028,3.293
2.972,3.13
2.95,1.432
2.944,1.125
2.087,1.739
2.179,3.001
2.065,1.894
1.993,3.404
1.441,2.623
0.719,1.431
-1.304,3.699
-1.46,2.404
-2.574,3.559
2.999,1.544
0.181,0.259
0.348,4.464
0.754,4.666
-1.198,4.547
-0.697,-0.115
-0.875,-0.225
-1.164,-0.32
-1.187,-0.426
-1.455,-0.378
-1.832,0.065
-1.754,-0.208
-2.295,-0.081
-2.302,-0.167
-2.501,-0.099
3.13,-0.419
2.882,-0.029
2.621,-0.046
2.452,-0.149
2.346,-0.113
1.814,-0.25
1.325,4.42
1.395,4.327
1.17,4.365
0.759,4.3
0.16,4.433
0.15,4.176
-1.209,4.12
-1.211,4.171
-1.646,4.093
-1.895,4.322
-1.893,4.384
-2.769,4.119
-2.99,4.389
-2.991,4.394
2.435,4.235
2.359,4.198
1.937,4.477
1.784,4.246
1.166,1.124
0.713,0.489
-1.274,3.986
-1.34,2.988
2.868,2.609
2.119,3.93
2.217,4.217
1.549,1.098
1.488,2.369
1.544,3.017
1.447,3.82
1.314,1.294
1.223,2.546
1.246,2.62
1.209,1.69
1.217,1.271
1.205,1.835
1.048,1.25
0.993,1.339
0.837,3.671
0.75,1.748
0.558,2.283
0.639,1.998
0.557,1.395
0.429,0.152
0.442,3.874
0.565,3.509
0.531,2.446
0.519,3.082
0.481,0.582
0.305,3.252
0.246,3.744
0.353,1.64
0.014,2.826
-0.166,1.798
-0.383,1.424
-0.627,2.445
-0.789,3.575
-0.684,1.356
-0.845,1.797
-0.878,1.33
-0.895,1.493
-0.941,2.667
-0.834,1.226
-0.897,0.991
-1.118,3.7
-1.066,2.178
-1.088,2.591
-1.151,1.301
-1.149,0.309
-1.281,2.059
-1.181,2.885
-1.193,1.976
-1.222,2.759
-1.378,1.13
-1.455,0.264
-1.294,3.495
-1.411,3.128
-1.548,0.191
-1.552,4.013
-1.568,3.592
-1.695,2.603
-1.833,0.733
-1.844,3.013
-1.932,3.474
-1.924,0.853
-1.939,1.139
-2.078,2.609
-2.265,2.963
-2.167,4.019
-2.343,1.655
-2.412,1.261
-2.412,3.775
-2.397,1.107
-2.638,2.467
-2.542,1.476
-2.648,3.332
-2.765,0.787
-2.812,3.512
-2.954,0.563
-3.046,4.018
3.102,2.664
-3.061,0.414
2.994,2.435
3.06,1.408
3.079,1.551
2.912,0.419
2.851,3.787
2.881,4.11
2.708,3.774
2.791,2.297
2.646,1.619
2.716,2.754
2.573,0.908
2.264,0.286
2.031,1.117
2.134,2.887
2.148,0.983
1.981,2.648
1.953,2.748
2.089,1.102
1.915,3.328
1.522,-0.142
1.616,-0.305
1.56,-0.214
-0.364,-0.065
-0.429,-0.24
-0.384,0.081
-0.699,-0.132
-0.844,-0.267
-1.022,-0.124
-1.376,-0.218
-1.601,-0.389
-2.221,-0.111
-2.355,-0.029
-2.502,-0.417
-2.691,-0.352
-3.011,-0.124
2.477,-0.162
0.927,4.371
0.441,4.237
0.376,4.184
0.188,4.1
-0.726,4.051
-1.573,4.232
-2.267,4.205
2.732,4.353
2.41,4.042
2.024,4.261
-0.835,2.229
0.681,0.51
0.318,1.422
-1.02,1.433
-2.179,3.03
-2.639,0.798
-2.903,2.973
-2.959,2.81
-2.981,1.112
-2.987,0.805
2.439,1.419
2.531,2.681
2.417,1.574
2.345,3.084
1.793,2.303
1.071,1.111
-0.952,3.379
-1.108,2.084
-2.222,3.239
-2.932,1.224
0.533,-0.061
0.7,4.144
1.106,4.346
-0.846,4.227
-0.178,-0.11
-0.467,-0.205
-0.49,-0.311
-0.758,-0.263
-1.135,0.18
-1.057,-0.093
-1.598,0.034
-1.605,-0.052
-1.804,0.016
-2.456,-0.304
-2.704,0.086
-2.965,0.069
-3.134,-0.034
3.043,0.002
2.511,-0.135
2.022,4.535
2.092,4.442
1.867,4.48
1.456,4.415
0.857,4.548
0.847,4.291
-0.512,4.235
-0.514,4.286
-0.949,4.208
-1.198,4.437
-1.196,4.499
-2.072,4.234
-2.293,4.504
-2.294,4.509
3.132,4.35
3.056,4.313
2.634,4.592
2.481,4.361
1.863,1.239
1.41,0.604
-0.577,4.101
-0.643,3.103
-2.718,2.724
2.816,4.045
2.914,4.332
2.246,1.213
2.185,2.484
2.241,3.132
2.144,3.935
2.011,1.409
1.92,2.661
1.943,2.735
1.906,1.805
1.914,1.386
1.902,1.95
1.745,1.365
1.69,1.454
1.534,3.786
1.447,1.863
1.255,2.398
1.336,2.113
1.254,1.51
1.126,0.267
1.139,3.989
1.262,3.624
1.228,2.561
1.216,3.197
1.178,0.697
1.002,3.367
0.943,3.859
1.05,1.755
0.711,2.941
0.531,1.913
0.314,1.539
0.07,2.56
-0.092,3.69
0.013,1.471
-0.148,1.912
-0.181,1.445
-0.198,1.608
-0.244,2.782
-0.137,1.341
-0.2,1.106
-0.421,3.815
-0.369,2.293
-0.391,2.706
-0.454,1.416
-0.452,0.424
-0.584,2.174
-0.484,3.0
-0.496,2.091
-0.525,2.874
-0.681,1.245
-0.758,0.379
-0.597,3.61
-0.714,3.243
-0.851,0.306
-0.855,4.128
-0.871,3.707
-0.998,2.718
-1.136,0.848
-1.147,3.128
-1.235,3.589
-1.227,0.968
-1.242,1.254
-1.381,2.724
-1.568,3.078
-1.47,4.134
-1.646,1.77
-1.715,1.376
-1.715,3.89
-1.7,1.222
-1.941,2.582
-1.845,1.591
-1.951,3.447
-2.068,0.902
-2.115,3.627
-2.257,0.678
-2.349,4.133
-2.484,2.779
-2.364,0.529
-2.592,2.55
-2.526,1.523
-2.507,1.666
-2.674,0.534
-2.735,3.902
-2.705,4.225
-2.878,3.889
-2.795,2.412
-2.94,1.734
-2.87,2.869
-3.013,1.023
2.961,0.401
2.728,1.232
2.831,3.002
2.845,1.098
2.678,2.763
2.65,2.863
2.786,1.217
2.612,3.443
2.219,-0.027
2.313,-0.19
2.257,-0.099
0.333,0.05
0.268,-0.125
0.313,0.196
-0.002,-0.017
-0.147,-0.152
-0.325,-0.009
-0.679,-0.103
-0.904,-0.274
-1.524,0.004
-1.658,0.086
-1.805,-0.302
-1.994,-0.237
-2.314,-0.009
-3.109,-0.047
1.624,4.486
1.138,4.352
1.073,4.299
0.885,4.215
-0.029,4.166
-0.876,4.347
-1.57,4.32
-2.854,4.468
3.107,4.157
2.721,4.376
-0.138,2.344
1.378,0.625
1.015,1.537
-0.323,1.548
-1.482,3.145
-1.942,0.913
-2.206,3.088
-2.262,2.925
-2.284,1.227
-2.29,0.92
3.136,1.534
-3.055,2.796
3.114,1.689
3.042,3.199
2.49,2.418
1.768,1.226
-0.255,3.494
-0.411,2.199
-1.525,3.354
-2.235,1.339
1.23,0.054
1.397,4.259
1.803,4.461
-0.149,4.342
-0.289,-0.095
-0.312,-0.201
-0.58,-0.153
-0.957,0.29
-0.879,0.017
-1.42,0.144
-1.427,0.058
-1.626,0.126
-2.278,-0.194
-2.526,0.196
-2.787,0.179
-2.956,0.076
-3.062,0.112
2.689,-0.025
2.2,4.645
2.27,4.552
2.045,4.59
1.634,4.525
1.035,4.658
1.025,4.401
-0.334,4.345
-0.336,4.396
-0.771,4.318
-1.02,4.547
-1.018,4.609
-1.894,4.344
-2.115,4.614
-2.116,4.619
-2.973,4.46
-3.049,4.423
2.812,4.702
2.659,4.471
2.041,1.349
1.588,0.714
-0.399,4.211
-0.465,3.213
-2.54,2.834
2.994,4.155
3.092,4.442
2.424,1.323
2.363,2.594
2.419,3.242
2.322,4.045
2.189,1.519
2.098,2.771
2.121,2.845
2.084,1.915
2.092,1.496
2.08,2.06
1.923,1.475
1.868,1.564
1.712,3.896
1.625,1.973
1.433,2.508
1.514,2.223
1.432,1.62
1.304,0.377
1.317,4.099
1.44,3.734
1.406,2.671
1.394,3.307
1.356,0.807
1.18,3.477
1.121,3.969
1.228,1.865
0.889,3.051
0.709,2.023
0.492,1.649
0.248,2.67
0.086,3.8
0.191,1.581
0.03,2.022
-0.003,1.555
-0.02,1.718
-0.066,2.892
0.041,1.451
-0.022,1.216
-0.243,3.925
-0.191,2.403
-0.213,2.816
-0.276,1.526
-0.274,0.534
-0.406,2.284
-0.306,3.11
-0.318,2.201
-0.347,2.984
-0.503,1.355
-0.58,0.489
-0.419,3.72
-0.536,3.353
-0.673,0.416
-0.677,4.238
-0.693,3.817
-0.82,2.828
-0.958,0.958
-0.969,3.238
-1.057,3.699
-1.049,1.078
-1.064,1.364
-1.203,2.834
-1.39,3.188
-1.292,4.244
-1.468,1.88
-1.537,1.486
-1.537,4.0
-1.522,1.332
-1.763,2.692
-1.667,1.701
-1.773,3.557
-1.89,1.012
-1.937,3.737
-2.079,0.788
-2.171,4.243
-2.306,2.889
-2.186,0.639
-2.414,2.66
-2.348,1.633
-2.329,1.776
-2.496,0.644
-2.557,4.012
-2.527,4.335
-2.7,3.999
-2.617,2.522
-2.762,1.844
-2.692,2.979
-2.835,1.133
3.139,0.511
2.906,1.342
3.009,3.112
3.023,1.208
2.856,2.873
2.828,2.973
2.964,1.327
2.79,3.553
2.397,0.083
2.491,-0.08
2.435,0.011
0.511,0.16
0.446,-0.015
0.491,0.306
0.176,0.093
0.031,-0.042
-0.147,0.101
-0.501,0.007
-0.726,-0.164
-1.346,0.114
-1.48,0.196
-1.627,-0.192
-1.816,-0.127
-2.136,0.101
-2.931,0.063
1.802,4.596
1.316,4.462
1.251,4.409
1.063,4.325
0.149,4.276
-0.698,4.457
-1.392,4.43
-2.676,4.578
-2.998,4.267
2.899,4.486
0.04,2.454
1.556,0.735
1.193,1.647
-0.145,1.658
-1.304,3.255
-1.764,1.023
-2.028,3.198
-2.084,3.035
-2.106,1.337
-2.112,1.03
-2.969,1.644
-2.877,2.906
-2.991,1.799
-3.063,3.309
2.668,2.528
1.946,1.336
-0.077,3.604
-0.233,2.309
-1.347,3.464
-2.057,1.449
1.408,0.164
1.575,4.369
1.981,4.571
0.029,4.452
-0.023,-0.106
-0.291,-0.058
-0.668,0.385
-0.59,0.112
-1.131,0.239
-1.138,0.153
-1.337,0.221
-1.989,-0.099
-2.237,0.291
-2.498,0.274
-2.667,0.171
-2.773,0.207
2.978,0.07
2.489,4.74
2.559,4.647
2.334,4.685
1.923,4.62
1.324,4.753
1.314,4.496
-0.045,4.44
-0.047,4.491
-0.482,4.413
-0.731,4.642
-0.729,4.704
-1.605,4.439
-1.826,4.709
-1.827,4.714
-2.684,4.555
-2.76,4.518
3.101,4.797
2.948,4.566
2.33,1.444
1.877,0.809
-0.11,4.306
-0.176,3.308
-2.251,2.929
-3.0,4.25
-2.902,4.537
2.713,1.418
2.652,2.689
2.708,3.337
2.611,4.14
2.478,1.614
2.387,2.866
2.41,2.94
2.373,2.01
2.381,1.591
2.369,2.155
2.212,1.57
2.157,1.659
2.001,3.991
1.914,2.068
1.722,2.603
1.803,2.318
1.721,1.715
1.593,0.472
1.606,4.194
1.729,3.829
1.695,2.766
1.683,3.402
1.645,0.902
1.469,3.572
1.41,4.064
1.517,1.96
1.178,3.146
0.998,2.118
0.781,1.744
0.537,2.765
0.375,3.895
0.48,1.676
0.319,2.117
0.286,1.65
0.269,1.813
0.223,2.987
0.33,1.546
0.267,1.311
0.046,4.02
0.098,2.498
0.076,2.911
0.013,1.621
0.015,0.629
-0.117,2.379
-0.017,3.205
-0.029,2.296
-0.058,3.079
-0.214,1.45
-0.291,0.584
-0.13,3.815
-0.247,3.448
-0.384,0.511
-0.388,4.333
-0.404,3.912
-0.531,2.923
-0.669,1.053
-0.68,3.333
-0.768,3.794
-0.76,1.173
-0.775,1.459
-0.914,2.929
-1.101,3.283
-1.003,4.339
-1.179,1.975
-1.248,1.581
-1.248,4.095
-1.233,1.427
-1.474,2.787
-1.378,1.796
-1.484,3.652
-1.601,1.107
-1.648,3.832
-1.79,0.883
-1.882,4.338
-2.017,2.984
-1.897,0.734
-2.125,2.755
-2.059,1.728
-2.04,1.871
-2.207,0.739
-2.268,4.107
-2.238,4.43
-2.411,4.094
-2.328,2.617
-2.473,1.939
-2.403,3.074
-2.546,1.228
-2.855,0.606
-3.088,1.437
-2.985,3.207
-2.971,1.303
-3.138,2.968
3.117,3.068
-3.03,1.422
3.079,3.648
2.686,0.178
2.78,0.015
2.724,0.106
0.8,0.255
0.735,0.08
0.78,0.401
0.465,0.188
0.32,0.053
0.142,0.196
-0.212,0.102
-0.437,-0.069
-1.057,0.209
-1.191,0.291
-1.338,-0.097
-1.527,-0.032
-1.847,0.196
-2.642,0.158
2.091,4.691
1.605,4.557
1.54,4.504
1.352,4.42
0.438,4.371
-0.409,4.552
-1.103,4.525
-2.387,4.673
-2.709,4.362
-3.095,4.581
0.329,2.549
1.845,0.83
1.482,1.742
0.144,1.753
-1.015,3.35
-1.475,1.118
-1.739,3.293
-1.795,3.13
-1.817,1.432
-1.823,1.125
-2.68,1.739
-2.588,3.001
-2.702,1.894
-2.774,3.404
2.957,2.623
2.235,1.431
0.212,3.699
0.056,2.404
-1.058,3.559
-1.768,1.544
1.697,0.259
1.864,4.464
2.27,4.666
0.318,4.547
-0.268,0.048
-0.645,0.491
-0.567,0.218
-1.108,0.345
-1.115,0.259
-1.314,0.327
-1.966,0.007
-2.214,0.397
-2.475,0.38
-2.644,0.277
-2.75,0.313
3.001,0.176
2.512,4.846
2.582,4.753
2.357,4.791
1.946,4.726
1.347,4.859
1.337,4.602
-0.022,4.546
-0.024,4.597
-0.459,4.519
-0.708,4.748
-0.706,4.81
-1.582,4.545
-1.803,4.815
-1.804,4.82
-2.661,4.661
-2.737,4.624
3.124,4.903
2.971,4.672
2.353,1.55
1.9,0.915
-0.087,4.412
-0.153,3.414
-2.228,3.035
-2.977,4.356
-2.879,4.643
2.736,1.524
2.675,2.795
2.731,3.443
2.634,4.246
2.501,1.72
2.41,2.972
2.433,3.046
2.396,2.116
2.404,1.697
2.392,2.261
2.235,1.676
2.18,1.765
2.024,4.097
1.937,2.174
1.745,2.709
1.826,2.424
1.744,1.821
1.616,0.578
1.629,4.3
1.752,3.935
1.718,2.872
1.706,3.508
1.668,1.008
1.492,3.678
1.433,4.17
1.54,2.066
1.201,3.252
1.021,2.224
0.804,1.85
0.56,2.871
0.398,4.001
0.503,1.782
0.342,2.223
0.309,1.756
0.292,1.919
0.246,3.093
0.353,1.652
0.29,1.417
0.069,4.126
0.121,2.604
0.099,3.017
0.036,1.727
0.038,0.735
-0.094,2.485
0.006,3.311
-0.006,2.402
-0.035,3.185
-0.191,1.556
-0.268,0.69
-0.107,3.921
-0.224,3.554
-0.361,0.617
-0.365,4.439
-0.381,4.018
-0.508,3.029
-0.646,1.159
-0.657,3.439
-0.745,3.9
-0.737,1.279
-0.752,1.565
-0.891,3.035
-1.078,3.389
-0.98,4.445
-1.156,2.081
-1.225,1.687
-1.225,4.201
-1.21,1.533
-1.451,2.893
-1.355,1.902
-1.461,3.758
-1.578,1.213
-1.625,3.938
-1.767,0.989
-1.859,4.444
-1.994,3.09
-1.874,0.84
-2.102,2.861
-2.036,1.834
-2.017,1.977
-2.184,0.845
-2.245,4.213
-2.215,4.536
-2.388,4.2
-2.305,2.723
-2.45,2.045
-2.38,3.18
-2.523,1.334
-2.832,0.712
-3.065,1.543
-2.962,3.313
-2.948,1.409
-3.115,3.074
3.14,3.174
-3.007,1.528
3.102,3.754
2.709,0.284
2.803,0.121
2.747,0.212
0.823,0.361
0.758,0.186
0.803,0.507
0.488,0.294
0.343,0.159
0.165,0.302
-0.189,0.208
-0.414,0.037
-1.034,0.315
-1.168,0.397
-1.315,0.009
-1.504,0.074
-1.824,0.302
-2.619,0.264
2.114,4.797
1.628,4.663
1.563,4.61
1.375,4.526
0.461,4.477
-0.386,4.658
-1.08,4.631
-2.364,4.779
-2.686,4.468
-3.072,4.687
0.352,2.655
1.868,0.936
1.505,1.848
0.167,1.859
-0.992,3.456
-1.452,1.224
-1.716,3.399
-1.772,3.236
-1.794,1.538
-1.8,1.231
-2.657,1.845
-2.565,3.107
-2.679,2.0
-2.751,3.51
2.98,2.729
2.258,1.537
0.235,3.805
0.079,2.51
-1.035,3.665
-1.745,1.65
1.72,0.365
1.887,4.57
2.293,4.772
0.341,4.653
-0.377,0.443
-0.299,0.17
-0.84,0.297
-0.847,0.211
-1.046,0.279
-1.698,-0.041
-1.946,0.349
-2.207,0.332
-2.376,0.229
-2.482,0.265
-3.014,0.128
2.78,4.798
2.85,4.705
2.625,4.743
2.214,4.678
1.615,4.811
1.605,4.554
0.246,4.498
0.244,4.549
-0.191,4.471
-0.44,4.7
-0.438,4.762
-1.314,4.497
-1.535,4.767
-1.536,4.772
-2.393,4.613
-2.469,4.576
-2.891,4.855
-3.044,4.624
2.621,1.502
2.168,0.867
0.181,4.364
0.115,3.366
-1.96,2.987
-2.709,4.308
-2.611,4.595
3.004,1.476
2.943,2.747
2.999,3.395
2.902,4.198
2.769,1.672
2.678,2.924
2.701,2.998
2.664,2.068
2.672,1.649
2.66,2.213
2.503,1.628
2.448,1.717
2.292,4.049
2.205,2.126
2.013,2.661
2.094,2.376
2.012,1.773
1.884,0.53
1.897,4.252
2.02,3.887
1.986,2.824
1.974,3.46
1.936,0.96
1.76,3.63
1.701,4.122
1.808,2.018
1.469,3.204
1.289,2.176
1.072,1.802
0.828,2.823
0.666,3.953
0.771,1.734
0.61,2.175
0.577,1.708
0.56,1.871
0.514,3.045
0.621,1.604
0.558,1.369
0.337,4.078
0.389,2.556
0.367,2.969
0.304,1.679
0.306,0.687
0.174,2.437
0.274,3.263
0.262,2.354
0.233,3.137
0.077,1.508
0.0,0.642
0.161,3.873
0.044,3.506
-0.093,0.569
-0.097,4.391
-0.113,3.97
-0.24,2.981
-0.378,1.111
-0.389,3.391
-0.477,3.852
-0.469,1.231
-0.484,1.517
-0.623,2.987
-0.81,3.341
-0.712,4.397
-0.888,2.033
-0.957,1.639
-0.957,4.153
-0.942,1.485
-1.183,2.845
-1.087,1.854
-1.193,3.71
-1.31,1.165
-1.357,3.89
-1.499,0.941
-1.591,4.396
-1.726,3.042
-1.606,0.792
-1.834,2.813
-1.768,1.786
-1.749,1.929
-1.916,0.797
-1.977,4.165
-1.947,4.488
-2.12,4.152
-2.037,2.675
-2.182,1.997
-2.112,3.132
-2.255,1.286
-2.564,0.664
-2.797,1.495
-2.694,3.265
-2.68,1.361
-2.847,3.026
-2.875,3.126
-2.739,1.48
-2.913,3.706
2.977,0.236
3.071,0.073
3.015,0.164
1.091,0.313
1.026,0.138
1.071,0.459
0.756,0.246
0.611,0.111
0.433,0.254
0.079,0.16
-0.146,-0.011
-0.766,0.267
-0.9,0.349
-1.047,-0.039
-1.236,0.026
-1.556,0.254
-2.351,0.216
2.382,4.749
1.896,4.615
1.831,4.562
1.643,4.478
0.729,4.429
-0.118,4.61
-0.812,4.583
-2.096,4.731
-2.418,4.42
-2.804,4.639
0.62,2.607
2.136,0.888
1.773,1.8
0.435,1.811
-0.724,3.408
-1.184,1.176
-1.448,3.351
-1.504,3.188
-1.526,1.49
-1.532,1.183
-2.389,1.797
-2.297,3.059
-2.411,1.952
-2.483,3.462
-3.035,2.681
2.526,1.489
0.503,3.757
0.347,2.462
-0.767,3.617
-1.477,1.602
1.988,0.317
2.155,4.522
2.561,4.724
0.609,4.605
0.078,-0.273
-0.463,-0.146
-0.47,-0.232
-0.669,-0.164
-1.321,-0.484
-1.569,-0.094
-1.83,-0.111
-1.999,-0.214
-2.105,-0.178
-2.637,-0.315
-3.126,4.355
-3.056,4.262
3.002,4.3
2.591,4.235
1.992,4.368
1.982,4.111
0.623,4.055
0.621,4.106
0.186,4.028
-0.063,4.257
-0.061,4.319
-0.937,4.054
-1.158,4.324
-1.159,4.329
-2.016,4.17
-2.092,4.133
-2.514,4.412
-2.667,4.181
2.998,1.059
2.545,0.424
0.558,3.921
0.492,2.923
-1.583,2.544
-2.332,3.865
-2.234,4.152
-2.902,1.033
-2.963,2.304
-2.907,2.952
-3.004,3.755
-3.137,1.229
3.055,2.481
3.078,2.555
3.041,1.625
3.049,1.206
3.037,1.77
2.88,1.185
2.825,1.274
2.669,3.606
2.582,1.683
2.39,2.218
2.471,1.933
2.389,1.33
2.261,0.087
2.274,3.809
2.397,3.444
2.363,2.381
2.351,3.017
2.313,0.517
2.137,3.187
2.078,3.679
2.185,1.575
1.846,2.761
1.666,1.733
1.449,1.359
1.205,2.38
1.043,3.51
1.148,1.291
0.987,1.732
0.954,1.265
0.937,1.428
0.891,2.602
0.998,1.161
0.935,0.926
0.714,3.635
0.766,2.113
0.744,2.526
0.681,1.236
0.683,0.244
0.551,1.994
0.651,2.82
0.639,1.911
0.61,2.694
0.454,1.065
0.377,0.199
0.538,3.43
0.421,3.063
0.284,0.126
0.28,3.948
0.264,3.527
0.137,2.538
-0.001,0.668
-0.012,2.948
-0.1,3.409
-0.092,0.788
-0.107,1.074
-0.246,2.544
-0.433,2.898
-0.335,3.954
-0.511,1.59
-0.58,1.196
-0.58,3.71
-0.565,1.042
-0.806,2.402
-0.71,1.411
-0.816,3.267
-0.933,0.722
-0.98,3.447
-1.122,0.498
-1.214,3.953
-1.349,2.599
-1.229,0.349
-1.457,2.37
-1.391,1.343
-1.372,1.486
-1.539,0.354
-1.6,3.722
-1.57,4.045
-1.743,3.709
-1.66,2.232
-1.805,1.554
-1.735,2.689
-1.878,0.843
-2.187,0.221
-2.42,1.052
-2.317,2.822
-2.303,0.918
-2.47,2.583
-2.498,2.683
-2.362,1.037
-2.536,3.263
-2.929,-0.207
-2.835,-0.37
-2.891,-0.279
1.468,-0.13
1.403,-0.305
1.448,0.016
1.133,-0.197
0.988,-0.332
0.81,-0.189
0.456,-0.283
0.231,-0.454
-0.389,-0.176
-0.523,-0.094
-0.67,-0.482
-0.859,-0.417
-1.179,-0.189
-1.974,-0.227
2.759,4.306
2.273,4.172
2.208,4.119
2.02,4.035
1.106,3.986
0.259,4.167
-0.435,4.14
-1.719,4.288
-2.041,3.977
-2.427,4.196
0.997,2.164
2.513,0.445
2.15,1.357
0.812,1.368
-0.347,2.965
-0.807,0.733
-1.071,2.908
-1.127,2.745
-1.149,1.047
-1.155,0.74
-2.012,1.354
-1.92,2.616
-2.034,1.509
-2.106,3.019
-2.658,2.238
2.903,1.046
0.88,3.314
0.724,2.019
-0.39,3.174
-1.1,1.159
2.365,-0.126
2.532,4.079
2.938,4.281
0.986,4.162
-0.541,0.127
-0.548,0.041
-0.747,0.109
-1.399,-0.211
-1.647,0.179
-1.908,0.162
-2.077,0.059
-2.183,0.095
-2.715,-0.042
3.079,4.628
-3.134,4.535
2.924,4.573
2.513,4.508
1.914,4.641
1.904,4.384
0.545,4.328
0.543,4.379
0.108,4.301
-0.141,4.53
-0.139,4.592
-1.015,4.327
-1.236,4.597
-1.237,4.602
-2.094,4.443
-2.17,4.406
-2.592,4.685
-2.745,4.454
2.92,1.332
2.467,0.697
0.48,4.194
0.414,3.196
-1.661,2.817
-2.41,4.138
-2.312,4.425
-2.98,1.306
-3.041,2.577
-2.985,3.225
-3.082,4.028
3.068,1.502
2.977,2.754
3.0,2.828
2.963,1.898
2.971,1.479
2.959,2.043
2.802,1.458
2.747,1.547
2.591,3.879
2.504,1.956
2.312,2.491
2.393,2.206
2.311,1.603
2.183,0.36
2.196,4.082
2.319,3.717
2.285,2.654
2.273,3.29
2.235,0.79
2.059,3.46
2.0,3.952
2.107,1.848
1.768,3.034
1.588,2.006
1.371,1.632
1.127,2.653
0.965,3.783
1.07,1.564
0.909,2.005
0.876,1.538
0.859,1.701
0.813,2.875
0.92,1.434
0.857,1.199
0.636,3.908
0.688,2.386
0.666,2.799
0.603,1.509
0.605,0.517
0.473,2.267
0.573,3.093
0.561,2.184
0.532,2.967
0.376,1.338
0.299,0.472
0.46,3.703
0.343,3.336
0.206,0.399
0.202,4.221
0.186,3.8
0.059,2.811
-0.079,0.941
-0.09,3.221
-0.178,3.682
-0.17,1.061
-0.185,1.347
-0.324,2.817
-0.511,3.171
-0.413,4.227
-0.589,1.863
-0.658,1.469
-0.658,3.983
-0.643,1.315
-0.884,2.675
-0.788,1.684
-0.894,3.54
-1.011,0.995
-1.058,3.72
-1.2,0.771
-1.292,4.226
-1.427,2.872
-1.307,0.622
-1.535,2.643
-1.469,1.616
-1.45,1.759
-1.617,0.627
-1.678,3.995
-1.648,4.318
-1.821,3.982
-1.738,2.505
-1.883,1.827
-1.813,2.962
-1.956,1.116
-2.265,0.494
-2.498,1.325
-2.395,3.095
-2.381,1.191
-2.548,2.856
-2.576,2.956
-2.44,1.31
-2.614,3.536
-3.007,0.066
-2.913,-0.097
-2.969,-0.006
1.39,0.143
1.325,-0.032
1.37,0.289
1.055,0.076
0.91,-0.059
0.732,0.084
0.378,-0.01
0.153,-0.181
-0.467,0.097
-0.601,0.179
-0.748,-0.209
-0.937,-0.144
-1.257,0.084
-2.052,0.046
2.681,4.579
2.195,4.445
2.13,4.392
1.942,4.308
1.028,4.259
0.181,4.44
-0.513,4.413
-1.797,4.561
-2.119,4.25
-2.505,4.469
0.919,2.437
2.435,0.718
2.072,1.63
0.734,1.641
-0.425,3.238
-0.885,1.006
-1.149,3.181
-1.205,3.018
-1.227,1.32
-1.233,1.013
-2.09,1.627
-1.998,2.889
-2.112,1.782
-2.184,3.292
-2.736,2.511
2.825,1.319
0.802,3.587
0.646,2.292
-0.468,3.447
-1.178,1.432
2.287,0.147
2.454,4.352
2.86,4.554
0.908,4.435
-0.007,-0.086
-0.206,-0.018
-0.858,-0.338
-1.106,0.052
-1.367,0.035
-1.536,-0.068
-1.642,-0.032
-2.174,-0.169
-2.663,4.501
-2.593,4.408
-2.818,4.446
3.054,4.381
2.455,4.514
2.445,4.257
1.086,4.201
1.084,4.252
0.649,4.174
0.4,4.403
0.402,4.465
-0.474,4.2
-0.695,4.47
-0.696,4.475
-1.553,4.316
-1.629,4.279
-2.051,4.558
-2.204,4.327
-2.822,1.205
3.008,0.57
1.021,4.067
0.955,3.069
-1.12,2.69
-1.869,4.011
-1.771,4.298
-2.439,1.179
-2.5,2.45
-2.444,3.098
-2.541,3.901
-2.674,1.375
-2.765,2.627
-2.742,2.701
-2.779,1.771
-2.771,1.352
-2.783,1.916
-2.94,1.331
-2.995,1.42
3.132,3.752
3.045,1.829
2.853,2.364
2.934,2.079
2.852,1.476
2.724,0.233
2.737,3.955
2.86,3.59
2.826,2.527
2.814,3.163
2.776,0.663
2.6,3.333
2.541,3.825
2.648,1.721
2.309,2.907
2.129,1.879
1.912,1.505
1.668,2.526
1.506,3.656
1.611,1.437
1.45,1.878
1.417,1.411
1.4,1.574
1.354,2.748
1.461,1.307
1.398,1.072
1.177,3.781
1.229,2.259
1.207,2.672
1.144,1.382
1.146,0.39
1.014,2.14
1.114,2.966
1.102,2.057
1.073,2.84
0.917,1.211
0.84,0.345
1.001,3.576
0.884,3.209
0.747,0.272
0.743,4.094
0.727,3.673
0.6,2.684
0.462,0.814
0.451,3.094
0.363,3.555
0.371,0.934
0.356,1.22
0.217,2.69
0.03,3.044
0.128,4.1
-0.048,1.736
-0.117,1.342
-0.117,3.856
-0.102,1.188
-0.343,2.548
-0.247,1.557
-0.353,3.413
-0.47,0.868
-0.517,3.593
-0.659,0.644
-0.751,4.099
-0.886,2.745
-0.766,0.495
-0.994,2.516
-0.928,1.489
-0.909,1.632
-1.076,0.5
-1.137,3.868
-1.107,4.191
-1.28,3.855
-1.197,2.378
-1.342,1.7
-1.272,2.835
-1.415,0.989
-1.724,0.367
-1.957,1.198
-1.854,2.968
-1.84,1.064
-2.007,2.729
-2.035,2.829
-1.899,1.183
-2.073,3.409
-2.466,-0.061
-2.372,-0.224
-2.428,-0.133
1.931,0.016
1.866,-0.159
1.911,0.162
1.596,-0.051
1.451,-0.186
1.273,-0.043
0.919,-0.137
0.694,-0.308
0.074,-0.03
-0.06,0.052
-0.207,-0.336
-0.396,-0.271
-0.716,-0.043
-1.511,-0.081
-3.061,4.452
2.736,4.318
2.671,4.265
2.483,4.181
1.569,4.132
0.722,4.313
0.028,4.286
-1.256,4.434
-1.578,4.123
-1.964,4.342
1.46,2.31
2.976,0.591
2.613,1.503
1.275,1.514
0.116,3.111
-0.344,0.879
-0.608,3.054
-0.664,2.891
-0.686,1.193
-0.692,0.886
-1.549,1.5
-1.457,2.762
-1.571,1.655
-1.643,3.165
-2.195,2.384
-2.917,1.192
1.343,3.46
1.187,2.165
0.073,3.32
-0.637,1.305
2.828,0.02
2.995,4.225
-2.882,4.427
1.449,4.308
-0.199,0.068
-0.851,-0.252
-1.099,0.138
-1.36,0.121
-1.529,0.018
-1.635,0.054
-2.167,-0.083
-2.656,4.587
-2.586,4.494
-2.811,4.532
3.061,4.467
2.462,4.6
2.452,4.343
1.093,4.287
1.091,4.338
0.656,4.26
0.407,4.489
0.409,4.551
-0.467,4.286
-0.688,4.556
-0.689,4.561
-1.546,4.402
-1.622,4.365
-2.044,4.644
-2.197,4.413
-2.815,1.291
3.015,0.656
1.028,4.153
0.962,3.155
-1.113,2.776
-1.862,4.097
-1.764,4.384
-2.432,1.265
-2.493,2.536
-2.437,3.184
-2.534,3.987
-2.667,1.461
-2.758,2.713
-2.735,2.787
-2.772,1.857
-2.764,1.438
-2.776,2.002
-2.933,1.417
-2.988,1.506
3.139,3.838
3.052,1.915
2.86,2.45
2.941,2.165
2.859,1.562
2.731,0.319
2.744,4.041
2.867,3.676
2.833,2.613
2.821,3.249
2.783,0.749
2.607,3.419
2.548,3.911
2.655,1.807
2.316,2.993
2.136,1.965
1.919,1.591
1.675,2.612
1.513,3.742
1.618,1.523
1.457,1.964
1.424,1.497
1.407,1.66
1.361,2.834
1.468,1.393
1.405,1.158
1.184,3.867
1.236,2.345
1.214,2.758
1.151,1.468
1.153,0.476
1.021,2.226
1.121,3.052
1.109,2.143
1.08,2.926
0.924,1.297
0.847,0.431
1.008,3.662
0.891,3.295
0.754,0.358
0.75,4.18
0.734,3.759
0.607,2.77
0.469,0.9
0.458,3.18
0.37,3.641
0.378,1.02
0.363,1.306
0.224,2.776
0.037,3.13
0.135,4.186
-0.041,1.822
-0.11,1.428
-0.11,3.942
-0.095,1.274
-0.336,2.634
-0.24,1.643
-0.346,3.499
-0.463,0.954
-0.51,3.679
-0.652,0.73
-0.744,4.185
-0.879,2.831
-0.759,0.581
-0.987,2.602
-0.921,1.575
-0.902,1.718
-1.069,0.586
-1.13,3.954
-1.1,4.277
-1.273,3.941
-1.19,2.464
-1.335,1.786
-1.265,2.921
-1.408,1.075
-1.717,0.453
-1.95,1.284
-1.847,3.054
-1.833,1.15
-2.0,2.815
-2.028,2.915
-1.892,1.269
-2.066,3.495
-2.459,0.025
-2.365,-0.138
-2.421,-0.047
1.938,0.102
1.873,-0.073
1.918,0.248
1.603,0.035
1.458,-0.1
1.28,0.043
0.926,-0.051
0.701,-0.222
0.081,0.056
-0.053,0.138
-0.2,-0.25
-0.389,-0.185
-0.709,0.043
-1.504,0.005
-3.054,4.538
2.743,4.404
2.678,4.351
2.49,4.267
1.576,4.218
0.729,4.399
0.035,4.372
-1.249,4.52
-1.571,4.209
-1.957,4.428
1.467,2.396
2.983,0.677
2.62,1.589
1.282,1.6
0.123,3.197
-0.337,0.965
-0.601,3.14
-0.657,2.977
-0.679,1.279
-0.685,0.972
-1.542,1.586
-1.45,2.848
-1.564,1.741
-1.636,3.251
-2.188,2.47
-2.91,1.278
1.35,3.546
1.194,2.251
0.08,3.406
-0.63,1.391
2.835,0.106
3.002,4.311
-2.875,4.513
1.456,4.394
-0.652,-0.32
-0.9,0.07
-1.161,0.053
-1.33,-0.05
-1.436,-0.014
-1.968,-0.151
-2.457,4.519
-2.387,4.426
-2.612,4.464
-3.023,4.399
2.661,4.532
2.651,4.275
1.292,4.219
1.29,4.27
0.855,4.192
0.606,4.421
0.608,4.483
-0.268,4.218
-0.489,4.488
-0.49,4.493
-1.347,4.334
-1.423,4.297
-1.845,4.576
-1.998,4.345
-2.616,1.223
-3.069,0.588
1.227,4.085
1.161,3.087
-0.914,2.708
-1.663,4.029
-1.565,4.316
-2.233,1.197
-2.294,2.468
-2.238,3.116
-2.335,3.919
-2.468,1.393
-2.559,2.645
-2.536,2.719
-2.573,1.789
-2.565,1.37
-2.577,1.934
-2.734,1.349
-2.789,1.438
-2.945,3.77
-3.032,1.847
3.059,2.382
3.14,2.097
3.058,1.494
2.93,0.251
2.943,3.973
3.066,3.608
3.032,2.545
3.02,3.181
2.982,0.681
2.806,3.351
2.747,3.843
2.854,1.739
2.515,2.925
2.335,1.897
2.118,1.523
1.874,2.544
1.712,3.674
1.817,1.455
1.656,1.896
1.623,1.429
1.606,1.592
1.56,2.766
1.667,1.325
1.604,1.09
1.383,3.799
1.435,2.277
1.413,2.69
1.35,1.4
1.352,0.408
1.22,2.158
1.32,2.984
1.308,2.075
1.279,2.858
1.123,1.229
1.046,0.363
1.207,3.594
1.09,3.227
0.953,0.29
0.949,4.112
0.933,3.691
0.806,2.702
0.668,0.832
0.657,3.112
0.569,3.573
0.577,0.952
0.562,1.238
0.423,2.708
0.236,3.062
0.334,4.118
0.158,1.754
0.089,1.36
0.089,3.874
0.104,1.206
-0.137,2.566
-0.041,1.575
-0.147,3.431
-0.264,0.886
-0.311,3.611
-0.453,0.662
-0.545,4.117
-0.68,2.763
-0.56,0.513
-0.788,2.534
-0.722,1.507
-0.703,1.65
-0.87,0.518
-0.931,3.886
-0.901,4.209
-1.074,3.873
-0.991,2.396
-1.136,1.718
-1.066,2.853
-1.209,1.007
-1.518,0.385
-1.751,1.216
-1.648,2.986
-1.634,1.082
-1.801,2.747
-1.829,2.847
-1.693,1.201
-1.867,3.427
-2.26,-0.043
-2.166,-0.206
-2.222,-0.115
2.137,0.034
2.072,-0.141
2.117,0.18
1.802,-0.033
1.657,-0.168
1.479,-0.025
1.125,-0.119
0.9,-0.29
0.28,-0.012
0.146,0.07
-0.001,-0.318
-0.19,-0.253
-0.51,-0.025
-1.305,-0.063
-2.855,4.47
2.942,4.336
2.877,4.283
2.689,4.199
1.775,4.15
0.928,4.331
0.234,4.304
-1.05,4.452
-1.372,4.141
-1.758,4.36
1.666,2.328
-3.101,0.609
2.819,1.521
1.481,1.532
0.322,3.129
-0.138,0.897
-0.402,3.072
-0.458,2.909
-0.48,1.211
-0.486,0.904
-1.343,1.518
-1.251,2.78
-1.365,1.673
-1.437,3.183
-1.989,2.402
-2.711,1.21
1.549,3.478
1.393,2.183
0.279,3.338
-0.431,1.323
3.034,0.038
-3.082,4.243
-2.676,4.445
1.655,4.326
-0.248,0.39
-0.509,0.373
-0.678,0.27
-0.784,0.306
-1.316,0.169
-1.805,4.839
-1.735,4.746
-1.96,4.784
-2.371,4.719
-2.97,4.852
-2.98,4.595
1.944,4.539
1.942,4.59
1.507,4.512
1.258,4.741
1.26,4.803
0.384,4.538
0.163,4.808
0.162,4.813
-0.695,4.654
-0.771,4.617
-1.193,4.896
-1.346,4.665
-1.964,1.543
-2.417,0.908
1.879,4.405
1.813,3.407
-0.262,3.028
-1.011,4.349
-0.913,4.636
-1.581,1.517
-1.642,2.788
-1.586,3.436
-1.683,4.239
-1.816,1.713
-1.907,2.965
-1.884,3.039
-1.921,2.109
-1.913,1.69
-1.925,2.254
-2.082,1.669
-2.137,1.758
-2.293,4.09
-2.38,2.167
-2.572,2.702
-2.491,2.417
-2.573,1.814
-2.701,0.571
-2.688,4.293
-2.565,3.928
-2.599,2.865
-2.611,3.501
-2.649,1.001
-2.825,3.671
-2.884,4.163
-2.777,2.059
-3.116,3.245
2.987,2.217
2.77,1.843
2.526,2.864
2.364,3.994
2.469,1.775
2.308,2.216
2.275,1.749
2.258,1.912
2.212,3.086
2.319,1.645
2.256,1.41
2.035,4.119
2.087,2.597
2.065,3.01
2.002,1.72
2.004,0.728
1.872,2.478
1.972,3.304
1.96,2.395
1.931,3.178
1.775,1.549
1.698,0.683
1.859,3.914
1.742,3.547
1.605,0.61
1.601,4.432
1.585,4.011
1.458,3.022
1.32,1.152
1.309,3.432
1.221,3.893
1.229,1.272
1.214,1.558
1.075,3.028
0.888,3.382
0.986,4.438
0.81,2.074
0.741,1.68
0.741,4.194
0.756,1.526
0.515,2.886
0.611,1.895
0.505,3.751
0.388,1.206
0.341,3.931
0.199,0.982
0.107,4.437
-0.028,3.083
0.092,0.833
-0.136,2.854
-0.07,1.827
-0.051,1.97
-0.218,0.838
-0.279,4.206
-0.249,4.529
-0.422,4.193
-0.339,2.716
-0.484,2.038
-0.414,3.173
-0.557,1.327
-0.866,0.705
-1.099,1.536
-0.996,3.306
-0.982,1.402
-1.149,3.067
-1.177,3.167
-1.041,1.521
-1.215,3.747
-1.608,0.277
-1.514,0.114
-1.57,0.205
2.789,0.354
2.724,0.179
2.769,0.5
2.454,0.287
2.309,0.152
2.131,0.295
1.777,0.201
1.552,0.03
0.932,0.308
0.798,0.39
0.651,0.002
0.462,0.067
0.142,0.295
-0.653,0.257
-2.203,4.79
-2.689,4.656
-2.754,4.603
-2.942,4.519
2.427,4.47
1.58,4.651
0.886,4.624
-0.398,4.772
-0.72,4.461
-1.106,4.68
2.318,2.648
-2.449,0.929
-2.812,1.841
2.133,1.852
0.974,3.449
0.514,1.217
0.25,3.392
0.194,3.229
0.172,1.531
0.166,1.224
-0.691,1.838
-0.599,3.1
-0.713,1.993
-0.785,3.503
-1.337,2.722
-2.059,1.53
2.201,3.798
2.045,2.503
0.931,3.658
0.221,1.643
-2.597,0.358
-2.43,4.563
-2.024,4.765
2.307,4.646
-0.261,-0.017
-0.43,-0.12
-0.536,-0.084
-1.068,-0.221
-1.557,4.449
-1.487,4.356
-1.712,4.394
-2.123,4.329
-2.722,4.462
-2.732,4.205
2.192,4.149
2.19,4.2
1.755,4.122
1.506,4.351
1.508,4.413
0.632,4.148
0.411,4.418
0.41,4.423
-0.447,4.264
-0.523,4.227
-0.945,4.506
-1.098,4.275
-1.716,1.153
-2.169,0.518
2.127,4.015
2.061,3.017
-0.014,2.638
-0.763,3.959
-0.665,4.246
-1.333,1.127
-1.394,2.398
-1.338,3.046
-1.435,3.849
-1.568,1.323
-1.659,2.575
-1.636,2.649
-1.673,1.719
-1.665,1.3
-1.677,1.864
-1.834,1.279
-1.889,1.368
-2.045,3.7
-2.132,1.777
-2.324,2.312
-2.243,2.027
-2.325,1.424
-2.453,0.181
-2.44,3.903
-2.317,3.538
-2.351,2.475
-2.363,3.111
-2.401,0.611
-2.577,3.281
-2.636,3.773
-2.529,1.669
-2.868,2.855
-3.048,1.827
3.018,1.453
2.774,2.474
2.612,3.604
2.717,1.385
2.556,1.826
2.523,1.359
2.506,1.522
2.46,2.696
2.567,1.255
2.504,1.02
2.283,3.729
2.335,2.207
2.313,2.62
2.25,1.33
2.252,0.338
2.12,2.088
2.22,2.914
2.208,2.005
2.179,2.788
2.023,1.159
1.946,0.293
2.107,3.524
1.99,3.157
1.853,0.22
1.849,4.042
1.833,3.621
1.706,2.632
1.568,0.762
1.557,3.042
1.469,3.503
1.477,0.882
1.462,1.168
1.323,2.638
1.136,2.992
1.234,4.048
1.058,1.684
0.989,1.29
0.989,3.804
1.004,1.136
0.763,2.496
0.859,1.505
0.753,3.361
0.636,0.816
0.589,3.541
0.447,0.592
0.355,4.047
0.22,2.693
0.34,0.443
0.112,2.464
0.178,1.437
0.197,1.58
0.03,0.448
-0.031,3.816
-0.001,4.139
-0.174,3.803
-0.091,2.326
-0.236,1.648
-0.166,2.783
-0.309,0.937
-0.618,0.315
-0.851,1.146
-0.748,2.916
-0.734,1.012
-0.901,2.677
-0.929,2.777
-0.793,1.131
-0.967,3.357
-1.36,-0.113
-1.266,-0.276
-1.322,-0.185
3.037,-0.036
2.972,-0.211
3.017,0.11
2.702,-0.103
2.557,-0.238
2.379,-0.095
2.025,-0.189
1.8,-0.36
1.18,-0.082
1.046,0.0
0.899,-0.388
0.71,-0.323
0.39,-0.095
-0.405,-0.133
-1.955,4.4
-2.441,4.266
-2.506,4.213
-2.694,4.129
2.675,4.08
1.828,4.261
1.134,4.234
-0.15,4.382
-0.472,4.071
-0.858,4.29
2.566,2.258
-2.201,0.539
-2.564,1.451
2.381,1.462
1.222,3.059
0.762,0.827
0.498,3.002
0.442,2.839
0.42,1.141
0.414,0.834
-0.443,1.448
-0.351,2.71
-0.465,1.603
-0.537,3.113
-1.089,2.332
-1.811,1.14
2.449,3.408
2.293,2.113
1.179,3.268
0.469,1.253
-2.349,-0.032
-2.182,4.173
-1.776,4.375
2.555,4.256
-0.169,-0.103
-0.275,-0.067
-0.807,-0.204
-1.296,4.466
-1.226,4.373
-1.451,4.411
-1.862,4.346
-2.461,4.479
-2.471,4.222
2.453,4.166
2.451,4.217
2.016,4.139
1.767,4.368
1.769,4.43
0.893,4.165
0.672,4.435
0.671,4.44
-0.186,4.281
-0.262,4.244
-0.684,4.523
-0.837,4.292
-1.455,1.17
-1.908,0.535
2.388,4.032
2.322,3.034
0.247,2.655
-0.502,3.976
-0.404,4.263
-1.072,1.144
-1.133,2.415
-1.077,3.063
-1.174,3.866
-1.307,1.34
-1.398,2.592
-1.375,2.666
-1.412,1.736
-1.404,1.317
-1.416,1.881
-1.573,1.296
-1.628,1.385
-1.784,3.717
-1.871,1.794
-2.063,2.329
-1.982,2.044
-2.064,1.441
-2.192,0.198
-2.179,3.92
-2.056,3.555
-2.09,2.492
-2.102,3.128
-2.14,0.628
-2.316,3.298
-2.375,3.79
-2.268,1.686
-2.607,2.872
-2.787,1.844
-3.004,1.47
3.035,2.491
2.873,3.621
2.978,1.402
2.817,1.843
2.784,1.376
2.767,1.539
2.721,2.713
2.828,1.272
2.765,1.037
2.544,3.746
2.596,2.224
2.574,2.637
2.511,1.347
2.513,0.355
2.381,2.105
2.481,2.931
2.469,2.022
2.44,2.805
2.284,1.176
2.207,0.31
2.368,3.541
2.251,3.174
2.114,0.237
2.11,4.059
2.094,3.638
1.967,2.649
1.829,0.779
1.818,3.059
1.73,3.52
1.738,0.899
1.723,1.185
1.584,2.655
1.397,3.009
1.495,4.065
1.319,1.701
1.25,1.307
1.25,3.821
1.265,1.153
1.024,2.513
1.12,1.522
1.014,3.378
0.897,0.833
0.85,3.558
0.708,0.609
0.616,4.064
0.481,2.71
0.601,0.46
0.373,2.481
0.439,1.454
0.458,1.597
0.291,0.465
0.23,3.833
0.26,4.156
0.087,3.82
0.17,2.343
0.025,1.665
0.095,2.8
-0.048,0.954
-0.357,0.332
-0.59,1.163
-0.487,2.933
-0.473,1.029
-0.64,2.694
-0.668,2.794
-0.532,1.148
-0.706,3.374
-1.099,-0.096
-1.005,-0.259
-1.061,-0.168
-2.985,-0.019
-3.05,-0.194
-3.005,0.127
2.963,-0.086
2.818,-0.221
2.64,-0.078
2.286,-0.172
2.061,-0.343
1.441,-0.065
1.307,0.017
1.16,-0.371
0.971,-0.306
0.651,-0.078
-0.144,-0.116
-1.694,4.417
-2.18,4.283
-2.245,4.23
-2.433,4.146
2.936,4.097
2.089,4.278
1.395,4.251
0.111,4.399
-0.211,4.088
-0.597,4.307
2.827,2.275
-1.94,0.556
-2.303,1.468
2.642,1.479
1.483,3.076
1.023,0.844
0.759,3.019
0.703,2.856
0.681,1.158
0.675,0.851
-0.182,1.465
-0.09,2.727
-0.204,1.62
-0.276,3.13
-0.828,2.349
-1.55,1.157
2.71,3.425
2.554,2.13
1.44,3.285
0.73,1.27
-2.088,-0.015
-1.921,4.19
-1.515,4.392
2.816,4.273
-0.106,0.036
-0.638,-0.101
-1.127,4.569
-1.057,4.476
-1.282,4.514
-1.693,4.449
-2.292,4.582
-2.302,4.325
2.622,4.269
2.62,4.32
2.185,4.242
1.936,4.471
1.938,4.533
1.062,4.268
0.841,4.538
0.84,4.543
-0.017,4.384
-0.093,4.347
-0.515,4.626
-0.668,4.395
-1.286,1.273
-1.739,0.638
2.557,4.135
2.491,3.137
0.416,2.758
-0.333,4.079
-0.235,4.366
-0.903,1.247
-0.964,2.518
-0.908,3.166
-1.005,3.969
-1.138,1.443
-1.229,2.695
-1.206,2.769
-1.243,1.839
-1.235,1.42
-1.247,1.984
-1.404,1.399
-1.459,1.488
-1.615,3.82
-1.702,1.897
-1.894,2.432
-1.813,2.147
-1.895,1.544
-2.023,0.301
-2.01,4.023
-1.887,3.658
-1.921,2.595
-1.933,3.231
-1.971,0.731
-2.147,3.401
-2.206,3.893
-2.099,1.789
-2.438,2.975
-2.618,1.947
-2.835,1.573
-3.079,2.594
3.042,3.724
-3.136,1.505
2.986,1.946
2.953,1.479
2.936,1.642
2.89,2.816
2.997,1.375
2.934,1.14
2.713,3.849
2.765,2.327
2.743,2.74
2.68,1.45
2.682,0.458
2.55,2.208
2.65,3.034
2.638,2.125
2.609,2.908
2.453,1.279
2.376,0.413
2.537,3.644
2.42,3.277
2.283,0.34
2.279,4.162
2.263,3.741
2.136,2.752
1.998,0.882
1.987,3.162
1.899,3.623
1.907,1.002
1.892,1.288
1.753,2.758
1.566,3.112
1.664,4.168
1.488,1.804
1.419,1.41
1.419,3.924
1.434,1.256
1.193,2.616
1.289,1.625
1.183,3.481
1.066,0.936
1.019,3.661
0.877,0.712
0.785,4.167
0.65,2.813
0.77,0.563
0.542,2.584
0.608,1.557
0.627,1.7
0.46,0.568
0.399,3.936
0.429,4.259
0.256,3.923
0.339,2.446
0.194,1.768
0.264,2.903
0.121,1.057
-0.188,0.435
-0.421,1.266
-0.318,3.036
-0.304,1.132
-0.471,2.797
-0.499,2.897
-0.363,1.251
-0.537,3.477
-0.93,0.007
-0.836,-0.156
-0.892,-0.065
-2.816,0.084
-2.881,-0.091
-2.836,0.23
3.132,0.017
2.987,-0.118
2.809,0.025
2.455,-0.069
2.23,-0.24
1.61,0.038
1.476,0.12
1.329,-0.268
1.14,-0.203
0.82,0.025
0.025,-0.013
-1.525,4.52
-2.011,4.386
-2.076,4.333
-2.264,4.249
3.105,4.2
2.258,4.381
1.564,4.354
0.28,4.502
-0.042,4.191
-0.428,4.41
2.996,2.378
-1.771,0.659
-2.134,1.571
2.811,1.582
1.652,3.179
1.192,0.947
0.928,3.122
0.872,2.959
0.85,1.261
0.844,0.954
-0.013,1.568
0.079,2.83
-0.035,1.723
-0.107,3.233
-0.659,2.452
-1.381,1.26
2.879,3.528
2.723,2.233
1.609,3.388
0.899,1.373
-1.919,0.088
-1.752,4.293
-1.346,4.495
2.985,4.376
-0.532,-0.137
-1.021,4.533
-0.951,4.44
-1.176,4.478
-1.587,4.413
-2.186,4.546
-2.196,4.289
2.728,4.233
2.726,4.284
2.291,4.206
2.042,4.435
2.044,4.497
1.168,4.232
0.947,4.502
0.946,4.507
0.089,4.348
0.013,4.311
-0.409,4.59
-0.562,4.359
-1.18,1.237
-1.633,0.602
2.663,4.099
2.597,3.101
0.522,2.722
-0.227,4.043
-0.129,4.33
-0.797,1.211
-0.858,2.482
-0.802,3.13
-0.899,3.933
-1.032,1.407
-1.123,2.659
-1.1,2.733
-1.137,1.803
-1.129,1.384
-1.141,1.948
-1.298,1.363
-1.353,1.452
-1.509,3.784
-1.596,1.861
-1.788,2.396
-1.707,2.111
-1.789,1.508
-1.917,0.265
-1.904,3.987
-1.781,3.622
-1.815,2.559
-1.827,3.195
-1.865,0.695
-2.041,3.365
-2.1,3.857
-1.993,1.753
-2.332,2.939
-2.512,1.911
-2.729,1.537
-2.973,2.558
-3.135,3.688
-3.03,1.469
3.092,1.91
3.059,1.443
3.042,1.606
2.996,2.78
3.103,1.339
3.04,1.104
2.819,3.813
2.871,2.291
2.849,2.704
2.786,1.414
2.788,0.422
2.656,2.172
2.756,2.998
2.744,2.089
2.715,2.872
2.559,1.243
2.482,0.377
2.643,3.608
2.526,3.241
2.389,0.304
2.385,4.126
2.369,3.705
2.242,2.716
2.104,0.846
2.093,3.126
2.005,3.587
2.013,0.966
1.998,1.252
1.859,2.722
1.672,3.076
1.77,4.132
1.594,1.768
1.525,1.374
1.525,3.888
1.54,1.22
1.299,2.58
1.395,1.589
1.289,3.445
1.172,0.9
1.125,3.625
0.983,0.676
0.891,4.131
0.756,2.777
0.876,0.527
0.648,2.548
0.714,1.521
0.733,1.664
0.566,0.532
0.505,3.9
0.535,4.223
0.362,3.887
0.445,2.41
0.3,1.732
0.37,2.867
0.227,1.021
-0.082,0.399
-0.315,1.23
-0.212,3.0
-0.198,1.096
-0.365,2.761
-0.393,2.861
-0.257,1.215
-0.431,3.441
-0.824,-0.029
-0.73,-0.192
-0.786,-0.101
-2.71,0.048
-2.775,-0.127
-2.73,0.194
-3.045,-0.019
3.093,-0.154
2.915,-0.011
2.561,-0.105
2.336,-0.276
1.716,0.002
1.582,0.084
1.435,-0.304
1.246,-0.239
0.926,-0.011
0.131,-0.049
-1.419,4.484
-1.905,4.35
-1.97,4.297
-2.158,4.213
-3.072,4.164
2.364,4.345
1.67,4.318
0.386,4.466
0.064,4.155
-0.322,4.374
3.102,2.342
-1.665,0.623
-2.028,1.535
2.917,1.546
1.758,3.143
1.298,0.911
1.034,3.086
0.978,2.923
0.956,1.225
0.95,0.918
0.093,1.532
0.185,2.794
0.071,1.687
-0.001,3.197
-0.553,2.416
-1.275,1.224
2.985,3.492
2.829,2.197
1.715,3.352
1.005,1.337
-1.813,0.052
-1.646,4.257
-1.24,4.459
3.091,4.34
-0.489,4.67
-0.419,4.577
-0.644,4.615
-1.055,4.55
-1.654,4.683
-1.664,4.426
-3.023,4.37
-3.025,4.421
2.823,4.343
2.574,4.572
2.576,4.634
1.7,4.369
1.479,4.639
1.478,4.644
0.621,4.485
0.545,4.448
0.123,4.727
-0.03,4.496
-0.648,1.374
-1.101,0.739
-3.088,4.236
3.129,3.238
1.054,2.859
0.305,4.18
0.403,4.467
-0.265,1.348
-0.326,2.619
-0.27,3.267
-0.367,4.07
-0.5,1.544
-0.591,2.796
-0.568,2.87
-0.605,1.94
-0.597,1.521
-0.609,2.085
-0.766,1.5
-0.821,1.589
-0.977,3.921
-1.064,1.998
-1.256,2.533
-1.175,2.248
-1.257,1.645
-1.385,0.402
-1.372,4.124
-1.249,3.759
-1.283,2.696
-1.295,3.332
-1.333,0.832
-1.509,3.502
-1.568,3.994
-1.461,1.89
-1.8,3.076
-1.98,2.048
-2.197,1.674
-2.441,2.695
-2.603,3.825
-2.498,1.606
-2.659,2.047
-2.692,1.58
-2.709,1.743
-2.755,2.917
-2.648,1.476
-2.711,1.241
-2.932,3.95
-2.88,2.428
-2.902,2.841
-2.965,1.551
-2.963,0.559
-3.095,2.309
-2.995,3.135
-3.007,2.226
-3.036,3.009
3.091,1.38
3.014,0.514
-3.108,3.745
3.058,3.378
2.921,0.441
2.917,4.263
2.901,3.842
2.774,2.853
2.636,0.983
2.625,3.263
2.537,3.724
2.545,1.103
2.53,1.389
2.391,2.859
2.204,3.213
2.302,4.269
2.126,1.905
2.057,1.511
2.057,4.025
2.072,1.357
1.831,2.717
1.927,1.726
1.821,3.582
1.704,1.037
1.657,3.762
1.515,0.813
1.423,4.268
1.288,2.914
1.408,0.664
1.18,2.685
1.246,1.658
1.265,1.801
1.098,0.669
1.037,4.037
1.067,4.36
0.894,4.024
0.977,2.547
0.832,1.869
0.902,3.004
0.759,1.158
0.45,0.536
0.217,1.367
0.32,3.137
0.334,1.233
0.167,2.898
0.139,2.998
0.275,1.352
0.101,3.578
-0.292,0.108
-0.198,-0.055
-0.254,0.036
-2.178,0.185
-2.243,0.01
-2.198,0.331
-2.513,0.118
-2.658,-0.017
-2.836,0.126
3.093,0.032
2.868,-0.139
2.248,0.139
2.114,0.221
1.967,-0.167
1.778,-0.102
1.458,0.126
0.663,0.088
-0.887,4.621
-1.373,4.487
-1.438,4.434
-1.626,4.35
-2.54,4.301
2.896,4.482
2.202,4.455
0.918,4.603
0.596,4.292
0.21,4.511
-2.649,2.479
-1.133,0.76
-1.496,1.672
-2.834,1.683
2.29,3.28
1.83,1.048
1.566,3.223
1.51,3.06
1.488,1.362
1.482,1.055
0.625,1.669
0.717,2.931
0.603,1.824
0.531,3.334
-0.021,2.553
-0.743,1.361
-2.766,3.629
-2.922,2.334
2.247,3.489
1.537,1.474
-1.281,0.189
-1.114,4.394
-0.708,4.596
-2.66,4.477
0.07,-0.093
-0.155,-0.055
-0.566,-0.12
-1.165,0.013
-1.175,-0.244
-2.534,-0.3
-2.536,-0.249
-2.971,-0.327
3.063,-0.098
3.065,-0.036
2.189,-0.301
1.968,-0.031
1.967,-0.026
1.11,-0.185
1.034,-0.222
0.612,0.057
0.459,-0.174
-0.159,-3.296
-0.612,-3.931
-2.599,-0.434
-2.665,-1.432
1.543,-1.811
0.794,-0.49
0.892,-0.203
0.224,-3.322
0.163,-2.051
0.219,-1.403
0.122,-0.6
-0.011,-3.126
-0.102,-1.874
-0.079,-1.8
-0.116,-2.73
-0.108,-3.149
-0.12,-2.585
-0.277,-3.17
-0.332,-3.081
-0.488,-0.749
-0.575,-2.672
-0.767,-2.137
-0.686,-2.422
-0.768,-3.025
-0.896,-4.268
-0.883,-0.546
-0.76,-0.911
-0.794,-1.974
-0.806,-1.338
-0.844,-3.838
-1.02,-1.168
-1.079,-0.676
-0.972,-2.78
-1.311,-1.594
-1.491,-2.622
-1.708,-2.996
-1.952,-1.975
-2.114,-0.845
-2.009,-3.064
-2.17,-2.623
-2.203,-3.09
-2.22,-2.927
-2.266,-1.753
-2.159,-3.194
-2.222,-3.429
-2.443,-0.72
-2.391,-2.242
-2.413,-1.829
-2.476,-3.119
-2.474,-4.111
-2.606,-2.361
-2.506,-1.535
-2.518,-2.444
-2.547,-1.661
-2.703,-3.29
-2.78,-4.156
-2.619,-0.925
-2.736,-1.292
-2.873,-4.229
-2.877,-0.407
-2.893,-0.828
-3.02,-1.817
3.125,-3.687
3.114,-1.407
3.026,-0.946
3.034,-3.567
3.019,-3.281
2.88,-1.811
2.693,-1.457
2.791,-0.401
2.615,-2.765
2.546,-3.159
2.546,-0.645
2.561,-3.313
2.32,-1.953
2.416,-2.944
2.31,-1.088
2.193,-3.633
2.146,-0.908
2.004,-3.857
1.912,-0.402
1.777,-1.756
1.897,-4.006
1.669,-1.985
1.735,-3.012
1.754,-2.869
1.587,-4.001
1.526,-0.633
1.556,-0.31
1.383,-0.646
1.466,-2.123
1.321,-2.801
1.391,-1.666
1.248,-3.512
0.939,-4.134
0.706,-3.303
0.809,-1.533
0.823,-3.437
0.656,-1.772
0.628,-1.672
0.764,-3.318
0.59,-1.092
0.197,-4.562
0.291,-4.725
0.235,-4.634
-1.689,-4.485
-1.754,-4.66
-1.709,-4.339
-2.024,-4.552
-2.169,-4.687
-2.347,-4.544
-2.701,-4.638
-2.926,-4.809
2.737,-4.531
2.603,-4.449
2.456,-4.837
2.267,-4.772
1.947,-4.544
1.152,-4.582
-0.398,-0.049
-0.884,-0.183
-0.949,-0.236
-1.137,-0.32
-2.051,-0.369
-2.898,-0.188
2.691,-0.215
1.407,-0.067
1.085,-0.378
0.699,-0.159
-2.16,-2.191
-0.644,-3.91
-1.007,-2.998
-2.345,-2.987
2.779,-1.39
2.319,-3.622
2.055,-1.447
1.999,-1.61
1.977,-3.308
1.971,-3.615
1.114,-3.001
1.206,-1.739
1.092,-2.846
1.02,-1.336
0.468,-2.117
-0.254,-3.309
-2.277,-1.041
-2.433,-2.336
2.736,-1.181
2.026,-3.196
-0.792,-4.481
-0.625,-0.276
-0.219,-0.074
-2.171,-0.193
-0.225,0.038
-0.636,-0.027
-1.235,0.106
-1.245,-0.151
-2.604,-0.207
-2.606,-0.156
-3.041,-0.234
2.993,-0.005
2.995,0.057
2.119,-0.208
1.898,0.062
1.897,0.067
1.04,-0.092
0.964,-0.129
0.542,0.15
0.389,-0.081
-0.229,-3.203
-0.682,-3.838
-2.669,-0.341
-2.735,-1.339
1.473,-1.718
0.724,-0.397
0.822,-0.11
0.154,-3.229
0.093,-1.958
0.149,-1.31
0.052,-0.507
-0.081,-3.033
-0.172,-1.781
-0.149,-1.707
-0.186,-2.637
-0.178,-3.056
-0.19,-2.492
-0.347,-3.077
-0.402,-2.988
-0.558,-0.656
-0.645,-2.579
-0.837,-2.044
-0.756,-2.329
-0.838,-2.932
-0.966,-4.175
-0.953,-0.453
-0.83,-0.818
-0.864,-1.881
-0.876,-1.245
-0.914,-3.745
-1.09,-1.075
-1.149,-0.583
-1.042,-2.687
-1.381,-1.501
-1.561,-2.529
-1.778,-2.903
-2.022,-1.882
-2.184,-0.752
-2.079,-2.971
-2.24,-2.53
-2.273,-2.997
-2.29,-2.834
-2.336,-1.66
-2.229,-3.101
-2.292,-3.336
-2.513,-0.627
-2.461,-2.149
-2.483,-1.736
-2.546,-3.026
-2.544,-4.018
-2.676,-2.268
-2.576,-1.442
-2.588,-2.351
-2.617,-1.568
-2.773,-3.197
-2.85,-4.063
-2.689,-0.832
-2.806,-1.199
-2.943,-4.136
-2.947,-0.314
-2.963,-0.735
-3.09,-1.724
3.055,-3.594
3.044,-1.314
2.956,-0.853
2.964,-3.474
2.949,-3.188
2.81,-1.718
2.623,-1.364
2.721,-0.308
2.545,-2.672
2.476,-3.066
2.476,-0.552
2.491,-3.22
2.25,-1.86
2.346,-2.851
2.24,-0.995
2.123,-3.54
2.076,-0.815
1.934,-3.764
1.842,-0.309
1.707,-1.663
1.827,-3.913
1.599,-1.892
1.665,-2.919
1.684,-2.776
1.517,-3.908
1.456,-0.54
1.486,-0.217
1.313,-0.553
1.396,-2.03
1.251,-2.708
1.321,-1.573
1.178,-3.419
0.869,-4.041
0.636,-3.21
0.739,-1.44
0.753,-3.344
0.586,-1.679
0.558,-1.579
0.694,-3.225
0.52,-0.999
0.127,-4.469
0.221,-4.632
0.165,-4.541
-1.759,-4.392
-1.824,-4.567
-1.779,-4.246
-2.094,-4.459
-2.239,-4.594
-2.417,-4.451
-2.771,-4.545
-2.996,-4.716
2.667,-4.438
2.533,-4.356
2.386,-4.744
2.197,-4.679
1.877,-4.451
1.082,-4.489
-0.468,0.044
-0.954,-0.09
-1.019,-0.143
-1.207,-0.227
-2.121,-0.276
-2.968,-0.095
2.621,-0.122
1.337,0.026
1.015,-0.285
0.629,-0.066
-2.23,-2.098
-0.714,-3.817
-1.077,-2.905
-2.415,-2.894
2.709,-1.297
2.249,-3.529
1.985,-1.354
1.929,-1.517
1.907,-3.215
1.901,-3.522
1.044,-2.908
1.136,-1.646
1.022,-2.753
0.95,-1.243
0.398,-2.024
-0.324,-3.216
-2.347,-0.948
-2.503,-2.243
2.666,-1.088
1.956,-3.103
-0.862,-4.388
-0.695,-0.183
-0.289,0.019
-2.241,-0.1
-0.411,-0.065
-1.01,0.068
-1.02,-0.189
-2.379,-0.245
-2.381,-0.194
-2.816,-0.272
-3.065,-0.043
-3.063,0.019
2.344,-0.246
2.123,0.024
2.122,0.029
1.265,-0.13
1.189,-0.167
0.767,0.112
0.614,-0.119
-0.004,-3.241
-0.457,-3.876
-2.444,-0.379
-2.51,-1.377
1.698,-1.756
0.949,-0.435
1.047,-0.148
0.379,-3.267
0.318,-1.996
0.374,-1.348
0.277,-0.545
0.144,-3.071
0.053,-1.819
0.076,-1.745
0.039,-2.675
0.047,-3.094
0.035,-2.53
-0.122,-3.115
-0.177,-3.026
-0.333,-0.694
-0.42,-2.617
-0.612,-2.082
-0.531,-2.367
-0.613,-2.97
-0.741,-4.213
-0.728,-0.491
-0.605,-0.856
-0.639,-1.919
-0.651,-1.283
-0.689,-3.783
-0.865,-1.113
-0.924,-0.621
-0.817,-2.725
-1.156,-1.539
-1.336,-2.567
-1.553,-2.941
-1.797,-1.92
-1.959,-0.79
-1.854,-3.009
-2.015,-2.568
-2.048,-3.035
-2.065,-2.872
-2.111,-1.698
-2.004,-3.139
-2.067,-3.374
-2.288,-0.665
-2.236,-2.187
-2.258,-1.774
-2.321,-3.064
-2.319,-4.056
-2.451,-2.306
-2.351,-1.48
-2.363,-2.389
-2.392,-1.606
-2.548,-3.235
-2.625,-4.101
-2.464,-0.87
-2.581,-1.237
-2.718,-4.174
-2.722,-0.352
-2.738,-0.773
-2.865,-1.762
-3.003,-3.632
-3.014,-1.352
-3.102,-0.891
-3.094,-3.512
-3.109,-3.226
3.035,-1.756
2.848,-1.402
2.946,-0.346
2.77,-2.71
2.701,-3.104
2.701,-0.59
2.716,-3.258
2.475,-1.898
2.571,-2.889
2.465,-1.033
2.348,-3.578
2.301,-0.853
2.159,-3.802
2.067,-0.347
1.932,-1.701
2.052,-3.951
1.824,-1.93
1.89,-2.957
1.909,-2.814
1.742,-3.946
1.681,-0.578
1.711,-0.255
1.538,-0.591
1.621,-2.068
1.476,-2.746
1.546,-1.611
1.403,-3.457
1.094,-4.079
0.861,-3.248
0.964,-1.478
0.978,-3.382
0.811,-1.717
0.783,-1.617
0.919,-3.263
0.745,-1.037
0.352,-4.507
0.446,-4.67
0.39,-4.579
-1.534,-4.43
-1.599,-4.605
-1.554,-4.284
-1.869,-4.497
-2.014,-4.632
-2.192,-4.489
-2.546,-4.583
-2.771,-4.754
2.892,-4.476
2.758,-4.394
2.611,-4.782
2.422,-4.717
2.102,-4.489
1.307,-4.527
-0.243,0.006
-0.729,-0.128
-0.794,-0.181
-0.982,-0.265
-1.896,-0.314
-2.743,-0.133
2.846,-0.16
1.562,-0.012
1.24,-0.323
0.854,-0.104
-2.005,-2.136
-0.489,-3.855
-0.852,-2.943
-2.19,-2.932
2.934,-1.335
2.474,-3.567
2.21,-1.392
2.154,-1.555
2.132,-3.253
2.126,-3.56
1.269,-2.946
1.361,-1.684
1.247,-2.791
1.175,-1.281
0.623,-2.062
-0.099,-3.254
-2.122,-0.986
-2.278,-2.281
2.891,-1.126
2.181,-3.141
-0.637,-4.426
-0.47,-0.221
-0.064,-0.019
-2.016,-0.138
-0.599,0.133
-0.609,-0.124
-1.968,-0.18
-1.97,-0.129
-2.405,-0.207
-2.654,0.022
-2.652,0.084
2.755,-0.181
2.534,0.089
2.533,0.094
1.676,-0.065
1.6,-0.102
1.178,0.177
1.025,-0.054
0.407,-3.176
-0.046,-3.811
-2.033,-0.314
-2.099,-1.312
2.109,-1.691
1.36,-0.37
1.458,-0.083
0.79,-3.202
0.729,-1.931
0.785,-1.283
0.688,-0.48
0.555,-3.006
0.464,-1.754
0.487,-1.68
0.45,-2.61
0.458,-3.029
0.446,-2.465
0.289,-3.05
0.234,-2.961
0.078,-0.629
-0.009,-2.552
-0.201,-2.017
-0.12,-2.302
-0.202,-2.905
-0.33,-4.148
-0.317,-0.426
-0.194,-0.791
-0.228,-1.854
-0.24,-1.218
-0.278,-3.718
-0.454,-1.048
-0.513,-0.556
-0.406,-2.66
-0.745,-1.474
-0.925,-2.502
-1.142,-2.876
-1.386,-1.855
-1.548,-0.725
-1.443,-2.944
-1.604,-2.503
-1.637,-2.97
-1.654,-2.807
-1.7,-1.633
-1.593,-3.074
-1.656,-3.309
-1.877,-0.6
-1.825,-2.122
-1.847,-1.709
-1.91,-2.999
-1.908,-3.991
-2.04,-2.241
-1.94,-1.415
-1.952,-2.324
-1.981,-1.541
-2.137,-3.17
-2.214,-4.036
-2.053,-0.805
-2.17,-1.172
-2.307,-4.109
-2.311,-0.287
-2.327,-0.708
-2.454,-1.697
-2.592,-3.567
-2.603,-1.287
-2.691,-0.826
-2.683,-3.447
-2.698,-3.161
-2.837,-1.691
-3.024,-1.337
-2.926,-0.281
-3.102,-2.645
3.112,-3.039
3.112,-0.525
3.127,-3.193
2.886,-1.833
2.982,-2.824
2.876,-0.968
2.759,-3.513
2.712,-0.788
2.57,-3.737
2.478,-0.282
2.343,-1.636
2.463,-3.886
2.235,-1.865
2.301,-2.892
2.32,-2.749
2.153,-3.881
2.092,-0.513
2.122,-0.19
1.949,-0.526
2.032,-2.003
1.887,-2.681
1.957,-1.546
1.814,-3.392
1.505,-4.014
1.272,-3.183
1.375,-1.413
1.389,-3.317
1.222,-1.652
1.194,-1.552
1.33,-3.198
1.156,-0.972
0.763,-4.442
0.857,-4.605
0.801,-4.514
-1.123,-4.365
-1.188,-4.54
-1.143,-4.219
-1.458,-4.432
-1.603,-4.567
-1.781,-4.424
-2.135,-4.518
-2.36,-4.689
-2.98,-4.411
-3.114,-4.329
3.022,-4.717
2.833,-4.652
2.513,-4.424
1.718,-4.462
0.168,0.071
-0.318,-0.063
-0.383,-0.116
-0.571,-0.2
-1.485,-0.249
-2.332,-0.068
-3.026,-0.095
1.973,0.053
1.651,-0.258
1.265,-0.039
-1.594,-2.071
-0.078,-3.79
-0.441,-2.878
-1.779,-2.867
-2.938,-1.27
2.885,-3.502
2.621,-1.327
2.565,-1.49
2.543,-3.188
2.537,-3.495
1.68,-2.881
1.772,-1.619
1.658,-2.726
1.586,-1.216
1.034,-1.997
0.312,-3.189
-1.711,-0.921
-1.867,-2.216
-2.981,-1.061
2.592,-3.076
-0.226,-4.361
-0.059,-0.156
0.347,0.046
-1.605,-0.073
-0.01,-0.257
-1.369,-0.313
-1.371,-0.262
-1.806,-0.34
-2.055,-0.111
-2.053,-0.049
-2.929,-0.314
3.133,-0.044
3.132,-0.039
2.275,-0.198
2.199,-0.235
1.777,0.044
1.624,-0.187
1.006,-3.309
0.553,-3.944
-1.434,-0.447
-1.5,-1.445
2.708,-1.824
1.959,-0.503
2.057,-0.216
1.389,-3.335
1.328,-2.064
1.384,-1.416
1.287,-0.613
1.154,-3.139
1.063,-1.887
1.086,-1.813
1.049,-2.743
1.057,-3.162
1.045,-2.598
0.888,-3.183
0.833,-3.094
0.677,-0.762
0.59,-2.685
0.398,-2.15
0.479,-2.435
0.397,-3.038
0.269,-4.281
0.282,-0.559
0.405,-0.924
0.371,-1.987
0.359,-1.351
0.321,-3.851
0.145,-1.181
0.086,-0.689
0.193,-2.793
-0.146,-1.607
-0.326,-2.635
-0.543,-3.009
-0.787,-1.988
-0.949,-0.858
-0.844,-3.077
-1.005,-2.636
-1.038,-3.103
-1.055,-2.94
-1.101,-1.766
-0.994,-3.207
-1.057,-3.442
-1.278,-0.733
-1.226,-2.255
-1.248,-1.842
-1.311,-3.132
-1.309,-4.124
-1.441,-2.374
-1.341,-1.548
-1.353,-2.457
-1.382,-1.674
-1.538,-3.303
-1.615,-4.169
-1.454,-0.938
-1.571,-1.305
-1.708,-4.242
-1.712,-0.42
-1.728,-0.841
-1.855,-1.83
-1.993,-3.7
-2.004,-1.42
-2.092,-0.959
-2.084,-3.58
-2.099,-3.294
-2.238,-1.824
-2.425,-1.47
-2.327,-0.414
-2.503,-2.778
-2.572,-3.172
-2.572,-0.658
-2.557,-3.326
-2.798,-1.966
-2.702,-2.957
-2.808,-1.101
-2.925,-3.646
-2.972,-0.921
-3.114,-3.87
3.077,-0.415
2.942,-1.769
3.062,-4.019
2.834,-1.998
2.9,-3.025
2.919,-2.882
2.752,-4.014
2.691,-0.646
2.721,-0.323
2.548,-0.659
2.631,-2.136
2.486,-2.814
2.556,-1.679
2.413,-3.525
2.104,-4.147
1.871,-3.316
1.974,-1.546
1.988,-3.45
1.821,-1.785
1.793,-1.685
1.929,-3.331
1.755,-1.105
1.362,-4.575
1.456,-4.738
1.4,-4.647
-0.524,-4.498
-0.589,-4.673
-0.544,-4.352
-0.859,-4.565
-1.004,-4.7
-1.182,-4.557
-1.536,-4.651
-1.761,-4.822
-2.381,-4.544
-2.515,-4.462
-2.662,-4.85
-2.851,-4.785
3.112,-4.557
2.317,-4.595
0.767,-0.062
0.281,-0.196
0.216,-0.249
0.028,-0.333
-0.886,-0.382
-1.733,-0.201
-2.427,-0.228
2.572,-0.08
2.25,-0.391
1.864,-0.172
-0.995,-2.204
0.521,-3.923
0.158,-3.011
-1.18,-3.0
-2.339,-1.403
-2.799,-3.635
-3.063,-1.46
-3.119,-1.623
-3.141,-3.321
3.136,-3.628
2.279,-3.014
2.371,-1.752
2.257,-2.859
2.185,-1.349
1.633,-2.13
0.911,-3.322
-1.112,-1.054
-1.268,-2.349
-2.382,-1.194
-3.092,-3.209
0.373,-4.494
0.54,-0.289
0.946,-0.087
-1.006,-0.206
-1.359,-0.056
-1.361,-0.005
-1.796,-0.083
-2.045,0.146
-2.043,0.208
-2.919,-0.057
-3.14,0.213
-3.141,0.218
2.285,0.059
2.209,0.022
1.787,0.301
1.634,0.07
1.016,-3.052
0.563,-3.687
-1.424,-0.19
-1.49,-1.188
2.718,-1.567
1.969,-0.246
2.067,0.041
1.399,-3.078
1.338,-1.807
1.394,-1.159
1.297,-0.356
1.164,-2.882
1.073,-1.63
1.096,-1.556
1.059,-2.486
1.067,-2.905
1.055,-2.341
0.898,-2.926
0.843,-2.837
0.687,-0.505
0.6,-2.428
0.408,-1.893
0.489,-2.178
0.407,-2.781
0.279,-4.024
0.292,-0.302
0.415,-0.667
0.381,-1.73
0.369,-1.094
0.331,-3.594
0.155,-0.924
0.096,-0.432
0.203,-2.536
-0.136,-1.35
-0.316,-2.378
-0.533,-2.752
-0.777,-1.731
-0.939,-0.601
-0.834,-2.82
-0.995,-2.379
-1.028,-2.846
-1.045,-2.683
-1.091,-1.509
-0.984,-2.95
-1.047,-3.185
-1.268,-0.476
-1.216,-1.998
-1.238,-1.585
-1.301,-2.875
-1.299,-3.867
-1.431,-2.117
-1.331,-1.291
-1.343,-2.2
-1.372,-1.417
-1.528,-3.046
-1.605,-3.912
-1.444,-0.681
-1.561,-1.048
-1.698,-3.985
-1.702,-0.163
-1.718,-0.584
-1.845,-1.573
-1.983,-3.443
-1.994,-1.163
-2.082,-0.702
-2.074,-3.323
-2.089,-3.037
-2.228,-1.567
-2.415,-1.213
-2.317,-0.157
-2.493,-2.521
-2.562,-2.915
-2.562,-0.401
-2.547,-3.069
-2.788,-1.709
-2.692,-2.7
-2.798,-0.844
-2.915,-3.389
-2.962,-0.664
-3.104,-3.613
3.087,-0.158
2.952,-1.512
3.072,-3.762
2.844,-1.741
2.91,-2.768
2.929,-2.625
2.762,-3.757
2.701,-0.389
2.731,-0.066
2.558,-0.402
2.641,-1.879
2.496,-2.557
2.566,-1.422
2.423,-3.268
2.114,-3.89
1.881,-3.059
1.984,-1.289
1.998,-3.193
1.831,-1.528
1.803,-1.428
1.939,-3.074
1.765,-0.848
1.372,-4.318
1.466,-4.481
1.41,-4.39
-0.514,-4.241
-0.579,-4.416
-0.534,-4.095
-0.849,-4.308
-0.994,-4.443
-1.172,-4.3
-1.526,-4.394
-1.751,-4.565
-2.371,-4.287
-2.505,-4.205
-2.652,-4.593
-2.841,-4.528
3.122,-4.3
2.327,-4.338
0.777,0.195
0.291,0.061
0.226,0.008
0.038,-0.076
-0.876,-0.125
-1.723,0.056
-2.417,0.029
2.582,0.177
2.26,-0.134
1.874,0.085
-0.985,-1.947
0.531,-3.666
0.168,-2.754
-1.17,-2.743
-2.329,-1.146
-2.789,-3.378
-3.053,-1.203
-3.109,-1.366
-3.131,-3.064
-3.137,-3.371
2.289,-2.757
2.381,-1.495
2.267,-2.602
2.195,-1.092
1.643,-1.873
0.921,-3.065
-1.102,-0.797
-1.258,-2.092
-2.372,-0.937
-3.082,-2.952
0.383,-4.237
0.55,-0.032
0.956,0.17
-0.996,0.051
-0.002,0.051
-0.437,-0.027
-0.686,0.202
-0.684,0.264
-1.56,-0.001
-1.781,0.269
-1.782,0.274
-2.639,0.115
-2.715,0.078
-3.137,0.357
2.993,0.126
2.375,-2.996
1.922,-3.631
-0.065,-0.134
-0.131,-1.132
-2.206,-1.511
-2.955,-0.19
-2.857,0.097
2.758,-3.022
2.697,-1.751
2.753,-1.103
2.656,-0.3
2.523,-2.826
2.432,-1.574
2.455,-1.5
2.418,-2.43
2.426,-2.849
2.414,-2.285
2.257,-2.87
2.202,-2.781
2.046,-0.449
1.959,-2.372
1.767,-1.837
1.848,-2.122
1.766,-2.725
1.638,-3.968
1.651,-0.246
1.774,-0.611
1.74,-1.674
1.728,-1.038
1.69,-3.538
1.514,-0.868
1.455,-0.376
1.562,-2.48
1.223,-1.294
1.043,-2.322
0.826,-2.696
0.582,-1.675
0.42,-0.545
0.525,-2.764
0.364,-2.323
0.331,-2.79
0.314,-2.627
0.268,-1.453
0.375,-2.894
0.312,-3.129
0.091,-0.42
0.143,-1.942
0.121,-1.529
0.058,-2.819
0.06,-3.811
-0.072,-2.061
0.028,-1.235
0.016,-2.144
-0.013,-1.361
-0.169,-2.99
-0.246,-3.856
-0.085,-0.625
-0.202,-0.992
-0.339,-3.929
-0.343,-0.107
-0.359,-0.528
-0.486,-1.517
-0.624,-3.387
-0.635,-1.107
-0.723,-0.646
-0.715,-3.267
-0.73,-2.981
-0.869,-1.511
-1.056,-1.157
-0.958,-0.101
-1.134,-2.465
-1.203,-2.859
-1.203,-0.345
-1.188,-3.013
-1.429,-1.653
-1.333,-2.644
-1.439,-0.788
-1.556,-3.333
-1.603,-0.608
-1.745,-3.557
-1.837,-0.102
-1.972,-1.456
-1.852,-3.706
-2.08,-1.685
-2.014,-2.712
-1.995,-2.569
-2.162,-3.701
-2.223,-0.333
-2.193,-0.01
-2.366,-0.346
-2.283,-1.823
-2.428,-2.501
-2.358,-1.366
-2.501,-3.212
-2.81,-3.834
-3.043,-3.003
-2.94,-1.233
-2.926,-3.137
-3.093,-1.472
-3.121,-1.372
-2.985,-3.018
3.124,-0.792
2.731,-4.262
2.825,-4.425
2.769,-4.334
0.845,-4.185
0.78,-4.36
0.825,-4.039
0.51,-4.252
0.365,-4.387
0.187,-4.244
-0.167,-4.338
-0.392,-4.509
-1.012,-4.231
-1.146,-4.149
-1.293,-4.537
-1.482,-4.472
-1.802,-4.244
-2.597,-4.282
2.136,0.251
1.65,0.117
1.585,0.064
1.397,-0.02
0.483,-0.069
-0.364,0.112
-1.058,0.085
-2.342,0.233
-2.664,-0.078
-3.05,0.141
0.374,-1.891
1.89,-3.61
1.527,-2.698
0.189,-2.687
-0.97,-1.09
-1.43,-3.322
-1.694,-1.147
-1.75,-1.31
-1.772,-3.008
-1.778,-3.315
-2.635,-2.701
-2.543,-1.439
-2.657,-2.546
-2.729,-1.036
3.002,-1.817
2.28,-3.009
0.257,-0.741
0.101,-2.036
-1.013,-0.881
-1.723,-2.896
1.742,-4.181
1.909,0.024
2.315,0.226
0.363,0.107
-0.435,-0.078
-0.684,0.151
-0.682,0.213
-1.558,-0.052
-1.779,0.218
-1.78,0.223
-2.637,0.064
-2.713,0.027
-3.135,0.306
2.995,0.075
2.377,-3.047
1.924,-3.682
-0.063,-0.185
-0.129,-1.183
-2.204,-1.562
-2.953,-0.241
-2.855,0.046
2.76,-3.073
2.699,-1.802
2.755,-1.154
2.658,-0.351
2.525,-2.877
2.434,-1.625
2.457,-1.551
2.42,-2.481
2.428,-2.9
2.416,-2.336
2.259,-2.921
2.204,-2.832
2.048,-0.5
1.961,-2.423
1.769,-1.888
1.85,-2.173
1.768,-2.776
1.64,-4.019
1.653,-0.297
1.776,-0.662
1.742,-1.725
1.73,-1.089
1.692,-3.589
1.516,-0.919
1.457,-0.427
1.564,-2.531
1.225,-1.345
1.045,-2.373
0.828,-2.747
0.584,-1.726
0.422,-0.596
0.527,-2.815
0.366,-2.374
0.333,-2.841
0.316,-2.678
0.27,-1.504
0.377,-2.945
0.314,-3.18
0.093,-0.471
0.145,-1.993
0.123,-1.58
0.06,-2.87
0.062,-3.862
-0.07,-2.112
0.03,-1.286
0.018,-2.195
-0.011,-1.412
-0.167,-3.041
-0.244,-3.907
-0.083,-0.676
-0.2,-1.043
-0.337,-3.98
-0.341,-0.158
-0.357,-0.579
-0.484,-1.568
-0.622,-3.438
-0.633,-1.158
-0.721,-0.697
-0.713,-3.318
-0.728,-3.032
-0.867,-1.562
-1.054,-1.208
-0.956,-0.152
-1.132,-2.516
-1.201,-2.91
-1.201,-0.396
-1.186,-3.064
-1.427,-1.704
-1.331,-2.695
-1.437,-0.839
-1.554,-3.384
-1.601,-0.659
-1.743,-3.608
-1.835,-0.153
-1.97,-1.507
-1.85,-3.757
-2.078,-1.736
-2.012,-2.763
-1.993,-2.62
-2.16,-3.752
-2.221,-0.384
-2.191,-0.061
-2.364,-0.397
-2.281,-1.874
-2.426,-2.552
-2.356,-1.417
-2.499,-3.263
-2.808,-3.885
-3.041,-3.054
-2.938,-1.284
-2.924,-3.188
-3.091,-1.523
-3.119,-1.423
-2.983,-3.069
3.126,-0.843
2.733,-4.313
2.827,-4.476
2.771,-4.385
0.847,-4.236
0.782,-4.411
0.827,-4.09
0.512,-4.303
0.367,-4.438
0.189,-4.295
-0.165,-4.389
-0.39,-4.56
-1.01,-4.282
-1.144,-4.2
-1.291,-4.588
-1.48,-4.523
-1.8,-4.295
-2.595,-4.333
2.138,0.2
1.652,0.066
1.587,0.013
1.399,-0.071
0.485,-0.12
-0.362,0.061
-1.056,0.034
-2.34,0.182
-2.662,-0.129
-3.048,0.09
0.376,-1.942
1.892,-3.661
1.529,-2.749
0.191,-2.738
-0.968,-1.141
-1.428,-3.373
-1.692,-1.198
-1.748,-1.361
-1.77,-3.059
-1.776,-3.366
-2.633,-2.752
-2.541,-1.49
-2.655,-2.597
-2.727,-1.087
3.004,-1.868
2.282,-3.06
0.259,-0.792
0.103,-2.087
-1.011,-0.932
-1.721,-2.947
1.744,-4.232
1.911,-0.027
2.317,0.175
0.365,0.056
-0.249,0.229
-0.247,0.291
-1.123,0.026
-1.344,0.296
-1.345,0.301
-2.202,0.142
-2.278,0.105
-2.7,0.384
-2.853,0.153
2.812,-2.969
2.359,-3.604
0.372,-0.107
0.306,-1.105
-1.769,-1.484
-2.518,-0.163
-2.42,0.124
-3.088,-2.995
3.134,-1.724
-3.093,-1.076
3.093,-0.273
2.96,-2.799
2.869,-1.547
2.892,-1.473
2.855,-2.403
2.863,-2.822
2.851,-2.258
2.694,-2.843
2.639,-2.754
2.483,-0.422
2.396,-2.345
2.204,-1.81
2.285,-2.095
2.203,-2.698
2.075,-3.941
2.088,-0.219
2.211,-0.584
2.177,-1.647
2.165,-1.011
2.127,-3.511
1.951,-0.841
1.892,-0.349
1.999,-2.453
1.66,-1.267
1.48,-2.295
1.263,-2.669
1.019,-1.648
0.857,-0.518
0.962,-2.737
0.801,-2.296
0.768,-2.763
0.751,-2.6
0.705,-1.426
0.812,-2.867
0.749,-3.102
0.528,-0.393
0.58,-1.915
0.558,-1.502
0.495,-2.792
0.497,-3.784
0.365,-2.034
0.465,-1.208
0.453,-2.117
0.424,-1.334
0.268,-2.963
0.191,-3.829
0.352,-0.598
0.235,-0.965
0.098,-3.902
0.094,-0.08
0.078,-0.501
-0.049,-1.49
-0.187,-3.36
-0.198,-1.08
-0.286,-0.619
-0.278,-3.24
-0.293,-2.954
-0.432,-1.484
-0.619,-1.13
-0.521,-0.074
-0.697,-2.438
-0.766,-2.832
-0.766,-0.318
-0.751,-2.986
-0.992,-1.626
-0.896,-2.617
-1.002,-0.761
-1.119,-3.306
-1.166,-0.581
-1.308,-3.53
-1.4,-0.075
-1.535,-1.429
-1.415,-3.679
-1.643,-1.658
-1.577,-2.685
-1.558,-2.542
-1.725,-3.674
-1.786,-0.306
-1.756,0.017
-1.929,-0.319
-1.846,-1.796
-1.991,-2.474
-1.921,-1.339
-2.064,-3.185
-2.373,-3.807
-2.606,-2.976
-2.503,-1.206
-2.489,-3.11
-2.656,-1.445
-2.684,-1.345
-2.548,-2.991
-2.722,-0.765
-3.115,-4.235
-3.021,-4.398
-3.077,-4.307
1.282,-4.158
1.217,-4.333
1.262,-4.012
0.947,-4.225
0.802,-4.36
0.624,-4.217
0.27,-4.311
0.045,-4.482
-0.575,-4.204
-0.709,-4.122
-0.856,-4.51
-1.045,-4.445
-1.365,-4.217
-2.16,-4.255
2.573,0.278
2.087,0.144
2.022,0.091
1.834,0.007
0.92,-0.042
0.073,0.139
-0.621,0.112
-1.905,0.26
-2.227,-0.051
-2.613,0.168
0.811,-1.864
2.327,-3.583
1.964,-2.671
0.626,-2.66
-0.533,-1.063
-0.993,-3.295
-1.257,-1.12
-1.313,-1.283
-1.335,-2.981
-1.341,-3.288
-2.198,-2.674
-2.106,-1.412
-2.22,-2.519
-2.292,-1.009
-2.844,-1.79
2.717,-2.982
0.694,-0.714
0.538,-2.009
-0.576,-0.854
-1.286,-2.869
2.179,-4.154
2.346,0.051
2.752,0.253
0.8,0.134
0.002,0.062
-0.874,-0.203
-1.095,0.067
-1.096,0.072
-1.953,-0.087
-2.029,-0.124
-2.451,0.155
-2.604,-0.076
3.061,-3.198
2.608,-3.833
0.621,-0.336
0.555,-1.334
-1.52,-1.713
-2.269,-0.392
-2.171,-0.105
-2.839,-3.224
-2.9,-1.953
-2.844,-1.305
-2.941,-0.502
-3.074,-3.028
3.118,-1.776
3.141,-1.702
3.104,-2.632
3.112,-3.051
3.1,-2.487
2.943,-3.072
2.888,-2.983
2.732,-0.651
2.645,-2.574
2.453,-2.039
2.534,-2.324
2.452,-2.927
2.324,-4.17
2.337,-0.448
2.46,-0.813
2.426,-1.876
2.414,-1.24
2.376,-3.74
2.2,-1.07
2.141,-0.578
2.248,-2.682
1.909,-1.496
1.729,-2.524
1.512,-2.898
1.268,-1.877
1.106,-0.747
1.211,-2.966
1.05,-2.525
1.017,-2.992
1.0,-2.829
0.954,-1.655
1.061,-3.096
0.998,-3.331
0.777,-0.622
0.829,-2.144
0.807,-1.731
0.744,-3.021
0.746,-4.013
0.614,-2.263
0.714,-1.437
0.702,-2.346
0.673,-1.563
0.517,-3.192
0.44,-4.058
0.601,-0.827
0.484,-1.194
0.347,-4.131
0.343,-0.309
0.327,-0.73
0.2,-1.719
0.062,-3.589
0.051,-1.309
-0.037,-0.848
-0.029,-3.469
-0.044,-3.183
-0.183,-1.713
-0.37,-1.359
-0.272,-0.303
-0.448,-2.667
-0.517,-3.061
-0.517,-0.547
-0.502,-3.215
-0.743,-1.855
-0.647,-2.846
-0.753,-0.99
-0.87,-3.535
-0.917,-0.81
-1.059,-3.759
-1.151,-0.304
-1.286,-1.658
-1.166,-3.908
-1.394,-1.887
-1.328,-2.914
-1.309,-2.771
-1.476,-3.903
-1.537,-0.535
-1.507,-0.212
-1.68,-0.548
-1.597,-2.025
-1.742,-2.703
-1.672,-1.568
-1.815,-3.414
-2.124,-4.036
-2.357,-3.205
-2.254,-1.435
-2.24,-3.339
-2.407,-1.674
-2.435,-1.574
-2.299,-3.22
-2.473,-0.994
-2.866,-4.464
-2.772,-4.627
-2.828,-4.536
1.531,-4.387
1.466,-4.562
1.511,-4.241
1.196,-4.454
1.051,-4.589
0.873,-4.446
0.519,-4.54
0.294,-4.711
-0.326,-4.433
-0.46,-4.351
-0.607,-4.739
-0.796,-4.674
-1.116,-4.446
-1.911,-4.484
2.822,0.049
2.336,-0.085
2.271,-0.138
2.083,-0.222
1.169,-0.271
0.322,-0.09
-0.372,-0.117
-1.656,0.031
-1.978,-0.28
-2.364,-0.061
1.06,-2.093
2.576,-3.812
2.213,-2.9
0.875,-2.889
-0.284,-1.292
-0.744,-3.524
-1.008,-1.349
-1.064,-1.512
-1.086,-3.21
-1.092,-3.517
-1.949,-2.903
-1.857,-1.641
-1.971,-2.748
-2.043,-1.238
-2.595,-2.019
2.966,-3.211
0.943,-0.943
0.787,-2.238
-0.327,-1.083
-1.037,-3.098
2.428,-4.383
2.595,-0.178
3.001,0.024
1.049,-0.095
-0.876,-0.265
-1.097,0.005
-1.098,0.01
-1.955,-0.149
-2.031,-0.186
-2.453,0.093
-2.606,-0.138
3.059,-3.26
2.606,-3.895
0.619,-0.398
0.553,-1.396
-1.522,-1.775
-2.271,-0.454
-2.173,-0.167
-2.841,-3.286
-2.902,-2.015
-2.846,-1.367
-2.943,-0.564
-3.076,-3.09
3.116,-1.838
3.139,-1.764
3.102,-2.694
3.11,-3.113
3.098,-2.549
2.941,-3.134
2.886,-3.045
2.73,-0.713
2.643,-2.636
2.451,-2.101
2.532,-2.386
2.45,-2.989
2.322,-4.232
2.335,-0.51
2.458,-0.875
2.424,-1.938
2.412,-1.302
2.374,-3.802
2.198,-1.132
2.139,-0.64
2.246,-2.744
1.907,-1.558
1.727,-2.586
1.51,-2.96
1.266,-1.939
1.104,-0.809
1.209,-3.028
1.048,-2.587
1.015,-3.054
0.998,-2.891
0.952,-1.717
1.059,-3.158
0.996,-3.393
0.775,-0.684
0.827,-2.206
0.805,-1.793
0.742,-3.083
0.744,-4.075
0.612,-2.325
0.712,-1.499
0.7,-2.408
0.671,-1.625
0.515,-3.254
0.438,-4.12
0.599,-0.889
0.482,-1.256
0.345,-4.193
0.341,-0.371
0.325,-0.792
0.198,-1.781
0.06,-3.651
0.049,-1.371
-0.039,-0.91
-0.031,-3.531
-0.046,-3.245
-0.185,-1.775
-0.372,-1.421
-0.274,-0.365
-0.45,-2.729
-0.519,-3.123
-0.519,-0.609
-0.504,-3.277
-0.745,-1.917
-0.649,-2.908
-0.755,-1.052
-0.872,-3.597
-0.919,-0.872
-1.061,-3.821
-1.153,-0.366
-1.288,-1.72
-1.168,-3.97
-1.396,-1.949
-1.33,-2.976
-1.311,-2.833
-1.478,-3.965
-1.539,-0.597
-1.509,-0.274
-1.682,-0.61
-1.599,-2.087
-1.744,-2.765
-1.674,-1.63
-1.817,-3.476
-2.126,-4.098
-2.359,-3.267
-2.256,-1.497
-2.242,-3.401
-2.409,-1.736
-2.437,-1.636
-2.301,-3.282
-2.475,-1.056
-2.868,-4.526
-2.774,-4.689
-2.83,-4.598
1.529,-4.449
1.464,-4.624
1.509,-4.303
1.194,-4.516
1.049,-4.651
0.871,-4.508
0.517,-4.602
0.292,-4.773
-0.328,-4.495
-0.462,-4.413
-0.609,-4.801
-0.798,-4.736
-1.118,-4.508
-1.913,-4.546
2.82,-0.013
2.334,-0.147
2.269,-0.2
2.081,-0.284
1.167,-0.333
0.32,-0.152
-0.374,-0.179
-1.658,-0.031
-1.98,-0.342
-2.366,-0.123
1.058,-2.155
2.574,-3.874
2.211,-2.962
0.873,-2.951
-0.286,-1.354
-0.746,-3.586
-1.01,-1.411
-1.066,-1.574
-1.088,-3.272
-1.094,-3.579
-1.951,-2.965
-1.859,-1.703
-1.973,-2.81
-2.045,-1.3
-2.597,-2.081
2.964,-3.273
0.941,-1.005
0.785,-2.3
-0.329,-1.145
-1.039,-3.16
2.426,-4.445
2.593,-0.24
2.999,-0.038
1.047,-0.157
-0.221,0.27
-0.222,0.275
-1.079,0.116
-1.155,0.079
-1.577,0.358
-1.73,0.127
-2.348,-2.995
-2.801,-3.63
1.495,-0.133
1.429,-1.131
-0.646,-1.51
-1.395,-0.189
-1.297,0.098
-1.965,-3.021
-2.026,-1.75
-1.97,-1.102
-2.067,-0.299
-2.2,-2.825
-2.291,-1.573
-2.268,-1.499
-2.305,-2.429
-2.297,-2.848
-2.309,-2.284
-2.466,-2.869
-2.521,-2.78
-2.677,-0.448
-2.764,-2.371
-2.956,-1.836
-2.875,-2.121
-2.957,-2.724
-3.085,-3.967
-3.072,-0.245
-2.949,-0.61
-2.983,-1.673
-2.995,-1.037
-3.033,-3.537
3.074,-0.867
3.015,-0.375
3.122,-2.479
2.783,-1.293
2.603,-2.321
2.386,-2.695
2.142,-1.674
1.98,-0.544
2.085,-2.763
1.924,-2.322
1.891,-2.789
1.874,-2.626
1.828,-1.452
1.935,-2.893
1.872,-3.128
1.651,-0.419
1.703,-1.941
1.681,-1.528
1.618,-2.818
1.62,-3.81
1.488,-2.06
1.588,-1.234
1.576,-2.143
1.547,-1.36
1.391,-2.989
1.314,-3.855
1.475,-0.624
1.358,-0.991
1.221,-3.928
1.217,-0.106
1.201,-0.527
1.074,-1.516
0.936,-3.386
0.925,-1.106
0.837,-0.645
0.845,-3.266
0.83,-2.98
0.691,-1.51
0.504,-1.156
0.602,-0.1
0.426,-2.464
0.357,-2.858
0.357,-0.344
0.372,-3.012
0.131,-1.652
0.227,-2.643
0.121,-0.787
0.004,-3.332
-0.043,-0.607
-0.185,-3.556
-0.277,-0.101
-0.412,-1.455
-0.292,-3.705
-0.52,-1.684
-0.454,-2.711
-0.435,-2.568
-0.602,-3.7
-0.663,-0.332
-0.633,-0.009
-0.806,-0.345
-0.723,-1.822
-0.868,-2.5
-0.798,-1.365
-0.941,-3.211
-1.25,-3.833
-1.483,-3.002
-1.38,-1.232
-1.366,-3.136
-1.533,-1.471
-1.561,-1.371
-1.425,-3.017
-1.599,-0.791
-1.992,-4.261
-1.898,-4.424
-1.954,-4.333
2.405,-4.184
2.34,-4.359
2.385,-4.038
2.07,-4.251
1.925,-4.386
1.747,-4.243
1.393,-4.337
1.168,-4.508
0.548,-4.23
0.414,-4.148
0.267,-4.536
0.078,-4.471
-0.242,-4.243
-1.037,-4.281
-2.587,0.252
-3.073,0.118
-3.138,0.065
2.957,-0.019
2.043,-0.068
1.196,0.113
0.502,0.086
-0.782,0.234
-1.104,-0.077
-1.49,0.142
1.934,-1.89
-2.833,-3.609
3.087,-2.697
1.749,-2.686
0.59,-1.089
0.13,-3.321
-0.134,-1.146
-0.19,-1.309
-0.212,-3.007
-0.218,-3.314
-1.075,-2.7
-0.983,-1.438
-1.097,-2.545
-1.169,-1.035
-1.721,-1.816
-2.443,-3.008
1.817,-0.74
1.661,-2.035
0.547,-0.88
-0.163,-2.895
-2.981,-4.18
-2.814,0.025
-2.408,0.227
1.923,0.108
-0.001,0.005
-0.858,-0.154
-0.934,-0.191
-1.356,0.088
-1.509,-0.143
-2.127,-3.265
-2.58,-3.9
1.716,-0.403
1.65,-1.401
-0.425,-1.78
-1.174,-0.459
-1.076,-0.172
-1.744,-3.291
-1.805,-2.02
-1.749,-1.372
-1.846,-0.569
-1.979,-3.095
-2.07,-1.843
-2.047,-1.769
-2.084,-2.699
-2.076,-3.118
-2.088,-2.554
-2.245,-3.139
-2.3,-3.05
-2.456,-0.718
-2.543,-2.641
-2.735,-2.106
-2.654,-2.391
-2.736,-2.994
-2.864,-4.237
-2.851,-0.515
-2.728,-0.88
-2.762,-1.943
-2.774,-1.307
-2.812,-3.807
-2.988,-1.137
-3.047,-0.645
-2.94,-2.749
3.004,-1.563
2.824,-2.591
2.607,-2.965
2.363,-1.944
2.201,-0.814
2.306,-3.033
2.145,-2.592
2.112,-3.059
2.095,-2.896
2.049,-1.722
2.156,-3.163
2.093,-3.398
1.872,-0.689
1.924,-2.211
1.902,-1.798
1.839,-3.088
1.841,-4.08
1.709,-2.33
1.809,-1.504
1.797,-2.413
1.768,-1.63
1.612,-3.259
1.535,-4.125
1.696,-0.894
1.579,-1.261
1.442,-4.198
1.438,-0.376
1.422,-0.797
1.295,-1.786
1.157,-3.656
1.146,-1.376
1.058,-0.915
1.066,-3.536
1.051,-3.25
0.912,-1.78
0.725,-1.426
0.823,-0.37
0.647,-2.734
0.578,-3.128
0.578,-0.614
0.593,-3.282
0.352,-1.922
0.448,-2.913
0.342,-1.057
0.225,-3.602
0.178,-0.877
0.036,-3.826
-0.056,-0.371
-0.191,-1.725
-0.071,-3.975
-0.299,-1.954
-0.233,-2.981
-0.214,-2.838
-0.381,-3.97
-0.442,-0.602
-0.412,-0.279
-0.585,-0.615
-0.502,-2.092
-0.647,-2.77
-0.577,-1.635
-0.72,-3.481
-1.029,-4.103
-1.262,-3.272
-1.159,-1.502
-1.145,-3.406
-1.312,-1.741
-1.34,-1.641
-1.204,-3.287
-1.378,-1.061
-1.771,-4.531
-1.677,-4.694
-1.733,-4.603
2.626,-4.454
2.561,-4.629
2.606,-4.308
2.291,-4.521
2.146,-4.656
1.968,-4.513
1.614,-4.607
1.389,-4.778
0.769,-4.5
0.635,-4.418
0.488,-4.806
0.299,-4.741
-0.021,-4.513
-0.816,-4.551
-2.366,-0.018
-2.852,-0.152
-2.917,-0.205
-3.105,-0.289
2.264,-0.338
1.417,-0.157
0.723,-0.184
-0.561,-0.036
-0.883,-0.347
-1.269,-0.128
2.155,-2.16
-2.612,-3.879
-2.975,-2.967
1.97,-2.956
0.811,-1.359
0.351,-3.591
0.087,-1.416
0.031,-1.579
0.009,-3.277
0.003,-3.584
-0.854,-2.97
-0.762,-1.708
-0.876,-2.815
-0.948,-1.305
-1.5,-2.086
-2.222,-3.278
2.038,-1.01
1.882,-2.305
0.768,-1.15
0.058,-3.165
-2.76,-4.45
-2.593,-0.245
-2.187,-0.043
2.144,-0.162
-0.857,-0.159
-0.933,-0.196
-1.355,0.083
-1.508,-0.148
-2.126,-3.27
-2.579,-3.905
1.717,-0.408
1.651,-1.406
-0.424,-1.785
-1.173,-0.464
-1.075,-0.177
-1.743,-3.296
-1.804,-2.025
-1.748,-1.377
-1.845,-0.574
-1.978,-3.1
-2.069,-1.848
-2.046,-1.774
-2.083,-2.704
-2.075,-3.123
-2.087,-2.559
-2.244,-3.144
-2.299,-3.055
-2.455,-0.723
-2.542,-2.646
-2.734,-2.111
-2.653,-2.396
-2.735,-2.999
-2.863,-4.242
-2.85,-0.52
-2.727,-0.885
-2.761,-1.948
-2.773,-1.312
-2.811,-3.812
-2.987,-1.142
-3.046,-0.65
-2.939,-2.754
3.005,-1.568
2.825,-2.596
2.608,-2.97
2.364,-1.949
2.202,-0.819
2.307,-3.038
2.146,-2.597
2.113,-3.064
2.096,-2.901
2.05,-1.727
2.157,-3.168
2.094,-3.403
1.873,-0.694
1.925,-2.216
1.903,-1.803
1.84,-3.093
1.842,-4.085
1.71,-2.335
1.81,-1.509
1.798,-2.418
1.769,-1.635
1.613,-3.264
1.536,-4.13
1.697,-0.899
1.58,-1.266
1.443,-4.203
1.439,-0.381
1.423,-0.802
1.296,-1.791
1.158,-3.661
1.147,-1.381
1.059,-0.92
1.067,-3.541
1.052,-3.255
0.913,-1.785
0.726,-1.431
0.824,-0.375
0.648,-2.739
0.579,-3.133
0.579,-0.619
0.594,-3.287
0.353,-1.927
0.449,-2.918
0.343,-1.062
0.226,-3.607
0.179,-0.882
0.037,-3.831
-0.055,-0.376
-0.19,-1.73
-0.07,-3.98
-0.298,-1.959
-0.232,-2.986
-0.213,-2.843
-0.38,-3.975
-0.441,-0.607
-0.411,-0.284
-0.584,-0.62
-0.501,-2.097
-0.646,-2.775
-0.576,-1.64
-0.719,-3.486
-1.028,-4.108
-1.261,-3.277
-1.158,-1.507
-1.144,-3.411
-1.311,-1.746
-1.339,-1.646
-1.203,-3.292
-1.377,-1.066
-1.77,-4.536
-1.676,-4.699
-1.732,-4.608
2.627,-4.459
2.562,-4.634
2.607,-4.313
2.292,-4.526
2.147,-4.661
1.969,-4.518
1.615,-4.612
1.39,-4.783
0.77,-4.505
0.636,-4.423
0.489,-4.811
0.3,-4.746
-0.02,-4.518
-0.815,-4.556
-2.365,-0.023
-2.851,-0.157
-2.916,-0.21
-3.104,-0.294
2.265,-0.343
1.418,-0.162
0.724,-0.189
-0.56,-0.041
-0.882,-0.352
-1.268,-0.133
2.156,-2.165
-2.611,-3.884
-2.974,-2.972
1.971,-2.961
0.812,-1.364
0.352,-3.596
0.088,-1.421
0.032,-1.584
0.01,-3.282
0.004,-3.589
-0.853,-2.975
-0.761,-1.713
-0.875,-2.82
-0.947,-1.31
-1.499,-2.091
-2.221,-3.283
2.039,-1.015
1.883,-2.31
0.769,-1.155
0.059,-3.17
-2.759,-4.455
-2.592,-0.25
-2.186,-0.048
2.145,-0.167
-0.076,-0.037
-0.498,0.242
-0.651,0.011
-1.269,-3.111
-1.722,-3.746
2.574,-0.249
2.508,-1.247
0.433,-1.626
-0.316,-0.305
-0.218,-0.018
-0.886,-3.137
-0.947,-1.866
-0.891,-1.218
-0.988,-0.415
-1.121,-2.941
-1.212,-1.689
-1.189,-1.615
-1.226,-2.545
-1.218,-2.964
-1.23,-2.4
-1.387,-2.985
-1.442,-2.896
-1.598,-0.564
-1.685,-2.487
-1.877,-1.952
-1.796,-2.237
-1.878,-2.84
-2.006,-4.083
-1.993,-0.361
-1.87,-0.726
-1.904,-1.789
-1.916,-1.153
-1.954,-3.653
-2.13,-0.983
-2.189,-0.491
-2.082,-2.595
-2.421,-1.409
-2.601,-2.437
-2.818,-2.811
-3.062,-1.79
3.059,-0.66
-3.119,-2.879
3.003,-2.438
2.97,-2.905
2.953,-2.742
2.907,-1.568
3.014,-3.009
2.951,-3.244
2.73,-0.535
2.782,-2.057
2.76,-1.644
2.697,-2.934
2.699,-3.926
2.567,-2.176
2.667,-1.35
2.655,-2.259
2.626,-1.476
2.47,-3.105
2.393,-3.971
2.554,-0.74
2.437,-1.107
2.3,-4.044
2.296,-0.222
2.28,-0.643
2.153,-1.632
2.015,-3.502
2.004,-1.222
1.916,-0.761
1.924,-3.382
1.909,-3.096
1.77,-1.626
1.583,-1.272
1.681,-0.216
1.505,-2.58
1.436,-2.974
1.436,-0.46
1.451,-3.128
1.21,-1.768
1.306,-2.759
1.2,-0.903
1.083,-3.448
1.036,-0.723
0.894,-3.672
0.802,-0.217
0.667,-1.571
0.787,-3.821
0.559,-1.8
0.625,-2.827
0.644,-2.684
0.477,-3.816
0.416,-0.448
0.446,-0.125
0.273,-0.461
0.356,-1.938
0.211,-2.616
0.281,-1.481
0.138,-3.327
-0.171,-3.949
-0.404,-3.118
-0.301,-1.348
-0.287,-3.252
-0.454,-1.587
-0.482,-1.487
-0.346,-3.133
-0.52,-0.907
-0.913,-4.377
-0.819,-4.54
-0.875,-4.449
-2.799,-4.3
-2.864,-4.475
-2.819,-4.154
-3.134,-4.367
3.004,-4.502
2.826,-4.359
2.472,-4.453
2.247,-4.624
1.627,-4.346
1.493,-4.264
1.346,-4.652
1.157,-4.587
0.837,-4.359
0.042,-4.397
-1.508,0.136
-1.994,0.002
-2.059,-0.051
-2.247,-0.135
3.122,-0.184
2.275,-0.003
1.581,-0.03
0.297,0.118
-0.025,-0.193
-0.411,0.026
3.013,-2.006
-1.754,-3.725
-2.117,-2.813
2.828,-2.802
1.669,-1.205
1.209,-3.437
0.945,-1.262
0.889,-1.425
0.867,-3.123
0.861,-3.43
0.004,-2.816
0.096,-1.554
-0.018,-2.661
-0.09,-1.151
-0.642,-1.932
-1.364,-3.124
2.896,-0.856
2.74,-2.151
1.626,-0.996
0.916,-3.011
-1.902,-4.296
-1.735,-0.091
-1.329,0.111
3.002,-0.008
-0.422,0.279
-0.575,0.048
-1.193,-3.074
-1.646,-3.709
2.65,-0.212
2.584,-1.21
0.509,-1.589
-0.24,-0.268
-0.142,0.019
-0.81,-3.1
-0.871,-1.829
-0.815,-1.181
-0.912,-0.378
-1.045,-2.904
-1.136,-1.652
-1.113,-1.578
-1.15,-2.508
-1.142,-2.927
-1.154,-2.363
-1.311,-2.948
-1.366,-2.859
-1.522,-0.527
-1.609,-2.45
-1.801,-1.915
-1.72,-2.2
-1.802,-2.803
-1.93,-4.046
-1.917,-0.324
-1.794,-0.689
-1.828,-1.752
-1.84,-1.116
-1.878,-3.616
-2.054,-0.946
-2.113,-0.454
-2.006,-2.558
-2.345,-1.372
-2.525,-2.4
-2.742,-2.774
-2.986,-1.753
3.135,-0.623
-3.043,-2.842
3.079,-2.401
3.046,-2.868
3.029,-2.705
2.983,-1.531
3.09,-2.972
3.027,-3.207
2.806,-0.498
2.858,-2.02
2.836,-1.607
2.773,-2.897
2.775,-3.889
2.643,-2.139
2.743,-1.313
2.731,-2.222
2.702,-1.439
2.546,-3.068
2.469,-3.934
2.63,-0.703
2.513,-1.07
2.376,-4.007
2.372,-0.185
2.356,-0.606
2.229,-1.595
2.091,-3.465
2.08,-1.185
1.992,-0.724
2.0,-3.345
1.985,-3.059
1.846,-1.589
1.659,-1.235
1.757,-0.179
1.581,-2.543
1.512,-2.937
1.512,-0.423
1.527,-3.091
1.286,-1.731
1.382,-2.722
1.276,-0.866
1.159,-3.411
1.112,-0.686
0.97,-3.635
0.878,-0.18
0.743,-1.534
0.863,-3.784
0.635,-1.763
0.701,-2.79
0.72,-2.647
0.553,-3.779
0.492,-0.411
0.522,-0.088
0.349,-0.424
0.432,-1.901
0.287,-2.579
0.357,-1.444
0.214,-3.29
-0.095,-3.912
-0.328,-3.081
-0.225,-1.311
-0.211,-3.215
-0.378,-1.55
-0.406,-1.45
-0.27,-3.096
-0.444,-0.87
-0.837,-4.34
-0.743,-4.503
-0.799,-4.412
-2.723,-4.263
-2.788,-4.438
-2.743,-4.117
-3.058,-4.33
3.08,-4.465
2.902,-4.322
2.548,-4.416
2.323,-4.587
1.703,-4.309
1.569,-4.227
1.422,-4.615
1.233,-4.55
0.913,-4.322
0.118,-4.36
-1.432,0.173
-1.918,0.039
-1.983,-0.014
-2.171,-0.098
-3.085,-0.147
2.351,0.034
1.657,0.007
0.373,0.155
0.051,-0.156
-0.335,0.063
3.089,-1.969
-1.678,-3.688
-2.041,-2.776
2.904,-2.765
1.745,-1.168
1.285,-3.4
1.021,-1.225
0.965,-1.388
0.943,-3.086
0.937,-3.393
0.08,-2.779
0.172,-1.517
0.058,-2.624
-0.014,-1.114
-0.566,-1.895
-1.288,-3.087
2.972,-0.819
2.816,-2.114
1.702,-0.959
0.992,-2.974
-1.826,-4.259
-1.659,-0.054
-1.253,0.148
3.078,0.029
-0.153,-0.231
-0.771,-3.353
-1.224,-3.988
3.072,-0.491
3.006,-1.489
0.931,-1.868
0.182,-0.547
0.28,-0.26
-0.388,-3.379
-0.449,-2.108
-0.393,-1.46
-0.49,-0.657
-0.623,-3.183
-0.714,-1.931
-0.691,-1.857
-0.728,-2.787
-0.72,-3.206
-0.732,-2.642
-0.889,-3.227
-0.944,-3.138
-1.1,-0.806
-1.187,-2.729
-1.379,-2.194
-1.298,-2.479
-1.38,-3.082
-1.508,-4.325
-1.495,-0.603
-1.372,-0.968
-1.406,-2.031
-1.418,-1.395
-1.456,-3.895
-1.632,-1.225
-1.691,-0.733
-1.584,-2.837
-1.923,-1.651
-2.103,-2.679
-2.32,-3.053
-2.564,-2.032
-2.726,-0.902
-2.621,-3.121
-2.782,-2.68
-2.815,-3.147
-2.832,-2.984
-2.878,-1.81
-2.771,-3.251
-2.834,-3.486
-3.055,-0.777
-3.003,-2.299
-3.025,-1.886
-3.088,-3.176
-3.086,-4.168
3.065,-2.418
-3.118,-1.592
-3.13,-2.501
3.124,-1.718
2.968,-3.347
2.891,-4.213
3.052,-0.982
2.935,-1.349
2.798,-4.286
2.794,-0.464
2.778,-0.885
2.651,-1.874
2.513,-3.744
2.502,-1.464
2.414,-1.003
2.422,-3.624
2.407,-3.338
2.268,-1.868
2.081,-1.514
2.179,-0.458
2.003,-2.822
1.934,-3.216
1.934,-0.702
1.949,-3.37
1.708,-2.01
1.804,-3.001
1.698,-1.145
1.581,-3.69
1.534,-0.965
1.392,-3.914
1.3,-0.459
1.165,-1.813
1.285,-4.063
1.057,-2.042
1.123,-3.069
1.142,-2.926
0.975,-4.058
0.914,-0.69
0.944,-0.367
0.771,-0.703
0.854,-2.18
0.709,-2.858
0.779,-1.723
0.636,-3.569
0.327,-4.191
0.094,-3.36
0.197,-1.59
0.211,-3.494
0.044,-1.829
0.016,-1.729
0.152,-3.375
-0.022,-1.149
-0.415,-4.619
-0.321,-4.782
-0.377,-4.691
-2.301,-4.542
-2.366,-4.717
-2.321,-4.396
-2.636,-4.609
-2.781,-4.744
-2.959,-4.601
2.97,-4.695
2.745,-4.866
2.125,-4.588
1.991,-4.506
1.844,-4.894
1.655,-4.829
1.335,-4.601
0.54,-4.639
-1.01,-0.106
-1.496,-0.24
-1.561,-0.293
-1.749,-0.377
-2.663,-0.426
2.773,-0.245
2.079,-0.272
0.795,-0.124
0.473,-0.435
0.087,-0.216
-2.772,-2.248
-1.256,-3.967
-1.619,-3.055
-2.957,-3.044
2.167,-1.447
1.707,-3.679
1.443,-1.504
1.387,-1.667
1.365,-3.365
1.359,-3.672
0.502,-3.058
0.594,-1.796
0.48,-2.903
0.408,-1.393
-0.144,-2.174
-0.866,-3.366
-2.889,-1.098
-3.045,-2.393
2.124,-1.238
1.414,-3.253
-1.404,-4.538
-1.237,-0.333
-0.831,-0.131
-2.783,-0.25
-0.618,-3.122
-1.071,-3.757
-3.058,-0.26
-3.124,-1.258
1.084,-1.637
0.335,-0.316
0.433,-0.029
-0.235,-3.148
-0.296,-1.877
-0.24,-1.229
-0.337,-0.426
-0.47,-2.952
-0.561,-1.7
-0.538,-1.626
-0.575,-2.556
-0.567,-2.975
-0.579,-2.411
-0.736,-2.996
-0.791,-2.907
-0.947,-0.575
-1.034,-2.498
-1.226,-1.963
-1.145,-2.248
-1.227,-2.851
-1.355,-4.094
-1.342,-0.372
-1.219,-0.737
-1.253,-1.8
-1.265,-1.164
-1.303,-3.664
-1.479,-0.994
-1.538,-0.502
-1.431,-2.606
-1.77,-1.42
-1.95,-2.448
-2.167,-2.822
-2.411,-1.801
-2.573,-0.671
-2.468,-2.89
-2.629,-2.449
-2.662,-2.916
-2.679,-2.753
-2.725,-1.579
-2.618,-3.02
-2.681,-3.255
-2.902,-0.546
-2.85,-2.068
-2.872,-1.655
-2.935,-2.945
-2.933,-3.937
-3.065,-2.187
-2.965,-1.361
-2.977,-2.27
-3.006,-1.487
3.121,-3.116
3.044,-3.982
-3.078,-0.751
3.088,-1.118
2.951,-4.055
2.947,-0.233
2.931,-0.654
2.804,-1.643
2.666,-3.513
2.655,-1.233
2.567,-0.772
2.575,-3.393
2.56,-3.107
2.421,-1.637
2.234,-1.283
2.332,-0.227
2.156,-2.591
2.087,-2.985
2.087,-0.471
2.102,-3.139
1.861,-1.779
1.957,-2.77
1.851,-0.914
1.734,-3.459
1.687,-0.734
1.545,-3.683
1.453,-0.228
1.318,-1.582
1.438,-3.832
1.21,-1.811
1.276,-2.838
1.295,-2.695
1.128,-3.827
1.067,-0.459
1.097,-0.136
0.924,-0.472
1.007,-1.949
0.862,-2.627
0.932,-1.492
0.789,-3.338
0.48,-3.96
0.247,-3.129
0.35,-1.359
0.364,-3.263
0.197,-1.598
0.169,-1.498
0.305,-3.144
0.131,-0.918
-0.262,-4.388
-0.168,-4.551
-0.224,-4.46
-2.148,-4.311
-2.213,-4.486
-2.168,-4.165
-2.483,-4.378
-2.628,-4.513
-2.806,-4.37
3.123,-4.464
2.898,-4.635
2.278,-4.357
2.144,-4.275
1.997,-4.663
1.808,-4.598
1.488,-4.37
0.693,-4.408
-0.857,0.125
-1.343,-0.009
-1.408,-0.062
-1.596,-0.146
-2.51,-0.195
2.926,-0.014
2.232,-0.041
0.948,0.107
0.626,-0.204
0.24,0.015
-2.619,-2.017
-1.103,-3.736
-1.466,-2.824
-2.804,-2.813
2.32,-1.216
1.86,-3.448
1.596,-1.273
1.54,-1.436
1.518,-3.134
1.512,-3.441
0.655,-2.827
0.747,-1.565
0.633,-2.672
0.561,-1.162
0.009,-1.943
-0.713,-3.135
-2.736,-0.867
-2.892,-2.162
2.277,-1.007
1.567,-3.022
-1.251,-4.307
-1.084,-0.102
-0.678,0.1
-2.63,-0.019
-0.453,-0.635
-2.44,2.862
-2.506,1.864
1.702,1.485
0.953,2.806
1.051,3.093
0.383,-0.026
0.322,1.245
0.378,1.893
0.281,2.696
0.148,0.17
0.057,1.422
0.08,1.496
0.043,0.566
0.051,0.147
0.039,0.711
-0.118,0.126
-0.173,0.215
-0.329,2.547
-0.416,0.624
-0.608,1.159
-0.527,0.874
-0.609,0.271
-0.737,-0.972
-0.724,2.75
-0.601,2.385
-0.635,1.322
-0.647,1.958
-0.685,-0.542
-0.861,2.128
-0.92,2.62
-0.813,0.516
-1.152,1.702
-1.332,0.674
-1.549,0.3
-1.793,1.321
-1.955,2.451
-1.85,0.232
-2.011,0.673
-2.044,0.206
-2.061,0.369
-2.107,1.543
-2.0,0.102
-2.063,-0.133
-2.284,2.576
-2.232,1.054
-2.254,1.467
-2.317,0.177
-2.315,-0.815
-2.447,0.935
-2.347,1.761
-2.359,0.852
-2.388,1.635
-2.544,0.006
-2.621,-0.86
-2.46,2.371
-2.577,2.004
-2.714,-0.933
-2.718,2.889
-2.734,2.468
-2.861,1.479
-2.999,-0.391
-3.01,1.889
-3.098,2.35
-3.09,-0.271
-3.105,0.015
3.039,1.485
2.852,1.839
2.95,2.895
2.774,0.531
2.705,0.137
2.705,2.651
2.72,-0.017
2.479,1.343
2.575,0.352
2.469,2.208
2.352,-0.337
2.305,2.388
2.163,-0.561
2.071,2.894
1.936,1.54
2.056,-0.71
1.828,1.311
1.894,0.284
1.913,0.427
1.746,-0.705
1.685,2.663
1.715,2.986
1.542,2.65
1.625,1.173
1.48,0.495
1.55,1.63
1.407,-0.216
1.098,-0.838
0.865,-0.007
0.968,1.763
0.982,-0.141
0.815,1.524
0.787,1.624
0.923,-0.022
0.749,2.204
0.356,-1.266
0.45,-1.429
0.394,-1.338
-1.53,-1.189
-1.595,-1.364
-1.55,-1.043
-1.865,-1.256
-2.01,-1.391
-2.188,-1.248
-2.542,-1.342
-2.767,-1.513
2.896,-1.235
2.762,-1.153
2.615,-1.541
2.426,-1.476
2.106,-1.248
1.311,-1.286
-0.239,3.247
-0.725,3.113
-0.79,3.06
-0.978,2.976
-1.892,2.927
-2.739,3.108
2.85,3.081
1.566,3.229
1.244,2.918
0.858,3.137
-2.001,1.105
-0.485,-0.614
-0.848,0.298
-2.186,0.309
2.938,1.906
2.478,-0.326
2.214,1.849
2.158,1.686
2.136,-0.012
2.13,-0.319
1.273,0.295
1.365,1.557
1.251,0.45
1.179,1.96
0.627,1.179
-0.095,-0.013
-2.118,2.255
-2.274,0.96
2.895,2.115
2.185,0.1
-0.633,-1.185
-0.466,3.02
-0.06,3.222
-2.012,3.103
-1.987,3.497
-2.053,2.499
2.155,2.12
1.406,3.441
1.504,3.728
0.836,0.609
0.775,1.88
0.831,2.528
0.734,3.331
0.601,0.805
0.51,2.057
0.533,2.131
0.496,1.201
0.504,0.782
0.492,1.346
0.335,0.761
0.28,0.85
0.124,3.182
0.037,1.259
-0.155,1.794
-0.074,1.509
-0.156,0.906
-0.284,-0.337
-0.271,3.385
-0.148,3.02
-0.182,1.957
-0.194,2.593
-0.232,0.093
-0.408,2.763
-0.467,3.255
-0.36,1.151
-0.699,2.337
-0.879,1.309
-1.096,0.935
-1.34,1.956
-1.502,3.086
-1.397,0.867
-1.558,1.308
-1.591,0.841
-1.608,1.004
-1.654,2.178
-1.547,0.737
-1.61,0.502
-1.831,3.211
-1.779,1.689
-1.801,2.102
-1.864,0.812
-1.862,-0.18
-1.994,1.57
-1.894,2.396
-1.906,1.487
-1.935,2.27
-2.091,0.641
-2.168,-0.225
-2.007,3.006
-2.124,2.639
-2.261,-0.298
-2.265,3.524
-2.281,3.103
-2.408,2.114
-2.546,0.244
-2.557,2.524
-2.645,2.985
-2.637,0.364
-2.652,0.65
-2.791,2.12
-2.978,2.474
-2.88,3.53
-3.056,1.166
-3.125,0.772
-3.125,3.286
-3.11,0.618
2.932,1.978
3.028,0.987
2.922,2.843
2.805,0.298
2.758,3.023
2.616,0.074
2.524,3.529
2.389,2.175
2.509,-0.075
2.281,1.946
2.347,0.919
2.366,1.062
2.199,-0.07
2.138,3.298
2.168,3.621
1.995,3.285
2.078,1.808
1.933,1.13
2.003,2.265
1.86,0.419
1.551,-0.203
1.318,0.628
1.421,2.398
1.435,0.494
1.268,2.159
1.24,2.259
1.376,0.613
1.202,2.839
0.809,-0.631
0.903,-0.794
0.847,-0.703
-1.077,-0.554
-1.142,-0.729
-1.097,-0.408
-1.412,-0.621
-1.557,-0.756
-1.735,-0.613
-2.089,-0.707
-2.314,-0.878
-2.934,-0.6
-3.068,-0.518
3.068,-0.906
2.879,-0.841
2.559,-0.613
1.764,-0.651
0.214,3.882
-0.272,3.748
-0.337,3.695
-0.525,3.611
-1.439,3.562
-2.286,3.743
-2.98,3.716
2.019,3.864
1.697,3.553
1.311,3.772
-1.548,1.74
-0.032,0.021
-0.395,0.933
-1.733,0.944
-2.892,2.541
2.931,0.309
2.667,2.484
2.611,2.321
2.589,0.623
2.583,0.316
1.726,0.93
1.818,2.192
1.704,1.085
1.632,2.595
1.08,1.814
0.358,0.622
-1.665,2.89
-1.821,1.595
-2.935,2.75
2.638,0.735
-0.18,-0.55
-0.013,3.655
0.393,3.857
-1.559,3.738
-0.066,-0.998
-2.141,-1.377
-2.89,-0.056
-2.792,0.231
2.823,-2.888
2.762,-1.617
2.818,-0.969
2.721,-0.166
2.588,-2.692
2.497,-1.44
2.52,-1.366
2.483,-2.296
2.491,-2.715
2.479,-2.151
2.322,-2.736
2.267,-2.647
2.111,-0.315
2.024,-2.238
1.832,-1.703
1.913,-1.988
1.831,-2.591
1.703,-3.834
1.716,-0.112
1.839,-0.477
1.805,-1.54
1.793,-0.904
1.755,-3.404
1.579,-0.734
1.52,-0.242
1.627,-2.346
1.288,-1.16
1.108,-2.188
0.891,-2.562
0.647,-1.541
0.485,-0.411
0.59,-2.63
0.429,-2.189
0.396,-2.656
0.379,-2.493
0.333,-1.319
0.44,-2.76
0.377,-2.995
0.156,-0.286
0.208,-1.808
0.186,-1.395
0.123,-2.685
0.125,-3.677
-0.007,-1.927
0.093,-1.101
0.081,-2.01
0.052,-1.227
-0.104,-2.856
-0.181,-3.722
-0.02,-0.491
-0.137,-0.858
-0.274,-3.795
-0.278,0.027
-0.294,-0.394
-0.421,-1.383
-0.559,-3.253
-0.57,-0.973
-0.658,-0.512
-0.65,-3.133
-0.665,-2.847
-0.804,-1.377
-0.991,-1.023
-0.893,0.033
-1.069,-2.331
-1.138,-2.725
-1.138,-0.211
-1.123,-2.879
-1.364,-1.519
-1.268,-2.51
-1.374,-0.654
-1.491,-3.199
-1.538,-0.474
-1.68,-3.423
-1.772,0.032
-1.907,-1.322
-1.787,-3.572
-2.015,-1.551
-1.949,-2.578
-1.93,-2.435
-2.097,-3.567
-2.158,-0.199
-2.128,0.124
-2.301,-0.212
-2.218,-1.689
-2.363,-2.367
-2.293,-1.232
-2.436,-3.078
-2.745,-3.7
-2.978,-2.869
-2.875,-1.099
-2.861,-3.003
-3.028,-1.338
-3.056,-1.238
-2.92,-2.884
-3.094,-0.658
2.796,-4.128
2.89,-4.291
2.834,-4.2
0.91,-4.051
0.845,-4.226
0.89,-3.905
0.575,-4.118
0.43,-4.253
0.252,-4.11
-0.102,-4.204
-0.327,-4.375
-0.947,-4.097
-1.081,-4.015
-1.228,-4.403
-1.417,-4.338
-1.737,-4.11
-2.532,-4.148
2.201,0.385
1.715,0.251
1.65,0.198
1.462,0.114
0.548,0.065
-0.299,0.246
-0.993,0.219
-2.277,0.367
-2.599,0.056
-2.985,0.275
0.439,-1.757
1.955,-3.476
1.592,-2.564
0.254,-2.553
-0.905,-0.956
-1.365,-3.188
-1.629,-1.013
-1.685,-1.176
-1.707,-2.874
-1.713,-3.181
-2.57,-2.567
-2.478,-1.305
-2.592,-2.412
-2.664,-0.902
3.067,-1.683
2.345,-2.875
0.322,-0.607
0.166,-1.902
-0.948,-0.747
-1.658,-2.762
1.807,-4.047
1.974,0.158
2.38,0.36
0.428,0.241
-2.075,-0.379
-2.824,0.942
-2.726,1.229
2.889,-1.89
2.828,-0.619
2.884,0.029
2.787,0.832
2.654,-1.694
2.563,-0.442
2.586,-0.368
2.549,-1.298
2.557,-1.717
2.545,-1.153
2.388,-1.738
2.333,-1.649
2.177,0.683
2.09,-1.24
1.898,-0.705
1.979,-0.99
1.897,-1.593
1.769,-2.836
1.782,0.886
1.905,0.521
1.871,-0.542
1.859,0.094
1.821,-2.406
1.645,0.264
1.586,0.756
1.693,-1.348
1.354,-0.162
1.174,-1.19
0.957,-1.564
0.713,-0.543
0.551,0.587
0.656,-1.632
0.495,-1.191
0.462,-1.658
0.445,-1.495
0.399,-0.321
0.506,-1.762
0.443,-1.997
0.222,0.712
0.274,-0.81
0.252,-0.397
0.189,-1.687
0.191,-2.679
0.059,-0.929
0.159,-0.103
0.147,-1.012
0.118,-0.229
-0.038,-1.858
-0.115,-2.724
0.046,0.507
-0.071,0.14
-0.208,-2.797
-0.212,1.025
-0.228,0.604
-0.355,-0.385
-0.493,-2.255
-0.504,0.025
-0.592,0.486
-0.584,-2.135
-0.599,-1.849
-0.738,-0.379
-0.925,-0.025
-0.827,1.031
-1.003,-1.333
-1.072,-1.727
-1.072,0.787
-1.057,-1.881
-1.298,-0.521
-1.202,-1.512
-1.308,0.344
-1.425,-2.201
-1.472,0.524
-1.614,-2.425
-1.706,1.03
-1.841,-0.324
-1.721,-2.574
-1.949,-0.553
-1.883,-1.58
-1.864,-1.437
-2.031,-2.569
-2.092,0.799
-2.062,1.122
-2.235,0.786
-2.152,-0.691
-2.297,-1.369
-2.227,-0.234
-2.37,-2.08
-2.679,-2.702
-2.912,-1.871
-2.809,-0.101
-2.795,-2.005
-2.962,-0.34
-2.99,-0.24
-2.854,-1.886
-3.028,0.34
2.862,-3.13
2.956,-3.293
2.9,-3.202
0.976,-3.053
0.911,-3.228
0.956,-2.907
0.641,-3.12
0.496,-3.255
0.318,-3.112
-0.036,-3.206
-0.261,-3.377
-0.881,-3.099
-1.015,-3.017
-1.162,-3.405
-1.351,-3.34
-1.671,-3.112
-2.466,-3.15
2.267,1.383
1.781,1.249
1.716,1.196
1.528,1.112
0.614,1.063
-0.233,1.244
-0.927,1.217
-2.211,1.365
-2.533,1.054
-2.919,1.273
0.505,-0.759
2.021,-2.478
1.658,-1.566
0.32,-1.555
-0.839,0.042
-1.299,-2.19
-1.563,-0.015
-1.619,-0.178
-1.641,-1.876
-1.647,-2.183
-2.504,-1.569
-2.412,-0.307
-2.526,-1.414
-2.598,0.096
3.133,-0.685
2.411,-1.877
0.388,0.391
0.232,-0.904
-0.882,0.251
-1.592,-1.764
1.873,-3.049
2.04,1.156
2.446,1.358
0.494,1.239
-0.749,1.321
-0.651,1.608
-1.319,-1.511
-1.38,-0.24
-1.324,0.408
-1.421,1.211
-1.554,-1.315
-1.645,-0.063
-1.622,0.011
-1.659,-0.919
-1.651,-1.338
-1.663,-0.774
-1.82,-1.359
-1.875,-1.27
-2.031,1.062
-2.118,-0.861
-2.31,-0.326
-2.229,-0.611
-2.311,-1.214
-2.439,-2.457
-2.426,1.265
-2.303,0.9
-2.337,-0.163
-2.349,0.473
-2.387,-2.027
-2.563,0.643
-2.622,1.135
-2.515,-0.969
-2.854,0.217
-3.034,-0.811
3.032,-1.185
2.788,-0.164
2.626,0.966
2.731,-1.253
2.57,-0.812
2.537,-1.279
2.52,-1.116
2.474,0.058
2.581,-1.383
2.518,-1.618
2.297,1.091
2.349,-0.431
2.327,-0.018
2.264,-1.308
2.266,-2.3
2.134,-0.55
2.234,0.276
2.222,-0.633
2.193,0.15
2.037,-1.479
1.96,-2.345
2.121,0.886
2.004,0.519
1.867,-2.418
1.863,1.404
1.847,0.983
1.72,-0.006
1.582,-1.876
1.571,0.404
1.483,0.865
1.491,-1.756
1.476,-1.47
1.337,0.0
1.15,0.354
1.248,1.41
1.072,-0.954
1.003,-1.348
1.003,1.166
1.018,-1.502
0.777,-0.142
0.873,-1.133
0.767,0.723
0.65,-1.822
0.603,0.903
0.461,-2.046
0.369,1.409
0.234,0.055
0.354,-2.195
0.126,-0.174
0.192,-1.201
0.211,-1.058
0.044,-2.19
-0.017,1.178
0.013,1.501
-0.16,1.165
-0.077,-0.312
-0.222,-0.99
-0.152,0.145
-0.295,-1.701
-0.604,-2.323
-0.837,-1.492
-0.734,0.278
-0.72,-1.626
-0.887,0.039
-0.915,0.139
-0.779,-1.507
-0.953,0.719
-1.346,-2.751
-1.252,-2.914
-1.308,-2.823
3.051,-2.674
2.986,-2.849
3.031,-2.528
2.716,-2.741
2.571,-2.876
2.393,-2.733
2.039,-2.827
1.814,-2.998
1.194,-2.72
1.06,-2.638
0.913,-3.026
0.724,-2.961
0.404,-2.733
-0.391,-2.771
-1.941,1.762
-2.427,1.628
-2.492,1.575
-2.68,1.491
2.689,1.442
1.842,1.623
1.148,1.596
-0.136,1.744
-0.458,1.433
-0.844,1.652
2.58,-0.38
-2.187,-2.099
-2.55,-1.187
2.395,-1.176
1.236,0.421
0.776,-1.811
0.512,0.364
0.456,0.201
0.434,-1.497
0.428,-1.804
-0.429,-1.19
-0.337,0.072
-0.451,-1.035
-0.523,0.475
-1.075,-0.306
-1.797,-1.498
2.463,0.77
2.307,-0.525
1.193,0.63
0.483,-1.385
-2.335,-2.67
-2.168,1.535
-1.762,1.737
2.569,1.618
0.098,0.287
-0.57,-2.832
-0.631,-1.561
-0.575,-0.913
-0.672,-0.11
-0.805,-2.636
-0.896,-1.384
-0.873,-1.31
-0.91,-2.24
-0.902,-2.659
-0.914,-2.095
-1.071,-2.68
-1.126,-2.591
-1.282,-0.259
-1.369,-2.182
-1.561,-1.647
-1.48,-1.932
-1.562,-2.535
-1.69,-3.778
-1.677,-0.056
-1.554,-0.421
-1.588,-1.484
-1.6,-0.848
-1.638,-3.348
-1.814,-0.678
-1.873,-0.186
-1.766,-2.29
-2.105,-1.104
-2.285,-2.132
-2.502,-2.506
-2.746,-1.485
-2.908,-0.355
-2.803,-2.574
-2.964,-2.133
-2.997,-2.6
-3.014,-2.437
-3.06,-1.263
-2.953,-2.704
-3.016,-2.939
3.046,-0.23
3.098,-1.752
3.076,-1.339
3.013,-2.629
3.015,-3.621
2.883,-1.871
2.983,-1.045
2.971,-1.954
2.942,-1.171
2.786,-2.8
2.709,-3.666
2.87,-0.435
2.753,-0.802
2.616,-3.739
2.612,0.083
2.596,-0.338
2.469,-1.327
2.331,-3.197
2.32,-0.917
2.232,-0.456
2.24,-3.077
2.225,-2.791
2.086,-1.321
1.899,-0.967
1.997,0.089
1.821,-2.275
1.752,-2.669
1.752,-0.155
1.767,-2.823
1.526,-1.463
1.622,-2.454
1.516,-0.598
1.399,-3.143
1.352,-0.418
1.21,-3.367
1.118,0.088
0.983,-1.266
1.103,-3.516
0.875,-1.495
0.941,-2.522
0.96,-2.379
0.793,-3.511
0.732,-0.143
0.762,0.18
0.589,-0.156
0.672,-1.633
0.527,-2.311
0.597,-1.176
0.454,-3.022
0.145,-3.644
-0.088,-2.813
0.015,-1.043
0.029,-2.947
-0.138,-1.282
-0.166,-1.182
-0.03,-2.828
-0.204,-0.602
-0.597,-4.072
-0.503,-4.235
-0.559,-4.144
-2.483,-3.995
-2.548,-4.17
-2.503,-3.849
-2.818,-4.062
-2.963,-4.197
-3.141,-4.054
2.788,-4.148
2.563,-4.319
1.943,-4.041
1.809,-3.959
1.662,-4.347
1.473,-4.282
1.153,-4.054
0.358,-4.092
-1.192,0.441
-1.678,0.307
-1.743,0.254
-1.931,0.17
-2.845,0.121
2.591,0.302
1.897,0.275
0.613,0.423
0.291,0.112
-0.095,0.331
-2.954,-1.701
-1.438,-3.42
-1.801,-2.508
-3.139,-2.497
1.985,-0.9
1.525,-3.132
1.261,-0.957
1.205,-1.12
1.183,-2.818
1.177,-3.125
0.32,-2.511
0.412,-1.249
0.298,-2.356
0.226,-0.846
-0.326,-1.627
-1.048,-2.819
-3.071,-0.551
3.056,-1.846
1.942,-0.691
1.232,-2.706
-1.586,-3.991
-1.419,0.214
-1.013,0.416
-2.965,0.297
-0.668,-3.119
-0.729,-1.848
-0.673,-1.2
-0.77,-0.397
-0.903,-2.923
-0.994,-1.671
-0.971,-1.597
-1.008,-2.527
-1.0,-2.946
-1.012,-2.382
-1.169,-2.967
-1.224,-2.878
-1.38,-0.546
-1.467,-2.469
-1.659,-1.934
-1.578,-2.219
-1.66,-2.822
-1.788,-4.065
-1.775,-0.343
-1.652,-0.708
-1.686,-1.771
-1.698,-1.135
-1.736,-3.635
-1.912,-0.965
-1.971,-0.473
-1.864,-2.577
-2.203,-1.391
-2.383,-2.419
-2.6,-2.793
-2.844,-1.772
-3.006,-0.642
-2.901,-2.861
-3.062,-2.42
-3.095,-2.887
-3.112,-2.724
3.125,-1.55
-3.051,-2.991
-3.114,-3.226
2.948,-0.517
3.0,-2.039
2.978,-1.626
2.915,-2.916
2.917,-3.908
2.785,-2.158
2.885,-1.332
2.873,-2.241
2.844,-1.458
2.688,-3.087
2.611,-3.953
2.772,-0.722
2.655,-1.089
2.518,-4.026
2.514,-0.204
2.498,-0.625
2.371,-1.614
2.233,-3.484
2.222,-1.204
2.134,-0.743
2.142,-3.364
2.127,-3.078
1.988,-1.608
1.801,-1.254
1.899,-0.198
1.723,-2.562
1.654,-2.956
1.654,-0.442
1.669,-3.11
1.428,-1.75
1.524,-2.741
1.418,-0.885
1.301,-3.43
1.254,-0.705
1.112,-3.654
1.02,-0.199
0.885,-1.553
1.005,-3.803
0.777,-1.782
0.843,-2.809
0.862,-2.666
0.695,-3.798
0.634,-0.43
0.664,-0.107
0.491,-0.443
0.574,-1.92
0.429,-2.598
0.499,-1.463
0.356,-3.309
0.047,-3.931
-0.186,-3.1
-0.083,-1.33
-0.069,-3.234
-0.236,-1.569
-0.264,-1.469
-0.128,-3.115
-0.302,-0.889
-0.695,-4.359
-0.601,-4.522
-0.657,-4.431
-2.581,-4.282
-2.646,-4.457
-2.601,-4.136
-2.916,-4.349
-3.061,-4.484
3.044,-4.341
2.69,-4.435
2.465,-4.606
1.845,-4.328
1.711,-4.246
1.564,-4.634
1.375,-4.569
1.055,-4.341
0.26,-4.379
-1.29,0.154
-1.776,0.02
-1.841,-0.033
-2.029,-0.117
-2.943,-0.166
2.493,0.015
1.799,-0.012
0.515,0.136
0.193,-0.175
-0.193,0.044
-3.052,-1.988
-1.536,-3.707
-1.899,-2.795
3.046,-2.784
1.887,-1.187
1.427,-3.419
1.163,-1.244
1.107,-1.407
1.085,-3.105
1.079,-3.412
0.222,-2.798
0.314,-1.536
0.2,-2.643
0.128,-1.133
-0.424,-1.914
-1.146,-3.106
3.114,-0.838
2.958,-2.133
1.844,-0.978
1.134,-2.993
-1.684,-4.278
-1.517,-0.073
-1.111,0.129
-3.063,0.01
-0.061,1.271
-0.005,1.919
-0.102,2.722
-0.235,0.196
-0.326,1.448
-0.303,1.522
-0.34,0.592
-0.332,0.173
-0.344,0.737
-0.501,0.152
-0.556,0.241
-0.712,2.573
-0.799,0.65
-0.991,1.185
-0.91,0.9
-0.992,0.297
-1.12,-0.946
-1.107,2.776
-0.984,2.411
-1.018,1.348
-1.03,1.984
-1.068,-0.516
-1.244,2.154
-1.303,2.646
-1.196,0.542
-1.535,1.728
-1.715,0.7
-1.932,0.326
-2.176,1.347
-2.338,2.477
-2.233,0.258
-2.394,0.699
-2.427,0.232
-2.444,0.395
-2.49,1.569
-2.383,0.128
-2.446,-0.107
-2.667,2.602
-2.615,1.08
-2.637,1.493
-2.7,0.203
-2.698,-0.789
-2.83,0.961
-2.73,1.787
-2.742,0.878
-2.771,1.661
-2.927,0.032
-3.004,-0.834
-2.843,2.397
-2.96,2.03
-3.097,-0.907
-3.101,2.915
-3.117,2.494
3.039,1.505
2.901,-0.365
2.89,1.915
2.802,2.376
2.81,-0.245
2.795,0.041
2.656,1.511
2.469,1.865
2.567,2.921
2.391,0.557
2.322,0.163
2.322,2.677
2.337,0.009
2.096,1.369
2.192,0.378
2.086,2.234
1.969,-0.311
1.922,2.414
1.78,-0.535
1.688,2.92
1.553,1.566
1.673,-0.684
1.445,1.337
1.511,0.31
1.53,0.453
1.363,-0.679
1.302,2.689
1.332,3.012
1.159,2.676
1.242,1.199
1.097,0.521
1.167,1.656
1.024,-0.19
0.715,-0.812
0.482,0.019
0.585,1.789
0.599,-0.115
0.432,1.55
0.404,1.65
0.54,0.004
0.366,2.23
-0.027,-1.24
0.067,-1.403
0.011,-1.312
-1.913,-1.163
-1.978,-1.338
-1.933,-1.017
-2.248,-1.23
-2.393,-1.365
-2.571,-1.222
-2.925,-1.316
3.133,-1.487
2.513,-1.209
2.379,-1.127
2.232,-1.515
2.043,-1.45
1.723,-1.222
0.928,-1.26
-0.622,3.273
-1.108,3.139
-1.173,3.086
-1.361,3.002
-2.275,2.953
-3.122,3.134
2.467,3.107
1.183,3.255
0.861,2.944
0.475,3.163
-2.384,1.131
-0.868,-0.588
-1.231,0.324
-2.569,0.335
2.555,1.932
2.095,-0.3
1.831,1.875
1.775,1.712
1.753,0.014
1.747,-0.293
0.89,0.321
0.982,1.583
0.868,0.476
0.796,1.986
0.244,1.205
-0.478,0.013
-2.501,2.281
-2.657,0.986
2.512,2.141
1.802,0.126
-1.016,-1.159
-0.849,3.046
-0.443,3.248
-2.395,3.129
0.056,0.648
-0.041,1.451
-0.174,-1.075
-0.265,0.177
-0.242,0.251
-0.279,-0.679
-0.271,-1.098
-0.283,-0.534
-0.44,-1.119
-0.495,-1.03
-0.651,1.302
-0.738,-0.621
-0.93,-0.086
-0.849,-0.371
-0.931,-0.974
-1.059,-2.217
-1.046,1.505
-0.923,1.14
-0.957,0.077
-0.969,0.713
-1.007,-1.787
-1.183,0.883
-1.242,1.375
-1.135,-0.729
-1.474,0.457
-1.654,-0.571
-1.871,-0.945
-2.115,0.076
-2.277,1.206
-2.172,-1.013
-2.333,-0.572
-2.366,-1.039
-2.383,-0.876
-2.429,0.298
-2.322,-1.143
-2.385,-1.378
-2.606,1.331
-2.554,-0.191
-2.576,0.222
-2.639,-1.068
-2.637,-2.06
-2.769,-0.31
-2.669,0.516
-2.681,-0.393
-2.71,0.39
-2.866,-1.239
-2.943,-2.105
-2.782,1.126
-2.899,0.759
-3.036,-2.178
-3.04,1.644
-3.056,1.223
3.1,0.234
2.962,-1.636
2.951,0.644
2.863,1.105
2.871,-1.516
2.856,-1.23
2.717,0.24
2.53,0.594
2.628,1.65
2.452,-0.714
2.383,-1.108
2.383,1.406
2.398,-1.262
2.157,0.098
2.253,-0.893
2.147,0.963
2.03,-1.582
1.983,1.143
1.841,-1.806
1.749,1.649
1.614,0.295
1.734,-1.955
1.506,0.066
1.572,-0.961
1.591,-0.818
1.424,-1.95
1.363,1.418
1.393,1.741
1.22,1.405
1.303,-0.072
1.158,-0.75
1.228,0.385
1.085,-1.461
0.776,-2.083
0.543,-1.252
0.646,0.518
0.66,-1.386
0.493,0.279
0.465,0.379
0.601,-1.267
0.427,0.959
0.034,-2.511
0.128,-2.674
0.072,-2.583
-1.852,-2.434
-1.917,-2.609
-1.872,-2.288
-2.187,-2.501
-2.332,-2.636
-2.51,-2.493
-2.864,-2.587
-3.089,-2.758
2.574,-2.48
2.44,-2.398
2.293,-2.786
2.104,-2.721
1.784,-2.493
0.989,-2.531
-0.561,2.002
-1.047,1.868
-1.112,1.815
-1.3,1.731
-2.214,1.682
-3.061,1.863
2.528,1.836
1.244,1.984
0.922,1.673
0.536,1.892
-2.323,-0.14
-0.807,-1.859
-1.17,-0.947
-2.508,-0.936
2.616,0.661
2.156,-1.571
1.892,0.604
1.836,0.441
1.814,-1.257
1.808,-1.564
0.951,-0.95
1.043,0.312
0.929,-0.795
0.857,0.715
0.305,-0.066
-0.417,-1.258
-2.44,1.01
-2.596,-0.285
2.573,0.87
1.863,-1.145
-0.955,-2.43
-0.788,1.775
-0.382,1.977
-2.334,1.858
-0.097,0.803
-0.23,-1.723
-0.321,-0.471
-0.298,-0.397
-0.335,-1.327
-0.327,-1.746
-0.339,-1.182
-0.496,-1.767
-0.551,-1.678
-0.707,0.654
-0.794,-1.269
-0.986,-0.734
-0.905,-1.019
-0.987,-1.622
-1.115,-2.865
-1.102,0.857
-0.979,0.492
-1.013,-0.571
-1.025,0.065
-1.063,-2.435
-1.239,0.235
-1.298,0.727
-1.191,-1.377
-1.53,-0.191
-1.71,-1.219
-1.927,-1.593
-2.171,-0.572
-2.333,0.558
-2.228,-1.661
-2.389,-1.22
-2.422,-1.687
-2.439,-1.524
-2.485,-0.35
-2.378,-1.791
-2.441,-2.026
-2.662,0.683
-2.61,-0.839
-2.632,-0.426
-2.695,-1.716
-2.693,-2.708
-2.825,-0.958
-2.725,-0.132
-2.737,-1.041
-2.766,-0.258
-2.922,-1.887
-2.999,-2.753
-2.838,0.478
-2.955,0.111
-3.092,-2.826
-3.096,0.996
-3.112,0.575
3.044,-0.414
2.906,-2.284
2.895,-0.004
2.807,0.457
2.815,-2.164
2.8,-1.878
2.661,-0.408
2.474,-0.054
2.572,1.002
2.396,-1.362
2.327,-1.756
2.327,0.758
2.342,-1.91
2.101,-0.55
2.197,-1.541
2.091,0.315
1.974,-2.23
1.927,0.495
1.785,-2.454
1.693,1.001
1.558,-0.353
1.678,-2.603
1.45,-0.582
1.516,-1.609
1.535,-1.466
1.368,-2.598
1.307,0.77
1.337,1.093
1.164,0.757
1.247,-0.72
1.102,-1.398
1.172,-0.263
1.029,-2.109
0.72,-2.731
0.487,-1.9
0.59,-0.13
0.604,-2.034
0.437,-0.369
0.409,-0.269
0.545,-1.915
0.371,0.311
-0.022,-3.159
0.072,-3.322
0.016,-3.231
-1.908,-3.082
-1.973,-3.257
-1.928,-2.936
-2.243,-3.149
-2.388,-3.284
-2.566,-3.141
-2.92,-3.235
3.138,-3.406
2.518,-3.128
2.384,-3.046
2.237,-3.434
2.048,-3.369
1.728,-3.141
0.933,-3.179
-0.617,1.354
-1.103,1.22
-1.168,1.167
-1.356,1.083
-2.27,1.034
-3.117,1.215
2.472,1.188
1.188,1.336
0.866,1.025
0.48,1.244
-2.379,-0.788
-0.863,-2.507
-1.226,-1.595
-2.564,-1.584
2.56,0.013
2.1,-2.219
1.836,-0.044
1.78,-0.207
1.758,-1.905
1.752,-2.212
0.895,-1.598
0.987,-0.336
0.873,-1.443
0.801,0.067
0.249,-0.714
-0.473,-1.906
-2.496,0.362
-2.652,-0.933
2.517,0.222
1.807,-1.793
-1.011,-3.078
-0.844,1.127
-0.438,1.329
-2.39,1.21
-0.133,-2.526
-0.224,-1.274
-0.201,-1.2
-0.238,-2.13
-0.23,-2.549
-0.242,-1.985
-0.399,-2.57
-0.454,-2.481
-0.61,-0.149
-0.697,-2.072
-0.889,-1.537
-0.808,-1.822
-0.89,-2.425
-1.018,-3.668
-1.005,0.054
-0.882,-0.311
-0.916,-1.374
-0.928,-0.738
-0.966,-3.238
-1.142,-0.568
-1.201,-0.076
-1.094,-2.18
-1.433,-0.994
-1.613,-2.022
-1.83,-2.396
-2.074,-1.375
-2.236,-0.245
-2.131,-2.464
-2.292,-2.023
-2.325,-2.49
-2.342,-2.327
-2.388,-1.153
-2.281,-2.594
-2.344,-2.829
-2.565,-0.12
-2.513,-1.642
-2.535,-1.229
-2.598,-2.519
-2.596,-3.511
-2.728,-1.761
-2.628,-0.935
-2.64,-1.844
-2.669,-1.061
-2.825,-2.69
-2.902,-3.556
-2.741,-0.325
-2.858,-0.692
-2.995,-3.629
-2.999,0.193
-3.015,-0.228
3.141,-1.217
3.003,-3.087
2.992,-0.807
2.904,-0.346
2.912,-2.967
2.897,-2.681
2.758,-1.211
2.571,-0.857
2.669,0.199
2.493,-2.165
2.424,-2.559
2.424,-0.045
2.439,-2.713
2.198,-1.353
2.294,-2.344
2.188,-0.488
2.071,-3.033
2.024,-0.308
1.882,-3.257
1.79,0.198
1.655,-1.156
1.775,-3.406
1.547,-1.385
1.613,-2.412
1.632,-2.269
1.465,-3.401
1.404,-0.033
1.434,0.29
1.261,-0.046
1.344,-1.523
1.199,-2.201
1.269,-1.066
1.126,-2.912
0.817,-3.534
0.584,-2.703
0.687,-0.933
0.701,-2.837
0.534,-1.172
0.506,-1.072
0.642,-2.718
0.468,-0.492
0.075,-3.962
0.169,-4.125
0.113,-4.034
-1.811,-3.885
-1.876,-4.06
-1.831,-3.739
-2.146,-3.952
-2.291,-4.087
-2.469,-3.944
-2.823,-4.038
-3.048,-4.209
2.615,-3.931
2.481,-3.849
2.334,-4.237
2.145,-4.172
1.825,-3.944
1.03,-3.982
-0.52,0.551
-1.006,0.417
-1.071,0.364
-1.259,0.28
-2.173,0.231
-3.02,0.412
2.569,0.385
1.285,0.533
0.963,0.222
0.577,0.441
-2.282,-1.591
-0.766,-3.31
-1.129,-2.398
-2.467,-2.387
2.657,-0.79
2.197,-3.022
1.933,-0.847
1.877,-1.01
1.855,-2.708
1.849,-3.015
0.992,-2.401
1.084,-1.139
0.97,-2.246
0.898,-0.736
0.346,-1.517
-0.376,-2.709
-2.399,-0.441
-2.555,-1.736
2.614,-0.581
1.904,-2.596
-0.914,-3.881
-0.747,0.324
-0.341,0.526
-2.293,0.407
-0.091,1.252
-0.068,1.326
-0.105,0.396
-0.097,-0.023
-0.109,0.541
-0.266,-0.044
-0.321,0.045
-0.477,2.377
-0.564,0.454
-0.756,0.989
-0.675,0.704
-0.757,0.101
-0.885,-1.142
-0.872,2.58
-0.749,2.215
-0.783,1.152
-0.795,1.788
-0.833,-0.712
-1.009,1.958
-1.068,2.45
-0.961,0.346
-1.3,1.532
-1.48,0.504
-1.697,0.13
-1.941,1.151
-2.103,2.281
-1.998,0.062
-2.159,0.503
-2.192,0.036
-2.209,0.199
-2.255,1.373
-2.148,-0.068
-2.211,-0.303
-2.432,2.406
-2.38,0.884
-2.402,1.297
-2.465,0.007
-2.463,-0.985
-2.595,0.765
-2.495,1.591
-2.507,0.682
-2.536,1.465
-2.692,-0.164
-2.769,-1.03
-2.608,2.201
-2.725,1.834
-2.862,-1.103
-2.866,2.719
-2.882,2.298
-3.009,1.309
3.136,-0.561
3.125,1.719
3.037,2.18
3.045,-0.441
3.03,-0.155
2.891,1.315
2.704,1.669
2.802,2.725
2.626,0.361
2.557,-0.033
2.557,2.481
2.572,-0.187
2.331,1.173
2.427,0.182
2.321,2.038
2.204,-0.507
2.157,2.218
2.015,-0.731
1.923,2.724
1.788,1.37
1.908,-0.88
1.68,1.141
1.746,0.114
1.765,0.257
1.598,-0.875
1.537,2.493
1.567,2.816
1.394,2.48
1.477,1.003
1.332,0.325
1.402,1.46
1.259,-0.386
0.95,-1.008
0.717,-0.177
0.82,1.593
0.834,-0.311
0.667,1.354
0.639,1.454
0.775,-0.192
0.601,2.034
0.208,-1.436
0.302,-1.599
0.246,-1.508
-1.678,-1.359
-1.743,-1.534
-1.698,-1.213
-2.013,-1.426
-2.158,-1.561
-2.336,-1.418
-2.69,-1.512
-2.915,-1.683
2.748,-1.405
2.614,-1.323
2.467,-1.711
2.278,-1.646
1.958,-1.418
1.163,-1.456
-0.387,3.077
-0.873,2.943
-0.938,2.89
-1.126,2.806
-2.04,2.757
-2.887,2.938
2.702,2.911
1.418,3.059
1.096,2.748
0.71,2.967
-2.149,0.935
-0.633,-0.784
-0.996,0.128
-2.334,0.139
2.79,1.736
2.33,-0.496
2.066,1.679
2.01,1.516
1.988,-0.182
1.982,-0.489
1.125,0.125
1.217,1.387
1.103,0.28
1.031,1.79
0.479,1.009
-0.243,-0.183
-2.266,2.085
-2.422,0.79
2.747,1.945
2.037,-0.07
-0.781,-1.355
-0.614,2.85
-0.208,3.052
-2.16,2.933
0.023,0.074
-0.014,-0.856
-0.006,-1.275
-0.018,-0.711
-0.175,-1.296
-0.23,-1.207
-0.386,1.125
-0.473,-0.798
-0.665,-0.263
-0.584,-0.548
-0.666,-1.151
-0.794,-2.394
-0.781,1.328
-0.658,0.963
-0.692,-0.1
-0.704,0.536
-0.742,-1.964
-0.918,0.706
-0.977,1.198
-0.87,-0.906
-1.209,0.28
-1.389,-0.748
-1.606,-1.122
-1.85,-0.101
-2.012,1.029
-1.907,-1.19
-2.068,-0.749
-2.101,-1.216
-2.118,-1.053
-2.164,0.121
-2.057,-1.32
-2.12,-1.555
-2.341,1.154
-2.289,-0.368
-2.311,0.045
-2.374,-1.245
-2.372,-2.237
-2.504,-0.487
-2.404,0.339
-2.416,-0.57
-2.445,0.213
-2.601,-1.416
-2.678,-2.282
-2.517,0.949
-2.634,0.582
-2.771,-2.355
-2.775,1.467
-2.791,1.046
-2.918,0.057
-3.056,-1.813
-3.067,0.467
3.128,0.928
3.136,-1.693
3.121,-1.407
2.982,0.063
2.795,0.417
2.893,1.473
2.717,-0.891
2.648,-1.285
2.648,1.229
2.663,-1.439
2.422,-0.079
2.518,-1.07
2.412,0.786
2.295,-1.759
2.248,0.966
2.106,-1.983
2.014,1.472
1.879,0.118
1.999,-2.132
1.771,-0.111
1.837,-1.138
1.856,-0.995
1.689,-2.127
1.628,1.241
1.658,1.564
1.485,1.228
1.568,-0.249
1.423,-0.927
1.493,0.208
1.35,-1.638
1.041,-2.26
0.808,-1.429
0.911,0.341
0.925,-1.563
0.758,0.102
0.73,0.202
0.866,-1.444
0.692,0.782
0.299,-2.688
0.393,-2.851
0.337,-2.76
-1.587,-2.611
-1.652,-2.786
-1.607,-2.465
-1.922,-2.678
-2.067,-2.813
-2.245,-2.67
-2.599,-2.764
-2.824,-2.935
2.839,-2.657
2.705,-2.575
2.558,-2.963
2.369,-2.898
2.049,-2.67
1.254,-2.708
-0.296,1.825
-0.782,1.691
-0.847,1.638
-1.035,1.554
-1.949,1.505
-2.796,1.686
2.793,1.659
1.509,1.807
1.187,1.496
0.801,1.715
-2.058,-0.317
-0.542,-2.036
-0.905,-1.124
-2.243,-1.113
2.881,0.484
2.421,-1.748
2.157,0.427
2.101,0.264
2.079,-1.434
2.073,-1.741
1.216,-1.127
1.308,0.135
1.194,-0.972
1.122,0.538
0.57,-0.243
-0.152,-1.435
-2.175,0.833
-2.331,-0.462
2.838,0.693
2.128,-1.322
-0.69,-2.607
-0.523,1.598
-0.117,1.8
-2.069,1.681
-0.037,-0.93
-0.029,-1.349
-0.041,-0.785
-0.198,-1.37
-0.253,-1.281
-0.409,1.051
-0.496,-0.872
-0.688,-0.337
-0.607,-0.622
-0.689,-1.225
-0.817,-2.468
-0.804,1.254
-0.681,0.889
-0.715,-0.174
-0.727,0.462
-0.765,-2.038
-0.941,0.632
-1.0,1.124
-0.893,-0.98
-1.232,0.206
-1.412,-0.822
-1.629,-1.196
-1.873,-0.175
-2.035,0.955
-1.93,-1.264
-2.091,-0.823
-2.124,-1.29
-2.141,-1.127
-2.187,0.047
-2.08,-1.394
-2.143,-1.629
-2.364,1.08
-2.312,-0.442
-2.334,-0.029
-2.397,-1.319
-2.395,-2.311
-2.527,-0.561
-2.427,0.265
-2.439,-0.644
-2.468,0.139
-2.624,-1.49
-2.701,-2.356
-2.54,0.875
-2.657,0.508
-2.794,-2.429
-2.798,1.393
-2.814,0.972
-2.941,-0.017
-3.079,-1.887
-3.09,0.393
3.105,0.854
3.113,-1.767
3.098,-1.481
2.959,-0.011
2.772,0.343
2.87,1.399
2.694,-0.965
2.625,-1.359
2.625,1.155
2.64,-1.513
2.399,-0.153
2.495,-1.144
2.389,0.712
2.272,-1.833
2.225,0.892
2.083,-2.057
1.991,1.398
1.856,0.044
1.976,-2.206
1.748,-0.185
1.814,-1.212
1.833,-1.069
1.666,-2.201
1.605,1.167
1.635,1.49
1.462,1.154
1.545,-0.323
1.4,-1.001
1.47,0.134
1.327,-1.712
1.018,-2.334
0.785,-1.503
0.888,0.267
0.902,-1.637
0.735,0.028
0.707,0.128
0.843,-1.518
0.669,0.708
0.276,-2.762
0.37,-2.925
0.314,-2.834
-1.61,-2.685
-1.675,-2.86
-1.63,-2.539
-1.945,-2.752
-2.09,-2.887
-2.268,-2.744
-2.622,-2.838
-2.847,-3.009
2.816,-2.731
2.682,-2.649
2.535,-3.037
2.346,-2.972
2.026,-2.744
1.231,-2.782
-0.319,1.751
-0.805,1.617
-0.87,1.564
-1.058,1.48
-1.972,1.431
-2.819,1.612
2.77,1.585
1.486,1.733
1.164,1.422
0.778,1.641
-2.081,-0.391
-0.565,-2.11
-0.928,-1.198
-2.266,-1.187
2.858,0.41
2.398,-1.822
2.134,0.353
2.078,0.19
2.056,-1.508
2.05,-1.815
1.193,-1.201
1.285,0.061
1.171,-1.046
1.099,0.464
0.547,-0.317
-0.175,-1.509
-2.198,0.759
-2.354,-0.536
2.815,0.619
2.105,-1.396
-0.713,-2.681
-0.546,1.524
-0.14,1.726
-2.092,1.607
0.008,-0.419
-0.004,0.145
-0.161,-0.44
-0.216,-0.351
-0.372,1.981
-0.459,0.058
-0.651,0.593
-0.57,0.308
-0.652,-0.295
-0.78,-1.538
-0.767,2.184
-0.644,1.819
-0.678,0.756
-0.69,1.392
-0.728,-1.108
-0.904,1.562
-0.963,2.054
-0.856,-0.05
-1.195,1.136
-1.375,0.108
-1.592,-0.266
-1.836,0.755
-1.998,1.885
-1.893,-0.334
-2.054,0.107
-2.087,-0.36
-2.104,-0.197
-2.15,0.977
-2.043,-0.464
-2.106,-0.699
-2.327,2.01
-2.275,0.488
-2.297,0.901
-2.36,-0.389
-2.358,-1.381
-2.49,0.369
-2.39,1.195
-2.402,0.286
-2.431,1.069
-2.587,-0.56
-2.664,-1.426
-2.503,1.805
-2.62,1.438
-2.757,-1.499
-2.761,2.323
-2.777,1.902
-2.904,0.913
-3.042,-0.957
-3.053,1.323
-3.141,1.784
-3.133,-0.837
3.135,-0.551
2.996,0.919
2.809,1.273
2.907,2.329
2.731,-0.035
2.662,-0.429
2.662,2.085
2.677,-0.583
2.436,0.777
2.532,-0.214
2.426,1.642
2.309,-0.903
2.262,1.822
2.12,-1.127
2.028,2.328
1.893,0.974
2.013,-1.276
1.785,0.745
1.851,-0.282
1.87,-0.139
1.703,-1.271
1.642,2.097
1.672,2.42
1.499,2.084
1.582,0.607
1.437,-0.071
1.507,1.064
1.364,-0.782
1.055,-1.404
0.822,-0.573
0.925,1.197
0.939,-0.707
0.772,0.958
0.744,1.058
0.88,-0.588
0.706,1.638
0.313,-1.832
0.407,-1.995
0.351,-1.904
-1.573,-1.755
-1.638,-1.93
-1.593,-1.609
-1.908,-1.822
-2.053,-1.957
-2.231,-1.814
-2.585,-1.908
-2.81,-2.079
2.853,-1.801
2.719,-1.719
2.572,-2.107
2.383,-2.042
2.063,-1.814
1.268,-1.852
-0.282,2.681
-0.768,2.547
-0.833,2.494
-1.021,2.41
-1.935,2.361
-2.782,2.542
2.807,2.515
1.523,2.663
1.201,2.352
0.815,2.571
-2.044,0.539
-0.528,-1.18
-0.891,-0.268
-2.229,-0.257
2.895,1.34
2.435,-0.892
2.171,1.283
2.115,1.12
2.093,-0.578
2.087,-0.885
1.23,-0.271
1.322,0.991
1.208,-0.116
1.136,1.394
0.584,0.613
-0.138,-0.579
-2.161,1.689
-2.317,0.394
2.852,1.549
2.142,-0.466
-0.676,-1.751
-0.509,2.454
-0.103,2.656
-2.055,2.537
-0.012,0.564
-0.169,-0.021
-0.224,0.068
-0.38,2.4
-0.467,0.477
-0.659,1.012
-0.578,0.727
-0.66,0.124
-0.788,-1.119
-0.775,2.603
-0.652,2.238
-0.686,1.175
-0.698,1.811
-0.736,-0.689
-0.912,1.981
-0.971,2.473
-0.864,0.369
-1.203,1.555
-1.383,0.527
-1.6,0.153
-1.844,1.174
-2.006,2.304
-1.901,0.085
-2.062,0.526
-2.095,0.059
-2.112,0.222
-2.158,1.396
-2.051,-0.045
-2.114,-0.28
-2.335,2.429
-2.283,0.907
-2.305,1.32
-2.368,0.03
-2.366,-0.962
-2.498,0.788
-2.398,1.614
-2.41,0.705
-2.439,1.488
-2.595,-0.141
-2.672,-1.007
-2.511,2.224
-2.628,1.857
-2.765,-1.08
-2.769,2.742
-2.785,2.321
-2.912,1.332
-3.05,-0.538
-3.061,1.742
3.134,2.203
-3.141,-0.418
3.127,-0.132
2.988,1.338
2.801,1.692
2.899,2.748
2.723,0.384
2.654,-0.01
2.654,2.504
2.669,-0.164
2.428,1.196
2.524,0.205
2.418,2.061
2.301,-0.484
2.254,2.241
2.112,-0.708
2.02,2.747
1.885,1.393
2.005,-0.857
1.777,1.164
1.843,0.137
1.862,0.28
1.695,-0.852
1.634,2.516
1.664,2.839
1.491,2.503
1.574,1.026
1.429,0.348
1.499,1.483
1.356,-0.363
1.047,-0.985
0.814,-0.154
0.917,1.616
0.931,-0.288
0.764,1.377
0.736,1.477
0.872,-0.169
0.698,2.057
0.305,-1.413
0.399,-1.576
0.343,-1.485
-1.581,-1.336
-1.646,-1.511
-1.601,-1.19
-1.916,-1.403
-2.061,-1.538
-2.239,-1.395
-2.593,-1.489
-2.818,-1.66
2.845,-1.382
2.711,-1.3
2.564,-1.688
2.375,-1.623
2.055,-1.395
1.26,-1.433
-0.29,3.1
-0.776,2.966
-0.841,2.913
-1.029,2.829
-1.943,2.78
-2.79,2.961
2.799,2.934
1.515,3.082
1.193,2.771
0.807,2.99
-2.052,0.958
-0.536,-0.761
-0.899,0.151
-2.237,0.162
2.887,1.759
2.427,-0.473
2.163,1.702
2.107,1.539
2.085,-0.159
2.079,-0.466
1.222,0.148
1.314,1.41
1.2,0.303
1.128,1.813
0.576,1.032
-0.146,-0.16
-2.169,2.108
-2.325,0.813
2.844,1.968
2.134,-0.047
-0.684,-1.332
-0.517,2.873
-0.111,3.075
-2.063,2.956
-0.157,-0.585
-0.212,-0.496
-0.368,1.836
-0.455,-0.087
-0.647,0.448
-0.566,0.163
-0.648,-0.44
-0.776,-1.683
-0.763,2.039
-0.64,1.674
-0.674,0.611
-0.686,1.247
-0.724,-1.253
-0.9,1.417
-0.959,1.909
-0.852,-0.195
-1.191,0.991
-1.371,-0.037
-1.588,-0.411
-1.832,0.61
-1.994,1.74
-1.889,-0.479
-2.05,-0.038
-2.083,-0.505
-2.1,-0.342
-2.146,0.832
-2.039,-0.609
-2.102,-0.844
-2.323,1.865
-2.271,0.343
-2.293,0.756
-2.356,-0.534
-2.354,-1.526
-2.486,0.224
-2.386,1.05
-2.398,0.141
-2.427,0.924
-2.583,-0.705
-2.66,-1.571
-2.499,1.66
-2.616,1.293
-2.753,-1.644
-2.757,2.178
-2.773,1.757
-2.9,0.768
-3.038,-1.102
-3.049,1.178
-3.137,1.639
-3.129,-0.982
3.139,-0.696
3.0,0.774
2.813,1.128
2.911,2.184
2.735,-0.18
2.666,-0.574
2.666,1.94
2.681,-0.728
2.44,0.632
2.536,-0.359
2.43,1.497
2.313,-1.048
2.266,1.677
2.124,-1.272
2.032,2.183
1.897,0.829
2.017,-1.421
1.789,0.6
1.855,-0.427
1.874,-0.284
1.707,-1.416
1.646,1.952
1.676,2.275
1.503,1.939
1.586,0.462
1.441,-0.216
1.511,0.919
1.368,-0.927
1.059,-1.549
0.826,-0.718
0.929,1.052
0.943,-0.852
0.776,0.813
0.748,0.913
0.884,-0.733
0.71,1.493
0.317,-1.977
0.411,-2.14
0.355,-2.049
-1.569,-1.9
-1.634,-2.075
-1.589,-1.754
-1.904,-1.967
-2.049,-2.102
-2.227,-1.959
-2.581,-2.053
-2.806,-2.224
2.857,-1.946
2.723,-1.864
2.576,-2.252
2.387,-2.187
2.067,-1.959
1.272,-1.997
-0.278,2.536
-0.764,2.402
-0.829,2.349
-1.017,2.265
-1.931,2.216
-2.778,2.397
2.811,2.37
1.527,2.518
1.205,2.207
0.819,2.426
-2.04,0.394
-0.524,-1.325
-0.887,-0.413
-2.225,-0.402
2.899,1.195
2.439,-1.037
2.175,1.138
2.119,0.975
2.097,-0.723
2.091,-1.03
1.234,-0.416
1.326,0.846
1.212,-0.261
1.14,1.249
0.588,0.468
-0.134,-0.724
-2.157,1.544
-2.313,0.249
2.856,1.404
2.146,-0.611
-0.672,-1.896
-0.505,2.309
-0.099,2.511
-2.051,2.392
-0.055,0.089
-0.211,2.421
-0.298,0.498
-0.49,1.033
-0.409,0.748
-0.491,0.145
-0.619,-1.098
-0.606,2.624
-0.483,2.259
-0.517,1.196
-0.529,1.832
-0.567,-0.668
-0.743,2.002
-0.802,2.494
-0.695,0.39
-1.034,1.576
-1.214,0.548
-1.431,0.174
-1.675,1.195
-1.837,2.325
-1.732,0.106
-1.893,0.547
-1.926,0.08
-1.943,0.243
-1.989,1.417
-1.882,-0.024
-1.945,-0.259
-2.166,2.45
-2.114,0.928
-2.136,1.341
-2.199,0.051
-2.197,-0.941
-2.329,0.809
-2.229,1.635
-2.241,0.726
-2.27,1.509
-2.426,-0.12
-2.503,-0.986
-2.342,2.245
-2.459,1.878
-2.596,-1.059
-2.6,2.763
-2.616,2.342
-2.743,1.353
-2.881,-0.517
-2.892,1.763
-2.98,2.224
-2.972,-0.397
-2.987,-0.111
-3.126,1.359
2.97,1.713
3.068,2.769
2.892,0.405
2.823,0.011
2.823,2.525
2.838,-0.143
2.597,1.217
2.693,0.226
2.587,2.082
2.47,-0.463
2.423,2.262
2.281,-0.687
2.189,2.768
2.054,1.414
2.174,-0.836
1.946,1.185
2.012,0.158
2.031,0.301
1.864,-0.831
1.803,2.537
1.833,2.86
1.66,2.524
1.743,1.047
1.598,0.369
1.668,1.504
1.525,-0.342
1.216,-0.964
0.983,-0.133
1.086,1.637
1.1,-0.267
0.933,1.398
0.905,1.498
1.041,-0.148
0.867,2.078
0.474,-1.392
0.568,-1.555
0.512,-1.464
-1.412,-1.315
-1.477,-1.49
-1.432,-1.169
-1.747,-1.382
-1.892,-1.517
-2.07,-1.374
-2.424,-1.468
-2.649,-1.639
3.014,-1.361
2.88,-1.279
2.733,-1.667
2.544,-1.602
2.224,-1.374
1.429,-1.412
-0.121,3.121
-0.607,2.987
-0.672,2.934
-0.86,2.85
-1.774,2.801
-2.621,2.982
2.968,2.955
1.684,3.103
1.362,2.792
0.976,3.011
-1.883,0.979
-0.367,-0.74
-0.73,0.172
-2.068,0.183
3.056,1.78
2.596,-0.452
2.332,1.723
2.276,1.56
2.254,-0.138
2.248,-0.445
1.391,0.169
1.483,1.431
1.369,0.324
1.297,1.834
0.745,1.053
0.023,-0.139
-2.0,2.129
-2.156,0.834
3.013,1.989
2.303,-0.026
-0.515,-1.311
-0.348,2.894
0.058,3.096
-1.894,2.977
-0.156,2.332
-0.243,0.409
-0.435,0.944
-0.354,0.659
-0.436,0.056
-0.564,-1.187
-0.551,2.535
-0.428,2.17
-0.462,1.107
-0.474,1.743
-0.512,-0.757
-0.688,1.913
-0.747,2.405
-0.64,0.301
-0.979,1.487
-1.159,0.459
-1.376,0.085
-1.62,1.106
-1.782,2.236
-1.677,0.017
-1.838,0.458
-1.871,-0.009
-1.888,0.154
-1.934,1.328
-1.827,-0.113
-1.89,-0.348
-2.111,2.361
-2.059,0.839
-2.081,1.252
-2.144,-0.038
-2.142,-1.03
-2.274,0.72
-2.174,1.546
-2.186,0.637
-2.215,1.42
-2.371,-0.209
-2.448,-1.075
-2.287,2.156
-2.404,1.789
-2.541,-1.148
-2.545,2.674
-2.561,2.253
-2.688,1.264
-2.826,-0.606
-2.837,1.674
-2.925,2.135
-2.917,-0.486
-2.932,-0.2
-3.071,1.27
3.025,1.624
3.123,2.68
2.947,0.316
2.878,-0.078
2.878,2.436
2.893,-0.232
2.652,1.128
2.748,0.137
2.642,1.993
2.525,-0.552
2.478,2.173
2.336,-0.776
2.244,2.679
2.109,1.325
2.229,-0.925
2.001,1.096
2.067,0.069
2.086,0.212
1.919,-0.92
1.858,2.448
1.888,2.771
1.715,2.435
1.798,0.958
1.653,0.28
1.723,1.415
1.58,-0.431
1.271,-1.053
1.038,-0.222
1.141,1.548
1.155,-0.356
0.988,1.309
0.96,1.409
1.096,-0.237
0.922,1.989
0.529,-1.481
0.623,-1.644
0.567,-1.553
-1.357,-1.404
-1.422,-1.579
-1.377,-1.258
-1.692,-1.471
-1.837,-1.606
-2.015,-1.463
-2.369,-1.557
-2.594,-1.728
3.069,-1.45
2.935,-1.368
2.788,-1.756
2.599,-1.691
2.279,-1.463
1.484,-1.501
-0.066,3.032
-0.552,2.898
-0.617,2.845
-0.805,2.761
-1.719,2.712
-2.566,2.893
3.023,2.866
1.739,3.014
1.417,2.703
1.031,2.922
-1.828,0.89
-0.312,-0.829
-0.675,0.083
-2.013,0.094
3.111,1.691
2.651,-0.541
2.387,1.634
2.331,1.471
2.309,-0.227
2.303,-0.534
1.446,0.08
1.538,1.342
1.424,0.235
1.352,1.745
0.8,0.964
0.078,-0.228
-1.945,2.04
-2.101,0.745
3.068,1.9
2.358,-0.115
-0.46,-1.4
-0.293,2.805
0.113,3.007
-1.839,2.888
-0.087,-1.923
-0.279,-1.388
-0.198,-1.673
-0.28,-2.276
-0.408,-3.519
-0.395,0.203
-0.272,-0.162
-0.306,-1.225
-0.318,-0.589
-0.356,-3.089
-0.532,-0.419
-0.591,0.073
-0.484,-2.031
-0.823,-0.845
-1.003,-1.873
-1.22,-2.247
-1.464,-1.226
-1.626,-0.096
-1.521,-2.315
-1.682,-1.874
-1.715,-2.341
-1.732,-2.178
-1.778,-1.004
-1.671,-2.445
-1.734,-2.68
-1.955,0.029
-1.903,-1.493
-1.925,-1.08
-1.988,-2.37
-1.986,-3.362
-2.118,-1.612
-2.018,-0.786
-2.03,-1.695
-2.059,-0.912
-2.215,-2.541
-2.292,-3.407
-2.131,-0.176
-2.248,-0.543
-2.385,-3.48
-2.389,0.342
-2.405,-0.079
-2.532,-1.068
-2.67,-2.938
-2.681,-0.658
-2.769,-0.197
-2.761,-2.818
-2.776,-2.532
-2.915,-1.062
-3.102,-0.708
-3.004,0.348
3.103,-2.016
3.034,-2.41
3.034,0.104
3.049,-2.564
2.808,-1.204
2.904,-2.195
2.798,-0.339
2.681,-2.884
2.634,-0.159
2.492,-3.108
2.4,0.347
2.265,-1.007
2.385,-3.257
2.157,-1.236
2.223,-2.263
2.242,-2.12
2.075,-3.252
2.014,0.116
2.044,0.439
1.871,0.103
1.954,-1.374
1.809,-2.052
1.879,-0.917
1.736,-2.763
1.427,-3.385
1.194,-2.554
1.297,-0.784
1.311,-2.688
1.144,-1.023
1.116,-0.923
1.252,-2.569
1.078,-0.343
0.685,-3.813
0.779,-3.976
0.723,-3.885
-1.201,-3.736
-1.266,-3.911
-1.221,-3.59
-1.536,-3.803
-1.681,-3.938
-1.859,-3.795
-2.213,-3.889
-2.438,-4.06
-3.058,-3.782
3.091,-3.7
2.944,-4.088
2.755,-4.023
2.435,-3.795
1.64,-3.833
0.09,0.7
-0.396,0.566
-0.461,0.513
-0.649,0.429
-1.563,0.38
-2.41,0.561
-3.104,0.534
1.895,0.682
1.573,0.371
1.187,0.59
-1.672,-1.442
-0.156,-3.161
-0.519,-2.249
-1.857,-2.238
-3.016,-0.641
2.807,-2.873
2.543,-0.698
2.487,-0.861
2.465,-2.559
2.459,-2.866
1.602,-2.252
1.694,-0.99
1.58,-2.097
1.508,-0.587
0.956,-1.368
0.234,-2.56
-1.789,-0.292
-1.945,-1.587
-3.059,-0.432
2.514,-2.447
-0.304,-3.732
-0.137,0.473
0.269,0.675
-1.683,0.556
-0.192,0.535
-0.111,0.25
-0.193,-0.353
-0.321,-1.596
-0.308,2.126
-0.185,1.761
-0.219,0.698
-0.231,1.334
-0.269,-1.166
-0.445,1.504
-0.504,1.996
-0.397,-0.108
-0.736,1.078
-0.916,0.05
-1.133,-0.324
-1.377,0.697
-1.539,1.827
-1.434,-0.392
-1.595,0.049
-1.628,-0.418
-1.645,-0.255
-1.691,0.919
-1.584,-0.522
-1.647,-0.757
-1.868,1.952
-1.816,0.43
-1.838,0.843
-1.901,-0.447
-1.899,-1.439
-2.031,0.311
-1.931,1.137
-1.943,0.228
-1.972,1.011
-2.128,-0.618
-2.205,-1.484
-2.044,1.747
-2.161,1.38
-2.298,-1.557
-2.302,2.265
-2.318,1.844
-2.445,0.855
-2.583,-1.015
-2.594,1.265
-2.682,1.726
-2.674,-0.895
-2.689,-0.609
-2.828,0.861
-3.015,1.215
-2.917,2.271
-3.093,-0.093
3.121,-0.487
3.121,2.027
3.136,-0.641
2.895,0.719
2.991,-0.272
2.885,1.584
2.768,-0.961
2.721,1.764
2.579,-1.185
2.487,2.27
2.352,0.916
2.472,-1.334
2.244,0.687
2.31,-0.34
2.329,-0.197
2.162,-1.329
2.101,2.039
2.131,2.362
1.958,2.026
2.041,0.549
1.896,-0.129
1.966,1.006
1.823,-0.84
1.514,-1.462
1.281,-0.631
1.384,1.139
1.398,-0.765
1.231,0.9
1.203,1.0
1.339,-0.646
1.165,1.58
0.772,-1.89
0.866,-2.053
0.81,-1.962
-1.114,-1.813
-1.179,-1.988
-1.134,-1.667
-1.449,-1.88
-1.594,-2.015
-1.772,-1.872
-2.126,-1.966
-2.351,-2.137
-2.971,-1.859
-3.105,-1.777
3.031,-2.165
2.842,-2.1
2.522,-1.872
1.727,-1.91
0.177,2.623
-0.309,2.489
-0.374,2.436
-0.562,2.352
-1.476,2.303
-2.323,2.484
-3.017,2.457
1.982,2.605
1.66,2.294
1.274,2.513
-1.585,0.481
-0.069,-1.238
-0.432,-0.326
-1.77,-0.315
-2.929,1.282
2.894,-0.95
2.63,1.225
2.574,1.062
2.552,-0.636
2.546,-0.943
1.689,-0.329
1.781,0.933
1.667,-0.174
1.595,1.336
1.043,0.555
0.321,-0.637
-1.702,1.631
-1.858,0.336
-2.972,1.491
2.601,-0.524
-0.217,-1.809
-0.05,2.396
0.356,2.598
-1.596,2.479
0.081,-0.285
-0.001,-0.888
-0.129,-2.131
-0.116,1.591
0.007,1.226
-0.027,0.163
-0.039,0.799
-0.077,-1.701
-0.253,0.969
-0.312,1.461
-0.205,-0.643
-0.544,0.543
-0.724,-0.485
-0.941,-0.859
-1.185,0.162
-1.347,1.292
-1.242,-0.927
-1.403,-0.486
-1.436,-0.953
-1.453,-0.79
-1.499,0.384
-1.392,-1.057
-1.455,-1.292
-1.676,1.417
-1.624,-0.105
-1.646,0.308
-1.709,-0.982
-1.707,-1.974
-1.839,-0.224
-1.739,0.602
-1.751,-0.307
-1.78,0.476
-1.936,-1.153
-2.013,-2.019
-1.852,1.212
-1.969,0.845
-2.106,-2.092
-2.11,1.73
-2.126,1.309
-2.253,0.32
-2.391,-1.55
-2.402,0.73
-2.49,1.191
-2.482,-1.43
-2.497,-1.144
-2.636,0.326
-2.823,0.68
-2.725,1.736
-2.901,-0.628
-2.97,-1.022
-2.97,1.492
-2.955,-1.176
3.087,0.184
-3.1,-0.807
3.077,1.049
2.96,-1.496
2.913,1.229
2.771,-1.72
2.679,1.735
2.544,0.381
2.664,-1.869
2.436,0.152
2.502,-0.875
2.521,-0.732
2.354,-1.864
2.293,1.504
2.323,1.827
2.15,1.491
2.233,0.014
2.088,-0.664
2.158,0.471
2.015,-1.375
1.706,-1.997
1.473,-1.166
1.576,0.604
1.59,-1.3
1.423,0.365
1.395,0.465
1.531,-1.181
1.357,1.045
0.964,-2.425
1.058,-2.588
1.002,-2.497
-0.922,-2.348
-0.987,-2.523
-0.942,-2.202
-1.257,-2.415
-1.402,-2.55
-1.58,-2.407
-1.934,-2.501
-2.159,-2.672
-2.779,-2.394
-2.913,-2.312
-3.06,-2.7
3.034,-2.635
2.714,-2.407
1.919,-2.445
0.369,2.088
-0.117,1.954
-0.182,1.901
-0.37,1.817
-1.284,1.768
-2.131,1.949
-2.825,1.922
2.174,2.07
1.852,1.759
1.466,1.978
-1.393,-0.054
0.123,-1.773
-0.24,-0.861
-1.578,-0.85
-2.737,0.747
3.086,-1.485
2.822,0.69
2.766,0.527
2.744,-1.171
2.738,-1.478
1.881,-0.864
1.973,0.398
1.859,-0.709
1.787,0.801
1.235,0.02
0.513,-1.172
-1.51,1.096
-1.666,-0.199
-2.78,0.956
2.793,-1.059
-0.025,-2.344
0.142,1.861
0.548,2.063
-1.404,1.944
-0.082,-0.603
-0.21,-1.846
-0.197,1.876
-0.074,1.511
-0.108,0.448
-0.12,1.084
-0.158,-1.416
-0.334,1.254
-0.393,1.746
-0.286,-0.358
-0.625,0.828
-0.805,-0.2
-1.022,-0.574
-1.266,0.447
-1.428,1.577
-1.323,-0.642
-1.484,-0.201
-1.517,-0.668
-1.534,-0.505
-1.58,0.669
-1.473,-0.772
-1.536,-1.007
-1.757,1.702
-1.705,0.18
-1.727,0.593
-1.79,-0.697
-1.788,-1.689
-1.92,0.061
-1.82,0.887
-1.832,-0.022
-1.861,0.761
-2.017,-0.868
-2.094,-1.734
-1.933,1.497
-2.05,1.13
-2.187,-1.807
-2.191,2.015
-2.207,1.594
-2.334,0.605
-2.472,-1.265
-2.483,1.015
-2.571,1.476
-2.563,-1.145
-2.578,-0.859
-2.717,0.611
-2.904,0.965
-2.806,2.021
-2.982,-0.343
-3.051,-0.737
-3.051,1.777
-3.036,-0.891
3.006,0.469
3.102,-0.522
2.996,1.334
2.879,-1.211
2.832,1.514
2.69,-1.435
2.598,2.02
2.463,0.666
2.583,-1.584
2.355,0.437
2.421,-0.59
2.44,-0.447
2.273,-1.579
2.212,1.789
2.242,2.112
2.069,1.776
2.152,0.299
2.007,-0.379
2.077,0.756
1.934,-1.09
1.625,-1.712
1.392,-0.881
1.495,0.889
1.509,-1.015
1.342,0.65
1.314,0.75
1.45,-0.896
1.276,1.33
0.883,-2.14
0.977,-2.303
0.921,-2.212
-1.003,-2.063
-1.068,-2.238
-1.023,-1.917
-1.338,-2.13
-1.483,-2.265
-1.661,-2.122
-2.015,-2.216
-2.24,-2.387
-2.86,-2.109
-2.994,-2.027
-3.141,-2.415
2.953,-2.35
2.633,-2.122
1.838,-2.16
0.288,2.373
-0.198,2.239
-0.263,2.186
-0.451,2.102
-1.365,2.053
-2.212,2.234
-2.906,2.207
2.093,2.355
1.771,2.044
1.385,2.263
-1.474,0.231
0.042,-1.488
-0.321,-0.576
-1.659,-0.565
-2.818,1.032
3.005,-1.2
2.741,0.975
2.685,0.812
2.663,-0.886
2.657,-1.193
1.8,-0.579
1.892,0.683
1.778,-0.424
1.706,1.086
1.154,0.305
0.432,-0.887
-1.591,1.381
-1.747,0.086
-2.861,1.241
2.712,-0.774
-0.106,-2.059
0.061,2.146
0.467,2.348
-1.485,2.229
-0.128,-1.243
-0.115,2.479
0.008,2.114
-0.026,1.051
-0.038,1.687
-0.076,-0.813
-0.252,1.857
-0.311,2.349
-0.204,0.245
-0.543,1.431
-0.723,0.403
-0.94,0.029
-1.184,1.05
-1.346,2.18
-1.241,-0.039
-1.402,0.402
-1.435,-0.065
-1.452,0.098
-1.498,1.272
-1.391,-0.169
-1.454,-0.404
-1.675,2.305
-1.623,0.783
-1.645,1.196
-1.708,-0.094
-1.706,-1.086
-1.838,0.664
-1.738,1.49
-1.75,0.581
-1.779,1.364
-1.935,-0.265
-2.012,-1.131
-1.851,2.1
-1.968,1.733
-2.105,-1.204
-2.109,2.618
-2.125,2.197
-2.252,1.208
-2.39,-0.662
-2.401,1.618
-2.489,2.079
-2.481,-0.542
-2.496,-0.256
-2.635,1.214
-2.822,1.568
-2.724,2.624
-2.9,0.26
-2.969,-0.134
-2.969,2.38
-2.954,-0.288
3.088,1.072
-3.099,0.081
3.078,1.937
2.961,-0.608
2.914,2.117
2.772,-0.832
2.68,2.623
2.545,1.269
2.665,-0.981
2.437,1.04
2.503,0.013
2.522,0.156
2.355,-0.976
2.294,2.392
2.324,2.715
2.151,2.379
2.234,0.902
2.089,0.224
2.159,1.359
2.016,-0.487
1.707,-1.109
1.474,-0.278
1.577,1.492
1.591,-0.412
1.424,1.253
1.396,1.353
1.532,-0.293
1.358,1.933
0.965,-1.537
1.059,-1.7
1.003,-1.609
-0.921,-1.46
-0.986,-1.635
-0.941,-1.314
-1.256,-1.527
-1.401,-1.662
-1.579,-1.519
-1.933,-1.613
-2.158,-1.784
-2.778,-1.506
-2.912,-1.424
-3.059,-1.812
3.035,-1.747
2.715,-1.519
1.92,-1.557
0.37,2.976
-0.116,2.842
-0.181,2.789
-0.369,2.705
-1.283,2.656
-2.13,2.837
-2.824,2.81
2.175,2.958
1.853,2.647
1.467,2.866
-1.392,0.834
0.124,-0.885
-0.239,0.027
-1.577,0.038
-2.736,1.635
3.087,-0.597
2.823,1.578
2.767,1.415
2.745,-0.283
2.739,-0.59
1.882,0.024
1.974,1.286
1.86,0.179
1.788,1.689
1.236,0.908
0.514,-0.284
-1.509,1.984
-1.665,0.689
-2.779,1.844
2.794,-0.171
-0.024,-1.456
0.143,2.749
0.549,2.951
-1.403,2.832
0.013,3.722
0.136,3.357
0.102,2.294
0.09,2.93
0.052,0.43
-0.124,3.1
-0.183,3.592
-0.076,1.488
-0.415,2.674
-0.595,1.646
-0.812,1.272
-1.056,2.293
-1.218,3.423
-1.113,1.204
-1.274,1.645
-1.307,1.178
-1.324,1.341
-1.37,2.515
-1.263,1.074
-1.326,0.839
-1.547,3.548
-1.495,2.026
-1.517,2.439
-1.58,1.149
-1.578,0.157
-1.71,1.907
-1.61,2.733
-1.622,1.824
-1.651,2.607
-1.807,0.978
-1.884,0.112
-1.723,3.343
-1.84,2.976
-1.977,0.039
-1.981,3.861
-1.997,3.44
-2.124,2.451
-2.262,0.581
-2.273,2.861
-2.361,3.322
-2.353,0.701
-2.368,0.987
-2.507,2.457
-2.694,2.811
-2.596,3.867
-2.772,1.503
-2.841,1.109
-2.841,3.623
-2.826,0.955
-3.067,2.315
-2.971,1.324
-3.077,3.18
3.089,0.635
3.042,3.36
2.9,0.411
2.808,3.866
2.673,2.512
2.793,0.262
2.565,2.283
2.631,1.256
2.65,1.399
2.483,0.267
2.422,3.635
2.452,3.958
2.279,3.622
2.362,2.145
2.217,1.467
2.287,2.602
2.144,0.756
1.835,0.134
1.602,0.965
1.705,2.735
1.719,0.831
1.552,2.496
1.524,2.596
1.66,0.95
1.486,3.176
1.093,-0.294
1.187,-0.457
1.131,-0.366
-0.793,-0.217
-0.858,-0.392
-0.813,-0.071
-1.128,-0.284
-1.273,-0.419
-1.451,-0.276
-1.805,-0.37
-2.03,-0.541
-2.65,-0.263
-2.784,-0.181
-2.931,-0.569
-3.12,-0.504
2.843,-0.276
2.048,-0.314
0.498,4.219
0.012,4.085
-0.053,4.032
-0.241,3.948
-1.155,3.899
-2.002,4.08
-2.696,4.053
2.303,4.201
1.981,3.89
1.595,4.109
-1.264,2.077
0.252,0.358
-0.111,1.27
-1.449,1.281
-2.608,2.878
-3.068,0.646
2.951,2.821
2.895,2.658
2.873,0.96
2.867,0.653
2.01,1.267
2.102,2.529
1.988,1.422
1.916,2.932
1.364,2.151
0.642,0.959
-1.381,3.227
-1.537,1.932
-2.651,3.087
2.922,1.072
0.104,-0.213
0.271,3.992
0.677,4.194
-1.275,4.075
0.123,-0.365
0.089,-1.428
0.077,-0.792
0.039,-3.292
-0.137,-0.622
-0.196,-0.13
-0.089,-2.234
-0.428,-1.048
-0.608,-2.076
-0.825,-2.45
-1.069,-1.429
-1.231,-0.299
-1.126,-2.518
-1.287,-2.077
-1.32,-2.544
-1.337,-2.381
-1.383,-1.207
-1.276,-2.648
-1.339,-2.883
-1.56,-0.174
-1.508,-1.696
-1.53,-1.283
-1.593,-2.573
-1.591,-3.565
-1.723,-1.815
-1.623,-0.989
-1.635,-1.898
-1.664,-1.115
-1.82,-2.744
-1.897,-3.61
-1.736,-0.379
-1.853,-0.746
-1.99,-3.683
-1.994,0.139
-2.01,-0.282
-2.137,-1.271
-2.275,-3.141
-2.286,-0.861
-2.374,-0.4
-2.366,-3.021
-2.381,-2.735
-2.52,-1.265
-2.707,-0.911
-2.609,0.145
-2.785,-2.219
-2.854,-2.613
-2.854,-0.099
-2.839,-2.767
-3.08,-1.407
-2.984,-2.398
-3.09,-0.542
3.076,-3.087
3.029,-0.362
2.887,-3.311
2.795,0.144
2.66,-1.21
2.78,-3.46
2.552,-1.439
2.618,-2.466
2.637,-2.323
2.47,-3.455
2.409,-0.087
2.439,0.236
2.266,-0.1
2.349,-1.577
2.204,-2.255
2.274,-1.12
2.131,-2.966
1.822,-3.588
1.589,-2.757
1.692,-0.987
1.706,-2.891
1.539,-1.226
1.511,-1.126
1.647,-2.772
1.473,-0.546
1.08,-4.016
1.174,-4.179
1.118,-4.088
-0.806,-3.939
-0.871,-4.114
-0.826,-3.793
-1.141,-4.006
-1.286,-4.141
-1.464,-3.998
-1.818,-4.092
-2.043,-4.263
-2.663,-3.985
-2.797,-3.903
-2.944,-4.291
-3.133,-4.226
2.83,-3.998
2.035,-4.036
0.485,0.497
-0.001,0.363
-0.066,0.31
-0.254,0.226
-1.168,0.177
-2.015,0.358
-2.709,0.331
2.29,0.479
1.968,0.168
1.582,0.387
-1.277,-1.645
0.239,-3.364
-0.124,-2.452
-1.462,-2.441
-2.621,-0.844
-3.081,-3.076
2.938,-0.901
2.882,-1.064
2.86,-2.762
2.854,-3.069
1.997,-2.455
2.089,-1.193
1.975,-2.3
1.903,-0.79
1.351,-1.571
0.629,-2.763
-1.394,-0.495
-1.55,-1.79
-2.664,-0.635
2.909,-2.65
0.091,-3.935
0.258,0.27
0.664,0.472
-1.288,0.353
-0.034,-1.063
-0.046,-0.427
-0.084,-2.927
-0.26,-0.257
-0.319,0.235
-0.212,-1.869
-0.551,-0.683
-0.731,-1.711
-0.948,-2.085
-1.192,-1.064
-1.354,0.066
-1.249,-2.153
-1.41,-1.712
-1.443,-2.179
-1.46,-2.016
-1.506,-0.842
-1.399,-2.283
-1.462,-2.518
-1.683,0.191
-1.631,-1.331
-1.653,-0.918
-1.716,-2.208
-1.714,-3.2
-1.846,-1.45
-1.746,-0.624
-1.758,-1.533
-1.787,-0.75
-1.943,-2.379
-2.02,-3.245
-1.859,-0.014
-1.976,-0.381
-2.113,-3.318
-2.117,0.504
-2.133,0.083
-2.26,-0.906
-2.398,-2.776
-2.409,-0.496
-2.497,-0.035
-2.489,-2.656
-2.504,-2.37
-2.643,-0.9
-2.83,-0.546
-2.732,0.51
-2.908,-1.854
-2.977,-2.248
-2.977,0.266
-2.962,-2.402
3.08,-1.042
-3.107,-2.033
3.07,-0.177
2.953,-2.722
2.906,0.003
2.764,-2.946
2.672,0.509
2.537,-0.845
2.657,-3.095
2.429,-1.074
2.495,-2.101
2.514,-1.958
2.347,-3.09
2.286,0.278
2.316,0.601
2.143,0.265
2.226,-1.212
2.081,-1.89
2.151,-0.755
2.008,-2.601
1.699,-3.223
1.466,-2.392
1.569,-0.622
1.583,-2.526
1.416,-0.861
1.388,-0.761
1.524,-2.407
1.35,-0.181
0.957,-3.651
1.051,-3.814
0.995,-3.723
-0.929,-3.574
-0.994,-3.749
-0.949,-3.428
-1.264,-3.641
-1.409,-3.776
-1.587,-3.633
-1.941,-3.727
-2.166,-3.898
-2.786,-3.62
-2.92,-3.538
-3.067,-3.926
3.027,-3.861
2.707,-3.633
1.912,-3.671
0.362,0.862
-0.124,0.728
-0.189,0.675
-0.377,0.591
-1.291,0.542
-2.138,0.723
-2.832,0.696
2.167,0.844
1.845,0.533
1.459,0.752
-1.4,-1.28
0.116,-2.999
-0.247,-2.087
-1.585,-2.076
-2.744,-0.479
3.079,-2.711
2.815,-0.536
2.759,-0.699
2.737,-2.397
2.731,-2.704
1.874,-2.09
1.966,-0.828
1.852,-1.935
1.78,-0.425
1.228,-1.206
0.506,-2.398
-1.517,-0.13
-1.673,-1.425
-2.787,-0.27
2.786,-2.285
-0.032,-3.57
0.135,0.635
0.541,0.837
-1.411,0.718
-0.012,0.636
-0.05,-1.864
-0.226,0.806
-0.285,1.298
-0.178,-0.806
-0.517,0.38
-0.697,-0.648
-0.914,-1.022
-1.158,-0.001
-1.32,1.129
-1.215,-1.09
-1.376,-0.649
-1.409,-1.116
-1.426,-0.953
-1.472,0.221
-1.365,-1.22
-1.428,-1.455
-1.649,1.254
-1.597,-0.268
-1.619,0.145
-1.682,-1.145
-1.68,-2.137
-1.812,-0.387
-1.712,0.439
-1.724,-0.47
-1.753,0.313
-1.909,-1.316
-1.986,-2.182
-1.825,1.049
-1.942,0.682
-2.079,-2.255
-2.083,1.567
-2.099,1.146
-2.226,0.157
-2.364,-1.713
-2.375,0.567
-2.463,1.028
-2.455,-1.593
-2.47,-1.307
-2.609,0.163
-2.796,0.517
-2.698,1.573
-2.874,-0.791
-2.943,-1.185
-2.943,1.329
-2.928,-1.339
3.114,0.021
-3.073,-0.97
3.104,0.886
2.987,-1.659
2.94,1.066
2.798,-1.883
2.706,1.572
2.571,0.218
2.691,-2.032
2.463,-0.011
2.529,-1.038
2.548,-0.895
2.381,-2.027
2.32,1.341
2.35,1.664
2.177,1.328
2.26,-0.149
2.115,-0.827
2.185,0.308
2.042,-1.538
1.733,-2.16
1.5,-1.329
1.603,0.441
1.617,-1.463
1.45,0.202
1.422,0.302
1.558,-1.344
1.384,0.882
0.991,-2.588
1.085,-2.751
1.029,-2.66
-0.895,-2.511
-0.96,-2.686
-0.915,-2.365
-1.23,-2.578
-1.375,-2.713
-1.553,-2.57
-1.907,-2.664
-2.132,-2.835
-2.752,-2.557
-2.886,-2.475
-3.033,-2.863
3.061,-2.798
2.741,-2.57
1.946,-2.608
0.396,1.925
-0.09,1.791
-0.155,1.738
-0.343,1.654
-1.257,1.605
-2.104,1.786
-2.798,1.759
2.201,1.907
1.879,1.596
1.493,1.815
-1.366,-0.217
0.15,-1.936
-0.213,-1.024
-1.551,-1.013
-2.71,0.584
3.113,-1.648
2.849,0.527
2.793,0.364
2.771,-1.334
2.765,-1.641
1.908,-1.027
2.0,0.235
1.886,-0.872
1.814,0.638
1.262,-0.143
0.54,-1.335
-1.483,0.933
-1.639,-0.362
-2.753,0.793
2.82,-1.222
0.002,-2.507
0.169,1.698
0.575,1.9
-1.377,1.781
-0.038,-2.5
-0.214,0.17
-0.273,0.662
-0.166,-1.442
-0.505,-0.256
-0.685,-1.284
-0.902,-1.658
-1.146,-0.637
-1.308,0.493
-1.203,-1.726
-1.364,-1.285
-1.397,-1.752
-1.414,-1.589
-1.46,-0.415
-1.353,-1.856
-1.416,-2.091
-1.637,0.618
-1.585,-0.904
-1.607,-0.491
-1.67,-1.781
-1.668,-2.773
-1.8,-1.023
-1.7,-0.197
-1.712,-1.106
-1.741,-0.323
-1.897,-1.952
-1.974,-2.818
-1.813,0.413
-1.93,0.046
-2.067,-2.891
-2.071,0.931
-2.087,0.51
-2.214,-0.479
-2.352,-2.349
-2.363,-0.069
-2.451,0.392
-2.443,-2.229
-2.458,-1.943
-2.597,-0.473
-2.784,-0.119
-2.686,0.937
-2.862,-1.427
-2.931,-1.821
-2.931,0.693
-2.916,-1.975
3.126,-0.615
-3.061,-1.606
3.116,0.25
2.999,-2.295
2.952,0.43
2.81,-2.519
2.718,0.936
2.583,-0.418
2.703,-2.668
2.475,-0.647
2.541,-1.674
2.56,-1.531
2.393,-2.663
2.332,0.705
2.362,1.028
2.189,0.692
2.272,-0.785
2.127,-1.463
2.197,-0.328
2.054,-2.174
1.745,-2.796
1.512,-1.965
1.615,-0.195
1.629,-2.099
1.462,-0.434
1.434,-0.334
1.57,-1.98
1.396,0.246
1.003,-3.224
1.097,-3.387
1.041,-3.296
-0.883,-3.147
-0.948,-3.322
-0.903,-3.001
-1.218,-3.214
-1.363,-3.349
-1.541,-3.206
-1.895,-3.3
-2.12,-3.471
-2.74,-3.193
-2.874,-3.111
-3.021,-3.499
3.073,-3.434
2.753,-3.206
1.958,-3.244
0.408,1.289
-0.078,1.155
-0.143,1.102
-0.331,1.018
-1.245,0.969
-2.092,1.15
-2.786,1.123
2.213,1.271
1.891,0.96
1.505,1.179
-1.354,-0.853
0.162,-2.572
-0.201,-1.66
-1.539,-1.649
-2.698,-0.052
3.125,-2.284
2.861,-0.109
2.805,-0.272
2.783,-1.97
2.777,-2.277
1.92,-1.663
2.012,-0.401
1.898,-1.508
1.826,0.002
1.274,-0.779
0.552,-1.971
-1.471,0.297
-1.627,-0.998
-2.741,0.157
2.832,-1.858
0.014,-3.143
0.181,1.062
0.587,1.264
-1.365,1.145
-0.176,2.67
-0.235,3.162
-0.128,1.058
-0.467,2.244
-0.647,1.216
-0.864,0.842
-1.108,1.863
-1.27,2.993
-1.165,0.774
-1.326,1.215
-1.359,0.748
-1.376,0.911
-1.422,2.085
-1.315,0.644
-1.378,0.409
-1.599,3.118
-1.547,1.596
-1.569,2.009
-1.632,0.719
-1.63,-0.273
-1.762,1.477
-1.662,2.303
-1.674,1.394
-1.703,2.177
-1.859,0.548
-1.936,-0.318
-1.775,2.913
-1.892,2.546
-2.029,-0.391
-2.033,3.431
-2.049,3.01
-2.176,2.021
-2.314,0.151
-2.325,2.431
-2.413,2.892
-2.405,0.271
-2.42,0.557
-2.559,2.027
-2.746,2.381
-2.648,3.437
-2.824,1.073
-2.893,0.679
-2.893,3.193
-2.878,0.525
-3.119,1.885
-3.023,0.894
-3.129,2.75
3.037,0.205
2.99,2.93
2.848,-0.019
2.756,3.436
2.621,2.082
2.741,-0.168
2.513,1.853
2.579,0.826
2.598,0.969
2.431,-0.163
2.37,3.205
2.4,3.528
2.227,3.192
2.31,1.715
2.165,1.037
2.235,2.172
2.092,0.326
1.783,-0.296
1.55,0.535
1.653,2.305
1.667,0.401
1.5,2.066
1.472,2.166
1.608,0.52
1.434,2.746
1.041,-0.724
1.135,-0.887
1.079,-0.796
-0.845,-0.647
-0.91,-0.822
-0.865,-0.501
-1.18,-0.714
-1.325,-0.849
-1.503,-0.706
-1.857,-0.8
-2.082,-0.971
-2.702,-0.693
-2.836,-0.611
-2.983,-0.999
3.111,-0.934
2.791,-0.706
1.996,-0.744
0.446,3.789
-0.04,3.655
-0.105,3.602
-0.293,3.518
-1.207,3.469
-2.054,3.65
-2.748,3.623
2.251,3.771
1.929,3.46
1.543,3.679
-1.316,1.647
0.2,-0.072
-0.163,0.84
-1.501,0.851
-2.66,2.448
-3.12,0.216
2.899,2.391
2.843,2.228
2.821,0.53
2.815,0.223
1.958,0.837
2.05,2.099
1.936,0.992
1.864,2.502
1.312,1.721
0.59,0.529
-1.433,2.797
-1.589,1.502
-2.703,2.657
2.87,0.642
0.052,-0.643
0.219,3.562
0.625,3.764
-1.327,3.645
-0.059,0.492
0.048,-1.612
-0.291,-0.426
-0.471,-1.454
-0.688,-1.828
-0.932,-0.807
-1.094,0.323
-0.989,-1.896
-1.15,-1.455
-1.183,-1.922
-1.2,-1.759
-1.246,-0.585
-1.139,-2.026
-1.202,-2.261
-1.423,0.448
-1.371,-1.074
-1.393,-0.661
-1.456,-1.951
-1.454,-2.943
-1.586,-1.193
-1.486,-0.367
-1.498,-1.276
-1.527,-0.493
-1.683,-2.122
-1.76,-2.988
-1.599,0.243
-1.716,-0.124
-1.853,-3.061
-1.857,0.761
-1.873,0.34
-2.0,-0.649
-2.138,-2.519
-2.149,-0.239
-2.237,0.222
-2.229,-2.399
-2.244,-2.113
-2.383,-0.643
-2.57,-0.289
-2.472,0.767
-2.648,-1.597
-2.717,-1.991
-2.717,0.523
-2.702,-2.145
-2.943,-0.785
-2.847,-1.776
-2.953,0.08
-3.07,-2.465
-3.117,0.26
3.024,-2.689
2.932,0.766
2.797,-0.588
2.917,-2.838
2.689,-0.817
2.755,-1.844
2.774,-1.701
2.607,-2.833
2.546,0.535
2.576,0.858
2.403,0.522
2.486,-0.955
2.341,-1.633
2.411,-0.498
2.268,-2.344
1.959,-2.966
1.726,-2.135
1.829,-0.365
1.843,-2.269
1.676,-0.604
1.648,-0.504
1.784,-2.15
1.61,0.076
1.217,-3.394
1.311,-3.557
1.255,-3.466
-0.669,-3.317
-0.734,-3.492
-0.689,-3.171
-1.004,-3.384
-1.149,-3.519
-1.327,-3.376
-1.681,-3.47
-1.906,-3.641
-2.526,-3.363
-2.66,-3.281
-2.807,-3.669
-2.996,-3.604
2.967,-3.376
2.172,-3.414
0.622,1.119
0.136,0.985
0.071,0.932
-0.117,0.848
-1.031,0.799
-1.878,0.98
-2.572,0.953
2.427,1.101
2.105,0.79
1.719,1.009
-1.14,-1.023
0.376,-2.742
0.013,-1.83
-1.325,-1.819
-2.484,-0.222
-2.944,-2.454
3.075,-0.279
3.019,-0.442
2.997,-2.14
2.991,-2.447
2.134,-1.833
2.226,-0.571
2.112,-1.678
2.04,-0.168
1.488,-0.949
0.766,-2.141
-1.257,0.127
-1.413,-1.168
-2.527,-0.013
3.046,-2.028
0.228,-3.313
0.395,0.892
0.801,1.094
-1.151,0.975
0.107,-2.104
-0.232,-0.918
-0.412,-1.946
-0.629,-2.32
-0.873,-1.299
-1.035,-0.169
-0.93,-2.388
-1.091,-1.947
-1.124,-2.414
-1.141,-2.251
-1.187,-1.077
-1.08,-2.518
-1.143,-2.753
-1.364,-0.044
-1.312,-1.566
-1.334,-1.153
-1.397,-2.443
-1.395,-3.435
-1.527,-1.685
-1.427,-0.859
-1.439,-1.768
-1.468,-0.985
-1.624,-2.614
-1.701,-3.48
-1.54,-0.249
-1.657,-0.616
-1.794,-3.553
-1.798,0.269
-1.814,-0.152
-1.941,-1.141
-2.079,-3.011
-2.09,-0.731
-2.178,-0.27
-2.17,-2.891
-2.185,-2.605
-2.324,-1.135
-2.511,-0.781
-2.413,0.275
-2.589,-2.089
-2.658,-2.483
-2.658,0.031
-2.643,-2.637
-2.884,-1.277
-2.788,-2.268
-2.894,-0.412
-3.011,-2.957
-3.058,-0.232
3.083,-3.181
2.991,0.274
2.856,-1.08
2.976,-3.33
2.748,-1.309
2.814,-2.336
2.833,-2.193
2.666,-3.325
2.605,0.043
2.635,0.366
2.462,0.03
2.545,-1.447
2.4,-2.125
2.47,-0.99
2.327,-2.836
2.018,-3.458
1.785,-2.627
1.888,-0.857
1.902,-2.761
1.735,-1.096
1.707,-0.996
1.843,-2.642
1.669,-0.416
1.276,-3.886
1.37,-4.049
1.314,-3.958
-0.61,-3.809
-0.675,-3.984
-0.63,-3.663
-0.945,-3.876
-1.09,-4.011
-1.268,-3.868
-1.622,-3.962
-1.847,-4.133
-2.467,-3.855
-2.601,-3.773
-2.748,-4.161
-2.937,-4.096
3.026,-3.868
2.231,-3.906
0.681,0.627
0.195,0.493
0.13,0.44
-0.058,0.356
-0.972,0.307
-1.819,0.488
-2.513,0.461
2.486,0.609
2.164,0.298
1.778,0.517
-1.081,-1.515
0.435,-3.234
0.072,-2.322
-1.266,-2.311
-2.425,-0.714
-2.885,-2.946
3.134,-0.771
3.078,-0.934
3.056,-2.632
3.05,-2.939
2.193,-2.325
2.285,-1.063
2.171,-2.17
2.099,-0.66
1.547,-1.441
0.825,-2.633
-1.198,-0.365
-1.354,-1.66
-2.468,-0.505
3.105,-2.52
0.287,-3.805
0.454,0.4
0.86,0.602
-1.092,0.483
-0.339,1.186
-0.519,0.158
-0.736,-0.216
-0.98,0.805
-1.142,1.935
-1.037,-0.284
-1.198,0.157
-1.231,-0.31
-1.248,-0.147
-1.294,1.027
-1.187,-0.414
-1.25,-0.649
-1.471,2.06
-1.419,0.538
-1.441,0.951
-1.504,-0.339
-1.502,-1.331
-1.634,0.419
-1.534,1.245
-1.546,0.336
-1.575,1.119
-1.731,-0.51
-1.808,-1.376
-1.647,1.855
-1.764,1.488
-1.901,-1.449
-1.905,2.373
-1.921,1.952
-2.048,0.963
-2.186,-0.907
-2.197,1.373
-2.285,1.834
-2.277,-0.787
-2.292,-0.501
-2.431,0.969
-2.618,1.323
-2.52,2.379
-2.696,0.015
-2.765,-0.379
-2.765,2.135
-2.75,-0.533
-2.991,0.827
-2.895,-0.164
-3.001,1.692
-3.118,-0.853
3.118,1.872
2.976,-1.077
2.884,2.378
2.749,1.024
2.869,-1.226
2.641,0.795
2.707,-0.232
2.726,-0.089
2.559,-1.221
2.498,2.147
2.528,2.47
2.355,2.134
2.438,0.657
2.293,-0.021
2.363,1.114
2.22,-0.732
1.911,-1.354
1.678,-0.523
1.781,1.247
1.795,-0.657
1.628,1.008
1.6,1.108
1.736,-0.538
1.562,1.688
1.169,-1.782
1.263,-1.945
1.207,-1.854
-0.717,-1.705
-0.782,-1.88
-0.737,-1.559
-1.052,-1.772
-1.197,-1.907
-1.375,-1.764
-1.729,-1.858
-1.954,-2.029
-2.574,-1.751
-2.708,-1.669
-2.855,-2.057
-3.044,-1.992
2.919,-1.764
2.124,-1.802
0.574,2.731
0.088,2.597
0.023,2.544
-0.165,2.46
-1.079,2.411
-1.926,2.592
-2.62,2.565
2.379,2.713
2.057,2.402
1.671,2.621
-1.188,0.589
0.328,-1.13
-0.035,-0.218
-1.373,-0.207
-2.532,1.39
-2.992,-0.842
3.027,1.333
2.971,1.17
2.949,-0.528
2.943,-0.835
2.086,-0.221
2.178,1.041
2.064,-0.066
1.992,1.444
1.44,0.663
0.718,-0.529
-1.305,1.739
-1.461,0.444
-2.575,1.599
2.998,-0.416
0.18,-1.701
0.347,2.504
0.753,2.706
-1.199,2.587
-0.18,-1.028
-0.397,-1.402
-0.641,-0.381
-0.803,0.749
-0.698,-1.47
-0.859,-1.029
-0.892,-1.496
-0.909,-1.333
-0.955,-0.159
-0.848,-1.6
-0.911,-1.835
-1.132,0.874
-1.08,-0.648
-1.102,-0.235
-1.165,-1.525
-1.163,-2.517
-1.295,-0.767
-1.195,0.059
-1.207,-0.85
-1.236,-0.067
-1.392,-1.696
-1.469,-2.562
-1.308,0.669
-1.425,0.302
-1.562,-2.635
-1.566,1.187
-1.582,0.766
-1.709,-0.223
-1.847,-2.093
-1.858,0.187
-1.946,0.648
-1.938,-1.973
-1.953,-1.687
-2.092,-0.217
-2.279,0.137
-2.181,1.193
-2.357,-1.171
-2.426,-1.565
-2.426,0.949
-2.411,-1.719
-2.652,-0.359
-2.556,-1.35
-2.662,0.506
-2.779,-2.039
-2.826,0.686
-2.968,-2.263
-3.06,1.192
3.088,-0.162
-3.075,-2.412
2.98,-0.391
3.046,-1.418
3.065,-1.275
2.898,-2.407
2.837,0.961
2.867,1.284
2.694,0.948
2.777,-0.529
2.632,-1.207
2.702,-0.072
2.559,-1.918
2.25,-2.54
2.017,-1.709
2.12,0.061
2.134,-1.843
1.967,-0.178
1.939,-0.078
2.075,-1.724
1.901,0.502
1.508,-2.968
1.602,-3.131
1.546,-3.04
-0.378,-2.891
-0.443,-3.066
-0.398,-2.745
-0.713,-2.958
-0.858,-3.093
-1.036,-2.95
-1.39,-3.044
-1.615,-3.215
-2.235,-2.937
-2.369,-2.855
-2.516,-3.243
-2.705,-3.178
-3.025,-2.95
2.463,-2.988
0.913,1.545
0.427,1.411
0.362,1.358
0.174,1.274
-0.74,1.225
-1.587,1.406
-2.281,1.379
2.718,1.527
2.396,1.216
2.01,1.435
-0.849,-0.597
0.667,-2.316
0.304,-1.404
-1.034,-1.393
-2.193,0.204
-2.653,-2.028
-2.917,0.147
-2.973,-0.016
-2.995,-1.714
-3.001,-2.021
2.425,-1.407
2.517,-0.145
2.403,-1.252
2.331,0.258
1.779,-0.523
1.057,-1.715
-0.966,0.553
-1.122,-0.742
-2.236,0.413
-2.946,-1.602
0.519,-2.887
0.686,1.318
1.092,1.52
-0.86,1.401
-0.217,-0.374
-0.461,0.647
-0.623,1.777
-0.518,-0.442
-0.679,-0.001
-0.712,-0.468
-0.729,-0.305
-0.775,0.869
-0.668,-0.572
-0.731,-0.807
-0.952,1.902
-0.9,0.38
-0.922,0.793
-0.985,-0.497
-0.983,-1.489
-1.115,0.261
-1.015,1.087
-1.027,0.178
-1.056,0.961
-1.212,-0.668
-1.289,-1.534
-1.128,1.697
-1.245,1.33
-1.382,-1.607
-1.386,2.215
-1.402,1.794
-1.529,0.805
-1.667,-1.065
-1.678,1.215
-1.766,1.676
-1.758,-0.945
-1.773,-0.659
-1.912,0.811
-2.099,1.165
-2.001,2.221
-2.177,-0.143
-2.246,-0.537
-2.246,1.977
-2.231,-0.691
-2.472,0.669
-2.376,-0.322
-2.482,1.534
-2.599,-1.011
-2.646,1.714
-2.788,-1.235
-2.88,2.22
-3.015,0.866
-2.895,-1.384
-3.123,0.637
-3.057,-0.39
-3.038,-0.247
3.078,-1.379
3.017,1.989
3.047,2.312
2.874,1.976
2.957,0.499
2.812,-0.179
2.882,0.956
2.739,-0.89
2.43,-1.512
2.197,-0.681
2.3,1.089
2.314,-0.815
2.147,0.85
2.119,0.95
2.255,-0.696
2.081,1.53
1.688,-1.94
1.782,-2.103
1.726,-2.012
-0.198,-1.863
-0.263,-2.038
-0.218,-1.717
-0.533,-1.93
-0.678,-2.065
-0.856,-1.922
-1.21,-2.016
-1.435,-2.187
-2.055,-1.909
-2.189,-1.827
-2.336,-2.215
-2.525,-2.15
-2.845,-1.922
2.643,-1.96
1.093,2.573
0.607,2.439
0.542,2.386
0.354,2.302
-0.56,2.253
-1.407,2.434
-2.101,2.407
2.898,2.555
2.576,2.244
2.19,2.463
-0.669,0.431
0.847,-1.288
0.484,-0.376
-0.854,-0.365
-2.013,1.232
-2.473,-1.0
-2.737,1.175
-2.793,1.012
-2.815,-0.686
-2.821,-0.993
2.605,-0.379
2.697,0.883
2.583,-0.224
2.511,1.286
1.959,0.505
1.237,-0.687
-0.786,1.581
-0.942,0.286
-2.056,1.441
-2.766,-0.574
0.699,-1.859
0.866,2.346
1.272,2.548
-0.68,2.429
-0.244,1.021
-0.406,2.151
-0.301,-0.068
-0.462,0.373
-0.495,-0.094
-0.512,0.069
-0.558,1.243
-0.451,-0.198
-0.514,-0.433
-0.735,2.276
-0.683,0.754
-0.705,1.167
-0.768,-0.123
-0.766,-1.115
-0.898,0.635
-0.798,1.461
-0.81,0.552
-0.839,1.335
-0.995,-0.294
-1.072,-1.16
-0.911,2.071
-1.028,1.704
-1.165,-1.233
-1.169,2.589
-1.185,2.168
-1.312,1.179
-1.45,-0.691
-1.461,1.589
-1.549,2.05
-1.541,-0.571
-1.556,-0.285
-1.695,1.185
-1.882,1.539
-1.784,2.595
-1.96,0.231
-2.029,-0.163
-2.029,2.351
-2.014,-0.317
-2.255,1.043
-2.159,0.052
-2.265,1.908
-2.382,-0.637
-2.429,2.088
-2.571,-0.861
-2.663,2.594
-2.798,1.24
-2.678,-1.01
-2.906,1.011
-2.84,-0.016
-2.821,0.127
-2.988,-1.005
-3.049,2.363
-3.019,2.686
3.091,2.35
-3.109,0.873
3.029,0.195
3.099,1.33
2.956,-0.516
2.647,-1.138
2.414,-0.307
2.517,1.463
2.531,-0.441
2.364,1.224
2.336,1.324
2.472,-0.322
2.298,1.904
1.905,-1.566
1.999,-1.729
1.943,-1.638
0.019,-1.489
-0.046,-1.664
-0.001,-1.343
-0.316,-1.556
-0.461,-1.691
-0.639,-1.548
-0.993,-1.642
-1.218,-1.813
-1.838,-1.535
-1.972,-1.453
-2.119,-1.841
-2.308,-1.776
-2.628,-1.548
2.86,-1.586
1.31,2.947
0.824,2.813
0.759,2.76
0.571,2.676
-0.343,2.627
-1.19,2.808
-1.884,2.781
3.115,2.929
2.793,2.618
2.407,2.837
-0.452,0.805
1.064,-0.914
0.701,-0.002
-0.637,0.009
-1.796,1.606
-2.256,-0.626
-2.52,1.549
-2.576,1.386
-2.598,-0.312
-2.604,-0.619
2.822,-0.005
2.914,1.257
2.8,0.15
2.728,1.66
2.176,0.879
1.454,-0.313
-0.569,1.955
-0.725,0.66
-1.839,1.815
-2.549,-0.2
0.916,-1.485
1.083,2.72
1.489,2.922
-0.463,2.803
-0.162,1.13
-0.057,-1.089
-0.218,-0.648
-0.251,-1.115
-0.268,-0.952
-0.314,0.222
-0.207,-1.219
-0.27,-1.454
-0.491,1.255
-0.439,-0.267
-0.461,0.146
-0.524,-1.144
-0.522,-2.136
-0.654,-0.386
-0.554,0.44
-0.566,-0.469
-0.595,0.314
-0.751,-1.315
-0.828,-2.181
-0.667,1.05
-0.784,0.683
-0.921,-2.254
-0.925,1.568
-0.941,1.147
-1.068,0.158
-1.206,-1.712
-1.217,0.568
-1.305,1.029
-1.297,-1.592
-1.312,-1.306
-1.451,0.164
-1.638,0.518
-1.54,1.574
-1.716,-0.79
-1.785,-1.184
-1.785,1.33
-1.77,-1.338
-2.011,0.022
-1.915,-0.969
-2.021,0.887
-2.138,-1.658
-2.185,1.067
-2.327,-1.882
-2.419,1.573
-2.554,0.219
-2.434,-2.031
-2.662,-0.01
-2.596,-1.037
-2.577,-0.894
-2.744,-2.026
-2.805,1.342
-2.775,1.665
-2.948,1.329
-2.865,-0.148
-3.01,-0.826
-2.94,0.309
-3.083,-1.537
2.891,-2.159
2.658,-1.328
2.761,0.442
2.775,-1.462
2.608,0.203
2.58,0.303
2.716,-1.343
2.542,0.883
2.149,-2.587
2.243,-2.75
2.187,-2.659
0.263,-2.51
0.198,-2.685
0.243,-2.364
-0.072,-2.577
-0.217,-2.712
-0.395,-2.569
-0.749,-2.663
-0.974,-2.834
-1.594,-2.556
-1.728,-2.474
-1.875,-2.862
-2.064,-2.797
-2.384,-2.569
3.104,-2.607
1.554,1.926
1.068,1.792
1.003,1.739
0.815,1.655
-0.099,1.606
-0.946,1.787
-1.64,1.76
-2.924,1.908
3.037,1.597
2.651,1.816
-0.208,-0.216
1.308,-1.935
0.945,-1.023
-0.393,-1.012
-1.552,0.585
-2.012,-1.647
-2.276,0.528
-2.332,0.365
-2.354,-1.333
-2.36,-1.64
3.066,-1.026
-3.125,0.236
3.044,-0.871
2.972,0.639
2.42,-0.142
1.698,-1.334
-0.325,0.934
-0.481,-0.361
-1.595,0.794
-2.305,-1.221
1.16,-2.506
1.327,1.699
1.733,1.901
-0.219,1.782
0.105,-2.219
-0.056,-1.778
-0.089,-2.245
-0.106,-2.082
-0.152,-0.908
-0.045,-2.349
-0.108,-2.584
-0.329,0.125
-0.277,-1.397
-0.299,-0.984
-0.362,-2.274
-0.36,-3.266
-0.492,-1.516
-0.392,-0.69
-0.404,-1.599
-0.433,-0.816
-0.589,-2.445
-0.666,-3.311
-0.505,-0.08
-0.622,-0.447
-0.759,-3.384
-0.763,0.438
-0.779,0.017
-0.906,-0.972
-1.044,-2.842
-1.055,-0.562
-1.143,-0.101
-1.135,-2.722
-1.15,-2.436
-1.289,-0.966
-1.476,-0.612
-1.378,0.444
-1.554,-1.92
-1.623,-2.314
-1.623,0.2
-1.608,-2.468
-1.849,-1.108
-1.753,-2.099
-1.859,-0.243
-1.976,-2.788
-2.023,-0.063
-2.165,-3.012
-2.257,0.443
-2.392,-0.911
-2.272,-3.161
-2.5,-1.14
-2.434,-2.167
-2.415,-2.024
-2.582,-3.156
-2.643,0.212
-2.613,0.535
-2.786,0.199
-2.703,-1.278
-2.848,-1.956
-2.778,-0.821
-2.921,-2.667
3.053,-3.289
2.82,-2.458
2.923,-0.688
2.937,-2.592
2.77,-0.927
2.742,-0.827
2.878,-2.473
2.704,-0.247
2.311,-3.717
2.405,-3.88
2.349,-3.789
0.425,-3.64
0.36,-3.815
0.405,-3.494
0.09,-3.707
-0.055,-3.842
-0.233,-3.699
-0.587,-3.793
-0.812,-3.964
-1.432,-3.686
-1.566,-3.604
-1.713,-3.992
-1.902,-3.927
-2.222,-3.699
-3.017,-3.737
1.716,0.796
1.23,0.662
1.165,0.609
0.977,0.525
0.063,0.476
-0.784,0.657
-1.478,0.63
-2.762,0.778
-3.084,0.467
2.813,0.686
-0.046,-1.346
1.47,-3.065
1.107,-2.153
-0.231,-2.142
-1.39,-0.545
-1.85,-2.777
-2.114,-0.602
-2.17,-0.765
-2.192,-2.463
-2.198,-2.77
-3.055,-2.156
-2.963,-0.894
-3.077,-2.001
3.134,-0.491
2.582,-1.272
1.86,-2.464
-0.163,-0.196
-0.319,-1.491
-1.433,-0.336
-2.143,-2.351
1.322,-3.636
1.489,0.569
1.895,0.771
-0.057,0.652
-0.161,0.441
-0.194,-0.026
-0.211,0.137
-0.257,1.311
-0.15,-0.13
-0.213,-0.365
-0.434,2.344
-0.382,0.822
-0.404,1.235
-0.467,-0.055
-0.465,-1.047
-0.597,0.703
-0.497,1.529
-0.509,0.62
-0.538,1.403
-0.694,-0.226
-0.771,-1.092
-0.61,2.139
-0.727,1.772
-0.864,-1.165
-0.868,2.657
-0.884,2.236
-1.011,1.247
-1.149,-0.623
-1.16,1.657
-1.248,2.118
-1.24,-0.503
-1.255,-0.217
-1.394,1.253
-1.581,1.607
-1.483,2.663
-1.659,0.299
-1.728,-0.095
-1.728,2.419
-1.713,-0.249
-1.954,1.111
-1.858,0.12
-1.964,1.976
-2.081,-0.569
-2.128,2.156
-2.27,-0.793
-2.362,2.662
-2.497,1.308
-2.377,-0.942
-2.605,1.079
-2.539,0.052
-2.52,0.195
-2.687,-0.937
-2.748,2.431
-2.718,2.754
-2.891,2.418
-2.808,0.941
-2.953,0.263
-2.883,1.398
-3.026,-0.448
2.948,-1.07
2.715,-0.239
2.818,1.531
2.832,-0.373
2.665,1.292
2.637,1.392
2.773,-0.254
2.599,1.972
2.206,-1.498
2.3,-1.661
2.244,-1.57
0.32,-1.421
0.255,-1.596
0.3,-1.275
-0.015,-1.488
-0.16,-1.623
-0.338,-1.48
-0.692,-1.574
-0.917,-1.745
-1.537,-1.467
-1.671,-1.385
-1.818,-1.773
-2.007,-1.708
-2.327,-1.48
-3.122,-1.518
1.611,3.015
1.125,2.881
1.06,2.828
0.872,2.744
-0.042,2.695
-0.889,2.876
-1.583,2.849
-2.867,2.997
3.094,2.686
2.708,2.905
-0.151,0.873
1.365,-0.846
1.002,0.066
-0.336,0.077
-1.495,1.674
-1.955,-0.558
-2.219,1.617
-2.275,1.454
-2.297,-0.244
-2.303,-0.551
3.123,0.063
-3.068,1.325
3.101,0.218
3.029,1.728
2.477,0.947
1.755,-0.245
-0.268,2.023
-0.424,0.728
-1.538,1.883
-2.248,-0.132
1.217,-1.417
1.384,2.788
1.79,2.99
-0.162,2.871
-0.033,-0.467
-0.05,-0.304
-0.096,0.87
0.011,-0.571
-0.052,-0.806
-0.273,1.903
-0.221,0.381
-0.243,0.794
-0.306,-0.496
-0.304,-1.488
-0.436,0.262
-0.336,1.088
-0.348,0.179
-0.377,0.962
-0.533,-0.667
-0.61,-1.533
-0.449,1.698
-0.566,1.331
-0.703,-1.606
-0.707,2.216
-0.723,1.795
-0.85,0.806
-0.988,-1.064
-0.999,1.216
-1.087,1.677
-1.079,-0.944
-1.094,-0.658
-1.233,0.812
-1.42,1.166
-1.322,2.222
-1.498,-0.142
-1.567,-0.536
-1.567,1.978
-1.552,-0.69
-1.793,0.67
-1.697,-0.321
-1.803,1.535
-1.92,-1.01
-1.967,1.715
-2.109,-1.234
-2.201,2.221
-2.336,0.867
-2.216,-1.383
-2.444,0.638
-2.378,-0.389
-2.359,-0.246
-2.526,-1.378
-2.587,1.99
-2.557,2.313
-2.73,1.977
-2.647,0.5
-2.792,-0.178
-2.722,0.957
-2.865,-0.889
3.109,-1.511
2.876,-0.68
2.979,1.09
2.993,-0.814
2.826,0.851
2.798,0.951
2.934,-0.695
2.76,1.531
2.367,-1.939
2.461,-2.102
2.405,-2.011
0.481,-1.862
0.416,-2.037
0.461,-1.716
0.146,-1.929
0.001,-2.064
-0.177,-1.921
-0.531,-2.015
-0.756,-2.186
-1.376,-1.908
-1.51,-1.826
-1.657,-2.214
-1.846,-2.149
-2.166,-1.921
-2.961,-1.959
1.772,2.574
1.286,2.44
1.221,2.387
1.033,2.303
0.119,2.254
-0.728,2.435
-1.422,2.408
-2.706,2.556
-3.028,2.245
2.869,2.464
0.01,0.432
1.526,-1.287
1.163,-0.375
-0.175,-0.364
-1.334,1.233
-1.794,-0.999
-2.058,1.176
-2.114,1.013
-2.136,-0.685
-2.142,-0.992
-2.999,-0.378
-2.907,0.884
-3.021,-0.223
-3.093,1.287
2.638,0.506
1.916,-0.686
-0.107,1.582
-0.263,0.287
-1.377,1.442
-2.087,-0.573
1.378,-1.858
1.545,2.347
1.951,2.549
-0.001,2.43
-0.017,0.163
-0.063,1.337
0.044,-0.104
-0.019,-0.339
-0.24,2.37
-0.188,0.848
-0.21,1.261
-0.273,-0.029
-0.271,-1.021
-0.403,0.729
-0.303,1.555
-0.315,0.646
-0.344,1.429
-0.5,-0.2
-0.577,-1.066
-0.416,2.165
-0.533,1.798
-0.67,-1.139
-0.674,2.683
-0.69,2.262
-0.817,1.273
-0.955,-0.597
-0.966,1.683
-1.054,2.144
-1.046,-0.477
-1.061,-0.191
-1.2,1.279
-1.387,1.633
-1.289,2.689
-1.465,0.325
-1.534,-0.069
-1.534,2.445
-1.519,-0.223
-1.76,1.137
-1.664,0.146
-1.77,2.002
-1.887,-0.543
-1.934,2.182
-2.076,-0.767
-2.168,2.688
-2.303,1.334
-2.183,-0.916
-2.411,1.105
-2.345,0.078
-2.326,0.221
-2.493,-0.911
-2.554,2.457
-2.524,2.78
-2.697,2.444
-2.614,0.967
-2.759,0.289
-2.689,1.424
-2.832,-0.422
-3.141,-1.044
2.909,-0.213
3.012,1.557
3.026,-0.347
2.859,1.318
2.831,1.418
2.967,-0.228
2.793,1.998
2.4,-1.472
2.494,-1.635
2.438,-1.544
0.514,-1.395
0.449,-1.57
0.494,-1.249
0.179,-1.462
0.034,-1.597
-0.144,-1.454
-0.498,-1.548
-0.723,-1.719
-1.343,-1.441
-1.477,-1.359
-1.624,-1.747
-1.813,-1.682
-2.133,-1.454
-2.928,-1.492
1.805,3.041
1.319,2.907
1.254,2.854
1.066,2.77
0.152,2.721
-0.695,2.902
-1.389,2.875
-2.673,3.023
-2.995,2.712
2.902,2.931
0.043,0.899
1.559,-0.82
1.196,0.092
-0.142,0.103
-1.301,1.7
-1.761,-0.532
-2.025,1.643
-2.081,1.48
-2.103,-0.218
-2.109,-0.525
-2.966,0.089
-2.874,1.351
-2.988,0.244
-3.06,1.754
2.671,0.973
1.949,-0.219
-0.074,2.049
-0.23,0.754
-1.344,1.909
-2.054,-0.106
1.411,-1.391
1.578,2.814
1.984,3.016
0.032,2.897
-0.046,1.174
0.061,-0.267
-0.002,-0.502
-0.223,2.207
-0.171,0.685
-0.193,1.098
-0.256,-0.192
-0.254,-1.184
-0.386,0.566
-0.286,1.392
-0.298,0.483
-0.327,1.266
-0.483,-0.363
-0.56,-1.229
-0.399,2.002
-0.516,1.635
-0.653,-1.302
-0.657,2.52
-0.673,2.099
-0.8,1.11
-0.938,-0.76
-0.949,1.52
-1.037,1.981
-1.029,-0.64
-1.044,-0.354
-1.183,1.116
-1.37,1.47
-1.272,2.526
-1.448,0.162
-1.517,-0.232
-1.517,2.282
-1.502,-0.386
-1.743,0.974
-1.647,-0.017
-1.753,1.839
-1.87,-0.706
-1.917,2.019
-2.059,-0.93
-2.151,2.525
-2.286,1.171
-2.166,-1.079
-2.394,0.942
-2.328,-0.085
-2.309,0.058
-2.476,-1.074
-2.537,2.294
-2.507,2.617
-2.68,2.281
-2.597,0.804
-2.742,0.126
-2.672,1.261
-2.815,-0.585
-3.124,-1.207
2.926,-0.376
3.029,1.394
3.043,-0.51
2.876,1.155
2.848,1.255
2.984,-0.391
2.81,1.835
2.417,-1.635
2.511,-1.798
2.455,-1.707
0.531,-1.558
0.466,-1.733
0.511,-1.412
0.196,-1.625
0.051,-1.76
-0.127,-1.617
-0.481,-1.711
-0.706,-1.882
-1.326,-1.604
-1.46,-1.522
-1.607,-1.91
-1.796,-1.845
-2.116,-1.617
-2.911,-1.655
1.822,2.878
1.336,2.744
1.271,2.691
1.083,2.607
0.169,2.558
-0.678,2.739
-1.372,2.712
-2.656,2.86
-2.978,2.549
2.919,2.768
0.06,0.736
1.576,-0.983
1.213,-0.071
-0.125,-0.06
-1.284,1.537
-1.744,-0.695
-2.008,1.48
-2.064,1.317
-2.086,-0.381
-2.092,-0.688
-2.949,-0.074
-2.857,1.188
-2.971,0.081
-3.043,1.591
2.688,0.81
1.966,-0.382
-0.057,1.886
-0.213,0.591
-1.327,1.746
-2.037,-0.269
1.428,-1.554
1.595,2.651
2.001,2.853
0.049,2.734
0.107,-1.441
0.044,-1.676
-0.177,1.033
-0.125,-0.489
-0.147,-0.076
-0.21,-1.366
-0.208,-2.358
-0.34,-0.608
-0.24,0.218
-0.252,-0.691
-0.281,0.092
-0.437,-1.537
-0.514,-2.403
-0.353,0.828
-0.47,0.461
-0.607,-2.476
-0.611,1.346
-0.627,0.925
-0.754,-0.064
-0.892,-1.934
-0.903,0.346
-0.991,0.807
-0.983,-1.814
-0.998,-1.528
-1.137,-0.058
-1.324,0.296
-1.226,1.352
-1.402,-1.012
-1.471,-1.406
-1.471,1.108
-1.456,-1.56
-1.697,-0.2
-1.601,-1.191
-1.707,0.665
-1.824,-1.88
-1.871,0.845
-2.013,-2.104
-2.105,1.351
-2.24,-0.003
-2.12,-2.253
-2.348,-0.232
-2.282,-1.259
-2.263,-1.116
-2.43,-2.248
-2.491,1.12
-2.461,1.443
-2.634,1.107
-2.551,-0.37
-2.696,-1.048
-2.626,0.087
-2.769,-1.759
-3.078,-2.381
2.972,-1.55
3.075,0.22
3.089,-1.684
2.922,-0.019
2.894,0.081
3.03,-1.565
2.856,0.661
2.463,-2.809
2.557,-2.972
2.501,-2.881
0.577,-2.732
0.512,-2.907
0.557,-2.586
0.242,-2.799
0.097,-2.934
-0.081,-2.791
-0.435,-2.885
-0.66,-3.056
-1.28,-2.778
-1.414,-2.696
-1.561,-3.084
-1.75,-3.019
-2.07,-2.791
-2.865,-2.829
1.868,1.704
1.382,1.57
1.317,1.517
1.129,1.433
0.215,1.384
-0.632,1.565
-1.326,1.538
-2.61,1.686
-2.932,1.375
2.965,1.594
0.106,-0.438
1.622,-2.157
1.259,-1.245
-0.079,-1.234
-1.238,0.363
-1.698,-1.869
-1.962,0.306
-2.018,0.143
-2.04,-1.555
-2.046,-1.862
-2.903,-1.248
-2.811,0.014
-2.925,-1.093
-2.997,0.417
2.734,-0.364
2.012,-1.556
-0.011,0.712
-0.167,-0.583
-1.281,0.572
-1.991,-1.443
1.474,-2.728
1.641,1.477
2.047,1.679
0.095,1.56
-0.063,-0.235
-0.284,2.474
-0.232,0.952
-0.254,1.365
-0.317,0.075
-0.315,-0.917
-0.447,0.833
-0.347,1.659
-0.359,0.75
-0.388,1.533
-0.544,-0.096
-0.621,-0.962
-0.46,2.269
-0.577,1.902
-0.714,-1.035
-0.718,2.787
-0.734,2.366
-0.861,1.377
-0.999,-0.493
-1.01,1.787
-1.098,2.248
-1.09,-0.373
-1.105,-0.087
-1.244,1.383
-1.431,1.737
-1.333,2.793
-1.509,0.429
-1.578,0.035
-1.578,2.549
-1.563,-0.119
-1.804,1.241
-1.708,0.25
-1.814,2.106
-1.931,-0.439
-1.978,2.286
-2.12,-0.663
-2.212,2.792
-2.347,1.438
-2.227,-0.812
-2.455,1.209
-2.389,0.182
-2.37,0.325
-2.537,-0.807
-2.598,2.561
-2.568,2.884
-2.741,2.548
-2.658,1.071
-2.803,0.393
-2.733,1.528
-2.876,-0.318
3.098,-0.94
2.865,-0.109
2.968,1.661
2.982,-0.243
2.815,1.422
2.787,1.522
2.923,-0.124
2.749,2.102
2.356,-1.368
2.45,-1.531
2.394,-1.44
0.47,-1.291
0.405,-1.466
0.45,-1.145
0.135,-1.358
-0.01,-1.493
-0.188,-1.35
-0.542,-1.444
-0.767,-1.615
-1.387,-1.337
-1.521,-1.255
-1.668,-1.643
-1.857,-1.578
-2.177,-1.35
-2.972,-1.388
1.761,3.145
1.275,3.011
1.21,2.958
1.022,2.874
0.108,2.825
-0.739,3.006
-1.433,2.979
-2.717,3.127
-3.039,2.816
2.858,3.035
-0.001,1.003
1.515,-0.716
1.152,0.196
-0.186,0.207
-1.345,1.804
-1.805,-0.428
-2.069,1.747
-2.125,1.584
-2.147,-0.114
-2.153,-0.421
-3.01,0.193
-2.918,1.455
-3.032,0.348
-3.104,1.858
2.627,1.077
1.905,-0.115
-0.118,2.153
-0.274,0.858
-1.388,2.013
-2.098,-0.002
1.367,-1.287
1.534,2.918
1.94,3.12
-0.012,3.001
-0.221,2.709
-0.169,1.187
-0.191,1.6
-0.254,0.31
-0.252,-0.682
-0.384,1.068
-0.284,1.894
-0.296,0.985
-0.325,1.768
-0.481,0.139
-0.558,-0.727
-0.397,2.504
-0.514,2.137
-0.651,-0.8
-0.655,3.022
-0.671,2.601
-0.798,1.612
-0.936,-0.258
-0.947,2.022
-1.035,2.483
-1.027,-0.138
-1.042,0.148
-1.181,1.618
-1.368,1.972
-1.27,3.028
-1.446,0.664
-1.515,0.27
-1.515,2.784
-1.5,0.116
-1.741,1.476
-1.645,0.485
-1.751,2.341
-1.868,-0.204
-1.915,2.521
-2.057,-0.428
-2.149,3.027
-2.284,1.673
-2.164,-0.577
-2.392,1.444
-2.326,0.417
-2.307,0.56
-2.474,-0.572
-2.535,2.796
-2.505,3.119
-2.678,2.783
-2.595,1.306
-2.74,0.628
-2.67,1.763
-2.813,-0.083
-3.122,-0.705
2.928,0.126
3.031,1.896
3.045,-0.008
2.878,1.657
2.85,1.757
2.986,0.111
2.812,2.337
2.419,-1.133
2.513,-1.296
2.457,-1.205
0.533,-1.056
0.468,-1.231
0.513,-0.91
0.198,-1.123
0.053,-1.258
-0.125,-1.115
-0.479,-1.209
-0.704,-1.38
-1.324,-1.102
-1.458,-1.02
-1.605,-1.408
-1.794,-1.343
-2.114,-1.115
-2.909,-1.153
1.824,3.38
1.338,3.246
1.273,3.193
1.085,3.109
0.171,3.06
-0.676,3.241
-1.37,3.214
-2.654,3.362
-2.976,3.051
2.921,3.27
0.062,1.238
1.578,-0.481
1.215,0.431
-0.123,0.442
-1.282,2.039
-1.742,-0.193
-2.006,1.982
-2.062,1.819
-2.084,0.121
-2.09,-0.186
-2.947,0.428
-2.855,1.69
-2.969,0.583
-3.041,2.093
2.69,1.312
1.968,0.12
-0.055,2.388
-0.211,1.093
-1.325,2.248
-2.035,0.233
1.43,-1.052
1.597,3.153
2.003,3.355
0.051,3.236
0.052,-1.522
0.03,-1.109
-0.033,-2.399
-0.031,-3.391
-0.163,-1.641
-0.063,-0.815
-0.075,-1.724
-0.104,-0.941
-0.26,-2.57
-0.337,-3.436
-0.176,-0.205
-0.293,-0.572
-0.43,-3.509
-0.434,0.313
-0.45,-0.108
-0.577,-1.097
-0.715,-2.967
-0.726,-0.687
-0.814,-0.226
-0.806,-2.847
-0.821,-2.561
-0.96,-1.091
-1.147,-0.737
-1.049,0.319
-1.225,-2.045
-1.294,-2.439
-1.294,0.075
-1.279,-2.593
-1.52,-1.233
-1.424,-2.224
-1.53,-0.368
-1.647,-2.913
-1.694,-0.188
-1.836,-3.137
-1.928,0.318
-2.063,-1.036
-1.943,-3.286
-2.171,-1.265
-2.105,-2.292
-2.086,-2.149
-2.253,-3.281
-2.314,0.087
-2.284,0.41
-2.457,0.074
-2.374,-1.403
-2.519,-2.081
-2.449,-0.946
-2.592,-2.792
-2.901,-3.414
-3.134,-2.583
-3.031,-0.813
-3.017,-2.717
3.099,-1.052
3.071,-0.952
-3.076,-2.598
3.033,-0.372
2.64,-3.842
2.734,-4.005
2.678,-3.914
0.754,-3.765
0.689,-3.94
0.734,-3.619
0.419,-3.832
0.274,-3.967
0.096,-3.824
-0.258,-3.918
-0.483,-4.089
-1.103,-3.811
-1.237,-3.729
-1.384,-4.117
-1.573,-4.052
-1.893,-3.824
-2.688,-3.862
2.045,0.671
1.559,0.537
1.494,0.484
1.306,0.4
0.392,0.351
-0.455,0.532
-1.149,0.505
-2.433,0.653
-2.755,0.342
-3.141,0.561
0.283,-1.471
1.799,-3.19
1.436,-2.278
0.098,-2.267
-1.061,-0.67
-1.521,-2.902
-1.785,-0.727
-1.841,-0.89
-1.863,-2.588
-1.869,-2.895
-2.726,-2.281
-2.634,-1.019
-2.748,-2.126
-2.82,-0.616
2.911,-1.397
2.189,-2.589
0.166,-0.321
0.01,-1.616
-1.104,-0.461
-1.814,-2.476
1.651,-3.761
1.818,0.444
2.224,0.646
0.272,0.527
-0.022,0.413
-0.085,-0.877
-0.083,-1.869
-0.215,-0.119
-0.115,0.707
-0.127,-0.202
-0.156,0.581
-0.312,-1.048
-0.389,-1.914
-0.228,1.317
-0.345,0.95
-0.482,-1.987
-0.486,1.835
-0.502,1.414
-0.629,0.425
-0.767,-1.445
-0.778,0.835
-0.866,1.296
-0.858,-1.325
-0.873,-1.039
-1.012,0.431
-1.199,0.785
-1.101,1.841
-1.277,-0.523
-1.346,-0.917
-1.346,1.597
-1.331,-1.071
-1.572,0.289
-1.476,-0.702
-1.582,1.154
-1.699,-1.391
-1.746,1.334
-1.888,-1.615
-1.98,1.84
-2.115,0.486
-1.995,-1.764
-2.223,0.257
-2.157,-0.77
-2.138,-0.627
-2.305,-1.759
-2.366,1.609
-2.336,1.932
-2.509,1.596
-2.426,0.119
-2.571,-0.559
-2.501,0.576
-2.644,-1.27
-2.953,-1.892
3.097,-1.061
-3.083,0.709
-3.069,-1.195
3.047,0.47
3.019,0.57
-3.128,-1.076
2.981,1.15
2.588,-2.32
2.682,-2.483
2.626,-2.392
0.702,-2.243
0.637,-2.418
0.682,-2.097
0.367,-2.31
0.222,-2.445
0.044,-2.302
-0.31,-2.396
-0.535,-2.567
-1.155,-2.289
-1.289,-2.207
-1.436,-2.595
-1.625,-2.53
-1.945,-2.302
-2.74,-2.34
1.993,2.193
1.507,2.059
1.442,2.006
1.254,1.922
0.34,1.873
-0.507,2.054
-1.201,2.027
-2.485,2.175
-2.807,1.864
3.09,2.083
0.231,0.051
1.747,-1.668
1.384,-0.756
0.046,-0.745
-1.113,0.852
-1.573,-1.38
-1.837,0.795
-1.893,0.632
-1.915,-1.066
-1.921,-1.373
-2.778,-0.759
-2.686,0.503
-2.8,-0.604
-2.872,0.906
2.859,0.125
2.137,-1.067
0.114,1.201
-0.042,-0.094
-1.156,1.061
-1.866,-0.954
1.599,-2.239
1.766,1.966
2.172,2.168
0.22,2.049
-0.063,-1.29
-0.061,-2.282
-0.193,-0.532
-0.093,0.294
-0.105,-0.615
-0.134,0.168
-0.29,-1.461
-0.367,-2.327
-0.206,0.904
-0.323,0.537
-0.46,-2.4
-0.464,1.422
-0.48,1.001
-0.607,0.012
-0.745,-1.858
-0.756,0.422
-0.844,0.883
-0.836,-1.738
-0.851,-1.452
-0.99,0.018
-1.177,0.372
-1.079,1.428
-1.255,-0.936
-1.324,-1.33
-1.324,1.184
-1.309,-1.484
-1.55,-0.124
-1.454,-1.115
-1.56,0.741
-1.677,-1.804
-1.724,0.921
-1.866,-2.028
-1.958,1.427
-2.093,0.073
-1.973,-2.177
-2.201,-0.156
-2.135,-1.183
-2.116,-1.04
-2.283,-2.172
-2.344,1.196
-2.314,1.519
-2.487,1.183
-2.404,-0.294
-2.549,-0.972
-2.479,0.163
-2.622,-1.683
-2.931,-2.305
3.119,-1.474
-3.061,0.296
-3.047,-1.608
3.069,0.057
3.041,0.157
-3.106,-1.489
3.003,0.737
2.61,-2.733
2.704,-2.896
2.648,-2.805
0.724,-2.656
0.659,-2.831
0.704,-2.51
0.389,-2.723
0.244,-2.858
0.066,-2.715
-0.288,-2.809
-0.513,-2.98
-1.133,-2.702
-1.267,-2.62
-1.414,-3.008
-1.603,-2.943
-1.923,-2.715
-2.718,-2.753
2.015,1.78
1.529,1.646
1.464,1.593
1.276,1.509
0.362,1.46
-0.485,1.641
-1.179,1.614
-2.463,1.762
-2.785,1.451
3.112,1.67
0.253,-0.362
1.769,-2.081
1.406,-1.169
0.068,-1.158
-1.091,0.439
-1.551,-1.793
-1.815,0.382
-1.871,0.219
-1.893,-1.479
-1.899,-1.786
-2.756,-1.172
-2.664,0.09
-2.778,-1.017
-2.85,0.493
2.881,-0.288
2.159,-1.48
0.136,0.788
-0.02,-0.507
-1.134,0.648
-1.844,-1.367
1.621,-2.652
1.788,1.553
2.194,1.755
0.242,1.636
0.002,-0.992
-0.13,0.758
-0.03,1.584
-0.042,0.675
-0.071,1.458
-0.227,-0.171
-0.304,-1.037
-0.143,2.194
-0.26,1.827
-0.397,-1.11
-0.401,2.712
-0.417,2.291
-0.544,1.302
-0.682,-0.568
-0.693,1.712
-0.781,2.173
-0.773,-0.448
-0.788,-0.162
-0.927,1.308
-1.114,1.662
-1.016,2.718
-1.192,0.354
-1.261,-0.04
-1.261,2.474
-1.246,-0.194
-1.487,1.166
-1.391,0.175
-1.497,2.031
-1.614,-0.514
-1.661,2.211
-1.803,-0.738
-1.895,2.717
-2.03,1.363
-1.91,-0.887
-2.138,1.134
-2.072,0.107
-2.053,0.25
-2.22,-0.882
-2.281,2.486
-2.251,2.809
-2.424,2.473
-2.341,0.996
-2.486,0.318
-2.416,1.453
-2.559,-0.393
-2.868,-1.015
-3.101,-0.184
-2.998,1.586
-2.984,-0.318
3.132,1.347
3.104,1.447
-3.043,-0.199
3.066,2.027
2.673,-1.443
2.767,-1.606
2.711,-1.515
0.787,-1.366
0.722,-1.541
0.767,-1.22
0.452,-1.433
0.307,-1.568
0.129,-1.425
-0.225,-1.519
-0.45,-1.69
-1.07,-1.412
-1.204,-1.33
-1.351,-1.718
-1.54,-1.653
-1.86,-1.425
-2.655,-1.463
2.078,3.07
1.592,2.936
1.527,2.883
1.339,2.799
0.425,2.75
-0.422,2.931
-1.116,2.904
-2.4,3.052
-2.722,2.741
-3.108,2.96
0.316,0.928
1.832,-0.791
1.469,0.121
0.131,0.132
-1.028,1.729
-1.488,-0.503
-1.752,1.672
-1.808,1.509
-1.83,-0.189
-1.836,-0.496
-2.693,0.118
-2.601,1.38
-2.715,0.273
-2.787,1.783
2.944,1.002
2.222,-0.19
0.199,2.078
0.043,0.783
-1.071,1.938
-1.781,-0.077
1.684,-1.362
1.851,2.843
2.257,3.045
0.305,2.926
-0.132,1.75
-0.032,2.576
-0.044,1.667
-0.073,2.45
-0.229,0.821
-0.306,-0.045
-0.145,3.186
-0.262,2.819
-0.399,-0.118
-0.403,3.704
-0.419,3.283
-0.546,2.294
-0.684,0.424
-0.695,2.704
-0.783,3.165
-0.775,0.544
-0.79,0.83
-0.929,2.3
-1.116,2.654
-1.018,3.71
-1.194,1.346
-1.263,0.952
-1.263,3.466
-1.248,0.798
-1.489,2.158
-1.393,1.167
-1.499,3.023
-1.616,0.478
-1.663,3.203
-1.805,0.254
-1.897,3.709
-2.032,2.355
-1.912,0.105
-2.14,2.126
-2.074,1.099
-2.055,1.242
-2.222,0.11
-2.283,3.478
-2.253,3.801
-2.426,3.465
-2.343,1.988
-2.488,1.31
-2.418,2.445
-2.561,0.599
-2.87,-0.023
-3.103,0.808
-3.0,2.578
-2.986,0.674
3.13,2.339
3.102,2.439
-3.045,0.793
3.064,3.019
2.671,-0.451
2.765,-0.614
2.709,-0.523
0.785,-0.374
0.72,-0.549
0.765,-0.228
0.45,-0.441
0.305,-0.576
0.127,-0.433
-0.227,-0.527
-0.452,-0.698
-1.072,-0.42
-1.206,-0.338
-1.353,-0.726
-1.542,-0.661
-1.862,-0.433
-2.657,-0.471
2.076,4.062
1.59,3.928
1.525,3.875
1.337,3.791
0.423,3.742
-0.424,3.923
-1.118,3.896
-2.402,4.044
-2.724,3.733
-3.11,3.952
0.314,1.92
1.83,0.201
1.467,1.113
0.129,1.124
-1.03,2.721
-1.49,0.489
-1.754,2.664
-1.81,2.501
-1.832,0.803
-1.838,0.496
-2.695,1.11
-2.603,2.372
-2.717,1.265
-2.789,2.775
2.942,1.994
2.22,0.802
0.197,3.07
0.041,1.775
-1.073,2.93
-1.783,0.915
1.682,-0.37
1.849,3.835
2.255,4.037
0.303,3.918
0.1,0.826
0.088,-0.083
0.059,0.7
-0.097,-0.929
-0.174,-1.795
-0.013,1.436
-0.13,1.069
-0.267,-1.868
-0.271,1.954
-0.287,1.533
-0.414,0.544
-0.552,-1.326
-0.563,0.954
-0.651,1.415
-0.643,-1.206
-0.658,-0.92
-0.797,0.55
-0.984,0.904
-0.886,1.96
-1.062,-0.404
-1.131,-0.798
-1.131,1.716
-1.116,-0.952
-1.357,0.408
-1.261,-0.583
-1.367,1.273
-1.484,-1.272
-1.531,1.453
-1.673,-1.496
-1.765,1.959
-1.9,0.605
-1.78,-1.645
-2.008,0.376
-1.942,-0.651
-1.923,-0.508
-2.09,-1.64
-2.151,1.728
-2.121,2.051
-2.294,1.715
-2.211,0.238
-2.356,-0.44
-2.286,0.695
-2.429,-1.151
-2.738,-1.773
-2.971,-0.942
-2.868,0.828
-2.854,-1.076
-3.021,0.589
-3.049,0.689
-2.913,-0.957
-3.087,1.269
2.803,-2.201
2.897,-2.364
2.841,-2.273
0.917,-2.124
0.852,-2.299
0.897,-1.978
0.582,-2.191
0.437,-2.326
0.259,-2.183
-0.095,-2.277
-0.32,-2.448
-0.94,-2.17
-1.074,-2.088
-1.221,-2.476
-1.41,-2.411
-1.73,-2.183
-2.525,-2.221
2.208,2.312
1.722,2.178
1.657,2.125
1.469,2.041
0.555,1.992
-0.292,2.173
-0.986,2.146
-2.27,2.294
-2.592,1.983
-2.978,2.202
0.446,0.17
1.962,-1.549
1.599,-0.637
0.261,-0.626
-0.898,0.971
-1.358,-1.261
-1.622,0.914
-1.678,0.751
-1.7,-0.947
-1.706,-1.254
-2.563,-0.64
-2.471,0.622
-2.585,-0.485
-2.657,1.025
3.074,0.244
2.352,-0.948
0.329,1.32
0.173,0.025
-0.941,1.18
-1.651,-0.835
1.814,-2.12
1.981,2.085
2.387,2.287
0.435,2.168
-0.012,-0.909
-0.041,-0.126
-0.197,-1.755
-0.274,-2.621
-0.113,0.61
-0.23,0.243
-0.367,-2.694
-0.371,1.128
-0.387,0.707
-0.514,-0.282
-0.652,-2.152
-0.663,0.128
-0.751,0.589
-0.743,-2.032
-0.758,-1.746
-0.897,-0.276
-1.084,0.078
-0.986,1.134
-1.162,-1.23
-1.231,-1.624
-1.231,0.89
-1.216,-1.778
-1.457,-0.418
-1.361,-1.409
-1.467,0.447
-1.584,-2.098
-1.631,0.627
-1.773,-2.322
-1.865,1.133
-2.0,-0.221
-1.88,-2.471
-2.108,-0.45
-2.042,-1.477
-2.023,-1.334
-2.19,-2.466
-2.251,0.902
-2.221,1.225
-2.394,0.889
-2.311,-0.588
-2.456,-1.266
-2.386,-0.131
-2.529,-1.977
-2.838,-2.599
-3.071,-1.768
-2.968,0.002
-2.954,-1.902
-3.121,-0.237
3.134,-0.137
-3.013,-1.783
3.096,0.443
2.703,-3.027
2.797,-3.19
2.741,-3.099
0.817,-2.95
0.752,-3.125
0.797,-2.804
0.482,-3.017
0.337,-3.152
0.159,-3.009
-0.195,-3.103
-0.42,-3.274
-1.04,-2.996
-1.174,-2.914
-1.321,-3.302
-1.51,-3.237
-1.83,-3.009
-2.625,-3.047
2.108,1.486
1.622,1.352
1.557,1.299
1.369,1.215
0.455,1.166
-0.392,1.347
-1.086,1.32
-2.37,1.468
-2.692,1.157
-3.078,1.376
0.346,-0.656
1.862,-2.375
1.499,-1.463
0.161,-1.452
-0.998,0.145
-1.458,-2.087
-1.722,0.088
-1.778,-0.075
-1.8,-1.773
-1.806,-2.08
-2.663,-1.466
-2.571,-0.204
-2.685,-1.311
-2.757,0.199
2.974,-0.582
2.252,-1.774
0.229,0.494
0.073,-0.801
-1.041,0.354
-1.751,-1.661
1.714,-2.946
1.881,1.259
2.287,1.461
0.335,1.342
-0.029,0.783
-0.185,-0.846
-0.262,-1.712
-0.101,1.519
-0.218,1.152
-0.355,-1.785
-0.359,2.037
-0.375,1.616
-0.502,0.627
-0.64,-1.243
-0.651,1.037
-0.739,1.498
-0.731,-1.123
-0.746,-0.837
-0.885,0.633
-1.072,0.987
-0.974,2.043
-1.15,-0.321
-1.219,-0.715
-1.219,1.799
-1.204,-0.869
-1.445,0.491
-1.349,-0.5
-1.455,1.356
-1.572,-1.189
-1.619,1.536
-1.761,-1.413
-1.853,2.042
-1.988,0.688
-1.868,-1.562
-2.096,0.459
-2.03,-0.568
-2.011,-0.425
-2.178,-1.557
-2.239,1.811
-2.209,2.134
-2.382,1.798
-2.299,0.321
-2.444,-0.357
-2.374,0.778
-2.517,-1.068
-2.826,-1.69
-3.059,-0.859
-2.956,0.911
-2.942,-0.993
-3.109,0.672
-3.137,0.772
-3.001,-0.874
3.108,1.352
2.715,-2.118
2.809,-2.281
2.753,-2.19
0.829,-2.041
0.764,-2.216
0.809,-1.895
0.494,-2.108
0.349,-2.243
0.171,-2.1
-0.183,-2.194
-0.408,-2.365
-1.028,-2.087
-1.162,-2.005
-1.309,-2.393
-1.498,-2.328
-1.818,-2.1
-2.613,-2.138
2.12,2.395
1.634,2.261
1.569,2.208
1.381,2.124
0.467,2.075
-0.38,2.256
-1.074,2.229
-2.358,2.377
-2.68,2.066
-3.066,2.285
0.358,0.253
1.874,-1.466
1.511,-0.554
0.173,-0.543
-0.986,1.054
-1.446,-1.178
-1.71,0.997
-1.766,0.834
-1.788,-0.864
-1.794,-1.171
-2.651,-0.557
-2.559,0.705
-2.673,-0.402
-2.745,1.108
2.986,0.327
2.264,-0.865
0.241,1.403
0.085,0.108
-1.029,1.263
-1.739,-0.752
1.726,-2.037
1.893,2.168
2.299,2.37
0.347,2.251
-0.156,-1.629
-0.233,-2.495
-0.072,0.736
-0.189,0.369
-0.326,-2.568
-0.33,1.254
-0.346,0.833
-0.473,-0.156
-0.611,-2.026
-0.622,0.254
-0.71,0.715
-0.702,-1.906
-0.717,-1.62
-0.856,-0.15
-1.043,0.204
-0.945,1.26
-1.121,-1.104
-1.19,-1.498
-1.19,1.016
-1.175,-1.652
-1.416,-0.292
-1.32,-1.283
-1.426,0.573
-1.543,-1.972
-1.59,0.753
-1.732,-2.196
-1.824,1.259
-1.959,-0.095
-1.839,-2.345
-2.067,-0.324
-2.001,-1.351
-1.982,-1.208
-2.149,-2.34
-2.21,1.028
-2.18,1.351
-2.353,1.015
-2.27,-0.462
-2.415,-1.14
-2.345,-0.005
-2.488,-1.851
-2.797,-2.473
-3.03,-1.642
-2.927,0.128
-2.913,-1.776
-3.08,-0.111
-3.108,-0.011
-2.972,-1.657
3.137,0.569
2.744,-2.901
2.838,-3.064
2.782,-2.973
0.858,-2.824
0.793,-2.999
0.838,-2.678
0.523,-2.891
0.378,-3.026
0.2,-2.883
-0.154,-2.977
-0.379,-3.148
-0.999,-2.87
-1.133,-2.788
-1.28,-3.176
-1.469,-3.111
-1.789,-2.883
-2.584,-2.921
2.149,1.612
1.663,1.478
1.598,1.425
1.41,1.341
0.496,1.292
-0.351,1.473
-1.045,1.446
-2.329,1.594
-2.651,1.283
-3.037,1.502
0.387,-0.53
1.903,-2.249
1.54,-1.337
0.202,-1.326
-0.957,0.271
-1.417,-1.961
-1.681,0.214
-1.737,0.051
-1.759,-1.647
-1.765,-1.954
-2.622,-1.34
-2.53,-0.078
-2.644,-1.185
-2.716,0.325
3.015,-0.456
2.293,-1.648
0.27,0.62
0.114,-0.675
-1.0,0.48
-1.71,-1.535
1.755,-2.82
1.922,1.385
2.328,1.587
0.376,1.468
-0.077,-0.866
0.084,2.365
-0.033,1.998
-0.17,-0.939
-0.174,2.883
-0.19,2.462
-0.317,1.473
-0.455,-0.397
-0.466,1.883
-0.554,2.344
-0.546,-0.277
-0.561,0.009
-0.7,1.479
-0.887,1.833
-0.789,2.889
-0.965,0.525
-1.034,0.131
-1.034,2.645
-1.019,-0.023
-1.26,1.337
-1.164,0.346
-1.27,2.202
-1.387,-0.343
-1.434,2.382
-1.576,-0.567
-1.668,2.888
-1.803,1.534
-1.683,-0.716
-1.911,1.305
-1.845,0.278
-1.826,0.421
-1.993,-0.711
-2.054,2.657
-2.024,2.98
-2.197,2.644
-2.114,1.167
-2.259,0.489
-2.189,1.624
-2.332,-0.222
-2.641,-0.844
-2.874,-0.013
-2.771,1.757
-2.757,-0.147
-2.924,1.518
-2.952,1.618
-2.816,-0.028
-2.99,2.198
2.9,-1.272
2.994,-1.435
2.938,-1.344
1.014,-1.195
0.949,-1.37
0.994,-1.049
0.679,-1.262
0.534,-1.397
0.356,-1.254
0.002,-1.348
-0.223,-1.519
-0.843,-1.241
-0.977,-1.159
-1.124,-1.547
-1.313,-1.482
-1.633,-1.254
-2.428,-1.292
2.305,3.241
1.819,3.107
1.754,3.054
1.566,2.97
0.652,2.921
-0.195,3.102
-0.889,3.075
-2.173,3.223
-2.495,2.912
-2.881,3.131
0.543,1.099
2.059,-0.62
1.696,0.292
0.358,0.303
-0.801,1.9
-1.261,-0.332
-1.525,1.843
-1.581,1.68
-1.603,-0.018
-1.609,-0.325
-2.466,0.289
-2.374,1.551
-2.488,0.444
-2.56,1.954
-3.112,1.173
2.449,-0.019
0.426,2.249
0.27,0.954
-0.844,2.109
-1.554,0.094
1.911,-1.191
2.078,3.014
2.484,3.216
0.532,3.097
0.161,3.231
0.044,2.864
-0.093,-0.073
-0.097,3.749
-0.113,3.328
-0.24,2.339
-0.378,0.469
-0.389,2.749
-0.477,3.21
-0.469,0.589
-0.484,0.875
-0.623,2.345
-0.81,2.699
-0.712,3.755
-0.888,1.391
-0.957,0.997
-0.957,3.511
-0.942,0.843
-1.183,2.203
-1.087,1.212
-1.193,3.068
-1.31,0.523
-1.357,3.248
-1.499,0.299
-1.591,3.754
-1.726,2.4
-1.606,0.15
-1.834,2.171
-1.768,1.144
-1.749,1.287
-1.916,0.155
-1.977,3.523
-1.947,3.846
-2.12,3.51
-2.037,2.033
-2.182,1.355
-2.112,2.49
-2.255,0.644
-2.564,0.022
-2.797,0.853
-2.694,2.623
-2.68,0.719
-2.847,2.384
-2.875,2.484
-2.739,0.838
-2.913,3.064
2.977,-0.406
3.071,-0.569
3.015,-0.478
1.091,-0.329
1.026,-0.504
1.071,-0.183
0.756,-0.396
0.611,-0.531
0.433,-0.388
0.079,-0.482
-0.146,-0.653
-0.766,-0.375
-0.9,-0.293
-1.047,-0.681
-1.236,-0.616
-1.556,-0.388
-2.351,-0.426
2.382,4.107
1.896,3.973
1.831,3.92
1.643,3.836
0.729,3.787
-0.118,3.968
-0.812,3.941
-2.096,4.089
-2.418,3.778
-2.804,3.997
0.62,1.965
2.136,0.246
1.773,1.158
0.435,1.169
-0.724,2.766
-1.184,0.534
-1.448,2.709
-1.504,2.546
-1.526,0.848
-1.532,0.541
-2.389,1.155
-2.297,2.417
-2.411,1.31
-2.483,2.82
-3.035,2.039
2.526,0.847
0.503,3.115
0.347,1.82
-0.767,2.975
-1.477,0.96
1.988,-0.325
2.155,3.88
2.561,4.082
0.609,3.963
-0.117,-0.367
-0.254,-3.304
-0.258,0.518
-0.274,0.097
-0.401,-0.892
-0.539,-2.762
-0.55,-0.482
-0.638,-0.021
-0.63,-2.642
-0.645,-2.356
-0.784,-0.886
-0.971,-0.532
-0.873,0.524
-1.049,-1.84
-1.118,-2.234
-1.118,0.28
-1.103,-2.388
-1.344,-1.028
-1.248,-2.019
-1.354,-0.163
-1.471,-2.708
-1.518,0.017
-1.66,-2.932
-1.752,0.523
-1.887,-0.831
-1.767,-3.081
-1.995,-1.06
-1.929,-2.087
-1.91,-1.944
-2.077,-3.076
-2.138,0.292
-2.108,0.615
-2.281,0.279
-2.198,-1.198
-2.343,-1.876
-2.273,-0.741
-2.416,-2.587
-2.725,-3.209
-2.958,-2.378
-2.855,-0.608
-2.841,-2.512
-3.008,-0.847
-3.036,-0.747
-2.9,-2.393
-3.074,-0.167
2.816,-3.637
2.91,-3.8
2.854,-3.709
0.93,-3.56
0.865,-3.735
0.91,-3.414
0.595,-3.627
0.45,-3.762
0.272,-3.619
-0.082,-3.713
-0.307,-3.884
-0.927,-3.606
-1.061,-3.524
-1.208,-3.912
-1.397,-3.847
-1.717,-3.619
-2.512,-3.657
2.221,0.876
1.735,0.742
1.67,0.689
1.482,0.605
0.568,0.556
-0.279,0.737
-0.973,0.71
-2.257,0.858
-2.579,0.547
-2.965,0.766
0.459,-1.266
1.975,-2.985
1.612,-2.073
0.274,-2.062
-0.885,-0.465
-1.345,-2.697
-1.609,-0.522
-1.665,-0.685
-1.687,-2.383
-1.693,-2.69
-2.55,-2.076
-2.458,-0.814
-2.572,-1.921
-2.644,-0.411
3.087,-1.192
2.365,-2.384
0.342,-0.116
0.186,-1.411
-0.928,-0.256
-1.638,-2.271
1.827,-3.556
1.994,0.649
2.4,0.851
0.448,0.732
-0.137,-2.937
-0.141,0.885
-0.157,0.464
-0.284,-0.525
-0.422,-2.395
-0.433,-0.115
-0.521,0.346
-0.513,-2.275
-0.528,-1.989
-0.667,-0.519
-0.854,-0.165
-0.756,0.891
-0.932,-1.473
-1.001,-1.867
-1.001,0.647
-0.986,-2.021
-1.227,-0.661
-1.131,-1.652
-1.237,0.204
-1.354,-2.341
-1.401,0.384
-1.543,-2.565
-1.635,0.89
-1.77,-0.464
-1.65,-2.714
-1.878,-0.693
-1.812,-1.72
-1.793,-1.577
-1.96,-2.709
-2.021,0.659
-1.991,0.982
-2.164,0.646
-2.081,-0.831
-2.226,-1.509
-2.156,-0.374
-2.299,-2.22
-2.608,-2.842
-2.841,-2.011
-2.738,-0.241
-2.724,-2.145
-2.891,-0.48
-2.919,-0.38
-2.783,-2.026
-2.957,0.2
2.933,-3.27
3.027,-3.433
2.971,-3.342
1.047,-3.193
0.982,-3.368
1.027,-3.047
0.712,-3.26
0.567,-3.395
0.389,-3.252
0.035,-3.346
-0.19,-3.517
-0.81,-3.239
-0.944,-3.157
-1.091,-3.545
-1.28,-3.48
-1.6,-3.252
-2.395,-3.29
2.338,1.243
1.852,1.109
1.787,1.056
1.599,0.972
0.685,0.923
-0.162,1.104
-0.856,1.077
-2.14,1.225
-2.462,0.914
-2.848,1.133
0.576,-0.899
2.092,-2.618
1.729,-1.706
0.391,-1.695
-0.768,-0.098
-1.228,-2.33
-1.492,-0.155
-1.548,-0.318
-1.57,-2.016
-1.576,-2.323
-2.433,-1.709
-2.341,-0.447
-2.455,-1.554
-2.527,-0.044
-3.079,-0.825
2.482,-2.017
0.459,0.251
0.303,-1.044
-0.811,0.111
-1.521,-1.904
1.944,-3.189
2.111,1.016
2.517,1.218
0.565,1.099
-0.004,3.822
-0.02,3.401
-0.147,2.412
-0.285,0.542
-0.296,2.822
-0.384,3.283
-0.376,0.662
-0.391,0.948
-0.53,2.418
-0.717,2.772
-0.619,3.828
-0.795,1.464
-0.864,1.07
-0.864,3.584
-0.849,0.916
-1.09,2.276
-0.994,1.285
-1.1,3.141
-1.217,0.596
-1.264,3.321
-1.406,0.372
-1.498,3.827
-1.633,2.473
-1.513,0.223
-1.741,2.244
-1.675,1.217
-1.656,1.36
-1.823,0.228
-1.884,3.596
-1.854,3.919
-2.027,3.583
-1.944,2.106
-2.089,1.428
-2.019,2.563
-2.162,0.717
-2.471,0.095
-2.704,0.926
-2.601,2.696
-2.587,0.792
-2.754,2.457
-2.782,2.557
-2.646,0.911
-2.82,3.137
3.07,-0.333
-3.119,-0.496
3.108,-0.405
1.184,-0.256
1.119,-0.431
1.164,-0.11
0.849,-0.323
0.704,-0.458
0.526,-0.315
0.172,-0.409
-0.053,-0.58
-0.673,-0.302
-0.807,-0.22
-0.954,-0.608
-1.143,-0.543
-1.463,-0.315
-2.258,-0.353
2.475,4.18
1.989,4.046
1.924,3.993
1.736,3.909
0.822,3.86
-0.025,4.041
-0.719,4.014
-2.003,4.162
-2.325,3.851
-2.711,4.07
0.713,2.038
2.229,0.319
1.866,1.231
0.528,1.242
-0.631,2.839
-1.091,0.607
-1.355,2.782
-1.411,2.619
-1.433,0.921
-1.439,0.614
-2.296,1.228
-2.204,2.49
-2.318,1.383
-2.39,2.893
-2.942,2.112
2.619,0.92
0.596,3.188
0.44,1.893
-0.674,3.048
-1.384,1.033
2.081,-0.252
2.248,3.953
2.654,4.155
0.702,4.036
-0.016,-0.421
-0.143,-1.41
-0.281,-3.28
-0.292,-1.0
-0.38,-0.539
-0.372,-3.16
-0.387,-2.874
-0.526,-1.404
-0.713,-1.05
-0.615,0.006
-0.791,-2.358
-0.86,-2.752
-0.86,-0.238
-0.845,-2.906
-1.086,-1.546
-0.99,-2.537
-1.096,-0.681
-1.213,-3.226
-1.26,-0.501
-1.402,-3.45
-1.494,0.005
-1.629,-1.349
-1.509,-3.599
-1.737,-1.578
-1.671,-2.605
-1.652,-2.462
-1.819,-3.594
-1.88,-0.226
-1.85,0.097
-2.023,-0.239
-1.94,-1.716
-2.085,-2.394
-2.015,-1.259
-2.158,-3.105
-2.467,-3.727
-2.7,-2.896
-2.597,-1.126
-2.583,-3.03
-2.75,-1.365
-2.778,-1.265
-2.642,-2.911
-2.816,-0.685
3.074,-4.155
-3.115,-4.318
3.112,-4.227
1.188,-4.078
1.123,-4.253
1.168,-3.932
0.853,-4.145
0.708,-4.28
0.53,-4.137
0.176,-4.231
-0.049,-4.402
-0.669,-4.124
-0.803,-4.042
-0.95,-4.43
-1.139,-4.365
-1.459,-4.137
-2.254,-4.175
2.479,0.358
1.993,0.224
1.928,0.171
1.74,0.087
0.826,0.038
-0.021,0.219
-0.715,0.192
-1.999,0.34
-2.321,0.029
-2.707,0.248
0.717,-1.784
2.233,-3.503
1.87,-2.591
0.532,-2.58
-0.627,-0.983
-1.087,-3.215
-1.351,-1.04
-1.407,-1.203
-1.429,-2.901
-1.435,-3.208
-2.292,-2.594
-2.2,-1.332
-2.314,-2.439
-2.386,-0.929
-2.938,-1.71
2.623,-2.902
0.6,-0.634
0.444,-1.929
-0.67,-0.774
-1.38,-2.789
2.085,-4.074
2.252,0.131
2.658,0.333
0.706,0.214
-0.127,-0.989
-0.265,-2.859
-0.276,-0.579
-0.364,-0.118
-0.356,-2.739
-0.371,-2.453
-0.51,-0.983
-0.697,-0.629
-0.599,0.427
-0.775,-1.937
-0.844,-2.331
-0.844,0.183
-0.829,-2.485
-1.07,-1.125
-0.974,-2.116
-1.08,-0.26
-1.197,-2.805
-1.244,-0.08
-1.386,-3.029
-1.478,0.426
-1.613,-0.928
-1.493,-3.178
-1.721,-1.157
-1.655,-2.184
-1.636,-2.041
-1.803,-3.173
-1.864,0.195
-1.834,0.518
-2.007,0.182
-1.924,-1.295
-2.069,-1.973
-1.999,-0.838
-2.142,-2.684
-2.451,-3.306
-2.684,-2.475
-2.581,-0.705
-2.567,-2.609
-2.734,-0.944
-2.762,-0.844
-2.626,-2.49
-2.8,-0.264
3.09,-3.734
-3.099,-3.897
3.128,-3.806
1.204,-3.657
1.139,-3.832
1.184,-3.511
0.869,-3.724
0.724,-3.859
0.546,-3.716
0.192,-3.81
-0.033,-3.981
-0.653,-3.703
-0.787,-3.621
-0.934,-4.009
-1.123,-3.944
-1.443,-3.716
-2.238,-3.754
2.495,0.779
2.009,0.645
1.944,0.592
1.756,0.508
0.842,0.459
-0.005,0.64
-0.699,0.613
-1.983,0.761
-2.305,0.45
-2.691,0.669
0.733,-1.363
2.249,-3.082
1.886,-2.17
0.548,-2.159
-0.611,-0.562
-1.071,-2.794
-1.335,-0.619
-1.391,-0.782
-1.413,-2.48
-1.419,-2.787
-2.276,-2.173
-2.184,-0.911
-2.298,-2.018
-2.37,-0.508
-2.922,-1.289
2.639,-2.481
0.616,-0.213
0.46,-1.508
-0.654,-0.353
-1.364,-2.368
2.101,-3.653
2.268,0.552
2.674,0.754
0.722,0.635
-0.138,-1.87
-0.149,0.41
-0.237,0.871
-0.229,-1.75
-0.244,-1.464
-0.383,0.006
-0.57,0.36
-0.472,1.416
-0.648,-0.948
-0.717,-1.342
-0.717,1.172
-0.702,-1.496
-0.943,-0.136
-0.847,-1.127
-0.953,0.729
-1.07,-1.816
-1.117,0.909
-1.259,-2.04
-1.351,1.415
-1.486,0.061
-1.366,-2.189
-1.594,-0.168
-1.528,-1.195
-1.509,-1.052
-1.676,-2.184
-1.737,1.184
-1.707,1.507
-1.88,1.171
-1.797,-0.306
-1.942,-0.984
-1.872,0.151
-2.015,-1.695
-2.324,-2.317
-2.557,-1.486
-2.454,0.284
-2.44,-1.62
-2.607,0.045
-2.635,0.145
-2.499,-1.501
-2.673,0.725
-3.066,-2.745
-2.972,-2.908
-3.028,-2.817
1.331,-2.668
1.266,-2.843
1.311,-2.522
0.996,-2.735
0.851,-2.87
0.673,-2.727
0.319,-2.821
0.094,-2.992
-0.526,-2.714
-0.66,-2.632
-0.807,-3.02
-0.996,-2.955
-1.316,-2.727
-2.111,-2.765
2.622,1.768
2.136,1.634
2.071,1.581
1.883,1.497
0.969,1.448
0.122,1.629
-0.572,1.602
-1.856,1.75
-2.178,1.439
-2.564,1.658
0.86,-0.374
2.376,-2.093
2.013,-1.181
0.675,-1.17
-0.484,0.427
-0.944,-1.805
-1.208,0.37
-1.264,0.207
-1.286,-1.491
-1.292,-1.798
-2.149,-1.184
-2.057,0.078
-2.171,-1.029
-2.243,0.481
-2.795,-0.3
2.766,-1.492
0.743,0.776
0.587,-0.519
-0.527,0.636
-1.237,-1.379
2.228,-2.664
2.395,1.541
2.801,1.743
0.849,1.624
-0.011,2.28
-0.099,2.741
-0.091,0.12
-0.106,0.406
-0.245,1.876
-0.432,2.23
-0.334,3.286
-0.51,0.922
-0.579,0.528
-0.579,3.042
-0.564,0.374
-0.805,1.734
-0.709,0.743
-0.815,2.599
-0.932,0.054
-0.979,2.779
-1.121,-0.17
-1.213,3.285
-1.348,1.931
-1.228,-0.319
-1.456,1.702
-1.39,0.675
-1.371,0.818
-1.538,-0.314
-1.599,3.054
-1.569,3.377
-1.742,3.041
-1.659,1.564
-1.804,0.886
-1.734,2.021
-1.877,0.175
-2.186,-0.447
-2.419,0.384
-2.316,2.154
-2.302,0.25
-2.469,1.915
-2.497,2.015
-2.361,0.369
-2.535,2.595
-2.928,-0.875
-2.834,-1.038
-2.89,-0.947
1.469,-0.798
1.404,-0.973
1.449,-0.652
1.134,-0.865
0.989,-1.0
0.811,-0.857
0.457,-0.951
0.232,-1.122
-0.388,-0.844
-0.522,-0.762
-0.669,-1.15
-0.858,-1.085
-1.178,-0.857
-1.973,-0.895
2.76,3.638
2.274,3.504
2.209,3.451
2.021,3.367
1.107,3.318
0.26,3.499
-0.434,3.472
-1.718,3.62
-2.04,3.309
-2.426,3.528
0.998,1.496
2.514,-0.223
2.151,0.689
0.813,0.7
-0.346,2.297
-0.806,0.065
-1.07,2.24
-1.126,2.077
-1.148,0.379
-1.154,0.072
-2.011,0.686
-1.919,1.948
-2.033,0.841
-2.105,2.351
-2.657,1.57
2.904,0.378
0.881,2.646
0.725,1.351
-0.389,2.506
-1.099,0.491
2.366,-0.794
2.533,3.411
2.939,3.613
0.987,3.494
-0.088,0.461
-0.08,-2.16
-0.095,-1.874
-0.234,-0.404
-0.421,-0.05
-0.323,1.006
-0.499,-1.358
-0.568,-1.752
-0.568,0.762
-0.553,-1.906
-0.794,-0.546
-0.698,-1.537
-0.804,0.319
-0.921,-2.226
-0.968,0.499
-1.11,-2.45
-1.202,1.005
-1.337,-0.349
-1.217,-2.599
-1.445,-0.578
-1.379,-1.605
-1.36,-1.462
-1.527,-2.594
-1.588,0.774
-1.558,1.097
-1.731,0.761
-1.648,-0.716
-1.793,-1.394
-1.723,-0.259
-1.866,-2.105
-2.175,-2.727
-2.408,-1.896
-2.305,-0.126
-2.291,-2.03
-2.458,-0.365
-2.486,-0.265
-2.35,-1.911
-2.524,0.315
-2.917,-3.155
-2.823,-3.318
-2.879,-3.227
1.48,-3.078
1.415,-3.253
1.46,-2.932
1.145,-3.145
1.0,-3.28
0.822,-3.137
0.468,-3.231
0.243,-3.402
-0.377,-3.124
-0.511,-3.042
-0.658,-3.43
-0.847,-3.365
-1.167,-3.137
-1.962,-3.175
2.771,1.358
2.285,1.224
2.22,1.171
2.032,1.087
1.118,1.038
0.271,1.219
-0.423,1.192
-1.707,1.34
-2.029,1.029
-2.415,1.248
1.009,-0.784
2.525,-2.503
2.162,-1.591
0.824,-1.58
-0.335,0.017
-0.795,-2.215
-1.059,-0.04
-1.115,-0.203
-1.137,-1.901
-1.143,-2.208
-2.0,-1.594
-1.908,-0.332
-2.022,-1.439
-2.094,0.071
-2.646,-0.71
2.915,-1.902
0.892,0.366
0.736,-0.929
-0.378,0.226
-1.088,-1.789
2.377,-3.074
2.544,1.131
2.95,1.333
0.998,1.214
0.008,-2.621
-0.007,-2.335
-0.146,-0.865
-0.333,-0.511
-0.235,0.545
-0.411,-1.819
-0.48,-2.213
-0.48,0.301
-0.465,-2.367
-0.706,-1.007
-0.61,-1.998
-0.716,-0.142
-0.833,-2.687
-0.88,0.038
-1.022,-2.911
-1.114,0.544
-1.249,-0.81
-1.129,-3.06
-1.357,-1.039
-1.291,-2.066
-1.272,-1.923
-1.439,-3.055
-1.5,0.313
-1.47,0.636
-1.643,0.3
-1.56,-1.177
-1.705,-1.855
-1.635,-0.72
-1.778,-2.566
-2.087,-3.188
-2.32,-2.357
-2.217,-0.587
-2.203,-2.491
-2.37,-0.826
-2.398,-0.726
-2.262,-2.372
-2.436,-0.146
-2.829,-3.616
-2.735,-3.779
-2.791,-3.688
1.568,-3.539
1.503,-3.714
1.548,-3.393
1.233,-3.606
1.088,-3.741
0.91,-3.598
0.556,-3.692
0.331,-3.863
-0.289,-3.585
-0.423,-3.503
-0.57,-3.891
-0.759,-3.826
-1.079,-3.598
-1.874,-3.636
2.859,0.897
2.373,0.763
2.308,0.71
2.12,0.626
1.206,0.577
0.359,0.758
-0.335,0.731
-1.619,0.879
-1.941,0.568
-2.327,0.787
1.097,-1.245
2.613,-2.964
2.25,-2.052
0.912,-2.041
-0.247,-0.444
-0.707,-2.676
-0.971,-0.501
-1.027,-0.664
-1.049,-2.362
-1.055,-2.669
-1.912,-2.055
-1.82,-0.793
-1.934,-1.9
-2.006,-0.39
-2.558,-1.171
3.003,-2.363
0.98,-0.095
0.824,-1.39
-0.29,-0.235
-1.0,-2.25
2.465,-3.535
2.632,0.67
3.038,0.872
1.086,0.753
-0.015,0.286
-0.154,1.756
-0.341,2.11
-0.243,3.166
-0.419,0.802
-0.488,0.408
-0.488,2.922
-0.473,0.254
-0.714,1.614
-0.618,0.623
-0.724,2.479
-0.841,-0.066
-0.888,2.659
-1.03,-0.29
-1.122,3.165
-1.257,1.811
-1.137,-0.439
-1.365,1.582
-1.299,0.555
-1.28,0.698
-1.447,-0.434
-1.508,2.934
-1.478,3.257
-1.651,2.921
-1.568,1.444
-1.713,0.766
-1.643,1.901
-1.786,0.055
-2.095,-0.567
-2.328,0.264
-2.225,2.034
-2.211,0.13
-2.378,1.795
-2.406,1.895
-2.27,0.249
-2.444,2.475
-2.837,-0.995
-2.743,-1.158
-2.799,-1.067
1.56,-0.918
1.495,-1.093
1.54,-0.772
1.225,-0.985
1.08,-1.12
0.902,-0.977
0.548,-1.071
0.323,-1.242
-0.297,-0.964
-0.431,-0.882
-0.578,-1.27
-0.767,-1.205
-1.087,-0.977
-1.882,-1.015
2.851,3.518
2.365,3.384
2.3,3.331
2.112,3.247
1.198,3.198
0.351,3.379
-0.343,3.352
-1.627,3.5
-1.949,3.189
-2.335,3.408
1.089,1.376
2.605,-0.343
2.242,0.569
0.904,0.58
-0.255,2.177
-0.715,-0.055
-0.979,2.12
-1.035,1.957
-1.057,0.259
-1.063,-0.048
-1.92,0.566
-1.828,1.828
-1.942,0.721
-2.014,2.231
-2.566,1.45
2.995,0.258
0.972,2.526
0.816,1.231
-0.298,2.386
-1.008,0.371
2.457,-0.914
2.624,3.291
3.03,3.493
1.078,3.374
-0.139,1.47
-0.326,1.824
-0.228,2.88
-0.404,0.516
-0.473,0.122
-0.473,2.636
-0.458,-0.032
-0.699,1.328
-0.603,0.337
-0.709,2.193
-0.826,-0.352
-0.873,2.373
-1.015,-0.576
-1.107,2.879
-1.242,1.525
-1.122,-0.725
-1.35,1.296
-1.284,0.269
-1.265,0.412
-1.432,-0.72
-1.493,2.648
-1.463,2.971
-1.636,2.635
-1.553,1.158
-1.698,0.48
-1.628,1.615
-1.771,-0.231
-2.08,-0.853
-2.313,-0.022
-2.21,1.748
-2.196,-0.156
-2.363,1.509
-2.391,1.609
-2.255,-0.037
-2.429,2.189
-2.822,-1.281
-2.728,-1.444
-2.784,-1.353
1.575,-1.204
1.51,-1.379
1.555,-1.058
1.24,-1.271
1.095,-1.406
0.917,-1.263
0.563,-1.357
0.338,-1.528
-0.282,-1.25
-0.416,-1.168
-0.563,-1.556
-0.752,-1.491
-1.072,-1.263
-1.867,-1.301
2.866,3.232
2.38,3.098
2.315,3.045
2.127,2.961
1.213,2.912
0.366,3.093
-0.328,3.066
-1.612,3.214
-1.934,2.903
-2.32,3.122
1.104,1.09
2.62,-0.629
2.257,0.283
0.919,0.294
-0.24,1.891
-0.7,-0.341
-0.964,1.834
-1.02,1.671
-1.042,-0.027
-1.048,-0.334
-1.905,0.28
-1.813,1.542
-1.927,0.435
-1.999,1.945
-2.551,1.164
3.01,-0.028
0.987,2.24
0.831,0.945
-0.283,2.1
-0.993,0.085
2.472,-1.2
2.639,3.005
3.045,3.207
1.093,3.088
-0.187,0.354
-0.089,1.41
-0.265,-0.954
-0.334,-1.348
-0.334,1.166
-0.319,-1.502
-0.56,-0.142
-0.464,-1.133
-0.57,0.723
-0.687,-1.822
-0.734,0.903
-0.876,-2.046
-0.968,1.409
-1.103,0.055
-0.983,-2.195
-1.211,-0.174
-1.145,-1.201
-1.126,-1.058
-1.293,-2.19
-1.354,1.178
-1.324,1.501
-1.497,1.165
-1.414,-0.312
-1.559,-0.99
-1.489,0.145
-1.632,-1.701
-1.941,-2.323
-2.174,-1.492
-2.071,0.278
-2.057,-1.626
-2.224,0.039
-2.252,0.139
-2.116,-1.507
-2.29,0.719
-2.683,-2.751
-2.589,-2.914
-2.645,-2.823
1.714,-2.674
1.649,-2.849
1.694,-2.528
1.379,-2.741
1.234,-2.876
1.056,-2.733
0.702,-2.827
0.477,-2.998
-0.143,-2.72
-0.277,-2.638
-0.424,-3.026
-0.613,-2.961
-0.933,-2.733
-1.728,-2.771
3.005,1.762
2.519,1.628
2.454,1.575
2.266,1.491
1.352,1.442
0.505,1.623
-0.189,1.596
-1.473,1.744
-1.795,1.433
-2.181,1.652
1.243,-0.38
2.759,-2.099
2.396,-1.187
1.058,-1.176
-0.101,0.421
-0.561,-1.811
-0.825,0.364
-0.881,0.201
-0.903,-1.497
-0.909,-1.804
-1.766,-1.19
-1.674,0.072
-1.788,-1.035
-1.86,0.475
-2.412,-0.306
-3.134,-1.498
1.126,0.77
0.97,-0.525
-0.144,0.63
-0.854,-1.385
2.611,-2.67
2.778,1.535
-3.099,1.737
1.232,1.618
0.098,1.056
-0.078,-1.308
-0.147,-1.702
-0.147,0.812
-0.132,-1.856
-0.373,-0.496
-0.277,-1.487
-0.383,0.369
-0.5,-2.176
-0.547,0.549
-0.689,-2.4
-0.781,1.055
-0.916,-0.299
-0.796,-2.549
-1.024,-0.528
-0.958,-1.555
-0.939,-1.412
-1.106,-2.544
-1.167,0.824
-1.137,1.147
-1.31,0.811
-1.227,-0.666
-1.372,-1.344
-1.302,-0.209
-1.445,-2.055
-1.754,-2.677
-1.987,-1.846
-1.884,-0.076
-1.87,-1.98
-2.037,-0.315
-2.065,-0.215
-1.929,-1.861
-2.103,0.365
-2.496,-3.105
-2.402,-3.268
-2.458,-3.177
1.901,-3.028
1.836,-3.203
1.881,-2.882
1.566,-3.095
1.421,-3.23
1.243,-3.087
0.889,-3.181
0.664,-3.352
0.044,-3.074
-0.09,-2.992
-0.237,-3.38
-0.426,-3.315
-0.746,-3.087
-1.541,-3.125
-3.091,1.408
2.706,1.274
2.641,1.221
2.453,1.137
1.539,1.088
0.692,1.269
-0.002,1.242
-1.286,1.39
-1.608,1.079
-1.994,1.298
1.43,-0.734
2.946,-2.453
2.583,-1.541
1.245,-1.53
0.086,0.067
-0.374,-2.165
-0.638,0.01
-0.694,-0.153
-0.716,-1.851
-0.722,-2.158
-1.579,-1.544
-1.487,-0.282
-1.601,-1.389
-1.673,0.121
-2.225,-0.66
-2.947,-1.852
1.313,0.416
1.157,-0.879
0.043,0.276
-0.667,-1.739
2.798,-3.024
2.965,1.181
-2.912,1.383
1.419,1.264
-0.176,-2.364
-0.245,-2.758
-0.245,-0.244
-0.23,-2.912
-0.471,-1.552
-0.375,-2.543
-0.481,-0.687
-0.598,-3.232
-0.645,-0.507
-0.787,-3.456
-0.879,-0.001
-1.014,-1.355
-0.894,-3.605
-1.122,-1.584
-1.056,-2.611
-1.037,-2.468
-1.204,-3.6
-1.265,-0.232
-1.235,0.091
-1.408,-0.245
-1.325,-1.722
-1.47,-2.4
-1.4,-1.265
-1.543,-3.111
-1.852,-3.733
-2.085,-2.902
-1.982,-1.132
-1.968,-3.036
-2.135,-1.371
-2.163,-1.271
-2.027,-2.917
-2.201,-0.691
-2.594,-4.161
-2.5,-4.324
-2.556,-4.233
1.803,-4.084
1.738,-4.259
1.783,-3.938
1.468,-4.151
1.323,-4.286
1.145,-4.143
0.791,-4.237
0.566,-4.408
-0.054,-4.13
-0.188,-4.048
-0.335,-4.436
-0.524,-4.371
-0.844,-4.143
-1.639,-4.181
3.094,0.352
2.608,0.218
2.543,0.165
2.355,0.081
1.441,0.032
0.594,0.213
-0.1,0.186
-1.384,0.334
-1.706,0.023
-2.092,0.242
1.332,-1.79
2.848,-3.509
2.485,-2.597
1.147,-2.586
-0.012,-0.989
-0.472,-3.221
-0.736,-1.046
-0.792,-1.209
-0.814,-2.907
-0.82,-3.214
-1.677,-2.6
-1.585,-1.338
-1.699,-2.445
-1.771,-0.935
-2.323,-1.716
-3.045,-2.908
1.215,-0.64
1.059,-1.935
-0.055,-0.78
-0.765,-2.795
2.7,-4.08
2.867,0.125
-3.01,0.327
1.321,0.208
-0.069,-0.394
-0.069,2.12
-0.054,-0.548
-0.295,0.812
-0.199,-0.179
-0.305,1.677
-0.422,-0.868
-0.469,1.857
-0.611,-1.092
-0.703,2.363
-0.838,1.009
-0.718,-1.241
-0.946,0.78
-0.88,-0.247
-0.861,-0.104
-1.028,-1.236
-1.089,2.132
-1.059,2.455
-1.232,2.119
-1.149,0.642
-1.294,-0.036
-1.224,1.099
-1.367,-0.747
-1.676,-1.369
-1.909,-0.538
-1.806,1.232
-1.792,-0.672
-1.959,0.993
-1.987,1.093
-1.851,-0.553
-2.025,1.673
-2.418,-1.797
-2.324,-1.96
-2.38,-1.869
1.979,-1.72
1.914,-1.895
1.959,-1.574
1.644,-1.787
1.499,-1.922
1.321,-1.779
0.967,-1.873
0.742,-2.044
0.122,-1.766
-0.012,-1.684
-0.159,-2.072
-0.348,-2.007
-0.668,-1.779
-1.463,-1.817
-3.013,2.716
2.784,2.582
2.719,2.529
2.531,2.445
1.617,2.396
0.77,2.577
0.076,2.55
-1.208,2.698
-1.53,2.387
-1.916,2.606
1.508,0.574
3.024,-1.145
2.661,-0.233
1.323,-0.222
0.164,1.375
-0.296,-0.857
-0.56,1.318
-0.616,1.155
-0.638,-0.543
-0.644,-0.85
-1.501,-0.236
-1.409,1.026
-1.523,-0.081
-1.595,1.429
-2.147,0.648
-2.869,-0.544
1.391,1.724
1.235,0.429
0.121,1.584
-0.589,-0.431
2.876,-1.716
3.043,2.489
-2.834,2.691
1.497,2.572
0.0,2.514
0.015,-0.154
-0.226,1.206
-0.13,0.215
-0.236,2.071
-0.353,-0.474
-0.4,2.251
-0.542,-0.698
-0.634,2.757
-0.769,1.403
-0.649,-0.847
-0.877,1.174
-0.811,0.147
-0.792,0.29
-0.959,-0.842
-1.02,2.526
-0.99,2.849
-1.163,2.513
-1.08,1.036
-1.225,0.358
-1.155,1.493
-1.298,-0.353
-1.607,-0.975
-1.84,-0.144
-1.737,1.626
-1.723,-0.278
-1.89,1.387
-1.918,1.487
-1.782,-0.159
-1.956,2.067
-2.349,-1.403
-2.255,-1.566
-2.311,-1.475
2.048,-1.326
1.983,-1.501
2.028,-1.18
1.713,-1.393
1.568,-1.528
1.39,-1.385
1.036,-1.479
0.811,-1.65
0.191,-1.372
0.057,-1.29
-0.09,-1.678
-0.279,-1.613
-0.599,-1.385
-1.394,-1.423
-2.944,3.11
2.853,2.976
2.788,2.923
2.6,2.839
1.686,2.79
0.839,2.971
0.145,2.944
-1.139,3.092
-1.461,2.781
-1.847,3.0
1.577,0.968
3.093,-0.751
2.73,0.161
1.392,0.172
0.233,1.769
-0.227,-0.463
-0.491,1.712
-0.547,1.549
-0.569,-0.149
-0.575,-0.456
-1.432,0.158
-1.34,1.42
-1.454,0.313
-1.526,1.823
-2.078,1.042
-2.8,-0.15
1.46,2.118
1.304,0.823
0.19,1.978
-0.52,-0.037
2.945,-1.322
3.112,2.883
-2.765,3.085
1.566,2.966
0.015,-2.668
-0.226,-1.308
-0.13,-2.299
-0.236,-0.443
-0.353,-2.988
-0.4,-0.263
-0.542,-3.212
-0.634,0.243
-0.769,-1.111
-0.649,-3.361
-0.877,-1.34
-0.811,-2.367
-0.792,-2.224
-0.959,-3.356
-1.02,0.012
-0.99,0.335
-1.163,-0.001
-1.08,-1.478
-1.225,-2.156
-1.155,-1.021
-1.298,-2.867
-1.607,-3.489
-1.84,-2.658
-1.737,-0.888
-1.723,-2.792
-1.89,-1.127
-1.918,-1.027
-1.782,-2.673
-1.956,-0.447
-2.349,-3.917
-2.255,-4.08
-2.311,-3.989
2.048,-3.84
1.983,-4.015
2.028,-3.694
1.713,-3.907
1.568,-4.042
1.39,-3.899
1.036,-3.993
0.811,-4.164
0.191,-3.886
0.057,-3.804
-0.09,-4.192
-0.279,-4.127
-0.599,-3.899
-1.394,-3.937
-2.944,0.596
2.853,0.462
2.788,0.409
2.6,0.325
1.686,0.276
0.839,0.457
0.145,0.43
-1.139,0.578
-1.461,0.267
-1.847,0.486
1.577,-1.546
3.093,-3.265
2.73,-2.353
1.392,-2.342
0.233,-0.745
-0.227,-2.977
-0.491,-0.802
-0.547,-0.965
-0.569,-2.663
-0.575,-2.97
-1.432,-2.356
-1.34,-1.094
-1.454,-2.201
-1.526,-0.691
-2.078,-1.472
-2.8,-2.664
1.46,-0.396
1.304,-1.691
0.19,-0.536
-0.52,-2.551
2.945,-3.836
3.112,0.369
-2.765,0.571
1.566,0.452
-0.241,1.36
-0.145,0.369
-0.251,2.225
-0.368,-0.32
-0.415,2.405
-0.557,-0.544
-0.649,2.911
-0.784,1.557
-0.664,-0.693
-0.892,1.328
-0.826,0.301
-0.807,0.444
-0.974,-0.688
-1.035,2.68
-1.005,3.003
-1.178,2.667
-1.095,1.19
-1.24,0.512
-1.17,1.647
-1.313,-0.199
-1.622,-0.821
-1.855,0.01
-1.752,1.78
-1.738,-0.124
-1.905,1.541
-1.933,1.641
-1.797,-0.005
-1.971,2.221
-2.364,-1.249
-2.27,-1.412
-2.326,-1.321
2.033,-1.172
1.968,-1.347
2.013,-1.026
1.698,-1.239
1.553,-1.374
1.375,-1.231
1.021,-1.325
0.796,-1.496
0.176,-1.218
0.042,-1.136
-0.105,-1.524
-0.294,-1.459
-0.614,-1.231
-1.409,-1.269
-2.959,3.264
2.838,3.13
2.773,3.077
2.585,2.993
1.671,2.944
0.824,3.125
0.13,3.098
-1.154,3.246
-1.476,2.935
-1.862,3.154
1.562,1.122
3.078,-0.597
2.715,0.315
1.377,0.326
0.218,1.923
-0.242,-0.309
-0.506,1.866
-0.562,1.703
-0.584,0.005
-0.59,-0.302
-1.447,0.312
-1.355,1.574
-1.469,0.467
-1.541,1.977
-2.093,1.196
-2.815,0.004
1.445,2.272
1.289,0.977
0.175,2.132
-0.535,0.117
2.93,-1.168
3.097,3.037
-2.78,3.239
1.551,3.12
0.096,-0.991
-0.01,0.865
-0.127,-1.68
-0.174,1.045
-0.316,-1.904
-0.408,1.551
-0.543,0.197
-0.423,-2.053
-0.651,-0.032
-0.585,-1.059
-0.566,-0.916
-0.733,-2.048
-0.794,1.32
-0.764,1.643
-0.937,1.307
-0.854,-0.17
-0.999,-0.848
-0.929,0.287
-1.072,-1.559
-1.381,-2.181
-1.614,-1.35
-1.511,0.42
-1.497,-1.484
-1.664,0.181
-1.692,0.281
-1.556,-1.365
-1.73,0.861
-2.123,-2.609
-2.029,-2.772
-2.085,-2.681
2.274,-2.532
2.209,-2.707
2.254,-2.386
1.939,-2.599
1.794,-2.734
1.616,-2.591
1.262,-2.685
1.037,-2.856
0.417,-2.578
0.283,-2.496
0.136,-2.884
-0.053,-2.819
-0.373,-2.591
-1.168,-2.629
-2.718,1.904
3.079,1.77
3.014,1.717
2.826,1.633
1.912,1.584
1.065,1.765
0.371,1.738
-0.913,1.886
-1.235,1.575
-1.621,1.794
1.803,-0.238
-2.964,-1.957
2.956,-1.045
1.618,-1.034
0.459,0.563
-0.001,-1.669
-0.265,0.506
-0.321,0.343
-0.343,-1.355
-0.349,-1.662
-1.206,-1.048
-1.114,0.214
-1.228,-0.893
-1.3,0.617
-1.852,-0.164
-2.574,-1.356
1.686,0.912
1.53,-0.383
0.416,0.772
-0.294,-1.243
-3.112,-2.528
-2.945,1.677
-2.539,1.879
1.792,1.76
-0.106,1.856
-0.223,-0.689
-0.27,2.036
-0.412,-0.913
-0.504,2.542
-0.639,1.188
-0.519,-1.062
-0.747,0.959
-0.681,-0.068
-0.662,0.075
-0.829,-1.057
-0.89,2.311
-0.86,2.634
-1.033,2.298
-0.95,0.821
-1.095,0.143
-1.025,1.278
-1.168,-0.568
-1.477,-1.19
-1.71,-0.359
-1.607,1.411
-1.593,-0.493
-1.76,1.172
-1.788,1.272
-1.652,-0.374
-1.826,1.852
-2.219,-1.618
-2.125,-1.781
-2.181,-1.69
2.178,-1.541
2.113,-1.716
2.158,-1.395
1.843,-1.608
1.698,-1.743
1.52,-1.6
1.166,-1.694
0.941,-1.865
0.321,-1.587
0.187,-1.505
0.04,-1.893
-0.149,-1.828
-0.469,-1.6
-1.264,-1.638
-2.814,2.895
2.983,2.761
2.918,2.708
2.73,2.624
1.816,2.575
0.969,2.756
0.275,2.729
-1.009,2.877
-1.331,2.566
-1.717,2.785
1.707,0.753
-3.06,-0.966
2.86,-0.054
1.522,-0.043
0.363,1.554
-0.097,-0.678
-0.361,1.497
-0.417,1.334
-0.439,-0.364
-0.445,-0.671
-1.302,-0.057
-1.21,1.205
-1.324,0.098
-1.396,1.608
-1.948,0.827
-2.67,-0.365
1.59,1.903
1.434,0.608
0.32,1.763
-0.39,-0.252
3.075,-1.537
-3.041,2.668
-2.635,2.87
1.696,2.751
-0.117,-2.545
-0.164,0.18
-0.306,-2.769
-0.398,0.686
-0.533,-0.668
-0.413,-2.918
-0.641,-0.897
-0.575,-1.924
-0.556,-1.781
-0.723,-2.913
-0.784,0.455
-0.754,0.778
-0.927,0.442
-0.844,-1.035
-0.989,-1.713
-0.919,-0.578
-1.062,-2.424
-1.371,-3.046
-1.604,-2.215
-1.501,-0.445
-1.487,-2.349
-1.654,-0.684
-1.682,-0.584
-1.546,-2.23
-1.72,-0.004
-2.113,-3.474
-2.019,-3.637
-2.075,-3.546
2.284,-3.397
2.219,-3.572
2.264,-3.251
1.949,-3.464
1.804,-3.599
1.626,-3.456
1.272,-3.55
1.047,-3.721
0.427,-3.443
0.293,-3.361
0.146,-3.749
-0.043,-3.684
-0.363,-3.456
-1.158,-3.494
-2.708,1.039
3.089,0.905
3.024,0.852
2.836,0.768
1.922,0.719
1.075,0.9
0.381,0.873
-0.903,1.021
-1.225,0.71
-1.611,0.929
1.813,-1.103
-2.954,-2.822
2.966,-1.91
1.628,-1.899
0.469,-0.302
0.009,-2.534
-0.255,-0.359
-0.311,-0.522
-0.333,-2.22
-0.339,-2.527
-1.196,-1.913
-1.104,-0.651
-1.218,-1.758
-1.29,-0.248
-1.842,-1.029
-2.564,-2.221
1.696,0.047
1.54,-1.248
0.426,-0.093
-0.284,-2.108
-3.102,-3.393
-2.935,0.812
-2.529,1.014
1.802,0.895
-0.047,2.725
-0.189,-0.224
-0.281,3.231
-0.416,1.877
-0.296,-0.373
-0.524,1.648
-0.458,0.621
-0.439,0.764
-0.606,-0.368
-0.667,3.0
-0.637,3.323
-0.81,2.987
-0.727,1.51
-0.872,0.832
-0.802,1.967
-0.945,0.121
-1.254,-0.501
-1.487,0.33
-1.384,2.1
-1.37,0.196
-1.537,1.861
-1.565,1.961
-1.429,0.315
-1.603,2.541
-1.996,-0.929
-1.902,-1.092
-1.958,-1.001
2.401,-0.852
2.336,-1.027
2.381,-0.706
2.066,-0.919
1.921,-1.054
1.743,-0.911
1.389,-1.005
1.164,-1.176
0.544,-0.898
0.41,-0.816
0.263,-1.204
0.074,-1.139
-0.246,-0.911
-1.041,-0.949
-2.591,3.584
-3.077,3.45
3.141,3.397
2.953,3.313
2.039,3.264
1.192,3.445
0.498,3.418
-0.786,3.566
-1.108,3.255
-1.494,3.474
1.93,1.442
-2.837,-0.277
3.083,0.635
1.745,0.646
0.586,2.243
0.126,0.011
-0.138,2.186
-0.194,2.023
-0.216,0.325
-0.222,0.018
-1.079,0.632
-0.987,1.894
-1.101,0.787
-1.173,2.297
-1.725,1.516
-2.447,0.324
1.813,2.592
1.657,1.297
0.543,2.452
-0.167,0.437
-2.985,-0.848
-2.818,3.357
-2.412,3.559
1.919,3.44
-0.142,-2.949
-0.234,0.506
-0.369,-0.848
-0.249,-3.098
-0.477,-1.077
-0.411,-2.104
-0.392,-1.961
-0.559,-3.093
-0.62,0.275
-0.59,0.598
-0.763,0.262
-0.68,-1.215
-0.825,-1.893
-0.755,-0.758
-0.898,-2.604
-1.207,-3.226
-1.44,-2.395
-1.337,-0.625
-1.323,-2.529
-1.49,-0.864
-1.518,-0.764
-1.382,-2.41
-1.556,-0.184
-1.949,-3.654
-1.855,-3.817
-1.911,-3.726
2.448,-3.577
2.383,-3.752
2.428,-3.431
2.113,-3.644
1.968,-3.779
1.79,-3.636
1.436,-3.73
1.211,-3.901
0.591,-3.623
0.457,-3.541
0.31,-3.929
0.121,-3.864
-0.199,-3.636
-0.994,-3.674
-2.544,0.859
-3.03,0.725
-3.095,0.672
3.0,0.588
2.086,0.539
1.239,0.72
0.545,0.693
-0.739,0.841
-1.061,0.53
-1.447,0.749
1.977,-1.283
-2.79,-3.002
3.13,-2.09
1.792,-2.079
0.633,-0.482
0.173,-2.714
-0.091,-0.539
-0.147,-0.702
-0.169,-2.4
-0.175,-2.707
-1.032,-2.093
-0.94,-0.831
-1.054,-1.938
-1.126,-0.428
-1.678,-1.209
-2.4,-2.401
1.86,-0.133
1.704,-1.428
0.59,-0.273
-0.12,-2.288
-2.938,-3.573
-2.771,0.632
-2.365,0.834
1.966,0.715
-0.092,3.455
-0.227,2.101
-0.107,-0.149
-0.335,1.872
-0.269,0.845
-0.25,0.988
-0.417,-0.144
-0.478,3.224
-0.448,3.547
-0.621,3.211
-0.538,1.734
-0.683,1.056
-0.613,2.191
-0.756,0.345
-1.065,-0.277
-1.298,0.554
-1.195,2.324
-1.181,0.42
-1.348,2.085
-1.376,2.185
-1.24,0.539
-1.414,2.765
-1.807,-0.705
-1.713,-0.868
-1.769,-0.777
2.59,-0.628
2.525,-0.803
2.57,-0.482
2.255,-0.695
2.11,-0.83
1.932,-0.687
1.578,-0.781
1.353,-0.952
0.733,-0.674
0.599,-0.592
0.452,-0.98
0.263,-0.915
-0.057,-0.687
-0.852,-0.725
-2.402,3.808
-2.888,3.674
-2.953,3.621
-3.141,3.537
2.228,3.488
1.381,3.669
0.687,3.642
-0.597,3.79
-0.919,3.479
-1.305,3.698
2.119,1.666
-2.648,-0.053
-3.011,0.859
1.934,0.87
0.775,2.467
0.315,0.235
0.051,2.41
-0.005,2.247
-0.027,0.549
-0.033,0.242
-0.89,0.856
-0.798,2.118
-0.912,1.011
-0.984,2.521
-1.536,1.74
-2.258,0.548
2.002,2.816
1.846,1.521
0.732,2.676
0.022,0.661
-2.796,-0.624
-2.629,3.581
-2.223,3.783
2.108,3.664
-0.135,-1.354
-0.015,-3.604
-0.243,-1.583
-0.177,-2.61
-0.158,-2.467
-0.325,-3.599
-0.386,-0.231
-0.356,0.092
-0.529,-0.244
-0.446,-1.721
-0.591,-2.399
-0.521,-1.264
-0.664,-3.11
-0.973,-3.732
-1.206,-2.901
-1.103,-1.131
-1.089,-3.035
-1.256,-1.37
-1.284,-1.27
-1.148,-2.916
-1.322,-0.69
-1.715,-4.16
-1.621,-4.323
-1.677,-4.232
2.682,-4.083
2.617,-4.258
2.662,-3.937
2.347,-4.15
2.202,-4.285
2.024,-4.142
1.67,-4.236
1.445,-4.407
0.825,-4.129
0.691,-4.047
0.544,-4.435
0.355,-4.37
0.035,-4.142
-0.76,-4.18
-2.31,0.353
-2.796,0.219
-2.861,0.166
-3.049,0.082
2.32,0.033
1.473,0.214
0.779,0.187
-0.505,0.335
-0.827,0.024
-1.213,0.243
2.211,-1.789
-2.556,-3.508
-2.919,-2.596
2.026,-2.585
0.867,-0.988
0.407,-3.22
0.143,-1.045
0.087,-1.208
0.065,-2.906
0.059,-3.213
-0.798,-2.599
-0.706,-1.337
-0.82,-2.444
-0.892,-0.934
-1.444,-1.715
-2.166,-2.907
2.094,-0.639
1.938,-1.934
0.824,-0.779
0.114,-2.794
-2.704,-4.079
-2.537,0.126
-2.131,0.328
2.2,0.209
0.12,-2.25
-0.108,-0.229
-0.042,-1.256
-0.023,-1.113
-0.19,-2.245
-0.251,1.123
-0.221,1.446
-0.394,1.11
-0.311,-0.367
-0.456,-1.045
-0.386,0.09
-0.529,-1.756
-0.838,-2.378
-1.071,-1.547
-0.968,0.223
-0.954,-1.681
-1.121,-0.016
-1.149,0.084
-1.013,-1.562
-1.187,0.664
-1.58,-2.806
-1.486,-2.969
-1.542,-2.878
2.817,-2.729
2.752,-2.904
2.797,-2.583
2.482,-2.796
2.337,-2.931
2.159,-2.788
1.805,-2.882
1.58,-3.053
0.96,-2.775
0.826,-2.693
0.679,-3.081
0.49,-3.016
0.17,-2.788
-0.625,-2.826
-2.175,1.707
-2.661,1.573
-2.726,1.52
-2.914,1.436
2.455,1.387
1.608,1.568
0.914,1.541
-0.37,1.689
-0.692,1.378
-1.078,1.597
2.346,-0.435
-2.421,-2.154
-2.784,-1.242
2.161,-1.231
1.002,0.366
0.542,-1.866
0.278,0.309
0.222,0.146
0.2,-1.552
0.194,-1.859
-0.663,-1.245
-0.571,0.017
-0.685,-1.09
-0.757,0.42
-1.309,-0.361
-2.031,-1.553
2.229,0.715
2.073,-0.58
0.959,0.575
0.249,-1.44
-2.569,-2.725
-2.402,1.48
-1.996,1.682
2.335,1.563
-0.228,2.021
-0.162,0.994
-0.143,1.137
-0.31,0.005
-0.371,3.373
-0.341,3.696
-0.514,3.36
-0.431,1.883
-0.576,1.205
-0.506,2.34
-0.649,0.494
-0.958,-0.128
-1.191,0.703
-1.088,2.473
-1.074,0.569
-1.241,2.234
-1.269,2.334
-1.133,0.688
-1.307,2.914
-1.7,-0.556
-1.606,-0.719
-1.662,-0.628
2.697,-0.479
2.632,-0.654
2.677,-0.333
2.362,-0.546
2.217,-0.681
2.039,-0.538
1.685,-0.632
1.46,-0.803
0.84,-0.525
0.706,-0.443
0.559,-0.831
0.37,-0.766
0.05,-0.538
-0.745,-0.576
-2.295,3.957
-2.781,3.823
-2.846,3.77
-3.034,3.686
2.335,3.637
1.488,3.818
0.794,3.791
-0.49,3.939
-0.812,3.628
-1.198,3.847
2.226,1.815
-2.541,0.096
-2.904,1.008
2.041,1.019
0.882,2.616
0.422,0.384
0.158,2.559
0.102,2.396
0.08,0.698
0.074,0.391
-0.783,1.005
-0.691,2.267
-0.805,1.16
-0.877,2.67
-1.429,1.889
-2.151,0.697
2.109,2.965
1.953,1.67
0.839,2.825
0.129,0.81
-2.689,-0.475
-2.522,3.73
-2.116,3.932
2.215,3.813
0.066,-1.027
0.085,-0.884
-0.082,-2.016
-0.143,1.352
-0.113,1.675
-0.286,1.339
-0.203,-0.138
-0.348,-0.816
-0.278,0.319
-0.421,-1.527
-0.73,-2.149
-0.963,-1.318
-0.86,0.452
-0.846,-1.452
-1.013,0.213
-1.041,0.313
-0.905,-1.333
-1.079,0.893
-1.472,-2.577
-1.378,-2.74
-1.434,-2.649
2.925,-2.5
2.86,-2.675
2.905,-2.354
2.59,-2.567
2.445,-2.702
2.267,-2.559
1.913,-2.653
1.688,-2.824
1.068,-2.546
0.934,-2.464
0.787,-2.852
0.598,-2.787
0.278,-2.559
-0.517,-2.597
-2.067,1.936
-2.553,1.802
-2.618,1.749
-2.806,1.665
2.563,1.616
1.716,1.797
1.022,1.77
-0.262,1.918
-0.584,1.607
-0.97,1.826
2.454,-0.206
-2.313,-1.925
-2.676,-1.013
2.269,-1.002
1.11,0.595
0.65,-1.637
0.386,0.538
0.33,0.375
0.308,-1.323
0.302,-1.63
-0.555,-1.016
-0.463,0.246
-0.577,-0.861
-0.649,0.649
-1.201,-0.132
-1.923,-1.324
2.337,0.944
2.181,-0.351
1.067,0.804
0.357,-1.211
-2.461,-2.496
-2.294,1.709
-1.888,1.911
2.443,1.792
0.019,0.143
-0.148,-0.989
-0.209,2.379
-0.179,2.702
-0.352,2.366
-0.269,0.889
-0.414,0.211
-0.344,1.346
-0.487,-0.5
-0.796,-1.122
-1.029,-0.291
-0.926,1.479
-0.912,-0.425
-1.079,1.24
-1.107,1.34
-0.971,-0.306
-1.145,1.92
-1.538,-1.55
-1.444,-1.713
-1.5,-1.622
2.859,-1.473
2.794,-1.648
2.839,-1.327
2.524,-1.54
2.379,-1.675
2.201,-1.532
1.847,-1.626
1.622,-1.797
1.002,-1.519
0.868,-1.437
0.721,-1.825
0.532,-1.76
0.212,-1.532
-0.583,-1.57
-2.133,2.963
-2.619,2.829
-2.684,2.776
-2.872,2.692
2.497,2.643
1.65,2.824
0.956,2.797
-0.328,2.945
-0.65,2.634
-1.036,2.853
2.388,0.821
-2.379,-0.898
-2.742,0.014
2.203,0.025
1.044,1.622
0.584,-0.61
0.32,1.565
0.264,1.402
0.242,-0.296
0.236,-0.603
-0.621,0.011
-0.529,1.273
-0.643,0.166
-0.715,1.676
-1.267,0.895
-1.989,-0.297
2.271,1.971
2.115,0.676
1.001,1.831
0.291,-0.184
-2.527,-1.469
-2.36,2.736
-1.954,2.938
2.377,2.819
-0.167,-1.132
-0.228,2.236
-0.198,2.559
-0.371,2.223
-0.288,0.746
-0.433,0.068
-0.363,1.203
-0.506,-0.643
-0.815,-1.265
-1.048,-0.434
-0.945,1.336
-0.931,-0.568
-1.098,1.097
-1.126,1.197
-0.99,-0.449
-1.164,1.777
-1.557,-1.693
-1.463,-1.856
-1.519,-1.765
2.84,-1.616
2.775,-1.791
2.82,-1.47
2.505,-1.683
2.36,-1.818
2.182,-1.675
1.828,-1.769
1.603,-1.94
0.983,-1.662
0.849,-1.58
0.702,-1.968
0.513,-1.903
0.193,-1.675
-0.602,-1.713
-2.152,2.82
-2.638,2.686
-2.703,2.633
-2.891,2.549
2.478,2.5
1.631,2.681
0.937,2.654
-0.347,2.802
-0.669,2.491
-1.055,2.71
2.369,0.678
-2.398,-1.041
-2.761,-0.129
2.184,-0.118
1.025,1.479
0.565,-0.753
0.301,1.422
0.245,1.259
0.223,-0.439
0.217,-0.746
-0.64,-0.132
-0.548,1.13
-0.662,0.023
-0.734,1.533
-1.286,0.752
-2.008,-0.44
2.252,1.828
2.096,0.533
0.982,1.688
0.272,-0.327
-2.546,-1.612
-2.379,2.593
-1.973,2.795
2.358,2.676
-0.061,3.368
-0.031,3.691
-0.204,3.355
-0.121,1.878
-0.266,1.2
-0.196,2.335
-0.339,0.489
-0.648,-0.133
-0.881,0.698
-0.778,2.468
-0.764,0.564
-0.931,2.229
-0.959,2.329
-0.823,0.683
-0.997,2.909
-1.39,-0.561
-1.296,-0.724
-1.352,-0.633
3.007,-0.484
2.942,-0.659
2.987,-0.338
2.672,-0.551
2.527,-0.686
2.349,-0.543
1.995,-0.637
1.77,-0.808
1.15,-0.53
1.016,-0.448
0.869,-0.836
0.68,-0.771
0.36,-0.543
-0.435,-0.581
-1.985,3.952
-2.471,3.818
-2.536,3.765
-2.724,3.681
2.645,3.632
1.798,3.813
1.104,3.786
-0.18,3.934
-0.502,3.623
-0.888,3.842
2.536,1.81
-2.231,0.091
-2.594,1.003
2.351,1.014
1.192,2.611
0.732,0.379
0.468,2.554
0.412,2.391
0.39,0.693
0.384,0.386
-0.473,1.0
-0.381,2.262
-0.495,1.155
-0.567,2.665
-1.119,1.884
-1.841,0.692
2.419,2.96
2.263,1.665
1.149,2.82
0.439,0.805
-2.379,-0.48
-2.212,3.725
-1.806,3.927
2.525,3.808
0.03,0.323
-0.143,-0.013
-0.06,-1.49
-0.205,-2.168
-0.135,-1.033
-0.278,-2.879
-0.587,-3.501
-0.82,-2.67
-0.717,-0.9
-0.703,-2.804
-0.87,-1.139
-0.898,-1.039
-0.762,-2.685
-0.936,-0.459
-1.329,-3.929
-1.235,-4.092
-1.291,-4.001
3.068,-3.852
3.003,-4.027
3.048,-3.706
2.733,-3.919
2.588,-4.054
2.41,-3.911
2.056,-4.005
1.831,-4.176
1.211,-3.898
1.077,-3.816
0.93,-4.204
0.741,-4.139
0.421,-3.911
-0.374,-3.949
-1.924,0.584
-2.41,0.45
-2.475,0.397
-2.663,0.313
2.706,0.264
1.859,0.445
1.165,0.418
-0.119,0.566
-0.441,0.255
-0.827,0.474
2.597,-1.558
-2.17,-3.277
-2.533,-2.365
2.412,-2.354
1.253,-0.757
0.793,-2.989
0.529,-0.814
0.473,-0.977
0.451,-2.675
0.445,-2.982
-0.412,-2.368
-0.32,-1.106
-0.434,-2.213
-0.506,-0.703
-1.058,-1.484
-1.78,-2.676
2.48,-0.408
2.324,-1.703
1.21,-0.548
0.5,-2.563
-2.318,-3.848
-2.151,0.357
-1.745,0.559
2.586,0.44
-0.173,-0.336
-0.09,-1.813
-0.235,-2.491
-0.165,-1.356
-0.308,-3.202
-0.617,-3.824
-0.85,-2.993
-0.747,-1.223
-0.733,-3.127
-0.9,-1.462
-0.928,-1.362
-0.792,-3.008
-0.966,-0.782
-1.359,-4.252
-1.265,-4.415
-1.321,-4.324
3.038,-4.175
2.973,-4.35
3.018,-4.029
2.703,-4.242
2.558,-4.377
2.38,-4.234
2.026,-4.328
1.801,-4.499
1.181,-4.221
1.047,-4.139
0.9,-4.527
0.711,-4.462
0.391,-4.234
-0.404,-4.272
-1.954,0.261
-2.44,0.127
-2.505,0.074
-2.693,-0.01
2.676,-0.059
1.829,0.122
1.135,0.095
-0.149,0.243
-0.471,-0.068
-0.857,0.151
2.567,-1.881
-2.2,-3.6
-2.563,-2.688
2.382,-2.677
1.223,-1.08
0.763,-3.312
0.499,-1.137
0.443,-1.3
0.421,-2.998
0.415,-3.305
-0.442,-2.691
-0.35,-1.429
-0.464,-2.536
-0.536,-1.026
-1.088,-1.807
-1.81,-2.999
2.45,-0.731
2.294,-2.026
1.18,-0.871
0.47,-2.886
-2.348,-4.171
-2.181,0.034
-1.775,0.236
2.556,0.117
0.083,-1.477
-0.062,-2.155
0.008,-1.02
-0.135,-2.866
-0.444,-3.488
-0.677,-2.657
-0.574,-0.887
-0.56,-2.791
-0.727,-1.126
-0.755,-1.026
-0.619,-2.672
-0.793,-0.446
-1.186,-3.916
-1.092,-4.079
-1.148,-3.988
-3.072,-3.839
-3.137,-4.014
-3.092,-3.693
2.876,-3.906
2.731,-4.041
2.553,-3.898
2.199,-3.992
1.974,-4.163
1.354,-3.885
1.22,-3.803
1.073,-4.191
0.884,-4.126
0.564,-3.898
-0.231,-3.936
-1.781,0.597
-2.267,0.463
-2.332,0.41
-2.52,0.326
2.849,0.277
2.002,0.458
1.308,0.431
0.024,0.579
-0.298,0.268
-0.684,0.487
2.74,-1.545
-2.027,-3.264
-2.39,-2.352
2.555,-2.341
1.396,-0.744
0.936,-2.976
0.672,-0.801
0.616,-0.964
0.594,-2.662
0.588,-2.969
-0.269,-2.355
-0.177,-1.093
-0.291,-2.2
-0.363,-0.69
-0.915,-1.471
-1.637,-2.663
2.623,-0.395
2.467,-1.69
1.353,-0.535
0.643,-2.55
-2.175,-3.835
-2.008,0.37
-1.602,0.572
2.729,0.453
-0.145,-0.678
-0.075,0.457
-0.218,-1.389
-0.527,-2.011
-0.76,-1.18
-0.657,0.59
-0.643,-1.314
-0.81,0.351
-0.838,0.451
-0.702,-1.195
-0.876,1.031
-1.269,-2.439
-1.175,-2.602
-1.231,-2.511
3.128,-2.362
3.063,-2.537
3.108,-2.216
2.793,-2.429
2.648,-2.564
2.47,-2.421
2.116,-2.515
1.891,-2.686
1.271,-2.408
1.137,-2.326
0.99,-2.714
0.801,-2.649
0.481,-2.421
-0.314,-2.459
-1.864,2.074
-2.35,1.94
-2.415,1.887
-2.603,1.803
2.766,1.754
1.919,1.935
1.225,1.908
-0.059,2.056
-0.381,1.745
-0.767,1.964
2.657,-0.068
-2.11,-1.787
-2.473,-0.875
2.472,-0.864
1.313,0.733
0.853,-1.499
0.589,0.676
0.533,0.513
0.511,-1.185
0.505,-1.492
-0.352,-0.878
-0.26,0.384
-0.374,-0.723
-0.446,0.787
-0.998,0.006
-1.72,-1.186
2.54,1.082
2.384,-0.213
1.27,0.942
0.56,-1.073
-2.258,-2.358
-2.091,1.847
-1.685,2.049
2.646,1.93
0.07,1.135
-0.073,-0.711
-0.382,-1.333
-0.615,-0.502
-0.512,1.268
-0.498,-0.636
-0.665,1.029
-0.693,1.129
-0.557,-0.517
-0.731,1.709
-1.124,-1.761
-1.03,-1.924
-1.086,-1.833
-3.01,-1.684
-3.075,-1.859
-3.03,-1.538
2.938,-1.751
2.793,-1.886
2.615,-1.743
2.261,-1.837
2.036,-2.008
1.416,-1.73
1.282,-1.648
1.135,-2.036
0.946,-1.971
0.626,-1.743
-0.169,-1.781
-1.719,2.752
-2.205,2.618
-2.27,2.565
-2.458,2.481
2.911,2.432
2.064,2.613
1.37,2.586
0.086,2.734
-0.236,2.423
-0.622,2.642
2.802,0.61
-1.965,-1.109
-2.328,-0.197
2.617,-0.186
1.458,1.411
0.998,-0.821
0.734,1.354
0.678,1.191
0.656,-0.507
0.65,-0.814
-0.207,-0.2
-0.115,1.062
-0.229,-0.045
-0.301,1.465
-0.853,0.684
-1.575,-0.508
2.685,1.76
2.529,0.465
1.415,1.62
0.705,-0.395
-2.113,-1.68
-1.946,2.525
-1.54,2.727
2.791,2.608
-0.143,-1.846
-0.452,-2.468
-0.685,-1.637
-0.582,0.133
-0.568,-1.771
-0.735,-0.106
-0.763,-0.006
-0.627,-1.652
-0.801,0.574
-1.194,-2.896
-1.1,-3.059
-1.156,-2.968
-3.08,-2.819
3.138,-2.994
-3.1,-2.673
2.868,-2.886
2.723,-3.021
2.545,-2.878
2.191,-2.972
1.966,-3.143
1.346,-2.865
1.212,-2.783
1.065,-3.171
0.876,-3.106
0.556,-2.878
-0.239,-2.916
-1.789,1.617
-2.275,1.483
-2.34,1.43
-2.528,1.346
2.841,1.297
1.994,1.478
1.3,1.451
0.016,1.599
-0.306,1.288
-0.692,1.507
2.732,-0.525
-2.035,-2.244
-2.398,-1.332
2.547,-1.321
1.388,0.276
0.928,-1.956
0.664,0.219
0.608,0.056
0.586,-1.642
0.58,-1.949
-0.277,-1.335
-0.185,-0.073
-0.299,-1.18
-0.371,0.33
-0.923,-0.451
-1.645,-1.643
2.615,0.625
2.459,-0.67
1.345,0.485
0.635,-1.53
-2.183,-2.815
-2.016,1.39
-1.61,1.592
2.721,1.473
-0.309,-0.622
-0.542,0.209
-0.439,1.979
-0.425,0.075
-0.592,1.74
-0.62,1.84
-0.484,0.194
-0.658,2.42
-1.051,-1.05
-0.957,-1.213
-1.013,-1.122
-2.937,-0.973
-3.002,-1.148
-2.957,-0.827
3.011,-1.04
2.866,-1.175
2.688,-1.032
2.334,-1.126
2.109,-1.297
1.489,-1.019
1.355,-0.937
1.208,-1.325
1.019,-1.26
0.699,-1.032
-0.096,-1.07
-1.646,3.463
-2.132,3.329
-2.197,3.276
-2.385,3.192
2.984,3.143
2.137,3.324
1.443,3.297
0.159,3.445
-0.163,3.134
-0.549,3.353
2.875,1.321
-1.892,-0.398
-2.255,0.514
2.69,0.525
1.531,2.122
1.071,-0.11
0.807,2.065
0.751,1.902
0.729,0.204
0.723,-0.103
-0.134,0.511
-0.042,1.773
-0.156,0.666
-0.228,2.176
-0.78,1.395
-1.502,0.203
2.758,2.471
2.602,1.176
1.488,2.331
0.778,0.316
-2.04,-0.969
-1.873,3.236
-1.467,3.438
2.864,3.319
-0.233,0.831
-0.13,2.601
-0.116,0.697
-0.283,2.362
-0.311,2.462
-0.175,0.816
-0.349,3.042
-0.742,-0.428
-0.648,-0.591
-0.704,-0.5
-2.628,-0.351
-2.693,-0.526
-2.648,-0.205
-2.963,-0.418
-3.108,-0.553
2.997,-0.41
2.643,-0.504
2.418,-0.675
1.798,-0.397
1.664,-0.315
1.517,-0.703
1.328,-0.638
1.008,-0.41
0.213,-0.448
-1.337,4.085
-1.823,3.951
-1.888,3.898
-2.076,3.814
-2.99,3.765
2.446,3.946
1.752,3.919
0.468,4.067
0.146,3.756
-0.24,3.975
-3.099,1.943
-1.583,0.224
-1.946,1.136
2.999,1.147
1.84,2.744
1.38,0.512
1.116,2.687
1.06,2.524
1.038,0.826
1.032,0.519
0.175,1.133
0.267,2.395
0.153,1.288
0.081,2.798
-0.471,2.017
-1.193,0.825
3.067,3.093
2.911,1.798
1.797,2.953
1.087,0.938
-1.731,-0.347
-1.564,3.858
-1.158,4.06
-3.11,3.941
0.103,1.77
0.117,-0.134
-0.05,1.531
-0.078,1.631
0.058,-0.015
-0.116,2.211
-0.509,-1.259
-0.415,-1.422
-0.471,-1.331
-2.395,-1.182
-2.46,-1.357
-2.415,-1.036
-2.73,-1.249
-2.875,-1.384
-3.053,-1.241
2.876,-1.335
2.651,-1.506
2.031,-1.228
1.897,-1.146
1.75,-1.534
1.561,-1.469
1.241,-1.241
0.446,-1.279
-1.104,3.254
-1.59,3.12
-1.655,3.067
-1.843,2.983
-2.757,2.934
2.679,3.115
1.985,3.088
0.701,3.236
0.379,2.925
-0.007,3.144
-2.866,1.112
-1.35,-0.607
-1.713,0.305
-3.051,0.316
2.073,1.913
1.613,-0.319
1.349,1.856
1.293,1.693
1.271,-0.005
1.265,-0.312
0.408,0.302
0.5,1.564
0.386,0.457
0.314,1.967
-0.238,1.186
-0.96,-0.006
-2.983,2.262
-3.139,0.967
2.03,2.122
1.32,0.107
-1.498,-1.178
-1.331,3.027
-0.925,3.229
-2.877,3.11
0.014,-1.904
-0.153,-0.239
-0.181,-0.139
-0.045,-1.785
-0.219,0.441
-0.612,-3.029
-0.518,-3.192
-0.574,-3.101
-2.498,-2.952
-2.563,-3.127
-2.518,-2.806
-2.833,-3.019
-2.978,-3.154
3.127,-3.011
2.773,-3.105
2.548,-3.276
1.928,-2.998
1.794,-2.916
1.647,-3.304
1.458,-3.239
1.138,-3.011
0.343,-3.049
-1.207,1.484
-1.693,1.35
-1.758,1.297
-1.946,1.213
-2.86,1.164
2.576,1.345
1.882,1.318
0.598,1.466
0.276,1.155
-0.11,1.374
-2.969,-0.658
-1.453,-2.377
-1.816,-1.465
3.129,-1.454
1.97,0.143
1.51,-2.089
1.246,0.086
1.19,-0.077
1.168,-1.775
1.162,-2.082
0.305,-1.468
0.397,-0.206
0.283,-1.313
0.211,0.197
-0.341,-0.584
-1.063,-1.776
-3.086,0.492
3.041,-0.803
1.927,0.352
1.217,-1.663
-1.601,-2.948
-1.434,1.257
-1.028,1.459
-2.98,1.34
-0.167,1.665
-0.195,1.765
-0.059,0.119
-0.233,2.345
-0.626,-1.125
-0.532,-1.288
-0.588,-1.197
-2.512,-1.048
-2.577,-1.223
-2.532,-0.902
-2.847,-1.115
-2.992,-1.25
3.113,-1.107
2.759,-1.201
2.534,-1.372
1.914,-1.094
1.78,-1.012
1.633,-1.4
1.444,-1.335
1.124,-1.107
0.329,-1.145
-1.221,3.388
-1.707,3.254
-1.772,3.201
-1.96,3.117
-2.874,3.068
2.562,3.249
1.868,3.222
0.584,3.37
0.262,3.059
-0.124,3.278
-2.983,1.246
-1.467,-0.473
-1.83,0.439
3.115,0.45
1.956,2.047
1.496,-0.185
1.232,1.99
1.176,1.827
1.154,0.129
1.148,-0.178
0.291,0.436
0.383,1.698
0.269,0.591
0.197,2.101
-0.355,1.32
-1.077,0.128
-3.1,2.396
3.027,1.101
1.913,2.256
1.203,0.241
-1.615,-1.044
-1.448,3.161
-1.042,3.363
-2.994,3.244
-0.028,0.1
0.108,-1.546
-0.066,0.68
-0.459,-2.79
-0.365,-2.953
-0.421,-2.862
-2.345,-2.713
-2.41,-2.888
-2.365,-2.567
-2.68,-2.78
-2.825,-2.915
-3.003,-2.772
2.926,-2.866
2.701,-3.037
2.081,-2.759
1.947,-2.677
1.8,-3.065
1.611,-3.0
1.291,-2.772
0.496,-2.81
-1.054,1.723
-1.54,1.589
-1.605,1.536
-1.793,1.452
-2.707,1.403
2.729,1.584
2.035,1.557
0.751,1.705
0.429,1.394
0.043,1.613
-2.816,-0.419
-1.3,-2.138
-1.663,-1.226
-3.001,-1.215
2.123,0.382
1.663,-1.85
1.399,0.325
1.343,0.162
1.321,-1.536
1.315,-1.843
0.458,-1.229
0.55,0.033
0.436,-1.074
0.364,0.436
-0.188,-0.345
-0.91,-1.537
-2.933,0.731
-3.089,-0.564
2.08,0.591
1.37,-1.424
-1.448,-2.709
-1.281,1.496
-0.875,1.698
-2.827,1.579
0.136,-1.646
-0.038,0.58
-0.431,-2.89
-0.337,-3.053
-0.393,-2.962
-2.317,-2.813
-2.382,-2.988
-2.337,-2.667
-2.652,-2.88
-2.797,-3.015
-2.975,-2.872
2.954,-2.966
2.729,-3.137
2.109,-2.859
1.975,-2.777
1.828,-3.165
1.639,-3.1
1.319,-2.872
0.524,-2.91
-1.026,1.623
-1.512,1.489
-1.577,1.436
-1.765,1.352
-2.679,1.303
2.757,1.484
2.063,1.457
0.779,1.605
0.457,1.294
0.071,1.513
-2.788,-0.519
-1.272,-2.238
-1.635,-1.326
-2.973,-1.315
2.151,0.282
1.691,-1.95
1.427,0.225
1.371,0.062
1.349,-1.636
1.343,-1.943
0.486,-1.329
0.578,-0.067
0.464,-1.174
0.392,0.336
-0.16,-0.445
-0.882,-1.637
-2.905,0.631
-3.061,-0.664
2.108,0.491
1.398,-1.524
-1.42,-2.809
-1.253,1.396
-0.847,1.598
-2.799,1.479
-0.174,2.226
-0.567,-1.244
-0.473,-1.407
-0.529,-1.316
-2.453,-1.167
-2.518,-1.342
-2.473,-1.021
-2.788,-1.234
-2.933,-1.369
-3.111,-1.226
2.818,-1.32
2.593,-1.491
1.973,-1.213
1.839,-1.131
1.692,-1.519
1.503,-1.454
1.183,-1.226
0.388,-1.264
-1.162,3.269
-1.648,3.135
-1.713,3.082
-1.901,2.998
-2.815,2.949
2.621,3.13
1.927,3.103
0.643,3.251
0.321,2.94
-0.065,3.159
-2.924,1.127
-1.408,-0.592
-1.771,0.32
-3.109,0.331
2.015,1.928
1.555,-0.304
1.291,1.871
1.235,1.708
1.213,0.01
1.207,-0.297
0.35,0.317
0.442,1.579
0.328,0.472
0.256,1.982
-0.296,1.201
-1.018,0.009
-3.041,2.277
3.086,0.982
1.972,2.137
1.262,0.122
-1.556,-1.163
-1.389,3.042
-0.983,3.244
-2.935,3.125
-0.393,-3.47
-0.299,-3.633
-0.355,-3.542
-2.279,-3.393
-2.344,-3.568
-2.299,-3.247
-2.614,-3.46
-2.759,-3.595
-2.937,-3.452
2.992,-3.546
2.767,-3.717
2.147,-3.439
2.013,-3.357
1.866,-3.745
1.677,-3.68
1.357,-3.452
0.562,-3.49
-0.988,1.043
-1.474,0.909
-1.539,0.856
-1.727,0.772
-2.641,0.723
2.795,0.904
2.101,0.877
0.817,1.025
0.495,0.714
0.109,0.933
-2.75,-1.099
-1.234,-2.818
-1.597,-1.906
-2.935,-1.895
2.189,-0.298
1.729,-2.53
1.465,-0.355
1.409,-0.518
1.387,-2.216
1.381,-2.523
0.524,-1.909
0.616,-0.647
0.502,-1.754
0.43,-0.244
-0.122,-1.025
-0.844,-2.217
-2.867,0.051
-3.023,-1.244
2.146,-0.089
1.436,-2.104
-1.382,-3.389
-1.215,0.816
-0.809,1.018
-2.761,0.899
0.094,-0.163
0.038,-0.072
-1.886,0.077
-1.951,-0.098
-1.906,0.223
-2.221,0.01
-2.366,-0.125
-2.544,0.018
-2.898,-0.076
-3.123,-0.247
2.54,0.031
2.406,0.113
2.259,-0.275
2.07,-0.21
1.75,0.018
0.955,-0.02
-0.595,4.513
-1.081,4.379
-1.146,4.326
-1.334,4.242
-2.248,4.193
-3.095,4.374
2.494,4.347
1.21,4.495
0.888,4.184
0.502,4.403
-2.357,2.371
-0.841,0.652
-1.204,1.564
-2.542,1.575
2.582,3.172
2.122,0.94
1.858,3.115
1.802,2.952
1.78,1.254
1.774,0.947
0.917,1.561
1.009,2.823
0.895,1.716
0.823,3.226
0.271,2.445
-0.451,1.253
-2.474,3.521
-2.63,2.226
2.539,3.381
1.829,1.366
-0.989,0.081
-0.822,4.286
-0.416,4.488
-2.368,4.369
-0.056,0.091
-1.98,0.24
-2.045,0.065
-2.0,0.386
-2.315,0.173
-2.46,0.038
-2.638,0.181
-2.992,0.087
3.066,-0.084
2.446,0.194
2.312,0.276
2.165,-0.112
1.976,-0.047
1.656,0.181
0.861,0.143
-0.689,4.676
-1.175,4.542
-1.24,4.489
-1.428,4.405
-2.342,4.356
3.094,4.537
2.4,4.51
1.116,4.658
0.794,4.347
0.408,4.566
-2.451,2.534
-0.935,0.815
-1.298,1.727
-2.636,1.738
2.488,3.335
2.028,1.103
1.764,3.278
1.708,3.115
1.686,1.417
1.68,1.11
0.823,1.724
0.915,2.986
0.801,1.879
0.729,3.389
0.177,2.608
-0.545,1.416
-2.568,3.684
-2.724,2.389
2.445,3.544
1.735,1.529
-1.083,0.244
-0.916,4.449
-0.51,4.651
-2.462,4.532
-1.924,0.149
-1.989,-0.026
-1.944,0.295
-2.259,0.082
-2.404,-0.053
-2.582,0.09
-2.936,-0.004
3.122,-0.175
2.502,0.103
2.368,0.185
2.221,-0.203
2.032,-0.138
1.712,0.09
0.917,0.052
-0.633,4.585
-1.119,4.451
-1.184,4.398
-1.372,4.314
-2.286,4.265
-3.133,4.446
2.456,4.419
1.172,4.567
0.85,4.256
0.464,4.475
-2.395,2.443
-0.879,0.724
-1.242,1.636
-2.58,1.647
2.544,3.244
2.084,1.012
1.82,3.187
1.764,3.024
1.742,1.326
1.736,1.019
0.879,1.633
0.971,2.895
0.857,1.788
0.785,3.298
0.233,2.517
-0.489,1.325
-2.512,3.593
-2.668,2.298
2.501,3.453
1.791,1.438
-1.027,0.153
-0.86,4.358
-0.454,4.56
-2.406,4.441
-0.065,-0.175
-0.02,0.146
-0.335,-0.067
-0.48,-0.202
-0.658,-0.059
-1.012,-0.153
-1.237,-0.324
-1.857,-0.046
-1.991,0.036
-2.138,-0.352
-2.327,-0.287
-2.647,-0.059
2.841,-0.097
1.291,4.436
0.805,4.302
0.74,4.249
0.552,4.165
-0.362,4.116
-1.209,4.297
-1.903,4.27
3.096,4.418
2.774,4.107
2.388,4.326
-0.471,2.294
1.045,0.575
0.682,1.487
-0.656,1.498
-1.815,3.095
-2.275,0.863
-2.539,3.038
-2.595,2.875
-2.617,1.177
-2.623,0.87
2.803,1.484
2.895,2.746
2.781,1.639
2.709,3.149
2.157,2.368
1.435,1.176
-0.588,3.444
-0.744,2.149
-1.858,3.304
-2.568,1.289
0.897,0.004
1.064,4.209
1.47,4.411
-0.482,4.292
0.045,0.321
-0.27,0.108
-0.415,-0.027
-0.593,0.116
-0.947,0.022
-1.172,-0.149
-1.792,0.129
-1.926,0.211
-2.073,-0.177
-2.262,-0.112
-2.582,0.116
2.906,0.078
1.356,4.611
0.87,4.477
0.805,4.424
0.617,4.34
-0.297,4.291
-1.144,4.472
-1.838,4.445
-3.122,4.593
2.839,4.282
2.453,4.501
-0.406,2.469
1.11,0.75
0.747,1.662
-0.591,1.673
-1.75,3.27
-2.21,1.038
-2.474,3.213
-2.53,3.05
-2.552,1.352
-2.558,1.045
2.868,1.659
2.96,2.921
2.846,1.814
2.774,3.324
2.222,2.543
1.5,1.351
-0.523,3.619
-0.679,2.324
-1.793,3.479
-2.503,1.464
0.962,0.179
1.129,4.384
1.535,4.586
-0.417,4.467
-0.315,-0.213
-0.46,-0.348
-0.638,-0.205
-0.992,-0.299
-1.217,-0.47
-1.837,-0.192
-1.971,-0.11
-2.118,-0.498
-2.307,-0.433
-2.627,-0.205
2.861,-0.243
1.311,4.29
0.825,4.156
0.76,4.103
0.572,4.019
-0.342,3.97
-1.189,4.151
-1.883,4.124
3.116,4.272
2.794,3.961
2.408,4.18
-0.451,2.148
1.065,0.429
0.702,1.341
-0.636,1.352
-1.795,2.949
-2.255,0.717
-2.519,2.892
-2.575,2.729
-2.597,1.031
-2.603,0.724
2.823,1.338
2.915,2.6
2.801,1.493
2.729,3.003
2.177,2.222
1.455,1.03
-0.568,3.298
-0.724,2.003
-1.838,3.158
-2.548,1.143
0.917,-0.142
1.084,4.063
1.49,4.265
-0.462,4.146
-0.145,-0.135
-0.323,0.008
-0.677,-0.086
-0.902,-0.257
-1.522,0.021
-1.656,0.103
-1.803,-0.285
-1.992,-0.22
-2.312,0.008
-3.107,-0.03
1.626,4.503
1.14,4.369
1.075,4.316
0.887,4.232
-0.027,4.183
-0.874,4.364
-1.568,4.337
-2.852,4.485
3.109,4.174
2.723,4.393
-0.136,2.361
1.38,0.642
1.017,1.554
-0.321,1.565
-1.48,3.162
-1.94,0.93
-2.204,3.105
-2.26,2.942
-2.282,1.244
-2.288,0.937
3.138,1.551
-3.053,2.813
3.116,1.706
3.044,3.216
2.492,2.435
1.77,1.243
-0.253,3.511
-0.409,2.216
-1.523,3.371
-2.233,1.356
1.232,0.071
1.399,4.276
1.805,4.478
-0.147,4.359
-0.178,0.143
-0.532,0.049
-0.757,-0.122
-1.377,0.156
-1.511,0.238
-1.658,-0.15
-1.847,-0.085
-2.167,0.143
-2.962,0.105
1.771,4.638
1.285,4.504
1.22,4.451
1.032,4.367
0.118,4.318
-0.729,4.499
-1.423,4.472
-2.707,4.62
-3.029,4.309
2.868,4.528
0.009,2.496
1.525,0.777
1.162,1.689
-0.176,1.7
-1.335,3.297
-1.795,1.065
-2.059,3.24
-2.115,3.077
-2.137,1.379
-2.143,1.072
-3.0,1.686
-2.908,2.948
-3.022,1.841
-3.094,3.351
2.637,2.57
1.915,1.378
-0.108,3.646
-0.264,2.351
-1.378,3.506
-2.088,1.491
1.377,0.206
1.544,4.411
1.95,4.613
-0.002,4.494
-0.354,-0.094
-0.579,-0.265
-1.199,0.013
-1.333,0.095
-1.48,-0.293
-1.669,-0.228
-1.989,0.0
-2.784,-0.038
1.949,4.495
1.463,4.361
1.398,4.308
1.21,4.224
0.296,4.175
-0.551,4.356
-1.245,4.329
-2.529,4.477
-2.851,4.166
3.046,4.385
0.187,2.353
1.703,0.634
1.34,1.546
0.002,1.557
-1.157,3.154
-1.617,0.922
-1.881,3.097
-1.937,2.934
-1.959,1.236
-1.965,0.929
-2.822,1.543
-2.73,2.805
-2.844,1.698
-2.916,3.208
2.815,2.427
2.093,1.235
0.07,3.503
-0.086,2.208
-1.2,3.363
-1.91,1.348
1.555,0.063
1.722,4.268
2.128,4.47
0.176,4.351
-0.225,-0.171
-0.845,0.107
-0.979,0.189
-1.126,-0.199
-1.315,-0.134
-1.635,0.094
-2.43,0.056
2.303,4.589
1.817,4.455
1.752,4.402
1.564,4.318
0.65,4.269
-0.197,4.45
-0.891,4.423
-2.175,4.571
-2.497,4.26
-2.883,4.479
0.541,2.447
2.057,0.728
1.694,1.64
0.356,1.651
-0.803,3.248
-1.263,1.016
-1.527,3.191
-1.583,3.028
-1.605,1.33
-1.611,1.023
-2.468,1.637
-2.376,2.899
-2.49,1.792
-2.562,3.302
-3.114,2.521
2.447,1.329
0.424,3.597
0.268,2.302
-0.846,3.457
-1.556,1.442
1.909,0.157
2.076,4.362
2.482,4.564
0.53,4.445
-0.62,0.278
-0.754,0.36
-0.901,-0.028
-1.09,0.037
-1.41,0.265
-2.205,0.227
2.528,4.76
2.042,4.626
1.977,4.573
1.789,4.489
0.875,4.44
0.028,4.621
-0.666,4.594
-1.95,4.742
-2.272,4.431
-2.658,4.65
0.766,2.618
2.282,0.899
1.919,1.811
0.581,1.822
-0.578,3.419
-1.038,1.187
-1.302,3.362
-1.358,3.199
-1.38,1.501
-1.386,1.194
-2.243,1.808
-2.151,3.07
-2.265,1.963
-2.337,3.473
-2.889,2.692
2.672,1.5
0.649,3.768
0.493,2.473
-0.621,3.628
-1.331,1.613
2.134,0.328
2.301,4.533
2.707,4.735
0.755,4.616
-0.134,0.082
-0.281,-0.306
-0.47,-0.241
-0.79,-0.013
-1.585,-0.051
-3.135,4.482
2.662,4.348
2.597,4.295
2.409,4.211
1.495,4.162
0.648,4.343
-0.046,4.316
-1.33,4.464
-1.652,4.153
-2.038,4.372
1.386,2.34
2.902,0.621
2.539,1.533
1.201,1.544
0.042,3.141
-0.418,0.909
-0.682,3.084
-0.738,2.921
-0.76,1.223
-0.766,0.916
-1.623,1.53
-1.531,2.792
-1.645,1.685
-1.717,3.195
-2.269,2.414
-2.991,1.222
1.269,3.49
1.113,2.195
-0.001,3.35
-0.711,1.335
2.754,0.05
2.921,4.255
-2.956,4.457
1.375,4.338
-0.147,-0.388
-0.336,-0.323
-0.656,-0.095
-1.451,-0.133
-3.001,4.4
2.796,4.266
2.731,4.213
2.543,4.129
1.629,4.08
0.782,4.261
0.088,4.234
-1.196,4.382
-1.518,4.071
-1.904,4.29
1.52,2.258
3.036,0.539
2.673,1.451
1.335,1.462
0.176,3.059
-0.284,0.827
-0.548,3.002
-0.604,2.839
-0.626,1.141
-0.632,0.834
-1.489,1.448
-1.397,2.71
-1.511,1.603
-1.583,3.113
-2.135,2.332
-2.857,1.14
1.403,3.408
1.247,2.113
0.133,3.268
-0.577,1.253
2.888,-0.032
3.055,4.173
-2.822,4.375
1.509,4.256
-0.189,0.065
-0.509,0.293
-1.304,0.255
-2.854,4.788
2.943,4.654
2.878,4.601
2.69,4.517
1.776,4.468
0.929,4.649
0.235,4.622
-1.049,4.77
-1.371,4.459
-1.757,4.678
1.667,2.646
-3.1,0.927
2.82,1.839
1.482,1.85
0.323,3.447
-0.137,1.215
-0.401,3.39
-0.457,3.227
-0.479,1.529
-0.485,1.222
-1.342,1.836
-1.25,3.098
-1.364,1.991
-1.436,3.501
-1.988,2.72
-2.71,1.528
1.55,3.796
1.394,2.501
0.28,3.656
-0.43,1.641
3.035,0.356
-3.081,4.561
-2.675,4.763
1.656,4.644
-0.32,0.228
-1.115,0.19
-2.665,4.723
3.132,4.589
3.067,4.536
2.879,4.452
1.965,4.403
1.118,4.584
0.424,4.557
-0.86,4.705
-1.182,4.394
-1.568,4.613
1.856,2.581
-2.911,0.862
3.009,1.774
1.671,1.785
0.512,3.382
0.052,1.15
-0.212,3.325
-0.268,3.162
-0.29,1.464
-0.296,1.157
-1.153,1.771
-1.061,3.033
-1.175,1.926
-1.247,3.436
-1.799,2.655
-2.521,1.463
1.739,3.731
1.583,2.436
0.469,3.591
-0.241,1.576
-3.059,0.291
-2.892,4.496
-2.486,4.698
1.845,4.579
-0.795,-0.038
-2.345,4.495
-2.831,4.361
-2.896,4.308
-3.084,4.224
2.285,4.175
1.438,4.356
0.744,4.329
-0.54,4.477
-0.862,4.166
-1.248,4.385
2.176,2.353
-2.591,0.634
-2.954,1.546
1.991,1.557
0.832,3.154
0.372,0.922
0.108,3.097
0.052,2.934
0.03,1.236
0.024,0.929
-0.833,1.543
-0.741,2.805
-0.855,1.698
-0.927,3.208
-1.479,2.427
-2.201,1.235
2.059,3.503
1.903,2.208
0.789,3.363
0.079,1.348
-2.739,0.063
-2.572,4.268
-2.166,4.47
2.165,4.351
-1.55,4.533
-2.036,4.399
-2.101,4.346
-2.289,4.262
3.08,4.213
2.233,4.394
1.539,4.367
0.255,4.515
-0.067,4.204
-0.453,4.423
2.971,2.391
-1.796,0.672
-2.159,1.584
2.786,1.595
1.627,3.192
1.167,0.96
0.903,3.135
0.847,2.972
0.825,1.274
0.819,0.967
-0.038,1.581
0.054,2.843
-0.06,1.736
-0.132,3.246
-0.684,2.465
-1.406,1.273
2.854,3.541
2.698,2.246
1.584,3.401
0.874,1.386
-1.944,0.101
-1.777,4.306
-1.371,4.508
2.96,4.389
-0.486,-0.134
-0.551,-0.187
-0.739,-0.271
-1.653,-0.32
-2.5,-0.139
3.089,-0.166
1.805,-0.018
1.483,-0.329
1.097,-0.11
-1.762,-2.142
-0.246,-3.861
-0.609,-2.949
-1.947,-2.938
-3.106,-1.341
2.717,-3.573
2.453,-1.398
2.397,-1.561
2.375,-3.259
2.369,-3.566
1.512,-2.952
1.604,-1.69
1.49,-2.797
1.418,-1.287
0.866,-2.068
0.144,-3.26
-1.879,-0.992
-2.035,-2.287
3.134,-1.132
2.424,-3.147
-0.394,-4.432
-0.227,-0.227
0.179,-0.025
-1.773,-0.144
-0.065,-0.053
-0.253,-0.137
-1.167,-0.186
-2.014,-0.005
-2.708,-0.032
2.291,0.116
1.969,-0.195
1.583,0.024
-1.276,-2.008
0.24,-3.727
-0.123,-2.815
-1.461,-2.804
-2.62,-1.207
-3.08,-3.439
2.939,-1.264
2.883,-1.427
2.861,-3.125
2.855,-3.432
1.998,-2.818
2.09,-1.556
1.976,-2.663
1.904,-1.153
1.352,-1.934
0.63,-3.126
-1.393,-0.858
-1.549,-2.153
-2.663,-0.998
2.91,-3.013
0.092,-4.298
0.259,-0.093
0.665,0.109
-1.287,-0.01
-0.188,-0.084
-1.102,-0.133
-1.949,0.048
-2.643,0.021
2.356,0.169
2.034,-0.142
1.648,0.077
-1.211,-1.955
0.305,-3.674
-0.058,-2.762
-1.396,-2.751
-2.555,-1.154
-3.015,-3.386
3.004,-1.211
2.948,-1.374
2.926,-3.072
2.92,-3.379
2.063,-2.765
2.155,-1.503
2.041,-2.61
1.969,-1.1
1.417,-1.881
0.695,-3.073
-1.328,-0.805
-1.484,-2.1
-2.598,-0.945
2.975,-2.96
0.157,-4.245
0.324,-0.04
0.73,0.162
-1.222,0.043
-0.914,-0.049
-1.761,0.132
-2.455,0.105
2.544,0.253
2.222,-0.058
1.836,0.161
-1.023,-1.871
0.493,-3.59
0.13,-2.678
-1.208,-2.667
-2.367,-1.07
-2.827,-3.302
-3.091,-1.127
3.136,-1.29
3.114,-2.988
3.108,-3.295
2.251,-2.681
2.343,-1.419
2.229,-2.526
2.157,-1.016
1.605,-1.797
0.883,-2.989
-1.14,-0.721
-1.296,-2.016
-2.41,-0.861
-3.12,-2.876
0.345,-4.161
0.512,0.044
0.918,0.246
-1.034,0.127
-0.847,0.181
-1.541,0.154
-2.825,0.302
3.136,-0.009
2.75,0.21
-0.109,-1.822
1.407,-3.541
1.044,-2.629
-0.294,-2.618
-1.453,-1.021
-1.913,-3.253
-2.177,-1.078
-2.233,-1.241
-2.255,-2.939
-2.261,-3.246
-3.118,-2.632
-3.026,-1.37
-3.14,-2.477
3.071,-0.967
2.519,-1.748
1.797,-2.94
-0.226,-0.672
-0.382,-1.967
-1.496,-0.812
-2.206,-2.827
1.259,-4.112
1.426,0.093
1.832,0.295
-0.12,0.176
-0.694,-0.027
-1.978,0.121
-2.3,-0.19
-2.686,0.029
0.738,-2.003
2.254,-3.722
1.891,-2.81
0.553,-2.799
-0.606,-1.202
-1.066,-3.434
-1.33,-1.259
-1.386,-1.422
-1.408,-3.12
-1.414,-3.427
-2.271,-2.813
-2.179,-1.551
-2.293,-2.658
-2.365,-1.148
-2.917,-1.929
2.644,-3.121
0.621,-0.853
0.465,-2.148
-0.649,-0.993
-1.359,-3.008
2.106,-4.293
2.273,-0.088
2.679,0.114
0.727,-0.005
-1.284,0.148
-1.606,-0.163
-1.992,0.056
1.432,-1.976
2.948,-3.695
2.585,-2.783
1.247,-2.772
0.088,-1.175
-0.372,-3.407
-0.636,-1.232
-0.692,-1.395
-0.714,-3.093
-0.72,-3.4
-1.577,-2.786
-1.485,-1.524
-1.599,-2.631
-1.671,-1.121
-2.223,-1.902
-2.945,-3.094
1.315,-0.826
1.159,-2.121
0.045,-0.966
-0.665,-2.981
2.8,-4.266
2.967,-0.061
-2.91,0.141
1.421,0.022
-0.322,-0.311
-0.708,-0.092
2.716,-2.124
-2.051,-3.843
-2.414,-2.931
2.531,-2.92
1.372,-1.323
0.912,-3.555
0.648,-1.38
0.592,-1.543
0.57,-3.241
0.564,-3.548
-0.293,-2.934
-0.201,-1.672
-0.315,-2.779
-0.387,-1.269
-0.939,-2.05
-1.661,-3.242
2.599,-0.974
2.443,-2.269
1.329,-1.114
0.619,-3.129
-2.199,-4.414
-2.032,-0.209
-1.626,-0.007
2.705,-0.126
-0.386,0.219
3.038,-1.813
-1.729,-3.532
-2.092,-2.62
2.853,-2.609
1.694,-1.012
1.234,-3.244
0.97,-1.069
0.914,-1.232
0.892,-2.93
0.886,-3.237
0.029,-2.623
0.121,-1.361
0.007,-2.468
-0.065,-0.958
-0.617,-1.739
-1.339,-2.931
2.921,-0.663
2.765,-1.958
1.651,-0.803
0.941,-2.818
-1.877,-4.103
-1.71,0.102
-1.304,0.304
3.027,0.185
-2.859,-2.032
-1.343,-3.751
-1.706,-2.839
-3.044,-2.828
2.08,-1.231
1.62,-3.463
1.356,-1.288
1.3,-1.451
1.278,-3.149
1.272,-3.456
0.415,-2.842
0.507,-1.58
0.393,-2.687
0.321,-1.177
-0.231,-1.958
-0.953,-3.15
-2.976,-0.882
-3.132,-2.177
2.037,-1.022
1.327,-3.037
-1.491,-4.322
-1.324,-0.117
-0.918,0.085
-2.87,-0.034
1.516,-1.719
1.153,-0.807
-0.185,-0.796
-1.344,0.801
-1.804,-1.431
-2.068,0.744
-2.124,0.581
-2.146,-1.117
-2.152,-1.424
-3.009,-0.81
-2.917,0.452
-3.031,-0.655
-3.103,0.855
2.628,0.074
1.906,-1.118
-0.117,1.15
-0.273,-0.145
-1.387,1.01
-2.097,-1.005
1.368,-2.29
1.535,1.915
1.941,2.117
-0.011,1.998
-0.363,0.912
-1.701,0.923
-2.86,2.52
2.963,0.288
2.699,2.463
2.643,2.3
2.621,0.602
2.615,0.295
1.758,0.909
1.85,2.171
1.736,1.064
1.664,2.574
1.112,1.793
0.39,0.601
-1.633,2.869
-1.789,1.574
-2.903,2.729
2.67,0.714
-0.148,-0.571
0.019,3.634
0.425,3.836
-1.527,3.717
-1.338,0.011
-2.497,1.608
-2.957,-0.624
3.062,1.551
3.006,1.388
2.984,-0.31
2.978,-0.617
2.121,-0.003
2.213,1.259
2.099,0.152
2.027,1.662
1.475,0.881
0.753,-0.311
-1.27,1.957
-1.426,0.662
-2.54,1.817
3.033,-0.198
0.215,-1.483
0.382,2.722
0.788,2.924
-1.164,2.805
-1.159,1.597
-1.619,-0.635
-1.883,1.54
-1.939,1.377
-1.961,-0.321
-1.967,-0.628
-2.824,-0.014
-2.732,1.248
-2.846,0.141
-2.918,1.651
2.813,0.87
2.091,-0.322
0.068,1.946
-0.088,0.651
-1.202,1.806
-1.912,-0.209
1.553,-1.494
1.72,2.711
2.126,2.913
0.174,2.794
-0.46,-2.232
-0.724,-0.057
-0.78,-0.22
-0.802,-1.918
-0.808,-2.225
-1.665,-1.611
-1.573,-0.349
-1.687,-1.456
-1.759,0.054
-2.311,-0.727
-3.033,-1.919
1.227,0.349
1.071,-0.946
-0.043,0.209
-0.753,-1.806
2.712,-3.091
2.879,1.114
-2.998,1.316
1.333,1.197
-0.264,2.175
-0.32,2.012
-0.342,0.314
-0.348,0.007
-1.205,0.621
-1.113,1.883
-1.227,0.776
-1.299,2.286
-1.851,1.505
-2.573,0.313
1.687,2.581
1.531,1.286
0.417,2.441
-0.293,0.426
-3.111,-0.859
-2.944,3.346
-2.538,3.548
1.793,3.429
-0.056,-0.163
-0.078,-1.861
-0.084,-2.168
-0.941,-1.554
-0.849,-0.292
-0.963,-1.399
-1.035,0.111
-1.587,-0.67
-2.309,-1.862
1.951,0.406
1.795,-0.889
0.681,0.266
-0.029,-1.749
-2.847,-3.034
-2.68,1.171
-2.274,1.373
2.057,1.254
-0.022,-1.698
-0.028,-2.005
-0.885,-1.391
-0.793,-0.129
-0.907,-1.236
-0.979,0.274
-1.531,-0.507
-2.253,-1.699
2.007,0.569
1.851,-0.726
0.737,0.429
0.027,-1.586
-2.791,-2.871
-2.624,1.334
-2.218,1.536
2.113,1.417
-0.006,-0.307
-0.863,0.307
-0.771,1.569
-0.885,0.462
-0.957,1.972
-1.509,1.191
-2.231,-0.001
2.029,2.267
1.873,0.972
0.759,2.127
0.049,0.112
-2.769,-1.173
-2.602,3.032
-2.196,3.234
2.135,3.115
-0.857,0.614
-0.765,1.876
-0.879,0.769
-0.951,2.279
-1.503,1.498
-2.225,0.306
2.035,2.574
1.879,1.279
0.765,2.434
0.055,0.419
-2.763,-0.866
-2.596,3.339
-2.19,3.541
2.141,3.422
0.092,1.262
-0.022,0.155
-0.094,1.665
-0.646,0.884
-1.368,-0.308
2.892,1.96
2.736,0.665
1.622,1.82
0.912,-0.195
-1.906,-1.48
-1.739,2.725
-1.333,2.927
2.998,2.808
-0.114,-1.107
-0.186,0.403
-0.738,-0.378
-1.46,-1.57
2.8,0.698
2.644,-0.597
1.53,0.558
0.82,-1.457
-1.998,-2.742
-1.831,1.463
-1.425,1.665
2.906,1.546
-0.072,1.51
-0.624,0.729
-1.346,-0.463
2.914,1.805
2.758,0.51
1.644,1.665
0.934,-0.35
-1.884,-1.635
-1.717,2.57
-1.311,2.772
3.02,2.653
-0.552,-0.781
-1.274,-1.973
2.986,0.295
2.83,-1.0
1.716,0.155
1.006,-1.86
-1.812,-3.145
-1.645,1.06
-1.239,1.262
3.092,1.143
-0.722,-1.192
-2.745,1.076
-2.901,-0.219
2.268,0.936
1.558,-1.079
-1.26,-2.364
-1.093,1.841
-0.687,2.043
-2.639,1.924
-2.023,2.268
-2.179,0.973
2.99,2.128
2.28,0.113
-0.538,-1.172
-0.371,3.033
0.035,3.235
-1.917,3.116
-0.156,-1.295
-1.27,-0.14
-1.98,-2.155
1.485,-3.44
1.652,0.765
2.058,0.967
0.106,0.848
-1.114,1.155
-1.824,-0.86
1.641,-2.145
1.808,2.06
2.214,2.262
0.262,2.143
-0.71,-2.015
2.755,-3.3
2.922,0.905
-2.955,1.107
1.376,0.988
-2.818,-1.285
-2.651,2.92
-2.245,3.122
2.086,3.003
0.167,4.205
0.573,4.407
-1.379,4.288
0.406,0.202
-1.546,0.083
-1.952,-0.119
