-0.027,-0.633
0.003,-1.329
-0.002,0.418
0.006,-0.816
-0.081,-0.572
-0.005,0.821
-0.098,-1.428
-0.179,1.243
-0.125,0.948
-0.188,0.77
-0.183,-1.596
-0.228,0.456
-0.17,-1.024
-0.183,-0.059
-0.28,1.206
-0.346,-1.311
-0.269,0.273
-0.313,1.196
-0.341,1.582
-0.385,1.191
-0.46,-0.364
-0.45,1.507
-0.481,0.562
-0.492,0.974
-0.526,-1.829
-0.526,-0.311
-0.473,0.208
-0.48,0.453
-0.634,0.464
-0.68,1.538
-0.671,0.523
-0.791,0.547
-0.713,0.928
-0.804,1.245
-0.79,0.693
-0.784,0.907
-0.947,-2.18
-0.924,-1.5
-0.942,1.467
-1.017,-1.149
-0.989,0.004
-1.079,-1.862
-1.082,-1.433
-1.097,-1.86
-1.138,0.204
-1.071,-1.801
-1.185,0.833
-1.122,0.177
-1.236,0.292
-1.175,-2.196
-1.17,-2.174
-1.199,0.849
-1.195,1.679
-1.286,0.631
-1.245,-1.545
-1.264,-1.438
-1.37,1.513
-1.417,1.662
-1.347,-0.049
-1.389,-1.342
-1.464,-0.613
-1.39,-0.555
-1.494,1.282
-1.482,-1.349
-1.452,-0.875
-1.539,-0.833
-1.615,-0.734
-1.63,-0.655
-1.639,-0.075
-1.68,-1.061
-1.742,-1.023
-1.85,0.942
-1.945,-0.058
-2.058,-0.727
-1.998,0.892
-2.057,-1.084
-2.152,-1.569
-2.145,-1.424
-2.193,0.112
-2.129,-0.28
-2.17,-0.337
-2.269,0.902
-2.266,-1.369
-2.331,-2.284
-2.36,-1.608
-2.316,-1.166
-2.371,-0.463
-2.49,0.748
-2.508,0.693
-2.524,1.145
-2.506,-0.265
-2.53,1.375
-2.599,-1.17
-2.616,1.662
-2.673,0.837
-2.709,-0.62
-2.697,-0.562
-2.776,0.271
-2.843,-1.303
-2.874,-0.181
-2.882,-0.787
-2.823,0.127
-2.938,-1.35
-2.866,0.98
-2.938,1.518
-3.019,-0.349
-3.027,0.507
-2.964,-0.131
-3.028,0.295
-3.086,-1.809
-3.076,0.562
-3.125,-1.924
3.082,-2.145
3.081,0.844
3.061,-0.728
2.996,0.03
3.027,-2.179
3.019,-0.031
3.02,-0.083
3.005,1.354
2.993,1.132
2.989,-0.391
2.971,-0.637
2.891,-1.392
2.898,-0.35
2.898,-0.954
2.959,-0.428
2.894,0.214
2.854,0.733
2.786,-0.547
2.831,-0.848
2.732,-2.036
2.71,-1.152
2.71,-1.885
2.771,1.571
2.731,0.234
2.654,1.204
2.666,-0.554
2.628,1.692
2.607,-0.06
2.66,-0.586
2.646,0.495
2.558,1.243
2.546,1.343
2.511,-1.361
2.586,-1.008
2.509,-1.622
2.56,0.053
2.512,0.527
2.486,0.149
2.417,-1.977
2.421,-2.186
2.412,0.088
2.365,0.581
2.324,1.116
2.388,-0.12
2.325,-1.569
2.31,0.251
2.216,1.568
2.202,-0.848
2.141,-0.535
2.08,-0.571
2.072,-1.056
2.11,0.02
2.042,-0.299
2.107,1.265
2.065,0.944
2.015,-2.128
1.936,1.084
1.872,-1.428
1.881,-0.233
1.913,0.726
1.846,-0.685
1.695,1.634
1.613,-1.299
1.597,-2.09
1.588,1.217
1.575,-1.907
1.492,-1.395
1.396,-0.21
1.427,-0.088
1.336,-0.269
1.366,1.526
1.309,0.028
1.237,-0.738
1.227,0.813
1.213,-0.821
1.139,0.918
1.191,0.517
1.108,0.316
1.089,-0.788
1.077,-0.059
1.114,-0.574
1.076,-0.734
1.059,-0.948
1.001,-1.332
1.013,1.081
0.976,-0.189
0.986,0.285
0.956,-2.225
0.938,0.021
0.833,-0.165
0.799,0.151
0.815,0.444
0.751,-0.566
0.615,-2.038
0.546,-1.128
0.509,-0.935
0.569,-0.757
0.547,-1.026
0.48,-2.147
0.453,0.214
0.448,0.322
0.369,-0.564
0.399,0.119
0.321,1.489
0.375,-0.425
0.395,0.586
0.316,-0.105
0.355,-2.247
0.31,-0.759
0.368,-1.823
0.329,-0.919
0.218,-1.121
0.211,-0.739
0.143,-0.792
0.196,-1.211
0.169,-0.588
0.116,-0.224
0.148,-0.818
0.165,-0.19
0.147,-2.106
0.132,-1.1
0.104,0.399
0.104,-0.53
0.106,-0.04
0.069,0.446
0.065,1.444
0.036,-2.185
-0.66,-2.302
-0.708,-2.239
-1.592,-2.38
-1.943,-2.341
-2.624,-2.473
-2.607,-2.334
-3.127,-2.576
-3.137,-2.32
3.116,-2.371
2.03,-2.568
1.489,-2.329
1.292,-2.549
0.73,-2.402
0.322,-2.704
-0.045,2.06
-0.084,1.952
-0.267,1.785
-0.706,1.839
-0.696,2.105
-1.145,2.148
-1.533,1.99
-1.77,1.77
-1.759,2.068
-2.368,2.016
-2.487,1.905
-2.612,1.826
-2.707,1.783
3.047,1.953
2.754,1.856
2.543,2.013
2.299,2.174
2.218,1.886
1.468,2.197
1.227,1.746
0.946,1.882
0.524,1.908
0.416,1.958
0.427,1.836
0.057,2.065
-0.249,1.688
-0.555,-0.94
-0.647,-1.703
-1.317,0.221
-1.3,-2.083
-1.743,-1.095
3.074,-1.93
2.593,0.067
1.76,1.376
1.466,0.652
1.01,-1.217
0.537,-1.556
1.998,-2.484
1.94,1.955
0.091,1.722
0.067,-0.475
-0.08,-0.793
0.0,-0.932
-0.068,1.627
-0.181,-1.106
-0.31,1.224
-0.189,-2.049
-0.262,0.845
-0.284,-0.608
-0.286,0.733
-0.347,0.361
-0.439,0.836
-0.55,0.678
-0.459,-0.437
-0.658,1.527
-0.701,-0.571
-0.761,-1.351
-0.782,0.744
-0.932,-2.27
-0.992,-0.215
-0.897,-0.365
-1.007,-1.995
-1.118,0.169
-1.113,-0.22
-1.427,0.417
-1.314,1.415
-1.436,-0.314
-1.456,1.614
-1.515,1.524
-1.621,-0.645
-1.689,0.339
-1.706,-0.466
-1.94,1.665
-1.92,-2.155
-1.934,-1.949
-2.161,1.414
-2.071,-1.695
-2.269,-2.071
-2.429,-0.1
-2.426,-0.885
-2.366,-1.104
-2.378,-2.253
-2.427,0.551
-2.455,-1.153
-2.6,-0.74
-2.598,1.54
-2.553,-1.201
-3.004,-1.751
-2.875,-1.183
-2.98,0.031
-2.976,-0.964
-3.102,-1.903
-3.009,1.253
-3.092,-0.722
-3.131,1.08
2.973,-0.288
2.93,-0.306
2.93,1.548
2.993,0.923
2.842,-1.137
2.837,-1.152
2.97,-1.592
2.813,-0.435
2.921,1.654
2.907,0.513
2.772,-1.798
2.888,0.418
2.871,0.59
2.883,-1.197
2.783,-1.046
2.674,0.055
2.604,0.82
2.681,-2.241
2.67,0.142
2.548,1.701
2.501,-0.229
2.612,-1.956
2.534,-0.426
2.472,-0.706
2.285,1.366
2.32,-2.125
2.289,1.079
2.155,-1.659
2.252,-0.96
2.14,0.481
2.213,-1.942
2.04,0.06
2.0,-2.082
2.118,0.549
1.982,-2.034
1.92,-2.01
1.784,0.1
1.896,-0.869
1.773,-2.133
1.82,-2.285
1.816,-2.008
1.778,-0.933
1.614,0.661
1.443,1.355
1.332,-0.542
1.314,-0.818
1.308,-0.774
1.31,0.17
1.304,0.117
1.282,0.052
1.175,-0.116
1.143,-1.517
1.108,-0.024
1.045,-1.605
1.003,-0.808
0.945,-0.307
0.634,-0.976
0.739,-0.941
0.468,-0.863
0.59,-0.529
0.539,-1.148
0.416,-2.138
0.223,1.518
0.347,-0.255
0.199,-0.031
0.189,-1.966
0.271,1.185
0.104,-1.439
0.101,0.626
0.088,1.23
-0.009,-0.207
0.082,-0.614
-0.206,-2.491
-0.676,-2.26
-0.909,-2.542
-1.224,-2.598
-1.342,-2.547
-1.752,-2.343
-2.387,-2.61
-2.864,-2.554
-3.058,-2.405
1.561,-2.219
1.361,-2.506
1.324,-2.615
1.032,-2.448
1.089,-2.423
-0.014,-2.45
-0.198,1.731
-0.27,1.833
-0.696,2.018
-1.156,1.938
-2.281,2.035
-2.65,1.732
-2.513,1.738
-2.871,1.775
-2.748,1.856
-2.983,2.073
3.133,2.046
3.011,1.773
2.621,1.891
2.476,1.808
2.591,2.171
2.598,1.889
2.114,2.052
1.782,2.2
1.519,2.123
1.087,1.983
0.628,1.952
0.522,1.998
0.483,1.96
-2.944,-0.409
2.891,-1.007
1.658,-2.174
1.396,-0.856
1.061,-0.171
-2.188,0.376
2.623,1.12
0.542,0.073
0.521,-0.128
0.465,0.216
0.243,-1.247
-0.465,0.717
-1.445,-0.907
-1.54,-0.619
-1.689,-0.11
-1.424,-2.479
2.839,-2.003
2.62,1.84
0.855,1.416
0.767,1.649
0.539,1.576
0.614,1.395
1.513,1.56
1.983,2.007
0.03,-0.696
0.025,1.051
0.033,-0.183
-0.054,0.061
0.022,1.454
-0.071,-0.795
-0.152,1.876
-0.098,1.581
-0.161,1.403
-0.156,-0.963
-0.201,1.089
-0.143,-0.391
-0.156,0.574
-0.253,1.839
-0.319,-0.678
-0.242,0.906
-0.286,1.829
-0.314,2.215
-0.358,1.824
-0.433,0.269
-0.423,2.14
-0.454,1.195
-0.465,1.607
-0.499,-1.196
-0.499,0.322
-0.446,0.841
-0.453,1.086
-0.607,1.097
-0.653,2.171
-0.644,1.156
-0.764,1.18
-0.686,1.561
-0.777,1.878
-0.763,1.326
-0.757,1.54
-0.92,-1.547
-0.897,-0.867
-0.915,2.1
-0.99,-0.516
-0.962,0.637
-1.052,-1.229
-1.055,-0.8
-1.07,-1.227
-1.111,0.837
-1.044,-1.168
-1.158,1.466
-1.095,0.81
-1.209,0.925
-1.148,-1.563
-1.143,-1.541
-1.172,1.482
-1.168,2.312
-1.259,1.264
-1.218,-0.912
-1.237,-0.805
-1.343,2.146
-1.39,2.295
-1.32,0.584
-1.362,-0.709
-1.437,0.02
-1.363,0.078
-1.467,1.915
-1.455,-0.716
-1.425,-0.242
-1.512,-0.2
-1.588,-0.101
-1.603,-0.022
-1.612,0.558
-1.653,-0.428
-1.715,-0.39
-1.823,1.575
-1.918,0.575
-2.031,-0.094
-1.971,1.525
-2.03,-0.451
-2.125,-0.936
-2.118,-0.791
-2.166,0.745
-2.102,0.353
-2.143,0.296
-2.242,1.535
-2.239,-0.736
-2.304,-1.651
-2.333,-0.975
-2.289,-0.533
-2.344,0.17
-2.463,1.381
-2.481,1.326
-2.497,1.778
-2.479,0.368
-2.503,2.008
-2.572,-0.537
-2.589,2.295
-2.646,1.47
-2.682,0.013
-2.67,0.071
-2.749,0.904
-2.816,-0.67
-2.847,0.452
-2.855,-0.154
-2.796,0.76
-2.911,-0.717
-2.839,1.613
-2.911,2.151
-2.992,0.284
-3.0,1.14
-2.937,0.502
-3.001,0.928
-3.059,-1.176
-3.049,1.195
-3.098,-1.291
3.109,-1.512
3.108,1.477
3.088,-0.095
3.023,0.663
3.054,-1.546
3.046,0.602
3.047,0.55
3.032,1.987
3.02,1.765
3.016,0.242
2.998,-0.004
2.918,-0.759
2.925,0.283
2.925,-0.321
2.986,0.205
2.921,0.847
2.881,1.366
2.813,0.086
2.858,-0.215
2.759,-1.403
2.737,-0.519
2.737,-1.252
2.798,2.204
2.758,0.867
2.681,1.837
2.693,0.079
2.655,2.325
2.634,0.573
2.687,0.047
2.673,1.128
2.585,1.876
2.573,1.976
2.538,-0.728
2.613,-0.375
2.536,-0.989
2.587,0.686
2.539,1.16
2.513,0.782
2.444,-1.344
2.448,-1.553
2.439,0.721
2.392,1.214
2.351,1.749
2.415,0.513
2.352,-0.936
2.337,0.884
2.243,2.201
2.229,-0.215
2.168,0.098
2.107,0.062
2.099,-0.423
2.137,0.653
2.069,0.334
2.134,1.898
2.092,1.577
2.042,-1.495
1.963,1.717
1.899,-0.795
1.908,0.4
1.94,1.359
1.873,-0.052
1.722,2.267
1.64,-0.666
1.624,-1.457
1.615,1.85
1.602,-1.274
1.519,-0.762
1.423,0.423
1.454,0.545
1.363,0.364
1.393,2.159
1.336,0.661
1.264,-0.105
1.254,1.446
1.24,-0.188
1.166,1.551
1.218,1.15
1.135,0.949
1.116,-0.155
1.104,0.574
1.141,0.059
1.103,-0.101
1.086,-0.315
1.028,-0.699
1.04,1.714
1.003,0.444
1.013,0.918
0.983,-1.592
0.965,0.654
0.86,0.468
0.826,0.784
0.842,1.077
0.778,0.067
0.642,-1.405
0.573,-0.495
0.536,-0.302
0.596,-0.124
0.574,-0.393
0.507,-1.514
0.48,0.847
0.475,0.955
0.396,0.069
0.426,0.752
0.348,2.122
0.402,0.208
0.422,1.219
0.343,0.528
0.382,-1.614
0.337,-0.126
0.395,-1.19
0.356,-0.286
0.245,-0.488
0.238,-0.106
0.17,-0.159
0.223,-0.578
0.196,0.045
0.143,0.409
0.175,-0.185
0.192,0.443
0.174,-1.473
0.159,-0.467
0.131,1.032
0.131,0.103
0.133,0.593
0.096,1.079
0.092,2.077
0.063,-1.552
-0.633,-1.669
-0.681,-1.606
-1.565,-1.747
-1.916,-1.708
-2.597,-1.84
-2.58,-1.701
-3.1,-1.943
-3.11,-1.687
-3.14,-1.738
2.057,-1.935
1.516,-1.696
1.319,-1.916
0.757,-1.769
0.349,-2.071
-0.018,2.693
-0.057,2.585
-0.24,2.418
-0.679,2.472
-0.669,2.738
-1.118,2.781
-1.506,2.623
-1.743,2.403
-1.732,2.701
-2.341,2.649
-2.46,2.538
-2.585,2.459
-2.68,2.416
3.074,2.586
2.781,2.489
2.57,2.646
2.326,2.807
2.245,2.519
1.495,2.83
1.254,2.379
0.973,2.515
0.551,2.541
0.443,2.591
0.454,2.469
0.084,2.698
-0.222,2.321
-0.528,-0.307
-0.62,-1.07
-1.29,0.854
-1.273,-1.45
-1.716,-0.462
3.101,-1.297
2.62,0.7
1.787,2.009
1.493,1.285
1.037,-0.584
0.564,-0.923
2.025,-1.851
1.967,2.588
0.118,2.355
0.094,0.158
-0.053,-0.16
0.027,-0.299
-0.041,2.26
-0.154,-0.473
-0.283,1.857
-0.162,-1.416
-0.235,1.478
-0.257,0.025
-0.259,1.366
-0.32,0.994
-0.412,1.469
-0.523,1.311
-0.432,0.196
-0.631,2.16
-0.674,0.062
-0.734,-0.718
-0.755,1.377
-0.905,-1.637
-0.965,0.418
-0.87,0.268
-0.98,-1.362
-1.091,0.802
-1.086,0.413
-1.4,1.05
-1.287,2.048
-1.409,0.319
-1.429,2.247
-1.488,2.157
-1.594,-0.012
-1.662,0.972
-1.679,0.167
-1.913,2.298
-1.893,-1.522
-1.907,-1.316
-2.134,2.047
-2.044,-1.062
-2.242,-1.438
-2.402,0.533
-2.399,-0.252
-2.339,-0.471
-2.351,-1.62
-2.4,1.184
-2.428,-0.52
-2.573,-0.107
-2.571,2.173
-2.526,-0.568
-2.977,-1.118
-2.848,-0.55
-2.953,0.664
-2.949,-0.331
-3.075,-1.27
-2.982,1.886
-3.065,-0.089
-3.104,1.713
3.0,0.345
2.957,0.327
2.957,2.181
3.02,1.556
2.869,-0.504
2.864,-0.519
2.997,-0.959
2.84,0.198
2.948,2.287
2.934,1.146
2.799,-1.165
2.915,1.051
2.898,1.223
2.91,-0.564
2.81,-0.413
2.701,0.688
2.631,1.453
2.708,-1.608
2.697,0.775
2.575,2.334
2.528,0.404
2.639,-1.323
2.561,0.207
2.499,-0.073
2.312,1.999
2.347,-1.492
2.316,1.712
2.182,-1.026
2.279,-0.327
2.167,1.114
2.24,-1.309
2.067,0.693
2.027,-1.449
2.145,1.182
2.009,-1.401
1.947,-1.377
1.811,0.733
1.923,-0.236
1.8,-1.5
1.847,-1.652
1.843,-1.375
1.805,-0.3
1.641,1.294
1.47,1.988
1.359,0.091
1.341,-0.185
1.335,-0.141
1.337,0.803
1.331,0.75
1.309,0.685
1.202,0.517
1.17,-0.884
1.135,0.609
1.072,-0.972
1.03,-0.175
0.972,0.326
0.661,-0.343
0.766,-0.308
0.495,-0.23
0.617,0.104
0.566,-0.515
0.443,-1.505
0.25,2.151
0.374,0.378
0.226,0.602
0.216,-1.333
0.298,1.818
0.131,-0.806
0.128,1.259
0.115,1.863
0.018,0.426
0.109,0.019
-0.179,-1.858
-0.649,-1.627
-0.882,-1.909
-1.197,-1.965
-1.315,-1.914
-1.725,-1.71
-2.36,-1.977
-2.837,-1.921
-3.031,-1.772
1.588,-1.586
1.388,-1.873
1.351,-1.982
1.059,-1.815
1.116,-1.79
0.013,-1.817
-0.171,2.364
-0.243,2.466
-0.669,2.651
-1.129,2.571
-2.254,2.668
-2.623,2.365
-2.486,2.371
-2.844,2.408
-2.721,2.489
-2.956,2.706
-3.123,2.679
3.038,2.406
2.648,2.524
2.503,2.441
2.618,2.804
2.625,2.522
2.141,2.685
1.809,2.833
1.546,2.756
1.114,2.616
0.655,2.585
0.549,2.631
0.51,2.593
-2.917,0.224
2.918,-0.374
1.685,-1.541
1.423,-0.223
1.088,0.462
-2.161,1.009
2.65,1.753
0.569,0.706
0.548,0.505
0.492,0.849
0.27,-0.614
-0.438,1.35
-1.418,-0.274
-1.513,0.014
-1.662,0.523
-1.397,-1.846
2.866,-1.37
2.647,2.473
0.882,2.049
0.794,2.282
0.566,2.209
0.641,2.028
1.54,2.193
2.01,2.64
-0.005,1.747
0.003,0.513
-0.084,0.757
-0.008,2.15
-0.101,-0.099
-0.182,2.572
-0.128,2.277
-0.191,2.099
-0.186,-0.267
-0.231,1.785
-0.173,0.305
-0.186,1.27
-0.283,2.535
-0.349,0.018
-0.272,1.602
-0.316,2.525
-0.344,2.911
-0.388,2.52
-0.463,0.965
-0.453,2.836
-0.484,1.891
-0.495,2.303
-0.529,-0.5
-0.529,1.018
-0.476,1.537
-0.483,1.782
-0.637,1.793
-0.683,2.867
-0.674,1.852
-0.794,1.876
-0.716,2.257
-0.807,2.574
-0.793,2.022
-0.787,2.236
-0.95,-0.851
-0.927,-0.171
-0.945,2.796
-1.02,0.18
-0.992,1.333
-1.082,-0.533
-1.085,-0.104
-1.1,-0.531
-1.141,1.533
-1.074,-0.472
-1.188,2.162
-1.125,1.506
-1.239,1.621
-1.178,-0.867
-1.173,-0.845
-1.202,2.178
-1.198,3.008
-1.289,1.96
-1.248,-0.216
-1.267,-0.109
-1.373,2.842
-1.42,2.991
-1.35,1.28
-1.392,-0.013
-1.467,0.716
-1.393,0.774
-1.497,2.611
-1.485,-0.02
-1.455,0.454
-1.542,0.496
-1.618,0.595
-1.633,0.674
-1.642,1.254
-1.683,0.268
-1.745,0.306
-1.853,2.271
-1.948,1.271
-2.061,0.602
-2.001,2.221
-2.06,0.245
-2.155,-0.24
-2.148,-0.095
-2.196,1.441
-2.132,1.049
-2.173,0.992
-2.272,2.231
-2.269,-0.04
-2.334,-0.955
-2.363,-0.279
-2.319,0.163
-2.374,0.866
-2.493,2.077
-2.511,2.022
-2.527,2.474
-2.509,1.064
-2.533,2.704
-2.602,0.159
-2.619,2.991
-2.676,2.166
-2.712,0.709
-2.7,0.767
-2.779,1.6
-2.846,0.026
-2.877,1.148
-2.885,0.542
-2.826,1.456
-2.941,-0.021
-2.869,2.309
-2.941,2.847
-3.022,0.98
-3.03,1.836
-2.967,1.198
-3.031,1.624
-3.089,-0.48
-3.079,1.891
-3.128,-0.595
3.079,-0.816
3.078,2.173
3.058,0.601
2.993,1.359
3.024,-0.85
3.016,1.298
3.017,1.246
3.002,2.683
2.99,2.461
2.986,0.938
2.968,0.692
2.888,-0.063
2.895,0.979
2.895,0.375
2.956,0.901
2.891,1.543
2.851,2.062
2.783,0.782
2.828,0.481
2.729,-0.707
2.707,0.177
2.707,-0.556
2.768,2.9
2.728,1.563
2.651,2.533
2.663,0.775
2.625,3.021
2.604,1.269
2.657,0.743
2.643,1.824
2.555,2.572
2.543,2.672
2.508,-0.032
2.583,0.321
2.506,-0.293
2.557,1.382
2.509,1.856
2.483,1.478
2.414,-0.648
2.418,-0.857
2.409,1.417
2.362,1.91
2.321,2.445
2.385,1.209
2.322,-0.24
2.307,1.58
2.213,2.897
2.199,0.481
2.138,0.794
2.077,0.758
2.069,0.273
2.107,1.349
2.039,1.03
2.104,2.594
2.062,2.273
2.012,-0.799
1.933,2.413
1.869,-0.099
1.878,1.096
1.91,2.055
1.843,0.644
1.692,2.963
1.61,0.03
1.594,-0.761
1.585,2.546
1.572,-0.578
1.489,-0.066
1.393,1.119
1.424,1.241
1.333,1.06
1.363,2.855
1.306,1.357
1.234,0.591
1.224,2.142
1.21,0.508
1.136,2.247
1.188,1.846
1.105,1.645
1.086,0.541
1.074,1.27
1.111,0.755
1.073,0.595
1.056,0.381
0.998,-0.003
1.01,2.41
0.973,1.14
0.983,1.614
0.953,-0.896
0.935,1.35
0.83,1.164
0.796,1.48
0.812,1.773
0.748,0.763
0.612,-0.709
0.543,0.201
0.506,0.394
0.566,0.572
0.544,0.303
0.477,-0.818
0.45,1.543
0.445,1.651
0.366,0.765
0.396,1.448
0.318,2.818
0.372,0.904
0.392,1.915
0.313,1.224
0.352,-0.918
0.307,0.57
0.365,-0.494
0.326,0.41
0.215,0.208
0.208,0.59
0.14,0.537
0.193,0.118
0.166,0.741
0.113,1.105
0.145,0.511
0.162,1.139
0.144,-0.777
0.129,0.229
0.101,1.728
0.101,0.799
0.103,1.289
0.066,1.775
0.062,2.773
0.033,-0.856
-0.663,-0.973
-0.711,-0.91
-1.595,-1.051
-1.946,-1.012
-2.627,-1.144
-2.61,-1.005
-3.13,-1.247
-3.14,-0.991
3.113,-1.042
2.027,-1.239
1.486,-1.0
1.289,-1.22
0.727,-1.073
0.319,-1.375
-0.048,3.389
-0.087,3.281
-0.27,3.114
-0.709,3.168
-0.699,3.434
-1.148,3.477
-1.536,3.319
-1.773,3.099
-1.762,3.397
-2.371,3.345
-2.49,3.234
-2.615,3.155
-2.71,3.112
3.044,3.282
2.751,3.185
2.54,3.342
2.296,3.503
2.215,3.215
1.465,3.526
1.224,3.075
0.943,3.211
0.521,3.237
0.413,3.287
0.424,3.165
0.054,3.394
-0.252,3.017
-0.558,0.389
-0.65,-0.374
-1.32,1.55
-1.303,-0.754
-1.746,0.234
3.071,-0.601
2.59,1.396
1.757,2.705
1.463,1.981
1.007,0.112
0.534,-0.227
1.995,-1.155
1.937,3.284
0.088,3.051
0.064,0.854
-0.083,0.536
-0.003,0.397
-0.071,2.956
-0.184,0.223
-0.313,2.553
-0.192,-0.72
-0.265,2.174
-0.287,0.721
-0.289,2.062
-0.35,1.69
-0.442,2.165
-0.553,2.007
-0.462,0.892
-0.661,2.856
-0.704,0.758
-0.764,-0.022
-0.785,2.073
-0.935,-0.941
-0.995,1.114
-0.9,0.964
-1.01,-0.666
-1.121,1.498
-1.116,1.109
-1.43,1.746
-1.317,2.744
-1.439,1.015
-1.459,2.943
-1.518,2.853
-1.624,0.684
-1.692,1.668
-1.709,0.863
-1.943,2.994
-1.923,-0.826
-1.937,-0.62
-2.164,2.743
-2.074,-0.366
-2.272,-0.742
-2.432,1.229
-2.429,0.444
-2.369,0.225
-2.381,-0.924
-2.43,1.88
-2.458,0.176
-2.603,0.589
-2.601,2.869
-2.556,0.128
-3.007,-0.422
-2.878,0.146
-2.983,1.36
-2.979,0.365
-3.105,-0.574
-3.012,2.582
-3.095,0.607
-3.134,2.409
2.97,1.041
2.927,1.023
2.927,2.877
2.99,2.252
2.839,0.192
2.834,0.177
2.967,-0.263
2.81,0.894
2.918,2.983
2.904,1.842
2.769,-0.469
2.885,1.747
2.868,1.919
2.88,0.132
2.78,0.283
2.671,1.384
2.601,2.149
2.678,-0.912
2.667,1.471
2.545,3.03
2.498,1.1
2.609,-0.627
2.531,0.903
2.469,0.623
2.282,2.695
2.317,-0.796
2.286,2.408
2.152,-0.33
2.249,0.369
2.137,1.81
2.21,-0.613
2.037,1.389
1.997,-0.753
2.115,1.878
1.979,-0.705
1.917,-0.681
1.781,1.429
1.893,0.46
1.77,-0.804
1.817,-0.956
1.813,-0.679
1.775,0.396
1.611,1.99
1.44,2.684
1.329,0.787
1.311,0.511
1.305,0.555
1.307,1.499
1.301,1.446
1.279,1.381
1.172,1.213
1.14,-0.188
1.105,1.305
1.042,-0.276
1.0,0.521
0.942,1.022
0.631,0.353
0.736,0.388
0.465,0.466
0.587,0.8
0.536,0.181
0.413,-0.809
0.22,2.847
0.344,1.074
0.196,1.298
0.186,-0.637
0.268,2.514
0.101,-0.11
0.098,1.955
0.085,2.559
-0.012,1.122
0.079,0.715
-0.209,-1.162
-0.679,-0.931
-0.912,-1.213
-1.227,-1.269
-1.345,-1.218
-1.755,-1.014
-2.39,-1.281
-2.867,-1.225
-3.061,-1.076
1.558,-0.89
1.358,-1.177
1.321,-1.286
1.029,-1.119
1.086,-1.094
-0.017,-1.121
-0.201,3.06
-0.273,3.162
-0.699,3.347
-1.159,3.267
-2.284,3.364
-2.653,3.061
-2.516,3.067
-2.874,3.104
-2.751,3.185
-2.986,3.402
3.13,3.375
3.008,3.102
2.618,3.22
2.473,3.137
2.588,3.5
2.595,3.218
2.111,3.381
1.779,3.529
1.516,3.452
1.084,3.312
0.625,3.281
0.519,3.327
0.48,3.289
-2.947,0.92
2.888,0.322
1.655,-0.845
1.393,0.473
1.058,1.158
-2.191,1.705
2.62,2.449
0.539,1.402
0.518,1.201
0.462,1.545
0.24,0.082
-0.468,2.046
-1.448,0.422
-1.543,0.71
-1.692,1.219
-1.427,-1.15
2.836,-0.674
2.617,3.169
0.852,2.745
0.764,2.978
0.536,2.905
0.611,2.724
1.51,2.889
1.98,3.336
0.008,-1.234
-0.079,-0.99
-0.003,0.403
-0.096,-1.846
-0.177,0.825
-0.123,0.53
-0.186,0.352
-0.181,-2.014
-0.226,0.038
-0.168,-1.442
-0.181,-0.477
-0.278,0.788
-0.344,-1.729
-0.267,-0.145
-0.311,0.778
-0.339,1.164
-0.383,0.773
-0.458,-0.782
-0.448,1.089
-0.479,0.144
-0.49,0.556
-0.524,-2.247
-0.524,-0.729
-0.471,-0.21
-0.478,0.035
-0.632,0.046
-0.678,1.12
-0.669,0.105
-0.789,0.129
-0.711,0.51
-0.802,0.827
-0.788,0.275
-0.782,0.489
-0.945,-2.598
-0.922,-1.918
-0.94,1.049
-1.015,-1.567
-0.987,-0.414
-1.077,-2.28
-1.08,-1.851
-1.095,-2.278
-1.136,-0.214
-1.069,-2.219
-1.183,0.415
-1.12,-0.241
-1.234,-0.126
-1.173,-2.614
-1.168,-2.592
-1.197,0.431
-1.193,1.261
-1.284,0.213
-1.243,-1.963
-1.262,-1.856
-1.368,1.095
-1.415,1.244
-1.345,-0.467
-1.387,-1.76
-1.462,-1.031
-1.388,-0.973
-1.492,0.864
-1.48,-1.767
-1.45,-1.293
-1.537,-1.251
-1.613,-1.152
-1.628,-1.073
-1.637,-0.493
-1.678,-1.479
-1.74,-1.441
-1.848,0.524
-1.943,-0.476
-2.056,-1.145
-1.996,0.474
-2.055,-1.502
-2.15,-1.987
-2.143,-1.842
-2.191,-0.306
-2.127,-0.698
-2.168,-0.755
-2.267,0.484
-2.264,-1.787
-2.329,-2.702
-2.358,-2.026
-2.314,-1.584
-2.369,-0.881
-2.488,0.33
-2.506,0.275
-2.522,0.727
-2.504,-0.683
-2.528,0.957
-2.597,-1.588
-2.614,1.244
-2.671,0.419
-2.707,-1.038
-2.695,-0.98
-2.774,-0.147
-2.841,-1.721
-2.872,-0.599
-2.88,-1.205
-2.821,-0.291
-2.936,-1.768
-2.864,0.562
-2.936,1.1
-3.017,-0.767
-3.025,0.089
-2.962,-0.549
-3.026,-0.123
-3.084,-2.227
-3.074,0.144
-3.123,-2.342
3.084,-2.563
3.083,0.426
3.063,-1.146
2.998,-0.388
3.029,-2.597
3.021,-0.449
3.022,-0.501
3.007,0.936
2.995,0.714
2.991,-0.809
2.973,-1.055
2.893,-1.81
2.9,-0.768
2.9,-1.372
2.961,-0.846
2.896,-0.204
2.856,0.315
2.788,-0.965
2.833,-1.266
2.734,-2.454
2.712,-1.57
2.712,-2.303
2.773,1.153
2.733,-0.184
2.656,0.786
2.668,-0.972
2.63,1.274
2.609,-0.478
2.662,-1.004
2.648,0.077
2.56,0.825
2.548,0.925
2.513,-1.779
2.588,-1.426
2.511,-2.04
2.562,-0.365
2.514,0.109
2.488,-0.269
2.419,-2.395
2.423,-2.604
2.414,-0.33
2.367,0.163
2.326,0.698
2.39,-0.538
2.327,-1.987
2.312,-0.167
2.218,1.15
2.204,-1.266
2.143,-0.953
2.082,-0.989
2.074,-1.474
2.112,-0.398
2.044,-0.717
2.109,0.847
2.067,0.526
2.017,-2.546
1.938,0.666
1.874,-1.846
1.883,-0.651
1.915,0.308
1.848,-1.103
1.697,1.216
1.615,-1.717
1.599,-2.508
1.59,0.799
1.577,-2.325
1.494,-1.813
1.398,-0.628
1.429,-0.506
1.338,-0.687
1.368,1.108
1.311,-0.39
1.239,-1.156
1.229,0.395
1.215,-1.239
1.141,0.5
1.193,0.099
1.11,-0.102
1.091,-1.206
1.079,-0.477
1.116,-0.992
1.078,-1.152
1.061,-1.366
1.003,-1.75
1.015,0.663
0.978,-0.607
0.988,-0.133
0.958,-2.643
0.94,-0.397
0.835,-0.583
0.801,-0.267
0.817,0.026
0.753,-0.984
0.617,-2.456
0.548,-1.546
0.511,-1.353
0.571,-1.175
0.549,-1.444
0.482,-2.565
0.455,-0.204
0.45,-0.096
0.371,-0.982
0.401,-0.299
0.323,1.071
0.377,-0.843
0.397,0.168
0.318,-0.523
0.357,-2.665
0.312,-1.177
0.37,-2.241
0.331,-1.337
0.22,-1.539
0.213,-1.157
0.145,-1.21
0.198,-1.629
0.171,-1.006
0.118,-0.642
0.15,-1.236
0.167,-0.608
0.149,-2.524
0.134,-1.518
0.106,-0.019
0.106,-0.948
0.108,-0.458
0.071,0.028
0.067,1.026
0.038,-2.603
-0.658,-2.72
-0.706,-2.657
-1.59,-2.798
-1.941,-2.759
-2.622,-2.891
-2.605,-2.752
-3.125,-2.994
-3.135,-2.738
3.118,-2.789
2.032,-2.986
1.491,-2.747
1.294,-2.967
0.732,-2.82
0.324,-3.122
-0.043,1.642
-0.082,1.534
-0.265,1.367
-0.704,1.421
-0.694,1.687
-1.143,1.73
-1.531,1.572
-1.768,1.352
-1.757,1.65
-2.366,1.598
-2.485,1.487
-2.61,1.408
-2.705,1.365
3.049,1.535
2.756,1.438
2.545,1.595
2.301,1.756
2.22,1.468
1.47,1.779
1.229,1.328
0.948,1.464
0.526,1.49
0.418,1.54
0.429,1.418
0.059,1.647
-0.247,1.27
-0.553,-1.358
-0.645,-2.121
-1.315,-0.197
-1.298,-2.501
-1.741,-1.513
3.076,-2.348
2.595,-0.351
1.762,0.958
1.468,0.234
1.012,-1.635
0.539,-1.974
2.0,-2.902
1.942,1.537
0.093,1.304
0.069,-0.893
-0.078,-1.211
0.002,-1.35
-0.066,1.209
-0.179,-1.524
-0.308,0.806
-0.187,-2.467
-0.26,0.427
-0.282,-1.026
-0.284,0.315
-0.345,-0.057
-0.437,0.418
-0.548,0.26
-0.457,-0.855
-0.656,1.109
-0.699,-0.989
-0.759,-1.769
-0.78,0.326
-0.93,-2.688
-0.99,-0.633
-0.895,-0.783
-1.005,-2.413
-1.116,-0.249
-1.111,-0.638
-1.425,-0.001
-1.312,0.997
-1.434,-0.732
-1.454,1.196
-1.513,1.106
-1.619,-1.063
-1.687,-0.079
-1.704,-0.884
-1.938,1.247
-1.918,-2.573
-1.932,-2.367
-2.159,0.996
-2.069,-2.113
-2.267,-2.489
-2.427,-0.518
-2.424,-1.303
-2.364,-1.522
-2.376,-2.671
-2.425,0.133
-2.453,-1.571
-2.598,-1.158
-2.596,1.122
-2.551,-1.619
-3.002,-2.169
-2.873,-1.601
-2.978,-0.387
-2.974,-1.382
-3.1,-2.321
-3.007,0.835
-3.09,-1.14
-3.129,0.662
2.975,-0.706
2.932,-0.724
2.932,1.13
2.995,0.505
2.844,-1.555
2.839,-1.57
2.972,-2.01
2.815,-0.853
2.923,1.236
2.909,0.095
2.774,-2.216
2.89,0.0
2.873,0.172
2.885,-1.615
2.785,-1.464
2.676,-0.363
2.606,0.402
2.683,-2.659
2.672,-0.276
2.55,1.283
2.503,-0.647
2.614,-2.374
2.536,-0.844
2.474,-1.124
2.287,0.948
2.322,-2.543
2.291,0.661
2.157,-2.077
2.254,-1.378
2.142,0.063
2.215,-2.36
2.042,-0.358
2.002,-2.5
2.12,0.131
1.984,-2.452
1.922,-2.428
1.786,-0.318
1.898,-1.287
1.775,-2.551
1.822,-2.703
1.818,-2.426
1.78,-1.351
1.616,0.243
1.445,0.937
1.334,-0.96
1.316,-1.236
1.31,-1.192
1.312,-0.248
1.306,-0.301
1.284,-0.366
1.177,-0.534
1.145,-1.935
1.11,-0.442
1.047,-2.023
1.005,-1.226
0.947,-0.725
0.636,-1.394
0.741,-1.359
0.47,-1.281
0.592,-0.947
0.541,-1.566
0.418,-2.556
0.225,1.1
0.349,-0.673
0.201,-0.449
0.191,-2.384
0.273,0.767
0.106,-1.857
0.103,0.208
0.09,0.812
-0.007,-0.625
0.084,-1.032
-0.204,-2.909
-0.674,-2.678
-0.907,-2.96
-1.222,-3.016
-1.34,-2.965
-1.75,-2.761
-2.385,-3.028
-2.862,-2.972
-3.056,-2.823
1.563,-2.637
1.363,-2.924
1.326,-3.033
1.034,-2.866
1.091,-2.841
-0.012,-2.868
-0.196,1.313
-0.268,1.415
-0.694,1.6
-1.154,1.52
-2.279,1.617
-2.648,1.314
-2.511,1.32
-2.869,1.357
-2.746,1.438
-2.981,1.655
3.135,1.628
3.013,1.355
2.623,1.473
2.478,1.39
2.593,1.753
2.6,1.471
2.116,1.634
1.784,1.782
1.521,1.705
1.089,1.565
0.63,1.534
0.524,1.58
0.485,1.542
-2.942,-0.827
2.893,-1.425
1.66,-2.592
1.398,-1.274
1.063,-0.589
-2.186,-0.042
2.625,0.702
0.544,-0.345
0.523,-0.546
0.467,-0.202
0.245,-1.665
-0.463,0.299
-1.443,-1.325
-1.538,-1.037
-1.687,-0.528
-1.422,-2.897
2.841,-2.421
2.622,1.422
0.857,0.998
0.769,1.231
0.541,1.158
0.616,0.977
1.515,1.142
1.985,1.589
-0.087,0.244
-0.011,1.637
-0.104,-0.612
-0.185,2.059
-0.131,1.764
-0.194,1.586
-0.189,-0.78
-0.234,1.272
-0.176,-0.208
-0.189,0.757
-0.286,2.022
-0.352,-0.495
-0.275,1.089
-0.319,2.012
-0.347,2.398
-0.391,2.007
-0.466,0.452
-0.456,2.323
-0.487,1.378
-0.498,1.79
-0.532,-1.013
-0.532,0.505
-0.479,1.024
-0.486,1.269
-0.64,1.28
-0.686,2.354
-0.677,1.339
-0.797,1.363
-0.719,1.744
-0.81,2.061
-0.796,1.509
-0.79,1.723
-0.953,-1.364
-0.93,-0.684
-0.948,2.283
-1.023,-0.333
-0.995,0.82
-1.085,-1.046
-1.088,-0.617
-1.103,-1.044
-1.144,1.02
-1.077,-0.985
-1.191,1.649
-1.128,0.993
-1.242,1.108
-1.181,-1.38
-1.176,-1.358
-1.205,1.665
-1.201,2.495
-1.292,1.447
-1.251,-0.729
-1.27,-0.622
-1.376,2.329
-1.423,2.478
-1.353,0.767
-1.395,-0.526
-1.47,0.203
-1.396,0.261
-1.5,2.098
-1.488,-0.533
-1.458,-0.059
-1.545,-0.017
-1.621,0.082
-1.636,0.161
-1.645,0.741
-1.686,-0.245
-1.748,-0.207
-1.856,1.758
-1.951,0.758
-2.064,0.089
-2.004,1.708
-2.063,-0.268
-2.158,-0.753
-2.151,-0.608
-2.199,0.928
-2.135,0.536
-2.176,0.479
-2.275,1.718
-2.272,-0.553
-2.337,-1.468
-2.366,-0.792
-2.322,-0.35
-2.377,0.353
-2.496,1.564
-2.514,1.509
-2.53,1.961
-2.512,0.551
-2.536,2.191
-2.605,-0.354
-2.622,2.478
-2.679,1.653
-2.715,0.196
-2.703,0.254
-2.782,1.087
-2.849,-0.487
-2.88,0.635
-2.888,0.029
-2.829,0.943
-2.944,-0.534
-2.872,1.796
-2.944,2.334
-3.025,0.467
-3.033,1.323
-2.97,0.685
-3.034,1.111
-3.092,-0.993
-3.082,1.378
-3.131,-1.108
3.076,-1.329
3.075,1.66
3.055,0.088
2.99,0.846
3.021,-1.363
3.013,0.785
3.014,0.733
2.999,2.17
2.987,1.948
2.983,0.425
2.965,0.179
2.885,-0.576
2.892,0.466
2.892,-0.138
2.953,0.388
2.888,1.03
2.848,1.549
2.78,0.269
2.825,-0.032
2.726,-1.22
2.704,-0.336
2.704,-1.069
2.765,2.387
2.725,1.05
2.648,2.02
2.66,0.262
2.622,2.508
2.601,0.756
2.654,0.23
2.64,1.311
2.552,2.059
2.54,2.159
2.505,-0.545
2.58,-0.192
2.503,-0.806
2.554,0.869
2.506,1.343
2.48,0.965
2.411,-1.161
2.415,-1.37
2.406,0.904
2.359,1.397
2.318,1.932
2.382,0.696
2.319,-0.753
2.304,1.067
2.21,2.384
2.196,-0.032
2.135,0.281
2.074,0.245
2.066,-0.24
2.104,0.836
2.036,0.517
2.101,2.081
2.059,1.76
2.009,-1.312
1.93,1.9
1.866,-0.612
1.875,0.583
1.907,1.542
1.84,0.131
1.689,2.45
1.607,-0.483
1.591,-1.274
1.582,2.033
1.569,-1.091
1.486,-0.579
1.39,0.606
1.421,0.728
1.33,0.547
1.36,2.342
1.303,0.844
1.231,0.078
1.221,1.629
1.207,-0.005
1.133,1.734
1.185,1.333
1.102,1.132
1.083,0.028
1.071,0.757
1.108,0.242
1.07,0.082
1.053,-0.132
0.995,-0.516
1.007,1.897
0.97,0.627
0.98,1.101
0.95,-1.409
0.932,0.837
0.827,0.651
0.793,0.967
0.809,1.26
0.745,0.25
0.609,-1.222
0.54,-0.312
0.503,-0.119
0.563,0.059
0.541,-0.21
0.474,-1.331
0.447,1.03
0.442,1.138
0.363,0.252
0.393,0.935
0.315,2.305
0.369,0.391
0.389,1.402
0.31,0.711
0.349,-1.431
0.304,0.057
0.362,-1.007
0.323,-0.103
0.212,-0.305
0.205,0.077
0.137,0.024
0.19,-0.395
0.163,0.228
0.11,0.592
0.142,-0.002
0.159,0.626
0.141,-1.29
0.126,-0.284
0.098,1.215
0.098,0.286
0.1,0.776
0.063,1.262
0.059,2.26
0.03,-1.369
-0.666,-1.486
-0.714,-1.423
-1.598,-1.564
-1.949,-1.525
-2.63,-1.657
-2.613,-1.518
-3.133,-1.76
3.14,-1.504
3.11,-1.555
2.024,-1.752
1.483,-1.513
1.286,-1.733
0.724,-1.586
0.316,-1.888
-0.051,2.876
-0.09,2.768
-0.273,2.601
-0.712,2.655
-0.702,2.921
-1.151,2.964
-1.539,2.806
-1.776,2.586
-1.765,2.884
-2.374,2.832
-2.493,2.721
-2.618,2.642
-2.713,2.599
3.041,2.769
2.748,2.672
2.537,2.829
2.293,2.99
2.212,2.702
1.462,3.013
1.221,2.562
0.94,2.698
0.518,2.724
0.41,2.774
0.421,2.652
0.051,2.881
-0.255,2.504
-0.561,-0.124
-0.653,-0.887
-1.323,1.037
-1.306,-1.267
-1.749,-0.279
3.068,-1.114
2.587,0.883
1.754,2.192
1.46,1.468
1.004,-0.401
0.531,-0.74
1.992,-1.668
1.934,2.771
0.085,2.538
0.061,0.341
-0.086,0.023
-0.006,-0.116
-0.074,2.443
-0.187,-0.29
-0.316,2.04
-0.195,-1.233
-0.268,1.661
-0.29,0.208
-0.292,1.549
-0.353,1.177
-0.445,1.652
-0.556,1.494
-0.465,0.379
-0.664,2.343
-0.707,0.245
-0.767,-0.535
-0.788,1.56
-0.938,-1.454
-0.998,0.601
-0.903,0.451
-1.013,-1.179
-1.124,0.985
-1.119,0.596
-1.433,1.233
-1.32,2.231
-1.442,0.502
-1.462,2.43
-1.521,2.34
-1.627,0.171
-1.695,1.155
-1.712,0.35
-1.946,2.481
-1.926,-1.339
-1.94,-1.133
-2.167,2.23
-2.077,-0.879
-2.275,-1.255
-2.435,0.716
-2.432,-0.069
-2.372,-0.288
-2.384,-1.437
-2.433,1.367
-2.461,-0.337
-2.606,0.076
-2.604,2.356
-2.559,-0.385
-3.01,-0.935
-2.881,-0.367
-2.986,0.847
-2.982,-0.148
-3.108,-1.087
-3.015,2.069
-3.098,0.094
-3.137,1.896
2.967,0.528
2.924,0.51
2.924,2.364
2.987,1.739
2.836,-0.321
2.831,-0.336
2.964,-0.776
2.807,0.381
2.915,2.47
2.901,1.329
2.766,-0.982
2.882,1.234
2.865,1.406
2.877,-0.381
2.777,-0.23
2.668,0.871
2.598,1.636
2.675,-1.425
2.664,0.958
2.542,2.517
2.495,0.587
2.606,-1.14
2.528,0.39
2.466,0.11
2.279,2.182
2.314,-1.309
2.283,1.895
2.149,-0.843
2.246,-0.144
2.134,1.297
2.207,-1.126
2.034,0.876
1.994,-1.266
2.112,1.365
1.976,-1.218
1.914,-1.194
1.778,0.916
1.89,-0.053
1.767,-1.317
1.814,-1.469
1.81,-1.192
1.772,-0.117
1.608,1.477
1.437,2.171
1.326,0.274
1.308,-0.002
1.302,0.042
1.304,0.986
1.298,0.933
1.276,0.868
1.169,0.7
1.137,-0.701
1.102,0.792
1.039,-0.789
0.997,0.008
0.939,0.509
0.628,-0.16
0.733,-0.125
0.462,-0.047
0.584,0.287
0.533,-0.332
0.41,-1.322
0.217,2.334
0.341,0.561
0.193,0.785
0.183,-1.15
0.265,2.001
0.098,-0.623
0.095,1.442
0.082,2.046
-0.015,0.609
0.076,0.202
-0.212,-1.675
-0.682,-1.444
-0.915,-1.726
-1.23,-1.782
-1.348,-1.731
-1.758,-1.527
-2.393,-1.794
-2.87,-1.738
-3.064,-1.589
1.555,-1.403
1.355,-1.69
1.318,-1.799
1.026,-1.632
1.083,-1.607
-0.02,-1.634
-0.204,2.547
-0.276,2.649
-0.702,2.834
-1.162,2.754
-2.287,2.851
-2.656,2.548
-2.519,2.554
-2.877,2.591
-2.754,2.672
-2.989,2.889
3.127,2.862
3.005,2.589
2.615,2.707
2.47,2.624
2.585,2.987
2.592,2.705
2.108,2.868
1.776,3.016
1.513,2.939
1.081,2.799
0.622,2.768
0.516,2.814
0.477,2.776
-2.95,0.407
2.885,-0.191
1.652,-1.358
1.39,-0.04
1.055,0.645
-2.194,1.192
2.617,1.936
0.536,0.889
0.515,0.688
0.459,1.032
0.237,-0.431
-0.471,1.533
-1.451,-0.091
-1.546,0.197
-1.695,0.706
-1.43,-1.663
2.833,-1.187
2.614,2.656
0.849,2.232
0.761,2.465
0.533,2.392
0.608,2.211
1.507,2.376
1.977,2.823
0.076,1.393
-0.017,-0.856
-0.098,1.815
-0.044,1.52
-0.107,1.342
-0.102,-1.024
-0.147,1.028
-0.089,-0.452
-0.102,0.513
-0.199,1.778
-0.265,-0.739
-0.188,0.845
-0.232,1.768
-0.26,2.154
-0.304,1.763
-0.379,0.208
-0.369,2.079
-0.4,1.134
-0.411,1.546
-0.445,-1.257
-0.445,0.261
-0.392,0.78
-0.399,1.025
-0.553,1.036
-0.599,2.11
-0.59,1.095
-0.71,1.119
-0.632,1.5
-0.723,1.817
-0.709,1.265
-0.703,1.479
-0.866,-1.608
-0.843,-0.928
-0.861,2.039
-0.936,-0.577
-0.908,0.576
-0.998,-1.29
-1.001,-0.861
-1.016,-1.288
-1.057,0.776
-0.99,-1.229
-1.104,1.405
-1.041,0.749
-1.155,0.864
-1.094,-1.624
-1.089,-1.602
-1.118,1.421
-1.114,2.251
-1.205,1.203
-1.164,-0.973
-1.183,-0.866
-1.289,2.085
-1.336,2.234
-1.266,0.523
-1.308,-0.77
-1.383,-0.041
-1.309,0.017
-1.413,1.854
-1.401,-0.777
-1.371,-0.303
-1.458,-0.261
-1.534,-0.162
-1.549,-0.083
-1.558,0.497
-1.599,-0.489
-1.661,-0.451
-1.769,1.514
-1.864,0.514
-1.977,-0.155
-1.917,1.464
-1.976,-0.512
-2.071,-0.997
-2.064,-0.852
-2.112,0.684
-2.048,0.292
-2.089,0.235
-2.188,1.474
-2.185,-0.797
-2.25,-1.712
-2.279,-1.036
-2.235,-0.594
-2.29,0.109
-2.409,1.32
-2.427,1.265
-2.443,1.717
-2.425,0.307
-2.449,1.947
-2.518,-0.598
-2.535,2.234
-2.592,1.409
-2.628,-0.048
-2.616,0.01
-2.695,0.843
-2.762,-0.731
-2.793,0.391
-2.801,-0.215
-2.742,0.699
-2.857,-0.778
-2.785,1.552
-2.857,2.09
-2.938,0.223
-2.946,1.079
-2.883,0.441
-2.947,0.867
-3.005,-1.237
-2.995,1.134
-3.044,-1.352
-3.12,-1.573
-3.121,1.416
-3.141,-0.156
3.077,0.602
3.108,-1.607
3.1,0.541
3.101,0.489
3.086,1.926
3.074,1.704
3.07,0.181
3.052,-0.065
2.972,-0.82
2.979,0.222
2.979,-0.382
3.04,0.144
2.975,0.786
2.935,1.305
2.867,0.025
2.912,-0.276
2.813,-1.464
2.791,-0.58
2.791,-1.313
2.852,2.143
2.812,0.806
2.735,1.776
2.747,0.018
2.709,2.264
2.688,0.512
2.741,-0.014
2.727,1.067
2.639,1.815
2.627,1.915
2.592,-0.789
2.667,-0.436
2.59,-1.05
2.641,0.625
2.593,1.099
2.567,0.721
2.498,-1.405
2.502,-1.614
2.493,0.66
2.446,1.153
2.405,1.688
2.469,0.452
2.406,-0.997
2.391,0.823
2.297,2.14
2.283,-0.276
2.222,0.037
2.161,0.001
2.153,-0.484
2.191,0.592
2.123,0.273
2.188,1.837
2.146,1.516
2.096,-1.556
2.017,1.656
1.953,-0.856
1.962,0.339
1.994,1.298
1.927,-0.113
1.776,2.206
1.694,-0.727
1.678,-1.518
1.669,1.789
1.656,-1.335
1.573,-0.823
1.477,0.362
1.508,0.484
1.417,0.303
1.447,2.098
1.39,0.6
1.318,-0.166
1.308,1.385
1.294,-0.249
1.22,1.49
1.272,1.089
1.189,0.888
1.17,-0.216
1.158,0.513
1.195,-0.002
1.157,-0.162
1.14,-0.376
1.082,-0.76
1.094,1.653
1.057,0.383
1.067,0.857
1.037,-1.653
1.019,0.593
0.914,0.407
0.88,0.723
0.896,1.016
0.832,0.006
0.696,-1.466
0.627,-0.556
0.59,-0.363
0.65,-0.185
0.628,-0.454
0.561,-1.575
0.534,0.786
0.529,0.894
0.45,0.008
0.48,0.691
0.402,2.061
0.456,0.147
0.476,1.158
0.397,0.467
0.436,-1.675
0.391,-0.187
0.449,-1.251
0.41,-0.347
0.299,-0.549
0.292,-0.167
0.224,-0.22
0.277,-0.639
0.25,-0.016
0.197,0.348
0.229,-0.246
0.246,0.382
0.228,-1.534
0.213,-0.528
0.185,0.971
0.185,0.042
0.187,0.532
0.15,1.018
0.146,2.016
0.117,-1.613
-0.579,-1.73
-0.627,-1.667
-1.511,-1.808
-1.862,-1.769
-2.543,-1.901
-2.526,-1.762
-3.046,-2.004
-3.056,-1.748
-3.086,-1.799
2.111,-1.996
1.57,-1.757
1.373,-1.977
0.811,-1.83
0.403,-2.132
0.036,2.632
-0.003,2.524
-0.186,2.357
-0.625,2.411
-0.615,2.677
-1.064,2.72
-1.452,2.562
-1.689,2.342
-1.678,2.64
-2.287,2.588
-2.406,2.477
-2.531,2.398
-2.626,2.355
3.128,2.525
2.835,2.428
2.624,2.585
2.38,2.746
2.299,2.458
1.549,2.769
1.308,2.318
1.027,2.454
0.605,2.48
0.497,2.53
0.508,2.408
0.138,2.637
-0.168,2.26
-0.474,-0.368
-0.566,-1.131
-1.236,0.793
-1.219,-1.511
-1.662,-0.523
-3.128,-1.358
2.674,0.639
1.841,1.948
1.547,1.224
1.091,-0.645
0.618,-0.984
2.079,-1.912
2.021,2.527
0.172,2.294
0.148,0.097
0.001,-0.221
0.081,-0.36
0.013,2.199
-0.1,-0.534
-0.229,1.796
-0.108,-1.477
-0.181,1.417
-0.203,-0.036
-0.205,1.305
-0.266,0.933
-0.358,1.408
-0.469,1.25
-0.378,0.135
-0.577,2.099
-0.62,0.001
-0.68,-0.779
-0.701,1.316
-0.851,-1.698
-0.911,0.357
-0.816,0.207
-0.926,-1.423
-1.037,0.741
-1.032,0.352
-1.346,0.989
-1.233,1.987
-1.355,0.258
-1.375,2.186
-1.434,2.096
-1.54,-0.073
-1.608,0.911
-1.625,0.106
-1.859,2.237
-1.839,-1.583
-1.853,-1.377
-2.08,1.986
-1.99,-1.123
-2.188,-1.499
-2.348,0.472
-2.345,-0.313
-2.285,-0.532
-2.297,-1.681
-2.346,1.123
-2.374,-0.581
-2.519,-0.168
-2.517,2.112
-2.472,-0.629
-2.923,-1.179
-2.794,-0.611
-2.899,0.603
-2.895,-0.392
-3.021,-1.331
-2.928,1.825
-3.011,-0.15
-3.05,1.652
3.054,0.284
3.011,0.266
3.011,2.12
3.074,1.495
2.923,-0.565
2.918,-0.58
3.051,-1.02
2.894,0.137
3.002,2.226
2.988,1.085
2.853,-1.226
2.969,0.99
2.952,1.162
2.964,-0.625
2.864,-0.474
2.755,0.627
2.685,1.392
2.762,-1.669
2.751,0.714
2.629,2.273
2.582,0.343
2.693,-1.384
2.615,0.146
2.553,-0.134
2.366,1.938
2.401,-1.553
2.37,1.651
2.236,-1.087
2.333,-0.388
2.221,1.053
2.294,-1.37
2.121,0.632
2.081,-1.51
2.199,1.121
2.063,-1.462
2.001,-1.438
1.865,0.672
1.977,-0.297
1.854,-1.561
1.901,-1.713
1.897,-1.436
1.859,-0.361
1.695,1.233
1.524,1.927
1.413,0.03
1.395,-0.246
1.389,-0.202
1.391,0.742
1.385,0.689
1.363,0.624
1.256,0.456
1.224,-0.945
1.189,0.548
1.126,-1.033
1.084,-0.236
1.026,0.265
0.715,-0.404
0.82,-0.369
0.549,-0.291
0.671,0.043
0.62,-0.576
0.497,-1.566
0.304,2.09
0.428,0.317
0.28,0.541
0.27,-1.394
0.352,1.757
0.185,-0.867
0.182,1.198
0.169,1.802
0.072,0.365
0.163,-0.042
-0.125,-1.919
-0.595,-1.688
-0.828,-1.97
-1.143,-2.026
-1.261,-1.975
-1.671,-1.771
-2.306,-2.038
-2.783,-1.982
-2.977,-1.833
1.642,-1.647
1.442,-1.934
1.405,-2.043
1.113,-1.876
1.17,-1.851
0.067,-1.878
-0.117,2.303
-0.189,2.405
-0.615,2.59
-1.075,2.51
-2.2,2.607
-2.569,2.304
-2.432,2.31
-2.79,2.347
-2.667,2.428
-2.902,2.645
-3.069,2.618
3.092,2.345
2.702,2.463
2.557,2.38
2.672,2.743
2.679,2.461
2.195,2.624
1.863,2.772
1.6,2.695
1.168,2.555
0.709,2.524
0.603,2.57
0.564,2.532
-2.863,0.163
2.972,-0.435
1.739,-1.602
1.477,-0.284
1.142,0.401
-2.107,0.948
2.704,1.692
0.623,0.645
0.602,0.444
0.546,0.788
0.324,-0.675
-0.384,1.289
-1.364,-0.335
-1.459,-0.047
-1.608,0.462
-1.343,-1.907
2.92,-1.431
2.701,2.412
0.936,1.988
0.848,2.221
0.62,2.148
0.695,1.967
1.594,2.132
2.064,2.579
-0.093,-2.249
-0.174,0.422
-0.12,0.127
-0.183,-0.051
-0.178,-2.417
-0.223,-0.365
-0.165,-1.845
-0.178,-0.88
-0.275,0.385
-0.341,-2.132
-0.264,-0.548
-0.308,0.375
-0.336,0.761
-0.38,0.37
-0.455,-1.185
-0.445,0.686
-0.476,-0.259
-0.487,0.153
-0.521,-2.65
-0.521,-1.132
-0.468,-0.613
-0.475,-0.368
-0.629,-0.357
-0.675,0.717
-0.666,-0.298
-0.786,-0.274
-0.708,0.107
-0.799,0.424
-0.785,-0.128
-0.779,0.086
-0.942,-3.001
-0.919,-2.321
-0.937,0.646
-1.012,-1.97
-0.984,-0.817
-1.074,-2.683
-1.077,-2.254
-1.092,-2.681
-1.133,-0.617
-1.066,-2.622
-1.18,0.012
-1.117,-0.644
-1.231,-0.529
-1.17,-3.017
-1.165,-2.995
-1.194,0.028
-1.19,0.858
-1.281,-0.19
-1.24,-2.366
-1.259,-2.259
-1.365,0.692
-1.412,0.841
-1.342,-0.87
-1.384,-2.163
-1.459,-1.434
-1.385,-1.376
-1.489,0.461
-1.477,-2.17
-1.447,-1.696
-1.534,-1.654
-1.61,-1.555
-1.625,-1.476
-1.634,-0.896
-1.675,-1.882
-1.737,-1.844
-1.845,0.121
-1.94,-0.879
-2.053,-1.548
-1.993,0.071
-2.052,-1.905
-2.147,-2.39
-2.14,-2.245
-2.188,-0.709
-2.124,-1.101
-2.165,-1.158
-2.264,0.081
-2.261,-2.19
-2.326,-3.105
-2.355,-2.429
-2.311,-1.987
-2.366,-1.284
-2.485,-0.073
-2.503,-0.128
-2.519,0.324
-2.501,-1.086
-2.525,0.554
-2.594,-1.991
-2.611,0.841
-2.668,0.016
-2.704,-1.441
-2.692,-1.383
-2.771,-0.55
-2.838,-2.124
-2.869,-1.002
-2.877,-1.608
-2.818,-0.694
-2.933,-2.171
-2.861,0.159
-2.933,0.697
-3.014,-1.17
-3.022,-0.314
-2.959,-0.952
-3.023,-0.526
-3.081,-2.63
-3.071,-0.259
-3.12,-2.745
3.087,-2.966
3.086,0.023
3.066,-1.549
3.001,-0.791
3.032,-3.0
3.024,-0.852
3.025,-0.904
3.01,0.533
2.998,0.311
2.994,-1.212
2.976,-1.458
2.896,-2.213
2.903,-1.171
2.903,-1.775
2.964,-1.249
2.899,-0.607
2.859,-0.088
2.791,-1.368
2.836,-1.669
2.737,-2.857
2.715,-1.973
2.715,-2.706
2.776,0.75
2.736,-0.587
2.659,0.383
2.671,-1.375
2.633,0.871
2.612,-0.881
2.665,-1.407
2.651,-0.326
2.563,0.422
2.551,0.522
2.516,-2.182
2.591,-1.829
2.514,-2.443
2.565,-0.768
2.517,-0.294
2.491,-0.672
2.422,-2.798
2.426,-3.007
2.417,-0.733
2.37,-0.24
2.329,0.295
2.393,-0.941
2.33,-2.39
2.315,-0.57
2.221,0.747
2.207,-1.669
2.146,-1.356
2.085,-1.392
2.077,-1.877
2.115,-0.801
2.047,-1.12
2.112,0.444
2.07,0.123
2.02,-2.949
1.941,0.263
1.877,-2.249
1.886,-1.054
1.918,-0.095
1.851,-1.506
1.7,0.813
1.618,-2.12
1.602,-2.911
1.593,0.396
1.58,-2.728
1.497,-2.216
1.401,-1.031
1.432,-0.909
1.341,-1.09
1.371,0.705
1.314,-0.793
1.242,-1.559
1.232,-0.008
1.218,-1.642
1.144,0.097
1.196,-0.304
1.113,-0.505
1.094,-1.609
1.082,-0.88
1.119,-1.395
1.081,-1.555
1.064,-1.769
1.006,-2.153
1.018,0.26
0.981,-1.01
0.991,-0.536
0.961,-3.046
0.943,-0.8
0.838,-0.986
0.804,-0.67
0.82,-0.377
0.756,-1.387
0.62,-2.859
0.551,-1.949
0.514,-1.756
0.574,-1.578
0.552,-1.847
0.485,-2.968
0.458,-0.607
0.453,-0.499
0.374,-1.385
0.404,-0.702
0.326,0.668
0.38,-1.246
0.4,-0.235
0.321,-0.926
0.36,-3.068
0.315,-1.58
0.373,-2.644
0.334,-1.74
0.223,-1.942
0.216,-1.56
0.148,-1.613
0.201,-2.032
0.174,-1.409
0.121,-1.045
0.153,-1.639
0.17,-1.011
0.152,-2.927
0.137,-1.921
0.109,-0.422
0.109,-1.351
0.111,-0.861
0.074,-0.375
0.07,0.623
0.041,-3.006
-0.655,-3.123
-0.703,-3.06
-1.587,-3.201
-1.938,-3.162
-2.619,-3.294
-2.602,-3.155
-3.122,-3.397
-3.132,-3.141
3.121,-3.192
2.035,-3.389
1.494,-3.15
1.297,-3.37
0.735,-3.223
0.327,-3.525
-0.04,1.239
-0.079,1.131
-0.262,0.964
-0.701,1.018
-0.691,1.284
-1.14,1.327
-1.528,1.169
-1.765,0.949
-1.754,1.247
-2.363,1.195
-2.482,1.084
-2.607,1.005
-2.702,0.962
3.052,1.132
2.759,1.035
2.548,1.192
2.304,1.353
2.223,1.065
1.473,1.376
1.232,0.925
0.951,1.061
0.529,1.087
0.421,1.137
0.432,1.015
0.062,1.244
-0.244,0.867
-0.55,-1.761
-0.642,-2.524
-1.312,-0.6
-1.295,-2.904
-1.738,-1.916
3.079,-2.751
2.598,-0.754
1.765,0.555
1.471,-0.169
1.015,-2.038
0.542,-2.377
2.003,-3.305
1.945,1.134
0.096,0.901
0.072,-1.296
-0.075,-1.614
0.005,-1.753
-0.063,0.806
-0.176,-1.927
-0.305,0.403
-0.184,-2.87
-0.257,0.024
-0.279,-1.429
-0.281,-0.088
-0.342,-0.46
-0.434,0.015
-0.545,-0.143
-0.454,-1.258
-0.653,0.706
-0.696,-1.392
-0.756,-2.172
-0.777,-0.077
-0.927,-3.091
-0.987,-1.036
-0.892,-1.186
-1.002,-2.816
-1.113,-0.652
-1.108,-1.041
-1.422,-0.404
-1.309,0.594
-1.431,-1.135
-1.451,0.793
-1.51,0.703
-1.616,-1.466
-1.684,-0.482
-1.701,-1.287
-1.935,0.844
-1.915,-2.976
-1.929,-2.77
-2.156,0.593
-2.066,-2.516
-2.264,-2.892
-2.424,-0.921
-2.421,-1.706
-2.361,-1.925
-2.373,-3.074
-2.422,-0.27
-2.45,-1.974
-2.595,-1.561
-2.593,0.719
-2.548,-2.022
-2.999,-2.572
-2.87,-2.004
-2.975,-0.79
-2.971,-1.785
-3.097,-2.724
-3.004,0.432
-3.087,-1.543
-3.126,0.259
2.978,-1.109
2.935,-1.127
2.935,0.727
2.998,0.102
2.847,-1.958
2.842,-1.973
2.975,-2.413
2.818,-1.256
2.926,0.833
2.912,-0.308
2.777,-2.619
2.893,-0.403
2.876,-0.231
2.888,-2.018
2.788,-1.867
2.679,-0.766
2.609,-0.001
2.686,-3.062
2.675,-0.679
2.553,0.88
2.506,-1.05
2.617,-2.777
2.539,-1.247
2.477,-1.527
2.29,0.545
2.325,-2.946
2.294,0.258
2.16,-2.48
2.257,-1.781
2.145,-0.34
2.218,-2.763
2.045,-0.761
2.005,-2.903
2.123,-0.272
1.987,-2.855
1.925,-2.831
1.789,-0.721
1.901,-1.69
1.778,-2.954
1.825,-3.106
1.821,-2.829
1.783,-1.754
1.619,-0.16
1.448,0.534
1.337,-1.363
1.319,-1.639
1.313,-1.595
1.315,-0.651
1.309,-0.704
1.287,-0.769
1.18,-0.937
1.148,-2.338
1.113,-0.845
1.05,-2.426
1.008,-1.629
0.95,-1.128
0.639,-1.797
0.744,-1.762
0.473,-1.684
0.595,-1.35
0.544,-1.969
0.421,-2.959
0.228,0.697
0.352,-1.076
0.204,-0.852
0.194,-2.787
0.276,0.364
0.109,-2.26
0.106,-0.195
0.093,0.409
-0.004,-1.028
0.087,-1.435
-0.201,-3.312
-0.671,-3.081
-0.904,-3.363
-1.219,-3.419
-1.337,-3.368
-1.747,-3.164
-2.382,-3.431
-2.859,-3.375
-3.053,-3.226
1.566,-3.04
1.366,-3.327
1.329,-3.436
1.037,-3.269
1.094,-3.244
-0.009,-3.271
-0.193,0.91
-0.265,1.012
-0.691,1.197
-1.151,1.117
-2.276,1.214
-2.645,0.911
-2.508,0.917
-2.866,0.954
-2.743,1.035
-2.978,1.252
3.138,1.225
3.016,0.952
2.626,1.07
2.481,0.987
2.596,1.35
2.603,1.068
2.119,1.231
1.787,1.379
1.524,1.302
1.092,1.162
0.633,1.131
0.527,1.177
0.488,1.139
-2.939,-1.23
2.896,-1.828
1.663,-2.995
1.401,-1.677
1.066,-0.992
-2.183,-0.445
2.628,0.299
0.547,-0.748
0.526,-0.949
0.47,-0.605
0.248,-2.068
-0.46,-0.104
-1.44,-1.728
-1.535,-1.44
-1.684,-0.931
-1.419,-3.3
2.844,-2.824
2.625,1.019
0.86,0.595
0.772,0.828
0.544,0.755
0.619,0.574
1.518,0.739
1.988,1.186
-0.081,2.671
-0.027,2.376
-0.09,2.198
-0.085,-0.168
-0.13,1.884
-0.072,0.404
-0.085,1.369
-0.182,2.634
-0.248,0.117
-0.171,1.701
-0.215,2.624
-0.243,3.01
-0.287,2.619
-0.362,1.064
-0.352,2.935
-0.383,1.99
-0.394,2.402
-0.428,-0.401
-0.428,1.117
-0.375,1.636
-0.382,1.881
-0.536,1.892
-0.582,2.966
-0.573,1.951
-0.693,1.975
-0.615,2.356
-0.706,2.673
-0.692,2.121
-0.686,2.335
-0.849,-0.752
-0.826,-0.072
-0.844,2.895
-0.919,0.279
-0.891,1.432
-0.981,-0.434
-0.984,-0.005
-0.999,-0.432
-1.04,1.632
-0.973,-0.373
-1.087,2.261
-1.024,1.605
-1.138,1.72
-1.077,-0.768
-1.072,-0.746
-1.101,2.277
-1.097,3.107
-1.188,2.059
-1.147,-0.117
-1.166,-0.01
-1.272,2.941
-1.319,3.09
-1.249,1.379
-1.291,0.086
-1.366,0.815
-1.292,0.873
-1.396,2.71
-1.384,0.079
-1.354,0.553
-1.441,0.595
-1.517,0.694
-1.532,0.773
-1.541,1.353
-1.582,0.367
-1.644,0.405
-1.752,2.37
-1.847,1.37
-1.96,0.701
-1.9,2.32
-1.959,0.344
-2.054,-0.141
-2.047,0.004
-2.095,1.54
-2.031,1.148
-2.072,1.091
-2.171,2.33
-2.168,0.059
-2.233,-0.856
-2.262,-0.18
-2.218,0.262
-2.273,0.965
-2.392,2.176
-2.41,2.121
-2.426,2.573
-2.408,1.163
-2.432,2.803
-2.501,0.258
-2.518,3.09
-2.575,2.265
-2.611,0.808
-2.599,0.866
-2.678,1.699
-2.745,0.125
-2.776,1.247
-2.784,0.641
-2.725,1.555
-2.84,0.078
-2.768,2.408
-2.84,2.946
-2.921,1.079
-2.929,1.935
-2.866,1.297
-2.93,1.723
-2.988,-0.381
-2.978,1.99
-3.027,-0.496
-3.103,-0.717
-3.104,2.272
-3.124,0.7
3.094,1.458
3.125,-0.751
3.117,1.397
3.118,1.345
3.103,2.782
3.091,2.56
3.087,1.037
3.069,0.791
2.989,0.036
2.996,1.078
2.996,0.474
3.057,1.0
2.992,1.642
2.952,2.161
2.884,0.881
2.929,0.58
2.83,-0.608
2.808,0.276
2.808,-0.457
2.869,2.999
2.829,1.662
2.752,2.632
2.764,0.874
2.726,3.12
2.705,1.368
2.758,0.842
2.744,1.923
2.656,2.671
2.644,2.771
2.609,0.067
2.684,0.42
2.607,-0.194
2.658,1.481
2.61,1.955
2.584,1.577
2.515,-0.549
2.519,-0.758
2.51,1.516
2.463,2.009
2.422,2.544
2.486,1.308
2.423,-0.141
2.408,1.679
2.314,2.996
2.3,0.58
2.239,0.893
2.178,0.857
2.17,0.372
2.208,1.448
2.14,1.129
2.205,2.693
2.163,2.372
2.113,-0.7
2.034,2.512
1.97,0.0
1.979,1.195
2.011,2.154
1.944,0.743
1.793,3.062
1.711,0.129
1.695,-0.662
1.686,2.645
1.673,-0.479
1.59,0.033
1.494,1.218
1.525,1.34
1.434,1.159
1.464,2.954
1.407,1.456
1.335,0.69
1.325,2.241
1.311,0.607
1.237,2.346
1.289,1.945
1.206,1.744
1.187,0.64
1.175,1.369
1.212,0.854
1.174,0.694
1.157,0.48
1.099,0.096
1.111,2.509
1.074,1.239
1.084,1.713
1.054,-0.797
1.036,1.449
0.931,1.263
0.897,1.579
0.913,1.872
0.849,0.862
0.713,-0.61
0.644,0.3
0.607,0.493
0.667,0.671
0.645,0.402
0.578,-0.719
0.551,1.642
0.546,1.75
0.467,0.864
0.497,1.547
0.419,2.917
0.473,1.003
0.493,2.014
0.414,1.323
0.453,-0.819
0.408,0.669
0.466,-0.395
0.427,0.509
0.316,0.307
0.309,0.689
0.241,0.636
0.294,0.217
0.267,0.84
0.214,1.204
0.246,0.61
0.263,1.238
0.245,-0.678
0.23,0.328
0.202,1.827
0.202,0.898
0.204,1.388
0.167,1.874
0.163,2.872
0.134,-0.757
-0.562,-0.874
-0.61,-0.811
-1.494,-0.952
-1.845,-0.913
-2.526,-1.045
-2.509,-0.906
-3.029,-1.148
-3.039,-0.892
-3.069,-0.943
2.128,-1.14
1.587,-0.901
1.39,-1.121
0.828,-0.974
0.42,-1.276
0.053,3.488
0.014,3.38
-0.169,3.213
-0.608,3.267
-0.598,3.533
-1.047,3.576
-1.435,3.418
-1.672,3.198
-1.661,3.496
-2.27,3.444
-2.389,3.333
-2.514,3.254
-2.609,3.211
-3.138,3.381
2.852,3.284
2.641,3.441
2.397,3.602
2.316,3.314
1.566,3.625
1.325,3.174
1.044,3.31
0.622,3.336
0.514,3.386
0.525,3.264
0.155,3.493
-0.151,3.116
-0.457,0.488
-0.549,-0.275
-1.219,1.649
-1.202,-0.655
-1.645,0.333
-3.111,-0.502
2.691,1.495
1.858,2.804
1.564,2.08
1.108,0.211
0.635,-0.128
2.096,-1.056
2.038,3.383
0.189,3.15
0.165,0.953
0.018,0.635
0.098,0.496
0.03,3.055
-0.083,0.322
-0.212,2.652
-0.091,-0.621
-0.164,2.273
-0.186,0.82
-0.188,2.161
-0.249,1.789
-0.341,2.264
-0.452,2.106
-0.361,0.991
-0.56,2.955
-0.603,0.857
-0.663,0.077
-0.684,2.172
-0.834,-0.842
-0.894,1.213
-0.799,1.063
-0.909,-0.567
-1.02,1.597
-1.015,1.208
-1.329,1.845
-1.216,2.843
-1.338,1.114
-1.358,3.042
-1.417,2.952
-1.523,0.783
-1.591,1.767
-1.608,0.962
-1.842,3.093
-1.822,-0.727
-1.836,-0.521
-2.063,2.842
-1.973,-0.267
-2.171,-0.643
-2.331,1.328
-2.328,0.543
-2.268,0.324
-2.28,-0.825
-2.329,1.979
-2.357,0.275
-2.502,0.688
-2.5,2.968
-2.455,0.227
-2.906,-0.323
-2.777,0.245
-2.882,1.459
-2.878,0.464
-3.004,-0.475
-2.911,2.681
-2.994,0.706
-3.033,2.508
3.071,1.14
3.028,1.122
3.028,2.976
3.091,2.351
2.94,0.291
2.935,0.276
3.068,-0.164
2.911,0.993
3.019,3.082
3.005,1.941
2.87,-0.37
2.986,1.846
2.969,2.018
2.981,0.231
2.881,0.382
2.772,1.483
2.702,2.248
2.779,-0.813
2.768,1.57
2.646,3.129
2.599,1.199
2.71,-0.528
2.632,1.002
2.57,0.722
2.383,2.794
2.418,-0.697
2.387,2.507
2.253,-0.231
2.35,0.468
2.238,1.909
2.311,-0.514
2.138,1.488
2.098,-0.654
2.216,1.977
2.08,-0.606
2.018,-0.582
1.882,1.528
1.994,0.559
1.871,-0.705
1.918,-0.857
1.914,-0.58
1.876,0.495
1.712,2.089
1.541,2.783
1.43,0.886
1.412,0.61
1.406,0.654
1.408,1.598
1.402,1.545
1.38,1.48
1.273,1.312
1.241,-0.089
1.206,1.404
1.143,-0.177
1.101,0.62
1.043,1.121
0.732,0.452
0.837,0.487
0.566,0.565
0.688,0.899
0.637,0.28
0.514,-0.71
0.321,2.946
0.445,1.173
0.297,1.397
0.287,-0.538
0.369,2.613
0.202,-0.011
0.199,2.054
0.186,2.658
0.089,1.221
0.18,0.814
-0.108,-1.063
-0.578,-0.832
-0.811,-1.114
-1.126,-1.17
-1.244,-1.119
-1.654,-0.915
-2.289,-1.182
-2.766,-1.126
-2.96,-0.977
1.659,-0.791
1.459,-1.078
1.422,-1.187
1.13,-1.02
1.187,-0.995
0.084,-1.022
-0.1,3.159
-0.172,3.261
-0.598,3.446
-1.058,3.366
-2.183,3.463
-2.552,3.16
-2.415,3.166
-2.773,3.203
-2.65,3.284
-2.885,3.501
-3.052,3.474
3.109,3.201
2.719,3.319
2.574,3.236
2.689,3.599
2.696,3.317
2.212,3.48
1.88,3.628
1.617,3.551
1.185,3.411
0.726,3.38
0.62,3.426
0.581,3.388
-2.846,1.019
2.989,0.421
1.756,-0.746
1.494,0.572
1.159,1.257
-2.09,1.804
2.721,2.548
0.64,1.501
0.619,1.3
0.563,1.644
0.341,0.181
-0.367,2.145
-1.347,0.521
-1.442,0.809
-1.591,1.318
-1.326,-1.051
2.937,-0.575
2.718,3.268
0.953,2.844
0.865,3.077
0.637,3.004
0.712,2.823
1.611,2.988
2.081,3.435
0.054,-0.295
-0.009,-0.473
-0.004,-2.839
-0.049,-0.787
0.009,-2.267
-0.004,-1.302
-0.101,-0.037
-0.167,-2.554
-0.09,-0.97
-0.134,-0.047
-0.162,0.339
-0.206,-0.052
-0.281,-1.607
-0.271,0.264
-0.302,-0.681
-0.313,-0.269
-0.347,-3.072
-0.347,-1.554
-0.294,-1.035
-0.301,-0.79
-0.455,-0.779
-0.501,0.295
-0.492,-0.72
-0.612,-0.696
-0.534,-0.315
-0.625,0.002
-0.611,-0.55
-0.605,-0.336
-0.768,-3.423
-0.745,-2.743
-0.763,0.224
-0.838,-2.392
-0.81,-1.239
-0.9,-3.105
-0.903,-2.676
-0.918,-3.103
-0.959,-1.039
-0.892,-3.044
-1.006,-0.41
-0.943,-1.066
-1.057,-0.951
-0.996,-3.439
-0.991,-3.417
-1.02,-0.394
-1.016,0.436
-1.107,-0.612
-1.066,-2.788
-1.085,-2.681
-1.191,0.27
-1.238,0.419
-1.168,-1.292
-1.21,-2.585
-1.285,-1.856
-1.211,-1.798
-1.315,0.039
-1.303,-2.592
-1.273,-2.118
-1.36,-2.076
-1.436,-1.977
-1.451,-1.898
-1.46,-1.318
-1.501,-2.304
-1.563,-2.266
-1.671,-0.301
-1.766,-1.301
-1.879,-1.97
-1.819,-0.351
-1.878,-2.327
-1.973,-2.812
-1.966,-2.667
-2.014,-1.131
-1.95,-1.523
-1.991,-1.58
-2.09,-0.341
-2.087,-2.612
-2.152,-3.527
-2.181,-2.851
-2.137,-2.409
-2.192,-1.706
-2.311,-0.495
-2.329,-0.55
-2.345,-0.098
-2.327,-1.508
-2.351,0.132
-2.42,-2.413
-2.437,0.419
-2.494,-0.406
-2.53,-1.863
-2.518,-1.805
-2.597,-0.972
-2.664,-2.546
-2.695,-1.424
-2.703,-2.03
-2.644,-1.116
-2.759,-2.593
-2.687,-0.263
-2.759,0.275
-2.84,-1.592
-2.848,-0.736
-2.785,-1.374
-2.849,-0.948
-2.907,-3.052
-2.897,-0.681
-2.946,-3.167
-3.022,-3.388
-3.023,-0.399
-3.043,-1.971
-3.108,-1.213
-3.077,-3.422
-3.085,-1.274
-3.084,-1.326
-3.099,0.111
-3.111,-0.111
-3.115,-1.634
-3.133,-1.88
3.07,-2.635
3.077,-1.593
3.077,-2.197
3.138,-1.671
3.073,-1.029
3.033,-0.51
2.965,-1.79
3.01,-2.091
2.911,-3.279
2.889,-2.395
2.889,-3.128
2.95,0.328
2.91,-1.009
2.833,-0.039
2.845,-1.797
2.807,0.449
2.786,-1.303
2.839,-1.829
2.825,-0.748
2.737,0.0
2.725,0.1
2.69,-2.604
2.765,-2.251
2.688,-2.865
2.739,-1.19
2.691,-0.716
2.665,-1.094
2.596,-3.22
2.6,-3.429
2.591,-1.155
2.544,-0.662
2.503,-0.127
2.567,-1.363
2.504,-2.812
2.489,-0.992
2.395,0.325
2.381,-2.091
2.32,-1.778
2.259,-1.814
2.251,-2.299
2.289,-1.223
2.221,-1.542
2.286,0.022
2.244,-0.299
2.194,-3.371
2.115,-0.159
2.051,-2.671
2.06,-1.476
2.092,-0.517
2.025,-1.928
1.874,0.391
1.792,-2.542
1.776,-3.333
1.767,-0.026
1.754,-3.15
1.671,-2.638
1.575,-1.453
1.606,-1.331
1.515,-1.512
1.545,0.283
1.488,-1.215
1.416,-1.981
1.406,-0.43
1.392,-2.064
1.318,-0.325
1.37,-0.726
1.287,-0.927
1.268,-2.031
1.256,-1.302
1.293,-1.817
1.255,-1.977
1.238,-2.191
1.18,-2.575
1.192,-0.162
1.155,-1.432
1.165,-0.958
1.135,-3.468
1.117,-1.222
1.012,-1.408
0.978,-1.092
0.994,-0.799
0.93,-1.809
0.794,-3.281
0.725,-2.371
0.688,-2.178
0.748,-2.0
0.726,-2.269
0.659,-3.39
0.632,-1.029
0.627,-0.921
0.548,-1.807
0.578,-1.124
0.5,0.246
0.554,-1.668
0.574,-0.657
0.495,-1.348
0.534,-3.49
0.489,-2.002
0.547,-3.066
0.508,-2.162
0.397,-2.364
0.39,-1.982
0.322,-2.035
0.375,-2.454
0.348,-1.831
0.295,-1.467
0.327,-2.061
0.344,-1.433
0.326,-3.349
0.311,-2.343
0.283,-0.844
0.283,-1.773
0.285,-1.283
0.248,-0.797
0.244,0.201
0.215,-3.428
-0.481,-3.545
-0.529,-3.482
-1.413,-3.623
-1.764,-3.584
-2.445,-3.716
-2.428,-3.577
-2.948,-3.819
-2.958,-3.563
-2.988,-3.614
2.209,-3.811
1.668,-3.572
1.471,-3.792
0.909,-3.645
0.501,-3.947
0.134,0.817
0.095,0.709
-0.088,0.542
-0.527,0.596
-0.517,0.862
-0.966,0.905
-1.354,0.747
-1.591,0.527
-1.58,0.825
-2.189,0.773
-2.308,0.662
-2.433,0.583
-2.528,0.54
-3.057,0.71
2.933,0.613
2.722,0.77
2.478,0.931
2.397,0.643
1.647,0.954
1.406,0.503
1.125,0.639
0.703,0.665
0.595,0.715
0.606,0.593
0.236,0.822
-0.07,0.445
-0.376,-2.183
-0.468,-2.946
-1.138,-1.022
-1.121,-3.326
-1.564,-2.338
-3.03,-3.173
2.772,-1.176
1.939,0.133
1.645,-0.591
1.189,-2.46
0.716,-2.799
2.177,-3.727
2.119,0.712
0.27,0.479
0.246,-1.718
0.099,-2.036
0.179,-2.175
0.111,0.384
-0.002,-2.349
-0.131,-0.019
-0.01,-3.292
-0.083,-0.398
-0.105,-1.851
-0.107,-0.51
-0.168,-0.882
-0.26,-0.407
-0.371,-0.565
-0.28,-1.68
-0.479,0.284
-0.522,-1.814
-0.582,-2.594
-0.603,-0.499
-0.753,-3.513
-0.813,-1.458
-0.718,-1.608
-0.828,-3.238
-0.939,-1.074
-0.934,-1.463
-1.248,-0.826
-1.135,0.172
-1.257,-1.557
-1.277,0.371
-1.336,0.281
-1.442,-1.888
-1.51,-0.904
-1.527,-1.709
-1.761,0.422
-1.741,-3.398
-1.755,-3.192
-1.982,0.171
-1.892,-2.938
-2.09,-3.314
-2.25,-1.343
-2.247,-2.128
-2.187,-2.347
-2.199,-3.496
-2.248,-0.692
-2.276,-2.396
-2.421,-1.983
-2.419,0.297
-2.374,-2.444
-2.825,-2.994
-2.696,-2.426
-2.801,-1.212
-2.797,-2.207
-2.923,-3.146
-2.83,0.01
-2.913,-1.965
-2.952,-0.163
-3.131,-1.531
3.109,-1.549
3.109,0.305
-3.111,-0.32
3.021,-2.38
3.016,-2.395
-3.134,-2.835
2.992,-1.678
3.1,0.411
3.086,-0.73
2.951,-3.041
3.067,-0.825
3.05,-0.653
3.062,-2.44
2.962,-2.289
2.853,-1.188
2.783,-0.423
2.86,-3.484
2.849,-1.101
2.727,0.458
2.68,-1.472
2.791,-3.199
2.713,-1.669
2.651,-1.949
2.464,0.123
2.499,-3.368
2.468,-0.164
2.334,-2.902
2.431,-2.203
2.319,-0.762
2.392,-3.185
2.219,-1.183
2.179,-3.325
2.297,-0.694
2.161,-3.277
2.099,-3.253
1.963,-1.143
2.075,-2.112
1.952,-3.376
1.999,-3.528
1.995,-3.251
1.957,-2.176
1.793,-0.582
1.622,0.112
1.511,-1.785
1.493,-2.061
1.487,-2.017
1.489,-1.073
1.483,-1.126
1.461,-1.191
1.354,-1.359
1.322,-2.76
1.287,-1.267
1.224,-2.848
1.182,-2.051
1.124,-1.55
0.813,-2.219
0.918,-2.184
0.647,-2.106
0.769,-1.772
0.718,-2.391
0.595,-3.381
0.402,0.275
0.526,-1.498
0.378,-1.274
0.368,-3.209
0.45,-0.058
0.283,-2.682
0.28,-0.617
0.267,-0.013
0.17,-1.45
0.261,-1.857
-0.027,-3.734
-0.497,-3.503
-0.73,-3.785
-1.045,-3.841
-1.163,-3.79
-1.573,-3.586
-2.208,-3.853
-2.685,-3.797
-2.879,-3.648
1.74,-3.462
1.54,-3.749
1.503,-3.858
1.211,-3.691
1.268,-3.666
0.165,-3.693
-0.019,0.488
-0.091,0.59
-0.517,0.775
-0.977,0.695
-2.102,0.792
-2.471,0.489
-2.334,0.495
-2.692,0.532
-2.569,0.613
-2.804,0.83
-2.971,0.803
-3.093,0.53
2.8,0.648
2.655,0.565
2.77,0.928
2.777,0.646
2.293,0.809
1.961,0.957
1.698,0.88
1.266,0.74
0.807,0.709
0.701,0.755
0.662,0.717
-2.765,-1.652
3.07,-2.25
1.837,-3.417
1.575,-2.099
1.24,-1.414
-2.009,-0.867
2.802,-0.123
0.721,-1.17
0.7,-1.371
0.644,-1.027
0.422,-2.49
-0.286,-0.526
-1.266,-2.15
-1.361,-1.862
-1.51,-1.353
-1.245,-3.722
3.018,-3.246
2.799,0.597
1.034,0.173
0.946,0.406
0.718,0.333
0.793,0.152
1.692,0.317
2.162,0.764
-0.063,-0.178
-0.058,-2.544
-0.103,-0.492
-0.045,-1.972
-0.058,-1.007
-0.155,0.258
-0.221,-2.259
-0.144,-0.675
-0.188,0.248
-0.216,0.634
-0.26,0.243
-0.335,-1.312
-0.325,0.559
-0.356,-0.386
-0.367,0.026
-0.401,-2.777
-0.401,-1.259
-0.348,-0.74
-0.355,-0.495
-0.509,-0.484
-0.555,0.59
-0.546,-0.425
-0.666,-0.401
-0.588,-0.02
-0.679,0.297
-0.665,-0.255
-0.659,-0.041
-0.822,-3.128
-0.799,-2.448
-0.817,0.519
-0.892,-2.097
-0.864,-0.944
-0.954,-2.81
-0.957,-2.381
-0.972,-2.808
-1.013,-0.744
-0.946,-2.749
-1.06,-0.115
-0.997,-0.771
-1.111,-0.656
-1.05,-3.144
-1.045,-3.122
-1.074,-0.099
-1.07,0.731
-1.161,-0.317
-1.12,-2.493
-1.139,-2.386
-1.245,0.565
-1.292,0.714
-1.222,-0.997
-1.264,-2.29
-1.339,-1.561
-1.265,-1.503
-1.369,0.334
-1.357,-2.297
-1.327,-1.823
-1.414,-1.781
-1.49,-1.682
-1.505,-1.603
-1.514,-1.023
-1.555,-2.009
-1.617,-1.971
-1.725,-0.006
-1.82,-1.006
-1.933,-1.675
-1.873,-0.056
-1.932,-2.032
-2.027,-2.517
-2.02,-2.372
-2.068,-0.836
-2.004,-1.228
-2.045,-1.285
-2.144,-0.046
-2.141,-2.317
-2.206,-3.232
-2.235,-2.556
-2.191,-2.114
-2.246,-1.411
-2.365,-0.2
-2.383,-0.255
-2.399,0.197
-2.381,-1.213
-2.405,0.427
-2.474,-2.118
-2.491,0.714
-2.548,-0.111
-2.584,-1.568
-2.572,-1.51
-2.651,-0.677
-2.718,-2.251
-2.749,-1.129
-2.757,-1.735
-2.698,-0.821
-2.813,-2.298
-2.741,0.032
-2.813,0.57
-2.894,-1.297
-2.902,-0.441
-2.839,-1.079
-2.903,-0.653
-2.961,-2.757
-2.951,-0.386
-3.0,-2.872
-3.076,-3.093
-3.077,-0.104
-3.097,-1.676
3.121,-0.918
-3.131,-3.127
-3.139,-0.979
-3.138,-1.031
3.13,0.406
3.118,0.184
3.114,-1.339
3.096,-1.585
3.016,-2.34
3.023,-1.298
3.023,-1.902
3.084,-1.376
3.019,-0.734
2.979,-0.215
2.911,-1.495
2.956,-1.796
2.857,-2.984
2.835,-2.1
2.835,-2.833
2.896,0.623
2.856,-0.714
2.779,0.256
2.791,-1.502
2.753,0.744
2.732,-1.008
2.785,-1.534
2.771,-0.453
2.683,0.295
2.671,0.395
2.636,-2.309
2.711,-1.956
2.634,-2.57
2.685,-0.895
2.637,-0.421
2.611,-0.799
2.542,-2.925
2.546,-3.134
2.537,-0.86
2.49,-0.367
2.449,0.168
2.513,-1.068
2.45,-2.517
2.435,-0.697
2.341,0.62
2.327,-1.796
2.266,-1.483
2.205,-1.519
2.197,-2.004
2.235,-0.928
2.167,-1.247
2.232,0.317
2.19,-0.004
2.14,-3.076
2.061,0.136
1.997,-2.376
2.006,-1.181
2.038,-0.222
1.971,-1.633
1.82,0.686
1.738,-2.247
1.722,-3.038
1.713,0.269
1.7,-2.855
1.617,-2.343
1.521,-1.158
1.552,-1.036
1.461,-1.217
1.491,0.578
1.434,-0.92
1.362,-1.686
1.352,-0.135
1.338,-1.769
1.264,-0.03
1.316,-0.431
1.233,-0.632
1.214,-1.736
1.202,-1.007
1.239,-1.522
1.201,-1.682
1.184,-1.896
1.126,-2.28
1.138,0.133
1.101,-1.137
1.111,-0.663
1.081,-3.173
1.063,-0.927
0.958,-1.113
0.924,-0.797
0.94,-0.504
0.876,-1.514
0.74,-2.986
0.671,-2.076
0.634,-1.883
0.694,-1.705
0.672,-1.974
0.605,-3.095
0.578,-0.734
0.573,-0.626
0.494,-1.512
0.524,-0.829
0.446,0.541
0.5,-1.373
0.52,-0.362
0.441,-1.053
0.48,-3.195
0.435,-1.707
0.493,-2.771
0.454,-1.867
0.343,-2.069
0.336,-1.687
0.268,-1.74
0.321,-2.159
0.294,-1.536
0.241,-1.172
0.273,-1.766
0.29,-1.138
0.272,-3.054
0.257,-2.048
0.229,-0.549
0.229,-1.478
0.231,-0.988
0.194,-0.502
0.19,0.496
0.161,-3.133
-0.535,-3.25
-0.583,-3.187
-1.467,-3.328
-1.818,-3.289
-2.499,-3.421
-2.482,-3.282
-3.002,-3.524
-3.012,-3.268
-3.042,-3.319
2.155,-3.516
1.614,-3.277
1.417,-3.497
0.855,-3.35
0.447,-3.652
0.08,1.112
0.041,1.004
-0.142,0.837
-0.581,0.891
-0.571,1.157
-1.02,1.2
-1.408,1.042
-1.645,0.822
-1.634,1.12
-2.243,1.068
-2.362,0.957
-2.487,0.878
-2.582,0.835
-3.111,1.005
2.879,0.908
2.668,1.065
2.424,1.226
2.343,0.938
1.593,1.249
1.352,0.798
1.071,0.934
0.649,0.96
0.541,1.01
0.552,0.888
0.182,1.117
-0.124,0.74
-0.43,-1.888
-0.522,-2.651
-1.192,-0.727
-1.175,-3.031
-1.618,-2.043
-3.084,-2.878
2.718,-0.881
1.885,0.428
1.591,-0.296
1.135,-2.165
0.662,-2.504
2.123,-3.432
2.065,1.007
0.216,0.774
0.192,-1.423
0.045,-1.741
0.125,-1.88
0.057,0.679
-0.056,-2.054
-0.185,0.276
-0.064,-2.997
-0.137,-0.103
-0.159,-1.556
-0.161,-0.215
-0.222,-0.587
-0.314,-0.112
-0.425,-0.27
-0.334,-1.385
-0.533,0.579
-0.576,-1.519
-0.636,-2.299
-0.657,-0.204
-0.807,-3.218
-0.867,-1.163
-0.772,-1.313
-0.882,-2.943
-0.993,-0.779
-0.988,-1.168
-1.302,-0.531
-1.189,0.467
-1.311,-1.262
-1.331,0.666
-1.39,0.576
-1.496,-1.593
-1.564,-0.609
-1.581,-1.414
-1.815,0.717
-1.795,-3.103
-1.809,-2.897
-2.036,0.466
-1.946,-2.643
-2.144,-3.019
-2.304,-1.048
-2.301,-1.833
-2.241,-2.052
-2.253,-3.201
-2.302,-0.397
-2.33,-2.101
-2.475,-1.688
-2.473,0.592
-2.428,-2.149
-2.879,-2.699
-2.75,-2.131
-2.855,-0.917
-2.851,-1.912
-2.977,-2.851
-2.884,0.305
-2.967,-1.67
-3.006,0.132
3.098,-1.236
3.055,-1.254
3.055,0.6
3.118,-0.025
2.967,-2.085
2.962,-2.1
3.095,-2.54
2.938,-1.383
3.046,0.706
3.032,-0.435
2.897,-2.746
3.013,-0.53
2.996,-0.358
3.008,-2.145
2.908,-1.994
2.799,-0.893
2.729,-0.128
2.806,-3.189
2.795,-0.806
2.673,0.753
2.626,-1.177
2.737,-2.904
2.659,-1.374
2.597,-1.654
2.41,0.418
2.445,-3.073
2.414,0.131
2.28,-2.607
2.377,-1.908
2.265,-0.467
2.338,-2.89
2.165,-0.888
2.125,-3.03
2.243,-0.399
2.107,-2.982
2.045,-2.958
1.909,-0.848
2.021,-1.817
1.898,-3.081
1.945,-3.233
1.941,-2.956
1.903,-1.881
1.739,-0.287
1.568,0.407
1.457,-1.49
1.439,-1.766
1.433,-1.722
1.435,-0.778
1.429,-0.831
1.407,-0.896
1.3,-1.064
1.268,-2.465
1.233,-0.972
1.17,-2.553
1.128,-1.756
1.07,-1.255
0.759,-1.924
0.864,-1.889
0.593,-1.811
0.715,-1.477
0.664,-2.096
0.541,-3.086
0.348,0.57
0.472,-1.203
0.324,-0.979
0.314,-2.914
0.396,0.237
0.229,-2.387
0.226,-0.322
0.213,0.282
0.116,-1.155
0.207,-1.562
-0.081,-3.439
-0.551,-3.208
-0.784,-3.49
-1.099,-3.546
-1.217,-3.495
-1.627,-3.291
-2.262,-3.558
-2.739,-3.502
-2.933,-3.353
1.686,-3.167
1.486,-3.454
1.449,-3.563
1.157,-3.396
1.214,-3.371
0.111,-3.398
-0.073,0.783
-0.145,0.885
-0.571,1.07
-1.031,0.99
-2.156,1.087
-2.525,0.784
-2.388,0.79
-2.746,0.827
-2.623,0.908
-2.858,1.125
-3.025,1.098
3.136,0.825
2.746,0.943
2.601,0.86
2.716,1.223
2.723,0.941
2.239,1.104
1.907,1.252
1.644,1.175
1.212,1.035
0.753,1.004
0.647,1.05
0.608,1.012
-2.819,-1.357
3.016,-1.955
1.783,-3.122
1.521,-1.804
1.186,-1.119
-2.063,-0.572
2.748,0.172
0.667,-0.875
0.646,-1.076
0.59,-0.732
0.368,-2.195
-0.34,-0.231
-1.32,-1.855
-1.415,-1.567
-1.564,-1.058
-1.299,-3.427
2.964,-2.951
2.745,0.892
0.98,0.468
0.892,0.701
0.664,0.628
0.739,0.447
1.638,0.612
2.108,1.059
0.005,-2.366
-0.04,-0.314
0.018,-1.794
0.005,-0.829
-0.092,0.436
-0.158,-2.081
-0.081,-0.497
-0.125,0.426
-0.153,0.812
-0.197,0.421
-0.272,-1.134
-0.262,0.737
-0.293,-0.208
-0.304,0.204
-0.338,-2.599
-0.338,-1.081
-0.285,-0.562
-0.292,-0.317
-0.446,-0.306
-0.492,0.768
-0.483,-0.247
-0.603,-0.223
-0.525,0.158
-0.616,0.475
-0.602,-0.077
-0.596,0.137
-0.759,-2.95
-0.736,-2.27
-0.754,0.697
-0.829,-1.919
-0.801,-0.766
-0.891,-2.632
-0.894,-2.203
-0.909,-2.63
-0.95,-0.566
-0.883,-2.571
-0.997,0.063
-0.934,-0.593
-1.048,-0.478
-0.987,-2.966
-0.982,-2.944
-1.011,0.079
-1.007,0.909
-1.098,-0.139
-1.057,-2.315
-1.076,-2.208
-1.182,0.743
-1.229,0.892
-1.159,-0.819
-1.201,-2.112
-1.276,-1.383
-1.202,-1.325
-1.306,0.512
-1.294,-2.119
-1.264,-1.645
-1.351,-1.603
-1.427,-1.504
-1.442,-1.425
-1.451,-0.845
-1.492,-1.831
-1.554,-1.793
-1.662,0.172
-1.757,-0.828
-1.87,-1.497
-1.81,0.122
-1.869,-1.854
-1.964,-2.339
-1.957,-2.194
-2.005,-0.658
-1.941,-1.05
-1.982,-1.107
-2.081,0.132
-2.078,-2.139
-2.143,-3.054
-2.172,-2.378
-2.128,-1.936
-2.183,-1.233
-2.302,-0.022
-2.32,-0.077
-2.336,0.375
-2.318,-1.035
-2.342,0.605
-2.411,-1.94
-2.428,0.892
-2.485,0.067
-2.521,-1.39
-2.509,-1.332
-2.588,-0.499
-2.655,-2.073
-2.686,-0.951
-2.694,-1.557
-2.635,-0.643
-2.75,-2.12
-2.678,0.21
-2.75,0.748
-2.831,-1.119
-2.839,-0.263
-2.776,-0.901
-2.84,-0.475
-2.898,-2.579
-2.888,-0.208
-2.937,-2.694
-3.013,-2.915
-3.014,0.074
-3.034,-1.498
-3.099,-0.74
-3.068,-2.949
-3.076,-0.801
-3.075,-0.853
-3.09,0.584
-3.102,0.362
-3.106,-1.161
-3.124,-1.407
3.079,-2.162
3.086,-1.12
3.086,-1.724
-3.136,-1.198
3.082,-0.556
3.042,-0.037
2.974,-1.317
3.019,-1.618
2.92,-2.806
2.898,-1.922
2.898,-2.655
2.959,0.801
2.919,-0.536
2.842,0.434
2.854,-1.324
2.816,0.922
2.795,-0.83
2.848,-1.356
2.834,-0.275
2.746,0.473
2.734,0.573
2.699,-2.131
2.774,-1.778
2.697,-2.392
2.748,-0.717
2.7,-0.243
2.674,-0.621
2.605,-2.747
2.609,-2.956
2.6,-0.682
2.553,-0.189
2.512,0.346
2.576,-0.89
2.513,-2.339
2.498,-0.519
2.404,0.798
2.39,-1.618
2.329,-1.305
2.268,-1.341
2.26,-1.826
2.298,-0.75
2.23,-1.069
2.295,0.495
2.253,0.174
2.203,-2.898
2.124,0.314
2.06,-2.198
2.069,-1.003
2.101,-0.044
2.034,-1.455
1.883,0.864
1.801,-2.069
1.785,-2.86
1.776,0.447
1.763,-2.677
1.68,-2.165
1.584,-0.98
1.615,-0.858
1.524,-1.039
1.554,0.756
1.497,-0.742
1.425,-1.508
1.415,0.043
1.401,-1.591
1.327,0.148
1.379,-0.253
1.296,-0.454
1.277,-1.558
1.265,-0.829
1.302,-1.344
1.264,-1.504
1.247,-1.718
1.189,-2.102
1.201,0.311
1.164,-0.959
1.174,-0.485
1.144,-2.995
1.126,-0.749
1.021,-0.935
0.987,-0.619
1.003,-0.326
0.939,-1.336
0.803,-2.808
0.734,-1.898
0.697,-1.705
0.757,-1.527
0.735,-1.796
0.668,-2.917
0.641,-0.556
0.636,-0.448
0.557,-1.334
0.587,-0.651
0.509,0.719
0.563,-1.195
0.583,-0.184
0.504,-0.875
0.543,-3.017
0.498,-1.529
0.556,-2.593
0.517,-1.689
0.406,-1.891
0.399,-1.509
0.331,-1.562
0.384,-1.981
0.357,-1.358
0.304,-0.994
0.336,-1.588
0.353,-0.96
0.335,-2.876
0.32,-1.87
0.292,-0.371
0.292,-1.3
0.294,-0.81
0.257,-0.324
0.253,0.674
0.224,-2.955
-0.472,-3.072
-0.52,-3.009
-1.404,-3.15
-1.755,-3.111
-2.436,-3.243
-2.419,-3.104
-2.939,-3.346
-2.949,-3.09
-2.979,-3.141
2.218,-3.338
1.677,-3.099
1.48,-3.319
0.918,-3.172
0.51,-3.474
0.143,1.29
0.104,1.182
-0.079,1.015
-0.518,1.069
-0.508,1.335
-0.957,1.378
-1.345,1.22
-1.582,1.0
-1.571,1.298
-2.18,1.246
-2.299,1.135
-2.424,1.056
-2.519,1.013
-3.048,1.183
2.942,1.086
2.731,1.243
2.487,1.404
2.406,1.116
1.656,1.427
1.415,0.976
1.134,1.112
0.712,1.138
0.604,1.188
0.615,1.066
0.245,1.295
-0.061,0.918
-0.367,-1.71
-0.459,-2.473
-1.129,-0.549
-1.112,-2.853
-1.555,-1.865
-3.021,-2.7
2.781,-0.703
1.948,0.606
1.654,-0.118
1.198,-1.987
0.725,-2.326
2.186,-3.254
2.128,1.185
0.279,0.952
0.255,-1.245
0.108,-1.563
0.188,-1.702
0.12,0.857
0.007,-1.876
-0.122,0.454
-0.001,-2.819
-0.074,0.075
-0.096,-1.378
-0.098,-0.037
-0.159,-0.409
-0.251,0.066
-0.362,-0.092
-0.271,-1.207
-0.47,0.757
-0.513,-1.341
-0.573,-2.121
-0.594,-0.026
-0.744,-3.04
-0.804,-0.985
-0.709,-1.135
-0.819,-2.765
-0.93,-0.601
-0.925,-0.99
-1.239,-0.353
-1.126,0.645
-1.248,-1.084
-1.268,0.844
-1.327,0.754
-1.433,-1.415
-1.501,-0.431
-1.518,-1.236
-1.752,0.895
-1.732,-2.925
-1.746,-2.719
-1.973,0.644
-1.883,-2.465
-2.081,-2.841
-2.241,-0.87
-2.238,-1.655
-2.178,-1.874
-2.19,-3.023
-2.239,-0.219
-2.267,-1.923
-2.412,-1.51
-2.41,0.77
-2.365,-1.971
-2.816,-2.521
-2.687,-1.953
-2.792,-0.739
-2.788,-1.734
-2.914,-2.673
-2.821,0.483
-2.904,-1.492
-2.943,0.31
-3.122,-1.058
3.118,-1.076
3.118,0.778
-3.102,0.153
3.03,-1.907
3.025,-1.922
-3.125,-2.362
3.001,-1.205
3.109,0.884
3.095,-0.257
2.96,-2.568
3.076,-0.352
3.059,-0.18
3.071,-1.967
2.971,-1.816
2.862,-0.715
2.792,0.05
2.869,-3.011
2.858,-0.628
2.736,0.931
2.689,-0.999
2.8,-2.726
2.722,-1.196
2.66,-1.476
2.473,0.596
2.508,-2.895
2.477,0.309
2.343,-2.429
2.44,-1.73
2.328,-0.289
2.401,-2.712
2.228,-0.71
2.188,-2.852
2.306,-0.221
2.17,-2.804
2.108,-2.78
1.972,-0.67
2.084,-1.639
1.961,-2.903
2.008,-3.055
2.004,-2.778
1.966,-1.703
1.802,-0.109
1.631,0.585
1.52,-1.312
1.502,-1.588
1.496,-1.544
1.498,-0.6
1.492,-0.653
1.47,-0.718
1.363,-0.886
1.331,-2.287
1.296,-0.794
1.233,-2.375
1.191,-1.578
1.133,-1.077
0.822,-1.746
0.927,-1.711
0.656,-1.633
0.778,-1.299
0.727,-1.918
0.604,-2.908
0.411,0.748
0.535,-1.025
0.387,-0.801
0.377,-2.736
0.459,0.415
0.292,-2.209
0.289,-0.144
0.276,0.46
0.179,-0.977
0.27,-1.384
-0.018,-3.261
-0.488,-3.03
-0.721,-3.312
-1.036,-3.368
-1.154,-3.317
-1.564,-3.113
-2.199,-3.38
-2.676,-3.324
-2.87,-3.175
1.749,-2.989
1.549,-3.276
1.512,-3.385
1.22,-3.218
1.277,-3.193
0.174,-3.22
-0.01,0.961
-0.082,1.063
-0.508,1.248
-0.968,1.168
-2.093,1.265
-2.462,0.962
-2.325,0.968
-2.683,1.005
-2.56,1.086
-2.795,1.303
-2.962,1.276
-3.084,1.003
2.809,1.121
2.664,1.038
2.779,1.401
2.786,1.119
2.302,1.282
1.97,1.43
1.707,1.353
1.275,1.213
0.816,1.182
0.71,1.228
0.671,1.19
-2.756,-1.179
3.079,-1.777
1.846,-2.944
1.584,-1.626
1.249,-0.941
-2.0,-0.394
2.811,0.35
0.73,-0.697
0.709,-0.898
0.653,-0.554
0.431,-2.017
-0.277,-0.053
-1.257,-1.677
-1.352,-1.389
-1.501,-0.88
-1.236,-3.249
3.027,-2.773
2.808,1.07
1.043,0.646
0.955,0.879
0.727,0.806
0.802,0.625
1.701,0.79
2.171,1.237
-0.045,2.052
0.013,0.572
0.0,1.537
-0.097,2.802
-0.163,0.285
-0.086,1.869
-0.13,2.792
-0.158,3.178
-0.202,2.787
-0.277,1.232
-0.267,3.103
-0.298,2.158
-0.309,2.57
-0.343,-0.233
-0.343,1.285
-0.29,1.804
-0.297,2.049
-0.451,2.06
-0.497,3.134
-0.488,2.119
-0.608,2.143
-0.53,2.524
-0.621,2.841
-0.607,2.289
-0.601,2.503
-0.764,-0.584
-0.741,0.096
-0.759,3.063
-0.834,0.447
-0.806,1.6
-0.896,-0.266
-0.899,0.163
-0.914,-0.264
-0.955,1.8
-0.888,-0.205
-1.002,2.429
-0.939,1.773
-1.053,1.888
-0.992,-0.6
-0.987,-0.578
-1.016,2.445
-1.012,3.275
-1.103,2.227
-1.062,0.051
-1.081,0.158
-1.187,3.109
-1.234,3.258
-1.164,1.547
-1.206,0.254
-1.281,0.983
-1.207,1.041
-1.311,2.878
-1.299,0.247
-1.269,0.721
-1.356,0.763
-1.432,0.862
-1.447,0.941
-1.456,1.521
-1.497,0.535
-1.559,0.573
-1.667,2.538
-1.762,1.538
-1.875,0.869
-1.815,2.488
-1.874,0.512
-1.969,0.027
-1.962,0.172
-2.01,1.708
-1.946,1.316
-1.987,1.259
-2.086,2.498
-2.083,0.227
-2.148,-0.688
-2.177,-0.012
-2.133,0.43
-2.188,1.133
-2.307,2.344
-2.325,2.289
-2.341,2.741
-2.323,1.331
-2.347,2.971
-2.416,0.426
-2.433,3.258
-2.49,2.433
-2.526,0.976
-2.514,1.034
-2.593,1.867
-2.66,0.293
-2.691,1.415
-2.699,0.809
-2.64,1.723
-2.755,0.246
-2.683,2.576
-2.755,3.114
-2.836,1.247
-2.844,2.103
-2.781,1.465
-2.845,1.891
-2.903,-0.213
-2.893,2.158
-2.942,-0.328
-3.018,-0.549
-3.019,2.44
-3.039,0.868
-3.104,1.626
-3.073,-0.583
-3.081,1.565
-3.08,1.513
-3.095,2.95
-3.107,2.728
-3.111,1.205
-3.129,0.959
3.074,0.204
3.081,1.246
3.081,0.642
-3.141,1.168
3.077,1.81
3.037,2.329
2.969,1.049
3.014,0.748
2.915,-0.44
2.893,0.444
2.893,-0.289
2.954,3.167
2.914,1.83
2.837,2.8
2.849,1.042
2.811,3.288
2.79,1.536
2.843,1.01
2.829,2.091
2.741,2.839
2.729,2.939
2.694,0.235
2.769,0.588
2.692,-0.026
2.743,1.649
2.695,2.123
2.669,1.745
2.6,-0.381
2.604,-0.59
2.595,1.684
2.548,2.177
2.507,2.712
2.571,1.476
2.508,0.027
2.493,1.847
2.399,3.164
2.385,0.748
2.324,1.061
2.263,1.025
2.255,0.54
2.293,1.616
2.225,1.297
2.29,2.861
2.248,2.54
2.198,-0.532
2.119,2.68
2.055,0.168
2.064,1.363
2.096,2.322
2.029,0.911
1.878,3.23
1.796,0.297
1.78,-0.494
1.771,2.813
1.758,-0.311
1.675,0.201
1.579,1.386
1.61,1.508
1.519,1.327
1.549,3.122
1.492,1.624
1.42,0.858
1.41,2.409
1.396,0.775
1.322,2.514
1.374,2.113
1.291,1.912
1.272,0.808
1.26,1.537
1.297,1.022
1.259,0.862
1.242,0.648
1.184,0.264
1.196,2.677
1.159,1.407
1.169,1.881
1.139,-0.629
1.121,1.617
1.016,1.431
0.982,1.747
0.998,2.04
0.934,1.03
0.798,-0.442
0.729,0.468
0.692,0.661
0.752,0.839
0.73,0.57
0.663,-0.551
0.636,1.81
0.631,1.918
0.552,1.032
0.582,1.715
0.504,3.085
0.558,1.171
0.578,2.182
0.499,1.491
0.538,-0.651
0.493,0.837
0.551,-0.227
0.512,0.677
0.401,0.475
0.394,0.857
0.326,0.804
0.379,0.385
0.352,1.008
0.299,1.372
0.331,0.778
0.348,1.406
0.33,-0.51
0.315,0.496
0.287,1.995
0.287,1.066
0.289,1.556
0.252,2.042
0.248,3.04
0.219,-0.589
-0.477,-0.706
-0.525,-0.643
-1.409,-0.784
-1.76,-0.745
-2.441,-0.877
-2.424,-0.738
-2.944,-0.98
-2.954,-0.724
-2.984,-0.775
2.213,-0.972
1.672,-0.733
1.475,-0.953
0.913,-0.806
0.505,-1.108
0.138,3.656
0.099,3.548
-0.084,3.381
-0.523,3.435
-0.513,3.701
-0.962,3.744
-1.35,3.586
-1.587,3.366
-1.576,3.664
-2.185,3.612
-2.304,3.501
-2.429,3.422
-2.524,3.379
-3.053,3.549
2.937,3.452
2.726,3.609
2.482,3.77
2.401,3.482
1.651,3.793
1.41,3.342
1.129,3.478
0.707,3.504
0.599,3.554
0.61,3.432
0.24,3.661
-0.066,3.284
-0.372,0.656
-0.464,-0.107
-1.134,1.817
-1.117,-0.487
-1.56,0.501
-3.026,-0.334
2.776,1.663
1.943,2.972
1.649,2.248
1.193,0.379
0.72,0.04
2.181,-0.888
2.123,3.551
0.274,3.318
0.25,1.121
0.103,0.803
0.183,0.664
0.115,3.223
0.002,0.49
-0.127,2.82
-0.006,-0.453
-0.079,2.441
-0.101,0.988
-0.103,2.329
-0.164,1.957
-0.256,2.432
-0.367,2.274
-0.276,1.159
-0.475,3.123
-0.518,1.025
-0.578,0.245
-0.599,2.34
-0.749,-0.674
-0.809,1.381
-0.714,1.231
-0.824,-0.399
-0.935,1.765
-0.93,1.376
-1.244,2.013
-1.131,3.011
-1.253,1.282
-1.273,3.21
-1.332,3.12
-1.438,0.951
-1.506,1.935
-1.523,1.13
-1.757,3.261
-1.737,-0.559
-1.751,-0.353
-1.978,3.01
-1.888,-0.099
-2.086,-0.475
-2.246,1.496
-2.243,0.711
-2.183,0.492
-2.195,-0.657
-2.244,2.147
-2.272,0.443
-2.417,0.856
-2.415,3.136
-2.37,0.395
-2.821,-0.155
-2.692,0.413
-2.797,1.627
-2.793,0.632
-2.919,-0.307
-2.826,2.849
-2.909,0.874
-2.948,2.676
-3.127,1.308
3.113,1.29
3.113,3.144
-3.107,2.519
3.025,0.459
3.02,0.444
-3.13,0.004
2.996,1.161
3.104,3.25
3.09,2.109
2.955,-0.202
3.071,2.014
3.054,2.186
3.066,0.399
2.966,0.55
2.857,1.651
2.787,2.416
2.864,-0.645
2.853,1.738
2.731,3.297
2.684,1.367
2.795,-0.36
2.717,1.17
2.655,0.89
2.468,2.962
2.503,-0.529
2.472,2.675
2.338,-0.063
2.435,0.636
2.323,2.077
2.396,-0.346
2.223,1.656
2.183,-0.486
2.301,2.145
2.165,-0.438
2.103,-0.414
1.967,1.696
2.079,0.727
1.956,-0.537
2.003,-0.689
1.999,-0.412
1.961,0.663
1.797,2.257
1.626,2.951
1.515,1.054
1.497,0.778
1.491,0.822
1.493,1.766
1.487,1.713
1.465,1.648
1.358,1.48
1.326,0.079
1.291,1.572
1.228,-0.009
1.186,0.788
1.128,1.289
0.817,0.62
0.922,0.655
0.651,0.733
0.773,1.067
0.722,0.448
0.599,-0.542
0.406,3.114
0.53,1.341
0.382,1.565
0.372,-0.37
0.454,2.781
0.287,0.157
0.284,2.222
0.271,2.826
0.174,1.389
0.265,0.982
-0.023,-0.895
-0.493,-0.664
-0.726,-0.946
-1.041,-1.002
-1.159,-0.951
-1.569,-0.747
-2.204,-1.014
-2.681,-0.958
-2.875,-0.809
1.744,-0.623
1.544,-0.91
1.507,-1.019
1.215,-0.852
1.272,-0.827
0.169,-0.854
-0.015,3.327
-0.087,3.429
-0.513,3.614
-0.973,3.534
-2.098,3.631
-2.467,3.328
-2.33,3.334
-2.688,3.371
-2.565,3.452
-2.8,3.669
-2.967,3.642
-3.089,3.369
2.804,3.487
2.659,3.404
2.774,3.767
2.781,3.485
2.297,3.648
1.965,3.796
1.702,3.719
1.27,3.579
0.811,3.548
0.705,3.594
0.666,3.556
-2.761,1.187
3.074,0.589
1.841,-0.578
1.579,0.74
1.244,1.425
-2.005,1.972
2.806,2.716
0.725,1.669
0.704,1.468
0.648,1.812
0.426,0.349
-0.282,2.313
-1.262,0.689
-1.357,0.977
-1.506,1.486
-1.241,-0.883
3.022,-0.407
2.803,3.436
1.038,3.012
0.95,3.245
0.722,3.172
0.797,2.991
1.696,3.156
2.166,3.603
0.058,-1.48
0.045,-0.515
-0.052,0.75
-0.118,-1.767
-0.041,-0.183
-0.085,0.74
-0.113,1.126
-0.157,0.735
-0.232,-0.82
-0.222,1.051
-0.253,0.106
-0.264,0.518
-0.298,-2.285
-0.298,-0.767
-0.245,-0.248
-0.252,-0.003
-0.406,0.008
-0.452,1.082
-0.443,0.067
-0.563,0.091
-0.485,0.472
-0.576,0.789
-0.562,0.237
-0.556,0.451
-0.719,-2.636
-0.696,-1.956
-0.714,1.011
-0.789,-1.605
-0.761,-0.452
-0.851,-2.318
-0.854,-1.889
-0.869,-2.316
-0.91,-0.252
-0.843,-2.257
-0.957,0.377
-0.894,-0.279
-1.008,-0.164
-0.947,-2.652
-0.942,-2.63
-0.971,0.393
-0.967,1.223
-1.058,0.175
-1.017,-2.001
-1.036,-1.894
-1.142,1.057
-1.189,1.206
-1.119,-0.505
-1.161,-1.798
-1.236,-1.069
-1.162,-1.011
-1.266,0.826
-1.254,-1.805
-1.224,-1.331
-1.311,-1.289
-1.387,-1.19
-1.402,-1.111
-1.411,-0.531
-1.452,-1.517
-1.514,-1.479
-1.622,0.486
-1.717,-0.514
-1.83,-1.183
-1.77,0.436
-1.829,-1.54
-1.924,-2.025
-1.917,-1.88
-1.965,-0.344
-1.901,-0.736
-1.942,-0.793
-2.041,0.446
-2.038,-1.825
-2.103,-2.74
-2.132,-2.064
-2.088,-1.622
-2.143,-0.919
-2.262,0.292
-2.28,0.237
-2.296,0.689
-2.278,-0.721
-2.302,0.919
-2.371,-1.626
-2.388,1.206
-2.445,0.381
-2.481,-1.076
-2.469,-1.018
-2.548,-0.185
-2.615,-1.759
-2.646,-0.637
-2.654,-1.243
-2.595,-0.329
-2.71,-1.806
-2.638,0.524
-2.71,1.062
-2.791,-0.805
-2.799,0.051
-2.736,-0.587
-2.8,-0.161
-2.858,-2.265
-2.848,0.106
-2.897,-2.38
-2.973,-2.601
-2.974,0.388
-2.994,-1.184
-3.059,-0.426
-3.028,-2.635
-3.036,-0.487
-3.035,-0.539
-3.05,0.898
-3.062,0.676
-3.066,-0.847
-3.084,-1.093
3.119,-1.848
3.126,-0.806
3.126,-1.41
-3.096,-0.884
3.122,-0.242
3.082,0.277
3.014,-1.003
3.059,-1.304
2.96,-2.492
2.938,-1.608
2.938,-2.341
2.999,1.115
2.959,-0.222
2.882,0.748
2.894,-1.01
2.856,1.236
2.835,-0.516
2.888,-1.042
2.874,0.039
2.786,0.787
2.774,0.887
2.739,-1.817
2.814,-1.464
2.737,-2.078
2.788,-0.403
2.74,0.071
2.714,-0.307
2.645,-2.433
2.649,-2.642
2.64,-0.368
2.593,0.125
2.552,0.66
2.616,-0.576
2.553,-2.025
2.538,-0.205
2.444,1.112
2.43,-1.304
2.369,-0.991
2.308,-1.027
2.3,-1.512
2.338,-0.436
2.27,-0.755
2.335,0.809
2.293,0.488
2.243,-2.584
2.164,0.628
2.1,-1.884
2.109,-0.689
2.141,0.27
2.074,-1.141
1.923,1.178
1.841,-1.755
1.825,-2.546
1.816,0.761
1.803,-2.363
1.72,-1.851
1.624,-0.666
1.655,-0.544
1.564,-0.725
1.594,1.07
1.537,-0.428
1.465,-1.194
1.455,0.357
1.441,-1.277
1.367,0.462
1.419,0.061
1.336,-0.14
1.317,-1.244
1.305,-0.515
1.342,-1.03
1.304,-1.19
1.287,-1.404
1.229,-1.788
1.241,0.625
1.204,-0.645
1.214,-0.171
1.184,-2.681
1.166,-0.435
1.061,-0.621
1.027,-0.305
1.043,-0.012
0.979,-1.022
0.843,-2.494
0.774,-1.584
0.737,-1.391
0.797,-1.213
0.775,-1.482
0.708,-2.603
0.681,-0.242
0.676,-0.134
0.597,-1.02
0.627,-0.337
0.549,1.033
0.603,-0.881
0.623,0.13
0.544,-0.561
0.583,-2.703
0.538,-1.215
0.596,-2.279
0.557,-1.375
0.446,-1.577
0.439,-1.195
0.371,-1.248
0.424,-1.667
0.397,-1.044
0.344,-0.68
0.376,-1.274
0.393,-0.646
0.375,-2.562
0.36,-1.556
0.332,-0.057
0.332,-0.986
0.334,-0.496
0.297,-0.01
0.293,0.988
0.264,-2.641
-0.432,-2.758
-0.48,-2.695
-1.364,-2.836
-1.715,-2.797
-2.396,-2.929
-2.379,-2.79
-2.899,-3.032
-2.909,-2.776
-2.939,-2.827
2.258,-3.024
1.717,-2.785
1.52,-3.005
0.958,-2.858
0.55,-3.16
0.183,1.604
0.144,1.496
-0.039,1.329
-0.478,1.383
-0.468,1.649
-0.917,1.692
-1.305,1.534
-1.542,1.314
-1.531,1.612
-2.14,1.56
-2.259,1.449
-2.384,1.37
-2.479,1.327
-3.008,1.497
2.982,1.4
2.771,1.557
2.527,1.718
2.446,1.43
1.696,1.741
1.455,1.29
1.174,1.426
0.752,1.452
0.644,1.502
0.655,1.38
0.285,1.609
-0.021,1.232
-0.327,-1.396
-0.419,-2.159
-1.089,-0.235
-1.072,-2.539
-1.515,-1.551
-2.981,-2.386
2.821,-0.389
1.988,0.92
1.694,0.196
1.238,-1.673
0.765,-2.012
2.226,-2.94
2.168,1.499
0.319,1.266
0.295,-0.931
0.148,-1.249
0.228,-1.388
0.16,1.171
0.047,-1.562
-0.082,0.768
0.039,-2.505
-0.034,0.389
-0.056,-1.064
-0.058,0.277
-0.119,-0.095
-0.211,0.38
-0.322,0.222
-0.231,-0.893
-0.43,1.071
-0.473,-1.027
-0.533,-1.807
-0.554,0.288
-0.704,-2.726
-0.764,-0.671
-0.669,-0.821
-0.779,-2.451
-0.89,-0.287
-0.885,-0.676
-1.199,-0.039
-1.086,0.959
-1.208,-0.77
-1.228,1.158
-1.287,1.068
-1.393,-1.101
-1.461,-0.117
-1.478,-0.922
-1.712,1.209
-1.692,-2.611
-1.706,-2.405
-1.933,0.958
-1.843,-2.151
-2.041,-2.527
-2.201,-0.556
-2.198,-1.341
-2.138,-1.56
-2.15,-2.709
-2.199,0.095
-2.227,-1.609
-2.372,-1.196
-2.37,1.084
-2.325,-1.657
-2.776,-2.207
-2.647,-1.639
-2.752,-0.425
-2.748,-1.42
-2.874,-2.359
-2.781,0.797
-2.864,-1.178
-2.903,0.624
-3.082,-0.744
-3.125,-0.762
-3.125,1.092
-3.062,0.467
3.07,-1.593
3.065,-1.608
-3.085,-2.048
3.041,-0.891
-3.134,1.198
3.135,0.057
3.0,-2.254
3.116,-0.038
3.099,0.134
3.111,-1.653
3.011,-1.502
2.902,-0.401
2.832,0.364
2.909,-2.697
2.898,-0.314
2.776,1.245
2.729,-0.685
2.84,-2.412
2.762,-0.882
2.7,-1.162
2.513,0.91
2.548,-2.581
2.517,0.623
2.383,-2.115
2.48,-1.416
2.368,0.025
2.441,-2.398
2.268,-0.396
2.228,-2.538
2.346,0.093
2.21,-2.49
2.148,-2.466
2.012,-0.356
2.124,-1.325
2.001,-2.589
2.048,-2.741
2.044,-2.464
2.006,-1.389
1.842,0.205
1.671,0.899
1.56,-0.998
1.542,-1.274
1.536,-1.23
1.538,-0.286
1.532,-0.339
1.51,-0.404
1.403,-0.572
1.371,-1.973
1.336,-0.48
1.273,-2.061
1.231,-1.264
1.173,-0.763
0.862,-1.432
0.967,-1.397
0.696,-1.319
0.818,-0.985
0.767,-1.604
0.644,-2.594
0.451,1.062
0.575,-0.711
0.427,-0.487
0.417,-2.422
0.499,0.729
0.332,-1.895
0.329,0.17
0.316,0.774
0.219,-0.663
0.31,-1.07
0.022,-2.947
-0.448,-2.716
-0.681,-2.998
-0.996,-3.054
-1.114,-3.003
-1.524,-2.799
-2.159,-3.066
-2.636,-3.01
-2.83,-2.861
1.789,-2.675
1.589,-2.962
1.552,-3.071
1.26,-2.904
1.317,-2.879
0.214,-2.906
0.03,1.275
-0.042,1.377
-0.468,1.562
-0.928,1.482
-2.053,1.579
-2.422,1.276
-2.285,1.282
-2.643,1.319
-2.52,1.4
-2.755,1.617
-2.922,1.59
-3.044,1.317
2.849,1.435
2.704,1.352
2.819,1.715
2.826,1.433
2.342,1.596
2.01,1.744
1.747,1.667
1.315,1.527
0.856,1.496
0.75,1.542
0.711,1.504
-2.716,-0.865
3.119,-1.463
1.886,-2.63
1.624,-1.312
1.289,-0.627
-1.96,-0.08
2.851,0.664
0.77,-0.383
0.749,-0.584
0.693,-0.24
0.471,-1.703
-0.237,0.261
-1.217,-1.363
-1.312,-1.075
-1.461,-0.566
-1.196,-2.935
3.067,-2.459
2.848,1.384
1.083,0.96
0.995,1.193
0.767,1.12
0.842,0.939
1.741,1.104
2.211,1.551
-0.013,0.965
-0.11,2.23
-0.176,-0.287
-0.099,1.297
-0.143,2.22
-0.171,2.606
-0.215,2.215
-0.29,0.66
-0.28,2.531
-0.311,1.586
-0.322,1.998
-0.356,-0.805
-0.356,0.713
-0.303,1.232
-0.31,1.477
-0.464,1.488
-0.51,2.562
-0.501,1.547
-0.621,1.571
-0.543,1.952
-0.634,2.269
-0.62,1.717
-0.614,1.931
-0.777,-1.156
-0.754,-0.476
-0.772,2.491
-0.847,-0.125
-0.819,1.028
-0.909,-0.838
-0.912,-0.409
-0.927,-0.836
-0.968,1.228
-0.901,-0.777
-1.015,1.857
-0.952,1.201
-1.066,1.316
-1.005,-1.172
-1.0,-1.15
-1.029,1.873
-1.025,2.703
-1.116,1.655
-1.075,-0.521
-1.094,-0.414
-1.2,2.537
-1.247,2.686
-1.177,0.975
-1.219,-0.318
-1.294,0.411
-1.22,0.469
-1.324,2.306
-1.312,-0.325
-1.282,0.149
-1.369,0.191
-1.445,0.29
-1.46,0.369
-1.469,0.949
-1.51,-0.037
-1.572,0.001
-1.68,1.966
-1.775,0.966
-1.888,0.297
-1.828,1.916
-1.887,-0.06
-1.982,-0.545
-1.975,-0.4
-2.023,1.136
-1.959,0.744
-2.0,0.687
-2.099,1.926
-2.096,-0.345
-2.161,-1.26
-2.19,-0.584
-2.146,-0.142
-2.201,0.561
-2.32,1.772
-2.338,1.717
-2.354,2.169
-2.336,0.759
-2.36,2.399
-2.429,-0.146
-2.446,2.686
-2.503,1.861
-2.539,0.404
-2.527,0.462
-2.606,1.295
-2.673,-0.279
-2.704,0.843
-2.712,0.237
-2.653,1.151
-2.768,-0.326
-2.696,2.004
-2.768,2.542
-2.849,0.675
-2.857,1.531
-2.794,0.893
-2.858,1.319
-2.916,-0.785
-2.906,1.586
-2.955,-0.9
-3.031,-1.121
-3.032,1.868
-3.052,0.296
-3.117,1.054
-3.086,-1.155
-3.094,0.993
-3.093,0.941
-3.108,2.378
-3.12,2.156
-3.124,0.633
3.141,0.387
3.061,-0.368
3.068,0.674
3.068,0.07
3.129,0.596
3.064,1.238
3.024,1.757
2.956,0.477
3.001,0.176
2.902,-1.012
2.88,-0.128
2.88,-0.861
2.941,2.595
2.901,1.258
2.824,2.228
2.836,0.47
2.798,2.716
2.777,0.964
2.83,0.438
2.816,1.519
2.728,2.267
2.716,2.367
2.681,-0.337
2.756,0.016
2.679,-0.598
2.73,1.077
2.682,1.551
2.656,1.173
2.587,-0.953
2.591,-1.162
2.582,1.112
2.535,1.605
2.494,2.14
2.558,0.904
2.495,-0.545
2.48,1.275
2.386,2.592
2.372,0.176
2.311,0.489
2.25,0.453
2.242,-0.032
2.28,1.044
2.212,0.725
2.277,2.289
2.235,1.968
2.185,-1.104
2.106,2.108
2.042,-0.404
2.051,0.791
2.083,1.75
2.016,0.339
1.865,2.658
1.783,-0.275
1.767,-1.066
1.758,2.241
1.745,-0.883
1.662,-0.371
1.566,0.814
1.597,0.936
1.506,0.755
1.536,2.55
1.479,1.052
1.407,0.286
1.397,1.837
1.383,0.203
1.309,1.942
1.361,1.541
1.278,1.34
1.259,0.236
1.247,0.965
1.284,0.45
1.246,0.29
1.229,0.076
1.171,-0.308
1.183,2.105
1.146,0.835
1.156,1.309
1.126,-1.201
1.108,1.045
1.003,0.859
0.969,1.175
0.985,1.468
0.921,0.458
0.785,-1.014
0.716,-0.104
0.679,0.089
0.739,0.267
0.717,-0.002
0.65,-1.123
0.623,1.238
0.618,1.346
0.539,0.46
0.569,1.143
0.491,2.513
0.545,0.599
0.565,1.61
0.486,0.919
0.525,-1.223
0.48,0.265
0.538,-0.799
0.499,0.105
0.388,-0.097
0.381,0.285
0.313,0.232
0.366,-0.187
0.339,0.436
0.286,0.8
0.318,0.206
0.335,0.834
0.317,-1.082
0.302,-0.076
0.274,1.423
0.274,0.494
0.276,0.984
0.239,1.47
0.235,2.468
0.206,-1.161
-0.49,-1.278
-0.538,-1.215
-1.422,-1.356
-1.773,-1.317
-2.454,-1.449
-2.437,-1.31
-2.957,-1.552
-2.967,-1.296
-2.997,-1.347
2.2,-1.544
1.659,-1.305
1.462,-1.525
0.9,-1.378
0.492,-1.68
0.125,3.084
0.086,2.976
-0.097,2.809
-0.536,2.863
-0.526,3.129
-0.975,3.172
-1.363,3.014
-1.6,2.794
-1.589,3.092
-2.198,3.04
-2.317,2.929
-2.442,2.85
-2.537,2.807
-3.066,2.977
2.924,2.88
2.713,3.037
2.469,3.198
2.388,2.91
1.638,3.221
1.397,2.77
1.116,2.906
0.694,2.932
0.586,2.982
0.597,2.86
0.227,3.089
-0.079,2.712
-0.385,0.084
-0.477,-0.679
-1.147,1.245
-1.13,-1.059
-1.573,-0.071
-3.039,-0.906
2.763,1.091
1.93,2.4
1.636,1.676
1.18,-0.193
0.707,-0.532
2.168,-1.46
2.11,2.979
0.261,2.746
0.237,0.549
0.09,0.231
0.17,0.092
0.102,2.651
-0.011,-0.082
-0.14,2.248
-0.019,-1.025
-0.092,1.869
-0.114,0.416
-0.116,1.757
-0.177,1.385
-0.269,1.86
-0.38,1.702
-0.289,0.587
-0.488,2.551
-0.531,0.453
-0.591,-0.327
-0.612,1.768
-0.762,-1.246
-0.822,0.809
-0.727,0.659
-0.837,-0.971
-0.948,1.193
-0.943,0.804
-1.257,1.441
-1.144,2.439
-1.266,0.71
-1.286,2.638
-1.345,2.548
-1.451,0.379
-1.519,1.363
-1.536,0.558
-1.77,2.689
-1.75,-1.131
-1.764,-0.925
-1.991,2.438
-1.901,-0.671
-2.099,-1.047
-2.259,0.924
-2.256,0.139
-2.196,-0.08
-2.208,-1.229
-2.257,1.575
-2.285,-0.129
-2.43,0.284
-2.428,2.564
-2.383,-0.177
-2.834,-0.727
-2.705,-0.159
-2.81,1.055
-2.806,0.06
-2.932,-0.879
-2.839,2.277
-2.922,0.302
-2.961,2.104
-3.14,0.736
3.1,0.718
3.1,2.572
-3.12,1.947
3.012,-0.113
3.007,-0.128
3.14,-0.568
2.983,0.589
3.091,2.678
3.077,1.537
2.942,-0.774
3.058,1.442
3.041,1.614
3.053,-0.173
2.953,-0.022
2.844,1.079
2.774,1.844
2.851,-1.217
2.84,1.166
2.718,2.725
2.671,0.795
2.782,-0.932
2.704,0.598
2.642,0.318
2.455,2.39
2.49,-1.101
2.459,2.103
2.325,-0.635
2.422,0.064
2.31,1.505
2.383,-0.918
2.21,1.084
2.17,-1.058
2.288,1.573
2.152,-1.01
2.09,-0.986
1.954,1.124
2.066,0.155
1.943,-1.109
1.99,-1.261
1.986,-0.984
1.948,0.091
1.784,1.685
1.613,2.379
1.502,0.482
1.484,0.206
1.478,0.25
1.48,1.194
1.474,1.141
1.452,1.076
1.345,0.908
1.313,-0.493
1.278,1.0
1.215,-0.581
1.173,0.216
1.115,0.717
0.804,0.048
0.909,0.083
0.638,0.161
0.76,0.495
0.709,-0.124
0.586,-1.114
0.393,2.542
0.517,0.769
0.369,0.993
0.359,-0.942
0.441,2.209
0.274,-0.415
0.271,1.65
0.258,2.254
0.161,0.817
0.252,0.41
-0.036,-1.467
-0.506,-1.236
-0.739,-1.518
-1.054,-1.574
-1.172,-1.523
-1.582,-1.319
-2.217,-1.586
-2.694,-1.53
-2.888,-1.381
1.731,-1.195
1.531,-1.482
1.494,-1.591
1.202,-1.424
1.259,-1.399
0.156,-1.426
-0.028,2.755
-0.1,2.857
-0.526,3.042
-0.986,2.962
-2.111,3.059
-2.48,2.756
-2.343,2.762
-2.701,2.799
-2.578,2.88
-2.813,3.097
-2.98,3.07
-3.102,2.797
2.791,2.915
2.646,2.832
2.761,3.195
2.768,2.913
2.284,3.076
1.952,3.224
1.689,3.147
1.257,3.007
0.798,2.976
0.692,3.022
0.653,2.984
-2.774,0.615
3.061,0.017
1.828,-1.15
1.566,0.168
1.231,0.853
-2.018,1.4
2.793,2.144
0.712,1.097
0.691,0.896
0.635,1.24
0.413,-0.223
-0.295,1.741
-1.275,0.117
-1.37,0.405
-1.519,0.914
-1.254,-1.455
3.009,-0.979
2.79,2.864
1.025,2.44
0.937,2.673
0.709,2.6
0.784,2.419
1.683,2.584
2.153,3.031
-0.097,1.265
-0.163,-1.252
-0.086,0.332
-0.13,1.255
-0.158,1.641
-0.202,1.25
-0.277,-0.305
-0.267,1.566
-0.298,0.621
-0.309,1.033
-0.343,-1.77
-0.343,-0.252
-0.29,0.267
-0.297,0.512
-0.451,0.523
-0.497,1.597
-0.488,0.582
-0.608,0.606
-0.53,0.987
-0.621,1.304
-0.607,0.752
-0.601,0.966
-0.764,-2.121
-0.741,-1.441
-0.759,1.526
-0.834,-1.09
-0.806,0.063
-0.896,-1.803
-0.899,-1.374
-0.914,-1.801
-0.955,0.263
-0.888,-1.742
-1.002,0.892
-0.939,0.236
-1.053,0.351
-0.992,-2.137
-0.987,-2.115
-1.016,0.908
-1.012,1.738
-1.103,0.69
-1.062,-1.486
-1.081,-1.379
-1.187,1.572
-1.234,1.721
-1.164,0.01
-1.206,-1.283
-1.281,-0.554
-1.207,-0.496
-1.311,1.341
-1.299,-1.29
-1.269,-0.816
-1.356,-0.774
-1.432,-0.675
-1.447,-0.596
-1.456,-0.016
-1.497,-1.002
-1.559,-0.964
-1.667,1.001
-1.762,0.001
-1.875,-0.668
-1.815,0.951
-1.874,-1.025
-1.969,-1.51
-1.962,-1.365
-2.01,0.171
-1.946,-0.221
-1.987,-0.278
-2.086,0.961
-2.083,-1.31
-2.148,-2.225
-2.177,-1.549
-2.133,-1.107
-2.188,-0.404
-2.307,0.807
-2.325,0.752
-2.341,1.204
-2.323,-0.206
-2.347,1.434
-2.416,-1.111
-2.433,1.721
-2.49,0.896
-2.526,-0.561
-2.514,-0.503
-2.593,0.33
-2.66,-1.244
-2.691,-0.122
-2.699,-0.728
-2.64,0.186
-2.755,-1.291
-2.683,1.039
-2.755,1.577
-2.836,-0.29
-2.844,0.566
-2.781,-0.072
-2.845,0.354
-2.903,-1.75
-2.893,0.621
-2.942,-1.865
-3.018,-2.086
-3.019,0.903
-3.039,-0.669
-3.104,0.089
-3.073,-2.12
-3.081,0.028
-3.08,-0.024
-3.095,1.413
-3.107,1.191
-3.111,-0.332
-3.129,-0.578
3.074,-1.333
3.081,-0.291
3.081,-0.895
-3.141,-0.369
3.077,0.273
3.037,0.792
2.969,-0.488
3.014,-0.789
2.915,-1.977
2.893,-1.093
2.893,-1.826
2.954,1.63
2.914,0.293
2.837,1.263
2.849,-0.495
2.811,1.751
2.79,-0.001
2.843,-0.527
2.829,0.554
2.741,1.302
2.729,1.402
2.694,-1.302
2.769,-0.949
2.692,-1.563
2.743,0.112
2.695,0.586
2.669,0.208
2.6,-1.918
2.604,-2.127
2.595,0.147
2.548,0.64
2.507,1.175
2.571,-0.061
2.508,-1.51
2.493,0.31
2.399,1.627
2.385,-0.789
2.324,-0.476
2.263,-0.512
2.255,-0.997
2.293,0.079
2.225,-0.24
2.29,1.324
2.248,1.003
2.198,-2.069
2.119,1.143
2.055,-1.369
2.064,-0.174
2.096,0.785
2.029,-0.626
1.878,1.693
1.796,-1.24
1.78,-2.031
1.771,1.276
1.758,-1.848
1.675,-1.336
1.579,-0.151
1.61,-0.029
1.519,-0.21
1.549,1.585
1.492,0.087
1.42,-0.679
1.41,0.872
1.396,-0.762
1.322,0.977
1.374,0.576
1.291,0.375
1.272,-0.729
1.26,0.0
1.297,-0.515
1.259,-0.675
1.242,-0.889
1.184,-1.273
1.196,1.14
1.159,-0.13
1.169,0.344
1.139,-2.166
1.121,0.08
1.016,-0.106
0.982,0.21
0.998,0.503
0.934,-0.507
0.798,-1.979
0.729,-1.069
0.692,-0.876
0.752,-0.698
0.73,-0.967
0.663,-2.088
0.636,0.273
0.631,0.381
0.552,-0.505
0.582,0.178
0.504,1.548
0.558,-0.366
0.578,0.645
0.499,-0.046
0.538,-2.188
0.493,-0.7
0.551,-1.764
0.512,-0.86
0.401,-1.062
0.394,-0.68
0.326,-0.733
0.379,-1.152
0.352,-0.529
0.299,-0.165
0.331,-0.759
0.348,-0.131
0.33,-2.047
0.315,-1.041
0.287,0.458
0.287,-0.471
0.289,0.019
0.252,0.505
0.248,1.503
0.219,-2.126
-0.477,-2.243
-0.525,-2.18
-1.409,-2.321
-1.76,-2.282
-2.441,-2.414
-2.424,-2.275
-2.944,-2.517
-2.954,-2.261
-2.984,-2.312
2.213,-2.509
1.672,-2.27
1.475,-2.49
0.913,-2.343
0.505,-2.645
0.138,2.119
0.099,2.011
-0.084,1.844
-0.523,1.898
-0.513,2.164
-0.962,2.207
-1.35,2.049
-1.587,1.829
-1.576,2.127
-2.185,2.075
-2.304,1.964
-2.429,1.885
-2.524,1.842
-3.053,2.012
2.937,1.915
2.726,2.072
2.482,2.233
2.401,1.945
1.651,2.256
1.41,1.805
1.129,1.941
0.707,1.967
0.599,2.017
0.61,1.895
0.24,2.124
-0.066,1.747
-0.372,-0.881
-0.464,-1.644
-1.134,0.28
-1.117,-2.024
-1.56,-1.036
-3.026,-1.871
2.776,0.126
1.943,1.435
1.649,0.711
1.193,-1.158
0.72,-1.497
2.181,-2.425
2.123,2.014
0.274,1.781
0.25,-0.416
0.103,-0.734
0.183,-0.873
0.115,1.686
0.002,-1.047
-0.127,1.283
-0.006,-1.99
-0.079,0.904
-0.101,-0.549
-0.103,0.792
-0.164,0.42
-0.256,0.895
-0.367,0.737
-0.276,-0.378
-0.475,1.586
-0.518,-0.512
-0.578,-1.292
-0.599,0.803
-0.749,-2.211
-0.809,-0.156
-0.714,-0.306
-0.824,-1.936
-0.935,0.228
-0.93,-0.161
-1.244,0.476
-1.131,1.474
-1.253,-0.255
-1.273,1.673
-1.332,1.583
-1.438,-0.586
-1.506,0.398
-1.523,-0.407
-1.757,1.724
-1.737,-2.096
-1.751,-1.89
-1.978,1.473
-1.888,-1.636
-2.086,-2.012
-2.246,-0.041
-2.243,-0.826
-2.183,-1.045
-2.195,-2.194
-2.244,0.61
-2.272,-1.094
-2.417,-0.681
-2.415,1.599
-2.37,-1.142
-2.821,-1.692
-2.692,-1.124
-2.797,0.09
-2.793,-0.905
-2.919,-1.844
-2.826,1.312
-2.909,-0.663
-2.948,1.139
-3.127,-0.229
3.113,-0.247
3.113,1.607
-3.107,0.982
3.025,-1.078
3.02,-1.093
-3.13,-1.533
2.996,-0.376
3.104,1.713
3.09,0.572
2.955,-1.739
3.071,0.477
3.054,0.649
3.066,-1.138
2.966,-0.987
2.857,0.114
2.787,0.879
2.864,-2.182
2.853,0.201
2.731,1.76
2.684,-0.17
2.795,-1.897
2.717,-0.367
2.655,-0.647
2.468,1.425
2.503,-2.066
2.472,1.138
2.338,-1.6
2.435,-0.901
2.323,0.54
2.396,-1.883
2.223,0.119
2.183,-2.023
2.301,0.608
2.165,-1.975
2.103,-1.951
1.967,0.159
2.079,-0.81
1.956,-2.074
2.003,-2.226
1.999,-1.949
1.961,-0.874
1.797,0.72
1.626,1.414
1.515,-0.483
1.497,-0.759
1.491,-0.715
1.493,0.229
1.487,0.176
1.465,0.111
1.358,-0.057
1.326,-1.458
1.291,0.035
1.228,-1.546
1.186,-0.749
1.128,-0.248
0.817,-0.917
0.922,-0.882
0.651,-0.804
0.773,-0.47
0.722,-1.089
0.599,-2.079
0.406,1.577
0.53,-0.196
0.382,0.028
0.372,-1.907
0.454,1.244
0.287,-1.38
0.284,0.685
0.271,1.289
0.174,-0.148
0.265,-0.555
-0.023,-2.432
-0.493,-2.201
-0.726,-2.483
-1.041,-2.539
-1.159,-2.488
-1.569,-2.284
-2.204,-2.551
-2.681,-2.495
-2.875,-2.346
1.744,-2.16
1.544,-2.447
1.507,-2.556
1.215,-2.389
1.272,-2.364
0.169,-2.391
-0.015,1.79
-0.087,1.892
-0.513,2.077
-0.973,1.997
-2.098,2.094
-2.467,1.791
-2.33,1.797
-2.688,1.834
-2.565,1.915
-2.8,2.132
-2.967,2.105
-3.089,1.832
2.804,1.95
2.659,1.867
2.774,2.23
2.781,1.948
2.297,2.111
1.965,2.259
1.702,2.182
1.27,2.042
0.811,2.011
0.705,2.057
0.666,2.019
-2.761,-0.35
3.074,-0.948
1.841,-2.115
1.579,-0.797
1.244,-0.112
-2.005,0.435
2.806,1.179
0.725,0.132
0.704,-0.069
0.648,0.275
0.426,-1.188
-0.282,0.776
-1.262,-0.848
-1.357,-0.56
-1.506,-0.051
-1.241,-2.42
3.022,-1.944
2.803,1.899
1.038,1.475
0.95,1.708
0.722,1.635
0.797,1.454
1.696,1.619
2.166,2.066
-0.066,-2.517
0.011,-0.933
-0.033,-0.01
-0.061,0.376
-0.105,-0.015
-0.18,-1.57
-0.17,0.301
-0.201,-0.644
-0.212,-0.232
-0.246,-3.035
-0.246,-1.517
-0.193,-0.998
-0.2,-0.753
-0.354,-0.742
-0.4,0.332
-0.391,-0.683
-0.511,-0.659
-0.433,-0.278
-0.524,0.039
-0.51,-0.513
-0.504,-0.299
-0.667,-3.386
-0.644,-2.706
-0.662,0.261
-0.737,-2.355
-0.709,-1.202
-0.799,-3.068
-0.802,-2.639
-0.817,-3.066
-0.858,-1.002
-0.791,-3.007
-0.905,-0.373
-0.842,-1.029
-0.956,-0.914
-0.895,-3.402
-0.89,-3.38
-0.919,-0.357
-0.915,0.473
-1.006,-0.575
-0.965,-2.751
-0.984,-2.644
-1.09,0.307
-1.137,0.456
-1.067,-1.255
-1.109,-2.548
-1.184,-1.819
-1.11,-1.761
-1.214,0.076
-1.202,-2.555
-1.172,-2.081
-1.259,-2.039
-1.335,-1.94
-1.35,-1.861
-1.359,-1.281
-1.4,-2.267
-1.462,-2.229
-1.57,-0.264
-1.665,-1.264
-1.778,-1.933
-1.718,-0.314
-1.777,-2.29
-1.872,-2.775
-1.865,-2.63
-1.913,-1.094
-1.849,-1.486
-1.89,-1.543
-1.989,-0.304
-1.986,-2.575
-2.051,-3.49
-2.08,-2.814
-2.036,-2.372
-2.091,-1.669
-2.21,-0.458
-2.228,-0.513
-2.244,-0.061
-2.226,-1.471
-2.25,0.169
-2.319,-2.376
-2.336,0.456
-2.393,-0.369
-2.429,-1.826
-2.417,-1.768
-2.496,-0.935
-2.563,-2.509
-2.594,-1.387
-2.602,-1.993
-2.543,-1.079
-2.658,-2.556
-2.586,-0.226
-2.658,0.312
-2.739,-1.555
-2.747,-0.699
-2.684,-1.337
-2.748,-0.911
-2.806,-3.015
-2.796,-0.644
-2.845,-3.13
-2.921,-3.351
-2.922,-0.362
-2.942,-1.934
-3.007,-1.176
-2.976,-3.385
-2.984,-1.237
-2.983,-1.289
-2.998,0.148
-3.01,-0.074
-3.014,-1.597
-3.032,-1.843
-3.112,-2.598
-3.105,-1.556
-3.105,-2.16
-3.044,-1.634
-3.109,-0.992
3.134,-0.473
3.066,-1.753
3.111,-2.054
3.012,-3.242
2.99,-2.358
2.99,-3.091
3.051,0.365
3.011,-0.972
2.934,-0.002
2.946,-1.76
2.908,0.486
2.887,-1.266
2.94,-1.792
2.926,-0.711
2.838,0.037
2.826,0.137
2.791,-2.567
2.866,-2.214
2.789,-2.828
2.84,-1.153
2.792,-0.679
2.766,-1.057
2.697,-3.183
2.701,-3.392
2.692,-1.118
2.645,-0.625
2.604,-0.09
2.668,-1.326
2.605,-2.775
2.59,-0.955
2.496,0.362
2.482,-2.054
2.421,-1.741
2.36,-1.777
2.352,-2.262
2.39,-1.186
2.322,-1.505
2.387,0.059
2.345,-0.262
2.295,-3.334
2.216,-0.122
2.152,-2.634
2.161,-1.439
2.193,-0.48
2.126,-1.891
1.975,0.428
1.893,-2.505
1.877,-3.296
1.868,0.011
1.855,-3.113
1.772,-2.601
1.676,-1.416
1.707,-1.294
1.616,-1.475
1.646,0.32
1.589,-1.178
1.517,-1.944
1.507,-0.393
1.493,-2.027
1.419,-0.288
1.471,-0.689
1.388,-0.89
1.369,-1.994
1.357,-1.265
1.394,-1.78
1.356,-1.94
1.339,-2.154
1.281,-2.538
1.293,-0.125
1.256,-1.395
1.266,-0.921
1.236,-3.431
1.218,-1.185
1.113,-1.371
1.079,-1.055
1.095,-0.762
1.031,-1.772
0.895,-3.244
0.826,-2.334
0.789,-2.141
0.849,-1.963
0.827,-2.232
0.76,-3.353
0.733,-0.992
0.728,-0.884
0.649,-1.77
0.679,-1.087
0.601,0.283
0.655,-1.631
0.675,-0.62
0.596,-1.311
0.635,-3.453
0.59,-1.965
0.648,-3.029
0.609,-2.125
0.498,-2.327
0.491,-1.945
0.423,-1.998
0.476,-2.417
0.449,-1.794
0.396,-1.43
0.428,-2.024
0.445,-1.396
0.427,-3.312
0.412,-2.306
0.384,-0.807
0.384,-1.736
0.386,-1.246
0.349,-0.76
0.345,0.238
0.316,-3.391
-0.38,-3.508
-0.428,-3.445
-1.312,-3.586
-1.663,-3.547
-2.344,-3.679
-2.327,-3.54
-2.847,-3.782
-2.857,-3.526
-2.887,-3.577
2.31,-3.774
1.769,-3.535
1.572,-3.755
1.01,-3.608
0.602,-3.91
0.235,0.854
0.196,0.746
0.013,0.579
-0.426,0.633
-0.416,0.899
-0.865,0.942
-1.253,0.784
-1.49,0.564
-1.479,0.862
-2.088,0.81
-2.207,0.699
-2.332,0.62
-2.427,0.577
-2.956,0.747
3.034,0.65
2.823,0.807
2.579,0.968
2.498,0.68
1.748,0.991
1.507,0.54
1.226,0.676
0.804,0.702
0.696,0.752
0.707,0.63
0.337,0.859
0.031,0.482
-0.275,-2.146
-0.367,-2.909
-1.037,-0.985
-1.02,-3.289
-1.463,-2.301
-2.929,-3.136
2.873,-1.139
2.04,0.17
1.746,-0.554
1.29,-2.423
0.817,-2.762
2.278,-3.69
2.22,0.749
0.371,0.516
0.347,-1.681
0.2,-1.999
0.28,-2.138
0.212,0.421
0.099,-2.312
-0.03,0.018
0.091,-3.255
0.018,-0.361
-0.004,-1.814
-0.006,-0.473
-0.067,-0.845
-0.159,-0.37
-0.27,-0.528
-0.179,-1.643
-0.378,0.321
-0.421,-1.777
-0.481,-2.557
-0.502,-0.462
-0.652,-3.476
-0.712,-1.421
-0.617,-1.571
-0.727,-3.201
-0.838,-1.037
-0.833,-1.426
-1.147,-0.789
-1.034,0.209
-1.156,-1.52
-1.176,0.408
-1.235,0.318
-1.341,-1.851
-1.409,-0.867
-1.426,-1.672
-1.66,0.459
-1.64,-3.361
-1.654,-3.155
-1.881,0.208
-1.791,-2.901
-1.989,-3.277
-2.149,-1.306
-2.146,-2.091
-2.086,-2.31
-2.098,-3.459
-2.147,-0.655
-2.175,-2.359
-2.32,-1.946
-2.318,0.334
-2.273,-2.407
-2.724,-2.957
-2.595,-2.389
-2.7,-1.175
-2.696,-2.17
-2.822,-3.109
-2.729,0.047
-2.812,-1.928
-2.851,-0.126
-3.03,-1.494
-3.073,-1.512
-3.073,0.342
-3.01,-0.283
3.122,-2.343
3.117,-2.358
-3.033,-2.798
3.093,-1.641
-3.082,0.448
-3.096,-0.693
3.052,-3.004
-3.115,-0.788
-3.132,-0.616
-3.12,-2.403
3.063,-2.252
2.954,-1.151
2.884,-0.386
2.961,-3.447
2.95,-1.064
2.828,0.495
2.781,-1.435
2.892,-3.162
2.814,-1.632
2.752,-1.912
2.565,0.16
2.6,-3.331
2.569,-0.127
2.435,-2.865
2.532,-2.166
2.42,-0.725
2.493,-3.148
2.32,-1.146
2.28,-3.288
2.398,-0.657
2.262,-3.24
2.2,-3.216
2.064,-1.106
2.176,-2.075
2.053,-3.339
2.1,-3.491
2.096,-3.214
2.058,-2.139
1.894,-0.545
1.723,0.149
1.612,-1.748
1.594,-2.024
1.588,-1.98
1.59,-1.036
1.584,-1.089
1.562,-1.154
1.455,-1.322
1.423,-2.723
1.388,-1.23
1.325,-2.811
1.283,-2.014
1.225,-1.513
0.914,-2.182
1.019,-2.147
0.748,-2.069
0.87,-1.735
0.819,-2.354
0.696,-3.344
0.503,0.312
0.627,-1.461
0.479,-1.237
0.469,-3.172
0.551,-0.021
0.384,-2.645
0.381,-0.58
0.368,0.024
0.271,-1.413
0.362,-1.82
0.074,-3.697
-0.396,-3.466
-0.629,-3.748
-0.944,-3.804
-1.062,-3.753
-1.472,-3.549
-2.107,-3.816
-2.584,-3.76
-2.778,-3.611
1.841,-3.425
1.641,-3.712
1.604,-3.821
1.312,-3.654
1.369,-3.629
0.266,-3.656
0.082,0.525
0.01,0.627
-0.416,0.812
-0.876,0.732
-2.001,0.829
-2.37,0.526
-2.233,0.532
-2.591,0.569
-2.468,0.65
-2.703,0.867
-2.87,0.84
-2.992,0.567
2.901,0.685
2.756,0.602
2.871,0.965
2.878,0.683
2.394,0.846
2.062,0.994
1.799,0.917
1.367,0.777
0.908,0.746
0.802,0.792
0.763,0.754
-2.664,-1.615
-3.112,-2.213
1.938,-3.38
1.676,-2.062
1.341,-1.377
-1.908,-0.83
2.903,-0.086
0.822,-1.133
0.801,-1.334
0.745,-0.99
0.523,-2.453
-0.185,-0.489
-1.165,-2.113
-1.26,-1.825
-1.409,-1.316
-1.144,-3.685
3.119,-3.209
2.9,0.634
1.135,0.21
1.047,0.443
0.819,0.37
0.894,0.189
1.793,0.354
2.263,0.801
0.077,1.584
0.033,2.507
0.005,2.893
-0.039,2.502
-0.114,0.947
-0.104,2.818
-0.135,1.873
-0.146,2.285
-0.18,-0.518
-0.18,1.0
-0.127,1.519
-0.134,1.764
-0.288,1.775
-0.334,2.849
-0.325,1.834
-0.445,1.858
-0.367,2.239
-0.458,2.556
-0.444,2.004
-0.438,2.218
-0.601,-0.869
-0.578,-0.189
-0.596,2.778
-0.671,0.162
-0.643,1.315
-0.733,-0.551
-0.736,-0.122
-0.751,-0.549
-0.792,1.515
-0.725,-0.49
-0.839,2.144
-0.776,1.488
-0.89,1.603
-0.829,-0.885
-0.824,-0.863
-0.853,2.16
-0.849,2.99
-0.94,1.942
-0.899,-0.234
-0.918,-0.127
-1.024,2.824
-1.071,2.973
-1.001,1.262
-1.043,-0.031
-1.118,0.698
-1.044,0.756
-1.148,2.593
-1.136,-0.038
-1.106,0.436
-1.193,0.478
-1.269,0.577
-1.284,0.656
-1.293,1.236
-1.334,0.25
-1.396,0.288
-1.504,2.253
-1.599,1.253
-1.712,0.584
-1.652,2.203
-1.711,0.227
-1.806,-0.258
-1.799,-0.113
-1.847,1.423
-1.783,1.031
-1.824,0.974
-1.923,2.213
-1.92,-0.058
-1.985,-0.973
-2.014,-0.297
-1.97,0.145
-2.025,0.848
-2.144,2.059
-2.162,2.004
-2.178,2.456
-2.16,1.046
-2.184,2.686
-2.253,0.141
-2.27,2.973
-2.327,2.148
-2.363,0.691
-2.351,0.749
-2.43,1.582
-2.497,0.008
-2.528,1.13
-2.536,0.524
-2.477,1.438
-2.592,-0.039
-2.52,2.291
-2.592,2.829
-2.673,0.962
-2.681,1.818
-2.618,1.18
-2.682,1.606
-2.74,-0.498
-2.73,1.873
-2.779,-0.613
-2.855,-0.834
-2.856,2.155
-2.876,0.583
-2.941,1.341
-2.91,-0.868
-2.918,1.28
-2.917,1.228
-2.932,2.665
-2.944,2.443
-2.948,0.92
-2.966,0.674
-3.046,-0.081
-3.039,0.961
-3.039,0.357
-2.978,0.883
-3.043,1.525
-3.083,2.044
3.132,0.764
-3.106,0.463
3.078,-0.725
3.056,0.159
3.056,-0.574
3.117,2.882
3.077,1.545
3.0,2.515
3.012,0.757
2.974,3.003
2.953,1.251
3.006,0.725
2.992,1.806
2.904,2.554
2.892,2.654
2.857,-0.05
2.932,0.303
2.855,-0.311
2.906,1.364
2.858,1.838
2.832,1.46
2.763,-0.666
2.767,-0.875
2.758,1.399
2.711,1.892
2.67,2.427
2.734,1.191
2.671,-0.258
2.656,1.562
2.562,2.879
2.548,0.463
2.487,0.776
2.426,0.74
2.418,0.255
2.456,1.331
2.388,1.012
2.453,2.576
2.411,2.255
2.361,-0.817
2.282,2.395
2.218,-0.117
2.227,1.078
2.259,2.037
2.192,0.626
2.041,2.945
1.959,0.012
1.943,-0.779
1.934,2.528
1.921,-0.596
1.838,-0.084
1.742,1.101
1.773,1.223
1.682,1.042
1.712,2.837
1.655,1.339
1.583,0.573
1.573,2.124
1.559,0.49
1.485,2.229
1.537,1.828
1.454,1.627
1.435,0.523
1.423,1.252
1.46,0.737
1.422,0.577
1.405,0.363
1.347,-0.021
1.359,2.392
1.322,1.122
1.332,1.596
1.302,-0.914
1.284,1.332
1.179,1.146
1.145,1.462
1.161,1.755
1.097,0.745
0.961,-0.727
0.892,0.183
0.855,0.376
0.915,0.554
0.893,0.285
0.826,-0.836
0.799,1.525
0.794,1.633
0.715,0.747
0.745,1.43
0.667,2.8
0.721,0.886
0.741,1.897
0.662,1.206
0.701,-0.936
0.656,0.552
0.714,-0.512
0.675,0.392
0.564,0.19
0.557,0.572
0.489,0.519
0.542,0.1
0.515,0.723
0.462,1.087
0.494,0.493
0.511,1.121
0.493,-0.795
0.478,0.211
0.45,1.71
0.45,0.781
0.452,1.271
0.415,1.757
0.411,2.755
0.382,-0.874
-0.314,-0.991
-0.362,-0.928
-1.246,-1.069
-1.597,-1.03
-2.278,-1.162
-2.261,-1.023
-2.781,-1.265
-2.791,-1.009
-2.821,-1.06
2.376,-1.257
1.835,-1.018
1.638,-1.238
1.076,-1.091
0.668,-1.393
0.301,3.371
0.262,3.263
0.079,3.096
-0.36,3.15
-0.35,3.416
-0.799,3.459
-1.187,3.301
-1.424,3.081
-1.413,3.379
-2.022,3.327
-2.141,3.216
-2.266,3.137
-2.361,3.094
-2.89,3.264
3.1,3.167
2.889,3.324
2.645,3.485
2.564,3.197
1.814,3.508
1.573,3.057
1.292,3.193
0.87,3.219
0.762,3.269
0.773,3.147
0.403,3.376
0.097,2.999
-0.209,0.371
-0.301,-0.392
-0.971,1.532
-0.954,-0.772
-1.397,0.216
-2.863,-0.619
2.939,1.378
2.106,2.687
1.812,1.963
1.356,0.094
0.883,-0.245
2.344,-1.173
2.286,3.266
0.437,3.033
0.413,0.836
0.266,0.518
0.346,0.379
0.278,2.938
0.165,0.205
0.036,2.535
0.157,-0.738
0.084,2.156
0.062,0.703
0.06,2.044
-0.001,1.672
-0.093,2.147
-0.204,1.989
-0.113,0.874
-0.312,2.838
-0.355,0.74
-0.415,-0.04
-0.436,2.055
-0.586,-0.959
-0.646,1.096
-0.551,0.946
-0.661,-0.684
-0.772,1.48
-0.767,1.091
-1.081,1.728
-0.968,2.726
-1.09,0.997
-1.11,2.925
-1.169,2.835
-1.275,0.666
-1.343,1.65
-1.36,0.845
-1.594,2.976
-1.574,-0.844
-1.588,-0.638
-1.815,2.725
-1.725,-0.384
-1.923,-0.76
-2.083,1.211
-2.08,0.426
-2.02,0.207
-2.032,-0.942
-2.081,1.862
-2.109,0.158
-2.254,0.571
-2.252,2.851
-2.207,0.11
-2.658,-0.44
-2.529,0.128
-2.634,1.342
-2.63,0.347
-2.756,-0.592
-2.663,2.564
-2.746,0.589
-2.785,2.391
-2.964,1.023
-3.007,1.005
-3.007,2.859
-2.944,2.234
-3.095,0.174
-3.1,0.159
-2.967,-0.281
-3.124,0.876
-3.016,2.965
-3.03,1.824
3.118,-0.487
-3.049,1.729
-3.066,1.901
-3.054,0.114
3.129,0.265
3.02,1.366
2.95,2.131
3.027,-0.93
3.016,1.453
2.894,3.012
2.847,1.082
2.958,-0.645
2.88,0.885
2.818,0.605
2.631,2.677
2.666,-0.814
2.635,2.39
2.501,-0.348
2.598,0.351
2.486,1.792
2.559,-0.631
2.386,1.371
2.346,-0.771
2.464,1.86
2.328,-0.723
2.266,-0.699
2.13,1.411
2.242,0.442
2.119,-0.822
2.166,-0.974
2.162,-0.697
2.124,0.378
1.96,1.972
1.789,2.666
1.678,0.769
1.66,0.493
1.654,0.537
1.656,1.481
1.65,1.428
1.628,1.363
1.521,1.195
1.489,-0.206
1.454,1.287
1.391,-0.294
1.349,0.503
1.291,1.004
0.98,0.335
1.085,0.37
0.814,0.448
0.936,0.782
0.885,0.163
0.762,-0.827
0.569,2.829
0.693,1.056
0.545,1.28
0.535,-0.655
0.617,2.496
0.45,-0.128
0.447,1.937
0.434,2.541
0.337,1.104
0.428,0.697
0.14,-1.18
-0.33,-0.949
-0.563,-1.231
-0.878,-1.287
-0.996,-1.236
-1.406,-1.032
-2.041,-1.299
-2.518,-1.243
-2.712,-1.094
1.907,-0.908
1.707,-1.195
1.67,-1.304
1.378,-1.137
1.435,-1.112
0.332,-1.139
0.148,3.042
0.076,3.144
-0.35,3.329
-0.81,3.249
-1.935,3.346
-2.304,3.043
-2.167,3.049
-2.525,3.086
-2.402,3.167
-2.637,3.384
-2.804,3.357
-2.926,3.084
2.967,3.202
2.822,3.119
2.937,3.482
2.944,3.2
2.46,3.363
2.128,3.511
1.865,3.434
1.433,3.294
0.974,3.263
0.868,3.309
0.829,3.271
-2.598,0.902
-3.046,0.304
2.004,-0.863
1.742,0.455
1.407,1.14
-1.842,1.687
2.969,2.431
0.888,1.384
0.867,1.183
0.811,1.527
0.589,0.064
-0.119,2.028
-1.099,0.404
-1.194,0.692
-1.343,1.201
-1.078,-1.168
-3.098,-0.692
2.966,3.151
1.201,2.727
1.113,2.96
0.885,2.887
0.96,2.706
1.859,2.871
2.329,3.318
-0.044,0.923
-0.072,1.309
-0.116,0.918
-0.191,-0.637
-0.181,1.234
-0.212,0.289
-0.223,0.701
-0.257,-2.102
-0.257,-0.584
-0.204,-0.065
-0.211,0.18
-0.365,0.191
-0.411,1.265
-0.402,0.25
-0.522,0.274
-0.444,0.655
-0.535,0.972
-0.521,0.42
-0.515,0.634
-0.678,-2.453
-0.655,-1.773
-0.673,1.194
-0.748,-1.422
-0.72,-0.269
-0.81,-2.135
-0.813,-1.706
-0.828,-2.133
-0.869,-0.069
-0.802,-2.074
-0.916,0.56
-0.853,-0.096
-0.967,0.019
-0.906,-2.469
-0.901,-2.447
-0.93,0.576
-0.926,1.406
-1.017,0.358
-0.976,-1.818
-0.995,-1.711
-1.101,1.24
-1.148,1.389
-1.078,-0.322
-1.12,-1.615
-1.195,-0.886
-1.121,-0.828
-1.225,1.009
-1.213,-1.622
-1.183,-1.148
-1.27,-1.106
-1.346,-1.007
-1.361,-0.928
-1.37,-0.348
-1.411,-1.334
-1.473,-1.296
-1.581,0.669
-1.676,-0.331
-1.789,-1.0
-1.729,0.619
-1.788,-1.357
-1.883,-1.842
-1.876,-1.697
-1.924,-0.161
-1.86,-0.553
-1.901,-0.61
-2.0,0.629
-1.997,-1.642
-2.062,-2.557
-2.091,-1.881
-2.047,-1.439
-2.102,-0.736
-2.221,0.475
-2.239,0.42
-2.255,0.872
-2.237,-0.538
-2.261,1.102
-2.33,-1.443
-2.347,1.389
-2.404,0.564
-2.44,-0.893
-2.428,-0.835
-2.507,-0.002
-2.574,-1.576
-2.605,-0.454
-2.613,-1.06
-2.554,-0.146
-2.669,-1.623
-2.597,0.707
-2.669,1.245
-2.75,-0.622
-2.758,0.234
-2.695,-0.404
-2.759,0.022
-2.817,-2.082
-2.807,0.289
-2.856,-2.197
-2.932,-2.418
-2.933,0.571
-2.953,-1.001
-3.018,-0.243
-2.987,-2.452
-2.995,-0.304
-2.994,-0.356
-3.009,1.081
-3.021,0.859
-3.025,-0.664
-3.043,-0.91
-3.123,-1.665
-3.116,-0.623
-3.116,-1.227
-3.055,-0.701
-3.12,-0.059
3.123,0.46
3.055,-0.82
3.1,-1.121
3.001,-2.309
2.979,-1.425
2.979,-2.158
3.04,1.298
3.0,-0.039
2.923,0.931
2.935,-0.827
2.897,1.419
2.876,-0.333
2.929,-0.859
2.915,0.222
2.827,0.97
2.815,1.07
2.78,-1.634
2.855,-1.281
2.778,-1.895
2.829,-0.22
2.781,0.254
2.755,-0.124
2.686,-2.25
2.69,-2.459
2.681,-0.185
2.634,0.308
2.593,0.843
2.657,-0.393
2.594,-1.842
2.579,-0.022
2.485,1.295
2.471,-1.121
2.41,-0.808
2.349,-0.844
2.341,-1.329
2.379,-0.253
2.311,-0.572
2.376,0.992
2.334,0.671
2.284,-2.401
2.205,0.811
2.141,-1.701
2.15,-0.506
2.182,0.453
2.115,-0.958
1.964,1.361
1.882,-1.572
1.866,-2.363
1.857,0.944
1.844,-2.18
1.761,-1.668
1.665,-0.483
1.696,-0.361
1.605,-0.542
1.635,1.253
1.578,-0.245
1.506,-1.011
1.496,0.54
1.482,-1.094
1.408,0.645
1.46,0.244
1.377,0.043
1.358,-1.061
1.346,-0.332
1.383,-0.847
1.345,-1.007
1.328,-1.221
1.27,-1.605
1.282,0.808
1.245,-0.462
1.255,0.012
1.225,-2.498
1.207,-0.252
1.102,-0.438
1.068,-0.122
1.084,0.171
1.02,-0.839
0.884,-2.311
0.815,-1.401
0.778,-1.208
0.838,-1.03
0.816,-1.299
0.749,-2.42
0.722,-0.059
0.717,0.049
0.638,-0.837
0.668,-0.154
0.59,1.216
0.644,-0.698
0.664,0.313
0.585,-0.378
0.624,-2.52
0.579,-1.032
0.637,-2.096
0.598,-1.192
0.487,-1.394
0.48,-1.012
0.412,-1.065
0.465,-1.484
0.438,-0.861
0.385,-0.497
0.417,-1.091
0.434,-0.463
0.416,-2.379
0.401,-1.373
0.373,0.126
0.373,-0.803
0.375,-0.313
0.338,0.173
0.334,1.171
0.305,-2.458
-0.391,-2.575
-0.439,-2.512
-1.323,-2.653
-1.674,-2.614
-2.355,-2.746
-2.338,-2.607
-2.858,-2.849
-2.868,-2.593
-2.898,-2.644
2.299,-2.841
1.758,-2.602
1.561,-2.822
0.999,-2.675
0.591,-2.977
0.224,1.787
0.185,1.679
0.002,1.512
-0.437,1.566
-0.427,1.832
-0.876,1.875
-1.264,1.717
-1.501,1.497
-1.49,1.795
-2.099,1.743
-2.218,1.632
-2.343,1.553
-2.438,1.51
-2.967,1.68
3.023,1.583
2.812,1.74
2.568,1.901
2.487,1.613
1.737,1.924
1.496,1.473
1.215,1.609
0.793,1.635
0.685,1.685
0.696,1.563
0.326,1.792
0.02,1.415
-0.286,-1.213
-0.378,-1.976
-1.048,-0.052
-1.031,-2.356
-1.474,-1.368
-2.94,-2.203
2.862,-0.206
2.029,1.103
1.735,0.379
1.279,-1.49
0.806,-1.829
2.267,-2.757
2.209,1.682
0.36,1.449
0.336,-0.748
0.189,-1.066
0.269,-1.205
0.201,1.354
0.088,-1.379
-0.041,0.951
0.08,-2.322
0.007,0.572
-0.015,-0.881
-0.017,0.46
-0.078,0.088
-0.17,0.563
-0.281,0.405
-0.19,-0.71
-0.389,1.254
-0.432,-0.844
-0.492,-1.624
-0.513,0.471
-0.663,-2.543
-0.723,-0.488
-0.628,-0.638
-0.738,-2.268
-0.849,-0.104
-0.844,-0.493
-1.158,0.144
-1.045,1.142
-1.167,-0.587
-1.187,1.341
-1.246,1.251
-1.352,-0.918
-1.42,0.066
-1.437,-0.739
-1.671,1.392
-1.651,-2.428
-1.665,-2.222
-1.892,1.141
-1.802,-1.968
-2.0,-2.344
-2.16,-0.373
-2.157,-1.158
-2.097,-1.377
-2.109,-2.526
-2.158,0.278
-2.186,-1.426
-2.331,-1.013
-2.329,1.267
-2.284,-1.474
-2.735,-2.024
-2.606,-1.456
-2.711,-0.242
-2.707,-1.237
-2.833,-2.176
-2.74,0.98
-2.823,-0.995
-2.862,0.807
-3.041,-0.561
-3.084,-0.579
-3.084,1.275
-3.021,0.65
3.111,-1.41
3.106,-1.425
-3.044,-1.865
3.082,-0.708
-3.093,1.381
-3.107,0.24
3.041,-2.071
-3.126,0.145
3.14,0.317
-3.131,-1.47
3.052,-1.319
2.943,-0.218
2.873,0.547
2.95,-2.514
2.939,-0.131
2.817,1.428
2.77,-0.502
2.881,-2.229
2.803,-0.699
2.741,-0.979
2.554,1.093
2.589,-2.398
2.558,0.806
2.424,-1.932
2.521,-1.233
2.409,0.208
2.482,-2.215
2.309,-0.213
2.269,-2.355
2.387,0.276
2.251,-2.307
2.189,-2.283
2.053,-0.173
2.165,-1.142
2.042,-2.406
2.089,-2.558
2.085,-2.281
2.047,-1.206
1.883,0.388
1.712,1.082
1.601,-0.815
1.583,-1.091
1.577,-1.047
1.579,-0.103
1.573,-0.156
1.551,-0.221
1.444,-0.389
1.412,-1.79
1.377,-0.297
1.314,-1.878
1.272,-1.081
1.214,-0.58
0.903,-1.249
1.008,-1.214
0.737,-1.136
0.859,-0.802
0.808,-1.421
0.685,-2.411
0.492,1.245
0.616,-0.528
0.468,-0.304
0.458,-2.239
0.54,0.912
0.373,-1.712
0.37,0.353
0.357,0.957
0.26,-0.48
0.351,-0.887
0.063,-2.764
-0.407,-2.533
-0.64,-2.815
-0.955,-2.871
-1.073,-2.82
-1.483,-2.616
-2.118,-2.883
-2.595,-2.827
-2.789,-2.678
1.83,-2.492
1.63,-2.779
1.593,-2.888
1.301,-2.721
1.358,-2.696
0.255,-2.723
0.071,1.458
-0.001,1.56
-0.427,1.745
-0.887,1.665
-2.012,1.762
-2.381,1.459
-2.244,1.465
-2.602,1.502
-2.479,1.583
-2.714,1.8
-2.881,1.773
-3.003,1.5
2.89,1.618
2.745,1.535
2.86,1.898
2.867,1.616
2.383,1.779
2.051,1.927
1.788,1.85
1.356,1.71
0.897,1.679
0.791,1.725
0.752,1.687
-2.675,-0.682
-3.123,-1.28
1.927,-2.447
1.665,-1.129
1.33,-0.444
-1.919,0.103
2.892,0.847
0.811,-0.2
0.79,-0.401
0.734,-0.057
0.512,-1.52
-0.196,0.444
-1.176,-1.18
-1.271,-0.892
-1.42,-0.383
-1.155,-2.752
3.108,-2.276
2.889,1.567
1.124,1.143
1.036,1.376
0.808,1.303
0.883,1.122
1.782,1.287
2.252,1.734
-0.028,0.386
-0.072,-0.005
-0.147,-1.56
-0.137,0.311
-0.168,-0.634
-0.179,-0.222
-0.213,-3.025
-0.213,-1.507
-0.16,-0.988
-0.167,-0.743
-0.321,-0.732
-0.367,0.342
-0.358,-0.673
-0.478,-0.649
-0.4,-0.268
-0.491,0.049
-0.477,-0.503
-0.471,-0.289
-0.634,-3.376
-0.611,-2.696
-0.629,0.271
-0.704,-2.345
-0.676,-1.192
-0.766,-3.058
-0.769,-2.629
-0.784,-3.056
-0.825,-0.992
-0.758,-2.997
-0.872,-0.363
-0.809,-1.019
-0.923,-0.904
-0.862,-3.392
-0.857,-3.37
-0.886,-0.347
-0.882,0.483
-0.973,-0.565
-0.932,-2.741
-0.951,-2.634
-1.057,0.317
-1.104,0.466
-1.034,-1.245
-1.076,-2.538
-1.151,-1.809
-1.077,-1.751
-1.181,0.086
-1.169,-2.545
-1.139,-2.071
-1.226,-2.029
-1.302,-1.93
-1.317,-1.851
-1.326,-1.271
-1.367,-2.257
-1.429,-2.219
-1.537,-0.254
-1.632,-1.254
-1.745,-1.923
-1.685,-0.304
-1.744,-2.28
-1.839,-2.765
-1.832,-2.62
-1.88,-1.084
-1.816,-1.476
-1.857,-1.533
-1.956,-0.294
-1.953,-2.565
-2.018,-3.48
-2.047,-2.804
-2.003,-2.362
-2.058,-1.659
-2.177,-0.448
-2.195,-0.503
-2.211,-0.051
-2.193,-1.461
-2.217,0.179
-2.286,-2.366
-2.303,0.466
-2.36,-0.359
-2.396,-1.816
-2.384,-1.758
-2.463,-0.925
-2.53,-2.499
-2.561,-1.377
-2.569,-1.983
-2.51,-1.069
-2.625,-2.546
-2.553,-0.216
-2.625,0.322
-2.706,-1.545
-2.714,-0.689
-2.651,-1.327
-2.715,-0.901
-2.773,-3.005
-2.763,-0.634
-2.812,-3.12
-2.888,-3.341
-2.889,-0.352
-2.909,-1.924
-2.974,-1.166
-2.943,-3.375
-2.951,-1.227
-2.95,-1.279
-2.965,0.158
-2.977,-0.064
-2.981,-1.587
-2.999,-1.833
-3.079,-2.588
-3.072,-1.546
-3.072,-2.15
-3.011,-1.624
-3.076,-0.982
-3.116,-0.463
3.099,-1.743
-3.139,-2.044
3.045,-3.232
3.023,-2.348
3.023,-3.081
3.084,0.375
3.044,-0.962
2.967,0.008
2.979,-1.75
2.941,0.496
2.92,-1.256
2.973,-1.782
2.959,-0.701
2.871,0.047
2.859,0.147
2.824,-2.557
2.899,-2.204
2.822,-2.818
2.873,-1.143
2.825,-0.669
2.799,-1.047
2.73,-3.173
2.734,-3.382
2.725,-1.108
2.678,-0.615
2.637,-0.08
2.701,-1.316
2.638,-2.765
2.623,-0.945
2.529,0.372
2.515,-2.044
2.454,-1.731
2.393,-1.767
2.385,-2.252
2.423,-1.176
2.355,-1.495
2.42,0.069
2.378,-0.252
2.328,-3.324
2.249,-0.112
2.185,-2.624
2.194,-1.429
2.226,-0.47
2.159,-1.881
2.008,0.438
1.926,-2.495
1.91,-3.286
1.901,0.021
1.888,-3.103
1.805,-2.591
1.709,-1.406
1.74,-1.284
1.649,-1.465
1.679,0.33
1.622,-1.168
1.55,-1.934
1.54,-0.383
1.526,-2.017
1.452,-0.278
1.504,-0.679
1.421,-0.88
1.402,-1.984
1.39,-1.255
1.427,-1.77
1.389,-1.93
1.372,-2.144
1.314,-2.528
1.326,-0.115
1.289,-1.385
1.299,-0.911
1.269,-3.421
1.251,-1.175
1.146,-1.361
1.112,-1.045
1.128,-0.752
1.064,-1.762
0.928,-3.234
0.859,-2.324
0.822,-2.131
0.882,-1.953
0.86,-2.222
0.793,-3.343
0.766,-0.982
0.761,-0.874
0.682,-1.76
0.712,-1.077
0.634,0.293
0.688,-1.621
0.708,-0.61
0.629,-1.301
0.668,-3.443
0.623,-1.955
0.681,-3.019
0.642,-2.115
0.531,-2.317
0.524,-1.935
0.456,-1.988
0.509,-2.407
0.482,-1.784
0.429,-1.42
0.461,-2.014
0.478,-1.386
0.46,-3.302
0.445,-2.296
0.417,-0.797
0.417,-1.726
0.419,-1.236
0.382,-0.75
0.378,0.248
0.349,-3.381
-0.347,-3.498
-0.395,-3.435
-1.279,-3.576
-1.63,-3.537
-2.311,-3.669
-2.294,-3.53
-2.814,-3.772
-2.824,-3.516
-2.854,-3.567
2.343,-3.764
1.802,-3.525
1.605,-3.745
1.043,-3.598
0.635,-3.9
0.268,0.864
0.229,0.756
0.046,0.589
-0.393,0.643
-0.383,0.909
-0.832,0.952
-1.22,0.794
-1.457,0.574
-1.446,0.872
-2.055,0.82
-2.174,0.709
-2.299,0.63
-2.394,0.587
-2.923,0.757
3.067,0.66
2.856,0.817
2.612,0.978
2.531,0.69
1.781,1.001
1.54,0.55
1.259,0.686
0.837,0.712
0.729,0.762
0.74,0.64
0.37,0.869
0.064,0.492
-0.242,-2.136
-0.334,-2.899
-1.004,-0.975
-0.987,-3.279
-1.43,-2.291
-2.896,-3.126
2.906,-1.129
2.073,0.18
1.779,-0.544
1.323,-2.413
0.85,-2.752
2.311,-3.68
2.253,0.759
0.404,0.526
0.38,-1.671
0.233,-1.989
0.313,-2.128
0.245,0.431
0.132,-2.302
0.003,0.028
0.124,-3.245
0.051,-0.351
0.029,-1.804
0.027,-0.463
-0.034,-0.835
-0.126,-0.36
-0.237,-0.518
-0.146,-1.633
-0.345,0.331
-0.388,-1.767
-0.448,-2.547
-0.469,-0.452
-0.619,-3.466
-0.679,-1.411
-0.584,-1.561
-0.694,-3.191
-0.805,-1.027
-0.8,-1.416
-1.114,-0.779
-1.001,0.219
-1.123,-1.51
-1.143,0.418
-1.202,0.328
-1.308,-1.841
-1.376,-0.857
-1.393,-1.662
-1.627,0.469
-1.607,-3.351
-1.621,-3.145
-1.848,0.218
-1.758,-2.891
-1.956,-3.267
-2.116,-1.296
-2.113,-2.081
-2.053,-2.3
-2.065,-3.449
-2.114,-0.645
-2.142,-2.349
-2.287,-1.936
-2.285,0.344
-2.24,-2.397
-2.691,-2.947
-2.562,-2.379
-2.667,-1.165
-2.663,-2.16
-2.789,-3.099
-2.696,0.057
-2.779,-1.918
-2.818,-0.116
-2.997,-1.484
-3.04,-1.502
-3.04,0.352
-2.977,-0.273
-3.128,-2.333
-3.133,-2.348
-3.0,-2.788
3.126,-1.631
-3.049,0.458
-3.063,-0.683
3.085,-2.994
-3.082,-0.778
-3.099,-0.606
-3.087,-2.393
3.096,-2.242
2.987,-1.141
2.917,-0.376
2.994,-3.437
2.983,-1.054
2.861,0.505
2.814,-1.425
2.925,-3.152
2.847,-1.622
2.785,-1.902
2.598,0.17
2.633,-3.321
2.602,-0.117
2.468,-2.855
2.565,-2.156
2.453,-0.715
2.526,-3.138
2.353,-1.136
2.313,-3.278
2.431,-0.647
2.295,-3.23
2.233,-3.206
2.097,-1.096
2.209,-2.065
2.086,-3.329
2.133,-3.481
2.129,-3.204
2.091,-2.129
1.927,-0.535
1.756,0.159
1.645,-1.738
1.627,-2.014
1.621,-1.97
1.623,-1.026
1.617,-1.079
1.595,-1.144
1.488,-1.312
1.456,-2.713
1.421,-1.22
1.358,-2.801
1.316,-2.004
1.258,-1.503
0.947,-2.172
1.052,-2.137
0.781,-2.059
0.903,-1.725
0.852,-2.344
0.729,-3.334
0.536,0.322
0.66,-1.451
0.512,-1.227
0.502,-3.162
0.584,-0.011
0.417,-2.635
0.414,-0.57
0.401,0.034
0.304,-1.403
0.395,-1.81
0.107,-3.687
-0.363,-3.456
-0.596,-3.738
-0.911,-3.794
-1.029,-3.743
-1.439,-3.539
-2.074,-3.806
-2.551,-3.75
-2.745,-3.601
1.874,-3.415
1.674,-3.702
1.637,-3.811
1.345,-3.644
1.402,-3.619
0.299,-3.646
0.115,0.535
0.043,0.637
-0.383,0.822
-0.843,0.742
-1.968,0.839
-2.337,0.536
-2.2,0.542
-2.558,0.579
-2.435,0.66
-2.67,0.877
-2.837,0.85
-2.959,0.577
2.934,0.695
2.789,0.612
2.904,0.975
2.911,0.693
2.427,0.856
2.095,1.004
1.832,0.927
1.4,0.787
0.941,0.756
0.835,0.802
0.796,0.764
-2.631,-1.605
-3.079,-2.203
1.971,-3.37
1.709,-2.052
1.374,-1.367
-1.875,-0.82
2.936,-0.076
0.855,-1.123
0.834,-1.324
0.778,-0.98
0.556,-2.443
-0.152,-0.479
-1.132,-2.103
-1.227,-1.815
-1.376,-1.306
-1.111,-3.675
-3.131,-3.199
2.933,0.644
1.168,0.22
1.08,0.453
0.852,0.38
0.927,0.199
1.826,0.364
2.296,0.811
-0.044,-0.391
-0.119,-1.946
-0.109,-0.075
-0.14,-1.02
-0.151,-0.608
-0.185,-3.411
-0.185,-1.893
-0.132,-1.374
-0.139,-1.129
-0.293,-1.118
-0.339,-0.044
-0.33,-1.059
-0.45,-1.035
-0.372,-0.654
-0.463,-0.337
-0.449,-0.889
-0.443,-0.675
-0.606,-3.762
-0.583,-3.082
-0.601,-0.115
-0.676,-2.731
-0.648,-1.578
-0.738,-3.444
-0.741,-3.015
-0.756,-3.442
-0.797,-1.378
-0.73,-3.383
-0.844,-0.749
-0.781,-1.405
-0.895,-1.29
-0.834,-3.778
-0.829,-3.756
-0.858,-0.733
-0.854,0.097
-0.945,-0.951
-0.904,-3.127
-0.923,-3.02
-1.029,-0.069
-1.076,0.08
-1.006,-1.631
-1.048,-2.924
-1.123,-2.195
-1.049,-2.137
-1.153,-0.3
-1.141,-2.931
-1.111,-2.457
-1.198,-2.415
-1.274,-2.316
-1.289,-2.237
-1.298,-1.657
-1.339,-2.643
-1.401,-2.605
-1.509,-0.64
-1.604,-1.64
-1.717,-2.309
-1.657,-0.69
-1.716,-2.666
-1.811,-3.151
-1.804,-3.006
-1.852,-1.47
-1.788,-1.862
-1.829,-1.919
-1.928,-0.68
-1.925,-2.951
-1.99,-3.866
-2.019,-3.19
-1.975,-2.748
-2.03,-2.045
-2.149,-0.834
-2.167,-0.889
-2.183,-0.437
-2.165,-1.847
-2.189,-0.207
-2.258,-2.752
-2.275,0.08
-2.332,-0.745
-2.368,-2.202
-2.356,-2.144
-2.435,-1.311
-2.502,-2.885
-2.533,-1.763
-2.541,-2.369
-2.482,-1.455
-2.597,-2.932
-2.525,-0.602
-2.597,-0.064
-2.678,-1.931
-2.686,-1.075
-2.623,-1.713
-2.687,-1.287
-2.745,-3.391
-2.735,-1.02
-2.784,-3.506
-2.86,-3.727
-2.861,-0.738
-2.881,-2.31
-2.946,-1.552
-2.915,-3.761
-2.923,-1.613
-2.922,-1.665
-2.937,-0.228
-2.949,-0.45
-2.953,-1.973
-2.971,-2.219
-3.051,-2.974
-3.044,-1.932
-3.044,-2.536
-2.983,-2.01
-3.048,-1.368
-3.088,-0.849
3.127,-2.129
-3.111,-2.43
3.073,-3.618
3.051,-2.734
3.051,-3.467
3.112,-0.011
3.072,-1.348
2.995,-0.378
3.007,-2.136
2.969,0.11
2.948,-1.642
3.001,-2.168
2.987,-1.087
2.899,-0.339
2.887,-0.239
2.852,-2.943
2.927,-2.59
2.85,-3.204
2.901,-1.529
2.853,-1.055
2.827,-1.433
2.758,-3.559
2.762,-3.768
2.753,-1.494
2.706,-1.001
2.665,-0.466
2.729,-1.702
2.666,-3.151
2.651,-1.331
2.557,-0.014
2.543,-2.43
2.482,-2.117
2.421,-2.153
2.413,-2.638
2.451,-1.562
2.383,-1.881
2.448,-0.317
2.406,-0.638
2.356,-3.71
2.277,-0.498
2.213,-3.01
2.222,-1.815
2.254,-0.856
2.187,-2.267
2.036,0.052
1.954,-2.881
1.938,-3.672
1.929,-0.365
1.916,-3.489
1.833,-2.977
1.737,-1.792
1.768,-1.67
1.677,-1.851
1.707,-0.056
1.65,-1.554
1.578,-2.32
1.568,-0.769
1.554,-2.403
1.48,-0.664
1.532,-1.065
1.449,-1.266
1.43,-2.37
1.418,-1.641
1.455,-2.156
1.417,-2.316
1.4,-2.53
1.342,-2.914
1.354,-0.501
1.317,-1.771
1.327,-1.297
1.297,-3.807
1.279,-1.561
1.174,-1.747
1.14,-1.431
1.156,-1.138
1.092,-2.148
0.956,-3.62
0.887,-2.71
0.85,-2.517
0.91,-2.339
0.888,-2.608
0.821,-3.729
0.794,-1.368
0.789,-1.26
0.71,-2.146
0.74,-1.463
0.662,-0.093
0.716,-2.007
0.736,-0.996
0.657,-1.687
0.696,-3.829
0.651,-2.341
0.709,-3.405
0.67,-2.501
0.559,-2.703
0.552,-2.321
0.484,-2.374
0.537,-2.793
0.51,-2.17
0.457,-1.806
0.489,-2.4
0.506,-1.772
0.488,-3.688
0.473,-2.682
0.445,-1.183
0.445,-2.112
0.447,-1.622
0.41,-1.136
0.406,-0.138
0.377,-3.767
-0.319,-3.884
-0.367,-3.821
-1.251,-3.962
-1.602,-3.923
-2.283,-4.055
-2.266,-3.916
-2.786,-4.158
-2.796,-3.902
-2.826,-3.953
2.371,-4.15
1.83,-3.911
1.633,-4.131
1.071,-3.984
0.663,-4.286
0.296,0.478
0.257,0.37
0.074,0.203
-0.365,0.257
-0.355,0.523
-0.804,0.566
-1.192,0.408
-1.429,0.188
-1.418,0.486
-2.027,0.434
-2.146,0.323
-2.271,0.244
-2.366,0.201
-2.895,0.371
3.095,0.274
2.884,0.431
2.64,0.592
2.559,0.304
1.809,0.615
1.568,0.164
1.287,0.3
0.865,0.326
0.757,0.376
0.768,0.254
0.398,0.483
0.092,0.106
-0.214,-2.522
-0.306,-3.285
-0.976,-1.361
-0.959,-3.665
-1.402,-2.677
-2.868,-3.512
2.934,-1.515
2.101,-0.206
1.807,-0.93
1.351,-2.799
0.878,-3.138
2.339,-4.066
2.281,0.373
0.432,0.14
0.408,-2.057
0.261,-2.375
0.341,-2.514
0.273,0.045
0.16,-2.688
0.031,-0.358
0.152,-3.631
0.079,-0.737
0.057,-2.19
0.055,-0.849
-0.006,-1.221
-0.098,-0.746
-0.209,-0.904
-0.118,-2.019
-0.317,-0.055
-0.36,-2.153
-0.42,-2.933
-0.441,-0.838
-0.591,-3.852
-0.651,-1.797
-0.556,-1.947
-0.666,-3.577
-0.777,-1.413
-0.772,-1.802
-1.086,-1.165
-0.973,-0.167
-1.095,-1.896
-1.115,0.032
-1.174,-0.058
-1.28,-2.227
-1.348,-1.243
-1.365,-2.048
-1.599,0.083
-1.579,-3.737
-1.593,-3.531
-1.82,-0.168
-1.73,-3.277
-1.928,-3.653
-2.088,-1.682
-2.085,-2.467
-2.025,-2.686
-2.037,-3.835
-2.086,-1.031
-2.114,-2.735
-2.259,-2.322
-2.257,-0.042
-2.212,-2.783
-2.663,-3.333
-2.534,-2.765
-2.639,-1.551
-2.635,-2.546
-2.761,-3.485
-2.668,-0.329
-2.751,-2.304
-2.79,-0.502
-2.969,-1.87
-3.012,-1.888
-3.012,-0.034
-2.949,-0.659
-3.1,-2.719
-3.105,-2.734
-2.972,-3.174
-3.129,-2.017
-3.021,0.072
-3.035,-1.069
3.113,-3.38
-3.054,-1.164
-3.071,-0.992
-3.059,-2.779
3.124,-2.628
3.015,-1.527
2.945,-0.762
3.022,-3.823
3.011,-1.44
2.889,0.119
2.842,-1.811
2.953,-3.538
2.875,-2.008
2.813,-2.288
2.626,-0.216
2.661,-3.707
2.63,-0.503
2.496,-3.241
2.593,-2.542
2.481,-1.101
2.554,-3.524
2.381,-1.522
2.341,-3.664
2.459,-1.033
2.323,-3.616
2.261,-3.592
2.125,-1.482
2.237,-2.451
2.114,-3.715
2.161,-3.867
2.157,-3.59
2.119,-2.515
1.955,-0.921
1.784,-0.227
1.673,-2.124
1.655,-2.4
1.649,-2.356
1.651,-1.412
1.645,-1.465
1.623,-1.53
1.516,-1.698
1.484,-3.099
1.449,-1.606
1.386,-3.187
1.344,-2.39
1.286,-1.889
0.975,-2.558
1.08,-2.523
0.809,-2.445
0.931,-2.111
0.88,-2.73
0.757,-3.72
0.564,-0.064
0.688,-1.837
0.54,-1.613
0.53,-3.548
0.612,-0.397
0.445,-3.021
0.442,-0.956
0.429,-0.352
0.332,-1.789
0.423,-2.196
0.135,-4.073
-0.335,-3.842
-0.568,-4.124
-0.883,-4.18
-1.001,-4.129
-1.411,-3.925
-2.046,-4.192
-2.523,-4.136
-2.717,-3.987
1.902,-3.801
1.702,-4.088
1.665,-4.197
1.373,-4.03
1.43,-4.005
0.327,-4.032
0.143,0.149
0.071,0.251
-0.355,0.436
-0.815,0.356
-1.94,0.453
-2.309,0.15
-2.172,0.156
-2.53,0.193
-2.407,0.274
-2.642,0.491
-2.809,0.464
-2.931,0.191
2.962,0.309
2.817,0.226
2.932,0.589
2.939,0.307
2.455,0.47
2.123,0.618
1.86,0.541
1.428,0.401
0.969,0.37
0.863,0.416
0.824,0.378
-2.603,-1.991
-3.051,-2.589
1.999,-3.756
1.737,-2.438
1.402,-1.753
-1.847,-1.206
2.964,-0.462
0.883,-1.509
0.862,-1.71
0.806,-1.366
0.584,-2.829
-0.124,-0.865
-1.104,-2.489
-1.199,-2.201
-1.348,-1.692
-1.083,-4.061
-3.103,-3.585
2.961,0.258
1.196,-0.166
1.108,0.067
0.88,-0.006
0.955,-0.187
1.854,-0.022
2.324,0.425
-0.075,-1.555
-0.065,0.316
-0.096,-0.629
-0.107,-0.217
-0.141,-3.02
-0.141,-1.502
-0.088,-0.983
-0.095,-0.738
-0.249,-0.727
-0.295,0.347
-0.286,-0.668
-0.406,-0.644
-0.328,-0.263
-0.419,0.054
-0.405,-0.498
-0.399,-0.284
-0.562,-3.371
-0.539,-2.691
-0.557,0.276
-0.632,-2.34
-0.604,-1.187
-0.694,-3.053
-0.697,-2.624
-0.712,-3.051
-0.753,-0.987
-0.686,-2.992
-0.8,-0.358
-0.737,-1.014
-0.851,-0.899
-0.79,-3.387
-0.785,-3.365
-0.814,-0.342
-0.81,0.488
-0.901,-0.56
-0.86,-2.736
-0.879,-2.629
-0.985,0.322
-1.032,0.471
-0.962,-1.24
-1.004,-2.533
-1.079,-1.804
-1.005,-1.746
-1.109,0.091
-1.097,-2.54
-1.067,-2.066
-1.154,-2.024
-1.23,-1.925
-1.245,-1.846
-1.254,-1.266
-1.295,-2.252
-1.357,-2.214
-1.465,-0.249
-1.56,-1.249
-1.673,-1.918
-1.613,-0.299
-1.672,-2.275
-1.767,-2.76
-1.76,-2.615
-1.808,-1.079
-1.744,-1.471
-1.785,-1.528
-1.884,-0.289
-1.881,-2.56
-1.946,-3.475
-1.975,-2.799
-1.931,-2.357
-1.986,-1.654
-2.105,-0.443
-2.123,-0.498
-2.139,-0.046
-2.121,-1.456
-2.145,0.184
-2.214,-2.361
-2.231,0.471
-2.288,-0.354
-2.324,-1.811
-2.312,-1.753
-2.391,-0.92
-2.458,-2.494
-2.489,-1.372
-2.497,-1.978
-2.438,-1.064
-2.553,-2.541
-2.481,-0.211
-2.553,0.327
-2.634,-1.54
-2.642,-0.684
-2.579,-1.322
-2.643,-0.896
-2.701,-3.0
-2.691,-0.629
-2.74,-3.115
-2.816,-3.336
-2.817,-0.347
-2.837,-1.919
-2.902,-1.161
-2.871,-3.37
-2.879,-1.222
-2.878,-1.274
-2.893,0.163
-2.905,-0.059
-2.909,-1.582
-2.927,-1.828
-3.007,-2.583
-3.0,-1.541
-3.0,-2.145
-2.939,-1.619
-3.004,-0.977
-3.044,-0.458
-3.112,-1.738
-3.067,-2.039
3.117,-3.227
3.095,-2.343
3.095,-3.076
-3.127,0.38
3.116,-0.957
3.039,0.013
3.051,-1.745
3.013,0.501
2.992,-1.251
3.045,-1.777
3.031,-0.696
2.943,0.052
2.931,0.152
2.896,-2.552
2.971,-2.199
2.894,-2.813
2.945,-1.138
2.897,-0.664
2.871,-1.042
2.802,-3.168
2.806,-3.377
2.797,-1.103
2.75,-0.61
2.709,-0.075
2.773,-1.311
2.71,-2.76
2.695,-0.94
2.601,0.377
2.587,-2.039
2.526,-1.726
2.465,-1.762
2.457,-2.247
2.495,-1.171
2.427,-1.49
2.492,0.074
2.45,-0.247
2.4,-3.319
2.321,-0.107
2.257,-2.619
2.266,-1.424
2.298,-0.465
2.231,-1.876
2.08,0.443
1.998,-2.49
1.982,-3.281
1.973,0.026
1.96,-3.098
1.877,-2.586
1.781,-1.401
1.812,-1.279
1.721,-1.46
1.751,0.335
1.694,-1.163
1.622,-1.929
1.612,-0.378
1.598,-2.012
1.524,-0.273
1.576,-0.674
1.493,-0.875
1.474,-1.979
1.462,-1.25
1.499,-1.765
1.461,-1.925
1.444,-2.139
1.386,-2.523
1.398,-0.11
1.361,-1.38
1.371,-0.906
1.341,-3.416
1.323,-1.17
1.218,-1.356
1.184,-1.04
1.2,-0.747
1.136,-1.757
1.0,-3.229
0.931,-2.319
0.894,-2.126
0.954,-1.948
0.932,-2.217
0.865,-3.338
0.838,-0.977
0.833,-0.869
0.754,-1.755
0.784,-1.072
0.706,0.298
0.76,-1.616
0.78,-0.605
0.701,-1.296
0.74,-3.438
0.695,-1.95
0.753,-3.014
0.714,-2.11
0.603,-2.312
0.596,-1.93
0.528,-1.983
0.581,-2.402
0.554,-1.779
0.501,-1.415
0.533,-2.009
0.55,-1.381
0.532,-3.297
0.517,-2.291
0.489,-0.792
0.489,-1.721
0.491,-1.231
0.454,-0.745
0.45,0.253
0.421,-3.376
-0.275,-3.493
-0.323,-3.43
-1.207,-3.571
-1.558,-3.532
-2.239,-3.664
-2.222,-3.525
-2.742,-3.767
-2.752,-3.511
-2.782,-3.562
2.415,-3.759
1.874,-3.52
1.677,-3.74
1.115,-3.593
0.707,-3.895
0.34,0.869
0.301,0.761
0.118,0.594
-0.321,0.648
-0.311,0.914
-0.76,0.957
-1.148,0.799
-1.385,0.579
-1.374,0.877
-1.983,0.825
-2.102,0.714
-2.227,0.635
-2.322,0.592
-2.851,0.762
3.139,0.665
2.928,0.822
2.684,0.983
2.603,0.695
1.853,1.006
1.612,0.555
1.331,0.691
0.909,0.717
0.801,0.767
0.812,0.645
0.442,0.874
0.136,0.497
-0.17,-2.131
-0.262,-2.894
-0.932,-0.97
-0.915,-3.274
-1.358,-2.286
-2.824,-3.121
2.978,-1.124
2.145,0.185
1.851,-0.539
1.395,-2.408
0.922,-2.747
2.383,-3.675
2.325,0.764
0.476,0.531
0.452,-1.666
0.305,-1.984
0.385,-2.123
0.317,0.436
0.204,-2.297
0.075,0.033
0.196,-3.24
0.123,-0.346
0.101,-1.799
0.099,-0.458
0.038,-0.83
-0.054,-0.355
-0.165,-0.513
-0.074,-1.628
-0.273,0.336
-0.316,-1.762
-0.376,-2.542
-0.397,-0.447
-0.547,-3.461
-0.607,-1.406
-0.512,-1.556
-0.622,-3.186
-0.733,-1.022
-0.728,-1.411
-1.042,-0.774
-0.929,0.224
-1.051,-1.505
-1.071,0.423
-1.13,0.333
-1.236,-1.836
-1.304,-0.852
-1.321,-1.657
-1.555,0.474
-1.535,-3.346
-1.549,-3.14
-1.776,0.223
-1.686,-2.886
-1.884,-3.262
-2.044,-1.291
-2.041,-2.076
-1.981,-2.295
-1.993,-3.444
-2.042,-0.64
-2.07,-2.344
-2.215,-1.931
-2.213,0.349
-2.168,-2.392
-2.619,-2.942
-2.49,-2.374
-2.595,-1.16
-2.591,-2.155
-2.717,-3.094
-2.624,0.062
-2.707,-1.913
-2.746,-0.111
-2.925,-1.479
-2.968,-1.497
-2.968,0.357
-2.905,-0.268
-3.056,-2.328
-3.061,-2.343
-2.928,-2.783
-3.085,-1.626
-2.977,0.463
-2.991,-0.678
-3.126,-2.989
-3.01,-0.773
-3.027,-0.601
-3.015,-2.388
-3.115,-2.237
3.059,-1.136
2.989,-0.371
3.066,-3.432
3.055,-1.049
2.933,0.51
2.886,-1.42
2.997,-3.147
2.919,-1.617
2.857,-1.897
2.67,0.175
2.705,-3.316
2.674,-0.112
2.54,-2.85
2.637,-2.151
2.525,-0.71
2.598,-3.133
2.425,-1.131
2.385,-3.273
2.503,-0.642
2.367,-3.225
2.305,-3.201
2.169,-1.091
2.281,-2.06
2.158,-3.324
2.205,-3.476
2.201,-3.199
2.163,-2.124
1.999,-0.53
1.828,0.164
1.717,-1.733
1.699,-2.009
1.693,-1.965
1.695,-1.021
1.689,-1.074
1.667,-1.139
1.56,-1.307
1.528,-2.708
1.493,-1.215
1.43,-2.796
1.388,-1.999
1.33,-1.498
1.019,-2.167
1.124,-2.132
0.853,-2.054
0.975,-1.72
0.924,-2.339
0.801,-3.329
0.608,0.327
0.732,-1.446
0.584,-1.222
0.574,-3.157
0.656,-0.006
0.489,-2.63
0.486,-0.565
0.473,0.039
0.376,-1.398
0.467,-1.805
0.179,-3.682
-0.291,-3.451
-0.524,-3.733
-0.839,-3.789
-0.957,-3.738
-1.367,-3.534
-2.002,-3.801
-2.479,-3.745
-2.673,-3.596
1.946,-3.41
1.746,-3.697
1.709,-3.806
1.417,-3.639
1.474,-3.614
0.371,-3.641
0.187,0.54
0.115,0.642
-0.311,0.827
-0.771,0.747
-1.896,0.844
-2.265,0.541
-2.128,0.547
-2.486,0.584
-2.363,0.665
-2.598,0.882
-2.765,0.855
-2.887,0.582
3.006,0.7
2.861,0.617
2.976,0.98
2.983,0.698
2.499,0.861
2.167,1.009
1.904,0.932
1.472,0.792
1.013,0.761
0.907,0.807
0.868,0.769
-2.559,-1.6
-3.007,-2.198
2.043,-3.365
1.781,-2.047
1.446,-1.362
-1.803,-0.815
3.008,-0.071
0.927,-1.118
0.906,-1.319
0.85,-0.975
0.628,-2.438
-0.08,-0.474
-1.06,-2.098
-1.155,-1.81
-1.304,-1.301
-1.039,-3.67
-3.059,-3.194
3.005,0.649
1.24,0.225
1.152,0.458
0.924,0.385
0.999,0.204
1.898,0.369
2.368,0.816
0.01,1.871
-0.021,0.926
-0.032,1.338
-0.066,-1.465
-0.066,0.053
-0.013,0.572
-0.02,0.817
-0.174,0.828
-0.22,1.902
-0.211,0.887
-0.331,0.911
-0.253,1.292
-0.344,1.609
-0.33,1.057
-0.324,1.271
-0.487,-1.816
-0.464,-1.136
-0.482,1.831
-0.557,-0.785
-0.529,0.368
-0.619,-1.498
-0.622,-1.069
-0.637,-1.496
-0.678,0.568
-0.611,-1.437
-0.725,1.197
-0.662,0.541
-0.776,0.656
-0.715,-1.832
-0.71,-1.81
-0.739,1.213
-0.735,2.043
-0.826,0.995
-0.785,-1.181
-0.804,-1.074
-0.91,1.877
-0.957,2.026
-0.887,0.315
-0.929,-0.978
-1.004,-0.249
-0.93,-0.191
-1.034,1.646
-1.022,-0.985
-0.992,-0.511
-1.079,-0.469
-1.155,-0.37
-1.17,-0.291
-1.179,0.289
-1.22,-0.697
-1.282,-0.659
-1.39,1.306
-1.485,0.306
-1.598,-0.363
-1.538,1.256
-1.597,-0.72
-1.692,-1.205
-1.685,-1.06
-1.733,0.476
-1.669,0.084
-1.71,0.027
-1.809,1.266
-1.806,-1.005
-1.871,-1.92
-1.9,-1.244
-1.856,-0.802
-1.911,-0.099
-2.03,1.112
-2.048,1.057
-2.064,1.509
-2.046,0.099
-2.07,1.739
-2.139,-0.806
-2.156,2.026
-2.213,1.201
-2.249,-0.256
-2.237,-0.198
-2.316,0.635
-2.383,-0.939
-2.414,0.183
-2.422,-0.423
-2.363,0.491
-2.478,-0.986
-2.406,1.344
-2.478,1.882
-2.559,0.015
-2.567,0.871
-2.504,0.233
-2.568,0.659
-2.626,-1.445
-2.616,0.926
-2.665,-1.56
-2.741,-1.781
-2.742,1.208
-2.762,-0.364
-2.827,0.394
-2.796,-1.815
-2.804,0.333
-2.803,0.281
-2.818,1.718
-2.83,1.496
-2.834,-0.027
-2.852,-0.273
-2.932,-1.028
-2.925,0.014
-2.925,-0.59
-2.864,-0.064
-2.929,0.578
-2.969,1.097
-3.037,-0.183
-2.992,-0.484
-3.091,-1.672
-3.113,-0.788
-3.113,-1.521
-3.052,1.935
-3.092,0.598
3.114,1.568
3.126,-0.19
3.088,2.056
3.067,0.304
3.12,-0.222
3.106,0.859
3.018,1.607
3.006,1.707
2.971,-0.997
3.046,-0.644
2.969,-1.258
3.02,0.417
2.972,0.891
2.946,0.513
2.877,-1.613
2.881,-1.822
2.872,0.452
2.825,0.945
2.784,1.48
2.848,0.244
2.785,-1.205
2.77,0.615
2.676,1.932
2.662,-0.484
2.601,-0.171
2.54,-0.207
2.532,-0.692
2.57,0.384
2.502,0.065
2.567,1.629
2.525,1.308
2.475,-1.764
2.396,1.448
2.332,-1.064
2.341,0.131
2.373,1.09
2.306,-0.321
2.155,1.998
2.073,-0.935
2.057,-1.726
2.048,1.581
2.035,-1.543
1.952,-1.031
1.856,0.154
1.887,0.276
1.796,0.095
1.826,1.89
1.769,0.392
1.697,-0.374
1.687,1.177
1.673,-0.457
1.599,1.282
1.651,0.881
1.568,0.68
1.549,-0.424
1.537,0.305
1.574,-0.21
1.536,-0.37
1.519,-0.584
1.461,-0.968
1.473,1.445
1.436,0.175
1.446,0.649
1.416,-1.861
1.398,0.385
1.293,0.199
1.259,0.515
1.275,0.808
1.211,-0.202
1.075,-1.674
1.006,-0.764
0.969,-0.571
1.029,-0.393
1.007,-0.662
0.94,-1.783
0.913,0.578
0.908,0.686
0.829,-0.2
0.859,0.483
0.781,1.853
0.835,-0.061
0.855,0.95
0.776,0.259
0.815,-1.883
0.77,-0.395
0.828,-1.459
0.789,-0.555
0.678,-0.757
0.671,-0.375
0.603,-0.428
0.656,-0.847
0.629,-0.224
0.576,0.14
0.608,-0.454
0.625,0.174
0.607,-1.742
0.592,-0.736
0.564,0.763
0.564,-0.166
0.566,0.324
0.529,0.81
0.525,1.808
0.496,-1.821
-0.2,-1.938
-0.248,-1.875
-1.132,-2.016
-1.483,-1.977
-2.164,-2.109
-2.147,-1.97
-2.667,-2.212
-2.677,-1.956
-2.707,-2.007
2.49,-2.204
1.949,-1.965
1.752,-2.185
1.19,-2.038
0.782,-2.34
0.415,2.424
0.376,2.316
0.193,2.149
-0.246,2.203
-0.236,2.469
-0.685,2.512
-1.073,2.354
-1.31,2.134
-1.299,2.432
-1.908,2.38
-2.027,2.269
-2.152,2.19
-2.247,2.147
-2.776,2.317
-3.069,2.22
3.003,2.377
2.759,2.538
2.678,2.25
1.928,2.561
1.687,2.11
1.406,2.246
0.984,2.272
0.876,2.322
0.887,2.2
0.517,2.429
0.211,2.052
-0.095,-0.576
-0.187,-1.339
-0.857,0.585
-0.84,-1.719
-1.283,-0.731
-2.749,-1.566
3.053,0.431
2.22,1.74
1.926,1.016
1.47,-0.853
0.997,-1.192
2.458,-2.12
2.4,2.319
0.551,2.086
0.527,-0.111
0.38,-0.429
0.46,-0.568
0.392,1.991
0.279,-0.742
0.15,1.588
0.271,-1.685
0.198,1.209
0.176,-0.244
0.174,1.097
0.113,0.725
0.021,1.2
-0.09,1.042
0.001,-0.073
-0.198,1.891
-0.241,-0.207
-0.301,-0.987
-0.322,1.108
-0.472,-1.906
-0.532,0.149
-0.437,-0.001
-0.547,-1.631
-0.658,0.533
-0.653,0.144
-0.967,0.781
-0.854,1.779
-0.976,0.05
-0.996,1.978
-1.055,1.888
-1.161,-0.281
-1.229,0.703
-1.246,-0.102
-1.48,2.029
-1.46,-1.791
-1.474,-1.585
-1.701,1.778
-1.611,-1.331
-1.809,-1.707
-1.969,0.264
-1.966,-0.521
-1.906,-0.74
-1.918,-1.889
-1.967,0.915
-1.995,-0.789
-2.14,-0.376
-2.138,1.904
-2.093,-0.837
-2.544,-1.387
-2.415,-0.819
-2.52,0.395
-2.516,-0.6
-2.642,-1.539
-2.549,1.617
-2.632,-0.358
-2.671,1.444
-2.85,0.076
-2.893,0.058
-2.893,1.912
-2.83,1.287
-2.981,-0.773
-2.986,-0.788
-2.853,-1.228
-3.01,-0.071
-2.902,2.018
-2.916,0.877
-3.051,-1.434
-2.935,0.782
-2.952,0.954
-2.94,-0.833
-3.04,-0.682
3.134,0.419
3.064,1.184
3.141,-1.877
3.13,0.506
3.008,2.065
2.961,0.135
3.072,-1.592
2.994,-0.062
2.932,-0.342
2.745,1.73
2.78,-1.761
2.749,1.443
2.615,-1.295
2.712,-0.596
2.6,0.845
2.673,-1.578
2.5,0.424
2.46,-1.718
2.578,0.913
2.442,-1.67
2.38,-1.646
2.244,0.464
2.356,-0.505
2.233,-1.769
2.28,-1.921
2.276,-1.644
2.238,-0.569
2.074,1.025
1.903,1.719
1.792,-0.178
1.774,-0.454
1.768,-0.41
1.77,0.534
1.764,0.481
1.742,0.416
1.635,0.248
1.603,-1.153
1.568,0.34
1.505,-1.241
1.463,-0.444
1.405,0.057
1.094,-0.612
1.199,-0.577
0.928,-0.499
1.05,-0.165
0.999,-0.784
0.876,-1.774
0.683,1.882
0.807,0.109
0.659,0.333
0.649,-1.602
0.731,1.549
0.564,-1.075
0.561,0.99
0.548,1.594
0.451,0.157
0.542,-0.25
0.254,-2.127
-0.216,-1.896
-0.449,-2.178
-0.764,-2.234
-0.882,-2.183
-1.292,-1.979
-1.927,-2.246
-2.404,-2.19
-2.598,-2.041
2.021,-1.855
1.821,-2.142
1.784,-2.251
1.492,-2.084
1.549,-2.059
0.446,-2.086
0.262,2.095
0.19,2.197
-0.236,2.382
-0.696,2.302
-1.821,2.399
-2.19,2.096
-2.053,2.102
-2.411,2.139
-2.288,2.22
-2.523,2.437
-2.69,2.41
-2.812,2.137
3.081,2.255
2.936,2.172
3.051,2.535
3.058,2.253
2.574,2.416
2.242,2.564
1.979,2.487
1.547,2.347
1.088,2.316
0.982,2.362
0.943,2.324
-2.484,-0.045
-2.932,-0.643
2.118,-1.81
1.856,-0.492
1.521,0.193
-1.728,0.74
3.083,1.484
1.002,0.437
0.981,0.236
0.925,0.58
0.703,-0.883
-0.005,1.081
-0.985,-0.543
-1.08,-0.255
-1.229,0.254
-0.964,-2.115
-2.984,-1.639
3.08,2.204
1.315,1.78
1.227,2.013
0.999,1.94
1.074,1.759
1.973,1.924
2.443,2.371
-0.031,-0.945
-0.042,-0.533
-0.076,-3.336
-0.076,-1.818
-0.023,-1.299
-0.03,-1.054
-0.184,-1.043
-0.23,0.031
-0.221,-0.984
-0.341,-0.96
-0.263,-0.579
-0.354,-0.262
-0.34,-0.814
-0.334,-0.6
-0.497,-3.687
-0.474,-3.007
-0.492,-0.04
-0.567,-2.656
-0.539,-1.503
-0.629,-3.369
-0.632,-2.94
-0.647,-3.367
-0.688,-1.303
-0.621,-3.308
-0.735,-0.674
-0.672,-1.33
-0.786,-1.215
-0.725,-3.703
-0.72,-3.681
-0.749,-0.658
-0.745,0.172
-0.836,-0.876
-0.795,-3.052
-0.814,-2.945
-0.92,0.006
-0.967,0.155
-0.897,-1.556
-0.939,-2.849
-1.014,-2.12
-0.94,-2.062
-1.044,-0.225
-1.032,-2.856
-1.002,-2.382
-1.089,-2.34
-1.165,-2.241
-1.18,-2.162
-1.189,-1.582
-1.23,-2.568
-1.292,-2.53
-1.4,-0.565
-1.495,-1.565
-1.608,-2.234
-1.548,-0.615
-1.607,-2.591
-1.702,-3.076
-1.695,-2.931
-1.743,-1.395
-1.679,-1.787
-1.72,-1.844
-1.819,-0.605
-1.816,-2.876
-1.881,-3.791
-1.91,-3.115
-1.866,-2.673
-1.921,-1.97
-2.04,-0.759
-2.058,-0.814
-2.074,-0.362
-2.056,-1.772
-2.08,-0.132
-2.149,-2.677
-2.166,0.155
-2.223,-0.67
-2.259,-2.127
-2.247,-2.069
-2.326,-1.236
-2.393,-2.81
-2.424,-1.688
-2.432,-2.294
-2.373,-1.38
-2.488,-2.857
-2.416,-0.527
-2.488,0.011
-2.569,-1.856
-2.577,-1.0
-2.514,-1.638
-2.578,-1.212
-2.636,-3.316
-2.626,-0.945
-2.675,-3.431
-2.751,-3.652
-2.752,-0.663
-2.772,-2.235
-2.837,-1.477
-2.806,-3.686
-2.814,-1.538
-2.813,-1.59
-2.828,-0.153
-2.84,-0.375
-2.844,-1.898
-2.862,-2.144
-2.942,-2.899
-2.935,-1.857
-2.935,-2.461
-2.874,-1.935
-2.939,-1.293
-2.979,-0.774
-3.047,-2.054
-3.002,-2.355
-3.101,-3.543
-3.123,-2.659
-3.123,-3.392
-3.062,0.064
-3.102,-1.273
3.104,-0.303
3.116,-2.061
3.078,0.185
3.057,-1.567
3.11,-2.093
3.096,-1.012
3.008,-0.264
2.996,-0.164
2.961,-2.868
3.036,-2.515
2.959,-3.129
3.01,-1.454
2.962,-0.98
2.936,-1.358
2.867,-3.484
2.871,-3.693
2.862,-1.419
2.815,-0.926
2.774,-0.391
2.838,-1.627
2.775,-3.076
2.76,-1.256
2.666,0.061
2.652,-2.355
2.591,-2.042
2.53,-2.078
2.522,-2.563
2.56,-1.487
2.492,-1.806
2.557,-0.242
2.515,-0.563
2.465,-3.635
2.386,-0.423
2.322,-2.935
2.331,-1.74
2.363,-0.781
2.296,-2.192
2.145,0.127
2.063,-2.806
2.047,-3.597
2.038,-0.29
2.025,-3.414
1.942,-2.902
1.846,-1.717
1.877,-1.595
1.786,-1.776
1.816,0.019
1.759,-1.479
1.687,-2.245
1.677,-0.694
1.663,-2.328
1.589,-0.589
1.641,-0.99
1.558,-1.191
1.539,-2.295
1.527,-1.566
1.564,-2.081
1.526,-2.241
1.509,-2.455
1.451,-2.839
1.463,-0.426
1.426,-1.696
1.436,-1.222
1.406,-3.732
1.388,-1.486
1.283,-1.672
1.249,-1.356
1.265,-1.063
1.201,-2.073
1.065,-3.545
0.996,-2.635
0.959,-2.442
1.019,-2.264
0.997,-2.533
0.93,-3.654
0.903,-1.293
0.898,-1.185
0.819,-2.071
0.849,-1.388
0.771,-0.018
0.825,-1.932
0.845,-0.921
0.766,-1.612
0.805,-3.754
0.76,-2.266
0.818,-3.33
0.779,-2.426
0.668,-2.628
0.661,-2.246
0.593,-2.299
0.646,-2.718
0.619,-2.095
0.566,-1.731
0.598,-2.325
0.615,-1.697
0.597,-3.613
0.582,-2.607
0.554,-1.108
0.554,-2.037
0.556,-1.547
0.519,-1.061
0.515,-0.063
0.486,-3.692
-0.21,-3.809
-0.258,-3.746
-1.142,-3.887
-1.493,-3.848
-2.174,-3.98
-2.157,-3.841
-2.677,-4.083
-2.687,-3.827
-2.717,-3.878
2.48,-4.075
1.939,-3.836
1.742,-4.056
1.18,-3.909
0.772,-4.211
0.405,0.553
0.366,0.445
0.183,0.278
-0.256,0.332
-0.246,0.598
-0.695,0.641
-1.083,0.483
-1.32,0.263
-1.309,0.561
-1.918,0.509
-2.037,0.398
-2.162,0.319
-2.257,0.276
-2.786,0.446
-3.079,0.349
2.993,0.506
2.749,0.667
2.668,0.379
1.918,0.69
1.677,0.239
1.396,0.375
0.974,0.401
0.866,0.451
0.877,0.329
0.507,0.558
0.201,0.181
-0.105,-2.447
-0.197,-3.21
-0.867,-1.286
-0.85,-3.59
-1.293,-2.602
-2.759,-3.437
3.043,-1.44
2.21,-0.131
1.916,-0.855
1.46,-2.724
0.987,-3.063
2.448,-3.991
2.39,0.448
0.541,0.215
0.517,-1.982
0.37,-2.3
0.45,-2.439
0.382,0.12
0.269,-2.613
0.14,-0.283
0.261,-3.556
0.188,-0.662
0.166,-2.115
0.164,-0.774
0.103,-1.146
0.011,-0.671
-0.1,-0.829
-0.009,-1.944
-0.208,0.02
-0.251,-2.078
-0.311,-2.858
-0.332,-0.763
-0.482,-3.777
-0.542,-1.722
-0.447,-1.872
-0.557,-3.502
-0.668,-1.338
-0.663,-1.727
-0.977,-1.09
-0.864,-0.092
-0.986,-1.821
-1.006,0.107
-1.065,0.017
-1.171,-2.152
-1.239,-1.168
-1.256,-1.973
-1.49,0.158
-1.47,-3.662
-1.484,-3.456
-1.711,-0.093
-1.621,-3.202
-1.819,-3.578
-1.979,-1.607
-1.976,-2.392
-1.916,-2.611
-1.928,-3.76
-1.977,-0.956
-2.005,-2.66
-2.15,-2.247
-2.148,0.033
-2.103,-2.708
-2.554,-3.258
-2.425,-2.69
-2.53,-1.476
-2.526,-2.471
-2.652,-3.41
-2.559,-0.254
-2.642,-2.229
-2.681,-0.427
-2.86,-1.795
-2.903,-1.813
-2.903,0.041
-2.84,-0.584
-2.991,-2.644
-2.996,-2.659
-2.863,-3.099
-3.02,-1.942
-2.912,0.147
-2.926,-0.994
-3.061,-3.305
-2.945,-1.089
-2.962,-0.917
-2.95,-2.704
-3.05,-2.553
3.124,-1.452
3.054,-0.687
3.131,-3.748
3.12,-1.365
2.998,0.194
2.951,-1.736
3.062,-3.463
2.984,-1.933
2.922,-2.213
2.735,-0.141
2.77,-3.632
2.739,-0.428
2.605,-3.166
2.702,-2.467
2.59,-1.026
2.663,-3.449
2.49,-1.447
2.45,-3.589
2.568,-0.958
2.432,-3.541
2.37,-3.517
2.234,-1.407
2.346,-2.376
2.223,-3.64
2.27,-3.792
2.266,-3.515
2.228,-2.44
2.064,-0.846
1.893,-0.152
1.782,-2.049
1.764,-2.325
1.758,-2.281
1.76,-1.337
1.754,-1.39
1.732,-1.455
1.625,-1.623
1.593,-3.024
1.558,-1.531
1.495,-3.112
1.453,-2.315
1.395,-1.814
1.084,-2.483
1.189,-2.448
0.918,-2.37
1.04,-2.036
0.989,-2.655
0.866,-3.645
0.673,0.011
0.797,-1.762
0.649,-1.538
0.639,-3.473
0.721,-0.322
0.554,-2.946
0.551,-0.881
0.538,-0.277
0.441,-1.714
0.532,-2.121
0.244,-3.998
-0.226,-3.767
-0.459,-4.049
-0.774,-4.105
-0.892,-4.054
-1.302,-3.85
-1.937,-4.117
-2.414,-4.061
-2.608,-3.912
2.011,-3.726
1.811,-4.013
1.774,-4.122
1.482,-3.955
1.539,-3.93
0.436,-3.957
0.252,0.224
0.18,0.326
-0.246,0.511
-0.706,0.431
-1.831,0.528
-2.2,0.225
-2.063,0.231
-2.421,0.268
-2.298,0.349
-2.533,0.566
-2.7,0.539
-2.822,0.266
3.071,0.384
2.926,0.301
3.041,0.664
3.048,0.382
2.564,0.545
2.232,0.693
1.969,0.616
1.537,0.476
1.078,0.445
0.972,0.491
0.933,0.453
-2.494,-1.916
-2.942,-2.514
2.108,-3.681
1.846,-2.363
1.511,-1.678
-1.738,-1.131
3.073,-0.387
0.992,-1.434
0.971,-1.635
0.915,-1.291
0.693,-2.754
-0.015,-0.79
-0.995,-2.414
-1.09,-2.126
-1.239,-1.617
-0.974,-3.986
-2.994,-3.51
3.07,0.333
1.305,-0.091
1.217,0.142
0.989,0.069
1.064,-0.112
1.963,0.053
2.433,0.5
-0.011,0.412
-0.045,-2.391
-0.045,-0.873
0.008,-0.354
0.001,-0.109
-0.153,-0.098
-0.199,0.976
-0.19,-0.039
-0.31,-0.015
-0.232,0.366
-0.323,0.683
-0.309,0.131
-0.303,0.345
-0.466,-2.742
-0.443,-2.062
-0.461,0.905
-0.536,-1.711
-0.508,-0.558
-0.598,-2.424
-0.601,-1.995
-0.616,-2.422
-0.657,-0.358
-0.59,-2.363
-0.704,0.271
-0.641,-0.385
-0.755,-0.27
-0.694,-2.758
-0.689,-2.736
-0.718,0.287
-0.714,1.117
-0.805,0.069
-0.764,-2.107
-0.783,-2.0
-0.889,0.951
-0.936,1.1
-0.866,-0.611
-0.908,-1.904
-0.983,-1.175
-0.909,-1.117
-1.013,0.72
-1.001,-1.911
-0.971,-1.437
-1.058,-1.395
-1.134,-1.296
-1.149,-1.217
-1.158,-0.637
-1.199,-1.623
-1.261,-1.585
-1.369,0.38
-1.464,-0.62
-1.577,-1.289
-1.517,0.33
-1.576,-1.646
-1.671,-2.131
-1.664,-1.986
-1.712,-0.45
-1.648,-0.842
-1.689,-0.899
-1.788,0.34
-1.785,-1.931
-1.85,-2.846
-1.879,-2.17
-1.835,-1.728
-1.89,-1.025
-2.009,0.186
-2.027,0.131
-2.043,0.583
-2.025,-0.827
-2.049,0.813
-2.118,-1.732
-2.135,1.1
-2.192,0.275
-2.228,-1.182
-2.216,-1.124
-2.295,-0.291
-2.362,-1.865
-2.393,-0.743
-2.401,-1.349
-2.342,-0.435
-2.457,-1.912
-2.385,0.418
-2.457,0.956
-2.538,-0.911
-2.546,-0.055
-2.483,-0.693
-2.547,-0.267
-2.605,-2.371
-2.595,0.0
-2.644,-2.486
-2.72,-2.707
-2.721,0.282
-2.741,-1.29
-2.806,-0.532
-2.775,-2.741
-2.783,-0.593
-2.782,-0.645
-2.797,0.792
-2.809,0.57
-2.813,-0.953
-2.831,-1.199
-2.911,-1.954
-2.904,-0.912
-2.904,-1.516
-2.843,-0.99
-2.908,-0.348
-2.948,0.171
-3.016,-1.109
-2.971,-1.41
-3.07,-2.598
-3.092,-1.714
-3.092,-2.447
-3.031,1.009
-3.071,-0.328
3.135,0.642
-3.136,-1.116
3.109,1.13
3.088,-0.622
3.141,-1.148
3.127,-0.067
3.039,0.681
3.027,0.781
2.992,-1.923
3.067,-1.57
2.99,-2.184
3.041,-0.509
2.993,-0.035
2.967,-0.413
2.898,-2.539
2.902,-2.748
2.893,-0.474
2.846,0.019
2.805,0.554
2.869,-0.682
2.806,-2.131
2.791,-0.311
2.697,1.006
2.683,-1.41
2.622,-1.097
2.561,-1.133
2.553,-1.618
2.591,-0.542
2.523,-0.861
2.588,0.703
2.546,0.382
2.496,-2.69
2.417,0.522
2.353,-1.99
2.362,-0.795
2.394,0.164
2.327,-1.247
2.176,1.072
2.094,-1.861
2.078,-2.652
2.069,0.655
2.056,-2.469
1.973,-1.957
1.877,-0.772
1.908,-0.65
1.817,-0.831
1.847,0.964
1.79,-0.534
1.718,-1.3
1.708,0.251
1.694,-1.383
1.62,0.356
1.672,-0.045
1.589,-0.246
1.57,-1.35
1.558,-0.621
1.595,-1.136
1.557,-1.296
1.54,-1.51
1.482,-1.894
1.494,0.519
1.457,-0.751
1.467,-0.277
1.437,-2.787
1.419,-0.541
1.314,-0.727
1.28,-0.411
1.296,-0.118
1.232,-1.128
1.096,-2.6
1.027,-1.69
0.99,-1.497
1.05,-1.319
1.028,-1.588
0.961,-2.709
0.934,-0.348
0.929,-0.24
0.85,-1.126
0.88,-0.443
0.802,0.927
0.856,-0.987
0.876,0.024
0.797,-0.667
0.836,-2.809
0.791,-1.321
0.849,-2.385
0.81,-1.481
0.699,-1.683
0.692,-1.301
0.624,-1.354
0.677,-1.773
0.65,-1.15
0.597,-0.786
0.629,-1.38
0.646,-0.752
0.628,-2.668
0.613,-1.662
0.585,-0.163
0.585,-1.092
0.587,-0.602
0.55,-0.116
0.546,0.882
0.517,-2.747
-0.179,-2.864
-0.227,-2.801
-1.111,-2.942
-1.462,-2.903
-2.143,-3.035
-2.126,-2.896
-2.646,-3.138
-2.656,-2.882
-2.686,-2.933
2.511,-3.13
1.97,-2.891
1.773,-3.111
1.211,-2.964
0.803,-3.266
0.436,1.498
0.397,1.39
0.214,1.223
-0.225,1.277
-0.215,1.543
-0.664,1.586
-1.052,1.428
-1.289,1.208
-1.278,1.506
-1.887,1.454
-2.006,1.343
-2.131,1.264
-2.226,1.221
-2.755,1.391
-3.048,1.294
3.024,1.451
2.78,1.612
2.699,1.324
1.949,1.635
1.708,1.184
1.427,1.32
1.005,1.346
0.897,1.396
0.908,1.274
0.538,1.503
0.232,1.126
-0.074,-1.502
-0.166,-2.265
-0.836,-0.341
-0.819,-2.645
-1.262,-1.657
-2.728,-2.492
3.074,-0.495
2.241,0.814
1.947,0.09
1.491,-1.779
1.018,-2.118
2.479,-3.046
2.421,1.393
0.572,1.16
0.548,-1.037
0.401,-1.355
0.481,-1.494
0.413,1.065
0.3,-1.668
0.171,0.662
0.292,-2.611
0.219,0.283
0.197,-1.17
0.195,0.171
0.134,-0.201
0.042,0.274
-0.069,0.116
0.022,-0.999
-0.177,0.965
-0.22,-1.133
-0.28,-1.913
-0.301,0.182
-0.451,-2.832
-0.511,-0.777
-0.416,-0.927
-0.526,-2.557
-0.637,-0.393
-0.632,-0.782
-0.946,-0.145
-0.833,0.853
-0.955,-0.876
-0.975,1.052
-1.034,0.962
-1.14,-1.207
-1.208,-0.223
-1.225,-1.028
-1.459,1.103
-1.439,-2.717
-1.453,-2.511
-1.68,0.852
-1.59,-2.257
-1.788,-2.633
-1.948,-0.662
-1.945,-1.447
-1.885,-1.666
-1.897,-2.815
-1.946,-0.011
-1.974,-1.715
-2.119,-1.302
-2.117,0.978
-2.072,-1.763
-2.523,-2.313
-2.394,-1.745
-2.499,-0.531
-2.495,-1.526
-2.621,-2.465
-2.528,0.691
-2.611,-1.284
-2.65,0.518
-2.829,-0.85
-2.872,-0.868
-2.872,0.986
-2.809,0.361
-2.96,-1.699
-2.965,-1.714
-2.832,-2.154
-2.989,-0.997
-2.881,1.092
-2.895,-0.049
-3.03,-2.36
-2.914,-0.144
-2.931,0.028
-2.919,-1.759
-3.019,-1.608
-3.128,-0.507
3.085,0.258
-3.121,-2.803
-3.132,-0.42
3.029,1.139
2.982,-0.791
3.093,-2.518
3.015,-0.988
2.953,-1.268
2.766,0.804
2.801,-2.687
2.77,0.517
2.636,-2.221
2.733,-1.522
2.621,-0.081
2.694,-2.504
2.521,-0.502
2.481,-2.644
2.599,-0.013
2.463,-2.596
2.401,-2.572
2.265,-0.462
2.377,-1.431
2.254,-2.695
2.301,-2.847
2.297,-2.57
2.259,-1.495
2.095,0.099
1.924,0.793
1.813,-1.104
1.795,-1.38
1.789,-1.336
1.791,-0.392
1.785,-0.445
1.763,-0.51
1.656,-0.678
1.624,-2.079
1.589,-0.586
1.526,-2.167
1.484,-1.37
1.426,-0.869
1.115,-1.538
1.22,-1.503
0.949,-1.425
1.071,-1.091
1.02,-1.71
0.897,-2.7
0.704,0.956
0.828,-0.817
0.68,-0.593
0.67,-2.528
0.752,0.623
0.585,-2.001
0.582,0.064
0.569,0.668
0.472,-0.769
0.563,-1.176
0.275,-3.053
-0.195,-2.822
-0.428,-3.104
-0.743,-3.16
-0.861,-3.109
-1.271,-2.905
-1.906,-3.172
-2.383,-3.116
-2.577,-2.967
2.042,-2.781
1.842,-3.068
1.805,-3.177
1.513,-3.01
1.57,-2.985
0.467,-3.012
0.283,1.169
0.211,1.271
-0.215,1.456
-0.675,1.376
-1.8,1.473
-2.169,1.17
-2.032,1.176
-2.39,1.213
-2.267,1.294
-2.502,1.511
-2.669,1.484
-2.791,1.211
3.102,1.329
2.957,1.246
3.072,1.609
3.079,1.327
2.595,1.49
2.263,1.638
2.0,1.561
1.568,1.421
1.109,1.39
1.003,1.436
0.964,1.398
-2.463,-0.971
-2.911,-1.569
2.139,-2.736
1.877,-1.418
1.542,-0.733
-1.707,-0.186
3.104,0.558
1.023,-0.489
1.002,-0.69
0.946,-0.346
0.724,-1.809
0.016,0.155
-0.964,-1.469
-1.059,-1.181
-1.208,-0.672
-0.943,-3.041
-2.963,-2.565
3.101,1.278
1.336,0.854
1.248,1.087
1.02,1.014
1.095,0.833
1.994,0.998
2.464,1.445
-0.034,-2.803
-0.034,-1.285
0.019,-0.766
0.012,-0.521
-0.142,-0.51
-0.188,0.564
-0.179,-0.451
-0.299,-0.427
-0.221,-0.046
-0.312,0.271
-0.298,-0.281
-0.292,-0.067
-0.455,-3.154
-0.432,-2.474
-0.45,0.493
-0.525,-2.123
-0.497,-0.97
-0.587,-2.836
-0.59,-2.407
-0.605,-2.834
-0.646,-0.77
-0.579,-2.775
-0.693,-0.141
-0.63,-0.797
-0.744,-0.682
-0.683,-3.17
-0.678,-3.148
-0.707,-0.125
-0.703,0.705
-0.794,-0.343
-0.753,-2.519
-0.772,-2.412
-0.878,0.539
-0.925,0.688
-0.855,-1.023
-0.897,-2.316
-0.972,-1.587
-0.898,-1.529
-1.002,0.308
-0.99,-2.323
-0.96,-1.849
-1.047,-1.807
-1.123,-1.708
-1.138,-1.629
-1.147,-1.049
-1.188,-2.035
-1.25,-1.997
-1.358,-0.032
-1.453,-1.032
-1.566,-1.701
-1.506,-0.082
-1.565,-2.058
-1.66,-2.543
-1.653,-2.398
-1.701,-0.862
-1.637,-1.254
-1.678,-1.311
-1.777,-0.072
-1.774,-2.343
-1.839,-3.258
-1.868,-2.582
-1.824,-2.14
-1.879,-1.437
-1.998,-0.226
-2.016,-0.281
-2.032,0.171
-2.014,-1.239
-2.038,0.401
-2.107,-2.144
-2.124,0.688
-2.181,-0.137
-2.217,-1.594
-2.205,-1.536
-2.284,-0.703
-2.351,-2.277
-2.382,-1.155
-2.39,-1.761
-2.331,-0.847
-2.446,-2.324
-2.374,0.006
-2.446,0.544
-2.527,-1.323
-2.535,-0.467
-2.472,-1.105
-2.536,-0.679
-2.594,-2.783
-2.584,-0.412
-2.633,-2.898
-2.709,-3.119
-2.71,-0.13
-2.73,-1.702
-2.795,-0.944
-2.764,-3.153
-2.772,-1.005
-2.771,-1.057
-2.786,0.38
-2.798,0.158
-2.802,-1.365
-2.82,-1.611
-2.9,-2.366
-2.893,-1.324
-2.893,-1.928
-2.832,-1.402
-2.897,-0.76
-2.937,-0.241
-3.005,-1.521
-2.96,-1.822
-3.059,-3.01
-3.081,-2.126
-3.081,-2.859
-3.02,0.597
-3.06,-0.74
-3.137,0.23
-3.125,-1.528
3.12,0.718
3.099,-1.034
-3.131,-1.56
3.138,-0.479
3.05,0.269
3.038,0.369
3.003,-2.335
3.078,-1.982
3.001,-2.596
3.052,-0.921
3.004,-0.447
2.978,-0.825
2.909,-2.951
2.913,-3.16
2.904,-0.886
2.857,-0.393
2.816,0.142
2.88,-1.094
2.817,-2.543
2.802,-0.723
2.708,0.594
2.694,-1.822
2.633,-1.509
2.572,-1.545
2.564,-2.03
2.602,-0.954
2.534,-1.273
2.599,0.291
2.557,-0.03
2.507,-3.102
2.428,0.11
2.364,-2.402
2.373,-1.207
2.405,-0.248
2.338,-1.659
2.187,0.66
2.105,-2.273
2.089,-3.064
2.08,0.243
2.067,-2.881
1.984,-2.369
1.888,-1.184
1.919,-1.062
1.828,-1.243
1.858,0.552
1.801,-0.946
1.729,-1.712
1.719,-0.161
1.705,-1.795
1.631,-0.056
1.683,-0.457
1.6,-0.658
1.581,-1.762
1.569,-1.033
1.606,-1.548
1.568,-1.708
1.551,-1.922
1.493,-2.306
1.505,0.107
1.468,-1.163
1.478,-0.689
1.448,-3.199
1.43,-0.953
1.325,-1.139
1.291,-0.823
1.307,-0.53
1.243,-1.54
1.107,-3.012
1.038,-2.102
1.001,-1.909
1.061,-1.731
1.039,-2.0
0.972,-3.121
0.945,-0.76
0.94,-0.652
0.861,-1.538
0.891,-0.855
0.813,0.515
0.867,-1.399
0.887,-0.388
0.808,-1.079
0.847,-3.221
0.802,-1.733
0.86,-2.797
0.821,-1.893
0.71,-2.095
0.703,-1.713
0.635,-1.766
0.688,-2.185
0.661,-1.562
0.608,-1.198
0.64,-1.792
0.657,-1.164
0.639,-3.08
0.624,-2.074
0.596,-0.575
0.596,-1.504
0.598,-1.014
0.561,-0.528
0.557,0.47
0.528,-3.159
-0.168,-3.276
-0.216,-3.213
-1.1,-3.354
-1.451,-3.315
-2.132,-3.447
-2.115,-3.308
-2.635,-3.55
-2.645,-3.294
-2.675,-3.345
2.522,-3.542
1.981,-3.303
1.784,-3.523
1.222,-3.376
0.814,-3.678
0.447,1.086
0.408,0.978
0.225,0.811
-0.214,0.865
-0.204,1.131
-0.653,1.174
-1.041,1.016
-1.278,0.796
-1.267,1.094
-1.876,1.042
-1.995,0.931
-2.12,0.852
-2.215,0.809
-2.744,0.979
-3.037,0.882
3.035,1.039
2.791,1.2
2.71,0.912
1.96,1.223
1.719,0.772
1.438,0.908
1.016,0.934
0.908,0.984
0.919,0.862
0.549,1.091
0.243,0.714
-0.063,-1.914
-0.155,-2.677
-0.825,-0.753
-0.808,-3.057
-1.251,-2.069
-2.717,-2.904
3.085,-0.907
2.252,0.402
1.958,-0.322
1.502,-2.191
1.029,-2.53
2.49,-3.458
2.432,0.981
0.583,0.748
0.559,-1.449
0.412,-1.767
0.492,-1.906
0.424,0.653
0.311,-2.08
0.182,0.25
0.303,-3.023
0.23,-0.129
0.208,-1.582
0.206,-0.241
0.145,-0.613
0.053,-0.138
-0.058,-0.296
0.033,-1.411
-0.166,0.553
-0.209,-1.545
-0.269,-2.325
-0.29,-0.23
-0.44,-3.244
-0.5,-1.189
-0.405,-1.339
-0.515,-2.969
-0.626,-0.805
-0.621,-1.194
-0.935,-0.557
-0.822,0.441
-0.944,-1.288
-0.964,0.64
-1.023,0.55
-1.129,-1.619
-1.197,-0.635
-1.214,-1.44
-1.448,0.691
-1.428,-3.129
-1.442,-2.923
-1.669,0.44
-1.579,-2.669
-1.777,-3.045
-1.937,-1.074
-1.934,-1.859
-1.874,-2.078
-1.886,-3.227
-1.935,-0.423
-1.963,-2.127
-2.108,-1.714
-2.106,0.566
-2.061,-2.175
-2.512,-2.725
-2.383,-2.157
-2.488,-0.943
-2.484,-1.938
-2.61,-2.877
-2.517,0.279
-2.6,-1.696
-2.639,0.106
-2.818,-1.262
-2.861,-1.28
-2.861,0.574
-2.798,-0.051
-2.949,-2.111
-2.954,-2.126
-2.821,-2.566
-2.978,-1.409
-2.87,0.68
-2.884,-0.461
-3.019,-2.772
-2.903,-0.556
-2.92,-0.384
-2.908,-2.171
-3.008,-2.02
-3.117,-0.919
3.096,-0.154
-3.11,-3.215
-3.121,-0.832
3.04,0.727
2.993,-1.203
3.104,-2.93
3.026,-1.4
2.964,-1.68
2.777,0.392
2.812,-3.099
2.781,0.105
2.647,-2.633
2.744,-1.934
2.632,-0.493
2.705,-2.916
2.532,-0.914
2.492,-3.056
2.61,-0.425
2.474,-3.008
2.412,-2.984
2.276,-0.874
2.388,-1.843
2.265,-3.107
2.312,-3.259
2.308,-2.982
2.27,-1.907
2.106,-0.313
1.935,0.381
1.824,-1.516
1.806,-1.792
1.8,-1.748
1.802,-0.804
1.796,-0.857
1.774,-0.922
1.667,-1.09
1.635,-2.491
1.6,-0.998
1.537,-2.579
1.495,-1.782
1.437,-1.281
1.126,-1.95
1.231,-1.915
0.96,-1.837
1.082,-1.503
1.031,-2.122
0.908,-3.112
0.715,0.544
0.839,-1.229
0.691,-1.005
0.681,-2.94
0.763,0.211
0.596,-2.413
0.593,-0.348
0.58,0.256
0.483,-1.181
0.574,-1.588
0.286,-3.465
-0.184,-3.234
-0.417,-3.516
-0.732,-3.572
-0.85,-3.521
-1.26,-3.317
-1.895,-3.584
-2.372,-3.528
-2.566,-3.379
2.053,-3.193
1.853,-3.48
1.816,-3.589
1.524,-3.422
1.581,-3.397
0.478,-3.424
0.294,0.757
0.222,0.859
-0.204,1.044
-0.664,0.964
-1.789,1.061
-2.158,0.758
-2.021,0.764
-2.379,0.801
-2.256,0.882
-2.491,1.099
-2.658,1.072
-2.78,0.799
3.113,0.917
2.968,0.834
3.083,1.197
3.09,0.915
2.606,1.078
2.274,1.226
2.011,1.149
1.579,1.009
1.12,0.978
1.014,1.024
0.975,0.986
-2.452,-1.383
-2.9,-1.981
2.15,-3.148
1.888,-1.83
1.553,-1.145
-1.696,-0.598
3.115,0.146
1.034,-0.901
1.013,-1.102
0.957,-0.758
0.735,-2.221
0.027,-0.257
-0.953,-1.881
-1.048,-1.593
-1.197,-1.084
-0.932,-3.453
-2.952,-2.977
3.112,0.866
1.347,0.442
1.259,0.675
1.031,0.602
1.106,0.421
2.005,0.586
2.475,1.033
0.0,1.518
0.053,2.037
0.046,2.282
-0.108,2.293
-0.154,3.367
-0.145,2.352
-0.265,2.376
-0.187,2.757
-0.278,3.074
-0.264,2.522
-0.258,2.736
-0.421,-0.351
-0.398,0.329
-0.416,3.296
-0.491,0.68
-0.463,1.833
-0.553,-0.033
-0.556,0.396
-0.571,-0.031
-0.612,2.033
-0.545,0.028
-0.659,2.662
-0.596,2.006
-0.71,2.121
-0.649,-0.367
-0.644,-0.345
-0.673,2.678
-0.669,3.508
-0.76,2.46
-0.719,0.284
-0.738,0.391
-0.844,3.342
-0.891,3.491
-0.821,1.78
-0.863,0.487
-0.938,1.216
-0.864,1.274
-0.968,3.111
-0.956,0.48
-0.926,0.954
-1.013,0.996
-1.089,1.095
-1.104,1.174
-1.113,1.754
-1.154,0.768
-1.216,0.806
-1.324,2.771
-1.419,1.771
-1.532,1.102
-1.472,2.721
-1.531,0.745
-1.626,0.26
-1.619,0.405
-1.667,1.941
-1.603,1.549
-1.644,1.492
-1.743,2.731
-1.74,0.46
-1.805,-0.455
-1.834,0.221
-1.79,0.663
-1.845,1.366
-1.964,2.577
-1.982,2.522
-1.998,2.974
-1.98,1.564
-2.004,3.204
-2.073,0.659
-2.09,3.491
-2.147,2.666
-2.183,1.209
-2.171,1.267
-2.25,2.1
-2.317,0.526
-2.348,1.648
-2.356,1.042
-2.297,1.956
-2.412,0.479
-2.34,2.809
-2.412,3.347
-2.493,1.48
-2.501,2.336
-2.438,1.698
-2.502,2.124
-2.56,0.02
-2.55,2.391
-2.599,-0.095
-2.675,-0.316
-2.676,2.673
-2.696,1.101
-2.761,1.859
-2.73,-0.35
-2.738,1.798
-2.737,1.746
-2.752,3.183
-2.764,2.961
-2.768,1.438
-2.786,1.192
-2.866,0.437
-2.859,1.479
-2.859,0.875
-2.798,1.401
-2.863,2.043
-2.903,2.562
-2.971,1.282
-2.926,0.981
-3.025,-0.207
-3.047,0.677
-3.047,-0.056
-2.986,3.4
-3.026,2.063
-3.103,3.033
-3.091,1.275
-3.129,3.521
3.133,1.769
-3.097,1.243
-3.111,2.324
3.084,3.072
3.072,3.172
3.037,0.468
3.112,0.821
3.035,0.207
3.086,1.882
3.038,2.356
3.012,1.978
2.943,-0.148
2.947,-0.357
2.938,1.917
2.891,2.41
2.85,2.945
2.914,1.709
2.851,0.26
2.836,2.08
2.742,3.397
2.728,0.981
2.667,1.294
2.606,1.258
2.598,0.773
2.636,1.849
2.568,1.53
2.633,3.094
2.591,2.773
2.541,-0.299
2.462,2.913
2.398,0.401
2.407,1.596
2.439,2.555
2.372,1.144
2.221,3.463
2.139,0.53
2.123,-0.261
2.114,3.046
2.101,-0.078
2.018,0.434
1.922,1.619
1.953,1.741
1.862,1.56
1.892,3.355
1.835,1.857
1.763,1.091
1.753,2.642
1.739,1.008
1.665,2.747
1.717,2.346
1.634,2.145
1.615,1.041
1.603,1.77
1.64,1.255
1.602,1.095
1.585,0.881
1.527,0.497
1.539,2.91
1.502,1.64
1.512,2.114
1.482,-0.396
1.464,1.85
1.359,1.664
1.325,1.98
1.341,2.273
1.277,1.263
1.141,-0.209
1.072,0.701
1.035,0.894
1.095,1.072
1.073,0.803
1.006,-0.318
0.979,2.043
0.974,2.151
0.895,1.265
0.925,1.948
0.847,3.318
0.901,1.404
0.921,2.415
0.842,1.724
0.881,-0.418
0.836,1.07
0.894,0.006
0.855,0.91
0.744,0.708
0.737,1.09
0.669,1.037
0.722,0.618
0.695,1.241
0.642,1.605
0.674,1.011
0.691,1.639
0.673,-0.277
0.658,0.729
0.63,2.228
0.63,1.299
0.632,1.789
0.595,2.275
0.591,3.273
0.562,-0.356
-0.134,-0.473
-0.182,-0.41
-1.066,-0.551
-1.417,-0.512
-2.098,-0.644
-2.081,-0.505
-2.601,-0.747
-2.611,-0.491
-2.641,-0.542
2.556,-0.739
2.015,-0.5
1.818,-0.72
1.256,-0.573
0.848,-0.875
0.481,3.889
0.442,3.781
0.259,3.614
-0.18,3.668
-0.17,3.934
-0.619,3.977
-1.007,3.819
-1.244,3.599
-1.233,3.897
-1.842,3.845
-1.961,3.734
-2.086,3.655
-2.181,3.612
-2.71,3.782
-3.003,3.685
3.069,3.842
2.825,4.003
2.744,3.715
1.994,4.026
1.753,3.575
1.472,3.711
1.05,3.737
0.942,3.787
0.953,3.665
0.583,3.894
0.277,3.517
-0.029,0.889
-0.121,0.126
-0.791,2.05
-0.774,-0.254
-1.217,0.734
-2.683,-0.101
3.119,1.896
2.286,3.205
1.992,2.481
1.536,0.612
1.063,0.273
2.524,-0.655
2.466,3.784
0.617,3.551
0.593,1.354
0.446,1.036
0.526,0.897
0.458,3.456
0.345,0.723
0.216,3.053
0.337,-0.22
0.264,2.674
0.242,1.221
0.24,2.562
0.179,2.19
0.087,2.665
-0.024,2.507
0.067,1.392
-0.132,3.356
-0.175,1.258
-0.235,0.478
-0.256,2.573
-0.406,-0.441
-0.466,1.614
-0.371,1.464
-0.481,-0.166
-0.592,1.998
-0.587,1.609
-0.901,2.246
-0.788,3.244
-0.91,1.515
-0.93,3.443
-0.989,3.353
-1.095,1.184
-1.163,2.168
-1.18,1.363
-1.414,3.494
-1.394,-0.326
-1.408,-0.12
-1.635,3.243
-1.545,0.134
-1.743,-0.242
-1.903,1.729
-1.9,0.944
-1.84,0.725
-1.852,-0.424
-1.901,2.38
-1.929,0.676
-2.074,1.089
-2.072,3.369
-2.027,0.628
-2.478,0.078
-2.349,0.646
-2.454,1.86
-2.45,0.865
-2.576,-0.074
-2.483,3.082
-2.566,1.107
-2.605,2.909
-2.784,1.541
-2.827,1.523
-2.827,3.377
-2.764,2.752
-2.915,0.692
-2.92,0.677
-2.787,0.237
-2.944,1.394
-2.836,3.483
-2.85,2.342
-2.985,0.031
-2.869,2.247
-2.886,2.419
-2.874,0.632
-2.974,0.783
-3.083,1.884
3.13,2.649
-3.076,-0.412
-3.087,1.971
3.074,3.53
3.027,1.6
3.138,-0.127
3.06,1.403
2.998,1.123
2.811,3.195
2.846,-0.296
2.815,2.908
2.681,0.17
2.778,0.869
2.666,2.31
2.739,-0.113
2.566,1.889
2.526,-0.253
2.644,2.378
2.508,-0.205
2.446,-0.181
2.31,1.929
2.422,0.96
2.299,-0.304
2.346,-0.456
2.342,-0.179
2.304,0.896
2.14,2.49
1.969,3.184
1.858,1.287
1.84,1.011
1.834,1.055
1.836,1.999
1.83,1.946
1.808,1.881
1.701,1.713
1.669,0.312
1.634,1.805
1.571,0.224
1.529,1.021
1.471,1.522
1.16,0.853
1.265,0.888
0.994,0.966
1.116,1.3
1.065,0.681
0.942,-0.309
0.749,3.347
0.873,1.574
0.725,1.798
0.715,-0.137
0.797,3.014
0.63,0.39
0.627,2.455
0.614,3.059
0.517,1.622
0.608,1.215
0.32,-0.662
-0.15,-0.431
-0.383,-0.713
-0.698,-0.769
-0.816,-0.718
-1.226,-0.514
-1.861,-0.781
-2.338,-0.725
-2.532,-0.576
2.087,-0.39
1.887,-0.677
1.85,-0.786
1.558,-0.619
1.615,-0.594
0.512,-0.621
0.328,3.56
0.256,3.662
-0.17,3.847
-0.63,3.767
-1.755,3.864
-2.124,3.561
-1.987,3.567
-2.345,3.604
-2.222,3.685
-2.457,3.902
-2.624,3.875
-2.746,3.602
-3.136,3.72
3.002,3.637
3.117,4.0
3.124,3.718
2.64,3.881
2.308,4.029
2.045,3.952
1.613,3.812
1.154,3.781
1.048,3.827
1.009,3.789
-2.418,1.42
-2.866,0.822
2.184,-0.345
1.922,0.973
1.587,1.658
-1.662,2.205
-3.134,2.949
1.068,1.902
1.047,1.701
0.991,2.045
0.769,0.582
0.061,2.546
-0.919,0.922
-1.014,1.21
-1.163,1.719
-0.898,-0.65
-2.918,-0.174
-3.137,3.669
1.381,3.245
1.293,3.478
1.065,3.405
1.14,3.224
2.039,3.389
2.509,3.836
0.053,0.519
0.046,0.764
-0.108,0.775
-0.154,1.849
-0.145,0.834
-0.265,0.858
-0.187,1.239
-0.278,1.556
-0.264,1.004
-0.258,1.218
-0.421,-1.869
-0.398,-1.189
-0.416,1.778
-0.491,-0.838
-0.463,0.315
-0.553,-1.551
-0.556,-1.122
-0.571,-1.549
-0.612,0.515
-0.545,-1.49
-0.659,1.144
-0.596,0.488
-0.71,0.603
-0.649,-1.885
-0.644,-1.863
-0.673,1.16
-0.669,1.99
-0.76,0.942
-0.719,-1.234
-0.738,-1.127
-0.844,1.824
-0.891,1.973
-0.821,0.262
-0.863,-1.031
-0.938,-0.302
-0.864,-0.244
-0.968,1.593
-0.956,-1.038
-0.926,-0.564
-1.013,-0.522
-1.089,-0.423
-1.104,-0.344
-1.113,0.236
-1.154,-0.75
-1.216,-0.712
-1.324,1.253
-1.419,0.253
-1.532,-0.416
-1.472,1.203
-1.531,-0.773
-1.626,-1.258
-1.619,-1.113
-1.667,0.423
-1.603,0.031
-1.644,-0.026
-1.743,1.213
-1.74,-1.058
-1.805,-1.973
-1.834,-1.297
-1.79,-0.855
-1.845,-0.152
-1.964,1.059
-1.982,1.004
-1.998,1.456
-1.98,0.046
-2.004,1.686
-2.073,-0.859
-2.09,1.973
-2.147,1.148
-2.183,-0.309
-2.171,-0.251
-2.25,0.582
-2.317,-0.992
-2.348,0.13
-2.356,-0.476
-2.297,0.438
-2.412,-1.039
-2.34,1.291
-2.412,1.829
-2.493,-0.038
-2.501,0.818
-2.438,0.18
-2.502,0.606
-2.56,-1.498
-2.55,0.873
-2.599,-1.613
-2.675,-1.834
-2.676,1.155
-2.696,-0.417
-2.761,0.341
-2.73,-1.868
-2.738,0.28
-2.737,0.228
-2.752,1.665
-2.764,1.443
-2.768,-0.08
-2.786,-0.326
-2.866,-1.081
-2.859,-0.039
-2.859,-0.643
-2.798,-0.117
-2.863,0.525
-2.903,1.044
-2.971,-0.236
-2.926,-0.537
-3.025,-1.725
-3.047,-0.841
-3.047,-1.574
-2.986,1.882
-3.026,0.545
-3.103,1.515
-3.091,-0.243
-3.129,2.003
3.133,0.251
-3.097,-0.275
-3.111,0.806
3.084,1.554
3.072,1.654
3.037,-1.05
3.112,-0.697
3.035,-1.311
3.086,0.364
3.038,0.838
3.012,0.46
2.943,-1.666
2.947,-1.875
2.938,0.399
2.891,0.892
2.85,1.427
2.914,0.191
2.851,-1.258
2.836,0.562
2.742,1.879
2.728,-0.537
2.667,-0.224
2.606,-0.26
2.598,-0.745
2.636,0.331
2.568,0.012
2.633,1.576
2.591,1.255
2.541,-1.817
2.462,1.395
2.398,-1.117
2.407,0.078
2.439,1.037
2.372,-0.374
2.221,1.945
2.139,-0.988
2.123,-1.779
2.114,1.528
2.101,-1.596
2.018,-1.084
1.922,0.101
1.953,0.223
1.862,0.042
1.892,1.837
1.835,0.339
1.763,-0.427
1.753,1.124
1.739,-0.51
1.665,1.229
1.717,0.828
1.634,0.627
1.615,-0.477
1.603,0.252
1.64,-0.263
1.602,-0.423
1.585,-0.637
1.527,-1.021
1.539,1.392
1.502,0.122
1.512,0.596
1.482,-1.914
1.464,0.332
1.359,0.146
1.325,0.462
1.341,0.755
1.277,-0.255
1.141,-1.727
1.072,-0.817
1.035,-0.624
1.095,-0.446
1.073,-0.715
1.006,-1.836
0.979,0.525
0.974,0.633
0.895,-0.253
0.925,0.43
0.847,1.8
0.901,-0.114
0.921,0.897
0.842,0.206
0.881,-1.936
0.836,-0.448
0.894,-1.512
0.855,-0.608
0.744,-0.81
0.737,-0.428
0.669,-0.481
0.722,-0.9
0.695,-0.277
0.642,0.087
0.674,-0.507
0.691,0.121
0.673,-1.795
0.658,-0.789
0.63,0.71
0.63,-0.219
0.632,0.271
0.595,0.757
0.591,1.755
0.562,-1.874
-0.134,-1.991
-0.182,-1.928
-1.066,-2.069
-1.417,-2.03
-2.098,-2.162
-2.081,-2.023
-2.601,-2.265
-2.611,-2.009
-2.641,-2.06
2.556,-2.257
2.015,-2.018
1.818,-2.238
1.256,-2.091
0.848,-2.393
0.481,2.371
0.442,2.263
0.259,2.096
-0.18,2.15
-0.17,2.416
-0.619,2.459
-1.007,2.301
-1.244,2.081
-1.233,2.379
-1.842,2.327
-1.961,2.216
-2.086,2.137
-2.181,2.094
-2.71,2.264
-3.003,2.167
3.069,2.324
2.825,2.485
2.744,2.197
1.994,2.508
1.753,2.057
1.472,2.193
1.05,2.219
0.942,2.269
0.953,2.147
0.583,2.376
0.277,1.999
-0.029,-0.629
-0.121,-1.392
-0.791,0.532
-0.774,-1.772
-1.217,-0.784
-2.683,-1.619
3.119,0.378
2.286,1.687
1.992,0.963
1.536,-0.906
1.063,-1.245
2.524,-2.173
2.466,2.266
0.617,2.033
0.593,-0.164
0.446,-0.482
0.526,-0.621
0.458,1.938
0.345,-0.795
0.216,1.535
0.337,-1.738
0.264,1.156
0.242,-0.297
0.24,1.044
0.179,0.672
0.087,1.147
-0.024,0.989
0.067,-0.126
-0.132,1.838
-0.175,-0.26
-0.235,-1.04
-0.256,1.055
-0.406,-1.959
-0.466,0.096
-0.371,-0.054
-0.481,-1.684
-0.592,0.48
-0.587,0.091
-0.901,0.728
-0.788,1.726
-0.91,-0.003
-0.93,1.925
-0.989,1.835
-1.095,-0.334
-1.163,0.65
-1.18,-0.155
-1.414,1.976
-1.394,-1.844
-1.408,-1.638
-1.635,1.725
-1.545,-1.384
-1.743,-1.76
-1.903,0.211
-1.9,-0.574
-1.84,-0.793
-1.852,-1.942
-1.901,0.862
-1.929,-0.842
-2.074,-0.429
-2.072,1.851
-2.027,-0.89
-2.478,-1.44
-2.349,-0.872
-2.454,0.342
-2.45,-0.653
-2.576,-1.592
-2.483,1.564
-2.566,-0.411
-2.605,1.391
-2.784,0.023
-2.827,0.005
-2.827,1.859
-2.764,1.234
-2.915,-0.826
-2.92,-0.841
-2.787,-1.281
-2.944,-0.124
-2.836,1.965
-2.85,0.824
-2.985,-1.487
-2.869,0.729
-2.886,0.901
-2.874,-0.886
-2.974,-0.735
-3.083,0.366
3.13,1.131
-3.076,-1.93
-3.087,0.453
3.074,2.012
3.027,0.082
3.138,-1.645
3.06,-0.115
2.998,-0.395
2.811,1.677
2.846,-1.814
2.815,1.39
2.681,-1.348
2.778,-0.649
2.666,0.792
2.739,-1.631
2.566,0.371
2.526,-1.771
2.644,0.86
2.508,-1.723
2.446,-1.699
2.31,0.411
2.422,-0.558
2.299,-1.822
2.346,-1.974
2.342,-1.697
2.304,-0.622
2.14,0.972
1.969,1.666
1.858,-0.231
1.84,-0.507
1.834,-0.463
1.836,0.481
1.83,0.428
1.808,0.363
1.701,0.195
1.669,-1.206
1.634,0.287
1.571,-1.294
1.529,-0.497
1.471,0.004
1.16,-0.665
1.265,-0.63
0.994,-0.552
1.116,-0.218
1.065,-0.837
0.942,-1.827
0.749,1.829
0.873,0.056
0.725,0.28
0.715,-1.655
0.797,1.496
0.63,-1.128
0.627,0.937
0.614,1.541
0.517,0.104
0.608,-0.303
0.32,-2.18
-0.15,-1.949
-0.383,-2.231
-0.698,-2.287
-0.816,-2.236
-1.226,-2.032
-1.861,-2.299
-2.338,-2.243
-2.532,-2.094
2.087,-1.908
1.887,-2.195
1.85,-2.304
1.558,-2.137
1.615,-2.112
0.512,-2.139
0.328,2.042
0.256,2.144
-0.17,2.329
-0.63,2.249
-1.755,2.346
-2.124,2.043
-1.987,2.049
-2.345,2.086
-2.222,2.167
-2.457,2.384
-2.624,2.357
-2.746,2.084
-3.136,2.202
3.002,2.119
3.117,2.482
3.124,2.2
2.64,2.363
2.308,2.511
2.045,2.434
1.613,2.294
1.154,2.263
1.048,2.309
1.009,2.271
-2.418,-0.098
-2.866,-0.696
2.184,-1.863
1.922,-0.545
1.587,0.14
-1.662,0.687
-3.134,1.431
1.068,0.384
1.047,0.183
0.991,0.527
0.769,-0.936
0.061,1.028
-0.919,-0.596
-1.014,-0.308
-1.163,0.201
-0.898,-2.168
-2.918,-1.692
-3.137,2.151
1.381,1.727
1.293,1.96
1.065,1.887
1.14,1.706
2.039,1.871
2.509,2.318
-0.007,0.245
-0.161,0.256
-0.207,1.33
-0.198,0.315
-0.318,0.339
-0.24,0.72
-0.331,1.037
-0.317,0.485
-0.311,0.699
-0.474,-2.388
-0.451,-1.708
-0.469,1.259
-0.544,-1.357
-0.516,-0.204
-0.606,-2.07
-0.609,-1.641
-0.624,-2.068
-0.665,-0.004
-0.598,-2.009
-0.712,0.625
-0.649,-0.031
-0.763,0.084
-0.702,-2.404
-0.697,-2.382
-0.726,0.641
-0.722,1.471
-0.813,0.423
-0.772,-1.753
-0.791,-1.646
-0.897,1.305
-0.944,1.454
-0.874,-0.257
-0.916,-1.55
-0.991,-0.821
-0.917,-0.763
-1.021,1.074
-1.009,-1.557
-0.979,-1.083
-1.066,-1.041
-1.142,-0.942
-1.157,-0.863
-1.166,-0.283
-1.207,-1.269
-1.269,-1.231
-1.377,0.734
-1.472,-0.266
-1.585,-0.935
-1.525,0.684
-1.584,-1.292
-1.679,-1.777
-1.672,-1.632
-1.72,-0.096
-1.656,-0.488
-1.697,-0.545
-1.796,0.694
-1.793,-1.577
-1.858,-2.492
-1.887,-1.816
-1.843,-1.374
-1.898,-0.671
-2.017,0.54
-2.035,0.485
-2.051,0.937
-2.033,-0.473
-2.057,1.167
-2.126,-1.378
-2.143,1.454
-2.2,0.629
-2.236,-0.828
-2.224,-0.77
-2.303,0.063
-2.37,-1.511
-2.401,-0.389
-2.409,-0.995
-2.35,-0.081
-2.465,-1.558
-2.393,0.772
-2.465,1.31
-2.546,-0.557
-2.554,0.299
-2.491,-0.339
-2.555,0.087
-2.613,-2.017
-2.603,0.354
-2.652,-2.132
-2.728,-2.353
-2.729,0.636
-2.749,-0.936
-2.814,-0.178
-2.783,-2.387
-2.791,-0.239
-2.79,-0.291
-2.805,1.146
-2.817,0.924
-2.821,-0.599
-2.839,-0.845
-2.919,-1.6
-2.912,-0.558
-2.912,-1.162
-2.851,-0.636
-2.916,0.006
-2.956,0.525
-3.024,-0.755
-2.979,-1.056
-3.078,-2.244
-3.1,-1.36
-3.1,-2.093
-3.039,1.363
-3.079,0.026
3.127,0.996
3.139,-0.762
3.101,1.484
3.08,-0.268
3.133,-0.794
3.119,0.287
3.031,1.035
3.019,1.135
2.984,-1.569
3.059,-1.216
2.982,-1.83
3.033,-0.155
2.985,0.319
2.959,-0.059
2.89,-2.185
2.894,-2.394
2.885,-0.12
2.838,0.373
2.797,0.908
2.861,-0.328
2.798,-1.777
2.783,0.043
2.689,1.36
2.675,-1.056
2.614,-0.743
2.553,-0.779
2.545,-1.264
2.583,-0.188
2.515,-0.507
2.58,1.057
2.538,0.736
2.488,-2.336
2.409,0.876
2.345,-1.636
2.354,-0.441
2.386,0.518
2.319,-0.893
2.168,1.426
2.086,-1.507
2.07,-2.298
2.061,1.009
2.048,-2.115
1.965,-1.603
1.869,-0.418
1.9,-0.296
1.809,-0.477
1.839,1.318
1.782,-0.18
1.71,-0.946
1.7,0.605
1.686,-1.029
1.612,0.71
1.664,0.309
1.581,0.108
1.562,-0.996
1.55,-0.267
1.587,-0.782
1.549,-0.942
1.532,-1.156
1.474,-1.54
1.486,0.873
1.449,-0.397
1.459,0.077
1.429,-2.433
1.411,-0.187
1.306,-0.373
1.272,-0.057
1.288,0.236
1.224,-0.774
1.088,-2.246
1.019,-1.336
0.982,-1.143
1.042,-0.965
1.02,-1.234
0.953,-2.355
0.926,0.006
0.921,0.114
0.842,-0.772
0.872,-0.089
0.794,1.281
0.848,-0.633
0.868,0.378
0.789,-0.313
0.828,-2.455
0.783,-0.967
0.841,-2.031
0.802,-1.127
0.691,-1.329
0.684,-0.947
0.616,-1.0
0.669,-1.419
0.642,-0.796
0.589,-0.432
0.621,-1.026
0.638,-0.398
0.62,-2.314
0.605,-1.308
0.577,0.191
0.577,-0.738
0.579,-0.248
0.542,0.238
0.538,1.236
0.509,-2.393
-0.187,-2.51
-0.235,-2.447
-1.119,-2.588
-1.47,-2.549
-2.151,-2.681
-2.134,-2.542
-2.654,-2.784
-2.664,-2.528
-2.694,-2.579
2.503,-2.776
1.962,-2.537
1.765,-2.757
1.203,-2.61
0.795,-2.912
0.428,1.852
0.389,1.744
0.206,1.577
-0.233,1.631
-0.223,1.897
-0.672,1.94
-1.06,1.782
-1.297,1.562
-1.286,1.86
-1.895,1.808
-2.014,1.697
-2.139,1.618
-2.234,1.575
-2.763,1.745
-3.056,1.648
3.016,1.805
2.772,1.966
2.691,1.678
1.941,1.989
1.7,1.538
1.419,1.674
0.997,1.7
0.889,1.75
0.9,1.628
0.53,1.857
0.224,1.48
-0.082,-1.148
-0.174,-1.911
-0.844,0.013
-0.827,-2.291
-1.27,-1.303
-2.736,-2.138
3.066,-0.141
2.233,1.168
1.939,0.444
1.483,-1.425
1.01,-1.764
2.471,-2.692
2.413,1.747
0.564,1.514
0.54,-0.683
0.393,-1.001
0.473,-1.14
0.405,1.419
0.292,-1.314
0.163,1.016
0.284,-2.257
0.211,0.637
0.189,-0.816
0.187,0.525
0.126,0.153
0.034,0.628
-0.077,0.47
0.014,-0.645
-0.185,1.319
-0.228,-0.779
-0.288,-1.559
-0.309,0.536
-0.459,-2.478
-0.519,-0.423
-0.424,-0.573
-0.534,-2.203
-0.645,-0.039
-0.64,-0.428
-0.954,0.209
-0.841,1.207
-0.963,-0.522
-0.983,1.406
-1.042,1.316
-1.148,-0.853
-1.216,0.131
-1.233,-0.674
-1.467,1.457
-1.447,-2.363
-1.461,-2.157
-1.688,1.206
-1.598,-1.903
-1.796,-2.279
-1.956,-0.308
-1.953,-1.093
-1.893,-1.312
-1.905,-2.461
-1.954,0.343
-1.982,-1.361
-2.127,-0.948
-2.125,1.332
-2.08,-1.409
-2.531,-1.959
-2.402,-1.391
-2.507,-0.177
-2.503,-1.172
-2.629,-2.111
-2.536,1.045
-2.619,-0.93
-2.658,0.872
-2.837,-0.496
-2.88,-0.514
-2.88,1.34
-2.817,0.715
-2.968,-1.345
-2.973,-1.36
-2.84,-1.8
-2.997,-0.643
-2.889,1.446
-2.903,0.305
-3.038,-2.006
-2.922,0.21
-2.939,0.382
-2.927,-1.405
-3.027,-1.254
-3.136,-0.153
3.077,0.612
-3.129,-2.449
-3.14,-0.066
3.021,1.493
2.974,-0.437
3.085,-2.164
3.007,-0.634
2.945,-0.914
2.758,1.158
2.793,-2.333
2.762,0.871
2.628,-1.867
2.725,-1.168
2.613,0.273
2.686,-2.15
2.513,-0.148
2.473,-2.29
2.591,0.341
2.455,-2.242
2.393,-2.218
2.257,-0.108
2.369,-1.077
2.246,-2.341
2.293,-2.493
2.289,-2.216
2.251,-1.141
2.087,0.453
1.916,1.147
1.805,-0.75
1.787,-1.026
1.781,-0.982
1.783,-0.038
1.777,-0.091
1.755,-0.156
1.648,-0.324
1.616,-1.725
1.581,-0.232
1.518,-1.813
1.476,-1.016
1.418,-0.515
1.107,-1.184
1.212,-1.149
0.941,-1.071
1.063,-0.737
1.012,-1.356
0.889,-2.346
0.696,1.31
0.82,-0.463
0.672,-0.239
0.662,-2.174
0.744,0.977
0.577,-1.647
0.574,0.418
0.561,1.022
0.464,-0.415
0.555,-0.822
0.267,-2.699
-0.203,-2.468
-0.436,-2.75
-0.751,-2.806
-0.869,-2.755
-1.279,-2.551
-1.914,-2.818
-2.391,-2.762
-2.585,-2.613
2.034,-2.427
1.834,-2.714
1.797,-2.823
1.505,-2.656
1.562,-2.631
0.459,-2.658
0.275,1.523
0.203,1.625
-0.223,1.81
-0.683,1.73
-1.808,1.827
-2.177,1.524
-2.04,1.53
-2.398,1.567
-2.275,1.648
-2.51,1.865
-2.677,1.838
-2.799,1.565
3.094,1.683
2.949,1.6
3.064,1.963
3.071,1.681
2.587,1.844
2.255,1.992
1.992,1.915
1.56,1.775
1.101,1.744
0.995,1.79
0.956,1.752
-2.471,-0.617
-2.919,-1.215
2.131,-2.382
1.869,-1.064
1.534,-0.379
-1.715,0.168
3.096,0.912
1.015,-0.135
0.994,-0.336
0.938,0.008
0.716,-1.455
0.008,0.509
-0.972,-1.115
-1.067,-0.827
-1.216,-0.318
-0.951,-2.687
-2.971,-2.211
3.093,1.632
1.328,1.208
1.24,1.441
1.012,1.368
1.087,1.187
1.986,1.352
2.456,1.799
-0.154,0.011
-0.2,1.085
-0.191,0.07
-0.311,0.094
-0.233,0.475
-0.324,0.792
-0.31,0.24
-0.304,0.454
-0.467,-2.633
-0.444,-1.953
-0.462,1.014
-0.537,-1.602
-0.509,-0.449
-0.599,-2.315
-0.602,-1.886
-0.617,-2.313
-0.658,-0.249
-0.591,-2.254
-0.705,0.38
-0.642,-0.276
-0.756,-0.161
-0.695,-2.649
-0.69,-2.627
-0.719,0.396
-0.715,1.226
-0.806,0.178
-0.765,-1.998
-0.784,-1.891
-0.89,1.06
-0.937,1.209
-0.867,-0.502
-0.909,-1.795
-0.984,-1.066
-0.91,-1.008
-1.014,0.829
-1.002,-1.802
-0.972,-1.328
-1.059,-1.286
-1.135,-1.187
-1.15,-1.108
-1.159,-0.528
-1.2,-1.514
-1.262,-1.476
-1.37,0.489
-1.465,-0.511
-1.578,-1.18
-1.518,0.439
-1.577,-1.537
-1.672,-2.022
-1.665,-1.877
-1.713,-0.341
-1.649,-0.733
-1.69,-0.79
-1.789,0.449
-1.786,-1.822
-1.851,-2.737
-1.88,-2.061
-1.836,-1.619
-1.891,-0.916
-2.01,0.295
-2.028,0.24
-2.044,0.692
-2.026,-0.718
-2.05,0.922
-2.119,-1.623
-2.136,1.209
-2.193,0.384
-2.229,-1.073
-2.217,-1.015
-2.296,-0.182
-2.363,-1.756
-2.394,-0.634
-2.402,-1.24
-2.343,-0.326
-2.458,-1.803
-2.386,0.527
-2.458,1.065
-2.539,-0.802
-2.547,0.054
-2.484,-0.584
-2.548,-0.158
-2.606,-2.262
-2.596,0.109
-2.645,-2.377
-2.721,-2.598
-2.722,0.391
-2.742,-1.181
-2.807,-0.423
-2.776,-2.632
-2.784,-0.484
-2.783,-0.536
-2.798,0.901
-2.81,0.679
-2.814,-0.844
-2.832,-1.09
-2.912,-1.845
-2.905,-0.803
-2.905,-1.407
-2.844,-0.881
-2.909,-0.239
-2.949,0.28
-3.017,-1.0
-2.972,-1.301
-3.071,-2.489
-3.093,-1.605
-3.093,-2.338
-3.032,1.118
-3.072,-0.219
3.134,0.751
-3.137,-1.007
3.108,1.239
3.087,-0.513
3.14,-1.039
3.126,0.042
3.038,0.79
3.026,0.89
2.991,-1.814
3.066,-1.461
2.989,-2.075
3.04,-0.4
2.992,0.074
2.966,-0.304
2.897,-2.43
2.901,-2.639
2.892,-0.365
2.845,0.128
2.804,0.663
2.868,-0.573
2.805,-2.022
2.79,-0.202
2.696,1.115
2.682,-1.301
2.621,-0.988
2.56,-1.024
2.552,-1.509
2.59,-0.433
2.522,-0.752
2.587,0.812
2.545,0.491
2.495,-2.581
2.416,0.631
2.352,-1.881
2.361,-0.686
2.393,0.273
2.326,-1.138
2.175,1.181
2.093,-1.752
2.077,-2.543
2.068,0.764
2.055,-2.36
1.972,-1.848
1.876,-0.663
1.907,-0.541
1.816,-0.722
1.846,1.073
1.789,-0.425
1.717,-1.191
1.707,0.36
1.693,-1.274
1.619,0.465
1.671,0.064
1.588,-0.137
1.569,-1.241
1.557,-0.512
1.594,-1.027
1.556,-1.187
1.539,-1.401
1.481,-1.785
1.493,0.628
1.456,-0.642
1.466,-0.168
1.436,-2.678
1.418,-0.432
1.313,-0.618
1.279,-0.302
1.295,-0.009
1.231,-1.019
1.095,-2.491
1.026,-1.581
0.989,-1.388
1.049,-1.21
1.027,-1.479
0.96,-2.6
0.933,-0.239
0.928,-0.131
0.849,-1.017
0.879,-0.334
0.801,1.036
0.855,-0.878
0.875,0.133
0.796,-0.558
0.835,-2.7
0.79,-1.212
0.848,-2.276
0.809,-1.372
0.698,-1.574
0.691,-1.192
0.623,-1.245
0.676,-1.664
0.649,-1.041
0.596,-0.677
0.628,-1.271
0.645,-0.643
0.627,-2.559
0.612,-1.553
0.584,-0.054
0.584,-0.983
0.586,-0.493
0.549,-0.007
0.545,0.991
0.516,-2.638
-0.18,-2.755
-0.228,-2.692
-1.112,-2.833
-1.463,-2.794
-2.144,-2.926
-2.127,-2.787
-2.647,-3.029
-2.657,-2.773
-2.687,-2.824
2.51,-3.021
1.969,-2.782
1.772,-3.002
1.21,-2.855
0.802,-3.157
0.435,1.607
0.396,1.499
0.213,1.332
-0.226,1.386
-0.216,1.652
-0.665,1.695
-1.053,1.537
-1.29,1.317
-1.279,1.615
-1.888,1.563
-2.007,1.452
-2.132,1.373
-2.227,1.33
-2.756,1.5
-3.049,1.403
3.023,1.56
2.779,1.721
2.698,1.433
1.948,1.744
1.707,1.293
1.426,1.429
1.004,1.455
0.896,1.505
0.907,1.383
0.537,1.612
0.231,1.235
-0.075,-1.393
-0.167,-2.156
-0.837,-0.232
-0.82,-2.536
-1.263,-1.548
-2.729,-2.383
3.073,-0.386
2.24,0.923
1.946,0.199
1.49,-1.67
1.017,-2.009
2.478,-2.937
2.42,1.502
0.571,1.269
0.547,-0.928
0.4,-1.246
0.48,-1.385
0.412,1.174
0.299,-1.559
0.17,0.771
0.291,-2.502
0.218,0.392
0.196,-1.061
0.194,0.28
0.133,-0.092
0.041,0.383
-0.07,0.225
0.021,-0.89
-0.178,1.074
-0.221,-1.024
-0.281,-1.804
-0.302,0.291
-0.452,-2.723
-0.512,-0.668
-0.417,-0.818
-0.527,-2.448
-0.638,-0.284
-0.633,-0.673
-0.947,-0.036
-0.834,0.962
-0.956,-0.767
-0.976,1.161
-1.035,1.071
-1.141,-1.098
-1.209,-0.114
-1.226,-0.919
-1.46,1.212
-1.44,-2.608
-1.454,-2.402
-1.681,0.961
-1.591,-2.148
-1.789,-2.524
-1.949,-0.553
-1.946,-1.338
-1.886,-1.557
-1.898,-2.706
-1.947,0.098
-1.975,-1.606
-2.12,-1.193
-2.118,1.087
-2.073,-1.654
-2.524,-2.204
-2.395,-1.636
-2.5,-0.422
-2.496,-1.417
-2.622,-2.356
-2.529,0.8
-2.612,-1.175
-2.651,0.627
-2.83,-0.741
-2.873,-0.759
-2.873,1.095
-2.81,0.47
-2.961,-1.59
-2.966,-1.605
-2.833,-2.045
-2.99,-0.888
-2.882,1.201
-2.896,0.06
-3.031,-2.251
-2.915,-0.035
-2.932,0.137
-2.92,-1.65
-3.02,-1.499
-3.129,-0.398
3.084,0.367
-3.122,-2.694
-3.133,-0.311
3.028,1.248
2.981,-0.682
3.092,-2.409
3.014,-0.879
2.952,-1.159
2.765,0.913
2.8,-2.578
2.769,0.626
2.635,-2.112
2.732,-1.413
2.62,0.028
2.693,-2.395
2.52,-0.393
2.48,-2.535
2.598,0.096
2.462,-2.487
2.4,-2.463
2.264,-0.353
2.376,-1.322
2.253,-2.586
2.3,-2.738
2.296,-2.461
2.258,-1.386
2.094,0.208
1.923,0.902
1.812,-0.995
1.794,-1.271
1.788,-1.227
1.79,-0.283
1.784,-0.336
1.762,-0.401
1.655,-0.569
1.623,-1.97
1.588,-0.477
1.525,-2.058
1.483,-1.261
1.425,-0.76
1.114,-1.429
1.219,-1.394
0.948,-1.316
1.07,-0.982
1.019,-1.601
0.896,-2.591
0.703,1.065
0.827,-0.708
0.679,-0.484
0.669,-2.419
0.751,0.732
0.584,-1.892
0.581,0.173
0.568,0.777
0.471,-0.66
0.562,-1.067
0.274,-2.944
-0.196,-2.713
-0.429,-2.995
-0.744,-3.051
-0.862,-3.0
-1.272,-2.796
-1.907,-3.063
-2.384,-3.007
-2.578,-2.858
2.041,-2.672
1.841,-2.959
1.804,-3.068
1.512,-2.901
1.569,-2.876
0.466,-2.903
0.282,1.278
0.21,1.38
-0.216,1.565
-0.676,1.485
-1.801,1.582
-2.17,1.279
-2.033,1.285
-2.391,1.322
-2.268,1.403
-2.503,1.62
-2.67,1.593
-2.792,1.32
3.101,1.438
2.956,1.355
3.071,1.718
3.078,1.436
2.594,1.599
2.262,1.747
1.999,1.67
1.567,1.53
1.108,1.499
1.002,1.545
0.963,1.507
-2.464,-0.862
-2.912,-1.46
2.138,-2.627
1.876,-1.309
1.541,-0.624
-1.708,-0.077
3.103,0.667
1.022,-0.38
1.001,-0.581
0.945,-0.237
0.723,-1.7
0.015,0.264
-0.965,-1.36
-1.06,-1.072
-1.209,-0.563
-0.944,-2.932
-2.964,-2.456
3.1,1.387
1.335,0.963
1.247,1.196
1.019,1.123
1.094,0.942
1.993,1.107
2.463,1.554
-0.046,1.074
-0.037,0.059
-0.157,0.083
-0.079,0.464
-0.17,0.781
-0.156,0.229
-0.15,0.443
-0.313,-2.644
-0.29,-1.964
-0.308,1.003
-0.383,-1.613
-0.355,-0.46
-0.445,-2.326
-0.448,-1.897
-0.463,-2.324
-0.504,-0.26
-0.437,-2.265
-0.551,0.369
-0.488,-0.287
-0.602,-0.172
-0.541,-2.66
-0.536,-2.638
-0.565,0.385
-0.561,1.215
-0.652,0.167
-0.611,-2.009
-0.63,-1.902
-0.736,1.049
-0.783,1.198
-0.713,-0.513
-0.755,-1.806
-0.83,-1.077
-0.756,-1.019
-0.86,0.818
-0.848,-1.813
-0.818,-1.339
-0.905,-1.297
-0.981,-1.198
-0.996,-1.119
-1.005,-0.539
-1.046,-1.525
-1.108,-1.487
-1.216,0.478
-1.311,-0.522
-1.424,-1.191
-1.364,0.428
-1.423,-1.548
-1.518,-2.033
-1.511,-1.888
-1.559,-0.352
-1.495,-0.744
-1.536,-0.801
-1.635,0.438
-1.632,-1.833
-1.697,-2.748
-1.726,-2.072
-1.682,-1.63
-1.737,-0.927
-1.856,0.284
-1.874,0.229
-1.89,0.681
-1.872,-0.729
-1.896,0.911
-1.965,-1.634
-1.982,1.198
-2.039,0.373
-2.075,-1.084
-2.063,-1.026
-2.142,-0.193
-2.209,-1.767
-2.24,-0.645
-2.248,-1.251
-2.189,-0.337
-2.304,-1.814
-2.232,0.516
-2.304,1.054
-2.385,-0.813
-2.393,0.043
-2.33,-0.595
-2.394,-0.169
-2.452,-2.273
-2.442,0.098
-2.491,-2.388
-2.567,-2.609
-2.568,0.38
-2.588,-1.192
-2.653,-0.434
-2.622,-2.643
-2.63,-0.495
-2.629,-0.547
-2.644,0.89
-2.656,0.668
-2.66,-0.855
-2.678,-1.101
-2.758,-1.856
-2.751,-0.814
-2.751,-1.418
-2.69,-0.892
-2.755,-0.25
-2.795,0.269
-2.863,-1.011
-2.818,-1.312
-2.917,-2.5
-2.939,-1.616
-2.939,-2.349
-2.878,1.107
-2.918,-0.23
-2.995,0.74
-2.983,-1.018
-3.021,1.228
-3.042,-0.524
-2.989,-1.05
-3.003,0.031
-3.091,0.779
-3.103,0.879
-3.138,-1.825
-3.063,-1.472
-3.14,-2.086
-3.089,-0.411
-3.137,0.063
3.12,-0.315
3.051,-2.441
3.055,-2.65
3.046,-0.376
2.999,0.117
2.958,0.652
3.022,-0.584
2.959,-2.033
2.944,-0.213
2.85,1.104
2.836,-1.312
2.775,-0.999
2.714,-1.035
2.706,-1.52
2.744,-0.444
2.676,-0.763
2.741,0.801
2.699,0.48
2.649,-2.592
2.57,0.62
2.506,-1.892
2.515,-0.697
2.547,0.262
2.48,-1.149
2.329,1.17
2.247,-1.763
2.231,-2.554
2.222,0.753
2.209,-2.371
2.126,-1.859
2.03,-0.674
2.061,-0.552
1.97,-0.733
2.0,1.062
1.943,-0.436
1.871,-1.202
1.861,0.349
1.847,-1.285
1.773,0.454
1.825,0.053
1.742,-0.148
1.723,-1.252
1.711,-0.523
1.748,-1.038
1.71,-1.198
1.693,-1.412
1.635,-1.796
1.647,0.617
1.61,-0.653
1.62,-0.179
1.59,-2.689
1.572,-0.443
1.467,-0.629
1.433,-0.313
1.449,-0.02
1.385,-1.03
1.249,-2.502
1.18,-1.592
1.143,-1.399
1.203,-1.221
1.181,-1.49
1.114,-2.611
1.087,-0.25
1.082,-0.142
1.003,-1.028
1.033,-0.345
0.955,1.025
1.009,-0.889
1.029,0.122
0.95,-0.569
0.989,-2.711
0.944,-1.223
1.002,-2.287
0.963,-1.383
0.852,-1.585
0.845,-1.203
0.777,-1.256
0.83,-1.675
0.803,-1.052
0.75,-0.688
0.782,-1.282
0.799,-0.654
0.781,-2.57
0.766,-1.564
0.738,-0.065
0.738,-0.994
0.74,-0.504
0.703,-0.018
0.699,0.98
0.67,-2.649
-0.026,-2.766
-0.074,-2.703
-0.958,-2.844
-1.309,-2.805
-1.99,-2.937
-1.973,-2.798
-2.493,-3.04
-2.503,-2.784
-2.533,-2.835
2.664,-3.032
2.123,-2.793
1.926,-3.013
1.364,-2.866
0.956,-3.168
0.589,1.596
0.55,1.488
0.367,1.321
-0.072,1.375
-0.062,1.641
-0.511,1.684
-0.899,1.526
-1.136,1.306
-1.125,1.604
-1.734,1.552
-1.853,1.441
-1.978,1.362
-2.073,1.319
-2.602,1.489
-2.895,1.392
-3.106,1.549
2.933,1.71
2.852,1.422
2.102,1.733
1.861,1.282
1.58,1.418
1.158,1.444
1.05,1.494
1.061,1.372
0.691,1.601
0.385,1.224
0.079,-1.404
-0.013,-2.167
-0.683,-0.243
-0.666,-2.547
-1.109,-1.559
-2.575,-2.394
-3.056,-0.397
2.394,0.912
2.1,0.188
1.644,-1.681
1.171,-2.02
2.632,-2.948
2.574,1.491
0.725,1.258
0.701,-0.939
0.554,-1.257
0.634,-1.396
0.566,1.163
0.453,-1.57
0.324,0.76
0.445,-2.513
0.372,0.381
0.35,-1.072
0.348,0.269
0.287,-0.103
0.195,0.372
0.084,0.214
0.175,-0.901
-0.024,1.063
-0.067,-1.035
-0.127,-1.815
-0.148,0.28
-0.298,-2.734
-0.358,-0.679
-0.263,-0.829
-0.373,-2.459
-0.484,-0.295
-0.479,-0.684
-0.793,-0.047
-0.68,0.951
-0.802,-0.778
-0.822,1.15
-0.881,1.06
-0.987,-1.109
-1.055,-0.125
-1.072,-0.93
-1.306,1.201
-1.286,-2.619
-1.3,-2.413
-1.527,0.95
-1.437,-2.159
-1.635,-2.535
-1.795,-0.564
-1.792,-1.349
-1.732,-1.568
-1.744,-2.717
-1.793,0.087
-1.821,-1.617
-1.966,-1.204
-1.964,1.076
-1.919,-1.665
-2.37,-2.215
-2.241,-1.647
-2.346,-0.433
-2.342,-1.428
-2.468,-2.367
-2.375,0.789
-2.458,-1.186
-2.497,0.616
-2.676,-0.752
-2.719,-0.77
-2.719,1.084
-2.656,0.459
-2.807,-1.601
-2.812,-1.616
-2.679,-2.056
-2.836,-0.899
-2.728,1.19
-2.742,0.049
-2.877,-2.262
-2.761,-0.046
-2.778,0.126
-2.766,-1.661
-2.866,-1.51
-2.975,-0.409
-3.045,0.356
-2.968,-2.705
-2.979,-0.322
-3.101,1.237
3.135,-0.693
-3.037,-2.42
-3.115,-0.89
3.106,-1.17
2.919,0.902
2.954,-2.589
2.923,0.615
2.789,-2.123
2.886,-1.424
2.774,0.017
2.847,-2.406
2.674,-0.404
2.634,-2.546
2.752,0.085
2.616,-2.498
2.554,-2.474
2.418,-0.364
2.53,-1.333
2.407,-2.597
2.454,-2.749
2.45,-2.472
2.412,-1.397
2.248,0.197
2.077,0.891
1.966,-1.006
1.948,-1.282
1.942,-1.238
1.944,-0.294
1.938,-0.347
1.916,-0.412
1.809,-0.58
1.777,-1.981
1.742,-0.488
1.679,-2.069
1.637,-1.272
1.579,-0.771
1.268,-1.44
1.373,-1.405
1.102,-1.327
1.224,-0.993
1.173,-1.612
1.05,-2.602
0.857,1.054
0.981,-0.719
0.833,-0.495
0.823,-2.43
0.905,0.721
0.738,-1.903
0.735,0.162
0.722,0.766
0.625,-0.671
0.716,-1.078
0.428,-2.955
-0.042,-2.724
-0.275,-3.006
-0.59,-3.062
-0.708,-3.011
-1.118,-2.807
-1.753,-3.074
-2.23,-3.018
-2.424,-2.869
2.195,-2.683
1.995,-2.97
1.958,-3.079
1.666,-2.912
1.723,-2.887
0.62,-2.914
0.436,1.267
0.364,1.369
-0.062,1.554
-0.522,1.474
-1.647,1.571
-2.016,1.268
-1.879,1.274
-2.237,1.311
-2.114,1.392
-2.349,1.609
-2.516,1.582
-2.638,1.309
-3.028,1.427
3.11,1.344
-3.058,1.707
-3.051,1.425
2.748,1.588
2.416,1.736
2.153,1.659
1.721,1.519
1.262,1.488
1.156,1.534
1.117,1.496
-2.31,-0.873
-2.758,-1.471
2.292,-2.638
2.03,-1.32
1.695,-0.635
-1.554,-0.088
-3.026,0.656
1.176,-0.391
1.155,-0.592
1.099,-0.248
0.877,-1.711
0.169,0.253
-0.811,-1.371
-0.906,-1.083
-1.055,-0.574
-0.79,-2.943
-2.81,-2.467
-3.029,1.376
1.489,0.952
1.401,1.185
1.173,1.112
1.248,0.931
2.147,1.096
2.617,1.543
0.009,-1.015
-0.111,-0.991
-0.033,-0.61
-0.124,-0.293
-0.11,-0.845
-0.104,-0.631
-0.267,-3.718
-0.244,-3.038
-0.262,-0.071
-0.337,-2.687
-0.309,-1.534
-0.399,-3.4
-0.402,-2.971
-0.417,-3.398
-0.458,-1.334
-0.391,-3.339
-0.505,-0.705
-0.442,-1.361
-0.556,-1.246
-0.495,-3.734
-0.49,-3.712
-0.519,-0.689
-0.515,0.141
-0.606,-0.907
-0.565,-3.083
-0.584,-2.976
-0.69,-0.025
-0.737,0.124
-0.667,-1.587
-0.709,-2.88
-0.784,-2.151
-0.71,-2.093
-0.814,-0.256
-0.802,-2.887
-0.772,-2.413
-0.859,-2.371
-0.935,-2.272
-0.95,-2.193
-0.959,-1.613
-1.0,-2.599
-1.062,-2.561
-1.17,-0.596
-1.265,-1.596
-1.378,-2.265
-1.318,-0.646
-1.377,-2.622
-1.472,-3.107
-1.465,-2.962
-1.513,-1.426
-1.449,-1.818
-1.49,-1.875
-1.589,-0.636
-1.586,-2.907
-1.651,-3.822
-1.68,-3.146
-1.636,-2.704
-1.691,-2.001
-1.81,-0.79
-1.828,-0.845
-1.844,-0.393
-1.826,-1.803
-1.85,-0.163
-1.919,-2.708
-1.936,0.124
-1.993,-0.701
-2.029,-2.158
-2.017,-2.1
-2.096,-1.267
-2.163,-2.841
-2.194,-1.719
-2.202,-2.325
-2.143,-1.411
-2.258,-2.888
-2.186,-0.558
-2.258,-0.02
-2.339,-1.887
-2.347,-1.031
-2.284,-1.669
-2.348,-1.243
-2.406,-3.347
-2.396,-0.976
-2.445,-3.462
-2.521,-3.683
-2.522,-0.694
-2.542,-2.266
-2.607,-1.508
-2.576,-3.717
-2.584,-1.569
-2.583,-1.621
-2.598,-0.184
-2.61,-0.406
-2.614,-1.929
-2.632,-2.175
-2.712,-2.93
-2.705,-1.888
-2.705,-2.492
-2.644,-1.966
-2.709,-1.324
-2.749,-0.805
-2.817,-2.085
-2.772,-2.386
-2.871,-3.574
-2.893,-2.69
-2.893,-3.423
-2.832,0.033
-2.872,-1.304
-2.949,-0.334
-2.937,-2.092
-2.975,0.154
-2.996,-1.598
-2.943,-2.124
-2.957,-1.043
-3.045,-0.295
-3.057,-0.195
-3.092,-2.899
-3.017,-2.546
-3.094,-3.16
-3.043,-1.485
-3.091,-1.011
-3.117,-1.389
3.097,-3.515
3.101,-3.724
3.092,-1.45
3.045,-0.957
3.004,-0.422
3.068,-1.658
3.005,-3.107
2.99,-1.287
2.896,0.03
2.882,-2.386
2.821,-2.073
2.76,-2.109
2.752,-2.594
2.79,-1.518
2.722,-1.837
2.787,-0.273
2.745,-0.594
2.695,-3.666
2.616,-0.454
2.552,-2.966
2.561,-1.771
2.593,-0.812
2.526,-2.223
2.375,0.096
2.293,-2.837
2.277,-3.628
2.268,-0.321
2.255,-3.445
2.172,-2.933
2.076,-1.748
2.107,-1.626
2.016,-1.807
2.046,-0.012
1.989,-1.51
1.917,-2.276
1.907,-0.725
1.893,-2.359
1.819,-0.62
1.871,-1.021
1.788,-1.222
1.769,-2.326
1.757,-1.597
1.794,-2.112
1.756,-2.272
1.739,-2.486
1.681,-2.87
1.693,-0.457
1.656,-1.727
1.666,-1.253
1.636,-3.763
1.618,-1.517
1.513,-1.703
1.479,-1.387
1.495,-1.094
1.431,-2.104
1.295,-3.576
1.226,-2.666
1.189,-2.473
1.249,-2.295
1.227,-2.564
1.16,-3.685
1.133,-1.324
1.128,-1.216
1.049,-2.102
1.079,-1.419
1.001,-0.049
1.055,-1.963
1.075,-0.952
0.996,-1.643
1.035,-3.785
0.99,-2.297
1.048,-3.361
1.009,-2.457
0.898,-2.659
0.891,-2.277
0.823,-2.33
0.876,-2.749
0.849,-2.126
0.796,-1.762
0.828,-2.356
0.845,-1.728
0.827,-3.644
0.812,-2.638
0.784,-1.139
0.784,-2.068
0.786,-1.578
0.749,-1.092
0.745,-0.094
0.716,-3.723
0.02,-3.84
-0.028,-3.777
-0.912,-3.918
-1.263,-3.879
-1.944,-4.011
-1.927,-3.872
-2.447,-4.114
-2.457,-3.858
-2.487,-3.909
2.71,-4.106
2.169,-3.867
1.972,-4.087
1.41,-3.94
1.002,-4.242
0.635,0.522
0.596,0.414
0.413,0.247
-0.026,0.301
-0.016,0.567
-0.465,0.61
-0.853,0.452
-1.09,0.232
-1.079,0.53
-1.688,0.478
-1.807,0.367
-1.932,0.288
-2.027,0.245
-2.556,0.415
-2.849,0.318
-3.06,0.475
2.979,0.636
2.898,0.348
2.148,0.659
1.907,0.208
1.626,0.344
1.204,0.37
1.096,0.42
1.107,0.298
0.737,0.527
0.431,0.15
0.125,-2.478
0.033,-3.241
-0.637,-1.317
-0.62,-3.621
-1.063,-2.633
-2.529,-3.468
-3.01,-1.471
2.44,-0.162
2.146,-0.886
1.69,-2.755
1.217,-3.094
2.678,-4.022
2.62,0.417
0.771,0.184
0.747,-2.013
0.6,-2.331
0.68,-2.47
0.612,0.089
0.499,-2.644
0.37,-0.314
0.491,-3.587
0.418,-0.693
0.396,-2.146
0.394,-0.805
0.333,-1.177
0.241,-0.702
0.13,-0.86
0.221,-1.975
0.022,-0.011
-0.021,-2.109
-0.081,-2.889
-0.102,-0.794
-0.252,-3.808
-0.312,-1.753
-0.217,-1.903
-0.327,-3.533
-0.438,-1.369
-0.433,-1.758
-0.747,-1.121
-0.634,-0.123
-0.756,-1.852
-0.776,0.076
-0.835,-0.014
-0.941,-2.183
-1.009,-1.199
-1.026,-2.004
-1.26,0.127
-1.24,-3.693
-1.254,-3.487
-1.481,-0.124
-1.391,-3.233
-1.589,-3.609
-1.749,-1.638
-1.746,-2.423
-1.686,-2.642
-1.698,-3.791
-1.747,-0.987
-1.775,-2.691
-1.92,-2.278
-1.918,0.002
-1.873,-2.739
-2.324,-3.289
-2.195,-2.721
-2.3,-1.507
-2.296,-2.502
-2.422,-3.441
-2.329,-0.285
-2.412,-2.26
-2.451,-0.458
-2.63,-1.826
-2.673,-1.844
-2.673,0.01
-2.61,-0.615
-2.761,-2.675
-2.766,-2.69
-2.633,-3.13
-2.79,-1.973
-2.682,0.116
-2.696,-1.025
-2.831,-3.336
-2.715,-1.12
-2.732,-0.948
-2.72,-2.735
-2.82,-2.584
-2.929,-1.483
-2.999,-0.718
-2.922,-3.779
-2.933,-1.396
-3.055,0.163
-3.102,-1.767
-2.991,-3.494
-3.069,-1.964
-3.131,-2.244
2.965,-0.172
3.0,-3.663
2.969,-0.459
2.835,-3.197
2.932,-2.498
2.82,-1.057
2.893,-3.48
2.72,-1.478
2.68,-3.62
2.798,-0.989
2.662,-3.572
2.6,-3.548
2.464,-1.438
2.576,-2.407
2.453,-3.671
2.5,-3.823
2.496,-3.546
2.458,-2.471
2.294,-0.877
2.123,-0.183
2.012,-2.08
1.994,-2.356
1.988,-2.312
1.99,-1.368
1.984,-1.421
1.962,-1.486
1.855,-1.654
1.823,-3.055
1.788,-1.562
1.725,-3.143
1.683,-2.346
1.625,-1.845
1.314,-2.514
1.419,-2.479
1.148,-2.401
1.27,-2.067
1.219,-2.686
1.096,-3.676
0.903,-0.02
1.027,-1.793
0.879,-1.569
0.869,-3.504
0.951,-0.353
0.784,-2.977
0.781,-0.912
0.768,-0.308
0.671,-1.745
0.762,-2.152
0.474,-4.029
0.004,-3.798
-0.229,-4.08
-0.544,-4.136
-0.662,-4.085
-1.072,-3.881
-1.707,-4.148
-2.184,-4.092
-2.378,-3.943
2.241,-3.757
2.041,-4.044
2.004,-4.153
1.712,-3.986
1.769,-3.961
0.666,-3.988
0.482,0.193
0.41,0.295
-0.016,0.48
-0.476,0.4
-1.601,0.497
-1.97,0.194
-1.833,0.2
-2.191,0.237
-2.068,0.318
-2.303,0.535
-2.47,0.508
-2.592,0.235
-2.982,0.353
-3.127,0.27
-3.012,0.633
-3.005,0.351
2.794,0.514
2.462,0.662
2.199,0.585
1.767,0.445
1.308,0.414
1.202,0.46
1.163,0.422
-2.264,-1.947
-2.712,-2.545
2.338,-3.712
2.076,-2.394
1.741,-1.709
-1.508,-1.162
-2.98,-0.418
1.222,-1.465
1.201,-1.666
1.145,-1.322
0.923,-2.785
0.215,-0.821
-0.765,-2.445
-0.86,-2.157
-1.009,-1.648
-0.744,-4.017
-2.764,-3.541
-2.983,0.302
1.535,-0.122
1.447,0.111
1.219,0.038
1.294,-0.143
2.193,0.022
2.663,0.469
-0.12,0.024
-0.042,0.405
-0.133,0.722
-0.119,0.17
-0.113,0.384
-0.276,-2.703
-0.253,-2.023
-0.271,0.944
-0.346,-1.672
-0.318,-0.519
-0.408,-2.385
-0.411,-1.956
-0.426,-2.383
-0.467,-0.319
-0.4,-2.324
-0.514,0.31
-0.451,-0.346
-0.565,-0.231
-0.504,-2.719
-0.499,-2.697
-0.528,0.326
-0.524,1.156
-0.615,0.108
-0.574,-2.068
-0.593,-1.961
-0.699,0.99
-0.746,1.139
-0.676,-0.572
-0.718,-1.865
-0.793,-1.136
-0.719,-1.078
-0.823,0.759
-0.811,-1.872
-0.781,-1.398
-0.868,-1.356
-0.944,-1.257
-0.959,-1.178
-0.968,-0.598
-1.009,-1.584
-1.071,-1.546
-1.179,0.419
-1.274,-0.581
-1.387,-1.25
-1.327,0.369
-1.386,-1.607
-1.481,-2.092
-1.474,-1.947
-1.522,-0.411
-1.458,-0.803
-1.499,-0.86
-1.598,0.379
-1.595,-1.892
-1.66,-2.807
-1.689,-2.131
-1.645,-1.689
-1.7,-0.986
-1.819,0.225
-1.837,0.17
-1.853,0.622
-1.835,-0.788
-1.859,0.852
-1.928,-1.693
-1.945,1.139
-2.002,0.314
-2.038,-1.143
-2.026,-1.085
-2.105,-0.252
-2.172,-1.826
-2.203,-0.704
-2.211,-1.31
-2.152,-0.396
-2.267,-1.873
-2.195,0.457
-2.267,0.995
-2.348,-0.872
-2.356,-0.016
-2.293,-0.654
-2.357,-0.228
-2.415,-2.332
-2.405,0.039
-2.454,-2.447
-2.53,-2.668
-2.531,0.321
-2.551,-1.251
-2.616,-0.493
-2.585,-2.702
-2.593,-0.554
-2.592,-0.606
-2.607,0.831
-2.619,0.609
-2.623,-0.914
-2.641,-1.16
-2.721,-1.915
-2.714,-0.873
-2.714,-1.477
-2.653,-0.951
-2.718,-0.309
-2.758,0.21
-2.826,-1.07
-2.781,-1.371
-2.88,-2.559
-2.902,-1.675
-2.902,-2.408
-2.841,1.048
-2.881,-0.289
-2.958,0.681
-2.946,-1.077
-2.984,1.169
-3.005,-0.583
-2.952,-1.109
-2.966,-0.028
-3.054,0.72
-3.066,0.82
-3.101,-1.884
-3.026,-1.531
-3.103,-2.145
-3.052,-0.47
-3.1,0.004
-3.126,-0.374
3.088,-2.5
3.092,-2.709
3.083,-0.435
3.036,0.058
2.995,0.593
3.059,-0.643
2.996,-2.092
2.981,-0.272
2.887,1.045
2.873,-1.371
2.812,-1.058
2.751,-1.094
2.743,-1.579
2.781,-0.503
2.713,-0.822
2.778,0.742
2.736,0.421
2.686,-2.651
2.607,0.561
2.543,-1.951
2.552,-0.756
2.584,0.203
2.517,-1.208
2.366,1.111
2.284,-1.822
2.268,-2.613
2.259,0.694
2.246,-2.43
2.163,-1.918
2.067,-0.733
2.098,-0.611
2.007,-0.792
2.037,1.003
1.98,-0.495
1.908,-1.261
1.898,0.29
1.884,-1.344
1.81,0.395
1.862,-0.006
1.779,-0.207
1.76,-1.311
1.748,-0.582
1.785,-1.097
1.747,-1.257
1.73,-1.471
1.672,-1.855
1.684,0.558
1.647,-0.712
1.657,-0.238
1.627,-2.748
1.609,-0.502
1.504,-0.688
1.47,-0.372
1.486,-0.079
1.422,-1.089
1.286,-2.561
1.217,-1.651
1.18,-1.458
1.24,-1.28
1.218,-1.549
1.151,-2.67
1.124,-0.309
1.119,-0.201
1.04,-1.087
1.07,-0.404
0.992,0.966
1.046,-0.948
1.066,0.063
0.987,-0.628
1.026,-2.77
0.981,-1.282
1.039,-2.346
1.0,-1.442
0.889,-1.644
0.882,-1.262
0.814,-1.315
0.867,-1.734
0.84,-1.111
0.787,-0.747
0.819,-1.341
0.836,-0.713
0.818,-2.629
0.803,-1.623
0.775,-0.124
0.775,-1.053
0.777,-0.563
0.74,-0.077
0.736,0.921
0.707,-2.708
0.011,-2.825
-0.037,-2.762
-0.921,-2.903
-1.272,-2.864
-1.953,-2.996
-1.936,-2.857
-2.456,-3.099
-2.466,-2.843
-2.496,-2.894
2.701,-3.091
2.16,-2.852
1.963,-3.072
1.401,-2.925
0.993,-3.227
0.626,1.537
0.587,1.429
0.404,1.262
-0.035,1.316
-0.025,1.582
-0.474,1.625
-0.862,1.467
-1.099,1.247
-1.088,1.545
-1.697,1.493
-1.816,1.382
-1.941,1.303
-2.036,1.26
-2.565,1.43
-2.858,1.333
-3.069,1.49
2.97,1.651
2.889,1.363
2.139,1.674
1.898,1.223
1.617,1.359
1.195,1.385
1.087,1.435
1.098,1.313
0.728,1.542
0.422,1.165
0.116,-1.463
0.024,-2.226
-0.646,-0.302
-0.629,-2.606
-1.072,-1.618
-2.538,-2.453
-3.019,-0.456
2.431,0.853
2.137,0.129
1.681,-1.74
1.208,-2.079
2.669,-3.007
2.611,1.432
0.762,1.199
0.738,-0.998
0.591,-1.316
0.671,-1.455
0.603,1.104
0.49,-1.629
0.361,0.701
0.482,-2.572
0.409,0.322
0.387,-1.131
0.385,0.21
0.324,-0.162
0.232,0.313
0.121,0.155
0.212,-0.96
0.013,1.004
-0.03,-1.094
-0.09,-1.874
-0.111,0.221
-0.261,-2.793
-0.321,-0.738
-0.226,-0.888
-0.336,-2.518
-0.447,-0.354
-0.442,-0.743
-0.756,-0.106
-0.643,0.892
-0.765,-0.837
-0.785,1.091
-0.844,1.001
-0.95,-1.168
-1.018,-0.184
-1.035,-0.989
-1.269,1.142
-1.249,-2.678
-1.263,-2.472
-1.49,0.891
-1.4,-2.218
-1.598,-2.594
-1.758,-0.623
-1.755,-1.408
-1.695,-1.627
-1.707,-2.776
-1.756,0.028
-1.784,-1.676
-1.929,-1.263
-1.927,1.017
-1.882,-1.724
-2.333,-2.274
-2.204,-1.706
-2.309,-0.492
-2.305,-1.487
-2.431,-2.426
-2.338,0.73
-2.421,-1.245
-2.46,0.557
-2.639,-0.811
-2.682,-0.829
-2.682,1.025
-2.619,0.4
-2.77,-1.66
-2.775,-1.675
-2.642,-2.115
-2.799,-0.958
-2.691,1.131
-2.705,-0.01
-2.84,-2.321
-2.724,-0.105
-2.741,0.067
-2.729,-1.72
-2.829,-1.569
-2.938,-0.468
-3.008,0.297
-2.931,-2.764
-2.942,-0.381
-3.064,1.178
-3.111,-0.752
-3.0,-2.479
-3.078,-0.949
-3.14,-1.229
2.956,0.843
2.991,-2.648
2.96,0.556
2.826,-2.182
2.923,-1.483
2.811,-0.042
2.884,-2.465
2.711,-0.463
2.671,-2.605
2.789,0.026
2.653,-2.557
2.591,-2.533
2.455,-0.423
2.567,-1.392
2.444,-2.656
2.491,-2.808
2.487,-2.531
2.449,-1.456
2.285,0.138
2.114,0.832
2.003,-1.065
1.985,-1.341
1.979,-1.297
1.981,-0.353
1.975,-0.406
1.953,-0.471
1.846,-0.639
1.814,-2.04
1.779,-0.547
1.716,-2.128
1.674,-1.331
1.616,-0.83
1.305,-1.499
1.41,-1.464
1.139,-1.386
1.261,-1.052
1.21,-1.671
1.087,-2.661
0.894,0.995
1.018,-0.778
0.87,-0.554
0.86,-2.489
0.942,0.662
0.775,-1.962
0.772,0.103
0.759,0.707
0.662,-0.73
0.753,-1.137
0.465,-3.014
-0.005,-2.783
-0.238,-3.065
-0.553,-3.121
-0.671,-3.07
-1.081,-2.866
-1.716,-3.133
-2.193,-3.077
-2.387,-2.928
2.232,-2.742
2.032,-3.029
1.995,-3.138
1.703,-2.971
1.76,-2.946
0.657,-2.973
0.473,1.208
0.401,1.31
-0.025,1.495
-0.485,1.415
-1.61,1.512
-1.979,1.209
-1.842,1.215
-2.2,1.252
-2.077,1.333
-2.312,1.55
-2.479,1.523
-2.601,1.25
-2.991,1.368
-3.136,1.285
-3.021,1.648
-3.014,1.366
2.785,1.529
2.453,1.677
2.19,1.6
1.758,1.46
1.299,1.429
1.193,1.475
1.154,1.437
-2.273,-0.932
-2.721,-1.53
2.329,-2.697
2.067,-1.379
1.732,-0.694
-1.517,-0.147
-2.989,0.597
1.213,-0.45
1.192,-0.651
1.136,-0.307
0.914,-1.77
0.206,0.194
-0.774,-1.43
-0.869,-1.142
-1.018,-0.633
-0.753,-3.002
-2.773,-2.526
-2.992,1.317
1.526,0.893
1.438,1.126
1.21,1.053
1.285,0.872
2.184,1.037
2.654,1.484
0.078,0.381
-0.013,0.698
0.001,0.146
0.007,0.36
-0.156,-2.727
-0.133,-2.047
-0.151,0.92
-0.226,-1.696
-0.198,-0.543
-0.288,-2.409
-0.291,-1.98
-0.306,-2.407
-0.347,-0.343
-0.28,-2.348
-0.394,0.286
-0.331,-0.37
-0.445,-0.255
-0.384,-2.743
-0.379,-2.721
-0.408,0.302
-0.404,1.132
-0.495,0.084
-0.454,-2.092
-0.473,-1.985
-0.579,0.966
-0.626,1.115
-0.556,-0.596
-0.598,-1.889
-0.673,-1.16
-0.599,-1.102
-0.703,0.735
-0.691,-1.896
-0.661,-1.422
-0.748,-1.38
-0.824,-1.281
-0.839,-1.202
-0.848,-0.622
-0.889,-1.608
-0.951,-1.57
-1.059,0.395
-1.154,-0.605
-1.267,-1.274
-1.207,0.345
-1.266,-1.631
-1.361,-2.116
-1.354,-1.971
-1.402,-0.435
-1.338,-0.827
-1.379,-0.884
-1.478,0.355
-1.475,-1.916
-1.54,-2.831
-1.569,-2.155
-1.525,-1.713
-1.58,-1.01
-1.699,0.201
-1.717,0.146
-1.733,0.598
-1.715,-0.812
-1.739,0.828
-1.808,-1.717
-1.825,1.115
-1.882,0.29
-1.918,-1.167
-1.906,-1.109
-1.985,-0.276
-2.052,-1.85
-2.083,-0.728
-2.091,-1.334
-2.032,-0.42
-2.147,-1.897
-2.075,0.433
-2.147,0.971
-2.228,-0.896
-2.236,-0.04
-2.173,-0.678
-2.237,-0.252
-2.295,-2.356
-2.285,0.015
-2.334,-2.471
-2.41,-2.692
-2.411,0.297
-2.431,-1.275
-2.496,-0.517
-2.465,-2.726
-2.473,-0.578
-2.472,-0.63
-2.487,0.807
-2.499,0.585
-2.503,-0.938
-2.521,-1.184
-2.601,-1.939
-2.594,-0.897
-2.594,-1.501
-2.533,-0.975
-2.598,-0.333
-2.638,0.186
-2.706,-1.094
-2.661,-1.395
-2.76,-2.583
-2.782,-1.699
-2.782,-2.432
-2.721,1.024
-2.761,-0.313
-2.838,0.657
-2.826,-1.101
-2.864,1.145
-2.885,-0.607
-2.832,-1.133
-2.846,-0.052
-2.934,0.696
-2.946,0.796
-2.981,-1.908
-2.906,-1.555
-2.983,-2.169
-2.932,-0.494
-2.98,-0.02
-3.006,-0.398
-3.075,-2.524
-3.071,-2.733
-3.08,-0.459
-3.127,0.034
3.115,0.569
-3.104,-0.667
3.116,-2.116
3.101,-0.296
3.007,1.021
2.993,-1.395
2.932,-1.082
2.871,-1.118
2.863,-1.603
2.901,-0.527
2.833,-0.846
2.898,0.718
2.856,0.397
2.806,-2.675
2.727,0.537
2.663,-1.975
2.672,-0.78
2.704,0.179
2.637,-1.232
2.486,1.087
2.404,-1.846
2.388,-2.637
2.379,0.67
2.366,-2.454
2.283,-1.942
2.187,-0.757
2.218,-0.635
2.127,-0.816
2.157,0.979
2.1,-0.519
2.028,-1.285
2.018,0.266
2.004,-1.368
1.93,0.371
1.982,-0.03
1.899,-0.231
1.88,-1.335
1.868,-0.606
1.905,-1.121
1.867,-1.281
1.85,-1.495
1.792,-1.879
1.804,0.534
1.767,-0.736
1.777,-0.262
1.747,-2.772
1.729,-0.526
1.624,-0.712
1.59,-0.396
1.606,-0.103
1.542,-1.113
1.406,-2.585
1.337,-1.675
1.3,-1.482
1.36,-1.304
1.338,-1.573
1.271,-2.694
1.244,-0.333
1.239,-0.225
1.16,-1.111
1.19,-0.428
1.112,0.942
1.166,-0.972
1.186,0.039
1.107,-0.652
1.146,-2.794
1.101,-1.306
1.159,-2.37
1.12,-1.466
1.009,-1.668
1.002,-1.286
0.934,-1.339
0.987,-1.758
0.96,-1.135
0.907,-0.771
0.939,-1.365
0.956,-0.737
0.938,-2.653
0.923,-1.647
0.895,-0.148
0.895,-1.077
0.897,-0.587
0.86,-0.101
0.856,0.897
0.827,-2.732
0.131,-2.849
0.083,-2.786
-0.801,-2.927
-1.152,-2.888
-1.833,-3.02
-1.816,-2.881
-2.336,-3.123
-2.346,-2.867
-2.376,-2.918
2.821,-3.115
2.28,-2.876
2.083,-3.096
1.521,-2.949
1.113,-3.251
0.746,1.513
0.707,1.405
0.524,1.238
0.085,1.292
0.095,1.558
-0.354,1.601
-0.742,1.443
-0.979,1.223
-0.968,1.521
-1.577,1.469
-1.696,1.358
-1.821,1.279
-1.916,1.236
-2.445,1.406
-2.738,1.309
-2.949,1.466
3.09,1.627
3.009,1.339
2.259,1.65
2.018,1.199
1.737,1.335
1.315,1.361
1.207,1.411
1.218,1.289
0.848,1.518
0.542,1.141
0.236,-1.487
0.144,-2.25
-0.526,-0.326
-0.509,-2.63
-0.952,-1.642
-2.418,-2.477
-2.899,-0.48
2.551,0.829
2.257,0.105
1.801,-1.764
1.328,-2.103
2.789,-3.031
2.731,1.408
0.882,1.175
0.858,-1.022
0.711,-1.34
0.791,-1.479
0.723,1.08
0.61,-1.653
0.481,0.677
0.602,-2.596
0.529,0.298
0.507,-1.155
0.505,0.186
0.444,-0.186
0.352,0.289
0.241,0.131
0.332,-0.984
0.133,0.98
0.09,-1.118
0.03,-1.898
0.009,0.197
-0.141,-2.817
-0.201,-0.762
-0.106,-0.912
-0.216,-2.542
-0.327,-0.378
-0.322,-0.767
-0.636,-0.13
-0.523,0.868
-0.645,-0.861
-0.665,1.067
-0.724,0.977
-0.83,-1.192
-0.898,-0.208
-0.915,-1.013
-1.149,1.118
-1.129,-2.702
-1.143,-2.496
-1.37,0.867
-1.28,-2.242
-1.478,-2.618
-1.638,-0.647
-1.635,-1.432
-1.575,-1.651
-1.587,-2.8
-1.636,0.004
-1.664,-1.7
-1.809,-1.287
-1.807,0.993
-1.762,-1.748
-2.213,-2.298
-2.084,-1.73
-2.189,-0.516
-2.185,-1.511
-2.311,-2.45
-2.218,0.706
-2.301,-1.269
-2.34,0.533
-2.519,-0.835
-2.562,-0.853
-2.562,1.001
-2.499,0.376
-2.65,-1.684
-2.655,-1.699
-2.522,-2.139
-2.679,-0.982
-2.571,1.107
-2.585,-0.034
-2.72,-2.345
-2.604,-0.129
-2.621,0.043
-2.609,-1.744
-2.709,-1.593
-2.818,-0.492
-2.888,0.273
-2.811,-2.788
-2.822,-0.405
-2.944,1.154
-2.991,-0.776
-2.88,-2.503
-2.958,-0.973
-3.02,-1.253
3.076,0.819
3.111,-2.672
3.08,0.532
2.946,-2.206
3.043,-1.507
2.931,-0.066
3.004,-2.489
2.831,-0.487
2.791,-2.629
2.909,0.002
2.773,-2.581
2.711,-2.557
2.575,-0.447
2.687,-1.416
2.564,-2.68
2.611,-2.832
2.607,-2.555
2.569,-1.48
2.405,0.114
2.234,0.808
2.123,-1.089
2.105,-1.365
2.099,-1.321
2.101,-0.377
2.095,-0.43
2.073,-0.495
1.966,-0.663
1.934,-2.064
1.899,-0.571
1.836,-2.152
1.794,-1.355
1.736,-0.854
1.425,-1.523
1.53,-1.488
1.259,-1.41
1.381,-1.076
1.33,-1.695
1.207,-2.685
1.014,0.971
1.138,-0.802
0.99,-0.578
0.98,-2.513
1.062,0.638
0.895,-1.986
0.892,0.079
0.879,0.683
0.782,-0.754
0.873,-1.161
0.585,-3.038
0.115,-2.807
-0.118,-3.089
-0.433,-3.145
-0.551,-3.094
-0.961,-2.89
-1.596,-3.157
-2.073,-3.101
-2.267,-2.952
2.352,-2.766
2.152,-3.053
2.115,-3.162
1.823,-2.995
1.88,-2.97
0.777,-2.997
0.593,1.184
0.521,1.286
0.095,1.471
-0.365,1.391
-1.49,1.488
-1.859,1.185
-1.722,1.191
-2.08,1.228
-1.957,1.309
-2.192,1.526
-2.359,1.499
-2.481,1.226
-2.871,1.344
-3.016,1.261
-2.901,1.624
-2.894,1.342
2.905,1.505
2.573,1.653
2.31,1.576
1.878,1.436
1.419,1.405
1.313,1.451
1.274,1.413
-2.153,-0.956
-2.601,-1.554
2.449,-2.721
2.187,-1.403
1.852,-0.718
-1.397,-0.171
-2.869,0.573
1.333,-0.474
1.312,-0.675
1.256,-0.331
1.034,-1.794
0.326,0.17
-0.654,-1.454
-0.749,-1.166
-0.898,-0.657
-0.633,-3.026
-2.653,-2.55
-2.872,1.293
1.646,0.869
1.558,1.102
1.33,1.029
1.405,0.848
2.304,1.013
2.774,1.46
-0.091,0.317
-0.077,-0.235
-0.071,-0.021
-0.234,-3.108
-0.211,-2.428
-0.229,0.539
-0.304,-2.077
-0.276,-0.924
-0.366,-2.79
-0.369,-2.361
-0.384,-2.788
-0.425,-0.724
-0.358,-2.729
-0.472,-0.095
-0.409,-0.751
-0.523,-0.636
-0.462,-3.124
-0.457,-3.102
-0.486,-0.079
-0.482,0.751
-0.573,-0.297
-0.532,-2.473
-0.551,-2.366
-0.657,0.585
-0.704,0.734
-0.634,-0.977
-0.676,-2.27
-0.751,-1.541
-0.677,-1.483
-0.781,0.354
-0.769,-2.277
-0.739,-1.803
-0.826,-1.761
-0.902,-1.662
-0.917,-1.583
-0.926,-1.003
-0.967,-1.989
-1.029,-1.951
-1.137,0.014
-1.232,-0.986
-1.345,-1.655
-1.285,-0.036
-1.344,-2.012
-1.439,-2.497
-1.432,-2.352
-1.48,-0.816
-1.416,-1.208
-1.457,-1.265
-1.556,-0.026
-1.553,-2.297
-1.618,-3.212
-1.647,-2.536
-1.603,-2.094
-1.658,-1.391
-1.777,-0.18
-1.795,-0.235
-1.811,0.217
-1.793,-1.193
-1.817,0.447
-1.886,-2.098
-1.903,0.734
-1.96,-0.091
-1.996,-1.548
-1.984,-1.49
-2.063,-0.657
-2.13,-2.231
-2.161,-1.109
-2.169,-1.715
-2.11,-0.801
-2.225,-2.278
-2.153,0.052
-2.225,0.59
-2.306,-1.277
-2.314,-0.421
-2.251,-1.059
-2.315,-0.633
-2.373,-2.737
-2.363,-0.366
-2.412,-2.852
-2.488,-3.073
-2.489,-0.084
-2.509,-1.656
-2.574,-0.898
-2.543,-3.107
-2.551,-0.959
-2.55,-1.011
-2.565,0.426
-2.577,0.204
-2.581,-1.319
-2.599,-1.565
-2.679,-2.32
-2.672,-1.278
-2.672,-1.882
-2.611,-1.356
-2.676,-0.714
-2.716,-0.195
-2.784,-1.475
-2.739,-1.776
-2.838,-2.964
-2.86,-2.08
-2.86,-2.813
-2.799,0.643
-2.839,-0.694
-2.916,0.276
-2.904,-1.482
-2.942,0.764
-2.963,-0.988
-2.91,-1.514
-2.924,-0.433
-3.012,0.315
-3.024,0.415
-3.059,-2.289
-2.984,-1.936
-3.061,-2.55
-3.01,-0.875
-3.058,-0.401
-3.084,-0.779
3.13,-2.905
3.134,-3.114
3.125,-0.84
3.078,-0.347
3.037,0.188
3.101,-1.048
3.038,-2.497
3.023,-0.677
2.929,0.64
2.915,-1.776
2.854,-1.463
2.793,-1.499
2.785,-1.984
2.823,-0.908
2.755,-1.227
2.82,0.337
2.778,0.016
2.728,-3.056
2.649,0.156
2.585,-2.356
2.594,-1.161
2.626,-0.202
2.559,-1.613
2.408,0.706
2.326,-2.227
2.31,-3.018
2.301,0.289
2.288,-2.835
2.205,-2.323
2.109,-1.138
2.14,-1.016
2.049,-1.197
2.079,0.598
2.022,-0.9
1.95,-1.666
1.94,-0.115
1.926,-1.749
1.852,-0.01
1.904,-0.411
1.821,-0.612
1.802,-1.716
1.79,-0.987
1.827,-1.502
1.789,-1.662
1.772,-1.876
1.714,-2.26
1.726,0.153
1.689,-1.117
1.699,-0.643
1.669,-3.153
1.651,-0.907
1.546,-1.093
1.512,-0.777
1.528,-0.484
1.464,-1.494
1.328,-2.966
1.259,-2.056
1.222,-1.863
1.282,-1.685
1.26,-1.954
1.193,-3.075
1.166,-0.714
1.161,-0.606
1.082,-1.492
1.112,-0.809
1.034,0.561
1.088,-1.353
1.108,-0.342
1.029,-1.033
1.068,-3.175
1.023,-1.687
1.081,-2.751
1.042,-1.847
0.931,-2.049
0.924,-1.667
0.856,-1.72
0.909,-2.139
0.882,-1.516
0.829,-1.152
0.861,-1.746
0.878,-1.118
0.86,-3.034
0.845,-2.028
0.817,-0.529
0.817,-1.458
0.819,-0.968
0.782,-0.482
0.778,0.516
0.749,-3.113
0.053,-3.23
0.005,-3.167
-0.879,-3.308
-1.23,-3.269
-1.911,-3.401
-1.894,-3.262
-2.414,-3.504
-2.424,-3.248
-2.454,-3.299
2.743,-3.496
2.202,-3.257
2.005,-3.477
1.443,-3.33
1.035,-3.632
0.668,1.132
0.629,1.024
0.446,0.857
0.007,0.911
0.017,1.177
-0.432,1.22
-0.82,1.062
-1.057,0.842
-1.046,1.14
-1.655,1.088
-1.774,0.977
-1.899,0.898
-1.994,0.855
-2.523,1.025
-2.816,0.928
-3.027,1.085
3.012,1.246
2.931,0.958
2.181,1.269
1.94,0.818
1.659,0.954
1.237,0.98
1.129,1.03
1.14,0.908
0.77,1.137
0.464,0.76
0.158,-1.868
0.066,-2.631
-0.604,-0.707
-0.587,-3.011
-1.03,-2.023
-2.496,-2.858
-2.977,-0.861
2.473,0.448
2.179,-0.276
1.723,-2.145
1.25,-2.484
2.711,-3.412
2.653,1.027
0.804,0.794
0.78,-1.403
0.633,-1.721
0.713,-1.86
0.645,0.699
0.532,-2.034
0.403,0.296
0.524,-2.977
0.451,-0.083
0.429,-1.536
0.427,-0.195
0.366,-0.567
0.274,-0.092
0.163,-0.25
0.254,-1.365
0.055,0.599
0.012,-1.499
-0.048,-2.279
-0.069,-0.184
-0.219,-3.198
-0.279,-1.143
-0.184,-1.293
-0.294,-2.923
-0.405,-0.759
-0.4,-1.148
-0.714,-0.511
-0.601,0.487
-0.723,-1.242
-0.743,0.686
-0.802,0.596
-0.908,-1.573
-0.976,-0.589
-0.993,-1.394
-1.227,0.737
-1.207,-3.083
-1.221,-2.877
-1.448,0.486
-1.358,-2.623
-1.556,-2.999
-1.716,-1.028
-1.713,-1.813
-1.653,-2.032
-1.665,-3.181
-1.714,-0.377
-1.742,-2.081
-1.887,-1.668
-1.885,0.612
-1.84,-2.129
-2.291,-2.679
-2.162,-2.111
-2.267,-0.897
-2.263,-1.892
-2.389,-2.831
-2.296,0.325
-2.379,-1.65
-2.418,0.152
-2.597,-1.216
-2.64,-1.234
-2.64,0.62
-2.577,-0.005
-2.728,-2.065
-2.733,-2.08
-2.6,-2.52
-2.757,-1.363
-2.649,0.726
-2.663,-0.415
-2.798,-2.726
-2.682,-0.51
-2.699,-0.338
-2.687,-2.125
-2.787,-1.974
-2.896,-0.873
-2.966,-0.108
-2.889,-3.169
-2.9,-0.786
-3.022,0.773
-3.069,-1.157
-2.958,-2.884
-3.036,-1.354
-3.098,-1.634
2.998,0.438
3.033,-3.053
3.002,0.151
2.868,-2.587
2.965,-1.888
2.853,-0.447
2.926,-2.87
2.753,-0.868
2.713,-3.01
2.831,-0.379
2.695,-2.962
2.633,-2.938
2.497,-0.828
2.609,-1.797
2.486,-3.061
2.533,-3.213
2.529,-2.936
2.491,-1.861
2.327,-0.267
2.156,0.427
2.045,-1.47
2.027,-1.746
2.021,-1.702
2.023,-0.758
2.017,-0.811
1.995,-0.876
1.888,-1.044
1.856,-2.445
1.821,-0.952
1.758,-2.533
1.716,-1.736
1.658,-1.235
1.347,-1.904
1.452,-1.869
1.181,-1.791
1.303,-1.457
1.252,-2.076
1.129,-3.066
0.936,0.59
1.06,-1.183
0.912,-0.959
0.902,-2.894
0.984,0.257
0.817,-2.367
0.814,-0.302
0.801,0.302
0.704,-1.135
0.795,-1.542
0.507,-3.419
0.037,-3.188
-0.196,-3.47
-0.511,-3.526
-0.629,-3.475
-1.039,-3.271
-1.674,-3.538
-2.151,-3.482
-2.345,-3.333
2.274,-3.147
2.074,-3.434
2.037,-3.543
1.745,-3.376
1.802,-3.351
0.699,-3.378
0.515,0.803
0.443,0.905
0.017,1.09
-0.443,1.01
-1.568,1.107
-1.937,0.804
-1.8,0.81
-2.158,0.847
-2.035,0.928
-2.27,1.145
-2.437,1.118
-2.559,0.845
-2.949,0.963
-3.094,0.88
-2.979,1.243
-2.972,0.961
2.827,1.124
2.495,1.272
2.232,1.195
1.8,1.055
1.341,1.024
1.235,1.07
1.196,1.032
-2.231,-1.337
-2.679,-1.935
2.371,-3.102
2.109,-1.784
1.774,-1.099
-1.475,-0.552
-2.947,0.192
1.255,-0.855
1.234,-1.056
1.178,-0.712
0.956,-2.175
0.248,-0.211
-0.732,-1.835
-0.827,-1.547
-0.976,-1.038
-0.711,-3.407
-2.731,-2.931
-2.95,0.912
1.568,0.488
1.48,0.721
1.252,0.648
1.327,0.467
2.226,0.632
2.696,1.079
0.014,-0.552
0.02,-0.338
-0.143,-3.425
-0.12,-2.745
-0.138,0.222
-0.213,-2.394
-0.185,-1.241
-0.275,-3.107
-0.278,-2.678
-0.293,-3.105
-0.334,-1.041
-0.267,-3.046
-0.381,-0.412
-0.318,-1.068
-0.432,-0.953
-0.371,-3.441
-0.366,-3.419
-0.395,-0.396
-0.391,0.434
-0.482,-0.614
-0.441,-2.79
-0.46,-2.683
-0.566,0.268
-0.613,0.417
-0.543,-1.294
-0.585,-2.587
-0.66,-1.858
-0.586,-1.8
-0.69,0.037
-0.678,-2.594
-0.648,-2.12
-0.735,-2.078
-0.811,-1.979
-0.826,-1.9
-0.835,-1.32
-0.876,-2.306
-0.938,-2.268
-1.046,-0.303
-1.141,-1.303
-1.254,-1.972
-1.194,-0.353
-1.253,-2.329
-1.348,-2.814
-1.341,-2.669
-1.389,-1.133
-1.325,-1.525
-1.366,-1.582
-1.465,-0.343
-1.462,-2.614
-1.527,-3.529
-1.556,-2.853
-1.512,-2.411
-1.567,-1.708
-1.686,-0.497
-1.704,-0.552
-1.72,-0.1
-1.702,-1.51
-1.726,0.13
-1.795,-2.415
-1.812,0.417
-1.869,-0.408
-1.905,-1.865
-1.893,-1.807
-1.972,-0.974
-2.039,-2.548
-2.07,-1.426
-2.078,-2.032
-2.019,-1.118
-2.134,-2.595
-2.062,-0.265
-2.134,0.273
-2.215,-1.594
-2.223,-0.738
-2.16,-1.376
-2.224,-0.95
-2.282,-3.054
-2.272,-0.683
-2.321,-3.169
-2.397,-3.39
-2.398,-0.401
-2.418,-1.973
-2.483,-1.215
-2.452,-3.424
-2.46,-1.276
-2.459,-1.328
-2.474,0.109
-2.486,-0.113
-2.49,-1.636
-2.508,-1.882
-2.588,-2.637
-2.581,-1.595
-2.581,-2.199
-2.52,-1.673
-2.585,-1.031
-2.625,-0.512
-2.693,-1.792
-2.648,-2.093
-2.747,-3.281
-2.769,-2.397
-2.769,-3.13
-2.708,0.326
-2.748,-1.011
-2.825,-0.041
-2.813,-1.799
-2.851,0.447
-2.872,-1.305
-2.819,-1.831
-2.833,-0.75
-2.921,-0.002
-2.933,0.098
-2.968,-2.606
-2.893,-2.253
-2.97,-2.867
-2.919,-1.192
-2.967,-0.718
-2.993,-1.096
-3.062,-3.222
-3.058,-3.431
-3.067,-1.157
-3.114,-0.664
3.128,-0.129
-3.091,-1.365
3.129,-2.814
3.114,-0.994
3.02,0.323
3.006,-2.093
2.945,-1.78
2.884,-1.816
2.876,-2.301
2.914,-1.225
2.846,-1.544
2.911,0.02
2.869,-0.301
2.819,-3.373
2.74,-0.161
2.676,-2.673
2.685,-1.478
2.717,-0.519
2.65,-1.93
2.499,0.389
2.417,-2.544
2.401,-3.335
2.392,-0.028
2.379,-3.152
2.296,-2.64
2.2,-1.455
2.231,-1.333
2.14,-1.514
2.17,0.281
2.113,-1.217
2.041,-1.983
2.031,-0.432
2.017,-2.066
1.943,-0.327
1.995,-0.728
1.912,-0.929
1.893,-2.033
1.881,-1.304
1.918,-1.819
1.88,-1.979
1.863,-2.193
1.805,-2.577
1.817,-0.164
1.78,-1.434
1.79,-0.96
1.76,-3.47
1.742,-1.224
1.637,-1.41
1.603,-1.094
1.619,-0.801
1.555,-1.811
1.419,-3.283
1.35,-2.373
1.313,-2.18
1.373,-2.002
1.351,-2.271
1.284,-3.392
1.257,-1.031
1.252,-0.923
1.173,-1.809
1.203,-1.126
1.125,0.244
1.179,-1.67
1.199,-0.659
1.12,-1.35
1.159,-3.492
1.114,-2.004
1.172,-3.068
1.133,-2.164
1.022,-2.366
1.015,-1.984
0.947,-2.037
1.0,-2.456
0.973,-1.833
0.92,-1.469
0.952,-2.063
0.969,-1.435
0.951,-3.351
0.936,-2.345
0.908,-0.846
0.908,-1.775
0.91,-1.285
0.873,-0.799
0.869,0.199
0.84,-3.43
0.144,-3.547
0.096,-3.484
-0.788,-3.625
-1.139,-3.586
-1.82,-3.718
-1.803,-3.579
-2.323,-3.821
-2.333,-3.565
-2.363,-3.616
2.834,-3.813
2.293,-3.574
2.096,-3.794
1.534,-3.647
1.126,-3.949
0.759,0.815
0.72,0.707
0.537,0.54
0.098,0.594
0.108,0.86
-0.341,0.903
-0.729,0.745
-0.966,0.525
-0.955,0.823
-1.564,0.771
-1.683,0.66
-1.808,0.581
-1.903,0.538
-2.432,0.708
-2.725,0.611
-2.936,0.768
3.103,0.929
3.022,0.641
2.272,0.952
2.031,0.501
1.75,0.637
1.328,0.663
1.22,0.713
1.231,0.591
0.861,0.82
0.555,0.443
0.249,-2.185
0.157,-2.948
-0.513,-1.024
-0.496,-3.328
-0.939,-2.34
-2.405,-3.175
-2.886,-1.178
2.564,0.131
2.27,-0.593
1.814,-2.462
1.341,-2.801
2.802,-3.729
2.744,0.71
0.895,0.477
0.871,-1.72
0.724,-2.038
0.804,-2.177
0.736,0.382
0.623,-2.351
0.494,-0.021
0.615,-3.294
0.542,-0.4
0.52,-1.853
0.518,-0.512
0.457,-0.884
0.365,-0.409
0.254,-0.567
0.345,-1.682
0.146,0.282
0.103,-1.816
0.043,-2.596
0.022,-0.501
-0.128,-3.515
-0.188,-1.46
-0.093,-1.61
-0.203,-3.24
-0.314,-1.076
-0.309,-1.465
-0.623,-0.828
-0.51,0.17
-0.632,-1.559
-0.652,0.369
-0.711,0.279
-0.817,-1.89
-0.885,-0.906
-0.902,-1.711
-1.136,0.42
-1.116,-3.4
-1.13,-3.194
-1.357,0.169
-1.267,-2.94
-1.465,-3.316
-1.625,-1.345
-1.622,-2.13
-1.562,-2.349
-1.574,-3.498
-1.623,-0.694
-1.651,-2.398
-1.796,-1.985
-1.794,0.295
-1.749,-2.446
-2.2,-2.996
-2.071,-2.428
-2.176,-1.214
-2.172,-2.209
-2.298,-3.148
-2.205,0.008
-2.288,-1.967
-2.327,-0.165
-2.506,-1.533
-2.549,-1.551
-2.549,0.303
-2.486,-0.322
-2.637,-2.382
-2.642,-2.397
-2.509,-2.837
-2.666,-1.68
-2.558,0.409
-2.572,-0.732
-2.707,-3.043
-2.591,-0.827
-2.608,-0.655
-2.596,-2.442
-2.696,-2.291
-2.805,-1.19
-2.875,-0.425
-2.798,-3.486
-2.809,-1.103
-2.931,0.456
-2.978,-1.474
-2.867,-3.201
-2.945,-1.671
-3.007,-1.951
3.089,0.121
3.124,-3.37
3.093,-0.166
2.959,-2.904
3.056,-2.205
2.944,-0.764
3.017,-3.187
2.844,-1.185
2.804,-3.327
2.922,-0.696
2.786,-3.279
2.724,-3.255
2.588,-1.145
2.7,-2.114
2.577,-3.378
2.624,-3.53
2.62,-3.253
2.582,-2.178
2.418,-0.584
2.247,0.11
2.136,-1.787
2.118,-2.063
2.112,-2.019
2.114,-1.075
2.108,-1.128
2.086,-1.193
1.979,-1.361
1.947,-2.762
1.912,-1.269
1.849,-2.85
1.807,-2.053
1.749,-1.552
1.438,-2.221
1.543,-2.186
1.272,-2.108
1.394,-1.774
1.343,-2.393
1.22,-3.383
1.027,0.273
1.151,-1.5
1.003,-1.276
0.993,-3.211
1.075,-0.06
0.908,-2.684
0.905,-0.619
0.892,-0.015
0.795,-1.452
0.886,-1.859
0.598,-3.736
0.128,-3.505
-0.105,-3.787
-0.42,-3.843
-0.538,-3.792
-0.948,-3.588
-1.583,-3.855
-2.06,-3.799
-2.254,-3.65
2.365,-3.464
2.165,-3.751
2.128,-3.86
1.836,-3.693
1.893,-3.668
0.79,-3.695
0.606,0.486
0.534,0.588
0.108,0.773
-0.352,0.693
-1.477,0.79
-1.846,0.487
-1.709,0.493
-2.067,0.53
-1.944,0.611
-2.179,0.828
-2.346,0.801
-2.468,0.528
-2.858,0.646
-3.003,0.563
-2.888,0.926
-2.881,0.644
2.918,0.807
2.586,0.955
2.323,0.878
1.891,0.738
1.432,0.707
1.326,0.753
1.287,0.715
-2.14,-1.654
-2.588,-2.252
2.462,-3.419
2.2,-2.101
1.865,-1.416
-1.384,-0.869
-2.856,-0.125
1.346,-1.172
1.325,-1.373
1.269,-1.029
1.047,-2.492
0.339,-0.528
-0.641,-2.152
-0.736,-1.864
-0.885,-1.355
-0.62,-3.724
-2.64,-3.248
-2.859,0.595
1.659,0.171
1.571,0.404
1.343,0.331
1.418,0.15
2.317,0.315
2.787,0.762
0.006,0.214
-0.157,-2.873
-0.134,-2.193
-0.152,0.774
-0.227,-1.842
-0.199,-0.689
-0.289,-2.555
-0.292,-2.126
-0.307,-2.553
-0.348,-0.489
-0.281,-2.494
-0.395,0.14
-0.332,-0.516
-0.446,-0.401
-0.385,-2.889
-0.38,-2.867
-0.409,0.156
-0.405,0.986
-0.496,-0.062
-0.455,-2.238
-0.474,-2.131
-0.58,0.82
-0.627,0.969
-0.557,-0.742
-0.599,-2.035
-0.674,-1.306
-0.6,-1.248
-0.704,0.589
-0.692,-2.042
-0.662,-1.568
-0.749,-1.526
-0.825,-1.427
-0.84,-1.348
-0.849,-0.768
-0.89,-1.754
-0.952,-1.716
-1.06,0.249
-1.155,-0.751
-1.268,-1.42
-1.208,0.199
-1.267,-1.777
-1.362,-2.262
-1.355,-2.117
-1.403,-0.581
-1.339,-0.973
-1.38,-1.03
-1.479,0.209
-1.476,-2.062
-1.541,-2.977
-1.57,-2.301
-1.526,-1.859
-1.581,-1.156
-1.7,0.055
-1.718,0.0
-1.734,0.452
-1.716,-0.958
-1.74,0.682
-1.809,-1.863
-1.826,0.969
-1.883,0.144
-1.919,-1.313
-1.907,-1.255
-1.986,-0.422
-2.053,-1.996
-2.084,-0.874
-2.092,-1.48
-2.033,-0.566
-2.148,-2.043
-2.076,0.287
-2.148,0.825
-2.229,-1.042
-2.237,-0.186
-2.174,-0.824
-2.238,-0.398
-2.296,-2.502
-2.286,-0.131
-2.335,-2.617
-2.411,-2.838
-2.412,0.151
-2.432,-1.421
-2.497,-0.663
-2.466,-2.872
-2.474,-0.724
-2.473,-0.776
-2.488,0.661
-2.5,0.439
-2.504,-1.084
-2.522,-1.33
-2.602,-2.085
-2.595,-1.043
-2.595,-1.647
-2.534,-1.121
-2.599,-0.479
-2.639,0.04
-2.707,-1.24
-2.662,-1.541
-2.761,-2.729
-2.783,-1.845
-2.783,-2.578
-2.722,0.878
-2.762,-0.459
-2.839,0.511
-2.827,-1.247
-2.865,0.999
-2.886,-0.753
-2.833,-1.279
-2.847,-0.198
-2.935,0.55
-2.947,0.65
-2.982,-2.054
-2.907,-1.701
-2.984,-2.315
-2.933,-0.64
-2.981,-0.166
-3.007,-0.544
-3.076,-2.67
-3.072,-2.879
-3.081,-0.605
-3.128,-0.112
3.114,0.423
-3.105,-0.813
3.115,-2.262
3.1,-0.442
3.006,0.875
2.992,-1.541
2.931,-1.228
2.87,-1.264
2.862,-1.749
2.9,-0.673
2.832,-0.992
2.897,0.572
2.855,0.251
2.805,-2.821
2.726,0.391
2.662,-2.121
2.671,-0.926
2.703,0.033
2.636,-1.378
2.485,0.941
2.403,-1.992
2.387,-2.783
2.378,0.524
2.365,-2.6
2.282,-2.088
2.186,-0.903
2.217,-0.781
2.126,-0.962
2.156,0.833
2.099,-0.665
2.027,-1.431
2.017,0.12
2.003,-1.514
1.929,0.225
1.981,-0.176
1.898,-0.377
1.879,-1.481
1.867,-0.752
1.904,-1.267
1.866,-1.427
1.849,-1.641
1.791,-2.025
1.803,0.388
1.766,-0.882
1.776,-0.408
1.746,-2.918
1.728,-0.672
1.623,-0.858
1.589,-0.542
1.605,-0.249
1.541,-1.259
1.405,-2.731
1.336,-1.821
1.299,-1.628
1.359,-1.45
1.337,-1.719
1.27,-2.84
1.243,-0.479
1.238,-0.371
1.159,-1.257
1.189,-0.574
1.111,0.796
1.165,-1.118
1.185,-0.107
1.106,-0.798
1.145,-2.94
1.1,-1.452
1.158,-2.516
1.119,-1.612
1.008,-1.814
1.001,-1.432
0.933,-1.485
0.986,-1.904
0.959,-1.281
0.906,-0.917
0.938,-1.511
0.955,-0.883
0.937,-2.799
0.922,-1.793
0.894,-0.294
0.894,-1.223
0.896,-0.733
0.859,-0.247
0.855,0.751
0.826,-2.878
0.13,-2.995
0.082,-2.932
-0.802,-3.073
-1.153,-3.034
-1.834,-3.166
-1.817,-3.027
-2.337,-3.269
-2.347,-3.013
-2.377,-3.064
2.82,-3.261
2.279,-3.022
2.082,-3.242
1.52,-3.095
1.112,-3.397
0.745,1.367
0.706,1.259
0.523,1.092
0.084,1.146
0.094,1.412
-0.355,1.455
-0.743,1.297
-0.98,1.077
-0.969,1.375
-1.578,1.323
-1.697,1.212
-1.822,1.133
-1.917,1.09
-2.446,1.26
-2.739,1.163
-2.95,1.32
3.089,1.481
3.008,1.193
2.258,1.504
2.017,1.053
1.736,1.189
1.314,1.215
1.206,1.265
1.217,1.143
0.847,1.372
0.541,0.995
0.235,-1.633
0.143,-2.396
-0.527,-0.472
-0.51,-2.776
-0.953,-1.788
-2.419,-2.623
-2.9,-0.626
2.55,0.683
2.256,-0.041
1.8,-1.91
1.327,-2.249
2.788,-3.177
2.73,1.262
0.881,1.029
0.857,-1.168
0.71,-1.486
0.79,-1.625
0.722,0.934
0.609,-1.799
0.48,0.531
0.601,-2.742
0.528,0.152
0.506,-1.301
0.504,0.04
0.443,-0.332
0.351,0.143
0.24,-0.015
0.331,-1.13
0.132,0.834
0.089,-1.264
0.029,-2.044
0.008,0.051
-0.142,-2.963
-0.202,-0.908
-0.107,-1.058
-0.217,-2.688
-0.328,-0.524
-0.323,-0.913
-0.637,-0.276
-0.524,0.722
-0.646,-1.007
-0.666,0.921
-0.725,0.831
-0.831,-1.338
-0.899,-0.354
-0.916,-1.159
-1.15,0.972
-1.13,-2.848
-1.144,-2.642
-1.371,0.721
-1.281,-2.388
-1.479,-2.764
-1.639,-0.793
-1.636,-1.578
-1.576,-1.797
-1.588,-2.946
-1.637,-0.142
-1.665,-1.846
-1.81,-1.433
-1.808,0.847
-1.763,-1.894
-2.214,-2.444
-2.085,-1.876
-2.19,-0.662
-2.186,-1.657
-2.312,-2.596
-2.219,0.56
-2.302,-1.415
-2.341,0.387
-2.52,-0.981
-2.563,-0.999
-2.563,0.855
-2.5,0.23
-2.651,-1.83
-2.656,-1.845
-2.523,-2.285
-2.68,-1.128
-2.572,0.961
-2.586,-0.18
-2.721,-2.491
-2.605,-0.275
-2.622,-0.103
-2.61,-1.89
-2.71,-1.739
-2.819,-0.638
-2.889,0.127
-2.812,-2.934
-2.823,-0.551
-2.945,1.008
-2.992,-0.922
-2.881,-2.649
-2.959,-1.119
-3.021,-1.399
3.075,0.673
3.11,-2.818
3.079,0.386
2.945,-2.352
3.042,-1.653
2.93,-0.212
3.003,-2.635
2.83,-0.633
2.79,-2.775
2.908,-0.144
2.772,-2.727
2.71,-2.703
2.574,-0.593
2.686,-1.562
2.563,-2.826
2.61,-2.978
2.606,-2.701
2.568,-1.626
2.404,-0.032
2.233,0.662
2.122,-1.235
2.104,-1.511
2.098,-1.467
2.1,-0.523
2.094,-0.576
2.072,-0.641
1.965,-0.809
1.933,-2.21
1.898,-0.717
1.835,-2.298
1.793,-1.501
1.735,-1.0
1.424,-1.669
1.529,-1.634
1.258,-1.556
1.38,-1.222
1.329,-1.841
1.206,-2.831
1.013,0.825
1.137,-0.948
0.989,-0.724
0.979,-2.659
1.061,0.492
0.894,-2.132
0.891,-0.067
0.878,0.537
0.781,-0.9
0.872,-1.307
0.584,-3.184
0.114,-2.953
-0.119,-3.235
-0.434,-3.291
-0.552,-3.24
-0.962,-3.036
-1.597,-3.303
-2.074,-3.247
-2.268,-3.098
2.351,-2.912
2.151,-3.199
2.114,-3.308
1.822,-3.141
1.879,-3.116
0.776,-3.143
0.592,1.038
0.52,1.14
0.094,1.325
-0.366,1.245
-1.491,1.342
-1.86,1.039
-1.723,1.045
-2.081,1.082
-1.958,1.163
-2.193,1.38
-2.36,1.353
-2.482,1.08
-2.872,1.198
-3.017,1.115
-2.902,1.478
-2.895,1.196
2.904,1.359
2.572,1.507
2.309,1.43
1.877,1.29
1.418,1.259
1.312,1.305
1.273,1.267
-2.154,-1.102
-2.602,-1.7
2.448,-2.867
2.186,-1.549
1.851,-0.864
-1.398,-0.317
-2.87,0.427
1.332,-0.62
1.311,-0.821
1.255,-0.477
1.033,-1.94
0.325,0.024
-0.655,-1.6
-0.75,-1.312
-0.899,-0.803
-0.634,-3.172
-2.654,-2.696
-2.873,1.147
1.645,0.723
1.557,0.956
1.329,0.883
1.404,0.702
2.303,0.867
2.773,1.314
-0.163,-3.087
-0.14,-2.407
-0.158,0.56
-0.233,-2.056
-0.205,-0.903
-0.295,-2.769
-0.298,-2.34
-0.313,-2.767
-0.354,-0.703
-0.287,-2.708
-0.401,-0.074
-0.338,-0.73
-0.452,-0.615
-0.391,-3.103
-0.386,-3.081
-0.415,-0.058
-0.411,0.772
-0.502,-0.276
-0.461,-2.452
-0.48,-2.345
-0.586,0.606
-0.633,0.755
-0.563,-0.956
-0.605,-2.249
-0.68,-1.52
-0.606,-1.462
-0.71,0.375
-0.698,-2.256
-0.668,-1.782
-0.755,-1.74
-0.831,-1.641
-0.846,-1.562
-0.855,-0.982
-0.896,-1.968
-0.958,-1.93
-1.066,0.035
-1.161,-0.965
-1.274,-1.634
-1.214,-0.015
-1.273,-1.991
-1.368,-2.476
-1.361,-2.331
-1.409,-0.795
-1.345,-1.187
-1.386,-1.244
-1.485,-0.005
-1.482,-2.276
-1.547,-3.191
-1.576,-2.515
-1.532,-2.073
-1.587,-1.37
-1.706,-0.159
-1.724,-0.214
-1.74,0.238
-1.722,-1.172
-1.746,0.468
-1.815,-2.077
-1.832,0.755
-1.889,-0.07
-1.925,-1.527
-1.913,-1.469
-1.992,-0.636
-2.059,-2.21
-2.09,-1.088
-2.098,-1.694
-2.039,-0.78
-2.154,-2.257
-2.082,0.073
-2.154,0.611
-2.235,-1.256
-2.243,-0.4
-2.18,-1.038
-2.244,-0.612
-2.302,-2.716
-2.292,-0.345
-2.341,-2.831
-2.417,-3.052
-2.418,-0.063
-2.438,-1.635
-2.503,-0.877
-2.472,-3.086
-2.48,-0.938
-2.479,-0.99
-2.494,0.447
-2.506,0.225
-2.51,-1.298
-2.528,-1.544
-2.608,-2.299
-2.601,-1.257
-2.601,-1.861
-2.54,-1.335
-2.605,-0.693
-2.645,-0.174
-2.713,-1.454
-2.668,-1.755
-2.767,-2.943
-2.789,-2.059
-2.789,-2.792
-2.728,0.664
-2.768,-0.673
-2.845,0.297
-2.833,-1.461
-2.871,0.785
-2.892,-0.967
-2.839,-1.493
-2.853,-0.412
-2.941,0.336
-2.953,0.436
-2.988,-2.268
-2.913,-1.915
-2.99,-2.529
-2.939,-0.854
-2.987,-0.38
-3.013,-0.758
-3.082,-2.884
-3.078,-3.093
-3.087,-0.819
-3.134,-0.326
3.108,0.209
-3.111,-1.027
3.109,-2.476
3.094,-0.656
3.0,0.661
2.986,-1.755
2.925,-1.442
2.864,-1.478
2.856,-1.963
2.894,-0.887
2.826,-1.206
2.891,0.358
2.849,0.037
2.799,-3.035
2.72,0.177
2.656,-2.335
2.665,-1.14
2.697,-0.181
2.63,-1.592
2.479,0.727
2.397,-2.206
2.381,-2.997
2.372,0.31
2.359,-2.814
2.276,-2.302
2.18,-1.117
2.211,-0.995
2.12,-1.176
2.15,0.619
2.093,-0.879
2.021,-1.645
2.011,-0.094
1.997,-1.728
1.923,0.011
1.975,-0.39
1.892,-0.591
1.873,-1.695
1.861,-0.966
1.898,-1.481
1.86,-1.641
1.843,-1.855
1.785,-2.239
1.797,0.174
1.76,-1.096
1.77,-0.622
1.74,-3.132
1.722,-0.886
1.617,-1.072
1.583,-0.756
1.599,-0.463
1.535,-1.473
1.399,-2.945
1.33,-2.035
1.293,-1.842
1.353,-1.664
1.331,-1.933
1.264,-3.054
1.237,-0.693
1.232,-0.585
1.153,-1.471
1.183,-0.788
1.105,0.582
1.159,-1.332
1.179,-0.321
1.1,-1.012
1.139,-3.154
1.094,-1.666
1.152,-2.73
1.113,-1.826
1.002,-2.028
0.995,-1.646
0.927,-1.699
0.98,-2.118
0.953,-1.495
0.9,-1.131
0.932,-1.725
0.949,-1.097
0.931,-3.013
0.916,-2.007
0.888,-0.508
0.888,-1.437
0.89,-0.947
0.853,-0.461
0.849,0.537
0.82,-3.092
0.124,-3.209
0.076,-3.146
-0.808,-3.287
-1.159,-3.248
-1.84,-3.38
-1.823,-3.241
-2.343,-3.483
-2.353,-3.227
-2.383,-3.278
2.814,-3.475
2.273,-3.236
2.076,-3.456
1.514,-3.309
1.106,-3.611
0.739,1.153
0.7,1.045
0.517,0.878
0.078,0.932
0.088,1.198
-0.361,1.241
-0.749,1.083
-0.986,0.863
-0.975,1.161
-1.584,1.109
-1.703,0.998
-1.828,0.919
-1.923,0.876
-2.452,1.046
-2.745,0.949
-2.956,1.106
3.083,1.267
3.002,0.979
2.252,1.29
2.011,0.839
1.73,0.975
1.308,1.001
1.2,1.051
1.211,0.929
0.841,1.158
0.535,0.781
0.229,-1.847
0.137,-2.61
-0.533,-0.686
-0.516,-2.99
-0.959,-2.002
-2.425,-2.837
-2.906,-0.84
2.544,0.469
2.25,-0.255
1.794,-2.124
1.321,-2.463
2.782,-3.391
2.724,1.048
0.875,0.815
0.851,-1.382
0.704,-1.7
0.784,-1.839
0.716,0.72
0.603,-2.013
0.474,0.317
0.595,-2.956
0.522,-0.062
0.5,-1.515
0.498,-0.174
0.437,-0.546
0.345,-0.071
0.234,-0.229
0.325,-1.344
0.126,0.62
0.083,-1.478
0.023,-2.258
0.002,-0.163
-0.148,-3.177
-0.208,-1.122
-0.113,-1.272
-0.223,-2.902
-0.334,-0.738
-0.329,-1.127
-0.643,-0.49
-0.53,0.508
-0.652,-1.221
-0.672,0.707
-0.731,0.617
-0.837,-1.552
-0.905,-0.568
-0.922,-1.373
-1.156,0.758
-1.136,-3.062
-1.15,-2.856
-1.377,0.507
-1.287,-2.602
-1.485,-2.978
-1.645,-1.007
-1.642,-1.792
-1.582,-2.011
-1.594,-3.16
-1.643,-0.356
-1.671,-2.06
-1.816,-1.647
-1.814,0.633
-1.769,-2.108
-2.22,-2.658
-2.091,-2.09
-2.196,-0.876
-2.192,-1.871
-2.318,-2.81
-2.225,0.346
-2.308,-1.629
-2.347,0.173
-2.526,-1.195
-2.569,-1.213
-2.569,0.641
-2.506,0.016
-2.657,-2.044
-2.662,-2.059
-2.529,-2.499
-2.686,-1.342
-2.578,0.747
-2.592,-0.394
-2.727,-2.705
-2.611,-0.489
-2.628,-0.317
-2.616,-2.104
-2.716,-1.953
-2.825,-0.852
-2.895,-0.087
-2.818,-3.148
-2.829,-0.765
-2.951,0.794
-2.998,-1.136
-2.887,-2.863
-2.965,-1.333
-3.027,-1.613
3.069,0.459
3.104,-3.032
3.073,0.172
2.939,-2.566
3.036,-1.867
2.924,-0.426
2.997,-2.849
2.824,-0.847
2.784,-2.989
2.902,-0.358
2.766,-2.941
2.704,-2.917
2.568,-0.807
2.68,-1.776
2.557,-3.04
2.604,-3.192
2.6,-2.915
2.562,-1.84
2.398,-0.246
2.227,0.448
2.116,-1.449
2.098,-1.725
2.092,-1.681
2.094,-0.737
2.088,-0.79
2.066,-0.855
1.959,-1.023
1.927,-2.424
1.892,-0.931
1.829,-2.512
1.787,-1.715
1.729,-1.214
1.418,-1.883
1.523,-1.848
1.252,-1.77
1.374,-1.436
1.323,-2.055
1.2,-3.045
1.007,0.611
1.131,-1.162
0.983,-0.938
0.973,-2.873
1.055,0.278
0.888,-2.346
0.885,-0.281
0.872,0.323
0.775,-1.114
0.866,-1.521
0.578,-3.398
0.108,-3.167
-0.125,-3.449
-0.44,-3.505
-0.558,-3.454
-0.968,-3.25
-1.603,-3.517
-2.08,-3.461
-2.274,-3.312
2.345,-3.126
2.145,-3.413
2.108,-3.522
1.816,-3.355
1.873,-3.33
0.77,-3.357
0.586,0.824
0.514,0.926
0.088,1.111
-0.372,1.031
-1.497,1.128
-1.866,0.825
-1.729,0.831
-2.087,0.868
-1.964,0.949
-2.199,1.166
-2.366,1.139
-2.488,0.866
-2.878,0.984
-3.023,0.901
-2.908,1.264
-2.901,0.982
2.898,1.145
2.566,1.293
2.303,1.216
1.871,1.076
1.412,1.045
1.306,1.091
1.267,1.053
-2.16,-1.316
-2.608,-1.914
2.442,-3.081
2.18,-1.763
1.845,-1.078
-1.404,-0.531
-2.876,0.213
1.326,-0.834
1.305,-1.035
1.249,-0.691
1.027,-2.154
0.319,-0.19
-0.661,-1.814
-0.756,-1.526
-0.905,-1.017
-0.64,-3.386
-2.66,-2.91
-2.879,0.933
1.639,0.509
1.551,0.742
1.323,0.669
1.398,0.488
2.297,0.653
2.767,1.1
0.023,0.68
0.005,3.647
-0.07,1.031
-0.042,2.184
-0.132,0.318
-0.135,0.747
-0.15,0.32
-0.191,2.384
-0.124,0.379
-0.238,3.013
-0.175,2.357
-0.289,2.472
-0.228,-0.016
-0.223,0.006
-0.252,3.029
-0.248,3.859
-0.339,2.811
-0.298,0.635
-0.317,0.742
-0.423,3.693
-0.47,3.842
-0.4,2.131
-0.442,0.838
-0.517,1.567
-0.443,1.625
-0.547,3.462
-0.535,0.831
-0.505,1.305
-0.592,1.347
-0.668,1.446
-0.683,1.525
-0.692,2.105
-0.733,1.119
-0.795,1.157
-0.903,3.122
-0.998,2.122
-1.111,1.453
-1.051,3.072
-1.11,1.096
-1.205,0.611
-1.198,0.756
-1.246,2.292
-1.182,1.9
-1.223,1.843
-1.322,3.082
-1.319,0.811
-1.384,-0.104
-1.413,0.572
-1.369,1.014
-1.424,1.717
-1.543,2.928
-1.561,2.873
-1.577,3.325
-1.559,1.915
-1.583,3.555
-1.652,1.01
-1.669,3.842
-1.726,3.017
-1.762,1.56
-1.75,1.618
-1.829,2.451
-1.896,0.877
-1.927,1.999
-1.935,1.393
-1.876,2.307
-1.991,0.83
-1.919,3.16
-1.991,3.698
-2.072,1.831
-2.08,2.687
-2.017,2.049
-2.081,2.475
-2.139,0.371
-2.129,2.742
-2.178,0.256
-2.254,0.035
-2.255,3.024
-2.275,1.452
-2.34,2.21
-2.309,0.001
-2.317,2.149
-2.316,2.097
-2.331,3.534
-2.343,3.312
-2.347,1.789
-2.365,1.543
-2.445,0.788
-2.438,1.83
-2.438,1.226
-2.377,1.752
-2.442,2.394
-2.482,2.913
-2.55,1.633
-2.505,1.332
-2.604,0.144
-2.626,1.028
-2.626,0.295
-2.565,3.751
-2.605,2.414
-2.682,3.384
-2.67,1.626
-2.708,3.872
-2.729,2.12
-2.676,1.594
-2.69,2.675
-2.778,3.423
-2.79,3.523
-2.825,0.819
-2.75,1.172
-2.827,0.558
-2.776,2.233
-2.824,2.707
-2.85,2.329
-2.919,0.203
-2.915,-0.006
-2.924,2.268
-2.971,2.761
-3.012,3.296
-2.948,2.06
-3.011,0.611
-3.026,2.431
-3.12,3.748
-3.134,1.332
3.088,1.645
3.027,1.609
3.019,1.124
3.057,2.2
2.989,1.881
3.054,3.445
3.012,3.124
2.962,0.052
2.883,3.264
2.819,0.752
2.828,1.947
2.86,2.906
2.793,1.495
2.642,3.814
2.56,0.881
2.544,0.09
2.535,3.397
2.522,0.273
2.439,0.785
2.343,1.97
2.374,2.092
2.283,1.911
2.313,3.706
2.256,2.208
2.184,1.442
2.174,2.993
2.16,1.359
2.086,3.098
2.138,2.697
2.055,2.496
2.036,1.392
2.024,2.121
2.061,1.606
2.023,1.446
2.006,1.232
1.948,0.848
1.96,3.261
1.923,1.991
1.933,2.465
1.903,-0.045
1.885,2.201
1.78,2.015
1.746,2.331
1.762,2.624
1.698,1.614
1.562,0.142
1.493,1.052
1.456,1.245
1.516,1.423
1.494,1.154
1.427,0.033
1.4,2.394
1.395,2.502
1.316,1.616
1.346,2.299
1.268,3.669
1.322,1.755
1.342,2.766
1.263,2.075
1.302,-0.067
1.257,1.421
1.315,0.357
1.276,1.261
1.165,1.059
1.158,1.441
1.09,1.388
1.143,0.969
1.116,1.592
1.063,1.956
1.095,1.362
1.112,1.99
1.094,0.074
1.079,1.08
1.051,2.579
1.051,1.65
1.053,2.14
1.016,2.626
1.012,3.624
0.983,-0.005
0.287,-0.122
0.239,-0.059
-0.645,-0.2
-0.996,-0.161
-1.677,-0.293
-1.66,-0.154
-2.18,-0.396
-2.19,-0.14
-2.22,-0.191
2.977,-0.388
2.436,-0.149
2.239,-0.369
1.677,-0.222
1.269,-0.524
0.902,4.24
0.863,4.132
0.68,3.965
0.241,4.019
0.251,4.285
-0.198,4.328
-0.586,4.17
-0.823,3.95
-0.812,4.248
-1.421,4.196
-1.54,4.085
-1.665,4.006
-1.76,3.963
-2.289,4.133
-2.582,4.036
-2.793,4.193
-3.037,4.354
-3.118,4.066
2.415,4.377
2.174,3.926
1.893,4.062
1.471,4.088
1.363,4.138
1.374,4.016
1.004,4.245
0.698,3.868
0.392,1.24
0.3,0.477
-0.37,2.401
-0.353,0.097
-0.796,1.085
-2.262,0.25
-2.743,2.247
2.707,3.556
2.413,2.832
1.957,0.963
1.484,0.624
2.945,-0.304
2.887,4.135
1.038,3.902
1.014,1.705
0.867,1.387
0.947,1.248
0.879,3.807
0.766,1.074
0.637,3.404
0.758,0.131
0.685,3.025
0.663,1.572
0.661,2.913
0.6,2.541
0.508,3.016
0.397,2.858
0.488,1.743
0.289,3.707
0.246,1.609
0.186,0.829
0.165,2.924
0.015,-0.09
-0.045,1.965
0.05,1.815
-0.06,0.185
-0.171,2.349
-0.166,1.96
-0.48,2.597
-0.367,3.595
-0.489,1.866
-0.509,3.794
-0.568,3.704
-0.674,1.535
-0.742,2.519
-0.759,1.714
-0.993,3.845
-0.973,0.025
-0.987,0.231
-1.214,3.594
-1.124,0.485
-1.322,0.109
-1.482,2.08
-1.479,1.295
-1.419,1.076
-1.431,-0.073
-1.48,2.731
-1.508,1.027
-1.653,1.44
-1.651,3.72
-1.606,0.979
-2.057,0.429
-1.928,0.997
-2.033,2.211
-2.029,1.216
-2.155,0.277
-2.062,3.433
-2.145,1.458
-2.184,3.26
-2.363,1.892
-2.406,1.874
-2.406,3.728
-2.343,3.103
-2.494,1.043
-2.499,1.028
-2.366,0.588
-2.523,1.745
-2.415,3.834
-2.429,2.693
-2.564,0.382
-2.448,2.598
-2.465,2.77
-2.453,0.983
-2.553,1.134
-2.662,2.235
-2.732,3.0
-2.655,-0.061
-2.666,2.322
-2.788,3.881
-2.835,1.951
-2.724,0.224
-2.802,1.754
-2.864,1.474
-3.051,3.546
-3.016,0.055
-3.047,3.259
3.102,0.521
-3.084,1.22
3.087,2.661
-3.123,0.238
2.987,2.24
2.947,0.098
3.065,2.729
2.929,0.146
2.867,0.17
2.731,2.28
2.843,1.311
2.72,0.047
2.767,-0.105
2.763,0.172
2.725,1.247
2.561,2.841
2.39,3.535
2.279,1.638
2.261,1.362
2.255,1.406
2.257,2.35
2.251,2.297
2.229,2.232
2.122,2.064
2.09,0.663
2.055,2.156
1.992,0.575
1.95,1.372
1.892,1.873
1.581,1.204
1.686,1.239
1.415,1.317
1.537,1.651
1.486,1.032
1.363,0.042
1.17,3.698
1.294,1.925
1.146,2.149
1.136,0.214
1.218,3.365
1.051,0.741
1.048,2.806
1.035,3.41
0.938,1.973
1.029,1.566
0.741,-0.311
0.271,-0.08
0.038,-0.362
-0.277,-0.418
-0.395,-0.367
-0.805,-0.163
-1.44,-0.43
-1.917,-0.374
-2.111,-0.225
2.508,-0.039
2.308,-0.326
2.271,-0.435
1.979,-0.268
2.036,-0.243
0.933,-0.27
0.749,3.911
0.677,4.013
0.251,4.198
-0.209,4.118
-1.334,4.215
-1.703,3.912
-1.566,3.918
-1.924,3.955
-1.801,4.036
-2.036,4.253
-2.203,4.226
-2.325,3.953
-2.715,4.071
-2.86,3.988
-2.745,4.351
-2.738,4.069
3.061,4.232
2.729,4.38
2.466,4.303
2.034,4.163
1.575,4.132
1.469,4.178
1.43,4.14
-1.997,1.771
-2.445,1.173
2.605,0.006
2.343,1.324
2.008,2.009
-1.241,2.556
-2.713,3.3
1.489,2.253
1.468,2.052
1.412,2.396
1.19,0.933
0.482,2.897
-0.498,1.273
-0.593,1.561
-0.742,2.07
-0.477,-0.299
-2.497,0.177
-2.716,4.02
1.802,3.596
1.714,3.829
1.486,3.756
1.561,3.575
2.46,3.74
2.93,4.187
-0.018,2.967
-0.093,0.351
-0.065,1.504
-0.155,-0.362
-0.158,0.067
-0.173,-0.36
-0.214,1.704
-0.147,-0.301
-0.261,2.333
-0.198,1.677
-0.312,1.792
-0.251,-0.696
-0.246,-0.674
-0.275,2.349
-0.271,3.179
-0.362,2.131
-0.321,-0.045
-0.34,0.062
-0.446,3.013
-0.493,3.162
-0.423,1.451
-0.465,0.158
-0.54,0.887
-0.466,0.945
-0.57,2.782
-0.558,0.151
-0.528,0.625
-0.615,0.667
-0.691,0.766
-0.706,0.845
-0.715,1.425
-0.756,0.439
-0.818,0.477
-0.926,2.442
-1.021,1.442
-1.134,0.773
-1.074,2.392
-1.133,0.416
-1.228,-0.069
-1.221,0.076
-1.269,1.612
-1.205,1.22
-1.246,1.163
-1.345,2.402
-1.342,0.131
-1.407,-0.784
-1.436,-0.108
-1.392,0.334
-1.447,1.037
-1.566,2.248
-1.584,2.193
-1.6,2.645
-1.582,1.235
-1.606,2.875
-1.675,0.33
-1.692,3.162
-1.749,2.337
-1.785,0.88
-1.773,0.938
-1.852,1.771
-1.919,0.197
-1.95,1.319
-1.958,0.713
-1.899,1.627
-2.014,0.15
-1.942,2.48
-2.014,3.018
-2.095,1.151
-2.103,2.007
-2.04,1.369
-2.104,1.795
-2.162,-0.309
-2.152,2.062
-2.201,-0.424
-2.277,-0.645
-2.278,2.344
-2.298,0.772
-2.363,1.53
-2.332,-0.679
-2.34,1.469
-2.339,1.417
-2.354,2.854
-2.366,2.632
-2.37,1.109
-2.388,0.863
-2.468,0.108
-2.461,1.15
-2.461,0.546
-2.4,1.072
-2.465,1.714
-2.505,2.233
-2.573,0.953
-2.528,0.652
-2.627,-0.536
-2.649,0.348
-2.649,-0.385
-2.588,3.071
-2.628,1.734
-2.705,2.704
-2.693,0.946
-2.731,3.192
-2.752,1.44
-2.699,0.914
-2.713,1.995
-2.801,2.743
-2.813,2.843
-2.848,0.139
-2.773,0.492
-2.85,-0.122
-2.799,1.553
-2.847,2.027
-2.873,1.649
-2.942,-0.477
-2.938,-0.686
-2.947,1.588
-2.994,2.081
-3.035,2.616
-2.971,1.38
-3.034,-0.069
-3.049,1.751
3.14,3.068
3.126,0.652
3.065,0.965
3.004,0.929
2.996,0.444
3.034,1.52
2.966,1.201
3.031,2.765
2.989,2.444
2.939,-0.628
2.86,2.584
2.796,0.072
2.805,1.267
2.837,2.226
2.77,0.815
2.619,3.134
2.537,0.201
2.521,-0.59
2.512,2.717
2.499,-0.407
2.416,0.105
2.32,1.29
2.351,1.412
2.26,1.231
2.29,3.026
2.233,1.528
2.161,0.762
2.151,2.313
2.137,0.679
2.063,2.418
2.115,2.017
2.032,1.816
2.013,0.712
2.001,1.441
2.038,0.926
2.0,0.766
1.983,0.552
1.925,0.168
1.937,2.581
1.9,1.311
1.91,1.785
1.88,-0.725
1.862,1.521
1.757,1.335
1.723,1.651
1.739,1.944
1.675,0.934
1.539,-0.538
1.47,0.372
1.433,0.565
1.493,0.743
1.471,0.474
1.404,-0.647
1.377,1.714
1.372,1.822
1.293,0.936
1.323,1.619
1.245,2.989
1.299,1.075
1.319,2.086
1.24,1.395
1.279,-0.747
1.234,0.741
1.292,-0.323
1.253,0.581
1.142,0.379
1.135,0.761
1.067,0.708
1.12,0.289
1.093,0.912
1.04,1.276
1.072,0.682
1.089,1.31
1.071,-0.606
1.056,0.4
1.028,1.899
1.028,0.97
1.03,1.46
0.993,1.946
0.989,2.944
0.96,-0.685
0.264,-0.802
0.216,-0.739
-0.668,-0.88
-1.019,-0.841
-1.7,-0.973
-1.683,-0.834
-2.203,-1.076
-2.213,-0.82
-2.243,-0.871
2.954,-1.068
2.413,-0.829
2.216,-1.049
1.654,-0.902
1.246,-1.204
0.879,3.56
0.84,3.452
0.657,3.285
0.218,3.339
0.228,3.605
-0.221,3.648
-0.609,3.49
-0.846,3.27
-0.835,3.568
-1.444,3.516
-1.563,3.405
-1.688,3.326
-1.783,3.283
-2.312,3.453
-2.605,3.356
-2.816,3.513
-3.06,3.674
-3.141,3.386
2.392,3.697
2.151,3.246
1.87,3.382
1.448,3.408
1.34,3.458
1.351,3.336
0.981,3.565
0.675,3.188
0.369,0.56
0.277,-0.203
-0.393,1.721
-0.376,-0.583
-0.819,0.405
-2.285,-0.43
-2.766,1.567
2.684,2.876
2.39,2.152
1.934,0.283
1.461,-0.056
2.922,-0.984
2.864,3.455
1.015,3.222
0.991,1.025
0.844,0.707
0.924,0.568
0.856,3.127
0.743,0.394
0.614,2.724
0.735,-0.549
0.662,2.345
0.64,0.892
0.638,2.233
0.577,1.861
0.485,2.336
0.374,2.178
0.465,1.063
0.266,3.027
0.223,0.929
0.163,0.149
0.142,2.244
-0.008,-0.77
-0.068,1.285
0.027,1.135
-0.083,-0.495
-0.194,1.669
-0.189,1.28
-0.503,1.917
-0.39,2.915
-0.512,1.186
-0.532,3.114
-0.591,3.024
-0.697,0.855
-0.765,1.839
-0.782,1.034
-1.016,3.165
-0.996,-0.655
-1.01,-0.449
-1.237,2.914
-1.147,-0.195
-1.345,-0.571
-1.505,1.4
-1.502,0.615
-1.442,0.396
-1.454,-0.753
-1.503,2.051
-1.531,0.347
-1.676,0.76
-1.674,3.04
-1.629,0.299
-2.08,-0.251
-1.951,0.317
-2.056,1.531
-2.052,0.536
-2.178,-0.403
-2.085,2.753
-2.168,0.778
-2.207,2.58
-2.386,1.212
-2.429,1.194
-2.429,3.048
-2.366,2.423
-2.517,0.363
-2.522,0.348
-2.389,-0.092
-2.546,1.065
-2.438,3.154
-2.452,2.013
-2.587,-0.298
-2.471,1.918
-2.488,2.09
-2.476,0.303
-2.576,0.454
-2.685,1.555
-2.755,2.32
-2.678,-0.741
-2.689,1.642
-2.811,3.201
-2.858,1.271
-2.747,-0.456
-2.825,1.074
-2.887,0.794
-3.074,2.866
-3.039,-0.625
-3.07,2.579
3.079,-0.159
-3.107,0.54
3.064,1.981
3.137,-0.442
2.964,1.56
2.924,-0.582
3.042,2.049
2.906,-0.534
2.844,-0.51
2.708,1.6
2.82,0.631
2.697,-0.633
2.744,-0.785
2.74,-0.508
2.702,0.567
2.538,2.161
2.367,2.855
2.256,0.958
2.238,0.682
2.232,0.726
2.234,1.67
2.228,1.617
2.206,1.552
2.099,1.384
2.067,-0.017
2.032,1.476
1.969,-0.105
1.927,0.692
1.869,1.193
1.558,0.524
1.663,0.559
1.392,0.637
1.514,0.971
1.463,0.352
1.34,-0.638
1.147,3.018
1.271,1.245
1.123,1.469
1.113,-0.466
1.195,2.685
1.028,0.061
1.025,2.126
1.012,2.73
0.915,1.293
1.006,0.886
0.718,-0.991
0.248,-0.76
0.015,-1.042
-0.3,-1.098
-0.418,-1.047
-0.828,-0.843
-1.463,-1.11
-1.94,-1.054
-2.134,-0.905
2.485,-0.719
2.285,-1.006
2.248,-1.115
1.956,-0.948
2.013,-0.923
0.91,-0.95
0.726,3.231
0.654,3.333
0.228,3.518
-0.232,3.438
-1.357,3.535
-1.726,3.232
-1.589,3.238
-1.947,3.275
-1.824,3.356
-2.059,3.573
-2.226,3.546
-2.348,3.273
-2.738,3.391
-2.883,3.308
-2.768,3.671
-2.761,3.389
3.038,3.552
2.706,3.7
2.443,3.623
2.011,3.483
1.552,3.452
1.446,3.498
1.407,3.46
-2.02,1.091
-2.468,0.493
2.582,-0.674
2.32,0.644
1.985,1.329
-1.264,1.876
-2.736,2.62
1.466,1.573
1.445,1.372
1.389,1.716
1.167,0.253
0.459,2.217
-0.521,0.593
-0.616,0.881
-0.765,1.39
-0.5,-0.979
-2.52,-0.503
-2.739,3.34
1.779,2.916
1.691,3.149
1.463,3.076
1.538,2.895
2.437,3.06
2.907,3.507
-0.075,-2.616
-0.047,-1.463
-0.137,-3.329
-0.14,-2.9
-0.155,-3.327
-0.196,-1.263
-0.129,-3.268
-0.243,-0.634
-0.18,-1.29
-0.294,-1.175
-0.233,-3.663
-0.228,-3.641
-0.257,-0.618
-0.253,0.212
-0.344,-0.836
-0.303,-3.012
-0.322,-2.905
-0.428,0.046
-0.475,0.195
-0.405,-1.516
-0.447,-2.809
-0.522,-2.08
-0.448,-2.022
-0.552,-0.185
-0.54,-2.816
-0.51,-2.342
-0.597,-2.3
-0.673,-2.201
-0.688,-2.122
-0.697,-1.542
-0.738,-2.528
-0.8,-2.49
-0.908,-0.525
-1.003,-1.525
-1.116,-2.194
-1.056,-0.575
-1.115,-2.551
-1.21,-3.036
-1.203,-2.891
-1.251,-1.355
-1.187,-1.747
-1.228,-1.804
-1.327,-0.565
-1.324,-2.836
-1.389,-3.751
-1.418,-3.075
-1.374,-2.633
-1.429,-1.93
-1.548,-0.719
-1.566,-0.774
-1.582,-0.322
-1.564,-1.732
-1.588,-0.092
-1.657,-2.637
-1.674,0.195
-1.731,-0.63
-1.767,-2.087
-1.755,-2.029
-1.834,-1.196
-1.901,-2.77
-1.932,-1.648
-1.94,-2.254
-1.881,-1.34
-1.996,-2.817
-1.924,-0.487
-1.996,0.051
-2.077,-1.816
-2.085,-0.96
-2.022,-1.598
-2.086,-1.172
-2.144,-3.276
-2.134,-0.905
-2.183,-3.391
-2.259,-3.612
-2.26,-0.623
-2.28,-2.195
-2.345,-1.437
-2.314,-3.646
-2.322,-1.498
-2.321,-1.55
-2.336,-0.113
-2.348,-0.335
-2.352,-1.858
-2.37,-2.104
-2.45,-2.859
-2.443,-1.817
-2.443,-2.421
-2.382,-1.895
-2.447,-1.253
-2.487,-0.734
-2.555,-2.014
-2.51,-2.315
-2.609,-3.503
-2.631,-2.619
-2.631,-3.352
-2.57,0.104
-2.61,-1.233
-2.687,-0.263
-2.675,-2.021
-2.713,0.225
-2.734,-1.527
-2.681,-2.053
-2.695,-0.972
-2.783,-0.224
-2.795,-0.124
-2.83,-2.828
-2.755,-2.475
-2.832,-3.089
-2.781,-1.414
-2.829,-0.94
-2.855,-1.318
-2.924,-3.444
-2.92,-3.653
-2.929,-1.379
-2.976,-0.886
-3.017,-0.351
-2.953,-1.587
-3.016,-3.036
-3.031,-1.216
-3.125,0.101
-3.139,-2.315
3.083,-2.002
3.022,-2.038
3.014,-2.523
3.052,-1.447
2.984,-1.766
3.049,-0.202
3.007,-0.523
2.957,-3.595
2.878,-0.383
2.814,-2.895
2.823,-1.7
2.855,-0.741
2.788,-2.152
2.637,0.167
2.555,-2.766
2.539,-3.557
2.53,-0.25
2.517,-3.374
2.434,-2.862
2.338,-1.677
2.369,-1.555
2.278,-1.736
2.308,0.059
2.251,-1.439
2.179,-2.205
2.169,-0.654
2.155,-2.288
2.081,-0.549
2.133,-0.95
2.05,-1.151
2.031,-2.255
2.019,-1.526
2.056,-2.041
2.018,-2.201
2.001,-2.415
1.943,-2.799
1.955,-0.386
1.918,-1.656
1.928,-1.182
1.898,-3.692
1.88,-1.446
1.775,-1.632
1.741,-1.316
1.757,-1.023
1.693,-2.033
1.557,-3.505
1.488,-2.595
1.451,-2.402
1.511,-2.224
1.489,-2.493
1.422,-3.614
1.395,-1.253
1.39,-1.145
1.311,-2.031
1.341,-1.348
1.263,0.022
1.317,-1.892
1.337,-0.881
1.258,-1.572
1.297,-3.714
1.252,-2.226
1.31,-3.29
1.271,-2.386
1.16,-2.588
1.153,-2.206
1.085,-2.259
1.138,-2.678
1.111,-2.055
1.058,-1.691
1.09,-2.285
1.107,-1.657
1.089,-3.573
1.074,-2.567
1.046,-1.068
1.046,-1.997
1.048,-1.507
1.011,-1.021
1.007,-0.023
0.978,-3.652
0.282,-3.769
0.234,-3.706
-0.65,-3.847
-1.001,-3.808
-1.682,-3.94
-1.665,-3.801
-2.185,-4.043
-2.195,-3.787
-2.225,-3.838
2.972,-4.035
2.431,-3.796
2.234,-4.016
1.672,-3.869
1.264,-4.171
0.897,0.593
0.858,0.485
0.675,0.318
0.236,0.372
0.246,0.638
-0.203,0.681
-0.591,0.523
-0.828,0.303
-0.817,0.601
-1.426,0.549
-1.545,0.438
-1.67,0.359
-1.765,0.316
-2.294,0.486
-2.587,0.389
-2.798,0.546
-3.042,0.707
-3.123,0.419
2.41,0.73
2.169,0.279
1.888,0.415
1.466,0.441
1.358,0.491
1.369,0.369
0.999,0.598
0.693,0.221
0.387,-2.407
0.295,-3.17
-0.375,-1.246
-0.358,-3.55
-0.801,-2.562
-2.267,-3.397
-2.748,-1.4
2.702,-0.091
2.408,-0.815
1.952,-2.684
1.479,-3.023
2.94,-3.951
2.882,0.488
1.033,0.255
1.009,-1.942
0.862,-2.26
0.942,-2.399
0.874,0.16
0.761,-2.573
0.632,-0.243
0.753,-3.516
0.68,-0.622
0.658,-2.075
0.656,-0.734
0.595,-1.106
0.503,-0.631
0.392,-0.789
0.483,-1.904
0.284,0.06
0.241,-2.038
0.181,-2.818
0.16,-0.723
0.01,-3.737
-0.05,-1.682
0.045,-1.832
-0.065,-3.462
-0.176,-1.298
-0.171,-1.687
-0.485,-1.05
-0.372,-0.052
-0.494,-1.781
-0.514,0.147
-0.573,0.057
-0.679,-2.112
-0.747,-1.128
-0.764,-1.933
-0.998,0.198
-0.978,-3.622
-0.992,-3.416
-1.219,-0.053
-1.129,-3.162
-1.327,-3.538
-1.487,-1.567
-1.484,-2.352
-1.424,-2.571
-1.436,-3.72
-1.485,-0.916
-1.513,-2.62
-1.658,-2.207
-1.656,0.073
-1.611,-2.668
-2.062,-3.218
-1.933,-2.65
-2.038,-1.436
-2.034,-2.431
-2.16,-3.37
-2.067,-0.214
-2.15,-2.189
-2.189,-0.387
-2.368,-1.755
-2.411,-1.773
-2.411,0.081
-2.348,-0.544
-2.499,-2.604
-2.504,-2.619
-2.371,-3.059
-2.528,-1.902
-2.42,0.187
-2.434,-0.954
-2.569,-3.265
-2.453,-1.049
-2.47,-0.877
-2.458,-2.664
-2.558,-2.513
-2.667,-1.412
-2.737,-0.647
-2.66,-3.708
-2.671,-1.325
-2.793,0.234
-2.84,-1.696
-2.729,-3.423
-2.807,-1.893
-2.869,-2.173
-3.056,-0.101
-3.021,-3.592
-3.052,-0.388
3.097,-3.126
-3.089,-2.427
3.082,-0.986
-3.128,-3.409
2.982,-1.407
2.942,-3.549
3.06,-0.918
2.924,-3.501
2.862,-3.477
2.726,-1.367
2.838,-2.336
2.715,-3.6
2.762,-3.752
2.758,-3.475
2.72,-2.4
2.556,-0.806
2.385,-0.112
2.274,-2.009
2.256,-2.285
2.25,-2.241
2.252,-1.297
2.246,-1.35
2.224,-1.415
2.117,-1.583
2.085,-2.984
2.05,-1.491
1.987,-3.072
1.945,-2.275
1.887,-1.774
1.576,-2.443
1.681,-2.408
1.41,-2.33
1.532,-1.996
1.481,-2.615
1.358,-3.605
1.165,0.051
1.289,-1.722
1.141,-1.498
1.131,-3.433
1.213,-0.282
1.046,-2.906
1.043,-0.841
1.03,-0.237
0.933,-1.674
1.024,-2.081
0.736,-3.958
0.266,-3.727
0.033,-4.009
-0.282,-4.065
-0.4,-4.014
-0.81,-3.81
-1.445,-4.077
-1.922,-4.021
-2.116,-3.872
2.503,-3.686
2.303,-3.973
2.266,-4.082
1.974,-3.915
2.031,-3.89
0.928,-3.917
0.744,0.264
0.672,0.366
0.246,0.551
-0.214,0.471
-1.339,0.568
-1.708,0.265
-1.571,0.271
-1.929,0.308
-1.806,0.389
-2.041,0.606
-2.208,0.579
-2.33,0.306
-2.72,0.424
-2.865,0.341
-2.75,0.704
-2.743,0.422
3.056,0.585
2.724,0.733
2.461,0.656
2.029,0.516
1.57,0.485
1.464,0.531
1.425,0.493
-2.002,-1.876
-2.45,-2.474
2.6,-3.641
2.338,-2.323
2.003,-1.638
-1.246,-1.091
-2.718,-0.347
1.484,-1.394
1.463,-1.595
1.407,-1.251
1.185,-2.714
0.477,-0.75
-0.503,-2.374
-0.598,-2.086
-0.747,-1.577
-0.482,-3.946
-2.502,-3.47
-2.721,0.373
1.797,-0.051
1.709,0.182
1.481,0.109
1.556,-0.072
2.455,0.093
2.925,0.54
0.028,1.153
-0.062,-0.713
-0.065,-0.284
-0.08,-0.711
-0.121,1.353
-0.054,-0.652
-0.168,1.982
-0.105,1.326
-0.219,1.441
-0.158,-1.047
-0.153,-1.025
-0.182,1.998
-0.178,2.828
-0.269,1.78
-0.228,-0.396
-0.247,-0.289
-0.353,2.662
-0.4,2.811
-0.33,1.1
-0.372,-0.193
-0.447,0.536
-0.373,0.594
-0.477,2.431
-0.465,-0.2
-0.435,0.274
-0.522,0.316
-0.598,0.415
-0.613,0.494
-0.622,1.074
-0.663,0.088
-0.725,0.126
-0.833,2.091
-0.928,1.091
-1.041,0.422
-0.981,2.041
-1.04,0.065
-1.135,-0.42
-1.128,-0.275
-1.176,1.261
-1.112,0.869
-1.153,0.812
-1.252,2.051
-1.249,-0.22
-1.314,-1.135
-1.343,-0.459
-1.299,-0.017
-1.354,0.686
-1.473,1.897
-1.491,1.842
-1.507,2.294
-1.489,0.884
-1.513,2.524
-1.582,-0.021
-1.599,2.811
-1.656,1.986
-1.692,0.529
-1.68,0.587
-1.759,1.42
-1.826,-0.154
-1.857,0.968
-1.865,0.362
-1.806,1.276
-1.921,-0.201
-1.849,2.129
-1.921,2.667
-2.002,0.8
-2.01,1.656
-1.947,1.018
-2.011,1.444
-2.069,-0.66
-2.059,1.711
-2.108,-0.775
-2.184,-0.996
-2.185,1.993
-2.205,0.421
-2.27,1.179
-2.239,-1.03
-2.247,1.118
-2.246,1.066
-2.261,2.503
-2.273,2.281
-2.277,0.758
-2.295,0.512
-2.375,-0.243
-2.368,0.799
-2.368,0.195
-2.307,0.721
-2.372,1.363
-2.412,1.882
-2.48,0.602
-2.435,0.301
-2.534,-0.887
-2.556,-0.003
-2.556,-0.736
-2.495,2.72
-2.535,1.383
-2.612,2.353
-2.6,0.595
-2.638,2.841
-2.659,1.089
-2.606,0.563
-2.62,1.644
-2.708,2.392
-2.72,2.492
-2.755,-0.212
-2.68,0.141
-2.757,-0.473
-2.706,1.202
-2.754,1.676
-2.78,1.298
-2.849,-0.828
-2.845,-1.037
-2.854,1.237
-2.901,1.73
-2.942,2.265
-2.878,1.029
-2.941,-0.42
-2.956,1.4
-3.05,2.717
-3.064,0.301
-3.125,0.614
3.097,0.578
3.089,0.093
3.127,1.169
3.059,0.85
3.124,2.414
3.082,2.093
3.032,-0.979
2.953,2.233
2.889,-0.279
2.898,0.916
2.93,1.875
2.863,0.464
2.712,2.783
2.63,-0.15
2.614,-0.941
2.605,2.366
2.592,-0.758
2.509,-0.246
2.413,0.939
2.444,1.061
2.353,0.88
2.383,2.675
2.326,1.177
2.254,0.411
2.244,1.962
2.23,0.328
2.156,2.067
2.208,1.666
2.125,1.465
2.106,0.361
2.094,1.09
2.131,0.575
2.093,0.415
2.076,0.201
2.018,-0.183
2.03,2.23
1.993,0.96
2.003,1.434
1.973,-1.076
1.955,1.17
1.85,0.984
1.816,1.3
1.832,1.593
1.768,0.583
1.632,-0.889
1.563,0.021
1.526,0.214
1.586,0.392
1.564,0.123
1.497,-0.998
1.47,1.363
1.465,1.471
1.386,0.585
1.416,1.268
1.338,2.638
1.392,0.724
1.412,1.735
1.333,1.044
1.372,-1.098
1.327,0.39
1.385,-0.674
1.346,0.23
1.235,0.028
1.228,0.41
1.16,0.357
1.213,-0.062
1.186,0.561
1.133,0.925
1.165,0.331
1.182,0.959
1.164,-0.957
1.149,0.049
1.121,1.548
1.121,0.619
1.123,1.109
1.086,1.595
1.082,2.593
1.053,-1.036
0.357,-1.153
0.309,-1.09
-0.575,-1.231
-0.926,-1.192
-1.607,-1.324
-1.59,-1.185
-2.11,-1.427
-2.12,-1.171
-2.15,-1.222
3.047,-1.419
2.506,-1.18
2.309,-1.4
1.747,-1.253
1.339,-1.555
0.972,3.209
0.933,3.101
0.75,2.934
0.311,2.988
0.321,3.254
-0.128,3.297
-0.516,3.139
-0.753,2.919
-0.742,3.217
-1.351,3.165
-1.47,3.054
-1.595,2.975
-1.69,2.932
-2.219,3.102
-2.512,3.005
-2.723,3.162
-2.967,3.323
-3.048,3.035
2.485,3.346
2.244,2.895
1.963,3.031
1.541,3.057
1.433,3.107
1.444,2.985
1.074,3.214
0.768,2.837
0.462,0.209
0.37,-0.554
-0.3,1.37
-0.283,-0.934
-0.726,0.054
-2.192,-0.781
-2.673,1.216
2.777,2.525
2.483,1.801
2.027,-0.068
1.554,-0.407
3.015,-1.335
2.957,3.104
1.108,2.871
1.084,0.674
0.937,0.356
1.017,0.217
0.949,2.776
0.836,0.043
0.707,2.373
0.828,-0.9
0.755,1.994
0.733,0.541
0.731,1.882
0.67,1.51
0.578,1.985
0.467,1.827
0.558,0.712
0.359,2.676
0.316,0.578
0.256,-0.202
0.235,1.893
0.085,-1.121
0.025,0.934
0.12,0.784
0.01,-0.846
-0.101,1.318
-0.096,0.929
-0.41,1.566
-0.297,2.564
-0.419,0.835
-0.439,2.763
-0.498,2.673
-0.604,0.504
-0.672,1.488
-0.689,0.683
-0.923,2.814
-0.903,-1.006
-0.917,-0.8
-1.144,2.563
-1.054,-0.546
-1.252,-0.922
-1.412,1.049
-1.409,0.264
-1.349,0.045
-1.361,-1.104
-1.41,1.7
-1.438,-0.004
-1.583,0.409
-1.581,2.689
-1.536,-0.052
-1.987,-0.602
-1.858,-0.034
-1.963,1.18
-1.959,0.185
-2.085,-0.754
-1.992,2.402
-2.075,0.427
-2.114,2.229
-2.293,0.861
-2.336,0.843
-2.336,2.697
-2.273,2.072
-2.424,0.012
-2.429,-0.003
-2.296,-0.443
-2.453,0.714
-2.345,2.803
-2.359,1.662
-2.494,-0.649
-2.378,1.567
-2.395,1.739
-2.383,-0.048
-2.483,0.103
-2.592,1.204
-2.662,1.969
-2.585,-1.092
-2.596,1.291
-2.718,2.85
-2.765,0.92
-2.654,-0.807
-2.732,0.723
-2.794,0.443
-2.981,2.515
-2.946,-0.976
-2.977,2.228
-3.111,-0.51
-3.014,0.189
-3.126,1.63
-3.053,-0.793
3.057,1.209
3.017,-0.933
3.135,1.698
2.999,-0.885
2.937,-0.861
2.801,1.249
2.913,0.28
2.79,-0.984
2.837,-1.136
2.833,-0.859
2.795,0.216
2.631,1.81
2.46,2.504
2.349,0.607
2.331,0.331
2.325,0.375
2.327,1.319
2.321,1.266
2.299,1.201
2.192,1.033
2.16,-0.368
2.125,1.125
2.062,-0.456
2.02,0.341
1.962,0.842
1.651,0.173
1.756,0.208
1.485,0.286
1.607,0.62
1.556,0.001
1.433,-0.989
1.24,2.667
1.364,0.894
1.216,1.118
1.206,-0.817
1.288,2.334
1.121,-0.29
1.118,1.775
1.105,2.379
1.008,0.942
1.099,0.535
0.811,-1.342
0.341,-1.111
0.108,-1.393
-0.207,-1.449
-0.325,-1.398
-0.735,-1.194
-1.37,-1.461
-1.847,-1.405
-2.041,-1.256
2.578,-1.07
2.378,-1.357
2.341,-1.466
2.049,-1.299
2.106,-1.274
1.003,-1.301
0.819,2.88
0.747,2.982
0.321,3.167
-0.139,3.087
-1.264,3.184
-1.633,2.881
-1.496,2.887
-1.854,2.924
-1.731,3.005
-1.966,3.222
-2.133,3.195
-2.255,2.922
-2.645,3.04
-2.79,2.957
-2.675,3.32
-2.668,3.038
3.131,3.201
2.799,3.349
2.536,3.272
2.104,3.132
1.645,3.101
1.539,3.147
1.5,3.109
-1.927,0.74
-2.375,0.142
2.675,-1.025
2.413,0.293
2.078,0.978
-1.171,1.525
-2.643,2.269
1.559,1.222
1.538,1.021
1.482,1.365
1.26,-0.098
0.552,1.866
-0.428,0.242
-0.523,0.53
-0.672,1.039
-0.407,-1.33
-2.427,-0.854
-2.646,2.989
1.872,2.565
1.784,2.798
1.556,2.725
1.631,2.544
2.53,2.709
3.0,3.156
-0.09,-1.866
-0.093,-1.437
-0.108,-1.864
-0.149,0.2
-0.082,-1.805
-0.196,0.829
-0.133,0.173
-0.247,0.288
-0.186,-2.2
-0.181,-2.178
-0.21,0.845
-0.206,1.675
-0.297,0.627
-0.256,-1.549
-0.275,-1.442
-0.381,1.509
-0.428,1.658
-0.358,-0.053
-0.4,-1.346
-0.475,-0.617
-0.401,-0.559
-0.505,1.278
-0.493,-1.353
-0.463,-0.879
-0.55,-0.837
-0.626,-0.738
-0.641,-0.659
-0.65,-0.079
-0.691,-1.065
-0.753,-1.027
-0.861,0.938
-0.956,-0.062
-1.069,-0.731
-1.009,0.888
-1.068,-1.088
-1.163,-1.573
-1.156,-1.428
-1.204,0.108
-1.14,-0.284
-1.181,-0.341
-1.28,0.898
-1.277,-1.373
-1.342,-2.288
-1.371,-1.612
-1.327,-1.17
-1.382,-0.467
-1.501,0.744
-1.519,0.689
-1.535,1.141
-1.517,-0.269
-1.541,1.371
-1.61,-1.174
-1.627,1.658
-1.684,0.833
-1.72,-0.624
-1.708,-0.566
-1.787,0.267
-1.854,-1.307
-1.885,-0.185
-1.893,-0.791
-1.834,0.123
-1.949,-1.354
-1.877,0.976
-1.949,1.514
-2.03,-0.353
-2.038,0.503
-1.975,-0.135
-2.039,0.291
-2.097,-1.813
-2.087,0.558
-2.136,-1.928
-2.212,-2.149
-2.213,0.84
-2.233,-0.732
-2.298,0.026
-2.267,-2.183
-2.275,-0.035
-2.274,-0.087
-2.289,1.35
-2.301,1.128
-2.305,-0.395
-2.323,-0.641
-2.403,-1.396
-2.396,-0.354
-2.396,-0.958
-2.335,-0.432
-2.4,0.21
-2.44,0.729
-2.508,-0.551
-2.463,-0.852
-2.562,-2.04
-2.584,-1.156
-2.584,-1.889
-2.523,1.567
-2.563,0.23
-2.64,1.2
-2.628,-0.558
-2.666,1.688
-2.687,-0.064
-2.634,-0.59
-2.648,0.491
-2.736,1.239
-2.748,1.339
-2.783,-1.365
-2.708,-1.012
-2.785,-1.626
-2.734,0.049
-2.782,0.523
-2.808,0.145
-2.877,-1.981
-2.873,-2.19
-2.882,0.084
-2.929,0.577
-2.97,1.112
-2.906,-0.124
-2.969,-1.573
-2.984,0.247
-3.078,1.564
-3.092,-0.852
3.13,-0.539
3.069,-0.575
3.061,-1.06
3.099,0.016
3.031,-0.303
3.096,1.261
3.054,0.94
3.004,-2.132
2.925,1.08
2.861,-1.432
2.87,-0.237
2.902,0.722
2.835,-0.689
2.684,1.63
2.602,-1.303
2.586,-2.094
2.577,1.213
2.564,-1.911
2.481,-1.399
2.385,-0.214
2.416,-0.092
2.325,-0.273
2.355,1.522
2.298,0.024
2.226,-0.742
2.216,0.809
2.202,-0.825
2.128,0.914
2.18,0.513
2.097,0.312
2.078,-0.792
2.066,-0.063
2.103,-0.578
2.065,-0.738
2.048,-0.952
1.99,-1.336
2.002,1.077
1.965,-0.193
1.975,0.281
1.945,-2.229
1.927,0.017
1.822,-0.169
1.788,0.147
1.804,0.44
1.74,-0.57
1.604,-2.042
1.535,-1.132
1.498,-0.939
1.558,-0.761
1.536,-1.03
1.469,-2.151
1.442,0.21
1.437,0.318
1.358,-0.568
1.388,0.115
1.31,1.485
1.364,-0.429
1.384,0.582
1.305,-0.109
1.344,-2.251
1.299,-0.763
1.357,-1.827
1.318,-0.923
1.207,-1.125
1.2,-0.743
1.132,-0.796
1.185,-1.215
1.158,-0.592
1.105,-0.228
1.137,-0.822
1.154,-0.194
1.136,-2.11
1.121,-1.104
1.093,0.395
1.093,-0.534
1.095,-0.044
1.058,0.442
1.054,1.44
1.025,-2.189
0.329,-2.306
0.281,-2.243
-0.603,-2.384
-0.954,-2.345
-1.635,-2.477
-1.618,-2.338
-2.138,-2.58
-2.148,-2.324
-2.178,-2.375
3.019,-2.572
2.478,-2.333
2.281,-2.553
1.719,-2.406
1.311,-2.708
0.944,2.056
0.905,1.948
0.722,1.781
0.283,1.835
0.293,2.101
-0.156,2.144
-0.544,1.986
-0.781,1.766
-0.77,2.064
-1.379,2.012
-1.498,1.901
-1.623,1.822
-1.718,1.779
-2.247,1.949
-2.54,1.852
-2.751,2.009
-2.995,2.17
-3.076,1.882
2.457,2.193
2.216,1.742
1.935,1.878
1.513,1.904
1.405,1.954
1.416,1.832
1.046,2.061
0.74,1.684
0.434,-0.944
0.342,-1.707
-0.328,0.217
-0.311,-2.087
-0.754,-1.099
-2.22,-1.934
-2.701,0.063
2.749,1.372
2.455,0.648
1.999,-1.221
1.526,-1.56
2.987,-2.488
2.929,1.951
1.08,1.718
1.056,-0.479
0.909,-0.797
0.989,-0.936
0.921,1.623
0.808,-1.11
0.679,1.22
0.8,-2.053
0.727,0.841
0.705,-0.612
0.703,0.729
0.642,0.357
0.55,0.832
0.439,0.674
0.53,-0.441
0.331,1.523
0.288,-0.575
0.228,-1.355
0.207,0.74
0.057,-2.274
-0.003,-0.219
0.092,-0.369
-0.018,-1.999
-0.129,0.165
-0.124,-0.224
-0.438,0.413
-0.325,1.411
-0.447,-0.318
-0.467,1.61
-0.526,1.52
-0.632,-0.649
-0.7,0.335
-0.717,-0.47
-0.951,1.661
-0.931,-2.159
-0.945,-1.953
-1.172,1.41
-1.082,-1.699
-1.28,-2.075
-1.44,-0.104
-1.437,-0.889
-1.377,-1.108
-1.389,-2.257
-1.438,0.547
-1.466,-1.157
-1.611,-0.744
-1.609,1.536
-1.564,-1.205
-2.015,-1.755
-1.886,-1.187
-1.991,0.027
-1.987,-0.968
-2.113,-1.907
-2.02,1.249
-2.103,-0.726
-2.142,1.076
-2.321,-0.292
-2.364,-0.31
-2.364,1.544
-2.301,0.919
-2.452,-1.141
-2.457,-1.156
-2.324,-1.596
-2.481,-0.439
-2.373,1.65
-2.387,0.509
-2.522,-1.802
-2.406,0.414
-2.423,0.586
-2.411,-1.201
-2.511,-1.05
-2.62,0.051
-2.69,0.816
-2.613,-2.245
-2.624,0.138
-2.746,1.697
-2.793,-0.233
-2.682,-1.96
-2.76,-0.43
-2.822,-0.71
-3.009,1.362
-2.974,-2.129
-3.005,1.075
-3.139,-1.663
-3.042,-0.964
3.129,0.477
-3.081,-1.946
3.029,0.056
2.989,-2.086
3.107,0.545
2.971,-2.038
2.909,-2.014
2.773,0.096
2.885,-0.873
2.762,-2.137
2.809,-2.289
2.805,-2.012
2.767,-0.937
2.603,0.657
2.432,1.351
2.321,-0.546
2.303,-0.822
2.297,-0.778
2.299,0.166
2.293,0.113
2.271,0.048
2.164,-0.12
2.132,-1.521
2.097,-0.028
2.034,-1.609
1.992,-0.812
1.934,-0.311
1.623,-0.98
1.728,-0.945
1.457,-0.867
1.579,-0.533
1.528,-1.152
1.405,-2.142
1.212,1.514
1.336,-0.259
1.188,-0.035
1.178,-1.97
1.26,1.181
1.093,-1.443
1.09,0.622
1.077,1.226
0.98,-0.211
1.071,-0.618
0.783,-2.495
0.313,-2.264
0.08,-2.546
-0.235,-2.602
-0.353,-2.551
-0.763,-2.347
-1.398,-2.614
-1.875,-2.558
-2.069,-2.409
2.55,-2.223
2.35,-2.51
2.313,-2.619
2.021,-2.452
2.078,-2.427
0.975,-2.454
0.791,1.727
0.719,1.829
0.293,2.014
-0.167,1.934
-1.292,2.031
-1.661,1.728
-1.524,1.734
-1.882,1.771
-1.759,1.852
-1.994,2.069
-2.161,2.042
-2.283,1.769
-2.673,1.887
-2.818,1.804
-2.703,2.167
-2.696,1.885
3.103,2.048
2.771,2.196
2.508,2.119
2.076,1.979
1.617,1.948
1.511,1.994
1.472,1.956
-1.955,-0.413
-2.403,-1.011
2.647,-2.178
2.385,-0.86
2.05,-0.175
-1.199,0.372
-2.671,1.116
1.531,0.069
1.51,-0.132
1.454,0.212
1.232,-1.251
0.524,0.713
-0.456,-0.911
-0.551,-0.623
-0.7,-0.114
-0.435,-2.483
-2.455,-2.007
-2.674,1.836
1.844,1.412
1.756,1.645
1.528,1.572
1.603,1.391
2.502,1.556
2.972,2.003
-0.003,0.429
-0.018,0.002
-0.059,2.066
0.008,0.061
-0.106,2.695
-0.043,2.039
-0.157,2.154
-0.096,-0.334
-0.091,-0.312
-0.12,2.711
-0.116,3.541
-0.207,2.493
-0.166,0.317
-0.185,0.424
-0.291,3.375
-0.338,3.524
-0.268,1.813
-0.31,0.52
-0.385,1.249
-0.311,1.307
-0.415,3.144
-0.403,0.513
-0.373,0.987
-0.46,1.029
-0.536,1.128
-0.551,1.207
-0.56,1.787
-0.601,0.801
-0.663,0.839
-0.771,2.804
-0.866,1.804
-0.979,1.135
-0.919,2.754
-0.978,0.778
-1.073,0.293
-1.066,0.438
-1.114,1.974
-1.05,1.582
-1.091,1.525
-1.19,2.764
-1.187,0.493
-1.252,-0.422
-1.281,0.254
-1.237,0.696
-1.292,1.399
-1.411,2.61
-1.429,2.555
-1.445,3.007
-1.427,1.597
-1.451,3.237
-1.52,0.692
-1.537,3.524
-1.594,2.699
-1.63,1.242
-1.618,1.3
-1.697,2.133
-1.764,0.559
-1.795,1.681
-1.803,1.075
-1.744,1.989
-1.859,0.512
-1.787,2.842
-1.859,3.38
-1.94,1.513
-1.948,2.369
-1.885,1.731
-1.949,2.157
-2.007,0.053
-1.997,2.424
-2.046,-0.062
-2.122,-0.283
-2.123,2.706
-2.143,1.134
-2.208,1.892
-2.177,-0.317
-2.185,1.831
-2.184,1.779
-2.199,3.216
-2.211,2.994
-2.215,1.471
-2.233,1.225
-2.313,0.47
-2.306,1.512
-2.306,0.908
-2.245,1.434
-2.31,2.076
-2.35,2.595
-2.418,1.315
-2.373,1.014
-2.472,-0.174
-2.494,0.71
-2.494,-0.023
-2.433,3.433
-2.473,2.096
-2.55,3.066
-2.538,1.308
-2.576,3.554
-2.597,1.802
-2.544,1.276
-2.558,2.357
-2.646,3.105
-2.658,3.205
-2.693,0.501
-2.618,0.854
-2.695,0.24
-2.644,1.915
-2.692,2.389
-2.718,2.011
-2.787,-0.115
-2.783,-0.324
-2.792,1.95
-2.839,2.443
-2.88,2.978
-2.816,1.742
-2.879,0.293
-2.894,2.113
-2.988,3.43
-3.002,1.014
-3.063,1.327
-3.124,1.291
-3.132,0.806
-3.094,1.882
3.121,1.563
-3.097,3.127
-3.139,2.806
3.094,-0.266
3.015,2.946
2.951,0.434
2.96,1.629
2.992,2.588
2.925,1.177
2.774,3.496
2.692,0.563
2.676,-0.228
2.667,3.079
2.654,-0.045
2.571,0.467
2.475,1.652
2.506,1.774
2.415,1.593
2.445,3.388
2.388,1.89
2.316,1.124
2.306,2.675
2.292,1.041
2.218,2.78
2.27,2.379
2.187,2.178
2.168,1.074
2.156,1.803
2.193,1.288
2.155,1.128
2.138,0.914
2.08,0.53
2.092,2.943
2.055,1.673
2.065,2.147
2.035,-0.363
2.017,1.883
1.912,1.697
1.878,2.013
1.894,2.306
1.83,1.296
1.694,-0.176
1.625,0.734
1.588,0.927
1.648,1.105
1.626,0.836
1.559,-0.285
1.532,2.076
1.527,2.184
1.448,1.298
1.478,1.981
1.4,3.351
1.454,1.437
1.474,2.448
1.395,1.757
1.434,-0.385
1.389,1.103
1.447,0.039
1.408,0.943
1.297,0.741
1.29,1.123
1.222,1.07
1.275,0.651
1.248,1.274
1.195,1.638
1.227,1.044
1.244,1.672
1.226,-0.244
1.211,0.762
1.183,2.261
1.183,1.332
1.185,1.822
1.148,2.308
1.144,3.306
1.115,-0.323
0.419,-0.44
0.371,-0.377
-0.513,-0.518
-0.864,-0.479
-1.545,-0.611
-1.528,-0.472
-2.048,-0.714
-2.058,-0.458
-2.088,-0.509
3.109,-0.706
2.568,-0.467
2.371,-0.687
1.809,-0.54
1.401,-0.842
1.034,3.922
0.995,3.814
0.812,3.647
0.373,3.701
0.383,3.967
-0.066,4.01
-0.454,3.852
-0.691,3.632
-0.68,3.93
-1.289,3.878
-1.408,3.767
-1.533,3.688
-1.628,3.645
-2.157,3.815
-2.45,3.718
-2.661,3.875
-2.905,4.036
-2.986,3.748
2.547,4.059
2.306,3.608
2.025,3.744
1.603,3.77
1.495,3.82
1.506,3.698
1.136,3.927
0.83,3.55
0.524,0.922
0.432,0.159
-0.238,2.083
-0.221,-0.221
-0.664,0.767
-2.13,-0.068
-2.611,1.929
2.839,3.238
2.545,2.514
2.089,0.645
1.616,0.306
3.077,-0.622
3.019,3.817
1.17,3.584
1.146,1.387
0.999,1.069
1.079,0.93
1.011,3.489
0.898,0.756
0.769,3.086
0.89,-0.187
0.817,2.707
0.795,1.254
0.793,2.595
0.732,2.223
0.64,2.698
0.529,2.54
0.62,1.425
0.421,3.389
0.378,1.291
0.318,0.511
0.297,2.606
0.147,-0.408
0.087,1.647
0.182,1.497
0.072,-0.133
-0.039,2.031
-0.034,1.642
-0.348,2.279
-0.235,3.277
-0.357,1.548
-0.377,3.476
-0.436,3.386
-0.542,1.217
-0.61,2.201
-0.627,1.396
-0.861,3.527
-0.841,-0.293
-0.855,-0.087
-1.082,3.276
-0.992,0.167
-1.19,-0.209
-1.35,1.762
-1.347,0.977
-1.287,0.758
-1.299,-0.391
-1.348,2.413
-1.376,0.709
-1.521,1.122
-1.519,3.402
-1.474,0.661
-1.925,0.111
-1.796,0.679
-1.901,1.893
-1.897,0.898
-2.023,-0.041
-1.93,3.115
-2.013,1.14
-2.052,2.942
-2.231,1.574
-2.274,1.556
-2.274,3.41
-2.211,2.785
-2.362,0.725
-2.367,0.71
-2.234,0.27
-2.391,1.427
-2.283,3.516
-2.297,2.375
-2.432,0.064
-2.316,2.28
-2.333,2.452
-2.321,0.665
-2.421,0.816
-2.53,1.917
-2.6,2.682
-2.523,-0.379
-2.534,2.004
-2.656,3.563
-2.703,1.633
-2.592,-0.094
-2.67,1.436
-2.732,1.156
-2.919,3.228
-2.884,-0.263
-2.915,2.941
-3.049,0.203
-2.952,0.902
-3.064,2.343
-2.991,-0.08
3.119,1.922
3.079,-0.22
-3.086,2.411
3.061,-0.172
2.999,-0.148
2.863,1.962
2.975,0.993
2.852,-0.271
2.899,-0.423
2.895,-0.146
2.857,0.929
2.693,2.523
2.522,3.217
2.411,1.32
2.393,1.044
2.387,1.088
2.389,2.032
2.383,1.979
2.361,1.914
2.254,1.746
2.222,0.345
2.187,1.838
2.124,0.257
2.082,1.054
2.024,1.555
1.713,0.886
1.818,0.921
1.547,0.999
1.669,1.333
1.618,0.714
1.495,-0.276
1.302,3.38
1.426,1.607
1.278,1.831
1.268,-0.104
1.35,3.047
1.183,0.423
1.18,2.488
1.167,3.092
1.07,1.655
1.161,1.248
0.873,-0.629
0.403,-0.398
0.17,-0.68
-0.145,-0.736
-0.263,-0.685
-0.673,-0.481
-1.308,-0.748
-1.785,-0.692
-1.979,-0.543
2.64,-0.357
2.44,-0.644
2.403,-0.753
2.111,-0.586
2.168,-0.561
1.065,-0.588
0.881,3.593
0.809,3.695
0.383,3.88
-0.077,3.8
-1.202,3.897
-1.571,3.594
-1.434,3.6
-1.792,3.637
-1.669,3.718
-1.904,3.935
-2.071,3.908
-2.193,3.635
-2.583,3.753
-2.728,3.67
-2.613,4.033
-2.606,3.751
-3.09,3.914
2.861,4.062
2.598,3.985
2.166,3.845
1.707,3.814
1.601,3.86
1.562,3.822
-1.865,1.453
-2.313,0.855
2.737,-0.312
2.475,1.006
2.14,1.691
-1.109,2.238
-2.581,2.982
1.621,1.935
1.6,1.734
1.544,2.078
1.322,0.615
0.614,2.579
-0.366,0.955
-0.461,1.243
-0.61,1.752
-0.345,-0.617
-2.365,-0.141
-2.584,3.702
1.934,3.278
1.846,3.511
1.618,3.438
1.693,3.257
2.592,3.422
3.062,3.869
-0.015,-0.427
-0.056,1.637
0.011,-0.368
-0.103,2.266
-0.04,1.61
-0.154,1.725
-0.093,-0.763
-0.088,-0.741
-0.117,2.282
-0.113,3.112
-0.204,2.064
-0.163,-0.112
-0.182,-0.005
-0.288,2.946
-0.335,3.095
-0.265,1.384
-0.307,0.091
-0.382,0.82
-0.308,0.878
-0.412,2.715
-0.4,0.084
-0.37,0.558
-0.457,0.6
-0.533,0.699
-0.548,0.778
-0.557,1.358
-0.598,0.372
-0.66,0.41
-0.768,2.375
-0.863,1.375
-0.976,0.706
-0.916,2.325
-0.975,0.349
-1.07,-0.136
-1.063,0.009
-1.111,1.545
-1.047,1.153
-1.088,1.096
-1.187,2.335
-1.184,0.064
-1.249,-0.851
-1.278,-0.175
-1.234,0.267
-1.289,0.97
-1.408,2.181
-1.426,2.126
-1.442,2.578
-1.424,1.168
-1.448,2.808
-1.517,0.263
-1.534,3.095
-1.591,2.27
-1.627,0.813
-1.615,0.871
-1.694,1.704
-1.761,0.13
-1.792,1.252
-1.8,0.646
-1.741,1.56
-1.856,0.083
-1.784,2.413
-1.856,2.951
-1.937,1.084
-1.945,1.94
-1.882,1.302
-1.946,1.728
-2.004,-0.376
-1.994,1.995
-2.043,-0.491
-2.119,-0.712
-2.12,2.277
-2.14,0.705
-2.205,1.463
-2.174,-0.746
-2.182,1.402
-2.181,1.35
-2.196,2.787
-2.208,2.565
-2.212,1.042
-2.23,0.796
-2.31,0.041
-2.303,1.083
-2.303,0.479
-2.242,1.005
-2.307,1.647
-2.347,2.166
-2.415,0.886
-2.37,0.585
-2.469,-0.603
-2.491,0.281
-2.491,-0.452
-2.43,3.004
-2.47,1.667
-2.547,2.637
-2.535,0.879
-2.573,3.125
-2.594,1.373
-2.541,0.847
-2.555,1.928
-2.643,2.676
-2.655,2.776
-2.69,0.072
-2.615,0.425
-2.692,-0.189
-2.641,1.486
-2.689,1.96
-2.715,1.582
-2.784,-0.544
-2.78,-0.753
-2.789,1.521
-2.836,2.014
-2.877,2.549
-2.813,1.313
-2.876,-0.136
-2.891,1.684
-2.985,3.001
-2.999,0.585
-3.06,0.898
-3.121,0.862
-3.129,0.377
-3.091,1.453
3.124,1.134
-3.094,2.698
-3.136,2.377
3.097,-0.695
3.018,2.517
2.954,0.005
2.963,1.2
2.995,2.159
2.928,0.748
2.777,3.067
2.695,0.134
2.679,-0.657
2.67,2.65
2.657,-0.474
2.574,0.038
2.478,1.223
2.509,1.345
2.418,1.164
2.448,2.959
2.391,1.461
2.319,0.695
2.309,2.246
2.295,0.612
2.221,2.351
2.273,1.95
2.19,1.749
2.171,0.645
2.159,1.374
2.196,0.859
2.158,0.699
2.141,0.485
2.083,0.101
2.095,2.514
2.058,1.244
2.068,1.718
2.038,-0.792
2.02,1.454
1.915,1.268
1.881,1.584
1.897,1.877
1.833,0.867
1.697,-0.605
1.628,0.305
1.591,0.498
1.651,0.676
1.629,0.407
1.562,-0.714
1.535,1.647
1.53,1.755
1.451,0.869
1.481,1.552
1.403,2.922
1.457,1.008
1.477,2.019
1.398,1.328
1.437,-0.814
1.392,0.674
1.45,-0.39
1.411,0.514
1.3,0.312
1.293,0.694
1.225,0.641
1.278,0.222
1.251,0.845
1.198,1.209
1.23,0.615
1.247,1.243
1.229,-0.673
1.214,0.333
1.186,1.832
1.186,0.903
1.188,1.393
1.151,1.879
1.147,2.877
1.118,-0.752
0.422,-0.869
0.374,-0.806
-0.51,-0.947
-0.861,-0.908
-1.542,-1.04
-1.525,-0.901
-2.045,-1.143
-2.055,-0.887
-2.085,-0.938
3.112,-1.135
2.571,-0.896
2.374,-1.116
1.812,-0.969
1.404,-1.271
1.037,3.493
0.998,3.385
0.815,3.218
0.376,3.272
0.386,3.538
-0.063,3.581
-0.451,3.423
-0.688,3.203
-0.677,3.501
-1.286,3.449
-1.405,3.338
-1.53,3.259
-1.625,3.216
-2.154,3.386
-2.447,3.289
-2.658,3.446
-2.902,3.607
-2.983,3.319
2.55,3.63
2.309,3.179
2.028,3.315
1.606,3.341
1.498,3.391
1.509,3.269
1.139,3.498
0.833,3.121
0.527,0.493
0.435,-0.27
-0.235,1.654
-0.218,-0.65
-0.661,0.338
-2.127,-0.497
-2.608,1.5
2.842,2.809
2.548,2.085
2.092,0.216
1.619,-0.123
3.08,-1.051
3.022,3.388
1.173,3.155
1.149,0.958
1.002,0.64
1.082,0.501
1.014,3.06
0.901,0.327
0.772,2.657
0.893,-0.616
0.82,2.278
0.798,0.825
0.796,2.166
0.735,1.794
0.643,2.269
0.532,2.111
0.623,0.996
0.424,2.96
0.381,0.862
0.321,0.082
0.3,2.177
0.15,-0.837
0.09,1.218
0.185,1.068
0.075,-0.562
-0.036,1.602
-0.031,1.213
-0.345,1.85
-0.232,2.848
-0.354,1.119
-0.374,3.047
-0.433,2.957
-0.539,0.788
-0.607,1.772
-0.624,0.967
-0.858,3.098
-0.838,-0.722
-0.852,-0.516
-1.079,2.847
-0.989,-0.262
-1.187,-0.638
-1.347,1.333
-1.344,0.548
-1.284,0.329
-1.296,-0.82
-1.345,1.984
-1.373,0.28
-1.518,0.693
-1.516,2.973
-1.471,0.232
-1.922,-0.318
-1.793,0.25
-1.898,1.464
-1.894,0.469
-2.02,-0.47
-1.927,2.686
-2.01,0.711
-2.049,2.513
-2.228,1.145
-2.271,1.127
-2.271,2.981
-2.208,2.356
-2.359,0.296
-2.364,0.281
-2.231,-0.159
-2.388,0.998
-2.28,3.087
-2.294,1.946
-2.429,-0.365
-2.313,1.851
-2.33,2.023
-2.318,0.236
-2.418,0.387
-2.527,1.488
-2.597,2.253
-2.52,-0.808
-2.531,1.575
-2.653,3.134
-2.7,1.204
-2.589,-0.523
-2.667,1.007
-2.729,0.727
-2.916,2.799
-2.881,-0.692
-2.912,2.512
-3.046,-0.226
-2.949,0.473
-3.061,1.914
-2.988,-0.509
3.122,1.493
3.082,-0.649
-3.083,1.982
3.064,-0.601
3.002,-0.577
2.866,1.533
2.978,0.564
2.855,-0.7
2.902,-0.852
2.898,-0.575
2.86,0.5
2.696,2.094
2.525,2.788
2.414,0.891
2.396,0.615
2.39,0.659
2.392,1.603
2.386,1.55
2.364,1.485
2.257,1.317
2.225,-0.084
2.19,1.409
2.127,-0.172
2.085,0.625
2.027,1.126
1.716,0.457
1.821,0.492
1.55,0.57
1.672,0.904
1.621,0.285
1.498,-0.705
1.305,2.951
1.429,1.178
1.281,1.402
1.271,-0.533
1.353,2.618
1.186,-0.006
1.183,2.059
1.17,2.663
1.073,1.226
1.164,0.819
0.876,-1.058
0.406,-0.827
0.173,-1.109
-0.142,-1.165
-0.26,-1.114
-0.67,-0.91
-1.305,-1.177
-1.782,-1.121
-1.976,-0.972
2.643,-0.786
2.443,-1.073
2.406,-1.182
2.114,-1.015
2.171,-0.99
1.068,-1.017
0.884,3.164
0.812,3.266
0.386,3.451
-0.074,3.371
-1.199,3.468
-1.568,3.165
-1.431,3.171
-1.789,3.208
-1.666,3.289
-1.901,3.506
-2.068,3.479
-2.19,3.206
-2.58,3.324
-2.725,3.241
-2.61,3.604
-2.603,3.322
-3.087,3.485
2.864,3.633
2.601,3.556
2.169,3.416
1.71,3.385
1.604,3.431
1.565,3.393
-1.862,1.024
-2.31,0.426
2.74,-0.741
2.478,0.577
2.143,1.262
-1.106,1.809
-2.578,2.553
1.624,1.506
1.603,1.305
1.547,1.649
1.325,0.186
0.617,2.15
-0.363,0.526
-0.458,0.814
-0.607,1.323
-0.342,-1.046
-2.362,-0.57
-2.581,3.273
1.937,2.849
1.849,3.082
1.621,3.009
1.696,2.828
2.595,2.993
3.065,3.44
-0.041,2.064
0.026,0.059
-0.088,2.693
-0.025,2.037
-0.139,2.152
-0.078,-0.336
-0.073,-0.314
-0.102,2.709
-0.098,3.539
-0.189,2.491
-0.148,0.315
-0.167,0.422
-0.273,3.373
-0.32,3.522
-0.25,1.811
-0.292,0.518
-0.367,1.247
-0.293,1.305
-0.397,3.142
-0.385,0.511
-0.355,0.985
-0.442,1.027
-0.518,1.126
-0.533,1.205
-0.542,1.785
-0.583,0.799
-0.645,0.837
-0.753,2.802
-0.848,1.802
-0.961,1.133
-0.901,2.752
-0.96,0.776
-1.055,0.291
-1.048,0.436
-1.096,1.972
-1.032,1.58
-1.073,1.523
-1.172,2.762
-1.169,0.491
-1.234,-0.424
-1.263,0.252
-1.219,0.694
-1.274,1.397
-1.393,2.608
-1.411,2.553
-1.427,3.005
-1.409,1.595
-1.433,3.235
-1.502,0.69
-1.519,3.522
-1.576,2.697
-1.612,1.24
-1.6,1.298
-1.679,2.131
-1.746,0.557
-1.777,1.679
-1.785,1.073
-1.726,1.987
-1.841,0.51
-1.769,2.84
-1.841,3.378
-1.922,1.511
-1.93,2.367
-1.867,1.729
-1.931,2.155
-1.989,0.051
-1.979,2.422
-2.028,-0.064
-2.104,-0.285
-2.105,2.704
-2.125,1.132
-2.19,1.89
-2.159,-0.319
-2.167,1.829
-2.166,1.777
-2.181,3.214
-2.193,2.992
-2.197,1.469
-2.215,1.223
-2.295,0.468
-2.288,1.51
-2.288,0.906
-2.227,1.432
-2.292,2.074
-2.332,2.593
-2.4,1.313
-2.355,1.012
-2.454,-0.176
-2.476,0.708
-2.476,-0.025
-2.415,3.431
-2.455,2.094
-2.532,3.064
-2.52,1.306
-2.558,3.552
-2.579,1.8
-2.526,1.274
-2.54,2.355
-2.628,3.103
-2.64,3.203
-2.675,0.499
-2.6,0.852
-2.677,0.238
-2.626,1.913
-2.674,2.387
-2.7,2.009
-2.769,-0.117
-2.765,-0.326
-2.774,1.948
-2.821,2.441
-2.862,2.976
-2.798,1.74
-2.861,0.291
-2.876,2.111
-2.97,3.428
-2.984,1.012
-3.045,1.325
-3.106,1.289
-3.114,0.804
-3.076,1.88
3.139,1.561
-3.079,3.125
-3.121,2.804
3.112,-0.268
3.033,2.944
2.969,0.432
2.978,1.627
3.01,2.586
2.943,1.175
2.792,3.494
2.71,0.561
2.694,-0.23
2.685,3.077
2.672,-0.047
2.589,0.465
2.493,1.65
2.524,1.772
2.433,1.591
2.463,3.386
2.406,1.888
2.334,1.122
2.324,2.673
2.31,1.039
2.236,2.778
2.288,2.377
2.205,2.176
2.186,1.072
2.174,1.801
2.211,1.286
2.173,1.126
2.156,0.912
2.098,0.528
2.11,2.941
2.073,1.671
2.083,2.145
2.053,-0.365
2.035,1.881
1.93,1.695
1.896,2.011
1.912,2.304
1.848,1.294
1.712,-0.178
1.643,0.732
1.606,0.925
1.666,1.103
1.644,0.834
1.577,-0.287
1.55,2.074
1.545,2.182
1.466,1.296
1.496,1.979
1.418,3.349
1.472,1.435
1.492,2.446
1.413,1.755
1.452,-0.387
1.407,1.101
1.465,0.037
1.426,0.941
1.315,0.739
1.308,1.121
1.24,1.068
1.293,0.649
1.266,1.272
1.213,1.636
1.245,1.042
1.262,1.67
1.244,-0.246
1.229,0.76
1.201,2.259
1.201,1.33
1.203,1.82
1.166,2.306
1.162,3.304
1.133,-0.325
0.437,-0.442
0.389,-0.379
-0.495,-0.52
-0.846,-0.481
-1.527,-0.613
-1.51,-0.474
-2.03,-0.716
-2.04,-0.46
-2.07,-0.511
3.127,-0.708
2.586,-0.469
2.389,-0.689
1.827,-0.542
1.419,-0.844
1.052,3.92
1.013,3.812
0.83,3.645
0.391,3.699
0.401,3.965
-0.048,4.008
-0.436,3.85
-0.673,3.63
-0.662,3.928
-1.271,3.876
-1.39,3.765
-1.515,3.686
-1.61,3.643
-2.139,3.813
-2.432,3.716
-2.643,3.873
-2.887,4.034
-2.968,3.746
2.565,4.057
2.324,3.606
2.043,3.742
1.621,3.768
1.513,3.818
1.524,3.696
1.154,3.925
0.848,3.548
0.542,0.92
0.45,0.157
-0.22,2.081
-0.203,-0.223
-0.646,0.765
-2.112,-0.07
-2.593,1.927
2.857,3.236
2.563,2.512
2.107,0.643
1.634,0.304
3.095,-0.624
3.037,3.815
1.188,3.582
1.164,1.385
1.017,1.067
1.097,0.928
1.029,3.487
0.916,0.754
0.787,3.084
0.908,-0.189
0.835,2.705
0.813,1.252
0.811,2.593
0.75,2.221
0.658,2.696
0.547,2.538
0.638,1.423
0.439,3.387
0.396,1.289
0.336,0.509
0.315,2.604
0.165,-0.41
0.105,1.645
0.2,1.495
0.09,-0.135
-0.021,2.029
-0.016,1.64
-0.33,2.277
-0.217,3.275
-0.339,1.546
-0.359,3.474
-0.418,3.384
-0.524,1.215
-0.592,2.199
-0.609,1.394
-0.843,3.525
-0.823,-0.295
-0.837,-0.089
-1.064,3.274
-0.974,0.165
-1.172,-0.211
-1.332,1.76
-1.329,0.975
-1.269,0.756
-1.281,-0.393
-1.33,2.411
-1.358,0.707
-1.503,1.12
-1.501,3.4
-1.456,0.659
-1.907,0.109
-1.778,0.677
-1.883,1.891
-1.879,0.896
-2.005,-0.043
-1.912,3.113
-1.995,1.138
-2.034,2.94
-2.213,1.572
-2.256,1.554
-2.256,3.408
-2.193,2.783
-2.344,0.723
-2.349,0.708
-2.216,0.268
-2.373,1.425
-2.265,3.514
-2.279,2.373
-2.414,0.062
-2.298,2.278
-2.315,2.45
-2.303,0.663
-2.403,0.814
-2.512,1.915
-2.582,2.68
-2.505,-0.381
-2.516,2.002
-2.638,3.561
-2.685,1.631
-2.574,-0.096
-2.652,1.434
-2.714,1.154
-2.901,3.226
-2.866,-0.265
-2.897,2.939
-3.031,0.201
-2.934,0.9
-3.046,2.341
-2.973,-0.082
3.137,1.92
3.097,-0.222
-3.068,2.409
3.079,-0.174
3.017,-0.15
2.881,1.96
2.993,0.991
2.87,-0.273
2.917,-0.425
2.913,-0.148
2.875,0.927
2.711,2.521
2.54,3.215
2.429,1.318
2.411,1.042
2.405,1.086
2.407,2.03
2.401,1.977
2.379,1.912
2.272,1.744
2.24,0.343
2.205,1.836
2.142,0.255
2.1,1.052
2.042,1.553
1.731,0.884
1.836,0.919
1.565,0.997
1.687,1.331
1.636,0.712
1.513,-0.278
1.32,3.378
1.444,1.605
1.296,1.829
1.286,-0.106
1.368,3.045
1.201,0.421
1.198,2.486
1.185,3.09
1.088,1.653
1.179,1.246
0.891,-0.631
0.421,-0.4
0.188,-0.682
-0.127,-0.738
-0.245,-0.687
-0.655,-0.483
-1.29,-0.75
-1.767,-0.694
-1.961,-0.545
2.658,-0.359
2.458,-0.646
2.421,-0.755
2.129,-0.588
2.186,-0.563
1.083,-0.59
0.899,3.591
0.827,3.693
0.401,3.878
-0.059,3.798
-1.184,3.895
-1.553,3.592
-1.416,3.598
-1.774,3.635
-1.651,3.716
-1.886,3.933
-2.053,3.906
-2.175,3.633
-2.565,3.751
-2.71,3.668
-2.595,4.031
-2.588,3.749
-3.072,3.912
2.879,4.06
2.616,3.983
2.184,3.843
1.725,3.812
1.619,3.858
1.58,3.82
-1.847,1.451
-2.295,0.853
2.755,-0.314
2.493,1.004
2.158,1.689
-1.091,2.236
-2.563,2.98
1.639,1.933
1.618,1.732
1.562,2.076
1.34,0.613
0.632,2.577
-0.348,0.953
-0.443,1.241
-0.592,1.75
-0.327,-0.619
-2.347,-0.143
-2.566,3.7
1.952,3.276
1.864,3.509
1.636,3.436
1.711,3.255
2.61,3.42
3.08,3.867
0.067,-2.005
-0.047,0.629
0.016,-0.027
-0.098,0.088
-0.037,-2.4
-0.032,-2.378
-0.061,0.645
-0.057,1.475
-0.148,0.427
-0.107,-1.749
-0.126,-1.642
-0.232,1.309
-0.279,1.458
-0.209,-0.253
-0.251,-1.546
-0.326,-0.817
-0.252,-0.759
-0.356,1.078
-0.344,-1.553
-0.314,-1.079
-0.401,-1.037
-0.477,-0.938
-0.492,-0.859
-0.501,-0.279
-0.542,-1.265
-0.604,-1.227
-0.712,0.738
-0.807,-0.262
-0.92,-0.931
-0.86,0.688
-0.919,-1.288
-1.014,-1.773
-1.007,-1.628
-1.055,-0.092
-0.991,-0.484
-1.032,-0.541
-1.131,0.698
-1.128,-1.573
-1.193,-2.488
-1.222,-1.812
-1.178,-1.37
-1.233,-0.667
-1.352,0.544
-1.37,0.489
-1.386,0.941
-1.368,-0.469
-1.392,1.171
-1.461,-1.374
-1.478,1.458
-1.535,0.633
-1.571,-0.824
-1.559,-0.766
-1.638,0.067
-1.705,-1.507
-1.736,-0.385
-1.744,-0.991
-1.685,-0.077
-1.8,-1.554
-1.728,0.776
-1.8,1.314
-1.881,-0.553
-1.889,0.303
-1.826,-0.335
-1.89,0.091
-1.948,-2.013
-1.938,0.358
-1.987,-2.128
-2.063,-2.349
-2.064,0.64
-2.084,-0.932
-2.149,-0.174
-2.118,-2.383
-2.126,-0.235
-2.125,-0.287
-2.14,1.15
-2.152,0.928
-2.156,-0.595
-2.174,-0.841
-2.254,-1.596
-2.247,-0.554
-2.247,-1.158
-2.186,-0.632
-2.251,0.01
-2.291,0.529
-2.359,-0.751
-2.314,-1.052
-2.413,-2.24
-2.435,-1.356
-2.435,-2.089
-2.374,1.367
-2.414,0.03
-2.491,1.0
-2.479,-0.758
-2.517,1.488
-2.538,-0.264
-2.485,-0.79
-2.499,0.291
-2.587,1.039
-2.599,1.139
-2.634,-1.565
-2.559,-1.212
-2.636,-1.826
-2.585,-0.151
-2.633,0.323
-2.659,-0.055
-2.728,-2.181
-2.724,-2.39
-2.733,-0.116
-2.78,0.377
-2.821,0.912
-2.757,-0.324
-2.82,-1.773
-2.835,0.047
-2.929,1.364
-2.943,-1.052
-3.004,-0.739
-3.065,-0.775
-3.073,-1.26
-3.035,-0.184
-3.103,-0.503
-3.038,1.061
-3.08,0.74
-3.13,-2.332
3.074,0.88
3.01,-1.632
3.019,-0.437
3.051,0.522
2.984,-0.889
2.833,1.43
2.751,-1.503
2.735,-2.294
2.726,1.013
2.713,-2.111
2.63,-1.599
2.534,-0.414
2.565,-0.292
2.474,-0.473
2.504,1.322
2.447,-0.176
2.375,-0.942
2.365,0.609
2.351,-1.025
2.277,0.714
2.329,0.313
2.246,0.112
2.227,-0.992
2.215,-0.263
2.252,-0.778
2.214,-0.938
2.197,-1.152
2.139,-1.536
2.151,0.877
2.114,-0.393
2.124,0.081
2.094,-2.429
2.076,-0.183
1.971,-0.369
1.937,-0.053
1.953,0.24
1.889,-0.77
1.753,-2.242
1.684,-1.332
1.647,-1.139
1.707,-0.961
1.685,-1.23
1.618,-2.351
1.591,0.01
1.586,0.118
1.507,-0.768
1.537,-0.085
1.459,1.285
1.513,-0.629
1.533,0.382
1.454,-0.309
1.493,-2.451
1.448,-0.963
1.506,-2.027
1.467,-1.123
1.356,-1.325
1.349,-0.943
1.281,-0.996
1.334,-1.415
1.307,-0.792
1.254,-0.428
1.286,-1.022
1.303,-0.394
1.285,-2.31
1.27,-1.304
1.242,0.195
1.242,-0.734
1.244,-0.244
1.207,0.242
1.203,1.24
1.174,-2.389
0.478,-2.506
0.43,-2.443
-0.454,-2.584
-0.805,-2.545
-1.486,-2.677
-1.469,-2.538
-1.989,-2.78
-1.999,-2.524
-2.029,-2.575
-3.115,-2.772
2.627,-2.533
2.43,-2.753
1.868,-2.606
1.46,-2.908
1.093,1.856
1.054,1.748
0.871,1.581
0.432,1.635
0.442,1.901
-0.007,1.944
-0.395,1.786
-0.632,1.566
-0.621,1.864
-1.23,1.812
-1.349,1.701
-1.474,1.622
-1.569,1.579
-2.098,1.749
-2.391,1.652
-2.602,1.809
-2.846,1.97
-2.927,1.682
2.606,1.993
2.365,1.542
2.084,1.678
1.662,1.704
1.554,1.754
1.565,1.632
1.195,1.861
0.889,1.484
0.583,-1.144
0.491,-1.907
-0.179,0.017
-0.162,-2.287
-0.605,-1.299
-2.071,-2.134
-2.552,-0.137
2.898,1.172
2.604,0.448
2.148,-1.421
1.675,-1.76
3.136,-2.688
3.078,1.751
1.229,1.518
1.205,-0.679
1.058,-0.997
1.138,-1.136
1.07,1.423
0.957,-1.31
0.828,1.02
0.949,-2.253
0.876,0.641
0.854,-0.812
0.852,0.529
0.791,0.157
0.699,0.632
0.588,0.474
0.679,-0.641
0.48,1.323
0.437,-0.775
0.377,-1.555
0.356,0.54
0.206,-2.474
0.146,-0.419
0.241,-0.569
0.131,-2.199
0.02,-0.035
0.025,-0.424
-0.289,0.213
-0.176,1.211
-0.298,-0.518
-0.318,1.41
-0.377,1.32
-0.483,-0.849
-0.551,0.135
-0.568,-0.67
-0.802,1.461
-0.782,-2.359
-0.796,-2.153
-1.023,1.21
-0.933,-1.899
-1.131,-2.275
-1.291,-0.304
-1.288,-1.089
-1.228,-1.308
-1.24,-2.457
-1.289,0.347
-1.317,-1.357
-1.462,-0.944
-1.46,1.336
-1.415,-1.405
-1.866,-1.955
-1.737,-1.387
-1.842,-0.173
-1.838,-1.168
-1.964,-2.107
-1.871,1.049
-1.954,-0.926
-1.993,0.876
-2.172,-0.492
-2.215,-0.51
-2.215,1.344
-2.152,0.719
-2.303,-1.341
-2.308,-1.356
-2.175,-1.796
-2.332,-0.639
-2.224,1.45
-2.238,0.309
-2.373,-2.002
-2.257,0.214
-2.274,0.386
-2.262,-1.401
-2.362,-1.25
-2.471,-0.149
-2.541,0.616
-2.464,-2.445
-2.475,-0.062
-2.597,1.497
-2.644,-0.433
-2.533,-2.16
-2.611,-0.63
-2.673,-0.91
-2.86,1.162
-2.825,-2.329
-2.856,0.875
-2.99,-1.863
-2.893,-1.164
-3.005,0.277
-2.932,-2.146
-3.105,-0.144
3.138,-2.286
-3.027,0.345
3.12,-2.238
3.058,-2.214
2.922,-0.104
3.034,-1.073
2.911,-2.337
2.958,-2.489
2.954,-2.212
2.916,-1.137
2.752,0.457
2.581,1.151
2.47,-0.746
2.452,-1.022
2.446,-0.978
2.448,-0.034
2.442,-0.087
2.42,-0.152
2.313,-0.32
2.281,-1.721
2.246,-0.228
2.183,-1.809
2.141,-1.012
2.083,-0.511
1.772,-1.18
1.877,-1.145
1.606,-1.067
1.728,-0.733
1.677,-1.352
1.554,-2.342
1.361,1.314
1.485,-0.459
1.337,-0.235
1.327,-2.17
1.409,0.981
1.242,-1.643
1.239,0.422
1.226,1.026
1.129,-0.411
1.22,-0.818
0.932,-2.695
0.462,-2.464
0.229,-2.746
-0.086,-2.802
-0.204,-2.751
-0.614,-2.547
-1.249,-2.814
-1.726,-2.758
-1.92,-2.609
2.699,-2.423
2.499,-2.71
2.462,-2.819
2.17,-2.652
2.227,-2.627
1.124,-2.654
0.94,1.527
0.868,1.629
0.442,1.814
-0.018,1.734
-1.143,1.831
-1.512,1.528
-1.375,1.534
-1.733,1.571
-1.61,1.652
-1.845,1.869
-2.012,1.842
-2.134,1.569
-2.524,1.687
-2.669,1.604
-2.554,1.967
-2.547,1.685
-3.031,1.848
2.92,1.996
2.657,1.919
2.225,1.779
1.766,1.748
1.66,1.794
1.621,1.756
-1.806,-0.613
-2.254,-1.211
2.796,-2.378
2.534,-1.06
2.199,-0.375
-1.05,0.172
-2.522,0.916
1.68,-0.131
1.659,-0.332
1.603,0.012
1.381,-1.451
0.673,0.513
-0.307,-1.111
-0.402,-0.823
-0.551,-0.314
-0.286,-2.683
-2.306,-2.207
-2.525,1.636
1.993,1.212
1.905,1.445
1.677,1.372
1.752,1.191
2.651,1.356
3.121,1.803
-0.114,2.634
-0.051,1.978
-0.165,2.093
-0.104,-0.395
-0.099,-0.373
-0.128,2.65
-0.124,3.48
-0.215,2.432
-0.174,0.256
-0.193,0.363
-0.299,3.314
-0.346,3.463
-0.276,1.752
-0.318,0.459
-0.393,1.188
-0.319,1.246
-0.423,3.083
-0.411,0.452
-0.381,0.926
-0.468,0.968
-0.544,1.067
-0.559,1.146
-0.568,1.726
-0.609,0.74
-0.671,0.778
-0.779,2.743
-0.874,1.743
-0.987,1.074
-0.927,2.693
-0.986,0.717
-1.081,0.232
-1.074,0.377
-1.122,1.913
-1.058,1.521
-1.099,1.464
-1.198,2.703
-1.195,0.432
-1.26,-0.483
-1.289,0.193
-1.245,0.635
-1.3,1.338
-1.419,2.549
-1.437,2.494
-1.453,2.946
-1.435,1.536
-1.459,3.176
-1.528,0.631
-1.545,3.463
-1.602,2.638
-1.638,1.181
-1.626,1.239
-1.705,2.072
-1.772,0.498
-1.803,1.62
-1.811,1.014
-1.752,1.928
-1.867,0.451
-1.795,2.781
-1.867,3.319
-1.948,1.452
-1.956,2.308
-1.893,1.67
-1.957,2.096
-2.015,-0.008
-2.005,2.363
-2.054,-0.123
-2.13,-0.344
-2.131,2.645
-2.151,1.073
-2.216,1.831
-2.185,-0.378
-2.193,1.77
-2.192,1.718
-2.207,3.155
-2.219,2.933
-2.223,1.41
-2.241,1.164
-2.321,0.409
-2.314,1.451
-2.314,0.847
-2.253,1.373
-2.318,2.015
-2.358,2.534
-2.426,1.254
-2.381,0.953
-2.48,-0.235
-2.502,0.649
-2.502,-0.084
-2.441,3.372
-2.481,2.035
-2.558,3.005
-2.546,1.247
-2.584,3.493
-2.605,1.741
-2.552,1.215
-2.566,2.296
-2.654,3.044
-2.666,3.144
-2.701,0.44
-2.626,0.793
-2.703,0.179
-2.652,1.854
-2.7,2.328
-2.726,1.95
-2.795,-0.176
-2.791,-0.385
-2.8,1.889
-2.847,2.382
-2.888,2.917
-2.824,1.681
-2.887,0.232
-2.902,2.052
-2.996,3.369
-3.01,0.953
-3.071,1.266
-3.132,1.23
-3.14,0.745
-3.102,1.821
3.113,1.502
-3.105,3.066
3.136,2.745
3.086,-0.327
3.007,2.885
2.943,0.373
2.952,1.568
2.984,2.527
2.917,1.116
2.766,3.435
2.684,0.502
2.668,-0.289
2.659,3.018
2.646,-0.106
2.563,0.406
2.467,1.591
2.498,1.713
2.407,1.532
2.437,3.327
2.38,1.829
2.308,1.063
2.298,2.614
2.284,0.98
2.21,2.719
2.262,2.318
2.179,2.117
2.16,1.013
2.148,1.742
2.185,1.227
2.147,1.067
2.13,0.853
2.072,0.469
2.084,2.882
2.047,1.612
2.057,2.086
2.027,-0.424
2.009,1.822
1.904,1.636
1.87,1.952
1.886,2.245
1.822,1.235
1.686,-0.237
1.617,0.673
1.58,0.866
1.64,1.044
1.618,0.775
1.551,-0.346
1.524,2.015
1.519,2.123
1.44,1.237
1.47,1.92
1.392,3.29
1.446,1.376
1.466,2.387
1.387,1.696
1.426,-0.446
1.381,1.042
1.439,-0.022
1.4,0.882
1.289,0.68
1.282,1.062
1.214,1.009
1.267,0.59
1.24,1.213
1.187,1.577
1.219,0.983
1.236,1.611
1.218,-0.305
1.203,0.701
1.175,2.2
1.175,1.271
1.177,1.761
1.14,2.247
1.136,3.245
1.107,-0.384
0.411,-0.501
0.363,-0.438
-0.521,-0.579
-0.872,-0.54
-1.553,-0.672
-1.536,-0.533
-2.056,-0.775
-2.066,-0.519
-2.096,-0.57
3.101,-0.767
2.56,-0.528
2.363,-0.748
1.801,-0.601
1.393,-0.903
1.026,3.861
0.987,3.753
0.804,3.586
0.365,3.64
0.375,3.906
-0.074,3.949
-0.462,3.791
-0.699,3.571
-0.688,3.869
-1.297,3.817
-1.416,3.706
-1.541,3.627
-1.636,3.584
-2.165,3.754
-2.458,3.657
-2.669,3.814
-2.913,3.975
-2.994,3.687
2.539,3.998
2.298,3.547
2.017,3.683
1.595,3.709
1.487,3.759
1.498,3.637
1.128,3.866
0.822,3.489
0.516,0.861
0.424,0.098
-0.246,2.022
-0.229,-0.282
-0.672,0.706
-2.138,-0.129
-2.619,1.868
2.831,3.177
2.537,2.453
2.081,0.584
1.608,0.245
3.069,-0.683
3.011,3.756
1.162,3.523
1.138,1.326
0.991,1.008
1.071,0.869
1.003,3.428
0.89,0.695
0.761,3.025
0.882,-0.248
0.809,2.646
0.787,1.193
0.785,2.534
0.724,2.162
0.632,2.637
0.521,2.479
0.612,1.364
0.413,3.328
0.37,1.23
0.31,0.45
0.289,2.545
0.139,-0.469
0.079,1.586
0.174,1.436
0.064,-0.194
-0.047,1.97
-0.042,1.581
-0.356,2.218
-0.243,3.216
-0.365,1.487
-0.385,3.415
-0.444,3.325
-0.55,1.156
-0.618,2.14
-0.635,1.335
-0.869,3.466
-0.849,-0.354
-0.863,-0.148
-1.09,3.215
-1.0,0.106
-1.198,-0.27
-1.358,1.701
-1.355,0.916
-1.295,0.697
-1.307,-0.452
-1.356,2.352
-1.384,0.648
-1.529,1.061
-1.527,3.341
-1.482,0.6
-1.933,0.05
-1.804,0.618
-1.909,1.832
-1.905,0.837
-2.031,-0.102
-1.938,3.054
-2.021,1.079
-2.06,2.881
-2.239,1.513
-2.282,1.495
-2.282,3.349
-2.219,2.724
-2.37,0.664
-2.375,0.649
-2.242,0.209
-2.399,1.366
-2.291,3.455
-2.305,2.314
-2.44,0.003
-2.324,2.219
-2.341,2.391
-2.329,0.604
-2.429,0.755
-2.538,1.856
-2.608,2.621
-2.531,-0.44
-2.542,1.943
-2.664,3.502
-2.711,1.572
-2.6,-0.155
-2.678,1.375
-2.74,1.095
-2.927,3.167
-2.892,-0.324
-2.923,2.88
-3.057,0.142
-2.96,0.841
-3.072,2.282
-2.999,-0.141
3.111,1.861
3.071,-0.281
-3.094,2.35
3.053,-0.233
2.991,-0.209
2.855,1.901
2.967,0.932
2.844,-0.332
2.891,-0.484
2.887,-0.207
2.849,0.868
2.685,2.462
2.514,3.156
2.403,1.259
2.385,0.983
2.379,1.027
2.381,1.971
2.375,1.918
2.353,1.853
2.246,1.685
2.214,0.284
2.179,1.777
2.116,0.196
2.074,0.993
2.016,1.494
1.705,0.825
1.81,0.86
1.539,0.938
1.661,1.272
1.61,0.653
1.487,-0.337
1.294,3.319
1.418,1.546
1.27,1.77
1.26,-0.165
1.342,2.986
1.175,0.362
1.172,2.427
1.159,3.031
1.062,1.594
1.153,1.187
0.865,-0.69
0.395,-0.459
0.162,-0.741
-0.153,-0.797
-0.271,-0.746
-0.681,-0.542
-1.316,-0.809
-1.793,-0.753
-1.987,-0.604
2.632,-0.418
2.432,-0.705
2.395,-0.814
2.103,-0.647
2.16,-0.622
1.057,-0.649
0.873,3.532
0.801,3.634
0.375,3.819
-0.085,3.739
-1.21,3.836
-1.579,3.533
-1.442,3.539
-1.8,3.576
-1.677,3.657
-1.912,3.874
-2.079,3.847
-2.201,3.574
-2.591,3.692
-2.736,3.609
-2.621,3.972
-2.614,3.69
-3.098,3.853
2.853,4.001
2.59,3.924
2.158,3.784
1.699,3.753
1.593,3.799
1.554,3.761
-1.873,1.392
-2.321,0.794
2.729,-0.373
2.467,0.945
2.132,1.63
-1.117,2.177
-2.589,2.921
1.613,1.874
1.592,1.673
1.536,2.017
1.314,0.554
0.606,2.518
-0.374,0.894
-0.469,1.182
-0.618,1.691
-0.353,-0.678
-2.373,-0.202
-2.592,3.641
1.926,3.217
1.838,3.45
1.61,3.377
1.685,3.196
2.584,3.361
3.054,3.808
0.063,-0.656
-0.051,-0.541
0.01,-3.029
0.015,-3.007
-0.014,0.016
-0.01,0.846
-0.101,-0.202
-0.06,-2.378
-0.079,-2.271
-0.185,0.68
-0.232,0.829
-0.162,-0.882
-0.204,-2.175
-0.279,-1.446
-0.205,-1.388
-0.309,0.449
-0.297,-2.182
-0.267,-1.708
-0.354,-1.666
-0.43,-1.567
-0.445,-1.488
-0.454,-0.908
-0.495,-1.894
-0.557,-1.856
-0.665,0.109
-0.76,-0.891
-0.873,-1.56
-0.813,0.059
-0.872,-1.917
-0.967,-2.402
-0.96,-2.257
-1.008,-0.721
-0.944,-1.113
-0.985,-1.17
-1.084,0.069
-1.081,-2.202
-1.146,-3.117
-1.175,-2.441
-1.131,-1.999
-1.186,-1.296
-1.305,-0.085
-1.323,-0.14
-1.339,0.312
-1.321,-1.098
-1.345,0.542
-1.414,-2.003
-1.431,0.829
-1.488,0.004
-1.524,-1.453
-1.512,-1.395
-1.591,-0.562
-1.658,-2.136
-1.689,-1.014
-1.697,-1.62
-1.638,-0.706
-1.753,-2.183
-1.681,0.147
-1.753,0.685
-1.834,-1.182
-1.842,-0.326
-1.779,-0.964
-1.843,-0.538
-1.901,-2.642
-1.891,-0.271
-1.94,-2.757
-2.016,-2.978
-2.017,0.011
-2.037,-1.561
-2.102,-0.803
-2.071,-3.012
-2.079,-0.864
-2.078,-0.916
-2.093,0.521
-2.105,0.299
-2.109,-1.224
-2.127,-1.47
-2.207,-2.225
-2.2,-1.183
-2.2,-1.787
-2.139,-1.261
-2.204,-0.619
-2.244,-0.1
-2.312,-1.38
-2.267,-1.681
-2.366,-2.869
-2.388,-1.985
-2.388,-2.718
-2.327,0.738
-2.367,-0.599
-2.444,0.371
-2.432,-1.387
-2.47,0.859
-2.491,-0.893
-2.438,-1.419
-2.452,-0.338
-2.54,0.41
-2.552,0.51
-2.587,-2.194
-2.512,-1.841
-2.589,-2.455
-2.538,-0.78
-2.586,-0.306
-2.612,-0.684
-2.681,-2.81
-2.677,-3.019
-2.686,-0.745
-2.733,-0.252
-2.774,0.283
-2.71,-0.953
-2.773,-2.402
-2.788,-0.582
-2.882,0.735
-2.896,-1.681
-2.957,-1.368
-3.018,-1.404
-3.026,-1.889
-2.988,-0.813
-3.056,-1.132
-2.991,0.432
-3.033,0.111
-3.083,-2.961
3.121,0.251
3.057,-2.261
3.066,-1.066
3.098,-0.107
3.031,-1.518
2.88,0.801
2.798,-2.132
2.782,-2.923
2.773,0.384
2.76,-2.74
2.677,-2.228
2.581,-1.043
2.612,-0.921
2.521,-1.102
2.551,0.693
2.494,-0.805
2.422,-1.571
2.412,-0.02
2.398,-1.654
2.324,0.085
2.376,-0.316
2.293,-0.517
2.274,-1.621
2.262,-0.892
2.299,-1.407
2.261,-1.567
2.244,-1.781
2.186,-2.165
2.198,0.248
2.161,-1.022
2.171,-0.548
2.141,-3.058
2.123,-0.812
2.018,-0.998
1.984,-0.682
2.0,-0.389
1.936,-1.399
1.8,-2.871
1.731,-1.961
1.694,-1.768
1.754,-1.59
1.732,-1.859
1.665,-2.98
1.638,-0.619
1.633,-0.511
1.554,-1.397
1.584,-0.714
1.506,0.656
1.56,-1.258
1.58,-0.247
1.501,-0.938
1.54,-3.08
1.495,-1.592
1.553,-2.656
1.514,-1.752
1.403,-1.954
1.396,-1.572
1.328,-1.625
1.381,-2.044
1.354,-1.421
1.301,-1.057
1.333,-1.651
1.35,-1.023
1.332,-2.939
1.317,-1.933
1.289,-0.434
1.289,-1.363
1.291,-0.873
1.254,-0.387
1.25,0.611
1.221,-3.018
0.525,-3.135
0.477,-3.072
-0.407,-3.213
-0.758,-3.174
-1.439,-3.306
-1.422,-3.167
-1.942,-3.409
-1.952,-3.153
-1.982,-3.204
-3.068,-3.401
2.674,-3.162
2.477,-3.382
1.915,-3.235
1.507,-3.537
1.14,1.227
1.101,1.119
0.918,0.952
0.479,1.006
0.489,1.272
0.04,1.315
-0.348,1.157
-0.585,0.937
-0.574,1.235
-1.183,1.183
-1.302,1.072
-1.427,0.993
-1.522,0.95
-2.051,1.12
-2.344,1.023
-2.555,1.18
-2.799,1.341
-2.88,1.053
2.653,1.364
2.412,0.913
2.131,1.049
1.709,1.075
1.601,1.125
1.612,1.003
1.242,1.232
0.936,0.855
0.63,-1.773
0.538,-2.536
-0.132,-0.612
-0.115,-2.916
-0.558,-1.928
-2.024,-2.763
-2.505,-0.766
2.945,0.543
2.651,-0.181
2.195,-2.05
1.722,-2.389
-3.1,-3.317
3.125,1.122
1.276,0.889
1.252,-1.308
1.105,-1.626
1.185,-1.765
1.117,0.794
1.004,-1.939
0.875,0.391
0.996,-2.882
0.923,0.012
0.901,-1.441
0.899,-0.1
0.838,-0.472
0.746,0.003
0.635,-0.155
0.726,-1.27
0.527,0.694
0.484,-1.404
0.424,-2.184
0.403,-0.089
0.253,-3.103
0.193,-1.048
0.288,-1.198
0.178,-2.828
0.067,-0.664
0.072,-1.053
-0.242,-0.416
-0.129,0.582
-0.251,-1.147
-0.271,0.781
-0.33,0.691
-0.436,-1.478
-0.504,-0.494
-0.521,-1.299
-0.755,0.832
-0.735,-2.988
-0.749,-2.782
-0.976,0.581
-0.886,-2.528
-1.084,-2.904
-1.244,-0.933
-1.241,-1.718
-1.181,-1.937
-1.193,-3.086
-1.242,-0.282
-1.27,-1.986
-1.415,-1.573
-1.413,0.707
-1.368,-2.034
-1.819,-2.584
-1.69,-2.016
-1.795,-0.802
-1.791,-1.797
-1.917,-2.736
-1.824,0.42
-1.907,-1.555
-1.946,0.247
-2.125,-1.121
-2.168,-1.139
-2.168,0.715
-2.105,0.09
-2.256,-1.97
-2.261,-1.985
-2.128,-2.425
-2.285,-1.268
-2.177,0.821
-2.191,-0.32
-2.326,-2.631
-2.21,-0.415
-2.227,-0.243
-2.215,-2.03
-2.315,-1.879
-2.424,-0.778
-2.494,-0.013
-2.417,-3.074
-2.428,-0.691
-2.55,0.868
-2.597,-1.062
-2.486,-2.789
-2.564,-1.259
-2.626,-1.539
-2.813,0.533
-2.778,-2.958
-2.809,0.246
-2.943,-2.492
-2.846,-1.793
-2.958,-0.352
-2.885,-2.775
-3.058,-0.773
-3.098,-2.915
-2.98,-0.284
-3.116,-2.867
3.105,-2.843
2.969,-0.733
3.081,-1.702
2.958,-2.966
3.005,-3.118
3.001,-2.841
2.963,-1.766
2.799,-0.172
2.628,0.522
2.517,-1.375
2.499,-1.651
2.493,-1.607
2.495,-0.663
2.489,-0.716
2.467,-0.781
2.36,-0.949
2.328,-2.35
2.293,-0.857
2.23,-2.438
2.188,-1.641
2.13,-1.14
1.819,-1.809
1.924,-1.774
1.653,-1.696
1.775,-1.362
1.724,-1.981
1.601,-2.971
1.408,0.685
1.532,-1.088
1.384,-0.864
1.374,-2.799
1.456,0.352
1.289,-2.272
1.286,-0.207
1.273,0.397
1.176,-1.04
1.267,-1.447
0.979,-3.324
0.509,-3.093
0.276,-3.375
-0.039,-3.431
-0.157,-3.38
-0.567,-3.176
-1.202,-3.443
-1.679,-3.387
-1.873,-3.238
2.746,-3.052
2.546,-3.339
2.509,-3.448
2.217,-3.281
2.274,-3.256
1.171,-3.283
0.987,0.898
0.915,1.0
0.489,1.185
0.029,1.105
-1.096,1.202
-1.465,0.899
-1.328,0.905
-1.686,0.942
-1.563,1.023
-1.798,1.24
-1.965,1.213
-2.087,0.94
-2.477,1.058
-2.622,0.975
-2.507,1.338
-2.5,1.056
-2.984,1.219
2.967,1.367
2.704,1.29
2.272,1.15
1.813,1.119
1.707,1.165
1.668,1.127
-1.759,-1.242
-2.207,-1.84
2.843,-3.007
2.581,-1.689
2.246,-1.004
-1.003,-0.457
-2.475,0.287
1.727,-0.76
1.706,-0.961
1.65,-0.617
1.428,-2.08
0.72,-0.116
-0.26,-1.74
-0.355,-1.452
-0.504,-0.943
-0.239,-3.312
-2.259,-2.836
-2.478,1.007
2.04,0.583
1.952,0.816
1.724,0.743
1.799,0.562
2.698,0.727
-3.115,1.174
-0.114,0.115
-0.053,-2.373
-0.048,-2.351
-0.077,0.672
-0.073,1.502
-0.164,0.454
-0.123,-1.722
-0.142,-1.615
-0.248,1.336
-0.295,1.485
-0.225,-0.226
-0.267,-1.519
-0.342,-0.79
-0.268,-0.732
-0.372,1.105
-0.36,-1.526
-0.33,-1.052
-0.417,-1.01
-0.493,-0.911
-0.508,-0.832
-0.517,-0.252
-0.558,-1.238
-0.62,-1.2
-0.728,0.765
-0.823,-0.235
-0.936,-0.904
-0.876,0.715
-0.935,-1.261
-1.03,-1.746
-1.023,-1.601
-1.071,-0.065
-1.007,-0.457
-1.048,-0.514
-1.147,0.725
-1.144,-1.546
-1.209,-2.461
-1.238,-1.785
-1.194,-1.343
-1.249,-0.64
-1.368,0.571
-1.386,0.516
-1.402,0.968
-1.384,-0.442
-1.408,1.198
-1.477,-1.347
-1.494,1.485
-1.551,0.66
-1.587,-0.797
-1.575,-0.739
-1.654,0.094
-1.721,-1.48
-1.752,-0.358
-1.76,-0.964
-1.701,-0.05
-1.816,-1.527
-1.744,0.803
-1.816,1.341
-1.897,-0.526
-1.905,0.33
-1.842,-0.308
-1.906,0.118
-1.964,-1.986
-1.954,0.385
-2.003,-2.101
-2.079,-2.322
-2.08,0.667
-2.1,-0.905
-2.165,-0.147
-2.134,-2.356
-2.142,-0.208
-2.141,-0.26
-2.156,1.177
-2.168,0.955
-2.172,-0.568
-2.19,-0.814
-2.27,-1.569
-2.263,-0.527
-2.263,-1.131
-2.202,-0.605
-2.267,0.037
-2.307,0.556
-2.375,-0.724
-2.33,-1.025
-2.429,-2.213
-2.451,-1.329
-2.451,-2.062
-2.39,1.394
-2.43,0.057
-2.507,1.027
-2.495,-0.731
-2.533,1.515
-2.554,-0.237
-2.501,-0.763
-2.515,0.318
-2.603,1.066
-2.615,1.166
-2.65,-1.538
-2.575,-1.185
-2.652,-1.799
-2.601,-0.124
-2.649,0.35
-2.675,-0.028
-2.744,-2.154
-2.74,-2.363
-2.749,-0.089
-2.796,0.404
-2.837,0.939
-2.773,-0.297
-2.836,-1.746
-2.851,0.074
-2.945,1.391
-2.959,-1.025
-3.02,-0.712
-3.081,-0.748
-3.089,-1.233
-3.051,-0.157
-3.119,-0.476
-3.054,1.088
-3.096,0.767
3.137,-2.305
3.058,0.907
2.994,-1.605
3.003,-0.41
3.035,0.549
2.968,-0.862
2.817,1.457
2.735,-1.476
2.719,-2.267
2.71,1.04
2.697,-2.084
2.614,-1.572
2.518,-0.387
2.549,-0.265
2.458,-0.446
2.488,1.349
2.431,-0.149
2.359,-0.915
2.349,0.636
2.335,-0.998
2.261,0.741
2.313,0.34
2.23,0.139
2.211,-0.965
2.199,-0.236
2.236,-0.751
2.198,-0.911
2.181,-1.125
2.123,-1.509
2.135,0.904
2.098,-0.366
2.108,0.108
2.078,-2.402
2.06,-0.156
1.955,-0.342
1.921,-0.026
1.937,0.267
1.873,-0.743
1.737,-2.215
1.668,-1.305
1.631,-1.112
1.691,-0.934
1.669,-1.203
1.602,-2.324
1.575,0.037
1.57,0.145
1.491,-0.741
1.521,-0.058
1.443,1.312
1.497,-0.602
1.517,0.409
1.438,-0.282
1.477,-2.424
1.432,-0.936
1.49,-2.0
1.451,-1.096
1.34,-1.298
1.333,-0.916
1.265,-0.969
1.318,-1.388
1.291,-0.765
1.238,-0.401
1.27,-0.995
1.287,-0.367
1.269,-2.283
1.254,-1.277
1.226,0.222
1.226,-0.707
1.228,-0.217
1.191,0.269
1.187,1.267
1.158,-2.362
0.462,-2.479
0.414,-2.416
-0.47,-2.557
-0.821,-2.518
-1.502,-2.65
-1.485,-2.511
-2.005,-2.753
-2.015,-2.497
-2.045,-2.548
-3.131,-2.745
2.611,-2.506
2.414,-2.726
1.852,-2.579
1.444,-2.881
1.077,1.883
1.038,1.775
0.855,1.608
0.416,1.662
0.426,1.928
-0.023,1.971
-0.411,1.813
-0.648,1.593
-0.637,1.891
-1.246,1.839
-1.365,1.728
-1.49,1.649
-1.585,1.606
-2.114,1.776
-2.407,1.679
-2.618,1.836
-2.862,1.997
-2.943,1.709
2.59,2.02
2.349,1.569
2.068,1.705
1.646,1.731
1.538,1.781
1.549,1.659
1.179,1.888
0.873,1.511
0.567,-1.117
0.475,-1.88
-0.195,0.044
-0.178,-2.26
-0.621,-1.272
-2.087,-2.107
-2.568,-0.11
2.882,1.199
2.588,0.475
2.132,-1.394
1.659,-1.733
3.12,-2.661
3.062,1.778
1.213,1.545
1.189,-0.652
1.042,-0.97
1.122,-1.109
1.054,1.45
0.941,-1.283
0.812,1.047
0.933,-2.226
0.86,0.668
0.838,-0.785
0.836,0.556
0.775,0.184
0.683,0.659
0.572,0.501
0.663,-0.614
0.464,1.35
0.421,-0.748
0.361,-1.528
0.34,0.567
0.19,-2.447
0.13,-0.392
0.225,-0.542
0.115,-2.172
0.004,-0.008
0.009,-0.397
-0.305,0.24
-0.192,1.238
-0.314,-0.491
-0.334,1.437
-0.393,1.347
-0.499,-0.822
-0.567,0.162
-0.584,-0.643
-0.818,1.488
-0.798,-2.332
-0.812,-2.126
-1.039,1.237
-0.949,-1.872
-1.147,-2.248
-1.307,-0.277
-1.304,-1.062
-1.244,-1.281
-1.256,-2.43
-1.305,0.374
-1.333,-1.33
-1.478,-0.917
-1.476,1.363
-1.431,-1.378
-1.882,-1.928
-1.753,-1.36
-1.858,-0.146
-1.854,-1.141
-1.98,-2.08
-1.887,1.076
-1.97,-0.899
-2.009,0.903
-2.188,-0.465
-2.231,-0.483
-2.231,1.371
-2.168,0.746
-2.319,-1.314
-2.324,-1.329
-2.191,-1.769
-2.348,-0.612
-2.24,1.477
-2.254,0.336
-2.389,-1.975
-2.273,0.241
-2.29,0.413
-2.278,-1.374
-2.378,-1.223
-2.487,-0.122
-2.557,0.643
-2.48,-2.418
-2.491,-0.035
-2.613,1.524
-2.66,-0.406
-2.549,-2.133
-2.627,-0.603
-2.689,-0.883
-2.876,1.189
-2.841,-2.302
-2.872,0.902
-3.006,-1.836
-2.909,-1.137
-3.021,0.304
-2.948,-2.119
-3.121,-0.117
3.122,-2.259
-3.043,0.372
3.104,-2.211
3.042,-2.187
2.906,-0.077
3.018,-1.046
2.895,-2.31
2.942,-2.462
2.938,-2.185
2.9,-1.11
2.736,0.484
2.565,1.178
2.454,-0.719
2.436,-0.995
2.43,-0.951
2.432,-0.007
2.426,-0.06
2.404,-0.125
2.297,-0.293
2.265,-1.694
2.23,-0.201
2.167,-1.782
2.125,-0.985
2.067,-0.484
1.756,-1.153
1.861,-1.118
1.59,-1.04
1.712,-0.706
1.661,-1.325
1.538,-2.315
1.345,1.341
1.469,-0.432
1.321,-0.208
1.311,-2.143
1.393,1.008
1.226,-1.616
1.223,0.449
1.21,1.053
1.113,-0.384
1.204,-0.791
0.916,-2.668
0.446,-2.437
0.213,-2.719
-0.102,-2.775
-0.22,-2.724
-0.63,-2.52
-1.265,-2.787
-1.742,-2.731
-1.936,-2.582
2.683,-2.396
2.483,-2.683
2.446,-2.792
2.154,-2.625
2.211,-2.6
1.108,-2.627
0.924,1.554
0.852,1.656
0.426,1.841
-0.034,1.761
-1.159,1.858
-1.528,1.555
-1.391,1.561
-1.749,1.598
-1.626,1.679
-1.861,1.896
-2.028,1.869
-2.15,1.596
-2.54,1.714
-2.685,1.631
-2.57,1.994
-2.563,1.712
-3.047,1.875
2.904,2.023
2.641,1.946
2.209,1.806
1.75,1.775
1.644,1.821
1.605,1.783
-1.822,-0.586
-2.27,-1.184
2.78,-2.351
2.518,-1.033
2.183,-0.348
-1.066,0.199
-2.538,0.943
1.664,-0.104
1.643,-0.305
1.587,0.039
1.365,-1.424
0.657,0.54
-0.323,-1.084
-0.418,-0.796
-0.567,-0.287
-0.302,-2.656
-2.322,-2.18
-2.541,1.663
1.977,1.239
1.889,1.472
1.661,1.399
1.736,1.218
2.635,1.383
3.105,1.83
0.061,-2.488
0.066,-2.466
0.037,0.557
0.041,1.387
-0.05,0.339
-0.009,-1.837
-0.028,-1.73
-0.134,1.221
-0.181,1.37
-0.111,-0.341
-0.153,-1.634
-0.228,-0.905
-0.154,-0.847
-0.258,0.99
-0.246,-1.641
-0.216,-1.167
-0.303,-1.125
-0.379,-1.026
-0.394,-0.947
-0.403,-0.367
-0.444,-1.353
-0.506,-1.315
-0.614,0.65
-0.709,-0.35
-0.822,-1.019
-0.762,0.6
-0.821,-1.376
-0.916,-1.861
-0.909,-1.716
-0.957,-0.18
-0.893,-0.572
-0.934,-0.629
-1.033,0.61
-1.03,-1.661
-1.095,-2.576
-1.124,-1.9
-1.08,-1.458
-1.135,-0.755
-1.254,0.456
-1.272,0.401
-1.288,0.853
-1.27,-0.557
-1.294,1.083
-1.363,-1.462
-1.38,1.37
-1.437,0.545
-1.473,-0.912
-1.461,-0.854
-1.54,-0.021
-1.607,-1.595
-1.638,-0.473
-1.646,-1.079
-1.587,-0.165
-1.702,-1.642
-1.63,0.688
-1.702,1.226
-1.783,-0.641
-1.791,0.215
-1.728,-0.423
-1.792,0.003
-1.85,-2.101
-1.84,0.27
-1.889,-2.216
-1.965,-2.437
-1.966,0.552
-1.986,-1.02
-2.051,-0.262
-2.02,-2.471
-2.028,-0.323
-2.027,-0.375
-2.042,1.062
-2.054,0.84
-2.058,-0.683
-2.076,-0.929
-2.156,-1.684
-2.149,-0.642
-2.149,-1.246
-2.088,-0.72
-2.153,-0.078
-2.193,0.441
-2.261,-0.839
-2.216,-1.14
-2.315,-2.328
-2.337,-1.444
-2.337,-2.177
-2.276,1.279
-2.316,-0.058
-2.393,0.912
-2.381,-0.846
-2.419,1.4
-2.44,-0.352
-2.387,-0.878
-2.401,0.203
-2.489,0.951
-2.501,1.051
-2.536,-1.653
-2.461,-1.3
-2.538,-1.914
-2.487,-0.239
-2.535,0.235
-2.561,-0.143
-2.63,-2.269
-2.626,-2.478
-2.635,-0.204
-2.682,0.289
-2.723,0.824
-2.659,-0.412
-2.722,-1.861
-2.737,-0.041
-2.831,1.276
-2.845,-1.14
-2.906,-0.827
-2.967,-0.863
-2.975,-1.348
-2.937,-0.272
-3.005,-0.591
-2.94,0.973
-2.982,0.652
-3.032,-2.42
-3.111,0.792
3.108,-1.72
3.117,-0.525
-3.134,0.434
3.082,-0.977
2.931,1.342
2.849,-1.591
2.833,-2.382
2.824,0.925
2.811,-2.199
2.728,-1.687
2.632,-0.502
2.663,-0.38
2.572,-0.561
2.602,1.234
2.545,-0.264
2.473,-1.03
2.463,0.521
2.449,-1.113
2.375,0.626
2.427,0.225
2.344,0.024
2.325,-1.08
2.313,-0.351
2.35,-0.866
2.312,-1.026
2.295,-1.24
2.237,-1.624
2.249,0.789
2.212,-0.481
2.222,-0.007
2.192,-2.517
2.174,-0.271
2.069,-0.457
2.035,-0.141
2.051,0.152
1.987,-0.858
1.851,-2.33
1.782,-1.42
1.745,-1.227
1.805,-1.049
1.783,-1.318
1.716,-2.439
1.689,-0.078
1.684,0.03
1.605,-0.856
1.635,-0.173
1.557,1.197
1.611,-0.717
1.631,0.294
1.552,-0.397
1.591,-2.539
1.546,-1.051
1.604,-2.115
1.565,-1.211
1.454,-1.413
1.447,-1.031
1.379,-1.084
1.432,-1.503
1.405,-0.88
1.352,-0.516
1.384,-1.11
1.401,-0.482
1.383,-2.398
1.368,-1.392
1.34,0.107
1.34,-0.822
1.342,-0.332
1.305,0.154
1.301,1.152
1.272,-2.477
0.576,-2.594
0.528,-2.531
-0.356,-2.672
-0.707,-2.633
-1.388,-2.765
-1.371,-2.626
-1.891,-2.868
-1.901,-2.612
-1.931,-2.663
-3.017,-2.86
2.725,-2.621
2.528,-2.841
1.966,-2.694
1.558,-2.996
1.191,1.768
1.152,1.66
0.969,1.493
0.53,1.547
0.54,1.813
0.091,1.856
-0.297,1.698
-0.534,1.478
-0.523,1.776
-1.132,1.724
-1.251,1.613
-1.376,1.534
-1.471,1.491
-2.0,1.661
-2.293,1.564
-2.504,1.721
-2.748,1.882
-2.829,1.594
2.704,1.905
2.463,1.454
2.182,1.59
1.76,1.616
1.652,1.666
1.663,1.544
1.293,1.773
0.987,1.396
0.681,-1.232
0.589,-1.995
-0.081,-0.071
-0.064,-2.375
-0.507,-1.387
-1.973,-2.222
-2.454,-0.225
2.996,1.084
2.702,0.36
2.246,-1.509
1.773,-1.848
-3.049,-2.776
-3.107,1.663
1.327,1.43
1.303,-0.767
1.156,-1.085
1.236,-1.224
1.168,1.335
1.055,-1.398
0.926,0.932
1.047,-2.341
0.974,0.553
0.952,-0.9
0.95,0.441
0.889,0.069
0.797,0.544
0.686,0.386
0.777,-0.729
0.578,1.235
0.535,-0.863
0.475,-1.643
0.454,0.452
0.304,-2.562
0.244,-0.507
0.339,-0.657
0.229,-2.287
0.118,-0.123
0.123,-0.512
-0.191,0.125
-0.078,1.123
-0.2,-0.606
-0.22,1.322
-0.279,1.232
-0.385,-0.937
-0.453,0.047
-0.47,-0.758
-0.704,1.373
-0.684,-2.447
-0.698,-2.241
-0.925,1.122
-0.835,-1.987
-1.033,-2.363
-1.193,-0.392
-1.19,-1.177
-1.13,-1.396
-1.142,-2.545
-1.191,0.259
-1.219,-1.445
-1.364,-1.032
-1.362,1.248
-1.317,-1.493
-1.768,-2.043
-1.639,-1.475
-1.744,-0.261
-1.74,-1.256
-1.866,-2.195
-1.773,0.961
-1.856,-1.014
-1.895,0.788
-2.074,-0.58
-2.117,-0.598
-2.117,1.256
-2.054,0.631
-2.205,-1.429
-2.21,-1.444
-2.077,-1.884
-2.234,-0.727
-2.126,1.362
-2.14,0.221
-2.275,-2.09
-2.159,0.126
-2.176,0.298
-2.164,-1.489
-2.264,-1.338
-2.373,-0.237
-2.443,0.528
-2.366,-2.533
-2.377,-0.15
-2.499,1.409
-2.546,-0.521
-2.435,-2.248
-2.513,-0.718
-2.575,-0.998
-2.762,1.074
-2.727,-2.417
-2.758,0.787
-2.892,-1.951
-2.795,-1.252
-2.907,0.189
-2.834,-2.234
-3.007,-0.232
-3.047,-2.374
-2.929,0.257
-3.065,-2.326
-3.127,-2.302
3.02,-0.192
3.132,-1.161
3.009,-2.425
3.056,-2.577
3.052,-2.3
3.014,-1.225
2.85,0.369
2.679,1.063
2.568,-0.834
2.55,-1.11
2.544,-1.066
2.546,-0.122
2.54,-0.175
2.518,-0.24
2.411,-0.408
2.379,-1.809
2.344,-0.316
2.281,-1.897
2.239,-1.1
2.181,-0.599
1.87,-1.268
1.975,-1.233
1.704,-1.155
1.826,-0.821
1.775,-1.44
1.652,-2.43
1.459,1.226
1.583,-0.547
1.435,-0.323
1.425,-2.258
1.507,0.893
1.34,-1.731
1.337,0.334
1.324,0.938
1.227,-0.499
1.318,-0.906
1.03,-2.783
0.56,-2.552
0.327,-2.834
0.012,-2.89
-0.106,-2.839
-0.516,-2.635
-1.151,-2.902
-1.628,-2.846
-1.822,-2.697
2.797,-2.511
2.597,-2.798
2.56,-2.907
2.268,-2.74
2.325,-2.715
1.222,-2.742
1.038,1.439
0.966,1.541
0.54,1.726
0.08,1.646
-1.045,1.743
-1.414,1.44
-1.277,1.446
-1.635,1.483
-1.512,1.564
-1.747,1.781
-1.914,1.754
-2.036,1.481
-2.426,1.599
-2.571,1.516
-2.456,1.879
-2.449,1.597
-2.933,1.76
3.018,1.908
2.755,1.831
2.323,1.691
1.864,1.66
1.758,1.706
1.719,1.668
-1.708,-0.701
-2.156,-1.299
2.894,-2.466
2.632,-1.148
2.297,-0.463
-0.952,0.084
-2.424,0.828
1.778,-0.219
1.757,-0.42
1.701,-0.076
1.479,-1.539
0.771,0.425
-0.209,-1.199
-0.304,-0.911
-0.453,-0.402
-0.188,-2.771
-2.208,-2.295
-2.427,1.548
2.091,1.124
2.003,1.357
1.775,1.284
1.85,1.103
2.749,1.268
-3.064,1.715
0.005,0.022
-0.024,3.045
-0.02,3.875
-0.111,2.827
-0.07,0.651
-0.089,0.758
-0.195,3.709
-0.242,3.858
-0.172,2.147
-0.214,0.854
-0.289,1.583
-0.215,1.641
-0.319,3.478
-0.307,0.847
-0.277,1.321
-0.364,1.363
-0.44,1.462
-0.455,1.541
-0.464,2.121
-0.505,1.135
-0.567,1.173
-0.675,3.138
-0.77,2.138
-0.883,1.469
-0.823,3.088
-0.882,1.112
-0.977,0.627
-0.97,0.772
-1.018,2.308
-0.954,1.916
-0.995,1.859
-1.094,3.098
-1.091,0.827
-1.156,-0.088
-1.185,0.588
-1.141,1.03
-1.196,1.733
-1.315,2.944
-1.333,2.889
-1.349,3.341
-1.331,1.931
-1.355,3.571
-1.424,1.026
-1.441,3.858
-1.498,3.033
-1.534,1.576
-1.522,1.634
-1.601,2.467
-1.668,0.893
-1.699,2.015
-1.707,1.409
-1.648,2.323
-1.763,0.846
-1.691,3.176
-1.763,3.714
-1.844,1.847
-1.852,2.703
-1.789,2.065
-1.853,2.491
-1.911,0.387
-1.901,2.758
-1.95,0.272
-2.026,0.051
-2.027,3.04
-2.047,1.468
-2.112,2.226
-2.081,0.017
-2.089,2.165
-2.088,2.113
-2.103,3.55
-2.115,3.328
-2.119,1.805
-2.137,1.559
-2.217,0.804
-2.21,1.846
-2.21,1.242
-2.149,1.768
-2.214,2.41
-2.254,2.929
-2.322,1.649
-2.277,1.348
-2.376,0.16
-2.398,1.044
-2.398,0.311
-2.337,3.767
-2.377,2.43
-2.454,3.4
-2.442,1.642
-2.48,3.888
-2.501,2.136
-2.448,1.61
-2.462,2.691
-2.55,3.439
-2.562,3.539
-2.597,0.835
-2.522,1.188
-2.599,0.574
-2.548,2.249
-2.596,2.723
-2.622,2.345
-2.691,0.219
-2.687,0.01
-2.696,2.284
-2.743,2.777
-2.784,3.312
-2.72,2.076
-2.783,0.627
-2.798,2.447
-2.892,3.764
-2.906,1.348
-2.967,1.661
-3.028,1.625
-3.036,1.14
-2.998,2.216
-3.066,1.897
-3.001,3.461
-3.043,3.14
-3.093,0.068
3.111,3.28
3.047,0.768
3.056,1.963
3.088,2.922
3.021,1.511
2.87,3.83
2.788,0.897
2.772,0.106
2.763,3.413
2.75,0.289
2.667,0.801
2.571,1.986
2.602,2.108
2.511,1.927
2.541,3.722
2.484,2.224
2.412,1.458
2.402,3.009
2.388,1.375
2.314,3.114
2.366,2.713
2.283,2.512
2.264,1.408
2.252,2.137
2.289,1.622
2.251,1.462
2.234,1.248
2.176,0.864
2.188,3.277
2.151,2.007
2.161,2.481
2.131,-0.029
2.113,2.217
2.008,2.031
1.974,2.347
1.99,2.64
1.926,1.63
1.79,0.158
1.721,1.068
1.684,1.261
1.744,1.439
1.722,1.17
1.655,0.049
1.628,2.41
1.623,2.518
1.544,1.632
1.574,2.315
1.496,3.685
1.55,1.771
1.57,2.782
1.491,2.091
1.53,-0.051
1.485,1.437
1.543,0.373
1.504,1.277
1.393,1.075
1.386,1.457
1.318,1.404
1.371,0.985
1.344,1.608
1.291,1.972
1.323,1.378
1.34,2.006
1.322,0.09
1.307,1.096
1.279,2.595
1.279,1.666
1.281,2.156
1.244,2.642
1.24,3.64
1.211,0.011
0.515,-0.106
0.467,-0.043
-0.417,-0.184
-0.768,-0.145
-1.449,-0.277
-1.432,-0.138
-1.952,-0.38
-1.962,-0.124
-1.992,-0.175
-3.078,-0.372
2.664,-0.133
2.467,-0.353
1.905,-0.206
1.497,-0.508
1.13,4.256
1.091,4.148
0.908,3.981
0.469,4.035
0.479,4.301
0.03,4.344
-0.358,4.186
-0.595,3.966
-0.584,4.264
-1.193,4.212
-1.312,4.101
-1.437,4.022
-1.532,3.979
-2.061,4.149
-2.354,4.052
-2.565,4.209
-2.809,4.37
-2.89,4.082
2.643,4.393
2.402,3.942
2.121,4.078
1.699,4.104
1.591,4.154
1.602,4.032
1.232,4.261
0.926,3.884
0.62,1.256
0.528,0.493
-0.142,2.417
-0.125,0.113
-0.568,1.101
-2.034,0.266
-2.515,2.263
2.935,3.572
2.641,2.848
2.185,0.979
1.712,0.64
-3.11,-0.288
3.115,4.151
1.266,3.918
1.242,1.721
1.095,1.403
1.175,1.264
1.107,3.823
0.994,1.09
0.865,3.42
0.986,0.147
0.913,3.041
0.891,1.588
0.889,2.929
0.828,2.557
0.736,3.032
0.625,2.874
0.716,1.759
0.517,3.723
0.474,1.625
0.414,0.845
0.393,2.94
0.243,-0.074
0.183,1.981
0.278,1.831
0.168,0.201
0.057,2.365
0.062,1.976
-0.252,2.613
-0.139,3.611
-0.261,1.882
-0.281,3.81
-0.34,3.72
-0.446,1.551
-0.514,2.535
-0.531,1.73
-0.765,3.861
-0.745,0.041
-0.759,0.247
-0.986,3.61
-0.896,0.501
-1.094,0.125
-1.254,2.096
-1.251,1.311
-1.191,1.092
-1.203,-0.057
-1.252,2.747
-1.28,1.043
-1.425,1.456
-1.423,3.736
-1.378,0.995
-1.829,0.445
-1.7,1.013
-1.805,2.227
-1.801,1.232
-1.927,0.293
-1.834,3.449
-1.917,1.474
-1.956,3.276
-2.135,1.908
-2.178,1.89
-2.178,3.744
-2.115,3.119
-2.266,1.059
-2.271,1.044
-2.138,0.604
-2.295,1.761
-2.187,3.85
-2.201,2.709
-2.336,0.398
-2.22,2.614
-2.237,2.786
-2.225,0.999
-2.325,1.15
-2.434,2.251
-2.504,3.016
-2.427,-0.045
-2.438,2.338
-2.56,3.897
-2.607,1.967
-2.496,0.24
-2.574,1.77
-2.636,1.49
-2.823,3.562
-2.788,0.071
-2.819,3.275
-2.953,0.537
-2.856,1.236
-2.968,2.677
-2.895,0.254
-3.068,2.256
-3.108,0.114
-2.99,2.745
-3.126,0.162
3.095,0.186
2.959,2.296
3.071,1.327
2.948,0.063
2.995,-0.089
2.991,0.188
2.953,1.263
2.789,2.857
2.618,3.551
2.507,1.654
2.489,1.378
2.483,1.422
2.485,2.366
2.479,2.313
2.457,2.248
2.35,2.08
2.318,0.679
2.283,2.172
2.22,0.591
2.178,1.388
2.12,1.889
1.809,1.22
1.914,1.255
1.643,1.333
1.765,1.667
1.714,1.048
1.591,0.058
1.398,3.714
1.522,1.941
1.374,2.165
1.364,0.23
1.446,3.381
1.279,0.757
1.276,2.822
1.263,3.426
1.166,1.989
1.257,1.582
0.969,-0.295
0.499,-0.064
0.266,-0.346
-0.049,-0.402
-0.167,-0.351
-0.577,-0.147
-1.212,-0.414
-1.689,-0.358
-1.883,-0.209
2.736,-0.023
2.536,-0.31
2.499,-0.419
2.207,-0.252
2.264,-0.227
1.161,-0.254
0.977,3.927
0.905,4.029
0.479,4.214
0.019,4.134
-1.106,4.231
-1.475,3.928
-1.338,3.934
-1.696,3.971
-1.573,4.052
-1.808,4.269
-1.975,4.242
-2.097,3.969
-2.487,4.087
-2.632,4.004
-2.517,4.367
-2.51,4.085
-2.994,4.248
2.957,4.396
2.694,4.319
2.262,4.179
1.803,4.148
1.697,4.194
1.658,4.156
-1.769,1.787
-2.217,1.189
2.833,0.022
2.571,1.34
2.236,2.025
-1.013,2.572
-2.485,3.316
1.717,2.269
1.696,2.068
1.64,2.412
1.418,0.949
0.71,2.913
-0.27,1.289
-0.365,1.577
-0.514,2.086
-0.249,-0.283
-2.269,0.193
-2.488,4.036
2.03,3.612
1.942,3.845
1.714,3.772
1.789,3.591
2.688,3.756
-3.125,4.203
-0.029,3.023
-0.025,3.853
-0.116,2.805
-0.075,0.629
-0.094,0.736
-0.2,3.687
-0.247,3.836
-0.177,2.125
-0.219,0.832
-0.294,1.561
-0.22,1.619
-0.324,3.456
-0.312,0.825
-0.282,1.299
-0.369,1.341
-0.445,1.44
-0.46,1.519
-0.469,2.099
-0.51,1.113
-0.572,1.151
-0.68,3.116
-0.775,2.116
-0.888,1.447
-0.828,3.066
-0.887,1.09
-0.982,0.605
-0.975,0.75
-1.023,2.286
-0.959,1.894
-1.0,1.837
-1.099,3.076
-1.096,0.805
-1.161,-0.11
-1.19,0.566
-1.146,1.008
-1.201,1.711
-1.32,2.922
-1.338,2.867
-1.354,3.319
-1.336,1.909
-1.36,3.549
-1.429,1.004
-1.446,3.836
-1.503,3.011
-1.539,1.554
-1.527,1.612
-1.606,2.445
-1.673,0.871
-1.704,1.993
-1.712,1.387
-1.653,2.301
-1.768,0.824
-1.696,3.154
-1.768,3.692
-1.849,1.825
-1.857,2.681
-1.794,2.043
-1.858,2.469
-1.916,0.365
-1.906,2.736
-1.955,0.25
-2.031,0.029
-2.032,3.018
-2.052,1.446
-2.117,2.204
-2.086,-0.005
-2.094,2.143
-2.093,2.091
-2.108,3.528
-2.12,3.306
-2.124,1.783
-2.142,1.537
-2.222,0.782
-2.215,1.824
-2.215,1.22
-2.154,1.746
-2.219,2.388
-2.259,2.907
-2.327,1.627
-2.282,1.326
-2.381,0.138
-2.403,1.022
-2.403,0.289
-2.342,3.745
-2.382,2.408
-2.459,3.378
-2.447,1.62
-2.485,3.866
-2.506,2.114
-2.453,1.588
-2.467,2.669
-2.555,3.417
-2.567,3.517
-2.602,0.813
-2.527,1.166
-2.604,0.552
-2.553,2.227
-2.601,2.701
-2.627,2.323
-2.696,0.197
-2.692,-0.012
-2.701,2.262
-2.748,2.755
-2.789,3.29
-2.725,2.054
-2.788,0.605
-2.803,2.425
-2.897,3.742
-2.911,1.326
-2.972,1.639
-3.033,1.603
-3.041,1.118
-3.003,2.194
-3.071,1.875
-3.006,3.439
-3.048,3.118
-3.098,0.046
3.106,3.258
3.042,0.746
3.051,1.941
3.083,2.9
3.016,1.489
2.865,3.808
2.783,0.875
2.767,0.084
2.758,3.391
2.745,0.267
2.662,0.779
2.566,1.964
2.597,2.086
2.506,1.905
2.536,3.7
2.479,2.202
2.407,1.436
2.397,2.987
2.383,1.353
2.309,3.092
2.361,2.691
2.278,2.49
2.259,1.386
2.247,2.115
2.284,1.6
2.246,1.44
2.229,1.226
2.171,0.842
2.183,3.255
2.146,1.985
2.156,2.459
2.126,-0.051
2.108,2.195
2.003,2.009
1.969,2.325
1.985,2.618
1.921,1.608
1.785,0.136
1.716,1.046
1.679,1.239
1.739,1.417
1.717,1.148
1.65,0.027
1.623,2.388
1.618,2.496
1.539,1.61
1.569,2.293
1.491,3.663
1.545,1.749
1.565,2.76
1.486,2.069
1.525,-0.073
1.48,1.415
1.538,0.351
1.499,1.255
1.388,1.053
1.381,1.435
1.313,1.382
1.366,0.963
1.339,1.586
1.286,1.95
1.318,1.356
1.335,1.984
1.317,0.068
1.302,1.074
1.274,2.573
1.274,1.644
1.276,2.134
1.239,2.62
1.235,3.618
1.206,-0.011
0.51,-0.128
0.462,-0.065
-0.422,-0.206
-0.773,-0.167
-1.454,-0.299
-1.437,-0.16
-1.957,-0.402
-1.967,-0.146
-1.997,-0.197
-3.083,-0.394
2.659,-0.155
2.462,-0.375
1.9,-0.228
1.492,-0.53
1.125,4.234
1.086,4.126
0.903,3.959
0.464,4.013
0.474,4.279
0.025,4.322
-0.363,4.164
-0.6,3.944
-0.589,4.242
-1.198,4.19
-1.317,4.079
-1.442,4.0
-1.537,3.957
-2.066,4.127
-2.359,4.03
-2.57,4.187
-2.814,4.348
-2.895,4.06
2.638,4.371
2.397,3.92
2.116,4.056
1.694,4.082
1.586,4.132
1.597,4.01
1.227,4.239
0.921,3.862
0.615,1.234
0.523,0.471
-0.147,2.395
-0.13,0.091
-0.573,1.079
-2.039,0.244
-2.52,2.241
2.93,3.55
2.636,2.826
2.18,0.957
1.707,0.618
-3.115,-0.31
3.11,4.129
1.261,3.896
1.237,1.699
1.09,1.381
1.17,1.242
1.102,3.801
0.989,1.068
0.86,3.398
0.981,0.125
0.908,3.019
0.886,1.566
0.884,2.907
0.823,2.535
0.731,3.01
0.62,2.852
0.711,1.737
0.512,3.701
0.469,1.603
0.409,0.823
0.388,2.918
0.238,-0.096
0.178,1.959
0.273,1.809
0.163,0.179
0.052,2.343
0.057,1.954
-0.257,2.591
-0.144,3.589
-0.266,1.86
-0.286,3.788
-0.345,3.698
-0.451,1.529
-0.519,2.513
-0.536,1.708
-0.77,3.839
-0.75,0.019
-0.764,0.225
-0.991,3.588
-0.901,0.479
-1.099,0.103
-1.259,2.074
-1.256,1.289
-1.196,1.07
-1.208,-0.079
-1.257,2.725
-1.285,1.021
-1.43,1.434
-1.428,3.714
-1.383,0.973
-1.834,0.423
-1.705,0.991
-1.81,2.205
-1.806,1.21
-1.932,0.271
-1.839,3.427
-1.922,1.452
-1.961,3.254
-2.14,1.886
-2.183,1.868
-2.183,3.722
-2.12,3.097
-2.271,1.037
-2.276,1.022
-2.143,0.582
-2.3,1.739
-2.192,3.828
-2.206,2.687
-2.341,0.376
-2.225,2.592
-2.242,2.764
-2.23,0.977
-2.33,1.128
-2.439,2.229
-2.509,2.994
-2.432,-0.067
-2.443,2.316
-2.565,3.875
-2.612,1.945
-2.501,0.218
-2.579,1.748
-2.641,1.468
-2.828,3.54
-2.793,0.049
-2.824,3.253
-2.958,0.515
-2.861,1.214
-2.973,2.655
-2.9,0.232
-3.073,2.234
-3.113,0.092
-2.995,2.723
-3.131,0.14
3.09,0.164
2.954,2.274
3.066,1.305
2.943,0.041
2.99,-0.111
2.986,0.166
2.948,1.241
2.784,2.835
2.613,3.529
2.502,1.632
2.484,1.356
2.478,1.4
2.48,2.344
2.474,2.291
2.452,2.226
2.345,2.058
2.313,0.657
2.278,2.15
2.215,0.569
2.173,1.366
2.115,1.867
1.804,1.198
1.909,1.233
1.638,1.311
1.76,1.645
1.709,1.026
1.586,0.036
1.393,3.692
1.517,1.919
1.369,2.143
1.359,0.208
1.441,3.359
1.274,0.735
1.271,2.8
1.258,3.404
1.161,1.967
1.252,1.56
0.964,-0.317
0.494,-0.086
0.261,-0.368
-0.054,-0.424
-0.172,-0.373
-0.582,-0.169
-1.217,-0.436
-1.694,-0.38
-1.888,-0.231
2.731,-0.045
2.531,-0.332
2.494,-0.441
2.202,-0.274
2.259,-0.249
1.156,-0.276
0.972,3.905
0.9,4.007
0.474,4.192
0.014,4.112
-1.111,4.209
-1.48,3.906
-1.343,3.912
-1.701,3.949
-1.578,4.03
-1.813,4.247
-1.98,4.22
-2.102,3.947
-2.492,4.065
-2.637,3.982
-2.522,4.345
-2.515,4.063
-2.999,4.226
2.952,4.374
2.689,4.297
2.257,4.157
1.798,4.126
1.692,4.172
1.653,4.134
-1.774,1.765
-2.222,1.167
2.828,0.0
2.566,1.318
2.231,2.003
-1.018,2.55
-2.49,3.294
1.712,2.247
1.691,2.046
1.635,2.39
1.413,0.927
0.705,2.891
-0.275,1.267
-0.37,1.555
-0.519,2.064
-0.254,-0.305
-2.274,0.171
-2.493,4.014
2.025,3.59
1.937,3.823
1.709,3.75
1.784,3.569
2.683,3.734
-3.13,4.181
0.004,0.83
-0.087,-0.218
-0.046,-2.394
-0.065,-2.287
-0.171,0.664
-0.218,0.813
-0.148,-0.898
-0.19,-2.191
-0.265,-1.462
-0.191,-1.404
-0.295,0.433
-0.283,-2.198
-0.253,-1.724
-0.34,-1.682
-0.416,-1.583
-0.431,-1.504
-0.44,-0.924
-0.481,-1.91
-0.543,-1.872
-0.651,0.093
-0.746,-0.907
-0.859,-1.576
-0.799,0.043
-0.858,-1.933
-0.953,-2.418
-0.946,-2.273
-0.994,-0.737
-0.93,-1.129
-0.971,-1.186
-1.07,0.053
-1.067,-2.218
-1.132,-3.133
-1.161,-2.457
-1.117,-2.015
-1.172,-1.312
-1.291,-0.101
-1.309,-0.156
-1.325,0.296
-1.307,-1.114
-1.331,0.526
-1.4,-2.019
-1.417,0.813
-1.474,-0.012
-1.51,-1.469
-1.498,-1.411
-1.577,-0.578
-1.644,-2.152
-1.675,-1.03
-1.683,-1.636
-1.624,-0.722
-1.739,-2.199
-1.667,0.131
-1.739,0.669
-1.82,-1.198
-1.828,-0.342
-1.765,-0.98
-1.829,-0.554
-1.887,-2.658
-1.877,-0.287
-1.926,-2.773
-2.002,-2.994
-2.003,-0.005
-2.023,-1.577
-2.088,-0.819
-2.057,-3.028
-2.065,-0.88
-2.064,-0.932
-2.079,0.505
-2.091,0.283
-2.095,-1.24
-2.113,-1.486
-2.193,-2.241
-2.186,-1.199
-2.186,-1.803
-2.125,-1.277
-2.19,-0.635
-2.23,-0.116
-2.298,-1.396
-2.253,-1.697
-2.352,-2.885
-2.374,-2.001
-2.374,-2.734
-2.313,0.722
-2.353,-0.615
-2.43,0.355
-2.418,-1.403
-2.456,0.843
-2.477,-0.909
-2.424,-1.435
-2.438,-0.354
-2.526,0.394
-2.538,0.494
-2.573,-2.21
-2.498,-1.857
-2.575,-2.471
-2.524,-0.796
-2.572,-0.322
-2.598,-0.7
-2.667,-2.826
-2.663,-3.035
-2.672,-0.761
-2.719,-0.268
-2.76,0.267
-2.696,-0.969
-2.759,-2.418
-2.774,-0.598
-2.868,0.719
-2.882,-1.697
-2.943,-1.384
-3.004,-1.42
-3.012,-1.905
-2.974,-0.829
-3.042,-1.148
-2.977,0.416
-3.019,0.095
-3.069,-2.977
3.135,0.235
3.071,-2.277
3.08,-1.082
3.112,-0.123
3.045,-1.534
2.894,0.785
2.812,-2.148
2.796,-2.939
2.787,0.368
2.774,-2.756
2.691,-2.244
2.595,-1.059
2.626,-0.937
2.535,-1.118
2.565,0.677
2.508,-0.821
2.436,-1.587
2.426,-0.036
2.412,-1.67
2.338,0.069
2.39,-0.332
2.307,-0.533
2.288,-1.637
2.276,-0.908
2.313,-1.423
2.275,-1.583
2.258,-1.797
2.2,-2.181
2.212,0.232
2.175,-1.038
2.185,-0.564
2.155,-3.074
2.137,-0.828
2.032,-1.014
1.998,-0.698
2.014,-0.405
1.95,-1.415
1.814,-2.887
1.745,-1.977
1.708,-1.784
1.768,-1.606
1.746,-1.875
1.679,-2.996
1.652,-0.635
1.647,-0.527
1.568,-1.413
1.598,-0.73
1.52,0.64
1.574,-1.274
1.594,-0.263
1.515,-0.954
1.554,-3.096
1.509,-1.608
1.567,-2.672
1.528,-1.768
1.417,-1.97
1.41,-1.588
1.342,-1.641
1.395,-2.06
1.368,-1.437
1.315,-1.073
1.347,-1.667
1.364,-1.039
1.346,-2.955
1.331,-1.949
1.303,-0.45
1.303,-1.379
1.305,-0.889
1.268,-0.403
1.264,0.595
1.235,-3.034
0.539,-3.151
0.491,-3.088
-0.393,-3.229
-0.744,-3.19
-1.425,-3.322
-1.408,-3.183
-1.928,-3.425
-1.938,-3.169
-1.968,-3.22
-3.054,-3.417
2.688,-3.178
2.491,-3.398
1.929,-3.251
1.521,-3.553
1.154,1.211
1.115,1.103
0.932,0.936
0.493,0.99
0.503,1.256
0.054,1.299
-0.334,1.141
-0.571,0.921
-0.56,1.219
-1.169,1.167
-1.288,1.056
-1.413,0.977
-1.508,0.934
-2.037,1.104
-2.33,1.007
-2.541,1.164
-2.785,1.325
-2.866,1.037
2.667,1.348
2.426,0.897
2.145,1.033
1.723,1.059
1.615,1.109
1.626,0.987
1.256,1.216
0.95,0.839
0.644,-1.789
0.552,-2.552
-0.118,-0.628
-0.101,-2.932
-0.544,-1.944
-2.01,-2.779
-2.491,-0.782
2.959,0.527
2.665,-0.197
2.209,-2.066
1.736,-2.405
-3.086,-3.333
3.139,1.106
1.29,0.873
1.266,-1.324
1.119,-1.642
1.199,-1.781
1.131,0.778
1.018,-1.955
0.889,0.375
1.01,-2.898
0.937,-0.004
0.915,-1.457
0.913,-0.116
0.852,-0.488
0.76,-0.013
0.649,-0.171
0.74,-1.286
0.541,0.678
0.498,-1.42
0.438,-2.2
0.417,-0.105
0.267,-3.119
0.207,-1.064
0.302,-1.214
0.192,-2.844
0.081,-0.68
0.086,-1.069
-0.228,-0.432
-0.115,0.566
-0.237,-1.163
-0.257,0.765
-0.316,0.675
-0.422,-1.494
-0.49,-0.51
-0.507,-1.315
-0.741,0.816
-0.721,-3.004
-0.735,-2.798
-0.962,0.565
-0.872,-2.544
-1.07,-2.92
-1.23,-0.949
-1.227,-1.734
-1.167,-1.953
-1.179,-3.102
-1.228,-0.298
-1.256,-2.002
-1.401,-1.589
-1.399,0.691
-1.354,-2.05
-1.805,-2.6
-1.676,-2.032
-1.781,-0.818
-1.777,-1.813
-1.903,-2.752
-1.81,0.404
-1.893,-1.571
-1.932,0.231
-2.111,-1.137
-2.154,-1.155
-2.154,0.699
-2.091,0.074
-2.242,-1.986
-2.247,-2.001
-2.114,-2.441
-2.271,-1.284
-2.163,0.805
-2.177,-0.336
-2.312,-2.647
-2.196,-0.431
-2.213,-0.259
-2.201,-2.046
-2.301,-1.895
-2.41,-0.794
-2.48,-0.029
-2.403,-3.09
-2.414,-0.707
-2.536,0.852
-2.583,-1.078
-2.472,-2.805
-2.55,-1.275
-2.612,-1.555
-2.799,0.517
-2.764,-2.974
-2.795,0.23
-2.929,-2.508
-2.832,-1.809
-2.944,-0.368
-2.871,-2.791
-3.044,-0.789
-3.084,-2.931
-2.966,-0.3
-3.102,-2.883
3.119,-2.859
2.983,-0.749
3.095,-1.718
2.972,-2.982
3.019,-3.134
3.015,-2.857
2.977,-1.782
2.813,-0.188
2.642,0.506
2.531,-1.391
2.513,-1.667
2.507,-1.623
2.509,-0.679
2.503,-0.732
2.481,-0.797
2.374,-0.965
2.342,-2.366
2.307,-0.873
2.244,-2.454
2.202,-1.657
2.144,-1.156
1.833,-1.825
1.938,-1.79
1.667,-1.712
1.789,-1.378
1.738,-1.997
1.615,-2.987
1.422,0.669
1.546,-1.104
1.398,-0.88
1.388,-2.815
1.47,0.336
1.303,-2.288
1.3,-0.223
1.287,0.381
1.19,-1.056
1.281,-1.463
0.993,-3.34
0.523,-3.109
0.29,-3.391
-0.025,-3.447
-0.143,-3.396
-0.553,-3.192
-1.188,-3.459
-1.665,-3.403
-1.859,-3.254
2.76,-3.068
2.56,-3.355
2.523,-3.464
2.231,-3.297
2.288,-3.272
1.185,-3.299
1.001,0.882
0.929,0.984
0.503,1.169
0.043,1.089
-1.082,1.186
-1.451,0.883
-1.314,0.889
-1.672,0.926
-1.549,1.007
-1.784,1.224
-1.951,1.197
-2.073,0.924
-2.463,1.042
-2.608,0.959
-2.493,1.322
-2.486,1.04
-2.97,1.203
2.981,1.351
2.718,1.274
2.286,1.134
1.827,1.103
1.721,1.149
1.682,1.111
-1.745,-1.258
-2.193,-1.856
2.857,-3.023
2.595,-1.705
2.26,-1.02
-0.989,-0.473
-2.461,0.271
1.741,-0.776
1.72,-0.977
1.664,-0.633
1.442,-2.096
0.734,-0.132
-0.246,-1.756
-0.341,-1.468
-0.49,-0.959
-0.225,-3.328
-2.245,-2.852
-2.464,0.991
2.054,0.567
1.966,0.8
1.738,0.727
1.813,0.546
2.712,0.711
-3.101,1.158
-0.091,-1.048
-0.05,-3.224
-0.069,-3.117
-0.175,-0.166
-0.222,-0.017
-0.152,-1.728
-0.194,-3.021
-0.269,-2.292
-0.195,-2.234
-0.299,-0.397
-0.287,-3.028
-0.257,-2.554
-0.344,-2.512
-0.42,-2.413
-0.435,-2.334
-0.444,-1.754
-0.485,-2.74
-0.547,-2.702
-0.655,-0.737
-0.75,-1.737
-0.863,-2.406
-0.803,-0.787
-0.862,-2.763
-0.957,-3.248
-0.95,-3.103
-0.998,-1.567
-0.934,-1.959
-0.975,-2.016
-1.074,-0.777
-1.071,-3.048
-1.136,-3.963
-1.165,-3.287
-1.121,-2.845
-1.176,-2.142
-1.295,-0.931
-1.313,-0.986
-1.329,-0.534
-1.311,-1.944
-1.335,-0.304
-1.404,-2.849
-1.421,-0.017
-1.478,-0.842
-1.514,-2.299
-1.502,-2.241
-1.581,-1.408
-1.648,-2.982
-1.679,-1.86
-1.687,-2.466
-1.628,-1.552
-1.743,-3.029
-1.671,-0.699
-1.743,-0.161
-1.824,-2.028
-1.832,-1.172
-1.769,-1.81
-1.833,-1.384
-1.891,-3.488
-1.881,-1.117
-1.93,-3.603
-2.006,-3.824
-2.007,-0.835
-2.027,-2.407
-2.092,-1.649
-2.061,-3.858
-2.069,-1.71
-2.068,-1.762
-2.083,-0.325
-2.095,-0.547
-2.099,-2.07
-2.117,-2.316
-2.197,-3.071
-2.19,-2.029
-2.19,-2.633
-2.129,-2.107
-2.194,-1.465
-2.234,-0.946
-2.302,-2.226
-2.257,-2.527
-2.356,-3.715
-2.378,-2.831
-2.378,-3.564
-2.317,-0.108
-2.357,-1.445
-2.434,-0.475
-2.422,-2.233
-2.46,0.013
-2.481,-1.739
-2.428,-2.265
-2.442,-1.184
-2.53,-0.436
-2.542,-0.336
-2.577,-3.04
-2.502,-2.687
-2.579,-3.301
-2.528,-1.626
-2.576,-1.152
-2.602,-1.53
-2.671,-3.656
-2.667,-3.865
-2.676,-1.591
-2.723,-1.098
-2.764,-0.563
-2.7,-1.799
-2.763,-3.248
-2.778,-1.428
-2.872,-0.111
-2.886,-2.527
-2.947,-2.214
-3.008,-2.25
-3.016,-2.735
-2.978,-1.659
-3.046,-1.978
-2.981,-0.414
-3.023,-0.735
-3.073,-3.807
3.131,-0.595
3.067,-3.107
3.076,-1.912
3.108,-0.953
3.041,-2.364
2.89,-0.045
2.808,-2.978
2.792,-3.769
2.783,-0.462
2.77,-3.586
2.687,-3.074
2.591,-1.889
2.622,-1.767
2.531,-1.948
2.561,-0.153
2.504,-1.651
2.432,-2.417
2.422,-0.866
2.408,-2.5
2.334,-0.761
2.386,-1.162
2.303,-1.363
2.284,-2.467
2.272,-1.738
2.309,-2.253
2.271,-2.413
2.254,-2.627
2.196,-3.011
2.208,-0.598
2.171,-1.868
2.181,-1.394
2.151,-3.904
2.133,-1.658
2.028,-1.844
1.994,-1.528
2.01,-1.235
1.946,-2.245
1.81,-3.717
1.741,-2.807
1.704,-2.614
1.764,-2.436
1.742,-2.705
1.675,-3.826
1.648,-1.465
1.643,-1.357
1.564,-2.243
1.594,-1.56
1.516,-0.19
1.57,-2.104
1.59,-1.093
1.511,-1.784
1.55,-3.926
1.505,-2.438
1.563,-3.502
1.524,-2.598
1.413,-2.8
1.406,-2.418
1.338,-2.471
1.391,-2.89
1.364,-2.267
1.311,-1.903
1.343,-2.497
1.36,-1.869
1.342,-3.785
1.327,-2.779
1.299,-1.28
1.299,-2.209
1.301,-1.719
1.264,-1.233
1.26,-0.235
1.231,-3.864
0.535,-3.981
0.487,-3.918
-0.397,-4.059
-0.748,-4.02
-1.429,-4.152
-1.412,-4.013
-1.932,-4.255
-1.942,-3.999
-1.972,-4.05
-3.058,-4.247
2.684,-4.008
2.487,-4.228
1.925,-4.081
1.517,-4.383
1.15,0.381
1.111,0.273
0.928,0.106
0.489,0.16
0.499,0.426
0.05,0.469
-0.338,0.311
-0.575,0.091
-0.564,0.389
-1.173,0.337
-1.292,0.226
-1.417,0.147
-1.512,0.104
-2.041,0.274
-2.334,0.177
-2.545,0.334
-2.789,0.495
-2.87,0.207
2.663,0.518
2.422,0.067
2.141,0.203
1.719,0.229
1.611,0.279
1.622,0.157
1.252,0.386
0.946,0.009
0.64,-2.619
0.548,-3.382
-0.122,-1.458
-0.105,-3.762
-0.548,-2.774
-2.014,-3.609
-2.495,-1.612
2.955,-0.303
2.661,-1.027
2.205,-2.896
1.732,-3.235
-3.09,-4.163
3.135,0.276
1.286,0.043
1.262,-2.154
1.115,-2.472
1.195,-2.611
1.127,-0.052
1.014,-2.785
0.885,-0.455
1.006,-3.728
0.933,-0.834
0.911,-2.287
0.909,-0.946
0.848,-1.318
0.756,-0.843
0.645,-1.001
0.736,-2.116
0.537,-0.152
0.494,-2.25
0.434,-3.03
0.413,-0.935
0.263,-3.949
0.203,-1.894
0.298,-2.044
0.188,-3.674
0.077,-1.51
0.082,-1.899
-0.232,-1.262
-0.119,-0.264
-0.241,-1.993
-0.261,-0.065
-0.32,-0.155
-0.426,-2.324
-0.494,-1.34
-0.511,-2.145
-0.745,-0.014
-0.725,-3.834
-0.739,-3.628
-0.966,-0.265
-0.876,-3.374
-1.074,-3.75
-1.234,-1.779
-1.231,-2.564
-1.171,-2.783
-1.183,-3.932
-1.232,-1.128
-1.26,-2.832
-1.405,-2.419
-1.403,-0.139
-1.358,-2.88
-1.809,-3.43
-1.68,-2.862
-1.785,-1.648
-1.781,-2.643
-1.907,-3.582
-1.814,-0.426
-1.897,-2.401
-1.936,-0.599
-2.115,-1.967
-2.158,-1.985
-2.158,-0.131
-2.095,-0.756
-2.246,-2.816
-2.251,-2.831
-2.118,-3.271
-2.275,-2.114
-2.167,-0.025
-2.181,-1.166
-2.316,-3.477
-2.2,-1.261
-2.217,-1.089
-2.205,-2.876
-2.305,-2.725
-2.414,-1.624
-2.484,-0.859
-2.407,-3.92
-2.418,-1.537
-2.54,0.022
-2.587,-1.908
-2.476,-3.635
-2.554,-2.105
-2.616,-2.385
-2.803,-0.313
-2.768,-3.804
-2.799,-0.6
-2.933,-3.338
-2.836,-2.639
-2.948,-1.198
-2.875,-3.621
-3.048,-1.619
-3.088,-3.761
-2.97,-1.13
-3.106,-3.713
3.115,-3.689
2.979,-1.579
3.091,-2.548
2.968,-3.812
3.015,-3.964
3.011,-3.687
2.973,-2.612
2.809,-1.018
2.638,-0.324
2.527,-2.221
2.509,-2.497
2.503,-2.453
2.505,-1.509
2.499,-1.562
2.477,-1.627
2.37,-1.795
2.338,-3.196
2.303,-1.703
2.24,-3.284
2.198,-2.487
2.14,-1.986
1.829,-2.655
1.934,-2.62
1.663,-2.542
1.785,-2.208
1.734,-2.827
1.611,-3.817
1.418,-0.161
1.542,-1.934
1.394,-1.71
1.384,-3.645
1.466,-0.494
1.299,-3.118
1.296,-1.053
1.283,-0.449
1.186,-1.886
1.277,-2.293
0.989,-4.17
0.519,-3.939
0.286,-4.221
-0.029,-4.277
-0.147,-4.226
-0.557,-4.022
-1.192,-4.289
-1.669,-4.233
-1.863,-4.084
2.756,-3.898
2.556,-4.185
2.519,-4.294
2.227,-4.127
2.284,-4.102
1.181,-4.129
0.997,0.052
0.925,0.154
0.499,0.339
0.039,0.259
-1.086,0.356
-1.455,0.053
-1.318,0.059
-1.676,0.096
-1.553,0.177
-1.788,0.394
-1.955,0.367
-2.077,0.094
-2.467,0.212
-2.612,0.129
-2.497,0.492
-2.49,0.21
-2.974,0.373
2.977,0.521
2.714,0.444
2.282,0.304
1.823,0.273
1.717,0.319
1.678,0.281
-1.749,-2.088
-2.197,-2.686
2.853,-3.853
2.591,-2.535
2.256,-1.85
-0.993,-1.303
-2.465,-0.559
1.737,-1.606
1.716,-1.807
1.66,-1.463
1.438,-2.926
0.73,-0.962
-0.25,-2.586
-0.345,-2.298
-0.494,-1.789
-0.229,-4.158
-2.249,-3.682
-2.468,0.161
2.05,-0.263
1.962,-0.03
1.734,-0.103
1.809,-0.284
2.708,-0.119
-3.105,0.328
0.041,-2.176
0.022,-2.069
-0.084,0.882
-0.131,1.031
-0.061,-0.68
-0.103,-1.973
-0.178,-1.244
-0.104,-1.186
-0.208,0.651
-0.196,-1.98
-0.166,-1.506
-0.253,-1.464
-0.329,-1.365
-0.344,-1.286
-0.353,-0.706
-0.394,-1.692
-0.456,-1.654
-0.564,0.311
-0.659,-0.689
-0.772,-1.358
-0.712,0.261
-0.771,-1.715
-0.866,-2.2
-0.859,-2.055
-0.907,-0.519
-0.843,-0.911
-0.884,-0.968
-0.983,0.271
-0.98,-2.0
-1.045,-2.915
-1.074,-2.239
-1.03,-1.797
-1.085,-1.094
-1.204,0.117
-1.222,0.062
-1.238,0.514
-1.22,-0.896
-1.244,0.744
-1.313,-1.801
-1.33,1.031
-1.387,0.206
-1.423,-1.251
-1.411,-1.193
-1.49,-0.36
-1.557,-1.934
-1.588,-0.812
-1.596,-1.418
-1.537,-0.504
-1.652,-1.981
-1.58,0.349
-1.652,0.887
-1.733,-0.98
-1.741,-0.124
-1.678,-0.762
-1.742,-0.336
-1.8,-2.44
-1.79,-0.069
-1.839,-2.555
-1.915,-2.776
-1.916,0.213
-1.936,-1.359
-2.001,-0.601
-1.97,-2.81
-1.978,-0.662
-1.977,-0.714
-1.992,0.723
-2.004,0.501
-2.008,-1.022
-2.026,-1.268
-2.106,-2.023
-2.099,-0.981
-2.099,-1.585
-2.038,-1.059
-2.103,-0.417
-2.143,0.102
-2.211,-1.178
-2.166,-1.479
-2.265,-2.667
-2.287,-1.783
-2.287,-2.516
-2.226,0.94
-2.266,-0.397
-2.343,0.573
-2.331,-1.185
-2.369,1.061
-2.39,-0.691
-2.337,-1.217
-2.351,-0.136
-2.439,0.612
-2.451,0.712
-2.486,-1.992
-2.411,-1.639
-2.488,-2.253
-2.437,-0.578
-2.485,-0.104
-2.511,-0.482
-2.58,-2.608
-2.576,-2.817
-2.585,-0.543
-2.632,-0.05
-2.673,0.485
-2.609,-0.751
-2.672,-2.2
-2.687,-0.38
-2.781,0.937
-2.795,-1.479
-2.856,-1.166
-2.917,-1.202
-2.925,-1.687
-2.887,-0.611
-2.955,-0.93
-2.89,0.634
-2.932,0.313
-2.982,-2.759
-3.061,0.453
-3.125,-2.059
-3.116,-0.864
-3.084,0.095
3.132,-1.316
2.981,1.003
2.899,-1.93
2.883,-2.721
2.874,0.586
2.861,-2.538
2.778,-2.026
2.682,-0.841
2.713,-0.719
2.622,-0.9
2.652,0.895
2.595,-0.603
2.523,-1.369
2.513,0.182
2.499,-1.452
2.425,0.287
2.477,-0.114
2.394,-0.315
2.375,-1.419
2.363,-0.69
2.4,-1.205
2.362,-1.365
2.345,-1.579
2.287,-1.963
2.299,0.45
2.262,-0.82
2.272,-0.346
2.242,-2.856
2.224,-0.61
2.119,-0.796
2.085,-0.48
2.101,-0.187
2.037,-1.197
1.901,-2.669
1.832,-1.759
1.795,-1.566
1.855,-1.388
1.833,-1.657
1.766,-2.778
1.739,-0.417
1.734,-0.309
1.655,-1.195
1.685,-0.512
1.607,0.858
1.661,-1.056
1.681,-0.045
1.602,-0.736
1.641,-2.878
1.596,-1.39
1.654,-2.454
1.615,-1.55
1.504,-1.752
1.497,-1.37
1.429,-1.423
1.482,-1.842
1.455,-1.219
1.402,-0.855
1.434,-1.449
1.451,-0.821
1.433,-2.737
1.418,-1.731
1.39,-0.232
1.39,-1.161
1.392,-0.671
1.355,-0.185
1.351,0.813
1.322,-2.816
0.626,-2.933
0.578,-2.87
-0.306,-3.011
-0.657,-2.972
-1.338,-3.104
-1.321,-2.965
-1.841,-3.207
-1.851,-2.951
-1.881,-3.002
-2.967,-3.199
2.775,-2.96
2.578,-3.18
2.016,-3.033
1.608,-3.335
1.241,1.429
1.202,1.321
1.019,1.154
0.58,1.208
0.59,1.474
0.141,1.517
-0.247,1.359
-0.484,1.139
-0.473,1.437
-1.082,1.385
-1.201,1.274
-1.326,1.195
-1.421,1.152
-1.95,1.322
-2.243,1.225
-2.454,1.382
-2.698,1.543
-2.779,1.255
2.754,1.566
2.513,1.115
2.232,1.251
1.81,1.277
1.702,1.327
1.713,1.205
1.343,1.434
1.037,1.057
0.731,-1.571
0.639,-2.334
-0.031,-0.41
-0.014,-2.714
-0.457,-1.726
-1.923,-2.561
-2.404,-0.564
3.046,0.745
2.752,0.021
2.296,-1.848
1.823,-2.187
-2.999,-3.115
-3.057,1.324
1.377,1.091
1.353,-1.106
1.206,-1.424
1.286,-1.563
1.218,0.996
1.105,-1.737
0.976,0.593
1.097,-2.68
1.024,0.214
1.002,-1.239
1.0,0.102
0.939,-0.27
0.847,0.205
0.736,0.047
0.827,-1.068
0.628,0.896
0.585,-1.202
0.525,-1.982
0.504,0.113
0.354,-2.901
0.294,-0.846
0.389,-0.996
0.279,-2.626
0.168,-0.462
0.173,-0.851
-0.141,-0.214
-0.028,0.784
-0.15,-0.945
-0.17,0.983
-0.229,0.893
-0.335,-1.276
-0.403,-0.292
-0.42,-1.097
-0.654,1.034
-0.634,-2.786
-0.648,-2.58
-0.875,0.783
-0.785,-2.326
-0.983,-2.702
-1.143,-0.731
-1.14,-1.516
-1.08,-1.735
-1.092,-2.884
-1.141,-0.08
-1.169,-1.784
-1.314,-1.371
-1.312,0.909
-1.267,-1.832
-1.718,-2.382
-1.589,-1.814
-1.694,-0.6
-1.69,-1.595
-1.816,-2.534
-1.723,0.622
-1.806,-1.353
-1.845,0.449
-2.024,-0.919
-2.067,-0.937
-2.067,0.917
-2.004,0.292
-2.155,-1.768
-2.16,-1.783
-2.027,-2.223
-2.184,-1.066
-2.076,1.023
-2.09,-0.118
-2.225,-2.429
-2.109,-0.213
-2.126,-0.041
-2.114,-1.828
-2.214,-1.677
-2.323,-0.576
-2.393,0.189
-2.316,-2.872
-2.327,-0.489
-2.449,1.07
-2.496,-0.86
-2.385,-2.587
-2.463,-1.057
-2.525,-1.337
-2.712,0.735
-2.677,-2.756
-2.708,0.448
-2.842,-2.29
-2.745,-1.591
-2.857,-0.15
-2.784,-2.573
-2.957,-0.571
-2.997,-2.713
-2.879,-0.082
-3.015,-2.665
-3.077,-2.641
3.07,-0.531
-3.101,-1.5
3.059,-2.764
3.106,-2.916
3.102,-2.639
3.064,-1.564
2.9,0.03
2.729,0.724
2.618,-1.173
2.6,-1.449
2.594,-1.405
2.596,-0.461
2.59,-0.514
2.568,-0.579
2.461,-0.747
2.429,-2.148
2.394,-0.655
2.331,-2.236
2.289,-1.439
2.231,-0.938
1.92,-1.607
2.025,-1.572
1.754,-1.494
1.876,-1.16
1.825,-1.779
1.702,-2.769
1.509,0.887
1.633,-0.886
1.485,-0.662
1.475,-2.597
1.557,0.554
1.39,-2.07
1.387,-0.005
1.374,0.599
1.277,-0.838
1.368,-1.245
1.08,-3.122
0.61,-2.891
0.377,-3.173
0.062,-3.229
-0.056,-3.178
-0.466,-2.974
-1.101,-3.241
-1.578,-3.185
-1.772,-3.036
2.847,-2.85
2.647,-3.137
2.61,-3.246
2.318,-3.079
2.375,-3.054
1.272,-3.081
1.088,1.1
1.016,1.202
0.59,1.387
0.13,1.307
-0.995,1.404
-1.364,1.101
-1.227,1.107
-1.585,1.144
-1.462,1.225
-1.697,1.442
-1.864,1.415
-1.986,1.142
-2.376,1.26
-2.521,1.177
-2.406,1.54
-2.399,1.258
-2.883,1.421
3.068,1.569
2.805,1.492
2.373,1.352
1.914,1.321
1.808,1.367
1.769,1.329
-1.658,-1.04
-2.106,-1.638
2.944,-2.805
2.682,-1.487
2.347,-0.802
-0.902,-0.255
-2.374,0.489
1.828,-0.558
1.807,-0.759
1.751,-0.415
1.529,-1.878
0.821,0.086
-0.159,-1.538
-0.254,-1.25
-0.403,-0.741
-0.138,-3.11
-2.158,-2.634
-2.377,1.209
2.141,0.785
2.053,1.018
1.825,0.945
1.9,0.764
2.799,0.929
-3.014,1.376
-0.019,0.107
-0.125,3.058
-0.172,3.207
-0.102,1.496
-0.144,0.203
-0.219,0.932
-0.145,0.99
-0.249,2.827
-0.237,0.196
-0.207,0.67
-0.294,0.712
-0.37,0.811
-0.385,0.89
-0.394,1.47
-0.435,0.484
-0.497,0.522
-0.605,2.487
-0.7,1.487
-0.813,0.818
-0.753,2.437
-0.812,0.461
-0.907,-0.024
-0.9,0.121
-0.948,1.657
-0.884,1.265
-0.925,1.208
-1.024,2.447
-1.021,0.176
-1.086,-0.739
-1.115,-0.063
-1.071,0.379
-1.126,1.082
-1.245,2.293
-1.263,2.238
-1.279,2.69
-1.261,1.28
-1.285,2.92
-1.354,0.375
-1.371,3.207
-1.428,2.382
-1.464,0.925
-1.452,0.983
-1.531,1.816
-1.598,0.242
-1.629,1.364
-1.637,0.758
-1.578,1.672
-1.693,0.195
-1.621,2.525
-1.693,3.063
-1.774,1.196
-1.782,2.052
-1.719,1.414
-1.783,1.84
-1.841,-0.264
-1.831,2.107
-1.88,-0.379
-1.956,-0.6
-1.957,2.389
-1.977,0.817
-2.042,1.575
-2.011,-0.634
-2.019,1.514
-2.018,1.462
-2.033,2.899
-2.045,2.677
-2.049,1.154
-2.067,0.908
-2.147,0.153
-2.14,1.195
-2.14,0.591
-2.079,1.117
-2.144,1.759
-2.184,2.278
-2.252,0.998
-2.207,0.697
-2.306,-0.491
-2.328,0.393
-2.328,-0.34
-2.267,3.116
-2.307,1.779
-2.384,2.749
-2.372,0.991
-2.41,3.237
-2.431,1.485
-2.378,0.959
-2.392,2.04
-2.48,2.788
-2.492,2.888
-2.527,0.184
-2.452,0.537
-2.529,-0.077
-2.478,1.598
-2.526,2.072
-2.552,1.694
-2.621,-0.432
-2.617,-0.641
-2.626,1.633
-2.673,2.126
-2.714,2.661
-2.65,1.425
-2.713,-0.024
-2.728,1.796
-2.822,3.113
-2.836,0.697
-2.897,1.01
-2.958,0.974
-2.966,0.489
-2.928,1.565
-2.996,1.246
-2.931,2.81
-2.973,2.489
-3.023,-0.583
-3.102,2.629
3.117,0.117
3.126,1.312
-3.125,2.271
3.091,0.86
2.94,3.179
2.858,0.246
2.842,-0.545
2.833,2.762
2.82,-0.362
2.737,0.15
2.641,1.335
2.672,1.457
2.581,1.276
2.611,3.071
2.554,1.573
2.482,0.807
2.472,2.358
2.458,0.724
2.384,2.463
2.436,2.062
2.353,1.861
2.334,0.757
2.322,1.486
2.359,0.971
2.321,0.811
2.304,0.597
2.246,0.213
2.258,2.626
2.221,1.356
2.231,1.83
2.201,-0.68
2.183,1.566
2.078,1.38
2.044,1.696
2.06,1.989
1.996,0.979
1.86,-0.493
1.791,0.417
1.754,0.61
1.814,0.788
1.792,0.519
1.725,-0.602
1.698,1.759
1.693,1.867
1.614,0.981
1.644,1.664
1.566,3.034
1.62,1.12
1.64,2.131
1.561,1.44
1.6,-0.702
1.555,0.786
1.613,-0.278
1.574,0.626
1.463,0.424
1.456,0.806
1.388,0.753
1.441,0.334
1.414,0.957
1.361,1.321
1.393,0.727
1.41,1.355
1.392,-0.561
1.377,0.445
1.349,1.944
1.349,1.015
1.351,1.505
1.314,1.991
1.31,2.989
1.281,-0.64
0.585,-0.757
0.537,-0.694
-0.347,-0.835
-0.698,-0.796
-1.379,-0.928
-1.362,-0.789
-1.882,-1.031
-1.892,-0.775
-1.922,-0.826
-3.008,-1.023
2.734,-0.784
2.537,-1.004
1.975,-0.857
1.567,-1.159
1.2,3.605
1.161,3.497
0.978,3.33
0.539,3.384
0.549,3.65
0.1,3.693
-0.288,3.535
-0.525,3.315
-0.514,3.613
-1.123,3.561
-1.242,3.45
-1.367,3.371
-1.462,3.328
-1.991,3.498
-2.284,3.401
-2.495,3.558
-2.739,3.719
-2.82,3.431
2.713,3.742
2.472,3.291
2.191,3.427
1.769,3.453
1.661,3.503
1.672,3.381
1.302,3.61
0.996,3.233
0.69,0.605
0.598,-0.158
-0.072,1.766
-0.055,-0.538
-0.498,0.45
-1.964,-0.385
-2.445,1.612
3.005,2.921
2.711,2.197
2.255,0.328
1.782,-0.011
-3.04,-0.939
-3.098,3.5
1.336,3.267
1.312,1.07
1.165,0.752
1.245,0.613
1.177,3.172
1.064,0.439
0.935,2.769
1.056,-0.504
0.983,2.39
0.961,0.937
0.959,2.278
0.898,1.906
0.806,2.381
0.695,2.223
0.786,1.108
0.587,3.072
0.544,0.974
0.484,0.194
0.463,2.289
0.313,-0.725
0.253,1.33
0.348,1.18
0.238,-0.45
0.127,1.714
0.132,1.325
-0.182,1.962
-0.069,2.96
-0.191,1.231
-0.211,3.159
-0.27,3.069
-0.376,0.9
-0.444,1.884
-0.461,1.079
-0.695,3.21
-0.675,-0.61
-0.689,-0.404
-0.916,2.959
-0.826,-0.15
-1.024,-0.526
-1.184,1.445
-1.181,0.66
-1.121,0.441
-1.133,-0.708
-1.182,2.096
-1.21,0.392
-1.355,0.805
-1.353,3.085
-1.308,0.344
-1.759,-0.206
-1.63,0.362
-1.735,1.576
-1.731,0.581
-1.857,-0.358
-1.764,2.798
-1.847,0.823
-1.886,2.625
-2.065,1.257
-2.108,1.239
-2.108,3.093
-2.045,2.468
-2.196,0.408
-2.201,0.393
-2.068,-0.047
-2.225,1.11
-2.117,3.199
-2.131,2.058
-2.266,-0.253
-2.15,1.963
-2.167,2.135
-2.155,0.348
-2.255,0.499
-2.364,1.6
-2.434,2.365
-2.357,-0.696
-2.368,1.687
-2.49,3.246
-2.537,1.316
-2.426,-0.411
-2.504,1.119
-2.566,0.839
-2.753,2.911
-2.718,-0.58
-2.749,2.624
-2.883,-0.114
-2.786,0.585
-2.898,2.026
-2.825,-0.397
-2.998,1.605
-3.038,-0.537
-2.92,2.094
-3.056,-0.489
-3.118,-0.465
3.029,1.645
3.141,0.676
3.018,-0.588
3.065,-0.74
3.061,-0.463
3.023,0.612
2.859,2.206
2.688,2.9
2.577,1.003
2.559,0.727
2.553,0.771
2.555,1.715
2.549,1.662
2.527,1.597
2.42,1.429
2.388,0.028
2.353,1.521
2.29,-0.06
2.248,0.737
2.19,1.238
1.879,0.569
1.984,0.604
1.713,0.682
1.835,1.016
1.784,0.397
1.661,-0.593
1.468,3.063
1.592,1.29
1.444,1.514
1.434,-0.421
1.516,2.73
1.349,0.106
1.346,2.171
1.333,2.775
1.236,1.338
1.327,0.931
1.039,-0.946
0.569,-0.715
0.336,-0.997
0.021,-1.053
-0.097,-1.002
-0.507,-0.798
-1.142,-1.065
-1.619,-1.009
-1.813,-0.86
2.806,-0.674
2.606,-0.961
2.569,-1.07
2.277,-0.903
2.334,-0.878
1.231,-0.905
1.047,3.276
0.975,3.378
0.549,3.563
0.089,3.483
-1.036,3.58
-1.405,3.277
-1.268,3.283
-1.626,3.32
-1.503,3.401
-1.738,3.618
-1.905,3.591
-2.027,3.318
-2.417,3.436
-2.562,3.353
-2.447,3.716
-2.44,3.434
-2.924,3.597
3.027,3.745
2.764,3.668
2.332,3.528
1.873,3.497
1.767,3.543
1.728,3.505
-1.699,1.136
-2.147,0.538
2.903,-0.629
2.641,0.689
2.306,1.374
-0.943,1.921
-2.415,2.665
1.787,1.618
1.766,1.417
1.71,1.761
1.488,0.298
0.78,2.262
-0.2,0.638
-0.295,0.926
-0.444,1.435
-0.179,-0.934
-2.199,-0.458
-2.418,3.385
2.1,2.961
2.012,3.194
1.784,3.121
1.859,2.94
2.758,3.105
-3.055,3.552
-0.106,2.951
-0.153,3.1
-0.083,1.389
-0.125,0.096
-0.2,0.825
-0.126,0.883
-0.23,2.72
-0.218,0.089
-0.188,0.563
-0.275,0.605
-0.351,0.704
-0.366,0.783
-0.375,1.363
-0.416,0.377
-0.478,0.415
-0.586,2.38
-0.681,1.38
-0.794,0.711
-0.734,2.33
-0.793,0.354
-0.888,-0.131
-0.881,0.014
-0.929,1.55
-0.865,1.158
-0.906,1.101
-1.005,2.34
-1.002,0.069
-1.067,-0.846
-1.096,-0.17
-1.052,0.272
-1.107,0.975
-1.226,2.186
-1.244,2.131
-1.26,2.583
-1.242,1.173
-1.266,2.813
-1.335,0.268
-1.352,3.1
-1.409,2.275
-1.445,0.818
-1.433,0.876
-1.512,1.709
-1.579,0.135
-1.61,1.257
-1.618,0.651
-1.559,1.565
-1.674,0.088
-1.602,2.418
-1.674,2.956
-1.755,1.089
-1.763,1.945
-1.7,1.307
-1.764,1.733
-1.822,-0.371
-1.812,2.0
-1.861,-0.486
-1.937,-0.707
-1.938,2.282
-1.958,0.71
-2.023,1.468
-1.992,-0.741
-2.0,1.407
-1.999,1.355
-2.014,2.792
-2.026,2.57
-2.03,1.047
-2.048,0.801
-2.128,0.046
-2.121,1.088
-2.121,0.484
-2.06,1.01
-2.125,1.652
-2.165,2.171
-2.233,0.891
-2.188,0.59
-2.287,-0.598
-2.309,0.286
-2.309,-0.447
-2.248,3.009
-2.288,1.672
-2.365,2.642
-2.353,0.884
-2.391,3.13
-2.412,1.378
-2.359,0.852
-2.373,1.933
-2.461,2.681
-2.473,2.781
-2.508,0.077
-2.433,0.43
-2.51,-0.184
-2.459,1.491
-2.507,1.965
-2.533,1.587
-2.602,-0.539
-2.598,-0.748
-2.607,1.526
-2.654,2.019
-2.695,2.554
-2.631,1.318
-2.694,-0.131
-2.709,1.689
-2.803,3.006
-2.817,0.59
-2.878,0.903
-2.939,0.867
-2.947,0.382
-2.909,1.458
-2.977,1.139
-2.912,2.703
-2.954,2.382
-3.004,-0.69
-3.083,2.522
3.136,0.01
-3.138,1.205
-3.106,2.164
3.11,0.753
2.959,3.072
2.877,0.139
2.861,-0.652
2.852,2.655
2.839,-0.469
2.756,0.043
2.66,1.228
2.691,1.35
2.6,1.169
2.63,2.964
2.573,1.466
2.501,0.7
2.491,2.251
2.477,0.617
2.403,2.356
2.455,1.955
2.372,1.754
2.353,0.65
2.341,1.379
2.378,0.864
2.34,0.704
2.323,0.49
2.265,0.106
2.277,2.519
2.24,1.249
2.25,1.723
2.22,-0.787
2.202,1.459
2.097,1.273
2.063,1.589
2.079,1.882
2.015,0.872
1.879,-0.6
1.81,0.31
1.773,0.503
1.833,0.681
1.811,0.412
1.744,-0.709
1.717,1.652
1.712,1.76
1.633,0.874
1.663,1.557
1.585,2.927
1.639,1.013
1.659,2.024
1.58,1.333
1.619,-0.809
1.574,0.679
1.632,-0.385
1.593,0.519
1.482,0.317
1.475,0.699
1.407,0.646
1.46,0.227
1.433,0.85
1.38,1.214
1.412,0.62
1.429,1.248
1.411,-0.668
1.396,0.338
1.368,1.837
1.368,0.908
1.37,1.398
1.333,1.884
1.329,2.882
1.3,-0.747
0.604,-0.864
0.556,-0.801
-0.328,-0.942
-0.679,-0.903
-1.36,-1.035
-1.343,-0.896
-1.863,-1.138
-1.873,-0.882
-1.903,-0.933
-2.989,-1.13
2.753,-0.891
2.556,-1.111
1.994,-0.964
1.586,-1.266
1.219,3.498
1.18,3.39
0.997,3.223
0.558,3.277
0.568,3.543
0.119,3.586
-0.269,3.428
-0.506,3.208
-0.495,3.506
-1.104,3.454
-1.223,3.343
-1.348,3.264
-1.443,3.221
-1.972,3.391
-2.265,3.294
-2.476,3.451
-2.72,3.612
-2.801,3.324
2.732,3.635
2.491,3.184
2.21,3.32
1.788,3.346
1.68,3.396
1.691,3.274
1.321,3.503
1.015,3.126
0.709,0.498
0.617,-0.265
-0.053,1.659
-0.036,-0.645
-0.479,0.343
-1.945,-0.492
-2.426,1.505
3.024,2.814
2.73,2.09
2.274,0.221
1.801,-0.118
-3.021,-1.046
-3.079,3.393
1.355,3.16
1.331,0.963
1.184,0.645
1.264,0.506
1.196,3.065
1.083,0.332
0.954,2.662
1.075,-0.611
1.002,2.283
0.98,0.83
0.978,2.171
0.917,1.799
0.825,2.274
0.714,2.116
0.805,1.001
0.606,2.965
0.563,0.867
0.503,0.087
0.482,2.182
0.332,-0.832
0.272,1.223
0.367,1.073
0.257,-0.557
0.146,1.607
0.151,1.218
-0.163,1.855
-0.05,2.853
-0.172,1.124
-0.192,3.052
-0.251,2.962
-0.357,0.793
-0.425,1.777
-0.442,0.972
-0.676,3.103
-0.656,-0.717
-0.67,-0.511
-0.897,2.852
-0.807,-0.257
-1.005,-0.633
-1.165,1.338
-1.162,0.553
-1.102,0.334
-1.114,-0.815
-1.163,1.989
-1.191,0.285
-1.336,0.698
-1.334,2.978
-1.289,0.237
-1.74,-0.313
-1.611,0.255
-1.716,1.469
-1.712,0.474
-1.838,-0.465
-1.745,2.691
-1.828,0.716
-1.867,2.518
-2.046,1.15
-2.089,1.132
-2.089,2.986
-2.026,2.361
-2.177,0.301
-2.182,0.286
-2.049,-0.154
-2.206,1.003
-2.098,3.092
-2.112,1.951
-2.247,-0.36
-2.131,1.856
-2.148,2.028
-2.136,0.241
-2.236,0.392
-2.345,1.493
-2.415,2.258
-2.338,-0.803
-2.349,1.58
-2.471,3.139
-2.518,1.209
-2.407,-0.518
-2.485,1.012
-2.547,0.732
-2.734,2.804
-2.699,-0.687
-2.73,2.517
-2.864,-0.221
-2.767,0.478
-2.879,1.919
-2.806,-0.504
-2.979,1.498
-3.019,-0.644
-2.901,1.987
-3.037,-0.596
-3.099,-0.572
3.048,1.538
-3.123,0.569
3.037,-0.695
3.084,-0.847
3.08,-0.57
3.042,0.505
2.878,2.099
2.707,2.793
2.596,0.896
2.578,0.62
2.572,0.664
2.574,1.608
2.568,1.555
2.546,1.49
2.439,1.322
2.407,-0.079
2.372,1.414
2.309,-0.167
2.267,0.63
2.209,1.131
1.898,0.462
2.003,0.497
1.732,0.575
1.854,0.909
1.803,0.29
1.68,-0.7
1.487,2.956
1.611,1.183
1.463,1.407
1.453,-0.528
1.535,2.623
1.368,-0.001
1.365,2.064
1.352,2.668
1.255,1.231
1.346,0.824
1.058,-1.053
0.588,-0.822
0.355,-1.104
0.04,-1.16
-0.078,-1.109
-0.488,-0.905
-1.123,-1.172
-1.6,-1.116
-1.794,-0.967
2.825,-0.781
2.625,-1.068
2.588,-1.177
2.296,-1.01
2.353,-0.985
1.25,-1.012
1.066,3.169
0.994,3.271
0.568,3.456
0.108,3.376
-1.017,3.473
-1.386,3.17
-1.249,3.176
-1.607,3.213
-1.484,3.294
-1.719,3.511
-1.886,3.484
-2.008,3.211
-2.398,3.329
-2.543,3.246
-2.428,3.609
-2.421,3.327
-2.905,3.49
3.046,3.638
2.783,3.561
2.351,3.421
1.892,3.39
1.786,3.436
1.747,3.398
-1.68,1.029
-2.128,0.431
2.922,-0.736
2.66,0.582
2.325,1.267
-0.924,1.814
-2.396,2.558
1.806,1.511
1.785,1.31
1.729,1.654
1.507,0.191
0.799,2.155
-0.181,0.531
-0.276,0.819
-0.425,1.328
-0.16,-1.041
-2.18,-0.565
-2.399,3.278
2.119,2.854
2.031,3.087
1.803,3.014
1.878,2.833
2.777,2.998
-3.036,3.445
-0.047,0.149
0.023,-1.562
-0.019,-2.855
-0.094,-2.126
-0.02,-2.068
-0.124,-0.231
-0.112,-2.862
-0.082,-2.388
-0.169,-2.346
-0.245,-2.247
-0.26,-2.168
-0.269,-1.588
-0.31,-2.574
-0.372,-2.536
-0.48,-0.571
-0.575,-1.571
-0.688,-2.24
-0.628,-0.621
-0.687,-2.597
-0.782,-3.082
-0.775,-2.937
-0.823,-1.401
-0.759,-1.793
-0.8,-1.85
-0.899,-0.611
-0.896,-2.882
-0.961,-3.797
-0.99,-3.121
-0.946,-2.679
-1.001,-1.976
-1.12,-0.765
-1.138,-0.82
-1.154,-0.368
-1.136,-1.778
-1.16,-0.138
-1.229,-2.683
-1.246,0.149
-1.303,-0.676
-1.339,-2.133
-1.327,-2.075
-1.406,-1.242
-1.473,-2.816
-1.504,-1.694
-1.512,-2.3
-1.453,-1.386
-1.568,-2.863
-1.496,-0.533
-1.568,0.005
-1.649,-1.862
-1.657,-1.006
-1.594,-1.644
-1.658,-1.218
-1.716,-3.322
-1.706,-0.951
-1.755,-3.437
-1.831,-3.658
-1.832,-0.669
-1.852,-2.241
-1.917,-1.483
-1.886,-3.692
-1.894,-1.544
-1.893,-1.596
-1.908,-0.159
-1.92,-0.381
-1.924,-1.904
-1.942,-2.15
-2.022,-2.905
-2.015,-1.863
-2.015,-2.467
-1.954,-1.941
-2.019,-1.299
-2.059,-0.78
-2.127,-2.06
-2.082,-2.361
-2.181,-3.549
-2.203,-2.665
-2.203,-3.398
-2.142,0.058
-2.182,-1.279
-2.259,-0.309
-2.247,-2.067
-2.285,0.179
-2.306,-1.573
-2.253,-2.099
-2.267,-1.018
-2.355,-0.27
-2.367,-0.17
-2.402,-2.874
-2.327,-2.521
-2.404,-3.135
-2.353,-1.46
-2.401,-0.986
-2.427,-1.364
-2.496,-3.49
-2.492,-3.699
-2.501,-1.425
-2.548,-0.932
-2.589,-0.397
-2.525,-1.633
-2.588,-3.082
-2.603,-1.262
-2.697,0.055
-2.711,-2.361
-2.772,-2.048
-2.833,-2.084
-2.841,-2.569
-2.803,-1.493
-2.871,-1.812
-2.806,-0.248
-2.848,-0.569
-2.898,-3.641
-2.977,-0.429
-3.041,-2.941
-3.032,-1.746
-3.0,-0.787
-3.067,-2.198
3.065,0.121
2.983,-2.812
2.967,-3.603
2.958,-0.296
2.945,-3.42
2.862,-2.908
2.766,-1.723
2.797,-1.601
2.706,-1.782
2.736,0.013
2.679,-1.485
2.607,-2.251
2.597,-0.7
2.583,-2.334
2.509,-0.595
2.561,-0.996
2.478,-1.197
2.459,-2.301
2.447,-1.572
2.484,-2.087
2.446,-2.247
2.429,-2.461
2.371,-2.845
2.383,-0.432
2.346,-1.702
2.356,-1.228
2.326,-3.738
2.308,-1.492
2.203,-1.678
2.169,-1.362
2.185,-1.069
2.121,-2.079
1.985,-3.551
1.916,-2.641
1.879,-2.448
1.939,-2.27
1.917,-2.539
1.85,-3.66
1.823,-1.299
1.818,-1.191
1.739,-2.077
1.769,-1.394
1.691,-0.024
1.745,-1.938
1.765,-0.927
1.686,-1.618
1.725,-3.76
1.68,-2.272
1.738,-3.336
1.699,-2.432
1.588,-2.634
1.581,-2.252
1.513,-2.305
1.566,-2.724
1.539,-2.101
1.486,-1.737
1.518,-2.331
1.535,-1.703
1.517,-3.619
1.502,-2.613
1.474,-1.114
1.474,-2.043
1.476,-1.553
1.439,-1.067
1.435,-0.069
1.406,-3.698
0.71,-3.815
0.662,-3.752
-0.222,-3.893
-0.573,-3.854
-1.254,-3.986
-1.237,-3.847
-1.757,-4.089
-1.767,-3.833
-1.797,-3.884
-2.883,-4.081
2.859,-3.842
2.662,-4.062
2.1,-3.915
1.692,-4.217
1.325,0.547
1.286,0.439
1.103,0.272
0.664,0.326
0.674,0.592
0.225,0.635
-0.163,0.477
-0.4,0.257
-0.389,0.555
-0.998,0.503
-1.117,0.392
-1.242,0.313
-1.337,0.27
-1.866,0.44
-2.159,0.343
-2.37,0.5
-2.614,0.661
-2.695,0.373
2.838,0.684
2.597,0.233
2.316,0.369
1.894,0.395
1.786,0.445
1.797,0.323
1.427,0.552
1.121,0.175
0.815,-2.453
0.723,-3.216
0.053,-1.292
0.07,-3.596
-0.373,-2.608
-1.839,-3.443
-2.32,-1.446
3.13,-0.137
2.836,-0.861
2.38,-2.73
1.907,-3.069
-2.915,-3.997
-2.973,0.442
1.461,0.209
1.437,-1.988
1.29,-2.306
1.37,-2.445
1.302,0.114
1.189,-2.619
1.06,-0.289
1.181,-3.562
1.108,-0.668
1.086,-2.121
1.084,-0.78
1.023,-1.152
0.931,-0.677
0.82,-0.835
0.911,-1.95
0.712,0.014
0.669,-2.084
0.609,-2.864
0.588,-0.769
0.438,-3.783
0.378,-1.728
0.473,-1.878
0.363,-3.508
0.252,-1.344
0.257,-1.733
-0.057,-1.096
0.056,-0.098
-0.066,-1.827
-0.086,0.101
-0.145,0.011
-0.251,-2.158
-0.319,-1.174
-0.336,-1.979
-0.57,0.152
-0.55,-3.668
-0.564,-3.462
-0.791,-0.099
-0.701,-3.208
-0.899,-3.584
-1.059,-1.613
-1.056,-2.398
-0.996,-2.617
-1.008,-3.766
-1.057,-0.962
-1.085,-2.666
-1.23,-2.253
-1.228,0.027
-1.183,-2.714
-1.634,-3.264
-1.505,-2.696
-1.61,-1.482
-1.606,-2.477
-1.732,-3.416
-1.639,-0.26
-1.722,-2.235
-1.761,-0.433
-1.94,-1.801
-1.983,-1.819
-1.983,0.035
-1.92,-0.59
-2.071,-2.65
-2.076,-2.665
-1.943,-3.105
-2.1,-1.948
-1.992,0.141
-2.006,-1.0
-2.141,-3.311
-2.025,-1.095
-2.042,-0.923
-2.03,-2.71
-2.13,-2.559
-2.239,-1.458
-2.309,-0.693
-2.232,-3.754
-2.243,-1.371
-2.365,0.188
-2.412,-1.742
-2.301,-3.469
-2.379,-1.939
-2.441,-2.219
-2.628,-0.147
-2.593,-3.638
-2.624,-0.434
-2.758,-3.172
-2.661,-2.473
-2.773,-1.032
-2.7,-3.455
-2.873,-1.453
-2.913,-3.595
-2.795,-0.964
-2.931,-3.547
-2.993,-3.523
-3.129,-1.413
-3.017,-2.382
-3.14,-3.646
-3.093,-3.798
-3.097,-3.521
-3.135,-2.446
2.984,-0.852
2.813,-0.158
2.702,-2.055
2.684,-2.331
2.678,-2.287
2.68,-1.343
2.674,-1.396
2.652,-1.461
2.545,-1.629
2.513,-3.03
2.478,-1.537
2.415,-3.118
2.373,-2.321
2.315,-1.82
2.004,-2.489
2.109,-2.454
1.838,-2.376
1.96,-2.042
1.909,-2.661
1.786,-3.651
1.593,0.005
1.717,-1.768
1.569,-1.544
1.559,-3.479
1.641,-0.328
1.474,-2.952
1.471,-0.887
1.458,-0.283
1.361,-1.72
1.452,-2.127
1.164,-4.004
0.694,-3.773
0.461,-4.055
0.146,-4.111
0.028,-4.06
-0.382,-3.856
-1.017,-4.123
-1.494,-4.067
-1.688,-3.918
2.931,-3.732
2.731,-4.019
2.694,-4.128
2.402,-3.961
2.459,-3.936
1.356,-3.963
1.172,0.218
1.1,0.32
0.674,0.505
0.214,0.425
-0.911,0.522
-1.28,0.219
-1.143,0.225
-1.501,0.262
-1.378,0.343
-1.613,0.56
-1.78,0.533
-1.902,0.26
-2.292,0.378
-2.437,0.295
-2.322,0.658
-2.315,0.376
-2.799,0.539
-3.131,0.687
2.889,0.61
2.457,0.47
1.998,0.439
1.892,0.485
1.853,0.447
-1.574,-1.922
-2.022,-2.52
3.028,-3.687
2.766,-2.369
2.431,-1.684
-0.818,-1.137
-2.29,-0.393
1.912,-1.44
1.891,-1.641
1.835,-1.297
1.613,-2.76
0.905,-0.796
-0.075,-2.42
-0.17,-2.132
-0.319,-1.623
-0.054,-3.992
-2.074,-3.516
-2.293,0.327
2.225,-0.097
2.137,0.136
1.909,0.063
1.984,-0.118
2.883,0.047
-2.93,0.494
0.07,-1.711
0.028,-3.004
-0.047,-2.275
0.027,-2.217
-0.077,-0.38
-0.065,-3.011
-0.035,-2.537
-0.122,-2.495
-0.198,-2.396
-0.213,-2.317
-0.222,-1.737
-0.263,-2.723
-0.325,-2.685
-0.433,-0.72
-0.528,-1.72
-0.641,-2.389
-0.581,-0.77
-0.64,-2.746
-0.735,-3.231
-0.728,-3.086
-0.776,-1.55
-0.712,-1.942
-0.753,-1.999
-0.852,-0.76
-0.849,-3.031
-0.914,-3.946
-0.943,-3.27
-0.899,-2.828
-0.954,-2.125
-1.073,-0.914
-1.091,-0.969
-1.107,-0.517
-1.089,-1.927
-1.113,-0.287
-1.182,-2.832
-1.199,0.0
-1.256,-0.825
-1.292,-2.282
-1.28,-2.224
-1.359,-1.391
-1.426,-2.965
-1.457,-1.843
-1.465,-2.449
-1.406,-1.535
-1.521,-3.012
-1.449,-0.682
-1.521,-0.144
-1.602,-2.011
-1.61,-1.155
-1.547,-1.793
-1.611,-1.367
-1.669,-3.471
-1.659,-1.1
-1.708,-3.586
-1.784,-3.807
-1.785,-0.818
-1.805,-2.39
-1.87,-1.632
-1.839,-3.841
-1.847,-1.693
-1.846,-1.745
-1.861,-0.308
-1.873,-0.53
-1.877,-2.053
-1.895,-2.299
-1.975,-3.054
-1.968,-2.012
-1.968,-2.616
-1.907,-2.09
-1.972,-1.448
-2.012,-0.929
-2.08,-2.209
-2.035,-2.51
-2.134,-3.698
-2.156,-2.814
-2.156,-3.547
-2.095,-0.091
-2.135,-1.428
-2.212,-0.458
-2.2,-2.216
-2.238,0.03
-2.259,-1.722
-2.206,-2.248
-2.22,-1.167
-2.308,-0.419
-2.32,-0.319
-2.355,-3.023
-2.28,-2.67
-2.357,-3.284
-2.306,-1.609
-2.354,-1.135
-2.38,-1.513
-2.449,-3.639
-2.445,-3.848
-2.454,-1.574
-2.501,-1.081
-2.542,-0.546
-2.478,-1.782
-2.541,-3.231
-2.556,-1.411
-2.65,-0.094
-2.664,-2.51
-2.725,-2.197
-2.786,-2.233
-2.794,-2.718
-2.756,-1.642
-2.824,-1.961
-2.759,-0.397
-2.801,-0.718
-2.851,-3.79
-2.93,-0.578
-2.994,-3.09
-2.985,-1.895
-2.953,-0.936
-3.02,-2.347
3.112,-0.028
3.03,-2.961
3.014,-3.752
3.005,-0.445
2.992,-3.569
2.909,-3.057
2.813,-1.872
2.844,-1.75
2.753,-1.931
2.783,-0.136
2.726,-1.634
2.654,-2.4
2.644,-0.849
2.63,-2.483
2.556,-0.744
2.608,-1.145
2.525,-1.346
2.506,-2.45
2.494,-1.721
2.531,-2.236
2.493,-2.396
2.476,-2.61
2.418,-2.994
2.43,-0.581
2.393,-1.851
2.403,-1.377
2.373,-3.887
2.355,-1.641
2.25,-1.827
2.216,-1.511
2.232,-1.218
2.168,-2.228
2.032,-3.7
1.963,-2.79
1.926,-2.597
1.986,-2.419
1.964,-2.688
1.897,-3.809
1.87,-1.448
1.865,-1.34
1.786,-2.226
1.816,-1.543
1.738,-0.173
1.792,-2.087
1.812,-1.076
1.733,-1.767
1.772,-3.909
1.727,-2.421
1.785,-3.485
1.746,-2.581
1.635,-2.783
1.628,-2.401
1.56,-2.454
1.613,-2.873
1.586,-2.25
1.533,-1.886
1.565,-2.48
1.582,-1.852
1.564,-3.768
1.549,-2.762
1.521,-1.263
1.521,-2.192
1.523,-1.702
1.486,-1.216
1.482,-0.218
1.453,-3.847
0.757,-3.964
0.709,-3.901
-0.175,-4.042
-0.526,-4.003
-1.207,-4.135
-1.19,-3.996
-1.71,-4.238
-1.72,-3.982
-1.75,-4.033
-2.836,-4.23
2.906,-3.991
2.709,-4.211
2.147,-4.064
1.739,-4.366
1.372,0.398
1.333,0.29
1.15,0.123
0.711,0.177
0.721,0.443
0.272,0.486
-0.116,0.328
-0.353,0.108
-0.342,0.406
-0.951,0.354
-1.07,0.243
-1.195,0.164
-1.29,0.121
-1.819,0.291
-2.112,0.194
-2.323,0.351
-2.567,0.512
-2.648,0.224
2.885,0.535
2.644,0.084
2.363,0.22
1.941,0.246
1.833,0.296
1.844,0.174
1.474,0.403
1.168,0.026
0.862,-2.602
0.77,-3.365
0.1,-1.441
0.117,-3.745
-0.326,-2.757
-1.792,-3.592
-2.273,-1.595
-3.106,-0.286
2.883,-1.01
2.427,-2.879
1.954,-3.218
-2.868,-4.146
-2.926,0.293
1.508,0.06
1.484,-2.137
1.337,-2.455
1.417,-2.594
1.349,-0.035
1.236,-2.768
1.107,-0.438
1.228,-3.711
1.155,-0.817
1.133,-2.27
1.131,-0.929
1.07,-1.301
0.978,-0.826
0.867,-0.984
0.958,-2.099
0.759,-0.135
0.716,-2.233
0.656,-3.013
0.635,-0.918
0.485,-3.932
0.425,-1.877
0.52,-2.027
0.41,-3.657
0.299,-1.493
0.304,-1.882
-0.01,-1.245
0.103,-0.247
-0.019,-1.976
-0.039,-0.048
-0.098,-0.138
-0.204,-2.307
-0.272,-1.323
-0.289,-2.128
-0.523,0.003
-0.503,-3.817
-0.517,-3.611
-0.744,-0.248
-0.654,-3.357
-0.852,-3.733
-1.012,-1.762
-1.009,-2.547
-0.949,-2.766
-0.961,-3.915
-1.01,-1.111
-1.038,-2.815
-1.183,-2.402
-1.181,-0.122
-1.136,-2.863
-1.587,-3.413
-1.458,-2.845
-1.563,-1.631
-1.559,-2.626
-1.685,-3.565
-1.592,-0.409
-1.675,-2.384
-1.714,-0.582
-1.893,-1.95
-1.936,-1.968
-1.936,-0.114
-1.873,-0.739
-2.024,-2.799
-2.029,-2.814
-1.896,-3.254
-2.053,-2.097
-1.945,-0.008
-1.959,-1.149
-2.094,-3.46
-1.978,-1.244
-1.995,-1.072
-1.983,-2.859
-2.083,-2.708
-2.192,-1.607
-2.262,-0.842
-2.185,-3.903
-2.196,-1.52
-2.318,0.039
-2.365,-1.891
-2.254,-3.618
-2.332,-2.088
-2.394,-2.368
-2.581,-0.296
-2.546,-3.787
-2.577,-0.583
-2.711,-3.321
-2.614,-2.622
-2.726,-1.181
-2.653,-3.604
-2.826,-1.602
-2.866,-3.744
-2.748,-1.113
-2.884,-3.696
-2.946,-3.672
-3.082,-1.562
-2.97,-2.531
-3.093,-3.795
-3.046,-3.947
-3.05,-3.67
-3.088,-2.595
3.031,-1.001
2.86,-0.307
2.749,-2.204
2.731,-2.48
2.725,-2.436
2.727,-1.492
2.721,-1.545
2.699,-1.61
2.592,-1.778
2.56,-3.179
2.525,-1.686
2.462,-3.267
2.42,-2.47
2.362,-1.969
2.051,-2.638
2.156,-2.603
1.885,-2.525
2.007,-2.191
1.956,-2.81
1.833,-3.8
1.64,-0.144
1.764,-1.917
1.616,-1.693
1.606,-3.628
1.688,-0.477
1.521,-3.101
1.518,-1.036
1.505,-0.432
1.408,-1.869
1.499,-2.276
1.211,-4.153
0.741,-3.922
0.508,-4.204
0.193,-4.26
0.075,-4.209
-0.335,-4.005
-0.97,-4.272
-1.447,-4.216
-1.641,-4.067
2.978,-3.881
2.778,-4.168
2.741,-4.277
2.449,-4.11
2.506,-4.085
1.403,-4.112
1.219,0.069
1.147,0.171
0.721,0.356
0.261,0.276
-0.864,0.373
-1.233,0.07
-1.096,0.076
-1.454,0.113
-1.331,0.194
-1.566,0.411
-1.733,0.384
-1.855,0.111
-2.245,0.229
-2.39,0.146
-2.275,0.509
-2.268,0.227
-2.752,0.39
-3.084,0.538
2.936,0.461
2.504,0.321
2.045,0.29
1.939,0.336
1.9,0.298
-1.527,-2.071
-1.975,-2.669
3.075,-3.836
2.813,-2.518
2.478,-1.833
-0.771,-1.286
-2.243,-0.542
1.959,-1.589
1.938,-1.79
1.882,-1.446
1.66,-2.909
0.952,-0.945
-0.028,-2.569
-0.123,-2.281
-0.272,-1.772
-0.007,-4.141
-2.027,-3.665
-2.246,0.178
2.272,-0.246
2.184,-0.013
1.956,-0.086
2.031,-0.267
2.93,-0.102
-2.883,0.345
-0.042,-1.293
-0.117,-0.564
-0.043,-0.506
-0.147,1.331
-0.135,-1.3
-0.105,-0.826
-0.192,-0.784
-0.268,-0.685
-0.283,-0.606
-0.292,-0.026
-0.333,-1.012
-0.395,-0.974
-0.503,0.991
-0.598,-0.009
-0.711,-0.678
-0.651,0.941
-0.71,-1.035
-0.805,-1.52
-0.798,-1.375
-0.846,0.161
-0.782,-0.231
-0.823,-0.288
-0.922,0.951
-0.919,-1.32
-0.984,-2.235
-1.013,-1.559
-0.969,-1.117
-1.024,-0.414
-1.143,0.797
-1.161,0.742
-1.177,1.194
-1.159,-0.216
-1.183,1.424
-1.252,-1.121
-1.269,1.711
-1.326,0.886
-1.362,-0.571
-1.35,-0.513
-1.429,0.32
-1.496,-1.254
-1.527,-0.132
-1.535,-0.738
-1.476,0.176
-1.591,-1.301
-1.519,1.029
-1.591,1.567
-1.672,-0.3
-1.68,0.556
-1.617,-0.082
-1.681,0.344
-1.739,-1.76
-1.729,0.611
-1.778,-1.875
-1.854,-2.096
-1.855,0.893
-1.875,-0.679
-1.94,0.079
-1.909,-2.13
-1.917,0.018
-1.916,-0.034
-1.931,1.403
-1.943,1.181
-1.947,-0.342
-1.965,-0.588
-2.045,-1.343
-2.038,-0.301
-2.038,-0.905
-1.977,-0.379
-2.042,0.263
-2.082,0.782
-2.15,-0.498
-2.105,-0.799
-2.204,-1.987
-2.226,-1.103
-2.226,-1.836
-2.165,1.62
-2.205,0.283
-2.282,1.253
-2.27,-0.505
-2.308,1.741
-2.329,-0.011
-2.276,-0.537
-2.29,0.544
-2.378,1.292
-2.39,1.392
-2.425,-1.312
-2.35,-0.959
-2.427,-1.573
-2.376,0.102
-2.424,0.576
-2.45,0.198
-2.519,-1.928
-2.515,-2.137
-2.524,0.137
-2.571,0.63
-2.612,1.165
-2.548,-0.071
-2.611,-1.52
-2.626,0.3
-2.72,1.617
-2.734,-0.799
-2.795,-0.486
-2.856,-0.522
-2.864,-1.007
-2.826,0.069
-2.894,-0.25
-2.829,1.314
-2.871,0.993
-2.921,-2.079
-3.0,1.133
-3.064,-1.379
-3.055,-0.184
-3.023,0.775
-3.09,-0.636
3.042,1.683
2.96,-1.25
2.944,-2.041
2.935,1.266
2.922,-1.858
2.839,-1.346
2.743,-0.161
2.774,-0.039
2.683,-0.22
2.713,1.575
2.656,0.077
2.584,-0.689
2.574,0.862
2.56,-0.772
2.486,0.967
2.538,0.566
2.455,0.365
2.436,-0.739
2.424,-0.01
2.461,-0.525
2.423,-0.685
2.406,-0.899
2.348,-1.283
2.36,1.13
2.323,-0.14
2.333,0.334
2.303,-2.176
2.285,0.07
2.18,-0.116
2.146,0.2
2.162,0.493
2.098,-0.517
1.962,-1.989
1.893,-1.079
1.856,-0.886
1.916,-0.708
1.894,-0.977
1.827,-2.098
1.8,0.263
1.795,0.371
1.716,-0.515
1.746,0.168
1.668,1.538
1.722,-0.376
1.742,0.635
1.663,-0.056
1.702,-2.198
1.657,-0.71
1.715,-1.774
1.676,-0.87
1.565,-1.072
1.558,-0.69
1.49,-0.743
1.543,-1.162
1.516,-0.539
1.463,-0.175
1.495,-0.769
1.512,-0.141
1.494,-2.057
1.479,-1.051
1.451,0.448
1.451,-0.481
1.453,0.009
1.416,0.495
1.412,1.493
1.383,-2.136
0.687,-2.253
0.639,-2.19
-0.245,-2.331
-0.596,-2.292
-1.277,-2.424
-1.26,-2.285
-1.78,-2.527
-1.79,-2.271
-1.82,-2.322
-2.906,-2.519
2.836,-2.28
2.639,-2.5
2.077,-2.353
1.669,-2.655
1.302,2.109
1.263,2.001
1.08,1.834
0.641,1.888
0.651,2.154
0.202,2.197
-0.186,2.039
-0.423,1.819
-0.412,2.117
-1.021,2.065
-1.14,1.954
-1.265,1.875
-1.36,1.832
-1.889,2.002
-2.182,1.905
-2.393,2.062
-2.637,2.223
-2.718,1.935
2.815,2.246
2.574,1.795
2.293,1.931
1.871,1.957
1.763,2.007
1.774,1.885
1.404,2.114
1.098,1.737
0.792,-0.891
0.7,-1.654
0.03,0.27
0.047,-2.034
-0.396,-1.046
-1.862,-1.881
-2.343,0.116
3.107,1.425
2.813,0.701
2.357,-1.168
1.884,-1.507
-2.938,-2.435
-2.996,2.004
1.438,1.771
1.414,-0.426
1.267,-0.744
1.347,-0.883
1.279,1.676
1.166,-1.057
1.037,1.273
1.158,-2.0
1.085,0.894
1.063,-0.559
1.061,0.782
1.0,0.41
0.908,0.885
0.797,0.727
0.888,-0.388
0.689,1.576
0.646,-0.522
0.586,-1.302
0.565,0.793
0.415,-2.221
0.355,-0.166
0.45,-0.316
0.34,-1.946
0.229,0.218
0.234,-0.171
-0.08,0.466
0.033,1.464
-0.089,-0.265
-0.109,1.663
-0.168,1.573
-0.274,-0.596
-0.342,0.388
-0.359,-0.417
-0.593,1.714
-0.573,-2.106
-0.587,-1.9
-0.814,1.463
-0.724,-1.646
-0.922,-2.022
-1.082,-0.051
-1.079,-0.836
-1.019,-1.055
-1.031,-2.204
-1.08,0.6
-1.108,-1.104
-1.253,-0.691
-1.251,1.589
-1.206,-1.152
-1.657,-1.702
-1.528,-1.134
-1.633,0.08
-1.629,-0.915
-1.755,-1.854
-1.662,1.302
-1.745,-0.673
-1.784,1.129
-1.963,-0.239
-2.006,-0.257
-2.006,1.597
-1.943,0.972
-2.094,-1.088
-2.099,-1.103
-1.966,-1.543
-2.123,-0.386
-2.015,1.703
-2.029,0.562
-2.164,-1.749
-2.048,0.467
-2.065,0.639
-2.053,-1.148
-2.153,-0.997
-2.262,0.104
-2.332,0.869
-2.255,-2.192
-2.266,0.191
-2.388,1.75
-2.435,-0.18
-2.324,-1.907
-2.402,-0.377
-2.464,-0.657
-2.651,1.415
-2.616,-2.076
-2.647,1.128
-2.781,-1.61
-2.684,-0.911
-2.796,0.53
-2.723,-1.893
-2.896,0.109
-2.936,-2.033
-2.818,0.598
-2.954,-1.985
-3.016,-1.961
3.131,0.149
-3.04,-0.82
3.12,-2.084
-3.116,-2.236
-3.12,-1.959
3.125,-0.884
2.961,0.71
2.79,1.404
2.679,-0.493
2.661,-0.769
2.655,-0.725
2.657,0.219
2.651,0.166
2.629,0.101
2.522,-0.067
2.49,-1.468
2.455,0.025
2.392,-1.556
2.35,-0.759
2.292,-0.258
1.981,-0.927
2.086,-0.892
1.815,-0.814
1.937,-0.48
1.886,-1.099
1.763,-2.089
1.57,1.567
1.694,-0.206
1.546,0.018
1.536,-1.917
1.618,1.234
1.451,-1.39
1.448,0.675
1.435,1.279
1.338,-0.158
1.429,-0.565
1.141,-2.442
0.671,-2.211
0.438,-2.493
0.123,-2.549
0.005,-2.498
-0.405,-2.294
-1.04,-2.561
-1.517,-2.505
-1.711,-2.356
2.908,-2.17
2.708,-2.457
2.671,-2.566
2.379,-2.399
2.436,-2.374
1.333,-2.401
1.149,1.78
1.077,1.882
0.651,2.067
0.191,1.987
-0.934,2.084
-1.303,1.781
-1.166,1.787
-1.524,1.824
-1.401,1.905
-1.636,2.122
-1.803,2.095
-1.925,1.822
-2.315,1.94
-2.46,1.857
-2.345,2.22
-2.338,1.938
-2.822,2.101
3.129,2.249
2.866,2.172
2.434,2.032
1.975,2.001
1.869,2.047
1.83,2.009
-1.597,-0.36
-2.045,-0.958
3.005,-2.125
2.743,-0.807
2.408,-0.122
-0.841,0.425
-2.313,1.169
1.889,0.122
1.868,-0.079
1.812,0.265
1.59,-1.198
0.882,0.766
-0.098,-0.858
-0.193,-0.57
-0.342,-0.061
-0.077,-2.43
-2.097,-1.954
-2.316,1.889
2.202,1.465
2.114,1.698
1.886,1.625
1.961,1.444
2.86,1.609
-2.953,2.056
-0.075,0.729
-0.001,0.787
-0.105,2.624
-0.093,-0.007
-0.063,0.467
-0.15,0.509
-0.226,0.608
-0.241,0.687
-0.25,1.267
-0.291,0.281
-0.353,0.319
-0.461,2.284
-0.556,1.284
-0.669,0.615
-0.609,2.234
-0.668,0.258
-0.763,-0.227
-0.756,-0.082
-0.804,1.454
-0.74,1.062
-0.781,1.005
-0.88,2.244
-0.877,-0.027
-0.942,-0.942
-0.971,-0.266
-0.927,0.176
-0.982,0.879
-1.101,2.09
-1.119,2.035
-1.135,2.487
-1.117,1.077
-1.141,2.717
-1.21,0.172
-1.227,3.004
-1.284,2.179
-1.32,0.722
-1.308,0.78
-1.387,1.613
-1.454,0.039
-1.485,1.161
-1.493,0.555
-1.434,1.469
-1.549,-0.008
-1.477,2.322
-1.549,2.86
-1.63,0.993
-1.638,1.849
-1.575,1.211
-1.639,1.637
-1.697,-0.467
-1.687,1.904
-1.736,-0.582
-1.812,-0.803
-1.813,2.186
-1.833,0.614
-1.898,1.372
-1.867,-0.837
-1.875,1.311
-1.874,1.259
-1.889,2.696
-1.901,2.474
-1.905,0.951
-1.923,0.705
-2.003,-0.05
-1.996,0.992
-1.996,0.388
-1.935,0.914
-2.0,1.556
-2.04,2.075
-2.108,0.795
-2.063,0.494
-2.162,-0.694
-2.184,0.19
-2.184,-0.543
-2.123,2.913
-2.163,1.576
-2.24,2.546
-2.228,0.788
-2.266,3.034
-2.287,1.282
-2.234,0.756
-2.248,1.837
-2.336,2.585
-2.348,2.685
-2.383,-0.019
-2.308,0.334
-2.385,-0.28
-2.334,1.395
-2.382,1.869
-2.408,1.491
-2.477,-0.635
-2.473,-0.844
-2.482,1.43
-2.529,1.923
-2.57,2.458
-2.506,1.222
-2.569,-0.227
-2.584,1.593
-2.678,2.91
-2.692,0.494
-2.753,0.807
-2.814,0.771
-2.822,0.286
-2.784,1.362
-2.852,1.043
-2.787,2.607
-2.829,2.286
-2.879,-0.786
-2.958,2.426
-3.022,-0.086
-3.013,1.109
-2.981,2.068
-3.048,0.657
3.084,2.976
3.002,0.043
2.986,-0.748
2.977,2.559
2.964,-0.565
2.881,-0.053
2.785,1.132
2.816,1.254
2.725,1.073
2.755,2.868
2.698,1.37
2.626,0.604
2.616,2.155
2.602,0.521
2.528,2.26
2.58,1.859
2.497,1.658
2.478,0.554
2.466,1.283
2.503,0.768
2.465,0.608
2.448,0.394
2.39,0.01
2.402,2.423
2.365,1.153
2.375,1.627
2.345,-0.883
2.327,1.363
2.222,1.177
2.188,1.493
2.204,1.786
2.14,0.776
2.004,-0.696
1.935,0.214
1.898,0.407
1.958,0.585
1.936,0.316
1.869,-0.805
1.842,1.556
1.837,1.664
1.758,0.778
1.788,1.461
1.71,2.831
1.764,0.917
1.784,1.928
1.705,1.237
1.744,-0.905
1.699,0.583
1.757,-0.481
1.718,0.423
1.607,0.221
1.6,0.603
1.532,0.55
1.585,0.131
1.558,0.754
1.505,1.118
1.537,0.524
1.554,1.152
1.536,-0.764
1.521,0.242
1.493,1.741
1.493,0.812
1.495,1.302
1.458,1.788
1.454,2.786
1.425,-0.843
0.729,-0.96
0.681,-0.897
-0.203,-1.038
-0.554,-0.999
-1.235,-1.131
-1.218,-0.992
-1.738,-1.234
-1.748,-0.978
-1.778,-1.029
-2.864,-1.226
2.878,-0.987
2.681,-1.207
2.119,-1.06
1.711,-1.362
1.344,3.402
1.305,3.294
1.122,3.127
0.683,3.181
0.693,3.447
0.244,3.49
-0.144,3.332
-0.381,3.112
-0.37,3.41
-0.979,3.358
-1.098,3.247
-1.223,3.168
-1.318,3.125
-1.847,3.295
-2.14,3.198
-2.351,3.355
-2.595,3.516
-2.676,3.228
2.857,3.539
2.616,3.088
2.335,3.224
1.913,3.25
1.805,3.3
1.816,3.178
1.446,3.407
1.14,3.03
0.834,0.402
0.742,-0.361
0.072,1.563
0.089,-0.741
-0.354,0.247
-1.82,-0.588
-2.301,1.409
-3.134,2.718
2.855,1.994
2.399,0.125
1.926,-0.214
-2.896,-1.142
-2.954,3.297
1.48,3.064
1.456,0.867
1.309,0.549
1.389,0.41
1.321,2.969
1.208,0.236
1.079,2.566
1.2,-0.707
1.127,2.187
1.105,0.734
1.103,2.075
1.042,1.703
0.95,2.178
0.839,2.02
0.93,0.905
0.731,2.869
0.688,0.771
0.628,-0.009
0.607,2.086
0.457,-0.928
0.397,1.127
0.492,0.977
0.382,-0.653
0.271,1.511
0.276,1.122
-0.038,1.759
0.075,2.757
-0.047,1.028
-0.067,2.956
-0.126,2.866
-0.232,0.697
-0.3,1.681
-0.317,0.876
-0.551,3.007
-0.531,-0.813
-0.545,-0.607
-0.772,2.756
-0.682,-0.353
-0.88,-0.729
-1.04,1.242
-1.037,0.457
-0.977,0.238
-0.989,-0.911
-1.038,1.893
-1.066,0.189
-1.211,0.602
-1.209,2.882
-1.164,0.141
-1.615,-0.409
-1.486,0.159
-1.591,1.373
-1.587,0.378
-1.713,-0.561
-1.62,2.595
-1.703,0.62
-1.742,2.422
-1.921,1.054
-1.964,1.036
-1.964,2.89
-1.901,2.265
-2.052,0.205
-2.057,0.19
-1.924,-0.25
-2.081,0.907
-1.973,2.996
-1.987,1.855
-2.122,-0.456
-2.006,1.76
-2.023,1.932
-2.011,0.145
-2.111,0.296
-2.22,1.397
-2.29,2.162
-2.213,-0.899
-2.224,1.484
-2.346,3.043
-2.393,1.113
-2.282,-0.614
-2.36,0.916
-2.422,0.636
-2.609,2.708
-2.574,-0.783
-2.605,2.421
-2.739,-0.317
-2.642,0.382
-2.754,1.823
-2.681,-0.6
-2.854,1.402
-2.894,-0.74
-2.776,1.891
-2.912,-0.692
-2.974,-0.668
-3.11,1.442
-2.998,0.473
-3.121,-0.791
-3.074,-0.943
-3.078,-0.666
-3.116,0.409
3.003,2.003
2.832,2.697
2.721,0.8
2.703,0.524
2.697,0.568
2.699,1.512
2.693,1.459
2.671,1.394
2.564,1.226
2.532,-0.175
2.497,1.318
2.434,-0.263
2.392,0.534
2.334,1.035
2.023,0.366
2.128,0.401
1.857,0.479
1.979,0.813
1.928,0.194
1.805,-0.796
1.612,2.86
1.736,1.087
1.588,1.311
1.578,-0.624
1.66,2.527
1.493,-0.097
1.49,1.968
1.477,2.572
1.38,1.135
1.471,0.728
1.183,-1.149
0.713,-0.918
0.48,-1.2
0.165,-1.256
0.047,-1.205
-0.363,-1.001
-0.998,-1.268
-1.475,-1.212
-1.669,-1.063
2.95,-0.877
2.75,-1.164
2.713,-1.273
2.421,-1.106
2.478,-1.081
1.375,-1.108
1.191,3.073
1.119,3.175
0.693,3.36
0.233,3.28
-0.892,3.377
-1.261,3.074
-1.124,3.08
-1.482,3.117
-1.359,3.198
-1.594,3.415
-1.761,3.388
-1.883,3.115
-2.273,3.233
-2.418,3.15
-2.303,3.513
-2.296,3.231
-2.78,3.394
-3.112,3.542
2.908,3.465
2.476,3.325
2.017,3.294
1.911,3.34
1.872,3.302
-1.555,0.933
-2.003,0.335
3.047,-0.832
2.785,0.486
2.45,1.171
-0.799,1.718
-2.271,2.462
1.931,1.415
1.91,1.214
1.854,1.558
1.632,0.095
0.924,2.059
-0.056,0.435
-0.151,0.723
-0.3,1.232
-0.035,-1.137
-2.055,-0.661
-2.274,3.182
2.244,2.758
2.156,2.991
1.928,2.918
2.003,2.737
2.902,2.902
-2.911,3.349
0.074,0.058
-0.03,1.895
-0.018,-0.736
0.012,-0.262
-0.075,-0.22
-0.151,-0.121
-0.166,-0.042
-0.175,0.538
-0.216,-0.448
-0.278,-0.41
-0.386,1.555
-0.481,0.555
-0.594,-0.114
-0.534,1.505
-0.593,-0.471
-0.688,-0.956
-0.681,-0.811
-0.729,0.725
-0.665,0.333
-0.706,0.276
-0.805,1.515
-0.802,-0.756
-0.867,-1.671
-0.896,-0.995
-0.852,-0.553
-0.907,0.15
-1.026,1.361
-1.044,1.306
-1.06,1.758
-1.042,0.348
-1.066,1.988
-1.135,-0.557
-1.152,2.275
-1.209,1.45
-1.245,-0.007
-1.233,0.051
-1.312,0.884
-1.379,-0.69
-1.41,0.432
-1.418,-0.174
-1.359,0.74
-1.474,-0.737
-1.402,1.593
-1.474,2.131
-1.555,0.264
-1.563,1.12
-1.5,0.482
-1.564,0.908
-1.622,-1.196
-1.612,1.175
-1.661,-1.311
-1.737,-1.532
-1.738,1.457
-1.758,-0.115
-1.823,0.643
-1.792,-1.566
-1.8,0.582
-1.799,0.53
-1.814,1.967
-1.826,1.745
-1.83,0.222
-1.848,-0.024
-1.928,-0.779
-1.921,0.263
-1.921,-0.341
-1.86,0.185
-1.925,0.827
-1.965,1.346
-2.033,0.066
-1.988,-0.235
-2.087,-1.423
-2.109,-0.539
-2.109,-1.272
-2.048,2.184
-2.088,0.847
-2.165,1.817
-2.153,0.059
-2.191,2.305
-2.212,0.553
-2.159,0.027
-2.173,1.108
-2.261,1.856
-2.273,1.956
-2.308,-0.748
-2.233,-0.395
-2.31,-1.009
-2.259,0.666
-2.307,1.14
-2.333,0.762
-2.402,-1.364
-2.398,-1.573
-2.407,0.701
-2.454,1.194
-2.495,1.729
-2.431,0.493
-2.494,-0.956
-2.509,0.864
-2.603,2.181
-2.617,-0.235
-2.678,0.078
-2.739,0.042
-2.747,-0.443
-2.709,0.633
-2.777,0.314
-2.712,1.878
-2.754,1.557
-2.804,-1.515
-2.883,1.697
-2.947,-0.815
-2.938,0.38
-2.906,1.339
-2.973,-0.072
-3.124,2.247
3.077,-0.686
3.061,-1.477
3.052,1.83
3.039,-1.294
2.956,-0.782
2.86,0.403
2.891,0.525
2.8,0.344
2.83,2.139
2.773,0.641
2.701,-0.125
2.691,1.426
2.677,-0.208
2.603,1.531
2.655,1.13
2.572,0.929
2.553,-0.175
2.541,0.554
2.578,0.039
2.54,-0.121
2.523,-0.335
2.465,-0.719
2.477,1.694
2.44,0.424
2.45,0.898
2.42,-1.612
2.402,0.634
2.297,0.448
2.263,0.764
2.279,1.057
2.215,0.047
2.079,-1.425
2.01,-0.515
1.973,-0.322
2.033,-0.144
2.011,-0.413
1.944,-1.534
1.917,0.827
1.912,0.935
1.833,0.049
1.863,0.732
1.785,2.102
1.839,0.188
1.859,1.199
1.78,0.508
1.819,-1.634
1.774,-0.146
1.832,-1.21
1.793,-0.306
1.682,-0.508
1.675,-0.126
1.607,-0.179
1.66,-0.598
1.633,0.025
1.58,0.389
1.612,-0.205
1.629,0.423
1.611,-1.493
1.596,-0.487
1.568,1.012
1.568,0.083
1.57,0.573
1.533,1.059
1.529,2.057
1.5,-1.572
0.804,-1.689
0.756,-1.626
-0.128,-1.767
-0.479,-1.728
-1.16,-1.86
-1.143,-1.721
-1.663,-1.963
-1.673,-1.707
-1.703,-1.758
-2.789,-1.955
2.953,-1.716
2.756,-1.936
2.194,-1.789
1.786,-2.091
1.419,2.673
1.38,2.565
1.197,2.398
0.758,2.452
0.768,2.718
0.319,2.761
-0.069,2.603
-0.306,2.383
-0.295,2.681
-0.904,2.629
-1.023,2.518
-1.148,2.439
-1.243,2.396
-1.772,2.566
-2.065,2.469
-2.276,2.626
-2.52,2.787
-2.601,2.499
2.932,2.81
2.691,2.359
2.41,2.495
1.988,2.521
1.88,2.571
1.891,2.449
1.521,2.678
1.215,2.301
0.909,-0.327
0.817,-1.09
0.147,0.834
0.164,-1.47
-0.279,-0.482
-1.745,-1.317
-2.226,0.68
-3.059,1.989
2.93,1.265
2.474,-0.604
2.001,-0.943
-2.821,-1.871
-2.879,2.568
1.555,2.335
1.531,0.138
1.384,-0.18
1.464,-0.319
1.396,2.24
1.283,-0.493
1.154,1.837
1.275,-1.436
1.202,1.458
1.18,0.005
1.178,1.346
1.117,0.974
1.025,1.449
0.914,1.291
1.005,0.176
0.806,2.14
0.763,0.042
0.703,-0.738
0.682,1.357
0.532,-1.657
0.472,0.398
0.567,0.248
0.457,-1.382
0.346,0.782
0.351,0.393
0.037,1.03
0.15,2.028
0.028,0.299
0.008,2.227
-0.051,2.137
-0.157,-0.032
-0.225,0.952
-0.242,0.147
-0.476,2.278
-0.456,-1.542
-0.47,-1.336
-0.697,2.027
-0.607,-1.082
-0.805,-1.458
-0.965,0.513
-0.962,-0.272
-0.902,-0.491
-0.914,-1.64
-0.963,1.164
-0.991,-0.54
-1.136,-0.127
-1.134,2.153
-1.089,-0.588
-1.54,-1.138
-1.411,-0.57
-1.516,0.644
-1.512,-0.351
-1.638,-1.29
-1.545,1.866
-1.628,-0.109
-1.667,1.693
-1.846,0.325
-1.889,0.307
-1.889,2.161
-1.826,1.536
-1.977,-0.524
-1.982,-0.539
-1.849,-0.979
-2.006,0.178
-1.898,2.267
-1.912,1.126
-2.047,-1.185
-1.931,1.031
-1.948,1.203
-1.936,-0.584
-2.036,-0.433
-2.145,0.668
-2.215,1.433
-2.138,-1.628
-2.149,0.755
-2.271,2.314
-2.318,0.384
-2.207,-1.343
-2.285,0.187
-2.347,-0.093
-2.534,1.979
-2.499,-1.512
-2.53,1.692
-2.664,-1.046
-2.567,-0.347
-2.679,1.094
-2.606,-1.329
-2.779,0.673
-2.819,-1.469
-2.701,1.162
-2.837,-1.421
-2.899,-1.397
-3.035,0.713
-2.923,-0.256
-3.046,-1.52
-2.999,-1.672
-3.003,-1.395
-3.041,-0.32
3.078,1.274
2.907,1.968
2.796,0.071
2.778,-0.205
2.772,-0.161
2.774,0.783
2.768,0.73
2.746,0.665
2.639,0.497
2.607,-0.904
2.572,0.589
2.509,-0.992
2.467,-0.195
2.409,0.306
2.098,-0.363
2.203,-0.328
1.932,-0.25
2.054,0.084
2.003,-0.535
1.88,-1.525
1.687,2.131
1.811,0.358
1.663,0.582
1.653,-1.353
1.735,1.798
1.568,-0.826
1.565,1.239
1.552,1.843
1.455,0.406
1.546,-0.001
1.258,-1.878
0.788,-1.647
0.555,-1.929
0.24,-1.985
0.122,-1.934
-0.288,-1.73
-0.923,-1.997
-1.4,-1.941
-1.594,-1.792
3.025,-1.606
2.825,-1.893
2.788,-2.002
2.496,-1.835
2.553,-1.81
1.45,-1.837
1.266,2.344
1.194,2.446
0.768,2.631
0.308,2.551
-0.817,2.648
-1.186,2.345
-1.049,2.351
-1.407,2.388
-1.284,2.469
-1.519,2.686
-1.686,2.659
-1.808,2.386
-2.198,2.504
-2.343,2.421
-2.228,2.784
-2.221,2.502
-2.705,2.665
-3.037,2.813
2.983,2.736
2.551,2.596
2.092,2.565
1.986,2.611
1.947,2.573
-1.48,0.204
-1.928,-0.394
3.122,-1.561
2.86,-0.243
2.525,0.442
-0.724,0.989
-2.196,1.733
2.006,0.686
1.985,0.485
1.929,0.829
1.707,-0.634
0.999,1.33
0.019,-0.294
-0.076,-0.006
-0.225,0.503
0.04,-1.866
-1.98,-1.39
-2.199,2.453
2.319,2.029
2.231,2.262
2.003,2.189
2.078,2.008
2.977,2.173
-2.836,2.62
-0.104,1.837
-0.092,-0.794
-0.062,-0.32
-0.149,-0.278
-0.225,-0.179
-0.24,-0.1
-0.249,0.48
-0.29,-0.506
-0.352,-0.468
-0.46,1.497
-0.555,0.497
-0.668,-0.172
-0.608,1.447
-0.667,-0.529
-0.762,-1.014
-0.755,-0.869
-0.803,0.667
-0.739,0.275
-0.78,0.218
-0.879,1.457
-0.876,-0.814
-0.941,-1.729
-0.97,-1.053
-0.926,-0.611
-0.981,0.092
-1.1,1.303
-1.118,1.248
-1.134,1.7
-1.116,0.29
-1.14,1.93
-1.209,-0.615
-1.226,2.217
-1.283,1.392
-1.319,-0.065
-1.307,-0.007
-1.386,0.826
-1.453,-0.748
-1.484,0.374
-1.492,-0.232
-1.433,0.682
-1.548,-0.795
-1.476,1.535
-1.548,2.073
-1.629,0.206
-1.637,1.062
-1.574,0.424
-1.638,0.85
-1.696,-1.254
-1.686,1.117
-1.735,-1.369
-1.811,-1.59
-1.812,1.399
-1.832,-0.173
-1.897,0.585
-1.866,-1.624
-1.874,0.524
-1.873,0.472
-1.888,1.909
-1.9,1.687
-1.904,0.164
-1.922,-0.082
-2.002,-0.837
-1.995,0.205
-1.995,-0.399
-1.934,0.127
-1.999,0.769
-2.039,1.288
-2.107,0.008
-2.062,-0.293
-2.161,-1.481
-2.183,-0.597
-2.183,-1.33
-2.122,2.126
-2.162,0.789
-2.239,1.759
-2.227,0.001
-2.265,2.247
-2.286,0.495
-2.233,-0.031
-2.247,1.05
-2.335,1.798
-2.347,1.898
-2.382,-0.806
-2.307,-0.453
-2.384,-1.067
-2.333,0.608
-2.381,1.082
-2.407,0.704
-2.476,-1.422
-2.472,-1.631
-2.481,0.643
-2.528,1.136
-2.569,1.671
-2.505,0.435
-2.568,-1.014
-2.583,0.806
-2.677,2.123
-2.691,-0.293
-2.752,0.02
-2.813,-0.016
-2.821,-0.501
-2.783,0.575
-2.851,0.256
-2.786,1.82
-2.828,1.499
-2.878,-1.573
-2.957,1.639
-3.021,-0.873
-3.012,0.322
-2.98,1.281
-3.047,-0.13
3.085,2.189
3.003,-0.744
2.987,-1.535
2.978,1.772
2.965,-1.352
2.882,-0.84
2.786,0.345
2.817,0.467
2.726,0.286
2.756,2.081
2.699,0.583
2.627,-0.183
2.617,1.368
2.603,-0.266
2.529,1.473
2.581,1.072
2.498,0.871
2.479,-0.233
2.467,0.496
2.504,-0.019
2.466,-0.179
2.449,-0.393
2.391,-0.777
2.403,1.636
2.366,0.366
2.376,0.84
2.346,-1.67
2.328,0.576
2.223,0.39
2.189,0.706
2.205,0.999
2.141,-0.011
2.005,-1.483
1.936,-0.573
1.899,-0.38
1.959,-0.202
1.937,-0.471
1.87,-1.592
1.843,0.769
1.838,0.877
1.759,-0.009
1.789,0.674
1.711,2.044
1.765,0.13
1.785,1.141
1.706,0.45
1.745,-1.692
1.7,-0.204
1.758,-1.268
1.719,-0.364
1.608,-0.566
1.601,-0.184
1.533,-0.237
1.586,-0.656
1.559,-0.033
1.506,0.331
1.538,-0.263
1.555,0.365
1.537,-1.551
1.522,-0.545
1.494,0.954
1.494,0.025
1.496,0.515
1.459,1.001
1.455,1.999
1.426,-1.63
0.73,-1.747
0.682,-1.684
-0.202,-1.825
-0.553,-1.786
-1.234,-1.918
-1.217,-1.779
-1.737,-2.021
-1.747,-1.765
-1.777,-1.816
-2.863,-2.013
2.879,-1.774
2.682,-1.994
2.12,-1.847
1.712,-2.149
1.345,2.615
1.306,2.507
1.123,2.34
0.684,2.394
0.694,2.66
0.245,2.703
-0.143,2.545
-0.38,2.325
-0.369,2.623
-0.978,2.571
-1.097,2.46
-1.222,2.381
-1.317,2.338
-1.846,2.508
-2.139,2.411
-2.35,2.568
-2.594,2.729
-2.675,2.441
2.858,2.752
2.617,2.301
2.336,2.437
1.914,2.463
1.806,2.513
1.817,2.391
1.447,2.62
1.141,2.243
0.835,-0.385
0.743,-1.148
0.073,0.776
0.09,-1.528
-0.353,-0.54
-1.819,-1.375
-2.3,0.622
-3.133,1.931
2.856,1.207
2.4,-0.662
1.927,-1.001
-2.895,-1.929
-2.953,2.51
1.481,2.277
1.457,0.08
1.31,-0.238
1.39,-0.377
1.322,2.182
1.209,-0.551
1.08,1.779
1.201,-1.494
1.128,1.4
1.106,-0.053
1.104,1.288
1.043,0.916
0.951,1.391
0.84,1.233
0.931,0.118
0.732,2.082
0.689,-0.016
0.629,-0.796
0.608,1.299
0.458,-1.715
0.398,0.34
0.493,0.19
0.383,-1.44
0.272,0.724
0.277,0.335
-0.037,0.972
0.076,1.97
-0.046,0.241
-0.066,2.169
-0.125,2.079
-0.231,-0.09
-0.299,0.894
-0.316,0.089
-0.55,2.22
-0.53,-1.6
-0.544,-1.394
-0.771,1.969
-0.681,-1.14
-0.879,-1.516
-1.039,0.455
-1.036,-0.33
-0.976,-0.549
-0.988,-1.698
-1.037,1.106
-1.065,-0.598
-1.21,-0.185
-1.208,2.095
-1.163,-0.646
-1.614,-1.196
-1.485,-0.628
-1.59,0.586
-1.586,-0.409
-1.712,-1.348
-1.619,1.808
-1.702,-0.167
-1.741,1.635
-1.92,0.267
-1.963,0.249
-1.963,2.103
-1.9,1.478
-2.051,-0.582
-2.056,-0.597
-1.923,-1.037
-2.08,0.12
-1.972,2.209
-1.986,1.068
-2.121,-1.243
-2.005,0.973
-2.022,1.145
-2.01,-0.642
-2.11,-0.491
-2.219,0.61
-2.289,1.375
-2.212,-1.686
-2.223,0.697
-2.345,2.256
-2.392,0.326
-2.281,-1.401
-2.359,0.129
-2.421,-0.151
-2.608,1.921
-2.573,-1.57
-2.604,1.634
-2.738,-1.104
-2.641,-0.405
-2.753,1.036
-2.68,-1.387
-2.853,0.615
-2.893,-1.527
-2.775,1.104
-2.911,-1.479
-2.973,-1.455
-3.109,0.655
-2.997,-0.314
-3.12,-1.578
-3.073,-1.73
-3.077,-1.453
-3.115,-0.378
3.004,1.216
2.833,1.91
2.722,0.013
2.704,-0.263
2.698,-0.219
2.7,0.725
2.694,0.672
2.672,0.607
2.565,0.439
2.533,-0.962
2.498,0.531
2.435,-1.05
2.393,-0.253
2.335,0.248
2.024,-0.421
2.129,-0.386
1.858,-0.308
1.98,0.026
1.929,-0.593
1.806,-1.583
1.613,2.073
1.737,0.3
1.589,0.524
1.579,-1.411
1.661,1.74
1.494,-0.884
1.491,1.181
1.478,1.785
1.381,0.348
1.472,-0.059
1.184,-1.936
0.714,-1.705
0.481,-1.987
0.166,-2.043
0.048,-1.992
-0.362,-1.788
-0.997,-2.055
-1.474,-1.999
-1.668,-1.85
2.951,-1.664
2.751,-1.951
2.714,-2.06
2.422,-1.893
2.479,-1.868
1.376,-1.895
1.192,2.286
1.12,2.388
0.694,2.573
0.234,2.493
-0.891,2.59
-1.26,2.287
-1.123,2.293
-1.481,2.33
-1.358,2.411
-1.593,2.628
-1.76,2.601
-1.882,2.328
-2.272,2.446
-2.417,2.363
-2.302,2.726
-2.295,2.444
-2.779,2.607
-3.111,2.755
2.909,2.678
2.477,2.538
2.018,2.507
1.912,2.553
1.873,2.515
-1.554,0.146
-2.002,-0.452
3.048,-1.619
2.786,-0.301
2.451,0.384
-0.798,0.931
-2.27,1.675
1.932,0.628
1.911,0.427
1.855,0.771
1.633,-0.692
0.925,1.272
-0.055,-0.352
-0.15,-0.064
-0.299,0.445
-0.034,-1.924
-2.054,-1.448
-2.273,2.395
2.245,1.971
2.157,2.204
1.929,2.131
2.004,1.95
2.903,2.115
-2.91,2.562
0.012,-2.631
0.042,-2.157
-0.045,-2.115
-0.121,-2.016
-0.136,-1.937
-0.145,-1.357
-0.186,-2.343
-0.248,-2.305
-0.356,-0.34
-0.451,-1.34
-0.564,-2.009
-0.504,-0.39
-0.563,-2.366
-0.658,-2.851
-0.651,-2.706
-0.699,-1.17
-0.635,-1.562
-0.676,-1.619
-0.775,-0.38
-0.772,-2.651
-0.837,-3.566
-0.866,-2.89
-0.822,-2.448
-0.877,-1.745
-0.996,-0.534
-1.014,-0.589
-1.03,-0.137
-1.012,-1.547
-1.036,0.093
-1.105,-2.452
-1.122,0.38
-1.179,-0.445
-1.215,-1.902
-1.203,-1.844
-1.282,-1.011
-1.349,-2.585
-1.38,-1.463
-1.388,-2.069
-1.329,-1.155
-1.444,-2.632
-1.372,-0.302
-1.444,0.236
-1.525,-1.631
-1.533,-0.775
-1.47,-1.413
-1.534,-0.987
-1.592,-3.091
-1.582,-0.72
-1.631,-3.206
-1.707,-3.427
-1.708,-0.438
-1.728,-2.01
-1.793,-1.252
-1.762,-3.461
-1.77,-1.313
-1.769,-1.365
-1.784,0.072
-1.796,-0.15
-1.8,-1.673
-1.818,-1.919
-1.898,-2.674
-1.891,-1.632
-1.891,-2.236
-1.83,-1.71
-1.895,-1.068
-1.935,-0.549
-2.003,-1.829
-1.958,-2.13
-2.057,-3.318
-2.079,-2.434
-2.079,-3.167
-2.018,0.289
-2.058,-1.048
-2.135,-0.078
-2.123,-1.836
-2.161,0.41
-2.182,-1.342
-2.129,-1.868
-2.143,-0.787
-2.231,-0.039
-2.243,0.061
-2.278,-2.643
-2.203,-2.29
-2.28,-2.904
-2.229,-1.229
-2.277,-0.755
-2.303,-1.133
-2.372,-3.259
-2.368,-3.468
-2.377,-1.194
-2.424,-0.701
-2.465,-0.166
-2.401,-1.402
-2.464,-2.851
-2.479,-1.031
-2.573,0.286
-2.587,-2.13
-2.648,-1.817
-2.709,-1.853
-2.717,-2.338
-2.679,-1.262
-2.747,-1.581
-2.682,-0.017
-2.724,-0.338
-2.774,-3.41
-2.853,-0.198
-2.917,-2.71
-2.908,-1.515
-2.876,-0.556
-2.943,-1.967
-3.094,0.352
3.107,-2.581
3.091,-3.372
3.082,-0.065
3.069,-3.189
2.986,-2.677
2.89,-1.492
2.921,-1.37
2.83,-1.551
2.86,0.244
2.803,-1.254
2.731,-2.02
2.721,-0.469
2.707,-2.103
2.633,-0.364
2.685,-0.765
2.602,-0.966
2.583,-2.07
2.571,-1.341
2.608,-1.856
2.57,-2.016
2.553,-2.23
2.495,-2.614
2.507,-0.201
2.47,-1.471
2.48,-0.997
2.45,-3.507
2.432,-1.261
2.327,-1.447
2.293,-1.131
2.309,-0.838
2.245,-1.848
2.109,-3.32
2.04,-2.41
2.003,-2.217
2.063,-2.039
2.041,-2.308
1.974,-3.429
1.947,-1.068
1.942,-0.96
1.863,-1.846
1.893,-1.163
1.815,0.207
1.869,-1.707
1.889,-0.696
1.81,-1.387
1.849,-3.529
1.804,-2.041
1.862,-3.105
1.823,-2.201
1.712,-2.403
1.705,-2.021
1.637,-2.074
1.69,-2.493
1.663,-1.87
1.61,-1.506
1.642,-2.1
1.659,-1.472
1.641,-3.388
1.626,-2.382
1.598,-0.883
1.598,-1.812
1.6,-1.322
1.563,-0.836
1.559,0.162
1.53,-3.467
0.834,-3.584
0.786,-3.521
-0.098,-3.662
-0.449,-3.623
-1.13,-3.755
-1.113,-3.616
-1.633,-3.858
-1.643,-3.602
-1.673,-3.653
-2.759,-3.85
2.983,-3.611
2.786,-3.831
2.224,-3.684
1.816,-3.986
1.449,0.778
1.41,0.67
1.227,0.503
0.788,0.557
0.798,0.823
0.349,0.866
-0.039,0.708
-0.276,0.488
-0.265,0.786
-0.874,0.734
-0.993,0.623
-1.118,0.544
-1.213,0.501
-1.742,0.671
-2.035,0.574
-2.246,0.731
-2.49,0.892
-2.571,0.604
2.962,0.915
2.721,0.464
2.44,0.6
2.018,0.626
1.91,0.676
1.921,0.554
1.551,0.783
1.245,0.406
0.939,-2.222
0.847,-2.985
0.177,-1.061
0.194,-3.365
-0.249,-2.377
-1.715,-3.212
-2.196,-1.215
-3.029,0.094
2.96,-0.63
2.504,-2.499
2.031,-2.838
-2.791,-3.766
-2.849,0.673
1.585,0.44
1.561,-1.757
1.414,-2.075
1.494,-2.214
1.426,0.345
1.313,-2.388
1.184,-0.058
1.305,-3.331
1.232,-0.437
1.21,-1.89
1.208,-0.549
1.147,-0.921
1.055,-0.446
0.944,-0.604
1.035,-1.719
0.836,0.245
0.793,-1.853
0.733,-2.633
0.712,-0.538
0.562,-3.552
0.502,-1.497
0.597,-1.647
0.487,-3.277
0.376,-1.113
0.381,-1.502
0.067,-0.865
0.18,0.133
0.058,-1.596
0.038,0.332
-0.021,0.242
-0.127,-1.927
-0.195,-0.943
-0.212,-1.748
-0.446,0.383
-0.426,-3.437
-0.44,-3.231
-0.667,0.132
-0.577,-2.977
-0.775,-3.353
-0.935,-1.382
-0.932,-2.167
-0.872,-2.386
-0.884,-3.535
-0.933,-0.731
-0.961,-2.435
-1.106,-2.022
-1.104,0.258
-1.059,-2.483
-1.51,-3.033
-1.381,-2.465
-1.486,-1.251
-1.482,-2.246
-1.608,-3.185
-1.515,-0.029
-1.598,-2.004
-1.637,-0.202
-1.816,-1.57
-1.859,-1.588
-1.859,0.266
-1.796,-0.359
-1.947,-2.419
-1.952,-2.434
-1.819,-2.874
-1.976,-1.717
-1.868,0.372
-1.882,-0.769
-2.017,-3.08
-1.901,-0.864
-1.918,-0.692
-1.906,-2.479
-2.006,-2.328
-2.115,-1.227
-2.185,-0.462
-2.108,-3.523
-2.119,-1.14
-2.241,0.419
-2.288,-1.511
-2.177,-3.238
-2.255,-1.708
-2.317,-1.988
-2.504,0.084
-2.469,-3.407
-2.5,-0.203
-2.634,-2.941
-2.537,-2.242
-2.649,-0.801
-2.576,-3.224
-2.749,-1.222
-2.789,-3.364
-2.671,-0.733
-2.807,-3.316
-2.869,-3.292
-3.005,-1.182
-2.893,-2.151
-3.016,-3.415
-2.969,-3.567
-2.973,-3.29
-3.011,-2.215
3.108,-0.621
2.937,0.073
2.826,-1.824
2.808,-2.1
2.802,-2.056
2.804,-1.112
2.798,-1.165
2.776,-1.23
2.669,-1.398
2.637,-2.799
2.602,-1.306
2.539,-2.887
2.497,-2.09
2.439,-1.589
2.128,-2.258
2.233,-2.223
1.962,-2.145
2.084,-1.811
2.033,-2.43
1.91,-3.42
1.717,0.236
1.841,-1.537
1.693,-1.313
1.683,-3.248
1.765,-0.097
1.598,-2.721
1.595,-0.656
1.582,-0.052
1.485,-1.489
1.576,-1.896
1.288,-3.773
0.818,-3.542
0.585,-3.824
0.27,-3.88
0.152,-3.829
-0.258,-3.625
-0.893,-3.892
-1.37,-3.836
-1.564,-3.687
3.055,-3.501
2.855,-3.788
2.818,-3.897
2.526,-3.73
2.583,-3.705
1.48,-3.732
1.296,0.449
1.224,0.551
0.798,0.736
0.338,0.656
-0.787,0.753
-1.156,0.45
-1.019,0.456
-1.377,0.493
-1.254,0.574
-1.489,0.791
-1.656,0.764
-1.778,0.491
-2.168,0.609
-2.313,0.526
-2.198,0.889
-2.191,0.607
-2.675,0.77
-3.007,0.918
3.013,0.841
2.581,0.701
2.122,0.67
2.016,0.716
1.977,0.678
-1.45,-1.691
-1.898,-2.289
-3.131,-3.456
2.89,-2.138
2.555,-1.453
-0.694,-0.906
-2.166,-0.162
2.036,-1.209
2.015,-1.41
1.959,-1.066
1.737,-2.529
1.029,-0.565
0.049,-2.189
-0.046,-1.901
-0.195,-1.392
0.07,-3.761
-1.95,-3.285
-2.169,0.558
2.349,0.134
2.261,0.367
2.033,0.294
2.108,0.113
3.007,0.278
-2.806,0.725
0.03,0.474
-0.057,0.516
-0.133,0.615
-0.148,0.694
-0.157,1.274
-0.198,0.288
-0.26,0.326
-0.368,2.291
-0.463,1.291
-0.576,0.622
-0.516,2.241
-0.575,0.265
-0.67,-0.22
-0.663,-0.075
-0.711,1.461
-0.647,1.069
-0.688,1.012
-0.787,2.251
-0.784,-0.02
-0.849,-0.935
-0.878,-0.259
-0.834,0.183
-0.889,0.886
-1.008,2.097
-1.026,2.042
-1.042,2.494
-1.024,1.084
-1.048,2.724
-1.117,0.179
-1.134,3.011
-1.191,2.186
-1.227,0.729
-1.215,0.787
-1.294,1.62
-1.361,0.046
-1.392,1.168
-1.4,0.562
-1.341,1.476
-1.456,-0.001
-1.384,2.329
-1.456,2.867
-1.537,1.0
-1.545,1.856
-1.482,1.218
-1.546,1.644
-1.604,-0.46
-1.594,1.911
-1.643,-0.575
-1.719,-0.796
-1.72,2.193
-1.74,0.621
-1.805,1.379
-1.774,-0.83
-1.782,1.318
-1.781,1.266
-1.796,2.703
-1.808,2.481
-1.812,0.958
-1.83,0.712
-1.91,-0.043
-1.903,0.999
-1.903,0.395
-1.842,0.921
-1.907,1.563
-1.947,2.082
-2.015,0.802
-1.97,0.501
-2.069,-0.687
-2.091,0.197
-2.091,-0.536
-2.03,2.92
-2.07,1.583
-2.147,2.553
-2.135,0.795
-2.173,3.041
-2.194,1.289
-2.141,0.763
-2.155,1.844
-2.243,2.592
-2.255,2.692
-2.29,-0.012
-2.215,0.341
-2.292,-0.273
-2.241,1.402
-2.289,1.876
-2.315,1.498
-2.384,-0.628
-2.38,-0.837
-2.389,1.437
-2.436,1.93
-2.477,2.465
-2.413,1.229
-2.476,-0.22
-2.491,1.6
-2.585,2.917
-2.599,0.501
-2.66,0.814
-2.721,0.778
-2.729,0.293
-2.691,1.369
-2.759,1.05
-2.694,2.614
-2.736,2.293
-2.786,-0.779
-2.865,2.433
-2.929,-0.079
-2.92,1.116
-2.888,2.075
-2.955,0.664
-3.106,2.983
3.095,0.05
3.079,-0.741
3.07,2.566
3.057,-0.558
2.974,-0.046
2.878,1.139
2.909,1.261
2.818,1.08
2.848,2.875
2.791,1.377
2.719,0.611
2.709,2.162
2.695,0.528
2.621,2.267
2.673,1.866
2.59,1.665
2.571,0.561
2.559,1.29
2.596,0.775
2.558,0.615
2.541,0.401
2.483,0.017
2.495,2.43
2.458,1.16
2.468,1.634
2.438,-0.876
2.42,1.37
2.315,1.184
2.281,1.5
2.297,1.793
2.233,0.783
2.097,-0.689
2.028,0.221
1.991,0.414
2.051,0.592
2.029,0.323
1.962,-0.798
1.935,1.563
1.93,1.671
1.851,0.785
1.881,1.468
1.803,2.838
1.857,0.924
1.877,1.935
1.798,1.244
1.837,-0.898
1.792,0.59
1.85,-0.474
1.811,0.43
1.7,0.228
1.693,0.61
1.625,0.557
1.678,0.138
1.651,0.761
1.598,1.125
1.63,0.531
1.647,1.159
1.629,-0.757
1.614,0.249
1.586,1.748
1.586,0.819
1.588,1.309
1.551,1.795
1.547,2.793
1.518,-0.836
0.822,-0.953
0.774,-0.89
-0.11,-1.031
-0.461,-0.992
-1.142,-1.124
-1.125,-0.985
-1.645,-1.227
-1.655,-0.971
-1.685,-1.022
-2.771,-1.219
2.971,-0.98
2.774,-1.2
2.212,-1.053
1.804,-1.355
1.437,3.409
1.398,3.301
1.215,3.134
0.776,3.188
0.786,3.454
0.337,3.497
-0.051,3.339
-0.288,3.119
-0.277,3.417
-0.886,3.365
-1.005,3.254
-1.13,3.175
-1.225,3.132
-1.754,3.302
-2.047,3.205
-2.258,3.362
-2.502,3.523
-2.583,3.235
2.95,3.546
2.709,3.095
2.428,3.231
2.006,3.257
1.898,3.307
1.909,3.185
1.539,3.414
1.233,3.037
0.927,0.409
0.835,-0.354
0.165,1.57
0.182,-0.734
-0.261,0.254
-1.727,-0.581
-2.208,1.416
-3.041,2.725
2.948,2.001
2.492,0.132
2.019,-0.207
-2.803,-1.135
-2.861,3.304
1.573,3.071
1.549,0.874
1.402,0.556
1.482,0.417
1.414,2.976
1.301,0.243
1.172,2.573
1.293,-0.7
1.22,2.194
1.198,0.741
1.196,2.082
1.135,1.71
1.043,2.185
0.932,2.027
1.023,0.912
0.824,2.876
0.781,0.778
0.721,-0.002
0.7,2.093
0.55,-0.921
0.49,1.134
0.585,0.984
0.475,-0.646
0.364,1.518
0.369,1.129
0.055,1.766
0.168,2.764
0.046,1.035
0.026,2.963
-0.033,2.873
-0.139,0.704
-0.207,1.688
-0.224,0.883
-0.458,3.014
-0.438,-0.806
-0.452,-0.6
-0.679,2.763
-0.589,-0.346
-0.787,-0.722
-0.947,1.249
-0.944,0.464
-0.884,0.245
-0.896,-0.904
-0.945,1.9
-0.973,0.196
-1.118,0.609
-1.116,2.889
-1.071,0.148
-1.522,-0.402
-1.393,0.166
-1.498,1.38
-1.494,0.385
-1.62,-0.554
-1.527,2.602
-1.61,0.627
-1.649,2.429
-1.828,1.061
-1.871,1.043
-1.871,2.897
-1.808,2.272
-1.959,0.212
-1.964,0.197
-1.831,-0.243
-1.988,0.914
-1.88,3.003
-1.894,1.862
-2.029,-0.449
-1.913,1.767
-1.93,1.939
-1.918,0.152
-2.018,0.303
-2.127,1.404
-2.197,2.169
-2.12,-0.892
-2.131,1.491
-2.253,3.05
-2.3,1.12
-2.189,-0.607
-2.267,0.923
-2.329,0.643
-2.516,2.715
-2.481,-0.776
-2.512,2.428
-2.646,-0.31
-2.549,0.389
-2.661,1.83
-2.588,-0.593
-2.761,1.409
-2.801,-0.733
-2.683,1.898
-2.819,-0.685
-2.881,-0.661
-3.017,1.449
-2.905,0.48
-3.028,-0.784
-2.981,-0.936
-2.985,-0.659
-3.023,0.416
3.096,2.01
2.925,2.704
2.814,0.807
2.796,0.531
2.79,0.575
2.792,1.519
2.786,1.466
2.764,1.401
2.657,1.233
2.625,-0.168
2.59,1.325
2.527,-0.256
2.485,0.541
2.427,1.042
2.116,0.373
2.221,0.408
1.95,0.486
2.072,0.82
2.021,0.201
1.898,-0.789
1.705,2.867
1.829,1.094
1.681,1.318
1.671,-0.617
1.753,2.534
1.586,-0.09
1.583,1.975
1.57,2.579
1.473,1.142
1.564,0.735
1.276,-1.142
0.806,-0.911
0.573,-1.193
0.258,-1.249
0.14,-1.198
-0.27,-0.994
-0.905,-1.261
-1.382,-1.205
-1.576,-1.056
3.043,-0.87
2.843,-1.157
2.806,-1.266
2.514,-1.099
2.571,-1.074
1.468,-1.101
1.284,3.08
1.212,3.182
0.786,3.367
0.326,3.287
-0.799,3.384
-1.168,3.081
-1.031,3.087
-1.389,3.124
-1.266,3.205
-1.501,3.422
-1.668,3.395
-1.79,3.122
-2.18,3.24
-2.325,3.157
-2.21,3.52
-2.203,3.238
-2.687,3.401
-3.019,3.549
3.001,3.472
2.569,3.332
2.11,3.301
2.004,3.347
1.965,3.309
-1.462,0.94
-1.91,0.342
3.14,-0.825
2.878,0.493
2.543,1.178
-0.706,1.725
-2.178,2.469
2.024,1.422
2.003,1.221
1.947,1.565
1.725,0.102
1.017,2.066
0.037,0.442
-0.058,0.73
-0.207,1.239
0.058,-1.13
-1.962,-0.654
-2.181,3.189
2.337,2.765
2.249,2.998
2.021,2.925
2.096,2.744
2.995,2.909
-2.818,3.356
-0.087,0.042
-0.163,0.141
-0.178,0.22
-0.187,0.8
-0.228,-0.186
-0.29,-0.148
-0.398,1.817
-0.493,0.817
-0.606,0.148
-0.546,1.767
-0.605,-0.209
-0.7,-0.694
-0.693,-0.549
-0.741,0.987
-0.677,0.595
-0.718,0.538
-0.817,1.777
-0.814,-0.494
-0.879,-1.409
-0.908,-0.733
-0.864,-0.291
-0.919,0.412
-1.038,1.623
-1.056,1.568
-1.072,2.02
-1.054,0.61
-1.078,2.25
-1.147,-0.295
-1.164,2.537
-1.221,1.712
-1.257,0.255
-1.245,0.313
-1.324,1.146
-1.391,-0.428
-1.422,0.694
-1.43,0.088
-1.371,1.002
-1.486,-0.475
-1.414,1.855
-1.486,2.393
-1.567,0.526
-1.575,1.382
-1.512,0.744
-1.576,1.17
-1.634,-0.934
-1.624,1.437
-1.673,-1.049
-1.749,-1.27
-1.75,1.719
-1.77,0.147
-1.835,0.905
-1.804,-1.304
-1.812,0.844
-1.811,0.792
-1.826,2.229
-1.838,2.007
-1.842,0.484
-1.86,0.238
-1.94,-0.517
-1.933,0.525
-1.933,-0.079
-1.872,0.447
-1.937,1.089
-1.977,1.608
-2.045,0.328
-2.0,0.027
-2.099,-1.161
-2.121,-0.277
-2.121,-1.01
-2.06,2.446
-2.1,1.109
-2.177,2.079
-2.165,0.321
-2.203,2.567
-2.224,0.815
-2.171,0.289
-2.185,1.37
-2.273,2.118
-2.285,2.218
-2.32,-0.486
-2.245,-0.133
-2.322,-0.747
-2.271,0.928
-2.319,1.402
-2.345,1.024
-2.414,-1.102
-2.41,-1.311
-2.419,0.963
-2.466,1.456
-2.507,1.991
-2.443,0.755
-2.506,-0.694
-2.521,1.126
-2.615,2.443
-2.629,0.027
-2.69,0.34
-2.751,0.304
-2.759,-0.181
-2.721,0.895
-2.789,0.576
-2.724,2.14
-2.766,1.819
-2.816,-1.253
-2.895,1.959
-2.959,-0.553
-2.95,0.642
-2.918,1.601
-2.985,0.19
-3.136,2.509
3.065,-0.424
3.049,-1.215
3.04,2.092
3.027,-1.032
2.944,-0.52
2.848,0.665
2.879,0.787
2.788,0.606
2.818,2.401
2.761,0.903
2.689,0.137
2.679,1.688
2.665,0.054
2.591,1.793
2.643,1.392
2.56,1.191
2.541,0.087
2.529,0.816
2.566,0.301
2.528,0.141
2.511,-0.073
2.453,-0.457
2.465,1.956
2.428,0.686
2.438,1.16
2.408,-1.35
2.39,0.896
2.285,0.71
2.251,1.026
2.267,1.319
2.203,0.309
2.067,-1.163
1.998,-0.253
1.961,-0.06
2.021,0.118
1.999,-0.151
1.932,-1.272
1.905,1.089
1.9,1.197
1.821,0.311
1.851,0.994
1.773,2.364
1.827,0.45
1.847,1.461
1.768,0.77
1.807,-1.372
1.762,0.116
1.82,-0.948
1.781,-0.044
1.67,-0.246
1.663,0.136
1.595,0.083
1.648,-0.336
1.621,0.287
1.568,0.651
1.6,0.057
1.617,0.685
1.599,-1.231
1.584,-0.225
1.556,1.274
1.556,0.345
1.558,0.835
1.521,1.321
1.517,2.319
1.488,-1.31
0.792,-1.427
0.744,-1.364
-0.14,-1.505
-0.491,-1.466
-1.172,-1.598
-1.155,-1.459
-1.675,-1.701
-1.685,-1.445
-1.715,-1.496
-2.801,-1.693
2.941,-1.454
2.744,-1.674
2.182,-1.527
1.774,-1.829
1.407,2.935
1.368,2.827
1.185,2.66
0.746,2.714
0.756,2.98
0.307,3.023
-0.081,2.865
-0.318,2.645
-0.307,2.943
-0.916,2.891
-1.035,2.78
-1.16,2.701
-1.255,2.658
-1.784,2.828
-2.077,2.731
-2.288,2.888
-2.532,3.049
-2.613,2.761
2.92,3.072
2.679,2.621
2.398,2.757
1.976,2.783
1.868,2.833
1.879,2.711
1.509,2.94
1.203,2.563
0.897,-0.065
0.805,-0.828
0.135,1.096
0.152,-1.208
-0.291,-0.22
-1.757,-1.055
-2.238,0.942
-3.071,2.251
2.918,1.527
2.462,-0.342
1.989,-0.681
-2.833,-1.609
-2.891,2.83
1.543,2.597
1.519,0.4
1.372,0.082
1.452,-0.057
1.384,2.502
1.271,-0.231
1.142,2.099
1.263,-1.174
1.19,1.72
1.168,0.267
1.166,1.608
1.105,1.236
1.013,1.711
0.902,1.553
0.993,0.438
0.794,2.402
0.751,0.304
0.691,-0.476
0.67,1.619
0.52,-1.395
0.46,0.66
0.555,0.51
0.445,-1.12
0.334,1.044
0.339,0.655
0.025,1.292
0.138,2.29
0.016,0.561
-0.004,2.489
-0.063,2.399
-0.169,0.23
-0.237,1.214
-0.254,0.409
-0.488,2.54
-0.468,-1.28
-0.482,-1.074
-0.709,2.289
-0.619,-0.82
-0.817,-1.196
-0.977,0.775
-0.974,-0.01
-0.914,-0.229
-0.926,-1.378
-0.975,1.426
-1.003,-0.278
-1.148,0.135
-1.146,2.415
-1.101,-0.326
-1.552,-0.876
-1.423,-0.308
-1.528,0.906
-1.524,-0.089
-1.65,-1.028
-1.557,2.128
-1.64,0.153
-1.679,1.955
-1.858,0.587
-1.901,0.569
-1.901,2.423
-1.838,1.798
-1.989,-0.262
-1.994,-0.277
-1.861,-0.717
-2.018,0.44
-1.91,2.529
-1.924,1.388
-2.059,-0.923
-1.943,1.293
-1.96,1.465
-1.948,-0.322
-2.048,-0.171
-2.157,0.93
-2.227,1.695
-2.15,-1.366
-2.161,1.017
-2.283,2.576
-2.33,0.646
-2.219,-1.081
-2.297,0.449
-2.359,0.169
-2.546,2.241
-2.511,-1.25
-2.542,1.954
-2.676,-0.784
-2.579,-0.085
-2.691,1.356
-2.618,-1.067
-2.791,0.935
-2.831,-1.207
-2.713,1.424
-2.849,-1.159
-2.911,-1.135
-3.047,0.975
-2.935,0.006
-3.058,-1.258
-3.011,-1.41
-3.015,-1.133
-3.053,-0.058
3.066,1.536
2.895,2.23
2.784,0.333
2.766,0.057
2.76,0.101
2.762,1.045
2.756,0.992
2.734,0.927
2.627,0.759
2.595,-0.642
2.56,0.851
2.497,-0.73
2.455,0.067
2.397,0.568
2.086,-0.101
2.191,-0.066
1.92,0.012
2.042,0.346
1.991,-0.273
1.868,-1.263
1.675,2.393
1.799,0.62
1.651,0.844
1.641,-1.091
1.723,2.06
1.556,-0.564
1.553,1.501
1.54,2.105
1.443,0.668
1.534,0.261
1.246,-1.616
0.776,-1.385
0.543,-1.667
0.228,-1.723
0.11,-1.672
-0.3,-1.468
-0.935,-1.735
-1.412,-1.679
-1.606,-1.53
3.013,-1.344
2.813,-1.631
2.776,-1.74
2.484,-1.573
2.541,-1.548
1.438,-1.575
1.254,2.606
1.182,2.708
0.756,2.893
0.296,2.813
-0.829,2.91
-1.198,2.607
-1.061,2.613
-1.419,2.65
-1.296,2.731
-1.531,2.948
-1.698,2.921
-1.82,2.648
-2.21,2.766
-2.355,2.683
-2.24,3.046
-2.233,2.764
-2.717,2.927
-3.049,3.075
2.971,2.998
2.539,2.858
2.08,2.827
1.974,2.873
1.935,2.835
-1.492,0.466
-1.94,-0.132
3.11,-1.299
2.848,0.019
2.513,0.704
-0.736,1.251
-2.208,1.995
1.994,0.948
1.973,0.747
1.917,1.091
1.695,-0.372
0.987,1.592
0.007,-0.032
-0.088,0.256
-0.237,0.765
0.028,-1.604
-1.992,-1.128
-2.211,2.715
2.307,2.291
2.219,2.524
1.991,2.451
2.066,2.27
2.965,2.435
-2.848,2.882
-0.076,0.099
-0.091,0.178
-0.1,0.758
-0.141,-0.228
-0.203,-0.19
-0.311,1.775
-0.406,0.775
-0.519,0.106
-0.459,1.725
-0.518,-0.251
-0.613,-0.736
-0.606,-0.591
-0.654,0.945
-0.59,0.553
-0.631,0.496
-0.73,1.735
-0.727,-0.536
-0.792,-1.451
-0.821,-0.775
-0.777,-0.333
-0.832,0.37
-0.951,1.581
-0.969,1.526
-0.985,1.978
-0.967,0.568
-0.991,2.208
-1.06,-0.337
-1.077,2.495
-1.134,1.67
-1.17,0.213
-1.158,0.271
-1.237,1.104
-1.304,-0.47
-1.335,0.652
-1.343,0.046
-1.284,0.96
-1.399,-0.517
-1.327,1.813
-1.399,2.351
-1.48,0.484
-1.488,1.34
-1.425,0.702
-1.489,1.128
-1.547,-0.976
-1.537,1.395
-1.586,-1.091
-1.662,-1.312
-1.663,1.677
-1.683,0.105
-1.748,0.863
-1.717,-1.346
-1.725,0.802
-1.724,0.75
-1.739,2.187
-1.751,1.965
-1.755,0.442
-1.773,0.196
-1.853,-0.559
-1.846,0.483
-1.846,-0.121
-1.785,0.405
-1.85,1.047
-1.89,1.566
-1.958,0.286
-1.913,-0.015
-2.012,-1.203
-2.034,-0.319
-2.034,-1.052
-1.973,2.404
-2.013,1.067
-2.09,2.037
-2.078,0.279
-2.116,2.525
-2.137,0.773
-2.084,0.247
-2.098,1.328
-2.186,2.076
-2.198,2.176
-2.233,-0.528
-2.158,-0.175
-2.235,-0.789
-2.184,0.886
-2.232,1.36
-2.258,0.982
-2.327,-1.144
-2.323,-1.353
-2.332,0.921
-2.379,1.414
-2.42,1.949
-2.356,0.713
-2.419,-0.736
-2.434,1.084
-2.528,2.401
-2.542,-0.015
-2.603,0.298
-2.664,0.262
-2.672,-0.223
-2.634,0.853
-2.702,0.534
-2.637,2.098
-2.679,1.777
-2.729,-1.295
-2.808,1.917
-2.872,-0.595
-2.863,0.6
-2.831,1.559
-2.898,0.148
-3.049,2.467
-3.131,-0.466
3.136,-1.257
3.127,2.05
3.114,-1.074
3.031,-0.562
2.935,0.623
2.966,0.745
2.875,0.564
2.905,2.359
2.848,0.861
2.776,0.095
2.766,1.646
2.752,0.012
2.678,1.751
2.73,1.35
2.647,1.149
2.628,0.045
2.616,0.774
2.653,0.259
2.615,0.099
2.598,-0.115
2.54,-0.499
2.552,1.914
2.515,0.644
2.525,1.118
2.495,-1.392
2.477,0.854
2.372,0.668
2.338,0.984
2.354,1.277
2.29,0.267
2.154,-1.205
2.085,-0.295
2.048,-0.102
2.108,0.076
2.086,-0.193
2.019,-1.314
1.992,1.047
1.987,1.155
1.908,0.269
1.938,0.952
1.86,2.322
1.914,0.408
1.934,1.419
1.855,0.728
1.894,-1.414
1.849,0.074
1.907,-0.99
1.868,-0.086
1.757,-0.288
1.75,0.094
1.682,0.041
1.735,-0.378
1.708,0.245
1.655,0.609
1.687,0.015
1.704,0.643
1.686,-1.273
1.671,-0.267
1.643,1.232
1.643,0.303
1.645,0.793
1.608,1.279
1.604,2.277
1.575,-1.352
0.879,-1.469
0.831,-1.406
-0.053,-1.547
-0.404,-1.508
-1.085,-1.64
-1.068,-1.501
-1.588,-1.743
-1.598,-1.487
-1.628,-1.538
-2.714,-1.735
3.028,-1.496
2.831,-1.716
2.269,-1.569
1.861,-1.871
1.494,2.893
1.455,2.785
1.272,2.618
0.833,2.672
0.843,2.938
0.394,2.981
0.006,2.823
-0.231,2.603
-0.22,2.901
-0.829,2.849
-0.948,2.738
-1.073,2.659
-1.168,2.616
-1.697,2.786
-1.99,2.689
-2.201,2.846
-2.445,3.007
-2.526,2.719
3.007,3.03
2.766,2.579
2.485,2.715
2.063,2.741
1.955,2.791
1.966,2.669
1.596,2.898
1.29,2.521
0.984,-0.107
0.892,-0.87
0.222,1.054
0.239,-1.25
-0.204,-0.262
-1.67,-1.097
-2.151,0.9
-2.984,2.209
3.005,1.485
2.549,-0.384
2.076,-0.723
-2.746,-1.651
-2.804,2.788
1.63,2.555
1.606,0.358
1.459,0.04
1.539,-0.099
1.471,2.46
1.358,-0.273
1.229,2.057
1.35,-1.216
1.277,1.678
1.255,0.225
1.253,1.566
1.192,1.194
1.1,1.669
0.989,1.511
1.08,0.396
0.881,2.36
0.838,0.262
0.778,-0.518
0.757,1.577
0.607,-1.437
0.547,0.618
0.642,0.468
0.532,-1.162
0.421,1.002
0.426,0.613
0.112,1.25
0.225,2.248
0.103,0.519
0.083,2.447
0.024,2.357
-0.082,0.188
-0.15,1.172
-0.167,0.367
-0.401,2.498
-0.381,-1.322
-0.395,-1.116
-0.622,2.247
-0.532,-0.862
-0.73,-1.238
-0.89,0.733
-0.887,-0.052
-0.827,-0.271
-0.839,-1.42
-0.888,1.384
-0.916,-0.32
-1.061,0.093
-1.059,2.373
-1.014,-0.368
-1.465,-0.918
-1.336,-0.35
-1.441,0.864
-1.437,-0.131
-1.563,-1.07
-1.47,2.086
-1.553,0.111
-1.592,1.913
-1.771,0.545
-1.814,0.527
-1.814,2.381
-1.751,1.756
-1.902,-0.304
-1.907,-0.319
-1.774,-0.759
-1.931,0.398
-1.823,2.487
-1.837,1.346
-1.972,-0.965
-1.856,1.251
-1.873,1.423
-1.861,-0.364
-1.961,-0.213
-2.07,0.888
-2.14,1.653
-2.063,-1.408
-2.074,0.975
-2.196,2.534
-2.243,0.604
-2.132,-1.123
-2.21,0.407
-2.272,0.127
-2.459,2.199
-2.424,-1.292
-2.455,1.912
-2.589,-0.826
-2.492,-0.127
-2.604,1.314
-2.531,-1.109
-2.704,0.893
-2.744,-1.249
-2.626,1.382
-2.762,-1.201
-2.824,-1.177
-2.96,0.933
-2.848,-0.036
-2.971,-1.3
-2.924,-1.452
-2.928,-1.175
-2.966,-0.1
-3.13,1.494
2.982,2.188
2.871,0.291
2.853,0.015
2.847,0.059
2.849,1.003
2.843,0.95
2.821,0.885
2.714,0.717
2.682,-0.684
2.647,0.809
2.584,-0.772
2.542,0.025
2.484,0.526
2.173,-0.143
2.278,-0.108
2.007,-0.03
2.129,0.304
2.078,-0.315
1.955,-1.305
1.762,2.351
1.886,0.578
1.738,0.802
1.728,-1.133
1.81,2.018
1.643,-0.606
1.64,1.459
1.627,2.063
1.53,0.626
1.621,0.219
1.333,-1.658
0.863,-1.427
0.63,-1.709
0.315,-1.765
0.197,-1.714
-0.213,-1.51
-0.848,-1.777
-1.325,-1.721
-1.519,-1.572
3.1,-1.386
2.9,-1.673
2.863,-1.782
2.571,-1.615
2.628,-1.59
1.525,-1.617
1.341,2.564
1.269,2.666
0.843,2.851
0.383,2.771
-0.742,2.868
-1.111,2.565
-0.974,2.571
-1.332,2.608
-1.209,2.689
-1.444,2.906
-1.611,2.879
-1.733,2.606
-2.123,2.724
-2.268,2.641
-2.153,3.004
-2.146,2.722
-2.63,2.885
-2.962,3.033
3.058,2.956
2.626,2.816
2.167,2.785
2.061,2.831
2.022,2.793
-1.405,0.424
-1.853,-0.174
-3.086,-1.341
2.935,-0.023
2.6,0.662
-0.649,1.209
-2.121,1.953
2.081,0.906
2.06,0.705
2.004,1.049
1.782,-0.414
1.074,1.55
0.094,-0.074
-0.001,0.214
-0.15,0.723
0.115,-1.646
-1.905,-1.17
-2.124,2.673
2.394,2.249
2.306,2.482
2.078,2.409
2.153,2.228
3.052,2.393
-2.761,2.84
-0.015,0.079
-0.024,0.659
-0.065,-0.327
-0.127,-0.289
-0.235,1.676
-0.33,0.676
-0.443,0.007
-0.383,1.626
-0.442,-0.35
-0.537,-0.835
-0.53,-0.69
-0.578,0.846
-0.514,0.454
-0.555,0.397
-0.654,1.636
-0.651,-0.635
-0.716,-1.55
-0.745,-0.874
-0.701,-0.432
-0.756,0.271
-0.875,1.482
-0.893,1.427
-0.909,1.879
-0.891,0.469
-0.915,2.109
-0.984,-0.436
-1.001,2.396
-1.058,1.571
-1.094,0.114
-1.082,0.172
-1.161,1.005
-1.228,-0.569
-1.259,0.553
-1.267,-0.053
-1.208,0.861
-1.323,-0.616
-1.251,1.714
-1.323,2.252
-1.404,0.385
-1.412,1.241
-1.349,0.603
-1.413,1.029
-1.471,-1.075
-1.461,1.296
-1.51,-1.19
-1.586,-1.411
-1.587,1.578
-1.607,0.006
-1.672,0.764
-1.641,-1.445
-1.649,0.703
-1.648,0.651
-1.663,2.088
-1.675,1.866
-1.679,0.343
-1.697,0.097
-1.777,-0.658
-1.77,0.384
-1.77,-0.22
-1.709,0.306
-1.774,0.948
-1.814,1.467
-1.882,0.187
-1.837,-0.114
-1.936,-1.302
-1.958,-0.418
-1.958,-1.151
-1.897,2.305
-1.937,0.968
-2.014,1.938
-2.002,0.18
-2.04,2.426
-2.061,0.674
-2.008,0.148
-2.022,1.229
-2.11,1.977
-2.122,2.077
-2.157,-0.627
-2.082,-0.274
-2.159,-0.888
-2.108,0.787
-2.156,1.261
-2.182,0.883
-2.251,-1.243
-2.247,-1.452
-2.256,0.822
-2.303,1.315
-2.344,1.85
-2.28,0.614
-2.343,-0.835
-2.358,0.985
-2.452,2.302
-2.466,-0.114
-2.527,0.199
-2.588,0.163
-2.596,-0.322
-2.558,0.754
-2.626,0.435
-2.561,1.999
-2.603,1.678
-2.653,-1.394
-2.732,1.818
-2.796,-0.694
-2.787,0.501
-2.755,1.46
-2.822,0.049
-2.973,2.368
-3.055,-0.565
-3.071,-1.356
-3.08,1.951
-3.093,-1.173
3.107,-0.661
3.011,0.524
3.042,0.646
2.951,0.465
2.981,2.26
2.924,0.762
2.852,-0.004
2.842,1.547
2.828,-0.087
2.754,1.652
2.806,1.251
2.723,1.05
2.704,-0.054
2.692,0.675
2.729,0.16
2.691,0.0
2.674,-0.214
2.616,-0.598
2.628,1.815
2.591,0.545
2.601,1.019
2.571,-1.491
2.553,0.755
2.448,0.569
2.414,0.885
2.43,1.178
2.366,0.168
2.23,-1.304
2.161,-0.394
2.124,-0.201
2.184,-0.023
2.162,-0.292
2.095,-1.413
2.068,0.948
2.063,1.056
1.984,0.17
2.014,0.853
1.936,2.223
1.99,0.309
2.01,1.32
1.931,0.629
1.97,-1.513
1.925,-0.025
1.983,-1.089
1.944,-0.185
1.833,-0.387
1.826,-0.005
1.758,-0.058
1.811,-0.477
1.784,0.146
1.731,0.51
1.763,-0.084
1.78,0.544
1.762,-1.372
1.747,-0.366
1.719,1.133
1.719,0.204
1.721,0.694
1.684,1.18
1.68,2.178
1.651,-1.451
0.955,-1.568
0.907,-1.505
0.023,-1.646
-0.328,-1.607
-1.009,-1.739
-0.992,-1.6
-1.512,-1.842
-1.522,-1.586
-1.552,-1.637
-2.638,-1.834
3.104,-1.595
2.907,-1.815
2.345,-1.668
1.937,-1.97
1.57,2.794
1.531,2.686
1.348,2.519
0.909,2.573
0.919,2.839
0.47,2.882
0.082,2.724
-0.155,2.504
-0.144,2.802
-0.753,2.75
-0.872,2.639
-0.997,2.56
-1.092,2.517
-1.621,2.687
-1.914,2.59
-2.125,2.747
-2.369,2.908
-2.45,2.62
3.083,2.931
2.842,2.48
2.561,2.616
2.139,2.642
2.031,2.692
2.042,2.57
1.672,2.799
1.366,2.422
1.06,-0.206
0.968,-0.969
0.298,0.955
0.315,-1.349
-0.128,-0.361
-1.594,-1.196
-2.075,0.801
-2.908,2.11
3.081,1.386
2.625,-0.483
2.152,-0.822
-2.67,-1.75
-2.728,2.689
1.706,2.456
1.682,0.259
1.535,-0.059
1.615,-0.198
1.547,2.361
1.434,-0.372
1.305,1.958
1.426,-1.315
1.353,1.579
1.331,0.126
1.329,1.467
1.268,1.095
1.176,1.57
1.065,1.412
1.156,0.297
0.957,2.261
0.914,0.163
0.854,-0.617
0.833,1.478
0.683,-1.536
0.623,0.519
0.718,0.369
0.608,-1.261
0.497,0.903
0.502,0.514
0.188,1.151
0.301,2.149
0.179,0.42
0.159,2.348
0.1,2.258
-0.006,0.089
-0.074,1.073
-0.091,0.268
-0.325,2.399
-0.305,-1.421
-0.319,-1.215
-0.546,2.148
-0.456,-0.961
-0.654,-1.337
-0.814,0.634
-0.811,-0.151
-0.751,-0.37
-0.763,-1.519
-0.812,1.285
-0.84,-0.419
-0.985,-0.006
-0.983,2.274
-0.938,-0.467
-1.389,-1.017
-1.26,-0.449
-1.365,0.765
-1.361,-0.23
-1.487,-1.169
-1.394,1.987
-1.477,0.012
-1.516,1.814
-1.695,0.446
-1.738,0.428
-1.738,2.282
-1.675,1.657
-1.826,-0.403
-1.831,-0.418
-1.698,-0.858
-1.855,0.299
-1.747,2.388
-1.761,1.247
-1.896,-1.064
-1.78,1.152
-1.797,1.324
-1.785,-0.463
-1.885,-0.312
-1.994,0.789
-2.064,1.554
-1.987,-1.507
-1.998,0.876
-2.12,2.435
-2.167,0.505
-2.056,-1.222
-2.134,0.308
-2.196,0.028
-2.383,2.1
-2.348,-1.391
-2.379,1.813
-2.513,-0.925
-2.416,-0.226
-2.528,1.215
-2.455,-1.208
-2.628,0.794
-2.668,-1.348
-2.55,1.283
-2.686,-1.3
-2.748,-1.276
-2.884,0.834
-2.772,-0.135
-2.895,-1.399
-2.848,-1.551
-2.852,-1.274
-2.89,-0.199
-3.054,1.395
3.058,2.089
2.947,0.192
2.929,-0.084
2.923,-0.04
2.925,0.904
2.919,0.851
2.897,0.786
2.79,0.618
2.758,-0.783
2.723,0.71
2.66,-0.871
2.618,-0.074
2.56,0.427
2.249,-0.242
2.354,-0.207
2.083,-0.129
2.205,0.205
2.154,-0.414
2.031,-1.404
1.838,2.252
1.962,0.479
1.814,0.703
1.804,-1.232
1.886,1.919
1.719,-0.705
1.716,1.36
1.703,1.964
1.606,0.527
1.697,0.12
1.409,-1.757
0.939,-1.526
0.706,-1.808
0.391,-1.864
0.273,-1.813
-0.137,-1.609
-0.772,-1.876
-1.249,-1.82
-1.443,-1.671
-3.107,-1.485
2.976,-1.772
2.939,-1.881
2.647,-1.714
2.704,-1.689
1.601,-1.716
1.417,2.465
1.345,2.567
0.919,2.752
0.459,2.672
-0.666,2.769
-1.035,2.466
-0.898,2.472
-1.256,2.509
-1.133,2.59
-1.368,2.807
-1.535,2.78
-1.657,2.507
-2.047,2.625
-2.192,2.542
-2.077,2.905
-2.07,2.623
-2.554,2.786
-2.886,2.934
3.134,2.857
2.702,2.717
2.243,2.686
2.137,2.732
2.098,2.694
-1.329,0.325
-1.777,-0.273
-3.01,-1.44
3.011,-0.122
2.676,0.563
-0.573,1.11
-2.045,1.854
2.157,0.807
2.136,0.606
2.08,0.95
1.858,-0.513
1.15,1.451
0.17,-0.173
0.075,0.115
-0.074,0.624
0.191,-1.745
-1.829,-1.269
-2.048,2.574
2.47,2.15
2.382,2.383
2.154,2.31
2.229,2.129
3.128,2.294
-2.685,2.741
-0.009,0.58
-0.05,-0.406
-0.112,-0.368
-0.22,1.597
-0.315,0.597
-0.428,-0.072
-0.368,1.547
-0.427,-0.429
-0.522,-0.914
-0.515,-0.769
-0.563,0.767
-0.499,0.375
-0.54,0.318
-0.639,1.557
-0.636,-0.714
-0.701,-1.629
-0.73,-0.953
-0.686,-0.511
-0.741,0.192
-0.86,1.403
-0.878,1.348
-0.894,1.8
-0.876,0.39
-0.9,2.03
-0.969,-0.515
-0.986,2.317
-1.043,1.492
-1.079,0.035
-1.067,0.093
-1.146,0.926
-1.213,-0.648
-1.244,0.474
-1.252,-0.132
-1.193,0.782
-1.308,-0.695
-1.236,1.635
-1.308,2.173
-1.389,0.306
-1.397,1.162
-1.334,0.524
-1.398,0.95
-1.456,-1.154
-1.446,1.217
-1.495,-1.269
-1.571,-1.49
-1.572,1.499
-1.592,-0.073
-1.657,0.685
-1.626,-1.524
-1.634,0.624
-1.633,0.572
-1.648,2.009
-1.66,1.787
-1.664,0.264
-1.682,0.018
-1.762,-0.737
-1.755,0.305
-1.755,-0.299
-1.694,0.227
-1.759,0.869
-1.799,1.388
-1.867,0.108
-1.822,-0.193
-1.921,-1.381
-1.943,-0.497
-1.943,-1.23
-1.882,2.226
-1.922,0.889
-1.999,1.859
-1.987,0.101
-2.025,2.347
-2.046,0.595
-1.993,0.069
-2.007,1.15
-2.095,1.898
-2.107,1.998
-2.142,-0.706
-2.067,-0.353
-2.144,-0.967
-2.093,0.708
-2.141,1.182
-2.167,0.804
-2.236,-1.322
-2.232,-1.531
-2.241,0.743
-2.288,1.236
-2.329,1.771
-2.265,0.535
-2.328,-0.914
-2.343,0.906
-2.437,2.223
-2.451,-0.193
-2.512,0.12
-2.573,0.084
-2.581,-0.401
-2.543,0.675
-2.611,0.356
-2.546,1.92
-2.588,1.599
-2.638,-1.473
-2.717,1.739
-2.781,-0.773
-2.772,0.422
-2.74,1.381
-2.807,-0.03
-2.958,2.289
-3.04,-0.644
-3.056,-1.435
-3.065,1.872
-3.078,-1.252
3.122,-0.74
3.026,0.445
3.057,0.567
2.966,0.386
2.996,2.181
2.939,0.683
2.867,-0.083
2.857,1.468
2.843,-0.166
2.769,1.573
2.821,1.172
2.738,0.971
2.719,-0.133
2.707,0.596
2.744,0.081
2.706,-0.079
2.689,-0.293
2.631,-0.677
2.643,1.736
2.606,0.466
2.616,0.94
2.586,-1.57
2.568,0.676
2.463,0.49
2.429,0.806
2.445,1.099
2.381,0.089
2.245,-1.383
2.176,-0.473
2.139,-0.28
2.199,-0.102
2.177,-0.371
2.11,-1.492
2.083,0.869
2.078,0.977
1.999,0.091
2.029,0.774
1.951,2.144
2.005,0.23
2.025,1.241
1.946,0.55
1.985,-1.592
1.94,-0.104
1.998,-1.168
1.959,-0.264
1.848,-0.466
1.841,-0.084
1.773,-0.137
1.826,-0.556
1.799,0.067
1.746,0.431
1.778,-0.163
1.795,0.465
1.777,-1.451
1.762,-0.445
1.734,1.054
1.734,0.125
1.736,0.615
1.699,1.101
1.695,2.099
1.666,-1.53
0.97,-1.647
0.922,-1.584
0.038,-1.725
-0.313,-1.686
-0.994,-1.818
-0.977,-1.679
-1.497,-1.921
-1.507,-1.665
-1.537,-1.716
-2.623,-1.913
3.119,-1.674
2.922,-1.894
2.36,-1.747
1.952,-2.049
1.585,2.715
1.546,2.607
1.363,2.44
0.924,2.494
0.934,2.76
0.485,2.803
0.097,2.645
-0.14,2.425
-0.129,2.723
-0.738,2.671
-0.857,2.56
-0.982,2.481
-1.077,2.438
-1.606,2.608
-1.899,2.511
-2.11,2.668
-2.354,2.829
-2.435,2.541
3.098,2.852
2.857,2.401
2.576,2.537
2.154,2.563
2.046,2.613
2.057,2.491
1.687,2.72
1.381,2.343
1.075,-0.285
0.983,-1.048
0.313,0.876
0.33,-1.428
-0.113,-0.44
-1.579,-1.275
-2.06,0.722
-2.893,2.031
3.096,1.307
2.64,-0.562
2.167,-0.901
-2.655,-1.829
-2.713,2.61
1.721,2.377
1.697,0.18
1.55,-0.138
1.63,-0.277
1.562,2.282
1.449,-0.451
1.32,1.879
1.441,-1.394
1.368,1.5
1.346,0.047
1.344,1.388
1.283,1.016
1.191,1.491
1.08,1.333
1.171,0.218
0.972,2.182
0.929,0.084
0.869,-0.696
0.848,1.399
0.698,-1.615
0.638,0.44
0.733,0.29
0.623,-1.34
0.512,0.824
0.517,0.435
0.203,1.072
0.316,2.07
0.194,0.341
0.174,2.269
0.115,2.179
0.009,0.01
-0.059,0.994
-0.076,0.189
-0.31,2.32
-0.29,-1.5
-0.304,-1.294
-0.531,2.069
-0.441,-1.04
-0.639,-1.416
-0.799,0.555
-0.796,-0.23
-0.736,-0.449
-0.748,-1.598
-0.797,1.206
-0.825,-0.498
-0.97,-0.085
-0.968,2.195
-0.923,-0.546
-1.374,-1.096
-1.245,-0.528
-1.35,0.686
-1.346,-0.309
-1.472,-1.248
-1.379,1.908
-1.462,-0.067
-1.501,1.735
-1.68,0.367
-1.723,0.349
-1.723,2.203
-1.66,1.578
-1.811,-0.482
-1.816,-0.497
-1.683,-0.937
-1.84,0.22
-1.732,2.309
-1.746,1.168
-1.881,-1.143
-1.765,1.073
-1.782,1.245
-1.77,-0.542
-1.87,-0.391
-1.979,0.71
-2.049,1.475
-1.972,-1.586
-1.983,0.797
-2.105,2.356
-2.152,0.426
-2.041,-1.301
-2.119,0.229
-2.181,-0.051
-2.368,2.021
-2.333,-1.47
-2.364,1.734
-2.498,-1.004
-2.401,-0.305
-2.513,1.136
-2.44,-1.287
-2.613,0.715
-2.653,-1.427
-2.535,1.204
-2.671,-1.379
-2.733,-1.355
-2.869,0.755
-2.757,-0.214
-2.88,-1.478
-2.833,-1.63
-2.837,-1.353
-2.875,-0.278
-3.039,1.316
3.073,2.01
2.962,0.113
2.944,-0.163
2.938,-0.119
2.94,0.825
2.934,0.772
2.912,0.707
2.805,0.539
2.773,-0.862
2.738,0.631
2.675,-0.95
2.633,-0.153
2.575,0.348
2.264,-0.321
2.369,-0.286
2.098,-0.208
2.22,0.126
2.169,-0.493
2.046,-1.483
1.853,2.173
1.977,0.4
1.829,0.624
1.819,-1.311
1.901,1.84
1.734,-0.784
1.731,1.281
1.718,1.885
1.621,0.448
1.712,0.041
1.424,-1.836
0.954,-1.605
0.721,-1.887
0.406,-1.943
0.288,-1.892
-0.122,-1.688
-0.757,-1.955
-1.234,-1.899
-1.428,-1.75
-3.092,-1.564
2.991,-1.851
2.954,-1.96
2.662,-1.793
2.719,-1.768
1.616,-1.795
1.432,2.386
1.36,2.488
0.934,2.673
0.474,2.593
-0.651,2.69
-1.02,2.387
-0.883,2.393
-1.241,2.43
-1.118,2.511
-1.353,2.728
-1.52,2.701
-1.642,2.428
-2.032,2.546
-2.177,2.463
-2.062,2.826
-2.055,2.544
-2.539,2.707
-2.871,2.855
-3.134,2.778
2.717,2.638
2.258,2.607
2.152,2.653
2.113,2.615
-1.314,0.246
-1.762,-0.352
-2.995,-1.519
3.026,-0.201
2.691,0.484
-0.558,1.031
-2.03,1.775
2.172,0.728
2.151,0.527
2.095,0.871
1.873,-0.592
1.165,1.372
0.185,-0.252
0.09,0.036
-0.059,0.545
0.206,-1.824
-1.814,-1.348
-2.033,2.495
2.485,2.071
2.397,2.304
2.169,2.231
2.244,2.05
-3.14,2.215
-2.67,2.662
-0.041,-0.986
-0.103,-0.948
-0.211,1.017
-0.306,0.017
-0.419,-0.652
-0.359,0.967
-0.418,-1.009
-0.513,-1.494
-0.506,-1.349
-0.554,0.187
-0.49,-0.205
-0.531,-0.262
-0.63,0.977
-0.627,-1.294
-0.692,-2.209
-0.721,-1.533
-0.677,-1.091
-0.732,-0.388
-0.851,0.823
-0.869,0.768
-0.885,1.22
-0.867,-0.19
-0.891,1.45
-0.96,-1.095
-0.977,1.737
-1.034,0.912
-1.07,-0.545
-1.058,-0.487
-1.137,0.346
-1.204,-1.228
-1.235,-0.106
-1.243,-0.712
-1.184,0.202
-1.299,-1.275
-1.227,1.055
-1.299,1.593
-1.38,-0.274
-1.388,0.582
-1.325,-0.056
-1.389,0.37
-1.447,-1.734
-1.437,0.637
-1.486,-1.849
-1.562,-2.07
-1.563,0.919
-1.583,-0.653
-1.648,0.105
-1.617,-2.104
-1.625,0.044
-1.624,-0.008
-1.639,1.429
-1.651,1.207
-1.655,-0.316
-1.673,-0.562
-1.753,-1.317
-1.746,-0.275
-1.746,-0.879
-1.685,-0.353
-1.75,0.289
-1.79,0.808
-1.858,-0.472
-1.813,-0.773
-1.912,-1.961
-1.934,-1.077
-1.934,-1.81
-1.873,1.646
-1.913,0.309
-1.99,1.279
-1.978,-0.479
-2.016,1.767
-2.037,0.015
-1.984,-0.511
-1.998,0.57
-2.086,1.318
-2.098,1.418
-2.133,-1.286
-2.058,-0.933
-2.135,-1.547
-2.084,0.128
-2.132,0.602
-2.158,0.224
-2.227,-1.902
-2.223,-2.111
-2.232,0.163
-2.279,0.656
-2.32,1.191
-2.256,-0.045
-2.319,-1.494
-2.334,0.326
-2.428,1.643
-2.442,-0.773
-2.503,-0.46
-2.564,-0.496
-2.572,-0.981
-2.534,0.095
-2.602,-0.224
-2.537,1.34
-2.579,1.019
-2.629,-2.053
-2.708,1.159
-2.772,-1.353
-2.763,-0.158
-2.731,0.801
-2.798,-0.61
-2.949,1.709
-3.031,-1.224
-3.047,-2.015
-3.056,1.292
-3.069,-1.832
3.131,-1.32
3.035,-0.135
3.066,-0.013
2.975,-0.194
3.005,1.601
2.948,0.103
2.876,-0.663
2.866,0.888
2.852,-0.746
2.778,0.993
2.83,0.592
2.747,0.391
2.728,-0.713
2.716,0.016
2.753,-0.499
2.715,-0.659
2.698,-0.873
2.64,-1.257
2.652,1.156
2.615,-0.114
2.625,0.36
2.595,-2.15
2.577,0.096
2.472,-0.09
2.438,0.226
2.454,0.519
2.39,-0.491
2.254,-1.963
2.185,-1.053
2.148,-0.86
2.208,-0.682
2.186,-0.951
2.119,-2.072
2.092,0.289
2.087,0.397
2.008,-0.489
2.038,0.194
1.96,1.564
2.014,-0.35
2.034,0.661
1.955,-0.03
1.994,-2.172
1.949,-0.684
2.007,-1.748
1.968,-0.844
1.857,-1.046
1.85,-0.664
1.782,-0.717
1.835,-1.136
1.808,-0.513
1.755,-0.149
1.787,-0.743
1.804,-0.115
1.786,-2.031
1.771,-1.025
1.743,0.474
1.743,-0.455
1.745,0.035
1.708,0.521
1.704,1.519
1.675,-2.11
0.979,-2.227
0.931,-2.164
0.047,-2.305
-0.304,-2.266
-0.985,-2.398
-0.968,-2.259
-1.488,-2.501
-1.498,-2.245
-1.528,-2.296
-2.614,-2.493
3.128,-2.254
2.931,-2.474
2.369,-2.327
1.961,-2.629
1.594,2.135
1.555,2.027
1.372,1.86
0.933,1.914
0.943,2.18
0.494,2.223
0.106,2.065
-0.131,1.845
-0.12,2.143
-0.729,2.091
-0.848,1.98
-0.973,1.901
-1.068,1.858
-1.597,2.028
-1.89,1.931
-2.101,2.088
-2.345,2.249
-2.426,1.961
3.107,2.272
2.866,1.821
2.585,1.957
2.163,1.983
2.055,2.033
2.066,1.911
1.696,2.14
1.39,1.763
1.084,-0.865
0.992,-1.628
0.322,0.296
0.339,-2.008
-0.104,-1.02
-1.57,-1.855
-2.051,0.142
-2.884,1.451
3.105,0.727
2.649,-1.142
2.176,-1.481
-2.646,-2.409
-2.704,2.03
1.73,1.797
1.706,-0.4
1.559,-0.718
1.639,-0.857
1.571,1.702
1.458,-1.031
1.329,1.299
1.45,-1.974
1.377,0.92
1.355,-0.533
1.353,0.808
1.292,0.436
1.2,0.911
1.089,0.753
1.18,-0.362
0.981,1.602
0.938,-0.496
0.878,-1.276
0.857,0.819
0.707,-2.195
0.647,-0.14
0.742,-0.29
0.632,-1.92
0.521,0.244
0.526,-0.145
0.212,0.492
0.325,1.49
0.203,-0.239
0.183,1.689
0.124,1.599
0.018,-0.57
-0.05,0.414
-0.067,-0.391
-0.301,1.74
-0.281,-2.08
-0.295,-1.874
-0.522,1.489
-0.432,-1.62
-0.63,-1.996
-0.79,-0.025
-0.787,-0.81
-0.727,-1.029
-0.739,-2.178
-0.788,0.626
-0.816,-1.078
-0.961,-0.665
-0.959,1.615
-0.914,-1.126
-1.365,-1.676
-1.236,-1.108
-1.341,0.106
-1.337,-0.889
-1.463,-1.828
-1.37,1.328
-1.453,-0.647
-1.492,1.155
-1.671,-0.213
-1.714,-0.231
-1.714,1.623
-1.651,0.998
-1.802,-1.062
-1.807,-1.077
-1.674,-1.517
-1.831,-0.36
-1.723,1.729
-1.737,0.588
-1.872,-1.723
-1.756,0.493
-1.773,0.665
-1.761,-1.122
-1.861,-0.971
-1.97,0.13
-2.04,0.895
-1.963,-2.166
-1.974,0.217
-2.096,1.776
-2.143,-0.154
-2.032,-1.881
-2.11,-0.351
-2.172,-0.631
-2.359,1.441
-2.324,-2.05
-2.355,1.154
-2.489,-1.584
-2.392,-0.885
-2.504,0.556
-2.431,-1.867
-2.604,0.135
-2.644,-2.007
-2.526,0.624
-2.662,-1.959
-2.724,-1.935
-2.86,0.175
-2.748,-0.794
-2.871,-2.058
-2.824,-2.21
-2.828,-1.933
-2.866,-0.858
-3.03,0.736
3.082,1.43
2.971,-0.467
2.953,-0.743
2.947,-0.699
2.949,0.245
2.943,0.192
2.921,0.127
2.814,-0.041
2.782,-1.442
2.747,0.051
2.684,-1.53
2.642,-0.733
2.584,-0.232
2.273,-0.901
2.378,-0.866
2.107,-0.788
2.229,-0.454
2.178,-1.073
2.055,-2.063
1.862,1.593
1.986,-0.18
1.838,0.044
1.828,-1.891
1.91,1.26
1.743,-1.364
1.74,0.701
1.727,1.305
1.63,-0.132
1.721,-0.539
1.433,-2.416
0.963,-2.185
0.73,-2.467
0.415,-2.523
0.297,-2.472
-0.113,-2.268
-0.748,-2.535
-1.225,-2.479
-1.419,-2.33
-3.083,-2.144
3.0,-2.431
2.963,-2.54
2.671,-2.373
2.728,-2.348
1.625,-2.375
1.441,1.806
1.369,1.908
0.943,2.093
0.483,2.013
-0.642,2.11
-1.011,1.807
-0.874,1.813
-1.232,1.85
-1.109,1.931
-1.344,2.148
-1.511,2.121
-1.633,1.848
-2.023,1.966
-2.168,1.883
-2.053,2.246
-2.046,1.964
-2.53,2.127
-2.862,2.275
-3.125,2.198
2.726,2.058
2.267,2.027
2.161,2.073
2.122,2.035
-1.305,-0.334
-1.753,-0.932
-2.986,-2.099
3.035,-0.781
2.7,-0.096
-0.549,0.451
-2.021,1.195
2.181,0.148
2.16,-0.053
2.104,0.291
1.882,-1.172
1.174,0.792
0.194,-0.832
0.099,-0.544
-0.05,-0.035
0.215,-2.404
-1.805,-1.928
-2.024,1.915
2.494,1.491
2.406,1.724
2.178,1.651
2.253,1.47
-3.131,1.635
-2.661,2.082
-0.062,0.038
-0.17,2.003
-0.265,1.003
-0.378,0.334
-0.318,1.953
-0.377,-0.023
-0.472,-0.508
-0.465,-0.363
-0.513,1.173
-0.449,0.781
-0.49,0.724
-0.589,1.963
-0.586,-0.308
-0.651,-1.223
-0.68,-0.547
-0.636,-0.105
-0.691,0.598
-0.81,1.809
-0.828,1.754
-0.844,2.206
-0.826,0.796
-0.85,2.436
-0.919,-0.109
-0.936,2.723
-0.993,1.898
-1.029,0.441
-1.017,0.499
-1.096,1.332
-1.163,-0.242
-1.194,0.88
-1.202,0.274
-1.143,1.188
-1.258,-0.289
-1.186,2.041
-1.258,2.579
-1.339,0.712
-1.347,1.568
-1.284,0.93
-1.348,1.356
-1.406,-0.748
-1.396,1.623
-1.445,-0.863
-1.521,-1.084
-1.522,1.905
-1.542,0.333
-1.607,1.091
-1.576,-1.118
-1.584,1.03
-1.583,0.978
-1.598,2.415
-1.61,2.193
-1.614,0.67
-1.632,0.424
-1.712,-0.331
-1.705,0.711
-1.705,0.107
-1.644,0.633
-1.709,1.275
-1.749,1.794
-1.817,0.514
-1.772,0.213
-1.871,-0.975
-1.893,-0.091
-1.893,-0.824
-1.832,2.632
-1.872,1.295
-1.949,2.265
-1.937,0.507
-1.975,2.753
-1.996,1.001
-1.943,0.475
-1.957,1.556
-2.045,2.304
-2.057,2.404
-2.092,-0.3
-2.017,0.053
-2.094,-0.561
-2.043,1.114
-2.091,1.588
-2.117,1.21
-2.186,-0.916
-2.182,-1.125
-2.191,1.149
-2.238,1.642
-2.279,2.177
-2.215,0.941
-2.278,-0.508
-2.293,1.312
-2.387,2.629
-2.401,0.213
-2.462,0.526
-2.523,0.49
-2.531,0.005
-2.493,1.081
-2.561,0.762
-2.496,2.326
-2.538,2.005
-2.588,-1.067
-2.667,2.145
-2.731,-0.367
-2.722,0.828
-2.69,1.787
-2.757,0.376
-2.908,2.695
-2.99,-0.238
-3.006,-1.029
-3.015,2.278
-3.028,-0.846
-3.111,-0.334
3.076,0.851
3.107,0.973
3.016,0.792
3.046,2.587
2.989,1.089
2.917,0.323
2.907,1.874
2.893,0.24
2.819,1.979
2.871,1.578
2.788,1.377
2.769,0.273
2.757,1.002
2.794,0.487
2.756,0.327
2.739,0.113
2.681,-0.271
2.693,2.142
2.656,0.872
2.666,1.346
2.636,-1.164
2.618,1.082
2.513,0.896
2.479,1.212
2.495,1.505
2.431,0.495
2.295,-0.977
2.226,-0.067
2.189,0.126
2.249,0.304
2.227,0.035
2.16,-1.086
2.133,1.275
2.128,1.383
2.049,0.497
2.079,1.18
2.001,2.55
2.055,0.636
2.075,1.647
1.996,0.956
2.035,-1.186
1.99,0.302
2.048,-0.762
2.009,0.142
1.898,-0.06
1.891,0.322
1.823,0.269
1.876,-0.15
1.849,0.473
1.796,0.837
1.828,0.243
1.845,0.871
1.827,-1.045
1.812,-0.039
1.784,1.46
1.784,0.531
1.786,1.021
1.749,1.507
1.745,2.505
1.716,-1.124
1.02,-1.241
0.972,-1.178
0.088,-1.319
-0.263,-1.28
-0.944,-1.412
-0.927,-1.273
-1.447,-1.515
-1.457,-1.259
-1.487,-1.31
-2.573,-1.507
-3.114,-1.268
2.972,-1.488
2.41,-1.341
2.002,-1.643
1.635,3.121
1.596,3.013
1.413,2.846
0.974,2.9
0.984,3.166
0.535,3.209
0.147,3.051
-0.09,2.831
-0.079,3.129
-0.688,3.077
-0.807,2.966
-0.932,2.887
-1.027,2.844
-1.556,3.014
-1.849,2.917
-2.06,3.074
-2.304,3.235
-2.385,2.947
-3.135,3.258
2.907,2.807
2.626,2.943
2.204,2.969
2.096,3.019
2.107,2.897
1.737,3.126
1.431,2.749
1.125,0.121
1.033,-0.642
0.363,1.282
0.38,-1.022
-0.063,-0.034
-1.529,-0.869
-2.01,1.128
-2.843,2.437
-3.137,1.713
2.69,-0.156
2.217,-0.495
-2.605,-1.423
-2.663,3.016
1.771,2.783
1.747,0.586
1.6,0.268
1.68,0.129
1.612,2.688
1.499,-0.045
1.37,2.285
1.491,-0.988
1.418,1.906
1.396,0.453
1.394,1.794
1.333,1.422
1.241,1.897
1.13,1.739
1.221,0.624
1.022,2.588
0.979,0.49
0.919,-0.29
0.898,1.805
0.748,-1.209
0.688,0.846
0.783,0.696
0.673,-0.934
0.562,1.23
0.567,0.841
0.253,1.478
0.366,2.476
0.244,0.747
0.224,2.675
0.165,2.585
0.059,0.416
-0.009,1.4
-0.026,0.595
-0.26,2.726
-0.24,-1.094
-0.254,-0.888
-0.481,2.475
-0.391,-0.634
-0.589,-1.01
-0.749,0.961
-0.746,0.176
-0.686,-0.043
-0.698,-1.192
-0.747,1.612
-0.775,-0.092
-0.92,0.321
-0.918,2.601
-0.873,-0.14
-1.324,-0.69
-1.195,-0.122
-1.3,1.092
-1.296,0.097
-1.422,-0.842
-1.329,2.314
-1.412,0.339
-1.451,2.141
-1.63,0.773
-1.673,0.755
-1.673,2.609
-1.61,1.984
-1.761,-0.076
-1.766,-0.091
-1.633,-0.531
-1.79,0.626
-1.682,2.715
-1.696,1.574
-1.831,-0.737
-1.715,1.479
-1.732,1.651
-1.72,-0.136
-1.82,0.015
-1.929,1.116
-1.999,1.881
-1.922,-1.18
-1.933,1.203
-2.055,2.762
-2.102,0.832
-1.991,-0.895
-2.069,0.635
-2.131,0.355
-2.318,2.427
-2.283,-1.064
-2.314,2.14
-2.448,-0.598
-2.351,0.101
-2.463,1.542
-2.39,-0.881
-2.563,1.121
-2.603,-1.021
-2.485,1.61
-2.621,-0.973
-2.683,-0.949
-2.819,1.161
-2.707,0.192
-2.83,-1.072
-2.783,-1.224
-2.787,-0.947
-2.825,0.128
-2.989,1.722
3.123,2.416
3.012,0.519
2.994,0.243
2.988,0.287
2.99,1.231
2.984,1.178
2.962,1.113
2.855,0.945
2.823,-0.456
2.788,1.037
2.725,-0.544
2.683,0.253
2.625,0.754
2.314,0.085
2.419,0.12
2.148,0.198
2.27,0.532
2.219,-0.087
2.096,-1.077
1.903,2.579
2.027,0.806
1.879,1.03
1.869,-0.905
1.951,2.246
1.784,-0.378
1.781,1.687
1.768,2.291
1.671,0.854
1.762,0.447
1.474,-1.43
1.004,-1.199
0.771,-1.481
0.456,-1.537
0.338,-1.486
-0.072,-1.282
-0.707,-1.549
-1.184,-1.493
-1.378,-1.344
-3.042,-1.158
3.041,-1.445
3.004,-1.554
2.712,-1.387
2.769,-1.362
1.666,-1.389
1.482,2.792
1.41,2.894
0.984,3.079
0.524,2.999
-0.601,3.096
-0.97,2.793
-0.833,2.799
-1.191,2.836
-1.068,2.917
-1.303,3.134
-1.47,3.107
-1.592,2.834
-1.982,2.952
-2.127,2.869
-2.012,3.232
-2.005,2.95
-2.489,3.113
-2.821,3.261
-3.084,3.184
2.767,3.044
2.308,3.013
2.202,3.059
2.163,3.021
-1.264,0.652
-1.712,0.054
-2.945,-1.113
3.076,0.205
2.741,0.89
-0.508,1.437
-1.98,2.181
2.222,1.134
2.201,0.933
2.145,1.277
1.923,-0.186
1.215,1.778
0.235,0.154
0.14,0.442
-0.009,0.951
0.256,-1.418
-1.764,-0.942
-1.983,2.901
2.535,2.477
2.447,2.71
2.219,2.637
2.294,2.456
-3.09,2.621
-2.62,3.068
-0.108,1.965
-0.203,0.965
-0.316,0.296
-0.256,1.915
-0.315,-0.061
-0.41,-0.546
-0.403,-0.401
-0.451,1.135
-0.387,0.743
-0.428,0.686
-0.527,1.925
-0.524,-0.346
-0.589,-1.261
-0.618,-0.585
-0.574,-0.143
-0.629,0.56
-0.748,1.771
-0.766,1.716
-0.782,2.168
-0.764,0.758
-0.788,2.398
-0.857,-0.147
-0.874,2.685
-0.931,1.86
-0.967,0.403
-0.955,0.461
-1.034,1.294
-1.101,-0.28
-1.132,0.842
-1.14,0.236
-1.081,1.15
-1.196,-0.327
-1.124,2.003
-1.196,2.541
-1.277,0.674
-1.285,1.53
-1.222,0.892
-1.286,1.318
-1.344,-0.786
-1.334,1.585
-1.383,-0.901
-1.459,-1.122
-1.46,1.867
-1.48,0.295
-1.545,1.053
-1.514,-1.156
-1.522,0.992
-1.521,0.94
-1.536,2.377
-1.548,2.155
-1.552,0.632
-1.57,0.386
-1.65,-0.369
-1.643,0.673
-1.643,0.069
-1.582,0.595
-1.647,1.237
-1.687,1.756
-1.755,0.476
-1.71,0.175
-1.809,-1.013
-1.831,-0.129
-1.831,-0.862
-1.77,2.594
-1.81,1.257
-1.887,2.227
-1.875,0.469
-1.913,2.715
-1.934,0.963
-1.881,0.437
-1.895,1.518
-1.983,2.266
-1.995,2.366
-2.03,-0.338
-1.955,0.015
-2.032,-0.599
-1.981,1.076
-2.029,1.55
-2.055,1.172
-2.124,-0.954
-2.12,-1.163
-2.129,1.111
-2.176,1.604
-2.217,2.139
-2.153,0.903
-2.216,-0.546
-2.231,1.274
-2.325,2.591
-2.339,0.175
-2.4,0.488
-2.461,0.452
-2.469,-0.033
-2.431,1.043
-2.499,0.724
-2.434,2.288
-2.476,1.967
-2.526,-1.105
-2.605,2.107
-2.669,-0.405
-2.66,0.79
-2.628,1.749
-2.695,0.338
-2.846,2.657
-2.928,-0.276
-2.944,-1.067
-2.953,2.24
-2.966,-0.884
-3.049,-0.372
3.138,0.813
-3.114,0.935
3.078,0.754
3.108,2.549
3.051,1.051
2.979,0.285
2.969,1.836
2.955,0.202
2.881,1.941
2.933,1.54
2.85,1.339
2.831,0.235
2.819,0.964
2.856,0.449
2.818,0.289
2.801,0.075
2.743,-0.309
2.755,2.104
2.718,0.834
2.728,1.308
2.698,-1.202
2.68,1.044
2.575,0.858
2.541,1.174
2.557,1.467
2.493,0.457
2.357,-1.015
2.288,-0.105
2.251,0.088
2.311,0.266
2.289,-0.003
2.222,-1.124
2.195,1.237
2.19,1.345
2.111,0.459
2.141,1.142
2.063,2.512
2.117,0.598
2.137,1.609
2.058,0.918
2.097,-1.224
2.052,0.264
2.11,-0.8
2.071,0.104
1.96,-0.098
1.953,0.284
1.885,0.231
1.938,-0.188
1.911,0.435
1.858,0.799
1.89,0.205
1.907,0.833
1.889,-1.083
1.874,-0.077
1.846,1.422
1.846,0.493
1.848,0.983
1.811,1.469
1.807,2.467
1.778,-1.162
1.082,-1.279
1.034,-1.216
0.15,-1.357
-0.201,-1.318
-0.882,-1.45
-0.865,-1.311
-1.385,-1.553
-1.395,-1.297
-1.425,-1.348
-2.511,-1.545
-3.052,-1.306
3.034,-1.526
2.472,-1.379
2.064,-1.681
1.697,3.083
1.658,2.975
1.475,2.808
1.036,2.862
1.046,3.128
0.597,3.171
0.209,3.013
-0.028,2.793
-0.017,3.091
-0.626,3.039
-0.745,2.928
-0.87,2.849
-0.965,2.806
-1.494,2.976
-1.787,2.879
-1.998,3.036
-2.242,3.197
-2.323,2.909
-3.073,3.22
2.969,2.769
2.688,2.905
2.266,2.931
2.158,2.981
2.169,2.859
1.799,3.088
1.493,2.711
1.187,0.083
1.095,-0.68
0.425,1.244
0.442,-1.06
-0.001,-0.072
-1.467,-0.907
-1.948,1.09
-2.781,2.399
-3.075,1.675
2.752,-0.194
2.279,-0.533
-2.543,-1.461
-2.601,2.978
1.833,2.745
1.809,0.548
1.662,0.23
1.742,0.091
1.674,2.65
1.561,-0.083
1.432,2.247
1.553,-1.026
1.48,1.868
1.458,0.415
1.456,1.756
1.395,1.384
1.303,1.859
1.192,1.701
1.283,0.586
1.084,2.55
1.041,0.452
0.981,-0.328
0.96,1.767
0.81,-1.247
0.75,0.808
0.845,0.658
0.735,-0.972
0.624,1.192
0.629,0.803
0.315,1.44
0.428,2.438
0.306,0.709
0.286,2.637
0.227,2.547
0.121,0.378
0.053,1.362
0.036,0.557
-0.198,2.688
-0.178,-1.132
-0.192,-0.926
-0.419,2.437
-0.329,-0.672
-0.527,-1.048
-0.687,0.923
-0.684,0.138
-0.624,-0.081
-0.636,-1.23
-0.685,1.574
-0.713,-0.13
-0.858,0.283
-0.856,2.563
-0.811,-0.178
-1.262,-0.728
-1.133,-0.16
-1.238,1.054
-1.234,0.059
-1.36,-0.88
-1.267,2.276
-1.35,0.301
-1.389,2.103
-1.568,0.735
-1.611,0.717
-1.611,2.571
-1.548,1.946
-1.699,-0.114
-1.704,-0.129
-1.571,-0.569
-1.728,0.588
-1.62,2.677
-1.634,1.536
-1.769,-0.775
-1.653,1.441
-1.67,1.613
-1.658,-0.174
-1.758,-0.023
-1.867,1.078
-1.937,1.843
-1.86,-1.218
-1.871,1.165
-1.993,2.724
-2.04,0.794
-1.929,-0.933
-2.007,0.597
-2.069,0.317
-2.256,2.389
-2.221,-1.102
-2.252,2.102
-2.386,-0.636
-2.289,0.063
-2.401,1.504
-2.328,-0.919
-2.501,1.083
-2.541,-1.059
-2.423,1.572
-2.559,-1.011
-2.621,-0.987
-2.757,1.123
-2.645,0.154
-2.768,-1.11
-2.721,-1.262
-2.725,-0.985
-2.763,0.09
-2.927,1.684
-3.098,2.378
3.074,0.481
3.056,0.205
3.05,0.249
3.052,1.193
3.046,1.14
3.024,1.075
2.917,0.907
2.885,-0.494
2.85,0.999
2.787,-0.582
2.745,0.215
2.687,0.716
2.376,0.047
2.481,0.082
2.21,0.16
2.332,0.494
2.281,-0.125
2.158,-1.115
1.965,2.541
2.089,0.768
1.941,0.992
1.931,-0.943
2.013,2.208
1.846,-0.416
1.843,1.649
1.83,2.253
1.733,0.816
1.824,0.409
1.536,-1.468
1.066,-1.237
0.833,-1.519
0.518,-1.575
0.4,-1.524
-0.01,-1.32
-0.645,-1.587
-1.122,-1.531
-1.316,-1.382
-2.98,-1.196
3.103,-1.483
3.066,-1.592
2.774,-1.425
2.831,-1.4
1.728,-1.427
1.544,2.754
1.472,2.856
1.046,3.041
0.586,2.961
-0.539,3.058
-0.908,2.755
-0.771,2.761
-1.129,2.798
-1.006,2.879
-1.241,3.096
-1.408,3.069
-1.53,2.796
-1.92,2.914
-2.065,2.831
-1.95,3.194
-1.943,2.912
-2.427,3.075
-2.759,3.223
-3.022,3.146
2.829,3.006
2.37,2.975
2.264,3.021
2.225,2.983
-1.202,0.614
-1.65,0.016
-2.883,-1.151
3.138,0.167
2.803,0.852
-0.446,1.399
-1.918,2.143
2.284,1.096
2.263,0.895
2.207,1.239
1.985,-0.224
1.277,1.74
0.297,0.116
0.202,0.404
0.053,0.913
0.318,-1.456
-1.702,-0.98
-1.921,2.863
2.597,2.439
2.509,2.672
2.281,2.599
2.356,2.418
-3.028,2.583
-2.558,3.03
-0.095,-1.0
-0.208,-1.669
-0.148,-0.05
-0.207,-2.026
-0.302,-2.511
-0.295,-2.366
-0.343,-0.83
-0.279,-1.222
-0.32,-1.279
-0.419,-0.04
-0.416,-2.311
-0.481,-3.226
-0.51,-2.55
-0.466,-2.108
-0.521,-1.405
-0.64,-0.194
-0.658,-0.249
-0.674,0.203
-0.656,-1.207
-0.68,0.433
-0.749,-2.112
-0.766,0.72
-0.823,-0.105
-0.859,-1.562
-0.847,-1.504
-0.926,-0.671
-0.993,-2.245
-1.024,-1.123
-1.032,-1.729
-0.973,-0.815
-1.088,-2.292
-1.016,0.038
-1.088,0.576
-1.169,-1.291
-1.177,-0.435
-1.114,-1.073
-1.178,-0.647
-1.236,-2.751
-1.226,-0.38
-1.275,-2.866
-1.351,-3.087
-1.352,-0.098
-1.372,-1.67
-1.437,-0.912
-1.406,-3.121
-1.414,-0.973
-1.413,-1.025
-1.428,0.412
-1.44,0.19
-1.444,-1.333
-1.462,-1.579
-1.542,-2.334
-1.535,-1.292
-1.535,-1.896
-1.474,-1.37
-1.539,-0.728
-1.579,-0.209
-1.647,-1.489
-1.602,-1.79
-1.701,-2.978
-1.723,-2.094
-1.723,-2.827
-1.662,0.629
-1.702,-0.708
-1.779,0.262
-1.767,-1.496
-1.805,0.75
-1.826,-1.002
-1.773,-1.528
-1.787,-0.447
-1.875,0.301
-1.887,0.401
-1.922,-2.303
-1.847,-1.95
-1.924,-2.564
-1.873,-0.889
-1.921,-0.415
-1.947,-0.793
-2.016,-2.919
-2.012,-3.128
-2.021,-0.854
-2.068,-0.361
-2.109,0.174
-2.045,-1.062
-2.108,-2.511
-2.123,-0.691
-2.217,0.626
-2.231,-1.79
-2.292,-1.477
-2.353,-1.513
-2.361,-1.998
-2.323,-0.922
-2.391,-1.241
-2.326,0.323
-2.368,0.002
-2.418,-3.07
-2.497,0.142
-2.561,-2.37
-2.552,-1.175
-2.52,-0.216
-2.587,-1.627
-2.738,0.692
-2.82,-2.241
-2.836,-3.032
-2.845,0.275
-2.858,-2.849
-2.941,-2.337
-3.037,-1.152
-3.006,-1.03
-3.097,-1.211
-3.067,0.584
-3.124,-0.914
3.087,-1.68
3.077,-0.129
3.063,-1.763
2.989,-0.024
3.041,-0.425
2.958,-0.626
2.939,-1.73
2.927,-1.001
2.964,-1.516
2.926,-1.676
2.909,-1.89
2.851,-2.274
2.863,0.139
2.826,-1.131
2.836,-0.657
2.806,-3.167
2.788,-0.921
2.683,-1.107
2.649,-0.791
2.665,-0.498
2.601,-1.508
2.465,-2.98
2.396,-2.07
2.359,-1.877
2.419,-1.699
2.397,-1.968
2.33,-3.089
2.303,-0.728
2.298,-0.62
2.219,-1.506
2.249,-0.823
2.171,0.547
2.225,-1.367
2.245,-0.356
2.166,-1.047
2.205,-3.189
2.16,-1.701
2.218,-2.765
2.179,-1.861
2.068,-2.063
2.061,-1.681
1.993,-1.734
2.046,-2.153
2.019,-1.53
1.966,-1.166
1.998,-1.76
2.015,-1.132
1.997,-3.048
1.982,-2.042
1.954,-0.543
1.954,-1.472
1.956,-0.982
1.919,-0.496
1.915,0.502
1.886,-3.127
1.19,-3.244
1.142,-3.181
0.258,-3.322
-0.093,-3.283
-0.774,-3.415
-0.757,-3.276
-1.277,-3.518
-1.287,-3.262
-1.317,-3.313
-2.403,-3.51
-2.944,-3.271
-3.141,-3.491
2.58,-3.344
2.172,-3.646
1.805,1.118
1.766,1.01
1.583,0.843
1.144,0.897
1.154,1.163
0.705,1.206
0.317,1.048
0.08,0.828
0.091,1.126
-0.518,1.074
-0.637,0.963
-0.762,0.884
-0.857,0.841
-1.386,1.011
-1.679,0.914
-1.89,1.071
-2.134,1.232
-2.215,0.944
-2.965,1.255
3.077,0.804
2.796,0.94
2.374,0.966
2.266,1.016
2.277,0.894
1.907,1.123
1.601,0.746
1.295,-1.882
1.203,-2.645
0.533,-0.721
0.55,-3.025
0.107,-2.037
-1.359,-2.872
-1.84,-0.875
-2.673,0.434
-2.967,-0.29
2.86,-2.159
2.387,-2.498
-2.435,-3.426
-2.493,1.013
1.941,0.78
1.917,-1.417
1.77,-1.735
1.85,-1.874
1.782,0.685
1.669,-2.048
1.54,0.282
1.661,-2.991
1.588,-0.097
1.566,-1.55
1.564,-0.209
1.503,-0.581
1.411,-0.106
1.3,-0.264
1.391,-1.379
1.192,0.585
1.149,-1.513
1.089,-2.293
1.068,-0.198
0.918,-3.212
0.858,-1.157
0.953,-1.307
0.843,-2.937
0.732,-0.773
0.737,-1.162
0.423,-0.525
0.536,0.473
0.414,-1.256
0.394,0.672
0.335,0.582
0.229,-1.587
0.161,-0.603
0.144,-1.408
-0.09,0.723
-0.07,-3.097
-0.084,-2.891
-0.311,0.472
-0.221,-2.637
-0.419,-3.013
-0.579,-1.042
-0.576,-1.827
-0.516,-2.046
-0.528,-3.195
-0.577,-0.391
-0.605,-2.095
-0.75,-1.682
-0.748,0.598
-0.703,-2.143
-1.154,-2.693
-1.025,-2.125
-1.13,-0.911
-1.126,-1.906
-1.252,-2.845
-1.159,0.311
-1.242,-1.664
-1.281,0.138
-1.46,-1.23
-1.503,-1.248
-1.503,0.606
-1.44,-0.019
-1.591,-2.079
-1.596,-2.094
-1.463,-2.534
-1.62,-1.377
-1.512,0.712
-1.526,-0.429
-1.661,-2.74
-1.545,-0.524
-1.562,-0.352
-1.55,-2.139
-1.65,-1.988
-1.759,-0.887
-1.829,-0.122
-1.752,-3.183
-1.763,-0.8
-1.885,0.759
-1.932,-1.171
-1.821,-2.898
-1.899,-1.368
-1.961,-1.648
-2.148,0.424
-2.113,-3.067
-2.144,0.137
-2.278,-2.601
-2.181,-1.902
-2.293,-0.461
-2.22,-2.884
-2.393,-0.882
-2.433,-3.024
-2.315,-0.393
-2.451,-2.976
-2.513,-2.952
-2.649,-0.842
-2.537,-1.811
-2.66,-3.075
-2.613,-3.227
-2.617,-2.95
-2.655,-1.875
-2.819,-0.281
-2.99,0.413
-3.101,-1.484
-3.119,-1.76
-3.125,-1.716
-3.123,-0.772
-3.129,-0.825
3.132,-0.89
3.025,-1.058
2.993,-2.459
2.958,-0.966
2.895,-2.547
2.853,-1.75
2.795,-1.249
2.484,-1.918
2.589,-1.883
2.318,-1.805
2.44,-1.471
2.389,-2.09
2.266,-3.08
2.073,0.576
2.197,-1.197
2.049,-0.973
2.039,-2.908
2.121,0.243
1.954,-2.381
1.951,-0.316
1.938,0.288
1.841,-1.149
1.932,-1.556
1.644,-3.433
1.174,-3.202
0.941,-3.484
0.626,-3.54
0.508,-3.489
0.098,-3.285
-0.537,-3.552
-1.014,-3.496
-1.208,-3.347
-2.872,-3.161
-3.072,-3.448
-3.109,-3.557
2.882,-3.39
2.939,-3.365
1.836,-3.392
1.652,0.789
1.58,0.891
1.154,1.076
0.694,0.996
-0.431,1.093
-0.8,0.79
-0.663,0.796
-1.021,0.833
-0.898,0.914
-1.133,1.131
-1.3,1.104
-1.422,0.831
-1.812,0.949
-1.957,0.866
-1.842,1.229
-1.835,0.947
-2.319,1.11
-2.651,1.258
-2.914,1.181
2.937,1.041
2.478,1.01
2.372,1.056
2.333,1.018
-1.094,-1.351
-1.542,-1.949
-2.775,-3.116
-3.037,-1.798
2.911,-1.113
-0.338,-0.566
-1.81,0.178
2.392,-0.869
2.371,-1.07
2.315,-0.726
2.093,-2.189
1.385,-0.225
0.405,-1.849
0.31,-1.561
0.161,-1.052
0.426,-3.421
-1.594,-2.945
-1.813,0.898
2.705,0.474
2.617,0.707
2.389,0.634
2.464,0.453
-2.92,0.618
-2.45,1.065
-0.113,-0.669
-0.053,0.95
-0.112,-1.026
-0.207,-1.511
-0.2,-1.366
-0.248,0.17
-0.184,-0.222
-0.225,-0.279
-0.324,0.96
-0.321,-1.311
-0.386,-2.226
-0.415,-1.55
-0.371,-1.108
-0.426,-0.405
-0.545,0.806
-0.563,0.751
-0.579,1.203
-0.561,-0.207
-0.585,1.433
-0.654,-1.112
-0.671,1.72
-0.728,0.895
-0.764,-0.562
-0.752,-0.504
-0.831,0.329
-0.898,-1.245
-0.929,-0.123
-0.937,-0.729
-0.878,0.185
-0.993,-1.292
-0.921,1.038
-0.993,1.576
-1.074,-0.291
-1.082,0.565
-1.019,-0.073
-1.083,0.353
-1.141,-1.751
-1.131,0.62
-1.18,-1.866
-1.256,-2.087
-1.257,0.902
-1.277,-0.67
-1.342,0.088
-1.311,-2.121
-1.319,0.027
-1.318,-0.025
-1.333,1.412
-1.345,1.19
-1.349,-0.333
-1.367,-0.579
-1.447,-1.334
-1.44,-0.292
-1.44,-0.896
-1.379,-0.37
-1.444,0.272
-1.484,0.791
-1.552,-0.489
-1.507,-0.79
-1.606,-1.978
-1.628,-1.094
-1.628,-1.827
-1.567,1.629
-1.607,0.292
-1.684,1.262
-1.672,-0.496
-1.71,1.75
-1.731,-0.002
-1.678,-0.528
-1.692,0.553
-1.78,1.301
-1.792,1.401
-1.827,-1.303
-1.752,-0.95
-1.829,-1.564
-1.778,0.111
-1.826,0.585
-1.852,0.207
-1.921,-1.919
-1.917,-2.128
-1.926,0.146
-1.973,0.639
-2.014,1.174
-1.95,-0.062
-2.013,-1.511
-2.028,0.309
-2.122,1.626
-2.136,-0.79
-2.197,-0.477
-2.258,-0.513
-2.266,-0.998
-2.228,0.078
-2.296,-0.241
-2.231,1.323
-2.273,1.002
-2.323,-2.07
-2.402,1.142
-2.466,-1.37
-2.457,-0.175
-2.425,0.784
-2.492,-0.627
-2.643,1.692
-2.725,-1.241
-2.741,-2.032
-2.75,1.275
-2.763,-1.849
-2.846,-1.337
-2.942,-0.152
-2.911,-0.03
-3.002,-0.211
-2.972,1.584
-3.029,0.086
-3.101,-0.68
-3.111,0.871
-3.125,-0.763
3.084,0.976
3.136,0.575
3.053,0.374
3.034,-0.73
3.022,-0.001
3.059,-0.516
3.021,-0.676
3.004,-0.89
2.946,-1.274
2.958,1.139
2.921,-0.131
2.931,0.343
2.901,-2.167
2.883,0.079
2.778,-0.107
2.744,0.209
2.76,0.502
2.696,-0.508
2.56,-1.98
2.491,-1.07
2.454,-0.877
2.514,-0.699
2.492,-0.968
2.425,-2.089
2.398,0.272
2.393,0.38
2.314,-0.506
2.344,0.177
2.266,1.547
2.32,-0.367
2.34,0.644
2.261,-0.047
2.3,-2.189
2.255,-0.701
2.313,-1.765
2.274,-0.861
2.163,-1.063
2.156,-0.681
2.088,-0.734
2.141,-1.153
2.114,-0.53
2.061,-0.166
2.093,-0.76
2.11,-0.132
2.092,-2.048
2.077,-1.042
2.049,0.457
2.049,-0.472
2.051,0.018
2.014,0.504
2.01,1.502
1.981,-2.127
1.285,-2.244
1.237,-2.181
0.353,-2.322
0.002,-2.283
-0.679,-2.415
-0.662,-2.276
-1.182,-2.518
-1.192,-2.262
-1.222,-2.313
-2.308,-2.51
-2.849,-2.271
-3.046,-2.491
2.675,-2.344
2.267,-2.646
1.9,2.118
1.861,2.01
1.678,1.843
1.239,1.897
1.249,2.163
0.8,2.206
0.412,2.048
0.175,1.828
0.186,2.126
-0.423,2.074
-0.542,1.963
-0.667,1.884
-0.762,1.841
-1.291,2.011
-1.584,1.914
-1.795,2.071
-2.039,2.232
-2.12,1.944
-2.87,2.255
-3.111,1.804
2.891,1.94
2.469,1.966
2.361,2.016
2.372,1.894
2.002,2.123
1.696,1.746
1.39,-0.882
1.298,-1.645
0.628,0.279
0.645,-2.025
0.202,-1.037
-1.264,-1.872
-1.745,0.125
-2.578,1.434
-2.872,0.71
2.955,-1.159
2.482,-1.498
-2.34,-2.426
-2.398,2.013
2.036,1.78
2.012,-0.417
1.865,-0.735
1.945,-0.874
1.877,1.685
1.764,-1.048
1.635,1.282
1.756,-1.991
1.683,0.903
1.661,-0.55
1.659,0.791
1.598,0.419
1.506,0.894
1.395,0.736
1.486,-0.379
1.287,1.585
1.244,-0.513
1.184,-1.293
1.163,0.802
1.013,-2.212
0.953,-0.157
1.048,-0.307
0.938,-1.937
0.827,0.227
0.832,-0.162
0.518,0.475
0.631,1.473
0.509,-0.256
0.489,1.672
0.43,1.582
0.324,-0.587
0.256,0.397
0.239,-0.408
0.005,1.723
0.025,-2.097
0.011,-1.891
-0.216,1.472
-0.126,-1.637
-0.324,-2.013
-0.484,-0.042
-0.481,-0.827
-0.421,-1.046
-0.433,-2.195
-0.482,0.609
-0.51,-1.095
-0.655,-0.682
-0.653,1.598
-0.608,-1.143
-1.059,-1.693
-0.93,-1.125
-1.035,0.089
-1.031,-0.906
-1.157,-1.845
-1.064,1.311
-1.147,-0.664
-1.186,1.138
-1.365,-0.23
-1.408,-0.248
-1.408,1.606
-1.345,0.981
-1.496,-1.079
-1.501,-1.094
-1.368,-1.534
-1.525,-0.377
-1.417,1.712
-1.431,0.571
-1.566,-1.74
-1.45,0.476
-1.467,0.648
-1.455,-1.139
-1.555,-0.988
-1.664,0.113
-1.734,0.878
-1.657,-2.183
-1.668,0.2
-1.79,1.759
-1.837,-0.171
-1.726,-1.898
-1.804,-0.368
-1.866,-0.648
-2.053,1.424
-2.018,-2.067
-2.049,1.137
-2.183,-1.601
-2.086,-0.902
-2.198,0.539
-2.125,-1.884
-2.298,0.118
-2.338,-2.024
-2.22,0.607
-2.356,-1.976
-2.418,-1.952
-2.554,0.158
-2.442,-0.811
-2.565,-2.075
-2.518,-2.227
-2.522,-1.95
-2.56,-0.875
-2.724,0.719
-2.895,1.413
-3.006,-0.484
-3.024,-0.76
-3.03,-0.716
-3.028,0.228
-3.034,0.175
-3.056,0.11
3.12,-0.058
3.088,-1.459
3.053,0.034
2.99,-1.547
2.948,-0.75
2.89,-0.249
2.579,-0.918
2.684,-0.883
2.413,-0.805
2.535,-0.471
2.484,-1.09
2.361,-2.08
2.168,1.576
2.292,-0.197
2.144,0.027
2.134,-1.908
2.216,1.243
2.049,-1.381
2.046,0.684
2.033,1.288
1.936,-0.149
2.027,-0.556
1.739,-2.433
1.269,-2.202
1.036,-2.484
0.721,-2.54
0.603,-2.489
0.193,-2.285
-0.442,-2.552
-0.919,-2.496
-1.113,-2.347
-2.777,-2.161
-2.977,-2.448
-3.014,-2.557
2.977,-2.39
3.034,-2.365
1.931,-2.392
1.747,1.789
1.675,1.891
1.249,2.076
0.789,1.996
-0.336,2.093
-0.705,1.79
-0.568,1.796
-0.926,1.833
-0.803,1.914
-1.038,2.131
-1.205,2.104
-1.327,1.831
-1.717,1.949
-1.862,1.866
-1.747,2.229
-1.74,1.947
-2.224,2.11
-2.556,2.258
-2.819,2.181
3.032,2.041
2.573,2.01
2.467,2.056
2.428,2.018
-0.999,-0.351
-1.447,-0.949
-2.68,-2.116
-2.942,-0.798
3.006,-0.113
-0.243,0.434
-1.715,1.178
2.487,0.131
2.466,-0.07
2.41,0.274
2.188,-1.189
1.48,0.775
0.5,-0.849
0.405,-0.561
0.256,-0.052
0.521,-2.421
-1.499,-1.945
-1.718,1.898
2.8,1.474
2.712,1.707
2.484,1.634
2.559,1.453
-2.825,1.618
-2.355,2.065
0.06,1.619
0.001,-0.357
-0.094,-0.842
-0.087,-0.697
-0.135,0.839
-0.071,0.447
-0.112,0.39
-0.211,1.629
-0.208,-0.642
-0.273,-1.557
-0.302,-0.881
-0.258,-0.439
-0.313,0.264
-0.432,1.475
-0.45,1.42
-0.466,1.872
-0.448,0.462
-0.472,2.102
-0.541,-0.443
-0.558,2.389
-0.615,1.564
-0.651,0.107
-0.639,0.165
-0.718,0.998
-0.785,-0.576
-0.816,0.546
-0.824,-0.06
-0.765,0.854
-0.88,-0.623
-0.808,1.707
-0.88,2.245
-0.961,0.378
-0.969,1.234
-0.906,0.596
-0.97,1.022
-1.028,-1.082
-1.018,1.289
-1.067,-1.197
-1.143,-1.418
-1.144,1.571
-1.164,-0.001
-1.229,0.757
-1.198,-1.452
-1.206,0.696
-1.205,0.644
-1.22,2.081
-1.232,1.859
-1.236,0.336
-1.254,0.09
-1.334,-0.665
-1.327,0.377
-1.327,-0.227
-1.266,0.299
-1.331,0.941
-1.371,1.46
-1.439,0.18
-1.394,-0.121
-1.493,-1.309
-1.515,-0.425
-1.515,-1.158
-1.454,2.298
-1.494,0.961
-1.571,1.931
-1.559,0.173
-1.597,2.419
-1.618,0.667
-1.565,0.141
-1.579,1.222
-1.667,1.97
-1.679,2.07
-1.714,-0.634
-1.639,-0.281
-1.716,-0.895
-1.665,0.78
-1.713,1.254
-1.739,0.876
-1.808,-1.25
-1.804,-1.459
-1.813,0.815
-1.86,1.308
-1.901,1.843
-1.837,0.607
-1.9,-0.842
-1.915,0.978
-2.009,2.295
-2.023,-0.121
-2.084,0.192
-2.145,0.156
-2.153,-0.329
-2.115,0.747
-2.183,0.428
-2.118,1.992
-2.16,1.671
-2.21,-1.401
-2.289,1.811
-2.353,-0.701
-2.344,0.494
-2.312,1.453
-2.379,0.042
-2.53,2.361
-2.612,-0.572
-2.628,-1.363
-2.637,1.944
-2.65,-1.18
-2.733,-0.668
-2.829,0.517
-2.798,0.639
-2.889,0.458
-2.859,2.253
-2.916,0.755
-2.988,-0.011
-2.998,1.54
-3.012,-0.094
-3.086,1.645
-3.034,1.244
-3.117,1.043
-3.136,-0.061
3.135,0.668
-3.111,0.153
3.134,-0.007
3.117,-0.221
3.059,-0.605
3.071,1.808
3.034,0.538
3.044,1.012
3.014,-1.498
2.996,0.748
2.891,0.562
2.857,0.878
2.873,1.171
2.809,0.161
2.673,-1.311
2.604,-0.401
2.567,-0.208
2.627,-0.03
2.605,-0.299
2.538,-1.42
2.511,0.941
2.506,1.049
2.427,0.163
2.457,0.846
2.379,2.216
2.433,0.302
2.453,1.313
2.374,0.622
2.413,-1.52
2.368,-0.032
2.426,-1.096
2.387,-0.192
2.276,-0.394
2.269,-0.012
2.201,-0.065
2.254,-0.484
2.227,0.139
2.174,0.503
2.206,-0.091
2.223,0.537
2.205,-1.379
2.19,-0.373
2.162,1.126
2.162,0.197
2.164,0.687
2.127,1.173
2.123,2.171
2.094,-1.458
1.398,-1.575
1.35,-1.512
0.466,-1.653
0.115,-1.614
-0.566,-1.746
-0.549,-1.607
-1.069,-1.849
-1.079,-1.593
-1.109,-1.644
-2.195,-1.841
-2.736,-1.602
-2.933,-1.822
2.788,-1.675
2.38,-1.977
2.013,2.787
1.974,2.679
1.791,2.512
1.352,2.566
1.362,2.832
0.913,2.875
0.525,2.717
0.288,2.497
0.299,2.795
-0.31,2.743
-0.429,2.632
-0.554,2.553
-0.649,2.51
-1.178,2.68
-1.471,2.583
-1.682,2.74
-1.926,2.901
-2.007,2.613
-2.757,2.924
-2.998,2.473
3.004,2.609
2.582,2.635
2.474,2.685
2.485,2.563
2.115,2.792
1.809,2.415
1.503,-0.213
1.411,-0.976
0.741,0.948
0.758,-1.356
0.315,-0.368
-1.151,-1.203
-1.632,0.794
-2.465,2.103
-2.759,1.379
3.068,-0.49
2.595,-0.829
-2.227,-1.757
-2.285,2.682
2.149,2.449
2.125,0.252
1.978,-0.066
2.058,-0.205
1.99,2.354
1.877,-0.379
1.748,1.951
1.869,-1.322
1.796,1.572
1.774,0.119
1.772,1.46
1.711,1.088
1.619,1.563
1.508,1.405
1.599,0.29
1.4,2.254
1.357,0.156
1.297,-0.624
1.276,1.471
1.126,-1.543
1.066,0.512
1.161,0.362
1.051,-1.268
0.94,0.896
0.945,0.507
0.631,1.144
0.744,2.142
0.622,0.413
0.602,2.341
0.543,2.251
0.437,0.082
0.369,1.066
0.352,0.261
0.118,2.392
0.138,-1.428
0.124,-1.222
-0.103,2.141
-0.013,-0.968
-0.211,-1.344
-0.371,0.627
-0.368,-0.158
-0.308,-0.377
-0.32,-1.526
-0.369,1.278
-0.397,-0.426
-0.542,-0.013
-0.54,2.267
-0.495,-0.474
-0.946,-1.024
-0.817,-0.456
-0.922,0.758
-0.918,-0.237
-1.044,-1.176
-0.951,1.98
-1.034,0.005
-1.073,1.807
-1.252,0.439
-1.295,0.421
-1.295,2.275
-1.232,1.65
-1.383,-0.41
-1.388,-0.425
-1.255,-0.865
-1.412,0.292
-1.304,2.381
-1.318,1.24
-1.453,-1.071
-1.337,1.145
-1.354,1.317
-1.342,-0.47
-1.442,-0.319
-1.551,0.782
-1.621,1.547
-1.544,-1.514
-1.555,0.869
-1.677,2.428
-1.724,0.498
-1.613,-1.229
-1.691,0.301
-1.753,0.021
-1.94,2.093
-1.905,-1.398
-1.936,1.806
-2.07,-0.932
-1.973,-0.233
-2.085,1.208
-2.012,-1.215
-2.185,0.787
-2.225,-1.355
-2.107,1.276
-2.243,-1.307
-2.305,-1.283
-2.441,0.827
-2.329,-0.142
-2.452,-1.406
-2.405,-1.558
-2.409,-1.281
-2.447,-0.206
-2.611,1.388
-2.782,2.082
-2.893,0.185
-2.911,-0.091
-2.917,-0.047
-2.915,0.897
-2.921,0.844
-2.943,0.779
-3.05,0.611
-3.082,-0.79
-3.117,0.703
3.103,-0.878
3.061,-0.081
3.003,0.42
2.692,-0.249
2.797,-0.214
2.526,-0.136
2.648,0.198
2.597,-0.421
2.474,-1.411
2.281,2.245
2.405,0.472
2.257,0.696
2.247,-1.239
2.329,1.912
2.162,-0.712
2.159,1.353
2.146,1.957
2.049,0.52
2.14,0.113
1.852,-1.764
1.382,-1.533
1.149,-1.815
0.834,-1.871
0.716,-1.82
0.306,-1.616
-0.329,-1.883
-0.806,-1.827
-1.0,-1.678
-2.664,-1.492
-2.864,-1.779
-2.901,-1.888
3.09,-1.721
-3.136,-1.696
2.044,-1.723
1.86,2.458
1.788,2.56
1.362,2.745
0.902,2.665
-0.223,2.762
-0.592,2.459
-0.455,2.465
-0.813,2.502
-0.69,2.583
-0.925,2.8
-1.092,2.773
-1.214,2.5
-1.604,2.618
-1.749,2.535
-1.634,2.898
-1.627,2.616
-2.111,2.779
-2.443,2.927
-2.706,2.85
-3.138,2.71
2.686,2.679
2.58,2.725
2.541,2.687
-0.886,0.318
-1.334,-0.28
-2.567,-1.447
-2.829,-0.129
3.119,0.556
-0.13,1.103
-1.602,1.847
2.6,0.8
2.579,0.599
2.523,0.943
2.301,-0.52
1.593,1.444
0.613,-0.18
0.518,0.108
0.369,0.617
0.634,-1.752
-1.386,-1.276
-1.605,2.567
2.913,2.143
2.825,2.376
2.597,2.303
2.672,2.122
-2.712,2.287
-2.242,2.734
-0.059,-1.976
-0.154,-2.461
-0.147,-2.316
-0.195,-0.78
-0.131,-1.172
-0.172,-1.229
-0.271,0.01
-0.268,-2.261
-0.333,-3.176
-0.362,-2.5
-0.318,-2.058
-0.373,-1.355
-0.492,-0.144
-0.51,-0.199
-0.526,0.253
-0.508,-1.157
-0.532,0.483
-0.601,-2.062
-0.618,0.77
-0.675,-0.055
-0.711,-1.512
-0.699,-1.454
-0.778,-0.621
-0.845,-2.195
-0.876,-1.073
-0.884,-1.679
-0.825,-0.765
-0.94,-2.242
-0.868,0.088
-0.94,0.626
-1.021,-1.241
-1.029,-0.385
-0.966,-1.023
-1.03,-0.597
-1.088,-2.701
-1.078,-0.33
-1.127,-2.816
-1.203,-3.037
-1.204,-0.048
-1.224,-1.62
-1.289,-0.862
-1.258,-3.071
-1.266,-0.923
-1.265,-0.975
-1.28,0.462
-1.292,0.24
-1.296,-1.283
-1.314,-1.529
-1.394,-2.284
-1.387,-1.242
-1.387,-1.846
-1.326,-1.32
-1.391,-0.678
-1.431,-0.159
-1.499,-1.439
-1.454,-1.74
-1.553,-2.928
-1.575,-2.044
-1.575,-2.777
-1.514,0.679
-1.554,-0.658
-1.631,0.312
-1.619,-1.446
-1.657,0.8
-1.678,-0.952
-1.625,-1.478
-1.639,-0.397
-1.727,0.351
-1.739,0.451
-1.774,-2.253
-1.699,-1.9
-1.776,-2.514
-1.725,-0.839
-1.773,-0.365
-1.799,-0.743
-1.868,-2.869
-1.864,-3.078
-1.873,-0.804
-1.92,-0.311
-1.961,0.224
-1.897,-1.012
-1.96,-2.461
-1.975,-0.641
-2.069,0.676
-2.083,-1.74
-2.144,-1.427
-2.205,-1.463
-2.213,-1.948
-2.175,-0.872
-2.243,-1.191
-2.178,0.373
-2.22,0.052
-2.27,-3.02
-2.349,0.192
-2.413,-2.32
-2.404,-1.125
-2.372,-0.166
-2.439,-1.577
-2.59,0.742
-2.672,-2.191
-2.688,-2.982
-2.697,0.325
-2.71,-2.799
-2.793,-2.287
-2.889,-1.102
-2.858,-0.98
-2.949,-1.161
-2.919,0.634
-2.976,-0.864
-3.048,-1.63
-3.058,-0.079
-3.072,-1.713
3.137,0.026
-3.094,-0.375
3.106,-0.576
3.087,-1.68
3.075,-0.951
3.112,-1.466
3.074,-1.626
3.057,-1.84
2.999,-2.224
3.011,0.189
2.974,-1.081
2.984,-0.607
2.954,-3.117
2.936,-0.871
2.831,-1.057
2.797,-0.741
2.813,-0.448
2.749,-1.458
2.613,-2.93
2.544,-2.02
2.507,-1.827
2.567,-1.649
2.545,-1.918
2.478,-3.039
2.451,-0.678
2.446,-0.57
2.367,-1.456
2.397,-0.773
2.319,0.597
2.373,-1.317
2.393,-0.306
2.314,-0.997
2.353,-3.139
2.308,-1.651
2.366,-2.715
2.327,-1.811
2.216,-2.013
2.209,-1.631
2.141,-1.684
2.194,-2.103
2.167,-1.48
2.114,-1.116
2.146,-1.71
2.163,-1.082
2.145,-2.998
2.13,-1.992
2.102,-0.493
2.102,-1.422
2.104,-0.932
2.067,-0.446
2.063,0.552
2.034,-3.077
1.338,-3.194
1.29,-3.131
0.406,-3.272
0.055,-3.233
-0.626,-3.365
-0.609,-3.226
-1.129,-3.468
-1.139,-3.212
-1.169,-3.263
-2.255,-3.46
-2.796,-3.221
-2.993,-3.441
2.728,-3.294
2.32,-3.596
1.953,1.168
1.914,1.06
1.731,0.893
1.292,0.947
1.302,1.213
0.853,1.256
0.465,1.098
0.228,0.878
0.239,1.176
-0.37,1.124
-0.489,1.013
-0.614,0.934
-0.709,0.891
-1.238,1.061
-1.531,0.964
-1.742,1.121
-1.986,1.282
-2.067,0.994
-2.817,1.305
-3.058,0.854
2.944,0.99
2.522,1.016
2.414,1.066
2.425,0.944
2.055,1.173
1.749,0.796
1.443,-1.832
1.351,-2.595
0.681,-0.671
0.698,-2.975
0.255,-1.987
-1.211,-2.822
-1.692,-0.825
-2.525,0.484
-2.819,-0.24
3.008,-2.109
2.535,-2.448
-2.287,-3.376
-2.345,1.063
2.089,0.83
2.065,-1.367
1.918,-1.685
1.998,-1.824
1.93,0.735
1.817,-1.998
1.688,0.332
1.809,-2.941
1.736,-0.047
1.714,-1.5
1.712,-0.159
1.651,-0.531
1.559,-0.056
1.448,-0.214
1.539,-1.329
1.34,0.635
1.297,-1.463
1.237,-2.243
1.216,-0.148
1.066,-3.162
1.006,-1.107
1.101,-1.257
0.991,-2.887
0.88,-0.723
0.885,-1.112
0.571,-0.475
0.684,0.523
0.562,-1.206
0.542,0.722
0.483,0.632
0.377,-1.537
0.309,-0.553
0.292,-1.358
0.058,0.773
0.078,-3.047
0.064,-2.841
-0.163,0.522
-0.073,-2.587
-0.271,-2.963
-0.431,-0.992
-0.428,-1.777
-0.368,-1.996
-0.38,-3.145
-0.429,-0.341
-0.457,-2.045
-0.602,-1.632
-0.6,0.648
-0.555,-2.093
-1.006,-2.643
-0.877,-2.075
-0.982,-0.861
-0.978,-1.856
-1.104,-2.795
-1.011,0.361
-1.094,-1.614
-1.133,0.188
-1.312,-1.18
-1.355,-1.198
-1.355,0.656
-1.292,0.031
-1.443,-2.029
-1.448,-2.044
-1.315,-2.484
-1.472,-1.327
-1.364,0.762
-1.378,-0.379
-1.513,-2.69
-1.397,-0.474
-1.414,-0.302
-1.402,-2.089
-1.502,-1.938
-1.611,-0.837
-1.681,-0.072
-1.604,-3.133
-1.615,-0.75
-1.737,0.809
-1.784,-1.121
-1.673,-2.848
-1.751,-1.318
-1.813,-1.598
-2.0,0.474
-1.965,-3.017
-1.996,0.187
-2.13,-2.551
-2.033,-1.852
-2.145,-0.411
-2.072,-2.834
-2.245,-0.832
-2.285,-2.974
-2.167,-0.343
-2.303,-2.926
-2.365,-2.902
-2.501,-0.792
-2.389,-1.761
-2.512,-3.025
-2.465,-3.177
-2.469,-2.9
-2.507,-1.825
-2.671,-0.231
-2.842,0.463
-2.953,-1.434
-2.971,-1.71
-2.977,-1.666
-2.975,-0.722
-2.981,-0.775
-3.003,-0.84
-3.11,-1.008
3.141,-2.409
3.106,-0.916
3.043,-2.497
3.001,-1.7
2.943,-1.199
2.632,-1.868
2.737,-1.833
2.466,-1.755
2.588,-1.421
2.537,-2.04
2.414,-3.03
2.221,0.626
2.345,-1.147
2.197,-0.923
2.187,-2.858
2.269,0.293
2.102,-2.331
2.099,-0.266
2.086,0.338
1.989,-1.099
2.08,-1.506
1.792,-3.383
1.322,-3.152
1.089,-3.434
0.774,-3.49
0.656,-3.439
0.246,-3.235
-0.389,-3.502
-0.866,-3.446
-1.06,-3.297
-2.724,-3.111
-2.924,-3.398
-2.961,-3.507
3.03,-3.34
3.087,-3.315
1.984,-3.342
1.8,0.839
1.728,0.941
1.302,1.126
0.842,1.046
-0.283,1.143
-0.652,0.84
-0.515,0.846
-0.873,0.883
-0.75,0.964
-0.985,1.181
-1.152,1.154
-1.274,0.881
-1.664,0.999
-1.809,0.916
-1.694,1.279
-1.687,0.997
-2.171,1.16
-2.503,1.308
-2.766,1.231
3.085,1.091
2.626,1.06
2.52,1.106
2.481,1.068
-0.946,-1.301
-1.394,-1.899
-2.627,-3.066
-2.889,-1.748
3.059,-1.063
-0.19,-0.516
-1.662,0.228
2.54,-0.819
2.519,-1.02
2.463,-0.676
2.241,-2.139
1.533,-0.175
0.553,-1.799
0.458,-1.511
0.309,-1.002
0.574,-3.371
-1.446,-2.895
-1.665,0.948
2.853,0.524
2.765,0.757
2.537,0.684
2.612,0.503
-2.772,0.668
-2.302,1.115
-0.095,-0.485
-0.088,-0.34
-0.136,1.196
-0.072,0.804
-0.113,0.747
-0.212,1.986
-0.209,-0.285
-0.274,-1.2
-0.303,-0.524
-0.259,-0.082
-0.314,0.621
-0.433,1.832
-0.451,1.777
-0.467,2.229
-0.449,0.819
-0.473,2.459
-0.542,-0.086
-0.559,2.746
-0.616,1.921
-0.652,0.464
-0.64,0.522
-0.719,1.355
-0.786,-0.219
-0.817,0.903
-0.825,0.297
-0.766,1.211
-0.881,-0.266
-0.809,2.064
-0.881,2.602
-0.962,0.735
-0.97,1.591
-0.907,0.953
-0.971,1.379
-1.029,-0.725
-1.019,1.646
-1.068,-0.84
-1.144,-1.061
-1.145,1.928
-1.165,0.356
-1.23,1.114
-1.199,-1.095
-1.207,1.053
-1.206,1.001
-1.221,2.438
-1.233,2.216
-1.237,0.693
-1.255,0.447
-1.335,-0.308
-1.328,0.734
-1.328,0.13
-1.267,0.656
-1.332,1.298
-1.372,1.817
-1.44,0.537
-1.395,0.236
-1.494,-0.952
-1.516,-0.068
-1.516,-0.801
-1.455,2.655
-1.495,1.318
-1.572,2.288
-1.56,0.53
-1.598,2.776
-1.619,1.024
-1.566,0.498
-1.58,1.579
-1.668,2.327
-1.68,2.427
-1.715,-0.277
-1.64,0.076
-1.717,-0.538
-1.666,1.137
-1.714,1.611
-1.74,1.233
-1.809,-0.893
-1.805,-1.102
-1.814,1.172
-1.861,1.665
-1.902,2.2
-1.838,0.964
-1.901,-0.485
-1.916,1.335
-2.01,2.652
-2.024,0.236
-2.085,0.549
-2.146,0.513
-2.154,0.028
-2.116,1.104
-2.184,0.785
-2.119,2.349
-2.161,2.028
-2.211,-1.044
-2.29,2.168
-2.354,-0.344
-2.345,0.851
-2.313,1.81
-2.38,0.399
-2.531,2.718
-2.613,-0.215
-2.629,-1.006
-2.638,2.301
-2.651,-0.823
-2.734,-0.311
-2.83,0.874
-2.799,0.996
-2.89,0.815
-2.86,2.61
-2.917,1.112
-2.989,0.346
-2.999,1.897
-3.013,0.263
-3.087,2.002
-3.035,1.601
-3.118,1.4
-3.137,0.296
3.134,1.025
-3.112,0.51
3.133,0.35
3.116,0.136
3.058,-0.248
3.07,2.165
3.033,0.895
3.043,1.369
3.013,-1.141
2.995,1.105
2.89,0.919
2.856,1.235
2.872,1.528
2.808,0.518
2.672,-0.954
2.603,-0.044
2.566,0.149
2.626,0.327
2.604,0.058
2.537,-1.063
2.51,1.298
2.505,1.406
2.426,0.52
2.456,1.203
2.378,2.573
2.432,0.659
2.452,1.67
2.373,0.979
2.412,-1.163
2.367,0.325
2.425,-0.739
2.386,0.165
2.275,-0.037
2.268,0.345
2.2,0.292
2.253,-0.127
2.226,0.496
2.173,0.86
2.205,0.266
2.222,0.894
2.204,-1.022
2.189,-0.016
2.161,1.483
2.161,0.554
2.163,1.044
2.126,1.53
2.122,2.528
2.093,-1.101
1.397,-1.218
1.349,-1.155
0.465,-1.296
0.114,-1.257
-0.567,-1.389
-0.55,-1.25
-1.07,-1.492
-1.08,-1.236
-1.11,-1.287
-2.196,-1.484
-2.737,-1.245
-2.934,-1.465
2.787,-1.318
2.379,-1.62
2.012,3.144
1.973,3.036
1.79,2.869
1.351,2.923
1.361,3.189
0.912,3.232
0.524,3.074
0.287,2.854
0.298,3.152
-0.311,3.1
-0.43,2.989
-0.555,2.91
-0.65,2.867
-1.179,3.037
-1.472,2.94
-1.683,3.097
-1.927,3.258
-2.008,2.97
-2.758,3.281
-2.999,2.83
3.003,2.966
2.581,2.992
2.473,3.042
2.484,2.92
2.114,3.149
1.808,2.772
1.502,0.144
1.41,-0.619
0.74,1.305
0.757,-0.999
0.314,-0.011
-1.152,-0.846
-1.633,1.151
-2.466,2.46
-2.76,1.736
3.067,-0.133
2.594,-0.472
-2.228,-1.4
-2.286,3.039
2.148,2.806
2.124,0.609
1.977,0.291
2.057,0.152
1.989,2.711
1.876,-0.022
1.747,2.308
1.868,-0.965
1.795,1.929
1.773,0.476
1.771,1.817
1.71,1.445
1.618,1.92
1.507,1.762
1.598,0.647
1.399,2.611
1.356,0.513
1.296,-0.267
1.275,1.828
1.125,-1.186
1.065,0.869
1.16,0.719
1.05,-0.911
0.939,1.253
0.944,0.864
0.63,1.501
0.743,2.499
0.621,0.77
0.601,2.698
0.542,2.608
0.436,0.439
0.368,1.423
0.351,0.618
0.117,2.749
0.137,-1.071
0.123,-0.865
-0.104,2.498
-0.014,-0.611
-0.212,-0.987
-0.372,0.984
-0.369,0.199
-0.309,-0.02
-0.321,-1.169
-0.37,1.635
-0.398,-0.069
-0.543,0.344
-0.541,2.624
-0.496,-0.117
-0.947,-0.667
-0.818,-0.099
-0.923,1.115
-0.919,0.12
-1.045,-0.819
-0.952,2.337
-1.035,0.362
-1.074,2.164
-1.253,0.796
-1.296,0.778
-1.296,2.632
-1.233,2.007
-1.384,-0.053
-1.389,-0.068
-1.256,-0.508
-1.413,0.649
-1.305,2.738
-1.319,1.597
-1.454,-0.714
-1.338,1.502
-1.355,1.674
-1.343,-0.113
-1.443,0.038
-1.552,1.139
-1.622,1.904
-1.545,-1.157
-1.556,1.226
-1.678,2.785
-1.725,0.855
-1.614,-0.872
-1.692,0.658
-1.754,0.378
-1.941,2.45
-1.906,-1.041
-1.937,2.163
-2.071,-0.575
-1.974,0.124
-2.086,1.565
-2.013,-0.858
-2.186,1.144
-2.226,-0.998
-2.108,1.633
-2.244,-0.95
-2.306,-0.926
-2.442,1.184
-2.33,0.215
-2.453,-1.049
-2.406,-1.201
-2.41,-0.924
-2.448,0.151
-2.612,1.745
-2.783,2.439
-2.894,0.542
-2.912,0.266
-2.918,0.31
-2.916,1.254
-2.922,1.201
-2.944,1.136
-3.051,0.968
-3.083,-0.433
-3.118,1.06
3.102,-0.521
3.06,0.276
3.002,0.777
2.691,0.108
2.796,0.143
2.525,0.221
2.647,0.555
2.596,-0.064
2.473,-1.054
2.28,2.602
2.404,0.829
2.256,1.053
2.246,-0.882
2.328,2.269
2.161,-0.355
2.158,1.71
2.145,2.314
2.048,0.877
2.139,0.47
1.851,-1.407
1.381,-1.176
1.148,-1.458
0.833,-1.514
0.715,-1.463
0.305,-1.259
-0.33,-1.526
-0.807,-1.47
-1.001,-1.321
-2.665,-1.135
-2.865,-1.422
-2.902,-1.531
3.089,-1.364
-3.137,-1.339
2.043,-1.366
1.859,2.815
1.787,2.917
1.361,3.102
0.901,3.022
-0.224,3.119
-0.593,2.816
-0.456,2.822
-0.814,2.859
-0.691,2.94
-0.926,3.157
-1.093,3.13
-1.215,2.857
-1.605,2.975
-1.75,2.892
-1.635,3.255
-1.628,2.973
-2.112,3.136
-2.444,3.284
-2.707,3.207
-3.139,3.067
2.685,3.036
2.579,3.082
2.54,3.044
-0.887,0.675
-1.335,0.077
-2.568,-1.09
-2.83,0.228
3.118,0.913
-0.131,1.46
-1.603,2.204
2.599,1.157
2.578,0.956
2.522,1.3
2.3,-0.163
1.592,1.801
0.612,0.177
0.517,0.465
0.368,0.974
0.633,-1.395
-1.387,-0.919
-1.606,2.924
2.912,2.5
2.824,2.733
2.596,2.66
2.671,2.479
-2.713,2.644
-2.243,3.091
0.007,0.145
-0.041,1.681
0.023,1.289
-0.018,1.232
-0.117,2.471
-0.114,0.2
-0.179,-0.715
-0.208,-0.039
-0.164,0.403
-0.219,1.106
-0.338,2.317
-0.356,2.262
-0.372,2.714
-0.354,1.304
-0.378,2.944
-0.447,0.399
-0.464,3.231
-0.521,2.406
-0.557,0.949
-0.545,1.007
-0.624,1.84
-0.691,0.266
-0.722,1.388
-0.73,0.782
-0.671,1.696
-0.786,0.219
-0.714,2.549
-0.786,3.087
-0.867,1.22
-0.875,2.076
-0.812,1.438
-0.876,1.864
-0.934,-0.24
-0.924,2.131
-0.973,-0.355
-1.049,-0.576
-1.05,2.413
-1.07,0.841
-1.135,1.599
-1.104,-0.61
-1.112,1.538
-1.111,1.486
-1.126,2.923
-1.138,2.701
-1.142,1.178
-1.16,0.932
-1.24,0.177
-1.233,1.219
-1.233,0.615
-1.172,1.141
-1.237,1.783
-1.277,2.302
-1.345,1.022
-1.3,0.721
-1.399,-0.467
-1.421,0.417
-1.421,-0.316
-1.36,3.14
-1.4,1.803
-1.477,2.773
-1.465,1.015
-1.503,3.261
-1.524,1.509
-1.471,0.983
-1.485,2.064
-1.573,2.812
-1.585,2.912
-1.62,0.208
-1.545,0.561
-1.622,-0.053
-1.571,1.622
-1.619,2.096
-1.645,1.718
-1.714,-0.408
-1.71,-0.617
-1.719,1.657
-1.766,2.15
-1.807,2.685
-1.743,1.449
-1.806,0.0
-1.821,1.82
-1.915,3.137
-1.929,0.721
-1.99,1.034
-2.051,0.998
-2.059,0.513
-2.021,1.589
-2.089,1.27
-2.024,2.834
-2.066,2.513
-2.116,-0.559
-2.195,2.653
-2.259,0.141
-2.25,1.336
-2.218,2.295
-2.285,0.884
-2.436,3.203
-2.518,0.27
-2.534,-0.521
-2.543,2.786
-2.556,-0.338
-2.639,0.174
-2.735,1.359
-2.704,1.481
-2.795,1.3
-2.765,3.095
-2.822,1.597
-2.894,0.831
-2.904,2.382
-2.918,0.748
-2.992,2.487
-2.94,2.086
-3.023,1.885
-3.042,0.781
-3.054,1.51
-3.017,0.995
-3.055,0.835
-3.072,0.621
-3.13,0.237
-3.118,2.65
3.128,1.38
3.138,1.854
3.108,-0.656
3.09,1.59
2.985,1.404
2.951,1.72
2.967,2.013
2.903,1.003
2.767,-0.469
2.698,0.441
2.661,0.634
2.721,0.812
2.699,0.543
2.632,-0.578
2.605,1.783
2.6,1.891
2.521,1.005
2.551,1.688
2.473,3.058
2.527,1.144
2.547,2.155
2.468,1.464
2.507,-0.678
2.462,0.81
2.52,-0.254
2.481,0.65
2.37,0.448
2.363,0.83
2.295,0.777
2.348,0.358
2.321,0.981
2.268,1.345
2.3,0.751
2.317,1.379
2.299,-0.537
2.284,0.469
2.256,1.968
2.256,1.039
2.258,1.529
2.221,2.015
2.217,3.013
2.188,-0.616
1.492,-0.733
1.444,-0.67
0.56,-0.811
0.209,-0.772
-0.472,-0.904
-0.455,-0.765
-0.975,-1.007
-0.985,-0.751
-1.015,-0.802
-2.101,-0.999
-2.642,-0.76
-2.839,-0.98
2.882,-0.833
2.474,-1.135
2.107,3.629
2.068,3.521
1.885,3.354
1.446,3.408
1.456,3.674
1.007,3.717
0.619,3.559
0.382,3.339
0.393,3.637
-0.216,3.585
-0.335,3.474
-0.46,3.395
-0.555,3.352
-1.084,3.522
-1.377,3.425
-1.588,3.582
-1.832,3.743
-1.913,3.455
-2.663,3.766
-2.904,3.315
3.098,3.451
2.676,3.477
2.568,3.527
2.579,3.405
2.209,3.634
1.903,3.257
1.597,0.629
1.505,-0.134
0.835,1.79
0.852,-0.514
0.409,0.474
-1.057,-0.361
-1.538,1.636
-2.371,2.945
-2.665,2.221
-3.121,0.352
2.689,0.013
-2.133,-0.915
-2.191,3.524
2.243,3.291
2.219,1.094
2.072,0.776
2.152,0.637
2.084,3.196
1.971,0.463
1.842,2.793
1.963,-0.48
1.89,2.414
1.868,0.961
1.866,2.302
1.805,1.93
1.713,2.405
1.602,2.247
1.693,1.132
1.494,3.096
1.451,0.998
1.391,0.218
1.37,2.313
1.22,-0.701
1.16,1.354
1.255,1.204
1.145,-0.426
1.034,1.738
1.039,1.349
0.725,1.986
0.838,2.984
0.716,1.255
0.696,3.183
0.637,3.093
0.531,0.924
0.463,1.908
0.446,1.103
0.212,3.234
0.232,-0.586
0.218,-0.38
-0.009,2.983
0.081,-0.126
-0.117,-0.502
-0.277,1.469
-0.274,0.684
-0.214,0.465
-0.226,-0.684
-0.275,2.12
-0.303,0.416
-0.448,0.829
-0.446,3.109
-0.401,0.368
-0.852,-0.182
-0.723,0.386
-0.828,1.6
-0.824,0.605
-0.95,-0.334
-0.857,2.822
-0.94,0.847
-0.979,2.649
-1.158,1.281
-1.201,1.263
-1.201,3.117
-1.138,2.492
-1.289,0.432
-1.294,0.417
-1.161,-0.023
-1.318,1.134
-1.21,3.223
-1.224,2.082
-1.359,-0.229
-1.243,1.987
-1.26,2.159
-1.248,0.372
-1.348,0.523
-1.457,1.624
-1.527,2.389
-1.45,-0.672
-1.461,1.711
-1.583,3.27
-1.63,1.34
-1.519,-0.387
-1.597,1.143
-1.659,0.863
-1.846,2.935
-1.811,-0.556
-1.842,2.648
-1.976,-0.09
-1.879,0.609
-1.991,2.05
-1.918,-0.373
-2.091,1.629
-2.131,-0.513
-2.013,2.118
-2.149,-0.465
-2.211,-0.441
-2.347,1.669
-2.235,0.7
-2.358,-0.564
-2.311,-0.716
-2.315,-0.439
-2.353,0.636
-2.517,2.23
-2.688,2.924
-2.799,1.027
-2.817,0.751
-2.823,0.795
-2.821,1.739
-2.827,1.686
-2.849,1.621
-2.956,1.453
-2.988,0.052
-3.023,1.545
-3.086,-0.036
-3.128,0.761
3.097,1.262
2.786,0.593
2.891,0.628
2.62,0.706
2.742,1.04
2.691,0.421
2.568,-0.569
2.375,3.087
2.499,1.314
2.351,1.538
2.341,-0.397
2.423,2.754
2.256,0.13
2.253,2.195
2.24,2.799
2.143,1.362
2.234,0.955
1.946,-0.922
1.476,-0.691
1.243,-0.973
0.928,-1.029
0.81,-0.978
0.4,-0.774
-0.235,-1.041
-0.712,-0.985
-0.906,-0.836
-2.57,-0.65
-2.77,-0.937
-2.807,-1.046
-3.099,-0.879
-3.042,-0.854
2.138,-0.881
1.954,3.3
1.882,3.402
1.456,3.587
0.996,3.507
-0.129,3.604
-0.498,3.301
-0.361,3.307
-0.719,3.344
-0.596,3.425
-0.831,3.642
-0.998,3.615
-1.12,3.342
-1.51,3.46
-1.655,3.377
-1.54,3.74
-1.533,3.458
-2.017,3.621
-2.349,3.769
-2.612,3.692
-3.044,3.552
2.78,3.521
2.674,3.567
2.635,3.529
-0.792,1.16
-1.24,0.562
-2.473,-0.605
-2.735,0.713
-3.07,1.398
-0.036,1.945
-1.508,2.689
2.694,1.642
2.673,1.441
2.617,1.785
2.395,0.322
1.687,2.286
0.707,0.662
0.612,0.95
0.463,1.459
0.728,-0.91
-1.292,-0.434
-1.511,3.409
3.007,2.985
2.919,3.218
2.691,3.145
2.766,2.964
-2.618,3.129
-2.148,3.576
-0.048,1.536
0.016,1.144
-0.025,1.087
-0.124,2.326
-0.121,0.055
-0.186,-0.86
-0.215,-0.184
-0.171,0.258
-0.226,0.961
-0.345,2.172
-0.363,2.117
-0.379,2.569
-0.361,1.159
-0.385,2.799
-0.454,0.254
-0.471,3.086
-0.528,2.261
-0.564,0.804
-0.552,0.862
-0.631,1.695
-0.698,0.121
-0.729,1.243
-0.737,0.637
-0.678,1.551
-0.793,0.074
-0.721,2.404
-0.793,2.942
-0.874,1.075
-0.882,1.931
-0.819,1.293
-0.883,1.719
-0.941,-0.385
-0.931,1.986
-0.98,-0.5
-1.056,-0.721
-1.057,2.268
-1.077,0.696
-1.142,1.454
-1.111,-0.755
-1.119,1.393
-1.118,1.341
-1.133,2.778
-1.145,2.556
-1.149,1.033
-1.167,0.787
-1.247,0.032
-1.24,1.074
-1.24,0.47
-1.179,0.996
-1.244,1.638
-1.284,2.157
-1.352,0.877
-1.307,0.576
-1.406,-0.612
-1.428,0.272
-1.428,-0.461
-1.367,2.995
-1.407,1.658
-1.484,2.628
-1.472,0.87
-1.51,3.116
-1.531,1.364
-1.478,0.838
-1.492,1.919
-1.58,2.667
-1.592,2.767
-1.627,0.063
-1.552,0.416
-1.629,-0.198
-1.578,1.477
-1.626,1.951
-1.652,1.573
-1.721,-0.553
-1.717,-0.762
-1.726,1.512
-1.773,2.005
-1.814,2.54
-1.75,1.304
-1.813,-0.145
-1.828,1.675
-1.922,2.992
-1.936,0.576
-1.997,0.889
-2.058,0.853
-2.066,0.368
-2.028,1.444
-2.096,1.125
-2.031,2.689
-2.073,2.368
-2.123,-0.704
-2.202,2.508
-2.266,-0.004
-2.257,1.191
-2.225,2.15
-2.292,0.739
-2.443,3.058
-2.525,0.125
-2.541,-0.666
-2.55,2.641
-2.563,-0.483
-2.646,0.029
-2.742,1.214
-2.711,1.336
-2.802,1.155
-2.772,2.95
-2.829,1.452
-2.901,0.686
-2.911,2.237
-2.925,0.603
-2.999,2.342
-2.947,1.941
-3.03,1.74
-3.049,0.636
-3.061,1.365
-3.024,0.85
-3.062,0.69
-3.079,0.476
-3.137,0.092
-3.125,2.505
3.121,1.235
3.131,1.709
3.101,-0.801
3.083,1.445
2.978,1.259
2.944,1.575
2.96,1.868
2.896,0.858
2.76,-0.614
2.691,0.296
2.654,0.489
2.714,0.667
2.692,0.398
2.625,-0.723
2.598,1.638
2.593,1.746
2.514,0.86
2.544,1.543
2.466,2.913
2.52,0.999
2.54,2.01
2.461,1.319
2.5,-0.823
2.455,0.665
2.513,-0.399
2.474,0.505
2.363,0.303
2.356,0.685
2.288,0.632
2.341,0.213
2.314,0.836
2.261,1.2
2.293,0.606
2.31,1.234
2.292,-0.682
2.277,0.324
2.249,1.823
2.249,0.894
2.251,1.384
2.214,1.87
2.21,2.868
2.181,-0.761
1.485,-0.878
1.437,-0.815
0.553,-0.956
0.202,-0.917
-0.479,-1.049
-0.462,-0.91
-0.982,-1.152
-0.992,-0.896
-1.022,-0.947
-2.108,-1.144
-2.649,-0.905
-2.846,-1.125
2.875,-0.978
2.467,-1.28
2.1,3.484
2.061,3.376
1.878,3.209
1.439,3.263
1.449,3.529
1.0,3.572
0.612,3.414
0.375,3.194
0.386,3.492
-0.223,3.44
-0.342,3.329
-0.467,3.25
-0.562,3.207
-1.091,3.377
-1.384,3.28
-1.595,3.437
-1.839,3.598
-1.92,3.31
-2.67,3.621
-2.911,3.17
3.091,3.306
2.669,3.332
2.561,3.382
2.572,3.26
2.202,3.489
1.896,3.112
1.59,0.484
1.498,-0.279
0.828,1.645
0.845,-0.659
0.402,0.329
-1.064,-0.506
-1.545,1.491
-2.378,2.8
-2.672,2.076
-3.128,0.207
2.682,-0.132
-2.14,-1.06
-2.198,3.379
2.236,3.146
2.212,0.949
2.065,0.631
2.145,0.492
2.077,3.051
1.964,0.318
1.835,2.648
1.956,-0.625
1.883,2.269
1.861,0.816
1.859,2.157
1.798,1.785
1.706,2.26
1.595,2.102
1.686,0.987
1.487,2.951
1.444,0.853
1.384,0.073
1.363,2.168
1.213,-0.846
1.153,1.209
1.248,1.059
1.138,-0.571
1.027,1.593
1.032,1.204
0.718,1.841
0.831,2.839
0.709,1.11
0.689,3.038
0.63,2.948
0.524,0.779
0.456,1.763
0.439,0.958
0.205,3.089
0.225,-0.731
0.211,-0.525
-0.016,2.838
0.074,-0.271
-0.124,-0.647
-0.284,1.324
-0.281,0.539
-0.221,0.32
-0.233,-0.829
-0.282,1.975
-0.31,0.271
-0.455,0.684
-0.453,2.964
-0.408,0.223
-0.859,-0.327
-0.73,0.241
-0.835,1.455
-0.831,0.46
-0.957,-0.479
-0.864,2.677
-0.947,0.702
-0.986,2.504
-1.165,1.136
-1.208,1.118
-1.208,2.972
-1.145,2.347
-1.296,0.287
-1.301,0.272
-1.168,-0.168
-1.325,0.989
-1.217,3.078
-1.231,1.937
-1.366,-0.374
-1.25,1.842
-1.267,2.014
-1.255,0.227
-1.355,0.378
-1.464,1.479
-1.534,2.244
-1.457,-0.817
-1.468,1.566
-1.59,3.125
-1.637,1.195
-1.526,-0.532
-1.604,0.998
-1.666,0.718
-1.853,2.79
-1.818,-0.701
-1.849,2.503
-1.983,-0.235
-1.886,0.464
-1.998,1.905
-1.925,-0.518
-2.098,1.484
-2.138,-0.658
-2.02,1.973
-2.156,-0.61
-2.218,-0.586
-2.354,1.524
-2.242,0.555
-2.365,-0.709
-2.318,-0.861
-2.322,-0.584
-2.36,0.491
-2.524,2.085
-2.695,2.779
-2.806,0.882
-2.824,0.606
-2.83,0.65
-2.828,1.594
-2.834,1.541
-2.856,1.476
-2.963,1.308
-2.995,-0.093
-3.03,1.4
-3.093,-0.181
-3.135,0.616
3.09,1.117
2.779,0.448
2.884,0.483
2.613,0.561
2.735,0.895
2.684,0.276
2.561,-0.714
2.368,2.942
2.492,1.169
2.344,1.393
2.334,-0.542
2.416,2.609
2.249,-0.015
2.246,2.05
2.233,2.654
2.136,1.217
2.227,0.81
1.939,-1.067
1.469,-0.836
1.236,-1.118
0.921,-1.174
0.803,-1.123
0.393,-0.919
-0.242,-1.186
-0.719,-1.13
-0.913,-0.981
-2.577,-0.795
-2.777,-1.082
-2.814,-1.191
-3.106,-1.024
-3.049,-0.999
2.131,-1.026
1.947,3.155
1.875,3.257
1.449,3.442
0.989,3.362
-0.136,3.459
-0.505,3.156
-0.368,3.162
-0.726,3.199
-0.603,3.28
-0.838,3.497
-1.005,3.47
-1.127,3.197
-1.517,3.315
-1.662,3.232
-1.547,3.595
-1.54,3.313
-2.024,3.476
-2.356,3.624
-2.619,3.547
-3.051,3.407
2.773,3.376
2.667,3.422
2.628,3.384
-0.799,1.015
-1.247,0.417
-2.48,-0.75
-2.742,0.568
-3.077,1.253
-0.043,1.8
-1.515,2.544
2.687,1.497
2.666,1.296
2.61,1.64
2.388,0.177
1.68,2.141
0.7,0.517
0.605,0.805
0.456,1.314
0.721,-1.055
-1.299,-0.579
-1.518,3.264
3.0,2.84
2.912,3.073
2.684,3.0
2.759,2.819
-2.625,2.984
-2.155,3.431
0.064,-0.392
0.023,-0.449
-0.076,0.79
-0.073,-1.481
-0.138,-2.396
-0.167,-1.72
-0.123,-1.278
-0.178,-0.575
-0.297,0.636
-0.315,0.581
-0.331,1.033
-0.313,-0.377
-0.337,1.263
-0.406,-1.282
-0.423,1.55
-0.48,0.725
-0.516,-0.732
-0.504,-0.674
-0.583,0.159
-0.65,-1.415
-0.681,-0.293
-0.689,-0.899
-0.63,0.015
-0.745,-1.462
-0.673,0.868
-0.745,1.406
-0.826,-0.461
-0.834,0.395
-0.771,-0.243
-0.835,0.183
-0.893,-1.921
-0.883,0.45
-0.932,-2.036
-1.008,-2.257
-1.009,0.732
-1.029,-0.84
-1.094,-0.082
-1.063,-2.291
-1.071,-0.143
-1.07,-0.195
-1.085,1.242
-1.097,1.02
-1.101,-0.503
-1.119,-0.749
-1.199,-1.504
-1.192,-0.462
-1.192,-1.066
-1.131,-0.54
-1.196,0.102
-1.236,0.621
-1.304,-0.659
-1.259,-0.96
-1.358,-2.148
-1.38,-1.264
-1.38,-1.997
-1.319,1.459
-1.359,0.122
-1.436,1.092
-1.424,-0.666
-1.462,1.58
-1.483,-0.172
-1.43,-0.698
-1.444,0.383
-1.532,1.131
-1.544,1.231
-1.579,-1.473
-1.504,-1.12
-1.581,-1.734
-1.53,-0.059
-1.578,0.415
-1.604,0.037
-1.673,-2.089
-1.669,-2.298
-1.678,-0.024
-1.725,0.469
-1.766,1.004
-1.702,-0.232
-1.765,-1.681
-1.78,0.139
-1.874,1.456
-1.888,-0.96
-1.949,-0.647
-2.01,-0.683
-2.018,-1.168
-1.98,-0.092
-2.048,-0.411
-1.983,1.153
-2.025,0.832
-2.075,-2.24
-2.154,0.972
-2.218,-1.54
-2.209,-0.345
-2.177,0.614
-2.244,-0.797
-2.395,1.522
-2.477,-1.411
-2.493,-2.202
-2.502,1.105
-2.515,-2.019
-2.598,-1.507
-2.694,-0.322
-2.663,-0.2
-2.754,-0.381
-2.724,1.414
-2.781,-0.084
-2.853,-0.85
-2.863,0.701
-2.877,-0.933
-2.951,0.806
-2.899,0.405
-2.982,0.204
-3.001,-0.9
-3.013,-0.171
-2.976,-0.686
-3.014,-0.846
-3.031,-1.06
-3.089,-1.444
-3.077,0.969
-3.114,-0.301
-3.104,0.173
-3.134,-2.337
3.131,-0.091
3.026,-0.277
2.992,0.039
3.008,0.332
2.944,-0.678
2.808,-2.15
2.739,-1.24
2.702,-1.047
2.762,-0.869
2.74,-1.138
2.673,-2.259
2.646,0.102
2.641,0.21
2.562,-0.676
2.592,0.007
2.514,1.377
2.568,-0.537
2.588,0.474
2.509,-0.217
2.548,-2.359
2.503,-0.871
2.561,-1.935
2.522,-1.031
2.411,-1.233
2.404,-0.851
2.336,-0.904
2.389,-1.323
2.362,-0.7
2.309,-0.336
2.341,-0.93
2.358,-0.302
2.34,-2.218
2.325,-1.212
2.297,0.287
2.297,-0.642
2.299,-0.152
2.262,0.334
2.258,1.332
2.229,-2.297
1.533,-2.414
1.485,-2.351
0.601,-2.492
0.25,-2.453
-0.431,-2.585
-0.414,-2.446
-0.934,-2.688
-0.944,-2.432
-0.974,-2.483
-2.06,-2.68
-2.601,-2.441
-2.798,-2.661
2.923,-2.514
2.515,-2.816
2.148,1.948
2.109,1.84
1.926,1.673
1.487,1.727
1.497,1.993
1.048,2.036
0.66,1.878
0.423,1.658
0.434,1.956
-0.175,1.904
-0.294,1.793
-0.419,1.714
-0.514,1.671
-1.043,1.841
-1.336,1.744
-1.547,1.901
-1.791,2.062
-1.872,1.774
-2.622,2.085
-2.863,1.634
3.139,1.77
2.717,1.796
2.609,1.846
2.62,1.724
2.25,1.953
1.944,1.576
1.638,-1.052
1.546,-1.815
0.876,0.109
0.893,-2.195
0.45,-1.207
-1.016,-2.042
-1.497,-0.045
-2.33,1.264
-2.624,0.54
-3.08,-1.329
2.73,-1.668
-2.092,-2.596
-2.15,1.843
2.284,1.61
2.26,-0.587
2.113,-0.905
2.193,-1.044
2.125,1.515
2.012,-1.218
1.883,1.112
2.004,-2.161
1.931,0.733
1.909,-0.72
1.907,0.621
1.846,0.249
1.754,0.724
1.643,0.566
1.734,-0.549
1.535,1.415
1.492,-0.683
1.432,-1.463
1.411,0.632
1.261,-2.382
1.201,-0.327
1.296,-0.477
1.186,-2.107
1.075,0.057
1.08,-0.332
0.766,0.305
0.879,1.303
0.757,-0.426
0.737,1.502
0.678,1.412
0.572,-0.757
0.504,0.227
0.487,-0.578
0.253,1.553
0.273,-2.267
0.259,-2.061
0.032,1.302
0.122,-1.807
-0.076,-2.183
-0.236,-0.212
-0.233,-0.997
-0.173,-1.216
-0.185,-2.365
-0.234,0.439
-0.262,-1.265
-0.407,-0.852
-0.405,1.428
-0.36,-1.313
-0.811,-1.863
-0.682,-1.295
-0.787,-0.081
-0.783,-1.076
-0.909,-2.015
-0.816,1.141
-0.899,-0.834
-0.938,0.968
-1.117,-0.4
-1.16,-0.418
-1.16,1.436
-1.097,0.811
-1.248,-1.249
-1.253,-1.264
-1.12,-1.704
-1.277,-0.547
-1.169,1.542
-1.183,0.401
-1.318,-1.91
-1.202,0.306
-1.219,0.478
-1.207,-1.309
-1.307,-1.158
-1.416,-0.057
-1.486,0.708
-1.409,-2.353
-1.42,0.03
-1.542,1.589
-1.589,-0.341
-1.478,-2.068
-1.556,-0.538
-1.618,-0.818
-1.805,1.254
-1.77,-2.237
-1.801,0.967
-1.935,-1.771
-1.838,-1.072
-1.95,0.369
-1.877,-2.054
-2.05,-0.052
-2.09,-2.194
-1.972,0.437
-2.108,-2.146
-2.17,-2.122
-2.306,-0.012
-2.194,-0.981
-2.317,-2.245
-2.27,-2.397
-2.274,-2.12
-2.312,-1.045
-2.476,0.549
-2.647,1.243
-2.758,-0.654
-2.776,-0.93
-2.782,-0.886
-2.78,0.058
-2.786,0.005
-2.808,-0.06
-2.915,-0.228
-2.947,-1.629
-2.982,-0.136
-3.045,-1.717
-3.087,-0.92
3.138,-0.419
2.827,-1.088
2.932,-1.053
2.661,-0.975
2.783,-0.641
2.732,-1.26
2.609,-2.25
2.416,1.406
2.54,-0.367
2.392,-0.143
2.382,-2.078
2.464,1.073
2.297,-1.551
2.294,0.514
2.281,1.118
2.184,-0.319
2.275,-0.726
1.987,-2.603
1.517,-2.372
1.284,-2.654
0.969,-2.71
0.851,-2.659
0.441,-2.455
-0.194,-2.722
-0.671,-2.666
-0.865,-2.517
-2.529,-2.331
-2.729,-2.618
-2.766,-2.727
-3.058,-2.56
-3.001,-2.535
2.179,-2.562
1.995,1.619
1.923,1.721
1.497,1.906
1.037,1.826
-0.088,1.923
-0.457,1.62
-0.32,1.626
-0.678,1.663
-0.555,1.744
-0.79,1.961
-0.957,1.934
-1.079,1.661
-1.469,1.779
-1.614,1.696
-1.499,2.059
-1.492,1.777
-1.976,1.94
-2.308,2.088
-2.571,2.011
-3.003,1.871
2.821,1.84
2.715,1.886
2.676,1.848
-0.751,-0.521
-1.199,-1.119
-2.432,-2.286
-2.694,-0.968
-3.029,-0.283
0.005,0.264
-1.467,1.008
2.735,-0.039
2.714,-0.24
2.658,0.104
2.436,-1.359
1.728,0.605
0.748,-1.019
0.653,-0.731
0.504,-0.222
0.769,-2.591
-1.251,-2.115
-1.47,1.728
3.048,1.304
2.96,1.537
2.732,1.464
2.807,1.283
-2.577,1.448
-2.107,1.895
-0.041,-0.057
-0.14,1.182
-0.137,-1.089
-0.202,-2.004
-0.231,-1.328
-0.187,-0.886
-0.242,-0.183
-0.361,1.028
-0.379,0.973
-0.395,1.425
-0.377,0.015
-0.401,1.655
-0.47,-0.89
-0.487,1.942
-0.544,1.117
-0.58,-0.34
-0.568,-0.282
-0.647,0.551
-0.714,-1.023
-0.745,0.099
-0.753,-0.507
-0.694,0.407
-0.809,-1.07
-0.737,1.26
-0.809,1.798
-0.89,-0.069
-0.898,0.787
-0.835,0.149
-0.899,0.575
-0.957,-1.529
-0.947,0.842
-0.996,-1.644
-1.072,-1.865
-1.073,1.124
-1.093,-0.448
-1.158,0.31
-1.127,-1.899
-1.135,0.249
-1.134,0.197
-1.149,1.634
-1.161,1.412
-1.165,-0.111
-1.183,-0.357
-1.263,-1.112
-1.256,-0.07
-1.256,-0.674
-1.195,-0.148
-1.26,0.494
-1.3,1.013
-1.368,-0.267
-1.323,-0.568
-1.422,-1.756
-1.444,-0.872
-1.444,-1.605
-1.383,1.851
-1.423,0.514
-1.5,1.484
-1.488,-0.274
-1.526,1.972
-1.547,0.22
-1.494,-0.306
-1.508,0.775
-1.596,1.523
-1.608,1.623
-1.643,-1.081
-1.568,-0.728
-1.645,-1.342
-1.594,0.333
-1.642,0.807
-1.668,0.429
-1.737,-1.697
-1.733,-1.906
-1.742,0.368
-1.789,0.861
-1.83,1.396
-1.766,0.16
-1.829,-1.289
-1.844,0.531
-1.938,1.848
-1.952,-0.568
-2.013,-0.255
-2.074,-0.291
-2.082,-0.776
-2.044,0.3
-2.112,-0.019
-2.047,1.545
-2.089,1.224
-2.139,-1.848
-2.218,1.364
-2.282,-1.148
-2.273,0.047
-2.241,1.006
-2.308,-0.405
-2.459,1.914
-2.541,-1.019
-2.557,-1.81
-2.566,1.497
-2.579,-1.627
-2.662,-1.115
-2.758,0.07
-2.727,0.192
-2.818,0.011
-2.788,1.806
-2.845,0.308
-2.917,-0.458
-2.927,1.093
-2.941,-0.541
-3.015,1.198
-2.963,0.797
-3.046,0.596
-3.065,-0.508
-3.077,0.221
-3.04,-0.294
-3.078,-0.454
-3.095,-0.668
3.13,-1.052
-3.141,1.361
3.105,0.091
3.115,0.565
3.085,-1.945
3.067,0.301
2.962,0.115
2.928,0.431
2.944,0.724
2.88,-0.286
2.744,-1.758
2.675,-0.848
2.638,-0.655
2.698,-0.477
2.676,-0.746
2.609,-1.867
2.582,0.494
2.577,0.602
2.498,-0.284
2.528,0.399
2.45,1.769
2.504,-0.145
2.524,0.866
2.445,0.175
2.484,-1.967
2.439,-0.479
2.497,-1.543
2.458,-0.639
2.347,-0.841
2.34,-0.459
2.272,-0.512
2.325,-0.931
2.298,-0.308
2.245,0.056
2.277,-0.538
2.294,0.09
2.276,-1.826
2.261,-0.82
2.233,0.679
2.233,-0.25
2.235,0.24
2.198,0.726
2.194,1.724
2.165,-1.905
1.469,-2.022
1.421,-1.959
0.537,-2.1
0.186,-2.061
-0.495,-2.193
-0.478,-2.054
-0.998,-2.296
-1.008,-2.04
-1.038,-2.091
-2.124,-2.288
-2.665,-2.049
-2.862,-2.269
2.859,-2.122
2.451,-2.424
2.084,2.34
2.045,2.232
1.862,2.065
1.423,2.119
1.433,2.385
0.984,2.428
0.596,2.27
0.359,2.05
0.37,2.348
-0.239,2.296
-0.358,2.185
-0.483,2.106
-0.578,2.063
-1.107,2.233
-1.4,2.136
-1.611,2.293
-1.855,2.454
-1.936,2.166
-2.686,2.477
-2.927,2.026
3.075,2.162
2.653,2.188
2.545,2.238
2.556,2.116
2.186,2.345
1.88,1.968
1.574,-0.66
1.482,-1.423
0.812,0.501
0.829,-1.803
0.386,-0.815
-1.08,-1.65
-1.561,0.347
-2.394,1.656
-2.688,0.932
3.139,-0.937
2.666,-1.276
-2.156,-2.204
-2.214,2.235
2.22,2.002
2.196,-0.195
2.049,-0.513
2.129,-0.652
2.061,1.907
1.948,-0.826
1.819,1.504
1.94,-1.769
1.867,1.125
1.845,-0.328
1.843,1.013
1.782,0.641
1.69,1.116
1.579,0.958
1.67,-0.157
1.471,1.807
1.428,-0.291
1.368,-1.071
1.347,1.024
1.197,-1.99
1.137,0.065
1.232,-0.085
1.122,-1.715
1.011,0.449
1.016,0.06
0.702,0.697
0.815,1.695
0.693,-0.034
0.673,1.894
0.614,1.804
0.508,-0.365
0.44,0.619
0.423,-0.186
0.189,1.945
0.209,-1.875
0.195,-1.669
-0.032,1.694
0.058,-1.415
-0.14,-1.791
-0.3,0.18
-0.297,-0.605
-0.237,-0.824
-0.249,-1.973
-0.298,0.831
-0.326,-0.873
-0.471,-0.46
-0.469,1.82
-0.424,-0.921
-0.875,-1.471
-0.746,-0.903
-0.851,0.311
-0.847,-0.684
-0.973,-1.623
-0.88,1.533
-0.963,-0.442
-1.002,1.36
-1.181,-0.008
-1.224,-0.026
-1.224,1.828
-1.161,1.203
-1.312,-0.857
-1.317,-0.872
-1.184,-1.312
-1.341,-0.155
-1.233,1.934
-1.247,0.793
-1.382,-1.518
-1.266,0.698
-1.283,0.87
-1.271,-0.917
-1.371,-0.766
-1.48,0.335
-1.55,1.1
-1.473,-1.961
-1.484,0.422
-1.606,1.981
-1.653,0.051
-1.542,-1.676
-1.62,-0.146
-1.682,-0.426
-1.869,1.646
-1.834,-1.845
-1.865,1.359
-1.999,-1.379
-1.902,-0.68
-2.014,0.761
-1.941,-1.662
-2.114,0.34
-2.154,-1.802
-2.036,0.829
-2.172,-1.754
-2.234,-1.73
-2.37,0.38
-2.258,-0.589
-2.381,-1.853
-2.334,-2.005
-2.338,-1.728
-2.376,-0.653
-2.54,0.941
-2.711,1.635
-2.822,-0.262
-2.84,-0.538
-2.846,-0.494
-2.844,0.45
-2.85,0.397
-2.872,0.332
-2.979,0.164
-3.011,-1.237
-3.046,0.256
-3.109,-1.325
3.132,-0.528
3.074,-0.027
2.763,-0.696
2.868,-0.661
2.597,-0.583
2.719,-0.249
2.668,-0.868
2.545,-1.858
2.352,1.798
2.476,0.025
2.328,0.249
2.318,-1.686
2.4,1.465
2.233,-1.159
2.23,0.906
2.217,1.51
2.12,0.073
2.211,-0.334
1.923,-2.211
1.453,-1.98
1.22,-2.262
0.905,-2.318
0.787,-2.267
0.377,-2.063
-0.258,-2.33
-0.735,-2.274
-0.929,-2.125
-2.593,-1.939
-2.793,-2.226
-2.83,-2.335
-3.122,-2.168
-3.065,-2.143
2.115,-2.17
1.931,2.011
1.859,2.113
1.433,2.298
0.973,2.218
-0.152,2.315
-0.521,2.012
-0.384,2.018
-0.742,2.055
-0.619,2.136
-0.854,2.353
-1.021,2.326
-1.143,2.053
-1.533,2.171
-1.678,2.088
-1.563,2.451
-1.556,2.169
-2.04,2.332
-2.372,2.48
-2.635,2.403
-3.067,2.263
2.757,2.232
2.651,2.278
2.612,2.24
-0.815,-0.129
-1.263,-0.727
-2.496,-1.894
-2.758,-0.576
-3.093,0.109
-0.059,0.656
-1.531,1.4
2.671,0.353
2.65,0.152
2.594,0.496
2.372,-0.967
1.664,0.997
0.684,-0.627
0.589,-0.339
0.44,0.17
0.705,-2.199
-1.315,-1.723
-1.534,2.12
2.984,1.696
2.896,1.929
2.668,1.856
2.743,1.675
-2.641,1.84
-2.171,2.287
-0.099,1.239
-0.096,-1.032
-0.161,-1.947
-0.19,-1.271
-0.146,-0.829
-0.201,-0.126
-0.32,1.085
-0.338,1.03
-0.354,1.482
-0.336,0.072
-0.36,1.712
-0.429,-0.833
-0.446,1.999
-0.503,1.174
-0.539,-0.283
-0.527,-0.225
-0.606,0.608
-0.673,-0.966
-0.704,0.156
-0.712,-0.45
-0.653,0.464
-0.768,-1.013
-0.696,1.317
-0.768,1.855
-0.849,-0.012
-0.857,0.844
-0.794,0.206
-0.858,0.632
-0.916,-1.472
-0.906,0.899
-0.955,-1.587
-1.031,-1.808
-1.032,1.181
-1.052,-0.391
-1.117,0.367
-1.086,-1.842
-1.094,0.306
-1.093,0.254
-1.108,1.691
-1.12,1.469
-1.124,-0.054
-1.142,-0.3
-1.222,-1.055
-1.215,-0.013
-1.215,-0.617
-1.154,-0.091
-1.219,0.551
-1.259,1.07
-1.327,-0.21
-1.282,-0.511
-1.381,-1.699
-1.403,-0.815
-1.403,-1.548
-1.342,1.908
-1.382,0.571
-1.459,1.541
-1.447,-0.217
-1.485,2.029
-1.506,0.277
-1.453,-0.249
-1.467,0.832
-1.555,1.58
-1.567,1.68
-1.602,-1.024
-1.527,-0.671
-1.604,-1.285
-1.553,0.39
-1.601,0.864
-1.627,0.486
-1.696,-1.64
-1.692,-1.849
-1.701,0.425
-1.748,0.918
-1.789,1.453
-1.725,0.217
-1.788,-1.232
-1.803,0.588
-1.897,1.905
-1.911,-0.511
-1.972,-0.198
-2.033,-0.234
-2.041,-0.719
-2.003,0.357
-2.071,0.038
-2.006,1.602
-2.048,1.281
-2.098,-1.791
-2.177,1.421
-2.241,-1.091
-2.232,0.104
-2.2,1.063
-2.267,-0.348
-2.418,1.971
-2.5,-0.962
-2.516,-1.753
-2.525,1.554
-2.538,-1.57
-2.621,-1.058
-2.717,0.127
-2.686,0.249
-2.777,0.068
-2.747,1.863
-2.804,0.365
-2.876,-0.401
-2.886,1.15
-2.9,-0.484
-2.974,1.255
-2.922,0.854
-3.005,0.653
-3.024,-0.451
-3.036,0.278
-2.999,-0.237
-3.037,-0.397
-3.054,-0.611
-3.112,-0.995
-3.1,1.418
-3.137,0.148
-3.127,0.622
3.126,-1.888
3.108,0.358
3.003,0.172
2.969,0.488
2.985,0.781
2.921,-0.229
2.785,-1.701
2.716,-0.791
2.679,-0.598
2.739,-0.42
2.717,-0.689
2.65,-1.81
2.623,0.551
2.618,0.659
2.539,-0.227
2.569,0.456
2.491,1.826
2.545,-0.088
2.565,0.923
2.486,0.232
2.525,-1.91
2.48,-0.422
2.538,-1.486
2.499,-0.582
2.388,-0.784
2.381,-0.402
2.313,-0.455
2.366,-0.874
2.339,-0.251
2.286,0.113
2.318,-0.481
2.335,0.147
2.317,-1.769
2.302,-0.763
2.274,0.736
2.274,-0.193
2.276,0.297
2.239,0.783
2.235,1.781
2.206,-1.848
1.51,-1.965
1.462,-1.902
0.578,-2.043
0.227,-2.004
-0.454,-2.136
-0.437,-1.997
-0.957,-2.239
-0.967,-1.983
-0.997,-2.034
-2.083,-2.231
-2.624,-1.992
-2.821,-2.212
2.9,-2.065
2.492,-2.367
2.125,2.397
2.086,2.289
1.903,2.122
1.464,2.176
1.474,2.442
1.025,2.485
0.637,2.327
0.4,2.107
0.411,2.405
-0.198,2.353
-0.317,2.242
-0.442,2.163
-0.537,2.12
-1.066,2.29
-1.359,2.193
-1.57,2.35
-1.814,2.511
-1.895,2.223
-2.645,2.534
-2.886,2.083
3.116,2.219
2.694,2.245
2.586,2.295
2.597,2.173
2.227,2.402
1.921,2.025
1.615,-0.603
1.523,-1.366
0.853,0.558
0.87,-1.746
0.427,-0.758
-1.039,-1.593
-1.52,0.404
-2.353,1.713
-2.647,0.989
-3.103,-0.88
2.707,-1.219
-2.115,-2.147
-2.173,2.292
2.261,2.059
2.237,-0.138
2.09,-0.456
2.17,-0.595
2.102,1.964
1.989,-0.769
1.86,1.561
1.981,-1.712
1.908,1.182
1.886,-0.271
1.884,1.07
1.823,0.698
1.731,1.173
1.62,1.015
1.711,-0.1
1.512,1.864
1.469,-0.234
1.409,-1.014
1.388,1.081
1.238,-1.933
1.178,0.122
1.273,-0.028
1.163,-1.658
1.052,0.506
1.057,0.117
0.743,0.754
0.856,1.752
0.734,0.023
0.714,1.951
0.655,1.861
0.549,-0.308
0.481,0.676
0.464,-0.129
0.23,2.002
0.25,-1.818
0.236,-1.612
0.009,1.751
0.099,-1.358
-0.099,-1.734
-0.259,0.237
-0.256,-0.548
-0.196,-0.767
-0.208,-1.916
-0.257,0.888
-0.285,-0.816
-0.43,-0.403
-0.428,1.877
-0.383,-0.864
-0.834,-1.414
-0.705,-0.846
-0.81,0.368
-0.806,-0.627
-0.932,-1.566
-0.839,1.59
-0.922,-0.385
-0.961,1.417
-1.14,0.049
-1.183,0.031
-1.183,1.885
-1.12,1.26
-1.271,-0.8
-1.276,-0.815
-1.143,-1.255
-1.3,-0.098
-1.192,1.991
-1.206,0.85
-1.341,-1.461
-1.225,0.755
-1.242,0.927
-1.23,-0.86
-1.33,-0.709
-1.439,0.392
-1.509,1.157
-1.432,-1.904
-1.443,0.479
-1.565,2.038
-1.612,0.108
-1.501,-1.619
-1.579,-0.089
-1.641,-0.369
-1.828,1.703
-1.793,-1.788
-1.824,1.416
-1.958,-1.322
-1.861,-0.623
-1.973,0.818
-1.9,-1.605
-2.073,0.397
-2.113,-1.745
-1.995,0.886
-2.131,-1.697
-2.193,-1.673
-2.329,0.437
-2.217,-0.532
-2.34,-1.796
-2.293,-1.948
-2.297,-1.671
-2.335,-0.596
-2.499,0.998
-2.67,1.692
-2.781,-0.205
-2.799,-0.481
-2.805,-0.437
-2.803,0.507
-2.809,0.454
-2.831,0.389
-2.938,0.221
-2.97,-1.18
-3.005,0.313
-3.068,-1.268
-3.11,-0.471
3.115,0.03
2.804,-0.639
2.909,-0.604
2.638,-0.526
2.76,-0.192
2.709,-0.811
2.586,-1.801
2.393,1.855
2.517,0.082
2.369,0.306
2.359,-1.629
2.441,1.522
2.274,-1.102
2.271,0.963
2.258,1.567
2.161,0.13
2.252,-0.277
1.964,-2.154
1.494,-1.923
1.261,-2.205
0.946,-2.261
0.828,-2.21
0.418,-2.006
-0.217,-2.273
-0.694,-2.217
-0.888,-2.068
-2.552,-1.882
-2.752,-2.169
-2.789,-2.278
-3.081,-2.111
-3.024,-2.086
2.156,-2.113
1.972,2.068
1.9,2.17
1.474,2.355
1.014,2.275
-0.111,2.372
-0.48,2.069
-0.343,2.075
-0.701,2.112
-0.578,2.193
-0.813,2.41
-0.98,2.383
-1.102,2.11
-1.492,2.228
-1.637,2.145
-1.522,2.508
-1.515,2.226
-1.999,2.389
-2.331,2.537
-2.594,2.46
-3.026,2.32
2.798,2.289
2.692,2.335
2.653,2.297
-0.774,-0.072
-1.222,-0.67
-2.455,-1.837
-2.717,-0.519
-3.052,0.166
-0.018,0.713
-1.49,1.457
2.712,0.41
2.691,0.209
2.635,0.553
2.413,-0.91
1.705,1.054
0.725,-0.57
0.63,-0.282
0.481,0.227
0.746,-2.142
-1.274,-1.666
-1.493,2.177
3.025,1.753
2.937,1.986
2.709,1.913
2.784,1.732
-2.6,1.897
-2.13,2.344
0.003,-2.271
-0.062,-3.186
-0.091,-2.51
-0.047,-2.068
-0.102,-1.365
-0.221,-0.154
-0.239,-0.209
-0.255,0.243
-0.237,-1.167
-0.261,0.473
-0.33,-2.072
-0.347,0.76
-0.404,-0.065
-0.44,-1.522
-0.428,-1.464
-0.507,-0.631
-0.574,-2.205
-0.605,-1.083
-0.613,-1.689
-0.554,-0.775
-0.669,-2.252
-0.597,0.078
-0.669,0.616
-0.75,-1.251
-0.758,-0.395
-0.695,-1.033
-0.759,-0.607
-0.817,-2.711
-0.807,-0.34
-0.856,-2.826
-0.932,-3.047
-0.933,-0.058
-0.953,-1.63
-1.018,-0.872
-0.987,-3.081
-0.995,-0.933
-0.994,-0.985
-1.009,0.452
-1.021,0.23
-1.025,-1.293
-1.043,-1.539
-1.123,-2.294
-1.116,-1.252
-1.116,-1.856
-1.055,-1.33
-1.12,-0.688
-1.16,-0.169
-1.228,-1.449
-1.183,-1.75
-1.282,-2.938
-1.304,-2.054
-1.304,-2.787
-1.243,0.669
-1.283,-0.668
-1.36,0.302
-1.348,-1.456
-1.386,0.79
-1.407,-0.962
-1.354,-1.488
-1.368,-0.407
-1.456,0.341
-1.468,0.441
-1.503,-2.263
-1.428,-1.91
-1.505,-2.524
-1.454,-0.849
-1.502,-0.375
-1.528,-0.753
-1.597,-2.879
-1.593,-3.088
-1.602,-0.814
-1.649,-0.321
-1.69,0.214
-1.626,-1.022
-1.689,-2.471
-1.704,-0.651
-1.798,0.666
-1.812,-1.75
-1.873,-1.437
-1.934,-1.473
-1.942,-1.958
-1.904,-0.882
-1.972,-1.201
-1.907,0.363
-1.949,0.042
-1.999,-3.03
-2.078,0.182
-2.142,-2.33
-2.133,-1.135
-2.101,-0.176
-2.168,-1.587
-2.319,0.732
-2.401,-2.201
-2.417,-2.992
-2.426,0.315
-2.439,-2.809
-2.522,-2.297
-2.618,-1.112
-2.587,-0.99
-2.678,-1.171
-2.648,0.624
-2.705,-0.874
-2.777,-1.64
-2.787,-0.089
-2.801,-1.723
-2.875,0.016
-2.823,-0.385
-2.906,-0.586
-2.925,-1.69
-2.937,-0.961
-2.9,-1.476
-2.938,-1.636
-2.955,-1.85
-3.013,-2.234
-3.001,0.179
-3.038,-1.091
-3.028,-0.617
-3.058,-3.127
-3.076,-0.881
3.102,-1.067
3.068,-0.751
3.084,-0.458
3.02,-1.468
2.884,-2.94
2.815,-2.03
2.778,-1.837
2.838,-1.659
2.816,-1.928
2.749,-3.049
2.722,-0.688
2.717,-0.58
2.638,-1.466
2.668,-0.783
2.59,0.587
2.644,-1.327
2.664,-0.316
2.585,-1.007
2.624,-3.149
2.579,-1.661
2.637,-2.725
2.598,-1.821
2.487,-2.023
2.48,-1.641
2.412,-1.694
2.465,-2.113
2.438,-1.49
2.385,-1.126
2.417,-1.72
2.434,-1.092
2.416,-3.008
2.401,-2.002
2.373,-0.503
2.373,-1.432
2.375,-0.942
2.338,-0.456
2.334,0.542
2.305,-3.087
1.609,-3.204
1.561,-3.141
0.677,-3.282
0.326,-3.243
-0.355,-3.375
-0.338,-3.236
-0.858,-3.478
-0.868,-3.222
-0.898,-3.273
-1.984,-3.47
-2.525,-3.231
-2.722,-3.451
2.999,-3.304
2.591,-3.606
2.224,1.158
2.185,1.05
2.002,0.883
1.563,0.937
1.573,1.203
1.124,1.246
0.736,1.088
0.499,0.868
0.51,1.166
-0.099,1.114
-0.218,1.003
-0.343,0.924
-0.438,0.881
-0.967,1.051
-1.26,0.954
-1.471,1.111
-1.715,1.272
-1.796,0.984
-2.546,1.295
-2.787,0.844
-3.068,0.98
2.793,1.006
2.685,1.056
2.696,0.934
2.326,1.163
2.02,0.786
1.714,-1.842
1.622,-2.605
0.952,-0.681
0.969,-2.985
0.526,-1.997
-0.94,-2.832
-1.421,-0.835
-2.254,0.474
-2.548,-0.25
-3.004,-2.119
2.806,-2.458
-2.016,-3.386
-2.074,1.053
2.36,0.82
2.336,-1.377
2.189,-1.695
2.269,-1.834
2.201,0.725
2.088,-2.008
1.959,0.322
2.08,-2.951
2.007,-0.057
1.985,-1.51
1.983,-0.169
1.922,-0.541
1.83,-0.066
1.719,-0.224
1.81,-1.339
1.611,0.625
1.568,-1.473
1.508,-2.253
1.487,-0.158
1.337,-3.172
1.277,-1.117
1.372,-1.267
1.262,-2.897
1.151,-0.733
1.156,-1.122
0.842,-0.485
0.955,0.513
0.833,-1.216
0.813,0.712
0.754,0.622
0.648,-1.547
0.58,-0.563
0.563,-1.368
0.329,0.763
0.349,-3.057
0.335,-2.851
0.108,0.512
0.198,-2.597
0.0,-2.973
-0.16,-1.002
-0.157,-1.787
-0.097,-2.006
-0.109,-3.155
-0.158,-0.351
-0.186,-2.055
-0.331,-1.642
-0.329,0.638
-0.284,-2.103
-0.735,-2.653
-0.606,-2.085
-0.711,-0.871
-0.707,-1.866
-0.833,-2.805
-0.74,0.351
-0.823,-1.624
-0.862,0.178
-1.041,-1.19
-1.084,-1.208
-1.084,0.646
-1.021,0.021
-1.172,-2.039
-1.177,-2.054
-1.044,-2.494
-1.201,-1.337
-1.093,0.752
-1.107,-0.389
-1.242,-2.7
-1.126,-0.484
-1.143,-0.312
-1.131,-2.099
-1.231,-1.948
-1.34,-0.847
-1.41,-0.082
-1.333,-3.143
-1.344,-0.76
-1.466,0.799
-1.513,-1.131
-1.402,-2.858
-1.48,-1.328
-1.542,-1.608
-1.729,0.464
-1.694,-3.027
-1.725,0.177
-1.859,-2.561
-1.762,-1.862
-1.874,-0.421
-1.801,-2.844
-1.974,-0.842
-2.014,-2.984
-1.896,-0.353
-2.032,-2.936
-2.094,-2.912
-2.23,-0.802
-2.118,-1.771
-2.241,-3.035
-2.194,-3.187
-2.198,-2.91
-2.236,-1.835
-2.4,-0.241
-2.571,0.453
-2.682,-1.444
-2.7,-1.72
-2.706,-1.676
-2.704,-0.732
-2.71,-0.785
-2.732,-0.85
-2.839,-1.018
-2.871,-2.419
-2.906,-0.926
-2.969,-2.507
-3.011,-1.71
-3.069,-1.209
2.903,-1.878
3.008,-1.843
2.737,-1.765
2.859,-1.431
2.808,-2.05
2.685,-3.04
2.492,0.616
2.616,-1.157
2.468,-0.933
2.458,-2.868
2.54,0.283
2.373,-2.341
2.37,-0.276
2.357,0.328
2.26,-1.109
2.351,-1.516
2.063,-3.393
1.593,-3.162
1.36,-3.444
1.045,-3.5
0.927,-3.449
0.517,-3.245
-0.118,-3.512
-0.595,-3.456
-0.789,-3.307
-2.453,-3.121
-2.653,-3.408
-2.69,-3.517
-2.982,-3.35
-2.925,-3.325
2.255,-3.352
2.071,0.829
1.999,0.931
1.573,1.116
1.113,1.036
-0.012,1.133
-0.381,0.83
-0.244,0.836
-0.602,0.873
-0.479,0.954
-0.714,1.171
-0.881,1.144
-1.003,0.871
-1.393,0.989
-1.538,0.906
-1.423,1.269
-1.416,0.987
-1.9,1.15
-2.232,1.298
-2.495,1.221
-2.927,1.081
2.897,1.05
2.791,1.096
2.752,1.058
-0.675,-1.311
-1.123,-1.909
-2.356,-3.076
-2.618,-1.758
-2.953,-1.073
0.081,-0.526
-1.391,0.218
2.811,-0.829
2.79,-1.03
2.734,-0.686
2.512,-2.149
1.804,-0.185
0.824,-1.809
0.729,-1.521
0.58,-1.012
0.845,-3.381
-1.175,-2.905
-1.394,0.938
3.124,0.514
3.036,0.747
2.808,0.674
2.883,0.493
-2.501,0.658
-2.031,1.105
-0.065,-0.915
-0.094,-0.239
-0.05,0.203
-0.105,0.906
-0.224,2.117
-0.242,2.062
-0.258,2.514
-0.24,1.104
-0.264,2.744
-0.333,0.199
-0.35,3.031
-0.407,2.206
-0.443,0.749
-0.431,0.807
-0.51,1.64
-0.577,0.066
-0.608,1.188
-0.616,0.582
-0.557,1.496
-0.672,0.019
-0.6,2.349
-0.672,2.887
-0.753,1.02
-0.761,1.876
-0.698,1.238
-0.762,1.664
-0.82,-0.44
-0.81,1.931
-0.859,-0.555
-0.935,-0.776
-0.936,2.213
-0.956,0.641
-1.021,1.399
-0.99,-0.81
-0.998,1.338
-0.997,1.286
-1.012,2.723
-1.024,2.501
-1.028,0.978
-1.046,0.732
-1.126,-0.023
-1.119,1.019
-1.119,0.415
-1.058,0.941
-1.123,1.583
-1.163,2.102
-1.231,0.822
-1.186,0.521
-1.285,-0.667
-1.307,0.217
-1.307,-0.516
-1.246,2.94
-1.286,1.603
-1.363,2.573
-1.351,0.815
-1.389,3.061
-1.41,1.309
-1.357,0.783
-1.371,1.864
-1.459,2.612
-1.471,2.712
-1.506,0.008
-1.431,0.361
-1.508,-0.253
-1.457,1.422
-1.505,1.896
-1.531,1.518
-1.6,-0.608
-1.596,-0.817
-1.605,1.457
-1.652,1.95
-1.693,2.485
-1.629,1.249
-1.692,-0.2
-1.707,1.62
-1.801,2.937
-1.815,0.521
-1.876,0.834
-1.937,0.798
-1.945,0.313
-1.907,1.389
-1.975,1.07
-1.91,2.634
-1.952,2.313
-2.002,-0.759
-2.081,2.453
-2.145,-0.059
-2.136,1.136
-2.104,2.095
-2.171,0.684
-2.322,3.003
-2.404,0.07
-2.42,-0.721
-2.429,2.586
-2.442,-0.538
-2.525,-0.026
-2.621,1.159
-2.59,1.281
-2.681,1.1
-2.651,2.895
-2.708,1.397
-2.78,0.631
-2.79,2.182
-2.804,0.548
-2.878,2.287
-2.826,1.886
-2.909,1.685
-2.928,0.581
-2.94,1.31
-2.903,0.795
-2.941,0.635
-2.958,0.421
-3.016,0.037
-3.004,2.45
-3.041,1.18
-3.031,1.654
-3.061,-0.856
-3.079,1.39
3.099,1.204
3.065,1.52
3.081,1.813
3.017,0.803
2.881,-0.669
2.812,0.241
2.775,0.434
2.835,0.612
2.813,0.343
2.746,-0.778
2.719,1.583
2.714,1.691
2.635,0.805
2.665,1.488
2.587,2.858
2.641,0.944
2.661,1.955
2.582,1.264
2.621,-0.878
2.576,0.61
2.634,-0.454
2.595,0.45
2.484,0.248
2.477,0.63
2.409,0.577
2.462,0.158
2.435,0.781
2.382,1.145
2.414,0.551
2.431,1.179
2.413,-0.737
2.398,0.269
2.37,1.768
2.37,0.839
2.372,1.329
2.335,1.815
2.331,2.813
2.302,-0.816
1.606,-0.933
1.558,-0.87
0.674,-1.011
0.323,-0.972
-0.358,-1.104
-0.341,-0.965
-0.861,-1.207
-0.871,-0.951
-0.901,-1.002
-1.987,-1.199
-2.528,-0.96
-2.725,-1.18
2.996,-1.033
2.588,-1.335
2.221,3.429
2.182,3.321
1.999,3.154
1.56,3.208
1.57,3.474
1.121,3.517
0.733,3.359
0.496,3.139
0.507,3.437
-0.102,3.385
-0.221,3.274
-0.346,3.195
-0.441,3.152
-0.97,3.322
-1.263,3.225
-1.474,3.382
-1.718,3.543
-1.799,3.255
-2.549,3.566
-2.79,3.115
-3.071,3.251
2.79,3.277
2.682,3.327
2.693,3.205
2.323,3.434
2.017,3.057
1.711,0.429
1.619,-0.334
0.949,1.59
0.966,-0.714
0.523,0.274
-0.943,-0.561
-1.424,1.436
-2.257,2.745
-2.551,2.021
-3.007,0.152
2.803,-0.187
-2.019,-1.115
-2.077,3.324
2.357,3.091
2.333,0.894
2.186,0.576
2.266,0.437
2.198,2.996
2.085,0.263
1.956,2.593
2.077,-0.68
2.004,2.214
1.982,0.761
1.98,2.102
1.919,1.73
1.827,2.205
1.716,2.047
1.807,0.932
1.608,2.896
1.565,0.798
1.505,0.018
1.484,2.113
1.334,-0.901
1.274,1.154
1.369,1.004
1.259,-0.626
1.148,1.538
1.153,1.149
0.839,1.786
0.952,2.784
0.83,1.055
0.81,2.983
0.751,2.893
0.645,0.724
0.577,1.708
0.56,0.903
0.326,3.034
0.346,-0.786
0.332,-0.58
0.105,2.783
0.195,-0.326
-0.003,-0.702
-0.163,1.269
-0.16,0.484
-0.1,0.265
-0.112,-0.884
-0.161,1.92
-0.189,0.216
-0.334,0.629
-0.332,2.909
-0.287,0.168
-0.738,-0.382
-0.609,0.186
-0.714,1.4
-0.71,0.405
-0.836,-0.534
-0.743,2.622
-0.826,0.647
-0.865,2.449
-1.044,1.081
-1.087,1.063
-1.087,2.917
-1.024,2.292
-1.175,0.232
-1.18,0.217
-1.047,-0.223
-1.204,0.934
-1.096,3.023
-1.11,1.882
-1.245,-0.429
-1.129,1.787
-1.146,1.959
-1.134,0.172
-1.234,0.323
-1.343,1.424
-1.413,2.189
-1.336,-0.872
-1.347,1.511
-1.469,3.07
-1.516,1.14
-1.405,-0.587
-1.483,0.943
-1.545,0.663
-1.732,2.735
-1.697,-0.756
-1.728,2.448
-1.862,-0.29
-1.765,0.409
-1.877,1.85
-1.804,-0.573
-1.977,1.429
-2.017,-0.713
-1.899,1.918
-2.035,-0.665
-2.097,-0.641
-2.233,1.469
-2.121,0.5
-2.244,-0.764
-2.197,-0.916
-2.201,-0.639
-2.239,0.436
-2.403,2.03
-2.574,2.724
-2.685,0.827
-2.703,0.551
-2.709,0.595
-2.707,1.539
-2.713,1.486
-2.735,1.421
-2.842,1.253
-2.874,-0.148
-2.909,1.345
-2.972,-0.236
-3.014,0.561
-3.072,1.062
2.9,0.393
3.005,0.428
2.734,0.506
2.856,0.84
2.805,0.221
2.682,-0.769
2.489,2.887
2.613,1.114
2.465,1.338
2.455,-0.597
2.537,2.554
2.37,-0.07
2.367,1.995
2.354,2.599
2.257,1.162
2.348,0.755
2.06,-1.122
1.59,-0.891
1.357,-1.173
1.042,-1.229
0.924,-1.178
0.514,-0.974
-0.121,-1.241
-0.598,-1.185
-0.792,-1.036
-2.456,-0.85
-2.656,-1.137
-2.693,-1.246
-2.985,-1.079
-2.928,-1.054
2.252,-1.081
2.068,3.1
1.996,3.202
1.57,3.387
1.11,3.307
-0.015,3.404
-0.384,3.101
-0.247,3.107
-0.605,3.144
-0.482,3.225
-0.717,3.442
-0.884,3.415
-1.006,3.142
-1.396,3.26
-1.541,3.177
-1.426,3.54
-1.419,3.258
-1.903,3.421
-2.235,3.569
-2.498,3.492
-2.93,3.352
2.894,3.321
2.788,3.367
2.749,3.329
-0.678,0.96
-1.126,0.362
-2.359,-0.805
-2.621,0.513
-2.956,1.198
0.078,1.745
-1.394,2.489
2.808,1.442
2.787,1.241
2.731,1.585
2.509,0.122
1.801,2.086
0.821,0.462
0.726,0.75
0.577,1.259
0.842,-1.11
-1.178,-0.634
-1.397,3.209
3.121,2.785
3.033,3.018
2.805,2.945
2.88,2.764
-2.504,2.929
-2.034,3.376
-0.029,0.676
0.015,1.118
-0.04,1.821
-0.159,3.032
-0.177,2.977
-0.193,3.429
-0.175,2.019
-0.199,3.659
-0.268,1.114
-0.285,3.946
-0.342,3.121
-0.378,1.664
-0.366,1.722
-0.445,2.555
-0.512,0.981
-0.543,2.103
-0.551,1.497
-0.492,2.411
-0.607,0.934
-0.535,3.264
-0.607,3.802
-0.688,1.935
-0.696,2.791
-0.633,2.153
-0.697,2.579
-0.755,0.475
-0.745,2.846
-0.794,0.36
-0.87,0.139
-0.871,3.128
-0.891,1.556
-0.956,2.314
-0.925,0.105
-0.933,2.253
-0.932,2.201
-0.947,3.638
-0.959,3.416
-0.963,1.893
-0.981,1.647
-1.061,0.892
-1.054,1.934
-1.054,1.33
-0.993,1.856
-1.058,2.498
-1.098,3.017
-1.166,1.737
-1.121,1.436
-1.22,0.248
-1.242,1.132
-1.242,0.399
-1.181,3.855
-1.221,2.518
-1.298,3.488
-1.286,1.73
-1.324,3.976
-1.345,2.224
-1.292,1.698
-1.306,2.779
-1.394,3.527
-1.406,3.627
-1.441,0.923
-1.366,1.276
-1.443,0.662
-1.392,2.337
-1.44,2.811
-1.466,2.433
-1.535,0.307
-1.531,0.098
-1.54,2.372
-1.587,2.865
-1.628,3.4
-1.564,2.164
-1.627,0.715
-1.642,2.535
-1.736,3.852
-1.75,1.436
-1.811,1.749
-1.872,1.713
-1.88,1.228
-1.842,2.304
-1.91,1.985
-1.845,3.549
-1.887,3.228
-1.937,0.156
-2.016,3.368
-2.08,0.856
-2.071,2.051
-2.039,3.01
-2.106,1.599
-2.257,3.918
-2.339,0.985
-2.355,0.194
-2.364,3.501
-2.377,0.377
-2.46,0.889
-2.556,2.074
-2.525,2.196
-2.616,2.015
-2.586,3.81
-2.643,2.312
-2.715,1.546
-2.725,3.097
-2.739,1.463
-2.813,3.202
-2.761,2.801
-2.844,2.6
-2.863,1.496
-2.875,2.225
-2.838,1.71
-2.876,1.55
-2.893,1.336
-2.951,0.952
-2.939,3.365
-2.976,2.095
-2.966,2.569
-2.996,0.059
-3.014,2.305
-3.119,2.119
3.13,2.435
-3.137,2.728
3.082,1.718
2.946,0.246
2.877,1.156
2.84,1.349
2.9,1.527
2.878,1.258
2.811,0.137
2.784,2.498
2.779,2.606
2.7,1.72
2.73,2.403
2.652,3.773
2.706,1.859
2.726,2.87
2.647,2.179
2.686,0.037
2.641,1.525
2.699,0.461
2.66,1.365
2.549,1.163
2.542,1.545
2.474,1.492
2.527,1.073
2.5,1.696
2.447,2.06
2.479,1.466
2.496,2.094
2.478,0.178
2.463,1.184
2.435,2.683
2.435,1.754
2.437,2.244
2.4,2.73
2.396,3.728
2.367,0.099
1.671,-0.018
1.623,0.045
0.739,-0.096
0.388,-0.057
-0.293,-0.189
-0.276,-0.05
-0.796,-0.292
-0.806,-0.036
-0.836,-0.087
-1.922,-0.284
-2.463,-0.045
-2.66,-0.265
3.061,-0.118
2.653,-0.42
2.286,4.344
2.247,4.236
2.064,4.069
1.625,4.123
1.635,4.389
1.186,4.432
0.798,4.274
0.561,4.054
0.572,4.352
-0.037,4.3
-0.156,4.189
-0.281,4.11
-0.376,4.067
-0.905,4.237
-1.198,4.14
-1.409,4.297
-1.653,4.458
-1.734,4.17
-2.484,4.481
-2.725,4.03
-3.006,4.166
2.855,4.192
2.747,4.242
2.758,4.12
2.388,4.349
2.082,3.972
1.776,1.344
1.684,0.581
1.014,2.505
1.031,0.201
0.588,1.189
-0.878,0.354
-1.359,2.351
-2.192,3.66
-2.486,2.936
-2.942,1.067
2.868,0.728
-1.954,-0.2
-2.012,4.239
2.422,4.006
2.398,1.809
2.251,1.491
2.331,1.352
2.263,3.911
2.15,1.178
2.021,3.508
2.142,0.235
2.069,3.129
2.047,1.676
2.045,3.017
1.984,2.645
1.892,3.12
1.781,2.962
1.872,1.847
1.673,3.811
1.63,1.713
1.57,0.933
1.549,3.028
1.399,0.014
1.339,2.069
1.434,1.919
1.324,0.289
1.213,2.453
1.218,2.064
0.904,2.701
1.017,3.699
0.895,1.97
0.875,3.898
0.816,3.808
0.71,1.639
0.642,2.623
0.625,1.818
0.391,3.949
0.411,0.129
0.397,0.335
0.17,3.698
0.26,0.589
0.062,0.213
-0.098,2.184
-0.095,1.399
-0.035,1.18
-0.047,0.031
-0.096,2.835
-0.124,1.131
-0.269,1.544
-0.267,3.824
-0.222,1.083
-0.673,0.533
-0.544,1.101
-0.649,2.315
-0.645,1.32
-0.771,0.381
-0.678,3.537
-0.761,1.562
-0.8,3.364
-0.979,1.996
-1.022,1.978
-1.022,3.832
-0.959,3.207
-1.11,1.147
-1.115,1.132
-0.982,0.692
-1.139,1.849
-1.031,3.938
-1.045,2.797
-1.18,0.486
-1.064,2.702
-1.081,2.874
-1.069,1.087
-1.169,1.238
-1.278,2.339
-1.348,3.104
-1.271,0.043
-1.282,2.426
-1.404,3.985
-1.451,2.055
-1.34,0.328
-1.418,1.858
-1.48,1.578
-1.667,3.65
-1.632,0.159
-1.663,3.363
-1.797,0.625
-1.7,1.324
-1.812,2.765
-1.739,0.342
-1.912,2.344
-1.952,0.202
-1.834,2.833
-1.97,0.25
-2.032,0.274
-2.168,2.384
-2.056,1.415
-2.179,0.151
-2.132,-0.001
-2.136,0.276
-2.174,1.351
-2.338,2.945
-2.509,3.639
-2.62,1.742
-2.638,1.466
-2.644,1.51
-2.642,2.454
-2.648,2.401
-2.67,2.336
-2.777,2.168
-2.809,0.767
-2.844,2.26
-2.907,0.679
-2.949,1.476
-3.007,1.977
2.965,1.308
3.07,1.343
2.799,1.421
2.921,1.755
2.87,1.136
2.747,0.146
2.554,3.802
2.678,2.029
2.53,2.253
2.52,0.318
2.602,3.469
2.435,0.845
2.432,2.91
2.419,3.514
2.322,2.077
2.413,1.67
2.125,-0.207
1.655,0.024
1.422,-0.258
1.107,-0.314
0.989,-0.263
0.579,-0.059
-0.056,-0.326
-0.533,-0.27
-0.727,-0.121
-2.391,0.065
-2.591,-0.222
-2.628,-0.331
-2.92,-0.164
-2.863,-0.139
2.317,-0.166
2.133,4.015
2.061,4.117
1.635,4.302
1.175,4.222
0.05,4.319
-0.319,4.016
-0.182,4.022
-0.54,4.059
-0.417,4.14
-0.652,4.357
-0.819,4.33
-0.941,4.057
-1.331,4.175
-1.476,4.092
-1.361,4.455
-1.354,4.173
-1.838,4.336
-2.17,4.484
-2.433,4.407
-2.865,4.267
2.959,4.236
2.853,4.282
2.814,4.244
-0.613,1.875
-1.061,1.277
-2.294,0.11
-2.556,1.428
-2.891,2.113
0.143,2.66
-1.329,3.404
2.873,2.357
2.852,2.156
2.796,2.5
2.574,1.037
1.866,3.001
0.886,1.377
0.791,1.665
0.642,2.174
0.907,-0.195
-1.113,0.281
-1.332,4.124
-3.097,3.7
3.098,3.933
2.87,3.86
2.945,3.679
-2.439,3.844
-1.969,4.291
0.044,0.442
-0.011,1.145
-0.13,2.356
-0.148,2.301
-0.164,2.753
-0.146,1.343
-0.17,2.983
-0.239,0.438
-0.256,3.27
-0.313,2.445
-0.349,0.988
-0.337,1.046
-0.416,1.879
-0.483,0.305
-0.514,1.427
-0.522,0.821
-0.463,1.735
-0.578,0.258
-0.506,2.588
-0.578,3.126
-0.659,1.259
-0.667,2.115
-0.604,1.477
-0.668,1.903
-0.726,-0.201
-0.716,2.17
-0.765,-0.316
-0.841,-0.537
-0.842,2.452
-0.862,0.88
-0.927,1.638
-0.896,-0.571
-0.904,1.577
-0.903,1.525
-0.918,2.962
-0.93,2.74
-0.934,1.217
-0.952,0.971
-1.032,0.216
-1.025,1.258
-1.025,0.654
-0.964,1.18
-1.029,1.822
-1.069,2.341
-1.137,1.061
-1.092,0.76
-1.191,-0.428
-1.213,0.456
-1.213,-0.277
-1.152,3.179
-1.192,1.842
-1.269,2.812
-1.257,1.054
-1.295,3.3
-1.316,1.548
-1.263,1.022
-1.277,2.103
-1.365,2.851
-1.377,2.951
-1.412,0.247
-1.337,0.6
-1.414,-0.014
-1.363,1.661
-1.411,2.135
-1.437,1.757
-1.506,-0.369
-1.502,-0.578
-1.511,1.696
-1.558,2.189
-1.599,2.724
-1.535,1.488
-1.598,0.039
-1.613,1.859
-1.707,3.176
-1.721,0.76
-1.782,1.073
-1.843,1.037
-1.851,0.552
-1.813,1.628
-1.881,1.309
-1.816,2.873
-1.858,2.552
-1.908,-0.52
-1.987,2.692
-2.051,0.18
-2.042,1.375
-2.01,2.334
-2.077,0.923
-2.228,3.242
-2.31,0.309
-2.326,-0.482
-2.335,2.825
-2.348,-0.299
-2.431,0.213
-2.527,1.398
-2.496,1.52
-2.587,1.339
-2.557,3.134
-2.614,1.636
-2.686,0.87
-2.696,2.421
-2.71,0.787
-2.784,2.526
-2.732,2.125
-2.815,1.924
-2.834,0.82
-2.846,1.549
-2.809,1.034
-2.847,0.874
-2.864,0.66
-2.922,0.276
-2.91,2.689
-2.947,1.419
-2.937,1.893
-2.967,-0.617
-2.985,1.629
-3.09,1.443
-3.124,1.759
-3.108,2.052
3.111,1.042
2.975,-0.43
2.906,0.48
2.869,0.673
2.929,0.851
2.907,0.582
2.84,-0.539
2.813,1.822
2.808,1.93
2.729,1.044
2.759,1.727
2.681,3.097
2.735,1.183
2.755,2.194
2.676,1.503
2.715,-0.639
2.67,0.849
2.728,-0.215
2.689,0.689
2.578,0.487
2.571,0.869
2.503,0.816
2.556,0.397
2.529,1.02
2.476,1.384
2.508,0.79
2.525,1.418
2.507,-0.498
2.492,0.508
2.464,2.007
2.464,1.078
2.466,1.568
2.429,2.054
2.425,3.052
2.396,-0.577
1.7,-0.694
1.652,-0.631
0.768,-0.772
0.417,-0.733
-0.264,-0.865
-0.247,-0.726
-0.767,-0.968
-0.777,-0.712
-0.807,-0.763
-1.893,-0.96
-2.434,-0.721
-2.631,-0.941
3.09,-0.794
2.682,-1.096
2.315,3.668
2.276,3.56
2.093,3.393
1.654,3.447
1.664,3.713
1.215,3.756
0.827,3.598
0.59,3.378
0.601,3.676
-0.008,3.624
-0.127,3.513
-0.252,3.434
-0.347,3.391
-0.876,3.561
-1.169,3.464
-1.38,3.621
-1.624,3.782
-1.705,3.494
-2.455,3.805
-2.696,3.354
-2.977,3.49
2.884,3.516
2.776,3.566
2.787,3.444
2.417,3.673
2.111,3.296
1.805,0.668
1.713,-0.095
1.043,1.829
1.06,-0.475
0.617,0.513
-0.849,-0.322
-1.33,1.675
-2.163,2.984
-2.457,2.26
-2.913,0.391
2.897,0.052
-1.925,-0.876
-1.983,3.563
2.451,3.33
2.427,1.133
2.28,0.815
2.36,0.676
2.292,3.235
2.179,0.502
2.05,2.832
2.171,-0.441
2.098,2.453
2.076,1.0
2.074,2.341
2.013,1.969
1.921,2.444
1.81,2.286
1.901,1.171
1.702,3.135
1.659,1.037
1.599,0.257
1.578,2.352
1.428,-0.662
1.368,1.393
1.463,1.243
1.353,-0.387
1.242,1.777
1.247,1.388
0.933,2.025
1.046,3.023
0.924,1.294
0.904,3.222
0.845,3.132
0.739,0.963
0.671,1.947
0.654,1.142
0.42,3.273
0.44,-0.547
0.426,-0.341
0.199,3.022
0.289,-0.087
0.091,-0.463
-0.069,1.508
-0.066,0.723
-0.006,0.504
-0.018,-0.645
-0.067,2.159
-0.095,0.455
-0.24,0.868
-0.238,3.148
-0.193,0.407
-0.644,-0.143
-0.515,0.425
-0.62,1.639
-0.616,0.644
-0.742,-0.295
-0.649,2.861
-0.732,0.886
-0.771,2.688
-0.95,1.32
-0.993,1.302
-0.993,3.156
-0.93,2.531
-1.081,0.471
-1.086,0.456
-0.953,0.016
-1.11,1.173
-1.002,3.262
-1.016,2.121
-1.151,-0.19
-1.035,2.026
-1.052,2.198
-1.04,0.411
-1.14,0.562
-1.249,1.663
-1.319,2.428
-1.242,-0.633
-1.253,1.75
-1.375,3.309
-1.422,1.379
-1.311,-0.348
-1.389,1.182
-1.451,0.902
-1.638,2.974
-1.603,-0.517
-1.634,2.687
-1.768,-0.051
-1.671,0.648
-1.783,2.089
-1.71,-0.334
-1.883,1.668
-1.923,-0.474
-1.805,2.157
-1.941,-0.426
-2.003,-0.402
-2.139,1.708
-2.027,0.739
-2.15,-0.525
-2.103,-0.677
-2.107,-0.4
-2.145,0.675
-2.309,2.269
-2.48,2.963
-2.591,1.066
-2.609,0.79
-2.615,0.834
-2.613,1.778
-2.619,1.725
-2.641,1.66
-2.748,1.492
-2.78,0.091
-2.815,1.584
-2.878,0.003
-2.92,0.8
-2.978,1.301
2.994,0.632
3.099,0.667
2.828,0.745
2.95,1.079
2.899,0.46
2.776,-0.53
2.583,3.126
2.707,1.353
2.559,1.577
2.549,-0.358
2.631,2.793
2.464,0.169
2.461,2.234
2.448,2.838
2.351,1.401
2.442,0.994
2.154,-0.883
1.684,-0.652
1.451,-0.934
1.136,-0.99
1.018,-0.939
0.608,-0.735
-0.027,-1.002
-0.504,-0.946
-0.698,-0.797
-2.362,-0.611
-2.562,-0.898
-2.599,-1.007
-2.891,-0.84
-2.834,-0.815
2.346,-0.842
2.162,3.339
2.09,3.441
1.664,3.626
1.204,3.546
0.079,3.643
-0.29,3.34
-0.153,3.346
-0.511,3.383
-0.388,3.464
-0.623,3.681
-0.79,3.654
-0.912,3.381
-1.302,3.499
-1.447,3.416
-1.332,3.779
-1.325,3.497
-1.809,3.66
-2.141,3.808
-2.404,3.731
-2.836,3.591
2.988,3.56
2.882,3.606
2.843,3.568
-0.584,1.199
-1.032,0.601
-2.265,-0.566
-2.527,0.752
-2.862,1.437
0.172,1.984
-1.3,2.728
2.902,1.681
2.881,1.48
2.825,1.824
2.603,0.361
1.895,2.325
0.915,0.701
0.82,0.989
0.671,1.498
0.936,-0.871
-1.084,-0.395
-1.303,3.448
-3.068,3.024
3.127,3.257
2.899,3.184
2.974,3.003
-2.41,3.168
-1.94,3.615
-0.055,0.703
-0.174,1.914
-0.192,1.859
-0.208,2.311
-0.19,0.901
-0.214,2.541
-0.283,-0.004
-0.3,2.828
-0.357,2.003
-0.393,0.546
-0.381,0.604
-0.46,1.437
-0.527,-0.137
-0.558,0.985
-0.566,0.379
-0.507,1.293
-0.622,-0.184
-0.55,2.146
-0.622,2.684
-0.703,0.817
-0.711,1.673
-0.648,1.035
-0.712,1.461
-0.77,-0.643
-0.76,1.728
-0.809,-0.758
-0.885,-0.979
-0.886,2.01
-0.906,0.438
-0.971,1.196
-0.94,-1.013
-0.948,1.135
-0.947,1.083
-0.962,2.52
-0.974,2.298
-0.978,0.775
-0.996,0.529
-1.076,-0.226
-1.069,0.816
-1.069,0.212
-1.008,0.738
-1.073,1.38
-1.113,1.899
-1.181,0.619
-1.136,0.318
-1.235,-0.87
-1.257,0.014
-1.257,-0.719
-1.196,2.737
-1.236,1.4
-1.313,2.37
-1.301,0.612
-1.339,2.858
-1.36,1.106
-1.307,0.58
-1.321,1.661
-1.409,2.409
-1.421,2.509
-1.456,-0.195
-1.381,0.158
-1.458,-0.456
-1.407,1.219
-1.455,1.693
-1.481,1.315
-1.55,-0.811
-1.546,-1.02
-1.555,1.254
-1.602,1.747
-1.643,2.282
-1.579,1.046
-1.642,-0.403
-1.657,1.417
-1.751,2.734
-1.765,0.318
-1.826,0.631
-1.887,0.595
-1.895,0.11
-1.857,1.186
-1.925,0.867
-1.86,2.431
-1.902,2.11
-1.952,-0.962
-2.031,2.25
-2.095,-0.262
-2.086,0.933
-2.054,1.892
-2.121,0.481
-2.272,2.8
-2.354,-0.133
-2.37,-0.924
-2.379,2.383
-2.392,-0.741
-2.475,-0.229
-2.571,0.956
-2.54,1.078
-2.631,0.897
-2.601,2.692
-2.658,1.194
-2.73,0.428
-2.74,1.979
-2.754,0.345
-2.828,2.084
-2.776,1.683
-2.859,1.482
-2.878,0.378
-2.89,1.107
-2.853,0.592
-2.891,0.432
-2.908,0.218
-2.966,-0.166
-2.954,2.247
-2.991,0.977
-2.981,1.451
-3.011,-1.059
-3.029,1.187
-3.134,1.001
3.115,1.317
3.131,1.61
3.067,0.6
2.931,-0.872
2.862,0.038
2.825,0.231
2.885,0.409
2.863,0.14
2.796,-0.981
2.769,1.38
2.764,1.488
2.685,0.602
2.715,1.285
2.637,2.655
2.691,0.741
2.711,1.752
2.632,1.061
2.671,-1.081
2.626,0.407
2.684,-0.657
2.645,0.247
2.534,0.045
2.527,0.427
2.459,0.374
2.512,-0.045
2.485,0.578
2.432,0.942
2.464,0.348
2.481,0.976
2.463,-0.94
2.448,0.066
2.42,1.565
2.42,0.636
2.422,1.126
2.385,1.612
2.381,2.61
2.352,-1.019
1.656,-1.136
1.608,-1.073
0.724,-1.214
0.373,-1.175
-0.308,-1.307
-0.291,-1.168
-0.811,-1.41
-0.821,-1.154
-0.851,-1.205
-1.937,-1.402
-2.478,-1.163
-2.675,-1.383
3.046,-1.236
2.638,-1.538
2.271,3.226
2.232,3.118
2.049,2.951
1.61,3.005
1.62,3.271
1.171,3.314
0.783,3.156
0.546,2.936
0.557,3.234
-0.052,3.182
-0.171,3.071
-0.296,2.992
-0.391,2.949
-0.92,3.119
-1.213,3.022
-1.424,3.179
-1.668,3.34
-1.749,3.052
-2.499,3.363
-2.74,2.912
-3.021,3.048
2.84,3.074
2.732,3.124
2.743,3.002
2.373,3.231
2.067,2.854
1.761,0.226
1.669,-0.537
0.999,1.387
1.016,-0.917
0.573,0.071
-0.893,-0.764
-1.374,1.233
-2.207,2.542
-2.501,1.818
-2.957,-0.051
2.853,-0.39
-1.969,-1.318
-2.027,3.121
2.407,2.888
2.383,0.691
2.236,0.373
2.316,0.234
2.248,2.793
2.135,0.06
2.006,2.39
2.127,-0.883
2.054,2.011
2.032,0.558
2.03,1.899
1.969,1.527
1.877,2.002
1.766,1.844
1.857,0.729
1.658,2.693
1.615,0.595
1.555,-0.185
1.534,1.91
1.384,-1.104
1.324,0.951
1.419,0.801
1.309,-0.829
1.198,1.335
1.203,0.946
0.889,1.583
1.002,2.581
0.88,0.852
0.86,2.78
0.801,2.69
0.695,0.521
0.627,1.505
0.61,0.7
0.376,2.831
0.396,-0.989
0.382,-0.783
0.155,2.58
0.245,-0.529
0.047,-0.905
-0.113,1.066
-0.11,0.281
-0.05,0.062
-0.062,-1.087
-0.111,1.717
-0.139,0.013
-0.284,0.426
-0.282,2.706
-0.237,-0.035
-0.688,-0.585
-0.559,-0.017
-0.664,1.197
-0.66,0.202
-0.786,-0.737
-0.693,2.419
-0.776,0.444
-0.815,2.246
-0.994,0.878
-1.037,0.86
-1.037,2.714
-0.974,2.089
-1.125,0.029
-1.13,0.014
-0.997,-0.426
-1.154,0.731
-1.046,2.82
-1.06,1.679
-1.195,-0.632
-1.079,1.584
-1.096,1.756
-1.084,-0.031
-1.184,0.12
-1.293,1.221
-1.363,1.986
-1.286,-1.075
-1.297,1.308
-1.419,2.867
-1.466,0.937
-1.355,-0.79
-1.433,0.74
-1.495,0.46
-1.682,2.532
-1.647,-0.959
-1.678,2.245
-1.812,-0.493
-1.715,0.206
-1.827,1.647
-1.754,-0.776
-1.927,1.226
-1.967,-0.916
-1.849,1.715
-1.985,-0.868
-2.047,-0.844
-2.183,1.266
-2.071,0.297
-2.194,-0.967
-2.147,-1.119
-2.151,-0.842
-2.189,0.233
-2.353,1.827
-2.524,2.521
-2.635,0.624
-2.653,0.348
-2.659,0.392
-2.657,1.336
-2.663,1.283
-2.685,1.218
-2.792,1.05
-2.824,-0.351
-2.859,1.142
-2.922,-0.439
-2.964,0.358
-3.022,0.859
2.95,0.19
3.055,0.225
2.784,0.303
2.906,0.637
2.855,0.018
2.732,-0.972
2.539,2.684
2.663,0.911
2.515,1.135
2.505,-0.8
2.587,2.351
2.42,-0.273
2.417,1.792
2.404,2.396
2.307,0.959
2.398,0.552
2.11,-1.325
1.64,-1.094
1.407,-1.376
1.092,-1.432
0.974,-1.381
0.564,-1.177
-0.071,-1.444
-0.548,-1.388
-0.742,-1.239
-2.406,-1.053
-2.606,-1.34
-2.643,-1.449
-2.935,-1.282
-2.878,-1.257
2.302,-1.284
2.118,2.897
2.046,2.999
1.62,3.184
1.16,3.104
0.035,3.201
-0.334,2.898
-0.197,2.904
-0.555,2.941
-0.432,3.022
-0.667,3.239
-0.834,3.212
-0.956,2.939
-1.346,3.057
-1.491,2.974
-1.376,3.337
-1.369,3.055
-1.853,3.218
-2.185,3.366
-2.448,3.289
-2.88,3.149
2.944,3.118
2.838,3.164
2.799,3.126
-0.628,0.757
-1.076,0.159
-2.309,-1.008
-2.571,0.31
-2.906,0.995
0.128,1.542
-1.344,2.286
2.858,1.239
2.837,1.038
2.781,1.382
2.559,-0.081
1.851,1.883
0.871,0.259
0.776,0.547
0.627,1.056
0.892,-1.313
-1.128,-0.837
-1.347,3.006
-3.112,2.582
3.083,2.815
2.855,2.742
2.93,2.561
-2.454,2.726
-1.984,3.173
-0.119,1.211
-0.137,1.156
-0.153,1.608
-0.135,0.198
-0.159,1.838
-0.228,-0.707
-0.245,2.125
-0.302,1.3
-0.338,-0.157
-0.326,-0.099
-0.405,0.734
-0.472,-0.84
-0.503,0.282
-0.511,-0.324
-0.452,0.59
-0.567,-0.887
-0.495,1.443
-0.567,1.981
-0.648,0.114
-0.656,0.97
-0.593,0.332
-0.657,0.758
-0.715,-1.346
-0.705,1.025
-0.754,-1.461
-0.83,-1.682
-0.831,1.307
-0.851,-0.265
-0.916,0.493
-0.885,-1.716
-0.893,0.432
-0.892,0.38
-0.907,1.817
-0.919,1.595
-0.923,0.072
-0.941,-0.174
-1.021,-0.929
-1.014,0.113
-1.014,-0.491
-0.953,0.035
-1.018,0.677
-1.058,1.196
-1.126,-0.084
-1.081,-0.385
-1.18,-1.573
-1.202,-0.689
-1.202,-1.422
-1.141,2.034
-1.181,0.697
-1.258,1.667
-1.246,-0.091
-1.284,2.155
-1.305,0.403
-1.252,-0.123
-1.266,0.958
-1.354,1.706
-1.366,1.806
-1.401,-0.898
-1.326,-0.545
-1.403,-1.159
-1.352,0.516
-1.4,0.99
-1.426,0.612
-1.495,-1.514
-1.491,-1.723
-1.5,0.551
-1.547,1.044
-1.588,1.579
-1.524,0.343
-1.587,-1.106
-1.602,0.714
-1.696,2.031
-1.71,-0.385
-1.771,-0.072
-1.832,-0.108
-1.84,-0.593
-1.802,0.483
-1.87,0.164
-1.805,1.728
-1.847,1.407
-1.897,-1.665
-1.976,1.547
-2.04,-0.965
-2.031,0.23
-1.999,1.189
-2.066,-0.222
-2.217,2.097
-2.299,-0.836
-2.315,-1.627
-2.324,1.68
-2.337,-1.444
-2.42,-0.932
-2.516,0.253
-2.485,0.375
-2.576,0.194
-2.546,1.989
-2.603,0.491
-2.675,-0.275
-2.685,1.276
-2.699,-0.358
-2.773,1.381
-2.721,0.98
-2.804,0.779
-2.823,-0.325
-2.835,0.404
-2.798,-0.111
-2.836,-0.271
-2.853,-0.485
-2.911,-0.869
-2.899,1.544
-2.936,0.274
-2.926,0.748
-2.956,-1.762
-2.974,0.484
-3.079,0.298
-3.113,0.614
-3.097,0.907
3.122,-0.103
2.986,-1.575
2.917,-0.665
2.88,-0.472
2.94,-0.294
2.918,-0.563
2.851,-1.684
2.824,0.677
2.819,0.785
2.74,-0.101
2.77,0.582
2.692,1.952
2.746,0.038
2.766,1.049
2.687,0.358
2.726,-1.784
2.681,-0.296
2.739,-1.36
2.7,-0.456
2.589,-0.658
2.582,-0.276
2.514,-0.329
2.567,-0.748
2.54,-0.125
2.487,0.239
2.519,-0.355
2.536,0.273
2.518,-1.643
2.503,-0.637
2.475,0.862
2.475,-0.067
2.477,0.423
2.44,0.909
2.436,1.907
2.407,-1.722
1.711,-1.839
1.663,-1.776
0.779,-1.917
0.428,-1.878
-0.253,-2.01
-0.236,-1.871
-0.756,-2.113
-0.766,-1.857
-0.796,-1.908
-1.882,-2.105
-2.423,-1.866
-2.62,-2.086
3.101,-1.939
2.693,-2.241
2.326,2.523
2.287,2.415
2.104,2.248
1.665,2.302
1.675,2.568
1.226,2.611
0.838,2.453
0.601,2.233
0.612,2.531
0.003,2.479
-0.116,2.368
-0.241,2.289
-0.336,2.246
-0.865,2.416
-1.158,2.319
-1.369,2.476
-1.613,2.637
-1.694,2.349
-2.444,2.66
-2.685,2.209
-2.966,2.345
2.895,2.371
2.787,2.421
2.798,2.299
2.428,2.528
2.122,2.151
1.816,-0.477
1.724,-1.24
1.054,0.684
1.071,-1.62
0.628,-0.632
-0.838,-1.467
-1.319,0.53
-2.152,1.839
-2.446,1.115
-2.902,-0.754
2.908,-1.093
-1.914,-2.021
-1.972,2.418
2.462,2.185
2.438,-0.012
2.291,-0.33
2.371,-0.469
2.303,2.09
2.19,-0.643
2.061,1.687
2.182,-1.586
2.109,1.308
2.087,-0.145
2.085,1.196
2.024,0.824
1.932,1.299
1.821,1.141
1.912,0.026
1.713,1.99
1.67,-0.108
1.61,-0.888
1.589,1.207
1.439,-1.807
1.379,0.248
1.474,0.098
1.364,-1.532
1.253,0.632
1.258,0.243
0.944,0.88
1.057,1.878
0.935,0.149
0.915,2.077
0.856,1.987
0.75,-0.182
0.682,0.802
0.665,-0.003
0.431,2.128
0.451,-1.692
0.437,-1.486
0.21,1.877
0.3,-1.232
0.102,-1.608
-0.058,0.363
-0.055,-0.422
0.005,-0.641
-0.007,-1.79
-0.056,1.014
-0.084,-0.69
-0.229,-0.277
-0.227,2.003
-0.182,-0.738
-0.633,-1.288
-0.504,-0.72
-0.609,0.494
-0.605,-0.501
-0.731,-1.44
-0.638,1.716
-0.721,-0.259
-0.76,1.543
-0.939,0.175
-0.982,0.157
-0.982,2.011
-0.919,1.386
-1.07,-0.674
-1.075,-0.689
-0.942,-1.129
-1.099,0.028
-0.991,2.117
-1.005,0.976
-1.14,-1.335
-1.024,0.881
-1.041,1.053
-1.029,-0.734
-1.129,-0.583
-1.238,0.518
-1.308,1.283
-1.231,-1.778
-1.242,0.605
-1.364,2.164
-1.411,0.234
-1.3,-1.493
-1.378,0.037
-1.44,-0.243
-1.627,1.829
-1.592,-1.662
-1.623,1.542
-1.757,-1.196
-1.66,-0.497
-1.772,0.944
-1.699,-1.479
-1.872,0.523
-1.912,-1.619
-1.794,1.012
-1.93,-1.571
-1.992,-1.547
-2.128,0.563
-2.016,-0.406
-2.139,-1.67
-2.092,-1.822
-2.096,-1.545
-2.134,-0.47
-2.298,1.124
-2.469,1.818
-2.58,-0.079
-2.598,-0.355
-2.604,-0.311
-2.602,0.633
-2.608,0.58
-2.63,0.515
-2.737,0.347
-2.769,-1.054
-2.804,0.439
-2.867,-1.142
-2.909,-0.345
-2.967,0.156
3.005,-0.513
3.11,-0.478
2.839,-0.4
2.961,-0.066
2.91,-0.685
2.787,-1.675
2.594,1.981
2.718,0.208
2.57,0.432
2.56,-1.503
2.642,1.648
2.475,-0.976
2.472,1.089
2.459,1.693
2.362,0.256
2.453,-0.151
2.165,-2.028
1.695,-1.797
1.462,-2.079
1.147,-2.135
1.029,-2.084
0.619,-1.88
-0.016,-2.147
-0.493,-2.091
-0.687,-1.942
-2.351,-1.756
-2.551,-2.043
-2.588,-2.152
-2.88,-1.985
-2.823,-1.96
2.357,-1.987
2.173,2.194
2.101,2.296
1.675,2.481
1.215,2.401
0.09,2.498
-0.279,2.195
-0.142,2.201
-0.5,2.238
-0.377,2.319
-0.612,2.536
-0.779,2.509
-0.901,2.236
-1.291,2.354
-1.436,2.271
-1.321,2.634
-1.314,2.352
-1.798,2.515
-2.13,2.663
-2.393,2.586
-2.825,2.446
2.999,2.415
2.893,2.461
2.854,2.423
-0.573,0.054
-1.021,-0.544
-2.254,-1.711
-2.516,-0.393
-2.851,0.292
0.183,0.839
-1.289,1.583
2.913,0.536
2.892,0.335
2.836,0.679
2.614,-0.784
1.906,1.18
0.926,-0.444
0.831,-0.156
0.682,0.353
0.947,-2.016
-1.073,-1.54
-1.292,2.303
-3.057,1.879
3.138,2.112
2.91,2.039
2.985,1.858
-2.399,2.023
-1.929,2.47
-0.018,-0.055
-0.034,0.397
-0.016,-1.013
-0.04,0.627
-0.109,-1.918
-0.126,0.914
-0.183,0.089
-0.219,-1.368
-0.207,-1.31
-0.286,-0.477
-0.353,-2.051
-0.384,-0.929
-0.392,-1.535
-0.333,-0.621
-0.448,-2.098
-0.376,0.232
-0.448,0.77
-0.529,-1.097
-0.537,-0.241
-0.474,-0.879
-0.538,-0.453
-0.596,-2.557
-0.586,-0.186
-0.635,-2.672
-0.711,-2.893
-0.712,0.096
-0.732,-1.476
-0.797,-0.718
-0.766,-2.927
-0.774,-0.779
-0.773,-0.831
-0.788,0.606
-0.8,0.384
-0.804,-1.139
-0.822,-1.385
-0.902,-2.14
-0.895,-1.098
-0.895,-1.702
-0.834,-1.176
-0.899,-0.534
-0.939,-0.015
-1.007,-1.295
-0.962,-1.596
-1.061,-2.784
-1.083,-1.9
-1.083,-2.633
-1.022,0.823
-1.062,-0.514
-1.139,0.456
-1.127,-1.302
-1.165,0.944
-1.186,-0.808
-1.133,-1.334
-1.147,-0.253
-1.235,0.495
-1.247,0.595
-1.282,-2.109
-1.207,-1.756
-1.284,-2.37
-1.233,-0.695
-1.281,-0.221
-1.307,-0.599
-1.376,-2.725
-1.372,-2.934
-1.381,-0.66
-1.428,-0.167
-1.469,0.368
-1.405,-0.868
-1.468,-2.317
-1.483,-0.497
-1.577,0.82
-1.591,-1.596
-1.652,-1.283
-1.713,-1.319
-1.721,-1.804
-1.683,-0.728
-1.751,-1.047
-1.686,0.517
-1.728,0.196
-1.778,-2.876
-1.857,0.336
-1.921,-2.176
-1.912,-0.981
-1.88,-0.022
-1.947,-1.433
-2.098,0.886
-2.18,-2.047
-2.196,-2.838
-2.205,0.469
-2.218,-2.655
-2.301,-2.143
-2.397,-0.958
-2.366,-0.836
-2.457,-1.017
-2.427,0.778
-2.484,-0.72
-2.556,-1.486
-2.566,0.065
-2.58,-1.569
-2.654,0.17
-2.602,-0.231
-2.685,-0.432
-2.704,-1.536
-2.716,-0.807
-2.679,-1.322
-2.717,-1.482
-2.734,-1.696
-2.792,-2.08
-2.78,0.333
-2.817,-0.937
-2.807,-0.463
-2.837,-2.973
-2.855,-0.727
-2.96,-0.913
-2.994,-0.597
-2.978,-0.304
-3.042,-1.314
3.105,-2.786
3.036,-1.876
2.999,-1.683
3.059,-1.505
3.037,-1.774
2.97,-2.895
2.943,-0.534
2.938,-0.426
2.859,-1.312
2.889,-0.629
2.811,0.741
2.865,-1.173
2.885,-0.162
2.806,-0.853
2.845,-2.995
2.8,-1.507
2.858,-2.571
2.819,-1.667
2.708,-1.869
2.701,-1.487
2.633,-1.54
2.686,-1.959
2.659,-1.336
2.606,-0.972
2.638,-1.566
2.655,-0.938
2.637,-2.854
2.622,-1.848
2.594,-0.349
2.594,-1.278
2.596,-0.788
2.559,-0.302
2.555,0.696
2.526,-2.933
1.83,-3.05
1.782,-2.987
0.898,-3.128
0.547,-3.089
-0.134,-3.221
-0.117,-3.082
-0.637,-3.324
-0.647,-3.068
-0.677,-3.119
-1.763,-3.316
-2.304,-3.077
-2.501,-3.297
-3.063,-3.15
2.812,-3.452
2.445,1.312
2.406,1.204
2.223,1.037
1.784,1.091
1.794,1.357
1.345,1.4
0.957,1.242
0.72,1.022
0.731,1.32
0.122,1.268
0.003,1.157
-0.122,1.078
-0.217,1.035
-0.746,1.205
-1.039,1.108
-1.25,1.265
-1.494,1.426
-1.575,1.138
-2.325,1.449
-2.566,0.998
-2.847,1.134
3.014,1.16
2.906,1.21
2.917,1.088
2.547,1.317
2.241,0.94
1.935,-1.688
1.843,-2.451
1.173,-0.527
1.19,-2.831
0.747,-1.843
-0.719,-2.678
-1.2,-0.681
-2.033,0.628
-2.327,-0.096
-2.783,-1.965
3.027,-2.304
-1.795,-3.232
-1.853,1.207
2.581,0.974
2.557,-1.223
2.41,-1.541
2.49,-1.68
2.422,0.879
2.309,-1.854
2.18,0.476
2.301,-2.797
2.228,0.097
2.206,-1.356
2.204,-0.015
2.143,-0.387
2.051,0.088
1.94,-0.07
2.031,-1.185
1.832,0.779
1.789,-1.319
1.729,-2.099
1.708,-0.004
1.558,-3.018
1.498,-0.963
1.593,-1.113
1.483,-2.743
1.372,-0.579
1.377,-0.968
1.063,-0.331
1.176,0.667
1.054,-1.062
1.034,0.866
0.975,0.776
0.869,-1.393
0.801,-0.409
0.784,-1.214
0.55,0.917
0.57,-2.903
0.556,-2.697
0.329,0.666
0.419,-2.443
0.221,-2.819
0.061,-0.848
0.064,-1.633
0.124,-1.852
0.112,-3.001
0.063,-0.197
0.035,-1.901
-0.11,-1.488
-0.108,0.792
-0.063,-1.949
-0.514,-2.499
-0.385,-1.931
-0.49,-0.717
-0.486,-1.712
-0.612,-2.651
-0.519,0.505
-0.602,-1.47
-0.641,0.332
-0.82,-1.036
-0.863,-1.054
-0.863,0.8
-0.8,0.175
-0.951,-1.885
-0.956,-1.9
-0.823,-2.34
-0.98,-1.183
-0.872,0.906
-0.886,-0.235
-1.021,-2.546
-0.905,-0.33
-0.922,-0.158
-0.91,-1.945
-1.01,-1.794
-1.119,-0.693
-1.189,0.072
-1.112,-2.989
-1.123,-0.606
-1.245,0.953
-1.292,-0.977
-1.181,-2.704
-1.259,-1.174
-1.321,-1.454
-1.508,0.618
-1.473,-2.873
-1.504,0.331
-1.638,-2.407
-1.541,-1.708
-1.653,-0.267
-1.58,-2.69
-1.753,-0.688
-1.793,-2.83
-1.675,-0.199
-1.811,-2.782
-1.873,-2.758
-2.009,-0.648
-1.897,-1.617
-2.02,-2.881
-1.973,-3.033
-1.977,-2.756
-2.015,-1.681
-2.179,-0.087
-2.35,0.607
-2.461,-1.29
-2.479,-1.566
-2.485,-1.522
-2.483,-0.578
-2.489,-0.631
-2.511,-0.696
-2.618,-0.864
-2.65,-2.265
-2.685,-0.772
-2.748,-2.353
-2.79,-1.556
-2.848,-1.055
3.124,-1.724
-3.054,-1.689
2.958,-1.611
3.08,-1.277
3.029,-1.896
2.906,-2.886
2.713,0.77
2.837,-1.003
2.689,-0.779
2.679,-2.714
2.761,0.437
2.594,-2.187
2.591,-0.122
2.578,0.482
2.481,-0.955
2.572,-1.362
2.284,-3.239
1.814,-3.008
1.581,-3.29
1.266,-3.346
1.148,-3.295
0.738,-3.091
0.103,-3.358
-0.374,-3.302
-0.568,-3.153
-2.232,-2.967
-2.432,-3.254
-2.469,-3.363
-2.761,-3.196
-2.704,-3.171
2.476,-3.198
2.292,0.983
2.22,1.085
1.794,1.27
1.334,1.19
0.209,1.287
-0.16,0.984
-0.023,0.99
-0.381,1.027
-0.258,1.108
-0.493,1.325
-0.66,1.298
-0.782,1.025
-1.172,1.143
-1.317,1.06
-1.202,1.423
-1.195,1.141
-1.679,1.304
-2.011,1.452
-2.274,1.375
-2.706,1.235
3.118,1.204
3.012,1.25
2.973,1.212
-0.454,-1.157
-0.902,-1.755
-2.135,-2.922
-2.397,-1.604
-2.732,-0.919
0.302,-0.372
-1.17,0.372
3.032,-0.675
3.011,-0.876
2.955,-0.532
2.733,-1.995
2.025,-0.031
1.045,-1.655
0.95,-1.367
0.801,-0.858
1.066,-3.227
-0.954,-2.751
-1.173,1.092
-2.938,0.668
-3.026,0.901
3.029,0.828
3.104,0.647
-2.28,0.812
-1.81,1.259
-0.016,0.452
0.002,-0.958
-0.022,0.682
-0.091,-1.863
-0.108,0.969
-0.165,0.144
-0.201,-1.313
-0.189,-1.255
-0.268,-0.422
-0.335,-1.996
-0.366,-0.874
-0.374,-1.48
-0.315,-0.566
-0.43,-2.043
-0.358,0.287
-0.43,0.825
-0.511,-1.042
-0.519,-0.186
-0.456,-0.824
-0.52,-0.398
-0.578,-2.502
-0.568,-0.131
-0.617,-2.617
-0.693,-2.838
-0.694,0.151
-0.714,-1.421
-0.779,-0.663
-0.748,-2.872
-0.756,-0.724
-0.755,-0.776
-0.77,0.661
-0.782,0.439
-0.786,-1.084
-0.804,-1.33
-0.884,-2.085
-0.877,-1.043
-0.877,-1.647
-0.816,-1.121
-0.881,-0.479
-0.921,0.04
-0.989,-1.24
-0.944,-1.541
-1.043,-2.729
-1.065,-1.845
-1.065,-2.578
-1.004,0.878
-1.044,-0.459
-1.121,0.511
-1.109,-1.247
-1.147,0.999
-1.168,-0.753
-1.115,-1.279
-1.129,-0.198
-1.217,0.55
-1.229,0.65
-1.264,-2.054
-1.189,-1.701
-1.266,-2.315
-1.215,-0.64
-1.263,-0.166
-1.289,-0.544
-1.358,-2.67
-1.354,-2.879
-1.363,-0.605
-1.41,-0.112
-1.451,0.423
-1.387,-0.813
-1.45,-2.262
-1.465,-0.442
-1.559,0.875
-1.573,-1.541
-1.634,-1.228
-1.695,-1.264
-1.703,-1.749
-1.665,-0.673
-1.733,-0.992
-1.668,0.572
-1.71,0.251
-1.76,-2.821
-1.839,0.391
-1.903,-2.121
-1.894,-0.926
-1.862,0.033
-1.929,-1.378
-2.08,0.941
-2.162,-1.992
-2.178,-2.783
-2.187,0.524
-2.2,-2.6
-2.283,-2.088
-2.379,-0.903
-2.348,-0.781
-2.439,-0.962
-2.409,0.833
-2.466,-0.665
-2.538,-1.431
-2.548,0.12
-2.562,-1.514
-2.636,0.225
-2.584,-0.176
-2.667,-0.377
-2.686,-1.481
-2.698,-0.752
-2.661,-1.267
-2.699,-1.427
-2.716,-1.641
-2.774,-2.025
-2.762,0.388
-2.799,-0.882
-2.789,-0.408
-2.819,-2.918
-2.837,-0.672
-2.942,-0.858
-2.976,-0.542
-2.96,-0.249
-3.024,-1.259
3.123,-2.731
3.054,-1.821
3.017,-1.628
3.077,-1.45
3.055,-1.719
2.988,-2.84
2.961,-0.479
2.956,-0.371
2.877,-1.257
2.907,-0.574
2.829,0.796
2.883,-1.118
2.903,-0.107
2.824,-0.798
2.863,-2.94
2.818,-1.452
2.876,-2.516
2.837,-1.612
2.726,-1.814
2.719,-1.432
2.651,-1.485
2.704,-1.904
2.677,-1.281
2.624,-0.917
2.656,-1.511
2.673,-0.883
2.655,-2.799
2.64,-1.793
2.612,-0.294
2.612,-1.223
2.614,-0.733
2.577,-0.247
2.573,0.751
2.544,-2.878
1.848,-2.995
1.8,-2.932
0.916,-3.073
0.565,-3.034
-0.116,-3.166
-0.099,-3.027
-0.619,-3.269
-0.629,-3.013
-0.659,-3.064
-1.745,-3.261
-2.286,-3.022
-2.483,-3.242
-3.045,-3.095
2.83,-3.397
2.463,1.367
2.424,1.259
2.241,1.092
1.802,1.146
1.812,1.412
1.363,1.455
0.975,1.297
0.738,1.077
0.749,1.375
0.14,1.323
0.021,1.212
-0.104,1.133
-0.199,1.09
-0.728,1.26
-1.021,1.163
-1.232,1.32
-1.476,1.481
-1.557,1.193
-2.307,1.504
-2.548,1.053
-2.829,1.189
3.032,1.215
2.924,1.265
2.935,1.143
2.565,1.372
2.259,0.995
1.953,-1.633
1.861,-2.396
1.191,-0.472
1.208,-2.776
0.765,-1.788
-0.701,-2.623
-1.182,-0.626
-2.015,0.683
-2.309,-0.041
-2.765,-1.91
3.045,-2.249
-1.777,-3.177
-1.835,1.262
2.599,1.029
2.575,-1.168
2.428,-1.486
2.508,-1.625
2.44,0.934
2.327,-1.799
2.198,0.531
2.319,-2.742
2.246,0.152
2.224,-1.301
2.222,0.04
2.161,-0.332
2.069,0.143
1.958,-0.015
2.049,-1.13
1.85,0.834
1.807,-1.264
1.747,-2.044
1.726,0.051
1.576,-2.963
1.516,-0.908
1.611,-1.058
1.501,-2.688
1.39,-0.524
1.395,-0.913
1.081,-0.276
1.194,0.722
1.072,-1.007
1.052,0.921
0.993,0.831
0.887,-1.338
0.819,-0.354
0.802,-1.159
0.568,0.972
0.588,-2.848
0.574,-2.642
0.347,0.721
0.437,-2.388
0.239,-2.764
0.079,-0.793
0.082,-1.578
0.142,-1.797
0.13,-2.946
0.081,-0.142
0.053,-1.846
-0.092,-1.433
-0.09,0.847
-0.045,-1.894
-0.496,-2.444
-0.367,-1.876
-0.472,-0.662
-0.468,-1.657
-0.594,-2.596
-0.501,0.56
-0.584,-1.415
-0.623,0.387
-0.802,-0.981
-0.845,-0.999
-0.845,0.855
-0.782,0.23
-0.933,-1.83
-0.938,-1.845
-0.805,-2.285
-0.962,-1.128
-0.854,0.961
-0.868,-0.18
-1.003,-2.491
-0.887,-0.275
-0.904,-0.103
-0.892,-1.89
-0.992,-1.739
-1.101,-0.638
-1.171,0.127
-1.094,-2.934
-1.105,-0.551
-1.227,1.008
-1.274,-0.922
-1.163,-2.649
-1.241,-1.119
-1.303,-1.399
-1.49,0.673
-1.455,-2.818
-1.486,0.386
-1.62,-2.352
-1.523,-1.653
-1.635,-0.212
-1.562,-2.635
-1.735,-0.633
-1.775,-2.775
-1.657,-0.144
-1.793,-2.727
-1.855,-2.703
-1.991,-0.593
-1.879,-1.562
-2.002,-2.826
-1.955,-2.978
-1.959,-2.701
-1.997,-1.626
-2.161,-0.032
-2.332,0.662
-2.443,-1.235
-2.461,-1.511
-2.467,-1.467
-2.465,-0.523
-2.471,-0.576
-2.493,-0.641
-2.6,-0.809
-2.632,-2.21
-2.667,-0.717
-2.73,-2.298
-2.772,-1.501
-2.83,-1.0
-3.141,-1.669
-3.036,-1.634
2.976,-1.556
3.098,-1.222
3.047,-1.841
2.924,-2.831
2.731,0.825
2.855,-0.948
2.707,-0.724
2.697,-2.659
2.779,0.492
2.612,-2.132
2.609,-0.067
2.596,0.537
2.499,-0.9
2.59,-1.307
2.302,-3.184
1.832,-2.953
1.599,-3.235
1.284,-3.291
1.166,-3.24
0.756,-3.036
0.121,-3.303
-0.356,-3.247
-0.55,-3.098
-2.214,-2.912
-2.414,-3.199
-2.451,-3.308
-2.743,-3.141
-2.686,-3.116
2.494,-3.143
2.31,1.038
2.238,1.14
1.812,1.325
1.352,1.245
0.227,1.342
-0.142,1.039
-0.005,1.045
-0.363,1.082
-0.24,1.163
-0.475,1.38
-0.642,1.353
-0.764,1.08
-1.154,1.198
-1.299,1.115
-1.184,1.478
-1.177,1.196
-1.661,1.359
-1.993,1.507
-2.256,1.43
-2.688,1.29
3.136,1.259
3.03,1.305
2.991,1.267
-0.436,-1.102
-0.884,-1.7
-2.117,-2.867
-2.379,-1.549
-2.714,-0.864
0.32,-0.317
-1.152,0.427
3.05,-0.62
3.029,-0.821
2.973,-0.477
2.751,-1.94
2.043,0.024
1.063,-1.6
0.968,-1.312
0.819,-0.803
1.084,-3.172
-0.936,-2.696
-1.155,1.147
-2.92,0.723
-3.008,0.956
3.047,0.883
3.122,0.702
-2.262,0.867
-1.792,1.314
0.018,-1.41
-0.006,0.23
-0.075,-2.315
-0.092,0.517
-0.149,-0.308
-0.185,-1.765
-0.173,-1.707
-0.252,-0.874
-0.319,-2.448
-0.35,-1.326
-0.358,-1.932
-0.299,-1.018
-0.414,-2.495
-0.342,-0.165
-0.414,0.373
-0.495,-1.494
-0.503,-0.638
-0.44,-1.276
-0.504,-0.85
-0.562,-2.954
-0.552,-0.583
-0.601,-3.069
-0.677,-3.29
-0.678,-0.301
-0.698,-1.873
-0.763,-1.115
-0.732,-3.324
-0.74,-1.176
-0.739,-1.228
-0.754,0.209
-0.766,-0.013
-0.77,-1.536
-0.788,-1.782
-0.868,-2.537
-0.861,-1.495
-0.861,-2.099
-0.8,-1.573
-0.865,-0.931
-0.905,-0.412
-0.973,-1.692
-0.928,-1.993
-1.027,-3.181
-1.049,-2.297
-1.049,-3.03
-0.988,0.426
-1.028,-0.911
-1.105,0.059
-1.093,-1.699
-1.131,0.547
-1.152,-1.205
-1.099,-1.731
-1.113,-0.65
-1.201,0.098
-1.213,0.198
-1.248,-2.506
-1.173,-2.153
-1.25,-2.767
-1.199,-1.092
-1.247,-0.618
-1.273,-0.996
-1.342,-3.122
-1.338,-3.331
-1.347,-1.057
-1.394,-0.564
-1.435,-0.029
-1.371,-1.265
-1.434,-2.714
-1.449,-0.894
-1.543,0.423
-1.557,-1.993
-1.618,-1.68
-1.679,-1.716
-1.687,-2.201
-1.649,-1.125
-1.717,-1.444
-1.652,0.12
-1.694,-0.201
-1.744,-3.273
-1.823,-0.061
-1.887,-2.573
-1.878,-1.378
-1.846,-0.419
-1.913,-1.83
-2.064,0.489
-2.146,-2.444
-2.162,-3.235
-2.171,0.072
-2.184,-3.052
-2.267,-2.54
-2.363,-1.355
-2.332,-1.233
-2.423,-1.414
-2.393,0.381
-2.45,-1.117
-2.522,-1.883
-2.532,-0.332
-2.546,-1.966
-2.62,-0.227
-2.568,-0.628
-2.651,-0.829
-2.67,-1.933
-2.682,-1.204
-2.645,-1.719
-2.683,-1.879
-2.7,-2.093
-2.758,-2.477
-2.746,-0.064
-2.783,-1.334
-2.773,-0.86
-2.803,-3.37
-2.821,-1.124
-2.926,-1.31
-2.96,-0.994
-2.944,-0.701
-3.008,-1.711
3.139,-3.183
3.07,-2.273
3.033,-2.08
3.093,-1.902
3.071,-2.171
3.004,-3.292
2.977,-0.931
2.972,-0.823
2.893,-1.709
2.923,-1.026
2.845,0.344
2.899,-1.57
2.919,-0.559
2.84,-1.25
2.879,-3.392
2.834,-1.904
2.892,-2.968
2.853,-2.064
2.742,-2.266
2.735,-1.884
2.667,-1.937
2.72,-2.356
2.693,-1.733
2.64,-1.369
2.672,-1.963
2.689,-1.335
2.671,-3.251
2.656,-2.245
2.628,-0.746
2.628,-1.675
2.63,-1.185
2.593,-0.699
2.589,0.299
2.56,-3.33
1.864,-3.447
1.816,-3.384
0.932,-3.525
0.581,-3.486
-0.1,-3.618
-0.083,-3.479
-0.603,-3.721
-0.613,-3.465
-0.643,-3.516
-1.729,-3.713
-2.27,-3.474
-2.467,-3.694
-3.029,-3.547
2.846,-3.849
2.479,0.915
2.44,0.807
2.257,0.64
1.818,0.694
1.828,0.96
1.379,1.003
0.991,0.845
0.754,0.625
0.765,0.923
0.156,0.871
0.037,0.76
-0.088,0.681
-0.183,0.638
-0.712,0.808
-1.005,0.711
-1.216,0.868
-1.46,1.029
-1.541,0.741
-2.291,1.052
-2.532,0.601
-2.813,0.737
3.048,0.763
2.94,0.813
2.951,0.691
2.581,0.92
2.275,0.543
1.969,-2.085
1.877,-2.848
1.207,-0.924
1.224,-3.228
0.781,-2.24
-0.685,-3.075
-1.166,-1.078
-1.999,0.231
-2.293,-0.493
-2.749,-2.362
3.061,-2.701
-1.761,-3.629
-1.819,0.81
2.615,0.577
2.591,-1.62
2.444,-1.938
2.524,-2.077
2.456,0.482
2.343,-2.251
2.214,0.079
2.335,-3.194
2.262,-0.3
2.24,-1.753
2.238,-0.412
2.177,-0.784
2.085,-0.309
1.974,-0.467
2.065,-1.582
1.866,0.382
1.823,-1.716
1.763,-2.496
1.742,-0.401
1.592,-3.415
1.532,-1.36
1.627,-1.51
1.517,-3.14
1.406,-0.976
1.411,-1.365
1.097,-0.728
1.21,0.27
1.088,-1.459
1.068,0.469
1.009,0.379
0.903,-1.79
0.835,-0.806
0.818,-1.611
0.584,0.52
0.604,-3.3
0.59,-3.094
0.363,0.269
0.453,-2.84
0.255,-3.216
0.095,-1.245
0.098,-2.03
0.158,-2.249
0.146,-3.398
0.097,-0.594
0.069,-2.298
-0.076,-1.885
-0.074,0.395
-0.029,-2.346
-0.48,-2.896
-0.351,-2.328
-0.456,-1.114
-0.452,-2.109
-0.578,-3.048
-0.485,0.108
-0.568,-1.867
-0.607,-0.065
-0.786,-1.433
-0.829,-1.451
-0.829,0.403
-0.766,-0.222
-0.917,-2.282
-0.922,-2.297
-0.789,-2.737
-0.946,-1.58
-0.838,0.509
-0.852,-0.632
-0.987,-2.943
-0.871,-0.727
-0.888,-0.555
-0.876,-2.342
-0.976,-2.191
-1.085,-1.09
-1.155,-0.325
-1.078,-3.386
-1.089,-1.003
-1.211,0.556
-1.258,-1.374
-1.147,-3.101
-1.225,-1.571
-1.287,-1.851
-1.474,0.221
-1.439,-3.27
-1.47,-0.066
-1.604,-2.804
-1.507,-2.105
-1.619,-0.664
-1.546,-3.087
-1.719,-1.085
-1.759,-3.227
-1.641,-0.596
-1.777,-3.179
-1.839,-3.155
-1.975,-1.045
-1.863,-2.014
-1.986,-3.278
-1.939,-3.43
-1.943,-3.153
-1.981,-2.078
-2.145,-0.484
-2.316,0.21
-2.427,-1.687
-2.445,-1.963
-2.451,-1.919
-2.449,-0.975
-2.455,-1.028
-2.477,-1.093
-2.584,-1.261
-2.616,-2.662
-2.651,-1.169
-2.714,-2.75
-2.756,-1.953
-2.814,-1.452
-3.125,-2.121
-3.02,-2.086
2.992,-2.008
3.114,-1.674
3.063,-2.293
2.94,-3.283
2.747,0.373
2.871,-1.4
2.723,-1.176
2.713,-3.111
2.795,0.04
2.628,-2.584
2.625,-0.519
2.612,0.085
2.515,-1.352
2.606,-1.759
2.318,-3.636
1.848,-3.405
1.615,-3.687
1.3,-3.743
1.182,-3.692
0.772,-3.488
0.137,-3.755
-0.34,-3.699
-0.534,-3.55
-2.198,-3.364
-2.398,-3.651
-2.435,-3.76
-2.727,-3.593
-2.67,-3.568
2.51,-3.595
2.326,0.586
2.254,0.688
1.828,0.873
1.368,0.793
0.243,0.89
-0.126,0.587
0.011,0.593
-0.347,0.63
-0.224,0.711
-0.459,0.928
-0.626,0.901
-0.748,0.628
-1.138,0.746
-1.283,0.663
-1.168,1.026
-1.161,0.744
-1.645,0.907
-1.977,1.055
-2.24,0.978
-2.672,0.838
-3.131,0.807
3.046,0.853
3.007,0.815
-0.42,-1.554
-0.868,-2.152
-2.101,-3.319
-2.363,-2.001
-2.698,-1.316
0.336,-0.769
-1.136,-0.025
3.066,-1.072
3.045,-1.273
2.989,-0.929
2.767,-2.392
2.059,-0.428
1.079,-2.052
0.984,-1.764
0.835,-1.255
1.1,-3.624
-0.92,-3.148
-1.139,0.695
-2.904,0.271
-2.992,0.504
3.063,0.431
3.138,0.25
-2.246,0.415
-1.776,0.862
-0.024,1.64
-0.093,-0.905
-0.11,1.927
-0.167,1.102
-0.203,-0.355
-0.191,-0.297
-0.27,0.536
-0.337,-1.038
-0.368,0.084
-0.376,-0.522
-0.317,0.392
-0.432,-1.085
-0.36,1.245
-0.432,1.783
-0.513,-0.084
-0.521,0.772
-0.458,0.134
-0.522,0.56
-0.58,-1.544
-0.57,0.827
-0.619,-1.659
-0.695,-1.88
-0.696,1.109
-0.716,-0.463
-0.781,0.295
-0.75,-1.914
-0.758,0.234
-0.757,0.182
-0.772,1.619
-0.784,1.397
-0.788,-0.126
-0.806,-0.372
-0.886,-1.127
-0.879,-0.085
-0.879,-0.689
-0.818,-0.163
-0.883,0.479
-0.923,0.998
-0.991,-0.282
-0.946,-0.583
-1.045,-1.771
-1.067,-0.887
-1.067,-1.62
-1.006,1.836
-1.046,0.499
-1.123,1.469
-1.111,-0.289
-1.149,1.957
-1.17,0.205
-1.117,-0.321
-1.131,0.76
-1.219,1.508
-1.231,1.608
-1.266,-1.096
-1.191,-0.743
-1.268,-1.357
-1.217,0.318
-1.265,0.792
-1.291,0.414
-1.36,-1.712
-1.356,-1.921
-1.365,0.353
-1.412,0.846
-1.453,1.381
-1.389,0.145
-1.452,-1.304
-1.467,0.516
-1.561,1.833
-1.575,-0.583
-1.636,-0.27
-1.697,-0.306
-1.705,-0.791
-1.667,0.285
-1.735,-0.034
-1.67,1.53
-1.712,1.209
-1.762,-1.863
-1.841,1.349
-1.905,-1.163
-1.896,0.032
-1.864,0.991
-1.931,-0.42
-2.082,1.899
-2.164,-1.034
-2.18,-1.825
-2.189,1.482
-2.202,-1.642
-2.285,-1.13
-2.381,0.055
-2.35,0.177
-2.441,-0.004
-2.411,1.791
-2.468,0.293
-2.54,-0.473
-2.55,1.078
-2.564,-0.556
-2.638,1.183
-2.586,0.782
-2.669,0.581
-2.688,-0.523
-2.7,0.206
-2.663,-0.309
-2.701,-0.469
-2.718,-0.683
-2.776,-1.067
-2.764,1.346
-2.801,0.076
-2.791,0.55
-2.821,-1.96
-2.839,0.286
-2.944,0.1
-2.978,0.416
-2.962,0.709
-3.026,-0.301
3.121,-1.773
3.052,-0.863
3.015,-0.67
3.075,-0.492
3.053,-0.761
2.986,-1.882
2.959,0.479
2.954,0.587
2.875,-0.299
2.905,0.384
2.827,1.754
2.881,-0.16
2.901,0.851
2.822,0.16
2.861,-1.982
2.816,-0.494
2.874,-1.558
2.835,-0.654
2.724,-0.856
2.717,-0.474
2.649,-0.527
2.702,-0.946
2.675,-0.323
2.622,0.041
2.654,-0.553
2.671,0.075
2.653,-1.841
2.638,-0.835
2.61,0.664
2.61,-0.265
2.612,0.225
2.575,0.711
2.571,1.709
2.542,-1.92
1.846,-2.037
1.798,-1.974
0.914,-2.115
0.563,-2.076
-0.118,-2.208
-0.101,-2.069
-0.621,-2.311
-0.631,-2.055
-0.661,-2.106
-1.747,-2.303
-2.288,-2.064
-2.485,-2.284
-3.047,-2.137
2.828,-2.439
2.461,2.325
2.422,2.217
2.239,2.05
1.8,2.104
1.81,2.37
1.361,2.413
0.973,2.255
0.736,2.035
0.747,2.333
0.138,2.281
0.019,2.17
-0.106,2.091
-0.201,2.048
-0.73,2.218
-1.023,2.121
-1.234,2.278
-1.478,2.439
-1.559,2.151
-2.309,2.462
-2.55,2.011
-2.831,2.147
3.03,2.173
2.922,2.223
2.933,2.101
2.563,2.33
2.257,1.953
1.951,-0.675
1.859,-1.438
1.189,0.486
1.206,-1.818
0.763,-0.83
-0.703,-1.665
-1.184,0.332
-2.017,1.641
-2.311,0.917
-2.767,-0.952
3.043,-1.291
-1.779,-2.219
-1.837,2.22
2.597,1.987
2.573,-0.21
2.426,-0.528
2.506,-0.667
2.438,1.892
2.325,-0.841
2.196,1.489
2.317,-1.784
2.244,1.11
2.222,-0.343
2.22,0.998
2.159,0.626
2.067,1.101
1.956,0.943
2.047,-0.172
1.848,1.792
1.805,-0.306
1.745,-1.086
1.724,1.009
1.574,-2.005
1.514,0.05
1.609,-0.1
1.499,-1.73
1.388,0.434
1.393,0.045
1.079,0.682
1.192,1.68
1.07,-0.049
1.05,1.879
0.991,1.789
0.885,-0.38
0.817,0.604
0.8,-0.201
0.566,1.93
0.586,-1.89
0.572,-1.684
0.345,1.679
0.435,-1.43
0.237,-1.806
0.077,0.165
0.08,-0.62
0.14,-0.839
0.128,-1.988
0.079,0.816
0.051,-0.888
-0.094,-0.475
-0.092,1.805
-0.047,-0.936
-0.498,-1.486
-0.369,-0.918
-0.474,0.296
-0.47,-0.699
-0.596,-1.638
-0.503,1.518
-0.586,-0.457
-0.625,1.345
-0.804,-0.023
-0.847,-0.041
-0.847,1.813
-0.784,1.188
-0.935,-0.872
-0.94,-0.887
-0.807,-1.327
-0.964,-0.17
-0.856,1.919
-0.87,0.778
-1.005,-1.533
-0.889,0.683
-0.906,0.855
-0.894,-0.932
-0.994,-0.781
-1.103,0.32
-1.173,1.085
-1.096,-1.976
-1.107,0.407
-1.229,1.966
-1.276,0.036
-1.165,-1.691
-1.243,-0.161
-1.305,-0.441
-1.492,1.631
-1.457,-1.86
-1.488,1.344
-1.622,-1.394
-1.525,-0.695
-1.637,0.746
-1.564,-1.677
-1.737,0.325
-1.777,-1.817
-1.659,0.814
-1.795,-1.769
-1.857,-1.745
-1.993,0.365
-1.881,-0.604
-2.004,-1.868
-1.957,-2.02
-1.961,-1.743
-1.999,-0.668
-2.163,0.926
-2.334,1.62
-2.445,-0.277
-2.463,-0.553
-2.469,-0.509
-2.467,0.435
-2.473,0.382
-2.495,0.317
-2.602,0.149
-2.634,-1.252
-2.669,0.241
-2.732,-1.34
-2.774,-0.543
-2.832,-0.042
3.14,-0.711
-3.038,-0.676
2.974,-0.598
3.096,-0.264
3.045,-0.883
2.922,-1.873
2.729,1.783
2.853,0.01
2.705,0.234
2.695,-1.701
2.777,1.45
2.61,-1.174
2.607,0.891
2.594,1.495
2.497,0.058
2.588,-0.349
2.3,-2.226
1.83,-1.995
1.597,-2.277
1.282,-2.333
1.164,-2.282
0.754,-2.078
0.119,-2.345
-0.358,-2.289
-0.552,-2.14
-2.216,-1.954
-2.416,-2.241
-2.453,-2.35
-2.745,-2.183
-2.688,-2.158
2.492,-2.185
2.308,1.996
2.236,2.098
1.81,2.283
1.35,2.203
0.225,2.3
-0.144,1.997
-0.007,2.003
-0.365,2.04
-0.242,2.121
-0.477,2.338
-0.644,2.311
-0.766,2.038
-1.156,2.156
-1.301,2.073
-1.186,2.436
-1.179,2.154
-1.663,2.317
-1.995,2.465
-2.258,2.388
-2.69,2.248
3.134,2.217
3.028,2.263
2.989,2.225
-0.438,-0.144
-0.886,-0.742
-2.119,-1.909
-2.381,-0.591
-2.716,0.094
0.318,0.641
-1.154,1.385
3.048,0.338
3.027,0.137
2.971,0.481
2.749,-0.982
2.041,0.982
1.061,-0.642
0.966,-0.354
0.817,0.155
1.082,-2.214
-0.938,-1.738
-1.157,2.105
-2.922,1.681
-3.01,1.914
3.045,1.841
3.12,1.66
-2.264,1.825
-1.794,2.272
-0.069,-2.545
-0.086,0.287
-0.143,-0.538
-0.179,-1.995
-0.167,-1.937
-0.246,-1.104
-0.313,-2.678
-0.344,-1.556
-0.352,-2.162
-0.293,-1.248
-0.408,-2.725
-0.336,-0.395
-0.408,0.143
-0.489,-1.724
-0.497,-0.868
-0.434,-1.506
-0.498,-1.08
-0.556,-3.184
-0.546,-0.813
-0.595,-3.299
-0.671,-3.52
-0.672,-0.531
-0.692,-2.103
-0.757,-1.345
-0.726,-3.554
-0.734,-1.406
-0.733,-1.458
-0.748,-0.021
-0.76,-0.243
-0.764,-1.766
-0.782,-2.012
-0.862,-2.767
-0.855,-1.725
-0.855,-2.329
-0.794,-1.803
-0.859,-1.161
-0.899,-0.642
-0.967,-1.922
-0.922,-2.223
-1.021,-3.411
-1.043,-2.527
-1.043,-3.26
-0.982,0.196
-1.022,-1.141
-1.099,-0.171
-1.087,-1.929
-1.125,0.317
-1.146,-1.435
-1.093,-1.961
-1.107,-0.88
-1.195,-0.132
-1.207,-0.032
-1.242,-2.736
-1.167,-2.383
-1.244,-2.997
-1.193,-1.322
-1.241,-0.848
-1.267,-1.226
-1.336,-3.352
-1.332,-3.561
-1.341,-1.287
-1.388,-0.794
-1.429,-0.259
-1.365,-1.495
-1.428,-2.944
-1.443,-1.124
-1.537,0.193
-1.551,-2.223
-1.612,-1.91
-1.673,-1.946
-1.681,-2.431
-1.643,-1.355
-1.711,-1.674
-1.646,-0.11
-1.688,-0.431
-1.738,-3.503
-1.817,-0.291
-1.881,-2.803
-1.872,-1.608
-1.84,-0.649
-1.907,-2.06
-2.058,0.259
-2.14,-2.674
-2.156,-3.465
-2.165,-0.158
-2.178,-3.282
-2.261,-2.77
-2.357,-1.585
-2.326,-1.463
-2.417,-1.644
-2.387,0.151
-2.444,-1.347
-2.516,-2.113
-2.526,-0.562
-2.54,-2.196
-2.614,-0.457
-2.562,-0.858
-2.645,-1.059
-2.664,-2.163
-2.676,-1.434
-2.639,-1.949
-2.677,-2.109
-2.694,-2.323
-2.752,-2.707
-2.74,-0.294
-2.777,-1.564
-2.767,-1.09
-2.797,-3.6
-2.815,-1.354
-2.92,-1.54
-2.954,-1.224
-2.938,-0.931
-3.002,-1.941
-3.138,-3.413
3.076,-2.503
3.039,-2.31
3.099,-2.132
3.077,-2.401
3.01,-3.522
2.983,-1.161
2.978,-1.053
2.899,-1.939
2.929,-1.256
2.851,0.114
2.905,-1.8
2.925,-0.789
2.846,-1.48
2.885,-3.622
2.84,-2.134
2.898,-3.198
2.859,-2.294
2.748,-2.496
2.741,-2.114
2.673,-2.167
2.726,-2.586
2.699,-1.963
2.646,-1.599
2.678,-2.193
2.695,-1.565
2.677,-3.481
2.662,-2.475
2.634,-0.976
2.634,-1.905
2.636,-1.415
2.599,-0.929
2.595,0.069
2.566,-3.56
1.87,-3.677
1.822,-3.614
0.938,-3.755
0.587,-3.716
-0.094,-3.848
-0.077,-3.709
-0.597,-3.951
-0.607,-3.695
-0.637,-3.746
-1.723,-3.943
-2.264,-3.704
-2.461,-3.924
-3.023,-3.777
2.852,-4.079
2.485,0.685
2.446,0.577
2.263,0.41
1.824,0.464
1.834,0.73
1.385,0.773
0.997,0.615
0.76,0.395
0.771,0.693
0.162,0.641
0.043,0.53
-0.082,0.451
-0.177,0.408
-0.706,0.578
-0.999,0.481
-1.21,0.638
-1.454,0.799
-1.535,0.511
-2.285,0.822
-2.526,0.371
-2.807,0.507
3.054,0.533
2.946,0.583
2.957,0.461
2.587,0.69
2.281,0.313
1.975,-2.315
1.883,-3.078
1.213,-1.154
1.23,-3.458
0.787,-2.47
-0.679,-3.305
-1.16,-1.308
-1.993,0.001
-2.287,-0.723
-2.743,-2.592
3.067,-2.931
-1.755,-3.859
-1.813,0.58
2.621,0.347
2.597,-1.85
2.45,-2.168
2.53,-2.307
2.462,0.252
2.349,-2.481
2.22,-0.151
2.341,-3.424
2.268,-0.53
2.246,-1.983
2.244,-0.642
2.183,-1.014
2.091,-0.539
1.98,-0.697
2.071,-1.812
1.872,0.152
1.829,-1.946
1.769,-2.726
1.748,-0.631
1.598,-3.645
1.538,-1.59
1.633,-1.74
1.523,-3.37
1.412,-1.206
1.417,-1.595
1.103,-0.958
1.216,0.04
1.094,-1.689
1.074,0.239
1.015,0.149
0.909,-2.02
0.841,-1.036
0.824,-1.841
0.59,0.29
0.61,-3.53
0.596,-3.324
0.369,0.039
0.459,-3.07
0.261,-3.446
0.101,-1.475
0.104,-2.26
0.164,-2.479
0.152,-3.628
0.103,-0.824
0.075,-2.528
-0.07,-2.115
-0.068,0.165
-0.023,-2.576
-0.474,-3.126
-0.345,-2.558
-0.45,-1.344
-0.446,-2.339
-0.572,-3.278
-0.479,-0.122
-0.562,-2.097
-0.601,-0.295
-0.78,-1.663
-0.823,-1.681
-0.823,0.173
-0.76,-0.452
-0.911,-2.512
-0.916,-2.527
-0.783,-2.967
-0.94,-1.81
-0.832,0.279
-0.846,-0.862
-0.981,-3.173
-0.865,-0.957
-0.882,-0.785
-0.87,-2.572
-0.97,-2.421
-1.079,-1.32
-1.149,-0.555
-1.072,-3.616
-1.083,-1.233
-1.205,0.326
-1.252,-1.604
-1.141,-3.331
-1.219,-1.801
-1.281,-2.081
-1.468,-0.009
-1.433,-3.5
-1.464,-0.296
-1.598,-3.034
-1.501,-2.335
-1.613,-0.894
-1.54,-3.317
-1.713,-1.315
-1.753,-3.457
-1.635,-0.826
-1.771,-3.409
-1.833,-3.385
-1.969,-1.275
-1.857,-2.244
-1.98,-3.508
-1.933,-3.66
-1.937,-3.383
-1.975,-2.308
-2.139,-0.714
-2.31,-0.02
-2.421,-1.917
-2.439,-2.193
-2.445,-2.149
-2.443,-1.205
-2.449,-1.258
-2.471,-1.323
-2.578,-1.491
-2.61,-2.892
-2.645,-1.399
-2.708,-2.98
-2.75,-2.183
-2.808,-1.682
-3.119,-2.351
-3.014,-2.316
2.998,-2.238
3.12,-1.904
3.069,-2.523
2.946,-3.513
2.753,0.143
2.877,-1.63
2.729,-1.406
2.719,-3.341
2.801,-0.19
2.634,-2.814
2.631,-0.749
2.618,-0.145
2.521,-1.582
2.612,-1.989
2.324,-3.866
1.854,-3.635
1.621,-3.917
1.306,-3.973
1.188,-3.922
0.778,-3.718
0.143,-3.985
-0.334,-3.929
-0.528,-3.78
-2.192,-3.594
-2.392,-3.881
-2.429,-3.99
-2.721,-3.823
-2.664,-3.798
2.516,-3.825
2.332,0.356
2.26,0.458
1.834,0.643
1.374,0.563
0.249,0.66
-0.12,0.357
0.017,0.363
-0.341,0.4
-0.218,0.481
-0.453,0.698
-0.62,0.671
-0.742,0.398
-1.132,0.516
-1.277,0.433
-1.162,0.796
-1.155,0.514
-1.639,0.677
-1.971,0.825
-2.234,0.748
-2.666,0.608
-3.125,0.577
3.052,0.623
3.013,0.585
-0.414,-1.784
-0.862,-2.382
-2.095,-3.549
-2.357,-2.231
-2.692,-1.546
0.342,-0.999
-1.13,-0.255
3.072,-1.302
3.051,-1.503
2.995,-1.159
2.773,-2.622
2.065,-0.658
1.085,-2.282
0.99,-1.994
0.841,-1.485
1.106,-3.854
-0.914,-3.378
-1.133,0.465
-2.898,0.041
-2.986,0.274
3.069,0.201
-3.139,0.02
-2.24,0.185
-1.77,0.632
-0.017,2.832
-0.074,2.007
-0.11,0.55
-0.098,0.608
-0.177,1.441
-0.244,-0.133
-0.275,0.989
-0.283,0.383
-0.224,1.297
-0.339,-0.18
-0.267,2.15
-0.339,2.688
-0.42,0.821
-0.428,1.677
-0.365,1.039
-0.429,1.465
-0.487,-0.639
-0.477,1.732
-0.526,-0.754
-0.602,-0.975
-0.603,2.014
-0.623,0.442
-0.688,1.2
-0.657,-1.009
-0.665,1.139
-0.664,1.087
-0.679,2.524
-0.691,2.302
-0.695,0.779
-0.713,0.533
-0.793,-0.222
-0.786,0.82
-0.786,0.216
-0.725,0.742
-0.79,1.384
-0.83,1.903
-0.898,0.623
-0.853,0.322
-0.952,-0.866
-0.974,0.018
-0.974,-0.715
-0.913,2.741
-0.953,1.404
-1.03,2.374
-1.018,0.616
-1.056,2.862
-1.077,1.11
-1.024,0.584
-1.038,1.665
-1.126,2.413
-1.138,2.513
-1.173,-0.191
-1.098,0.162
-1.175,-0.452
-1.124,1.223
-1.172,1.697
-1.198,1.319
-1.267,-0.807
-1.263,-1.016
-1.272,1.258
-1.319,1.751
-1.36,2.286
-1.296,1.05
-1.359,-0.399
-1.374,1.421
-1.468,2.738
-1.482,0.322
-1.543,0.635
-1.604,0.599
-1.612,0.114
-1.574,1.19
-1.642,0.871
-1.577,2.435
-1.619,2.114
-1.669,-0.958
-1.748,2.254
-1.812,-0.258
-1.803,0.937
-1.771,1.896
-1.838,0.485
-1.989,2.804
-2.071,-0.129
-2.087,-0.92
-2.096,2.387
-2.109,-0.737
-2.192,-0.225
-2.288,0.96
-2.257,1.082
-2.348,0.901
-2.318,2.696
-2.375,1.198
-2.447,0.432
-2.457,1.983
-2.471,0.349
-2.545,2.088
-2.493,1.687
-2.576,1.486
-2.595,0.382
-2.607,1.111
-2.57,0.596
-2.608,0.436
-2.625,0.222
-2.683,-0.162
-2.671,2.251
-2.708,0.981
-2.698,1.455
-2.728,-1.055
-2.746,1.191
-2.851,1.005
-2.885,1.321
-2.869,1.614
-2.933,0.604
-3.069,-0.868
-3.138,0.042
3.108,0.235
-3.115,0.413
-3.137,0.144
3.079,-0.977
3.052,1.384
3.047,1.492
2.968,0.606
2.998,1.289
2.92,2.659
2.974,0.745
2.994,1.756
2.915,1.065
2.954,-1.077
2.909,0.411
2.967,-0.653
2.928,0.251
2.817,0.049
2.81,0.431
2.742,0.378
2.795,-0.041
2.768,0.582
2.715,0.946
2.747,0.352
2.764,0.98
2.746,-0.936
2.731,0.07
2.703,1.569
2.703,0.64
2.705,1.13
2.668,1.616
2.664,2.614
2.635,-1.015
1.939,-1.132
1.891,-1.069
1.007,-1.21
0.656,-1.171
-0.025,-1.303
-0.008,-1.164
-0.528,-1.406
-0.538,-1.15
-0.568,-1.201
-1.654,-1.398
-2.195,-1.159
-2.392,-1.379
-2.954,-1.232
2.921,-1.534
2.554,3.23
2.515,3.122
2.332,2.955
1.893,3.009
1.903,3.275
1.454,3.318
1.066,3.16
0.829,2.94
0.84,3.238
0.231,3.186
0.112,3.075
-0.013,2.996
-0.108,2.953
-0.637,3.123
-0.93,3.026
-1.141,3.183
-1.385,3.344
-1.466,3.056
-2.216,3.367
-2.457,2.916
-2.738,3.052
3.123,3.078
3.015,3.128
3.026,3.006
2.656,3.235
2.35,2.858
2.044,0.23
1.952,-0.533
1.282,1.391
1.299,-0.913
0.856,0.075
-0.61,-0.76
-1.091,1.237
-1.924,2.546
-2.218,1.822
-2.674,-0.047
3.136,-0.386
-1.686,-1.314
-1.744,3.125
2.69,2.892
2.666,0.695
2.519,0.377
2.599,0.238
2.531,2.797
2.418,0.064
2.289,2.394
2.41,-0.879
2.337,2.015
2.315,0.562
2.313,1.903
2.252,1.531
2.16,2.006
2.049,1.848
2.14,0.733
1.941,2.697
1.898,0.599
1.838,-0.181
1.817,1.914
1.667,-1.1
1.607,0.955
1.702,0.805
1.592,-0.825
1.481,1.339
1.486,0.95
1.172,1.587
1.285,2.585
1.163,0.856
1.143,2.784
1.084,2.694
0.978,0.525
0.91,1.509
0.893,0.704
0.659,2.835
0.679,-0.985
0.665,-0.779
0.438,2.584
0.528,-0.525
0.33,-0.901
0.17,1.07
0.173,0.285
0.233,0.066
0.221,-1.083
0.172,1.721
0.144,0.017
-0.001,0.43
0.001,2.71
0.046,-0.031
-0.405,-0.581
-0.276,-0.013
-0.381,1.201
-0.377,0.206
-0.503,-0.733
-0.41,2.423
-0.493,0.448
-0.532,2.25
-0.711,0.882
-0.754,0.864
-0.754,2.718
-0.691,2.093
-0.842,0.033
-0.847,0.018
-0.714,-0.422
-0.871,0.735
-0.763,2.824
-0.777,1.683
-0.912,-0.628
-0.796,1.588
-0.813,1.76
-0.801,-0.027
-0.901,0.124
-1.01,1.225
-1.08,1.99
-1.003,-1.071
-1.014,1.312
-1.136,2.871
-1.183,0.941
-1.072,-0.786
-1.15,0.744
-1.212,0.464
-1.399,2.536
-1.364,-0.955
-1.395,2.249
-1.529,-0.489
-1.432,0.21
-1.544,1.651
-1.471,-0.772
-1.644,1.23
-1.684,-0.912
-1.566,1.719
-1.702,-0.864
-1.764,-0.84
-1.9,1.27
-1.788,0.301
-1.911,-0.963
-1.864,-1.115
-1.868,-0.838
-1.906,0.237
-2.07,1.831
-2.241,2.525
-2.352,0.628
-2.37,0.352
-2.376,0.396
-2.374,1.34
-2.38,1.287
-2.402,1.222
-2.509,1.054
-2.541,-0.347
-2.576,1.146
-2.639,-0.435
-2.681,0.362
-2.739,0.863
-3.05,0.194
-2.945,0.229
3.067,0.307
-3.094,0.641
3.138,0.022
3.015,-0.968
2.822,2.688
2.946,0.915
2.798,1.139
2.788,-0.796
2.87,2.355
2.703,-0.269
2.7,1.796
2.687,2.4
2.59,0.963
2.681,0.556
2.393,-1.321
1.923,-1.09
1.69,-1.372
1.375,-1.428
1.257,-1.377
0.847,-1.173
0.212,-1.44
-0.265,-1.384
-0.459,-1.235
-2.123,-1.049
-2.323,-1.336
-2.36,-1.445
-2.652,-1.278
-2.595,-1.253
2.585,-1.28
2.401,2.901
2.329,3.003
1.903,3.188
1.443,3.108
0.318,3.205
-0.051,2.902
0.086,2.908
-0.272,2.945
-0.149,3.026
-0.384,3.243
-0.551,3.216
-0.673,2.943
-1.063,3.061
-1.208,2.978
-1.093,3.341
-1.086,3.059
-1.57,3.222
-1.902,3.37
-2.165,3.293
-2.597,3.153
-3.056,3.122
3.121,3.168
3.082,3.13
-0.345,0.761
-0.793,0.163
-2.026,-1.004
-2.288,0.314
-2.623,0.999
0.411,1.546
-1.061,2.29
3.141,1.243
3.12,1.042
3.064,1.386
2.842,-0.077
2.134,1.887
1.154,0.263
1.059,0.551
0.91,1.06
1.175,-1.309
-0.845,-0.833
-1.064,3.01
-2.829,2.586
-2.917,2.819
3.138,2.746
-3.07,2.565
-2.171,2.73
-1.701,3.177
-0.057,-0.825
-0.093,-2.282
-0.081,-2.224
-0.16,-1.391
-0.227,-2.965
-0.258,-1.843
-0.266,-2.449
-0.207,-1.535
-0.322,-3.012
-0.25,-0.682
-0.322,-0.144
-0.403,-2.011
-0.411,-1.155
-0.348,-1.793
-0.412,-1.367
-0.47,-3.471
-0.46,-1.1
-0.509,-3.586
-0.585,-3.807
-0.586,-0.818
-0.606,-2.39
-0.671,-1.632
-0.64,-3.841
-0.648,-1.693
-0.647,-1.745
-0.662,-0.308
-0.674,-0.53
-0.678,-2.053
-0.696,-2.299
-0.776,-3.054
-0.769,-2.012
-0.769,-2.616
-0.708,-2.09
-0.773,-1.448
-0.813,-0.929
-0.881,-2.209
-0.836,-2.51
-0.935,-3.698
-0.957,-2.814
-0.957,-3.547
-0.896,-0.091
-0.936,-1.428
-1.013,-0.458
-1.001,-2.216
-1.039,0.03
-1.06,-1.722
-1.007,-2.248
-1.021,-1.167
-1.109,-0.419
-1.121,-0.319
-1.156,-3.023
-1.081,-2.67
-1.158,-3.284
-1.107,-1.609
-1.155,-1.135
-1.181,-1.513
-1.25,-3.639
-1.246,-3.848
-1.255,-1.574
-1.302,-1.081
-1.343,-0.546
-1.279,-1.782
-1.342,-3.231
-1.357,-1.411
-1.451,-0.094
-1.465,-2.51
-1.526,-2.197
-1.587,-2.233
-1.595,-2.718
-1.557,-1.642
-1.625,-1.961
-1.56,-0.397
-1.602,-0.718
-1.652,-3.79
-1.731,-0.578
-1.795,-3.09
-1.786,-1.895
-1.754,-0.936
-1.821,-2.347
-1.972,-0.028
-2.054,-2.961
-2.07,-3.752
-2.079,-0.445
-2.092,-3.569
-2.175,-3.057
-2.271,-1.872
-2.24,-1.75
-2.331,-1.931
-2.301,-0.136
-2.358,-1.634
-2.43,-2.4
-2.44,-0.849
-2.454,-2.483
-2.528,-0.744
-2.476,-1.145
-2.559,-1.346
-2.578,-2.45
-2.59,-1.721
-2.553,-2.236
-2.591,-2.396
-2.608,-2.61
-2.666,-2.994
-2.654,-0.581
-2.691,-1.851
-2.681,-1.377
-2.711,-3.887
-2.729,-1.641
-2.834,-1.827
-2.868,-1.511
-2.852,-1.218
-2.916,-2.228
-3.052,-3.7
-3.121,-2.79
3.125,-2.597
-3.098,-2.419
-3.12,-2.688
3.096,-3.809
3.069,-1.448
3.064,-1.34
2.985,-2.226
3.015,-1.543
2.937,-0.173
2.991,-2.087
3.011,-1.076
2.932,-1.767
2.971,-3.909
2.926,-2.421
2.984,-3.485
2.945,-2.581
2.834,-2.783
2.827,-2.401
2.759,-2.454
2.812,-2.873
2.785,-2.25
2.732,-1.886
2.764,-2.48
2.781,-1.852
2.763,-3.768
2.748,-2.762
2.72,-1.263
2.72,-2.192
2.722,-1.702
2.685,-1.216
2.681,-0.218
2.652,-3.847
1.956,-3.964
1.908,-3.901
1.024,-4.042
0.673,-4.003
-0.008,-4.135
0.009,-3.996
-0.511,-4.238
-0.521,-3.982
-0.551,-4.033
-1.637,-4.23
-2.178,-3.991
-2.375,-4.211
-2.937,-4.064
2.938,-4.366
2.571,0.398
2.532,0.29
2.349,0.123
1.91,0.177
1.92,0.443
1.471,0.486
1.083,0.328
0.846,0.108
0.857,0.406
0.248,0.354
0.129,0.243
0.004,0.164
-0.091,0.121
-0.62,0.291
-0.913,0.194
-1.124,0.351
-1.368,0.512
-1.449,0.224
-2.199,0.535
-2.44,0.084
-2.721,0.22
3.14,0.246
3.032,0.296
3.043,0.174
2.673,0.403
2.367,0.026
2.061,-2.602
1.969,-3.365
1.299,-1.441
1.316,-3.745
0.873,-2.757
-0.593,-3.592
-1.074,-1.595
-1.907,-0.286
-2.201,-1.01
-2.657,-2.879
-3.13,-3.218
-1.669,-4.146
-1.727,0.293
2.707,0.06
2.683,-2.137
2.536,-2.455
2.616,-2.594
2.548,-0.035
2.435,-2.768
2.306,-0.438
2.427,-3.711
2.354,-0.817
2.332,-2.27
2.33,-0.929
2.269,-1.301
2.177,-0.826
2.066,-0.984
2.157,-2.099
1.958,-0.135
1.915,-2.233
1.855,-3.013
1.834,-0.918
1.684,-3.932
1.624,-1.877
1.719,-2.027
1.609,-3.657
1.498,-1.493
1.503,-1.882
1.189,-1.245
1.302,-0.247
1.18,-1.976
1.16,-0.048
1.101,-0.138
0.995,-2.307
0.927,-1.323
0.91,-2.128
0.676,0.003
0.696,-3.817
0.682,-3.611
0.455,-0.248
0.545,-3.357
0.347,-3.733
0.187,-1.762
0.19,-2.547
0.25,-2.766
0.238,-3.915
0.189,-1.111
0.161,-2.815
0.016,-2.402
0.018,-0.122
0.063,-2.863
-0.388,-3.413
-0.259,-2.845
-0.364,-1.631
-0.36,-2.626
-0.486,-3.565
-0.393,-0.409
-0.476,-2.384
-0.515,-0.582
-0.694,-1.95
-0.737,-1.968
-0.737,-0.114
-0.674,-0.739
-0.825,-2.799
-0.83,-2.814
-0.697,-3.254
-0.854,-2.097
-0.746,-0.008
-0.76,-1.149
-0.895,-3.46
-0.779,-1.244
-0.796,-1.072
-0.784,-2.859
-0.884,-2.708
-0.993,-1.607
-1.063,-0.842
-0.986,-3.903
-0.997,-1.52
-1.119,0.039
-1.166,-1.891
-1.055,-3.618
-1.133,-2.088
-1.195,-2.368
-1.382,-0.296
-1.347,-3.787
-1.378,-0.583
-1.512,-3.321
-1.415,-2.622
-1.527,-1.181
-1.454,-3.604
-1.627,-1.602
-1.667,-3.744
-1.549,-1.113
-1.685,-3.696
-1.747,-3.672
-1.883,-1.562
-1.771,-2.531
-1.894,-3.795
-1.847,-3.947
-1.851,-3.67
-1.889,-2.595
-2.053,-1.001
-2.224,-0.307
-2.335,-2.204
-2.353,-2.48
-2.359,-2.436
-2.357,-1.492
-2.363,-1.545
-2.385,-1.61
-2.492,-1.778
-2.524,-3.179
-2.559,-1.686
-2.622,-3.267
-2.664,-2.47
-2.722,-1.969
-3.033,-2.638
-2.928,-2.603
3.084,-2.525
-3.077,-2.191
-3.128,-2.81
3.032,-3.8
2.839,-0.144
2.963,-1.917
2.815,-1.693
2.805,-3.628
2.887,-0.477
2.72,-3.101
2.717,-1.036
2.704,-0.432
2.607,-1.869
2.698,-2.276
2.41,-4.153
1.94,-3.922
1.707,-4.204
1.392,-4.26
1.274,-4.209
0.864,-4.005
0.229,-4.272
-0.248,-4.216
-0.442,-4.067
-2.106,-3.881
-2.306,-4.168
-2.343,-4.277
-2.635,-4.11
-2.578,-4.085
2.602,-4.112
2.418,0.069
2.346,0.171
1.92,0.356
1.46,0.276
0.335,0.373
-0.034,0.07
0.103,0.076
-0.255,0.113
-0.132,0.194
-0.367,0.411
-0.534,0.384
-0.656,0.111
-1.046,0.229
-1.191,0.146
-1.076,0.509
-1.069,0.227
-1.553,0.39
-1.885,0.538
-2.148,0.461
-2.58,0.321
-3.039,0.29
3.138,0.336
3.099,0.298
-0.328,-2.071
-0.776,-2.669
-2.009,-3.836
-2.271,-2.518
-2.606,-1.833
0.428,-1.286
-1.044,-0.542
-3.125,-1.589
3.137,-1.79
3.081,-1.446
2.859,-2.909
2.151,-0.945
1.171,-2.569
1.076,-2.281
0.927,-1.772
1.192,-4.141
-0.828,-3.665
-1.047,0.178
-2.812,-0.246
-2.9,-0.013
-3.128,-0.086
-3.053,-0.267
-2.154,-0.102
-1.684,0.345
-0.036,-1.457
-0.024,-1.399
-0.103,-0.566
-0.17,-2.14
-0.201,-1.018
-0.209,-1.624
-0.15,-0.71
-0.265,-2.187
-0.193,0.143
-0.265,0.681
-0.346,-1.186
-0.354,-0.33
-0.291,-0.968
-0.355,-0.542
-0.413,-2.646
-0.403,-0.275
-0.452,-2.761
-0.528,-2.982
-0.529,0.007
-0.549,-1.565
-0.614,-0.807
-0.583,-3.016
-0.591,-0.868
-0.59,-0.92
-0.605,0.517
-0.617,0.295
-0.621,-1.228
-0.639,-1.474
-0.719,-2.229
-0.712,-1.187
-0.712,-1.791
-0.651,-1.265
-0.716,-0.623
-0.756,-0.104
-0.824,-1.384
-0.779,-1.685
-0.878,-2.873
-0.9,-1.989
-0.9,-2.722
-0.839,0.734
-0.879,-0.603
-0.956,0.367
-0.944,-1.391
-0.982,0.855
-1.003,-0.897
-0.95,-1.423
-0.964,-0.342
-1.052,0.406
-1.064,0.506
-1.099,-2.198
-1.024,-1.845
-1.101,-2.459
-1.05,-0.784
-1.098,-0.31
-1.124,-0.688
-1.193,-2.814
-1.189,-3.023
-1.198,-0.749
-1.245,-0.256
-1.286,0.279
-1.222,-0.957
-1.285,-2.406
-1.3,-0.586
-1.394,0.731
-1.408,-1.685
-1.469,-1.372
-1.53,-1.408
-1.538,-1.893
-1.5,-0.817
-1.568,-1.136
-1.503,0.428
-1.545,0.107
-1.595,-2.965
-1.674,0.247
-1.738,-2.265
-1.729,-1.07
-1.697,-0.111
-1.764,-1.522
-1.915,0.797
-1.997,-2.136
-2.013,-2.927
-2.022,0.38
-2.035,-2.744
-2.118,-2.232
-2.214,-1.047
-2.183,-0.925
-2.274,-1.106
-2.244,0.689
-2.301,-0.809
-2.373,-1.575
-2.383,-0.024
-2.397,-1.658
-2.471,0.081
-2.419,-0.32
-2.502,-0.521
-2.521,-1.625
-2.533,-0.896
-2.496,-1.411
-2.534,-1.571
-2.551,-1.785
-2.609,-2.169
-2.597,0.244
-2.634,-1.026
-2.624,-0.552
-2.654,-3.062
-2.672,-0.816
-2.777,-1.002
-2.811,-0.686
-2.795,-0.393
-2.859,-1.403
-2.995,-2.875
-3.064,-1.965
-3.101,-1.772
-3.041,-1.594
-3.063,-1.863
-3.13,-2.984
3.126,-0.623
3.121,-0.515
3.042,-1.401
3.072,-0.718
2.994,0.652
3.048,-1.262
3.068,-0.251
2.989,-0.942
3.028,-3.084
2.983,-1.596
3.041,-2.66
3.002,-1.756
2.891,-1.958
2.884,-1.576
2.816,-1.629
2.869,-2.048
2.842,-1.425
2.789,-1.061
2.821,-1.655
2.838,-1.027
2.82,-2.943
2.805,-1.937
2.777,-0.438
2.777,-1.367
2.779,-0.877
2.742,-0.391
2.738,0.607
2.709,-3.022
2.013,-3.139
1.965,-3.076
1.081,-3.217
0.73,-3.178
0.049,-3.31
0.066,-3.171
-0.454,-3.413
-0.464,-3.157
-0.494,-3.208
-1.58,-3.405
-2.121,-3.166
-2.318,-3.386
-2.88,-3.239
2.995,-3.541
2.628,1.223
2.589,1.115
2.406,0.948
1.967,1.002
1.977,1.268
1.528,1.311
1.14,1.153
0.903,0.933
0.914,1.231
0.305,1.179
0.186,1.068
0.061,0.989
-0.034,0.946
-0.563,1.116
-0.856,1.019
-1.067,1.176
-1.311,1.337
-1.392,1.049
-2.142,1.36
-2.383,0.909
-2.664,1.045
-3.086,1.071
3.089,1.121
3.1,0.999
2.73,1.228
2.424,0.851
2.118,-1.777
2.026,-2.54
1.356,-0.616
1.373,-2.92
0.93,-1.932
-0.536,-2.767
-1.017,-0.77
-1.85,0.539
-2.144,-0.185
-2.6,-2.054
-3.073,-2.393
-1.612,-3.321
-1.67,1.118
2.764,0.885
2.74,-1.312
2.593,-1.63
2.673,-1.769
2.605,0.79
2.492,-1.943
2.363,0.387
2.484,-2.886
2.411,0.008
2.389,-1.445
2.387,-0.104
2.326,-0.476
2.234,-0.001
2.123,-0.159
2.214,-1.274
2.015,0.69
1.972,-1.408
1.912,-2.188
1.891,-0.093
1.741,-3.107
1.681,-1.052
1.776,-1.202
1.666,-2.832
1.555,-0.668
1.56,-1.057
1.246,-0.42
1.359,0.578
1.237,-1.151
1.217,0.777
1.158,0.687
1.052,-1.482
0.984,-0.498
0.967,-1.303
0.733,0.828
0.753,-2.992
0.739,-2.786
0.512,0.577
0.602,-2.532
0.404,-2.908
0.244,-0.937
0.247,-1.722
0.307,-1.941
0.295,-3.09
0.246,-0.286
0.218,-1.99
0.073,-1.577
0.075,0.703
0.12,-2.038
-0.331,-2.588
-0.202,-2.02
-0.307,-0.806
-0.303,-1.801
-0.429,-2.74
-0.336,0.416
-0.419,-1.559
-0.458,0.243
-0.637,-1.125
-0.68,-1.143
-0.68,0.711
-0.617,0.086
-0.768,-1.974
-0.773,-1.989
-0.64,-2.429
-0.797,-1.272
-0.689,0.817
-0.703,-0.324
-0.838,-2.635
-0.722,-0.419
-0.739,-0.247
-0.727,-2.034
-0.827,-1.883
-0.936,-0.782
-1.006,-0.017
-0.929,-3.078
-0.94,-0.695
-1.062,0.864
-1.109,-1.066
-0.998,-2.793
-1.076,-1.263
-1.138,-1.543
-1.325,0.529
-1.29,-2.962
-1.321,0.242
-1.455,-2.496
-1.358,-1.797
-1.47,-0.356
-1.397,-2.779
-1.57,-0.777
-1.61,-2.919
-1.492,-0.288
-1.628,-2.871
-1.69,-2.847
-1.826,-0.737
-1.714,-1.706
-1.837,-2.97
-1.79,-3.122
-1.794,-2.845
-1.832,-1.77
-1.996,-0.176
-2.167,0.518
-2.278,-1.379
-2.296,-1.655
-2.302,-1.611
-2.3,-0.667
-2.306,-0.72
-2.328,-0.785
-2.435,-0.953
-2.467,-2.354
-2.502,-0.861
-2.565,-2.442
-2.607,-1.645
-2.665,-1.144
-2.976,-1.813
-2.871,-1.778
3.141,-1.7
-3.02,-1.366
-3.071,-1.985
3.089,-2.975
2.896,0.681
3.02,-1.092
2.872,-0.868
2.862,-2.803
2.944,0.348
2.777,-2.276
2.774,-0.211
2.761,0.393
2.664,-1.044
2.755,-1.451
2.467,-3.328
1.997,-3.097
1.764,-3.379
1.449,-3.435
1.331,-3.384
0.921,-3.18
0.286,-3.447
-0.191,-3.391
-0.385,-3.242
-2.049,-3.056
-2.249,-3.343
-2.286,-3.452
-2.578,-3.285
-2.521,-3.26
2.659,-3.287
2.475,0.894
2.403,0.996
1.977,1.181
1.517,1.101
0.392,1.198
0.023,0.895
0.16,0.901
-0.198,0.938
-0.075,1.019
-0.31,1.236
-0.477,1.209
-0.599,0.936
-0.989,1.054
-1.134,0.971
-1.019,1.334
-1.012,1.052
-1.496,1.215
-1.828,1.363
-2.091,1.286
-2.523,1.146
-2.982,1.115
-3.088,1.161
-3.127,1.123
-0.271,-1.246
-0.719,-1.844
-1.952,-3.011
-2.214,-1.693
-2.549,-1.008
0.485,-0.461
-0.987,0.283
-3.068,-0.764
-3.089,-0.965
3.138,-0.621
2.916,-2.084
2.208,-0.12
1.228,-1.744
1.133,-1.456
0.984,-0.947
1.249,-3.316
-0.771,-2.84
-0.99,1.003
-2.755,0.579
-2.843,0.812
-3.071,0.739
-2.996,0.558
-2.097,0.723
-1.627,1.17
0.012,0.058
-0.067,0.891
-0.134,-0.683
-0.165,0.439
-0.173,-0.167
-0.114,0.747
-0.229,-0.73
-0.157,1.6
-0.229,2.138
-0.31,0.271
-0.318,1.127
-0.255,0.489
-0.319,0.915
-0.377,-1.189
-0.367,1.182
-0.416,-1.304
-0.492,-1.525
-0.493,1.464
-0.513,-0.108
-0.578,0.65
-0.547,-1.559
-0.555,0.589
-0.554,0.537
-0.569,1.974
-0.581,1.752
-0.585,0.229
-0.603,-0.017
-0.683,-0.772
-0.676,0.27
-0.676,-0.334
-0.615,0.192
-0.68,0.834
-0.72,1.353
-0.788,0.073
-0.743,-0.228
-0.842,-1.416
-0.864,-0.532
-0.864,-1.265
-0.803,2.191
-0.843,0.854
-0.92,1.824
-0.908,0.066
-0.946,2.312
-0.967,0.56
-0.914,0.034
-0.928,1.115
-1.016,1.863
-1.028,1.963
-1.063,-0.741
-0.988,-0.388
-1.065,-1.002
-1.014,0.673
-1.062,1.147
-1.088,0.769
-1.157,-1.357
-1.153,-1.566
-1.162,0.708
-1.209,1.201
-1.25,1.736
-1.186,0.5
-1.249,-0.949
-1.264,0.871
-1.358,2.188
-1.372,-0.228
-1.433,0.085
-1.494,0.049
-1.502,-0.436
-1.464,0.64
-1.532,0.321
-1.467,1.885
-1.509,1.564
-1.559,-1.508
-1.638,1.704
-1.702,-0.808
-1.693,0.387
-1.661,1.346
-1.728,-0.065
-1.879,2.254
-1.961,-0.679
-1.977,-1.47
-1.986,1.837
-1.999,-1.287
-2.082,-0.775
-2.178,0.41
-2.147,0.532
-2.238,0.351
-2.208,2.146
-2.265,0.648
-2.337,-0.118
-2.347,1.433
-2.361,-0.201
-2.435,1.538
-2.383,1.137
-2.466,0.936
-2.485,-0.168
-2.497,0.561
-2.46,0.046
-2.498,-0.114
-2.515,-0.328
-2.573,-0.712
-2.561,1.701
-2.598,0.431
-2.588,0.905
-2.618,-1.605
-2.636,0.641
-2.741,0.455
-2.775,0.771
-2.759,1.064
-2.823,0.054
-2.959,-1.418
-3.028,-0.508
-3.065,-0.315
-3.005,-0.137
-3.027,-0.406
-3.094,-1.527
-3.121,0.834
-3.126,0.942
3.078,0.056
3.108,0.739
3.03,2.109
3.084,0.195
3.104,1.206
3.025,0.515
3.064,-1.627
3.019,-0.139
3.077,-1.203
3.038,-0.299
2.927,-0.501
2.92,-0.119
2.852,-0.172
2.905,-0.591
2.878,0.032
2.825,0.396
2.857,-0.198
2.874,0.43
2.856,-1.486
2.841,-0.48
2.813,1.019
2.813,0.09
2.815,0.58
2.778,1.066
2.774,2.064
2.745,-1.565
2.049,-1.682
2.001,-1.619
1.117,-1.76
0.766,-1.721
0.085,-1.853
0.102,-1.714
-0.418,-1.956
-0.428,-1.7
-0.458,-1.751
-1.544,-1.948
-2.085,-1.709
-2.282,-1.929
-2.844,-1.782
3.031,-2.084
2.664,2.68
2.625,2.572
2.442,2.405
2.003,2.459
2.013,2.725
1.564,2.768
1.176,2.61
0.939,2.39
0.95,2.688
0.341,2.636
0.222,2.525
0.097,2.446
0.002,2.403
-0.527,2.573
-0.82,2.476
-1.031,2.633
-1.275,2.794
-1.356,2.506
-2.106,2.817
-2.347,2.366
-2.628,2.502
-3.05,2.528
3.125,2.578
3.136,2.456
2.766,2.685
2.46,2.308
2.154,-0.32
2.062,-1.083
1.392,0.841
1.409,-1.463
0.966,-0.475
-0.5,-1.31
-0.981,0.687
-1.814,1.996
-2.108,1.272
-2.564,-0.597
-3.037,-0.936
-1.576,-1.864
-1.634,2.575
2.8,2.342
2.776,0.145
2.629,-0.173
2.709,-0.312
2.641,2.247
2.528,-0.486
2.399,1.844
2.52,-1.429
2.447,1.465
2.425,0.012
2.423,1.353
2.362,0.981
2.27,1.456
2.159,1.298
2.25,0.183
2.051,2.147
2.008,0.049
1.948,-0.731
1.927,1.364
1.777,-1.65
1.717,0.405
1.812,0.255
1.702,-1.375
1.591,0.789
1.596,0.4
1.282,1.037
1.395,2.035
1.273,0.306
1.253,2.234
1.194,2.144
1.088,-0.025
1.02,0.959
1.003,0.154
0.769,2.285
0.789,-1.535
0.775,-1.329
0.548,2.034
0.638,-1.075
0.44,-1.451
0.28,0.52
0.283,-0.265
0.343,-0.484
0.331,-1.633
0.282,1.171
0.254,-0.533
0.109,-0.12
0.111,2.16
0.156,-0.581
-0.295,-1.131
-0.166,-0.563
-0.271,0.651
-0.267,-0.344
-0.393,-1.283
-0.3,1.873
-0.383,-0.102
-0.422,1.7
-0.601,0.332
-0.644,0.314
-0.644,2.168
-0.581,1.543
-0.732,-0.517
-0.737,-0.532
-0.604,-0.972
-0.761,0.185
-0.653,2.274
-0.667,1.133
-0.802,-1.178
-0.686,1.038
-0.703,1.21
-0.691,-0.577
-0.791,-0.426
-0.9,0.675
-0.97,1.44
-0.893,-1.621
-0.904,0.762
-1.026,2.321
-1.073,0.391
-0.962,-1.336
-1.04,0.194
-1.102,-0.086
-1.289,1.986
-1.254,-1.505
-1.285,1.699
-1.419,-1.039
-1.322,-0.34
-1.434,1.101
-1.361,-1.322
-1.534,0.68
-1.574,-1.462
-1.456,1.169
-1.592,-1.414
-1.654,-1.39
-1.79,0.72
-1.678,-0.249
-1.801,-1.513
-1.754,-1.665
-1.758,-1.388
-1.796,-0.313
-1.96,1.281
-2.131,1.975
-2.242,0.078
-2.26,-0.198
-2.266,-0.154
-2.264,0.79
-2.27,0.737
-2.292,0.672
-2.399,0.504
-2.431,-0.897
-2.466,0.596
-2.529,-0.985
-2.571,-0.188
-2.629,0.313
-2.94,-0.356
-2.835,-0.321
-3.106,-0.243
-2.984,0.091
-3.035,-0.528
3.125,-1.518
2.932,2.138
3.056,0.365
2.908,0.589
2.898,-1.346
2.98,1.805
2.813,-0.819
2.81,1.246
2.797,1.85
2.7,0.413
2.791,0.006
2.503,-1.871
2.033,-1.64
1.8,-1.922
1.485,-1.978
1.367,-1.927
0.957,-1.723
0.322,-1.99
-0.155,-1.934
-0.349,-1.785
-2.013,-1.599
-2.213,-1.886
-2.25,-1.995
-2.542,-1.828
-2.485,-1.803
2.695,-1.83
2.511,2.351
2.439,2.453
2.013,2.638
1.553,2.558
0.428,2.655
0.059,2.352
0.196,2.358
-0.162,2.395
-0.039,2.476
-0.274,2.693
-0.441,2.666
-0.563,2.393
-0.953,2.511
-1.098,2.428
-0.983,2.791
-0.976,2.509
-1.46,2.672
-1.792,2.82
-2.055,2.743
-2.487,2.603
-2.946,2.572
-3.052,2.618
-3.091,2.58
-0.235,0.211
-0.683,-0.387
-1.916,-1.554
-2.178,-0.236
-2.513,0.449
0.521,0.996
-0.951,1.74
-3.032,0.693
-3.053,0.492
-3.109,0.836
2.952,-0.627
2.244,1.337
1.264,-0.287
1.169,0.001
1.02,0.51
1.285,-1.859
-0.735,-1.383
-0.954,2.46
-2.719,2.036
-2.807,2.269
-3.035,2.196
-2.96,2.015
-2.061,2.18
-1.591,2.627
-0.079,0.833
-0.146,-0.741
-0.177,0.381
-0.185,-0.225
-0.126,0.689
-0.241,-0.788
-0.169,1.542
-0.241,2.08
-0.322,0.213
-0.33,1.069
-0.267,0.431
-0.331,0.857
-0.389,-1.247
-0.379,1.124
-0.428,-1.362
-0.504,-1.583
-0.505,1.406
-0.525,-0.166
-0.59,0.592
-0.559,-1.617
-0.567,0.531
-0.566,0.479
-0.581,1.916
-0.593,1.694
-0.597,0.171
-0.615,-0.075
-0.695,-0.83
-0.688,0.212
-0.688,-0.392
-0.627,0.134
-0.692,0.776
-0.732,1.295
-0.8,0.015
-0.755,-0.286
-0.854,-1.474
-0.876,-0.59
-0.876,-1.323
-0.815,2.133
-0.855,0.796
-0.932,1.766
-0.92,0.008
-0.958,2.254
-0.979,0.502
-0.926,-0.024
-0.94,1.057
-1.028,1.805
-1.04,1.905
-1.075,-0.799
-1.0,-0.446
-1.077,-1.06
-1.026,0.615
-1.074,1.089
-1.1,0.711
-1.169,-1.415
-1.165,-1.624
-1.174,0.65
-1.221,1.143
-1.262,1.678
-1.198,0.442
-1.261,-1.007
-1.276,0.813
-1.37,2.13
-1.384,-0.286
-1.445,0.027
-1.506,-0.009
-1.514,-0.494
-1.476,0.582
-1.544,0.263
-1.479,1.827
-1.521,1.506
-1.571,-1.566
-1.65,1.646
-1.714,-0.866
-1.705,0.329
-1.673,1.288
-1.74,-0.123
-1.891,2.196
-1.973,-0.737
-1.989,-1.528
-1.998,1.779
-2.011,-1.345
-2.094,-0.833
-2.19,0.352
-2.159,0.474
-2.25,0.293
-2.22,2.088
-2.277,0.59
-2.349,-0.176
-2.359,1.375
-2.373,-0.259
-2.447,1.48
-2.395,1.079
-2.478,0.878
-2.497,-0.226
-2.509,0.503
-2.472,-0.012
-2.51,-0.172
-2.527,-0.386
-2.585,-0.77
-2.573,1.643
-2.61,0.373
-2.6,0.847
-2.63,-1.663
-2.648,0.583
-2.753,0.397
-2.787,0.713
-2.771,1.006
-2.835,-0.004
-2.971,-1.476
-3.04,-0.566
-3.077,-0.373
-3.017,-0.195
-3.039,-0.464
-3.106,-1.585
-3.133,0.776
-3.138,0.884
3.066,-0.002
3.096,0.681
3.018,2.051
3.072,0.137
3.092,1.148
3.013,0.457
3.052,-1.685
3.007,-0.197
3.065,-1.261
3.026,-0.357
2.915,-0.559
2.908,-0.177
2.84,-0.23
2.893,-0.649
2.866,-0.026
2.813,0.338
2.845,-0.256
2.862,0.372
2.844,-1.544
2.829,-0.538
2.801,0.961
2.801,0.032
2.803,0.522
2.766,1.008
2.762,2.006
2.733,-1.623
2.037,-1.74
1.989,-1.677
1.105,-1.818
0.754,-1.779
0.073,-1.911
0.09,-1.772
-0.43,-2.014
-0.44,-1.758
-0.47,-1.809
-1.556,-2.006
-2.097,-1.767
-2.294,-1.987
-2.856,-1.84
3.019,-2.142
2.652,2.622
2.613,2.514
2.43,2.347
1.991,2.401
2.001,2.667
1.552,2.71
1.164,2.552
0.927,2.332
0.938,2.63
0.329,2.578
0.21,2.467
0.085,2.388
-0.01,2.345
-0.539,2.515
-0.832,2.418
-1.043,2.575
-1.287,2.736
-1.368,2.448
-2.118,2.759
-2.359,2.308
-2.64,2.444
-3.062,2.47
3.113,2.52
3.124,2.398
2.754,2.627
2.448,2.25
2.142,-0.378
2.05,-1.141
1.38,0.783
1.397,-1.521
0.954,-0.533
-0.512,-1.368
-0.993,0.629
-1.826,1.938
-2.12,1.214
-2.576,-0.655
-3.049,-0.994
-1.588,-1.922
-1.646,2.517
2.788,2.284
2.764,0.087
2.617,-0.231
2.697,-0.37
2.629,2.189
2.516,-0.544
2.387,1.786
2.508,-1.487
2.435,1.407
2.413,-0.046
2.411,1.295
2.35,0.923
2.258,1.398
2.147,1.24
2.238,0.125
2.039,2.089
1.996,-0.009
1.936,-0.789
1.915,1.306
1.765,-1.708
1.705,0.347
1.8,0.197
1.69,-1.433
1.579,0.731
1.584,0.342
1.27,0.979
1.383,1.977
1.261,0.248
1.241,2.176
1.182,2.086
1.076,-0.083
1.008,0.901
0.991,0.096
0.757,2.227
0.777,-1.593
0.763,-1.387
0.536,1.976
0.626,-1.133
0.428,-1.509
0.268,0.462
0.271,-0.323
0.331,-0.542
0.319,-1.691
0.27,1.113
0.242,-0.591
0.097,-0.178
0.099,2.102
0.144,-0.639
-0.307,-1.189
-0.178,-0.621
-0.283,0.593
-0.279,-0.402
-0.405,-1.341
-0.312,1.815
-0.395,-0.16
-0.434,1.642
-0.613,0.274
-0.656,0.256
-0.656,2.11
-0.593,1.485
-0.744,-0.575
-0.749,-0.59
-0.616,-1.03
-0.773,0.127
-0.665,2.216
-0.679,1.075
-0.814,-1.236
-0.698,0.98
-0.715,1.152
-0.703,-0.635
-0.803,-0.484
-0.912,0.617
-0.982,1.382
-0.905,-1.679
-0.916,0.704
-1.038,2.263
-1.085,0.333
-0.974,-1.394
-1.052,0.136
-1.114,-0.144
-1.301,1.928
-1.266,-1.563
-1.297,1.641
-1.431,-1.097
-1.334,-0.398
-1.446,1.043
-1.373,-1.38
-1.546,0.622
-1.586,-1.52
-1.468,1.111
-1.604,-1.472
-1.666,-1.448
-1.802,0.662
-1.69,-0.307
-1.813,-1.571
-1.766,-1.723
-1.77,-1.446
-1.808,-0.371
-1.972,1.223
-2.143,1.917
-2.254,0.02
-2.272,-0.256
-2.278,-0.212
-2.276,0.732
-2.282,0.679
-2.304,0.614
-2.411,0.446
-2.443,-0.955
-2.478,0.538
-2.541,-1.043
-2.583,-0.246
-2.641,0.255
-2.952,-0.414
-2.847,-0.379
-3.118,-0.301
-2.996,0.033
-3.047,-0.586
3.113,-1.576
2.92,2.08
3.044,0.307
2.896,0.531
2.886,-1.404
2.968,1.747
2.801,-0.877
2.798,1.188
2.785,1.792
2.688,0.355
2.779,-0.052
2.491,-1.929
2.021,-1.698
1.788,-1.98
1.473,-2.036
1.355,-1.985
0.945,-1.781
0.31,-2.048
-0.167,-1.992
-0.361,-1.843
-2.025,-1.657
-2.225,-1.944
-2.262,-2.053
-2.554,-1.886
-2.497,-1.861
2.683,-1.888
2.499,2.293
2.427,2.395
2.001,2.58
1.541,2.5
0.416,2.597
0.047,2.294
0.184,2.3
-0.174,2.337
-0.051,2.418
-0.286,2.635
-0.453,2.608
-0.575,2.335
-0.965,2.453
-1.11,2.37
-0.995,2.733
-0.988,2.451
-1.472,2.614
-1.804,2.762
-2.067,2.685
-2.499,2.545
-2.958,2.514
-3.064,2.56
-3.103,2.522
-0.247,0.153
-0.695,-0.445
-1.928,-1.612
-2.19,-0.294
-2.525,0.391
0.509,0.938
-0.963,1.682
-3.044,0.635
-3.065,0.434
-3.121,0.778
2.94,-0.685
2.232,1.279
1.252,-0.345
1.157,-0.057
1.008,0.452
1.273,-1.917
-0.747,-1.441
-0.966,2.402
-2.731,1.978
-2.819,2.211
-3.047,2.138
-2.972,1.957
-2.073,2.122
-1.603,2.569
-0.067,-1.574
-0.098,-0.452
-0.106,-1.058
-0.047,-0.144
-0.162,-1.621
-0.09,0.709
-0.162,1.247
-0.243,-0.62
-0.251,0.236
-0.188,-0.402
-0.252,0.024
-0.31,-2.08
-0.3,0.291
-0.349,-2.195
-0.425,-2.416
-0.426,0.573
-0.446,-0.999
-0.511,-0.241
-0.48,-2.45
-0.488,-0.302
-0.487,-0.354
-0.502,1.083
-0.514,0.861
-0.518,-0.662
-0.536,-0.908
-0.616,-1.663
-0.609,-0.621
-0.609,-1.225
-0.548,-0.699
-0.613,-0.057
-0.653,0.462
-0.721,-0.818
-0.676,-1.119
-0.775,-2.307
-0.797,-1.423
-0.797,-2.156
-0.736,1.3
-0.776,-0.037
-0.853,0.933
-0.841,-0.825
-0.879,1.421
-0.9,-0.331
-0.847,-0.857
-0.861,0.224
-0.949,0.972
-0.961,1.072
-0.996,-1.632
-0.921,-1.279
-0.998,-1.893
-0.947,-0.218
-0.995,0.256
-1.021,-0.122
-1.09,-2.248
-1.086,-2.457
-1.095,-0.183
-1.142,0.31
-1.183,0.845
-1.119,-0.391
-1.182,-1.84
-1.197,-0.02
-1.291,1.297
-1.305,-1.119
-1.366,-0.806
-1.427,-0.842
-1.435,-1.327
-1.397,-0.251
-1.465,-0.57
-1.4,0.994
-1.442,0.673
-1.492,-2.399
-1.571,0.813
-1.635,-1.699
-1.626,-0.504
-1.594,0.455
-1.661,-0.956
-1.812,1.363
-1.894,-1.57
-1.91,-2.361
-1.919,0.946
-1.932,-2.178
-2.015,-1.666
-2.111,-0.481
-2.08,-0.359
-2.171,-0.54
-2.141,1.255
-2.198,-0.243
-2.27,-1.009
-2.28,0.542
-2.294,-1.092
-2.368,0.647
-2.316,0.246
-2.399,0.045
-2.418,-1.059
-2.43,-0.33
-2.393,-0.845
-2.431,-1.005
-2.448,-1.219
-2.506,-1.603
-2.494,0.81
-2.531,-0.46
-2.521,0.014
-2.551,-2.496
-2.569,-0.25
-2.674,-0.436
-2.708,-0.12
-2.692,0.173
-2.756,-0.837
-2.892,-2.309
-2.961,-1.399
-2.998,-1.206
-2.938,-1.028
-2.96,-1.297
-3.027,-2.418
-3.054,-0.057
-3.059,0.051
-3.138,-0.835
-3.108,-0.152
3.097,1.218
-3.132,-0.696
-3.112,0.315
3.092,-0.376
3.131,-2.518
3.086,-1.03
-3.139,-2.094
3.105,-1.19
2.994,-1.392
2.987,-1.01
2.919,-1.063
2.972,-1.482
2.945,-0.859
2.892,-0.495
2.924,-1.089
2.941,-0.461
2.923,-2.377
2.908,-1.371
2.88,0.128
2.88,-0.801
2.882,-0.311
2.845,0.175
2.841,1.173
2.812,-2.456
2.116,-2.573
2.068,-2.51
1.184,-2.651
0.833,-2.612
0.152,-2.744
0.169,-2.605
-0.351,-2.847
-0.361,-2.591
-0.391,-2.642
-1.477,-2.839
-2.018,-2.6
-2.215,-2.82
-2.777,-2.673
3.098,-2.975
2.731,1.789
2.692,1.681
2.509,1.514
2.07,1.568
2.08,1.834
1.631,1.877
1.243,1.719
1.006,1.499
1.017,1.797
0.408,1.745
0.289,1.634
0.164,1.555
0.069,1.512
-0.46,1.682
-0.753,1.585
-0.964,1.742
-1.208,1.903
-1.289,1.615
-2.039,1.926
-2.28,1.475
-2.561,1.611
-2.983,1.637
-3.091,1.687
-3.08,1.565
2.833,1.794
2.527,1.417
2.221,-1.211
2.129,-1.974
1.459,-0.05
1.476,-2.354
1.033,-1.366
-0.433,-2.201
-0.914,-0.204
-1.747,1.105
-2.041,0.381
-2.497,-1.488
-2.97,-1.827
-1.509,-2.755
-1.567,1.684
2.867,1.451
2.843,-0.746
2.696,-1.064
2.776,-1.203
2.708,1.356
2.595,-1.377
2.466,0.953
2.587,-2.32
2.514,0.574
2.492,-0.879
2.49,0.462
2.429,0.09
2.337,0.565
2.226,0.407
2.317,-0.708
2.118,1.256
2.075,-0.842
2.015,-1.622
1.994,0.473
1.844,-2.541
1.784,-0.486
1.879,-0.636
1.769,-2.266
1.658,-0.102
1.663,-0.491
1.349,0.146
1.462,1.144
1.34,-0.585
1.32,1.343
1.261,1.253
1.155,-0.916
1.087,0.068
1.07,-0.737
0.836,1.394
0.856,-2.426
0.842,-2.22
0.615,1.143
0.705,-1.966
0.507,-2.342
0.347,-0.371
0.35,-1.156
0.41,-1.375
0.398,-2.524
0.349,0.28
0.321,-1.424
0.176,-1.011
0.178,1.269
0.223,-1.472
-0.228,-2.022
-0.099,-1.454
-0.204,-0.24
-0.2,-1.235
-0.326,-2.174
-0.233,0.982
-0.316,-0.993
-0.355,0.809
-0.534,-0.559
-0.577,-0.577
-0.577,1.277
-0.514,0.652
-0.665,-1.408
-0.67,-1.423
-0.537,-1.863
-0.694,-0.706
-0.586,1.383
-0.6,0.242
-0.735,-2.069
-0.619,0.147
-0.636,0.319
-0.624,-1.468
-0.724,-1.317
-0.833,-0.216
-0.903,0.549
-0.826,-2.512
-0.837,-0.129
-0.959,1.43
-1.006,-0.5
-0.895,-2.227
-0.973,-0.697
-1.035,-0.977
-1.222,1.095
-1.187,-2.396
-1.218,0.808
-1.352,-1.93
-1.255,-1.231
-1.367,0.21
-1.294,-2.213
-1.467,-0.211
-1.507,-2.353
-1.389,0.278
-1.525,-2.305
-1.587,-2.281
-1.723,-0.171
-1.611,-1.14
-1.734,-2.404
-1.687,-2.556
-1.691,-2.279
-1.729,-1.204
-1.893,0.39
-2.064,1.084
-2.175,-0.813
-2.193,-1.089
-2.199,-1.045
-2.197,-0.101
-2.203,-0.154
-2.225,-0.219
-2.332,-0.387
-2.364,-1.788
-2.399,-0.295
-2.462,-1.876
-2.504,-1.079
-2.562,-0.578
-2.873,-1.247
-2.768,-1.212
-3.039,-1.134
-2.917,-0.8
-2.968,-1.419
-3.091,-2.409
2.999,1.247
3.123,-0.526
2.975,-0.302
2.965,-2.237
3.047,0.914
2.88,-1.71
2.877,0.355
2.864,0.959
2.767,-0.478
2.858,-0.885
2.57,-2.762
2.1,-2.531
1.867,-2.813
1.552,-2.869
1.434,-2.818
1.024,-2.614
0.389,-2.881
-0.088,-2.825
-0.282,-2.676
-1.946,-2.49
-2.146,-2.777
-2.183,-2.886
-2.475,-2.719
-2.418,-2.694
2.762,-2.721
2.578,1.46
2.506,1.562
2.08,1.747
1.62,1.667
0.495,1.764
0.126,1.461
0.263,1.467
-0.095,1.504
0.028,1.585
-0.207,1.802
-0.374,1.775
-0.496,1.502
-0.886,1.62
-1.031,1.537
-0.916,1.9
-0.909,1.618
-1.393,1.781
-1.725,1.929
-1.988,1.852
-2.42,1.712
-2.879,1.681
-2.985,1.727
-3.024,1.689
-0.168,-0.68
-0.616,-1.278
-1.849,-2.445
-2.111,-1.127
-2.446,-0.442
0.588,0.105
-0.884,0.849
-2.965,-0.198
-2.986,-0.399
-3.042,-0.055
3.019,-1.518
2.311,0.446
1.331,-1.178
1.236,-0.89
1.087,-0.381
1.352,-2.75
-0.668,-2.274
-0.887,1.569
-2.652,1.145
-2.74,1.378
-2.968,1.305
-2.893,1.124
-1.994,1.289
-1.524,1.736
-0.031,1.122
-0.039,0.516
0.02,1.43
-0.095,-0.047
-0.023,2.283
-0.095,2.821
-0.176,0.954
-0.184,1.81
-0.121,1.172
-0.185,1.598
-0.243,-0.506
-0.233,1.865
-0.282,-0.621
-0.358,-0.842
-0.359,2.147
-0.379,0.575
-0.444,1.333
-0.413,-0.876
-0.421,1.272
-0.42,1.22
-0.435,2.657
-0.447,2.435
-0.451,0.912
-0.469,0.666
-0.549,-0.089
-0.542,0.953
-0.542,0.349
-0.481,0.875
-0.546,1.517
-0.586,2.036
-0.654,0.756
-0.609,0.455
-0.708,-0.733
-0.73,0.151
-0.73,-0.582
-0.669,2.874
-0.709,1.537
-0.786,2.507
-0.774,0.749
-0.812,2.995
-0.833,1.243
-0.78,0.717
-0.794,1.798
-0.882,2.546
-0.894,2.646
-0.929,-0.058
-0.854,0.295
-0.931,-0.319
-0.88,1.356
-0.928,1.83
-0.954,1.452
-1.023,-0.674
-1.019,-0.883
-1.028,1.391
-1.075,1.884
-1.116,2.419
-1.052,1.183
-1.115,-0.266
-1.13,1.554
-1.224,2.871
-1.238,0.455
-1.299,0.768
-1.36,0.732
-1.368,0.247
-1.33,1.323
-1.398,1.004
-1.333,2.568
-1.375,2.247
-1.425,-0.825
-1.504,2.387
-1.568,-0.125
-1.559,1.07
-1.527,2.029
-1.594,0.618
-1.745,2.937
-1.827,0.004
-1.843,-0.787
-1.852,2.52
-1.865,-0.604
-1.948,-0.092
-2.044,1.093
-2.013,1.215
-2.104,1.034
-2.074,2.829
-2.131,1.331
-2.203,0.565
-2.213,2.116
-2.227,0.482
-2.301,2.221
-2.249,1.82
-2.332,1.619
-2.351,0.515
-2.363,1.244
-2.326,0.729
-2.364,0.569
-2.381,0.355
-2.439,-0.029
-2.427,2.384
-2.464,1.114
-2.454,1.588
-2.484,-0.922
-2.502,1.324
-2.607,1.138
-2.641,1.454
-2.625,1.747
-2.689,0.737
-2.825,-0.735
-2.894,0.175
-2.931,0.368
-2.871,0.546
-2.893,0.277
-2.96,-0.844
-2.987,1.517
-2.992,1.625
-3.071,0.739
-3.041,1.422
-3.119,2.792
-3.065,0.878
-3.045,1.889
-3.124,1.198
-3.085,-0.944
-3.13,0.544
-3.072,-0.52
-3.111,0.384
3.061,0.182
3.054,0.564
2.986,0.511
3.039,0.092
3.012,0.715
2.959,1.079
2.991,0.485
3.008,1.113
2.99,-0.803
2.975,0.203
2.947,1.702
2.947,0.773
2.949,1.263
2.912,1.749
2.908,2.747
2.879,-0.882
2.183,-0.999
2.135,-0.936
1.251,-1.077
0.9,-1.038
0.219,-1.17
0.236,-1.031
-0.284,-1.273
-0.294,-1.017
-0.324,-1.068
-1.41,-1.265
-1.951,-1.026
-2.148,-1.246
-2.71,-1.099
-3.118,-1.401
2.798,3.363
2.759,3.255
2.576,3.088
2.137,3.142
2.147,3.408
1.698,3.451
1.31,3.293
1.073,3.073
1.084,3.371
0.475,3.319
0.356,3.208
0.231,3.129
0.136,3.086
-0.393,3.256
-0.686,3.159
-0.897,3.316
-1.141,3.477
-1.222,3.189
-1.972,3.5
-2.213,3.049
-2.494,3.185
-2.916,3.211
-3.024,3.261
-3.013,3.139
2.9,3.368
2.594,2.991
2.288,0.363
2.196,-0.4
1.526,1.524
1.543,-0.78
1.1,0.208
-0.366,-0.627
-0.847,1.37
-1.68,2.679
-1.974,1.955
-2.43,0.086
-2.903,-0.253
-1.442,-1.181
-1.5,3.258
2.934,3.025
2.91,0.828
2.763,0.51
2.843,0.371
2.775,2.93
2.662,0.197
2.533,2.527
2.654,-0.746
2.581,2.148
2.559,0.695
2.557,2.036
2.496,1.664
2.404,2.139
2.293,1.981
2.384,0.866
2.185,2.83
2.142,0.732
2.082,-0.048
2.061,2.047
1.911,-0.967
1.851,1.088
1.946,0.938
1.836,-0.692
1.725,1.472
1.73,1.083
1.416,1.72
1.529,2.718
1.407,0.989
1.387,2.917
1.328,2.827
1.222,0.658
1.154,1.642
1.137,0.837
0.903,2.968
0.923,-0.852
0.909,-0.646
0.682,2.717
0.772,-0.392
0.574,-0.768
0.414,1.203
0.417,0.418
0.477,0.199
0.465,-0.95
0.416,1.854
0.388,0.15
0.243,0.563
0.245,2.843
0.29,0.102
-0.161,-0.448
-0.032,0.12
-0.137,1.334
-0.133,0.339
-0.259,-0.6
-0.166,2.556
-0.249,0.581
-0.288,2.383
-0.467,1.015
-0.51,0.997
-0.51,2.851
-0.447,2.226
-0.598,0.166
-0.603,0.151
-0.47,-0.289
-0.627,0.868
-0.519,2.957
-0.533,1.816
-0.668,-0.495
-0.552,1.721
-0.569,1.893
-0.557,0.106
-0.657,0.257
-0.766,1.358
-0.836,2.123
-0.759,-0.938
-0.77,1.445
-0.892,3.004
-0.939,1.074
-0.828,-0.653
-0.906,0.877
-0.968,0.597
-1.155,2.669
-1.12,-0.822
-1.151,2.382
-1.285,-0.356
-1.188,0.343
-1.3,1.784
-1.227,-0.639
-1.4,1.363
-1.44,-0.779
-1.322,1.852
-1.458,-0.731
-1.52,-0.707
-1.656,1.403
-1.544,0.434
-1.667,-0.83
-1.62,-0.982
-1.624,-0.705
-1.662,0.37
-1.826,1.964
-1.997,2.658
-2.108,0.761
-2.126,0.485
-2.132,0.529
-2.13,1.473
-2.136,1.42
-2.158,1.355
-2.265,1.187
-2.297,-0.214
-2.332,1.279
-2.395,-0.302
-2.437,0.495
-2.495,0.996
-2.806,0.327
-2.701,0.362
-2.972,0.44
-2.85,0.774
-2.901,0.155
-3.024,-0.835
3.066,2.821
-3.093,1.048
3.042,1.272
3.032,-0.663
3.114,2.488
2.947,-0.136
2.944,1.929
2.931,2.533
2.834,1.096
2.925,0.689
2.637,-1.188
2.167,-0.957
1.934,-1.239
1.619,-1.295
1.501,-1.244
1.091,-1.04
0.456,-1.307
-0.021,-1.251
-0.215,-1.102
-1.879,-0.916
-2.079,-1.203
-2.116,-1.312
-2.408,-1.145
-2.351,-1.12
2.829,-1.147
2.645,3.034
2.573,3.136
2.147,3.321
1.687,3.241
0.562,3.338
0.193,3.035
0.33,3.041
-0.028,3.078
0.095,3.159
-0.14,3.376
-0.307,3.349
-0.429,3.076
-0.819,3.194
-0.964,3.111
-0.849,3.474
-0.842,3.192
-1.326,3.355
-1.658,3.503
-1.921,3.426
-2.353,3.286
-2.812,3.255
-2.918,3.301
-2.957,3.263
-0.101,0.894
-0.549,0.296
-1.782,-0.871
-2.044,0.447
-2.379,1.132
0.655,1.679
-0.817,2.423
-2.898,1.376
-2.919,1.175
-2.975,1.519
3.086,0.056
2.378,2.02
1.398,0.396
1.303,0.684
1.154,1.193
1.419,-1.176
-0.601,-0.7
-0.82,3.143
-2.585,2.719
-2.673,2.952
-2.901,2.879
-2.826,2.698
-1.927,2.863
-1.457,3.31
-0.008,-0.606
0.051,0.308
-0.064,-1.169
0.008,1.161
-0.064,1.699
-0.145,-0.168
-0.153,0.688
-0.09,0.05
-0.154,0.476
-0.212,-1.628
-0.202,0.743
-0.251,-1.743
-0.327,-1.964
-0.328,1.025
-0.348,-0.547
-0.413,0.211
-0.382,-1.998
-0.39,0.15
-0.389,0.098
-0.404,1.535
-0.416,1.313
-0.42,-0.21
-0.438,-0.456
-0.518,-1.211
-0.511,-0.169
-0.511,-0.773
-0.45,-0.247
-0.515,0.395
-0.555,0.914
-0.623,-0.366
-0.578,-0.667
-0.677,-1.855
-0.699,-0.971
-0.699,-1.704
-0.638,1.752
-0.678,0.415
-0.755,1.385
-0.743,-0.373
-0.781,1.873
-0.802,0.121
-0.749,-0.405
-0.763,0.676
-0.851,1.424
-0.863,1.524
-0.898,-1.18
-0.823,-0.827
-0.9,-1.441
-0.849,0.234
-0.897,0.708
-0.923,0.33
-0.992,-1.796
-0.988,-2.005
-0.997,0.269
-1.044,0.762
-1.085,1.297
-1.021,0.061
-1.084,-1.388
-1.099,0.432
-1.193,1.749
-1.207,-0.667
-1.268,-0.354
-1.329,-0.39
-1.337,-0.875
-1.299,0.201
-1.367,-0.118
-1.302,1.446
-1.344,1.125
-1.394,-1.947
-1.473,1.265
-1.537,-1.247
-1.528,-0.052
-1.496,0.907
-1.563,-0.504
-1.714,1.815
-1.796,-1.118
-1.812,-1.909
-1.821,1.398
-1.834,-1.726
-1.917,-1.214
-2.013,-0.029
-1.982,0.093
-2.073,-0.088
-2.043,1.707
-2.1,0.209
-2.172,-0.557
-2.182,0.994
-2.196,-0.64
-2.27,1.099
-2.218,0.698
-2.301,0.497
-2.32,-0.607
-2.332,0.122
-2.295,-0.393
-2.333,-0.553
-2.35,-0.767
-2.408,-1.151
-2.396,1.262
-2.433,-0.008
-2.423,0.466
-2.453,-2.044
-2.471,0.202
-2.576,0.016
-2.61,0.332
-2.594,0.625
-2.658,-0.385
-2.794,-1.857
-2.863,-0.947
-2.9,-0.754
-2.84,-0.576
-2.862,-0.845
-2.929,-1.966
-2.956,0.395
-2.961,0.503
-3.04,-0.383
-3.01,0.3
-3.088,1.67
-3.034,-0.244
-3.014,0.767
-3.093,0.076
-3.054,-2.066
-3.099,-0.578
-3.041,-1.642
-3.08,-0.738
3.092,-0.94
3.085,-0.558
3.017,-0.611
3.07,-1.03
3.043,-0.407
2.99,-0.043
3.022,-0.637
3.039,-0.009
3.021,-1.925
3.006,-0.919
2.978,0.58
2.978,-0.349
2.98,0.141
2.943,0.627
2.939,1.625
2.91,-2.004
2.214,-2.121
2.166,-2.058
1.282,-2.199
0.931,-2.16
0.25,-2.292
0.267,-2.153
-0.253,-2.395
-0.263,-2.139
-0.293,-2.19
-1.379,-2.387
-1.92,-2.148
-2.117,-2.368
-2.679,-2.221
-3.087,-2.523
2.829,2.241
2.79,2.133
2.607,1.966
2.168,2.02
2.178,2.286
1.729,2.329
1.341,2.171
1.104,1.951
1.115,2.249
0.506,2.197
0.387,2.086
0.262,2.007
0.167,1.964
-0.362,2.134
-0.655,2.037
-0.866,2.194
-1.11,2.355
-1.191,2.067
-1.941,2.378
-2.182,1.927
-2.463,2.063
-2.885,2.089
-2.993,2.139
-2.982,2.017
2.931,2.246
2.625,1.869
2.319,-0.759
2.227,-1.522
1.557,0.402
1.574,-1.902
1.131,-0.914
-0.335,-1.749
-0.816,0.248
-1.649,1.557
-1.943,0.833
-2.399,-1.036
-2.872,-1.375
-1.411,-2.303
-1.469,2.136
2.965,1.903
2.941,-0.294
2.794,-0.612
2.874,-0.751
2.806,1.808
2.693,-0.925
2.564,1.405
2.685,-1.868
2.612,1.026
2.59,-0.427
2.588,0.914
2.527,0.542
2.435,1.017
2.324,0.859
2.415,-0.256
2.216,1.708
2.173,-0.39
2.113,-1.17
2.092,0.925
1.942,-2.089
1.882,-0.034
1.977,-0.184
1.867,-1.814
1.756,0.35
1.761,-0.039
1.447,0.598
1.56,1.596
1.438,-0.133
1.418,1.795
1.359,1.705
1.253,-0.464
1.185,0.52
1.168,-0.285
0.934,1.846
0.954,-1.974
0.94,-1.768
0.713,1.595
0.803,-1.514
0.605,-1.89
0.445,0.081
0.448,-0.704
0.508,-0.923
0.496,-2.072
0.447,0.732
0.419,-0.972
0.274,-0.559
0.276,1.721
0.321,-1.02
-0.13,-1.57
-0.001,-1.002
-0.106,0.212
-0.102,-0.783
-0.228,-1.722
-0.135,1.434
-0.218,-0.541
-0.257,1.261
-0.436,-0.107
-0.479,-0.125
-0.479,1.729
-0.416,1.104
-0.567,-0.956
-0.572,-0.971
-0.439,-1.411
-0.596,-0.254
-0.488,1.835
-0.502,0.694
-0.637,-1.617
-0.521,0.599
-0.538,0.771
-0.526,-1.016
-0.626,-0.865
-0.735,0.236
-0.805,1.001
-0.728,-2.06
-0.739,0.323
-0.861,1.882
-0.908,-0.048
-0.797,-1.775
-0.875,-0.245
-0.937,-0.525
-1.124,1.547
-1.089,-1.944
-1.12,1.26
-1.254,-1.478
-1.157,-0.779
-1.269,0.662
-1.196,-1.761
-1.369,0.241
-1.409,-1.901
-1.291,0.73
-1.427,-1.853
-1.489,-1.829
-1.625,0.281
-1.513,-0.688
-1.636,-1.952
-1.589,-2.104
-1.593,-1.827
-1.631,-0.752
-1.795,0.842
-1.966,1.536
-2.077,-0.361
-2.095,-0.637
-2.101,-0.593
-2.099,0.351
-2.105,0.298
-2.127,0.233
-2.234,0.065
-2.266,-1.336
-2.301,0.157
-2.364,-1.424
-2.406,-0.627
-2.464,-0.126
-2.775,-0.795
-2.67,-0.76
-2.941,-0.682
-2.819,-0.348
-2.87,-0.967
-2.993,-1.957
3.097,1.699
-3.062,-0.074
3.073,0.15
3.063,-1.785
-3.138,1.366
2.978,-1.258
2.975,0.807
2.962,1.411
2.865,-0.026
2.956,-0.433
2.668,-2.31
2.198,-2.079
1.965,-2.361
1.65,-2.417
1.532,-2.366
1.122,-2.162
0.487,-2.429
0.01,-2.373
-0.184,-2.224
-1.848,-2.038
-2.048,-2.325
-2.085,-2.434
-2.377,-2.267
-2.32,-2.242
2.86,-2.269
2.676,1.912
2.604,2.014
2.178,2.199
1.718,2.119
0.593,2.216
0.224,1.913
0.361,1.919
0.003,1.956
0.126,2.037
-0.109,2.254
-0.276,2.227
-0.398,1.954
-0.788,2.072
-0.933,1.989
-0.818,2.352
-0.811,2.07
-1.295,2.233
-1.627,2.381
-1.89,2.304
-2.322,2.164
-2.781,2.133
-2.887,2.179
-2.926,2.141
-0.07,-0.228
-0.518,-0.826
-1.751,-1.993
-2.013,-0.675
-2.348,0.01
0.686,0.557
-0.786,1.301
-2.867,0.254
-2.888,0.053
-2.944,0.397
3.117,-1.066
2.409,0.898
1.429,-0.726
1.334,-0.438
1.185,0.071
1.45,-2.298
-0.57,-1.822
-0.789,2.021
-2.554,1.597
-2.642,1.83
-2.87,1.757
-2.795,1.576
-1.896,1.741
-1.426,2.188
0.059,0.914
-0.056,-0.563
0.016,1.767
-0.056,2.305
-0.137,0.438
-0.145,1.294
-0.082,0.656
-0.146,1.082
-0.204,-1.022
-0.194,1.349
-0.243,-1.137
-0.319,-1.358
-0.32,1.631
-0.34,0.059
-0.405,0.817
-0.374,-1.392
-0.382,0.756
-0.381,0.704
-0.396,2.141
-0.408,1.919
-0.412,0.396
-0.43,0.15
-0.51,-0.605
-0.503,0.437
-0.503,-0.167
-0.442,0.359
-0.507,1.001
-0.547,1.52
-0.615,0.24
-0.57,-0.061
-0.669,-1.249
-0.691,-0.365
-0.691,-1.098
-0.63,2.358
-0.67,1.021
-0.747,1.991
-0.735,0.233
-0.773,2.479
-0.794,0.727
-0.741,0.201
-0.755,1.282
-0.843,2.03
-0.855,2.13
-0.89,-0.574
-0.815,-0.221
-0.892,-0.835
-0.841,0.84
-0.889,1.314
-0.915,0.936
-0.984,-1.19
-0.98,-1.399
-0.989,0.875
-1.036,1.368
-1.077,1.903
-1.013,0.667
-1.076,-0.782
-1.091,1.038
-1.185,2.355
-1.199,-0.061
-1.26,0.252
-1.321,0.216
-1.329,-0.269
-1.291,0.807
-1.359,0.488
-1.294,2.052
-1.336,1.731
-1.386,-1.341
-1.465,1.871
-1.529,-0.641
-1.52,0.554
-1.488,1.513
-1.555,0.102
-1.706,2.421
-1.788,-0.512
-1.804,-1.303
-1.813,2.004
-1.826,-1.12
-1.909,-0.608
-2.005,0.577
-1.974,0.699
-2.065,0.518
-2.035,2.313
-2.092,0.815
-2.164,0.049
-2.174,1.6
-2.188,-0.034
-2.262,1.705
-2.21,1.304
-2.293,1.103
-2.312,-0.001
-2.324,0.728
-2.287,0.213
-2.325,0.053
-2.342,-0.161
-2.4,-0.545
-2.388,1.868
-2.425,0.598
-2.415,1.072
-2.445,-1.438
-2.463,0.808
-2.568,0.622
-2.602,0.938
-2.586,1.231
-2.65,0.221
-2.786,-1.251
-2.855,-0.341
-2.892,-0.148
-2.832,0.03
-2.854,-0.239
-2.921,-1.36
-2.948,1.001
-2.953,1.109
-3.032,0.223
-3.002,0.906
-3.08,2.276
-3.026,0.362
-3.006,1.373
-3.085,0.682
-3.046,-1.46
-3.091,0.028
-3.033,-1.036
-3.072,-0.132
3.1,-0.334
3.093,0.048
3.025,-0.005
3.078,-0.424
3.051,0.199
2.998,0.563
3.03,-0.031
3.047,0.597
3.029,-1.319
3.014,-0.313
2.986,1.186
2.986,0.257
2.988,0.747
2.951,1.233
2.947,2.231
2.918,-1.398
2.222,-1.515
2.174,-1.452
1.29,-1.593
0.939,-1.554
0.258,-1.686
0.275,-1.547
-0.245,-1.789
-0.255,-1.533
-0.285,-1.584
-1.371,-1.781
-1.912,-1.542
-2.109,-1.762
-2.671,-1.615
-3.079,-1.917
2.837,2.847
2.798,2.739
2.615,2.572
2.176,2.626
2.186,2.892
1.737,2.935
1.349,2.777
1.112,2.557
1.123,2.855
0.514,2.803
0.395,2.692
0.27,2.613
0.175,2.57
-0.354,2.74
-0.647,2.643
-0.858,2.8
-1.102,2.961
-1.183,2.673
-1.933,2.984
-2.174,2.533
-2.455,2.669
-2.877,2.695
-2.985,2.745
-2.974,2.623
2.939,2.852
2.633,2.475
2.327,-0.153
2.235,-0.916
1.565,1.008
1.582,-1.296
1.139,-0.308
-0.327,-1.143
-0.808,0.854
-1.641,2.163
-1.935,1.439
-2.391,-0.43
-2.864,-0.769
-1.403,-1.697
-1.461,2.742
2.973,2.509
2.949,0.312
2.802,-0.006
2.882,-0.145
2.814,2.414
2.701,-0.319
2.572,2.011
2.693,-1.262
2.62,1.632
2.598,0.179
2.596,1.52
2.535,1.148
2.443,1.623
2.332,1.465
2.423,0.35
2.224,2.314
2.181,0.216
2.121,-0.564
2.1,1.531
1.95,-1.483
1.89,0.572
1.985,0.422
1.875,-1.208
1.764,0.956
1.769,0.567
1.455,1.204
1.568,2.202
1.446,0.473
1.426,2.401
1.367,2.311
1.261,0.142
1.193,1.126
1.176,0.321
0.942,2.452
0.962,-1.368
0.948,-1.162
0.721,2.201
0.811,-0.908
0.613,-1.284
0.453,0.687
0.456,-0.098
0.516,-0.317
0.504,-1.466
0.455,1.338
0.427,-0.366
0.282,0.047
0.284,2.327
0.329,-0.414
-0.122,-0.964
0.007,-0.396
-0.098,0.818
-0.094,-0.177
-0.22,-1.116
-0.127,2.04
-0.21,0.065
-0.249,1.867
-0.428,0.499
-0.471,0.481
-0.471,2.335
-0.408,1.71
-0.559,-0.35
-0.564,-0.365
-0.431,-0.805
-0.588,0.352
-0.48,2.441
-0.494,1.3
-0.629,-1.011
-0.513,1.205
-0.53,1.377
-0.518,-0.41
-0.618,-0.259
-0.727,0.842
-0.797,1.607
-0.72,-1.454
-0.731,0.929
-0.853,2.488
-0.9,0.558
-0.789,-1.169
-0.867,0.361
-0.929,0.081
-1.116,2.153
-1.081,-1.338
-1.112,1.866
-1.246,-0.872
-1.149,-0.173
-1.261,1.268
-1.188,-1.155
-1.361,0.847
-1.401,-1.295
-1.283,1.336
-1.419,-1.247
-1.481,-1.223
-1.617,0.887
-1.505,-0.082
-1.628,-1.346
-1.581,-1.498
-1.585,-1.221
-1.623,-0.146
-1.787,1.448
-1.958,2.142
-2.069,0.245
-2.087,-0.031
-2.093,0.013
-2.091,0.957
-2.097,0.904
-2.119,0.839
-2.226,0.671
-2.258,-0.73
-2.293,0.763
-2.356,-0.818
-2.398,-0.021
-2.456,0.48
-2.767,-0.189
-2.662,-0.154
-2.933,-0.076
-2.811,0.258
-2.862,-0.361
-2.985,-1.351
3.105,2.305
-3.054,0.532
3.081,0.756
3.071,-1.179
-3.13,1.972
2.986,-0.652
2.983,1.413
2.97,2.017
2.873,0.58
2.964,0.173
2.676,-1.704
2.206,-1.473
1.973,-1.755
1.658,-1.811
1.54,-1.76
1.13,-1.556
0.495,-1.823
0.018,-1.767
-0.176,-1.618
-1.84,-1.432
-2.04,-1.719
-2.077,-1.828
-2.369,-1.661
-2.312,-1.636
2.868,-1.663
2.684,2.518
2.612,2.62
2.186,2.805
1.726,2.725
0.601,2.822
0.232,2.519
0.369,2.525
0.011,2.562
0.134,2.643
-0.101,2.86
-0.268,2.833
-0.39,2.56
-0.78,2.678
-0.925,2.595
-0.81,2.958
-0.803,2.676
-1.287,2.839
-1.619,2.987
-1.882,2.91
-2.314,2.77
-2.773,2.739
-2.879,2.785
-2.918,2.747
-0.062,0.378
-0.51,-0.22
-1.743,-1.387
-2.005,-0.069
-2.34,0.616
0.694,1.163
-0.778,1.907
-2.859,0.86
-2.88,0.659
-2.936,1.003
3.125,-0.46
2.417,1.504
1.437,-0.12
1.342,0.168
1.193,0.677
1.458,-1.692
-0.562,-1.216
-0.781,2.627
-2.546,2.203
-2.634,2.436
-2.862,2.363
-2.787,2.182
-1.888,2.347
-1.418,2.794
-0.115,-1.477
-0.043,0.853
-0.115,1.391
-0.196,-0.476
-0.204,0.38
-0.141,-0.258
-0.205,0.168
-0.263,-1.936
-0.253,0.435
-0.302,-2.051
-0.378,-2.272
-0.379,0.717
-0.399,-0.855
-0.464,-0.097
-0.433,-2.306
-0.441,-0.158
-0.44,-0.21
-0.455,1.227
-0.467,1.005
-0.471,-0.518
-0.489,-0.764
-0.569,-1.519
-0.562,-0.477
-0.562,-1.081
-0.501,-0.555
-0.566,0.087
-0.606,0.606
-0.674,-0.674
-0.629,-0.975
-0.728,-2.163
-0.75,-1.279
-0.75,-2.012
-0.689,1.444
-0.729,0.107
-0.806,1.077
-0.794,-0.681
-0.832,1.565
-0.853,-0.187
-0.8,-0.713
-0.814,0.368
-0.902,1.116
-0.914,1.216
-0.949,-1.488
-0.874,-1.135
-0.951,-1.749
-0.9,-0.074
-0.948,0.4
-0.974,0.022
-1.043,-2.104
-1.039,-2.313
-1.048,-0.039
-1.095,0.454
-1.136,0.989
-1.072,-0.247
-1.135,-1.696
-1.15,0.124
-1.244,1.441
-1.258,-0.975
-1.319,-0.662
-1.38,-0.698
-1.388,-1.183
-1.35,-0.107
-1.418,-0.426
-1.353,1.138
-1.395,0.817
-1.445,-2.255
-1.524,0.957
-1.588,-1.555
-1.579,-0.36
-1.547,0.599
-1.614,-0.812
-1.765,1.507
-1.847,-1.426
-1.863,-2.217
-1.872,1.09
-1.885,-2.034
-1.968,-1.522
-2.064,-0.337
-2.033,-0.215
-2.124,-0.396
-2.094,1.399
-2.151,-0.099
-2.223,-0.865
-2.233,0.686
-2.247,-0.948
-2.321,0.791
-2.269,0.39
-2.352,0.189
-2.371,-0.915
-2.383,-0.186
-2.346,-0.701
-2.384,-0.861
-2.401,-1.075
-2.459,-1.459
-2.447,0.954
-2.484,-0.316
-2.474,0.158
-2.504,-2.352
-2.522,-0.106
-2.627,-0.292
-2.661,0.024
-2.645,0.317
-2.709,-0.693
-2.845,-2.165
-2.914,-1.255
-2.951,-1.062
-2.891,-0.884
-2.913,-1.153
-2.98,-2.274
-3.007,0.087
-3.012,0.195
-3.091,-0.691
-3.061,-0.008
-3.139,1.362
-3.085,-0.552
-3.065,0.459
3.139,-0.232
-3.105,-2.374
3.133,-0.886
-3.092,-1.95
-3.131,-1.046
3.041,-1.248
3.034,-0.866
2.966,-0.919
3.019,-1.338
2.992,-0.715
2.939,-0.351
2.971,-0.945
2.988,-0.317
2.97,-2.233
2.955,-1.227
2.927,0.272
2.927,-0.657
2.929,-0.167
2.892,0.319
2.888,1.317
2.859,-2.312
2.163,-2.429
2.115,-2.366
1.231,-2.507
0.88,-2.468
0.199,-2.6
0.216,-2.461
-0.304,-2.703
-0.314,-2.447
-0.344,-2.498
-1.43,-2.695
-1.971,-2.456
-2.168,-2.676
-2.73,-2.529
-3.138,-2.831
2.778,1.933
2.739,1.825
2.556,1.658
2.117,1.712
2.127,1.978
1.678,2.021
1.29,1.863
1.053,1.643
1.064,1.941
0.455,1.889
0.336,1.778
0.211,1.699
0.116,1.656
-0.413,1.826
-0.706,1.729
-0.917,1.886
-1.161,2.047
-1.242,1.759
-1.992,2.07
-2.233,1.619
-2.514,1.755
-2.936,1.781
-3.044,1.831
-3.033,1.709
2.88,1.938
2.574,1.561
2.268,-1.067
2.176,-1.83
1.506,0.094
1.523,-2.21
1.08,-1.222
-0.386,-2.057
-0.867,-0.06
-1.7,1.249
-1.994,0.525
-2.45,-1.344
-2.923,-1.683
-1.462,-2.611
-1.52,1.828
2.914,1.595
2.89,-0.602
2.743,-0.92
2.823,-1.059
2.755,1.5
2.642,-1.233
2.513,1.097
2.634,-2.176
2.561,0.718
2.539,-0.735
2.537,0.606
2.476,0.234
2.384,0.709
2.273,0.551
2.364,-0.564
2.165,1.4
2.122,-0.698
2.062,-1.478
2.041,0.617
1.891,-2.397
1.831,-0.342
1.926,-0.492
1.816,-2.122
1.705,0.042
1.71,-0.347
1.396,0.29
1.509,1.288
1.387,-0.441
1.367,1.487
1.308,1.397
1.202,-0.772
1.134,0.212
1.117,-0.593
0.883,1.538
0.903,-2.282
0.889,-2.076
0.662,1.287
0.752,-1.822
0.554,-2.198
0.394,-0.227
0.397,-1.012
0.457,-1.231
0.445,-2.38
0.396,0.424
0.368,-1.28
0.223,-0.867
0.225,1.413
0.27,-1.328
-0.181,-1.878
-0.052,-1.31
-0.157,-0.096
-0.153,-1.091
-0.279,-2.03
-0.186,1.126
-0.269,-0.849
-0.308,0.953
-0.487,-0.415
-0.53,-0.433
-0.53,1.421
-0.467,0.796
-0.618,-1.264
-0.623,-1.279
-0.49,-1.719
-0.647,-0.562
-0.539,1.527
-0.553,0.386
-0.688,-1.925
-0.572,0.291
-0.589,0.463
-0.577,-1.324
-0.677,-1.173
-0.786,-0.072
-0.856,0.693
-0.779,-2.368
-0.79,0.015
-0.912,1.574
-0.959,-0.356
-0.848,-2.083
-0.926,-0.553
-0.988,-0.833
-1.175,1.239
-1.14,-2.252
-1.171,0.952
-1.305,-1.786
-1.208,-1.087
-1.32,0.354
-1.247,-2.069
-1.42,-0.067
-1.46,-2.209
-1.342,0.422
-1.478,-2.161
-1.54,-2.137
-1.676,-0.027
-1.564,-0.996
-1.687,-2.26
-1.64,-2.412
-1.644,-2.135
-1.682,-1.06
-1.846,0.534
-2.017,1.228
-2.128,-0.669
-2.146,-0.945
-2.152,-0.901
-2.15,0.043
-2.156,-0.01
-2.178,-0.075
-2.285,-0.243
-2.317,-1.644
-2.352,-0.151
-2.415,-1.732
-2.457,-0.935
-2.515,-0.434
-2.826,-1.103
-2.721,-1.068
-2.992,-0.99
-2.87,-0.656
-2.921,-1.275
-3.044,-2.265
3.046,1.391
-3.113,-0.382
3.022,-0.158
3.012,-2.093
3.094,1.058
2.927,-1.566
2.924,0.499
2.911,1.103
2.814,-0.334
2.905,-0.741
2.617,-2.618
2.147,-2.387
1.914,-2.669
1.599,-2.725
1.481,-2.674
1.071,-2.47
0.436,-2.737
-0.041,-2.681
-0.235,-2.532
-1.899,-2.346
-2.099,-2.633
-2.136,-2.742
-2.428,-2.575
-2.371,-2.55
2.809,-2.577
2.625,1.604
2.553,1.706
2.127,1.891
1.667,1.811
0.542,1.908
0.173,1.605
0.31,1.611
-0.048,1.648
0.075,1.729
-0.16,1.946
-0.327,1.919
-0.449,1.646
-0.839,1.764
-0.984,1.681
-0.869,2.044
-0.862,1.762
-1.346,1.925
-1.678,2.073
-1.941,1.996
-2.373,1.856
-2.832,1.825
-2.938,1.871
-2.977,1.833
-0.121,-0.536
-0.569,-1.134
-1.802,-2.301
-2.064,-0.983
-2.399,-0.298
0.635,0.249
-0.837,0.993
-2.918,-0.054
-2.939,-0.255
-2.995,0.089
3.066,-1.374
2.358,0.59
1.378,-1.034
1.283,-0.746
1.134,-0.237
1.399,-2.606
-0.621,-2.13
-0.84,1.713
-2.605,1.289
-2.693,1.522
-2.921,1.449
-2.846,1.268
-1.947,1.433
-1.477,1.88
0.072,2.33
0.0,2.868
-0.081,1.001
-0.089,1.857
-0.026,1.219
-0.09,1.645
-0.148,-0.459
-0.138,1.912
-0.187,-0.574
-0.263,-0.795
-0.264,2.194
-0.284,0.622
-0.349,1.38
-0.318,-0.829
-0.326,1.319
-0.325,1.267
-0.34,2.704
-0.352,2.482
-0.356,0.959
-0.374,0.713
-0.454,-0.042
-0.447,1.0
-0.447,0.396
-0.386,0.922
-0.451,1.564
-0.491,2.083
-0.559,0.803
-0.514,0.502
-0.613,-0.686
-0.635,0.198
-0.635,-0.535
-0.574,2.921
-0.614,1.584
-0.691,2.554
-0.679,0.796
-0.717,3.042
-0.738,1.29
-0.685,0.764
-0.699,1.845
-0.787,2.593
-0.799,2.693
-0.834,-0.011
-0.759,0.342
-0.836,-0.272
-0.785,1.403
-0.833,1.877
-0.859,1.499
-0.928,-0.627
-0.924,-0.836
-0.933,1.438
-0.98,1.931
-1.021,2.466
-0.957,1.23
-1.02,-0.219
-1.035,1.601
-1.129,2.918
-1.143,0.502
-1.204,0.815
-1.265,0.779
-1.273,0.294
-1.235,1.37
-1.303,1.051
-1.238,2.615
-1.28,2.294
-1.33,-0.778
-1.409,2.434
-1.473,-0.078
-1.464,1.117
-1.432,2.076
-1.499,0.665
-1.65,2.984
-1.732,0.051
-1.748,-0.74
-1.757,2.567
-1.77,-0.557
-1.853,-0.045
-1.949,1.14
-1.918,1.262
-2.009,1.081
-1.979,2.876
-2.036,1.378
-2.108,0.612
-2.118,2.163
-2.132,0.529
-2.206,2.268
-2.154,1.867
-2.237,1.666
-2.256,0.562
-2.268,1.291
-2.231,0.776
-2.269,0.616
-2.286,0.402
-2.344,0.018
-2.332,2.431
-2.369,1.161
-2.359,1.635
-2.389,-0.875
-2.407,1.371
-2.512,1.185
-2.546,1.501
-2.53,1.794
-2.594,0.784
-2.73,-0.688
-2.799,0.222
-2.836,0.415
-2.776,0.593
-2.798,0.324
-2.865,-0.797
-2.892,1.564
-2.897,1.672
-2.976,0.786
-2.946,1.469
-3.024,2.839
-2.97,0.925
-2.95,1.936
-3.029,1.245
-2.99,-0.897
-3.035,0.591
-2.977,-0.473
-3.016,0.431
-3.127,0.229
-3.134,0.611
3.081,0.558
3.134,0.139
3.107,0.762
3.054,1.126
3.086,0.532
3.103,1.16
3.085,-0.756
3.07,0.25
3.042,1.749
3.042,0.82
3.044,1.31
3.007,1.796
3.003,2.794
2.974,-0.835
2.278,-0.952
2.23,-0.889
1.346,-1.03
0.995,-0.991
0.314,-1.123
0.331,-0.984
-0.189,-1.226
-0.199,-0.97
-0.229,-1.021
-1.315,-1.218
-1.856,-0.979
-2.053,-1.199
-2.615,-1.052
-3.023,-1.354
2.893,3.41
2.854,3.302
2.671,3.135
2.232,3.189
2.242,3.455
1.793,3.498
1.405,3.34
1.168,3.12
1.179,3.418
0.57,3.366
0.451,3.255
0.326,3.176
0.231,3.133
-0.298,3.303
-0.591,3.206
-0.802,3.363
-1.046,3.524
-1.127,3.236
-1.877,3.547
-2.118,3.096
-2.399,3.232
-2.821,3.258
-2.929,3.308
-2.918,3.186
2.995,3.415
2.689,3.038
2.383,0.41
2.291,-0.353
1.621,1.571
1.638,-0.733
1.195,0.255
-0.271,-0.58
-0.752,1.417
-1.585,2.726
-1.879,2.002
-2.335,0.133
-2.808,-0.206
-1.347,-1.134
-1.405,3.305
3.029,3.072
3.005,0.875
2.858,0.557
2.938,0.418
2.87,2.977
2.757,0.244
2.628,2.574
2.749,-0.699
2.676,2.195
2.654,0.742
2.652,2.083
2.591,1.711
2.499,2.186
2.388,2.028
2.479,0.913
2.28,2.877
2.237,0.779
2.177,-0.001
2.156,2.094
2.006,-0.92
1.946,1.135
2.041,0.985
1.931,-0.645
1.82,1.519
1.825,1.13
1.511,1.767
1.624,2.765
1.502,1.036
1.482,2.964
1.423,2.874
1.317,0.705
1.249,1.689
1.232,0.884
0.998,3.015
1.018,-0.805
1.004,-0.599
0.777,2.764
0.867,-0.345
0.669,-0.721
0.509,1.25
0.512,0.465
0.572,0.246
0.56,-0.903
0.511,1.901
0.483,0.197
0.338,0.61
0.34,2.89
0.385,0.149
-0.066,-0.401
0.063,0.167
-0.042,1.381
-0.038,0.386
-0.164,-0.553
-0.071,2.603
-0.154,0.628
-0.193,2.43
-0.372,1.062
-0.415,1.044
-0.415,2.898
-0.352,2.273
-0.503,0.213
-0.508,0.198
-0.375,-0.242
-0.532,0.915
-0.424,3.004
-0.438,1.863
-0.573,-0.448
-0.457,1.768
-0.474,1.94
-0.462,0.153
-0.562,0.304
-0.671,1.405
-0.741,2.17
-0.664,-0.891
-0.675,1.492
-0.797,3.051
-0.844,1.121
-0.733,-0.606
-0.811,0.924
-0.873,0.644
-1.06,2.716
-1.025,-0.775
-1.056,2.429
-1.19,-0.309
-1.093,0.39
-1.205,1.831
-1.132,-0.592
-1.305,1.41
-1.345,-0.732
-1.227,1.899
-1.363,-0.684
-1.425,-0.66
-1.561,1.45
-1.449,0.481
-1.572,-0.783
-1.525,-0.935
-1.529,-0.658
-1.567,0.417
-1.731,2.011
-1.902,2.705
-2.013,0.808
-2.031,0.532
-2.037,0.576
-2.035,1.52
-2.041,1.467
-2.063,1.402
-2.17,1.234
-2.202,-0.167
-2.237,1.326
-2.3,-0.255
-2.342,0.542
-2.4,1.043
-2.711,0.374
-2.606,0.409
-2.877,0.487
-2.755,0.821
-2.806,0.202
-2.929,-0.788
-3.122,2.868
-2.998,1.095
3.137,1.319
3.127,-0.616
-3.074,2.535
3.042,-0.089
3.039,1.976
3.026,2.58
2.929,1.143
3.02,0.736
2.732,-1.141
2.262,-0.91
2.029,-1.192
1.714,-1.248
1.596,-1.197
1.186,-0.993
0.551,-1.26
0.074,-1.204
-0.12,-1.055
-1.784,-0.869
-1.984,-1.156
-2.021,-1.265
-2.313,-1.098
-2.256,-1.073
2.924,-1.1
2.74,3.081
2.668,3.183
2.242,3.368
1.782,3.288
0.657,3.385
0.288,3.082
0.425,3.088
0.067,3.125
0.19,3.206
-0.045,3.423
-0.212,3.396
-0.334,3.123
-0.724,3.241
-0.869,3.158
-0.754,3.521
-0.747,3.239
-1.231,3.402
-1.563,3.55
-1.826,3.473
-2.258,3.333
-2.717,3.302
-2.823,3.348
-2.862,3.31
-0.006,0.941
-0.454,0.343
-1.687,-0.824
-1.949,0.494
-2.284,1.179
0.75,1.726
-0.722,2.47
-2.803,1.423
-2.824,1.222
-2.88,1.566
-3.102,0.103
2.473,2.067
1.493,0.443
1.398,0.731
1.249,1.24
1.514,-1.129
-0.506,-0.653
-0.725,3.19
-2.49,2.766
-2.578,2.999
-2.806,2.926
-2.731,2.745
-1.832,2.91
-1.362,3.357
-0.072,0.538
-0.153,-1.329
-0.161,-0.473
-0.098,-1.111
-0.162,-0.685
-0.22,-2.789
-0.21,-0.418
-0.259,-2.904
-0.335,-3.125
-0.336,-0.136
-0.356,-1.708
-0.421,-0.95
-0.39,-3.159
-0.398,-1.011
-0.397,-1.063
-0.412,0.374
-0.424,0.152
-0.428,-1.371
-0.446,-1.617
-0.526,-2.372
-0.519,-1.33
-0.519,-1.934
-0.458,-1.408
-0.523,-0.766
-0.563,-0.247
-0.631,-1.527
-0.586,-1.828
-0.685,-3.016
-0.707,-2.132
-0.707,-2.865
-0.646,0.591
-0.686,-0.746
-0.763,0.224
-0.751,-1.534
-0.789,0.712
-0.81,-1.04
-0.757,-1.566
-0.771,-0.485
-0.859,0.263
-0.871,0.363
-0.906,-2.341
-0.831,-1.988
-0.908,-2.602
-0.857,-0.927
-0.905,-0.453
-0.931,-0.831
-1.0,-2.957
-0.996,-3.166
-1.005,-0.892
-1.052,-0.399
-1.093,0.136
-1.029,-1.1
-1.092,-2.549
-1.107,-0.729
-1.201,0.588
-1.215,-1.828
-1.276,-1.515
-1.337,-1.551
-1.345,-2.036
-1.307,-0.96
-1.375,-1.279
-1.31,0.285
-1.352,-0.036
-1.402,-3.108
-1.481,0.104
-1.545,-2.408
-1.536,-1.213
-1.504,-0.254
-1.571,-1.665
-1.722,0.654
-1.804,-2.279
-1.82,-3.07
-1.829,0.237
-1.842,-2.887
-1.925,-2.375
-2.021,-1.19
-1.99,-1.068
-2.081,-1.249
-2.051,0.546
-2.108,-0.952
-2.18,-1.718
-2.19,-0.167
-2.204,-1.801
-2.278,-0.062
-2.226,-0.463
-2.309,-0.664
-2.328,-1.768
-2.34,-1.039
-2.303,-1.554
-2.341,-1.714
-2.358,-1.928
-2.416,-2.312
-2.404,0.101
-2.441,-1.169
-2.431,-0.695
-2.461,-3.205
-2.479,-0.959
-2.584,-1.145
-2.618,-0.829
-2.602,-0.536
-2.666,-1.546
-2.802,-3.018
-2.871,-2.108
-2.908,-1.915
-2.848,-1.737
-2.87,-2.006
-2.937,-3.127
-2.964,-0.766
-2.969,-0.658
-3.048,-1.544
-3.018,-0.861
-3.096,0.509
-3.042,-1.405
-3.022,-0.394
-3.101,-1.085
-3.062,-3.227
-3.107,-1.739
-3.049,-2.803
-3.088,-1.899
3.084,-2.101
3.077,-1.719
3.009,-1.772
3.062,-2.191
3.035,-1.568
2.982,-1.204
3.014,-1.798
3.031,-1.17
3.013,-3.086
2.998,-2.08
2.97,-0.581
2.97,-1.51
2.972,-1.02
2.935,-0.534
2.931,0.464
2.902,-3.165
2.206,-3.282
2.158,-3.219
1.274,-3.36
0.923,-3.321
0.242,-3.453
0.259,-3.314
-0.261,-3.556
-0.271,-3.3
-0.301,-3.351
-1.387,-3.548
-1.928,-3.309
-2.125,-3.529
-2.687,-3.382
-3.095,-3.684
2.821,1.08
2.782,0.972
2.599,0.805
2.16,0.859
2.17,1.125
1.721,1.168
1.333,1.01
1.096,0.79
1.107,1.088
0.498,1.036
0.379,0.925
0.254,0.846
0.159,0.803
-0.37,0.973
-0.663,0.876
-0.874,1.033
-1.118,1.194
-1.199,0.906
-1.949,1.217
-2.19,0.766
-2.471,0.902
-2.893,0.928
-3.001,0.978
-2.99,0.856
2.923,1.085
2.617,0.708
2.311,-1.92
2.219,-2.683
1.549,-0.759
1.566,-3.063
1.123,-2.075
-0.343,-2.91
-0.824,-0.913
-1.657,0.396
-1.951,-0.328
-2.407,-2.197
-2.88,-2.536
-1.419,-3.464
-1.477,0.975
2.957,0.742
2.933,-1.455
2.786,-1.773
2.866,-1.912
2.798,0.647
2.685,-2.086
2.556,0.244
2.677,-3.029
2.604,-0.135
2.582,-1.588
2.58,-0.247
2.519,-0.619
2.427,-0.144
2.316,-0.302
2.407,-1.417
2.208,0.547
2.165,-1.551
2.105,-2.331
2.084,-0.236
1.934,-3.25
1.874,-1.195
1.969,-1.345
1.859,-2.975
1.748,-0.811
1.753,-1.2
1.439,-0.563
1.552,0.435
1.43,-1.294
1.41,0.634
1.351,0.544
1.245,-1.625
1.177,-0.641
1.16,-1.446
0.926,0.685
0.946,-3.135
0.932,-2.929
0.705,0.434
0.795,-2.675
0.597,-3.051
0.437,-1.08
0.44,-1.865
0.5,-2.084
0.488,-3.233
0.439,-0.429
0.411,-2.133
0.266,-1.72
0.268,0.56
0.313,-2.181
-0.138,-2.731
-0.009,-2.163
-0.114,-0.949
-0.11,-1.944
-0.236,-2.883
-0.143,0.273
-0.226,-1.702
-0.265,0.1
-0.444,-1.268
-0.487,-1.286
-0.487,0.568
-0.424,-0.057
-0.575,-2.117
-0.58,-2.132
-0.447,-2.572
-0.604,-1.415
-0.496,0.674
-0.51,-0.467
-0.645,-2.778
-0.529,-0.562
-0.546,-0.39
-0.534,-2.177
-0.634,-2.026
-0.743,-0.925
-0.813,-0.16
-0.736,-3.221
-0.747,-0.838
-0.869,0.721
-0.916,-1.209
-0.805,-2.936
-0.883,-1.406
-0.945,-1.686
-1.132,0.386
-1.097,-3.105
-1.128,0.099
-1.262,-2.639
-1.165,-1.94
-1.277,-0.499
-1.204,-2.922
-1.377,-0.92
-1.417,-3.062
-1.299,-0.431
-1.435,-3.014
-1.497,-2.99
-1.633,-0.88
-1.521,-1.849
-1.644,-3.113
-1.597,-3.265
-1.601,-2.988
-1.639,-1.913
-1.803,-0.319
-1.974,0.375
-2.085,-1.522
-2.103,-1.798
-2.109,-1.754
-2.107,-0.81
-2.113,-0.863
-2.135,-0.928
-2.242,-1.096
-2.274,-2.497
-2.309,-1.004
-2.372,-2.585
-2.414,-1.788
-2.472,-1.287
-2.783,-1.956
-2.678,-1.921
-2.949,-1.843
-2.827,-1.509
-2.878,-2.128
-3.001,-3.118
3.089,0.538
-3.07,-1.235
3.065,-1.011
3.055,-2.946
3.137,0.205
2.97,-2.419
2.967,-0.354
2.954,0.25
2.857,-1.187
2.948,-1.594
2.66,-3.471
2.19,-3.24
1.957,-3.522
1.642,-3.578
1.524,-3.527
1.114,-3.323
0.479,-3.59
0.002,-3.534
-0.192,-3.385
-1.856,-3.199
-2.056,-3.486
-2.093,-3.595
-2.385,-3.428
-2.328,-3.403
2.852,-3.43
2.668,0.751
2.596,0.853
2.17,1.038
1.71,0.958
0.585,1.055
0.216,0.752
0.353,0.758
-0.005,0.795
0.118,0.876
-0.117,1.093
-0.284,1.066
-0.406,0.793
-0.796,0.911
-0.941,0.828
-0.826,1.191
-0.819,0.909
-1.303,1.072
-1.635,1.22
-1.898,1.143
-2.33,1.003
-2.789,0.972
-2.895,1.018
-2.934,0.98
-0.078,-1.389
-0.526,-1.987
-1.759,-3.154
-2.021,-1.836
-2.356,-1.151
0.678,-0.604
-0.794,0.14
-2.875,-0.907
-2.896,-1.108
-2.952,-0.764
3.109,-2.227
2.401,-0.263
1.421,-1.887
1.326,-1.599
1.177,-1.09
1.442,-3.459
-0.578,-2.983
-0.797,0.86
-2.562,0.436
-2.65,0.669
-2.878,0.596
-2.803,0.415
-1.904,0.58
-1.434,1.027
-0.081,-1.867
-0.089,-1.011
-0.026,-1.649
-0.09,-1.223
-0.148,-3.327
-0.138,-0.956
-0.187,-3.442
-0.263,-3.663
-0.264,-0.674
-0.284,-2.246
-0.349,-1.488
-0.318,-3.697
-0.326,-1.549
-0.325,-1.601
-0.34,-0.164
-0.352,-0.386
-0.356,-1.909
-0.374,-2.155
-0.454,-2.91
-0.447,-1.868
-0.447,-2.472
-0.386,-1.946
-0.451,-1.304
-0.491,-0.785
-0.559,-2.065
-0.514,-2.366
-0.613,-3.554
-0.635,-2.67
-0.635,-3.403
-0.574,0.053
-0.614,-1.284
-0.691,-0.314
-0.679,-2.072
-0.717,0.174
-0.738,-1.578
-0.685,-2.104
-0.699,-1.023
-0.787,-0.275
-0.799,-0.175
-0.834,-2.879
-0.759,-2.526
-0.836,-3.14
-0.785,-1.465
-0.833,-0.991
-0.859,-1.369
-0.928,-3.495
-0.924,-3.704
-0.933,-1.43
-0.98,-0.937
-1.021,-0.402
-0.957,-1.638
-1.02,-3.087
-1.035,-1.267
-1.129,0.05
-1.143,-2.366
-1.204,-2.053
-1.265,-2.089
-1.273,-2.574
-1.235,-1.498
-1.303,-1.817
-1.238,-0.253
-1.28,-0.574
-1.33,-3.646
-1.409,-0.434
-1.473,-2.946
-1.464,-1.751
-1.432,-0.792
-1.499,-2.203
-1.65,0.116
-1.732,-2.817
-1.748,-3.608
-1.757,-0.301
-1.77,-3.425
-1.853,-2.913
-1.949,-1.728
-1.918,-1.606
-2.009,-1.787
-1.979,0.008
-2.036,-1.49
-2.108,-2.256
-2.118,-0.705
-2.132,-2.339
-2.206,-0.6
-2.154,-1.001
-2.237,-1.202
-2.256,-2.306
-2.268,-1.577
-2.231,-2.092
-2.269,-2.252
-2.286,-2.466
-2.344,-2.85
-2.332,-0.437
-2.369,-1.707
-2.359,-1.233
-2.389,-3.743
-2.407,-1.497
-2.512,-1.683
-2.546,-1.367
-2.53,-1.074
-2.594,-2.084
-2.73,-3.556
-2.799,-2.646
-2.836,-2.453
-2.776,-2.275
-2.798,-2.544
-2.865,-3.665
-2.892,-1.304
-2.897,-1.196
-2.976,-2.082
-2.946,-1.399
-3.024,-0.029
-2.97,-1.943
-2.95,-0.932
-3.029,-1.623
-2.99,-3.765
-3.035,-2.277
-2.977,-3.341
-3.016,-2.437
-3.127,-2.639
-3.134,-2.257
3.081,-2.31
3.134,-2.729
3.107,-2.106
3.054,-1.742
3.086,-2.336
3.103,-1.708
3.085,-3.624
3.07,-2.618
3.042,-1.119
3.042,-2.048
3.044,-1.558
3.007,-1.072
3.003,-0.074
2.974,-3.703
2.278,-3.82
2.23,-3.757
1.346,-3.898
0.995,-3.859
0.314,-3.991
0.331,-3.852
-0.189,-4.094
-0.199,-3.838
-0.229,-3.889
-1.315,-4.086
-1.856,-3.847
-2.053,-4.067
-2.615,-3.92
-3.023,-4.222
2.893,0.542
2.854,0.434
2.671,0.267
2.232,0.321
2.242,0.587
1.793,0.63
1.405,0.472
1.168,0.252
1.179,0.55
0.57,0.498
0.451,0.387
0.326,0.308
0.231,0.265
-0.298,0.435
-0.591,0.338
-0.802,0.495
-1.046,0.656
-1.127,0.368
-1.877,0.679
-2.118,0.228
-2.399,0.364
-2.821,0.39
-2.929,0.44
-2.918,0.318
2.995,0.547
2.689,0.17
2.383,-2.458
2.291,-3.221
1.621,-1.297
1.638,-3.601
1.195,-2.613
-0.271,-3.448
-0.752,-1.451
-1.585,-0.142
-1.879,-0.866
-2.335,-2.735
-2.808,-3.074
-1.347,-4.002
-1.405,0.437
3.029,0.204
3.005,-1.993
2.858,-2.311
2.938,-2.45
2.87,0.109
2.757,-2.624
2.628,-0.294
2.749,-3.567
2.676,-0.673
2.654,-2.126
2.652,-0.785
2.591,-1.157
2.499,-0.682
2.388,-0.84
2.479,-1.955
2.28,0.009
2.237,-2.089
2.177,-2.869
2.156,-0.774
2.006,-3.788
1.946,-1.733
2.041,-1.883
1.931,-3.513
1.82,-1.349
1.825,-1.738
1.511,-1.101
1.624,-0.103
1.502,-1.832
1.482,0.096
1.423,0.006
1.317,-2.163
1.249,-1.179
1.232,-1.984
0.998,0.147
1.018,-3.673
1.004,-3.467
0.777,-0.104
0.867,-3.213
0.669,-3.589
0.509,-1.618
0.512,-2.403
0.572,-2.622
0.56,-3.771
0.511,-0.967
0.483,-2.671
0.338,-2.258
0.34,0.022
0.385,-2.719
-0.066,-3.269
0.063,-2.701
-0.042,-1.487
-0.038,-2.482
-0.164,-3.421
-0.071,-0.265
-0.154,-2.24
-0.193,-0.438
-0.372,-1.806
-0.415,-1.824
-0.415,0.03
-0.352,-0.595
-0.503,-2.655
-0.508,-2.67
-0.375,-3.11
-0.532,-1.953
-0.424,0.136
-0.438,-1.005
-0.573,-3.316
-0.457,-1.1
-0.474,-0.928
-0.462,-2.715
-0.562,-2.564
-0.671,-1.463
-0.741,-0.698
-0.664,-3.759
-0.675,-1.376
-0.797,0.183
-0.844,-1.747
-0.733,-3.474
-0.811,-1.944
-0.873,-2.224
-1.06,-0.152
-1.025,-3.643
-1.056,-0.439
-1.19,-3.177
-1.093,-2.478
-1.205,-1.037
-1.132,-3.46
-1.305,-1.458
-1.345,-3.6
-1.227,-0.969
-1.363,-3.552
-1.425,-3.528
-1.561,-1.418
-1.449,-2.387
-1.572,-3.651
-1.525,-3.803
-1.529,-3.526
-1.567,-2.451
-1.731,-0.857
-1.902,-0.163
-2.013,-2.06
-2.031,-2.336
-2.037,-2.292
-2.035,-1.348
-2.041,-1.401
-2.063,-1.466
-2.17,-1.634
-2.202,-3.035
-2.237,-1.542
-2.3,-3.123
-2.342,-2.326
-2.4,-1.825
-2.711,-2.494
-2.606,-2.459
-2.877,-2.381
-2.755,-2.047
-2.806,-2.666
-2.929,-3.656
-3.122,0.0
-2.998,-1.773
3.137,-1.549
3.127,-3.484
-3.074,-0.333
3.042,-2.957
3.039,-0.892
3.026,-0.288
2.929,-1.725
3.02,-2.132
2.732,-4.009
2.262,-3.778
2.029,-4.06
1.714,-4.116
1.596,-4.065
1.186,-3.861
0.551,-4.128
0.074,-4.072
-0.12,-3.923
-1.784,-3.737
-1.984,-4.024
-2.021,-4.133
-2.313,-3.966
-2.256,-3.941
2.924,-3.968
2.74,0.213
2.668,0.315
2.242,0.5
1.782,0.42
0.657,0.517
0.288,0.214
0.425,0.22
0.067,0.257
0.19,0.338
-0.045,0.555
-0.212,0.528
-0.334,0.255
-0.724,0.373
-0.869,0.29
-0.754,0.653
-0.747,0.371
-1.231,0.534
-1.563,0.682
-1.826,0.605
-2.258,0.465
-2.717,0.434
-2.823,0.48
-2.862,0.442
-0.006,-1.927
-0.454,-2.525
-1.687,-3.692
-1.949,-2.374
-2.284,-1.689
0.75,-1.142
-0.722,-0.398
-2.803,-1.445
-2.824,-1.646
-2.88,-1.302
-3.102,-2.765
2.473,-0.801
1.493,-2.425
1.398,-2.137
1.249,-1.628
1.514,-3.997
-0.506,-3.521
-0.725,0.322
-2.49,-0.102
-2.578,0.131
-2.806,0.058
-2.731,-0.123
-1.832,0.042
-1.362,0.489
-0.008,0.856
0.055,0.218
-0.009,0.644
-0.067,-1.46
-0.057,0.911
-0.106,-1.575
-0.182,-1.796
-0.183,1.193
-0.203,-0.379
-0.268,0.379
-0.237,-1.83
-0.245,0.318
-0.244,0.266
-0.259,1.703
-0.271,1.481
-0.275,-0.042
-0.293,-0.288
-0.373,-1.043
-0.366,-0.001
-0.366,-0.605
-0.305,-0.079
-0.37,0.563
-0.41,1.082
-0.478,-0.198
-0.433,-0.499
-0.532,-1.687
-0.554,-0.803
-0.554,-1.536
-0.493,1.92
-0.533,0.583
-0.61,1.553
-0.598,-0.205
-0.636,2.041
-0.657,0.289
-0.604,-0.237
-0.618,0.844
-0.706,1.592
-0.718,1.692
-0.753,-1.012
-0.678,-0.659
-0.755,-1.273
-0.704,0.402
-0.752,0.876
-0.778,0.498
-0.847,-1.628
-0.843,-1.837
-0.852,0.437
-0.899,0.93
-0.94,1.465
-0.876,0.229
-0.939,-1.22
-0.954,0.6
-1.048,1.917
-1.062,-0.499
-1.123,-0.186
-1.184,-0.222
-1.192,-0.707
-1.154,0.369
-1.222,0.05
-1.157,1.614
-1.199,1.293
-1.249,-1.779
-1.328,1.433
-1.392,-1.079
-1.383,0.116
-1.351,1.075
-1.418,-0.336
-1.569,1.983
-1.651,-0.95
-1.667,-1.741
-1.676,1.566
-1.689,-1.558
-1.772,-1.046
-1.868,0.139
-1.837,0.261
-1.928,0.08
-1.898,1.875
-1.955,0.377
-2.027,-0.389
-2.037,1.162
-2.051,-0.472
-2.125,1.267
-2.073,0.866
-2.156,0.665
-2.175,-0.439
-2.187,0.29
-2.15,-0.225
-2.188,-0.385
-2.205,-0.599
-2.263,-0.983
-2.251,1.43
-2.288,0.16
-2.278,0.634
-2.308,-1.876
-2.326,0.37
-2.431,0.184
-2.465,0.5
-2.449,0.793
-2.513,-0.217
-2.649,-1.689
-2.718,-0.779
-2.755,-0.586
-2.695,-0.408
-2.717,-0.677
-2.784,-1.798
-2.811,0.563
-2.816,0.671
-2.895,-0.215
-2.865,0.468
-2.943,1.838
-2.889,-0.076
-2.869,0.935
-2.948,0.244
-2.909,-1.898
-2.954,-0.41
-2.896,-1.474
-2.935,-0.57
-3.046,-0.772
-3.053,-0.39
-3.121,-0.443
-3.068,-0.862
-3.095,-0.239
3.135,0.125
-3.116,-0.469
-3.099,0.159
-3.117,-1.757
-3.132,-0.751
3.123,0.748
3.123,-0.181
3.125,0.309
3.088,0.795
3.084,1.793
3.055,-1.836
2.359,-1.953
2.311,-1.89
1.427,-2.031
1.076,-1.992
0.395,-2.124
0.412,-1.985
-0.108,-2.227
-0.118,-1.971
-0.148,-2.022
-1.234,-2.219
-1.775,-1.98
-1.972,-2.2
-2.534,-2.053
-2.942,-2.355
2.974,2.409
2.935,2.301
2.752,2.134
2.313,2.188
2.323,2.454
1.874,2.497
1.486,2.339
1.249,2.119
1.26,2.417
0.651,2.365
0.532,2.254
0.407,2.175
0.312,2.132
-0.217,2.302
-0.51,2.205
-0.721,2.362
-0.965,2.523
-1.046,2.235
-1.796,2.546
-2.037,2.095
-2.318,2.231
-2.74,2.257
-2.848,2.307
-2.837,2.185
3.076,2.414
2.77,2.037
2.464,-0.591
2.372,-1.354
1.702,0.57
1.719,-1.734
1.276,-0.746
-0.19,-1.581
-0.671,0.416
-1.504,1.725
-1.798,1.001
-2.254,-0.868
-2.727,-1.207
-1.266,-2.135
-1.324,2.304
3.11,2.071
3.086,-0.126
2.939,-0.444
3.019,-0.583
2.951,1.976
2.838,-0.757
2.709,1.573
2.83,-1.7
2.757,1.194
2.735,-0.259
2.733,1.082
2.672,0.71
2.58,1.185
2.469,1.027
2.56,-0.088
2.361,1.876
2.318,-0.222
2.258,-1.002
2.237,1.093
2.087,-1.921
2.027,0.134
2.122,-0.016
2.012,-1.646
1.901,0.518
1.906,0.129
1.592,0.766
1.705,1.764
1.583,0.035
1.563,1.963
1.504,1.873
1.398,-0.296
1.33,0.688
1.313,-0.117
1.079,2.014
1.099,-1.806
1.085,-1.6
0.858,1.763
0.948,-1.346
0.75,-1.722
0.59,0.249
0.593,-0.536
0.653,-0.755
0.641,-1.904
0.592,0.9
0.564,-0.804
0.419,-0.391
0.421,1.889
0.466,-0.852
0.015,-1.402
0.144,-0.834
0.039,0.38
0.043,-0.615
-0.083,-1.554
0.01,1.602
-0.073,-0.373
-0.112,1.429
-0.291,0.061
-0.334,0.043
-0.334,1.897
-0.271,1.272
-0.422,-0.788
-0.427,-0.803
-0.294,-1.243
-0.451,-0.086
-0.343,2.003
-0.357,0.862
-0.492,-1.449
-0.376,0.767
-0.393,0.939
-0.381,-0.848
-0.481,-0.697
-0.59,0.404
-0.66,1.169
-0.583,-1.892
-0.594,0.491
-0.716,2.05
-0.763,0.12
-0.652,-1.607
-0.73,-0.077
-0.792,-0.357
-0.979,1.715
-0.944,-1.776
-0.975,1.428
-1.109,-1.31
-1.012,-0.611
-1.124,0.83
-1.051,-1.593
-1.224,0.409
-1.264,-1.733
-1.146,0.898
-1.282,-1.685
-1.344,-1.661
-1.48,0.449
-1.368,-0.52
-1.491,-1.784
-1.444,-1.936
-1.448,-1.659
-1.486,-0.584
-1.65,1.01
-1.821,1.704
-1.932,-0.193
-1.95,-0.469
-1.956,-0.425
-1.954,0.519
-1.96,0.466
-1.982,0.401
-2.089,0.233
-2.121,-1.168
-2.156,0.325
-2.219,-1.256
-2.261,-0.459
-2.319,0.042
-2.63,-0.627
-2.525,-0.592
-2.796,-0.514
-2.674,-0.18
-2.725,-0.799
-2.848,-1.789
-3.041,1.867
-2.917,0.094
-3.065,0.318
-3.075,-1.617
-2.993,1.534
3.123,-1.09
3.12,0.975
3.107,1.579
3.01,0.142
3.101,-0.265
2.813,-2.142
2.343,-1.911
2.11,-2.193
1.795,-2.249
1.677,-2.198
1.267,-1.994
0.632,-2.261
0.155,-2.205
-0.039,-2.056
-1.703,-1.87
-1.903,-2.157
-1.94,-2.266
-2.232,-2.099
-2.175,-2.074
3.005,-2.101
2.821,2.08
2.749,2.182
2.323,2.367
1.863,2.287
0.738,2.384
0.369,2.081
0.506,2.087
0.148,2.124
0.271,2.205
0.036,2.422
-0.131,2.395
-0.253,2.122
-0.643,2.24
-0.788,2.157
-0.673,2.52
-0.666,2.238
-1.15,2.401
-1.482,2.549
-1.745,2.472
-2.177,2.332
-2.636,2.301
-2.742,2.347
-2.781,2.309
0.075,-0.06
-0.373,-0.658
-1.606,-1.825
-1.868,-0.507
-2.203,0.178
0.831,0.725
-0.641,1.469
-2.722,0.422
-2.743,0.221
-2.799,0.565
-3.021,-0.898
2.554,1.066
1.574,-0.558
1.479,-0.27
1.33,0.239
1.595,-2.13
-0.425,-1.654
-0.644,2.189
-2.409,1.765
-2.497,1.998
-2.725,1.925
-2.65,1.744
-1.751,1.909
-1.281,2.356
0.063,-0.638
-0.001,-0.212
-0.059,-2.316
-0.049,0.055
-0.098,-2.431
-0.174,-2.652
-0.175,0.337
-0.195,-1.235
-0.26,-0.477
-0.229,-2.686
-0.237,-0.538
-0.236,-0.59
-0.251,0.847
-0.263,0.625
-0.267,-0.898
-0.285,-1.144
-0.365,-1.899
-0.358,-0.857
-0.358,-1.461
-0.297,-0.935
-0.362,-0.293
-0.402,0.226
-0.47,-1.054
-0.425,-1.355
-0.524,-2.543
-0.546,-1.659
-0.546,-2.392
-0.485,1.064
-0.525,-0.273
-0.602,0.697
-0.59,-1.061
-0.628,1.185
-0.649,-0.567
-0.596,-1.093
-0.61,-0.012
-0.698,0.736
-0.71,0.836
-0.745,-1.868
-0.67,-1.515
-0.747,-2.129
-0.696,-0.454
-0.744,0.02
-0.77,-0.358
-0.839,-2.484
-0.835,-2.693
-0.844,-0.419
-0.891,0.074
-0.932,0.609
-0.868,-0.627
-0.931,-2.076
-0.946,-0.256
-1.04,1.061
-1.054,-1.355
-1.115,-1.042
-1.176,-1.078
-1.184,-1.563
-1.146,-0.487
-1.214,-0.806
-1.149,0.758
-1.191,0.437
-1.241,-2.635
-1.32,0.577
-1.384,-1.935
-1.375,-0.74
-1.343,0.219
-1.41,-1.192
-1.561,1.127
-1.643,-1.806
-1.659,-2.597
-1.668,0.71
-1.681,-2.414
-1.764,-1.902
-1.86,-0.717
-1.829,-0.595
-1.92,-0.776
-1.89,1.019
-1.947,-0.479
-2.019,-1.245
-2.029,0.306
-2.043,-1.328
-2.117,0.411
-2.065,0.01
-2.148,-0.191
-2.167,-1.295
-2.179,-0.566
-2.142,-1.081
-2.18,-1.241
-2.197,-1.455
-2.255,-1.839
-2.243,0.574
-2.28,-0.696
-2.27,-0.222
-2.3,-2.732
-2.318,-0.486
-2.423,-0.672
-2.457,-0.356
-2.441,-0.063
-2.505,-1.073
-2.641,-2.545
-2.71,-1.635
-2.747,-1.442
-2.687,-1.264
-2.709,-1.533
-2.776,-2.654
-2.803,-0.293
-2.808,-0.185
-2.887,-1.071
-2.857,-0.388
-2.935,0.982
-2.881,-0.932
-2.861,0.079
-2.94,-0.612
-2.901,-2.754
-2.946,-1.266
-2.888,-2.33
-2.927,-1.426
-3.038,-1.628
-3.045,-1.246
-3.113,-1.299
-3.06,-1.718
-3.087,-1.095
-3.14,-0.731
-3.108,-1.325
-3.091,-0.697
-3.109,-2.613
-3.124,-1.607
3.131,-0.108
3.131,-1.037
3.133,-0.547
3.096,-0.061
3.092,0.937
3.063,-2.692
2.367,-2.809
2.319,-2.746
1.435,-2.887
1.084,-2.848
0.403,-2.98
0.42,-2.841
-0.1,-3.083
-0.11,-2.827
-0.14,-2.878
-1.226,-3.075
-1.767,-2.836
-1.964,-3.056
-2.526,-2.909
-2.934,-3.211
2.982,1.553
2.943,1.445
2.76,1.278
2.321,1.332
2.331,1.598
1.882,1.641
1.494,1.483
1.257,1.263
1.268,1.561
0.659,1.509
0.54,1.398
0.415,1.319
0.32,1.276
-0.209,1.446
-0.502,1.349
-0.713,1.506
-0.957,1.667
-1.038,1.379
-1.788,1.69
-2.029,1.239
-2.31,1.375
-2.732,1.401
-2.84,1.451
-2.829,1.329
3.084,1.558
2.778,1.181
2.472,-1.447
2.38,-2.21
1.71,-0.286
1.727,-2.59
1.284,-1.602
-0.182,-2.437
-0.663,-0.44
-1.496,0.869
-1.79,0.145
-2.246,-1.724
-2.719,-2.063
-1.258,-2.991
-1.316,1.448
3.118,1.215
3.094,-0.982
2.947,-1.3
3.027,-1.439
2.959,1.12
2.846,-1.613
2.717,0.717
2.838,-2.556
2.765,0.338
2.743,-1.115
2.741,0.226
2.68,-0.146
2.588,0.329
2.477,0.171
2.568,-0.944
2.369,1.02
2.326,-1.078
2.266,-1.858
2.245,0.237
2.095,-2.777
2.035,-0.722
2.13,-0.872
2.02,-2.502
1.909,-0.338
1.914,-0.727
1.6,-0.09
1.713,0.908
1.591,-0.821
1.571,1.107
1.512,1.017
1.406,-1.152
1.338,-0.168
1.321,-0.973
1.087,1.158
1.107,-2.662
1.093,-2.456
0.866,0.907
0.956,-2.202
0.758,-2.578
0.598,-0.607
0.601,-1.392
0.661,-1.611
0.649,-2.76
0.6,0.044
0.572,-1.66
0.427,-1.247
0.429,1.033
0.474,-1.708
0.023,-2.258
0.152,-1.69
0.047,-0.476
0.051,-1.471
-0.075,-2.41
0.018,0.746
-0.065,-1.229
-0.104,0.573
-0.283,-0.795
-0.326,-0.813
-0.326,1.041
-0.263,0.416
-0.414,-1.644
-0.419,-1.659
-0.286,-2.099
-0.443,-0.942
-0.335,1.147
-0.349,0.006
-0.484,-2.305
-0.368,-0.089
-0.385,0.083
-0.373,-1.704
-0.473,-1.553
-0.582,-0.452
-0.652,0.313
-0.575,-2.748
-0.586,-0.365
-0.708,1.194
-0.755,-0.736
-0.644,-2.463
-0.722,-0.933
-0.784,-1.213
-0.971,0.859
-0.936,-2.632
-0.967,0.572
-1.101,-2.166
-1.004,-1.467
-1.116,-0.026
-1.043,-2.449
-1.216,-0.447
-1.256,-2.589
-1.138,0.042
-1.274,-2.541
-1.336,-2.517
-1.472,-0.407
-1.36,-1.376
-1.483,-2.64
-1.436,-2.792
-1.44,-2.515
-1.478,-1.44
-1.642,0.154
-1.813,0.848
-1.924,-1.049
-1.942,-1.325
-1.948,-1.281
-1.946,-0.337
-1.952,-0.39
-1.974,-0.455
-2.081,-0.623
-2.113,-2.024
-2.148,-0.531
-2.211,-2.112
-2.253,-1.315
-2.311,-0.814
-2.622,-1.483
-2.517,-1.448
-2.788,-1.37
-2.666,-1.036
-2.717,-1.655
-2.84,-2.645
-3.033,1.011
-2.909,-0.762
-3.057,-0.538
-3.067,-2.473
-2.985,0.678
3.131,-1.946
3.128,0.119
3.115,0.723
3.018,-0.714
3.109,-1.121
2.821,-2.998
2.351,-2.767
2.118,-3.049
1.803,-3.105
1.685,-3.054
1.275,-2.85
0.64,-3.117
0.163,-3.061
-0.031,-2.912
-1.695,-2.726
-1.895,-3.013
-1.932,-3.122
-2.224,-2.955
-2.167,-2.93
3.013,-2.957
2.829,1.224
2.757,1.326
2.331,1.511
1.871,1.431
0.746,1.528
0.377,1.225
0.514,1.231
0.156,1.268
0.279,1.349
0.044,1.566
-0.123,1.539
-0.245,1.266
-0.635,1.384
-0.78,1.301
-0.665,1.664
-0.658,1.382
-1.142,1.545
-1.474,1.693
-1.737,1.616
-2.169,1.476
-2.628,1.445
-2.734,1.491
-2.773,1.453
0.083,-0.916
-0.365,-1.514
-1.598,-2.681
-1.86,-1.363
-2.195,-0.678
0.839,-0.131
-0.633,0.613
-2.714,-0.434
-2.735,-0.635
-2.791,-0.291
-3.013,-1.754
2.562,0.21
1.582,-1.414
1.487,-1.126
1.338,-0.617
1.603,-2.986
-0.417,-2.51
-0.636,1.333
-2.401,0.909
-2.489,1.142
-2.717,1.069
-2.642,0.888
-1.743,1.053
-1.273,1.5
-0.064,0.426
-0.122,-1.678
-0.112,0.693
-0.161,-1.793
-0.237,-2.014
-0.238,0.975
-0.258,-0.597
-0.323,0.161
-0.292,-2.048
-0.3,0.1
-0.299,0.048
-0.314,1.485
-0.326,1.263
-0.33,-0.26
-0.348,-0.506
-0.428,-1.261
-0.421,-0.219
-0.421,-0.823
-0.36,-0.297
-0.425,0.345
-0.465,0.864
-0.533,-0.416
-0.488,-0.717
-0.587,-1.905
-0.609,-1.021
-0.609,-1.754
-0.548,1.702
-0.588,0.365
-0.665,1.335
-0.653,-0.423
-0.691,1.823
-0.712,0.071
-0.659,-0.455
-0.673,0.626
-0.761,1.374
-0.773,1.474
-0.808,-1.23
-0.733,-0.877
-0.81,-1.491
-0.759,0.184
-0.807,0.658
-0.833,0.28
-0.902,-1.846
-0.898,-2.055
-0.907,0.219
-0.954,0.712
-0.995,1.247
-0.931,0.011
-0.994,-1.438
-1.009,0.382
-1.103,1.699
-1.117,-0.717
-1.178,-0.404
-1.239,-0.44
-1.247,-0.925
-1.209,0.151
-1.277,-0.168
-1.212,1.396
-1.254,1.075
-1.304,-1.997
-1.383,1.215
-1.447,-1.297
-1.438,-0.102
-1.406,0.857
-1.473,-0.554
-1.624,1.765
-1.706,-1.168
-1.722,-1.959
-1.731,1.348
-1.744,-1.776
-1.827,-1.264
-1.923,-0.079
-1.892,0.043
-1.983,-0.138
-1.953,1.657
-2.01,0.159
-2.082,-0.607
-2.092,0.944
-2.106,-0.69
-2.18,1.049
-2.128,0.648
-2.211,0.447
-2.23,-0.657
-2.242,0.072
-2.205,-0.443
-2.243,-0.603
-2.26,-0.817
-2.318,-1.201
-2.306,1.212
-2.343,-0.058
-2.333,0.416
-2.363,-2.094
-2.381,0.152
-2.486,-0.034
-2.52,0.282
-2.504,0.575
-2.568,-0.435
-2.704,-1.907
-2.773,-0.997
-2.81,-0.804
-2.75,-0.626
-2.772,-0.895
-2.839,-2.016
-2.866,0.345
-2.871,0.453
-2.95,-0.433
-2.92,0.25
-2.998,1.62
-2.944,-0.294
-2.924,0.717
-3.003,0.026
-2.964,-2.116
-3.009,-0.628
-2.951,-1.692
-2.99,-0.788
-3.101,-0.99
-3.108,-0.608
3.107,-0.661
-3.123,-1.08
3.133,-0.457
3.08,-0.093
3.112,-0.687
3.129,-0.059
3.111,-1.975
3.096,-0.969
3.068,0.53
3.068,-0.399
3.07,0.091
3.033,0.577
3.029,1.575
3.0,-2.054
2.304,-2.171
2.256,-2.108
1.372,-2.249
1.021,-2.21
0.34,-2.342
0.357,-2.203
-0.163,-2.445
-0.173,-2.189
-0.203,-2.24
-1.289,-2.437
-1.83,-2.198
-2.027,-2.418
-2.589,-2.271
-2.997,-2.573
2.919,2.191
2.88,2.083
2.697,1.916
2.258,1.97
2.268,2.236
1.819,2.279
1.431,2.121
1.194,1.901
1.205,2.199
0.596,2.147
0.477,2.036
0.352,1.957
0.257,1.914
-0.272,2.084
-0.565,1.987
-0.776,2.144
-1.02,2.305
-1.101,2.017
-1.851,2.328
-2.092,1.877
-2.373,2.013
-2.795,2.039
-2.903,2.089
-2.892,1.967
3.021,2.196
2.715,1.819
2.409,-0.809
2.317,-1.572
1.647,0.352
1.664,-1.952
1.221,-0.964
-0.245,-1.799
-0.726,0.198
-1.559,1.507
-1.853,0.783
-2.309,-1.086
-2.782,-1.425
-1.321,-2.353
-1.379,2.086
3.055,1.853
3.031,-0.344
2.884,-0.662
2.964,-0.801
2.896,1.758
2.783,-0.975
2.654,1.355
2.775,-1.918
2.702,0.976
2.68,-0.477
2.678,0.864
2.617,0.492
2.525,0.967
2.414,0.809
2.505,-0.306
2.306,1.658
2.263,-0.44
2.203,-1.22
2.182,0.875
2.032,-2.139
1.972,-0.084
2.067,-0.234
1.957,-1.864
1.846,0.3
1.851,-0.089
1.537,0.548
1.65,1.546
1.528,-0.183
1.508,1.745
1.449,1.655
1.343,-0.514
1.275,0.47
1.258,-0.335
1.024,1.796
1.044,-2.024
1.03,-1.818
0.803,1.545
0.893,-1.564
0.695,-1.94
0.535,0.031
0.538,-0.754
0.598,-0.973
0.586,-2.122
0.537,0.682
0.509,-1.022
0.364,-0.609
0.366,1.671
0.411,-1.07
-0.04,-1.62
0.089,-1.052
-0.016,0.162
-0.012,-0.833
-0.138,-1.772
-0.045,1.384
-0.128,-0.591
-0.167,1.211
-0.346,-0.157
-0.389,-0.175
-0.389,1.679
-0.326,1.054
-0.477,-1.006
-0.482,-1.021
-0.349,-1.461
-0.506,-0.304
-0.398,1.785
-0.412,0.644
-0.547,-1.667
-0.431,0.549
-0.448,0.721
-0.436,-1.066
-0.536,-0.915
-0.645,0.186
-0.715,0.951
-0.638,-2.11
-0.649,0.273
-0.771,1.832
-0.818,-0.098
-0.707,-1.825
-0.785,-0.295
-0.847,-0.575
-1.034,1.497
-0.999,-1.994
-1.03,1.21
-1.164,-1.528
-1.067,-0.829
-1.179,0.612
-1.106,-1.811
-1.279,0.191
-1.319,-1.951
-1.201,0.68
-1.337,-1.903
-1.399,-1.879
-1.535,0.231
-1.423,-0.738
-1.546,-2.002
-1.499,-2.154
-1.503,-1.877
-1.541,-0.802
-1.705,0.792
-1.876,1.486
-1.987,-0.411
-2.005,-0.687
-2.011,-0.643
-2.009,0.301
-2.015,0.248
-2.037,0.183
-2.144,0.015
-2.176,-1.386
-2.211,0.107
-2.274,-1.474
-2.316,-0.677
-2.374,-0.176
-2.685,-0.845
-2.58,-0.81
-2.851,-0.732
-2.729,-0.398
-2.78,-1.017
-2.903,-2.007
-3.096,1.649
-2.972,-0.124
-3.12,0.1
-3.13,-1.835
-3.048,1.316
3.068,-1.308
3.065,0.757
3.052,1.361
2.955,-0.076
3.046,-0.483
2.758,-2.36
2.288,-2.129
2.055,-2.411
1.74,-2.467
1.622,-2.416
1.212,-2.212
0.577,-2.479
0.1,-2.423
-0.094,-2.274
-1.758,-2.088
-1.958,-2.375
-1.995,-2.484
-2.287,-2.317
-2.23,-2.292
2.95,-2.319
2.766,1.862
2.694,1.964
2.268,2.149
1.808,2.069
0.683,2.166
0.314,1.863
0.451,1.869
0.093,1.906
0.216,1.987
-0.019,2.204
-0.186,2.177
-0.308,1.904
-0.698,2.022
-0.843,1.939
-0.728,2.302
-0.721,2.02
-1.205,2.183
-1.537,2.331
-1.8,2.254
-2.232,2.114
-2.691,2.083
-2.797,2.129
-2.836,2.091
0.02,-0.278
-0.428,-0.876
-1.661,-2.043
-1.923,-0.725
-2.258,-0.04
0.776,0.507
-0.696,1.251
-2.777,0.204
-2.798,0.003
-2.854,0.347
-3.076,-1.116
2.499,0.848
1.519,-0.776
1.424,-0.488
1.275,0.021
1.54,-2.348
-0.48,-1.872
-0.699,1.971
-2.464,1.547
-2.552,1.78
-2.78,1.707
-2.705,1.526
-1.806,1.691
-1.336,2.138
-0.058,-2.104
-0.048,0.267
-0.097,-2.219
-0.173,-2.44
-0.174,0.549
-0.194,-1.023
-0.259,-0.265
-0.228,-2.474
-0.236,-0.326
-0.235,-0.378
-0.25,1.059
-0.262,0.837
-0.266,-0.686
-0.284,-0.932
-0.364,-1.687
-0.357,-0.645
-0.357,-1.249
-0.296,-0.723
-0.361,-0.081
-0.401,0.438
-0.469,-0.842
-0.424,-1.143
-0.523,-2.331
-0.545,-1.447
-0.545,-2.18
-0.484,1.276
-0.524,-0.061
-0.601,0.909
-0.589,-0.849
-0.627,1.397
-0.648,-0.355
-0.595,-0.881
-0.609,0.2
-0.697,0.948
-0.709,1.048
-0.744,-1.656
-0.669,-1.303
-0.746,-1.917
-0.695,-0.242
-0.743,0.232
-0.769,-0.146
-0.838,-2.272
-0.834,-2.481
-0.843,-0.207
-0.89,0.286
-0.931,0.821
-0.867,-0.415
-0.93,-1.864
-0.945,-0.044
-1.039,1.273
-1.053,-1.143
-1.114,-0.83
-1.175,-0.866
-1.183,-1.351
-1.145,-0.275
-1.213,-0.594
-1.148,0.97
-1.19,0.649
-1.24,-2.423
-1.319,0.789
-1.383,-1.723
-1.374,-0.528
-1.342,0.431
-1.409,-0.98
-1.56,1.339
-1.642,-1.594
-1.658,-2.385
-1.667,0.922
-1.68,-2.202
-1.763,-1.69
-1.859,-0.505
-1.828,-0.383
-1.919,-0.564
-1.889,1.231
-1.946,-0.267
-2.018,-1.033
-2.028,0.518
-2.042,-1.116
-2.116,0.623
-2.064,0.222
-2.147,0.021
-2.166,-1.083
-2.178,-0.354
-2.141,-0.869
-2.179,-1.029
-2.196,-1.243
-2.254,-1.627
-2.242,0.786
-2.279,-0.484
-2.269,-0.01
-2.299,-2.52
-2.317,-0.274
-2.422,-0.46
-2.456,-0.144
-2.44,0.149
-2.504,-0.861
-2.64,-2.333
-2.709,-1.423
-2.746,-1.23
-2.686,-1.052
-2.708,-1.321
-2.775,-2.442
-2.802,-0.081
-2.807,0.027
-2.886,-0.859
-2.856,-0.176
-2.934,1.194
-2.88,-0.72
-2.86,0.291
-2.939,-0.4
-2.9,-2.542
-2.945,-1.054
-2.887,-2.118
-2.926,-1.214
-3.037,-1.416
-3.044,-1.034
-3.112,-1.087
-3.059,-1.506
-3.086,-0.883
-3.139,-0.519
-3.107,-1.113
-3.09,-0.485
-3.108,-2.401
-3.123,-1.395
3.132,0.104
3.132,-0.825
3.134,-0.335
3.097,0.151
3.093,1.149
3.064,-2.48
2.368,-2.597
2.32,-2.534
1.436,-2.675
1.085,-2.636
0.404,-2.768
0.421,-2.629
-0.099,-2.871
-0.109,-2.615
-0.139,-2.666
-1.225,-2.863
-1.766,-2.624
-1.963,-2.844
-2.525,-2.697
-2.933,-2.999
2.983,1.765
2.944,1.657
2.761,1.49
2.322,1.544
2.332,1.81
1.883,1.853
1.495,1.695
1.258,1.475
1.269,1.773
0.66,1.721
0.541,1.61
0.416,1.531
0.321,1.488
-0.208,1.658
-0.501,1.561
-0.712,1.718
-0.956,1.879
-1.037,1.591
-1.787,1.902
-2.028,1.451
-2.309,1.587
-2.731,1.613
-2.839,1.663
-2.828,1.541
3.085,1.77
2.779,1.393
2.473,-1.235
2.381,-1.998
1.711,-0.074
1.728,-2.378
1.285,-1.39
-0.181,-2.225
-0.662,-0.228
-1.495,1.081
-1.789,0.357
-2.245,-1.512
-2.718,-1.851
-1.257,-2.779
-1.315,1.66
3.119,1.427
3.095,-0.77
2.948,-1.088
3.028,-1.227
2.96,1.332
2.847,-1.401
2.718,0.929
2.839,-2.344
2.766,0.55
2.744,-0.903
2.742,0.438
2.681,0.066
2.589,0.541
2.478,0.383
2.569,-0.732
2.37,1.232
2.327,-0.866
2.267,-1.646
2.246,0.449
2.096,-2.565
2.036,-0.51
2.131,-0.66
2.021,-2.29
1.91,-0.126
1.915,-0.515
1.601,0.122
1.714,1.12
1.592,-0.609
1.572,1.319
1.513,1.229
1.407,-0.94
1.339,0.044
1.322,-0.761
1.088,1.37
1.108,-2.45
1.094,-2.244
0.867,1.119
0.957,-1.99
0.759,-2.366
0.599,-0.395
0.602,-1.18
0.662,-1.399
0.65,-2.548
0.601,0.256
0.573,-1.448
0.428,-1.035
0.43,1.245
0.475,-1.496
0.024,-2.046
0.153,-1.478
0.048,-0.264
0.052,-1.259
-0.074,-2.198
0.019,0.958
-0.064,-1.017
-0.103,0.785
-0.282,-0.583
-0.325,-0.601
-0.325,1.253
-0.262,0.628
-0.413,-1.432
-0.418,-1.447
-0.285,-1.887
-0.442,-0.73
-0.334,1.359
-0.348,0.218
-0.483,-2.093
-0.367,0.123
-0.384,0.295
-0.372,-1.492
-0.472,-1.341
-0.581,-0.24
-0.651,0.525
-0.574,-2.536
-0.585,-0.153
-0.707,1.406
-0.754,-0.524
-0.643,-2.251
-0.721,-0.721
-0.783,-1.001
-0.97,1.071
-0.935,-2.42
-0.966,0.784
-1.1,-1.954
-1.003,-1.255
-1.115,0.186
-1.042,-2.237
-1.215,-0.235
-1.255,-2.377
-1.137,0.254
-1.273,-2.329
-1.335,-2.305
-1.471,-0.195
-1.359,-1.164
-1.482,-2.428
-1.435,-2.58
-1.439,-2.303
-1.477,-1.228
-1.641,0.366
-1.812,1.06
-1.923,-0.837
-1.941,-1.113
-1.947,-1.069
-1.945,-0.125
-1.951,-0.178
-1.973,-0.243
-2.08,-0.411
-2.112,-1.812
-2.147,-0.319
-2.21,-1.9
-2.252,-1.103
-2.31,-0.602
-2.621,-1.271
-2.516,-1.236
-2.787,-1.158
-2.665,-0.824
-2.716,-1.443
-2.839,-2.433
-3.032,1.223
-2.908,-0.55
-3.056,-0.326
-3.066,-2.261
-2.984,0.89
3.132,-1.734
3.129,0.331
3.116,0.935
3.019,-0.502
3.11,-0.909
2.822,-2.786
2.352,-2.555
2.119,-2.837
1.804,-2.893
1.686,-2.842
1.276,-2.638
0.641,-2.905
0.164,-2.849
-0.03,-2.7
-1.694,-2.514
-1.894,-2.801
-1.931,-2.91
-2.223,-2.743
-2.166,-2.718
3.014,-2.745
2.83,1.436
2.758,1.538
2.332,1.723
1.872,1.643
0.747,1.74
0.378,1.437
0.515,1.443
0.157,1.48
0.28,1.561
0.045,1.778
-0.122,1.751
-0.244,1.478
-0.634,1.596
-0.779,1.513
-0.664,1.876
-0.657,1.594
-1.141,1.757
-1.473,1.905
-1.736,1.828
-2.168,1.688
-2.627,1.657
-2.733,1.703
-2.772,1.665
0.084,-0.704
-0.364,-1.302
-1.597,-2.469
-1.859,-1.151
-2.194,-0.466
0.84,0.081
-0.632,0.825
-2.713,-0.222
-2.734,-0.423
-2.79,-0.079
-3.012,-1.542
2.563,0.422
1.583,-1.202
1.488,-0.914
1.339,-0.405
1.604,-2.774
-0.416,-2.298
-0.635,1.545
-2.4,1.121
-2.488,1.354
-2.716,1.281
-2.641,1.1
-1.742,1.265
-1.272,1.712
0.01,2.371
-0.039,-0.115
-0.115,-0.336
-0.116,2.653
-0.136,1.081
-0.201,1.839
-0.17,-0.37
-0.178,1.778
-0.177,1.726
-0.192,3.163
-0.204,2.941
-0.208,1.418
-0.226,1.172
-0.306,0.417
-0.299,1.459
-0.299,0.855
-0.238,1.381
-0.303,2.023
-0.343,2.542
-0.411,1.262
-0.366,0.961
-0.465,-0.227
-0.487,0.657
-0.487,-0.076
-0.426,3.38
-0.466,2.043
-0.543,3.013
-0.531,1.255
-0.569,3.501
-0.59,1.749
-0.537,1.223
-0.551,2.304
-0.639,3.052
-0.651,3.152
-0.686,0.448
-0.611,0.801
-0.688,0.187
-0.637,1.862
-0.685,2.336
-0.711,1.958
-0.78,-0.168
-0.776,-0.377
-0.785,1.897
-0.832,2.39
-0.873,2.925
-0.809,1.689
-0.872,0.24
-0.887,2.06
-0.981,3.377
-0.995,0.961
-1.056,1.274
-1.117,1.238
-1.125,0.753
-1.087,1.829
-1.155,1.51
-1.09,3.074
-1.132,2.753
-1.182,-0.319
-1.261,2.893
-1.325,0.381
-1.316,1.576
-1.284,2.535
-1.351,1.124
-1.502,3.443
-1.584,0.51
-1.6,-0.281
-1.609,3.026
-1.622,-0.098
-1.705,0.414
-1.801,1.599
-1.77,1.721
-1.861,1.54
-1.831,3.335
-1.888,1.837
-1.96,1.071
-1.97,2.622
-1.984,0.988
-2.058,2.727
-2.006,2.326
-2.089,2.125
-2.108,1.021
-2.12,1.75
-2.083,1.235
-2.121,1.075
-2.138,0.861
-2.196,0.477
-2.184,2.89
-2.221,1.62
-2.211,2.094
-2.241,-0.416
-2.259,1.83
-2.364,1.644
-2.398,1.96
-2.382,2.253
-2.446,1.243
-2.582,-0.229
-2.651,0.681
-2.688,0.874
-2.628,1.052
-2.65,0.783
-2.717,-0.338
-2.744,2.023
-2.749,2.131
-2.828,1.245
-2.798,1.928
-2.876,3.298
-2.822,1.384
-2.802,2.395
-2.881,1.704
-2.842,-0.438
-2.887,1.05
-2.829,-0.014
-2.868,0.89
-2.979,0.688
-2.986,1.07
-3.054,1.017
-3.001,0.598
-3.028,1.221
-3.081,1.585
-3.049,0.991
-3.032,1.619
-3.05,-0.297
-3.065,0.709
-3.093,2.208
-3.093,1.279
-3.091,1.769
-3.128,2.255
-3.132,3.253
3.122,-0.376
2.426,-0.493
2.378,-0.43
1.494,-0.571
1.143,-0.532
0.462,-0.664
0.479,-0.525
-0.041,-0.767
-0.051,-0.511
-0.081,-0.562
-1.167,-0.759
-1.708,-0.52
-1.905,-0.74
-2.467,-0.593
-2.875,-0.895
3.041,3.869
3.002,3.761
2.819,3.594
2.38,3.648
2.39,3.914
1.941,3.957
1.553,3.799
1.316,3.579
1.327,3.877
0.718,3.825
0.599,3.714
0.474,3.635
0.379,3.592
-0.15,3.762
-0.443,3.665
-0.654,3.822
-0.898,3.983
-0.979,3.695
-1.729,4.006
-1.97,3.555
-2.251,3.691
-2.673,3.717
-2.781,3.767
-2.77,3.645
-3.14,3.874
2.837,3.497
2.531,0.869
2.439,0.106
1.769,2.03
1.786,-0.274
1.343,0.714
-0.123,-0.121
-0.604,1.876
-1.437,3.185
-1.731,2.461
-2.187,0.592
-2.66,0.253
-1.199,-0.675
-1.257,3.764
-3.106,3.531
-3.13,1.334
3.006,1.016
3.086,0.877
3.018,3.436
2.905,0.703
2.776,3.033
2.897,-0.24
2.824,2.654
2.802,1.201
2.8,2.542
2.739,2.17
2.647,2.645
2.536,2.487
2.627,1.372
2.428,3.336
2.385,1.238
2.325,0.458
2.304,2.553
2.154,-0.461
2.094,1.594
2.189,1.444
2.079,-0.186
1.968,1.978
1.973,1.589
1.659,2.226
1.772,3.224
1.65,1.495
1.63,3.423
1.571,3.333
1.465,1.164
1.397,2.148
1.38,1.343
1.146,3.474
1.166,-0.346
1.152,-0.14
0.925,3.223
1.015,0.114
0.817,-0.262
0.657,1.709
0.66,0.924
0.72,0.705
0.708,-0.444
0.659,2.36
0.631,0.656
0.486,1.069
0.488,3.349
0.533,0.608
0.082,0.058
0.211,0.626
0.106,1.84
0.11,0.845
-0.016,-0.094
0.077,3.062
-0.006,1.087
-0.045,2.889
-0.224,1.521
-0.267,1.503
-0.267,3.357
-0.204,2.732
-0.355,0.672
-0.36,0.657
-0.227,0.217
-0.384,1.374
-0.276,3.463
-0.29,2.322
-0.425,0.011
-0.309,2.227
-0.326,2.399
-0.314,0.612
-0.414,0.763
-0.523,1.864
-0.593,2.629
-0.516,-0.432
-0.527,1.951
-0.649,3.51
-0.696,1.58
-0.585,-0.147
-0.663,1.383
-0.725,1.103
-0.912,3.175
-0.877,-0.316
-0.908,2.888
-1.042,0.15
-0.945,0.849
-1.057,2.29
-0.984,-0.133
-1.157,1.869
-1.197,-0.273
-1.079,2.358
-1.215,-0.225
-1.277,-0.201
-1.413,1.909
-1.301,0.94
-1.424,-0.324
-1.377,-0.476
-1.381,-0.199
-1.419,0.876
-1.583,2.47
-1.754,3.164
-1.865,1.267
-1.883,0.991
-1.889,1.035
-1.887,1.979
-1.893,1.926
-1.915,1.861
-2.022,1.693
-2.054,0.292
-2.089,1.785
-2.152,0.204
-2.194,1.001
-2.252,1.502
-2.563,0.833
-2.458,0.868
-2.729,0.946
-2.607,1.28
-2.658,0.661
-2.781,-0.329
-2.974,3.327
-2.85,1.554
-2.998,1.778
-3.008,-0.157
-2.926,2.994
-3.093,0.37
-3.096,2.435
-3.109,3.039
3.077,1.602
-3.115,1.195
2.88,-0.682
2.41,-0.451
2.177,-0.733
1.862,-0.789
1.744,-0.738
1.334,-0.534
0.699,-0.801
0.222,-0.745
0.028,-0.596
-1.636,-0.41
-1.836,-0.697
-1.873,-0.806
-2.165,-0.639
-2.108,-0.614
3.072,-0.641
2.888,3.54
2.816,3.642
2.39,3.827
1.93,3.747
0.805,3.844
0.436,3.541
0.573,3.547
0.215,3.584
0.338,3.665
0.103,3.882
-0.064,3.855
-0.186,3.582
-0.576,3.7
-0.721,3.617
-0.606,3.98
-0.599,3.698
-1.083,3.861
-1.415,4.009
-1.678,3.932
-2.11,3.792
-2.569,3.761
-2.675,3.807
-2.714,3.769
0.142,1.4
-0.306,0.802
-1.539,-0.365
-1.801,0.953
-2.136,1.638
0.898,2.185
-0.574,2.929
-2.655,1.882
-2.676,1.681
-2.732,2.025
-2.954,0.562
2.621,2.526
1.641,0.902
1.546,1.19
1.397,1.699
1.662,-0.67
-0.358,-0.194
-0.577,3.649
-2.342,3.225
-2.43,3.458
-2.658,3.385
-2.583,3.204
-1.684,3.369
-1.214,3.816
-0.049,-2.486
-0.125,-2.707
-0.126,0.282
-0.146,-1.29
-0.211,-0.532
-0.18,-2.741
-0.188,-0.593
-0.187,-0.645
-0.202,0.792
-0.214,0.57
-0.218,-0.953
-0.236,-1.199
-0.316,-1.954
-0.309,-0.912
-0.309,-1.516
-0.248,-0.99
-0.313,-0.348
-0.353,0.171
-0.421,-1.109
-0.376,-1.41
-0.475,-2.598
-0.497,-1.714
-0.497,-2.447
-0.436,1.009
-0.476,-0.328
-0.553,0.642
-0.541,-1.116
-0.579,1.13
-0.6,-0.622
-0.547,-1.148
-0.561,-0.067
-0.649,0.681
-0.661,0.781
-0.696,-1.923
-0.621,-1.57
-0.698,-2.184
-0.647,-0.509
-0.695,-0.035
-0.721,-0.413
-0.79,-2.539
-0.786,-2.748
-0.795,-0.474
-0.842,0.019
-0.883,0.554
-0.819,-0.682
-0.882,-2.131
-0.897,-0.311
-0.991,1.006
-1.005,-1.41
-1.066,-1.097
-1.127,-1.133
-1.135,-1.618
-1.097,-0.542
-1.165,-0.861
-1.1,0.703
-1.142,0.382
-1.192,-2.69
-1.271,0.522
-1.335,-1.99
-1.326,-0.795
-1.294,0.164
-1.361,-1.247
-1.512,1.072
-1.594,-1.861
-1.61,-2.652
-1.619,0.655
-1.632,-2.469
-1.715,-1.957
-1.811,-0.772
-1.78,-0.65
-1.871,-0.831
-1.841,0.964
-1.898,-0.534
-1.97,-1.3
-1.98,0.251
-1.994,-1.383
-2.068,0.356
-2.016,-0.045
-2.099,-0.246
-2.118,-1.35
-2.13,-0.621
-2.093,-1.136
-2.131,-1.296
-2.148,-1.51
-2.206,-1.894
-2.194,0.519
-2.231,-0.751
-2.221,-0.277
-2.251,-2.787
-2.269,-0.541
-2.374,-0.727
-2.408,-0.411
-2.392,-0.118
-2.456,-1.128
-2.592,-2.6
-2.661,-1.69
-2.698,-1.497
-2.638,-1.319
-2.66,-1.588
-2.727,-2.709
-2.754,-0.348
-2.759,-0.24
-2.838,-1.126
-2.808,-0.443
-2.886,0.927
-2.832,-0.987
-2.812,0.024
-2.891,-0.667
-2.852,-2.809
-2.897,-1.321
-2.839,-2.385
-2.878,-1.481
-2.989,-1.683
-2.996,-1.301
-3.064,-1.354
-3.011,-1.773
-3.038,-1.15
-3.091,-0.786
-3.059,-1.38
-3.042,-0.752
-3.06,-2.668
-3.075,-1.662
-3.103,-0.163
-3.103,-1.092
-3.101,-0.602
-3.138,-0.116
3.141,0.882
3.112,-2.747
2.416,-2.864
2.368,-2.801
1.484,-2.942
1.133,-2.903
0.452,-3.035
0.469,-2.896
-0.051,-3.138
-0.061,-2.882
-0.091,-2.933
-1.177,-3.13
-1.718,-2.891
-1.915,-3.111
-2.477,-2.964
-2.885,-3.266
3.031,1.498
2.992,1.39
2.809,1.223
2.37,1.277
2.38,1.543
1.931,1.586
1.543,1.428
1.306,1.208
1.317,1.506
0.708,1.454
0.589,1.343
0.464,1.264
0.369,1.221
-0.16,1.391
-0.453,1.294
-0.664,1.451
-0.908,1.612
-0.989,1.324
-1.739,1.635
-1.98,1.184
-2.261,1.32
-2.683,1.346
-2.791,1.396
-2.78,1.274
3.133,1.503
2.827,1.126
2.521,-1.502
2.429,-2.265
1.759,-0.341
1.776,-2.645
1.333,-1.657
-0.133,-2.492
-0.614,-0.495
-1.447,0.814
-1.741,0.09
-2.197,-1.779
-2.67,-2.118
-1.209,-3.046
-1.267,1.393
-3.116,1.16
-3.14,-1.037
2.996,-1.355
3.076,-1.494
3.008,1.065
2.895,-1.668
2.766,0.662
2.887,-2.611
2.814,0.283
2.792,-1.17
2.79,0.171
2.729,-0.201
2.637,0.274
2.526,0.116
2.617,-0.999
2.418,0.965
2.375,-1.133
2.315,-1.913
2.294,0.182
2.144,-2.832
2.084,-0.777
2.179,-0.927
2.069,-2.557
1.958,-0.393
1.963,-0.782
1.649,-0.145
1.762,0.853
1.64,-0.876
1.62,1.052
1.561,0.962
1.455,-1.207
1.387,-0.223
1.37,-1.028
1.136,1.103
1.156,-2.717
1.142,-2.511
0.915,0.852
1.005,-2.257
0.807,-2.633
0.647,-0.662
0.65,-1.447
0.71,-1.666
0.698,-2.815
0.649,-0.011
0.621,-1.715
0.476,-1.302
0.478,0.978
0.523,-1.763
0.072,-2.313
0.201,-1.745
0.096,-0.531
0.1,-1.526
-0.026,-2.465
0.067,0.691
-0.016,-1.284
-0.055,0.518
-0.234,-0.85
-0.277,-0.868
-0.277,0.986
-0.214,0.361
-0.365,-1.699
-0.37,-1.714
-0.237,-2.154
-0.394,-0.997
-0.286,1.092
-0.3,-0.049
-0.435,-2.36
-0.319,-0.144
-0.336,0.028
-0.324,-1.759
-0.424,-1.608
-0.533,-0.507
-0.603,0.258
-0.526,-2.803
-0.537,-0.42
-0.659,1.139
-0.706,-0.791
-0.595,-2.518
-0.673,-0.988
-0.735,-1.268
-0.922,0.804
-0.887,-2.687
-0.918,0.517
-1.052,-2.221
-0.955,-1.522
-1.067,-0.081
-0.994,-2.504
-1.167,-0.502
-1.207,-2.644
-1.089,-0.013
-1.225,-2.596
-1.287,-2.572
-1.423,-0.462
-1.311,-1.431
-1.434,-2.695
-1.387,-2.847
-1.391,-2.57
-1.429,-1.495
-1.593,0.099
-1.764,0.793
-1.875,-1.104
-1.893,-1.38
-1.899,-1.336
-1.897,-0.392
-1.903,-0.445
-1.925,-0.51
-2.032,-0.678
-2.064,-2.079
-2.099,-0.586
-2.162,-2.167
-2.204,-1.37
-2.262,-0.869
-2.573,-1.538
-2.468,-1.503
-2.739,-1.425
-2.617,-1.091
-2.668,-1.71
-2.791,-2.7
-2.984,0.956
-2.86,-0.817
-3.008,-0.593
-3.018,-2.528
-2.936,0.623
-3.103,-2.001
-3.106,0.064
-3.119,0.668
3.067,-0.769
-3.125,-1.176
2.87,-3.053
2.4,-2.822
2.167,-3.104
1.852,-3.16
1.734,-3.109
1.324,-2.905
0.689,-3.172
0.212,-3.116
0.018,-2.967
-1.646,-2.781
-1.846,-3.068
-1.883,-3.177
-2.175,-3.01
-2.118,-2.985
3.062,-3.012
2.878,1.169
2.806,1.271
2.38,1.456
1.92,1.376
0.795,1.473
0.426,1.17
0.563,1.176
0.205,1.213
0.328,1.294
0.093,1.511
-0.074,1.484
-0.196,1.211
-0.586,1.329
-0.731,1.246
-0.616,1.609
-0.609,1.327
-1.093,1.49
-1.425,1.638
-1.688,1.561
-2.12,1.421
-2.579,1.39
-2.685,1.436
-2.724,1.398
0.132,-0.971
-0.316,-1.569
-1.549,-2.736
-1.811,-1.418
-2.146,-0.733
0.888,-0.186
-0.584,0.558
-2.665,-0.489
-2.686,-0.69
-2.742,-0.346
-2.964,-1.809
2.611,0.155
1.631,-1.469
1.536,-1.181
1.387,-0.672
1.652,-3.041
-0.368,-2.565
-0.587,1.278
-2.352,0.854
-2.44,1.087
-2.668,1.014
-2.593,0.833
-1.694,0.998
-1.224,1.445
-0.076,-0.221
-0.077,2.768
-0.097,1.196
-0.162,1.954
-0.131,-0.255
-0.139,1.893
-0.138,1.841
-0.153,3.278
-0.165,3.056
-0.169,1.533
-0.187,1.287
-0.267,0.532
-0.26,1.574
-0.26,0.97
-0.199,1.496
-0.264,2.138
-0.304,2.657
-0.372,1.377
-0.327,1.076
-0.426,-0.112
-0.448,0.772
-0.448,0.039
-0.387,3.495
-0.427,2.158
-0.504,3.128
-0.492,1.37
-0.53,3.616
-0.551,1.864
-0.498,1.338
-0.512,2.419
-0.6,3.167
-0.612,3.267
-0.647,0.563
-0.572,0.916
-0.649,0.302
-0.598,1.977
-0.646,2.451
-0.672,2.073
-0.741,-0.053
-0.737,-0.262
-0.746,2.012
-0.793,2.505
-0.834,3.04
-0.77,1.804
-0.833,0.355
-0.848,2.175
-0.942,3.492
-0.956,1.076
-1.017,1.389
-1.078,1.353
-1.086,0.868
-1.048,1.944
-1.116,1.625
-1.051,3.189
-1.093,2.868
-1.143,-0.204
-1.222,3.008
-1.286,0.496
-1.277,1.691
-1.245,2.65
-1.312,1.239
-1.463,3.558
-1.545,0.625
-1.561,-0.166
-1.57,3.141
-1.583,0.017
-1.666,0.529
-1.762,1.714
-1.731,1.836
-1.822,1.655
-1.792,3.45
-1.849,1.952
-1.921,1.186
-1.931,2.737
-1.945,1.103
-2.019,2.842
-1.967,2.441
-2.05,2.24
-2.069,1.136
-2.081,1.865
-2.044,1.35
-2.082,1.19
-2.099,0.976
-2.157,0.592
-2.145,3.005
-2.182,1.735
-2.172,2.209
-2.202,-0.301
-2.22,1.945
-2.325,1.759
-2.359,2.075
-2.343,2.368
-2.407,1.358
-2.543,-0.114
-2.612,0.796
-2.649,0.989
-2.589,1.167
-2.611,0.898
-2.678,-0.223
-2.705,2.138
-2.71,2.246
-2.789,1.36
-2.759,2.043
-2.837,3.413
-2.783,1.499
-2.763,2.51
-2.842,1.819
-2.803,-0.323
-2.848,1.165
-2.79,0.101
-2.829,1.005
-2.94,0.803
-2.947,1.185
-3.015,1.132
-2.962,0.713
-2.989,1.336
-3.042,1.7
-3.01,1.106
-2.993,1.734
-3.011,-0.182
-3.026,0.824
-3.054,2.323
-3.054,1.394
-3.052,1.884
-3.089,2.37
-3.093,3.368
-3.122,-0.261
2.465,-0.378
2.417,-0.315
1.533,-0.456
1.182,-0.417
0.501,-0.549
0.518,-0.41
-0.002,-0.652
-0.012,-0.396
-0.042,-0.447
-1.128,-0.644
-1.669,-0.405
-1.866,-0.625
-2.428,-0.478
-2.836,-0.78
3.08,3.984
3.041,3.876
2.858,3.709
2.419,3.763
2.429,4.029
1.98,4.072
1.592,3.914
1.355,3.694
1.366,3.992
0.757,3.94
0.638,3.829
0.513,3.75
0.418,3.707
-0.111,3.877
-0.404,3.78
-0.615,3.937
-0.859,4.098
-0.94,3.81
-1.69,4.121
-1.931,3.67
-2.212,3.806
-2.634,3.832
-2.742,3.882
-2.731,3.76
-3.101,3.989
2.876,3.612
2.57,0.984
2.478,0.221
1.808,2.145
1.825,-0.159
1.382,0.829
-0.084,-0.006
-0.565,1.991
-1.398,3.3
-1.692,2.576
-2.148,0.707
-2.621,0.368
-1.16,-0.56
-1.218,3.879
-3.067,3.646
-3.091,1.449
3.045,1.131
3.125,0.992
3.057,3.551
2.944,0.818
2.815,3.148
2.936,-0.125
2.863,2.769
2.841,1.316
2.839,2.657
2.778,2.285
2.686,2.76
2.575,2.602
2.666,1.487
2.467,3.451
2.424,1.353
2.364,0.573
2.343,2.668
2.193,-0.346
2.133,1.709
2.228,1.559
2.118,-0.071
2.007,2.093
2.012,1.704
1.698,2.341
1.811,3.339
1.689,1.61
1.669,3.538
1.61,3.448
1.504,1.279
1.436,2.263
1.419,1.458
1.185,3.589
1.205,-0.231
1.191,-0.025
0.964,3.338
1.054,0.229
0.856,-0.147
0.696,1.824
0.699,1.039
0.759,0.82
0.747,-0.329
0.698,2.475
0.67,0.771
0.525,1.184
0.527,3.464
0.572,0.723
0.121,0.173
0.25,0.741
0.145,1.955
0.149,0.96
0.023,0.021
0.116,3.177
0.033,1.202
-0.006,3.004
-0.185,1.636
-0.228,1.618
-0.228,3.472
-0.165,2.847
-0.316,0.787
-0.321,0.772
-0.188,0.332
-0.345,1.489
-0.237,3.578
-0.251,2.437
-0.386,0.126
-0.27,2.342
-0.287,2.514
-0.275,0.727
-0.375,0.878
-0.484,1.979
-0.554,2.744
-0.477,-0.317
-0.488,2.066
-0.61,3.625
-0.657,1.695
-0.546,-0.032
-0.624,1.498
-0.686,1.218
-0.873,3.29
-0.838,-0.201
-0.869,3.003
-1.003,0.265
-0.906,0.964
-1.018,2.405
-0.945,-0.018
-1.118,1.984
-1.158,-0.158
-1.04,2.473
-1.176,-0.11
-1.238,-0.086
-1.374,2.024
-1.262,1.055
-1.385,-0.209
-1.338,-0.361
-1.342,-0.084
-1.38,0.991
-1.544,2.585
-1.715,3.279
-1.826,1.382
-1.844,1.106
-1.85,1.15
-1.848,2.094
-1.854,2.041
-1.876,1.976
-1.983,1.808
-2.015,0.407
-2.05,1.9
-2.113,0.319
-2.155,1.116
-2.213,1.617
-2.524,0.948
-2.419,0.983
-2.69,1.061
-2.568,1.395
-2.619,0.776
-2.742,-0.214
-2.935,3.442
-2.811,1.669
-2.959,1.893
-2.969,-0.042
-2.887,3.109
-3.054,0.485
-3.057,2.55
-3.07,3.154
3.116,1.717
-3.076,1.31
2.919,-0.567
2.449,-0.336
2.216,-0.618
1.901,-0.674
1.783,-0.623
1.373,-0.419
0.738,-0.686
0.261,-0.63
0.067,-0.481
-1.597,-0.295
-1.797,-0.582
-1.834,-0.691
-2.126,-0.524
-2.069,-0.499
3.111,-0.526
2.927,3.655
2.855,3.757
2.429,3.942
1.969,3.862
0.844,3.959
0.475,3.656
0.612,3.662
0.254,3.699
0.377,3.78
0.142,3.997
-0.025,3.97
-0.147,3.697
-0.537,3.815
-0.682,3.732
-0.567,4.095
-0.56,3.813
-1.044,3.976
-1.376,4.124
-1.639,4.047
-2.071,3.907
-2.53,3.876
-2.636,3.922
-2.675,3.884
0.181,1.515
-0.267,0.917
-1.5,-0.25
-1.762,1.068
-2.097,1.753
0.937,2.3
-0.535,3.044
-2.616,1.997
-2.637,1.796
-2.693,2.14
-2.915,0.677
2.66,2.641
1.68,1.017
1.585,1.305
1.436,1.814
1.701,-0.555
-0.319,-0.079
-0.538,3.764
-2.303,3.34
-2.391,3.573
-2.619,3.5
-2.544,3.319
-1.645,3.484
-1.175,3.931
-0.001,2.989
-0.021,1.417
-0.086,2.175
-0.055,-0.034
-0.063,2.114
-0.062,2.062
-0.077,3.499
-0.089,3.277
-0.093,1.754
-0.111,1.508
-0.191,0.753
-0.184,1.795
-0.184,1.191
-0.123,1.717
-0.188,2.359
-0.228,2.878
-0.296,1.598
-0.251,1.297
-0.35,0.109
-0.372,0.993
-0.372,0.26
-0.311,3.716
-0.351,2.379
-0.428,3.349
-0.416,1.591
-0.454,3.837
-0.475,2.085
-0.422,1.559
-0.436,2.64
-0.524,3.388
-0.536,3.488
-0.571,0.784
-0.496,1.137
-0.573,0.523
-0.522,2.198
-0.57,2.672
-0.596,2.294
-0.665,0.168
-0.661,-0.041
-0.67,2.233
-0.717,2.726
-0.758,3.261
-0.694,2.025
-0.757,0.576
-0.772,2.396
-0.866,3.713
-0.88,1.297
-0.941,1.61
-1.002,1.574
-1.01,1.089
-0.972,2.165
-1.04,1.846
-0.975,3.41
-1.017,3.089
-1.067,0.017
-1.146,3.229
-1.21,0.717
-1.201,1.912
-1.169,2.871
-1.236,1.46
-1.387,3.779
-1.469,0.846
-1.485,0.055
-1.494,3.362
-1.507,0.238
-1.59,0.75
-1.686,1.935
-1.655,2.057
-1.746,1.876
-1.716,3.671
-1.773,2.173
-1.845,1.407
-1.855,2.958
-1.869,1.324
-1.943,3.063
-1.891,2.662
-1.974,2.461
-1.993,1.357
-2.005,2.086
-1.968,1.571
-2.006,1.411
-2.023,1.197
-2.081,0.813
-2.069,3.226
-2.106,1.956
-2.096,2.43
-2.126,-0.08
-2.144,2.166
-2.249,1.98
-2.283,2.296
-2.267,2.589
-2.331,1.579
-2.467,0.107
-2.536,1.017
-2.573,1.21
-2.513,1.388
-2.535,1.119
-2.602,-0.002
-2.629,2.359
-2.634,2.467
-2.713,1.581
-2.683,2.264
-2.761,3.634
-2.707,1.72
-2.687,2.731
-2.766,2.04
-2.727,-0.102
-2.772,1.386
-2.714,0.322
-2.753,1.226
-2.864,1.024
-2.871,1.406
-2.939,1.353
-2.886,0.934
-2.913,1.557
-2.966,1.921
-2.934,1.327
-2.917,1.955
-2.935,0.039
-2.95,1.045
-2.978,2.544
-2.978,1.615
-2.976,2.105
-3.013,2.591
-3.017,3.589
-3.046,-0.04
2.541,-0.157
2.493,-0.094
1.609,-0.235
1.258,-0.196
0.577,-0.328
0.594,-0.189
0.074,-0.431
0.064,-0.175
0.034,-0.226
-1.052,-0.423
-1.593,-0.184
-1.79,-0.404
-2.352,-0.257
-2.76,-0.559
-3.127,4.205
3.117,4.097
2.934,3.93
2.495,3.984
2.505,4.25
2.056,4.293
1.668,4.135
1.431,3.915
1.442,4.213
0.833,4.161
0.714,4.05
0.589,3.971
0.494,3.928
-0.035,4.098
-0.328,4.001
-0.539,4.158
-0.783,4.319
-0.864,4.031
-1.614,4.342
-1.855,3.891
-2.136,4.027
-2.558,4.053
-2.666,4.103
-2.655,3.981
-3.025,4.21
2.952,3.833
2.646,1.205
2.554,0.442
1.884,2.366
1.901,0.062
1.458,1.05
-0.008,0.215
-0.489,2.212
-1.322,3.521
-1.616,2.797
-2.072,0.928
-2.545,0.589
-1.084,-0.339
-1.142,4.1
-2.991,3.867
-3.015,1.67
3.121,1.352
-3.082,1.213
3.133,3.772
3.02,1.039
2.891,3.369
3.012,0.096
2.939,2.99
2.917,1.537
2.915,2.878
2.854,2.506
2.762,2.981
2.651,2.823
2.742,1.708
2.543,3.672
2.5,1.574
2.44,0.794
2.419,2.889
2.269,-0.125
2.209,1.93
2.304,1.78
2.194,0.15
2.083,2.314
2.088,1.925
1.774,2.562
1.887,3.56
1.765,1.831
1.745,3.759
1.686,3.669
1.58,1.5
1.512,2.484
1.495,1.679
1.261,3.81
1.281,-0.01
1.267,0.196
1.04,3.559
1.13,0.45
0.932,0.074
0.772,2.045
0.775,1.26
0.835,1.041
0.823,-0.108
0.774,2.696
0.746,0.992
0.601,1.405
0.603,3.685
0.648,0.944
0.197,0.394
0.326,0.962
0.221,2.176
0.225,1.181
0.099,0.242
0.192,3.398
0.109,1.423
0.07,3.225
-0.109,1.857
-0.152,1.839
-0.152,3.693
-0.089,3.068
-0.24,1.008
-0.245,0.993
-0.112,0.553
-0.269,1.71
-0.161,3.799
-0.175,2.658
-0.31,0.347
-0.194,2.563
-0.211,2.735
-0.199,0.948
-0.299,1.099
-0.408,2.2
-0.478,2.965
-0.401,-0.096
-0.412,2.287
-0.534,3.846
-0.581,1.916
-0.47,0.189
-0.548,1.719
-0.61,1.439
-0.797,3.511
-0.762,0.02
-0.793,3.224
-0.927,0.486
-0.83,1.185
-0.942,2.626
-0.869,0.203
-1.042,2.205
-1.082,0.063
-0.964,2.694
-1.1,0.111
-1.162,0.135
-1.298,2.245
-1.186,1.276
-1.309,0.012
-1.262,-0.14
-1.266,0.137
-1.304,1.212
-1.468,2.806
-1.639,3.5
-1.75,1.603
-1.768,1.327
-1.774,1.371
-1.772,2.315
-1.778,2.262
-1.8,2.197
-1.907,2.029
-1.939,0.628
-1.974,2.121
-2.037,0.54
-2.079,1.337
-2.137,1.838
-2.448,1.169
-2.343,1.204
-2.614,1.282
-2.492,1.616
-2.543,0.997
-2.666,0.007
-2.859,3.663
-2.735,1.89
-2.883,2.114
-2.893,0.179
-2.811,3.33
-2.978,0.706
-2.981,2.771
-2.994,3.375
-3.091,1.938
-3.0,1.531
2.995,-0.346
2.525,-0.115
2.292,-0.397
1.977,-0.453
1.859,-0.402
1.449,-0.198
0.814,-0.465
0.337,-0.409
0.143,-0.26
-1.521,-0.074
-1.721,-0.361
-1.758,-0.47
-2.05,-0.303
-1.993,-0.278
-3.096,-0.305
3.003,3.876
2.931,3.978
2.505,4.163
2.045,4.083
0.92,4.18
0.551,3.877
0.688,3.883
0.33,3.92
0.453,4.001
0.218,4.218
0.051,4.191
-0.071,3.918
-0.461,4.036
-0.606,3.953
-0.491,4.316
-0.484,4.034
-0.968,4.197
-1.3,4.345
-1.563,4.268
-1.995,4.128
-2.454,4.097
-2.56,4.143
-2.599,4.105
0.257,1.736
-0.191,1.138
-1.424,-0.029
-1.686,1.289
-2.021,1.974
1.013,2.521
-0.459,3.265
-2.54,2.218
-2.561,2.017
-2.617,2.361
-2.839,0.898
2.736,2.862
1.756,1.238
1.661,1.526
1.512,2.035
1.777,-0.334
-0.243,0.142
-0.462,3.985
-2.227,3.561
-2.315,3.794
-2.543,3.721
-2.468,3.54
-1.569,3.705
-1.099,4.152
-0.02,-1.572
-0.085,-0.814
-0.054,-3.023
-0.062,-0.875
-0.061,-0.927
-0.076,0.51
-0.088,0.288
-0.092,-1.235
-0.11,-1.481
-0.19,-2.236
-0.183,-1.194
-0.183,-1.798
-0.122,-1.272
-0.187,-0.63
-0.227,-0.111
-0.295,-1.391
-0.25,-1.692
-0.349,-2.88
-0.371,-1.996
-0.371,-2.729
-0.31,0.727
-0.35,-0.61
-0.427,0.36
-0.415,-1.398
-0.453,0.848
-0.474,-0.904
-0.421,-1.43
-0.435,-0.349
-0.523,0.399
-0.535,0.499
-0.57,-2.205
-0.495,-1.852
-0.572,-2.466
-0.521,-0.791
-0.569,-0.317
-0.595,-0.695
-0.664,-2.821
-0.66,-3.03
-0.669,-0.756
-0.716,-0.263
-0.757,0.272
-0.693,-0.964
-0.756,-2.413
-0.771,-0.593
-0.865,0.724
-0.879,-1.692
-0.94,-1.379
-1.001,-1.415
-1.009,-1.9
-0.971,-0.824
-1.039,-1.143
-0.974,0.421
-1.016,0.1
-1.066,-2.972
-1.145,0.24
-1.209,-2.272
-1.2,-1.077
-1.168,-0.118
-1.235,-1.529
-1.386,0.79
-1.468,-2.143
-1.484,-2.934
-1.493,0.373
-1.506,-2.751
-1.589,-2.239
-1.685,-1.054
-1.654,-0.932
-1.745,-1.113
-1.715,0.682
-1.772,-0.816
-1.844,-1.582
-1.854,-0.031
-1.868,-1.665
-1.942,0.074
-1.89,-0.327
-1.973,-0.528
-1.992,-1.632
-2.004,-0.903
-1.967,-1.418
-2.005,-1.578
-2.022,-1.792
-2.08,-2.176
-2.068,0.237
-2.105,-1.033
-2.095,-0.559
-2.125,-3.069
-2.143,-0.823
-2.248,-1.009
-2.282,-0.693
-2.266,-0.4
-2.33,-1.41
-2.466,-2.882
-2.535,-1.972
-2.572,-1.779
-2.512,-1.601
-2.534,-1.87
-2.601,-2.991
-2.628,-0.63
-2.633,-0.522
-2.712,-1.408
-2.682,-0.725
-2.76,0.645
-2.706,-1.269
-2.686,-0.258
-2.765,-0.949
-2.726,-3.091
-2.771,-1.603
-2.713,-2.667
-2.752,-1.763
-2.863,-1.965
-2.87,-1.583
-2.938,-1.636
-2.885,-2.055
-2.912,-1.432
-2.965,-1.068
-2.933,-1.662
-2.916,-1.034
-2.934,-2.95
-2.949,-1.944
-2.977,-0.445
-2.977,-1.374
-2.975,-0.884
-3.012,-0.398
-3.016,0.6
-3.045,-3.029
2.542,-3.146
2.494,-3.083
1.61,-3.224
1.259,-3.185
0.578,-3.317
0.595,-3.178
0.075,-3.42
0.065,-3.164
0.035,-3.215
-1.051,-3.412
-1.592,-3.173
-1.789,-3.393
-2.351,-3.246
-2.759,-3.548
-3.126,1.216
3.118,1.108
2.935,0.941
2.496,0.995
2.506,1.261
2.057,1.304
1.669,1.146
1.432,0.926
1.443,1.224
0.834,1.172
0.715,1.061
0.59,0.982
0.495,0.939
-0.034,1.109
-0.327,1.012
-0.538,1.169
-0.782,1.33
-0.863,1.042
-1.613,1.353
-1.854,0.902
-2.135,1.038
-2.557,1.064
-2.665,1.114
-2.654,0.992
-3.024,1.221
2.953,0.844
2.647,-1.784
2.555,-2.547
1.885,-0.623
1.902,-2.927
1.459,-1.939
-0.007,-2.774
-0.488,-0.777
-1.321,0.532
-1.615,-0.192
-2.071,-2.061
-2.544,-2.4
-1.083,-3.328
-1.141,1.111
-2.99,0.878
-3.014,-1.319
3.122,-1.637
-3.081,-1.776
3.134,0.783
3.021,-1.95
2.892,0.38
3.013,-2.893
2.94,0.001
2.918,-1.452
2.916,-0.111
2.855,-0.483
2.763,-0.008
2.652,-0.166
2.743,-1.281
2.544,0.683
2.501,-1.415
2.441,-2.195
2.42,-0.1
2.27,-3.114
2.21,-1.059
2.305,-1.209
2.195,-2.839
2.084,-0.675
2.089,-1.064
1.775,-0.427
1.888,0.571
1.766,-1.158
1.746,0.77
1.687,0.68
1.581,-1.489
1.513,-0.505
1.496,-1.31
1.262,0.821
1.282,-2.999
1.268,-2.793
1.041,0.57
1.131,-2.539
0.933,-2.915
0.773,-0.944
0.776,-1.729
0.836,-1.948
0.824,-3.097
0.775,-0.293
0.747,-1.997
0.602,-1.584
0.604,0.696
0.649,-2.045
0.198,-2.595
0.327,-2.027
0.222,-0.813
0.226,-1.808
0.1,-2.747
0.193,0.409
0.11,-1.566
0.071,0.236
-0.108,-1.132
-0.151,-1.15
-0.151,0.704
-0.088,0.079
-0.239,-1.981
-0.244,-1.996
-0.111,-2.436
-0.268,-1.279
-0.16,0.81
-0.174,-0.331
-0.309,-2.642
-0.193,-0.426
-0.21,-0.254
-0.198,-2.041
-0.298,-1.89
-0.407,-0.789
-0.477,-0.024
-0.4,-3.085
-0.411,-0.702
-0.533,0.857
-0.58,-1.073
-0.469,-2.8
-0.547,-1.27
-0.609,-1.55
-0.796,0.522
-0.761,-2.969
-0.792,0.235
-0.926,-2.503
-0.829,-1.804
-0.941,-0.363
-0.868,-2.786
-1.041,-0.784
-1.081,-2.926
-0.963,-0.295
-1.099,-2.878
-1.161,-2.854
-1.297,-0.744
-1.185,-1.713
-1.308,-2.977
-1.261,-3.129
-1.265,-2.852
-1.303,-1.777
-1.467,-0.183
-1.638,0.511
-1.749,-1.386
-1.767,-1.662
-1.773,-1.618
-1.771,-0.674
-1.777,-0.727
-1.799,-0.792
-1.906,-0.96
-1.938,-2.361
-1.973,-0.868
-2.036,-2.449
-2.078,-1.652
-2.136,-1.151
-2.447,-1.82
-2.342,-1.785
-2.613,-1.707
-2.491,-1.373
-2.542,-1.992
-2.665,-2.982
-2.858,0.674
-2.734,-1.099
-2.882,-0.875
-2.892,-2.81
-2.81,0.341
-2.977,-2.283
-2.98,-0.218
-2.993,0.386
-3.09,-1.051
-2.999,-1.458
2.996,-3.335
2.526,-3.104
2.293,-3.386
1.978,-3.442
1.86,-3.391
1.45,-3.187
0.815,-3.454
0.338,-3.398
0.144,-3.249
-1.52,-3.063
-1.72,-3.35
-1.757,-3.459
-2.049,-3.292
-1.992,-3.267
-3.095,-3.294
3.004,0.887
2.932,0.989
2.506,1.174
2.046,1.094
0.921,1.191
0.552,0.888
0.689,0.894
0.331,0.931
0.454,1.012
0.219,1.229
0.052,1.202
-0.07,0.929
-0.46,1.047
-0.605,0.964
-0.49,1.327
-0.483,1.045
-0.967,1.208
-1.299,1.356
-1.562,1.279
-1.994,1.139
-2.453,1.108
-2.559,1.154
-2.598,1.116
0.258,-1.253
-0.19,-1.851
-1.423,-3.018
-1.685,-1.7
-2.02,-1.015
1.014,-0.468
-0.458,0.276
-2.539,-0.771
-2.56,-0.972
-2.616,-0.628
-2.838,-2.091
2.737,-0.127
1.757,-1.751
1.662,-1.463
1.513,-0.954
1.778,-3.323
-0.242,-2.847
-0.461,0.996
-2.226,0.572
-2.314,0.805
-2.542,0.732
-2.467,0.551
-1.568,0.716
-1.098,1.163
-0.065,0.758
-0.034,-1.451
-0.042,0.697
-0.041,0.645
-0.056,2.082
-0.068,1.86
-0.072,0.337
-0.09,0.091
-0.17,-0.664
-0.163,0.378
-0.163,-0.226
-0.102,0.3
-0.167,0.942
-0.207,1.461
-0.275,0.181
-0.23,-0.12
-0.329,-1.308
-0.351,-0.424
-0.351,-1.157
-0.29,2.299
-0.33,0.962
-0.407,1.932
-0.395,0.174
-0.433,2.42
-0.454,0.668
-0.401,0.142
-0.415,1.223
-0.503,1.971
-0.515,2.071
-0.55,-0.633
-0.475,-0.28
-0.552,-0.894
-0.501,0.781
-0.549,1.255
-0.575,0.877
-0.644,-1.249
-0.64,-1.458
-0.649,0.816
-0.696,1.309
-0.737,1.844
-0.673,0.608
-0.736,-0.841
-0.751,0.979
-0.845,2.296
-0.859,-0.12
-0.92,0.193
-0.981,0.157
-0.989,-0.328
-0.951,0.748
-1.019,0.429
-0.954,1.993
-0.996,1.672
-1.046,-1.4
-1.125,1.812
-1.189,-0.7
-1.18,0.495
-1.148,1.454
-1.215,0.043
-1.366,2.362
-1.448,-0.571
-1.464,-1.362
-1.473,1.945
-1.486,-1.179
-1.569,-0.667
-1.665,0.518
-1.634,0.64
-1.725,0.459
-1.695,2.254
-1.752,0.756
-1.824,-0.01
-1.834,1.541
-1.848,-0.093
-1.922,1.646
-1.87,1.245
-1.953,1.044
-1.972,-0.06
-1.984,0.669
-1.947,0.154
-1.985,-0.006
-2.002,-0.22
-2.06,-0.604
-2.048,1.809
-2.085,0.539
-2.075,1.013
-2.105,-1.497
-2.123,0.749
-2.228,0.563
-2.262,0.879
-2.246,1.172
-2.31,0.162
-2.446,-1.31
-2.515,-0.4
-2.552,-0.207
-2.492,-0.029
-2.514,-0.298
-2.581,-1.419
-2.608,0.942
-2.613,1.05
-2.692,0.164
-2.662,0.847
-2.74,2.217
-2.686,0.303
-2.666,1.314
-2.745,0.623
-2.706,-1.519
-2.751,-0.031
-2.693,-1.095
-2.732,-0.191
-2.843,-0.393
-2.85,-0.011
-2.918,-0.064
-2.865,-0.483
-2.892,0.14
-2.945,0.504
-2.913,-0.09
-2.896,0.538
-2.914,-1.378
-2.929,-0.372
-2.957,1.127
-2.957,0.198
-2.955,0.688
-2.992,1.174
-2.996,2.172
-3.025,-1.457
2.562,-1.574
2.514,-1.511
1.63,-1.652
1.279,-1.613
0.598,-1.745
0.615,-1.606
0.095,-1.848
0.085,-1.592
0.055,-1.643
-1.031,-1.84
-1.572,-1.601
-1.769,-1.821
-2.331,-1.674
-2.739,-1.976
-3.106,2.788
3.138,2.68
2.955,2.513
2.516,2.567
2.526,2.833
2.077,2.876
1.689,2.718
1.452,2.498
1.463,2.796
0.854,2.744
0.735,2.633
0.61,2.554
0.515,2.511
-0.014,2.681
-0.307,2.584
-0.518,2.741
-0.762,2.902
-0.843,2.614
-1.593,2.925
-1.834,2.474
-2.115,2.61
-2.537,2.636
-2.645,2.686
-2.634,2.564
-3.004,2.793
2.973,2.416
2.667,-0.212
2.575,-0.975
1.905,0.949
1.922,-1.355
1.479,-0.367
0.013,-1.202
-0.468,0.795
-1.301,2.104
-1.595,1.38
-2.051,-0.489
-2.524,-0.828
-1.063,-1.756
-1.121,2.683
-2.97,2.45
-2.994,0.253
-3.141,-0.065
-3.061,-0.204
-3.129,2.355
3.041,-0.378
2.912,1.952
3.033,-1.321
2.96,1.573
2.938,0.12
2.936,1.461
2.875,1.089
2.783,1.564
2.672,1.406
2.763,0.291
2.564,2.255
2.521,0.157
2.461,-0.623
2.44,1.472
2.29,-1.542
2.23,0.513
2.325,0.363
2.215,-1.267
2.104,0.897
2.109,0.508
1.795,1.145
1.908,2.143
1.786,0.414
1.766,2.342
1.707,2.252
1.601,0.083
1.533,1.067
1.516,0.262
1.282,2.393
1.302,-1.427
1.288,-1.221
1.061,2.142
1.151,-0.967
0.953,-1.343
0.793,0.628
0.796,-0.157
0.856,-0.376
0.844,-1.525
0.795,1.279
0.767,-0.425
0.622,-0.012
0.624,2.268
0.669,-0.473
0.218,-1.023
0.347,-0.455
0.242,0.759
0.246,-0.236
0.12,-1.175
0.213,1.981
0.13,0.006
0.091,1.808
-0.088,0.44
-0.131,0.422
-0.131,2.276
-0.068,1.651
-0.219,-0.409
-0.224,-0.424
-0.091,-0.864
-0.248,0.293
-0.14,2.382
-0.154,1.241
-0.289,-1.07
-0.173,1.146
-0.19,1.318
-0.178,-0.469
-0.278,-0.318
-0.387,0.783
-0.457,1.548
-0.38,-1.513
-0.391,0.87
-0.513,2.429
-0.56,0.499
-0.449,-1.228
-0.527,0.302
-0.589,0.022
-0.776,2.094
-0.741,-1.397
-0.772,1.807
-0.906,-0.931
-0.809,-0.232
-0.921,1.209
-0.848,-1.214
-1.021,0.788
-1.061,-1.354
-0.943,1.277
-1.079,-1.306
-1.141,-1.282
-1.277,0.828
-1.165,-0.141
-1.288,-1.405
-1.241,-1.557
-1.245,-1.28
-1.283,-0.205
-1.447,1.389
-1.618,2.083
-1.729,0.186
-1.747,-0.09
-1.753,-0.046
-1.751,0.898
-1.757,0.845
-1.779,0.78
-1.886,0.612
-1.918,-0.789
-1.953,0.704
-2.016,-0.877
-2.058,-0.08
-2.116,0.421
-2.427,-0.248
-2.322,-0.213
-2.593,-0.135
-2.471,0.199
-2.522,-0.42
-2.645,-1.41
-2.838,2.246
-2.714,0.473
-2.862,0.697
-2.872,-1.238
-2.79,1.913
-2.957,-0.711
-2.96,1.354
-2.973,1.958
-3.07,0.521
-2.979,0.114
3.016,-1.763
2.546,-1.532
2.313,-1.814
1.998,-1.87
1.88,-1.819
1.47,-1.615
0.835,-1.882
0.358,-1.826
0.164,-1.677
-1.5,-1.491
-1.7,-1.778
-1.737,-1.887
-2.029,-1.72
-1.972,-1.695
-3.075,-1.722
3.024,2.459
2.952,2.561
2.526,2.746
2.066,2.666
0.941,2.763
0.572,2.46
0.709,2.466
0.351,2.503
0.474,2.584
0.239,2.801
0.072,2.774
-0.05,2.501
-0.44,2.619
-0.585,2.536
-0.47,2.899
-0.463,2.617
-0.947,2.78
-1.279,2.928
-1.542,2.851
-1.974,2.711
-2.433,2.68
-2.539,2.726
-2.578,2.688
0.278,0.319
-0.17,-0.279
-1.403,-1.446
-1.665,-0.128
-2.0,0.557
1.034,1.104
-0.438,1.848
-2.519,0.801
-2.54,0.6
-2.596,0.944
-2.818,-0.519
2.757,1.445
1.777,-0.179
1.682,0.109
1.533,0.618
1.798,-1.751
-0.222,-1.275
-0.441,2.568
-2.206,2.144
-2.294,2.377
-2.522,2.304
-2.447,2.123
-1.548,2.288
-1.078,2.735
0.031,-2.209
0.023,-0.061
0.024,-0.113
0.009,1.324
-0.003,1.102
-0.007,-0.421
-0.025,-0.667
-0.105,-1.422
-0.098,-0.38
-0.098,-0.984
-0.037,-0.458
-0.102,0.184
-0.142,0.703
-0.21,-0.577
-0.165,-0.878
-0.264,-2.066
-0.286,-1.182
-0.286,-1.915
-0.225,1.541
-0.265,0.204
-0.342,1.174
-0.33,-0.584
-0.368,1.662
-0.389,-0.09
-0.336,-0.616
-0.35,0.465
-0.438,1.213
-0.45,1.313
-0.485,-1.391
-0.41,-1.038
-0.487,-1.652
-0.436,0.023
-0.484,0.497
-0.51,0.119
-0.579,-2.007
-0.575,-2.216
-0.584,0.058
-0.631,0.551
-0.672,1.086
-0.608,-0.15
-0.671,-1.599
-0.686,0.221
-0.78,1.538
-0.794,-0.878
-0.855,-0.565
-0.916,-0.601
-0.924,-1.086
-0.886,-0.01
-0.954,-0.329
-0.889,1.235
-0.931,0.914
-0.981,-2.158
-1.06,1.054
-1.124,-1.458
-1.115,-0.263
-1.083,0.696
-1.15,-0.715
-1.301,1.604
-1.383,-1.329
-1.399,-2.12
-1.408,1.187
-1.421,-1.937
-1.504,-1.425
-1.6,-0.24
-1.569,-0.118
-1.66,-0.299
-1.63,1.496
-1.687,-0.002
-1.759,-0.768
-1.769,0.783
-1.783,-0.851
-1.857,0.888
-1.805,0.487
-1.888,0.286
-1.907,-0.818
-1.919,-0.089
-1.882,-0.604
-1.92,-0.764
-1.937,-0.978
-1.995,-1.362
-1.983,1.051
-2.02,-0.219
-2.01,0.255
-2.04,-2.255
-2.058,-0.009
-2.163,-0.195
-2.197,0.121
-2.181,0.414
-2.245,-0.596
-2.381,-2.068
-2.45,-1.158
-2.487,-0.965
-2.427,-0.787
-2.449,-1.056
-2.516,-2.177
-2.543,0.184
-2.548,0.292
-2.627,-0.594
-2.597,0.089
-2.675,1.459
-2.621,-0.455
-2.601,0.556
-2.68,-0.135
-2.641,-2.277
-2.686,-0.789
-2.628,-1.853
-2.667,-0.949
-2.778,-1.151
-2.785,-0.769
-2.853,-0.822
-2.8,-1.241
-2.827,-0.618
-2.88,-0.254
-2.848,-0.848
-2.831,-0.22
-2.849,-2.136
-2.864,-1.13
-2.892,0.369
-2.892,-0.56
-2.89,-0.07
-2.927,0.416
-2.931,1.414
-2.96,-2.215
2.627,-2.332
2.579,-2.269
1.695,-2.41
1.344,-2.371
0.663,-2.503
0.68,-2.364
0.16,-2.606
0.15,-2.35
0.12,-2.401
-0.966,-2.598
-1.507,-2.359
-1.704,-2.579
-2.266,-2.432
-2.674,-2.734
-3.041,2.03
-3.08,1.922
3.02,1.755
2.581,1.809
2.591,2.075
2.142,2.118
1.754,1.96
1.517,1.74
1.528,2.038
0.919,1.986
0.8,1.875
0.675,1.796
0.58,1.753
0.051,1.923
-0.242,1.826
-0.453,1.983
-0.697,2.144
-0.778,1.856
-1.528,2.167
-1.769,1.716
-2.05,1.852
-2.472,1.878
-2.58,1.928
-2.569,1.806
-2.939,2.035
3.038,1.658
2.732,-0.97
2.64,-1.733
1.97,0.191
1.987,-2.113
1.544,-1.125
0.078,-1.96
-0.403,0.037
-1.236,1.346
-1.53,0.622
-1.986,-1.247
-2.459,-1.586
-0.998,-2.514
-1.056,1.925
-2.905,1.692
-2.929,-0.505
-3.076,-0.823
-2.996,-0.962
-3.064,1.597
3.106,-1.136
2.977,1.194
3.098,-2.079
3.025,0.815
3.003,-0.638
3.001,0.703
2.94,0.331
2.848,0.806
2.737,0.648
2.828,-0.467
2.629,1.497
2.586,-0.601
2.526,-1.381
2.505,0.714
2.355,-2.3
2.295,-0.245
2.39,-0.395
2.28,-2.025
2.169,0.139
2.174,-0.25
1.86,0.387
1.973,1.385
1.851,-0.344
1.831,1.584
1.772,1.494
1.666,-0.675
1.598,0.309
1.581,-0.496
1.347,1.635
1.367,-2.185
1.353,-1.979
1.126,1.384
1.216,-1.725
1.018,-2.101
0.858,-0.13
0.861,-0.915
0.921,-1.134
0.909,-2.283
0.86,0.521
0.832,-1.183
0.687,-0.77
0.689,1.51
0.734,-1.231
0.283,-1.781
0.412,-1.213
0.307,0.001
0.311,-0.994
0.185,-1.933
0.278,1.223
0.195,-0.752
0.156,1.05
-0.023,-0.318
-0.066,-0.336
-0.066,1.518
-0.003,0.893
-0.154,-1.167
-0.159,-1.182
-0.026,-1.622
-0.183,-0.465
-0.075,1.624
-0.089,0.483
-0.224,-1.828
-0.108,0.388
-0.125,0.56
-0.113,-1.227
-0.213,-1.076
-0.322,0.025
-0.392,0.79
-0.315,-2.271
-0.326,0.112
-0.448,1.671
-0.495,-0.259
-0.384,-1.986
-0.462,-0.456
-0.524,-0.736
-0.711,1.336
-0.676,-2.155
-0.707,1.049
-0.841,-1.689
-0.744,-0.99
-0.856,0.451
-0.783,-1.972
-0.956,0.03
-0.996,-2.112
-0.878,0.519
-1.014,-2.064
-1.076,-2.04
-1.212,0.07
-1.1,-0.899
-1.223,-2.163
-1.176,-2.315
-1.18,-2.038
-1.218,-0.963
-1.382,0.631
-1.553,1.325
-1.664,-0.572
-1.682,-0.848
-1.688,-0.804
-1.686,0.14
-1.692,0.087
-1.714,0.022
-1.821,-0.146
-1.853,-1.547
-1.888,-0.054
-1.951,-1.635
-1.993,-0.838
-2.051,-0.337
-2.362,-1.006
-2.257,-0.971
-2.528,-0.893
-2.406,-0.559
-2.457,-1.178
-2.58,-2.168
-2.773,1.488
-2.649,-0.285
-2.797,-0.061
-2.807,-1.996
-2.725,1.155
-2.892,-1.469
-2.895,0.596
-2.908,1.2
-3.005,-0.237
-2.914,-0.644
3.081,-2.521
2.611,-2.29
2.378,-2.572
2.063,-2.628
1.945,-2.577
1.535,-2.373
0.9,-2.64
0.423,-2.584
0.229,-2.435
-1.435,-2.249
-1.635,-2.536
-1.672,-2.645
-1.964,-2.478
-1.907,-2.453
-3.01,-2.48
3.089,1.701
3.017,1.803
2.591,1.988
2.131,1.908
1.006,2.005
0.637,1.702
0.774,1.708
0.416,1.745
0.539,1.826
0.304,2.043
0.137,2.016
0.015,1.743
-0.375,1.861
-0.52,1.778
-0.405,2.141
-0.398,1.859
-0.882,2.022
-1.214,2.17
-1.477,2.093
-1.909,1.953
-2.368,1.922
-2.474,1.968
-2.513,1.93
0.343,-0.439
-0.105,-1.037
-1.338,-2.204
-1.6,-0.886
-1.935,-0.201
1.099,0.346
-0.373,1.09
-2.454,0.043
-2.475,-0.158
-2.531,0.186
-2.753,-1.277
2.822,0.687
1.842,-0.937
1.747,-0.649
1.598,-0.14
1.863,-2.509
-0.157,-2.033
-0.376,1.81
-2.141,1.386
-2.229,1.619
-2.457,1.546
-2.382,1.365
-1.483,1.53
-1.013,1.977
-0.008,2.148
-0.007,2.096
-0.022,3.533
-0.034,3.311
-0.038,1.788
-0.056,1.542
-0.136,0.787
-0.129,1.829
-0.129,1.225
-0.068,1.751
-0.133,2.393
-0.173,2.912
-0.241,1.632
-0.196,1.331
-0.295,0.143
-0.317,1.027
-0.317,0.294
-0.256,3.75
-0.296,2.413
-0.373,3.383
-0.361,1.625
-0.399,3.871
-0.42,2.119
-0.367,1.593
-0.381,2.674
-0.469,3.422
-0.481,3.522
-0.516,0.818
-0.441,1.171
-0.518,0.557
-0.467,2.232
-0.515,2.706
-0.541,2.328
-0.61,0.202
-0.606,-0.007
-0.615,2.267
-0.662,2.76
-0.703,3.295
-0.639,2.059
-0.702,0.61
-0.717,2.43
-0.811,3.747
-0.825,1.331
-0.886,1.644
-0.947,1.608
-0.955,1.123
-0.917,2.199
-0.985,1.88
-0.92,3.444
-0.962,3.123
-1.012,0.051
-1.091,3.263
-1.155,0.751
-1.146,1.946
-1.114,2.905
-1.181,1.494
-1.332,3.813
-1.414,0.88
-1.43,0.089
-1.439,3.396
-1.452,0.272
-1.535,0.784
-1.631,1.969
-1.6,2.091
-1.691,1.91
-1.661,3.705
-1.718,2.207
-1.79,1.441
-1.8,2.992
-1.814,1.358
-1.888,3.097
-1.836,2.696
-1.919,2.495
-1.938,1.391
-1.95,2.12
-1.913,1.605
-1.951,1.445
-1.968,1.231
-2.026,0.847
-2.014,3.26
-2.051,1.99
-2.041,2.464
-2.071,-0.046
-2.089,2.2
-2.194,2.014
-2.228,2.33
-2.212,2.623
-2.276,1.613
-2.412,0.141
-2.481,1.051
-2.518,1.244
-2.458,1.422
-2.48,1.153
-2.547,0.032
-2.574,2.393
-2.579,2.501
-2.658,1.615
-2.628,2.298
-2.706,3.668
-2.652,1.754
-2.632,2.765
-2.711,2.074
-2.672,-0.068
-2.717,1.42
-2.659,0.356
-2.698,1.26
-2.809,1.058
-2.816,1.44
-2.884,1.387
-2.831,0.968
-2.858,1.591
-2.911,1.955
-2.879,1.361
-2.862,1.989
-2.88,0.073
-2.895,1.079
-2.923,2.578
-2.923,1.649
-2.921,2.139
-2.958,2.625
-2.962,3.623
-2.991,-0.006
2.596,-0.123
2.548,-0.06
1.664,-0.201
1.313,-0.162
0.632,-0.294
0.649,-0.155
0.129,-0.397
0.119,-0.141
0.089,-0.192
-0.997,-0.389
-1.538,-0.15
-1.735,-0.37
-2.297,-0.223
-2.705,-0.525
-3.072,4.239
-3.111,4.131
2.989,3.964
2.55,4.018
2.56,4.284
2.111,4.327
1.723,4.169
1.486,3.949
1.497,4.247
0.888,4.195
0.769,4.084
0.644,4.005
0.549,3.962
0.02,4.132
-0.273,4.035
-0.484,4.192
-0.728,4.353
-0.809,4.065
-1.559,4.376
-1.8,3.925
-2.081,4.061
-2.503,4.087
-2.611,4.137
-2.6,4.015
-2.97,4.244
3.007,3.867
2.701,1.239
2.609,0.476
1.939,2.4
1.956,0.096
1.513,1.084
0.047,0.249
-0.434,2.246
-1.267,3.555
-1.561,2.831
-2.017,0.962
-2.49,0.623
-1.029,-0.305
-1.087,4.134
-2.936,3.901
-2.96,1.704
-3.107,1.386
-3.027,1.247
-3.095,3.806
3.075,1.073
2.946,3.403
3.067,0.13
2.994,3.024
2.972,1.571
2.97,2.912
2.909,2.54
2.817,3.015
2.706,2.857
2.797,1.742
2.598,3.706
2.555,1.608
2.495,0.828
2.474,2.923
2.324,-0.091
2.264,1.964
2.359,1.814
2.249,0.184
2.138,2.348
2.143,1.959
1.829,2.596
1.942,3.594
1.82,1.865
1.8,3.793
1.741,3.703
1.635,1.534
1.567,2.518
1.55,1.713
1.316,3.844
1.336,0.024
1.322,0.23
1.095,3.593
1.185,0.484
0.987,0.108
0.827,2.079
0.83,1.294
0.89,1.075
0.878,-0.074
0.829,2.73
0.801,1.026
0.656,1.439
0.658,3.719
0.703,0.978
0.252,0.428
0.381,0.996
0.276,2.21
0.28,1.215
0.154,0.276
0.247,3.432
0.164,1.457
0.125,3.259
-0.054,1.891
-0.097,1.873
-0.097,3.727
-0.034,3.102
-0.185,1.042
-0.19,1.027
-0.057,0.587
-0.214,1.744
-0.106,3.833
-0.12,2.692
-0.255,0.381
-0.139,2.597
-0.156,2.769
-0.144,0.982
-0.244,1.133
-0.353,2.234
-0.423,2.999
-0.346,-0.062
-0.357,2.321
-0.479,3.88
-0.526,1.95
-0.415,0.223
-0.493,1.753
-0.555,1.473
-0.742,3.545
-0.707,0.054
-0.738,3.258
-0.872,0.52
-0.775,1.219
-0.887,2.66
-0.814,0.237
-0.987,2.239
-1.027,0.097
-0.909,2.728
-1.045,0.145
-1.107,0.169
-1.243,2.279
-1.131,1.31
-1.254,0.046
-1.207,-0.106
-1.211,0.171
-1.249,1.246
-1.413,2.84
-1.584,3.534
-1.695,1.637
-1.713,1.361
-1.719,1.405
-1.717,2.349
-1.723,2.296
-1.745,2.231
-1.852,2.063
-1.884,0.662
-1.919,2.155
-1.982,0.574
-2.024,1.371
-2.082,1.872
-2.393,1.203
-2.288,1.238
-2.559,1.316
-2.437,1.65
-2.488,1.031
-2.611,0.041
-2.804,3.697
-2.68,1.924
-2.828,2.148
-2.838,0.213
-2.756,3.364
-2.923,0.74
-2.926,2.805
-2.939,3.409
-3.036,1.972
-2.945,1.565
3.05,-0.312
2.58,-0.081
2.347,-0.363
2.032,-0.419
1.914,-0.368
1.504,-0.164
0.869,-0.431
0.392,-0.375
0.198,-0.226
-1.466,-0.04
-1.666,-0.327
-1.703,-0.436
-1.995,-0.269
-1.938,-0.244
-3.041,-0.271
3.058,3.91
2.986,4.012
2.56,4.197
2.1,4.117
0.975,4.214
0.606,3.911
0.743,3.917
0.385,3.954
0.508,4.035
0.273,4.252
0.106,4.225
-0.016,3.952
-0.406,4.07
-0.551,3.987
-0.436,4.35
-0.429,4.068
-0.913,4.231
-1.245,4.379
-1.508,4.302
-1.94,4.162
-2.399,4.131
-2.505,4.177
-2.544,4.139
0.312,1.77
-0.136,1.172
-1.369,0.005
-1.631,1.323
-1.966,2.008
1.068,2.555
-0.404,3.299
-2.485,2.252
-2.506,2.051
-2.562,2.395
-2.784,0.932
2.791,2.896
1.811,1.272
1.716,1.56
1.567,2.069
1.832,-0.3
-0.188,0.176
-0.407,4.019
-2.172,3.595
-2.26,3.828
-2.488,3.755
-2.413,3.574
-1.514,3.739
-1.044,4.186
0.001,-0.052
-0.014,1.385
-0.026,1.163
-0.03,-0.36
-0.048,-0.606
-0.128,-1.361
-0.121,-0.319
-0.121,-0.923
-0.06,-0.397
-0.125,0.245
-0.165,0.764
-0.233,-0.516
-0.188,-0.817
-0.287,-2.005
-0.309,-1.121
-0.309,-1.854
-0.248,1.602
-0.288,0.265
-0.365,1.235
-0.353,-0.523
-0.391,1.723
-0.412,-0.029
-0.359,-0.555
-0.373,0.526
-0.461,1.274
-0.473,1.374
-0.508,-1.33
-0.433,-0.977
-0.51,-1.591
-0.459,0.084
-0.507,0.558
-0.533,0.18
-0.602,-1.946
-0.598,-2.155
-0.607,0.119
-0.654,0.612
-0.695,1.147
-0.631,-0.089
-0.694,-1.538
-0.709,0.282
-0.803,1.599
-0.817,-0.817
-0.878,-0.504
-0.939,-0.54
-0.947,-1.025
-0.909,0.051
-0.977,-0.268
-0.912,1.296
-0.954,0.975
-1.004,-2.097
-1.083,1.115
-1.147,-1.397
-1.138,-0.202
-1.106,0.757
-1.173,-0.654
-1.324,1.665
-1.406,-1.268
-1.422,-2.059
-1.431,1.248
-1.444,-1.876
-1.527,-1.364
-1.623,-0.179
-1.592,-0.057
-1.683,-0.238
-1.653,1.557
-1.71,0.059
-1.782,-0.707
-1.792,0.844
-1.806,-0.79
-1.88,0.949
-1.828,0.548
-1.911,0.347
-1.93,-0.757
-1.942,-0.028
-1.905,-0.543
-1.943,-0.703
-1.96,-0.917
-2.018,-1.301
-2.006,1.112
-2.043,-0.158
-2.033,0.316
-2.063,-2.194
-2.081,0.052
-2.186,-0.134
-2.22,0.182
-2.204,0.475
-2.268,-0.535
-2.404,-2.007
-2.473,-1.097
-2.51,-0.904
-2.45,-0.726
-2.472,-0.995
-2.539,-2.116
-2.566,0.245
-2.571,0.353
-2.65,-0.533
-2.62,0.15
-2.698,1.52
-2.644,-0.394
-2.624,0.617
-2.703,-0.074
-2.664,-2.216
-2.709,-0.728
-2.651,-1.792
-2.69,-0.888
-2.801,-1.09
-2.808,-0.708
-2.876,-0.761
-2.823,-1.18
-2.85,-0.557
-2.903,-0.193
-2.871,-0.787
-2.854,-0.159
-2.872,-2.075
-2.887,-1.069
-2.915,0.43
-2.915,-0.499
-2.913,-0.009
-2.95,0.477
-2.954,1.475
-2.983,-2.154
2.604,-2.271
2.556,-2.208
1.672,-2.349
1.321,-2.31
0.64,-2.442
0.657,-2.303
0.137,-2.545
0.127,-2.289
0.097,-2.34
-0.989,-2.537
-1.53,-2.298
-1.727,-2.518
-2.289,-2.371
-2.697,-2.673
-3.064,2.091
-3.103,1.983
2.997,1.816
2.558,1.87
2.568,2.136
2.119,2.179
1.731,2.021
1.494,1.801
1.505,2.099
0.896,2.047
0.777,1.936
0.652,1.857
0.557,1.814
0.028,1.984
-0.265,1.887
-0.476,2.044
-0.72,2.205
-0.801,1.917
-1.551,2.228
-1.792,1.777
-2.073,1.913
-2.495,1.939
-2.603,1.989
-2.592,1.867
-2.962,2.096
3.015,1.719
2.709,-0.909
2.617,-1.672
1.947,0.252
1.964,-2.052
1.521,-1.064
0.055,-1.899
-0.426,0.098
-1.259,1.407
-1.553,0.683
-2.009,-1.186
-2.482,-1.525
-1.021,-2.453
-1.079,1.986
-2.928,1.753
-2.952,-0.444
-3.099,-0.762
-3.019,-0.901
-3.087,1.658
3.083,-1.075
2.954,1.255
3.075,-2.018
3.002,0.876
2.98,-0.577
2.978,0.764
2.917,0.392
2.825,0.867
2.714,0.709
2.805,-0.406
2.606,1.558
2.563,-0.54
2.503,-1.32
2.482,0.775
2.332,-2.239
2.272,-0.184
2.367,-0.334
2.257,-1.964
2.146,0.2
2.151,-0.189
1.837,0.448
1.95,1.446
1.828,-0.283
1.808,1.645
1.749,1.555
1.643,-0.614
1.575,0.37
1.558,-0.435
1.324,1.696
1.344,-2.124
1.33,-1.918
1.103,1.445
1.193,-1.664
0.995,-2.04
0.835,-0.069
0.838,-0.854
0.898,-1.073
0.886,-2.222
0.837,0.582
0.809,-1.122
0.664,-0.709
0.666,1.571
0.711,-1.17
0.26,-1.72
0.389,-1.152
0.284,0.062
0.288,-0.933
0.162,-1.872
0.255,1.284
0.172,-0.691
0.133,1.111
-0.046,-0.257
-0.089,-0.275
-0.089,1.579
-0.026,0.954
-0.177,-1.106
-0.182,-1.121
-0.049,-1.561
-0.206,-0.404
-0.098,1.685
-0.112,0.544
-0.247,-1.767
-0.131,0.449
-0.148,0.621
-0.136,-1.166
-0.236,-1.015
-0.345,0.086
-0.415,0.851
-0.338,-2.21
-0.349,0.173
-0.471,1.732
-0.518,-0.198
-0.407,-1.925
-0.485,-0.395
-0.547,-0.675
-0.734,1.397
-0.699,-2.094
-0.73,1.11
-0.864,-1.628
-0.767,-0.929
-0.879,0.512
-0.806,-1.911
-0.979,0.091
-1.019,-2.051
-0.901,0.58
-1.037,-2.003
-1.099,-1.979
-1.235,0.131
-1.123,-0.838
-1.246,-2.102
-1.199,-2.254
-1.203,-1.977
-1.241,-0.902
-1.405,0.692
-1.576,1.386
-1.687,-0.511
-1.705,-0.787
-1.711,-0.743
-1.709,0.201
-1.715,0.148
-1.737,0.083
-1.844,-0.085
-1.876,-1.486
-1.911,0.007
-1.974,-1.574
-2.016,-0.777
-2.074,-0.276
-2.385,-0.945
-2.28,-0.91
-2.551,-0.832
-2.429,-0.498
-2.48,-1.117
-2.603,-2.107
-2.796,1.549
-2.672,-0.224
-2.82,0.0
-2.83,-1.935
-2.748,1.216
-2.915,-1.408
-2.918,0.657
-2.931,1.261
-3.028,-0.176
-2.937,-0.583
3.058,-2.46
2.588,-2.229
2.355,-2.511
2.04,-2.567
1.922,-2.516
1.512,-2.312
0.877,-2.579
0.4,-2.523
0.206,-2.374
-1.458,-2.188
-1.658,-2.475
-1.695,-2.584
-1.987,-2.417
-1.93,-2.392
-3.033,-2.419
3.066,1.762
2.994,1.864
2.568,2.049
2.108,1.969
0.983,2.066
0.614,1.763
0.751,1.769
0.393,1.806
0.516,1.887
0.281,2.104
0.114,2.077
-0.008,1.804
-0.398,1.922
-0.543,1.839
-0.428,2.202
-0.421,1.92
-0.905,2.083
-1.237,2.231
-1.5,2.154
-1.932,2.014
-2.391,1.983
-2.497,2.029
-2.536,1.991
0.32,-0.378
-0.128,-0.976
-1.361,-2.143
-1.623,-0.825
-1.958,-0.14
1.076,0.407
-0.396,1.151
-2.477,0.104
-2.498,-0.097
-2.554,0.247
-2.776,-1.216
2.799,0.748
1.819,-0.876
1.724,-0.588
1.575,-0.079
1.84,-2.448
-0.18,-1.972
-0.399,1.871
-2.164,1.447
-2.252,1.68
-2.48,1.607
-2.405,1.426
-1.506,1.591
-1.036,2.038
-0.015,1.437
-0.027,1.215
-0.031,-0.308
-0.049,-0.554
-0.129,-1.309
-0.122,-0.267
-0.122,-0.871
-0.061,-0.345
-0.126,0.297
-0.166,0.816
-0.234,-0.464
-0.189,-0.765
-0.288,-1.953
-0.31,-1.069
-0.31,-1.802
-0.249,1.654
-0.289,0.317
-0.366,1.287
-0.354,-0.471
-0.392,1.775
-0.413,0.023
-0.36,-0.503
-0.374,0.578
-0.462,1.326
-0.474,1.426
-0.509,-1.278
-0.434,-0.925
-0.511,-1.539
-0.46,0.136
-0.508,0.61
-0.534,0.232
-0.603,-1.894
-0.599,-2.103
-0.608,0.171
-0.655,0.664
-0.696,1.199
-0.632,-0.037
-0.695,-1.486
-0.71,0.334
-0.804,1.651
-0.818,-0.765
-0.879,-0.452
-0.94,-0.488
-0.948,-0.973
-0.91,0.103
-0.978,-0.216
-0.913,1.348
-0.955,1.027
-1.005,-2.045
-1.084,1.167
-1.148,-1.345
-1.139,-0.15
-1.107,0.809
-1.174,-0.602
-1.325,1.717
-1.407,-1.216
-1.423,-2.007
-1.432,1.3
-1.445,-1.824
-1.528,-1.312
-1.624,-0.127
-1.593,-0.005
-1.684,-0.186
-1.654,1.609
-1.711,0.111
-1.783,-0.655
-1.793,0.896
-1.807,-0.738
-1.881,1.001
-1.829,0.6
-1.912,0.399
-1.931,-0.705
-1.943,0.024
-1.906,-0.491
-1.944,-0.651
-1.961,-0.865
-2.019,-1.249
-2.007,1.164
-2.044,-0.106
-2.034,0.368
-2.064,-2.142
-2.082,0.104
-2.187,-0.082
-2.221,0.234
-2.205,0.527
-2.269,-0.483
-2.405,-1.955
-2.474,-1.045
-2.511,-0.852
-2.451,-0.674
-2.473,-0.943
-2.54,-2.064
-2.567,0.297
-2.572,0.405
-2.651,-0.481
-2.621,0.202
-2.699,1.572
-2.645,-0.342
-2.625,0.669
-2.704,-0.022
-2.665,-2.164
-2.71,-0.676
-2.652,-1.74
-2.691,-0.836
-2.802,-1.038
-2.809,-0.656
-2.877,-0.709
-2.824,-1.128
-2.851,-0.505
-2.904,-0.141
-2.872,-0.735
-2.855,-0.107
-2.873,-2.023
-2.888,-1.017
-2.916,0.482
-2.916,-0.447
-2.914,0.043
-2.951,0.529
-2.955,1.527
-2.984,-2.102
2.603,-2.219
2.555,-2.156
1.671,-2.297
1.32,-2.258
0.639,-2.39
0.656,-2.251
0.136,-2.493
0.126,-2.237
0.096,-2.288
-0.99,-2.485
-1.531,-2.246
-1.728,-2.466
-2.29,-2.319
-2.698,-2.621
-3.065,2.143
-3.104,2.035
2.996,1.868
2.557,1.922
2.567,2.188
2.118,2.231
1.73,2.073
1.493,1.853
1.504,2.151
0.895,2.099
0.776,1.988
0.651,1.909
0.556,1.866
0.027,2.036
-0.266,1.939
-0.477,2.096
-0.721,2.257
-0.802,1.969
-1.552,2.28
-1.793,1.829
-2.074,1.965
-2.496,1.991
-2.604,2.041
-2.593,1.919
-2.963,2.148
3.014,1.771
2.708,-0.857
2.616,-1.62
1.946,0.304
1.963,-2.0
1.52,-1.012
0.054,-1.847
-0.427,0.15
-1.26,1.459
-1.554,0.735
-2.01,-1.134
-2.483,-1.473
-1.022,-2.401
-1.08,2.038
-2.929,1.805
-2.953,-0.392
-3.1,-0.71
-3.02,-0.849
-3.088,1.71
3.082,-1.023
2.953,1.307
3.074,-1.966
3.001,0.928
2.979,-0.525
2.977,0.816
2.916,0.444
2.824,0.919
2.713,0.761
2.804,-0.354
2.605,1.61
2.562,-0.488
2.502,-1.268
2.481,0.827
2.331,-2.187
2.271,-0.132
2.366,-0.282
2.256,-1.912
2.145,0.252
2.15,-0.137
1.836,0.5
1.949,1.498
1.827,-0.231
1.807,1.697
1.748,1.607
1.642,-0.562
1.574,0.422
1.557,-0.383
1.323,1.748
1.343,-2.072
1.329,-1.866
1.102,1.497
1.192,-1.612
0.994,-1.988
0.834,-0.017
0.837,-0.802
0.897,-1.021
0.885,-2.17
0.836,0.634
0.808,-1.07
0.663,-0.657
0.665,1.623
0.71,-1.118
0.259,-1.668
0.388,-1.1
0.283,0.114
0.287,-0.881
0.161,-1.82
0.254,1.336
0.171,-0.639
0.132,1.163
-0.047,-0.205
-0.09,-0.223
-0.09,1.631
-0.027,1.006
-0.178,-1.054
-0.183,-1.069
-0.05,-1.509
-0.207,-0.352
-0.099,1.737
-0.113,0.596
-0.248,-1.715
-0.132,0.501
-0.149,0.673
-0.137,-1.114
-0.237,-0.963
-0.346,0.138
-0.416,0.903
-0.339,-2.158
-0.35,0.225
-0.472,1.784
-0.519,-0.146
-0.408,-1.873
-0.486,-0.343
-0.548,-0.623
-0.735,1.449
-0.7,-2.042
-0.731,1.162
-0.865,-1.576
-0.768,-0.877
-0.88,0.564
-0.807,-1.859
-0.98,0.143
-1.02,-1.999
-0.902,0.632
-1.038,-1.951
-1.1,-1.927
-1.236,0.183
-1.124,-0.786
-1.247,-2.05
-1.2,-2.202
-1.204,-1.925
-1.242,-0.85
-1.406,0.744
-1.577,1.438
-1.688,-0.459
-1.706,-0.735
-1.712,-0.691
-1.71,0.253
-1.716,0.2
-1.738,0.135
-1.845,-0.033
-1.877,-1.434
-1.912,0.059
-1.975,-1.522
-2.017,-0.725
-2.075,-0.224
-2.386,-0.893
-2.281,-0.858
-2.552,-0.78
-2.43,-0.446
-2.481,-1.065
-2.604,-2.055
-2.797,1.601
-2.673,-0.172
-2.821,0.052
-2.831,-1.883
-2.749,1.268
-2.916,-1.356
-2.919,0.709
-2.932,1.313
-3.029,-0.124
-2.938,-0.531
3.057,-2.408
2.587,-2.177
2.354,-2.459
2.039,-2.515
1.921,-2.464
1.511,-2.26
0.876,-2.527
0.399,-2.471
0.205,-2.322
-1.459,-2.136
-1.659,-2.423
-1.696,-2.532
-1.988,-2.365
-1.931,-2.34
-3.034,-2.367
3.065,1.814
2.993,1.916
2.567,2.101
2.107,2.021
0.982,2.118
0.613,1.815
0.75,1.821
0.392,1.858
0.515,1.939
0.28,2.156
0.113,2.129
-0.009,1.856
-0.399,1.974
-0.544,1.891
-0.429,2.254
-0.422,1.972
-0.906,2.135
-1.238,2.283
-1.501,2.206
-1.933,2.066
-2.392,2.035
-2.498,2.081
-2.537,2.043
0.319,-0.326
-0.129,-0.924
-1.362,-2.091
-1.624,-0.773
-1.959,-0.088
1.075,0.459
-0.397,1.203
-2.478,0.156
-2.499,-0.045
-2.555,0.299
-2.777,-1.164
2.798,0.8
1.818,-0.824
1.723,-0.536
1.574,-0.027
1.839,-2.396
-0.181,-1.92
-0.4,1.923
-2.165,1.499
-2.253,1.732
-2.481,1.659
-2.406,1.478
-1.507,1.643
-1.037,2.09
-0.012,-0.222
-0.016,-1.745
-0.034,-1.991
-0.114,-2.746
-0.107,-1.704
-0.107,-2.308
-0.046,-1.782
-0.111,-1.14
-0.151,-0.621
-0.219,-1.901
-0.174,-2.202
-0.273,-3.39
-0.295,-2.506
-0.295,-3.239
-0.234,0.217
-0.274,-1.12
-0.351,-0.15
-0.339,-1.908
-0.377,0.338
-0.398,-1.414
-0.345,-1.94
-0.359,-0.859
-0.447,-0.111
-0.459,-0.011
-0.494,-2.715
-0.419,-2.362
-0.496,-2.976
-0.445,-1.301
-0.493,-0.827
-0.519,-1.205
-0.588,-3.331
-0.584,-3.54
-0.593,-1.266
-0.64,-0.773
-0.681,-0.238
-0.617,-1.474
-0.68,-2.923
-0.695,-1.103
-0.789,0.214
-0.803,-2.202
-0.864,-1.889
-0.925,-1.925
-0.933,-2.41
-0.895,-1.334
-0.963,-1.653
-0.898,-0.089
-0.94,-0.41
-0.99,-3.482
-1.069,-0.27
-1.133,-2.782
-1.124,-1.587
-1.092,-0.628
-1.159,-2.039
-1.31,0.28
-1.392,-2.653
-1.408,-3.444
-1.417,-0.137
-1.43,-3.261
-1.513,-2.749
-1.609,-1.564
-1.578,-1.442
-1.669,-1.623
-1.639,0.172
-1.696,-1.326
-1.768,-2.092
-1.778,-0.541
-1.792,-2.175
-1.866,-0.436
-1.814,-0.837
-1.897,-1.038
-1.916,-2.142
-1.928,-1.413
-1.891,-1.928
-1.929,-2.088
-1.946,-2.302
-2.004,-2.686
-1.992,-0.273
-2.029,-1.543
-2.019,-1.069
-2.049,-3.579
-2.067,-1.333
-2.172,-1.519
-2.206,-1.203
-2.19,-0.91
-2.254,-1.92
-2.39,-3.392
-2.459,-2.482
-2.496,-2.289
-2.436,-2.111
-2.458,-2.38
-2.525,-3.501
-2.552,-1.14
-2.557,-1.032
-2.636,-1.918
-2.606,-1.235
-2.684,0.135
-2.63,-1.779
-2.61,-0.768
-2.689,-1.459
-2.65,-3.601
-2.695,-2.113
-2.637,-3.177
-2.676,-2.273
-2.787,-2.475
-2.794,-2.093
-2.862,-2.146
-2.809,-2.565
-2.836,-1.942
-2.889,-1.578
-2.857,-2.172
-2.84,-1.544
-2.858,-3.46
-2.873,-2.454
-2.901,-0.955
-2.901,-1.884
-2.899,-1.394
-2.936,-0.908
-2.94,0.09
-2.969,-3.539
2.618,-3.656
2.57,-3.593
1.686,-3.734
1.335,-3.695
0.654,-3.827
0.671,-3.688
0.151,-3.93
0.141,-3.674
0.111,-3.725
-0.975,-3.922
-1.516,-3.683
-1.713,-3.903
-2.275,-3.756
-2.683,-4.058
-3.05,0.706
-3.089,0.598
3.011,0.431
2.572,0.485
2.582,0.751
2.133,0.794
1.745,0.636
1.508,0.416
1.519,0.714
0.91,0.662
0.791,0.551
0.666,0.472
0.571,0.429
0.042,0.599
-0.251,0.502
-0.462,0.659
-0.706,0.82
-0.787,0.532
-1.537,0.843
-1.778,0.392
-2.059,0.528
-2.481,0.554
-2.589,0.604
-2.578,0.482
-2.948,0.711
3.029,0.334
2.723,-2.294
2.631,-3.057
1.961,-1.133
1.978,-3.437
1.535,-2.449
0.069,-3.284
-0.412,-1.287
-1.245,0.022
-1.539,-0.702
-1.995,-2.571
-2.468,-2.91
-1.007,-3.838
-1.065,0.601
-2.914,0.368
-2.938,-1.829
-3.085,-2.147
-3.005,-2.286
-3.073,0.273
3.097,-2.46
2.968,-0.13
3.089,-3.403
3.016,-0.509
2.994,-1.962
2.992,-0.621
2.931,-0.993
2.839,-0.518
2.728,-0.676
2.819,-1.791
2.62,0.173
2.577,-1.925
2.517,-2.705
2.496,-0.61
2.346,-3.624
2.286,-1.569
2.381,-1.719
2.271,-3.349
2.16,-1.185
2.165,-1.574
1.851,-0.937
1.964,0.061
1.842,-1.668
1.822,0.26
1.763,0.17
1.657,-1.999
1.589,-1.015
1.572,-1.82
1.338,0.311
1.358,-3.509
1.344,-3.303
1.117,0.06
1.207,-3.049
1.009,-3.425
0.849,-1.454
0.852,-2.239
0.912,-2.458
0.9,-3.607
0.851,-0.803
0.823,-2.507
0.678,-2.094
0.68,0.186
0.725,-2.555
0.274,-3.105
0.403,-2.537
0.298,-1.323
0.302,-2.318
0.176,-3.257
0.269,-0.101
0.186,-2.076
0.147,-0.274
-0.032,-1.642
-0.075,-1.66
-0.075,0.194
-0.012,-0.431
-0.163,-2.491
-0.168,-2.506
-0.035,-2.946
-0.192,-1.789
-0.084,0.3
-0.098,-0.841
-0.233,-3.152
-0.117,-0.936
-0.134,-0.764
-0.122,-2.551
-0.222,-2.4
-0.331,-1.299
-0.401,-0.534
-0.324,-3.595
-0.335,-1.212
-0.457,0.347
-0.504,-1.583
-0.393,-3.31
-0.471,-1.78
-0.533,-2.06
-0.72,0.012
-0.685,-3.479
-0.716,-0.275
-0.85,-3.013
-0.753,-2.314
-0.865,-0.873
-0.792,-3.296
-0.965,-1.294
-1.005,-3.436
-0.887,-0.805
-1.023,-3.388
-1.085,-3.364
-1.221,-1.254
-1.109,-2.223
-1.232,-3.487
-1.185,-3.639
-1.189,-3.362
-1.227,-2.287
-1.391,-0.693
-1.562,0.001
-1.673,-1.896
-1.691,-2.172
-1.697,-2.128
-1.695,-1.184
-1.701,-1.237
-1.723,-1.302
-1.83,-1.47
-1.862,-2.871
-1.897,-1.378
-1.96,-2.959
-2.002,-2.162
-2.06,-1.661
-2.371,-2.33
-2.266,-2.295
-2.537,-2.217
-2.415,-1.883
-2.466,-2.502
-2.589,-3.492
-2.782,0.164
-2.658,-1.609
-2.806,-1.385
-2.816,-3.32
-2.734,-0.169
-2.901,-2.793
-2.904,-0.728
-2.917,-0.124
-3.014,-1.561
-2.923,-1.968
3.072,-3.845
2.602,-3.614
2.369,-3.896
2.054,-3.952
1.936,-3.901
1.526,-3.697
0.891,-3.964
0.414,-3.908
0.22,-3.759
-1.444,-3.573
-1.644,-3.86
-1.681,-3.969
-1.973,-3.802
-1.916,-3.777
-3.019,-3.804
3.08,0.377
3.008,0.479
2.582,0.664
2.122,0.584
0.997,0.681
0.628,0.378
0.765,0.384
0.407,0.421
0.53,0.502
0.295,0.719
0.128,0.692
0.006,0.419
-0.384,0.537
-0.529,0.454
-0.414,0.817
-0.407,0.535
-0.891,0.698
-1.223,0.846
-1.486,0.769
-1.918,0.629
-2.377,0.598
-2.483,0.644
-2.522,0.606
0.334,-1.763
-0.114,-2.361
-1.347,-3.528
-1.609,-2.21
-1.944,-1.525
1.09,-0.978
-0.382,-0.234
-2.463,-1.281
-2.484,-1.482
-2.54,-1.138
-2.762,-2.601
2.813,-0.637
1.833,-2.261
1.738,-1.973
1.589,-1.464
1.854,-3.833
-0.166,-3.357
-0.385,0.486
-2.15,0.062
-2.238,0.295
-2.466,0.222
-2.391,0.041
-1.492,0.206
-1.022,0.653
-0.004,-1.523
-0.022,-1.769
-0.102,-2.524
-0.095,-1.482
-0.095,-2.086
-0.034,-1.56
-0.099,-0.918
-0.139,-0.399
-0.207,-1.679
-0.162,-1.98
-0.261,-3.168
-0.283,-2.284
-0.283,-3.017
-0.222,0.439
-0.262,-0.898
-0.339,0.072
-0.327,-1.686
-0.365,0.56
-0.386,-1.192
-0.333,-1.718
-0.347,-0.637
-0.435,0.111
-0.447,0.211
-0.482,-2.493
-0.407,-2.14
-0.484,-2.754
-0.433,-1.079
-0.481,-0.605
-0.507,-0.983
-0.576,-3.109
-0.572,-3.318
-0.581,-1.044
-0.628,-0.551
-0.669,-0.016
-0.605,-1.252
-0.668,-2.701
-0.683,-0.881
-0.777,0.436
-0.791,-1.98
-0.852,-1.667
-0.913,-1.703
-0.921,-2.188
-0.883,-1.112
-0.951,-1.431
-0.886,0.133
-0.928,-0.188
-0.978,-3.26
-1.057,-0.048
-1.121,-2.56
-1.112,-1.365
-1.08,-0.406
-1.147,-1.817
-1.298,0.502
-1.38,-2.431
-1.396,-3.222
-1.405,0.085
-1.418,-3.039
-1.501,-2.527
-1.597,-1.342
-1.566,-1.22
-1.657,-1.401
-1.627,0.394
-1.684,-1.104
-1.756,-1.87
-1.766,-0.319
-1.78,-1.953
-1.854,-0.214
-1.802,-0.615
-1.885,-0.816
-1.904,-1.92
-1.916,-1.191
-1.879,-1.706
-1.917,-1.866
-1.934,-2.08
-1.992,-2.464
-1.98,-0.051
-2.017,-1.321
-2.007,-0.847
-2.037,-3.357
-2.055,-1.111
-2.16,-1.297
-2.194,-0.981
-2.178,-0.688
-2.242,-1.698
-2.378,-3.17
-2.447,-2.26
-2.484,-2.067
-2.424,-1.889
-2.446,-2.158
-2.513,-3.279
-2.54,-0.918
-2.545,-0.81
-2.624,-1.696
-2.594,-1.013
-2.672,0.357
-2.618,-1.557
-2.598,-0.546
-2.677,-1.237
-2.638,-3.379
-2.683,-1.891
-2.625,-2.955
-2.664,-2.051
-2.775,-2.253
-2.782,-1.871
-2.85,-1.924
-2.797,-2.343
-2.824,-1.72
-2.877,-1.356
-2.845,-1.95
-2.828,-1.322
-2.846,-3.238
-2.861,-2.232
-2.889,-0.733
-2.889,-1.662
-2.887,-1.172
-2.924,-0.686
-2.928,0.312
-2.957,-3.317
2.63,-3.434
2.582,-3.371
1.698,-3.512
1.347,-3.473
0.666,-3.605
0.683,-3.466
0.163,-3.708
0.153,-3.452
0.123,-3.503
-0.963,-3.7
-1.504,-3.461
-1.701,-3.681
-2.263,-3.534
-2.671,-3.836
-3.038,0.928
-3.077,0.82
3.023,0.653
2.584,0.707
2.594,0.973
2.145,1.016
1.757,0.858
1.52,0.638
1.531,0.936
0.922,0.884
0.803,0.773
0.678,0.694
0.583,0.651
0.054,0.821
-0.239,0.724
-0.45,0.881
-0.694,1.042
-0.775,0.754
-1.525,1.065
-1.766,0.614
-2.047,0.75
-2.469,0.776
-2.577,0.826
-2.566,0.704
-2.936,0.933
3.041,0.556
2.735,-2.072
2.643,-2.835
1.973,-0.911
1.99,-3.215
1.547,-2.227
0.081,-3.062
-0.4,-1.065
-1.233,0.244
-1.527,-0.48
-1.983,-2.349
-2.456,-2.688
-0.995,-3.616
-1.053,0.823
-2.902,0.59
-2.926,-1.607
-3.073,-1.925
-2.993,-2.064
-3.061,0.495
3.109,-2.238
2.98,0.092
3.101,-3.181
3.028,-0.287
3.006,-1.74
3.004,-0.399
2.943,-0.771
2.851,-0.296
2.74,-0.454
2.831,-1.569
2.632,0.395
2.589,-1.703
2.529,-2.483
2.508,-0.388
2.358,-3.402
2.298,-1.347
2.393,-1.497
2.283,-3.127
2.172,-0.963
2.177,-1.352
1.863,-0.715
1.976,0.283
1.854,-1.446
1.834,0.482
1.775,0.392
1.669,-1.777
1.601,-0.793
1.584,-1.598
1.35,0.533
1.37,-3.287
1.356,-3.081
1.129,0.282
1.219,-2.827
1.021,-3.203
0.861,-1.232
0.864,-2.017
0.924,-2.236
0.912,-3.385
0.863,-0.581
0.835,-2.285
0.69,-1.872
0.692,0.408
0.737,-2.333
0.286,-2.883
0.415,-2.315
0.31,-1.101
0.314,-2.096
0.188,-3.035
0.281,0.121
0.198,-1.854
0.159,-0.052
-0.02,-1.42
-0.063,-1.438
-0.063,0.416
0.0,-0.209
-0.151,-2.269
-0.156,-2.284
-0.023,-2.724
-0.18,-1.567
-0.072,0.522
-0.086,-0.619
-0.221,-2.93
-0.105,-0.714
-0.122,-0.542
-0.11,-2.329
-0.21,-2.178
-0.319,-1.077
-0.389,-0.312
-0.312,-3.373
-0.323,-0.99
-0.445,0.569
-0.492,-1.361
-0.381,-3.088
-0.459,-1.558
-0.521,-1.838
-0.708,0.234
-0.673,-3.257
-0.704,-0.053
-0.838,-2.791
-0.741,-2.092
-0.853,-0.651
-0.78,-3.074
-0.953,-1.072
-0.993,-3.214
-0.875,-0.583
-1.011,-3.166
-1.073,-3.142
-1.209,-1.032
-1.097,-2.001
-1.22,-3.265
-1.173,-3.417
-1.177,-3.14
-1.215,-2.065
-1.379,-0.471
-1.55,0.223
-1.661,-1.674
-1.679,-1.95
-1.685,-1.906
-1.683,-0.962
-1.689,-1.015
-1.711,-1.08
-1.818,-1.248
-1.85,-2.649
-1.885,-1.156
-1.948,-2.737
-1.99,-1.94
-2.048,-1.439
-2.359,-2.108
-2.254,-2.073
-2.525,-1.995
-2.403,-1.661
-2.454,-2.28
-2.577,-3.27
-2.77,0.386
-2.646,-1.387
-2.794,-1.163
-2.804,-3.098
-2.722,0.053
-2.889,-2.571
-2.892,-0.506
-2.905,0.098
-3.002,-1.339
-2.911,-1.746
3.084,-3.623
2.614,-3.392
2.381,-3.674
2.066,-3.73
1.948,-3.679
1.538,-3.475
0.903,-3.742
0.426,-3.686
0.232,-3.537
-1.432,-3.351
-1.632,-3.638
-1.669,-3.747
-1.961,-3.58
-1.904,-3.555
-3.007,-3.582
3.092,0.599
3.02,0.701
2.594,0.886
2.134,0.806
1.009,0.903
0.64,0.6
0.777,0.606
0.419,0.643
0.542,0.724
0.307,0.941
0.14,0.914
0.018,0.641
-0.372,0.759
-0.517,0.676
-0.402,1.039
-0.395,0.757
-0.879,0.92
-1.211,1.068
-1.474,0.991
-1.906,0.851
-2.365,0.82
-2.471,0.866
-2.51,0.828
0.346,-1.541
-0.102,-2.139
-1.335,-3.306
-1.597,-1.988
-1.932,-1.303
1.102,-0.756
-0.37,-0.012
-2.451,-1.059
-2.472,-1.26
-2.528,-0.916
-2.75,-2.379
2.825,-0.415
1.845,-2.039
1.75,-1.751
1.601,-1.242
1.866,-3.611
-0.154,-3.135
-0.373,0.708
-2.138,0.284
-2.226,0.517
-2.454,0.444
-2.379,0.263
-1.48,0.428
-1.01,0.875
-0.018,-0.246
-0.098,-1.001
-0.091,0.041
-0.091,-0.563
-0.03,-0.037
-0.095,0.605
-0.135,1.124
-0.203,-0.156
-0.158,-0.457
-0.257,-1.645
-0.279,-0.761
-0.279,-1.494
-0.218,1.962
-0.258,0.625
-0.335,1.595
-0.323,-0.163
-0.361,2.083
-0.382,0.331
-0.329,-0.195
-0.343,0.886
-0.431,1.634
-0.443,1.734
-0.478,-0.97
-0.403,-0.617
-0.48,-1.231
-0.429,0.444
-0.477,0.918
-0.503,0.54
-0.572,-1.586
-0.568,-1.795
-0.577,0.479
-0.624,0.972
-0.665,1.507
-0.601,0.271
-0.664,-1.178
-0.679,0.642
-0.773,1.959
-0.787,-0.457
-0.848,-0.144
-0.909,-0.18
-0.917,-0.665
-0.879,0.411
-0.947,0.092
-0.882,1.656
-0.924,1.335
-0.974,-1.737
-1.053,1.475
-1.117,-1.037
-1.108,0.158
-1.076,1.117
-1.143,-0.294
-1.294,2.025
-1.376,-0.908
-1.392,-1.699
-1.401,1.608
-1.414,-1.516
-1.497,-1.004
-1.593,0.181
-1.562,0.303
-1.653,0.122
-1.623,1.917
-1.68,0.419
-1.752,-0.347
-1.762,1.204
-1.776,-0.43
-1.85,1.309
-1.798,0.908
-1.881,0.707
-1.9,-0.397
-1.912,0.332
-1.875,-0.183
-1.913,-0.343
-1.93,-0.557
-1.988,-0.941
-1.976,1.472
-2.013,0.202
-2.003,0.676
-2.033,-1.834
-2.051,0.412
-2.156,0.226
-2.19,0.542
-2.174,0.835
-2.238,-0.175
-2.374,-1.647
-2.443,-0.737
-2.48,-0.544
-2.42,-0.366
-2.442,-0.635
-2.509,-1.756
-2.536,0.605
-2.541,0.713
-2.62,-0.173
-2.59,0.51
-2.668,1.88
-2.614,-0.034
-2.594,0.977
-2.673,0.286
-2.634,-1.856
-2.679,-0.368
-2.621,-1.432
-2.66,-0.528
-2.771,-0.73
-2.778,-0.348
-2.846,-0.401
-2.793,-0.82
-2.82,-0.197
-2.873,0.167
-2.841,-0.427
-2.824,0.201
-2.842,-1.715
-2.857,-0.709
-2.885,0.79
-2.885,-0.139
-2.883,0.351
-2.92,0.837
-2.924,1.835
-2.953,-1.794
2.634,-1.911
2.586,-1.848
1.702,-1.989
1.351,-1.95
0.67,-2.082
0.687,-1.943
0.167,-2.185
0.157,-1.929
0.127,-1.98
-0.959,-2.177
-1.5,-1.938
-1.697,-2.158
-2.259,-2.011
-2.667,-2.313
-3.034,2.451
-3.073,2.343
3.027,2.176
2.588,2.23
2.598,2.496
2.149,2.539
1.761,2.381
1.524,2.161
1.535,2.459
0.926,2.407
0.807,2.296
0.682,2.217
0.587,2.174
0.058,2.344
-0.235,2.247
-0.446,2.404
-0.69,2.565
-0.771,2.277
-1.521,2.588
-1.762,2.137
-2.043,2.273
-2.465,2.299
-2.573,2.349
-2.562,2.227
-2.932,2.456
3.045,2.079
2.739,-0.549
2.647,-1.312
1.977,0.612
1.994,-1.692
1.551,-0.704
0.085,-1.539
-0.396,0.458
-1.229,1.767
-1.523,1.043
-1.979,-0.826
-2.452,-1.165
-0.991,-2.093
-1.049,2.346
-2.898,2.113
-2.922,-0.084
-3.069,-0.402
-2.989,-0.541
-3.057,2.018
3.113,-0.715
2.984,1.615
3.105,-1.658
3.032,1.236
3.01,-0.217
3.008,1.124
2.947,0.752
2.855,1.227
2.744,1.069
2.835,-0.046
2.636,1.918
2.593,-0.18
2.533,-0.96
2.512,1.135
2.362,-1.879
2.302,0.176
2.397,0.026
2.287,-1.604
2.176,0.56
2.181,0.171
1.867,0.808
1.98,1.806
1.858,0.077
1.838,2.005
1.779,1.915
1.673,-0.254
1.605,0.73
1.588,-0.075
1.354,2.056
1.374,-1.764
1.36,-1.558
1.133,1.805
1.223,-1.304
1.025,-1.68
0.865,0.291
0.868,-0.494
0.928,-0.713
0.916,-1.862
0.867,0.942
0.839,-0.762
0.694,-0.349
0.696,1.931
0.741,-0.81
0.29,-1.36
0.419,-0.792
0.314,0.422
0.318,-0.573
0.192,-1.512
0.285,1.644
0.202,-0.331
0.163,1.471
-0.016,0.103
-0.059,0.085
-0.059,1.939
0.004,1.314
-0.147,-0.746
-0.152,-0.761
-0.019,-1.201
-0.176,-0.044
-0.068,2.045
-0.082,0.904
-0.217,-1.407
-0.101,0.809
-0.118,0.981
-0.106,-0.806
-0.206,-0.655
-0.315,0.446
-0.385,1.211
-0.308,-1.85
-0.319,0.533
-0.441,2.092
-0.488,0.162
-0.377,-1.565
-0.455,-0.035
-0.517,-0.315
-0.704,1.757
-0.669,-1.734
-0.7,1.47
-0.834,-1.268
-0.737,-0.569
-0.849,0.872
-0.776,-1.551
-0.949,0.451
-0.989,-1.691
-0.871,0.94
-1.007,-1.643
-1.069,-1.619
-1.205,0.491
-1.093,-0.478
-1.216,-1.742
-1.169,-1.894
-1.173,-1.617
-1.211,-0.542
-1.375,1.052
-1.546,1.746
-1.657,-0.151
-1.675,-0.427
-1.681,-0.383
-1.679,0.561
-1.685,0.508
-1.707,0.443
-1.814,0.275
-1.846,-1.126
-1.881,0.367
-1.944,-1.214
-1.986,-0.417
-2.044,0.084
-2.355,-0.585
-2.25,-0.55
-2.521,-0.472
-2.399,-0.138
-2.45,-0.757
-2.573,-1.747
-2.766,1.909
-2.642,0.136
-2.79,0.36
-2.8,-1.575
-2.718,1.576
-2.885,-1.048
-2.888,1.017
-2.901,1.621
-2.998,0.184
-2.907,-0.223
3.088,-2.1
2.618,-1.869
2.385,-2.151
2.07,-2.207
1.952,-2.156
1.542,-1.952
0.907,-2.219
0.43,-2.163
0.236,-2.014
-1.428,-1.828
-1.628,-2.115
-1.665,-2.224
-1.957,-2.057
-1.9,-2.032
-3.003,-2.059
3.096,2.122
3.024,2.224
2.598,2.409
2.138,2.329
1.013,2.426
0.644,2.123
0.781,2.129
0.423,2.166
0.546,2.247
0.311,2.464
0.144,2.437
0.022,2.164
-0.368,2.282
-0.513,2.199
-0.398,2.562
-0.391,2.28
-0.875,2.443
-1.207,2.591
-1.47,2.514
-1.902,2.374
-2.361,2.343
-2.467,2.389
-2.506,2.351
0.35,-0.018
-0.098,-0.616
-1.331,-1.783
-1.593,-0.465
-1.928,0.22
1.106,0.767
-0.366,1.511
-2.447,0.464
-2.468,0.263
-2.524,0.607
-2.746,-0.856
2.829,1.108
1.849,-0.516
1.754,-0.228
1.605,0.281
1.87,-2.088
-0.15,-1.612
-0.369,2.231
-2.134,1.807
-2.222,2.04
-2.45,1.967
-2.375,1.786
-1.476,1.951
-1.006,2.398
-0.08,-0.755
-0.073,0.287
-0.073,-0.317
-0.012,0.209
-0.077,0.851
-0.117,1.37
-0.185,0.09
-0.14,-0.211
-0.239,-1.399
-0.261,-0.515
-0.261,-1.248
-0.2,2.208
-0.24,0.871
-0.317,1.841
-0.305,0.083
-0.343,2.329
-0.364,0.577
-0.311,0.051
-0.325,1.132
-0.413,1.88
-0.425,1.98
-0.46,-0.724
-0.385,-0.371
-0.462,-0.985
-0.411,0.69
-0.459,1.164
-0.485,0.786
-0.554,-1.34
-0.55,-1.549
-0.559,0.725
-0.606,1.218
-0.647,1.753
-0.583,0.517
-0.646,-0.932
-0.661,0.888
-0.755,2.205
-0.769,-0.211
-0.83,0.102
-0.891,0.066
-0.899,-0.419
-0.861,0.657
-0.929,0.338
-0.864,1.902
-0.906,1.581
-0.956,-1.491
-1.035,1.721
-1.099,-0.791
-1.09,0.404
-1.058,1.363
-1.125,-0.048
-1.276,2.271
-1.358,-0.662
-1.374,-1.453
-1.383,1.854
-1.396,-1.27
-1.479,-0.758
-1.575,0.427
-1.544,0.549
-1.635,0.368
-1.605,2.163
-1.662,0.665
-1.734,-0.101
-1.744,1.45
-1.758,-0.184
-1.832,1.555
-1.78,1.154
-1.863,0.953
-1.882,-0.151
-1.894,0.578
-1.857,0.063
-1.895,-0.097
-1.912,-0.311
-1.97,-0.695
-1.958,1.718
-1.995,0.448
-1.985,0.922
-2.015,-1.588
-2.033,0.658
-2.138,0.472
-2.172,0.788
-2.156,1.081
-2.22,0.071
-2.356,-1.401
-2.425,-0.491
-2.462,-0.298
-2.402,-0.12
-2.424,-0.389
-2.491,-1.51
-2.518,0.851
-2.523,0.959
-2.602,0.073
-2.572,0.756
-2.65,2.126
-2.596,0.212
-2.576,1.223
-2.655,0.532
-2.616,-1.61
-2.661,-0.122
-2.603,-1.186
-2.642,-0.282
-2.753,-0.484
-2.76,-0.102
-2.828,-0.155
-2.775,-0.574
-2.802,0.049
-2.855,0.413
-2.823,-0.181
-2.806,0.447
-2.824,-1.469
-2.839,-0.463
-2.867,1.036
-2.867,0.107
-2.865,0.597
-2.902,1.083
-2.906,2.081
-2.935,-1.548
2.652,-1.665
2.604,-1.602
1.72,-1.743
1.369,-1.704
0.688,-1.836
0.705,-1.697
0.185,-1.939
0.175,-1.683
0.145,-1.734
-0.941,-1.931
-1.482,-1.692
-1.679,-1.912
-2.241,-1.765
-2.649,-2.067
-3.016,2.697
-3.055,2.589
3.045,2.422
2.606,2.476
2.616,2.742
2.167,2.785
1.779,2.627
1.542,2.407
1.553,2.705
0.944,2.653
0.825,2.542
0.7,2.463
0.605,2.42
0.076,2.59
-0.217,2.493
-0.428,2.65
-0.672,2.811
-0.753,2.523
-1.503,2.834
-1.744,2.383
-2.025,2.519
-2.447,2.545
-2.555,2.595
-2.544,2.473
-2.914,2.702
3.063,2.325
2.757,-0.303
2.665,-1.066
1.995,0.858
2.012,-1.446
1.569,-0.458
0.103,-1.293
-0.378,0.704
-1.211,2.013
-1.505,1.289
-1.961,-0.58
-2.434,-0.919
-0.973,-1.847
-1.031,2.592
-2.88,2.359
-2.904,0.162
-3.051,-0.156
-2.971,-0.295
-3.039,2.264
3.131,-0.469
3.002,1.861
3.123,-1.412
3.05,1.482
3.028,0.029
3.026,1.37
2.965,0.998
2.873,1.473
2.762,1.315
2.853,0.2
2.654,2.164
2.611,0.066
2.551,-0.714
2.53,1.381
2.38,-1.633
2.32,0.422
2.415,0.272
2.305,-1.358
2.194,0.806
2.199,0.417
1.885,1.054
1.998,2.052
1.876,0.323
1.856,2.251
1.797,2.161
1.691,-0.008
1.623,0.976
1.606,0.171
1.372,2.302
1.392,-1.518
1.378,-1.312
1.151,2.051
1.241,-1.058
1.043,-1.434
0.883,0.537
0.886,-0.248
0.946,-0.467
0.934,-1.616
0.885,1.188
0.857,-0.516
0.712,-0.103
0.714,2.177
0.759,-0.564
0.308,-1.114
0.437,-0.546
0.332,0.668
0.336,-0.327
0.21,-1.266
0.303,1.89
0.22,-0.085
0.181,1.717
0.002,0.349
-0.041,0.331
-0.041,2.185
0.022,1.56
-0.129,-0.5
-0.134,-0.515
-0.001,-0.955
-0.158,0.202
-0.05,2.291
-0.064,1.15
-0.199,-1.161
-0.083,1.055
-0.1,1.227
-0.088,-0.56
-0.188,-0.409
-0.297,0.692
-0.367,1.457
-0.29,-1.604
-0.301,0.779
-0.423,2.338
-0.47,0.408
-0.359,-1.319
-0.437,0.211
-0.499,-0.069
-0.686,2.003
-0.651,-1.488
-0.682,1.716
-0.816,-1.022
-0.719,-0.323
-0.831,1.118
-0.758,-1.305
-0.931,0.697
-0.971,-1.445
-0.853,1.186
-0.989,-1.397
-1.051,-1.373
-1.187,0.737
-1.075,-0.232
-1.198,-1.496
-1.151,-1.648
-1.155,-1.371
-1.193,-0.296
-1.357,1.298
-1.528,1.992
-1.639,0.095
-1.657,-0.181
-1.663,-0.137
-1.661,0.807
-1.667,0.754
-1.689,0.689
-1.796,0.521
-1.828,-0.88
-1.863,0.613
-1.926,-0.968
-1.968,-0.171
-2.026,0.33
-2.337,-0.339
-2.232,-0.304
-2.503,-0.226
-2.381,0.108
-2.432,-0.511
-2.555,-1.501
-2.748,2.155
-2.624,0.382
-2.772,0.606
-2.782,-1.329
-2.7,1.822
-2.867,-0.802
-2.87,1.263
-2.883,1.867
-2.98,0.43
-2.889,0.023
3.106,-1.854
2.636,-1.623
2.403,-1.905
2.088,-1.961
1.97,-1.91
1.56,-1.706
0.925,-1.973
0.448,-1.917
0.254,-1.768
-1.41,-1.582
-1.61,-1.869
-1.647,-1.978
-1.939,-1.811
-1.882,-1.786
-2.985,-1.813
3.114,2.368
3.042,2.47
2.616,2.655
2.156,2.575
1.031,2.672
0.662,2.369
0.799,2.375
0.441,2.412
0.564,2.493
0.329,2.71
0.162,2.683
0.04,2.41
-0.35,2.528
-0.495,2.445
-0.38,2.808
-0.373,2.526
-0.857,2.689
-1.189,2.837
-1.452,2.76
-1.884,2.62
-2.343,2.589
-2.449,2.635
-2.488,2.597
0.368,0.228
-0.08,-0.37
-1.313,-1.537
-1.575,-0.219
-1.91,0.466
1.124,1.013
-0.348,1.757
-2.429,0.71
-2.45,0.509
-2.506,0.853
-2.728,-0.61
2.847,1.354
1.867,-0.27
1.772,0.018
1.623,0.527
1.888,-1.842
-0.132,-1.366
-0.351,2.477
-2.116,2.053
-2.204,2.286
-2.432,2.213
-2.357,2.032
-1.458,2.197
-0.988,2.644
0.007,1.042
0.007,0.438
0.068,0.964
0.003,1.606
-0.037,2.125
-0.105,0.845
-0.06,0.544
-0.159,-0.644
-0.181,0.24
-0.181,-0.493
-0.12,2.963
-0.16,1.626
-0.237,2.596
-0.225,0.838
-0.263,3.084
-0.284,1.332
-0.231,0.806
-0.245,1.887
-0.333,2.635
-0.345,2.735
-0.38,0.031
-0.305,0.384
-0.382,-0.23
-0.331,1.445
-0.379,1.919
-0.405,1.541
-0.474,-0.585
-0.47,-0.794
-0.479,1.48
-0.526,1.973
-0.567,2.508
-0.503,1.272
-0.566,-0.177
-0.581,1.643
-0.675,2.96
-0.689,0.544
-0.75,0.857
-0.811,0.821
-0.819,0.336
-0.781,1.412
-0.849,1.093
-0.784,2.657
-0.826,2.336
-0.876,-0.736
-0.955,2.476
-1.019,-0.036
-1.01,1.159
-0.978,2.118
-1.045,0.707
-1.196,3.026
-1.278,0.093
-1.294,-0.698
-1.303,2.609
-1.316,-0.515
-1.399,-0.003
-1.495,1.182
-1.464,1.304
-1.555,1.123
-1.525,2.918
-1.582,1.42
-1.654,0.654
-1.664,2.205
-1.678,0.571
-1.752,2.31
-1.7,1.909
-1.783,1.708
-1.802,0.604
-1.814,1.333
-1.777,0.818
-1.815,0.658
-1.832,0.444
-1.89,0.06
-1.878,2.473
-1.915,1.203
-1.905,1.677
-1.935,-0.833
-1.953,1.413
-2.058,1.227
-2.092,1.543
-2.076,1.836
-2.14,0.826
-2.276,-0.646
-2.345,0.264
-2.382,0.457
-2.322,0.635
-2.344,0.366
-2.411,-0.755
-2.438,1.606
-2.443,1.714
-2.522,0.828
-2.492,1.511
-2.57,2.881
-2.516,0.967
-2.496,1.978
-2.575,1.287
-2.536,-0.855
-2.581,0.633
-2.523,-0.431
-2.562,0.473
-2.673,0.271
-2.68,0.653
-2.748,0.6
-2.695,0.181
-2.722,0.804
-2.775,1.168
-2.743,0.574
-2.726,1.202
-2.744,-0.714
-2.759,0.292
-2.787,1.791
-2.787,0.862
-2.785,1.352
-2.822,1.838
-2.826,2.836
-2.855,-0.793
2.732,-0.91
2.684,-0.847
1.8,-0.988
1.449,-0.949
0.768,-1.081
0.785,-0.942
0.265,-1.184
0.255,-0.928
0.225,-0.979
-0.861,-1.176
-1.402,-0.937
-1.599,-1.157
-2.161,-1.01
-2.569,-1.312
-2.936,3.452
-2.975,3.344
3.125,3.177
2.686,3.231
2.696,3.497
2.247,3.54
1.859,3.382
1.622,3.162
1.633,3.46
1.024,3.408
0.905,3.297
0.78,3.218
0.685,3.175
0.156,3.345
-0.137,3.248
-0.348,3.405
-0.592,3.566
-0.673,3.278
-1.423,3.589
-1.664,3.138
-1.945,3.274
-2.367,3.3
-2.475,3.35
-2.464,3.228
-2.834,3.457
-3.14,3.08
2.837,0.452
2.745,-0.311
2.075,1.613
2.092,-0.691
1.649,0.297
0.183,-0.538
-0.298,1.459
-1.131,2.768
-1.425,2.044
-1.881,0.175
-2.354,-0.164
-0.893,-1.092
-0.951,3.347
-2.8,3.114
-2.824,0.917
-2.971,0.599
-2.891,0.46
-2.959,3.019
-3.072,0.286
3.082,2.616
-3.08,-0.657
3.13,2.237
3.108,0.784
3.106,2.125
3.045,1.753
2.953,2.228
2.842,2.07
2.933,0.955
2.734,2.919
2.691,0.821
2.631,0.041
2.61,2.136
2.46,-0.878
2.4,1.177
2.495,1.027
2.385,-0.603
2.274,1.561
2.279,1.172
1.965,1.809
2.078,2.807
1.956,1.078
1.936,3.006
1.877,2.916
1.771,0.747
1.703,1.731
1.686,0.926
1.452,3.057
1.472,-0.763
1.458,-0.557
1.231,2.806
1.321,-0.303
1.123,-0.679
0.963,1.292
0.966,0.507
1.026,0.288
1.014,-0.861
0.965,1.943
0.937,0.239
0.792,0.652
0.794,2.932
0.839,0.191
0.388,-0.359
0.517,0.209
0.412,1.423
0.416,0.428
0.29,-0.511
0.383,2.645
0.3,0.67
0.261,2.472
0.082,1.104
0.039,1.086
0.039,2.94
0.102,2.315
-0.049,0.255
-0.054,0.24
0.079,-0.2
-0.078,0.957
0.03,3.046
0.016,1.905
-0.119,-0.406
-0.003,1.81
-0.02,1.982
-0.008,0.195
-0.108,0.346
-0.217,1.447
-0.287,2.212
-0.21,-0.849
-0.221,1.534
-0.343,3.093
-0.39,1.163
-0.279,-0.564
-0.357,0.966
-0.419,0.686
-0.606,2.758
-0.571,-0.733
-0.602,2.471
-0.736,-0.267
-0.639,0.432
-0.751,1.873
-0.678,-0.55
-0.851,1.452
-0.891,-0.69
-0.773,1.941
-0.909,-0.642
-0.971,-0.618
-1.107,1.492
-0.995,0.523
-1.118,-0.741
-1.071,-0.893
-1.075,-0.616
-1.113,0.459
-1.277,2.053
-1.448,2.747
-1.559,0.85
-1.577,0.574
-1.583,0.618
-1.581,1.562
-1.587,1.509
-1.609,1.444
-1.716,1.276
-1.748,-0.125
-1.783,1.368
-1.846,-0.213
-1.888,0.584
-1.946,1.085
-2.257,0.416
-2.152,0.451
-2.423,0.529
-2.301,0.863
-2.352,0.244
-2.475,-0.746
-2.668,2.91
-2.544,1.137
-2.692,1.361
-2.702,-0.574
-2.62,2.577
-2.787,-0.047
-2.79,2.018
-2.803,2.622
-2.9,1.185
-2.809,0.778
-3.097,-1.099
2.716,-0.868
2.483,-1.15
2.168,-1.206
2.05,-1.155
1.64,-0.951
1.005,-1.218
0.528,-1.162
0.334,-1.013
-1.33,-0.827
-1.53,-1.114
-1.567,-1.223
-1.859,-1.056
-1.802,-1.031
-2.905,-1.058
-3.089,3.123
3.122,3.225
2.696,3.41
2.236,3.33
1.111,3.427
0.742,3.124
0.879,3.13
0.521,3.167
0.644,3.248
0.409,3.465
0.242,3.438
0.12,3.165
-0.27,3.283
-0.415,3.2
-0.3,3.563
-0.293,3.281
-0.777,3.444
-1.109,3.592
-1.372,3.515
-1.804,3.375
-2.263,3.344
-2.369,3.39
-2.408,3.352
0.448,0.983
0.0,0.385
-1.233,-0.782
-1.495,0.536
-1.83,1.221
1.204,1.768
-0.268,2.512
-2.349,1.465
-2.37,1.264
-2.426,1.608
-2.648,0.145
2.927,2.109
1.947,0.485
1.852,0.773
1.703,1.282
1.968,-1.087
-0.052,-0.611
-0.271,3.232
-2.036,2.808
-2.124,3.041
-2.352,2.968
-2.277,2.787
-1.378,2.952
-0.908,3.399
0.0,-0.604
0.061,-0.078
-0.004,0.564
-0.044,1.083
-0.112,-0.197
-0.067,-0.498
-0.166,-1.686
-0.188,-0.802
-0.188,-1.535
-0.127,1.921
-0.167,0.584
-0.244,1.554
-0.232,-0.204
-0.27,2.042
-0.291,0.29
-0.238,-0.236
-0.252,0.845
-0.34,1.593
-0.352,1.693
-0.387,-1.011
-0.312,-0.658
-0.389,-1.272
-0.338,0.403
-0.386,0.877
-0.412,0.499
-0.481,-1.627
-0.477,-1.836
-0.486,0.438
-0.533,0.931
-0.574,1.466
-0.51,0.23
-0.573,-1.219
-0.588,0.601
-0.682,1.918
-0.696,-0.498
-0.757,-0.185
-0.818,-0.221
-0.826,-0.706
-0.788,0.37
-0.856,0.051
-0.791,1.615
-0.833,1.294
-0.883,-1.778
-0.962,1.434
-1.026,-1.078
-1.017,0.117
-0.985,1.076
-1.052,-0.335
-1.203,1.984
-1.285,-0.949
-1.301,-1.74
-1.31,1.567
-1.323,-1.557
-1.406,-1.045
-1.502,0.14
-1.471,0.262
-1.562,0.081
-1.532,1.876
-1.589,0.378
-1.661,-0.388
-1.671,1.163
-1.685,-0.471
-1.759,1.268
-1.707,0.867
-1.79,0.666
-1.809,-0.438
-1.821,0.291
-1.784,-0.224
-1.822,-0.384
-1.839,-0.598
-1.897,-0.982
-1.885,1.431
-1.922,0.161
-1.912,0.635
-1.942,-1.875
-1.96,0.371
-2.065,0.185
-2.099,0.501
-2.083,0.794
-2.147,-0.216
-2.283,-1.688
-2.352,-0.778
-2.389,-0.585
-2.329,-0.407
-2.351,-0.676
-2.418,-1.797
-2.445,0.564
-2.45,0.672
-2.529,-0.214
-2.499,0.469
-2.577,1.839
-2.523,-0.075
-2.503,0.936
-2.582,0.245
-2.543,-1.897
-2.588,-0.409
-2.53,-1.473
-2.569,-0.569
-2.68,-0.771
-2.687,-0.389
-2.755,-0.442
-2.702,-0.861
-2.729,-0.238
-2.782,0.126
-2.75,-0.468
-2.733,0.16
-2.751,-1.756
-2.766,-0.75
-2.794,0.749
-2.794,-0.18
-2.792,0.31
-2.829,0.796
-2.833,1.794
-2.862,-1.835
2.725,-1.952
2.677,-1.889
1.793,-2.03
1.442,-1.991
0.761,-2.123
0.778,-1.984
0.258,-2.226
0.248,-1.97
0.218,-2.021
-0.868,-2.218
-1.409,-1.979
-1.606,-2.199
-2.168,-2.052
-2.576,-2.354
-2.943,2.41
-2.982,2.302
3.118,2.135
2.679,2.189
2.689,2.455
2.24,2.498
1.852,2.34
1.615,2.12
1.626,2.418
1.017,2.366
0.898,2.255
0.773,2.176
0.678,2.133
0.149,2.303
-0.144,2.206
-0.355,2.363
-0.599,2.524
-0.68,2.236
-1.43,2.547
-1.671,2.096
-1.952,2.232
-2.374,2.258
-2.482,2.308
-2.471,2.186
-2.841,2.415
3.136,2.038
2.83,-0.59
2.738,-1.353
2.068,0.571
2.085,-1.733
1.642,-0.745
0.176,-1.58
-0.305,0.417
-1.138,1.726
-1.432,1.002
-1.888,-0.867
-2.361,-1.206
-0.9,-2.134
-0.958,2.305
-2.807,2.072
-2.831,-0.125
-2.978,-0.443
-2.898,-0.582
-2.966,1.977
-3.079,-0.756
3.075,1.574
-3.087,-1.699
3.123,1.195
3.101,-0.258
3.099,1.083
3.038,0.711
2.946,1.186
2.835,1.028
2.926,-0.087
2.727,1.877
2.684,-0.221
2.624,-1.001
2.603,1.094
2.453,-1.92
2.393,0.135
2.488,-0.015
2.378,-1.645
2.267,0.519
2.272,0.13
1.958,0.767
2.071,1.765
1.949,0.036
1.929,1.964
1.87,1.874
1.764,-0.295
1.696,0.689
1.679,-0.116
1.445,2.015
1.465,-1.805
1.451,-1.599
1.224,1.764
1.314,-1.345
1.116,-1.721
0.956,0.25
0.959,-0.535
1.019,-0.754
1.007,-1.903
0.958,0.901
0.93,-0.803
0.785,-0.39
0.787,1.89
0.832,-0.851
0.381,-1.401
0.51,-0.833
0.405,0.381
0.409,-0.614
0.283,-1.553
0.376,1.603
0.293,-0.372
0.254,1.43
0.075,0.062
0.032,0.044
0.032,1.898
0.095,1.273
-0.056,-0.787
-0.061,-0.802
0.072,-1.242
-0.085,-0.085
0.023,2.004
0.009,0.863
-0.126,-1.448
-0.01,0.768
-0.027,0.94
-0.015,-0.847
-0.115,-0.696
-0.224,0.405
-0.294,1.17
-0.217,-1.891
-0.228,0.492
-0.35,2.051
-0.397,0.121
-0.286,-1.606
-0.364,-0.076
-0.426,-0.356
-0.613,1.716
-0.578,-1.775
-0.609,1.429
-0.743,-1.309
-0.646,-0.61
-0.758,0.831
-0.685,-1.592
-0.858,0.41
-0.898,-1.732
-0.78,0.899
-0.916,-1.684
-0.978,-1.66
-1.114,0.45
-1.002,-0.519
-1.125,-1.783
-1.078,-1.935
-1.082,-1.658
-1.12,-0.583
-1.284,1.011
-1.455,1.705
-1.566,-0.192
-1.584,-0.468
-1.59,-0.424
-1.588,0.52
-1.594,0.467
-1.616,0.402
-1.723,0.234
-1.755,-1.167
-1.79,0.326
-1.853,-1.255
-1.895,-0.458
-1.953,0.043
-2.264,-0.626
-2.159,-0.591
-2.43,-0.513
-2.308,-0.179
-2.359,-0.798
-2.482,-1.788
-2.675,1.868
-2.551,0.095
-2.699,0.319
-2.709,-1.616
-2.627,1.535
-2.794,-1.089
-2.797,0.976
-2.81,1.58
-2.907,0.143
-2.816,-0.264
-3.104,-2.141
2.709,-1.91
2.476,-2.192
2.161,-2.248
2.043,-2.197
1.633,-1.993
0.998,-2.26
0.521,-2.204
0.327,-2.055
-1.337,-1.869
-1.537,-2.156
-1.574,-2.265
-1.866,-2.098
-1.809,-2.073
-2.912,-2.1
-3.096,2.081
3.115,2.183
2.689,2.368
2.229,2.288
1.104,2.385
0.735,2.082
0.872,2.088
0.514,2.125
0.637,2.206
0.402,2.423
0.235,2.396
0.113,2.123
-0.277,2.241
-0.422,2.158
-0.307,2.521
-0.3,2.239
-0.784,2.402
-1.116,2.55
-1.379,2.473
-1.811,2.333
-2.27,2.302
-2.376,2.348
-2.415,2.31
0.441,-0.059
-0.007,-0.657
-1.24,-1.824
-1.502,-0.506
-1.837,0.179
1.197,0.726
-0.275,1.47
-2.356,0.423
-2.377,0.222
-2.433,0.566
-2.655,-0.897
2.92,1.067
1.94,-0.557
1.845,-0.269
1.696,0.24
1.961,-2.129
-0.059,-1.653
-0.278,2.19
-2.043,1.766
-2.131,1.999
-2.359,1.926
-2.284,1.745
-1.385,1.91
-0.915,2.357
0.061,0.526
-0.004,1.168
-0.044,1.687
-0.112,0.407
-0.067,0.106
-0.166,-1.082
-0.188,-0.198
-0.188,-0.931
-0.127,2.525
-0.167,1.188
-0.244,2.158
-0.232,0.4
-0.27,2.646
-0.291,0.894
-0.238,0.368
-0.252,1.449
-0.34,2.197
-0.352,2.297
-0.387,-0.407
-0.312,-0.054
-0.389,-0.668
-0.338,1.007
-0.386,1.481
-0.412,1.103
-0.481,-1.023
-0.477,-1.232
-0.486,1.042
-0.533,1.535
-0.574,2.07
-0.51,0.834
-0.573,-0.615
-0.588,1.205
-0.682,2.522
-0.696,0.106
-0.757,0.419
-0.818,0.383
-0.826,-0.102
-0.788,0.974
-0.856,0.655
-0.791,2.219
-0.833,1.898
-0.883,-1.174
-0.962,2.038
-1.026,-0.474
-1.017,0.721
-0.985,1.68
-1.052,0.269
-1.203,2.588
-1.285,-0.345
-1.301,-1.136
-1.31,2.171
-1.323,-0.953
-1.406,-0.441
-1.502,0.744
-1.471,0.866
-1.562,0.685
-1.532,2.48
-1.589,0.982
-1.661,0.216
-1.671,1.767
-1.685,0.133
-1.759,1.872
-1.707,1.471
-1.79,1.27
-1.809,0.166
-1.821,0.895
-1.784,0.38
-1.822,0.22
-1.839,0.006
-1.897,-0.378
-1.885,2.035
-1.922,0.765
-1.912,1.239
-1.942,-1.271
-1.96,0.975
-2.065,0.789
-2.099,1.105
-2.083,1.398
-2.147,0.388
-2.283,-1.084
-2.352,-0.174
-2.389,0.019
-2.329,0.197
-2.351,-0.072
-2.418,-1.193
-2.445,1.168
-2.45,1.276
-2.529,0.39
-2.499,1.073
-2.577,2.443
-2.523,0.529
-2.503,1.54
-2.582,0.849
-2.543,-1.293
-2.588,0.195
-2.53,-0.869
-2.569,0.035
-2.68,-0.167
-2.687,0.215
-2.755,0.162
-2.702,-0.257
-2.729,0.366
-2.782,0.73
-2.75,0.136
-2.733,0.764
-2.751,-1.152
-2.766,-0.146
-2.794,1.353
-2.794,0.424
-2.792,0.914
-2.829,1.4
-2.833,2.398
-2.862,-1.231
2.725,-1.348
2.677,-1.285
1.793,-1.426
1.442,-1.387
0.761,-1.519
0.778,-1.38
0.258,-1.622
0.248,-1.366
0.218,-1.417
-0.868,-1.614
-1.409,-1.375
-1.606,-1.595
-2.168,-1.448
-2.576,-1.75
-2.943,3.014
-2.982,2.906
3.118,2.739
2.679,2.793
2.689,3.059
2.24,3.102
1.852,2.944
1.615,2.724
1.626,3.022
1.017,2.97
0.898,2.859
0.773,2.78
0.678,2.737
0.149,2.907
-0.144,2.81
-0.355,2.967
-0.599,3.128
-0.68,2.84
-1.43,3.151
-1.671,2.7
-1.952,2.836
-2.374,2.862
-2.482,2.912
-2.471,2.79
-2.841,3.019
3.136,2.642
2.83,0.014
2.738,-0.749
2.068,1.175
2.085,-1.129
1.642,-0.141
0.176,-0.976
-0.305,1.021
-1.138,2.33
-1.432,1.606
-1.888,-0.263
-2.361,-0.602
-0.9,-1.53
-0.958,2.909
-2.807,2.676
-2.831,0.479
-2.978,0.161
-2.898,0.022
-2.966,2.581
-3.079,-0.152
3.075,2.178
-3.087,-1.095
3.123,1.799
3.101,0.346
3.099,1.687
3.038,1.315
2.946,1.79
2.835,1.632
2.926,0.517
2.727,2.481
2.684,0.383
2.624,-0.397
2.603,1.698
2.453,-1.316
2.393,0.739
2.488,0.589
2.378,-1.041
2.267,1.123
2.272,0.734
1.958,1.371
2.071,2.369
1.949,0.64
1.929,2.568
1.87,2.478
1.764,0.309
1.696,1.293
1.679,0.488
1.445,2.619
1.465,-1.201
1.451,-0.995
1.224,2.368
1.314,-0.741
1.116,-1.117
0.956,0.854
0.959,0.069
1.019,-0.15
1.007,-1.299
0.958,1.505
0.93,-0.199
0.785,0.214
0.787,2.494
0.832,-0.247
0.381,-0.797
0.51,-0.229
0.405,0.985
0.409,-0.01
0.283,-0.949
0.376,2.207
0.293,0.232
0.254,2.034
0.075,0.666
0.032,0.648
0.032,2.502
0.095,1.877
-0.056,-0.183
-0.061,-0.198
0.072,-0.638
-0.085,0.519
0.023,2.608
0.009,1.467
-0.126,-0.844
-0.01,1.372
-0.027,1.544
-0.015,-0.243
-0.115,-0.092
-0.224,1.009
-0.294,1.774
-0.217,-1.287
-0.228,1.096
-0.35,2.655
-0.397,0.725
-0.286,-1.002
-0.364,0.528
-0.426,0.248
-0.613,2.32
-0.578,-1.171
-0.609,2.033
-0.743,-0.705
-0.646,-0.006
-0.758,1.435
-0.685,-0.988
-0.858,1.014
-0.898,-1.128
-0.78,1.503
-0.916,-1.08
-0.978,-1.056
-1.114,1.054
-1.002,0.085
-1.125,-1.179
-1.078,-1.331
-1.082,-1.054
-1.12,0.021
-1.284,1.615
-1.455,2.309
-1.566,0.412
-1.584,0.136
-1.59,0.18
-1.588,1.124
-1.594,1.071
-1.616,1.006
-1.723,0.838
-1.755,-0.563
-1.79,0.93
-1.853,-0.651
-1.895,0.146
-1.953,0.647
-2.264,-0.022
-2.159,0.013
-2.43,0.091
-2.308,0.425
-2.359,-0.194
-2.482,-1.184
-2.675,2.472
-2.551,0.699
-2.699,0.923
-2.709,-1.012
-2.627,2.139
-2.794,-0.485
-2.797,1.58
-2.81,2.184
-2.907,0.747
-2.816,0.34
-3.104,-1.537
2.709,-1.306
2.476,-1.588
2.161,-1.644
2.043,-1.593
1.633,-1.389
0.998,-1.656
0.521,-1.6
0.327,-1.451
-1.337,-1.265
-1.537,-1.552
-1.574,-1.661
-1.866,-1.494
-1.809,-1.469
-2.912,-1.496
-3.096,2.685
3.115,2.787
2.689,2.972
2.229,2.892
1.104,2.989
0.735,2.686
0.872,2.692
0.514,2.729
0.637,2.81
0.402,3.027
0.235,3.0
0.113,2.727
-0.277,2.845
-0.422,2.762
-0.307,3.125
-0.3,2.843
-0.784,3.006
-1.116,3.154
-1.379,3.077
-1.811,2.937
-2.27,2.906
-2.376,2.952
-2.415,2.914
0.441,0.545
-0.007,-0.053
-1.24,-1.22
-1.502,0.098
-1.837,0.783
1.197,1.33
-0.275,2.074
-2.356,1.027
-2.377,0.826
-2.433,1.17
-2.655,-0.293
2.92,1.671
1.94,0.047
1.845,0.335
1.696,0.844
1.961,-1.525
-0.059,-1.049
-0.278,2.794
-2.043,2.37
-2.131,2.603
-2.359,2.53
-2.284,2.349
-1.385,2.514
-0.915,2.961
-0.065,0.642
-0.105,1.161
-0.173,-0.119
-0.128,-0.42
-0.227,-1.608
-0.249,-0.724
-0.249,-1.457
-0.188,1.999
-0.228,0.662
-0.305,1.632
-0.293,-0.126
-0.331,2.12
-0.352,0.368
-0.299,-0.158
-0.313,0.923
-0.401,1.671
-0.413,1.771
-0.448,-0.933
-0.373,-0.58
-0.45,-1.194
-0.399,0.481
-0.447,0.955
-0.473,0.577
-0.542,-1.549
-0.538,-1.758
-0.547,0.516
-0.594,1.009
-0.635,1.544
-0.571,0.308
-0.634,-1.141
-0.649,0.679
-0.743,1.996
-0.757,-0.42
-0.818,-0.107
-0.879,-0.143
-0.887,-0.628
-0.849,0.448
-0.917,0.129
-0.852,1.693
-0.894,1.372
-0.944,-1.7
-1.023,1.512
-1.087,-1.0
-1.078,0.195
-1.046,1.154
-1.113,-0.257
-1.264,2.062
-1.346,-0.871
-1.362,-1.662
-1.371,1.645
-1.384,-1.479
-1.467,-0.967
-1.563,0.218
-1.532,0.34
-1.623,0.159
-1.593,1.954
-1.65,0.456
-1.722,-0.31
-1.732,1.241
-1.746,-0.393
-1.82,1.346
-1.768,0.945
-1.851,0.744
-1.87,-0.36
-1.882,0.369
-1.845,-0.146
-1.883,-0.306
-1.9,-0.52
-1.958,-0.904
-1.946,1.509
-1.983,0.239
-1.973,0.713
-2.003,-1.797
-2.021,0.449
-2.126,0.263
-2.16,0.579
-2.144,0.872
-2.208,-0.138
-2.344,-1.61
-2.413,-0.7
-2.45,-0.507
-2.39,-0.329
-2.412,-0.598
-2.479,-1.719
-2.506,0.642
-2.511,0.75
-2.59,-0.136
-2.56,0.547
-2.638,1.917
-2.584,0.003
-2.564,1.014
-2.643,0.323
-2.604,-1.819
-2.649,-0.331
-2.591,-1.395
-2.63,-0.491
-2.741,-0.693
-2.748,-0.311
-2.816,-0.364
-2.763,-0.783
-2.79,-0.16
-2.843,0.204
-2.811,-0.39
-2.794,0.238
-2.812,-1.678
-2.827,-0.672
-2.855,0.827
-2.855,-0.102
-2.853,0.388
-2.89,0.874
-2.894,1.872
-2.923,-1.757
2.664,-1.874
2.616,-1.811
1.732,-1.952
1.381,-1.913
0.7,-2.045
0.717,-1.906
0.197,-2.148
0.187,-1.892
0.157,-1.943
-0.929,-2.14
-1.47,-1.901
-1.667,-2.121
-2.229,-1.974
-2.637,-2.276
-3.004,2.488
-3.043,2.38
3.057,2.213
2.618,2.267
2.628,2.533
2.179,2.576
1.791,2.418
1.554,2.198
1.565,2.496
0.956,2.444
0.837,2.333
0.712,2.254
0.617,2.211
0.088,2.381
-0.205,2.284
-0.416,2.441
-0.66,2.602
-0.741,2.314
-1.491,2.625
-1.732,2.174
-2.013,2.31
-2.435,2.336
-2.543,2.386
-2.532,2.264
-2.902,2.493
3.075,2.116
2.769,-0.512
2.677,-1.275
2.007,0.649
2.024,-1.655
1.581,-0.667
0.115,-1.502
-0.366,0.495
-1.199,1.804
-1.493,1.08
-1.949,-0.789
-2.422,-1.128
-0.961,-2.056
-1.019,2.383
-2.868,2.15
-2.892,-0.047
-3.039,-0.365
-2.959,-0.504
-3.027,2.055
-3.14,-0.678
3.014,1.652
3.135,-1.621
3.062,1.273
3.04,-0.18
3.038,1.161
2.977,0.789
2.885,1.264
2.774,1.106
2.865,-0.009
2.666,1.955
2.623,-0.143
2.563,-0.923
2.542,1.172
2.392,-1.842
2.332,0.213
2.427,0.063
2.317,-1.567
2.206,0.597
2.211,0.208
1.897,0.845
2.01,1.843
1.888,0.114
1.868,2.042
1.809,1.952
1.703,-0.217
1.635,0.767
1.618,-0.038
1.384,2.093
1.404,-1.727
1.39,-1.521
1.163,1.842
1.253,-1.267
1.055,-1.643
0.895,0.328
0.898,-0.457
0.958,-0.676
0.946,-1.825
0.897,0.979
0.869,-0.725
0.724,-0.312
0.726,1.968
0.771,-0.773
0.32,-1.323
0.449,-0.755
0.344,0.459
0.348,-0.536
0.222,-1.475
0.315,1.681
0.232,-0.294
0.193,1.508
0.014,0.14
-0.029,0.122
-0.029,1.976
0.034,1.351
-0.117,-0.709
-0.122,-0.724
0.011,-1.164
-0.146,-0.007
-0.038,2.082
-0.052,0.941
-0.187,-1.37
-0.071,0.846
-0.088,1.018
-0.076,-0.769
-0.176,-0.618
-0.285,0.483
-0.355,1.248
-0.278,-1.813
-0.289,0.57
-0.411,2.129
-0.458,0.199
-0.347,-1.528
-0.425,0.002
-0.487,-0.278
-0.674,1.794
-0.639,-1.697
-0.67,1.507
-0.804,-1.231
-0.707,-0.532
-0.819,0.909
-0.746,-1.514
-0.919,0.488
-0.959,-1.654
-0.841,0.977
-0.977,-1.606
-1.039,-1.582
-1.175,0.528
-1.063,-0.441
-1.186,-1.705
-1.139,-1.857
-1.143,-1.58
-1.181,-0.505
-1.345,1.089
-1.516,1.783
-1.627,-0.114
-1.645,-0.39
-1.651,-0.346
-1.649,0.598
-1.655,0.545
-1.677,0.48
-1.784,0.312
-1.816,-1.089
-1.851,0.404
-1.914,-1.177
-1.956,-0.38
-2.014,0.121
-2.325,-0.548
-2.22,-0.513
-2.491,-0.435
-2.369,-0.101
-2.42,-0.72
-2.543,-1.71
-2.736,1.946
-2.612,0.173
-2.76,0.397
-2.77,-1.538
-2.688,1.613
-2.855,-1.011
-2.858,1.054
-2.871,1.658
-2.968,0.221
-2.877,-0.186
3.118,-2.063
2.648,-1.832
2.415,-2.114
2.1,-2.17
1.982,-2.119
1.572,-1.915
0.937,-2.182
0.46,-2.126
0.266,-1.977
-1.398,-1.791
-1.598,-2.078
-1.635,-2.187
-1.927,-2.02
-1.87,-1.995
-2.973,-2.022
3.126,2.159
3.054,2.261
2.628,2.446
2.168,2.366
1.043,2.463
0.674,2.16
0.811,2.166
0.453,2.203
0.576,2.284
0.341,2.501
0.174,2.474
0.052,2.201
-0.338,2.319
-0.483,2.236
-0.368,2.599
-0.361,2.317
-0.845,2.48
-1.177,2.628
-1.44,2.551
-1.872,2.411
-2.331,2.38
-2.437,2.426
-2.476,2.388
0.38,0.019
-0.068,-0.579
-1.301,-1.746
-1.563,-0.428
-1.898,0.257
1.136,0.804
-0.336,1.548
-2.417,0.501
-2.438,0.3
-2.494,0.644
-2.716,-0.819
2.859,1.145
1.879,-0.479
1.784,-0.191
1.635,0.318
1.9,-2.051
-0.12,-1.575
-0.339,2.268
-2.104,1.844
-2.192,2.077
-2.42,2.004
-2.345,1.823
-1.446,1.988
-0.976,2.435
-0.04,0.519
-0.108,-0.761
-0.063,-1.062
-0.162,-2.25
-0.184,-1.366
-0.184,-2.099
-0.123,1.357
-0.163,0.02
-0.24,0.99
-0.228,-0.768
-0.266,1.478
-0.287,-0.274
-0.234,-0.8
-0.248,0.281
-0.336,1.029
-0.348,1.129
-0.383,-1.575
-0.308,-1.222
-0.385,-1.836
-0.334,-0.161
-0.382,0.313
-0.408,-0.065
-0.477,-2.191
-0.473,-2.4
-0.482,-0.126
-0.529,0.367
-0.57,0.902
-0.506,-0.334
-0.569,-1.783
-0.584,0.037
-0.678,1.354
-0.692,-1.062
-0.753,-0.749
-0.814,-0.785
-0.822,-1.27
-0.784,-0.194
-0.852,-0.513
-0.787,1.051
-0.829,0.73
-0.879,-2.342
-0.958,0.87
-1.022,-1.642
-1.013,-0.447
-0.981,0.512
-1.048,-0.899
-1.199,1.42
-1.281,-1.513
-1.297,-2.304
-1.306,1.003
-1.319,-2.121
-1.402,-1.609
-1.498,-0.424
-1.467,-0.302
-1.558,-0.483
-1.528,1.312
-1.585,-0.186
-1.657,-0.952
-1.667,0.599
-1.681,-1.035
-1.755,0.704
-1.703,0.303
-1.786,0.102
-1.805,-1.002
-1.817,-0.273
-1.78,-0.788
-1.818,-0.948
-1.835,-1.162
-1.893,-1.546
-1.881,0.867
-1.918,-0.403
-1.908,0.071
-1.938,-2.439
-1.956,-0.193
-2.061,-0.379
-2.095,-0.063
-2.079,0.23
-2.143,-0.78
-2.279,-2.252
-2.348,-1.342
-2.385,-1.149
-2.325,-0.971
-2.347,-1.24
-2.414,-2.361
-2.441,0.0
-2.446,0.108
-2.525,-0.778
-2.495,-0.095
-2.573,1.275
-2.519,-0.639
-2.499,0.372
-2.578,-0.319
-2.539,-2.461
-2.584,-0.973
-2.526,-2.037
-2.565,-1.133
-2.676,-1.335
-2.683,-0.953
-2.751,-1.006
-2.698,-1.425
-2.725,-0.802
-2.778,-0.438
-2.746,-1.032
-2.729,-0.404
-2.747,-2.32
-2.762,-1.314
-2.79,0.185
-2.79,-0.744
-2.788,-0.254
-2.825,0.232
-2.829,1.23
-2.858,-2.399
2.729,-2.516
2.681,-2.453
1.797,-2.594
1.446,-2.555
0.765,-2.687
0.782,-2.548
0.262,-2.79
0.252,-2.534
0.222,-2.585
-0.864,-2.782
-1.405,-2.543
-1.602,-2.763
-2.164,-2.616
-2.572,-2.918
-2.939,1.846
-2.978,1.738
3.122,1.571
2.683,1.625
2.693,1.891
2.244,1.934
1.856,1.776
1.619,1.556
1.63,1.854
1.021,1.802
0.902,1.691
0.777,1.612
0.682,1.569
0.153,1.739
-0.14,1.642
-0.351,1.799
-0.595,1.96
-0.676,1.672
-1.426,1.983
-1.667,1.532
-1.948,1.668
-2.37,1.694
-2.478,1.744
-2.467,1.622
-2.837,1.851
3.14,1.474
2.834,-1.154
2.742,-1.917
2.072,0.007
2.089,-2.297
1.646,-1.309
0.18,-2.144
-0.301,-0.147
-1.134,1.162
-1.428,0.438
-1.884,-1.431
-2.357,-1.77
-0.896,-2.698
-0.954,1.741
-2.803,1.508
-2.827,-0.689
-2.974,-1.007
-2.894,-1.146
-2.962,1.413
-3.075,-1.32
3.079,1.01
-3.083,-2.263
3.127,0.631
3.105,-0.822
3.103,0.519
3.042,0.147
2.95,0.622
2.839,0.464
2.93,-0.651
2.731,1.313
2.688,-0.785
2.628,-1.565
2.607,0.53
2.457,-2.484
2.397,-0.429
2.492,-0.579
2.382,-2.209
2.271,-0.045
2.276,-0.434
1.962,0.203
2.075,1.201
1.953,-0.528
1.933,1.4
1.874,1.31
1.768,-0.859
1.7,0.125
1.683,-0.68
1.449,1.451
1.469,-2.369
1.455,-2.163
1.228,1.2
1.318,-1.909
1.12,-2.285
0.96,-0.314
0.963,-1.099
1.023,-1.318
1.011,-2.467
0.962,0.337
0.934,-1.367
0.789,-0.954
0.791,1.326
0.836,-1.415
0.385,-1.965
0.514,-1.397
0.409,-0.183
0.413,-1.178
0.287,-2.117
0.38,1.039
0.297,-0.936
0.258,0.866
0.079,-0.502
0.036,-0.52
0.036,1.334
0.099,0.709
-0.052,-1.351
-0.057,-1.366
0.076,-1.806
-0.081,-0.649
0.027,1.44
0.013,0.299
-0.122,-2.012
-0.006,0.204
-0.023,0.376
-0.011,-1.411
-0.111,-1.26
-0.22,-0.159
-0.29,0.606
-0.213,-2.455
-0.224,-0.072
-0.346,1.487
-0.393,-0.443
-0.282,-2.17
-0.36,-0.64
-0.422,-0.92
-0.609,1.152
-0.574,-2.339
-0.605,0.865
-0.739,-1.873
-0.642,-1.174
-0.754,0.267
-0.681,-2.156
-0.854,-0.154
-0.894,-2.296
-0.776,0.335
-0.912,-2.248
-0.974,-2.224
-1.11,-0.114
-0.998,-1.083
-1.121,-2.347
-1.074,-2.499
-1.078,-2.222
-1.116,-1.147
-1.28,0.447
-1.451,1.141
-1.562,-0.756
-1.58,-1.032
-1.586,-0.988
-1.584,-0.044
-1.59,-0.097
-1.612,-0.162
-1.719,-0.33
-1.751,-1.731
-1.786,-0.238
-1.849,-1.819
-1.891,-1.022
-1.949,-0.521
-2.26,-1.19
-2.155,-1.155
-2.426,-1.077
-2.304,-0.743
-2.355,-1.362
-2.478,-2.352
-2.671,1.304
-2.547,-0.469
-2.695,-0.245
-2.705,-2.18
-2.623,0.971
-2.79,-1.653
-2.793,0.412
-2.806,1.016
-2.903,-0.421
-2.812,-0.828
-3.1,-2.705
2.713,-2.474
2.48,-2.756
2.165,-2.812
2.047,-2.761
1.637,-2.557
1.002,-2.824
0.525,-2.768
0.331,-2.619
-1.333,-2.433
-1.533,-2.72
-1.57,-2.829
-1.862,-2.662
-1.805,-2.637
-2.908,-2.664
-3.092,1.517
3.119,1.619
2.693,1.804
2.233,1.724
1.108,1.821
0.739,1.518
0.876,1.524
0.518,1.561
0.641,1.642
0.406,1.859
0.239,1.832
0.117,1.559
-0.273,1.677
-0.418,1.594
-0.303,1.957
-0.296,1.675
-0.78,1.838
-1.112,1.986
-1.375,1.909
-1.807,1.769
-2.266,1.738
-2.372,1.784
-2.411,1.746
0.445,-0.623
-0.003,-1.221
-1.236,-2.388
-1.498,-1.07
-1.833,-0.385
1.201,0.162
-0.271,0.906
-2.352,-0.141
-2.373,-0.342
-2.429,0.002
-2.651,-1.461
2.924,0.503
1.944,-1.121
1.849,-0.833
1.7,-0.324
1.965,-2.693
-0.055,-2.217
-0.274,1.626
-2.039,1.202
-2.127,1.435
-2.355,1.362
-2.28,1.181
-1.381,1.346
-0.911,1.793
-0.068,-1.28
-0.023,-1.581
-0.122,-2.769
-0.144,-1.885
-0.144,-2.618
-0.083,0.838
-0.123,-0.499
-0.2,0.471
-0.188,-1.287
-0.226,0.959
-0.247,-0.793
-0.194,-1.319
-0.208,-0.238
-0.296,0.51
-0.308,0.61
-0.343,-2.094
-0.268,-1.741
-0.345,-2.355
-0.294,-0.68
-0.342,-0.206
-0.368,-0.584
-0.437,-2.71
-0.433,-2.919
-0.442,-0.645
-0.489,-0.152
-0.53,0.383
-0.466,-0.853
-0.529,-2.302
-0.544,-0.482
-0.638,0.835
-0.652,-1.581
-0.713,-1.268
-0.774,-1.304
-0.782,-1.789
-0.744,-0.713
-0.812,-1.032
-0.747,0.532
-0.789,0.211
-0.839,-2.861
-0.918,0.351
-0.982,-2.161
-0.973,-0.966
-0.941,-0.007
-1.008,-1.418
-1.159,0.901
-1.241,-2.032
-1.257,-2.823
-1.266,0.484
-1.279,-2.64
-1.362,-2.128
-1.458,-0.943
-1.427,-0.821
-1.518,-1.002
-1.488,0.793
-1.545,-0.705
-1.617,-1.471
-1.627,0.08
-1.641,-1.554
-1.715,0.185
-1.663,-0.216
-1.746,-0.417
-1.765,-1.521
-1.777,-0.792
-1.74,-1.307
-1.778,-1.467
-1.795,-1.681
-1.853,-2.065
-1.841,0.348
-1.878,-0.922
-1.868,-0.448
-1.898,-2.958
-1.916,-0.712
-2.021,-0.898
-2.055,-0.582
-2.039,-0.289
-2.103,-1.299
-2.239,-2.771
-2.308,-1.861
-2.345,-1.668
-2.285,-1.49
-2.307,-1.759
-2.374,-2.88
-2.401,-0.519
-2.406,-0.411
-2.485,-1.297
-2.455,-0.614
-2.533,0.756
-2.479,-1.158
-2.459,-0.147
-2.538,-0.838
-2.499,-2.98
-2.544,-1.492
-2.486,-2.556
-2.525,-1.652
-2.636,-1.854
-2.643,-1.472
-2.711,-1.525
-2.658,-1.944
-2.685,-1.321
-2.738,-0.957
-2.706,-1.551
-2.689,-0.923
-2.707,-2.839
-2.722,-1.833
-2.75,-0.334
-2.75,-1.263
-2.748,-0.773
-2.785,-0.287
-2.789,0.711
-2.818,-2.918
2.769,-3.035
2.721,-2.972
1.837,-3.113
1.486,-3.074
0.805,-3.206
0.822,-3.067
0.302,-3.309
0.292,-3.053
0.262,-3.104
-0.824,-3.301
-1.365,-3.062
-1.562,-3.282
-2.124,-3.135
-2.532,-3.437
-2.899,1.327
-2.938,1.219
-3.121,1.052
2.723,1.106
2.733,1.372
2.284,1.415
1.896,1.257
1.659,1.037
1.67,1.335
1.061,1.283
0.942,1.172
0.817,1.093
0.722,1.05
0.193,1.22
-0.1,1.123
-0.311,1.28
-0.555,1.441
-0.636,1.153
-1.386,1.464
-1.627,1.013
-1.908,1.149
-2.33,1.175
-2.438,1.225
-2.427,1.103
-2.797,1.332
-3.103,0.955
2.874,-1.673
2.782,-2.436
2.112,-0.512
2.129,-2.816
1.686,-1.828
0.22,-2.663
-0.261,-0.666
-1.094,0.643
-1.388,-0.081
-1.844,-1.95
-2.317,-2.289
-0.856,-3.217
-0.914,1.222
-2.763,0.989
-2.787,-1.208
-2.934,-1.526
-2.854,-1.665
-2.922,0.894
-3.035,-1.839
3.119,0.491
-3.043,-2.782
-3.116,0.112
-3.138,-1.341
-3.14,0.0
3.082,-0.372
2.99,0.103
2.879,-0.055
2.97,-1.17
2.771,0.794
2.728,-1.304
2.668,-2.084
2.647,0.011
2.497,-3.003
2.437,-0.948
2.532,-1.098
2.422,-2.728
2.311,-0.564
2.316,-0.953
2.002,-0.316
2.115,0.682
1.993,-1.047
1.973,0.881
1.914,0.791
1.808,-1.378
1.74,-0.394
1.723,-1.199
1.489,0.932
1.509,-2.888
1.495,-2.682
1.268,0.681
1.358,-2.428
1.16,-2.804
1.0,-0.833
1.003,-1.618
1.063,-1.837
1.051,-2.986
1.002,-0.182
0.974,-1.886
0.829,-1.473
0.831,0.807
0.876,-1.934
0.425,-2.484
0.554,-1.916
0.449,-0.702
0.453,-1.697
0.327,-2.636
0.42,0.52
0.337,-1.455
0.298,0.347
0.119,-1.021
0.076,-1.039
0.076,0.815
0.139,0.19
-0.012,-1.87
-0.017,-1.885
0.116,-2.325
-0.041,-1.168
0.067,0.921
0.053,-0.22
-0.082,-2.531
0.034,-0.315
0.017,-0.143
0.029,-1.93
-0.071,-1.779
-0.18,-0.678
-0.25,0.087
-0.173,-2.974
-0.184,-0.591
-0.306,0.968
-0.353,-0.962
-0.242,-2.689
-0.32,-1.159
-0.382,-1.439
-0.569,0.633
-0.534,-2.858
-0.565,0.346
-0.699,-2.392
-0.602,-1.693
-0.714,-0.252
-0.641,-2.675
-0.814,-0.673
-0.854,-2.815
-0.736,-0.184
-0.872,-2.767
-0.934,-2.743
-1.07,-0.633
-0.958,-1.602
-1.081,-2.866
-1.034,-3.018
-1.038,-2.741
-1.076,-1.666
-1.24,-0.072
-1.411,0.622
-1.522,-1.275
-1.54,-1.551
-1.546,-1.507
-1.544,-0.563
-1.55,-0.616
-1.572,-0.681
-1.679,-0.849
-1.711,-2.25
-1.746,-0.757
-1.809,-2.338
-1.851,-1.541
-1.909,-1.04
-2.22,-1.709
-2.115,-1.674
-2.386,-1.596
-2.264,-1.262
-2.315,-1.881
-2.438,-2.871
-2.631,0.785
-2.507,-0.988
-2.655,-0.764
-2.665,-2.699
-2.583,0.452
-2.75,-2.172
-2.753,-0.107
-2.766,0.497
-2.863,-0.94
-2.772,-1.347
-3.06,-3.224
2.753,-2.993
2.52,-3.275
2.205,-3.331
2.087,-3.28
1.677,-3.076
1.042,-3.343
0.565,-3.287
0.371,-3.138
-1.293,-2.952
-1.493,-3.239
-1.53,-3.348
-1.822,-3.181
-1.765,-3.156
-2.868,-3.183
-3.052,0.998
-3.124,1.1
2.733,1.285
2.273,1.205
1.148,1.302
0.779,0.999
0.916,1.005
0.558,1.042
0.681,1.123
0.446,1.34
0.279,1.313
0.157,1.04
-0.233,1.158
-0.378,1.075
-0.263,1.438
-0.256,1.156
-0.74,1.319
-1.072,1.467
-1.335,1.39
-1.767,1.25
-2.226,1.219
-2.332,1.265
-2.371,1.227
0.485,-1.142
0.037,-1.74
-1.196,-2.907
-1.458,-1.589
-1.793,-0.904
1.241,-0.357
-0.231,0.387
-2.312,-0.66
-2.333,-0.861
-2.389,-0.517
-2.611,-1.98
2.964,-0.016
1.984,-1.64
1.889,-1.352
1.74,-0.843
2.005,-3.212
-0.015,-2.736
-0.234,1.107
-1.999,0.683
-2.087,0.916
-2.315,0.843
-2.24,0.662
-1.341,0.827
-0.871,1.274
0.045,-0.301
-0.054,-1.489
-0.076,-0.605
-0.076,-1.338
-0.015,2.118
-0.055,0.781
-0.132,1.751
-0.12,-0.007
-0.158,2.239
-0.179,0.487
-0.126,-0.039
-0.14,1.042
-0.228,1.79
-0.24,1.89
-0.275,-0.814
-0.2,-0.461
-0.277,-1.075
-0.226,0.6
-0.274,1.074
-0.3,0.696
-0.369,-1.43
-0.365,-1.639
-0.374,0.635
-0.421,1.128
-0.462,1.663
-0.398,0.427
-0.461,-1.022
-0.476,0.798
-0.57,2.115
-0.584,-0.301
-0.645,0.012
-0.706,-0.024
-0.714,-0.509
-0.676,0.567
-0.744,0.248
-0.679,1.812
-0.721,1.491
-0.771,-1.581
-0.85,1.631
-0.914,-0.881
-0.905,0.314
-0.873,1.273
-0.94,-0.138
-1.091,2.181
-1.173,-0.752
-1.189,-1.543
-1.198,1.764
-1.211,-1.36
-1.294,-0.848
-1.39,0.337
-1.359,0.459
-1.45,0.278
-1.42,2.073
-1.477,0.575
-1.549,-0.191
-1.559,1.36
-1.573,-0.274
-1.647,1.465
-1.595,1.064
-1.678,0.863
-1.697,-0.241
-1.709,0.488
-1.672,-0.027
-1.71,-0.187
-1.727,-0.401
-1.785,-0.785
-1.773,1.628
-1.81,0.358
-1.8,0.832
-1.83,-1.678
-1.848,0.568
-1.953,0.382
-1.987,0.698
-1.971,0.991
-2.035,-0.019
-2.171,-1.491
-2.24,-0.581
-2.277,-0.388
-2.217,-0.21
-2.239,-0.479
-2.306,-1.6
-2.333,0.761
-2.338,0.869
-2.417,-0.017
-2.387,0.666
-2.465,2.036
-2.411,0.122
-2.391,1.133
-2.47,0.442
-2.431,-1.7
-2.476,-0.212
-2.418,-1.276
-2.457,-0.372
-2.568,-0.574
-2.575,-0.192
-2.643,-0.245
-2.59,-0.664
-2.617,-0.041
-2.67,0.323
-2.638,-0.271
-2.621,0.357
-2.639,-1.559
-2.654,-0.553
-2.682,0.946
-2.682,0.017
-2.68,0.507
-2.717,0.993
-2.721,1.991
-2.75,-1.638
2.837,-1.755
2.789,-1.692
1.905,-1.833
1.554,-1.794
0.873,-1.926
0.89,-1.787
0.37,-2.029
0.36,-1.773
0.33,-1.824
-0.756,-2.021
-1.297,-1.782
-1.494,-2.002
-2.056,-1.855
-2.464,-2.157
-2.831,2.607
-2.87,2.499
-3.053,2.332
2.791,2.386
2.801,2.652
2.352,2.695
1.964,2.537
1.727,2.317
1.738,2.615
1.129,2.563
1.01,2.452
0.885,2.373
0.79,2.33
0.261,2.5
-0.032,2.403
-0.243,2.56
-0.487,2.721
-0.568,2.433
-1.318,2.744
-1.559,2.293
-1.84,2.429
-2.262,2.455
-2.37,2.505
-2.359,2.383
-2.729,2.612
-3.035,2.235
2.942,-0.393
2.85,-1.156
2.18,0.768
2.197,-1.536
1.754,-0.548
0.288,-1.383
-0.193,0.614
-1.026,1.923
-1.32,1.199
-1.776,-0.67
-2.249,-1.009
-0.788,-1.937
-0.846,2.502
-2.695,2.269
-2.719,0.072
-2.866,-0.246
-2.786,-0.385
-2.854,2.174
-2.967,-0.559
-3.096,1.771
-2.975,-1.502
-3.048,1.392
-3.07,-0.061
-3.072,1.28
-3.133,0.908
3.058,1.383
2.947,1.225
3.038,0.11
2.839,2.074
2.796,-0.024
2.736,-0.804
2.715,1.291
2.565,-1.723
2.505,0.332
2.6,0.182
2.49,-1.448
2.379,0.716
2.384,0.327
2.07,0.964
2.183,1.962
2.061,0.233
2.041,2.161
1.982,2.071
1.876,-0.098
1.808,0.886
1.791,0.081
1.557,2.212
1.577,-1.608
1.563,-1.402
1.336,1.961
1.426,-1.148
1.228,-1.524
1.068,0.447
1.071,-0.338
1.131,-0.557
1.119,-1.706
1.07,1.098
1.042,-0.606
0.897,-0.193
0.899,2.087
0.944,-0.654
0.493,-1.204
0.622,-0.636
0.517,0.578
0.521,-0.417
0.395,-1.356
0.488,1.8
0.405,-0.175
0.366,1.627
0.187,0.259
0.144,0.241
0.144,2.095
0.207,1.47
0.056,-0.59
0.051,-0.605
0.184,-1.045
0.027,0.112
0.135,2.201
0.121,1.06
-0.014,-1.251
0.102,0.965
0.085,1.137
0.097,-0.65
-0.003,-0.499
-0.112,0.602
-0.182,1.367
-0.105,-1.694
-0.116,0.689
-0.238,2.248
-0.285,0.318
-0.174,-1.409
-0.252,0.121
-0.314,-0.159
-0.501,1.913
-0.466,-1.578
-0.497,1.626
-0.631,-1.112
-0.534,-0.413
-0.646,1.028
-0.573,-1.395
-0.746,0.607
-0.786,-1.535
-0.668,1.096
-0.804,-1.487
-0.866,-1.463
-1.002,0.647
-0.89,-0.322
-1.013,-1.586
-0.966,-1.738
-0.97,-1.461
-1.008,-0.386
-1.172,1.208
-1.343,1.902
-1.454,0.005
-1.472,-0.271
-1.478,-0.227
-1.476,0.717
-1.482,0.664
-1.504,0.599
-1.611,0.431
-1.643,-0.97
-1.678,0.523
-1.741,-1.058
-1.783,-0.261
-1.841,0.24
-2.152,-0.429
-2.047,-0.394
-2.318,-0.316
-2.196,0.018
-2.247,-0.601
-2.37,-1.591
-2.563,2.065
-2.439,0.292
-2.587,0.516
-2.597,-1.419
-2.515,1.732
-2.682,-0.892
-2.685,1.173
-2.698,1.777
-2.795,0.34
-2.704,-0.067
-2.992,-1.944
2.821,-1.713
2.588,-1.995
2.273,-2.051
2.155,-2.0
1.745,-1.796
1.11,-2.063
0.633,-2.007
0.439,-1.858
-1.225,-1.672
-1.425,-1.959
-1.462,-2.068
-1.754,-1.901
-1.697,-1.876
-2.8,-1.903
-2.984,2.278
-3.056,2.38
2.801,2.565
2.341,2.485
1.216,2.582
0.847,2.279
0.984,2.285
0.626,2.322
0.749,2.403
0.514,2.62
0.347,2.593
0.225,2.32
-0.165,2.438
-0.31,2.355
-0.195,2.718
-0.188,2.436
-0.672,2.599
-1.004,2.747
-1.267,2.67
-1.699,2.53
-2.158,2.499
-2.264,2.545
-2.303,2.507
0.553,0.138
0.105,-0.46
-1.128,-1.627
-1.39,-0.309
-1.725,0.376
1.309,0.923
-0.163,1.667
-2.244,0.62
-2.265,0.419
-2.321,0.763
-2.543,-0.7
3.032,1.264
2.052,-0.36
1.957,-0.072
1.808,0.437
2.073,-1.932
0.053,-1.456
-0.166,2.387
-1.931,1.963
-2.019,2.196
-2.247,2.123
-2.172,1.942
-1.273,2.107
-0.803,2.554
-0.099,-1.188
-0.121,-0.304
-0.121,-1.037
-0.06,2.419
-0.1,1.082
-0.177,2.052
-0.165,0.294
-0.203,2.54
-0.224,0.788
-0.171,0.262
-0.185,1.343
-0.273,2.091
-0.285,2.191
-0.32,-0.513
-0.245,-0.16
-0.322,-0.774
-0.271,0.901
-0.319,1.375
-0.345,0.997
-0.414,-1.129
-0.41,-1.338
-0.419,0.936
-0.466,1.429
-0.507,1.964
-0.443,0.728
-0.506,-0.721
-0.521,1.099
-0.615,2.416
-0.629,0.0
-0.69,0.313
-0.751,0.277
-0.759,-0.208
-0.721,0.868
-0.789,0.549
-0.724,2.113
-0.766,1.792
-0.816,-1.28
-0.895,1.932
-0.959,-0.58
-0.95,0.615
-0.918,1.574
-0.985,0.163
-1.136,2.482
-1.218,-0.451
-1.234,-1.242
-1.243,2.065
-1.256,-1.059
-1.339,-0.547
-1.435,0.638
-1.404,0.76
-1.495,0.579
-1.465,2.374
-1.522,0.876
-1.594,0.11
-1.604,1.661
-1.618,0.027
-1.692,1.766
-1.64,1.365
-1.723,1.164
-1.742,0.06
-1.754,0.789
-1.717,0.274
-1.755,0.114
-1.772,-0.1
-1.83,-0.484
-1.818,1.929
-1.855,0.659
-1.845,1.133
-1.875,-1.377
-1.893,0.869
-1.998,0.683
-2.032,0.999
-2.016,1.292
-2.08,0.282
-2.216,-1.19
-2.285,-0.28
-2.322,-0.087
-2.262,0.091
-2.284,-0.178
-2.351,-1.299
-2.378,1.062
-2.383,1.17
-2.462,0.284
-2.432,0.967
-2.51,2.337
-2.456,0.423
-2.436,1.434
-2.515,0.743
-2.476,-1.399
-2.521,0.089
-2.463,-0.975
-2.502,-0.071
-2.613,-0.273
-2.62,0.109
-2.688,0.056
-2.635,-0.363
-2.662,0.26
-2.715,0.624
-2.683,0.03
-2.666,0.658
-2.684,-1.258
-2.699,-0.252
-2.727,1.247
-2.727,0.318
-2.725,0.808
-2.762,1.294
-2.766,2.292
-2.795,-1.337
2.792,-1.454
2.744,-1.391
1.86,-1.532
1.509,-1.493
0.828,-1.625
0.845,-1.486
0.325,-1.728
0.315,-1.472
0.285,-1.523
-0.801,-1.72
-1.342,-1.481
-1.539,-1.701
-2.101,-1.554
-2.509,-1.856
-2.876,2.908
-2.915,2.8
-3.098,2.633
2.746,2.687
2.756,2.953
2.307,2.996
1.919,2.838
1.682,2.618
1.693,2.916
1.084,2.864
0.965,2.753
0.84,2.674
0.745,2.631
0.216,2.801
-0.077,2.704
-0.288,2.861
-0.532,3.022
-0.613,2.734
-1.363,3.045
-1.604,2.594
-1.885,2.73
-2.307,2.756
-2.415,2.806
-2.404,2.684
-2.774,2.913
-3.08,2.536
2.897,-0.092
2.805,-0.855
2.135,1.069
2.152,-1.235
1.709,-0.247
0.243,-1.082
-0.238,0.915
-1.071,2.224
-1.365,1.5
-1.821,-0.369
-2.294,-0.708
-0.833,-1.636
-0.891,2.803
-2.74,2.57
-2.764,0.373
-2.911,0.055
-2.831,-0.084
-2.899,2.475
-3.012,-0.258
-3.141,2.072
-3.02,-1.201
-3.093,1.693
-3.115,0.24
-3.117,1.581
3.105,1.209
3.013,1.684
2.902,1.526
2.993,0.411
2.794,2.375
2.751,0.277
2.691,-0.503
2.67,1.592
2.52,-1.422
2.46,0.633
2.555,0.483
2.445,-1.147
2.334,1.017
2.339,0.628
2.025,1.265
2.138,2.263
2.016,0.534
1.996,2.462
1.937,2.372
1.831,0.203
1.763,1.187
1.746,0.382
1.512,2.513
1.532,-1.307
1.518,-1.101
1.291,2.262
1.381,-0.847
1.183,-1.223
1.023,0.748
1.026,-0.037
1.086,-0.256
1.074,-1.405
1.025,1.399
0.997,-0.305
0.852,0.108
0.854,2.388
0.899,-0.353
0.448,-0.903
0.577,-0.335
0.472,0.879
0.476,-0.116
0.35,-1.055
0.443,2.101
0.36,0.126
0.321,1.928
0.142,0.56
0.099,0.542
0.099,2.396
0.162,1.771
0.011,-0.289
0.006,-0.304
0.139,-0.744
-0.018,0.413
0.09,2.502
0.076,1.361
-0.059,-0.95
0.057,1.266
0.04,1.438
0.052,-0.349
-0.048,-0.198
-0.157,0.903
-0.227,1.668
-0.15,-1.393
-0.161,0.99
-0.283,2.549
-0.33,0.619
-0.219,-1.108
-0.297,0.422
-0.359,0.142
-0.546,2.214
-0.511,-1.277
-0.542,1.927
-0.676,-0.811
-0.579,-0.112
-0.691,1.329
-0.618,-1.094
-0.791,0.908
-0.831,-1.234
-0.713,1.397
-0.849,-1.186
-0.911,-1.162
-1.047,0.948
-0.935,-0.021
-1.058,-1.285
-1.011,-1.437
-1.015,-1.16
-1.053,-0.085
-1.217,1.509
-1.388,2.203
-1.499,0.306
-1.517,0.03
-1.523,0.074
-1.521,1.018
-1.527,0.965
-1.549,0.9
-1.656,0.732
-1.688,-0.669
-1.723,0.824
-1.786,-0.757
-1.828,0.04
-1.886,0.541
-2.197,-0.128
-2.092,-0.093
-2.363,-0.015
-2.241,0.319
-2.292,-0.3
-2.415,-1.29
-2.608,2.366
-2.484,0.593
-2.632,0.817
-2.642,-1.118
-2.56,2.033
-2.727,-0.591
-2.73,1.474
-2.743,2.078
-2.84,0.641
-2.749,0.234
-3.037,-1.643
2.776,-1.412
2.543,-1.694
2.228,-1.75
2.11,-1.699
1.7,-1.495
1.065,-1.762
0.588,-1.706
0.394,-1.557
-1.27,-1.371
-1.47,-1.658
-1.507,-1.767
-1.799,-1.6
-1.742,-1.575
-2.845,-1.602
-3.029,2.579
-3.101,2.681
2.756,2.866
2.296,2.786
1.171,2.883
0.802,2.58
0.939,2.586
0.581,2.623
0.704,2.704
0.469,2.921
0.302,2.894
0.18,2.621
-0.21,2.739
-0.355,2.656
-0.24,3.019
-0.233,2.737
-0.717,2.9
-1.049,3.048
-1.312,2.971
-1.744,2.831
-2.203,2.8
-2.309,2.846
-2.348,2.808
0.508,0.439
0.06,-0.159
-1.173,-1.326
-1.435,-0.008
-1.77,0.677
1.264,1.224
-0.208,1.968
-2.289,0.921
-2.31,0.72
-2.366,1.064
-2.588,-0.399
2.987,1.565
2.007,-0.059
1.912,0.229
1.763,0.738
2.028,-1.631
0.008,-1.155
-0.211,2.688
-1.976,2.264
-2.064,2.497
-2.292,2.424
-2.217,2.243
-1.318,2.408
-0.848,2.855
-0.022,0.884
-0.022,0.151
0.039,3.607
-0.001,2.27
-0.078,3.24
-0.066,1.482
-0.104,3.728
-0.125,1.976
-0.072,1.45
-0.086,2.531
-0.174,3.279
-0.186,3.379
-0.221,0.675
-0.146,1.028
-0.223,0.414
-0.172,2.089
-0.22,2.563
-0.246,2.185
-0.315,0.059
-0.311,-0.15
-0.32,2.124
-0.367,2.617
-0.408,3.152
-0.344,1.916
-0.407,0.467
-0.422,2.287
-0.516,3.604
-0.53,1.188
-0.591,1.501
-0.652,1.465
-0.66,0.98
-0.622,2.056
-0.69,1.737
-0.625,3.301
-0.667,2.98
-0.717,-0.092
-0.796,3.12
-0.86,0.608
-0.851,1.803
-0.819,2.762
-0.886,1.351
-1.037,3.67
-1.119,0.737
-1.135,-0.054
-1.144,3.253
-1.157,0.129
-1.24,0.641
-1.336,1.826
-1.305,1.948
-1.396,1.767
-1.366,3.562
-1.423,2.064
-1.495,1.298
-1.505,2.849
-1.519,1.215
-1.593,2.954
-1.541,2.553
-1.624,2.352
-1.643,1.248
-1.655,1.977
-1.618,1.462
-1.656,1.302
-1.673,1.088
-1.731,0.704
-1.719,3.117
-1.756,1.847
-1.746,2.321
-1.776,-0.189
-1.794,2.057
-1.899,1.871
-1.933,2.187
-1.917,2.48
-1.981,1.47
-2.117,-0.002
-2.186,0.908
-2.223,1.101
-2.163,1.279
-2.185,1.01
-2.252,-0.111
-2.279,2.25
-2.284,2.358
-2.363,1.472
-2.333,2.155
-2.411,3.525
-2.357,1.611
-2.337,2.622
-2.416,1.931
-2.377,-0.211
-2.422,1.277
-2.364,0.213
-2.403,1.117
-2.514,0.915
-2.521,1.297
-2.589,1.244
-2.536,0.825
-2.563,1.448
-2.616,1.812
-2.584,1.218
-2.567,1.846
-2.585,-0.07
-2.6,0.936
-2.628,2.435
-2.628,1.506
-2.626,1.996
-2.663,2.482
-2.667,3.48
-2.696,-0.149
2.891,-0.266
2.843,-0.203
1.959,-0.344
1.608,-0.305
0.927,-0.437
0.944,-0.298
0.424,-0.54
0.414,-0.284
0.384,-0.335
-0.702,-0.532
-1.243,-0.293
-1.44,-0.513
-2.002,-0.366
-2.41,-0.668
-2.777,4.096
-2.816,3.988
-2.999,3.821
2.845,3.875
2.855,4.141
2.406,4.184
2.018,4.026
1.781,3.806
1.792,4.104
1.183,4.052
1.064,3.941
0.939,3.862
0.844,3.819
0.315,3.989
0.022,3.892
-0.189,4.049
-0.433,4.21
-0.514,3.922
-1.264,4.233
-1.505,3.782
-1.786,3.918
-2.208,3.944
-2.316,3.994
-2.305,3.872
-2.675,4.101
-2.981,3.724
2.996,1.096
2.904,0.333
2.234,2.257
2.251,-0.047
1.808,0.941
0.342,0.106
-0.139,2.103
-0.972,3.412
-1.266,2.688
-1.722,0.819
-2.195,0.48
-0.734,-0.448
-0.792,3.991
-2.641,3.758
-2.665,1.561
-2.812,1.243
-2.732,1.104
-2.8,3.663
-2.913,0.93
-3.042,3.26
-2.921,-0.013
-2.994,2.881
-3.016,1.428
-3.018,2.769
-3.079,2.397
3.112,2.872
3.001,2.714
3.092,1.599
2.893,3.563
2.85,1.465
2.79,0.685
2.769,2.78
2.619,-0.234
2.559,1.821
2.654,1.671
2.544,0.041
2.433,2.205
2.438,1.816
2.124,2.453
2.237,3.451
2.115,1.722
2.095,3.65
2.036,3.56
1.93,1.391
1.862,2.375
1.845,1.57
1.611,3.701
1.631,-0.119
1.617,0.087
1.39,3.45
1.48,0.341
1.282,-0.035
1.122,1.936
1.125,1.151
1.185,0.932
1.173,-0.217
1.124,2.587
1.096,0.883
0.951,1.296
0.953,3.576
0.998,0.835
0.547,0.285
0.676,0.853
0.571,2.067
0.575,1.072
0.449,0.133
0.542,3.289
0.459,1.314
0.42,3.116
0.241,1.748
0.198,1.73
0.198,3.584
0.261,2.959
0.11,0.899
0.105,0.884
0.238,0.444
0.081,1.601
0.189,3.69
0.175,2.549
0.04,0.238
0.156,2.454
0.139,2.626
0.151,0.839
0.051,0.99
-0.058,2.091
-0.128,2.856
-0.051,-0.205
-0.062,2.178
-0.184,3.737
-0.231,1.807
-0.12,0.08
-0.198,1.61
-0.26,1.33
-0.447,3.402
-0.412,-0.089
-0.443,3.115
-0.577,0.377
-0.48,1.076
-0.592,2.517
-0.519,0.094
-0.692,2.096
-0.732,-0.046
-0.614,2.585
-0.75,0.002
-0.812,0.026
-0.948,2.136
-0.836,1.167
-0.959,-0.097
-0.912,-0.249
-0.916,0.028
-0.954,1.103
-1.118,2.697
-1.289,3.391
-1.4,1.494
-1.418,1.218
-1.424,1.262
-1.422,2.206
-1.428,2.153
-1.45,2.088
-1.557,1.92
-1.589,0.519
-1.624,2.012
-1.687,0.431
-1.729,1.228
-1.787,1.729
-2.098,1.06
-1.993,1.095
-2.264,1.173
-2.142,1.507
-2.193,0.888
-2.316,-0.102
-2.509,3.554
-2.385,1.781
-2.533,2.005
-2.543,0.07
-2.461,3.221
-2.628,0.597
-2.631,2.662
-2.644,3.266
-2.741,1.829
-2.65,1.422
-2.938,-0.455
2.875,-0.224
2.642,-0.506
2.327,-0.562
2.209,-0.511
1.799,-0.307
1.164,-0.574
0.687,-0.518
0.493,-0.369
-1.171,-0.183
-1.371,-0.47
-1.408,-0.579
-1.7,-0.412
-1.643,-0.387
-2.746,-0.414
-2.93,3.767
-3.002,3.869
2.855,4.054
2.395,3.974
1.27,4.071
0.901,3.768
1.038,3.774
0.68,3.811
0.803,3.892
0.568,4.109
0.401,4.082
0.279,3.809
-0.111,3.927
-0.256,3.844
-0.141,4.207
-0.134,3.925
-0.618,4.088
-0.95,4.236
-1.213,4.159
-1.645,4.019
-2.104,3.988
-2.21,4.034
-2.249,3.996
0.607,1.627
0.159,1.029
-1.074,-0.138
-1.336,1.18
-1.671,1.865
1.363,2.412
-0.109,3.156
-2.19,2.109
-2.211,1.908
-2.267,2.252
-2.489,0.789
3.086,2.753
2.106,1.129
2.011,1.417
1.862,1.926
2.127,-0.443
0.107,0.033
-0.112,3.876
-1.877,3.452
-1.965,3.685
-2.193,3.612
-2.118,3.431
-1.219,3.596
-0.749,4.043
0.0,-0.733
0.061,2.723
0.021,1.386
-0.056,2.356
-0.044,0.598
-0.082,2.844
-0.103,1.092
-0.05,0.566
-0.064,1.647
-0.152,2.395
-0.164,2.495
-0.199,-0.209
-0.124,0.144
-0.201,-0.47
-0.15,1.205
-0.198,1.679
-0.224,1.301
-0.293,-0.825
-0.289,-1.034
-0.298,1.24
-0.345,1.733
-0.386,2.268
-0.322,1.032
-0.385,-0.417
-0.4,1.403
-0.494,2.72
-0.508,0.304
-0.569,0.617
-0.63,0.581
-0.638,0.096
-0.6,1.172
-0.668,0.853
-0.603,2.417
-0.645,2.096
-0.695,-0.976
-0.774,2.236
-0.838,-0.276
-0.829,0.919
-0.797,1.878
-0.864,0.467
-1.015,2.786
-1.097,-0.147
-1.113,-0.938
-1.122,2.369
-1.135,-0.755
-1.218,-0.243
-1.314,0.942
-1.283,1.064
-1.374,0.883
-1.344,2.678
-1.401,1.18
-1.473,0.414
-1.483,1.965
-1.497,0.331
-1.571,2.07
-1.519,1.669
-1.602,1.468
-1.621,0.364
-1.633,1.093
-1.596,0.578
-1.634,0.418
-1.651,0.204
-1.709,-0.18
-1.697,2.233
-1.734,0.963
-1.724,1.437
-1.754,-1.073
-1.772,1.173
-1.877,0.987
-1.911,1.303
-1.895,1.596
-1.959,0.586
-2.095,-0.886
-2.164,0.024
-2.201,0.217
-2.141,0.395
-2.163,0.126
-2.23,-0.995
-2.257,1.366
-2.262,1.474
-2.341,0.588
-2.311,1.271
-2.389,2.641
-2.335,0.727
-2.315,1.738
-2.394,1.047
-2.355,-1.095
-2.4,0.393
-2.342,-0.671
-2.381,0.233
-2.492,0.031
-2.499,0.413
-2.567,0.36
-2.514,-0.059
-2.541,0.564
-2.594,0.928
-2.562,0.334
-2.545,0.962
-2.563,-0.954
-2.578,0.052
-2.606,1.551
-2.606,0.622
-2.604,1.112
-2.641,1.598
-2.645,2.596
-2.674,-1.033
2.913,-1.15
2.865,-1.087
1.981,-1.228
1.63,-1.189
0.949,-1.321
0.966,-1.182
0.446,-1.424
0.436,-1.168
0.406,-1.219
-0.68,-1.416
-1.221,-1.177
-1.418,-1.397
-1.98,-1.25
-2.388,-1.552
-2.755,3.212
-2.794,3.104
-2.977,2.937
2.867,2.991
2.877,3.257
2.428,3.3
2.04,3.142
1.803,2.922
1.814,3.22
1.205,3.168
1.086,3.057
0.961,2.978
0.866,2.935
0.337,3.105
0.044,3.008
-0.167,3.165
-0.411,3.326
-0.492,3.038
-1.242,3.349
-1.483,2.898
-1.764,3.034
-2.186,3.06
-2.294,3.11
-2.283,2.988
-2.653,3.217
-2.959,2.84
3.018,0.212
2.926,-0.551
2.256,1.373
2.273,-0.931
1.83,0.057
0.364,-0.778
-0.117,1.219
-0.95,2.528
-1.244,1.804
-1.7,-0.065
-2.173,-0.404
-0.712,-1.332
-0.77,3.107
-2.619,2.874
-2.643,0.677
-2.79,0.359
-2.71,0.22
-2.778,2.779
-2.891,0.046
-3.02,2.376
-2.899,-0.897
-2.972,1.997
-2.994,0.544
-2.996,1.885
-3.057,1.513
3.134,1.988
3.023,1.83
3.114,0.715
2.915,2.679
2.872,0.581
2.812,-0.199
2.791,1.896
2.641,-1.118
2.581,0.937
2.676,0.787
2.566,-0.843
2.455,1.321
2.46,0.932
2.146,1.569
2.259,2.567
2.137,0.838
2.117,2.766
2.058,2.676
1.952,0.507
1.884,1.491
1.867,0.686
1.633,2.817
1.653,-1.003
1.639,-0.797
1.412,2.566
1.502,-0.543
1.304,-0.919
1.144,1.052
1.147,0.267
1.207,0.048
1.195,-1.101
1.146,1.703
1.118,-0.001
0.973,0.412
0.975,2.692
1.02,-0.049
0.569,-0.599
0.698,-0.031
0.593,1.183
0.597,0.188
0.471,-0.751
0.564,2.405
0.481,0.43
0.442,2.232
0.263,0.864
0.22,0.846
0.22,2.7
0.283,2.075
0.132,0.015
0.127,0.0
0.26,-0.44
0.103,0.717
0.211,2.806
0.197,1.665
0.062,-0.646
0.178,1.57
0.161,1.742
0.173,-0.045
0.073,0.106
-0.036,1.207
-0.106,1.972
-0.029,-1.089
-0.04,1.294
-0.162,2.853
-0.209,0.923
-0.098,-0.804
-0.176,0.726
-0.238,0.446
-0.425,2.518
-0.39,-0.973
-0.421,2.231
-0.555,-0.507
-0.458,0.192
-0.57,1.633
-0.497,-0.79
-0.67,1.212
-0.71,-0.93
-0.592,1.701
-0.728,-0.882
-0.79,-0.858
-0.926,1.252
-0.814,0.283
-0.937,-0.981
-0.89,-1.133
-0.894,-0.856
-0.932,0.219
-1.096,1.813
-1.267,2.507
-1.378,0.61
-1.396,0.334
-1.402,0.378
-1.4,1.322
-1.406,1.269
-1.428,1.204
-1.535,1.036
-1.567,-0.365
-1.602,1.128
-1.665,-0.453
-1.707,0.344
-1.765,0.845
-2.076,0.176
-1.971,0.211
-2.242,0.289
-2.12,0.623
-2.171,0.004
-2.294,-0.986
-2.487,2.67
-2.363,0.897
-2.511,1.121
-2.521,-0.814
-2.439,2.337
-2.606,-0.287
-2.609,1.778
-2.622,2.382
-2.719,0.945
-2.628,0.538
-2.916,-1.339
2.897,-1.108
2.664,-1.39
2.349,-1.446
2.231,-1.395
1.821,-1.191
1.186,-1.458
0.709,-1.402
0.515,-1.253
-1.149,-1.067
-1.349,-1.354
-1.386,-1.463
-1.678,-1.296
-1.621,-1.271
-2.724,-1.298
-2.908,2.883
-2.98,2.985
2.877,3.17
2.417,3.09
1.292,3.187
0.923,2.884
1.06,2.89
0.702,2.927
0.825,3.008
0.59,3.225
0.423,3.198
0.301,2.925
-0.089,3.043
-0.234,2.96
-0.119,3.323
-0.112,3.041
-0.596,3.204
-0.928,3.352
-1.191,3.275
-1.623,3.135
-2.082,3.104
-2.188,3.15
-2.227,3.112
0.629,0.743
0.181,0.145
-1.052,-1.022
-1.314,0.296
-1.649,0.981
1.385,1.528
-0.087,2.272
-2.168,1.225
-2.189,1.024
-2.245,1.368
-2.467,-0.095
3.108,1.869
2.128,0.245
2.033,0.533
1.884,1.042
2.149,-1.327
0.129,-0.851
-0.09,2.992
-1.855,2.568
-1.943,2.801
-2.171,2.728
-2.096,2.547
-1.197,2.712
-0.727,3.159
0.061,3.456
0.021,2.119
-0.056,3.089
-0.044,1.331
-0.082,3.577
-0.103,1.825
-0.05,1.299
-0.064,2.38
-0.152,3.128
-0.164,3.228
-0.199,0.524
-0.124,0.877
-0.201,0.263
-0.15,1.938
-0.198,2.412
-0.224,2.034
-0.293,-0.092
-0.289,-0.301
-0.298,1.973
-0.345,2.466
-0.386,3.001
-0.322,1.765
-0.385,0.316
-0.4,2.136
-0.494,3.453
-0.508,1.037
-0.569,1.35
-0.63,1.314
-0.638,0.829
-0.6,1.905
-0.668,1.586
-0.603,3.15
-0.645,2.829
-0.695,-0.243
-0.774,2.969
-0.838,0.457
-0.829,1.652
-0.797,2.611
-0.864,1.2
-1.015,3.519
-1.097,0.586
-1.113,-0.205
-1.122,3.102
-1.135,-0.022
-1.218,0.49
-1.314,1.675
-1.283,1.797
-1.374,1.616
-1.344,3.411
-1.401,1.913
-1.473,1.147
-1.483,2.698
-1.497,1.064
-1.571,2.803
-1.519,2.402
-1.602,2.201
-1.621,1.097
-1.633,1.826
-1.596,1.311
-1.634,1.151
-1.651,0.937
-1.709,0.553
-1.697,2.966
-1.734,1.696
-1.724,2.17
-1.754,-0.34
-1.772,1.906
-1.877,1.72
-1.911,2.036
-1.895,2.329
-1.959,1.319
-2.095,-0.153
-2.164,0.757
-2.201,0.95
-2.141,1.128
-2.163,0.859
-2.23,-0.262
-2.257,2.099
-2.262,2.207
-2.341,1.321
-2.311,2.004
-2.389,3.374
-2.335,1.46
-2.315,2.471
-2.394,1.78
-2.355,-0.362
-2.4,1.126
-2.342,0.062
-2.381,0.966
-2.492,0.764
-2.499,1.146
-2.567,1.093
-2.514,0.674
-2.541,1.297
-2.594,1.661
-2.562,1.067
-2.545,1.695
-2.563,-0.221
-2.578,0.785
-2.606,2.284
-2.606,1.355
-2.604,1.845
-2.641,2.331
-2.645,3.329
-2.674,-0.3
2.913,-0.417
2.865,-0.354
1.981,-0.495
1.63,-0.456
0.949,-0.588
0.966,-0.449
0.446,-0.691
0.436,-0.435
0.406,-0.486
-0.68,-0.683
-1.221,-0.444
-1.418,-0.664
-1.98,-0.517
-2.388,-0.819
-2.755,3.945
-2.794,3.837
-2.977,3.67
2.867,3.724
2.877,3.99
2.428,4.033
2.04,3.875
1.803,3.655
1.814,3.953
1.205,3.901
1.086,3.79
0.961,3.711
0.866,3.668
0.337,3.838
0.044,3.741
-0.167,3.898
-0.411,4.059
-0.492,3.771
-1.242,4.082
-1.483,3.631
-1.764,3.767
-2.186,3.793
-2.294,3.843
-2.283,3.721
-2.653,3.95
-2.959,3.573
3.018,0.945
2.926,0.182
2.256,2.106
2.273,-0.198
1.83,0.79
0.364,-0.045
-0.117,1.952
-0.95,3.261
-1.244,2.537
-1.7,0.668
-2.173,0.329
-0.712,-0.599
-0.77,3.84
-2.619,3.607
-2.643,1.41
-2.79,1.092
-2.71,0.953
-2.778,3.512
-2.891,0.779
-3.02,3.109
-2.899,-0.164
-2.972,2.73
-2.994,1.277
-2.996,2.618
-3.057,2.246
3.134,2.721
3.023,2.563
3.114,1.448
2.915,3.412
2.872,1.314
2.812,0.534
2.791,2.629
2.641,-0.385
2.581,1.67
2.676,1.52
2.566,-0.11
2.455,2.054
2.46,1.665
2.146,2.302
2.259,3.3
2.137,1.571
2.117,3.499
2.058,3.409
1.952,1.24
1.884,2.224
1.867,1.419
1.633,3.55
1.653,-0.27
1.639,-0.064
1.412,3.299
1.502,0.19
1.304,-0.186
1.144,1.785
1.147,1.0
1.207,0.781
1.195,-0.368
1.146,2.436
1.118,0.732
0.973,1.145
0.975,3.425
1.02,0.684
0.569,0.134
0.698,0.702
0.593,1.916
0.597,0.921
0.471,-0.018
0.564,3.138
0.481,1.163
0.442,2.965
0.263,1.597
0.22,1.579
0.22,3.433
0.283,2.808
0.132,0.748
0.127,0.733
0.26,0.293
0.103,1.45
0.211,3.539
0.197,2.398
0.062,0.087
0.178,2.303
0.161,2.475
0.173,0.688
0.073,0.839
-0.036,1.94
-0.106,2.705
-0.029,-0.356
-0.04,2.027
-0.162,3.586
-0.209,1.656
-0.098,-0.071
-0.176,1.459
-0.238,1.179
-0.425,3.251
-0.39,-0.24
-0.421,2.964
-0.555,0.226
-0.458,0.925
-0.57,2.366
-0.497,-0.057
-0.67,1.945
-0.71,-0.197
-0.592,2.434
-0.728,-0.149
-0.79,-0.125
-0.926,1.985
-0.814,1.016
-0.937,-0.248
-0.89,-0.4
-0.894,-0.123
-0.932,0.952
-1.096,2.546
-1.267,3.24
-1.378,1.343
-1.396,1.067
-1.402,1.111
-1.4,2.055
-1.406,2.002
-1.428,1.937
-1.535,1.769
-1.567,0.368
-1.602,1.861
-1.665,0.28
-1.707,1.077
-1.765,1.578
-2.076,0.909
-1.971,0.944
-2.242,1.022
-2.12,1.356
-2.171,0.737
-2.294,-0.253
-2.487,3.403
-2.363,1.63
-2.511,1.854
-2.521,-0.081
-2.439,3.07
-2.606,0.446
-2.609,2.511
-2.622,3.115
-2.719,1.678
-2.628,1.271
-2.916,-0.606
2.897,-0.375
2.664,-0.657
2.349,-0.713
2.231,-0.662
1.821,-0.458
1.186,-0.725
0.709,-0.669
0.515,-0.52
-1.149,-0.334
-1.349,-0.621
-1.386,-0.73
-1.678,-0.563
-1.621,-0.538
-2.724,-0.565
-2.908,3.616
-2.98,3.718
2.877,3.903
2.417,3.823
1.292,3.92
0.923,3.617
1.06,3.623
0.702,3.66
0.825,3.741
0.59,3.958
0.423,3.931
0.301,3.658
-0.089,3.776
-0.234,3.693
-0.119,4.056
-0.112,3.774
-0.596,3.937
-0.928,4.085
-1.191,4.008
-1.623,3.868
-2.082,3.837
-2.188,3.883
-2.227,3.845
0.629,1.476
0.181,0.878
-1.052,-0.289
-1.314,1.029
-1.649,1.714
1.385,2.261
-0.087,3.005
-2.168,1.958
-2.189,1.757
-2.245,2.101
-2.467,0.638
3.108,2.602
2.128,0.978
2.033,1.266
1.884,1.775
2.149,-0.594
0.129,-0.118
-0.09,3.725
-1.855,3.301
-1.943,3.534
-2.171,3.461
-2.096,3.28
-1.197,3.445
-0.727,3.892
-0.04,-1.337
-0.117,-0.367
-0.105,-2.125
-0.143,0.121
-0.164,-1.631
-0.111,-2.157
-0.125,-1.076
-0.213,-0.328
-0.225,-0.228
-0.26,-2.932
-0.185,-2.579
-0.262,-3.193
-0.211,-1.518
-0.259,-1.044
-0.285,-1.422
-0.354,-3.548
-0.35,-3.757
-0.359,-1.483
-0.406,-0.99
-0.447,-0.455
-0.383,-1.691
-0.446,-3.14
-0.461,-1.32
-0.555,-0.003
-0.569,-2.419
-0.63,-2.106
-0.691,-2.142
-0.699,-2.627
-0.661,-1.551
-0.729,-1.87
-0.664,-0.306
-0.706,-0.627
-0.756,-3.699
-0.835,-0.487
-0.899,-2.999
-0.89,-1.804
-0.858,-0.845
-0.925,-2.256
-1.076,0.063
-1.158,-2.87
-1.174,-3.661
-1.183,-0.354
-1.196,-3.478
-1.279,-2.966
-1.375,-1.781
-1.344,-1.659
-1.435,-1.84
-1.405,-0.045
-1.462,-1.543
-1.534,-2.309
-1.544,-0.758
-1.558,-2.392
-1.632,-0.653
-1.58,-1.054
-1.663,-1.255
-1.682,-2.359
-1.694,-1.63
-1.657,-2.145
-1.695,-2.305
-1.712,-2.519
-1.77,-2.903
-1.758,-0.49
-1.795,-1.76
-1.785,-1.286
-1.815,-3.796
-1.833,-1.55
-1.938,-1.736
-1.972,-1.42
-1.956,-1.127
-2.02,-2.137
-2.156,-3.609
-2.225,-2.699
-2.262,-2.506
-2.202,-2.328
-2.224,-2.597
-2.291,-3.718
-2.318,-1.357
-2.323,-1.249
-2.402,-2.135
-2.372,-1.452
-2.45,-0.082
-2.396,-1.996
-2.376,-0.985
-2.455,-1.676
-2.416,-3.818
-2.461,-2.33
-2.403,-3.394
-2.442,-2.49
-2.553,-2.692
-2.56,-2.31
-2.628,-2.363
-2.575,-2.782
-2.602,-2.159
-2.655,-1.795
-2.623,-2.389
-2.606,-1.761
-2.624,-3.677
-2.639,-2.671
-2.667,-1.172
-2.667,-2.101
-2.665,-1.611
-2.702,-1.125
-2.706,-0.127
-2.735,-3.756
2.852,-3.873
2.804,-3.81
1.92,-3.951
1.569,-3.912
0.888,-4.044
0.905,-3.905
0.385,-4.147
0.375,-3.891
0.345,-3.942
-0.741,-4.139
-1.282,-3.9
-1.479,-4.12
-2.041,-3.973
-2.449,-4.275
-2.816,0.489
-2.855,0.381
-3.038,0.214
2.806,0.268
2.816,0.534
2.367,0.577
1.979,0.419
1.742,0.199
1.753,0.497
1.144,0.445
1.025,0.334
0.9,0.255
0.805,0.212
0.276,0.382
-0.017,0.285
-0.228,0.442
-0.472,0.603
-0.553,0.315
-1.303,0.626
-1.544,0.175
-1.825,0.311
-2.247,0.337
-2.355,0.387
-2.344,0.265
-2.714,0.494
-3.02,0.117
2.957,-2.511
2.865,-3.274
2.195,-1.35
2.212,-3.654
1.769,-2.666
0.303,-3.501
-0.178,-1.504
-1.011,-0.195
-1.305,-0.919
-1.761,-2.788
-2.234,-3.127
-0.773,-4.055
-0.831,0.384
-2.68,0.151
-2.704,-2.046
-2.851,-2.364
-2.771,-2.503
-2.839,0.056
-2.952,-2.677
-3.081,-0.347
-2.96,-3.62
-3.033,-0.726
-3.055,-2.179
-3.057,-0.838
-3.118,-1.21
3.073,-0.735
2.962,-0.893
3.053,-2.008
2.854,-0.044
2.811,-2.142
2.751,-2.922
2.73,-0.827
2.58,-3.841
2.52,-1.786
2.615,-1.936
2.505,-3.566
2.394,-1.402
2.399,-1.791
2.085,-1.154
2.198,-0.156
2.076,-1.885
2.056,0.043
1.997,-0.047
1.891,-2.216
1.823,-1.232
1.806,-2.037
1.572,0.094
1.592,-3.726
1.578,-3.52
1.351,-0.157
1.441,-3.266
1.243,-3.642
1.083,-1.671
1.086,-2.456
1.146,-2.675
1.134,-3.824
1.085,-1.02
1.057,-2.724
0.912,-2.311
0.914,-0.031
0.959,-2.772
0.508,-3.322
0.637,-2.754
0.532,-1.54
0.536,-2.535
0.41,-3.474
0.503,-0.318
0.42,-2.293
0.381,-0.491
0.202,-1.859
0.159,-1.877
0.159,-0.023
0.222,-0.648
0.071,-2.708
0.066,-2.723
0.199,-3.163
0.042,-2.006
0.15,0.083
0.136,-1.058
0.001,-3.369
0.117,-1.153
0.1,-0.981
0.112,-2.768
0.012,-2.617
-0.097,-1.516
-0.167,-0.751
-0.09,-3.812
-0.101,-1.429
-0.223,0.13
-0.27,-1.8
-0.159,-3.527
-0.237,-1.997
-0.299,-2.277
-0.486,-0.205
-0.451,-3.696
-0.482,-0.492
-0.616,-3.23
-0.519,-2.531
-0.631,-1.09
-0.558,-3.513
-0.731,-1.511
-0.771,-3.653
-0.653,-1.022
-0.789,-3.605
-0.851,-3.581
-0.987,-1.471
-0.875,-2.44
-0.998,-3.704
-0.951,-3.856
-0.955,-3.579
-0.993,-2.504
-1.157,-0.91
-1.328,-0.216
-1.439,-2.113
-1.457,-2.389
-1.463,-2.345
-1.461,-1.401
-1.467,-1.454
-1.489,-1.519
-1.596,-1.687
-1.628,-3.088
-1.663,-1.595
-1.726,-3.176
-1.768,-2.379
-1.826,-1.878
-2.137,-2.547
-2.032,-2.512
-2.303,-2.434
-2.181,-2.1
-2.232,-2.719
-2.355,-3.709
-2.548,-0.053
-2.424,-1.826
-2.572,-1.602
-2.582,-3.537
-2.5,-0.386
-2.667,-3.01
-2.67,-0.945
-2.683,-0.341
-2.78,-1.778
-2.689,-2.185
-2.977,-4.062
2.836,-3.831
2.603,-4.113
2.288,-4.169
2.17,-4.118
1.76,-3.914
1.125,-4.181
0.648,-4.125
0.454,-3.976
-1.21,-3.79
-1.41,-4.077
-1.447,-4.186
-1.739,-4.019
-1.682,-3.994
-2.785,-4.021
-2.969,0.16
-3.041,0.262
2.816,0.447
2.356,0.367
1.231,0.464
0.862,0.161
0.999,0.167
0.641,0.204
0.764,0.285
0.529,0.502
0.362,0.475
0.24,0.202
-0.15,0.32
-0.295,0.237
-0.18,0.6
-0.173,0.318
-0.657,0.481
-0.989,0.629
-1.252,0.552
-1.684,0.412
-2.143,0.381
-2.249,0.427
-2.288,0.389
0.568,-1.98
0.12,-2.578
-1.113,-3.745
-1.375,-2.427
-1.71,-1.742
1.324,-1.195
-0.148,-0.451
-2.229,-1.498
-2.25,-1.699
-2.306,-1.355
-2.528,-2.818
3.047,-0.854
2.067,-2.478
1.972,-2.19
1.823,-1.681
2.088,-4.05
0.068,-3.574
-0.151,0.269
-1.916,-0.155
-2.004,0.078
-2.232,0.005
-2.157,-0.176
-1.258,-0.011
-0.788,0.436
-0.077,0.97
-0.065,-0.788
-0.103,1.458
-0.124,-0.294
-0.071,-0.82
-0.085,0.261
-0.173,1.009
-0.185,1.109
-0.22,-1.595
-0.145,-1.242
-0.222,-1.856
-0.171,-0.181
-0.219,0.293
-0.245,-0.085
-0.314,-2.211
-0.31,-2.42
-0.319,-0.146
-0.366,0.347
-0.407,0.882
-0.343,-0.354
-0.406,-1.803
-0.421,0.017
-0.515,1.334
-0.529,-1.082
-0.59,-0.769
-0.651,-0.805
-0.659,-1.29
-0.621,-0.214
-0.689,-0.533
-0.624,1.031
-0.666,0.71
-0.716,-2.362
-0.795,0.85
-0.859,-1.662
-0.85,-0.467
-0.818,0.492
-0.885,-0.919
-1.036,1.4
-1.118,-1.533
-1.134,-2.324
-1.143,0.983
-1.156,-2.141
-1.239,-1.629
-1.335,-0.444
-1.304,-0.322
-1.395,-0.503
-1.365,1.292
-1.422,-0.206
-1.494,-0.972
-1.504,0.579
-1.518,-1.055
-1.592,0.684
-1.54,0.283
-1.623,0.082
-1.642,-1.022
-1.654,-0.293
-1.617,-0.808
-1.655,-0.968
-1.672,-1.182
-1.73,-1.566
-1.718,0.847
-1.755,-0.423
-1.745,0.051
-1.775,-2.459
-1.793,-0.213
-1.898,-0.399
-1.932,-0.083
-1.916,0.21
-1.98,-0.8
-2.116,-2.272
-2.185,-1.362
-2.222,-1.169
-2.162,-0.991
-2.184,-1.26
-2.251,-2.381
-2.278,-0.02
-2.283,0.088
-2.362,-0.798
-2.332,-0.115
-2.41,1.255
-2.356,-0.659
-2.336,0.352
-2.415,-0.339
-2.376,-2.481
-2.421,-0.993
-2.363,-2.057
-2.402,-1.153
-2.513,-1.355
-2.52,-0.973
-2.588,-1.026
-2.535,-1.445
-2.562,-0.822
-2.615,-0.458
-2.583,-1.052
-2.566,-0.424
-2.584,-2.34
-2.599,-1.334
-2.627,0.165
-2.627,-0.764
-2.625,-0.274
-2.662,0.212
-2.666,1.21
-2.695,-2.419
2.892,-2.536
2.844,-2.473
1.96,-2.614
1.609,-2.575
0.928,-2.707
0.945,-2.568
0.425,-2.81
0.415,-2.554
0.385,-2.605
-0.701,-2.802
-1.242,-2.563
-1.439,-2.783
-2.001,-2.636
-2.409,-2.938
-2.776,1.826
-2.815,1.718
-2.998,1.551
2.846,1.605
2.856,1.871
2.407,1.914
2.019,1.756
1.782,1.536
1.793,1.834
1.184,1.782
1.065,1.671
0.94,1.592
0.845,1.549
0.316,1.719
0.023,1.622
-0.188,1.779
-0.432,1.94
-0.513,1.652
-1.263,1.963
-1.504,1.512
-1.785,1.648
-2.207,1.674
-2.315,1.724
-2.304,1.602
-2.674,1.831
-2.98,1.454
2.997,-1.174
2.905,-1.937
2.235,-0.013
2.252,-2.317
1.809,-1.329
0.343,-2.164
-0.138,-0.167
-0.971,1.142
-1.265,0.418
-1.721,-1.451
-2.194,-1.79
-0.733,-2.718
-0.791,1.721
-2.64,1.488
-2.664,-0.709
-2.811,-1.027
-2.731,-1.166
-2.799,1.393
-2.912,-1.34
-3.041,0.99
-2.92,-2.283
-2.993,0.611
-3.015,-0.842
-3.017,0.499
-3.078,0.127
3.113,0.602
3.002,0.444
3.093,-0.671
2.894,1.293
2.851,-0.805
2.791,-1.585
2.77,0.51
2.62,-2.504
2.56,-0.449
2.655,-0.599
2.545,-2.229
2.434,-0.065
2.439,-0.454
2.125,0.183
2.238,1.181
2.116,-0.548
2.096,1.38
2.037,1.29
1.931,-0.879
1.863,0.105
1.846,-0.7
1.612,1.431
1.632,-2.389
1.618,-2.183
1.391,1.18
1.481,-1.929
1.283,-2.305
1.123,-0.334
1.126,-1.119
1.186,-1.338
1.174,-2.487
1.125,0.317
1.097,-1.387
0.952,-0.974
0.954,1.306
0.999,-1.435
0.548,-1.985
0.677,-1.417
0.572,-0.203
0.576,-1.198
0.45,-2.137
0.543,1.019
0.46,-0.956
0.421,0.846
0.242,-0.522
0.199,-0.54
0.199,1.314
0.262,0.689
0.111,-1.371
0.106,-1.386
0.239,-1.826
0.082,-0.669
0.19,1.42
0.176,0.279
0.041,-2.032
0.157,0.184
0.14,0.356
0.152,-1.431
0.052,-1.28
-0.057,-0.179
-0.127,0.586
-0.05,-2.475
-0.061,-0.092
-0.183,1.467
-0.23,-0.463
-0.119,-2.19
-0.197,-0.66
-0.259,-0.94
-0.446,1.132
-0.411,-2.359
-0.442,0.845
-0.576,-1.893
-0.479,-1.194
-0.591,0.247
-0.518,-2.176
-0.691,-0.174
-0.731,-2.316
-0.613,0.315
-0.749,-2.268
-0.811,-2.244
-0.947,-0.134
-0.835,-1.103
-0.958,-2.367
-0.911,-2.519
-0.915,-2.242
-0.953,-1.167
-1.117,0.427
-1.288,1.121
-1.399,-0.776
-1.417,-1.052
-1.423,-1.008
-1.421,-0.064
-1.427,-0.117
-1.449,-0.182
-1.556,-0.35
-1.588,-1.751
-1.623,-0.258
-1.686,-1.839
-1.728,-1.042
-1.786,-0.541
-2.097,-1.21
-1.992,-1.175
-2.263,-1.097
-2.141,-0.763
-2.192,-1.382
-2.315,-2.372
-2.508,1.284
-2.384,-0.489
-2.532,-0.265
-2.542,-2.2
-2.46,0.951
-2.627,-1.673
-2.63,0.392
-2.643,0.996
-2.74,-0.441
-2.649,-0.848
-2.937,-2.725
2.876,-2.494
2.643,-2.776
2.328,-2.832
2.21,-2.781
1.8,-2.577
1.165,-2.844
0.688,-2.788
0.494,-2.639
-1.17,-2.453
-1.37,-2.74
-1.407,-2.849
-1.699,-2.682
-1.642,-2.657
-2.745,-2.684
-2.929,1.497
-3.001,1.599
2.856,1.784
2.396,1.704
1.271,1.801
0.902,1.498
1.039,1.504
0.681,1.541
0.804,1.622
0.569,1.839
0.402,1.812
0.28,1.539
-0.11,1.657
-0.255,1.574
-0.14,1.937
-0.133,1.655
-0.617,1.818
-0.949,1.966
-1.212,1.889
-1.644,1.749
-2.103,1.718
-2.209,1.764
-2.248,1.726
0.608,-0.643
0.16,-1.241
-1.073,-2.408
-1.335,-1.09
-1.67,-0.405
1.364,0.142
-0.108,0.886
-2.189,-0.161
-2.21,-0.362
-2.266,-0.018
-2.488,-1.481
3.087,0.483
2.107,-1.141
2.012,-0.853
1.863,-0.344
2.128,-2.713
0.108,-2.237
-0.111,1.606
-1.876,1.182
-1.964,1.415
-2.192,1.342
-2.117,1.161
-1.218,1.326
-0.748,1.773
0.012,-1.758
-0.026,0.488
-0.047,-1.264
0.006,-1.79
-0.008,-0.709
-0.096,0.039
-0.108,0.139
-0.143,-2.565
-0.068,-2.212
-0.145,-2.826
-0.094,-1.151
-0.142,-0.677
-0.168,-1.055
-0.237,-3.181
-0.233,-3.39
-0.242,-1.116
-0.289,-0.623
-0.33,-0.088
-0.266,-1.324
-0.329,-2.773
-0.344,-0.953
-0.438,0.364
-0.452,-2.052
-0.513,-1.739
-0.574,-1.775
-0.582,-2.26
-0.544,-1.184
-0.612,-1.503
-0.547,0.061
-0.589,-0.26
-0.639,-3.332
-0.718,-0.12
-0.782,-2.632
-0.773,-1.437
-0.741,-0.478
-0.808,-1.889
-0.959,0.43
-1.041,-2.503
-1.057,-3.294
-1.066,0.013
-1.079,-3.111
-1.162,-2.599
-1.258,-1.414
-1.227,-1.292
-1.318,-1.473
-1.288,0.322
-1.345,-1.176
-1.417,-1.942
-1.427,-0.391
-1.441,-2.025
-1.515,-0.286
-1.463,-0.687
-1.546,-0.888
-1.565,-1.992
-1.577,-1.263
-1.54,-1.778
-1.578,-1.938
-1.595,-2.152
-1.653,-2.536
-1.641,-0.123
-1.678,-1.393
-1.668,-0.919
-1.698,-3.429
-1.716,-1.183
-1.821,-1.369
-1.855,-1.053
-1.839,-0.76
-1.903,-1.77
-2.039,-3.242
-2.108,-2.332
-2.145,-2.139
-2.085,-1.961
-2.107,-2.23
-2.174,-3.351
-2.201,-0.99
-2.206,-0.882
-2.285,-1.768
-2.255,-1.085
-2.333,0.285
-2.279,-1.629
-2.259,-0.618
-2.338,-1.309
-2.299,-3.451
-2.344,-1.963
-2.286,-3.027
-2.325,-2.123
-2.436,-2.325
-2.443,-1.943
-2.511,-1.996
-2.458,-2.415
-2.485,-1.792
-2.538,-1.428
-2.506,-2.022
-2.489,-1.394
-2.507,-3.31
-2.522,-2.304
-2.55,-0.805
-2.55,-1.734
-2.548,-1.244
-2.585,-0.758
-2.589,0.24
-2.618,-3.389
2.969,-3.506
2.921,-3.443
2.037,-3.584
1.686,-3.545
1.005,-3.677
1.022,-3.538
0.502,-3.78
0.492,-3.524
0.462,-3.575
-0.624,-3.772
-1.165,-3.533
-1.362,-3.753
-1.924,-3.606
-2.332,-3.908
-2.699,0.856
-2.738,0.748
-2.921,0.581
2.923,0.635
2.933,0.901
2.484,0.944
2.096,0.786
1.859,0.566
1.87,0.864
1.261,0.812
1.142,0.701
1.017,0.622
0.922,0.579
0.393,0.749
0.1,0.652
-0.111,0.809
-0.355,0.97
-0.436,0.682
-1.186,0.993
-1.427,0.542
-1.708,0.678
-2.13,0.704
-2.238,0.754
-2.227,0.632
-2.597,0.861
-2.903,0.484
3.074,-2.144
2.982,-2.907
2.312,-0.983
2.329,-3.287
1.886,-2.299
0.42,-3.134
-0.061,-1.137
-0.894,0.172
-1.188,-0.552
-1.644,-2.421
-2.117,-2.76
-0.656,-3.688
-0.714,0.751
-2.563,0.518
-2.587,-1.679
-2.734,-1.997
-2.654,-2.136
-2.722,0.423
-2.835,-2.31
-2.964,0.02
-2.843,-3.253
-2.916,-0.359
-2.938,-1.812
-2.94,-0.471
-3.001,-0.843
-3.093,-0.368
3.079,-0.526
-3.113,-1.641
2.971,0.323
2.928,-1.775
2.868,-2.555
2.847,-0.46
2.697,-3.474
2.637,-1.419
2.732,-1.569
2.622,-3.199
2.511,-1.035
2.516,-1.424
2.202,-0.787
2.315,0.211
2.193,-1.518
2.173,0.41
2.114,0.32
2.008,-1.849
1.94,-0.865
1.923,-1.67
1.689,0.461
1.709,-3.359
1.695,-3.153
1.468,0.21
1.558,-2.899
1.36,-3.275
1.2,-1.304
1.203,-2.089
1.263,-2.308
1.251,-3.457
1.202,-0.653
1.174,-2.357
1.029,-1.944
1.031,0.336
1.076,-2.405
0.625,-2.955
0.754,-2.387
0.649,-1.173
0.653,-2.168
0.527,-3.107
0.62,0.049
0.537,-1.926
0.498,-0.124
0.319,-1.492
0.276,-1.51
0.276,0.344
0.339,-0.281
0.188,-2.341
0.183,-2.356
0.316,-2.796
0.159,-1.639
0.267,0.45
0.253,-0.691
0.118,-3.002
0.234,-0.786
0.217,-0.614
0.229,-2.401
0.129,-2.25
0.02,-1.149
-0.05,-0.384
0.027,-3.445
0.016,-1.062
-0.106,0.497
-0.153,-1.433
-0.042,-3.16
-0.12,-1.63
-0.182,-1.91
-0.369,0.162
-0.334,-3.329
-0.365,-0.125
-0.499,-2.863
-0.402,-2.164
-0.514,-0.723
-0.441,-3.146
-0.614,-1.144
-0.654,-3.286
-0.536,-0.655
-0.672,-3.238
-0.734,-3.214
-0.87,-1.104
-0.758,-2.073
-0.881,-3.337
-0.834,-3.489
-0.838,-3.212
-0.876,-2.137
-1.04,-0.543
-1.211,0.151
-1.322,-1.746
-1.34,-2.022
-1.346,-1.978
-1.344,-1.034
-1.35,-1.087
-1.372,-1.152
-1.479,-1.32
-1.511,-2.721
-1.546,-1.228
-1.609,-2.809
-1.651,-2.012
-1.709,-1.511
-2.02,-2.18
-1.915,-2.145
-2.186,-2.067
-2.064,-1.733
-2.115,-2.352
-2.238,-3.342
-2.431,0.314
-2.307,-1.459
-2.455,-1.235
-2.465,-3.17
-2.383,-0.019
-2.55,-2.643
-2.553,-0.578
-2.566,0.026
-2.663,-1.411
-2.572,-1.818
-2.86,-3.695
2.953,-3.464
2.72,-3.746
2.405,-3.802
2.287,-3.751
1.877,-3.547
1.242,-3.814
0.765,-3.758
0.571,-3.609
-1.093,-3.423
-1.293,-3.71
-1.33,-3.819
-1.622,-3.652
-1.565,-3.627
-2.668,-3.654
-2.852,0.527
-2.924,0.629
2.933,0.814
2.473,0.734
1.348,0.831
0.979,0.528
1.116,0.534
0.758,0.571
0.881,0.652
0.646,0.869
0.479,0.842
0.357,0.569
-0.033,0.687
-0.178,0.604
-0.063,0.967
-0.056,0.685
-0.54,0.848
-0.872,0.996
-1.135,0.919
-1.567,0.779
-2.026,0.748
-2.132,0.794
-2.171,0.756
0.685,-1.613
0.237,-2.211
-0.996,-3.378
-1.258,-2.06
-1.593,-1.375
1.441,-0.828
-0.031,-0.084
-2.112,-1.131
-2.133,-1.332
-2.189,-0.988
-2.411,-2.451
-3.119,-0.487
2.184,-2.111
2.089,-1.823
1.94,-1.314
2.205,-3.683
0.185,-3.207
-0.034,0.636
-1.799,0.212
-1.887,0.445
-2.115,0.372
-2.04,0.191
-1.141,0.356
-0.671,0.803
-0.038,2.246
-0.059,0.494
-0.006,-0.032
-0.02,1.049
-0.108,1.797
-0.12,1.897
-0.155,-0.807
-0.08,-0.454
-0.157,-1.068
-0.106,0.607
-0.154,1.081
-0.18,0.703
-0.249,-1.423
-0.245,-1.632
-0.254,0.642
-0.301,1.135
-0.342,1.67
-0.278,0.434
-0.341,-1.015
-0.356,0.805
-0.45,2.122
-0.464,-0.294
-0.525,0.019
-0.586,-0.017
-0.594,-0.502
-0.556,0.574
-0.624,0.255
-0.559,1.819
-0.601,1.498
-0.651,-1.574
-0.73,1.638
-0.794,-0.874
-0.785,0.321
-0.753,1.28
-0.82,-0.131
-0.971,2.188
-1.053,-0.745
-1.069,-1.536
-1.078,1.771
-1.091,-1.353
-1.174,-0.841
-1.27,0.344
-1.239,0.466
-1.33,0.285
-1.3,2.08
-1.357,0.582
-1.429,-0.184
-1.439,1.367
-1.453,-0.267
-1.527,1.472
-1.475,1.071
-1.558,0.87
-1.577,-0.234
-1.589,0.495
-1.552,-0.02
-1.59,-0.18
-1.607,-0.394
-1.665,-0.778
-1.653,1.635
-1.69,0.365
-1.68,0.839
-1.71,-1.671
-1.728,0.575
-1.833,0.389
-1.867,0.705
-1.851,0.998
-1.915,-0.012
-2.051,-1.484
-2.12,-0.574
-2.157,-0.381
-2.097,-0.203
-2.119,-0.472
-2.186,-1.593
-2.213,0.768
-2.218,0.876
-2.297,-0.01
-2.267,0.673
-2.345,2.043
-2.291,0.129
-2.271,1.14
-2.35,0.449
-2.311,-1.693
-2.356,-0.205
-2.298,-1.269
-2.337,-0.365
-2.448,-0.567
-2.455,-0.185
-2.523,-0.238
-2.47,-0.657
-2.497,-0.034
-2.55,0.33
-2.518,-0.264
-2.501,0.364
-2.519,-1.552
-2.534,-0.546
-2.562,0.953
-2.562,0.024
-2.56,0.514
-2.597,1.0
-2.601,1.998
-2.63,-1.631
2.957,-1.748
2.909,-1.685
2.025,-1.826
1.674,-1.787
0.993,-1.919
1.01,-1.78
0.49,-2.022
0.48,-1.766
0.45,-1.817
-0.636,-2.014
-1.177,-1.775
-1.374,-1.995
-1.936,-1.848
-2.344,-2.15
-2.711,2.614
-2.75,2.506
-2.933,2.339
2.911,2.393
2.921,2.659
2.472,2.702
2.084,2.544
1.847,2.324
1.858,2.622
1.249,2.57
1.13,2.459
1.005,2.38
0.91,2.337
0.381,2.507
0.088,2.41
-0.123,2.567
-0.367,2.728
-0.448,2.44
-1.198,2.751
-1.439,2.3
-1.72,2.436
-2.142,2.462
-2.25,2.512
-2.239,2.39
-2.609,2.619
-2.915,2.242
3.062,-0.386
2.97,-1.149
2.3,0.775
2.317,-1.529
1.874,-0.541
0.408,-1.376
-0.073,0.621
-0.906,1.93
-1.2,1.206
-1.656,-0.663
-2.129,-1.002
-0.668,-1.93
-0.726,2.509
-2.575,2.276
-2.599,0.079
-2.746,-0.239
-2.666,-0.378
-2.734,2.181
-2.847,-0.552
-2.976,1.778
-2.855,-1.495
-2.928,1.399
-2.95,-0.054
-2.952,1.287
-3.013,0.915
-3.105,1.39
3.067,1.232
-3.125,0.117
2.959,2.081
2.916,-0.017
2.856,-0.797
2.835,1.298
2.685,-1.716
2.625,0.339
2.72,0.189
2.61,-1.441
2.499,0.723
2.504,0.334
2.19,0.971
2.303,1.969
2.181,0.24
2.161,2.168
2.102,2.078
1.996,-0.091
1.928,0.893
1.911,0.088
1.677,2.219
1.697,-1.601
1.683,-1.395
1.456,1.968
1.546,-1.141
1.348,-1.517
1.188,0.454
1.191,-0.331
1.251,-0.55
1.239,-1.699
1.19,1.105
1.162,-0.599
1.017,-0.186
1.019,2.094
1.064,-0.647
0.613,-1.197
0.742,-0.629
0.637,0.585
0.641,-0.41
0.515,-1.349
0.608,1.807
0.525,-0.168
0.486,1.634
0.307,0.266
0.264,0.248
0.264,2.102
0.327,1.477
0.176,-0.583
0.171,-0.598
0.304,-1.038
0.147,0.119
0.255,2.208
0.241,1.067
0.106,-1.244
0.222,0.972
0.205,1.144
0.217,-0.643
0.117,-0.492
0.008,0.609
-0.062,1.374
0.015,-1.687
0.004,0.696
-0.118,2.255
-0.165,0.325
-0.054,-1.402
-0.132,0.128
-0.194,-0.152
-0.381,1.92
-0.346,-1.571
-0.377,1.633
-0.511,-1.105
-0.414,-0.406
-0.526,1.035
-0.453,-1.388
-0.626,0.614
-0.666,-1.528
-0.548,1.103
-0.684,-1.48
-0.746,-1.456
-0.882,0.654
-0.77,-0.315
-0.893,-1.579
-0.846,-1.731
-0.85,-1.454
-0.888,-0.379
-1.052,1.215
-1.223,1.909
-1.334,0.012
-1.352,-0.264
-1.358,-0.22
-1.356,0.724
-1.362,0.671
-1.384,0.606
-1.491,0.438
-1.523,-0.963
-1.558,0.53
-1.621,-1.051
-1.663,-0.254
-1.721,0.247
-2.032,-0.422
-1.927,-0.387
-2.198,-0.309
-2.076,0.025
-2.127,-0.594
-2.25,-1.584
-2.443,2.072
-2.319,0.299
-2.467,0.523
-2.477,-1.412
-2.395,1.739
-2.562,-0.885
-2.565,1.18
-2.578,1.784
-2.675,0.347
-2.584,-0.06
-2.872,-1.937
2.941,-1.706
2.708,-1.988
2.393,-2.044
2.275,-1.993
1.865,-1.789
1.23,-2.056
0.753,-2.0
0.559,-1.851
-1.105,-1.665
-1.305,-1.952
-1.342,-2.061
-1.634,-1.894
-1.577,-1.869
-2.68,-1.896
-2.864,2.285
-2.936,2.387
2.921,2.572
2.461,2.492
1.336,2.589
0.967,2.286
1.104,2.292
0.746,2.329
0.869,2.41
0.634,2.627
0.467,2.6
0.345,2.327
-0.045,2.445
-0.19,2.362
-0.075,2.725
-0.068,2.443
-0.552,2.606
-0.884,2.754
-1.147,2.677
-1.579,2.537
-2.038,2.506
-2.144,2.552
-2.183,2.514
0.673,0.145
0.225,-0.453
-1.008,-1.62
-1.27,-0.302
-1.605,0.383
1.429,0.93
-0.043,1.674
-2.124,0.627
-2.145,0.426
-2.201,0.77
-2.423,-0.693
-3.131,1.271
2.172,-0.353
2.077,-0.065
1.928,0.444
2.193,-1.925
0.173,-1.449
-0.046,2.394
-1.811,1.97
-1.899,2.203
-2.127,2.13
-2.052,1.949
-1.153,2.114
-0.683,2.561
-0.021,-1.752
0.032,-2.278
0.018,-1.197
-0.07,-0.449
-0.082,-0.349
-0.117,-3.053
-0.042,-2.7
-0.119,-3.314
-0.068,-1.639
-0.116,-1.165
-0.142,-1.543
-0.211,-3.669
-0.207,-3.878
-0.216,-1.604
-0.263,-1.111
-0.304,-0.576
-0.24,-1.812
-0.303,-3.261
-0.318,-1.441
-0.412,-0.124
-0.426,-2.54
-0.487,-2.227
-0.548,-2.263
-0.556,-2.748
-0.518,-1.672
-0.586,-1.991
-0.521,-0.427
-0.563,-0.748
-0.613,-3.82
-0.692,-0.608
-0.756,-3.12
-0.747,-1.925
-0.715,-0.966
-0.782,-2.377
-0.933,-0.058
-1.015,-2.991
-1.031,-3.782
-1.04,-0.475
-1.053,-3.599
-1.136,-3.087
-1.232,-1.902
-1.201,-1.78
-1.292,-1.961
-1.262,-0.166
-1.319,-1.664
-1.391,-2.43
-1.401,-0.879
-1.415,-2.513
-1.489,-0.774
-1.437,-1.175
-1.52,-1.376
-1.539,-2.48
-1.551,-1.751
-1.514,-2.266
-1.552,-2.426
-1.569,-2.64
-1.627,-3.024
-1.615,-0.611
-1.652,-1.881
-1.642,-1.407
-1.672,-3.917
-1.69,-1.671
-1.795,-1.857
-1.829,-1.541
-1.813,-1.248
-1.877,-2.258
-2.013,-3.73
-2.082,-2.82
-2.119,-2.627
-2.059,-2.449
-2.081,-2.718
-2.148,-3.839
-2.175,-1.478
-2.18,-1.37
-2.259,-2.256
-2.229,-1.573
-2.307,-0.203
-2.253,-2.117
-2.233,-1.106
-2.312,-1.797
-2.273,-3.939
-2.318,-2.451
-2.26,-3.515
-2.299,-2.611
-2.41,-2.813
-2.417,-2.431
-2.485,-2.484
-2.432,-2.903
-2.459,-2.28
-2.512,-1.916
-2.48,-2.51
-2.463,-1.882
-2.481,-3.798
-2.496,-2.792
-2.524,-1.293
-2.524,-2.222
-2.522,-1.732
-2.559,-1.246
-2.563,-0.248
-2.592,-3.877
2.995,-3.994
2.947,-3.931
2.063,-4.072
1.712,-4.033
1.031,-4.165
1.048,-4.026
0.528,-4.268
0.518,-4.012
0.488,-4.063
-0.598,-4.26
-1.139,-4.021
-1.336,-4.241
-1.898,-4.094
-2.306,-4.396
-2.673,0.368
-2.712,0.26
-2.895,0.093
2.949,0.147
2.959,0.413
2.51,0.456
2.122,0.298
1.885,0.078
1.896,0.376
1.287,0.324
1.168,0.213
1.043,0.134
0.948,0.091
0.419,0.261
0.126,0.164
-0.085,0.321
-0.329,0.482
-0.41,0.194
-1.16,0.505
-1.401,0.054
-1.682,0.19
-2.104,0.216
-2.212,0.266
-2.201,0.144
-2.571,0.373
-2.877,-0.004
3.1,-2.632
3.008,-3.395
2.338,-1.471
2.355,-3.775
1.912,-2.787
0.446,-3.622
-0.035,-1.625
-0.868,-0.316
-1.162,-1.04
-1.618,-2.909
-2.091,-3.248
-0.63,-4.176
-0.688,0.263
-2.537,0.03
-2.561,-2.167
-2.708,-2.485
-2.628,-2.624
-2.696,-0.065
-2.809,-2.798
-2.938,-0.468
-2.817,-3.741
-2.89,-0.847
-2.912,-2.3
-2.914,-0.959
-2.975,-1.331
-3.067,-0.856
3.105,-1.014
-3.087,-2.129
2.997,-0.165
2.954,-2.263
2.894,-3.043
2.873,-0.948
2.723,-3.962
2.663,-1.907
2.758,-2.057
2.648,-3.687
2.537,-1.523
2.542,-1.912
2.228,-1.275
2.341,-0.277
2.219,-2.006
2.199,-0.078
2.14,-0.168
2.034,-2.337
1.966,-1.353
1.949,-2.158
1.715,-0.027
1.735,-3.847
1.721,-3.641
1.494,-0.278
1.584,-3.387
1.386,-3.763
1.226,-1.792
1.229,-2.577
1.289,-2.796
1.277,-3.945
1.228,-1.141
1.2,-2.845
1.055,-2.432
1.057,-0.152
1.102,-2.893
0.651,-3.443
0.78,-2.875
0.675,-1.661
0.679,-2.656
0.553,-3.595
0.646,-0.439
0.563,-2.414
0.524,-0.612
0.345,-1.98
0.302,-1.998
0.302,-0.144
0.365,-0.769
0.214,-2.829
0.209,-2.844
0.342,-3.284
0.185,-2.127
0.293,-0.038
0.279,-1.179
0.144,-3.49
0.26,-1.274
0.243,-1.102
0.255,-2.889
0.155,-2.738
0.046,-1.637
-0.024,-0.872
0.053,-3.933
0.042,-1.55
-0.08,0.009
-0.127,-1.921
-0.016,-3.648
-0.094,-2.118
-0.156,-2.398
-0.343,-0.326
-0.308,-3.817
-0.339,-0.613
-0.473,-3.351
-0.376,-2.652
-0.488,-1.211
-0.415,-3.634
-0.588,-1.632
-0.628,-3.774
-0.51,-1.143
-0.646,-3.726
-0.708,-3.702
-0.844,-1.592
-0.732,-2.561
-0.855,-3.825
-0.808,-3.977
-0.812,-3.7
-0.85,-2.625
-1.014,-1.031
-1.185,-0.337
-1.296,-2.234
-1.314,-2.51
-1.32,-2.466
-1.318,-1.522
-1.324,-1.575
-1.346,-1.64
-1.453,-1.808
-1.485,-3.209
-1.52,-1.716
-1.583,-3.297
-1.625,-2.5
-1.683,-1.999
-1.994,-2.668
-1.889,-2.633
-2.16,-2.555
-2.038,-2.221
-2.089,-2.84
-2.212,-3.83
-2.405,-0.174
-2.281,-1.947
-2.429,-1.723
-2.439,-3.658
-2.357,-0.507
-2.524,-3.131
-2.527,-1.066
-2.54,-0.462
-2.637,-1.899
-2.546,-2.306
-2.834,-4.183
2.979,-3.952
2.746,-4.234
2.431,-4.29
2.313,-4.239
1.903,-4.035
1.268,-4.302
0.791,-4.246
0.597,-4.097
-1.067,-3.911
-1.267,-4.198
-1.304,-4.307
-1.596,-4.14
-1.539,-4.115
-2.642,-4.142
-2.826,0.039
-2.898,0.141
2.959,0.326
2.499,0.246
1.374,0.343
1.005,0.04
1.142,0.046
0.784,0.083
0.907,0.164
0.672,0.381
0.505,0.354
0.383,0.081
-0.007,0.199
-0.152,0.116
-0.037,0.479
-0.03,0.197
-0.514,0.36
-0.846,0.508
-1.109,0.431
-1.541,0.291
-2.0,0.26
-2.106,0.306
-2.145,0.268
0.711,-2.101
0.263,-2.699
-0.97,-3.866
-1.232,-2.548
-1.567,-1.863
1.467,-1.316
-0.005,-0.572
-2.086,-1.619
-2.107,-1.82
-2.163,-1.476
-2.385,-2.939
-3.093,-0.975
2.21,-2.599
2.115,-2.311
1.966,-1.802
2.231,-4.171
0.211,-3.695
-0.008,0.148
-1.773,-0.276
-1.861,-0.043
-2.089,-0.116
-2.014,-0.297
-1.115,-0.132
-0.645,0.315
0.053,-0.526
0.039,0.555
-0.049,1.303
-0.061,1.403
-0.096,-1.301
-0.021,-0.948
-0.098,-1.562
-0.047,0.113
-0.095,0.587
-0.121,0.209
-0.19,-1.917
-0.186,-2.126
-0.195,0.148
-0.242,0.641
-0.283,1.176
-0.219,-0.06
-0.282,-1.509
-0.297,0.311
-0.391,1.628
-0.405,-0.788
-0.466,-0.475
-0.527,-0.511
-0.535,-0.996
-0.497,0.08
-0.565,-0.239
-0.5,1.325
-0.542,1.004
-0.592,-2.068
-0.671,1.144
-0.735,-1.368
-0.726,-0.173
-0.694,0.786
-0.761,-0.625
-0.912,1.694
-0.994,-1.239
-1.01,-2.03
-1.019,1.277
-1.032,-1.847
-1.115,-1.335
-1.211,-0.15
-1.18,-0.028
-1.271,-0.209
-1.241,1.586
-1.298,0.088
-1.37,-0.678
-1.38,0.873
-1.394,-0.761
-1.468,0.978
-1.416,0.577
-1.499,0.376
-1.518,-0.728
-1.53,0.001
-1.493,-0.514
-1.531,-0.674
-1.548,-0.888
-1.606,-1.272
-1.594,1.141
-1.631,-0.129
-1.621,0.345
-1.651,-2.165
-1.669,0.081
-1.774,-0.105
-1.808,0.211
-1.792,0.504
-1.856,-0.506
-1.992,-1.978
-2.061,-1.068
-2.098,-0.875
-2.038,-0.697
-2.06,-0.966
-2.127,-2.087
-2.154,0.274
-2.159,0.382
-2.238,-0.504
-2.208,0.179
-2.286,1.549
-2.232,-0.365
-2.212,0.646
-2.291,-0.045
-2.252,-2.187
-2.297,-0.699
-2.239,-1.763
-2.278,-0.859
-2.389,-1.061
-2.396,-0.679
-2.464,-0.732
-2.411,-1.151
-2.438,-0.528
-2.491,-0.164
-2.459,-0.758
-2.442,-0.13
-2.46,-2.046
-2.475,-1.04
-2.503,0.459
-2.503,-0.47
-2.501,0.02
-2.538,0.506
-2.542,1.504
-2.571,-2.125
3.016,-2.242
2.968,-2.179
2.084,-2.32
1.733,-2.281
1.052,-2.413
1.069,-2.274
0.549,-2.516
0.539,-2.26
0.509,-2.311
-0.577,-2.508
-1.118,-2.269
-1.315,-2.489
-1.877,-2.342
-2.285,-2.644
-2.652,2.12
-2.691,2.012
-2.874,1.845
2.97,1.899
2.98,2.165
2.531,2.208
2.143,2.05
1.906,1.83
1.917,2.128
1.308,2.076
1.189,1.965
1.064,1.886
0.969,1.843
0.44,2.013
0.147,1.916
-0.064,2.073
-0.308,2.234
-0.389,1.946
-1.139,2.257
-1.38,1.806
-1.661,1.942
-2.083,1.968
-2.191,2.018
-2.18,1.896
-2.55,2.125
-2.856,1.748
3.121,-0.88
3.029,-1.643
2.359,0.281
2.376,-2.023
1.933,-1.035
0.467,-1.87
-0.014,0.127
-0.847,1.436
-1.141,0.712
-1.597,-1.157
-2.07,-1.496
-0.609,-2.424
-0.667,2.015
-2.516,1.782
-2.54,-0.415
-2.687,-0.733
-2.607,-0.872
-2.675,1.687
-2.788,-1.046
-2.917,1.284
-2.796,-1.989
-2.869,0.905
-2.891,-0.548
-2.893,0.793
-2.954,0.421
-3.046,0.896
3.126,0.738
-3.066,-0.377
3.018,1.587
2.975,-0.511
2.915,-1.291
2.894,0.804
2.744,-2.21
2.684,-0.155
2.779,-0.305
2.669,-1.935
2.558,0.229
2.563,-0.16
2.249,0.477
2.362,1.475
2.24,-0.254
2.22,1.674
2.161,1.584
2.055,-0.585
1.987,0.399
1.97,-0.406
1.736,1.725
1.756,-2.095
1.742,-1.889
1.515,1.474
1.605,-1.635
1.407,-2.011
1.247,-0.04
1.25,-0.825
1.31,-1.044
1.298,-2.193
1.249,0.611
1.221,-1.093
1.076,-0.68
1.078,1.6
1.123,-1.141
0.672,-1.691
0.801,-1.123
0.696,0.091
0.7,-0.904
0.574,-1.843
0.667,1.313
0.584,-0.662
0.545,1.14
0.366,-0.228
0.323,-0.246
0.323,1.608
0.386,0.983
0.235,-1.077
0.23,-1.092
0.363,-1.532
0.206,-0.375
0.314,1.714
0.3,0.573
0.165,-1.738
0.281,0.478
0.264,0.65
0.276,-1.137
0.176,-0.986
0.067,0.115
-0.003,0.88
0.074,-2.181
0.063,0.202
-0.059,1.761
-0.106,-0.169
0.005,-1.896
-0.073,-0.366
-0.135,-0.646
-0.322,1.426
-0.287,-2.065
-0.318,1.139
-0.452,-1.599
-0.355,-0.9
-0.467,0.541
-0.394,-1.882
-0.567,0.12
-0.607,-2.022
-0.489,0.609
-0.625,-1.974
-0.687,-1.95
-0.823,0.16
-0.711,-0.809
-0.834,-2.073
-0.787,-2.225
-0.791,-1.948
-0.829,-0.873
-0.993,0.721
-1.164,1.415
-1.275,-0.482
-1.293,-0.758
-1.299,-0.714
-1.297,0.23
-1.303,0.177
-1.325,0.112
-1.432,-0.056
-1.464,-1.457
-1.499,0.036
-1.562,-1.545
-1.604,-0.748
-1.662,-0.247
-1.973,-0.916
-1.868,-0.881
-2.139,-0.803
-2.017,-0.469
-2.068,-1.088
-2.191,-2.078
-2.384,1.578
-2.26,-0.195
-2.408,0.029
-2.418,-1.906
-2.336,1.245
-2.503,-1.379
-2.506,0.686
-2.519,1.29
-2.616,-0.147
-2.525,-0.554
-2.813,-2.431
3.0,-2.2
2.767,-2.482
2.452,-2.538
2.334,-2.487
1.924,-2.283
1.289,-2.55
0.812,-2.494
0.618,-2.345
-1.046,-2.159
-1.246,-2.446
-1.283,-2.555
-1.575,-2.388
-1.518,-2.363
-2.621,-2.39
-2.805,1.791
-2.877,1.893
2.98,2.078
2.52,1.998
1.395,2.095
1.026,1.792
1.163,1.798
0.805,1.835
0.928,1.916
0.693,2.133
0.526,2.106
0.404,1.833
0.014,1.951
-0.131,1.868
-0.016,2.231
-0.009,1.949
-0.493,2.112
-0.825,2.26
-1.088,2.183
-1.52,2.043
-1.979,2.012
-2.085,2.058
-2.124,2.02
0.732,-0.349
0.284,-0.947
-0.949,-2.114
-1.211,-0.796
-1.546,-0.111
1.488,0.436
0.016,1.18
-2.065,0.133
-2.086,-0.068
-2.142,0.276
-2.364,-1.187
-3.072,0.777
2.231,-0.847
2.136,-0.559
1.987,-0.05
2.252,-2.419
0.232,-1.943
0.013,1.9
-1.752,1.476
-1.84,1.709
-2.068,1.636
-1.993,1.455
-1.094,1.62
-0.624,2.067
-0.014,1.081
-0.102,1.829
-0.114,1.929
-0.149,-0.775
-0.074,-0.422
-0.151,-1.036
-0.1,0.639
-0.148,1.113
-0.174,0.735
-0.243,-1.391
-0.239,-1.6
-0.248,0.674
-0.295,1.167
-0.336,1.702
-0.272,0.466
-0.335,-0.983
-0.35,0.837
-0.444,2.154
-0.458,-0.262
-0.519,0.051
-0.58,0.015
-0.588,-0.47
-0.55,0.606
-0.618,0.287
-0.553,1.851
-0.595,1.53
-0.645,-1.542
-0.724,1.67
-0.788,-0.842
-0.779,0.353
-0.747,1.312
-0.814,-0.099
-0.965,2.22
-1.047,-0.713
-1.063,-1.504
-1.072,1.803
-1.085,-1.321
-1.168,-0.809
-1.264,0.376
-1.233,0.498
-1.324,0.317
-1.294,2.112
-1.351,0.614
-1.423,-0.152
-1.433,1.399
-1.447,-0.235
-1.521,1.504
-1.469,1.103
-1.552,0.902
-1.571,-0.202
-1.583,0.527
-1.546,0.012
-1.584,-0.148
-1.601,-0.362
-1.659,-0.746
-1.647,1.667
-1.684,0.397
-1.674,0.871
-1.704,-1.639
-1.722,0.607
-1.827,0.421
-1.861,0.737
-1.845,1.03
-1.909,0.02
-2.045,-1.452
-2.114,-0.542
-2.151,-0.349
-2.091,-0.171
-2.113,-0.44
-2.18,-1.561
-2.207,0.8
-2.212,0.908
-2.291,0.022
-2.261,0.705
-2.339,2.075
-2.285,0.161
-2.265,1.172
-2.344,0.481
-2.305,-1.661
-2.35,-0.173
-2.292,-1.237
-2.331,-0.333
-2.442,-0.535
-2.449,-0.153
-2.517,-0.206
-2.464,-0.625
-2.491,-0.002
-2.544,0.362
-2.512,-0.232
-2.495,0.396
-2.513,-1.52
-2.528,-0.514
-2.556,0.985
-2.556,0.056
-2.554,0.546
-2.591,1.032
-2.595,2.03
-2.624,-1.599
2.963,-1.716
2.915,-1.653
2.031,-1.794
1.68,-1.755
0.999,-1.887
1.016,-1.748
0.496,-1.99
0.486,-1.734
0.456,-1.785
-0.63,-1.982
-1.171,-1.743
-1.368,-1.963
-1.93,-1.816
-2.338,-2.118
-2.705,2.646
-2.744,2.538
-2.927,2.371
2.917,2.425
2.927,2.691
2.478,2.734
2.09,2.576
1.853,2.356
1.864,2.654
1.255,2.602
1.136,2.491
1.011,2.412
0.916,2.369
0.387,2.539
0.094,2.442
-0.117,2.599
-0.361,2.76
-0.442,2.472
-1.192,2.783
-1.433,2.332
-1.714,2.468
-2.136,2.494
-2.244,2.544
-2.233,2.422
-2.603,2.651
-2.909,2.274
3.068,-0.354
2.976,-1.117
2.306,0.807
2.323,-1.497
1.88,-0.509
0.414,-1.344
-0.067,0.653
-0.9,1.962
-1.194,1.238
-1.65,-0.631
-2.123,-0.97
-0.662,-1.898
-0.72,2.541
-2.569,2.308
-2.593,0.111
-2.74,-0.207
-2.66,-0.346
-2.728,2.213
-2.841,-0.52
-2.97,1.81
-2.849,-1.463
-2.922,1.431
-2.944,-0.022
-2.946,1.319
-3.007,0.947
-3.099,1.422
3.073,1.264
-3.119,0.149
2.965,2.113
2.922,0.015
2.862,-0.765
2.841,1.33
2.691,-1.684
2.631,0.371
2.726,0.221
2.616,-1.409
2.505,0.755
2.51,0.366
2.196,1.003
2.309,2.001
2.187,0.272
2.167,2.2
2.108,2.11
2.002,-0.059
1.934,0.925
1.917,0.12
1.683,2.251
1.703,-1.569
1.689,-1.363
1.462,2.0
1.552,-1.109
1.354,-1.485
1.194,0.486
1.197,-0.299
1.257,-0.518
1.245,-1.667
1.196,1.137
1.168,-0.567
1.023,-0.154
1.025,2.126
1.07,-0.615
0.619,-1.165
0.748,-0.597
0.643,0.617
0.647,-0.378
0.521,-1.317
0.614,1.839
0.531,-0.136
0.492,1.666
0.313,0.298
0.27,0.28
0.27,2.134
0.333,1.509
0.182,-0.551
0.177,-0.566
0.31,-1.006
0.153,0.151
0.261,2.24
0.247,1.099
0.112,-1.212
0.228,1.004
0.211,1.176
0.223,-0.611
0.123,-0.46
0.014,0.641
-0.056,1.406
0.021,-1.655
0.01,0.728
-0.112,2.287
-0.159,0.357
-0.048,-1.37
-0.126,0.16
-0.188,-0.12
-0.375,1.952
-0.34,-1.539
-0.371,1.665
-0.505,-1.073
-0.408,-0.374
-0.52,1.067
-0.447,-1.356
-0.62,0.646
-0.66,-1.496
-0.542,1.135
-0.678,-1.448
-0.74,-1.424
-0.876,0.686
-0.764,-0.283
-0.887,-1.547
-0.84,-1.699
-0.844,-1.422
-0.882,-0.347
-1.046,1.247
-1.217,1.941
-1.328,0.044
-1.346,-0.232
-1.352,-0.188
-1.35,0.756
-1.356,0.703
-1.378,0.638
-1.485,0.47
-1.517,-0.931
-1.552,0.562
-1.615,-1.019
-1.657,-0.222
-1.715,0.279
-2.026,-0.39
-1.921,-0.355
-2.192,-0.277
-2.07,0.057
-2.121,-0.562
-2.244,-1.552
-2.437,2.104
-2.313,0.331
-2.461,0.555
-2.471,-1.38
-2.389,1.771
-2.556,-0.853
-2.559,1.212
-2.572,1.816
-2.669,0.379
-2.578,-0.028
-2.866,-1.905
2.947,-1.674
2.714,-1.956
2.399,-2.012
2.281,-1.961
1.871,-1.757
1.236,-2.024
0.759,-1.968
0.565,-1.819
-1.099,-1.633
-1.299,-1.92
-1.336,-2.029
-1.628,-1.862
-1.571,-1.837
-2.674,-1.864
-2.858,2.317
-2.93,2.419
2.927,2.604
2.467,2.524
1.342,2.621
0.973,2.318
1.11,2.324
0.752,2.361
0.875,2.442
0.64,2.659
0.473,2.632
0.351,2.359
-0.039,2.477
-0.184,2.394
-0.069,2.757
-0.062,2.475
-0.546,2.638
-0.878,2.786
-1.141,2.709
-1.573,2.569
-2.032,2.538
-2.138,2.584
-2.177,2.546
0.679,0.177
0.231,-0.421
-1.002,-1.588
-1.264,-0.27
-1.599,0.415
1.435,0.962
-0.037,1.706
-2.118,0.659
-2.139,0.458
-2.195,0.802
-2.417,-0.661
-3.125,1.303
2.178,-0.321
2.083,-0.033
1.934,0.476
2.199,-1.893
0.179,-1.417
-0.04,2.426
-1.805,2.002
-1.893,2.235
-2.121,2.162
-2.046,1.981
-1.147,2.146
-0.677,2.593
-0.088,0.748
-0.1,0.848
-0.135,-1.856
-0.06,-1.503
-0.137,-2.117
-0.086,-0.442
-0.134,0.032
-0.16,-0.346
-0.229,-2.472
-0.225,-2.681
-0.234,-0.407
-0.281,0.086
-0.322,0.621
-0.258,-0.615
-0.321,-2.064
-0.336,-0.244
-0.43,1.073
-0.444,-1.343
-0.505,-1.03
-0.566,-1.066
-0.574,-1.551
-0.536,-0.475
-0.604,-0.794
-0.539,0.77
-0.581,0.449
-0.631,-2.623
-0.71,0.589
-0.774,-1.923
-0.765,-0.728
-0.733,0.231
-0.8,-1.18
-0.951,1.139
-1.033,-1.794
-1.049,-2.585
-1.058,0.722
-1.071,-2.402
-1.154,-1.89
-1.25,-0.705
-1.219,-0.583
-1.31,-0.764
-1.28,1.031
-1.337,-0.467
-1.409,-1.233
-1.419,0.318
-1.433,-1.316
-1.507,0.423
-1.455,0.022
-1.538,-0.179
-1.557,-1.283
-1.569,-0.554
-1.532,-1.069
-1.57,-1.229
-1.587,-1.443
-1.645,-1.827
-1.633,0.586
-1.67,-0.684
-1.66,-0.21
-1.69,-2.72
-1.708,-0.474
-1.813,-0.66
-1.847,-0.344
-1.831,-0.051
-1.895,-1.061
-2.031,-2.533
-2.1,-1.623
-2.137,-1.43
-2.077,-1.252
-2.099,-1.521
-2.166,-2.642
-2.193,-0.281
-2.198,-0.173
-2.277,-1.059
-2.247,-0.376
-2.325,0.994
-2.271,-0.92
-2.251,0.091
-2.33,-0.6
-2.291,-2.742
-2.336,-1.254
-2.278,-2.318
-2.317,-1.414
-2.428,-1.616
-2.435,-1.234
-2.503,-1.287
-2.45,-1.706
-2.477,-1.083
-2.53,-0.719
-2.498,-1.313
-2.481,-0.685
-2.499,-2.601
-2.514,-1.595
-2.542,-0.096
-2.542,-1.025
-2.54,-0.535
-2.577,-0.049
-2.581,0.949
-2.61,-2.68
2.977,-2.797
2.929,-2.734
2.045,-2.875
1.694,-2.836
1.013,-2.968
1.03,-2.829
0.51,-3.071
0.5,-2.815
0.47,-2.866
-0.616,-3.063
-1.157,-2.824
-1.354,-3.044
-1.916,-2.897
-2.324,-3.199
-2.691,1.565
-2.73,1.457
-2.913,1.29
2.931,1.344
2.941,1.61
2.492,1.653
2.104,1.495
1.867,1.275
1.878,1.573
1.269,1.521
1.15,1.41
1.025,1.331
0.93,1.288
0.401,1.458
0.108,1.361
-0.103,1.518
-0.347,1.679
-0.428,1.391
-1.178,1.702
-1.419,1.251
-1.7,1.387
-2.122,1.413
-2.23,1.463
-2.219,1.341
-2.589,1.57
-2.895,1.193
3.082,-1.435
2.99,-2.198
2.32,-0.274
2.337,-2.578
1.894,-1.59
0.428,-2.425
-0.053,-0.428
-0.886,0.881
-1.18,0.157
-1.636,-1.712
-2.109,-2.051
-0.648,-2.979
-0.706,1.46
-2.555,1.227
-2.579,-0.97
-2.726,-1.288
-2.646,-1.427
-2.714,1.132
-2.827,-1.601
-2.956,0.729
-2.835,-2.544
-2.908,0.35
-2.93,-1.103
-2.932,0.238
-2.993,-0.134
-3.085,0.341
3.087,0.183
-3.105,-0.932
2.979,1.032
2.936,-1.066
2.876,-1.846
2.855,0.249
2.705,-2.765
2.645,-0.71
2.74,-0.86
2.63,-2.49
2.519,-0.326
2.524,-0.715
2.21,-0.078
2.323,0.92
2.201,-0.809
2.181,1.119
2.122,1.029
2.016,-1.14
1.948,-0.156
1.931,-0.961
1.697,1.17
1.717,-2.65
1.703,-2.444
1.476,0.919
1.566,-2.19
1.368,-2.566
1.208,-0.595
1.211,-1.38
1.271,-1.599
1.259,-2.748
1.21,0.056
1.182,-1.648
1.037,-1.235
1.039,1.045
1.084,-1.696
0.633,-2.246
0.762,-1.678
0.657,-0.464
0.661,-1.459
0.535,-2.398
0.628,0.758
0.545,-1.217
0.506,0.585
0.327,-0.783
0.284,-0.801
0.284,1.053
0.347,0.428
0.196,-1.632
0.191,-1.647
0.324,-2.087
0.167,-0.93
0.275,1.159
0.261,0.018
0.126,-2.293
0.242,-0.077
0.225,0.095
0.237,-1.692
0.137,-1.541
0.028,-0.44
-0.042,0.325
0.035,-2.736
0.024,-0.353
-0.098,1.206
-0.145,-0.724
-0.034,-2.451
-0.112,-0.921
-0.174,-1.201
-0.361,0.871
-0.326,-2.62
-0.357,0.584
-0.491,-2.154
-0.394,-1.455
-0.506,-0.014
-0.433,-2.437
-0.606,-0.435
-0.646,-2.577
-0.528,0.054
-0.664,-2.529
-0.726,-2.505
-0.862,-0.395
-0.75,-1.364
-0.873,-2.628
-0.826,-2.78
-0.83,-2.503
-0.868,-1.428
-1.032,0.166
-1.203,0.86
-1.314,-1.037
-1.332,-1.313
-1.338,-1.269
-1.336,-0.325
-1.342,-0.378
-1.364,-0.443
-1.471,-0.611
-1.503,-2.012
-1.538,-0.519
-1.601,-2.1
-1.643,-1.303
-1.701,-0.802
-2.012,-1.471
-1.907,-1.436
-2.178,-1.358
-2.056,-1.024
-2.107,-1.643
-2.23,-2.633
-2.423,1.023
-2.299,-0.75
-2.447,-0.526
-2.457,-2.461
-2.375,0.69
-2.542,-1.934
-2.545,0.131
-2.558,0.735
-2.655,-0.702
-2.564,-1.109
-2.852,-2.986
2.961,-2.755
2.728,-3.037
2.413,-3.093
2.295,-3.042
1.885,-2.838
1.25,-3.105
0.773,-3.049
0.579,-2.9
-1.085,-2.714
-1.285,-3.001
-1.322,-3.11
-1.614,-2.943
-1.557,-2.918
-2.66,-2.945
-2.844,1.236
-2.916,1.338
2.941,1.523
2.481,1.443
1.356,1.54
0.987,1.237
1.124,1.243
0.766,1.28
0.889,1.361
0.654,1.578
0.487,1.551
0.365,1.278
-0.025,1.396
-0.17,1.313
-0.055,1.676
-0.048,1.394
-0.532,1.557
-0.864,1.705
-1.127,1.628
-1.559,1.488
-2.018,1.457
-2.124,1.503
-2.163,1.465
0.693,-0.904
0.245,-1.502
-0.988,-2.669
-1.25,-1.351
-1.585,-0.666
1.449,-0.119
-0.023,0.625
-2.104,-0.422
-2.125,-0.623
-2.181,-0.279
-2.403,-1.742
-3.111,0.222
2.192,-1.402
2.097,-1.114
1.948,-0.605
2.213,-2.974
0.193,-2.498
-0.026,1.345
-1.791,0.921
-1.879,1.154
-2.107,1.081
-2.032,0.9
-1.133,1.065
-0.663,1.512
-0.012,0.1
-0.047,-2.604
0.028,-2.251
-0.049,-2.865
0.002,-1.19
-0.046,-0.716
-0.072,-1.094
-0.141,-3.22
-0.137,-3.429
-0.146,-1.155
-0.193,-0.662
-0.234,-0.127
-0.17,-1.363
-0.233,-2.812
-0.248,-0.992
-0.342,0.325
-0.356,-2.091
-0.417,-1.778
-0.478,-1.814
-0.486,-2.299
-0.448,-1.223
-0.516,-1.542
-0.451,0.022
-0.493,-0.299
-0.543,-3.371
-0.622,-0.159
-0.686,-2.671
-0.677,-1.476
-0.645,-0.517
-0.712,-1.928
-0.863,0.391
-0.945,-2.542
-0.961,-3.333
-0.97,-0.026
-0.983,-3.15
-1.066,-2.638
-1.162,-1.453
-1.131,-1.331
-1.222,-1.512
-1.192,0.283
-1.249,-1.215
-1.321,-1.981
-1.331,-0.43
-1.345,-2.064
-1.419,-0.325
-1.367,-0.726
-1.45,-0.927
-1.469,-2.031
-1.481,-1.302
-1.444,-1.817
-1.482,-1.977
-1.499,-2.191
-1.557,-2.575
-1.545,-0.162
-1.582,-1.432
-1.572,-0.958
-1.602,-3.468
-1.62,-1.222
-1.725,-1.408
-1.759,-1.092
-1.743,-0.799
-1.807,-1.809
-1.943,-3.281
-2.012,-2.371
-2.049,-2.178
-1.989,-2.0
-2.011,-2.269
-2.078,-3.39
-2.105,-1.029
-2.11,-0.921
-2.189,-1.807
-2.159,-1.124
-2.237,0.246
-2.183,-1.668
-2.163,-0.657
-2.242,-1.348
-2.203,-3.49
-2.248,-2.002
-2.19,-3.066
-2.229,-2.162
-2.34,-2.364
-2.347,-1.982
-2.415,-2.035
-2.362,-2.454
-2.389,-1.831
-2.442,-1.467
-2.41,-2.061
-2.393,-1.433
-2.411,-3.349
-2.426,-2.343
-2.454,-0.844
-2.454,-1.773
-2.452,-1.283
-2.489,-0.797
-2.493,0.201
-2.522,-3.428
3.065,-3.545
3.017,-3.482
2.133,-3.623
1.782,-3.584
1.101,-3.716
1.118,-3.577
0.598,-3.819
0.588,-3.563
0.558,-3.614
-0.528,-3.811
-1.069,-3.572
-1.266,-3.792
-1.828,-3.645
-2.236,-3.947
-2.603,0.817
-2.642,0.709
-2.825,0.542
3.019,0.596
3.029,0.862
2.58,0.905
2.192,0.747
1.955,0.527
1.966,0.825
1.357,0.773
1.238,0.662
1.113,0.583
1.018,0.54
0.489,0.71
0.196,0.613
-0.015,0.77
-0.259,0.931
-0.34,0.643
-1.09,0.954
-1.331,0.503
-1.612,0.639
-2.034,0.665
-2.142,0.715
-2.131,0.593
-2.501,0.822
-2.807,0.445
-3.113,-2.183
3.078,-2.946
2.408,-1.022
2.425,-3.326
1.982,-2.338
0.516,-3.173
0.035,-1.176
-0.798,0.133
-1.092,-0.591
-1.548,-2.46
-2.021,-2.799
-0.56,-3.727
-0.618,0.712
-2.467,0.479
-2.491,-1.718
-2.638,-2.036
-2.558,-2.175
-2.626,0.384
-2.739,-2.349
-2.868,-0.019
-2.747,-3.292
-2.82,-0.398
-2.842,-1.851
-2.844,-0.51
-2.905,-0.882
-2.997,-0.407
-3.108,-0.565
-3.017,-1.68
3.067,0.284
3.024,-1.814
2.964,-2.594
2.943,-0.499
2.793,-3.513
2.733,-1.458
2.828,-1.608
2.718,-3.238
2.607,-1.074
2.612,-1.463
2.298,-0.826
2.411,0.172
2.289,-1.557
2.269,0.371
2.21,0.281
2.104,-1.888
2.036,-0.904
2.019,-1.709
1.785,0.422
1.805,-3.398
1.791,-3.192
1.564,0.171
1.654,-2.938
1.456,-3.314
1.296,-1.343
1.299,-2.128
1.359,-2.347
1.347,-3.496
1.298,-0.692
1.27,-2.396
1.125,-1.983
1.127,0.297
1.172,-2.444
0.721,-2.994
0.85,-2.426
0.745,-1.212
0.749,-2.207
0.623,-3.146
0.716,0.01
0.633,-1.965
0.594,-0.163
0.415,-1.531
0.372,-1.549
0.372,0.305
0.435,-0.32
0.284,-2.38
0.279,-2.395
0.412,-2.835
0.255,-1.678
0.363,0.411
0.349,-0.73
0.214,-3.041
0.33,-0.825
0.313,-0.653
0.325,-2.44
0.225,-2.289
0.116,-1.188
0.046,-0.423
0.123,-3.484
0.112,-1.101
-0.01,0.458
-0.057,-1.472
0.054,-3.199
-0.024,-1.669
-0.086,-1.949
-0.273,0.123
-0.238,-3.368
-0.269,-0.164
-0.403,-2.902
-0.306,-2.203
-0.418,-0.762
-0.345,-3.185
-0.518,-1.183
-0.558,-3.325
-0.44,-0.694
-0.576,-3.277
-0.638,-3.253
-0.774,-1.143
-0.662,-2.112
-0.785,-3.376
-0.738,-3.528
-0.742,-3.251
-0.78,-2.176
-0.944,-0.582
-1.115,0.112
-1.226,-1.785
-1.244,-2.061
-1.25,-2.017
-1.248,-1.073
-1.254,-1.126
-1.276,-1.191
-1.383,-1.359
-1.415,-2.76
-1.45,-1.267
-1.513,-2.848
-1.555,-2.051
-1.613,-1.55
-1.924,-2.219
-1.819,-2.184
-2.09,-2.106
-1.968,-1.772
-2.019,-2.391
-2.142,-3.381
-2.335,0.275
-2.211,-1.498
-2.359,-1.274
-2.369,-3.209
-2.287,-0.058
-2.454,-2.682
-2.457,-0.617
-2.47,-0.013
-2.567,-1.45
-2.476,-1.857
-2.764,-3.734
3.049,-3.503
2.816,-3.785
2.501,-3.841
2.383,-3.79
1.973,-3.586
1.338,-3.853
0.861,-3.797
0.667,-3.648
-0.997,-3.462
-1.197,-3.749
-1.234,-3.858
-1.526,-3.691
-1.469,-3.666
-2.572,-3.693
-2.756,0.488
-2.828,0.59
3.029,0.775
2.569,0.695
1.444,0.792
1.075,0.489
1.212,0.495
0.854,0.532
0.977,0.613
0.742,0.83
0.575,0.803
0.453,0.53
0.063,0.648
-0.082,0.565
0.033,0.928
0.04,0.646
-0.444,0.809
-0.776,0.957
-1.039,0.88
-1.471,0.74
-1.93,0.709
-2.036,0.755
-2.075,0.717
0.781,-1.652
0.333,-2.25
-0.9,-3.417
-1.162,-2.099
-1.497,-1.414
1.537,-0.867
0.065,-0.123
-2.016,-1.17
-2.037,-1.371
-2.093,-1.027
-2.315,-2.49
-3.023,-0.526
2.28,-2.15
2.185,-1.862
2.036,-1.353
2.301,-3.722
0.281,-3.246
0.062,0.597
-1.703,0.173
-1.791,0.406
-2.019,0.333
-1.944,0.152
-1.045,0.317
-0.575,0.764
-0.035,-2.704
0.04,-2.351
-0.037,-2.965
0.014,-1.29
-0.034,-0.816
-0.06,-1.194
-0.129,-3.32
-0.125,-3.529
-0.134,-1.255
-0.181,-0.762
-0.222,-0.227
-0.158,-1.463
-0.221,-2.912
-0.236,-1.092
-0.33,0.225
-0.344,-2.191
-0.405,-1.878
-0.466,-1.914
-0.474,-2.399
-0.436,-1.323
-0.504,-1.642
-0.439,-0.078
-0.481,-0.399
-0.531,-3.471
-0.61,-0.259
-0.674,-2.771
-0.665,-1.576
-0.633,-0.617
-0.7,-2.028
-0.851,0.291
-0.933,-2.642
-0.949,-3.433
-0.958,-0.126
-0.971,-3.25
-1.054,-2.738
-1.15,-1.553
-1.119,-1.431
-1.21,-1.612
-1.18,0.183
-1.237,-1.315
-1.309,-2.081
-1.319,-0.53
-1.333,-2.164
-1.407,-0.425
-1.355,-0.826
-1.438,-1.027
-1.457,-2.131
-1.469,-1.402
-1.432,-1.917
-1.47,-2.077
-1.487,-2.291
-1.545,-2.675
-1.533,-0.262
-1.57,-1.532
-1.56,-1.058
-1.59,-3.568
-1.608,-1.322
-1.713,-1.508
-1.747,-1.192
-1.731,-0.899
-1.795,-1.909
-1.931,-3.381
-2.0,-2.471
-2.037,-2.278
-1.977,-2.1
-1.999,-2.369
-2.066,-3.49
-2.093,-1.129
-2.098,-1.021
-2.177,-1.907
-2.147,-1.224
-2.225,0.146
-2.171,-1.768
-2.151,-0.757
-2.23,-1.448
-2.191,-3.59
-2.236,-2.102
-2.178,-3.166
-2.217,-2.262
-2.328,-2.464
-2.335,-2.082
-2.403,-2.135
-2.35,-2.554
-2.377,-1.931
-2.43,-1.567
-2.398,-2.161
-2.381,-1.533
-2.399,-3.449
-2.414,-2.443
-2.442,-0.944
-2.442,-1.873
-2.44,-1.383
-2.477,-0.897
-2.481,0.101
-2.51,-3.528
3.077,-3.645
3.029,-3.582
2.145,-3.723
1.794,-3.684
1.113,-3.816
1.13,-3.677
0.61,-3.919
0.6,-3.663
0.57,-3.714
-0.516,-3.911
-1.057,-3.672
-1.254,-3.892
-1.816,-3.745
-2.224,-4.047
-2.591,0.717
-2.63,0.609
-2.813,0.442
3.031,0.496
3.041,0.762
2.592,0.805
2.204,0.647
1.967,0.427
1.978,0.725
1.369,0.673
1.25,0.562
1.125,0.483
1.03,0.44
0.501,0.61
0.208,0.513
-0.003,0.67
-0.247,0.831
-0.328,0.543
-1.078,0.854
-1.319,0.403
-1.6,0.539
-2.022,0.565
-2.13,0.615
-2.119,0.493
-2.489,0.722
-2.795,0.345
-3.101,-2.283
3.09,-3.046
2.42,-1.122
2.437,-3.426
1.994,-2.438
0.528,-3.273
0.047,-1.276
-0.786,0.033
-1.08,-0.691
-1.536,-2.56
-2.009,-2.899
-0.548,-3.827
-0.606,0.612
-2.455,0.379
-2.479,-1.818
-2.626,-2.136
-2.546,-2.275
-2.614,0.284
-2.727,-2.449
-2.856,-0.119
-2.735,-3.392
-2.808,-0.498
-2.83,-1.951
-2.832,-0.61
-2.893,-0.982
-2.985,-0.507
-3.096,-0.665
-3.005,-1.78
3.079,0.184
3.036,-1.914
2.976,-2.694
2.955,-0.599
2.805,-3.613
2.745,-1.558
2.84,-1.708
2.73,-3.338
2.619,-1.174
2.624,-1.563
2.31,-0.926
2.423,0.072
2.301,-1.657
2.281,0.271
2.222,0.181
2.116,-1.988
2.048,-1.004
2.031,-1.809
1.797,0.322
1.817,-3.498
1.803,-3.292
1.576,0.071
1.666,-3.038
1.468,-3.414
1.308,-1.443
1.311,-2.228
1.371,-2.447
1.359,-3.596
1.31,-0.792
1.282,-2.496
1.137,-2.083
1.139,0.197
1.184,-2.544
0.733,-3.094
0.862,-2.526
0.757,-1.312
0.761,-2.307
0.635,-3.246
0.728,-0.09
0.645,-2.065
0.606,-0.263
0.427,-1.631
0.384,-1.649
0.384,0.205
0.447,-0.42
0.296,-2.48
0.291,-2.495
0.424,-2.935
0.267,-1.778
0.375,0.311
0.361,-0.83
0.226,-3.141
0.342,-0.925
0.325,-0.753
0.337,-2.54
0.237,-2.389
0.128,-1.288
0.058,-0.523
0.135,-3.584
0.124,-1.201
0.002,0.358
-0.045,-1.572
0.066,-3.299
-0.012,-1.769
-0.074,-2.049
-0.261,0.023
-0.226,-3.468
-0.257,-0.264
-0.391,-3.002
-0.294,-2.303
-0.406,-0.862
-0.333,-3.285
-0.506,-1.283
-0.546,-3.425
-0.428,-0.794
-0.564,-3.377
-0.626,-3.353
-0.762,-1.243
-0.65,-2.212
-0.773,-3.476
-0.726,-3.628
-0.73,-3.351
-0.768,-2.276
-0.932,-0.682
-1.103,0.012
-1.214,-1.885
-1.232,-2.161
-1.238,-2.117
-1.236,-1.173
-1.242,-1.226
-1.264,-1.291
-1.371,-1.459
-1.403,-2.86
-1.438,-1.367
-1.501,-2.948
-1.543,-2.151
-1.601,-1.65
-1.912,-2.319
-1.807,-2.284
-2.078,-2.206
-1.956,-1.872
-2.007,-2.491
-2.13,-3.481
-2.323,0.175
-2.199,-1.598
-2.347,-1.374
-2.357,-3.309
-2.275,-0.158
-2.442,-2.782
-2.445,-0.717
-2.458,-0.113
-2.555,-1.55
-2.464,-1.957
-2.752,-3.834
3.061,-3.603
2.828,-3.885
2.513,-3.941
2.395,-3.89
1.985,-3.686
1.35,-3.953
0.873,-3.897
0.679,-3.748
-0.985,-3.562
-1.185,-3.849
-1.222,-3.958
-1.514,-3.791
-1.457,-3.766
-2.56,-3.793
-2.744,0.388
-2.816,0.49
3.041,0.675
2.581,0.595
1.456,0.692
1.087,0.389
1.224,0.395
0.866,0.432
0.989,0.513
0.754,0.73
0.587,0.703
0.465,0.43
0.075,0.548
-0.07,0.465
0.045,0.828
0.052,0.546
-0.432,0.709
-0.764,0.857
-1.027,0.78
-1.459,0.64
-1.918,0.609
-2.024,0.655
-2.063,0.617
0.793,-1.752
0.345,-2.35
-0.888,-3.517
-1.15,-2.199
-1.485,-1.514
1.549,-0.967
0.077,-0.223
-2.004,-1.27
-2.025,-1.471
-2.081,-1.127
-2.303,-2.59
-3.011,-0.626
2.292,-2.25
2.197,-1.962
2.048,-1.453
2.313,-3.822
0.293,-3.346
0.074,0.497
-1.691,0.073
-1.779,0.306
-2.007,0.233
-1.932,0.052
-1.033,0.217
-0.563,0.664
0.075,0.353
-0.002,-0.261
0.049,1.414
0.001,1.888
-0.025,1.51
-0.094,-0.616
-0.09,-0.825
-0.099,1.449
-0.146,1.942
-0.187,2.477
-0.123,1.241
-0.186,-0.208
-0.201,1.612
-0.295,2.929
-0.309,0.513
-0.37,0.826
-0.431,0.79
-0.439,0.305
-0.401,1.381
-0.469,1.062
-0.404,2.626
-0.446,2.305
-0.496,-0.767
-0.575,2.445
-0.639,-0.067
-0.63,1.128
-0.598,2.087
-0.665,0.676
-0.816,2.995
-0.898,0.062
-0.914,-0.729
-0.923,2.578
-0.936,-0.546
-1.019,-0.034
-1.115,1.151
-1.084,1.273
-1.175,1.092
-1.145,2.887
-1.202,1.389
-1.274,0.623
-1.284,2.174
-1.298,0.54
-1.372,2.279
-1.32,1.878
-1.403,1.677
-1.422,0.573
-1.434,1.302
-1.397,0.787
-1.435,0.627
-1.452,0.413
-1.51,0.029
-1.498,2.442
-1.535,1.172
-1.525,1.646
-1.555,-0.864
-1.573,1.382
-1.678,1.196
-1.712,1.512
-1.696,1.805
-1.76,0.795
-1.896,-0.677
-1.965,0.233
-2.002,0.426
-1.942,0.604
-1.964,0.335
-2.031,-0.786
-2.058,1.575
-2.063,1.683
-2.142,0.797
-2.112,1.48
-2.19,2.85
-2.136,0.936
-2.116,1.947
-2.195,1.256
-2.156,-0.886
-2.201,0.602
-2.143,-0.462
-2.182,0.442
-2.293,0.24
-2.3,0.622
-2.368,0.569
-2.315,0.15
-2.342,0.773
-2.395,1.137
-2.363,0.543
-2.346,1.171
-2.364,-0.745
-2.379,0.261
-2.407,1.76
-2.407,0.831
-2.405,1.321
-2.442,1.807
-2.446,2.805
-2.475,-0.824
3.112,-0.941
3.064,-0.878
2.18,-1.019
1.829,-0.98
1.148,-1.112
1.165,-0.973
0.645,-1.215
0.635,-0.959
0.605,-1.01
-0.481,-1.207
-1.022,-0.968
-1.219,-1.188
-1.781,-1.041
-2.189,-1.343
-2.556,3.421
-2.595,3.313
-2.778,3.146
3.066,3.2
3.076,3.466
2.627,3.509
2.239,3.351
2.002,3.131
2.013,3.429
1.404,3.377
1.285,3.266
1.16,3.187
1.065,3.144
0.536,3.314
0.243,3.217
0.032,3.374
-0.212,3.535
-0.293,3.247
-1.043,3.558
-1.284,3.107
-1.565,3.243
-1.987,3.269
-2.095,3.319
-2.084,3.197
-2.454,3.426
-2.76,3.049
-3.066,0.421
3.125,-0.342
2.455,1.582
2.472,-0.722
2.029,0.266
0.563,-0.569
0.082,1.428
-0.751,2.737
-1.045,2.013
-1.501,0.144
-1.974,-0.195
-0.513,-1.123
-0.571,3.316
-2.42,3.083
-2.444,0.886
-2.591,0.568
-2.511,0.429
-2.579,2.988
-2.692,0.255
-2.821,2.585
-2.7,-0.688
-2.773,2.206
-2.795,0.753
-2.797,2.094
-2.858,1.722
-2.95,2.197
-3.061,2.039
-2.97,0.924
3.114,2.888
3.071,0.79
3.011,0.01
2.99,2.105
2.84,-0.909
2.78,1.146
2.875,0.996
2.765,-0.634
2.654,1.53
2.659,1.141
2.345,1.778
2.458,2.776
2.336,1.047
2.316,2.975
2.257,2.885
2.151,0.716
2.083,1.7
2.066,0.895
1.832,3.026
1.852,-0.794
1.838,-0.588
1.611,2.775
1.701,-0.334
1.503,-0.71
1.343,1.261
1.346,0.476
1.406,0.257
1.394,-0.892
1.345,1.912
1.317,0.208
1.172,0.621
1.174,2.901
1.219,0.16
0.768,-0.39
0.897,0.178
0.792,1.392
0.796,0.397
0.67,-0.542
0.763,2.614
0.68,0.639
0.641,2.441
0.462,1.073
0.419,1.055
0.419,2.909
0.482,2.284
0.331,0.224
0.326,0.209
0.459,-0.231
0.302,0.926
0.41,3.015
0.396,1.874
0.261,-0.437
0.377,1.779
0.36,1.951
0.372,0.164
0.272,0.315
0.163,1.416
0.093,2.181
0.17,-0.88
0.159,1.503
0.037,3.062
-0.01,1.132
0.101,-0.595
0.023,0.935
-0.039,0.655
-0.226,2.727
-0.191,-0.764
-0.222,2.44
-0.356,-0.298
-0.259,0.401
-0.371,1.842
-0.298,-0.581
-0.471,1.421
-0.511,-0.721
-0.393,1.91
-0.529,-0.673
-0.591,-0.649
-0.727,1.461
-0.615,0.492
-0.738,-0.772
-0.691,-0.924
-0.695,-0.647
-0.733,0.428
-0.897,2.022
-1.068,2.716
-1.179,0.819
-1.197,0.543
-1.203,0.587
-1.201,1.531
-1.207,1.478
-1.229,1.413
-1.336,1.245
-1.368,-0.156
-1.403,1.337
-1.466,-0.244
-1.508,0.553
-1.566,1.054
-1.877,0.385
-1.772,0.42
-2.043,0.498
-1.921,0.832
-1.972,0.213
-2.095,-0.777
-2.288,2.879
-2.164,1.106
-2.312,1.33
-2.322,-0.605
-2.24,2.546
-2.407,-0.078
-2.41,1.987
-2.423,2.591
-2.52,1.154
-2.429,0.747
-2.717,-1.13
3.096,-0.899
2.863,-1.181
2.548,-1.237
2.43,-1.186
2.02,-0.982
1.385,-1.249
0.908,-1.193
0.714,-1.044
-0.95,-0.858
-1.15,-1.145
-1.187,-1.254
-1.479,-1.087
-1.422,-1.062
-2.525,-1.089
-2.709,3.092
-2.781,3.194
3.076,3.379
2.616,3.299
1.491,3.396
1.122,3.093
1.259,3.099
0.901,3.136
1.024,3.217
0.789,3.434
0.622,3.407
0.5,3.134
0.11,3.252
-0.035,3.169
0.08,3.532
0.087,3.25
-0.397,3.413
-0.729,3.561
-0.992,3.484
-1.424,3.344
-1.883,3.313
-1.989,3.359
-2.028,3.321
0.828,0.952
0.38,0.354
-0.853,-0.813
-1.115,0.505
-1.45,1.19
1.584,1.737
0.112,2.481
-1.969,1.434
-1.99,1.233
-2.046,1.577
-2.268,0.114
-2.976,2.078
2.327,0.454
2.232,0.742
2.083,1.251
2.348,-1.118
0.328,-0.642
0.109,3.201
-1.656,2.777
-1.744,3.01
-1.972,2.937
-1.897,2.756
-0.998,2.921
-0.528,3.368
-0.077,-0.614
-0.026,1.061
-0.074,1.535
-0.1,1.157
-0.169,-0.969
-0.165,-1.178
-0.174,1.096
-0.221,1.589
-0.262,2.124
-0.198,0.888
-0.261,-0.561
-0.276,1.259
-0.37,2.576
-0.384,0.16
-0.445,0.473
-0.506,0.437
-0.514,-0.048
-0.476,1.028
-0.544,0.709
-0.479,2.273
-0.521,1.952
-0.571,-1.12
-0.65,2.092
-0.714,-0.42
-0.705,0.775
-0.673,1.734
-0.74,0.323
-0.891,2.642
-0.973,-0.291
-0.989,-1.082
-0.998,2.225
-1.011,-0.899
-1.094,-0.387
-1.19,0.798
-1.159,0.92
-1.25,0.739
-1.22,2.534
-1.277,1.036
-1.349,0.27
-1.359,1.821
-1.373,0.187
-1.447,1.926
-1.395,1.525
-1.478,1.324
-1.497,0.22
-1.509,0.949
-1.472,0.434
-1.51,0.274
-1.527,0.06
-1.585,-0.324
-1.573,2.089
-1.61,0.819
-1.6,1.293
-1.63,-1.217
-1.648,1.029
-1.753,0.843
-1.787,1.159
-1.771,1.452
-1.835,0.442
-1.971,-1.03
-2.04,-0.12
-2.077,0.073
-2.017,0.251
-2.039,-0.018
-2.106,-1.139
-2.133,1.222
-2.138,1.33
-2.217,0.444
-2.187,1.127
-2.265,2.497
-2.211,0.583
-2.191,1.594
-2.27,0.903
-2.231,-1.239
-2.276,0.249
-2.218,-0.815
-2.257,0.089
-2.368,-0.113
-2.375,0.269
-2.443,0.216
-2.39,-0.203
-2.417,0.42
-2.47,0.784
-2.438,0.19
-2.421,0.818
-2.439,-1.098
-2.454,-0.092
-2.482,1.407
-2.482,0.478
-2.48,0.968
-2.517,1.454
-2.521,2.452
-2.55,-1.177
3.037,-1.294
2.989,-1.231
2.105,-1.372
1.754,-1.333
1.073,-1.465
1.09,-1.326
0.57,-1.568
0.56,-1.312
0.53,-1.363
-0.556,-1.56
-1.097,-1.321
-1.294,-1.541
-1.856,-1.394
-2.264,-1.696
-2.631,3.068
-2.67,2.96
-2.853,2.793
2.991,2.847
3.001,3.113
2.552,3.156
2.164,2.998
1.927,2.778
1.938,3.076
1.329,3.024
1.21,2.913
1.085,2.834
0.99,2.791
0.461,2.961
0.168,2.864
-0.043,3.021
-0.287,3.182
-0.368,2.894
-1.118,3.205
-1.359,2.754
-1.64,2.89
-2.062,2.916
-2.17,2.966
-2.159,2.844
-2.529,3.073
-2.835,2.696
-3.141,0.068
3.05,-0.695
2.38,1.229
2.397,-1.075
1.954,-0.087
0.488,-0.922
0.007,1.075
-0.826,2.384
-1.12,1.66
-1.576,-0.209
-2.049,-0.548
-0.588,-1.476
-0.646,2.963
-2.495,2.73
-2.519,0.533
-2.666,0.215
-2.586,0.076
-2.654,2.635
-2.767,-0.098
-2.896,2.232
-2.775,-1.041
-2.848,1.853
-2.87,0.4
-2.872,1.741
-2.933,1.369
-3.025,1.844
-3.136,1.686
-3.045,0.571
3.039,2.535
2.996,0.437
2.936,-0.343
2.915,1.752
2.765,-1.262
2.705,0.793
2.8,0.643
2.69,-0.987
2.579,1.177
2.584,0.788
2.27,1.425
2.383,2.423
2.261,0.694
2.241,2.622
2.182,2.532
2.076,0.363
2.008,1.347
1.991,0.542
1.757,2.673
1.777,-1.147
1.763,-0.941
1.536,2.422
1.626,-0.687
1.428,-1.063
1.268,0.908
1.271,0.123
1.331,-0.096
1.319,-1.245
1.27,1.559
1.242,-0.145
1.097,0.268
1.099,2.548
1.144,-0.193
0.693,-0.743
0.822,-0.175
0.717,1.039
0.721,0.044
0.595,-0.895
0.688,2.261
0.605,0.286
0.566,2.088
0.387,0.72
0.344,0.702
0.344,2.556
0.407,1.931
0.256,-0.129
0.251,-0.144
0.384,-0.584
0.227,0.573
0.335,2.662
0.321,1.521
0.186,-0.79
0.302,1.426
0.285,1.598
0.297,-0.189
0.197,-0.038
0.088,1.063
0.018,1.828
0.095,-1.233
0.084,1.15
-0.038,2.709
-0.085,0.779
0.026,-0.948
-0.052,0.582
-0.114,0.302
-0.301,2.374
-0.266,-1.117
-0.297,2.087
-0.431,-0.651
-0.334,0.048
-0.446,1.489
-0.373,-0.934
-0.546,1.068
-0.586,-1.074
-0.468,1.557
-0.604,-1.026
-0.666,-1.002
-0.802,1.108
-0.69,0.139
-0.813,-1.125
-0.766,-1.277
-0.77,-1.0
-0.808,0.075
-0.972,1.669
-1.143,2.363
-1.254,0.466
-1.272,0.19
-1.278,0.234
-1.276,1.178
-1.282,1.125
-1.304,1.06
-1.411,0.892
-1.443,-0.509
-1.478,0.984
-1.541,-0.597
-1.583,0.2
-1.641,0.701
-1.952,0.032
-1.847,0.067
-2.118,0.145
-1.996,0.479
-2.047,-0.14
-2.17,-1.13
-2.363,2.526
-2.239,0.753
-2.387,0.977
-2.397,-0.958
-2.315,2.193
-2.482,-0.431
-2.485,1.634
-2.498,2.238
-2.595,0.801
-2.504,0.394
-2.792,-1.483
3.021,-1.252
2.788,-1.534
2.473,-1.59
2.355,-1.539
1.945,-1.335
1.31,-1.602
0.833,-1.546
0.639,-1.397
-1.025,-1.211
-1.225,-1.498
-1.262,-1.607
-1.554,-1.44
-1.497,-1.415
-2.6,-1.442
-2.784,2.739
-2.856,2.841
3.001,3.026
2.541,2.946
1.416,3.043
1.047,2.74
1.184,2.746
0.826,2.783
0.949,2.864
0.714,3.081
0.547,3.054
0.425,2.781
0.035,2.899
-0.11,2.816
0.005,3.179
0.012,2.897
-0.472,3.06
-0.804,3.208
-1.067,3.131
-1.499,2.991
-1.958,2.96
-2.064,3.006
-2.103,2.968
0.753,0.599
0.305,0.001
-0.928,-1.166
-1.19,0.152
-1.525,0.837
1.509,1.384
0.037,2.128
-2.044,1.081
-2.065,0.88
-2.121,1.224
-2.343,-0.239
-3.051,1.725
2.252,0.101
2.157,0.389
2.008,0.898
2.273,-1.471
0.253,-0.995
0.034,2.848
-1.731,2.424
-1.819,2.657
-2.047,2.584
-1.972,2.403
-1.073,2.568
-0.603,3.015
0.051,1.675
0.003,2.149
-0.023,1.771
-0.092,-0.355
-0.088,-0.564
-0.097,1.71
-0.144,2.203
-0.185,2.738
-0.121,1.502
-0.184,0.053
-0.199,1.873
-0.293,3.19
-0.307,0.774
-0.368,1.087
-0.429,1.051
-0.437,0.566
-0.399,1.642
-0.467,1.323
-0.402,2.887
-0.444,2.566
-0.494,-0.506
-0.573,2.706
-0.637,0.194
-0.628,1.389
-0.596,2.348
-0.663,0.937
-0.814,3.256
-0.896,0.323
-0.912,-0.468
-0.921,2.839
-0.934,-0.285
-1.017,0.227
-1.113,1.412
-1.082,1.534
-1.173,1.353
-1.143,3.148
-1.2,1.65
-1.272,0.884
-1.282,2.435
-1.296,0.801
-1.37,2.54
-1.318,2.139
-1.401,1.938
-1.42,0.834
-1.432,1.563
-1.395,1.048
-1.433,0.888
-1.45,0.674
-1.508,0.29
-1.496,2.703
-1.533,1.433
-1.523,1.907
-1.553,-0.603
-1.571,1.643
-1.676,1.457
-1.71,1.773
-1.694,2.066
-1.758,1.056
-1.894,-0.416
-1.963,0.494
-2.0,0.687
-1.94,0.865
-1.962,0.596
-2.029,-0.525
-2.056,1.836
-2.061,1.944
-2.14,1.058
-2.11,1.741
-2.188,3.111
-2.134,1.197
-2.114,2.208
-2.193,1.517
-2.154,-0.625
-2.199,0.863
-2.141,-0.201
-2.18,0.703
-2.291,0.501
-2.298,0.883
-2.366,0.83
-2.313,0.411
-2.34,1.034
-2.393,1.398
-2.361,0.804
-2.344,1.432
-2.362,-0.484
-2.377,0.522
-2.405,2.021
-2.405,1.092
-2.403,1.582
-2.44,2.068
-2.444,3.066
-2.473,-0.563
3.114,-0.68
3.066,-0.617
2.182,-0.758
1.831,-0.719
1.15,-0.851
1.167,-0.712
0.647,-0.954
0.637,-0.698
0.607,-0.749
-0.479,-0.946
-1.02,-0.707
-1.217,-0.927
-1.779,-0.78
-2.187,-1.082
-2.554,3.682
-2.593,3.574
-2.776,3.407
3.068,3.461
3.078,3.727
2.629,3.77
2.241,3.612
2.004,3.392
2.015,3.69
1.406,3.638
1.287,3.527
1.162,3.448
1.067,3.405
0.538,3.575
0.245,3.478
0.034,3.635
-0.21,3.796
-0.291,3.508
-1.041,3.819
-1.282,3.368
-1.563,3.504
-1.985,3.53
-2.093,3.58
-2.082,3.458
-2.452,3.687
-2.758,3.31
-3.064,0.682
3.127,-0.081
2.457,1.843
2.474,-0.461
2.031,0.527
0.565,-0.308
0.084,1.689
-0.749,2.998
-1.043,2.274
-1.499,0.405
-1.972,0.066
-0.511,-0.862
-0.569,3.577
-2.418,3.344
-2.442,1.147
-2.589,0.829
-2.509,0.69
-2.577,3.249
-2.69,0.516
-2.819,2.846
-2.698,-0.427
-2.771,2.467
-2.793,1.014
-2.795,2.355
-2.856,1.983
-2.948,2.458
-3.059,2.3
-2.968,1.185
3.116,3.149
3.073,1.051
3.013,0.271
2.992,2.366
2.842,-0.648
2.782,1.407
2.877,1.257
2.767,-0.373
2.656,1.791
2.661,1.402
2.347,2.039
2.46,3.037
2.338,1.308
2.318,3.236
2.259,3.146
2.153,0.977
2.085,1.961
2.068,1.156
1.834,3.287
1.854,-0.533
1.84,-0.327
1.613,3.036
1.703,-0.073
1.505,-0.449
1.345,1.522
1.348,0.737
1.408,0.518
1.396,-0.631
1.347,2.173
1.319,0.469
1.174,0.882
1.176,3.162
1.221,0.421
0.77,-0.129
0.899,0.439
0.794,1.653
0.798,0.658
0.672,-0.281
0.765,2.875
0.682,0.9
0.643,2.702
0.464,1.334
0.421,1.316
0.421,3.17
0.484,2.545
0.333,0.485
0.328,0.47
0.461,0.03
0.304,1.187
0.412,3.276
0.398,2.135
0.263,-0.176
0.379,2.04
0.362,2.212
0.374,0.425
0.274,0.576
0.165,1.677
0.095,2.442
0.172,-0.619
0.161,1.764
0.039,3.323
-0.008,1.393
0.103,-0.334
0.025,1.196
-0.037,0.916
-0.224,2.988
-0.189,-0.503
-0.22,2.701
-0.354,-0.037
-0.257,0.662
-0.369,2.103
-0.296,-0.32
-0.469,1.682
-0.509,-0.46
-0.391,2.171
-0.527,-0.412
-0.589,-0.388
-0.725,1.722
-0.613,0.753
-0.736,-0.511
-0.689,-0.663
-0.693,-0.386
-0.731,0.689
-0.895,2.283
-1.066,2.977
-1.177,1.08
-1.195,0.804
-1.201,0.848
-1.199,1.792
-1.205,1.739
-1.227,1.674
-1.334,1.506
-1.366,0.105
-1.401,1.598
-1.464,0.017
-1.506,0.814
-1.564,1.315
-1.875,0.646
-1.77,0.681
-2.041,0.759
-1.919,1.093
-1.97,0.474
-2.093,-0.516
-2.286,3.14
-2.162,1.367
-2.31,1.591
-2.32,-0.344
-2.238,2.807
-2.405,0.183
-2.408,2.248
-2.421,2.852
-2.518,1.415
-2.427,1.008
-2.715,-0.869
3.098,-0.638
2.865,-0.92
2.55,-0.976
2.432,-0.925
2.022,-0.721
1.387,-0.988
0.91,-0.932
0.716,-0.783
-0.948,-0.597
-1.148,-0.884
-1.185,-0.993
-1.477,-0.826
-1.42,-0.801
-2.523,-0.828
-2.707,3.353
-2.779,3.455
3.078,3.64
2.618,3.56
1.493,3.657
1.124,3.354
1.261,3.36
0.903,3.397
1.026,3.478
0.791,3.695
0.624,3.668
0.502,3.395
0.112,3.513
-0.033,3.43
0.082,3.793
0.089,3.511
-0.395,3.674
-0.727,3.822
-0.99,3.745
-1.422,3.605
-1.881,3.574
-1.987,3.62
-2.026,3.582
0.83,1.213
0.382,0.615
-0.851,-0.552
-1.113,0.766
-1.448,1.451
1.586,1.998
0.114,2.742
-1.967,1.695
-1.988,1.494
-2.044,1.838
-2.266,0.375
-2.974,2.339
2.329,0.715
2.234,1.003
2.085,1.512
2.35,-0.857
0.33,-0.381
0.111,3.462
-1.654,3.038
-1.742,3.271
-1.97,3.198
-1.895,3.017
-0.996,3.182
-0.526,3.629
-0.048,0.474
-0.074,0.096
-0.143,-2.03
-0.139,-2.239
-0.148,0.035
-0.195,0.528
-0.236,1.063
-0.172,-0.173
-0.235,-1.622
-0.25,0.198
-0.344,1.515
-0.358,-0.901
-0.419,-0.588
-0.48,-0.624
-0.488,-1.109
-0.45,-0.033
-0.518,-0.352
-0.453,1.212
-0.495,0.891
-0.545,-2.181
-0.624,1.031
-0.688,-1.481
-0.679,-0.286
-0.647,0.673
-0.714,-0.738
-0.865,1.581
-0.947,-1.352
-0.963,-2.143
-0.972,1.164
-0.985,-1.96
-1.068,-1.448
-1.164,-0.263
-1.133,-0.141
-1.224,-0.322
-1.194,1.473
-1.251,-0.025
-1.323,-0.791
-1.333,0.76
-1.347,-0.874
-1.421,0.865
-1.369,0.464
-1.452,0.263
-1.471,-0.841
-1.483,-0.112
-1.446,-0.627
-1.484,-0.787
-1.501,-1.001
-1.559,-1.385
-1.547,1.028
-1.584,-0.242
-1.574,0.232
-1.604,-2.278
-1.622,-0.032
-1.727,-0.218
-1.761,0.098
-1.745,0.391
-1.809,-0.619
-1.945,-2.091
-2.014,-1.181
-2.051,-0.988
-1.991,-0.81
-2.013,-1.079
-2.08,-2.2
-2.107,0.161
-2.112,0.269
-2.191,-0.617
-2.161,0.066
-2.239,1.436
-2.185,-0.478
-2.165,0.533
-2.244,-0.158
-2.205,-2.3
-2.25,-0.812
-2.192,-1.876
-2.231,-0.972
-2.342,-1.174
-2.349,-0.792
-2.417,-0.845
-2.364,-1.264
-2.391,-0.641
-2.444,-0.277
-2.412,-0.871
-2.395,-0.243
-2.413,-2.159
-2.428,-1.153
-2.456,0.346
-2.456,-0.583
-2.454,-0.093
-2.491,0.393
-2.495,1.391
-2.524,-2.238
3.063,-2.355
3.015,-2.292
2.131,-2.433
1.78,-2.394
1.099,-2.526
1.116,-2.387
0.596,-2.629
0.586,-2.373
0.556,-2.424
-0.53,-2.621
-1.071,-2.382
-1.268,-2.602
-1.83,-2.455
-2.238,-2.757
-2.605,2.007
-2.644,1.899
-2.827,1.732
3.017,1.786
3.027,2.052
2.578,2.095
2.19,1.937
1.953,1.717
1.964,2.015
1.355,1.963
1.236,1.852
1.111,1.773
1.016,1.73
0.487,1.9
0.194,1.803
-0.017,1.96
-0.261,2.121
-0.342,1.833
-1.092,2.144
-1.333,1.693
-1.614,1.829
-2.036,1.855
-2.144,1.905
-2.133,1.783
-2.503,2.012
-2.809,1.635
-3.115,-0.993
3.076,-1.756
2.406,0.168
2.423,-2.136
1.98,-1.148
0.514,-1.983
0.033,0.014
-0.8,1.323
-1.094,0.599
-1.55,-1.27
-2.023,-1.609
-0.562,-2.537
-0.62,1.902
-2.469,1.669
-2.493,-0.528
-2.64,-0.846
-2.56,-0.985
-2.628,1.574
-2.741,-1.159
-2.87,1.171
-2.749,-2.102
-2.822,0.792
-2.844,-0.661
-2.846,0.68
-2.907,0.308
-2.999,0.783
-3.11,0.625
-3.019,-0.49
3.065,1.474
3.022,-0.624
2.962,-1.404
2.941,0.691
2.791,-2.323
2.731,-0.268
2.826,-0.418
2.716,-2.048
2.605,0.116
2.61,-0.273
2.296,0.364
2.409,1.362
2.287,-0.367
2.267,1.561
2.208,1.471
2.102,-0.698
2.034,0.286
2.017,-0.519
1.783,1.612
1.803,-2.208
1.789,-2.002
1.562,1.361
1.652,-1.748
1.454,-2.124
1.294,-0.153
1.297,-0.938
1.357,-1.157
1.345,-2.306
1.296,0.498
1.268,-1.206
1.123,-0.793
1.125,1.487
1.17,-1.254
0.719,-1.804
0.848,-1.236
0.743,-0.022
0.747,-1.017
0.621,-1.956
0.714,1.2
0.631,-0.775
0.592,1.027
0.413,-0.341
0.37,-0.359
0.37,1.495
0.433,0.87
0.282,-1.19
0.277,-1.205
0.41,-1.645
0.253,-0.488
0.361,1.601
0.347,0.46
0.212,-1.851
0.328,0.365
0.311,0.537
0.323,-1.25
0.223,-1.099
0.114,0.002
0.044,0.767
0.121,-2.294
0.11,0.089
-0.012,1.648
-0.059,-0.282
0.052,-2.009
-0.026,-0.479
-0.088,-0.759
-0.275,1.313
-0.24,-2.178
-0.271,1.026
-0.405,-1.712
-0.308,-1.013
-0.42,0.428
-0.347,-1.995
-0.52,0.007
-0.56,-2.135
-0.442,0.496
-0.578,-2.087
-0.64,-2.063
-0.776,0.047
-0.664,-0.922
-0.787,-2.186
-0.74,-2.338
-0.744,-2.061
-0.782,-0.986
-0.946,0.608
-1.117,1.302
-1.228,-0.595
-1.246,-0.871
-1.252,-0.827
-1.25,0.117
-1.256,0.064
-1.278,-0.001
-1.385,-0.169
-1.417,-1.57
-1.452,-0.077
-1.515,-1.658
-1.557,-0.861
-1.615,-0.36
-1.926,-1.029
-1.821,-0.994
-2.092,-0.916
-1.97,-0.582
-2.021,-1.201
-2.144,-2.191
-2.337,1.465
-2.213,-0.308
-2.361,-0.084
-2.371,-2.019
-2.289,1.132
-2.456,-1.492
-2.459,0.573
-2.472,1.177
-2.569,-0.26
-2.478,-0.667
-2.766,-2.544
3.047,-2.313
2.814,-2.595
2.499,-2.651
2.381,-2.6
1.971,-2.396
1.336,-2.663
0.859,-2.607
0.665,-2.458
-0.999,-2.272
-1.199,-2.559
-1.236,-2.668
-1.528,-2.501
-1.471,-2.476
-2.574,-2.503
-2.758,1.678
-2.83,1.78
3.027,1.965
2.567,1.885
1.442,1.982
1.073,1.679
1.21,1.685
0.852,1.722
0.975,1.803
0.74,2.02
0.573,1.993
0.451,1.72
0.061,1.838
-0.084,1.755
0.031,2.118
0.038,1.836
-0.446,1.999
-0.778,2.147
-1.041,2.07
-1.473,1.93
-1.932,1.899
-2.038,1.945
-2.077,1.907
0.779,-0.462
0.331,-1.06
-0.902,-2.227
-1.164,-0.909
-1.499,-0.224
1.535,0.323
0.063,1.067
-2.018,0.02
-2.039,-0.181
-2.095,0.163
-2.317,-1.3
-3.025,0.664
2.278,-0.96
2.183,-0.672
2.034,-0.163
2.299,-2.532
0.279,-2.056
0.06,1.787
-1.705,1.363
-1.793,1.596
-2.021,1.523
-1.946,1.342
-1.047,1.507
-0.577,1.954
-0.026,-0.378
-0.095,-2.504
-0.091,-2.713
-0.1,-0.439
-0.147,0.054
-0.188,0.589
-0.124,-0.647
-0.187,-2.096
-0.202,-0.276
-0.296,1.041
-0.31,-1.375
-0.371,-1.062
-0.432,-1.098
-0.44,-1.583
-0.402,-0.507
-0.47,-0.826
-0.405,0.738
-0.447,0.417
-0.497,-2.655
-0.576,0.557
-0.64,-1.955
-0.631,-0.76
-0.599,0.199
-0.666,-1.212
-0.817,1.107
-0.899,-1.826
-0.915,-2.617
-0.924,0.69
-0.937,-2.434
-1.02,-1.922
-1.116,-0.737
-1.085,-0.615
-1.176,-0.796
-1.146,0.999
-1.203,-0.499
-1.275,-1.265
-1.285,0.286
-1.299,-1.348
-1.373,0.391
-1.321,-0.01
-1.404,-0.211
-1.423,-1.315
-1.435,-0.586
-1.398,-1.101
-1.436,-1.261
-1.453,-1.475
-1.511,-1.859
-1.499,0.554
-1.536,-0.716
-1.526,-0.242
-1.556,-2.752
-1.574,-0.506
-1.679,-0.692
-1.713,-0.376
-1.697,-0.083
-1.761,-1.093
-1.897,-2.565
-1.966,-1.655
-2.003,-1.462
-1.943,-1.284
-1.965,-1.553
-2.032,-2.674
-2.059,-0.313
-2.064,-0.205
-2.143,-1.091
-2.113,-0.408
-2.191,0.962
-2.137,-0.952
-2.117,0.059
-2.196,-0.632
-2.157,-2.774
-2.202,-1.286
-2.144,-2.35
-2.183,-1.446
-2.294,-1.648
-2.301,-1.266
-2.369,-1.319
-2.316,-1.738
-2.343,-1.115
-2.396,-0.751
-2.364,-1.345
-2.347,-0.717
-2.365,-2.633
-2.38,-1.627
-2.408,-0.128
-2.408,-1.057
-2.406,-0.567
-2.443,-0.081
-2.447,0.917
-2.476,-2.712
3.111,-2.829
3.063,-2.766
2.179,-2.907
1.828,-2.868
1.147,-3.0
1.164,-2.861
0.644,-3.103
0.634,-2.847
0.604,-2.898
-0.482,-3.095
-1.023,-2.856
-1.22,-3.076
-1.782,-2.929
-2.19,-3.231
-2.557,1.533
-2.596,1.425
-2.779,1.258
3.065,1.312
3.075,1.578
2.626,1.621
2.238,1.463
2.001,1.243
2.012,1.541
1.403,1.489
1.284,1.378
1.159,1.299
1.064,1.256
0.535,1.426
0.242,1.329
0.031,1.486
-0.213,1.647
-0.294,1.359
-1.044,1.67
-1.285,1.219
-1.566,1.355
-1.988,1.381
-2.096,1.431
-2.085,1.309
-2.455,1.538
-2.761,1.161
-3.067,-1.467
3.124,-2.23
2.454,-0.306
2.471,-2.61
2.028,-1.622
0.562,-2.457
0.081,-0.46
-0.752,0.849
-1.046,0.125
-1.502,-1.744
-1.975,-2.083
-0.514,-3.011
-0.572,1.428
-2.421,1.195
-2.445,-1.002
-2.592,-1.32
-2.512,-1.459
-2.58,1.1
-2.693,-1.633
-2.822,0.697
-2.701,-2.576
-2.774,0.318
-2.796,-1.135
-2.798,0.206
-2.859,-0.166
-2.951,0.309
-3.062,0.151
-2.971,-0.964
3.113,1.0
3.07,-1.098
3.01,-1.878
2.989,0.217
2.839,-2.797
2.779,-0.742
2.874,-0.892
2.764,-2.522
2.653,-0.358
2.658,-0.747
2.344,-0.11
2.457,0.888
2.335,-0.841
2.315,1.087
2.256,0.997
2.15,-1.172
2.082,-0.188
2.065,-0.993
1.831,1.138
1.851,-2.682
1.837,-2.476
1.61,0.887
1.7,-2.222
1.502,-2.598
1.342,-0.627
1.345,-1.412
1.405,-1.631
1.393,-2.78
1.344,0.024
1.316,-1.68
1.171,-1.267
1.173,1.013
1.218,-1.728
0.767,-2.278
0.896,-1.71
0.791,-0.496
0.795,-1.491
0.669,-2.43
0.762,0.726
0.679,-1.249
0.64,0.553
0.461,-0.815
0.418,-0.833
0.418,1.021
0.481,0.396
0.33,-1.664
0.325,-1.679
0.458,-2.119
0.301,-0.962
0.409,1.127
0.395,-0.014
0.26,-2.325
0.376,-0.109
0.359,0.063
0.371,-1.724
0.271,-1.573
0.162,-0.472
0.092,0.293
0.169,-2.768
0.158,-0.385
0.036,1.174
-0.011,-0.756
0.1,-2.483
0.022,-0.953
-0.04,-1.233
-0.227,0.839
-0.192,-2.652
-0.223,0.552
-0.357,-2.186
-0.26,-1.487
-0.372,-0.046
-0.299,-2.469
-0.472,-0.467
-0.512,-2.609
-0.394,0.022
-0.53,-2.561
-0.592,-2.537
-0.728,-0.427
-0.616,-1.396
-0.739,-2.66
-0.692,-2.812
-0.696,-2.535
-0.734,-1.46
-0.898,0.134
-1.069,0.828
-1.18,-1.069
-1.198,-1.345
-1.204,-1.301
-1.202,-0.357
-1.208,-0.41
-1.23,-0.475
-1.337,-0.643
-1.369,-2.044
-1.404,-0.551
-1.467,-2.132
-1.509,-1.335
-1.567,-0.834
-1.878,-1.503
-1.773,-1.468
-2.044,-1.39
-1.922,-1.056
-1.973,-1.675
-2.096,-2.665
-2.289,0.991
-2.165,-0.782
-2.313,-0.558
-2.323,-2.493
-2.241,0.658
-2.408,-1.966
-2.411,0.099
-2.424,0.703
-2.521,-0.734
-2.43,-1.141
-2.718,-3.018
3.095,-2.787
2.862,-3.069
2.547,-3.125
2.429,-3.074
2.019,-2.87
1.384,-3.137
0.907,-3.081
0.713,-2.932
-0.951,-2.746
-1.151,-3.033
-1.188,-3.142
-1.48,-2.975
-1.423,-2.95
-2.526,-2.977
-2.71,1.204
-2.782,1.306
3.075,1.491
2.615,1.411
1.49,1.508
1.121,1.205
1.258,1.211
0.9,1.248
1.023,1.329
0.788,1.546
0.621,1.519
0.499,1.246
0.109,1.364
-0.036,1.281
0.079,1.644
0.086,1.362
-0.398,1.525
-0.73,1.673
-0.993,1.596
-1.425,1.456
-1.884,1.425
-1.99,1.471
-2.029,1.433
0.827,-0.936
0.379,-1.534
-0.854,-2.701
-1.116,-1.383
-1.451,-0.698
1.583,-0.151
0.111,0.593
-1.97,-0.454
-1.991,-0.655
-2.047,-0.311
-2.269,-1.774
-2.977,0.19
2.326,-1.434
2.231,-1.146
2.082,-0.637
2.347,-3.006
0.327,-2.53
0.108,1.313
-1.657,0.889
-1.745,1.122
-1.973,1.049
-1.898,0.868
-0.999,1.033
-0.529,1.48
-0.069,-2.126
-0.065,-2.335
-0.074,-0.061
-0.121,0.432
-0.162,0.967
-0.098,-0.269
-0.161,-1.718
-0.176,0.102
-0.27,1.419
-0.284,-0.997
-0.345,-0.684
-0.406,-0.72
-0.414,-1.205
-0.376,-0.129
-0.444,-0.448
-0.379,1.116
-0.421,0.795
-0.471,-2.277
-0.55,0.935
-0.614,-1.577
-0.605,-0.382
-0.573,0.577
-0.64,-0.834
-0.791,1.485
-0.873,-1.448
-0.889,-2.239
-0.898,1.068
-0.911,-2.056
-0.994,-1.544
-1.09,-0.359
-1.059,-0.237
-1.15,-0.418
-1.12,1.377
-1.177,-0.121
-1.249,-0.887
-1.259,0.664
-1.273,-0.97
-1.347,0.769
-1.295,0.368
-1.378,0.167
-1.397,-0.937
-1.409,-0.208
-1.372,-0.723
-1.41,-0.883
-1.427,-1.097
-1.485,-1.481
-1.473,0.932
-1.51,-0.338
-1.5,0.136
-1.53,-2.374
-1.548,-0.128
-1.653,-0.314
-1.687,0.002
-1.671,0.295
-1.735,-0.715
-1.871,-2.187
-1.94,-1.277
-1.977,-1.084
-1.917,-0.906
-1.939,-1.175
-2.006,-2.296
-2.033,0.065
-2.038,0.173
-2.117,-0.713
-2.087,-0.03
-2.165,1.34
-2.111,-0.574
-2.091,0.437
-2.17,-0.254
-2.131,-2.396
-2.176,-0.908
-2.118,-1.972
-2.157,-1.068
-2.268,-1.27
-2.275,-0.888
-2.343,-0.941
-2.29,-1.36
-2.317,-0.737
-2.37,-0.373
-2.338,-0.967
-2.321,-0.339
-2.339,-2.255
-2.354,-1.249
-2.382,0.25
-2.382,-0.679
-2.38,-0.189
-2.417,0.297
-2.421,1.295
-2.45,-2.334
3.137,-2.451
3.089,-2.388
2.205,-2.529
1.854,-2.49
1.173,-2.622
1.19,-2.483
0.67,-2.725
0.66,-2.469
0.63,-2.52
-0.456,-2.717
-0.997,-2.478
-1.194,-2.698
-1.756,-2.551
-2.164,-2.853
-2.531,1.911
-2.57,1.803
-2.753,1.636
3.091,1.69
3.101,1.956
2.652,1.999
2.264,1.841
2.027,1.621
2.038,1.919
1.429,1.867
1.31,1.756
1.185,1.677
1.09,1.634
0.561,1.804
0.268,1.707
0.057,1.864
-0.187,2.025
-0.268,1.737
-1.018,2.048
-1.259,1.597
-1.54,1.733
-1.962,1.759
-2.07,1.809
-2.059,1.687
-2.429,1.916
-2.735,1.539
-3.041,-1.089
-3.133,-1.852
2.48,0.072
2.497,-2.232
2.054,-1.244
0.588,-2.079
0.107,-0.082
-0.726,1.227
-1.02,0.503
-1.476,-1.366
-1.949,-1.705
-0.488,-2.633
-0.546,1.806
-2.395,1.573
-2.419,-0.624
-2.566,-0.942
-2.486,-1.081
-2.554,1.478
-2.667,-1.255
-2.796,1.075
-2.675,-2.198
-2.748,0.696
-2.77,-0.757
-2.772,0.584
-2.833,0.212
-2.925,0.687
-3.036,0.529
-2.945,-0.586
3.139,1.378
3.096,-0.72
3.036,-1.5
3.015,0.595
2.865,-2.419
2.805,-0.364
2.9,-0.514
2.79,-2.144
2.679,0.02
2.684,-0.369
2.37,0.268
2.483,1.266
2.361,-0.463
2.341,1.465
2.282,1.375
2.176,-0.794
2.108,0.19
2.091,-0.615
1.857,1.516
1.877,-2.304
1.863,-2.098
1.636,1.265
1.726,-1.844
1.528,-2.22
1.368,-0.249
1.371,-1.034
1.431,-1.253
1.419,-2.402
1.37,0.402
1.342,-1.302
1.197,-0.889
1.199,1.391
1.244,-1.35
0.793,-1.9
0.922,-1.332
0.817,-0.118
0.821,-1.113
0.695,-2.052
0.788,1.104
0.705,-0.871
0.666,0.931
0.487,-0.437
0.444,-0.455
0.444,1.399
0.507,0.774
0.356,-1.286
0.351,-1.301
0.484,-1.741
0.327,-0.584
0.435,1.505
0.421,0.364
0.286,-1.947
0.402,0.269
0.385,0.441
0.397,-1.346
0.297,-1.195
0.188,-0.094
0.118,0.671
0.195,-2.39
0.184,-0.007
0.062,1.552
0.015,-0.378
0.126,-2.105
0.048,-0.575
-0.014,-0.855
-0.201,1.217
-0.166,-2.274
-0.197,0.93
-0.331,-1.808
-0.234,-1.109
-0.346,0.332
-0.273,-2.091
-0.446,-0.089
-0.486,-2.231
-0.368,0.4
-0.504,-2.183
-0.566,-2.159
-0.702,-0.049
-0.59,-1.018
-0.713,-2.282
-0.666,-2.434
-0.67,-2.157
-0.708,-1.082
-0.872,0.512
-1.043,1.206
-1.154,-0.691
-1.172,-0.967
-1.178,-0.923
-1.176,0.021
-1.182,-0.032
-1.204,-0.097
-1.311,-0.265
-1.343,-1.666
-1.378,-0.173
-1.441,-1.754
-1.483,-0.957
-1.541,-0.456
-1.852,-1.125
-1.747,-1.09
-2.018,-1.012
-1.896,-0.678
-1.947,-1.297
-2.07,-2.287
-2.263,1.369
-2.139,-0.404
-2.287,-0.18
-2.297,-2.115
-2.215,1.036
-2.382,-1.588
-2.385,0.477
-2.398,1.081
-2.495,-0.356
-2.404,-0.763
-2.692,-2.64
3.121,-2.409
2.888,-2.691
2.573,-2.747
2.455,-2.696
2.045,-2.492
1.41,-2.759
0.933,-2.703
0.739,-2.554
-0.925,-2.368
-1.125,-2.655
-1.162,-2.764
-1.454,-2.597
-1.397,-2.572
-2.5,-2.599
-2.684,1.582
-2.756,1.684
3.101,1.869
2.641,1.789
1.516,1.886
1.147,1.583
1.284,1.589
0.926,1.626
1.049,1.707
0.814,1.924
0.647,1.897
0.525,1.624
0.135,1.742
-0.01,1.659
0.105,2.022
0.112,1.74
-0.372,1.903
-0.704,2.051
-0.967,1.974
-1.399,1.834
-1.858,1.803
-1.964,1.849
-2.003,1.811
0.853,-0.558
0.405,-1.156
-0.828,-2.323
-1.09,-1.005
-1.425,-0.32
1.609,0.227
0.137,0.971
-1.944,-0.076
-1.965,-0.277
-2.021,0.067
-2.243,-1.396
-2.951,0.568
2.352,-1.056
2.257,-0.768
2.108,-0.259
2.373,-2.628
0.353,-2.152
0.134,1.691
-1.631,1.267
-1.719,1.5
-1.947,1.427
-1.872,1.246
-0.973,1.411
-0.503,1.858
0.004,-0.209
-0.005,2.065
-0.052,2.558
-0.093,3.093
-0.029,1.857
-0.092,0.408
-0.107,2.228
-0.201,3.545
-0.215,1.129
-0.276,1.442
-0.337,1.406
-0.345,0.921
-0.307,1.997
-0.375,1.678
-0.31,3.242
-0.352,2.921
-0.402,-0.151
-0.481,3.061
-0.545,0.549
-0.536,1.744
-0.504,2.703
-0.571,1.292
-0.722,3.611
-0.804,0.678
-0.82,-0.113
-0.829,3.194
-0.842,0.07
-0.925,0.582
-1.021,1.767
-0.99,1.889
-1.081,1.708
-1.051,3.503
-1.108,2.005
-1.18,1.239
-1.19,2.79
-1.204,1.156
-1.278,2.895
-1.226,2.494
-1.309,2.293
-1.328,1.189
-1.34,1.918
-1.303,1.403
-1.341,1.243
-1.358,1.029
-1.416,0.645
-1.404,3.058
-1.441,1.788
-1.431,2.262
-1.461,-0.248
-1.479,1.998
-1.584,1.812
-1.618,2.128
-1.602,2.421
-1.666,1.411
-1.802,-0.061
-1.871,0.849
-1.908,1.042
-1.848,1.22
-1.87,0.951
-1.937,-0.17
-1.964,2.191
-1.969,2.299
-2.048,1.413
-2.018,2.096
-2.096,3.466
-2.042,1.552
-2.022,2.563
-2.101,1.872
-2.062,-0.27
-2.107,1.218
-2.049,0.154
-2.088,1.058
-2.199,0.856
-2.206,1.238
-2.274,1.185
-2.221,0.766
-2.248,1.389
-2.301,1.753
-2.269,1.159
-2.252,1.787
-2.27,-0.129
-2.285,0.877
-2.313,2.376
-2.313,1.447
-2.311,1.937
-2.348,2.423
-2.352,3.421
-2.381,-0.208
-3.077,-0.325
-3.125,-0.262
2.274,-0.403
1.923,-0.364
1.242,-0.496
1.259,-0.357
0.739,-0.599
0.729,-0.343
0.699,-0.394
-0.387,-0.591
-0.928,-0.352
-1.125,-0.572
-1.687,-0.425
-2.095,-0.727
-2.462,4.037
-2.501,3.929
-2.684,3.762
-3.123,3.816
-3.113,4.082
2.721,4.125
2.333,3.967
2.096,3.747
2.107,4.045
1.498,3.993
1.379,3.882
1.254,3.803
1.159,3.76
0.63,3.93
0.337,3.833
0.126,3.99
-0.118,4.151
-0.199,3.863
-0.949,4.174
-1.19,3.723
-1.471,3.859
-1.893,3.885
-2.001,3.935
-1.99,3.813
-2.36,4.042
-2.666,3.665
-2.972,1.037
-3.064,0.274
2.549,2.198
2.566,-0.106
2.123,0.882
0.657,0.047
0.176,2.044
-0.657,3.353
-0.951,2.629
-1.407,0.76
-1.88,0.421
-0.419,-0.507
-0.477,3.932
-2.326,3.699
-2.35,1.502
-2.497,1.184
-2.417,1.045
-2.485,3.604
-2.598,0.871
-2.727,3.201
-2.606,-0.072
-2.679,2.822
-2.701,1.369
-2.703,2.71
-2.764,2.338
-2.856,2.813
-2.967,2.655
-2.876,1.54
-3.075,3.504
-3.118,1.406
3.105,0.626
3.084,2.721
2.934,-0.293
2.874,1.762
2.969,1.612
2.859,-0.018
2.748,2.146
2.753,1.757
2.439,2.394
2.552,3.392
2.43,1.663
2.41,3.591
2.351,3.501
2.245,1.332
2.177,2.316
2.16,1.511
1.926,3.642
1.946,-0.178
1.932,0.028
1.705,3.391
1.795,0.282
1.597,-0.094
1.437,1.877
1.44,1.092
1.5,0.873
1.488,-0.276
1.439,2.528
1.411,0.824
1.266,1.237
1.268,3.517
1.313,0.776
0.862,0.226
0.991,0.794
0.886,2.008
0.89,1.013
0.764,0.074
0.857,3.23
0.774,1.255
0.735,3.057
0.556,1.689
0.513,1.671
0.513,3.525
0.576,2.9
0.425,0.84
0.42,0.825
0.553,0.385
0.396,1.542
0.504,3.631
0.49,2.49
0.355,0.179
0.471,2.395
0.454,2.567
0.466,0.78
0.366,0.931
0.257,2.032
0.187,2.797
0.264,-0.264
0.253,2.119
0.131,3.678
0.084,1.748
0.195,0.021
0.117,1.551
0.055,1.271
-0.132,3.343
-0.097,-0.148
-0.128,3.056
-0.262,0.318
-0.165,1.017
-0.277,2.458
-0.204,0.035
-0.377,2.037
-0.417,-0.105
-0.299,2.526
-0.435,-0.057
-0.497,-0.033
-0.633,2.077
-0.521,1.108
-0.644,-0.156
-0.597,-0.308
-0.601,-0.031
-0.639,1.044
-0.803,2.638
-0.974,3.332
-1.085,1.435
-1.103,1.159
-1.109,1.203
-1.107,2.147
-1.113,2.094
-1.135,2.029
-1.242,1.861
-1.274,0.46
-1.309,1.953
-1.372,0.372
-1.414,1.169
-1.472,1.67
-1.783,1.001
-1.678,1.036
-1.949,1.114
-1.827,1.448
-1.878,0.829
-2.001,-0.161
-2.194,3.495
-2.07,1.722
-2.218,1.946
-2.228,0.011
-2.146,3.162
-2.313,0.538
-2.316,2.603
-2.329,3.207
-2.426,1.77
-2.335,1.363
-2.623,-0.514
-3.093,-0.283
2.957,-0.565
2.642,-0.621
2.524,-0.57
2.114,-0.366
1.479,-0.633
1.002,-0.577
0.808,-0.428
-0.856,-0.242
-1.056,-0.529
-1.093,-0.638
-1.385,-0.471
-1.328,-0.446
-2.431,-0.473
-2.615,3.708
-2.687,3.81
-3.113,3.995
2.71,3.915
1.585,4.012
1.216,3.709
1.353,3.715
0.995,3.752
1.118,3.833
0.883,4.05
0.716,4.023
0.594,3.75
0.204,3.868
0.059,3.785
0.174,4.148
0.181,3.866
-0.303,4.029
-0.635,4.177
-0.898,4.1
-1.33,3.96
-1.789,3.929
-1.895,3.975
-1.934,3.937
0.922,1.568
0.474,0.97
-0.759,-0.197
-1.021,1.121
-1.356,1.806
1.678,2.353
0.206,3.097
-1.875,2.05
-1.896,1.849
-1.952,2.193
-2.174,0.73
-2.882,2.694
2.421,1.07
2.326,1.358
2.177,1.867
2.442,-0.502
0.422,-0.026
0.203,3.817
-1.562,3.393
-1.65,3.626
-1.878,3.553
-1.803,3.372
-0.904,3.537
-0.434,3.984
-0.009,2.274
-0.056,2.767
-0.097,3.302
-0.033,2.066
-0.096,0.617
-0.111,2.437
-0.205,3.754
-0.219,1.338
-0.28,1.651
-0.341,1.615
-0.349,1.13
-0.311,2.206
-0.379,1.887
-0.314,3.451
-0.356,3.13
-0.406,0.058
-0.485,3.27
-0.549,0.758
-0.54,1.953
-0.508,2.912
-0.575,1.501
-0.726,3.82
-0.808,0.887
-0.824,0.096
-0.833,3.403
-0.846,0.279
-0.929,0.791
-1.025,1.976
-0.994,2.098
-1.085,1.917
-1.055,3.712
-1.112,2.214
-1.184,1.448
-1.194,2.999
-1.208,1.365
-1.282,3.104
-1.23,2.703
-1.313,2.502
-1.332,1.398
-1.344,2.127
-1.307,1.612
-1.345,1.452
-1.362,1.238
-1.42,0.854
-1.408,3.267
-1.445,1.997
-1.435,2.471
-1.465,-0.039
-1.483,2.207
-1.588,2.021
-1.622,2.337
-1.606,2.63
-1.67,1.62
-1.806,0.148
-1.875,1.058
-1.912,1.251
-1.852,1.429
-1.874,1.16
-1.941,0.039
-1.968,2.4
-1.973,2.508
-2.052,1.622
-2.022,2.305
-2.1,3.675
-2.046,1.761
-2.026,2.772
-2.105,2.081
-2.066,-0.061
-2.111,1.427
-2.053,0.363
-2.092,1.267
-2.203,1.065
-2.21,1.447
-2.278,1.394
-2.225,0.975
-2.252,1.598
-2.305,1.962
-2.273,1.368
-2.256,1.996
-2.274,0.08
-2.289,1.086
-2.317,2.585
-2.317,1.656
-2.315,2.146
-2.352,2.632
-2.356,3.63
-2.385,0.001
-3.081,-0.116
-3.129,-0.053
2.27,-0.194
1.919,-0.155
1.238,-0.287
1.255,-0.148
0.735,-0.39
0.725,-0.134
0.695,-0.185
-0.391,-0.382
-0.932,-0.143
-1.129,-0.363
-1.691,-0.216
-2.099,-0.518
-2.466,4.246
-2.505,4.138
-2.688,3.971
-3.127,4.025
-3.117,4.291
2.717,4.334
2.329,4.176
2.092,3.956
2.103,4.254
1.494,4.202
1.375,4.091
1.25,4.012
1.155,3.969
0.626,4.139
0.333,4.042
0.122,4.199
-0.122,4.36
-0.203,4.072
-0.953,4.383
-1.194,3.932
-1.475,4.068
-1.897,4.094
-2.005,4.144
-1.994,4.022
-2.364,4.251
-2.67,3.874
-2.976,1.246
-3.068,0.483
2.545,2.407
2.562,0.103
2.119,1.091
0.653,0.256
0.172,2.253
-0.661,3.562
-0.955,2.838
-1.411,0.969
-1.884,0.63
-0.423,-0.298
-0.481,4.141
-2.33,3.908
-2.354,1.711
-2.501,1.393
-2.421,1.254
-2.489,3.813
-2.602,1.08
-2.731,3.41
-2.61,0.137
-2.683,3.031
-2.705,1.578
-2.707,2.919
-2.768,2.547
-2.86,3.022
-2.971,2.864
-2.88,1.749
-3.079,3.713
-3.122,1.615
3.101,0.835
3.08,2.93
2.93,-0.084
2.87,1.971
2.965,1.821
2.855,0.191
2.744,2.355
2.749,1.966
2.435,2.603
2.548,3.601
2.426,1.872
2.406,3.8
2.347,3.71
2.241,1.541
2.173,2.525
2.156,1.72
1.922,3.851
1.942,0.031
1.928,0.237
1.701,3.6
1.791,0.491
1.593,0.115
1.433,2.086
1.436,1.301
1.496,1.082
1.484,-0.067
1.435,2.737
1.407,1.033
1.262,1.446
1.264,3.726
1.309,0.985
0.858,0.435
0.987,1.003
0.882,2.217
0.886,1.222
0.76,0.283
0.853,3.439
0.77,1.464
0.731,3.266
0.552,1.898
0.509,1.88
0.509,3.734
0.572,3.109
0.421,1.049
0.416,1.034
0.549,0.594
0.392,1.751
0.5,3.84
0.486,2.699
0.351,0.388
0.467,2.604
0.45,2.776
0.462,0.989
0.362,1.14
0.253,2.241
0.183,3.006
0.26,-0.055
0.249,2.328
0.127,3.887
0.08,1.957
0.191,0.23
0.113,1.76
0.051,1.48
-0.136,3.552
-0.101,0.061
-0.132,3.265
-0.266,0.527
-0.169,1.226
-0.281,2.667
-0.208,0.244
-0.381,2.246
-0.421,0.104
-0.303,2.735
-0.439,0.152
-0.501,0.176
-0.637,2.286
-0.525,1.317
-0.648,0.053
-0.601,-0.099
-0.605,0.178
-0.643,1.253
-0.807,2.847
-0.978,3.541
-1.089,1.644
-1.107,1.368
-1.113,1.412
-1.111,2.356
-1.117,2.303
-1.139,2.238
-1.246,2.07
-1.278,0.669
-1.313,2.162
-1.376,0.581
-1.418,1.378
-1.476,1.879
-1.787,1.21
-1.682,1.245
-1.953,1.323
-1.831,1.657
-1.882,1.038
-2.005,0.048
-2.198,3.704
-2.074,1.931
-2.222,2.155
-2.232,0.22
-2.15,3.371
-2.317,0.747
-2.32,2.812
-2.333,3.416
-2.43,1.979
-2.339,1.572
-2.627,-0.305
-3.097,-0.074
2.953,-0.356
2.638,-0.412
2.52,-0.361
2.11,-0.157
1.475,-0.424
0.998,-0.368
0.804,-0.219
-0.86,-0.033
-1.06,-0.32
-1.097,-0.429
-1.389,-0.262
-1.332,-0.237
-2.435,-0.264
-2.619,3.917
-2.691,4.019
-3.117,4.204
2.706,4.124
1.581,4.221
1.212,3.918
1.349,3.924
0.991,3.961
1.114,4.042
0.879,4.259
0.712,4.232
0.59,3.959
0.2,4.077
0.055,3.994
0.17,4.357
0.177,4.075
-0.307,4.238
-0.639,4.386
-0.902,4.309
-1.334,4.169
-1.793,4.138
-1.899,4.184
-1.938,4.146
0.918,1.777
0.47,1.179
-0.763,0.012
-1.025,1.33
-1.36,2.015
1.674,2.562
0.202,3.306
-1.879,2.259
-1.9,2.058
-1.956,2.402
-2.178,0.939
-2.886,2.903
2.417,1.279
2.322,1.567
2.173,2.076
2.438,-0.293
0.418,0.183
0.199,4.026
-1.566,3.602
-1.654,3.835
-1.882,3.762
-1.807,3.581
-0.908,3.746
-0.438,4.193
-0.047,0.493
-0.088,1.028
-0.024,-0.208
-0.087,-1.657
-0.102,0.163
-0.196,1.48
-0.21,-0.936
-0.271,-0.623
-0.332,-0.659
-0.34,-1.144
-0.302,-0.068
-0.37,-0.387
-0.305,1.177
-0.347,0.856
-0.397,-2.216
-0.476,0.996
-0.54,-1.516
-0.531,-0.321
-0.499,0.638
-0.566,-0.773
-0.717,1.546
-0.799,-1.387
-0.815,-2.178
-0.824,1.129
-0.837,-1.995
-0.92,-1.483
-1.016,-0.298
-0.985,-0.176
-1.076,-0.357
-1.046,1.438
-1.103,-0.06
-1.175,-0.826
-1.185,0.725
-1.199,-0.909
-1.273,0.83
-1.221,0.429
-1.304,0.228
-1.323,-0.876
-1.335,-0.147
-1.298,-0.662
-1.336,-0.822
-1.353,-1.036
-1.411,-1.42
-1.399,0.993
-1.436,-0.277
-1.426,0.197
-1.456,-2.313
-1.474,-0.067
-1.579,-0.253
-1.613,0.063
-1.597,0.356
-1.661,-0.654
-1.797,-2.126
-1.866,-1.216
-1.903,-1.023
-1.843,-0.845
-1.865,-1.114
-1.932,-2.235
-1.959,0.126
-1.964,0.234
-2.043,-0.652
-2.013,0.031
-2.091,1.401
-2.037,-0.513
-2.017,0.498
-2.096,-0.193
-2.057,-2.335
-2.102,-0.847
-2.044,-1.911
-2.083,-1.007
-2.194,-1.209
-2.201,-0.827
-2.269,-0.88
-2.216,-1.299
-2.243,-0.676
-2.296,-0.312
-2.264,-0.906
-2.247,-0.278
-2.265,-2.194
-2.28,-1.188
-2.308,0.311
-2.308,-0.618
-2.306,-0.128
-2.343,0.358
-2.347,1.356
-2.376,-2.273
-3.072,-2.39
-3.12,-2.327
2.279,-2.468
1.928,-2.429
1.247,-2.561
1.264,-2.422
0.744,-2.664
0.734,-2.408
0.704,-2.459
-0.382,-2.656
-0.923,-2.417
-1.12,-2.637
-1.682,-2.49
-2.09,-2.792
-2.457,1.972
-2.496,1.864
-2.679,1.697
-3.118,1.751
-3.108,2.017
2.726,2.06
2.338,1.902
2.101,1.682
2.112,1.98
1.503,1.928
1.384,1.817
1.259,1.738
1.164,1.695
0.635,1.865
0.342,1.768
0.131,1.925
-0.113,2.086
-0.194,1.798
-0.944,2.109
-1.185,1.658
-1.466,1.794
-1.888,1.82
-1.996,1.87
-1.985,1.748
-2.355,1.977
-2.661,1.6
-2.967,-1.028
-3.059,-1.791
2.554,0.133
2.571,-2.171
2.128,-1.183
0.662,-2.018
0.181,-0.021
-0.652,1.288
-0.946,0.564
-1.402,-1.305
-1.875,-1.644
-0.414,-2.572
-0.472,1.867
-2.321,1.634
-2.345,-0.563
-2.492,-0.881
-2.412,-1.02
-2.48,1.539
-2.593,-1.194
-2.722,1.136
-2.601,-2.137
-2.674,0.757
-2.696,-0.696
-2.698,0.645
-2.759,0.273
-2.851,0.748
-2.962,0.59
-2.871,-0.525
-3.07,1.439
-3.113,-0.659
3.11,-1.439
3.089,0.656
2.939,-2.358
2.879,-0.303
2.974,-0.453
2.864,-2.083
2.753,0.081
2.758,-0.308
2.444,0.329
2.557,1.327
2.435,-0.402
2.415,1.526
2.356,1.436
2.25,-0.733
2.182,0.251
2.165,-0.554
1.931,1.577
1.951,-2.243
1.937,-2.037
1.71,1.326
1.8,-1.783
1.602,-2.159
1.442,-0.188
1.445,-0.973
1.505,-1.192
1.493,-2.341
1.444,0.463
1.416,-1.241
1.271,-0.828
1.273,1.452
1.318,-1.289
0.867,-1.839
0.996,-1.271
0.891,-0.057
0.895,-1.052
0.769,-1.991
0.862,1.165
0.779,-0.81
0.74,0.992
0.561,-0.376
0.518,-0.394
0.518,1.46
0.581,0.835
0.43,-1.225
0.425,-1.24
0.558,-1.68
0.401,-0.523
0.509,1.566
0.495,0.425
0.36,-1.886
0.476,0.33
0.459,0.502
0.471,-1.285
0.371,-1.134
0.262,-0.033
0.192,0.732
0.269,-2.329
0.258,0.054
0.136,1.613
0.089,-0.317
0.2,-2.044
0.122,-0.514
0.06,-0.794
-0.127,1.278
-0.092,-2.213
-0.123,0.991
-0.257,-1.747
-0.16,-1.048
-0.272,0.393
-0.199,-2.03
-0.372,-0.028
-0.412,-2.17
-0.294,0.461
-0.43,-2.122
-0.492,-2.098
-0.628,0.012
-0.516,-0.957
-0.639,-2.221
-0.592,-2.373
-0.596,-2.096
-0.634,-1.021
-0.798,0.573
-0.969,1.267
-1.08,-0.63
-1.098,-0.906
-1.104,-0.862
-1.102,0.082
-1.108,0.029
-1.13,-0.036
-1.237,-0.204
-1.269,-1.605
-1.304,-0.112
-1.367,-1.693
-1.409,-0.896
-1.467,-0.395
-1.778,-1.064
-1.673,-1.029
-1.944,-0.951
-1.822,-0.617
-1.873,-1.236
-1.996,-2.226
-2.189,1.43
-2.065,-0.343
-2.213,-0.119
-2.223,-2.054
-2.141,1.097
-2.308,-1.527
-2.311,0.538
-2.324,1.142
-2.421,-0.295
-2.33,-0.702
-2.618,-2.579
-3.088,-2.348
2.962,-2.63
2.647,-2.686
2.529,-2.635
2.119,-2.431
1.484,-2.698
1.007,-2.642
0.813,-2.493
-0.851,-2.307
-1.051,-2.594
-1.088,-2.703
-1.38,-2.536
-1.323,-2.511
-2.426,-2.538
-2.61,1.643
-2.682,1.745
-3.108,1.93
2.715,1.85
1.59,1.947
1.221,1.644
1.358,1.65
1.0,1.687
1.123,1.768
0.888,1.985
0.721,1.958
0.599,1.685
0.209,1.803
0.064,1.72
0.179,2.083
0.186,1.801
-0.298,1.964
-0.63,2.112
-0.893,2.035
-1.325,1.895
-1.784,1.864
-1.89,1.91
-1.929,1.872
0.927,-0.497
0.479,-1.095
-0.754,-2.262
-1.016,-0.944
-1.351,-0.259
1.683,0.288
0.211,1.032
-1.87,-0.015
-1.891,-0.216
-1.947,0.128
-2.169,-1.335
-2.877,0.629
2.426,-0.995
2.331,-0.707
2.182,-0.198
2.447,-2.567
0.427,-2.091
0.208,1.752
-1.557,1.328
-1.645,1.561
-1.873,1.488
-1.798,1.307
-0.899,1.472
-0.429,1.919
-0.041,0.535
0.023,-0.701
-0.04,-2.15
-0.055,-0.33
-0.149,0.987
-0.163,-1.429
-0.224,-1.116
-0.285,-1.152
-0.293,-1.637
-0.255,-0.561
-0.323,-0.88
-0.258,0.684
-0.3,0.363
-0.35,-2.709
-0.429,0.503
-0.493,-2.009
-0.484,-0.814
-0.452,0.145
-0.519,-1.266
-0.67,1.053
-0.752,-1.88
-0.768,-2.671
-0.777,0.636
-0.79,-2.488
-0.873,-1.976
-0.969,-0.791
-0.938,-0.669
-1.029,-0.85
-0.999,0.945
-1.056,-0.553
-1.128,-1.319
-1.138,0.232
-1.152,-1.402
-1.226,0.337
-1.174,-0.064
-1.257,-0.265
-1.276,-1.369
-1.288,-0.64
-1.251,-1.155
-1.289,-1.315
-1.306,-1.529
-1.364,-1.913
-1.352,0.5
-1.389,-0.77
-1.379,-0.296
-1.409,-2.806
-1.427,-0.56
-1.532,-0.746
-1.566,-0.43
-1.55,-0.137
-1.614,-1.147
-1.75,-2.619
-1.819,-1.709
-1.856,-1.516
-1.796,-1.338
-1.818,-1.607
-1.885,-2.728
-1.912,-0.367
-1.917,-0.259
-1.996,-1.145
-1.966,-0.462
-2.044,0.908
-1.99,-1.006
-1.97,0.005
-2.049,-0.686
-2.01,-2.828
-2.055,-1.34
-1.997,-2.404
-2.036,-1.5
-2.147,-1.702
-2.154,-1.32
-2.222,-1.373
-2.169,-1.792
-2.196,-1.169
-2.249,-0.805
-2.217,-1.399
-2.2,-0.771
-2.218,-2.687
-2.233,-1.681
-2.261,-0.182
-2.261,-1.111
-2.259,-0.621
-2.296,-0.135
-2.3,0.863
-2.329,-2.766
-3.025,-2.883
-3.073,-2.82
2.326,-2.961
1.975,-2.922
1.294,-3.054
1.311,-2.915
0.791,-3.157
0.781,-2.901
0.751,-2.952
-0.335,-3.149
-0.876,-2.91
-1.073,-3.13
-1.635,-2.983
-2.043,-3.285
-2.41,1.479
-2.449,1.371
-2.632,1.204
-3.071,1.258
-3.061,1.524
2.773,1.567
2.385,1.409
2.148,1.189
2.159,1.487
1.55,1.435
1.431,1.324
1.306,1.245
1.211,1.202
0.682,1.372
0.389,1.275
0.178,1.432
-0.066,1.593
-0.147,1.305
-0.897,1.616
-1.138,1.165
-1.419,1.301
-1.841,1.327
-1.949,1.377
-1.938,1.255
-2.308,1.484
-2.614,1.107
-2.92,-1.521
-3.012,-2.284
2.601,-0.36
2.618,-2.664
2.175,-1.676
0.709,-2.511
0.228,-0.514
-0.605,0.795
-0.899,0.071
-1.355,-1.798
-1.828,-2.137
-0.367,-3.065
-0.425,1.374
-2.274,1.141
-2.298,-1.056
-2.445,-1.374
-2.365,-1.513
-2.433,1.046
-2.546,-1.687
-2.675,0.643
-2.554,-2.63
-2.627,0.264
-2.649,-1.189
-2.651,0.152
-2.712,-0.22
-2.804,0.255
-2.915,0.097
-2.824,-1.018
-3.023,0.946
-3.066,-1.152
-3.126,-1.932
3.136,0.163
2.986,-2.851
2.926,-0.796
3.021,-0.946
2.911,-2.576
2.8,-0.412
2.805,-0.801
2.491,-0.164
2.604,0.834
2.482,-0.895
2.462,1.033
2.403,0.943
2.297,-1.226
2.229,-0.242
2.212,-1.047
1.978,1.084
1.998,-2.736
1.984,-2.53
1.757,0.833
1.847,-2.276
1.649,-2.652
1.489,-0.681
1.492,-1.466
1.552,-1.685
1.54,-2.834
1.491,-0.03
1.463,-1.734
1.318,-1.321
1.32,0.959
1.365,-1.782
0.914,-2.332
1.043,-1.764
0.938,-0.55
0.942,-1.545
0.816,-2.484
0.909,0.672
0.826,-1.303
0.787,0.499
0.608,-0.869
0.565,-0.887
0.565,0.967
0.628,0.342
0.477,-1.718
0.472,-1.733
0.605,-2.173
0.448,-1.016
0.556,1.073
0.542,-0.068
0.407,-2.379
0.523,-0.163
0.506,0.009
0.518,-1.778
0.418,-1.627
0.309,-0.526
0.239,0.239
0.316,-2.822
0.305,-0.439
0.183,1.12
0.136,-0.81
0.247,-2.537
0.169,-1.007
0.107,-1.287
-0.08,0.785
-0.045,-2.706
-0.076,0.498
-0.21,-2.24
-0.113,-1.541
-0.225,-0.1
-0.152,-2.523
-0.325,-0.521
-0.365,-2.663
-0.247,-0.032
-0.383,-2.615
-0.445,-2.591
-0.581,-0.481
-0.469,-1.45
-0.592,-2.714
-0.545,-2.866
-0.549,-2.589
-0.587,-1.514
-0.751,0.08
-0.922,0.774
-1.033,-1.123
-1.051,-1.399
-1.057,-1.355
-1.055,-0.411
-1.061,-0.464
-1.083,-0.529
-1.19,-0.697
-1.222,-2.098
-1.257,-0.605
-1.32,-2.186
-1.362,-1.389
-1.42,-0.888
-1.731,-1.557
-1.626,-1.522
-1.897,-1.444
-1.775,-1.11
-1.826,-1.729
-1.949,-2.719
-2.142,0.937
-2.018,-0.836
-2.166,-0.612
-2.176,-2.547
-2.094,0.604
-2.261,-2.02
-2.264,0.045
-2.277,0.649
-2.374,-0.788
-2.283,-1.195
-2.571,-3.072
-3.041,-2.841
3.009,-3.123
2.694,-3.179
2.576,-3.128
2.166,-2.924
1.531,-3.191
1.054,-3.135
0.86,-2.986
-0.804,-2.8
-1.004,-3.087
-1.041,-3.196
-1.333,-3.029
-1.276,-3.004
-2.379,-3.031
-2.563,1.15
-2.635,1.252
-3.061,1.437
2.762,1.357
1.637,1.454
1.268,1.151
1.405,1.157
1.047,1.194
1.17,1.275
0.935,1.492
0.768,1.465
0.646,1.192
0.256,1.31
0.111,1.227
0.226,1.59
0.233,1.308
-0.251,1.471
-0.583,1.619
-0.846,1.542
-1.278,1.402
-1.737,1.371
-1.843,1.417
-1.882,1.379
0.974,-0.99
0.526,-1.588
-0.707,-2.755
-0.969,-1.437
-1.304,-0.752
1.73,-0.205
0.258,0.539
-1.823,-0.508
-1.844,-0.709
-1.9,-0.365
-2.122,-1.828
-2.83,0.136
2.473,-1.488
2.378,-1.2
2.229,-0.691
2.494,-3.06
0.474,-2.584
0.255,1.259
-1.51,0.835
-1.598,1.068
-1.826,0.995
-1.751,0.814
-0.852,0.979
-0.382,1.426
0.064,-1.236
0.001,-2.685
-0.014,-0.865
-0.108,0.452
-0.122,-1.964
-0.183,-1.651
-0.244,-1.687
-0.252,-2.172
-0.214,-1.096
-0.282,-1.415
-0.217,0.149
-0.259,-0.172
-0.309,-3.244
-0.388,-0.032
-0.452,-2.544
-0.443,-1.349
-0.411,-0.39
-0.478,-1.801
-0.629,0.518
-0.711,-2.415
-0.727,-3.206
-0.736,0.101
-0.749,-3.023
-0.832,-2.511
-0.928,-1.326
-0.897,-1.204
-0.988,-1.385
-0.958,0.41
-1.015,-1.088
-1.087,-1.854
-1.097,-0.303
-1.111,-1.937
-1.185,-0.198
-1.133,-0.599
-1.216,-0.8
-1.235,-1.904
-1.247,-1.175
-1.21,-1.69
-1.248,-1.85
-1.265,-2.064
-1.323,-2.448
-1.311,-0.035
-1.348,-1.305
-1.338,-0.831
-1.368,-3.341
-1.386,-1.095
-1.491,-1.281
-1.525,-0.965
-1.509,-0.672
-1.573,-1.682
-1.709,-3.154
-1.778,-2.244
-1.815,-2.051
-1.755,-1.873
-1.777,-2.142
-1.844,-3.263
-1.871,-0.902
-1.876,-0.794
-1.955,-1.68
-1.925,-0.997
-2.003,0.373
-1.949,-1.541
-1.929,-0.53
-2.008,-1.221
-1.969,-3.363
-2.014,-1.875
-1.956,-2.939
-1.995,-2.035
-2.106,-2.237
-2.113,-1.855
-2.181,-1.908
-2.128,-2.327
-2.155,-1.704
-2.208,-1.34
-2.176,-1.934
-2.159,-1.306
-2.177,-3.222
-2.192,-2.216
-2.22,-0.717
-2.22,-1.646
-2.218,-1.156
-2.255,-0.67
-2.259,0.328
-2.288,-3.301
-2.984,-3.418
-3.032,-3.355
2.367,-3.496
2.016,-3.457
1.335,-3.589
1.352,-3.45
0.832,-3.692
0.822,-3.436
0.792,-3.487
-0.294,-3.684
-0.835,-3.445
-1.032,-3.665
-1.594,-3.518
-2.002,-3.82
-2.369,0.944
-2.408,0.836
-2.591,0.669
-3.03,0.723
-3.02,0.989
2.814,1.032
2.426,0.874
2.189,0.654
2.2,0.952
1.591,0.9
1.472,0.789
1.347,0.71
1.252,0.667
0.723,0.837
0.43,0.74
0.219,0.897
-0.025,1.058
-0.106,0.77
-0.856,1.081
-1.097,0.63
-1.378,0.766
-1.8,0.792
-1.908,0.842
-1.897,0.72
-2.267,0.949
-2.573,0.572
-2.879,-2.056
-2.971,-2.819
2.642,-0.895
2.659,-3.199
2.216,-2.211
0.75,-3.046
0.269,-1.049
-0.564,0.26
-0.858,-0.464
-1.314,-2.333
-1.787,-2.672
-0.326,-3.6
-0.384,0.839
-2.233,0.606
-2.257,-1.591
-2.404,-1.909
-2.324,-2.048
-2.392,0.511
-2.505,-2.222
-2.634,0.108
-2.513,-3.165
-2.586,-0.271
-2.608,-1.724
-2.61,-0.383
-2.671,-0.755
-2.763,-0.28
-2.874,-0.438
-2.783,-1.553
-2.982,0.411
-3.025,-1.687
-3.085,-2.467
-3.106,-0.372
3.027,-3.386
2.967,-1.331
3.062,-1.481
2.952,-3.111
2.841,-0.947
2.846,-1.336
2.532,-0.699
2.645,0.299
2.523,-1.43
2.503,0.498
2.444,0.408
2.338,-1.761
2.27,-0.777
2.253,-1.582
2.019,0.549
2.039,-3.271
2.025,-3.065
1.798,0.298
1.888,-2.811
1.69,-3.187
1.53,-1.216
1.533,-2.001
1.593,-2.22
1.581,-3.369
1.532,-0.565
1.504,-2.269
1.359,-1.856
1.361,0.424
1.406,-2.317
0.955,-2.867
1.084,-2.299
0.979,-1.085
0.983,-2.08
0.857,-3.019
0.95,0.137
0.867,-1.838
0.828,-0.036
0.649,-1.404
0.606,-1.422
0.606,0.432
0.669,-0.193
0.518,-2.253
0.513,-2.268
0.646,-2.708
0.489,-1.551
0.597,0.538
0.583,-0.603
0.448,-2.914
0.564,-0.698
0.547,-0.526
0.559,-2.313
0.459,-2.162
0.35,-1.061
0.28,-0.296
0.357,-3.357
0.346,-0.974
0.224,0.585
0.177,-1.345
0.288,-3.072
0.21,-1.542
0.148,-1.822
-0.039,0.25
-0.004,-3.241
-0.035,-0.037
-0.169,-2.775
-0.072,-2.076
-0.184,-0.635
-0.111,-3.058
-0.284,-1.056
-0.324,-3.198
-0.206,-0.567
-0.342,-3.15
-0.404,-3.126
-0.54,-1.016
-0.428,-1.985
-0.551,-3.249
-0.504,-3.401
-0.508,-3.124
-0.546,-2.049
-0.71,-0.455
-0.881,0.239
-0.992,-1.658
-1.01,-1.934
-1.016,-1.89
-1.014,-0.946
-1.02,-0.999
-1.042,-1.064
-1.149,-1.232
-1.181,-2.633
-1.216,-1.14
-1.279,-2.721
-1.321,-1.924
-1.379,-1.423
-1.69,-2.092
-1.585,-2.057
-1.856,-1.979
-1.734,-1.645
-1.785,-2.264
-1.908,-3.254
-2.101,0.402
-1.977,-1.371
-2.125,-1.147
-2.135,-3.082
-2.053,0.069
-2.22,-2.555
-2.223,-0.49
-2.236,0.114
-2.333,-1.323
-2.242,-1.73
-2.53,-3.607
-3.0,-3.376
3.05,-3.658
2.735,-3.714
2.617,-3.663
2.207,-3.459
1.572,-3.726
1.095,-3.67
0.901,-3.521
-0.763,-3.335
-0.963,-3.622
-1.0,-3.731
-1.292,-3.564
-1.235,-3.539
-2.338,-3.566
-2.522,0.615
-2.594,0.717
-3.02,0.902
2.803,0.822
1.678,0.919
1.309,0.616
1.446,0.622
1.088,0.659
1.211,0.74
0.976,0.957
0.809,0.93
0.687,0.657
0.297,0.775
0.152,0.692
0.267,1.055
0.274,0.773
-0.21,0.936
-0.542,1.084
-0.805,1.007
-1.237,0.867
-1.696,0.836
-1.802,0.882
-1.841,0.844
1.015,-1.525
0.567,-2.123
-0.666,-3.29
-0.928,-1.972
-1.263,-1.287
1.771,-0.74
0.299,0.004
-1.782,-1.043
-1.803,-1.244
-1.859,-0.9
-2.081,-2.363
-2.789,-0.399
2.514,-2.023
2.419,-1.735
2.27,-1.226
2.535,-3.595
0.515,-3.119
0.296,0.724
-1.469,0.3
-1.557,0.533
-1.785,0.46
-1.71,0.279
-0.811,0.444
-0.341,0.891
-0.063,-1.449
-0.078,0.371
-0.172,1.688
-0.186,-0.728
-0.247,-0.415
-0.308,-0.451
-0.316,-0.936
-0.278,0.14
-0.346,-0.179
-0.281,1.385
-0.323,1.064
-0.373,-2.008
-0.452,1.204
-0.516,-1.308
-0.507,-0.113
-0.475,0.846
-0.542,-0.565
-0.693,1.754
-0.775,-1.179
-0.791,-1.97
-0.8,1.337
-0.813,-1.787
-0.896,-1.275
-0.992,-0.09
-0.961,0.032
-1.052,-0.149
-1.022,1.646
-1.079,0.148
-1.151,-0.618
-1.161,0.933
-1.175,-0.701
-1.249,1.038
-1.197,0.637
-1.28,0.436
-1.299,-0.668
-1.311,0.061
-1.274,-0.454
-1.312,-0.614
-1.329,-0.828
-1.387,-1.212
-1.375,1.201
-1.412,-0.069
-1.402,0.405
-1.432,-2.105
-1.45,0.141
-1.555,-0.045
-1.589,0.271
-1.573,0.564
-1.637,-0.446
-1.773,-1.918
-1.842,-1.008
-1.879,-0.815
-1.819,-0.637
-1.841,-0.906
-1.908,-2.027
-1.935,0.334
-1.94,0.442
-2.019,-0.444
-1.989,0.239
-2.067,1.609
-2.013,-0.305
-1.993,0.706
-2.072,0.015
-2.033,-2.127
-2.078,-0.639
-2.02,-1.703
-2.059,-0.799
-2.17,-1.001
-2.177,-0.619
-2.245,-0.672
-2.192,-1.091
-2.219,-0.468
-2.272,-0.104
-2.24,-0.698
-2.223,-0.07
-2.241,-1.986
-2.256,-0.98
-2.284,0.519
-2.284,-0.41
-2.282,0.08
-2.319,0.566
-2.323,1.564
-2.352,-2.065
-3.048,-2.182
-3.096,-2.119
2.303,-2.26
1.952,-2.221
1.271,-2.353
1.288,-2.214
0.768,-2.456
0.758,-2.2
0.728,-2.251
-0.358,-2.448
-0.899,-2.209
-1.096,-2.429
-1.658,-2.282
-2.066,-2.584
-2.433,2.18
-2.472,2.072
-2.655,1.905
-3.094,1.959
-3.084,2.225
2.75,2.268
2.362,2.11
2.125,1.89
2.136,2.188
1.527,2.136
1.408,2.025
1.283,1.946
1.188,1.903
0.659,2.073
0.366,1.976
0.155,2.133
-0.089,2.294
-0.17,2.006
-0.92,2.317
-1.161,1.866
-1.442,2.002
-1.864,2.028
-1.972,2.078
-1.961,1.956
-2.331,2.185
-2.637,1.808
-2.943,-0.82
-3.035,-1.583
2.578,0.341
2.595,-1.963
2.152,-0.975
0.686,-1.81
0.205,0.187
-0.628,1.496
-0.922,0.772
-1.378,-1.097
-1.851,-1.436
-0.39,-2.364
-0.448,2.075
-2.297,1.842
-2.321,-0.355
-2.468,-0.673
-2.388,-0.812
-2.456,1.747
-2.569,-0.986
-2.698,1.344
-2.577,-1.929
-2.65,0.965
-2.672,-0.488
-2.674,0.853
-2.735,0.481
-2.827,0.956
-2.938,0.798
-2.847,-0.317
-3.046,1.647
-3.089,-0.451
3.134,-1.231
3.113,0.864
2.963,-2.15
2.903,-0.095
2.998,-0.245
2.888,-1.875
2.777,0.289
2.782,-0.1
2.468,0.537
2.581,1.535
2.459,-0.194
2.439,1.734
2.38,1.644
2.274,-0.525
2.206,0.459
2.189,-0.346
1.955,1.785
1.975,-2.035
1.961,-1.829
1.734,1.534
1.824,-1.575
1.626,-1.951
1.466,0.02
1.469,-0.765
1.529,-0.984
1.517,-2.133
1.468,0.671
1.44,-1.033
1.295,-0.62
1.297,1.66
1.342,-1.081
0.891,-1.631
1.02,-1.063
0.915,0.151
0.919,-0.844
0.793,-1.783
0.886,1.373
0.803,-0.602
0.764,1.2
0.585,-0.168
0.542,-0.186
0.542,1.668
0.605,1.043
0.454,-1.017
0.449,-1.032
0.582,-1.472
0.425,-0.315
0.533,1.774
0.519,0.633
0.384,-1.678
0.5,0.538
0.483,0.71
0.495,-1.077
0.395,-0.926
0.286,0.175
0.216,0.94
0.293,-2.121
0.282,0.262
0.16,1.821
0.113,-0.109
0.224,-1.836
0.146,-0.306
0.084,-0.586
-0.103,1.486
-0.068,-2.005
-0.099,1.199
-0.233,-1.539
-0.136,-0.84
-0.248,0.601
-0.175,-1.822
-0.348,0.18
-0.388,-1.962
-0.27,0.669
-0.406,-1.914
-0.468,-1.89
-0.604,0.22
-0.492,-0.749
-0.615,-2.013
-0.568,-2.165
-0.572,-1.888
-0.61,-0.813
-0.774,0.781
-0.945,1.475
-1.056,-0.422
-1.074,-0.698
-1.08,-0.654
-1.078,0.29
-1.084,0.237
-1.106,0.172
-1.213,0.004
-1.245,-1.397
-1.28,0.096
-1.343,-1.485
-1.385,-0.688
-1.443,-0.187
-1.754,-0.856
-1.649,-0.821
-1.92,-0.743
-1.798,-0.409
-1.849,-1.028
-1.972,-2.018
-2.165,1.638
-2.041,-0.135
-2.189,0.089
-2.199,-1.846
-2.117,1.305
-2.284,-1.319
-2.287,0.746
-2.3,1.35
-2.397,-0.087
-2.306,-0.494
-2.594,-2.371
-3.064,-2.14
2.986,-2.422
2.671,-2.478
2.553,-2.427
2.143,-2.223
1.508,-2.49
1.031,-2.434
0.837,-2.285
-0.827,-2.099
-1.027,-2.386
-1.064,-2.495
-1.356,-2.328
-1.299,-2.303
-2.402,-2.33
-2.586,1.851
-2.658,1.953
-3.084,2.138
2.739,2.058
1.614,2.155
1.245,1.852
1.382,1.858
1.024,1.895
1.147,1.976
0.912,2.193
0.745,2.166
0.623,1.893
0.233,2.011
0.088,1.928
0.203,2.291
0.21,2.009
-0.274,2.172
-0.606,2.32
-0.869,2.243
-1.301,2.103
-1.76,2.072
-1.866,2.118
-1.905,2.08
0.951,-0.289
0.503,-0.887
-0.73,-2.054
-0.992,-0.736
-1.327,-0.051
1.707,0.496
0.235,1.24
-1.846,0.193
-1.867,-0.008
-1.923,0.336
-2.145,-1.127
-2.853,0.837
2.45,-0.787
2.355,-0.499
2.206,0.01
2.471,-2.359
0.451,-1.883
0.232,1.96
-1.533,1.536
-1.621,1.769
-1.849,1.696
-1.774,1.515
-0.875,1.68
-0.405,2.127
-0.015,1.82
-0.109,3.137
-0.123,0.721
-0.184,1.034
-0.245,0.998
-0.253,0.513
-0.215,1.589
-0.283,1.27
-0.218,2.834
-0.26,2.513
-0.31,-0.559
-0.389,2.653
-0.453,0.141
-0.444,1.336
-0.412,2.295
-0.479,0.884
-0.63,3.203
-0.712,0.27
-0.728,-0.521
-0.737,2.786
-0.75,-0.338
-0.833,0.174
-0.929,1.359
-0.898,1.481
-0.989,1.3
-0.959,3.095
-1.016,1.597
-1.088,0.831
-1.098,2.382
-1.112,0.748
-1.186,2.487
-1.134,2.086
-1.217,1.885
-1.236,0.781
-1.248,1.51
-1.211,0.995
-1.249,0.835
-1.266,0.621
-1.324,0.237
-1.312,2.65
-1.349,1.38
-1.339,1.854
-1.369,-0.656
-1.387,1.59
-1.492,1.404
-1.526,1.72
-1.51,2.013
-1.574,1.003
-1.71,-0.469
-1.779,0.441
-1.816,0.634
-1.756,0.812
-1.778,0.543
-1.845,-0.578
-1.872,1.783
-1.877,1.891
-1.956,1.005
-1.926,1.688
-2.004,3.058
-1.95,1.144
-1.93,2.155
-2.009,1.464
-1.97,-0.678
-2.015,0.81
-1.957,-0.254
-1.996,0.65
-2.107,0.448
-2.114,0.83
-2.182,0.777
-2.129,0.358
-2.156,0.981
-2.209,1.345
-2.177,0.751
-2.16,1.379
-2.178,-0.537
-2.193,0.469
-2.221,1.968
-2.221,1.039
-2.219,1.529
-2.256,2.015
-2.26,3.013
-2.289,-0.616
-2.985,-0.733
-3.033,-0.67
2.366,-0.811
2.015,-0.772
1.334,-0.904
1.351,-0.765
0.831,-1.007
0.821,-0.751
0.791,-0.802
-0.295,-0.999
-0.836,-0.76
-1.033,-0.98
-1.595,-0.833
-2.003,-1.135
-2.37,3.629
-2.409,3.521
-2.592,3.354
-3.031,3.408
-3.021,3.674
2.813,3.717
2.425,3.559
2.188,3.339
2.199,3.637
1.59,3.585
1.471,3.474
1.346,3.395
1.251,3.352
0.722,3.522
0.429,3.425
0.218,3.582
-0.026,3.743
-0.107,3.455
-0.857,3.766
-1.098,3.315
-1.379,3.451
-1.801,3.477
-1.909,3.527
-1.898,3.405
-2.268,3.634
-2.574,3.257
-2.88,0.629
-2.972,-0.134
2.641,1.79
2.658,-0.514
2.215,0.474
0.749,-0.361
0.268,1.636
-0.565,2.945
-0.859,2.221
-1.315,0.352
-1.788,0.013
-0.327,-0.915
-0.385,3.524
-2.234,3.291
-2.258,1.094
-2.405,0.776
-2.325,0.637
-2.393,3.196
-2.506,0.463
-2.635,2.793
-2.514,-0.48
-2.587,2.414
-2.609,0.961
-2.611,2.302
-2.672,1.93
-2.764,2.405
-2.875,2.247
-2.784,1.132
-2.983,3.096
-3.026,0.998
-3.086,0.218
-3.107,2.313
3.026,-0.701
2.966,1.354
3.061,1.204
2.951,-0.426
2.84,1.738
2.845,1.349
2.531,1.986
2.644,2.984
2.522,1.255
2.502,3.183
2.443,3.093
2.337,0.924
2.269,1.908
2.252,1.103
2.018,3.234
2.038,-0.586
2.024,-0.38
1.797,2.983
1.887,-0.126
1.689,-0.502
1.529,1.469
1.532,0.684
1.592,0.465
1.58,-0.684
1.531,2.12
1.503,0.416
1.358,0.829
1.36,3.109
1.405,0.368
0.954,-0.182
1.083,0.386
0.978,1.6
0.982,0.605
0.856,-0.334
0.949,2.822
0.866,0.847
0.827,2.649
0.648,1.281
0.605,1.263
0.605,3.117
0.668,2.492
0.517,0.432
0.512,0.417
0.645,-0.023
0.488,1.134
0.596,3.223
0.582,2.082
0.447,-0.229
0.563,1.987
0.546,2.159
0.558,0.372
0.458,0.523
0.349,1.624
0.279,2.389
0.356,-0.672
0.345,1.711
0.223,3.27
0.176,1.34
0.287,-0.387
0.209,1.143
0.147,0.863
-0.04,2.935
-0.005,-0.556
-0.036,2.648
-0.17,-0.09
-0.073,0.609
-0.185,2.05
-0.112,-0.373
-0.285,1.629
-0.325,-0.513
-0.207,2.118
-0.343,-0.465
-0.405,-0.441
-0.541,1.669
-0.429,0.7
-0.552,-0.564
-0.505,-0.716
-0.509,-0.439
-0.547,0.636
-0.711,2.23
-0.882,2.924
-0.993,1.027
-1.011,0.751
-1.017,0.795
-1.015,1.739
-1.021,1.686
-1.043,1.621
-1.15,1.453
-1.182,0.052
-1.217,1.545
-1.28,-0.036
-1.322,0.761
-1.38,1.262
-1.691,0.593
-1.586,0.628
-1.857,0.706
-1.735,1.04
-1.786,0.421
-1.909,-0.569
-2.102,3.087
-1.978,1.314
-2.126,1.538
-2.136,-0.397
-2.054,2.754
-2.221,0.13
-2.224,2.195
-2.237,2.799
-2.334,1.362
-2.243,0.955
-2.531,-0.922
-3.001,-0.691
3.049,-0.973
2.734,-1.029
2.616,-0.978
2.206,-0.774
1.571,-1.041
1.094,-0.985
0.9,-0.836
-0.764,-0.65
-0.964,-0.937
-1.001,-1.046
-1.293,-0.879
-1.236,-0.854
-2.339,-0.881
-2.523,3.3
-2.595,3.402
-3.021,3.587
2.802,3.507
1.677,3.604
1.308,3.301
1.445,3.307
1.087,3.344
1.21,3.425
0.975,3.642
0.808,3.615
0.686,3.342
0.296,3.46
0.151,3.377
0.266,3.74
0.273,3.458
-0.211,3.621
-0.543,3.769
-0.806,3.692
-1.238,3.552
-1.697,3.521
-1.803,3.567
-1.842,3.529
1.014,1.16
0.566,0.562
-0.667,-0.605
-0.929,0.713
-1.264,1.398
1.77,1.945
0.298,2.689
-1.783,1.642
-1.804,1.441
-1.86,1.785
-2.082,0.322
-2.79,2.286
2.513,0.662
2.418,0.95
2.269,1.459
2.534,-0.91
0.514,-0.434
0.295,3.409
-1.47,2.985
-1.558,3.218
-1.786,3.145
-1.711,2.964
-0.812,3.129
-0.342,3.576
-0.094,1.317
-0.108,-1.099
-0.169,-0.786
-0.23,-0.822
-0.238,-1.307
-0.2,-0.231
-0.268,-0.55
-0.203,1.014
-0.245,0.693
-0.295,-2.379
-0.374,0.833
-0.438,-1.679
-0.429,-0.484
-0.397,0.475
-0.464,-0.936
-0.615,1.383
-0.697,-1.55
-0.713,-2.341
-0.722,0.966
-0.735,-2.158
-0.818,-1.646
-0.914,-0.461
-0.883,-0.339
-0.974,-0.52
-0.944,1.275
-1.001,-0.223
-1.073,-0.989
-1.083,0.562
-1.097,-1.072
-1.171,0.667
-1.119,0.266
-1.202,0.065
-1.221,-1.039
-1.233,-0.31
-1.196,-0.825
-1.234,-0.985
-1.251,-1.199
-1.309,-1.583
-1.297,0.83
-1.334,-0.44
-1.324,0.034
-1.354,-2.476
-1.372,-0.23
-1.477,-0.416
-1.511,-0.1
-1.495,0.193
-1.559,-0.817
-1.695,-2.289
-1.764,-1.379
-1.801,-1.186
-1.741,-1.008
-1.763,-1.277
-1.83,-2.398
-1.857,-0.037
-1.862,0.071
-1.941,-0.815
-1.911,-0.132
-1.989,1.238
-1.935,-0.676
-1.915,0.335
-1.994,-0.356
-1.955,-2.498
-2.0,-1.01
-1.942,-2.074
-1.981,-1.17
-2.092,-1.372
-2.099,-0.99
-2.167,-1.043
-2.114,-1.462
-2.141,-0.839
-2.194,-0.475
-2.162,-1.069
-2.145,-0.441
-2.163,-2.357
-2.178,-1.351
-2.206,0.148
-2.206,-0.781
-2.204,-0.291
-2.241,0.195
-2.245,1.193
-2.274,-2.436
-2.97,-2.553
-3.018,-2.49
2.381,-2.631
2.03,-2.592
1.349,-2.724
1.366,-2.585
0.846,-2.827
0.836,-2.571
0.806,-2.622
-0.28,-2.819
-0.821,-2.58
-1.018,-2.8
-1.58,-2.653
-1.988,-2.955
-2.355,1.809
-2.394,1.701
-2.577,1.534
-3.016,1.588
-3.006,1.854
2.828,1.897
2.44,1.739
2.203,1.519
2.214,1.817
1.605,1.765
1.486,1.654
1.361,1.575
1.266,1.532
0.737,1.702
0.444,1.605
0.233,1.762
-0.011,1.923
-0.092,1.635
-0.842,1.946
-1.083,1.495
-1.364,1.631
-1.786,1.657
-1.894,1.707
-1.883,1.585
-2.253,1.814
-2.559,1.437
-2.865,-1.191
-2.957,-1.954
2.656,-0.03
2.673,-2.334
2.23,-1.346
0.764,-2.181
0.283,-0.184
-0.55,1.125
-0.844,0.401
-1.3,-1.468
-1.773,-1.807
-0.312,-2.735
-0.37,1.704
-2.219,1.471
-2.243,-0.726
-2.39,-1.044
-2.31,-1.183
-2.378,1.376
-2.491,-1.357
-2.62,0.973
-2.499,-2.3
-2.572,0.594
-2.594,-0.859
-2.596,0.482
-2.657,0.11
-2.749,0.585
-2.86,0.427
-2.769,-0.688
-2.968,1.276
-3.011,-0.822
-3.071,-1.602
-3.092,0.493
3.041,-2.521
2.981,-0.466
3.076,-0.616
2.966,-2.246
2.855,-0.082
2.86,-0.471
2.546,0.166
2.659,1.164
2.537,-0.565
2.517,1.363
2.458,1.273
2.352,-0.896
2.284,0.088
2.267,-0.717
2.033,1.414
2.053,-2.406
2.039,-2.2
1.812,1.163
1.902,-1.946
1.704,-2.322
1.544,-0.351
1.547,-1.136
1.607,-1.355
1.595,-2.504
1.546,0.3
1.518,-1.404
1.373,-0.991
1.375,1.289
1.42,-1.452
0.969,-2.002
1.098,-1.434
0.993,-0.22
0.997,-1.215
0.871,-2.154
0.964,1.002
0.881,-0.973
0.842,0.829
0.663,-0.539
0.62,-0.557
0.62,1.297
0.683,0.672
0.532,-1.388
0.527,-1.403
0.66,-1.843
0.503,-0.686
0.611,1.403
0.597,0.262
0.462,-2.049
0.578,0.167
0.561,0.339
0.573,-1.448
0.473,-1.297
0.364,-0.196
0.294,0.569
0.371,-2.492
0.36,-0.109
0.238,1.45
0.191,-0.48
0.302,-2.207
0.224,-0.677
0.162,-0.957
-0.025,1.115
0.01,-2.376
-0.021,0.828
-0.155,-1.91
-0.058,-1.211
-0.17,0.23
-0.097,-2.193
-0.27,-0.191
-0.31,-2.333
-0.192,0.298
-0.328,-2.285
-0.39,-2.261
-0.526,-0.151
-0.414,-1.12
-0.537,-2.384
-0.49,-2.536
-0.494,-2.259
-0.532,-1.184
-0.696,0.41
-0.867,1.104
-0.978,-0.793
-0.996,-1.069
-1.002,-1.025
-1.0,-0.081
-1.006,-0.134
-1.028,-0.199
-1.135,-0.367
-1.167,-1.768
-1.202,-0.275
-1.265,-1.856
-1.307,-1.059
-1.365,-0.558
-1.676,-1.227
-1.571,-1.192
-1.842,-1.114
-1.72,-0.78
-1.771,-1.399
-1.894,-2.389
-2.087,1.267
-1.963,-0.506
-2.111,-0.282
-2.121,-2.217
-2.039,0.934
-2.206,-1.69
-2.209,0.375
-2.222,0.979
-2.319,-0.458
-2.228,-0.865
-2.516,-2.742
-2.986,-2.511
3.064,-2.793
2.749,-2.849
2.631,-2.798
2.221,-2.594
1.586,-2.861
1.109,-2.805
0.915,-2.656
-0.749,-2.47
-0.949,-2.757
-0.986,-2.866
-1.278,-2.699
-1.221,-2.674
-2.324,-2.701
-2.508,1.48
-2.58,1.582
-3.006,1.767
2.817,1.687
1.692,1.784
1.323,1.481
1.46,1.487
1.102,1.524
1.225,1.605
0.99,1.822
0.823,1.795
0.701,1.522
0.311,1.64
0.166,1.557
0.281,1.92
0.288,1.638
-0.196,1.801
-0.528,1.949
-0.791,1.872
-1.223,1.732
-1.682,1.701
-1.788,1.747
-1.827,1.709
1.029,-0.66
0.581,-1.258
-0.652,-2.425
-0.914,-1.107
-1.249,-0.422
1.785,0.125
0.313,0.869
-1.768,-0.178
-1.789,-0.379
-1.845,-0.035
-2.067,-1.498
-2.775,0.466
2.528,-1.158
2.433,-0.87
2.284,-0.361
2.549,-2.73
0.529,-2.254
0.31,1.589
-1.455,1.165
-1.543,1.398
-1.771,1.325
-1.696,1.144
-0.797,1.309
-0.327,1.756
-0.014,-2.416
-0.075,-2.103
-0.136,-2.139
-0.144,-2.624
-0.106,-1.548
-0.174,-1.867
-0.109,-0.303
-0.151,-0.624
-0.201,-3.696
-0.28,-0.484
-0.344,-2.996
-0.335,-1.801
-0.303,-0.842
-0.37,-2.253
-0.521,0.066
-0.603,-2.867
-0.619,-3.658
-0.628,-0.351
-0.641,-3.475
-0.724,-2.963
-0.82,-1.778
-0.789,-1.656
-0.88,-1.837
-0.85,-0.042
-0.907,-1.54
-0.979,-2.306
-0.989,-0.755
-1.003,-2.389
-1.077,-0.65
-1.025,-1.051
-1.108,-1.252
-1.127,-2.356
-1.139,-1.627
-1.102,-2.142
-1.14,-2.302
-1.157,-2.516
-1.215,-2.9
-1.203,-0.487
-1.24,-1.757
-1.23,-1.283
-1.26,-3.793
-1.278,-1.547
-1.383,-1.733
-1.417,-1.417
-1.401,-1.124
-1.465,-2.134
-1.601,-3.606
-1.67,-2.696
-1.707,-2.503
-1.647,-2.325
-1.669,-2.594
-1.736,-3.715
-1.763,-1.354
-1.768,-1.246
-1.847,-2.132
-1.817,-1.449
-1.895,-0.079
-1.841,-1.993
-1.821,-0.982
-1.9,-1.673
-1.861,-3.815
-1.906,-2.327
-1.848,-3.391
-1.887,-2.487
-1.998,-2.689
-2.005,-2.307
-2.073,-2.36
-2.02,-2.779
-2.047,-2.156
-2.1,-1.792
-2.068,-2.386
-2.051,-1.758
-2.069,-3.674
-2.084,-2.668
-2.112,-1.169
-2.112,-2.098
-2.11,-1.608
-2.147,-1.122
-2.151,-0.124
-2.18,-3.753
-2.876,-3.87
-2.924,-3.807
2.475,-3.948
2.124,-3.909
1.443,-4.041
1.46,-3.902
0.94,-4.144
0.93,-3.888
0.9,-3.939
-0.186,-4.136
-0.727,-3.897
-0.924,-4.117
-1.486,-3.97
-1.894,-4.272
-2.261,0.492
-2.3,0.384
-2.483,0.217
-2.922,0.271
-2.912,0.537
2.922,0.58
2.534,0.422
2.297,0.202
2.308,0.5
1.699,0.448
1.58,0.337
1.455,0.258
1.36,0.215
0.831,0.385
0.538,0.288
0.327,0.445
0.083,0.606
0.002,0.318
-0.748,0.629
-0.989,0.178
-1.27,0.314
-1.692,0.34
-1.8,0.39
-1.789,0.268
-2.159,0.497
-2.465,0.12
-2.771,-2.508
-2.863,-3.271
2.75,-1.347
2.767,-3.651
2.324,-2.663
0.858,-3.498
0.377,-1.501
-0.456,-0.192
-0.75,-0.916
-1.206,-2.785
-1.679,-3.124
-0.218,-4.052
-0.276,0.387
-2.125,0.154
-2.149,-2.043
-2.296,-2.361
-2.216,-2.5
-2.284,0.059
-2.397,-2.674
-2.526,-0.344
-2.405,-3.617
-2.478,-0.723
-2.5,-2.176
-2.502,-0.835
-2.563,-1.207
-2.655,-0.732
-2.766,-0.89
-2.675,-2.005
-2.874,-0.041
-2.917,-2.139
-2.977,-2.919
-2.998,-0.824
3.135,-3.838
3.075,-1.783
-3.113,-1.933
3.06,-3.563
2.949,-1.399
2.954,-1.788
2.64,-1.151
2.753,-0.153
2.631,-1.882
2.611,0.046
2.552,-0.044
2.446,-2.213
2.378,-1.229
2.361,-2.034
2.127,0.097
2.147,-3.723
2.133,-3.517
1.906,-0.154
1.996,-3.263
1.798,-3.639
1.638,-1.668
1.641,-2.453
1.701,-2.672
1.689,-3.821
1.64,-1.017
1.612,-2.721
1.467,-2.308
1.469,-0.028
1.514,-2.769
1.063,-3.319
1.192,-2.751
1.087,-1.537
1.091,-2.532
0.965,-3.471
1.058,-0.315
0.975,-2.29
0.936,-0.488
0.757,-1.856
0.714,-1.874
0.714,-0.02
0.777,-0.645
0.626,-2.705
0.621,-2.72
0.754,-3.16
0.597,-2.003
0.705,0.086
0.691,-1.055
0.556,-3.366
0.672,-1.15
0.655,-0.978
0.667,-2.765
0.567,-2.614
0.458,-1.513
0.388,-0.748
0.465,-3.809
0.454,-1.426
0.332,0.133
0.285,-1.797
0.396,-3.524
0.318,-1.994
0.256,-2.274
0.069,-0.202
0.104,-3.693
0.073,-0.489
-0.061,-3.227
0.036,-2.528
-0.076,-1.087
-0.003,-3.51
-0.176,-1.508
-0.216,-3.65
-0.098,-1.019
-0.234,-3.602
-0.296,-3.578
-0.432,-1.468
-0.32,-2.437
-0.443,-3.701
-0.396,-3.853
-0.4,-3.576
-0.438,-2.501
-0.602,-0.907
-0.773,-0.213
-0.884,-2.11
-0.902,-2.386
-0.908,-2.342
-0.906,-1.398
-0.912,-1.451
-0.934,-1.516
-1.041,-1.684
-1.073,-3.085
-1.108,-1.592
-1.171,-3.173
-1.213,-2.376
-1.271,-1.875
-1.582,-2.544
-1.477,-2.509
-1.748,-2.431
-1.626,-2.097
-1.677,-2.716
-1.8,-3.706
-1.993,-0.05
-1.869,-1.823
-2.017,-1.599
-2.027,-3.534
-1.945,-0.383
-2.112,-3.007
-2.115,-0.942
-2.128,-0.338
-2.225,-1.775
-2.134,-2.182
-2.422,-4.059
-2.892,-3.828
-3.125,-4.11
2.843,-4.166
2.725,-4.115
2.315,-3.911
1.68,-4.178
1.203,-4.122
1.009,-3.973
-0.655,-3.787
-0.855,-4.074
-0.892,-4.183
-1.184,-4.016
-1.127,-3.991
-2.23,-4.018
-2.414,0.163
-2.486,0.265
-2.912,0.45
2.911,0.37
1.786,0.467
1.417,0.164
1.554,0.17
1.196,0.207
1.319,0.288
1.084,0.505
0.917,0.478
0.795,0.205
0.405,0.323
0.26,0.24
0.375,0.603
0.382,0.321
-0.102,0.484
-0.434,0.632
-0.697,0.555
-1.129,0.415
-1.588,0.384
-1.694,0.43
-1.733,0.392
1.123,-1.977
0.675,-2.575
-0.558,-3.742
-0.82,-2.424
-1.155,-1.739
1.879,-1.192
0.407,-0.448
-1.674,-1.495
-1.695,-1.696
-1.751,-1.352
-1.973,-2.815
-2.681,-0.851
2.622,-2.475
2.527,-2.187
2.378,-1.678
2.643,-4.047
0.623,-3.571
0.404,0.272
-1.361,-0.152
-1.449,0.081
-1.677,0.008
-1.602,-0.173
-0.703,-0.008
-0.233,0.439
-0.061,0.313
-0.122,0.277
-0.13,-0.208
-0.092,0.868
-0.16,0.549
-0.095,2.113
-0.137,1.792
-0.187,-1.28
-0.266,1.932
-0.33,-0.58
-0.321,0.615
-0.289,1.574
-0.356,0.163
-0.507,2.482
-0.589,-0.451
-0.605,-1.242
-0.614,2.065
-0.627,-1.059
-0.71,-0.547
-0.806,0.638
-0.775,0.76
-0.866,0.579
-0.836,2.374
-0.893,0.876
-0.965,0.11
-0.975,1.661
-0.989,0.027
-1.063,1.766
-1.011,1.365
-1.094,1.164
-1.113,0.06
-1.125,0.789
-1.088,0.274
-1.126,0.114
-1.143,-0.1
-1.201,-0.484
-1.189,1.929
-1.226,0.659
-1.216,1.133
-1.246,-1.377
-1.264,0.869
-1.369,0.683
-1.403,0.999
-1.387,1.292
-1.451,0.282
-1.587,-1.19
-1.656,-0.28
-1.693,-0.087
-1.633,0.091
-1.655,-0.178
-1.722,-1.299
-1.749,1.062
-1.754,1.17
-1.833,0.284
-1.803,0.967
-1.881,2.337
-1.827,0.423
-1.807,1.434
-1.886,0.743
-1.847,-1.399
-1.892,0.089
-1.834,-0.975
-1.873,-0.071
-1.984,-0.273
-1.991,0.109
-2.059,0.056
-2.006,-0.363
-2.033,0.26
-2.086,0.624
-2.054,0.03
-2.037,0.658
-2.055,-1.258
-2.07,-0.252
-2.098,1.247
-2.098,0.318
-2.096,0.808
-2.133,1.294
-2.137,2.292
-2.166,-1.337
-2.862,-1.454
-2.91,-1.391
2.489,-1.532
2.138,-1.493
1.457,-1.625
1.474,-1.486
0.954,-1.728
0.944,-1.472
0.914,-1.523
-0.172,-1.72
-0.713,-1.481
-0.91,-1.701
-1.472,-1.554
-1.88,-1.856
-2.247,2.908
-2.286,2.8
-2.469,2.633
-2.908,2.687
-2.898,2.953
2.936,2.996
2.548,2.838
2.311,2.618
2.322,2.916
1.713,2.864
1.594,2.753
1.469,2.674
1.374,2.631
0.845,2.801
0.552,2.704
0.341,2.861
0.097,3.022
0.016,2.734
-0.734,3.045
-0.975,2.594
-1.256,2.73
-1.678,2.756
-1.786,2.806
-1.775,2.684
-2.145,2.913
-2.451,2.536
-2.757,-0.092
-2.849,-0.855
2.764,1.069
2.781,-1.235
2.338,-0.247
0.872,-1.082
0.391,0.915
-0.442,2.224
-0.736,1.5
-1.192,-0.369
-1.665,-0.708
-0.204,-1.636
-0.262,2.803
-2.111,2.57
-2.135,0.373
-2.282,0.055
-2.202,-0.084
-2.27,2.475
-2.383,-0.258
-2.512,2.072
-2.391,-1.201
-2.464,1.693
-2.486,0.24
-2.488,1.581
-2.549,1.209
-2.641,1.684
-2.752,1.526
-2.661,0.411
-2.86,2.375
-2.903,0.277
-2.963,-0.503
-2.984,1.592
-3.134,-1.422
3.089,0.633
-3.099,0.483
3.074,-1.147
2.963,1.017
2.968,0.628
2.654,1.265
2.767,2.263
2.645,0.534
2.625,2.462
2.566,2.372
2.46,0.203
2.392,1.187
2.375,0.382
2.141,2.513
2.161,-1.307
2.147,-1.101
1.92,2.262
2.01,-0.847
1.812,-1.223
1.652,0.748
1.655,-0.037
1.715,-0.256
1.703,-1.405
1.654,1.399
1.626,-0.305
1.481,0.108
1.483,2.388
1.528,-0.353
1.077,-0.903
1.206,-0.335
1.101,0.879
1.105,-0.116
0.979,-1.055
1.072,2.101
0.989,0.126
0.95,1.928
0.771,0.56
0.728,0.542
0.728,2.396
0.791,1.771
0.64,-0.289
0.635,-0.304
0.768,-0.744
0.611,0.413
0.719,2.502
0.705,1.361
0.57,-0.95
0.686,1.266
0.669,1.438
0.681,-0.349
0.581,-0.198
0.472,0.903
0.402,1.668
0.479,-1.393
0.468,0.99
0.346,2.549
0.299,0.619
0.41,-1.108
0.332,0.422
0.27,0.142
0.083,2.214
0.118,-1.277
0.087,1.927
-0.047,-0.811
0.05,-0.112
-0.062,1.329
0.011,-1.094
-0.162,0.908
-0.202,-1.234
-0.084,1.397
-0.22,-1.186
-0.282,-1.162
-0.418,0.948
-0.306,-0.021
-0.429,-1.285
-0.382,-1.437
-0.386,-1.16
-0.424,-0.085
-0.588,1.509
-0.759,2.203
-0.87,0.306
-0.888,0.03
-0.894,0.074
-0.892,1.018
-0.898,0.965
-0.92,0.9
-1.027,0.732
-1.059,-0.669
-1.094,0.824
-1.157,-0.757
-1.199,0.04
-1.257,0.541
-1.568,-0.128
-1.463,-0.093
-1.734,-0.015
-1.612,0.319
-1.663,-0.3
-1.786,-1.29
-1.979,2.366
-1.855,0.593
-2.003,0.817
-2.013,-1.118
-1.931,2.033
-2.098,-0.591
-2.101,1.474
-2.114,2.078
-2.211,0.641
-2.12,0.234
-2.408,-1.643
-2.878,-1.412
-3.111,-1.694
2.857,-1.75
2.739,-1.699
2.329,-1.495
1.694,-1.762
1.217,-1.706
1.023,-1.557
-0.641,-1.371
-0.841,-1.658
-0.878,-1.767
-1.17,-1.6
-1.113,-1.575
-2.216,-1.602
-2.4,2.579
-2.472,2.681
-2.898,2.866
2.925,2.786
1.8,2.883
1.431,2.58
1.568,2.586
1.21,2.623
1.333,2.704
1.098,2.921
0.931,2.894
0.809,2.621
0.419,2.739
0.274,2.656
0.389,3.019
0.396,2.737
-0.088,2.9
-0.42,3.048
-0.683,2.971
-1.115,2.831
-1.574,2.8
-1.68,2.846
-1.719,2.808
1.137,0.439
0.689,-0.159
-0.544,-1.326
-0.806,-0.008
-1.141,0.677
1.893,1.224
0.421,1.968
-1.66,0.921
-1.681,0.72
-1.737,1.064
-1.959,-0.399
-2.667,1.565
2.636,-0.059
2.541,0.229
2.392,0.738
2.657,-1.631
0.637,-1.155
0.418,2.688
-1.347,2.264
-1.435,2.497
-1.663,2.424
-1.588,2.243
-0.689,2.408
-0.219,2.855
-0.061,-0.036
-0.069,-0.521
-0.031,0.555
-0.099,0.236
-0.034,1.8
-0.076,1.479
-0.126,-1.593
-0.205,1.619
-0.269,-0.893
-0.26,0.302
-0.228,1.261
-0.295,-0.15
-0.446,2.169
-0.528,-0.764
-0.544,-1.555
-0.553,1.752
-0.566,-1.372
-0.649,-0.86
-0.745,0.325
-0.714,0.447
-0.805,0.266
-0.775,2.061
-0.832,0.563
-0.904,-0.203
-0.914,1.348
-0.928,-0.286
-1.002,1.453
-0.95,1.052
-1.033,0.851
-1.052,-0.253
-1.064,0.476
-1.027,-0.039
-1.065,-0.199
-1.082,-0.413
-1.14,-0.797
-1.128,1.616
-1.165,0.346
-1.155,0.82
-1.185,-1.69
-1.203,0.556
-1.308,0.37
-1.342,0.686
-1.326,0.979
-1.39,-0.031
-1.526,-1.503
-1.595,-0.593
-1.632,-0.4
-1.572,-0.222
-1.594,-0.491
-1.661,-1.612
-1.688,0.749
-1.693,0.857
-1.772,-0.029
-1.742,0.654
-1.82,2.024
-1.766,0.11
-1.746,1.121
-1.825,0.43
-1.786,-1.712
-1.831,-0.224
-1.773,-1.288
-1.812,-0.384
-1.923,-0.586
-1.93,-0.204
-1.998,-0.257
-1.945,-0.676
-1.972,-0.053
-2.025,0.311
-1.993,-0.283
-1.976,0.345
-1.994,-1.571
-2.009,-0.565
-2.037,0.934
-2.037,0.005
-2.035,0.495
-2.072,0.981
-2.076,1.979
-2.105,-1.65
-2.801,-1.767
-2.849,-1.704
2.55,-1.845
2.199,-1.806
1.518,-1.938
1.535,-1.799
1.015,-2.041
1.005,-1.785
0.975,-1.836
-0.111,-2.033
-0.652,-1.794
-0.849,-2.014
-1.411,-1.867
-1.819,-2.169
-2.186,2.595
-2.225,2.487
-2.408,2.32
-2.847,2.374
-2.837,2.64
2.997,2.683
2.609,2.525
2.372,2.305
2.383,2.603
1.774,2.551
1.655,2.44
1.53,2.361
1.435,2.318
0.906,2.488
0.613,2.391
0.402,2.548
0.158,2.709
0.077,2.421
-0.673,2.732
-0.914,2.281
-1.195,2.417
-1.617,2.443
-1.725,2.493
-1.714,2.371
-2.084,2.6
-2.39,2.223
-2.696,-0.405
-2.788,-1.168
2.825,0.756
2.842,-1.548
2.399,-0.56
0.933,-1.395
0.452,0.602
-0.381,1.911
-0.675,1.187
-1.131,-0.682
-1.604,-1.021
-0.143,-1.949
-0.201,2.49
-2.05,2.257
-2.074,0.06
-2.221,-0.258
-2.141,-0.397
-2.209,2.162
-2.322,-0.571
-2.451,1.759
-2.33,-1.514
-2.403,1.38
-2.425,-0.073
-2.427,1.268
-2.488,0.896
-2.58,1.371
-2.691,1.213
-2.6,0.098
-2.799,2.062
-2.842,-0.036
-2.902,-0.816
-2.923,1.279
-3.073,-1.735
-3.133,0.32
-3.038,0.17
3.135,-1.46
3.024,0.704
3.029,0.315
2.715,0.952
2.828,1.95
2.706,0.221
2.686,2.149
2.627,2.059
2.521,-0.11
2.453,0.874
2.436,0.069
2.202,2.2
2.222,-1.62
2.208,-1.414
1.981,1.949
2.071,-1.16
1.873,-1.536
1.713,0.435
1.716,-0.35
1.776,-0.569
1.764,-1.718
1.715,1.086
1.687,-0.618
1.542,-0.205
1.544,2.075
1.589,-0.666
1.138,-1.216
1.267,-0.648
1.162,0.566
1.166,-0.429
1.04,-1.368
1.133,1.788
1.05,-0.187
1.011,1.615
0.832,0.247
0.789,0.229
0.789,2.083
0.852,1.458
0.701,-0.602
0.696,-0.617
0.829,-1.057
0.672,0.1
0.78,2.189
0.766,1.048
0.631,-1.263
0.747,0.953
0.73,1.125
0.742,-0.662
0.642,-0.511
0.533,0.59
0.463,1.355
0.54,-1.706
0.529,0.677
0.407,2.236
0.36,0.306
0.471,-1.421
0.393,0.109
0.331,-0.171
0.144,1.901
0.179,-1.59
0.148,1.614
0.014,-1.124
0.111,-0.425
-0.001,1.016
0.072,-1.407
-0.101,0.595
-0.141,-1.547
-0.023,1.084
-0.159,-1.499
-0.221,-1.475
-0.357,0.635
-0.245,-0.334
-0.368,-1.598
-0.321,-1.75
-0.325,-1.473
-0.363,-0.398
-0.527,1.196
-0.698,1.89
-0.809,-0.007
-0.827,-0.283
-0.833,-0.239
-0.831,0.705
-0.837,0.652
-0.859,0.587
-0.966,0.419
-0.998,-0.982
-1.033,0.511
-1.096,-1.07
-1.138,-0.273
-1.196,0.228
-1.507,-0.441
-1.402,-0.406
-1.673,-0.328
-1.551,0.006
-1.602,-0.613
-1.725,-1.603
-1.918,2.053
-1.794,0.28
-1.942,0.504
-1.952,-1.431
-1.87,1.72
-2.037,-0.904
-2.04,1.161
-2.053,1.765
-2.15,0.328
-2.059,-0.079
-2.347,-1.956
-2.817,-1.725
-3.05,-2.007
2.918,-2.063
2.8,-2.012
2.39,-1.808
1.755,-2.075
1.278,-2.019
1.084,-1.87
-0.58,-1.684
-0.78,-1.971
-0.817,-2.08
-1.109,-1.913
-1.052,-1.888
-2.155,-1.915
-2.339,2.266
-2.411,2.368
-2.837,2.553
2.986,2.473
1.861,2.57
1.492,2.267
1.629,2.273
1.271,2.31
1.394,2.391
1.159,2.608
0.992,2.581
0.87,2.308
0.48,2.426
0.335,2.343
0.45,2.706
0.457,2.424
-0.027,2.587
-0.359,2.735
-0.622,2.658
-1.054,2.518
-1.513,2.487
-1.619,2.533
-1.658,2.495
1.198,0.126
0.75,-0.472
-0.483,-1.639
-0.745,-0.321
-1.08,0.364
1.954,0.911
0.482,1.655
-1.599,0.608
-1.62,0.407
-1.676,0.751
-1.898,-0.712
-2.606,1.252
2.697,-0.372
2.602,-0.084
2.453,0.425
2.718,-1.944
0.698,-1.468
0.479,2.375
-1.286,1.951
-1.374,2.184
-1.602,2.111
-1.527,1.93
-0.628,2.095
-0.158,2.542
-0.008,-0.485
0.03,0.591
-0.038,0.272
0.027,1.836
-0.015,1.515
-0.065,-1.557
-0.144,1.655
-0.208,-0.857
-0.199,0.338
-0.167,1.297
-0.234,-0.114
-0.385,2.205
-0.467,-0.728
-0.483,-1.519
-0.492,1.788
-0.505,-1.336
-0.588,-0.824
-0.684,0.361
-0.653,0.483
-0.744,0.302
-0.714,2.097
-0.771,0.599
-0.843,-0.167
-0.853,1.384
-0.867,-0.25
-0.941,1.489
-0.889,1.088
-0.972,0.887
-0.991,-0.217
-1.003,0.512
-0.966,-0.003
-1.004,-0.163
-1.021,-0.377
-1.079,-0.761
-1.067,1.652
-1.104,0.382
-1.094,0.856
-1.124,-1.654
-1.142,0.592
-1.247,0.406
-1.281,0.722
-1.265,1.015
-1.329,0.005
-1.465,-1.467
-1.534,-0.557
-1.571,-0.364
-1.511,-0.186
-1.533,-0.455
-1.6,-1.576
-1.627,0.785
-1.632,0.893
-1.711,0.007
-1.681,0.69
-1.759,2.06
-1.705,0.146
-1.685,1.157
-1.764,0.466
-1.725,-1.676
-1.77,-0.188
-1.712,-1.252
-1.751,-0.348
-1.862,-0.55
-1.869,-0.168
-1.937,-0.221
-1.884,-0.64
-1.911,-0.017
-1.964,0.347
-1.932,-0.247
-1.915,0.381
-1.933,-1.535
-1.948,-0.529
-1.976,0.97
-1.976,0.041
-1.974,0.531
-2.011,1.017
-2.015,2.015
-2.044,-1.614
-2.74,-1.731
-2.788,-1.668
2.611,-1.809
2.26,-1.77
1.579,-1.902
1.596,-1.763
1.076,-2.005
1.066,-1.749
1.036,-1.8
-0.05,-1.997
-0.591,-1.758
-0.788,-1.978
-1.35,-1.831
-1.758,-2.133
-2.125,2.631
-2.164,2.523
-2.347,2.356
-2.786,2.41
-2.776,2.676
3.058,2.719
2.67,2.561
2.433,2.341
2.444,2.639
1.835,2.587
1.716,2.476
1.591,2.397
1.496,2.354
0.967,2.524
0.674,2.427
0.463,2.584
0.219,2.745
0.138,2.457
-0.612,2.768
-0.853,2.317
-1.134,2.453
-1.556,2.479
-1.664,2.529
-1.653,2.407
-2.023,2.636
-2.329,2.259
-2.635,-0.369
-2.727,-1.132
2.886,0.792
2.903,-1.512
2.46,-0.524
0.994,-1.359
0.513,0.638
-0.32,1.947
-0.614,1.223
-1.07,-0.646
-1.543,-0.985
-0.082,-1.913
-0.14,2.526
-1.989,2.293
-2.013,0.096
-2.16,-0.222
-2.08,-0.361
-2.148,2.198
-2.261,-0.535
-2.39,1.795
-2.269,-1.478
-2.342,1.416
-2.364,-0.037
-2.366,1.304
-2.427,0.932
-2.519,1.407
-2.63,1.249
-2.539,0.134
-2.738,2.098
-2.781,0.0
-2.841,-0.78
-2.862,1.315
-3.012,-1.699
-3.072,0.356
-2.977,0.206
-3.087,-1.424
3.085,0.74
3.09,0.351
2.776,0.988
2.889,1.986
2.767,0.257
2.747,2.185
2.688,2.095
2.582,-0.074
2.514,0.91
2.497,0.105
2.263,2.236
2.283,-1.584
2.269,-1.378
2.042,1.985
2.132,-1.124
1.934,-1.5
1.774,0.471
1.777,-0.314
1.837,-0.533
1.825,-1.682
1.776,1.122
1.748,-0.582
1.603,-0.169
1.605,2.111
1.65,-0.63
1.199,-1.18
1.328,-0.612
1.223,0.602
1.227,-0.393
1.101,-1.332
1.194,1.824
1.111,-0.151
1.072,1.651
0.893,0.283
0.85,0.265
0.85,2.119
0.913,1.494
0.762,-0.566
0.757,-0.581
0.89,-1.021
0.733,0.136
0.841,2.225
0.827,1.084
0.692,-1.227
0.808,0.989
0.791,1.161
0.803,-0.626
0.703,-0.475
0.594,0.626
0.524,1.391
0.601,-1.67
0.59,0.713
0.468,2.272
0.421,0.342
0.532,-1.385
0.454,0.145
0.392,-0.135
0.205,1.937
0.24,-1.554
0.209,1.65
0.075,-1.088
0.172,-0.389
0.06,1.052
0.133,-1.371
-0.04,0.631
-0.08,-1.511
0.038,1.12
-0.098,-1.463
-0.16,-1.439
-0.296,0.671
-0.184,-0.298
-0.307,-1.562
-0.26,-1.714
-0.264,-1.437
-0.302,-0.362
-0.466,1.232
-0.637,1.926
-0.748,0.029
-0.766,-0.247
-0.772,-0.203
-0.77,0.741
-0.776,0.688
-0.798,0.623
-0.905,0.455
-0.937,-0.946
-0.972,0.547
-1.035,-1.034
-1.077,-0.237
-1.135,0.264
-1.446,-0.405
-1.341,-0.37
-1.612,-0.292
-1.49,0.042
-1.541,-0.577
-1.664,-1.567
-1.857,2.089
-1.733,0.316
-1.881,0.54
-1.891,-1.395
-1.809,1.756
-1.976,-0.868
-1.979,1.197
-1.992,1.801
-2.089,0.364
-1.998,-0.043
-2.286,-1.92
-2.756,-1.689
-2.989,-1.971
2.979,-2.027
2.861,-1.976
2.451,-1.772
1.816,-2.039
1.339,-1.983
1.145,-1.834
-0.519,-1.648
-0.719,-1.935
-0.756,-2.044
-1.048,-1.877
-0.991,-1.852
-2.094,-1.879
-2.278,2.302
-2.35,2.404
-2.776,2.589
3.047,2.509
1.922,2.606
1.553,2.303
1.69,2.309
1.332,2.346
1.455,2.427
1.22,2.644
1.053,2.617
0.931,2.344
0.541,2.462
0.396,2.379
0.511,2.742
0.518,2.46
0.034,2.623
-0.298,2.771
-0.561,2.694
-0.993,2.554
-1.452,2.523
-1.558,2.569
-1.597,2.531
1.259,0.162
0.811,-0.436
-0.422,-1.603
-0.684,-0.285
-1.019,0.4
2.015,0.947
0.543,1.691
-1.538,0.644
-1.559,0.443
-1.615,0.787
-1.837,-0.676
-2.545,1.288
2.758,-0.336
2.663,-0.048
2.514,0.461
2.779,-1.908
0.759,-1.432
0.54,2.411
-1.225,1.987
-1.313,2.22
-1.541,2.147
-1.466,1.966
-0.567,2.131
-0.097,2.578
0.038,1.076
-0.03,0.757
0.035,2.321
-0.007,2.0
-0.057,-1.072
-0.136,2.14
-0.2,-0.372
-0.191,0.823
-0.159,1.782
-0.226,0.371
-0.377,2.69
-0.459,-0.243
-0.475,-1.034
-0.484,2.273
-0.497,-0.851
-0.58,-0.339
-0.676,0.846
-0.645,0.968
-0.736,0.787
-0.706,2.582
-0.763,1.084
-0.835,0.318
-0.845,1.869
-0.859,0.235
-0.933,1.974
-0.881,1.573
-0.964,1.372
-0.983,0.268
-0.995,0.997
-0.958,0.482
-0.996,0.322
-1.013,0.108
-1.071,-0.276
-1.059,2.137
-1.096,0.867
-1.086,1.341
-1.116,-1.169
-1.134,1.077
-1.239,0.891
-1.273,1.207
-1.257,1.5
-1.321,0.49
-1.457,-0.982
-1.526,-0.072
-1.563,0.121
-1.503,0.299
-1.525,0.03
-1.592,-1.091
-1.619,1.27
-1.624,1.378
-1.703,0.492
-1.673,1.175
-1.751,2.545
-1.697,0.631
-1.677,1.642
-1.756,0.951
-1.717,-1.191
-1.762,0.297
-1.704,-0.767
-1.743,0.137
-1.854,-0.065
-1.861,0.317
-1.929,0.264
-1.876,-0.155
-1.903,0.468
-1.956,0.832
-1.924,0.238
-1.907,0.866
-1.925,-1.05
-1.94,-0.044
-1.968,1.455
-1.968,0.526
-1.966,1.016
-2.003,1.502
-2.007,2.5
-2.036,-1.129
-2.732,-1.246
-2.78,-1.183
2.619,-1.324
2.268,-1.285
1.587,-1.417
1.604,-1.278
1.084,-1.52
1.074,-1.264
1.044,-1.315
-0.042,-1.512
-0.583,-1.273
-0.78,-1.493
-1.342,-1.346
-1.75,-1.648
-2.117,3.116
-2.156,3.008
-2.339,2.841
-2.778,2.895
-2.768,3.161
3.066,3.204
2.678,3.046
2.441,2.826
2.452,3.124
1.843,3.072
1.724,2.961
1.599,2.882
1.504,2.839
0.975,3.009
0.682,2.912
0.471,3.069
0.227,3.23
0.146,2.942
-0.604,3.253
-0.845,2.802
-1.126,2.938
-1.548,2.964
-1.656,3.014
-1.645,2.892
-2.015,3.121
-2.321,2.744
-2.627,0.116
-2.719,-0.647
2.894,1.277
2.911,-1.027
2.468,-0.039
1.002,-0.874
0.521,1.123
-0.312,2.432
-0.606,1.708
-1.062,-0.161
-1.535,-0.5
-0.074,-1.428
-0.132,3.011
-1.981,2.778
-2.005,0.581
-2.152,0.263
-2.072,0.124
-2.14,2.683
-2.253,-0.05
-2.382,2.28
-2.261,-0.993
-2.334,1.901
-2.356,0.448
-2.358,1.789
-2.419,1.417
-2.511,1.892
-2.622,1.734
-2.531,0.619
-2.73,2.583
-2.773,0.485
-2.833,-0.295
-2.854,1.8
-3.004,-1.214
-3.064,0.841
-2.969,0.691
-3.079,-0.939
3.093,1.225
3.098,0.836
2.784,1.473
2.897,2.471
2.775,0.742
2.755,2.67
2.696,2.58
2.59,0.411
2.522,1.395
2.505,0.59
2.271,2.721
2.291,-1.099
2.277,-0.893
2.05,2.47
2.14,-0.639
1.942,-1.015
1.782,0.956
1.785,0.171
1.845,-0.048
1.833,-1.197
1.784,1.607
1.756,-0.097
1.611,0.316
1.613,2.596
1.658,-0.145
1.207,-0.695
1.336,-0.127
1.231,1.087
1.235,0.092
1.109,-0.847
1.202,2.309
1.119,0.334
1.08,2.136
0.901,0.768
0.858,0.75
0.858,2.604
0.921,1.979
0.77,-0.081
0.765,-0.096
0.898,-0.536
0.741,0.621
0.849,2.71
0.835,1.569
0.7,-0.742
0.816,1.474
0.799,1.646
0.811,-0.141
0.711,0.01
0.602,1.111
0.532,1.876
0.609,-1.185
0.598,1.198
0.476,2.757
0.429,0.827
0.54,-0.9
0.462,0.63
0.4,0.35
0.213,2.422
0.248,-1.069
0.217,2.135
0.083,-0.603
0.18,0.096
0.068,1.537
0.141,-0.886
-0.032,1.116
-0.072,-1.026
0.046,1.605
-0.09,-0.978
-0.152,-0.954
-0.288,1.156
-0.176,0.187
-0.299,-1.077
-0.252,-1.229
-0.256,-0.952
-0.294,0.123
-0.458,1.717
-0.629,2.411
-0.74,0.514
-0.758,0.238
-0.764,0.282
-0.762,1.226
-0.768,1.173
-0.79,1.108
-0.897,0.94
-0.929,-0.461
-0.964,1.032
-1.027,-0.549
-1.069,0.248
-1.127,0.749
-1.438,0.08
-1.333,0.115
-1.604,0.193
-1.482,0.527
-1.533,-0.092
-1.656,-1.082
-1.849,2.574
-1.725,0.801
-1.873,1.025
-1.883,-0.91
-1.801,2.241
-1.968,-0.383
-1.971,1.682
-1.984,2.286
-2.081,0.849
-1.99,0.442
-2.278,-1.435
-2.748,-1.204
-2.981,-1.486
2.987,-1.542
2.869,-1.491
2.459,-1.287
1.824,-1.554
1.347,-1.498
1.153,-1.349
-0.511,-1.163
-0.711,-1.45
-0.748,-1.559
-1.04,-1.392
-0.983,-1.367
-2.086,-1.394
-2.27,2.787
-2.342,2.889
-2.768,3.074
3.055,2.994
1.93,3.091
1.561,2.788
1.698,2.794
1.34,2.831
1.463,2.912
1.228,3.129
1.061,3.102
0.939,2.829
0.549,2.947
0.404,2.864
0.519,3.227
0.526,2.945
0.042,3.108
-0.29,3.256
-0.553,3.179
-0.985,3.039
-1.444,3.008
-1.55,3.054
-1.589,3.016
1.267,0.647
0.819,0.049
-0.414,-1.118
-0.676,0.2
-1.011,0.885
2.023,1.432
0.551,2.176
-1.53,1.129
-1.551,0.928
-1.607,1.272
-1.829,-0.191
-2.537,1.773
2.766,0.149
2.671,0.437
2.522,0.946
2.787,-1.423
0.767,-0.947
0.548,2.896
-1.217,2.472
-1.305,2.705
-1.533,2.632
-1.458,2.451
-0.559,2.616
-0.089,3.063
-0.068,-0.319
-0.003,1.245
-0.045,0.924
-0.095,-2.148
-0.174,1.064
-0.238,-1.448
-0.229,-0.253
-0.197,0.706
-0.264,-0.705
-0.415,1.614
-0.497,-1.319
-0.513,-2.11
-0.522,1.197
-0.535,-1.927
-0.618,-1.415
-0.714,-0.23
-0.683,-0.108
-0.774,-0.289
-0.744,1.506
-0.801,0.008
-0.873,-0.758
-0.883,0.793
-0.897,-0.841
-0.971,0.898
-0.919,0.497
-1.002,0.296
-1.021,-0.808
-1.033,-0.079
-0.996,-0.594
-1.034,-0.754
-1.051,-0.968
-1.109,-1.352
-1.097,1.061
-1.134,-0.209
-1.124,0.265
-1.154,-2.245
-1.172,0.001
-1.277,-0.185
-1.311,0.131
-1.295,0.424
-1.359,-0.586
-1.495,-2.058
-1.564,-1.148
-1.601,-0.955
-1.541,-0.777
-1.563,-1.046
-1.63,-2.167
-1.657,0.194
-1.662,0.302
-1.741,-0.584
-1.711,0.099
-1.789,1.469
-1.735,-0.445
-1.715,0.566
-1.794,-0.125
-1.755,-2.267
-1.8,-0.779
-1.742,-1.843
-1.781,-0.939
-1.892,-1.141
-1.899,-0.759
-1.967,-0.812
-1.914,-1.231
-1.941,-0.608
-1.994,-0.244
-1.962,-0.838
-1.945,-0.21
-1.963,-2.126
-1.978,-1.12
-2.006,0.379
-2.006,-0.55
-2.004,-0.06
-2.041,0.426
-2.045,1.424
-2.074,-2.205
-2.77,-2.322
-2.818,-2.259
2.581,-2.4
2.23,-2.361
1.549,-2.493
1.566,-2.354
1.046,-2.596
1.036,-2.34
1.006,-2.391
-0.08,-2.588
-0.621,-2.349
-0.818,-2.569
-1.38,-2.422
-1.788,-2.724
-2.155,2.04
-2.194,1.932
-2.377,1.765
-2.816,1.819
-2.806,2.085
3.028,2.128
2.64,1.97
2.403,1.75
2.414,2.048
1.805,1.996
1.686,1.885
1.561,1.806
1.466,1.763
0.937,1.933
0.644,1.836
0.433,1.993
0.189,2.154
0.108,1.866
-0.642,2.177
-0.883,1.726
-1.164,1.862
-1.586,1.888
-1.694,1.938
-1.683,1.816
-2.053,2.045
-2.359,1.668
-2.665,-0.96
-2.757,-1.723
2.856,0.201
2.873,-2.103
2.43,-1.115
0.964,-1.95
0.483,0.047
-0.35,1.356
-0.644,0.632
-1.1,-1.237
-1.573,-1.576
-0.112,-2.504
-0.17,1.935
-2.019,1.702
-2.043,-0.495
-2.19,-0.813
-2.11,-0.952
-2.178,1.607
-2.291,-1.126
-2.42,1.204
-2.299,-2.069
-2.372,0.825
-2.394,-0.628
-2.396,0.713
-2.457,0.341
-2.549,0.816
-2.66,0.658
-2.569,-0.457
-2.768,1.507
-2.811,-0.591
-2.871,-1.371
-2.892,0.724
-3.042,-2.29
-3.102,-0.235
-3.007,-0.385
-3.117,-2.015
3.055,0.149
3.06,-0.24
2.746,0.397
2.859,1.395
2.737,-0.334
2.717,1.594
2.658,1.504
2.552,-0.665
2.484,0.319
2.467,-0.486
2.233,1.645
2.253,-2.175
2.239,-1.969
2.012,1.394
2.102,-1.715
1.904,-2.091
1.744,-0.12
1.747,-0.905
1.807,-1.124
1.795,-2.273
1.746,0.531
1.718,-1.173
1.573,-0.76
1.575,1.52
1.62,-1.221
1.169,-1.771
1.298,-1.203
1.193,0.011
1.197,-0.984
1.071,-1.923
1.164,1.233
1.081,-0.742
1.042,1.06
0.863,-0.308
0.82,-0.326
0.82,1.528
0.883,0.903
0.732,-1.157
0.727,-1.172
0.86,-1.612
0.703,-0.455
0.811,1.634
0.797,0.493
0.662,-1.818
0.778,0.398
0.761,0.57
0.773,-1.217
0.673,-1.066
0.564,0.035
0.494,0.8
0.571,-2.261
0.56,0.122
0.438,1.681
0.391,-0.249
0.502,-1.976
0.424,-0.446
0.362,-0.726
0.175,1.346
0.21,-2.145
0.179,1.059
0.045,-1.679
0.142,-0.98
0.03,0.461
0.103,-1.962
-0.07,0.04
-0.11,-2.102
0.008,0.529
-0.128,-2.054
-0.19,-2.03
-0.326,0.08
-0.214,-0.889
-0.337,-2.153
-0.29,-2.305
-0.294,-2.028
-0.332,-0.953
-0.496,0.641
-0.667,1.335
-0.778,-0.562
-0.796,-0.838
-0.802,-0.794
-0.8,0.15
-0.806,0.097
-0.828,0.032
-0.935,-0.136
-0.967,-1.537
-1.002,-0.044
-1.065,-1.625
-1.107,-0.828
-1.165,-0.327
-1.476,-0.996
-1.371,-0.961
-1.642,-0.883
-1.52,-0.549
-1.571,-1.168
-1.694,-2.158
-1.887,1.498
-1.763,-0.275
-1.911,-0.051
-1.921,-1.986
-1.839,1.165
-2.006,-1.459
-2.009,0.606
-2.022,1.21
-2.119,-0.227
-2.028,-0.634
-2.316,-2.511
-2.786,-2.28
-3.019,-2.562
2.949,-2.618
2.831,-2.567
2.421,-2.363
1.786,-2.63
1.309,-2.574
1.115,-2.425
-0.549,-2.239
-0.749,-2.526
-0.786,-2.635
-1.078,-2.468
-1.021,-2.443
-2.124,-2.47
-2.308,1.711
-2.38,1.813
-2.806,1.998
3.017,1.918
1.892,2.015
1.523,1.712
1.66,1.718
1.302,1.755
1.425,1.836
1.19,2.053
1.023,2.026
0.901,1.753
0.511,1.871
0.366,1.788
0.481,2.151
0.488,1.869
0.004,2.032
-0.328,2.18
-0.591,2.103
-1.023,1.963
-1.482,1.932
-1.588,1.978
-1.627,1.94
1.229,-0.429
0.781,-1.027
-0.452,-2.194
-0.714,-0.876
-1.049,-0.191
1.985,0.356
0.513,1.1
-1.568,0.053
-1.589,-0.148
-1.645,0.196
-1.867,-1.267
-2.575,0.697
2.728,-0.927
2.633,-0.639
2.484,-0.13
2.749,-2.499
0.729,-2.023
0.51,1.82
-1.255,1.396
-1.343,1.629
-1.571,1.556
-1.496,1.375
-0.597,1.54
-0.127,1.987
0.065,1.564
0.023,1.243
-0.027,-1.829
-0.106,1.383
-0.17,-1.129
-0.161,0.066
-0.129,1.025
-0.196,-0.386
-0.347,1.933
-0.429,-1.0
-0.445,-1.791
-0.454,1.516
-0.467,-1.608
-0.55,-1.096
-0.646,0.089
-0.615,0.211
-0.706,0.03
-0.676,1.825
-0.733,0.327
-0.805,-0.439
-0.815,1.112
-0.829,-0.522
-0.903,1.217
-0.851,0.816
-0.934,0.615
-0.953,-0.489
-0.965,0.24
-0.928,-0.275
-0.966,-0.435
-0.983,-0.649
-1.041,-1.033
-1.029,1.38
-1.066,0.11
-1.056,0.584
-1.086,-1.926
-1.104,0.32
-1.209,0.134
-1.243,0.45
-1.227,0.743
-1.291,-0.267
-1.427,-1.739
-1.496,-0.829
-1.533,-0.636
-1.473,-0.458
-1.495,-0.727
-1.562,-1.848
-1.589,0.513
-1.594,0.621
-1.673,-0.265
-1.643,0.418
-1.721,1.788
-1.667,-0.126
-1.647,0.885
-1.726,0.194
-1.687,-1.948
-1.732,-0.46
-1.674,-1.524
-1.713,-0.62
-1.824,-0.822
-1.831,-0.44
-1.899,-0.493
-1.846,-0.912
-1.873,-0.289
-1.926,0.075
-1.894,-0.519
-1.877,0.109
-1.895,-1.807
-1.91,-0.801
-1.938,0.698
-1.938,-0.231
-1.936,0.259
-1.973,0.745
-1.977,1.743
-2.006,-1.886
-2.702,-2.003
-2.75,-1.94
2.649,-2.081
2.298,-2.042
1.617,-2.174
1.634,-2.035
1.114,-2.277
1.104,-2.021
1.074,-2.072
-0.012,-2.269
-0.553,-2.03
-0.75,-2.25
-1.312,-2.103
-1.72,-2.405
-2.087,2.359
-2.126,2.251
-2.309,2.084
-2.748,2.138
-2.738,2.404
3.096,2.447
2.708,2.289
2.471,2.069
2.482,2.367
1.873,2.315
1.754,2.204
1.629,2.125
1.534,2.082
1.005,2.252
0.712,2.155
0.501,2.312
0.257,2.473
0.176,2.185
-0.574,2.496
-0.815,2.045
-1.096,2.181
-1.518,2.207
-1.626,2.257
-1.615,2.135
-1.985,2.364
-2.291,1.987
-2.597,-0.641
-2.689,-1.404
2.924,0.52
2.941,-1.784
2.498,-0.796
1.032,-1.631
0.551,0.366
-0.282,1.675
-0.576,0.951
-1.032,-0.918
-1.505,-1.257
-0.044,-2.185
-0.102,2.254
-1.951,2.021
-1.975,-0.176
-2.122,-0.494
-2.042,-0.633
-2.11,1.926
-2.223,-0.807
-2.352,1.523
-2.231,-1.75
-2.304,1.144
-2.326,-0.309
-2.328,1.032
-2.389,0.66
-2.481,1.135
-2.592,0.977
-2.501,-0.138
-2.7,1.826
-2.743,-0.272
-2.803,-1.052
-2.824,1.043
-2.974,-1.971
-3.034,0.084
-2.939,-0.066
-3.049,-1.696
3.123,0.468
3.128,0.079
2.814,0.716
2.927,1.714
2.805,-0.015
2.785,1.913
2.726,1.823
2.62,-0.346
2.552,0.638
2.535,-0.167
2.301,1.964
2.321,-1.856
2.307,-1.65
2.08,1.713
2.17,-1.396
1.972,-1.772
1.812,0.199
1.815,-0.586
1.875,-0.805
1.863,-1.954
1.814,0.85
1.786,-0.854
1.641,-0.441
1.643,1.839
1.688,-0.902
1.237,-1.452
1.366,-0.884
1.261,0.33
1.265,-0.665
1.139,-1.604
1.232,1.552
1.149,-0.423
1.11,1.379
0.931,0.011
0.888,-0.007
0.888,1.847
0.951,1.222
0.8,-0.838
0.795,-0.853
0.928,-1.293
0.771,-0.136
0.879,1.953
0.865,0.812
0.73,-1.499
0.846,0.717
0.829,0.889
0.841,-0.898
0.741,-0.747
0.632,0.354
0.562,1.119
0.639,-1.942
0.628,0.441
0.506,2.0
0.459,0.07
0.57,-1.657
0.492,-0.127
0.43,-0.407
0.243,1.665
0.278,-1.826
0.247,1.378
0.113,-1.36
0.21,-0.661
0.098,0.78
0.171,-1.643
-0.002,0.359
-0.042,-1.783
0.076,0.848
-0.06,-1.735
-0.122,-1.711
-0.258,0.399
-0.146,-0.57
-0.269,-1.834
-0.222,-1.986
-0.226,-1.709
-0.264,-0.634
-0.428,0.96
-0.599,1.654
-0.71,-0.243
-0.728,-0.519
-0.734,-0.475
-0.732,0.469
-0.738,0.416
-0.76,0.351
-0.867,0.183
-0.899,-1.218
-0.934,0.275
-0.997,-1.306
-1.039,-0.509
-1.097,-0.008
-1.408,-0.677
-1.303,-0.642
-1.574,-0.564
-1.452,-0.23
-1.503,-0.849
-1.626,-1.839
-1.819,1.817
-1.695,0.044
-1.843,0.268
-1.853,-1.667
-1.771,1.484
-1.938,-1.14
-1.941,0.925
-1.954,1.529
-2.051,0.092
-1.96,-0.315
-2.248,-2.192
-2.718,-1.961
-2.951,-2.243
3.017,-2.299
2.899,-2.248
2.489,-2.044
1.854,-2.311
1.377,-2.255
1.183,-2.106
-0.481,-1.92
-0.681,-2.207
-0.718,-2.316
-1.01,-2.149
-0.953,-2.124
-2.056,-2.151
-2.24,2.03
-2.312,2.132
-2.738,2.317
3.085,2.237
1.96,2.334
1.591,2.031
1.728,2.037
1.37,2.074
1.493,2.155
1.258,2.372
1.091,2.345
0.969,2.072
0.579,2.19
0.434,2.107
0.549,2.47
0.556,2.188
0.072,2.351
-0.26,2.499
-0.523,2.422
-0.955,2.282
-1.414,2.251
-1.52,2.297
-1.559,2.259
1.297,-0.11
0.849,-0.708
-0.384,-1.875
-0.646,-0.557
-0.981,0.128
2.053,0.675
0.581,1.419
-1.5,0.372
-1.521,0.171
-1.577,0.515
-1.799,-0.948
-2.507,1.016
2.796,-0.608
2.701,-0.32
2.552,0.189
2.817,-2.18
0.797,-1.704
0.578,2.139
-1.187,1.715
-1.275,1.948
-1.503,1.875
-1.428,1.694
-0.529,1.859
-0.059,2.306
-0.042,-0.321
-0.092,-3.393
-0.171,-0.181
-0.235,-2.693
-0.226,-1.498
-0.194,-0.539
-0.261,-1.95
-0.412,0.369
-0.494,-2.564
-0.51,-3.355
-0.519,-0.048
-0.532,-3.172
-0.615,-2.66
-0.711,-1.475
-0.68,-1.353
-0.771,-1.534
-0.741,0.261
-0.798,-1.237
-0.87,-2.003
-0.88,-0.452
-0.894,-2.086
-0.968,-0.347
-0.916,-0.748
-0.999,-0.949
-1.018,-2.053
-1.03,-1.324
-0.993,-1.839
-1.031,-1.999
-1.048,-2.213
-1.106,-2.597
-1.094,-0.184
-1.131,-1.454
-1.121,-0.98
-1.151,-3.49
-1.169,-1.244
-1.274,-1.43
-1.308,-1.114
-1.292,-0.821
-1.356,-1.831
-1.492,-3.303
-1.561,-2.393
-1.598,-2.2
-1.538,-2.022
-1.56,-2.291
-1.627,-3.412
-1.654,-1.051
-1.659,-0.943
-1.738,-1.829
-1.708,-1.146
-1.786,0.224
-1.732,-1.69
-1.712,-0.679
-1.791,-1.37
-1.752,-3.512
-1.797,-2.024
-1.739,-3.088
-1.778,-2.184
-1.889,-2.386
-1.896,-2.004
-1.964,-2.057
-1.911,-2.476
-1.938,-1.853
-1.991,-1.489
-1.959,-2.083
-1.942,-1.455
-1.96,-3.371
-1.975,-2.365
-2.003,-0.866
-2.003,-1.795
-2.001,-1.305
-2.038,-0.819
-2.042,0.179
-2.071,-3.45
-2.767,-3.567
-2.815,-3.504
2.584,-3.645
2.233,-3.606
1.552,-3.738
1.569,-3.599
1.049,-3.841
1.039,-3.585
1.009,-3.636
-0.077,-3.833
-0.618,-3.594
-0.815,-3.814
-1.377,-3.667
-1.785,-3.969
-2.152,0.795
-2.191,0.687
-2.374,0.52
-2.813,0.574
-2.803,0.84
3.031,0.883
2.643,0.725
2.406,0.505
2.417,0.803
1.808,0.751
1.689,0.64
1.564,0.561
1.469,0.518
0.94,0.688
0.647,0.591
0.436,0.748
0.192,0.909
0.111,0.621
-0.639,0.932
-0.88,0.481
-1.161,0.617
-1.583,0.643
-1.691,0.693
-1.68,0.571
-2.05,0.8
-2.356,0.423
-2.662,-2.205
-2.754,-2.968
2.859,-1.044
2.876,-3.348
2.433,-2.36
0.967,-3.195
0.486,-1.198
-0.347,0.111
-0.641,-0.613
-1.097,-2.482
-1.57,-2.821
-0.109,-3.749
-0.167,0.69
-2.016,0.457
-2.04,-1.74
-2.187,-2.058
-2.107,-2.197
-2.175,0.362
-2.288,-2.371
-2.417,-0.041
-2.296,-3.314
-2.369,-0.42
-2.391,-1.873
-2.393,-0.532
-2.454,-0.904
-2.546,-0.429
-2.657,-0.587
-2.566,-1.702
-2.765,0.262
-2.808,-1.836
-2.868,-2.616
-2.889,-0.521
-3.039,-3.535
-3.099,-1.48
-3.004,-1.63
-3.114,-3.26
3.058,-1.096
3.063,-1.485
2.749,-0.848
2.862,0.15
2.74,-1.579
2.72,0.349
2.661,0.259
2.555,-1.91
2.487,-0.926
2.47,-1.731
2.236,0.4
2.256,-3.42
2.242,-3.214
2.015,0.149
2.105,-2.96
1.907,-3.336
1.747,-1.365
1.75,-2.15
1.81,-2.369
1.798,-3.518
1.749,-0.714
1.721,-2.418
1.576,-2.005
1.578,0.275
1.623,-2.466
1.172,-3.016
1.301,-2.448
1.196,-1.234
1.2,-2.229
1.074,-3.168
1.167,-0.012
1.084,-1.987
1.045,-0.185
0.866,-1.553
0.823,-1.571
0.823,0.283
0.886,-0.342
0.735,-2.402
0.73,-2.417
0.863,-2.857
0.706,-1.7
0.814,0.389
0.8,-0.752
0.665,-3.063
0.781,-0.847
0.764,-0.675
0.776,-2.462
0.676,-2.311
0.567,-1.21
0.497,-0.445
0.574,-3.506
0.563,-1.123
0.441,0.436
0.394,-1.494
0.505,-3.221
0.427,-1.691
0.365,-1.971
0.178,0.101
0.213,-3.39
0.182,-0.186
0.048,-2.924
0.145,-2.225
0.033,-0.784
0.106,-3.207
-0.067,-1.205
-0.107,-3.347
0.011,-0.716
-0.125,-3.299
-0.187,-3.275
-0.323,-1.165
-0.211,-2.134
-0.334,-3.398
-0.287,-3.55
-0.291,-3.273
-0.329,-2.198
-0.493,-0.604
-0.664,0.09
-0.775,-1.807
-0.793,-2.083
-0.799,-2.039
-0.797,-1.095
-0.803,-1.148
-0.825,-1.213
-0.932,-1.381
-0.964,-2.782
-0.999,-1.289
-1.062,-2.87
-1.104,-2.073
-1.162,-1.572
-1.473,-2.241
-1.368,-2.206
-1.639,-2.128
-1.517,-1.794
-1.568,-2.413
-1.691,-3.403
-1.884,0.253
-1.76,-1.52
-1.908,-1.296
-1.918,-3.231
-1.836,-0.08
-2.003,-2.704
-2.006,-0.639
-2.019,-0.035
-2.116,-1.472
-2.025,-1.879
-2.313,-3.756
-2.783,-3.525
-3.016,-3.807
2.952,-3.863
2.834,-3.812
2.424,-3.608
1.789,-3.875
1.312,-3.819
1.118,-3.67
-0.546,-3.484
-0.746,-3.771
-0.783,-3.88
-1.075,-3.713
-1.018,-3.688
-2.121,-3.715
-2.305,0.466
-2.377,0.568
-2.803,0.753
3.02,0.673
1.895,0.77
1.526,0.467
1.663,0.473
1.305,0.51
1.428,0.591
1.193,0.808
1.026,0.781
0.904,0.508
0.514,0.626
0.369,0.543
0.484,0.906
0.491,0.624
0.007,0.787
-0.325,0.935
-0.588,0.858
-1.02,0.718
-1.479,0.687
-1.585,0.733
-1.624,0.695
1.232,-1.674
0.784,-2.272
-0.449,-3.439
-0.711,-2.121
-1.046,-1.436
1.988,-0.889
0.516,-0.145
-1.565,-1.192
-1.586,-1.393
-1.642,-1.049
-1.864,-2.512
-2.572,-0.548
2.731,-2.172
2.636,-1.884
2.487,-1.375
2.752,-3.744
0.732,-3.268
0.513,0.575
-1.252,0.151
-1.34,0.384
-1.568,0.311
-1.493,0.13
-0.594,0.295
-0.124,0.742
-0.05,-3.072
-0.129,0.14
-0.193,-2.372
-0.184,-1.177
-0.152,-0.218
-0.219,-1.629
-0.37,0.69
-0.452,-2.243
-0.468,-3.034
-0.477,0.273
-0.49,-2.851
-0.573,-2.339
-0.669,-1.154
-0.638,-1.032
-0.729,-1.213
-0.699,0.582
-0.756,-0.916
-0.828,-1.682
-0.838,-0.131
-0.852,-1.765
-0.926,-0.026
-0.874,-0.427
-0.957,-0.628
-0.976,-1.732
-0.988,-1.003
-0.951,-1.518
-0.989,-1.678
-1.006,-1.892
-1.064,-2.276
-1.052,0.137
-1.089,-1.133
-1.079,-0.659
-1.109,-3.169
-1.127,-0.923
-1.232,-1.109
-1.266,-0.793
-1.25,-0.5
-1.314,-1.51
-1.45,-2.982
-1.519,-2.072
-1.556,-1.879
-1.496,-1.701
-1.518,-1.97
-1.585,-3.091
-1.612,-0.73
-1.617,-0.622
-1.696,-1.508
-1.666,-0.825
-1.744,0.545
-1.69,-1.369
-1.67,-0.358
-1.749,-1.049
-1.71,-3.191
-1.755,-1.703
-1.697,-2.767
-1.736,-1.863
-1.847,-2.065
-1.854,-1.683
-1.922,-1.736
-1.869,-2.155
-1.896,-1.532
-1.949,-1.168
-1.917,-1.762
-1.9,-1.134
-1.918,-3.05
-1.933,-2.044
-1.961,-0.545
-1.961,-1.474
-1.959,-0.984
-1.996,-0.498
-2.0,0.5
-2.029,-3.129
-2.725,-3.246
-2.773,-3.183
2.626,-3.324
2.275,-3.285
1.594,-3.417
1.611,-3.278
1.091,-3.52
1.081,-3.264
1.051,-3.315
-0.035,-3.512
-0.576,-3.273
-0.773,-3.493
-1.335,-3.346
-1.743,-3.648
-2.11,1.116
-2.149,1.008
-2.332,0.841
-2.771,0.895
-2.761,1.161
3.073,1.204
2.685,1.046
2.448,0.826
2.459,1.124
1.85,1.072
1.731,0.961
1.606,0.882
1.511,0.839
0.982,1.009
0.689,0.912
0.478,1.069
0.234,1.23
0.153,0.942
-0.597,1.253
-0.838,0.802
-1.119,0.938
-1.541,0.964
-1.649,1.014
-1.638,0.892
-2.008,1.121
-2.314,0.744
-2.62,-1.884
-2.712,-2.647
2.901,-0.723
2.918,-3.027
2.475,-2.039
1.009,-2.874
0.528,-0.877
-0.305,0.432
-0.599,-0.292
-1.055,-2.161
-1.528,-2.5
-0.067,-3.428
-0.125,1.011
-1.974,0.778
-1.998,-1.419
-2.145,-1.737
-2.065,-1.876
-2.133,0.683
-2.246,-2.05
-2.375,0.28
-2.254,-2.993
-2.327,-0.099
-2.349,-1.552
-2.351,-0.211
-2.412,-0.583
-2.504,-0.108
-2.615,-0.266
-2.524,-1.381
-2.723,0.583
-2.766,-1.515
-2.826,-2.295
-2.847,-0.2
-2.997,-3.214
-3.057,-1.159
-2.962,-1.309
-3.072,-2.939
3.1,-0.775
3.105,-1.164
2.791,-0.527
2.904,0.471
2.782,-1.258
2.762,0.67
2.703,0.58
2.597,-1.589
2.529,-0.605
2.512,-1.41
2.278,0.721
2.298,-3.099
2.284,-2.893
2.057,0.47
2.147,-2.639
1.949,-3.015
1.789,-1.044
1.792,-1.829
1.852,-2.048
1.84,-3.197
1.791,-0.393
1.763,-2.097
1.618,-1.684
1.62,0.596
1.665,-2.145
1.214,-2.695
1.343,-2.127
1.238,-0.913
1.242,-1.908
1.116,-2.847
1.209,0.309
1.126,-1.666
1.087,0.136
0.908,-1.232
0.865,-1.25
0.865,0.604
0.928,-0.021
0.777,-2.081
0.772,-2.096
0.905,-2.536
0.748,-1.379
0.856,0.71
0.842,-0.431
0.707,-2.742
0.823,-0.526
0.806,-0.354
0.818,-2.141
0.718,-1.99
0.609,-0.889
0.539,-0.124
0.616,-3.185
0.605,-0.802
0.483,0.757
0.436,-1.173
0.547,-2.9
0.469,-1.37
0.407,-1.65
0.22,0.422
0.255,-3.069
0.224,0.135
0.09,-2.603
0.187,-1.904
0.075,-0.463
0.148,-2.886
-0.025,-0.884
-0.065,-3.026
0.053,-0.395
-0.083,-2.978
-0.145,-2.954
-0.281,-0.844
-0.169,-1.813
-0.292,-3.077
-0.245,-3.229
-0.249,-2.952
-0.287,-1.877
-0.451,-0.283
-0.622,0.411
-0.733,-1.486
-0.751,-1.762
-0.757,-1.718
-0.755,-0.774
-0.761,-0.827
-0.783,-0.892
-0.89,-1.06
-0.922,-2.461
-0.957,-0.968
-1.02,-2.549
-1.062,-1.752
-1.12,-1.251
-1.431,-1.92
-1.326,-1.885
-1.597,-1.807
-1.475,-1.473
-1.526,-2.092
-1.649,-3.082
-1.842,0.574
-1.718,-1.199
-1.866,-0.975
-1.876,-2.91
-1.794,0.241
-1.961,-2.383
-1.964,-0.318
-1.977,0.286
-2.074,-1.151
-1.983,-1.558
-2.271,-3.435
-2.741,-3.204
-2.974,-3.486
2.994,-3.542
2.876,-3.491
2.466,-3.287
1.831,-3.554
1.354,-3.498
1.16,-3.349
-0.504,-3.163
-0.704,-3.45
-0.741,-3.559
-1.033,-3.392
-0.976,-3.367
-2.079,-3.394
-2.263,0.787
-2.335,0.889
-2.761,1.074
3.062,0.994
1.937,1.091
1.568,0.788
1.705,0.794
1.347,0.831
1.47,0.912
1.235,1.129
1.068,1.102
0.946,0.829
0.556,0.947
0.411,0.864
0.526,1.227
0.533,0.945
0.049,1.108
-0.283,1.256
-0.546,1.179
-0.978,1.039
-1.437,1.008
-1.543,1.054
-1.582,1.016
1.274,-1.353
0.826,-1.951
-0.407,-3.118
-0.669,-1.8
-1.004,-1.115
2.03,-0.568
0.558,0.176
-1.523,-0.871
-1.544,-1.072
-1.6,-0.728
-1.822,-2.191
-2.53,-0.227
2.773,-1.851
2.678,-1.563
2.529,-1.054
2.794,-3.423
0.774,-2.947
0.555,0.896
-1.21,0.472
-1.298,0.705
-1.526,0.632
-1.451,0.451
-0.552,0.616
-0.082,1.063
-0.079,3.212
-0.143,0.7
-0.134,1.895
-0.102,2.854
-0.169,1.443
-0.32,3.762
-0.402,0.829
-0.418,0.038
-0.427,3.345
-0.44,0.221
-0.523,0.733
-0.619,1.918
-0.588,2.04
-0.679,1.859
-0.649,3.654
-0.706,2.156
-0.778,1.39
-0.788,2.941
-0.802,1.307
-0.876,3.046
-0.824,2.645
-0.907,2.444
-0.926,1.34
-0.938,2.069
-0.901,1.554
-0.939,1.394
-0.956,1.18
-1.014,0.796
-1.002,3.209
-1.039,1.939
-1.029,2.413
-1.059,-0.097
-1.077,2.149
-1.182,1.963
-1.216,2.279
-1.2,2.572
-1.264,1.562
-1.4,0.09
-1.469,1.0
-1.506,1.193
-1.446,1.371
-1.468,1.102
-1.535,-0.019
-1.562,2.342
-1.567,2.45
-1.646,1.564
-1.616,2.247
-1.694,3.617
-1.64,1.703
-1.62,2.714
-1.699,2.023
-1.66,-0.119
-1.705,1.369
-1.647,0.305
-1.686,1.209
-1.797,1.007
-1.804,1.389
-1.872,1.336
-1.819,0.917
-1.846,1.54
-1.899,1.904
-1.867,1.31
-1.85,1.938
-1.868,0.022
-1.883,1.028
-1.911,2.527
-1.911,1.598
-1.909,2.088
-1.946,2.574
-1.95,3.572
-1.979,-0.057
-2.675,-0.174
-2.723,-0.111
2.676,-0.252
2.325,-0.213
1.644,-0.345
1.661,-0.206
1.141,-0.448
1.131,-0.192
1.101,-0.243
0.015,-0.44
-0.526,-0.201
-0.723,-0.421
-1.285,-0.274
-1.693,-0.576
-2.06,4.188
-2.099,4.08
-2.282,3.913
-2.721,3.967
-2.711,4.233
3.123,4.276
2.735,4.118
2.498,3.898
2.509,4.196
1.9,4.144
1.781,4.033
1.656,3.954
1.561,3.911
1.032,4.081
0.739,3.984
0.528,4.141
0.284,4.302
0.203,4.014
-0.547,4.325
-0.788,3.874
-1.069,4.01
-1.491,4.036
-1.599,4.086
-1.588,3.964
-1.958,4.193
-2.264,3.816
-2.57,1.188
-2.662,0.425
2.951,2.349
2.968,0.045
2.525,1.033
1.059,0.198
0.578,2.195
-0.255,3.504
-0.549,2.78
-1.005,0.911
-1.478,0.572
-0.017,-0.356
-0.075,4.083
-1.924,3.85
-1.948,1.653
-2.095,1.335
-2.015,1.196
-2.083,3.755
-2.196,1.022
-2.325,3.352
-2.204,0.079
-2.277,2.973
-2.299,1.52
-2.301,2.861
-2.362,2.489
-2.454,2.964
-2.565,2.806
-2.474,1.691
-2.673,3.655
-2.716,1.557
-2.776,0.777
-2.797,2.872
-2.947,-0.142
-3.007,1.913
-2.912,1.763
-3.022,0.133
-3.133,2.297
-3.128,1.908
2.841,2.545
2.954,3.543
2.832,1.814
2.812,3.742
2.753,3.652
2.647,1.483
2.579,2.467
2.562,1.662
2.328,3.793
2.348,-0.027
2.334,0.179
2.107,3.542
2.197,0.433
1.999,0.057
1.839,2.028
1.842,1.243
1.902,1.024
1.89,-0.125
1.841,2.679
1.813,0.975
1.668,1.388
1.67,3.668
1.715,0.927
1.264,0.377
1.393,0.945
1.288,2.159
1.292,1.164
1.166,0.225
1.259,3.381
1.176,1.406
1.137,3.208
0.958,1.84
0.915,1.822
0.915,3.676
0.978,3.051
0.827,0.991
0.822,0.976
0.955,0.536
0.798,1.693
0.906,3.782
0.892,2.641
0.757,0.33
0.873,2.546
0.856,2.718
0.868,0.931
0.768,1.082
0.659,2.183
0.589,2.948
0.666,-0.113
0.655,2.27
0.533,3.829
0.486,1.899
0.597,0.172
0.519,1.702
0.457,1.422
0.27,3.494
0.305,0.003
0.274,3.207
0.14,0.469
0.237,1.168
0.125,2.609
0.198,0.186
0.025,2.188
-0.015,0.046
0.103,2.677
-0.033,0.094
-0.095,0.118
-0.231,2.228
-0.119,1.259
-0.242,-0.005
-0.195,-0.157
-0.199,0.12
-0.237,1.195
-0.401,2.789
-0.572,3.483
-0.683,1.586
-0.701,1.31
-0.707,1.354
-0.705,2.298
-0.711,2.245
-0.733,2.18
-0.84,2.012
-0.872,0.611
-0.907,2.104
-0.97,0.523
-1.012,1.32
-1.07,1.821
-1.381,1.152
-1.276,1.187
-1.547,1.265
-1.425,1.599
-1.476,0.98
-1.599,-0.01
-1.792,3.646
-1.668,1.873
-1.816,2.097
-1.826,0.162
-1.744,3.313
-1.911,0.689
-1.914,2.754
-1.927,3.358
-2.024,1.921
-1.933,1.514
-2.221,-0.363
-2.691,-0.132
-2.924,-0.414
3.044,-0.47
2.926,-0.419
2.516,-0.215
1.881,-0.482
1.404,-0.426
1.21,-0.277
-0.454,-0.091
-0.654,-0.378
-0.691,-0.487
-0.983,-0.32
-0.926,-0.295
-2.029,-0.322
-2.213,3.859
-2.285,3.961
-2.711,4.146
3.112,4.066
1.987,4.163
1.618,3.86
1.755,3.866
1.397,3.903
1.52,3.984
1.285,4.201
1.118,4.174
0.996,3.901
0.606,4.019
0.461,3.936
0.576,4.299
0.583,4.017
0.099,4.18
-0.233,4.328
-0.496,4.251
-0.928,4.111
-1.387,4.08
-1.493,4.126
-1.532,4.088
1.324,1.719
0.876,1.121
-0.357,-0.046
-0.619,1.272
-0.954,1.957
2.08,2.504
0.608,3.248
-1.473,2.201
-1.494,2.0
-1.55,2.344
-1.772,0.881
-2.48,2.845
2.823,1.221
2.728,1.509
2.579,2.018
2.844,-0.351
0.824,0.125
0.605,3.968
-1.16,3.544
-1.248,3.777
-1.476,3.704
-1.401,3.523
-0.502,3.688
-0.032,4.135
-0.064,-2.512
-0.055,-1.317
-0.023,-0.358
-0.09,-1.769
-0.241,0.55
-0.323,-2.383
-0.339,-3.174
-0.348,0.133
-0.361,-2.991
-0.444,-2.479
-0.54,-1.294
-0.509,-1.172
-0.6,-1.353
-0.57,0.442
-0.627,-1.056
-0.699,-1.822
-0.709,-0.271
-0.723,-1.905
-0.797,-0.166
-0.745,-0.567
-0.828,-0.768
-0.847,-1.872
-0.859,-1.143
-0.822,-1.658
-0.86,-1.818
-0.877,-2.032
-0.935,-2.416
-0.923,-0.003
-0.96,-1.273
-0.95,-0.799
-0.98,-3.309
-0.998,-1.063
-1.103,-1.249
-1.137,-0.933
-1.121,-0.64
-1.185,-1.65
-1.321,-3.122
-1.39,-2.212
-1.427,-2.019
-1.367,-1.841
-1.389,-2.11
-1.456,-3.231
-1.483,-0.87
-1.488,-0.762
-1.567,-1.648
-1.537,-0.965
-1.615,0.405
-1.561,-1.509
-1.541,-0.498
-1.62,-1.189
-1.581,-3.331
-1.626,-1.843
-1.568,-2.907
-1.607,-2.003
-1.718,-2.205
-1.725,-1.823
-1.793,-1.876
-1.74,-2.295
-1.767,-1.672
-1.82,-1.308
-1.788,-1.902
-1.771,-1.274
-1.789,-3.19
-1.804,-2.184
-1.832,-0.685
-1.832,-1.614
-1.83,-1.124
-1.867,-0.638
-1.871,0.36
-1.9,-3.269
-2.596,-3.386
-2.644,-3.323
2.755,-3.464
2.404,-3.425
1.723,-3.557
1.74,-3.418
1.22,-3.66
1.21,-3.404
1.18,-3.455
0.094,-3.652
-0.447,-3.413
-0.644,-3.633
-1.206,-3.486
-1.614,-3.788
-1.981,0.976
-2.02,0.868
-2.203,0.701
-2.642,0.755
-2.632,1.021
-3.081,1.064
2.814,0.906
2.577,0.686
2.588,0.984
1.979,0.932
1.86,0.821
1.735,0.742
1.64,0.699
1.111,0.869
0.818,0.772
0.607,0.929
0.363,1.09
0.282,0.802
-0.468,1.113
-0.709,0.662
-0.99,0.798
-1.412,0.824
-1.52,0.874
-1.509,0.752
-1.879,0.981
-2.185,0.604
-2.491,-2.024
-2.583,-2.787
3.03,-0.863
3.047,-3.167
2.604,-2.179
1.138,-3.014
0.657,-1.017
-0.176,0.292
-0.47,-0.432
-0.926,-2.301
-1.399,-2.64
0.062,-3.568
0.004,0.871
-1.845,0.638
-1.869,-1.559
-2.016,-1.877
-1.936,-2.016
-2.004,0.543
-2.117,-2.19
-2.246,0.14
-2.125,-3.133
-2.198,-0.239
-2.22,-1.692
-2.222,-0.351
-2.283,-0.723
-2.375,-0.248
-2.486,-0.406
-2.395,-1.521
-2.594,0.443
-2.637,-1.655
-2.697,-2.435
-2.718,-0.34
-2.868,-3.354
-2.928,-1.299
-2.833,-1.449
-2.943,-3.079
-3.054,-0.915
-3.049,-1.304
2.92,-0.667
3.033,0.331
2.911,-1.398
2.891,0.53
2.832,0.44
2.726,-1.729
2.658,-0.745
2.641,-1.55
2.407,0.581
2.427,-3.239
2.413,-3.033
2.186,0.33
2.276,-2.779
2.078,-3.155
1.918,-1.184
1.921,-1.969
1.981,-2.188
1.969,-3.337
1.92,-0.533
1.892,-2.237
1.747,-1.824
1.749,0.456
1.794,-2.285
1.343,-2.835
1.472,-2.267
1.367,-1.053
1.371,-2.048
1.245,-2.987
1.338,0.169
1.255,-1.806
1.216,-0.004
1.037,-1.372
0.994,-1.39
0.994,0.464
1.057,-0.161
0.906,-2.221
0.901,-2.236
1.034,-2.676
0.877,-1.519
0.985,0.57
0.971,-0.571
0.836,-2.882
0.952,-0.666
0.935,-0.494
0.947,-2.281
0.847,-2.13
0.738,-1.029
0.668,-0.264
0.745,-3.325
0.734,-0.942
0.612,0.617
0.565,-1.313
0.676,-3.04
0.598,-1.51
0.536,-1.79
0.349,0.282
0.384,-3.209
0.353,-0.005
0.219,-2.743
0.316,-2.044
0.204,-0.603
0.277,-3.026
0.104,-1.024
0.064,-3.166
0.182,-0.535
0.046,-3.118
-0.016,-3.094
-0.152,-0.984
-0.04,-1.953
-0.163,-3.217
-0.116,-3.369
-0.12,-3.092
-0.158,-2.017
-0.322,-0.423
-0.493,0.271
-0.604,-1.626
-0.622,-1.902
-0.628,-1.858
-0.626,-0.914
-0.632,-0.967
-0.654,-1.032
-0.761,-1.2
-0.793,-2.601
-0.828,-1.108
-0.891,-2.689
-0.933,-1.892
-0.991,-1.391
-1.302,-2.06
-1.197,-2.025
-1.468,-1.947
-1.346,-1.613
-1.397,-2.232
-1.52,-3.222
-1.713,0.434
-1.589,-1.339
-1.737,-1.115
-1.747,-3.05
-1.665,0.101
-1.832,-2.523
-1.835,-0.458
-1.848,0.146
-1.945,-1.291
-1.854,-1.698
-2.142,-3.575
-2.612,-3.344
-2.845,-3.626
3.123,-3.682
3.005,-3.631
2.595,-3.427
1.96,-3.694
1.483,-3.638
1.289,-3.489
-0.375,-3.303
-0.575,-3.59
-0.612,-3.699
-0.904,-3.532
-0.847,-3.507
-1.95,-3.534
-2.134,0.647
-2.206,0.749
-2.632,0.934
-3.092,0.854
2.066,0.951
1.697,0.648
1.834,0.654
1.476,0.691
1.599,0.772
1.364,0.989
1.197,0.962
1.075,0.689
0.685,0.807
0.54,0.724
0.655,1.087
0.662,0.805
0.178,0.968
-0.154,1.116
-0.417,1.039
-0.849,0.899
-1.308,0.868
-1.414,0.914
-1.453,0.876
1.403,-1.493
0.955,-2.091
-0.278,-3.258
-0.54,-1.94
-0.875,-1.255
2.159,-0.708
0.687,0.036
-1.394,-1.011
-1.415,-1.212
-1.471,-0.868
-1.693,-2.331
-2.401,-0.367
2.902,-1.991
2.807,-1.703
2.658,-1.194
2.923,-3.563
0.903,-3.087
0.684,0.756
-1.081,0.332
-1.169,0.565
-1.397,0.492
-1.322,0.311
-0.423,0.476
0.047,0.923
0.009,1.195
0.041,2.154
-0.026,0.743
-0.177,3.062
-0.259,0.129
-0.275,-0.662
-0.284,2.645
-0.297,-0.479
-0.38,0.033
-0.476,1.218
-0.445,1.34
-0.536,1.159
-0.506,2.954
-0.563,1.456
-0.635,0.69
-0.645,2.241
-0.659,0.607
-0.733,2.346
-0.681,1.945
-0.764,1.744
-0.783,0.64
-0.795,1.369
-0.758,0.854
-0.796,0.694
-0.813,0.48
-0.871,0.096
-0.859,2.509
-0.896,1.239
-0.886,1.713
-0.916,-0.797
-0.934,1.449
-1.039,1.263
-1.073,1.579
-1.057,1.872
-1.121,0.862
-1.257,-0.61
-1.326,0.3
-1.363,0.493
-1.303,0.671
-1.325,0.402
-1.392,-0.719
-1.419,1.642
-1.424,1.75
-1.503,0.864
-1.473,1.547
-1.551,2.917
-1.497,1.003
-1.477,2.014
-1.556,1.323
-1.517,-0.819
-1.562,0.669
-1.504,-0.395
-1.543,0.509
-1.654,0.307
-1.661,0.689
-1.729,0.636
-1.676,0.217
-1.703,0.84
-1.756,1.204
-1.724,0.61
-1.707,1.238
-1.725,-0.678
-1.74,0.328
-1.768,1.827
-1.768,0.898
-1.766,1.388
-1.803,1.874
-1.807,2.872
-1.836,-0.757
-2.532,-0.874
-2.58,-0.811
2.819,-0.952
2.468,-0.913
1.787,-1.045
1.804,-0.906
1.284,-1.148
1.274,-0.892
1.244,-0.943
0.158,-1.14
-0.383,-0.901
-0.58,-1.121
-1.142,-0.974
-1.55,-1.276
-1.917,3.488
-1.956,3.38
-2.139,3.213
-2.578,3.267
-2.568,3.533
-3.017,3.576
2.878,3.418
2.641,3.198
2.652,3.496
2.043,3.444
1.924,3.333
1.799,3.254
1.704,3.211
1.175,3.381
0.882,3.284
0.671,3.441
0.427,3.602
0.346,3.314
-0.404,3.625
-0.645,3.174
-0.926,3.31
-1.348,3.336
-1.456,3.386
-1.445,3.264
-1.815,3.493
-2.121,3.116
-2.427,0.488
-2.519,-0.275
3.094,1.649
3.111,-0.655
2.668,0.333
1.202,-0.502
0.721,1.495
-0.112,2.804
-0.406,2.08
-0.862,0.211
-1.335,-0.128
0.126,-1.056
0.068,3.383
-1.781,3.15
-1.805,0.953
-1.952,0.635
-1.872,0.496
-1.94,3.055
-2.053,0.322
-2.182,2.652
-2.061,-0.621
-2.134,2.273
-2.156,0.82
-2.158,2.161
-2.219,1.789
-2.311,2.264
-2.422,2.106
-2.331,0.991
-2.53,2.955
-2.573,0.857
-2.633,0.077
-2.654,2.172
-2.804,-0.842
-2.864,1.213
-2.769,1.063
-2.879,-0.567
-2.99,1.597
-2.985,1.208
2.984,1.845
3.097,2.843
2.975,1.114
2.955,3.042
2.896,2.952
2.79,0.783
2.722,1.767
2.705,0.962
2.471,3.093
2.491,-0.727
2.477,-0.521
2.25,2.842
2.34,-0.267
2.142,-0.643
1.982,1.328
1.985,0.543
2.045,0.324
2.033,-0.825
1.984,1.979
1.956,0.275
1.811,0.688
1.813,2.968
1.858,0.227
1.407,-0.323
1.536,0.245
1.431,1.459
1.435,0.464
1.309,-0.475
1.402,2.681
1.319,0.706
1.28,2.508
1.101,1.14
1.058,1.122
1.058,2.976
1.121,2.351
0.97,0.291
0.965,0.276
1.098,-0.164
0.941,0.993
1.049,3.082
1.035,1.941
0.9,-0.37
1.016,1.846
0.999,2.018
1.011,0.231
0.911,0.382
0.802,1.483
0.732,2.248
0.809,-0.813
0.798,1.57
0.676,3.129
0.629,1.199
0.74,-0.528
0.662,1.002
0.6,0.722
0.413,2.794
0.448,-0.697
0.417,2.507
0.283,-0.231
0.38,0.468
0.268,1.909
0.341,-0.514
0.168,1.488
0.128,-0.654
0.246,1.977
0.11,-0.606
0.048,-0.582
-0.088,1.528
0.024,0.559
-0.099,-0.705
-0.052,-0.857
-0.056,-0.58
-0.094,0.495
-0.258,2.089
-0.429,2.783
-0.54,0.886
-0.558,0.61
-0.564,0.654
-0.562,1.598
-0.568,1.545
-0.59,1.48
-0.697,1.312
-0.729,-0.089
-0.764,1.404
-0.827,-0.177
-0.869,0.62
-0.927,1.121
-1.238,0.452
-1.133,0.487
-1.404,0.565
-1.282,0.899
-1.333,0.28
-1.456,-0.71
-1.649,2.946
-1.525,1.173
-1.673,1.397
-1.683,-0.538
-1.601,2.613
-1.768,-0.011
-1.771,2.054
-1.784,2.658
-1.881,1.221
-1.79,0.814
-2.078,-1.063
-2.548,-0.832
-2.781,-1.114
-3.096,-1.17
3.069,-1.119
2.659,-0.915
2.024,-1.182
1.547,-1.126
1.353,-0.977
-0.311,-0.791
-0.511,-1.078
-0.548,-1.187
-0.84,-1.02
-0.783,-0.995
-1.886,-1.022
-2.07,3.159
-2.142,3.261
-2.568,3.446
-3.028,3.366
2.13,3.463
1.761,3.16
1.898,3.166
1.54,3.203
1.663,3.284
1.428,3.501
1.261,3.474
1.139,3.201
0.749,3.319
0.604,3.236
0.719,3.599
0.726,3.317
0.242,3.48
-0.09,3.628
-0.353,3.551
-0.785,3.411
-1.244,3.38
-1.35,3.426
-1.389,3.388
1.467,1.019
1.019,0.421
-0.214,-0.746
-0.476,0.572
-0.811,1.257
2.223,1.804
0.751,2.548
-1.33,1.501
-1.351,1.3
-1.407,1.644
-1.629,0.181
-2.337,2.145
2.966,0.521
2.871,0.809
2.722,1.318
2.987,-1.051
0.967,-0.575
0.748,3.268
-1.017,2.844
-1.105,3.077
-1.333,3.004
-1.258,2.823
-0.359,2.988
0.111,3.435
0.032,0.959
-0.035,-0.452
-0.186,1.867
-0.268,-1.066
-0.284,-1.857
-0.293,1.45
-0.306,-1.674
-0.389,-1.162
-0.485,0.023
-0.454,0.145
-0.545,-0.036
-0.515,1.759
-0.572,0.261
-0.644,-0.505
-0.654,1.046
-0.668,-0.588
-0.742,1.151
-0.69,0.75
-0.773,0.549
-0.792,-0.555
-0.804,0.174
-0.767,-0.341
-0.805,-0.501
-0.822,-0.715
-0.88,-1.099
-0.868,1.314
-0.905,0.044
-0.895,0.518
-0.925,-1.992
-0.943,0.254
-1.048,0.068
-1.082,0.384
-1.066,0.677
-1.13,-0.333
-1.266,-1.805
-1.335,-0.895
-1.372,-0.702
-1.312,-0.524
-1.334,-0.793
-1.401,-1.914
-1.428,0.447
-1.433,0.555
-1.512,-0.331
-1.482,0.352
-1.56,1.722
-1.506,-0.192
-1.486,0.819
-1.565,0.128
-1.526,-2.014
-1.571,-0.526
-1.513,-1.59
-1.552,-0.686
-1.663,-0.888
-1.67,-0.506
-1.738,-0.559
-1.685,-0.978
-1.712,-0.355
-1.765,0.009
-1.733,-0.585
-1.716,0.043
-1.734,-1.873
-1.749,-0.867
-1.777,0.632
-1.777,-0.297
-1.775,0.193
-1.812,0.679
-1.816,1.677
-1.845,-1.952
-2.541,-2.069
-2.589,-2.006
2.81,-2.147
2.459,-2.108
1.778,-2.24
1.795,-2.101
1.275,-2.343
1.265,-2.087
1.235,-2.138
0.149,-2.335
-0.392,-2.096
-0.589,-2.316
-1.151,-2.169
-1.559,-2.471
-1.926,2.293
-1.965,2.185
-2.148,2.018
-2.587,2.072
-2.577,2.338
-3.026,2.381
2.869,2.223
2.632,2.003
2.643,2.301
2.034,2.249
1.915,2.138
1.79,2.059
1.695,2.016
1.166,2.186
0.873,2.089
0.662,2.246
0.418,2.407
0.337,2.119
-0.413,2.43
-0.654,1.979
-0.935,2.115
-1.357,2.141
-1.465,2.191
-1.454,2.069
-1.824,2.298
-2.13,1.921
-2.436,-0.707
-2.528,-1.47
3.085,0.454
3.102,-1.85
2.659,-0.862
1.193,-1.697
0.712,0.3
-0.121,1.609
-0.415,0.885
-0.871,-0.984
-1.344,-1.323
0.117,-2.251
0.059,2.188
-1.79,1.955
-1.814,-0.242
-1.961,-0.56
-1.881,-0.699
-1.949,1.86
-2.062,-0.873
-2.191,1.457
-2.07,-1.816
-2.143,1.078
-2.165,-0.375
-2.167,0.966
-2.228,0.594
-2.32,1.069
-2.431,0.911
-2.34,-0.204
-2.539,1.76
-2.582,-0.338
-2.642,-1.118
-2.663,0.977
-2.813,-2.037
-2.873,0.018
-2.778,-0.132
-2.888,-1.762
-2.999,0.402
-2.994,0.013
2.975,0.65
3.088,1.648
2.966,-0.081
2.946,1.847
2.887,1.757
2.781,-0.412
2.713,0.572
2.696,-0.233
2.462,1.898
2.482,-1.922
2.468,-1.716
2.241,1.647
2.331,-1.462
2.133,-1.838
1.973,0.133
1.976,-0.652
2.036,-0.871
2.024,-2.02
1.975,0.784
1.947,-0.92
1.802,-0.507
1.804,1.773
1.849,-0.968
1.398,-1.518
1.527,-0.95
1.422,0.264
1.426,-0.731
1.3,-1.67
1.393,1.486
1.31,-0.489
1.271,1.313
1.092,-0.055
1.049,-0.073
1.049,1.781
1.112,1.156
0.961,-0.904
0.956,-0.919
1.089,-1.359
0.932,-0.202
1.04,1.887
1.026,0.746
0.891,-1.565
1.007,0.651
0.99,0.823
1.002,-0.964
0.902,-0.813
0.793,0.288
0.723,1.053
0.8,-2.008
0.789,0.375
0.667,1.934
0.62,0.004
0.731,-1.723
0.653,-0.193
0.591,-0.473
0.404,1.599
0.439,-1.892
0.408,1.312
0.274,-1.426
0.371,-0.727
0.259,0.714
0.332,-1.709
0.159,0.293
0.119,-1.849
0.237,0.782
0.101,-1.801
0.039,-1.777
-0.097,0.333
0.015,-0.636
-0.108,-1.9
-0.061,-2.052
-0.065,-1.775
-0.103,-0.7
-0.267,0.894
-0.438,1.588
-0.549,-0.309
-0.567,-0.585
-0.573,-0.541
-0.571,0.403
-0.577,0.35
-0.599,0.285
-0.706,0.117
-0.738,-1.284
-0.773,0.209
-0.836,-1.372
-0.878,-0.575
-0.936,-0.074
-1.247,-0.743
-1.142,-0.708
-1.413,-0.63
-1.291,-0.296
-1.342,-0.915
-1.465,-1.905
-1.658,1.751
-1.534,-0.022
-1.682,0.202
-1.692,-1.733
-1.61,1.418
-1.777,-1.206
-1.78,0.859
-1.793,1.463
-1.89,0.026
-1.799,-0.381
-2.087,-2.258
-2.557,-2.027
-2.79,-2.309
-3.105,-2.365
3.06,-2.314
2.65,-2.11
2.015,-2.377
1.538,-2.321
1.344,-2.172
-0.32,-1.986
-0.52,-2.273
-0.557,-2.382
-0.849,-2.215
-0.792,-2.19
-1.895,-2.217
-2.079,1.964
-2.151,2.066
-2.577,2.251
-3.037,2.171
2.121,2.268
1.752,1.965
1.889,1.971
1.531,2.008
1.654,2.089
1.419,2.306
1.252,2.279
1.13,2.006
0.74,2.124
0.595,2.041
0.71,2.404
0.717,2.122
0.233,2.285
-0.099,2.433
-0.362,2.356
-0.794,2.216
-1.253,2.185
-1.359,2.231
-1.398,2.193
1.458,-0.176
1.01,-0.774
-0.223,-1.941
-0.485,-0.623
-0.82,0.062
2.214,0.609
0.742,1.353
-1.339,0.306
-1.36,0.105
-1.416,0.449
-1.638,-1.014
-2.346,0.95
2.957,-0.674
2.862,-0.386
2.713,0.123
2.978,-2.246
0.958,-1.77
0.739,2.073
-1.026,1.649
-1.114,1.882
-1.342,1.809
-1.267,1.628
-0.368,1.793
0.102,2.24
-0.067,-1.411
-0.218,0.908
-0.3,-2.025
-0.316,-2.816
-0.325,0.491
-0.338,-2.633
-0.421,-2.121
-0.517,-0.936
-0.486,-0.814
-0.577,-0.995
-0.547,0.8
-0.604,-0.698
-0.676,-1.464
-0.686,0.087
-0.7,-1.547
-0.774,0.192
-0.722,-0.209
-0.805,-0.41
-0.824,-1.514
-0.836,-0.785
-0.799,-1.3
-0.837,-1.46
-0.854,-1.674
-0.912,-2.058
-0.9,0.355
-0.937,-0.915
-0.927,-0.441
-0.957,-2.951
-0.975,-0.705
-1.08,-0.891
-1.114,-0.575
-1.098,-0.282
-1.162,-1.292
-1.298,-2.764
-1.367,-1.854
-1.404,-1.661
-1.344,-1.483
-1.366,-1.752
-1.433,-2.873
-1.46,-0.512
-1.465,-0.404
-1.544,-1.29
-1.514,-0.607
-1.592,0.763
-1.538,-1.151
-1.518,-0.14
-1.597,-0.831
-1.558,-2.973
-1.603,-1.485
-1.545,-2.549
-1.584,-1.645
-1.695,-1.847
-1.702,-1.465
-1.77,-1.518
-1.717,-1.937
-1.744,-1.314
-1.797,-0.95
-1.765,-1.544
-1.748,-0.916
-1.766,-2.832
-1.781,-1.826
-1.809,-0.327
-1.809,-1.256
-1.807,-0.766
-1.844,-0.28
-1.848,0.718
-1.877,-2.911
-2.573,-3.028
-2.621,-2.965
2.778,-3.106
2.427,-3.067
1.746,-3.199
1.763,-3.06
1.243,-3.302
1.233,-3.046
1.203,-3.097
0.117,-3.294
-0.424,-3.055
-0.621,-3.275
-1.183,-3.128
-1.591,-3.43
-1.958,1.334
-1.997,1.226
-2.18,1.059
-2.619,1.113
-2.609,1.379
-3.058,1.422
2.837,1.264
2.6,1.044
2.611,1.342
2.002,1.29
1.883,1.179
1.758,1.1
1.663,1.057
1.134,1.227
0.841,1.13
0.63,1.287
0.386,1.448
0.305,1.16
-0.445,1.471
-0.686,1.02
-0.967,1.156
-1.389,1.182
-1.497,1.232
-1.486,1.11
-1.856,1.339
-2.162,0.962
-2.468,-1.666
-2.56,-2.429
3.053,-0.505
3.07,-2.809
2.627,-1.821
1.161,-2.656
0.68,-0.659
-0.153,0.65
-0.447,-0.074
-0.903,-1.943
-1.376,-2.282
0.085,-3.21
0.027,1.229
-1.822,0.996
-1.846,-1.201
-1.993,-1.519
-1.913,-1.658
-1.981,0.901
-2.094,-1.832
-2.223,0.498
-2.102,-2.775
-2.175,0.119
-2.197,-1.334
-2.199,0.007
-2.26,-0.365
-2.352,0.11
-2.463,-0.048
-2.372,-1.163
-2.571,0.801
-2.614,-1.297
-2.674,-2.077
-2.695,0.018
-2.845,-2.996
-2.905,-0.941
-2.81,-1.091
-2.92,-2.721
-3.031,-0.557
-3.026,-0.946
2.943,-0.309
3.056,0.689
2.934,-1.04
2.914,0.888
2.855,0.798
2.749,-1.371
2.681,-0.387
2.664,-1.192
2.43,0.939
2.45,-2.881
2.436,-2.675
2.209,0.688
2.299,-2.421
2.101,-2.797
1.941,-0.826
1.944,-1.611
2.004,-1.83
1.992,-2.979
1.943,-0.175
1.915,-1.879
1.77,-1.466
1.772,0.814
1.817,-1.927
1.366,-2.477
1.495,-1.909
1.39,-0.695
1.394,-1.69
1.268,-2.629
1.361,0.527
1.278,-1.448
1.239,0.354
1.06,-1.014
1.017,-1.032
1.017,0.822
1.08,0.197
0.929,-1.863
0.924,-1.878
1.057,-2.318
0.9,-1.161
1.008,0.928
0.994,-0.213
0.859,-2.524
0.975,-0.308
0.958,-0.136
0.97,-1.923
0.87,-1.772
0.761,-0.671
0.691,0.094
0.768,-2.967
0.757,-0.584
0.635,0.975
0.588,-0.955
0.699,-2.682
0.621,-1.152
0.559,-1.432
0.372,0.64
0.407,-2.851
0.376,0.353
0.242,-2.385
0.339,-1.686
0.227,-0.245
0.3,-2.668
0.127,-0.666
0.087,-2.808
0.205,-0.177
0.069,-2.76
0.007,-2.736
-0.129,-0.626
-0.017,-1.595
-0.14,-2.859
-0.093,-3.011
-0.097,-2.734
-0.135,-1.659
-0.299,-0.065
-0.47,0.629
-0.581,-1.268
-0.599,-1.544
-0.605,-1.5
-0.603,-0.556
-0.609,-0.609
-0.631,-0.674
-0.738,-0.842
-0.77,-2.243
-0.805,-0.75
-0.868,-2.331
-0.91,-1.534
-0.968,-1.033
-1.279,-1.702
-1.174,-1.667
-1.445,-1.589
-1.323,-1.255
-1.374,-1.874
-1.497,-2.864
-1.69,0.792
-1.566,-0.981
-1.714,-0.757
-1.724,-2.692
-1.642,0.459
-1.809,-2.165
-1.812,-0.1
-1.825,0.504
-1.922,-0.933
-1.831,-1.34
-2.119,-3.217
-2.589,-2.986
-2.822,-3.268
-3.137,-3.324
3.028,-3.273
2.618,-3.069
1.983,-3.336
1.506,-3.28
1.312,-3.131
-0.352,-2.945
-0.552,-3.232
-0.589,-3.341
-0.881,-3.174
-0.824,-3.149
-1.927,-3.176
-2.111,1.005
-2.183,1.107
-2.609,1.292
-3.069,1.212
2.089,1.309
1.72,1.006
1.857,1.012
1.499,1.049
1.622,1.13
1.387,1.347
1.22,1.32
1.098,1.047
0.708,1.165
0.563,1.082
0.678,1.445
0.685,1.163
0.201,1.326
-0.131,1.474
-0.394,1.397
-0.826,1.257
-1.285,1.226
-1.391,1.272
-1.43,1.234
1.426,-1.135
0.978,-1.733
-0.255,-2.9
-0.517,-1.582
-0.852,-0.897
2.182,-0.35
0.71,0.394
-1.371,-0.653
-1.392,-0.854
-1.448,-0.51
-1.67,-1.973
-2.378,-0.009
2.925,-1.633
2.83,-1.345
2.681,-0.836
2.946,-3.205
0.926,-2.729
0.707,1.114
-1.058,0.69
-1.146,0.923
-1.374,0.85
-1.299,0.669
-0.4,0.834
0.07,1.281
-0.151,2.319
-0.233,-0.614
-0.249,-1.405
-0.258,1.902
-0.271,-1.222
-0.354,-0.71
-0.45,0.475
-0.419,0.597
-0.51,0.416
-0.48,2.211
-0.537,0.713
-0.609,-0.053
-0.619,1.498
-0.633,-0.136
-0.707,1.603
-0.655,1.202
-0.738,1.001
-0.757,-0.103
-0.769,0.626
-0.732,0.111
-0.77,-0.049
-0.787,-0.263
-0.845,-0.647
-0.833,1.766
-0.87,0.496
-0.86,0.97
-0.89,-1.54
-0.908,0.706
-1.013,0.52
-1.047,0.836
-1.031,1.129
-1.095,0.119
-1.231,-1.353
-1.3,-0.443
-1.337,-0.25
-1.277,-0.072
-1.299,-0.341
-1.366,-1.462
-1.393,0.899
-1.398,1.007
-1.477,0.121
-1.447,0.804
-1.525,2.174
-1.471,0.26
-1.451,1.271
-1.53,0.58
-1.491,-1.562
-1.536,-0.074
-1.478,-1.138
-1.517,-0.234
-1.628,-0.436
-1.635,-0.054
-1.703,-0.107
-1.65,-0.526
-1.677,0.097
-1.73,0.461
-1.698,-0.133
-1.681,0.495
-1.699,-1.421
-1.714,-0.415
-1.742,1.084
-1.742,0.155
-1.74,0.645
-1.777,1.131
-1.781,2.129
-1.81,-1.5
-2.506,-1.617
-2.554,-1.554
2.845,-1.695
2.494,-1.656
1.813,-1.788
1.83,-1.649
1.31,-1.891
1.3,-1.635
1.27,-1.686
0.184,-1.883
-0.357,-1.644
-0.554,-1.864
-1.116,-1.717
-1.524,-2.019
-1.891,2.745
-1.93,2.637
-2.113,2.47
-2.552,2.524
-2.542,2.79
-2.991,2.833
2.904,2.675
2.667,2.455
2.678,2.753
2.069,2.701
1.95,2.59
1.825,2.511
1.73,2.468
1.201,2.638
0.908,2.541
0.697,2.698
0.453,2.859
0.372,2.571
-0.378,2.882
-0.619,2.431
-0.9,2.567
-1.322,2.593
-1.43,2.643
-1.419,2.521
-1.789,2.75
-2.095,2.373
-2.401,-0.255
-2.493,-1.018
3.12,0.906
3.137,-1.398
2.694,-0.41
1.228,-1.245
0.747,0.752
-0.086,2.061
-0.38,1.337
-0.836,-0.532
-1.309,-0.871
0.152,-1.799
0.094,2.64
-1.755,2.407
-1.779,0.21
-1.926,-0.108
-1.846,-0.247
-1.914,2.312
-2.027,-0.421
-2.156,1.909
-2.035,-1.364
-2.108,1.53
-2.13,0.077
-2.132,1.418
-2.193,1.046
-2.285,1.521
-2.396,1.363
-2.305,0.248
-2.504,2.212
-2.547,0.114
-2.607,-0.666
-2.628,1.429
-2.778,-1.585
-2.838,0.47
-2.743,0.32
-2.853,-1.31
-2.964,0.854
-2.959,0.465
3.01,1.102
3.123,2.1
3.001,0.371
2.981,2.299
2.922,2.209
2.816,0.04
2.748,1.024
2.731,0.219
2.497,2.35
2.517,-1.47
2.503,-1.264
2.276,2.099
2.366,-1.01
2.168,-1.386
2.008,0.585
2.011,-0.2
2.071,-0.419
2.059,-1.568
2.01,1.236
1.982,-0.468
1.837,-0.055
1.839,2.225
1.884,-0.516
1.433,-1.066
1.562,-0.498
1.457,0.716
1.461,-0.279
1.335,-1.218
1.428,1.938
1.345,-0.037
1.306,1.765
1.127,0.397
1.084,0.379
1.084,2.233
1.147,1.608
0.996,-0.452
0.991,-0.467
1.124,-0.907
0.967,0.25
1.075,2.339
1.061,1.198
0.926,-1.113
1.042,1.103
1.025,1.275
1.037,-0.512
0.937,-0.361
0.828,0.74
0.758,1.505
0.835,-1.556
0.824,0.827
0.702,2.386
0.655,0.456
0.766,-1.271
0.688,0.259
0.626,-0.021
0.439,2.051
0.474,-1.44
0.443,1.764
0.309,-0.974
0.406,-0.275
0.294,1.166
0.367,-1.257
0.194,0.745
0.154,-1.397
0.272,1.234
0.136,-1.349
0.074,-1.325
-0.062,0.785
0.05,-0.184
-0.073,-1.448
-0.026,-1.6
-0.03,-1.323
-0.068,-0.248
-0.232,1.346
-0.403,2.04
-0.514,0.143
-0.532,-0.133
-0.538,-0.089
-0.536,0.855
-0.542,0.802
-0.564,0.737
-0.671,0.569
-0.703,-0.832
-0.738,0.661
-0.801,-0.92
-0.843,-0.123
-0.901,0.378
-1.212,-0.291
-1.107,-0.256
-1.378,-0.178
-1.256,0.156
-1.307,-0.463
-1.43,-1.453
-1.623,2.203
-1.499,0.43
-1.647,0.654
-1.657,-1.281
-1.575,1.87
-1.742,-0.754
-1.745,1.311
-1.758,1.915
-1.855,0.478
-1.764,0.071
-2.052,-1.806
-2.522,-1.575
-2.755,-1.857
-3.07,-1.913
3.095,-1.862
2.685,-1.658
2.05,-1.925
1.573,-1.869
1.379,-1.72
-0.285,-1.534
-0.485,-1.821
-0.522,-1.93
-0.814,-1.763
-0.757,-1.738
-1.86,-1.765
-2.044,2.416
-2.116,2.518
-2.542,2.703
-3.002,2.623
2.156,2.72
1.787,2.417
1.924,2.423
1.566,2.46
1.689,2.541
1.454,2.758
1.287,2.731
1.165,2.458
0.775,2.576
0.63,2.493
0.745,2.856
0.752,2.574
0.268,2.737
-0.064,2.885
-0.327,2.808
-0.759,2.668
-1.218,2.637
-1.324,2.683
-1.363,2.645
1.493,0.276
1.045,-0.322
-0.188,-1.489
-0.45,-0.171
-0.785,0.514
2.249,1.061
0.777,1.805
-1.304,0.758
-1.325,0.557
-1.381,0.901
-1.603,-0.562
-2.311,1.402
2.992,-0.222
2.897,0.066
2.748,0.575
3.013,-1.794
0.993,-1.318
0.774,2.525
-0.991,2.101
-1.079,2.334
-1.307,2.261
-1.232,2.08
-0.333,2.245
0.137,2.692
-0.082,-2.933
-0.098,-3.724
-0.107,-0.417
-0.12,-3.541
-0.203,-3.029
-0.299,-1.844
-0.268,-1.722
-0.359,-1.903
-0.329,-0.108
-0.386,-1.606
-0.458,-2.372
-0.468,-0.821
-0.482,-2.455
-0.556,-0.716
-0.504,-1.117
-0.587,-1.318
-0.606,-2.422
-0.618,-1.693
-0.581,-2.208
-0.619,-2.368
-0.636,-2.582
-0.694,-2.966
-0.682,-0.553
-0.719,-1.823
-0.709,-1.349
-0.739,-3.859
-0.757,-1.613
-0.862,-1.799
-0.896,-1.483
-0.88,-1.19
-0.944,-2.2
-1.08,-3.672
-1.149,-2.762
-1.186,-2.569
-1.126,-2.391
-1.148,-2.66
-1.215,-3.781
-1.242,-1.42
-1.247,-1.312
-1.326,-2.198
-1.296,-1.515
-1.374,-0.145
-1.32,-2.059
-1.3,-1.048
-1.379,-1.739
-1.34,-3.881
-1.385,-2.393
-1.327,-3.457
-1.366,-2.553
-1.477,-2.755
-1.484,-2.373
-1.552,-2.426
-1.499,-2.845
-1.526,-2.222
-1.579,-1.858
-1.547,-2.452
-1.53,-1.824
-1.548,-3.74
-1.563,-2.734
-1.591,-1.235
-1.591,-2.164
-1.589,-1.674
-1.626,-1.188
-1.63,-0.19
-1.659,-3.819
-2.355,-3.936
-2.403,-3.873
2.996,-4.014
2.645,-3.975
1.964,-4.107
1.981,-3.968
1.461,-4.21
1.451,-3.954
1.421,-4.005
0.335,-4.202
-0.206,-3.963
-0.403,-4.183
-0.965,-4.036
-1.373,-4.338
-1.74,0.426
-1.779,0.318
-1.962,0.151
-2.401,0.205
-2.391,0.471
-2.84,0.514
3.055,0.356
2.818,0.136
2.829,0.434
2.22,0.382
2.101,0.271
1.976,0.192
1.881,0.149
1.352,0.319
1.059,0.222
0.848,0.379
0.604,0.54
0.523,0.252
-0.227,0.563
-0.468,0.112
-0.749,0.248
-1.171,0.274
-1.279,0.324
-1.268,0.202
-1.638,0.431
-1.944,0.054
-2.25,-2.574
-2.342,-3.337
-3.012,-1.413
-2.995,-3.717
2.845,-2.729
1.379,-3.564
0.898,-1.567
0.065,-0.258
-0.229,-0.982
-0.685,-2.851
-1.158,-3.19
0.303,-4.118
0.245,0.321
-1.604,0.088
-1.628,-2.109
-1.775,-2.427
-1.695,-2.566
-1.763,-0.007
-1.876,-2.74
-2.005,-0.41
-1.884,-3.683
-1.957,-0.789
-1.979,-2.242
-1.981,-0.901
-2.042,-1.273
-2.134,-0.798
-2.245,-0.956
-2.154,-2.071
-2.353,-0.107
-2.396,-2.205
-2.456,-2.985
-2.477,-0.89
-2.627,-3.904
-2.687,-1.849
-2.592,-1.999
-2.702,-3.629
-2.813,-1.465
-2.808,-1.854
-3.122,-1.217
-3.009,-0.219
-3.131,-1.948
3.132,-0.02
3.073,-0.11
2.967,-2.279
2.899,-1.295
2.882,-2.1
2.648,0.031
2.668,-3.789
2.654,-3.583
2.427,-0.22
2.517,-3.329
2.319,-3.705
2.159,-1.734
2.162,-2.519
2.222,-2.738
2.21,-3.887
2.161,-1.083
2.133,-2.787
1.988,-2.374
1.99,-0.094
2.035,-2.835
1.584,-3.385
1.713,-2.817
1.608,-1.603
1.612,-2.598
1.486,-3.537
1.579,-0.381
1.496,-2.356
1.457,-0.554
1.278,-1.922
1.235,-1.94
1.235,-0.086
1.298,-0.711
1.147,-2.771
1.142,-2.786
1.275,-3.226
1.118,-2.069
1.226,0.02
1.212,-1.121
1.077,-3.432
1.193,-1.216
1.176,-1.044
1.188,-2.831
1.088,-2.68
0.979,-1.579
0.909,-0.814
0.986,-3.875
0.975,-1.492
0.853,0.067
0.806,-1.863
0.917,-3.59
0.839,-2.06
0.777,-2.34
0.59,-0.268
0.625,-3.759
0.594,-0.555
0.46,-3.293
0.557,-2.594
0.445,-1.153
0.518,-3.576
0.345,-1.574
0.305,-3.716
0.423,-1.085
0.287,-3.668
0.225,-3.644
0.089,-1.534
0.201,-2.503
0.078,-3.767
0.125,-3.919
0.121,-3.642
0.083,-2.567
-0.081,-0.973
-0.252,-0.279
-0.363,-2.176
-0.381,-2.452
-0.387,-2.408
-0.385,-1.464
-0.391,-1.517
-0.413,-1.582
-0.52,-1.75
-0.552,-3.151
-0.587,-1.658
-0.65,-3.239
-0.692,-2.442
-0.75,-1.941
-1.061,-2.61
-0.956,-2.575
-1.227,-2.497
-1.105,-2.163
-1.156,-2.782
-1.279,-3.772
-1.472,-0.116
-1.348,-1.889
-1.496,-1.665
-1.506,-3.6
-1.424,-0.449
-1.591,-3.073
-1.594,-1.008
-1.607,-0.404
-1.704,-1.841
-1.613,-2.248
-1.901,-4.125
-2.371,-3.894
-2.604,-4.176
-2.919,-4.232
-3.037,-4.181
2.836,-3.977
2.201,-4.244
1.724,-4.188
1.53,-4.039
-0.134,-3.853
-0.334,-4.14
-0.371,-4.249
-0.663,-4.082
-0.606,-4.057
-1.709,-4.084
-1.893,0.097
-1.965,0.199
-2.391,0.384
-2.851,0.304
2.307,0.401
1.938,0.098
2.075,0.104
1.717,0.141
1.84,0.222
1.605,0.439
1.438,0.412
1.316,0.139
0.926,0.257
0.781,0.174
0.896,0.537
0.903,0.255
0.419,0.418
0.087,0.566
-0.176,0.489
-0.608,0.349
-1.067,0.318
-1.173,0.364
-1.212,0.326
1.644,-2.043
1.196,-2.641
-0.037,-3.808
-0.299,-2.49
-0.634,-1.805
2.4,-1.258
0.928,-0.514
-1.153,-1.561
-1.174,-1.762
-1.23,-1.418
-1.452,-2.881
-2.16,-0.917
-3.14,-2.541
3.048,-2.253
2.899,-1.744
-3.119,-4.113
1.144,-3.637
0.925,0.206
-0.84,-0.218
-0.928,0.015
-1.156,-0.058
-1.081,-0.239
-0.182,-0.074
0.288,0.373
-0.016,-0.791
-0.025,2.516
-0.038,-0.608
-0.121,-0.096
-0.217,1.089
-0.186,1.211
-0.277,1.03
-0.247,2.825
-0.304,1.327
-0.376,0.561
-0.386,2.112
-0.4,0.478
-0.474,2.217
-0.422,1.816
-0.505,1.615
-0.524,0.511
-0.536,1.24
-0.499,0.725
-0.537,0.565
-0.554,0.351
-0.612,-0.033
-0.6,2.38
-0.637,1.11
-0.627,1.584
-0.657,-0.926
-0.675,1.32
-0.78,1.134
-0.814,1.45
-0.798,1.743
-0.862,0.733
-0.998,-0.739
-1.067,0.171
-1.104,0.364
-1.044,0.542
-1.066,0.273
-1.133,-0.848
-1.16,1.513
-1.165,1.621
-1.244,0.735
-1.214,1.418
-1.292,2.788
-1.238,0.874
-1.218,1.885
-1.297,1.194
-1.258,-0.948
-1.303,0.54
-1.245,-0.524
-1.284,0.38
-1.395,0.178
-1.402,0.56
-1.47,0.507
-1.417,0.088
-1.444,0.711
-1.497,1.075
-1.465,0.481
-1.448,1.109
-1.466,-0.807
-1.481,0.199
-1.509,1.698
-1.509,0.769
-1.507,1.259
-1.544,1.745
-1.548,2.743
-1.577,-0.886
-2.273,-1.003
-2.321,-0.94
3.078,-1.081
2.727,-1.042
2.046,-1.174
2.063,-1.035
1.543,-1.277
1.533,-1.021
1.503,-1.072
0.417,-1.269
-0.124,-1.03
-0.321,-1.25
-0.883,-1.103
-1.291,-1.405
-1.658,3.359
-1.697,3.251
-1.88,3.084
-2.319,3.138
-2.309,3.404
-2.758,3.447
3.137,3.289
2.9,3.069
2.911,3.367
2.302,3.315
2.183,3.204
2.058,3.125
1.963,3.082
1.434,3.252
1.141,3.155
0.93,3.312
0.686,3.473
0.605,3.185
-0.145,3.496
-0.386,3.045
-0.667,3.181
-1.089,3.207
-1.197,3.257
-1.186,3.135
-1.556,3.364
-1.862,2.987
-2.168,0.359
-2.26,-0.404
-2.93,1.52
-2.913,-0.784
2.927,0.204
1.461,-0.631
0.98,1.366
0.147,2.675
-0.147,1.951
-0.603,0.082
-1.076,-0.257
0.385,-1.185
0.327,3.254
-1.522,3.021
-1.546,0.824
-1.693,0.506
-1.613,0.367
-1.681,2.926
-1.794,0.193
-1.923,2.523
-1.802,-0.75
-1.875,2.144
-1.897,0.691
-1.899,2.032
-1.96,1.66
-2.052,2.135
-2.163,1.977
-2.072,0.862
-2.271,2.826
-2.314,0.728
-2.374,-0.052
-2.395,2.043
-2.545,-0.971
-2.605,1.084
-2.51,0.934
-2.62,-0.696
-2.731,1.468
-2.726,1.079
-3.04,1.716
-2.927,2.714
-3.049,0.985
-3.069,2.913
-3.128,2.823
3.049,0.654
2.981,1.638
2.964,0.833
2.73,2.964
2.75,-0.856
2.736,-0.65
2.509,2.713
2.599,-0.396
2.401,-0.772
2.241,1.199
2.244,0.414
2.304,0.195
2.292,-0.954
2.243,1.85
2.215,0.146
2.07,0.559
2.072,2.839
2.117,0.098
1.666,-0.452
1.795,0.116
1.69,1.33
1.694,0.335
1.568,-0.604
1.661,2.552
1.578,0.577
1.539,2.379
1.36,1.011
1.317,0.993
1.317,2.847
1.38,2.222
1.229,0.162
1.224,0.147
1.357,-0.293
1.2,0.864
1.308,2.953
1.294,1.812
1.159,-0.499
1.275,1.717
1.258,1.889
1.27,0.102
1.17,0.253
1.061,1.354
0.991,2.119
1.068,-0.942
1.057,1.441
0.935,3.0
0.888,1.07
0.999,-0.657
0.921,0.873
0.859,0.593
0.672,2.665
0.707,-0.826
0.676,2.378
0.542,-0.36
0.639,0.339
0.527,1.78
0.6,-0.643
0.427,1.359
0.387,-0.783
0.505,1.848
0.369,-0.735
0.307,-0.711
0.171,1.399
0.283,0.43
0.16,-0.834
0.207,-0.986
0.203,-0.709
0.165,0.366
0.001,1.96
-0.17,2.654
-0.281,0.757
-0.299,0.481
-0.305,0.525
-0.303,1.469
-0.309,1.416
-0.331,1.351
-0.438,1.183
-0.47,-0.218
-0.505,1.275
-0.568,-0.306
-0.61,0.491
-0.668,0.992
-0.979,0.323
-0.874,0.358
-1.145,0.436
-1.023,0.77
-1.074,0.151
-1.197,-0.839
-1.39,2.817
-1.266,1.044
-1.414,1.268
-1.424,-0.667
-1.342,2.484
-1.509,-0.14
-1.512,1.925
-1.525,2.529
-1.622,1.092
-1.531,0.685
-1.819,-1.192
-2.289,-0.961
-2.522,-1.243
-2.837,-1.299
-2.955,-1.248
2.918,-1.044
2.283,-1.311
1.806,-1.255
1.612,-1.106
-0.052,-0.92
-0.252,-1.207
-0.289,-1.316
-0.581,-1.149
-0.524,-1.124
-1.627,-1.151
-1.811,3.03
-1.883,3.132
-2.309,3.317
-2.769,3.237
2.389,3.334
2.02,3.031
2.157,3.037
1.799,3.074
1.922,3.155
1.687,3.372
1.52,3.345
1.398,3.072
1.008,3.19
0.863,3.107
0.978,3.47
0.985,3.188
0.501,3.351
0.169,3.499
-0.094,3.422
-0.526,3.282
-0.985,3.251
-1.091,3.297
-1.13,3.259
1.726,0.89
1.278,0.292
0.045,-0.875
-0.217,0.443
-0.552,1.128
2.482,1.675
1.01,2.419
-1.071,1.372
-1.092,1.171
-1.148,1.515
-1.37,0.052
-2.078,2.016
-3.058,0.392
3.13,0.68
2.981,1.189
-3.037,-1.18
1.226,-0.704
1.007,3.139
-0.758,2.715
-0.846,2.948
-1.074,2.875
-0.999,2.694
-0.1,2.859
0.37,3.306
-0.009,3.307
-0.022,0.183
-0.105,0.695
-0.201,1.88
-0.17,2.002
-0.261,1.821
-0.231,3.616
-0.288,2.118
-0.36,1.352
-0.37,2.903
-0.384,1.269
-0.458,3.008
-0.406,2.607
-0.489,2.406
-0.508,1.302
-0.52,2.031
-0.483,1.516
-0.521,1.356
-0.538,1.142
-0.596,0.758
-0.584,3.171
-0.621,1.901
-0.611,2.375
-0.641,-0.135
-0.659,2.111
-0.764,1.925
-0.798,2.241
-0.782,2.534
-0.846,1.524
-0.982,0.052
-1.051,0.962
-1.088,1.155
-1.028,1.333
-1.05,1.064
-1.117,-0.057
-1.144,2.304
-1.149,2.412
-1.228,1.526
-1.198,2.209
-1.276,3.579
-1.222,1.665
-1.202,2.676
-1.281,1.985
-1.242,-0.157
-1.287,1.331
-1.229,0.267
-1.268,1.171
-1.379,0.969
-1.386,1.351
-1.454,1.298
-1.401,0.879
-1.428,1.502
-1.481,1.866
-1.449,1.272
-1.432,1.9
-1.45,-0.016
-1.465,0.99
-1.493,2.489
-1.493,1.56
-1.491,2.05
-1.528,2.536
-1.532,3.534
-1.561,-0.095
-2.257,-0.212
-2.305,-0.149
3.094,-0.29
2.743,-0.251
2.062,-0.383
2.079,-0.244
1.559,-0.486
1.549,-0.23
1.519,-0.281
0.433,-0.478
-0.108,-0.239
-0.305,-0.459
-0.867,-0.312
-1.275,-0.614
-1.642,4.15
-1.681,4.042
-1.864,3.875
-2.303,3.929
-2.293,4.195
-2.742,4.238
-3.13,4.08
2.916,3.86
2.927,4.158
2.318,4.106
2.199,3.995
2.074,3.916
1.979,3.873
1.45,4.043
1.157,3.946
0.946,4.103
0.702,4.264
0.621,3.976
-0.129,4.287
-0.37,3.836
-0.651,3.972
-1.073,3.998
-1.181,4.048
-1.17,3.926
-1.54,4.155
-1.846,3.778
-2.152,1.15
-2.244,0.387
-2.914,2.311
-2.897,0.007
2.943,0.995
1.477,0.16
0.996,2.157
0.163,3.466
-0.131,2.742
-0.587,0.873
-1.06,0.534
0.401,-0.394
0.343,4.045
-1.506,3.812
-1.53,1.615
-1.677,1.297
-1.597,1.158
-1.665,3.717
-1.778,0.984
-1.907,3.314
-1.786,0.041
-1.859,2.935
-1.881,1.482
-1.883,2.823
-1.944,2.451
-2.036,2.926
-2.147,2.768
-2.056,1.653
-2.255,3.617
-2.298,1.519
-2.358,0.739
-2.379,2.834
-2.529,-0.18
-2.589,1.875
-2.494,1.725
-2.604,0.095
-2.715,2.259
-2.71,1.87
-3.024,2.507
-2.911,3.505
-3.033,1.776
-3.053,3.704
-3.112,3.614
3.065,1.445
2.997,2.429
2.98,1.624
2.746,3.755
2.766,-0.065
2.752,0.141
2.525,3.504
2.615,0.395
2.417,0.019
2.257,1.99
2.26,1.205
2.32,0.986
2.308,-0.163
2.259,2.641
2.231,0.937
2.086,1.35
2.088,3.63
2.133,0.889
1.682,0.339
1.811,0.907
1.706,2.121
1.71,1.126
1.584,0.187
1.677,3.343
1.594,1.368
1.555,3.17
1.376,1.802
1.333,1.784
1.333,3.638
1.396,3.013
1.245,0.953
1.24,0.938
1.373,0.498
1.216,1.655
1.324,3.744
1.31,2.603
1.175,0.292
1.291,2.508
1.274,2.68
1.286,0.893
1.186,1.044
1.077,2.145
1.007,2.91
1.084,-0.151
1.073,2.232
0.951,3.791
0.904,1.861
1.015,0.134
0.937,1.664
0.875,1.384
0.688,3.456
0.723,-0.035
0.692,3.169
0.558,0.431
0.655,1.13
0.543,2.571
0.616,0.148
0.443,2.15
0.403,0.008
0.521,2.639
0.385,0.056
0.323,0.08
0.187,2.19
0.299,1.221
0.176,-0.043
0.223,-0.195
0.219,0.082
0.181,1.157
0.017,2.751
-0.154,3.445
-0.265,1.548
-0.283,1.272
-0.289,1.316
-0.287,2.26
-0.293,2.207
-0.315,2.142
-0.422,1.974
-0.454,0.573
-0.489,2.066
-0.552,0.485
-0.594,1.282
-0.652,1.783
-0.963,1.114
-0.858,1.149
-1.129,1.227
-1.007,1.561
-1.058,0.942
-1.181,-0.048
-1.374,3.608
-1.25,1.835
-1.398,2.059
-1.408,0.124
-1.326,3.275
-1.493,0.651
-1.496,2.716
-1.509,3.32
-1.606,1.883
-1.515,1.476
-1.803,-0.401
-2.273,-0.17
-2.506,-0.452
-2.821,-0.508
-2.939,-0.457
2.934,-0.253
2.299,-0.52
1.822,-0.464
1.628,-0.315
-0.036,-0.129
-0.236,-0.416
-0.273,-0.525
-0.565,-0.358
-0.508,-0.333
-1.611,-0.36
-1.795,3.821
-1.867,3.923
-2.293,4.108
-2.753,4.028
2.405,4.125
2.036,3.822
2.173,3.828
1.815,3.865
1.938,3.946
1.703,4.163
1.536,4.136
1.414,3.863
1.024,3.981
0.879,3.898
0.994,4.261
1.001,3.979
0.517,4.142
0.185,4.29
-0.078,4.213
-0.51,4.073
-0.969,4.042
-1.075,4.088
-1.114,4.05
1.742,1.681
1.294,1.083
0.061,-0.084
-0.201,1.234
-0.536,1.919
2.498,2.466
1.026,3.21
-1.055,2.163
-1.076,1.962
-1.132,2.306
-1.354,0.843
-2.062,2.807
-3.042,1.183
-3.137,1.471
2.997,1.98
-3.021,-0.389
1.242,0.087
1.023,3.93
-0.742,3.506
-0.83,3.739
-1.058,3.666
-0.983,3.485
-0.084,3.65
0.386,4.097
-0.013,-3.124
-0.096,-2.612
-0.192,-1.427
-0.161,-1.305
-0.252,-1.486
-0.222,0.309
-0.279,-1.189
-0.351,-1.955
-0.361,-0.404
-0.375,-2.038
-0.449,-0.299
-0.397,-0.7
-0.48,-0.901
-0.499,-2.005
-0.511,-1.276
-0.474,-1.791
-0.512,-1.951
-0.529,-2.165
-0.587,-2.549
-0.575,-0.136
-0.612,-1.406
-0.602,-0.932
-0.632,-3.442
-0.65,-1.196
-0.755,-1.382
-0.789,-1.066
-0.773,-0.773
-0.837,-1.783
-0.973,-3.255
-1.042,-2.345
-1.079,-2.152
-1.019,-1.974
-1.041,-2.243
-1.108,-3.364
-1.135,-1.003
-1.14,-0.895
-1.219,-1.781
-1.189,-1.098
-1.267,0.272
-1.213,-1.642
-1.193,-0.631
-1.272,-1.322
-1.233,-3.464
-1.278,-1.976
-1.22,-3.04
-1.259,-2.136
-1.37,-2.338
-1.377,-1.956
-1.445,-2.009
-1.392,-2.428
-1.419,-1.805
-1.472,-1.441
-1.44,-2.035
-1.423,-1.407
-1.441,-3.323
-1.456,-2.317
-1.484,-0.818
-1.484,-1.747
-1.482,-1.257
-1.519,-0.771
-1.523,0.227
-1.552,-3.402
-2.248,-3.519
-2.296,-3.456
3.103,-3.597
2.752,-3.558
2.071,-3.69
2.088,-3.551
1.568,-3.793
1.558,-3.537
1.528,-3.588
0.442,-3.785
-0.099,-3.546
-0.296,-3.766
-0.858,-3.619
-1.266,-3.921
-1.633,0.843
-1.672,0.735
-1.855,0.568
-2.294,0.622
-2.284,0.888
-2.733,0.931
-3.121,0.773
2.925,0.553
2.936,0.851
2.327,0.799
2.208,0.688
2.083,0.609
1.988,0.566
1.459,0.736
1.166,0.639
0.955,0.796
0.711,0.957
0.63,0.669
-0.12,0.98
-0.361,0.529
-0.642,0.665
-1.064,0.691
-1.172,0.741
-1.161,0.619
-1.531,0.848
-1.837,0.471
-2.143,-2.157
-2.235,-2.92
-2.905,-0.996
-2.888,-3.3
2.952,-2.312
1.486,-3.147
1.005,-1.15
0.172,0.159
-0.122,-0.565
-0.578,-2.434
-1.051,-2.773
0.41,-3.701
0.352,0.738
-1.497,0.505
-1.521,-1.692
-1.668,-2.01
-1.588,-2.149
-1.656,0.41
-1.769,-2.323
-1.898,0.007
-1.777,-3.266
-1.85,-0.372
-1.872,-1.825
-1.874,-0.484
-1.935,-0.856
-2.027,-0.381
-2.138,-0.539
-2.047,-1.654
-2.246,0.31
-2.289,-1.788
-2.349,-2.568
-2.37,-0.473
-2.52,-3.487
-2.58,-1.432
-2.485,-1.582
-2.595,-3.212
-2.706,-1.048
-2.701,-1.437
-3.015,-0.8
-2.902,0.198
-3.024,-1.531
-3.044,0.397
-3.103,0.307
3.074,-1.862
3.006,-0.878
2.989,-1.683
2.755,0.448
2.775,-3.372
2.761,-3.166
2.534,0.197
2.624,-2.912
2.426,-3.288
2.266,-1.317
2.269,-2.102
2.329,-2.321
2.317,-3.47
2.268,-0.666
2.24,-2.37
2.095,-1.957
2.097,0.323
2.142,-2.418
1.691,-2.968
1.82,-2.4
1.715,-1.186
1.719,-2.181
1.593,-3.12
1.686,0.036
1.603,-1.939
1.564,-0.137
1.385,-1.505
1.342,-1.523
1.342,0.331
1.405,-0.294
1.254,-2.354
1.249,-2.369
1.382,-2.809
1.225,-1.652
1.333,0.437
1.319,-0.704
1.184,-3.015
1.3,-0.799
1.283,-0.627
1.295,-2.414
1.195,-2.263
1.086,-1.162
1.016,-0.397
1.093,-3.458
1.082,-1.075
0.96,0.484
0.913,-1.446
1.024,-3.173
0.946,-1.643
0.884,-1.923
0.697,0.149
0.732,-3.342
0.701,-0.138
0.567,-2.876
0.664,-2.177
0.552,-0.736
0.625,-3.159
0.452,-1.157
0.412,-3.299
0.53,-0.668
0.394,-3.251
0.332,-3.227
0.196,-1.117
0.308,-2.086
0.185,-3.35
0.232,-3.502
0.228,-3.225
0.19,-2.15
0.026,-0.556
-0.145,0.138
-0.256,-1.759
-0.274,-2.035
-0.28,-1.991
-0.278,-1.047
-0.284,-1.1
-0.306,-1.165
-0.413,-1.333
-0.445,-2.734
-0.48,-1.241
-0.543,-2.822
-0.585,-2.025
-0.643,-1.524
-0.954,-2.193
-0.849,-2.158
-1.12,-2.08
-0.998,-1.746
-1.049,-2.365
-1.172,-3.355
-1.365,0.301
-1.241,-1.472
-1.389,-1.248
-1.399,-3.183
-1.317,-0.032
-1.484,-2.656
-1.487,-0.591
-1.5,0.013
-1.597,-1.424
-1.506,-1.831
-1.794,-3.708
-2.264,-3.477
-2.497,-3.759
-2.812,-3.815
-2.93,-3.764
2.943,-3.56
2.308,-3.827
1.831,-3.771
1.637,-3.622
-0.027,-3.436
-0.227,-3.723
-0.264,-3.832
-0.556,-3.665
-0.499,-3.64
-1.602,-3.667
-1.786,0.514
-1.858,0.616
-2.284,0.801
-2.744,0.721
2.414,0.818
2.045,0.515
2.182,0.521
1.824,0.558
1.947,0.639
1.712,0.856
1.545,0.829
1.423,0.556
1.033,0.674
0.888,0.591
1.003,0.954
1.01,0.672
0.526,0.835
0.194,0.983
-0.069,0.906
-0.501,0.766
-0.96,0.735
-1.066,0.781
-1.105,0.743
1.751,-1.626
1.303,-2.224
0.07,-3.391
-0.192,-2.073
-0.527,-1.388
2.507,-0.841
1.035,-0.097
-1.046,-1.144
-1.067,-1.345
-1.123,-1.001
-1.345,-2.464
-2.053,-0.5
-3.033,-2.124
-3.128,-1.836
3.006,-1.327
-3.012,-3.696
1.251,-3.22
1.032,0.623
-0.733,0.199
-0.821,0.432
-1.049,0.359
-0.974,0.178
-0.075,0.343
0.395,0.79
-0.083,0.512
-0.179,1.697
-0.148,1.819
-0.239,1.638
-0.209,3.433
-0.266,1.935
-0.338,1.169
-0.348,2.72
-0.362,1.086
-0.436,2.825
-0.384,2.424
-0.467,2.223
-0.486,1.119
-0.498,1.848
-0.461,1.333
-0.499,1.173
-0.516,0.959
-0.574,0.575
-0.562,2.988
-0.599,1.718
-0.589,2.192
-0.619,-0.318
-0.637,1.928
-0.742,1.742
-0.776,2.058
-0.76,2.351
-0.824,1.341
-0.96,-0.131
-1.029,0.779
-1.066,0.972
-1.006,1.15
-1.028,0.881
-1.095,-0.24
-1.122,2.121
-1.127,2.229
-1.206,1.343
-1.176,2.026
-1.254,3.396
-1.2,1.482
-1.18,2.493
-1.259,1.802
-1.22,-0.34
-1.265,1.148
-1.207,0.084
-1.246,0.988
-1.357,0.786
-1.364,1.168
-1.432,1.115
-1.379,0.696
-1.406,1.319
-1.459,1.683
-1.427,1.089
-1.41,1.717
-1.428,-0.199
-1.443,0.807
-1.471,2.306
-1.471,1.377
-1.469,1.867
-1.506,2.353
-1.51,3.351
-1.539,-0.278
-2.235,-0.395
-2.283,-0.332
3.116,-0.473
2.765,-0.434
2.084,-0.566
2.101,-0.427
1.581,-0.669
1.571,-0.413
1.541,-0.464
0.455,-0.661
-0.086,-0.422
-0.283,-0.642
-0.845,-0.495
-1.253,-0.797
-1.62,3.967
-1.659,3.859
-1.842,3.692
-2.281,3.746
-2.271,4.012
-2.72,4.055
-3.108,3.897
2.938,3.677
2.949,3.975
2.34,3.923
2.221,3.812
2.096,3.733
2.001,3.69
1.472,3.86
1.179,3.763
0.968,3.92
0.724,4.081
0.643,3.793
-0.107,4.104
-0.348,3.653
-0.629,3.789
-1.051,3.815
-1.159,3.865
-1.148,3.743
-1.518,3.972
-1.824,3.595
-2.13,0.967
-2.222,0.204
-2.892,2.128
-2.875,-0.176
2.965,0.812
1.499,-0.023
1.018,1.974
0.185,3.283
-0.109,2.559
-0.565,0.69
-1.038,0.351
0.423,-0.577
0.365,3.862
-1.484,3.629
-1.508,1.432
-1.655,1.114
-1.575,0.975
-1.643,3.534
-1.756,0.801
-1.885,3.131
-1.764,-0.142
-1.837,2.752
-1.859,1.299
-1.861,2.64
-1.922,2.268
-2.014,2.743
-2.125,2.585
-2.034,1.47
-2.233,3.434
-2.276,1.336
-2.336,0.556
-2.357,2.651
-2.507,-0.363
-2.567,1.692
-2.472,1.542
-2.582,-0.088
-2.693,2.076
-2.688,1.687
-3.002,2.324
-2.889,3.322
-3.011,1.593
-3.031,3.521
-3.09,3.431
3.087,1.262
3.019,2.246
3.002,1.441
2.768,3.572
2.788,-0.248
2.774,-0.042
2.547,3.321
2.637,0.212
2.439,-0.164
2.279,1.807
2.282,1.022
2.342,0.803
2.33,-0.346
2.281,2.458
2.253,0.754
2.108,1.167
2.11,3.447
2.155,0.706
1.704,0.156
1.833,0.724
1.728,1.938
1.732,0.943
1.606,0.004
1.699,3.16
1.616,1.185
1.577,2.987
1.398,1.619
1.355,1.601
1.355,3.455
1.418,2.83
1.267,0.77
1.262,0.755
1.395,0.315
1.238,1.472
1.346,3.561
1.332,2.42
1.197,0.109
1.313,2.325
1.296,2.497
1.308,0.71
1.208,0.861
1.099,1.962
1.029,2.727
1.106,-0.334
1.095,2.049
0.973,3.608
0.926,1.678
1.037,-0.049
0.959,1.481
0.897,1.201
0.71,3.273
0.745,-0.218
0.714,2.986
0.58,0.248
0.677,0.947
0.565,2.388
0.638,-0.035
0.465,1.967
0.425,-0.175
0.543,2.456
0.407,-0.127
0.345,-0.103
0.209,2.007
0.321,1.038
0.198,-0.226
0.245,-0.378
0.241,-0.101
0.203,0.974
0.039,2.568
-0.132,3.262
-0.243,1.365
-0.261,1.089
-0.267,1.133
-0.265,2.077
-0.271,2.024
-0.293,1.959
-0.4,1.791
-0.432,0.39
-0.467,1.883
-0.53,0.302
-0.572,1.099
-0.63,1.6
-0.941,0.931
-0.836,0.966
-1.107,1.044
-0.985,1.378
-1.036,0.759
-1.159,-0.231
-1.352,3.425
-1.228,1.652
-1.376,1.876
-1.386,-0.059
-1.304,3.092
-1.471,0.468
-1.474,2.533
-1.487,3.137
-1.584,1.7
-1.493,1.293
-1.781,-0.584
-2.251,-0.353
-2.484,-0.635
-2.799,-0.691
-2.917,-0.64
2.956,-0.436
2.321,-0.703
1.844,-0.647
1.65,-0.498
-0.014,-0.312
-0.214,-0.599
-0.251,-0.708
-0.543,-0.541
-0.486,-0.516
-1.589,-0.543
-1.773,3.638
-1.845,3.74
-2.271,3.925
-2.731,3.845
2.427,3.942
2.058,3.639
2.195,3.645
1.837,3.682
1.96,3.763
1.725,3.98
1.558,3.953
1.436,3.68
1.046,3.798
0.901,3.715
1.016,4.078
1.023,3.796
0.539,3.959
0.207,4.107
-0.056,4.03
-0.488,3.89
-0.947,3.859
-1.053,3.905
-1.092,3.867
1.764,1.498
1.316,0.9
0.083,-0.267
-0.179,1.051
-0.514,1.736
2.52,2.283
1.048,3.027
-1.033,1.98
-1.054,1.779
-1.11,2.123
-1.332,0.66
-2.04,2.624
-3.02,1.0
-3.115,1.288
3.019,1.797
-2.999,-0.572
1.264,-0.096
1.045,3.747
-0.72,3.323
-0.808,3.556
-1.036,3.483
-0.961,3.302
-0.062,3.467
0.408,3.914
-0.096,1.185
-0.065,1.307
-0.156,1.126
-0.126,2.921
-0.183,1.423
-0.255,0.657
-0.265,2.208
-0.279,0.574
-0.353,2.313
-0.301,1.912
-0.384,1.711
-0.403,0.607
-0.415,1.336
-0.378,0.821
-0.416,0.661
-0.433,0.447
-0.491,0.063
-0.479,2.476
-0.516,1.206
-0.506,1.68
-0.536,-0.83
-0.554,1.416
-0.659,1.23
-0.693,1.546
-0.677,1.839
-0.741,0.829
-0.877,-0.643
-0.946,0.267
-0.983,0.46
-0.923,0.638
-0.945,0.369
-1.012,-0.752
-1.039,1.609
-1.044,1.717
-1.123,0.831
-1.093,1.514
-1.171,2.884
-1.117,0.97
-1.097,1.981
-1.176,1.29
-1.137,-0.852
-1.182,0.636
-1.124,-0.428
-1.163,0.476
-1.274,0.274
-1.281,0.656
-1.349,0.603
-1.296,0.184
-1.323,0.807
-1.376,1.171
-1.344,0.577
-1.327,1.205
-1.345,-0.711
-1.36,0.295
-1.388,1.794
-1.388,0.865
-1.386,1.355
-1.423,1.841
-1.427,2.839
-1.456,-0.79
-2.152,-0.907
-2.2,-0.844
-3.084,-0.985
2.848,-0.946
2.167,-1.078
2.184,-0.939
1.664,-1.181
1.654,-0.925
1.624,-0.976
0.538,-1.173
-0.003,-0.934
-0.2,-1.154
-0.762,-1.007
-1.17,-1.309
-1.537,3.455
-1.576,3.347
-1.759,3.18
-2.198,3.234
-2.188,3.5
-2.637,3.543
-3.025,3.385
3.021,3.165
3.032,3.463
2.423,3.411
2.304,3.3
2.179,3.221
2.084,3.178
1.555,3.348
1.262,3.251
1.051,3.408
0.807,3.569
0.726,3.281
-0.024,3.592
-0.265,3.141
-0.546,3.277
-0.968,3.303
-1.076,3.353
-1.065,3.231
-1.435,3.46
-1.741,3.083
-2.047,0.455
-2.139,-0.308
-2.809,1.616
-2.792,-0.688
3.048,0.3
1.582,-0.535
1.101,1.462
0.268,2.771
-0.026,2.047
-0.482,0.178
-0.955,-0.161
0.506,-1.089
0.448,3.35
-1.401,3.117
-1.425,0.92
-1.572,0.602
-1.492,0.463
-1.56,3.022
-1.673,0.289
-1.802,2.619
-1.681,-0.654
-1.754,2.24
-1.776,0.787
-1.778,2.128
-1.839,1.756
-1.931,2.231
-2.042,2.073
-1.951,0.958
-2.15,2.922
-2.193,0.824
-2.253,0.044
-2.274,2.139
-2.424,-0.875
-2.484,1.18
-2.389,1.03
-2.499,-0.6
-2.61,1.564
-2.605,1.175
-2.919,1.812
-2.806,2.81
-2.928,1.081
-2.948,3.009
-3.007,2.919
-3.113,0.75
3.102,1.734
3.085,0.929
2.851,3.06
2.871,-0.76
2.857,-0.554
2.63,2.809
2.72,-0.3
2.522,-0.676
2.362,1.295
2.365,0.51
2.425,0.291
2.413,-0.858
2.364,1.946
2.336,0.242
2.191,0.655
2.193,2.935
2.238,0.194
1.787,-0.356
1.916,0.212
1.811,1.426
1.815,0.431
1.689,-0.508
1.782,2.648
1.699,0.673
1.66,2.475
1.481,1.107
1.438,1.089
1.438,2.943
1.501,2.318
1.35,0.258
1.345,0.243
1.478,-0.197
1.321,0.96
1.429,3.049
1.415,1.908
1.28,-0.403
1.396,1.813
1.379,1.985
1.391,0.198
1.291,0.349
1.182,1.45
1.112,2.215
1.189,-0.846
1.178,1.537
1.056,3.096
1.009,1.166
1.12,-0.561
1.042,0.969
0.98,0.689
0.793,2.761
0.828,-0.73
0.797,2.474
0.663,-0.264
0.76,0.435
0.648,1.876
0.721,-0.547
0.548,1.455
0.508,-0.687
0.626,1.944
0.49,-0.639
0.428,-0.615
0.292,1.495
0.404,0.526
0.281,-0.738
0.328,-0.89
0.324,-0.613
0.286,0.462
0.122,2.056
-0.049,2.75
-0.16,0.853
-0.178,0.577
-0.184,0.621
-0.182,1.565
-0.188,1.512
-0.21,1.447
-0.317,1.279
-0.349,-0.122
-0.384,1.371
-0.447,-0.21
-0.489,0.587
-0.547,1.088
-0.858,0.419
-0.753,0.454
-1.024,0.532
-0.902,0.866
-0.953,0.247
-1.076,-0.743
-1.269,2.913
-1.145,1.14
-1.293,1.364
-1.303,-0.571
-1.221,2.58
-1.388,-0.044
-1.391,2.021
-1.404,2.625
-1.501,1.188
-1.41,0.781
-1.698,-1.096
-2.168,-0.865
-2.401,-1.147
-2.716,-1.203
-2.834,-1.152
3.039,-0.948
2.404,-1.215
1.927,-1.159
1.733,-1.01
0.069,-0.824
-0.131,-1.111
-0.168,-1.22
-0.46,-1.053
-0.403,-1.028
-1.506,-1.055
-1.69,3.126
-1.762,3.228
-2.188,3.413
-2.648,3.333
2.51,3.43
2.141,3.127
2.278,3.133
1.92,3.17
2.043,3.251
1.808,3.468
1.641,3.441
1.519,3.168
1.129,3.286
0.984,3.203
1.099,3.566
1.106,3.284
0.622,3.447
0.29,3.595
0.027,3.518
-0.405,3.378
-0.864,3.347
-0.97,3.393
-1.009,3.355
1.847,0.986
1.399,0.388
0.166,-0.779
-0.096,0.539
-0.431,1.224
2.603,1.771
1.131,2.515
-0.95,1.468
-0.971,1.267
-1.027,1.611
-1.249,0.148
-1.957,2.112
-2.937,0.488
-3.032,0.776
3.102,1.285
-2.916,-1.084
1.347,-0.608
1.128,3.235
-0.637,2.811
-0.725,3.044
-0.953,2.971
-0.878,2.79
0.021,2.955
0.491,3.402
0.031,0.122
-0.06,-0.059
-0.03,1.736
-0.087,0.238
-0.159,-0.528
-0.169,1.023
-0.183,-0.611
-0.257,1.128
-0.205,0.727
-0.288,0.526
-0.307,-0.578
-0.319,0.151
-0.282,-0.364
-0.32,-0.524
-0.337,-0.738
-0.395,-1.122
-0.383,1.291
-0.42,0.021
-0.41,0.495
-0.44,-2.015
-0.458,0.231
-0.563,0.045
-0.597,0.361
-0.581,0.654
-0.645,-0.356
-0.781,-1.828
-0.85,-0.918
-0.887,-0.725
-0.827,-0.547
-0.849,-0.816
-0.916,-1.937
-0.943,0.424
-0.948,0.532
-1.027,-0.354
-0.997,0.329
-1.075,1.699
-1.021,-0.215
-1.001,0.796
-1.08,0.105
-1.041,-2.037
-1.086,-0.549
-1.028,-1.613
-1.067,-0.709
-1.178,-0.911
-1.185,-0.529
-1.253,-0.582
-1.2,-1.001
-1.227,-0.378
-1.28,-0.014
-1.248,-0.608
-1.231,0.02
-1.249,-1.896
-1.264,-0.89
-1.292,0.609
-1.292,-0.32
-1.29,0.17
-1.327,0.656
-1.331,1.654
-1.36,-1.975
-2.056,-2.092
-2.104,-2.029
-2.988,-2.17
2.944,-2.131
2.263,-2.263
2.28,-2.124
1.76,-2.366
1.75,-2.11
1.72,-2.161
0.634,-2.358
0.093,-2.119
-0.104,-2.339
-0.666,-2.192
-1.074,-2.494
-1.441,2.27
-1.48,2.162
-1.663,1.995
-2.102,2.049
-2.092,2.315
-2.541,2.358
-2.929,2.2
3.117,1.98
3.128,2.278
2.519,2.226
2.4,2.115
2.275,2.036
2.18,1.993
1.651,2.163
1.358,2.066
1.147,2.223
0.903,2.384
0.822,2.096
0.072,2.407
-0.169,1.956
-0.45,2.092
-0.872,2.118
-0.98,2.168
-0.969,2.046
-1.339,2.275
-1.645,1.898
-1.951,-0.73
-2.043,-1.493
-2.713,0.431
-2.696,-1.873
-3.139,-0.885
1.678,-1.72
1.197,0.277
0.364,1.586
0.07,0.862
-0.386,-1.007
-0.859,-1.346
0.602,-2.274
0.544,2.165
-1.305,1.932
-1.329,-0.265
-1.476,-0.583
-1.396,-0.722
-1.464,1.837
-1.577,-0.896
-1.706,1.434
-1.585,-1.839
-1.658,1.055
-1.68,-0.398
-1.682,0.943
-1.743,0.571
-1.835,1.046
-1.946,0.888
-1.855,-0.227
-2.054,1.737
-2.097,-0.361
-2.157,-1.141
-2.178,0.954
-2.328,-2.06
-2.388,-0.005
-2.293,-0.155
-2.403,-1.785
-2.514,0.379
-2.509,-0.01
-2.823,0.627
-2.71,1.625
-2.832,-0.104
-2.852,1.824
-2.911,1.734
-3.017,-0.435
-3.085,0.549
-3.102,-0.256
2.947,1.875
2.967,-1.945
2.953,-1.739
2.726,1.624
2.816,-1.485
2.618,-1.861
2.458,0.11
2.461,-0.675
2.521,-0.894
2.509,-2.043
2.46,0.761
2.432,-0.943
2.287,-0.53
2.289,1.75
2.334,-0.991
1.883,-1.541
2.012,-0.973
1.907,0.241
1.911,-0.754
1.785,-1.693
1.878,1.463
1.795,-0.512
1.756,1.29
1.577,-0.078
1.534,-0.096
1.534,1.758
1.597,1.133
1.446,-0.927
1.441,-0.942
1.574,-1.382
1.417,-0.225
1.525,1.864
1.511,0.723
1.376,-1.588
1.492,0.628
1.475,0.8
1.487,-0.987
1.387,-0.836
1.278,0.265
1.208,1.03
1.285,-2.031
1.274,0.352
1.152,1.911
1.105,-0.019
1.216,-1.746
1.138,-0.216
1.076,-0.496
0.889,1.576
0.924,-1.915
0.893,1.289
0.759,-1.449
0.856,-0.75
0.744,0.691
0.817,-1.732
0.644,0.27
0.604,-1.872
0.722,0.759
0.586,-1.824
0.524,-1.8
0.388,0.31
0.5,-0.659
0.377,-1.923
0.424,-2.075
0.42,-1.798
0.382,-0.723
0.218,0.871
0.047,1.565
-0.064,-0.332
-0.082,-0.608
-0.088,-0.564
-0.086,0.38
-0.092,0.327
-0.114,0.262
-0.221,0.094
-0.253,-1.307
-0.288,0.186
-0.351,-1.395
-0.393,-0.598
-0.451,-0.097
-0.762,-0.766
-0.657,-0.731
-0.928,-0.653
-0.806,-0.319
-0.857,-0.938
-0.98,-1.928
-1.173,1.728
-1.049,-0.045
-1.197,0.179
-1.207,-1.756
-1.125,1.395
-1.292,-1.229
-1.295,0.836
-1.308,1.44
-1.405,0.003
-1.314,-0.404
-1.602,-2.281
-2.072,-2.05
-2.305,-2.332
-2.62,-2.388
-2.738,-2.337
3.135,-2.133
2.5,-2.4
2.023,-2.344
1.829,-2.195
0.165,-2.009
-0.035,-2.296
-0.072,-2.405
-0.364,-2.238
-0.307,-2.213
-1.41,-2.24
-1.594,1.941
-1.666,2.043
-2.092,2.228
-2.552,2.148
2.606,2.245
2.237,1.942
2.374,1.948
2.016,1.985
2.139,2.066
1.904,2.283
1.737,2.256
1.615,1.983
1.225,2.101
1.08,2.018
1.195,2.381
1.202,2.099
0.718,2.262
0.386,2.41
0.123,2.333
-0.309,2.193
-0.768,2.162
-0.874,2.208
-0.913,2.17
1.943,-0.199
1.495,-0.797
0.262,-1.964
0.0,-0.646
-0.335,0.039
2.699,0.586
1.227,1.33
-0.854,0.283
-0.875,0.082
-0.931,0.426
-1.153,-1.037
-1.861,0.927
-2.841,-0.697
-2.936,-0.409
-3.085,0.1
-2.82,-2.269
1.443,-1.793
1.224,2.05
-0.541,1.626
-0.629,1.859
-0.857,1.786
-0.782,1.605
0.117,1.77
0.587,2.217
-0.091,-0.181
-0.061,1.614
-0.118,0.116
-0.19,-0.65
-0.2,0.901
-0.214,-0.733
-0.288,1.006
-0.236,0.605
-0.319,0.404
-0.338,-0.7
-0.35,0.029
-0.313,-0.486
-0.351,-0.646
-0.368,-0.86
-0.426,-1.244
-0.414,1.169
-0.451,-0.101
-0.441,0.373
-0.471,-2.137
-0.489,0.109
-0.594,-0.077
-0.628,0.239
-0.612,0.532
-0.676,-0.478
-0.812,-1.95
-0.881,-1.04
-0.918,-0.847
-0.858,-0.669
-0.88,-0.938
-0.947,-2.059
-0.974,0.302
-0.979,0.41
-1.058,-0.476
-1.028,0.207
-1.106,1.577
-1.052,-0.337
-1.032,0.674
-1.111,-0.017
-1.072,-2.159
-1.117,-0.671
-1.059,-1.735
-1.098,-0.831
-1.209,-1.033
-1.216,-0.651
-1.284,-0.704
-1.231,-1.123
-1.258,-0.5
-1.311,-0.136
-1.279,-0.73
-1.262,-0.102
-1.28,-2.018
-1.295,-1.012
-1.323,0.487
-1.323,-0.442
-1.321,0.048
-1.358,0.534
-1.362,1.532
-1.391,-2.097
-2.087,-2.214
-2.135,-2.151
-3.019,-2.292
2.913,-2.253
2.232,-2.385
2.249,-2.246
1.729,-2.488
1.719,-2.232
1.689,-2.283
0.603,-2.48
0.062,-2.241
-0.135,-2.461
-0.697,-2.314
-1.105,-2.616
-1.472,2.148
-1.511,2.04
-1.694,1.873
-2.133,1.927
-2.123,2.193
-2.572,2.236
-2.96,2.078
3.086,1.858
3.097,2.156
2.488,2.104
2.369,1.993
2.244,1.914
2.149,1.871
1.62,2.041
1.327,1.944
1.116,2.101
0.872,2.262
0.791,1.974
0.041,2.285
-0.2,1.834
-0.481,1.97
-0.903,1.996
-1.011,2.046
-1.0,1.924
-1.37,2.153
-1.676,1.776
-1.982,-0.852
-2.074,-1.615
-2.744,0.309
-2.727,-1.995
3.113,-1.007
1.647,-1.842
1.166,0.155
0.333,1.464
0.039,0.74
-0.417,-1.129
-0.89,-1.468
0.571,-2.396
0.513,2.043
-1.336,1.81
-1.36,-0.387
-1.507,-0.705
-1.427,-0.844
-1.495,1.715
-1.608,-1.018
-1.737,1.312
-1.616,-1.961
-1.689,0.933
-1.711,-0.52
-1.713,0.821
-1.774,0.449
-1.866,0.924
-1.977,0.766
-1.886,-0.349
-2.085,1.615
-2.128,-0.483
-2.188,-1.263
-2.209,0.832
-2.359,-2.182
-2.419,-0.127
-2.324,-0.277
-2.434,-1.907
-2.545,0.257
-2.54,-0.132
-2.854,0.505
-2.741,1.503
-2.863,-0.226
-2.883,1.702
-2.942,1.612
-3.048,-0.557
-3.116,0.427
-3.133,-0.378
2.916,1.753
2.936,-2.067
2.922,-1.861
2.695,1.502
2.785,-1.607
2.587,-1.983
2.427,-0.012
2.43,-0.797
2.49,-1.016
2.478,-2.165
2.429,0.639
2.401,-1.065
2.256,-0.652
2.258,1.628
2.303,-1.113
1.852,-1.663
1.981,-1.095
1.876,0.119
1.88,-0.876
1.754,-1.815
1.847,1.341
1.764,-0.634
1.725,1.168
1.546,-0.2
1.503,-0.218
1.503,1.636
1.566,1.011
1.415,-1.049
1.41,-1.064
1.543,-1.504
1.386,-0.347
1.494,1.742
1.48,0.601
1.345,-1.71
1.461,0.506
1.444,0.678
1.456,-1.109
1.356,-0.958
1.247,0.143
1.177,0.908
1.254,-2.153
1.243,0.23
1.121,1.789
1.074,-0.141
1.185,-1.868
1.107,-0.338
1.045,-0.618
0.858,1.454
0.893,-2.037
0.862,1.167
0.728,-1.571
0.825,-0.872
0.713,0.569
0.786,-1.854
0.613,0.148
0.573,-1.994
0.691,0.637
0.555,-1.946
0.493,-1.922
0.357,0.188
0.469,-0.781
0.346,-2.045
0.393,-2.197
0.389,-1.92
0.351,-0.845
0.187,0.749
0.016,1.443
-0.095,-0.454
-0.113,-0.73
-0.119,-0.686
-0.117,0.258
-0.123,0.205
-0.145,0.14
-0.252,-0.028
-0.284,-1.429
-0.319,0.064
-0.382,-1.517
-0.424,-0.72
-0.482,-0.219
-0.793,-0.888
-0.688,-0.853
-0.959,-0.775
-0.837,-0.441
-0.888,-1.06
-1.011,-2.05
-1.204,1.606
-1.08,-0.167
-1.228,0.057
-1.238,-1.878
-1.156,1.273
-1.323,-1.351
-1.326,0.714
-1.339,1.318
-1.436,-0.119
-1.345,-0.526
-1.633,-2.403
-2.103,-2.172
-2.336,-2.454
-2.651,-2.51
-2.769,-2.459
3.104,-2.255
2.469,-2.522
1.992,-2.466
1.798,-2.317
0.134,-2.131
-0.066,-2.418
-0.103,-2.527
-0.395,-2.36
-0.338,-2.335
-1.441,-2.362
-1.625,1.819
-1.697,1.921
-2.123,2.106
-2.583,2.026
2.575,2.123
2.206,1.82
2.343,1.826
1.985,1.863
2.108,1.944
1.873,2.161
1.706,2.134
1.584,1.861
1.194,1.979
1.049,1.896
1.164,2.259
1.171,1.977
0.687,2.14
0.355,2.288
0.092,2.211
-0.34,2.071
-0.799,2.04
-0.905,2.086
-0.944,2.048
1.912,-0.321
1.464,-0.919
0.231,-2.086
-0.031,-0.768
-0.366,-0.083
2.668,0.464
1.196,1.208
-0.885,0.161
-0.906,-0.04
-0.962,0.304
-1.184,-1.159
-1.892,0.805
-2.872,-0.819
-2.967,-0.531
-3.116,-0.022
-2.851,-2.391
1.412,-1.915
1.193,1.928
-0.572,1.504
-0.66,1.737
-0.888,1.664
-0.813,1.483
0.086,1.648
0.556,2.095
0.03,1.795
-0.027,0.297
-0.099,-0.469
-0.109,1.082
-0.123,-0.552
-0.197,1.187
-0.145,0.786
-0.228,0.585
-0.247,-0.519
-0.259,0.21
-0.222,-0.305
-0.26,-0.465
-0.277,-0.679
-0.335,-1.063
-0.323,1.35
-0.36,0.08
-0.35,0.554
-0.38,-1.956
-0.398,0.29
-0.503,0.104
-0.537,0.42
-0.521,0.713
-0.585,-0.297
-0.721,-1.769
-0.79,-0.859
-0.827,-0.666
-0.767,-0.488
-0.789,-0.757
-0.856,-1.878
-0.883,0.483
-0.888,0.591
-0.967,-0.295
-0.937,0.388
-1.015,1.758
-0.961,-0.156
-0.941,0.855
-1.02,0.164
-0.981,-1.978
-1.026,-0.49
-0.968,-1.554
-1.007,-0.65
-1.118,-0.852
-1.125,-0.47
-1.193,-0.523
-1.14,-0.942
-1.167,-0.319
-1.22,0.045
-1.188,-0.549
-1.171,0.079
-1.189,-1.837
-1.204,-0.831
-1.232,0.668
-1.232,-0.261
-1.23,0.229
-1.267,0.715
-1.271,1.713
-1.3,-1.916
-1.996,-2.033
-2.044,-1.97
-2.928,-2.111
3.004,-2.072
2.323,-2.204
2.34,-2.065
1.82,-2.307
1.81,-2.051
1.78,-2.102
0.694,-2.299
0.153,-2.06
-0.044,-2.28
-0.606,-2.133
-1.014,-2.435
-1.381,2.329
-1.42,2.221
-1.603,2.054
-2.042,2.108
-2.032,2.374
-2.481,2.417
-2.869,2.259
-3.106,2.039
-3.095,2.337
2.579,2.285
2.46,2.174
2.335,2.095
2.24,2.052
1.711,2.222
1.418,2.125
1.207,2.282
0.963,2.443
0.882,2.155
0.132,2.466
-0.109,2.015
-0.39,2.151
-0.812,2.177
-0.92,2.227
-0.909,2.105
-1.279,2.334
-1.585,1.957
-1.891,-0.671
-1.983,-1.434
-2.653,0.49
-2.636,-1.814
-3.079,-0.826
1.738,-1.661
1.257,0.336
0.424,1.645
0.13,0.921
-0.326,-0.948
-0.799,-1.287
0.662,-2.215
0.604,2.224
-1.245,1.991
-1.269,-0.206
-1.416,-0.524
-1.336,-0.663
-1.404,1.896
-1.517,-0.837
-1.646,1.493
-1.525,-1.78
-1.598,1.114
-1.62,-0.339
-1.622,1.002
-1.683,0.63
-1.775,1.105
-1.886,0.947
-1.795,-0.168
-1.994,1.796
-2.037,-0.302
-2.097,-1.082
-2.118,1.013
-2.268,-2.001
-2.328,0.054
-2.233,-0.096
-2.343,-1.726
-2.454,0.438
-2.449,0.049
-2.763,0.686
-2.65,1.684
-2.772,-0.045
-2.792,1.883
-2.851,1.793
-2.957,-0.376
-3.025,0.608
-3.042,-0.197
3.007,1.934
3.027,-1.886
3.013,-1.68
2.786,1.683
2.876,-1.426
2.678,-1.802
2.518,0.169
2.521,-0.616
2.581,-0.835
2.569,-1.984
2.52,0.82
2.492,-0.884
2.347,-0.471
2.349,1.809
2.394,-0.932
1.943,-1.482
2.072,-0.914
1.967,0.3
1.971,-0.695
1.845,-1.634
1.938,1.522
1.855,-0.453
1.816,1.349
1.637,-0.019
1.594,-0.037
1.594,1.817
1.657,1.192
1.506,-0.868
1.501,-0.883
1.634,-1.323
1.477,-0.166
1.585,1.923
1.571,0.782
1.436,-1.529
1.552,0.687
1.535,0.859
1.547,-0.928
1.447,-0.777
1.338,0.324
1.268,1.089
1.345,-1.972
1.334,0.411
1.212,1.97
1.165,0.04
1.276,-1.687
1.198,-0.157
1.136,-0.437
0.949,1.635
0.984,-1.856
0.953,1.348
0.819,-1.39
0.916,-0.691
0.804,0.75
0.877,-1.673
0.704,0.329
0.664,-1.813
0.782,0.818
0.646,-1.765
0.584,-1.741
0.448,0.369
0.56,-0.6
0.437,-1.864
0.484,-2.016
0.48,-1.739
0.442,-0.664
0.278,0.93
0.107,1.624
-0.004,-0.273
-0.022,-0.549
-0.028,-0.505
-0.026,0.439
-0.032,0.386
-0.054,0.321
-0.161,0.153
-0.193,-1.248
-0.228,0.245
-0.291,-1.336
-0.333,-0.539
-0.391,-0.038
-0.702,-0.707
-0.597,-0.672
-0.868,-0.594
-0.746,-0.26
-0.797,-0.879
-0.92,-1.869
-1.113,1.787
-0.989,0.014
-1.137,0.238
-1.147,-1.697
-1.065,1.454
-1.232,-1.17
-1.235,0.895
-1.248,1.499
-1.345,0.062
-1.254,-0.345
-1.542,-2.222
-2.012,-1.991
-2.245,-2.273
-2.56,-2.329
-2.678,-2.278
-3.088,-2.074
2.56,-2.341
2.083,-2.285
1.889,-2.136
0.225,-1.95
0.025,-2.237
-0.012,-2.346
-0.304,-2.179
-0.247,-2.154
-1.35,-2.181
-1.534,2.0
-1.606,2.102
-2.032,2.287
-2.492,2.207
2.666,2.304
2.297,2.001
2.434,2.007
2.076,2.044
2.199,2.125
1.964,2.342
1.797,2.315
1.675,2.042
1.285,2.16
1.14,2.077
1.255,2.44
1.262,2.158
0.778,2.321
0.446,2.469
0.183,2.392
-0.249,2.252
-0.708,2.221
-0.814,2.267
-0.853,2.229
2.003,-0.14
1.555,-0.738
0.322,-1.905
0.06,-0.587
-0.275,0.098
2.759,0.645
1.287,1.389
-0.794,0.342
-0.815,0.141
-0.871,0.485
-1.093,-0.978
-1.801,0.986
-2.781,-0.638
-2.876,-0.35
-3.025,0.159
-2.76,-2.21
1.503,-1.734
1.284,2.109
-0.481,1.685
-0.569,1.918
-0.797,1.845
-0.722,1.664
0.177,1.829
0.647,2.276
-0.057,-1.498
-0.129,-2.264
-0.139,-0.713
-0.153,-2.347
-0.227,-0.608
-0.175,-1.009
-0.258,-1.21
-0.277,-2.314
-0.289,-1.585
-0.252,-2.1
-0.29,-2.26
-0.307,-2.474
-0.365,-2.858
-0.353,-0.445
-0.39,-1.715
-0.38,-1.241
-0.41,-3.751
-0.428,-1.505
-0.533,-1.691
-0.567,-1.375
-0.551,-1.082
-0.615,-2.092
-0.751,-3.564
-0.82,-2.654
-0.857,-2.461
-0.797,-2.283
-0.819,-2.552
-0.886,-3.673
-0.913,-1.312
-0.918,-1.204
-0.997,-2.09
-0.967,-1.407
-1.045,-0.037
-0.991,-1.951
-0.971,-0.94
-1.05,-1.631
-1.011,-3.773
-1.056,-2.285
-0.998,-3.349
-1.037,-2.445
-1.148,-2.647
-1.155,-2.265
-1.223,-2.318
-1.17,-2.737
-1.197,-2.114
-1.25,-1.75
-1.218,-2.344
-1.201,-1.716
-1.219,-3.632
-1.234,-2.626
-1.262,-1.127
-1.262,-2.056
-1.26,-1.566
-1.297,-1.08
-1.301,-0.082
-1.33,-3.711
-2.026,-3.828
-2.074,-3.765
-2.958,-3.906
2.974,-3.867
2.293,-3.999
2.31,-3.86
1.79,-4.102
1.78,-3.846
1.75,-3.897
0.664,-4.094
0.123,-3.855
-0.074,-4.075
-0.636,-3.928
-1.044,-4.23
-1.411,0.534
-1.45,0.426
-1.633,0.259
-2.072,0.313
-2.062,0.579
-2.511,0.622
-2.899,0.464
-3.136,0.244
-3.125,0.542
2.549,0.49
2.43,0.379
2.305,0.3
2.21,0.257
1.681,0.427
1.388,0.33
1.177,0.487
0.933,0.648
0.852,0.36
0.102,0.671
-0.139,0.22
-0.42,0.356
-0.842,0.382
-0.95,0.432
-0.939,0.31
-1.309,0.539
-1.615,0.162
-1.921,-2.466
-2.013,-3.229
-2.683,-1.305
-2.666,-3.609
-3.109,-2.621
1.708,-3.456
1.227,-1.459
0.394,-0.15
0.1,-0.874
-0.356,-2.743
-0.829,-3.082
0.632,-4.01
0.574,0.429
-1.275,0.196
-1.299,-2.001
-1.446,-2.319
-1.366,-2.458
-1.434,0.101
-1.547,-2.632
-1.676,-0.302
-1.555,-3.575
-1.628,-0.681
-1.65,-2.134
-1.652,-0.793
-1.713,-1.165
-1.805,-0.69
-1.916,-0.848
-1.825,-1.963
-2.024,0.001
-2.067,-2.097
-2.127,-2.877
-2.148,-0.782
-2.298,-3.796
-2.358,-1.741
-2.263,-1.891
-2.373,-3.521
-2.484,-1.357
-2.479,-1.746
-2.793,-1.109
-2.68,-0.111
-2.802,-1.84
-2.822,0.088
-2.881,-0.002
-2.987,-2.171
-3.055,-1.187
-3.072,-1.992
2.977,0.139
2.997,-3.681
2.983,-3.475
2.756,-0.112
2.846,-3.221
2.648,-3.597
2.488,-1.626
2.491,-2.411
2.551,-2.63
2.539,-3.779
2.49,-0.975
2.462,-2.679
2.317,-2.266
2.319,0.014
2.364,-2.727
1.913,-3.277
2.042,-2.709
1.937,-1.495
1.941,-2.49
1.815,-3.429
1.908,-0.273
1.825,-2.248
1.786,-0.446
1.607,-1.814
1.564,-1.832
1.564,0.022
1.627,-0.603
1.476,-2.663
1.471,-2.678
1.604,-3.118
1.447,-1.961
1.555,0.128
1.541,-1.013
1.406,-3.324
1.522,-1.108
1.505,-0.936
1.517,-2.723
1.417,-2.572
1.308,-1.471
1.238,-0.706
1.315,-3.767
1.304,-1.384
1.182,0.175
1.135,-1.755
1.246,-3.482
1.168,-1.952
1.106,-2.232
0.919,-0.16
0.954,-3.651
0.923,-0.447
0.789,-3.185
0.886,-2.486
0.774,-1.045
0.847,-3.468
0.674,-1.466
0.634,-3.608
0.752,-0.977
0.616,-3.56
0.554,-3.536
0.418,-1.426
0.53,-2.395
0.407,-3.659
0.454,-3.811
0.45,-3.534
0.412,-2.459
0.248,-0.865
0.077,-0.171
-0.034,-2.068
-0.052,-2.344
-0.058,-2.3
-0.056,-1.356
-0.062,-1.409
-0.084,-1.474
-0.191,-1.642
-0.223,-3.043
-0.258,-1.55
-0.321,-3.131
-0.363,-2.334
-0.421,-1.833
-0.732,-2.502
-0.627,-2.467
-0.898,-2.389
-0.776,-2.055
-0.827,-2.674
-0.95,-3.664
-1.143,-0.008
-1.019,-1.781
-1.167,-1.557
-1.177,-3.492
-1.095,-0.341
-1.262,-2.965
-1.265,-0.9
-1.278,-0.296
-1.375,-1.733
-1.284,-2.14
-1.572,-4.017
-2.042,-3.786
-2.275,-4.068
-2.59,-4.124
-2.708,-4.073
-3.118,-3.869
2.53,-4.136
2.053,-4.08
1.859,-3.931
0.195,-3.745
-0.005,-4.032
-0.042,-4.141
-0.334,-3.974
-0.277,-3.949
-1.38,-3.976
-1.564,0.205
-1.636,0.307
-2.062,0.492
-2.522,0.412
2.636,0.509
2.267,0.206
2.404,0.212
2.046,0.249
2.169,0.33
1.934,0.547
1.767,0.52
1.645,0.247
1.255,0.365
1.11,0.282
1.225,0.645
1.232,0.363
0.748,0.526
0.416,0.674
0.153,0.597
-0.279,0.457
-0.738,0.426
-0.844,0.472
-0.883,0.434
1.973,-1.935
1.525,-2.533
0.292,-3.7
0.03,-2.382
-0.305,-1.697
2.729,-1.15
1.257,-0.406
-0.824,-1.453
-0.845,-1.654
-0.901,-1.31
-1.123,-2.773
-1.831,-0.809
-2.811,-2.433
-2.906,-2.145
-3.055,-1.636
-2.79,-4.005
1.473,-3.529
1.254,0.314
-0.511,-0.11
-0.599,0.123
-0.827,0.05
-0.752,-0.131
0.147,0.034
0.617,0.481
-0.072,-0.766
-0.082,0.785
-0.096,-0.849
-0.17,0.89
-0.118,0.489
-0.201,0.288
-0.22,-0.816
-0.232,-0.087
-0.195,-0.602
-0.233,-0.762
-0.25,-0.976
-0.308,-1.36
-0.296,1.053
-0.333,-0.217
-0.323,0.257
-0.353,-2.253
-0.371,-0.007
-0.476,-0.193
-0.51,0.123
-0.494,0.416
-0.558,-0.594
-0.694,-2.066
-0.763,-1.156
-0.8,-0.963
-0.74,-0.785
-0.762,-1.054
-0.829,-2.175
-0.856,0.186
-0.861,0.294
-0.94,-0.592
-0.91,0.091
-0.988,1.461
-0.934,-0.453
-0.914,0.558
-0.993,-0.133
-0.954,-2.275
-0.999,-0.787
-0.941,-1.851
-0.98,-0.947
-1.091,-1.149
-1.098,-0.767
-1.166,-0.82
-1.113,-1.239
-1.14,-0.616
-1.193,-0.252
-1.161,-0.846
-1.144,-0.218
-1.162,-2.134
-1.177,-1.128
-1.205,0.371
-1.205,-0.558
-1.203,-0.068
-1.24,0.418
-1.244,1.416
-1.273,-2.213
-1.969,-2.33
-2.017,-2.267
-2.901,-2.408
3.031,-2.369
2.35,-2.501
2.367,-2.362
1.847,-2.604
1.837,-2.348
1.807,-2.399
0.721,-2.596
0.18,-2.357
-0.017,-2.577
-0.579,-2.43
-0.987,-2.732
-1.354,2.032
-1.393,1.924
-1.576,1.757
-2.015,1.811
-2.005,2.077
-2.454,2.12
-2.842,1.962
-3.079,1.742
-3.068,2.04
2.606,1.988
2.487,1.877
2.362,1.798
2.267,1.755
1.738,1.925
1.445,1.828
1.234,1.985
0.99,2.146
0.909,1.858
0.159,2.169
-0.082,1.718
-0.363,1.854
-0.785,1.88
-0.893,1.93
-0.882,1.808
-1.252,2.037
-1.558,1.66
-1.864,-0.968
-1.956,-1.731
-2.626,0.193
-2.609,-2.111
-3.052,-1.123
1.765,-1.958
1.284,0.039
0.451,1.348
0.157,0.624
-0.299,-1.245
-0.772,-1.584
0.689,-2.512
0.631,1.927
-1.218,1.694
-1.242,-0.503
-1.389,-0.821
-1.309,-0.96
-1.377,1.599
-1.49,-1.134
-1.619,1.196
-1.498,-2.077
-1.571,0.817
-1.593,-0.636
-1.595,0.705
-1.656,0.333
-1.748,0.808
-1.859,0.65
-1.768,-0.465
-1.967,1.499
-2.01,-0.599
-2.07,-1.379
-2.091,0.716
-2.241,-2.298
-2.301,-0.243
-2.206,-0.393
-2.316,-2.023
-2.427,0.141
-2.422,-0.248
-2.736,0.389
-2.623,1.387
-2.745,-0.342
-2.765,1.586
-2.824,1.496
-2.93,-0.673
-2.998,0.311
-3.015,-0.494
3.034,1.637
3.054,-2.183
3.04,-1.977
2.813,1.386
2.903,-1.723
2.705,-2.099
2.545,-0.128
2.548,-0.913
2.608,-1.132
2.596,-2.281
2.547,0.523
2.519,-1.181
2.374,-0.768
2.376,1.512
2.421,-1.229
1.97,-1.779
2.099,-1.211
1.994,0.003
1.998,-0.992
1.872,-1.931
1.965,1.225
1.882,-0.75
1.843,1.052
1.664,-0.316
1.621,-0.334
1.621,1.52
1.684,0.895
1.533,-1.165
1.528,-1.18
1.661,-1.62
1.504,-0.463
1.612,1.626
1.598,0.485
1.463,-1.826
1.579,0.39
1.562,0.562
1.574,-1.225
1.474,-1.074
1.365,0.027
1.295,0.792
1.372,-2.269
1.361,0.114
1.239,1.673
1.192,-0.257
1.303,-1.984
1.225,-0.454
1.163,-0.734
0.976,1.338
1.011,-2.153
0.98,1.051
0.846,-1.687
0.943,-0.988
0.831,0.453
0.904,-1.97
0.731,0.032
0.691,-2.11
0.809,0.521
0.673,-2.062
0.611,-2.038
0.475,0.072
0.587,-0.897
0.464,-2.161
0.511,-2.313
0.507,-2.036
0.469,-0.961
0.305,0.633
0.134,1.327
0.023,-0.57
0.005,-0.846
-0.001,-0.802
0.001,0.142
-0.005,0.089
-0.027,0.024
-0.134,-0.144
-0.166,-1.545
-0.201,-0.052
-0.264,-1.633
-0.306,-0.836
-0.364,-0.335
-0.675,-1.004
-0.57,-0.969
-0.841,-0.891
-0.719,-0.557
-0.77,-1.176
-0.893,-2.166
-1.086,1.49
-0.962,-0.283
-1.11,-0.059
-1.12,-1.994
-1.038,1.157
-1.205,-1.467
-1.208,0.598
-1.221,1.202
-1.318,-0.235
-1.227,-0.642
-1.515,-2.519
-1.985,-2.288
-2.218,-2.57
-2.533,-2.626
-2.651,-2.575
-3.061,-2.371
2.587,-2.638
2.11,-2.582
1.916,-2.433
0.252,-2.247
0.052,-2.534
0.015,-2.643
-0.277,-2.476
-0.22,-2.451
-1.323,-2.478
-1.507,1.703
-1.579,1.805
-2.005,1.99
-2.465,1.91
2.693,2.007
2.324,1.704
2.461,1.71
2.103,1.747
2.226,1.828
1.991,2.045
1.824,2.018
1.702,1.745
1.312,1.863
1.167,1.78
1.282,2.143
1.289,1.861
0.805,2.024
0.473,2.172
0.21,2.095
-0.222,1.955
-0.681,1.924
-0.787,1.97
-0.826,1.932
2.03,-0.437
1.582,-1.035
0.349,-2.202
0.087,-0.884
-0.248,-0.199
2.786,0.348
1.314,1.092
-0.767,0.045
-0.788,-0.156
-0.844,0.188
-1.066,-1.275
-1.774,0.689
-2.754,-0.935
-2.849,-0.647
-2.998,-0.138
-2.733,-2.507
1.53,-2.031
1.311,1.812
-0.454,1.388
-0.542,1.621
-0.77,1.548
-0.695,1.367
0.204,1.532
0.674,1.979
-0.01,1.551
-0.024,-0.083
-0.098,1.656
-0.046,1.255
-0.129,1.054
-0.148,-0.05
-0.16,0.679
-0.123,0.164
-0.161,0.004
-0.178,-0.21
-0.236,-0.594
-0.224,1.819
-0.261,0.549
-0.251,1.023
-0.281,-1.487
-0.299,0.759
-0.404,0.573
-0.438,0.889
-0.422,1.182
-0.486,0.172
-0.622,-1.3
-0.691,-0.39
-0.728,-0.197
-0.668,-0.019
-0.69,-0.288
-0.757,-1.409
-0.784,0.952
-0.789,1.06
-0.868,0.174
-0.838,0.857
-0.916,2.227
-0.862,0.313
-0.842,1.324
-0.921,0.633
-0.882,-1.509
-0.927,-0.021
-0.869,-1.085
-0.908,-0.181
-1.019,-0.383
-1.026,-0.001
-1.094,-0.054
-1.041,-0.473
-1.068,0.15
-1.121,0.514
-1.089,-0.08
-1.072,0.548
-1.09,-1.368
-1.105,-0.362
-1.133,1.137
-1.133,0.208
-1.131,0.698
-1.168,1.184
-1.172,2.182
-1.201,-1.447
-1.897,-1.564
-1.945,-1.501
-2.829,-1.642
3.103,-1.603
2.422,-1.735
2.439,-1.596
1.919,-1.838
1.909,-1.582
1.879,-1.633
0.793,-1.83
0.252,-1.591
0.055,-1.811
-0.507,-1.664
-0.915,-1.966
-1.282,2.798
-1.321,2.69
-1.504,2.523
-1.943,2.577
-1.933,2.843
-2.382,2.886
-2.77,2.728
-3.007,2.508
-2.996,2.806
2.678,2.754
2.559,2.643
2.434,2.564
2.339,2.521
1.81,2.691
1.517,2.594
1.306,2.751
1.062,2.912
0.981,2.624
0.231,2.935
-0.01,2.484
-0.291,2.62
-0.713,2.646
-0.821,2.696
-0.81,2.574
-1.18,2.803
-1.486,2.426
-1.792,-0.202
-1.884,-0.965
-2.554,0.959
-2.537,-1.345
-2.98,-0.357
1.837,-1.192
1.356,0.805
0.523,2.114
0.229,1.39
-0.227,-0.479
-0.7,-0.818
0.761,-1.746
0.703,2.693
-1.146,2.46
-1.17,0.263
-1.317,-0.055
-1.237,-0.194
-1.305,2.365
-1.418,-0.368
-1.547,1.962
-1.426,-1.311
-1.499,1.583
-1.521,0.13
-1.523,1.471
-1.584,1.099
-1.676,1.574
-1.787,1.416
-1.696,0.301
-1.895,2.265
-1.938,0.167
-1.998,-0.613
-2.019,1.482
-2.169,-1.532
-2.229,0.523
-2.134,0.373
-2.244,-1.257
-2.355,0.907
-2.35,0.518
-2.664,1.155
-2.551,2.153
-2.673,0.424
-2.693,2.352
-2.752,2.262
-2.858,0.093
-2.926,1.077
-2.943,0.272
3.106,2.403
3.126,-1.417
3.112,-1.211
2.885,2.152
2.975,-0.957
2.777,-1.333
2.617,0.638
2.62,-0.147
2.68,-0.366
2.668,-1.515
2.619,1.289
2.591,-0.415
2.446,-0.002
2.448,2.278
2.493,-0.463
2.042,-1.013
2.171,-0.445
2.066,0.769
2.07,-0.226
1.944,-1.165
2.037,1.991
1.954,0.016
1.915,1.818
1.736,0.45
1.693,0.432
1.693,2.286
1.756,1.661
1.605,-0.399
1.6,-0.414
1.733,-0.854
1.576,0.303
1.684,2.392
1.67,1.251
1.535,-1.06
1.651,1.156
1.634,1.328
1.646,-0.459
1.546,-0.308
1.437,0.793
1.367,1.558
1.444,-1.503
1.433,0.88
1.311,2.439
1.264,0.509
1.375,-1.218
1.297,0.312
1.235,0.032
1.048,2.104
1.083,-1.387
1.052,1.817
0.918,-0.921
1.015,-0.222
0.903,1.219
0.976,-1.204
0.803,0.798
0.763,-1.344
0.881,1.287
0.745,-1.296
0.683,-1.272
0.547,0.838
0.659,-0.131
0.536,-1.395
0.583,-1.547
0.579,-1.27
0.541,-0.195
0.377,1.399
0.206,2.093
0.095,0.196
0.077,-0.08
0.071,-0.036
0.073,0.908
0.067,0.855
0.045,0.79
-0.062,0.622
-0.094,-0.779
-0.129,0.714
-0.192,-0.867
-0.234,-0.07
-0.292,0.431
-0.603,-0.238
-0.498,-0.203
-0.769,-0.125
-0.647,0.209
-0.698,-0.41
-0.821,-1.4
-1.014,2.256
-0.89,0.483
-1.038,0.707
-1.048,-1.228
-0.966,1.923
-1.133,-0.701
-1.136,1.364
-1.149,1.968
-1.246,0.531
-1.155,0.124
-1.443,-1.753
-1.913,-1.522
-2.146,-1.804
-2.461,-1.86
-2.579,-1.809
-2.989,-1.605
2.659,-1.872
2.182,-1.816
1.988,-1.667
0.324,-1.481
0.124,-1.768
0.087,-1.877
-0.205,-1.71
-0.148,-1.685
-1.251,-1.712
-1.435,2.469
-1.507,2.571
-1.933,2.756
-2.393,2.676
2.765,2.773
2.396,2.47
2.533,2.476
2.175,2.513
2.298,2.594
2.063,2.811
1.896,2.784
1.774,2.511
1.384,2.629
1.239,2.546
1.354,2.909
1.361,2.627
0.877,2.79
0.545,2.938
0.282,2.861
-0.15,2.721
-0.609,2.69
-0.715,2.736
-0.754,2.698
2.102,0.329
1.654,-0.269
0.421,-1.436
0.159,-0.118
-0.176,0.567
2.858,1.114
1.386,1.858
-0.695,0.811
-0.716,0.61
-0.772,0.954
-0.994,-0.509
-1.702,1.455
-2.682,-0.169
-2.777,0.119
-2.926,0.628
-2.661,-1.741
1.602,-1.265
1.383,2.578
-0.382,2.154
-0.47,2.387
-0.698,2.314
-0.623,2.133
0.276,2.298
0.746,2.745
-0.014,-1.634
-0.088,0.105
-0.036,-0.296
-0.119,-0.497
-0.138,-1.601
-0.15,-0.872
-0.113,-1.387
-0.151,-1.547
-0.168,-1.761
-0.226,-2.145
-0.214,0.268
-0.251,-1.002
-0.241,-0.528
-0.271,-3.038
-0.289,-0.792
-0.394,-0.978
-0.428,-0.662
-0.412,-0.369
-0.476,-1.379
-0.612,-2.851
-0.681,-1.941
-0.718,-1.748
-0.658,-1.57
-0.68,-1.839
-0.747,-2.96
-0.774,-0.599
-0.779,-0.491
-0.858,-1.377
-0.828,-0.694
-0.906,0.676
-0.852,-1.238
-0.832,-0.227
-0.911,-0.918
-0.872,-3.06
-0.917,-1.572
-0.859,-2.636
-0.898,-1.732
-1.009,-1.934
-1.016,-1.552
-1.084,-1.605
-1.031,-2.024
-1.058,-1.401
-1.111,-1.037
-1.079,-1.631
-1.062,-1.003
-1.08,-2.919
-1.095,-1.913
-1.123,-0.414
-1.123,-1.343
-1.121,-0.853
-1.158,-0.367
-1.162,0.631
-1.191,-2.998
-1.887,-3.115
-1.935,-3.052
-2.819,-3.193
3.113,-3.154
2.432,-3.286
2.449,-3.147
1.929,-3.389
1.919,-3.133
1.889,-3.184
0.803,-3.381
0.262,-3.142
0.065,-3.362
-0.497,-3.215
-0.905,-3.517
-1.272,1.247
-1.311,1.139
-1.494,0.972
-1.933,1.026
-1.923,1.292
-2.372,1.335
-2.76,1.177
-2.997,0.957
-2.986,1.255
2.688,1.203
2.569,1.092
2.444,1.013
2.349,0.97
1.82,1.14
1.527,1.043
1.316,1.2
1.072,1.361
0.991,1.073
0.241,1.384
0.0,0.933
-0.281,1.069
-0.703,1.095
-0.811,1.145
-0.8,1.023
-1.17,1.252
-1.476,0.875
-1.782,-1.753
-1.874,-2.516
-2.544,-0.592
-2.527,-2.896
-2.97,-1.908
1.847,-2.743
1.366,-0.746
0.533,0.563
0.239,-0.161
-0.217,-2.03
-0.69,-2.369
0.771,-3.297
0.713,1.142
-1.136,0.909
-1.16,-1.288
-1.307,-1.606
-1.227,-1.745
-1.295,0.814
-1.408,-1.919
-1.537,0.411
-1.416,-2.862
-1.489,0.032
-1.511,-1.421
-1.513,-0.08
-1.574,-0.452
-1.666,0.023
-1.777,-0.135
-1.686,-1.25
-1.885,0.714
-1.928,-1.384
-1.988,-2.164
-2.009,-0.069
-2.159,-3.083
-2.219,-1.028
-2.124,-1.178
-2.234,-2.808
-2.345,-0.644
-2.34,-1.033
-2.654,-0.396
-2.541,0.602
-2.663,-1.127
-2.683,0.801
-2.742,0.711
-2.848,-1.458
-2.916,-0.474
-2.933,-1.279
3.116,0.852
3.136,-2.968
3.122,-2.762
2.895,0.601
2.985,-2.508
2.787,-2.884
2.627,-0.913
2.63,-1.698
2.69,-1.917
2.678,-3.066
2.629,-0.262
2.601,-1.966
2.456,-1.553
2.458,0.727
2.503,-2.014
2.052,-2.564
2.181,-1.996
2.076,-0.782
2.08,-1.777
1.954,-2.716
2.047,0.44
1.964,-1.535
1.925,0.267
1.746,-1.101
1.703,-1.119
1.703,0.735
1.766,0.11
1.615,-1.95
1.61,-1.965
1.743,-2.405
1.586,-1.248
1.694,0.841
1.68,-0.3
1.545,-2.611
1.661,-0.395
1.644,-0.223
1.656,-2.01
1.556,-1.859
1.447,-0.758
1.377,0.007
1.454,-3.054
1.443,-0.671
1.321,0.888
1.274,-1.042
1.385,-2.769
1.307,-1.239
1.245,-1.519
1.058,0.553
1.093,-2.938
1.062,0.266
0.928,-2.472
1.025,-1.773
0.913,-0.332
0.986,-2.755
0.813,-0.753
0.773,-2.895
0.891,-0.264
0.755,-2.847
0.693,-2.823
0.557,-0.713
0.669,-1.682
0.546,-2.946
0.593,-3.098
0.589,-2.821
0.551,-1.746
0.387,-0.152
0.216,0.542
0.105,-1.355
0.087,-1.631
0.081,-1.587
0.083,-0.643
0.077,-0.696
0.055,-0.761
-0.052,-0.929
-0.084,-2.33
-0.119,-0.837
-0.182,-2.418
-0.224,-1.621
-0.282,-1.12
-0.593,-1.789
-0.488,-1.754
-0.759,-1.676
-0.637,-1.342
-0.688,-1.961
-0.811,-2.951
-1.004,0.705
-0.88,-1.068
-1.028,-0.844
-1.038,-2.779
-0.956,0.372
-1.123,-2.252
-1.126,-0.187
-1.139,0.417
-1.236,-1.02
-1.145,-1.427
-1.433,-3.304
-1.903,-3.073
-2.136,-3.355
-2.451,-3.411
-2.569,-3.36
-2.979,-3.156
2.669,-3.423
2.192,-3.367
1.998,-3.218
0.334,-3.032
0.134,-3.319
0.097,-3.428
-0.195,-3.261
-0.138,-3.236
-1.241,-3.263
-1.425,0.918
-1.497,1.02
-1.923,1.205
-2.383,1.125
2.775,1.222
2.406,0.919
2.543,0.925
2.185,0.962
2.308,1.043
2.073,1.26
1.906,1.233
1.784,0.96
1.394,1.078
1.249,0.995
1.364,1.358
1.371,1.076
0.887,1.239
0.555,1.387
0.292,1.31
-0.14,1.17
-0.599,1.139
-0.705,1.185
-0.744,1.147
2.112,-1.222
1.664,-1.82
0.431,-2.987
0.169,-1.669
-0.166,-0.984
2.868,-0.437
1.396,0.307
-0.685,-0.74
-0.706,-0.941
-0.762,-0.597
-0.984,-2.06
-1.692,-0.096
-2.672,-1.72
-2.767,-1.432
-2.916,-0.923
-2.651,-3.292
1.612,-2.816
1.393,1.027
-0.372,0.603
-0.46,0.836
-0.688,0.763
-0.613,0.582
0.286,0.747
0.756,1.194
-0.074,1.739
-0.022,1.338
-0.105,1.137
-0.124,0.033
-0.136,0.762
-0.099,0.247
-0.137,0.087
-0.154,-0.127
-0.212,-0.511
-0.2,1.902
-0.237,0.632
-0.227,1.106
-0.257,-1.404
-0.275,0.842
-0.38,0.656
-0.414,0.972
-0.398,1.265
-0.462,0.255
-0.598,-1.217
-0.667,-0.307
-0.704,-0.114
-0.644,0.064
-0.666,-0.205
-0.733,-1.326
-0.76,1.035
-0.765,1.143
-0.844,0.257
-0.814,0.94
-0.892,2.31
-0.838,0.396
-0.818,1.407
-0.897,0.716
-0.858,-1.426
-0.903,0.062
-0.845,-1.002
-0.884,-0.098
-0.995,-0.3
-1.002,0.082
-1.07,0.029
-1.017,-0.39
-1.044,0.233
-1.097,0.597
-1.065,0.003
-1.048,0.631
-1.066,-1.285
-1.081,-0.279
-1.109,1.22
-1.109,0.291
-1.107,0.781
-1.144,1.267
-1.148,2.265
-1.177,-1.364
-1.873,-1.481
-1.921,-1.418
-2.805,-1.559
3.127,-1.52
2.446,-1.652
2.463,-1.513
1.943,-1.755
1.933,-1.499
1.903,-1.55
0.817,-1.747
0.276,-1.508
0.079,-1.728
-0.483,-1.581
-0.891,-1.883
-1.258,2.881
-1.297,2.773
-1.48,2.606
-1.919,2.66
-1.909,2.926
-2.358,2.969
-2.746,2.811
-2.983,2.591
-2.972,2.889
2.702,2.837
2.583,2.726
2.458,2.647
2.363,2.604
1.834,2.774
1.541,2.677
1.33,2.834
1.086,2.995
1.005,2.707
0.255,3.018
0.014,2.567
-0.267,2.703
-0.689,2.729
-0.797,2.779
-0.786,2.657
-1.156,2.886
-1.462,2.509
-1.768,-0.119
-1.86,-0.882
-2.53,1.042
-2.513,-1.262
-2.956,-0.274
1.861,-1.109
1.38,0.888
0.547,2.197
0.253,1.473
-0.203,-0.396
-0.676,-0.735
0.785,-1.663
0.727,2.776
-1.122,2.543
-1.146,0.346
-1.293,0.028
-1.213,-0.111
-1.281,2.448
-1.394,-0.285
-1.523,2.045
-1.402,-1.228
-1.475,1.666
-1.497,0.213
-1.499,1.554
-1.56,1.182
-1.652,1.657
-1.763,1.499
-1.672,0.384
-1.871,2.348
-1.914,0.25
-1.974,-0.53
-1.995,1.565
-2.145,-1.449
-2.205,0.606
-2.11,0.456
-2.22,-1.174
-2.331,0.99
-2.326,0.601
-2.64,1.238
-2.527,2.236
-2.649,0.507
-2.669,2.435
-2.728,2.345
-2.834,0.176
-2.902,1.16
-2.919,0.355
3.13,2.486
-3.133,-1.334
3.136,-1.128
2.909,2.235
2.999,-0.874
2.801,-1.25
2.641,0.721
2.644,-0.064
2.704,-0.283
2.692,-1.432
2.643,1.372
2.615,-0.332
2.47,0.081
2.472,2.361
2.517,-0.38
2.066,-0.93
2.195,-0.362
2.09,0.852
2.094,-0.143
1.968,-1.082
2.061,2.074
1.978,0.099
1.939,1.901
1.76,0.533
1.717,0.515
1.717,2.369
1.78,1.744
1.629,-0.316
1.624,-0.331
1.757,-0.771
1.6,0.386
1.708,2.475
1.694,1.334
1.559,-0.977
1.675,1.239
1.658,1.411
1.67,-0.376
1.57,-0.225
1.461,0.876
1.391,1.641
1.468,-1.42
1.457,0.963
1.335,2.522
1.288,0.592
1.399,-1.135
1.321,0.395
1.259,0.115
1.072,2.187
1.107,-1.304
1.076,1.9
0.942,-0.838
1.039,-0.139
0.927,1.302
1.0,-1.121
0.827,0.881
0.787,-1.261
0.905,1.37
0.769,-1.213
0.707,-1.189
0.571,0.921
0.683,-0.048
0.56,-1.312
0.607,-1.464
0.603,-1.187
0.565,-0.112
0.401,1.482
0.23,2.176
0.119,0.279
0.101,0.003
0.095,0.047
0.097,0.991
0.091,0.938
0.069,0.873
-0.038,0.705
-0.07,-0.696
-0.105,0.797
-0.168,-0.784
-0.21,0.013
-0.268,0.514
-0.579,-0.155
-0.474,-0.12
-0.745,-0.042
-0.623,0.292
-0.674,-0.327
-0.797,-1.317
-0.99,2.339
-0.866,0.566
-1.014,0.79
-1.024,-1.145
-0.942,2.006
-1.109,-0.618
-1.112,1.447
-1.125,2.051
-1.222,0.614
-1.131,0.207
-1.419,-1.67
-1.889,-1.439
-2.122,-1.721
-2.437,-1.777
-2.555,-1.726
-2.965,-1.522
2.683,-1.789
2.206,-1.733
2.012,-1.584
0.348,-1.398
0.148,-1.685
0.111,-1.794
-0.181,-1.627
-0.124,-1.602
-1.227,-1.629
-1.411,2.552
-1.483,2.654
-1.909,2.839
-2.369,2.759
2.789,2.856
2.42,2.553
2.557,2.559
2.199,2.596
2.322,2.677
2.087,2.894
1.92,2.867
1.798,2.594
1.408,2.712
1.263,2.629
1.378,2.992
1.385,2.71
0.901,2.873
0.569,3.021
0.306,2.944
-0.126,2.804
-0.585,2.773
-0.691,2.819
-0.73,2.781
2.126,0.412
1.678,-0.186
0.445,-1.353
0.183,-0.035
-0.152,0.65
2.882,1.197
1.41,1.941
-0.671,0.894
-0.692,0.693
-0.748,1.037
-0.97,-0.426
-1.678,1.538
-2.658,-0.086
-2.753,0.202
-2.902,0.711
-2.637,-1.658
1.626,-1.182
1.407,2.661
-0.358,2.237
-0.446,2.47
-0.674,2.397
-0.599,2.216
0.3,2.381
0.77,2.828
0.052,-0.401
-0.031,-0.602
-0.05,-1.706
-0.062,-0.977
-0.025,-1.492
-0.063,-1.652
-0.08,-1.866
-0.138,-2.25
-0.126,0.163
-0.163,-1.107
-0.153,-0.633
-0.183,-3.143
-0.201,-0.897
-0.306,-1.083
-0.34,-0.767
-0.324,-0.474
-0.388,-1.484
-0.524,-2.956
-0.593,-2.046
-0.63,-1.853
-0.57,-1.675
-0.592,-1.944
-0.659,-3.065
-0.686,-0.704
-0.691,-0.596
-0.77,-1.482
-0.74,-0.799
-0.818,0.571
-0.764,-1.343
-0.744,-0.332
-0.823,-1.023
-0.784,-3.165
-0.829,-1.677
-0.771,-2.741
-0.81,-1.837
-0.921,-2.039
-0.928,-1.657
-0.996,-1.71
-0.943,-2.129
-0.97,-1.506
-1.023,-1.142
-0.991,-1.736
-0.974,-1.108
-0.992,-3.024
-1.007,-2.018
-1.035,-0.519
-1.035,-1.448
-1.033,-0.958
-1.07,-0.472
-1.074,0.526
-1.103,-3.103
-1.799,-3.22
-1.847,-3.157
-2.731,-3.298
-3.082,-3.259
2.52,-3.391
2.537,-3.252
2.017,-3.494
2.007,-3.238
1.977,-3.289
0.891,-3.486
0.35,-3.247
0.153,-3.467
-0.409,-3.32
-0.817,-3.622
-1.184,1.142
-1.223,1.034
-1.406,0.867
-1.845,0.921
-1.835,1.187
-2.284,1.23
-2.672,1.072
-2.909,0.852
-2.898,1.15
2.776,1.098
2.657,0.987
2.532,0.908
2.437,0.865
1.908,1.035
1.615,0.938
1.404,1.095
1.16,1.256
1.079,0.968
0.329,1.279
0.088,0.828
-0.193,0.964
-0.615,0.99
-0.723,1.04
-0.712,0.918
-1.082,1.147
-1.388,0.77
-1.694,-1.858
-1.786,-2.621
-2.456,-0.697
-2.439,-3.001
-2.882,-2.013
1.935,-2.848
1.454,-0.851
0.621,0.458
0.327,-0.266
-0.129,-2.135
-0.602,-2.474
0.859,-3.402
0.801,1.037
-1.048,0.804
-1.072,-1.393
-1.219,-1.711
-1.139,-1.85
-1.207,0.709
-1.32,-2.024
-1.449,0.306
-1.328,-2.967
-1.401,-0.073
-1.423,-1.526
-1.425,-0.185
-1.486,-0.557
-1.578,-0.082
-1.689,-0.24
-1.598,-1.355
-1.797,0.609
-1.84,-1.489
-1.9,-2.269
-1.921,-0.174
-2.071,-3.188
-2.131,-1.133
-2.036,-1.283
-2.146,-2.913
-2.257,-0.749
-2.252,-1.138
-2.566,-0.501
-2.453,0.497
-2.575,-1.232
-2.595,0.696
-2.654,0.606
-2.76,-1.563
-2.828,-0.579
-2.845,-1.384
-3.079,0.747
-3.059,-3.073
-3.073,-2.867
2.983,0.496
3.073,-2.613
2.875,-2.989
2.715,-1.018
2.718,-1.803
2.778,-2.022
2.766,-3.171
2.717,-0.367
2.689,-2.071
2.544,-1.658
2.546,0.622
2.591,-2.119
2.14,-2.669
2.269,-2.101
2.164,-0.887
2.168,-1.882
2.042,-2.821
2.135,0.335
2.052,-1.64
2.013,0.162
1.834,-1.206
1.791,-1.224
1.791,0.63
1.854,0.005
1.703,-2.055
1.698,-2.07
1.831,-2.51
1.674,-1.353
1.782,0.736
1.768,-0.405
1.633,-2.716
1.749,-0.5
1.732,-0.328
1.744,-2.115
1.644,-1.964
1.535,-0.863
1.465,-0.098
1.542,-3.159
1.531,-0.776
1.409,0.783
1.362,-1.147
1.473,-2.874
1.395,-1.344
1.333,-1.624
1.146,0.448
1.181,-3.043
1.15,0.161
1.016,-2.577
1.113,-1.878
1.001,-0.437
1.074,-2.86
0.901,-0.858
0.861,-3.0
0.979,-0.369
0.843,-2.952
0.781,-2.928
0.645,-0.818
0.757,-1.787
0.634,-3.051
0.681,-3.203
0.677,-2.926
0.639,-1.851
0.475,-0.257
0.304,0.437
0.193,-1.46
0.175,-1.736
0.169,-1.692
0.171,-0.748
0.165,-0.801
0.143,-0.866
0.036,-1.034
0.004,-2.435
-0.031,-0.942
-0.094,-2.523
-0.136,-1.726
-0.194,-1.225
-0.505,-1.894
-0.4,-1.859
-0.671,-1.781
-0.549,-1.447
-0.6,-2.066
-0.723,-3.056
-0.916,0.6
-0.792,-1.173
-0.94,-0.949
-0.95,-2.884
-0.868,0.267
-1.035,-2.357
-1.038,-0.292
-1.051,0.312
-1.148,-1.125
-1.057,-1.532
-1.345,-3.409
-1.815,-3.178
-2.048,-3.46
-2.363,-3.516
-2.481,-3.465
-2.891,-3.261
2.757,-3.528
2.28,-3.472
2.086,-3.323
0.422,-3.137
0.222,-3.424
0.185,-3.533
-0.107,-3.366
-0.05,-3.341
-1.153,-3.368
-1.337,0.813
-1.409,0.915
-1.835,1.1
-2.295,1.02
2.863,1.117
2.494,0.814
2.631,0.82
2.273,0.857
2.396,0.938
2.161,1.155
1.994,1.128
1.872,0.855
1.482,0.973
1.337,0.89
1.452,1.253
1.459,0.971
0.975,1.134
0.643,1.282
0.38,1.205
-0.052,1.065
-0.511,1.034
-0.617,1.08
-0.656,1.042
2.2,-1.327
1.752,-1.925
0.519,-3.092
0.257,-1.774
-0.078,-1.089
2.956,-0.542
1.484,0.202
-0.597,-0.845
-0.618,-1.046
-0.674,-0.702
-0.896,-2.165
-1.604,-0.201
-2.584,-1.825
-2.679,-1.537
-2.828,-1.028
-2.563,-3.397
1.7,-2.921
1.481,0.922
-0.284,0.498
-0.372,0.731
-0.6,0.658
-0.525,0.477
0.374,0.642
0.844,1.089
-0.083,-0.201
-0.102,-1.305
-0.114,-0.576
-0.077,-1.091
-0.115,-1.251
-0.132,-1.465
-0.19,-1.849
-0.178,0.564
-0.215,-0.706
-0.205,-0.232
-0.235,-2.742
-0.253,-0.496
-0.358,-0.682
-0.392,-0.366
-0.376,-0.073
-0.44,-1.083
-0.576,-2.555
-0.645,-1.645
-0.682,-1.452
-0.622,-1.274
-0.644,-1.543
-0.711,-2.664
-0.738,-0.303
-0.743,-0.195
-0.822,-1.081
-0.792,-0.398
-0.87,0.972
-0.816,-0.942
-0.796,0.069
-0.875,-0.622
-0.836,-2.764
-0.881,-1.276
-0.823,-2.34
-0.862,-1.436
-0.973,-1.638
-0.98,-1.256
-1.048,-1.309
-0.995,-1.728
-1.022,-1.105
-1.075,-0.741
-1.043,-1.335
-1.026,-0.707
-1.044,-2.623
-1.059,-1.617
-1.087,-0.118
-1.087,-1.047
-1.085,-0.557
-1.122,-0.071
-1.126,0.927
-1.155,-2.702
-1.851,-2.819
-1.899,-2.756
-2.783,-2.897
-3.134,-2.858
2.468,-2.99
2.485,-2.851
1.965,-3.093
1.955,-2.837
1.925,-2.888
0.839,-3.085
0.298,-2.846
0.101,-3.066
-0.461,-2.919
-0.869,-3.221
-1.236,1.543
-1.275,1.435
-1.458,1.268
-1.897,1.322
-1.887,1.588
-2.336,1.631
-2.724,1.473
-2.961,1.253
-2.95,1.551
2.724,1.499
2.605,1.388
2.48,1.309
2.385,1.266
1.856,1.436
1.563,1.339
1.352,1.496
1.108,1.657
1.027,1.369
0.277,1.68
0.036,1.229
-0.245,1.365
-0.667,1.391
-0.775,1.441
-0.764,1.319
-1.134,1.548
-1.44,1.171
-1.746,-1.457
-1.838,-2.22
-2.508,-0.296
-2.491,-2.6
-2.934,-1.612
1.883,-2.447
1.402,-0.45
0.569,0.859
0.275,0.135
-0.181,-1.734
-0.654,-2.073
0.807,-3.001
0.749,1.438
-1.1,1.205
-1.124,-0.992
-1.271,-1.31
-1.191,-1.449
-1.259,1.11
-1.372,-1.623
-1.501,0.707
-1.38,-2.566
-1.453,0.328
-1.475,-1.125
-1.477,0.216
-1.538,-0.156
-1.63,0.319
-1.741,0.161
-1.65,-0.954
-1.849,1.01
-1.892,-1.088
-1.952,-1.868
-1.973,0.227
-2.123,-2.787
-2.183,-0.732
-2.088,-0.882
-2.198,-2.512
-2.309,-0.348
-2.304,-0.737
-2.618,-0.1
-2.505,0.898
-2.627,-0.831
-2.647,1.097
-2.706,1.007
-2.812,-1.162
-2.88,-0.178
-2.897,-0.983
-3.131,1.148
-3.111,-2.672
-3.125,-2.466
2.931,0.897
3.021,-2.212
2.823,-2.588
2.663,-0.617
2.666,-1.402
2.726,-1.621
2.714,-2.77
2.665,0.034
2.637,-1.67
2.492,-1.257
2.494,1.023
2.539,-1.718
2.088,-2.268
2.217,-1.7
2.112,-0.486
2.116,-1.481
1.99,-2.42
2.083,0.736
2.0,-1.239
1.961,0.563
1.782,-0.805
1.739,-0.823
1.739,1.031
1.802,0.406
1.651,-1.654
1.646,-1.669
1.779,-2.109
1.622,-0.952
1.73,1.137
1.716,-0.004
1.581,-2.315
1.697,-0.099
1.68,0.073
1.692,-1.714
1.592,-1.563
1.483,-0.462
1.413,0.303
1.49,-2.758
1.479,-0.375
1.357,1.184
1.31,-0.746
1.421,-2.473
1.343,-0.943
1.281,-1.223
1.094,0.849
1.129,-2.642
1.098,0.562
0.964,-2.176
1.061,-1.477
0.949,-0.036
1.022,-2.459
0.849,-0.457
0.809,-2.599
0.927,0.032
0.791,-2.551
0.729,-2.527
0.593,-0.417
0.705,-1.386
0.582,-2.65
0.629,-2.802
0.625,-2.525
0.587,-1.45
0.423,0.144
0.252,0.838
0.141,-1.059
0.123,-1.335
0.117,-1.291
0.119,-0.347
0.113,-0.4
0.091,-0.465
-0.016,-0.633
-0.048,-2.034
-0.083,-0.541
-0.146,-2.122
-0.188,-1.325
-0.246,-0.824
-0.557,-1.493
-0.452,-1.458
-0.723,-1.38
-0.601,-1.046
-0.652,-1.665
-0.775,-2.655
-0.968,1.001
-0.844,-0.772
-0.992,-0.548
-1.002,-2.483
-0.92,0.668
-1.087,-1.956
-1.09,0.109
-1.103,0.713
-1.2,-0.724
-1.109,-1.131
-1.397,-3.008
-1.867,-2.777
-2.1,-3.059
-2.415,-3.115
-2.533,-3.064
-2.943,-2.86
2.705,-3.127
2.228,-3.071
2.034,-2.922
0.37,-2.736
0.17,-3.023
0.133,-3.132
-0.159,-2.965
-0.102,-2.94
-1.205,-2.967
-1.389,1.214
-1.461,1.316
-1.887,1.501
-2.347,1.421
2.811,1.518
2.442,1.215
2.579,1.221
2.221,1.258
2.344,1.339
2.109,1.556
1.942,1.529
1.82,1.256
1.43,1.374
1.285,1.291
1.4,1.654
1.407,1.372
0.923,1.535
0.591,1.683
0.328,1.606
-0.104,1.466
-0.563,1.435
-0.669,1.481
-0.708,1.443
2.148,-0.926
1.7,-1.524
0.467,-2.691
0.205,-1.373
-0.13,-0.688
2.904,-0.141
1.432,0.603
-0.649,-0.444
-0.67,-0.645
-0.726,-0.301
-0.948,-1.764
-1.656,0.2
-2.636,-1.424
-2.731,-1.136
-2.88,-0.627
-2.615,-2.996
1.648,-2.52
1.429,1.323
-0.336,0.899
-0.424,1.132
-0.652,1.059
-0.577,0.878
0.322,1.043
0.792,1.49
-0.019,-1.104
-0.031,-0.375
0.006,-0.89
-0.032,-1.05
-0.049,-1.264
-0.107,-1.648
-0.095,0.765
-0.132,-0.505
-0.122,-0.031
-0.152,-2.541
-0.17,-0.295
-0.275,-0.481
-0.309,-0.165
-0.293,0.128
-0.357,-0.882
-0.493,-2.354
-0.562,-1.444
-0.599,-1.251
-0.539,-1.073
-0.561,-1.342
-0.628,-2.463
-0.655,-0.102
-0.66,0.006
-0.739,-0.88
-0.709,-0.197
-0.787,1.173
-0.733,-0.741
-0.713,0.27
-0.792,-0.421
-0.753,-2.563
-0.798,-1.075
-0.74,-2.139
-0.779,-1.235
-0.89,-1.437
-0.897,-1.055
-0.965,-1.108
-0.912,-1.527
-0.939,-0.904
-0.992,-0.54
-0.96,-1.134
-0.943,-0.506
-0.961,-2.422
-0.976,-1.416
-1.004,0.083
-1.004,-0.846
-1.002,-0.356
-1.039,0.13
-1.043,1.128
-1.072,-2.501
-1.768,-2.618
-1.816,-2.555
-2.7,-2.696
-3.051,-2.657
2.551,-2.789
2.568,-2.65
2.048,-2.892
2.038,-2.636
2.008,-2.687
0.922,-2.884
0.381,-2.645
0.184,-2.865
-0.378,-2.718
-0.786,-3.02
-1.153,1.744
-1.192,1.636
-1.375,1.469
-1.814,1.523
-1.804,1.789
-2.253,1.832
-2.641,1.674
-2.878,1.454
-2.867,1.752
2.807,1.7
2.688,1.589
2.563,1.51
2.468,1.467
1.939,1.637
1.646,1.54
1.435,1.697
1.191,1.858
1.11,1.57
0.36,1.881
0.119,1.43
-0.162,1.566
-0.584,1.592
-0.692,1.642
-0.681,1.52
-1.051,1.749
-1.357,1.372
-1.663,-1.256
-1.755,-2.019
-2.425,-0.095
-2.408,-2.399
-2.851,-1.411
1.966,-2.246
1.485,-0.249
0.652,1.06
0.358,0.336
-0.098,-1.533
-0.571,-1.872
0.89,-2.8
0.832,1.639
-1.017,1.406
-1.041,-0.791
-1.188,-1.109
-1.108,-1.248
-1.176,1.311
-1.289,-1.422
-1.418,0.908
-1.297,-2.365
-1.37,0.529
-1.392,-0.924
-1.394,0.417
-1.455,0.045
-1.547,0.52
-1.658,0.362
-1.567,-0.753
-1.766,1.211
-1.809,-0.887
-1.869,-1.667
-1.89,0.428
-2.04,-2.586
-2.1,-0.531
-2.005,-0.681
-2.115,-2.311
-2.226,-0.147
-2.221,-0.536
-2.535,0.101
-2.422,1.099
-2.544,-0.63
-2.564,1.298
-2.623,1.208
-2.729,-0.961
-2.797,0.023
-2.814,-0.782
-3.048,1.349
-3.028,-2.471
-3.042,-2.265
3.014,1.098
3.104,-2.011
2.906,-2.387
2.746,-0.416
2.749,-1.201
2.809,-1.42
2.797,-2.569
2.748,0.235
2.72,-1.469
2.575,-1.056
2.577,1.224
2.622,-1.517
2.171,-2.067
2.3,-1.499
2.195,-0.285
2.199,-1.28
2.073,-2.219
2.166,0.937
2.083,-1.038
2.044,0.764
1.865,-0.604
1.822,-0.622
1.822,1.232
1.885,0.607
1.734,-1.453
1.729,-1.468
1.862,-1.908
1.705,-0.751
1.813,1.338
1.799,0.197
1.664,-2.114
1.78,0.102
1.763,0.274
1.775,-1.513
1.675,-1.362
1.566,-0.261
1.496,0.504
1.573,-2.557
1.562,-0.174
1.44,1.385
1.393,-0.545
1.504,-2.272
1.426,-0.742
1.364,-1.022
1.177,1.05
1.212,-2.441
1.181,0.763
1.047,-1.975
1.144,-1.276
1.032,0.165
1.105,-2.258
0.932,-0.256
0.892,-2.398
1.01,0.233
0.874,-2.35
0.812,-2.326
0.676,-0.216
0.788,-1.185
0.665,-2.449
0.712,-2.601
0.708,-2.324
0.67,-1.249
0.506,0.345
0.335,1.039
0.224,-0.858
0.206,-1.134
0.2,-1.09
0.202,-0.146
0.196,-0.199
0.174,-0.264
0.067,-0.432
0.035,-1.833
0.0,-0.34
-0.063,-1.921
-0.105,-1.124
-0.163,-0.623
-0.474,-1.292
-0.369,-1.257
-0.64,-1.179
-0.518,-0.845
-0.569,-1.464
-0.692,-2.454
-0.885,1.202
-0.761,-0.571
-0.909,-0.347
-0.919,-2.282
-0.837,0.869
-1.004,-1.755
-1.007,0.31
-1.02,0.914
-1.117,-0.523
-1.026,-0.93
-1.314,-2.807
-1.784,-2.576
-2.017,-2.858
-2.332,-2.914
-2.45,-2.863
-2.86,-2.659
2.788,-2.926
2.311,-2.87
2.117,-2.721
0.453,-2.535
0.253,-2.822
0.216,-2.931
-0.076,-2.764
-0.019,-2.739
-1.122,-2.766
-1.306,1.415
-1.378,1.517
-1.804,1.702
-2.264,1.622
2.894,1.719
2.525,1.416
2.662,1.422
2.304,1.459
2.427,1.54
2.192,1.757
2.025,1.73
1.903,1.457
1.513,1.575
1.368,1.492
1.483,1.855
1.49,1.573
1.006,1.736
0.674,1.884
0.411,1.807
-0.021,1.667
-0.48,1.636
-0.586,1.682
-0.625,1.644
2.231,-0.725
1.783,-1.323
0.55,-2.49
0.288,-1.172
-0.047,-0.487
2.987,0.06
1.515,0.804
-0.566,-0.243
-0.587,-0.444
-0.643,-0.1
-0.865,-1.563
-1.573,0.401
-2.553,-1.223
-2.648,-0.935
-2.797,-0.426
-2.532,-2.795
1.731,-2.319
1.512,1.524
-0.253,1.1
-0.341,1.333
-0.569,1.26
-0.494,1.079
0.405,1.244
0.875,1.691
-0.012,0.729
0.025,0.214
-0.013,0.054
-0.03,-0.16
-0.088,-0.544
-0.076,1.869
-0.113,0.599
-0.103,1.073
-0.133,-1.437
-0.151,0.809
-0.256,0.623
-0.29,0.939
-0.274,1.232
-0.338,0.222
-0.474,-1.25
-0.543,-0.34
-0.58,-0.147
-0.52,0.031
-0.542,-0.238
-0.609,-1.359
-0.636,1.002
-0.641,1.11
-0.72,0.224
-0.69,0.907
-0.768,2.277
-0.714,0.363
-0.694,1.374
-0.773,0.683
-0.734,-1.459
-0.779,0.029
-0.721,-1.035
-0.76,-0.131
-0.871,-0.333
-0.878,0.049
-0.946,-0.004
-0.893,-0.423
-0.92,0.2
-0.973,0.564
-0.941,-0.03
-0.924,0.598
-0.942,-1.318
-0.957,-0.312
-0.985,1.187
-0.985,0.258
-0.983,0.748
-1.02,1.234
-1.024,2.232
-1.053,-1.397
-1.749,-1.514
-1.797,-1.451
-2.681,-1.592
-3.032,-1.553
2.57,-1.685
2.587,-1.546
2.067,-1.788
2.057,-1.532
2.027,-1.583
0.941,-1.78
0.4,-1.541
0.203,-1.761
-0.359,-1.614
-0.767,-1.916
-1.134,2.848
-1.173,2.74
-1.356,2.573
-1.795,2.627
-1.785,2.893
-2.234,2.936
-2.622,2.778
-2.859,2.558
-2.848,2.856
2.826,2.804
2.707,2.693
2.582,2.614
2.487,2.571
1.958,2.741
1.665,2.644
1.454,2.801
1.21,2.962
1.129,2.674
0.379,2.985
0.138,2.534
-0.143,2.67
-0.565,2.696
-0.673,2.746
-0.662,2.624
-1.032,2.853
-1.338,2.476
-1.644,-0.152
-1.736,-0.915
-2.406,1.009
-2.389,-1.295
-2.832,-0.307
1.985,-1.142
1.504,0.855
0.671,2.164
0.377,1.44
-0.079,-0.429
-0.552,-0.768
0.909,-1.696
0.851,2.743
-0.998,2.51
-1.022,0.313
-1.169,-0.005
-1.089,-0.144
-1.157,2.415
-1.27,-0.318
-1.399,2.012
-1.278,-1.261
-1.351,1.633
-1.373,0.18
-1.375,1.521
-1.436,1.149
-1.528,1.624
-1.639,1.466
-1.548,0.351
-1.747,2.315
-1.79,0.217
-1.85,-0.563
-1.871,1.532
-2.021,-1.482
-2.081,0.573
-1.986,0.423
-2.096,-1.207
-2.207,0.957
-2.202,0.568
-2.516,1.205
-2.403,2.203
-2.525,0.474
-2.545,2.402
-2.604,2.312
-2.71,0.143
-2.778,1.127
-2.795,0.322
-3.029,2.453
-3.009,-1.367
-3.023,-1.161
3.033,2.202
3.123,-0.907
2.925,-1.283
2.765,0.688
2.768,-0.097
2.828,-0.316
2.816,-1.465
2.767,1.339
2.739,-0.365
2.594,0.048
2.596,2.328
2.641,-0.413
2.19,-0.963
2.319,-0.395
2.214,0.819
2.218,-0.176
2.092,-1.115
2.185,2.041
2.102,0.066
2.063,1.868
1.884,0.5
1.841,0.482
1.841,2.336
1.904,1.711
1.753,-0.349
1.748,-0.364
1.881,-0.804
1.724,0.353
1.832,2.442
1.818,1.301
1.683,-1.01
1.799,1.206
1.782,1.378
1.794,-0.409
1.694,-0.258
1.585,0.843
1.515,1.608
1.592,-1.453
1.581,0.93
1.459,2.489
1.412,0.559
1.523,-1.168
1.445,0.362
1.383,0.082
1.196,2.154
1.231,-1.337
1.2,1.867
1.066,-0.871
1.163,-0.172
1.051,1.269
1.124,-1.154
0.951,0.848
0.911,-1.294
1.029,1.337
0.893,-1.246
0.831,-1.222
0.695,0.888
0.807,-0.081
0.684,-1.345
0.731,-1.497
0.727,-1.22
0.689,-0.145
0.525,1.449
0.354,2.143
0.243,0.246
0.225,-0.03
0.219,0.014
0.221,0.958
0.215,0.905
0.193,0.84
0.086,0.672
0.054,-0.729
0.019,0.764
-0.044,-0.817
-0.086,-0.02
-0.144,0.481
-0.455,-0.188
-0.35,-0.153
-0.621,-0.075
-0.499,0.259
-0.55,-0.36
-0.673,-1.35
-0.866,2.306
-0.742,0.533
-0.89,0.757
-0.9,-1.178
-0.818,1.973
-0.985,-0.651
-0.988,1.414
-1.001,2.018
-1.098,0.581
-1.007,0.174
-1.295,-1.703
-1.765,-1.472
-1.998,-1.754
-2.313,-1.81
-2.431,-1.759
-2.841,-1.555
2.807,-1.822
2.33,-1.766
2.136,-1.617
0.472,-1.431
0.272,-1.718
0.235,-1.827
-0.057,-1.66
0.0,-1.635
-1.103,-1.662
-1.287,2.519
-1.359,2.621
-1.785,2.806
-2.245,2.726
2.913,2.823
2.544,2.52
2.681,2.526
2.323,2.563
2.446,2.644
2.211,2.861
2.044,2.834
1.922,2.561
1.532,2.679
1.387,2.596
1.502,2.959
1.509,2.677
1.025,2.84
0.693,2.988
0.43,2.911
-0.002,2.771
-0.461,2.74
-0.567,2.786
-0.606,2.748
2.25,0.379
1.802,-0.219
0.569,-1.386
0.307,-0.068
-0.028,0.617
3.006,1.164
1.534,1.908
-0.547,0.861
-0.568,0.66
-0.624,1.004
-0.846,-0.459
-1.554,1.505
-2.534,-0.119
-2.629,0.169
-2.778,0.678
-2.513,-1.691
1.75,-1.215
1.531,2.628
-0.234,2.204
-0.322,2.437
-0.55,2.364
-0.475,2.183
0.424,2.348
0.894,2.795
0.037,-0.515
-0.001,-0.675
-0.018,-0.889
-0.076,-1.273
-0.064,1.14
-0.101,-0.13
-0.091,0.344
-0.121,-2.166
-0.139,0.08
-0.244,-0.106
-0.278,0.21
-0.262,0.503
-0.326,-0.507
-0.462,-1.979
-0.531,-1.069
-0.568,-0.876
-0.508,-0.698
-0.53,-0.967
-0.597,-2.088
-0.624,0.273
-0.629,0.381
-0.708,-0.505
-0.678,0.178
-0.756,1.548
-0.702,-0.366
-0.682,0.645
-0.761,-0.046
-0.722,-2.188
-0.767,-0.7
-0.709,-1.764
-0.748,-0.86
-0.859,-1.062
-0.866,-0.68
-0.934,-0.733
-0.881,-1.152
-0.908,-0.529
-0.961,-0.165
-0.929,-0.759
-0.912,-0.131
-0.93,-2.047
-0.945,-1.041
-0.973,0.458
-0.973,-0.471
-0.971,0.019
-1.008,0.505
-1.012,1.503
-1.041,-2.126
-1.737,-2.243
-1.785,-2.18
-2.669,-2.321
-3.02,-2.282
2.582,-2.414
2.599,-2.275
2.079,-2.517
2.069,-2.261
2.039,-2.312
0.953,-2.509
0.412,-2.27
0.215,-2.49
-0.347,-2.343
-0.755,-2.645
-1.122,2.119
-1.161,2.011
-1.344,1.844
-1.783,1.898
-1.773,2.164
-2.222,2.207
-2.61,2.049
-2.847,1.829
-2.836,2.127
2.838,2.075
2.719,1.964
2.594,1.885
2.499,1.842
1.97,2.012
1.677,1.915
1.466,2.072
1.222,2.233
1.141,1.945
0.391,2.256
0.15,1.805
-0.131,1.941
-0.553,1.967
-0.661,2.017
-0.65,1.895
-1.02,2.124
-1.326,1.747
-1.632,-0.881
-1.724,-1.644
-2.394,0.28
-2.377,-2.024
-2.82,-1.036
1.997,-1.871
1.516,0.126
0.683,1.435
0.389,0.711
-0.067,-1.158
-0.54,-1.497
0.921,-2.425
0.863,2.014
-0.986,1.781
-1.01,-0.416
-1.157,-0.734
-1.077,-0.873
-1.145,1.686
-1.258,-1.047
-1.387,1.283
-1.266,-1.99
-1.339,0.904
-1.361,-0.549
-1.363,0.792
-1.424,0.42
-1.516,0.895
-1.627,0.737
-1.536,-0.378
-1.735,1.586
-1.778,-0.512
-1.838,-1.292
-1.859,0.803
-2.009,-2.211
-2.069,-0.156
-1.974,-0.306
-2.084,-1.936
-2.195,0.228
-2.19,-0.161
-2.504,0.476
-2.391,1.474
-2.513,-0.255
-2.533,1.673
-2.592,1.583
-2.698,-0.586
-2.766,0.398
-2.783,-0.407
-3.017,1.724
-2.997,-2.096
-3.011,-1.89
3.045,1.473
3.135,-1.636
2.937,-2.012
2.777,-0.041
2.78,-0.826
2.84,-1.045
2.828,-2.194
2.779,0.61
2.751,-1.094
2.606,-0.681
2.608,1.599
2.653,-1.142
2.202,-1.692
2.331,-1.124
2.226,0.09
2.23,-0.905
2.104,-1.844
2.197,1.312
2.114,-0.663
2.075,1.139
1.896,-0.229
1.853,-0.247
1.853,1.607
1.916,0.982
1.765,-1.078
1.76,-1.093
1.893,-1.533
1.736,-0.376
1.844,1.713
1.83,0.572
1.695,-1.739
1.811,0.477
1.794,0.649
1.806,-1.138
1.706,-0.987
1.597,0.114
1.527,0.879
1.604,-2.182
1.593,0.201
1.471,1.76
1.424,-0.17
1.535,-1.897
1.457,-0.367
1.395,-0.647
1.208,1.425
1.243,-2.066
1.212,1.138
1.078,-1.6
1.175,-0.901
1.063,0.54
1.136,-1.883
0.963,0.119
0.923,-2.023
1.041,0.608
0.905,-1.975
0.843,-1.951
0.707,0.159
0.819,-0.81
0.696,-2.074
0.743,-2.226
0.739,-1.949
0.701,-0.874
0.537,0.72
0.366,1.414
0.255,-0.483
0.237,-0.759
0.231,-0.715
0.233,0.229
0.227,0.176
0.205,0.111
0.098,-0.057
0.066,-1.458
0.031,0.035
-0.032,-1.546
-0.074,-0.749
-0.132,-0.248
-0.443,-0.917
-0.338,-0.882
-0.609,-0.804
-0.487,-0.47
-0.538,-1.089
-0.661,-2.079
-0.854,1.577
-0.73,-0.196
-0.878,0.028
-0.888,-1.907
-0.806,1.244
-0.973,-1.38
-0.976,0.685
-0.989,1.289
-1.086,-0.148
-0.995,-0.555
-1.283,-2.432
-1.753,-2.201
-1.986,-2.483
-2.301,-2.539
-2.419,-2.488
-2.829,-2.284
2.819,-2.551
2.342,-2.495
2.148,-2.346
0.484,-2.16
0.284,-2.447
0.247,-2.556
-0.045,-2.389
0.012,-2.364
-1.091,-2.391
-1.275,1.79
-1.347,1.892
-1.773,2.077
-2.233,1.997
2.925,2.094
2.556,1.791
2.693,1.797
2.335,1.834
2.458,1.915
2.223,2.132
2.056,2.105
1.934,1.832
1.544,1.95
1.399,1.867
1.514,2.23
1.521,1.948
1.037,2.111
0.705,2.259
0.442,2.182
0.01,2.042
-0.449,2.011
-0.555,2.057
-0.594,2.019
2.262,-0.35
1.814,-0.948
0.581,-2.115
0.319,-0.797
-0.016,-0.112
3.018,0.435
1.546,1.179
-0.535,0.132
-0.556,-0.069
-0.612,0.275
-0.834,-1.188
-1.542,0.776
-2.522,-0.848
-2.617,-0.56
-2.766,-0.051
-2.501,-2.42
1.762,-1.944
1.543,1.899
-0.222,1.475
-0.31,1.708
-0.538,1.635
-0.463,1.454
0.436,1.619
0.906,2.066
-0.038,-0.16
-0.055,-0.374
-0.113,-0.758
-0.101,1.655
-0.138,0.385
-0.128,0.859
-0.158,-1.651
-0.176,0.595
-0.281,0.409
-0.315,0.725
-0.299,1.018
-0.363,0.008
-0.499,-1.464
-0.568,-0.554
-0.605,-0.361
-0.545,-0.183
-0.567,-0.452
-0.634,-1.573
-0.661,0.788
-0.666,0.896
-0.745,0.01
-0.715,0.693
-0.793,2.063
-0.739,0.149
-0.719,1.16
-0.798,0.469
-0.759,-1.673
-0.804,-0.185
-0.746,-1.249
-0.785,-0.345
-0.896,-0.547
-0.903,-0.165
-0.971,-0.218
-0.918,-0.637
-0.945,-0.014
-0.998,0.35
-0.966,-0.244
-0.949,0.384
-0.967,-1.532
-0.982,-0.526
-1.01,0.973
-1.01,0.044
-1.008,0.534
-1.045,1.02
-1.049,2.018
-1.078,-1.611
-1.774,-1.728
-1.822,-1.665
-2.706,-1.806
-3.057,-1.767
2.545,-1.899
2.562,-1.76
2.042,-2.002
2.032,-1.746
2.002,-1.797
0.916,-1.994
0.375,-1.755
0.178,-1.975
-0.384,-1.828
-0.792,-2.13
-1.159,2.634
-1.198,2.526
-1.381,2.359
-1.82,2.413
-1.81,2.679
-2.259,2.722
-2.647,2.564
-2.884,2.344
-2.873,2.642
2.801,2.59
2.682,2.479
2.557,2.4
2.462,2.357
1.933,2.527
1.64,2.43
1.429,2.587
1.185,2.748
1.104,2.46
0.354,2.771
0.113,2.32
-0.168,2.456
-0.59,2.482
-0.698,2.532
-0.687,2.41
-1.057,2.639
-1.363,2.262
-1.669,-0.366
-1.761,-1.129
-2.431,0.795
-2.414,-1.509
-2.857,-0.521
1.96,-1.356
1.479,0.641
0.646,1.95
0.352,1.226
-0.104,-0.643
-0.577,-0.982
0.884,-1.91
0.826,2.529
-1.023,2.296
-1.047,0.099
-1.194,-0.219
-1.114,-0.358
-1.182,2.201
-1.295,-0.532
-1.424,1.798
-1.303,-1.475
-1.376,1.419
-1.398,-0.034
-1.4,1.307
-1.461,0.935
-1.553,1.41
-1.664,1.252
-1.573,0.137
-1.772,2.101
-1.815,0.003
-1.875,-0.777
-1.896,1.318
-2.046,-1.696
-2.106,0.359
-2.011,0.209
-2.121,-1.421
-2.232,0.743
-2.227,0.354
-2.541,0.991
-2.428,1.989
-2.55,0.26
-2.57,2.188
-2.629,2.098
-2.735,-0.071
-2.803,0.913
-2.82,0.108
-3.054,2.239
-3.034,-1.581
-3.048,-1.375
3.008,1.988
3.098,-1.121
2.9,-1.497
2.74,0.474
2.743,-0.311
2.803,-0.53
2.791,-1.679
2.742,1.125
2.714,-0.579
2.569,-0.166
2.571,2.114
2.616,-0.627
2.165,-1.177
2.294,-0.609
2.189,0.605
2.193,-0.39
2.067,-1.329
2.16,1.827
2.077,-0.148
2.038,1.654
1.859,0.286
1.816,0.268
1.816,2.122
1.879,1.497
1.728,-0.563
1.723,-0.578
1.856,-1.018
1.699,0.139
1.807,2.228
1.793,1.087
1.658,-1.224
1.774,0.992
1.757,1.164
1.769,-0.623
1.669,-0.472
1.56,0.629
1.49,1.394
1.567,-1.667
1.556,0.716
1.434,2.275
1.387,0.345
1.498,-1.382
1.42,0.148
1.358,-0.132
1.171,1.94
1.206,-1.551
1.175,1.653
1.041,-1.085
1.138,-0.386
1.026,1.055
1.099,-1.368
0.926,0.634
0.886,-1.508
1.004,1.123
0.868,-1.46
0.806,-1.436
0.67,0.674
0.782,-0.295
0.659,-1.559
0.706,-1.711
0.702,-1.434
0.664,-0.359
0.5,1.235
0.329,1.929
0.218,0.032
0.2,-0.244
0.194,-0.2
0.196,0.744
0.19,0.691
0.168,0.626
0.061,0.458
0.029,-0.943
-0.006,0.55
-0.069,-1.031
-0.111,-0.234
-0.169,0.267
-0.48,-0.402
-0.375,-0.367
-0.646,-0.289
-0.524,0.045
-0.575,-0.574
-0.698,-1.564
-0.891,2.092
-0.767,0.319
-0.915,0.543
-0.925,-1.392
-0.843,1.759
-1.01,-0.865
-1.013,1.2
-1.026,1.804
-1.123,0.367
-1.032,-0.04
-1.32,-1.917
-1.79,-1.686
-2.023,-1.968
-2.338,-2.024
-2.456,-1.973
-2.866,-1.769
2.782,-2.036
2.305,-1.98
2.111,-1.831
0.447,-1.645
0.247,-1.932
0.21,-2.041
-0.082,-1.874
-0.025,-1.849
-1.128,-1.876
-1.312,2.305
-1.384,2.407
-1.81,2.592
-2.27,2.512
2.888,2.609
2.519,2.306
2.656,2.312
2.298,2.349
2.421,2.43
2.186,2.647
2.019,2.62
1.897,2.347
1.507,2.465
1.362,2.382
1.477,2.745
1.484,2.463
1.0,2.626
0.668,2.774
0.405,2.697
-0.027,2.557
-0.486,2.526
-0.592,2.572
-0.631,2.534
2.225,0.165
1.777,-0.433
0.544,-1.6
0.282,-0.282
-0.053,0.403
2.981,0.95
1.509,1.694
-0.572,0.647
-0.593,0.446
-0.649,0.79
-0.871,-0.673
-1.579,1.291
-2.559,-0.333
-2.654,-0.045
-2.803,0.464
-2.538,-1.905
1.725,-1.429
1.506,2.414
-0.259,1.99
-0.347,2.223
-0.575,2.15
-0.5,1.969
0.399,2.134
0.869,2.581
-0.017,-0.214
-0.075,-0.598
-0.063,1.815
-0.1,0.545
-0.09,1.019
-0.12,-1.491
-0.138,0.755
-0.243,0.569
-0.277,0.885
-0.261,1.178
-0.325,0.168
-0.461,-1.304
-0.53,-0.394
-0.567,-0.201
-0.507,-0.023
-0.529,-0.292
-0.596,-1.413
-0.623,0.948
-0.628,1.056
-0.707,0.17
-0.677,0.853
-0.755,2.223
-0.701,0.309
-0.681,1.32
-0.76,0.629
-0.721,-1.513
-0.766,-0.025
-0.708,-1.089
-0.747,-0.185
-0.858,-0.387
-0.865,-0.005
-0.933,-0.058
-0.88,-0.477
-0.907,0.146
-0.96,0.51
-0.928,-0.084
-0.911,0.544
-0.929,-1.372
-0.944,-0.366
-0.972,1.133
-0.972,0.204
-0.97,0.694
-1.007,1.18
-1.011,2.178
-1.04,-1.451
-1.736,-1.568
-1.784,-1.505
-2.668,-1.646
-3.019,-1.607
2.583,-1.739
2.6,-1.6
2.08,-1.842
2.07,-1.586
2.04,-1.637
0.954,-1.834
0.413,-1.595
0.216,-1.815
-0.346,-1.668
-0.754,-1.97
-1.121,2.794
-1.16,2.686
-1.343,2.519
-1.782,2.573
-1.772,2.839
-2.221,2.882
-2.609,2.724
-2.846,2.504
-2.835,2.802
2.839,2.75
2.72,2.639
2.595,2.56
2.5,2.517
1.971,2.687
1.678,2.59
1.467,2.747
1.223,2.908
1.142,2.62
0.392,2.931
0.151,2.48
-0.13,2.616
-0.552,2.642
-0.66,2.692
-0.649,2.57
-1.019,2.799
-1.325,2.422
-1.631,-0.206
-1.723,-0.969
-2.393,0.955
-2.376,-1.349
-2.819,-0.361
1.998,-1.196
1.517,0.801
0.684,2.11
0.39,1.386
-0.066,-0.483
-0.539,-0.822
0.922,-1.75
0.864,2.689
-0.985,2.456
-1.009,0.259
-1.156,-0.059
-1.076,-0.198
-1.144,2.361
-1.257,-0.372
-1.386,1.958
-1.265,-1.315
-1.338,1.579
-1.36,0.126
-1.362,1.467
-1.423,1.095
-1.515,1.57
-1.626,1.412
-1.535,0.297
-1.734,2.261
-1.777,0.163
-1.837,-0.617
-1.858,1.478
-2.008,-1.536
-2.068,0.519
-1.973,0.369
-2.083,-1.261
-2.194,0.903
-2.189,0.514
-2.503,1.151
-2.39,2.149
-2.512,0.42
-2.532,2.348
-2.591,2.258
-2.697,0.089
-2.765,1.073
-2.782,0.268
-3.016,2.399
-2.996,-1.421
-3.01,-1.215
3.046,2.148
3.136,-0.961
2.938,-1.337
2.778,0.634
2.781,-0.151
2.841,-0.37
2.829,-1.519
2.78,1.285
2.752,-0.419
2.607,-0.006
2.609,2.274
2.654,-0.467
2.203,-1.017
2.332,-0.449
2.227,0.765
2.231,-0.23
2.105,-1.169
2.198,1.987
2.115,0.012
2.076,1.814
1.897,0.446
1.854,0.428
1.854,2.282
1.917,1.657
1.766,-0.403
1.761,-0.418
1.894,-0.858
1.737,0.299
1.845,2.388
1.831,1.247
1.696,-1.064
1.812,1.152
1.795,1.324
1.807,-0.463
1.707,-0.312
1.598,0.789
1.528,1.554
1.605,-1.507
1.594,0.876
1.472,2.435
1.425,0.505
1.536,-1.222
1.458,0.308
1.396,0.028
1.209,2.1
1.244,-1.391
1.213,1.813
1.079,-0.925
1.176,-0.226
1.064,1.215
1.137,-1.208
0.964,0.794
0.924,-1.348
1.042,1.283
0.906,-1.3
0.844,-1.276
0.708,0.834
0.82,-0.135
0.697,-1.399
0.744,-1.551
0.74,-1.274
0.702,-0.199
0.538,1.395
0.367,2.089
0.256,0.192
0.238,-0.084
0.232,-0.04
0.234,0.904
0.228,0.851
0.206,0.786
0.099,0.618
0.067,-0.783
0.032,0.71
-0.031,-0.871
-0.073,-0.074
-0.131,0.427
-0.442,-0.242
-0.337,-0.207
-0.608,-0.129
-0.486,0.205
-0.537,-0.414
-0.66,-1.404
-0.853,2.252
-0.729,0.479
-0.877,0.703
-0.887,-1.232
-0.805,1.919
-0.972,-0.705
-0.975,1.36
-0.988,1.964
-1.085,0.527
-0.994,0.12
-1.282,-1.757
-1.752,-1.526
-1.985,-1.808
-2.3,-1.864
-2.418,-1.813
-2.828,-1.609
2.82,-1.876
2.343,-1.82
2.149,-1.671
0.485,-1.485
0.285,-1.772
0.248,-1.881
-0.044,-1.714
0.013,-1.689
-1.09,-1.716
-1.274,2.465
-1.346,2.567
-1.772,2.752
-2.232,2.672
2.926,2.769
2.557,2.466
2.694,2.472
2.336,2.509
2.459,2.59
2.224,2.807
2.057,2.78
1.935,2.507
1.545,2.625
1.4,2.542
1.515,2.905
1.522,2.623
1.038,2.786
0.706,2.934
0.443,2.857
0.011,2.717
-0.448,2.686
-0.554,2.732
-0.593,2.694
2.263,0.325
1.815,-0.273
0.582,-1.44
0.32,-0.122
-0.015,0.563
3.019,1.11
1.547,1.854
-0.534,0.807
-0.555,0.606
-0.611,0.95
-0.833,-0.513
-1.541,1.451
-2.521,-0.173
-2.616,0.115
-2.765,0.624
-2.5,-1.745
1.763,-1.269
1.544,2.574
-0.221,2.15
-0.309,2.383
-0.537,2.31
-0.462,2.129
0.437,2.294
0.907,2.741
-0.058,-0.384
-0.046,2.029
-0.083,0.759
-0.073,1.233
-0.103,-1.277
-0.121,0.969
-0.226,0.783
-0.26,1.099
-0.244,1.392
-0.308,0.382
-0.444,-1.09
-0.513,-0.18
-0.55,0.013
-0.49,0.191
-0.512,-0.078
-0.579,-1.199
-0.606,1.162
-0.611,1.27
-0.69,0.384
-0.66,1.067
-0.738,2.437
-0.684,0.523
-0.664,1.534
-0.743,0.843
-0.704,-1.299
-0.749,0.189
-0.691,-0.875
-0.73,0.029
-0.841,-0.173
-0.848,0.209
-0.916,0.156
-0.863,-0.263
-0.89,0.36
-0.943,0.724
-0.911,0.13
-0.894,0.758
-0.912,-1.158
-0.927,-0.152
-0.955,1.347
-0.955,0.418
-0.953,0.908
-0.99,1.394
-0.994,2.392
-1.023,-1.237
-1.719,-1.354
-1.767,-1.291
-2.651,-1.432
-3.002,-1.393
2.6,-1.525
2.617,-1.386
2.097,-1.628
2.087,-1.372
2.057,-1.423
0.971,-1.62
0.43,-1.381
0.233,-1.601
-0.329,-1.454
-0.737,-1.756
-1.104,3.008
-1.143,2.9
-1.326,2.733
-1.765,2.787
-1.755,3.053
-2.204,3.096
-2.592,2.938
-2.829,2.718
-2.818,3.016
2.856,2.964
2.737,2.853
2.612,2.774
2.517,2.731
1.988,2.901
1.695,2.804
1.484,2.961
1.24,3.122
1.159,2.834
0.409,3.145
0.168,2.694
-0.113,2.83
-0.535,2.856
-0.643,2.906
-0.632,2.784
-1.002,3.013
-1.308,2.636
-1.614,0.008
-1.706,-0.755
-2.376,1.169
-2.359,-1.135
-2.802,-0.147
2.015,-0.982
1.534,1.015
0.701,2.324
0.407,1.6
-0.049,-0.269
-0.522,-0.608
0.939,-1.536
0.881,2.903
-0.968,2.67
-0.992,0.473
-1.139,0.155
-1.059,0.016
-1.127,2.575
-1.24,-0.158
-1.369,2.172
-1.248,-1.101
-1.321,1.793
-1.343,0.34
-1.345,1.681
-1.406,1.309
-1.498,1.784
-1.609,1.626
-1.518,0.511
-1.717,2.475
-1.76,0.377
-1.82,-0.403
-1.841,1.692
-1.991,-1.322
-2.051,0.733
-1.956,0.583
-2.066,-1.047
-2.177,1.117
-2.172,0.728
-2.486,1.365
-2.373,2.363
-2.495,0.634
-2.515,2.562
-2.574,2.472
-2.68,0.303
-2.748,1.287
-2.765,0.482
-2.999,2.613
-2.979,-1.207
-2.993,-1.001
3.063,2.362
-3.13,-0.747
2.955,-1.123
2.795,0.848
2.798,0.063
2.858,-0.156
2.846,-1.305
2.797,1.499
2.769,-0.205
2.624,0.208
2.626,2.488
2.671,-0.253
2.22,-0.803
2.349,-0.235
2.244,0.979
2.248,-0.016
2.122,-0.955
2.215,2.201
2.132,0.226
2.093,2.028
1.914,0.66
1.871,0.642
1.871,2.496
1.934,1.871
1.783,-0.189
1.778,-0.204
1.911,-0.644
1.754,0.513
1.862,2.602
1.848,1.461
1.713,-0.85
1.829,1.366
1.812,1.538
1.824,-0.249
1.724,-0.098
1.615,1.003
1.545,1.768
1.622,-1.293
1.611,1.09
1.489,2.649
1.442,0.719
1.553,-1.008
1.475,0.522
1.413,0.242
1.226,2.314
1.261,-1.177
1.23,2.027
1.096,-0.711
1.193,-0.012
1.081,1.429
1.154,-0.994
0.981,1.008
0.941,-1.134
1.059,1.497
0.923,-1.086
0.861,-1.062
0.725,1.048
0.837,0.079
0.714,-1.185
0.761,-1.337
0.757,-1.06
0.719,0.015
0.555,1.609
0.384,2.303
0.273,0.406
0.255,0.13
0.249,0.174
0.251,1.118
0.245,1.065
0.223,1.0
0.116,0.832
0.084,-0.569
0.049,0.924
-0.014,-0.657
-0.056,0.14
-0.114,0.641
-0.425,-0.028
-0.32,0.007
-0.591,0.085
-0.469,0.419
-0.52,-0.2
-0.643,-1.19
-0.836,2.466
-0.712,0.693
-0.86,0.917
-0.87,-1.018
-0.788,2.133
-0.955,-0.491
-0.958,1.574
-0.971,2.178
-1.068,0.741
-0.977,0.334
-1.265,-1.543
-1.735,-1.312
-1.968,-1.594
-2.283,-1.65
-2.401,-1.599
-2.811,-1.395
2.837,-1.662
2.36,-1.606
2.166,-1.457
0.502,-1.271
0.302,-1.558
0.265,-1.667
-0.027,-1.5
0.03,-1.475
-1.073,-1.502
-1.257,2.679
-1.329,2.781
-1.755,2.966
-2.215,2.886
2.943,2.983
2.574,2.68
2.711,2.686
2.353,2.723
2.476,2.804
2.241,3.021
2.074,2.994
1.952,2.721
1.562,2.839
1.417,2.756
1.532,3.119
1.539,2.837
1.055,3.0
0.723,3.148
0.46,3.071
0.028,2.931
-0.431,2.9
-0.537,2.946
-0.576,2.908
2.28,0.539
1.832,-0.059
0.599,-1.226
0.337,0.092
0.002,0.777
3.036,1.324
1.564,2.068
-0.517,1.021
-0.538,0.82
-0.594,1.164
-0.816,-0.299
-1.524,1.665
-2.504,0.041
-2.599,0.329
-2.748,0.838
-2.483,-1.531
1.78,-1.055
1.561,2.788
-0.204,2.364
-0.292,2.597
-0.52,2.524
-0.445,2.343
0.454,2.508
0.924,2.955
0.012,2.413
-0.025,1.143
-0.015,1.617
-0.045,-0.893
-0.063,1.353
-0.168,1.167
-0.202,1.483
-0.186,1.776
-0.25,0.766
-0.386,-0.706
-0.455,0.204
-0.492,0.397
-0.432,0.575
-0.454,0.306
-0.521,-0.815
-0.548,1.546
-0.553,1.654
-0.632,0.768
-0.602,1.451
-0.68,2.821
-0.626,0.907
-0.606,1.918
-0.685,1.227
-0.646,-0.915
-0.691,0.573
-0.633,-0.491
-0.672,0.413
-0.783,0.211
-0.79,0.593
-0.858,0.54
-0.805,0.121
-0.832,0.744
-0.885,1.108
-0.853,0.514
-0.836,1.142
-0.854,-0.774
-0.869,0.232
-0.897,1.731
-0.897,0.802
-0.895,1.292
-0.932,1.778
-0.936,2.776
-0.965,-0.853
-1.661,-0.97
-1.709,-0.907
-2.593,-1.048
-2.944,-1.009
2.658,-1.141
2.675,-1.002
2.155,-1.244
2.145,-0.988
2.115,-1.039
1.029,-1.236
0.488,-0.997
0.291,-1.217
-0.271,-1.07
-0.679,-1.372
-1.046,3.392
-1.085,3.284
-1.268,3.117
-1.707,3.171
-1.697,3.437
-2.146,3.48
-2.534,3.322
-2.771,3.102
-2.76,3.4
2.914,3.348
2.795,3.237
2.67,3.158
2.575,3.115
2.046,3.285
1.753,3.188
1.542,3.345
1.298,3.506
1.217,3.218
0.467,3.529
0.226,3.078
-0.055,3.214
-0.477,3.24
-0.585,3.29
-0.574,3.168
-0.944,3.397
-1.25,3.02
-1.556,0.392
-1.648,-0.371
-2.318,1.553
-2.301,-0.751
-2.744,0.237
2.073,-0.598
1.592,1.399
0.759,2.708
0.465,1.984
0.009,0.115
-0.464,-0.224
0.997,-1.152
0.939,3.287
-0.91,3.054
-0.934,0.857
-1.081,0.539
-1.001,0.4
-1.069,2.959
-1.182,0.226
-1.311,2.556
-1.19,-0.717
-1.263,2.177
-1.285,0.724
-1.287,2.065
-1.348,1.693
-1.44,2.168
-1.551,2.01
-1.46,0.895
-1.659,2.859
-1.702,0.761
-1.762,-0.019
-1.783,2.076
-1.933,-0.938
-1.993,1.117
-1.898,0.967
-2.008,-0.663
-2.119,1.501
-2.114,1.112
-2.428,1.749
-2.315,2.747
-2.437,1.018
-2.457,2.946
-2.516,2.856
-2.622,0.687
-2.69,1.671
-2.707,0.866
-2.941,2.997
-2.921,-0.823
-2.935,-0.617
3.121,2.746
-3.072,-0.363
3.013,-0.739
2.853,1.232
2.856,0.447
2.916,0.228
2.904,-0.921
2.855,1.883
2.827,0.179
2.682,0.592
2.684,2.872
2.729,0.131
2.278,-0.419
2.407,0.149
2.302,1.363
2.306,0.368
2.18,-0.571
2.273,2.585
2.19,0.61
2.151,2.412
1.972,1.044
1.929,1.026
1.929,2.88
1.992,2.255
1.841,0.195
1.836,0.18
1.969,-0.26
1.812,0.897
1.92,2.986
1.906,1.845
1.771,-0.466
1.887,1.75
1.87,1.922
1.882,0.135
1.782,0.286
1.673,1.387
1.603,2.152
1.68,-0.909
1.669,1.474
1.547,3.033
1.5,1.103
1.611,-0.624
1.533,0.906
1.471,0.626
1.284,2.698
1.319,-0.793
1.288,2.411
1.154,-0.327
1.251,0.372
1.139,1.813
1.212,-0.61
1.039,1.392
0.999,-0.75
1.117,1.881
0.981,-0.702
0.919,-0.678
0.783,1.432
0.895,0.463
0.772,-0.801
0.819,-0.953
0.815,-0.676
0.777,0.399
0.613,1.993
0.442,2.687
0.331,0.79
0.313,0.514
0.307,0.558
0.309,1.502
0.303,1.449
0.281,1.384
0.174,1.216
0.142,-0.185
0.107,1.308
0.044,-0.273
0.002,0.524
-0.056,1.025
-0.367,0.356
-0.262,0.391
-0.533,0.469
-0.411,0.803
-0.462,0.184
-0.585,-0.806
-0.778,2.85
-0.654,1.077
-0.802,1.301
-0.812,-0.634
-0.73,2.517
-0.897,-0.107
-0.9,1.958
-0.913,2.562
-1.01,1.125
-0.919,0.718
-1.207,-1.159
-1.677,-0.928
-1.91,-1.21
-2.225,-1.266
-2.343,-1.215
-2.753,-1.011
2.895,-1.278
2.418,-1.222
2.224,-1.073
0.56,-0.887
0.36,-1.174
0.323,-1.283
0.031,-1.116
0.088,-1.091
-1.015,-1.118
-1.199,3.063
-1.271,3.165
-1.697,3.35
-2.157,3.27
3.001,3.367
2.632,3.064
2.769,3.07
2.411,3.107
2.534,3.188
2.299,3.405
2.132,3.378
2.01,3.105
1.62,3.223
1.475,3.14
1.59,3.503
1.597,3.221
1.113,3.384
0.781,3.532
0.518,3.455
0.086,3.315
-0.373,3.284
-0.479,3.33
-0.518,3.292
2.338,0.923
1.89,0.325
0.657,-0.842
0.395,0.476
0.06,1.161
3.094,1.708
1.622,2.452
-0.459,1.405
-0.48,1.204
-0.536,1.548
-0.758,0.085
-1.466,2.049
-2.446,0.425
-2.541,0.713
-2.69,1.222
-2.425,-1.147
1.838,-0.671
1.619,3.172
-0.146,2.748
-0.234,2.981
-0.462,2.908
-0.387,2.727
0.512,2.892
0.982,3.339
-0.037,-1.27
-0.027,-0.796
-0.057,-3.306
-0.075,-1.06
-0.18,-1.246
-0.214,-0.93
-0.198,-0.637
-0.262,-1.647
-0.398,-3.119
-0.467,-2.209
-0.504,-2.016
-0.444,-1.838
-0.466,-2.107
-0.533,-3.228
-0.56,-0.867
-0.565,-0.759
-0.644,-1.645
-0.614,-0.962
-0.692,0.408
-0.638,-1.506
-0.618,-0.495
-0.697,-1.186
-0.658,-3.328
-0.703,-1.84
-0.645,-2.904
-0.684,-2.0
-0.795,-2.202
-0.802,-1.82
-0.87,-1.873
-0.817,-2.292
-0.844,-1.669
-0.897,-1.305
-0.865,-1.899
-0.848,-1.271
-0.866,-3.187
-0.881,-2.181
-0.909,-0.682
-0.909,-1.611
-0.907,-1.121
-0.944,-0.635
-0.948,0.363
-0.977,-3.266
-1.673,-3.383
-1.721,-3.32
-2.605,-3.461
-2.956,-3.422
2.646,-3.554
2.663,-3.415
2.143,-3.657
2.133,-3.401
2.103,-3.452
1.017,-3.649
0.476,-3.41
0.279,-3.63
-0.283,-3.483
-0.691,-3.785
-1.058,0.979
-1.097,0.871
-1.28,0.704
-1.719,0.758
-1.709,1.024
-2.158,1.067
-2.546,0.909
-2.783,0.689
-2.772,0.987
2.902,0.935
2.783,0.824
2.658,0.745
2.563,0.702
2.034,0.872
1.741,0.775
1.53,0.932
1.286,1.093
1.205,0.805
0.455,1.116
0.214,0.665
-0.067,0.801
-0.489,0.827
-0.597,0.877
-0.586,0.755
-0.956,0.984
-1.262,0.607
-1.568,-2.021
-1.66,-2.784
-2.33,-0.86
-2.313,-3.164
-2.756,-2.176
2.061,-3.011
1.58,-1.014
0.747,0.295
0.453,-0.429
-0.003,-2.298
-0.476,-2.637
0.985,-3.565
0.927,0.874
-0.922,0.641
-0.946,-1.556
-1.093,-1.874
-1.013,-2.013
-1.081,0.546
-1.194,-2.187
-1.323,0.143
-1.202,-3.13
-1.275,-0.236
-1.297,-1.689
-1.299,-0.348
-1.36,-0.72
-1.452,-0.245
-1.563,-0.403
-1.472,-1.518
-1.671,0.446
-1.714,-1.652
-1.774,-2.432
-1.795,-0.337
-1.945,-3.351
-2.005,-1.296
-1.91,-1.446
-2.02,-3.076
-2.131,-0.912
-2.126,-1.301
-2.44,-0.664
-2.327,0.334
-2.449,-1.395
-2.469,0.533
-2.528,0.443
-2.634,-1.726
-2.702,-0.742
-2.719,-1.547
-2.953,0.584
-2.933,-3.236
-2.947,-3.03
3.109,0.333
-3.084,-2.776
3.001,-3.152
2.841,-1.181
2.844,-1.966
2.904,-2.185
2.892,-3.334
2.843,-0.53
2.815,-2.234
2.67,-1.821
2.672,0.459
2.717,-2.282
2.266,-2.832
2.395,-2.264
2.29,-1.05
2.294,-2.045
2.168,-2.984
2.261,0.172
2.178,-1.803
2.139,-0.001
1.96,-1.369
1.917,-1.387
1.917,0.467
1.98,-0.158
1.829,-2.218
1.824,-2.233
1.957,-2.673
1.8,-1.516
1.908,0.573
1.894,-0.568
1.759,-2.879
1.875,-0.663
1.858,-0.491
1.87,-2.278
1.77,-2.127
1.661,-1.026
1.591,-0.261
1.668,-3.322
1.657,-0.939
1.535,0.62
1.488,-1.31
1.599,-3.037
1.521,-1.507
1.459,-1.787
1.272,0.285
1.307,-3.206
1.276,-0.002
1.142,-2.74
1.239,-2.041
1.127,-0.6
1.2,-3.023
1.027,-1.021
0.987,-3.163
1.105,-0.532
0.969,-3.115
0.907,-3.091
0.771,-0.981
0.883,-1.95
0.76,-3.214
0.807,-3.366
0.803,-3.089
0.765,-2.014
0.601,-0.42
0.43,0.274
0.319,-1.623
0.301,-1.899
0.295,-1.855
0.297,-0.911
0.291,-0.964
0.269,-1.029
0.162,-1.197
0.13,-2.598
0.095,-1.105
0.032,-2.686
-0.01,-1.889
-0.068,-1.388
-0.379,-2.057
-0.274,-2.022
-0.545,-1.944
-0.423,-1.61
-0.474,-2.229
-0.597,-3.219
-0.79,0.437
-0.666,-1.336
-0.814,-1.112
-0.824,-3.047
-0.742,0.104
-0.909,-2.52
-0.912,-0.455
-0.925,0.149
-1.022,-1.288
-0.931,-1.695
-1.219,-3.572
-1.689,-3.341
-1.922,-3.623
-2.237,-3.679
-2.355,-3.628
-2.765,-3.424
2.883,-3.691
2.406,-3.635
2.212,-3.486
0.548,-3.3
0.348,-3.587
0.311,-3.696
0.019,-3.529
0.076,-3.504
-1.027,-3.531
-1.211,0.65
-1.283,0.752
-1.709,0.937
-2.169,0.857
2.989,0.954
2.62,0.651
2.757,0.657
2.399,0.694
2.522,0.775
2.287,0.992
2.12,0.965
1.998,0.692
1.608,0.81
1.463,0.727
1.578,1.09
1.585,0.808
1.101,0.971
0.769,1.119
0.506,1.042
0.074,0.902
-0.385,0.871
-0.491,0.917
-0.53,0.879
2.326,-1.49
1.878,-2.088
0.645,-3.255
0.383,-1.937
0.048,-1.252
3.082,-0.705
1.61,0.039
-0.471,-1.008
-0.492,-1.209
-0.548,-0.865
-0.77,-2.328
-1.478,-0.364
-2.458,-1.988
-2.553,-1.7
-2.702,-1.191
-2.437,-3.56
1.826,-3.084
1.607,0.759
-0.158,0.335
-0.246,0.568
-0.474,0.495
-0.399,0.314
0.5,0.479
0.97,0.926
0.01,0.474
-0.02,-2.036
-0.038,0.21
-0.143,0.024
-0.177,0.34
-0.161,0.633
-0.225,-0.377
-0.361,-1.849
-0.43,-0.939
-0.467,-0.746
-0.407,-0.568
-0.429,-0.837
-0.496,-1.958
-0.523,0.403
-0.528,0.511
-0.607,-0.375
-0.577,0.308
-0.655,1.678
-0.601,-0.236
-0.581,0.775
-0.66,0.084
-0.621,-2.058
-0.666,-0.57
-0.608,-1.634
-0.647,-0.73
-0.758,-0.932
-0.765,-0.55
-0.833,-0.603
-0.78,-1.022
-0.807,-0.399
-0.86,-0.035
-0.828,-0.629
-0.811,-0.001
-0.829,-1.917
-0.844,-0.911
-0.872,0.588
-0.872,-0.341
-0.87,0.149
-0.907,0.635
-0.911,1.633
-0.94,-1.996
-1.636,-2.113
-1.684,-2.05
-2.568,-2.191
-2.919,-2.152
2.683,-2.284
2.7,-2.145
2.18,-2.387
2.17,-2.131
2.14,-2.182
1.054,-2.379
0.513,-2.14
0.316,-2.36
-0.246,-2.213
-0.654,-2.515
-1.021,2.249
-1.06,2.141
-1.243,1.974
-1.682,2.028
-1.672,2.294
-2.121,2.337
-2.509,2.179
-2.746,1.959
-2.735,2.257
2.939,2.205
2.82,2.094
2.695,2.015
2.6,1.972
2.071,2.142
1.778,2.045
1.567,2.202
1.323,2.363
1.242,2.075
0.492,2.386
0.251,1.935
-0.03,2.071
-0.452,2.097
-0.56,2.147
-0.549,2.025
-0.919,2.254
-1.225,1.877
-1.531,-0.751
-1.623,-1.514
-2.293,0.41
-2.276,-1.894
-2.719,-0.906
2.098,-1.741
1.617,0.256
0.784,1.565
0.49,0.841
0.034,-1.028
-0.439,-1.367
1.022,-2.295
0.964,2.144
-0.885,1.911
-0.909,-0.286
-1.056,-0.604
-0.976,-0.743
-1.044,1.816
-1.157,-0.917
-1.286,1.413
-1.165,-1.86
-1.238,1.034
-1.26,-0.419
-1.262,0.922
-1.323,0.55
-1.415,1.025
-1.526,0.867
-1.435,-0.248
-1.634,1.716
-1.677,-0.382
-1.737,-1.162
-1.758,0.933
-1.908,-2.081
-1.968,-0.026
-1.873,-0.176
-1.983,-1.806
-2.094,0.358
-2.089,-0.031
-2.403,0.606
-2.29,1.604
-2.412,-0.125
-2.432,1.803
-2.491,1.713
-2.597,-0.456
-2.665,0.528
-2.682,-0.277
-2.916,1.854
-2.896,-1.966
-2.91,-1.76
-3.137,1.603
-3.047,-1.506
3.038,-1.882
2.878,0.089
2.881,-0.696
2.941,-0.915
2.929,-2.064
2.88,0.74
2.852,-0.964
2.707,-0.551
2.709,1.729
2.754,-1.012
2.303,-1.562
2.432,-0.994
2.327,0.22
2.331,-0.775
2.205,-1.714
2.298,1.442
2.215,-0.533
2.176,1.269
1.997,-0.099
1.954,-0.117
1.954,1.737
2.017,1.112
1.866,-0.948
1.861,-0.963
1.994,-1.403
1.837,-0.246
1.945,1.843
1.931,0.702
1.796,-1.609
1.912,0.607
1.895,0.779
1.907,-1.008
1.807,-0.857
1.698,0.244
1.628,1.009
1.705,-2.052
1.694,0.331
1.572,1.89
1.525,-0.04
1.636,-1.767
1.558,-0.237
1.496,-0.517
1.309,1.555
1.344,-1.936
1.313,1.268
1.179,-1.47
1.276,-0.771
1.164,0.67
1.237,-1.753
1.064,0.249
1.024,-1.893
1.142,0.738
1.006,-1.845
0.944,-1.821
0.808,0.289
0.92,-0.68
0.797,-1.944
0.844,-2.096
0.84,-1.819
0.802,-0.744
0.638,0.85
0.467,1.544
0.356,-0.353
0.338,-0.629
0.332,-0.585
0.334,0.359
0.328,0.306
0.306,0.241
0.199,0.073
0.167,-1.328
0.132,0.165
0.069,-1.416
0.027,-0.619
-0.031,-0.118
-0.342,-0.787
-0.237,-0.752
-0.508,-0.674
-0.386,-0.34
-0.437,-0.959
-0.56,-1.949
-0.753,1.707
-0.629,-0.066
-0.777,0.158
-0.787,-1.777
-0.705,1.374
-0.872,-1.25
-0.875,0.815
-0.888,1.419
-0.985,-0.018
-0.894,-0.425
-1.182,-2.302
-1.652,-2.071
-1.885,-2.353
-2.2,-2.409
-2.318,-2.358
-2.728,-2.154
2.92,-2.421
2.443,-2.365
2.249,-2.216
0.585,-2.03
0.385,-2.317
0.348,-2.426
0.056,-2.259
0.113,-2.234
-0.99,-2.261
-1.174,1.92
-1.246,2.022
-1.672,2.207
-2.132,2.127
3.026,2.224
2.657,1.921
2.794,1.927
2.436,1.964
2.559,2.045
2.324,2.262
2.157,2.235
2.035,1.962
1.645,2.08
1.5,1.997
1.615,2.36
1.622,2.078
1.138,2.241
0.806,2.389
0.543,2.312
0.111,2.172
-0.348,2.141
-0.454,2.187
-0.493,2.149
2.363,-0.22
1.915,-0.818
0.682,-1.985
0.42,-0.667
0.085,0.018
3.119,0.565
1.647,1.309
-0.434,0.262
-0.455,0.061
-0.511,0.405
-0.733,-1.058
-1.441,0.906
-2.421,-0.718
-2.516,-0.43
-2.665,0.079
-2.4,-2.29
1.863,-1.814
1.644,2.029
-0.121,1.605
-0.209,1.838
-0.437,1.765
-0.362,1.584
0.537,1.749
1.007,2.196
-0.03,-2.51
-0.048,-0.264
-0.153,-0.45
-0.187,-0.134
-0.171,0.159
-0.235,-0.851
-0.371,-2.323
-0.44,-1.413
-0.477,-1.22
-0.417,-1.042
-0.439,-1.311
-0.506,-2.432
-0.533,-0.071
-0.538,0.037
-0.617,-0.849
-0.587,-0.166
-0.665,1.204
-0.611,-0.71
-0.591,0.301
-0.67,-0.39
-0.631,-2.532
-0.676,-1.044
-0.618,-2.108
-0.657,-1.204
-0.768,-1.406
-0.775,-1.024
-0.843,-1.077
-0.79,-1.496
-0.817,-0.873
-0.87,-0.509
-0.838,-1.103
-0.821,-0.475
-0.839,-2.391
-0.854,-1.385
-0.882,0.114
-0.882,-0.815
-0.88,-0.325
-0.917,0.161
-0.921,1.159
-0.95,-2.47
-1.646,-2.587
-1.694,-2.524
-2.578,-2.665
-2.929,-2.626
2.673,-2.758
2.69,-2.619
2.17,-2.861
2.16,-2.605
2.13,-2.656
1.044,-2.853
0.503,-2.614
0.306,-2.834
-0.256,-2.687
-0.664,-2.989
-1.031,1.775
-1.07,1.667
-1.253,1.5
-1.692,1.554
-1.682,1.82
-2.131,1.863
-2.519,1.705
-2.756,1.485
-2.745,1.783
2.929,1.731
2.81,1.62
2.685,1.541
2.59,1.498
2.061,1.668
1.768,1.571
1.557,1.728
1.313,1.889
1.232,1.601
0.482,1.912
0.241,1.461
-0.04,1.597
-0.462,1.623
-0.57,1.673
-0.559,1.551
-0.929,1.78
-1.235,1.403
-1.541,-1.225
-1.633,-1.988
-2.303,-0.064
-2.286,-2.368
-2.729,-1.38
2.088,-2.215
1.607,-0.218
0.774,1.091
0.48,0.367
0.024,-1.502
-0.449,-1.841
1.012,-2.769
0.954,1.67
-0.895,1.437
-0.919,-0.76
-1.066,-1.078
-0.986,-1.217
-1.054,1.342
-1.167,-1.391
-1.296,0.939
-1.175,-2.334
-1.248,0.56
-1.27,-0.893
-1.272,0.448
-1.333,0.076
-1.425,0.551
-1.536,0.393
-1.445,-0.722
-1.644,1.242
-1.687,-0.856
-1.747,-1.636
-1.768,0.459
-1.918,-2.555
-1.978,-0.5
-1.883,-0.65
-1.993,-2.28
-2.104,-0.116
-2.099,-0.505
-2.413,0.132
-2.3,1.13
-2.422,-0.599
-2.442,1.329
-2.501,1.239
-2.607,-0.93
-2.675,0.054
-2.692,-0.751
-2.926,1.38
-2.906,-2.44
-2.92,-2.234
3.136,1.129
-3.057,-1.98
3.028,-2.356
2.868,-0.385
2.871,-1.17
2.931,-1.389
2.919,-2.538
2.87,0.266
2.842,-1.438
2.697,-1.025
2.699,1.255
2.744,-1.486
2.293,-2.036
2.422,-1.468
2.317,-0.254
2.321,-1.249
2.195,-2.188
2.288,0.968
2.205,-1.007
2.166,0.795
1.987,-0.573
1.944,-0.591
1.944,1.263
2.007,0.638
1.856,-1.422
1.851,-1.437
1.984,-1.877
1.827,-0.72
1.935,1.369
1.921,0.228
1.786,-2.083
1.902,0.133
1.885,0.305
1.897,-1.482
1.797,-1.331
1.688,-0.23
1.618,0.535
1.695,-2.526
1.684,-0.143
1.562,1.416
1.515,-0.514
1.626,-2.241
1.548,-0.711
1.486,-0.991
1.299,1.081
1.334,-2.41
1.303,0.794
1.169,-1.944
1.266,-1.245
1.154,0.196
1.227,-2.227
1.054,-0.225
1.014,-2.367
1.132,0.264
0.996,-2.319
0.934,-2.295
0.798,-0.185
0.91,-1.154
0.787,-2.418
0.834,-2.57
0.83,-2.293
0.792,-1.218
0.628,0.376
0.457,1.07
0.346,-0.827
0.328,-1.103
0.322,-1.059
0.324,-0.115
0.318,-0.168
0.296,-0.233
0.189,-0.401
0.157,-1.802
0.122,-0.309
0.059,-1.89
0.017,-1.093
-0.041,-0.592
-0.352,-1.261
-0.247,-1.226
-0.518,-1.148
-0.396,-0.814
-0.447,-1.433
-0.57,-2.423
-0.763,1.233
-0.639,-0.54
-0.787,-0.316
-0.797,-2.251
-0.715,0.9
-0.882,-1.724
-0.885,0.341
-0.898,0.945
-0.995,-0.492
-0.904,-0.899
-1.192,-2.776
-1.662,-2.545
-1.895,-2.827
-2.21,-2.883
-2.328,-2.832
-2.738,-2.628
2.91,-2.895
2.433,-2.839
2.239,-2.69
0.575,-2.504
0.375,-2.791
0.338,-2.9
0.046,-2.733
0.103,-2.708
-1.0,-2.735
-1.184,1.446
-1.256,1.548
-1.682,1.733
-2.142,1.653
3.016,1.75
2.647,1.447
2.784,1.453
2.426,1.49
2.549,1.571
2.314,1.788
2.147,1.761
2.025,1.488
1.635,1.606
1.49,1.523
1.605,1.886
1.612,1.604
1.128,1.767
0.796,1.915
0.533,1.838
0.101,1.698
-0.358,1.667
-0.464,1.713
-0.503,1.675
2.353,-0.694
1.905,-1.292
0.672,-2.459
0.41,-1.141
0.075,-0.456
3.109,0.091
1.637,0.835
-0.444,-0.212
-0.465,-0.413
-0.521,-0.069
-0.743,-1.532
-1.451,0.432
-2.431,-1.192
-2.526,-0.904
-2.675,-0.395
-2.41,-2.764
1.853,-2.288
1.634,1.555
-0.131,1.131
-0.219,1.364
-0.447,1.291
-0.372,1.11
0.527,1.275
0.997,1.722
-0.018,2.246
-0.123,2.06
-0.157,2.376
-0.141,2.669
-0.205,1.659
-0.341,0.187
-0.41,1.097
-0.447,1.29
-0.387,1.468
-0.409,1.199
-0.476,0.078
-0.503,2.439
-0.508,2.547
-0.587,1.661
-0.557,2.344
-0.635,3.714
-0.581,1.8
-0.561,2.811
-0.64,2.12
-0.601,-0.022
-0.646,1.466
-0.588,0.402
-0.627,1.306
-0.738,1.104
-0.745,1.486
-0.813,1.433
-0.76,1.014
-0.787,1.637
-0.84,2.001
-0.808,1.407
-0.791,2.035
-0.809,0.119
-0.824,1.125
-0.852,2.624
-0.852,1.695
-0.85,2.185
-0.887,2.671
-0.891,3.669
-0.92,0.04
-1.616,-0.077
-1.664,-0.014
-2.548,-0.155
-2.899,-0.116
2.703,-0.248
2.72,-0.109
2.2,-0.351
2.19,-0.095
2.16,-0.146
1.074,-0.343
0.533,-0.104
0.336,-0.324
-0.226,-0.177
-0.634,-0.479
-1.001,4.285
-1.04,4.177
-1.223,4.01
-1.662,4.064
-1.652,4.33
-2.101,4.373
-2.489,4.215
-2.726,3.995
-2.715,4.293
2.959,4.241
2.84,4.13
2.715,4.051
2.62,4.008
2.091,4.178
1.798,4.081
1.587,4.238
1.343,4.399
1.262,4.111
0.512,4.422
0.271,3.971
-0.01,4.107
-0.432,4.133
-0.54,4.183
-0.529,4.061
-0.899,4.29
-1.205,3.913
-1.511,1.285
-1.603,0.522
-2.273,2.446
-2.256,0.142
-2.699,1.13
2.118,0.295
1.637,2.292
0.804,3.601
0.51,2.877
0.054,1.008
-0.419,0.669
1.042,-0.259
0.984,4.18
-0.865,3.947
-0.889,1.75
-1.036,1.432
-0.956,1.293
-1.024,3.852
-1.137,1.119
-1.266,3.449
-1.145,0.176
-1.218,3.07
-1.24,1.617
-1.242,2.958
-1.303,2.586
-1.395,3.061
-1.506,2.903
-1.415,1.788
-1.614,3.752
-1.657,1.654
-1.717,0.874
-1.738,2.969
-1.888,-0.045
-1.948,2.01
-1.853,1.86
-1.963,0.23
-2.074,2.394
-2.069,2.005
-2.383,2.642
-2.27,3.64
-2.392,1.911
-2.412,3.839
-2.471,3.749
-2.577,1.58
-2.645,2.564
-2.662,1.759
-2.896,3.89
-2.876,0.07
-2.89,0.276
-3.117,3.639
-3.027,0.53
3.058,0.154
2.898,2.125
2.901,1.34
2.961,1.121
2.949,-0.028
2.9,2.776
2.872,1.072
2.727,1.485
2.729,3.765
2.774,1.024
2.323,0.474
2.452,1.042
2.347,2.256
2.351,1.261
2.225,0.322
2.318,3.478
2.235,1.503
2.196,3.305
2.017,1.937
1.974,1.919
1.974,3.773
2.037,3.148
1.886,1.088
1.881,1.073
2.014,0.633
1.857,1.79
1.965,3.879
1.951,2.738
1.816,0.427
1.932,2.643
1.915,2.815
1.927,1.028
1.827,1.179
1.718,2.28
1.648,3.045
1.725,-0.016
1.714,2.367
1.592,3.926
1.545,1.996
1.656,0.269
1.578,1.799
1.516,1.519
1.329,3.591
1.364,0.1
1.333,3.304
1.199,0.566
1.296,1.265
1.184,2.706
1.257,0.283
1.084,2.285
1.044,0.143
1.162,2.774
1.026,0.191
0.964,0.215
0.828,2.325
0.94,1.356
0.817,0.092
0.864,-0.06
0.86,0.217
0.822,1.292
0.658,2.886
0.487,3.58
0.376,1.683
0.358,1.407
0.352,1.451
0.354,2.395
0.348,2.342
0.326,2.277
0.219,2.109
0.187,0.708
0.152,2.201
0.089,0.62
0.047,1.417
-0.011,1.918
-0.322,1.249
-0.217,1.284
-0.488,1.362
-0.366,1.696
-0.417,1.077
-0.54,0.087
-0.733,3.743
-0.609,1.97
-0.757,2.194
-0.767,0.259
-0.685,3.41
-0.852,0.786
-0.855,2.851
-0.868,3.455
-0.965,2.018
-0.874,1.611
-1.162,-0.266
-1.632,-0.035
-1.865,-0.317
-2.18,-0.373
-2.298,-0.322
-2.708,-0.118
2.94,-0.385
2.463,-0.329
2.269,-0.18
0.605,0.006
0.405,-0.281
0.368,-0.39
0.076,-0.223
0.133,-0.198
-0.97,-0.225
-1.154,3.956
-1.226,4.058
-1.652,4.243
-2.112,4.163
3.046,4.26
2.677,3.957
2.814,3.963
2.456,4.0
2.579,4.081
2.344,4.298
2.177,4.271
2.055,3.998
1.665,4.116
1.52,4.033
1.635,4.396
1.642,4.114
1.158,4.277
0.826,4.425
0.563,4.348
0.131,4.208
-0.328,4.177
-0.434,4.223
-0.473,4.185
2.383,1.816
1.935,1.218
0.702,0.051
0.44,1.369
0.105,2.054
3.139,2.601
1.667,3.345
-0.414,2.298
-0.435,2.097
-0.491,2.441
-0.713,0.978
-1.421,2.942
-2.401,1.318
-2.496,1.606
-2.645,2.115
-2.38,-0.254
1.883,0.222
1.664,4.065
-0.101,3.641
-0.189,3.874
-0.417,3.801
-0.342,3.62
0.557,3.785
1.027,4.232
-0.105,-0.186
-0.139,0.13
-0.123,0.423
-0.187,-0.587
-0.323,-2.059
-0.392,-1.149
-0.429,-0.956
-0.369,-0.778
-0.391,-1.047
-0.458,-2.168
-0.485,0.193
-0.49,0.301
-0.569,-0.585
-0.539,0.098
-0.617,1.468
-0.563,-0.446
-0.543,0.565
-0.622,-0.126
-0.583,-2.268
-0.628,-0.78
-0.57,-1.844
-0.609,-0.94
-0.72,-1.142
-0.727,-0.76
-0.795,-0.813
-0.742,-1.232
-0.769,-0.609
-0.822,-0.245
-0.79,-0.839
-0.773,-0.211
-0.791,-2.127
-0.806,-1.121
-0.834,0.378
-0.834,-0.551
-0.832,-0.061
-0.869,0.425
-0.873,1.423
-0.902,-2.206
-1.598,-2.323
-1.646,-2.26
-2.53,-2.401
-2.881,-2.362
2.721,-2.494
2.738,-2.355
2.218,-2.597
2.208,-2.341
2.178,-2.392
1.092,-2.589
0.551,-2.35
0.354,-2.57
-0.208,-2.423
-0.616,-2.725
-0.983,2.039
-1.022,1.931
-1.205,1.764
-1.644,1.818
-1.634,2.084
-2.083,2.127
-2.471,1.969
-2.708,1.749
-2.697,2.047
2.977,1.995
2.858,1.884
2.733,1.805
2.638,1.762
2.109,1.932
1.816,1.835
1.605,1.992
1.361,2.153
1.28,1.865
0.53,2.176
0.289,1.725
0.008,1.861
-0.414,1.887
-0.522,1.937
-0.511,1.815
-0.881,2.044
-1.187,1.667
-1.493,-0.961
-1.585,-1.724
-2.255,0.2
-2.238,-2.104
-2.681,-1.116
2.136,-1.951
1.655,0.046
0.822,1.355
0.528,0.631
0.072,-1.238
-0.401,-1.577
1.06,-2.505
1.002,1.934
-0.847,1.701
-0.871,-0.496
-1.018,-0.814
-0.938,-0.953
-1.006,1.606
-1.119,-1.127
-1.248,1.203
-1.127,-2.07
-1.2,0.824
-1.222,-0.629
-1.224,0.712
-1.285,0.34
-1.377,0.815
-1.488,0.657
-1.397,-0.458
-1.596,1.506
-1.639,-0.592
-1.699,-1.372
-1.72,0.723
-1.87,-2.291
-1.93,-0.236
-1.835,-0.386
-1.945,-2.016
-2.056,0.148
-2.051,-0.241
-2.365,0.396
-2.252,1.394
-2.374,-0.335
-2.394,1.593
-2.453,1.503
-2.559,-0.666
-2.627,0.318
-2.644,-0.487
-2.878,1.644
-2.858,-2.176
-2.872,-1.97
-3.099,1.393
-3.009,-1.716
3.076,-2.092
2.916,-0.121
2.919,-0.906
2.979,-1.125
2.967,-2.274
2.918,0.53
2.89,-1.174
2.745,-0.761
2.747,1.519
2.792,-1.222
2.341,-1.772
2.47,-1.204
2.365,0.01
2.369,-0.985
2.243,-1.924
2.336,1.232
2.253,-0.743
2.214,1.059
2.035,-0.309
1.992,-0.327
1.992,1.527
2.055,0.902
1.904,-1.158
1.899,-1.173
2.032,-1.613
1.875,-0.456
1.983,1.633
1.969,0.492
1.834,-1.819
1.95,0.397
1.933,0.569
1.945,-1.218
1.845,-1.067
1.736,0.034
1.666,0.799
1.743,-2.262
1.732,0.121
1.61,1.68
1.563,-0.25
1.674,-1.977
1.596,-0.447
1.534,-0.727
1.347,1.345
1.382,-2.146
1.351,1.058
1.217,-1.68
1.314,-0.981
1.202,0.46
1.275,-1.963
1.102,0.039
1.062,-2.103
1.18,0.528
1.044,-2.055
0.982,-2.031
0.846,0.079
0.958,-0.89
0.835,-2.154
0.882,-2.306
0.878,-2.029
0.84,-0.954
0.676,0.64
0.505,1.334
0.394,-0.563
0.376,-0.839
0.37,-0.795
0.372,0.149
0.366,0.096
0.344,0.031
0.237,-0.137
0.205,-1.538
0.17,-0.045
0.107,-1.626
0.065,-0.829
0.007,-0.328
-0.304,-0.997
-0.199,-0.962
-0.47,-0.884
-0.348,-0.55
-0.399,-1.169
-0.522,-2.159
-0.715,1.497
-0.591,-0.276
-0.739,-0.052
-0.749,-1.987
-0.667,1.164
-0.834,-1.46
-0.837,0.605
-0.85,1.209
-0.947,-0.228
-0.856,-0.635
-1.144,-2.512
-1.614,-2.281
-1.847,-2.563
-2.162,-2.619
-2.28,-2.568
-2.69,-2.364
2.958,-2.631
2.481,-2.575
2.287,-2.426
0.623,-2.24
0.423,-2.527
0.386,-2.636
0.094,-2.469
0.151,-2.444
-0.952,-2.471
-1.136,1.71
-1.208,1.812
-1.634,1.997
-2.094,1.917
3.064,2.014
2.695,1.711
2.832,1.717
2.474,1.754
2.597,1.835
2.362,2.052
2.195,2.025
2.073,1.752
1.683,1.87
1.538,1.787
1.653,2.15
1.66,1.868
1.176,2.031
0.844,2.179
0.581,2.102
0.149,1.962
-0.31,1.931
-0.416,1.977
-0.455,1.939
2.401,-0.43
1.953,-1.028
0.72,-2.195
0.458,-0.877
0.123,-0.192
-3.126,0.355
1.685,1.099
-0.396,0.052
-0.417,-0.149
-0.473,0.195
-0.695,-1.268
-1.403,0.696
-2.383,-0.928
-2.478,-0.64
-2.627,-0.131
-2.362,-2.5
1.901,-2.024
1.682,1.819
-0.083,1.395
-0.171,1.628
-0.399,1.555
-0.324,1.374
0.575,1.539
1.045,1.986
-0.034,0.316
-0.018,0.609
-0.082,-0.401
-0.218,-1.873
-0.287,-0.963
-0.324,-0.77
-0.264,-0.592
-0.286,-0.861
-0.353,-1.982
-0.38,0.379
-0.385,0.487
-0.464,-0.399
-0.434,0.284
-0.512,1.654
-0.458,-0.26
-0.438,0.751
-0.517,0.06
-0.478,-2.082
-0.523,-0.594
-0.465,-1.658
-0.504,-0.754
-0.615,-0.956
-0.622,-0.574
-0.69,-0.627
-0.637,-1.046
-0.664,-0.423
-0.717,-0.059
-0.685,-0.653
-0.668,-0.025
-0.686,-1.941
-0.701,-0.935
-0.729,0.564
-0.729,-0.365
-0.727,0.125
-0.764,0.611
-0.768,1.609
-0.797,-2.02
-1.493,-2.137
-1.541,-2.074
-2.425,-2.215
-2.776,-2.176
2.826,-2.308
2.843,-2.169
2.323,-2.411
2.313,-2.155
2.283,-2.206
1.197,-2.403
0.656,-2.164
0.459,-2.384
-0.103,-2.237
-0.511,-2.539
-0.878,2.225
-0.917,2.117
-1.1,1.95
-1.539,2.004
-1.529,2.27
-1.978,2.313
-2.366,2.155
-2.603,1.935
-2.592,2.233
3.082,2.181
2.963,2.07
2.838,1.991
2.743,1.948
2.214,2.118
1.921,2.021
1.71,2.178
1.466,2.339
1.385,2.051
0.635,2.362
0.394,1.911
0.113,2.047
-0.309,2.073
-0.417,2.123
-0.406,2.001
-0.776,2.23
-1.082,1.853
-1.388,-0.775
-1.48,-1.538
-2.15,0.386
-2.133,-1.918
-2.576,-0.93
2.241,-1.765
1.76,0.232
0.927,1.541
0.633,0.817
0.177,-1.052
-0.296,-1.391
1.165,-2.319
1.107,2.12
-0.742,1.887
-0.766,-0.31
-0.913,-0.628
-0.833,-0.767
-0.901,1.792
-1.014,-0.941
-1.143,1.389
-1.022,-1.884
-1.095,1.01
-1.117,-0.443
-1.119,0.898
-1.18,0.526
-1.272,1.001
-1.383,0.843
-1.292,-0.272
-1.491,1.692
-1.534,-0.406
-1.594,-1.186
-1.615,0.909
-1.765,-2.105
-1.825,-0.05
-1.73,-0.2
-1.84,-1.83
-1.951,0.334
-1.946,-0.055
-2.26,0.582
-2.147,1.58
-2.269,-0.149
-2.289,1.779
-2.348,1.689
-2.454,-0.48
-2.522,0.504
-2.539,-0.301
-2.773,1.83
-2.753,-1.99
-2.767,-1.784
-2.994,1.579
-2.904,-1.53
-3.102,-1.906
3.021,0.065
3.024,-0.72
3.084,-0.939
3.072,-2.088
3.023,0.716
2.995,-0.988
2.85,-0.575
2.852,1.705
2.897,-1.036
2.446,-1.586
2.575,-1.018
2.47,0.196
2.474,-0.799
2.348,-1.738
2.441,1.418
2.358,-0.557
2.319,1.245
2.14,-0.123
2.097,-0.141
2.097,1.713
2.16,1.088
2.009,-0.972
2.004,-0.987
2.137,-1.427
1.98,-0.27
2.088,1.819
2.074,0.678
1.939,-1.633
2.055,0.583
2.038,0.755
2.05,-1.032
1.95,-0.881
1.841,0.22
1.771,0.985
1.848,-2.076
1.837,0.307
1.715,1.866
1.668,-0.064
1.779,-1.791
1.701,-0.261
1.639,-0.541
1.452,1.531
1.487,-1.96
1.456,1.244
1.322,-1.494
1.419,-0.795
1.307,0.646
1.38,-1.777
1.207,0.225
1.167,-1.917
1.285,0.714
1.149,-1.869
1.087,-1.845
0.951,0.265
1.063,-0.704
0.94,-1.968
0.987,-2.12
0.983,-1.843
0.945,-0.768
0.781,0.826
0.61,1.52
0.499,-0.377
0.481,-0.653
0.475,-0.609
0.477,0.335
0.471,0.282
0.449,0.217
0.342,0.049
0.31,-1.352
0.275,0.141
0.212,-1.44
0.17,-0.643
0.112,-0.142
-0.199,-0.811
-0.094,-0.776
-0.365,-0.698
-0.243,-0.364
-0.294,-0.983
-0.417,-1.973
-0.61,1.683
-0.486,-0.09
-0.634,0.134
-0.644,-1.801
-0.562,1.35
-0.729,-1.274
-0.732,0.791
-0.745,1.395
-0.842,-0.042
-0.751,-0.449
-1.039,-2.326
-1.509,-2.095
-1.742,-2.377
-2.057,-2.433
-2.175,-2.382
-2.585,-2.178
3.063,-2.445
2.586,-2.389
2.392,-2.24
0.728,-2.054
0.528,-2.341
0.491,-2.45
0.199,-2.283
0.256,-2.258
-0.847,-2.285
-1.031,1.896
-1.103,1.998
-1.529,2.183
-1.989,2.103
-3.114,2.2
2.8,1.897
2.937,1.903
2.579,1.94
2.702,2.021
2.467,2.238
2.3,2.211
2.178,1.938
1.788,2.056
1.643,1.973
1.758,2.336
1.765,2.054
1.281,2.217
0.949,2.365
0.686,2.288
0.254,2.148
-0.205,2.117
-0.311,2.163
-0.35,2.125
2.506,-0.244
2.058,-0.842
0.825,-2.009
0.563,-0.691
0.228,-0.006
-3.021,0.541
1.79,1.285
-0.291,0.238
-0.312,0.037
-0.368,0.381
-0.59,-1.082
-1.298,0.882
-2.278,-0.742
-2.373,-0.454
-2.522,0.055
-2.257,-2.314
2.006,-1.838
1.787,2.005
0.022,1.581
-0.066,1.814
-0.294,1.741
-0.219,1.56
0.68,1.725
1.15,2.172
0.016,0.293
-0.048,-0.717
-0.184,-2.189
-0.253,-1.279
-0.29,-1.086
-0.23,-0.908
-0.252,-1.177
-0.319,-2.298
-0.346,0.063
-0.351,0.171
-0.43,-0.715
-0.4,-0.032
-0.478,1.338
-0.424,-0.576
-0.404,0.435
-0.483,-0.256
-0.444,-2.398
-0.489,-0.91
-0.431,-1.974
-0.47,-1.07
-0.581,-1.272
-0.588,-0.89
-0.656,-0.943
-0.603,-1.362
-0.63,-0.739
-0.683,-0.375
-0.651,-0.969
-0.634,-0.341
-0.652,-2.257
-0.667,-1.251
-0.695,0.248
-0.695,-0.681
-0.693,-0.191
-0.73,0.295
-0.734,1.293
-0.763,-2.336
-1.459,-2.453
-1.507,-2.39
-2.391,-2.531
-2.742,-2.492
2.86,-2.624
2.877,-2.485
2.357,-2.727
2.347,-2.471
2.317,-2.522
1.231,-2.719
0.69,-2.48
0.493,-2.7
-0.069,-2.553
-0.477,-2.855
-0.844,1.909
-0.883,1.801
-1.066,1.634
-1.505,1.688
-1.495,1.954
-1.944,1.997
-2.332,1.839
-2.569,1.619
-2.558,1.917
3.116,1.865
2.997,1.754
2.872,1.675
2.777,1.632
2.248,1.802
1.955,1.705
1.744,1.862
1.5,2.023
1.419,1.735
0.669,2.046
0.428,1.595
0.147,1.731
-0.275,1.757
-0.383,1.807
-0.372,1.685
-0.742,1.914
-1.048,1.537
-1.354,-1.091
-1.446,-1.854
-2.116,0.07
-2.099,-2.234
-2.542,-1.246
2.275,-2.081
1.794,-0.084
0.961,1.225
0.667,0.501
0.211,-1.368
-0.262,-1.707
1.199,-2.635
1.141,1.804
-0.708,1.571
-0.732,-0.626
-0.879,-0.944
-0.799,-1.083
-0.867,1.476
-0.98,-1.257
-1.109,1.073
-0.988,-2.2
-1.061,0.694
-1.083,-0.759
-1.085,0.582
-1.146,0.21
-1.238,0.685
-1.349,0.527
-1.258,-0.588
-1.457,1.376
-1.5,-0.722
-1.56,-1.502
-1.581,0.593
-1.731,-2.421
-1.791,-0.366
-1.696,-0.516
-1.806,-2.146
-1.917,0.018
-1.912,-0.371
-2.226,0.266
-2.113,1.264
-2.235,-0.465
-2.255,1.463
-2.314,1.373
-2.42,-0.796
-2.488,0.188
-2.505,-0.617
-2.739,1.514
-2.719,-2.306
-2.733,-2.1
-2.96,1.263
-2.87,-1.846
-3.068,-2.222
3.055,-0.251
3.058,-1.036
3.118,-1.255
3.106,-2.404
3.057,0.4
3.029,-1.304
2.884,-0.891
2.886,1.389
2.931,-1.352
2.48,-1.902
2.609,-1.334
2.504,-0.12
2.508,-1.115
2.382,-2.054
2.475,1.102
2.392,-0.873
2.353,0.929
2.174,-0.439
2.131,-0.457
2.131,1.397
2.194,0.772
2.043,-1.288
2.038,-1.303
2.171,-1.743
2.014,-0.586
2.122,1.503
2.108,0.362
1.973,-1.949
2.089,0.267
2.072,0.439
2.084,-1.348
1.984,-1.197
1.875,-0.096
1.805,0.669
1.882,-2.392
1.871,-0.009
1.749,1.55
1.702,-0.38
1.813,-2.107
1.735,-0.577
1.673,-0.857
1.486,1.215
1.521,-2.276
1.49,0.928
1.356,-1.81
1.453,-1.111
1.341,0.33
1.414,-2.093
1.241,-0.091
1.201,-2.233
1.319,0.398
1.183,-2.185
1.121,-2.161
0.985,-0.051
1.097,-1.02
0.974,-2.284
1.021,-2.436
1.017,-2.159
0.979,-1.084
0.815,0.51
0.644,1.204
0.533,-0.693
0.515,-0.969
0.509,-0.925
0.511,0.019
0.505,-0.034
0.483,-0.099
0.376,-0.267
0.344,-1.668
0.309,-0.175
0.246,-1.756
0.204,-0.959
0.146,-0.458
-0.165,-1.127
-0.06,-1.092
-0.331,-1.014
-0.209,-0.68
-0.26,-1.299
-0.383,-2.289
-0.576,1.367
-0.452,-0.406
-0.6,-0.182
-0.61,-2.117
-0.528,1.034
-0.695,-1.59
-0.698,0.475
-0.711,1.079
-0.808,-0.358
-0.717,-0.765
-1.005,-2.642
-1.475,-2.411
-1.708,-2.693
-2.023,-2.749
-2.141,-2.698
-2.551,-2.494
3.097,-2.761
2.62,-2.705
2.426,-2.556
0.762,-2.37
0.562,-2.657
0.525,-2.766
0.233,-2.599
0.29,-2.574
-0.813,-2.601
-0.997,1.58
-1.069,1.682
-1.495,1.867
-1.955,1.787
-3.08,1.884
2.834,1.581
2.971,1.587
2.613,1.624
2.736,1.705
2.501,1.922
2.334,1.895
2.212,1.622
1.822,1.74
1.677,1.657
1.792,2.02
1.799,1.738
1.315,1.901
0.983,2.049
0.72,1.972
0.288,1.832
-0.171,1.801
-0.277,1.847
-0.316,1.809
2.54,-0.56
2.092,-1.158
0.859,-2.325
0.597,-1.007
0.262,-0.322
-2.987,0.225
1.824,0.969
-0.257,-0.078
-0.278,-0.279
-0.334,0.065
-0.556,-1.398
-1.264,0.566
-2.244,-1.058
-2.339,-0.77
-2.488,-0.261
-2.223,-2.63
2.04,-2.154
1.821,1.689
0.056,1.265
-0.032,1.498
-0.26,1.425
-0.185,1.244
0.714,1.409
1.184,1.856
-0.064,-1.01
-0.2,-2.482
-0.269,-1.572
-0.306,-1.379
-0.246,-1.201
-0.268,-1.47
-0.335,-2.591
-0.362,-0.23
-0.367,-0.122
-0.446,-1.008
-0.416,-0.325
-0.494,1.045
-0.44,-0.869
-0.42,0.142
-0.499,-0.549
-0.46,-2.691
-0.505,-1.203
-0.447,-2.267
-0.486,-1.363
-0.597,-1.565
-0.604,-1.183
-0.672,-1.236
-0.619,-1.655
-0.646,-1.032
-0.699,-0.668
-0.667,-1.262
-0.65,-0.634
-0.668,-2.55
-0.683,-1.544
-0.711,-0.045
-0.711,-0.974
-0.709,-0.484
-0.746,0.002
-0.75,1.0
-0.779,-2.629
-1.475,-2.746
-1.523,-2.683
-2.407,-2.824
-2.758,-2.785
2.844,-2.917
2.861,-2.778
2.341,-3.02
2.331,-2.764
2.301,-2.815
1.215,-3.012
0.674,-2.773
0.477,-2.993
-0.085,-2.846
-0.493,-3.148
-0.86,1.616
-0.899,1.508
-1.082,1.341
-1.521,1.395
-1.511,1.661
-1.96,1.704
-2.348,1.546
-2.585,1.326
-2.574,1.624
3.1,1.572
2.981,1.461
2.856,1.382
2.761,1.339
2.232,1.509
1.939,1.412
1.728,1.569
1.484,1.73
1.403,1.442
0.653,1.753
0.412,1.302
0.131,1.438
-0.291,1.464
-0.399,1.514
-0.388,1.392
-0.758,1.621
-1.064,1.244
-1.37,-1.384
-1.462,-2.147
-2.132,-0.223
-2.115,-2.527
-2.558,-1.539
2.259,-2.374
1.778,-0.377
0.945,0.932
0.651,0.208
0.195,-1.661
-0.278,-2.0
1.183,-2.928
1.125,1.511
-0.724,1.278
-0.748,-0.919
-0.895,-1.237
-0.815,-1.376
-0.883,1.183
-0.996,-1.55
-1.125,0.78
-1.004,-2.493
-1.077,0.401
-1.099,-1.052
-1.101,0.289
-1.162,-0.083
-1.254,0.392
-1.365,0.234
-1.274,-0.881
-1.473,1.083
-1.516,-1.015
-1.576,-1.795
-1.597,0.3
-1.747,-2.714
-1.807,-0.659
-1.712,-0.809
-1.822,-2.439
-1.933,-0.275
-1.928,-0.664
-2.242,-0.027
-2.129,0.971
-2.251,-0.758
-2.271,1.17
-2.33,1.08
-2.436,-1.089
-2.504,-0.105
-2.521,-0.91
-2.755,1.221
-2.735,-2.599
-2.749,-2.393
-2.976,0.97
-2.886,-2.139
-3.084,-2.515
3.039,-0.544
3.042,-1.329
3.102,-1.548
3.09,-2.697
3.041,0.107
3.013,-1.597
2.868,-1.184
2.87,1.096
2.915,-1.645
2.464,-2.195
2.593,-1.627
2.488,-0.413
2.492,-1.408
2.366,-2.347
2.459,0.809
2.376,-1.166
2.337,0.636
2.158,-0.732
2.115,-0.75
2.115,1.104
2.178,0.479
2.027,-1.581
2.022,-1.596
2.155,-2.036
1.998,-0.879
2.106,1.21
2.092,0.069
1.957,-2.242
2.073,-0.026
2.056,0.146
2.068,-1.641
1.968,-1.49
1.859,-0.389
1.789,0.376
1.866,-2.685
1.855,-0.302
1.733,1.257
1.686,-0.673
1.797,-2.4
1.719,-0.87
1.657,-1.15
1.47,0.922
1.505,-2.569
1.474,0.635
1.34,-2.103
1.437,-1.404
1.325,0.037
1.398,-2.386
1.225,-0.384
1.185,-2.526
1.303,0.105
1.167,-2.478
1.105,-2.454
0.969,-0.344
1.081,-1.313
0.958,-2.577
1.005,-2.729
1.001,-2.452
0.963,-1.377
0.799,0.217
0.628,0.911
0.517,-0.986
0.499,-1.262
0.493,-1.218
0.495,-0.274
0.489,-0.327
0.467,-0.392
0.36,-0.56
0.328,-1.961
0.293,-0.468
0.23,-2.049
0.188,-1.252
0.13,-0.751
-0.181,-1.42
-0.076,-1.385
-0.347,-1.307
-0.225,-0.973
-0.276,-1.592
-0.399,-2.582
-0.592,1.074
-0.468,-0.699
-0.616,-0.475
-0.626,-2.41
-0.544,0.741
-0.711,-1.883
-0.714,0.182
-0.727,0.786
-0.824,-0.651
-0.733,-1.058
-1.021,-2.935
-1.491,-2.704
-1.724,-2.986
-2.039,-3.042
-2.157,-2.991
-2.567,-2.787
3.081,-3.054
2.604,-2.998
2.41,-2.849
0.746,-2.663
0.546,-2.95
0.509,-3.059
0.217,-2.892
0.274,-2.867
-0.829,-2.894
-1.013,1.287
-1.085,1.389
-1.511,1.574
-1.971,1.494
-3.096,1.591
2.818,1.288
2.955,1.294
2.597,1.331
2.72,1.412
2.485,1.629
2.318,1.602
2.196,1.329
1.806,1.447
1.661,1.364
1.776,1.727
1.783,1.445
1.299,1.608
0.967,1.756
0.704,1.679
0.272,1.539
-0.187,1.508
-0.293,1.554
-0.332,1.516
2.524,-0.853
2.076,-1.451
0.843,-2.618
0.581,-1.3
0.246,-0.615
-3.003,-0.068
1.808,0.676
-0.273,-0.371
-0.294,-0.572
-0.35,-0.228
-0.572,-1.691
-1.28,0.273
-2.26,-1.351
-2.355,-1.063
-2.504,-0.554
-2.239,-2.923
2.024,-2.447
1.805,1.396
0.04,0.972
-0.048,1.205
-0.276,1.132
-0.201,0.951
0.698,1.116
1.168,1.563
-0.136,-1.472
-0.205,-0.562
-0.242,-0.369
-0.182,-0.191
-0.204,-0.46
-0.271,-1.581
-0.298,0.78
-0.303,0.888
-0.382,0.002
-0.352,0.685
-0.43,2.055
-0.376,0.141
-0.356,1.152
-0.435,0.461
-0.396,-1.681
-0.441,-0.193
-0.383,-1.257
-0.422,-0.353
-0.533,-0.555
-0.54,-0.173
-0.608,-0.226
-0.555,-0.645
-0.582,-0.022
-0.635,0.342
-0.603,-0.252
-0.586,0.376
-0.604,-1.54
-0.619,-0.534
-0.647,0.965
-0.647,0.036
-0.645,0.526
-0.682,1.012
-0.686,2.01
-0.715,-1.619
-1.411,-1.736
-1.459,-1.673
-2.343,-1.814
-2.694,-1.775
2.908,-1.907
2.925,-1.768
2.405,-2.01
2.395,-1.754
2.365,-1.805
1.279,-2.002
0.738,-1.763
0.541,-1.983
-0.021,-1.836
-0.429,-2.138
-0.796,2.626
-0.835,2.518
-1.018,2.351
-1.457,2.405
-1.447,2.671
-1.896,2.714
-2.284,2.556
-2.521,2.336
-2.51,2.634
-3.119,2.582
3.045,2.471
2.92,2.392
2.825,2.349
2.296,2.519
2.003,2.422
1.792,2.579
1.548,2.74
1.467,2.452
0.717,2.763
0.476,2.312
0.195,2.448
-0.227,2.474
-0.335,2.524
-0.324,2.402
-0.694,2.631
-1.0,2.254
-1.306,-0.374
-1.398,-1.137
-2.068,0.787
-2.051,-1.517
-2.494,-0.529
2.323,-1.364
1.842,0.633
1.009,1.942
0.715,1.218
0.259,-0.651
-0.214,-0.99
1.247,-1.918
1.189,2.521
-0.66,2.288
-0.684,0.091
-0.831,-0.227
-0.751,-0.366
-0.819,2.193
-0.932,-0.54
-1.061,1.79
-0.94,-1.483
-1.013,1.411
-1.035,-0.042
-1.037,1.299
-1.098,0.927
-1.19,1.402
-1.301,1.244
-1.21,0.129
-1.409,2.093
-1.452,-0.005
-1.512,-0.785
-1.533,1.31
-1.683,-1.704
-1.743,0.351
-1.648,0.201
-1.758,-1.429
-1.869,0.735
-1.864,0.346
-2.178,0.983
-2.065,1.981
-2.187,0.252
-2.207,2.18
-2.266,2.09
-2.372,-0.079
-2.44,0.905
-2.457,0.1
-2.691,2.231
-2.671,-1.589
-2.685,-1.383
-2.912,1.98
-2.822,-1.129
-3.02,-1.505
3.103,0.466
3.106,-0.319
-3.117,-0.538
-3.129,-1.687
3.105,1.117
3.077,-0.587
2.932,-0.174
2.934,2.106
2.979,-0.635
2.528,-1.185
2.657,-0.617
2.552,0.597
2.556,-0.398
2.43,-1.337
2.523,1.819
2.44,-0.156
2.401,1.646
2.222,0.278
2.179,0.26
2.179,2.114
2.242,1.489
2.091,-0.571
2.086,-0.586
2.219,-1.026
2.062,0.131
2.17,2.22
2.156,1.079
2.021,-1.232
2.137,0.984
2.12,1.156
2.132,-0.631
2.032,-0.48
1.923,0.621
1.853,1.386
1.93,-1.675
1.919,0.708
1.797,2.267
1.75,0.337
1.861,-1.39
1.783,0.14
1.721,-0.14
1.534,1.932
1.569,-1.559
1.538,1.645
1.404,-1.093
1.501,-0.394
1.389,1.047
1.462,-1.376
1.289,0.626
1.249,-1.516
1.367,1.115
1.231,-1.468
1.169,-1.444
1.033,0.666
1.145,-0.303
1.022,-1.567
1.069,-1.719
1.065,-1.442
1.027,-0.367
0.863,1.227
0.692,1.921
0.581,0.024
0.563,-0.252
0.557,-0.208
0.559,0.736
0.553,0.683
0.531,0.618
0.424,0.45
0.392,-0.951
0.357,0.542
0.294,-1.039
0.252,-0.242
0.194,0.259
-0.117,-0.41
-0.012,-0.375
-0.283,-0.297
-0.161,0.037
-0.212,-0.582
-0.335,-1.572
-0.528,2.084
-0.404,0.311
-0.552,0.535
-0.562,-1.4
-0.48,1.751
-0.647,-0.873
-0.65,1.192
-0.663,1.796
-0.76,0.359
-0.669,-0.048
-0.957,-1.925
-1.427,-1.694
-1.66,-1.976
-1.975,-2.032
-2.093,-1.981
-2.503,-1.777
-3.138,-2.044
2.668,-1.988
2.474,-1.839
0.81,-1.653
0.61,-1.94
0.573,-2.049
0.281,-1.882
0.338,-1.857
-0.765,-1.884
-0.949,2.297
-1.021,2.399
-1.447,2.584
-1.907,2.504
-3.032,2.601
2.882,2.298
3.019,2.304
2.661,2.341
2.784,2.422
2.549,2.639
2.382,2.612
2.26,2.339
1.87,2.457
1.725,2.374
1.84,2.737
1.847,2.455
1.363,2.618
1.031,2.766
0.768,2.689
0.336,2.549
-0.123,2.518
-0.229,2.564
-0.268,2.526
2.588,0.157
2.14,-0.441
0.907,-1.608
0.645,-0.29
0.31,0.395
-2.939,0.942
1.872,1.686
-0.209,0.639
-0.23,0.438
-0.286,0.782
-0.508,-0.681
-1.216,1.283
-2.196,-0.341
-2.291,-0.053
-2.44,0.456
-2.175,-1.913
2.088,-1.437
1.869,2.406
0.104,1.982
0.016,2.215
-0.212,2.142
-0.137,1.961
0.762,2.126
1.232,2.573
-0.069,0.91
-0.106,1.103
-0.046,1.281
-0.068,1.012
-0.135,-0.109
-0.162,2.252
-0.167,2.36
-0.246,1.474
-0.216,2.157
-0.294,3.527
-0.24,1.613
-0.22,2.624
-0.299,1.933
-0.26,-0.209
-0.305,1.279
-0.247,0.215
-0.286,1.119
-0.397,0.917
-0.404,1.299
-0.472,1.246
-0.419,0.827
-0.446,1.45
-0.499,1.814
-0.467,1.22
-0.45,1.848
-0.468,-0.068
-0.483,0.938
-0.511,2.437
-0.511,1.508
-0.509,1.998
-0.546,2.484
-0.55,3.482
-0.579,-0.147
-1.275,-0.264
-1.323,-0.201
-2.207,-0.342
-2.558,-0.303
3.044,-0.435
3.061,-0.296
2.541,-0.538
2.531,-0.282
2.501,-0.333
1.415,-0.53
0.874,-0.291
0.677,-0.511
0.115,-0.364
-0.293,-0.666
-0.66,4.098
-0.699,3.99
-0.882,3.823
-1.321,3.877
-1.311,4.143
-1.76,4.186
-2.148,4.028
-2.385,3.808
-2.374,4.106
-2.983,4.054
-3.102,3.943
3.056,3.864
2.961,3.821
2.432,3.991
2.139,3.894
1.928,4.051
1.684,4.212
1.603,3.924
0.853,4.235
0.612,3.784
0.331,3.92
-0.091,3.946
-0.199,3.996
-0.188,3.874
-0.558,4.103
-0.864,3.726
-1.17,1.098
-1.262,0.335
-1.932,2.259
-1.915,-0.045
-2.358,0.943
2.459,0.108
1.978,2.105
1.145,3.414
0.851,2.69
0.395,0.821
-0.078,0.482
1.383,-0.446
1.325,3.993
-0.524,3.76
-0.548,1.563
-0.695,1.245
-0.615,1.106
-0.683,3.665
-0.796,0.932
-0.925,3.262
-0.804,-0.011
-0.877,2.883
-0.899,1.43
-0.901,2.771
-0.962,2.399
-1.054,2.874
-1.165,2.716
-1.074,1.601
-1.273,3.565
-1.316,1.467
-1.376,0.687
-1.397,2.782
-1.547,-0.232
-1.607,1.823
-1.512,1.673
-1.622,0.043
-1.733,2.207
-1.728,1.818
-2.042,2.455
-1.929,3.453
-2.051,1.724
-2.071,3.652
-2.13,3.562
-2.236,1.393
-2.304,2.377
-2.321,1.572
-2.555,3.703
-2.535,-0.117
-2.549,0.089
-2.776,3.452
-2.686,0.343
-2.884,-0.033
-3.044,1.938
-3.041,1.153
-2.981,0.934
-2.993,-0.215
-3.042,2.589
-3.07,0.885
3.068,1.298
3.07,3.578
3.115,0.837
2.664,0.287
2.793,0.855
2.688,2.069
2.692,1.074
2.566,0.135
2.659,3.291
2.576,1.316
2.537,3.118
2.358,1.75
2.315,1.732
2.315,3.586
2.378,2.961
2.227,0.901
2.222,0.886
2.355,0.446
2.198,1.603
2.306,3.692
2.292,2.551
2.157,0.24
2.273,2.456
2.256,2.628
2.268,0.841
2.168,0.992
2.059,2.093
1.989,2.858
2.066,-0.203
2.055,2.18
1.933,3.739
1.886,1.809
1.997,0.082
1.919,1.612
1.857,1.332
1.67,3.404
1.705,-0.087
1.674,3.117
1.54,0.379
1.637,1.078
1.525,2.519
1.598,0.096
1.425,2.098
1.385,-0.044
1.503,2.587
1.367,0.004
1.305,0.028
1.169,2.138
1.281,1.169
1.158,-0.095
1.205,-0.247
1.201,0.03
1.163,1.105
0.999,2.699
0.828,3.393
0.717,1.496
0.699,1.22
0.693,1.264
0.695,2.208
0.689,2.155
0.667,2.09
0.56,1.922
0.528,0.521
0.493,2.014
0.43,0.433
0.388,1.23
0.33,1.731
0.019,1.062
0.124,1.097
-0.147,1.175
-0.025,1.509
-0.076,0.89
-0.199,-0.1
-0.392,3.556
-0.268,1.783
-0.416,2.007
-0.426,0.072
-0.344,3.223
-0.511,0.599
-0.514,2.664
-0.527,3.268
-0.624,1.831
-0.533,1.424
-0.821,-0.453
-1.291,-0.222
-1.524,-0.504
-1.839,-0.56
-1.957,-0.509
-2.367,-0.305
-3.002,-0.572
2.804,-0.516
2.61,-0.367
0.946,-0.181
0.746,-0.468
0.709,-0.577
0.417,-0.41
0.474,-0.385
-0.629,-0.412
-0.813,3.769
-0.885,3.871
-1.311,4.056
-1.771,3.976
-2.896,4.073
3.018,3.77
-3.128,3.776
2.797,3.813
2.92,3.894
2.685,4.111
2.518,4.084
2.396,3.811
2.006,3.929
1.861,3.846
1.976,4.209
1.983,3.927
1.499,4.09
1.167,4.238
0.904,4.161
0.472,4.021
0.013,3.99
-0.093,4.036
-0.132,3.998
2.724,1.629
2.276,1.031
1.043,-0.136
0.781,1.182
0.446,1.867
-2.803,2.414
2.008,3.158
-0.073,2.111
-0.094,1.91
-0.15,2.254
-0.372,0.791
-1.08,2.755
-2.06,1.131
-2.155,1.419
-2.304,1.928
-2.039,-0.441
2.224,0.035
2.005,3.878
0.24,3.454
0.152,3.687
-0.076,3.614
-0.001,3.433
0.898,3.598
1.368,4.045
-0.037,0.193
0.023,0.371
0.001,0.102
-0.066,-1.019
-0.093,1.342
-0.098,1.45
-0.177,0.564
-0.147,1.247
-0.225,2.617
-0.171,0.703
-0.151,1.714
-0.23,1.023
-0.191,-1.119
-0.236,0.369
-0.178,-0.695
-0.217,0.209
-0.328,0.007
-0.335,0.389
-0.403,0.336
-0.35,-0.083
-0.377,0.54
-0.43,0.904
-0.398,0.31
-0.381,0.938
-0.399,-0.978
-0.414,0.028
-0.442,1.527
-0.442,0.598
-0.44,1.088
-0.477,1.574
-0.481,2.572
-0.51,-1.057
-1.206,-1.174
-1.254,-1.111
-2.138,-1.252
-2.489,-1.213
3.113,-1.345
3.13,-1.206
2.61,-1.448
2.6,-1.192
2.57,-1.243
1.484,-1.44
0.943,-1.201
0.746,-1.421
0.184,-1.274
-0.224,-1.576
-0.591,3.188
-0.63,3.08
-0.813,2.913
-1.252,2.967
-1.242,3.233
-1.691,3.276
-2.079,3.118
-2.316,2.898
-2.305,3.196
-2.914,3.144
-3.033,3.033
3.125,2.954
3.03,2.911
2.501,3.081
2.208,2.984
1.997,3.141
1.753,3.302
1.672,3.014
0.922,3.325
0.681,2.874
0.4,3.01
-0.022,3.036
-0.13,3.086
-0.119,2.964
-0.489,3.193
-0.795,2.816
-1.101,0.188
-1.193,-0.575
-1.863,1.349
-1.846,-0.955
-2.289,0.033
2.528,-0.802
2.047,1.195
1.214,2.504
0.92,1.78
0.464,-0.089
-0.009,-0.428
1.452,-1.356
1.394,3.083
-0.455,2.85
-0.479,0.653
-0.626,0.335
-0.546,0.196
-0.614,2.755
-0.727,0.022
-0.856,2.352
-0.735,-0.921
-0.808,1.973
-0.83,0.52
-0.832,1.861
-0.893,1.489
-0.985,1.964
-1.096,1.806
-1.005,0.691
-1.204,2.655
-1.247,0.557
-1.307,-0.223
-1.328,1.872
-1.478,-1.142
-1.538,0.913
-1.443,0.763
-1.553,-0.867
-1.664,1.297
-1.659,0.908
-1.973,1.545
-1.86,2.543
-1.982,0.814
-2.002,2.742
-2.061,2.652
-2.167,0.483
-2.235,1.467
-2.252,0.662
-2.486,2.793
-2.466,-1.027
-2.48,-0.821
-2.707,2.542
-2.617,-0.567
-2.815,-0.943
-2.975,1.028
-2.972,0.243
-2.912,0.024
-2.924,-1.125
-2.973,1.679
-3.001,-0.025
3.137,0.388
3.139,2.668
-3.099,-0.073
2.733,-0.623
2.862,-0.055
2.757,1.159
2.761,0.164
2.635,-0.775
2.728,2.381
2.645,0.406
2.606,2.208
2.427,0.84
2.384,0.822
2.384,2.676
2.447,2.051
2.296,-0.009
2.291,-0.024
2.424,-0.464
2.267,0.693
2.375,2.782
2.361,1.641
2.226,-0.67
2.342,1.546
2.325,1.718
2.337,-0.069
2.237,0.082
2.128,1.183
2.058,1.948
2.135,-1.113
2.124,1.27
2.002,2.829
1.955,0.899
2.066,-0.828
1.988,0.702
1.926,0.422
1.739,2.494
1.774,-0.997
1.743,2.207
1.609,-0.531
1.706,0.168
1.594,1.609
1.667,-0.814
1.494,1.188
1.454,-0.954
1.572,1.677
1.436,-0.906
1.374,-0.882
1.238,1.228
1.35,0.259
1.227,-1.005
1.274,-1.157
1.27,-0.88
1.232,0.195
1.068,1.789
0.897,2.483
0.786,0.586
0.768,0.31
0.762,0.354
0.764,1.298
0.758,1.245
0.736,1.18
0.629,1.012
0.597,-0.389
0.562,1.104
0.499,-0.477
0.457,0.32
0.399,0.821
0.088,0.152
0.193,0.187
-0.078,0.265
0.044,0.599
-0.007,-0.02
-0.13,-1.01
-0.323,2.646
-0.199,0.873
-0.347,1.097
-0.357,-0.838
-0.275,2.313
-0.442,-0.311
-0.445,1.754
-0.458,2.358
-0.555,0.921
-0.464,0.514
-0.752,-1.363
-1.222,-1.132
-1.455,-1.414
-1.77,-1.47
-1.888,-1.419
-2.298,-1.215
-2.933,-1.482
2.873,-1.426
2.679,-1.277
1.015,-1.091
0.815,-1.378
0.778,-1.487
0.486,-1.32
0.543,-1.295
-0.56,-1.322
-0.744,2.859
-0.816,2.961
-1.242,3.146
-1.702,3.066
-2.827,3.163
3.087,2.86
-3.059,2.866
2.866,2.903
2.989,2.984
2.754,3.201
2.587,3.174
2.465,2.901
2.075,3.019
1.93,2.936
2.045,3.299
2.052,3.017
1.568,3.18
1.236,3.328
0.973,3.251
0.541,3.111
0.082,3.08
-0.024,3.126
-0.063,3.088
2.793,0.719
2.345,0.121
1.112,-1.046
0.85,0.272
0.515,0.957
-2.734,1.504
2.077,2.248
-0.004,1.201
-0.025,1.0
-0.081,1.344
-0.303,-0.119
-1.011,1.845
-1.991,0.221
-2.086,0.509
-2.235,1.018
-1.97,-1.351
2.293,-0.875
2.074,2.968
0.309,2.544
0.221,2.777
-0.007,2.704
0.068,2.523
0.967,2.688
1.437,3.135
0.06,0.178
0.038,-0.091
-0.029,-1.212
-0.056,1.149
-0.061,1.257
-0.14,0.371
-0.11,1.054
-0.188,2.424
-0.134,0.51
-0.114,1.521
-0.193,0.83
-0.154,-1.312
-0.199,0.176
-0.141,-0.888
-0.18,0.016
-0.291,-0.186
-0.298,0.196
-0.366,0.143
-0.313,-0.276
-0.34,0.347
-0.393,0.711
-0.361,0.117
-0.344,0.745
-0.362,-1.171
-0.377,-0.165
-0.405,1.334
-0.405,0.405
-0.403,0.895
-0.44,1.381
-0.444,2.379
-0.473,-1.25
-1.169,-1.367
-1.217,-1.304
-2.101,-1.445
-2.452,-1.406
-3.133,-1.538
-3.116,-1.399
2.647,-1.641
2.637,-1.385
2.607,-1.436
1.521,-1.633
0.98,-1.394
0.783,-1.614
0.221,-1.467
-0.187,-1.769
-0.554,2.995
-0.593,2.887
-0.776,2.72
-1.215,2.774
-1.205,3.04
-1.654,3.083
-2.042,2.925
-2.279,2.705
-2.268,3.003
-2.877,2.951
-2.996,2.84
-3.121,2.761
3.067,2.718
2.538,2.888
2.245,2.791
2.034,2.948
1.79,3.109
1.709,2.821
0.959,3.132
0.718,2.681
0.437,2.817
0.015,2.843
-0.093,2.893
-0.082,2.771
-0.452,3.0
-0.758,2.623
-1.064,-0.005
-1.156,-0.768
-1.826,1.156
-1.809,-1.148
-2.252,-0.16
2.565,-0.995
2.084,1.002
1.251,2.311
0.957,1.587
0.501,-0.282
0.028,-0.621
1.489,-1.549
1.431,2.89
-0.418,2.657
-0.442,0.46
-0.589,0.142
-0.509,0.003
-0.577,2.562
-0.69,-0.171
-0.819,2.159
-0.698,-1.114
-0.771,1.78
-0.793,0.327
-0.795,1.668
-0.856,1.296
-0.948,1.771
-1.059,1.613
-0.968,0.498
-1.167,2.462
-1.21,0.364
-1.27,-0.416
-1.291,1.679
-1.441,-1.335
-1.501,0.72
-1.406,0.57
-1.516,-1.06
-1.627,1.104
-1.622,0.715
-1.936,1.352
-1.823,2.35
-1.945,0.621
-1.965,2.549
-2.024,2.459
-2.13,0.29
-2.198,1.274
-2.215,0.469
-2.449,2.6
-2.429,-1.22
-2.443,-1.014
-2.67,2.349
-2.58,-0.76
-2.778,-1.136
-2.938,0.835
-2.935,0.05
-2.875,-0.169
-2.887,-1.318
-2.936,1.486
-2.964,-0.218
-3.109,0.195
-3.107,2.475
-3.062,-0.266
2.77,-0.816
2.899,-0.248
2.794,0.966
2.798,-0.029
2.672,-0.968
2.765,2.188
2.682,0.213
2.643,2.015
2.464,0.647
2.421,0.629
2.421,2.483
2.484,1.858
2.333,-0.202
2.328,-0.217
2.461,-0.657
2.304,0.5
2.412,2.589
2.398,1.448
2.263,-0.863
2.379,1.353
2.362,1.525
2.374,-0.262
2.274,-0.111
2.165,0.99
2.095,1.755
2.172,-1.306
2.161,1.077
2.039,2.636
1.992,0.706
2.103,-1.021
2.025,0.509
1.963,0.229
1.776,2.301
1.811,-1.19
1.78,2.014
1.646,-0.724
1.743,-0.025
1.631,1.416
1.704,-1.007
1.531,0.995
1.491,-1.147
1.609,1.484
1.473,-1.099
1.411,-1.075
1.275,1.035
1.387,0.066
1.264,-1.198
1.311,-1.35
1.307,-1.073
1.269,0.002
1.105,1.596
0.934,2.29
0.823,0.393
0.805,0.117
0.799,0.161
0.801,1.105
0.795,1.052
0.773,0.987
0.666,0.819
0.634,-0.582
0.599,0.911
0.536,-0.67
0.494,0.127
0.436,0.628
0.125,-0.041
0.23,-0.006
-0.041,0.072
0.081,0.406
0.03,-0.213
-0.093,-1.203
-0.286,2.453
-0.162,0.68
-0.31,0.904
-0.32,-1.031
-0.238,2.12
-0.405,-0.504
-0.408,1.561
-0.421,2.165
-0.518,0.728
-0.427,0.321
-0.715,-1.556
-1.185,-1.325
-1.418,-1.607
-1.733,-1.663
-1.851,-1.612
-2.261,-1.408
-2.896,-1.675
2.91,-1.619
2.716,-1.47
1.052,-1.284
0.852,-1.571
0.815,-1.68
0.523,-1.513
0.58,-1.488
-0.523,-1.515
-0.707,2.666
-0.779,2.768
-1.205,2.953
-1.665,2.873
-2.79,2.97
3.124,2.667
-3.022,2.673
2.903,2.71
3.026,2.791
2.791,3.008
2.624,2.981
2.502,2.708
2.112,2.826
1.967,2.743
2.082,3.106
2.089,2.824
1.605,2.987
1.273,3.135
1.01,3.058
0.578,2.918
0.119,2.887
0.013,2.933
-0.026,2.895
2.83,0.526
2.382,-0.072
1.149,-1.239
0.887,0.079
0.552,0.764
-2.697,1.311
2.114,2.055
0.033,1.008
0.012,0.807
-0.044,1.151
-0.266,-0.312
-0.974,1.652
-1.954,0.028
-2.049,0.316
-2.198,0.825
-1.933,-1.544
2.33,-1.068
2.111,2.775
0.346,2.351
0.258,2.584
0.03,2.511
0.105,2.33
1.004,2.495
1.474,2.942
-0.022,-0.269
-0.089,-1.39
-0.116,0.971
-0.121,1.079
-0.2,0.193
-0.17,0.876
-0.248,2.246
-0.194,0.332
-0.174,1.343
-0.253,0.652
-0.214,-1.49
-0.259,-0.002
-0.201,-1.066
-0.24,-0.162
-0.351,-0.364
-0.358,0.018
-0.426,-0.035
-0.373,-0.454
-0.4,0.169
-0.453,0.533
-0.421,-0.061
-0.404,0.567
-0.422,-1.349
-0.437,-0.343
-0.465,1.156
-0.465,0.227
-0.463,0.717
-0.5,1.203
-0.504,2.201
-0.533,-1.428
-1.229,-1.545
-1.277,-1.482
-2.161,-1.623
-2.512,-1.584
3.09,-1.716
3.107,-1.577
2.587,-1.819
2.577,-1.563
2.547,-1.614
1.461,-1.811
0.92,-1.572
0.723,-1.792
0.161,-1.645
-0.247,-1.947
-0.614,2.817
-0.653,2.709
-0.836,2.542
-1.275,2.596
-1.265,2.862
-1.714,2.905
-2.102,2.747
-2.339,2.527
-2.328,2.825
-2.937,2.773
-3.056,2.662
3.102,2.583
3.007,2.54
2.478,2.71
2.185,2.613
1.974,2.77
1.73,2.931
1.649,2.643
0.899,2.954
0.658,2.503
0.377,2.639
-0.045,2.665
-0.153,2.715
-0.142,2.593
-0.512,2.822
-0.818,2.445
-1.124,-0.183
-1.216,-0.946
-1.886,0.978
-1.869,-1.326
-2.312,-0.338
2.505,-1.173
2.024,0.824
1.191,2.133
0.897,1.409
0.441,-0.46
-0.032,-0.799
1.429,-1.727
1.371,2.712
-0.478,2.479
-0.502,0.282
-0.649,-0.036
-0.569,-0.175
-0.637,2.384
-0.75,-0.349
-0.879,1.981
-0.758,-1.292
-0.831,1.602
-0.853,0.149
-0.855,1.49
-0.916,1.118
-1.008,1.593
-1.119,1.435
-1.028,0.32
-1.227,2.284
-1.27,0.186
-1.33,-0.594
-1.351,1.501
-1.501,-1.513
-1.561,0.542
-1.466,0.392
-1.576,-1.238
-1.687,0.926
-1.682,0.537
-1.996,1.174
-1.883,2.172
-2.005,0.443
-2.025,2.371
-2.084,2.281
-2.19,0.112
-2.258,1.096
-2.275,0.291
-2.509,2.422
-2.489,-1.398
-2.503,-1.192
-2.73,2.171
-2.64,-0.938
-2.838,-1.314
-2.998,0.657
-2.995,-0.128
-2.935,-0.347
-2.947,-1.496
-2.996,1.308
-3.024,-0.396
3.114,0.017
3.116,2.297
-3.122,-0.444
2.71,-0.994
2.839,-0.426
2.734,0.788
2.738,-0.207
2.612,-1.146
2.705,2.01
2.622,0.035
2.583,1.837
2.404,0.469
2.361,0.451
2.361,2.305
2.424,1.68
2.273,-0.38
2.268,-0.395
2.401,-0.835
2.244,0.322
2.352,2.411
2.338,1.27
2.203,-1.041
2.319,1.175
2.302,1.347
2.314,-0.44
2.214,-0.289
2.105,0.812
2.035,1.577
2.112,-1.484
2.101,0.899
1.979,2.458
1.932,0.528
2.043,-1.199
1.965,0.331
1.903,0.051
1.716,2.123
1.751,-1.368
1.72,1.836
1.586,-0.902
1.683,-0.203
1.571,1.238
1.644,-1.185
1.471,0.817
1.431,-1.325
1.549,1.306
1.413,-1.277
1.351,-1.253
1.215,0.857
1.327,-0.112
1.204,-1.376
1.251,-1.528
1.247,-1.251
1.209,-0.176
1.045,1.418
0.874,2.112
0.763,0.215
0.745,-0.061
0.739,-0.017
0.741,0.927
0.735,0.874
0.713,0.809
0.606,0.641
0.574,-0.76
0.539,0.733
0.476,-0.848
0.434,-0.051
0.376,0.45
0.065,-0.219
0.17,-0.184
-0.101,-0.106
0.021,0.228
-0.03,-0.391
-0.153,-1.381
-0.346,2.275
-0.222,0.502
-0.37,0.726
-0.38,-1.209
-0.298,1.942
-0.465,-0.682
-0.468,1.383
-0.481,1.987
-0.578,0.55
-0.487,0.143
-0.775,-1.734
-1.245,-1.503
-1.478,-1.785
-1.793,-1.841
-1.911,-1.79
-2.321,-1.586
-2.956,-1.853
2.85,-1.797
2.656,-1.648
0.992,-1.462
0.792,-1.749
0.755,-1.858
0.463,-1.691
0.52,-1.666
-0.583,-1.693
-0.767,2.488
-0.839,2.59
-1.265,2.775
-1.725,2.695
-2.85,2.792
3.064,2.489
-3.082,2.495
2.843,2.532
2.966,2.613
2.731,2.83
2.564,2.803
2.442,2.53
2.052,2.648
1.907,2.565
2.022,2.928
2.029,2.646
1.545,2.809
1.213,2.957
0.95,2.88
0.518,2.74
0.059,2.709
-0.047,2.755
-0.086,2.717
2.77,0.348
2.322,-0.25
1.089,-1.417
0.827,-0.099
0.492,0.586
-2.757,1.133
2.054,1.877
-0.027,0.83
-0.048,0.629
-0.104,0.973
-0.326,-0.49
-1.034,1.474
-2.014,-0.15
-2.109,0.138
-2.258,0.647
-1.993,-1.722
2.27,-1.246
2.051,2.597
0.286,2.173
0.198,2.406
-0.03,2.333
0.045,2.152
0.944,2.317
1.414,2.764
-0.067,-1.121
-0.094,1.24
-0.099,1.348
-0.178,0.462
-0.148,1.145
-0.226,2.515
-0.172,0.601
-0.152,1.612
-0.231,0.921
-0.192,-1.221
-0.237,0.267
-0.179,-0.797
-0.218,0.107
-0.329,-0.095
-0.336,0.287
-0.404,0.234
-0.351,-0.185
-0.378,0.438
-0.431,0.802
-0.399,0.208
-0.382,0.836
-0.4,-1.08
-0.415,-0.074
-0.443,1.425
-0.443,0.496
-0.441,0.986
-0.478,1.472
-0.482,2.47
-0.511,-1.159
-1.207,-1.276
-1.255,-1.213
-2.139,-1.354
-2.49,-1.315
3.112,-1.447
3.129,-1.308
2.609,-1.55
2.599,-1.294
2.569,-1.345
1.483,-1.542
0.942,-1.303
0.745,-1.523
0.183,-1.376
-0.225,-1.678
-0.592,3.086
-0.631,2.978
-0.814,2.811
-1.253,2.865
-1.243,3.131
-1.692,3.174
-2.08,3.016
-2.317,2.796
-2.306,3.094
-2.915,3.042
-3.034,2.931
3.124,2.852
3.029,2.809
2.5,2.979
2.207,2.882
1.996,3.039
1.752,3.2
1.671,2.912
0.921,3.223
0.68,2.772
0.399,2.908
-0.023,2.934
-0.131,2.984
-0.12,2.862
-0.49,3.091
-0.796,2.714
-1.102,0.086
-1.194,-0.677
-1.864,1.247
-1.847,-1.057
-2.29,-0.069
2.527,-0.904
2.046,1.093
1.213,2.402
0.919,1.678
0.463,-0.191
-0.01,-0.53
1.451,-1.458
1.393,2.981
-0.456,2.748
-0.48,0.551
-0.627,0.233
-0.547,0.094
-0.615,2.653
-0.728,-0.08
-0.857,2.25
-0.736,-1.023
-0.809,1.871
-0.831,0.418
-0.833,1.759
-0.894,1.387
-0.986,1.862
-1.097,1.704
-1.006,0.589
-1.205,2.553
-1.248,0.455
-1.308,-0.325
-1.329,1.77
-1.479,-1.244
-1.539,0.811
-1.444,0.661
-1.554,-0.969
-1.665,1.195
-1.66,0.806
-1.974,1.443
-1.861,2.441
-1.983,0.712
-2.003,2.64
-2.062,2.55
-2.168,0.381
-2.236,1.365
-2.253,0.56
-2.487,2.691
-2.467,-1.129
-2.481,-0.923
-2.708,2.44
-2.618,-0.669
-2.816,-1.045
-2.976,0.926
-2.973,0.141
-2.913,-0.078
-2.925,-1.227
-2.974,1.577
-3.002,-0.127
3.136,0.286
3.138,2.566
-3.1,-0.175
2.732,-0.725
2.861,-0.157
2.756,1.057
2.76,0.062
2.634,-0.877
2.727,2.279
2.644,0.304
2.605,2.106
2.426,0.738
2.383,0.72
2.383,2.574
2.446,1.949
2.295,-0.111
2.29,-0.126
2.423,-0.566
2.266,0.591
2.374,2.68
2.36,1.539
2.225,-0.772
2.341,1.444
2.324,1.616
2.336,-0.171
2.236,-0.02
2.127,1.081
2.057,1.846
2.134,-1.215
2.123,1.168
2.001,2.727
1.954,0.797
2.065,-0.93
1.987,0.6
1.925,0.32
1.738,2.392
1.773,-1.099
1.742,2.105
1.608,-0.633
1.705,0.066
1.593,1.507
1.666,-0.916
1.493,1.086
1.453,-1.056
1.571,1.575
1.435,-1.008
1.373,-0.984
1.237,1.126
1.349,0.157
1.226,-1.107
1.273,-1.259
1.269,-0.982
1.231,0.093
1.067,1.687
0.896,2.381
0.785,0.484
0.767,0.208
0.761,0.252
0.763,1.196
0.757,1.143
0.735,1.078
0.628,0.91
0.596,-0.491
0.561,1.002
0.498,-0.579
0.456,0.218
0.398,0.719
0.087,0.05
0.192,0.085
-0.079,0.163
0.043,0.497
-0.008,-0.122
-0.131,-1.112
-0.324,2.544
-0.2,0.771
-0.348,0.995
-0.358,-0.94
-0.276,2.211
-0.443,-0.413
-0.446,1.652
-0.459,2.256
-0.556,0.819
-0.465,0.412
-0.753,-1.465
-1.223,-1.234
-1.456,-1.516
-1.771,-1.572
-1.889,-1.521
-2.299,-1.317
-2.934,-1.584
2.872,-1.528
2.678,-1.379
1.014,-1.193
0.814,-1.48
0.777,-1.589
0.485,-1.422
0.542,-1.397
-0.561,-1.424
-0.745,2.757
-0.817,2.859
-1.243,3.044
-1.703,2.964
-2.828,3.061
3.086,2.758
-3.06,2.764
2.865,2.801
2.988,2.882
2.753,3.099
2.586,3.072
2.464,2.799
2.074,2.917
1.929,2.834
2.044,3.197
2.051,2.915
1.567,3.078
1.235,3.226
0.972,3.149
0.54,3.009
0.081,2.978
-0.025,3.024
-0.064,2.986
2.792,0.617
2.344,0.019
1.111,-1.148
0.849,0.17
0.514,0.855
-2.735,1.402
2.076,2.146
-0.005,1.099
-0.026,0.898
-0.082,1.242
-0.304,-0.221
-1.012,1.743
-1.992,0.119
-2.087,0.407
-2.236,0.916
-1.971,-1.453
2.292,-0.977
2.073,2.866
0.308,2.442
0.22,2.675
-0.008,2.602
0.067,2.421
0.966,2.586
1.436,3.033
-0.027,2.361
-0.032,2.469
-0.111,1.583
-0.081,2.266
-0.159,3.636
-0.105,1.722
-0.085,2.733
-0.164,2.042
-0.125,-0.1
-0.17,1.388
-0.112,0.324
-0.151,1.228
-0.262,1.026
-0.269,1.408
-0.337,1.355
-0.284,0.936
-0.311,1.559
-0.364,1.923
-0.332,1.329
-0.315,1.957
-0.333,0.041
-0.348,1.047
-0.376,2.546
-0.376,1.617
-0.374,2.107
-0.411,2.593
-0.415,3.591
-0.444,-0.038
-1.14,-0.155
-1.188,-0.092
-2.072,-0.233
-2.423,-0.194
-3.104,-0.326
-3.087,-0.187
2.676,-0.429
2.666,-0.173
2.636,-0.224
1.55,-0.421
1.009,-0.182
0.812,-0.402
0.25,-0.255
-0.158,-0.557
-0.525,4.207
-0.564,4.099
-0.747,3.932
-1.186,3.986
-1.176,4.252
-1.625,4.295
-2.013,4.137
-2.25,3.917
-2.239,4.215
-2.848,4.163
-2.967,4.052
-3.092,3.973
3.096,3.93
2.567,4.1
2.274,4.003
2.063,4.16
1.819,4.321
1.738,4.033
0.988,4.344
0.747,3.893
0.466,4.029
0.044,4.055
-0.064,4.105
-0.053,3.983
-0.423,4.212
-0.729,3.835
-1.035,1.207
-1.127,0.444
-1.797,2.368
-1.78,0.064
-2.223,1.052
2.594,0.217
2.113,2.214
1.28,3.523
0.986,2.799
0.53,0.93
0.057,0.591
1.518,-0.337
1.46,4.102
-0.389,3.869
-0.413,1.672
-0.56,1.354
-0.48,1.215
-0.548,3.774
-0.661,1.041
-0.79,3.371
-0.669,0.098
-0.742,2.992
-0.764,1.539
-0.766,2.88
-0.827,2.508
-0.919,2.983
-1.03,2.825
-0.939,1.71
-1.138,3.674
-1.181,1.576
-1.241,0.796
-1.262,2.891
-1.412,-0.123
-1.472,1.932
-1.377,1.782
-1.487,0.152
-1.598,2.316
-1.593,1.927
-1.907,2.564
-1.794,3.562
-1.916,1.833
-1.936,3.761
-1.995,3.671
-2.101,1.502
-2.169,2.486
-2.186,1.681
-2.42,3.812
-2.4,-0.008
-2.414,0.198
-2.641,3.561
-2.551,0.452
-2.749,0.076
-2.909,2.047
-2.906,1.262
-2.846,1.043
-2.858,-0.106
-2.907,2.698
-2.935,0.994
-3.08,1.407
-3.078,3.687
-3.033,0.946
2.799,0.396
2.928,0.964
2.823,2.178
2.827,1.183
2.701,0.244
2.794,3.4
2.711,1.425
2.672,3.227
2.493,1.859
2.45,1.841
2.45,3.695
2.513,3.07
2.362,1.01
2.357,0.995
2.49,0.555
2.333,1.712
2.441,3.801
2.427,2.66
2.292,0.349
2.408,2.565
2.391,2.737
2.403,0.95
2.303,1.101
2.194,2.202
2.124,2.967
2.201,-0.094
2.19,2.289
2.068,3.848
2.021,1.918
2.132,0.191
2.054,1.721
1.992,1.441
1.805,3.513
1.84,0.022
1.809,3.226
1.675,0.488
1.772,1.187
1.66,2.628
1.733,0.205
1.56,2.207
1.52,0.065
1.638,2.696
1.502,0.113
1.44,0.137
1.304,2.247
1.416,1.278
1.293,0.014
1.34,-0.138
1.336,0.139
1.298,1.214
1.134,2.808
0.963,3.502
0.852,1.605
0.834,1.329
0.828,1.373
0.83,2.317
0.824,2.264
0.802,2.199
0.695,2.031
0.663,0.63
0.628,2.123
0.565,0.542
0.523,1.339
0.465,1.84
0.154,1.171
0.259,1.206
-0.012,1.284
0.11,1.618
0.059,0.999
-0.064,0.009
-0.257,3.665
-0.133,1.892
-0.281,2.116
-0.291,0.181
-0.209,3.332
-0.376,0.708
-0.379,2.773
-0.392,3.377
-0.489,1.94
-0.398,1.533
-0.686,-0.344
-1.156,-0.113
-1.389,-0.395
-1.704,-0.451
-1.822,-0.4
-2.232,-0.196
-2.867,-0.463
2.939,-0.407
2.745,-0.258
1.081,-0.072
0.881,-0.359
0.844,-0.468
0.552,-0.301
0.609,-0.276
-0.494,-0.303
-0.678,3.878
-0.75,3.98
-1.176,4.165
-1.636,4.085
-2.761,4.182
-3.13,3.879
-2.993,3.885
2.932,3.922
3.055,4.003
2.82,4.22
2.653,4.193
2.531,3.92
2.141,4.038
1.996,3.955
2.111,4.318
2.118,4.036
1.634,4.199
1.302,4.347
1.039,4.27
0.607,4.13
0.148,4.099
0.042,4.145
0.003,4.107
2.859,1.738
2.411,1.14
1.178,-0.027
0.916,1.291
0.581,1.976
-2.668,2.523
2.143,3.267
0.062,2.22
0.041,2.019
-0.015,2.363
-0.237,0.9
-0.945,2.864
-1.925,1.24
-2.02,1.528
-2.169,2.037
-1.904,-0.332
2.359,0.144
2.14,3.987
0.375,3.563
0.287,3.796
0.059,3.723
0.134,3.542
1.033,3.707
1.503,4.154
-0.005,0.108
-0.084,-0.778
-0.054,-0.095
-0.132,1.275
-0.078,-0.639
-0.058,0.372
-0.137,-0.319
-0.098,-2.461
-0.143,-0.973
-0.085,-2.037
-0.124,-1.133
-0.235,-1.335
-0.242,-0.953
-0.31,-1.006
-0.257,-1.425
-0.284,-0.802
-0.337,-0.438
-0.305,-1.032
-0.288,-0.404
-0.306,-2.32
-0.321,-1.314
-0.349,0.185
-0.349,-0.744
-0.347,-0.254
-0.384,0.232
-0.388,1.23
-0.417,-2.399
-1.113,-2.516
-1.161,-2.453
-2.045,-2.594
-2.396,-2.555
-3.077,-2.687
-3.06,-2.548
2.703,-2.79
2.693,-2.534
2.663,-2.585
1.577,-2.782
1.036,-2.543
0.839,-2.763
0.277,-2.616
-0.131,-2.918
-0.498,1.846
-0.537,1.738
-0.72,1.571
-1.159,1.625
-1.149,1.891
-1.598,1.934
-1.986,1.776
-2.223,1.556
-2.212,1.854
-2.821,1.802
-2.94,1.691
-3.065,1.612
3.123,1.569
2.594,1.739
2.301,1.642
2.09,1.799
1.846,1.96
1.765,1.672
1.015,1.983
0.774,1.532
0.493,1.668
0.071,1.694
-0.037,1.744
-0.026,1.622
-0.396,1.851
-0.702,1.474
-1.008,-1.154
-1.1,-1.917
-1.77,0.007
-1.753,-2.297
-2.196,-1.309
2.621,-2.144
2.14,-0.147
1.307,1.162
1.013,0.438
0.557,-1.431
0.084,-1.77
1.545,-2.698
1.487,1.741
-0.362,1.508
-0.386,-0.689
-0.533,-1.007
-0.453,-1.146
-0.521,1.413
-0.634,-1.32
-0.763,1.01
-0.642,-2.263
-0.715,0.631
-0.737,-0.822
-0.739,0.519
-0.8,0.147
-0.892,0.622
-1.003,0.464
-0.912,-0.651
-1.111,1.313
-1.154,-0.785
-1.214,-1.565
-1.235,0.53
-1.385,-2.484
-1.445,-0.429
-1.35,-0.579
-1.46,-2.209
-1.571,-0.045
-1.566,-0.434
-1.88,0.203
-1.767,1.201
-1.889,-0.528
-1.909,1.4
-1.968,1.31
-2.074,-0.859
-2.142,0.125
-2.159,-0.68
-2.393,1.451
-2.373,-2.369
-2.387,-2.163
-2.614,1.2
-2.524,-1.909
-2.722,-2.285
-2.882,-0.314
-2.879,-1.099
-2.819,-1.318
-2.831,-2.467
-2.88,0.337
-2.908,-1.367
-3.053,-0.954
-3.051,1.326
-3.006,-1.415
2.826,-1.965
2.955,-1.397
2.85,-0.183
2.854,-1.178
2.728,-2.117
2.821,1.039
2.738,-0.936
2.699,0.866
2.52,-0.502
2.477,-0.52
2.477,1.334
2.54,0.709
2.389,-1.351
2.384,-1.366
2.517,-1.806
2.36,-0.649
2.468,1.44
2.454,0.299
2.319,-2.012
2.435,0.204
2.418,0.376
2.43,-1.411
2.33,-1.26
2.221,-0.159
2.151,0.606
2.228,-2.455
2.217,-0.072
2.095,1.487
2.048,-0.443
2.159,-2.17
2.081,-0.64
2.019,-0.92
1.832,1.152
1.867,-2.339
1.836,0.865
1.702,-1.873
1.799,-1.174
1.687,0.267
1.76,-2.156
1.587,-0.154
1.547,-2.296
1.665,0.335
1.529,-2.248
1.467,-2.224
1.331,-0.114
1.443,-1.083
1.32,-2.347
1.367,-2.499
1.363,-2.222
1.325,-1.147
1.161,0.447
0.99,1.141
0.879,-0.756
0.861,-1.032
0.855,-0.988
0.857,-0.044
0.851,-0.097
0.829,-0.162
0.722,-0.33
0.69,-1.731
0.655,-0.238
0.592,-1.819
0.55,-1.022
0.492,-0.521
0.181,-1.19
0.286,-1.155
0.015,-1.077
0.137,-0.743
0.086,-1.362
-0.037,-2.352
-0.23,1.304
-0.106,-0.469
-0.254,-0.245
-0.264,-2.18
-0.182,0.971
-0.349,-1.653
-0.352,0.412
-0.365,1.016
-0.462,-0.421
-0.371,-0.828
-0.659,-2.705
-1.129,-2.474
-1.362,-2.756
-1.677,-2.812
-1.795,-2.761
-2.205,-2.557
-2.84,-2.824
2.966,-2.768
2.772,-2.619
1.108,-2.433
0.908,-2.72
0.871,-2.829
0.579,-2.662
0.636,-2.637
-0.467,-2.664
-0.651,1.517
-0.723,1.619
-1.149,1.804
-1.609,1.724
-2.734,1.821
-3.103,1.518
-2.966,1.524
2.959,1.561
3.082,1.642
2.847,1.859
2.68,1.832
2.558,1.559
2.168,1.677
2.023,1.594
2.138,1.957
2.145,1.675
1.661,1.838
1.329,1.986
1.066,1.909
0.634,1.769
0.175,1.738
0.069,1.784
0.03,1.746
2.886,-0.623
2.438,-1.221
1.205,-2.388
0.943,-1.07
0.608,-0.385
-2.641,0.162
2.17,0.906
0.089,-0.141
0.068,-0.342
0.012,0.002
-0.21,-1.461
-0.918,0.503
-1.898,-1.121
-1.993,-0.833
-2.142,-0.324
-1.877,-2.693
2.386,-2.217
2.167,1.626
0.402,1.202
0.314,1.435
0.086,1.362
0.161,1.181
1.06,1.346
1.53,1.793
-0.079,-0.886
-0.049,-0.203
-0.127,1.167
-0.073,-0.747
-0.053,0.264
-0.132,-0.427
-0.093,-2.569
-0.138,-1.081
-0.08,-2.145
-0.119,-1.241
-0.23,-1.443
-0.237,-1.061
-0.305,-1.114
-0.252,-1.533
-0.279,-0.91
-0.332,-0.546
-0.3,-1.14
-0.283,-0.512
-0.301,-2.428
-0.316,-1.422
-0.344,0.077
-0.344,-0.852
-0.342,-0.362
-0.379,0.124
-0.383,1.122
-0.412,-2.507
-1.108,-2.624
-1.156,-2.561
-2.04,-2.702
-2.391,-2.663
-3.072,-2.795
-3.055,-2.656
2.708,-2.898
2.698,-2.642
2.668,-2.693
1.582,-2.89
1.041,-2.651
0.844,-2.871
0.282,-2.724
-0.126,-3.026
-0.493,1.738
-0.532,1.63
-0.715,1.463
-1.154,1.517
-1.144,1.783
-1.593,1.826
-1.981,1.668
-2.218,1.448
-2.207,1.746
-2.816,1.694
-2.935,1.583
-3.06,1.504
3.128,1.461
2.599,1.631
2.306,1.534
2.095,1.691
1.851,1.852
1.77,1.564
1.02,1.875
0.779,1.424
0.498,1.56
0.076,1.586
-0.032,1.636
-0.021,1.514
-0.391,1.743
-0.697,1.366
-1.003,-1.262
-1.095,-2.025
-1.765,-0.101
-1.748,-2.405
-2.191,-1.417
2.626,-2.252
2.145,-0.255
1.312,1.054
1.018,0.33
0.562,-1.539
0.089,-1.878
1.55,-2.806
1.492,1.633
-0.357,1.4
-0.381,-0.797
-0.528,-1.115
-0.448,-1.254
-0.516,1.305
-0.629,-1.428
-0.758,0.902
-0.637,-2.371
-0.71,0.523
-0.732,-0.93
-0.734,0.411
-0.795,0.039
-0.887,0.514
-0.998,0.356
-0.907,-0.759
-1.106,1.205
-1.149,-0.893
-1.209,-1.673
-1.23,0.422
-1.38,-2.592
-1.44,-0.537
-1.345,-0.687
-1.455,-2.317
-1.566,-0.153
-1.561,-0.542
-1.875,0.095
-1.762,1.093
-1.884,-0.636
-1.904,1.292
-1.963,1.202
-2.069,-0.967
-2.137,0.017
-2.154,-0.788
-2.388,1.343
-2.368,-2.477
-2.382,-2.271
-2.609,1.092
-2.519,-2.017
-2.717,-2.393
-2.877,-0.422
-2.874,-1.207
-2.814,-1.426
-2.826,-2.575
-2.875,0.229
-2.903,-1.475
-3.048,-1.062
-3.046,1.218
-3.001,-1.523
2.831,-2.073
2.96,-1.505
2.855,-0.291
2.859,-1.286
2.733,-2.225
2.826,0.931
2.743,-1.044
2.704,0.758
2.525,-0.61
2.482,-0.628
2.482,1.226
2.545,0.601
2.394,-1.459
2.389,-1.474
2.522,-1.914
2.365,-0.757
2.473,1.332
2.459,0.191
2.324,-2.12
2.44,0.096
2.423,0.268
2.435,-1.519
2.335,-1.368
2.226,-0.267
2.156,0.498
2.233,-2.563
2.222,-0.18
2.1,1.379
2.053,-0.551
2.164,-2.278
2.086,-0.748
2.024,-1.028
1.837,1.044
1.872,-2.447
1.841,0.757
1.707,-1.981
1.804,-1.282
1.692,0.159
1.765,-2.264
1.592,-0.262
1.552,-2.404
1.67,0.227
1.534,-2.356
1.472,-2.332
1.336,-0.222
1.448,-1.191
1.325,-2.455
1.372,-2.607
1.368,-2.33
1.33,-1.255
1.166,0.339
0.995,1.033
0.884,-0.864
0.866,-1.14
0.86,-1.096
0.862,-0.152
0.856,-0.205
0.834,-0.27
0.727,-0.438
0.695,-1.839
0.66,-0.346
0.597,-1.927
0.555,-1.13
0.497,-0.629
0.186,-1.298
0.291,-1.263
0.02,-1.185
0.142,-0.851
0.091,-1.47
-0.032,-2.46
-0.225,1.196
-0.101,-0.577
-0.249,-0.353
-0.259,-2.288
-0.177,0.863
-0.344,-1.761
-0.347,0.304
-0.36,0.908
-0.457,-0.529
-0.366,-0.936
-0.654,-2.813
-1.124,-2.582
-1.357,-2.864
-1.672,-2.92
-1.79,-2.869
-2.2,-2.665
-2.835,-2.932
2.971,-2.876
2.777,-2.727
1.113,-2.541
0.913,-2.828
0.876,-2.937
0.584,-2.77
0.641,-2.745
-0.462,-2.772
-0.646,1.409
-0.718,1.511
-1.144,1.696
-1.604,1.616
-2.729,1.713
-3.098,1.41
-2.961,1.416
2.964,1.453
3.087,1.534
2.852,1.751
2.685,1.724
2.563,1.451
2.173,1.569
2.028,1.486
2.143,1.849
2.15,1.567
1.666,1.73
1.334,1.878
1.071,1.801
0.639,1.661
0.18,1.63
0.074,1.676
0.035,1.638
2.891,-0.731
2.443,-1.329
1.21,-2.496
0.948,-1.178
0.613,-0.493
-2.636,0.054
2.175,0.798
0.094,-0.249
0.073,-0.45
0.017,-0.106
-0.205,-1.569
-0.913,0.395
-1.893,-1.229
-1.988,-0.941
-2.137,-0.432
-1.872,-2.801
2.391,-2.325
2.172,1.518
0.407,1.094
0.319,1.327
0.091,1.254
0.166,1.073
1.065,1.238
1.535,1.685
0.03,0.683
-0.048,2.053
0.006,0.139
0.026,1.15
-0.053,0.459
-0.014,-1.683
-0.059,-0.195
-0.001,-1.259
-0.04,-0.355
-0.151,-0.557
-0.158,-0.175
-0.226,-0.228
-0.173,-0.647
-0.2,-0.024
-0.253,0.34
-0.221,-0.254
-0.204,0.374
-0.222,-1.542
-0.237,-0.536
-0.265,0.963
-0.265,0.034
-0.263,0.524
-0.3,1.01
-0.304,2.008
-0.333,-1.621
-1.029,-1.738
-1.077,-1.675
-1.961,-1.816
-2.312,-1.777
-2.993,-1.909
-2.976,-1.77
2.787,-2.012
2.777,-1.756
2.747,-1.807
1.661,-2.004
1.12,-1.765
0.923,-1.985
0.361,-1.838
-0.047,-2.14
-0.414,2.624
-0.453,2.516
-0.636,2.349
-1.075,2.403
-1.065,2.669
-1.514,2.712
-1.902,2.554
-2.139,2.334
-2.128,2.632
-2.737,2.58
-2.856,2.469
-2.981,2.39
-3.076,2.347
2.678,2.517
2.385,2.42
2.174,2.577
1.93,2.738
1.849,2.45
1.099,2.761
0.858,2.31
0.577,2.446
0.155,2.472
0.047,2.522
0.058,2.4
-0.312,2.629
-0.618,2.252
-0.924,-0.376
-1.016,-1.139
-1.686,0.785
-1.669,-1.519
-2.112,-0.531
2.705,-1.366
2.224,0.631
1.391,1.94
1.097,1.216
0.641,-0.653
0.168,-0.992
1.629,-1.92
1.571,2.519
-0.278,2.286
-0.302,0.089
-0.449,-0.229
-0.369,-0.368
-0.437,2.191
-0.55,-0.542
-0.679,1.788
-0.558,-1.485
-0.631,1.409
-0.653,-0.044
-0.655,1.297
-0.716,0.925
-0.808,1.4
-0.919,1.242
-0.828,0.127
-1.027,2.091
-1.07,-0.007
-1.13,-0.787
-1.151,1.308
-1.301,-1.706
-1.361,0.349
-1.266,0.199
-1.376,-1.431
-1.487,0.733
-1.482,0.344
-1.796,0.981
-1.683,1.979
-1.805,0.25
-1.825,2.178
-1.884,2.088
-1.99,-0.081
-2.058,0.903
-2.075,0.098
-2.309,2.229
-2.289,-1.591
-2.303,-1.385
-2.53,1.978
-2.44,-1.131
-2.638,-1.507
-2.798,0.464
-2.795,-0.321
-2.735,-0.54
-2.747,-1.689
-2.796,1.115
-2.824,-0.589
-2.969,-0.176
-2.967,2.104
-2.922,-0.637
2.91,-1.187
3.039,-0.619
2.934,0.595
2.938,-0.4
2.812,-1.339
2.905,1.817
2.822,-0.158
2.783,1.644
2.604,0.276
2.561,0.258
2.561,2.112
2.624,1.487
2.473,-0.573
2.468,-0.588
2.601,-1.028
2.444,0.129
2.552,2.218
2.538,1.077
2.403,-1.234
2.519,0.982
2.502,1.154
2.514,-0.633
2.414,-0.482
2.305,0.619
2.235,1.384
2.312,-1.677
2.301,0.706
2.179,2.265
2.132,0.335
2.243,-1.392
2.165,0.138
2.103,-0.142
1.916,1.93
1.951,-1.561
1.92,1.643
1.786,-1.095
1.883,-0.396
1.771,1.045
1.844,-1.378
1.671,0.624
1.631,-1.518
1.749,1.113
1.613,-1.47
1.551,-1.446
1.415,0.664
1.527,-0.305
1.404,-1.569
1.451,-1.721
1.447,-1.444
1.409,-0.369
1.245,1.225
1.074,1.919
0.963,0.022
0.945,-0.254
0.939,-0.21
0.941,0.734
0.935,0.681
0.913,0.616
0.806,0.448
0.774,-0.953
0.739,0.54
0.676,-1.041
0.634,-0.244
0.576,0.257
0.265,-0.412
0.37,-0.377
0.099,-0.299
0.221,0.035
0.17,-0.584
0.047,-1.574
-0.146,2.082
-0.022,0.309
-0.17,0.533
-0.18,-1.402
-0.098,1.749
-0.265,-0.875
-0.268,1.19
-0.281,1.794
-0.378,0.357
-0.287,-0.05
-0.575,-1.927
-1.045,-1.696
-1.278,-1.978
-1.593,-2.034
-1.711,-1.983
-2.121,-1.779
-2.756,-2.046
3.05,-1.99
2.856,-1.841
1.192,-1.655
0.992,-1.942
0.955,-2.051
0.663,-1.884
0.72,-1.859
-0.383,-1.886
-0.567,2.295
-0.639,2.397
-1.065,2.582
-1.525,2.502
-2.65,2.599
-3.019,2.296
-2.882,2.302
3.043,2.339
-3.117,2.42
2.931,2.637
2.764,2.61
2.642,2.337
2.252,2.455
2.107,2.372
2.222,2.735
2.229,2.453
1.745,2.616
1.413,2.764
1.15,2.687
0.718,2.547
0.259,2.516
0.153,2.562
0.114,2.524
2.97,0.155
2.522,-0.443
1.289,-1.61
1.027,-0.292
0.692,0.393
-2.557,0.94
2.254,1.684
0.173,0.637
0.152,0.436
0.096,0.78
-0.126,-0.683
-0.834,1.281
-1.814,-0.343
-1.909,-0.055
-2.058,0.454
-1.793,-1.915
2.47,-1.439
2.251,2.404
0.486,1.98
0.398,2.213
0.17,2.14
0.245,1.959
1.144,2.124
1.614,2.571
-0.078,1.37
-0.024,-0.544
-0.004,0.467
-0.083,-0.224
-0.044,-2.366
-0.089,-0.878
-0.031,-1.942
-0.07,-1.038
-0.181,-1.24
-0.188,-0.858
-0.256,-0.911
-0.203,-1.33
-0.23,-0.707
-0.283,-0.343
-0.251,-0.937
-0.234,-0.309
-0.252,-2.225
-0.267,-1.219
-0.295,0.28
-0.295,-0.649
-0.293,-0.159
-0.33,0.327
-0.334,1.325
-0.363,-2.304
-1.059,-2.421
-1.107,-2.358
-1.991,-2.499
-2.342,-2.46
-3.023,-2.592
-3.006,-2.453
2.757,-2.695
2.747,-2.439
2.717,-2.49
1.631,-2.687
1.09,-2.448
0.893,-2.668
0.331,-2.521
-0.077,-2.823
-0.444,1.941
-0.483,1.833
-0.666,1.666
-1.105,1.72
-1.095,1.986
-1.544,2.029
-1.932,1.871
-2.169,1.651
-2.158,1.949
-2.767,1.897
-2.886,1.786
-3.011,1.707
-3.106,1.664
2.648,1.834
2.355,1.737
2.144,1.894
1.9,2.055
1.819,1.767
1.069,2.078
0.828,1.627
0.547,1.763
0.125,1.789
0.017,1.839
0.028,1.717
-0.342,1.946
-0.648,1.569
-0.954,-1.059
-1.046,-1.822
-1.716,0.102
-1.699,-2.202
-2.142,-1.214
2.675,-2.049
2.194,-0.052
1.361,1.257
1.067,0.533
0.611,-1.336
0.138,-1.675
1.599,-2.603
1.541,1.836
-0.308,1.603
-0.332,-0.594
-0.479,-0.912
-0.399,-1.051
-0.467,1.508
-0.58,-1.225
-0.709,1.105
-0.588,-2.168
-0.661,0.726
-0.683,-0.727
-0.685,0.614
-0.746,0.242
-0.838,0.717
-0.949,0.559
-0.858,-0.556
-1.057,1.408
-1.1,-0.69
-1.16,-1.47
-1.181,0.625
-1.331,-2.389
-1.391,-0.334
-1.296,-0.484
-1.406,-2.114
-1.517,0.05
-1.512,-0.339
-1.826,0.298
-1.713,1.296
-1.835,-0.433
-1.855,1.495
-1.914,1.405
-2.02,-0.764
-2.088,0.22
-2.105,-0.585
-2.339,1.546
-2.319,-2.274
-2.333,-2.068
-2.56,1.295
-2.47,-1.814
-2.668,-2.19
-2.828,-0.219
-2.825,-1.004
-2.765,-1.223
-2.777,-2.372
-2.826,0.432
-2.854,-1.272
-2.999,-0.859
-2.997,1.421
-2.952,-1.32
2.88,-1.87
3.009,-1.302
2.904,-0.088
2.908,-1.083
2.782,-2.022
2.875,1.134
2.792,-0.841
2.753,0.961
2.574,-0.407
2.531,-0.425
2.531,1.429
2.594,0.804
2.443,-1.256
2.438,-1.271
2.571,-1.711
2.414,-0.554
2.522,1.535
2.508,0.394
2.373,-1.917
2.489,0.299
2.472,0.471
2.484,-1.316
2.384,-1.165
2.275,-0.064
2.205,0.701
2.282,-2.36
2.271,0.023
2.149,1.582
2.102,-0.348
2.213,-2.075
2.135,-0.545
2.073,-0.825
1.886,1.247
1.921,-2.244
1.89,0.96
1.756,-1.778
1.853,-1.079
1.741,0.362
1.814,-2.061
1.641,-0.059
1.601,-2.201
1.719,0.43
1.583,-2.153
1.521,-2.129
1.385,-0.019
1.497,-0.988
1.374,-2.252
1.421,-2.404
1.417,-2.127
1.379,-1.052
1.215,0.542
1.044,1.236
0.933,-0.661
0.915,-0.937
0.909,-0.893
0.911,0.051
0.905,-0.002
0.883,-0.067
0.776,-0.235
0.744,-1.636
0.709,-0.143
0.646,-1.724
0.604,-0.927
0.546,-0.426
0.235,-1.095
0.34,-1.06
0.069,-0.982
0.191,-0.648
0.14,-1.267
0.017,-2.257
-0.176,1.399
-0.052,-0.374
-0.2,-0.15
-0.21,-2.085
-0.128,1.066
-0.295,-1.558
-0.298,0.507
-0.311,1.111
-0.408,-0.326
-0.317,-0.733
-0.605,-2.61
-1.075,-2.379
-1.308,-2.661
-1.623,-2.717
-1.741,-2.666
-2.151,-2.462
-2.786,-2.729
3.02,-2.673
2.826,-2.524
1.162,-2.338
0.962,-2.625
0.925,-2.734
0.633,-2.567
0.69,-2.542
-0.413,-2.569
-0.597,1.612
-0.669,1.714
-1.095,1.899
-1.555,1.819
-2.68,1.916
-3.049,1.613
-2.912,1.619
3.013,1.656
3.136,1.737
2.901,1.954
2.734,1.927
2.612,1.654
2.222,1.772
2.077,1.689
2.192,2.052
2.199,1.77
1.715,1.933
1.383,2.081
1.12,2.004
0.688,1.864
0.229,1.833
0.123,1.879
0.084,1.841
2.94,-0.528
2.492,-1.126
1.259,-2.293
0.997,-0.975
0.662,-0.29
-2.587,0.257
2.224,1.001
0.143,-0.046
0.122,-0.247
0.066,0.097
-0.156,-1.366
-0.864,0.598
-1.844,-1.026
-1.939,-0.738
-2.088,-0.229
-1.823,-2.598
2.44,-2.122
2.221,1.721
0.456,1.297
0.368,1.53
0.14,1.457
0.215,1.276
1.114,1.441
1.584,1.888
0.054,-1.914
0.074,-0.903
-0.005,-1.594
0.034,-3.736
-0.011,-2.248
0.047,-3.312
0.008,-2.408
-0.103,-2.61
-0.11,-2.228
-0.178,-2.281
-0.125,-2.7
-0.152,-2.077
-0.205,-1.713
-0.173,-2.307
-0.156,-1.679
-0.174,-3.595
-0.189,-2.589
-0.217,-1.09
-0.217,-2.019
-0.215,-1.529
-0.252,-1.043
-0.256,-0.045
-0.285,-3.674
-0.981,-3.791
-1.029,-3.728
-1.913,-3.869
-2.264,-3.83
-2.945,-3.962
-2.928,-3.823
2.835,-4.065
2.825,-3.809
2.795,-3.86
1.709,-4.057
1.168,-3.818
0.971,-4.038
0.409,-3.891
0.001,-4.193
-0.366,0.571
-0.405,0.463
-0.588,0.296
-1.027,0.35
-1.017,0.616
-1.466,0.659
-1.854,0.501
-2.091,0.281
-2.08,0.579
-2.689,0.527
-2.808,0.416
-2.933,0.337
-3.028,0.294
2.726,0.464
2.433,0.367
2.222,0.524
1.978,0.685
1.897,0.397
1.147,0.708
0.906,0.257
0.625,0.393
0.203,0.419
0.095,0.469
0.106,0.347
-0.264,0.576
-0.57,0.199
-0.876,-2.429
-0.968,-3.192
-1.638,-1.268
-1.621,-3.572
-2.064,-2.584
2.753,-3.419
2.272,-1.422
1.439,-0.113
1.145,-0.837
0.689,-2.706
0.216,-3.045
1.677,-3.973
1.619,0.466
-0.23,0.233
-0.254,-1.964
-0.401,-2.282
-0.321,-2.421
-0.389,0.138
-0.502,-2.595
-0.631,-0.265
-0.51,-3.538
-0.583,-0.644
-0.605,-2.097
-0.607,-0.756
-0.668,-1.128
-0.76,-0.653
-0.871,-0.811
-0.78,-1.926
-0.979,0.038
-1.022,-2.06
-1.082,-2.84
-1.103,-0.745
-1.253,-3.759
-1.313,-1.704
-1.218,-1.854
-1.328,-3.484
-1.439,-1.32
-1.434,-1.709
-1.748,-1.072
-1.635,-0.074
-1.757,-1.803
-1.777,0.125
-1.836,0.035
-1.942,-2.134
-2.01,-1.15
-2.027,-1.955
-2.261,0.176
-2.241,-3.644
-2.255,-3.438
-2.482,-0.075
-2.392,-3.184
-2.59,-3.56
-2.75,-1.589
-2.747,-2.374
-2.687,-2.593
-2.699,-3.742
-2.748,-0.938
-2.776,-2.642
-2.921,-2.229
-2.919,0.051
-2.874,-2.69
2.958,-3.24
3.087,-2.672
2.982,-1.458
2.986,-2.453
2.86,-3.392
2.953,-0.236
2.87,-2.211
2.831,-0.409
2.652,-1.777
2.609,-1.795
2.609,0.059
2.672,-0.566
2.521,-2.626
2.516,-2.641
2.649,-3.081
2.492,-1.924
2.6,0.165
2.586,-0.976
2.451,-3.287
2.567,-1.071
2.55,-0.899
2.562,-2.686
2.462,-2.535
2.353,-1.434
2.283,-0.669
2.36,-3.73
2.349,-1.347
2.227,0.212
2.18,-1.718
2.291,-3.445
2.213,-1.915
2.151,-2.195
1.964,-0.123
1.999,-3.614
1.968,-0.41
1.834,-3.148
1.931,-2.449
1.819,-1.008
1.892,-3.431
1.719,-1.429
1.679,-3.571
1.797,-0.94
1.661,-3.523
1.599,-3.499
1.463,-1.389
1.575,-2.358
1.452,-3.622
1.499,-3.774
1.495,-3.497
1.457,-2.422
1.293,-0.828
1.122,-0.134
1.011,-2.031
0.993,-2.307
0.987,-2.263
0.989,-1.319
0.983,-1.372
0.961,-1.437
0.854,-1.605
0.822,-3.006
0.787,-1.513
0.724,-3.094
0.682,-2.297
0.624,-1.796
0.313,-2.465
0.418,-2.43
0.147,-2.352
0.269,-2.018
0.218,-2.637
0.095,-3.627
-0.098,0.029
0.026,-1.744
-0.122,-1.52
-0.132,-3.455
-0.05,-0.304
-0.217,-2.928
-0.22,-0.863
-0.233,-0.259
-0.33,-1.696
-0.239,-2.103
-0.527,-3.98
-0.997,-3.749
-1.23,-4.031
-1.545,-4.087
-1.663,-4.036
-2.073,-3.832
-2.708,-4.099
3.098,-4.043
2.904,-3.894
1.24,-3.708
1.04,-3.995
1.003,-4.104
0.711,-3.937
0.768,-3.912
-0.335,-3.939
-0.519,0.242
-0.591,0.344
-1.017,0.529
-1.477,0.449
-2.602,0.546
-2.971,0.243
-2.834,0.249
3.091,0.286
-3.069,0.367
2.979,0.584
2.812,0.557
2.69,0.284
2.3,0.402
2.155,0.319
2.27,0.682
2.277,0.4
1.793,0.563
1.461,0.711
1.198,0.634
0.766,0.494
0.307,0.463
0.201,0.509
0.162,0.471
3.018,-1.898
2.57,-2.496
1.337,-3.663
1.075,-2.345
0.74,-1.66
-2.509,-1.113
2.302,-0.369
0.221,-1.416
0.2,-1.617
0.144,-1.273
-0.078,-2.736
-0.786,-0.772
-1.766,-2.396
-1.861,-2.108
-2.01,-1.599
-1.745,-3.968
2.518,-3.492
2.299,0.351
0.534,-0.073
0.446,0.16
0.218,0.087
0.293,-0.094
1.192,0.071
1.662,0.518
0.02,1.011
-0.059,0.32
-0.02,-1.822
-0.065,-0.334
-0.007,-1.398
-0.046,-0.494
-0.157,-0.696
-0.164,-0.314
-0.232,-0.367
-0.179,-0.786
-0.206,-0.163
-0.259,0.201
-0.227,-0.393
-0.21,0.235
-0.228,-1.681
-0.243,-0.675
-0.271,0.824
-0.271,-0.105
-0.269,0.385
-0.306,0.871
-0.31,1.869
-0.339,-1.76
-1.035,-1.877
-1.083,-1.814
-1.967,-1.955
-2.318,-1.916
-2.999,-2.048
-2.982,-1.909
2.781,-2.151
2.771,-1.895
2.741,-1.946
1.655,-2.143
1.114,-1.904
0.917,-2.124
0.355,-1.977
-0.053,-2.279
-0.42,2.485
-0.459,2.377
-0.642,2.21
-1.081,2.264
-1.071,2.53
-1.52,2.573
-1.908,2.415
-2.145,2.195
-2.134,2.493
-2.743,2.441
-2.862,2.33
-2.987,2.251
-3.082,2.208
2.672,2.378
2.379,2.281
2.168,2.438
1.924,2.599
1.843,2.311
1.093,2.622
0.852,2.171
0.571,2.307
0.149,2.333
0.041,2.383
0.052,2.261
-0.318,2.49
-0.624,2.113
-0.93,-0.515
-1.022,-1.278
-1.692,0.646
-1.675,-1.658
-2.118,-0.67
2.699,-1.505
2.218,0.492
1.385,1.801
1.091,1.077
0.635,-0.792
0.162,-1.131
1.623,-2.059
1.565,2.38
-0.284,2.147
-0.308,-0.05
-0.455,-0.368
-0.375,-0.507
-0.443,2.052
-0.556,-0.681
-0.685,1.649
-0.564,-1.624
-0.637,1.27
-0.659,-0.183
-0.661,1.158
-0.722,0.786
-0.814,1.261
-0.925,1.103
-0.834,-0.012
-1.033,1.952
-1.076,-0.146
-1.136,-0.926
-1.157,1.169
-1.307,-1.845
-1.367,0.21
-1.272,0.06
-1.382,-1.57
-1.493,0.594
-1.488,0.205
-1.802,0.842
-1.689,1.84
-1.811,0.111
-1.831,2.039
-1.89,1.949
-1.996,-0.22
-2.064,0.764
-2.081,-0.041
-2.315,2.09
-2.295,-1.73
-2.309,-1.524
-2.536,1.839
-2.446,-1.27
-2.644,-1.646
-2.804,0.325
-2.801,-0.46
-2.741,-0.679
-2.753,-1.828
-2.802,0.976
-2.83,-0.728
-2.975,-0.315
-2.973,1.965
-2.928,-0.776
2.904,-1.326
3.033,-0.758
2.928,0.456
2.932,-0.539
2.806,-1.478
2.899,1.678
2.816,-0.297
2.777,1.505
2.598,0.137
2.555,0.119
2.555,1.973
2.618,1.348
2.467,-0.712
2.462,-0.727
2.595,-1.167
2.438,-0.01
2.546,2.079
2.532,0.938
2.397,-1.373
2.513,0.843
2.496,1.015
2.508,-0.772
2.408,-0.621
2.299,0.48
2.229,1.245
2.306,-1.816
2.295,0.567
2.173,2.126
2.126,0.196
2.237,-1.531
2.159,-0.001
2.097,-0.281
1.91,1.791
1.945,-1.7
1.914,1.504
1.78,-1.234
1.877,-0.535
1.765,0.906
1.838,-1.517
1.665,0.485
1.625,-1.657
1.743,0.974
1.607,-1.609
1.545,-1.585
1.409,0.525
1.521,-0.444
1.398,-1.708
1.445,-1.86
1.441,-1.583
1.403,-0.508
1.239,1.086
1.068,1.78
0.957,-0.117
0.939,-0.393
0.933,-0.349
0.935,0.595
0.929,0.542
0.907,0.477
0.8,0.309
0.768,-1.092
0.733,0.401
0.67,-1.18
0.628,-0.383
0.57,0.118
0.259,-0.551
0.364,-0.516
0.093,-0.438
0.215,-0.104
0.164,-0.723
0.041,-1.713
-0.152,1.943
-0.028,0.17
-0.176,0.394
-0.186,-1.541
-0.104,1.61
-0.271,-1.014
-0.274,1.051
-0.287,1.655
-0.384,0.218
-0.293,-0.189
-0.581,-2.066
-1.051,-1.835
-1.284,-2.117
-1.599,-2.173
-1.717,-2.122
-2.127,-1.918
-2.762,-2.185
3.044,-2.129
2.85,-1.98
1.186,-1.794
0.986,-2.081
0.949,-2.19
0.657,-2.023
0.714,-1.998
-0.389,-2.025
-0.573,2.156
-0.645,2.258
-1.071,2.443
-1.531,2.363
-2.656,2.46
-3.025,2.157
-2.888,2.163
3.037,2.2
-3.123,2.281
2.925,2.498
2.758,2.471
2.636,2.198
2.246,2.316
2.101,2.233
2.216,2.596
2.223,2.314
1.739,2.477
1.407,2.625
1.144,2.548
0.712,2.408
0.253,2.377
0.147,2.423
0.108,2.385
2.964,0.016
2.516,-0.582
1.283,-1.749
1.021,-0.431
0.686,0.254
-2.563,0.801
2.248,1.545
0.167,0.498
0.146,0.297
0.09,0.641
-0.132,-0.822
-0.84,1.142
-1.82,-0.482
-1.915,-0.194
-2.064,0.315
-1.799,-2.054
2.464,-1.578
2.245,2.265
0.48,1.841
0.392,2.074
0.164,2.001
0.239,1.82
1.138,1.985
1.608,2.432
-0.079,-0.691
-0.04,-2.833
-0.085,-1.345
-0.027,-2.409
-0.066,-1.505
-0.177,-1.707
-0.184,-1.325
-0.252,-1.378
-0.199,-1.797
-0.226,-1.174
-0.279,-0.81
-0.247,-1.404
-0.23,-0.776
-0.248,-2.692
-0.263,-1.686
-0.291,-0.187
-0.291,-1.116
-0.289,-0.626
-0.326,-0.14
-0.33,0.858
-0.359,-2.771
-1.055,-2.888
-1.103,-2.825
-1.987,-2.966
-2.338,-2.927
-3.019,-3.059
-3.002,-2.92
2.761,-3.162
2.751,-2.906
2.721,-2.957
1.635,-3.154
1.094,-2.915
0.897,-3.135
0.335,-2.988
-0.073,-3.29
-0.44,1.474
-0.479,1.366
-0.662,1.199
-1.101,1.253
-1.091,1.519
-1.54,1.562
-1.928,1.404
-2.165,1.184
-2.154,1.482
-2.763,1.43
-2.882,1.319
-3.007,1.24
-3.102,1.197
2.652,1.367
2.359,1.27
2.148,1.427
1.904,1.588
1.823,1.3
1.073,1.611
0.832,1.16
0.551,1.296
0.129,1.322
0.021,1.372
0.032,1.25
-0.338,1.479
-0.644,1.102
-0.95,-1.526
-1.042,-2.289
-1.712,-0.365
-1.695,-2.669
-2.138,-1.681
2.679,-2.516
2.198,-0.519
1.365,0.79
1.071,0.066
0.615,-1.803
0.142,-2.142
1.603,-3.07
1.545,1.369
-0.304,1.136
-0.328,-1.061
-0.475,-1.379
-0.395,-1.518
-0.463,1.041
-0.576,-1.692
-0.705,0.638
-0.584,-2.635
-0.657,0.259
-0.679,-1.194
-0.681,0.147
-0.742,-0.225
-0.834,0.25
-0.945,0.092
-0.854,-1.023
-1.053,0.941
-1.096,-1.157
-1.156,-1.937
-1.177,0.158
-1.327,-2.856
-1.387,-0.801
-1.292,-0.951
-1.402,-2.581
-1.513,-0.417
-1.508,-0.806
-1.822,-0.169
-1.709,0.829
-1.831,-0.9
-1.851,1.028
-1.91,0.938
-2.016,-1.231
-2.084,-0.247
-2.101,-1.052
-2.335,1.079
-2.315,-2.741
-2.329,-2.535
-2.556,0.828
-2.466,-2.281
-2.664,-2.657
-2.824,-0.686
-2.821,-1.471
-2.761,-1.69
-2.773,-2.839
-2.822,-0.035
-2.85,-1.739
-2.995,-1.326
-2.993,0.954
-2.948,-1.787
2.884,-2.337
3.013,-1.769
2.908,-0.555
2.912,-1.55
2.786,-2.489
2.879,0.667
2.796,-1.308
2.757,0.494
2.578,-0.874
2.535,-0.892
2.535,0.962
2.598,0.337
2.447,-1.723
2.442,-1.738
2.575,-2.178
2.418,-1.021
2.526,1.068
2.512,-0.073
2.377,-2.384
2.493,-0.168
2.476,0.004
2.488,-1.783
2.388,-1.632
2.279,-0.531
2.209,0.234
2.286,-2.827
2.275,-0.444
2.153,1.115
2.106,-0.815
2.217,-2.542
2.139,-1.012
2.077,-1.292
1.89,0.78
1.925,-2.711
1.894,0.493
1.76,-2.245
1.857,-1.546
1.745,-0.105
1.818,-2.528
1.645,-0.526
1.605,-2.668
1.723,-0.037
1.587,-2.62
1.525,-2.596
1.389,-0.486
1.501,-1.455
1.378,-2.719
1.425,-2.871
1.421,-2.594
1.383,-1.519
1.219,0.075
1.048,0.769
0.937,-1.128
0.919,-1.404
0.913,-1.36
0.915,-0.416
0.909,-0.469
0.887,-0.534
0.78,-0.702
0.748,-2.103
0.713,-0.61
0.65,-2.191
0.608,-1.394
0.55,-0.893
0.239,-1.562
0.344,-1.527
0.073,-1.449
0.195,-1.115
0.144,-1.734
0.021,-2.724
-0.172,0.932
-0.048,-0.841
-0.196,-0.617
-0.206,-2.552
-0.124,0.599
-0.291,-2.025
-0.294,0.04
-0.307,0.644
-0.404,-0.793
-0.313,-1.2
-0.601,-3.077
-1.071,-2.846
-1.304,-3.128
-1.619,-3.184
-1.737,-3.133
-2.147,-2.929
-2.782,-3.196
3.024,-3.14
2.83,-2.991
1.166,-2.805
0.966,-3.092
0.929,-3.201
0.637,-3.034
0.694,-3.009
-0.409,-3.036
-0.593,1.145
-0.665,1.247
-1.091,1.432
-1.551,1.352
-2.676,1.449
-3.045,1.146
-2.908,1.152
3.017,1.189
3.14,1.27
2.905,1.487
2.738,1.46
2.616,1.187
2.226,1.305
2.081,1.222
2.196,1.585
2.203,1.303
1.719,1.466
1.387,1.614
1.124,1.537
0.692,1.397
0.233,1.366
0.127,1.412
0.088,1.374
2.944,-0.995
2.496,-1.593
1.263,-2.76
1.001,-1.442
0.666,-0.757
-2.583,-0.21
2.228,0.534
0.147,-0.513
0.126,-0.714
0.07,-0.37
-0.152,-1.833
-0.86,0.131
-1.84,-1.493
-1.935,-1.205
-2.084,-0.696
-1.819,-3.065
2.444,-2.589
2.225,1.254
0.46,0.83
0.372,1.063
0.144,0.99
0.219,0.809
1.118,0.974
1.588,1.421
0.039,-2.142
-0.006,-0.654
0.052,-1.718
0.013,-0.814
-0.098,-1.016
-0.105,-0.634
-0.173,-0.687
-0.12,-1.106
-0.147,-0.483
-0.2,-0.119
-0.168,-0.713
-0.151,-0.085
-0.169,-2.001
-0.184,-0.995
-0.212,0.504
-0.212,-0.425
-0.21,0.065
-0.247,0.551
-0.251,1.549
-0.28,-2.08
-0.976,-2.197
-1.024,-2.134
-1.908,-2.275
-2.259,-2.236
-2.94,-2.368
-2.923,-2.229
2.84,-2.471
2.83,-2.215
2.8,-2.266
1.714,-2.463
1.173,-2.224
0.976,-2.444
0.414,-2.297
0.006,-2.599
-0.361,2.165
-0.4,2.057
-0.583,1.89
-1.022,1.944
-1.012,2.21
-1.461,2.253
-1.849,2.095
-2.086,1.875
-2.075,2.173
-2.684,2.121
-2.803,2.01
-2.928,1.931
-3.023,1.888
2.731,2.058
2.438,1.961
2.227,2.118
1.983,2.279
1.902,1.991
1.152,2.302
0.911,1.851
0.63,1.987
0.208,2.013
0.1,2.063
0.111,1.941
-0.259,2.17
-0.565,1.793
-0.871,-0.835
-0.963,-1.598
-1.633,0.326
-1.616,-1.978
-2.059,-0.99
2.758,-1.825
2.277,0.172
1.444,1.481
1.15,0.757
0.694,-1.112
0.221,-1.451
1.682,-2.379
1.624,2.06
-0.225,1.827
-0.249,-0.37
-0.396,-0.688
-0.316,-0.827
-0.384,1.732
-0.497,-1.001
-0.626,1.329
-0.505,-1.944
-0.578,0.95
-0.6,-0.503
-0.602,0.838
-0.663,0.466
-0.755,0.941
-0.866,0.783
-0.775,-0.332
-0.974,1.632
-1.017,-0.466
-1.077,-1.246
-1.098,0.849
-1.248,-2.165
-1.308,-0.11
-1.213,-0.26
-1.323,-1.89
-1.434,0.274
-1.429,-0.115
-1.743,0.522
-1.63,1.52
-1.752,-0.209
-1.772,1.719
-1.831,1.629
-1.937,-0.54
-2.005,0.444
-2.022,-0.361
-2.256,1.77
-2.236,-2.05
-2.25,-1.844
-2.477,1.519
-2.387,-1.59
-2.585,-1.966
-2.745,0.005
-2.742,-0.78
-2.682,-0.999
-2.694,-2.148
-2.743,0.656
-2.771,-1.048
-2.916,-0.635
-2.914,1.645
-2.869,-1.096
2.963,-1.646
3.092,-1.078
2.987,0.136
2.991,-0.859
2.865,-1.798
2.958,1.358
2.875,-0.617
2.836,1.185
2.657,-0.183
2.614,-0.201
2.614,1.653
2.677,1.028
2.526,-1.032
2.521,-1.047
2.654,-1.487
2.497,-0.33
2.605,1.759
2.591,0.618
2.456,-1.693
2.572,0.523
2.555,0.695
2.567,-1.092
2.467,-0.941
2.358,0.16
2.288,0.925
2.365,-2.136
2.354,0.247
2.232,1.806
2.185,-0.124
2.296,-1.851
2.218,-0.321
2.156,-0.601
1.969,1.471
2.004,-2.02
1.973,1.184
1.839,-1.554
1.936,-0.855
1.824,0.586
1.897,-1.837
1.724,0.165
1.684,-1.977
1.802,0.654
1.666,-1.929
1.604,-1.905
1.468,0.205
1.58,-0.764
1.457,-2.028
1.504,-2.18
1.5,-1.903
1.462,-0.828
1.298,0.766
1.127,1.46
1.016,-0.437
0.998,-0.713
0.992,-0.669
0.994,0.275
0.988,0.222
0.966,0.157
0.859,-0.011
0.827,-1.412
0.792,0.081
0.729,-1.5
0.687,-0.703
0.629,-0.202
0.318,-0.871
0.423,-0.836
0.152,-0.758
0.274,-0.424
0.223,-1.043
0.1,-2.033
-0.093,1.623
0.031,-0.15
-0.117,0.074
-0.127,-1.861
-0.045,1.29
-0.212,-1.334
-0.215,0.731
-0.228,1.335
-0.325,-0.102
-0.234,-0.509
-0.522,-2.386
-0.992,-2.155
-1.225,-2.437
-1.54,-2.493
-1.658,-2.442
-2.068,-2.238
-2.703,-2.505
3.103,-2.449
2.909,-2.3
1.245,-2.114
1.045,-2.401
1.008,-2.51
0.716,-2.343
0.773,-2.318
-0.33,-2.345
-0.514,1.836
-0.586,1.938
-1.012,2.123
-1.472,2.043
-2.597,2.14
-2.966,1.837
-2.829,1.843
3.096,1.88
-3.064,1.961
2.984,2.178
2.817,2.151
2.695,1.878
2.305,1.996
2.16,1.913
2.275,2.276
2.282,1.994
1.798,2.157
1.466,2.305
1.203,2.228
0.771,2.088
0.312,2.057
0.206,2.103
0.167,2.065
3.023,-0.304
2.575,-0.902
1.342,-2.069
1.08,-0.751
0.745,-0.066
-2.504,0.481
2.307,1.225
0.226,0.178
0.205,-0.023
0.149,0.321
-0.073,-1.142
-0.781,0.822
-1.761,-0.802
-1.856,-0.514
-2.005,-0.005
-1.74,-2.374
2.523,-1.898
2.304,1.945
0.539,1.521
0.451,1.754
0.223,1.681
0.298,1.5
1.197,1.665
1.667,2.112
-0.045,1.488
0.013,0.424
-0.026,1.328
-0.137,1.126
-0.144,1.508
-0.212,1.455
-0.159,1.036
-0.186,1.659
-0.239,2.023
-0.207,1.429
-0.19,2.057
-0.208,0.141
-0.223,1.147
-0.251,2.646
-0.251,1.717
-0.249,2.207
-0.286,2.693
-0.29,3.691
-0.319,0.062
-1.015,-0.055
-1.063,0.008
-1.947,-0.133
-2.298,-0.094
-2.979,-0.226
-2.962,-0.087
2.801,-0.329
2.791,-0.073
2.761,-0.124
1.675,-0.321
1.134,-0.082
0.937,-0.302
0.375,-0.155
-0.033,-0.457
-0.4,4.307
-0.439,4.199
-0.622,4.032
-1.061,4.086
-1.051,4.352
-1.5,4.395
-1.888,4.237
-2.125,4.017
-2.114,4.315
-2.723,4.263
-2.842,4.152
-2.967,4.073
-3.062,4.03
2.692,4.2
2.399,4.103
2.188,4.26
1.944,4.421
1.863,4.133
1.113,4.444
0.872,3.993
0.591,4.129
0.169,4.155
0.061,4.205
0.072,4.083
-0.298,4.312
-0.604,3.935
-0.91,1.307
-1.002,0.544
-1.672,2.468
-1.655,0.164
-2.098,1.152
2.719,0.317
2.238,2.314
1.405,3.623
1.111,2.899
0.655,1.03
0.182,0.691
1.643,-0.237
1.585,4.202
-0.264,3.969
-0.288,1.772
-0.435,1.454
-0.355,1.315
-0.423,3.874
-0.536,1.141
-0.665,3.471
-0.544,0.198
-0.617,3.092
-0.639,1.639
-0.641,2.98
-0.702,2.608
-0.794,3.083
-0.905,2.925
-0.814,1.81
-1.013,3.774
-1.056,1.676
-1.116,0.896
-1.137,2.991
-1.287,-0.023
-1.347,2.032
-1.252,1.882
-1.362,0.252
-1.473,2.416
-1.468,2.027
-1.782,2.664
-1.669,3.662
-1.791,1.933
-1.811,3.861
-1.87,3.771
-1.976,1.602
-2.044,2.586
-2.061,1.781
-2.295,3.912
-2.275,0.092
-2.289,0.298
-2.516,3.661
-2.426,0.552
-2.624,0.176
-2.784,2.147
-2.781,1.362
-2.721,1.143
-2.733,-0.006
-2.782,2.798
-2.81,1.094
-2.955,1.507
-2.953,3.787
-2.908,1.046
2.924,0.496
3.053,1.064
2.948,2.278
2.952,1.283
2.826,0.344
2.919,3.5
2.836,1.525
2.797,3.327
2.618,1.959
2.575,1.941
2.575,3.795
2.638,3.17
2.487,1.11
2.482,1.095
2.615,0.655
2.458,1.812
2.566,3.901
2.552,2.76
2.417,0.449
2.533,2.665
2.516,2.837
2.528,1.05
2.428,1.201
2.319,2.302
2.249,3.067
2.326,0.006
2.315,2.389
2.193,3.948
2.146,2.018
2.257,0.291
2.179,1.821
2.117,1.541
1.93,3.613
1.965,0.122
1.934,3.326
1.8,0.588
1.897,1.287
1.785,2.728
1.858,0.305
1.685,2.307
1.645,0.165
1.763,2.796
1.627,0.213
1.565,0.237
1.429,2.347
1.541,1.378
1.418,0.114
1.465,-0.038
1.461,0.239
1.423,1.314
1.259,2.908
1.088,3.602
0.977,1.705
0.959,1.429
0.953,1.473
0.955,2.417
0.949,2.364
0.927,2.299
0.82,2.131
0.788,0.73
0.753,2.223
0.69,0.642
0.648,1.439
0.59,1.94
0.279,1.271
0.384,1.306
0.113,1.384
0.235,1.718
0.184,1.099
0.061,0.109
-0.132,3.765
-0.008,1.992
-0.156,2.216
-0.166,0.281
-0.084,3.432
-0.251,0.808
-0.254,2.873
-0.267,3.477
-0.364,2.04
-0.273,1.633
-0.561,-0.244
-1.031,-0.013
-1.264,-0.295
-1.579,-0.351
-1.697,-0.3
-2.107,-0.096
-2.742,-0.363
3.064,-0.307
2.87,-0.158
1.206,0.028
1.006,-0.259
0.969,-0.368
0.677,-0.201
0.734,-0.176
-0.369,-0.203
-0.553,3.978
-0.625,4.08
-1.051,4.265
-1.511,4.185
-2.636,4.282
-3.005,3.979
-2.868,3.985
3.057,4.022
-3.103,4.103
2.945,4.32
2.778,4.293
2.656,4.02
2.266,4.138
2.121,4.055
2.236,4.418
2.243,4.136
1.759,4.299
1.427,4.447
1.164,4.37
0.732,4.23
0.273,4.199
0.167,4.245
0.128,4.207
2.984,1.838
2.536,1.24
1.303,0.073
1.041,1.391
0.706,2.076
-2.543,2.623
2.268,3.367
0.187,2.32
0.166,2.119
0.11,2.463
-0.112,1.0
-0.82,2.964
-1.8,1.34
-1.895,1.628
-2.044,2.137
-1.779,-0.232
2.484,0.244
2.265,4.087
0.5,3.663
0.412,3.896
0.184,3.823
0.259,3.642
1.158,3.807
1.628,4.254
0.058,-1.064
0.019,-0.16
-0.092,-0.362
-0.099,0.02
-0.167,-0.033
-0.114,-0.452
-0.141,0.171
-0.194,0.535
-0.162,-0.059
-0.145,0.569
-0.163,-1.347
-0.178,-0.341
-0.206,1.158
-0.206,0.229
-0.204,0.719
-0.241,1.205
-0.245,2.203
-0.274,-1.426
-0.97,-1.543
-1.018,-1.48
-1.902,-1.621
-2.253,-1.582
-2.934,-1.714
-2.917,-1.575
2.846,-1.817
2.836,-1.561
2.806,-1.612
1.72,-1.809
1.179,-1.57
0.982,-1.79
0.42,-1.643
0.012,-1.945
-0.355,2.819
-0.394,2.711
-0.577,2.544
-1.016,2.598
-1.006,2.864
-1.455,2.907
-1.843,2.749
-2.08,2.529
-2.069,2.827
-2.678,2.775
-2.797,2.664
-2.922,2.585
-3.017,2.542
2.737,2.712
2.444,2.615
2.233,2.772
1.989,2.933
1.908,2.645
1.158,2.956
0.917,2.505
0.636,2.641
0.214,2.667
0.106,2.717
0.117,2.595
-0.253,2.824
-0.559,2.447
-0.865,-0.181
-0.957,-0.944
-1.627,0.98
-1.61,-1.324
-2.053,-0.336
2.764,-1.171
2.283,0.826
1.45,2.135
1.156,1.411
0.7,-0.458
0.227,-0.797
1.688,-1.725
1.63,2.714
-0.219,2.481
-0.243,0.284
-0.39,-0.034
-0.31,-0.173
-0.378,2.386
-0.491,-0.347
-0.62,1.983
-0.499,-1.29
-0.572,1.604
-0.594,0.151
-0.596,1.492
-0.657,1.12
-0.749,1.595
-0.86,1.437
-0.769,0.322
-0.968,2.286
-1.011,0.188
-1.071,-0.592
-1.092,1.503
-1.242,-1.511
-1.302,0.544
-1.207,0.394
-1.317,-1.236
-1.428,0.928
-1.423,0.539
-1.737,1.176
-1.624,2.174
-1.746,0.445
-1.766,2.373
-1.825,2.283
-1.931,0.114
-1.999,1.098
-2.016,0.293
-2.25,2.424
-2.23,-1.396
-2.244,-1.19
-2.471,2.173
-2.381,-0.936
-2.579,-1.312
-2.739,0.659
-2.736,-0.126
-2.676,-0.345
-2.688,-1.494
-2.737,1.31
-2.765,-0.394
-2.91,0.019
-2.908,2.299
-2.863,-0.442
2.969,-0.992
3.098,-0.424
2.993,0.79
2.997,-0.205
2.871,-1.144
2.964,2.012
2.881,0.037
2.842,1.839
2.663,0.471
2.62,0.453
2.62,2.307
2.683,1.682
2.532,-0.378
2.527,-0.393
2.66,-0.833
2.503,0.324
2.611,2.413
2.597,1.272
2.462,-1.039
2.578,1.177
2.561,1.349
2.573,-0.438
2.473,-0.287
2.364,0.814
2.294,1.579
2.371,-1.482
2.36,0.901
2.238,2.46
2.191,0.53
2.302,-1.197
2.224,0.333
2.162,0.053
1.975,2.125
2.01,-1.366
1.979,1.838
1.845,-0.9
1.942,-0.201
1.83,1.24
1.903,-1.183
1.73,0.819
1.69,-1.323
1.808,1.308
1.672,-1.275
1.61,-1.251
1.474,0.859
1.586,-0.11
1.463,-1.374
1.51,-1.526
1.506,-1.249
1.468,-0.174
1.304,1.42
1.133,2.114
1.022,0.217
1.004,-0.059
0.998,-0.015
1.0,0.929
0.994,0.876
0.972,0.811
0.865,0.643
0.833,-0.758
0.798,0.735
0.735,-0.846
0.693,-0.049
0.635,0.452
0.324,-0.217
0.429,-0.182
0.158,-0.104
0.28,0.23
0.229,-0.389
0.106,-1.379
-0.087,2.277
0.037,0.504
-0.111,0.728
-0.121,-1.207
-0.039,1.944
-0.206,-0.68
-0.209,1.385
-0.222,1.989
-0.319,0.552
-0.228,0.145
-0.516,-1.732
-0.986,-1.501
-1.219,-1.783
-1.534,-1.839
-1.652,-1.788
-2.062,-1.584
-2.697,-1.851
3.109,-1.795
2.915,-1.646
1.251,-1.46
1.051,-1.747
1.014,-1.856
0.722,-1.689
0.779,-1.664
-0.324,-1.691
-0.508,2.49
-0.58,2.592
-1.006,2.777
-1.466,2.697
-2.591,2.794
-2.96,2.491
-2.823,2.497
3.102,2.534
-3.058,2.615
2.99,2.832
2.823,2.805
2.701,2.532
2.311,2.65
2.166,2.567
2.281,2.93
2.288,2.648
1.804,2.811
1.472,2.959
1.209,2.882
0.777,2.742
0.318,2.711
0.212,2.757
0.173,2.719
3.029,0.35
2.581,-0.248
1.348,-1.415
1.086,-0.097
0.751,0.588
-2.498,1.135
2.313,1.879
0.232,0.832
0.211,0.631
0.155,0.975
-0.067,-0.488
-0.775,1.476
-1.755,-0.148
-1.85,0.14
-1.999,0.649
-1.734,-1.72
2.529,-1.244
2.31,2.599
0.545,2.175
0.457,2.408
0.229,2.335
0.304,2.154
1.203,2.319
1.673,2.766
-0.039,0.904
-0.15,0.702
-0.157,1.084
-0.225,1.031
-0.172,0.612
-0.199,1.235
-0.252,1.599
-0.22,1.005
-0.203,1.633
-0.221,-0.283
-0.236,0.723
-0.264,2.222
-0.264,1.293
-0.262,1.783
-0.299,2.269
-0.303,3.267
-0.332,-0.362
-1.028,-0.479
-1.076,-0.416
-1.96,-0.557
-2.311,-0.518
-2.992,-0.65
-2.975,-0.511
2.788,-0.753
2.778,-0.497
2.748,-0.548
1.662,-0.745
1.121,-0.506
0.924,-0.726
0.362,-0.579
-0.046,-0.881
-0.413,3.883
-0.452,3.775
-0.635,3.608
-1.074,3.662
-1.064,3.928
-1.513,3.971
-1.901,3.813
-2.138,3.593
-2.127,3.891
-2.736,3.839
-2.855,3.728
-2.98,3.649
-3.075,3.606
2.679,3.776
2.386,3.679
2.175,3.836
1.931,3.997
1.85,3.709
1.1,4.02
0.859,3.569
0.578,3.705
0.156,3.731
0.048,3.781
0.059,3.659
-0.311,3.888
-0.617,3.511
-0.923,0.883
-1.015,0.12
-1.685,2.044
-1.668,-0.26
-2.111,0.728
2.706,-0.107
2.225,1.89
1.392,3.199
1.098,2.475
0.642,0.606
0.169,0.267
1.63,-0.661
1.572,3.778
-0.277,3.545
-0.301,1.348
-0.448,1.03
-0.368,0.891
-0.436,3.45
-0.549,0.717
-0.678,3.047
-0.557,-0.226
-0.63,2.668
-0.652,1.215
-0.654,2.556
-0.715,2.184
-0.807,2.659
-0.918,2.501
-0.827,1.386
-1.026,3.35
-1.069,1.252
-1.129,0.472
-1.15,2.567
-1.3,-0.447
-1.36,1.608
-1.265,1.458
-1.375,-0.172
-1.486,1.992
-1.481,1.603
-1.795,2.24
-1.682,3.238
-1.804,1.509
-1.824,3.437
-1.883,3.347
-1.989,1.178
-2.057,2.162
-2.074,1.357
-2.308,3.488
-2.288,-0.332
-2.302,-0.126
-2.529,3.237
-2.439,0.128
-2.637,-0.248
-2.797,1.723
-2.794,0.938
-2.734,0.719
-2.746,-0.43
-2.795,2.374
-2.823,0.67
-2.968,1.083
-2.966,3.363
-2.921,0.622
2.911,0.072
3.04,0.64
2.935,1.854
2.939,0.859
2.813,-0.08
2.906,3.076
2.823,1.101
2.784,2.903
2.605,1.535
2.562,1.517
2.562,3.371
2.625,2.746
2.474,0.686
2.469,0.671
2.602,0.231
2.445,1.388
2.553,3.477
2.539,2.336
2.404,0.025
2.52,2.241
2.503,2.413
2.515,0.626
2.415,0.777
2.306,1.878
2.236,2.643
2.313,-0.418
2.302,1.965
2.18,3.524
2.133,1.594
2.244,-0.133
2.166,1.397
2.104,1.117
1.917,3.189
1.952,-0.302
1.921,2.902
1.787,0.164
1.884,0.863
1.772,2.304
1.845,-0.119
1.672,1.883
1.632,-0.259
1.75,2.372
1.614,-0.211
1.552,-0.187
1.416,1.923
1.528,0.954
1.405,-0.31
1.452,-0.462
1.448,-0.185
1.41,0.89
1.246,2.484
1.075,3.178
0.964,1.281
0.946,1.005
0.94,1.049
0.942,1.993
0.936,1.94
0.914,1.875
0.807,1.707
0.775,0.306
0.74,1.799
0.677,0.218
0.635,1.015
0.577,1.516
0.266,0.847
0.371,0.882
0.1,0.96
0.222,1.294
0.171,0.675
0.048,-0.315
-0.145,3.341
-0.021,1.568
-0.169,1.792
-0.179,-0.143
-0.097,3.008
-0.264,0.384
-0.267,2.449
-0.28,3.053
-0.377,1.616
-0.286,1.209
-0.574,-0.668
-1.044,-0.437
-1.277,-0.719
-1.592,-0.775
-1.71,-0.724
-2.12,-0.52
-2.755,-0.787
3.051,-0.731
2.857,-0.582
1.193,-0.396
0.993,-0.683
0.956,-0.792
0.664,-0.625
0.721,-0.6
-0.382,-0.627
-0.566,3.554
-0.638,3.656
-1.064,3.841
-1.524,3.761
-2.649,3.858
-3.018,3.555
-2.881,3.561
3.044,3.598
-3.116,3.679
2.932,3.896
2.765,3.869
2.643,3.596
2.253,3.714
2.108,3.631
2.223,3.994
2.23,3.712
1.746,3.875
1.414,4.023
1.151,3.946
0.719,3.806
0.26,3.775
0.154,3.821
0.115,3.783
2.971,1.414
2.523,0.816
1.29,-0.351
1.028,0.967
0.693,1.652
-2.556,2.199
2.255,2.943
0.174,1.896
0.153,1.695
0.097,2.039
-0.125,0.576
-0.833,2.54
-1.813,0.916
-1.908,1.204
-2.057,1.713
-1.792,-0.656
2.471,-0.18
2.252,3.663
0.487,3.239
0.399,3.472
0.171,3.399
0.246,3.218
1.145,3.383
1.615,3.83
-0.111,-0.202
-0.118,0.18
-0.186,0.127
-0.133,-0.292
-0.16,0.331
-0.213,0.695
-0.181,0.101
-0.164,0.729
-0.182,-1.187
-0.197,-0.181
-0.225,1.318
-0.225,0.389
-0.223,0.879
-0.26,1.365
-0.264,2.363
-0.293,-1.266
-0.989,-1.383
-1.037,-1.32
-1.921,-1.461
-2.272,-1.422
-2.953,-1.554
-2.936,-1.415
2.827,-1.657
2.817,-1.401
2.787,-1.452
1.701,-1.649
1.16,-1.41
0.963,-1.63
0.401,-1.483
-0.007,-1.785
-0.374,2.979
-0.413,2.871
-0.596,2.704
-1.035,2.758
-1.025,3.024
-1.474,3.067
-1.862,2.909
-2.099,2.689
-2.088,2.987
-2.697,2.935
-2.816,2.824
-2.941,2.745
-3.036,2.702
2.718,2.872
2.425,2.775
2.214,2.932
1.97,3.093
1.889,2.805
1.139,3.116
0.898,2.665
0.617,2.801
0.195,2.827
0.087,2.877
0.098,2.755
-0.272,2.984
-0.578,2.607
-0.884,-0.021
-0.976,-0.784
-1.646,1.14
-1.629,-1.164
-2.072,-0.176
2.745,-1.011
2.264,0.986
1.431,2.295
1.137,1.571
0.681,-0.298
0.208,-0.637
1.669,-1.565
1.611,2.874
-0.238,2.641
-0.262,0.444
-0.409,0.126
-0.329,-0.013
-0.397,2.546
-0.51,-0.187
-0.639,2.143
-0.518,-1.13
-0.591,1.764
-0.613,0.311
-0.615,1.652
-0.676,1.28
-0.768,1.755
-0.879,1.597
-0.788,0.482
-0.987,2.446
-1.03,0.348
-1.09,-0.432
-1.111,1.663
-1.261,-1.351
-1.321,0.704
-1.226,0.554
-1.336,-1.076
-1.447,1.088
-1.442,0.699
-1.756,1.336
-1.643,2.334
-1.765,0.605
-1.785,2.533
-1.844,2.443
-1.95,0.274
-2.018,1.258
-2.035,0.453
-2.269,2.584
-2.249,-1.236
-2.263,-1.03
-2.49,2.333
-2.4,-0.776
-2.598,-1.152
-2.758,0.819
-2.755,0.034
-2.695,-0.185
-2.707,-1.334
-2.756,1.47
-2.784,-0.234
-2.929,0.179
-2.927,2.459
-2.882,-0.282
2.95,-0.832
3.079,-0.264
2.974,0.95
2.978,-0.045
2.852,-0.984
2.945,2.172
2.862,0.197
2.823,1.999
2.644,0.631
2.601,0.613
2.601,2.467
2.664,1.842
2.513,-0.218
2.508,-0.233
2.641,-0.673
2.484,0.484
2.592,2.573
2.578,1.432
2.443,-0.879
2.559,1.337
2.542,1.509
2.554,-0.278
2.454,-0.127
2.345,0.974
2.275,1.739
2.352,-1.322
2.341,1.061
2.219,2.62
2.172,0.69
2.283,-1.037
2.205,0.493
2.143,0.213
1.956,2.285
1.991,-1.206
1.96,1.998
1.826,-0.74
1.923,-0.041
1.811,1.4
1.884,-1.023
1.711,0.979
1.671,-1.163
1.789,1.468
1.653,-1.115
1.591,-1.091
1.455,1.019
1.567,0.05
1.444,-1.214
1.491,-1.366
1.487,-1.089
1.449,-0.014
1.285,1.58
1.114,2.274
1.003,0.377
0.985,0.101
0.979,0.145
0.981,1.089
0.975,1.036
0.953,0.971
0.846,0.803
0.814,-0.598
0.779,0.895
0.716,-0.686
0.674,0.111
0.616,0.612
0.305,-0.057
0.41,-0.022
0.139,0.056
0.261,0.39
0.21,-0.229
0.087,-1.219
-0.106,2.437
0.018,0.664
-0.13,0.888
-0.14,-1.047
-0.058,2.104
-0.225,-0.52
-0.228,1.545
-0.241,2.149
-0.338,0.712
-0.247,0.305
-0.535,-1.572
-1.005,-1.341
-1.238,-1.623
-1.553,-1.679
-1.671,-1.628
-2.081,-1.424
-2.716,-1.691
3.09,-1.635
2.896,-1.486
1.232,-1.3
1.032,-1.587
0.995,-1.696
0.703,-1.529
0.76,-1.504
-0.343,-1.531
-0.527,2.65
-0.599,2.752
-1.025,2.937
-1.485,2.857
-2.61,2.954
-2.979,2.651
-2.842,2.657
3.083,2.694
-3.077,2.775
2.971,2.992
2.804,2.965
2.682,2.692
2.292,2.81
2.147,2.727
2.262,3.09
2.269,2.808
1.785,2.971
1.453,3.119
1.19,3.042
0.758,2.902
0.299,2.871
0.193,2.917
0.154,2.879
3.01,0.51
2.562,-0.088
1.329,-1.255
1.067,0.063
0.732,0.748
-2.517,1.295
2.294,2.039
0.213,0.992
0.192,0.791
0.136,1.135
-0.086,-0.328
-0.794,1.636
-1.774,0.012
-1.869,0.3
-2.018,0.809
-1.753,-1.56
2.51,-1.084
2.291,2.759
0.526,2.335
0.438,2.568
0.21,2.495
0.285,2.314
1.184,2.479
1.654,2.926
-0.007,0.382
-0.075,0.329
-0.022,-0.09
-0.049,0.533
-0.102,0.897
-0.07,0.303
-0.053,0.931
-0.071,-0.985
-0.086,0.021
-0.114,1.52
-0.114,0.591
-0.112,1.081
-0.149,1.567
-0.153,2.565
-0.182,-1.064
-0.878,-1.181
-0.926,-1.118
-1.81,-1.259
-2.161,-1.22
-2.842,-1.352
-2.825,-1.213
2.938,-1.455
2.928,-1.199
2.898,-1.25
1.812,-1.447
1.271,-1.208
1.074,-1.428
0.512,-1.281
0.104,-1.583
-0.263,3.181
-0.302,3.073
-0.485,2.906
-0.924,2.96
-0.914,3.226
-1.363,3.269
-1.751,3.111
-1.988,2.891
-1.977,3.189
-2.586,3.137
-2.705,3.026
-2.83,2.947
-2.925,2.904
2.829,3.074
2.536,2.977
2.325,3.134
2.081,3.295
2.0,3.007
1.25,3.318
1.009,2.867
0.728,3.003
0.306,3.029
0.198,3.079
0.209,2.957
-0.161,3.186
-0.467,2.809
-0.773,0.181
-0.865,-0.582
-1.535,1.342
-1.518,-0.962
-1.961,0.026
2.856,-0.809
2.375,1.188
1.542,2.497
1.248,1.773
0.792,-0.096
0.319,-0.435
1.78,-1.363
1.722,3.076
-0.127,2.843
-0.151,0.646
-0.298,0.328
-0.218,0.189
-0.286,2.748
-0.399,0.015
-0.528,2.345
-0.407,-0.928
-0.48,1.966
-0.502,0.513
-0.504,1.854
-0.565,1.482
-0.657,1.957
-0.768,1.799
-0.677,0.684
-0.876,2.648
-0.919,0.55
-0.979,-0.23
-1.0,1.865
-1.15,-1.149
-1.21,0.906
-1.115,0.756
-1.225,-0.874
-1.336,1.29
-1.331,0.901
-1.645,1.538
-1.532,2.536
-1.654,0.807
-1.674,2.735
-1.733,2.645
-1.839,0.476
-1.907,1.46
-1.924,0.655
-2.158,2.786
-2.138,-1.034
-2.152,-0.828
-2.379,2.535
-2.289,-0.574
-2.487,-0.95
-2.647,1.021
-2.644,0.236
-2.584,0.017
-2.596,-1.132
-2.645,1.672
-2.673,-0.032
-2.818,0.381
-2.816,2.661
-2.771,-0.08
3.061,-0.63
-3.093,-0.062
3.085,1.152
3.089,0.157
2.963,-0.782
3.056,2.374
2.973,0.399
2.934,2.201
2.755,0.833
2.712,0.815
2.712,2.669
2.775,2.044
2.624,-0.016
2.619,-0.031
2.752,-0.471
2.595,0.686
2.703,2.775
2.689,1.634
2.554,-0.677
2.67,1.539
2.653,1.711
2.665,-0.076
2.565,0.075
2.456,1.176
2.386,1.941
2.463,-1.12
2.452,1.263
2.33,2.822
2.283,0.892
2.394,-0.835
2.316,0.695
2.254,0.415
2.067,2.487
2.102,-1.004
2.071,2.2
1.937,-0.538
2.034,0.161
1.922,1.602
1.995,-0.821
1.822,1.181
1.782,-0.961
1.9,1.67
1.764,-0.913
1.702,-0.889
1.566,1.221
1.678,0.252
1.555,-1.012
1.602,-1.164
1.598,-0.887
1.56,0.188
1.396,1.782
1.225,2.476
1.114,0.579
1.096,0.303
1.09,0.347
1.092,1.291
1.086,1.238
1.064,1.173
0.957,1.005
0.925,-0.396
0.89,1.097
0.827,-0.484
0.785,0.313
0.727,0.814
0.416,0.145
0.521,0.18
0.25,0.258
0.372,0.592
0.321,-0.027
0.198,-1.017
0.005,2.639
0.129,0.866
-0.019,1.09
-0.029,-0.845
0.053,2.306
-0.114,-0.318
-0.117,1.747
-0.13,2.351
-0.227,0.914
-0.136,0.507
-0.424,-1.37
-0.894,-1.139
-1.127,-1.421
-1.442,-1.477
-1.56,-1.426
-1.97,-1.222
-2.605,-1.489
-3.082,-1.433
3.007,-1.284
1.343,-1.098
1.143,-1.385
1.106,-1.494
0.814,-1.327
0.871,-1.302
-0.232,-1.329
-0.416,2.852
-0.488,2.954
-0.914,3.139
-1.374,3.059
-2.499,3.156
-2.868,2.853
-2.731,2.859
-3.089,2.896
-2.966,2.977
3.082,3.194
2.915,3.167
2.793,2.894
2.403,3.012
2.258,2.929
2.373,3.292
2.38,3.01
1.896,3.173
1.564,3.321
1.301,3.244
0.869,3.104
0.41,3.073
0.304,3.119
0.265,3.081
3.121,0.712
2.673,0.114
1.44,-1.053
1.178,0.265
0.843,0.95
-2.406,1.497
2.405,2.241
0.324,1.194
0.303,0.993
0.247,1.337
0.025,-0.126
-0.683,1.838
-1.663,0.214
-1.758,0.502
-1.907,1.011
-1.642,-1.358
2.621,-0.882
2.402,2.961
0.637,2.537
0.549,2.77
0.321,2.697
0.396,2.516
1.295,2.681
1.765,3.128
-0.068,-0.053
-0.015,-0.472
-0.042,0.151
-0.095,0.515
-0.063,-0.079
-0.046,0.549
-0.064,-1.367
-0.079,-0.361
-0.107,1.138
-0.107,0.209
-0.105,0.699
-0.142,1.185
-0.146,2.183
-0.175,-1.446
-0.871,-1.563
-0.919,-1.5
-1.803,-1.641
-2.154,-1.602
-2.835,-1.734
-2.818,-1.595
2.945,-1.837
2.935,-1.581
2.905,-1.632
1.819,-1.829
1.278,-1.59
1.081,-1.81
0.519,-1.663
0.111,-1.965
-0.256,2.799
-0.295,2.691
-0.478,2.524
-0.917,2.578
-0.907,2.844
-1.356,2.887
-1.744,2.729
-1.981,2.509
-1.97,2.807
-2.579,2.755
-2.698,2.644
-2.823,2.565
-2.918,2.522
2.836,2.692
2.543,2.595
2.332,2.752
2.088,2.913
2.007,2.625
1.257,2.936
1.016,2.485
0.735,2.621
0.313,2.647
0.205,2.697
0.216,2.575
-0.154,2.804
-0.46,2.427
-0.766,-0.201
-0.858,-0.964
-1.528,0.96
-1.511,-1.344
-1.954,-0.356
2.863,-1.191
2.382,0.806
1.549,2.115
1.255,1.391
0.799,-0.478
0.326,-0.817
1.787,-1.745
1.729,2.694
-0.12,2.461
-0.144,0.264
-0.291,-0.054
-0.211,-0.193
-0.279,2.366
-0.392,-0.367
-0.521,1.963
-0.4,-1.31
-0.473,1.584
-0.495,0.131
-0.497,1.472
-0.558,1.1
-0.65,1.575
-0.761,1.417
-0.67,0.302
-0.869,2.266
-0.912,0.168
-0.972,-0.612
-0.993,1.483
-1.143,-1.531
-1.203,0.524
-1.108,0.374
-1.218,-1.256
-1.329,0.908
-1.324,0.519
-1.638,1.156
-1.525,2.154
-1.647,0.425
-1.667,2.353
-1.726,2.263
-1.832,0.094
-1.9,1.078
-1.917,0.273
-2.151,2.404
-2.131,-1.416
-2.145,-1.21
-2.372,2.153
-2.282,-0.956
-2.48,-1.332
-2.64,0.639
-2.637,-0.146
-2.577,-0.365
-2.589,-1.514
-2.638,1.29
-2.666,-0.414
-2.811,-0.001
-2.809,2.279
-2.764,-0.462
3.068,-1.012
-3.086,-0.444
3.092,0.77
3.096,-0.225
2.97,-1.164
3.063,1.992
2.98,0.017
2.941,1.819
2.762,0.451
2.719,0.433
2.719,2.287
2.782,1.662
2.631,-0.398
2.626,-0.413
2.759,-0.853
2.602,0.304
2.71,2.393
2.696,1.252
2.561,-1.059
2.677,1.157
2.66,1.329
2.672,-0.458
2.572,-0.307
2.463,0.794
2.393,1.559
2.47,-1.502
2.459,0.881
2.337,2.44
2.29,0.51
2.401,-1.217
2.323,0.313
2.261,0.033
2.074,2.105
2.109,-1.386
2.078,1.818
1.944,-0.92
2.041,-0.221
1.929,1.22
2.002,-1.203
1.829,0.799
1.789,-1.343
1.907,1.288
1.771,-1.295
1.709,-1.271
1.573,0.839
1.685,-0.13
1.562,-1.394
1.609,-1.546
1.605,-1.269
1.567,-0.194
1.403,1.4
1.232,2.094
1.121,0.197
1.103,-0.079
1.097,-0.035
1.099,0.909
1.093,0.856
1.071,0.791
0.964,0.623
0.932,-0.778
0.897,0.715
0.834,-0.866
0.792,-0.069
0.734,0.432
0.423,-0.237
0.528,-0.202
0.257,-0.124
0.379,0.21
0.328,-0.409
0.205,-1.399
0.012,2.257
0.136,0.484
-0.012,0.708
-0.022,-1.227
0.06,1.924
-0.107,-0.7
-0.11,1.365
-0.123,1.969
-0.22,0.532
-0.129,0.125
-0.417,-1.752
-0.887,-1.521
-1.12,-1.803
-1.435,-1.859
-1.553,-1.808
-1.963,-1.604
-2.598,-1.871
-3.075,-1.815
3.014,-1.666
1.35,-1.48
1.15,-1.767
1.113,-1.876
0.821,-1.709
0.878,-1.684
-0.225,-1.711
-0.409,2.47
-0.481,2.572
-0.907,2.757
-1.367,2.677
-2.492,2.774
-2.861,2.471
-2.724,2.477
-3.082,2.514
-2.959,2.595
3.089,2.812
2.922,2.785
2.8,2.512
2.41,2.63
2.265,2.547
2.38,2.91
2.387,2.628
1.903,2.791
1.571,2.939
1.308,2.862
0.876,2.722
0.417,2.691
0.311,2.737
0.272,2.699
3.128,0.33
2.68,-0.268
1.447,-1.435
1.185,-0.117
0.85,0.568
-2.399,1.115
2.412,1.859
0.331,0.812
0.31,0.611
0.254,0.955
0.032,-0.508
-0.676,1.456
-1.656,-0.168
-1.751,0.12
-1.9,0.629
-1.635,-1.74
2.628,-1.264
2.409,2.579
0.644,2.155
0.556,2.388
0.328,2.315
0.403,2.134
1.302,2.299
1.772,2.746
0.053,-0.419
0.026,0.204
-0.027,0.568
0.005,-0.026
0.022,0.602
0.004,-1.314
-0.011,-0.308
-0.039,1.191
-0.039,0.262
-0.037,0.752
-0.074,1.238
-0.078,2.236
-0.107,-1.393
-0.803,-1.51
-0.851,-1.447
-1.735,-1.588
-2.086,-1.549
-2.767,-1.681
-2.75,-1.542
3.013,-1.784
3.003,-1.528
2.973,-1.579
1.887,-1.776
1.346,-1.537
1.149,-1.757
0.587,-1.61
0.179,-1.912
-0.188,2.852
-0.227,2.744
-0.41,2.577
-0.849,2.631
-0.839,2.897
-1.288,2.94
-1.676,2.782
-1.913,2.562
-1.902,2.86
-2.511,2.808
-2.63,2.697
-2.755,2.618
-2.85,2.575
2.904,2.745
2.611,2.648
2.4,2.805
2.156,2.966
2.075,2.678
1.325,2.989
1.084,2.538
0.803,2.674
0.381,2.7
0.273,2.75
0.284,2.628
-0.086,2.857
-0.392,2.48
-0.698,-0.148
-0.79,-0.911
-1.46,1.013
-1.443,-1.291
-1.886,-0.303
2.931,-1.138
2.45,0.859
1.617,2.168
1.323,1.444
0.867,-0.425
0.394,-0.764
1.855,-1.692
1.797,2.747
-0.052,2.514
-0.076,0.317
-0.223,-0.001
-0.143,-0.14
-0.211,2.419
-0.324,-0.314
-0.453,2.016
-0.332,-1.257
-0.405,1.637
-0.427,0.184
-0.429,1.525
-0.49,1.153
-0.582,1.628
-0.693,1.47
-0.602,0.355
-0.801,2.319
-0.844,0.221
-0.904,-0.559
-0.925,1.536
-1.075,-1.478
-1.135,0.577
-1.04,0.427
-1.15,-1.203
-1.261,0.961
-1.256,0.572
-1.57,1.209
-1.457,2.207
-1.579,0.478
-1.599,2.406
-1.658,2.316
-1.764,0.147
-1.832,1.131
-1.849,0.326
-2.083,2.457
-2.063,-1.363
-2.077,-1.157
-2.304,2.206
-2.214,-0.903
-2.412,-1.279
-2.572,0.692
-2.569,-0.093
-2.509,-0.312
-2.521,-1.461
-2.57,1.343
-2.598,-0.361
-2.743,0.052
-2.741,2.332
-2.696,-0.409
3.136,-0.959
-3.018,-0.391
-3.123,0.823
-3.119,-0.172
3.038,-1.111
3.131,2.045
3.048,0.07
3.009,1.872
2.83,0.504
2.787,0.486
2.787,2.34
2.85,1.715
2.699,-0.345
2.694,-0.36
2.827,-0.8
2.67,0.357
2.778,2.446
2.764,1.305
2.629,-1.006
2.745,1.21
2.728,1.382
2.74,-0.405
2.64,-0.254
2.531,0.847
2.461,1.612
2.538,-1.449
2.527,0.934
2.405,2.493
2.358,0.563
2.469,-1.164
2.391,0.366
2.329,0.086
2.142,2.158
2.177,-1.333
2.146,1.871
2.012,-0.867
2.109,-0.168
1.997,1.273
2.07,-1.15
1.897,0.852
1.857,-1.29
1.975,1.341
1.839,-1.242
1.777,-1.218
1.641,0.892
1.753,-0.077
1.63,-1.341
1.677,-1.493
1.673,-1.216
1.635,-0.141
1.471,1.453
1.3,2.147
1.189,0.25
1.171,-0.026
1.165,0.018
1.167,0.962
1.161,0.909
1.139,0.844
1.032,0.676
1.0,-0.725
0.965,0.768
0.902,-0.813
0.86,-0.016
0.802,0.485
0.491,-0.184
0.596,-0.149
0.325,-0.071
0.447,0.263
0.396,-0.356
0.273,-1.346
0.08,2.31
0.204,0.537
0.056,0.761
0.046,-1.174
0.128,1.977
-0.039,-0.647
-0.042,1.418
-0.055,2.022
-0.152,0.585
-0.061,0.178
-0.349,-1.699
-0.819,-1.468
-1.052,-1.75
-1.367,-1.806
-1.485,-1.755
-1.895,-1.551
-2.53,-1.818
-3.007,-1.762
3.082,-1.613
1.418,-1.427
1.218,-1.714
1.181,-1.823
0.889,-1.656
0.946,-1.631
-0.157,-1.658
-0.341,2.523
-0.413,2.625
-0.839,2.81
-1.299,2.73
-2.424,2.827
-2.793,2.524
-2.656,2.53
-3.014,2.567
-2.891,2.648
-3.126,2.865
2.99,2.838
2.868,2.565
2.478,2.683
2.333,2.6
2.448,2.963
2.455,2.681
1.971,2.844
1.639,2.992
1.376,2.915
0.944,2.775
0.485,2.744
0.379,2.79
0.34,2.752
-3.087,0.383
2.748,-0.215
1.515,-1.382
1.253,-0.064
0.918,0.621
-2.331,1.168
2.48,1.912
0.399,0.865
0.378,0.664
0.322,1.008
0.1,-0.455
-0.608,1.509
-1.588,-0.115
-1.683,0.173
-1.832,0.682
-1.567,-1.687
2.696,-1.211
2.477,2.632
0.712,2.208
0.624,2.441
0.396,2.368
0.471,2.187
1.37,2.352
1.84,2.799
-0.027,0.623
-0.08,0.987
-0.048,0.393
-0.031,1.021
-0.049,-0.895
-0.064,0.111
-0.092,1.61
-0.092,0.681
-0.09,1.171
-0.127,1.657
-0.131,2.655
-0.16,-0.974
-0.856,-1.091
-0.904,-1.028
-1.788,-1.169
-2.139,-1.13
-2.82,-1.262
-2.803,-1.123
2.96,-1.365
2.95,-1.109
2.92,-1.16
1.834,-1.357
1.293,-1.118
1.096,-1.338
0.534,-1.191
0.126,-1.493
-0.241,3.271
-0.28,3.163
-0.463,2.996
-0.902,3.05
-0.892,3.316
-1.341,3.359
-1.729,3.201
-1.966,2.981
-1.955,3.279
-2.564,3.227
-2.683,3.116
-2.808,3.037
-2.903,2.994
2.851,3.164
2.558,3.067
2.347,3.224
2.103,3.385
2.022,3.097
1.272,3.408
1.031,2.957
0.75,3.093
0.328,3.119
0.22,3.169
0.231,3.047
-0.139,3.276
-0.445,2.899
-0.751,0.271
-0.843,-0.492
-1.513,1.432
-1.496,-0.872
-1.939,0.116
2.878,-0.719
2.397,1.278
1.564,2.587
1.27,1.863
0.814,-0.006
0.341,-0.345
1.802,-1.273
1.744,3.166
-0.105,2.933
-0.129,0.736
-0.276,0.418
-0.196,0.279
-0.264,2.838
-0.377,0.105
-0.506,2.435
-0.385,-0.838
-0.458,2.056
-0.48,0.603
-0.482,1.944
-0.543,1.572
-0.635,2.047
-0.746,1.889
-0.655,0.774
-0.854,2.738
-0.897,0.64
-0.957,-0.14
-0.978,1.955
-1.128,-1.059
-1.188,0.996
-1.093,0.846
-1.203,-0.784
-1.314,1.38
-1.309,0.991
-1.623,1.628
-1.51,2.626
-1.632,0.897
-1.652,2.825
-1.711,2.735
-1.817,0.566
-1.885,1.55
-1.902,0.745
-2.136,2.876
-2.116,-0.944
-2.13,-0.738
-2.357,2.625
-2.267,-0.484
-2.465,-0.86
-2.625,1.111
-2.622,0.326
-2.562,0.107
-2.574,-1.042
-2.623,1.762
-2.651,0.058
-2.796,0.471
-2.794,2.751
-2.749,0.01
3.083,-0.54
-3.071,0.028
3.107,1.242
3.111,0.247
2.985,-0.692
3.078,2.464
2.995,0.489
2.956,2.291
2.777,0.923
2.734,0.905
2.734,2.759
2.797,2.134
2.646,0.074
2.641,0.059
2.774,-0.381
2.617,0.776
2.725,2.865
2.711,1.724
2.576,-0.587
2.692,1.629
2.675,1.801
2.687,0.014
2.587,0.165
2.478,1.266
2.408,2.031
2.485,-1.03
2.474,1.353
2.352,2.912
2.305,0.982
2.416,-0.745
2.338,0.785
2.276,0.505
2.089,2.577
2.124,-0.914
2.093,2.29
1.959,-0.448
2.056,0.251
1.944,1.692
2.017,-0.731
1.844,1.271
1.804,-0.871
1.922,1.76
1.786,-0.823
1.724,-0.799
1.588,1.311
1.7,0.342
1.577,-0.922
1.624,-1.074
1.62,-0.797
1.582,0.278
1.418,1.872
1.247,2.566
1.136,0.669
1.118,0.393
1.112,0.437
1.114,1.381
1.108,1.328
1.086,1.263
0.979,1.095
0.947,-0.306
0.912,1.187
0.849,-0.394
0.807,0.403
0.749,0.904
0.438,0.235
0.543,0.27
0.272,0.348
0.394,0.682
0.343,0.063
0.22,-0.927
0.027,2.729
0.151,0.956
0.003,1.18
-0.007,-0.755
0.075,2.396
-0.092,-0.228
-0.095,1.837
-0.108,2.441
-0.205,1.004
-0.114,0.597
-0.402,-1.28
-0.872,-1.049
-1.105,-1.331
-1.42,-1.387
-1.538,-1.336
-1.948,-1.132
-2.583,-1.399
-3.06,-1.343
3.029,-1.194
1.365,-1.008
1.165,-1.295
1.128,-1.404
0.836,-1.237
0.893,-1.212
-0.21,-1.239
-0.394,2.942
-0.466,3.044
-0.892,3.229
-1.352,3.149
-2.477,3.246
-2.846,2.943
-2.709,2.949
-3.067,2.986
-2.944,3.067
3.104,3.284
2.937,3.257
2.815,2.984
2.425,3.102
2.28,3.019
2.395,3.382
2.402,3.1
1.918,3.263
1.586,3.411
1.323,3.334
0.891,3.194
0.432,3.163
0.326,3.209
0.287,3.171
-3.14,0.802
2.695,0.204
1.462,-0.963
1.2,0.355
0.865,1.04
-2.384,1.587
2.427,2.331
0.346,1.284
0.325,1.083
0.269,1.427
0.047,-0.036
-0.661,1.928
-1.641,0.304
-1.736,0.592
-1.885,1.101
-1.62,-1.268
2.643,-0.792
2.424,3.051
0.659,2.627
0.571,2.86
0.343,2.787
0.418,2.606
1.317,2.771
1.787,3.218
-0.053,0.364
-0.021,-0.23
-0.004,0.398
-0.022,-1.518
-0.037,-0.512
-0.065,0.987
-0.065,0.058
-0.063,0.548
-0.1,1.034
-0.104,2.032
-0.133,-1.597
-0.829,-1.714
-0.877,-1.651
-1.761,-1.792
-2.112,-1.753
-2.793,-1.885
-2.776,-1.746
2.987,-1.988
2.977,-1.732
2.947,-1.783
1.861,-1.98
1.32,-1.741
1.123,-1.961
0.561,-1.814
0.153,-2.116
-0.214,2.648
-0.253,2.54
-0.436,2.373
-0.875,2.427
-0.865,2.693
-1.314,2.736
-1.702,2.578
-1.939,2.358
-1.928,2.656
-2.537,2.604
-2.656,2.493
-2.781,2.414
-2.876,2.371
2.878,2.541
2.585,2.444
2.374,2.601
2.13,2.762
2.049,2.474
1.299,2.785
1.058,2.334
0.777,2.47
0.355,2.496
0.247,2.546
0.258,2.424
-0.112,2.653
-0.418,2.276
-0.724,-0.352
-0.816,-1.115
-1.486,0.809
-1.469,-1.495
-1.912,-0.507
2.905,-1.342
2.424,0.655
1.591,1.964
1.297,1.24
0.841,-0.629
0.368,-0.968
1.829,-1.896
1.771,2.543
-0.078,2.31
-0.102,0.113
-0.249,-0.205
-0.169,-0.344
-0.237,2.215
-0.35,-0.518
-0.479,1.812
-0.358,-1.461
-0.431,1.433
-0.453,-0.02
-0.455,1.321
-0.516,0.949
-0.608,1.424
-0.719,1.266
-0.628,0.151
-0.827,2.115
-0.87,0.017
-0.93,-0.763
-0.951,1.332
-1.101,-1.682
-1.161,0.373
-1.066,0.223
-1.176,-1.407
-1.287,0.757
-1.282,0.368
-1.596,1.005
-1.483,2.003
-1.605,0.274
-1.625,2.202
-1.684,2.112
-1.79,-0.057
-1.858,0.927
-1.875,0.122
-2.109,2.253
-2.089,-1.567
-2.103,-1.361
-2.33,2.002
-2.24,-1.107
-2.438,-1.483
-2.598,0.488
-2.595,-0.297
-2.535,-0.516
-2.547,-1.665
-2.596,1.139
-2.624,-0.565
-2.769,-0.152
-2.767,2.128
-2.722,-0.613
3.11,-1.163
-3.044,-0.595
3.134,0.619
3.138,-0.376
3.012,-1.315
3.105,1.841
3.022,-0.134
2.983,1.668
2.804,0.3
2.761,0.282
2.761,2.136
2.824,1.511
2.673,-0.549
2.668,-0.564
2.801,-1.004
2.644,0.153
2.752,2.242
2.738,1.101
2.603,-1.21
2.719,1.006
2.702,1.178
2.714,-0.609
2.614,-0.458
2.505,0.643
2.435,1.408
2.512,-1.653
2.501,0.73
2.379,2.289
2.332,0.359
2.443,-1.368
2.365,0.162
2.303,-0.118
2.116,1.954
2.151,-1.537
2.12,1.667
1.986,-1.071
2.083,-0.372
1.971,1.069
2.044,-1.354
1.871,0.648
1.831,-1.494
1.949,1.137
1.813,-1.446
1.751,-1.422
1.615,0.688
1.727,-0.281
1.604,-1.545
1.651,-1.697
1.647,-1.42
1.609,-0.345
1.445,1.249
1.274,1.943
1.163,0.046
1.145,-0.23
1.139,-0.186
1.141,0.758
1.135,0.705
1.113,0.64
1.006,0.472
0.974,-0.929
0.939,0.564
0.876,-1.017
0.834,-0.22
0.776,0.281
0.465,-0.388
0.57,-0.353
0.299,-0.275
0.421,0.059
0.37,-0.56
0.247,-1.55
0.054,2.106
0.178,0.333
0.03,0.557
0.02,-1.378
0.102,1.773
-0.065,-0.851
-0.068,1.214
-0.081,1.818
-0.178,0.381
-0.087,-0.026
-0.375,-1.903
-0.845,-1.672
-1.078,-1.954
-1.393,-2.01
-1.511,-1.959
-1.921,-1.755
-2.556,-2.022
-3.033,-1.966
3.056,-1.817
1.392,-1.631
1.192,-1.918
1.155,-2.027
0.863,-1.86
0.92,-1.835
-0.183,-1.862
-0.367,2.319
-0.439,2.421
-0.865,2.606
-1.325,2.526
-2.45,2.623
-2.819,2.32
-2.682,2.326
-3.04,2.363
-2.917,2.444
3.131,2.661
2.964,2.634
2.842,2.361
2.452,2.479
2.307,2.396
2.422,2.759
2.429,2.477
1.945,2.64
1.613,2.788
1.35,2.711
0.918,2.571
0.459,2.54
0.353,2.586
0.314,2.548
-3.113,0.179
2.722,-0.419
1.489,-1.586
1.227,-0.268
0.892,0.417
-2.357,0.964
2.454,1.708
0.373,0.661
0.352,0.46
0.296,0.804
0.074,-0.659
-0.634,1.305
-1.614,-0.319
-1.709,-0.031
-1.858,0.478
-1.593,-1.891
2.67,-1.415
2.451,2.428
0.686,2.004
0.598,2.237
0.37,2.164
0.445,1.983
1.344,2.148
1.814,2.595
0.032,-0.594
0.049,0.034
0.031,-1.882
0.016,-0.876
-0.012,0.623
-0.012,-0.306
-0.01,0.184
-0.047,0.67
-0.051,1.668
-0.08,-1.961
-0.776,-2.078
-0.824,-2.015
-1.708,-2.156
-2.059,-2.117
-2.74,-2.249
-2.723,-2.11
3.04,-2.352
3.03,-2.096
3.0,-2.147
1.914,-2.344
1.373,-2.105
1.176,-2.325
0.614,-2.178
0.206,-2.48
-0.161,2.284
-0.2,2.176
-0.383,2.009
-0.822,2.063
-0.812,2.329
-1.261,2.372
-1.649,2.214
-1.886,1.994
-1.875,2.292
-2.484,2.24
-2.603,2.129
-2.728,2.05
-2.823,2.007
2.931,2.177
2.638,2.08
2.427,2.237
2.183,2.398
2.102,2.11
1.352,2.421
1.111,1.97
0.83,2.106
0.408,2.132
0.3,2.182
0.311,2.06
-0.059,2.289
-0.365,1.912
-0.671,-0.716
-0.763,-1.479
-1.433,0.445
-1.416,-1.859
-1.859,-0.871
2.958,-1.706
2.477,0.291
1.644,1.6
1.35,0.876
0.894,-0.993
0.421,-1.332
1.882,-2.26
1.824,2.179
-0.025,1.946
-0.049,-0.251
-0.196,-0.569
-0.116,-0.708
-0.184,1.851
-0.297,-0.882
-0.426,1.448
-0.305,-1.825
-0.378,1.069
-0.4,-0.384
-0.402,0.957
-0.463,0.585
-0.555,1.06
-0.666,0.902
-0.575,-0.213
-0.774,1.751
-0.817,-0.347
-0.877,-1.127
-0.898,0.968
-1.048,-2.046
-1.108,0.009
-1.013,-0.141
-1.123,-1.771
-1.234,0.393
-1.229,0.004
-1.543,0.641
-1.43,1.639
-1.552,-0.09
-1.572,1.838
-1.631,1.748
-1.737,-0.421
-1.805,0.563
-1.822,-0.242
-2.056,1.889
-2.036,-1.931
-2.05,-1.725
-2.277,1.638
-2.187,-1.471
-2.385,-1.847
-2.545,0.124
-2.542,-0.661
-2.482,-0.88
-2.494,-2.029
-2.543,0.775
-2.571,-0.929
-2.716,-0.516
-2.714,1.764
-2.669,-0.977
-3.12,-1.527
-2.991,-0.959
-3.096,0.255
-3.092,-0.74
3.065,-1.679
-3.125,1.477
3.075,-0.498
3.036,1.304
2.857,-0.064
2.814,-0.082
2.814,1.772
2.877,1.147
2.726,-0.913
2.721,-0.928
2.854,-1.368
2.697,-0.211
2.805,1.878
2.791,0.737
2.656,-1.574
2.772,0.642
2.755,0.814
2.767,-0.973
2.667,-0.822
2.558,0.279
2.488,1.044
2.565,-2.017
2.554,0.366
2.432,1.925
2.385,-0.005
2.496,-1.732
2.418,-0.202
2.356,-0.482
2.169,1.59
2.204,-1.901
2.173,1.303
2.039,-1.435
2.136,-0.736
2.024,0.705
2.097,-1.718
1.924,0.284
1.884,-1.858
2.002,0.773
1.866,-1.81
1.804,-1.786
1.668,0.324
1.78,-0.645
1.657,-1.909
1.704,-2.061
1.7,-1.784
1.662,-0.709
1.498,0.885
1.327,1.579
1.216,-0.318
1.198,-0.594
1.192,-0.55
1.194,0.394
1.188,0.341
1.166,0.276
1.059,0.108
1.027,-1.293
0.992,0.2
0.929,-1.381
0.887,-0.584
0.829,-0.083
0.518,-0.752
0.623,-0.717
0.352,-0.639
0.474,-0.305
0.423,-0.924
0.3,-1.914
0.107,1.742
0.231,-0.031
0.083,0.193
0.073,-1.742
0.155,1.409
-0.012,-1.215
-0.015,0.85
-0.028,1.454
-0.125,0.017
-0.034,-0.39
-0.322,-2.267
-0.792,-2.036
-1.025,-2.318
-1.34,-2.374
-1.458,-2.323
-1.868,-2.119
-2.503,-2.386
-2.98,-2.33
3.109,-2.181
1.445,-1.995
1.245,-2.282
1.208,-2.391
0.916,-2.224
0.973,-2.199
-0.13,-2.226
-0.314,1.955
-0.386,2.057
-0.812,2.242
-1.272,2.162
-2.397,2.259
-2.766,1.956
-2.629,1.962
-2.987,1.999
-2.864,2.08
-3.099,2.297
3.017,2.27
2.895,1.997
2.505,2.115
2.36,2.032
2.475,2.395
2.482,2.113
1.998,2.276
1.666,2.424
1.403,2.347
0.971,2.207
0.512,2.176
0.406,2.222
0.367,2.184
-3.06,-0.185
2.775,-0.783
1.542,-1.95
1.28,-0.632
0.945,0.053
-2.304,0.6
2.507,1.344
0.426,0.297
0.405,0.096
0.349,0.44
0.127,-1.023
-0.581,0.941
-1.561,-0.683
-1.656,-0.395
-1.805,0.114
-1.54,-2.255
2.723,-1.779
2.504,2.064
0.739,1.64
0.651,1.873
0.423,1.8
0.498,1.619
1.397,1.784
1.867,2.231
0.017,0.628
-0.001,-1.288
-0.016,-0.282
-0.044,1.217
-0.044,0.288
-0.042,0.778
-0.079,1.264
-0.083,2.262
-0.112,-1.367
-0.808,-1.484
-0.856,-1.421
-1.74,-1.562
-2.091,-1.523
-2.772,-1.655
-2.755,-1.516
3.008,-1.758
2.998,-1.502
2.968,-1.553
1.882,-1.75
1.341,-1.511
1.144,-1.731
0.582,-1.584
0.174,-1.886
-0.193,2.878
-0.232,2.77
-0.415,2.603
-0.854,2.657
-0.844,2.923
-1.293,2.966
-1.681,2.808
-1.918,2.588
-1.907,2.886
-2.516,2.834
-2.635,2.723
-2.76,2.644
-2.855,2.601
2.899,2.771
2.606,2.674
2.395,2.831
2.151,2.992
2.07,2.704
1.32,3.015
1.079,2.564
0.798,2.7
0.376,2.726
0.268,2.776
0.279,2.654
-0.091,2.883
-0.397,2.506
-0.703,-0.122
-0.795,-0.885
-1.465,1.039
-1.448,-1.265
-1.891,-0.277
2.926,-1.112
2.445,0.885
1.612,2.194
1.318,1.47
0.862,-0.399
0.389,-0.738
1.85,-1.666
1.792,2.773
-0.057,2.54
-0.081,0.343
-0.228,0.025
-0.148,-0.114
-0.216,2.445
-0.329,-0.288
-0.458,2.042
-0.337,-1.231
-0.41,1.663
-0.432,0.21
-0.434,1.551
-0.495,1.179
-0.587,1.654
-0.698,1.496
-0.607,0.381
-0.806,2.345
-0.849,0.247
-0.909,-0.533
-0.93,1.562
-1.08,-1.452
-1.14,0.603
-1.045,0.453
-1.155,-1.177
-1.266,0.987
-1.261,0.598
-1.575,1.235
-1.462,2.233
-1.584,0.504
-1.604,2.432
-1.663,2.342
-1.769,0.173
-1.837,1.157
-1.854,0.352
-2.088,2.483
-2.068,-1.337
-2.082,-1.131
-2.309,2.232
-2.219,-0.877
-2.417,-1.253
-2.577,0.718
-2.574,-0.067
-2.514,-0.286
-2.526,-1.435
-2.575,1.369
-2.603,-0.335
-2.748,0.078
-2.746,2.358
-2.701,-0.383
3.131,-0.933
-3.023,-0.365
-3.128,0.849
-3.124,-0.146
3.033,-1.085
3.126,2.071
3.043,0.096
3.004,1.898
2.825,0.53
2.782,0.512
2.782,2.366
2.845,1.741
2.694,-0.319
2.689,-0.334
2.822,-0.774
2.665,0.383
2.773,2.472
2.759,1.331
2.624,-0.98
2.74,1.236
2.723,1.408
2.735,-0.379
2.635,-0.228
2.526,0.873
2.456,1.638
2.533,-1.423
2.522,0.96
2.4,2.519
2.353,0.589
2.464,-1.138
2.386,0.392
2.324,0.112
2.137,2.184
2.172,-1.307
2.141,1.897
2.007,-0.841
2.104,-0.142
1.992,1.299
2.065,-1.124
1.892,0.878
1.852,-1.264
1.97,1.367
1.834,-1.216
1.772,-1.192
1.636,0.918
1.748,-0.051
1.625,-1.315
1.672,-1.467
1.668,-1.19
1.63,-0.115
1.466,1.479
1.295,2.173
1.184,0.276
1.166,0.0
1.16,0.044
1.162,0.988
1.156,0.935
1.134,0.87
1.027,0.702
0.995,-0.699
0.96,0.794
0.897,-0.787
0.855,0.01
0.797,0.511
0.486,-0.158
0.591,-0.123
0.32,-0.045
0.442,0.289
0.391,-0.33
0.268,-1.32
0.075,2.336
0.199,0.563
0.051,0.787
0.041,-1.148
0.123,2.003
-0.044,-0.621
-0.047,1.444
-0.06,2.048
-0.157,0.611
-0.066,0.204
-0.354,-1.673
-0.824,-1.442
-1.057,-1.724
-1.372,-1.78
-1.49,-1.729
-1.9,-1.525
-2.535,-1.792
-3.012,-1.736
3.077,-1.587
1.413,-1.401
1.213,-1.688
1.176,-1.797
0.884,-1.63
0.941,-1.605
-0.162,-1.632
-0.346,2.549
-0.418,2.651
-0.844,2.836
-1.304,2.756
-2.429,2.853
-2.798,2.55
-2.661,2.556
-3.019,2.593
-2.896,2.674
-3.131,2.891
2.985,2.864
2.863,2.591
2.473,2.709
2.328,2.626
2.443,2.989
2.45,2.707
1.966,2.87
1.634,3.018
1.371,2.941
0.939,2.801
0.48,2.77
0.374,2.816
0.335,2.778
-3.092,0.409
2.743,-0.189
1.51,-1.356
1.248,-0.038
0.913,0.647
-2.336,1.194
2.475,1.938
0.394,0.891
0.373,0.69
0.317,1.034
0.095,-0.429
-0.613,1.535
-1.593,-0.089
-1.688,0.199
-1.837,0.708
-1.572,-1.661
2.691,-1.185
2.472,2.658
0.707,2.234
0.619,2.467
0.391,2.394
0.466,2.213
1.365,2.378
1.835,2.825
-0.018,-1.916
-0.033,-0.91
-0.061,0.589
-0.061,-0.34
-0.059,0.15
-0.096,0.636
-0.1,1.634
-0.129,-1.995
-0.825,-2.112
-0.873,-2.049
-1.757,-2.19
-2.108,-2.151
-2.789,-2.283
-2.772,-2.144
2.991,-2.386
2.981,-2.13
2.951,-2.181
1.865,-2.378
1.324,-2.139
1.127,-2.359
0.565,-2.212
0.157,-2.514
-0.21,2.25
-0.249,2.142
-0.432,1.975
-0.871,2.029
-0.861,2.295
-1.31,2.338
-1.698,2.18
-1.935,1.96
-1.924,2.258
-2.533,2.206
-2.652,2.095
-2.777,2.016
-2.872,1.973
2.882,2.143
2.589,2.046
2.378,2.203
2.134,2.364
2.053,2.076
1.303,2.387
1.062,1.936
0.781,2.072
0.359,2.098
0.251,2.148
0.262,2.026
-0.108,2.255
-0.414,1.878
-0.72,-0.75
-0.812,-1.513
-1.482,0.411
-1.465,-1.893
-1.908,-0.905
2.909,-1.74
2.428,0.257
1.595,1.566
1.301,0.842
0.845,-1.027
0.372,-1.366
1.833,-2.294
1.775,2.145
-0.074,1.912
-0.098,-0.285
-0.245,-0.603
-0.165,-0.742
-0.233,1.817
-0.346,-0.916
-0.475,1.414
-0.354,-1.859
-0.427,1.035
-0.449,-0.418
-0.451,0.923
-0.512,0.551
-0.604,1.026
-0.715,0.868
-0.624,-0.247
-0.823,1.717
-0.866,-0.381
-0.926,-1.161
-0.947,0.934
-1.097,-2.08
-1.157,-0.025
-1.062,-0.175
-1.172,-1.805
-1.283,0.359
-1.278,-0.03
-1.592,0.607
-1.479,1.605
-1.601,-0.124
-1.621,1.804
-1.68,1.714
-1.786,-0.455
-1.854,0.529
-1.871,-0.276
-2.105,1.855
-2.085,-1.965
-2.099,-1.759
-2.326,1.604
-2.236,-1.505
-2.434,-1.881
-2.594,0.09
-2.591,-0.695
-2.531,-0.914
-2.543,-2.063
-2.592,0.741
-2.62,-0.963
-2.765,-0.55
-2.763,1.73
-2.718,-1.011
3.114,-1.561
-3.04,-0.993
3.138,0.221
-3.141,-0.774
3.016,-1.713
3.109,1.443
3.026,-0.532
2.987,1.27
2.808,-0.098
2.765,-0.116
2.765,1.738
2.828,1.113
2.677,-0.947
2.672,-0.962
2.805,-1.402
2.648,-0.245
2.756,1.844
2.742,0.703
2.607,-1.608
2.723,0.608
2.706,0.78
2.718,-1.007
2.618,-0.856
2.509,0.245
2.439,1.01
2.516,-2.051
2.505,0.332
2.383,1.891
2.336,-0.039
2.447,-1.766
2.369,-0.236
2.307,-0.516
2.12,1.556
2.155,-1.935
2.124,1.269
1.99,-1.469
2.087,-0.77
1.975,0.671
2.048,-1.752
1.875,0.25
1.835,-1.892
1.953,0.739
1.817,-1.844
1.755,-1.82
1.619,0.29
1.731,-0.679
1.608,-1.943
1.655,-2.095
1.651,-1.818
1.613,-0.743
1.449,0.851
1.278,1.545
1.167,-0.352
1.149,-0.628
1.143,-0.584
1.145,0.36
1.139,0.307
1.117,0.242
1.01,0.074
0.978,-1.327
0.943,0.166
0.88,-1.415
0.838,-0.618
0.78,-0.117
0.469,-0.786
0.574,-0.751
0.303,-0.673
0.425,-0.339
0.374,-0.958
0.251,-1.948
0.058,1.708
0.182,-0.065
0.034,0.159
0.024,-1.776
0.106,1.375
-0.061,-1.249
-0.064,0.816
-0.077,1.42
-0.174,-0.017
-0.083,-0.424
-0.371,-2.301
-0.841,-2.07
-1.074,-2.352
-1.389,-2.408
-1.507,-2.357
-1.917,-2.153
-2.552,-2.42
-3.029,-2.364
3.06,-2.215
1.396,-2.029
1.196,-2.316
1.159,-2.425
0.867,-2.258
0.924,-2.233
-0.179,-2.26
-0.363,1.921
-0.435,2.023
-0.861,2.208
-1.321,2.128
-2.446,2.225
-2.815,1.922
-2.678,1.928
-3.036,1.965
-2.913,2.046
3.135,2.263
2.968,2.236
2.846,1.963
2.456,2.081
2.311,1.998
2.426,2.361
2.433,2.079
1.949,2.242
1.617,2.39
1.354,2.313
0.922,2.173
0.463,2.142
0.357,2.188
0.318,2.15
-3.109,-0.219
2.726,-0.817
1.493,-1.984
1.231,-0.666
0.896,0.019
-2.353,0.566
2.458,1.31
0.377,0.263
0.356,0.062
0.3,0.406
0.078,-1.057
-0.63,0.907
-1.61,-0.717
-1.705,-0.429
-1.854,0.08
-1.589,-2.289
2.674,-1.813
2.455,2.03
0.69,1.606
0.602,1.839
0.374,1.766
0.449,1.585
1.348,1.75
1.818,2.197
-0.015,1.006
-0.043,2.505
-0.043,1.576
-0.041,2.066
-0.078,2.552
-0.082,3.55
-0.111,-0.079
-0.807,-0.196
-0.855,-0.133
-1.739,-0.274
-2.09,-0.235
-2.771,-0.367
-2.754,-0.228
3.009,-0.47
2.999,-0.214
2.969,-0.265
1.883,-0.462
1.342,-0.223
1.145,-0.443
0.583,-0.296
0.175,-0.598
-0.192,4.166
-0.231,4.058
-0.414,3.891
-0.853,3.945
-0.843,4.211
-1.292,4.254
-1.68,4.096
-1.917,3.876
-1.906,4.174
-2.515,4.122
-2.634,4.011
-2.759,3.932
-2.854,3.889
2.9,4.059
2.607,3.962
2.396,4.119
2.152,4.28
2.071,3.992
1.321,4.303
1.08,3.852
0.799,3.988
0.377,4.014
0.269,4.064
0.28,3.942
-0.09,4.171
-0.396,3.794
-0.702,1.166
-0.794,0.403
-1.464,2.327
-1.447,0.023
-1.89,1.011
2.927,0.176
2.446,2.173
1.613,3.482
1.319,2.758
0.863,0.889
0.39,0.55
1.851,-0.378
1.793,4.061
-0.056,3.828
-0.08,1.631
-0.227,1.313
-0.147,1.174
-0.215,3.733
-0.328,1.0
-0.457,3.33
-0.336,0.057
-0.409,2.951
-0.431,1.498
-0.433,2.839
-0.494,2.467
-0.586,2.942
-0.697,2.784
-0.606,1.669
-0.805,3.633
-0.848,1.535
-0.908,0.755
-0.929,2.85
-1.079,-0.164
-1.139,1.891
-1.044,1.741
-1.154,0.111
-1.265,2.275
-1.26,1.886
-1.574,2.523
-1.461,3.521
-1.583,1.792
-1.603,3.72
-1.662,3.63
-1.768,1.461
-1.836,2.445
-1.853,1.64
-2.087,3.771
-2.067,-0.049
-2.081,0.157
-2.308,3.52
-2.218,0.411
-2.416,0.035
-2.576,2.006
-2.573,1.221
-2.513,1.002
-2.525,-0.147
-2.574,2.657
-2.602,0.953
-2.747,1.366
-2.745,3.646
-2.7,0.905
3.132,0.355
-3.022,0.923
-3.127,2.137
-3.123,1.142
3.034,0.203
3.127,3.359
3.044,1.384
3.005,3.186
2.826,1.818
2.783,1.8
2.783,3.654
2.846,3.029
2.695,0.969
2.69,0.954
2.823,0.514
2.666,1.671
2.774,3.76
2.76,2.619
2.625,0.308
2.741,2.524
2.724,2.696
2.736,0.909
2.636,1.06
2.527,2.161
2.457,2.926
2.534,-0.135
2.523,2.248
2.401,3.807
2.354,1.877
2.465,0.15
2.387,1.68
2.325,1.4
2.138,3.472
2.173,-0.019
2.142,3.185
2.008,0.447
2.105,1.146
1.993,2.587
2.066,0.164
1.893,2.166
1.853,0.024
1.971,2.655
1.835,0.072
1.773,0.096
1.637,2.206
1.749,1.237
1.626,-0.027
1.673,-0.179
1.669,0.098
1.631,1.173
1.467,2.767
1.296,3.461
1.185,1.564
1.167,1.288
1.161,1.332
1.163,2.276
1.157,2.223
1.135,2.158
1.028,1.99
0.996,0.589
0.961,2.082
0.898,0.501
0.856,1.298
0.798,1.799
0.487,1.13
0.592,1.165
0.321,1.243
0.443,1.577
0.392,0.958
0.269,-0.032
0.076,3.624
0.2,1.851
0.052,2.075
0.042,0.14
0.124,3.291
-0.043,0.667
-0.046,2.732
-0.059,3.336
-0.156,1.899
-0.065,1.492
-0.353,-0.385
-0.823,-0.154
-1.056,-0.436
-1.371,-0.492
-1.489,-0.441
-1.899,-0.237
-2.534,-0.504
-3.011,-0.448
3.078,-0.299
1.414,-0.113
1.214,-0.4
1.177,-0.509
0.885,-0.342
0.942,-0.317
-0.161,-0.344
-0.345,3.837
-0.417,3.939
-0.843,4.124
-1.303,4.044
-2.428,4.141
-2.797,3.838
-2.66,3.844
-3.018,3.881
-2.895,3.962
-3.13,4.179
2.986,4.152
2.864,3.879
2.474,3.997
2.329,3.914
2.444,4.277
2.451,3.995
1.967,4.158
1.635,4.306
1.372,4.229
0.94,4.089
0.481,4.058
0.375,4.104
0.336,4.066
-3.091,1.697
2.744,1.099
1.511,-0.068
1.249,1.25
0.914,1.935
-2.335,2.482
2.476,3.226
0.395,2.179
0.374,1.978
0.318,2.322
0.096,0.859
-0.612,2.823
-1.592,1.199
-1.687,1.487
-1.836,1.996
-1.571,-0.373
2.692,0.103
2.473,3.946
0.708,3.522
0.62,3.755
0.392,3.682
0.467,3.501
1.366,3.666
1.836,4.113
-0.028,1.499
-0.028,0.57
-0.026,1.06
-0.063,1.546
-0.067,2.544
-0.096,-1.085
-0.792,-1.202
-0.84,-1.139
-1.724,-1.28
-2.075,-1.241
-2.756,-1.373
-2.739,-1.234
3.024,-1.476
3.014,-1.22
2.984,-1.271
1.898,-1.468
1.357,-1.229
1.16,-1.449
0.598,-1.302
0.19,-1.604
-0.177,3.16
-0.216,3.052
-0.399,2.885
-0.838,2.939
-0.828,3.205
-1.277,3.248
-1.665,3.09
-1.902,2.87
-1.891,3.168
-2.5,3.116
-2.619,3.005
-2.744,2.926
-2.839,2.883
2.915,3.053
2.622,2.956
2.411,3.113
2.167,3.274
2.086,2.986
1.336,3.297
1.095,2.846
0.814,2.982
0.392,3.008
0.284,3.058
0.295,2.936
-0.075,3.165
-0.381,2.788
-0.687,0.16
-0.779,-0.603
-1.449,1.321
-1.432,-0.983
-1.875,0.005
2.942,-0.83
2.461,1.167
1.628,2.476
1.334,1.752
0.878,-0.117
0.405,-0.456
1.866,-1.384
1.808,3.055
-0.041,2.822
-0.065,0.625
-0.212,0.307
-0.132,0.168
-0.2,2.727
-0.313,-0.006
-0.442,2.324
-0.321,-0.949
-0.394,1.945
-0.416,0.492
-0.418,1.833
-0.479,1.461
-0.571,1.936
-0.682,1.778
-0.591,0.663
-0.79,2.627
-0.833,0.529
-0.893,-0.251
-0.914,1.844
-1.064,-1.17
-1.124,0.885
-1.029,0.735
-1.139,-0.895
-1.25,1.269
-1.245,0.88
-1.559,1.517
-1.446,2.515
-1.568,0.786
-1.588,2.714
-1.647,2.624
-1.753,0.455
-1.821,1.439
-1.838,0.634
-2.072,2.765
-2.052,-1.055
-2.066,-0.849
-2.293,2.514
-2.203,-0.595
-2.401,-0.971
-2.561,1.0
-2.558,0.215
-2.498,-0.004
-2.51,-1.153
-2.559,1.651
-2.587,-0.053
-2.732,0.36
-2.73,2.64
-2.685,-0.101
-3.136,-0.651
-3.007,-0.083
-3.112,1.131
-3.108,0.136
3.049,-0.803
-3.141,2.353
3.059,0.378
3.02,2.18
2.841,0.812
2.798,0.794
2.798,2.648
2.861,2.023
2.71,-0.037
2.705,-0.052
2.838,-0.492
2.681,0.665
2.789,2.754
2.775,1.613
2.64,-0.698
2.756,1.518
2.739,1.69
2.751,-0.097
2.651,0.054
2.542,1.155
2.472,1.92
2.549,-1.141
2.538,1.242
2.416,2.801
2.369,0.871
2.48,-0.856
2.402,0.674
2.34,0.394
2.153,2.466
2.188,-1.025
2.157,2.179
2.023,-0.559
2.12,0.14
2.008,1.581
2.081,-0.842
1.908,1.16
1.868,-0.982
1.986,1.649
1.85,-0.934
1.788,-0.91
1.652,1.2
1.764,0.231
1.641,-1.033
1.688,-1.185
1.684,-0.908
1.646,0.167
1.482,1.761
1.311,2.455
1.2,0.558
1.182,0.282
1.176,0.326
1.178,1.27
1.172,1.217
1.15,1.152
1.043,0.984
1.011,-0.417
0.976,1.076
0.913,-0.505
0.871,0.292
0.813,0.793
0.502,0.124
0.607,0.159
0.336,0.237
0.458,0.571
0.407,-0.048
0.284,-1.038
0.091,2.618
0.215,0.845
0.067,1.069
0.057,-0.866
0.139,2.285
-0.028,-0.339
-0.031,1.726
-0.044,2.33
-0.141,0.893
-0.05,0.486
-0.338,-1.391
-0.808,-1.16
-1.041,-1.442
-1.356,-1.498
-1.474,-1.447
-1.884,-1.243
-2.519,-1.51
-2.996,-1.454
3.093,-1.305
1.429,-1.119
1.229,-1.406
1.192,-1.515
0.9,-1.348
0.957,-1.323
-0.146,-1.35
-0.33,2.831
-0.402,2.933
-0.828,3.118
-1.288,3.038
-2.413,3.135
-2.782,2.832
-2.645,2.838
-3.003,2.875
-2.88,2.956
-3.115,3.173
3.001,3.146
2.879,2.873
2.489,2.991
2.344,2.908
2.459,3.271
2.466,2.989
1.982,3.152
1.65,3.3
1.387,3.223
0.955,3.083
0.496,3.052
0.39,3.098
0.351,3.06
-3.076,0.691
2.759,0.093
1.526,-1.074
1.264,0.244
0.929,0.929
-2.32,1.476
2.491,2.22
0.41,1.173
0.389,0.972
0.333,1.316
0.111,-0.147
-0.597,1.817
-1.577,0.193
-1.672,0.481
-1.821,0.99
-1.556,-1.379
2.707,-0.903
2.488,2.94
0.723,2.516
0.635,2.749
0.407,2.676
0.482,2.495
1.381,2.66
1.851,3.107
0.0,-0.929
0.002,-0.439
-0.035,0.047
-0.039,1.045
-0.068,-2.584
-0.764,-2.701
-0.812,-2.638
-1.696,-2.779
-2.047,-2.74
-2.728,-2.872
-2.711,-2.733
3.052,-2.975
3.042,-2.719
3.012,-2.77
1.926,-2.967
1.385,-2.728
1.188,-2.948
0.626,-2.801
0.218,-3.103
-0.149,1.661
-0.188,1.553
-0.371,1.386
-0.81,1.44
-0.8,1.706
-1.249,1.749
-1.637,1.591
-1.874,1.371
-1.863,1.669
-2.472,1.617
-2.591,1.506
-2.716,1.427
-2.811,1.384
2.943,1.554
2.65,1.457
2.439,1.614
2.195,1.775
2.114,1.487
1.364,1.798
1.123,1.347
0.842,1.483
0.42,1.509
0.312,1.559
0.323,1.437
-0.047,1.666
-0.353,1.289
-0.659,-1.339
-0.751,-2.102
-1.421,-0.178
-1.404,-2.482
-1.847,-1.494
2.97,-2.329
2.489,-0.332
1.656,0.977
1.362,0.253
0.906,-1.616
0.433,-1.955
1.894,-2.883
1.836,1.556
-0.013,1.323
-0.037,-0.874
-0.184,-1.192
-0.104,-1.331
-0.172,1.228
-0.285,-1.505
-0.414,0.825
-0.293,-2.448
-0.366,0.446
-0.388,-1.007
-0.39,0.334
-0.451,-0.038
-0.543,0.437
-0.654,0.279
-0.563,-0.836
-0.762,1.128
-0.805,-0.97
-0.865,-1.75
-0.886,0.345
-1.036,-2.669
-1.096,-0.614
-1.001,-0.764
-1.111,-2.394
-1.222,-0.23
-1.217,-0.619
-1.531,0.018
-1.418,1.016
-1.54,-0.713
-1.56,1.215
-1.619,1.125
-1.725,-1.044
-1.793,-0.06
-1.81,-0.865
-2.044,1.266
-2.024,-2.554
-2.038,-2.348
-2.265,1.015
-2.175,-2.094
-2.373,-2.47
-2.533,-0.499
-2.53,-1.284
-2.47,-1.503
-2.482,-2.652
-2.531,0.152
-2.559,-1.552
-2.704,-1.139
-2.702,1.141
-2.657,-1.6
-3.108,-2.15
-2.979,-1.582
-3.084,-0.368
-3.08,-1.363
3.077,-2.302
-3.113,0.854
3.087,-1.121
3.048,0.681
2.869,-0.687
2.826,-0.705
2.826,1.149
2.889,0.524
2.738,-1.536
2.733,-1.551
2.866,-1.991
2.709,-0.834
2.817,1.255
2.803,0.114
2.668,-2.197
2.784,0.019
2.767,0.191
2.779,-1.596
2.679,-1.445
2.57,-0.344
2.5,0.421
2.577,-2.64
2.566,-0.257
2.444,1.302
2.397,-0.628
2.508,-2.355
2.43,-0.825
2.368,-1.105
2.181,0.967
2.216,-2.524
2.185,0.68
2.051,-2.058
2.148,-1.359
2.036,0.082
2.109,-2.341
1.936,-0.339
1.896,-2.481
2.014,0.15
1.878,-2.433
1.816,-2.409
1.68,-0.299
1.792,-1.268
1.669,-2.532
1.716,-2.684
1.712,-2.407
1.674,-1.332
1.51,0.262
1.339,0.956
1.228,-0.941
1.21,-1.217
1.204,-1.173
1.206,-0.229
1.2,-0.282
1.178,-0.347
1.071,-0.515
1.039,-1.916
1.004,-0.423
0.941,-2.004
0.899,-1.207
0.841,-0.706
0.53,-1.375
0.635,-1.34
0.364,-1.262
0.486,-0.928
0.435,-1.547
0.312,-2.537
0.119,1.119
0.243,-0.654
0.095,-0.43
0.085,-2.365
0.167,0.786
0.0,-1.838
-0.003,0.227
-0.016,0.831
-0.113,-0.606
-0.022,-1.013
-0.31,-2.89
-0.78,-2.659
-1.013,-2.941
-1.328,-2.997
-1.446,-2.946
-1.856,-2.742
-2.491,-3.009
-2.968,-2.953
3.121,-2.804
1.457,-2.618
1.257,-2.905
1.22,-3.014
0.928,-2.847
0.985,-2.822
-0.118,-2.849
-0.302,1.332
-0.374,1.434
-0.8,1.619
-1.26,1.539
-2.385,1.636
-2.754,1.333
-2.617,1.339
-2.975,1.376
-2.852,1.457
-3.087,1.674
3.029,1.647
2.907,1.374
2.517,1.492
2.372,1.409
2.487,1.772
2.494,1.49
2.01,1.653
1.678,1.801
1.415,1.724
0.983,1.584
0.524,1.553
0.418,1.599
0.379,1.561
-3.048,-0.808
2.787,-1.406
1.554,-2.573
1.292,-1.255
0.957,-0.57
-2.292,-0.023
2.519,0.721
0.438,-0.326
0.417,-0.527
0.361,-0.183
0.139,-1.646
-0.569,0.318
-1.549,-1.306
-1.644,-1.018
-1.793,-0.509
-1.528,-2.878
2.735,-2.402
2.516,1.441
0.751,1.017
0.663,1.25
0.435,1.177
0.51,0.996
1.409,1.161
1.879,1.608
0.002,0.49
-0.035,0.976
-0.039,1.974
-0.068,-1.655
-0.764,-1.772
-0.812,-1.709
-1.696,-1.85
-2.047,-1.811
-2.728,-1.943
-2.711,-1.804
3.052,-2.046
3.042,-1.79
3.012,-1.841
1.926,-2.038
1.385,-1.799
1.188,-2.019
0.626,-1.872
0.218,-2.174
-0.149,2.59
-0.188,2.482
-0.371,2.315
-0.81,2.369
-0.8,2.635
-1.249,2.678
-1.637,2.52
-1.874,2.3
-1.863,2.598
-2.472,2.546
-2.591,2.435
-2.716,2.356
-2.811,2.313
2.943,2.483
2.65,2.386
2.439,2.543
2.195,2.704
2.114,2.416
1.364,2.727
1.123,2.276
0.842,2.412
0.42,2.438
0.312,2.488
0.323,2.366
-0.047,2.595
-0.353,2.218
-0.659,-0.41
-0.751,-1.173
-1.421,0.751
-1.404,-1.553
-1.847,-0.565
2.97,-1.4
2.489,0.597
1.656,1.906
1.362,1.182
0.906,-0.687
0.433,-1.026
1.894,-1.954
1.836,2.485
-0.013,2.252
-0.037,0.055
-0.184,-0.263
-0.104,-0.402
-0.172,2.157
-0.285,-0.576
-0.414,1.754
-0.293,-1.519
-0.366,1.375
-0.388,-0.078
-0.39,1.263
-0.451,0.891
-0.543,1.366
-0.654,1.208
-0.563,0.093
-0.762,2.057
-0.805,-0.041
-0.865,-0.821
-0.886,1.274
-1.036,-1.74
-1.096,0.315
-1.001,0.165
-1.111,-1.465
-1.222,0.699
-1.217,0.31
-1.531,0.947
-1.418,1.945
-1.54,0.216
-1.56,2.144
-1.619,2.054
-1.725,-0.115
-1.793,0.869
-1.81,0.064
-2.044,2.195
-2.024,-1.625
-2.038,-1.419
-2.265,1.944
-2.175,-1.165
-2.373,-1.541
-2.533,0.43
-2.53,-0.355
-2.47,-0.574
-2.482,-1.723
-2.531,1.081
-2.559,-0.623
-2.704,-0.21
-2.702,2.07
-2.657,-0.671
-3.108,-1.221
-2.979,-0.653
-3.084,0.561
-3.08,-0.434
3.077,-1.373
-3.113,1.783
3.087,-0.192
3.048,1.61
2.869,0.242
2.826,0.224
2.826,2.078
2.889,1.453
2.738,-0.607
2.733,-0.622
2.866,-1.062
2.709,0.095
2.817,2.184
2.803,1.043
2.668,-1.268
2.784,0.948
2.767,1.12
2.779,-0.667
2.679,-0.516
2.57,0.585
2.5,1.35
2.577,-1.711
2.566,0.672
2.444,2.231
2.397,0.301
2.508,-1.426
2.43,0.104
2.368,-0.176
2.181,1.896
2.216,-1.595
2.185,1.609
2.051,-1.129
2.148,-0.43
2.036,1.011
2.109,-1.412
1.936,0.59
1.896,-1.552
2.014,1.079
1.878,-1.504
1.816,-1.48
1.68,0.63
1.792,-0.339
1.669,-1.603
1.716,-1.755
1.712,-1.478
1.674,-0.403
1.51,1.191
1.339,1.885
1.228,-0.012
1.21,-0.288
1.204,-0.244
1.206,0.7
1.2,0.647
1.178,0.582
1.071,0.414
1.039,-0.987
1.004,0.506
0.941,-1.075
0.899,-0.278
0.841,0.223
0.53,-0.446
0.635,-0.411
0.364,-0.333
0.486,0.001
0.435,-0.618
0.312,-1.608
0.119,2.048
0.243,0.275
0.095,0.499
0.085,-1.436
0.167,1.715
0.0,-0.909
-0.003,1.156
-0.016,1.76
-0.113,0.323
-0.022,-0.084
-0.31,-1.961
-0.78,-1.73
-1.013,-2.012
-1.328,-2.068
-1.446,-2.017
-1.856,-1.813
-2.491,-2.08
-2.968,-2.024
3.121,-1.875
1.457,-1.689
1.257,-1.976
1.22,-2.085
0.928,-1.918
0.985,-1.893
-0.118,-1.92
-0.302,2.261
-0.374,2.363
-0.8,2.548
-1.26,2.468
-2.385,2.565
-2.754,2.262
-2.617,2.268
-2.975,2.305
-2.852,2.386
-3.087,2.603
3.029,2.576
2.907,2.303
2.517,2.421
2.372,2.338
2.487,2.701
2.494,2.419
2.01,2.582
1.678,2.73
1.415,2.653
0.983,2.513
0.524,2.482
0.418,2.528
0.379,2.49
-3.048,0.121
2.787,-0.477
1.554,-1.644
1.292,-0.326
0.957,0.359
-2.292,0.906
2.519,1.65
0.438,0.603
0.417,0.402
0.361,0.746
0.139,-0.717
-0.569,1.247
-1.549,-0.377
-1.644,-0.089
-1.793,0.42
-1.528,-1.949
2.735,-1.473
2.516,2.37
0.751,1.946
0.663,2.179
0.435,2.106
0.51,1.925
1.409,2.09
1.879,2.537
-0.037,0.486
-0.041,1.484
-0.07,-2.145
-0.766,-2.262
-0.814,-2.199
-1.698,-2.34
-2.049,-2.301
-2.73,-2.433
-2.713,-2.294
3.05,-2.536
3.04,-2.28
3.01,-2.331
1.924,-2.528
1.383,-2.289
1.186,-2.509
0.624,-2.362
0.216,-2.664
-0.151,2.1
-0.19,1.992
-0.373,1.825
-0.812,1.879
-0.802,2.145
-1.251,2.188
-1.639,2.03
-1.876,1.81
-1.865,2.108
-2.474,2.056
-2.593,1.945
-2.718,1.866
-2.813,1.823
2.941,1.993
2.648,1.896
2.437,2.053
2.193,2.214
2.112,1.926
1.362,2.237
1.121,1.786
0.84,1.922
0.418,1.948
0.31,1.998
0.321,1.876
-0.049,2.105
-0.355,1.728
-0.661,-0.9
-0.753,-1.663
-1.423,0.261
-1.406,-2.043
-1.849,-1.055
2.968,-1.89
2.487,0.107
1.654,1.416
1.36,0.692
0.904,-1.177
0.431,-1.516
1.892,-2.444
1.834,1.995
-0.015,1.762
-0.039,-0.435
-0.186,-0.753
-0.106,-0.892
-0.174,1.667
-0.287,-1.066
-0.416,1.264
-0.295,-2.009
-0.368,0.885
-0.39,-0.568
-0.392,0.773
-0.453,0.401
-0.545,0.876
-0.656,0.718
-0.565,-0.397
-0.764,1.567
-0.807,-0.531
-0.867,-1.311
-0.888,0.784
-1.038,-2.23
-1.098,-0.175
-1.003,-0.325
-1.113,-1.955
-1.224,0.209
-1.219,-0.18
-1.533,0.457
-1.42,1.455
-1.542,-0.274
-1.562,1.654
-1.621,1.564
-1.727,-0.605
-1.795,0.379
-1.812,-0.426
-2.046,1.705
-2.026,-2.115
-2.04,-1.909
-2.267,1.454
-2.177,-1.655
-2.375,-2.031
-2.535,-0.06
-2.532,-0.845
-2.472,-1.064
-2.484,-2.213
-2.533,0.591
-2.561,-1.113
-2.706,-0.7
-2.704,1.58
-2.659,-1.161
-3.11,-1.711
-2.981,-1.143
-3.086,0.071
-3.082,-0.924
3.075,-1.863
-3.115,1.293
3.085,-0.682
3.046,1.12
2.867,-0.248
2.824,-0.266
2.824,1.588
2.887,0.963
2.736,-1.097
2.731,-1.112
2.864,-1.552
2.707,-0.395
2.815,1.694
2.801,0.553
2.666,-1.758
2.782,0.458
2.765,0.63
2.777,-1.157
2.677,-1.006
2.568,0.095
2.498,0.86
2.575,-2.201
2.564,0.182
2.442,1.741
2.395,-0.189
2.506,-1.916
2.428,-0.386
2.366,-0.666
2.179,1.406
2.214,-2.085
2.183,1.119
2.049,-1.619
2.146,-0.92
2.034,0.521
2.107,-1.902
1.934,0.1
1.894,-2.042
2.012,0.589
1.876,-1.994
1.814,-1.97
1.678,0.14
1.79,-0.829
1.667,-2.093
1.714,-2.245
1.71,-1.968
1.672,-0.893
1.508,0.701
1.337,1.395
1.226,-0.502
1.208,-0.778
1.202,-0.734
1.204,0.21
1.198,0.157
1.176,0.092
1.069,-0.076
1.037,-1.477
1.002,0.016
0.939,-1.565
0.897,-0.768
0.839,-0.267
0.528,-0.936
0.633,-0.901
0.362,-0.823
0.484,-0.489
0.433,-1.108
0.31,-2.098
0.117,1.558
0.241,-0.215
0.093,0.009
0.083,-1.926
0.165,1.225
-0.002,-1.399
-0.005,0.666
-0.018,1.27
-0.115,-0.167
-0.024,-0.574
-0.312,-2.451
-0.782,-2.22
-1.015,-2.502
-1.33,-2.558
-1.448,-2.507
-1.858,-2.303
-2.493,-2.57
-2.97,-2.514
3.119,-2.365
1.455,-2.179
1.255,-2.466
1.218,-2.575
0.926,-2.408
0.983,-2.383
-0.12,-2.41
-0.304,1.771
-0.376,1.873
-0.802,2.058
-1.262,1.978
-2.387,2.075
-2.756,1.772
-2.619,1.778
-2.977,1.815
-2.854,1.896
-3.089,2.113
3.027,2.086
2.905,1.813
2.515,1.931
2.37,1.848
2.485,2.211
2.492,1.929
2.008,2.092
1.676,2.24
1.413,2.163
0.981,2.023
0.522,1.992
0.416,2.038
0.377,2.0
-3.05,-0.369
2.785,-0.967
1.552,-2.134
1.29,-0.816
0.955,-0.131
-2.294,0.416
2.517,1.16
0.436,0.113
0.415,-0.088
0.359,0.256
0.137,-1.207
-0.571,0.757
-1.551,-0.867
-1.646,-0.579
-1.795,-0.07
-1.53,-2.439
2.733,-1.963
2.514,1.88
0.749,1.456
0.661,1.689
0.433,1.616
0.508,1.435
1.407,1.6
1.877,2.047
-0.004,0.998
-0.033,-2.631
-0.729,-2.748
-0.777,-2.685
-1.661,-2.826
-2.012,-2.787
-2.693,-2.919
-2.676,-2.78
3.087,-3.022
3.077,-2.766
3.047,-2.817
1.961,-3.014
1.42,-2.775
1.223,-2.995
0.661,-2.848
0.253,-3.15
-0.114,1.614
-0.153,1.506
-0.336,1.339
-0.775,1.393
-0.765,1.659
-1.214,1.702
-1.602,1.544
-1.839,1.324
-1.828,1.622
-2.437,1.57
-2.556,1.459
-2.681,1.38
-2.776,1.337
2.978,1.507
2.685,1.41
2.474,1.567
2.23,1.728
2.149,1.44
1.399,1.751
1.158,1.3
0.877,1.436
0.455,1.462
0.347,1.512
0.358,1.39
-0.012,1.619
-0.318,1.242
-0.624,-1.386
-0.716,-2.149
-1.386,-0.225
-1.369,-2.529
-1.812,-1.541
3.005,-2.376
2.524,-0.379
1.691,0.93
1.397,0.206
0.941,-1.663
0.468,-2.002
1.929,-2.93
1.871,1.509
0.022,1.276
-0.002,-0.921
-0.149,-1.239
-0.069,-1.378
-0.137,1.181
-0.25,-1.552
-0.379,0.778
-0.258,-2.495
-0.331,0.399
-0.353,-1.054
-0.355,0.287
-0.416,-0.085
-0.508,0.39
-0.619,0.232
-0.528,-0.883
-0.727,1.081
-0.77,-1.017
-0.83,-1.797
-0.851,0.298
-1.001,-2.716
-1.061,-0.661
-0.966,-0.811
-1.076,-2.441
-1.187,-0.277
-1.182,-0.666
-1.496,-0.029
-1.383,0.969
-1.505,-0.76
-1.525,1.168
-1.584,1.078
-1.69,-1.091
-1.758,-0.107
-1.775,-0.912
-2.009,1.219
-1.989,-2.601
-2.003,-2.395
-2.23,0.968
-2.14,-2.141
-2.338,-2.517
-2.498,-0.546
-2.495,-1.331
-2.435,-1.55
-2.447,-2.699
-2.496,0.105
-2.524,-1.599
-2.669,-1.186
-2.667,1.094
-2.622,-1.647
-3.073,-2.197
-2.944,-1.629
-3.049,-0.415
-3.045,-1.41
3.112,-2.349
-3.078,0.807
3.122,-1.168
3.083,0.634
2.904,-0.734
2.861,-0.752
2.861,1.102
2.924,0.477
2.773,-1.583
2.768,-1.598
2.901,-2.038
2.744,-0.881
2.852,1.208
2.838,0.067
2.703,-2.244
2.819,-0.028
2.802,0.144
2.814,-1.643
2.714,-1.492
2.605,-0.391
2.535,0.374
2.612,-2.687
2.601,-0.304
2.479,1.255
2.432,-0.675
2.543,-2.402
2.465,-0.872
2.403,-1.152
2.216,0.92
2.251,-2.571
2.22,0.633
2.086,-2.105
2.183,-1.406
2.071,0.035
2.144,-2.388
1.971,-0.386
1.931,-2.528
2.049,0.103
1.913,-2.48
1.851,-2.456
1.715,-0.346
1.827,-1.315
1.704,-2.579
1.751,-2.731
1.747,-2.454
1.709,-1.379
1.545,0.215
1.374,0.909
1.263,-0.988
1.245,-1.264
1.239,-1.22
1.241,-0.276
1.235,-0.329
1.213,-0.394
1.106,-0.562
1.074,-1.963
1.039,-0.47
0.976,-2.051
0.934,-1.254
0.876,-0.753
0.565,-1.422
0.67,-1.387
0.399,-1.309
0.521,-0.975
0.47,-1.594
0.347,-2.584
0.154,1.072
0.278,-0.701
0.13,-0.477
0.12,-2.412
0.202,0.739
0.035,-1.885
0.032,0.18
0.019,0.784
-0.078,-0.653
0.013,-1.06
-0.275,-2.937
-0.745,-2.706
-0.978,-2.988
-1.293,-3.044
-1.411,-2.993
-1.821,-2.789
-2.456,-3.056
-2.933,-3.0
-3.127,-2.851
1.492,-2.665
1.292,-2.952
1.255,-3.061
0.963,-2.894
1.02,-2.869
-0.083,-2.896
-0.267,1.285
-0.339,1.387
-0.765,1.572
-1.225,1.492
-2.35,1.589
-2.719,1.286
-2.582,1.292
-2.94,1.329
-2.817,1.41
-3.052,1.627
3.064,1.6
2.942,1.327
2.552,1.445
2.407,1.362
2.522,1.725
2.529,1.443
2.045,1.606
1.713,1.754
1.45,1.677
1.018,1.537
0.559,1.506
0.453,1.552
0.414,1.514
-3.013,-0.855
2.822,-1.453
1.589,-2.62
1.327,-1.302
0.992,-0.617
-2.257,-0.07
2.554,0.674
0.473,-0.373
0.452,-0.574
0.396,-0.23
0.174,-1.693
-0.534,0.271
-1.514,-1.353
-1.609,-1.065
-1.758,-0.556
-1.493,-2.925
2.77,-2.449
2.551,1.394
0.786,0.97
0.698,1.203
0.47,1.13
0.545,0.949
1.444,1.114
1.914,1.561
-0.029,-3.629
-0.725,-3.746
-0.773,-3.683
-1.657,-3.824
-2.008,-3.785
-2.689,-3.917
-2.672,-3.778
3.091,-4.02
3.081,-3.764
3.051,-3.815
1.965,-4.012
1.424,-3.773
1.227,-3.993
0.665,-3.846
0.257,-4.148
-0.11,0.616
-0.149,0.508
-0.332,0.341
-0.771,0.395
-0.761,0.661
-1.21,0.704
-1.598,0.546
-1.835,0.326
-1.824,0.624
-2.433,0.572
-2.552,0.461
-2.677,0.382
-2.772,0.339
2.982,0.509
2.689,0.412
2.478,0.569
2.234,0.73
2.153,0.442
1.403,0.753
1.162,0.302
0.881,0.438
0.459,0.464
0.351,0.514
0.362,0.392
-0.008,0.621
-0.314,0.244
-0.62,-2.384
-0.712,-3.147
-1.382,-1.223
-1.365,-3.527
-1.808,-2.539
3.009,-3.374
2.528,-1.377
1.695,-0.068
1.401,-0.792
0.945,-2.661
0.472,-3.0
1.933,-3.928
1.875,0.511
0.026,0.278
0.002,-1.919
-0.145,-2.237
-0.065,-2.376
-0.133,0.183
-0.246,-2.55
-0.375,-0.22
-0.254,-3.493
-0.327,-0.599
-0.349,-2.052
-0.351,-0.711
-0.412,-1.083
-0.504,-0.608
-0.615,-0.766
-0.524,-1.881
-0.723,0.083
-0.766,-2.015
-0.826,-2.795
-0.847,-0.7
-0.997,-3.714
-1.057,-1.659
-0.962,-1.809
-1.072,-3.439
-1.183,-1.275
-1.178,-1.664
-1.492,-1.027
-1.379,-0.029
-1.501,-1.758
-1.521,0.17
-1.58,0.08
-1.686,-2.089
-1.754,-1.105
-1.771,-1.91
-2.005,0.221
-1.985,-3.599
-1.999,-3.393
-2.226,-0.03
-2.136,-3.139
-2.334,-3.515
-2.494,-1.544
-2.491,-2.329
-2.431,-2.548
-2.443,-3.697
-2.492,-0.893
-2.52,-2.597
-2.665,-2.184
-2.663,0.096
-2.618,-2.645
-3.069,-3.195
-2.94,-2.627
-3.045,-1.413
-3.041,-2.408
3.116,-3.347
-3.074,-0.191
3.126,-2.166
3.087,-0.364
2.908,-1.732
2.865,-1.75
2.865,0.104
2.928,-0.521
2.777,-2.581
2.772,-2.596
2.905,-3.036
2.748,-1.879
2.856,0.21
2.842,-0.931
2.707,-3.242
2.823,-1.026
2.806,-0.854
2.818,-2.641
2.718,-2.49
2.609,-1.389
2.539,-0.624
2.616,-3.685
2.605,-1.302
2.483,0.257
2.436,-1.673
2.547,-3.4
2.469,-1.87
2.407,-2.15
2.22,-0.078
2.255,-3.569
2.224,-0.365
2.09,-3.103
2.187,-2.404
2.075,-0.963
2.148,-3.386
1.975,-1.384
1.935,-3.526
2.053,-0.895
1.917,-3.478
1.855,-3.454
1.719,-1.344
1.831,-2.313
1.708,-3.577
1.755,-3.729
1.751,-3.452
1.713,-2.377
1.549,-0.783
1.378,-0.089
1.267,-1.986
1.249,-2.262
1.243,-2.218
1.245,-1.274
1.239,-1.327
1.217,-1.392
1.11,-1.56
1.078,-2.961
1.043,-1.468
0.98,-3.049
0.938,-2.252
0.88,-1.751
0.569,-2.42
0.674,-2.385
0.403,-2.307
0.525,-1.973
0.474,-2.592
0.351,-3.582
0.158,0.074
0.282,-1.699
0.134,-1.475
0.124,-3.41
0.206,-0.259
0.039,-2.883
0.036,-0.818
0.023,-0.214
-0.074,-1.651
0.017,-2.058
-0.271,-3.935
-0.741,-3.704
-0.974,-3.986
-1.289,-4.042
-1.407,-3.991
-1.817,-3.787
-2.452,-4.054
-2.929,-3.998
-3.123,-3.849
1.496,-3.663
1.296,-3.95
1.259,-4.059
0.967,-3.892
1.024,-3.867
-0.079,-3.894
-0.263,0.287
-0.335,0.389
-0.761,0.574
-1.221,0.494
-2.346,0.591
-2.715,0.288
-2.578,0.294
-2.936,0.331
-2.813,0.412
-3.048,0.629
3.068,0.602
2.946,0.329
2.556,0.447
2.411,0.364
2.526,0.727
2.533,0.445
2.049,0.608
1.717,0.756
1.454,0.679
1.022,0.539
0.563,0.508
0.457,0.554
0.418,0.516
-3.009,-1.853
2.826,-2.451
1.593,-3.618
1.331,-2.3
0.996,-1.615
-2.253,-1.068
2.558,-0.324
0.477,-1.371
0.456,-1.572
0.4,-1.228
0.178,-2.691
-0.53,-0.727
-1.51,-2.351
-1.605,-2.063
-1.754,-1.554
-1.489,-3.923
2.774,-3.447
2.555,0.396
0.79,-0.028
0.702,0.205
0.474,0.132
0.549,-0.049
1.448,0.116
1.918,0.563
-0.696,-0.117
-0.744,-0.054
-1.628,-0.195
-1.979,-0.156
-2.66,-0.288
-2.643,-0.149
3.12,-0.391
3.11,-0.135
3.08,-0.186
1.994,-0.383
1.453,-0.144
1.256,-0.364
0.694,-0.217
0.286,-0.519
-0.081,4.245
-0.12,4.137
-0.303,3.97
-0.742,4.024
-0.732,4.29
-1.181,4.333
-1.569,4.175
-1.806,3.955
-1.795,4.253
-2.404,4.201
-2.523,4.09
-2.648,4.011
-2.743,3.968
3.011,4.138
2.718,4.041
2.507,4.198
2.263,4.359
2.182,4.071
1.432,4.382
1.191,3.931
0.91,4.067
0.488,4.093
0.38,4.143
0.391,4.021
0.021,4.25
-0.285,3.873
-0.591,1.245
-0.683,0.482
-1.353,2.406
-1.336,0.102
-1.779,1.09
3.038,0.255
2.557,2.252
1.724,3.561
1.43,2.837
0.974,0.968
0.501,0.629
1.962,-0.299
1.904,4.14
0.055,3.907
0.031,1.71
-0.116,1.392
-0.036,1.253
-0.104,3.812
-0.217,1.079
-0.346,3.409
-0.225,0.136
-0.298,3.03
-0.32,1.577
-0.322,2.918
-0.383,2.546
-0.475,3.021
-0.586,2.863
-0.495,1.748
-0.694,3.712
-0.737,1.614
-0.797,0.834
-0.818,2.929
-0.968,-0.085
-1.028,1.97
-0.933,1.82
-1.043,0.19
-1.154,2.354
-1.149,1.965
-1.463,2.602
-1.35,3.6
-1.472,1.871
-1.492,3.799
-1.551,3.709
-1.657,1.54
-1.725,2.524
-1.742,1.719
-1.976,3.85
-1.956,0.03
-1.97,0.236
-2.197,3.599
-2.107,0.49
-2.305,0.114
-2.465,2.085
-2.462,1.3
-2.402,1.081
-2.414,-0.068
-2.463,2.736
-2.491,1.032
-2.636,1.445
-2.634,3.725
-2.589,0.984
-3.04,0.434
-2.911,1.002
-3.016,2.216
-3.012,1.221
-3.138,0.282
-3.045,3.438
-3.128,1.463
3.116,3.265
2.937,1.897
2.894,1.879
2.894,3.733
2.957,3.108
2.806,1.048
2.801,1.033
2.934,0.593
2.777,1.75
2.885,3.839
2.871,2.698
2.736,0.387
2.852,2.603
2.835,2.775
2.847,0.988
2.747,1.139
2.638,2.24
2.568,3.005
2.645,-0.056
2.634,2.327
2.512,3.886
2.465,1.956
2.576,0.229
2.498,1.759
2.436,1.479
2.249,3.551
2.284,0.06
2.253,3.264
2.119,0.526
2.216,1.225
2.104,2.666
2.177,0.243
2.004,2.245
1.964,0.103
2.082,2.734
1.946,0.151
1.884,0.175
1.748,2.285
1.86,1.316
1.737,0.052
1.784,-0.1
1.78,0.177
1.742,1.252
1.578,2.846
1.407,3.54
1.296,1.643
1.278,1.367
1.272,1.411
1.274,2.355
1.268,2.302
1.246,2.237
1.139,2.069
1.107,0.668
1.072,2.161
1.009,0.58
0.967,1.377
0.909,1.878
0.598,1.209
0.703,1.244
0.432,1.322
0.554,1.656
0.503,1.037
0.38,0.047
0.187,3.703
0.311,1.93
0.163,2.154
0.153,0.219
0.235,3.37
0.068,0.746
0.065,2.811
0.052,3.415
-0.045,1.978
0.046,1.571
-0.242,-0.306
-0.712,-0.075
-0.945,-0.357
-1.26,-0.413
-1.378,-0.362
-1.788,-0.158
-2.423,-0.425
-2.9,-0.369
-3.094,-0.22
1.525,-0.034
1.325,-0.321
1.288,-0.43
0.996,-0.263
1.053,-0.238
-0.05,-0.265
-0.234,3.916
-0.306,4.018
-0.732,4.203
-1.192,4.123
-2.317,4.22
-2.686,3.917
-2.549,3.923
-2.907,3.96
-2.784,4.041
-3.019,4.258
3.097,4.231
2.975,3.958
2.585,4.076
2.44,3.993
2.555,4.356
2.562,4.074
2.078,4.237
1.746,4.385
1.483,4.308
1.051,4.168
0.592,4.137
0.486,4.183
0.447,4.145
-2.98,1.776
2.855,1.178
1.622,0.011
1.36,1.329
1.025,2.014
-2.224,2.561
2.587,3.305
0.506,2.258
0.485,2.057
0.429,2.401
0.207,0.938
-0.501,2.902
-1.481,1.278
-1.576,1.566
-1.725,2.075
-1.46,-0.294
2.803,0.182
2.584,4.025
0.819,3.601
0.731,3.834
0.503,3.761
0.578,3.58
1.477,3.745
1.947,4.192
-0.048,0.063
-0.932,-0.078
-1.283,-0.039
-1.964,-0.171
-1.947,-0.032
-2.467,-0.274
-2.477,-0.018
-2.507,-0.069
2.69,-0.266
2.149,-0.027
1.952,-0.247
1.39,-0.1
0.982,-0.402
0.615,4.362
0.576,4.254
0.393,4.087
-0.046,4.141
-0.036,4.407
-0.485,4.45
-0.873,4.292
-1.11,4.072
-1.099,4.37
-1.708,4.318
-1.827,4.207
-1.952,4.128
-2.047,4.085
-2.576,4.255
-2.869,4.158
-3.08,4.315
2.959,4.476
2.878,4.188
2.128,4.499
1.887,4.048
1.606,4.184
1.184,4.21
1.076,4.26
1.087,4.138
0.717,4.367
0.411,3.99
0.105,1.362
0.013,0.599
-0.657,2.523
-0.64,0.219
-1.083,1.207
-2.549,0.372
-3.03,2.369
2.42,3.678
2.126,2.954
1.67,1.085
1.197,0.746
2.658,-0.182
2.6,4.257
0.751,4.024
0.727,1.827
0.58,1.509
0.66,1.37
0.592,3.929
0.479,1.196
0.35,3.526
0.471,0.253
0.398,3.147
0.376,1.694
0.374,3.035
0.313,2.663
0.221,3.138
0.11,2.98
0.201,1.865
0.002,3.829
-0.041,1.731
-0.101,0.951
-0.122,3.046
-0.272,0.032
-0.332,2.087
-0.237,1.937
-0.347,0.307
-0.458,2.471
-0.453,2.082
-0.767,2.719
-0.654,3.717
-0.776,1.988
-0.796,3.916
-0.855,3.826
-0.961,1.657
-1.029,2.641
-1.046,1.836
-1.28,3.967
-1.26,0.147
-1.274,0.353
-1.501,3.716
-1.411,0.607
-1.609,0.231
-1.769,2.202
-1.766,1.417
-1.706,1.198
-1.718,0.049
-1.767,2.853
-1.795,1.149
-1.94,1.562
-1.938,3.842
-1.893,1.101
-2.344,0.551
-2.215,1.119
-2.32,2.333
-2.316,1.338
-2.442,0.399
-2.349,3.555
-2.432,1.58
-2.471,3.382
-2.65,2.014
-2.693,1.996
-2.693,3.85
-2.63,3.225
-2.781,1.165
-2.786,1.15
-2.653,0.71
-2.81,1.867
-2.702,3.956
-2.716,2.815
-2.851,0.504
-2.735,2.72
-2.752,2.892
-2.74,1.105
-2.84,1.256
-2.949,2.357
-3.019,3.122
-2.942,0.061
-2.953,2.444
-3.075,4.003
-3.122,2.073
-3.011,0.346
-3.089,1.876
3.132,1.596
2.945,3.668
2.98,0.177
2.949,3.381
2.815,0.643
2.912,1.342
2.8,2.783
2.873,0.36
2.7,2.362
2.66,0.22
2.778,2.851
2.642,0.268
2.58,0.292
2.444,2.402
2.556,1.433
2.433,0.169
2.48,0.017
2.476,0.294
2.438,1.369
2.274,2.963
2.103,3.657
1.992,1.76
1.974,1.484
1.968,1.528
1.97,2.472
1.964,2.419
1.942,2.354
1.835,2.186
1.803,0.785
1.768,2.278
1.705,0.697
1.663,1.494
1.605,1.995
1.294,1.326
1.399,1.361
1.128,1.439
1.25,1.773
1.199,1.154
1.076,0.164
0.883,3.82
1.007,2.047
0.859,2.271
0.849,0.336
0.931,3.487
0.764,0.863
0.761,2.928
0.748,3.532
0.651,2.095
0.742,1.688
0.454,-0.189
-0.016,0.042
-0.249,-0.24
-0.564,-0.296
-0.682,-0.245
-1.092,-0.041
-1.727,-0.308
-2.204,-0.252
-2.398,-0.103
2.221,0.083
2.021,-0.204
1.984,-0.313
1.692,-0.146
1.749,-0.121
0.646,-0.148
0.462,4.033
0.39,4.135
-0.036,4.32
-0.496,4.24
-1.621,4.337
-1.99,4.034
-1.853,4.04
-2.211,4.077
-2.088,4.158
-2.323,4.375
-2.49,4.348
-2.612,4.075
-3.002,4.193
3.136,4.11
-3.032,4.473
-3.025,4.191
2.774,4.354
2.442,4.502
2.179,4.425
1.747,4.285
1.288,4.254
1.182,4.3
1.143,4.262
-2.284,1.893
-2.732,1.295
2.318,0.128
2.056,1.446
1.721,2.131
-1.528,2.678
-3.0,3.422
1.202,2.375
1.181,2.174
1.125,2.518
0.903,1.055
0.195,3.019
-0.785,1.395
-0.88,1.683
-1.029,2.192
-0.764,-0.177
-2.784,0.299
-3.003,4.142
1.515,3.718
1.427,3.951
1.199,3.878
1.274,3.697
2.173,3.862
2.643,4.309
-0.884,-0.141
-1.235,-0.102
-1.916,-0.234
-1.899,-0.095
-2.419,-0.337
-2.429,-0.081
-2.459,-0.132
2.738,-0.329
2.197,-0.09
2.0,-0.31
1.438,-0.163
1.03,-0.465
0.663,4.299
0.624,4.191
0.441,4.024
0.002,4.078
0.012,4.344
-0.437,4.387
-0.825,4.229
-1.062,4.009
-1.051,4.307
-1.66,4.255
-1.779,4.144
-1.904,4.065
-1.999,4.022
-2.528,4.192
-2.821,4.095
-3.032,4.252
3.007,4.413
2.926,4.125
2.176,4.436
1.935,3.985
1.654,4.121
1.232,4.147
1.124,4.197
1.135,4.075
0.765,4.304
0.459,3.927
0.153,1.299
0.061,0.536
-0.609,2.46
-0.592,0.156
-1.035,1.144
-2.501,0.309
-2.982,2.306
2.468,3.615
2.174,2.891
1.718,1.022
1.245,0.683
2.706,-0.245
2.648,4.194
0.799,3.961
0.775,1.764
0.628,1.446
0.708,1.307
0.64,3.866
0.527,1.133
0.398,3.463
0.519,0.19
0.446,3.084
0.424,1.631
0.422,2.972
0.361,2.6
0.269,3.075
0.158,2.917
0.249,1.802
0.05,3.766
0.007,1.668
-0.053,0.888
-0.074,2.983
-0.224,-0.031
-0.284,2.024
-0.189,1.874
-0.299,0.244
-0.41,2.408
-0.405,2.019
-0.719,2.656
-0.606,3.654
-0.728,1.925
-0.748,3.853
-0.807,3.763
-0.913,1.594
-0.981,2.578
-0.998,1.773
-1.232,3.904
-1.212,0.084
-1.226,0.29
-1.453,3.653
-1.363,0.544
-1.561,0.168
-1.721,2.139
-1.718,1.354
-1.658,1.135
-1.67,-0.014
-1.719,2.79
-1.747,1.086
-1.892,1.499
-1.89,3.779
-1.845,1.038
-2.296,0.488
-2.167,1.056
-2.272,2.27
-2.268,1.275
-2.394,0.336
-2.301,3.492
-2.384,1.517
-2.423,3.319
-2.602,1.951
-2.645,1.933
-2.645,3.787
-2.582,3.162
-2.733,1.102
-2.738,1.087
-2.605,0.647
-2.762,1.804
-2.654,3.893
-2.668,2.752
-2.803,0.441
-2.687,2.657
-2.704,2.829
-2.692,1.042
-2.792,1.193
-2.901,2.294
-2.971,3.059
-2.894,-0.002
-2.905,2.381
-3.027,3.94
-3.074,2.01
-2.963,0.283
-3.041,1.813
-3.103,1.533
2.993,3.605
3.028,0.114
2.997,3.318
2.863,0.58
2.96,1.279
2.848,2.72
2.921,0.297
2.748,2.299
2.708,0.157
2.826,2.788
2.69,0.205
2.628,0.229
2.492,2.339
2.604,1.37
2.481,0.106
2.528,-0.046
2.524,0.231
2.486,1.306
2.322,2.9
2.151,3.594
2.04,1.697
2.022,1.421
2.016,1.465
2.018,2.409
2.012,2.356
1.99,2.291
1.883,2.123
1.851,0.722
1.816,2.215
1.753,0.634
1.711,1.431
1.653,1.932
1.342,1.263
1.447,1.298
1.176,1.376
1.298,1.71
1.247,1.091
1.124,0.101
0.931,3.757
1.055,1.984
0.907,2.208
0.897,0.273
0.979,3.424
0.812,0.8
0.809,2.865
0.796,3.469
0.699,2.032
0.79,1.625
0.502,-0.252
0.032,-0.021
-0.201,-0.303
-0.516,-0.359
-0.634,-0.308
-1.044,-0.104
-1.679,-0.371
-2.156,-0.315
-2.35,-0.166
2.269,0.02
2.069,-0.267
2.032,-0.376
1.74,-0.209
1.797,-0.184
0.694,-0.211
0.51,3.97
0.438,4.072
0.012,4.257
-0.448,4.177
-1.573,4.274
-1.942,3.971
-1.805,3.977
-2.163,4.014
-2.04,4.095
-2.275,4.312
-2.442,4.285
-2.564,4.012
-2.954,4.13
-3.099,4.047
-2.984,4.41
-2.977,4.128
2.822,4.291
2.49,4.439
2.227,4.362
1.795,4.222
1.336,4.191
1.23,4.237
1.191,4.199
-2.236,1.83
-2.684,1.232
2.366,0.065
2.104,1.383
1.769,2.068
-1.48,2.615
-2.952,3.359
1.25,2.312
1.229,2.111
1.173,2.455
0.951,0.992
0.243,2.956
-0.737,1.332
-0.832,1.62
-0.981,2.129
-0.716,-0.24
-2.736,0.236
-2.955,4.079
1.563,3.655
1.475,3.888
1.247,3.815
1.322,3.634
2.221,3.799
2.691,4.246
-0.351,0.039
-1.032,-0.093
-1.015,0.046
-1.535,-0.196
-1.545,0.06
-1.575,0.009
-2.661,-0.188
3.081,0.051
2.884,-0.169
2.322,-0.022
1.914,-0.324
1.547,4.44
1.508,4.332
1.325,4.165
0.886,4.219
0.896,4.485
0.447,4.528
0.059,4.37
-0.178,4.15
-0.167,4.448
-0.776,4.396
-0.895,4.285
-1.02,4.206
-1.115,4.163
-1.644,4.333
-1.937,4.236
-2.148,4.393
-2.392,4.554
-2.473,4.266
3.06,4.577
2.819,4.126
2.538,4.262
2.116,4.288
2.008,4.338
2.019,4.216
1.649,4.445
1.343,4.068
1.037,1.44
0.945,0.677
0.275,2.601
0.292,0.297
-0.151,1.285
-1.617,0.45
-2.098,2.447
-2.931,3.756
3.058,3.032
2.602,1.163
2.129,0.824
-2.693,-0.104
-2.751,4.335
1.683,4.102
1.659,1.905
1.512,1.587
1.592,1.448
1.524,4.007
1.411,1.274
1.282,3.604
1.403,0.331
1.33,3.225
1.308,1.772
1.306,3.113
1.245,2.741
1.153,3.216
1.042,3.058
1.133,1.943
0.934,3.907
0.891,1.809
0.831,1.029
0.81,3.124
0.66,0.11
0.6,2.165
0.695,2.015
0.585,0.385
0.474,2.549
0.479,2.16
0.165,2.797
0.278,3.795
0.156,2.066
0.136,3.994
0.077,3.904
-0.029,1.735
-0.097,2.719
-0.114,1.914
-0.348,4.045
-0.328,0.225
-0.342,0.431
-0.569,3.794
-0.479,0.685
-0.677,0.309
-0.837,2.28
-0.834,1.495
-0.774,1.276
-0.786,0.127
-0.835,2.931
-0.863,1.227
-1.008,1.64
-1.006,3.92
-0.961,1.179
-1.412,0.629
-1.283,1.197
-1.388,2.411
-1.384,1.416
-1.51,0.477
-1.417,3.633
-1.5,1.658
-1.539,3.46
-1.718,2.092
-1.761,2.074
-1.761,3.928
-1.698,3.303
-1.849,1.243
-1.854,1.228
-1.721,0.788
-1.878,1.945
-1.77,4.034
-1.784,2.893
-1.919,0.582
-1.803,2.798
-1.82,2.97
-1.808,1.183
-1.908,1.334
-2.017,2.435
-2.087,3.2
-2.01,0.139
-2.021,2.522
-2.143,4.081
-2.19,2.151
-2.079,0.424
-2.157,1.954
-2.219,1.674
-2.406,3.746
-2.371,0.255
-2.402,3.459
-2.536,0.721
-2.439,1.42
-2.551,2.861
-2.478,0.438
-2.651,2.44
-2.691,0.298
-2.573,2.929
-2.709,0.346
-2.771,0.37
-2.907,2.48
-2.795,1.511
-2.918,0.247
-2.871,0.095
-2.875,0.372
-2.913,1.447
-3.077,3.041
3.035,3.735
2.924,1.838
2.906,1.562
2.9,1.606
2.902,2.55
2.896,2.497
2.874,2.432
2.767,2.264
2.735,0.863
2.7,2.356
2.637,0.775
2.595,1.572
2.537,2.073
2.226,1.404
2.331,1.439
2.06,1.517
2.182,1.851
2.131,1.232
2.008,0.242
1.815,3.898
1.939,2.125
1.791,2.349
1.781,0.414
1.863,3.565
1.696,0.941
1.693,3.006
1.68,3.61
1.583,2.173
1.674,1.766
1.386,-0.111
0.916,0.12
0.683,-0.162
0.368,-0.218
0.25,-0.167
-0.16,0.037
-0.795,-0.23
-1.272,-0.174
-1.466,-0.025
-3.13,0.161
2.953,-0.126
2.916,-0.235
2.624,-0.068
2.681,-0.043
1.578,-0.07
1.394,4.111
1.322,4.213
0.896,4.398
0.436,4.318
-0.689,4.415
-1.058,4.112
-0.921,4.118
-1.279,4.155
-1.156,4.236
-1.391,4.453
-1.558,4.426
-1.68,4.153
-2.07,4.271
-2.215,4.188
-2.1,4.551
-2.093,4.269
-2.577,4.432
-2.909,4.58
3.111,4.503
2.679,4.363
2.22,4.332
2.114,4.378
2.075,4.34
-1.352,1.971
-1.8,1.373
-3.033,0.206
2.988,1.524
2.653,2.209
-0.596,2.756
-2.068,3.5
2.134,2.453
2.113,2.252
2.057,2.596
1.835,1.133
1.127,3.097
0.147,1.473
0.052,1.761
-0.097,2.27
0.168,-0.099
-1.852,0.377
-2.071,4.22
2.447,3.796
2.359,4.029
2.131,3.956
2.206,3.775
3.105,3.94
-2.708,4.387
-0.681,-0.132
-0.664,0.007
-1.184,-0.235
-1.194,0.021
-1.224,-0.03
-2.31,-0.227
-2.851,0.012
-3.048,-0.208
2.673,-0.061
2.265,-0.363
1.898,4.401
1.859,4.293
1.676,4.126
1.237,4.18
1.247,4.446
0.798,4.489
0.41,4.331
0.173,4.111
0.184,4.409
-0.425,4.357
-0.544,4.246
-0.669,4.167
-0.764,4.124
-1.293,4.294
-1.586,4.197
-1.797,4.354
-2.041,4.515
-2.122,4.227
-2.872,4.538
-3.113,4.087
2.889,4.223
2.467,4.249
2.359,4.299
2.37,4.177
2.0,4.406
1.694,4.029
1.388,1.401
1.296,0.638
0.626,2.562
0.643,0.258
0.2,1.246
-1.266,0.411
-1.747,2.408
-2.58,3.717
-2.874,2.993
2.953,1.124
2.48,0.785
-2.342,-0.143
-2.4,4.296
2.034,4.063
2.01,1.866
1.863,1.548
1.943,1.409
1.875,3.968
1.762,1.235
1.633,3.565
1.754,0.292
1.681,3.186
1.659,1.733
1.657,3.074
1.596,2.702
1.504,3.177
1.393,3.019
1.484,1.904
1.285,3.868
1.242,1.77
1.182,0.99
1.161,3.085
1.011,0.071
0.951,2.126
1.046,1.976
0.936,0.346
0.825,2.51
0.83,2.121
0.516,2.758
0.629,3.756
0.507,2.027
0.487,3.955
0.428,3.865
0.322,1.696
0.254,2.68
0.237,1.875
0.003,4.006
0.023,0.186
0.009,0.392
-0.218,3.755
-0.128,0.646
-0.326,0.27
-0.486,2.241
-0.483,1.456
-0.423,1.237
-0.435,0.088
-0.484,2.892
-0.512,1.188
-0.657,1.601
-0.655,3.881
-0.61,1.14
-1.061,0.59
-0.932,1.158
-1.037,2.372
-1.033,1.377
-1.159,0.438
-1.066,3.594
-1.149,1.619
-1.188,3.421
-1.367,2.053
-1.41,2.035
-1.41,3.889
-1.347,3.264
-1.498,1.204
-1.503,1.189
-1.37,0.749
-1.527,1.906
-1.419,3.995
-1.433,2.854
-1.568,0.543
-1.452,2.759
-1.469,2.931
-1.457,1.144
-1.557,1.295
-1.666,2.396
-1.736,3.161
-1.659,0.1
-1.67,2.483
-1.792,4.042
-1.839,2.112
-1.728,0.385
-1.806,1.915
-1.868,1.635
-2.055,3.707
-2.02,0.216
-2.051,3.42
-2.185,0.682
-2.088,1.381
-2.2,2.822
-2.127,0.399
-2.3,2.401
-2.34,0.259
-2.222,2.89
-2.358,0.307
-2.42,0.331
-2.556,2.441
-2.444,1.472
-2.567,0.208
-2.52,0.056
-2.524,0.333
-2.562,1.408
-2.726,3.002
-2.897,3.696
-3.008,1.799
-3.026,1.523
-3.032,1.567
-3.03,2.511
-3.036,2.458
-3.058,2.393
3.118,2.225
3.086,0.824
3.051,2.317
2.988,0.736
2.946,1.533
2.888,2.034
2.577,1.365
2.682,1.4
2.411,1.478
2.533,1.812
2.482,1.193
2.359,0.203
2.166,3.859
2.29,2.086
2.142,2.31
2.132,0.375
2.214,3.526
2.047,0.902
2.044,2.967
2.031,3.571
1.934,2.134
2.025,1.727
1.737,-0.15
1.267,0.081
1.034,-0.201
0.719,-0.257
0.601,-0.206
0.191,-0.002
-0.444,-0.269
-0.921,-0.213
-1.115,-0.064
-2.779,0.122
-2.979,-0.165
-3.016,-0.274
2.975,-0.107
3.032,-0.082
1.929,-0.109
1.745,4.072
1.673,4.174
1.247,4.359
0.787,4.279
-0.338,4.376
-0.707,4.073
-0.57,4.079
-0.928,4.116
-0.805,4.197
-1.04,4.414
-1.207,4.387
-1.329,4.114
-1.719,4.232
-1.864,4.149
-1.749,4.512
-1.742,4.23
-2.226,4.393
-2.558,4.541
-2.821,4.464
3.03,4.324
2.571,4.293
2.465,4.339
2.426,4.301
-1.001,1.932
-1.449,1.334
-2.682,0.167
-2.944,1.485
3.004,2.17
-0.245,2.717
-1.717,3.461
2.485,2.414
2.464,2.213
2.408,2.557
2.186,1.094
1.478,3.058
0.498,1.434
0.403,1.722
0.254,2.231
0.519,-0.138
-1.501,0.338
-1.72,4.181
2.798,3.757
2.71,3.99
2.482,3.917
2.557,3.736
-2.827,3.901
-2.357,4.348
0.017,0.139
-0.503,-0.103
-0.513,0.153
-0.543,0.102
-1.629,-0.095
-2.17,0.144
-2.367,-0.076
-2.929,0.071
2.946,-0.231
2.579,4.533
2.54,4.425
2.357,4.258
1.918,4.312
1.928,4.578
1.479,4.621
1.091,4.463
0.854,4.243
0.865,4.541
0.256,4.489
0.137,4.378
0.012,4.299
-0.083,4.256
-0.612,4.426
-0.905,4.329
-1.116,4.486
-1.36,4.647
-1.441,4.359
-2.191,4.67
-2.432,4.219
-2.713,4.355
-3.135,4.381
3.04,4.431
3.051,4.309
2.681,4.538
2.375,4.161
2.069,1.533
1.977,0.77
1.307,2.694
1.324,0.39
0.881,1.378
-0.585,0.543
-1.066,2.54
-1.899,3.849
-2.193,3.125
-2.649,1.256
-3.122,0.917
-1.661,-0.011
-1.719,4.428
2.715,4.195
2.691,1.998
2.544,1.68
2.624,1.541
2.556,4.1
2.443,1.367
2.314,3.697
2.435,0.424
2.362,3.318
2.34,1.865
2.338,3.206
2.277,2.834
2.185,3.309
2.074,3.151
2.165,2.036
1.966,4.0
1.923,1.902
1.863,1.122
1.842,3.217
1.692,0.203
1.632,2.258
1.727,2.108
1.617,0.478
1.506,2.642
1.511,2.253
1.197,2.89
1.31,3.888
1.188,2.159
1.168,4.087
1.109,3.997
1.003,1.828
0.935,2.812
0.918,2.007
0.684,4.138
0.704,0.318
0.69,0.524
0.463,3.887
0.553,0.778
0.355,0.402
0.195,2.373
0.198,1.588
0.258,1.369
0.246,0.22
0.197,3.024
0.169,1.32
0.024,1.733
0.026,4.013
0.071,1.272
-0.38,0.722
-0.251,1.29
-0.356,2.504
-0.352,1.509
-0.478,0.57
-0.385,3.726
-0.468,1.751
-0.507,3.553
-0.686,2.185
-0.729,2.167
-0.729,4.021
-0.666,3.396
-0.817,1.336
-0.822,1.321
-0.689,0.881
-0.846,2.038
-0.738,4.127
-0.752,2.986
-0.887,0.675
-0.771,2.891
-0.788,3.063
-0.776,1.276
-0.876,1.427
-0.985,2.528
-1.055,3.293
-0.978,0.232
-0.989,2.615
-1.111,4.174
-1.158,2.244
-1.047,0.517
-1.125,2.047
-1.187,1.767
-1.374,3.839
-1.339,0.348
-1.37,3.552
-1.504,0.814
-1.407,1.513
-1.519,2.954
-1.446,0.531
-1.619,2.533
-1.659,0.391
-1.541,3.022
-1.677,0.439
-1.739,0.463
-1.875,2.573
-1.763,1.604
-1.886,0.34
-1.839,0.188
-1.843,0.465
-1.881,1.54
-2.045,3.134
-2.216,3.828
-2.327,1.931
-2.345,1.655
-2.351,1.699
-2.349,2.643
-2.355,2.59
-2.377,2.525
-2.484,2.357
-2.516,0.956
-2.551,2.449
-2.614,0.868
-2.656,1.665
-2.714,2.166
-3.025,1.497
-2.92,1.532
3.092,1.61
-3.069,1.944
-3.12,1.325
3.04,0.335
2.847,3.991
2.971,2.218
2.823,2.442
2.813,0.507
2.895,3.658
2.728,1.034
2.725,3.099
2.712,3.703
2.615,2.266
2.706,1.859
2.418,-0.018
1.948,0.213
1.715,-0.069
1.4,-0.125
1.282,-0.074
0.872,0.13
0.237,-0.137
-0.24,-0.081
-0.434,0.068
-2.098,0.254
-2.298,-0.033
-2.335,-0.142
-2.627,0.025
-2.57,0.05
2.61,0.023
2.426,4.204
2.354,4.306
1.928,4.491
1.468,4.411
0.343,4.508
-0.026,4.205
0.111,4.211
-0.247,4.248
-0.124,4.329
-0.359,4.546
-0.526,4.519
-0.648,4.246
-1.038,4.364
-1.183,4.281
-1.068,4.644
-1.061,4.362
-1.545,4.525
-1.877,4.673
-2.14,4.596
-2.572,4.456
-3.031,4.425
-3.137,4.471
3.107,4.433
-0.32,2.064
-0.768,1.466
-2.001,0.299
-2.263,1.617
-2.598,2.302
0.436,2.849
-1.036,3.593
-3.117,2.546
-3.138,2.345
3.089,2.689
2.867,1.226
2.159,3.19
1.179,1.566
1.084,1.854
0.935,2.363
1.2,-0.006
-0.82,0.47
-1.039,4.313
-2.804,3.889
-2.892,4.122
-3.12,4.049
-3.045,3.868
-2.146,4.033
-1.676,4.48
-0.52,-0.242
-0.53,0.014
-0.56,-0.037
-1.646,-0.234
-2.187,0.005
-2.384,-0.215
-2.946,-0.068
2.929,-0.37
2.562,4.394
2.523,4.286
2.34,4.119
1.901,4.173
1.911,4.439
1.462,4.482
1.074,4.324
0.837,4.104
0.848,4.402
0.239,4.35
0.12,4.239
-0.005,4.16
-0.1,4.117
-0.629,4.287
-0.922,4.19
-1.133,4.347
-1.377,4.508
-1.458,4.22
-2.208,4.531
-2.449,4.08
-2.73,4.216
3.131,4.242
3.023,4.292
3.034,4.17
2.664,4.399
2.358,4.022
2.052,1.394
1.96,0.631
1.29,2.555
1.307,0.251
0.864,1.239
-0.602,0.404
-1.083,2.401
-1.916,3.71
-2.21,2.986
-2.666,1.117
-3.139,0.778
-1.678,-0.15
-1.736,4.289
2.698,4.056
2.674,1.859
2.527,1.541
2.607,1.402
2.539,3.961
2.426,1.228
2.297,3.558
2.418,0.285
2.345,3.179
2.323,1.726
2.321,3.067
2.26,2.695
2.168,3.17
2.057,3.012
2.148,1.897
1.949,3.861
1.906,1.763
1.846,0.983
1.825,3.078
1.675,0.064
1.615,2.119
1.71,1.969
1.6,0.339
1.489,2.503
1.494,2.114
1.18,2.751
1.293,3.749
1.171,2.02
1.151,3.948
1.092,3.858
0.986,1.689
0.918,2.673
0.901,1.868
0.667,3.999
0.687,0.179
0.673,0.385
0.446,3.748
0.536,0.639
0.338,0.263
0.178,2.234
0.181,1.449
0.241,1.23
0.229,0.081
0.18,2.885
0.152,1.181
0.007,1.594
0.009,3.874
0.054,1.133
-0.397,0.583
-0.268,1.151
-0.373,2.365
-0.369,1.37
-0.495,0.431
-0.402,3.587
-0.485,1.612
-0.524,3.414
-0.703,2.046
-0.746,2.028
-0.746,3.882
-0.683,3.257
-0.834,1.197
-0.839,1.182
-0.706,0.742
-0.863,1.899
-0.755,3.988
-0.769,2.847
-0.904,0.536
-0.788,2.752
-0.805,2.924
-0.793,1.137
-0.893,1.288
-1.002,2.389
-1.072,3.154
-0.995,0.093
-1.006,2.476
-1.128,4.035
-1.175,2.105
-1.064,0.378
-1.142,1.908
-1.204,1.628
-1.391,3.7
-1.356,0.209
-1.387,3.413
-1.521,0.675
-1.424,1.374
-1.536,2.815
-1.463,0.392
-1.636,2.394
-1.676,0.252
-1.558,2.883
-1.694,0.3
-1.756,0.324
-1.892,2.434
-1.78,1.465
-1.903,0.201
-1.856,0.049
-1.86,0.326
-1.898,1.401
-2.062,2.995
-2.233,3.689
-2.344,1.792
-2.362,1.516
-2.368,1.56
-2.366,2.504
-2.372,2.451
-2.394,2.386
-2.501,2.218
-2.533,0.817
-2.568,2.31
-2.631,0.729
-2.673,1.526
-2.731,2.027
-3.042,1.358
-2.937,1.393
3.075,1.471
-3.086,1.805
-3.137,1.186
3.023,0.196
2.83,3.852
2.954,2.079
2.806,2.303
2.796,0.368
2.878,3.519
2.711,0.895
2.708,2.96
2.695,3.564
2.598,2.127
2.689,1.72
2.401,-0.157
1.931,0.074
1.698,-0.208
1.383,-0.264
1.265,-0.213
0.855,-0.009
0.22,-0.276
-0.257,-0.22
-0.451,-0.071
-2.115,0.115
-2.315,-0.172
-2.352,-0.281
-2.644,-0.114
-2.587,-0.089
2.593,-0.116
2.409,4.065
2.337,4.167
1.911,4.352
1.451,4.272
0.326,4.369
-0.043,4.066
0.094,4.072
-0.264,4.109
-0.141,4.19
-0.376,4.407
-0.543,4.38
-0.665,4.107
-1.055,4.225
-1.2,4.142
-1.085,4.505
-1.078,4.223
-1.562,4.386
-1.894,4.534
-2.157,4.457
-2.589,4.317
-3.048,4.286
3.129,4.332
3.09,4.294
-0.337,1.925
-0.785,1.327
-2.018,0.16
-2.28,1.478
-2.615,2.163
0.419,2.71
-1.053,3.454
-3.134,2.407
3.128,2.206
3.072,2.55
2.85,1.087
2.142,3.051
1.162,1.427
1.067,1.715
0.918,2.224
1.183,-0.145
-0.837,0.331
-1.056,4.174
-2.821,3.75
-2.909,3.983
-3.137,3.91
-3.062,3.729
-2.163,3.894
-1.693,4.341
-0.01,0.256
-0.04,0.205
-1.126,0.008
-1.667,0.247
-1.864,0.027
-2.426,0.174
-2.834,-0.128
3.082,4.636
3.043,4.528
2.86,4.361
2.421,4.415
2.431,4.681
1.982,4.724
1.594,4.566
1.357,4.346
1.368,4.644
0.759,4.592
0.64,4.481
0.515,4.402
0.42,4.359
-0.109,4.529
-0.402,4.432
-0.613,4.589
-0.857,4.75
-0.938,4.462
-1.688,4.773
-1.929,4.322
-2.21,4.458
-2.632,4.484
-2.74,4.534
-2.729,4.412
-3.099,4.641
2.878,4.264
2.572,1.636
2.48,0.873
1.81,2.797
1.827,0.493
1.384,1.481
-0.082,0.646
-0.563,2.643
-1.396,3.952
-1.69,3.228
-2.146,1.359
-2.619,1.02
-1.158,0.092
-1.216,4.531
-3.065,4.298
-3.089,2.101
3.047,1.783
3.127,1.644
3.059,4.203
2.946,1.47
2.817,3.8
2.938,0.527
2.865,3.421
2.843,1.968
2.841,3.309
2.78,2.937
2.688,3.412
2.577,3.254
2.668,2.139
2.469,4.103
2.426,2.005
2.366,1.225
2.345,3.32
2.195,0.306
2.135,2.361
2.23,2.211
2.12,0.581
2.009,2.745
2.014,2.356
1.7,2.993
1.813,3.991
1.691,2.262
1.671,4.19
1.612,4.1
1.506,1.931
1.438,2.915
1.421,2.11
1.187,4.241
1.207,0.421
1.193,0.627
0.966,3.99
1.056,0.881
0.858,0.505
0.698,2.476
0.701,1.691
0.761,1.472
0.749,0.323
0.7,3.127
0.672,1.423
0.527,1.836
0.529,4.116
0.574,1.375
0.123,0.825
0.252,1.393
0.147,2.607
0.151,1.612
0.025,0.673
0.118,3.829
0.035,1.854
-0.004,3.656
-0.183,2.288
-0.226,2.27
-0.226,4.124
-0.163,3.499
-0.314,1.439
-0.319,1.424
-0.186,0.984
-0.343,2.141
-0.235,4.23
-0.249,3.089
-0.384,0.778
-0.268,2.994
-0.285,3.166
-0.273,1.379
-0.373,1.53
-0.482,2.631
-0.552,3.396
-0.475,0.335
-0.486,2.718
-0.608,4.277
-0.655,2.347
-0.544,0.62
-0.622,2.15
-0.684,1.87
-0.871,3.942
-0.836,0.451
-0.867,3.655
-1.001,0.917
-0.904,1.616
-1.016,3.057
-0.943,0.634
-1.116,2.636
-1.156,0.494
-1.038,3.125
-1.174,0.542
-1.236,0.566
-1.372,2.676
-1.26,1.707
-1.383,0.443
-1.336,0.291
-1.34,0.568
-1.378,1.643
-1.542,3.237
-1.713,3.931
-1.824,2.034
-1.842,1.758
-1.848,1.802
-1.846,2.746
-1.852,2.693
-1.874,2.628
-1.981,2.46
-2.013,1.059
-2.048,2.552
-2.111,0.971
-2.153,1.768
-2.211,2.269
-2.522,1.6
-2.417,1.635
-2.688,1.713
-2.566,2.047
-2.617,1.428
-2.74,0.438
-2.933,4.094
-2.809,2.321
-2.957,2.545
-2.967,0.61
-2.885,3.761
-3.052,1.137
-3.055,3.202
-3.068,3.806
3.118,2.369
-3.074,1.962
2.921,0.085
2.451,0.316
2.218,0.034
1.903,-0.022
1.785,0.029
1.375,0.233
0.74,-0.034
0.263,0.022
0.069,0.171
-1.595,0.357
-1.795,0.07
-1.832,-0.039
-2.124,0.128
-2.067,0.153
3.113,0.126
2.929,4.307
2.857,4.409
2.431,4.594
1.971,4.514
0.846,4.611
0.477,4.308
0.614,4.314
0.256,4.351
0.379,4.432
0.144,4.649
-0.023,4.622
-0.145,4.349
-0.535,4.467
-0.68,4.384
-0.565,4.747
-0.558,4.465
-1.042,4.628
-1.374,4.776
-1.637,4.699
-2.069,4.559
-2.528,4.528
-2.634,4.574
-2.673,4.536
0.183,2.167
-0.265,1.569
-1.498,0.402
-1.76,1.72
-2.095,2.405
0.939,2.952
-0.533,3.696
-2.614,2.649
-2.635,2.448
-2.691,2.792
-2.913,1.329
2.662,3.293
1.682,1.669
1.587,1.957
1.438,2.466
1.703,0.097
-0.317,0.573
-0.536,4.416
-2.301,3.992
-2.389,4.225
-2.617,4.152
-2.542,3.971
-1.643,4.136
-1.173,4.583
-0.03,-0.051
-1.116,-0.248
-1.657,-0.009
-1.854,-0.229
-2.416,-0.082
-2.824,-0.384
3.092,4.38
3.053,4.272
2.87,4.105
2.431,4.159
2.441,4.425
1.992,4.468
1.604,4.31
1.367,4.09
1.378,4.388
0.769,4.336
0.65,4.225
0.525,4.146
0.43,4.103
-0.099,4.273
-0.392,4.176
-0.603,4.333
-0.847,4.494
-0.928,4.206
-1.678,4.517
-1.919,4.066
-2.2,4.202
-2.622,4.228
-2.73,4.278
-2.719,4.156
-3.089,4.385
2.888,4.008
2.582,1.38
2.49,0.617
1.82,2.541
1.837,0.237
1.394,1.225
-0.072,0.39
-0.553,2.387
-1.386,3.696
-1.68,2.972
-2.136,1.103
-2.609,0.764
-1.148,-0.164
-1.206,4.275
-3.055,4.042
-3.079,1.845
3.057,1.527
3.137,1.388
3.069,3.947
2.956,1.214
2.827,3.544
2.948,0.271
2.875,3.165
2.853,1.712
2.851,3.053
2.79,2.681
2.698,3.156
2.587,2.998
2.678,1.883
2.479,3.847
2.436,1.749
2.376,0.969
2.355,3.064
2.205,0.05
2.145,2.105
2.24,1.955
2.13,0.325
2.019,2.489
2.024,2.1
1.71,2.737
1.823,3.735
1.701,2.006
1.681,3.934
1.622,3.844
1.516,1.675
1.448,2.659
1.431,1.854
1.197,3.985
1.217,0.165
1.203,0.371
0.976,3.734
1.066,0.625
0.868,0.249
0.708,2.22
0.711,1.435
0.771,1.216
0.759,0.067
0.71,2.871
0.682,1.167
0.537,1.58
0.539,3.86
0.584,1.119
0.133,0.569
0.262,1.137
0.157,2.351
0.161,1.356
0.035,0.417
0.128,3.573
0.045,1.598
0.006,3.4
-0.173,2.032
-0.216,2.014
-0.216,3.868
-0.153,3.243
-0.304,1.183
-0.309,1.168
-0.176,0.728
-0.333,1.885
-0.225,3.974
-0.239,2.833
-0.374,0.522
-0.258,2.738
-0.275,2.91
-0.263,1.123
-0.363,1.274
-0.472,2.375
-0.542,3.14
-0.465,0.079
-0.476,2.462
-0.598,4.021
-0.645,2.091
-0.534,0.364
-0.612,1.894
-0.674,1.614
-0.861,3.686
-0.826,0.195
-0.857,3.399
-0.991,0.661
-0.894,1.36
-1.006,2.801
-0.933,0.378
-1.106,2.38
-1.146,0.238
-1.028,2.869
-1.164,0.286
-1.226,0.31
-1.362,2.42
-1.25,1.451
-1.373,0.187
-1.326,0.035
-1.33,0.312
-1.368,1.387
-1.532,2.981
-1.703,3.675
-1.814,1.778
-1.832,1.502
-1.838,1.546
-1.836,2.49
-1.842,2.437
-1.864,2.372
-1.971,2.204
-2.003,0.803
-2.038,2.296
-2.101,0.715
-2.143,1.512
-2.201,2.013
-2.512,1.344
-2.407,1.379
-2.678,1.457
-2.556,1.791
-2.607,1.172
-2.73,0.182
-2.923,3.838
-2.799,2.065
-2.947,2.289
-2.957,0.354
-2.875,3.505
-3.042,0.881
-3.045,2.946
-3.058,3.55
3.128,2.113
-3.064,1.706
2.931,-0.171
2.461,0.06
2.228,-0.222
1.913,-0.278
1.795,-0.227
1.385,-0.023
0.75,-0.29
0.273,-0.234
0.079,-0.085
-1.585,0.101
-1.785,-0.186
-1.822,-0.295
-2.114,-0.128
-2.057,-0.103
3.123,-0.13
2.939,4.051
2.867,4.153
2.441,4.338
1.981,4.258
0.856,4.355
0.487,4.052
0.624,4.058
0.266,4.095
0.389,4.176
0.154,4.393
-0.013,4.366
-0.135,4.093
-0.525,4.211
-0.67,4.128
-0.555,4.491
-0.548,4.209
-1.032,4.372
-1.364,4.52
-1.627,4.443
-2.059,4.303
-2.518,4.272
-2.624,4.318
-2.663,4.28
0.193,1.911
-0.255,1.313
-1.488,0.146
-1.75,1.464
-2.085,2.149
0.949,2.696
-0.523,3.44
-2.604,2.393
-2.625,2.192
-2.681,2.536
-2.903,1.073
2.672,3.037
1.692,1.413
1.597,1.701
1.448,2.21
1.713,-0.159
-0.307,0.317
-0.526,4.16
-2.291,3.736
-2.379,3.969
-2.607,3.896
-2.532,3.715
-1.633,3.88
-1.163,4.327
-1.086,-0.197
-1.627,0.042
-1.824,-0.178
-2.386,-0.031
-2.794,-0.333
3.122,4.431
3.083,4.323
2.9,4.156
2.461,4.21
2.471,4.476
2.022,4.519
1.634,4.361
1.397,4.141
1.408,4.439
0.799,4.387
0.68,4.276
0.555,4.197
0.46,4.154
-0.069,4.324
-0.362,4.227
-0.573,4.384
-0.817,4.545
-0.898,4.257
-1.648,4.568
-1.889,4.117
-2.17,4.253
-2.592,4.279
-2.7,4.329
-2.689,4.207
-3.059,4.436
2.918,4.059
2.612,1.431
2.52,0.668
1.85,2.592
1.867,0.288
1.424,1.276
-0.042,0.441
-0.523,2.438
-1.356,3.747
-1.65,3.023
-2.106,1.154
-2.579,0.815
-1.118,-0.113
-1.176,4.326
-3.025,4.093
-3.049,1.896
3.087,1.578
-3.116,1.439
3.099,3.998
2.986,1.265
2.857,3.595
2.978,0.322
2.905,3.216
2.883,1.763
2.881,3.104
2.82,2.732
2.728,3.207
2.617,3.049
2.708,1.934
2.509,3.898
2.466,1.8
2.406,1.02
2.385,3.115
2.235,0.101
2.175,2.156
2.27,2.006
2.16,0.376
2.049,2.54
2.054,2.151
1.74,2.788
1.853,3.786
1.731,2.057
1.711,3.985
1.652,3.895
1.546,1.726
1.478,2.71
1.461,1.905
1.227,4.036
1.247,0.216
1.233,0.422
1.006,3.785
1.096,0.676
0.898,0.3
0.738,2.271
0.741,1.486
0.801,1.267
0.789,0.118
0.74,2.922
0.712,1.218
0.567,1.631
0.569,3.911
0.614,1.17
0.163,0.62
0.292,1.188
0.187,2.402
0.191,1.407
0.065,0.468
0.158,3.624
0.075,1.649
0.036,3.451
-0.143,2.083
-0.186,2.065
-0.186,3.919
-0.123,3.294
-0.274,1.234
-0.279,1.219
-0.146,0.779
-0.303,1.936
-0.195,4.025
-0.209,2.884
-0.344,0.573
-0.228,2.789
-0.245,2.961
-0.233,1.174
-0.333,1.325
-0.442,2.426
-0.512,3.191
-0.435,0.13
-0.446,2.513
-0.568,4.072
-0.615,2.142
-0.504,0.415
-0.582,1.945
-0.644,1.665
-0.831,3.737
-0.796,0.246
-0.827,3.45
-0.961,0.712
-0.864,1.411
-0.976,2.852
-0.903,0.429
-1.076,2.431
-1.116,0.289
-0.998,2.92
-1.134,0.337
-1.196,0.361
-1.332,2.471
-1.22,1.502
-1.343,0.238
-1.296,0.086
-1.3,0.363
-1.338,1.438
-1.502,3.032
-1.673,3.726
-1.784,1.829
-1.802,1.553
-1.808,1.597
-1.806,2.541
-1.812,2.488
-1.834,2.423
-1.941,2.255
-1.973,0.854
-2.008,2.347
-2.071,0.766
-2.113,1.563
-2.171,2.064
-2.482,1.395
-2.377,1.43
-2.648,1.508
-2.526,1.842
-2.577,1.223
-2.7,0.233
-2.893,3.889
-2.769,2.116
-2.917,2.34
-2.927,0.405
-2.845,3.556
-3.012,0.932
-3.015,2.997
-3.028,3.601
-3.125,2.164
-3.034,1.757
2.961,-0.12
2.491,0.111
2.258,-0.171
1.943,-0.227
1.825,-0.176
1.415,0.028
0.78,-0.239
0.303,-0.183
0.109,-0.034
-1.555,0.152
-1.755,-0.135
-1.792,-0.244
-2.084,-0.077
-2.027,-0.052
-3.13,-0.079
2.969,4.102
2.897,4.204
2.471,4.389
2.011,4.309
0.886,4.406
0.517,4.103
0.654,4.109
0.296,4.146
0.419,4.227
0.184,4.444
0.017,4.417
-0.105,4.144
-0.495,4.262
-0.64,4.179
-0.525,4.542
-0.518,4.26
-1.002,4.423
-1.334,4.571
-1.597,4.494
-2.029,4.354
-2.488,4.323
-2.594,4.369
-2.633,4.331
0.223,1.962
-0.225,1.364
-1.458,0.197
-1.72,1.515
-2.055,2.2
0.979,2.747
-0.493,3.491
-2.574,2.444
-2.595,2.243
-2.651,2.587
-2.873,1.124
2.702,3.088
1.722,1.464
1.627,1.752
1.478,2.261
1.743,-0.108
-0.277,0.368
-0.496,4.211
-2.261,3.787
-2.349,4.02
-2.577,3.947
-2.502,3.766
-1.603,3.931
-1.133,4.378
-0.541,0.239
-0.738,0.019
-1.3,0.166
-1.708,-0.136
-2.075,4.628
-2.114,4.52
-2.297,4.353
-2.736,4.407
-2.726,4.673
3.108,4.716
2.72,4.558
2.483,4.338
2.494,4.636
1.885,4.584
1.766,4.473
1.641,4.394
1.546,4.351
1.017,4.521
0.724,4.424
0.513,4.581
0.269,4.742
0.188,4.454
-0.562,4.765
-0.803,4.314
-1.084,4.45
-1.506,4.476
-1.614,4.526
-1.603,4.404
-1.973,4.633
-2.279,4.256
-2.585,1.628
-2.677,0.865
2.936,2.789
2.953,0.485
2.51,1.473
1.044,0.638
0.563,2.635
-0.27,3.944
-0.564,3.22
-1.02,1.351
-1.493,1.012
-0.032,0.084
-0.09,4.523
-1.939,4.29
-1.963,2.093
-2.11,1.775
-2.03,1.636
-2.098,4.195
-2.211,1.462
-2.34,3.792
-2.219,0.519
-2.292,3.413
-2.314,1.96
-2.316,3.301
-2.377,2.929
-2.469,3.404
-2.58,3.246
-2.489,2.131
-2.688,4.095
-2.731,1.997
-2.791,1.217
-2.812,3.312
-2.962,0.298
-3.022,2.353
-2.927,2.203
-3.037,0.573
3.135,2.737
3.14,2.348
2.826,2.985
2.939,3.983
2.817,2.254
2.797,4.182
2.738,4.092
2.632,1.923
2.564,2.907
2.547,2.102
2.313,4.233
2.333,0.413
2.319,0.619
2.092,3.982
2.182,0.873
1.984,0.497
1.824,2.468
1.827,1.683
1.887,1.464
1.875,0.315
1.826,3.119
1.798,1.415
1.653,1.828
1.655,4.108
1.7,1.367
1.249,0.817
1.378,1.385
1.273,2.599
1.277,1.604
1.151,0.665
1.244,3.821
1.161,1.846
1.122,3.648
0.943,2.28
0.9,2.262
0.9,4.116
0.963,3.491
0.812,1.431
0.807,1.416
0.94,0.976
0.783,2.133
0.891,4.222
0.877,3.081
0.742,0.77
0.858,2.986
0.841,3.158
0.853,1.371
0.753,1.522
0.644,2.623
0.574,3.388
0.651,0.327
0.64,2.71
0.518,4.269
0.471,2.339
0.582,0.612
0.504,2.142
0.442,1.862
0.255,3.934
0.29,0.443
0.259,3.647
0.125,0.909
0.222,1.608
0.11,3.049
0.183,0.626
0.01,2.628
-0.03,0.486
0.088,3.117
-0.048,0.534
-0.11,0.558
-0.246,2.668
-0.134,1.699
-0.257,0.435
-0.21,0.283
-0.214,0.56
-0.252,1.635
-0.416,3.229
-0.587,3.923
-0.698,2.026
-0.716,1.75
-0.722,1.794
-0.72,2.738
-0.726,2.685
-0.748,2.62
-0.855,2.452
-0.887,1.051
-0.922,2.544
-0.985,0.963
-1.027,1.76
-1.085,2.261
-1.396,1.592
-1.291,1.627
-1.562,1.705
-1.44,2.039
-1.491,1.42
-1.614,0.43
-1.807,4.086
-1.683,2.313
-1.831,2.537
-1.841,0.602
-1.759,3.753
-1.926,1.129
-1.929,3.194
-1.942,3.798
-2.039,2.361
-1.948,1.954
-2.236,0.077
-2.706,0.308
-2.939,0.026
3.029,-0.03
2.911,0.021
2.501,0.225
1.866,-0.042
1.389,0.014
1.195,0.163
-0.469,0.349
-0.669,0.062
-0.706,-0.047
-0.998,0.12
-0.941,0.145
-2.044,0.118
-2.228,4.299
-2.3,4.401
-2.726,4.586
3.097,4.506
1.972,4.603
1.603,4.3
1.74,4.306
1.382,4.343
1.505,4.424
1.27,4.641
1.103,4.614
0.981,4.341
0.591,4.459
0.446,4.376
0.561,4.739
0.568,4.457
0.084,4.62
-0.248,4.768
-0.511,4.691
-0.943,4.551
-1.402,4.52
-1.508,4.566
-1.547,4.528
1.309,2.159
0.861,1.561
-0.372,0.394
-0.634,1.712
-0.969,2.397
2.065,2.944
0.593,3.688
-1.488,2.641
-1.509,2.44
-1.565,2.784
-1.787,1.321
-2.495,3.285
2.808,1.661
2.713,1.949
2.564,2.458
2.829,0.089
0.809,0.565
0.59,4.408
-1.175,3.984
-1.263,4.217
-1.491,4.144
-1.416,3.963
-0.517,4.128
-0.047,4.575
-0.197,-0.22
-0.759,-0.073
-1.167,-0.375
-1.534,4.389
-1.573,4.281
-1.756,4.114
-2.195,4.168
-2.185,4.434
-2.634,4.477
-3.022,4.319
3.024,4.099
3.035,4.397
2.426,4.345
2.307,4.234
2.182,4.155
2.087,4.112
1.558,4.282
1.265,4.185
1.054,4.342
0.81,4.503
0.729,4.215
-0.021,4.526
-0.262,4.075
-0.543,4.211
-0.965,4.237
-1.073,4.287
-1.062,4.165
-1.432,4.394
-1.738,4.017
-2.044,1.389
-2.136,0.626
-2.806,2.55
-2.789,0.246
3.051,1.234
1.585,0.399
1.104,2.396
0.271,3.705
-0.023,2.981
-0.479,1.112
-0.952,0.773
0.509,-0.155
0.451,4.284
-1.398,4.051
-1.422,1.854
-1.569,1.536
-1.489,1.397
-1.557,3.956
-1.67,1.223
-1.799,3.553
-1.678,0.28
-1.751,3.174
-1.773,1.721
-1.775,3.062
-1.836,2.69
-1.928,3.165
-2.039,3.007
-1.948,1.892
-2.147,3.856
-2.19,1.758
-2.25,0.978
-2.271,3.073
-2.421,0.059
-2.481,2.114
-2.386,1.964
-2.496,0.334
-2.607,2.498
-2.602,2.109
-2.916,2.746
-2.803,3.744
-2.925,2.015
-2.945,3.943
-3.004,3.853
-3.11,1.684
3.105,2.668
3.088,1.863
2.854,3.994
2.874,0.174
2.86,0.38
2.633,3.743
2.723,0.634
2.525,0.258
2.365,2.229
2.368,1.444
2.428,1.225
2.416,0.076
2.367,2.88
2.339,1.176
2.194,1.589
2.196,3.869
2.241,1.128
1.79,0.578
1.919,1.146
1.814,2.36
1.818,1.365
1.692,0.426
1.785,3.582
1.702,1.607
1.663,3.409
1.484,2.041
1.441,2.023
1.441,3.877
1.504,3.252
1.353,1.192
1.348,1.177
1.481,0.737
1.324,1.894
1.432,3.983
1.418,2.842
1.283,0.531
1.399,2.747
1.382,2.919
1.394,1.132
1.294,1.283
1.185,2.384
1.115,3.149
1.192,0.088
1.181,2.471
1.059,4.03
1.012,2.1
1.123,0.373
1.045,1.903
0.983,1.623
0.796,3.695
0.831,0.204
0.8,3.408
0.666,0.67
0.763,1.369
0.651,2.81
0.724,0.387
0.551,2.389
0.511,0.247
0.629,2.878
0.493,0.295
0.431,0.319
0.295,2.429
0.407,1.46
0.284,0.196
0.331,0.044
0.327,0.321
0.289,1.396
0.125,2.99
-0.046,3.684
-0.157,1.787
-0.175,1.511
-0.181,1.555
-0.179,2.499
-0.185,2.446
-0.207,2.381
-0.314,2.213
-0.346,0.812
-0.381,2.305
-0.444,0.724
-0.486,1.521
-0.544,2.022
-0.855,1.353
-0.75,1.388
-1.021,1.466
-0.899,1.8
-0.95,1.181
-1.073,0.191
-1.266,3.847
-1.142,2.074
-1.29,2.298
-1.3,0.363
-1.218,3.514
-1.385,0.89
-1.388,2.955
-1.401,3.559
-1.498,2.122
-1.407,1.715
-1.695,-0.162
-2.165,0.069
-2.398,-0.213
-2.713,-0.269
-2.831,-0.218
3.042,-0.014
2.407,-0.281
1.93,-0.225
1.736,-0.076
0.072,0.11
-0.128,-0.177
-0.165,-0.286
-0.457,-0.119
-0.4,-0.094
-1.503,-0.121
-1.687,4.06
-1.759,4.162
-2.185,4.347
-2.645,4.267
2.513,4.364
2.144,4.061
2.281,4.067
1.923,4.104
2.046,4.185
1.811,4.402
1.644,4.375
1.522,4.102
1.132,4.22
0.987,4.137
1.102,4.5
1.109,4.218
0.625,4.381
0.293,4.529
0.03,4.452
-0.402,4.312
-0.861,4.281
-0.967,4.327
-1.006,4.289
1.85,1.92
1.402,1.322
0.169,0.155
-0.093,1.473
-0.428,2.158
2.606,2.705
1.134,3.449
-0.947,2.402
-0.968,2.201
-1.024,2.545
-1.246,1.082
-1.954,3.046
-2.934,1.422
-3.029,1.71
3.105,2.219
-2.913,-0.15
1.35,0.326
1.131,4.169
-0.634,3.745
-0.722,3.978
-0.95,3.905
-0.875,3.724
0.024,3.889
0.494,4.336
-0.562,0.147
-0.97,-0.155
-1.337,4.609
-1.376,4.501
-1.559,4.334
-1.998,4.388
-1.988,4.654
-2.437,4.697
-2.825,4.539
-3.062,4.319
-3.051,4.617
2.623,4.565
2.504,4.454
2.379,4.375
2.284,4.332
1.755,4.502
1.462,4.405
1.251,4.562
1.007,4.723
0.926,4.435
0.176,4.746
-0.065,4.295
-0.346,4.431
-0.768,4.457
-0.876,4.507
-0.865,4.385
-1.235,4.614
-1.541,4.237
-1.847,1.609
-1.939,0.846
-2.609,2.77
-2.592,0.466
-3.035,1.454
1.782,0.619
1.301,2.616
0.468,3.925
0.174,3.201
-0.282,1.332
-0.755,0.993
0.706,0.065
0.648,4.504
-1.201,4.271
-1.225,2.074
-1.372,1.756
-1.292,1.617
-1.36,4.176
-1.473,1.443
-1.602,3.773
-1.481,0.5
-1.554,3.394
-1.576,1.941
-1.578,3.282
-1.639,2.91
-1.731,3.385
-1.842,3.227
-1.751,2.112
-1.95,4.076
-1.993,1.978
-2.053,1.198
-2.074,3.293
-2.224,0.279
-2.284,2.334
-2.189,2.184
-2.299,0.554
-2.41,2.718
-2.405,2.329
-2.719,2.966
-2.606,3.964
-2.728,2.235
-2.748,4.163
-2.807,4.073
-2.913,1.904
-2.981,2.888
-2.998,2.083
3.051,4.214
3.071,0.394
3.057,0.6
2.83,3.963
2.92,0.854
2.722,0.478
2.562,2.449
2.565,1.664
2.625,1.445
2.613,0.296
2.564,3.1
2.536,1.396
2.391,1.809
2.393,4.089
2.438,1.348
1.987,0.798
2.116,1.366
2.011,2.58
2.015,1.585
1.889,0.646
1.982,3.802
1.899,1.827
1.86,3.629
1.681,2.261
1.638,2.243
1.638,4.097
1.701,3.472
1.55,1.412
1.545,1.397
1.678,0.957
1.521,2.114
1.629,4.203
1.615,3.062
1.48,0.751
1.596,2.967
1.579,3.139
1.591,1.352
1.491,1.503
1.382,2.604
1.312,3.369
1.389,0.308
1.378,2.691
1.256,4.25
1.209,2.32
1.32,0.593
1.242,2.123
1.18,1.843
0.993,3.915
1.028,0.424
0.997,3.628
0.863,0.89
0.96,1.589
0.848,3.03
0.921,0.607
0.748,2.609
0.708,0.467
0.826,3.098
0.69,0.515
0.628,0.539
0.492,2.649
0.604,1.68
0.481,0.416
0.528,0.264
0.524,0.541
0.486,1.616
0.322,3.21
0.151,3.904
0.04,2.007
0.022,1.731
0.016,1.775
0.018,2.719
0.012,2.666
-0.01,2.601
-0.117,2.433
-0.149,1.032
-0.184,2.525
-0.247,0.944
-0.289,1.741
-0.347,2.242
-0.658,1.573
-0.553,1.608
-0.824,1.686
-0.702,2.02
-0.753,1.401
-0.876,0.411
-1.069,4.067
-0.945,2.294
-1.093,2.518
-1.103,0.583
-1.021,3.734
-1.188,1.11
-1.191,3.175
-1.204,3.779
-1.301,2.342
-1.21,1.935
-1.498,0.058
-1.968,0.289
-2.201,0.007
-2.516,-0.049
-2.634,0.002
-3.044,0.206
2.604,-0.061
2.127,-0.005
1.933,0.144
0.269,0.33
0.069,0.043
0.032,-0.066
-0.26,0.101
-0.203,0.126
-1.306,0.099
-1.49,4.28
-1.562,4.382
-1.988,4.567
-2.448,4.487
2.71,4.584
2.341,4.281
2.478,4.287
2.12,4.324
2.243,4.405
2.008,4.622
1.841,4.595
1.719,4.322
1.329,4.44
1.184,4.357
1.299,4.72
1.306,4.438
0.822,4.601
0.49,4.749
0.227,4.672
-0.205,4.532
-0.664,4.501
-0.77,4.547
-0.809,4.509
2.047,2.14
1.599,1.542
0.366,0.375
0.104,1.693
-0.231,2.378
2.803,2.925
1.331,3.669
-0.75,2.622
-0.771,2.421
-0.827,2.765
-1.049,1.302
-1.757,3.266
-2.737,1.642
-2.832,1.93
-2.981,2.439
-2.716,0.07
1.547,0.546
1.328,4.389
-0.437,3.965
-0.525,4.198
-0.753,4.125
-0.678,3.944
0.221,4.109
0.691,4.556
-0.408,-0.302
-0.775,4.462
-0.814,4.354
-0.997,4.187
-1.436,4.241
-1.426,4.507
-1.875,4.55
-2.263,4.392
-2.5,4.172
-2.489,4.47
-3.098,4.418
3.066,4.307
2.941,4.228
2.846,4.185
2.317,4.355
2.024,4.258
1.813,4.415
1.569,4.576
1.488,4.288
0.738,4.599
0.497,4.148
0.216,4.284
-0.206,4.31
-0.314,4.36
-0.303,4.238
-0.673,4.467
-0.979,4.09
-1.285,1.462
-1.377,0.699
-2.047,2.623
-2.03,0.319
-2.473,1.307
2.344,0.472
1.863,2.469
1.03,3.778
0.736,3.054
0.28,1.185
-0.193,0.846
1.268,-0.082
1.21,4.357
-0.639,4.124
-0.663,1.927
-0.81,1.609
-0.73,1.47
-0.798,4.029
-0.911,1.296
-1.04,3.626
-0.919,0.353
-0.992,3.247
-1.014,1.794
-1.016,3.135
-1.077,2.763
-1.169,3.238
-1.28,3.08
-1.189,1.965
-1.388,3.929
-1.431,1.831
-1.491,1.051
-1.512,3.146
-1.662,0.132
-1.722,2.187
-1.627,2.037
-1.737,0.407
-1.848,2.571
-1.843,2.182
-2.157,2.819
-2.044,3.817
-2.166,2.088
-2.186,4.016
-2.245,3.926
-2.351,1.757
-2.419,2.741
-2.436,1.936
-2.67,4.067
-2.65,0.247
-2.664,0.453
-2.891,3.816
-2.801,0.707
-2.999,0.331
3.124,2.302
3.127,1.517
-3.096,1.298
-3.108,0.149
3.126,2.953
3.098,1.249
2.953,1.662
2.955,3.942
3.0,1.201
2.549,0.651
2.678,1.219
2.573,2.433
2.577,1.438
2.451,0.499
2.544,3.655
2.461,1.68
2.422,3.482
2.243,2.114
2.2,2.096
2.2,3.95
2.263,3.325
2.112,1.265
2.107,1.25
2.24,0.81
2.083,1.967
2.191,4.056
2.177,2.915
2.042,0.604
2.158,2.82
2.141,2.992
2.153,1.205
2.053,1.356
1.944,2.457
1.874,3.222
1.951,0.161
1.94,2.544
1.818,4.103
1.771,2.173
1.882,0.446
1.804,1.976
1.742,1.696
1.555,3.768
1.59,0.277
1.559,3.481
1.425,0.743
1.522,1.442
1.41,2.883
1.483,0.46
1.31,2.462
1.27,0.32
1.388,2.951
1.252,0.368
1.19,0.392
1.054,2.502
1.166,1.533
1.043,0.269
1.09,0.117
1.086,0.394
1.048,1.469
0.884,3.063
0.713,3.757
0.602,1.86
0.584,1.584
0.578,1.628
0.58,2.572
0.574,2.519
0.552,2.454
0.445,2.286
0.413,0.885
0.378,2.378
0.315,0.797
0.273,1.594
0.215,2.095
-0.096,1.426
0.009,1.461
-0.262,1.539
-0.14,1.873
-0.191,1.254
-0.314,0.264
-0.507,3.92
-0.383,2.147
-0.531,2.371
-0.541,0.436
-0.459,3.587
-0.626,0.963
-0.629,3.028
-0.642,3.632
-0.739,2.195
-0.648,1.788
-0.936,-0.089
-1.406,0.142
-1.639,-0.14
-1.954,-0.196
-2.072,-0.145
-2.482,0.059
-3.117,-0.208
2.689,-0.152
2.495,-0.003
0.831,0.183
0.631,-0.104
0.594,-0.213
0.302,-0.046
0.359,-0.021
-0.744,-0.048
-0.928,4.133
-1.0,4.235
-1.426,4.42
-1.886,4.34
-3.011,4.437
2.903,4.134
3.04,4.14
2.682,4.177
2.805,4.258
2.57,4.475
2.403,4.448
2.281,4.175
1.891,4.293
1.746,4.21
1.861,4.573
1.868,4.291
1.384,4.454
1.052,4.602
0.789,4.525
0.357,4.385
-0.102,4.354
-0.208,4.4
-0.247,4.362
2.609,1.993
2.161,1.395
0.928,0.228
0.666,1.546
0.331,2.231
-2.918,2.778
1.893,3.522
-0.188,2.475
-0.209,2.274
-0.265,2.618
-0.487,1.155
-1.195,3.119
-2.175,1.495
-2.27,1.783
-2.419,2.292
-2.154,-0.077
2.109,0.399
1.89,4.242
0.125,3.818
0.037,4.051
-0.191,3.978
-0.116,3.797
0.783,3.962
1.253,4.409
-0.367,4.764
-0.406,4.656
-0.589,4.489
-1.028,4.543
-1.018,4.809
-1.467,4.852
-1.855,4.694
-2.092,4.474
-2.081,4.772
-2.69,4.72
-2.809,4.609
-2.934,4.53
-3.029,4.487
2.725,4.657
2.432,4.56
2.221,4.717
1.977,4.878
1.896,4.59
1.146,4.901
0.905,4.45
0.624,4.586
0.202,4.612
0.094,4.662
0.105,4.54
-0.265,4.769
-0.571,4.392
-0.877,1.764
-0.969,1.001
-1.639,2.925
-1.622,0.621
-2.065,1.609
2.752,0.774
2.271,2.771
1.438,4.08
1.144,3.356
0.688,1.487
0.215,1.148
1.676,0.22
1.618,4.659
-0.231,4.426
-0.255,2.229
-0.402,1.911
-0.322,1.772
-0.39,4.331
-0.503,1.598
-0.632,3.928
-0.511,0.655
-0.584,3.549
-0.606,2.096
-0.608,3.437
-0.669,3.065
-0.761,3.54
-0.872,3.382
-0.781,2.267
-0.98,4.231
-1.023,2.133
-1.083,1.353
-1.104,3.448
-1.254,0.434
-1.314,2.489
-1.219,2.339
-1.329,0.709
-1.44,2.873
-1.435,2.484
-1.749,3.121
-1.636,4.119
-1.758,2.39
-1.778,4.318
-1.837,4.228
-1.943,2.059
-2.011,3.043
-2.028,2.238
-2.262,4.369
-2.242,0.549
-2.256,0.755
-2.483,4.118
-2.393,1.009
-2.591,0.633
-2.751,2.604
-2.748,1.819
-2.688,1.6
-2.7,0.451
-2.749,3.255
-2.777,1.551
-2.922,1.964
-2.92,4.244
-2.875,1.503
2.957,0.953
3.086,1.521
2.981,2.735
2.985,1.74
2.859,0.801
2.952,3.957
2.869,1.982
2.83,3.784
2.651,2.416
2.608,2.398
2.608,4.252
2.671,3.627
2.52,1.567
2.515,1.552
2.648,1.112
2.491,2.269
2.599,4.358
2.585,3.217
2.45,0.906
2.566,3.122
2.549,3.294
2.561,1.507
2.461,1.658
2.352,2.759
2.282,3.524
2.359,0.463
2.348,2.846
2.226,4.405
2.179,2.475
2.29,0.748
2.212,2.278
2.15,1.998
1.963,4.07
1.998,0.579
1.967,3.783
1.833,1.045
1.93,1.744
1.818,3.185
1.891,0.762
1.718,2.764
1.678,0.622
1.796,3.253
1.66,0.67
1.598,0.694
1.462,2.804
1.574,1.835
1.451,0.571
1.498,0.419
1.494,0.696
1.456,1.771
1.292,3.365
1.121,4.059
1.01,2.162
0.992,1.886
0.986,1.93
0.988,2.874
0.982,2.821
0.96,2.756
0.853,2.588
0.821,1.187
0.786,2.68
0.723,1.099
0.681,1.896
0.623,2.397
0.312,1.728
0.417,1.763
0.146,1.841
0.268,2.175
0.217,1.556
0.094,0.566
-0.099,4.222
0.025,2.449
-0.123,2.673
-0.133,0.738
-0.051,3.889
-0.218,1.265
-0.221,3.33
-0.234,3.934
-0.331,2.497
-0.24,2.09
-0.528,0.213
-0.998,0.444
-1.231,0.162
-1.546,0.106
-1.664,0.157
-2.074,0.361
-2.709,0.094
3.097,0.15
2.903,0.299
1.239,0.485
1.039,0.198
1.002,0.089
0.71,0.256
0.767,0.281
-0.336,0.254
-0.52,4.435
-0.592,4.537
-1.018,4.722
-1.478,4.642
-2.603,4.739
-2.972,4.436
-2.835,4.442
3.09,4.479
-3.07,4.56
2.978,4.777
2.811,4.75
2.689,4.477
2.299,4.595
2.154,4.512
2.269,4.875
2.276,4.593
1.792,4.756
1.46,4.904
1.197,4.827
0.765,4.687
0.306,4.656
0.2,4.702
0.161,4.664
3.017,2.295
2.569,1.697
1.336,0.53
1.074,1.848
0.739,2.533
-2.51,3.08
2.301,3.824
0.22,2.777
0.199,2.576
0.143,2.92
-0.079,1.457
-0.787,3.421
-1.767,1.797
-1.862,2.085
-2.011,2.594
-1.746,0.225
2.517,0.701
2.298,4.544
0.533,4.12
0.445,4.353
0.217,4.28
0.292,4.099
1.191,4.264
1.661,4.711
-0.039,-0.108
-0.222,-0.275
-0.661,-0.221
-0.651,0.045
-1.1,0.088
-1.488,-0.07
-1.725,-0.29
-1.714,0.008
-2.323,-0.044
-2.442,-0.155
-2.567,-0.234
-2.662,-0.277
3.092,-0.107
2.799,-0.204
2.588,-0.047
2.344,0.114
2.263,-0.174
1.513,0.137
1.272,-0.314
0.991,-0.178
0.569,-0.152
0.461,-0.102
0.472,-0.224
0.102,0.005
-0.204,-0.372
-0.51,-3.0
-0.602,-3.763
-1.272,-1.839
-1.255,-4.143
-1.698,-3.155
3.119,-3.99
2.638,-1.993
1.805,-0.684
1.511,-1.408
1.055,-3.277
0.582,-3.616
2.043,-4.544
1.985,-0.105
0.136,-0.338
0.112,-2.535
-0.035,-2.853
0.045,-2.992
-0.023,-0.433
-0.136,-3.166
-0.265,-0.836
-0.144,-4.109
-0.217,-1.215
-0.239,-2.668
-0.241,-1.327
-0.302,-1.699
-0.394,-1.224
-0.505,-1.382
-0.414,-2.497
-0.613,-0.533
-0.656,-2.631
-0.716,-3.411
-0.737,-1.316
-0.887,-4.33
-0.947,-2.275
-0.852,-2.425
-0.962,-4.055
-1.073,-1.891
-1.068,-2.28
-1.382,-1.643
-1.269,-0.645
-1.391,-2.374
-1.411,-0.446
-1.47,-0.536
-1.576,-2.705
-1.644,-1.721
-1.661,-2.526
-1.895,-0.395
-1.875,-4.215
-1.889,-4.009
-2.116,-0.646
-2.026,-3.755
-2.224,-4.131
-2.384,-2.16
-2.381,-2.945
-2.321,-3.164
-2.333,-4.313
-2.382,-1.509
-2.41,-3.213
-2.555,-2.8
-2.553,-0.52
-2.508,-3.261
-2.959,-3.811
-2.83,-3.243
-2.935,-2.029
-2.931,-3.024
-3.057,-3.963
-2.964,-0.807
-3.047,-2.782
-3.086,-0.98
3.018,-2.348
2.975,-2.366
2.975,-0.512
3.038,-1.137
2.887,-3.197
2.882,-3.212
3.015,-3.652
2.858,-2.495
2.966,-0.406
2.952,-1.547
2.817,-3.858
2.933,-1.642
2.916,-1.47
2.928,-3.257
2.828,-3.106
2.719,-2.005
2.649,-1.24
2.726,-4.301
2.715,-1.918
2.593,-0.359
2.546,-2.289
2.657,-4.016
2.579,-2.486
2.517,-2.766
2.33,-0.694
2.365,-4.185
2.334,-0.981
2.2,-3.719
2.297,-3.02
2.185,-1.579
2.258,-4.002
2.085,-2.0
2.045,-4.142
2.163,-1.511
2.027,-4.094
1.965,-4.07
1.829,-1.96
1.941,-2.929
1.818,-4.193
1.865,-4.345
1.861,-4.068
1.823,-2.993
1.659,-1.399
1.488,-0.705
1.377,-2.602
1.359,-2.878
1.353,-2.834
1.355,-1.89
1.349,-1.943
1.327,-2.008
1.22,-2.176
1.188,-3.577
1.153,-2.084
1.09,-3.665
1.048,-2.868
0.99,-2.367
0.679,-3.036
0.784,-3.001
0.513,-2.923
0.635,-2.589
0.584,-3.208
0.461,-4.198
0.268,-0.542
0.392,-2.315
0.244,-2.091
0.234,-4.026
0.316,-0.875
0.149,-3.499
0.146,-1.434
0.133,-0.83
0.036,-2.267
0.127,-2.674
-0.161,-4.551
-0.631,-4.32
-0.864,-4.602
-1.179,-4.658
-1.297,-4.607
-1.707,-4.403
-2.342,-4.67
-2.819,-4.614
-3.013,-4.465
1.606,-4.279
1.406,-4.566
1.369,-4.675
1.077,-4.508
1.134,-4.483
0.031,-4.51
-0.153,-0.329
-0.225,-0.227
-0.651,-0.042
-1.111,-0.122
-2.236,-0.025
-2.605,-0.328
-2.468,-0.322
-2.826,-0.285
-2.703,-0.204
-2.938,0.013
-3.105,-0.014
3.056,-0.287
2.666,-0.169
2.521,-0.252
2.636,0.111
2.643,-0.171
2.159,-0.008
1.827,0.14
1.564,0.063
1.132,-0.077
0.673,-0.108
0.567,-0.062
0.528,-0.1
-2.899,-2.469
2.936,-3.067
1.703,-4.234
1.441,-2.916
1.106,-2.231
-2.143,-1.684
2.668,-0.94
0.587,-1.987
0.566,-2.188
0.51,-1.844
0.288,-3.307
-0.42,-1.343
-1.4,-2.967
-1.495,-2.679
-1.644,-2.17
-1.379,-4.539
2.884,-4.063
2.665,-0.22
0.9,-0.644
0.812,-0.411
0.584,-0.484
0.659,-0.665
1.558,-0.5
2.028,-0.053
-0.183,-0.167
-0.622,-0.113
-0.612,0.153
-1.061,0.196
-1.449,0.038
-1.686,-0.182
-1.675,0.116
-2.284,0.064
-2.403,-0.047
-2.528,-0.126
-2.623,-0.169
3.131,0.001
2.838,-0.096
2.627,0.061
2.383,0.222
2.302,-0.066
1.552,0.245
1.311,-0.206
1.03,-0.07
0.608,-0.044
0.5,0.006
0.511,-0.116
0.141,0.113
-0.165,-0.264
-0.471,-2.892
-0.563,-3.655
-1.233,-1.731
-1.216,-4.035
-1.659,-3.047
-3.125,-3.882
2.677,-1.885
1.844,-0.576
1.55,-1.3
1.094,-3.169
0.621,-3.508
2.082,-4.436
2.024,0.003
0.175,-0.23
0.151,-2.427
0.004,-2.745
0.084,-2.884
0.016,-0.325
-0.097,-3.058
-0.226,-0.728
-0.105,-4.001
-0.178,-1.107
-0.2,-2.56
-0.202,-1.219
-0.263,-1.591
-0.355,-1.116
-0.466,-1.274
-0.375,-2.389
-0.574,-0.425
-0.617,-2.523
-0.677,-3.303
-0.698,-1.208
-0.848,-4.222
-0.908,-2.167
-0.813,-2.317
-0.923,-3.947
-1.034,-1.783
-1.029,-2.172
-1.343,-1.535
-1.23,-0.537
-1.352,-2.266
-1.372,-0.338
-1.431,-0.428
-1.537,-2.597
-1.605,-1.613
-1.622,-2.418
-1.856,-0.287
-1.836,-4.107
-1.85,-3.901
-2.077,-0.538
-1.987,-3.647
-2.185,-4.023
-2.345,-2.052
-2.342,-2.837
-2.282,-3.056
-2.294,-4.205
-2.343,-1.401
-2.371,-3.105
-2.516,-2.692
-2.514,-0.412
-2.469,-3.153
-2.92,-3.703
-2.791,-3.135
-2.896,-1.921
-2.892,-2.916
-3.018,-3.855
-2.925,-0.699
-3.008,-2.674
-3.047,-0.872
3.057,-2.24
3.014,-2.258
3.014,-0.404
3.077,-1.029
2.926,-3.089
2.921,-3.104
3.054,-3.544
2.897,-2.387
3.005,-0.298
2.991,-1.439
2.856,-3.75
2.972,-1.534
2.955,-1.362
2.967,-3.149
2.867,-2.998
2.758,-1.897
2.688,-1.132
2.765,-4.193
2.754,-1.81
2.632,-0.251
2.585,-2.181
2.696,-3.908
2.618,-2.378
2.556,-2.658
2.369,-0.586
2.404,-4.077
2.373,-0.873
2.239,-3.611
2.336,-2.912
2.224,-1.471
2.297,-3.894
2.124,-1.892
2.084,-4.034
2.202,-1.403
2.066,-3.986
2.004,-3.962
1.868,-1.852
1.98,-2.821
1.857,-4.085
1.904,-4.237
1.9,-3.96
1.862,-2.885
1.698,-1.291
1.527,-0.597
1.416,-2.494
1.398,-2.77
1.392,-2.726
1.394,-1.782
1.388,-1.835
1.366,-1.9
1.259,-2.068
1.227,-3.469
1.192,-1.976
1.129,-3.557
1.087,-2.76
1.029,-2.259
0.718,-2.928
0.823,-2.893
0.552,-2.815
0.674,-2.481
0.623,-3.1
0.5,-4.09
0.307,-0.434
0.431,-2.207
0.283,-1.983
0.273,-3.918
0.355,-0.767
0.188,-3.391
0.185,-1.326
0.172,-0.722
0.075,-2.159
0.166,-2.566
-0.122,-4.443
-0.592,-4.212
-0.825,-4.494
-1.14,-4.55
-1.258,-4.499
-1.668,-4.295
-2.303,-4.562
-2.78,-4.506
-2.974,-4.357
1.645,-4.171
1.445,-4.458
1.408,-4.567
1.116,-4.4
1.173,-4.375
0.07,-4.402
-0.114,-0.221
-0.186,-0.119
-0.612,0.066
-1.072,-0.014
-2.197,0.083
-2.566,-0.22
-2.429,-0.214
-2.787,-0.177
-2.664,-0.096
-2.899,0.121
-3.066,0.094
3.095,-0.179
2.705,-0.061
2.56,-0.144
2.675,0.219
2.682,-0.063
2.198,0.1
1.866,0.248
1.603,0.171
1.171,0.031
0.712,0.0
0.606,0.046
0.567,0.008
-2.86,-2.361
2.975,-2.959
1.742,-4.126
1.48,-2.808
1.145,-2.123
-2.104,-1.576
2.707,-0.832
0.626,-1.879
0.605,-2.08
0.549,-1.736
0.327,-3.199
-0.381,-1.235
-1.361,-2.859
-1.456,-2.571
-1.605,-2.062
-1.34,-4.431
2.923,-3.955
2.704,-0.112
0.939,-0.536
0.851,-0.303
0.623,-0.376
0.698,-0.557
1.597,-0.392
2.067,0.055
-0.439,0.054
-0.429,0.32
-0.878,0.363
-1.266,0.205
-1.503,-0.015
-1.492,0.283
-2.101,0.231
-2.22,0.12
-2.345,0.041
-2.44,-0.002
-2.969,0.168
3.021,0.071
2.81,0.228
2.566,0.389
2.485,0.101
1.735,0.412
1.494,-0.039
1.213,0.097
0.791,0.123
0.683,0.173
0.694,0.051
0.324,0.28
0.018,-0.097
-0.288,-2.725
-0.38,-3.488
-1.05,-1.564
-1.033,-3.868
-1.476,-2.88
-2.942,-3.715
2.86,-1.718
2.027,-0.409
1.733,-1.133
1.277,-3.002
0.804,-3.341
2.265,-4.269
2.207,0.17
0.358,-0.063
0.334,-2.26
0.187,-2.578
0.267,-2.717
0.199,-0.158
0.086,-2.891
-0.043,-0.561
0.078,-3.834
0.005,-0.94
-0.017,-2.393
-0.019,-1.052
-0.08,-1.424
-0.172,-0.949
-0.283,-1.107
-0.192,-2.222
-0.391,-0.258
-0.434,-2.356
-0.494,-3.136
-0.515,-1.041
-0.665,-4.055
-0.725,-2.0
-0.63,-2.15
-0.74,-3.78
-0.851,-1.616
-0.846,-2.005
-1.16,-1.368
-1.047,-0.37
-1.169,-2.099
-1.189,-0.171
-1.248,-0.261
-1.354,-2.43
-1.422,-1.446
-1.439,-2.251
-1.673,-0.12
-1.653,-3.94
-1.667,-3.734
-1.894,-0.371
-1.804,-3.48
-2.002,-3.856
-2.162,-1.885
-2.159,-2.67
-2.099,-2.889
-2.111,-4.038
-2.16,-1.234
-2.188,-2.938
-2.333,-2.525
-2.331,-0.245
-2.286,-2.986
-2.737,-3.536
-2.608,-2.968
-2.713,-1.754
-2.709,-2.749
-2.835,-3.688
-2.742,-0.532
-2.825,-2.507
-2.864,-0.705
-3.043,-2.073
-3.086,-2.091
-3.086,-0.237
-3.023,-0.862
3.109,-2.922
3.104,-2.937
-3.046,-3.377
3.08,-2.22
-3.095,-0.131
-3.109,-1.272
3.039,-3.583
-3.128,-1.367
3.138,-1.195
-3.133,-2.982
3.05,-2.831
2.941,-1.73
2.871,-0.965
2.948,-4.026
2.937,-1.643
2.815,-0.084
2.768,-2.014
2.879,-3.741
2.801,-2.211
2.739,-2.491
2.552,-0.419
2.587,-3.91
2.556,-0.706
2.422,-3.444
2.519,-2.745
2.407,-1.304
2.48,-3.727
2.307,-1.725
2.267,-3.867
2.385,-1.236
2.249,-3.819
2.187,-3.795
2.051,-1.685
2.163,-2.654
2.04,-3.918
2.087,-4.07
2.083,-3.793
2.045,-2.718
1.881,-1.124
1.71,-0.43
1.599,-2.327
1.581,-2.603
1.575,-2.559
1.577,-1.615
1.571,-1.668
1.549,-1.733
1.442,-1.901
1.41,-3.302
1.375,-1.809
1.312,-3.39
1.27,-2.593
1.212,-2.092
0.901,-2.761
1.006,-2.726
0.735,-2.648
0.857,-2.314
0.806,-2.933
0.683,-3.923
0.49,-0.267
0.614,-2.04
0.466,-1.816
0.456,-3.751
0.538,-0.6
0.371,-3.224
0.368,-1.159
0.355,-0.555
0.258,-1.992
0.349,-2.399
0.061,-4.276
-0.409,-4.045
-0.642,-4.327
-0.957,-4.383
-1.075,-4.332
-1.485,-4.128
-2.12,-4.395
-2.597,-4.339
-2.791,-4.19
1.828,-4.004
1.628,-4.291
1.591,-4.4
1.299,-4.233
1.356,-4.208
0.253,-4.235
0.069,-0.054
-0.003,0.048
-0.429,0.233
-0.889,0.153
-2.014,0.25
-2.383,-0.053
-2.246,-0.047
-2.604,-0.01
-2.481,0.071
-2.716,0.288
-2.883,0.261
-3.005,-0.012
2.888,0.106
2.743,0.023
2.858,0.386
2.865,0.104
2.381,0.267
2.049,0.415
1.786,0.338
1.354,0.198
0.895,0.167
0.789,0.213
0.75,0.175
-2.677,-2.194
-3.125,-2.792
1.925,-3.959
1.663,-2.641
1.328,-1.956
-1.921,-1.409
2.89,-0.665
0.809,-1.712
0.788,-1.913
0.732,-1.569
0.51,-3.032
-0.198,-1.068
-1.178,-2.692
-1.273,-2.404
-1.422,-1.895
-1.157,-4.264
3.106,-3.788
2.887,0.055
1.122,-0.369
1.034,-0.136
0.806,-0.209
0.881,-0.39
1.78,-0.225
2.25,0.222
0.01,0.266
-0.439,0.309
-0.827,0.151
-1.064,-0.069
-1.053,0.229
-1.662,0.177
-1.781,0.066
-1.906,-0.013
-2.001,-0.056
-2.53,0.114
-2.823,0.017
-3.034,0.174
3.005,0.335
2.924,0.047
2.174,0.358
1.933,-0.093
1.652,0.043
1.23,0.069
1.122,0.119
1.133,-0.003
0.763,0.226
0.457,-0.151
0.151,-2.779
0.059,-3.542
-0.611,-1.618
-0.594,-3.922
-1.037,-2.934
-2.503,-3.769
-2.984,-1.772
2.466,-0.463
2.172,-1.187
1.716,-3.056
1.243,-3.395
2.704,-4.323
2.646,0.116
0.797,-0.117
0.773,-2.314
0.626,-2.632
0.706,-2.771
0.638,-0.212
0.525,-2.945
0.396,-0.615
0.517,-3.888
0.444,-0.994
0.422,-2.447
0.42,-1.106
0.359,-1.478
0.267,-1.003
0.156,-1.161
0.247,-2.276
0.048,-0.312
0.005,-2.41
-0.055,-3.19
-0.076,-1.095
-0.226,-4.109
-0.286,-2.054
-0.191,-2.204
-0.301,-3.834
-0.412,-1.67
-0.407,-2.059
-0.721,-1.422
-0.608,-0.424
-0.73,-2.153
-0.75,-0.225
-0.809,-0.315
-0.915,-2.484
-0.983,-1.5
-1.0,-2.305
-1.234,-0.174
-1.214,-3.994
-1.228,-3.788
-1.455,-0.425
-1.365,-3.534
-1.563,-3.91
-1.723,-1.939
-1.72,-2.724
-1.66,-2.943
-1.672,-4.092
-1.721,-1.288
-1.749,-2.992
-1.894,-2.579
-1.892,-0.299
-1.847,-3.04
-2.298,-3.59
-2.169,-3.022
-2.274,-1.808
-2.27,-2.803
-2.396,-3.742
-2.303,-0.586
-2.386,-2.561
-2.425,-0.759
-2.604,-2.127
-2.647,-2.145
-2.647,-0.291
-2.584,-0.916
-2.735,-2.976
-2.74,-2.991
-2.607,-3.431
-2.764,-2.274
-2.656,-0.185
-2.67,-1.326
-2.805,-3.637
-2.689,-1.421
-2.706,-1.249
-2.694,-3.036
-2.794,-2.885
-2.903,-1.784
-2.973,-1.019
-2.896,-4.08
-2.907,-1.697
-3.029,-0.138
-3.076,-2.068
-2.965,-3.795
-3.043,-2.265
-3.105,-2.545
2.991,-0.473
3.026,-3.964
2.995,-0.76
2.861,-3.498
2.958,-2.799
2.846,-1.358
2.919,-3.781
2.746,-1.779
2.706,-3.921
2.824,-1.29
2.688,-3.873
2.626,-3.849
2.49,-1.739
2.602,-2.708
2.479,-3.972
2.526,-4.124
2.522,-3.847
2.484,-2.772
2.32,-1.178
2.149,-0.484
2.038,-2.381
2.02,-2.657
2.014,-2.613
2.016,-1.669
2.01,-1.722
1.988,-1.787
1.881,-1.955
1.849,-3.356
1.814,-1.863
1.751,-3.444
1.709,-2.647
1.651,-2.146
1.34,-2.815
1.445,-2.78
1.174,-2.702
1.296,-2.368
1.245,-2.987
1.122,-3.977
0.929,-0.321
1.053,-2.094
0.905,-1.87
0.895,-3.805
0.977,-0.654
0.81,-3.278
0.807,-1.213
0.794,-0.609
0.697,-2.046
0.788,-2.453
0.5,-4.33
0.03,-4.099
-0.203,-4.381
-0.518,-4.437
-0.636,-4.386
-1.046,-4.182
-1.681,-4.449
-2.158,-4.393
-2.352,-4.244
2.267,-4.058
2.067,-4.345
2.03,-4.454
1.738,-4.287
1.795,-4.262
0.692,-4.289
0.508,-0.108
0.436,-0.006
0.01,0.179
-0.45,0.099
-1.575,0.196
-1.944,-0.107
-1.807,-0.101
-2.165,-0.064
-2.042,0.017
-2.277,0.234
-2.444,0.207
-2.566,-0.066
-2.956,0.052
-3.101,-0.031
-2.986,0.332
-2.979,0.05
2.82,0.213
2.488,0.361
2.225,0.284
1.793,0.144
1.334,0.113
1.228,0.159
1.189,0.121
-2.238,-2.248
-2.686,-2.846
2.364,-4.013
2.102,-2.695
1.767,-2.01
-1.482,-1.463
-2.954,-0.719
1.248,-1.766
1.227,-1.967
1.171,-1.623
0.949,-3.086
0.241,-1.122
-0.739,-2.746
-0.834,-2.458
-0.983,-1.949
-0.718,-4.318
-2.738,-3.842
-2.957,0.001
1.561,-0.423
1.473,-0.19
1.245,-0.263
1.32,-0.444
2.219,-0.279
2.689,0.168
-0.449,0.043
-0.837,-0.115
-1.074,-0.335
-1.063,-0.037
-1.672,-0.089
-1.791,-0.2
-1.916,-0.279
-2.011,-0.322
-2.54,-0.152
-2.833,-0.249
-3.044,-0.092
2.995,0.069
2.914,-0.219
2.164,0.092
1.923,-0.359
1.642,-0.223
1.22,-0.197
1.112,-0.147
1.123,-0.269
0.753,-0.04
0.447,-0.417
0.141,-3.045
0.049,-3.808
-0.621,-1.884
-0.604,-4.188
-1.047,-3.2
-2.513,-4.035
-2.994,-2.038
2.456,-0.729
2.162,-1.453
1.706,-3.322
1.233,-3.661
2.694,-4.589
2.636,-0.15
0.787,-0.383
0.763,-2.58
0.616,-2.898
0.696,-3.037
0.628,-0.478
0.515,-3.211
0.386,-0.881
0.507,-4.154
0.434,-1.26
0.412,-2.713
0.41,-1.372
0.349,-1.744
0.257,-1.269
0.146,-1.427
0.237,-2.542
0.038,-0.578
-0.005,-2.676
-0.065,-3.456
-0.086,-1.361
-0.236,-4.375
-0.296,-2.32
-0.201,-2.47
-0.311,-4.1
-0.422,-1.936
-0.417,-2.325
-0.731,-1.688
-0.618,-0.69
-0.74,-2.419
-0.76,-0.491
-0.819,-0.581
-0.925,-2.75
-0.993,-1.766
-1.01,-2.571
-1.244,-0.44
-1.224,-4.26
-1.238,-4.054
-1.465,-0.691
-1.375,-3.8
-1.573,-4.176
-1.733,-2.205
-1.73,-2.99
-1.67,-3.209
-1.682,-4.358
-1.731,-1.554
-1.759,-3.258
-1.904,-2.845
-1.902,-0.565
-1.857,-3.306
-2.308,-3.856
-2.179,-3.288
-2.284,-2.074
-2.28,-3.069
-2.406,-4.008
-2.313,-0.852
-2.396,-2.827
-2.435,-1.025
-2.614,-2.393
-2.657,-2.411
-2.657,-0.557
-2.594,-1.182
-2.745,-3.242
-2.75,-3.257
-2.617,-3.697
-2.774,-2.54
-2.666,-0.451
-2.68,-1.592
-2.815,-3.903
-2.699,-1.687
-2.716,-1.515
-2.704,-3.302
-2.804,-3.151
-2.913,-2.05
-2.983,-1.285
-2.906,-4.346
-2.917,-1.963
-3.039,-0.404
-3.086,-2.334
-2.975,-4.061
-3.053,-2.531
-3.115,-2.811
2.981,-0.739
3.016,-4.23
2.985,-1.026
2.851,-3.764
2.948,-3.065
2.836,-1.624
2.909,-4.047
2.736,-2.045
2.696,-4.187
2.814,-1.556
2.678,-4.139
2.616,-4.115
2.48,-2.005
2.592,-2.974
2.469,-4.238
2.516,-4.39
2.512,-4.113
2.474,-3.038
2.31,-1.444
2.139,-0.75
2.028,-2.647
2.01,-2.923
2.004,-2.879
2.006,-1.935
2.0,-1.988
1.978,-2.053
1.871,-2.221
1.839,-3.622
1.804,-2.129
1.741,-3.71
1.699,-2.913
1.641,-2.412
1.33,-3.081
1.435,-3.046
1.164,-2.968
1.286,-2.634
1.235,-3.253
1.112,-4.243
0.919,-0.587
1.043,-2.36
0.895,-2.136
0.885,-4.071
0.967,-0.92
0.8,-3.544
0.797,-1.479
0.784,-0.875
0.687,-2.312
0.778,-2.719
0.49,-4.596
0.02,-4.365
-0.213,-4.647
-0.528,-4.703
-0.646,-4.652
-1.056,-4.448
-1.691,-4.715
-2.168,-4.659
-2.362,-4.51
2.257,-4.324
2.057,-4.611
2.02,-4.72
1.728,-4.553
1.785,-4.528
0.682,-4.555
0.498,-0.374
0.426,-0.272
0.0,-0.087
-0.46,-0.167
-1.585,-0.07
-1.954,-0.373
-1.817,-0.367
-2.175,-0.33
-2.052,-0.249
-2.287,-0.032
-2.454,-0.059
-2.576,-0.332
-2.966,-0.214
-3.111,-0.297
-2.996,0.066
-2.989,-0.216
2.81,-0.053
2.478,0.095
2.215,0.018
1.783,-0.122
1.324,-0.153
1.218,-0.107
1.179,-0.145
-2.248,-2.514
-2.696,-3.112
2.354,-4.279
2.092,-2.961
1.757,-2.276
-1.492,-1.729
-2.964,-0.985
1.238,-2.032
1.217,-2.233
1.161,-1.889
0.939,-3.352
0.231,-1.388
-0.749,-3.012
-0.844,-2.724
-0.993,-2.215
-0.728,-4.584
-2.748,-4.108
-2.967,-0.265
1.551,-0.689
1.463,-0.456
1.235,-0.529
1.31,-0.71
2.209,-0.545
2.679,-0.098
-0.388,-0.158
-0.625,-0.378
-0.614,-0.08
-1.223,-0.132
-1.342,-0.243
-1.467,-0.322
-1.562,-0.365
-2.091,-0.195
-2.384,-0.292
-2.595,-0.135
-2.839,0.026
-2.92,-0.262
2.613,0.049
2.372,-0.402
2.091,-0.266
1.669,-0.24
1.561,-0.19
1.572,-0.312
1.202,-0.083
0.896,-0.46
0.59,-3.088
0.498,-3.851
-0.172,-1.927
-0.155,-4.231
-0.598,-3.243
-2.064,-4.078
-2.545,-2.081
2.905,-0.772
2.611,-1.496
2.155,-3.365
1.682,-3.704
-3.14,-4.632
3.085,-0.193
1.236,-0.426
1.212,-2.623
1.065,-2.941
1.145,-3.08
1.077,-0.521
0.964,-3.254
0.835,-0.924
0.956,-4.197
0.883,-1.303
0.861,-2.756
0.859,-1.415
0.798,-1.787
0.706,-1.312
0.595,-1.47
0.686,-2.585
0.487,-0.621
0.444,-2.719
0.384,-3.499
0.363,-1.404
0.213,-4.418
0.153,-2.363
0.248,-2.513
0.138,-4.143
0.027,-1.979
0.032,-2.368
-0.282,-1.731
-0.169,-0.733
-0.291,-2.462
-0.311,-0.534
-0.37,-0.624
-0.476,-2.793
-0.544,-1.809
-0.561,-2.614
-0.795,-0.483
-0.775,-4.303
-0.789,-4.097
-1.016,-0.734
-0.926,-3.843
-1.124,-4.219
-1.284,-2.248
-1.281,-3.033
-1.221,-3.252
-1.233,-4.401
-1.282,-1.597
-1.31,-3.301
-1.455,-2.888
-1.453,-0.608
-1.408,-3.349
-1.859,-3.899
-1.73,-3.331
-1.835,-2.117
-1.831,-3.112
-1.957,-4.051
-1.864,-0.895
-1.947,-2.87
-1.986,-1.068
-2.165,-2.436
-2.208,-2.454
-2.208,-0.6
-2.145,-1.225
-2.296,-3.285
-2.301,-3.3
-2.168,-3.74
-2.325,-2.583
-2.217,-0.494
-2.231,-1.635
-2.366,-3.946
-2.25,-1.73
-2.267,-1.558
-2.255,-3.345
-2.355,-3.194
-2.464,-2.093
-2.534,-1.328
-2.457,-4.389
-2.468,-2.006
-2.59,-0.447
-2.637,-2.377
-2.526,-4.104
-2.604,-2.574
-2.666,-2.854
-2.853,-0.782
-2.818,-4.273
-2.849,-1.069
-2.983,-3.807
-2.886,-3.108
-2.998,-1.667
-2.925,-4.09
-3.098,-2.088
-3.138,-4.23
-3.02,-1.599
3.127,-4.182
3.065,-4.158
2.929,-2.048
3.041,-3.017
2.918,-4.281
2.965,-4.433
2.961,-4.156
2.923,-3.081
2.759,-1.487
2.588,-0.793
2.477,-2.69
2.459,-2.966
2.453,-2.922
2.455,-1.978
2.449,-2.031
2.427,-2.096
2.32,-2.264
2.288,-3.665
2.253,-2.172
2.19,-3.753
2.148,-2.956
2.09,-2.455
1.779,-3.124
1.884,-3.089
1.613,-3.011
1.735,-2.677
1.684,-3.296
1.561,-4.286
1.368,-0.63
1.492,-2.403
1.344,-2.179
1.334,-4.114
1.416,-0.963
1.249,-3.587
1.246,-1.522
1.233,-0.918
1.136,-2.355
1.227,-2.762
0.939,-4.639
0.469,-4.408
0.236,-4.69
-0.079,-4.746
-0.197,-4.695
-0.607,-4.491
-1.242,-4.758
-1.719,-4.702
-1.913,-4.553
2.706,-4.367
2.506,-4.654
2.469,-4.763
2.177,-4.596
2.234,-4.571
1.131,-4.598
0.947,-0.417
0.875,-0.315
0.449,-0.13
-0.011,-0.21
-1.136,-0.113
-1.505,-0.416
-1.368,-0.41
-1.726,-0.373
-1.603,-0.292
-1.838,-0.075
-2.005,-0.102
-2.127,-0.375
-2.517,-0.257
-2.662,-0.34
-2.547,0.023
-2.54,-0.259
-3.024,-0.096
2.927,0.052
2.664,-0.025
2.232,-0.165
1.773,-0.196
1.667,-0.15
1.628,-0.188
-1.799,-2.557
-2.247,-3.155
2.803,-4.322
2.541,-3.004
2.206,-2.319
-1.043,-1.772
-2.515,-1.028
1.687,-2.075
1.666,-2.276
1.61,-1.932
1.388,-3.395
0.68,-1.431
-0.3,-3.055
-0.395,-2.767
-0.544,-2.258
-0.279,-4.627
-2.299,-4.151
-2.518,-0.308
2.0,-0.732
1.912,-0.499
1.684,-0.572
1.759,-0.753
2.658,-0.588
3.128,-0.141
-0.237,-0.22
-0.226,0.078
-0.835,0.026
-0.954,-0.085
-1.079,-0.164
-1.174,-0.207
-1.703,-0.037
-1.996,-0.134
-2.207,0.023
-2.451,0.184
-2.532,-0.104
3.001,0.207
2.76,-0.244
2.479,-0.108
2.057,-0.082
1.949,-0.032
1.96,-0.154
1.59,0.075
1.284,-0.302
0.978,-2.93
0.886,-3.693
0.216,-1.769
0.233,-4.073
-0.21,-3.085
-1.676,-3.92
-2.157,-1.923
-2.99,-0.614
2.999,-1.338
2.543,-3.207
2.07,-3.546
-2.752,-4.474
-2.81,-0.035
1.624,-0.268
1.6,-2.465
1.453,-2.783
1.533,-2.922
1.465,-0.363
1.352,-3.096
1.223,-0.766
1.344,-4.039
1.271,-1.145
1.249,-2.598
1.247,-1.257
1.186,-1.629
1.094,-1.154
0.983,-1.312
1.074,-2.427
0.875,-0.463
0.832,-2.561
0.772,-3.341
0.751,-1.246
0.601,-4.26
0.541,-2.205
0.636,-2.355
0.526,-3.985
0.415,-1.821
0.42,-2.21
0.106,-1.573
0.219,-0.575
0.097,-2.304
0.077,-0.376
0.018,-0.466
-0.088,-2.635
-0.156,-1.651
-0.173,-2.456
-0.407,-0.325
-0.387,-4.145
-0.401,-3.939
-0.628,-0.576
-0.538,-3.685
-0.736,-4.061
-0.896,-2.09
-0.893,-2.875
-0.833,-3.094
-0.845,-4.243
-0.894,-1.439
-0.922,-3.143
-1.067,-2.73
-1.065,-0.45
-1.02,-3.191
-1.471,-3.741
-1.342,-3.173
-1.447,-1.959
-1.443,-2.954
-1.569,-3.893
-1.476,-0.737
-1.559,-2.712
-1.598,-0.91
-1.777,-2.278
-1.82,-2.296
-1.82,-0.442
-1.757,-1.067
-1.908,-3.127
-1.913,-3.142
-1.78,-3.582
-1.937,-2.425
-1.829,-0.336
-1.843,-1.477
-1.978,-3.788
-1.862,-1.572
-1.879,-1.4
-1.867,-3.187
-1.967,-3.036
-2.076,-1.935
-2.146,-1.17
-2.069,-4.231
-2.08,-1.848
-2.202,-0.289
-2.249,-2.219
-2.138,-3.946
-2.216,-2.416
-2.278,-2.696
-2.465,-0.624
-2.43,-4.115
-2.461,-0.911
-2.595,-3.649
-2.498,-2.95
-2.61,-1.509
-2.537,-3.932
-2.71,-1.93
-2.75,-4.072
-2.632,-1.441
-2.768,-4.024
-2.83,-4.0
-2.966,-1.89
-2.854,-2.859
-2.977,-4.123
-2.93,-4.275
-2.934,-3.998
-2.972,-2.923
-3.136,-1.329
2.976,-0.635
2.865,-2.532
2.847,-2.808
2.841,-2.764
2.843,-1.82
2.837,-1.873
2.815,-1.938
2.708,-2.106
2.676,-3.507
2.641,-2.014
2.578,-3.595
2.536,-2.798
2.478,-2.297
2.167,-2.966
2.272,-2.931
2.001,-2.853
2.123,-2.519
2.072,-3.138
1.949,-4.128
1.756,-0.472
1.88,-2.245
1.732,-2.021
1.722,-3.956
1.804,-0.805
1.637,-3.429
1.634,-1.364
1.621,-0.76
1.524,-2.197
1.615,-2.604
1.327,-4.481
0.857,-4.25
0.624,-4.532
0.309,-4.588
0.191,-4.537
-0.219,-4.333
-0.854,-4.6
-1.331,-4.544
-1.525,-4.395
3.094,-4.209
2.894,-4.496
2.857,-4.605
2.565,-4.438
2.622,-4.413
1.519,-4.44
1.335,-0.259
1.263,-0.157
0.837,0.028
0.377,-0.052
-0.748,0.045
-1.117,-0.258
-0.98,-0.252
-1.338,-0.215
-1.215,-0.134
-1.45,0.083
-1.617,0.056
-1.739,-0.217
-2.129,-0.099
-2.274,-0.182
-2.159,0.181
-2.152,-0.101
-2.636,0.062
-2.968,0.21
3.052,0.133
2.62,-0.007
2.161,-0.038
2.055,0.008
2.016,-0.03
-1.411,-2.399
-1.859,-2.997
-3.092,-4.164
2.929,-2.846
2.594,-2.161
-0.655,-1.614
-2.127,-0.87
2.075,-1.917
2.054,-2.118
1.998,-1.774
1.776,-3.237
1.068,-1.273
0.088,-2.897
-0.007,-2.609
-0.156,-2.1
0.109,-4.469
-1.911,-3.993
-2.13,-0.15
2.388,-0.574
2.3,-0.341
2.072,-0.414
2.147,-0.595
3.046,-0.43
-2.767,0.017
0.011,0.298
-0.598,0.246
-0.717,0.135
-0.842,0.056
-0.937,0.013
-1.466,0.183
-1.759,0.086
-1.97,0.243
-2.214,0.404
-2.295,0.116
-3.045,0.427
2.997,-0.024
2.716,0.112
2.294,0.138
2.186,0.188
2.197,0.066
1.827,0.295
1.521,-0.082
1.215,-2.71
1.123,-3.473
0.453,-1.549
0.47,-3.853
0.027,-2.865
-1.439,-3.7
-1.92,-1.703
-2.753,-0.394
-3.047,-1.118
2.78,-2.987
2.307,-3.326
-2.515,-4.254
-2.573,0.185
1.861,-0.048
1.837,-2.245
1.69,-2.563
1.77,-2.702
1.702,-0.143
1.589,-2.876
1.46,-0.546
1.581,-3.819
1.508,-0.925
1.486,-2.378
1.484,-1.037
1.423,-1.409
1.331,-0.934
1.22,-1.092
1.311,-2.207
1.112,-0.243
1.069,-2.341
1.009,-3.121
0.988,-1.026
0.838,-4.04
0.778,-1.985
0.873,-2.135
0.763,-3.765
0.652,-1.601
0.657,-1.99
0.343,-1.353
0.456,-0.355
0.334,-2.084
0.314,-0.156
0.255,-0.246
0.149,-2.415
0.081,-1.431
0.064,-2.236
-0.17,-0.105
-0.15,-3.925
-0.164,-3.719
-0.391,-0.356
-0.301,-3.465
-0.499,-3.841
-0.659,-1.87
-0.656,-2.655
-0.596,-2.874
-0.608,-4.023
-0.657,-1.219
-0.685,-2.923
-0.83,-2.51
-0.828,-0.23
-0.783,-2.971
-1.234,-3.521
-1.105,-2.953
-1.21,-1.739
-1.206,-2.734
-1.332,-3.673
-1.239,-0.517
-1.322,-2.492
-1.361,-0.69
-1.54,-2.058
-1.583,-2.076
-1.583,-0.222
-1.52,-0.847
-1.671,-2.907
-1.676,-2.922
-1.543,-3.362
-1.7,-2.205
-1.592,-0.116
-1.606,-1.257
-1.741,-3.568
-1.625,-1.352
-1.642,-1.18
-1.63,-2.967
-1.73,-2.816
-1.839,-1.715
-1.909,-0.95
-1.832,-4.011
-1.843,-1.628
-1.965,-0.069
-2.012,-1.999
-1.901,-3.726
-1.979,-2.196
-2.041,-2.476
-2.228,-0.404
-2.193,-3.895
-2.224,-0.691
-2.358,-3.429
-2.261,-2.73
-2.373,-1.289
-2.3,-3.712
-2.473,-1.71
-2.513,-3.852
-2.395,-1.221
-2.531,-3.804
-2.593,-3.78
-2.729,-1.67
-2.617,-2.639
-2.74,-3.903
-2.693,-4.055
-2.697,-3.778
-2.735,-2.703
-2.899,-1.109
-3.07,-0.415
3.102,-2.312
3.084,-2.588
3.078,-2.544
3.08,-1.6
3.074,-1.653
3.052,-1.718
2.945,-1.886
2.913,-3.287
2.878,-1.794
2.815,-3.375
2.773,-2.578
2.715,-2.077
2.404,-2.746
2.509,-2.711
2.238,-2.633
2.36,-2.299
2.309,-2.918
2.186,-3.908
1.993,-0.252
2.117,-2.025
1.969,-1.801
1.959,-3.736
2.041,-0.585
1.874,-3.209
1.871,-1.144
1.858,-0.54
1.761,-1.977
1.852,-2.384
1.564,-4.261
1.094,-4.03
0.861,-4.312
0.546,-4.368
0.428,-4.317
0.018,-4.113
-0.617,-4.38
-1.094,-4.324
-1.288,-4.175
-2.952,-3.989
3.131,-4.276
3.094,-4.385
2.802,-4.218
2.859,-4.193
1.756,-4.22
1.572,-0.039
1.5,0.063
1.074,0.248
0.614,0.168
-0.511,0.265
-0.88,-0.038
-0.743,-0.032
-1.101,0.005
-0.978,0.086
-1.213,0.303
-1.38,0.276
-1.502,0.003
-1.892,0.121
-2.037,0.038
-1.922,0.401
-1.915,0.119
-2.399,0.282
-2.731,0.43
-2.994,0.353
2.857,0.213
2.398,0.182
2.292,0.228
2.253,0.19
-1.174,-2.179
-1.622,-2.777
-2.855,-3.944
-3.117,-2.626
2.831,-1.941
-0.418,-1.394
-1.89,-0.65
2.312,-1.697
2.291,-1.898
2.235,-1.554
2.013,-3.017
1.305,-1.053
0.325,-2.677
0.23,-2.389
0.081,-1.88
0.346,-4.249
-1.674,-3.773
-1.893,0.07
2.625,-0.354
2.537,-0.121
2.309,-0.194
2.384,-0.375
-3.0,-0.21
-2.53,0.237
-0.609,-0.052
-0.728,-0.163
-0.853,-0.242
-0.948,-0.285
-1.477,-0.115
-1.77,-0.212
-1.981,-0.055
-2.225,0.106
-2.306,-0.182
-3.056,0.129
2.986,-0.322
2.705,-0.186
2.283,-0.16
2.175,-0.11
2.186,-0.232
1.816,-0.003
1.51,-0.38
1.204,-3.008
1.112,-3.771
0.442,-1.847
0.459,-4.151
0.016,-3.163
-1.45,-3.998
-1.931,-2.001
-2.764,-0.692
-3.058,-1.416
2.769,-3.285
2.296,-3.624
-2.526,-4.552
-2.584,-0.113
1.85,-0.346
1.826,-2.543
1.679,-2.861
1.759,-3.0
1.691,-0.441
1.578,-3.174
1.449,-0.844
1.57,-4.117
1.497,-1.223
1.475,-2.676
1.473,-1.335
1.412,-1.707
1.32,-1.232
1.209,-1.39
1.3,-2.505
1.101,-0.541
1.058,-2.639
0.998,-3.419
0.977,-1.324
0.827,-4.338
0.767,-2.283
0.862,-2.433
0.752,-4.063
0.641,-1.899
0.646,-2.288
0.332,-1.651
0.445,-0.653
0.323,-2.382
0.303,-0.454
0.244,-0.544
0.138,-2.713
0.07,-1.729
0.053,-2.534
-0.181,-0.403
-0.161,-4.223
-0.175,-4.017
-0.402,-0.654
-0.312,-3.763
-0.51,-4.139
-0.67,-2.168
-0.667,-2.953
-0.607,-3.172
-0.619,-4.321
-0.668,-1.517
-0.696,-3.221
-0.841,-2.808
-0.839,-0.528
-0.794,-3.269
-1.245,-3.819
-1.116,-3.251
-1.221,-2.037
-1.217,-3.032
-1.343,-3.971
-1.25,-0.815
-1.333,-2.79
-1.372,-0.988
-1.551,-2.356
-1.594,-2.374
-1.594,-0.52
-1.531,-1.145
-1.682,-3.205
-1.687,-3.22
-1.554,-3.66
-1.711,-2.503
-1.603,-0.414
-1.617,-1.555
-1.752,-3.866
-1.636,-1.65
-1.653,-1.478
-1.641,-3.265
-1.741,-3.114
-1.85,-2.013
-1.92,-1.248
-1.843,-4.309
-1.854,-1.926
-1.976,-0.367
-2.023,-2.297
-1.912,-4.024
-1.99,-2.494
-2.052,-2.774
-2.239,-0.702
-2.204,-4.193
-2.235,-0.989
-2.369,-3.727
-2.272,-3.028
-2.384,-1.587
-2.311,-4.01
-2.484,-2.008
-2.524,-4.15
-2.406,-1.519
-2.542,-4.102
-2.604,-4.078
-2.74,-1.968
-2.628,-2.937
-2.751,-4.201
-2.704,-4.353
-2.708,-4.076
-2.746,-3.001
-2.91,-1.407
-3.081,-0.713
3.091,-2.61
3.073,-2.886
3.067,-2.842
3.069,-1.898
3.063,-1.951
3.041,-2.016
2.934,-2.184
2.902,-3.585
2.867,-2.092
2.804,-3.673
2.762,-2.876
2.704,-2.375
2.393,-3.044
2.498,-3.009
2.227,-2.931
2.349,-2.597
2.298,-3.216
2.175,-4.206
1.982,-0.55
2.106,-2.323
1.958,-2.099
1.948,-4.034
2.03,-0.883
1.863,-3.507
1.86,-1.442
1.847,-0.838
1.75,-2.275
1.841,-2.682
1.553,-4.559
1.083,-4.328
0.85,-4.61
0.535,-4.666
0.417,-4.615
0.007,-4.411
-0.628,-4.678
-1.105,-4.622
-1.299,-4.473
-2.963,-4.287
3.12,-4.574
3.083,-4.683
2.791,-4.516
2.848,-4.491
1.745,-4.518
1.561,-0.337
1.489,-0.235
1.063,-0.05
0.603,-0.13
-0.522,-0.033
-0.891,-0.336
-0.754,-0.33
-1.112,-0.293
-0.989,-0.212
-1.224,0.005
-1.391,-0.022
-1.513,-0.295
-1.903,-0.177
-2.048,-0.26
-1.933,0.103
-1.926,-0.179
-2.41,-0.016
-2.742,0.132
-3.005,0.055
2.846,-0.085
2.387,-0.116
2.281,-0.07
2.242,-0.108
-1.185,-2.477
-1.633,-3.075
-2.866,-4.242
-3.128,-2.924
2.82,-2.239
-0.429,-1.692
-1.901,-0.948
2.301,-1.995
2.28,-2.196
2.224,-1.852
2.002,-3.315
1.294,-1.351
0.314,-2.975
0.219,-2.687
0.07,-2.178
0.335,-4.547
-1.685,-4.071
-1.904,-0.228
2.614,-0.652
2.526,-0.419
2.298,-0.492
2.373,-0.673
-3.011,-0.508
-2.541,-0.061
-0.119,-0.111
-0.244,-0.19
-0.339,-0.233
-0.868,-0.063
-1.161,-0.16
-1.372,-0.003
-1.616,0.158
-1.697,-0.13
-2.447,0.181
-2.688,-0.27
-2.969,-0.134
2.892,-0.108
2.784,-0.058
2.795,-0.18
2.425,0.049
2.119,-0.328
1.813,-2.956
1.721,-3.719
1.051,-1.795
1.068,-4.099
0.625,-3.111
-0.841,-3.946
-1.322,-1.949
-2.155,-0.64
-2.449,-1.364
-2.905,-3.233
2.905,-3.572
-1.917,-4.5
-1.975,-0.061
2.459,-0.294
2.435,-2.491
2.288,-2.809
2.368,-2.948
2.3,-0.389
2.187,-3.122
2.058,-0.792
2.179,-4.065
2.106,-1.171
2.084,-2.624
2.082,-1.283
2.021,-1.655
1.929,-1.18
1.818,-1.338
1.909,-2.453
1.71,-0.489
1.667,-2.587
1.607,-3.367
1.586,-1.272
1.436,-4.286
1.376,-2.231
1.471,-2.381
1.361,-4.011
1.25,-1.847
1.255,-2.236
0.941,-1.599
1.054,-0.601
0.932,-2.33
0.912,-0.402
0.853,-0.492
0.747,-2.661
0.679,-1.677
0.662,-2.482
0.428,-0.351
0.448,-4.171
0.434,-3.965
0.207,-0.602
0.297,-3.711
0.099,-4.087
-0.061,-2.116
-0.058,-2.901
0.002,-3.12
-0.01,-4.269
-0.059,-1.465
-0.087,-3.169
-0.232,-2.756
-0.23,-0.476
-0.185,-3.217
-0.636,-3.767
-0.507,-3.199
-0.612,-1.985
-0.608,-2.98
-0.734,-3.919
-0.641,-0.763
-0.724,-2.738
-0.763,-0.936
-0.942,-2.304
-0.985,-2.322
-0.985,-0.468
-0.922,-1.093
-1.073,-3.153
-1.078,-3.168
-0.945,-3.608
-1.102,-2.451
-0.994,-0.362
-1.008,-1.503
-1.143,-3.814
-1.027,-1.598
-1.044,-1.426
-1.032,-3.213
-1.132,-3.062
-1.241,-1.961
-1.311,-1.196
-1.234,-4.257
-1.245,-1.874
-1.367,-0.315
-1.414,-2.245
-1.303,-3.972
-1.381,-2.442
-1.443,-2.722
-1.63,-0.65
-1.595,-4.141
-1.626,-0.937
-1.76,-3.675
-1.663,-2.976
-1.775,-1.535
-1.702,-3.958
-1.875,-1.956
-1.915,-4.098
-1.797,-1.467
-1.933,-4.05
-1.995,-4.026
-2.131,-1.916
-2.019,-2.885
-2.142,-4.149
-2.095,-4.301
-2.099,-4.024
-2.137,-2.949
-2.301,-1.355
-2.472,-0.661
-2.583,-2.558
-2.601,-2.834
-2.607,-2.79
-2.605,-1.846
-2.611,-1.899
-2.633,-1.964
-2.74,-2.132
-2.772,-3.533
-2.807,-2.04
-2.87,-3.621
-2.912,-2.824
-2.97,-2.323
3.002,-2.992
3.107,-2.957
2.836,-2.879
2.958,-2.545
2.907,-3.164
2.784,-4.154
2.591,-0.498
2.715,-2.271
2.567,-2.047
2.557,-3.982
2.639,-0.831
2.472,-3.455
2.469,-1.39
2.456,-0.786
2.359,-2.223
2.45,-2.63
2.162,-4.507
1.692,-4.276
1.459,-4.558
1.144,-4.614
1.026,-4.563
0.616,-4.359
-0.019,-4.626
-0.496,-4.57
-0.69,-4.421
-2.354,-4.235
-2.554,-4.522
-2.591,-4.631
-2.883,-4.464
-2.826,-4.439
2.354,-4.466
2.17,-0.285
2.098,-0.183
1.672,0.002
1.212,-0.078
0.087,0.019
-0.282,-0.284
-0.145,-0.278
-0.503,-0.241
-0.38,-0.16
-0.615,0.057
-0.782,0.03
-0.904,-0.243
-1.294,-0.125
-1.439,-0.208
-1.324,0.155
-1.317,-0.127
-1.801,0.036
-2.133,0.184
-2.396,0.107
-2.828,-0.033
2.996,-0.064
2.89,-0.018
2.851,-0.056
-0.576,-2.425
-1.024,-3.023
-2.257,-4.19
-2.519,-2.872
-2.854,-2.187
0.18,-1.64
-1.292,-0.896
2.91,-1.943
2.889,-2.144
2.833,-1.8
2.611,-3.263
1.903,-1.299
0.923,-2.923
0.828,-2.635
0.679,-2.126
0.944,-4.495
-1.076,-4.019
-1.295,-0.176
-3.06,-0.6
3.135,-0.367
2.907,-0.44
2.982,-0.621
-2.402,-0.456
-1.932,-0.009
-0.125,-0.079
-0.22,-0.122
-0.749,0.048
-1.042,-0.049
-1.253,0.108
-1.497,0.269
-1.578,-0.019
-2.328,0.292
-2.569,-0.159
-2.85,-0.023
3.011,0.003
2.903,0.053
2.914,-0.069
2.544,0.16
2.238,-0.217
1.932,-2.845
1.84,-3.608
1.17,-1.684
1.187,-3.988
0.744,-3.0
-0.722,-3.835
-1.203,-1.838
-2.036,-0.529
-2.33,-1.253
-2.786,-3.122
3.024,-3.461
-1.798,-4.389
-1.856,0.05
2.578,-0.183
2.554,-2.38
2.407,-2.698
2.487,-2.837
2.419,-0.278
2.306,-3.011
2.177,-0.681
2.298,-3.954
2.225,-1.06
2.203,-2.513
2.201,-1.172
2.14,-1.544
2.048,-1.069
1.937,-1.227
2.028,-2.342
1.829,-0.378
1.786,-2.476
1.726,-3.256
1.705,-1.161
1.555,-4.175
1.495,-2.12
1.59,-2.27
1.48,-3.9
1.369,-1.736
1.374,-2.125
1.06,-1.488
1.173,-0.49
1.051,-2.219
1.031,-0.291
0.972,-0.381
0.866,-2.55
0.798,-1.566
0.781,-2.371
0.547,-0.24
0.567,-4.06
0.553,-3.854
0.326,-0.491
0.416,-3.6
0.218,-3.976
0.058,-2.005
0.061,-2.79
0.121,-3.009
0.109,-4.158
0.06,-1.354
0.032,-3.058
-0.113,-2.645
-0.111,-0.365
-0.066,-3.106
-0.517,-3.656
-0.388,-3.088
-0.493,-1.874
-0.489,-2.869
-0.615,-3.808
-0.522,-0.652
-0.605,-2.627
-0.644,-0.825
-0.823,-2.193
-0.866,-2.211
-0.866,-0.357
-0.803,-0.982
-0.954,-3.042
-0.959,-3.057
-0.826,-3.497
-0.983,-2.34
-0.875,-0.251
-0.889,-1.392
-1.024,-3.703
-0.908,-1.487
-0.925,-1.315
-0.913,-3.102
-1.013,-2.951
-1.122,-1.85
-1.192,-1.085
-1.115,-4.146
-1.126,-1.763
-1.248,-0.204
-1.295,-2.134
-1.184,-3.861
-1.262,-2.331
-1.324,-2.611
-1.511,-0.539
-1.476,-4.03
-1.507,-0.826
-1.641,-3.564
-1.544,-2.865
-1.656,-1.424
-1.583,-3.847
-1.756,-1.845
-1.796,-3.987
-1.678,-1.356
-1.814,-3.939
-1.876,-3.915
-2.012,-1.805
-1.9,-2.774
-2.023,-4.038
-1.976,-4.19
-1.98,-3.913
-2.018,-2.838
-2.182,-1.244
-2.353,-0.55
-2.464,-2.447
-2.482,-2.723
-2.488,-2.679
-2.486,-1.735
-2.492,-1.788
-2.514,-1.853
-2.621,-2.021
-2.653,-3.422
-2.688,-1.929
-2.751,-3.51
-2.793,-2.713
-2.851,-2.212
3.121,-2.881
-3.057,-2.846
2.955,-2.768
3.077,-2.434
3.026,-3.053
2.903,-4.043
2.71,-0.387
2.834,-2.16
2.686,-1.936
2.676,-3.871
2.758,-0.72
2.591,-3.344
2.588,-1.279
2.575,-0.675
2.478,-2.112
2.569,-2.519
2.281,-4.396
1.811,-4.165
1.578,-4.447
1.263,-4.503
1.145,-4.452
0.735,-4.248
0.1,-4.515
-0.377,-4.459
-0.571,-4.31
-2.235,-4.124
-2.435,-4.411
-2.472,-4.52
-2.764,-4.353
-2.707,-4.328
2.473,-4.355
2.289,-0.174
2.217,-0.072
1.791,0.113
1.331,0.033
0.206,0.13
-0.163,-0.173
-0.026,-0.167
-0.384,-0.13
-0.261,-0.049
-0.496,0.168
-0.663,0.141
-0.785,-0.132
-1.175,-0.014
-1.32,-0.097
-1.205,0.266
-1.198,-0.016
-1.682,0.147
-2.014,0.295
-2.277,0.218
-2.709,0.078
3.115,0.047
3.009,0.093
2.97,0.055
-0.457,-2.314
-0.905,-2.912
-2.138,-4.079
-2.4,-2.761
-2.735,-2.076
0.299,-1.529
-1.173,-0.785
3.029,-1.832
3.008,-2.033
2.952,-1.689
2.73,-3.152
2.022,-1.188
1.042,-2.812
0.947,-2.524
0.798,-2.015
1.063,-4.384
-0.957,-3.908
-1.176,-0.065
-2.941,-0.489
-3.029,-0.256
3.026,-0.329
3.101,-0.51
-2.283,-0.345
-1.813,0.102
-0.095,-0.043
-0.624,0.127
-0.917,0.03
-1.128,0.187
-1.372,0.348
-1.453,0.06
-2.203,0.371
-2.444,-0.08
-2.725,0.056
3.136,0.082
3.028,0.132
3.039,0.01
2.669,0.239
2.363,-0.138
2.057,-2.766
1.965,-3.529
1.295,-1.605
1.312,-3.909
0.869,-2.921
-0.597,-3.756
-1.078,-1.759
-1.911,-0.45
-2.205,-1.174
-2.661,-3.043
-3.134,-3.382
-1.673,-4.31
-1.731,0.129
2.703,-0.104
2.679,-2.301
2.532,-2.619
2.612,-2.758
2.544,-0.199
2.431,-2.932
2.302,-0.602
2.423,-3.875
2.35,-0.981
2.328,-2.434
2.326,-1.093
2.265,-1.465
2.173,-0.99
2.062,-1.148
2.153,-2.263
1.954,-0.299
1.911,-2.397
1.851,-3.177
1.83,-1.082
1.68,-4.096
1.62,-2.041
1.715,-2.191
1.605,-3.821
1.494,-1.657
1.499,-2.046
1.185,-1.409
1.298,-0.411
1.176,-2.14
1.156,-0.212
1.097,-0.302
0.991,-2.471
0.923,-1.487
0.906,-2.292
0.672,-0.161
0.692,-3.981
0.678,-3.775
0.451,-0.412
0.541,-3.521
0.343,-3.897
0.183,-1.926
0.186,-2.711
0.246,-2.93
0.234,-4.079
0.185,-1.275
0.157,-2.979
0.012,-2.566
0.014,-0.286
0.059,-3.027
-0.392,-3.577
-0.263,-3.009
-0.368,-1.795
-0.364,-2.79
-0.49,-3.729
-0.397,-0.573
-0.48,-2.548
-0.519,-0.746
-0.698,-2.114
-0.741,-2.132
-0.741,-0.278
-0.678,-0.903
-0.829,-2.963
-0.834,-2.978
-0.701,-3.418
-0.858,-2.261
-0.75,-0.172
-0.764,-1.313
-0.899,-3.624
-0.783,-1.408
-0.8,-1.236
-0.788,-3.023
-0.888,-2.872
-0.997,-1.771
-1.067,-1.006
-0.99,-4.067
-1.001,-1.684
-1.123,-0.125
-1.17,-2.055
-1.059,-3.782
-1.137,-2.252
-1.199,-2.532
-1.386,-0.46
-1.351,-3.951
-1.382,-0.747
-1.516,-3.485
-1.419,-2.786
-1.531,-1.345
-1.458,-3.768
-1.631,-1.766
-1.671,-3.908
-1.553,-1.277
-1.689,-3.86
-1.751,-3.836
-1.887,-1.726
-1.775,-2.695
-1.898,-3.959
-1.851,-4.111
-1.855,-3.834
-1.893,-2.759
-2.057,-1.165
-2.228,-0.471
-2.339,-2.368
-2.357,-2.644
-2.363,-2.6
-2.361,-1.656
-2.367,-1.709
-2.389,-1.774
-2.496,-1.942
-2.528,-3.343
-2.563,-1.85
-2.626,-3.431
-2.668,-2.634
-2.726,-2.133
-3.037,-2.802
-2.932,-2.767
3.08,-2.689
-3.081,-2.355
-3.132,-2.974
3.028,-3.964
2.835,-0.308
2.959,-2.081
2.811,-1.857
2.801,-3.792
2.883,-0.641
2.716,-3.265
2.713,-1.2
2.7,-0.596
2.603,-2.033
2.694,-2.44
2.406,-4.317
1.936,-4.086
1.703,-4.368
1.388,-4.424
1.27,-4.373
0.86,-4.169
0.225,-4.436
-0.252,-4.38
-0.446,-4.231
-2.11,-4.045
-2.31,-4.332
-2.347,-4.441
-2.639,-4.274
-2.582,-4.249
2.598,-4.276
2.414,-0.095
2.342,0.007
1.916,0.192
1.456,0.112
0.331,0.209
-0.038,-0.094
0.099,-0.088
-0.259,-0.051
-0.136,0.03
-0.371,0.247
-0.538,0.22
-0.66,-0.053
-1.05,0.065
-1.195,-0.018
-1.08,0.345
-1.073,0.063
-1.557,0.226
-1.889,0.374
-2.152,0.297
-2.584,0.157
-3.043,0.126
3.134,0.172
3.095,0.134
-0.332,-2.235
-0.78,-2.833
-2.013,-4.0
-2.275,-2.682
-2.61,-1.997
0.424,-1.45
-1.048,-0.706
-3.129,-1.753
3.133,-1.954
3.077,-1.61
2.855,-3.073
2.147,-1.109
1.167,-2.733
1.072,-2.445
0.923,-1.936
1.188,-4.305
-0.832,-3.829
-1.051,0.014
-2.816,-0.41
-2.904,-0.177
-3.132,-0.25
-3.057,-0.431
-2.158,-0.266
-1.688,0.181
-0.529,0.17
-0.822,0.073
-1.033,0.23
-1.277,0.391
-1.358,0.103
-2.108,0.414
-2.349,-0.037
-2.63,0.099
-3.052,0.125
3.123,0.175
3.134,0.053
2.764,0.282
2.458,-0.095
2.152,-2.723
2.06,-3.486
1.39,-1.562
1.407,-3.866
0.964,-2.878
-0.502,-3.713
-0.983,-1.716
-1.816,-0.407
-2.11,-1.131
-2.566,-3.0
-3.039,-3.339
-1.578,-4.267
-1.636,0.172
2.798,-0.061
2.774,-2.258
2.627,-2.576
2.707,-2.715
2.639,-0.156
2.526,-2.889
2.397,-0.559
2.518,-3.832
2.445,-0.938
2.423,-2.391
2.421,-1.05
2.36,-1.422
2.268,-0.947
2.157,-1.105
2.248,-2.22
2.049,-0.256
2.006,-2.354
1.946,-3.134
1.925,-1.039
1.775,-4.053
1.715,-1.998
1.81,-2.148
1.7,-3.778
1.589,-1.614
1.594,-2.003
1.28,-1.366
1.393,-0.368
1.271,-2.097
1.251,-0.169
1.192,-0.259
1.086,-2.428
1.018,-1.444
1.001,-2.249
0.767,-0.118
0.787,-3.938
0.773,-3.732
0.546,-0.369
0.636,-3.478
0.438,-3.854
0.278,-1.883
0.281,-2.668
0.341,-2.887
0.329,-4.036
0.28,-1.232
0.252,-2.936
0.107,-2.523
0.109,-0.243
0.154,-2.984
-0.297,-3.534
-0.168,-2.966
-0.273,-1.752
-0.269,-2.747
-0.395,-3.686
-0.302,-0.53
-0.385,-2.505
-0.424,-0.703
-0.603,-2.071
-0.646,-2.089
-0.646,-0.235
-0.583,-0.86
-0.734,-2.92
-0.739,-2.935
-0.606,-3.375
-0.763,-2.218
-0.655,-0.129
-0.669,-1.27
-0.804,-3.581
-0.688,-1.365
-0.705,-1.193
-0.693,-2.98
-0.793,-2.829
-0.902,-1.728
-0.972,-0.963
-0.895,-4.024
-0.906,-1.641
-1.028,-0.082
-1.075,-2.012
-0.964,-3.739
-1.042,-2.209
-1.104,-2.489
-1.291,-0.417
-1.256,-3.908
-1.287,-0.704
-1.421,-3.442
-1.324,-2.743
-1.436,-1.302
-1.363,-3.725
-1.536,-1.723
-1.576,-3.865
-1.458,-1.234
-1.594,-3.817
-1.656,-3.793
-1.792,-1.683
-1.68,-2.652
-1.803,-3.916
-1.756,-4.068
-1.76,-3.791
-1.798,-2.716
-1.962,-1.122
-2.133,-0.428
-2.244,-2.325
-2.262,-2.601
-2.268,-2.557
-2.266,-1.613
-2.272,-1.666
-2.294,-1.731
-2.401,-1.899
-2.433,-3.3
-2.468,-1.807
-2.531,-3.388
-2.573,-2.591
-2.631,-2.09
-2.942,-2.759
-2.837,-2.724
-3.108,-2.646
-2.986,-2.312
-3.037,-2.931
3.123,-3.921
2.93,-0.265
3.054,-2.038
2.906,-1.814
2.896,-3.749
2.978,-0.598
2.811,-3.222
2.808,-1.157
2.795,-0.553
2.698,-1.99
2.789,-2.397
2.501,-4.274
2.031,-4.043
1.798,-4.325
1.483,-4.381
1.365,-4.33
0.955,-4.126
0.32,-4.393
-0.157,-4.337
-0.351,-4.188
-2.015,-4.002
-2.215,-4.289
-2.252,-4.398
-2.544,-4.231
-2.487,-4.206
2.693,-4.233
2.509,-0.052
2.437,0.05
2.011,0.235
1.551,0.155
0.426,0.252
0.057,-0.051
0.194,-0.045
-0.164,-0.008
-0.041,0.073
-0.276,0.29
-0.443,0.263
-0.565,-0.01
-0.955,0.108
-1.1,0.025
-0.985,0.388
-0.978,0.106
-1.462,0.269
-1.794,0.417
-2.057,0.34
-2.489,0.2
-2.948,0.169
-3.054,0.215
-3.093,0.177
-0.237,-2.192
-0.685,-2.79
-1.918,-3.957
-2.18,-2.639
-2.515,-1.954
0.519,-1.407
-0.953,-0.663
-3.034,-1.71
-3.055,-1.911
-3.111,-1.567
2.95,-3.03
2.242,-1.066
1.262,-2.69
1.167,-2.402
1.018,-1.893
1.283,-4.262
-0.737,-3.786
-0.956,0.057
-2.721,-0.367
-2.809,-0.134
-3.037,-0.207
-2.962,-0.388
-2.063,-0.223
-1.593,0.224
-0.293,-0.097
-0.504,0.06
-0.748,0.221
-0.829,-0.067
-1.579,0.244
-1.82,-0.207
-2.101,-0.071
-2.523,-0.045
-2.631,0.005
-2.62,-0.117
-2.99,0.112
2.987,-0.265
2.681,-2.893
2.589,-3.656
1.919,-1.732
1.936,-4.036
1.493,-3.048
0.027,-3.883
-0.454,-1.886
-1.287,-0.577
-1.581,-1.301
-2.037,-3.17
-2.51,-3.509
-1.049,-4.437
-1.107,0.002
-2.956,-0.231
-2.98,-2.428
-3.127,-2.746
-3.047,-2.885
-3.115,-0.326
3.055,-3.059
2.926,-0.729
3.047,-4.002
2.974,-1.108
2.952,-2.561
2.95,-1.22
2.889,-1.592
2.797,-1.117
2.686,-1.275
2.777,-2.39
2.578,-0.426
2.535,-2.524
2.475,-3.304
2.454,-1.209
2.304,-4.223
2.244,-2.168
2.339,-2.318
2.229,-3.948
2.118,-1.784
2.123,-2.173
1.809,-1.536
1.922,-0.538
1.8,-2.267
1.78,-0.339
1.721,-0.429
1.615,-2.598
1.547,-1.614
1.53,-2.419
1.296,-0.288
1.316,-4.108
1.302,-3.902
1.075,-0.539
1.165,-3.648
0.967,-4.024
0.807,-2.053
0.81,-2.838
0.87,-3.057
0.858,-4.206
0.809,-1.402
0.781,-3.106
0.636,-2.693
0.638,-0.413
0.683,-3.154
0.232,-3.704
0.361,-3.136
0.256,-1.922
0.26,-2.917
0.134,-3.856
0.227,-0.7
0.144,-2.675
0.105,-0.873
-0.074,-2.241
-0.117,-2.259
-0.117,-0.405
-0.054,-1.03
-0.205,-3.09
-0.21,-3.105
-0.077,-3.545
-0.234,-2.388
-0.126,-0.299
-0.14,-1.44
-0.275,-3.751
-0.159,-1.535
-0.176,-1.363
-0.164,-3.15
-0.264,-2.999
-0.373,-1.898
-0.443,-1.133
-0.366,-4.194
-0.377,-1.811
-0.499,-0.252
-0.546,-2.182
-0.435,-3.909
-0.513,-2.379
-0.575,-2.659
-0.762,-0.587
-0.727,-4.078
-0.758,-0.874
-0.892,-3.612
-0.795,-2.913
-0.907,-1.472
-0.834,-3.895
-1.007,-1.893
-1.047,-4.035
-0.929,-1.404
-1.065,-3.987
-1.127,-3.963
-1.263,-1.853
-1.151,-2.822
-1.274,-4.086
-1.227,-4.238
-1.231,-3.961
-1.269,-2.886
-1.433,-1.292
-1.604,-0.598
-1.715,-2.495
-1.733,-2.771
-1.739,-2.727
-1.737,-1.783
-1.743,-1.836
-1.765,-1.901
-1.872,-2.069
-1.904,-3.47
-1.939,-1.977
-2.002,-3.558
-2.044,-2.761
-2.102,-2.26
-2.413,-2.929
-2.308,-2.894
-2.579,-2.816
-2.457,-2.482
-2.508,-3.101
-2.631,-4.091
-2.824,-0.435
-2.7,-2.208
-2.848,-1.984
-2.858,-3.919
-2.776,-0.768
-2.943,-3.392
-2.946,-1.327
-2.959,-0.723
-3.056,-2.16
-2.965,-2.567
3.03,-4.444
2.56,-4.213
2.327,-4.495
2.012,-4.551
1.894,-4.5
1.484,-4.296
0.849,-4.563
0.372,-4.507
0.178,-4.358
-1.486,-4.172
-1.686,-4.459
-1.723,-4.568
-2.015,-4.401
-1.958,-4.376
-3.061,-4.403
3.038,-0.222
2.966,-0.12
2.54,0.065
2.08,-0.015
0.955,0.082
0.586,-0.221
0.723,-0.215
0.365,-0.178
0.488,-0.097
0.253,0.12
0.086,0.093
-0.036,-0.18
-0.426,-0.062
-0.571,-0.145
-0.456,0.218
-0.449,-0.064
-0.933,0.099
-1.265,0.247
-1.528,0.17
-1.96,0.03
-2.419,-0.001
-2.525,0.045
-2.564,0.007
0.292,-2.362
-0.156,-2.96
-1.389,-4.127
-1.651,-2.809
-1.986,-2.124
1.048,-1.577
-0.424,-0.833
-2.505,-1.88
-2.526,-2.081
-2.582,-1.737
-2.804,-3.2
2.771,-1.236
1.791,-2.86
1.696,-2.572
1.547,-2.063
1.812,-4.432
-0.208,-3.956
-0.427,-0.113
-2.192,-0.537
-2.28,-0.304
-2.508,-0.377
-2.433,-0.558
-1.534,-0.393
-1.064,0.054
-0.211,0.157
-0.455,0.318
-0.536,0.03
-1.286,0.341
-1.527,-0.11
-1.808,0.026
-2.23,0.052
-2.338,0.102
-2.327,-0.02
-2.697,0.209
-3.003,-0.168
2.974,-2.796
2.882,-3.559
2.212,-1.635
2.229,-3.939
1.786,-2.951
0.32,-3.786
-0.161,-1.789
-0.994,-0.48
-1.288,-1.204
-1.744,-3.073
-2.217,-3.412
-0.756,-4.34
-0.814,0.099
-2.663,-0.134
-2.687,-2.331
-2.834,-2.649
-2.754,-2.788
-2.822,-0.229
-2.935,-2.962
-3.064,-0.632
-2.943,-3.905
-3.016,-1.011
-3.038,-2.464
-3.04,-1.123
-3.101,-1.495
3.09,-1.02
2.979,-1.178
3.07,-2.293
2.871,-0.329
2.828,-2.427
2.768,-3.207
2.747,-1.112
2.597,-4.126
2.537,-2.071
2.632,-2.221
2.522,-3.851
2.411,-1.687
2.416,-2.076
2.102,-1.439
2.215,-0.441
2.093,-2.17
2.073,-0.242
2.014,-0.332
1.908,-2.501
1.84,-1.517
1.823,-2.322
1.589,-0.191
1.609,-4.011
1.595,-3.805
1.368,-0.442
1.458,-3.551
1.26,-3.927
1.1,-1.956
1.103,-2.741
1.163,-2.96
1.151,-4.109
1.102,-1.305
1.074,-3.009
0.929,-2.596
0.931,-0.316
0.976,-3.057
0.525,-3.607
0.654,-3.039
0.549,-1.825
0.553,-2.82
0.427,-3.759
0.52,-0.603
0.437,-2.578
0.398,-0.776
0.219,-2.144
0.176,-2.162
0.176,-0.308
0.239,-0.933
0.088,-2.993
0.083,-3.008
0.216,-3.448
0.059,-2.291
0.167,-0.202
0.153,-1.343
0.018,-3.654
0.134,-1.438
0.117,-1.266
0.129,-3.053
0.029,-2.902
-0.08,-1.801
-0.15,-1.036
-0.073,-4.097
-0.084,-1.714
-0.206,-0.155
-0.253,-2.085
-0.142,-3.812
-0.22,-2.282
-0.282,-2.562
-0.469,-0.49
-0.434,-3.981
-0.465,-0.777
-0.599,-3.515
-0.502,-2.816
-0.614,-1.375
-0.541,-3.798
-0.714,-1.796
-0.754,-3.938
-0.636,-1.307
-0.772,-3.89
-0.834,-3.866
-0.97,-1.756
-0.858,-2.725
-0.981,-3.989
-0.934,-4.141
-0.938,-3.864
-0.976,-2.789
-1.14,-1.195
-1.311,-0.501
-1.422,-2.398
-1.44,-2.674
-1.446,-2.63
-1.444,-1.686
-1.45,-1.739
-1.472,-1.804
-1.579,-1.972
-1.611,-3.373
-1.646,-1.88
-1.709,-3.461
-1.751,-2.664
-1.809,-2.163
-2.12,-2.832
-2.015,-2.797
-2.286,-2.719
-2.164,-2.385
-2.215,-3.004
-2.338,-3.994
-2.531,-0.338
-2.407,-2.111
-2.555,-1.887
-2.565,-3.822
-2.483,-0.671
-2.65,-3.295
-2.653,-1.23
-2.666,-0.626
-2.763,-2.063
-2.672,-2.47
-2.96,-4.347
2.853,-4.116
2.62,-4.398
2.305,-4.454
2.187,-4.403
1.777,-4.199
1.142,-4.466
0.665,-4.41
0.471,-4.261
-1.193,-4.075
-1.393,-4.362
-1.43,-4.471
-1.722,-4.304
-1.665,-4.279
-2.768,-4.306
-2.952,-0.125
-3.024,-0.023
2.833,0.162
2.373,0.082
1.248,0.179
0.879,-0.124
1.016,-0.118
0.658,-0.081
0.781,0.0
0.546,0.217
0.379,0.19
0.257,-0.083
-0.133,0.035
-0.278,-0.048
-0.163,0.315
-0.156,0.033
-0.64,0.196
-0.972,0.344
-1.235,0.267
-1.667,0.127
-2.126,0.096
-2.232,0.142
-2.271,0.104
0.585,-2.265
0.137,-2.863
-1.096,-4.03
-1.358,-2.712
-1.693,-2.027
1.341,-1.48
-0.131,-0.736
-2.212,-1.783
-2.233,-1.984
-2.289,-1.64
-2.511,-3.103
3.064,-1.139
2.084,-2.763
1.989,-2.475
1.84,-1.966
2.105,-4.335
0.085,-3.859
-0.134,-0.016
-1.899,-0.44
-1.987,-0.207
-2.215,-0.28
-2.14,-0.461
-1.241,-0.296
-0.771,0.151
-0.244,0.161
-0.325,-0.127
-1.075,0.184
-1.316,-0.267
-1.597,-0.131
-2.019,-0.105
-2.127,-0.055
-2.116,-0.177
-2.486,0.052
-2.792,-0.325
-3.098,-2.953
3.093,-3.716
2.423,-1.792
2.44,-4.096
1.997,-3.108
0.531,-3.943
0.05,-1.946
-0.783,-0.637
-1.077,-1.361
-1.533,-3.23
-2.006,-3.569
-0.545,-4.497
-0.603,-0.058
-2.452,-0.291
-2.476,-2.488
-2.623,-2.806
-2.543,-2.945
-2.611,-0.386
-2.724,-3.119
-2.853,-0.789
-2.732,-4.062
-2.805,-1.168
-2.827,-2.621
-2.829,-1.28
-2.89,-1.652
-2.982,-1.177
-3.093,-1.335
-3.002,-2.45
3.082,-0.486
3.039,-2.584
2.979,-3.364
2.958,-1.269
2.808,-4.283
2.748,-2.228
2.843,-2.378
2.733,-4.008
2.622,-1.844
2.627,-2.233
2.313,-1.596
2.426,-0.598
2.304,-2.327
2.284,-0.399
2.225,-0.489
2.119,-2.658
2.051,-1.674
2.034,-2.479
1.8,-0.348
1.82,-4.168
1.806,-3.962
1.579,-0.599
1.669,-3.708
1.471,-4.084
1.311,-2.113
1.314,-2.898
1.374,-3.117
1.362,-4.266
1.313,-1.462
1.285,-3.166
1.14,-2.753
1.142,-0.473
1.187,-3.214
0.736,-3.764
0.865,-3.196
0.76,-1.982
0.764,-2.977
0.638,-3.916
0.731,-0.76
0.648,-2.735
0.609,-0.933
0.43,-2.301
0.387,-2.319
0.387,-0.465
0.45,-1.09
0.299,-3.15
0.294,-3.165
0.427,-3.605
0.27,-2.448
0.378,-0.359
0.364,-1.5
0.229,-3.811
0.345,-1.595
0.328,-1.423
0.34,-3.21
0.24,-3.059
0.131,-1.958
0.061,-1.193
0.138,-4.254
0.127,-1.871
0.005,-0.312
-0.042,-2.242
0.069,-3.969
-0.009,-2.439
-0.071,-2.719
-0.258,-0.647
-0.223,-4.138
-0.254,-0.934
-0.388,-3.672
-0.291,-2.973
-0.403,-1.532
-0.33,-3.955
-0.503,-1.953
-0.543,-4.095
-0.425,-1.464
-0.561,-4.047
-0.623,-4.023
-0.759,-1.913
-0.647,-2.882
-0.77,-4.146
-0.723,-4.298
-0.727,-4.021
-0.765,-2.946
-0.929,-1.352
-1.1,-0.658
-1.211,-2.555
-1.229,-2.831
-1.235,-2.787
-1.233,-1.843
-1.239,-1.896
-1.261,-1.961
-1.368,-2.129
-1.4,-3.53
-1.435,-2.037
-1.498,-3.618
-1.54,-2.821
-1.598,-2.32
-1.909,-2.989
-1.804,-2.954
-2.075,-2.876
-1.953,-2.542
-2.004,-3.161
-2.127,-4.151
-2.32,-0.495
-2.196,-2.268
-2.344,-2.044
-2.354,-3.979
-2.272,-0.828
-2.439,-3.452
-2.442,-1.387
-2.455,-0.783
-2.552,-2.22
-2.461,-2.627
-2.749,-4.504
3.064,-4.273
2.831,-4.555
2.516,-4.611
2.398,-4.56
1.988,-4.356
1.353,-4.623
0.876,-4.567
0.682,-4.418
-0.982,-4.232
-1.182,-4.519
-1.219,-4.628
-1.511,-4.461
-1.454,-4.436
-2.557,-4.463
-2.741,-0.282
-2.813,-0.18
3.044,0.005
2.584,-0.075
1.459,0.022
1.09,-0.281
1.227,-0.275
0.869,-0.238
0.992,-0.157
0.757,0.06
0.59,0.033
0.468,-0.24
0.078,-0.122
-0.067,-0.205
0.048,0.158
0.055,-0.124
-0.429,0.039
-0.761,0.187
-1.024,0.11
-1.456,-0.03
-1.915,-0.061
-2.021,-0.015
-2.06,-0.053
0.796,-2.422
0.348,-3.02
-0.885,-4.187
-1.147,-2.869
-1.482,-2.184
1.552,-1.637
0.08,-0.893
-2.001,-1.94
-2.022,-2.141
-2.078,-1.797
-2.3,-3.26
-3.008,-1.296
2.295,-2.92
2.2,-2.632
2.051,-2.123
2.316,-4.492
0.296,-4.016
0.077,-0.173
-1.688,-0.597
-1.776,-0.364
-2.004,-0.437
-1.929,-0.618
-1.03,-0.453
-0.56,-0.006
-0.081,-0.288
-0.831,0.023
-1.072,-0.428
-1.353,-0.292
-1.775,-0.266
-1.883,-0.216
-1.872,-0.338
-2.242,-0.109
-2.548,-0.486
-2.854,-3.114
-2.946,-3.877
2.667,-1.953
2.684,-4.257
2.241,-3.269
0.775,-4.104
0.294,-2.107
-0.539,-0.798
-0.833,-1.522
-1.289,-3.391
-1.762,-3.73
-0.301,-4.658
-0.359,-0.219
-2.208,-0.452
-2.232,-2.649
-2.379,-2.967
-2.299,-3.106
-2.367,-0.547
-2.48,-3.28
-2.609,-0.95
-2.488,-4.223
-2.561,-1.329
-2.583,-2.782
-2.585,-1.441
-2.646,-1.813
-2.738,-1.338
-2.849,-1.496
-2.758,-2.611
-2.957,-0.647
-3.0,-2.745
-3.06,-3.525
-3.081,-1.43
3.052,-4.444
2.992,-2.389
3.087,-2.539
2.977,-4.169
2.866,-2.005
2.871,-2.394
2.557,-1.757
2.67,-0.759
2.548,-2.488
2.528,-0.56
2.469,-0.65
2.363,-2.819
2.295,-1.835
2.278,-2.64
2.044,-0.509
2.064,-4.329
2.05,-4.123
1.823,-0.76
1.913,-3.869
1.715,-4.245
1.555,-2.274
1.558,-3.059
1.618,-3.278
1.606,-4.427
1.557,-1.623
1.529,-3.327
1.384,-2.914
1.386,-0.634
1.431,-3.375
0.98,-3.925
1.109,-3.357
1.004,-2.143
1.008,-3.138
0.882,-4.077
0.975,-0.921
0.892,-2.896
0.853,-1.094
0.674,-2.462
0.631,-2.48
0.631,-0.626
0.694,-1.251
0.543,-3.311
0.538,-3.326
0.671,-3.766
0.514,-2.609
0.622,-0.52
0.608,-1.661
0.473,-3.972
0.589,-1.756
0.572,-1.584
0.584,-3.371
0.484,-3.22
0.375,-2.119
0.305,-1.354
0.382,-4.415
0.371,-2.032
0.249,-0.473
0.202,-2.403
0.313,-4.13
0.235,-2.6
0.173,-2.88
-0.014,-0.808
0.021,-4.299
-0.01,-1.095
-0.144,-3.833
-0.047,-3.134
-0.159,-1.693
-0.086,-4.116
-0.259,-2.114
-0.299,-4.256
-0.181,-1.625
-0.317,-4.208
-0.379,-4.184
-0.515,-2.074
-0.403,-3.043
-0.526,-4.307
-0.479,-4.459
-0.483,-4.182
-0.521,-3.107
-0.685,-1.513
-0.856,-0.819
-0.967,-2.716
-0.985,-2.992
-0.991,-2.948
-0.989,-2.004
-0.995,-2.057
-1.017,-2.122
-1.124,-2.29
-1.156,-3.691
-1.191,-2.198
-1.254,-3.779
-1.296,-2.982
-1.354,-2.481
-1.665,-3.15
-1.56,-3.115
-1.831,-3.037
-1.709,-2.703
-1.76,-3.322
-1.883,-4.312
-2.076,-0.656
-1.952,-2.429
-2.1,-2.205
-2.11,-4.14
-2.028,-0.989
-2.195,-3.613
-2.198,-1.548
-2.211,-0.944
-2.308,-2.381
-2.217,-2.788
-2.505,-4.665
-2.975,-4.434
3.075,-4.716
2.76,-4.772
2.642,-4.721
2.232,-4.517
1.597,-4.784
1.12,-4.728
0.926,-4.579
-0.738,-4.393
-0.938,-4.68
-0.975,-4.789
-1.267,-4.622
-1.21,-4.597
-2.313,-4.624
-2.497,-0.443
-2.569,-0.341
-2.995,-0.156
2.828,-0.236
1.703,-0.139
1.334,-0.442
1.471,-0.436
1.113,-0.399
1.236,-0.318
1.001,-0.101
0.834,-0.128
0.712,-0.401
0.322,-0.283
0.177,-0.366
0.292,-0.003
0.299,-0.285
-0.185,-0.122
-0.517,0.026
-0.78,-0.051
-1.212,-0.191
-1.671,-0.222
-1.777,-0.176
-1.816,-0.214
1.04,-2.583
0.592,-3.181
-0.641,-4.348
-0.903,-3.03
-1.238,-2.345
1.796,-1.798
0.324,-1.054
-1.757,-2.101
-1.778,-2.302
-1.834,-1.958
-2.056,-3.421
-2.764,-1.457
2.539,-3.081
2.444,-2.793
2.295,-2.284
2.56,-4.653
0.54,-4.177
0.321,-0.334
-1.444,-0.758
-1.532,-0.525
-1.76,-0.598
-1.685,-0.779
-0.786,-0.614
-0.316,-0.167
-0.75,0.311
-0.991,-0.14
-1.272,-0.004
-1.694,0.022
-1.802,0.072
-1.791,-0.05
-2.161,0.179
-2.467,-0.198
-2.773,-2.826
-2.865,-3.589
2.748,-1.665
2.765,-3.969
2.322,-2.981
0.856,-3.816
0.375,-1.819
-0.458,-0.51
-0.752,-1.234
-1.208,-3.103
-1.681,-3.442
-0.22,-4.37
-0.278,0.069
-2.127,-0.164
-2.151,-2.361
-2.298,-2.679
-2.218,-2.818
-2.286,-0.259
-2.399,-2.992
-2.528,-0.662
-2.407,-3.935
-2.48,-1.041
-2.502,-2.494
-2.504,-1.153
-2.565,-1.525
-2.657,-1.05
-2.768,-1.208
-2.677,-2.323
-2.876,-0.359
-2.919,-2.457
-2.979,-3.237
-3.0,-1.142
3.133,-4.156
3.073,-2.101
-3.115,-2.251
3.058,-3.881
2.947,-1.717
2.952,-2.106
2.638,-1.469
2.751,-0.471
2.629,-2.2
2.609,-0.272
2.55,-0.362
2.444,-2.531
2.376,-1.547
2.359,-2.352
2.125,-0.221
2.145,-4.041
2.131,-3.835
1.904,-0.472
1.994,-3.581
1.796,-3.957
1.636,-1.986
1.639,-2.771
1.699,-2.99
1.687,-4.139
1.638,-1.335
1.61,-3.039
1.465,-2.626
1.467,-0.346
1.512,-3.087
1.061,-3.637
1.19,-3.069
1.085,-1.855
1.089,-2.85
0.963,-3.789
1.056,-0.633
0.973,-2.608
0.934,-0.806
0.755,-2.174
0.712,-2.192
0.712,-0.338
0.775,-0.963
0.624,-3.023
0.619,-3.038
0.752,-3.478
0.595,-2.321
0.703,-0.232
0.689,-1.373
0.554,-3.684
0.67,-1.468
0.653,-1.296
0.665,-3.083
0.565,-2.932
0.456,-1.831
0.386,-1.066
0.463,-4.127
0.452,-1.744
0.33,-0.185
0.283,-2.115
0.394,-3.842
0.316,-2.312
0.254,-2.592
0.067,-0.52
0.102,-4.011
0.071,-0.807
-0.063,-3.545
0.034,-2.846
-0.078,-1.405
-0.005,-3.828
-0.178,-1.826
-0.218,-3.968
-0.1,-1.337
-0.236,-3.92
-0.298,-3.896
-0.434,-1.786
-0.322,-2.755
-0.445,-4.019
-0.398,-4.171
-0.402,-3.894
-0.44,-2.819
-0.604,-1.225
-0.775,-0.531
-0.886,-2.428
-0.904,-2.704
-0.91,-2.66
-0.908,-1.716
-0.914,-1.769
-0.936,-1.834
-1.043,-2.002
-1.075,-3.403
-1.11,-1.91
-1.173,-3.491
-1.215,-2.694
-1.273,-2.193
-1.584,-2.862
-1.479,-2.827
-1.75,-2.749
-1.628,-2.415
-1.679,-3.034
-1.802,-4.024
-1.995,-0.368
-1.871,-2.141
-2.019,-1.917
-2.029,-3.852
-1.947,-0.701
-2.114,-3.325
-2.117,-1.26
-2.13,-0.656
-2.227,-2.093
-2.136,-2.5
-2.424,-4.377
-2.894,-4.146
-3.127,-4.428
2.841,-4.484
2.723,-4.433
2.313,-4.229
1.678,-4.496
1.201,-4.44
1.007,-4.291
-0.657,-4.105
-0.857,-4.392
-0.894,-4.501
-1.186,-4.334
-1.129,-4.309
-2.232,-4.336
-2.416,-0.155
-2.488,-0.053
-2.914,0.132
2.909,0.052
1.784,0.149
1.415,-0.154
1.552,-0.148
1.194,-0.111
1.317,-0.03
1.082,0.187
0.915,0.16
0.793,-0.113
0.403,0.005
0.258,-0.078
0.373,0.285
0.38,0.003
-0.104,0.166
-0.436,0.314
-0.699,0.237
-1.131,0.097
-1.59,0.066
-1.696,0.112
-1.735,0.074
1.121,-2.295
0.673,-2.893
-0.56,-4.06
-0.822,-2.742
-1.157,-2.057
1.877,-1.51
0.405,-0.766
-1.676,-1.813
-1.697,-2.014
-1.753,-1.67
-1.975,-3.133
-2.683,-1.169
2.62,-2.793
2.525,-2.505
2.376,-1.996
2.641,-4.365
0.621,-3.889
0.402,-0.046
-1.363,-0.47
-1.451,-0.237
-1.679,-0.31
-1.604,-0.491
-0.705,-0.326
-0.235,0.121
-0.241,-0.451
-0.522,-0.315
-0.944,-0.289
-1.052,-0.239
-1.041,-0.361
-1.411,-0.132
-1.717,-0.509
-2.023,-3.137
-2.115,-3.9
-2.785,-1.976
-2.768,-4.28
3.072,-3.292
1.606,-4.127
1.125,-2.13
0.292,-0.821
-0.002,-1.545
-0.458,-3.414
-0.931,-3.753
0.53,-4.681
0.472,-0.242
-1.377,-0.475
-1.401,-2.672
-1.548,-2.99
-1.468,-3.129
-1.536,-0.57
-1.649,-3.303
-1.778,-0.973
-1.657,-4.246
-1.73,-1.352
-1.752,-2.805
-1.754,-1.464
-1.815,-1.836
-1.907,-1.361
-2.018,-1.519
-1.927,-2.634
-2.126,-0.67
-2.169,-2.768
-2.229,-3.548
-2.25,-1.453
-2.4,-4.467
-2.46,-2.412
-2.365,-2.562
-2.475,-4.192
-2.586,-2.028
-2.581,-2.417
-2.895,-1.78
-2.782,-0.782
-2.904,-2.511
-2.924,-0.583
-2.983,-0.673
-3.089,-2.842
3.126,-1.858
3.109,-2.663
2.875,-0.532
2.895,-4.352
2.881,-4.146
2.654,-0.783
2.744,-3.892
2.546,-4.268
2.386,-2.297
2.389,-3.082
2.449,-3.301
2.437,-4.45
2.388,-1.646
2.36,-3.35
2.215,-2.937
2.217,-0.657
2.262,-3.398
1.811,-3.948
1.94,-3.38
1.835,-2.166
1.839,-3.161
1.713,-4.1
1.806,-0.944
1.723,-2.919
1.684,-1.117
1.505,-2.485
1.462,-2.503
1.462,-0.649
1.525,-1.274
1.374,-3.334
1.369,-3.349
1.502,-3.789
1.345,-2.632
1.453,-0.543
1.439,-1.684
1.304,-3.995
1.42,-1.779
1.403,-1.607
1.415,-3.394
1.315,-3.243
1.206,-2.142
1.136,-1.377
1.213,-4.438
1.202,-2.055
1.08,-0.496
1.033,-2.426
1.144,-4.153
1.066,-2.623
1.004,-2.903
0.817,-0.831
0.852,-4.322
0.821,-1.118
0.687,-3.856
0.784,-3.157
0.672,-1.716
0.745,-4.139
0.572,-2.137
0.532,-4.279
0.65,-1.648
0.514,-4.231
0.452,-4.207
0.316,-2.097
0.428,-3.066
0.305,-4.33
0.352,-4.482
0.348,-4.205
0.31,-3.13
0.146,-1.536
-0.025,-0.842
-0.136,-2.739
-0.154,-3.015
-0.16,-2.971
-0.158,-2.027
-0.164,-2.08
-0.186,-2.145
-0.293,-2.313
-0.325,-3.714
-0.36,-2.221
-0.423,-3.802
-0.465,-3.005
-0.523,-2.504
-0.834,-3.173
-0.729,-3.138
-1.0,-3.06
-0.878,-2.726
-0.929,-3.345
-1.052,-4.335
-1.245,-0.679
-1.121,-2.452
-1.269,-2.228
-1.279,-4.163
-1.197,-1.012
-1.364,-3.636
-1.367,-1.571
-1.38,-0.967
-1.477,-2.404
-1.386,-2.811
-1.674,-4.688
-2.144,-4.457
-2.377,-4.739
-2.692,-4.795
-2.81,-4.744
3.063,-4.54
2.428,-4.807
1.951,-4.751
1.757,-4.602
0.093,-4.416
-0.107,-4.703
-0.144,-4.812
-0.436,-4.645
-0.379,-4.62
-1.482,-4.647
-1.666,-0.466
-1.738,-0.364
-2.164,-0.179
-2.624,-0.259
2.534,-0.162
2.165,-0.465
2.302,-0.459
1.944,-0.422
2.067,-0.341
1.832,-0.124
1.665,-0.151
1.543,-0.424
1.153,-0.306
1.008,-0.389
1.123,-0.026
1.13,-0.308
0.646,-0.145
0.314,0.003
0.051,-0.074
-0.381,-0.214
-0.84,-0.245
-0.946,-0.199
-0.985,-0.237
1.871,-2.606
1.423,-3.204
0.19,-4.371
-0.072,-3.053
-0.407,-2.368
2.627,-1.821
1.155,-1.077
-0.926,-2.124
-0.947,-2.325
-1.003,-1.981
-1.225,-3.444
-1.933,-1.48
-2.913,-3.104
-3.008,-2.816
3.126,-2.307
-2.892,-4.676
1.371,-4.2
1.152,-0.357
-0.613,-0.781
-0.701,-0.548
-0.929,-0.621
-0.854,-0.802
0.045,-0.637
0.515,-0.19
-0.281,0.136
-0.703,0.162
-0.811,0.212
-0.8,0.09
-1.17,0.319
-1.476,-0.058
-1.782,-2.686
-1.874,-3.449
-2.544,-1.525
-2.527,-3.829
-2.97,-2.841
1.847,-3.676
1.366,-1.679
0.533,-0.37
0.239,-1.094
-0.217,-2.963
-0.69,-3.302
0.771,-4.23
0.713,0.209
-1.136,-0.024
-1.16,-2.221
-1.307,-2.539
-1.227,-2.678
-1.295,-0.119
-1.408,-2.852
-1.537,-0.522
-1.416,-3.795
-1.489,-0.901
-1.511,-2.354
-1.513,-1.013
-1.574,-1.385
-1.666,-0.91
-1.777,-1.068
-1.686,-2.183
-1.885,-0.219
-1.928,-2.317
-1.988,-3.097
-2.009,-1.002
-2.159,-4.016
-2.219,-1.961
-2.124,-2.111
-2.234,-3.741
-2.345,-1.577
-2.34,-1.966
-2.654,-1.329
-2.541,-0.331
-2.663,-2.06
-2.683,-0.132
-2.742,-0.222
-2.848,-2.391
-2.916,-1.407
-2.933,-2.212
3.116,-0.081
3.136,-3.901
3.122,-3.695
2.895,-0.332
2.985,-3.441
2.787,-3.817
2.627,-1.846
2.63,-2.631
2.69,-2.85
2.678,-3.999
2.629,-1.195
2.601,-2.899
2.456,-2.486
2.458,-0.206
2.503,-2.947
2.052,-3.497
2.181,-2.929
2.076,-1.715
2.08,-2.71
1.954,-3.649
2.047,-0.493
1.964,-2.468
1.925,-0.666
1.746,-2.034
1.703,-2.052
1.703,-0.198
1.766,-0.823
1.615,-2.883
1.61,-2.898
1.743,-3.338
1.586,-2.181
1.694,-0.092
1.68,-1.233
1.545,-3.544
1.661,-1.328
1.644,-1.156
1.656,-2.943
1.556,-2.792
1.447,-1.691
1.377,-0.926
1.454,-3.987
1.443,-1.604
1.321,-0.045
1.274,-1.975
1.385,-3.702
1.307,-2.172
1.245,-2.452
1.058,-0.38
1.093,-3.871
1.062,-0.667
0.928,-3.405
1.025,-2.706
0.913,-1.265
0.986,-3.688
0.813,-1.686
0.773,-3.828
0.891,-1.197
0.755,-3.78
0.693,-3.756
0.557,-1.646
0.669,-2.615
0.546,-3.879
0.593,-4.031
0.589,-3.754
0.551,-2.679
0.387,-1.085
0.216,-0.391
0.105,-2.288
0.087,-2.564
0.081,-2.52
0.083,-1.576
0.077,-1.629
0.055,-1.694
-0.052,-1.862
-0.084,-3.263
-0.119,-1.77
-0.182,-3.351
-0.224,-2.554
-0.282,-2.053
-0.593,-2.722
-0.488,-2.687
-0.759,-2.609
-0.637,-2.275
-0.688,-2.894
-0.811,-3.884
-1.004,-0.228
-0.88,-2.001
-1.028,-1.777
-1.038,-3.712
-0.956,-0.561
-1.123,-3.185
-1.126,-1.12
-1.139,-0.516
-1.236,-1.953
-1.145,-2.36
-1.433,-4.237
-1.903,-4.006
-2.136,-4.288
-2.451,-4.344
-2.569,-4.293
-2.979,-4.089
2.669,-4.356
2.192,-4.3
1.998,-4.151
0.334,-3.965
0.134,-4.252
0.097,-4.361
-0.195,-4.194
-0.138,-4.169
-1.241,-4.196
-1.425,-0.015
-1.497,0.087
-1.923,0.272
-2.383,0.192
2.775,0.289
2.406,-0.014
2.543,-0.008
2.185,0.029
2.308,0.11
2.073,0.327
1.906,0.3
1.784,0.027
1.394,0.145
1.249,0.062
1.364,0.425
1.371,0.143
0.887,0.306
0.555,0.454
0.292,0.377
-0.14,0.237
-0.599,0.206
-0.705,0.252
-0.744,0.214
2.112,-2.155
1.664,-2.753
0.431,-3.92
0.169,-2.602
-0.166,-1.917
2.868,-1.37
1.396,-0.626
-0.685,-1.673
-0.706,-1.874
-0.762,-1.53
-0.984,-2.993
-1.692,-1.029
-2.672,-2.653
-2.767,-2.365
-2.916,-1.856
-2.651,-4.225
1.612,-3.749
1.393,0.094
-0.372,-0.33
-0.46,-0.097
-0.688,-0.17
-0.613,-0.351
0.286,-0.186
0.756,0.261
-0.422,0.026
-0.53,0.076
-0.519,-0.046
-0.889,0.183
-1.195,-0.194
-1.501,-2.822
-1.593,-3.585
-2.263,-1.661
-2.246,-3.965
-2.689,-2.977
2.128,-3.812
1.647,-1.815
0.814,-0.506
0.52,-1.23
0.064,-3.099
-0.409,-3.438
1.052,-4.366
0.994,0.073
-0.855,-0.16
-0.879,-2.357
-1.026,-2.675
-0.946,-2.814
-1.014,-0.255
-1.127,-2.988
-1.256,-0.658
-1.135,-3.931
-1.208,-1.037
-1.23,-2.49
-1.232,-1.149
-1.293,-1.521
-1.385,-1.046
-1.496,-1.204
-1.405,-2.319
-1.604,-0.355
-1.647,-2.453
-1.707,-3.233
-1.728,-1.138
-1.878,-4.152
-1.938,-2.097
-1.843,-2.247
-1.953,-3.877
-2.064,-1.713
-2.059,-2.102
-2.373,-1.465
-2.26,-0.467
-2.382,-2.196
-2.402,-0.268
-2.461,-0.358
-2.567,-2.527
-2.635,-1.543
-2.652,-2.348
-2.886,-0.217
-2.866,-4.037
-2.88,-3.831
-3.107,-0.468
-3.017,-3.577
3.068,-3.953
2.908,-1.982
2.911,-2.767
2.971,-2.986
2.959,-4.135
2.91,-1.331
2.882,-3.035
2.737,-2.622
2.739,-0.342
2.784,-3.083
2.333,-3.633
2.462,-3.065
2.357,-1.851
2.361,-2.846
2.235,-3.785
2.328,-0.629
2.245,-2.604
2.206,-0.802
2.027,-2.17
1.984,-2.188
1.984,-0.334
2.047,-0.959
1.896,-3.019
1.891,-3.034
2.024,-3.474
1.867,-2.317
1.975,-0.228
1.961,-1.369
1.826,-3.68
1.942,-1.464
1.925,-1.292
1.937,-3.079
1.837,-2.928
1.728,-1.827
1.658,-1.062
1.735,-4.123
1.724,-1.74
1.602,-0.181
1.555,-2.111
1.666,-3.838
1.588,-2.308
1.526,-2.588
1.339,-0.516
1.374,-4.007
1.343,-0.803
1.209,-3.541
1.306,-2.842
1.194,-1.401
1.267,-3.824
1.094,-1.822
1.054,-3.964
1.172,-1.333
1.036,-3.916
0.974,-3.892
0.838,-1.782
0.95,-2.751
0.827,-4.015
0.874,-4.167
0.87,-3.89
0.832,-2.815
0.668,-1.221
0.497,-0.527
0.386,-2.424
0.368,-2.7
0.362,-2.656
0.364,-1.712
0.358,-1.765
0.336,-1.83
0.229,-1.998
0.197,-3.399
0.162,-1.906
0.099,-3.487
0.057,-2.69
-0.001,-2.189
-0.312,-2.858
-0.207,-2.823
-0.478,-2.745
-0.356,-2.411
-0.407,-3.03
-0.53,-4.02
-0.723,-0.364
-0.599,-2.137
-0.747,-1.913
-0.757,-3.848
-0.675,-0.697
-0.842,-3.321
-0.845,-1.256
-0.858,-0.652
-0.955,-2.089
-0.864,-2.496
-1.152,-4.373
-1.622,-4.142
-1.855,-4.424
-2.17,-4.48
-2.288,-4.429
-2.698,-4.225
2.95,-4.492
2.473,-4.436
2.279,-4.287
0.615,-4.101
0.415,-4.388
0.378,-4.497
0.086,-4.33
0.143,-4.305
-0.96,-4.332
-1.144,-0.151
-1.216,-0.049
-1.642,0.136
-2.102,0.056
3.056,0.153
2.687,-0.15
2.824,-0.144
2.466,-0.107
2.589,-0.026
2.354,0.191
2.187,0.164
2.065,-0.109
1.675,0.009
1.53,-0.074
1.645,0.289
1.652,0.007
1.168,0.17
0.836,0.318
0.573,0.241
0.141,0.101
-0.318,0.07
-0.424,0.116
-0.463,0.078
2.393,-2.291
1.945,-2.889
0.712,-4.056
0.45,-2.738
0.115,-2.053
-3.134,-1.506
1.677,-0.762
-0.404,-1.809
-0.425,-2.01
-0.481,-1.666
-0.703,-3.129
-1.411,-1.165
-2.391,-2.789
-2.486,-2.501
-2.635,-1.992
-2.37,-4.361
1.893,-3.885
1.674,-0.042
-0.091,-0.466
-0.179,-0.233
-0.407,-0.306
-0.332,-0.487
0.567,-0.322
1.037,0.125
-0.108,0.05
-0.097,-0.072
-0.467,0.157
-0.773,-0.22
-1.079,-2.848
-1.171,-3.611
-1.841,-1.687
-1.824,-3.991
-2.267,-3.003
2.55,-3.838
2.069,-1.841
1.236,-0.532
0.942,-1.256
0.486,-3.125
0.013,-3.464
1.474,-4.392
1.416,0.047
-0.433,-0.186
-0.457,-2.383
-0.604,-2.701
-0.524,-2.84
-0.592,-0.281
-0.705,-3.014
-0.834,-0.684
-0.713,-3.957
-0.786,-1.063
-0.808,-2.516
-0.81,-1.175
-0.871,-1.547
-0.963,-1.072
-1.074,-1.23
-0.983,-2.345
-1.182,-0.381
-1.225,-2.479
-1.285,-3.259
-1.306,-1.164
-1.456,-4.178
-1.516,-2.123
-1.421,-2.273
-1.531,-3.903
-1.642,-1.739
-1.637,-2.128
-1.951,-1.491
-1.838,-0.493
-1.96,-2.222
-1.98,-0.294
-2.039,-0.384
-2.145,-2.553
-2.213,-1.569
-2.23,-2.374
-2.464,-0.243
-2.444,-4.063
-2.458,-3.857
-2.685,-0.494
-2.595,-3.603
-2.793,-3.979
-2.953,-2.008
-2.95,-2.793
-2.89,-3.012
-2.902,-4.161
-2.951,-1.357
-2.979,-3.061
-3.124,-2.648
-3.122,-0.368
-3.077,-3.109
2.755,-3.659
2.884,-3.091
2.779,-1.877
2.783,-2.872
2.657,-3.811
2.75,-0.655
2.667,-2.63
2.628,-0.828
2.449,-2.196
2.406,-2.214
2.406,-0.36
2.469,-0.985
2.318,-3.045
2.313,-3.06
2.446,-3.5
2.289,-2.343
2.397,-0.254
2.383,-1.395
2.248,-3.706
2.364,-1.49
2.347,-1.318
2.359,-3.105
2.259,-2.954
2.15,-1.853
2.08,-1.088
2.157,-4.149
2.146,-1.766
2.024,-0.207
1.977,-2.137
2.088,-3.864
2.01,-2.334
1.948,-2.614
1.761,-0.542
1.796,-4.033
1.765,-0.829
1.631,-3.567
1.728,-2.868
1.616,-1.427
1.689,-3.85
1.516,-1.848
1.476,-3.99
1.594,-1.359
1.458,-3.942
1.396,-3.918
1.26,-1.808
1.372,-2.777
1.249,-4.041
1.296,-4.193
1.292,-3.916
1.254,-2.841
1.09,-1.247
0.919,-0.553
0.808,-2.45
0.79,-2.726
0.784,-2.682
0.786,-1.738
0.78,-1.791
0.758,-1.856
0.651,-2.024
0.619,-3.425
0.584,-1.932
0.521,-3.513
0.479,-2.716
0.421,-2.215
0.11,-2.884
0.215,-2.849
-0.056,-2.771
0.066,-2.437
0.015,-3.056
-0.108,-4.046
-0.301,-0.39
-0.177,-2.163
-0.325,-1.939
-0.335,-3.874
-0.253,-0.723
-0.42,-3.347
-0.423,-1.282
-0.436,-0.678
-0.533,-2.115
-0.442,-2.522
-0.73,-4.399
-1.2,-4.168
-1.433,-4.45
-1.748,-4.506
-1.866,-4.455
-2.276,-4.251
-2.911,-4.518
2.895,-4.462
2.701,-4.313
1.037,-4.127
0.837,-4.414
0.8,-4.523
0.508,-4.356
0.565,-4.331
-0.538,-4.358
-0.722,-0.177
-0.794,-0.075
-1.22,0.11
-1.68,0.03
-2.805,0.127
3.109,-0.176
-3.037,-0.17
2.888,-0.133
3.011,-0.052
2.776,0.165
2.609,0.138
2.487,-0.135
2.097,-0.017
1.952,-0.1
2.067,0.263
2.074,-0.019
1.59,0.144
1.258,0.292
0.995,0.215
0.563,0.075
0.104,0.044
-0.002,0.09
-0.041,0.052
2.815,-2.317
2.367,-2.915
1.134,-4.082
0.872,-2.764
0.537,-2.079
-2.712,-1.532
2.099,-0.788
0.018,-1.835
-0.003,-2.036
-0.059,-1.692
-0.281,-3.155
-0.989,-1.191
-1.969,-2.815
-2.064,-2.527
-2.213,-2.018
-1.948,-4.387
2.315,-3.911
2.096,-0.068
0.331,-0.492
0.243,-0.259
0.015,-0.332
0.09,-0.513
0.989,-0.348
1.459,0.099
0.011,-0.122
-0.359,0.107
-0.665,-0.27
-0.971,-2.898
-1.063,-3.661
-1.733,-1.737
-1.716,-4.041
-2.159,-3.053
2.658,-3.888
2.177,-1.891
1.344,-0.582
1.05,-1.306
0.594,-3.175
0.121,-3.514
1.582,-4.442
1.524,-0.003
-0.325,-0.236
-0.349,-2.433
-0.496,-2.751
-0.416,-2.89
-0.484,-0.331
-0.597,-3.064
-0.726,-0.734
-0.605,-4.007
-0.678,-1.113
-0.7,-2.566
-0.702,-1.225
-0.763,-1.597
-0.855,-1.122
-0.966,-1.28
-0.875,-2.395
-1.074,-0.431
-1.117,-2.529
-1.177,-3.309
-1.198,-1.214
-1.348,-4.228
-1.408,-2.173
-1.313,-2.323
-1.423,-3.953
-1.534,-1.789
-1.529,-2.178
-1.843,-1.541
-1.73,-0.543
-1.852,-2.272
-1.872,-0.344
-1.931,-0.434
-2.037,-2.603
-2.105,-1.619
-2.122,-2.424
-2.356,-0.293
-2.336,-4.113
-2.35,-3.907
-2.577,-0.544
-2.487,-3.653
-2.685,-4.029
-2.845,-2.058
-2.842,-2.843
-2.782,-3.062
-2.794,-4.211
-2.843,-1.407
-2.871,-3.111
-3.016,-2.698
-3.014,-0.418
-2.969,-3.159
2.863,-3.709
2.992,-3.141
2.887,-1.927
2.891,-2.922
2.765,-3.861
2.858,-0.705
2.775,-2.68
2.736,-0.878
2.557,-2.246
2.514,-2.264
2.514,-0.41
2.577,-1.035
2.426,-3.095
2.421,-3.11
2.554,-3.55
2.397,-2.393
2.505,-0.304
2.491,-1.445
2.356,-3.756
2.472,-1.54
2.455,-1.368
2.467,-3.155
2.367,-3.004
2.258,-1.903
2.188,-1.138
2.265,-4.199
2.254,-1.816
2.132,-0.257
2.085,-2.187
2.196,-3.914
2.118,-2.384
2.056,-2.664
1.869,-0.592
1.904,-4.083
1.873,-0.879
1.739,-3.617
1.836,-2.918
1.724,-1.477
1.797,-3.9
1.624,-1.898
1.584,-4.04
1.702,-1.409
1.566,-3.992
1.504,-3.968
1.368,-1.858
1.48,-2.827
1.357,-4.091
1.404,-4.243
1.4,-3.966
1.362,-2.891
1.198,-1.297
1.027,-0.603
0.916,-2.5
0.898,-2.776
0.892,-2.732
0.894,-1.788
0.888,-1.841
0.866,-1.906
0.759,-2.074
0.727,-3.475
0.692,-1.982
0.629,-3.563
0.587,-2.766
0.529,-2.265
0.218,-2.934
0.323,-2.899
0.052,-2.821
0.174,-2.487
0.123,-3.106
0.0,-4.096
-0.193,-0.44
-0.069,-2.213
-0.217,-1.989
-0.227,-3.924
-0.145,-0.773
-0.312,-3.397
-0.315,-1.332
-0.328,-0.728
-0.425,-2.165
-0.334,-2.572
-0.622,-4.449
-1.092,-4.218
-1.325,-4.5
-1.64,-4.556
-1.758,-4.505
-2.168,-4.301
-2.803,-4.568
3.003,-4.512
2.809,-4.363
1.145,-4.177
0.945,-4.464
0.908,-4.573
0.616,-4.406
0.673,-4.381
-0.43,-4.408
-0.614,-0.227
-0.686,-0.125
-1.112,0.06
-1.572,-0.02
-2.697,0.077
-3.066,-0.226
-2.929,-0.22
2.996,-0.183
3.119,-0.102
2.884,0.115
2.717,0.088
2.595,-0.185
2.205,-0.067
2.06,-0.15
2.175,0.213
2.182,-0.069
1.698,0.094
1.366,0.242
1.103,0.165
0.671,0.025
0.212,-0.006
0.106,0.04
0.067,0.002
2.923,-2.367
2.475,-2.965
1.242,-4.132
0.98,-2.814
0.645,-2.129
-2.604,-1.582
2.207,-0.838
0.126,-1.885
0.105,-2.086
0.049,-1.742
-0.173,-3.205
-0.881,-1.241
-1.861,-2.865
-1.956,-2.577
-2.105,-2.068
-1.84,-4.437
2.423,-3.961
2.204,-0.118
0.439,-0.542
0.351,-0.309
0.123,-0.382
0.198,-0.563
1.097,-0.398
1.567,0.049
-0.37,0.229
-0.676,-0.148
-0.982,-2.776
-1.074,-3.539
-1.744,-1.615
-1.727,-3.919
-2.17,-2.931
2.647,-3.766
2.166,-1.769
1.333,-0.46
1.039,-1.184
0.583,-3.053
0.11,-3.392
1.571,-4.32
1.513,0.119
-0.336,-0.114
-0.36,-2.311
-0.507,-2.629
-0.427,-2.768
-0.495,-0.209
-0.608,-2.942
-0.737,-0.612
-0.616,-3.885
-0.689,-0.991
-0.711,-2.444
-0.713,-1.103
-0.774,-1.475
-0.866,-1.0
-0.977,-1.158
-0.886,-2.273
-1.085,-0.309
-1.128,-2.407
-1.188,-3.187
-1.209,-1.092
-1.359,-4.106
-1.419,-2.051
-1.324,-2.201
-1.434,-3.831
-1.545,-1.667
-1.54,-2.056
-1.854,-1.419
-1.741,-0.421
-1.863,-2.15
-1.883,-0.222
-1.942,-0.312
-2.048,-2.481
-2.116,-1.497
-2.133,-2.302
-2.367,-0.171
-2.347,-3.991
-2.361,-3.785
-2.588,-0.422
-2.498,-3.531
-2.696,-3.907
-2.856,-1.936
-2.853,-2.721
-2.793,-2.94
-2.805,-4.089
-2.854,-1.285
-2.882,-2.989
-3.027,-2.576
-3.025,-0.296
-2.98,-3.037
2.852,-3.587
2.981,-3.019
2.876,-1.805
2.88,-2.8
2.754,-3.739
2.847,-0.583
2.764,-2.558
2.725,-0.756
2.546,-2.124
2.503,-2.142
2.503,-0.288
2.566,-0.913
2.415,-2.973
2.41,-2.988
2.543,-3.428
2.386,-2.271
2.494,-0.182
2.48,-1.323
2.345,-3.634
2.461,-1.418
2.444,-1.246
2.456,-3.033
2.356,-2.882
2.247,-1.781
2.177,-1.016
2.254,-4.077
2.243,-1.694
2.121,-0.135
2.074,-2.065
2.185,-3.792
2.107,-2.262
2.045,-2.542
1.858,-0.47
1.893,-3.961
1.862,-0.757
1.728,-3.495
1.825,-2.796
1.713,-1.355
1.786,-3.778
1.613,-1.776
1.573,-3.918
1.691,-1.287
1.555,-3.87
1.493,-3.846
1.357,-1.736
1.469,-2.705
1.346,-3.969
1.393,-4.121
1.389,-3.844
1.351,-2.769
1.187,-1.175
1.016,-0.481
0.905,-2.378
0.887,-2.654
0.881,-2.61
0.883,-1.666
0.877,-1.719
0.855,-1.784
0.748,-1.952
0.716,-3.353
0.681,-1.86
0.618,-3.441
0.576,-2.644
0.518,-2.143
0.207,-2.812
0.312,-2.777
0.041,-2.699
0.163,-2.365
0.112,-2.984
-0.011,-3.974
-0.204,-0.318
-0.08,-2.091
-0.228,-1.867
-0.238,-3.802
-0.156,-0.651
-0.323,-3.275
-0.326,-1.21
-0.339,-0.606
-0.436,-2.043
-0.345,-2.45
-0.633,-4.327
-1.103,-4.096
-1.336,-4.378
-1.651,-4.434
-1.769,-4.383
-2.179,-4.179
-2.814,-4.446
2.992,-4.39
2.798,-4.241
1.134,-4.055
0.934,-4.342
0.897,-4.451
0.605,-4.284
0.662,-4.259
-0.441,-4.286
-0.625,-0.105
-0.697,-0.003
-1.123,0.182
-1.583,0.102
-2.708,0.199
-3.077,-0.104
-2.94,-0.098
2.985,-0.061
3.108,0.02
2.873,0.237
2.706,0.21
2.584,-0.063
2.194,0.055
2.049,-0.028
2.164,0.335
2.171,0.053
1.687,0.216
1.355,0.364
1.092,0.287
0.66,0.147
0.201,0.116
0.095,0.162
0.056,0.124
2.912,-2.245
2.464,-2.843
1.231,-4.01
0.969,-2.692
0.634,-2.007
-2.615,-1.46
2.196,-0.716
0.115,-1.763
0.094,-1.964
0.038,-1.62
-0.184,-3.083
-0.892,-1.119
-1.872,-2.743
-1.967,-2.455
-2.116,-1.946
-1.851,-4.315
2.412,-3.839
2.193,0.004
0.428,-0.42
0.34,-0.187
0.112,-0.26
0.187,-0.441
1.086,-0.276
1.556,0.171
-0.306,-0.377
-0.612,-3.005
-0.704,-3.768
-1.374,-1.844
-1.357,-4.148
-1.8,-3.16
3.017,-3.995
2.536,-1.998
1.703,-0.689
1.409,-1.413
0.953,-3.282
0.48,-3.621
1.941,-4.549
1.883,-0.11
0.034,-0.343
0.01,-2.54
-0.137,-2.858
-0.057,-2.997
-0.125,-0.438
-0.238,-3.171
-0.367,-0.841
-0.246,-4.114
-0.319,-1.22
-0.341,-2.673
-0.343,-1.332
-0.404,-1.704
-0.496,-1.229
-0.607,-1.387
-0.516,-2.502
-0.715,-0.538
-0.758,-2.636
-0.818,-3.416
-0.839,-1.321
-0.989,-4.335
-1.049,-2.28
-0.954,-2.43
-1.064,-4.06
-1.175,-1.896
-1.17,-2.285
-1.484,-1.648
-1.371,-0.65
-1.493,-2.379
-1.513,-0.451
-1.572,-0.541
-1.678,-2.71
-1.746,-1.726
-1.763,-2.531
-1.997,-0.4
-1.977,-4.22
-1.991,-4.014
-2.218,-0.651
-2.128,-3.76
-2.326,-4.136
-2.486,-2.165
-2.483,-2.95
-2.423,-3.169
-2.435,-4.318
-2.484,-1.514
-2.512,-3.218
-2.657,-2.805
-2.655,-0.525
-2.61,-3.266
-3.061,-3.816
-2.932,-3.248
-3.037,-2.034
-3.033,-3.029
3.124,-3.968
-3.066,-0.812
3.134,-2.787
3.095,-0.985
2.916,-2.353
2.873,-2.371
2.873,-0.517
2.936,-1.142
2.785,-3.202
2.78,-3.217
2.913,-3.657
2.756,-2.5
2.864,-0.411
2.85,-1.552
2.715,-3.863
2.831,-1.647
2.814,-1.475
2.826,-3.262
2.726,-3.111
2.617,-2.01
2.547,-1.245
2.624,-4.306
2.613,-1.923
2.491,-0.364
2.444,-2.294
2.555,-4.021
2.477,-2.491
2.415,-2.771
2.228,-0.699
2.263,-4.19
2.232,-0.986
2.098,-3.724
2.195,-3.025
2.083,-1.584
2.156,-4.007
1.983,-2.005
1.943,-4.147
2.061,-1.516
1.925,-4.099
1.863,-4.075
1.727,-1.965
1.839,-2.934
1.716,-4.198
1.763,-4.35
1.759,-4.073
1.721,-2.998
1.557,-1.404
1.386,-0.71
1.275,-2.607
1.257,-2.883
1.251,-2.839
1.253,-1.895
1.247,-1.948
1.225,-2.013
1.118,-2.181
1.086,-3.582
1.051,-2.089
0.988,-3.67
0.946,-2.873
0.888,-2.372
0.577,-3.041
0.682,-3.006
0.411,-2.928
0.533,-2.594
0.482,-3.213
0.359,-4.203
0.166,-0.547
0.29,-2.32
0.142,-2.096
0.132,-4.031
0.214,-0.88
0.047,-3.504
0.044,-1.439
0.031,-0.835
-0.066,-2.272
0.025,-2.679
-0.263,-4.556
-0.733,-4.325
-0.966,-4.607
-1.281,-4.663
-1.399,-4.612
-1.809,-4.408
-2.444,-4.675
-2.921,-4.619
-3.115,-4.47
1.504,-4.284
1.304,-4.571
1.267,-4.68
0.975,-4.513
1.032,-4.488
-0.071,-4.515
-0.255,-0.334
-0.327,-0.232
-0.753,-0.047
-1.213,-0.127
-2.338,-0.03
-2.707,-0.333
-2.57,-0.327
-2.928,-0.29
-2.805,-0.209
-3.04,0.008
3.076,-0.019
2.954,-0.292
2.564,-0.174
2.419,-0.257
2.534,0.106
2.541,-0.176
2.057,-0.013
1.725,0.135
1.462,0.058
1.03,-0.082
0.571,-0.113
0.465,-0.067
0.426,-0.105
-3.001,-2.474
2.834,-3.072
1.601,-4.239
1.339,-2.921
1.004,-2.236
-2.245,-1.689
2.566,-0.945
0.485,-1.992
0.464,-2.193
0.408,-1.849
0.186,-3.312
-0.522,-1.348
-1.502,-2.972
-1.597,-2.684
-1.746,-2.175
-1.481,-4.544
2.782,-4.068
2.563,-0.225
0.798,-0.649
0.71,-0.416
0.482,-0.489
0.557,-0.67
1.456,-0.505
1.926,-0.058
-0.306,-2.628
-0.398,-3.391
-1.068,-1.467
-1.051,-3.771
-1.494,-2.783
-2.96,-3.618
2.842,-1.621
2.009,-0.312
1.715,-1.036
1.259,-2.905
0.786,-3.244
2.247,-4.172
2.189,0.267
0.34,0.034
0.316,-2.163
0.169,-2.481
0.249,-2.62
0.181,-0.061
0.068,-2.794
-0.061,-0.464
0.06,-3.737
-0.013,-0.843
-0.035,-2.296
-0.037,-0.955
-0.098,-1.327
-0.19,-0.852
-0.301,-1.01
-0.21,-2.125
-0.409,-0.161
-0.452,-2.259
-0.512,-3.039
-0.533,-0.944
-0.683,-3.958
-0.743,-1.903
-0.648,-2.053
-0.758,-3.683
-0.869,-1.519
-0.864,-1.908
-1.178,-1.271
-1.065,-0.273
-1.187,-2.002
-1.207,-0.074
-1.266,-0.164
-1.372,-2.333
-1.44,-1.349
-1.457,-2.154
-1.691,-0.023
-1.671,-3.843
-1.685,-3.637
-1.912,-0.274
-1.822,-3.383
-2.02,-3.759
-2.18,-1.788
-2.177,-2.573
-2.117,-2.792
-2.129,-3.941
-2.178,-1.137
-2.206,-2.841
-2.351,-2.428
-2.349,-0.148
-2.304,-2.889
-2.755,-3.439
-2.626,-2.871
-2.731,-1.657
-2.727,-2.652
-2.853,-3.591
-2.76,-0.435
-2.843,-2.41
-2.882,-0.608
-3.061,-1.976
-3.104,-1.994
-3.104,-0.14
-3.041,-0.765
3.091,-2.825
3.086,-2.84
-3.064,-3.28
3.062,-2.123
-3.113,-0.034
-3.127,-1.175
3.021,-3.486
3.137,-1.27
3.12,-1.098
3.132,-2.885
3.032,-2.734
2.923,-1.633
2.853,-0.868
2.93,-3.929
2.919,-1.546
2.797,0.013
2.75,-1.917
2.861,-3.644
2.783,-2.114
2.721,-2.394
2.534,-0.322
2.569,-3.813
2.538,-0.609
2.404,-3.347
2.501,-2.648
2.389,-1.207
2.462,-3.63
2.289,-1.628
2.249,-3.77
2.367,-1.139
2.231,-3.722
2.169,-3.698
2.033,-1.588
2.145,-2.557
2.022,-3.821
2.069,-3.973
2.065,-3.696
2.027,-2.621
1.863,-1.027
1.692,-0.333
1.581,-2.23
1.563,-2.506
1.557,-2.462
1.559,-1.518
1.553,-1.571
1.531,-1.636
1.424,-1.804
1.392,-3.205
1.357,-1.712
1.294,-3.293
1.252,-2.496
1.194,-1.995
0.883,-2.664
0.988,-2.629
0.717,-2.551
0.839,-2.217
0.788,-2.836
0.665,-3.826
0.472,-0.17
0.596,-1.943
0.448,-1.719
0.438,-3.654
0.52,-0.503
0.353,-3.127
0.35,-1.062
0.337,-0.458
0.24,-1.895
0.331,-2.302
0.043,-4.179
-0.427,-3.948
-0.66,-4.23
-0.975,-4.286
-1.093,-4.235
-1.503,-4.031
-2.138,-4.298
-2.615,-4.242
-2.809,-4.093
1.81,-3.907
1.61,-4.194
1.573,-4.303
1.281,-4.136
1.338,-4.111
0.235,-4.138
0.051,0.043
-0.021,0.145
-0.447,0.33
-0.907,0.25
-2.032,0.347
-2.401,0.044
-2.264,0.05
-2.622,0.087
-2.499,0.168
-2.734,0.385
-2.901,0.358
-3.023,0.085
2.87,0.203
2.725,0.12
2.84,0.483
2.847,0.201
2.363,0.364
2.031,0.512
1.768,0.435
1.336,0.295
0.877,0.264
0.771,0.31
0.732,0.272
-2.695,-2.097
3.14,-2.695
1.907,-3.862
1.645,-2.544
1.31,-1.859
-1.939,-1.312
2.872,-0.568
0.791,-1.615
0.77,-1.816
0.714,-1.472
0.492,-2.935
-0.216,-0.971
-1.196,-2.595
-1.291,-2.307
-1.44,-1.798
-1.175,-4.167
3.088,-3.691
2.869,0.152
1.104,-0.272
1.016,-0.039
0.788,-0.112
0.863,-0.293
1.762,-0.128
2.232,0.319
-0.092,-0.763
-0.762,1.161
-0.745,-1.143
-1.188,-0.155
-2.654,-0.99
-3.135,1.007
2.315,2.316
2.021,1.592
1.565,-0.277
1.092,-0.616
2.553,-1.544
2.495,2.895
0.646,2.662
0.622,0.465
0.475,0.147
0.555,0.008
0.487,2.567
0.374,-0.166
0.245,2.164
0.366,-1.109
0.293,1.785
0.271,0.332
0.269,1.673
0.208,1.301
0.116,1.776
0.005,1.618
0.096,0.503
-0.103,2.467
-0.146,0.369
-0.206,-0.411
-0.227,1.684
-0.377,-1.33
-0.437,0.725
-0.342,0.575
-0.452,-1.055
-0.563,1.109
-0.558,0.72
-0.872,1.357
-0.759,2.355
-0.881,0.626
-0.901,2.554
-0.96,2.464
-1.066,0.295
-1.134,1.279
-1.151,0.474
-1.385,2.605
-1.365,-1.215
-1.379,-1.009
-1.606,2.354
-1.516,-0.755
-1.714,-1.131
-1.874,0.84
-1.871,0.055
-1.811,-0.164
-1.823,-1.313
-1.872,1.491
-1.9,-0.213
-2.045,0.2
-2.043,2.48
-1.998,-0.261
-2.449,-0.811
-2.32,-0.243
-2.425,0.971
-2.421,-0.024
-2.547,-0.963
-2.454,2.193
-2.537,0.218
-2.576,2.02
-2.755,0.652
-2.798,0.634
-2.798,2.488
-2.735,1.863
-2.886,-0.197
-2.891,-0.212
-2.758,-0.652
-2.915,0.505
-2.807,2.594
-2.821,1.453
-2.956,-0.858
-2.84,1.358
-2.857,1.53
-2.845,-0.257
-2.945,-0.106
-3.054,0.995
-3.124,1.76
-3.047,-1.301
-3.058,1.082
3.103,2.641
3.056,0.711
-3.116,-1.016
3.089,0.514
3.027,0.234
2.84,2.306
2.875,-1.185
2.844,2.019
2.71,-0.719
2.807,-0.02
2.695,1.421
2.768,-1.002
2.595,1.0
2.555,-1.142
2.673,1.489
2.537,-1.094
2.475,-1.07
2.339,1.04
2.451,0.071
2.328,-1.193
2.375,-1.345
2.371,-1.068
2.333,0.007
2.169,1.601
1.998,2.295
1.887,0.398
1.869,0.122
1.863,0.166
1.865,1.11
1.859,1.057
1.837,0.992
1.73,0.824
1.698,-0.577
1.663,0.916
1.6,-0.665
1.558,0.132
1.5,0.633
1.189,-0.036
1.294,-0.001
1.023,0.077
1.145,0.411
1.094,-0.208
0.971,-1.198
0.778,2.458
0.902,0.685
0.754,0.909
0.744,-1.026
0.826,2.125
0.659,-0.499
0.656,1.566
0.643,2.17
0.546,0.733
0.637,0.326
0.349,-1.551
-0.121,-1.32
-0.354,-1.602
-0.669,-1.658
-0.787,-1.607
-1.197,-1.403
-1.832,-1.67
-2.309,-1.614
-2.503,-1.465
2.116,-1.279
1.916,-1.566
1.879,-1.675
1.587,-1.508
1.644,-1.483
0.541,-1.51
0.357,2.671
0.285,2.773
-0.141,2.958
-0.601,2.878
-1.726,2.975
-2.095,2.672
-1.958,2.678
-2.316,2.715
-2.193,2.796
-2.428,3.013
-2.595,2.986
-2.717,2.713
-3.107,2.831
3.031,2.748
-3.137,3.111
-3.13,2.829
2.669,2.992
2.337,3.14
2.074,3.063
1.642,2.923
1.183,2.892
1.077,2.938
1.038,2.9
-2.389,0.531
-2.837,-0.067
2.213,-1.234
1.951,0.084
1.616,0.769
-1.633,1.316
-3.105,2.06
1.097,1.013
1.076,0.812
1.02,1.156
0.798,-0.307
0.09,1.657
-0.89,0.033
-0.985,0.321
-1.134,0.83
-0.869,-1.539
-2.889,-1.063
-3.108,2.78
1.41,2.356
1.322,2.589
1.094,2.516
1.169,2.335
2.068,2.5
2.538,2.947
-0.67,1.924
-0.653,-0.38
-1.096,0.608
-2.562,-0.227
-3.043,1.77
2.407,3.079
2.113,2.355
1.657,0.486
1.184,0.147
2.645,-0.781
2.587,3.658
0.738,3.425
0.714,1.228
0.567,0.91
0.647,0.771
0.579,3.33
0.466,0.597
0.337,2.927
0.458,-0.346
0.385,2.548
0.363,1.095
0.361,2.436
0.3,2.064
0.208,2.539
0.097,2.381
0.188,1.266
-0.011,3.23
-0.054,1.132
-0.114,0.352
-0.135,2.447
-0.285,-0.567
-0.345,1.488
-0.25,1.338
-0.36,-0.292
-0.471,1.872
-0.466,1.483
-0.78,2.12
-0.667,3.118
-0.789,1.389
-0.809,3.317
-0.868,3.227
-0.974,1.058
-1.042,2.042
-1.059,1.237
-1.293,3.368
-1.273,-0.452
-1.287,-0.246
-1.514,3.117
-1.424,0.008
-1.622,-0.368
-1.782,1.603
-1.779,0.818
-1.719,0.599
-1.731,-0.55
-1.78,2.254
-1.808,0.55
-1.953,0.963
-1.951,3.243
-1.906,0.502
-2.357,-0.048
-2.228,0.52
-2.333,1.734
-2.329,0.739
-2.455,-0.2
-2.362,2.956
-2.445,0.981
-2.484,2.783
-2.663,1.415
-2.706,1.397
-2.706,3.251
-2.643,2.626
-2.794,0.566
-2.799,0.551
-2.666,0.111
-2.823,1.268
-2.715,3.357
-2.729,2.216
-2.864,-0.095
-2.748,2.121
-2.765,2.293
-2.753,0.506
-2.853,0.657
-2.962,1.758
-3.032,2.523
-2.955,-0.538
-2.966,1.845
-3.088,3.404
-3.135,1.474
-3.024,-0.253
-3.102,1.277
3.119,0.997
2.932,3.069
2.967,-0.422
2.936,2.782
2.802,0.044
2.899,0.743
2.787,2.184
2.86,-0.239
2.687,1.763
2.647,-0.379
2.765,2.252
2.629,-0.331
2.567,-0.307
2.431,1.803
2.543,0.834
2.42,-0.43
2.467,-0.582
2.463,-0.305
2.425,0.77
2.261,2.364
2.09,3.058
1.979,1.161
1.961,0.885
1.955,0.929
1.957,1.873
1.951,1.82
1.929,1.755
1.822,1.587
1.79,0.186
1.755,1.679
1.692,0.098
1.65,0.895
1.592,1.396
1.281,0.727
1.386,0.762
1.115,0.84
1.237,1.174
1.186,0.555
1.063,-0.435
0.87,3.221
0.994,1.448
0.846,1.672
0.836,-0.263
0.918,2.888
0.751,0.264
0.748,2.329
0.735,2.933
0.638,1.496
0.729,1.089
0.441,-0.788
-0.029,-0.557
-0.262,-0.839
-0.577,-0.895
-0.695,-0.844
-1.105,-0.64
-1.74,-0.907
-2.217,-0.851
-2.411,-0.702
2.208,-0.516
2.008,-0.803
1.971,-0.912
1.679,-0.745
1.736,-0.72
0.633,-0.747
0.449,3.434
0.377,3.536
-0.049,3.721
-0.509,3.641
-1.634,3.738
-2.003,3.435
-1.866,3.441
-2.224,3.478
-2.101,3.559
-2.336,3.776
-2.503,3.749
-2.625,3.476
-3.015,3.594
3.123,3.511
-3.045,3.874
-3.038,3.592
2.761,3.755
2.429,3.903
2.166,3.826
1.734,3.686
1.275,3.655
1.169,3.701
1.13,3.663
-2.297,1.294
-2.745,0.696
2.305,-0.471
2.043,0.847
1.708,1.532
-1.541,2.079
-3.013,2.823
1.189,1.776
1.168,1.575
1.112,1.919
0.89,0.456
0.182,2.42
-0.798,0.796
-0.893,1.084
-1.042,1.593
-0.777,-0.776
-2.797,-0.3
-3.016,3.543
1.502,3.119
1.414,3.352
1.186,3.279
1.261,3.098
2.16,3.263
2.63,3.71
0.017,-2.304
-0.426,-1.316
-1.892,-2.151
-2.373,-0.154
3.077,1.155
2.783,0.431
2.327,-1.438
1.854,-1.777
-2.968,-2.705
-3.026,1.734
1.408,1.501
1.384,-0.696
1.237,-1.014
1.317,-1.153
1.249,1.406
1.136,-1.327
1.007,1.003
1.128,-2.27
1.055,0.624
1.033,-0.829
1.031,0.512
0.97,0.14
0.878,0.615
0.767,0.457
0.858,-0.658
0.659,1.306
0.616,-0.792
0.556,-1.572
0.535,0.523
0.385,-2.491
0.325,-0.436
0.42,-0.586
0.31,-2.216
0.199,-0.052
0.204,-0.441
-0.11,0.196
0.003,1.194
-0.119,-0.535
-0.139,1.393
-0.198,1.303
-0.304,-0.866
-0.372,0.118
-0.389,-0.687
-0.623,1.444
-0.603,-2.376
-0.617,-2.17
-0.844,1.193
-0.754,-1.916
-0.952,-2.292
-1.112,-0.321
-1.109,-1.106
-1.049,-1.325
-1.061,-2.474
-1.11,0.33
-1.138,-1.374
-1.283,-0.961
-1.281,1.319
-1.236,-1.422
-1.687,-1.972
-1.558,-1.404
-1.663,-0.19
-1.659,-1.185
-1.785,-2.124
-1.692,1.032
-1.775,-0.943
-1.814,0.859
-1.993,-0.509
-2.036,-0.527
-2.036,1.327
-1.973,0.702
-2.124,-1.358
-2.129,-1.373
-1.996,-1.813
-2.153,-0.656
-2.045,1.433
-2.059,0.292
-2.194,-2.019
-2.078,0.197
-2.095,0.369
-2.083,-1.418
-2.183,-1.267
-2.292,-0.166
-2.362,0.599
-2.285,-2.462
-2.296,-0.079
-2.418,1.48
-2.465,-0.45
-2.354,-2.177
-2.432,-0.647
-2.494,-0.927
-2.681,1.145
-2.646,-2.346
-2.677,0.858
-2.811,-1.88
-2.714,-1.181
-2.826,0.26
-2.753,-2.163
-2.926,-0.161
-2.966,-2.303
-2.848,0.328
-2.984,-2.255
-3.046,-2.231
3.101,-0.121
-3.07,-1.09
3.09,-2.354
3.137,-2.506
3.133,-2.229
3.095,-1.154
2.931,0.44
2.76,1.134
2.649,-0.763
2.631,-1.039
2.625,-0.995
2.627,-0.051
2.621,-0.104
2.599,-0.169
2.492,-0.337
2.46,-1.738
2.425,-0.245
2.362,-1.826
2.32,-1.029
2.262,-0.528
1.951,-1.197
2.056,-1.162
1.785,-1.084
1.907,-0.75
1.856,-1.369
1.733,-2.359
1.54,1.297
1.664,-0.476
1.516,-0.252
1.506,-2.187
1.588,0.964
1.421,-1.66
1.418,0.405
1.405,1.009
1.308,-0.428
1.399,-0.835
1.111,-2.712
0.641,-2.481
0.408,-2.763
0.093,-2.819
-0.025,-2.768
-0.435,-2.564
-1.07,-2.831
-1.547,-2.775
-1.741,-2.626
2.878,-2.44
2.678,-2.727
2.641,-2.836
2.349,-2.669
2.406,-2.644
1.303,-2.671
1.119,1.51
1.047,1.612
0.621,1.797
0.161,1.717
-0.964,1.814
-1.333,1.511
-1.196,1.517
-1.554,1.554
-1.431,1.635
-1.666,1.852
-1.833,1.825
-1.955,1.552
-2.345,1.67
-2.49,1.587
-2.375,1.95
-2.368,1.668
-2.852,1.831
3.099,1.979
2.836,1.902
2.404,1.762
1.945,1.731
1.839,1.777
1.8,1.739
-1.627,-0.63
-2.075,-1.228
2.975,-2.395
2.713,-1.077
2.378,-0.392
-0.871,0.155
-2.343,0.899
1.859,-0.148
1.838,-0.349
1.782,-0.005
1.56,-1.468
0.852,0.496
-0.128,-1.128
-0.223,-0.84
-0.372,-0.331
-0.107,-2.7
-2.127,-2.224
-2.346,1.619
2.172,1.195
2.084,1.428
1.856,1.355
1.931,1.174
2.83,1.339
-2.983,1.786
-0.443,0.988
-1.909,0.153
-2.39,2.15
3.06,3.459
2.766,2.735
2.31,0.866
1.837,0.527
-2.985,-0.401
-3.043,4.038
1.391,3.805
1.367,1.608
1.22,1.29
1.3,1.151
1.232,3.71
1.119,0.977
0.99,3.307
1.111,0.034
1.038,2.928
1.016,1.475
1.014,2.816
0.953,2.444
0.861,2.919
0.75,2.761
0.841,1.646
0.642,3.61
0.599,1.512
0.539,0.732
0.518,2.827
0.368,-0.187
0.308,1.868
0.403,1.718
0.293,0.088
0.182,2.252
0.187,1.863
-0.127,2.5
-0.014,3.498
-0.136,1.769
-0.156,3.697
-0.215,3.607
-0.321,1.438
-0.389,2.422
-0.406,1.617
-0.64,3.748
-0.62,-0.072
-0.634,0.134
-0.861,3.497
-0.771,0.388
-0.969,0.012
-1.129,1.983
-1.126,1.198
-1.066,0.979
-1.078,-0.17
-1.127,2.634
-1.155,0.93
-1.3,1.343
-1.298,3.623
-1.253,0.882
-1.704,0.332
-1.575,0.9
-1.68,2.114
-1.676,1.119
-1.802,0.18
-1.709,3.336
-1.792,1.361
-1.831,3.163
-2.01,1.795
-2.053,1.777
-2.053,3.631
-1.99,3.006
-2.141,0.946
-2.146,0.931
-2.013,0.491
-2.17,1.648
-2.062,3.737
-2.076,2.596
-2.211,0.285
-2.095,2.501
-2.112,2.673
-2.1,0.886
-2.2,1.037
-2.309,2.138
-2.379,2.903
-2.302,-0.158
-2.313,2.225
-2.435,3.784
-2.482,1.854
-2.371,0.127
-2.449,1.657
-2.511,1.377
-2.698,3.449
-2.663,-0.042
-2.694,3.162
-2.828,0.424
-2.731,1.123
-2.843,2.564
-2.77,0.141
-2.943,2.143
-2.983,0.001
-2.865,2.632
-3.001,0.049
-3.063,0.073
3.084,2.183
-3.087,1.214
3.073,-0.05
3.12,-0.202
3.116,0.075
3.078,1.15
2.914,2.744
2.743,3.438
2.632,1.541
2.614,1.265
2.608,1.309
2.61,2.253
2.604,2.2
2.582,2.135
2.475,1.967
2.443,0.566
2.408,2.059
2.345,0.478
2.303,1.275
2.245,1.776
1.934,1.107
2.039,1.142
1.768,1.22
1.89,1.554
1.839,0.935
1.716,-0.055
1.523,3.601
1.647,1.828
1.499,2.052
1.489,0.117
1.571,3.268
1.404,0.644
1.401,2.709
1.388,3.313
1.291,1.876
1.382,1.469
1.094,-0.408
0.624,-0.177
0.391,-0.459
0.076,-0.515
-0.042,-0.464
-0.452,-0.26
-1.087,-0.527
-1.564,-0.471
-1.758,-0.322
2.861,-0.136
2.661,-0.423
2.624,-0.532
2.332,-0.365
2.389,-0.34
1.286,-0.367
1.102,3.814
1.03,3.916
0.604,4.101
0.144,4.021
-0.981,4.118
-1.35,3.815
-1.213,3.821
-1.571,3.858
-1.448,3.939
-1.683,4.156
-1.85,4.129
-1.972,3.856
-2.362,3.974
-2.507,3.891
-2.392,4.254
-2.385,3.972
-2.869,4.135
3.082,4.283
2.819,4.206
2.387,4.066
1.928,4.035
1.822,4.081
1.783,4.043
-1.644,1.674
-2.092,1.076
2.958,-0.091
2.696,1.227
2.361,1.912
-0.888,2.459
-2.36,3.203
1.842,2.156
1.821,1.955
1.765,2.299
1.543,0.836
0.835,2.8
-0.145,1.176
-0.24,1.464
-0.389,1.973
-0.124,-0.396
-2.144,0.08
-2.363,3.923
2.155,3.499
2.067,3.732
1.839,3.659
1.914,3.478
2.813,3.643
-3.0,4.09
-1.466,-0.835
-1.947,1.162
-2.78,2.471
-3.074,1.747
2.753,-0.122
2.28,-0.461
-2.542,-1.389
-2.6,3.05
1.834,2.817
1.81,0.62
1.663,0.302
1.743,0.163
1.675,2.722
1.562,-0.011
1.433,2.319
1.554,-0.954
1.481,1.94
1.459,0.487
1.457,1.828
1.396,1.456
1.304,1.931
1.193,1.773
1.284,0.658
1.085,2.622
1.042,0.524
0.982,-0.256
0.961,1.839
0.811,-1.175
0.751,0.88
0.846,0.73
0.736,-0.9
0.625,1.264
0.63,0.875
0.316,1.512
0.429,2.51
0.307,0.781
0.287,2.709
0.228,2.619
0.122,0.45
0.054,1.434
0.037,0.629
-0.197,2.76
-0.177,-1.06
-0.191,-0.854
-0.418,2.509
-0.328,-0.6
-0.526,-0.976
-0.686,0.995
-0.683,0.21
-0.623,-0.009
-0.635,-1.158
-0.684,1.646
-0.712,-0.058
-0.857,0.355
-0.855,2.635
-0.81,-0.106
-1.261,-0.656
-1.132,-0.088
-1.237,1.126
-1.233,0.131
-1.359,-0.808
-1.266,2.348
-1.349,0.373
-1.388,2.175
-1.567,0.807
-1.61,0.789
-1.61,2.643
-1.547,2.018
-1.698,-0.042
-1.703,-0.057
-1.57,-0.497
-1.727,0.66
-1.619,2.749
-1.633,1.608
-1.768,-0.703
-1.652,1.513
-1.669,1.685
-1.657,-0.102
-1.757,0.049
-1.866,1.15
-1.936,1.915
-1.859,-1.146
-1.87,1.237
-1.992,2.796
-2.039,0.866
-1.928,-0.861
-2.006,0.669
-2.068,0.389
-2.255,2.461
-2.22,-1.03
-2.251,2.174
-2.385,-0.564
-2.288,0.135
-2.4,1.576
-2.327,-0.847
-2.5,1.155
-2.54,-0.987
-2.422,1.644
-2.558,-0.939
-2.62,-0.915
-2.756,1.195
-2.644,0.226
-2.767,-1.038
-2.72,-1.19
-2.724,-0.913
-2.762,0.162
-2.926,1.756
-3.097,2.45
3.075,0.553
3.057,0.277
3.051,0.321
3.053,1.265
3.047,1.212
3.025,1.147
2.918,0.979
2.886,-0.422
2.851,1.071
2.788,-0.51
2.746,0.287
2.688,0.788
2.377,0.119
2.482,0.154
2.211,0.232
2.333,0.566
2.282,-0.053
2.159,-1.043
1.966,2.613
2.09,0.84
1.942,1.064
1.932,-0.871
2.014,2.28
1.847,-0.344
1.844,1.721
1.831,2.325
1.734,0.888
1.825,0.481
1.537,-1.396
1.067,-1.165
0.834,-1.447
0.519,-1.503
0.401,-1.452
-0.009,-1.248
-0.644,-1.515
-1.121,-1.459
-1.315,-1.31
-2.979,-1.124
3.104,-1.411
3.067,-1.52
2.775,-1.353
2.832,-1.328
1.729,-1.355
1.545,2.826
1.473,2.928
1.047,3.113
0.587,3.033
-0.538,3.13
-0.907,2.827
-0.77,2.833
-1.128,2.87
-1.005,2.951
-1.24,3.168
-1.407,3.141
-1.529,2.868
-1.919,2.986
-2.064,2.903
-1.949,3.266
-1.942,2.984
-2.426,3.147
-2.758,3.295
-3.021,3.218
2.83,3.078
2.371,3.047
2.265,3.093
2.226,3.055
-1.201,0.686
-1.649,0.088
-2.882,-1.079
3.139,0.239
2.804,0.924
-0.445,1.471
-1.917,2.215
2.285,1.168
2.264,0.967
2.208,1.311
1.986,-0.152
1.278,1.812
0.298,0.188
0.203,0.476
0.054,0.985
0.319,-1.384
-1.701,-0.908
-1.92,2.935
2.598,2.511
2.51,2.744
2.282,2.671
2.357,2.49
-3.027,2.655
-2.557,3.102
-0.481,1.997
-1.314,3.306
-1.608,2.582
-2.064,0.713
-2.537,0.374
-1.076,-0.554
-1.134,3.885
-2.983,3.652
-3.007,1.455
3.129,1.137
-3.074,0.998
3.141,3.557
3.028,0.824
2.899,3.154
3.02,-0.119
2.947,2.775
2.925,1.322
2.923,2.663
2.862,2.291
2.77,2.766
2.659,2.608
2.75,1.493
2.551,3.457
2.508,1.359
2.448,0.579
2.427,2.674
2.277,-0.34
2.217,1.715
2.312,1.565
2.202,-0.065
2.091,2.099
2.096,1.71
1.782,2.347
1.895,3.345
1.773,1.616
1.753,3.544
1.694,3.454
1.588,1.285
1.52,2.269
1.503,1.464
1.269,3.595
1.289,-0.225
1.275,-0.019
1.048,3.344
1.138,0.235
0.94,-0.141
0.78,1.83
0.783,1.045
0.843,0.826
0.831,-0.323
0.782,2.481
0.754,0.777
0.609,1.19
0.611,3.47
0.656,0.729
0.205,0.179
0.334,0.747
0.229,1.961
0.233,0.966
0.107,0.027
0.2,3.183
0.117,1.208
0.078,3.01
-0.101,1.642
-0.144,1.624
-0.144,3.478
-0.081,2.853
-0.232,0.793
-0.237,0.778
-0.104,0.338
-0.261,1.495
-0.153,3.584
-0.167,2.443
-0.302,0.132
-0.186,2.348
-0.203,2.52
-0.191,0.733
-0.291,0.884
-0.4,1.985
-0.47,2.75
-0.393,-0.311
-0.404,2.072
-0.526,3.631
-0.573,1.701
-0.462,-0.026
-0.54,1.504
-0.602,1.224
-0.789,3.296
-0.754,-0.195
-0.785,3.009
-0.919,0.271
-0.822,0.97
-0.934,2.411
-0.861,-0.012
-1.034,1.99
-1.074,-0.152
-0.956,2.479
-1.092,-0.104
-1.154,-0.08
-1.29,2.03
-1.178,1.061
-1.301,-0.203
-1.254,-0.355
-1.258,-0.078
-1.296,0.997
-1.46,2.591
-1.631,3.285
-1.742,1.388
-1.76,1.112
-1.766,1.156
-1.764,2.1
-1.77,2.047
-1.792,1.982
-1.899,1.814
-1.931,0.413
-1.966,1.906
-2.029,0.325
-2.071,1.122
-2.129,1.623
-2.44,0.954
-2.335,0.989
-2.606,1.067
-2.484,1.401
-2.535,0.782
-2.658,-0.208
-2.851,3.448
-2.727,1.675
-2.875,1.899
-2.885,-0.036
-2.803,3.115
-2.97,0.491
-2.973,2.556
-2.986,3.16
-3.083,1.723
-2.992,1.316
3.003,-0.561
2.533,-0.33
2.3,-0.612
1.985,-0.668
1.867,-0.617
1.457,-0.413
0.822,-0.68
0.345,-0.624
0.151,-0.475
-1.513,-0.289
-1.713,-0.576
-1.75,-0.685
-2.042,-0.518
-1.985,-0.493
-3.088,-0.52
3.011,3.661
2.939,3.763
2.513,3.948
2.053,3.868
0.928,3.965
0.559,3.662
0.696,3.668
0.338,3.705
0.461,3.786
0.226,4.003
0.059,3.976
-0.063,3.703
-0.453,3.821
-0.598,3.738
-0.483,4.101
-0.476,3.819
-0.96,3.982
-1.292,4.13
-1.555,4.053
-1.987,3.913
-2.446,3.882
-2.552,3.928
-2.591,3.89
0.265,1.521
-0.183,0.923
-1.416,-0.244
-1.678,1.074
-2.013,1.759
1.021,2.306
-0.451,3.05
-2.532,2.003
-2.553,1.802
-2.609,2.146
-2.831,0.683
2.744,2.647
1.764,1.023
1.669,1.311
1.52,1.82
1.785,-0.549
-0.235,-0.073
-0.454,3.77
-2.219,3.346
-2.307,3.579
-2.535,3.506
-2.46,3.325
-1.561,3.49
-1.091,3.937
-0.833,1.309
-1.127,0.585
-1.583,-1.284
-2.056,-1.623
-0.595,-2.551
-0.653,1.888
-2.502,1.655
-2.526,-0.542
-2.673,-0.86
-2.593,-0.999
-2.661,1.56
-2.774,-1.173
-2.903,1.157
-2.782,-2.116
-2.855,0.778
-2.877,-0.675
-2.879,0.666
-2.94,0.294
-3.032,0.769
3.14,0.611
-3.052,-0.504
3.032,1.46
2.989,-0.638
2.929,-1.418
2.908,0.677
2.758,-2.337
2.698,-0.282
2.793,-0.432
2.683,-2.062
2.572,0.102
2.577,-0.287
2.263,0.35
2.376,1.348
2.254,-0.381
2.234,1.547
2.175,1.457
2.069,-0.712
2.001,0.272
1.984,-0.533
1.75,1.598
1.77,-2.222
1.756,-2.016
1.529,1.347
1.619,-1.762
1.421,-2.138
1.261,-0.167
1.264,-0.952
1.324,-1.171
1.312,-2.32
1.263,0.484
1.235,-1.22
1.09,-0.807
1.092,1.473
1.137,-1.268
0.686,-1.818
0.815,-1.25
0.71,-0.036
0.714,-1.031
0.588,-1.97
0.681,1.186
0.598,-0.789
0.559,1.013
0.38,-0.355
0.337,-0.373
0.337,1.481
0.4,0.856
0.249,-1.204
0.244,-1.219
0.377,-1.659
0.22,-0.502
0.328,1.587
0.314,0.446
0.179,-1.865
0.295,0.351
0.278,0.523
0.29,-1.264
0.19,-1.113
0.081,-0.012
0.011,0.753
0.088,-2.308
0.077,0.075
-0.045,1.634
-0.092,-0.296
0.019,-2.023
-0.059,-0.493
-0.121,-0.773
-0.308,1.299
-0.273,-2.192
-0.304,1.012
-0.438,-1.726
-0.341,-1.027
-0.453,0.414
-0.38,-2.009
-0.553,-0.007
-0.593,-2.149
-0.475,0.482
-0.611,-2.101
-0.673,-2.077
-0.809,0.033
-0.697,-0.936
-0.82,-2.2
-0.773,-2.352
-0.777,-2.075
-0.815,-1.0
-0.979,0.594
-1.15,1.288
-1.261,-0.609
-1.279,-0.885
-1.285,-0.841
-1.283,0.103
-1.289,0.05
-1.311,-0.015
-1.418,-0.183
-1.45,-1.584
-1.485,-0.091
-1.548,-1.672
-1.59,-0.875
-1.648,-0.374
-1.959,-1.043
-1.854,-1.008
-2.125,-0.93
-2.003,-0.596
-2.054,-1.215
-2.177,-2.205
-2.37,1.451
-2.246,-0.322
-2.394,-0.098
-2.404,-2.033
-2.322,1.118
-2.489,-1.506
-2.492,0.559
-2.505,1.163
-2.602,-0.274
-2.511,-0.681
-2.799,-2.558
3.014,-2.327
2.781,-2.609
2.466,-2.665
2.348,-2.614
1.938,-2.41
1.303,-2.677
0.826,-2.621
0.632,-2.472
-1.032,-2.286
-1.232,-2.573
-1.269,-2.682
-1.561,-2.515
-1.504,-2.49
-2.607,-2.517
-2.791,1.664
-2.863,1.766
2.994,1.951
2.534,1.871
1.409,1.968
1.04,1.665
1.177,1.671
0.819,1.708
0.942,1.789
0.707,2.006
0.54,1.979
0.418,1.706
0.028,1.824
-0.117,1.741
-0.002,2.104
0.005,1.822
-0.479,1.985
-0.811,2.133
-1.074,2.056
-1.506,1.916
-1.965,1.885
-2.071,1.931
-2.11,1.893
0.746,-0.476
0.298,-1.074
-0.935,-2.241
-1.197,-0.923
-1.532,-0.238
1.502,0.309
0.03,1.053
-2.051,0.006
-2.072,-0.195
-2.128,0.149
-2.35,-1.314
-3.058,0.65
2.245,-0.974
2.15,-0.686
2.001,-0.177
2.266,-2.546
0.246,-2.07
0.027,1.773
-1.738,1.349
-1.826,1.582
-2.054,1.509
-1.979,1.328
-1.08,1.493
-0.61,1.94
-0.294,-0.724
-0.75,-2.593
-1.223,-2.932
0.238,-3.86
0.18,0.579
-1.669,0.346
-1.693,-1.851
-1.84,-2.169
-1.76,-2.308
-1.828,0.251
-1.941,-2.482
-2.07,-0.152
-1.949,-3.425
-2.022,-0.531
-2.044,-1.984
-2.046,-0.643
-2.107,-1.015
-2.199,-0.54
-2.31,-0.698
-2.219,-1.813
-2.418,0.151
-2.461,-1.947
-2.521,-2.727
-2.542,-0.632
-2.692,-3.646
-2.752,-1.591
-2.657,-1.741
-2.767,-3.371
-2.878,-1.207
-2.873,-1.596
3.096,-0.959
-3.074,0.039
3.087,-1.69
3.067,0.238
3.008,0.148
2.902,-2.021
2.834,-1.037
2.817,-1.842
2.583,0.289
2.603,-3.531
2.589,-3.325
2.362,0.038
2.452,-3.071
2.254,-3.447
2.094,-1.476
2.097,-2.261
2.157,-2.48
2.145,-3.629
2.096,-0.825
2.068,-2.529
1.923,-2.116
1.925,0.164
1.97,-2.577
1.519,-3.127
1.648,-2.559
1.543,-1.345
1.547,-2.34
1.421,-3.279
1.514,-0.123
1.431,-2.098
1.392,-0.296
1.213,-1.664
1.17,-1.682
1.17,0.172
1.233,-0.453
1.082,-2.513
1.077,-2.528
1.21,-2.968
1.053,-1.811
1.161,0.278
1.147,-0.863
1.012,-3.174
1.128,-0.958
1.111,-0.786
1.123,-2.573
1.023,-2.422
0.914,-1.321
0.844,-0.556
0.921,-3.617
0.91,-1.234
0.788,0.325
0.741,-1.605
0.852,-3.332
0.774,-1.802
0.712,-2.082
0.525,-0.01
0.56,-3.501
0.529,-0.297
0.395,-3.035
0.492,-2.336
0.38,-0.895
0.453,-3.318
0.28,-1.316
0.24,-3.458
0.358,-0.827
0.222,-3.41
0.16,-3.386
0.024,-1.276
0.136,-2.245
0.013,-3.509
0.06,-3.661
0.056,-3.384
0.018,-2.309
-0.146,-0.715
-0.317,-0.021
-0.428,-1.918
-0.446,-2.194
-0.452,-2.15
-0.45,-1.206
-0.456,-1.259
-0.478,-1.324
-0.585,-1.492
-0.617,-2.893
-0.652,-1.4
-0.715,-2.981
-0.757,-2.184
-0.815,-1.683
-1.126,-2.352
-1.021,-2.317
-1.292,-2.239
-1.17,-1.905
-1.221,-2.524
-1.344,-3.514
-1.537,0.142
-1.413,-1.631
-1.561,-1.407
-1.571,-3.342
-1.489,-0.191
-1.656,-2.815
-1.659,-0.75
-1.672,-0.146
-1.769,-1.583
-1.678,-1.99
-1.966,-3.867
-2.436,-3.636
-2.669,-3.918
-2.984,-3.974
-3.102,-3.923
2.771,-3.719
2.136,-3.986
1.659,-3.93
1.465,-3.781
-0.199,-3.595
-0.399,-3.882
-0.436,-3.991
-0.728,-3.824
-0.671,-3.799
-1.774,-3.826
-1.958,0.355
-2.03,0.457
-2.456,0.642
-2.916,0.562
2.242,0.659
1.873,0.356
2.01,0.362
1.652,0.399
1.775,0.48
1.54,0.697
1.373,0.67
1.251,0.397
0.861,0.515
0.716,0.432
0.831,0.795
0.838,0.513
0.354,0.676
0.022,0.824
-0.241,0.747
-0.673,0.607
-1.132,0.576
-1.238,0.622
-1.277,0.584
1.579,-1.785
1.131,-2.383
-0.102,-3.55
-0.364,-2.232
-0.699,-1.547
2.335,-1.0
0.863,-0.256
-1.218,-1.303
-1.239,-1.504
-1.295,-1.16
-1.517,-2.623
-2.225,-0.659
3.078,-2.283
2.983,-1.995
2.834,-1.486
3.099,-3.855
1.079,-3.379
0.86,0.464
-0.905,0.04
-0.993,0.273
-1.221,0.2
-1.146,0.019
-0.247,0.184
0.223,0.631
-0.456,-1.869
-0.929,-2.208
0.532,-3.136
0.474,1.303
-1.375,1.07
-1.399,-1.127
-1.546,-1.445
-1.466,-1.584
-1.534,0.975
-1.647,-1.758
-1.776,0.572
-1.655,-2.701
-1.728,0.193
-1.75,-1.26
-1.752,0.081
-1.813,-0.291
-1.905,0.184
-2.016,0.026
-1.925,-1.089
-2.124,0.875
-2.167,-1.223
-2.227,-2.003
-2.248,0.092
-2.398,-2.922
-2.458,-0.867
-2.363,-1.017
-2.473,-2.647
-2.584,-0.483
-2.579,-0.872
-2.893,-0.235
-2.78,0.763
-2.902,-0.966
-2.922,0.962
-2.981,0.872
-3.087,-1.297
3.128,-0.313
3.111,-1.118
2.877,1.013
2.897,-2.807
2.883,-2.601
2.656,0.762
2.746,-2.347
2.548,-2.723
2.388,-0.752
2.391,-1.537
2.451,-1.756
2.439,-2.905
2.39,-0.101
2.362,-1.805
2.217,-1.392
2.219,0.888
2.264,-1.853
1.813,-2.403
1.942,-1.835
1.837,-0.621
1.841,-1.616
1.715,-2.555
1.808,0.601
1.725,-1.374
1.686,0.428
1.507,-0.94
1.464,-0.958
1.464,0.896
1.527,0.271
1.376,-1.789
1.371,-1.804
1.504,-2.244
1.347,-1.087
1.455,1.002
1.441,-0.139
1.306,-2.45
1.422,-0.234
1.405,-0.062
1.417,-1.849
1.317,-1.698
1.208,-0.597
1.138,0.168
1.215,-2.893
1.204,-0.51
1.082,1.049
1.035,-0.881
1.146,-2.608
1.068,-1.078
1.006,-1.358
0.819,0.714
0.854,-2.777
0.823,0.427
0.689,-2.311
0.786,-1.612
0.674,-0.171
0.747,-2.594
0.574,-0.592
0.534,-2.734
0.652,-0.103
0.516,-2.686
0.454,-2.662
0.318,-0.552
0.43,-1.521
0.307,-2.785
0.354,-2.937
0.35,-2.66
0.312,-1.585
0.148,0.009
-0.023,0.703
-0.134,-1.194
-0.152,-1.47
-0.158,-1.426
-0.156,-0.482
-0.162,-0.535
-0.184,-0.6
-0.291,-0.768
-0.323,-2.169
-0.358,-0.676
-0.421,-2.257
-0.463,-1.46
-0.521,-0.959
-0.832,-1.628
-0.727,-1.593
-0.998,-1.515
-0.876,-1.181
-0.927,-1.8
-1.05,-2.79
-1.243,0.866
-1.119,-0.907
-1.267,-0.683
-1.277,-2.618
-1.195,0.533
-1.362,-2.091
-1.365,-0.026
-1.378,0.578
-1.475,-0.859
-1.384,-1.266
-1.672,-3.143
-2.142,-2.912
-2.375,-3.194
-2.69,-3.25
-2.808,-3.199
3.065,-2.995
2.43,-3.262
1.953,-3.206
1.759,-3.057
0.095,-2.871
-0.105,-3.158
-0.142,-3.267
-0.434,-3.1
-0.377,-3.075
-1.48,-3.102
-1.664,1.079
-1.736,1.181
-2.162,1.366
-2.622,1.286
2.536,1.383
2.167,1.08
2.304,1.086
1.946,1.123
2.069,1.204
1.834,1.421
1.667,1.394
1.545,1.121
1.155,1.239
1.01,1.156
1.125,1.519
1.132,1.237
0.648,1.4
0.316,1.548
0.053,1.471
-0.379,1.331
-0.838,1.3
-0.944,1.346
-0.983,1.308
1.873,-1.061
1.425,-1.659
0.192,-2.826
-0.07,-1.508
-0.405,-0.823
2.629,-0.276
1.157,0.468
-0.924,-0.579
-0.945,-0.78
-1.001,-0.436
-1.223,-1.899
-1.931,0.065
-2.911,-1.559
-3.006,-1.271
3.128,-0.762
-2.89,-3.131
1.373,-2.655
1.154,1.188
-0.611,0.764
-0.699,0.997
-0.927,0.924
-0.852,0.743
0.047,0.908
0.517,1.355
-0.473,-0.339
0.988,-1.267
0.93,3.172
-0.919,2.939
-0.943,0.742
-1.09,0.424
-1.01,0.285
-1.078,2.844
-1.191,0.111
-1.32,2.441
-1.199,-0.832
-1.272,2.062
-1.294,0.609
-1.296,1.95
-1.357,1.578
-1.449,2.053
-1.56,1.895
-1.469,0.78
-1.668,2.744
-1.711,0.646
-1.771,-0.134
-1.792,1.961
-1.942,-1.053
-2.002,1.002
-1.907,0.852
-2.017,-0.778
-2.128,1.386
-2.123,0.997
-2.437,1.634
-2.324,2.632
-2.446,0.903
-2.466,2.831
-2.525,2.741
-2.631,0.572
-2.699,1.556
-2.716,0.751
-2.95,2.882
-2.93,-0.938
-2.944,-0.732
3.112,2.631
-3.081,-0.478
3.004,-0.854
2.844,1.117
2.847,0.332
2.907,0.113
2.895,-1.036
2.846,1.768
2.818,0.064
2.673,0.477
2.675,2.757
2.72,0.016
2.269,-0.534
2.398,0.034
2.293,1.248
2.297,0.253
2.171,-0.686
2.264,2.47
2.181,0.495
2.142,2.297
1.963,0.929
1.92,0.911
1.92,2.765
1.983,2.14
1.832,0.08
1.827,0.065
1.96,-0.375
1.803,0.782
1.911,2.871
1.897,1.73
1.762,-0.581
1.878,1.635
1.861,1.807
1.873,0.02
1.773,0.171
1.664,1.272
1.594,2.037
1.671,-1.024
1.66,1.359
1.538,2.918
1.491,0.988
1.602,-0.739
1.524,0.791
1.462,0.511
1.275,2.583
1.31,-0.908
1.279,2.296
1.145,-0.442
1.242,0.257
1.13,1.698
1.203,-0.725
1.03,1.277
0.99,-0.865
1.108,1.766
0.972,-0.817
0.91,-0.793
0.774,1.317
0.886,0.348
0.763,-0.916
0.81,-1.068
0.806,-0.791
0.768,0.284
0.604,1.878
0.433,2.572
0.322,0.675
0.304,0.399
0.298,0.443
0.3,1.387
0.294,1.334
0.272,1.269
0.165,1.101
0.133,-0.3
0.098,1.193
0.035,-0.388
-0.007,0.409
-0.065,0.91
-0.376,0.241
-0.271,0.276
-0.542,0.354
-0.42,0.688
-0.471,0.069
-0.594,-0.921
-0.787,2.735
-0.663,0.962
-0.811,1.186
-0.821,-0.749
-0.739,2.402
-0.906,-0.222
-0.909,1.843
-0.922,2.447
-1.019,1.01
-0.928,0.603
-1.216,-1.274
-1.686,-1.043
-1.919,-1.325
-2.234,-1.381
-2.352,-1.33
-2.762,-1.126
2.886,-1.393
2.409,-1.337
2.215,-1.188
0.551,-1.002
0.351,-1.289
0.314,-1.398
0.022,-1.231
0.079,-1.206
-1.024,-1.233
-1.208,2.948
-1.28,3.05
-1.706,3.235
-2.166,3.155
2.992,3.252
2.623,2.949
2.76,2.955
2.402,2.992
2.525,3.073
2.29,3.29
2.123,3.263
2.001,2.99
1.611,3.108
1.466,3.025
1.581,3.388
1.588,3.106
1.104,3.269
0.772,3.417
0.509,3.34
0.077,3.2
-0.382,3.169
-0.488,3.215
-0.527,3.177
2.329,0.808
1.881,0.21
0.648,-0.957
0.386,0.361
0.051,1.046
3.085,1.593
1.613,2.337
-0.468,1.29
-0.489,1.089
-0.545,1.433
-0.767,-0.03
-1.475,1.934
-2.455,0.31
-2.55,0.598
-2.699,1.107
-2.434,-1.262
1.829,-0.786
1.61,3.057
-0.155,2.633
-0.243,2.866
-0.471,2.793
-0.396,2.612
0.503,2.777
0.973,3.224
1.461,-0.928
1.403,3.511
-0.446,3.278
-0.47,1.081
-0.617,0.763
-0.537,0.624
-0.605,3.183
-0.718,0.45
-0.847,2.78
-0.726,-0.493
-0.799,2.401
-0.821,0.948
-0.823,2.289
-0.884,1.917
-0.976,2.392
-1.087,2.234
-0.996,1.119
-1.195,3.083
-1.238,0.985
-1.298,0.205
-1.319,2.3
-1.469,-0.714
-1.529,1.341
-1.434,1.191
-1.544,-0.439
-1.655,1.725
-1.65,1.336
-1.964,1.973
-1.851,2.971
-1.973,1.242
-1.993,3.17
-2.052,3.08
-2.158,0.911
-2.226,1.895
-2.243,1.09
-2.477,3.221
-2.457,-0.599
-2.471,-0.393
-2.698,2.97
-2.608,-0.139
-2.806,-0.515
-2.966,1.456
-2.963,0.671
-2.903,0.452
-2.915,-0.697
-2.964,2.107
-2.992,0.403
-3.137,0.816
-3.135,3.096
-3.09,0.355
2.742,-0.195
2.871,0.373
2.766,1.587
2.77,0.592
2.644,-0.347
2.737,2.809
2.654,0.834
2.615,2.636
2.436,1.268
2.393,1.25
2.393,3.104
2.456,2.479
2.305,0.419
2.3,0.404
2.433,-0.036
2.276,1.121
2.384,3.21
2.37,2.069
2.235,-0.242
2.351,1.974
2.334,2.146
2.346,0.359
2.246,0.51
2.137,1.611
2.067,2.376
2.144,-0.685
2.133,1.698
2.011,3.257
1.964,1.327
2.075,-0.4
1.997,1.13
1.935,0.85
1.748,2.922
1.783,-0.569
1.752,2.635
1.618,-0.103
1.715,0.596
1.603,2.037
1.676,-0.386
1.503,1.616
1.463,-0.526
1.581,2.105
1.445,-0.478
1.383,-0.454
1.247,1.656
1.359,0.687
1.236,-0.577
1.283,-0.729
1.279,-0.452
1.241,0.623
1.077,2.217
0.906,2.911
0.795,1.014
0.777,0.738
0.771,0.782
0.773,1.726
0.767,1.673
0.745,1.608
0.638,1.44
0.606,0.039
0.571,1.532
0.508,-0.049
0.466,0.748
0.408,1.249
0.097,0.58
0.202,0.615
-0.069,0.693
0.053,1.027
0.002,0.408
-0.121,-0.582
-0.314,3.074
-0.19,1.301
-0.338,1.525
-0.348,-0.41
-0.266,2.741
-0.433,0.117
-0.436,2.182
-0.449,2.786
-0.546,1.349
-0.455,0.942
-0.743,-0.935
-1.213,-0.704
-1.446,-0.986
-1.761,-1.042
-1.879,-0.991
-2.289,-0.787
-2.924,-1.054
2.882,-0.998
2.688,-0.849
1.024,-0.663
0.824,-0.95
0.787,-1.059
0.495,-0.892
0.552,-0.867
-0.551,-0.894
-0.735,3.287
-0.807,3.389
-1.233,3.574
-1.693,3.494
-2.818,3.591
3.096,3.288
-3.05,3.294
2.875,3.331
2.998,3.412
2.763,3.629
2.596,3.602
2.474,3.329
2.084,3.447
1.939,3.364
2.054,3.727
2.061,3.445
1.577,3.608
1.245,3.756
0.982,3.679
0.55,3.539
0.091,3.508
-0.015,3.554
-0.054,3.516
2.802,1.147
2.354,0.549
1.121,-0.618
0.859,0.7
0.524,1.385
-2.725,1.932
2.086,2.676
0.005,1.629
-0.016,1.428
-0.072,1.772
-0.294,0.309
-1.002,2.273
-1.982,0.649
-2.077,0.937
-2.226,1.446
-1.961,-0.923
2.302,-0.447
2.083,3.396
0.318,2.972
0.23,3.205
0.002,3.132
0.077,2.951
0.976,3.116
1.446,3.563
-0.058,4.439
-1.907,4.206
-1.931,2.009
-2.078,1.691
-1.998,1.552
-2.066,4.111
-2.179,1.378
-2.308,3.708
-2.187,0.435
-2.26,3.329
-2.282,1.876
-2.284,3.217
-2.345,2.845
-2.437,3.32
-2.548,3.162
-2.457,2.047
-2.656,4.011
-2.699,1.913
-2.759,1.133
-2.78,3.228
-2.93,0.214
-2.99,2.269
-2.895,2.119
-3.005,0.489
-3.116,2.653
-3.111,2.264
2.858,2.901
2.971,3.899
2.849,2.17
2.829,4.098
2.77,4.008
2.664,1.839
2.596,2.823
2.579,2.018
2.345,4.149
2.365,0.329
2.351,0.535
2.124,3.898
2.214,0.789
2.016,0.413
1.856,2.384
1.859,1.599
1.919,1.38
1.907,0.231
1.858,3.035
1.83,1.331
1.685,1.744
1.687,4.024
1.732,1.283
1.281,0.733
1.41,1.301
1.305,2.515
1.309,1.52
1.183,0.581
1.276,3.737
1.193,1.762
1.154,3.564
0.975,2.196
0.932,2.178
0.932,4.032
0.995,3.407
0.844,1.347
0.839,1.332
0.972,0.892
0.815,2.049
0.923,4.138
0.909,2.997
0.774,0.686
0.89,2.902
0.873,3.074
0.885,1.287
0.785,1.438
0.676,2.539
0.606,3.304
0.683,0.243
0.672,2.626
0.55,4.185
0.503,2.255
0.614,0.528
0.536,2.058
0.474,1.778
0.287,3.85
0.322,0.359
0.291,3.563
0.157,0.825
0.254,1.524
0.142,2.965
0.215,0.542
0.042,2.544
0.002,0.402
0.12,3.033
-0.016,0.45
-0.078,0.474
-0.214,2.584
-0.102,1.615
-0.225,0.351
-0.178,0.199
-0.182,0.476
-0.22,1.551
-0.384,3.145
-0.555,3.839
-0.666,1.942
-0.684,1.666
-0.69,1.71
-0.688,2.654
-0.694,2.601
-0.716,2.536
-0.823,2.368
-0.855,0.967
-0.89,2.46
-0.953,0.879
-0.995,1.676
-1.053,2.177
-1.364,1.508
-1.259,1.543
-1.53,1.621
-1.408,1.955
-1.459,1.336
-1.582,0.346
-1.775,4.002
-1.651,2.229
-1.799,2.453
-1.809,0.518
-1.727,3.669
-1.894,1.045
-1.897,3.11
-1.91,3.714
-2.007,2.277
-1.916,1.87
-2.204,-0.007
-2.674,0.224
-2.907,-0.058
3.061,-0.114
2.943,-0.063
2.533,0.141
1.898,-0.126
1.421,-0.07
1.227,0.079
-0.437,0.265
-0.637,-0.022
-0.674,-0.131
-0.966,0.036
-0.909,0.061
-2.012,0.034
-2.196,4.215
-2.268,4.317
-2.694,4.502
3.129,4.422
2.004,4.519
1.635,4.216
1.772,4.222
1.414,4.259
1.537,4.34
1.302,4.557
1.135,4.53
1.013,4.257
0.623,4.375
0.478,4.292
0.593,4.655
0.6,4.373
0.116,4.536
-0.216,4.684
-0.479,4.607
-0.911,4.467
-1.37,4.436
-1.476,4.482
-1.515,4.444
1.341,2.075
0.893,1.477
-0.34,0.31
-0.602,1.628
-0.937,2.313
2.097,2.86
0.625,3.604
-1.456,2.557
-1.477,2.356
-1.533,2.7
-1.755,1.237
-2.463,3.201
2.84,1.577
2.745,1.865
2.596,2.374
2.861,0.005
0.841,0.481
0.622,4.324
-1.143,3.9
-1.231,4.133
-1.459,4.06
-1.384,3.879
-0.485,4.044
-0.015,4.491
-1.849,-0.233
-1.873,-2.43
-2.02,-2.748
-1.94,-2.887
-2.008,-0.328
-2.121,-3.061
-2.25,-0.731
-2.129,-4.004
-2.202,-1.11
-2.224,-2.563
-2.226,-1.222
-2.287,-1.594
-2.379,-1.119
-2.49,-1.277
-2.399,-2.392
-2.598,-0.428
-2.641,-2.526
-2.701,-3.306
-2.722,-1.211
-2.872,-4.225
-2.932,-2.17
-2.837,-2.32
-2.947,-3.95
-3.058,-1.786
-3.053,-2.175
2.916,-1.538
3.029,-0.54
2.907,-2.269
2.887,-0.341
2.828,-0.431
2.722,-2.6
2.654,-1.616
2.637,-2.421
2.403,-0.29
2.423,-4.11
2.409,-3.904
2.182,-0.541
2.272,-3.65
2.074,-4.026
1.914,-2.055
1.917,-2.84
1.977,-3.059
1.965,-4.208
1.916,-1.404
1.888,-3.108
1.743,-2.695
1.745,-0.415
1.79,-3.156
1.339,-3.706
1.468,-3.138
1.363,-1.924
1.367,-2.919
1.241,-3.858
1.334,-0.702
1.251,-2.677
1.212,-0.875
1.033,-2.243
0.99,-2.261
0.99,-0.407
1.053,-1.032
0.902,-3.092
0.897,-3.107
1.03,-3.547
0.873,-2.39
0.981,-0.301
0.967,-1.442
0.832,-3.753
0.948,-1.537
0.931,-1.365
0.943,-3.152
0.843,-3.001
0.734,-1.9
0.664,-1.135
0.741,-4.196
0.73,-1.813
0.608,-0.254
0.561,-2.184
0.672,-3.911
0.594,-2.381
0.532,-2.661
0.345,-0.589
0.38,-4.08
0.349,-0.876
0.215,-3.614
0.312,-2.915
0.2,-1.474
0.273,-3.897
0.1,-1.895
0.06,-4.037
0.178,-1.406
0.042,-3.989
-0.02,-3.965
-0.156,-1.855
-0.044,-2.824
-0.167,-4.088
-0.12,-4.24
-0.124,-3.963
-0.162,-2.888
-0.326,-1.294
-0.497,-0.6
-0.608,-2.497
-0.626,-2.773
-0.632,-2.729
-0.63,-1.785
-0.636,-1.838
-0.658,-1.903
-0.765,-2.071
-0.797,-3.472
-0.832,-1.979
-0.895,-3.56
-0.937,-2.763
-0.995,-2.262
-1.306,-2.931
-1.201,-2.896
-1.472,-2.818
-1.35,-2.484
-1.401,-3.103
-1.524,-4.093
-1.717,-0.437
-1.593,-2.21
-1.741,-1.986
-1.751,-3.921
-1.669,-0.77
-1.836,-3.394
-1.839,-1.329
-1.852,-0.725
-1.949,-2.162
-1.858,-2.569
-2.146,-4.446
-2.616,-4.215
-2.849,-4.497
3.119,-4.553
3.001,-4.502
2.591,-4.298
1.956,-4.565
1.479,-4.509
1.285,-4.36
-0.379,-4.174
-0.579,-4.461
-0.616,-4.57
-0.908,-4.403
-0.851,-4.378
-1.954,-4.405
-2.138,-0.224
-2.21,-0.122
-2.636,0.063
-3.096,-0.017
2.062,0.08
1.693,-0.223
1.83,-0.217
1.472,-0.18
1.595,-0.099
1.36,0.118
1.193,0.091
1.071,-0.182
0.681,-0.064
0.536,-0.147
0.651,0.216
0.658,-0.066
0.174,0.097
-0.158,0.245
-0.421,0.168
-0.853,0.028
-1.312,-0.003
-1.418,0.043
-1.457,0.005
1.399,-2.364
0.951,-2.962
-0.282,-4.129
-0.544,-2.811
-0.879,-2.126
2.155,-1.579
0.683,-0.835
-1.398,-1.882
-1.419,-2.083
-1.475,-1.739
-1.697,-3.202
-2.405,-1.238
2.898,-2.862
2.803,-2.574
2.654,-2.065
2.919,-4.434
0.899,-3.958
0.68,-0.115
-1.085,-0.539
-1.173,-0.306
-1.401,-0.379
-1.326,-0.56
-0.427,-0.395
0.043,0.052
-0.024,-2.197
-0.171,-2.515
-0.091,-2.654
-0.159,-0.095
-0.272,-2.828
-0.401,-0.498
-0.28,-3.771
-0.353,-0.877
-0.375,-2.33
-0.377,-0.989
-0.438,-1.361
-0.53,-0.886
-0.641,-1.044
-0.55,-2.159
-0.749,-0.195
-0.792,-2.293
-0.852,-3.073
-0.873,-0.978
-1.023,-3.992
-1.083,-1.937
-0.988,-2.087
-1.098,-3.717
-1.209,-1.553
-1.204,-1.942
-1.518,-1.305
-1.405,-0.307
-1.527,-2.036
-1.547,-0.108
-1.606,-0.198
-1.712,-2.367
-1.78,-1.383
-1.797,-2.188
-2.031,-0.057
-2.011,-3.877
-2.025,-3.671
-2.252,-0.308
-2.162,-3.417
-2.36,-3.793
-2.52,-1.822
-2.517,-2.607
-2.457,-2.826
-2.469,-3.975
-2.518,-1.171
-2.546,-2.875
-2.691,-2.462
-2.689,-0.182
-2.644,-2.923
-3.095,-3.473
-2.966,-2.905
-3.071,-1.691
-3.067,-2.686
3.09,-3.625
-3.1,-0.469
3.1,-2.444
3.061,-0.642
2.882,-2.01
2.839,-2.028
2.839,-0.174
2.902,-0.799
2.751,-2.859
2.746,-2.874
2.879,-3.314
2.722,-2.157
2.83,-0.068
2.816,-1.209
2.681,-3.52
2.797,-1.304
2.78,-1.132
2.792,-2.919
2.692,-2.768
2.583,-1.667
2.513,-0.902
2.59,-3.963
2.579,-1.58
2.457,-0.021
2.41,-1.951
2.521,-3.678
2.443,-2.148
2.381,-2.428
2.194,-0.356
2.229,-3.847
2.198,-0.643
2.064,-3.381
2.161,-2.682
2.049,-1.241
2.122,-3.664
1.949,-1.662
1.909,-3.804
2.027,-1.173
1.891,-3.756
1.829,-3.732
1.693,-1.622
1.805,-2.591
1.682,-3.855
1.729,-4.007
1.725,-3.73
1.687,-2.655
1.523,-1.061
1.352,-0.367
1.241,-2.264
1.223,-2.54
1.217,-2.496
1.219,-1.552
1.213,-1.605
1.191,-1.67
1.084,-1.838
1.052,-3.239
1.017,-1.746
0.954,-3.327
0.912,-2.53
0.854,-2.029
0.543,-2.698
0.648,-2.663
0.377,-2.585
0.499,-2.251
0.448,-2.87
0.325,-3.86
0.132,-0.204
0.256,-1.977
0.108,-1.753
0.098,-3.688
0.18,-0.537
0.013,-3.161
0.01,-1.096
-0.003,-0.492
-0.1,-1.929
-0.009,-2.336
-0.297,-4.213
-0.767,-3.982
-1.0,-4.264
-1.315,-4.32
-1.433,-4.269
-1.843,-4.065
-2.478,-4.332
-2.955,-4.276
3.134,-4.127
1.47,-3.941
1.27,-4.228
1.233,-4.337
0.941,-4.17
0.998,-4.145
-0.105,-4.172
-0.289,0.009
-0.361,0.111
-0.787,0.296
-1.247,0.216
-2.372,0.313
-2.741,0.01
-2.604,0.016
-2.962,0.053
-2.839,0.134
-3.074,0.351
3.042,0.324
2.92,0.051
2.53,0.169
2.385,0.086
2.5,0.449
2.507,0.167
2.023,0.33
1.691,0.478
1.428,0.401
0.996,0.261
0.537,0.23
0.431,0.276
0.392,0.238
-3.035,-2.131
2.8,-2.729
1.567,-3.896
1.305,-2.578
0.97,-1.893
-2.279,-1.346
2.532,-0.602
0.451,-1.649
0.43,-1.85
0.374,-1.506
0.152,-2.969
-0.556,-1.005
-1.536,-2.629
-1.631,-2.341
-1.78,-1.832
-1.515,-4.201
2.748,-3.725
2.529,0.118
0.764,-0.306
0.676,-0.073
0.448,-0.146
0.523,-0.327
1.422,-0.162
1.892,0.285
-0.147,-0.318
-0.067,-0.457
-0.135,2.102
-0.248,-0.631
-0.377,1.699
-0.256,-1.574
-0.329,1.32
-0.351,-0.133
-0.353,1.208
-0.414,0.836
-0.506,1.311
-0.617,1.153
-0.526,0.038
-0.725,2.002
-0.768,-0.096
-0.828,-0.876
-0.849,1.219
-0.999,-1.795
-1.059,0.26
-0.964,0.11
-1.074,-1.52
-1.185,0.644
-1.18,0.255
-1.494,0.892
-1.381,1.89
-1.503,0.161
-1.523,2.089
-1.582,1.999
-1.688,-0.17
-1.756,0.814
-1.773,0.009
-2.007,2.14
-1.987,-1.68
-2.001,-1.474
-2.228,1.889
-2.138,-1.22
-2.336,-1.596
-2.496,0.375
-2.493,-0.41
-2.433,-0.629
-2.445,-1.778
-2.494,1.026
-2.522,-0.678
-2.667,-0.265
-2.665,2.015
-2.62,-0.726
-3.071,-1.276
-2.942,-0.708
-3.047,0.506
-3.043,-0.489
3.114,-1.428
-3.076,1.728
3.124,-0.247
3.085,1.555
2.906,0.187
2.863,0.169
2.863,2.023
2.926,1.398
2.775,-0.662
2.77,-0.677
2.903,-1.117
2.746,0.04
2.854,2.129
2.84,0.988
2.705,-1.323
2.821,0.893
2.804,1.065
2.816,-0.722
2.716,-0.571
2.607,0.53
2.537,1.295
2.614,-1.766
2.603,0.617
2.481,2.176
2.434,0.246
2.545,-1.481
2.467,0.049
2.405,-0.231
2.218,1.841
2.253,-1.65
2.222,1.554
2.088,-1.184
2.185,-0.485
2.073,0.956
2.146,-1.467
1.973,0.535
1.933,-1.607
2.051,1.024
1.915,-1.559
1.853,-1.535
1.717,0.575
1.829,-0.394
1.706,-1.658
1.753,-1.81
1.749,-1.533
1.711,-0.458
1.547,1.136
1.376,1.83
1.265,-0.067
1.247,-0.343
1.241,-0.299
1.243,0.645
1.237,0.592
1.215,0.527
1.108,0.359
1.076,-1.042
1.041,0.451
0.978,-1.13
0.936,-0.333
0.878,0.168
0.567,-0.501
0.672,-0.466
0.401,-0.388
0.523,-0.054
0.472,-0.673
0.349,-1.663
0.156,1.993
0.28,0.22
0.132,0.444
0.122,-1.491
0.204,1.66
0.037,-0.964
0.034,1.101
0.021,1.705
-0.076,0.268
0.015,-0.139
-0.273,-2.016
-0.743,-1.785
-0.976,-2.067
-1.291,-2.123
-1.409,-2.072
-1.819,-1.868
-2.454,-2.135
-2.931,-2.079
-3.125,-1.93
1.494,-1.744
1.294,-2.031
1.257,-2.14
0.965,-1.973
1.022,-1.948
-0.081,-1.975
-0.265,2.206
-0.337,2.308
-0.763,2.493
-1.223,2.413
-2.348,2.51
-2.717,2.207
-2.58,2.213
-2.938,2.25
-2.815,2.331
-3.05,2.548
3.066,2.521
2.944,2.248
2.554,2.366
2.409,2.283
2.524,2.646
2.531,2.364
2.047,2.527
1.715,2.675
1.452,2.598
1.02,2.458
0.561,2.427
0.455,2.473
0.416,2.435
-3.011,0.066
2.824,-0.532
1.591,-1.699
1.329,-0.381
0.994,0.304
-2.255,0.851
2.556,1.595
0.475,0.548
0.454,0.347
0.398,0.691
0.176,-0.772
-0.532,1.192
-1.512,-0.432
-1.607,-0.144
-1.756,0.365
-1.491,-2.004
2.772,-1.528
2.553,2.315
0.788,1.891
0.7,2.124
0.472,2.051
0.547,1.87
1.446,2.035
1.916,2.482
0.08,-0.139
0.012,2.42
-0.101,-0.313
-0.23,2.017
-0.109,-1.256
-0.182,1.638
-0.204,0.185
-0.206,1.526
-0.267,1.154
-0.359,1.629
-0.47,1.471
-0.379,0.356
-0.578,2.32
-0.621,0.222
-0.681,-0.558
-0.702,1.537
-0.852,-1.477
-0.912,0.578
-0.817,0.428
-0.927,-1.202
-1.038,0.962
-1.033,0.573
-1.347,1.21
-1.234,2.208
-1.356,0.479
-1.376,2.407
-1.435,2.317
-1.541,0.148
-1.609,1.132
-1.626,0.327
-1.86,2.458
-1.84,-1.362
-1.854,-1.156
-2.081,2.207
-1.991,-0.902
-2.189,-1.278
-2.349,0.693
-2.346,-0.092
-2.286,-0.311
-2.298,-1.46
-2.347,1.344
-2.375,-0.36
-2.52,0.053
-2.518,2.333
-2.473,-0.408
-2.924,-0.958
-2.795,-0.39
-2.9,0.824
-2.896,-0.171
-3.022,-1.11
-2.929,2.046
-3.012,0.071
-3.051,1.873
3.053,0.505
3.01,0.487
3.01,2.341
3.073,1.716
2.922,-0.344
2.917,-0.359
3.05,-0.799
2.893,0.358
3.001,2.447
2.987,1.306
2.852,-1.005
2.968,1.211
2.951,1.383
2.963,-0.404
2.863,-0.253
2.754,0.848
2.684,1.613
2.761,-1.448
2.75,0.935
2.628,2.494
2.581,0.564
2.692,-1.163
2.614,0.367
2.552,0.087
2.365,2.159
2.4,-1.332
2.369,1.872
2.235,-0.866
2.332,-0.167
2.22,1.274
2.293,-1.149
2.12,0.853
2.08,-1.289
2.198,1.342
2.062,-1.241
2.0,-1.217
1.864,0.893
1.976,-0.076
1.853,-1.34
1.9,-1.492
1.896,-1.215
1.858,-0.14
1.694,1.454
1.523,2.148
1.412,0.251
1.394,-0.025
1.388,0.019
1.39,0.963
1.384,0.91
1.362,0.845
1.255,0.677
1.223,-0.724
1.188,0.769
1.125,-0.812
1.083,-0.015
1.025,0.486
0.714,-0.183
0.819,-0.148
0.548,-0.07
0.67,0.264
0.619,-0.355
0.496,-1.345
0.303,2.311
0.427,0.538
0.279,0.762
0.269,-1.173
0.351,1.978
0.184,-0.646
0.181,1.419
0.168,2.023
0.071,0.586
0.162,0.179
-0.126,-1.698
-0.596,-1.467
-0.829,-1.749
-1.144,-1.805
-1.262,-1.754
-1.672,-1.55
-2.307,-1.817
-2.784,-1.761
-2.978,-1.612
1.641,-1.426
1.441,-1.713
1.404,-1.822
1.112,-1.655
1.169,-1.63
0.066,-1.657
-0.118,2.524
-0.19,2.626
-0.616,2.811
-1.076,2.731
-2.201,2.828
-2.57,2.525
-2.433,2.531
-2.791,2.568
-2.668,2.649
-2.903,2.866
-3.07,2.839
3.091,2.566
2.701,2.684
2.556,2.601
2.671,2.964
2.678,2.682
2.194,2.845
1.862,2.993
1.599,2.916
1.167,2.776
0.708,2.745
0.602,2.791
0.563,2.753
-2.864,0.384
2.971,-0.214
1.738,-1.381
1.476,-0.063
1.141,0.622
-2.108,1.169
2.703,1.913
0.622,0.866
0.601,0.665
0.545,1.009
0.323,-0.454
-0.385,1.51
-1.365,-0.114
-1.46,0.174
-1.609,0.683
-1.344,-1.686
2.919,-1.21
2.7,2.633
0.935,2.209
0.847,2.442
0.619,2.369
0.694,2.188
1.593,2.353
2.063,2.8
-0.068,2.559
-0.181,-0.174
-0.31,2.156
-0.189,-1.117
-0.262,1.777
-0.284,0.324
-0.286,1.665
-0.347,1.293
-0.439,1.768
-0.55,1.61
-0.459,0.495
-0.658,2.459
-0.701,0.361
-0.761,-0.419
-0.782,1.676
-0.932,-1.338
-0.992,0.717
-0.897,0.567
-1.007,-1.063
-1.118,1.101
-1.113,0.712
-1.427,1.349
-1.314,2.347
-1.436,0.618
-1.456,2.546
-1.515,2.456
-1.621,0.287
-1.689,1.271
-1.706,0.466
-1.94,2.597
-1.92,-1.223
-1.934,-1.017
-2.161,2.346
-2.071,-0.763
-2.269,-1.139
-2.429,0.832
-2.426,0.047
-2.366,-0.172
-2.378,-1.321
-2.427,1.483
-2.455,-0.221
-2.6,0.192
-2.598,2.472
-2.553,-0.269
-3.004,-0.819
-2.875,-0.251
-2.98,0.963
-2.976,-0.032
-3.102,-0.971
-3.009,2.185
-3.092,0.21
-3.131,2.012
2.973,0.644
2.93,0.626
2.93,2.48
2.993,1.855
2.842,-0.205
2.837,-0.22
2.97,-0.66
2.813,0.497
2.921,2.586
2.907,1.445
2.772,-0.866
2.888,1.35
2.871,1.522
2.883,-0.265
2.783,-0.114
2.674,0.987
2.604,1.752
2.681,-1.309
2.67,1.074
2.548,2.633
2.501,0.703
2.612,-1.024
2.534,0.506
2.472,0.226
2.285,2.298
2.32,-1.193
2.289,2.011
2.155,-0.727
2.252,-0.028
2.14,1.413
2.213,-1.01
2.04,0.992
2.0,-1.15
2.118,1.481
1.982,-1.102
1.92,-1.078
1.784,1.032
1.896,0.063
1.773,-1.201
1.82,-1.353
1.816,-1.076
1.778,-0.001
1.614,1.593
1.443,2.287
1.332,0.39
1.314,0.114
1.308,0.158
1.31,1.102
1.304,1.049
1.282,0.984
1.175,0.816
1.143,-0.585
1.108,0.908
1.045,-0.673
1.003,0.124
0.945,0.625
0.634,-0.044
0.739,-0.009
0.468,0.069
0.59,0.403
0.539,-0.216
0.416,-1.206
0.223,2.45
0.347,0.677
0.199,0.901
0.189,-1.034
0.271,2.117
0.104,-0.507
0.101,1.558
0.088,2.162
-0.009,0.725
0.082,0.318
-0.206,-1.559
-0.676,-1.328
-0.909,-1.61
-1.224,-1.666
-1.342,-1.615
-1.752,-1.411
-2.387,-1.678
-2.864,-1.622
-3.058,-1.473
1.561,-1.287
1.361,-1.574
1.324,-1.683
1.032,-1.516
1.089,-1.491
-0.014,-1.518
-0.198,2.663
-0.27,2.765
-0.696,2.95
-1.156,2.87
-2.281,2.967
-2.65,2.664
-2.513,2.67
-2.871,2.707
-2.748,2.788
-2.983,3.005
3.133,2.978
3.011,2.705
2.621,2.823
2.476,2.74
2.591,3.103
2.598,2.821
2.114,2.984
1.782,3.132
1.519,3.055
1.087,2.915
0.628,2.884
0.522,2.93
0.483,2.892
-2.944,0.523
2.891,-0.075
1.658,-1.242
1.396,0.076
1.061,0.761
-2.188,1.308
2.623,2.052
0.542,1.005
0.521,0.804
0.465,1.148
0.243,-0.315
-0.465,1.649
-1.445,0.025
-1.54,0.313
-1.689,0.822
-1.424,-1.547
2.839,-1.071
2.62,2.772
0.855,2.348
0.767,2.581
0.539,2.508
0.614,2.327
1.513,2.492
1.983,2.939
-0.113,-2.733
-0.242,-0.403
-0.121,-3.676
-0.194,-0.782
-0.216,-2.235
-0.218,-0.894
-0.279,-1.266
-0.371,-0.791
-0.482,-0.949
-0.391,-2.064
-0.59,-0.1
-0.633,-2.198
-0.693,-2.978
-0.714,-0.883
-0.864,-3.897
-0.924,-1.842
-0.829,-1.992
-0.939,-3.622
-1.05,-1.458
-1.045,-1.847
-1.359,-1.21
-1.246,-0.212
-1.368,-1.941
-1.388,-0.013
-1.447,-0.103
-1.553,-2.272
-1.621,-1.288
-1.638,-2.093
-1.872,0.038
-1.852,-3.782
-1.866,-3.576
-2.093,-0.213
-2.003,-3.322
-2.201,-3.698
-2.361,-1.727
-2.358,-2.512
-2.298,-2.731
-2.31,-3.88
-2.359,-1.076
-2.387,-2.78
-2.532,-2.367
-2.53,-0.087
-2.485,-2.828
-2.936,-3.378
-2.807,-2.81
-2.912,-1.596
-2.908,-2.591
-3.034,-3.53
-2.941,-0.374
-3.024,-2.349
-3.063,-0.547
3.041,-1.915
2.998,-1.933
2.998,-0.079
3.061,-0.704
2.91,-2.764
2.905,-2.779
3.038,-3.219
2.881,-2.062
2.989,0.027
2.975,-1.114
2.84,-3.425
2.956,-1.209
2.939,-1.037
2.951,-2.824
2.851,-2.673
2.742,-1.572
2.672,-0.807
2.749,-3.868
2.738,-1.485
2.616,0.074
2.569,-1.856
2.68,-3.583
2.602,-2.053
2.54,-2.333
2.353,-0.261
2.388,-3.752
2.357,-0.548
2.223,-3.286
2.32,-2.587
2.208,-1.146
2.281,-3.569
2.108,-1.567
2.068,-3.709
2.186,-1.078
2.05,-3.661
1.988,-3.637
1.852,-1.527
1.964,-2.496
1.841,-3.76
1.888,-3.912
1.884,-3.635
1.846,-2.56
1.682,-0.966
1.511,-0.272
1.4,-2.169
1.382,-2.445
1.376,-2.401
1.378,-1.457
1.372,-1.51
1.35,-1.575
1.243,-1.743
1.211,-3.144
1.176,-1.651
1.113,-3.232
1.071,-2.435
1.013,-1.934
0.702,-2.603
0.807,-2.568
0.536,-2.49
0.658,-2.156
0.607,-2.775
0.484,-3.765
0.291,-0.109
0.415,-1.882
0.267,-1.658
0.257,-3.593
0.339,-0.442
0.172,-3.066
0.169,-1.001
0.156,-0.397
0.059,-1.834
0.15,-2.241
-0.138,-4.118
-0.608,-3.887
-0.841,-4.169
-1.156,-4.225
-1.274,-4.174
-1.684,-3.97
-2.319,-4.237
-2.796,-4.181
-2.99,-4.032
1.629,-3.846
1.429,-4.133
1.392,-4.242
1.1,-4.075
1.157,-4.05
0.054,-4.077
-0.13,0.104
-0.202,0.206
-0.628,0.391
-1.088,0.311
-2.213,0.408
-2.582,0.105
-2.445,0.111
-2.803,0.148
-2.68,0.229
-2.915,0.446
-3.082,0.419
3.079,0.146
2.689,0.264
2.544,0.181
2.659,0.544
2.666,0.262
2.182,0.425
1.85,0.573
1.587,0.496
1.155,0.356
0.696,0.325
0.59,0.371
0.551,0.333
-2.876,-2.036
2.959,-2.634
1.726,-3.801
1.464,-2.483
1.129,-1.798
-2.12,-1.251
2.691,-0.507
0.61,-1.554
0.589,-1.755
0.533,-1.411
0.311,-2.874
-0.397,-0.91
-1.377,-2.534
-1.472,-2.246
-1.621,-1.737
-1.356,-4.106
2.907,-3.63
2.688,0.213
0.923,-0.211
0.835,0.022
0.607,-0.051
0.682,-0.232
1.581,-0.067
2.051,0.38
-0.129,2.33
-0.008,-0.943
-0.081,1.951
-0.103,0.498
-0.105,1.839
-0.166,1.467
-0.258,1.942
-0.369,1.784
-0.278,0.669
-0.477,2.633
-0.52,0.535
-0.58,-0.245
-0.601,1.85
-0.751,-1.164
-0.811,0.891
-0.716,0.741
-0.826,-0.889
-0.937,1.275
-0.932,0.886
-1.246,1.523
-1.133,2.521
-1.255,0.792
-1.275,2.72
-1.334,2.63
-1.44,0.461
-1.508,1.445
-1.525,0.64
-1.759,2.771
-1.739,-1.049
-1.753,-0.843
-1.98,2.52
-1.89,-0.589
-2.088,-0.965
-2.248,1.006
-2.245,0.221
-2.185,0.002
-2.197,-1.147
-2.246,1.657
-2.274,-0.047
-2.419,0.366
-2.417,2.646
-2.372,-0.095
-2.823,-0.645
-2.694,-0.077
-2.799,1.137
-2.795,0.142
-2.921,-0.797
-2.828,2.359
-2.911,0.384
-2.95,2.186
-3.129,0.818
3.111,0.8
3.111,2.654
-3.109,2.029
3.023,-0.031
3.018,-0.046
-3.132,-0.486
2.994,0.671
3.102,2.76
3.088,1.619
2.953,-0.692
3.069,1.524
3.052,1.696
3.064,-0.091
2.964,0.06
2.855,1.161
2.785,1.926
2.862,-1.135
2.851,1.248
2.729,2.807
2.682,0.877
2.793,-0.85
2.715,0.68
2.653,0.4
2.466,2.472
2.501,-1.019
2.47,2.185
2.336,-0.553
2.433,0.146
2.321,1.587
2.394,-0.836
2.221,1.166
2.181,-0.976
2.299,1.655
2.163,-0.928
2.101,-0.904
1.965,1.206
2.077,0.237
1.954,-1.027
2.001,-1.179
1.997,-0.902
1.959,0.173
1.795,1.767
1.624,2.461
1.513,0.564
1.495,0.288
1.489,0.332
1.491,1.276
1.485,1.223
1.463,1.158
1.356,0.99
1.324,-0.411
1.289,1.082
1.226,-0.499
1.184,0.298
1.126,0.799
0.815,0.13
0.92,0.165
0.649,0.243
0.771,0.577
0.72,-0.042
0.597,-1.032
0.404,2.624
0.528,0.851
0.38,1.075
0.37,-0.86
0.452,2.291
0.285,-0.333
0.282,1.732
0.269,2.336
0.172,0.899
0.263,0.492
-0.025,-1.385
-0.495,-1.154
-0.728,-1.436
-1.043,-1.492
-1.161,-1.441
-1.571,-1.237
-2.206,-1.504
-2.683,-1.448
-2.877,-1.299
1.742,-1.113
1.542,-1.4
1.505,-1.509
1.213,-1.342
1.27,-1.317
0.167,-1.344
-0.017,2.837
-0.089,2.939
-0.515,3.124
-0.975,3.044
-2.1,3.141
-2.469,2.838
-2.332,2.844
-2.69,2.881
-2.567,2.962
-2.802,3.179
-2.969,3.152
-3.091,2.879
2.802,2.997
2.657,2.914
2.772,3.277
2.779,2.995
2.295,3.158
1.963,3.306
1.7,3.229
1.268,3.089
0.809,3.058
0.703,3.104
0.664,3.066
-2.763,0.697
3.072,0.099
1.839,-1.068
1.577,0.25
1.242,0.935
-2.007,1.482
2.804,2.226
0.723,1.179
0.702,0.978
0.646,1.322
0.424,-0.141
-0.284,1.823
-1.264,0.199
-1.359,0.487
-1.508,0.996
-1.243,-1.373
3.02,-0.897
2.801,2.946
1.036,2.522
0.948,2.755
0.72,2.682
0.795,2.501
1.694,2.666
2.164,3.113
0.121,-3.273
0.048,-0.379
0.026,-1.832
0.024,-0.491
-0.037,-0.863
-0.129,-0.388
-0.24,-0.546
-0.149,-1.661
-0.348,0.303
-0.391,-1.795
-0.451,-2.575
-0.472,-0.48
-0.622,-3.494
-0.682,-1.439
-0.587,-1.589
-0.697,-3.219
-0.808,-1.055
-0.803,-1.444
-1.117,-0.807
-1.004,0.191
-1.126,-1.538
-1.146,0.39
-1.205,0.3
-1.311,-1.869
-1.379,-0.885
-1.396,-1.69
-1.63,0.441
-1.61,-3.379
-1.624,-3.173
-1.851,0.19
-1.761,-2.919
-1.959,-3.295
-2.119,-1.324
-2.116,-2.109
-2.056,-2.328
-2.068,-3.477
-2.117,-0.673
-2.145,-2.377
-2.29,-1.964
-2.288,0.316
-2.243,-2.425
-2.694,-2.975
-2.565,-2.407
-2.67,-1.193
-2.666,-2.188
-2.792,-3.127
-2.699,0.029
-2.782,-1.946
-2.821,-0.144
-3.0,-1.512
-3.043,-1.53
-3.043,0.324
-2.98,-0.301
-3.131,-2.361
-3.136,-2.376
-3.003,-2.816
3.123,-1.659
-3.052,0.43
-3.066,-0.711
3.082,-3.022
-3.085,-0.806
-3.102,-0.634
-3.09,-2.421
3.093,-2.27
2.984,-1.169
2.914,-0.404
2.991,-3.465
2.98,-1.082
2.858,0.477
2.811,-1.453
2.922,-3.18
2.844,-1.65
2.782,-1.93
2.595,0.142
2.63,-3.349
2.599,-0.145
2.465,-2.883
2.562,-2.184
2.45,-0.743
2.523,-3.166
2.35,-1.164
2.31,-3.306
2.428,-0.675
2.292,-3.258
2.23,-3.234
2.094,-1.124
2.206,-2.093
2.083,-3.357
2.13,-3.509
2.126,-3.232
2.088,-2.157
1.924,-0.563
1.753,0.131
1.642,-1.766
1.624,-2.042
1.618,-1.998
1.62,-1.054
1.614,-1.107
1.592,-1.172
1.485,-1.34
1.453,-2.741
1.418,-1.248
1.355,-2.829
1.313,-2.032
1.255,-1.531
0.944,-2.2
1.049,-2.165
0.778,-2.087
0.9,-1.753
0.849,-2.372
0.726,-3.362
0.533,0.294
0.657,-1.479
0.509,-1.255
0.499,-3.19
0.581,-0.039
0.414,-2.663
0.411,-0.598
0.398,0.006
0.301,-1.431
0.392,-1.838
0.104,-3.715
-0.366,-3.484
-0.599,-3.766
-0.914,-3.822
-1.032,-3.771
-1.442,-3.567
-2.077,-3.834
-2.554,-3.778
-2.748,-3.629
1.871,-3.443
1.671,-3.73
1.634,-3.839
1.342,-3.672
1.399,-3.647
0.296,-3.674
0.112,0.507
0.04,0.609
-0.386,0.794
-0.846,0.714
-1.971,0.811
-2.34,0.508
-2.203,0.514
-2.561,0.551
-2.438,0.632
-2.673,0.849
-2.84,0.822
-2.962,0.549
2.931,0.667
2.786,0.584
2.901,0.947
2.908,0.665
2.424,0.828
2.092,0.976
1.829,0.899
1.397,0.759
0.938,0.728
0.832,0.774
0.793,0.736
-2.634,-1.633
-3.082,-2.231
1.968,-3.398
1.706,-2.08
1.371,-1.395
-1.878,-0.848
2.933,-0.104
0.852,-1.151
0.831,-1.352
0.775,-1.008
0.553,-2.471
-0.155,-0.507
-1.135,-2.131
-1.23,-1.843
-1.379,-1.334
-1.114,-3.703
-3.134,-3.227
2.93,0.616
1.165,0.192
1.077,0.425
0.849,0.352
0.924,0.171
1.823,0.336
2.293,0.783
-0.073,2.894
-0.095,1.441
-0.097,2.782
-0.158,2.41
-0.25,2.885
-0.361,2.727
-0.27,1.612
-0.469,3.576
-0.512,1.478
-0.572,0.698
-0.593,2.793
-0.743,-0.221
-0.803,1.834
-0.708,1.684
-0.818,0.054
-0.929,2.218
-0.924,1.829
-1.238,2.466
-1.125,3.464
-1.247,1.735
-1.267,3.663
-1.326,3.573
-1.432,1.404
-1.5,2.388
-1.517,1.583
-1.751,3.714
-1.731,-0.106
-1.745,0.1
-1.972,3.463
-1.882,0.354
-2.08,-0.022
-2.24,1.949
-2.237,1.164
-2.177,0.945
-2.189,-0.204
-2.238,2.6
-2.266,0.896
-2.411,1.309
-2.409,3.589
-2.364,0.848
-2.815,0.298
-2.686,0.866
-2.791,2.08
-2.787,1.085
-2.913,0.146
-2.82,3.302
-2.903,1.327
-2.942,3.129
-3.121,1.761
3.119,1.743
3.119,3.597
-3.101,2.972
3.031,0.912
3.026,0.897
-3.124,0.457
3.002,1.614
3.11,3.703
3.096,2.562
2.961,0.251
3.077,2.467
3.06,2.639
3.072,0.852
2.972,1.003
2.863,2.104
2.793,2.869
2.87,-0.192
2.859,2.191
2.737,3.75
2.69,1.82
2.801,0.093
2.723,1.623
2.661,1.343
2.474,3.415
2.509,-0.076
2.478,3.128
2.344,0.39
2.441,1.089
2.329,2.53
2.402,0.107
2.229,2.109
2.189,-0.033
2.307,2.598
2.171,0.015
2.109,0.039
1.973,2.149
2.085,1.18
1.962,-0.084
2.009,-0.236
2.005,0.041
1.967,1.116
1.803,2.71
1.632,3.404
1.521,1.507
1.503,1.231
1.497,1.275
1.499,2.219
1.493,2.166
1.471,2.101
1.364,1.933
1.332,0.532
1.297,2.025
1.234,0.444
1.192,1.241
1.134,1.742
0.823,1.073
0.928,1.108
0.657,1.186
0.779,1.52
0.728,0.901
0.605,-0.089
0.412,3.567
0.536,1.794
0.388,2.018
0.378,0.083
0.46,3.234
0.293,0.61
0.29,2.675
0.277,3.279
0.18,1.842
0.271,1.435
-0.017,-0.442
-0.487,-0.211
-0.72,-0.493
-1.035,-0.549
-1.153,-0.498
-1.563,-0.294
-2.198,-0.561
-2.675,-0.505
-2.869,-0.356
1.75,-0.17
1.55,-0.457
1.513,-0.566
1.221,-0.399
1.278,-0.374
0.175,-0.401
-0.009,3.78
-0.081,3.882
-0.507,4.067
-0.967,3.987
-2.092,4.084
-2.461,3.781
-2.324,3.787
-2.682,3.824
-2.559,3.905
-2.794,4.122
-2.961,4.095
-3.083,3.822
2.81,3.94
2.665,3.857
2.78,4.22
2.787,3.938
2.303,4.101
1.971,4.249
1.708,4.172
1.276,4.032
0.817,4.001
0.711,4.047
0.672,4.009
-2.755,1.64
3.08,1.042
1.847,-0.125
1.585,1.193
1.25,1.878
-1.999,2.425
2.812,3.169
0.731,2.122
0.71,1.921
0.654,2.265
0.432,0.802
-0.276,2.766
-1.256,1.142
-1.351,1.43
-1.5,1.939
-1.235,-0.43
3.028,0.046
2.809,3.889
1.044,3.465
0.956,3.698
0.728,3.625
0.803,3.444
1.702,3.609
2.172,4.056
-0.022,-1.453
-0.024,-0.112
-0.085,-0.484
-0.177,-0.009
-0.288,-0.167
-0.197,-1.282
-0.396,0.682
-0.439,-1.416
-0.499,-2.196
-0.52,-0.101
-0.67,-3.115
-0.73,-1.06
-0.635,-1.21
-0.745,-2.84
-0.856,-0.676
-0.851,-1.065
-1.165,-0.428
-1.052,0.57
-1.174,-1.159
-1.194,0.769
-1.253,0.679
-1.359,-1.49
-1.427,-0.506
-1.444,-1.311
-1.678,0.82
-1.658,-3.0
-1.672,-2.794
-1.899,0.569
-1.809,-2.54
-2.007,-2.916
-2.167,-0.945
-2.164,-1.73
-2.104,-1.949
-2.116,-3.098
-2.165,-0.294
-2.193,-1.998
-2.338,-1.585
-2.336,0.695
-2.291,-2.046
-2.742,-2.596
-2.613,-2.028
-2.718,-0.814
-2.714,-1.809
-2.84,-2.748
-2.747,0.408
-2.83,-1.567
-2.869,0.235
-3.048,-1.133
-3.091,-1.151
-3.091,0.703
-3.028,0.078
3.104,-1.982
3.099,-1.997
-3.051,-2.437
3.075,-1.28
-3.1,0.809
-3.114,-0.332
3.034,-2.643
-3.133,-0.427
3.133,-0.255
-3.138,-2.042
3.045,-1.891
2.936,-0.79
2.866,-0.025
2.943,-3.086
2.932,-0.703
2.81,0.856
2.763,-1.074
2.874,-2.801
2.796,-1.271
2.734,-1.551
2.547,0.521
2.582,-2.97
2.551,0.234
2.417,-2.504
2.514,-1.805
2.402,-0.364
2.475,-2.787
2.302,-0.785
2.262,-2.927
2.38,-0.296
2.244,-2.879
2.182,-2.855
2.046,-0.745
2.158,-1.714
2.035,-2.978
2.082,-3.13
2.078,-2.853
2.04,-1.778
1.876,-0.184
1.705,0.51
1.594,-1.387
1.576,-1.663
1.57,-1.619
1.572,-0.675
1.566,-0.728
1.544,-0.793
1.437,-0.961
1.405,-2.362
1.37,-0.869
1.307,-2.45
1.265,-1.653
1.207,-1.152
0.896,-1.821
1.001,-1.786
0.73,-1.708
0.852,-1.374
0.801,-1.993
0.678,-2.983
0.485,0.673
0.609,-1.1
0.461,-0.876
0.451,-2.811
0.533,0.34
0.366,-2.284
0.363,-0.219
0.35,0.385
0.253,-1.052
0.344,-1.459
0.056,-3.336
-0.414,-3.105
-0.647,-3.387
-0.962,-3.443
-1.08,-3.392
-1.49,-3.188
-2.125,-3.455
-2.602,-3.399
-2.796,-3.25
1.823,-3.064
1.623,-3.351
1.586,-3.46
1.294,-3.293
1.351,-3.268
0.248,-3.295
0.064,0.886
-0.008,0.988
-0.434,1.173
-0.894,1.093
-2.019,1.19
-2.388,0.887
-2.251,0.893
-2.609,0.93
-2.486,1.011
-2.721,1.228
-2.888,1.201
-3.01,0.928
2.883,1.046
2.738,0.963
2.853,1.326
2.86,1.044
2.376,1.207
2.044,1.355
1.781,1.278
1.349,1.138
0.89,1.107
0.784,1.153
0.745,1.115
-2.682,-1.254
-3.13,-1.852
1.92,-3.019
1.658,-1.701
1.323,-1.016
-1.926,-0.469
2.885,0.275
0.804,-0.772
0.783,-0.973
0.727,-0.629
0.505,-2.092
-0.203,-0.128
-1.183,-1.752
-1.278,-1.464
-1.427,-0.955
-1.162,-3.324
3.101,-2.848
2.882,0.995
1.117,0.571
1.029,0.804
0.801,0.731
0.876,0.55
1.775,0.715
2.245,1.162
-0.002,1.341
-0.063,0.969
-0.155,1.444
-0.266,1.286
-0.175,0.171
-0.374,2.135
-0.417,0.037
-0.477,-0.743
-0.498,1.352
-0.648,-1.662
-0.708,0.393
-0.613,0.243
-0.723,-1.387
-0.834,0.777
-0.829,0.388
-1.143,1.025
-1.03,2.023
-1.152,0.294
-1.172,2.222
-1.231,2.132
-1.337,-0.037
-1.405,0.947
-1.422,0.142
-1.656,2.273
-1.636,-1.547
-1.65,-1.341
-1.877,2.022
-1.787,-1.087
-1.985,-1.463
-2.145,0.508
-2.142,-0.277
-2.082,-0.496
-2.094,-1.645
-2.143,1.159
-2.171,-0.545
-2.316,-0.132
-2.314,2.148
-2.269,-0.593
-2.72,-1.143
-2.591,-0.575
-2.696,0.639
-2.692,-0.356
-2.818,-1.295
-2.725,1.861
-2.808,-0.114
-2.847,1.688
-3.026,0.32
-3.069,0.302
-3.069,2.156
-3.006,1.531
3.126,-0.529
3.121,-0.544
-3.029,-0.984
3.097,0.173
-3.078,2.262
-3.092,1.121
3.056,-1.19
-3.111,1.026
-3.128,1.198
-3.116,-0.589
3.067,-0.438
2.958,0.663
2.888,1.428
2.965,-1.633
2.954,0.75
2.832,2.309
2.785,0.379
2.896,-1.348
2.818,0.182
2.756,-0.098
2.569,1.974
2.604,-1.517
2.573,1.687
2.439,-1.051
2.536,-0.352
2.424,1.089
2.497,-1.334
2.324,0.668
2.284,-1.474
2.402,1.157
2.266,-1.426
2.204,-1.402
2.068,0.708
2.18,-0.261
2.057,-1.525
2.104,-1.677
2.1,-1.4
2.062,-0.325
1.898,1.269
1.727,1.963
1.616,0.066
1.598,-0.21
1.592,-0.166
1.594,0.778
1.588,0.725
1.566,0.66
1.459,0.492
1.427,-0.909
1.392,0.584
1.329,-0.997
1.287,-0.2
1.229,0.301
0.918,-0.368
1.023,-0.333
0.752,-0.255
0.874,0.079
0.823,-0.54
0.7,-1.53
0.507,2.126
0.631,0.353
0.483,0.577
0.473,-1.358
0.555,1.793
0.388,-0.831
0.385,1.234
0.372,1.838
0.275,0.401
0.366,-0.006
0.078,-1.883
-0.392,-1.652
-0.625,-1.934
-0.94,-1.99
-1.058,-1.939
-1.468,-1.735
-2.103,-2.002
-2.58,-1.946
-2.774,-1.797
1.845,-1.611
1.645,-1.898
1.608,-2.007
1.316,-1.84
1.373,-1.815
0.27,-1.842
0.086,2.339
0.014,2.441
-0.412,2.626
-0.872,2.546
-1.997,2.643
-2.366,2.34
-2.229,2.346
-2.587,2.383
-2.464,2.464
-2.699,2.681
-2.866,2.654
-2.988,2.381
2.905,2.499
2.76,2.416
2.875,2.779
2.882,2.497
2.398,2.66
2.066,2.808
1.803,2.731
1.371,2.591
0.912,2.56
0.806,2.606
0.767,2.568
-2.66,0.199
-3.108,-0.399
1.942,-1.566
1.68,-0.248
1.345,0.437
-1.904,0.984
2.907,1.728
0.826,0.681
0.805,0.48
0.749,0.824
0.527,-0.639
-0.181,1.325
-1.161,-0.299
-1.256,-0.011
-1.405,0.498
-1.14,-1.871
3.123,-1.395
2.904,2.448
1.139,2.024
1.051,2.257
0.823,2.184
0.898,2.003
1.797,2.168
2.267,2.615
-0.061,-0.372
-0.153,0.103
-0.264,-0.055
-0.173,-1.17
-0.372,0.794
-0.415,-1.304
-0.475,-2.084
-0.496,0.011
-0.646,-3.003
-0.706,-0.948
-0.611,-1.098
-0.721,-2.728
-0.832,-0.564
-0.827,-0.953
-1.141,-0.316
-1.028,0.682
-1.15,-1.047
-1.17,0.881
-1.229,0.791
-1.335,-1.378
-1.403,-0.394
-1.42,-1.199
-1.654,0.932
-1.634,-2.888
-1.648,-2.682
-1.875,0.681
-1.785,-2.428
-1.983,-2.804
-2.143,-0.833
-2.14,-1.618
-2.08,-1.837
-2.092,-2.986
-2.141,-0.182
-2.169,-1.886
-2.314,-1.473
-2.312,0.807
-2.267,-1.934
-2.718,-2.484
-2.589,-1.916
-2.694,-0.702
-2.69,-1.697
-2.816,-2.636
-2.723,0.52
-2.806,-1.455
-2.845,0.347
-3.024,-1.021
-3.067,-1.039
-3.067,0.815
-3.004,0.19
3.128,-1.87
3.123,-1.885
-3.027,-2.325
3.099,-1.168
-3.076,0.921
-3.09,-0.22
3.058,-2.531
-3.109,-0.315
-3.126,-0.143
-3.114,-1.93
3.069,-1.779
2.96,-0.678
2.89,0.087
2.967,-2.974
2.956,-0.591
2.834,0.968
2.787,-0.962
2.898,-2.689
2.82,-1.159
2.758,-1.439
2.571,0.633
2.606,-2.858
2.575,0.346
2.441,-2.392
2.538,-1.693
2.426,-0.252
2.499,-2.675
2.326,-0.673
2.286,-2.815
2.404,-0.184
2.268,-2.767
2.206,-2.743
2.07,-0.633
2.182,-1.602
2.059,-2.866
2.106,-3.018
2.102,-2.741
2.064,-1.666
1.9,-0.072
1.729,0.622
1.618,-1.275
1.6,-1.551
1.594,-1.507
1.596,-0.563
1.59,-0.616
1.568,-0.681
1.461,-0.849
1.429,-2.25
1.394,-0.757
1.331,-2.338
1.289,-1.541
1.231,-1.04
0.92,-1.709
1.025,-1.674
0.754,-1.596
0.876,-1.262
0.825,-1.881
0.702,-2.871
0.509,0.785
0.633,-0.988
0.485,-0.764
0.475,-2.699
0.557,0.452
0.39,-2.172
0.387,-0.107
0.374,0.497
0.277,-0.94
0.368,-1.347
0.08,-3.224
-0.39,-2.993
-0.623,-3.275
-0.938,-3.331
-1.056,-3.28
-1.466,-3.076
-2.101,-3.343
-2.578,-3.287
-2.772,-3.138
1.847,-2.952
1.647,-3.239
1.61,-3.348
1.318,-3.181
1.375,-3.156
0.272,-3.183
0.088,0.998
0.016,1.1
-0.41,1.285
-0.87,1.205
-1.995,1.302
-2.364,0.999
-2.227,1.005
-2.585,1.042
-2.462,1.123
-2.697,1.34
-2.864,1.313
-2.986,1.04
2.907,1.158
2.762,1.075
2.877,1.438
2.884,1.156
2.4,1.319
2.068,1.467
1.805,1.39
1.373,1.25
0.914,1.219
0.808,1.265
0.769,1.227
-2.658,-1.142
-3.106,-1.74
1.944,-2.907
1.682,-1.589
1.347,-0.904
-1.902,-0.357
2.909,0.387
0.828,-0.66
0.807,-0.861
0.751,-0.517
0.529,-1.98
-0.179,-0.016
-1.159,-1.64
-1.254,-1.352
-1.403,-0.843
-1.138,-3.212
3.125,-2.736
2.906,1.107
1.141,0.683
1.053,0.916
0.825,0.843
0.9,0.662
1.799,0.827
2.269,1.274
-0.092,0.475
-0.203,0.317
-0.112,-0.798
-0.311,1.166
-0.354,-0.932
-0.414,-1.712
-0.435,0.383
-0.585,-2.631
-0.645,-0.576
-0.55,-0.726
-0.66,-2.356
-0.771,-0.192
-0.766,-0.581
-1.08,0.056
-0.967,1.054
-1.089,-0.675
-1.109,1.253
-1.168,1.163
-1.274,-1.006
-1.342,-0.022
-1.359,-0.827
-1.593,1.304
-1.573,-2.516
-1.587,-2.31
-1.814,1.053
-1.724,-2.056
-1.922,-2.432
-2.082,-0.461
-2.079,-1.246
-2.019,-1.465
-2.031,-2.614
-2.08,0.19
-2.108,-1.514
-2.253,-1.101
-2.251,1.179
-2.206,-1.562
-2.657,-2.112
-2.528,-1.544
-2.633,-0.33
-2.629,-1.325
-2.755,-2.264
-2.662,0.892
-2.745,-1.083
-2.784,0.719
-2.963,-0.649
-3.006,-0.667
-3.006,1.187
-2.943,0.562
-3.094,-1.498
-3.099,-1.513
-2.966,-1.953
-3.123,-0.796
-3.015,1.293
-3.029,0.152
3.119,-2.159
-3.048,0.057
-3.065,0.229
-3.053,-1.558
3.13,-1.407
3.021,-0.306
2.951,0.459
3.028,-2.602
3.017,-0.219
2.895,1.34
2.848,-0.59
2.959,-2.317
2.881,-0.787
2.819,-1.067
2.632,1.005
2.667,-2.486
2.636,0.718
2.502,-2.02
2.599,-1.321
2.487,0.12
2.56,-2.303
2.387,-0.301
2.347,-2.443
2.465,0.188
2.329,-2.395
2.267,-2.371
2.131,-0.261
2.243,-1.23
2.12,-2.494
2.167,-2.646
2.163,-2.369
2.125,-1.294
1.961,0.3
1.79,0.994
1.679,-0.903
1.661,-1.179
1.655,-1.135
1.657,-0.191
1.651,-0.244
1.629,-0.309
1.522,-0.477
1.49,-1.878
1.455,-0.385
1.392,-1.966
1.35,-1.169
1.292,-0.668
0.981,-1.337
1.086,-1.302
0.815,-1.224
0.937,-0.89
0.886,-1.509
0.763,-2.499
0.57,1.157
0.694,-0.616
0.546,-0.392
0.536,-2.327
0.618,0.824
0.451,-1.8
0.448,0.265
0.435,0.869
0.338,-0.568
0.429,-0.975
0.141,-2.852
-0.329,-2.621
-0.562,-2.903
-0.877,-2.959
-0.995,-2.908
-1.405,-2.704
-2.04,-2.971
-2.517,-2.915
-2.711,-2.766
1.908,-2.58
1.708,-2.867
1.671,-2.976
1.379,-2.809
1.436,-2.784
0.333,-2.811
0.149,1.37
0.077,1.472
-0.349,1.657
-0.809,1.577
-1.934,1.674
-2.303,1.371
-2.166,1.377
-2.524,1.414
-2.401,1.495
-2.636,1.712
-2.803,1.685
-2.925,1.412
2.968,1.53
2.823,1.447
2.938,1.81
2.945,1.528
2.461,1.691
2.129,1.839
1.866,1.762
1.434,1.622
0.975,1.591
0.869,1.637
0.83,1.599
-2.597,-0.77
-3.045,-1.368
2.005,-2.535
1.743,-1.217
1.408,-0.532
-1.841,0.015
2.97,0.759
0.889,-0.288
0.868,-0.489
0.812,-0.145
0.59,-1.608
-0.118,0.356
-1.098,-1.268
-1.193,-0.98
-1.342,-0.471
-1.077,-2.84
-3.097,-2.364
2.967,1.479
1.202,1.055
1.114,1.288
0.886,1.215
0.961,1.034
1.86,1.199
2.33,1.646
-0.111,-0.158
-0.02,-1.273
-0.219,0.691
-0.262,-1.407
-0.322,-2.187
-0.343,-0.092
-0.493,-3.106
-0.553,-1.051
-0.458,-1.201
-0.568,-2.831
-0.679,-0.667
-0.674,-1.056
-0.988,-0.419
-0.875,0.579
-0.997,-1.15
-1.017,0.778
-1.076,0.688
-1.182,-1.481
-1.25,-0.497
-1.267,-1.302
-1.501,0.829
-1.481,-2.991
-1.495,-2.785
-1.722,0.578
-1.632,-2.531
-1.83,-2.907
-1.99,-0.936
-1.987,-1.721
-1.927,-1.94
-1.939,-3.089
-1.988,-0.285
-2.016,-1.989
-2.161,-1.576
-2.159,0.704
-2.114,-2.037
-2.565,-2.587
-2.436,-2.019
-2.541,-0.805
-2.537,-1.8
-2.663,-2.739
-2.57,0.417
-2.653,-1.558
-2.692,0.244
-2.871,-1.124
-2.914,-1.142
-2.914,0.712
-2.851,0.087
-3.002,-1.973
-3.007,-1.988
-2.874,-2.428
-3.031,-1.271
-2.923,0.818
-2.937,-0.323
-3.072,-2.634
-2.956,-0.418
-2.973,-0.246
-2.961,-2.033
-3.061,-1.882
3.113,-0.781
3.043,-0.016
3.12,-3.077
3.109,-0.694
2.987,0.865
2.94,-1.065
3.051,-2.792
2.973,-1.262
2.911,-1.542
2.724,0.53
2.759,-2.961
2.728,0.243
2.594,-2.495
2.691,-1.796
2.579,-0.355
2.652,-2.778
2.479,-0.776
2.439,-2.918
2.557,-0.287
2.421,-2.87
2.359,-2.846
2.223,-0.736
2.335,-1.705
2.212,-2.969
2.259,-3.121
2.255,-2.844
2.217,-1.769
2.053,-0.175
1.882,0.519
1.771,-1.378
1.753,-1.654
1.747,-1.61
1.749,-0.666
1.743,-0.719
1.721,-0.784
1.614,-0.952
1.582,-2.353
1.547,-0.86
1.484,-2.441
1.442,-1.644
1.384,-1.143
1.073,-1.812
1.178,-1.777
0.907,-1.699
1.029,-1.365
0.978,-1.984
0.855,-2.974
0.662,0.682
0.786,-1.091
0.638,-0.867
0.628,-2.802
0.71,0.349
0.543,-2.275
0.54,-0.21
0.527,0.394
0.43,-1.043
0.521,-1.45
0.233,-3.327
-0.237,-3.096
-0.47,-3.378
-0.785,-3.434
-0.903,-3.383
-1.313,-3.179
-1.948,-3.446
-2.425,-3.39
-2.619,-3.241
2.0,-3.055
1.8,-3.342
1.763,-3.451
1.471,-3.284
1.528,-3.259
0.425,-3.286
0.241,0.895
0.169,0.997
-0.257,1.182
-0.717,1.102
-1.842,1.199
-2.211,0.896
-2.074,0.902
-2.432,0.939
-2.309,1.02
-2.544,1.237
-2.711,1.21
-2.833,0.937
3.06,1.055
2.915,0.972
3.03,1.335
3.037,1.053
2.553,1.216
2.221,1.364
1.958,1.287
1.526,1.147
1.067,1.116
0.961,1.162
0.922,1.124
-2.505,-1.245
-2.953,-1.843
2.097,-3.01
1.835,-1.692
1.5,-1.007
-1.749,-0.46
3.062,0.284
0.981,-0.763
0.96,-0.964
0.904,-0.62
0.682,-2.083
-0.026,-0.119
-1.006,-1.743
-1.101,-1.455
-1.25,-0.946
-0.985,-3.315
-3.005,-2.839
3.059,1.004
1.294,0.58
1.206,0.813
0.978,0.74
1.053,0.559
1.952,0.724
2.422,1.171
0.091,-1.115
-0.108,0.849
-0.151,-1.249
-0.211,-2.029
-0.232,0.066
-0.382,-2.948
-0.442,-0.893
-0.347,-1.043
-0.457,-2.673
-0.568,-0.509
-0.563,-0.898
-0.877,-0.261
-0.764,0.737
-0.886,-0.992
-0.906,0.936
-0.965,0.846
-1.071,-1.323
-1.139,-0.339
-1.156,-1.144
-1.39,0.987
-1.37,-2.833
-1.384,-2.627
-1.611,0.736
-1.521,-2.373
-1.719,-2.749
-1.879,-0.778
-1.876,-1.563
-1.816,-1.782
-1.828,-2.931
-1.877,-0.127
-1.905,-1.831
-2.05,-1.418
-2.048,0.862
-2.003,-1.879
-2.454,-2.429
-2.325,-1.861
-2.43,-0.647
-2.426,-1.642
-2.552,-2.581
-2.459,0.575
-2.542,-1.4
-2.581,0.402
-2.76,-0.966
-2.803,-0.984
-2.803,0.87
-2.74,0.245
-2.891,-1.815
-2.896,-1.83
-2.763,-2.27
-2.92,-1.113
-2.812,0.976
-2.826,-0.165
-2.961,-2.476
-2.845,-0.26
-2.862,-0.088
-2.85,-1.875
-2.95,-1.724
-3.059,-0.623
-3.129,0.142
-3.052,-2.919
-3.063,-0.536
3.098,1.023
3.051,-0.907
-3.121,-2.634
3.084,-1.104
3.022,-1.384
2.835,0.688
2.87,-2.803
2.839,0.401
2.705,-2.337
2.802,-1.638
2.69,-0.197
2.763,-2.62
2.59,-0.618
2.55,-2.76
2.668,-0.129
2.532,-2.712
2.47,-2.688
2.334,-0.578
2.446,-1.547
2.323,-2.811
2.37,-2.963
2.366,-2.686
2.328,-1.611
2.164,-0.017
1.993,0.677
1.882,-1.22
1.864,-1.496
1.858,-1.452
1.86,-0.508
1.854,-0.561
1.832,-0.626
1.725,-0.794
1.693,-2.195
1.658,-0.702
1.595,-2.283
1.553,-1.486
1.495,-0.985
1.184,-1.654
1.289,-1.619
1.018,-1.541
1.14,-1.207
1.089,-1.826
0.966,-2.816
0.773,0.84
0.897,-0.933
0.749,-0.709
0.739,-2.644
0.821,0.507
0.654,-2.117
0.651,-0.052
0.638,0.552
0.541,-0.885
0.632,-1.292
0.344,-3.169
-0.126,-2.938
-0.359,-3.22
-0.674,-3.276
-0.792,-3.225
-1.202,-3.021
-1.837,-3.288
-2.314,-3.232
-2.508,-3.083
2.111,-2.897
1.911,-3.184
1.874,-3.293
1.582,-3.126
1.639,-3.101
0.536,-3.128
0.352,1.053
0.28,1.155
-0.146,1.34
-0.606,1.26
-1.731,1.357
-2.1,1.054
-1.963,1.06
-2.321,1.097
-2.198,1.178
-2.433,1.395
-2.6,1.368
-2.722,1.095
-3.112,1.213
3.026,1.13
3.141,1.493
-3.135,1.211
2.664,1.374
2.332,1.522
2.069,1.445
1.637,1.305
1.178,1.274
1.072,1.32
1.033,1.282
-2.394,-1.087
-2.842,-1.685
2.208,-2.852
1.946,-1.534
1.611,-0.849
-1.638,-0.302
-3.11,0.442
1.092,-0.605
1.071,-0.806
1.015,-0.462
0.793,-1.925
0.085,0.039
-0.895,-1.585
-0.99,-1.297
-1.139,-0.788
-0.874,-3.157
-2.894,-2.681
-3.113,1.162
1.405,0.738
1.317,0.971
1.089,0.898
1.164,0.717
2.063,0.882
2.533,1.329
-0.199,1.964
-0.242,-0.134
-0.302,-0.914
-0.323,1.181
-0.473,-1.833
-0.533,0.222
-0.438,0.072
-0.548,-1.558
-0.659,0.606
-0.654,0.217
-0.968,0.854
-0.855,1.852
-0.977,0.123
-0.997,2.051
-1.056,1.961
-1.162,-0.208
-1.23,0.776
-1.247,-0.029
-1.481,2.102
-1.461,-1.718
-1.475,-1.512
-1.702,1.851
-1.612,-1.258
-1.81,-1.634
-1.97,0.337
-1.967,-0.448
-1.907,-0.667
-1.919,-1.816
-1.968,0.988
-1.996,-0.716
-2.141,-0.303
-2.139,1.977
-2.094,-0.764
-2.545,-1.314
-2.416,-0.746
-2.521,0.468
-2.517,-0.527
-2.643,-1.466
-2.55,1.69
-2.633,-0.285
-2.672,1.517
-2.851,0.149
-2.894,0.131
-2.894,1.985
-2.831,1.36
-2.982,-0.7
-2.987,-0.715
-2.854,-1.155
-3.011,0.002
-2.903,2.091
-2.917,0.95
-3.052,-1.361
-2.936,0.855
-2.953,1.027
-2.941,-0.76
-3.041,-0.609
3.133,0.492
3.063,1.257
3.14,-1.804
3.129,0.579
3.007,2.138
2.96,0.208
3.071,-1.519
2.993,0.011
2.931,-0.269
2.744,1.803
2.779,-1.688
2.748,1.516
2.614,-1.222
2.711,-0.523
2.599,0.918
2.672,-1.505
2.499,0.497
2.459,-1.645
2.577,0.986
2.441,-1.597
2.379,-1.573
2.243,0.537
2.355,-0.432
2.232,-1.696
2.279,-1.848
2.275,-1.571
2.237,-0.496
2.073,1.098
1.902,1.792
1.791,-0.105
1.773,-0.381
1.767,-0.337
1.769,0.607
1.763,0.554
1.741,0.489
1.634,0.321
1.602,-1.08
1.567,0.413
1.504,-1.168
1.462,-0.371
1.404,0.13
1.093,-0.539
1.198,-0.504
0.927,-0.426
1.049,-0.092
0.998,-0.711
0.875,-1.701
0.682,1.955
0.806,0.182
0.658,0.406
0.648,-1.529
0.73,1.622
0.563,-1.002
0.56,1.063
0.547,1.667
0.45,0.23
0.541,-0.177
0.253,-2.054
-0.217,-1.823
-0.45,-2.105
-0.765,-2.161
-0.883,-2.11
-1.293,-1.906
-1.928,-2.173
-2.405,-2.117
-2.599,-1.968
2.02,-1.782
1.82,-2.069
1.783,-2.178
1.491,-2.011
1.548,-1.986
0.445,-2.013
0.261,2.168
0.189,2.27
-0.237,2.455
-0.697,2.375
-1.822,2.472
-2.191,2.169
-2.054,2.175
-2.412,2.212
-2.289,2.293
-2.524,2.51
-2.691,2.483
-2.813,2.21
3.08,2.328
2.935,2.245
3.05,2.608
3.057,2.326
2.573,2.489
2.241,2.637
1.978,2.56
1.546,2.42
1.087,2.389
0.981,2.435
0.942,2.397
-2.485,0.028
-2.933,-0.57
2.117,-1.737
1.855,-0.419
1.52,0.266
-1.729,0.813
3.082,1.557
1.001,0.51
0.98,0.309
0.924,0.653
0.702,-0.81
-0.006,1.154
-0.986,-0.47
-1.081,-0.182
-1.23,0.327
-0.965,-2.042
-2.985,-1.566
3.079,2.277
1.314,1.853
1.226,2.086
0.998,2.013
1.073,1.832
1.972,1.997
2.442,2.444
-0.043,-2.098
-0.103,-2.878
-0.124,-0.783
-0.274,-3.797
-0.334,-1.742
-0.239,-1.892
-0.349,-3.522
-0.46,-1.358
-0.455,-1.747
-0.769,-1.11
-0.656,-0.112
-0.778,-1.841
-0.798,0.087
-0.857,-0.003
-0.963,-2.172
-1.031,-1.188
-1.048,-1.993
-1.282,0.138
-1.262,-3.682
-1.276,-3.476
-1.503,-0.113
-1.413,-3.222
-1.611,-3.598
-1.771,-1.627
-1.768,-2.412
-1.708,-2.631
-1.72,-3.78
-1.769,-0.976
-1.797,-2.68
-1.942,-2.267
-1.94,0.013
-1.895,-2.728
-2.346,-3.278
-2.217,-2.71
-2.322,-1.496
-2.318,-2.491
-2.444,-3.43
-2.351,-0.274
-2.434,-2.249
-2.473,-0.447
-2.652,-1.815
-2.695,-1.833
-2.695,0.021
-2.632,-0.604
-2.783,-2.664
-2.788,-2.679
-2.655,-3.119
-2.812,-1.962
-2.704,0.127
-2.718,-1.014
-2.853,-3.325
-2.737,-1.109
-2.754,-0.937
-2.742,-2.724
-2.842,-2.573
-2.951,-1.472
-3.021,-0.707
-2.944,-3.768
-2.955,-1.385
-3.077,0.174
-3.124,-1.756
-3.013,-3.483
-3.091,-1.953
3.13,-2.233
2.943,-0.161
2.978,-3.652
2.947,-0.448
2.813,-3.186
2.91,-2.487
2.798,-1.046
2.871,-3.469
2.698,-1.467
2.658,-3.609
2.776,-0.978
2.64,-3.561
2.578,-3.537
2.442,-1.427
2.554,-2.396
2.431,-3.66
2.478,-3.812
2.474,-3.535
2.436,-2.46
2.272,-0.866
2.101,-0.172
1.99,-2.069
1.972,-2.345
1.966,-2.301
1.968,-1.357
1.962,-1.41
1.94,-1.475
1.833,-1.643
1.801,-3.044
1.766,-1.551
1.703,-3.132
1.661,-2.335
1.603,-1.834
1.292,-2.503
1.397,-2.468
1.126,-2.39
1.248,-2.056
1.197,-2.675
1.074,-3.665
0.881,-0.009
1.005,-1.782
0.857,-1.558
0.847,-3.493
0.929,-0.342
0.762,-2.966
0.759,-0.901
0.746,-0.297
0.649,-1.734
0.74,-2.141
0.452,-4.018
-0.018,-3.787
-0.251,-4.069
-0.566,-4.125
-0.684,-4.074
-1.094,-3.87
-1.729,-4.137
-2.206,-4.081
-2.4,-3.932
2.219,-3.746
2.019,-4.033
1.982,-4.142
1.69,-3.975
1.747,-3.95
0.644,-3.977
0.46,0.204
0.388,0.306
-0.038,0.491
-0.498,0.411
-1.623,0.508
-1.992,0.205
-1.855,0.211
-2.213,0.248
-2.09,0.329
-2.325,0.546
-2.492,0.519
-2.614,0.246
-3.004,0.364
3.134,0.281
-3.034,0.644
-3.027,0.362
2.772,0.525
2.44,0.673
2.177,0.596
1.745,0.456
1.286,0.425
1.18,0.471
1.141,0.433
-2.286,-1.936
-2.734,-2.534
2.316,-3.701
2.054,-2.383
1.719,-1.698
-1.53,-1.151
-3.002,-0.407
1.2,-1.454
1.179,-1.655
1.123,-1.311
0.901,-2.774
0.193,-0.81
-0.787,-2.434
-0.882,-2.146
-1.031,-1.637
-0.766,-4.006
-2.786,-3.53
-3.005,0.313
1.513,-0.111
1.425,0.122
1.197,0.049
1.272,-0.132
2.171,0.033
2.641,0.48
-0.06,-0.78
-0.081,1.315
-0.231,-1.699
-0.291,0.356
-0.196,0.206
-0.306,-1.424
-0.417,0.74
-0.412,0.351
-0.726,0.988
-0.613,1.986
-0.735,0.257
-0.755,2.185
-0.814,2.095
-0.92,-0.074
-0.988,0.91
-1.005,0.105
-1.239,2.236
-1.219,-1.584
-1.233,-1.378
-1.46,1.985
-1.37,-1.124
-1.568,-1.5
-1.728,0.471
-1.725,-0.314
-1.665,-0.533
-1.677,-1.682
-1.726,1.122
-1.754,-0.582
-1.899,-0.169
-1.897,2.111
-1.852,-0.63
-2.303,-1.18
-2.174,-0.612
-2.279,0.602
-2.275,-0.393
-2.401,-1.332
-2.308,1.824
-2.391,-0.151
-2.43,1.651
-2.609,0.283
-2.652,0.265
-2.652,2.119
-2.589,1.494
-2.74,-0.566
-2.745,-0.581
-2.612,-1.021
-2.769,0.136
-2.661,2.225
-2.675,1.084
-2.81,-1.227
-2.694,0.989
-2.711,1.161
-2.699,-0.626
-2.799,-0.475
-2.908,0.626
-2.978,1.391
-2.901,-1.67
-2.912,0.713
-3.034,2.272
-3.081,0.342
-2.97,-1.385
-3.048,0.145
-3.11,-0.135
2.986,1.937
3.021,-1.554
2.99,1.65
2.856,-1.088
2.953,-0.389
2.841,1.052
2.914,-1.371
2.741,0.631
2.701,-1.511
2.819,1.12
2.683,-1.463
2.621,-1.439
2.485,0.671
2.597,-0.298
2.474,-1.562
2.521,-1.714
2.517,-1.437
2.479,-0.362
2.315,1.232
2.144,1.926
2.033,0.029
2.015,-0.247
2.009,-0.203
2.011,0.741
2.005,0.688
1.983,0.623
1.876,0.455
1.844,-0.946
1.809,0.547
1.746,-1.034
1.704,-0.237
1.646,0.264
1.335,-0.405
1.44,-0.37
1.169,-0.292
1.291,0.042
1.24,-0.577
1.117,-1.567
0.924,2.089
1.048,0.316
0.9,0.54
0.89,-1.395
0.972,1.756
0.805,-0.868
0.802,1.197
0.789,1.801
0.692,0.364
0.783,-0.043
0.495,-1.92
0.025,-1.689
-0.208,-1.971
-0.523,-2.027
-0.641,-1.976
-1.051,-1.772
-1.686,-2.039
-2.163,-1.983
-2.357,-1.834
2.262,-1.648
2.062,-1.935
2.025,-2.044
1.733,-1.877
1.79,-1.852
0.687,-1.879
0.503,2.302
0.431,2.404
0.005,2.589
-0.455,2.509
-1.58,2.606
-1.949,2.303
-1.812,2.309
-2.17,2.346
-2.047,2.427
-2.282,2.644
-2.449,2.617
-2.571,2.344
-2.961,2.462
-3.106,2.379
-2.991,2.742
-2.984,2.46
2.815,2.623
2.483,2.771
2.22,2.694
1.788,2.554
1.329,2.523
1.223,2.569
1.184,2.531
-2.243,0.162
-2.691,-0.436
2.359,-1.603
2.097,-0.285
1.762,0.4
-1.487,0.947
-2.959,1.691
1.243,0.644
1.222,0.443
1.166,0.787
0.944,-0.676
0.236,1.288
-0.744,-0.336
-0.839,-0.048
-0.988,0.461
-0.723,-1.908
-2.743,-1.432
-2.962,2.411
1.556,1.987
1.468,2.22
1.24,2.147
1.315,1.966
2.214,2.131
2.684,2.578
-0.021,2.095
-0.171,-0.919
-0.231,1.136
-0.136,0.986
-0.246,-0.644
-0.357,1.52
-0.352,1.131
-0.666,1.768
-0.553,2.766
-0.675,1.037
-0.695,2.965
-0.754,2.875
-0.86,0.706
-0.928,1.69
-0.945,0.885
-1.179,3.016
-1.159,-0.804
-1.173,-0.598
-1.4,2.765
-1.31,-0.344
-1.508,-0.72
-1.668,1.251
-1.665,0.466
-1.605,0.247
-1.617,-0.902
-1.666,1.902
-1.694,0.198
-1.839,0.611
-1.837,2.891
-1.792,0.15
-2.243,-0.4
-2.114,0.168
-2.219,1.382
-2.215,0.387
-2.341,-0.552
-2.248,2.604
-2.331,0.629
-2.37,2.431
-2.549,1.063
-2.592,1.045
-2.592,2.899
-2.529,2.274
-2.68,0.214
-2.685,0.199
-2.552,-0.241
-2.709,0.916
-2.601,3.005
-2.615,1.864
-2.75,-0.447
-2.634,1.769
-2.651,1.941
-2.639,0.154
-2.739,0.305
-2.848,1.406
-2.918,2.171
-2.841,-0.89
-2.852,1.493
-2.974,3.052
-3.021,1.122
-2.91,-0.605
-2.988,0.925
-3.05,0.645
3.046,2.717
3.081,-0.774
3.05,2.43
2.916,-0.308
3.013,0.391
2.901,1.832
2.974,-0.591
2.801,1.411
2.761,-0.731
2.879,1.9
2.743,-0.683
2.681,-0.659
2.545,1.451
2.657,0.482
2.534,-0.782
2.581,-0.934
2.577,-0.657
2.539,0.418
2.375,2.012
2.204,2.706
2.093,0.809
2.075,0.533
2.069,0.577
2.071,1.521
2.065,1.468
2.043,1.403
1.936,1.235
1.904,-0.166
1.869,1.327
1.806,-0.254
1.764,0.543
1.706,1.044
1.395,0.375
1.5,0.41
1.229,0.488
1.351,0.822
1.3,0.203
1.177,-0.787
0.984,2.869
1.108,1.096
0.96,1.32
0.95,-0.615
1.032,2.536
0.865,-0.088
0.862,1.977
0.849,2.581
0.752,1.144
0.843,0.737
0.555,-1.14
0.085,-0.909
-0.148,-1.191
-0.463,-1.247
-0.581,-1.196
-0.991,-0.992
-1.626,-1.259
-2.103,-1.203
-2.297,-1.054
2.322,-0.868
2.122,-1.155
2.085,-1.264
1.793,-1.097
1.85,-1.072
0.747,-1.099
0.563,3.082
0.491,3.184
0.065,3.369
-0.395,3.289
-1.52,3.386
-1.889,3.083
-1.752,3.089
-2.11,3.126
-1.987,3.207
-2.222,3.424
-2.389,3.397
-2.511,3.124
-2.901,3.242
-3.046,3.159
-2.931,3.522
-2.924,3.24
2.875,3.403
2.543,3.551
2.28,3.474
1.848,3.334
1.389,3.303
1.283,3.349
1.244,3.311
-2.183,0.942
-2.631,0.344
2.419,-0.823
2.157,0.495
1.822,1.18
-1.427,1.727
-2.899,2.471
1.303,1.424
1.282,1.223
1.226,1.567
1.004,0.104
0.296,2.068
-0.684,0.444
-0.779,0.732
-0.928,1.241
-0.663,-1.128
-2.683,-0.652
-2.902,3.191
1.616,2.767
1.528,3.0
1.3,2.927
1.375,2.746
2.274,2.911
2.744,3.358
-0.15,-3.014
-0.21,-0.959
-0.115,-1.109
-0.225,-2.739
-0.336,-0.575
-0.331,-0.964
-0.645,-0.327
-0.532,0.671
-0.654,-1.058
-0.674,0.87
-0.733,0.78
-0.839,-1.389
-0.907,-0.405
-0.924,-1.21
-1.158,0.921
-1.138,-2.899
-1.152,-2.693
-1.379,0.67
-1.289,-2.439
-1.487,-2.815
-1.647,-0.844
-1.644,-1.629
-1.584,-1.848
-1.596,-2.997
-1.645,-0.193
-1.673,-1.897
-1.818,-1.484
-1.816,0.796
-1.771,-1.945
-2.222,-2.495
-2.093,-1.927
-2.198,-0.713
-2.194,-1.708
-2.32,-2.647
-2.227,0.509
-2.31,-1.466
-2.349,0.336
-2.528,-1.032
-2.571,-1.05
-2.571,0.804
-2.508,0.179
-2.659,-1.881
-2.664,-1.896
-2.531,-2.336
-2.688,-1.179
-2.58,0.91
-2.594,-0.231
-2.729,-2.542
-2.613,-0.326
-2.63,-0.154
-2.618,-1.941
-2.718,-1.79
-2.827,-0.689
-2.897,0.076
-2.82,-2.985
-2.831,-0.602
-2.953,0.957
-3.0,-0.973
-2.889,-2.7
-2.967,-1.17
-3.029,-1.45
3.067,0.622
3.102,-2.869
3.071,0.335
2.937,-2.403
3.034,-1.704
2.922,-0.263
2.995,-2.686
2.822,-0.684
2.782,-2.826
2.9,-0.195
2.764,-2.778
2.702,-2.754
2.566,-0.644
2.678,-1.613
2.555,-2.877
2.602,-3.029
2.598,-2.752
2.56,-1.677
2.396,-0.083
2.225,0.611
2.114,-1.286
2.096,-1.562
2.09,-1.518
2.092,-0.574
2.086,-0.627
2.064,-0.692
1.957,-0.86
1.925,-2.261
1.89,-0.768
1.827,-2.349
1.785,-1.552
1.727,-1.051
1.416,-1.72
1.521,-1.685
1.25,-1.607
1.372,-1.273
1.321,-1.892
1.198,-2.882
1.005,0.774
1.129,-0.999
0.981,-0.775
0.971,-2.71
1.053,0.441
0.886,-2.183
0.883,-0.118
0.87,0.486
0.773,-0.951
0.864,-1.358
0.576,-3.235
0.106,-3.004
-0.127,-3.286
-0.442,-3.342
-0.56,-3.291
-0.97,-3.087
-1.605,-3.354
-2.082,-3.298
-2.276,-3.149
2.343,-2.963
2.143,-3.25
2.106,-3.359
1.814,-3.192
1.871,-3.167
0.768,-3.194
0.584,0.987
0.512,1.089
0.086,1.274
-0.374,1.194
-1.499,1.291
-1.868,0.988
-1.731,0.994
-2.089,1.031
-1.966,1.112
-2.201,1.329
-2.368,1.302
-2.49,1.029
-2.88,1.147
-3.025,1.064
-2.91,1.427
-2.903,1.145
2.896,1.308
2.564,1.456
2.301,1.379
1.869,1.239
1.41,1.208
1.304,1.254
1.265,1.216
-2.162,-1.153
-2.61,-1.751
2.44,-2.918
2.178,-1.6
1.843,-0.915
-1.406,-0.368
-2.878,0.376
1.324,-0.671
1.303,-0.872
1.247,-0.528
1.025,-1.991
0.317,-0.027
-0.663,-1.651
-0.758,-1.363
-0.907,-0.854
-0.642,-3.223
-2.662,-2.747
-2.881,1.096
1.637,0.672
1.549,0.905
1.321,0.832
1.396,0.651
2.295,0.816
2.765,1.263
-0.06,2.055
0.035,1.905
-0.075,0.275
-0.186,2.439
-0.181,2.05
-0.495,2.687
-0.382,3.685
-0.504,1.956
-0.524,3.884
-0.583,3.794
-0.689,1.625
-0.757,2.609
-0.774,1.804
-1.008,3.935
-0.988,0.115
-1.002,0.321
-1.229,3.684
-1.139,0.575
-1.337,0.199
-1.497,2.17
-1.494,1.385
-1.434,1.166
-1.446,0.017
-1.495,2.821
-1.523,1.117
-1.668,1.53
-1.666,3.81
-1.621,1.069
-2.072,0.519
-1.943,1.087
-2.048,2.301
-2.044,1.306
-2.17,0.367
-2.077,3.523
-2.16,1.548
-2.199,3.35
-2.378,1.982
-2.421,1.964
-2.421,3.818
-2.358,3.193
-2.509,1.133
-2.514,1.118
-2.381,0.678
-2.538,1.835
-2.43,3.924
-2.444,2.783
-2.579,0.472
-2.463,2.688
-2.48,2.86
-2.468,1.073
-2.568,1.224
-2.677,2.325
-2.747,3.09
-2.67,0.029
-2.681,2.412
-2.803,3.971
-2.85,2.041
-2.739,0.314
-2.817,1.844
-2.879,1.564
-3.066,3.636
-3.031,0.145
-3.062,3.349
3.087,0.611
-3.099,1.31
3.072,2.751
-3.138,0.328
2.972,2.33
2.932,0.188
3.05,2.819
2.914,0.236
2.852,0.26
2.716,2.37
2.828,1.401
2.705,0.137
2.752,-0.015
2.748,0.262
2.71,1.337
2.546,2.931
2.375,3.625
2.264,1.728
2.246,1.452
2.24,1.496
2.242,2.44
2.236,2.387
2.214,2.322
2.107,2.154
2.075,0.753
2.04,2.246
1.977,0.665
1.935,1.462
1.877,1.963
1.566,1.294
1.671,1.329
1.4,1.407
1.522,1.741
1.471,1.122
1.348,0.132
1.155,3.788
1.279,2.015
1.131,2.239
1.121,0.304
1.203,3.455
1.036,0.831
1.033,2.896
1.02,3.5
0.923,2.063
1.014,1.656
0.726,-0.221
0.256,0.01
0.023,-0.272
-0.292,-0.328
-0.41,-0.277
-0.82,-0.073
-1.455,-0.34
-1.932,-0.284
-2.126,-0.135
2.493,0.051
2.293,-0.236
2.256,-0.345
1.964,-0.178
2.021,-0.153
0.918,-0.18
0.734,4.001
0.662,4.103
0.236,4.288
-0.224,4.208
-1.349,4.305
-1.718,4.002
-1.581,4.008
-1.939,4.045
-1.816,4.126
-2.051,4.343
-2.218,4.316
-2.34,4.043
-2.73,4.161
-2.875,4.078
-2.76,4.441
-2.753,4.159
3.046,4.322
2.714,4.47
2.451,4.393
2.019,4.253
1.56,4.222
1.454,4.268
1.415,4.23
-2.012,1.861
-2.46,1.263
2.59,0.096
2.328,1.414
1.993,2.099
-1.256,2.646
-2.728,3.39
1.474,2.343
1.453,2.142
1.397,2.486
1.175,1.023
0.467,2.987
-0.513,1.363
-0.608,1.651
-0.757,2.16
-0.492,-0.209
-2.512,0.267
-2.731,4.11
1.787,3.686
1.699,3.919
1.471,3.846
1.546,3.665
2.445,3.83
2.915,4.277
0.095,-0.15
-0.015,-1.78
-0.126,0.384
-0.121,-0.005
-0.435,0.632
-0.322,1.63
-0.444,-0.099
-0.464,1.829
-0.523,1.739
-0.629,-0.43
-0.697,0.554
-0.714,-0.251
-0.948,1.88
-0.928,-1.94
-0.942,-1.734
-1.169,1.629
-1.079,-1.48
-1.277,-1.856
-1.437,0.115
-1.434,-0.67
-1.374,-0.889
-1.386,-2.038
-1.435,0.766
-1.463,-0.938
-1.608,-0.525
-1.606,1.755
-1.561,-0.986
-2.012,-1.536
-1.883,-0.968
-1.988,0.246
-1.984,-0.749
-2.11,-1.688
-2.017,1.468
-2.1,-0.507
-2.139,1.295
-2.318,-0.073
-2.361,-0.091
-2.361,1.763
-2.298,1.138
-2.449,-0.922
-2.454,-0.937
-2.321,-1.377
-2.478,-0.22
-2.37,1.869
-2.384,0.728
-2.519,-1.583
-2.403,0.633
-2.42,0.805
-2.408,-0.982
-2.508,-0.831
-2.617,0.27
-2.687,1.035
-2.61,-2.026
-2.621,0.357
-2.743,1.916
-2.79,-0.014
-2.679,-1.741
-2.757,-0.211
-2.819,-0.491
-3.006,1.581
-2.971,-1.91
-3.002,1.294
-3.136,-1.444
-3.039,-0.745
3.132,0.696
-3.078,-1.727
3.032,0.275
2.992,-1.867
3.11,0.764
2.974,-1.819
2.912,-1.795
2.776,0.315
2.888,-0.654
2.765,-1.918
2.812,-2.07
2.808,-1.793
2.77,-0.718
2.606,0.876
2.435,1.57
2.324,-0.327
2.306,-0.603
2.3,-0.559
2.302,0.385
2.296,0.332
2.274,0.267
2.167,0.099
2.135,-1.302
2.1,0.191
2.037,-1.39
1.995,-0.593
1.937,-0.092
1.626,-0.761
1.731,-0.726
1.46,-0.648
1.582,-0.314
1.531,-0.933
1.408,-1.923
1.215,1.733
1.339,-0.04
1.191,0.184
1.181,-1.751
1.263,1.4
1.096,-1.224
1.093,0.841
1.08,1.445
0.983,0.008
1.074,-0.399
0.786,-2.276
0.316,-2.045
0.083,-2.327
-0.232,-2.383
-0.35,-2.332
-0.76,-2.128
-1.395,-2.395
-1.872,-2.339
-2.066,-2.19
2.553,-2.004
2.353,-2.291
2.316,-2.4
2.024,-2.233
2.081,-2.208
0.978,-2.235
0.794,1.946
0.722,2.048
0.296,2.233
-0.164,2.153
-1.289,2.25
-1.658,1.947
-1.521,1.953
-1.879,1.99
-1.756,2.071
-1.991,2.288
-2.158,2.261
-2.28,1.988
-2.67,2.106
-2.815,2.023
-2.7,2.386
-2.693,2.104
3.106,2.267
2.774,2.415
2.511,2.338
2.079,2.198
1.62,2.167
1.514,2.213
1.475,2.175
-1.952,-0.194
-2.4,-0.792
2.65,-1.959
2.388,-0.641
2.053,0.044
-1.196,0.591
-2.668,1.335
1.534,0.288
1.513,0.087
1.457,0.431
1.235,-1.032
0.527,0.932
-0.453,-0.692
-0.548,-0.404
-0.697,0.105
-0.432,-2.264
-2.452,-1.788
-2.671,2.055
1.847,1.631
1.759,1.864
1.531,1.791
1.606,1.61
2.505,1.775
2.975,2.222
-0.11,-1.63
-0.221,0.534
-0.216,0.145
-0.53,0.782
-0.417,1.78
-0.539,0.051
-0.559,1.979
-0.618,1.889
-0.724,-0.28
-0.792,0.704
-0.809,-0.101
-1.043,2.03
-1.023,-1.79
-1.037,-1.584
-1.264,1.779
-1.174,-1.33
-1.372,-1.706
-1.532,0.265
-1.529,-0.52
-1.469,-0.739
-1.481,-1.888
-1.53,0.916
-1.558,-0.788
-1.703,-0.375
-1.701,1.905
-1.656,-0.836
-2.107,-1.386
-1.978,-0.818
-2.083,0.396
-2.079,-0.599
-2.205,-1.538
-2.112,1.618
-2.195,-0.357
-2.234,1.445
-2.413,0.077
-2.456,0.059
-2.456,1.913
-2.393,1.288
-2.544,-0.772
-2.549,-0.787
-2.416,-1.227
-2.573,-0.07
-2.465,2.019
-2.479,0.878
-2.614,-1.433
-2.498,0.783
-2.515,0.955
-2.503,-0.832
-2.603,-0.681
-2.712,0.42
-2.782,1.185
-2.705,-1.876
-2.716,0.507
-2.838,2.066
-2.885,0.136
-2.774,-1.591
-2.852,-0.061
-2.914,-0.341
-3.101,1.731
-3.066,-1.76
-3.097,1.444
3.052,-1.294
-3.134,-0.595
3.037,0.846
3.11,-1.577
2.937,0.425
2.897,-1.717
3.015,0.914
2.879,-1.669
2.817,-1.645
2.681,0.465
2.793,-0.504
2.67,-1.768
2.717,-1.92
2.713,-1.643
2.675,-0.568
2.511,1.026
2.34,1.72
2.229,-0.177
2.211,-0.453
2.205,-0.409
2.207,0.535
2.201,0.482
2.179,0.417
2.072,0.249
2.04,-1.152
2.005,0.341
1.942,-1.24
1.9,-0.443
1.842,0.058
1.531,-0.611
1.636,-0.576
1.365,-0.498
1.487,-0.164
1.436,-0.783
1.313,-1.773
1.12,1.883
1.244,0.11
1.096,0.334
1.086,-1.601
1.168,1.55
1.001,-1.074
0.998,0.991
0.985,1.595
0.888,0.158
0.979,-0.249
0.691,-2.126
0.221,-1.895
-0.012,-2.177
-0.327,-2.233
-0.445,-2.182
-0.855,-1.978
-1.49,-2.245
-1.967,-2.189
-2.161,-2.04
2.458,-1.854
2.258,-2.141
2.221,-2.25
1.929,-2.083
1.986,-2.058
0.883,-2.085
0.699,2.096
0.627,2.198
0.201,2.383
-0.259,2.303
-1.384,2.4
-1.753,2.097
-1.616,2.103
-1.974,2.14
-1.851,2.221
-2.086,2.438
-2.253,2.411
-2.375,2.138
-2.765,2.256
-2.91,2.173
-2.795,2.536
-2.788,2.254
3.011,2.417
2.679,2.565
2.416,2.488
1.984,2.348
1.525,2.317
1.419,2.363
1.38,2.325
-2.047,-0.044
-2.495,-0.642
2.555,-1.809
2.293,-0.491
1.958,0.194
-1.291,0.741
-2.763,1.485
1.439,0.438
1.418,0.237
1.362,0.581
1.14,-0.882
0.432,1.082
-0.548,-0.542
-0.643,-0.254
-0.792,0.255
-0.527,-2.114
-2.547,-1.638
-2.766,2.205
1.752,1.781
1.664,2.014
1.436,1.941
1.511,1.76
2.41,1.925
2.88,2.372
-0.111,2.164
-0.106,1.775
-0.42,2.412
-0.307,3.41
-0.429,1.681
-0.449,3.609
-0.508,3.519
-0.614,1.35
-0.682,2.334
-0.699,1.529
-0.933,3.66
-0.913,-0.16
-0.927,0.046
-1.154,3.409
-1.064,0.3
-1.262,-0.076
-1.422,1.895
-1.419,1.11
-1.359,0.891
-1.371,-0.258
-1.42,2.546
-1.448,0.842
-1.593,1.255
-1.591,3.535
-1.546,0.794
-1.997,0.244
-1.868,0.812
-1.973,2.026
-1.969,1.031
-2.095,0.092
-2.002,3.248
-2.085,1.273
-2.124,3.075
-2.303,1.707
-2.346,1.689
-2.346,3.543
-2.283,2.918
-2.434,0.858
-2.439,0.843
-2.306,0.403
-2.463,1.56
-2.355,3.649
-2.369,2.508
-2.504,0.197
-2.388,2.413
-2.405,2.585
-2.393,0.798
-2.493,0.949
-2.602,2.05
-2.672,2.815
-2.595,-0.246
-2.606,2.137
-2.728,3.696
-2.775,1.766
-2.664,0.039
-2.742,1.569
-2.804,1.289
-2.991,3.361
-2.956,-0.13
-2.987,3.074
-3.121,0.336
-3.024,1.035
-3.136,2.476
-3.063,0.053
3.047,2.055
3.007,-0.087
3.125,2.544
2.989,-0.039
2.927,-0.015
2.791,2.095
2.903,1.126
2.78,-0.138
2.827,-0.29
2.823,-0.013
2.785,1.062
2.621,2.656
2.45,3.35
2.339,1.453
2.321,1.177
2.315,1.221
2.317,2.165
2.311,2.112
2.289,2.047
2.182,1.879
2.15,0.478
2.115,1.971
2.052,0.39
2.01,1.187
1.952,1.688
1.641,1.019
1.746,1.054
1.475,1.132
1.597,1.466
1.546,0.847
1.423,-0.143
1.23,3.513
1.354,1.74
1.206,1.964
1.196,0.029
1.278,3.18
1.111,0.556
1.108,2.621
1.095,3.225
0.998,1.788
1.089,1.381
0.801,-0.496
0.331,-0.265
0.098,-0.547
-0.217,-0.603
-0.335,-0.552
-0.745,-0.348
-1.38,-0.615
-1.857,-0.559
-2.051,-0.41
2.568,-0.224
2.368,-0.511
2.331,-0.62
2.039,-0.453
2.096,-0.428
0.993,-0.455
0.809,3.726
0.737,3.828
0.311,4.013
-0.149,3.933
-1.274,4.03
-1.643,3.727
-1.506,3.733
-1.864,3.77
-1.741,3.851
-1.976,4.068
-2.143,4.041
-2.265,3.768
-2.655,3.886
-2.8,3.803
-2.685,4.166
-2.678,3.884
3.121,4.047
2.789,4.195
2.526,4.118
2.094,3.978
1.635,3.947
1.529,3.993
1.49,3.955
-1.937,1.586
-2.385,0.988
2.665,-0.179
2.403,1.139
2.068,1.824
-1.181,2.371
-2.653,3.115
1.549,2.068
1.528,1.867
1.472,2.211
1.25,0.748
0.542,2.712
-0.438,1.088
-0.533,1.376
-0.682,1.885
-0.417,-0.484
-2.437,-0.008
-2.656,3.835
1.862,3.411
1.774,3.644
1.546,3.571
1.621,3.39
2.52,3.555
2.99,4.002
0.005,-0.389
-0.309,0.248
-0.196,1.246
-0.318,-0.483
-0.338,1.445
-0.397,1.355
-0.503,-0.814
-0.571,0.17
-0.588,-0.635
-0.822,1.496
-0.802,-2.324
-0.816,-2.118
-1.043,1.245
-0.953,-1.864
-1.151,-2.24
-1.311,-0.269
-1.308,-1.054
-1.248,-1.273
-1.26,-2.422
-1.309,0.382
-1.337,-1.322
-1.482,-0.909
-1.48,1.371
-1.435,-1.37
-1.886,-1.92
-1.757,-1.352
-1.862,-0.138
-1.858,-1.133
-1.984,-2.072
-1.891,1.084
-1.974,-0.891
-2.013,0.911
-2.192,-0.457
-2.235,-0.475
-2.235,1.379
-2.172,0.754
-2.323,-1.306
-2.328,-1.321
-2.195,-1.761
-2.352,-0.604
-2.244,1.485
-2.258,0.344
-2.393,-1.967
-2.277,0.249
-2.294,0.421
-2.282,-1.366
-2.382,-1.215
-2.491,-0.114
-2.561,0.651
-2.484,-2.41
-2.495,-0.027
-2.617,1.532
-2.664,-0.398
-2.553,-2.125
-2.631,-0.595
-2.693,-0.875
-2.88,1.197
-2.845,-2.294
-2.876,0.91
-3.01,-1.828
-2.913,-1.129
-3.025,0.312
-2.952,-2.111
-3.125,-0.109
3.118,-2.251
-3.047,0.38
3.1,-2.203
3.038,-2.179
2.902,-0.069
3.014,-1.038
2.891,-2.302
2.938,-2.454
2.934,-2.177
2.896,-1.102
2.732,0.492
2.561,1.186
2.45,-0.711
2.432,-0.987
2.426,-0.943
2.428,0.001
2.422,-0.052
2.4,-0.117
2.293,-0.285
2.261,-1.686
2.226,-0.193
2.163,-1.774
2.121,-0.977
2.063,-0.476
1.752,-1.145
1.857,-1.11
1.586,-1.032
1.708,-0.698
1.657,-1.317
1.534,-2.307
1.341,1.349
1.465,-0.424
1.317,-0.2
1.307,-2.135
1.389,1.016
1.222,-1.608
1.219,0.457
1.206,1.061
1.109,-0.376
1.2,-0.783
0.912,-2.66
0.442,-2.429
0.209,-2.711
-0.106,-2.767
-0.224,-2.716
-0.634,-2.512
-1.269,-2.779
-1.746,-2.723
-1.94,-2.574
2.679,-2.388
2.479,-2.675
2.442,-2.784
2.15,-2.617
2.207,-2.592
1.104,-2.619
0.92,1.562
0.848,1.664
0.422,1.849
-0.038,1.769
-1.163,1.866
-1.532,1.563
-1.395,1.569
-1.753,1.606
-1.63,1.687
-1.865,1.904
-2.032,1.877
-2.154,1.604
-2.544,1.722
-2.689,1.639
-2.574,2.002
-2.567,1.72
-3.051,1.883
2.9,2.031
2.637,1.954
2.205,1.814
1.746,1.783
1.64,1.829
1.601,1.791
-1.826,-0.578
-2.274,-1.176
2.776,-2.343
2.514,-1.025
2.179,-0.34
-1.07,0.207
-2.542,0.951
1.66,-0.096
1.639,-0.297
1.583,0.047
1.361,-1.416
0.653,0.548
-0.327,-1.076
-0.422,-0.788
-0.571,-0.279
-0.306,-2.648
-2.326,-2.172
-2.545,1.671
1.973,1.247
1.885,1.48
1.657,1.407
1.732,1.226
2.631,1.391
3.101,1.838
-0.314,0.637
-0.201,1.635
-0.323,-0.094
-0.343,1.834
-0.402,1.744
-0.508,-0.425
-0.576,0.559
-0.593,-0.246
-0.827,1.885
-0.807,-1.935
-0.821,-1.729
-1.048,1.634
-0.958,-1.475
-1.156,-1.851
-1.316,0.12
-1.313,-0.665
-1.253,-0.884
-1.265,-2.033
-1.314,0.771
-1.342,-0.933
-1.487,-0.52
-1.485,1.76
-1.44,-0.981
-1.891,-1.531
-1.762,-0.963
-1.867,0.251
-1.863,-0.744
-1.989,-1.683
-1.896,1.473
-1.979,-0.502
-2.018,1.3
-2.197,-0.068
-2.24,-0.086
-2.24,1.768
-2.177,1.143
-2.328,-0.917
-2.333,-0.932
-2.2,-1.372
-2.357,-0.215
-2.249,1.874
-2.263,0.733
-2.398,-1.578
-2.282,0.638
-2.299,0.81
-2.287,-0.977
-2.387,-0.826
-2.496,0.275
-2.566,1.04
-2.489,-2.021
-2.5,0.362
-2.622,1.921
-2.669,-0.009
-2.558,-1.736
-2.636,-0.206
-2.698,-0.486
-2.885,1.586
-2.85,-1.905
-2.881,1.299
-3.015,-1.439
-2.918,-0.74
-3.03,0.701
-2.957,-1.722
-3.13,0.28
3.113,-1.862
-3.052,0.769
3.095,-1.814
3.033,-1.79
2.897,0.32
3.009,-0.649
2.886,-1.913
2.933,-2.065
2.929,-1.788
2.891,-0.713
2.727,0.881
2.556,1.575
2.445,-0.322
2.427,-0.598
2.421,-0.554
2.423,0.39
2.417,0.337
2.395,0.272
2.288,0.104
2.256,-1.297
2.221,0.196
2.158,-1.385
2.116,-0.588
2.058,-0.087
1.747,-0.756
1.852,-0.721
1.581,-0.643
1.703,-0.309
1.652,-0.928
1.529,-1.918
1.336,1.738
1.46,-0.035
1.312,0.189
1.302,-1.746
1.384,1.405
1.217,-1.219
1.214,0.846
1.201,1.45
1.104,0.013
1.195,-0.394
0.907,-2.271
0.437,-2.04
0.204,-2.322
-0.111,-2.378
-0.229,-2.327
-0.639,-2.123
-1.274,-2.39
-1.751,-2.334
-1.945,-2.185
2.674,-1.999
2.474,-2.286
2.437,-2.395
2.145,-2.228
2.202,-2.203
1.099,-2.23
0.915,1.951
0.843,2.053
0.417,2.238
-0.043,2.158
-1.168,2.255
-1.537,1.952
-1.4,1.958
-1.758,1.995
-1.635,2.076
-1.87,2.293
-2.037,2.266
-2.159,1.993
-2.549,2.111
-2.694,2.028
-2.579,2.391
-2.572,2.109
-3.056,2.272
2.895,2.42
2.632,2.343
2.2,2.203
1.741,2.172
1.635,2.218
1.596,2.18
-1.831,-0.189
-2.279,-0.787
2.771,-1.954
2.509,-0.636
2.174,0.049
-1.075,0.596
-2.547,1.34
1.655,0.293
1.634,0.092
1.578,0.436
1.356,-1.027
0.648,0.937
-0.332,-0.687
-0.427,-0.399
-0.576,0.11
-0.311,-2.259
-2.331,-1.783
-2.55,2.06
1.968,1.636
1.88,1.869
1.652,1.796
1.727,1.615
2.626,1.78
3.096,2.227
0.113,0.998
-0.009,-0.731
-0.029,1.197
-0.088,1.107
-0.194,-1.062
-0.262,-0.078
-0.279,-0.883
-0.513,1.248
-0.493,-2.572
-0.507,-2.366
-0.734,0.997
-0.644,-2.112
-0.842,-2.488
-1.002,-0.517
-0.999,-1.302
-0.939,-1.521
-0.951,-2.67
-1.0,0.134
-1.028,-1.57
-1.173,-1.157
-1.171,1.123
-1.126,-1.618
-1.577,-2.168
-1.448,-1.6
-1.553,-0.386
-1.549,-1.381
-1.675,-2.32
-1.582,0.836
-1.665,-1.139
-1.704,0.663
-1.883,-0.705
-1.926,-0.723
-1.926,1.131
-1.863,0.506
-2.014,-1.554
-2.019,-1.569
-1.886,-2.009
-2.043,-0.852
-1.935,1.237
-1.949,0.096
-2.084,-2.215
-1.968,0.001
-1.985,0.173
-1.973,-1.614
-2.073,-1.463
-2.182,-0.362
-2.252,0.403
-2.175,-2.658
-2.186,-0.275
-2.308,1.284
-2.355,-0.646
-2.244,-2.373
-2.322,-0.843
-2.384,-1.123
-2.571,0.949
-2.536,-2.542
-2.567,0.662
-2.701,-2.076
-2.604,-1.377
-2.716,0.064
-2.643,-2.359
-2.816,-0.357
-2.856,-2.499
-2.738,0.132
-2.874,-2.451
-2.936,-2.427
-3.072,-0.317
-2.96,-1.286
-3.083,-2.55
-3.036,-2.702
-3.04,-2.425
-3.078,-1.35
3.041,0.244
2.87,0.938
2.759,-0.959
2.741,-1.235
2.735,-1.191
2.737,-0.247
2.731,-0.3
2.709,-0.365
2.602,-0.533
2.57,-1.934
2.535,-0.441
2.472,-2.022
2.43,-1.225
2.372,-0.724
2.061,-1.393
2.166,-1.358
1.895,-1.28
2.017,-0.946
1.966,-1.565
1.843,-2.555
1.65,1.101
1.774,-0.672
1.626,-0.448
1.616,-2.383
1.698,0.768
1.531,-1.856
1.528,0.209
1.515,0.813
1.418,-0.624
1.509,-1.031
1.221,-2.908
0.751,-2.677
0.518,-2.959
0.203,-3.015
0.085,-2.964
-0.325,-2.76
-0.96,-3.027
-1.437,-2.971
-1.631,-2.822
2.988,-2.636
2.788,-2.923
2.751,-3.032
2.459,-2.865
2.516,-2.84
1.413,-2.867
1.229,1.314
1.157,1.416
0.731,1.601
0.271,1.521
-0.854,1.618
-1.223,1.315
-1.086,1.321
-1.444,1.358
-1.321,1.439
-1.556,1.656
-1.723,1.629
-1.845,1.356
-2.235,1.474
-2.38,1.391
-2.265,1.754
-2.258,1.472
-2.742,1.635
-3.074,1.783
2.946,1.706
2.514,1.566
2.055,1.535
1.949,1.581
1.91,1.543
-1.517,-0.826
-1.965,-1.424
3.085,-2.591
2.823,-1.273
2.488,-0.588
-0.761,-0.041
-2.233,0.703
1.969,-0.344
1.948,-0.545
1.892,-0.201
1.67,-1.664
0.962,0.3
-0.018,-1.324
-0.113,-1.036
-0.262,-0.527
0.003,-2.896
-2.017,-2.42
-2.236,1.423
2.282,0.999
2.194,1.232
1.966,1.159
2.041,0.978
2.94,1.143
-2.873,1.59
-0.122,-1.729
-0.142,0.199
-0.201,0.109
-0.307,-2.06
-0.375,-1.076
-0.392,-1.881
-0.626,0.25
-0.606,-3.57
-0.62,-3.364
-0.847,-0.001
-0.757,-3.11
-0.955,-3.486
-1.115,-1.515
-1.112,-2.3
-1.052,-2.519
-1.064,-3.668
-1.113,-0.864
-1.141,-2.568
-1.286,-2.155
-1.284,0.125
-1.239,-2.616
-1.69,-3.166
-1.561,-2.598
-1.666,-1.384
-1.662,-2.379
-1.788,-3.318
-1.695,-0.162
-1.778,-2.137
-1.817,-0.335
-1.996,-1.703
-2.039,-1.721
-2.039,0.133
-1.976,-0.492
-2.127,-2.552
-2.132,-2.567
-1.999,-3.007
-2.156,-1.85
-2.048,0.239
-2.062,-0.902
-2.197,-3.213
-2.081,-0.997
-2.098,-0.825
-2.086,-2.612
-2.186,-2.461
-2.295,-1.36
-2.365,-0.595
-2.288,-3.656
-2.299,-1.273
-2.421,0.286
-2.468,-1.644
-2.357,-3.371
-2.435,-1.841
-2.497,-2.121
-2.684,-0.049
-2.649,-3.54
-2.68,-0.336
-2.814,-3.074
-2.717,-2.375
-2.829,-0.934
-2.756,-3.357
-2.929,-1.355
-2.969,-3.497
-2.851,-0.866
-2.987,-3.449
-3.049,-3.425
3.098,-1.315
-3.073,-2.284
3.087,-3.548
3.134,-3.7
3.13,-3.423
3.092,-2.348
2.928,-0.754
2.757,-0.06
2.646,-1.957
2.628,-2.233
2.622,-2.189
2.624,-1.245
2.618,-1.298
2.596,-1.363
2.489,-1.531
2.457,-2.932
2.422,-1.439
2.359,-3.02
2.317,-2.223
2.259,-1.722
1.948,-2.391
2.053,-2.356
1.782,-2.278
1.904,-1.944
1.853,-2.563
1.73,-3.553
1.537,0.103
1.661,-1.67
1.513,-1.446
1.503,-3.381
1.585,-0.23
1.418,-2.854
1.415,-0.789
1.402,-0.185
1.305,-1.622
1.396,-2.029
1.108,-3.906
0.638,-3.675
0.405,-3.957
0.09,-4.013
-0.028,-3.962
-0.438,-3.758
-1.073,-4.025
-1.55,-3.969
-1.744,-3.82
2.875,-3.634
2.675,-3.921
2.638,-4.03
2.346,-3.863
2.403,-3.838
1.3,-3.865
1.116,0.316
1.044,0.418
0.618,0.603
0.158,0.523
-0.967,0.62
-1.336,0.317
-1.199,0.323
-1.557,0.36
-1.434,0.441
-1.669,0.658
-1.836,0.631
-1.958,0.358
-2.348,0.476
-2.493,0.393
-2.378,0.756
-2.371,0.474
-2.855,0.637
3.096,0.785
2.833,0.708
2.401,0.568
1.942,0.537
1.836,0.583
1.797,0.545
-1.63,-1.824
-2.078,-2.422
2.972,-3.589
2.71,-2.271
2.375,-1.586
-0.874,-1.039
-2.346,-0.295
1.856,-1.342
1.835,-1.543
1.779,-1.199
1.557,-2.662
0.849,-0.698
-0.131,-2.322
-0.226,-2.034
-0.375,-1.525
-0.11,-3.894
-2.13,-3.418
-2.349,0.425
2.169,0.001
2.081,0.234
1.853,0.161
1.928,-0.02
2.827,0.145
-2.986,0.592
-0.02,1.928
-0.079,1.838
-0.185,-0.331
-0.253,0.653
-0.27,-0.152
-0.504,1.979
-0.484,-1.841
-0.498,-1.635
-0.725,1.728
-0.635,-1.381
-0.833,-1.757
-0.993,0.214
-0.99,-0.571
-0.93,-0.79
-0.942,-1.939
-0.991,0.865
-1.019,-0.839
-1.164,-0.426
-1.162,1.854
-1.117,-0.887
-1.568,-1.437
-1.439,-0.869
-1.544,0.345
-1.54,-0.65
-1.666,-1.589
-1.573,1.567
-1.656,-0.408
-1.695,1.394
-1.874,0.026
-1.917,0.008
-1.917,1.862
-1.854,1.237
-2.005,-0.823
-2.01,-0.838
-1.877,-1.278
-2.034,-0.121
-1.926,1.968
-1.94,0.827
-2.075,-1.484
-1.959,0.732
-1.976,0.904
-1.964,-0.883
-2.064,-0.732
-2.173,0.369
-2.243,1.134
-2.166,-1.927
-2.177,0.456
-2.299,2.015
-2.346,0.085
-2.235,-1.642
-2.313,-0.112
-2.375,-0.392
-2.562,1.68
-2.527,-1.811
-2.558,1.393
-2.692,-1.345
-2.595,-0.646
-2.707,0.795
-2.634,-1.628
-2.807,0.374
-2.847,-1.768
-2.729,0.863
-2.865,-1.72
-2.927,-1.696
-3.063,0.414
-2.951,-0.555
-3.074,-1.819
-3.027,-1.971
-3.031,-1.694
-3.069,-0.619
3.05,0.975
2.879,1.669
2.768,-0.228
2.75,-0.504
2.744,-0.46
2.746,0.484
2.74,0.431
2.718,0.366
2.611,0.198
2.579,-1.203
2.544,0.29
2.481,-1.291
2.439,-0.494
2.381,0.007
2.07,-0.662
2.175,-0.627
1.904,-0.549
2.026,-0.215
1.975,-0.834
1.852,-1.824
1.659,1.832
1.783,0.059
1.635,0.283
1.625,-1.652
1.707,1.499
1.54,-1.125
1.537,0.94
1.524,1.544
1.427,0.107
1.518,-0.3
1.23,-2.177
0.76,-1.946
0.527,-2.228
0.212,-2.284
0.094,-2.233
-0.316,-2.029
-0.951,-2.296
-1.428,-2.24
-1.622,-2.091
2.997,-1.905
2.797,-2.192
2.76,-2.301
2.468,-2.134
2.525,-2.109
1.422,-2.136
1.238,2.045
1.166,2.147
0.74,2.332
0.28,2.252
-0.845,2.349
-1.214,2.046
-1.077,2.052
-1.435,2.089
-1.312,2.17
-1.547,2.387
-1.714,2.36
-1.836,2.087
-2.226,2.205
-2.371,2.122
-2.256,2.485
-2.249,2.203
-2.733,2.366
-3.065,2.514
2.955,2.437
2.523,2.297
2.064,2.266
1.958,2.312
1.919,2.274
-1.508,-0.095
-1.956,-0.693
3.094,-1.86
2.832,-0.542
2.497,0.143
-0.752,0.69
-2.224,1.434
1.978,0.387
1.957,0.186
1.901,0.53
1.679,-0.933
0.971,1.031
-0.009,-0.593
-0.104,-0.305
-0.253,0.204
0.012,-2.165
-2.008,-1.689
-2.227,2.154
2.291,1.73
2.203,1.963
1.975,1.89
2.05,1.709
2.949,1.874
-2.864,2.321
-0.059,-0.09
-0.165,-2.259
-0.233,-1.275
-0.25,-2.08
-0.484,0.051
-0.464,-3.769
-0.478,-3.563
-0.705,-0.2
-0.615,-3.309
-0.813,-3.685
-0.973,-1.714
-0.97,-2.499
-0.91,-2.718
-0.922,-3.867
-0.971,-1.063
-0.999,-2.767
-1.144,-2.354
-1.142,-0.074
-1.097,-2.815
-1.548,-3.365
-1.419,-2.797
-1.524,-1.583
-1.52,-2.578
-1.646,-3.517
-1.553,-0.361
-1.636,-2.336
-1.675,-0.534
-1.854,-1.902
-1.897,-1.92
-1.897,-0.066
-1.834,-0.691
-1.985,-2.751
-1.99,-2.766
-1.857,-3.206
-2.014,-2.049
-1.906,0.04
-1.92,-1.101
-2.055,-3.412
-1.939,-1.196
-1.956,-1.024
-1.944,-2.811
-2.044,-2.66
-2.153,-1.559
-2.223,-0.794
-2.146,-3.855
-2.157,-1.472
-2.279,0.087
-2.326,-1.843
-2.215,-3.57
-2.293,-2.04
-2.355,-2.32
-2.542,-0.248
-2.507,-3.739
-2.538,-0.535
-2.672,-3.273
-2.575,-2.574
-2.687,-1.133
-2.614,-3.556
-2.787,-1.554
-2.827,-3.696
-2.709,-1.065
-2.845,-3.648
-2.907,-3.624
-3.043,-1.514
-2.931,-2.483
-3.054,-3.747
-3.007,-3.899
-3.011,-3.622
-3.049,-2.547
3.07,-0.953
2.899,-0.259
2.788,-2.156
2.77,-2.432
2.764,-2.388
2.766,-1.444
2.76,-1.497
2.738,-1.562
2.631,-1.73
2.599,-3.131
2.564,-1.638
2.501,-3.219
2.459,-2.422
2.401,-1.921
2.09,-2.59
2.195,-2.555
1.924,-2.477
2.046,-2.143
1.995,-2.762
1.872,-3.752
1.679,-0.096
1.803,-1.869
1.655,-1.645
1.645,-3.58
1.727,-0.429
1.56,-3.053
1.557,-0.988
1.544,-0.384
1.447,-1.821
1.538,-2.228
1.25,-4.105
0.78,-3.874
0.547,-4.156
0.232,-4.212
0.114,-4.161
-0.296,-3.957
-0.931,-4.224
-1.408,-4.168
-1.602,-4.019
3.017,-3.833
2.817,-4.12
2.78,-4.229
2.488,-4.062
2.545,-4.037
1.442,-4.064
1.258,0.117
1.186,0.219
0.76,0.404
0.3,0.324
-0.825,0.421
-1.194,0.118
-1.057,0.124
-1.415,0.161
-1.292,0.242
-1.527,0.459
-1.694,0.432
-1.816,0.159
-2.206,0.277
-2.351,0.194
-2.236,0.557
-2.229,0.275
-2.713,0.438
-3.045,0.586
2.975,0.509
2.543,0.369
2.084,0.338
1.978,0.384
1.939,0.346
-1.488,-2.023
-1.936,-2.621
3.114,-3.788
2.852,-2.47
2.517,-1.785
-0.732,-1.238
-2.204,-0.494
1.998,-1.541
1.977,-1.742
1.921,-1.398
1.699,-2.861
0.991,-0.897
0.011,-2.521
-0.084,-2.233
-0.233,-1.724
0.032,-4.093
-1.988,-3.617
-2.207,0.226
2.311,-0.198
2.223,0.035
1.995,-0.038
2.07,-0.219
2.969,-0.054
-2.844,0.393
-0.106,-2.169
-0.174,-1.185
-0.191,-1.99
-0.425,0.141
-0.405,-3.679
-0.419,-3.473
-0.646,-0.11
-0.556,-3.219
-0.754,-3.595
-0.914,-1.624
-0.911,-2.409
-0.851,-2.628
-0.863,-3.777
-0.912,-0.973
-0.94,-2.677
-1.085,-2.264
-1.083,0.016
-1.038,-2.725
-1.489,-3.275
-1.36,-2.707
-1.465,-1.493
-1.461,-2.488
-1.587,-3.427
-1.494,-0.271
-1.577,-2.246
-1.616,-0.444
-1.795,-1.812
-1.838,-1.83
-1.838,0.024
-1.775,-0.601
-1.926,-2.661
-1.931,-2.676
-1.798,-3.116
-1.955,-1.959
-1.847,0.13
-1.861,-1.011
-1.996,-3.322
-1.88,-1.106
-1.897,-0.934
-1.885,-2.721
-1.985,-2.57
-2.094,-1.469
-2.164,-0.704
-2.087,-3.765
-2.098,-1.382
-2.22,0.177
-2.267,-1.753
-2.156,-3.48
-2.234,-1.95
-2.296,-2.23
-2.483,-0.158
-2.448,-3.649
-2.479,-0.445
-2.613,-3.183
-2.516,-2.484
-2.628,-1.043
-2.555,-3.466
-2.728,-1.464
-2.768,-3.606
-2.65,-0.975
-2.786,-3.558
-2.848,-3.534
-2.984,-1.424
-2.872,-2.393
-2.995,-3.657
-2.948,-3.809
-2.952,-3.532
-2.99,-2.457
3.129,-0.863
2.958,-0.169
2.847,-2.066
2.829,-2.342
2.823,-2.298
2.825,-1.354
2.819,-1.407
2.797,-1.472
2.69,-1.64
2.658,-3.041
2.623,-1.548
2.56,-3.129
2.518,-2.332
2.46,-1.831
2.149,-2.5
2.254,-2.465
1.983,-2.387
2.105,-2.053
2.054,-2.672
1.931,-3.662
1.738,-0.006
1.862,-1.779
1.714,-1.555
1.704,-3.49
1.786,-0.339
1.619,-2.963
1.616,-0.898
1.603,-0.294
1.506,-1.731
1.597,-2.138
1.309,-4.015
0.839,-3.784
0.606,-4.066
0.291,-4.122
0.173,-4.071
-0.237,-3.867
-0.872,-4.134
-1.349,-4.078
-1.543,-3.929
3.076,-3.743
2.876,-4.03
2.839,-4.139
2.547,-3.972
2.604,-3.947
1.501,-3.974
1.317,0.207
1.245,0.309
0.819,0.494
0.359,0.414
-0.766,0.511
-1.135,0.208
-0.998,0.214
-1.356,0.251
-1.233,0.332
-1.468,0.549
-1.635,0.522
-1.757,0.249
-2.147,0.367
-2.292,0.284
-2.177,0.647
-2.17,0.365
-2.654,0.528
-2.986,0.676
3.034,0.599
2.602,0.459
2.143,0.428
2.037,0.474
1.998,0.436
-1.429,-1.933
-1.877,-2.531
-3.11,-3.698
2.911,-2.38
2.576,-1.695
-0.673,-1.148
-2.145,-0.404
2.057,-1.451
2.036,-1.652
1.98,-1.308
1.758,-2.771
1.05,-0.807
0.07,-2.431
-0.025,-2.143
-0.174,-1.634
0.091,-4.003
-1.929,-3.527
-2.148,0.316
2.37,-0.108
2.282,0.125
2.054,0.052
2.129,-0.129
3.028,0.036
-2.785,0.483
-0.068,0.984
-0.085,0.179
-0.319,2.31
-0.299,-1.51
-0.313,-1.304
-0.54,2.059
-0.45,-1.05
-0.648,-1.426
-0.808,0.545
-0.805,-0.24
-0.745,-0.459
-0.757,-1.608
-0.806,1.196
-0.834,-0.508
-0.979,-0.095
-0.977,2.185
-0.932,-0.556
-1.383,-1.106
-1.254,-0.538
-1.359,0.676
-1.355,-0.319
-1.481,-1.258
-1.388,1.898
-1.471,-0.077
-1.51,1.725
-1.689,0.357
-1.732,0.339
-1.732,2.193
-1.669,1.568
-1.82,-0.492
-1.825,-0.507
-1.692,-0.947
-1.849,0.21
-1.741,2.299
-1.755,1.158
-1.89,-1.153
-1.774,1.063
-1.791,1.235
-1.779,-0.552
-1.879,-0.401
-1.988,0.7
-2.058,1.465
-1.981,-1.596
-1.992,0.787
-2.114,2.346
-2.161,0.416
-2.05,-1.311
-2.128,0.219
-2.19,-0.061
-2.377,2.011
-2.342,-1.48
-2.373,1.724
-2.507,-1.014
-2.41,-0.315
-2.522,1.126
-2.449,-1.297
-2.622,0.705
-2.662,-1.437
-2.544,1.194
-2.68,-1.389
-2.742,-1.365
-2.878,0.745
-2.766,-0.224
-2.889,-1.488
-2.842,-1.64
-2.846,-1.363
-2.884,-0.288
-3.048,1.306
3.064,2.0
2.953,0.103
2.935,-0.173
2.929,-0.129
2.931,0.815
2.925,0.762
2.903,0.697
2.796,0.529
2.764,-0.872
2.729,0.621
2.666,-0.96
2.624,-0.163
2.566,0.338
2.255,-0.331
2.36,-0.296
2.089,-0.218
2.211,0.116
2.16,-0.503
2.037,-1.493
1.844,2.163
1.968,0.39
1.82,0.614
1.81,-1.321
1.892,1.83
1.725,-0.794
1.722,1.271
1.709,1.875
1.612,0.438
1.703,0.031
1.415,-1.846
0.945,-1.615
0.712,-1.897
0.397,-1.953
0.279,-1.902
-0.131,-1.698
-0.766,-1.965
-1.243,-1.909
-1.437,-1.76
-3.101,-1.574
2.982,-1.861
2.945,-1.97
2.653,-1.803
2.71,-1.778
1.607,-1.805
1.423,2.376
1.351,2.478
0.925,2.663
0.465,2.583
-0.66,2.68
-1.029,2.377
-0.892,2.383
-1.25,2.42
-1.127,2.501
-1.362,2.718
-1.529,2.691
-1.651,2.418
-2.041,2.536
-2.186,2.453
-2.071,2.816
-2.064,2.534
-2.548,2.697
-2.88,2.845
3.14,2.768
2.708,2.628
2.249,2.597
2.143,2.643
2.104,2.605
-1.323,0.236
-1.771,-0.362
-3.004,-1.529
3.017,-0.211
2.682,0.474
-0.567,1.021
-2.039,1.765
2.163,0.718
2.142,0.517
2.086,0.861
1.864,-0.602
1.156,1.362
0.176,-0.262
0.081,0.026
-0.068,0.535
0.197,-1.834
-1.823,-1.358
-2.042,2.485
2.476,2.061
2.388,2.294
2.16,2.221
2.235,2.04
3.134,2.205
-2.679,2.652
-0.017,-0.805
-0.251,1.326
-0.231,-2.494
-0.245,-2.288
-0.472,1.075
-0.382,-2.034
-0.58,-2.41
-0.74,-0.439
-0.737,-1.224
-0.677,-1.443
-0.689,-2.592
-0.738,0.212
-0.766,-1.492
-0.911,-1.079
-0.909,1.201
-0.864,-1.54
-1.315,-2.09
-1.186,-1.522
-1.291,-0.308
-1.287,-1.303
-1.413,-2.242
-1.32,0.914
-1.403,-1.061
-1.442,0.741
-1.621,-0.627
-1.664,-0.645
-1.664,1.209
-1.601,0.584
-1.752,-1.476
-1.757,-1.491
-1.624,-1.931
-1.781,-0.774
-1.673,1.315
-1.687,0.174
-1.822,-2.137
-1.706,0.079
-1.723,0.251
-1.711,-1.536
-1.811,-1.385
-1.92,-0.284
-1.99,0.481
-1.913,-2.58
-1.924,-0.197
-2.046,1.362
-2.093,-0.568
-1.982,-2.295
-2.06,-0.765
-2.122,-1.045
-2.309,1.027
-2.274,-2.464
-2.305,0.74
-2.439,-1.998
-2.342,-1.299
-2.454,0.142
-2.381,-2.281
-2.554,-0.279
-2.594,-2.421
-2.476,0.21
-2.612,-2.373
-2.674,-2.349
-2.81,-0.239
-2.698,-1.208
-2.821,-2.472
-2.774,-2.624
-2.778,-2.347
-2.816,-1.272
-2.98,0.322
3.132,1.016
3.021,-0.881
3.003,-1.157
2.997,-1.113
2.999,-0.169
2.993,-0.222
2.971,-0.287
2.864,-0.455
2.832,-1.856
2.797,-0.363
2.734,-1.944
2.692,-1.147
2.634,-0.646
2.323,-1.315
2.428,-1.28
2.157,-1.202
2.279,-0.868
2.228,-1.487
2.105,-2.477
1.912,1.179
2.036,-0.594
1.888,-0.37
1.878,-2.305
1.96,0.846
1.793,-1.778
1.79,0.287
1.777,0.891
1.68,-0.546
1.771,-0.953
1.483,-2.83
1.013,-2.599
0.78,-2.881
0.465,-2.937
0.347,-2.886
-0.063,-2.682
-0.698,-2.949
-1.175,-2.893
-1.369,-2.744
-3.033,-2.558
3.05,-2.845
3.013,-2.954
2.721,-2.787
2.778,-2.762
1.675,-2.789
1.491,1.392
1.419,1.494
0.993,1.679
0.533,1.599
-0.592,1.696
-0.961,1.393
-0.824,1.399
-1.182,1.436
-1.059,1.517
-1.294,1.734
-1.461,1.707
-1.583,1.434
-1.973,1.552
-2.118,1.469
-2.003,1.832
-1.996,1.55
-2.48,1.713
-2.812,1.861
-3.075,1.784
2.776,1.644
2.317,1.613
2.211,1.659
2.172,1.621
-1.255,-0.748
-1.703,-1.346
-2.936,-2.513
3.085,-1.195
2.75,-0.51
-0.499,0.037
-1.971,0.781
2.231,-0.266
2.21,-0.467
2.154,-0.123
1.932,-1.586
1.224,0.378
0.244,-1.246
0.149,-0.958
0.0,-0.449
0.265,-2.818
-1.755,-2.342
-1.974,1.501
2.544,1.077
2.456,1.31
2.228,1.237
2.303,1.056
-3.081,1.221
-2.611,1.668
-0.234,2.131
-0.214,-1.689
-0.228,-1.483
-0.455,1.88
-0.365,-1.229
-0.563,-1.605
-0.723,0.366
-0.72,-0.419
-0.66,-0.638
-0.672,-1.787
-0.721,1.017
-0.749,-0.687
-0.894,-0.274
-0.892,2.006
-0.847,-0.735
-1.298,-1.285
-1.169,-0.717
-1.274,0.497
-1.27,-0.498
-1.396,-1.437
-1.303,1.719
-1.386,-0.256
-1.425,1.546
-1.604,0.178
-1.647,0.16
-1.647,2.014
-1.584,1.389
-1.735,-0.671
-1.74,-0.686
-1.607,-1.126
-1.764,0.031
-1.656,2.12
-1.67,0.979
-1.805,-1.332
-1.689,0.884
-1.706,1.056
-1.694,-0.731
-1.794,-0.58
-1.903,0.521
-1.973,1.286
-1.896,-1.775
-1.907,0.608
-2.029,2.167
-2.076,0.237
-1.965,-1.49
-2.043,0.04
-2.105,-0.24
-2.292,1.832
-2.257,-1.659
-2.288,1.545
-2.422,-1.193
-2.325,-0.494
-2.437,0.947
-2.364,-1.476
-2.537,0.526
-2.577,-1.616
-2.459,1.015
-2.595,-1.568
-2.657,-1.544
-2.793,0.566
-2.681,-0.403
-2.804,-1.667
-2.757,-1.819
-2.761,-1.542
-2.799,-0.467
-2.963,1.127
-3.134,1.821
3.038,-0.076
3.02,-0.352
3.014,-0.308
3.016,0.636
3.01,0.583
2.988,0.518
2.881,0.35
2.849,-1.051
2.814,0.442
2.751,-1.139
2.709,-0.342
2.651,0.159
2.34,-0.51
2.445,-0.475
2.174,-0.397
2.296,-0.063
2.245,-0.682
2.122,-1.672
1.929,1.984
2.053,0.211
1.905,0.435
1.895,-1.5
1.977,1.651
1.81,-0.973
1.807,1.092
1.794,1.696
1.697,0.259
1.788,-0.148
1.5,-2.025
1.03,-1.794
0.797,-2.076
0.482,-2.132
0.364,-2.081
-0.046,-1.877
-0.681,-2.144
-1.158,-2.088
-1.352,-1.939
-3.016,-1.753
3.067,-2.04
3.03,-2.149
2.738,-1.982
2.795,-1.957
1.692,-1.984
1.508,2.197
1.436,2.299
1.01,2.484
0.55,2.404
-0.575,2.501
-0.944,2.198
-0.807,2.204
-1.165,2.241
-1.042,2.322
-1.277,2.539
-1.444,2.512
-1.566,2.239
-1.956,2.357
-2.101,2.274
-1.986,2.637
-1.979,2.355
-2.463,2.518
-2.795,2.666
-3.058,2.589
2.793,2.449
2.334,2.418
2.228,2.464
2.189,2.426
-1.238,0.057
-1.686,-0.541
-2.919,-1.708
3.102,-0.39
2.767,0.295
-0.482,0.842
-1.954,1.586
2.248,0.539
2.227,0.338
2.171,0.682
1.949,-0.781
1.241,1.183
0.261,-0.441
0.166,-0.153
0.017,0.356
0.282,-2.013
-1.738,-1.537
-1.957,2.306
2.561,1.882
2.473,2.115
2.245,2.042
2.32,1.861
-3.064,2.026
-2.594,2.473
0.02,-3.82
0.006,-3.614
-0.221,-0.251
-0.131,-3.36
-0.329,-3.736
-0.489,-1.765
-0.486,-2.55
-0.426,-2.769
-0.438,-3.918
-0.487,-1.114
-0.515,-2.818
-0.66,-2.405
-0.658,-0.125
-0.613,-2.866
-1.064,-3.416
-0.935,-2.848
-1.04,-1.634
-1.036,-2.629
-1.162,-3.568
-1.069,-0.412
-1.152,-2.387
-1.191,-0.585
-1.37,-1.953
-1.413,-1.971
-1.413,-0.117
-1.35,-0.742
-1.501,-2.802
-1.506,-2.817
-1.373,-3.257
-1.53,-2.1
-1.422,-0.011
-1.436,-1.152
-1.571,-3.463
-1.455,-1.247
-1.472,-1.075
-1.46,-2.862
-1.56,-2.711
-1.669,-1.61
-1.739,-0.845
-1.662,-3.906
-1.673,-1.523
-1.795,0.036
-1.842,-1.894
-1.731,-3.621
-1.809,-2.091
-1.871,-2.371
-2.058,-0.299
-2.023,-3.79
-2.054,-0.586
-2.188,-3.324
-2.091,-2.625
-2.203,-1.184
-2.13,-3.607
-2.303,-1.605
-2.343,-3.747
-2.225,-1.116
-2.361,-3.699
-2.423,-3.675
-2.559,-1.565
-2.447,-2.534
-2.57,-3.798
-2.523,-3.95
-2.527,-3.673
-2.565,-2.598
-2.729,-1.004
-2.9,-0.31
-3.011,-2.207
-3.029,-2.483
-3.035,-2.439
-3.033,-1.495
-3.039,-1.548
-3.061,-1.613
3.115,-1.781
3.083,-3.182
3.048,-1.689
2.985,-3.27
2.943,-2.473
2.885,-1.972
2.574,-2.641
2.679,-2.606
2.408,-2.528
2.53,-2.194
2.479,-2.813
2.356,-3.803
2.163,-0.147
2.287,-1.92
2.139,-1.696
2.129,-3.631
2.211,-0.48
2.044,-3.104
2.041,-1.039
2.028,-0.435
1.931,-1.872
2.022,-2.279
1.734,-4.156
1.264,-3.925
1.031,-4.207
0.716,-4.263
0.598,-4.212
0.188,-4.008
-0.447,-4.275
-0.924,-4.219
-1.118,-4.07
-2.782,-3.884
-2.982,-4.171
-3.019,-4.28
2.972,-4.113
3.029,-4.088
1.926,-4.115
1.742,0.066
1.67,0.168
1.244,0.353
0.784,0.273
-0.341,0.37
-0.71,0.067
-0.573,0.073
-0.931,0.11
-0.808,0.191
-1.043,0.408
-1.21,0.381
-1.332,0.108
-1.722,0.226
-1.867,0.143
-1.752,0.506
-1.745,0.224
-2.229,0.387
-2.561,0.535
-2.824,0.458
3.027,0.318
2.568,0.287
2.462,0.333
2.423,0.295
-1.004,-2.074
-1.452,-2.672
-2.685,-3.839
-2.947,-2.521
3.001,-1.836
-0.248,-1.289
-1.72,-0.545
2.482,-1.592
2.461,-1.793
2.405,-1.449
2.183,-2.912
1.475,-0.948
0.495,-2.572
0.4,-2.284
0.251,-1.775
0.516,-4.144
-1.504,-3.668
-1.723,0.175
2.795,-0.249
2.707,-0.016
2.479,-0.089
2.554,-0.27
-2.83,-0.105
-2.36,0.342
-0.014,0.206
-0.241,3.569
-0.151,0.46
-0.349,0.084
-0.509,2.055
-0.506,1.27
-0.446,1.051
-0.458,-0.098
-0.507,2.706
-0.535,1.002
-0.68,1.415
-0.678,3.695
-0.633,0.954
-1.084,0.404
-0.955,0.972
-1.06,2.186
-1.056,1.191
-1.182,0.252
-1.089,3.408
-1.172,1.433
-1.211,3.235
-1.39,1.867
-1.433,1.849
-1.433,3.703
-1.37,3.078
-1.521,1.018
-1.526,1.003
-1.393,0.563
-1.55,1.72
-1.442,3.809
-1.456,2.668
-1.591,0.357
-1.475,2.573
-1.492,2.745
-1.48,0.958
-1.58,1.109
-1.689,2.21
-1.759,2.975
-1.682,-0.086
-1.693,2.297
-1.815,3.856
-1.862,1.926
-1.751,0.199
-1.829,1.729
-1.891,1.449
-2.078,3.521
-2.043,0.03
-2.074,3.234
-2.208,0.496
-2.111,1.195
-2.223,2.636
-2.15,0.213
-2.323,2.215
-2.363,0.073
-2.245,2.704
-2.381,0.121
-2.443,0.145
-2.579,2.255
-2.467,1.286
-2.59,0.022
-2.543,-0.13
-2.547,0.147
-2.585,1.222
-2.749,2.816
-2.92,3.51
-3.031,1.613
-3.049,1.337
-3.055,1.381
-3.053,2.325
-3.059,2.272
-3.081,2.207
3.095,2.039
3.063,0.638
3.028,2.131
2.965,0.55
2.923,1.347
2.865,1.848
2.554,1.179
2.659,1.214
2.388,1.292
2.51,1.626
2.459,1.007
2.336,0.017
2.143,3.673
2.267,1.9
2.119,2.124
2.109,0.189
2.191,3.34
2.024,0.716
2.021,2.781
2.008,3.385
1.911,1.948
2.002,1.541
1.714,-0.336
1.244,-0.105
1.011,-0.387
0.696,-0.443
0.578,-0.392
0.168,-0.188
-0.467,-0.455
-0.944,-0.399
-1.138,-0.25
-2.802,-0.064
-3.002,-0.351
-3.039,-0.46
2.952,-0.293
3.009,-0.268
1.906,-0.295
1.722,3.886
1.65,3.988
1.224,4.173
0.764,4.093
-0.361,4.19
-0.73,3.887
-0.593,3.893
-0.951,3.93
-0.828,4.011
-1.063,4.228
-1.23,4.201
-1.352,3.928
-1.742,4.046
-1.887,3.963
-1.772,4.326
-1.765,4.044
-2.249,4.207
-2.581,4.355
-2.844,4.278
3.007,4.138
2.548,4.107
2.442,4.153
2.403,4.115
-1.024,1.746
-1.472,1.148
-2.705,-0.019
-2.967,1.299
2.981,1.984
-0.268,2.531
-1.74,3.275
2.462,2.228
2.441,2.027
2.385,2.371
2.163,0.908
1.455,2.872
0.475,1.248
0.38,1.536
0.231,2.045
0.496,-0.324
-1.524,0.152
-1.743,3.995
2.775,3.571
2.687,3.804
2.459,3.731
2.534,3.55
-2.85,3.715
-2.38,4.162
-0.227,3.363
-0.137,0.254
-0.335,-0.122
-0.495,1.849
-0.492,1.064
-0.432,0.845
-0.444,-0.304
-0.493,2.5
-0.521,0.796
-0.666,1.209
-0.664,3.489
-0.619,0.748
-1.07,0.198
-0.941,0.766
-1.046,1.98
-1.042,0.985
-1.168,0.046
-1.075,3.202
-1.158,1.227
-1.197,3.029
-1.376,1.661
-1.419,1.643
-1.419,3.497
-1.356,2.872
-1.507,0.812
-1.512,0.797
-1.379,0.357
-1.536,1.514
-1.428,3.603
-1.442,2.462
-1.577,0.151
-1.461,2.367
-1.478,2.539
-1.466,0.752
-1.566,0.903
-1.675,2.004
-1.745,2.769
-1.668,-0.292
-1.679,2.091
-1.801,3.65
-1.848,1.72
-1.737,-0.007
-1.815,1.523
-1.877,1.243
-2.064,3.315
-2.029,-0.176
-2.06,3.028
-2.194,0.29
-2.097,0.989
-2.209,2.43
-2.136,0.007
-2.309,2.009
-2.349,-0.133
-2.231,2.498
-2.367,-0.085
-2.429,-0.061
-2.565,2.049
-2.453,1.08
-2.576,-0.184
-2.529,-0.336
-2.533,-0.059
-2.571,1.016
-2.735,2.61
-2.906,3.304
-3.017,1.407
-3.035,1.131
-3.041,1.175
-3.039,2.119
-3.045,2.066
-3.067,2.001
3.109,1.833
3.077,0.432
3.042,1.925
2.979,0.344
2.937,1.141
2.879,1.642
2.568,0.973
2.673,1.008
2.402,1.086
2.524,1.42
2.473,0.801
2.35,-0.189
2.157,3.467
2.281,1.694
2.133,1.918
2.123,-0.017
2.205,3.134
2.038,0.51
2.035,2.575
2.022,3.179
1.925,1.742
2.016,1.335
1.728,-0.542
1.258,-0.311
1.025,-0.593
0.71,-0.649
0.592,-0.598
0.182,-0.394
-0.453,-0.661
-0.93,-0.605
-1.124,-0.456
-2.788,-0.27
-2.988,-0.557
-3.025,-0.666
2.966,-0.499
3.023,-0.474
1.92,-0.501
1.736,3.68
1.664,3.782
1.238,3.967
0.778,3.887
-0.347,3.984
-0.716,3.681
-0.579,3.687
-0.937,3.724
-0.814,3.805
-1.049,4.022
-1.216,3.995
-1.338,3.722
-1.728,3.84
-1.873,3.757
-1.758,4.12
-1.751,3.838
-2.235,4.001
-2.567,4.149
-2.83,4.072
3.021,3.932
2.562,3.901
2.456,3.947
2.417,3.909
-1.01,1.54
-1.458,0.942
-2.691,-0.225
-2.953,1.093
2.995,1.778
-0.254,2.325
-1.726,3.069
2.476,2.022
2.455,1.821
2.399,2.165
2.177,0.702
1.469,2.666
0.489,1.042
0.394,1.33
0.245,1.839
0.51,-0.53
-1.51,-0.054
-1.729,3.789
2.789,3.365
2.701,3.598
2.473,3.525
2.548,3.344
-2.836,3.509
-2.366,3.956
0.09,-3.109
-0.108,-3.485
-0.268,-1.514
-0.265,-2.299
-0.205,-2.518
-0.217,-3.667
-0.266,-0.863
-0.294,-2.567
-0.439,-2.154
-0.437,0.126
-0.392,-2.615
-0.843,-3.165
-0.714,-2.597
-0.819,-1.383
-0.815,-2.378
-0.941,-3.317
-0.848,-0.161
-0.931,-2.136
-0.97,-0.334
-1.149,-1.702
-1.192,-1.72
-1.192,0.134
-1.129,-0.491
-1.28,-2.551
-1.285,-2.566
-1.152,-3.006
-1.309,-1.849
-1.201,0.24
-1.215,-0.901
-1.35,-3.212
-1.234,-0.996
-1.251,-0.824
-1.239,-2.611
-1.339,-2.46
-1.448,-1.359
-1.518,-0.594
-1.441,-3.655
-1.452,-1.272
-1.574,0.287
-1.621,-1.643
-1.51,-3.37
-1.588,-1.84
-1.65,-2.12
-1.837,-0.048
-1.802,-3.539
-1.833,-0.335
-1.967,-3.073
-1.87,-2.374
-1.982,-0.933
-1.909,-3.356
-2.082,-1.354
-2.122,-3.496
-2.004,-0.865
-2.14,-3.448
-2.202,-3.424
-2.338,-1.314
-2.226,-2.283
-2.349,-3.547
-2.302,-3.699
-2.306,-3.422
-2.344,-2.347
-2.508,-0.753
-2.679,-0.059
-2.79,-1.956
-2.808,-2.232
-2.814,-2.188
-2.812,-1.244
-2.818,-1.297
-2.84,-1.362
-2.947,-1.53
-2.979,-2.931
-3.014,-1.438
-3.077,-3.019
-3.119,-2.222
3.106,-1.721
2.795,-2.39
2.9,-2.355
2.629,-2.277
2.751,-1.943
2.7,-2.562
2.577,-3.552
2.384,0.104
2.508,-1.669
2.36,-1.445
2.35,-3.38
2.432,-0.229
2.265,-2.853
2.262,-0.788
2.249,-0.184
2.152,-1.621
2.243,-2.028
1.955,-3.905
1.485,-3.674
1.252,-3.956
0.937,-4.012
0.819,-3.961
0.409,-3.757
-0.226,-4.024
-0.703,-3.968
-0.897,-3.819
-2.561,-3.633
-2.761,-3.92
-2.798,-4.029
-3.09,-3.862
-3.033,-3.837
2.147,-3.864
1.963,0.317
1.891,0.419
1.465,0.604
1.005,0.524
-0.12,0.621
-0.489,0.318
-0.352,0.324
-0.71,0.361
-0.587,0.442
-0.822,0.659
-0.989,0.632
-1.111,0.359
-1.501,0.477
-1.646,0.394
-1.531,0.757
-1.524,0.475
-2.008,0.638
-2.34,0.786
-2.603,0.709
-3.035,0.569
2.789,0.538
2.683,0.584
2.644,0.546
-0.783,-1.823
-1.231,-2.421
-2.464,-3.588
-2.726,-2.27
-3.061,-1.585
-0.027,-1.038
-1.499,-0.294
2.703,-1.341
2.682,-1.542
2.626,-1.198
2.404,-2.661
1.696,-0.697
0.716,-2.321
0.621,-2.033
0.472,-1.524
0.737,-3.893
-1.283,-3.417
-1.502,0.426
3.016,0.002
2.928,0.235
2.7,0.162
2.775,-0.019
-2.609,0.146
-2.139,0.593
-0.198,-0.376
-0.358,1.595
-0.355,0.81
-0.295,0.591
-0.307,-0.558
-0.356,2.246
-0.384,0.542
-0.529,0.955
-0.527,3.235
-0.482,0.494
-0.933,-0.056
-0.804,0.512
-0.909,1.726
-0.905,0.731
-1.031,-0.208
-0.938,2.948
-1.021,0.973
-1.06,2.775
-1.239,1.407
-1.282,1.389
-1.282,3.243
-1.219,2.618
-1.37,0.558
-1.375,0.543
-1.242,0.103
-1.399,1.26
-1.291,3.349
-1.305,2.208
-1.44,-0.103
-1.324,2.113
-1.341,2.285
-1.329,0.498
-1.429,0.649
-1.538,1.75
-1.608,2.515
-1.531,-0.546
-1.542,1.837
-1.664,3.396
-1.711,1.466
-1.6,-0.261
-1.678,1.269
-1.74,0.989
-1.927,3.061
-1.892,-0.43
-1.923,2.774
-2.057,0.036
-1.96,0.735
-2.072,2.176
-1.999,-0.247
-2.172,1.755
-2.212,-0.387
-2.094,2.244
-2.23,-0.339
-2.292,-0.315
-2.428,1.795
-2.316,0.826
-2.439,-0.438
-2.392,-0.59
-2.396,-0.313
-2.434,0.762
-2.598,2.356
-2.769,3.05
-2.88,1.153
-2.898,0.877
-2.904,0.921
-2.902,1.865
-2.908,1.812
-2.93,1.747
-3.037,1.579
-3.069,0.178
-3.104,1.671
3.116,0.09
3.074,0.887
3.016,1.388
2.705,0.719
2.81,0.754
2.539,0.832
2.661,1.166
2.61,0.547
2.487,-0.443
2.294,3.213
2.418,1.44
2.27,1.664
2.26,-0.271
2.342,2.88
2.175,0.256
2.172,2.321
2.159,2.925
2.062,1.488
2.153,1.081
1.865,-0.796
1.395,-0.565
1.162,-0.847
0.847,-0.903
0.729,-0.852
0.319,-0.648
-0.316,-0.915
-0.793,-0.859
-0.987,-0.71
-2.651,-0.524
-2.851,-0.811
-2.888,-0.92
3.103,-0.753
-3.123,-0.728
2.057,-0.755
1.873,3.426
1.801,3.528
1.375,3.713
0.915,3.633
-0.21,3.73
-0.579,3.427
-0.442,3.433
-0.8,3.47
-0.677,3.551
-0.912,3.768
-1.079,3.741
-1.201,3.468
-1.591,3.586
-1.736,3.503
-1.621,3.866
-1.614,3.584
-2.098,3.747
-2.43,3.895
-2.693,3.818
-3.125,3.678
2.699,3.647
2.593,3.693
2.554,3.655
-0.873,1.286
-1.321,0.688
-2.554,-0.479
-2.816,0.839
3.132,1.524
-0.117,2.071
-1.589,2.815
2.613,1.768
2.592,1.567
2.536,1.911
2.314,0.448
1.606,2.412
0.626,0.788
0.531,1.076
0.382,1.585
0.647,-0.784
-1.373,-0.308
-1.592,3.535
2.926,3.111
2.838,3.344
2.61,3.271
2.685,3.09
-2.699,3.255
-2.229,3.702
-0.16,1.971
-0.157,1.186
-0.097,0.967
-0.109,-0.182
-0.158,2.622
-0.186,0.918
-0.331,1.331
-0.329,3.611
-0.284,0.87
-0.735,0.32
-0.606,0.888
-0.711,2.102
-0.707,1.107
-0.833,0.168
-0.74,3.324
-0.823,1.349
-0.862,3.151
-1.041,1.783
-1.084,1.765
-1.084,3.619
-1.021,2.994
-1.172,0.934
-1.177,0.919
-1.044,0.479
-1.201,1.636
-1.093,3.725
-1.107,2.584
-1.242,0.273
-1.126,2.489
-1.143,2.661
-1.131,0.874
-1.231,1.025
-1.34,2.126
-1.41,2.891
-1.333,-0.17
-1.344,2.213
-1.466,3.772
-1.513,1.842
-1.402,0.115
-1.48,1.645
-1.542,1.365
-1.729,3.437
-1.694,-0.054
-1.725,3.15
-1.859,0.412
-1.762,1.111
-1.874,2.552
-1.801,0.129
-1.974,2.131
-2.014,-0.011
-1.896,2.62
-2.032,0.037
-2.094,0.061
-2.23,2.171
-2.118,1.202
-2.241,-0.062
-2.194,-0.214
-2.198,0.063
-2.236,1.138
-2.4,2.732
-2.571,3.426
-2.682,1.529
-2.7,1.253
-2.706,1.297
-2.704,2.241
-2.71,2.188
-2.732,2.123
-2.839,1.955
-2.871,0.554
-2.906,2.047
-2.969,0.466
-3.011,1.263
-3.069,1.764
2.903,1.095
3.008,1.13
2.737,1.208
2.859,1.542
2.808,0.923
2.685,-0.067
2.492,3.589
2.616,1.816
2.468,2.04
2.458,0.105
2.54,3.256
2.373,0.632
2.37,2.697
2.357,3.301
2.26,1.864
2.351,1.457
2.063,-0.42
1.593,-0.189
1.36,-0.471
1.045,-0.527
0.927,-0.476
0.517,-0.272
-0.118,-0.539
-0.595,-0.483
-0.789,-0.334
-2.453,-0.148
-2.653,-0.435
-2.69,-0.544
-2.982,-0.377
-2.925,-0.352
2.255,-0.379
2.071,3.802
1.999,3.904
1.573,4.089
1.113,4.009
-0.012,4.106
-0.381,3.803
-0.244,3.809
-0.602,3.846
-0.479,3.927
-0.714,4.144
-0.881,4.117
-1.003,3.844
-1.393,3.962
-1.538,3.879
-1.423,4.242
-1.416,3.96
-1.9,4.123
-2.232,4.271
-2.495,4.194
-2.927,4.054
2.897,4.023
2.791,4.069
2.752,4.031
-0.675,1.662
-1.123,1.064
-2.356,-0.103
-2.618,1.215
-2.953,1.9
0.081,2.447
-1.391,3.191
2.811,2.144
2.79,1.943
2.734,2.287
2.512,0.824
1.804,2.788
0.824,1.164
0.729,1.452
0.58,1.961
0.845,-0.408
-1.175,0.068
-1.394,3.911
3.124,3.487
3.036,3.72
2.808,3.647
2.883,3.466
-2.501,3.631
-2.031,4.078
0.003,-0.785
0.063,-1.004
0.051,-2.153
0.002,0.651
-0.026,-1.053
-0.171,-0.64
-0.169,1.64
-0.124,-1.101
-0.575,-1.651
-0.446,-1.083
-0.551,0.131
-0.547,-0.864
-0.673,-1.803
-0.58,1.353
-0.663,-0.622
-0.702,1.18
-0.881,-0.188
-0.924,-0.206
-0.924,1.648
-0.861,1.023
-1.012,-1.037
-1.017,-1.052
-0.884,-1.492
-1.041,-0.335
-0.933,1.754
-0.947,0.613
-1.082,-1.698
-0.966,0.518
-0.983,0.69
-0.971,-1.097
-1.071,-0.946
-1.18,0.155
-1.25,0.92
-1.173,-2.141
-1.184,0.242
-1.306,1.801
-1.353,-0.129
-1.242,-1.856
-1.32,-0.326
-1.382,-0.606
-1.569,1.466
-1.534,-2.025
-1.565,1.179
-1.699,-1.559
-1.602,-0.86
-1.714,0.581
-1.641,-1.842
-1.814,0.16
-1.854,-1.982
-1.736,0.649
-1.872,-1.934
-1.934,-1.91
-2.07,0.2
-1.958,-0.769
-2.081,-2.033
-2.034,-2.185
-2.038,-1.908
-2.076,-0.833
-2.24,0.761
-2.411,1.455
-2.522,-0.442
-2.54,-0.718
-2.546,-0.674
-2.544,0.27
-2.55,0.217
-2.572,0.152
-2.679,-0.016
-2.711,-1.417
-2.746,0.076
-2.809,-1.505
-2.851,-0.708
-2.909,-0.207
3.063,-0.876
-3.115,-0.841
2.897,-0.763
3.019,-0.429
2.968,-1.048
2.845,-2.038
2.652,1.618
2.776,-0.155
2.628,0.069
2.618,-1.866
2.7,1.285
2.533,-1.339
2.53,0.726
2.517,1.33
2.42,-0.107
2.511,-0.514
2.223,-2.391
1.753,-2.16
1.52,-2.442
1.205,-2.498
1.087,-2.447
0.677,-2.243
0.042,-2.51
-0.435,-2.454
-0.629,-2.305
-2.293,-2.119
-2.493,-2.406
-2.53,-2.515
-2.822,-2.348
-2.765,-2.323
2.415,-2.35
2.231,1.831
2.159,1.933
1.733,2.118
1.273,2.038
0.148,2.135
-0.221,1.832
-0.084,1.838
-0.442,1.875
-0.319,1.956
-0.554,2.173
-0.721,2.146
-0.843,1.873
-1.233,1.991
-1.378,1.908
-1.263,2.271
-1.256,1.989
-1.74,2.152
-2.072,2.3
-2.335,2.223
-2.767,2.083
3.057,2.052
2.951,2.098
2.912,2.06
-0.515,-0.309
-0.963,-0.907
-2.196,-2.074
-2.458,-0.756
-2.793,-0.071
0.241,0.476
-1.231,1.22
2.971,0.173
2.95,-0.028
2.894,0.316
2.672,-1.147
1.964,0.817
0.984,-0.807
0.889,-0.519
0.74,-0.01
1.005,-2.379
-1.015,-1.903
-1.234,1.94
-2.999,1.516
-3.087,1.749
2.968,1.676
3.043,1.495
-2.341,1.66
-1.871,2.107
0.06,-0.219
0.048,-1.368
-0.001,1.436
-0.029,-0.268
-0.174,0.145
-0.172,2.425
-0.127,-0.316
-0.578,-0.866
-0.449,-0.298
-0.554,0.916
-0.55,-0.079
-0.676,-1.018
-0.583,2.138
-0.666,0.163
-0.705,1.965
-0.884,0.597
-0.927,0.579
-0.927,2.433
-0.864,1.808
-1.015,-0.252
-1.02,-0.267
-0.887,-0.707
-1.044,0.45
-0.936,2.539
-0.95,1.398
-1.085,-0.913
-0.969,1.303
-0.986,1.475
-0.974,-0.312
-1.074,-0.161
-1.183,0.94
-1.253,1.705
-1.176,-1.356
-1.187,1.027
-1.309,2.586
-1.356,0.656
-1.245,-1.071
-1.323,0.459
-1.385,0.179
-1.572,2.251
-1.537,-1.24
-1.568,1.964
-1.702,-0.774
-1.605,-0.075
-1.717,1.366
-1.644,-1.057
-1.817,0.945
-1.857,-1.197
-1.739,1.434
-1.875,-1.149
-1.937,-1.125
-2.073,0.985
-1.961,0.016
-2.084,-1.248
-2.037,-1.4
-2.041,-1.123
-2.079,-0.048
-2.243,1.546
-2.414,2.24
-2.525,0.343
-2.543,0.067
-2.549,0.111
-2.547,1.055
-2.553,1.002
-2.575,0.937
-2.682,0.769
-2.714,-0.632
-2.749,0.861
-2.812,-0.72
-2.854,0.077
-2.912,0.578
3.06,-0.091
-3.118,-0.056
2.894,0.022
3.016,0.356
2.965,-0.263
2.842,-1.253
2.649,2.403
2.773,0.63
2.625,0.854
2.615,-1.081
2.697,2.07
2.53,-0.554
2.527,1.511
2.514,2.115
2.417,0.678
2.508,0.271
2.22,-1.606
1.75,-1.375
1.517,-1.657
1.202,-1.713
1.084,-1.662
0.674,-1.458
0.039,-1.725
-0.438,-1.669
-0.632,-1.52
-2.296,-1.334
-2.496,-1.621
-2.533,-1.73
-2.825,-1.563
-2.768,-1.538
2.412,-1.565
2.228,2.616
2.156,2.718
1.73,2.903
1.27,2.823
0.145,2.92
-0.224,2.617
-0.087,2.623
-0.445,2.66
-0.322,2.741
-0.557,2.958
-0.724,2.931
-0.846,2.658
-1.236,2.776
-1.381,2.693
-1.266,3.056
-1.259,2.774
-1.743,2.937
-2.075,3.085
-2.338,3.008
-2.77,2.868
3.054,2.837
2.948,2.883
2.909,2.845
-0.518,0.476
-0.966,-0.122
-2.199,-1.289
-2.461,0.029
-2.796,0.714
0.238,1.261
-1.234,2.005
2.968,0.958
2.947,0.757
2.891,1.101
2.669,-0.362
1.961,1.602
0.981,-0.022
0.886,0.266
0.737,0.775
1.002,-1.594
-1.018,-1.118
-1.237,2.725
-3.002,2.301
-3.09,2.534
2.965,2.461
3.04,2.28
-2.344,2.445
-1.874,2.892
-0.012,-1.149
-0.061,1.655
-0.089,-0.049
-0.234,0.364
-0.232,2.644
-0.187,-0.097
-0.638,-0.647
-0.509,-0.079
-0.614,1.135
-0.61,0.14
-0.736,-0.799
-0.643,2.357
-0.726,0.382
-0.765,2.184
-0.944,0.816
-0.987,0.798
-0.987,2.652
-0.924,2.027
-1.075,-0.033
-1.08,-0.048
-0.947,-0.488
-1.104,0.669
-0.996,2.758
-1.01,1.617
-1.145,-0.694
-1.029,1.522
-1.046,1.694
-1.034,-0.093
-1.134,0.058
-1.243,1.159
-1.313,1.924
-1.236,-1.137
-1.247,1.246
-1.369,2.805
-1.416,0.875
-1.305,-0.852
-1.383,0.678
-1.445,0.398
-1.632,2.47
-1.597,-1.021
-1.628,2.183
-1.762,-0.555
-1.665,0.144
-1.777,1.585
-1.704,-0.838
-1.877,1.164
-1.917,-0.978
-1.799,1.653
-1.935,-0.93
-1.997,-0.906
-2.133,1.204
-2.021,0.235
-2.144,-1.029
-2.097,-1.181
-2.101,-0.904
-2.139,0.171
-2.303,1.765
-2.474,2.459
-2.585,0.562
-2.603,0.286
-2.609,0.33
-2.607,1.274
-2.613,1.221
-2.635,1.156
-2.742,0.988
-2.774,-0.413
-2.809,1.08
-2.872,-0.501
-2.914,0.296
-2.972,0.797
3.0,0.128
3.105,0.163
2.834,0.241
2.956,0.575
2.905,-0.044
2.782,-1.034
2.589,2.622
2.713,0.849
2.565,1.073
2.555,-0.862
2.637,2.289
2.47,-0.335
2.467,1.73
2.454,2.334
2.357,0.897
2.448,0.49
2.16,-1.387
1.69,-1.156
1.457,-1.438
1.142,-1.494
1.024,-1.443
0.614,-1.239
-0.021,-1.506
-0.498,-1.45
-0.692,-1.301
-2.356,-1.115
-2.556,-1.402
-2.593,-1.511
-2.885,-1.344
-2.828,-1.319
2.352,-1.346
2.168,2.835
2.096,2.937
1.67,3.122
1.21,3.042
0.085,3.139
-0.284,2.836
-0.147,2.842
-0.505,2.879
-0.382,2.96
-0.617,3.177
-0.784,3.15
-0.906,2.877
-1.296,2.995
-1.441,2.912
-1.326,3.275
-1.319,2.993
-1.803,3.156
-2.135,3.304
-2.398,3.227
-2.83,3.087
2.994,3.056
2.888,3.102
2.849,3.064
-0.578,0.695
-1.026,0.097
-2.259,-1.07
-2.521,0.248
-2.856,0.933
0.178,1.48
-1.294,2.224
2.908,1.177
2.887,0.976
2.831,1.32
2.609,-0.143
1.901,1.821
0.921,0.197
0.826,0.485
0.677,0.994
0.942,-1.375
-1.078,-0.899
-1.297,2.944
-3.062,2.52
3.133,2.753
2.905,2.68
2.98,2.499
-2.404,2.664
-1.934,3.111
-0.049,2.804
-0.077,1.1
-0.222,1.513
-0.22,3.793
-0.175,1.052
-0.626,0.502
-0.497,1.07
-0.602,2.284
-0.598,1.289
-0.724,0.35
-0.631,3.506
-0.714,1.531
-0.753,3.333
-0.932,1.965
-0.975,1.947
-0.975,3.801
-0.912,3.176
-1.063,1.116
-1.068,1.101
-0.935,0.661
-1.092,1.818
-0.984,3.907
-0.998,2.766
-1.133,0.455
-1.017,2.671
-1.034,2.843
-1.022,1.056
-1.122,1.207
-1.231,2.308
-1.301,3.073
-1.224,0.012
-1.235,2.395
-1.357,3.954
-1.404,2.024
-1.293,0.297
-1.371,1.827
-1.433,1.547
-1.62,3.619
-1.585,0.128
-1.616,3.332
-1.75,0.594
-1.653,1.293
-1.765,2.734
-1.692,0.311
-1.865,2.313
-1.905,0.171
-1.787,2.802
-1.923,0.219
-1.985,0.243
-2.121,2.353
-2.009,1.384
-2.132,0.12
-2.085,-0.032
-2.089,0.245
-2.127,1.32
-2.291,2.914
-2.462,3.608
-2.573,1.711
-2.591,1.435
-2.597,1.479
-2.595,2.423
-2.601,2.37
-2.623,2.305
-2.73,2.137
-2.762,0.736
-2.797,2.229
-2.86,0.648
-2.902,1.445
-2.96,1.946
3.012,1.277
3.117,1.312
2.846,1.39
2.968,1.724
2.917,1.105
2.794,0.115
2.601,3.771
2.725,1.998
2.577,2.222
2.567,0.287
2.649,3.438
2.482,0.814
2.479,2.879
2.466,3.483
2.369,2.046
2.46,1.639
2.172,-0.238
1.702,-0.007
1.469,-0.289
1.154,-0.345
1.036,-0.294
0.626,-0.09
-0.009,-0.357
-0.486,-0.301
-0.68,-0.152
-2.344,0.034
-2.544,-0.253
-2.581,-0.362
-2.873,-0.195
-2.816,-0.17
2.364,-0.197
2.18,3.984
2.108,4.086
1.682,4.271
1.222,4.191
0.097,4.288
-0.272,3.985
-0.135,3.991
-0.493,4.028
-0.37,4.109
-0.605,4.326
-0.772,4.299
-0.894,4.026
-1.284,4.144
-1.429,4.061
-1.314,4.424
-1.307,4.142
-1.791,4.305
-2.123,4.453
-2.386,4.376
-2.818,4.236
3.006,4.205
2.9,4.251
2.861,4.213
-0.566,1.844
-1.014,1.246
-2.247,0.079
-2.509,1.397
-2.844,2.082
0.19,2.629
-1.282,3.373
2.92,2.326
2.899,2.125
2.843,2.469
2.621,1.006
1.913,2.97
0.933,1.346
0.838,1.634
0.689,2.143
0.954,-0.226
-1.066,0.25
-1.285,4.093
-3.05,3.669
-3.138,3.902
2.917,3.829
2.992,3.648
-2.392,3.813
-1.922,4.26
-0.028,-1.704
-0.173,-1.291
-0.171,0.989
-0.126,-1.752
-0.577,-2.302
-0.448,-1.734
-0.553,-0.52
-0.549,-1.515
-0.675,-2.454
-0.582,0.702
-0.665,-1.273
-0.704,0.529
-0.883,-0.839
-0.926,-0.857
-0.926,0.997
-0.863,0.372
-1.014,-1.688
-1.019,-1.703
-0.886,-2.143
-1.043,-0.986
-0.935,1.103
-0.949,-0.038
-1.084,-2.349
-0.968,-0.133
-0.985,0.039
-0.973,-1.748
-1.073,-1.597
-1.182,-0.496
-1.252,0.269
-1.175,-2.792
-1.186,-0.409
-1.308,1.15
-1.355,-0.78
-1.244,-2.507
-1.322,-0.977
-1.384,-1.257
-1.571,0.815
-1.536,-2.676
-1.567,0.528
-1.701,-2.21
-1.604,-1.511
-1.716,-0.07
-1.643,-2.493
-1.816,-0.491
-1.856,-2.633
-1.738,-0.002
-1.874,-2.585
-1.936,-2.561
-2.072,-0.451
-1.96,-1.42
-2.083,-2.684
-2.036,-2.836
-2.04,-2.559
-2.078,-1.484
-2.242,0.11
-2.413,0.804
-2.524,-1.093
-2.542,-1.369
-2.548,-1.325
-2.546,-0.381
-2.552,-0.434
-2.574,-0.499
-2.681,-0.667
-2.713,-2.068
-2.748,-0.575
-2.811,-2.156
-2.853,-1.359
-2.911,-0.858
3.061,-1.527
-3.117,-1.492
2.895,-1.414
3.017,-1.08
2.966,-1.699
2.843,-2.689
2.65,0.967
2.774,-0.806
2.626,-0.582
2.616,-2.517
2.698,0.634
2.531,-1.99
2.528,0.075
2.515,0.679
2.418,-0.758
2.509,-1.165
2.221,-3.042
1.751,-2.811
1.518,-3.093
1.203,-3.149
1.085,-3.098
0.675,-2.894
0.04,-3.161
-0.437,-3.105
-0.631,-2.956
-2.295,-2.77
-2.495,-3.057
-2.532,-3.166
-2.824,-2.999
-2.767,-2.974
2.413,-3.001
2.229,1.18
2.157,1.282
1.731,1.467
1.271,1.387
0.146,1.484
-0.223,1.181
-0.086,1.187
-0.444,1.224
-0.321,1.305
-0.556,1.522
-0.723,1.495
-0.845,1.222
-1.235,1.34
-1.38,1.257
-1.265,1.62
-1.258,1.338
-1.742,1.501
-2.074,1.649
-2.337,1.572
-2.769,1.432
3.055,1.401
2.949,1.447
2.91,1.409
-0.517,-0.96
-0.965,-1.558
-2.198,-2.725
-2.46,-1.407
-2.795,-0.722
0.239,-0.175
-1.233,0.569
2.969,-0.478
2.948,-0.679
2.892,-0.335
2.67,-1.798
1.962,0.166
0.982,-1.458
0.887,-1.17
0.738,-0.661
1.003,-3.03
-1.017,-2.554
-1.236,1.289
-3.001,0.865
-3.089,1.098
2.966,1.025
3.041,0.844
-2.343,1.009
-1.873,1.456
-0.145,0.413
-0.143,2.693
-0.098,-0.048
-0.549,-0.598
-0.42,-0.03
-0.525,1.184
-0.521,0.189
-0.647,-0.75
-0.554,2.406
-0.637,0.431
-0.676,2.233
-0.855,0.865
-0.898,0.847
-0.898,2.701
-0.835,2.076
-0.986,0.016
-0.991,0.001
-0.858,-0.439
-1.015,0.718
-0.907,2.807
-0.921,1.666
-1.056,-0.645
-0.94,1.571
-0.957,1.743
-0.945,-0.044
-1.045,0.107
-1.154,1.208
-1.224,1.973
-1.147,-1.088
-1.158,1.295
-1.28,2.854
-1.327,0.924
-1.216,-0.803
-1.294,0.727
-1.356,0.447
-1.543,2.519
-1.508,-0.972
-1.539,2.232
-1.673,-0.506
-1.576,0.193
-1.688,1.634
-1.615,-0.789
-1.788,1.213
-1.828,-0.929
-1.71,1.702
-1.846,-0.881
-1.908,-0.857
-2.044,1.253
-1.932,0.284
-2.055,-0.98
-2.008,-1.132
-2.012,-0.855
-2.05,0.22
-2.214,1.814
-2.385,2.508
-2.496,0.611
-2.514,0.335
-2.52,0.379
-2.518,1.323
-2.524,1.27
-2.546,1.205
-2.653,1.037
-2.685,-0.364
-2.72,1.129
-2.783,-0.452
-2.825,0.345
-2.883,0.846
3.089,0.177
-3.089,0.212
2.923,0.29
3.045,0.624
2.994,0.005
2.871,-0.985
2.678,2.671
2.802,0.898
2.654,1.122
2.644,-0.813
2.726,2.338
2.559,-0.286
2.556,1.779
2.543,2.383
2.446,0.946
2.537,0.539
2.249,-1.338
1.779,-1.107
1.546,-1.389
1.231,-1.445
1.113,-1.394
0.703,-1.19
0.068,-1.457
-0.409,-1.401
-0.603,-1.252
-2.267,-1.066
-2.467,-1.353
-2.504,-1.462
-2.796,-1.295
-2.739,-1.27
2.441,-1.297
2.257,2.884
2.185,2.986
1.759,3.171
1.299,3.091
0.174,3.188
-0.195,2.885
-0.058,2.891
-0.416,2.928
-0.293,3.009
-0.528,3.226
-0.695,3.199
-0.817,2.926
-1.207,3.044
-1.352,2.961
-1.237,3.324
-1.23,3.042
-1.714,3.205
-2.046,3.353
-2.309,3.276
-2.741,3.136
3.083,3.105
2.977,3.151
2.938,3.113
-0.489,0.744
-0.937,0.146
-2.17,-1.021
-2.432,0.297
-2.767,0.982
0.267,1.529
-1.205,2.273
2.997,1.226
2.976,1.025
2.92,1.369
2.698,-0.094
1.99,1.87
1.01,0.246
0.915,0.534
0.766,1.043
1.031,-1.326
-0.989,-0.85
-1.208,2.993
-2.973,2.569
-3.061,2.802
2.994,2.729
3.069,2.548
-2.315,2.713
-1.845,3.16
0.002,2.28
0.047,-0.461
-0.404,-1.011
-0.275,-0.443
-0.38,0.771
-0.376,-0.224
-0.502,-1.163
-0.409,1.993
-0.492,0.018
-0.531,1.82
-0.71,0.452
-0.753,0.434
-0.753,2.288
-0.69,1.663
-0.841,-0.397
-0.846,-0.412
-0.713,-0.852
-0.87,0.305
-0.762,2.394
-0.776,1.253
-0.911,-1.058
-0.795,1.158
-0.812,1.33
-0.8,-0.457
-0.9,-0.306
-1.009,0.795
-1.079,1.56
-1.002,-1.501
-1.013,0.882
-1.135,2.441
-1.182,0.511
-1.071,-1.216
-1.149,0.314
-1.211,0.034
-1.398,2.106
-1.363,-1.385
-1.394,1.819
-1.528,-0.919
-1.431,-0.22
-1.543,1.221
-1.47,-1.202
-1.643,0.8
-1.683,-1.342
-1.565,1.289
-1.701,-1.294
-1.763,-1.27
-1.899,0.84
-1.787,-0.129
-1.91,-1.393
-1.863,-1.545
-1.867,-1.268
-1.905,-0.193
-2.069,1.401
-2.24,2.095
-2.351,0.198
-2.369,-0.078
-2.375,-0.034
-2.373,0.91
-2.379,0.857
-2.401,0.792
-2.508,0.624
-2.54,-0.777
-2.575,0.716
-2.638,-0.865
-2.68,-0.068
-2.738,0.433
-3.049,-0.236
-2.944,-0.201
3.068,-0.123
-3.093,0.211
3.139,-0.408
3.016,-1.398
2.823,2.258
2.947,0.485
2.799,0.709
2.789,-1.226
2.871,1.925
2.704,-0.699
2.701,1.366
2.688,1.97
2.591,0.533
2.682,0.126
2.394,-1.751
1.924,-1.52
1.691,-1.802
1.376,-1.858
1.258,-1.807
0.848,-1.603
0.213,-1.87
-0.264,-1.814
-0.458,-1.665
-2.122,-1.479
-2.322,-1.766
-2.359,-1.875
-2.651,-1.708
-2.594,-1.683
2.586,-1.71
2.402,2.471
2.33,2.573
1.904,2.758
1.444,2.678
0.319,2.775
-0.05,2.472
0.087,2.478
-0.271,2.515
-0.148,2.596
-0.383,2.813
-0.55,2.786
-0.672,2.513
-1.062,2.631
-1.207,2.548
-1.092,2.911
-1.085,2.629
-1.569,2.792
-1.901,2.94
-2.164,2.863
-2.596,2.723
-3.055,2.692
3.122,2.738
3.083,2.7
-0.344,0.331
-0.792,-0.267
-2.025,-1.434
-2.287,-0.116
-2.622,0.569
0.412,1.116
-1.06,1.86
-3.141,0.813
3.121,0.612
3.065,0.956
2.843,-0.507
2.135,1.457
1.155,-0.167
1.06,0.121
0.911,0.63
1.176,-1.739
-0.844,-1.263
-1.063,2.58
-2.828,2.156
-2.916,2.389
3.139,2.316
-3.069,2.135
-2.17,2.3
-1.7,2.747
0.045,-2.741
-0.406,-3.291
-0.277,-2.723
-0.382,-1.509
-0.378,-2.504
-0.504,-3.443
-0.411,-0.287
-0.494,-2.262
-0.533,-0.46
-0.712,-1.828
-0.755,-1.846
-0.755,0.008
-0.692,-0.617
-0.843,-2.677
-0.848,-2.692
-0.715,-3.132
-0.872,-1.975
-0.764,0.114
-0.778,-1.027
-0.913,-3.338
-0.797,-1.122
-0.814,-0.95
-0.802,-2.737
-0.902,-2.586
-1.011,-1.485
-1.081,-0.72
-1.004,-3.781
-1.015,-1.398
-1.137,0.161
-1.184,-1.769
-1.073,-3.496
-1.151,-1.966
-1.213,-2.246
-1.4,-0.174
-1.365,-3.665
-1.396,-0.461
-1.53,-3.199
-1.433,-2.5
-1.545,-1.059
-1.472,-3.482
-1.645,-1.48
-1.685,-3.622
-1.567,-0.991
-1.703,-3.574
-1.765,-3.55
-1.901,-1.44
-1.789,-2.409
-1.912,-3.673
-1.865,-3.825
-1.869,-3.548
-1.907,-2.473
-2.071,-0.879
-2.242,-0.185
-2.353,-2.082
-2.371,-2.358
-2.377,-2.314
-2.375,-1.37
-2.381,-1.423
-2.403,-1.488
-2.51,-1.656
-2.542,-3.057
-2.577,-1.564
-2.64,-3.145
-2.682,-2.348
-2.74,-1.847
-3.051,-2.516
-2.946,-2.481
3.066,-2.403
-3.095,-2.069
3.137,-2.688
3.014,-3.678
2.821,-0.022
2.945,-1.795
2.797,-1.571
2.787,-3.506
2.869,-0.355
2.702,-2.979
2.699,-0.914
2.686,-0.31
2.589,-1.747
2.68,-2.154
2.392,-4.031
1.922,-3.8
1.689,-4.082
1.374,-4.138
1.256,-4.087
0.846,-3.883
0.211,-4.15
-0.266,-4.094
-0.46,-3.945
-2.124,-3.759
-2.324,-4.046
-2.361,-4.155
-2.653,-3.988
-2.596,-3.963
2.584,-3.99
2.4,0.191
2.328,0.293
1.902,0.478
1.442,0.398
0.317,0.495
-0.052,0.192
0.085,0.198
-0.273,0.235
-0.15,0.316
-0.385,0.533
-0.552,0.506
-0.674,0.233
-1.064,0.351
-1.209,0.268
-1.094,0.631
-1.087,0.349
-1.571,0.512
-1.903,0.66
-2.166,0.583
-2.598,0.443
-3.057,0.412
3.12,0.458
3.081,0.42
-0.346,-1.949
-0.794,-2.547
-2.027,-3.714
-2.289,-2.396
-2.624,-1.711
0.41,-1.164
-1.062,-0.42
3.14,-1.467
3.119,-1.668
3.063,-1.324
2.841,-2.787
2.133,-0.823
1.153,-2.447
1.058,-2.159
0.909,-1.65
1.174,-4.019
-0.846,-3.543
-1.065,0.3
-2.83,-0.124
-2.918,0.109
3.137,0.036
-3.071,-0.145
-2.172,0.02
-1.702,0.467
-0.451,-0.55
-0.322,0.018
-0.427,1.232
-0.423,0.237
-0.549,-0.702
-0.456,2.454
-0.539,0.479
-0.578,2.281
-0.757,0.913
-0.8,0.895
-0.8,2.749
-0.737,2.124
-0.888,0.064
-0.893,0.049
-0.76,-0.391
-0.917,0.766
-0.809,2.855
-0.823,1.714
-0.958,-0.597
-0.842,1.619
-0.859,1.791
-0.847,0.004
-0.947,0.155
-1.056,1.256
-1.126,2.021
-1.049,-1.04
-1.06,1.343
-1.182,2.902
-1.229,0.972
-1.118,-0.755
-1.196,0.775
-1.258,0.495
-1.445,2.567
-1.41,-0.924
-1.441,2.28
-1.575,-0.458
-1.478,0.241
-1.59,1.682
-1.517,-0.741
-1.69,1.261
-1.73,-0.881
-1.612,1.75
-1.748,-0.833
-1.81,-0.809
-1.946,1.301
-1.834,0.332
-1.957,-0.932
-1.91,-1.084
-1.914,-0.807
-1.952,0.268
-2.116,1.862
-2.287,2.556
-2.398,0.659
-2.416,0.383
-2.422,0.427
-2.42,1.371
-2.426,1.318
-2.448,1.253
-2.555,1.085
-2.587,-0.316
-2.622,1.177
-2.685,-0.404
-2.727,0.393
-2.785,0.894
-3.096,0.225
-2.991,0.26
3.021,0.338
-3.14,0.672
3.092,0.053
2.969,-0.937
2.776,2.719
2.9,0.946
2.752,1.17
2.742,-0.765
2.824,2.386
2.657,-0.238
2.654,1.827
2.641,2.431
2.544,0.994
2.635,0.587
2.347,-1.29
1.877,-1.059
1.644,-1.341
1.329,-1.397
1.211,-1.346
0.801,-1.142
0.166,-1.409
-0.311,-1.353
-0.505,-1.204
-2.169,-1.018
-2.369,-1.305
-2.406,-1.414
-2.698,-1.247
-2.641,-1.222
2.539,-1.249
2.355,2.932
2.283,3.034
1.857,3.219
1.397,3.139
0.272,3.236
-0.097,2.933
0.04,2.939
-0.318,2.976
-0.195,3.057
-0.43,3.274
-0.597,3.247
-0.719,2.974
-1.109,3.092
-1.254,3.009
-1.139,3.372
-1.132,3.09
-1.616,3.253
-1.948,3.401
-2.211,3.324
-2.643,3.184
-3.102,3.153
3.075,3.199
3.036,3.161
-0.391,0.792
-0.839,0.194
-2.072,-0.973
-2.334,0.345
-2.669,1.03
0.365,1.577
-1.107,2.321
3.095,1.274
3.074,1.073
3.018,1.417
2.796,-0.046
2.088,1.918
1.108,0.294
1.013,0.582
0.864,1.091
1.129,-1.278
-0.891,-0.802
-1.11,3.041
-2.875,2.617
-2.963,2.85
3.092,2.777
-3.116,2.596
-2.217,2.761
-1.747,3.208
0.129,0.568
0.024,1.782
0.028,0.787
-0.098,-0.152
-0.005,3.004
-0.088,1.029
-0.127,2.831
-0.306,1.463
-0.349,1.445
-0.349,3.299
-0.286,2.674
-0.437,0.614
-0.442,0.599
-0.309,0.159
-0.466,1.316
-0.358,3.405
-0.372,2.264
-0.507,-0.047
-0.391,2.169
-0.408,2.341
-0.396,0.554
-0.496,0.705
-0.605,1.806
-0.675,2.571
-0.598,-0.49
-0.609,1.893
-0.731,3.452
-0.778,1.522
-0.667,-0.205
-0.745,1.325
-0.807,1.045
-0.994,3.117
-0.959,-0.374
-0.99,2.83
-1.124,0.092
-1.027,0.791
-1.139,2.232
-1.066,-0.191
-1.239,1.811
-1.279,-0.331
-1.161,2.3
-1.297,-0.283
-1.359,-0.259
-1.495,1.851
-1.383,0.882
-1.506,-0.382
-1.459,-0.534
-1.463,-0.257
-1.501,0.818
-1.665,2.412
-1.836,3.106
-1.947,1.209
-1.965,0.933
-1.971,0.977
-1.969,1.921
-1.975,1.868
-1.997,1.803
-2.104,1.635
-2.136,0.234
-2.171,1.727
-2.234,0.146
-2.276,0.943
-2.334,1.444
-2.645,0.775
-2.54,0.81
-2.811,0.888
-2.689,1.222
-2.74,0.603
-2.863,-0.387
-3.056,3.269
-2.932,1.496
-3.08,1.72
-3.09,-0.215
-3.008,2.936
3.108,0.312
3.105,2.377
3.092,2.981
2.995,1.544
3.086,1.137
2.798,-0.74
2.328,-0.509
2.095,-0.791
1.78,-0.847
1.662,-0.796
1.252,-0.592
0.617,-0.859
0.14,-0.803
-0.054,-0.654
-1.718,-0.468
-1.918,-0.755
-1.955,-0.864
-2.247,-0.697
-2.19,-0.672
2.99,-0.699
2.806,3.482
2.734,3.584
2.308,3.769
1.848,3.689
0.723,3.786
0.354,3.483
0.491,3.489
0.133,3.526
0.256,3.607
0.021,3.824
-0.146,3.797
-0.268,3.524
-0.658,3.642
-0.803,3.559
-0.688,3.922
-0.681,3.64
-1.165,3.803
-1.497,3.951
-1.76,3.874
-2.192,3.734
-2.651,3.703
-2.757,3.749
-2.796,3.711
0.06,1.342
-0.388,0.744
-1.621,-0.423
-1.883,0.895
-2.218,1.58
0.816,2.127
-0.656,2.871
-2.737,1.824
-2.758,1.623
-2.814,1.967
-3.036,0.504
2.539,2.468
1.559,0.844
1.464,1.132
1.315,1.641
1.58,-0.728
-0.44,-0.252
-0.659,3.591
-2.424,3.167
-2.512,3.4
-2.74,3.327
-2.665,3.146
-1.766,3.311
-1.296,3.758
-0.105,1.214
-0.101,0.219
-0.227,-0.72
-0.134,2.436
-0.217,0.461
-0.256,2.263
-0.435,0.895
-0.478,0.877
-0.478,2.731
-0.415,2.106
-0.566,0.046
-0.571,0.031
-0.438,-0.409
-0.595,0.748
-0.487,2.837
-0.501,1.696
-0.636,-0.615
-0.52,1.601
-0.537,1.773
-0.525,-0.014
-0.625,0.137
-0.734,1.238
-0.804,2.003
-0.727,-1.058
-0.738,1.325
-0.86,2.884
-0.907,0.954
-0.796,-0.773
-0.874,0.757
-0.936,0.477
-1.123,2.549
-1.088,-0.942
-1.119,2.262
-1.253,-0.476
-1.156,0.223
-1.268,1.664
-1.195,-0.759
-1.368,1.243
-1.408,-0.899
-1.29,1.732
-1.426,-0.851
-1.488,-0.827
-1.624,1.283
-1.512,0.314
-1.635,-0.95
-1.588,-1.102
-1.592,-0.825
-1.63,0.25
-1.794,1.844
-1.965,2.538
-2.076,0.641
-2.094,0.365
-2.1,0.409
-2.098,1.353
-2.104,1.3
-2.126,1.235
-2.233,1.067
-2.265,-0.334
-2.3,1.159
-2.363,-0.422
-2.405,0.375
-2.463,0.876
-2.774,0.207
-2.669,0.242
-2.94,0.32
-2.818,0.654
-2.869,0.035
-2.992,-0.955
3.098,2.701
-3.061,0.928
3.074,1.152
3.064,-0.783
-3.137,2.368
2.979,-0.256
2.976,1.809
2.963,2.413
2.866,0.976
2.957,0.569
2.669,-1.308
2.199,-1.077
1.966,-1.359
1.651,-1.415
1.533,-1.364
1.123,-1.16
0.488,-1.427
0.011,-1.371
-0.183,-1.222
-1.847,-1.036
-2.047,-1.323
-2.084,-1.432
-2.376,-1.265
-2.319,-1.24
2.861,-1.267
2.677,2.914
2.605,3.016
2.179,3.201
1.719,3.121
0.594,3.218
0.225,2.915
0.362,2.921
0.004,2.958
0.127,3.039
-0.108,3.256
-0.275,3.229
-0.397,2.956
-0.787,3.074
-0.932,2.991
-0.817,3.354
-0.81,3.072
-1.294,3.235
-1.626,3.383
-1.889,3.306
-2.321,3.166
-2.78,3.135
-2.886,3.181
-2.925,3.143
-0.069,0.774
-0.517,0.176
-1.75,-0.991
-2.012,0.327
-2.347,1.012
0.687,1.559
-0.785,2.303
-2.866,1.256
-2.887,1.055
-2.943,1.399
3.118,-0.064
2.41,1.9
1.43,0.276
1.335,0.564
1.186,1.073
1.451,-1.296
-0.569,-0.82
-0.788,3.023
-2.553,2.599
-2.641,2.832
-2.869,2.759
-2.794,2.578
-1.895,2.743
-1.425,3.19
0.004,-0.995
-0.122,-1.934
-0.029,1.222
-0.112,-0.753
-0.151,1.049
-0.33,-0.319
-0.373,-0.337
-0.373,1.517
-0.31,0.892
-0.461,-1.168
-0.466,-1.183
-0.333,-1.623
-0.49,-0.466
-0.382,1.623
-0.396,0.482
-0.531,-1.829
-0.415,0.387
-0.432,0.559
-0.42,-1.228
-0.52,-1.077
-0.629,0.024
-0.699,0.789
-0.622,-2.272
-0.633,0.111
-0.755,1.67
-0.802,-0.26
-0.691,-1.987
-0.769,-0.457
-0.831,-0.737
-1.018,1.335
-0.983,-2.156
-1.014,1.048
-1.148,-1.69
-1.051,-0.991
-1.163,0.45
-1.09,-1.973
-1.263,0.029
-1.303,-2.113
-1.185,0.518
-1.321,-2.065
-1.383,-2.041
-1.519,0.069
-1.407,-0.9
-1.53,-2.164
-1.483,-2.316
-1.487,-2.039
-1.525,-0.964
-1.689,0.63
-1.86,1.324
-1.971,-0.573
-1.989,-0.849
-1.995,-0.805
-1.993,0.139
-1.999,0.086
-2.021,0.021
-2.128,-0.147
-2.16,-1.548
-2.195,-0.055
-2.258,-1.636
-2.3,-0.839
-2.358,-0.338
-2.669,-1.007
-2.564,-0.972
-2.835,-0.894
-2.713,-0.56
-2.764,-1.179
-2.887,-2.169
-3.08,1.487
-2.956,-0.286
-3.104,-0.062
-3.114,-1.997
-3.032,1.154
3.084,-1.47
3.081,0.595
3.068,1.199
2.971,-0.238
3.062,-0.645
2.774,-2.522
2.304,-2.291
2.071,-2.573
1.756,-2.629
1.638,-2.578
1.228,-2.374
0.593,-2.641
0.116,-2.585
-0.078,-2.436
-1.742,-2.25
-1.942,-2.537
-1.979,-2.646
-2.271,-2.479
-2.214,-2.454
2.966,-2.481
2.782,1.7
2.71,1.802
2.284,1.987
1.824,1.907
0.699,2.004
0.33,1.701
0.467,1.707
0.109,1.744
0.232,1.825
-0.003,2.042
-0.17,2.015
-0.292,1.742
-0.682,1.86
-0.827,1.777
-0.712,2.14
-0.705,1.858
-1.189,2.021
-1.521,2.169
-1.784,2.092
-2.216,1.952
-2.675,1.921
-2.781,1.967
-2.82,1.929
0.036,-0.44
-0.412,-1.038
-1.645,-2.205
-1.907,-0.887
-2.242,-0.202
0.792,0.345
-0.68,1.089
-2.761,0.042
-2.782,-0.159
-2.838,0.185
-3.06,-1.278
2.515,0.686
1.535,-0.938
1.44,-0.65
1.291,-0.141
1.556,-2.51
-0.464,-2.034
-0.683,1.809
-2.448,1.385
-2.536,1.618
-2.764,1.545
-2.689,1.364
-1.79,1.529
-1.32,1.976
-0.126,-0.939
-0.033,2.217
-0.116,0.242
-0.155,2.044
-0.334,0.676
-0.377,0.658
-0.377,2.512
-0.314,1.887
-0.465,-0.173
-0.47,-0.188
-0.337,-0.628
-0.494,0.529
-0.386,2.618
-0.4,1.477
-0.535,-0.834
-0.419,1.382
-0.436,1.554
-0.424,-0.233
-0.524,-0.082
-0.633,1.019
-0.703,1.784
-0.626,-1.277
-0.637,1.106
-0.759,2.665
-0.806,0.735
-0.695,-0.992
-0.773,0.538
-0.835,0.258
-1.022,2.33
-0.987,-1.161
-1.018,2.043
-1.152,-0.695
-1.055,0.004
-1.167,1.445
-1.094,-0.978
-1.267,1.024
-1.307,-1.118
-1.189,1.513
-1.325,-1.07
-1.387,-1.046
-1.523,1.064
-1.411,0.095
-1.534,-1.169
-1.487,-1.321
-1.491,-1.044
-1.529,0.031
-1.693,1.625
-1.864,2.319
-1.975,0.422
-1.993,0.146
-1.999,0.19
-1.997,1.134
-2.003,1.081
-2.025,1.016
-2.132,0.848
-2.164,-0.553
-2.199,0.94
-2.262,-0.641
-2.304,0.156
-2.362,0.657
-2.673,-0.012
-2.568,0.023
-2.839,0.101
-2.717,0.435
-2.768,-0.184
-2.891,-1.174
-3.084,2.482
-2.96,0.709
-3.108,0.933
-3.118,-1.002
-3.036,2.149
3.08,-0.475
3.077,1.59
3.064,2.194
2.967,0.757
3.058,0.35
2.77,-1.527
2.3,-1.296
2.067,-1.578
1.752,-1.634
1.634,-1.583
1.224,-1.379
0.589,-1.646
0.112,-1.59
-0.082,-1.441
-1.746,-1.255
-1.946,-1.542
-1.983,-1.651
-2.275,-1.484
-2.218,-1.459
2.962,-1.486
2.778,2.695
2.706,2.797
2.28,2.982
1.82,2.902
0.695,2.999
0.326,2.696
0.463,2.702
0.105,2.739
0.228,2.82
-0.007,3.037
-0.174,3.01
-0.296,2.737
-0.686,2.855
-0.831,2.772
-0.716,3.135
-0.709,2.853
-1.193,3.016
-1.525,3.164
-1.788,3.087
-2.22,2.947
-2.679,2.916
-2.785,2.962
-2.824,2.924
0.032,0.555
-0.416,-0.043
-1.649,-1.21
-1.911,0.108
-2.246,0.793
0.788,1.34
-0.684,2.084
-2.765,1.037
-2.786,0.836
-2.842,1.18
-3.064,-0.283
2.511,1.681
1.531,0.057
1.436,0.345
1.287,0.854
1.552,-1.515
-0.468,-1.039
-0.687,2.804
-2.452,2.38
-2.54,2.613
-2.768,2.54
-2.693,2.359
-1.794,2.524
-1.324,2.971
0.093,3.156
0.01,1.181
-0.029,2.983
-0.208,1.615
-0.251,1.597
-0.251,3.451
-0.188,2.826
-0.339,0.766
-0.344,0.751
-0.211,0.311
-0.368,1.468
-0.26,3.557
-0.274,2.416
-0.409,0.105
-0.293,2.321
-0.31,2.493
-0.298,0.706
-0.398,0.857
-0.507,1.958
-0.577,2.723
-0.5,-0.338
-0.511,2.045
-0.633,3.604
-0.68,1.674
-0.569,-0.053
-0.647,1.477
-0.709,1.197
-0.896,3.269
-0.861,-0.222
-0.892,2.982
-1.026,0.244
-0.929,0.943
-1.041,2.384
-0.968,-0.039
-1.141,1.963
-1.181,-0.179
-1.063,2.452
-1.199,-0.131
-1.261,-0.107
-1.397,2.003
-1.285,1.034
-1.408,-0.23
-1.361,-0.382
-1.365,-0.105
-1.403,0.97
-1.567,2.564
-1.738,3.258
-1.849,1.361
-1.867,1.085
-1.873,1.129
-1.871,2.073
-1.877,2.02
-1.899,1.955
-2.006,1.787
-2.038,0.386
-2.073,1.879
-2.136,0.298
-2.178,1.095
-2.236,1.596
-2.547,0.927
-2.442,0.962
-2.713,1.04
-2.591,1.374
-2.642,0.755
-2.765,-0.235
-2.958,3.421
-2.834,1.648
-2.982,1.872
-2.992,-0.063
-2.91,3.088
-3.077,0.464
-3.08,2.529
-3.093,3.133
3.093,1.696
-3.099,1.289
2.896,-0.588
2.426,-0.357
2.193,-0.639
1.878,-0.695
1.76,-0.644
1.35,-0.44
0.715,-0.707
0.238,-0.651
0.044,-0.502
-1.62,-0.316
-1.82,-0.603
-1.857,-0.712
-2.149,-0.545
-2.092,-0.52
3.088,-0.547
2.904,3.634
2.832,3.736
2.406,3.921
1.946,3.841
0.821,3.938
0.452,3.635
0.589,3.641
0.231,3.678
0.354,3.759
0.119,3.976
-0.048,3.949
-0.17,3.676
-0.56,3.794
-0.705,3.711
-0.59,4.074
-0.583,3.792
-1.067,3.955
-1.399,4.103
-1.662,4.026
-2.094,3.886
-2.553,3.855
-2.659,3.901
-2.698,3.863
0.158,1.494
-0.29,0.896
-1.523,-0.271
-1.785,1.047
-2.12,1.732
0.914,2.279
-0.558,3.023
-2.639,1.976
-2.66,1.775
-2.716,2.119
-2.938,0.656
2.637,2.62
1.657,0.996
1.562,1.284
1.413,1.793
1.678,-0.576
-0.342,-0.1
-0.561,3.743
-2.326,3.319
-2.414,3.552
-2.642,3.479
-2.567,3.298
-1.668,3.463
-1.198,3.91
-0.083,-1.975
-0.122,-0.173
-0.301,-1.541
-0.344,-1.559
-0.344,0.295
-0.281,-0.33
-0.432,-2.39
-0.437,-2.405
-0.304,-2.845
-0.461,-1.688
-0.353,0.401
-0.367,-0.74
-0.502,-3.051
-0.386,-0.835
-0.403,-0.663
-0.391,-2.45
-0.491,-2.299
-0.6,-1.198
-0.67,-0.433
-0.593,-3.494
-0.604,-1.111
-0.726,0.448
-0.773,-1.482
-0.662,-3.209
-0.74,-1.679
-0.802,-1.959
-0.989,0.113
-0.954,-3.378
-0.985,-0.174
-1.119,-2.912
-1.022,-2.213
-1.134,-0.772
-1.061,-3.195
-1.234,-1.193
-1.274,-3.335
-1.156,-0.704
-1.292,-3.287
-1.354,-3.263
-1.49,-1.153
-1.378,-2.122
-1.501,-3.386
-1.454,-3.538
-1.458,-3.261
-1.496,-2.186
-1.66,-0.592
-1.831,0.102
-1.942,-1.795
-1.96,-2.071
-1.966,-2.027
-1.964,-1.083
-1.97,-1.136
-1.992,-1.201
-2.099,-1.369
-2.131,-2.77
-2.166,-1.277
-2.229,-2.858
-2.271,-2.061
-2.329,-1.56
-2.64,-2.229
-2.535,-2.194
-2.806,-2.116
-2.684,-1.782
-2.735,-2.401
-2.858,-3.391
-3.051,0.265
-2.927,-1.508
-3.075,-1.284
-3.085,-3.219
-3.003,-0.068
3.113,-2.692
3.11,-0.627
3.097,-0.023
3.0,-1.46
3.091,-1.867
2.803,-3.744
2.333,-3.513
2.1,-3.795
1.785,-3.851
1.667,-3.8
1.257,-3.596
0.622,-3.863
0.145,-3.807
-0.049,-3.658
-1.713,-3.472
-1.913,-3.759
-1.95,-3.868
-2.242,-3.701
-2.185,-3.676
2.995,-3.703
2.811,0.478
2.739,0.58
2.313,0.765
1.853,0.685
0.728,0.782
0.359,0.479
0.496,0.485
0.138,0.522
0.261,0.603
0.026,0.82
-0.141,0.793
-0.263,0.52
-0.653,0.638
-0.798,0.555
-0.683,0.918
-0.676,0.636
-1.16,0.799
-1.492,0.947
-1.755,0.87
-2.187,0.73
-2.646,0.699
-2.752,0.745
-2.791,0.707
0.065,-1.662
-0.383,-2.26
-1.616,-3.427
-1.878,-2.109
-2.213,-1.424
0.821,-0.877
-0.651,-0.133
-2.732,-1.18
-2.753,-1.381
-2.809,-1.037
-3.031,-2.5
2.544,-0.536
1.564,-2.16
1.469,-1.872
1.32,-1.363
1.585,-3.732
-0.435,-3.256
-0.654,0.587
-2.419,0.163
-2.507,0.396
-2.735,0.323
-2.66,0.142
-1.761,0.307
-1.291,0.754
-0.039,1.802
-0.218,0.434
-0.261,0.416
-0.261,2.27
-0.198,1.645
-0.349,-0.415
-0.354,-0.43
-0.221,-0.87
-0.378,0.287
-0.27,2.376
-0.284,1.235
-0.419,-1.076
-0.303,1.14
-0.32,1.312
-0.308,-0.475
-0.408,-0.324
-0.517,0.777
-0.587,1.542
-0.51,-1.519
-0.521,0.864
-0.643,2.423
-0.69,0.493
-0.579,-1.234
-0.657,0.296
-0.719,0.016
-0.906,2.088
-0.871,-1.403
-0.902,1.801
-1.036,-0.937
-0.939,-0.238
-1.051,1.203
-0.978,-1.22
-1.151,0.782
-1.191,-1.36
-1.073,1.271
-1.209,-1.312
-1.271,-1.288
-1.407,0.822
-1.295,-0.147
-1.418,-1.411
-1.371,-1.563
-1.375,-1.286
-1.413,-0.211
-1.577,1.383
-1.748,2.077
-1.859,0.18
-1.877,-0.096
-1.883,-0.052
-1.881,0.892
-1.887,0.839
-1.909,0.774
-2.016,0.606
-2.048,-0.795
-2.083,0.698
-2.146,-0.883
-2.188,-0.086
-2.246,0.415
-2.557,-0.254
-2.452,-0.219
-2.723,-0.141
-2.601,0.193
-2.652,-0.426
-2.775,-1.416
-2.968,2.24
-2.844,0.467
-2.992,0.691
-3.002,-1.244
-2.92,1.907
-3.087,-0.717
-3.09,1.348
-3.103,1.952
3.083,0.515
-3.109,0.108
2.886,-1.769
2.416,-1.538
2.183,-1.82
1.868,-1.876
1.75,-1.825
1.34,-1.621
0.705,-1.888
0.228,-1.832
0.034,-1.683
-1.63,-1.497
-1.83,-1.784
-1.867,-1.893
-2.159,-1.726
-2.102,-1.701
3.078,-1.728
2.894,2.453
2.822,2.555
2.396,2.74
1.936,2.66
0.811,2.757
0.442,2.454
0.579,2.46
0.221,2.497
0.344,2.578
0.109,2.795
-0.058,2.768
-0.18,2.495
-0.57,2.613
-0.715,2.53
-0.6,2.893
-0.593,2.611
-1.077,2.774
-1.409,2.922
-1.672,2.845
-2.104,2.705
-2.563,2.674
-2.669,2.72
-2.708,2.682
0.148,0.313
-0.3,-0.285
-1.533,-1.452
-1.795,-0.134
-2.13,0.551
0.904,1.098
-0.568,1.842
-2.649,0.795
-2.67,0.594
-2.726,0.938
-2.948,-0.525
2.627,1.439
1.647,-0.185
1.552,0.103
1.403,0.612
1.668,-1.757
-0.352,-1.281
-0.571,2.562
-2.336,2.138
-2.424,2.371
-2.652,2.298
-2.577,2.117
-1.678,2.282
-1.208,2.729
-0.179,-1.368
-0.222,-1.386
-0.222,0.468
-0.159,-0.157
-0.31,-2.217
-0.315,-2.232
-0.182,-2.672
-0.339,-1.515
-0.231,0.574
-0.245,-0.567
-0.38,-2.878
-0.264,-0.662
-0.281,-0.49
-0.269,-2.277
-0.369,-2.126
-0.478,-1.025
-0.548,-0.26
-0.471,-3.321
-0.482,-0.938
-0.604,0.621
-0.651,-1.309
-0.54,-3.036
-0.618,-1.506
-0.68,-1.786
-0.867,0.286
-0.832,-3.205
-0.863,-0.001
-0.997,-2.739
-0.9,-2.04
-1.012,-0.599
-0.939,-3.022
-1.112,-1.02
-1.152,-3.162
-1.034,-0.531
-1.17,-3.114
-1.232,-3.09
-1.368,-0.98
-1.256,-1.949
-1.379,-3.213
-1.332,-3.365
-1.336,-3.088
-1.374,-2.013
-1.538,-0.419
-1.709,0.275
-1.82,-1.622
-1.838,-1.898
-1.844,-1.854
-1.842,-0.91
-1.848,-0.963
-1.87,-1.028
-1.977,-1.196
-2.009,-2.597
-2.044,-1.104
-2.107,-2.685
-2.149,-1.888
-2.207,-1.387
-2.518,-2.056
-2.413,-2.021
-2.684,-1.943
-2.562,-1.609
-2.613,-2.228
-2.736,-3.218
-2.929,0.438
-2.805,-1.335
-2.953,-1.111
-2.963,-3.046
-2.881,0.105
-3.048,-2.519
-3.051,-0.454
-3.064,0.15
3.122,-1.287
-3.07,-1.694
2.925,-3.571
2.455,-3.34
2.222,-3.622
1.907,-3.678
1.789,-3.627
1.379,-3.423
0.744,-3.69
0.267,-3.634
0.073,-3.485
-1.591,-3.299
-1.791,-3.586
-1.828,-3.695
-2.12,-3.528
-2.063,-3.503
3.117,-3.53
2.933,0.651
2.861,0.753
2.435,0.938
1.975,0.858
0.85,0.955
0.481,0.652
0.618,0.658
0.26,0.695
0.383,0.776
0.148,0.993
-0.019,0.966
-0.141,0.693
-0.531,0.811
-0.676,0.728
-0.561,1.091
-0.554,0.809
-1.038,0.972
-1.37,1.12
-1.633,1.043
-2.065,0.903
-2.524,0.872
-2.63,0.918
-2.669,0.88
0.187,-1.489
-0.261,-2.087
-1.494,-3.254
-1.756,-1.936
-2.091,-1.251
0.943,-0.704
-0.529,0.04
-2.61,-1.007
-2.631,-1.208
-2.687,-0.864
-2.909,-2.327
2.666,-0.363
1.686,-1.987
1.591,-1.699
1.442,-1.19
1.707,-3.559
-0.313,-3.083
-0.532,0.76
-2.297,0.336
-2.385,0.569
-2.613,0.496
-2.538,0.315
-1.639,0.48
-1.169,0.927
-0.043,-0.018
-0.043,1.836
0.02,1.211
-0.131,-0.849
-0.136,-0.864
-0.003,-1.304
-0.16,-0.147
-0.052,1.942
-0.066,0.801
-0.201,-1.51
-0.085,0.706
-0.102,0.878
-0.09,-0.909
-0.19,-0.758
-0.299,0.343
-0.369,1.108
-0.292,-1.953
-0.303,0.43
-0.425,1.989
-0.472,0.059
-0.361,-1.668
-0.439,-0.138
-0.501,-0.418
-0.688,1.654
-0.653,-1.837
-0.684,1.367
-0.818,-1.371
-0.721,-0.672
-0.833,0.769
-0.76,-1.654
-0.933,0.348
-0.973,-1.794
-0.855,0.837
-0.991,-1.746
-1.053,-1.722
-1.189,0.388
-1.077,-0.581
-1.2,-1.845
-1.153,-1.997
-1.157,-1.72
-1.195,-0.645
-1.359,0.949
-1.53,1.643
-1.641,-0.254
-1.659,-0.53
-1.665,-0.486
-1.663,0.458
-1.669,0.405
-1.691,0.34
-1.798,0.172
-1.83,-1.229
-1.865,0.264
-1.928,-1.317
-1.97,-0.52
-2.028,-0.019
-2.339,-0.688
-2.234,-0.653
-2.505,-0.575
-2.383,-0.241
-2.434,-0.86
-2.557,-1.85
-2.75,1.806
-2.626,0.033
-2.774,0.257
-2.784,-1.678
-2.702,1.473
-2.869,-1.151
-2.872,0.914
-2.885,1.518
-2.982,0.081
-2.891,-0.326
3.104,-2.203
2.634,-1.972
2.401,-2.254
2.086,-2.31
1.968,-2.259
1.558,-2.055
0.923,-2.322
0.446,-2.266
0.252,-2.117
-1.412,-1.931
-1.612,-2.218
-1.649,-2.327
-1.941,-2.16
-1.884,-2.135
-2.987,-2.162
3.112,2.019
3.04,2.121
2.614,2.306
2.154,2.226
1.029,2.323
0.66,2.02
0.797,2.026
0.439,2.063
0.562,2.144
0.327,2.361
0.16,2.334
0.038,2.061
-0.352,2.179
-0.497,2.096
-0.382,2.459
-0.375,2.177
-0.859,2.34
-1.191,2.488
-1.454,2.411
-1.886,2.271
-2.345,2.24
-2.451,2.286
-2.49,2.248
0.366,-0.121
-0.082,-0.719
-1.315,-1.886
-1.577,-0.568
-1.912,0.117
1.122,0.664
-0.35,1.408
-2.431,0.361
-2.452,0.16
-2.508,0.504
-2.73,-0.959
2.845,1.005
1.865,-0.619
1.77,-0.331
1.621,0.178
1.886,-2.191
-0.134,-1.715
-0.353,2.128
-2.118,1.704
-2.206,1.937
-2.434,1.864
-2.359,1.683
-1.46,1.848
-0.99,2.295
0.0,1.854
0.063,1.229
-0.088,-0.831
-0.093,-0.846
0.04,-1.286
-0.117,-0.129
-0.009,1.96
-0.023,0.819
-0.158,-1.492
-0.042,0.724
-0.059,0.896
-0.047,-0.891
-0.147,-0.74
-0.256,0.361
-0.326,1.126
-0.249,-1.935
-0.26,0.448
-0.382,2.007
-0.429,0.077
-0.318,-1.65
-0.396,-0.12
-0.458,-0.4
-0.645,1.672
-0.61,-1.819
-0.641,1.385
-0.775,-1.353
-0.678,-0.654
-0.79,0.787
-0.717,-1.636
-0.89,0.366
-0.93,-1.776
-0.812,0.855
-0.948,-1.728
-1.01,-1.704
-1.146,0.406
-1.034,-0.563
-1.157,-1.827
-1.11,-1.979
-1.114,-1.702
-1.152,-0.627
-1.316,0.967
-1.487,1.661
-1.598,-0.236
-1.616,-0.512
-1.622,-0.468
-1.62,0.476
-1.626,0.423
-1.648,0.358
-1.755,0.19
-1.787,-1.211
-1.822,0.282
-1.885,-1.299
-1.927,-0.502
-1.985,-0.001
-2.296,-0.67
-2.191,-0.635
-2.462,-0.557
-2.34,-0.223
-2.391,-0.842
-2.514,-1.832
-2.707,1.824
-2.583,0.051
-2.731,0.275
-2.741,-1.66
-2.659,1.491
-2.826,-1.133
-2.829,0.932
-2.842,1.536
-2.939,0.099
-2.848,-0.308
-3.136,-2.185
2.677,-1.954
2.444,-2.236
2.129,-2.292
2.011,-2.241
1.601,-2.037
0.966,-2.304
0.489,-2.248
0.295,-2.099
-1.369,-1.913
-1.569,-2.2
-1.606,-2.309
-1.898,-2.142
-1.841,-2.117
-2.944,-2.144
-3.128,2.037
3.083,2.139
2.657,2.324
2.197,2.244
1.072,2.341
0.703,2.038
0.84,2.044
0.482,2.081
0.605,2.162
0.37,2.379
0.203,2.352
0.081,2.079
-0.309,2.197
-0.454,2.114
-0.339,2.477
-0.332,2.195
-0.816,2.358
-1.148,2.506
-1.411,2.429
-1.843,2.289
-2.302,2.258
-2.408,2.304
-2.447,2.266
0.409,-0.103
-0.039,-0.701
-1.272,-1.868
-1.534,-0.55
-1.869,0.135
1.165,0.682
-0.307,1.426
-2.388,0.379
-2.409,0.178
-2.465,0.522
-2.687,-0.941
2.888,1.023
1.908,-0.601
1.813,-0.313
1.664,0.196
1.929,-2.173
-0.091,-1.697
-0.31,2.146
-2.075,1.722
-2.163,1.955
-2.391,1.882
-2.316,1.701
-1.417,1.866
-0.947,2.313
0.063,-0.625
-0.088,-2.685
-0.093,-2.7
0.04,-3.14
-0.117,-1.983
-0.009,0.106
-0.023,-1.035
-0.158,-3.346
-0.042,-1.13
-0.059,-0.958
-0.047,-2.745
-0.147,-2.594
-0.256,-1.493
-0.326,-0.728
-0.249,-3.789
-0.26,-1.406
-0.382,0.153
-0.429,-1.777
-0.318,-3.504
-0.396,-1.974
-0.458,-2.254
-0.645,-0.182
-0.61,-3.673
-0.641,-0.469
-0.775,-3.207
-0.678,-2.508
-0.79,-1.067
-0.717,-3.49
-0.89,-1.488
-0.93,-3.63
-0.812,-0.999
-0.948,-3.582
-1.01,-3.558
-1.146,-1.448
-1.034,-2.417
-1.157,-3.681
-1.11,-3.833
-1.114,-3.556
-1.152,-2.481
-1.316,-0.887
-1.487,-0.193
-1.598,-2.09
-1.616,-2.366
-1.622,-2.322
-1.62,-1.378
-1.626,-1.431
-1.648,-1.496
-1.755,-1.664
-1.787,-3.065
-1.822,-1.572
-1.885,-3.153
-1.927,-2.356
-1.985,-1.855
-2.296,-2.524
-2.191,-2.489
-2.462,-2.411
-2.34,-2.077
-2.391,-2.696
-2.514,-3.686
-2.707,-0.03
-2.583,-1.803
-2.731,-1.579
-2.741,-3.514
-2.659,-0.363
-2.826,-2.987
-2.829,-0.922
-2.842,-0.318
-2.939,-1.755
-2.848,-2.162
-3.136,-4.039
2.677,-3.808
2.444,-4.09
2.129,-4.146
2.011,-4.095
1.601,-3.891
0.966,-4.158
0.489,-4.102
0.295,-3.953
-1.369,-3.767
-1.569,-4.054
-1.606,-4.163
-1.898,-3.996
-1.841,-3.971
-2.944,-3.998
-3.128,0.183
3.083,0.285
2.657,0.47
2.197,0.39
1.072,0.487
0.703,0.184
0.84,0.19
0.482,0.227
0.605,0.308
0.37,0.525
0.203,0.498
0.081,0.225
-0.309,0.343
-0.454,0.26
-0.339,0.623
-0.332,0.341
-0.816,0.504
-1.148,0.652
-1.411,0.575
-1.843,0.435
-2.302,0.404
-2.408,0.45
-2.447,0.412
0.409,-1.957
-0.039,-2.555
-1.272,-3.722
-1.534,-2.404
-1.869,-1.719
1.165,-1.172
-0.307,-0.428
-2.388,-1.475
-2.409,-1.676
-2.465,-1.332
-2.687,-2.795
2.888,-0.831
1.908,-2.455
1.813,-2.167
1.664,-1.658
1.929,-4.027
-0.091,-3.551
-0.31,0.292
-2.075,-0.132
-2.163,0.101
-2.391,0.028
-2.316,-0.153
-1.417,0.012
-0.947,0.459
-0.151,-2.06
-0.156,-2.075
-0.023,-2.515
-0.18,-1.358
-0.072,0.731
-0.086,-0.41
-0.221,-2.721
-0.105,-0.505
-0.122,-0.333
-0.11,-2.12
-0.21,-1.969
-0.319,-0.868
-0.389,-0.103
-0.312,-3.164
-0.323,-0.781
-0.445,0.778
-0.492,-1.152
-0.381,-2.879
-0.459,-1.349
-0.521,-1.629
-0.708,0.443
-0.673,-3.048
-0.704,0.156
-0.838,-2.582
-0.741,-1.883
-0.853,-0.442
-0.78,-2.865
-0.953,-0.863
-0.993,-3.005
-0.875,-0.374
-1.011,-2.957
-1.073,-2.933
-1.209,-0.823
-1.097,-1.792
-1.22,-3.056
-1.173,-3.208
-1.177,-2.931
-1.215,-1.856
-1.379,-0.262
-1.55,0.432
-1.661,-1.465
-1.679,-1.741
-1.685,-1.697
-1.683,-0.753
-1.689,-0.806
-1.711,-0.871
-1.818,-1.039
-1.85,-2.44
-1.885,-0.947
-1.948,-2.528
-1.99,-1.731
-2.048,-1.23
-2.359,-1.899
-2.254,-1.864
-2.525,-1.786
-2.403,-1.452
-2.454,-2.071
-2.577,-3.061
-2.77,0.595
-2.646,-1.178
-2.794,-0.954
-2.804,-2.889
-2.722,0.262
-2.889,-2.362
-2.892,-0.297
-2.905,0.307
-3.002,-1.13
-2.911,-1.537
3.084,-3.414
2.614,-3.183
2.381,-3.465
2.066,-3.521
1.948,-3.47
1.538,-3.266
0.903,-3.533
0.426,-3.477
0.232,-3.328
-1.432,-3.142
-1.632,-3.429
-1.669,-3.538
-1.961,-3.371
-1.904,-3.346
-3.007,-3.373
3.092,0.808
3.02,0.91
2.594,1.095
2.134,1.015
1.009,1.112
0.64,0.809
0.777,0.815
0.419,0.852
0.542,0.933
0.307,1.15
0.14,1.123
0.018,0.85
-0.372,0.968
-0.517,0.885
-0.402,1.248
-0.395,0.966
-0.879,1.129
-1.211,1.277
-1.474,1.2
-1.906,1.06
-2.365,1.029
-2.471,1.075
-2.51,1.037
0.346,-1.332
-0.102,-1.93
-1.335,-3.097
-1.597,-1.779
-1.932,-1.094
1.102,-0.547
-0.37,0.197
-2.451,-0.85
-2.472,-1.051
-2.528,-0.707
-2.75,-2.17
2.825,-0.206
1.845,-1.83
1.75,-1.542
1.601,-1.033
1.866,-3.402
-0.154,-2.926
-0.373,0.917
-2.138,0.493
-2.226,0.726
-2.454,0.653
-2.379,0.472
-1.48,0.637
-1.01,1.084
-0.005,-0.015
0.128,-0.455
-0.029,0.702
0.079,2.791
0.065,1.65
-0.07,-0.661
0.046,1.555
0.029,1.727
0.041,-0.06
-0.059,0.091
-0.168,1.192
-0.238,1.957
-0.161,-1.104
-0.172,1.279
-0.294,2.838
-0.341,0.908
-0.23,-0.819
-0.308,0.711
-0.37,0.431
-0.557,2.503
-0.522,-0.988
-0.553,2.216
-0.687,-0.522
-0.59,0.177
-0.702,1.618
-0.629,-0.805
-0.802,1.197
-0.842,-0.945
-0.724,1.686
-0.86,-0.897
-0.922,-0.873
-1.058,1.237
-0.946,0.268
-1.069,-0.996
-1.022,-1.148
-1.026,-0.871
-1.064,0.204
-1.228,1.798
-1.399,2.492
-1.51,0.595
-1.528,0.319
-1.534,0.363
-1.532,1.307
-1.538,1.254
-1.56,1.189
-1.667,1.021
-1.699,-0.38
-1.734,1.113
-1.797,-0.468
-1.839,0.329
-1.897,0.83
-2.208,0.161
-2.103,0.196
-2.374,0.274
-2.252,0.608
-2.303,-0.011
-2.426,-1.001
-2.619,2.655
-2.495,0.882
-2.643,1.106
-2.653,-0.829
-2.571,2.322
-2.738,-0.302
-2.741,1.763
-2.754,2.367
-2.851,0.93
-2.76,0.523
-3.048,-1.354
2.765,-1.123
2.532,-1.405
2.217,-1.461
2.099,-1.41
1.689,-1.206
1.054,-1.473
0.577,-1.417
0.383,-1.268
-1.281,-1.082
-1.481,-1.369
-1.518,-1.478
-1.81,-1.311
-1.753,-1.286
-2.856,-1.313
-3.04,2.868
-3.112,2.97
2.745,3.155
2.285,3.075
1.16,3.172
0.791,2.869
0.928,2.875
0.57,2.912
0.693,2.993
0.458,3.21
0.291,3.183
0.169,2.91
-0.221,3.028
-0.366,2.945
-0.251,3.308
-0.244,3.026
-0.728,3.189
-1.06,3.337
-1.323,3.26
-1.755,3.12
-2.214,3.089
-2.32,3.135
-2.359,3.097
0.497,0.728
0.049,0.13
-1.184,-1.037
-1.446,0.281
-1.781,0.966
1.253,1.513
-0.219,2.257
-2.3,1.21
-2.321,1.009
-2.377,1.353
-2.599,-0.11
2.976,1.854
1.996,0.23
1.901,0.518
1.752,1.027
2.017,-1.342
-0.003,-0.866
-0.222,2.977
-1.987,2.553
-2.075,2.786
-2.303,2.713
-2.228,2.532
-1.329,2.697
-0.859,3.144
0.133,-0.44
-0.024,0.717
0.084,2.806
0.07,1.665
-0.065,-0.646
0.051,1.57
0.034,1.742
0.046,-0.045
-0.054,0.106
-0.163,1.207
-0.233,1.972
-0.156,-1.089
-0.167,1.294
-0.289,2.853
-0.336,0.923
-0.225,-0.804
-0.303,0.726
-0.365,0.446
-0.552,2.518
-0.517,-0.973
-0.548,2.231
-0.682,-0.507
-0.585,0.192
-0.697,1.633
-0.624,-0.79
-0.797,1.212
-0.837,-0.93
-0.719,1.701
-0.855,-0.882
-0.917,-0.858
-1.053,1.252
-0.941,0.283
-1.064,-0.981
-1.017,-1.133
-1.021,-0.856
-1.059,0.219
-1.223,1.813
-1.394,2.507
-1.505,0.61
-1.523,0.334
-1.529,0.378
-1.527,1.322
-1.533,1.269
-1.555,1.204
-1.662,1.036
-1.694,-0.365
-1.729,1.128
-1.792,-0.453
-1.834,0.344
-1.892,0.845
-2.203,0.176
-2.098,0.211
-2.369,0.289
-2.247,0.623
-2.298,0.004
-2.421,-0.986
-2.614,2.67
-2.49,0.897
-2.638,1.121
-2.648,-0.814
-2.566,2.337
-2.733,-0.287
-2.736,1.778
-2.749,2.382
-2.846,0.945
-2.755,0.538
-3.043,-1.339
2.77,-1.108
2.537,-1.39
2.222,-1.446
2.104,-1.395
1.694,-1.191
1.059,-1.458
0.582,-1.402
0.388,-1.253
-1.276,-1.067
-1.476,-1.354
-1.513,-1.463
-1.805,-1.296
-1.748,-1.271
-2.851,-1.298
-3.035,2.883
-3.107,2.985
2.75,3.17
2.29,3.09
1.165,3.187
0.796,2.884
0.933,2.89
0.575,2.927
0.698,3.008
0.463,3.225
0.296,3.198
0.174,2.925
-0.216,3.043
-0.361,2.96
-0.246,3.323
-0.239,3.041
-0.723,3.204
-1.055,3.352
-1.318,3.275
-1.75,3.135
-2.209,3.104
-2.315,3.15
-2.354,3.112
0.502,0.743
0.054,0.145
-1.179,-1.022
-1.441,0.296
-1.776,0.981
1.258,1.528
-0.214,2.272
-2.295,1.225
-2.316,1.024
-2.372,1.368
-2.594,-0.095
2.981,1.869
2.001,0.245
1.906,0.533
1.757,1.042
2.022,-1.327
0.002,-0.851
-0.217,2.992
-1.982,2.568
-2.07,2.801
-2.298,2.728
-2.223,2.547
-1.324,2.712
-0.854,3.159
-0.157,1.157
-0.049,3.246
-0.063,2.105
-0.198,-0.206
-0.082,2.01
-0.099,2.182
-0.087,0.395
-0.187,0.546
-0.296,1.647
-0.366,2.412
-0.289,-0.649
-0.3,1.734
-0.422,3.293
-0.469,1.363
-0.358,-0.364
-0.436,1.166
-0.498,0.886
-0.685,2.958
-0.65,-0.533
-0.681,2.671
-0.815,-0.067
-0.718,0.632
-0.83,2.073
-0.757,-0.35
-0.93,1.652
-0.97,-0.49
-0.852,2.141
-0.988,-0.442
-1.05,-0.418
-1.186,1.692
-1.074,0.723
-1.197,-0.541
-1.15,-0.693
-1.154,-0.416
-1.192,0.659
-1.356,2.253
-1.527,2.947
-1.638,1.05
-1.656,0.774
-1.662,0.818
-1.66,1.762
-1.666,1.709
-1.688,1.644
-1.795,1.476
-1.827,0.075
-1.862,1.568
-1.925,-0.013
-1.967,0.784
-2.025,1.285
-2.336,0.616
-2.231,0.651
-2.502,0.729
-2.38,1.063
-2.431,0.444
-2.554,-0.546
-2.747,3.11
-2.623,1.337
-2.771,1.561
-2.781,-0.374
-2.699,2.777
-2.866,0.153
-2.869,2.218
-2.882,2.822
-2.979,1.385
-2.888,0.978
3.107,-0.899
2.637,-0.668
2.404,-0.95
2.089,-1.006
1.971,-0.955
1.561,-0.751
0.926,-1.018
0.449,-0.962
0.255,-0.813
-1.409,-0.627
-1.609,-0.914
-1.646,-1.023
-1.938,-0.856
-1.881,-0.831
-2.984,-0.858
3.115,3.323
3.043,3.425
2.617,3.61
2.157,3.53
1.032,3.627
0.663,3.324
0.8,3.33
0.442,3.367
0.565,3.448
0.33,3.665
0.163,3.638
0.041,3.365
-0.349,3.483
-0.494,3.4
-0.379,3.763
-0.372,3.481
-0.856,3.644
-1.188,3.792
-1.451,3.715
-1.883,3.575
-2.342,3.544
-2.448,3.59
-2.487,3.552
0.369,1.183
-0.079,0.585
-1.312,-0.582
-1.574,0.736
-1.909,1.421
1.125,1.968
-0.347,2.712
-2.428,1.665
-2.449,1.464
-2.505,1.808
-2.727,0.345
2.848,2.309
1.868,0.685
1.773,0.973
1.624,1.482
1.889,-0.887
-0.131,-0.411
-0.35,3.432
-2.115,3.008
-2.203,3.241
-2.431,3.168
-2.356,2.987
-1.457,3.152
-0.987,3.599
0.108,2.089
0.094,0.948
-0.041,-1.363
0.075,0.853
0.058,1.025
0.07,-0.762
-0.03,-0.611
-0.139,0.49
-0.209,1.255
-0.132,-1.806
-0.143,0.577
-0.265,2.136
-0.312,0.206
-0.201,-1.521
-0.279,0.009
-0.341,-0.271
-0.528,1.801
-0.493,-1.69
-0.524,1.514
-0.658,-1.224
-0.561,-0.525
-0.673,0.916
-0.6,-1.507
-0.773,0.495
-0.813,-1.647
-0.695,0.984
-0.831,-1.599
-0.893,-1.575
-1.029,0.535
-0.917,-0.434
-1.04,-1.698
-0.993,-1.85
-0.997,-1.573
-1.035,-0.498
-1.199,1.096
-1.37,1.79
-1.481,-0.107
-1.499,-0.383
-1.505,-0.339
-1.503,0.605
-1.509,0.552
-1.531,0.487
-1.638,0.319
-1.67,-1.082
-1.705,0.411
-1.768,-1.17
-1.81,-0.373
-1.868,0.128
-2.179,-0.541
-2.074,-0.506
-2.345,-0.428
-2.223,-0.094
-2.274,-0.713
-2.397,-1.703
-2.59,1.953
-2.466,0.18
-2.614,0.404
-2.624,-1.531
-2.542,1.62
-2.709,-1.004
-2.712,1.061
-2.725,1.665
-2.822,0.228
-2.731,-0.179
-3.019,-2.056
2.794,-1.825
2.561,-2.107
2.246,-2.163
2.128,-2.112
1.718,-1.908
1.083,-2.175
0.606,-2.119
0.412,-1.97
-1.252,-1.784
-1.452,-2.071
-1.489,-2.18
-1.781,-2.013
-1.724,-1.988
-2.827,-2.015
-3.011,2.166
-3.083,2.268
2.774,2.453
2.314,2.373
1.189,2.47
0.82,2.167
0.957,2.173
0.599,2.21
0.722,2.291
0.487,2.508
0.32,2.481
0.198,2.208
-0.192,2.326
-0.337,2.243
-0.222,2.606
-0.215,2.324
-0.699,2.487
-1.031,2.635
-1.294,2.558
-1.726,2.418
-2.185,2.387
-2.291,2.433
-2.33,2.395
0.526,0.026
0.078,-0.572
-1.155,-1.739
-1.417,-0.421
-1.752,0.264
1.282,0.811
-0.19,1.555
-2.271,0.508
-2.292,0.307
-2.348,0.651
-2.57,-0.812
3.005,1.152
2.025,-0.472
1.93,-0.184
1.781,0.325
2.046,-2.044
0.026,-1.568
-0.193,2.275
-1.958,1.851
-2.046,2.084
-2.274,2.011
-2.199,1.83
-1.3,1.995
-0.83,2.442
-0.014,-1.141
-0.149,-3.452
-0.033,-1.236
-0.05,-1.064
-0.038,-2.851
-0.138,-2.7
-0.247,-1.599
-0.317,-0.834
-0.24,-3.895
-0.251,-1.512
-0.373,0.047
-0.42,-1.883
-0.309,-3.61
-0.387,-2.08
-0.449,-2.36
-0.636,-0.288
-0.601,-3.779
-0.632,-0.575
-0.766,-3.313
-0.669,-2.614
-0.781,-1.173
-0.708,-3.596
-0.881,-1.594
-0.921,-3.736
-0.803,-1.105
-0.939,-3.688
-1.001,-3.664
-1.137,-1.554
-1.025,-2.523
-1.148,-3.787
-1.101,-3.939
-1.105,-3.662
-1.143,-2.587
-1.307,-0.993
-1.478,-0.299
-1.589,-2.196
-1.607,-2.472
-1.613,-2.428
-1.611,-1.484
-1.617,-1.537
-1.639,-1.602
-1.746,-1.77
-1.778,-3.171
-1.813,-1.678
-1.876,-3.259
-1.918,-2.462
-1.976,-1.961
-2.287,-2.63
-2.182,-2.595
-2.453,-2.517
-2.331,-2.183
-2.382,-2.802
-2.505,-3.792
-2.698,-0.136
-2.574,-1.909
-2.722,-1.685
-2.732,-3.62
-2.65,-0.469
-2.817,-3.093
-2.82,-1.028
-2.833,-0.424
-2.93,-1.861
-2.839,-2.268
-3.127,-4.145
2.686,-3.914
2.453,-4.196
2.138,-4.252
2.02,-4.201
1.61,-3.997
0.975,-4.264
0.498,-4.208
0.304,-4.059
-1.36,-3.873
-1.56,-4.16
-1.597,-4.269
-1.889,-4.102
-1.832,-4.077
-2.935,-4.104
-3.119,0.077
3.092,0.179
2.666,0.364
2.206,0.284
1.081,0.381
0.712,0.078
0.849,0.084
0.491,0.121
0.614,0.202
0.379,0.419
0.212,0.392
0.09,0.119
-0.3,0.237
-0.445,0.154
-0.33,0.517
-0.323,0.235
-0.807,0.398
-1.139,0.546
-1.402,0.469
-1.834,0.329
-2.293,0.298
-2.399,0.344
-2.438,0.306
0.418,-2.063
-0.03,-2.661
-1.263,-3.828
-1.525,-2.51
-1.86,-1.825
1.174,-1.278
-0.298,-0.534
-2.379,-1.581
-2.4,-1.782
-2.456,-1.438
-2.678,-2.901
2.897,-0.937
1.917,-2.561
1.822,-2.273
1.673,-1.764
1.938,-4.133
-0.082,-3.657
-0.301,0.186
-2.066,-0.238
-2.154,-0.005
-2.382,-0.078
-2.307,-0.259
-1.408,-0.094
-0.938,0.353
-0.135,-2.311
-0.019,-0.095
-0.036,0.077
-0.024,-1.71
-0.124,-1.559
-0.233,-0.458
-0.303,0.307
-0.226,-2.754
-0.237,-0.371
-0.359,1.188
-0.406,-0.742
-0.295,-2.469
-0.373,-0.939
-0.435,-1.219
-0.622,0.853
-0.587,-2.638
-0.618,0.566
-0.752,-2.172
-0.655,-1.473
-0.767,-0.032
-0.694,-2.455
-0.867,-0.453
-0.907,-2.595
-0.789,0.036
-0.925,-2.547
-0.987,-2.523
-1.123,-0.413
-1.011,-1.382
-1.134,-2.646
-1.087,-2.798
-1.091,-2.521
-1.129,-1.446
-1.293,0.148
-1.464,0.842
-1.575,-1.055
-1.593,-1.331
-1.599,-1.287
-1.597,-0.343
-1.603,-0.396
-1.625,-0.461
-1.732,-0.629
-1.764,-2.03
-1.799,-0.537
-1.862,-2.118
-1.904,-1.321
-1.962,-0.82
-2.273,-1.489
-2.168,-1.454
-2.439,-1.376
-2.317,-1.042
-2.368,-1.661
-2.491,-2.651
-2.684,1.005
-2.56,-0.768
-2.708,-0.544
-2.718,-2.479
-2.636,0.672
-2.803,-1.952
-2.806,0.113
-2.819,0.717
-2.916,-0.72
-2.825,-1.127
-3.113,-3.004
2.7,-2.773
2.467,-3.055
2.152,-3.111
2.034,-3.06
1.624,-2.856
0.989,-3.123
0.512,-3.067
0.318,-2.918
-1.346,-2.732
-1.546,-3.019
-1.583,-3.128
-1.875,-2.961
-1.818,-2.936
-2.921,-2.963
-3.105,1.218
3.106,1.32
2.68,1.505
2.22,1.425
1.095,1.522
0.726,1.219
0.863,1.225
0.505,1.262
0.628,1.343
0.393,1.56
0.226,1.533
0.104,1.26
-0.286,1.378
-0.431,1.295
-0.316,1.658
-0.309,1.376
-0.793,1.539
-1.125,1.687
-1.388,1.61
-1.82,1.47
-2.279,1.439
-2.385,1.485
-2.424,1.447
0.432,-0.922
-0.016,-1.52
-1.249,-2.687
-1.511,-1.369
-1.846,-0.684
1.188,-0.137
-0.284,0.607
-2.365,-0.44
-2.386,-0.641
-2.442,-0.297
-2.664,-1.76
2.911,0.204
1.931,-1.42
1.836,-1.132
1.687,-0.623
1.952,-2.992
-0.068,-2.516
-0.287,1.327
-2.052,0.903
-2.14,1.136
-2.368,1.063
-2.293,0.882
-1.394,1.047
-0.924,1.494
0.116,2.216
0.099,2.388
0.111,0.601
0.011,0.752
-0.098,1.853
-0.168,2.618
-0.091,-0.443
-0.102,1.94
-0.224,3.499
-0.271,1.569
-0.16,-0.158
-0.238,1.372
-0.3,1.092
-0.487,3.164
-0.452,-0.327
-0.483,2.877
-0.617,0.139
-0.52,0.838
-0.632,2.279
-0.559,-0.144
-0.732,1.858
-0.772,-0.284
-0.654,2.347
-0.79,-0.236
-0.852,-0.212
-0.988,1.898
-0.876,0.929
-0.999,-0.335
-0.952,-0.487
-0.956,-0.21
-0.994,0.865
-1.158,2.459
-1.329,3.153
-1.44,1.256
-1.458,0.98
-1.464,1.024
-1.462,1.968
-1.468,1.915
-1.49,1.85
-1.597,1.682
-1.629,0.281
-1.664,1.774
-1.727,0.193
-1.769,0.99
-1.827,1.491
-2.138,0.822
-2.033,0.857
-2.304,0.935
-2.182,1.269
-2.233,0.65
-2.356,-0.34
-2.549,3.316
-2.425,1.543
-2.573,1.767
-2.583,-0.168
-2.501,2.983
-2.668,0.359
-2.671,2.424
-2.684,3.028
-2.781,1.591
-2.69,1.184
-2.978,-0.693
2.835,-0.462
2.602,-0.744
2.287,-0.8
2.169,-0.749
1.759,-0.545
1.124,-0.812
0.647,-0.756
0.453,-0.607
-1.211,-0.421
-1.411,-0.708
-1.448,-0.817
-1.74,-0.65
-1.683,-0.625
-2.786,-0.652
-2.97,3.529
-3.042,3.631
2.815,3.816
2.355,3.736
1.23,3.833
0.861,3.53
0.998,3.536
0.64,3.573
0.763,3.654
0.528,3.871
0.361,3.844
0.239,3.571
-0.151,3.689
-0.296,3.606
-0.181,3.969
-0.174,3.687
-0.658,3.85
-0.99,3.998
-1.253,3.921
-1.685,3.781
-2.144,3.75
-2.25,3.796
-2.289,3.758
0.567,1.389
0.119,0.791
-1.114,-0.376
-1.376,0.942
-1.711,1.627
1.323,2.174
-0.149,2.918
-2.23,1.871
-2.251,1.67
-2.307,2.014
-2.529,0.551
3.046,2.515
2.066,0.891
1.971,1.179
1.822,1.688
2.087,-0.681
0.067,-0.205
-0.152,3.638
-1.917,3.214
-2.005,3.447
-2.233,3.374
-2.158,3.193
-1.259,3.358
-0.789,3.805
-0.017,0.172
-0.005,-1.615
-0.105,-1.464
-0.214,-0.363
-0.284,0.402
-0.207,-2.659
-0.218,-0.276
-0.34,1.283
-0.387,-0.647
-0.276,-2.374
-0.354,-0.844
-0.416,-1.124
-0.603,0.948
-0.568,-2.543
-0.599,0.661
-0.733,-2.077
-0.636,-1.378
-0.748,0.063
-0.675,-2.36
-0.848,-0.358
-0.888,-2.5
-0.77,0.131
-0.906,-2.452
-0.968,-2.428
-1.104,-0.318
-0.992,-1.287
-1.115,-2.551
-1.068,-2.703
-1.072,-2.426
-1.11,-1.351
-1.274,0.243
-1.445,0.937
-1.556,-0.96
-1.574,-1.236
-1.58,-1.192
-1.578,-0.248
-1.584,-0.301
-1.606,-0.366
-1.713,-0.534
-1.745,-1.935
-1.78,-0.442
-1.843,-2.023
-1.885,-1.226
-1.943,-0.725
-2.254,-1.394
-2.149,-1.359
-2.42,-1.281
-2.298,-0.947
-2.349,-1.566
-2.472,-2.556
-2.665,1.1
-2.541,-0.673
-2.689,-0.449
-2.699,-2.384
-2.617,0.767
-2.784,-1.857
-2.787,0.208
-2.8,0.812
-2.897,-0.625
-2.806,-1.032
-3.094,-2.909
2.719,-2.678
2.486,-2.96
2.171,-3.016
2.053,-2.965
1.643,-2.761
1.008,-3.028
0.531,-2.972
0.337,-2.823
-1.327,-2.637
-1.527,-2.924
-1.564,-3.033
-1.856,-2.866
-1.799,-2.841
-2.902,-2.868
-3.086,1.313
3.125,1.415
2.699,1.6
2.239,1.52
1.114,1.617
0.745,1.314
0.882,1.32
0.524,1.357
0.647,1.438
0.412,1.655
0.245,1.628
0.123,1.355
-0.267,1.473
-0.412,1.39
-0.297,1.753
-0.29,1.471
-0.774,1.634
-1.106,1.782
-1.369,1.705
-1.801,1.565
-2.26,1.534
-2.366,1.58
-2.405,1.542
0.451,-0.827
0.003,-1.425
-1.23,-2.592
-1.492,-1.274
-1.827,-0.589
1.207,-0.042
-0.265,0.702
-2.346,-0.345
-2.367,-0.546
-2.423,-0.202
-2.645,-1.665
2.93,0.299
1.95,-1.325
1.855,-1.037
1.706,-0.528
1.971,-2.897
-0.049,-2.421
-0.268,1.422
-2.033,0.998
-2.121,1.231
-2.349,1.158
-2.274,0.977
-1.375,1.142
-0.905,1.589
0.012,-1.787
-0.088,-1.636
-0.197,-0.535
-0.267,0.23
-0.19,-2.831
-0.201,-0.448
-0.323,1.111
-0.37,-0.819
-0.259,-2.546
-0.337,-1.016
-0.399,-1.296
-0.586,0.776
-0.551,-2.715
-0.582,0.489
-0.716,-2.249
-0.619,-1.55
-0.731,-0.109
-0.658,-2.532
-0.831,-0.53
-0.871,-2.672
-0.753,-0.041
-0.889,-2.624
-0.951,-2.6
-1.087,-0.49
-0.975,-1.459
-1.098,-2.723
-1.051,-2.875
-1.055,-2.598
-1.093,-1.523
-1.257,0.071
-1.428,0.765
-1.539,-1.132
-1.557,-1.408
-1.563,-1.364
-1.561,-0.42
-1.567,-0.473
-1.589,-0.538
-1.696,-0.706
-1.728,-2.107
-1.763,-0.614
-1.826,-2.195
-1.868,-1.398
-1.926,-0.897
-2.237,-1.566
-2.132,-1.531
-2.403,-1.453
-2.281,-1.119
-2.332,-1.738
-2.455,-2.728
-2.648,0.928
-2.524,-0.845
-2.672,-0.621
-2.682,-2.556
-2.6,0.595
-2.767,-2.029
-2.77,0.036
-2.783,0.64
-2.88,-0.797
-2.789,-1.204
-3.077,-3.081
2.736,-2.85
2.503,-3.132
2.188,-3.188
2.07,-3.137
1.66,-2.933
1.025,-3.2
0.548,-3.144
0.354,-2.995
-1.31,-2.809
-1.51,-3.096
-1.547,-3.205
-1.839,-3.038
-1.782,-3.013
-2.885,-3.04
-3.069,1.141
-3.141,1.243
2.716,1.428
2.256,1.348
1.131,1.445
0.762,1.142
0.899,1.148
0.541,1.185
0.664,1.266
0.429,1.483
0.262,1.456
0.14,1.183
-0.25,1.301
-0.395,1.218
-0.28,1.581
-0.273,1.299
-0.757,1.462
-1.089,1.61
-1.352,1.533
-1.784,1.393
-2.243,1.362
-2.349,1.408
-2.388,1.37
0.468,-0.999
0.02,-1.597
-1.213,-2.764
-1.475,-1.446
-1.81,-0.761
1.224,-0.214
-0.248,0.53
-2.329,-0.517
-2.35,-0.718
-2.406,-0.374
-2.628,-1.837
2.947,0.127
1.967,-1.497
1.872,-1.209
1.723,-0.7
1.988,-3.069
-0.032,-2.593
-0.251,1.25
-2.016,0.826
-2.104,1.059
-2.332,0.986
-2.257,0.805
-1.358,0.97
-0.888,1.417
-0.1,0.151
-0.209,1.252
-0.279,2.017
-0.202,-1.044
-0.213,1.339
-0.335,2.898
-0.382,0.968
-0.271,-0.759
-0.349,0.771
-0.411,0.491
-0.598,2.563
-0.563,-0.928
-0.594,2.276
-0.728,-0.462
-0.631,0.237
-0.743,1.678
-0.67,-0.745
-0.843,1.257
-0.883,-0.885
-0.765,1.746
-0.901,-0.837
-0.963,-0.813
-1.099,1.297
-0.987,0.328
-1.11,-0.936
-1.063,-1.088
-1.067,-0.811
-1.105,0.264
-1.269,1.858
-1.44,2.552
-1.551,0.655
-1.569,0.379
-1.575,0.423
-1.573,1.367
-1.579,1.314
-1.601,1.249
-1.708,1.081
-1.74,-0.32
-1.775,1.173
-1.838,-0.408
-1.88,0.389
-1.938,0.89
-2.249,0.221
-2.144,0.256
-2.415,0.334
-2.293,0.668
-2.344,0.049
-2.467,-0.941
-2.66,2.715
-2.536,0.942
-2.684,1.166
-2.694,-0.769
-2.612,2.382
-2.779,-0.242
-2.782,1.823
-2.795,2.427
-2.892,0.99
-2.801,0.583
-3.089,-1.294
2.724,-1.063
2.491,-1.345
2.176,-1.401
2.058,-1.35
1.648,-1.146
1.013,-1.413
0.536,-1.357
0.342,-1.208
-1.322,-1.022
-1.522,-1.309
-1.559,-1.418
-1.851,-1.251
-1.794,-1.226
-2.897,-1.253
-3.081,2.928
3.13,3.03
2.704,3.215
2.244,3.135
1.119,3.232
0.75,2.929
0.887,2.935
0.529,2.972
0.652,3.053
0.417,3.27
0.25,3.243
0.128,2.97
-0.262,3.088
-0.407,3.005
-0.292,3.368
-0.285,3.086
-0.769,3.249
-1.101,3.397
-1.364,3.32
-1.796,3.18
-2.255,3.149
-2.361,3.195
-2.4,3.157
0.456,0.788
0.008,0.19
-1.225,-0.977
-1.487,0.341
-1.822,1.026
1.212,1.573
-0.26,2.317
-2.341,1.27
-2.362,1.069
-2.418,1.413
-2.64,-0.05
2.935,1.914
1.955,0.29
1.86,0.578
1.711,1.087
1.976,-1.282
-0.044,-0.806
-0.263,3.037
-2.028,2.613
-2.116,2.846
-2.344,2.773
-2.269,2.592
-1.37,2.757
-0.9,3.204
-0.109,1.101
-0.179,1.866
-0.102,-1.195
-0.113,1.188
-0.235,2.747
-0.282,0.817
-0.171,-0.91
-0.249,0.62
-0.311,0.34
-0.498,2.412
-0.463,-1.079
-0.494,2.125
-0.628,-0.613
-0.531,0.086
-0.643,1.527
-0.57,-0.896
-0.743,1.106
-0.783,-1.036
-0.665,1.595
-0.801,-0.988
-0.863,-0.964
-0.999,1.146
-0.887,0.177
-1.01,-1.087
-0.963,-1.239
-0.967,-0.962
-1.005,0.113
-1.169,1.707
-1.34,2.401
-1.451,0.504
-1.469,0.228
-1.475,0.272
-1.473,1.216
-1.479,1.163
-1.501,1.098
-1.608,0.93
-1.64,-0.471
-1.675,1.022
-1.738,-0.559
-1.78,0.238
-1.838,0.739
-2.149,0.07
-2.044,0.105
-2.315,0.183
-2.193,0.517
-2.244,-0.102
-2.367,-1.092
-2.56,2.564
-2.436,0.791
-2.584,1.015
-2.594,-0.92
-2.512,2.231
-2.679,-0.393
-2.682,1.672
-2.695,2.276
-2.792,0.839
-2.701,0.432
-2.989,-1.445
2.824,-1.214
2.591,-1.496
2.276,-1.552
2.158,-1.501
1.748,-1.297
1.113,-1.564
0.636,-1.508
0.442,-1.359
-1.222,-1.173
-1.422,-1.46
-1.459,-1.569
-1.751,-1.402
-1.694,-1.377
-2.797,-1.404
-2.981,2.777
-3.053,2.879
2.804,3.064
2.344,2.984
1.219,3.081
0.85,2.778
0.987,2.784
0.629,2.821
0.752,2.902
0.517,3.119
0.35,3.092
0.228,2.819
-0.162,2.937
-0.307,2.854
-0.192,3.217
-0.185,2.935
-0.669,3.098
-1.001,3.246
-1.264,3.169
-1.696,3.029
-2.155,2.998
-2.261,3.044
-2.3,3.006
0.556,0.637
0.108,0.039
-1.125,-1.128
-1.387,0.19
-1.722,0.875
1.312,1.422
-0.16,2.166
-2.241,1.119
-2.262,0.918
-2.318,1.262
-2.54,-0.201
3.035,1.763
2.055,0.139
1.96,0.427
1.811,0.936
2.076,-1.433
0.056,-0.957
-0.163,2.886
-1.928,2.462
-2.016,2.695
-2.244,2.622
-2.169,2.441
-1.27,2.606
-0.8,3.053
-0.07,0.765
0.007,-2.296
-0.004,0.087
-0.126,1.646
-0.173,-0.284
-0.062,-2.011
-0.14,-0.481
-0.202,-0.761
-0.389,1.311
-0.354,-2.18
-0.385,1.024
-0.519,-1.714
-0.422,-1.015
-0.534,0.426
-0.461,-1.997
-0.634,0.005
-0.674,-2.137
-0.556,0.494
-0.692,-2.089
-0.754,-2.065
-0.89,0.045
-0.778,-0.924
-0.901,-2.188
-0.854,-2.34
-0.858,-2.063
-0.896,-0.988
-1.06,0.606
-1.231,1.3
-1.342,-0.597
-1.36,-0.873
-1.366,-0.829
-1.364,0.115
-1.37,0.062
-1.392,-0.003
-1.499,-0.171
-1.531,-1.572
-1.566,-0.079
-1.629,-1.66
-1.671,-0.863
-1.729,-0.362
-2.04,-1.031
-1.935,-0.996
-2.206,-0.918
-2.084,-0.584
-2.135,-1.203
-2.258,-2.193
-2.451,1.463
-2.327,-0.31
-2.475,-0.086
-2.485,-2.021
-2.403,1.13
-2.57,-1.494
-2.573,0.571
-2.586,1.175
-2.683,-0.262
-2.592,-0.669
-2.88,-2.546
2.933,-2.315
2.7,-2.597
2.385,-2.653
2.267,-2.602
1.857,-2.398
1.222,-2.665
0.745,-2.609
0.551,-2.46
-1.113,-2.274
-1.313,-2.561
-1.35,-2.67
-1.642,-2.503
-1.585,-2.478
-2.688,-2.505
-2.872,1.676
-2.944,1.778
2.913,1.963
2.453,1.883
1.328,1.98
0.959,1.677
1.096,1.683
0.738,1.72
0.861,1.801
0.626,2.018
0.459,1.991
0.337,1.718
-0.053,1.836
-0.198,1.753
-0.083,2.116
-0.076,1.834
-0.56,1.997
-0.892,2.145
-1.155,2.068
-1.587,1.928
-2.046,1.897
-2.152,1.943
-2.191,1.905
0.665,-0.464
0.217,-1.062
-1.016,-2.229
-1.278,-0.911
-1.613,-0.226
1.421,0.321
-0.051,1.065
-2.132,0.018
-2.153,-0.183
-2.209,0.161
-2.431,-1.302
-3.139,0.662
2.164,-0.962
2.069,-0.674
1.92,-0.165
2.185,-2.534
0.165,-2.058
-0.054,1.785
-1.819,1.361
-1.907,1.594
-2.135,1.521
-2.06,1.34
-1.161,1.505
-0.691,1.952
0.077,-3.061
0.066,-0.678
-0.056,0.881
-0.103,-1.049
0.008,-2.776
-0.07,-1.246
-0.132,-1.526
-0.319,0.546
-0.284,-2.945
-0.315,0.259
-0.449,-2.479
-0.352,-1.78
-0.464,-0.339
-0.391,-2.762
-0.564,-0.76
-0.604,-2.902
-0.486,-0.271
-0.622,-2.854
-0.684,-2.83
-0.82,-0.72
-0.708,-1.689
-0.831,-2.953
-0.784,-3.105
-0.788,-2.828
-0.826,-1.753
-0.99,-0.159
-1.161,0.535
-1.272,-1.362
-1.29,-1.638
-1.296,-1.594
-1.294,-0.65
-1.3,-0.703
-1.322,-0.768
-1.429,-0.936
-1.461,-2.337
-1.496,-0.844
-1.559,-2.425
-1.601,-1.628
-1.659,-1.127
-1.97,-1.796
-1.865,-1.761
-2.136,-1.683
-2.014,-1.349
-2.065,-1.968
-2.188,-2.958
-2.381,0.698
-2.257,-1.075
-2.405,-0.851
-2.415,-2.786
-2.333,0.365
-2.5,-2.259
-2.503,-0.194
-2.516,0.41
-2.613,-1.027
-2.522,-1.434
-2.81,-3.311
3.003,-3.08
2.77,-3.362
2.455,-3.418
2.337,-3.367
1.927,-3.163
1.292,-3.43
0.815,-3.374
0.621,-3.225
-1.043,-3.039
-1.243,-3.326
-1.28,-3.435
-1.572,-3.268
-1.515,-3.243
-2.618,-3.27
-2.802,0.911
-2.874,1.013
2.983,1.198
2.523,1.118
1.398,1.215
1.029,0.912
1.166,0.918
0.808,0.955
0.931,1.036
0.696,1.253
0.529,1.226
0.407,0.953
0.017,1.071
-0.128,0.988
-0.013,1.351
-0.006,1.069
-0.49,1.232
-0.822,1.38
-1.085,1.303
-1.517,1.163
-1.976,1.132
-2.082,1.178
-2.121,1.14
0.735,-1.229
0.287,-1.827
-0.946,-2.994
-1.208,-1.676
-1.543,-0.991
1.491,-0.444
0.019,0.3
-2.062,-0.747
-2.083,-0.948
-2.139,-0.604
-2.361,-2.067
-3.069,-0.103
2.234,-1.727
2.139,-1.439
1.99,-0.93
2.255,-3.299
0.235,-2.823
0.016,1.02
-1.749,0.596
-1.837,0.829
-2.065,0.756
-1.99,0.575
-1.091,0.74
-0.621,1.187
-0.011,2.383
-0.133,3.942
-0.18,2.012
-0.069,0.285
-0.147,1.815
-0.209,1.535
-0.396,3.607
-0.361,0.116
-0.392,3.32
-0.526,0.582
-0.429,1.281
-0.541,2.722
-0.468,0.299
-0.641,2.301
-0.681,0.159
-0.563,2.79
-0.699,0.207
-0.761,0.231
-0.897,2.341
-0.785,1.372
-0.908,0.108
-0.861,-0.044
-0.865,0.233
-0.903,1.308
-1.067,2.902
-1.238,3.596
-1.349,1.699
-1.367,1.423
-1.373,1.467
-1.371,2.411
-1.377,2.358
-1.399,2.293
-1.506,2.125
-1.538,0.724
-1.573,2.217
-1.636,0.636
-1.678,1.433
-1.736,1.934
-2.047,1.265
-1.942,1.3
-2.213,1.378
-2.091,1.712
-2.142,1.093
-2.265,0.103
-2.458,3.759
-2.334,1.986
-2.482,2.21
-2.492,0.275
-2.41,3.426
-2.577,0.802
-2.58,2.867
-2.593,3.471
-2.69,2.034
-2.599,1.627
-2.887,-0.25
2.926,-0.019
2.693,-0.301
2.378,-0.357
2.26,-0.306
1.85,-0.102
1.215,-0.369
0.738,-0.313
0.544,-0.164
-1.12,0.022
-1.32,-0.265
-1.357,-0.374
-1.649,-0.207
-1.592,-0.182
-2.695,-0.209
-2.879,3.972
-2.951,4.074
2.906,4.259
2.446,4.179
1.321,4.276
0.952,3.973
1.089,3.979
0.731,4.016
0.854,4.097
0.619,4.314
0.452,4.287
0.33,4.014
-0.06,4.132
-0.205,4.049
-0.09,4.412
-0.083,4.13
-0.567,4.293
-0.899,4.441
-1.162,4.364
-1.594,4.224
-2.053,4.193
-2.159,4.239
-2.198,4.201
0.658,1.832
0.21,1.234
-1.023,0.067
-1.285,1.385
-1.62,2.07
1.414,2.617
-0.058,3.361
-2.139,2.314
-2.16,2.113
-2.216,2.457
-2.438,0.994
3.137,2.958
2.157,1.334
2.062,1.622
1.913,2.131
2.178,-0.238
0.158,0.238
-0.061,4.081
-1.826,3.657
-1.914,3.89
-2.142,3.817
-2.067,3.636
-1.168,3.801
-0.698,4.248
-0.122,1.559
-0.169,-0.371
-0.058,-2.098
-0.136,-0.568
-0.198,-0.848
-0.385,1.224
-0.35,-2.267
-0.381,0.937
-0.515,-1.801
-0.418,-1.102
-0.53,0.339
-0.457,-2.084
-0.63,-0.082
-0.67,-2.224
-0.552,0.407
-0.688,-2.176
-0.75,-2.152
-0.886,-0.042
-0.774,-1.011
-0.897,-2.275
-0.85,-2.427
-0.854,-2.15
-0.892,-1.075
-1.056,0.519
-1.227,1.213
-1.338,-0.684
-1.356,-0.96
-1.362,-0.916
-1.36,0.028
-1.366,-0.025
-1.388,-0.09
-1.495,-0.258
-1.527,-1.659
-1.562,-0.166
-1.625,-1.747
-1.667,-0.95
-1.725,-0.449
-2.036,-1.118
-1.931,-1.083
-2.202,-1.005
-2.08,-0.671
-2.131,-1.29
-2.254,-2.28
-2.447,1.376
-2.323,-0.397
-2.471,-0.173
-2.481,-2.108
-2.399,1.043
-2.566,-1.581
-2.569,0.484
-2.582,1.088
-2.679,-0.349
-2.588,-0.756
-2.876,-2.633
2.937,-2.402
2.704,-2.684
2.389,-2.74
2.271,-2.689
1.861,-2.485
1.226,-2.752
0.749,-2.696
0.555,-2.547
-1.109,-2.361
-1.309,-2.648
-1.346,-2.757
-1.638,-2.59
-1.581,-2.565
-2.684,-2.592
-2.868,1.589
-2.94,1.691
2.917,1.876
2.457,1.796
1.332,1.893
0.963,1.59
1.1,1.596
0.742,1.633
0.865,1.714
0.63,1.931
0.463,1.904
0.341,1.631
-0.049,1.749
-0.194,1.666
-0.079,2.029
-0.072,1.747
-0.556,1.91
-0.888,2.058
-1.151,1.981
-1.583,1.841
-2.042,1.81
-2.148,1.856
-2.187,1.818
0.669,-0.551
0.221,-1.149
-1.012,-2.316
-1.274,-0.998
-1.609,-0.313
1.425,0.234
-0.047,0.978
-2.128,-0.069
-2.149,-0.27
-2.205,0.074
-2.427,-1.389
-3.135,0.575
2.168,-1.049
2.073,-0.761
1.924,-0.252
2.189,-2.621
0.169,-2.145
-0.05,1.698
-1.815,1.274
-1.903,1.507
-2.131,1.434
-2.056,1.253
-1.157,1.418
-0.687,1.865
-0.047,-1.93
0.064,-3.657
-0.014,-2.127
-0.076,-2.407
-0.263,-0.335
-0.228,-3.826
-0.259,-0.622
-0.393,-3.36
-0.296,-2.661
-0.408,-1.22
-0.335,-3.643
-0.508,-1.641
-0.548,-3.783
-0.43,-1.152
-0.566,-3.735
-0.628,-3.711
-0.764,-1.601
-0.652,-2.57
-0.775,-3.834
-0.728,-3.986
-0.732,-3.709
-0.77,-2.634
-0.934,-1.04
-1.105,-0.346
-1.216,-2.243
-1.234,-2.519
-1.24,-2.475
-1.238,-1.531
-1.244,-1.584
-1.266,-1.649
-1.373,-1.817
-1.405,-3.218
-1.44,-1.725
-1.503,-3.306
-1.545,-2.509
-1.603,-2.008
-1.914,-2.677
-1.809,-2.642
-2.08,-2.564
-1.958,-2.23
-2.009,-2.849
-2.132,-3.839
-2.325,-0.183
-2.201,-1.956
-2.349,-1.732
-2.359,-3.667
-2.277,-0.516
-2.444,-3.14
-2.447,-1.075
-2.46,-0.471
-2.557,-1.908
-2.466,-2.315
-2.754,-4.192
3.059,-3.961
2.826,-4.243
2.511,-4.299
2.393,-4.248
1.983,-4.044
1.348,-4.311
0.871,-4.255
0.677,-4.106
-0.987,-3.92
-1.187,-4.207
-1.224,-4.316
-1.516,-4.149
-1.459,-4.124
-2.562,-4.151
-2.746,0.03
-2.818,0.132
3.039,0.317
2.579,0.237
1.454,0.334
1.085,0.031
1.222,0.037
0.864,0.074
0.987,0.155
0.752,0.372
0.585,0.345
0.463,0.072
0.073,0.19
-0.072,0.107
0.043,0.47
0.05,0.188
-0.434,0.351
-0.766,0.499
-1.029,0.422
-1.461,0.282
-1.92,0.251
-2.026,0.297
-2.065,0.259
0.791,-2.11
0.343,-2.708
-0.89,-3.875
-1.152,-2.557
-1.487,-1.872
1.547,-1.325
0.075,-0.581
-2.006,-1.628
-2.027,-1.829
-2.083,-1.485
-2.305,-2.948
-3.013,-0.984
2.29,-2.608
2.195,-2.32
2.046,-1.811
2.311,-4.18
0.291,-3.704
0.072,0.139
-1.693,-0.285
-1.781,-0.052
-2.009,-0.125
-1.934,-0.306
-1.035,-0.141
-0.565,0.306
0.111,-1.727
0.033,-0.197
-0.029,-0.477
-0.216,1.595
-0.181,-1.896
-0.212,1.308
-0.346,-1.43
-0.249,-0.731
-0.361,0.71
-0.288,-1.713
-0.461,0.289
-0.501,-1.853
-0.383,0.778
-0.519,-1.805
-0.581,-1.781
-0.717,0.329
-0.605,-0.64
-0.728,-1.904
-0.681,-2.056
-0.685,-1.779
-0.723,-0.704
-0.887,0.89
-1.058,1.584
-1.169,-0.313
-1.187,-0.589
-1.193,-0.545
-1.191,0.399
-1.197,0.346
-1.219,0.281
-1.326,0.113
-1.358,-1.288
-1.393,0.205
-1.456,-1.376
-1.498,-0.579
-1.556,-0.078
-1.867,-0.747
-1.762,-0.712
-2.033,-0.634
-1.911,-0.3
-1.962,-0.919
-2.085,-1.909
-2.278,1.747
-2.154,-0.026
-2.302,0.198
-2.312,-1.737
-2.23,1.414
-2.397,-1.21
-2.4,0.855
-2.413,1.459
-2.51,0.022
-2.419,-0.385
-2.707,-2.262
3.106,-2.031
2.873,-2.313
2.558,-2.369
2.44,-2.318
2.03,-2.114
1.395,-2.381
0.918,-2.325
0.724,-2.176
-0.94,-1.99
-1.14,-2.277
-1.177,-2.386
-1.469,-2.219
-1.412,-2.194
-2.515,-2.221
-2.699,1.96
-2.771,2.062
3.086,2.247
2.626,2.167
1.501,2.264
1.132,1.961
1.269,1.967
0.911,2.004
1.034,2.085
0.799,2.302
0.632,2.275
0.51,2.002
0.12,2.12
-0.025,2.037
0.09,2.4
0.097,2.118
-0.387,2.281
-0.719,2.429
-0.982,2.352
-1.414,2.212
-1.873,2.181
-1.979,2.227
-2.018,2.189
0.838,-0.18
0.39,-0.778
-0.843,-1.945
-1.105,-0.627
-1.44,0.058
1.594,0.605
0.122,1.349
-1.959,0.302
-1.98,0.101
-2.036,0.445
-2.258,-1.018
-2.966,0.946
2.337,-0.678
2.242,-0.39
2.093,0.119
2.358,-2.25
0.338,-1.774
0.119,2.069
-1.646,1.645
-1.734,1.878
-1.962,1.805
-1.887,1.624
-0.988,1.789
-0.518,2.236
-0.078,1.53
-0.14,1.25
-0.327,3.322
-0.292,-0.169
-0.323,3.035
-0.457,0.297
-0.36,0.996
-0.472,2.437
-0.399,0.014
-0.572,2.016
-0.612,-0.126
-0.494,2.505
-0.63,-0.078
-0.692,-0.054
-0.828,2.056
-0.716,1.087
-0.839,-0.177
-0.792,-0.329
-0.796,-0.052
-0.834,1.023
-0.998,2.617
-1.169,3.311
-1.28,1.414
-1.298,1.138
-1.304,1.182
-1.302,2.126
-1.308,2.073
-1.33,2.008
-1.437,1.84
-1.469,0.439
-1.504,1.932
-1.567,0.351
-1.609,1.148
-1.667,1.649
-1.978,0.98
-1.873,1.015
-2.144,1.093
-2.022,1.427
-2.073,0.808
-2.196,-0.182
-2.389,3.474
-2.265,1.701
-2.413,1.925
-2.423,-0.01
-2.341,3.141
-2.508,0.517
-2.511,2.582
-2.524,3.186
-2.621,1.749
-2.53,1.342
-2.818,-0.535
2.995,-0.304
2.762,-0.586
2.447,-0.642
2.329,-0.591
1.919,-0.387
1.284,-0.654
0.807,-0.598
0.613,-0.449
-1.051,-0.263
-1.251,-0.55
-1.288,-0.659
-1.58,-0.492
-1.523,-0.467
-2.626,-0.494
-2.81,3.687
-2.882,3.789
2.975,3.974
2.515,3.894
1.39,3.991
1.021,3.688
1.158,3.694
0.8,3.731
0.923,3.812
0.688,4.029
0.521,4.002
0.399,3.729
0.009,3.847
-0.136,3.764
-0.021,4.127
-0.014,3.845
-0.498,4.008
-0.83,4.156
-1.093,4.079
-1.525,3.939
-1.984,3.908
-2.09,3.954
-2.129,3.916
0.727,1.547
0.279,0.949
-0.954,-0.218
-1.216,1.1
-1.551,1.785
1.483,2.332
0.011,3.076
-2.07,2.029
-2.091,1.828
-2.147,2.172
-2.369,0.709
-3.077,2.673
2.226,1.049
2.131,1.337
1.982,1.846
2.247,-0.523
0.227,-0.047
0.008,3.796
-1.757,3.372
-1.845,3.605
-2.073,3.532
-1.998,3.351
-1.099,3.516
-0.629,3.963
-0.062,-0.28
-0.249,1.792
-0.214,-1.699
-0.245,1.505
-0.379,-1.233
-0.282,-0.534
-0.394,0.907
-0.321,-1.516
-0.494,0.486
-0.534,-1.656
-0.416,0.975
-0.552,-1.608
-0.614,-1.584
-0.75,0.526
-0.638,-0.443
-0.761,-1.707
-0.714,-1.859
-0.718,-1.582
-0.756,-0.507
-0.92,1.087
-1.091,1.781
-1.202,-0.116
-1.22,-0.392
-1.226,-0.348
-1.224,0.596
-1.23,0.543
-1.252,0.478
-1.359,0.31
-1.391,-1.091
-1.426,0.402
-1.489,-1.179
-1.531,-0.382
-1.589,0.119
-1.9,-0.55
-1.795,-0.515
-2.066,-0.437
-1.944,-0.103
-1.995,-0.722
-2.118,-1.712
-2.311,1.944
-2.187,0.171
-2.335,0.395
-2.345,-1.54
-2.263,1.611
-2.43,-1.013
-2.433,1.052
-2.446,1.656
-2.543,0.219
-2.452,-0.188
-2.74,-2.065
3.073,-1.834
2.84,-2.116
2.525,-2.172
2.407,-2.121
1.997,-1.917
1.362,-2.184
0.885,-2.128
0.691,-1.979
-0.973,-1.793
-1.173,-2.08
-1.21,-2.189
-1.502,-2.022
-1.445,-1.997
-2.548,-2.024
-2.732,2.157
-2.804,2.259
3.053,2.444
2.593,2.364
1.468,2.461
1.099,2.158
1.236,2.164
0.878,2.201
1.001,2.282
0.766,2.499
0.599,2.472
0.477,2.199
0.087,2.317
-0.058,2.234
0.057,2.597
0.064,2.315
-0.42,2.478
-0.752,2.626
-1.015,2.549
-1.447,2.409
-1.906,2.378
-2.012,2.424
-2.051,2.386
0.805,0.017
0.357,-0.581
-0.876,-1.748
-1.138,-0.43
-1.473,0.255
1.561,0.802
0.089,1.546
-1.992,0.499
-2.013,0.298
-2.069,0.642
-2.291,-0.821
-2.999,1.143
2.304,-0.481
2.209,-0.193
2.06,0.316
2.325,-2.053
0.305,-1.577
0.086,2.266
-1.679,1.842
-1.767,2.075
-1.995,2.002
-1.92,1.821
-1.021,1.986
-0.551,2.433
-0.187,2.072
-0.152,-1.419
-0.183,1.785
-0.317,-0.953
-0.22,-0.254
-0.332,1.187
-0.259,-1.236
-0.432,0.766
-0.472,-1.376
-0.354,1.255
-0.49,-1.328
-0.552,-1.304
-0.688,0.806
-0.576,-0.163
-0.699,-1.427
-0.652,-1.579
-0.656,-1.302
-0.694,-0.227
-0.858,1.367
-1.029,2.061
-1.14,0.164
-1.158,-0.112
-1.164,-0.068
-1.162,0.876
-1.168,0.823
-1.19,0.758
-1.297,0.59
-1.329,-0.811
-1.364,0.682
-1.427,-0.899
-1.469,-0.102
-1.527,0.399
-1.838,-0.27
-1.733,-0.235
-2.004,-0.157
-1.882,0.177
-1.933,-0.442
-2.056,-1.432
-2.249,2.224
-2.125,0.451
-2.273,0.675
-2.283,-1.26
-2.201,1.891
-2.368,-0.733
-2.371,1.332
-2.384,1.936
-2.481,0.499
-2.39,0.092
-2.678,-1.785
3.135,-1.554
2.902,-1.836
2.587,-1.892
2.469,-1.841
2.059,-1.637
1.424,-1.904
0.947,-1.848
0.753,-1.699
-0.911,-1.513
-1.111,-1.8
-1.148,-1.909
-1.44,-1.742
-1.383,-1.717
-2.486,-1.744
-2.67,2.437
-2.742,2.539
3.115,2.724
2.655,2.644
1.53,2.741
1.161,2.438
1.298,2.444
0.94,2.481
1.063,2.562
0.828,2.779
0.661,2.752
0.539,2.479
0.149,2.597
0.004,2.514
0.119,2.877
0.126,2.595
-0.358,2.758
-0.69,2.906
-0.953,2.829
-1.385,2.689
-1.844,2.658
-1.95,2.704
-1.989,2.666
0.867,0.297
0.419,-0.301
-0.814,-1.468
-1.076,-0.15
-1.411,0.535
1.623,1.082
0.151,1.826
-1.93,0.779
-1.951,0.578
-2.007,0.922
-2.229,-0.541
-2.937,1.423
2.366,-0.201
2.271,0.087
2.122,0.596
2.387,-1.773
0.367,-1.297
0.148,2.546
-1.617,2.122
-1.705,2.355
-1.933,2.282
-1.858,2.101
-0.959,2.266
-0.489,2.713
0.035,-3.491
0.004,-0.287
-0.13,-3.025
-0.033,-2.326
-0.145,-0.885
-0.072,-3.308
-0.245,-1.306
-0.285,-3.448
-0.167,-0.817
-0.303,-3.4
-0.365,-3.376
-0.501,-1.266
-0.389,-2.235
-0.512,-3.499
-0.465,-3.651
-0.469,-3.374
-0.507,-2.299
-0.671,-0.705
-0.842,-0.011
-0.953,-1.908
-0.971,-2.184
-0.977,-2.14
-0.975,-1.196
-0.981,-1.249
-1.003,-1.314
-1.11,-1.482
-1.142,-2.883
-1.177,-1.39
-1.24,-2.971
-1.282,-2.174
-1.34,-1.673
-1.651,-2.342
-1.546,-2.307
-1.817,-2.229
-1.695,-1.895
-1.746,-2.514
-1.869,-3.504
-2.062,0.152
-1.938,-1.621
-2.086,-1.397
-2.096,-3.332
-2.014,-0.181
-2.181,-2.805
-2.184,-0.74
-2.197,-0.136
-2.294,-1.573
-2.203,-1.98
-2.491,-3.857
-2.961,-3.626
3.089,-3.908
2.774,-3.964
2.656,-3.913
2.246,-3.709
1.611,-3.976
1.134,-3.92
0.94,-3.771
-0.724,-3.585
-0.924,-3.872
-0.961,-3.981
-1.253,-3.814
-1.196,-3.789
-2.299,-3.816
-2.483,0.365
-2.555,0.467
-2.981,0.652
2.842,0.572
1.717,0.669
1.348,0.366
1.485,0.372
1.127,0.409
1.25,0.49
1.015,0.707
0.848,0.68
0.726,0.407
0.336,0.525
0.191,0.442
0.306,0.805
0.313,0.523
-0.171,0.686
-0.503,0.834
-0.766,0.757
-1.198,0.617
-1.657,0.586
-1.763,0.632
-1.802,0.594
1.054,-1.775
0.606,-2.373
-0.627,-3.54
-0.889,-2.222
-1.224,-1.537
1.81,-0.99
0.338,-0.246
-1.743,-1.293
-1.764,-1.494
-1.82,-1.15
-2.042,-2.613
-2.75,-0.649
2.553,-2.273
2.458,-1.985
2.309,-1.476
2.574,-3.845
0.554,-3.369
0.335,0.474
-1.43,0.05
-1.518,0.283
-1.746,0.21
-1.671,0.029
-0.772,0.194
-0.302,0.641
-0.031,3.204
-0.165,0.466
-0.068,1.165
-0.18,2.606
-0.107,0.183
-0.28,2.185
-0.32,0.043
-0.202,2.674
-0.338,0.091
-0.4,0.115
-0.536,2.225
-0.424,1.256
-0.547,-0.008
-0.5,-0.16
-0.504,0.117
-0.542,1.192
-0.706,2.786
-0.877,3.48
-0.988,1.583
-1.006,1.307
-1.012,1.351
-1.01,2.295
-1.016,2.242
-1.038,2.177
-1.145,2.009
-1.177,0.608
-1.212,2.101
-1.275,0.52
-1.317,1.317
-1.375,1.818
-1.686,1.149
-1.581,1.184
-1.852,1.262
-1.73,1.596
-1.781,0.977
-1.904,-0.013
-2.097,3.643
-1.973,1.87
-2.121,2.094
-2.131,0.159
-2.049,3.31
-2.216,0.686
-2.219,2.751
-2.232,3.355
-2.329,1.918
-2.238,1.511
-2.526,-0.366
-2.996,-0.135
3.054,-0.417
2.739,-0.473
2.621,-0.422
2.211,-0.218
1.576,-0.485
1.099,-0.429
0.905,-0.28
-0.759,-0.094
-0.959,-0.381
-0.996,-0.49
-1.288,-0.323
-1.231,-0.298
-2.334,-0.325
-2.518,3.856
-2.59,3.958
-3.016,4.143
2.807,4.063
1.682,4.16
1.313,3.857
1.45,3.863
1.092,3.9
1.215,3.981
0.98,4.198
0.813,4.171
0.691,3.898
0.301,4.016
0.156,3.933
0.271,4.296
0.278,4.014
-0.206,4.177
-0.538,4.325
-0.801,4.248
-1.233,4.108
-1.692,4.077
-1.798,4.123
-1.837,4.085
1.019,1.716
0.571,1.118
-0.662,-0.049
-0.924,1.269
-1.259,1.954
1.775,2.501
0.303,3.245
-1.778,2.198
-1.799,1.997
-1.855,2.341
-2.077,0.878
-2.785,2.842
2.518,1.218
2.423,1.506
2.274,2.015
2.539,-0.354
0.519,0.122
0.3,3.965
-1.465,3.541
-1.553,3.774
-1.781,3.701
-1.706,3.52
-0.807,3.685
-0.337,4.132
-0.134,-2.738
-0.037,-2.039
-0.149,-0.598
-0.076,-3.021
-0.249,-1.019
-0.289,-3.161
-0.171,-0.53
-0.307,-3.113
-0.369,-3.089
-0.505,-0.979
-0.393,-1.948
-0.516,-3.212
-0.469,-3.364
-0.473,-3.087
-0.511,-2.012
-0.675,-0.418
-0.846,0.276
-0.957,-1.621
-0.975,-1.897
-0.981,-1.853
-0.979,-0.909
-0.985,-0.962
-1.007,-1.027
-1.114,-1.195
-1.146,-2.596
-1.181,-1.103
-1.244,-2.684
-1.286,-1.887
-1.344,-1.386
-1.655,-2.055
-1.55,-2.02
-1.821,-1.942
-1.699,-1.608
-1.75,-2.227
-1.873,-3.217
-2.066,0.439
-1.942,-1.334
-2.09,-1.11
-2.1,-3.045
-2.018,0.106
-2.185,-2.518
-2.188,-0.453
-2.201,0.151
-2.298,-1.286
-2.207,-1.693
-2.495,-3.57
-2.965,-3.339
3.085,-3.621
2.77,-3.677
2.652,-3.626
2.242,-3.422
1.607,-3.689
1.13,-3.633
0.936,-3.484
-0.728,-3.298
-0.928,-3.585
-0.965,-3.694
-1.257,-3.527
-1.2,-3.502
-2.303,-3.529
-2.487,0.652
-2.559,0.754
-2.985,0.939
2.838,0.859
1.713,0.956
1.344,0.653
1.481,0.659
1.123,0.696
1.246,0.777
1.011,0.994
0.844,0.967
0.722,0.694
0.332,0.812
0.187,0.729
0.302,1.092
0.309,0.81
-0.175,0.973
-0.507,1.121
-0.77,1.044
-1.202,0.904
-1.661,0.873
-1.767,0.919
-1.806,0.881
1.05,-1.488
0.602,-2.086
-0.631,-3.253
-0.893,-1.935
-1.228,-1.25
1.806,-0.703
0.334,0.041
-1.747,-1.006
-1.768,-1.207
-1.824,-0.863
-2.046,-2.326
-2.754,-0.362
2.549,-1.986
2.454,-1.698
2.305,-1.189
2.57,-3.558
0.55,-3.082
0.331,0.761
-1.434,0.337
-1.522,0.57
-1.75,0.497
-1.675,0.316
-0.776,0.481
-0.306,0.928
0.097,0.699
-0.015,2.14
0.058,-0.283
-0.115,1.719
-0.155,-0.423
-0.037,2.208
-0.173,-0.375
-0.235,-0.351
-0.371,1.759
-0.259,0.79
-0.382,-0.474
-0.335,-0.626
-0.339,-0.349
-0.377,0.726
-0.541,2.32
-0.712,3.014
-0.823,1.117
-0.841,0.841
-0.847,0.885
-0.845,1.829
-0.851,1.776
-0.873,1.711
-0.98,1.543
-1.012,0.142
-1.047,1.635
-1.11,0.054
-1.152,0.851
-1.21,1.352
-1.521,0.683
-1.416,0.718
-1.687,0.796
-1.565,1.13
-1.616,0.511
-1.739,-0.479
-1.932,3.177
-1.808,1.404
-1.956,1.628
-1.966,-0.307
-1.884,2.844
-2.051,0.22
-2.054,2.285
-2.067,2.889
-2.164,1.452
-2.073,1.045
-2.361,-0.832
-2.831,-0.601
-3.064,-0.883
2.904,-0.939
2.786,-0.888
2.376,-0.684
1.741,-0.951
1.264,-0.895
1.07,-0.746
-0.594,-0.56
-0.794,-0.847
-0.831,-0.956
-1.123,-0.789
-1.066,-0.764
-2.169,-0.791
-2.353,3.39
-2.425,3.492
-2.851,3.677
2.972,3.597
1.847,3.694
1.478,3.391
1.615,3.397
1.257,3.434
1.38,3.515
1.145,3.732
0.978,3.705
0.856,3.432
0.466,3.55
0.321,3.467
0.436,3.83
0.443,3.548
-0.041,3.711
-0.373,3.859
-0.636,3.782
-1.068,3.642
-1.527,3.611
-1.633,3.657
-1.672,3.619
1.184,1.25
0.736,0.652
-0.497,-0.515
-0.759,0.803
-1.094,1.488
1.94,2.035
0.468,2.779
-1.613,1.732
-1.634,1.531
-1.69,1.875
-1.912,0.412
-2.62,2.376
2.683,0.752
2.588,1.04
2.439,1.549
2.704,-0.82
0.684,-0.344
0.465,3.499
-1.3,3.075
-1.388,3.308
-1.616,3.235
-1.541,3.054
-0.642,3.219
-0.172,3.666
-0.112,1.441
-0.039,-0.982
-0.212,1.02
-0.252,-1.122
-0.134,1.509
-0.27,-1.074
-0.332,-1.05
-0.468,1.06
-0.356,0.091
-0.479,-1.173
-0.432,-1.325
-0.436,-1.048
-0.474,0.027
-0.638,1.621
-0.809,2.315
-0.92,0.418
-0.938,0.142
-0.944,0.186
-0.942,1.13
-0.948,1.077
-0.97,1.012
-1.077,0.844
-1.109,-0.557
-1.144,0.936
-1.207,-0.645
-1.249,0.152
-1.307,0.653
-1.618,-0.016
-1.513,0.019
-1.784,0.097
-1.662,0.431
-1.713,-0.188
-1.836,-1.178
-2.029,2.478
-1.905,0.705
-2.053,0.929
-2.063,-1.006
-1.981,2.145
-2.148,-0.479
-2.151,1.586
-2.164,2.19
-2.261,0.753
-2.17,0.346
-2.458,-1.531
-2.928,-1.3
3.122,-1.582
2.807,-1.638
2.689,-1.587
2.279,-1.383
1.644,-1.65
1.167,-1.594
0.973,-1.445
-0.691,-1.259
-0.891,-1.546
-0.928,-1.655
-1.22,-1.488
-1.163,-1.463
-2.266,-1.49
-2.45,2.691
-2.522,2.793
-2.948,2.978
2.875,2.898
1.75,2.995
1.381,2.692
1.518,2.698
1.16,2.735
1.283,2.816
1.048,3.033
0.881,3.006
0.759,2.733
0.369,2.851
0.224,2.768
0.339,3.131
0.346,2.849
-0.138,3.012
-0.47,3.16
-0.733,3.083
-1.165,2.943
-1.624,2.912
-1.73,2.958
-1.769,2.92
1.087,0.551
0.639,-0.047
-0.594,-1.214
-0.856,0.104
-1.191,0.789
1.843,1.336
0.371,2.08
-1.71,1.033
-1.731,0.832
-1.787,1.176
-2.009,-0.287
-2.717,1.677
2.586,0.053
2.491,0.341
2.342,0.85
2.607,-1.519
0.587,-1.043
0.368,2.8
-1.397,2.376
-1.485,2.609
-1.713,2.536
-1.638,2.355
-0.739,2.52
-0.269,2.967
0.073,-2.423
-0.1,-0.421
-0.14,-2.563
-0.022,0.068
-0.158,-2.515
-0.22,-2.491
-0.356,-0.381
-0.244,-1.35
-0.367,-2.614
-0.32,-2.766
-0.324,-2.489
-0.362,-1.414
-0.526,0.18
-0.697,0.874
-0.808,-1.023
-0.826,-1.299
-0.832,-1.255
-0.83,-0.311
-0.836,-0.364
-0.858,-0.429
-0.965,-0.597
-0.997,-1.998
-1.032,-0.505
-1.095,-2.086
-1.137,-1.289
-1.195,-0.788
-1.506,-1.457
-1.401,-1.422
-1.672,-1.344
-1.55,-1.01
-1.601,-1.629
-1.724,-2.619
-1.917,1.037
-1.793,-0.736
-1.941,-0.512
-1.951,-2.447
-1.869,0.704
-2.036,-1.92
-2.039,0.145
-2.052,0.749
-2.149,-0.688
-2.058,-1.095
-2.346,-2.972
-2.816,-2.741
-3.049,-3.023
2.919,-3.079
2.801,-3.028
2.391,-2.824
1.756,-3.091
1.279,-3.035
1.085,-2.886
-0.579,-2.7
-0.779,-2.987
-0.816,-3.096
-1.108,-2.929
-1.051,-2.904
-2.154,-2.931
-2.338,1.25
-2.41,1.352
-2.836,1.537
2.987,1.457
1.862,1.554
1.493,1.251
1.63,1.257
1.272,1.294
1.395,1.375
1.16,1.592
0.993,1.565
0.871,1.292
0.481,1.41
0.336,1.327
0.451,1.69
0.458,1.408
-0.026,1.571
-0.358,1.719
-0.621,1.642
-1.053,1.502
-1.512,1.471
-1.618,1.517
-1.657,1.479
1.199,-0.89
0.751,-1.488
-0.482,-2.655
-0.744,-1.337
-1.079,-0.652
1.955,-0.105
0.483,0.639
-1.598,-0.408
-1.619,-0.609
-1.675,-0.265
-1.897,-1.728
-2.605,0.236
2.698,-1.388
2.603,-1.1
2.454,-0.591
2.719,-2.96
0.699,-2.484
0.48,1.359
-1.285,0.935
-1.373,1.168
-1.601,1.095
-1.526,0.914
-0.627,1.079
-0.157,1.526
-0.173,2.002
-0.213,-0.14
-0.095,2.491
-0.231,-0.092
-0.293,-0.068
-0.429,2.042
-0.317,1.073
-0.44,-0.191
-0.393,-0.343
-0.397,-0.066
-0.435,1.009
-0.599,2.603
-0.77,3.297
-0.881,1.4
-0.899,1.124
-0.905,1.168
-0.903,2.112
-0.909,2.059
-0.931,1.994
-1.038,1.826
-1.07,0.425
-1.105,1.918
-1.168,0.337
-1.21,1.134
-1.268,1.635
-1.579,0.966
-1.474,1.001
-1.745,1.079
-1.623,1.413
-1.674,0.794
-1.797,-0.196
-1.99,3.46
-1.866,1.687
-2.014,1.911
-2.024,-0.024
-1.942,3.127
-2.109,0.503
-2.112,2.568
-2.125,3.172
-2.222,1.735
-2.131,1.328
-2.419,-0.549
-2.889,-0.318
-3.122,-0.6
2.846,-0.656
2.728,-0.605
2.318,-0.401
1.683,-0.668
1.206,-0.612
1.012,-0.463
-0.652,-0.277
-0.852,-0.564
-0.889,-0.673
-1.181,-0.506
-1.124,-0.481
-2.227,-0.508
-2.411,3.673
-2.483,3.775
-2.909,3.96
2.914,3.88
1.789,3.977
1.42,3.674
1.557,3.68
1.199,3.717
1.322,3.798
1.087,4.015
0.92,3.988
0.798,3.715
0.408,3.833
0.263,3.75
0.378,4.113
0.385,3.831
-0.099,3.994
-0.431,4.142
-0.694,4.065
-1.126,3.925
-1.585,3.894
-1.691,3.94
-1.73,3.902
1.126,1.533
0.678,0.935
-0.555,-0.232
-0.817,1.086
-1.152,1.771
1.882,2.318
0.41,3.062
-1.671,2.015
-1.692,1.814
-1.748,2.158
-1.97,0.695
-2.678,2.659
2.625,1.035
2.53,1.323
2.381,1.832
2.646,-0.537
0.626,-0.061
0.407,3.782
-1.358,3.358
-1.446,3.591
-1.674,3.518
-1.599,3.337
-0.7,3.502
-0.23,3.949
-0.04,-2.142
0.078,0.489
-0.058,-2.094
-0.12,-2.07
-0.256,0.04
-0.144,-0.929
-0.267,-2.193
-0.22,-2.345
-0.224,-2.068
-0.262,-0.993
-0.426,0.601
-0.597,1.295
-0.708,-0.602
-0.726,-0.878
-0.732,-0.834
-0.73,0.11
-0.736,0.057
-0.758,-0.008
-0.865,-0.176
-0.897,-1.577
-0.932,-0.084
-0.995,-1.665
-1.037,-0.868
-1.095,-0.367
-1.406,-1.036
-1.301,-1.001
-1.572,-0.923
-1.45,-0.589
-1.501,-1.208
-1.624,-2.198
-1.817,1.458
-1.693,-0.315
-1.841,-0.091
-1.851,-2.026
-1.769,1.125
-1.936,-1.499
-1.939,0.566
-1.952,1.17
-2.049,-0.267
-1.958,-0.674
-2.246,-2.551
-2.716,-2.32
-2.949,-2.602
3.019,-2.658
2.901,-2.607
2.491,-2.403
1.856,-2.67
1.379,-2.614
1.185,-2.465
-0.479,-2.279
-0.679,-2.566
-0.716,-2.675
-1.008,-2.508
-0.951,-2.483
-2.054,-2.51
-2.238,1.671
-2.31,1.773
-2.736,1.958
3.087,1.878
1.962,1.975
1.593,1.672
1.73,1.678
1.372,1.715
1.495,1.796
1.26,2.013
1.093,1.986
0.971,1.713
0.581,1.831
0.436,1.748
0.551,2.111
0.558,1.829
0.074,1.992
-0.258,2.14
-0.521,2.063
-0.953,1.923
-1.412,1.892
-1.518,1.938
-1.557,1.9
1.299,-0.469
0.851,-1.067
-0.382,-2.234
-0.644,-0.916
-0.979,-0.231
2.055,0.316
0.583,1.06
-1.498,0.013
-1.519,-0.188
-1.575,0.156
-1.797,-1.307
-2.505,0.657
2.798,-0.967
2.703,-0.679
2.554,-0.17
2.819,-2.539
0.799,-2.063
0.58,1.78
-1.185,1.356
-1.273,1.589
-1.501,1.516
-1.426,1.335
-0.527,1.5
-0.057,1.947
0.118,2.631
-0.018,0.048
-0.08,0.072
-0.216,2.182
-0.104,1.213
-0.227,-0.051
-0.18,-0.203
-0.184,0.074
-0.222,1.149
-0.386,2.743
-0.557,3.437
-0.668,1.54
-0.686,1.264
-0.692,1.308
-0.69,2.252
-0.696,2.199
-0.718,2.134
-0.825,1.966
-0.857,0.565
-0.892,2.058
-0.955,0.477
-0.997,1.274
-1.055,1.775
-1.366,1.106
-1.261,1.141
-1.532,1.219
-1.41,1.553
-1.461,0.934
-1.584,-0.056
-1.777,3.6
-1.653,1.827
-1.801,2.051
-1.811,0.116
-1.729,3.267
-1.896,0.643
-1.899,2.708
-1.912,3.312
-2.009,1.875
-1.918,1.468
-2.206,-0.409
-2.676,-0.178
-2.909,-0.46
3.059,-0.516
2.941,-0.465
2.531,-0.261
1.896,-0.528
1.419,-0.472
1.225,-0.323
-0.439,-0.137
-0.639,-0.424
-0.676,-0.533
-0.968,-0.366
-0.911,-0.341
-2.014,-0.368
-2.198,3.813
-2.27,3.915
-2.696,4.1
3.127,4.02
2.002,4.117
1.633,3.814
1.77,3.82
1.412,3.857
1.535,3.938
1.3,4.155
1.133,4.128
1.011,3.855
0.621,3.973
0.476,3.89
0.591,4.253
0.598,3.971
0.114,4.134
-0.218,4.282
-0.481,4.205
-0.913,4.065
-1.372,4.034
-1.478,4.08
-1.517,4.042
1.339,1.673
0.891,1.075
-0.342,-0.092
-0.604,1.226
-0.939,1.911
2.095,2.458
0.623,3.202
-1.458,2.155
-1.479,1.954
-1.535,2.298
-1.757,0.835
-2.465,2.799
2.838,1.175
2.743,1.463
2.594,1.972
2.859,-0.397
0.839,0.079
0.62,3.922
-1.145,3.498
-1.233,3.731
-1.461,3.658
-1.386,3.477
-0.487,3.642
-0.017,4.089
-0.136,-2.583
-0.198,-2.559
-0.334,-0.449
-0.222,-1.418
-0.345,-2.682
-0.298,-2.834
-0.302,-2.557
-0.34,-1.482
-0.504,0.112
-0.675,0.806
-0.786,-1.091
-0.804,-1.367
-0.81,-1.323
-0.808,-0.379
-0.814,-0.432
-0.836,-0.497
-0.943,-0.665
-0.975,-2.066
-1.01,-0.573
-1.073,-2.154
-1.115,-1.357
-1.173,-0.856
-1.484,-1.525
-1.379,-1.49
-1.65,-1.412
-1.528,-1.078
-1.579,-1.697
-1.702,-2.687
-1.895,0.969
-1.771,-0.804
-1.919,-0.58
-1.929,-2.515
-1.847,0.636
-2.014,-1.988
-2.017,0.077
-2.03,0.681
-2.127,-0.756
-2.036,-1.163
-2.324,-3.04
-2.794,-2.809
-3.027,-3.091
2.941,-3.147
2.823,-3.096
2.413,-2.892
1.778,-3.159
1.301,-3.103
1.107,-2.954
-0.557,-2.768
-0.757,-3.055
-0.794,-3.164
-1.086,-2.997
-1.029,-2.972
-2.132,-2.999
-2.316,1.182
-2.388,1.284
-2.814,1.469
3.009,1.389
1.884,1.486
1.515,1.183
1.652,1.189
1.294,1.226
1.417,1.307
1.182,1.524
1.015,1.497
0.893,1.224
0.503,1.342
0.358,1.259
0.473,1.622
0.48,1.34
-0.004,1.503
-0.336,1.651
-0.599,1.574
-1.031,1.434
-1.49,1.403
-1.596,1.449
-1.635,1.411
1.221,-0.958
0.773,-1.556
-0.46,-2.723
-0.722,-1.405
-1.057,-0.72
1.977,-0.173
0.505,0.571
-1.576,-0.476
-1.597,-0.677
-1.653,-0.333
-1.875,-1.796
-2.583,0.168
2.72,-1.456
2.625,-1.168
2.476,-0.659
2.741,-3.028
0.721,-2.552
0.502,1.291
-1.263,0.867
-1.351,1.1
-1.579,1.027
-1.504,0.846
-0.605,1.011
-0.135,1.458
-0.062,0.024
-0.198,2.134
-0.086,1.165
-0.209,-0.099
-0.162,-0.251
-0.166,0.026
-0.204,1.101
-0.368,2.695
-0.539,3.389
-0.65,1.492
-0.668,1.216
-0.674,1.26
-0.672,2.204
-0.678,2.151
-0.7,2.086
-0.807,1.918
-0.839,0.517
-0.874,2.01
-0.937,0.429
-0.979,1.226
-1.037,1.727
-1.348,1.058
-1.243,1.093
-1.514,1.171
-1.392,1.505
-1.443,0.886
-1.566,-0.104
-1.759,3.552
-1.635,1.779
-1.783,2.003
-1.793,0.068
-1.711,3.219
-1.878,0.595
-1.881,2.66
-1.894,3.264
-1.991,1.827
-1.9,1.42
-2.188,-0.457
-2.658,-0.226
-2.891,-0.508
3.077,-0.564
2.959,-0.513
2.549,-0.309
1.914,-0.576
1.437,-0.52
1.243,-0.371
-0.421,-0.185
-0.621,-0.472
-0.658,-0.581
-0.95,-0.414
-0.893,-0.389
-1.996,-0.416
-2.18,3.765
-2.252,3.867
-2.678,4.052
-3.138,3.972
2.02,4.069
1.651,3.766
1.788,3.772
1.43,3.809
1.553,3.89
1.318,4.107
1.151,4.08
1.029,3.807
0.639,3.925
0.494,3.842
0.609,4.205
0.616,3.923
0.132,4.086
-0.2,4.234
-0.463,4.157
-0.895,4.017
-1.354,3.986
-1.46,4.032
-1.499,3.994
1.357,1.625
0.909,1.027
-0.324,-0.14
-0.586,1.178
-0.921,1.863
2.113,2.41
0.641,3.154
-1.44,2.107
-1.461,1.906
-1.517,2.25
-1.739,0.787
-2.447,2.751
2.856,1.127
2.761,1.415
2.612,1.924
2.877,-0.445
0.857,0.031
0.638,3.874
-1.127,3.45
-1.215,3.683
-1.443,3.61
-1.368,3.429
-0.469,3.594
0.001,4.041
-0.136,2.11
-0.024,1.141
-0.147,-0.123
-0.1,-0.275
-0.104,0.002
-0.142,1.077
-0.306,2.671
-0.477,3.365
-0.588,1.468
-0.606,1.192
-0.612,1.236
-0.61,2.18
-0.616,2.127
-0.638,2.062
-0.745,1.894
-0.777,0.493
-0.812,1.986
-0.875,0.405
-0.917,1.202
-0.975,1.703
-1.286,1.034
-1.181,1.069
-1.452,1.147
-1.33,1.481
-1.381,0.862
-1.504,-0.128
-1.697,3.528
-1.573,1.755
-1.721,1.979
-1.731,0.044
-1.649,3.195
-1.816,0.571
-1.819,2.636
-1.832,3.24
-1.929,1.803
-1.838,1.396
-2.126,-0.481
-2.596,-0.25
-2.829,-0.532
3.139,-0.588
3.021,-0.537
2.611,-0.333
1.976,-0.6
1.499,-0.544
1.305,-0.395
-0.359,-0.209
-0.559,-0.496
-0.596,-0.605
-0.888,-0.438
-0.831,-0.413
-1.934,-0.44
-2.118,3.741
-2.19,3.843
-2.616,4.028
-3.076,3.948
2.082,4.045
1.713,3.742
1.85,3.748
1.492,3.785
1.615,3.866
1.38,4.083
1.213,4.056
1.091,3.783
0.701,3.901
0.556,3.818
0.671,4.181
0.678,3.899
0.194,4.062
-0.138,4.21
-0.401,4.133
-0.833,3.993
-1.292,3.962
-1.398,4.008
-1.437,3.97
1.419,1.601
0.971,1.003
-0.262,-0.164
-0.524,1.154
-0.859,1.839
2.175,2.386
0.703,3.13
-1.378,2.083
-1.399,1.882
-1.455,2.226
-1.677,0.763
-2.385,2.727
2.918,1.103
2.823,1.391
2.674,1.9
2.939,-0.469
0.919,0.007
0.7,3.85
-1.065,3.426
-1.153,3.659
-1.381,3.586
-1.306,3.405
-0.407,3.57
0.063,4.017
0.112,-0.969
-0.011,-2.233
0.036,-2.385
0.032,-2.108
-0.006,-1.033
-0.17,0.561
-0.341,1.255
-0.452,-0.642
-0.47,-0.918
-0.476,-0.874
-0.474,0.07
-0.48,0.017
-0.502,-0.048
-0.609,-0.216
-0.641,-1.617
-0.676,-0.124
-0.739,-1.705
-0.781,-0.908
-0.839,-0.407
-1.15,-1.076
-1.045,-1.041
-1.316,-0.963
-1.194,-0.629
-1.245,-1.248
-1.368,-2.238
-1.561,1.418
-1.437,-0.355
-1.585,-0.131
-1.595,-2.066
-1.513,1.085
-1.68,-1.539
-1.683,0.526
-1.696,1.13
-1.793,-0.307
-1.702,-0.714
-1.99,-2.591
-2.46,-2.36
-2.693,-2.642
-3.008,-2.698
-3.126,-2.647
2.747,-2.443
2.112,-2.71
1.635,-2.654
1.441,-2.505
-0.223,-2.319
-0.423,-2.606
-0.46,-2.715
-0.752,-2.548
-0.695,-2.523
-1.798,-2.55
-1.982,1.631
-2.054,1.733
-2.48,1.918
-2.94,1.838
2.218,1.935
1.849,1.632
1.986,1.638
1.628,1.675
1.751,1.756
1.516,1.973
1.349,1.946
1.227,1.673
0.837,1.791
0.692,1.708
0.807,2.071
0.814,1.789
0.33,1.952
-0.002,2.1
-0.265,2.023
-0.697,1.883
-1.156,1.852
-1.262,1.898
-1.301,1.86
1.555,-0.509
1.107,-1.107
-0.126,-2.274
-0.388,-0.956
-0.723,-0.271
2.311,0.276
0.839,1.02
-1.242,-0.027
-1.263,-0.228
-1.319,0.116
-1.541,-1.347
-2.249,0.617
3.054,-1.007
2.959,-0.719
2.81,-0.21
3.075,-2.579
1.055,-2.103
0.836,1.74
-0.929,1.316
-1.017,1.549
-1.245,1.476
-1.17,1.295
-0.271,1.46
0.199,1.907
-0.123,-1.264
-0.076,-1.416
-0.08,-1.139
-0.118,-0.064
-0.282,1.53
-0.453,2.224
-0.564,0.327
-0.582,0.051
-0.588,0.095
-0.586,1.039
-0.592,0.986
-0.614,0.921
-0.721,0.753
-0.753,-0.648
-0.788,0.845
-0.851,-0.736
-0.893,0.061
-0.951,0.562
-1.262,-0.107
-1.157,-0.072
-1.428,0.006
-1.306,0.34
-1.357,-0.279
-1.48,-1.269
-1.673,2.387
-1.549,0.614
-1.697,0.838
-1.707,-1.097
-1.625,2.054
-1.792,-0.57
-1.795,1.495
-1.808,2.099
-1.905,0.662
-1.814,0.255
-2.102,-1.622
-2.572,-1.391
-2.805,-1.673
-3.12,-1.729
3.045,-1.678
2.635,-1.474
2.0,-1.741
1.523,-1.685
1.329,-1.536
-0.335,-1.35
-0.535,-1.637
-0.572,-1.746
-0.864,-1.579
-0.807,-1.554
-1.91,-1.581
-2.094,2.6
-2.166,2.702
-2.592,2.887
-3.052,2.807
2.106,2.904
1.737,2.601
1.874,2.607
1.516,2.644
1.639,2.725
1.404,2.942
1.237,2.915
1.115,2.642
0.725,2.76
0.58,2.677
0.695,3.04
0.702,2.758
0.218,2.921
-0.114,3.069
-0.377,2.992
-0.809,2.852
-1.268,2.821
-1.374,2.867
-1.413,2.829
1.443,0.46
0.995,-0.138
-0.238,-1.305
-0.5,0.013
-0.835,0.698
2.199,1.245
0.727,1.989
-1.354,0.942
-1.375,0.741
-1.431,1.085
-1.653,-0.378
-2.361,1.586
2.942,-0.038
2.847,0.25
2.698,0.759
2.963,-1.61
0.943,-1.134
0.724,2.709
-1.041,2.285
-1.129,2.518
-1.357,2.445
-1.282,2.264
-0.383,2.429
0.087,2.876
0.047,-0.152
0.043,0.125
0.005,1.2
-0.159,2.794
-0.33,3.488
-0.441,1.591
-0.459,1.315
-0.465,1.359
-0.463,2.303
-0.469,2.25
-0.491,2.185
-0.598,2.017
-0.63,0.616
-0.665,2.109
-0.728,0.528
-0.77,1.325
-0.828,1.826
-1.139,1.157
-1.034,1.192
-1.305,1.27
-1.183,1.604
-1.234,0.985
-1.357,-0.005
-1.55,3.651
-1.426,1.878
-1.574,2.102
-1.584,0.167
-1.502,3.318
-1.669,0.694
-1.672,2.759
-1.685,3.363
-1.782,1.926
-1.691,1.519
-1.979,-0.358
-2.449,-0.127
-2.682,-0.409
-2.997,-0.465
-3.115,-0.414
2.758,-0.21
2.123,-0.477
1.646,-0.421
1.452,-0.272
-0.212,-0.086
-0.412,-0.373
-0.449,-0.482
-0.741,-0.315
-0.684,-0.29
-1.787,-0.317
-1.971,3.864
-2.043,3.966
-2.469,4.151
-2.929,4.071
2.229,4.168
1.86,3.865
1.997,3.871
1.639,3.908
1.762,3.989
1.527,4.206
1.36,4.179
1.238,3.906
0.848,4.024
0.703,3.941
0.818,4.304
0.825,4.022
0.341,4.185
0.009,4.333
-0.254,4.256
-0.686,4.116
-1.145,4.085
-1.251,4.131
-1.29,4.093
1.566,1.724
1.118,1.126
-0.115,-0.041
-0.377,1.277
-0.712,1.962
2.322,2.509
0.85,3.253
-1.231,2.206
-1.252,2.005
-1.308,2.349
-1.53,0.886
-2.238,2.85
3.065,1.226
2.97,1.514
2.821,2.023
3.086,-0.346
1.066,0.13
0.847,3.973
-0.918,3.549
-1.006,3.782
-1.234,3.709
-1.159,3.528
-0.26,3.693
0.21,4.14
-0.004,0.277
-0.042,1.352
-0.206,2.946
-0.377,3.64
-0.488,1.743
-0.506,1.467
-0.512,1.511
-0.51,2.455
-0.516,2.402
-0.538,2.337
-0.645,2.169
-0.677,0.768
-0.712,2.261
-0.775,0.68
-0.817,1.477
-0.875,1.978
-1.186,1.309
-1.081,1.344
-1.352,1.422
-1.23,1.756
-1.281,1.137
-1.404,0.147
-1.597,3.803
-1.473,2.03
-1.621,2.254
-1.631,0.319
-1.549,3.47
-1.716,0.846
-1.719,2.911
-1.732,3.515
-1.829,2.078
-1.738,1.671
-2.026,-0.206
-2.496,0.025
-2.729,-0.257
-3.044,-0.313
3.121,-0.262
2.711,-0.058
2.076,-0.325
1.599,-0.269
1.405,-0.12
-0.259,0.066
-0.459,-0.221
-0.496,-0.33
-0.788,-0.163
-0.731,-0.138
-1.834,-0.165
-2.018,4.016
-2.09,4.118
-2.516,4.303
-2.976,4.223
2.182,4.32
1.813,4.017
1.95,4.023
1.592,4.06
1.715,4.141
1.48,4.358
1.313,4.331
1.191,4.058
0.801,4.176
0.656,4.093
0.771,4.456
0.778,4.174
0.294,4.337
-0.038,4.485
-0.301,4.408
-0.733,4.268
-1.192,4.237
-1.298,4.283
-1.337,4.245
1.519,1.876
1.071,1.278
-0.162,0.111
-0.424,1.429
-0.759,2.114
2.275,2.661
0.803,3.405
-1.278,2.358
-1.299,2.157
-1.355,2.501
-1.577,1.038
-2.285,3.002
3.018,1.378
2.923,1.666
2.774,2.175
3.039,-0.194
1.019,0.282
0.8,4.125
-0.965,3.701
-1.053,3.934
-1.281,3.861
-1.206,3.68
-0.307,3.845
0.163,4.292
-0.038,1.075
-0.202,2.669
-0.373,3.363
-0.484,1.466
-0.502,1.19
-0.508,1.234
-0.506,2.178
-0.512,2.125
-0.534,2.06
-0.641,1.892
-0.673,0.491
-0.708,1.984
-0.771,0.403
-0.813,1.2
-0.871,1.701
-1.182,1.032
-1.077,1.067
-1.348,1.145
-1.226,1.479
-1.277,0.86
-1.4,-0.13
-1.593,3.526
-1.469,1.753
-1.617,1.977
-1.627,0.042
-1.545,3.193
-1.712,0.569
-1.715,2.634
-1.728,3.238
-1.825,1.801
-1.734,1.394
-2.022,-0.483
-2.492,-0.252
-2.725,-0.534
-3.04,-0.59
3.125,-0.539
2.715,-0.335
2.08,-0.602
1.603,-0.546
1.409,-0.397
-0.255,-0.211
-0.455,-0.498
-0.492,-0.607
-0.784,-0.44
-0.727,-0.415
-1.83,-0.442
-2.014,3.739
-2.086,3.841
-2.512,4.026
-2.972,3.946
2.186,4.043
1.817,3.74
1.954,3.746
1.596,3.783
1.719,3.864
1.484,4.081
1.317,4.054
1.195,3.781
0.805,3.899
0.66,3.816
0.775,4.179
0.782,3.897
0.298,4.06
-0.034,4.208
-0.297,4.131
-0.729,3.991
-1.188,3.96
-1.294,4.006
-1.333,3.968
1.523,1.599
1.075,1.001
-0.158,-0.166
-0.42,1.152
-0.755,1.837
2.279,2.384
0.807,3.128
-1.274,2.081
-1.295,1.88
-1.351,2.224
-1.573,0.761
-2.281,2.725
3.022,1.101
2.927,1.389
2.778,1.898
3.043,-0.471
1.023,0.005
0.804,3.848
-0.961,3.424
-1.049,3.657
-1.277,3.584
-1.202,3.403
-0.303,3.568
0.167,4.015
-0.164,1.594
-0.335,2.288
-0.446,0.391
-0.464,0.115
-0.47,0.159
-0.468,1.103
-0.474,1.05
-0.496,0.985
-0.603,0.817
-0.635,-0.584
-0.67,0.909
-0.733,-0.672
-0.775,0.125
-0.833,0.626
-1.144,-0.043
-1.039,-0.008
-1.31,0.07
-1.188,0.404
-1.239,-0.215
-1.362,-1.205
-1.555,2.451
-1.431,0.678
-1.579,0.902
-1.589,-1.033
-1.507,2.118
-1.674,-0.506
-1.677,1.559
-1.69,2.163
-1.787,0.726
-1.696,0.319
-1.984,-1.558
-2.454,-1.327
-2.687,-1.609
-3.002,-1.665
-3.12,-1.614
2.753,-1.41
2.118,-1.677
1.641,-1.621
1.447,-1.472
-0.217,-1.286
-0.417,-1.573
-0.454,-1.682
-0.746,-1.515
-0.689,-1.49
-1.792,-1.517
-1.976,2.664
-2.048,2.766
-2.474,2.951
-2.934,2.871
2.224,2.968
1.855,2.665
1.992,2.671
1.634,2.708
1.757,2.789
1.522,3.006
1.355,2.979
1.233,2.706
0.843,2.824
0.698,2.741
0.813,3.104
0.82,2.822
0.336,2.985
0.004,3.133
-0.259,3.056
-0.691,2.916
-1.15,2.885
-1.256,2.931
-1.295,2.893
1.561,0.524
1.113,-0.074
-0.12,-1.241
-0.382,0.077
-0.717,0.762
2.317,1.309
0.845,2.053
-1.236,1.006
-1.257,0.805
-1.313,1.149
-1.535,-0.314
-2.243,1.65
3.06,0.026
2.965,0.314
2.816,0.823
3.081,-1.546
1.061,-1.07
0.842,2.773
-0.923,2.349
-1.011,2.582
-1.239,2.509
-1.164,2.328
-0.265,2.493
0.205,2.94
-0.171,0.694
-0.282,-1.203
-0.3,-1.479
-0.306,-1.435
-0.304,-0.491
-0.31,-0.544
-0.332,-0.609
-0.439,-0.777
-0.471,-2.178
-0.506,-0.685
-0.569,-2.266
-0.611,-1.469
-0.669,-0.968
-0.98,-1.637
-0.875,-1.602
-1.146,-1.524
-1.024,-1.19
-1.075,-1.809
-1.198,-2.799
-1.391,0.857
-1.267,-0.916
-1.415,-0.692
-1.425,-2.627
-1.343,0.524
-1.51,-2.1
-1.513,-0.035
-1.526,0.569
-1.623,-0.868
-1.532,-1.275
-1.82,-3.152
-2.29,-2.921
-2.523,-3.203
-2.838,-3.259
-2.956,-3.208
2.917,-3.004
2.282,-3.271
1.805,-3.215
1.611,-3.066
-0.053,-2.88
-0.253,-3.167
-0.29,-3.276
-0.582,-3.109
-0.525,-3.084
-1.628,-3.111
-1.812,1.07
-1.884,1.172
-2.31,1.357
-2.77,1.277
2.388,1.374
2.019,1.071
2.156,1.077
1.798,1.114
1.921,1.195
1.686,1.412
1.519,1.385
1.397,1.112
1.007,1.23
0.862,1.147
0.977,1.51
0.984,1.228
0.5,1.391
0.168,1.539
-0.095,1.462
-0.527,1.322
-0.986,1.291
-1.092,1.337
-1.131,1.299
1.725,-1.07
1.277,-1.668
0.044,-2.835
-0.218,-1.517
-0.553,-0.832
2.481,-0.285
1.009,0.459
-1.072,-0.588
-1.093,-0.789
-1.149,-0.445
-1.371,-1.908
-2.079,0.056
-3.059,-1.568
3.129,-1.28
2.98,-0.771
-3.038,-3.14
1.225,-2.664
1.006,1.179
-0.759,0.755
-0.847,0.988
-1.075,0.915
-1.0,0.734
-0.101,0.899
0.369,1.346
-0.111,-1.897
-0.129,-2.173
-0.135,-2.129
-0.133,-1.185
-0.139,-1.238
-0.161,-1.303
-0.268,-1.471
-0.3,-2.872
-0.335,-1.379
-0.398,-2.96
-0.44,-2.163
-0.498,-1.662
-0.809,-2.331
-0.704,-2.296
-0.975,-2.218
-0.853,-1.884
-0.904,-2.503
-1.027,-3.493
-1.22,0.163
-1.096,-1.61
-1.244,-1.386
-1.254,-3.321
-1.172,-0.17
-1.339,-2.794
-1.342,-0.729
-1.355,-0.125
-1.452,-1.562
-1.361,-1.969
-1.649,-3.846
-2.119,-3.615
-2.352,-3.897
-2.667,-3.953
-2.785,-3.902
3.088,-3.698
2.453,-3.965
1.976,-3.909
1.782,-3.76
0.118,-3.574
-0.082,-3.861
-0.119,-3.97
-0.411,-3.803
-0.354,-3.778
-1.457,-3.805
-1.641,0.376
-1.713,0.478
-2.139,0.663
-2.599,0.583
2.559,0.68
2.19,0.377
2.327,0.383
1.969,0.42
2.092,0.501
1.857,0.718
1.69,0.691
1.568,0.418
1.178,0.536
1.033,0.453
1.148,0.816
1.155,0.534
0.671,0.697
0.339,0.845
0.076,0.768
-0.356,0.628
-0.815,0.597
-0.921,0.643
-0.96,0.605
1.896,-1.764
1.448,-2.362
0.215,-3.529
-0.047,-2.211
-0.382,-1.526
2.652,-0.979
1.18,-0.235
-0.901,-1.282
-0.922,-1.483
-0.978,-1.139
-1.2,-2.602
-1.908,-0.638
-2.888,-2.262
-2.983,-1.974
-3.132,-1.465
-2.867,-3.834
1.396,-3.358
1.177,0.485
-0.588,0.061
-0.676,0.294
-0.904,0.221
-0.829,0.04
0.07,0.205
0.54,0.652
-0.018,-0.276
-0.024,-0.232
-0.022,0.712
-0.028,0.659
-0.05,0.594
-0.157,0.426
-0.189,-0.975
-0.224,0.518
-0.287,-1.063
-0.329,-0.266
-0.387,0.235
-0.698,-0.434
-0.593,-0.399
-0.864,-0.321
-0.742,0.013
-0.793,-0.606
-0.916,-1.596
-1.109,2.06
-0.985,0.287
-1.133,0.511
-1.143,-1.424
-1.061,1.727
-1.228,-0.897
-1.231,1.168
-1.244,1.772
-1.341,0.335
-1.25,-0.072
-1.538,-1.949
-2.008,-1.718
-2.241,-2.0
-2.556,-2.056
-2.674,-2.005
-3.084,-1.801
2.564,-2.068
2.087,-2.012
1.893,-1.863
0.229,-1.677
0.029,-1.964
-0.008,-2.073
-0.3,-1.906
-0.243,-1.881
-1.346,-1.908
-1.53,2.273
-1.602,2.375
-2.028,2.56
-2.488,2.48
2.67,2.577
2.301,2.274
2.438,2.28
2.08,2.317
2.203,2.398
1.968,2.615
1.801,2.588
1.679,2.315
1.289,2.433
1.144,2.35
1.259,2.713
1.266,2.431
0.782,2.594
0.45,2.742
0.187,2.665
-0.245,2.525
-0.704,2.494
-0.81,2.54
-0.849,2.502
2.007,0.133
1.559,-0.465
0.326,-1.632
0.064,-0.314
-0.271,0.371
2.763,0.918
1.291,1.662
-0.79,0.615
-0.811,0.414
-0.867,0.758
-1.089,-0.705
-1.797,1.259
-2.777,-0.365
-2.872,-0.077
-3.021,0.432
-2.756,-1.937
1.507,-1.461
1.288,2.382
-0.477,1.958
-0.565,2.191
-0.793,2.118
-0.718,1.937
0.181,2.102
0.651,2.549
-0.006,0.044
-0.004,0.988
-0.01,0.935
-0.032,0.87
-0.139,0.702
-0.171,-0.699
-0.206,0.794
-0.269,-0.787
-0.311,0.01
-0.369,0.511
-0.68,-0.158
-0.575,-0.123
-0.846,-0.045
-0.724,0.289
-0.775,-0.33
-0.898,-1.32
-1.091,2.336
-0.967,0.563
-1.115,0.787
-1.125,-1.148
-1.043,2.003
-1.21,-0.621
-1.213,1.444
-1.226,2.048
-1.323,0.611
-1.232,0.204
-1.52,-1.673
-1.99,-1.442
-2.223,-1.724
-2.538,-1.78
-2.656,-1.729
-3.066,-1.525
2.582,-1.792
2.105,-1.736
1.911,-1.587
0.247,-1.401
0.047,-1.688
0.01,-1.797
-0.282,-1.63
-0.225,-1.605
-1.328,-1.632
-1.512,2.549
-1.584,2.651
-2.01,2.836
-2.47,2.756
2.688,2.853
2.319,2.55
2.456,2.556
2.098,2.593
2.221,2.674
1.986,2.891
1.819,2.864
1.697,2.591
1.307,2.709
1.162,2.626
1.277,2.989
1.284,2.707
0.8,2.87
0.468,3.018
0.205,2.941
-0.227,2.801
-0.686,2.77
-0.792,2.816
-0.831,2.778
2.025,0.409
1.577,-0.189
0.344,-1.356
0.082,-0.038
-0.253,0.647
2.781,1.194
1.309,1.938
-0.772,0.891
-0.793,0.69
-0.849,1.034
-1.071,-0.429
-1.779,1.535
-2.759,-0.089
-2.854,0.199
-3.003,0.708
-2.738,-1.661
1.525,-1.185
1.306,2.658
-0.459,2.234
-0.547,2.467
-0.775,2.394
-0.7,2.213
0.199,2.378
0.669,2.825
0.002,0.944
-0.004,0.891
-0.026,0.826
-0.133,0.658
-0.165,-0.743
-0.2,0.75
-0.263,-0.831
-0.305,-0.034
-0.363,0.467
-0.674,-0.202
-0.569,-0.167
-0.84,-0.089
-0.718,0.245
-0.769,-0.374
-0.892,-1.364
-1.085,2.292
-0.961,0.519
-1.109,0.743
-1.119,-1.192
-1.037,1.959
-1.204,-0.665
-1.207,1.4
-1.22,2.004
-1.317,0.567
-1.226,0.16
-1.514,-1.717
-1.984,-1.486
-2.217,-1.768
-2.532,-1.824
-2.65,-1.773
-3.06,-1.569
2.588,-1.836
2.111,-1.78
1.917,-1.631
0.253,-1.445
0.053,-1.732
0.016,-1.841
-0.276,-1.674
-0.219,-1.649
-1.322,-1.676
-1.506,2.505
-1.578,2.607
-2.004,2.792
-2.464,2.712
2.694,2.809
2.325,2.506
2.462,2.512
2.104,2.549
2.227,2.63
1.992,2.847
1.825,2.82
1.703,2.547
1.313,2.665
1.168,2.582
1.283,2.945
1.29,2.663
0.806,2.826
0.474,2.974
0.211,2.897
-0.221,2.757
-0.68,2.726
-0.786,2.772
-0.825,2.734
2.031,0.365
1.583,-0.233
0.35,-1.4
0.088,-0.082
-0.247,0.603
2.787,1.15
1.315,1.894
-0.766,0.847
-0.787,0.646
-0.843,0.99
-1.065,-0.473
-1.773,1.491
-2.753,-0.133
-2.848,0.155
-2.997,0.664
-2.732,-1.705
1.531,-1.229
1.312,2.614
-0.453,2.19
-0.541,2.423
-0.769,2.35
-0.694,2.169
0.205,2.334
0.675,2.781
-0.006,-0.053
-0.028,-0.118
-0.135,-0.286
-0.167,-1.687
-0.202,-0.194
-0.265,-1.775
-0.307,-0.978
-0.365,-0.477
-0.676,-1.146
-0.571,-1.111
-0.842,-1.033
-0.72,-0.699
-0.771,-1.318
-0.894,-2.308
-1.087,1.348
-0.963,-0.425
-1.111,-0.201
-1.121,-2.136
-1.039,1.015
-1.206,-1.609
-1.209,0.456
-1.222,1.06
-1.319,-0.377
-1.228,-0.784
-1.516,-2.661
-1.986,-2.43
-2.219,-2.712
-2.534,-2.768
-2.652,-2.717
-3.062,-2.513
2.586,-2.78
2.109,-2.724
1.915,-2.575
0.251,-2.389
0.051,-2.676
0.014,-2.785
-0.278,-2.618
-0.221,-2.593
-1.324,-2.62
-1.508,1.561
-1.58,1.663
-2.006,1.848
-2.466,1.768
2.692,1.865
2.323,1.562
2.46,1.568
2.102,1.605
2.225,1.686
1.99,1.903
1.823,1.876
1.701,1.603
1.311,1.721
1.166,1.638
1.281,2.001
1.288,1.719
0.804,1.882
0.472,2.03
0.209,1.953
-0.223,1.813
-0.682,1.782
-0.788,1.828
-0.827,1.79
2.029,-0.579
1.581,-1.177
0.348,-2.344
0.086,-1.026
-0.249,-0.341
2.785,0.206
1.313,0.95
-0.768,-0.097
-0.789,-0.298
-0.845,0.046
-1.067,-1.417
-1.775,0.547
-2.755,-1.077
-2.85,-0.789
-2.999,-0.28
-2.734,-2.649
1.529,-2.173
1.31,1.67
-0.455,1.246
-0.543,1.479
-0.771,1.406
-0.696,1.225
0.203,1.39
0.673,1.837
-0.022,-0.065
-0.129,-0.233
-0.161,-1.634
-0.196,-0.141
-0.259,-1.722
-0.301,-0.925
-0.359,-0.424
-0.67,-1.093
-0.565,-1.058
-0.836,-0.98
-0.714,-0.646
-0.765,-1.265
-0.888,-2.255
-1.081,1.401
-0.957,-0.372
-1.105,-0.148
-1.115,-2.083
-1.033,1.068
-1.2,-1.556
-1.203,0.509
-1.216,1.113
-1.313,-0.324
-1.222,-0.731
-1.51,-2.608
-1.98,-2.377
-2.213,-2.659
-2.528,-2.715
-2.646,-2.664
-3.056,-2.46
2.592,-2.727
2.115,-2.671
1.921,-2.522
0.257,-2.336
0.057,-2.623
0.02,-2.732
-0.272,-2.565
-0.215,-2.54
-1.318,-2.567
-1.502,1.614
-1.574,1.716
-2.0,1.901
-2.46,1.821
2.698,1.918
2.329,1.615
2.466,1.621
2.108,1.658
2.231,1.739
1.996,1.956
1.829,1.929
1.707,1.656
1.317,1.774
1.172,1.691
1.287,2.054
1.294,1.772
0.81,1.935
0.478,2.083
0.215,2.006
-0.217,1.866
-0.676,1.835
-0.782,1.881
-0.821,1.843
2.035,-0.526
1.587,-1.124
0.354,-2.291
0.092,-0.973
-0.243,-0.288
2.791,0.259
1.319,1.003
-0.762,-0.044
-0.783,-0.245
-0.839,0.099
-1.061,-1.364
-1.769,0.6
-2.749,-1.024
-2.844,-0.736
-2.993,-0.227
-2.728,-2.596
1.535,-2.12
1.316,1.723
-0.449,1.299
-0.537,1.532
-0.765,1.459
-0.69,1.278
0.209,1.443
0.679,1.89
-0.107,-0.168
-0.139,-1.569
-0.174,-0.076
-0.237,-1.657
-0.279,-0.86
-0.337,-0.359
-0.648,-1.028
-0.543,-0.993
-0.814,-0.915
-0.692,-0.581
-0.743,-1.2
-0.866,-2.19
-1.059,1.466
-0.935,-0.307
-1.083,-0.083
-1.093,-2.018
-1.011,1.133
-1.178,-1.491
-1.181,0.574
-1.194,1.178
-1.291,-0.259
-1.2,-0.666
-1.488,-2.543
-1.958,-2.312
-2.191,-2.594
-2.506,-2.65
-2.624,-2.599
-3.034,-2.395
2.614,-2.662
2.137,-2.606
1.943,-2.457
0.279,-2.271
0.079,-2.558
0.042,-2.667
-0.25,-2.5
-0.193,-2.475
-1.296,-2.502
-1.48,1.679
-1.552,1.781
-1.978,1.966
-2.438,1.886
2.72,1.983
2.351,1.68
2.488,1.686
2.13,1.723
2.253,1.804
2.018,2.021
1.851,1.994
1.729,1.721
1.339,1.839
1.194,1.756
1.309,2.119
1.316,1.837
0.832,2.0
0.5,2.148
0.237,2.071
-0.195,1.931
-0.654,1.9
-0.76,1.946
-0.799,1.908
2.057,-0.461
1.609,-1.059
0.376,-2.226
0.114,-0.908
-0.221,-0.223
2.813,0.324
1.341,1.068
-0.74,0.021
-0.761,-0.18
-0.817,0.164
-1.039,-1.299
-1.747,0.665
-2.727,-0.959
-2.822,-0.671
-2.971,-0.162
-2.706,-2.531
1.557,-2.055
1.338,1.788
-0.427,1.364
-0.515,1.597
-0.743,1.524
-0.668,1.343
0.231,1.508
0.701,1.955
-0.032,-1.401
-0.067,0.092
-0.13,-1.489
-0.172,-0.692
-0.23,-0.191
-0.541,-0.86
-0.436,-0.825
-0.707,-0.747
-0.585,-0.413
-0.636,-1.032
-0.759,-2.022
-0.952,1.634
-0.828,-0.139
-0.976,0.085
-0.986,-1.85
-0.904,1.301
-1.071,-1.323
-1.074,0.742
-1.087,1.346
-1.184,-0.091
-1.093,-0.498
-1.381,-2.375
-1.851,-2.144
-2.084,-2.426
-2.399,-2.482
-2.517,-2.431
-2.927,-2.227
2.721,-2.494
2.244,-2.438
2.05,-2.289
0.386,-2.103
0.186,-2.39
0.149,-2.499
-0.143,-2.332
-0.086,-2.307
-1.189,-2.334
-1.373,1.847
-1.445,1.949
-1.871,2.134
-2.331,2.054
2.827,2.151
2.458,1.848
2.595,1.854
2.237,1.891
2.36,1.972
2.125,2.189
1.958,2.162
1.836,1.889
1.446,2.007
1.301,1.924
1.416,2.287
1.423,2.005
0.939,2.168
0.607,2.316
0.344,2.239
-0.088,2.099
-0.547,2.068
-0.653,2.114
-0.692,2.076
2.164,-0.293
1.716,-0.891
0.483,-2.058
0.221,-0.74
-0.114,-0.055
2.92,0.492
1.448,1.236
-0.633,0.189
-0.654,-0.012
-0.71,0.332
-0.932,-1.131
-1.64,0.833
-2.62,-0.791
-2.715,-0.503
-2.864,0.006
-2.599,-2.363
1.664,-1.887
1.445,1.956
-0.32,1.532
-0.408,1.765
-0.636,1.692
-0.561,1.511
0.338,1.676
0.808,2.123
-0.035,1.493
-0.098,-0.088
-0.14,0.709
-0.198,1.21
-0.509,0.541
-0.404,0.576
-0.675,0.654
-0.553,0.988
-0.604,0.369
-0.727,-0.621
-0.92,3.035
-0.796,1.262
-0.944,1.486
-0.954,-0.449
-0.872,2.702
-1.039,0.078
-1.042,2.143
-1.055,2.747
-1.152,1.31
-1.061,0.903
-1.349,-0.974
-1.819,-0.743
-2.052,-1.025
-2.367,-1.081
-2.485,-1.03
-2.895,-0.826
2.753,-1.093
2.276,-1.037
2.082,-0.888
0.418,-0.702
0.218,-0.989
0.181,-1.098
-0.111,-0.931
-0.054,-0.906
-1.157,-0.933
-1.341,3.248
-1.413,3.35
-1.839,3.535
-2.299,3.455
2.859,3.552
2.49,3.249
2.627,3.255
2.269,3.292
2.392,3.373
2.157,3.59
1.99,3.563
1.868,3.29
1.478,3.408
1.333,3.325
1.448,3.688
1.455,3.406
0.971,3.569
0.639,3.717
0.376,3.64
-0.056,3.5
-0.515,3.469
-0.621,3.515
-0.66,3.477
2.196,1.108
1.748,0.51
0.515,-0.657
0.253,0.661
-0.082,1.346
2.952,1.893
1.48,2.637
-0.601,1.59
-0.622,1.389
-0.678,1.733
-0.9,0.27
-1.608,2.234
-2.588,0.61
-2.683,0.898
-2.832,1.407
-2.567,-0.962
1.696,-0.486
1.477,3.357
-0.288,2.933
-0.376,3.166
-0.604,3.093
-0.529,2.912
0.37,3.077
0.84,3.524
-0.063,-1.581
-0.105,-0.784
-0.163,-0.283
-0.474,-0.952
-0.369,-0.917
-0.64,-0.839
-0.518,-0.505
-0.569,-1.124
-0.692,-2.114
-0.885,1.542
-0.761,-0.231
-0.909,-0.007
-0.919,-1.942
-0.837,1.209
-1.004,-1.415
-1.007,0.65
-1.02,1.254
-1.117,-0.183
-1.026,-0.59
-1.314,-2.467
-1.784,-2.236
-2.017,-2.518
-2.332,-2.574
-2.45,-2.523
-2.86,-2.319
2.788,-2.586
2.311,-2.53
2.117,-2.381
0.453,-2.195
0.253,-2.482
0.216,-2.591
-0.076,-2.424
-0.019,-2.399
-1.122,-2.426
-1.306,1.755
-1.378,1.857
-1.804,2.042
-2.264,1.962
2.894,2.059
2.525,1.756
2.662,1.762
2.304,1.799
2.427,1.88
2.192,2.097
2.025,2.07
1.903,1.797
1.513,1.915
1.368,1.832
1.483,2.195
1.49,1.913
1.006,2.076
0.674,2.224
0.411,2.147
-0.021,2.007
-0.48,1.976
-0.586,2.022
-0.625,1.984
2.231,-0.385
1.783,-0.983
0.55,-2.15
0.288,-0.832
-0.047,-0.147
2.987,0.4
1.515,1.144
-0.566,0.097
-0.587,-0.104
-0.643,0.24
-0.865,-1.223
-1.573,0.741
-2.553,-0.883
-2.648,-0.595
-2.797,-0.086
-2.532,-2.455
1.731,-1.979
1.512,1.864
-0.253,1.44
-0.341,1.673
-0.569,1.6
-0.494,1.419
0.405,1.584
0.875,2.031
-0.042,0.797
-0.1,1.298
-0.411,0.629
-0.306,0.664
-0.577,0.742
-0.455,1.076
-0.506,0.457
-0.629,-0.533
-0.822,3.123
-0.698,1.35
-0.846,1.574
-0.856,-0.361
-0.774,2.79
-0.941,0.166
-0.944,2.231
-0.957,2.835
-1.054,1.398
-0.963,0.991
-1.251,-0.886
-1.721,-0.655
-1.954,-0.937
-2.269,-0.993
-2.387,-0.942
-2.797,-0.738
2.851,-1.005
2.374,-0.949
2.18,-0.8
0.516,-0.614
0.316,-0.901
0.279,-1.01
-0.013,-0.843
0.044,-0.818
-1.059,-0.845
-1.243,3.336
-1.315,3.438
-1.741,3.623
-2.201,3.543
2.957,3.64
2.588,3.337
2.725,3.343
2.367,3.38
2.49,3.461
2.255,3.678
2.088,3.651
1.966,3.378
1.576,3.496
1.431,3.413
1.546,3.776
1.553,3.494
1.069,3.657
0.737,3.805
0.474,3.728
0.042,3.588
-0.417,3.557
-0.523,3.603
-0.562,3.565
2.294,1.196
1.846,0.598
0.613,-0.569
0.351,0.749
0.016,1.434
3.05,1.981
1.578,2.725
-0.503,1.678
-0.524,1.477
-0.58,1.821
-0.802,0.358
-1.51,2.322
-2.49,0.698
-2.585,0.986
-2.734,1.495
-2.469,-0.874
1.794,-0.398
1.575,3.445
-0.19,3.021
-0.278,3.254
-0.506,3.181
-0.431,3.0
0.468,3.165
0.938,3.612
-0.058,0.501
-0.369,-0.168
-0.264,-0.133
-0.535,-0.055
-0.413,0.279
-0.464,-0.34
-0.587,-1.33
-0.78,2.326
-0.656,0.553
-0.804,0.777
-0.814,-1.158
-0.732,1.993
-0.899,-0.631
-0.902,1.434
-0.915,2.038
-1.012,0.601
-0.921,0.194
-1.209,-1.683
-1.679,-1.452
-1.912,-1.734
-2.227,-1.79
-2.345,-1.739
-2.755,-1.535
2.893,-1.802
2.416,-1.746
2.222,-1.597
0.558,-1.411
0.358,-1.698
0.321,-1.807
0.029,-1.64
0.086,-1.615
-1.017,-1.642
-1.201,2.539
-1.273,2.641
-1.699,2.826
-2.159,2.746
2.999,2.843
2.63,2.54
2.767,2.546
2.409,2.583
2.532,2.664
2.297,2.881
2.13,2.854
2.008,2.581
1.618,2.699
1.473,2.616
1.588,2.979
1.595,2.697
1.111,2.86
0.779,3.008
0.516,2.931
0.084,2.791
-0.375,2.76
-0.481,2.806
-0.52,2.768
2.336,0.399
1.888,-0.199
0.655,-1.366
0.393,-0.048
0.058,0.637
3.092,1.184
1.62,1.928
-0.461,0.881
-0.482,0.68
-0.538,1.024
-0.76,-0.439
-1.468,1.525
-2.448,-0.099
-2.543,0.189
-2.692,0.698
-2.427,-1.671
1.836,-1.195
1.617,2.648
-0.148,2.224
-0.236,2.457
-0.464,2.384
-0.389,2.203
0.51,2.368
0.98,2.815
-0.311,-0.669
-0.206,-0.634
-0.477,-0.556
-0.355,-0.222
-0.406,-0.841
-0.529,-1.831
-0.722,1.825
-0.598,0.052
-0.746,0.276
-0.756,-1.659
-0.674,1.492
-0.841,-1.132
-0.844,0.933
-0.857,1.537
-0.954,0.1
-0.863,-0.307
-1.151,-2.184
-1.621,-1.953
-1.854,-2.235
-2.169,-2.291
-2.287,-2.24
-2.697,-2.036
2.951,-2.303
2.474,-2.247
2.28,-2.098
0.616,-1.912
0.416,-2.199
0.379,-2.308
0.087,-2.141
0.144,-2.116
-0.959,-2.143
-1.143,2.038
-1.215,2.14
-1.641,2.325
-2.101,2.245
3.057,2.342
2.688,2.039
2.825,2.045
2.467,2.082
2.59,2.163
2.355,2.38
2.188,2.353
2.066,2.08
1.676,2.198
1.531,2.115
1.646,2.478
1.653,2.196
1.169,2.359
0.837,2.507
0.574,2.43
0.142,2.29
-0.317,2.259
-0.423,2.305
-0.462,2.267
2.394,-0.102
1.946,-0.7
0.713,-1.867
0.451,-0.549
0.116,0.136
-3.133,0.683
1.678,1.427
-0.403,0.38
-0.424,0.179
-0.48,0.523
-0.702,-0.94
-1.41,1.024
-2.39,-0.6
-2.485,-0.312
-2.634,0.197
-2.369,-2.172
1.894,-1.696
1.675,2.147
-0.09,1.723
-0.178,1.956
-0.406,1.883
-0.331,1.702
0.568,1.867
1.038,2.314
0.105,0.035
-0.166,0.113
-0.044,0.447
-0.095,-0.172
-0.218,-1.162
-0.411,2.494
-0.287,0.721
-0.435,0.945
-0.445,-0.99
-0.363,2.161
-0.53,-0.463
-0.533,1.602
-0.546,2.206
-0.643,0.769
-0.552,0.362
-0.84,-1.515
-1.31,-1.284
-1.543,-1.566
-1.858,-1.622
-1.976,-1.571
-2.386,-1.367
-3.021,-1.634
2.785,-1.578
2.591,-1.429
0.927,-1.243
0.727,-1.53
0.69,-1.639
0.398,-1.472
0.455,-1.447
-0.648,-1.474
-0.832,2.707
-0.904,2.809
-1.33,2.994
-1.79,2.914
-2.915,3.011
2.999,2.708
3.136,2.714
2.778,2.751
2.901,2.832
2.666,3.049
2.499,3.022
2.377,2.749
1.987,2.867
1.842,2.784
1.957,3.147
1.964,2.865
1.48,3.028
1.148,3.176
0.885,3.099
0.453,2.959
-0.006,2.928
-0.112,2.974
-0.151,2.936
2.705,0.567
2.257,-0.031
1.024,-1.198
0.762,0.12
0.427,0.805
-2.822,1.352
1.989,2.096
-0.092,1.049
-0.113,0.848
-0.169,1.192
-0.391,-0.271
-1.099,1.693
-2.079,0.069
-2.174,0.357
-2.323,0.866
-2.058,-1.503
2.205,-1.027
1.986,2.816
0.221,2.392
0.133,2.625
-0.095,2.552
-0.02,2.371
0.879,2.536
1.349,2.983
-0.271,0.078
-0.149,0.412
-0.2,-0.207
-0.323,-1.197
-0.516,2.459
-0.392,0.686
-0.54,0.91
-0.55,-1.025
-0.468,2.126
-0.635,-0.498
-0.638,1.567
-0.651,2.171
-0.748,0.734
-0.657,0.327
-0.945,-1.55
-1.415,-1.319
-1.648,-1.601
-1.963,-1.657
-2.081,-1.606
-2.491,-1.402
-3.126,-1.669
2.68,-1.613
2.486,-1.464
0.822,-1.278
0.622,-1.565
0.585,-1.674
0.293,-1.507
0.35,-1.482
-0.753,-1.509
-0.937,2.672
-1.009,2.774
-1.435,2.959
-1.895,2.879
-3.02,2.976
2.894,2.673
3.031,2.679
2.673,2.716
2.796,2.797
2.561,3.014
2.394,2.987
2.272,2.714
1.882,2.832
1.737,2.749
1.852,3.112
1.859,2.83
1.375,2.993
1.043,3.141
0.78,3.064
0.348,2.924
-0.111,2.893
-0.217,2.939
-0.256,2.901
2.6,0.532
2.152,-0.066
0.919,-1.233
0.657,0.085
0.322,0.77
-2.927,1.317
1.884,2.061
-0.197,1.014
-0.218,0.813
-0.274,1.157
-0.496,-0.306
-1.204,1.658
-2.184,0.034
-2.279,0.322
-2.428,0.831
-2.163,-1.538
2.1,-1.062
1.881,2.781
0.116,2.357
0.028,2.59
-0.2,2.517
-0.125,2.336
0.774,2.501
1.244,2.948
0.122,0.334
0.071,-0.285
-0.052,-1.275
-0.245,2.381
-0.121,0.608
-0.269,0.832
-0.279,-1.103
-0.197,2.048
-0.364,-0.576
-0.367,1.489
-0.38,2.093
-0.477,0.656
-0.386,0.249
-0.674,-1.628
-1.144,-1.397
-1.377,-1.679
-1.692,-1.735
-1.81,-1.684
-2.22,-1.48
-2.855,-1.747
2.951,-1.691
2.757,-1.542
1.093,-1.356
0.893,-1.643
0.856,-1.752
0.564,-1.585
0.621,-1.56
-0.482,-1.587
-0.666,2.594
-0.738,2.696
-1.164,2.881
-1.624,2.801
-2.749,2.898
-3.118,2.595
-2.981,2.601
2.944,2.638
3.067,2.719
2.832,2.936
2.665,2.909
2.543,2.636
2.153,2.754
2.008,2.671
2.123,3.034
2.13,2.752
1.646,2.915
1.314,3.063
1.051,2.986
0.619,2.846
0.16,2.815
0.054,2.861
0.015,2.823
2.871,0.454
2.423,-0.144
1.19,-1.311
0.928,0.007
0.593,0.692
-2.656,1.239
2.155,1.983
0.074,0.936
0.053,0.735
-0.003,1.079
-0.225,-0.384
-0.933,1.58
-1.913,-0.044
-2.008,0.244
-2.157,0.753
-1.892,-1.616
2.371,-1.14
2.152,2.703
0.387,2.279
0.299,2.512
0.071,2.439
0.146,2.258
1.045,2.423
1.515,2.87
-0.051,-0.619
-0.174,-1.609
-0.367,2.047
-0.243,0.274
-0.391,0.498
-0.401,-1.437
-0.319,1.714
-0.486,-0.91
-0.489,1.155
-0.502,1.759
-0.599,0.322
-0.508,-0.085
-0.796,-1.962
-1.266,-1.731
-1.499,-2.013
-1.814,-2.069
-1.932,-2.018
-2.342,-1.814
-2.977,-2.081
2.829,-2.025
2.635,-1.876
0.971,-1.69
0.771,-1.977
0.734,-2.086
0.442,-1.919
0.499,-1.894
-0.604,-1.921
-0.788,2.26
-0.86,2.362
-1.286,2.547
-1.746,2.467
-2.871,2.564
3.043,2.261
-3.103,2.267
2.822,2.304
2.945,2.385
2.71,2.602
2.543,2.575
2.421,2.302
2.031,2.42
1.886,2.337
2.001,2.7
2.008,2.418
1.524,2.581
1.192,2.729
0.929,2.652
0.497,2.512
0.038,2.481
-0.068,2.527
-0.107,2.489
2.749,0.12
2.301,-0.478
1.068,-1.645
0.806,-0.327
0.471,0.358
-2.778,0.905
2.033,1.649
-0.048,0.602
-0.069,0.401
-0.125,0.745
-0.347,-0.718
-1.055,1.246
-2.035,-0.378
-2.13,-0.09
-2.279,0.419
-2.014,-1.95
2.249,-1.474
2.03,2.369
0.265,1.945
0.177,2.178
-0.051,2.105
0.024,1.924
0.923,2.089
1.393,2.536
-0.123,-0.99
-0.316,2.666
-0.192,0.893
-0.34,1.117
-0.35,-0.818
-0.268,2.333
-0.435,-0.291
-0.438,1.774
-0.451,2.378
-0.548,0.941
-0.457,0.534
-0.745,-1.343
-1.215,-1.112
-1.448,-1.394
-1.763,-1.45
-1.881,-1.399
-2.291,-1.195
-2.926,-1.462
2.88,-1.406
2.686,-1.257
1.022,-1.071
0.822,-1.358
0.785,-1.467
0.493,-1.3
0.55,-1.275
-0.553,-1.302
-0.737,2.879
-0.809,2.981
-1.235,3.166
-1.695,3.086
-2.82,3.183
3.094,2.88
-3.052,2.886
2.873,2.923
2.996,3.004
2.761,3.221
2.594,3.194
2.472,2.921
2.082,3.039
1.937,2.956
2.052,3.319
2.059,3.037
1.575,3.2
1.243,3.348
0.98,3.271
0.548,3.131
0.089,3.1
-0.017,3.146
-0.056,3.108
2.8,0.739
2.352,0.141
1.119,-1.026
0.857,0.292
0.522,0.977
-2.727,1.524
2.084,2.268
0.003,1.221
-0.018,1.02
-0.074,1.364
-0.296,-0.099
-1.004,1.865
-1.984,0.241
-2.079,0.529
-2.228,1.038
-1.963,-1.331
2.3,-0.855
2.081,2.988
0.316,2.564
0.228,2.797
0.0,2.724
0.075,2.543
0.974,2.708
1.444,3.155
-0.193,3.656
-0.069,1.883
-0.217,2.107
-0.227,0.172
-0.145,3.323
-0.312,0.699
-0.315,2.764
-0.328,3.368
-0.425,1.931
-0.334,1.524
-0.622,-0.353
-1.092,-0.122
-1.325,-0.404
-1.64,-0.46
-1.758,-0.409
-2.168,-0.205
-2.803,-0.472
3.003,-0.416
2.809,-0.267
1.145,-0.081
0.945,-0.368
0.908,-0.477
0.616,-0.31
0.673,-0.285
-0.43,-0.312
-0.614,3.869
-0.686,3.971
-1.112,4.156
-1.572,4.076
-2.697,4.173
-3.066,3.87
-2.929,3.876
2.996,3.913
3.119,3.994
2.884,4.211
2.717,4.184
2.595,3.911
2.205,4.029
2.06,3.946
2.175,4.309
2.182,4.027
1.698,4.19
1.366,4.338
1.103,4.261
0.671,4.121
0.212,4.09
0.106,4.136
0.067,4.098
2.923,1.729
2.475,1.131
1.242,-0.036
0.98,1.282
0.645,1.967
-2.604,2.514
2.207,3.258
0.126,2.211
0.105,2.01
0.049,2.354
-0.173,0.891
-0.881,2.855
-1.861,1.231
-1.956,1.519
-2.105,2.028
-1.84,-0.341
2.423,0.135
2.204,3.978
0.439,3.554
0.351,3.787
0.123,3.714
0.198,3.533
1.097,3.698
1.567,4.145
0.124,-1.773
-0.024,-1.549
-0.034,-3.484
0.048,-0.333
-0.119,-2.957
-0.122,-0.892
-0.135,-0.288
-0.232,-1.725
-0.141,-2.132
-0.429,-4.009
-0.899,-3.778
-1.132,-4.06
-1.447,-4.116
-1.565,-4.065
-1.975,-3.861
-2.61,-4.128
-3.087,-4.072
3.002,-3.923
1.338,-3.737
1.138,-4.024
1.101,-4.133
0.809,-3.966
0.866,-3.941
-0.237,-3.968
-0.421,0.213
-0.493,0.315
-0.919,0.5
-1.379,0.42
-2.504,0.517
-2.873,0.214
-2.736,0.22
-3.094,0.257
-2.971,0.338
3.077,0.555
2.91,0.528
2.788,0.255
2.398,0.373
2.253,0.29
2.368,0.653
2.375,0.371
1.891,0.534
1.559,0.682
1.296,0.605
0.864,0.465
0.405,0.434
0.299,0.48
0.26,0.442
3.116,-1.927
2.668,-2.525
1.435,-3.692
1.173,-2.374
0.838,-1.689
-2.411,-1.142
2.4,-0.398
0.319,-1.445
0.298,-1.646
0.242,-1.302
0.02,-2.765
-0.688,-0.801
-1.668,-2.425
-1.763,-2.137
-1.912,-1.628
-1.647,-3.997
2.616,-3.521
2.397,0.322
0.632,-0.102
0.544,0.131
0.316,0.058
0.391,-0.123
1.29,0.042
1.76,0.489
-0.148,0.224
-0.158,-1.711
-0.076,1.44
-0.243,-1.184
-0.246,0.881
-0.259,1.485
-0.356,0.048
-0.265,-0.359
-0.553,-2.236
-1.023,-2.005
-1.256,-2.287
-1.571,-2.343
-1.689,-2.292
-2.099,-2.088
-2.734,-2.355
3.072,-2.299
2.878,-2.15
1.214,-1.964
1.014,-2.251
0.977,-2.36
0.685,-2.193
0.742,-2.168
-0.361,-2.195
-0.545,1.986
-0.617,2.088
-1.043,2.273
-1.503,2.193
-2.628,2.29
-2.997,1.987
-2.86,1.993
3.065,2.03
-3.095,2.111
2.953,2.328
2.786,2.301
2.664,2.028
2.274,2.146
2.129,2.063
2.244,2.426
2.251,2.144
1.767,2.307
1.435,2.455
1.172,2.378
0.74,2.238
0.281,2.207
0.175,2.253
0.136,2.215
2.992,-0.154
2.544,-0.752
1.311,-1.919
1.049,-0.601
0.714,0.084
-2.535,0.631
2.276,1.375
0.195,0.328
0.174,0.127
0.118,0.471
-0.104,-0.992
-0.812,0.972
-1.792,-0.652
-1.887,-0.364
-2.036,0.145
-1.771,-2.224
2.492,-1.748
2.273,2.095
0.508,1.671
0.42,1.904
0.192,1.831
0.267,1.65
1.166,1.815
1.636,2.262
-0.01,-1.935
0.072,1.216
-0.095,-1.408
-0.098,0.657
-0.111,1.261
-0.208,-0.176
-0.117,-0.583
-0.405,-2.46
-0.875,-2.229
-1.108,-2.511
-1.423,-2.567
-1.541,-2.516
-1.951,-2.312
-2.586,-2.579
-3.063,-2.523
3.026,-2.374
1.362,-2.188
1.162,-2.475
1.125,-2.584
0.833,-2.417
0.89,-2.392
-0.213,-2.419
-0.397,1.762
-0.469,1.864
-0.895,2.049
-1.355,1.969
-2.48,2.066
-2.849,1.763
-2.712,1.769
-3.07,1.806
-2.947,1.887
3.101,2.104
2.934,2.077
2.812,1.804
2.422,1.922
2.277,1.839
2.392,2.202
2.399,1.92
1.915,2.083
1.583,2.231
1.32,2.154
0.888,2.014
0.429,1.983
0.323,2.029
0.284,1.991
3.14,-0.378
2.692,-0.976
1.459,-2.143
1.197,-0.825
0.862,-0.14
-2.387,0.407
2.424,1.151
0.343,0.104
0.322,-0.097
0.266,0.247
0.044,-1.216
-0.664,0.748
-1.644,-0.876
-1.739,-0.588
-1.888,-0.079
-1.623,-2.448
2.64,-1.972
2.421,1.871
0.656,1.447
0.568,1.68
0.34,1.607
0.415,1.426
1.314,1.591
1.784,2.038
0.082,3.151
-0.085,0.527
-0.088,2.592
-0.101,3.196
-0.198,1.759
-0.107,1.352
-0.395,-0.525
-0.865,-0.294
-1.098,-0.576
-1.413,-0.632
-1.531,-0.581
-1.941,-0.377
-2.576,-0.644
-3.053,-0.588
3.036,-0.439
1.372,-0.253
1.172,-0.54
1.135,-0.649
0.843,-0.482
0.9,-0.457
-0.203,-0.484
-0.387,3.697
-0.459,3.799
-0.885,3.984
-1.345,3.904
-2.47,4.001
-2.839,3.698
-2.702,3.704
-3.06,3.741
-2.937,3.822
3.111,4.039
2.944,4.012
2.822,3.739
2.432,3.857
2.287,3.774
2.402,4.137
2.409,3.855
1.925,4.018
1.593,4.166
1.33,4.089
0.898,3.949
0.439,3.918
0.333,3.964
0.294,3.926
-3.133,1.557
2.702,0.959
1.469,-0.208
1.207,1.11
0.872,1.795
-2.377,2.342
2.434,3.086
0.353,2.039
0.332,1.838
0.276,2.182
0.054,0.719
-0.654,2.683
-1.634,1.059
-1.729,1.347
-1.878,1.856
-1.613,-0.513
2.65,-0.037
2.431,3.806
0.666,3.382
0.578,3.615
0.35,3.542
0.425,3.361
1.324,3.526
1.794,3.973
-0.167,-2.624
-0.17,-0.559
-0.183,0.045
-0.28,-1.392
-0.189,-1.799
-0.477,-3.676
-0.947,-3.445
-1.18,-3.727
-1.495,-3.783
-1.613,-3.732
-2.023,-3.528
-2.658,-3.795
-3.135,-3.739
2.954,-3.59
1.29,-3.404
1.09,-3.691
1.053,-3.8
0.761,-3.633
0.818,-3.608
-0.285,-3.635
-0.469,0.546
-0.541,0.648
-0.967,0.833
-1.427,0.753
-2.552,0.85
-2.921,0.547
-2.784,0.553
3.141,0.59
-3.019,0.671
3.029,0.888
2.862,0.861
2.74,0.588
2.35,0.706
2.205,0.623
2.32,0.986
2.327,0.704
1.843,0.867
1.511,1.015
1.248,0.938
0.816,0.798
0.357,0.767
0.251,0.813
0.212,0.775
3.068,-1.594
2.62,-2.192
1.387,-3.359
1.125,-2.041
0.79,-1.356
-2.459,-0.809
2.352,-0.065
0.271,-1.112
0.25,-1.313
0.194,-0.969
-0.028,-2.432
-0.736,-0.468
-1.716,-2.092
-1.811,-1.804
-1.96,-1.295
-1.695,-3.664
2.568,-3.188
2.349,0.655
0.584,0.231
0.496,0.464
0.268,0.391
0.343,0.21
1.242,0.375
1.712,0.822
-0.003,2.065
-0.016,2.669
-0.113,1.232
-0.022,0.825
-0.31,-1.052
-0.78,-0.821
-1.013,-1.103
-1.328,-1.159
-1.446,-1.108
-1.856,-0.904
-2.491,-1.171
-2.968,-1.115
3.121,-0.966
1.457,-0.78
1.257,-1.067
1.22,-1.176
0.928,-1.009
0.985,-0.984
-0.118,-1.011
-0.302,3.17
-0.374,3.272
-0.8,3.457
-1.26,3.377
-2.385,3.474
-2.754,3.171
-2.617,3.177
-2.975,3.214
-2.852,3.295
-3.087,3.512
3.029,3.485
2.907,3.212
2.517,3.33
2.372,3.247
2.487,3.61
2.494,3.328
2.01,3.491
1.678,3.639
1.415,3.562
0.983,3.422
0.524,3.391
0.418,3.437
0.379,3.399
-3.048,1.03
2.787,0.432
1.554,-0.735
1.292,0.583
0.957,1.268
-2.292,1.815
2.519,2.559
0.438,1.512
0.417,1.311
0.361,1.655
0.139,0.192
-0.569,2.156
-1.549,0.532
-1.644,0.82
-1.793,1.329
-1.528,-1.04
2.735,-0.564
2.516,3.279
0.751,2.855
0.663,3.088
0.435,3.015
0.51,2.834
1.409,2.999
1.879,3.446
-0.013,0.604
-0.11,-0.833
-0.019,-1.24
-0.307,-3.117
-0.777,-2.886
-1.01,-3.168
-1.325,-3.224
-1.443,-3.173
-1.853,-2.969
-2.488,-3.236
-2.965,-3.18
3.124,-3.031
1.46,-2.845
1.26,-3.132
1.223,-3.241
0.931,-3.074
0.988,-3.049
-0.115,-3.076
-0.299,1.105
-0.371,1.207
-0.797,1.392
-1.257,1.312
-2.382,1.409
-2.751,1.106
-2.614,1.112
-2.972,1.149
-2.849,1.23
-3.084,1.447
3.032,1.42
2.91,1.147
2.52,1.265
2.375,1.182
2.49,1.545
2.497,1.263
2.013,1.426
1.681,1.574
1.418,1.497
0.986,1.357
0.527,1.326
0.421,1.372
0.382,1.334
-3.045,-1.035
2.79,-1.633
1.557,-2.8
1.295,-1.482
0.96,-0.797
-2.289,-0.25
2.522,0.494
0.441,-0.553
0.42,-0.754
0.364,-0.41
0.142,-1.873
-0.566,0.091
-1.546,-1.533
-1.641,-1.245
-1.79,-0.736
-1.525,-3.105
2.738,-2.629
2.519,1.214
0.754,0.79
0.666,1.023
0.438,0.95
0.513,0.769
1.412,0.934
1.882,1.381
-0.097,-1.437
-0.006,-1.844
-0.294,-3.721
-0.764,-3.49
-0.997,-3.772
-1.312,-3.828
-1.43,-3.777
-1.84,-3.573
-2.475,-3.84
-2.952,-3.784
3.137,-3.635
1.473,-3.449
1.273,-3.736
1.236,-3.845
0.944,-3.678
1.001,-3.653
-0.102,-3.68
-0.286,0.501
-0.358,0.603
-0.784,0.788
-1.244,0.708
-2.369,0.805
-2.738,0.502
-2.601,0.508
-2.959,0.545
-2.836,0.626
-3.071,0.843
3.045,0.816
2.923,0.543
2.533,0.661
2.388,0.578
2.503,0.941
2.51,0.659
2.026,0.822
1.694,0.97
1.431,0.893
0.999,0.753
0.54,0.722
0.434,0.768
0.395,0.73
-3.032,-1.639
2.803,-2.237
1.57,-3.404
1.308,-2.086
0.973,-1.401
-2.276,-0.854
2.535,-0.11
0.454,-1.157
0.433,-1.358
0.377,-1.014
0.155,-2.477
-0.553,-0.513
-1.533,-2.137
-1.628,-1.849
-1.777,-1.34
-1.512,-3.709
2.751,-3.233
2.532,0.61
0.767,0.186
0.679,0.419
0.451,0.346
0.526,0.165
1.425,0.33
1.895,0.777
0.091,-0.407
-0.197,-2.284
-0.667,-2.053
-0.9,-2.335
-1.215,-2.391
-1.333,-2.34
-1.743,-2.136
-2.378,-2.403
-2.855,-2.347
-3.049,-2.198
1.57,-2.012
1.37,-2.299
1.333,-2.408
1.041,-2.241
1.098,-2.216
-0.005,-2.243
-0.189,1.938
-0.261,2.04
-0.687,2.225
-1.147,2.145
-2.272,2.242
-2.641,1.939
-2.504,1.945
-2.862,1.982
-2.739,2.063
-2.974,2.28
-3.141,2.253
3.02,1.98
2.63,2.098
2.485,2.015
2.6,2.378
2.607,2.096
2.123,2.259
1.791,2.407
1.528,2.33
1.096,2.19
0.637,2.159
0.531,2.205
0.492,2.167
-2.935,-0.202
2.9,-0.8
1.667,-1.967
1.405,-0.649
1.07,0.036
-2.179,0.583
2.632,1.327
0.551,0.28
0.53,0.079
0.474,0.423
0.252,-1.04
-0.456,0.924
-1.436,-0.7
-1.531,-0.412
-1.68,0.097
-1.415,-2.272
2.848,-1.796
2.629,2.047
0.864,1.623
0.776,1.856
0.548,1.783
0.623,1.602
1.522,1.767
1.992,2.214
-0.288,-1.877
-0.758,-1.646
-0.991,-1.928
-1.306,-1.984
-1.424,-1.933
-1.834,-1.729
-2.469,-1.996
-2.946,-1.94
-3.14,-1.791
1.479,-1.605
1.279,-1.892
1.242,-2.001
0.95,-1.834
1.007,-1.809
-0.096,-1.836
-0.28,2.345
-0.352,2.447
-0.778,2.632
-1.238,2.552
-2.363,2.649
-2.732,2.346
-2.595,2.352
-2.953,2.389
-2.83,2.47
-3.065,2.687
3.051,2.66
2.929,2.387
2.539,2.505
2.394,2.422
2.509,2.785
2.516,2.503
2.032,2.666
1.7,2.814
1.437,2.737
1.005,2.597
0.546,2.566
0.44,2.612
0.401,2.574
-3.026,0.205
2.809,-0.393
1.576,-1.56
1.314,-0.242
0.979,0.443
-2.27,0.99
2.541,1.734
0.46,0.687
0.439,0.486
0.383,0.83
0.161,-0.633
-0.547,1.331
-1.527,-0.293
-1.622,-0.005
-1.771,0.504
-1.506,-1.865
2.757,-1.389
2.538,2.454
0.773,2.03
0.685,2.263
0.457,2.19
0.532,2.009
1.431,2.174
1.901,2.621
-0.47,0.231
-0.703,-0.051
-1.018,-0.107
-1.136,-0.056
-1.546,0.148
-2.181,-0.119
-2.658,-0.063
-2.852,0.086
1.767,0.272
1.567,-0.015
1.53,-0.124
1.238,0.043
1.295,0.068
0.192,0.041
0.008,4.222
-0.064,4.324
-0.49,4.509
-0.95,4.429
-2.075,4.526
-2.444,4.223
-2.307,4.229
-2.665,4.266
-2.542,4.347
-2.777,4.564
-2.944,4.537
-3.066,4.264
2.827,4.382
2.682,4.299
2.797,4.662
2.804,4.38
2.32,4.543
1.988,4.691
1.725,4.614
1.293,4.474
0.834,4.443
0.728,4.489
0.689,4.451
-2.738,2.082
3.097,1.484
1.864,0.317
1.602,1.635
1.267,2.32
-1.982,2.867
2.829,3.611
0.748,2.564
0.727,2.363
0.671,2.707
0.449,1.244
-0.259,3.208
-1.239,1.584
-1.334,1.872
-1.483,2.381
-1.218,0.012
3.045,0.488
2.826,4.331
1.061,3.907
0.973,4.14
0.745,4.067
0.82,3.886
1.719,4.051
2.189,4.498
-0.233,-0.282
-0.548,-0.338
-0.666,-0.287
-1.076,-0.083
-1.711,-0.35
-2.188,-0.294
-2.382,-0.145
2.237,0.041
2.037,-0.246
2.0,-0.355
1.708,-0.188
1.765,-0.163
0.662,-0.19
0.478,3.991
0.406,4.093
-0.02,4.278
-0.48,4.198
-1.605,4.295
-1.974,3.992
-1.837,3.998
-2.195,4.035
-2.072,4.116
-2.307,4.333
-2.474,4.306
-2.596,4.033
-2.986,4.151
-3.131,4.068
-3.016,4.431
-3.009,4.149
2.79,4.312
2.458,4.46
2.195,4.383
1.763,4.243
1.304,4.212
1.198,4.258
1.159,4.22
-2.268,1.851
-2.716,1.253
2.334,0.086
2.072,1.404
1.737,2.089
-1.512,2.636
-2.984,3.38
1.218,2.333
1.197,2.132
1.141,2.476
0.919,1.013
0.211,2.977
-0.769,1.353
-0.864,1.641
-1.013,2.15
-0.748,-0.219
-2.768,0.257
-2.987,4.1
1.531,3.676
1.443,3.909
1.215,3.836
1.29,3.655
2.189,3.82
2.659,4.267
-0.315,-0.056
-0.433,-0.005
-0.843,0.199
-1.478,-0.068
-1.955,-0.012
-2.149,0.137
2.47,0.323
2.27,0.036
2.233,-0.073
1.941,0.094
1.998,0.119
0.895,0.092
0.711,4.273
0.639,4.375
0.213,4.56
-0.247,4.48
-1.372,4.577
-1.741,4.274
-1.604,4.28
-1.962,4.317
-1.839,4.398
-2.074,4.615
-2.241,4.588
-2.363,4.315
-2.753,4.433
-2.898,4.35
-2.783,4.713
-2.776,4.431
3.023,4.594
2.691,4.742
2.428,4.665
1.996,4.525
1.537,4.494
1.431,4.54
1.392,4.502
-2.035,2.133
-2.483,1.535
2.567,0.368
2.305,1.686
1.97,2.371
-1.279,2.918
-2.751,3.662
1.451,2.615
1.43,2.414
1.374,2.758
1.152,1.295
0.444,3.259
-0.536,1.635
-0.631,1.923
-0.78,2.432
-0.515,0.063
-2.535,0.539
-2.754,4.382
1.764,3.958
1.676,4.191
1.448,4.118
1.523,3.937
2.422,4.102
2.892,4.549
-0.118,0.051
-0.528,0.255
-1.163,-0.012
-1.64,0.044
-1.834,0.193
2.785,0.379
2.585,0.092
2.548,-0.017
2.256,0.15
2.313,0.175
1.21,0.148
1.026,4.329
0.954,4.431
0.528,4.616
0.068,4.536
-1.057,4.633
-1.426,4.33
-1.289,4.336
-1.647,4.373
-1.524,4.454
-1.759,4.671
-1.926,4.644
-2.048,4.371
-2.438,4.489
-2.583,4.406
-2.468,4.769
-2.461,4.487
-2.945,4.65
3.006,4.798
2.743,4.721
2.311,4.581
1.852,4.55
1.746,4.596
1.707,4.558
-1.72,2.189
-2.168,1.591
2.882,0.424
2.62,1.742
2.285,2.427
-0.964,2.974
-2.436,3.718
1.766,2.671
1.745,2.47
1.689,2.814
1.467,1.351
0.759,3.315
-0.221,1.691
-0.316,1.979
-0.465,2.488
-0.2,0.119
-2.22,0.595
-2.439,4.438
2.079,4.014
1.991,4.247
1.763,4.174
1.838,3.993
2.737,4.158
-3.076,4.605
-0.41,0.204
-1.045,-0.063
-1.522,-0.007
-1.716,0.142
2.903,0.328
2.703,0.041
2.666,-0.068
2.374,0.099
2.431,0.124
1.328,0.097
1.144,4.278
1.072,4.38
0.646,4.565
0.186,4.485
-0.939,4.582
-1.308,4.279
-1.171,4.285
-1.529,4.322
-1.406,4.403
-1.641,4.62
-1.808,4.593
-1.93,4.32
-2.32,4.438
-2.465,4.355
-2.35,4.718
-2.343,4.436
-2.827,4.599
3.124,4.747
2.861,4.67
2.429,4.53
1.97,4.499
1.864,4.545
1.825,4.507
-1.602,2.138
-2.05,1.54
3.0,0.373
2.738,1.691
2.403,2.376
-0.846,2.923
-2.318,3.667
1.884,2.62
1.863,2.419
1.807,2.763
1.585,1.3
0.877,3.264
-0.103,1.64
-0.198,1.928
-0.347,2.437
-0.082,0.068
-2.102,0.544
-2.321,4.387
2.197,3.963
2.109,4.196
1.881,4.123
1.956,3.942
2.855,4.107
-2.958,4.554
-0.635,-0.267
-1.112,-0.211
-1.306,-0.062
-2.97,0.124
3.113,-0.163
3.076,-0.272
2.784,-0.105
2.841,-0.08
1.738,-0.107
1.554,4.074
1.482,4.176
1.056,4.361
0.596,4.281
-0.529,4.378
-0.898,4.075
-0.761,4.081
-1.119,4.118
-0.996,4.199
-1.231,4.416
-1.398,4.389
-1.52,4.116
-1.91,4.234
-2.055,4.151
-1.94,4.514
-1.933,4.232
-2.417,4.395
-2.749,4.543
-3.012,4.466
2.839,4.326
2.38,4.295
2.274,4.341
2.235,4.303
-1.192,1.934
-1.64,1.336
-2.873,0.169
-3.135,1.487
2.813,2.172
-0.436,2.719
-1.908,3.463
2.294,2.416
2.273,2.215
2.217,2.559
1.995,1.096
1.287,3.06
0.307,1.436
0.212,1.724
0.063,2.233
0.328,-0.136
-1.692,0.34
-1.911,4.183
2.607,3.759
2.519,3.992
2.291,3.919
2.366,3.738
-3.018,3.903
-2.548,4.35
-0.477,0.056
-0.671,0.205
-2.335,0.391
-2.535,0.104
-2.572,-0.005
-2.864,0.162
-2.807,0.187
2.373,0.16
2.189,4.341
2.117,4.443
1.691,4.628
1.231,4.548
0.106,4.645
-0.263,4.342
-0.126,4.348
-0.484,4.385
-0.361,4.466
-0.596,4.683
-0.763,4.656
-0.885,4.383
-1.275,4.501
-1.42,4.418
-1.305,4.781
-1.298,4.499
-1.782,4.662
-2.114,4.81
-2.377,4.733
-2.809,4.593
3.015,4.562
2.909,4.608
2.87,4.57
-0.557,2.201
-1.005,1.603
-2.238,0.436
-2.5,1.754
-2.835,2.439
0.199,2.986
-1.273,3.73
2.929,2.683
2.908,2.482
2.852,2.826
2.63,1.363
1.922,3.327
0.942,1.703
0.847,1.991
0.698,2.5
0.963,0.131
-1.057,0.607
-1.276,4.45
-3.041,4.026
-3.129,4.259
2.926,4.186
3.001,4.005
-2.383,4.17
-1.913,4.617
-0.194,0.149
-1.858,0.335
-2.058,0.048
-2.095,-0.061
-2.387,0.106
-2.33,0.131
2.85,0.104
2.666,4.285
2.594,4.387
2.168,4.572
1.708,4.492
0.583,4.589
0.214,4.286
0.351,4.292
-0.007,4.329
0.116,4.41
-0.119,4.627
-0.286,4.6
-0.408,4.327
-0.798,4.445
-0.943,4.362
-0.828,4.725
-0.821,4.443
-1.305,4.606
-1.637,4.754
-1.9,4.677
-2.332,4.537
-2.791,4.506
-2.897,4.552
-2.936,4.514
-0.08,2.145
-0.528,1.547
-1.761,0.38
-2.023,1.698
-2.358,2.383
0.676,2.93
-0.796,3.674
-2.877,2.627
-2.898,2.426
-2.954,2.77
3.107,1.307
2.399,3.271
1.419,1.647
1.324,1.935
1.175,2.444
1.44,0.075
-0.58,0.551
-0.799,4.394
-2.564,3.97
-2.652,4.203
-2.88,4.13
-2.805,3.949
-1.906,4.114
-1.436,4.561
-1.664,0.186
-1.864,-0.101
-1.901,-0.21
-2.193,-0.043
-2.136,-0.018
3.044,-0.045
2.86,4.136
2.788,4.238
2.362,4.423
1.902,4.343
0.777,4.44
0.408,4.137
0.545,4.143
0.187,4.18
0.31,4.261
0.075,4.478
-0.092,4.451
-0.214,4.178
-0.604,4.296
-0.749,4.213
-0.634,4.576
-0.627,4.294
-1.111,4.457
-1.443,4.605
-1.706,4.528
-2.138,4.388
-2.597,4.357
-2.703,4.403
-2.742,4.365
0.114,1.996
-0.334,1.398
-1.567,0.231
-1.829,1.549
-2.164,2.234
0.87,2.781
-0.602,3.525
-2.683,2.478
-2.704,2.277
-2.76,2.621
-2.982,1.158
2.593,3.122
1.613,1.498
1.518,1.786
1.369,2.295
1.634,-0.074
-0.386,0.402
-0.605,4.245
-2.37,3.821
-2.458,4.054
-2.686,3.981
-2.611,3.8
-1.712,3.965
-1.242,4.412
-0.2,-0.287
-0.237,-0.396
-0.529,-0.229
-0.472,-0.204
-1.575,-0.231
-1.759,3.95
-1.831,4.052
-2.257,4.237
-2.717,4.157
2.441,4.254
2.072,3.951
2.209,3.957
1.851,3.994
1.974,4.075
1.739,4.292
1.572,4.265
1.45,3.992
1.06,4.11
0.915,4.027
1.03,4.39
1.037,4.108
0.553,4.271
0.221,4.419
-0.042,4.342
-0.474,4.202
-0.933,4.171
-1.039,4.217
-1.078,4.179
1.778,1.81
1.33,1.212
0.097,0.045
-0.165,1.363
-0.5,2.048
2.534,2.595
1.062,3.339
-1.019,2.292
-1.04,2.091
-1.096,2.435
-1.318,0.972
-2.026,2.936
-3.006,1.312
-3.101,1.6
3.033,2.109
-2.985,-0.26
1.278,0.216
1.059,4.059
-0.706,3.635
-0.794,3.868
-1.022,3.795
-0.947,3.614
-0.048,3.779
0.422,4.226
-0.037,-0.109
-0.329,0.058
-0.272,0.083
-1.375,0.056
-1.559,4.237
-1.631,4.339
-2.057,4.524
-2.517,4.444
2.641,4.541
2.272,4.238
2.409,4.244
2.051,4.281
2.174,4.362
1.939,4.579
1.772,4.552
1.65,4.279
1.26,4.397
1.115,4.314
1.23,4.677
1.237,4.395
0.753,4.558
0.421,4.706
0.158,4.629
-0.274,4.489
-0.733,4.458
-0.839,4.504
-0.878,4.466
1.978,2.097
1.53,1.499
0.297,0.332
0.035,1.65
-0.3,2.335
2.734,2.882
1.262,3.626
-0.819,2.579
-0.84,2.378
-0.896,2.722
-1.118,1.259
-1.826,3.223
-2.806,1.599
-2.901,1.887
-3.05,2.396
-2.785,0.027
1.478,0.503
1.259,4.346
-0.506,3.922
-0.594,4.155
-0.822,4.082
-0.747,3.901
0.152,4.066
0.622,4.513
-0.292,0.167
-0.235,0.192
-1.338,0.165
-1.522,4.346
-1.594,4.448
-2.02,4.633
-2.48,4.553
2.678,4.65
2.309,4.347
2.446,4.353
2.088,4.39
2.211,4.471
1.976,4.688
1.809,4.661
1.687,4.388
1.297,4.506
1.152,4.423
1.267,4.786
1.274,4.504
0.79,4.667
0.458,4.815
0.195,4.738
-0.237,4.598
-0.696,4.567
-0.802,4.613
-0.841,4.575
2.015,2.206
1.567,1.608
0.334,0.441
0.072,1.759
-0.263,2.444
2.771,2.991
1.299,3.735
-0.782,2.688
-0.803,2.487
-0.859,2.831
-1.081,1.368
-1.789,3.332
-2.769,1.708
-2.864,1.996
-3.013,2.505
-2.748,0.136
1.515,0.612
1.296,4.455
-0.469,4.031
-0.557,4.264
-0.785,4.191
-0.71,4.01
0.189,4.175
0.659,4.622
0.057,0.025
-1.046,-0.002
-1.23,4.179
-1.302,4.281
-1.728,4.466
-2.188,4.386
2.97,4.483
2.601,4.18
2.738,4.186
2.38,4.223
2.503,4.304
2.268,4.521
2.101,4.494
1.979,4.221
1.589,4.339
1.444,4.256
1.559,4.619
1.566,4.337
1.082,4.5
0.75,4.648
0.487,4.571
0.055,4.431
-0.404,4.4
-0.51,4.446
-0.549,4.408
2.307,2.039
1.859,1.441
0.626,0.274
0.364,1.592
0.029,2.277
3.063,2.824
1.591,3.568
-0.49,2.521
-0.511,2.32
-0.567,2.664
-0.789,1.201
-1.497,3.165
-2.477,1.541
-2.572,1.829
-2.721,2.338
-2.456,-0.031
1.807,0.445
1.588,4.288
-0.177,3.864
-0.265,4.097
-0.493,4.024
-0.418,3.843
0.481,4.008
0.951,4.455
-1.103,-0.027
-1.287,4.154
-1.359,4.256
-1.785,4.441
-2.245,4.361
2.913,4.458
2.544,4.155
2.681,4.161
2.323,4.198
2.446,4.279
2.211,4.496
2.044,4.469
1.922,4.196
1.532,4.314
1.387,4.231
1.502,4.594
1.509,4.312
1.025,4.475
0.693,4.623
0.43,4.546
-0.002,4.406
-0.461,4.375
-0.567,4.421
-0.606,4.383
2.25,2.014
1.802,1.416
0.569,0.249
0.307,1.567
-0.028,2.252
3.006,2.799
1.534,3.543
-0.547,2.496
-0.568,2.295
-0.624,2.639
-0.846,1.176
-1.554,3.14
-2.534,1.516
-2.629,1.804
-2.778,2.313
-2.513,-0.056
1.75,0.42
1.531,4.263
-0.234,3.839
-0.322,4.072
-0.55,3.999
-0.475,3.818
0.424,3.983
0.894,4.43
-0.184,4.181
-0.256,4.283
-0.682,4.468
-1.142,4.388
-2.267,4.485
-2.636,4.182
-2.499,4.188
-2.857,4.225
-2.734,4.306
-2.969,4.523
-3.136,4.496
3.025,4.223
2.635,4.341
2.49,4.258
2.605,4.621
2.612,4.339
2.128,4.502
1.796,4.65
1.533,4.573
1.101,4.433
0.642,4.402
0.536,4.448
0.497,4.41
-2.93,2.041
2.905,1.443
1.672,0.276
1.41,1.594
1.075,2.279
-2.174,2.826
2.637,3.57
0.556,2.523
0.535,2.322
0.479,2.666
0.257,1.203
-0.451,3.167
-1.431,1.543
-1.526,1.831
-1.675,2.34
-1.41,-0.029
2.853,0.447
2.634,4.29
0.869,3.866
0.781,4.099
0.553,4.026
0.628,3.845
1.527,4.01
1.997,4.457
-0.072,0.102
-0.498,0.287
-0.958,0.207
-2.083,0.304
-2.452,0.001
-2.315,0.007
-2.673,0.044
-2.55,0.125
-2.785,0.342
-2.952,0.315
-3.074,0.042
2.819,0.16
2.674,0.077
2.789,0.44
2.796,0.158
2.312,0.321
1.98,0.469
1.717,0.392
1.285,0.252
0.826,0.221
0.72,0.267
0.681,0.229
-2.746,-2.14
3.089,-2.738
1.856,-3.905
1.594,-2.587
1.259,-1.902
-1.99,-1.355
2.821,-0.611
0.74,-1.658
0.719,-1.859
0.663,-1.515
0.441,-2.978
-0.267,-1.014
-1.247,-2.638
-1.342,-2.35
-1.491,-1.841
-1.226,-4.21
3.037,-3.734
2.818,0.109
1.053,-0.315
0.965,-0.082
0.737,-0.155
0.812,-0.336
1.711,-0.171
2.181,0.276
-0.426,0.185
-0.886,0.105
-2.011,0.202
-2.38,-0.101
-2.243,-0.095
-2.601,-0.058
-2.478,0.023
-2.713,0.24
-2.88,0.213
-3.002,-0.06
2.891,0.058
2.746,-0.025
2.861,0.338
2.868,0.056
2.384,0.219
2.052,0.367
1.789,0.29
1.357,0.15
0.898,0.119
0.792,0.165
0.753,0.127
-2.674,-2.242
-3.122,-2.84
1.928,-4.007
1.666,-2.689
1.331,-2.004
-1.918,-1.457
2.893,-0.713
0.812,-1.76
0.791,-1.961
0.735,-1.617
0.513,-3.08
-0.195,-1.116
-1.175,-2.74
-1.27,-2.452
-1.419,-1.943
-1.154,-4.312
3.109,-3.836
2.89,0.007
1.125,-0.417
1.037,-0.184
0.809,-0.257
0.884,-0.438
1.783,-0.273
2.253,0.174
-0.46,-0.08
-1.585,0.017
-1.954,-0.286
-1.817,-0.28
-2.175,-0.243
-2.052,-0.162
-2.287,0.055
-2.454,0.028
-2.576,-0.245
-2.966,-0.127
-3.111,-0.21
-2.996,0.153
-2.989,-0.129
2.81,0.034
2.478,0.182
2.215,0.105
1.783,-0.035
1.324,-0.066
1.218,-0.02
1.179,-0.058
-2.248,-2.427
-2.696,-3.025
2.354,-4.192
2.092,-2.874
1.757,-2.189
-1.492,-1.642
-2.964,-0.898
1.238,-1.945
1.217,-2.146
1.161,-1.802
0.939,-3.265
0.231,-1.301
-0.749,-2.925
-0.844,-2.637
-0.993,-2.128
-0.728,-4.497
-2.748,-4.021
-2.967,-0.178
1.551,-0.602
1.463,-0.369
1.235,-0.442
1.31,-0.623
2.209,-0.458
2.679,-0.011
-1.125,0.097
-1.494,-0.206
-1.357,-0.2
-1.715,-0.163
-1.592,-0.082
-1.827,0.135
-1.994,0.108
-2.116,-0.165
-2.506,-0.047
-2.651,-0.13
-2.536,0.233
-2.529,-0.049
-3.013,0.114
2.938,0.262
2.675,0.185
2.243,0.045
1.784,0.014
1.678,0.06
1.639,0.022
-1.788,-2.347
-2.236,-2.945
2.814,-4.112
2.552,-2.794
2.217,-2.109
-1.032,-1.562
-2.504,-0.818
1.698,-1.865
1.677,-2.066
1.621,-1.722
1.399,-3.185
0.691,-1.221
-0.289,-2.845
-0.384,-2.557
-0.533,-2.048
-0.268,-4.417
-2.288,-3.941
-2.507,-0.098
2.011,-0.522
1.923,-0.289
1.695,-0.362
1.77,-0.543
2.669,-0.378
3.139,0.069
-0.369,-0.303
-0.232,-0.297
-0.59,-0.26
-0.467,-0.179
-0.702,0.038
-0.869,0.011
-0.991,-0.262
-1.381,-0.144
-1.526,-0.227
-1.411,0.136
-1.404,-0.146
-1.888,0.017
-2.22,0.165
-2.483,0.088
-2.915,-0.052
2.909,-0.083
2.803,-0.037
2.764,-0.075
-0.663,-2.444
-1.111,-3.042
-2.344,-4.209
-2.606,-2.891
-2.941,-2.206
0.093,-1.659
-1.379,-0.915
2.823,-1.962
2.802,-2.163
2.746,-1.819
2.524,-3.282
1.816,-1.318
0.836,-2.942
0.741,-2.654
0.592,-2.145
0.857,-4.514
-1.163,-4.038
-1.382,-0.195
3.136,-0.619
3.048,-0.386
2.82,-0.459
2.895,-0.64
-2.489,-0.475
-2.019,-0.028
0.137,0.006
-0.221,0.043
-0.098,0.124
-0.333,0.341
-0.5,0.314
-0.622,0.041
-1.012,0.159
-1.157,0.076
-1.042,0.439
-1.035,0.157
-1.519,0.32
-1.851,0.468
-2.114,0.391
-2.546,0.251
-3.005,0.22
-3.111,0.266
3.133,0.228
-0.294,-2.141
-0.742,-2.739
-1.975,-3.906
-2.237,-2.588
-2.572,-1.903
0.462,-1.356
-1.01,-0.612
-3.091,-1.659
-3.112,-1.86
3.115,-1.516
2.893,-2.979
2.185,-1.015
1.205,-2.639
1.11,-2.351
0.961,-1.842
1.226,-4.211
-0.794,-3.735
-1.013,0.108
-2.778,-0.316
-2.866,-0.083
-3.094,-0.156
-3.019,-0.337
-2.12,-0.172
-1.65,0.275
-0.358,0.037
-0.235,0.118
-0.47,0.335
-0.637,0.308
-0.759,0.035
-1.149,0.153
-1.294,0.07
-1.179,0.433
-1.172,0.151
-1.656,0.314
-1.988,0.462
-2.251,0.385
-2.683,0.245
3.141,0.214
3.035,0.26
2.996,0.222
-0.431,-2.147
-0.879,-2.745
-2.112,-3.912
-2.374,-2.594
-2.709,-1.909
0.325,-1.362
-1.147,-0.618
3.055,-1.665
3.034,-1.866
2.978,-1.522
2.756,-2.985
2.048,-1.021
1.068,-2.645
0.973,-2.357
0.824,-1.848
1.089,-4.217
-0.931,-3.741
-1.15,0.102
-2.915,-0.322
-3.003,-0.089
3.052,-0.162
3.127,-0.343
-2.257,-0.178
-1.787,0.269
0.123,0.081
-0.112,0.298
-0.279,0.271
-0.401,-0.002
-0.791,0.116
-0.936,0.033
-0.821,0.396
-0.814,0.114
-1.298,0.277
-1.63,0.425
-1.893,0.348
-2.325,0.208
-2.784,0.177
-2.89,0.223
-2.929,0.185
-0.073,-2.184
-0.521,-2.782
-1.754,-3.949
-2.016,-2.631
-2.351,-1.946
0.683,-1.399
-0.789,-0.655
-2.87,-1.702
-2.891,-1.903
-2.947,-1.559
3.114,-3.022
2.406,-1.058
1.426,-2.682
1.331,-2.394
1.182,-1.885
1.447,-4.254
-0.573,-3.778
-0.792,0.065
-2.557,-0.359
-2.645,-0.126
-2.873,-0.199
-2.798,-0.38
-1.899,-0.215
-1.429,0.232
-0.235,0.217
-0.402,0.19
-0.524,-0.083
-0.914,0.035
-1.059,-0.048
-0.944,0.315
-0.937,0.033
-1.421,0.196
-1.753,0.344
-2.016,0.267
-2.448,0.127
-2.907,0.096
-3.013,0.142
-3.052,0.104
-0.196,-2.265
-0.644,-2.863
-1.877,-4.03
-2.139,-2.712
-2.474,-2.027
0.56,-1.48
-0.912,-0.736
-2.993,-1.783
-3.014,-1.984
-3.07,-1.64
2.991,-3.103
2.283,-1.139
1.303,-2.763
1.208,-2.475
1.059,-1.966
1.324,-4.335
-0.696,-3.859
-0.915,-0.016
-2.68,-0.44
-2.768,-0.207
-2.996,-0.28
-2.921,-0.461
-2.022,-0.296
-1.552,0.151
-0.167,-0.027
-0.289,-0.3
-0.679,-0.182
-0.824,-0.265
-0.709,0.098
-0.702,-0.184
-1.186,-0.021
-1.518,0.127
-1.781,0.05
-2.213,-0.09
-2.672,-0.121
-2.778,-0.075
-2.817,-0.113
0.039,-2.482
-0.409,-3.08
-1.642,-4.247
-1.904,-2.929
-2.239,-2.244
0.795,-1.697
-0.677,-0.953
-2.758,-2.0
-2.779,-2.201
-2.835,-1.857
-3.057,-3.32
2.518,-1.356
1.538,-2.98
1.443,-2.692
1.294,-2.183
1.559,-4.552
-0.461,-4.076
-0.68,-0.233
-2.445,-0.657
-2.533,-0.424
-2.761,-0.497
-2.686,-0.678
-1.787,-0.513
-1.317,-0.066
-0.122,-0.273
-0.512,-0.155
-0.657,-0.238
-0.542,0.125
-0.535,-0.157
-1.019,0.006
-1.351,0.154
-1.614,0.077
-2.046,-0.063
-2.505,-0.094
-2.611,-0.048
-2.65,-0.086
0.206,-2.455
-0.242,-3.053
-1.475,-4.22
-1.737,-2.902
-2.072,-2.217
0.962,-1.67
-0.51,-0.926
-2.591,-1.973
-2.612,-2.174
-2.668,-1.83
-2.89,-3.293
2.685,-1.329
1.705,-2.953
1.61,-2.665
1.461,-2.156
1.726,-4.525
-0.294,-4.049
-0.513,-0.206
-2.278,-0.63
-2.366,-0.397
-2.594,-0.47
-2.519,-0.651
-1.62,-0.486
-1.15,-0.039
-0.39,0.118
-0.535,0.035
-0.42,0.398
-0.413,0.116
-0.897,0.279
-1.229,0.427
-1.492,0.35
-1.924,0.21
-2.383,0.179
-2.489,0.225
-2.528,0.187
0.328,-2.182
-0.12,-2.78
-1.353,-3.947
-1.615,-2.629
-1.95,-1.944
1.084,-1.397
-0.388,-0.653
-2.469,-1.7
-2.49,-1.901
-2.546,-1.557
-2.768,-3.02
2.807,-1.056
1.827,-2.68
1.732,-2.392
1.583,-1.883
1.848,-4.252
-0.172,-3.776
-0.391,0.067
-2.156,-0.357
-2.244,-0.124
-2.472,-0.197
-2.397,-0.378
-1.498,-0.213
-1.028,0.234
-0.145,-0.083
-0.03,0.28
-0.023,-0.002
-0.507,0.161
-0.839,0.309
-1.102,0.232
-1.534,0.092
-1.993,0.061
-2.099,0.107
-2.138,0.069
0.718,-2.3
0.27,-2.898
-0.963,-4.065
-1.225,-2.747
-1.56,-2.062
1.474,-1.515
0.002,-0.771
-2.079,-1.818
-2.1,-2.019
-2.156,-1.675
-2.378,-3.138
-3.086,-1.174
2.217,-2.798
2.122,-2.51
1.973,-2.001
2.238,-4.37
0.218,-3.894
-0.001,-0.051
-1.766,-0.475
-1.854,-0.242
-2.082,-0.315
-2.007,-0.496
-1.108,-0.331
-0.638,0.116
0.115,0.363
0.122,0.081
-0.362,0.244
-0.694,0.392
-0.957,0.315
-1.389,0.175
-1.848,0.144
-1.954,0.19
-1.993,0.152
0.863,-2.217
0.415,-2.815
-0.818,-3.982
-1.08,-2.664
-1.415,-1.979
1.619,-1.432
0.147,-0.688
-1.934,-1.735
-1.955,-1.936
-2.011,-1.592
-2.233,-3.055
-2.941,-1.091
2.362,-2.715
2.267,-2.427
2.118,-1.918
2.383,-4.287
0.363,-3.811
0.144,0.032
-1.621,-0.392
-1.709,-0.159
-1.937,-0.232
-1.862,-0.413
-0.963,-0.248
-0.493,0.199
0.007,-0.282
-0.477,-0.119
-0.809,0.029
-1.072,-0.048
-1.504,-0.188
-1.963,-0.219
-2.069,-0.173
-2.108,-0.211
0.748,-2.58
0.3,-3.178
-0.933,-4.345
-1.195,-3.027
-1.53,-2.342
1.504,-1.795
0.032,-1.051
-2.049,-2.098
-2.07,-2.299
-2.126,-1.955
-2.348,-3.418
-3.056,-1.454
2.247,-3.078
2.152,-2.79
2.003,-2.281
2.268,-4.65
0.248,-4.174
0.029,-0.331
-1.736,-0.755
-1.824,-0.522
-2.052,-0.595
-1.977,-0.776
-1.078,-0.611
-0.608,-0.164
-0.484,0.163
-0.816,0.311
-1.079,0.234
-1.511,0.094
-1.97,0.063
-2.076,0.109
-2.115,0.071
0.741,-2.298
0.293,-2.896
-0.94,-4.063
-1.202,-2.745
-1.537,-2.06
1.497,-1.513
0.025,-0.769
-2.056,-1.816
-2.077,-2.017
-2.133,-1.673
-2.355,-3.136
-3.063,-1.172
2.24,-2.796
2.145,-2.508
1.996,-1.999
2.261,-4.368
0.241,-3.892
0.022,-0.049
-1.743,-0.473
-1.831,-0.24
-2.059,-0.313
-1.984,-0.494
-1.085,-0.329
-0.615,0.118
-0.332,0.148
-0.595,0.071
-1.027,-0.069
-1.486,-0.1
-1.592,-0.054
-1.631,-0.092
1.225,-2.461
0.777,-3.059
-0.456,-4.226
-0.718,-2.908
-1.053,-2.223
1.981,-1.676
0.509,-0.932
-1.572,-1.979
-1.593,-2.18
-1.649,-1.836
-1.871,-3.299
-2.579,-1.335
2.724,-2.959
2.629,-2.671
2.48,-2.162
2.745,-4.531
0.725,-4.055
0.506,-0.212
-1.259,-0.636
-1.347,-0.403
-1.575,-0.476
-1.5,-0.657
-0.601,-0.492
-0.131,-0.045
-0.263,-0.077
-0.695,-0.217
-1.154,-0.248
-1.26,-0.202
-1.299,-0.24
1.557,-2.609
1.109,-3.207
-0.124,-4.374
-0.386,-3.056
-0.721,-2.371
2.313,-1.824
0.841,-1.08
-1.24,-2.127
-1.261,-2.328
-1.317,-1.984
-1.539,-3.447
-2.247,-1.483
3.056,-3.107
2.961,-2.819
2.812,-2.31
3.077,-4.679
1.057,-4.203
0.838,-0.36
-0.927,-0.784
-1.015,-0.551
-1.243,-0.624
-1.168,-0.805
-0.269,-0.64
0.201,-0.193
-0.432,-0.14
-0.891,-0.171
-0.997,-0.125
-1.036,-0.163
1.82,-2.532
1.372,-3.13
0.139,-4.297
-0.123,-2.979
-0.458,-2.294
2.576,-1.747
1.104,-1.003
-0.977,-2.05
-0.998,-2.251
-1.054,-1.907
-1.276,-3.37
-1.984,-1.406
-2.964,-3.03
-3.059,-2.742
3.075,-2.233
-2.943,-4.602
1.32,-4.126
1.101,-0.283
-0.664,-0.707
-0.752,-0.474
-0.98,-0.547
-0.905,-0.728
-0.006,-0.563
0.464,-0.116
-0.459,-0.031
-0.565,0.015
-0.604,-0.023
2.252,-2.392
1.804,-2.99
0.571,-4.157
0.309,-2.839
-0.026,-2.154
3.008,-1.607
1.536,-0.863
-0.545,-1.91
-0.566,-2.111
-0.622,-1.767
-0.844,-3.23
-1.552,-1.266
-2.532,-2.89
-2.627,-2.602
-2.776,-2.093
-2.511,-4.462
1.752,-3.986
1.533,-0.143
-0.232,-0.567
-0.32,-0.334
-0.548,-0.407
-0.473,-0.588
0.426,-0.423
0.896,0.024
-0.106,0.046
-0.145,0.008
2.711,-2.361
2.263,-2.959
1.03,-4.126
0.768,-2.808
0.433,-2.123
-2.816,-1.576
1.995,-0.832
-0.086,-1.879
-0.107,-2.08
-0.163,-1.736
-0.385,-3.199
-1.093,-1.235
-2.073,-2.859
-2.168,-2.571
-2.317,-2.062
-2.052,-4.431
2.211,-3.955
1.992,-0.112
0.227,-0.536
0.139,-0.303
-0.089,-0.376
-0.014,-0.557
0.885,-0.392
1.355,0.055
-0.039,-0.038
2.817,-2.407
2.369,-3.005
1.136,-4.172
0.874,-2.854
0.539,-2.169
-2.71,-1.622
2.101,-0.878
0.02,-1.925
-0.001,-2.126
-0.057,-1.782
-0.279,-3.245
-0.987,-1.281
-1.967,-2.905
-2.062,-2.617
-2.211,-2.108
-1.946,-4.477
2.317,-4.001
2.098,-0.158
0.333,-0.582
0.245,-0.349
0.017,-0.422
0.092,-0.603
0.991,-0.438
1.461,0.009
2.856,-2.369
2.408,-2.967
1.175,-4.134
0.913,-2.816
0.578,-2.131
-2.671,-1.584
2.14,-0.84
0.059,-1.887
0.038,-2.088
-0.018,-1.744
-0.24,-3.207
-0.948,-1.243
-1.928,-2.867
-2.023,-2.579
-2.172,-2.07
-1.907,-4.439
2.356,-3.963
2.137,-0.12
0.372,-0.544
0.284,-0.311
0.056,-0.384
0.131,-0.565
1.03,-0.4
1.5,0.047
-0.448,-0.598
-1.681,-1.765
-1.943,-0.447
-2.278,0.238
0.756,0.785
-0.716,1.529
-2.797,0.482
-2.818,0.281
-2.874,0.625
-3.096,-0.838
2.479,1.126
1.499,-0.498
1.404,-0.21
1.255,0.299
1.52,-2.07
-0.5,-1.594
-0.719,2.249
-2.484,1.825
-2.572,2.058
-2.8,1.985
-2.725,1.804
-1.826,1.969
-1.356,2.416
-1.233,-1.167
-1.495,0.151
-1.83,0.836
1.204,1.383
-0.268,2.127
-2.349,1.08
-2.37,0.879
-2.426,1.223
-2.648,-0.24
2.927,1.724
1.947,0.1
1.852,0.388
1.703,0.897
1.968,-1.472
-0.052,-0.996
-0.271,2.847
-2.036,2.423
-2.124,2.656
-2.352,2.583
-2.277,2.402
-1.378,2.567
-0.908,3.014
-0.262,1.318
-0.597,2.003
2.437,2.55
0.965,3.294
-1.116,2.247
-1.137,2.046
-1.193,2.39
-1.415,0.927
-2.123,2.891
-3.103,1.267
3.085,1.555
2.936,2.064
-3.082,-0.305
1.181,0.171
0.962,4.014
-0.803,3.59
-0.891,3.823
-1.119,3.75
-1.044,3.569
-0.145,3.734
0.325,4.181
-0.335,0.685
2.699,1.232
1.227,1.976
-0.854,0.929
-0.875,0.728
-0.931,1.072
-1.153,-0.391
-1.861,1.573
-2.841,-0.051
-2.936,0.237
-3.085,0.746
-2.82,-1.623
1.443,-1.147
1.224,2.696
-0.541,2.272
-0.629,2.505
-0.857,2.432
-0.782,2.251
0.117,2.416
0.587,2.863
3.034,0.547
1.562,1.291
-0.519,0.244
-0.54,0.043
-0.596,0.387
-0.818,-1.076
-1.526,0.888
-2.506,-0.736
-2.601,-0.448
-2.75,0.061
-2.485,-2.308
1.778,-1.832
1.559,2.011
-0.206,1.587
-0.294,1.82
-0.522,1.747
-0.447,1.566
0.452,1.731
0.922,2.178
-1.472,0.744
2.73,-0.303
2.709,-0.504
2.653,-0.16
2.431,-1.623
1.723,0.341
0.743,-1.283
0.648,-0.995
0.499,-0.486
0.764,-2.855
-1.256,-2.379
-1.475,1.464
3.043,1.04
2.955,1.273
2.727,1.2
2.802,1.019
-2.582,1.184
-2.112,1.631
-2.081,-1.047
-2.102,-1.248
-2.158,-0.904
-2.38,-2.367
-3.088,-0.403
2.215,-2.027
2.12,-1.739
1.971,-1.23
2.236,-3.599
0.216,-3.123
-0.003,0.72
-1.768,0.296
-1.856,0.529
-2.084,0.456
-2.009,0.275
-1.11,0.44
-0.64,0.887
-0.021,-0.201
-0.077,0.143
-0.299,-1.32
-1.007,0.644
-1.987,-0.98
-2.082,-0.692
-2.231,-0.183
-1.966,-2.552
2.297,-2.076
2.078,1.767
0.313,1.343
0.225,1.576
-0.003,1.503
0.072,1.322
0.971,1.487
1.441,1.934
-0.056,0.344
-0.278,-1.119
-0.986,0.845
-1.966,-0.779
-2.061,-0.491
-2.21,0.018
-1.945,-2.351
2.318,-1.875
2.099,1.968
0.334,1.544
0.246,1.777
0.018,1.704
0.093,1.523
0.992,1.688
1.462,2.135
-0.222,-1.463
-0.93,0.501
-1.91,-1.123
-2.005,-0.835
-2.154,-0.326
-1.889,-2.695
2.374,-2.219
2.155,1.624
0.39,1.2
0.302,1.433
0.074,1.36
0.149,1.179
1.048,1.344
1.518,1.791
-0.708,1.964
-1.688,0.34
-1.783,0.628
-1.932,1.137
-1.667,-1.232
2.596,-0.756
2.377,3.087
0.612,2.663
0.524,2.896
0.296,2.823
0.371,2.642
1.27,2.807
1.74,3.254
-0.98,-1.624
-1.075,-1.336
-1.224,-0.827
-0.959,-3.196
-2.979,-2.72
3.085,1.123
1.32,0.699
1.232,0.932
1.004,0.859
1.079,0.678
1.978,0.843
2.448,1.29
-0.095,0.288
-0.244,0.797
0.021,-1.572
-1.999,-1.096
-2.218,2.747
2.3,2.323
2.212,2.556
1.984,2.483
2.059,2.302
2.958,2.467
-2.855,2.914
-0.149,0.509
0.116,-1.86
-1.904,-1.384
-2.123,2.459
2.395,2.035
2.307,2.268
2.079,2.195
2.154,2.014
3.053,2.179
-2.76,2.626
0.265,-2.369
-1.755,-1.893
-1.974,1.95
2.544,1.526
2.456,1.759
2.228,1.686
2.303,1.505
-3.081,1.67
-2.611,2.117
-2.02,0.476
-2.239,4.319
2.279,3.895
2.191,4.128
1.963,4.055
2.038,3.874
2.937,4.039
-2.876,4.486
-0.219,3.843
-1.984,3.419
-2.072,3.652
-2.3,3.579
-2.225,3.398
-1.326,3.563
-0.856,4.01
-1.765,-0.424
-1.853,-0.191
-2.081,-0.264
-2.006,-0.445
-1.107,-0.28
-0.637,0.167
-0.088,0.233
-0.316,0.16
-0.241,-0.021
0.658,0.144
1.128,0.591
-0.228,-0.073
-0.153,-0.254
0.746,-0.089
1.216,0.358
0.075,-0.181
0.974,-0.016
1.444,0.431
0.899,0.165
1.369,0.612
0.47,0.447
