-0.069,-1.625
-0.033,-0.438
-0.128,-1.434
-0.155,0.981
-0.175,0.182
-0.102,-2.914
-0.25,0.197
-0.178,-0.24
-0.249,0.241
-0.228,-2.658
-0.309,-0.072
-0.275,-0.577
-0.338,0.024
-0.475,-0.783
-0.436,-2.651
-0.475,0.035
-0.583,-0.961
-0.59,-2.496
-0.602,-0.772
-0.533,-2.828
-0.727,-0.137
-0.836,-0.997
-0.97,0.792
-0.952,-0.272
-0.968,0.254
-0.977,-2.853
-1.074,-1.107
-1.033,0.028
-1.055,-0.171
-1.212,-1.374
-1.206,0.018
-1.651,0.376
-1.668,-1.5
-1.645,-0.829
-1.744,-2.803
-1.66,-0.384
-1.765,-0.798
-1.913,-0.512
-1.875,-0.37
-1.93,0.678
-1.985,-1.252
-2.063,-0.838
-2.044,1.006
-2.07,-0.76
-2.132,-2.118
-2.21,-2.882
-2.299,-0.519
-2.367,0.194
-2.402,-1.131
-2.477,-1.876
-2.397,-0.037
-2.466,-2.819
-2.488,-1.077
-2.524,0.49
-2.481,-1.808
-2.514,-1.85
-2.598,0.699
-2.649,0.706
-2.595,-0.75
-2.67,-2.025
-2.609,-1.276
-2.752,0.579
-2.823,-2.16
-2.844,0.925
-2.821,-1.356
-2.883,-1.565
-2.847,0.035
-2.934,-2.708
-2.888,-0.696
-2.912,-1.756
-2.903,0.357
-3.041,-2.271
3.14,-1.054
3.101,-0.067
3.122,-2.738
3.074,-0.17
3.052,0.146
2.983,-2.729
2.96,-0.763
2.92,-1.392
2.917,-0.758
2.912,0.186
2.915,-1.515
2.845,-2.635
2.823,-1.487
2.652,-1.08
2.602,-0.801
2.557,0.291
2.459,-0.099
2.447,0.08
2.348,-0.858
2.376,-1.53
2.357,-0.749
2.366,-0.845
2.285,0.889
2.244,-0.415
2.231,-1.249
2.19,-0.892
2.072,-2.059
2.128,-1.602
2.125,-2.948
2.052,-0.261
1.998,-1.228
1.936,-0.667
2.008,-0.778
1.999,-2.938
1.939,0.535
1.819,-0.155
1.761,-0.385
1.73,-2.177
1.631,0.67
1.444,-0.615
1.247,-2.006
1.221,-1.774
1.177,-0.301
1.165,-0.489
1.192,0.079
1.172,-1.08
1.027,-0.235
1.02,-0.518
0.939,0.736
0.872,-0.751
0.812,-2.409
0.87,-0.702
0.689,-1.824
0.549,-1.883
0.407,-2.867
0.411,-0.005
0.394,-0.983
0.363,-2.259
0.351,-0.308
0.266,-0.84
0.238,-2.23
0.204,-0.143
0.247,-0.414
0.209,-0.505
0.137,-0.541
0.209,-2.911
0.211,-2.833
0.125,-0.393
0.103,-2.858
0.093,-1.315
0.101,-0.663
0.079,-0.163
0.006,-0.199
0.043,-0.282
-0.395,-3.071
-0.882,-3.35
-2.538,-3.019
-2.907,-3.128
3.014,-3.131
2.829,-3.192
2.647,-3.177
2.406,-3.065
2.211,-3.257
1.594,-3.095
1.338,-3.296
0.616,-3.37
0.537,-3.278
0.381,-3.227
0.254,-3.337
0.16,-3.065
-0.064,1.332
-0.225,1.262
-0.271,1.081
-0.293,1.13
-0.208,1.2
-0.454,1.185
-1.196,1.267
-1.739,1.281
-1.732,1.292
-1.784,1.138
-1.988,1.118
-1.924,1.24
-2.806,1.101
-2.858,1.064
-2.9,1.048
-3.01,1.121
2.909,1.227
2.276,1.304
1.934,1.03
1.739,1.113
1.681,1.421
1.477,1.531
1.171,1.105
0.942,1.511
0.761,1.128
0.021,1.273
-0.035,1.337
-0.056,-0.245
-0.104,-1.608
-0.158,-2.331
-0.106,-1.496
-0.247,-2.322
-0.441,-0.329
-0.567,0.961
-0.681,0.933
-2.245,0.773
-2.816,-1.728
1.657,0.361
1.074,0.41
0.074,-0.542
-0.075,0.907
-0.128,-2.846
-0.138,-0.128
-0.034,-2.998
-0.137,-2.532
-0.049,-0.51
-0.23,-3.001
-0.1,0.82
-0.239,-2.206
-0.235,-1.581
-0.148,-1.511
-0.191,0.632
-0.317,-0.26
-0.431,0.014
-0.388,0.359
-0.597,-1.399
-0.679,-0.043
-0.606,0.574
-0.651,0.578
-0.663,-0.99
-0.767,0.653
-0.804,-0.085
-0.698,-1.546
-0.871,-1.69
-1.018,0.969
-0.883,-2.939
-1.115,0.064
-1.014,-2.901
-1.202,0.27
-1.093,-2.136
-1.138,-1.633
-1.318,-0.383
-1.303,0.297
-1.32,0.757
-1.617,-0.325
-1.654,-2.704
-1.662,-1.431
-1.771,-1.547
-1.846,-1.259
-1.74,0.863
-1.733,0.244
-1.813,-2.959
-1.982,-0.28
-1.996,0.989
-2.093,0.84
-2.111,0.861
-1.98,0.856
-2.089,-2.506
-2.043,-1.409
-2.092,-0.286
-2.261,0.949
-2.255,-1.86
-2.129,-0.268
-2.21,-0.612
-2.21,-2.279
-2.24,0.764
-2.505,-1.298
-2.575,-1.38
-2.773,-2.459
-2.8,0.851
-2.695,-0.732
-2.704,0.124
-2.87,-2.834
-2.959,-1.036
-2.991,-0.441
-2.896,0.923
-3.031,-1.188
-2.938,0.887
-2.924,-0.345
-3.123,-2.92
3.138,-1.401
-3.044,0.081
-3.115,-0.941
-3.126,-2.636
-3.131,0.838
2.98,-2.67
3.052,-0.608
3.011,-2.214
2.882,-2.468
2.972,-1.087
2.863,-2.794
2.991,-1.806
2.916,-1.792
2.888,-2.902
2.739,-2.238
2.729,-2.643
2.85,-1.488
2.885,0.958
2.726,0.538
2.835,-2.472
2.742,-1.364
2.694,-1.127
2.582,-2.778
2.516,-1.222
2.595,-0.687
2.583,-1.844
2.36,-2.885
2.373,-0.203
2.463,0.538
2.435,-1.202
2.294,-2.473
2.201,0.387
2.307,-0.947
2.188,-0.102
2.201,-0.066
1.947,-2.251
2.008,-0.605
1.718,1.024
1.576,-1.71
1.693,-1.806
1.55,0.861
1.24,-0.323
1.115,-1.088
0.981,-2.467
0.951,0.142
1.044,0.624
0.865,-0.802
0.961,0.84
0.791,0.032
0.607,-2.607
0.374,-0.56
0.223,0.942
0.187,-2.614
0.168,0.958
0.241,0.17
0.085,-2.681
0.187,0.744
0.024,-3.158
-0.009,-3.281
-0.04,-3.213
-0.109,-3.268
-0.873,-3.278
-1.198,-3.236
-1.956,-3.163
3.115,-3.168
1.392,-3.073
0.204,-3.047
-0.297,1.331
-0.349,1.447
-0.408,1.149
-0.674,1.186
-0.779,1.406
-0.776,1.083
-0.884,1.15
-1.133,1.305
-1.166,1.404
-2.639,1.293
-2.824,1.356
-3.02,1.351
2.504,1.093
2.185,1.354
2.195,1.148
1.564,1.328
0.715,0.993
0.16,1.411
-0.083,-1.479
2.627,-0.01
0.871,0.629
-0.078,0.224
0.004,-2.458
-0.06,-0.481
-0.182,-0.477
-0.29,-2.173
-2.666,0.585
-2.688,-1.353
2.718,-1.387
1.982,-0.497
1.665,-0.513
0.752,-2.008
0.769,0.19
0.574,-0.451
0.569,-0.022
0.47,0.625
0.46,-0.191
0.456,-0.992
0.335,-2.048
0.051,-0.517
-0.303,-0.335
-0.579,-0.253
-2.584,-0.291
0.258,-1.719
1.426,-2.815
0.428,0.766
1.203,-3.046
-0.595,1.171
0.036,1.187
-0.059,0.191
-0.086,2.606
-0.106,1.807
-0.033,-1.289
-0.181,1.822
-0.109,1.385
-0.18,1.866
-0.159,-1.033
-0.24,1.553
-0.206,1.048
-0.269,1.649
-0.406,0.842
-0.367,-1.026
-0.406,1.66
-0.514,0.664
-0.521,-0.871
-0.533,0.853
-0.464,-1.203
-0.658,1.488
-0.767,0.628
-0.901,2.417
-0.883,1.353
-0.899,1.879
-0.908,-1.228
-1.005,0.518
-0.964,1.653
-0.986,1.454
-1.143,0.251
-1.137,1.643
-1.582,2.001
-1.599,0.125
-1.576,0.796
-1.675,-1.178
-1.591,1.241
-1.696,0.827
-1.844,1.113
-1.806,1.255
-1.861,2.303
-1.916,0.373
-1.994,0.787
-1.975,2.631
-2.001,0.865
-2.063,-0.493
-2.141,-1.257
-2.23,1.106
-2.298,1.819
-2.333,0.494
-2.408,-0.251
-2.328,1.588
-2.397,-1.194
-2.419,0.548
-2.455,2.115
-2.412,-0.183
-2.445,-0.225
-2.529,2.324
-2.58,2.331
-2.526,0.875
-2.601,-0.4
-2.54,0.349
-2.683,2.204
-2.754,-0.535
-2.775,2.55
-2.752,0.269
-2.814,0.06
-2.778,1.66
-2.865,-1.083
-2.819,0.929
-2.843,-0.131
-2.834,1.982
-2.972,-0.646
-3.074,0.571
-3.113,1.558
-3.092,-1.113
-3.14,1.455
3.121,1.771
3.052,-1.104
3.029,0.862
2.989,0.233
2.986,0.867
2.981,1.811
2.984,0.11
2.914,-1.01
2.892,0.138
2.721,0.545
2.671,0.824
2.626,1.916
2.528,1.526
2.516,1.705
2.417,0.767
2.445,0.095
2.426,0.876
2.435,0.78
2.354,2.514
2.313,1.21
2.3,0.376
2.259,0.733
2.141,-0.434
2.197,0.023
2.194,-1.323
2.121,1.364
2.067,0.397
2.005,0.958
2.077,0.847
2.068,-1.313
2.008,2.16
1.888,1.47
1.83,1.24
1.799,-0.552
1.7,2.295
1.513,1.01
1.316,-0.381
1.29,-0.149
1.246,1.324
1.234,1.136
1.261,1.704
1.241,0.545
1.096,1.39
1.089,1.107
1.008,2.361
0.941,0.874
0.881,-0.784
0.939,0.923
0.758,-0.199
0.618,-0.258
0.476,-1.242
0.48,1.62
0.463,0.642
0.432,-0.634
0.42,1.317
0.335,0.785
0.307,-0.605
0.273,1.482
0.316,1.211
0.278,1.12
0.206,1.084
0.278,-1.286
0.28,-1.208
0.194,1.232
0.172,-1.233
0.162,0.31
0.17,0.962
0.148,1.462
0.075,1.426
0.112,1.343
-0.326,-1.446
-0.813,-1.725
-2.469,-1.394
-2.838,-1.503
3.083,-1.506
2.898,-1.567
2.716,-1.552
2.475,-1.44
2.28,-1.632
1.663,-1.47
1.407,-1.671
0.685,-1.745
0.606,-1.653
0.45,-1.602
0.323,-1.712
0.229,-1.44
0.005,2.957
-0.156,2.887
-0.202,2.706
-0.224,2.755
-0.139,2.825
-0.385,2.81
-1.127,2.892
-1.67,2.906
-1.663,2.917
-1.715,2.763
-1.919,2.743
-1.855,2.865
-2.737,2.726
-2.789,2.689
-2.831,2.673
-2.941,2.746
2.978,2.852
2.345,2.929
2.003,2.655
1.808,2.738
1.75,3.046
1.546,3.156
1.24,2.73
1.011,3.136
0.83,2.753
0.09,2.898
0.034,2.962
0.013,1.38
-0.035,0.017
-0.089,-0.706
-0.037,0.129
-0.178,-0.697
-0.372,1.296
-0.498,2.586
-0.612,2.558
-2.176,2.398
-2.747,-0.103
1.726,1.986
1.143,2.035
0.143,1.083
-0.006,2.532
-0.059,-1.221
-0.069,1.497
0.035,-1.373
-0.068,-0.907
0.02,1.115
-0.161,-1.376
-0.031,2.445
-0.17,-0.581
-0.166,0.044
-0.079,0.114
-0.122,2.257
-0.248,1.365
-0.362,1.639
-0.319,1.984
-0.528,0.226
-0.61,1.582
-0.537,2.199
-0.582,2.203
-0.594,0.635
-0.698,2.278
-0.735,1.54
-0.629,0.079
-0.802,-0.065
-0.949,2.594
-0.814,-1.314
-1.046,1.689
-0.945,-1.276
-1.133,1.895
-1.024,-0.511
-1.069,-0.008
-1.249,1.242
-1.234,1.922
-1.251,2.382
-1.548,1.3
-1.585,-1.079
-1.593,0.194
-1.702,0.078
-1.777,0.366
-1.671,2.488
-1.664,1.869
-1.744,-1.334
-1.913,1.345
-1.927,2.614
-2.024,2.465
-2.042,2.486
-1.911,2.481
-2.02,-0.881
-1.974,0.216
-2.023,1.339
-2.192,2.574
-2.186,-0.235
-2.06,1.357
-2.141,1.013
-2.141,-0.654
-2.171,2.389
-2.436,0.327
-2.506,0.245
-2.704,-0.834
-2.731,2.476
-2.626,0.893
-2.635,1.749
-2.801,-1.209
-2.89,0.589
-2.922,1.184
-2.827,2.548
-2.962,0.437
-2.869,2.512
-2.855,1.28
-3.054,-1.295
-3.076,0.224
-2.975,1.706
-3.046,0.684
-3.057,-1.011
-3.062,2.463
3.049,-1.045
3.121,1.017
3.08,-0.589
2.951,-0.843
3.041,0.538
2.932,-1.169
3.06,-0.181
2.985,-0.167
2.957,-1.277
2.808,-0.613
2.798,-1.018
2.919,0.137
2.954,2.583
2.795,2.163
2.904,-0.847
2.811,0.261
2.763,0.498
2.651,-1.153
2.585,0.403
2.664,0.938
2.652,-0.219
2.429,-1.26
2.442,1.422
2.532,2.163
2.504,0.423
2.363,-0.848
2.27,2.012
2.376,0.678
2.257,1.523
2.27,1.559
2.016,-0.626
2.077,1.02
1.787,2.649
1.645,-0.085
1.762,-0.181
1.619,2.486
1.309,1.302
1.184,0.537
1.05,-0.842
1.02,1.767
1.113,2.249
0.934,0.823
1.03,2.465
0.86,1.657
0.676,-0.982
0.443,1.065
0.292,2.567
0.256,-0.989
0.237,2.583
0.31,1.795
0.154,-1.056
0.256,2.369
0.093,-1.533
0.06,-1.656
0.029,-1.588
-0.04,-1.643
-0.804,-1.653
-1.129,-1.611
-1.887,-1.538
-3.099,-1.543
1.461,-1.448
0.273,-1.422
-0.228,2.956
-0.28,3.072
-0.339,2.774
-0.605,2.811
-0.71,3.031
-0.707,2.708
-0.815,2.775
-1.064,2.93
-1.097,3.029
-2.57,2.918
-2.755,2.981
-2.951,2.976
2.573,2.718
2.254,2.979
2.264,2.773
1.633,2.953
0.784,2.618
0.229,3.036
-0.014,0.146
2.696,1.615
0.94,2.254
-0.009,1.849
0.073,-0.833
0.009,1.144
-0.113,1.148
-0.221,-0.548
-2.597,2.21
-2.619,0.272
2.787,0.238
2.051,1.128
1.734,1.112
0.821,-0.383
0.838,1.815
0.643,1.174
0.638,1.603
0.539,2.25
0.529,1.434
0.525,0.633
0.404,-0.423
0.12,1.108
-0.234,1.29
-0.51,1.372
-2.515,1.334
0.327,-0.094
1.495,-1.19
0.497,2.391
1.272,-1.421
-0.526,2.796
-0.095,-0.996
-0.122,1.419
-0.142,0.62
-0.069,-2.476
-0.217,0.635
-0.145,0.198
-0.216,0.679
-0.195,-2.22
-0.276,0.366
-0.242,-0.139
-0.305,0.462
-0.442,-0.345
-0.403,-2.213
-0.442,0.473
-0.55,-0.523
-0.557,-2.058
-0.569,-0.334
-0.5,-2.39
-0.694,0.301
-0.803,-0.559
-0.937,1.23
-0.919,0.166
-0.935,0.692
-0.944,-2.415
-1.041,-0.669
-1.0,0.466
-1.022,0.267
-1.179,-0.936
-1.173,0.456
-1.618,0.814
-1.635,-1.062
-1.612,-0.391
-1.711,-2.365
-1.627,0.054
-1.732,-0.36
-1.88,-0.074
-1.842,0.068
-1.897,1.116
-1.952,-0.814
-2.03,-0.4
-2.011,1.444
-2.037,-0.322
-2.099,-1.68
-2.177,-2.444
-2.266,-0.081
-2.334,0.632
-2.369,-0.693
-2.444,-1.438
-2.364,0.401
-2.433,-2.381
-2.455,-0.639
-2.491,0.928
-2.448,-1.37
-2.481,-1.412
-2.565,1.137
-2.616,1.144
-2.562,-0.312
-2.637,-1.587
-2.576,-0.838
-2.719,1.017
-2.79,-1.722
-2.811,1.363
-2.788,-0.918
-2.85,-1.127
-2.814,0.473
-2.901,-2.27
-2.855,-0.258
-2.879,-1.318
-2.87,0.795
-3.008,-1.833
-3.11,-0.616
3.134,0.371
-3.128,-2.3
3.107,0.268
3.085,0.584
3.016,-2.291
2.993,-0.325
2.953,-0.954
2.95,-0.32
2.945,0.624
2.948,-1.077
2.878,-2.197
2.856,-1.049
2.685,-0.642
2.635,-0.363
2.59,0.729
2.492,0.339
2.48,0.518
2.381,-0.42
2.409,-1.092
2.39,-0.311
2.399,-0.407
2.318,1.327
2.277,0.023
2.264,-0.811
2.223,-0.454
2.105,-1.621
2.161,-1.164
2.158,-2.51
2.085,0.177
2.031,-0.79
1.969,-0.229
2.041,-0.34
2.032,-2.5
1.972,0.973
1.852,0.283
1.794,0.053
1.763,-1.739
1.664,1.108
1.477,-0.177
1.28,-1.568
1.254,-1.336
1.21,0.137
1.198,-0.051
1.225,0.517
1.205,-0.642
1.06,0.203
1.053,-0.08
0.972,1.174
0.905,-0.313
0.845,-1.971
0.903,-0.264
0.722,-1.386
0.582,-1.445
0.44,-2.429
0.444,0.433
0.427,-0.545
0.396,-1.821
0.384,0.13
0.299,-0.402
0.271,-1.792
0.237,0.295
0.28,0.024
0.242,-0.067
0.17,-0.103
0.242,-2.473
0.244,-2.395
0.158,0.045
0.136,-2.42
0.126,-0.877
0.134,-0.225
0.112,0.275
0.039,0.239
0.076,0.156
-0.362,-2.633
-0.849,-2.912
-2.505,-2.581
-2.874,-2.69
3.047,-2.693
2.862,-2.754
2.68,-2.739
2.439,-2.627
2.244,-2.819
1.627,-2.657
1.371,-2.858
0.649,-2.932
0.57,-2.84
0.414,-2.789
0.287,-2.899
0.193,-2.627
-0.031,1.77
-0.192,1.7
-0.238,1.519
-0.26,1.568
-0.175,1.638
-0.421,1.623
-1.163,1.705
-1.706,1.719
-1.699,1.73
-1.751,1.576
-1.955,1.556
-1.891,1.678
-2.773,1.539
-2.825,1.502
-2.867,1.486
-2.977,1.559
2.942,1.665
2.309,1.742
1.967,1.468
1.772,1.551
1.714,1.859
1.51,1.969
1.204,1.543
0.975,1.949
0.794,1.566
0.054,1.711
-0.002,1.775
-0.023,0.193
-0.071,-1.17
-0.125,-1.893
-0.073,-1.058
-0.214,-1.884
-0.408,0.109
-0.534,1.399
-0.648,1.371
-2.212,1.211
-2.783,-1.29
1.69,0.799
1.107,0.848
0.107,-0.104
-0.042,1.345
-0.095,-2.408
-0.105,0.31
-0.001,-2.56
-0.104,-2.094
-0.016,-0.072
-0.197,-2.563
-0.067,1.258
-0.206,-1.768
-0.202,-1.143
-0.115,-1.073
-0.158,1.07
-0.284,0.178
-0.398,0.452
-0.355,0.797
-0.564,-0.961
-0.646,0.395
-0.573,1.012
-0.618,1.016
-0.63,-0.552
-0.734,1.091
-0.771,0.353
-0.665,-1.108
-0.838,-1.252
-0.985,1.407
-0.85,-2.501
-1.082,0.502
-0.981,-2.463
-1.169,0.708
-1.06,-1.698
-1.105,-1.195
-1.285,0.055
-1.27,0.735
-1.287,1.195
-1.584,0.113
-1.621,-2.266
-1.629,-0.993
-1.738,-1.109
-1.813,-0.821
-1.707,1.301
-1.7,0.682
-1.78,-2.521
-1.949,0.158
-1.963,1.427
-2.06,1.278
-2.078,1.299
-1.947,1.294
-2.056,-2.068
-2.01,-0.971
-2.059,0.152
-2.228,1.387
-2.222,-1.422
-2.096,0.17
-2.177,-0.174
-2.177,-1.841
-2.207,1.202
-2.472,-0.86
-2.542,-0.942
-2.74,-2.021
-2.767,1.289
-2.662,-0.294
-2.671,0.562
-2.837,-2.396
-2.926,-0.598
-2.958,-0.003
-2.863,1.361
-2.998,-0.75
-2.905,1.325
-2.891,0.093
-3.09,-2.482
-3.112,-0.963
-3.011,0.519
-3.082,-0.503
-3.093,-2.198
-3.098,1.276
3.013,-2.232
3.085,-0.17
3.044,-1.776
2.915,-2.03
3.005,-0.649
2.896,-2.356
3.024,-1.368
2.949,-1.354
2.921,-2.464
2.772,-1.8
2.762,-2.205
2.883,-1.05
2.918,1.396
2.759,0.976
2.868,-2.034
2.775,-0.926
2.727,-0.689
2.615,-2.34
2.549,-0.784
2.628,-0.249
2.616,-1.406
2.393,-2.447
2.406,0.235
2.496,0.976
2.468,-0.764
2.327,-2.035
2.234,0.825
2.34,-0.509
2.221,0.336
2.234,0.372
1.98,-1.813
2.041,-0.167
1.751,1.462
1.609,-1.272
1.726,-1.368
1.583,1.299
1.273,0.115
1.148,-0.65
1.014,-2.029
0.984,0.58
1.077,1.062
0.898,-0.364
0.994,1.278
0.824,0.47
0.64,-2.169
0.407,-0.122
0.256,1.38
0.22,-2.176
0.201,1.396
0.274,0.608
0.118,-2.243
0.22,1.182
0.057,-2.72
0.024,-2.843
-0.007,-2.775
-0.076,-2.83
-0.84,-2.84
-1.165,-2.798
-1.923,-2.725
-3.135,-2.73
1.425,-2.635
0.237,-2.609
-0.264,1.769
-0.316,1.885
-0.375,1.587
-0.641,1.624
-0.746,1.844
-0.743,1.521
-0.851,1.588
-1.1,1.743
-1.133,1.842
-2.606,1.731
-2.791,1.794
-2.987,1.789
2.537,1.531
2.218,1.792
2.228,1.586
1.597,1.766
0.748,1.431
0.193,1.849
-0.05,-1.041
2.66,0.428
0.904,1.067
-0.045,0.662
0.037,-2.02
-0.027,-0.043
-0.149,-0.039
-0.257,-1.735
-2.633,1.023
-2.655,-0.915
2.751,-0.949
2.015,-0.059
1.698,-0.075
0.785,-1.57
0.802,0.628
0.607,-0.013
0.602,0.416
0.503,1.063
0.493,0.247
0.489,-0.554
0.368,-1.61
0.084,-0.079
-0.27,0.103
-0.546,0.185
-2.551,0.147
0.291,-1.281
1.459,-2.377
0.461,1.204
1.236,-2.608
-0.562,1.609
-0.027,2.415
-0.047,1.616
0.026,-1.48
-0.122,1.631
-0.05,1.194
-0.121,1.675
-0.1,-1.224
-0.181,1.362
-0.147,0.857
-0.21,1.458
-0.347,0.651
-0.308,-1.217
-0.347,1.469
-0.455,0.473
-0.462,-1.062
-0.474,0.662
-0.405,-1.394
-0.599,1.297
-0.708,0.437
-0.842,2.226
-0.824,1.162
-0.84,1.688
-0.849,-1.419
-0.946,0.327
-0.905,1.462
-0.927,1.263
-1.084,0.06
-1.078,1.452
-1.523,1.81
-1.54,-0.066
-1.517,0.605
-1.616,-1.369
-1.532,1.05
-1.637,0.636
-1.785,0.922
-1.747,1.064
-1.802,2.112
-1.857,0.182
-1.935,0.596
-1.916,2.44
-1.942,0.674
-2.004,-0.684
-2.082,-1.448
-2.171,0.915
-2.239,1.628
-2.274,0.303
-2.349,-0.442
-2.269,1.397
-2.338,-1.385
-2.36,0.357
-2.396,1.924
-2.353,-0.374
-2.386,-0.416
-2.47,2.133
-2.521,2.14
-2.467,0.684
-2.542,-0.591
-2.481,0.158
-2.624,2.013
-2.695,-0.726
-2.716,2.359
-2.693,0.078
-2.755,-0.131
-2.719,1.469
-2.806,-1.274
-2.76,0.738
-2.784,-0.322
-2.775,1.791
-2.913,-0.837
-3.015,0.38
-3.054,1.367
-3.033,-1.304
-3.081,1.264
-3.103,1.58
3.111,-1.295
3.088,0.671
3.048,0.042
3.045,0.676
3.04,1.62
3.043,-0.081
2.973,-1.201
2.951,-0.053
2.78,0.354
2.73,0.633
2.685,1.725
2.587,1.335
2.575,1.514
2.476,0.576
2.504,-0.096
2.485,0.685
2.494,0.589
2.413,2.323
2.372,1.019
2.359,0.185
2.318,0.542
2.2,-0.625
2.256,-0.168
2.253,-1.514
2.18,1.173
2.126,0.206
2.064,0.767
2.136,0.656
2.127,-1.504
2.067,1.969
1.947,1.279
1.889,1.049
1.858,-0.743
1.759,2.104
1.572,0.819
1.375,-0.572
1.349,-0.34
1.305,1.133
1.293,0.945
1.32,1.513
1.3,0.354
1.155,1.199
1.148,0.916
1.067,2.17
1.0,0.683
0.94,-0.975
0.998,0.732
0.817,-0.39
0.677,-0.449
0.535,-1.433
0.539,1.429
0.522,0.451
0.491,-0.825
0.479,1.126
0.394,0.594
0.366,-0.796
0.332,1.291
0.375,1.02
0.337,0.929
0.265,0.893
0.337,-1.477
0.339,-1.399
0.253,1.041
0.231,-1.424
0.221,0.119
0.229,0.771
0.207,1.271
0.134,1.235
0.171,1.152
-0.267,-1.637
-0.754,-1.916
-2.41,-1.585
-2.779,-1.694
-3.141,-1.697
2.957,-1.758
2.775,-1.743
2.534,-1.631
2.339,-1.823
1.722,-1.661
1.466,-1.862
0.744,-1.936
0.665,-1.844
0.509,-1.793
0.382,-1.903
0.288,-1.631
0.064,2.766
-0.097,2.696
-0.143,2.515
-0.165,2.564
-0.08,2.634
-0.326,2.619
-1.068,2.701
-1.611,2.715
-1.604,2.726
-1.656,2.572
-1.86,2.552
-1.796,2.674
-2.678,2.535
-2.73,2.498
-2.772,2.482
-2.882,2.555
3.037,2.661
2.404,2.738
2.062,2.464
1.867,2.547
1.809,2.855
1.605,2.965
1.299,2.539
1.07,2.945
0.889,2.562
0.149,2.707
0.093,2.771
0.072,1.189
0.024,-0.174
-0.03,-0.897
0.022,-0.062
-0.119,-0.888
-0.313,1.105
-0.439,2.395
-0.553,2.367
-2.117,2.207
-2.688,-0.294
1.785,1.795
1.202,1.844
0.202,0.892
0.053,2.341
0.0,-1.412
-0.01,1.306
0.094,-1.564
-0.009,-1.098
0.079,0.924
-0.102,-1.567
0.028,2.254
-0.111,-0.772
-0.107,-0.147
-0.02,-0.077
-0.063,2.066
-0.189,1.174
-0.303,1.448
-0.26,1.793
-0.469,0.035
-0.551,1.391
-0.478,2.008
-0.523,2.012
-0.535,0.444
-0.639,2.087
-0.676,1.349
-0.57,-0.112
-0.743,-0.256
-0.89,2.403
-0.755,-1.505
-0.987,1.498
-0.886,-1.467
-1.074,1.704
-0.965,-0.702
-1.01,-0.199
-1.19,1.051
-1.175,1.731
-1.192,2.191
-1.489,1.109
-1.526,-1.27
-1.534,0.003
-1.643,-0.113
-1.718,0.175
-1.612,2.297
-1.605,1.678
-1.685,-1.525
-1.854,1.154
-1.868,2.423
-1.965,2.274
-1.983,2.295
-1.852,2.29
-1.961,-1.072
-1.915,0.025
-1.964,1.148
-2.133,2.383
-2.127,-0.426
-2.001,1.166
-2.082,0.822
-2.082,-0.845
-2.112,2.198
-2.377,0.136
-2.447,0.054
-2.645,-1.025
-2.672,2.285
-2.567,0.702
-2.576,1.558
-2.742,-1.4
-2.831,0.398
-2.863,0.993
-2.768,2.357
-2.903,0.246
-2.81,2.321
-2.796,1.089
-2.995,-1.486
-3.017,0.033
-2.916,1.515
-2.987,0.493
-2.998,-1.202
-3.003,2.272
3.108,-1.236
-3.103,0.826
3.139,-0.78
3.01,-1.034
3.1,0.347
2.991,-1.36
3.119,-0.372
3.044,-0.358
3.016,-1.468
2.867,-0.804
2.857,-1.209
2.978,-0.054
3.013,2.392
2.854,1.972
2.963,-1.038
2.87,0.07
2.822,0.307
2.71,-1.344
2.644,0.212
2.723,0.747
2.711,-0.41
2.488,-1.451
2.501,1.231
2.591,1.972
2.563,0.232
2.422,-1.039
2.329,1.821
2.435,0.487
2.316,1.332
2.329,1.368
2.075,-0.817
2.136,0.829
1.846,2.458
1.704,-0.276
1.821,-0.372
1.678,2.295
1.368,1.111
1.243,0.346
1.109,-1.033
1.079,1.576
1.172,2.058
0.993,0.632
1.089,2.274
0.919,1.466
0.735,-1.173
0.502,0.874
0.351,2.376
0.315,-1.18
0.296,2.392
0.369,1.604
0.213,-1.247
0.315,2.178
0.152,-1.724
0.119,-1.847
0.088,-1.779
0.019,-1.834
-0.745,-1.844
-1.07,-1.802
-1.828,-1.729
-3.04,-1.734
1.52,-1.639
0.332,-1.613
-0.169,2.765
-0.221,2.881
-0.28,2.583
-0.546,2.62
-0.651,2.84
-0.648,2.517
-0.756,2.584
-1.005,2.739
-1.038,2.838
-2.511,2.727
-2.696,2.79
-2.892,2.785
2.632,2.527
2.313,2.788
2.323,2.582
1.692,2.762
0.843,2.427
0.288,2.845
0.045,-0.045
2.755,1.424
0.999,2.063
0.05,1.658
0.132,-1.024
0.068,0.953
-0.054,0.957
-0.162,-0.739
-2.538,2.019
-2.56,0.081
2.846,0.047
2.11,0.937
1.793,0.921
0.88,-0.574
0.897,1.624
0.702,0.983
0.697,1.412
0.598,2.059
0.588,1.243
0.584,0.442
0.463,-0.614
0.179,0.917
-0.175,1.099
-0.451,1.181
-2.456,1.143
0.386,-0.285
1.554,-1.381
0.556,2.2
1.331,-1.612
-0.467,2.605
-0.02,-0.799
0.053,-3.895
-0.095,-0.784
-0.023,-1.221
-0.094,-0.74
-0.073,-3.639
-0.154,-1.053
-0.12,-1.558
-0.183,-0.957
-0.32,-1.764
-0.281,-3.632
-0.32,-0.946
-0.428,-1.942
-0.435,-3.477
-0.447,-1.753
-0.378,-3.809
-0.572,-1.118
-0.681,-1.978
-0.815,-0.189
-0.797,-1.253
-0.813,-0.727
-0.822,-3.834
-0.919,-2.088
-0.878,-0.953
-0.9,-1.152
-1.057,-2.355
-1.051,-0.963
-1.496,-0.605
-1.513,-2.481
-1.49,-1.81
-1.589,-3.784
-1.505,-1.365
-1.61,-1.779
-1.758,-1.493
-1.72,-1.351
-1.775,-0.303
-1.83,-2.233
-1.908,-1.819
-1.889,0.025
-1.915,-1.741
-1.977,-3.099
-2.055,-3.863
-2.144,-1.5
-2.212,-0.787
-2.247,-2.112
-2.322,-2.857
-2.242,-1.018
-2.311,-3.8
-2.333,-2.058
-2.369,-0.491
-2.326,-2.789
-2.359,-2.831
-2.443,-0.282
-2.494,-0.275
-2.44,-1.731
-2.515,-3.006
-2.454,-2.257
-2.597,-0.402
-2.668,-3.141
-2.689,-0.056
-2.666,-2.337
-2.728,-2.546
-2.692,-0.946
-2.779,-3.689
-2.733,-1.677
-2.757,-2.737
-2.748,-0.624
-2.886,-3.252
-2.988,-2.035
-3.027,-1.048
-3.006,-3.719
-3.054,-1.151
-3.076,-0.835
3.138,-3.71
3.115,-1.744
3.075,-2.373
3.072,-1.739
3.067,-0.795
3.07,-2.496
3.0,-3.616
2.978,-2.468
2.807,-2.061
2.757,-1.782
2.712,-0.69
2.614,-1.08
2.602,-0.901
2.503,-1.839
2.531,-2.511
2.512,-1.73
2.521,-1.826
2.44,-0.092
2.399,-1.396
2.386,-2.23
2.345,-1.873
2.227,-3.04
2.283,-2.583
2.28,-3.929
2.207,-1.242
2.153,-2.209
2.091,-1.648
2.163,-1.759
2.154,-3.919
2.094,-0.446
1.974,-1.136
1.916,-1.366
1.885,-3.158
1.786,-0.311
1.599,-1.596
1.402,-2.987
1.376,-2.755
1.332,-1.282
1.32,-1.47
1.347,-0.902
1.327,-2.061
1.182,-1.216
1.175,-1.499
1.094,-0.245
1.027,-1.732
0.967,-3.39
1.025,-1.683
0.844,-2.805
0.704,-2.864
0.562,-3.848
0.566,-0.986
0.549,-1.964
0.518,-3.24
0.506,-1.289
0.421,-1.821
0.393,-3.211
0.359,-1.124
0.402,-1.395
0.364,-1.486
0.292,-1.522
0.364,-3.892
0.366,-3.814
0.28,-1.374
0.258,-3.839
0.248,-2.296
0.256,-1.644
0.234,-1.144
0.161,-1.18
0.198,-1.263
-0.24,-4.052
-0.727,-4.331
-2.383,-4.0
-2.752,-4.109
-3.114,-4.112
2.984,-4.173
2.802,-4.158
2.561,-4.046
2.366,-4.238
1.749,-4.076
1.493,-4.277
0.771,-4.351
0.692,-4.259
0.536,-4.208
0.409,-4.318
0.315,-4.046
0.091,0.351
-0.07,0.281
-0.116,0.1
-0.138,0.149
-0.053,0.219
-0.299,0.204
-1.041,0.286
-1.584,0.3
-1.577,0.311
-1.629,0.157
-1.833,0.137
-1.769,0.259
-2.651,0.12
-2.703,0.083
-2.745,0.067
-2.855,0.14
3.064,0.246
2.431,0.323
2.089,0.049
1.894,0.132
1.836,0.44
1.632,0.55
1.326,0.124
1.097,0.53
0.916,0.147
0.176,0.292
0.12,0.356
0.099,-1.226
0.051,-2.589
-0.003,-3.312
0.049,-2.477
-0.092,-3.303
-0.286,-1.31
-0.412,-0.02
-0.526,-0.048
-2.09,-0.208
-2.661,-2.709
1.812,-0.62
1.229,-0.571
0.229,-1.523
0.08,-0.074
0.027,-3.827
0.017,-1.109
0.121,-3.979
0.018,-3.513
0.106,-1.491
-0.075,-3.982
0.055,-0.161
-0.084,-3.187
-0.08,-2.562
0.007,-2.492
-0.036,-0.349
-0.162,-1.241
-0.276,-0.967
-0.233,-0.622
-0.442,-2.38
-0.524,-1.024
-0.451,-0.407
-0.496,-0.403
-0.508,-1.971
-0.612,-0.328
-0.649,-1.066
-0.543,-2.527
-0.716,-2.671
-0.863,-0.012
-0.728,-3.92
-0.96,-0.917
-0.859,-3.882
-1.047,-0.711
-0.938,-3.117
-0.983,-2.614
-1.163,-1.364
-1.148,-0.684
-1.165,-0.224
-1.462,-1.306
-1.499,-3.685
-1.507,-2.412
-1.616,-2.528
-1.691,-2.24
-1.585,-0.118
-1.578,-0.737
-1.658,-3.94
-1.827,-1.261
-1.841,0.008
-1.938,-0.141
-1.956,-0.12
-1.825,-0.125
-1.934,-3.487
-1.888,-2.39
-1.937,-1.267
-2.106,-0.032
-2.1,-2.841
-1.974,-1.249
-2.055,-1.593
-2.055,-3.26
-2.085,-0.217
-2.35,-2.279
-2.42,-2.361
-2.618,-3.44
-2.645,-0.13
-2.54,-1.713
-2.549,-0.857
-2.715,-3.815
-2.804,-2.017
-2.836,-1.422
-2.741,-0.058
-2.876,-2.169
-2.783,-0.094
-2.769,-1.326
-2.968,-3.901
-2.99,-2.382
-2.889,-0.9
-2.96,-1.922
-2.971,-3.617
-2.976,-0.143
3.135,-3.651
-3.076,-1.589
-3.117,-3.195
3.037,-3.449
3.127,-2.068
3.018,-3.775
-3.137,-2.787
3.071,-2.773
3.043,-3.883
2.894,-3.219
2.884,-3.624
3.005,-2.469
3.04,-0.023
2.881,-0.443
2.99,-3.453
2.897,-2.345
2.849,-2.108
2.737,-3.759
2.671,-2.203
2.75,-1.668
2.738,-2.825
2.515,-3.866
2.528,-1.184
2.618,-0.443
2.59,-2.183
2.449,-3.454
2.356,-0.594
2.462,-1.928
2.343,-1.083
2.356,-1.047
2.102,-3.232
2.163,-1.586
1.873,0.043
1.731,-2.691
1.848,-2.787
1.705,-0.12
1.395,-1.304
1.27,-2.069
1.136,-3.448
1.106,-0.839
1.199,-0.357
1.02,-1.783
1.116,-0.141
0.946,-0.949
0.762,-3.588
0.529,-1.541
0.378,-0.039
0.342,-3.595
0.323,-0.023
0.396,-0.811
0.24,-3.662
0.342,-0.237
0.179,-4.139
0.146,-4.262
0.115,-4.194
0.046,-4.249
-0.718,-4.259
-1.043,-4.217
-1.801,-4.144
-3.013,-4.149
1.547,-4.054
0.359,-4.028
-0.142,0.35
-0.194,0.466
-0.253,0.168
-0.519,0.205
-0.624,0.425
-0.621,0.102
-0.729,0.169
-0.978,0.324
-1.011,0.423
-2.484,0.312
-2.669,0.375
-2.865,0.37
2.659,0.112
2.34,0.373
2.35,0.167
1.719,0.347
0.87,0.012
0.315,0.43
0.072,-2.46
2.782,-0.991
1.026,-0.352
0.077,-0.757
0.159,-3.439
0.095,-1.462
-0.027,-1.458
-0.135,-3.154
-2.511,-0.396
-2.533,-2.334
2.873,-2.368
2.137,-1.478
1.82,-1.494
0.907,-2.989
0.924,-0.791
0.729,-1.432
0.724,-1.003
0.625,-0.356
0.615,-1.172
0.611,-1.973
0.49,-3.029
0.206,-1.498
-0.148,-1.316
-0.424,-1.234
-2.429,-1.272
0.413,-2.7
1.581,-3.796
0.583,-0.215
1.358,-4.027
-0.44,0.19
0.073,-3.096
-0.075,0.015
-0.003,-0.422
-0.074,0.059
-0.053,-2.84
-0.134,-0.254
-0.1,-0.759
-0.163,-0.158
-0.3,-0.965
-0.261,-2.833
-0.3,-0.147
-0.408,-1.143
-0.415,-2.678
-0.427,-0.954
-0.358,-3.01
-0.552,-0.319
-0.661,-1.179
-0.795,0.61
-0.777,-0.454
-0.793,0.072
-0.802,-3.035
-0.899,-1.289
-0.858,-0.154
-0.88,-0.353
-1.037,-1.556
-1.031,-0.164
-1.476,0.194
-1.493,-1.682
-1.47,-1.011
-1.569,-2.985
-1.485,-0.566
-1.59,-0.98
-1.738,-0.694
-1.7,-0.552
-1.755,0.496
-1.81,-1.434
-1.888,-1.02
-1.869,0.824
-1.895,-0.942
-1.957,-2.3
-2.035,-3.064
-2.124,-0.701
-2.192,0.012
-2.227,-1.313
-2.302,-2.058
-2.222,-0.219
-2.291,-3.001
-2.313,-1.259
-2.349,0.308
-2.306,-1.99
-2.339,-2.032
-2.423,0.517
-2.474,0.524
-2.42,-0.932
-2.495,-2.207
-2.434,-1.458
-2.577,0.397
-2.648,-2.342
-2.669,0.743
-2.646,-1.538
-2.708,-1.747
-2.672,-0.147
-2.759,-2.89
-2.713,-0.878
-2.737,-1.938
-2.728,0.175
-2.866,-2.453
-2.968,-1.236
-3.007,-0.249
-2.986,-2.92
-3.034,-0.352
-3.056,-0.036
-3.125,-2.911
3.135,-0.945
3.095,-1.574
3.092,-0.94
3.087,0.004
3.09,-1.697
3.02,-2.817
2.998,-1.669
2.827,-1.262
2.777,-0.983
2.732,0.109
2.634,-0.281
2.622,-0.102
2.523,-1.04
2.551,-1.712
2.532,-0.931
2.541,-1.027
2.46,0.707
2.419,-0.597
2.406,-1.431
2.365,-1.074
2.247,-2.241
2.303,-1.784
2.3,-3.13
2.227,-0.443
2.173,-1.41
2.111,-0.849
2.183,-0.96
2.174,-3.12
2.114,0.353
1.994,-0.337
1.936,-0.567
1.905,-2.359
1.806,0.488
1.619,-0.797
1.422,-2.188
1.396,-1.956
1.352,-0.483
1.34,-0.671
1.367,-0.103
1.347,-1.262
1.202,-0.417
1.195,-0.7
1.114,0.554
1.047,-0.933
0.987,-2.591
1.045,-0.884
0.864,-2.006
0.724,-2.065
0.582,-3.049
0.586,-0.187
0.569,-1.165
0.538,-2.441
0.526,-0.49
0.441,-1.022
0.413,-2.412
0.379,-0.325
0.422,-0.596
0.384,-0.687
0.312,-0.723
0.384,-3.093
0.386,-3.015
0.3,-0.575
0.278,-3.04
0.268,-1.497
0.276,-0.845
0.254,-0.345
0.181,-0.381
0.218,-0.464
-0.22,-3.253
-0.707,-3.532
-2.363,-3.201
-2.732,-3.31
-3.094,-3.313
3.004,-3.374
2.822,-3.359
2.581,-3.247
2.386,-3.439
1.769,-3.277
1.513,-3.478
0.791,-3.552
0.712,-3.46
0.556,-3.409
0.429,-3.519
0.335,-3.247
0.111,1.15
-0.05,1.08
-0.096,0.899
-0.118,0.948
-0.033,1.018
-0.279,1.003
-1.021,1.085
-1.564,1.099
-1.557,1.11
-1.609,0.956
-1.813,0.936
-1.749,1.058
-2.631,0.919
-2.683,0.882
-2.725,0.866
-2.835,0.939
3.084,1.045
2.451,1.122
2.109,0.848
1.914,0.931
1.856,1.239
1.652,1.349
1.346,0.923
1.117,1.329
0.936,0.946
0.196,1.091
0.14,1.155
0.119,-0.427
0.071,-1.79
0.017,-2.513
0.069,-1.678
-0.072,-2.504
-0.266,-0.511
-0.392,0.779
-0.506,0.751
-2.07,0.591
-2.641,-1.91
1.832,0.179
1.249,0.228
0.249,-0.724
0.1,0.725
0.047,-3.028
0.037,-0.31
0.141,-3.18
0.038,-2.714
0.126,-0.692
-0.055,-3.183
0.075,0.638
-0.064,-2.388
-0.06,-1.763
0.027,-1.693
-0.016,0.45
-0.142,-0.442
-0.256,-0.168
-0.213,0.177
-0.422,-1.581
-0.504,-0.225
-0.431,0.392
-0.476,0.396
-0.488,-1.172
-0.592,0.471
-0.629,-0.267
-0.523,-1.728
-0.696,-1.872
-0.843,0.787
-0.708,-3.121
-0.94,-0.118
-0.839,-3.083
-1.027,0.088
-0.918,-2.318
-0.963,-1.815
-1.143,-0.565
-1.128,0.115
-1.145,0.575
-1.442,-0.507
-1.479,-2.886
-1.487,-1.613
-1.596,-1.729
-1.671,-1.441
-1.565,0.681
-1.558,0.062
-1.638,-3.141
-1.807,-0.462
-1.821,0.807
-1.918,0.658
-1.936,0.679
-1.805,0.674
-1.914,-2.688
-1.868,-1.591
-1.917,-0.468
-2.086,0.767
-2.08,-2.042
-1.954,-0.45
-2.035,-0.794
-2.035,-2.461
-2.065,0.582
-2.33,-1.48
-2.4,-1.562
-2.598,-2.641
-2.625,0.669
-2.52,-0.914
-2.529,-0.058
-2.695,-3.016
-2.784,-1.218
-2.816,-0.623
-2.721,0.741
-2.856,-1.37
-2.763,0.705
-2.749,-0.527
-2.948,-3.102
-2.97,-1.583
-2.869,-0.101
-2.94,-1.123
-2.951,-2.818
-2.956,0.656
-3.128,-2.852
-3.056,-0.79
-3.097,-2.396
3.057,-2.65
-3.136,-1.269
3.038,-2.976
-3.117,-1.988
3.091,-1.974
3.063,-3.084
2.914,-2.42
2.904,-2.825
3.025,-1.67
3.06,0.776
2.901,0.356
3.01,-2.654
2.917,-1.546
2.869,-1.309
2.757,-2.96
2.691,-1.404
2.77,-0.869
2.758,-2.026
2.535,-3.067
2.548,-0.385
2.638,0.356
2.61,-1.384
2.469,-2.655
2.376,0.205
2.482,-1.129
2.363,-0.284
2.376,-0.248
2.122,-2.433
2.183,-0.787
1.893,0.842
1.751,-1.892
1.868,-1.988
1.725,0.679
1.415,-0.505
1.29,-1.27
1.156,-2.649
1.126,-0.04
1.219,0.442
1.04,-0.984
1.136,0.658
0.966,-0.15
0.782,-2.789
0.549,-0.742
0.398,0.76
0.362,-2.796
0.343,0.776
0.416,-0.012
0.26,-2.863
0.362,0.562
0.199,-3.34
0.166,-3.463
0.135,-3.395
0.066,-3.45
-0.698,-3.46
-1.023,-3.418
-1.781,-3.345
-2.993,-3.35
1.567,-3.255
0.379,-3.229
-0.122,1.149
-0.174,1.265
-0.233,0.967
-0.499,1.004
-0.604,1.224
-0.601,0.901
-0.709,0.968
-0.958,1.123
-0.991,1.222
-2.464,1.111
-2.649,1.174
-2.845,1.169
2.679,0.911
2.36,1.172
2.37,0.966
1.739,1.146
0.89,0.811
0.335,1.229
0.092,-1.661
2.802,-0.192
1.046,0.447
0.097,0.042
0.179,-2.64
0.115,-0.663
-0.007,-0.659
-0.115,-2.355
-2.491,0.403
-2.513,-1.535
2.893,-1.569
2.157,-0.679
1.84,-0.695
0.927,-2.19
0.944,0.008
0.749,-0.633
0.744,-0.204
0.645,0.443
0.635,-0.373
0.631,-1.174
0.51,-2.23
0.226,-0.699
-0.128,-0.517
-0.404,-0.435
-2.409,-0.473
0.433,-1.901
1.601,-2.997
0.603,0.584
1.378,-3.228
-0.42,0.989
-0.148,3.111
-0.076,2.674
-0.147,3.155
-0.126,0.256
-0.207,2.842
-0.173,2.337
-0.236,2.938
-0.373,2.131
-0.334,0.263
-0.373,2.949
-0.481,1.953
-0.488,0.418
-0.5,2.142
-0.431,0.086
-0.625,2.777
-0.734,1.917
-0.868,3.706
-0.85,2.642
-0.866,3.168
-0.875,0.061
-0.972,1.807
-0.931,2.942
-0.953,2.743
-1.11,1.54
-1.104,2.932
-1.549,3.29
-1.566,1.414
-1.543,2.085
-1.642,0.111
-1.558,2.53
-1.663,2.116
-1.811,2.402
-1.773,2.544
-1.828,3.592
-1.883,1.662
-1.961,2.076
-1.942,3.92
-1.968,2.154
-2.03,0.796
-2.108,0.032
-2.197,2.395
-2.265,3.108
-2.3,1.783
-2.375,1.038
-2.295,2.877
-2.364,0.095
-2.386,1.837
-2.422,3.404
-2.379,1.106
-2.412,1.064
-2.496,3.613
-2.547,3.62
-2.493,2.164
-2.568,0.889
-2.507,1.638
-2.65,3.493
-2.721,0.754
-2.742,3.839
-2.719,1.558
-2.781,1.349
-2.745,2.949
-2.832,0.206
-2.786,2.218
-2.81,1.158
-2.801,3.271
-2.939,0.643
-3.041,1.86
-3.08,2.847
-3.059,0.176
-3.107,2.744
-3.129,3.06
3.085,0.185
3.062,2.151
3.022,1.522
3.019,2.156
3.014,3.1
3.017,1.399
2.947,0.279
2.925,1.427
2.754,1.834
2.704,2.113
2.659,3.205
2.561,2.815
2.549,2.994
2.45,2.056
2.478,1.384
2.459,2.165
2.468,2.069
2.387,3.803
2.346,2.499
2.333,1.665
2.292,2.022
2.174,0.855
2.23,1.312
2.227,-0.034
2.154,2.653
2.1,1.686
2.038,2.247
2.11,2.136
2.101,-0.024
2.041,3.449
1.921,2.759
1.863,2.529
1.832,0.737
1.733,3.584
1.546,2.299
1.349,0.908
1.323,1.14
1.279,2.613
1.267,2.425
1.294,2.993
1.274,1.834
1.129,2.679
1.122,2.396
1.041,3.65
0.974,2.163
0.914,0.505
0.972,2.212
0.791,1.09
0.651,1.031
0.509,0.047
0.513,2.909
0.496,1.931
0.465,0.655
0.453,2.606
0.368,2.074
0.34,0.684
0.306,2.771
0.349,2.5
0.311,2.409
0.239,2.373
0.311,0.003
0.313,0.081
0.227,2.521
0.205,0.056
0.195,1.599
0.203,2.251
0.181,2.751
0.108,2.715
0.145,2.632
-0.293,-0.157
-0.78,-0.436
-2.436,-0.105
-2.805,-0.214
3.116,-0.217
2.931,-0.278
2.749,-0.263
2.508,-0.151
2.313,-0.343
1.696,-0.181
1.44,-0.382
0.718,-0.456
0.639,-0.364
0.483,-0.313
0.356,-0.423
0.262,-0.151
0.038,4.246
-0.123,4.176
-0.169,3.995
-0.191,4.044
-0.106,4.114
-0.352,4.099
-1.094,4.181
-1.637,4.195
-1.63,4.206
-1.682,4.052
-1.886,4.032
-1.822,4.154
-2.704,4.015
-2.756,3.978
-2.798,3.962
-2.908,4.035
3.011,4.141
2.378,4.218
2.036,3.944
1.841,4.027
1.783,4.335
1.579,4.445
1.273,4.019
1.044,4.425
0.863,4.042
0.123,4.187
0.067,4.251
0.046,2.669
-0.002,1.306
-0.056,0.583
-0.004,1.418
-0.145,0.592
-0.339,2.585
-0.465,3.875
-0.579,3.847
-2.143,3.687
-2.714,1.186
1.759,3.275
1.176,3.324
0.176,2.372
0.027,3.821
-0.026,0.068
-0.036,2.786
0.068,-0.084
-0.035,0.382
0.053,2.404
-0.128,-0.087
0.002,3.734
-0.137,0.708
-0.133,1.333
-0.046,1.403
-0.089,3.546
-0.215,2.654
-0.329,2.928
-0.286,3.273
-0.495,1.515
-0.577,2.871
-0.504,3.488
-0.549,3.492
-0.561,1.924
-0.665,3.567
-0.702,2.829
-0.596,1.368
-0.769,1.224
-0.916,3.883
-0.781,-0.025
-1.013,2.978
-0.912,0.013
-1.1,3.184
-0.991,0.778
-1.036,1.281
-1.216,2.531
-1.201,3.211
-1.218,3.671
-1.515,2.589
-1.552,0.21
-1.56,1.483
-1.669,1.367
-1.744,1.655
-1.638,3.777
-1.631,3.158
-1.711,-0.045
-1.88,2.634
-1.894,3.903
-1.991,3.754
-2.009,3.775
-1.878,3.77
-1.987,0.408
-1.941,1.505
-1.99,2.628
-2.159,3.863
-2.153,1.054
-2.027,2.646
-2.108,2.302
-2.108,0.635
-2.138,3.678
-2.403,1.616
-2.473,1.534
-2.671,0.455
-2.698,3.765
-2.593,2.182
-2.602,3.038
-2.768,0.08
-2.857,1.878
-2.889,2.473
-2.794,3.837
-2.929,1.726
-2.836,3.801
-2.822,2.569
-3.021,-0.006
-3.043,1.513
-2.942,2.995
-3.013,1.973
-3.024,0.278
-3.029,3.752
3.082,0.244
-3.129,2.306
3.113,0.7
2.984,0.446
3.074,1.827
2.965,0.12
3.093,1.108
3.018,1.122
2.99,0.012
2.841,0.676
2.831,0.271
2.952,1.426
2.987,3.872
2.828,3.452
2.937,0.442
2.844,1.55
2.796,1.787
2.684,0.136
2.618,1.692
2.697,2.227
2.685,1.07
2.462,0.029
2.475,2.711
2.565,3.452
2.537,1.712
2.396,0.441
2.303,3.301
2.409,1.967
2.29,2.812
2.303,2.848
2.049,0.663
2.11,2.309
1.82,3.938
1.678,1.204
1.795,1.108
1.652,3.775
1.342,2.591
1.217,1.826
1.083,0.447
1.053,3.056
1.146,3.538
0.967,2.112
1.063,3.754
0.893,2.946
0.709,0.307
0.476,2.354
0.325,3.856
0.289,0.3
0.27,3.872
0.343,3.084
0.187,0.233
0.289,3.658
0.126,-0.244
0.093,-0.367
0.062,-0.299
-0.007,-0.354
-0.771,-0.364
-1.096,-0.322
-1.854,-0.249
-3.066,-0.254
1.494,-0.159
0.306,-0.133
-0.195,4.245
-0.247,4.361
-0.306,4.063
-0.572,4.1
-0.677,4.32
-0.674,3.997
-0.782,4.064
-1.031,4.219
-1.064,4.318
-2.537,4.207
-2.722,4.27
-2.918,4.265
2.606,4.007
2.287,4.268
2.297,4.062
1.666,4.242
0.817,3.907
0.262,4.325
0.019,1.435
2.729,2.904
0.973,3.543
0.024,3.138
0.106,0.456
0.042,2.433
-0.08,2.437
-0.188,0.741
-2.564,3.499
-2.586,1.561
2.82,1.527
2.084,2.417
1.767,2.401
0.854,0.906
0.871,3.104
0.676,2.463
0.671,2.892
0.572,3.539
0.562,2.723
0.558,1.922
0.437,0.866
0.153,2.397
-0.201,2.579
-0.477,2.661
-2.482,2.623
0.36,1.195
1.528,0.099
0.53,3.68
1.305,-0.132
-0.493,4.085
0.072,-0.437
0.001,0.044
0.022,-2.855
-0.059,-0.269
-0.025,-0.774
-0.088,-0.173
-0.225,-0.98
-0.186,-2.848
-0.225,-0.162
-0.333,-1.158
-0.34,-2.693
-0.352,-0.969
-0.283,-3.025
-0.477,-0.334
-0.586,-1.194
-0.72,0.595
-0.702,-0.469
-0.718,0.057
-0.727,-3.05
-0.824,-1.304
-0.783,-0.169
-0.805,-0.368
-0.962,-1.571
-0.956,-0.179
-1.401,0.179
-1.418,-1.697
-1.395,-1.026
-1.494,-3.0
-1.41,-0.581
-1.515,-0.995
-1.663,-0.709
-1.625,-0.567
-1.68,0.481
-1.735,-1.449
-1.813,-1.035
-1.794,0.809
-1.82,-0.957
-1.882,-2.315
-1.96,-3.079
-2.049,-0.716
-2.117,-0.003
-2.152,-1.328
-2.227,-2.073
-2.147,-0.234
-2.216,-3.016
-2.238,-1.274
-2.274,0.293
-2.231,-2.005
-2.264,-2.047
-2.348,0.502
-2.399,0.509
-2.345,-0.947
-2.42,-2.222
-2.359,-1.473
-2.502,0.382
-2.573,-2.357
-2.594,0.728
-2.571,-1.553
-2.633,-1.762
-2.597,-0.162
-2.684,-2.905
-2.638,-0.893
-2.662,-1.953
-2.653,0.16
-2.791,-2.468
-2.893,-1.251
-2.932,-0.264
-2.911,-2.935
-2.959,-0.367
-2.981,-0.051
-3.05,-2.926
-3.073,-0.96
-3.113,-1.589
-3.116,-0.955
-3.121,-0.011
-3.118,-1.712
3.095,-2.832
3.073,-1.684
2.902,-1.277
2.852,-0.998
2.807,0.094
2.709,-0.296
2.697,-0.117
2.598,-1.055
2.626,-1.727
2.607,-0.946
2.616,-1.042
2.535,0.692
2.494,-0.612
2.481,-1.446
2.44,-1.089
2.322,-2.256
2.378,-1.799
2.375,-3.145
2.302,-0.458
2.248,-1.425
2.186,-0.864
2.258,-0.975
2.249,-3.135
2.189,0.338
2.069,-0.352
2.011,-0.582
1.98,-2.374
1.881,0.473
1.694,-0.812
1.497,-2.203
1.471,-1.971
1.427,-0.498
1.415,-0.686
1.442,-0.118
1.422,-1.277
1.277,-0.432
1.27,-0.715
1.189,0.539
1.122,-0.948
1.062,-2.606
1.12,-0.899
0.939,-2.021
0.799,-2.08
0.657,-3.064
0.661,-0.202
0.644,-1.18
0.613,-2.456
0.601,-0.505
0.516,-1.037
0.488,-2.427
0.454,-0.34
0.497,-0.611
0.459,-0.702
0.387,-0.738
0.459,-3.108
0.461,-3.03
0.375,-0.59
0.353,-3.055
0.343,-1.512
0.351,-0.86
0.329,-0.36
0.256,-0.396
0.293,-0.479
-0.145,-3.268
-0.632,-3.547
-2.288,-3.216
-2.657,-3.325
-3.019,-3.328
3.079,-3.389
2.897,-3.374
2.656,-3.262
2.461,-3.454
1.844,-3.292
1.588,-3.493
0.866,-3.567
0.787,-3.475
0.631,-3.424
0.504,-3.534
0.41,-3.262
0.186,1.135
0.025,1.065
-0.021,0.884
-0.043,0.933
0.042,1.003
-0.204,0.988
-0.946,1.07
-1.489,1.084
-1.482,1.095
-1.534,0.941
-1.738,0.921
-1.674,1.043
-2.556,0.904
-2.608,0.867
-2.65,0.851
-2.76,0.924
-3.124,1.03
2.526,1.107
2.184,0.833
1.989,0.916
1.931,1.224
1.727,1.334
1.421,0.908
1.192,1.314
1.011,0.931
0.271,1.076
0.215,1.14
0.194,-0.442
0.146,-1.805
0.092,-2.528
0.144,-1.693
0.003,-2.519
-0.191,-0.526
-0.317,0.764
-0.431,0.736
-1.995,0.576
-2.566,-1.925
1.907,0.164
1.324,0.213
0.324,-0.739
0.175,0.71
0.122,-3.043
0.112,-0.325
0.216,-3.195
0.113,-2.729
0.201,-0.707
0.02,-3.198
0.15,0.623
0.011,-2.403
0.015,-1.778
0.102,-1.708
0.059,0.435
-0.067,-0.457
-0.181,-0.183
-0.138,0.162
-0.347,-1.596
-0.429,-0.24
-0.356,0.377
-0.401,0.381
-0.413,-1.187
-0.517,0.456
-0.554,-0.282
-0.448,-1.743
-0.621,-1.887
-0.768,0.772
-0.633,-3.136
-0.865,-0.133
-0.764,-3.098
-0.952,0.073
-0.843,-2.333
-0.888,-1.83
-1.068,-0.58
-1.053,0.1
-1.07,0.56
-1.367,-0.522
-1.404,-2.901
-1.412,-1.628
-1.521,-1.744
-1.596,-1.456
-1.49,0.666
-1.483,0.047
-1.563,-3.156
-1.732,-0.477
-1.746,0.792
-1.843,0.643
-1.861,0.664
-1.73,0.659
-1.839,-2.703
-1.793,-1.606
-1.842,-0.483
-2.011,0.752
-2.005,-2.057
-1.879,-0.465
-1.96,-0.809
-1.96,-2.476
-1.99,0.567
-2.255,-1.495
-2.325,-1.577
-2.523,-2.656
-2.55,0.654
-2.445,-0.929
-2.454,-0.073
-2.62,-3.031
-2.709,-1.233
-2.741,-0.638
-2.646,0.726
-2.781,-1.385
-2.688,0.69
-2.674,-0.542
-2.873,-3.117
-2.895,-1.598
-2.794,-0.116
-2.865,-1.138
-2.876,-2.833
-2.881,0.641
-3.053,-2.867
-2.981,-0.805
-3.022,-2.411
3.132,-2.665
-3.061,-1.284
3.113,-2.991
-3.042,-2.003
-3.117,-1.989
3.138,-3.099
2.989,-2.435
2.979,-2.84
3.1,-1.685
3.135,0.761
2.976,0.341
3.085,-2.669
2.992,-1.561
2.944,-1.324
2.832,-2.975
2.766,-1.419
2.845,-0.884
2.833,-2.041
2.61,-3.082
2.623,-0.4
2.713,0.341
2.685,-1.399
2.544,-2.67
2.451,0.19
2.557,-1.144
2.438,-0.299
2.451,-0.263
2.197,-2.448
2.258,-0.802
1.968,0.827
1.826,-1.907
1.943,-2.003
1.8,0.664
1.49,-0.52
1.365,-1.285
1.231,-2.664
1.201,-0.055
1.294,0.427
1.115,-0.999
1.211,0.643
1.041,-0.165
0.857,-2.804
0.624,-0.757
0.473,0.745
0.437,-2.811
0.418,0.761
0.491,-0.027
0.335,-2.878
0.437,0.547
0.274,-3.355
0.241,-3.478
0.21,-3.41
0.141,-3.465
-0.623,-3.475
-0.948,-3.433
-1.706,-3.36
-2.918,-3.365
1.642,-3.27
0.454,-3.244
-0.047,1.134
-0.099,1.25
-0.158,0.952
-0.424,0.989
-0.529,1.209
-0.526,0.886
-0.634,0.953
-0.883,1.108
-0.916,1.207
-2.389,1.096
-2.574,1.159
-2.77,1.154
2.754,0.896
2.435,1.157
2.445,0.951
1.814,1.131
0.965,0.796
0.41,1.214
0.167,-1.676
2.877,-0.207
1.121,0.432
0.172,0.027
0.254,-2.655
0.19,-0.678
0.068,-0.674
-0.04,-2.37
-2.416,0.388
-2.438,-1.55
2.968,-1.584
2.232,-0.694
1.915,-0.71
1.002,-2.205
1.019,-0.007
0.824,-0.648
0.819,-0.219
0.72,0.428
0.71,-0.388
0.706,-1.189
0.585,-2.245
0.301,-0.714
-0.053,-0.532
-0.329,-0.45
-2.334,-0.488
0.508,-1.916
1.676,-3.012
0.678,0.569
1.453,-3.243
-0.345,0.974
-0.071,0.481
-0.05,-2.418
-0.131,0.168
-0.097,-0.337
-0.16,0.264
-0.297,-0.543
-0.258,-2.411
-0.297,0.275
-0.405,-0.721
-0.412,-2.256
-0.424,-0.532
-0.355,-2.588
-0.549,0.103
-0.658,-0.757
-0.792,1.032
-0.774,-0.032
-0.79,0.494
-0.799,-2.613
-0.896,-0.867
-0.855,0.268
-0.877,0.069
-1.034,-1.134
-1.028,0.258
-1.473,0.616
-1.49,-1.26
-1.467,-0.589
-1.566,-2.563
-1.482,-0.144
-1.587,-0.558
-1.735,-0.272
-1.697,-0.13
-1.752,0.918
-1.807,-1.012
-1.885,-0.598
-1.866,1.246
-1.892,-0.52
-1.954,-1.878
-2.032,-2.642
-2.121,-0.279
-2.189,0.434
-2.224,-0.891
-2.299,-1.636
-2.219,0.203
-2.288,-2.579
-2.31,-0.837
-2.346,0.73
-2.303,-1.568
-2.336,-1.61
-2.42,0.939
-2.471,0.946
-2.417,-0.51
-2.492,-1.785
-2.431,-1.036
-2.574,0.819
-2.645,-1.92
-2.666,1.165
-2.643,-1.116
-2.705,-1.325
-2.669,0.275
-2.756,-2.468
-2.71,-0.456
-2.734,-1.516
-2.725,0.597
-2.863,-2.031
-2.965,-0.814
-3.004,0.173
-2.983,-2.498
-3.031,0.07
-3.053,0.386
-3.122,-2.489
3.138,-0.523
3.098,-1.152
3.095,-0.518
3.09,0.426
3.093,-1.275
3.023,-2.395
3.001,-1.247
2.83,-0.84
2.78,-0.561
2.735,0.531
2.637,0.141
2.625,0.32
2.526,-0.618
2.554,-1.29
2.535,-0.509
2.544,-0.605
2.463,1.129
2.422,-0.175
2.409,-1.009
2.368,-0.652
2.25,-1.819
2.306,-1.362
2.303,-2.708
2.23,-0.021
2.176,-0.988
2.114,-0.427
2.186,-0.538
2.177,-2.698
2.117,0.775
1.997,0.085
1.939,-0.145
1.908,-1.937
1.809,0.91
1.622,-0.375
1.425,-1.766
1.399,-1.534
1.355,-0.061
1.343,-0.249
1.37,0.319
1.35,-0.84
1.205,0.005
1.198,-0.278
1.117,0.976
1.05,-0.511
0.99,-2.169
1.048,-0.462
0.867,-1.584
0.727,-1.643
0.585,-2.627
0.589,0.235
0.572,-0.743
0.541,-2.019
0.529,-0.068
0.444,-0.6
0.416,-1.99
0.382,0.097
0.425,-0.174
0.387,-0.265
0.315,-0.301
0.387,-2.671
0.389,-2.593
0.303,-0.153
0.281,-2.618
0.271,-1.075
0.279,-0.423
0.257,0.077
0.184,0.041
0.221,-0.042
-0.217,-2.831
-0.704,-3.11
-2.36,-2.779
-2.729,-2.888
-3.091,-2.891
3.007,-2.952
2.825,-2.937
2.584,-2.825
2.389,-3.017
1.772,-2.855
1.516,-3.056
0.794,-3.13
0.715,-3.038
0.559,-2.987
0.432,-3.097
0.338,-2.825
0.114,1.572
-0.047,1.502
-0.093,1.321
-0.115,1.37
-0.03,1.44
-0.276,1.425
-1.018,1.507
-1.561,1.521
-1.554,1.532
-1.606,1.378
-1.81,1.358
-1.746,1.48
-2.628,1.341
-2.68,1.304
-2.722,1.288
-2.832,1.361
3.087,1.467
2.454,1.544
2.112,1.27
1.917,1.353
1.859,1.661
1.655,1.771
1.349,1.345
1.12,1.751
0.939,1.368
0.199,1.513
0.143,1.577
0.122,-0.005
0.074,-1.368
0.02,-2.091
0.072,-1.256
-0.069,-2.082
-0.263,-0.089
-0.389,1.201
-0.503,1.173
-2.067,1.013
-2.638,-1.488
1.835,0.601
1.252,0.65
0.252,-0.302
0.103,1.147
0.05,-2.606
0.04,0.112
0.144,-2.758
0.041,-2.292
0.129,-0.27
-0.052,-2.761
0.078,1.06
-0.061,-1.966
-0.057,-1.341
0.03,-1.271
-0.013,0.872
-0.139,-0.02
-0.253,0.254
-0.21,0.599
-0.419,-1.159
-0.501,0.197
-0.428,0.814
-0.473,0.818
-0.485,-0.75
-0.589,0.893
-0.626,0.155
-0.52,-1.306
-0.693,-1.45
-0.84,1.209
-0.705,-2.699
-0.937,0.304
-0.836,-2.661
-1.024,0.51
-0.915,-1.896
-0.96,-1.393
-1.14,-0.143
-1.125,0.537
-1.142,0.997
-1.439,-0.085
-1.476,-2.464
-1.484,-1.191
-1.593,-1.307
-1.668,-1.019
-1.562,1.103
-1.555,0.484
-1.635,-2.719
-1.804,-0.04
-1.818,1.229
-1.915,1.08
-1.933,1.101
-1.802,1.096
-1.911,-2.266
-1.865,-1.169
-1.914,-0.046
-2.083,1.189
-2.077,-1.62
-1.951,-0.028
-2.032,-0.372
-2.032,-2.039
-2.062,1.004
-2.327,-1.058
-2.397,-1.14
-2.595,-2.219
-2.622,1.091
-2.517,-0.492
-2.526,0.364
-2.692,-2.594
-2.781,-0.796
-2.813,-0.201
-2.718,1.163
-2.853,-0.948
-2.76,1.127
-2.746,-0.105
-2.945,-2.68
-2.967,-1.161
-2.866,0.321
-2.937,-0.701
-2.948,-2.396
-2.953,1.078
-3.125,-2.43
-3.053,-0.368
-3.094,-1.974
3.06,-2.228
-3.133,-0.847
3.041,-2.554
-3.114,-1.566
3.094,-1.552
3.066,-2.662
2.917,-1.998
2.907,-2.403
3.028,-1.248
3.063,1.198
2.904,0.778
3.013,-2.232
2.92,-1.124
2.872,-0.887
2.76,-2.538
2.694,-0.982
2.773,-0.447
2.761,-1.604
2.538,-2.645
2.551,0.037
2.641,0.778
2.613,-0.962
2.472,-2.233
2.379,0.627
2.485,-0.707
2.366,0.138
2.379,0.174
2.125,-2.011
2.186,-0.365
1.896,1.264
1.754,-1.47
1.871,-1.566
1.728,1.101
1.418,-0.083
1.293,-0.848
1.159,-2.227
1.129,0.382
1.222,0.864
1.043,-0.562
1.139,1.08
0.969,0.272
0.785,-2.367
0.552,-0.32
0.401,1.182
0.365,-2.374
0.346,1.198
0.419,0.41
0.263,-2.441
0.365,0.984
0.202,-2.918
0.169,-3.041
0.138,-2.973
0.069,-3.028
-0.695,-3.038
-1.02,-2.996
-1.778,-2.923
-2.99,-2.928
1.57,-2.833
0.382,-2.807
-0.119,1.571
-0.171,1.687
-0.23,1.389
-0.496,1.426
-0.601,1.646
-0.598,1.323
-0.706,1.39
-0.955,1.545
-0.988,1.644
-2.461,1.533
-2.646,1.596
-2.842,1.591
2.682,1.333
2.363,1.594
2.373,1.388
1.742,1.568
0.893,1.233
0.338,1.651
0.095,-1.239
2.805,0.23
1.049,0.869
0.1,0.464
0.182,-2.218
0.118,-0.241
-0.004,-0.237
-0.112,-1.933
-2.488,0.825
-2.51,-1.113
2.896,-1.147
2.16,-0.257
1.843,-0.273
0.93,-1.768
0.947,0.43
0.752,-0.211
0.747,0.218
0.648,0.865
0.638,0.049
0.634,-0.752
0.513,-1.808
0.229,-0.277
-0.125,-0.095
-0.401,-0.013
-2.406,-0.051
0.436,-1.479
1.604,-2.575
0.606,1.006
1.381,-2.806
-0.417,1.411
0.021,-2.899
-0.06,-0.313
-0.026,-0.818
-0.089,-0.217
-0.226,-1.024
-0.187,-2.892
-0.226,-0.206
-0.334,-1.202
-0.341,-2.737
-0.353,-1.013
-0.284,-3.069
-0.478,-0.378
-0.587,-1.238
-0.721,0.551
-0.703,-0.513
-0.719,0.013
-0.728,-3.094
-0.825,-1.348
-0.784,-0.213
-0.806,-0.412
-0.963,-1.615
-0.957,-0.223
-1.402,0.135
-1.419,-1.741
-1.396,-1.07
-1.495,-3.044
-1.411,-0.625
-1.516,-1.039
-1.664,-0.753
-1.626,-0.611
-1.681,0.437
-1.736,-1.493
-1.814,-1.079
-1.795,0.765
-1.821,-1.001
-1.883,-2.359
-1.961,-3.123
-2.05,-0.76
-2.118,-0.047
-2.153,-1.372
-2.228,-2.117
-2.148,-0.278
-2.217,-3.06
-2.239,-1.318
-2.275,0.249
-2.232,-2.049
-2.265,-2.091
-2.349,0.458
-2.4,0.465
-2.346,-0.991
-2.421,-2.266
-2.36,-1.517
-2.503,0.338
-2.574,-2.401
-2.595,0.684
-2.572,-1.597
-2.634,-1.806
-2.598,-0.206
-2.685,-2.949
-2.639,-0.937
-2.663,-1.997
-2.654,0.116
-2.792,-2.512
-2.894,-1.295
-2.933,-0.308
-2.912,-2.979
-2.96,-0.411
-2.982,-0.095
-3.051,-2.97
-3.074,-1.004
-3.114,-1.633
-3.117,-0.999
-3.122,-0.055
-3.119,-1.756
3.094,-2.876
3.072,-1.728
2.901,-1.321
2.851,-1.042
2.806,0.05
2.708,-0.34
2.696,-0.161
2.597,-1.099
2.625,-1.771
2.606,-0.99
2.615,-1.086
2.534,0.648
2.493,-0.656
2.48,-1.49
2.439,-1.133
2.321,-2.3
2.377,-1.843
2.374,-3.189
2.301,-0.502
2.247,-1.469
2.185,-0.908
2.257,-1.019
2.248,-3.179
2.188,0.294
2.068,-0.396
2.01,-0.626
1.979,-2.418
1.88,0.429
1.693,-0.856
1.496,-2.247
1.47,-2.015
1.426,-0.542
1.414,-0.73
1.441,-0.162
1.421,-1.321
1.276,-0.476
1.269,-0.759
1.188,0.495
1.121,-0.992
1.061,-2.65
1.119,-0.943
0.938,-2.065
0.798,-2.124
0.656,-3.108
0.66,-0.246
0.643,-1.224
0.612,-2.5
0.6,-0.549
0.515,-1.081
0.487,-2.471
0.453,-0.384
0.496,-0.655
0.458,-0.746
0.386,-0.782
0.458,-3.152
0.46,-3.074
0.374,-0.634
0.352,-3.099
0.342,-1.556
0.35,-0.904
0.328,-0.404
0.255,-0.44
0.292,-0.523
-0.146,-3.312
-0.633,-3.591
-2.289,-3.26
-2.658,-3.369
-3.02,-3.372
3.078,-3.433
2.896,-3.418
2.655,-3.306
2.46,-3.498
1.843,-3.336
1.587,-3.537
0.865,-3.611
0.786,-3.519
0.63,-3.468
0.503,-3.578
0.409,-3.306
0.185,1.091
0.024,1.021
-0.022,0.84
-0.044,0.889
0.041,0.959
-0.205,0.944
-0.947,1.026
-1.49,1.04
-1.483,1.051
-1.535,0.897
-1.739,0.877
-1.675,0.999
-2.557,0.86
-2.609,0.823
-2.651,0.807
-2.761,0.88
-3.125,0.986
2.525,1.063
2.183,0.789
1.988,0.872
1.93,1.18
1.726,1.29
1.42,0.864
1.191,1.27
1.01,0.887
0.27,1.032
0.214,1.096
0.193,-0.486
0.145,-1.849
0.091,-2.572
0.143,-1.737
0.002,-2.563
-0.192,-0.57
-0.318,0.72
-0.432,0.692
-1.996,0.532
-2.567,-1.969
1.906,0.12
1.323,0.169
0.323,-0.783
0.174,0.666
0.121,-3.087
0.111,-0.369
0.215,-3.239
0.112,-2.773
0.2,-0.751
0.019,-3.242
0.149,0.579
0.01,-2.447
0.014,-1.822
0.101,-1.752
0.058,0.391
-0.068,-0.501
-0.182,-0.227
-0.139,0.118
-0.348,-1.64
-0.43,-0.284
-0.357,0.333
-0.402,0.337
-0.414,-1.231
-0.518,0.412
-0.555,-0.326
-0.449,-1.787
-0.622,-1.931
-0.769,0.728
-0.634,-3.18
-0.866,-0.177
-0.765,-3.142
-0.953,0.029
-0.844,-2.377
-0.889,-1.874
-1.069,-0.624
-1.054,0.056
-1.071,0.516
-1.368,-0.566
-1.405,-2.945
-1.413,-1.672
-1.522,-1.788
-1.597,-1.5
-1.491,0.622
-1.484,0.003
-1.564,-3.2
-1.733,-0.521
-1.747,0.748
-1.844,0.599
-1.862,0.62
-1.731,0.615
-1.84,-2.747
-1.794,-1.65
-1.843,-0.527
-2.012,0.708
-2.006,-2.101
-1.88,-0.509
-1.961,-0.853
-1.961,-2.52
-1.991,0.523
-2.256,-1.539
-2.326,-1.621
-2.524,-2.7
-2.551,0.61
-2.446,-0.973
-2.455,-0.117
-2.621,-3.075
-2.71,-1.277
-2.742,-0.682
-2.647,0.682
-2.782,-1.429
-2.689,0.646
-2.675,-0.586
-2.874,-3.161
-2.896,-1.642
-2.795,-0.16
-2.866,-1.182
-2.877,-2.877
-2.882,0.597
-3.054,-2.911
-2.982,-0.849
-3.023,-2.455
3.131,-2.709
-3.062,-1.328
3.112,-3.035
-3.043,-2.047
-3.118,-2.033
3.137,-3.143
2.988,-2.479
2.978,-2.884
3.099,-1.729
3.134,0.717
2.975,0.297
3.084,-2.713
2.991,-1.605
2.943,-1.368
2.831,-3.019
2.765,-1.463
2.844,-0.928
2.832,-2.085
2.609,-3.126
2.622,-0.444
2.712,0.297
2.684,-1.443
2.543,-2.714
2.45,0.146
2.556,-1.188
2.437,-0.343
2.45,-0.307
2.196,-2.492
2.257,-0.846
1.967,0.783
1.825,-1.951
1.942,-2.047
1.799,0.62
1.489,-0.564
1.364,-1.329
1.23,-2.708
1.2,-0.099
1.293,0.383
1.114,-1.043
1.21,0.599
1.04,-0.209
0.856,-2.848
0.623,-0.801
0.472,0.701
0.436,-2.855
0.417,0.717
0.49,-0.071
0.334,-2.922
0.436,0.503
0.273,-3.399
0.24,-3.522
0.209,-3.454
0.14,-3.509
-0.624,-3.519
-0.949,-3.477
-1.707,-3.404
-2.919,-3.409
1.641,-3.314
0.453,-3.288
-0.048,1.09
-0.1,1.206
-0.159,0.908
-0.425,0.945
-0.53,1.165
-0.527,0.842
-0.635,0.909
-0.884,1.064
-0.917,1.163
-2.39,1.052
-2.575,1.115
-2.771,1.11
2.753,0.852
2.434,1.113
2.444,0.907
1.813,1.087
0.964,0.752
0.409,1.17
0.166,-1.72
2.876,-0.251
1.12,0.388
0.171,-0.017
0.253,-2.699
0.189,-0.722
0.067,-0.718
-0.041,-2.414
-2.417,0.344
-2.439,-1.594
2.967,-1.628
2.231,-0.738
1.914,-0.754
1.001,-2.249
1.018,-0.051
0.823,-0.692
0.818,-0.263
0.719,0.384
0.709,-0.432
0.705,-1.233
0.584,-2.289
0.3,-0.758
-0.054,-0.576
-0.33,-0.494
-2.335,-0.532
0.507,-1.96
1.675,-3.056
0.677,0.525
1.452,-3.287
-0.346,0.93
-0.081,2.586
-0.047,2.081
-0.11,2.682
-0.247,1.875
-0.208,0.007
-0.247,2.693
-0.355,1.697
-0.362,0.162
-0.374,1.886
-0.305,-0.17
-0.499,2.521
-0.608,1.661
-0.742,3.45
-0.724,2.386
-0.74,2.912
-0.749,-0.195
-0.846,1.551
-0.805,2.686
-0.827,2.487
-0.984,1.284
-0.978,2.676
-1.423,3.034
-1.44,1.158
-1.417,1.829
-1.516,-0.145
-1.432,2.274
-1.537,1.86
-1.685,2.146
-1.647,2.288
-1.702,3.336
-1.757,1.406
-1.835,1.82
-1.816,3.664
-1.842,1.898
-1.904,0.54
-1.982,-0.224
-2.071,2.139
-2.139,2.852
-2.174,1.527
-2.249,0.782
-2.169,2.621
-2.238,-0.161
-2.26,1.581
-2.296,3.148
-2.253,0.85
-2.286,0.808
-2.37,3.357
-2.421,3.364
-2.367,1.908
-2.442,0.633
-2.381,1.382
-2.524,3.237
-2.595,0.498
-2.616,3.583
-2.593,1.302
-2.655,1.093
-2.619,2.693
-2.706,-0.05
-2.66,1.962
-2.684,0.902
-2.675,3.015
-2.813,0.387
-2.915,1.604
-2.954,2.591
-2.933,-0.08
-2.981,2.488
-3.003,2.804
-3.072,-0.071
-3.095,1.895
-3.135,1.266
-3.138,1.9
3.14,2.844
-3.14,1.143
3.073,0.023
3.051,1.171
2.88,1.578
2.83,1.857
2.785,2.949
2.687,2.559
2.675,2.738
2.576,1.8
2.604,1.128
2.585,1.909
2.594,1.813
2.513,3.547
2.472,2.243
2.459,1.409
2.418,1.766
2.3,0.599
2.356,1.056
2.353,-0.29
2.28,2.397
2.226,1.43
2.164,1.991
2.236,1.88
2.227,-0.28
2.167,3.193
2.047,2.503
1.989,2.273
1.958,0.481
1.859,3.328
1.672,2.043
1.475,0.652
1.449,0.884
1.405,2.357
1.393,2.169
1.42,2.737
1.4,1.578
1.255,2.423
1.248,2.14
1.167,3.394
1.1,1.907
1.04,0.249
1.098,1.956
0.917,0.834
0.777,0.775
0.635,-0.209
0.639,2.653
0.622,1.675
0.591,0.399
0.579,2.35
0.494,1.818
0.466,0.428
0.432,2.515
0.475,2.244
0.437,2.153
0.365,2.117
0.437,-0.253
0.439,-0.175
0.353,2.265
0.331,-0.2
0.321,1.343
0.329,1.995
0.307,2.495
0.234,2.459
0.271,2.376
-0.167,-0.413
-0.654,-0.692
-2.31,-0.361
-2.679,-0.47
-3.041,-0.473
3.057,-0.534
2.875,-0.519
2.634,-0.407
2.439,-0.599
1.822,-0.437
1.566,-0.638
0.844,-0.712
0.765,-0.62
0.609,-0.569
0.482,-0.679
0.388,-0.407
0.164,3.99
0.003,3.92
-0.043,3.739
-0.065,3.788
0.02,3.858
-0.226,3.843
-0.968,3.925
-1.511,3.939
-1.504,3.95
-1.556,3.796
-1.76,3.776
-1.696,3.898
-2.578,3.759
-2.63,3.722
-2.672,3.706
-2.782,3.779
3.137,3.885
2.504,3.962
2.162,3.688
1.967,3.771
1.909,4.079
1.705,4.189
1.399,3.763
1.17,4.169
0.989,3.786
0.249,3.931
0.193,3.995
0.172,2.413
0.124,1.05
0.07,0.327
0.122,1.162
-0.019,0.336
-0.213,2.329
-0.339,3.619
-0.453,3.591
-2.017,3.431
-2.588,0.93
1.885,3.019
1.302,3.068
0.302,2.116
0.153,3.565
0.1,-0.188
0.09,2.53
0.194,-0.34
0.091,0.126
0.179,2.148
-0.002,-0.343
0.128,3.478
-0.011,0.452
-0.007,1.077
0.08,1.147
0.037,3.29
-0.089,2.398
-0.203,2.672
-0.16,3.017
-0.369,1.259
-0.451,2.615
-0.378,3.232
-0.423,3.236
-0.435,1.668
-0.539,3.311
-0.576,2.573
-0.47,1.112
-0.643,0.968
-0.79,3.627
-0.655,-0.281
-0.887,2.722
-0.786,-0.243
-0.974,2.928
-0.865,0.522
-0.91,1.025
-1.09,2.275
-1.075,2.955
-1.092,3.415
-1.389,2.333
-1.426,-0.046
-1.434,1.227
-1.543,1.111
-1.618,1.399
-1.512,3.521
-1.505,2.902
-1.585,-0.301
-1.754,2.378
-1.768,3.647
-1.865,3.498
-1.883,3.519
-1.752,3.514
-1.861,0.152
-1.815,1.249
-1.864,2.372
-2.033,3.607
-2.027,0.798
-1.901,2.39
-1.982,2.046
-1.982,0.379
-2.012,3.422
-2.277,1.36
-2.347,1.278
-2.545,0.199
-2.572,3.509
-2.467,1.926
-2.476,2.782
-2.642,-0.176
-2.731,1.622
-2.763,2.217
-2.668,3.581
-2.803,1.47
-2.71,3.545
-2.696,2.313
-2.895,-0.262
-2.917,1.257
-2.816,2.739
-2.887,1.717
-2.898,0.022
-2.903,3.496
-3.075,-0.012
-3.003,2.05
-3.044,0.444
3.11,0.19
-3.083,1.571
3.091,-0.136
-3.064,0.852
-3.139,0.866
3.116,-0.244
2.967,0.42
2.957,0.015
3.078,1.17
3.113,3.616
2.954,3.196
3.063,0.186
2.97,1.294
2.922,1.531
2.81,-0.12
2.744,1.436
2.823,1.971
2.811,0.814
2.588,-0.227
2.601,2.455
2.691,3.196
2.663,1.456
2.522,0.185
2.429,3.045
2.535,1.711
2.416,2.556
2.429,2.592
2.175,0.407
2.236,2.053
1.946,3.682
1.804,0.948
1.921,0.852
1.778,3.519
1.468,2.335
1.343,1.57
1.209,0.191
1.179,2.8
1.272,3.282
1.093,1.856
1.189,3.498
1.019,2.69
0.835,0.051
0.602,2.098
0.451,3.6
0.415,0.044
0.396,3.616
0.469,2.828
0.313,-0.023
0.415,3.402
0.252,-0.5
0.219,-0.623
0.188,-0.555
0.119,-0.61
-0.645,-0.62
-0.97,-0.578
-1.728,-0.505
-2.94,-0.51
1.62,-0.415
0.432,-0.389
-0.069,3.989
-0.121,4.105
-0.18,3.807
-0.446,3.844
-0.551,4.064
-0.548,3.741
-0.656,3.808
-0.905,3.963
-0.938,4.062
-2.411,3.951
-2.596,4.014
-2.792,4.009
2.732,3.751
2.413,4.012
2.423,3.806
1.792,3.986
0.943,3.651
0.388,4.069
0.145,1.179
2.855,2.648
1.099,3.287
0.15,2.882
0.232,0.2
0.168,2.177
0.046,2.181
-0.062,0.485
-2.438,3.243
-2.46,1.305
2.946,1.271
2.21,2.161
1.893,2.145
0.98,0.65
0.997,2.848
0.802,2.207
0.797,2.636
0.698,3.283
0.688,2.467
0.684,1.666
0.563,0.61
0.279,2.141
-0.075,2.323
-0.351,2.405
-2.356,2.367
0.486,0.939
1.654,-0.157
0.656,3.424
1.431,-0.388
-0.367,3.829
0.034,-0.505
-0.029,0.096
-0.166,-0.711
-0.127,-2.579
-0.166,0.107
-0.274,-0.889
-0.281,-2.424
-0.293,-0.7
-0.224,-2.756
-0.418,-0.065
-0.527,-0.925
-0.661,0.864
-0.643,-0.2
-0.659,0.326
-0.668,-2.781
-0.765,-1.035
-0.724,0.1
-0.746,-0.099
-0.903,-1.302
-0.897,0.09
-1.342,0.448
-1.359,-1.428
-1.336,-0.757
-1.435,-2.731
-1.351,-0.312
-1.456,-0.726
-1.604,-0.44
-1.566,-0.298
-1.621,0.75
-1.676,-1.18
-1.754,-0.766
-1.735,1.078
-1.761,-0.688
-1.823,-2.046
-1.901,-2.81
-1.99,-0.447
-2.058,0.266
-2.093,-1.059
-2.168,-1.804
-2.088,0.035
-2.157,-2.747
-2.179,-1.005
-2.215,0.562
-2.172,-1.736
-2.205,-1.778
-2.289,0.771
-2.34,0.778
-2.286,-0.678
-2.361,-1.953
-2.3,-1.204
-2.443,0.651
-2.514,-2.088
-2.535,0.997
-2.512,-1.284
-2.574,-1.493
-2.538,0.107
-2.625,-2.636
-2.579,-0.624
-2.603,-1.684
-2.594,0.429
-2.732,-2.199
-2.834,-0.982
-2.873,0.005
-2.852,-2.666
-2.9,-0.098
-2.922,0.218
-2.991,-2.657
-3.014,-0.691
-3.054,-1.32
-3.057,-0.686
-3.062,0.258
-3.059,-1.443
-3.129,-2.563
3.132,-1.415
2.961,-1.008
2.911,-0.729
2.866,0.363
2.768,-0.027
2.756,0.152
2.657,-0.786
2.685,-1.458
2.666,-0.677
2.675,-0.773
2.594,0.961
2.553,-0.343
2.54,-1.177
2.499,-0.82
2.381,-1.987
2.437,-1.53
2.434,-2.876
2.361,-0.189
2.307,-1.156
2.245,-0.595
2.317,-0.706
2.308,-2.866
2.248,0.607
2.128,-0.083
2.07,-0.313
2.039,-2.105
1.94,0.742
1.753,-0.543
1.556,-1.934
1.53,-1.702
1.486,-0.229
1.474,-0.417
1.501,0.151
1.481,-1.008
1.336,-0.163
1.329,-0.446
1.248,0.808
1.181,-0.679
1.121,-2.337
1.179,-0.63
0.998,-1.752
0.858,-1.811
0.716,-2.795
0.72,0.067
0.703,-0.911
0.672,-2.187
0.66,-0.236
0.575,-0.768
0.547,-2.158
0.513,-0.071
0.556,-0.342
0.518,-0.433
0.446,-0.469
0.518,-2.839
0.52,-2.761
0.434,-0.321
0.412,-2.786
0.402,-1.243
0.41,-0.591
0.388,-0.091
0.315,-0.127
0.352,-0.21
-0.086,-2.999
-0.573,-3.278
-2.229,-2.947
-2.598,-3.056
-2.96,-3.059
3.138,-3.12
2.956,-3.105
2.715,-2.993
2.52,-3.185
1.903,-3.023
1.647,-3.224
0.925,-3.298
0.846,-3.206
0.69,-3.155
0.563,-3.265
0.469,-2.993
0.245,1.404
0.084,1.334
0.038,1.153
0.016,1.202
0.101,1.272
-0.145,1.257
-0.887,1.339
-1.43,1.353
-1.423,1.364
-1.475,1.21
-1.679,1.19
-1.615,1.312
-2.497,1.173
-2.549,1.136
-2.591,1.12
-2.701,1.193
-3.065,1.299
2.585,1.376
2.243,1.102
2.048,1.185
1.99,1.493
1.786,1.603
1.48,1.177
1.251,1.583
1.07,1.2
0.33,1.345
0.274,1.409
0.253,-0.173
0.205,-1.536
0.151,-2.259
0.203,-1.424
0.062,-2.25
-0.132,-0.257
-0.258,1.033
-0.372,1.005
-1.936,0.845
-2.507,-1.656
1.966,0.433
1.383,0.482
0.383,-0.47
0.234,0.979
0.181,-2.774
0.171,-0.056
0.275,-2.926
0.172,-2.46
0.26,-0.438
0.079,-2.929
0.209,0.892
0.07,-2.134
0.074,-1.509
0.161,-1.439
0.118,0.704
-0.008,-0.188
-0.122,0.086
-0.079,0.431
-0.288,-1.327
-0.37,0.029
-0.297,0.646
-0.342,0.65
-0.354,-0.918
-0.458,0.725
-0.495,-0.013
-0.389,-1.474
-0.562,-1.618
-0.709,1.041
-0.574,-2.867
-0.806,0.136
-0.705,-2.829
-0.893,0.342
-0.784,-2.064
-0.829,-1.561
-1.009,-0.311
-0.994,0.369
-1.011,0.829
-1.308,-0.253
-1.345,-2.632
-1.353,-1.359
-1.462,-1.475
-1.537,-1.187
-1.431,0.935
-1.424,0.316
-1.504,-2.887
-1.673,-0.208
-1.687,1.061
-1.784,0.912
-1.802,0.933
-1.671,0.928
-1.78,-2.434
-1.734,-1.337
-1.783,-0.214
-1.952,1.021
-1.946,-1.788
-1.82,-0.196
-1.901,-0.54
-1.901,-2.207
-1.931,0.836
-2.196,-1.226
-2.266,-1.308
-2.464,-2.387
-2.491,0.923
-2.386,-0.66
-2.395,0.196
-2.561,-2.762
-2.65,-0.964
-2.682,-0.369
-2.587,0.995
-2.722,-1.116
-2.629,0.959
-2.615,-0.273
-2.814,-2.848
-2.836,-1.329
-2.735,0.153
-2.806,-0.869
-2.817,-2.564
-2.822,0.91
-2.994,-2.598
-2.922,-0.536
-2.963,-2.142
-3.092,-2.396
-3.002,-1.015
-3.111,-2.722
-2.983,-1.734
-3.058,-1.72
-3.086,-2.83
3.048,-2.166
3.038,-2.571
-3.124,-1.416
-3.089,1.03
3.035,0.61
-3.139,-2.4
3.051,-1.292
3.003,-1.055
2.891,-2.706
2.825,-1.15
2.904,-0.615
2.892,-1.772
2.669,-2.813
2.682,-0.131
2.772,0.61
2.744,-1.13
2.603,-2.401
2.51,0.459
2.616,-0.875
2.497,-0.03
2.51,0.006
2.256,-2.179
2.317,-0.533
2.027,1.096
1.885,-1.638
2.002,-1.734
1.859,0.933
1.549,-0.251
1.424,-1.016
1.29,-2.395
1.26,0.214
1.353,0.696
1.174,-0.73
1.27,0.912
1.1,0.104
0.916,-2.535
0.683,-0.488
0.532,1.014
0.496,-2.542
0.477,1.03
0.55,0.242
0.394,-2.609
0.496,0.816
0.333,-3.086
0.3,-3.209
0.269,-3.141
0.2,-3.196
-0.564,-3.206
-0.889,-3.164
-1.647,-3.091
-2.859,-3.096
1.701,-3.001
0.513,-2.975
0.012,1.403
-0.04,1.519
-0.099,1.221
-0.365,1.258
-0.47,1.478
-0.467,1.155
-0.575,1.222
-0.824,1.377
-0.857,1.476
-2.33,1.365
-2.515,1.428
-2.711,1.423
2.813,1.165
2.494,1.426
2.504,1.22
1.873,1.4
1.024,1.065
0.469,1.483
0.226,-1.407
2.936,0.062
1.18,0.701
0.231,0.296
0.313,-2.386
0.249,-0.409
0.127,-0.405
0.019,-2.101
-2.357,0.657
-2.379,-1.281
3.027,-1.315
2.291,-0.425
1.974,-0.441
1.061,-1.936
1.078,0.262
0.883,-0.379
0.878,0.05
0.779,0.697
0.769,-0.119
0.765,-0.92
0.644,-1.976
0.36,-0.445
0.006,-0.263
-0.27,-0.181
-2.275,-0.219
0.567,-1.647
1.735,-2.743
0.737,0.838
1.512,-2.974
-0.286,1.243
-0.063,0.601
-0.2,-0.206
-0.161,-2.074
-0.2,0.612
-0.308,-0.384
-0.315,-1.919
-0.327,-0.195
-0.258,-2.251
-0.452,0.44
-0.561,-0.42
-0.695,1.369
-0.677,0.305
-0.693,0.831
-0.702,-2.276
-0.799,-0.53
-0.758,0.605
-0.78,0.406
-0.937,-0.797
-0.931,0.595
-1.376,0.953
-1.393,-0.923
-1.37,-0.252
-1.469,-2.226
-1.385,0.193
-1.49,-0.221
-1.638,0.065
-1.6,0.207
-1.655,1.255
-1.71,-0.675
-1.788,-0.261
-1.769,1.583
-1.795,-0.183
-1.857,-1.541
-1.935,-2.305
-2.024,0.058
-2.092,0.771
-2.127,-0.554
-2.202,-1.299
-2.122,0.54
-2.191,-2.242
-2.213,-0.5
-2.249,1.067
-2.206,-1.231
-2.239,-1.273
-2.323,1.276
-2.374,1.283
-2.32,-0.173
-2.395,-1.448
-2.334,-0.699
-2.477,1.156
-2.548,-1.583
-2.569,1.502
-2.546,-0.779
-2.608,-0.988
-2.572,0.612
-2.659,-2.131
-2.613,-0.119
-2.637,-1.179
-2.628,0.934
-2.766,-1.694
-2.868,-0.477
-2.907,0.51
-2.886,-2.161
-2.934,0.407
-2.956,0.723
-3.025,-2.152
-3.048,-0.186
-3.088,-0.815
-3.091,-0.181
-3.096,0.763
-3.093,-0.938
3.12,-2.058
3.098,-0.91
2.927,-0.503
2.877,-0.224
2.832,0.868
2.734,0.478
2.722,0.657
2.623,-0.281
2.651,-0.953
2.632,-0.172
2.641,-0.268
2.56,1.466
2.519,0.162
2.506,-0.672
2.465,-0.315
2.347,-1.482
2.403,-1.025
2.4,-2.371
2.327,0.316
2.273,-0.651
2.211,-0.09
2.283,-0.201
2.274,-2.361
2.214,1.112
2.094,0.422
2.036,0.192
2.005,-1.6
1.906,1.247
1.719,-0.038
1.522,-1.429
1.496,-1.197
1.452,0.276
1.44,0.088
1.467,0.656
1.447,-0.503
1.302,0.342
1.295,0.059
1.214,1.313
1.147,-0.174
1.087,-1.832
1.145,-0.125
0.964,-1.247
0.824,-1.306
0.682,-2.29
0.686,0.572
0.669,-0.406
0.638,-1.682
0.626,0.269
0.541,-0.263
0.513,-1.653
0.479,0.434
0.522,0.163
0.484,0.072
0.412,0.036
0.484,-2.334
0.486,-2.256
0.4,0.184
0.378,-2.281
0.368,-0.738
0.376,-0.086
0.354,0.414
0.281,0.378
0.318,0.295
-0.12,-2.494
-0.607,-2.773
-2.263,-2.442
-2.632,-2.551
-2.994,-2.554
3.104,-2.615
2.922,-2.6
2.681,-2.488
2.486,-2.68
1.869,-2.518
1.613,-2.719
0.891,-2.793
0.812,-2.701
0.656,-2.65
0.529,-2.76
0.435,-2.488
0.211,1.909
0.05,1.839
0.004,1.658
-0.018,1.707
0.067,1.777
-0.179,1.762
-0.921,1.844
-1.464,1.858
-1.457,1.869
-1.509,1.715
-1.713,1.695
-1.649,1.817
-2.531,1.678
-2.583,1.641
-2.625,1.625
-2.735,1.698
-3.099,1.804
2.551,1.881
2.209,1.607
2.014,1.69
1.956,1.998
1.752,2.108
1.446,1.682
1.217,2.088
1.036,1.705
0.296,1.85
0.24,1.914
0.219,0.332
0.171,-1.031
0.117,-1.754
0.169,-0.919
0.028,-1.745
-0.166,0.248
-0.292,1.538
-0.406,1.51
-1.97,1.35
-2.541,-1.151
1.932,0.938
1.349,0.987
0.349,0.035
0.2,1.484
0.147,-2.269
0.137,0.449
0.241,-2.421
0.138,-1.955
0.226,0.067
0.045,-2.424
0.175,1.397
0.036,-1.629
0.04,-1.004
0.127,-0.934
0.084,1.209
-0.042,0.317
-0.156,0.591
-0.113,0.936
-0.322,-0.822
-0.404,0.534
-0.331,1.151
-0.376,1.155
-0.388,-0.413
-0.492,1.23
-0.529,0.492
-0.423,-0.969
-0.596,-1.113
-0.743,1.546
-0.608,-2.362
-0.84,0.641
-0.739,-2.324
-0.927,0.847
-0.818,-1.559
-0.863,-1.056
-1.043,0.194
-1.028,0.874
-1.045,1.334
-1.342,0.252
-1.379,-2.127
-1.387,-0.854
-1.496,-0.97
-1.571,-0.682
-1.465,1.44
-1.458,0.821
-1.538,-2.382
-1.707,0.297
-1.721,1.566
-1.818,1.417
-1.836,1.438
-1.705,1.433
-1.814,-1.929
-1.768,-0.832
-1.817,0.291
-1.986,1.526
-1.98,-1.283
-1.854,0.309
-1.935,-0.035
-1.935,-1.702
-1.965,1.341
-2.23,-0.721
-2.3,-0.803
-2.498,-1.882
-2.525,1.428
-2.42,-0.155
-2.429,0.701
-2.595,-2.257
-2.684,-0.459
-2.716,0.136
-2.621,1.5
-2.756,-0.611
-2.663,1.464
-2.649,0.232
-2.848,-2.343
-2.87,-0.824
-2.769,0.658
-2.84,-0.364
-2.851,-2.059
-2.856,1.415
-3.028,-2.093
-2.956,-0.031
-2.997,-1.637
-3.126,-1.891
-3.036,-0.51
3.138,-2.217
-3.017,-1.229
-3.092,-1.215
-3.12,-2.325
3.014,-1.661
3.004,-2.066
3.125,-0.911
-3.123,1.535
3.001,1.115
3.11,-1.895
3.017,-0.787
2.969,-0.55
2.857,-2.201
2.791,-0.645
2.87,-0.11
2.858,-1.267
2.635,-2.308
2.648,0.374
2.738,1.115
2.71,-0.625
2.569,-1.896
2.476,0.964
2.582,-0.37
2.463,0.475
2.476,0.511
2.222,-1.674
2.283,-0.028
1.993,1.601
1.851,-1.133
1.968,-1.229
1.825,1.438
1.515,0.254
1.39,-0.511
1.256,-1.89
1.226,0.719
1.319,1.201
1.14,-0.225
1.236,1.417
1.066,0.609
0.882,-2.03
0.649,0.017
0.498,1.519
0.462,-2.037
0.443,1.535
0.516,0.747
0.36,-2.104
0.462,1.321
0.299,-2.581
0.266,-2.704
0.235,-2.636
0.166,-2.691
-0.598,-2.701
-0.923,-2.659
-1.681,-2.586
-2.893,-2.591
1.667,-2.496
0.479,-2.47
-0.022,1.908
-0.074,2.024
-0.133,1.726
-0.399,1.763
-0.504,1.983
-0.501,1.66
-0.609,1.727
-0.858,1.882
-0.891,1.981
-2.364,1.87
-2.549,1.933
-2.745,1.928
2.779,1.67
2.46,1.931
2.47,1.725
1.839,1.905
0.99,1.57
0.435,1.988
0.192,-0.902
2.902,0.567
1.146,1.206
0.197,0.801
0.279,-1.881
0.215,0.096
0.093,0.1
-0.015,-1.596
-2.391,1.162
-2.413,-0.776
2.993,-0.81
2.257,0.08
1.94,0.064
1.027,-1.431
1.044,0.767
0.849,0.126
0.844,0.555
0.745,1.202
0.735,0.386
0.731,-0.415
0.61,-1.471
0.326,0.06
-0.028,0.242
-0.304,0.324
-2.309,0.286
0.533,-1.142
1.701,-2.238
0.703,1.343
1.478,-2.469
-0.32,1.748
-0.137,-0.807
-0.098,-2.675
-0.137,0.011
-0.245,-0.985
-0.252,-2.52
-0.264,-0.796
-0.195,-2.852
-0.389,-0.161
-0.498,-1.021
-0.632,0.768
-0.614,-0.296
-0.63,0.23
-0.639,-2.877
-0.736,-1.131
-0.695,0.004
-0.717,-0.195
-0.874,-1.398
-0.868,-0.006
-1.313,0.352
-1.33,-1.524
-1.307,-0.853
-1.406,-2.827
-1.322,-0.408
-1.427,-0.822
-1.575,-0.536
-1.537,-0.394
-1.592,0.654
-1.647,-1.276
-1.725,-0.862
-1.706,0.982
-1.732,-0.784
-1.794,-2.142
-1.872,-2.906
-1.961,-0.543
-2.029,0.17
-2.064,-1.155
-2.139,-1.9
-2.059,-0.061
-2.128,-2.843
-2.15,-1.101
-2.186,0.466
-2.143,-1.832
-2.176,-1.874
-2.26,0.675
-2.311,0.682
-2.257,-0.774
-2.332,-2.049
-2.271,-1.3
-2.414,0.555
-2.485,-2.184
-2.506,0.901
-2.483,-1.38
-2.545,-1.589
-2.509,0.011
-2.596,-2.732
-2.55,-0.72
-2.574,-1.78
-2.565,0.333
-2.703,-2.295
-2.805,-1.078
-2.844,-0.091
-2.823,-2.762
-2.871,-0.194
-2.893,0.122
-2.962,-2.753
-2.985,-0.787
-3.025,-1.416
-3.028,-0.782
-3.033,0.162
-3.03,-1.539
-3.1,-2.659
-3.122,-1.511
2.99,-1.104
2.94,-0.825
2.895,0.267
2.797,-0.123
2.785,0.056
2.686,-0.882
2.714,-1.554
2.695,-0.773
2.704,-0.869
2.623,0.865
2.582,-0.439
2.569,-1.273
2.528,-0.916
2.41,-2.083
2.466,-1.626
2.463,-2.972
2.39,-0.285
2.336,-1.252
2.274,-0.691
2.346,-0.802
2.337,-2.962
2.277,0.511
2.157,-0.179
2.099,-0.409
2.068,-2.201
1.969,0.646
1.782,-0.639
1.585,-2.03
1.559,-1.798
1.515,-0.325
1.503,-0.513
1.53,0.055
1.51,-1.104
1.365,-0.259
1.358,-0.542
1.277,0.712
1.21,-0.775
1.15,-2.433
1.208,-0.726
1.027,-1.848
0.887,-1.907
0.745,-2.891
0.749,-0.029
0.732,-1.007
0.701,-2.283
0.689,-0.332
0.604,-0.864
0.576,-2.254
0.542,-0.167
0.585,-0.438
0.547,-0.529
0.475,-0.565
0.547,-2.935
0.549,-2.857
0.463,-0.417
0.441,-2.882
0.431,-1.339
0.439,-0.687
0.417,-0.187
0.344,-0.223
0.381,-0.306
-0.057,-3.095
-0.544,-3.374
-2.2,-3.043
-2.569,-3.152
-2.931,-3.155
-3.116,-3.216
2.985,-3.201
2.744,-3.089
2.549,-3.281
1.932,-3.119
1.676,-3.32
0.954,-3.394
0.875,-3.302
0.719,-3.251
0.592,-3.361
0.498,-3.089
0.274,1.308
0.113,1.238
0.067,1.057
0.045,1.106
0.13,1.176
-0.116,1.161
-0.858,1.243
-1.401,1.257
-1.394,1.268
-1.446,1.114
-1.65,1.094
-1.586,1.216
-2.468,1.077
-2.52,1.04
-2.562,1.024
-2.672,1.097
-3.036,1.203
2.614,1.28
2.272,1.006
2.077,1.089
2.019,1.397
1.815,1.507
1.509,1.081
1.28,1.487
1.099,1.104
0.359,1.249
0.303,1.313
0.282,-0.269
0.234,-1.632
0.18,-2.355
0.232,-1.52
0.091,-2.346
-0.103,-0.353
-0.229,0.937
-0.343,0.909
-1.907,0.749
-2.478,-1.752
1.995,0.337
1.412,0.386
0.412,-0.566
0.263,0.883
0.21,-2.87
0.2,-0.152
0.304,-3.022
0.201,-2.556
0.289,-0.534
0.108,-3.025
0.238,0.796
0.099,-2.23
0.103,-1.605
0.19,-1.535
0.147,0.608
0.021,-0.284
-0.093,-0.01
-0.05,0.335
-0.259,-1.423
-0.341,-0.067
-0.268,0.55
-0.313,0.554
-0.325,-1.014
-0.429,0.629
-0.466,-0.109
-0.36,-1.57
-0.533,-1.714
-0.68,0.945
-0.545,-2.963
-0.777,0.04
-0.676,-2.925
-0.864,0.246
-0.755,-2.16
-0.8,-1.657
-0.98,-0.407
-0.965,0.273
-0.982,0.733
-1.279,-0.349
-1.316,-2.728
-1.324,-1.455
-1.433,-1.571
-1.508,-1.283
-1.402,0.839
-1.395,0.22
-1.475,-2.983
-1.644,-0.304
-1.658,0.965
-1.755,0.816
-1.773,0.837
-1.642,0.832
-1.751,-2.53
-1.705,-1.433
-1.754,-0.31
-1.923,0.925
-1.917,-1.884
-1.791,-0.292
-1.872,-0.636
-1.872,-2.303
-1.902,0.74
-2.167,-1.322
-2.237,-1.404
-2.435,-2.483
-2.462,0.827
-2.357,-0.756
-2.366,0.1
-2.532,-2.858
-2.621,-1.06
-2.653,-0.465
-2.558,0.899
-2.693,-1.212
-2.6,0.863
-2.586,-0.369
-2.785,-2.944
-2.807,-1.425
-2.706,0.057
-2.777,-0.965
-2.788,-2.66
-2.793,0.814
-2.965,-2.694
-2.893,-0.632
-2.934,-2.238
-3.063,-2.492
-2.973,-1.111
-3.082,-2.818
-2.954,-1.83
-3.029,-1.816
-3.057,-2.926
3.077,-2.262
3.067,-2.667
-3.095,-1.512
-3.06,0.934
3.064,0.514
-3.11,-2.496
3.08,-1.388
3.032,-1.151
2.92,-2.802
2.854,-1.246
2.933,-0.711
2.921,-1.868
2.698,-2.909
2.711,-0.227
2.801,0.514
2.773,-1.226
2.632,-2.497
2.539,0.363
2.645,-0.971
2.526,-0.126
2.539,-0.09
2.285,-2.275
2.346,-0.629
2.056,1.0
1.914,-1.734
2.031,-1.83
1.888,0.837
1.578,-0.347
1.453,-1.112
1.319,-2.491
1.289,0.118
1.382,0.6
1.203,-0.826
1.299,0.816
1.129,0.008
0.945,-2.631
0.712,-0.584
0.561,0.918
0.525,-2.638
0.506,0.934
0.579,0.146
0.423,-2.705
0.525,0.72
0.362,-3.182
0.329,-3.305
0.298,-3.237
0.229,-3.292
-0.535,-3.302
-0.86,-3.26
-1.618,-3.187
-2.83,-3.192
1.73,-3.097
0.542,-3.071
0.041,1.307
-0.011,1.423
-0.07,1.125
-0.336,1.162
-0.441,1.382
-0.438,1.059
-0.546,1.126
-0.795,1.281
-0.828,1.38
-2.301,1.269
-2.486,1.332
-2.682,1.327
2.842,1.069
2.523,1.33
2.533,1.124
1.902,1.304
1.053,0.969
0.498,1.387
0.255,-1.503
2.965,-0.034
1.209,0.605
0.26,0.2
0.342,-2.482
0.278,-0.505
0.156,-0.501
0.048,-2.197
-2.328,0.561
-2.35,-1.377
3.056,-1.411
2.32,-0.521
2.003,-0.537
1.09,-2.032
1.107,0.166
0.912,-0.475
0.907,-0.046
0.808,0.601
0.798,-0.215
0.794,-1.016
0.673,-2.072
0.389,-0.541
0.035,-0.359
-0.241,-0.277
-2.246,-0.315
0.596,-1.743
1.764,-2.839
0.766,0.742
1.541,-3.07
-0.257,1.147
0.039,-1.868
0.0,0.818
-0.108,-0.178
-0.115,-1.713
-0.127,0.011
-0.058,-2.045
-0.252,0.646
-0.361,-0.214
-0.495,1.575
-0.477,0.511
-0.493,1.037
-0.502,-2.07
-0.599,-0.324
-0.558,0.811
-0.58,0.612
-0.737,-0.591
-0.731,0.801
-1.176,1.159
-1.193,-0.717
-1.17,-0.046
-1.269,-2.02
-1.185,0.399
-1.29,-0.015
-1.438,0.271
-1.4,0.413
-1.455,1.461
-1.51,-0.469
-1.588,-0.055
-1.569,1.789
-1.595,0.023
-1.657,-1.335
-1.735,-2.099
-1.824,0.264
-1.892,0.977
-1.927,-0.348
-2.002,-1.093
-1.922,0.746
-1.991,-2.036
-2.013,-0.294
-2.049,1.273
-2.006,-1.025
-2.039,-1.067
-2.123,1.482
-2.174,1.489
-2.12,0.033
-2.195,-1.242
-2.134,-0.493
-2.277,1.362
-2.348,-1.377
-2.369,1.708
-2.346,-0.573
-2.408,-0.782
-2.372,0.818
-2.459,-1.925
-2.413,0.087
-2.437,-0.973
-2.428,1.14
-2.566,-1.488
-2.668,-0.271
-2.707,0.716
-2.686,-1.955
-2.734,0.613
-2.756,0.929
-2.825,-1.946
-2.848,0.02
-2.888,-0.609
-2.891,0.025
-2.896,0.969
-2.893,-0.732
-2.963,-1.852
-2.985,-0.704
3.127,-0.297
3.077,-0.018
3.032,1.074
2.934,0.684
2.922,0.863
2.823,-0.075
2.851,-0.747
2.832,0.034
2.841,-0.062
2.76,1.672
2.719,0.368
2.706,-0.466
2.665,-0.109
2.547,-1.276
2.603,-0.819
2.6,-2.165
2.527,0.522
2.473,-0.445
2.411,0.116
2.483,0.005
2.474,-2.155
2.414,1.318
2.294,0.628
2.236,0.398
2.205,-1.394
2.106,1.453
1.919,0.168
1.722,-1.223
1.696,-0.991
1.652,0.482
1.64,0.294
1.667,0.862
1.647,-0.297
1.502,0.548
1.495,0.265
1.414,1.519
1.347,0.032
1.287,-1.626
1.345,0.081
1.164,-1.041
1.024,-1.1
0.882,-2.084
0.886,0.778
0.869,-0.2
0.838,-1.476
0.826,0.475
0.741,-0.057
0.713,-1.447
0.679,0.64
0.722,0.369
0.684,0.278
0.612,0.242
0.684,-2.128
0.686,-2.05
0.6,0.39
0.578,-2.075
0.568,-0.532
0.576,0.12
0.554,0.62
0.481,0.584
0.518,0.501
0.08,-2.288
-0.407,-2.567
-2.063,-2.236
-2.432,-2.345
-2.794,-2.348
-2.979,-2.409
3.122,-2.394
2.881,-2.282
2.686,-2.474
2.069,-2.312
1.813,-2.513
1.091,-2.587
1.012,-2.495
0.856,-2.444
0.729,-2.554
0.635,-2.282
0.411,2.115
0.25,2.045
0.204,1.864
0.182,1.913
0.267,1.983
0.021,1.968
-0.721,2.05
-1.264,2.064
-1.257,2.075
-1.309,1.921
-1.513,1.901
-1.449,2.023
-2.331,1.884
-2.383,1.847
-2.425,1.831
-2.535,1.904
-2.899,2.01
2.751,2.087
2.409,1.813
2.214,1.896
2.156,2.204
1.952,2.314
1.646,1.888
1.417,2.294
1.236,1.911
0.496,2.056
0.44,2.12
0.419,0.538
0.371,-0.825
0.317,-1.548
0.369,-0.713
0.228,-1.539
0.034,0.454
-0.092,1.744
-0.206,1.716
-1.77,1.556
-2.341,-0.945
2.132,1.144
1.549,1.193
0.549,0.241
0.4,1.69
0.347,-2.063
0.337,0.655
0.441,-2.215
0.338,-1.749
0.426,0.273
0.245,-2.218
0.375,1.603
0.236,-1.423
0.24,-0.798
0.327,-0.728
0.284,1.415
0.158,0.523
0.044,0.797
0.087,1.142
-0.122,-0.616
-0.204,0.74
-0.131,1.357
-0.176,1.361
-0.188,-0.207
-0.292,1.436
-0.329,0.698
-0.223,-0.763
-0.396,-0.907
-0.543,1.752
-0.408,-2.156
-0.64,0.847
-0.539,-2.118
-0.727,1.053
-0.618,-1.353
-0.663,-0.85
-0.843,0.4
-0.828,1.08
-0.845,1.54
-1.142,0.458
-1.179,-1.921
-1.187,-0.648
-1.296,-0.764
-1.371,-0.476
-1.265,1.646
-1.258,1.027
-1.338,-2.176
-1.507,0.503
-1.521,1.772
-1.618,1.623
-1.636,1.644
-1.505,1.639
-1.614,-1.723
-1.568,-0.626
-1.617,0.497
-1.786,1.732
-1.78,-1.077
-1.654,0.515
-1.735,0.171
-1.735,-1.496
-1.765,1.547
-2.03,-0.515
-2.1,-0.597
-2.298,-1.676
-2.325,1.634
-2.22,0.051
-2.229,0.907
-2.395,-2.051
-2.484,-0.253
-2.516,0.342
-2.421,1.706
-2.556,-0.405
-2.463,1.67
-2.449,0.438
-2.648,-2.137
-2.67,-0.618
-2.569,0.864
-2.64,-0.158
-2.651,-1.853
-2.656,1.621
-2.828,-1.887
-2.756,0.175
-2.797,-1.431
-2.926,-1.685
-2.836,-0.304
-2.945,-2.011
-2.817,-1.023
-2.892,-1.009
-2.92,-2.119
-3.069,-1.455
-3.079,-1.86
-2.958,-0.705
-2.923,1.741
-3.082,1.321
-2.973,-1.689
-3.066,-0.581
-3.114,-0.344
3.057,-1.995
2.991,-0.439
3.07,0.096
3.058,-1.061
2.835,-2.102
2.848,0.58
2.938,1.321
2.91,-0.419
2.769,-1.69
2.676,1.17
2.782,-0.164
2.663,0.681
2.676,0.717
2.422,-1.468
2.483,0.178
2.193,1.807
2.051,-0.927
2.168,-1.023
2.025,1.644
1.715,0.46
1.59,-0.305
1.456,-1.684
1.426,0.925
1.519,1.407
1.34,-0.019
1.436,1.623
1.266,0.815
1.082,-1.824
0.849,0.223
0.698,1.725
0.662,-1.831
0.643,1.741
0.716,0.953
0.56,-1.898
0.662,1.527
0.499,-2.375
0.466,-2.498
0.435,-2.43
0.366,-2.485
-0.398,-2.495
-0.723,-2.453
-1.481,-2.38
-2.693,-2.385
1.867,-2.29
0.679,-2.264
0.178,2.114
0.126,2.23
0.067,1.932
-0.199,1.969
-0.304,2.189
-0.301,1.866
-0.409,1.933
-0.658,2.088
-0.691,2.187
-2.164,2.076
-2.349,2.139
-2.545,2.134
2.979,1.876
2.66,2.137
2.67,1.931
2.039,2.111
1.19,1.776
0.635,2.194
0.392,-0.696
3.102,0.773
1.346,1.412
0.397,1.007
0.479,-1.675
0.415,0.302
0.293,0.306
0.185,-1.39
-2.191,1.368
-2.213,-0.57
-3.09,-0.604
2.457,0.286
2.14,0.27
1.227,-1.225
1.244,0.973
1.049,0.332
1.044,0.761
0.945,1.408
0.935,0.592
0.931,-0.209
0.81,-1.265
0.526,0.266
0.172,0.448
-0.104,0.53
-2.109,0.492
0.733,-0.936
1.901,-2.032
0.903,1.549
1.678,-2.263
-0.12,1.954
-0.039,2.686
-0.147,1.69
-0.154,0.155
-0.166,1.879
-0.097,-0.177
-0.291,2.514
-0.4,1.654
-0.534,3.443
-0.516,2.379
-0.532,2.905
-0.541,-0.202
-0.638,1.544
-0.597,2.679
-0.619,2.48
-0.776,1.277
-0.77,2.669
-1.215,3.027
-1.232,1.151
-1.209,1.822
-1.308,-0.152
-1.224,2.267
-1.329,1.853
-1.477,2.139
-1.439,2.281
-1.494,3.329
-1.549,1.399
-1.627,1.813
-1.608,3.657
-1.634,1.891
-1.696,0.533
-1.774,-0.231
-1.863,2.132
-1.931,2.845
-1.966,1.52
-2.041,0.775
-1.961,2.614
-2.03,-0.168
-2.052,1.574
-2.088,3.141
-2.045,0.843
-2.078,0.801
-2.162,3.35
-2.213,3.357
-2.159,1.901
-2.234,0.626
-2.173,1.375
-2.316,3.23
-2.387,0.491
-2.408,3.576
-2.385,1.295
-2.447,1.086
-2.411,2.686
-2.498,-0.057
-2.452,1.955
-2.476,0.895
-2.467,3.008
-2.605,0.38
-2.707,1.597
-2.746,2.584
-2.725,-0.087
-2.773,2.481
-2.795,2.797
-2.864,-0.078
-2.887,1.888
-2.927,1.259
-2.93,1.893
-2.935,2.837
-2.932,1.136
-3.002,0.016
-3.024,1.164
3.088,1.571
3.038,1.85
2.993,2.942
2.895,2.552
2.883,2.731
2.784,1.793
2.812,1.121
2.793,1.902
2.802,1.806
2.721,3.54
2.68,2.236
2.667,1.402
2.626,1.759
2.508,0.592
2.564,1.049
2.561,-0.297
2.488,2.39
2.434,1.423
2.372,1.984
2.444,1.873
2.435,-0.287
2.375,3.186
2.255,2.496
2.197,2.266
2.166,0.474
2.067,3.321
1.88,2.036
1.683,0.645
1.657,0.877
1.613,2.35
1.601,2.162
1.628,2.73
1.608,1.571
1.463,2.416
1.456,2.133
1.375,3.387
1.308,1.9
1.248,0.242
1.306,1.949
1.125,0.827
0.985,0.768
0.843,-0.216
0.847,2.646
0.83,1.668
0.799,0.392
0.787,2.343
0.702,1.811
0.674,0.421
0.64,2.508
0.683,2.237
0.645,2.146
0.573,2.11
0.645,-0.26
0.647,-0.182
0.561,2.258
0.539,-0.207
0.529,1.336
0.537,1.988
0.515,2.488
0.442,2.452
0.479,2.369
0.041,-0.42
-0.446,-0.699
-2.102,-0.368
-2.471,-0.477
-2.833,-0.48
-3.018,-0.541
3.083,-0.526
2.842,-0.414
2.647,-0.606
2.03,-0.444
1.774,-0.645
1.052,-0.719
0.973,-0.627
0.817,-0.576
0.69,-0.686
0.596,-0.414
0.372,3.983
0.211,3.913
0.165,3.732
0.143,3.781
0.228,3.851
-0.018,3.836
-0.76,3.918
-1.303,3.932
-1.296,3.943
-1.348,3.789
-1.552,3.769
-1.488,3.891
-2.37,3.752
-2.422,3.715
-2.464,3.699
-2.574,3.772
-2.938,3.878
2.712,3.955
2.37,3.681
2.175,3.764
2.117,4.072
1.913,4.182
1.607,3.756
1.378,4.162
1.197,3.779
0.457,3.924
0.401,3.988
0.38,2.406
0.332,1.043
0.278,0.32
0.33,1.155
0.189,0.329
-0.005,2.322
-0.131,3.612
-0.245,3.584
-1.809,3.424
-2.38,0.923
2.093,3.012
1.51,3.061
0.51,2.109
0.361,3.558
0.308,-0.195
0.298,2.523
0.402,-0.347
0.299,0.119
0.387,2.141
0.206,-0.35
0.336,3.471
0.197,0.445
0.201,1.07
0.288,1.14
0.245,3.283
0.119,2.391
0.005,2.665
0.048,3.01
-0.161,1.252
-0.243,2.608
-0.17,3.225
-0.215,3.229
-0.227,1.661
-0.331,3.304
-0.368,2.566
-0.262,1.105
-0.435,0.961
-0.582,3.62
-0.447,-0.288
-0.679,2.715
-0.578,-0.25
-0.766,2.921
-0.657,0.515
-0.702,1.018
-0.882,2.268
-0.867,2.948
-0.884,3.408
-1.181,2.326
-1.218,-0.053
-1.226,1.22
-1.335,1.104
-1.41,1.392
-1.304,3.514
-1.297,2.895
-1.377,-0.308
-1.546,2.371
-1.56,3.64
-1.657,3.491
-1.675,3.512
-1.544,3.507
-1.653,0.145
-1.607,1.242
-1.656,2.365
-1.825,3.6
-1.819,0.791
-1.693,2.383
-1.774,2.039
-1.774,0.372
-1.804,3.415
-2.069,1.353
-2.139,1.271
-2.337,0.192
-2.364,3.502
-2.259,1.919
-2.268,2.775
-2.434,-0.183
-2.523,1.615
-2.555,2.21
-2.46,3.574
-2.595,1.463
-2.502,3.538
-2.488,2.306
-2.687,-0.269
-2.709,1.25
-2.608,2.732
-2.679,1.71
-2.69,0.015
-2.695,3.489
-2.867,-0.019
-2.795,2.043
-2.836,0.437
-2.965,0.183
-2.875,1.564
-2.984,-0.143
-2.856,0.845
-2.931,0.859
-2.959,-0.251
-3.108,0.413
-3.118,0.008
-2.997,1.163
-2.962,3.609
-3.121,3.189
-3.012,0.179
-3.105,1.287
3.13,1.524
3.018,-0.127
2.952,1.429
3.031,1.964
3.019,0.807
2.796,-0.234
2.809,2.448
2.899,3.189
2.871,1.449
2.73,0.178
2.637,3.038
2.743,1.704
2.624,2.549
2.637,2.585
2.383,0.4
2.444,2.046
2.154,3.675
2.012,0.941
2.129,0.845
1.986,3.512
1.676,2.328
1.551,1.563
1.417,0.184
1.387,2.793
1.48,3.275
1.301,1.849
1.397,3.491
1.227,2.683
1.043,0.044
0.81,2.091
0.659,3.593
0.623,0.037
0.604,3.609
0.677,2.821
0.521,-0.03
0.623,3.395
0.46,-0.507
0.427,-0.63
0.396,-0.562
0.327,-0.617
-0.437,-0.627
-0.762,-0.585
-1.52,-0.512
-2.732,-0.517
1.828,-0.422
0.64,-0.396
0.139,3.982
0.087,4.098
0.028,3.8
-0.238,3.837
-0.343,4.057
-0.34,3.734
-0.448,3.801
-0.697,3.956
-0.73,4.055
-2.203,3.944
-2.388,4.007
-2.584,4.002
2.94,3.744
2.621,4.005
2.631,3.799
2.0,3.979
1.151,3.644
0.596,4.062
0.353,1.172
3.063,2.641
1.307,3.28
0.358,2.875
0.44,0.193
0.376,2.17
0.254,2.174
0.146,0.478
-2.23,3.236
-2.252,1.298
-3.129,1.264
2.418,2.154
2.101,2.138
1.188,0.643
1.205,2.841
1.01,2.2
1.005,2.629
0.906,3.276
0.896,2.46
0.892,1.659
0.771,0.603
0.487,2.134
0.133,2.316
-0.143,2.398
-2.148,2.36
0.694,0.932
1.862,-0.164
0.864,3.417
1.639,-0.395
-0.159,3.822
-0.108,-0.996
-0.115,-2.531
-0.127,-0.807
-0.058,-2.863
-0.252,-0.172
-0.361,-1.032
-0.495,0.757
-0.477,-0.307
-0.493,0.219
-0.502,-2.888
-0.599,-1.142
-0.558,-0.007
-0.58,-0.206
-0.737,-1.409
-0.731,-0.017
-1.176,0.341
-1.193,-1.535
-1.17,-0.864
-1.269,-2.838
-1.185,-0.419
-1.29,-0.833
-1.438,-0.547
-1.4,-0.405
-1.455,0.643
-1.51,-1.287
-1.588,-0.873
-1.569,0.971
-1.595,-0.795
-1.657,-2.153
-1.735,-2.917
-1.824,-0.554
-1.892,0.159
-1.927,-1.166
-2.002,-1.911
-1.922,-0.072
-1.991,-2.854
-2.013,-1.112
-2.049,0.455
-2.006,-1.843
-2.039,-1.885
-2.123,0.664
-2.174,0.671
-2.12,-0.785
-2.195,-2.06
-2.134,-1.311
-2.277,0.544
-2.348,-2.195
-2.369,0.89
-2.346,-1.391
-2.408,-1.6
-2.372,0.0
-2.459,-2.743
-2.413,-0.731
-2.437,-1.791
-2.428,0.322
-2.566,-2.306
-2.668,-1.089
-2.707,-0.102
-2.686,-2.773
-2.734,-0.205
-2.756,0.111
-2.825,-2.764
-2.848,-0.798
-2.888,-1.427
-2.891,-0.793
-2.896,0.151
-2.893,-1.55
-2.963,-2.67
-2.985,-1.522
3.127,-1.115
3.077,-0.836
3.032,0.256
2.934,-0.134
2.922,0.045
2.823,-0.893
2.851,-1.565
2.832,-0.784
2.841,-0.88
2.76,0.854
2.719,-0.45
2.706,-1.284
2.665,-0.927
2.547,-2.094
2.603,-1.637
2.6,-2.983
2.527,-0.296
2.473,-1.263
2.411,-0.702
2.483,-0.813
2.474,-2.973
2.414,0.5
2.294,-0.19
2.236,-0.42
2.205,-2.212
2.106,0.635
1.919,-0.65
1.722,-2.041
1.696,-1.809
1.652,-0.336
1.64,-0.524
1.667,0.044
1.647,-1.115
1.502,-0.27
1.495,-0.553
1.414,0.701
1.347,-0.786
1.287,-2.444
1.345,-0.737
1.164,-1.859
1.024,-1.918
0.882,-2.902
0.886,-0.04
0.869,-1.018
0.838,-2.294
0.826,-0.343
0.741,-0.875
0.713,-2.265
0.679,-0.178
0.722,-0.449
0.684,-0.54
0.612,-0.576
0.684,-2.946
0.686,-2.868
0.6,-0.428
0.578,-2.893
0.568,-1.35
0.576,-0.698
0.554,-0.198
0.481,-0.234
0.518,-0.317
0.08,-3.106
-0.407,-3.385
-2.063,-3.054
-2.432,-3.163
-2.794,-3.166
-2.979,-3.227
3.122,-3.212
2.881,-3.1
2.686,-3.292
2.069,-3.13
1.813,-3.331
1.091,-3.405
1.012,-3.313
0.856,-3.262
0.729,-3.372
0.635,-3.1
0.411,1.297
0.25,1.227
0.204,1.046
0.182,1.095
0.267,1.165
0.021,1.15
-0.721,1.232
-1.264,1.246
-1.257,1.257
-1.309,1.103
-1.513,1.083
-1.449,1.205
-2.331,1.066
-2.383,1.029
-2.425,1.013
-2.535,1.086
-2.899,1.192
2.751,1.269
2.409,0.995
2.214,1.078
2.156,1.386
1.952,1.496
1.646,1.07
1.417,1.476
1.236,1.093
0.496,1.238
0.44,1.302
0.419,-0.28
0.371,-1.643
0.317,-2.366
0.369,-1.531
0.228,-2.357
0.034,-0.364
-0.092,0.926
-0.206,0.898
-1.77,0.738
-2.341,-1.763
2.132,0.326
1.549,0.375
0.549,-0.577
0.4,0.872
0.347,-2.881
0.337,-0.163
0.441,-3.033
0.338,-2.567
0.426,-0.545
0.245,-3.036
0.375,0.785
0.236,-2.241
0.24,-1.616
0.327,-1.546
0.284,0.597
0.158,-0.295
0.044,-0.021
0.087,0.324
-0.122,-1.434
-0.204,-0.078
-0.131,0.539
-0.176,0.543
-0.188,-1.025
-0.292,0.618
-0.329,-0.12
-0.223,-1.581
-0.396,-1.725
-0.543,0.934
-0.408,-2.974
-0.64,0.029
-0.539,-2.936
-0.727,0.235
-0.618,-2.171
-0.663,-1.668
-0.843,-0.418
-0.828,0.262
-0.845,0.722
-1.142,-0.36
-1.179,-2.739
-1.187,-1.466
-1.296,-1.582
-1.371,-1.294
-1.265,0.828
-1.258,0.209
-1.338,-2.994
-1.507,-0.315
-1.521,0.954
-1.618,0.805
-1.636,0.826
-1.505,0.821
-1.614,-2.541
-1.568,-1.444
-1.617,-0.321
-1.786,0.914
-1.78,-1.895
-1.654,-0.303
-1.735,-0.647
-1.735,-2.314
-1.765,0.729
-2.03,-1.333
-2.1,-1.415
-2.298,-2.494
-2.325,0.816
-2.22,-0.767
-2.229,0.089
-2.395,-2.869
-2.484,-1.071
-2.516,-0.476
-2.421,0.888
-2.556,-1.223
-2.463,0.852
-2.449,-0.38
-2.648,-2.955
-2.67,-1.436
-2.569,0.046
-2.64,-0.976
-2.651,-2.671
-2.656,0.803
-2.828,-2.705
-2.756,-0.643
-2.797,-2.249
-2.926,-2.503
-2.836,-1.122
-2.945,-2.829
-2.817,-1.841
-2.892,-1.827
-2.92,-2.937
-3.069,-2.273
-3.079,-2.678
-2.958,-1.523
-2.923,0.923
-3.082,0.503
-2.973,-2.507
-3.066,-1.399
-3.114,-1.162
3.057,-2.813
2.991,-1.257
3.07,-0.722
3.058,-1.879
2.835,-2.92
2.848,-0.238
2.938,0.503
2.91,-1.237
2.769,-2.508
2.676,0.352
2.782,-0.982
2.663,-0.137
2.676,-0.101
2.422,-2.286
2.483,-0.64
2.193,0.989
2.051,-1.745
2.168,-1.841
2.025,0.826
1.715,-0.358
1.59,-1.123
1.456,-2.502
1.426,0.107
1.519,0.589
1.34,-0.837
1.436,0.805
1.266,-0.003
1.082,-2.642
0.849,-0.595
0.698,0.907
0.662,-2.649
0.643,0.923
0.716,0.135
0.56,-2.716
0.662,0.709
0.499,-3.193
0.466,-3.316
0.435,-3.248
0.366,-3.303
-0.398,-3.313
-0.723,-3.271
-1.481,-3.198
-2.693,-3.203
1.867,-3.108
0.679,-3.082
0.178,1.296
0.126,1.412
0.067,1.114
-0.199,1.151
-0.304,1.371
-0.301,1.048
-0.409,1.115
-0.658,1.27
-0.691,1.369
-2.164,1.258
-2.349,1.321
-2.545,1.316
2.979,1.058
2.66,1.319
2.67,1.113
2.039,1.293
1.19,0.958
0.635,1.376
0.392,-1.514
3.102,-0.045
1.346,0.594
0.397,0.189
0.479,-2.493
0.415,-0.516
0.293,-0.512
0.185,-2.208
-2.191,0.55
-2.213,-1.388
-3.09,-1.422
2.457,-0.532
2.14,-0.548
1.227,-2.043
1.244,0.155
1.049,-0.486
1.044,-0.057
0.945,0.59
0.935,-0.226
0.931,-1.027
0.81,-2.083
0.526,-0.552
0.172,-0.37
-0.104,-0.288
-2.109,-0.326
0.733,-1.754
1.901,-2.85
0.903,0.731
1.678,-3.081
-0.12,1.136
-0.007,-1.535
-0.019,0.189
0.05,-1.867
-0.144,0.824
-0.253,-0.036
-0.387,1.753
-0.369,0.689
-0.385,1.215
-0.394,-1.892
-0.491,-0.146
-0.45,0.989
-0.472,0.79
-0.629,-0.413
-0.623,0.979
-1.068,1.337
-1.085,-0.539
-1.062,0.132
-1.161,-1.842
-1.077,0.577
-1.182,0.163
-1.33,0.449
-1.292,0.591
-1.347,1.639
-1.402,-0.291
-1.48,0.123
-1.461,1.967
-1.487,0.201
-1.549,-1.157
-1.627,-1.921
-1.716,0.442
-1.784,1.155
-1.819,-0.17
-1.894,-0.915
-1.814,0.924
-1.883,-1.858
-1.905,-0.116
-1.941,1.451
-1.898,-0.847
-1.931,-0.889
-2.015,1.66
-2.066,1.667
-2.012,0.211
-2.087,-1.064
-2.026,-0.315
-2.169,1.54
-2.24,-1.199
-2.261,1.886
-2.238,-0.395
-2.3,-0.604
-2.264,0.996
-2.351,-1.747
-2.305,0.265
-2.329,-0.795
-2.32,1.318
-2.458,-1.31
-2.56,-0.093
-2.599,0.894
-2.578,-1.777
-2.626,0.791
-2.648,1.107
-2.717,-1.768
-2.74,0.198
-2.78,-0.431
-2.783,0.203
-2.788,1.147
-2.785,-0.554
-2.855,-1.674
-2.877,-0.526
-3.048,-0.119
-3.098,0.16
3.14,1.252
3.042,0.862
3.03,1.041
2.931,0.103
2.959,-0.569
2.94,0.212
2.949,0.116
2.868,1.85
2.827,0.546
2.814,-0.288
2.773,0.069
2.655,-1.098
2.711,-0.641
2.708,-1.987
2.635,0.7
2.581,-0.267
2.519,0.294
2.591,0.183
2.582,-1.977
2.522,1.496
2.402,0.806
2.344,0.576
2.313,-1.216
2.214,1.631
2.027,0.346
1.83,-1.045
1.804,-0.813
1.76,0.66
1.748,0.472
1.775,1.04
1.755,-0.119
1.61,0.726
1.603,0.443
1.522,1.697
1.455,0.21
1.395,-1.448
1.453,0.259
1.272,-0.863
1.132,-0.922
0.99,-1.906
0.994,0.956
0.977,-0.022
0.946,-1.298
0.934,0.653
0.849,0.121
0.821,-1.269
0.787,0.818
0.83,0.547
0.792,0.456
0.72,0.42
0.792,-1.95
0.794,-1.872
0.708,0.568
0.686,-1.897
0.676,-0.354
0.684,0.298
0.662,0.798
0.589,0.762
0.626,0.679
0.188,-2.11
-0.299,-2.389
-1.955,-2.058
-2.324,-2.167
-2.686,-2.17
-2.871,-2.231
-3.053,-2.216
2.989,-2.104
2.794,-2.296
2.177,-2.134
1.921,-2.335
1.199,-2.409
1.12,-2.317
0.964,-2.266
0.837,-2.376
0.743,-2.104
0.519,2.293
0.358,2.223
0.312,2.042
0.29,2.091
0.375,2.161
0.129,2.146
-0.613,2.228
-1.156,2.242
-1.149,2.253
-1.201,2.099
-1.405,2.079
-1.341,2.201
-2.223,2.062
-2.275,2.025
-2.317,2.009
-2.427,2.082
-2.791,2.188
2.859,2.265
2.517,1.991
2.322,2.074
2.264,2.382
2.06,2.492
1.754,2.066
1.525,2.472
1.344,2.089
0.604,2.234
0.548,2.298
0.527,0.716
0.479,-0.647
0.425,-1.37
0.477,-0.535
0.336,-1.361
0.142,0.632
0.016,1.922
-0.098,1.894
-1.662,1.734
-2.233,-0.767
2.24,1.322
1.657,1.371
0.657,0.419
0.508,1.868
0.455,-1.885
0.445,0.833
0.549,-2.037
0.446,-1.571
0.534,0.451
0.353,-2.04
0.483,1.781
0.344,-1.245
0.348,-0.62
0.435,-0.55
0.392,1.593
0.266,0.701
0.152,0.975
0.195,1.32
-0.014,-0.438
-0.096,0.918
-0.023,1.535
-0.068,1.539
-0.08,-0.029
-0.184,1.614
-0.221,0.876
-0.115,-0.585
-0.288,-0.729
-0.435,1.93
-0.3,-1.978
-0.532,1.025
-0.431,-1.94
-0.619,1.231
-0.51,-1.175
-0.555,-0.672
-0.735,0.578
-0.72,1.258
-0.737,1.718
-1.034,0.636
-1.071,-1.743
-1.079,-0.47
-1.188,-0.586
-1.263,-0.298
-1.157,1.824
-1.15,1.205
-1.23,-1.998
-1.399,0.681
-1.413,1.95
-1.51,1.801
-1.528,1.822
-1.397,1.817
-1.506,-1.545
-1.46,-0.448
-1.509,0.675
-1.678,1.91
-1.672,-0.899
-1.546,0.693
-1.627,0.349
-1.627,-1.318
-1.657,1.725
-1.922,-0.337
-1.992,-0.419
-2.19,-1.498
-2.217,1.812
-2.112,0.229
-2.121,1.085
-2.287,-1.873
-2.376,-0.075
-2.408,0.52
-2.313,1.884
-2.448,-0.227
-2.355,1.848
-2.341,0.616
-2.54,-1.959
-2.562,-0.44
-2.461,1.042
-2.532,0.02
-2.543,-1.675
-2.548,1.799
-2.72,-1.709
-2.648,0.353
-2.689,-1.253
-2.818,-1.507
-2.728,-0.126
-2.837,-1.833
-2.709,-0.845
-2.784,-0.831
-2.812,-1.941
-2.961,-1.277
-2.971,-1.682
-2.85,-0.527
-2.815,1.919
-2.974,1.499
-2.865,-1.511
-2.958,-0.403
-3.006,-0.166
-3.118,-1.817
3.099,-0.261
-3.105,0.274
-3.117,-0.883
2.943,-1.924
2.956,0.758
3.046,1.499
3.018,-0.241
2.877,-1.512
2.784,1.348
2.89,0.014
2.771,0.859
2.784,0.895
2.53,-1.29
2.591,0.356
2.301,1.985
2.159,-0.749
2.276,-0.845
2.133,1.822
1.823,0.638
1.698,-0.127
1.564,-1.506
1.534,1.103
1.627,1.585
1.448,0.159
1.544,1.801
1.374,0.993
1.19,-1.646
0.957,0.401
0.806,1.903
0.77,-1.653
0.751,1.919
0.824,1.131
0.668,-1.72
0.77,1.705
0.607,-2.197
0.574,-2.32
0.543,-2.252
0.474,-2.307
-0.29,-2.317
-0.615,-2.275
-1.373,-2.202
-2.585,-2.207
1.975,-2.112
0.787,-2.086
0.286,2.292
0.234,2.408
0.175,2.11
-0.091,2.147
-0.196,2.367
-0.193,2.044
-0.301,2.111
-0.55,2.266
-0.583,2.365
-2.056,2.254
-2.241,2.317
-2.437,2.312
3.087,2.054
2.768,2.315
2.778,2.109
2.147,2.289
1.298,1.954
0.743,2.372
0.5,-0.518
-3.073,0.951
1.454,1.59
0.505,1.185
0.587,-1.497
0.523,0.48
0.401,0.484
0.293,-1.212
-2.083,1.546
-2.105,-0.392
-2.982,-0.426
2.565,0.464
2.248,0.448
1.335,-1.047
1.352,1.151
1.157,0.51
1.152,0.939
1.053,1.586
1.043,0.77
1.039,-0.031
0.918,-1.087
0.634,0.444
0.28,0.626
0.004,0.708
-2.001,0.67
0.841,-0.758
2.009,-1.854
1.011,1.727
1.786,-2.085
-0.012,2.132
-0.012,1.724
0.057,-0.332
-0.137,2.359
-0.246,1.499
-0.38,3.288
-0.362,2.224
-0.378,2.75
-0.387,-0.357
-0.484,1.389
-0.443,2.524
-0.465,2.325
-0.622,1.122
-0.616,2.514
-1.061,2.872
-1.078,0.996
-1.055,1.667
-1.154,-0.307
-1.07,2.112
-1.175,1.698
-1.323,1.984
-1.285,2.126
-1.34,3.174
-1.395,1.244
-1.473,1.658
-1.454,3.502
-1.48,1.736
-1.542,0.378
-1.62,-0.386
-1.709,1.977
-1.777,2.69
-1.812,1.365
-1.887,0.62
-1.807,2.459
-1.876,-0.323
-1.898,1.419
-1.934,2.986
-1.891,0.688
-1.924,0.646
-2.008,3.195
-2.059,3.202
-2.005,1.746
-2.08,0.471
-2.019,1.22
-2.162,3.075
-2.233,0.336
-2.254,3.421
-2.231,1.14
-2.293,0.931
-2.257,2.531
-2.344,-0.212
-2.298,1.8
-2.322,0.74
-2.313,2.853
-2.451,0.225
-2.553,1.442
-2.592,2.429
-2.571,-0.242
-2.619,2.326
-2.641,2.642
-2.71,-0.233
-2.733,1.733
-2.773,1.104
-2.776,1.738
-2.781,2.682
-2.778,0.981
-2.848,-0.139
-2.87,1.009
-3.041,1.416
-3.091,1.695
-3.136,2.787
3.049,2.397
3.037,2.576
2.938,1.638
2.966,0.966
2.947,1.747
2.956,1.651
2.875,3.385
2.834,2.081
2.821,1.247
2.78,1.604
2.662,0.437
2.718,0.894
2.715,-0.452
2.642,2.235
2.588,1.268
2.526,1.829
2.598,1.718
2.589,-0.442
2.529,3.031
2.409,2.341
2.351,2.111
2.32,0.319
2.221,3.166
2.034,1.881
1.837,0.49
1.811,0.722
1.767,2.195
1.755,2.007
1.782,2.575
1.762,1.416
1.617,2.261
1.61,1.978
1.529,3.232
1.462,1.745
1.402,0.087
1.46,1.794
1.279,0.672
1.139,0.613
0.997,-0.371
1.001,2.491
0.984,1.513
0.953,0.237
0.941,2.188
0.856,1.656
0.828,0.266
0.794,2.353
0.837,2.082
0.799,1.991
0.727,1.955
0.799,-0.415
0.801,-0.337
0.715,2.103
0.693,-0.362
0.683,1.181
0.691,1.833
0.669,2.333
0.596,2.297
0.633,2.214
0.195,-0.575
-0.292,-0.854
-1.948,-0.523
-2.317,-0.632
-2.679,-0.635
-2.864,-0.696
-3.046,-0.681
2.996,-0.569
2.801,-0.761
2.184,-0.599
1.928,-0.8
1.206,-0.874
1.127,-0.782
0.971,-0.731
0.844,-0.841
0.75,-0.569
0.526,3.828
0.365,3.758
0.319,3.577
0.297,3.626
0.382,3.696
0.136,3.681
-0.606,3.763
-1.149,3.777
-1.142,3.788
-1.194,3.634
-1.398,3.614
-1.334,3.736
-2.216,3.597
-2.268,3.56
-2.31,3.544
-2.42,3.617
-2.784,3.723
2.866,3.8
2.524,3.526
2.329,3.609
2.271,3.917
2.067,4.027
1.761,3.601
1.532,4.007
1.351,3.624
0.611,3.769
0.555,3.833
0.534,2.251
0.486,0.888
0.432,0.165
0.484,1.0
0.343,0.174
0.149,2.167
0.023,3.457
-0.091,3.429
-1.655,3.269
-2.226,0.768
2.247,2.857
1.664,2.906
0.664,1.954
0.515,3.403
0.462,-0.35
0.452,2.368
0.556,-0.502
0.453,-0.036
0.541,1.986
0.36,-0.505
0.49,3.316
0.351,0.29
0.355,0.915
0.442,0.985
0.399,3.128
0.273,2.236
0.159,2.51
0.202,2.855
-0.007,1.097
-0.089,2.453
-0.016,3.07
-0.061,3.074
-0.073,1.506
-0.177,3.149
-0.214,2.411
-0.108,0.95
-0.281,0.806
-0.428,3.465
-0.293,-0.443
-0.525,2.56
-0.424,-0.405
-0.612,2.766
-0.503,0.36
-0.548,0.863
-0.728,2.113
-0.713,2.793
-0.73,3.253
-1.027,2.171
-1.064,-0.208
-1.072,1.065
-1.181,0.949
-1.256,1.237
-1.15,3.359
-1.143,2.74
-1.223,-0.463
-1.392,2.216
-1.406,3.485
-1.503,3.336
-1.521,3.357
-1.39,3.352
-1.499,-0.01
-1.453,1.087
-1.502,2.21
-1.671,3.445
-1.665,0.636
-1.539,2.228
-1.62,1.884
-1.62,0.217
-1.65,3.26
-1.915,1.198
-1.985,1.116
-2.183,0.037
-2.21,3.347
-2.105,1.764
-2.114,2.62
-2.28,-0.338
-2.369,1.46
-2.401,2.055
-2.306,3.419
-2.441,1.308
-2.348,3.383
-2.334,2.151
-2.533,-0.424
-2.555,1.095
-2.454,2.577
-2.525,1.555
-2.536,-0.14
-2.541,3.334
-2.713,-0.174
-2.641,1.888
-2.682,0.282
-2.811,0.028
-2.721,1.409
-2.83,-0.298
-2.702,0.69
-2.777,0.704
-2.805,-0.406
-2.954,0.258
-2.964,-0.147
-2.843,1.008
-2.808,3.454
-2.967,3.034
-2.858,0.024
-2.951,1.132
-2.999,1.369
-3.111,-0.282
3.106,1.274
-3.098,1.809
-3.11,0.652
2.95,-0.389
2.963,2.293
3.053,3.034
3.025,1.294
2.884,0.023
2.791,2.883
2.897,1.549
2.778,2.394
2.791,2.43
2.537,0.245
2.598,1.891
2.308,3.52
2.166,0.786
2.283,0.69
2.14,3.357
1.83,2.173
1.705,1.408
1.571,0.029
1.541,2.638
1.634,3.12
1.455,1.694
1.551,3.336
1.381,2.528
1.197,-0.111
0.964,1.936
0.813,3.438
0.777,-0.118
0.758,3.454
0.831,2.666
0.675,-0.185
0.777,3.24
0.614,-0.662
0.581,-0.785
0.55,-0.717
0.481,-0.772
-0.283,-0.782
-0.608,-0.74
-1.366,-0.667
-2.578,-0.672
1.982,-0.577
0.794,-0.551
0.293,3.827
0.241,3.943
0.182,3.645
-0.084,3.682
-0.189,3.902
-0.186,3.579
-0.294,3.646
-0.543,3.801
-0.576,3.9
-2.049,3.789
-2.234,3.852
-2.43,3.847
3.094,3.589
2.775,3.85
2.785,3.644
2.154,3.824
1.305,3.489
0.75,3.907
0.507,1.017
-3.066,2.486
1.461,3.125
0.512,2.72
0.594,0.038
0.53,2.015
0.408,2.019
0.3,0.323
-2.076,3.081
-2.098,1.143
-2.975,1.109
2.572,1.999
2.255,1.983
1.342,0.488
1.359,2.686
1.164,2.045
1.159,2.474
1.06,3.121
1.05,2.305
1.046,1.504
0.925,0.448
0.641,1.979
0.287,2.161
0.011,2.243
-1.994,2.205
0.848,0.777
2.016,-0.319
1.018,3.262
1.793,-0.55
-0.005,3.667
0.069,-2.056
-0.125,0.635
-0.234,-0.225
-0.368,1.564
-0.35,0.5
-0.366,1.026
-0.375,-2.081
-0.472,-0.335
-0.431,0.8
-0.453,0.601
-0.61,-0.602
-0.604,0.79
-1.049,1.148
-1.066,-0.728
-1.043,-0.057
-1.142,-2.031
-1.058,0.388
-1.163,-0.026
-1.311,0.26
-1.273,0.402
-1.328,1.45
-1.383,-0.48
-1.461,-0.066
-1.442,1.778
-1.468,0.012
-1.53,-1.346
-1.608,-2.11
-1.697,0.253
-1.765,0.966
-1.8,-0.359
-1.875,-1.104
-1.795,0.735
-1.864,-2.047
-1.886,-0.305
-1.922,1.262
-1.879,-1.036
-1.912,-1.078
-1.996,1.471
-2.047,1.478
-1.993,0.022
-2.068,-1.253
-2.007,-0.504
-2.15,1.351
-2.221,-1.388
-2.242,1.697
-2.219,-0.584
-2.281,-0.793
-2.245,0.807
-2.332,-1.936
-2.286,0.076
-2.31,-0.984
-2.301,1.129
-2.439,-1.499
-2.541,-0.282
-2.58,0.705
-2.559,-1.966
-2.607,0.602
-2.629,0.918
-2.698,-1.957
-2.721,0.009
-2.761,-0.62
-2.764,0.014
-2.769,0.958
-2.766,-0.743
-2.836,-1.863
-2.858,-0.715
-3.029,-0.308
-3.079,-0.029
-3.124,1.063
3.061,0.673
3.049,0.852
2.95,-0.086
2.978,-0.758
2.959,0.023
2.968,-0.073
2.887,1.661
2.846,0.357
2.833,-0.477
2.792,-0.12
2.674,-1.287
2.73,-0.83
2.727,-2.176
2.654,0.511
2.6,-0.456
2.538,0.105
2.61,-0.006
2.601,-2.166
2.541,1.307
2.421,0.617
2.363,0.387
2.332,-1.405
2.233,1.442
2.046,0.157
1.849,-1.234
1.823,-1.002
1.779,0.471
1.767,0.283
1.794,0.851
1.774,-0.308
1.629,0.537
1.622,0.254
1.541,1.508
1.474,0.021
1.414,-1.637
1.472,0.07
1.291,-1.052
1.151,-1.111
1.009,-2.095
1.013,0.767
0.996,-0.211
0.965,-1.487
0.953,0.464
0.868,-0.068
0.84,-1.458
0.806,0.629
0.849,0.358
0.811,0.267
0.739,0.231
0.811,-2.139
0.813,-2.061
0.727,0.379
0.705,-2.086
0.695,-0.543
0.703,0.109
0.681,0.609
0.608,0.573
0.645,0.49
0.207,-2.299
-0.28,-2.578
-1.936,-2.247
-2.305,-2.356
-2.667,-2.359
-2.852,-2.42
-3.034,-2.405
3.008,-2.293
2.813,-2.485
2.196,-2.323
1.94,-2.524
1.218,-2.598
1.139,-2.506
0.983,-2.455
0.856,-2.565
0.762,-2.293
0.538,2.104
0.377,2.034
0.331,1.853
0.309,1.902
0.394,1.972
0.148,1.957
-0.594,2.039
-1.137,2.053
-1.13,2.064
-1.182,1.91
-1.386,1.89
-1.322,2.012
-2.204,1.873
-2.256,1.836
-2.298,1.82
-2.408,1.893
-2.772,1.999
2.878,2.076
2.536,1.802
2.341,1.885
2.283,2.193
2.079,2.303
1.773,1.877
1.544,2.283
1.363,1.9
0.623,2.045
0.567,2.109
0.546,0.527
0.498,-0.836
0.444,-1.559
0.496,-0.724
0.355,-1.55
0.161,0.443
0.035,1.733
-0.079,1.705
-1.643,1.545
-2.214,-0.956
2.259,1.133
1.676,1.182
0.676,0.23
0.527,1.679
0.474,-2.074
0.464,0.644
0.568,-2.226
0.465,-1.76
0.553,0.262
0.372,-2.229
0.502,1.592
0.363,-1.434
0.367,-0.809
0.454,-0.739
0.411,1.404
0.285,0.512
0.171,0.786
0.214,1.131
0.005,-0.627
-0.077,0.729
-0.004,1.346
-0.049,1.35
-0.061,-0.218
-0.165,1.425
-0.202,0.687
-0.096,-0.774
-0.269,-0.918
-0.416,1.741
-0.281,-2.167
-0.513,0.836
-0.412,-2.129
-0.6,1.042
-0.491,-1.364
-0.536,-0.861
-0.716,0.389
-0.701,1.069
-0.718,1.529
-1.015,0.447
-1.052,-1.932
-1.06,-0.659
-1.169,-0.775
-1.244,-0.487
-1.138,1.635
-1.131,1.016
-1.211,-2.187
-1.38,0.492
-1.394,1.761
-1.491,1.612
-1.509,1.633
-1.378,1.628
-1.487,-1.734
-1.441,-0.637
-1.49,0.486
-1.659,1.721
-1.653,-1.088
-1.527,0.504
-1.608,0.16
-1.608,-1.507
-1.638,1.536
-1.903,-0.526
-1.973,-0.608
-2.171,-1.687
-2.198,1.623
-2.093,0.04
-2.102,0.896
-2.268,-2.062
-2.357,-0.264
-2.389,0.331
-2.294,1.695
-2.429,-0.416
-2.336,1.659
-2.322,0.427
-2.521,-2.148
-2.543,-0.629
-2.442,0.853
-2.513,-0.169
-2.524,-1.864
-2.529,1.61
-2.701,-1.898
-2.629,0.164
-2.67,-1.442
-2.799,-1.696
-2.709,-0.315
-2.818,-2.022
-2.69,-1.034
-2.765,-1.02
-2.793,-2.13
-2.942,-1.466
-2.952,-1.871
-2.831,-0.716
-2.796,1.73
-2.955,1.31
-2.846,-1.7
-2.939,-0.592
-2.987,-0.355
-3.099,-2.006
3.118,-0.45
-3.086,0.085
-3.098,-1.072
2.962,-2.113
2.975,0.569
3.065,1.31
3.037,-0.43
2.896,-1.701
2.803,1.159
2.909,-0.175
2.79,0.67
2.803,0.706
2.549,-1.479
2.61,0.167
2.32,1.796
2.178,-0.938
2.295,-1.034
2.152,1.633
1.842,0.449
1.717,-0.316
1.583,-1.695
1.553,0.914
1.646,1.396
1.467,-0.03
1.563,1.612
1.393,0.804
1.209,-1.835
0.976,0.212
0.825,1.714
0.789,-1.842
0.77,1.73
0.843,0.942
0.687,-1.909
0.789,1.516
0.626,-2.386
0.593,-2.509
0.562,-2.441
0.493,-2.496
-0.271,-2.506
-0.596,-2.464
-1.354,-2.391
-2.566,-2.396
1.994,-2.301
0.806,-2.275
0.305,2.103
0.253,2.219
0.194,1.921
-0.072,1.958
-0.177,2.178
-0.174,1.855
-0.282,1.922
-0.531,2.077
-0.564,2.176
-2.037,2.065
-2.222,2.128
-2.418,2.123
3.106,1.865
2.787,2.126
2.797,1.92
2.166,2.1
1.317,1.765
0.762,2.183
0.519,-0.707
-3.054,0.762
1.473,1.401
0.524,0.996
0.606,-1.686
0.542,0.291
0.42,0.295
0.312,-1.401
-2.064,1.357
-2.086,-0.581
-2.963,-0.615
2.584,0.275
2.267,0.259
1.354,-1.236
1.371,0.962
1.176,0.321
1.171,0.75
1.072,1.397
1.062,0.581
1.058,-0.22
0.937,-1.276
0.653,0.255
0.299,0.437
0.023,0.519
-1.982,0.481
0.86,-0.947
2.028,-2.043
1.03,1.538
1.805,-2.274
0.007,1.943
-0.194,2.691
-0.303,1.831
-0.437,3.62
-0.419,2.556
-0.435,3.082
-0.444,-0.025
-0.541,1.721
-0.5,2.856
-0.522,2.657
-0.679,1.454
-0.673,2.846
-1.118,3.204
-1.135,1.328
-1.112,1.999
-1.211,0.025
-1.127,2.444
-1.232,2.03
-1.38,2.316
-1.342,2.458
-1.397,3.506
-1.452,1.576
-1.53,1.99
-1.511,3.834
-1.537,2.068
-1.599,0.71
-1.677,-0.054
-1.766,2.309
-1.834,3.022
-1.869,1.697
-1.944,0.952
-1.864,2.791
-1.933,0.009
-1.955,1.751
-1.991,3.318
-1.948,1.02
-1.981,0.978
-2.065,3.527
-2.116,3.534
-2.062,2.078
-2.137,0.803
-2.076,1.552
-2.219,3.407
-2.29,0.668
-2.311,3.753
-2.288,1.472
-2.35,1.263
-2.314,2.863
-2.401,0.12
-2.355,2.132
-2.379,1.072
-2.37,3.185
-2.508,0.557
-2.61,1.774
-2.649,2.761
-2.628,0.09
-2.676,2.658
-2.698,2.974
-2.767,0.099
-2.79,2.065
-2.83,1.436
-2.833,2.07
-2.838,3.014
-2.835,1.313
-2.905,0.193
-2.927,1.341
-3.098,1.748
3.135,2.027
3.09,3.119
2.992,2.729
2.98,2.908
2.881,1.97
2.909,1.298
2.89,2.079
2.899,1.983
2.818,3.717
2.777,2.413
2.764,1.579
2.723,1.936
2.605,0.769
2.661,1.226
2.658,-0.12
2.585,2.567
2.531,1.6
2.469,2.161
2.541,2.05
2.532,-0.11
2.472,3.363
2.352,2.673
2.294,2.443
2.263,0.651
2.164,3.498
1.977,2.213
1.78,0.822
1.754,1.054
1.71,2.527
1.698,2.339
1.725,2.907
1.705,1.748
1.56,2.593
1.553,2.31
1.472,3.564
1.405,2.077
1.345,0.419
1.403,2.126
1.222,1.004
1.082,0.945
0.94,-0.039
0.944,2.823
0.927,1.845
0.896,0.569
0.884,2.52
0.799,1.988
0.771,0.598
0.737,2.685
0.78,2.414
0.742,2.323
0.67,2.287
0.742,-0.083
0.744,-0.005
0.658,2.435
0.636,-0.03
0.626,1.513
0.634,2.165
0.612,2.665
0.539,2.629
0.576,2.546
0.138,-0.243
-0.349,-0.522
-2.005,-0.191
-2.374,-0.3
-2.736,-0.303
-2.921,-0.364
-3.103,-0.349
2.939,-0.237
2.744,-0.429
2.127,-0.267
1.871,-0.468
1.149,-0.542
1.07,-0.45
0.914,-0.399
0.787,-0.509
0.693,-0.237
0.469,4.16
0.308,4.09
0.262,3.909
0.24,3.958
0.325,4.028
0.079,4.013
-0.663,4.095
-1.206,4.109
-1.199,4.12
-1.251,3.966
-1.455,3.946
-1.391,4.068
-2.273,3.929
-2.325,3.892
-2.367,3.876
-2.477,3.949
-2.841,4.055
2.809,4.132
2.467,3.858
2.272,3.941
2.214,4.249
2.01,4.359
1.704,3.933
1.475,4.339
1.294,3.956
0.554,4.101
0.498,4.165
0.477,2.583
0.429,1.22
0.375,0.497
0.427,1.332
0.286,0.506
0.092,2.499
-0.034,3.789
-0.148,3.761
-1.712,3.601
-2.283,1.1
2.19,3.189
1.607,3.238
0.607,2.286
0.458,3.735
0.405,-0.018
0.395,2.7
0.499,-0.17
0.396,0.296
0.484,2.318
0.303,-0.173
0.433,3.648
0.294,0.622
0.298,1.247
0.385,1.317
0.342,3.46
0.216,2.568
0.102,2.842
0.145,3.187
-0.064,1.429
-0.146,2.785
-0.073,3.402
-0.118,3.406
-0.13,1.838
-0.234,3.481
-0.271,2.743
-0.165,1.282
-0.338,1.138
-0.485,3.797
-0.35,-0.111
-0.582,2.892
-0.481,-0.073
-0.669,3.098
-0.56,0.692
-0.605,1.195
-0.785,2.445
-0.77,3.125
-0.787,3.585
-1.084,2.503
-1.121,0.124
-1.129,1.397
-1.238,1.281
-1.313,1.569
-1.207,3.691
-1.2,3.072
-1.28,-0.131
-1.449,2.548
-1.463,3.817
-1.56,3.668
-1.578,3.689
-1.447,3.684
-1.556,0.322
-1.51,1.419
-1.559,2.542
-1.728,3.777
-1.722,0.968
-1.596,2.56
-1.677,2.216
-1.677,0.549
-1.707,3.592
-1.972,1.53
-2.042,1.448
-2.24,0.369
-2.267,3.679
-2.162,2.096
-2.171,2.952
-2.337,-0.006
-2.426,1.792
-2.458,2.387
-2.363,3.751
-2.498,1.64
-2.405,3.715
-2.391,2.483
-2.59,-0.092
-2.612,1.427
-2.511,2.909
-2.582,1.887
-2.593,0.192
-2.598,3.666
-2.77,0.158
-2.698,2.22
-2.739,0.614
-2.868,0.36
-2.778,1.741
-2.887,0.034
-2.759,1.022
-2.834,1.036
-2.862,-0.074
-3.011,0.59
-3.021,0.185
-2.9,1.34
-2.865,3.786
-3.024,3.366
-2.915,0.356
-3.008,1.464
-3.056,1.701
3.115,0.05
3.049,1.606
3.128,2.141
3.116,0.984
2.893,-0.057
2.906,2.625
2.996,3.366
2.968,1.626
2.827,0.355
2.734,3.215
2.84,1.881
2.721,2.726
2.734,2.762
2.48,0.577
2.541,2.223
2.251,3.852
2.109,1.118
2.226,1.022
2.083,3.689
1.773,2.505
1.648,1.74
1.514,0.361
1.484,2.97
1.577,3.452
1.398,2.026
1.494,3.668
1.324,2.86
1.14,0.221
0.907,2.268
0.756,3.77
0.72,0.214
0.701,3.786
0.774,2.998
0.618,0.147
0.72,3.572
0.557,-0.33
0.524,-0.453
0.493,-0.385
0.424,-0.44
-0.34,-0.45
-0.665,-0.408
-1.423,-0.335
-2.635,-0.34
1.925,-0.245
0.737,-0.219
0.236,4.159
0.184,4.275
0.125,3.977
-0.141,4.014
-0.246,4.234
-0.243,3.911
-0.351,3.978
-0.6,4.133
-0.633,4.232
-2.106,4.121
-2.291,4.184
-2.487,4.179
3.037,3.921
2.718,4.182
2.728,3.976
2.097,4.156
1.248,3.821
0.693,4.239
0.45,1.349
-3.123,2.818
1.404,3.457
0.455,3.052
0.537,0.37
0.473,2.347
0.351,2.351
0.243,0.655
-2.133,3.413
-2.155,1.475
-3.032,1.441
2.515,2.331
2.198,2.315
1.285,0.82
1.302,3.018
1.107,2.377
1.102,2.806
1.003,3.453
0.993,2.637
0.989,1.836
0.868,0.78
0.584,2.311
0.23,2.493
-0.046,2.575
-2.051,2.537
0.791,1.109
1.959,0.013
0.961,3.594
1.736,-0.218
-0.062,3.999
-0.109,-0.86
-0.243,0.929
-0.225,-0.135
-0.241,0.391
-0.25,-2.716
-0.347,-0.97
-0.306,0.165
-0.328,-0.034
-0.485,-1.237
-0.479,0.155
-0.924,0.513
-0.941,-1.363
-0.918,-0.692
-1.017,-2.666
-0.933,-0.247
-1.038,-0.661
-1.186,-0.375
-1.148,-0.233
-1.203,0.815
-1.258,-1.115
-1.336,-0.701
-1.317,1.143
-1.343,-0.623
-1.405,-1.981
-1.483,-2.745
-1.572,-0.382
-1.64,0.331
-1.675,-0.994
-1.75,-1.739
-1.67,0.1
-1.739,-2.682
-1.761,-0.94
-1.797,0.627
-1.754,-1.671
-1.787,-1.713
-1.871,0.836
-1.922,0.843
-1.868,-0.613
-1.943,-1.888
-1.882,-1.139
-2.025,0.716
-2.096,-2.023
-2.117,1.062
-2.094,-1.219
-2.156,-1.428
-2.12,0.172
-2.207,-2.571
-2.161,-0.559
-2.185,-1.619
-2.176,0.494
-2.314,-2.134
-2.416,-0.917
-2.455,0.07
-2.434,-2.601
-2.482,-0.033
-2.504,0.283
-2.573,-2.592
-2.596,-0.626
-2.636,-1.255
-2.639,-0.621
-2.644,0.323
-2.641,-1.378
-2.711,-2.498
-2.733,-1.35
-2.904,-0.943
-2.954,-0.664
-2.999,0.428
-3.097,0.038
-3.109,0.217
3.075,-0.721
3.103,-1.393
3.084,-0.612
3.093,-0.708
3.012,1.026
2.971,-0.278
2.958,-1.112
2.917,-0.755
2.799,-1.922
2.855,-1.465
2.852,-2.811
2.779,-0.124
2.725,-1.091
2.663,-0.53
2.735,-0.641
2.726,-2.801
2.666,0.672
2.546,-0.018
2.488,-0.248
2.457,-2.04
2.358,0.807
2.171,-0.478
1.974,-1.869
1.948,-1.637
1.904,-0.164
1.892,-0.352
1.919,0.216
1.899,-0.943
1.754,-0.098
1.747,-0.381
1.666,0.873
1.599,-0.614
1.539,-2.272
1.597,-0.565
1.416,-1.687
1.276,-1.746
1.134,-2.73
1.138,0.132
1.121,-0.846
1.09,-2.122
1.078,-0.171
0.993,-0.703
0.965,-2.093
0.931,-0.006
0.974,-0.277
0.936,-0.368
0.864,-0.404
0.936,-2.774
0.938,-2.696
0.852,-0.256
0.83,-2.721
0.82,-1.178
0.828,-0.526
0.806,-0.026
0.733,-0.062
0.77,-0.145
0.332,-2.934
-0.155,-3.213
-1.811,-2.882
-2.18,-2.991
-2.542,-2.994
-2.727,-3.055
-2.909,-3.04
3.133,-2.928
2.938,-3.12
2.321,-2.958
2.065,-3.159
1.343,-3.233
1.264,-3.141
1.108,-3.09
0.981,-3.2
0.887,-2.928
0.663,1.469
0.502,1.399
0.456,1.218
0.434,1.267
0.519,1.337
0.273,1.322
-0.469,1.404
-1.012,1.418
-1.005,1.429
-1.057,1.275
-1.261,1.255
-1.197,1.377
-2.079,1.238
-2.131,1.201
-2.173,1.185
-2.283,1.258
-2.647,1.364
3.003,1.441
2.661,1.167
2.466,1.25
2.408,1.558
2.204,1.668
1.898,1.242
1.669,1.648
1.488,1.265
0.748,1.41
0.692,1.474
0.671,-0.108
0.623,-1.471
0.569,-2.194
0.621,-1.359
0.48,-2.185
0.286,-0.192
0.16,1.098
0.046,1.07
-1.518,0.91
-2.089,-1.591
2.384,0.498
1.801,0.547
0.801,-0.405
0.652,1.044
0.599,-2.709
0.589,0.009
0.693,-2.861
0.59,-2.395
0.678,-0.373
0.497,-2.864
0.627,0.957
0.488,-2.069
0.492,-1.444
0.579,-1.374
0.536,0.769
0.41,-0.123
0.296,0.151
0.339,0.496
0.13,-1.262
0.048,0.094
0.121,0.711
0.076,0.715
0.064,-0.853
-0.04,0.79
-0.077,0.052
0.029,-1.409
-0.144,-1.553
-0.291,1.106
-0.156,-2.802
-0.388,0.201
-0.287,-2.764
-0.475,0.407
-0.366,-1.999
-0.411,-1.496
-0.591,-0.246
-0.576,0.434
-0.593,0.894
-0.89,-0.188
-0.927,-2.567
-0.935,-1.294
-1.044,-1.41
-1.119,-1.122
-1.013,1.0
-1.006,0.381
-1.086,-2.822
-1.255,-0.143
-1.269,1.126
-1.366,0.977
-1.384,0.998
-1.253,0.993
-1.362,-2.369
-1.316,-1.272
-1.365,-0.149
-1.534,1.086
-1.528,-1.723
-1.402,-0.131
-1.483,-0.475
-1.483,-2.142
-1.513,0.901
-1.778,-1.161
-1.848,-1.243
-2.046,-2.322
-2.073,0.988
-1.968,-0.595
-1.977,0.261
-2.143,-2.697
-2.232,-0.899
-2.264,-0.304
-2.169,1.06
-2.304,-1.051
-2.211,1.024
-2.197,-0.208
-2.396,-2.783
-2.418,-1.264
-2.317,0.218
-2.388,-0.804
-2.399,-2.499
-2.404,0.975
-2.576,-2.533
-2.504,-0.471
-2.545,-2.077
-2.674,-2.331
-2.584,-0.95
-2.693,-2.657
-2.565,-1.669
-2.64,-1.655
-2.668,-2.765
-2.817,-2.101
-2.827,-2.506
-2.706,-1.351
-2.671,1.095
-2.83,0.675
-2.721,-2.335
-2.814,-1.227
-2.862,-0.99
-2.974,-2.641
-3.04,-1.085
-2.961,-0.55
-2.973,-1.707
3.087,-2.748
3.1,-0.066
-3.093,0.675
-3.121,-1.065
3.021,-2.336
2.928,0.524
3.034,-0.81
2.915,0.035
2.928,0.071
2.674,-2.114
2.735,-0.468
2.445,1.161
2.303,-1.573
2.42,-1.669
2.277,0.998
1.967,-0.186
1.842,-0.951
1.708,-2.33
1.678,0.279
1.771,0.761
1.592,-0.665
1.688,0.977
1.518,0.169
1.334,-2.47
1.101,-0.423
0.95,1.079
0.914,-2.477
0.895,1.095
0.968,0.307
0.812,-2.544
0.914,0.881
0.751,-3.021
0.718,-3.144
0.687,-3.076
0.618,-3.131
-0.146,-3.141
-0.471,-3.099
-1.229,-3.026
-2.441,-3.031
2.119,-2.936
0.931,-2.91
0.43,1.468
0.378,1.584
0.319,1.286
0.053,1.323
-0.052,1.543
-0.049,1.22
-0.157,1.287
-0.406,1.442
-0.439,1.541
-1.912,1.43
-2.097,1.493
-2.293,1.488
-3.052,1.23
2.912,1.491
2.922,1.285
2.291,1.465
1.442,1.13
0.887,1.548
0.644,-1.342
-2.929,0.127
1.598,0.766
0.649,0.361
0.731,-2.321
0.667,-0.344
0.545,-0.34
0.437,-2.036
-1.939,0.722
-1.961,-1.216
-2.838,-1.25
2.709,-0.36
2.392,-0.376
1.479,-1.871
1.496,0.327
1.301,-0.314
1.296,0.115
1.197,0.762
1.187,-0.054
1.183,-0.855
1.062,-1.911
0.778,-0.38
0.424,-0.198
0.148,-0.116
-1.857,-0.154
0.985,-1.582
2.153,-2.678
1.155,0.903
1.93,-2.909
0.132,1.308
-0.134,1.789
-0.116,0.725
-0.132,1.251
-0.141,-1.856
-0.238,-0.11
-0.197,1.025
-0.219,0.826
-0.376,-0.377
-0.37,1.015
-0.815,1.373
-0.832,-0.503
-0.809,0.168
-0.908,-1.806
-0.824,0.613
-0.929,0.199
-1.077,0.485
-1.039,0.627
-1.094,1.675
-1.149,-0.255
-1.227,0.159
-1.208,2.003
-1.234,0.237
-1.296,-1.121
-1.374,-1.885
-1.463,0.478
-1.531,1.191
-1.566,-0.134
-1.641,-0.879
-1.561,0.96
-1.63,-1.822
-1.652,-0.08
-1.688,1.487
-1.645,-0.811
-1.678,-0.853
-1.762,1.696
-1.813,1.703
-1.759,0.247
-1.834,-1.028
-1.773,-0.279
-1.916,1.576
-1.987,-1.163
-2.008,1.922
-1.985,-0.359
-2.047,-0.568
-2.011,1.032
-2.098,-1.711
-2.052,0.301
-2.076,-0.759
-2.067,1.354
-2.205,-1.274
-2.307,-0.057
-2.346,0.93
-2.325,-1.741
-2.373,0.827
-2.395,1.143
-2.464,-1.732
-2.487,0.234
-2.527,-0.395
-2.53,0.239
-2.535,1.183
-2.532,-0.518
-2.602,-1.638
-2.624,-0.49
-2.795,-0.083
-2.845,0.196
-2.89,1.288
-2.988,0.898
-3.0,1.077
-3.099,0.139
-3.071,-0.533
-3.09,0.248
-3.081,0.152
3.121,1.886
3.08,0.582
3.067,-0.252
3.026,0.105
2.908,-1.062
2.964,-0.605
2.961,-1.951
2.888,0.736
2.834,-0.231
2.772,0.33
2.844,0.219
2.835,-1.941
2.775,1.532
2.655,0.842
2.597,0.612
2.566,-1.18
2.467,1.667
2.28,0.382
2.083,-1.009
2.057,-0.777
2.013,0.696
2.001,0.508
2.028,1.076
2.008,-0.083
1.863,0.762
1.856,0.479
1.775,1.733
1.708,0.246
1.648,-1.412
1.706,0.295
1.525,-0.827
1.385,-0.886
1.243,-1.87
1.247,0.992
1.23,0.014
1.199,-1.262
1.187,0.689
1.102,0.157
1.074,-1.233
1.04,0.854
1.083,0.583
1.045,0.492
0.973,0.456
1.045,-1.914
1.047,-1.836
0.961,0.604
0.939,-1.861
0.929,-0.318
0.937,0.334
0.915,0.834
0.842,0.798
0.879,0.715
0.441,-2.074
-0.046,-2.353
-1.702,-2.022
-2.071,-2.131
-2.433,-2.134
-2.618,-2.195
-2.8,-2.18
-3.041,-2.068
3.047,-2.26
2.43,-2.098
2.174,-2.299
1.452,-2.373
1.373,-2.281
1.217,-2.23
1.09,-2.34
0.996,-2.068
0.772,2.329
0.611,2.259
0.565,2.078
0.543,2.127
0.628,2.197
0.382,2.182
-0.36,2.264
-0.903,2.278
-0.896,2.289
-0.948,2.135
-1.152,2.115
-1.088,2.237
-1.97,2.098
-2.022,2.061
-2.064,2.045
-2.174,2.118
-2.538,2.224
3.112,2.301
2.77,2.027
2.575,2.11
2.517,2.418
2.313,2.528
2.007,2.102
1.778,2.508
1.597,2.125
0.857,2.27
0.801,2.334
0.78,0.752
0.732,-0.611
0.678,-1.334
0.73,-0.499
0.589,-1.325
0.395,0.668
0.269,1.958
0.155,1.93
-1.409,1.77
-1.98,-0.731
2.493,1.358
1.91,1.407
0.91,0.455
0.761,1.904
0.708,-1.849
0.698,0.869
0.802,-2.001
0.699,-1.535
0.787,0.487
0.606,-2.004
0.736,1.817
0.597,-1.209
0.601,-0.584
0.688,-0.514
0.645,1.629
0.519,0.737
0.405,1.011
0.448,1.356
0.239,-0.402
0.157,0.954
0.23,1.571
0.185,1.575
0.173,0.007
0.069,1.65
0.032,0.912
0.138,-0.549
-0.035,-0.693
-0.182,1.966
-0.047,-1.942
-0.279,1.061
-0.178,-1.904
-0.366,1.267
-0.257,-1.139
-0.302,-0.636
-0.482,0.614
-0.467,1.294
-0.484,1.754
-0.781,0.672
-0.818,-1.707
-0.826,-0.434
-0.935,-0.55
-1.01,-0.262
-0.904,1.86
-0.897,1.241
-0.977,-1.962
-1.146,0.717
-1.16,1.986
-1.257,1.837
-1.275,1.858
-1.144,1.853
-1.253,-1.509
-1.207,-0.412
-1.256,0.711
-1.425,1.946
-1.419,-0.863
-1.293,0.729
-1.374,0.385
-1.374,-1.282
-1.404,1.761
-1.669,-0.301
-1.739,-0.383
-1.937,-1.462
-1.964,1.848
-1.859,0.265
-1.868,1.121
-2.034,-1.837
-2.123,-0.039
-2.155,0.556
-2.06,1.92
-2.195,-0.191
-2.102,1.884
-2.088,0.652
-2.287,-1.923
-2.309,-0.404
-2.208,1.078
-2.279,0.056
-2.29,-1.639
-2.295,1.835
-2.467,-1.673
-2.395,0.389
-2.436,-1.217
-2.565,-1.471
-2.475,-0.09
-2.584,-1.797
-2.456,-0.809
-2.531,-0.795
-2.559,-1.905
-2.708,-1.241
-2.718,-1.646
-2.597,-0.491
-2.562,1.955
-2.721,1.535
-2.612,-1.475
-2.705,-0.367
-2.753,-0.13
-2.865,-1.781
-2.931,-0.225
-2.852,0.31
-2.864,-0.847
-3.087,-1.888
-3.074,0.794
-2.984,1.535
-3.012,-0.205
3.13,-1.476
3.037,1.384
-3.14,0.05
3.024,0.895
3.037,0.931
2.783,-1.254
2.844,0.392
2.554,2.021
2.412,-0.713
2.529,-0.809
2.386,1.858
2.076,0.674
1.951,-0.091
1.817,-1.47
1.787,1.139
1.88,1.621
1.701,0.195
1.797,1.837
1.627,1.029
1.443,-1.61
1.21,0.437
1.059,1.939
1.023,-1.617
1.004,1.955
1.077,1.167
0.921,-1.684
1.023,1.741
0.86,-2.161
0.827,-2.284
0.796,-2.216
0.727,-2.271
-0.037,-2.281
-0.362,-2.239
-1.12,-2.166
-2.332,-2.171
2.228,-2.076
1.04,-2.05
0.539,2.328
0.487,2.444
0.428,2.146
0.162,2.183
0.057,2.403
0.06,2.08
-0.048,2.147
-0.297,2.302
-0.33,2.401
-1.803,2.29
-1.988,2.353
-2.184,2.348
-2.943,2.09
3.021,2.351
3.031,2.145
2.4,2.325
1.551,1.99
0.996,2.408
0.753,-0.482
-2.82,0.987
1.707,1.626
0.758,1.221
0.84,-1.461
0.776,0.516
0.654,0.52
0.546,-1.176
-1.83,1.582
-1.852,-0.356
-2.729,-0.39
2.818,0.5
2.501,0.484
1.588,-1.011
1.605,1.187
1.41,0.546
1.405,0.975
1.306,1.622
1.296,0.806
1.292,0.005
1.171,-1.051
0.887,0.48
0.533,0.662
0.257,0.744
-1.748,0.706
1.094,-0.722
2.262,-1.818
1.264,1.763
2.039,-2.049
0.241,2.168
0.018,-1.064
0.002,-0.538
-0.007,-3.645
-0.104,-1.899
-0.063,-0.764
-0.085,-0.963
-0.242,-2.166
-0.236,-0.774
-0.681,-0.416
-0.698,-2.292
-0.675,-1.621
-0.774,-3.595
-0.69,-1.176
-0.795,-1.59
-0.943,-1.304
-0.905,-1.162
-0.96,-0.114
-1.015,-2.044
-1.093,-1.63
-1.074,0.214
-1.1,-1.552
-1.162,-2.91
-1.24,-3.674
-1.329,-1.311
-1.397,-0.598
-1.432,-1.923
-1.507,-2.668
-1.427,-0.829
-1.496,-3.611
-1.518,-1.869
-1.554,-0.302
-1.511,-2.6
-1.544,-2.642
-1.628,-0.093
-1.679,-0.086
-1.625,-1.542
-1.7,-2.817
-1.639,-2.068
-1.782,-0.213
-1.853,-2.952
-1.874,0.133
-1.851,-2.148
-1.913,-2.357
-1.877,-0.757
-1.964,-3.5
-1.918,-1.488
-1.942,-2.548
-1.933,-0.435
-2.071,-3.063
-2.173,-1.846
-2.212,-0.859
-2.191,-3.53
-2.239,-0.962
-2.261,-0.646
-2.33,-3.521
-2.353,-1.555
-2.393,-2.184
-2.396,-1.55
-2.401,-0.606
-2.398,-2.307
-2.468,-3.427
-2.49,-2.279
-2.661,-1.872
-2.711,-1.593
-2.756,-0.501
-2.854,-0.891
-2.866,-0.712
-2.965,-1.65
-2.937,-2.322
-2.956,-1.541
-2.947,-1.637
-3.028,0.097
-3.069,-1.207
-3.082,-2.041
-3.123,-1.684
3.042,-2.851
3.098,-2.394
3.095,-3.74
3.022,-1.053
2.968,-2.02
2.906,-1.459
2.978,-1.57
2.969,-3.73
2.909,-0.257
2.789,-0.947
2.731,-1.177
2.7,-2.969
2.601,-0.122
2.414,-1.407
2.217,-2.798
2.191,-2.566
2.147,-1.093
2.135,-1.281
2.162,-0.713
2.142,-1.872
1.997,-1.027
1.99,-1.31
1.909,-0.056
1.842,-1.543
1.782,-3.201
1.84,-1.494
1.659,-2.616
1.519,-2.675
1.377,-3.659
1.381,-0.797
1.364,-1.775
1.333,-3.051
1.321,-1.1
1.236,-1.632
1.208,-3.022
1.174,-0.935
1.217,-1.206
1.179,-1.297
1.107,-1.333
1.179,-3.703
1.181,-3.625
1.095,-1.185
1.073,-3.65
1.063,-2.107
1.071,-1.455
1.049,-0.955
0.976,-0.991
1.013,-1.074
0.575,-3.863
0.088,-4.142
-1.568,-3.811
-1.937,-3.92
-2.299,-3.923
-2.484,-3.984
-2.666,-3.969
-2.907,-3.857
-3.102,-4.049
2.564,-3.887
2.308,-4.088
1.586,-4.162
1.507,-4.07
1.351,-4.019
1.224,-4.129
1.13,-3.857
0.906,0.54
0.745,0.47
0.699,0.289
0.677,0.338
0.762,0.408
0.516,0.393
-0.226,0.475
-0.769,0.489
-0.762,0.5
-0.814,0.346
-1.018,0.326
-0.954,0.448
-1.836,0.309
-1.888,0.272
-1.93,0.256
-2.04,0.329
-2.404,0.435
-3.037,0.512
2.904,0.238
2.709,0.321
2.651,0.629
2.447,0.739
2.141,0.313
1.912,0.719
1.731,0.336
0.991,0.481
0.935,0.545
0.914,-1.037
0.866,-2.4
0.812,-3.123
0.864,-2.288
0.723,-3.114
0.529,-1.121
0.403,0.169
0.289,0.141
-1.275,-0.019
-1.846,-2.52
2.627,-0.431
2.044,-0.382
1.044,-1.334
0.895,0.115
0.842,-3.638
0.832,-0.92
0.936,-3.79
0.833,-3.324
0.921,-1.302
0.74,-3.793
0.87,0.028
0.731,-2.998
0.735,-2.373
0.822,-2.303
0.779,-0.16
0.653,-1.052
0.539,-0.778
0.582,-0.433
0.373,-2.191
0.291,-0.835
0.364,-0.218
0.319,-0.214
0.307,-1.782
0.203,-0.139
0.166,-0.877
0.272,-2.338
0.099,-2.482
-0.048,0.177
0.087,-3.731
-0.145,-0.728
-0.044,-3.693
-0.232,-0.522
-0.123,-2.928
-0.168,-2.425
-0.348,-1.175
-0.333,-0.495
-0.35,-0.035
-0.647,-1.117
-0.684,-3.496
-0.692,-2.223
-0.801,-2.339
-0.876,-2.051
-0.77,0.071
-0.763,-0.548
-0.843,-3.751
-1.012,-1.072
-1.026,0.197
-1.123,0.048
-1.141,0.069
-1.01,0.064
-1.119,-3.298
-1.073,-2.201
-1.122,-1.078
-1.291,0.157
-1.285,-2.652
-1.159,-1.06
-1.24,-1.404
-1.24,-3.071
-1.27,-0.028
-1.535,-2.09
-1.605,-2.172
-1.803,-3.251
-1.83,0.059
-1.725,-1.524
-1.734,-0.668
-1.9,-3.626
-1.989,-1.828
-2.021,-1.233
-1.926,0.131
-2.061,-1.98
-1.968,0.095
-1.954,-1.137
-2.153,-3.712
-2.175,-2.193
-2.074,-0.711
-2.145,-1.733
-2.156,-3.428
-2.161,0.046
-2.333,-3.462
-2.261,-1.4
-2.302,-3.006
-2.431,-3.26
-2.341,-1.879
-2.45,-3.586
-2.322,-2.598
-2.397,-2.584
-2.425,-3.694
-2.574,-3.03
-2.584,-3.435
-2.463,-2.28
-2.428,0.166
-2.587,-0.254
-2.478,-3.264
-2.571,-2.156
-2.619,-1.919
-2.731,-3.57
-2.797,-2.014
-2.718,-1.479
-2.73,-2.636
-2.953,-3.677
-2.94,-0.995
-2.85,-0.254
-2.878,-1.994
-3.019,-3.265
-3.112,-0.405
-3.006,-1.739
-3.125,-0.894
-3.112,-0.858
2.917,-3.043
2.978,-1.397
2.688,0.232
2.546,-2.502
2.663,-2.598
2.52,0.069
2.21,-1.115
2.085,-1.88
1.951,-3.259
1.921,-0.65
2.014,-0.168
1.835,-1.594
1.931,0.048
1.761,-0.76
1.577,-3.399
1.344,-1.352
1.193,0.15
1.157,-3.406
1.138,0.166
1.211,-0.622
1.055,-3.473
1.157,-0.048
0.994,-3.95
0.961,-4.073
0.93,-4.005
0.861,-4.06
0.097,-4.07
-0.228,-4.028
-0.986,-3.955
-2.198,-3.96
2.362,-3.865
1.174,-3.839
0.673,0.539
0.621,0.655
0.562,0.357
0.296,0.394
0.191,0.614
0.194,0.291
0.086,0.358
-0.163,0.513
-0.196,0.612
-1.669,0.501
-1.854,0.564
-2.05,0.559
-2.809,0.301
-3.128,0.562
-3.118,0.356
2.534,0.536
1.685,0.201
1.13,0.619
0.887,-2.271
-2.686,-0.802
1.841,-0.163
0.892,-0.568
0.974,-3.25
0.91,-1.273
0.788,-1.269
0.68,-2.965
-1.696,-0.207
-1.718,-2.145
-2.595,-2.179
2.952,-1.289
2.635,-1.305
1.722,-2.8
1.739,-0.602
1.544,-1.243
1.539,-0.814
1.44,-0.167
1.43,-0.983
1.426,-1.784
1.305,-2.84
1.021,-1.309
0.667,-1.127
0.391,-1.045
-1.614,-1.083
1.228,-2.511
2.396,-3.607
1.398,-0.026
2.173,-3.838
0.375,0.379
-0.016,0.526
-0.025,-2.581
-0.122,-0.835
-0.081,0.3
-0.103,0.101
-0.26,-1.102
-0.254,0.29
-0.699,0.648
-0.716,-1.228
-0.693,-0.557
-0.792,-2.531
-0.708,-0.112
-0.813,-0.526
-0.961,-0.24
-0.923,-0.098
-0.978,0.95
-1.033,-0.98
-1.111,-0.566
-1.092,1.278
-1.118,-0.488
-1.18,-1.846
-1.258,-2.61
-1.347,-0.247
-1.415,0.466
-1.45,-0.859
-1.525,-1.604
-1.445,0.235
-1.514,-2.547
-1.536,-0.805
-1.572,0.762
-1.529,-1.536
-1.562,-1.578
-1.646,0.971
-1.697,0.978
-1.643,-0.478
-1.718,-1.753
-1.657,-1.004
-1.8,0.851
-1.871,-1.888
-1.892,1.197
-1.869,-1.084
-1.931,-1.293
-1.895,0.307
-1.982,-2.436
-1.936,-0.424
-1.96,-1.484
-1.951,0.629
-2.089,-1.999
-2.191,-0.782
-2.23,0.205
-2.209,-2.466
-2.257,0.102
-2.279,0.418
-2.348,-2.457
-2.371,-0.491
-2.411,-1.12
-2.414,-0.486
-2.419,0.458
-2.416,-1.243
-2.486,-2.363
-2.508,-1.215
-2.679,-0.808
-2.729,-0.529
-2.774,0.563
-2.872,0.173
-2.884,0.352
-2.983,-0.586
-2.955,-1.258
-2.974,-0.477
-2.965,-0.573
-3.046,1.161
-3.087,-0.143
-3.1,-0.977
-3.141,-0.62
3.024,-1.787
3.08,-1.33
3.077,-2.676
3.004,0.011
2.95,-0.956
2.888,-0.395
2.96,-0.506
2.951,-2.666
2.891,0.807
2.771,0.117
2.713,-0.113
2.682,-1.905
2.583,0.942
2.396,-0.343
2.199,-1.734
2.173,-1.502
2.129,-0.029
2.117,-0.217
2.144,0.351
2.124,-0.808
1.979,0.037
1.972,-0.246
1.891,1.008
1.824,-0.479
1.764,-2.137
1.822,-0.43
1.641,-1.552
1.501,-1.611
1.359,-2.595
1.363,0.267
1.346,-0.711
1.315,-1.987
1.303,-0.036
1.218,-0.568
1.19,-1.958
1.156,0.129
1.199,-0.142
1.161,-0.233
1.089,-0.269
1.161,-2.639
1.163,-2.561
1.077,-0.121
1.055,-2.586
1.045,-1.043
1.053,-0.391
1.031,0.109
0.958,0.073
0.995,-0.01
0.557,-2.799
0.07,-3.078
-1.586,-2.747
-1.955,-2.856
-2.317,-2.859
-2.502,-2.92
-2.684,-2.905
-2.925,-2.793
-3.12,-2.985
2.546,-2.823
2.29,-3.024
1.568,-3.098
1.489,-3.006
1.333,-2.955
1.206,-3.065
1.112,-2.793
0.888,1.604
0.727,1.534
0.681,1.353
0.659,1.402
0.744,1.472
0.498,1.457
-0.244,1.539
-0.787,1.553
-0.78,1.564
-0.832,1.41
-1.036,1.39
-0.972,1.512
-1.854,1.373
-1.906,1.336
-1.948,1.32
-2.058,1.393
-2.422,1.499
-3.055,1.576
2.886,1.302
2.691,1.385
2.633,1.693
2.429,1.803
2.123,1.377
1.894,1.783
1.713,1.4
0.973,1.545
0.917,1.609
0.896,0.027
0.848,-1.336
0.794,-2.059
0.846,-1.224
0.705,-2.05
0.511,-0.057
0.385,1.233
0.271,1.205
-1.293,1.045
-1.864,-1.456
2.609,0.633
2.026,0.682
1.026,-0.27
0.877,1.179
0.824,-2.574
0.814,0.144
0.918,-2.726
0.815,-2.26
0.903,-0.238
0.722,-2.729
0.852,1.092
0.713,-1.934
0.717,-1.309
0.804,-1.239
0.761,0.904
0.635,0.012
0.521,0.286
0.564,0.631
0.355,-1.127
0.273,0.229
0.346,0.846
0.301,0.85
0.289,-0.718
0.185,0.925
0.148,0.187
0.254,-1.274
0.081,-1.418
-0.066,1.241
0.069,-2.667
-0.163,0.336
-0.062,-2.629
-0.25,0.542
-0.141,-1.864
-0.186,-1.361
-0.366,-0.111
-0.351,0.569
-0.368,1.029
-0.665,-0.053
-0.702,-2.432
-0.71,-1.159
-0.819,-1.275
-0.894,-0.987
-0.788,1.135
-0.781,0.516
-0.861,-2.687
-1.03,-0.008
-1.044,1.261
-1.141,1.112
-1.159,1.133
-1.028,1.128
-1.137,-2.234
-1.091,-1.137
-1.14,-0.014
-1.309,1.221
-1.303,-1.588
-1.177,0.004
-1.258,-0.34
-1.258,-2.007
-1.288,1.036
-1.553,-1.026
-1.623,-1.108
-1.821,-2.187
-1.848,1.123
-1.743,-0.46
-1.752,0.396
-1.918,-2.562
-2.007,-0.764
-2.039,-0.169
-1.944,1.195
-2.079,-0.916
-1.986,1.159
-1.972,-0.073
-2.171,-2.648
-2.193,-1.129
-2.092,0.353
-2.163,-0.669
-2.174,-2.364
-2.179,1.11
-2.351,-2.398
-2.279,-0.336
-2.32,-1.942
-2.449,-2.196
-2.359,-0.815
-2.468,-2.522
-2.34,-1.534
-2.415,-1.52
-2.443,-2.63
-2.592,-1.966
-2.602,-2.371
-2.481,-1.216
-2.446,1.23
-2.605,0.81
-2.496,-2.2
-2.589,-1.092
-2.637,-0.855
-2.749,-2.506
-2.815,-0.95
-2.736,-0.415
-2.748,-1.572
-2.971,-2.613
-2.958,0.069
-2.868,0.81
-2.896,-0.93
-3.037,-2.201
-3.13,0.659
-3.024,-0.675
3.14,0.17
-3.13,0.206
2.899,-1.979
2.96,-0.333
2.67,1.296
2.528,-1.438
2.645,-1.534
2.502,1.133
2.192,-0.051
2.067,-0.816
1.933,-2.195
1.903,0.414
1.996,0.896
1.817,-0.53
1.913,1.112
1.743,0.304
1.559,-2.335
1.326,-0.288
1.175,1.214
1.139,-2.342
1.12,1.23
1.193,0.442
1.037,-2.409
1.139,1.016
0.976,-2.886
0.943,-3.009
0.912,-2.941
0.843,-2.996
0.079,-3.006
-0.246,-2.964
-1.004,-2.891
-2.216,-2.896
2.344,-2.801
1.156,-2.775
0.655,1.603
0.603,1.719
0.544,1.421
0.278,1.458
0.173,1.678
0.176,1.355
0.068,1.422
-0.181,1.577
-0.214,1.676
-1.687,1.565
-1.872,1.628
-2.068,1.623
-2.827,1.365
3.137,1.626
-3.136,1.42
2.516,1.6
1.667,1.265
1.112,1.683
0.869,-1.207
-2.704,0.262
1.823,0.901
0.874,0.496
0.956,-2.186
0.892,-0.209
0.77,-0.205
0.662,-1.901
-1.714,0.857
-1.736,-1.081
-2.613,-1.115
2.934,-0.225
2.617,-0.241
1.704,-1.736
1.721,0.462
1.526,-0.179
1.521,0.25
1.422,0.897
1.412,0.081
1.408,-0.72
1.287,-1.776
1.003,-0.245
0.649,-0.063
0.373,0.019
-1.632,-0.019
1.21,-1.447
2.378,-2.543
1.38,1.038
2.155,-2.774
0.357,1.443
-0.009,-3.107
-0.106,-1.361
-0.065,-0.226
-0.087,-0.425
-0.244,-1.628
-0.238,-0.236
-0.683,0.122
-0.7,-1.754
-0.677,-1.083
-0.776,-3.057
-0.692,-0.638
-0.797,-1.052
-0.945,-0.766
-0.907,-0.624
-0.962,0.424
-1.017,-1.506
-1.095,-1.092
-1.076,0.752
-1.102,-1.014
-1.164,-2.372
-1.242,-3.136
-1.331,-0.773
-1.399,-0.06
-1.434,-1.385
-1.509,-2.13
-1.429,-0.291
-1.498,-3.073
-1.52,-1.331
-1.556,0.236
-1.513,-2.062
-1.546,-2.104
-1.63,0.445
-1.681,0.452
-1.627,-1.004
-1.702,-2.279
-1.641,-1.53
-1.784,0.325
-1.855,-2.414
-1.876,0.671
-1.853,-1.61
-1.915,-1.819
-1.879,-0.219
-1.966,-2.962
-1.92,-0.95
-1.944,-2.01
-1.935,0.103
-2.073,-2.525
-2.175,-1.308
-2.214,-0.321
-2.193,-2.992
-2.241,-0.424
-2.263,-0.108
-2.332,-2.983
-2.355,-1.017
-2.395,-1.646
-2.398,-1.012
-2.403,-0.068
-2.4,-1.769
-2.47,-2.889
-2.492,-1.741
-2.663,-1.334
-2.713,-1.055
-2.758,0.037
-2.856,-0.353
-2.868,-0.174
-2.967,-1.112
-2.939,-1.784
-2.958,-1.003
-2.949,-1.099
-3.03,0.635
-3.071,-0.669
-3.084,-1.503
-3.125,-1.146
3.04,-2.313
3.096,-1.856
3.093,-3.202
3.02,-0.515
2.966,-1.482
2.904,-0.921
2.976,-1.032
2.967,-3.192
2.907,0.281
2.787,-0.409
2.729,-0.639
2.698,-2.431
2.599,0.416
2.412,-0.869
2.215,-2.26
2.189,-2.028
2.145,-0.555
2.133,-0.743
2.16,-0.175
2.14,-1.334
1.995,-0.489
1.988,-0.772
1.907,0.482
1.84,-1.005
1.78,-2.663
1.838,-0.956
1.657,-2.078
1.517,-2.137
1.375,-3.121
1.379,-0.259
1.362,-1.237
1.331,-2.513
1.319,-0.562
1.234,-1.094
1.206,-2.484
1.172,-0.397
1.215,-0.668
1.177,-0.759
1.105,-0.795
1.177,-3.165
1.179,-3.087
1.093,-0.647
1.071,-3.112
1.061,-1.569
1.069,-0.917
1.047,-0.417
0.974,-0.453
1.011,-0.536
0.573,-3.325
0.086,-3.604
-1.57,-3.273
-1.939,-3.382
-2.301,-3.385
-2.486,-3.446
-2.668,-3.431
-2.909,-3.319
-3.104,-3.511
2.562,-3.349
2.306,-3.55
1.584,-3.624
1.505,-3.532
1.349,-3.481
1.222,-3.591
1.128,-3.319
0.904,1.078
0.743,1.008
0.697,0.827
0.675,0.876
0.76,0.946
0.514,0.931
-0.228,1.013
-0.771,1.027
-0.764,1.038
-0.816,0.884
-1.02,0.864
-0.956,0.986
-1.838,0.847
-1.89,0.81
-1.932,0.794
-2.042,0.867
-2.406,0.973
-3.039,1.05
2.902,0.776
2.707,0.859
2.649,1.167
2.445,1.277
2.139,0.851
1.91,1.257
1.729,0.874
0.989,1.019
0.933,1.083
0.912,-0.499
0.864,-1.862
0.81,-2.585
0.862,-1.75
0.721,-2.576
0.527,-0.583
0.401,0.707
0.287,0.679
-1.277,0.519
-1.848,-1.982
2.625,0.107
2.042,0.156
1.042,-0.796
0.893,0.653
0.84,-3.1
0.83,-0.382
0.934,-3.252
0.831,-2.786
0.919,-0.764
0.738,-3.255
0.868,0.566
0.729,-2.46
0.733,-1.835
0.82,-1.765
0.777,0.378
0.651,-0.514
0.537,-0.24
0.58,0.105
0.371,-1.653
0.289,-0.297
0.362,0.32
0.317,0.324
0.305,-1.244
0.201,0.399
0.164,-0.339
0.27,-1.8
0.097,-1.944
-0.05,0.715
0.085,-3.193
-0.147,-0.19
-0.046,-3.155
-0.234,0.016
-0.125,-2.39
-0.17,-1.887
-0.35,-0.637
-0.335,0.043
-0.352,0.503
-0.649,-0.579
-0.686,-2.958
-0.694,-1.685
-0.803,-1.801
-0.878,-1.513
-0.772,0.609
-0.765,-0.01
-0.845,-3.213
-1.014,-0.534
-1.028,0.735
-1.125,0.586
-1.143,0.607
-1.012,0.602
-1.121,-2.76
-1.075,-1.663
-1.124,-0.54
-1.293,0.695
-1.287,-2.114
-1.161,-0.522
-1.242,-0.866
-1.242,-2.533
-1.272,0.51
-1.537,-1.552
-1.607,-1.634
-1.805,-2.713
-1.832,0.597
-1.727,-0.986
-1.736,-0.13
-1.902,-3.088
-1.991,-1.29
-2.023,-0.695
-1.928,0.669
-2.063,-1.442
-1.97,0.633
-1.956,-0.599
-2.155,-3.174
-2.177,-1.655
-2.076,-0.173
-2.147,-1.195
-2.158,-2.89
-2.163,0.584
-2.335,-2.924
-2.263,-0.862
-2.304,-2.468
-2.433,-2.722
-2.343,-1.341
-2.452,-3.048
-2.324,-2.06
-2.399,-2.046
-2.427,-3.156
-2.576,-2.492
-2.586,-2.897
-2.465,-1.742
-2.43,0.704
-2.589,0.284
-2.48,-2.726
-2.573,-1.618
-2.621,-1.381
-2.733,-3.032
-2.799,-1.476
-2.72,-0.941
-2.732,-2.098
-2.955,-3.139
-2.942,-0.457
-2.852,0.284
-2.88,-1.456
-3.021,-2.727
-3.114,0.133
-3.008,-1.201
-3.127,-0.356
-3.114,-0.32
2.915,-2.505
2.976,-0.859
2.686,0.77
2.544,-1.964
2.661,-2.06
2.518,0.607
2.208,-0.577
2.083,-1.342
1.949,-2.721
1.919,-0.112
2.012,0.37
1.833,-1.056
1.929,0.586
1.759,-0.222
1.575,-2.861
1.342,-0.814
1.191,0.688
1.155,-2.868
1.136,0.704
1.209,-0.084
1.053,-2.935
1.155,0.49
0.992,-3.412
0.959,-3.535
0.928,-3.467
0.859,-3.522
0.095,-3.532
-0.23,-3.49
-0.988,-3.417
-2.2,-3.422
2.36,-3.327
1.172,-3.301
0.671,1.077
0.619,1.193
0.56,0.895
0.294,0.932
0.189,1.152
0.192,0.829
0.084,0.896
-0.165,1.051
-0.198,1.15
-1.671,1.039
-1.856,1.102
-2.052,1.097
-2.811,0.839
-3.13,1.1
-3.12,0.894
2.532,1.074
1.683,0.739
1.128,1.157
0.885,-1.733
-2.688,-0.264
1.839,0.375
0.89,-0.03
0.972,-2.712
0.908,-0.735
0.786,-0.731
0.678,-2.427
-1.698,0.331
-1.72,-1.607
-2.597,-1.641
2.95,-0.751
2.633,-0.767
1.72,-2.262
1.737,-0.064
1.542,-0.705
1.537,-0.276
1.438,0.371
1.428,-0.445
1.424,-1.246
1.303,-2.302
1.019,-0.771
0.665,-0.589
0.389,-0.507
-1.616,-0.545
1.226,-1.973
2.394,-3.069
1.396,0.512
2.171,-3.3
0.373,0.917
-0.097,1.746
-0.056,2.881
-0.078,2.682
-0.235,1.479
-0.229,2.871
-0.674,3.229
-0.691,1.353
-0.668,2.024
-0.767,0.05
-0.683,2.469
-0.788,2.055
-0.936,2.341
-0.898,2.483
-0.953,3.531
-1.008,1.601
-1.086,2.015
-1.067,3.859
-1.093,2.093
-1.155,0.735
-1.233,-0.029
-1.322,2.334
-1.39,3.047
-1.425,1.722
-1.5,0.977
-1.42,2.816
-1.489,0.034
-1.511,1.776
-1.547,3.343
-1.504,1.045
-1.537,1.003
-1.621,3.552
-1.672,3.559
-1.618,2.103
-1.693,0.828
-1.632,1.577
-1.775,3.432
-1.846,0.693
-1.867,3.778
-1.844,1.497
-1.906,1.288
-1.87,2.888
-1.957,0.145
-1.911,2.157
-1.935,1.097
-1.926,3.21
-2.064,0.582
-2.166,1.799
-2.205,2.786
-2.184,0.115
-2.232,2.683
-2.254,2.999
-2.323,0.124
-2.346,2.09
-2.386,1.461
-2.389,2.095
-2.394,3.039
-2.391,1.338
-2.461,0.218
-2.483,1.366
-2.654,1.773
-2.704,2.052
-2.749,3.144
-2.847,2.754
-2.859,2.933
-2.958,1.995
-2.93,1.323
-2.949,2.104
-2.94,2.008
-3.021,3.742
-3.062,2.438
-3.075,1.604
-3.116,1.961
3.049,0.794
3.105,1.251
3.102,-0.095
3.029,2.592
2.975,1.625
2.913,2.186
2.985,2.075
2.976,-0.085
2.916,3.388
2.796,2.698
2.738,2.468
2.707,0.676
2.608,3.523
2.421,2.238
2.224,0.847
2.198,1.079
2.154,2.552
2.142,2.364
2.169,2.932
2.149,1.773
2.004,2.618
1.997,2.335
1.916,3.589
1.849,2.102
1.789,0.444
1.847,2.151
1.666,1.029
1.526,0.97
1.384,-0.014
1.388,2.848
1.371,1.87
1.34,0.594
1.328,2.545
1.243,2.013
1.215,0.623
1.181,2.71
1.224,2.439
1.186,2.348
1.114,2.312
1.186,-0.058
1.188,0.02
1.102,2.46
1.08,-0.005
1.07,1.538
1.078,2.19
1.056,2.69
0.983,2.654
1.02,2.571
0.582,-0.218
0.095,-0.497
-1.561,-0.166
-1.93,-0.275
-2.292,-0.278
-2.477,-0.339
-2.659,-0.324
-2.9,-0.212
-3.095,-0.404
2.571,-0.242
2.315,-0.443
1.593,-0.517
1.514,-0.425
1.358,-0.374
1.231,-0.484
1.137,-0.212
0.913,4.185
0.752,4.115
0.706,3.934
0.684,3.983
0.769,4.053
0.523,4.038
-0.219,4.12
-0.762,4.134
-0.755,4.145
-0.807,3.991
-1.011,3.971
-0.947,4.093
-1.829,3.954
-1.881,3.917
-1.923,3.901
-2.033,3.974
-2.397,4.08
-3.03,4.157
2.911,3.883
2.716,3.966
2.658,4.274
2.454,4.384
2.148,3.958
1.919,4.364
1.738,3.981
0.998,4.126
0.942,4.19
0.921,2.608
0.873,1.245
0.819,0.522
0.871,1.357
0.73,0.531
0.536,2.524
0.41,3.814
0.296,3.786
-1.268,3.626
-1.839,1.125
2.634,3.214
2.051,3.263
1.051,2.311
0.902,3.76
0.849,0.007
0.839,2.725
0.943,-0.145
0.84,0.321
0.928,2.343
0.747,-0.148
0.877,3.673
0.738,0.647
0.742,1.272
0.829,1.342
0.786,3.485
0.66,2.593
0.546,2.867
0.589,3.212
0.38,1.454
0.298,2.81
0.371,3.427
0.326,3.431
0.314,1.863
0.21,3.506
0.173,2.768
0.279,1.307
0.106,1.163
-0.041,3.822
0.094,-0.086
-0.138,2.917
-0.037,-0.048
-0.225,3.123
-0.116,0.717
-0.161,1.22
-0.341,2.47
-0.326,3.15
-0.343,3.61
-0.64,2.528
-0.677,0.149
-0.685,1.422
-0.794,1.306
-0.869,1.594
-0.763,3.716
-0.756,3.097
-0.836,-0.106
-1.005,2.573
-1.019,3.842
-1.116,3.693
-1.134,3.714
-1.003,3.709
-1.112,0.347
-1.066,1.444
-1.115,2.567
-1.284,3.802
-1.278,0.993
-1.152,2.585
-1.233,2.241
-1.233,0.574
-1.263,3.617
-1.528,1.555
-1.598,1.473
-1.796,0.394
-1.823,3.704
-1.718,2.121
-1.727,2.977
-1.893,0.019
-1.982,1.817
-2.014,2.412
-1.919,3.776
-2.054,1.665
-1.961,3.74
-1.947,2.508
-2.146,-0.067
-2.168,1.452
-2.067,2.934
-2.138,1.912
-2.149,0.217
-2.154,3.691
-2.326,0.183
-2.254,2.245
-2.295,0.639
-2.424,0.385
-2.334,1.766
-2.443,0.059
-2.315,1.047
-2.39,1.061
-2.418,-0.049
-2.567,0.615
-2.577,0.21
-2.456,1.365
-2.421,3.811
-2.58,3.391
-2.471,0.381
-2.564,1.489
-2.612,1.726
-2.724,0.075
-2.79,1.631
-2.711,2.166
-2.723,1.009
-2.946,-0.032
-2.933,2.65
-2.843,3.391
-2.871,1.651
-3.012,0.38
-3.105,3.24
-2.999,1.906
-3.118,2.751
-3.105,2.787
2.924,0.602
2.985,2.248
2.695,3.877
2.553,1.143
2.67,1.047
2.527,3.714
2.217,2.53
2.092,1.765
1.958,0.386
1.928,2.995
2.021,3.477
1.842,2.051
1.938,3.693
1.768,2.885
1.584,0.246
1.351,2.293
1.2,3.795
1.164,0.239
1.145,3.811
1.218,3.023
1.062,0.172
1.164,3.597
1.001,-0.305
0.968,-0.428
0.937,-0.36
0.868,-0.415
0.104,-0.425
-0.221,-0.383
-0.979,-0.31
-2.191,-0.315
2.369,-0.22
1.181,-0.194
0.68,4.184
0.628,4.3
0.569,4.002
0.303,4.039
0.198,4.259
0.201,3.936
0.093,4.003
-0.156,4.158
-0.189,4.257
-1.662,4.146
-1.847,4.209
-2.043,4.204
-2.802,3.946
-3.121,4.207
-3.111,4.001
2.541,4.181
1.692,3.846
1.137,4.264
0.894,1.374
-2.679,2.843
1.848,3.482
0.899,3.077
0.981,0.395
0.917,2.372
0.795,2.376
0.687,0.68
-1.689,3.438
-1.711,1.5
-2.588,1.466
2.959,2.356
2.642,2.34
1.729,0.845
1.746,3.043
1.551,2.402
1.546,2.831
1.447,3.478
1.437,2.662
1.433,1.861
1.312,0.805
1.028,2.336
0.674,2.518
0.398,2.6
-1.607,2.562
1.235,1.134
2.403,0.038
1.405,3.619
2.18,-0.193
0.382,4.024
0.041,1.135
0.019,0.936
-0.138,-0.267
-0.132,1.125
-0.577,1.483
-0.594,-0.393
-0.571,0.278
-0.67,-1.696
-0.586,0.723
-0.691,0.309
-0.839,0.595
-0.801,0.737
-0.856,1.785
-0.911,-0.145
-0.989,0.269
-0.97,2.113
-0.996,0.347
-1.058,-1.011
-1.136,-1.775
-1.225,0.588
-1.293,1.301
-1.328,-0.024
-1.403,-0.769
-1.323,1.07
-1.392,-1.712
-1.414,0.03
-1.45,1.597
-1.407,-0.701
-1.44,-0.743
-1.524,1.806
-1.575,1.813
-1.521,0.357
-1.596,-0.918
-1.535,-0.169
-1.678,1.686
-1.749,-1.053
-1.77,2.032
-1.747,-0.249
-1.809,-0.458
-1.773,1.142
-1.86,-1.601
-1.814,0.411
-1.838,-0.649
-1.829,1.464
-1.967,-1.164
-2.069,0.053
-2.108,1.04
-2.087,-1.631
-2.135,0.937
-2.157,1.253
-2.226,-1.622
-2.249,0.344
-2.289,-0.285
-2.292,0.349
-2.297,1.293
-2.294,-0.408
-2.364,-1.528
-2.386,-0.38
-2.557,0.027
-2.607,0.306
-2.652,1.398
-2.75,1.008
-2.762,1.187
-2.861,0.249
-2.833,-0.423
-2.852,0.358
-2.843,0.262
-2.924,1.996
-2.965,0.692
-2.978,-0.142
-3.019,0.215
-3.137,-0.952
-3.081,-0.495
-3.084,-1.841
3.126,0.846
3.072,-0.121
3.01,0.44
3.082,0.329
3.073,-1.831
3.013,1.642
2.893,0.952
2.835,0.722
2.804,-1.07
2.705,1.777
2.518,0.492
2.321,-0.899
2.295,-0.667
2.251,0.806
2.239,0.618
2.266,1.186
2.246,0.027
2.101,0.872
2.094,0.589
2.013,1.843
1.946,0.356
1.886,-1.302
1.944,0.405
1.763,-0.717
1.623,-0.776
1.481,-1.76
1.485,1.102
1.468,0.124
1.437,-1.152
1.425,0.799
1.34,0.267
1.312,-1.123
1.278,0.964
1.321,0.693
1.283,0.602
1.211,0.566
1.283,-1.804
1.285,-1.726
1.199,0.714
1.177,-1.751
1.167,-0.208
1.175,0.444
1.153,0.944
1.08,0.908
1.117,0.825
0.679,-1.964
0.192,-2.243
-1.464,-1.912
-1.833,-2.021
-2.195,-2.024
-2.38,-2.085
-2.562,-2.07
-2.803,-1.958
-2.998,-2.15
2.668,-1.988
2.412,-2.189
1.69,-2.263
1.611,-2.171
1.455,-2.12
1.328,-2.23
1.234,-1.958
1.01,2.439
0.849,2.369
0.803,2.188
0.781,2.237
0.866,2.307
0.62,2.292
-0.122,2.374
-0.665,2.388
-0.658,2.399
-0.71,2.245
-0.914,2.225
-0.85,2.347
-1.732,2.208
-1.784,2.171
-1.826,2.155
-1.936,2.228
-2.3,2.334
-2.933,2.411
3.008,2.137
2.813,2.22
2.755,2.528
2.551,2.638
2.245,2.212
2.016,2.618
1.835,2.235
1.095,2.38
1.039,2.444
1.018,0.862
0.97,-0.501
0.916,-1.224
0.968,-0.389
0.827,-1.215
0.633,0.778
0.507,2.068
0.393,2.04
-1.171,1.88
-1.742,-0.621
2.731,1.468
2.148,1.517
1.148,0.565
0.999,2.014
0.946,-1.739
0.936,0.979
1.04,-1.891
0.937,-1.425
1.025,0.597
0.844,-1.894
0.974,1.927
0.835,-1.099
0.839,-0.474
0.926,-0.404
0.883,1.739
0.757,0.847
0.643,1.121
0.686,1.466
0.477,-0.292
0.395,1.064
0.468,1.681
0.423,1.685
0.411,0.117
0.307,1.76
0.27,1.022
0.376,-0.439
0.203,-0.583
0.056,2.076
0.191,-1.832
-0.041,1.171
0.06,-1.794
-0.128,1.377
-0.019,-1.029
-0.064,-0.526
-0.244,0.724
-0.229,1.404
-0.246,1.864
-0.543,0.782
-0.58,-1.597
-0.588,-0.324
-0.697,-0.44
-0.772,-0.152
-0.666,1.97
-0.659,1.351
-0.739,-1.852
-0.908,0.827
-0.922,2.096
-1.019,1.947
-1.037,1.968
-0.906,1.963
-1.015,-1.399
-0.969,-0.302
-1.018,0.821
-1.187,2.056
-1.181,-0.753
-1.055,0.839
-1.136,0.495
-1.136,-1.172
-1.166,1.871
-1.431,-0.191
-1.501,-0.273
-1.699,-1.352
-1.726,1.958
-1.621,0.375
-1.63,1.231
-1.796,-1.727
-1.885,0.071
-1.917,0.666
-1.822,2.03
-1.957,-0.081
-1.864,1.994
-1.85,0.762
-2.049,-1.813
-2.071,-0.294
-1.97,1.188
-2.041,0.166
-2.052,-1.529
-2.057,1.945
-2.229,-1.563
-2.157,0.499
-2.198,-1.107
-2.327,-1.361
-2.237,0.02
-2.346,-1.687
-2.218,-0.699
-2.293,-0.685
-2.321,-1.795
-2.47,-1.131
-2.48,-1.536
-2.359,-0.381
-2.324,2.065
-2.483,1.645
-2.374,-1.365
-2.467,-0.257
-2.515,-0.02
-2.627,-1.671
-2.693,-0.115
-2.614,0.42
-2.626,-0.737
-2.849,-1.778
-2.836,0.904
-2.746,1.645
-2.774,-0.095
-2.915,-1.366
-3.008,1.494
-2.902,0.16
-3.021,1.005
-3.008,1.041
3.021,-1.144
3.082,0.502
2.792,2.131
2.65,-0.603
2.767,-0.699
2.624,1.968
2.314,0.784
2.189,0.019
2.055,-1.36
2.025,1.249
2.118,1.731
1.939,0.305
2.035,1.947
1.865,1.139
1.681,-1.5
1.448,0.547
1.297,2.049
1.261,-1.507
1.242,2.065
1.315,1.277
1.159,-1.574
1.261,1.851
1.098,-2.051
1.065,-2.174
1.034,-2.106
0.965,-2.161
0.201,-2.171
-0.124,-2.129
-0.882,-2.056
-2.094,-2.061
2.466,-1.966
1.278,-1.94
0.777,2.438
0.725,2.554
0.666,2.256
0.4,2.293
0.295,2.513
0.298,2.19
0.19,2.257
-0.059,2.412
-0.092,2.511
-1.565,2.4
-1.75,2.463
-1.946,2.458
-2.705,2.2
-3.024,2.461
-3.014,2.255
2.638,2.435
1.789,2.1
1.234,2.518
0.991,-0.372
-2.582,1.097
1.945,1.736
0.996,1.331
1.078,-1.351
1.014,0.626
0.892,0.63
0.784,-1.066
-1.592,1.692
-1.614,-0.246
-2.491,-0.28
3.056,0.61
2.739,0.594
1.826,-0.901
1.843,1.297
1.648,0.656
1.643,1.085
1.544,1.732
1.534,0.916
1.53,0.115
1.409,-0.941
1.125,0.59
0.771,0.772
0.495,0.854
-1.51,0.816
1.332,-0.612
2.5,-1.708
1.502,1.873
2.277,-1.939
0.479,2.278
-0.022,-0.199
-0.179,-1.402
-0.173,-0.01
-0.618,0.348
-0.635,-1.528
-0.612,-0.857
-0.711,-2.831
-0.627,-0.412
-0.732,-0.826
-0.88,-0.54
-0.842,-0.398
-0.897,0.65
-0.952,-1.28
-1.03,-0.866
-1.011,0.978
-1.037,-0.788
-1.099,-2.146
-1.177,-2.91
-1.266,-0.547
-1.334,0.166
-1.369,-1.159
-1.444,-1.904
-1.364,-0.065
-1.433,-2.847
-1.455,-1.105
-1.491,0.462
-1.448,-1.836
-1.481,-1.878
-1.565,0.671
-1.616,0.678
-1.562,-0.778
-1.637,-2.053
-1.576,-1.304
-1.719,0.551
-1.79,-2.188
-1.811,0.897
-1.788,-1.384
-1.85,-1.593
-1.814,0.007
-1.901,-2.736
-1.855,-0.724
-1.879,-1.784
-1.87,0.329
-2.008,-2.299
-2.11,-1.082
-2.149,-0.095
-2.128,-2.766
-2.176,-0.198
-2.198,0.118
-2.267,-2.757
-2.29,-0.791
-2.33,-1.42
-2.333,-0.786
-2.338,0.158
-2.335,-1.543
-2.405,-2.663
-2.427,-1.515
-2.598,-1.108
-2.648,-0.829
-2.693,0.263
-2.791,-0.127
-2.803,0.052
-2.902,-0.886
-2.874,-1.558
-2.893,-0.777
-2.884,-0.873
-2.965,0.861
-3.006,-0.443
-3.019,-1.277
-3.06,-0.92
3.105,-2.087
-3.122,-1.63
-3.125,-2.976
3.085,-0.289
3.031,-1.256
2.969,-0.695
3.041,-0.806
3.032,-2.966
2.972,0.507
2.852,-0.183
2.794,-0.413
2.763,-2.205
2.664,0.642
2.477,-0.643
2.28,-2.034
2.254,-1.802
2.21,-0.329
2.198,-0.517
2.225,0.051
2.205,-1.108
2.06,-0.263
2.053,-0.546
1.972,0.708
1.905,-0.779
1.845,-2.437
1.903,-0.73
1.722,-1.852
1.582,-1.911
1.44,-2.895
1.444,-0.033
1.427,-1.011
1.396,-2.287
1.384,-0.336
1.299,-0.868
1.271,-2.258
1.237,-0.171
1.28,-0.442
1.242,-0.533
1.17,-0.569
1.242,-2.939
1.244,-2.861
1.158,-0.421
1.136,-2.886
1.126,-1.343
1.134,-0.691
1.112,-0.191
1.039,-0.227
1.076,-0.31
0.638,-3.099
0.151,-3.378
-1.505,-3.047
-1.874,-3.156
-2.236,-3.159
-2.421,-3.22
-2.603,-3.205
-2.844,-3.093
-3.039,-3.285
2.627,-3.123
2.371,-3.324
1.649,-3.398
1.57,-3.306
1.414,-3.255
1.287,-3.365
1.193,-3.093
0.969,1.304
0.808,1.234
0.762,1.053
0.74,1.102
0.825,1.172
0.579,1.157
-0.163,1.239
-0.706,1.253
-0.699,1.264
-0.751,1.11
-0.955,1.09
-0.891,1.212
-1.773,1.073
-1.825,1.036
-1.867,1.02
-1.977,1.093
-2.341,1.199
-2.974,1.276
2.967,1.002
2.772,1.085
2.714,1.393
2.51,1.503
2.204,1.077
1.975,1.483
1.794,1.1
1.054,1.245
0.998,1.309
0.977,-0.273
0.929,-1.636
0.875,-2.359
0.927,-1.524
0.786,-2.35
0.592,-0.357
0.466,0.933
0.352,0.905
-1.212,0.745
-1.783,-1.756
2.69,0.333
2.107,0.382
1.107,-0.57
0.958,0.879
0.905,-2.874
0.895,-0.156
0.999,-3.026
0.896,-2.56
0.984,-0.538
0.803,-3.029
0.933,0.792
0.794,-2.234
0.798,-1.609
0.885,-1.539
0.842,0.604
0.716,-0.288
0.602,-0.014
0.645,0.331
0.436,-1.427
0.354,-0.071
0.427,0.546
0.382,0.55
0.37,-1.018
0.266,0.625
0.229,-0.113
0.335,-1.574
0.162,-1.718
0.015,0.941
0.15,-2.967
-0.082,0.036
0.019,-2.929
-0.169,0.242
-0.06,-2.164
-0.105,-1.661
-0.285,-0.411
-0.27,0.269
-0.287,0.729
-0.584,-0.353
-0.621,-2.732
-0.629,-1.459
-0.738,-1.575
-0.813,-1.287
-0.707,0.835
-0.7,0.216
-0.78,-2.987
-0.949,-0.308
-0.963,0.961
-1.06,0.812
-1.078,0.833
-0.947,0.828
-1.056,-2.534
-1.01,-1.437
-1.059,-0.314
-1.228,0.921
-1.222,-1.888
-1.096,-0.296
-1.177,-0.64
-1.177,-2.307
-1.207,0.736
-1.472,-1.326
-1.542,-1.408
-1.74,-2.487
-1.767,0.823
-1.662,-0.76
-1.671,0.096
-1.837,-2.862
-1.926,-1.064
-1.958,-0.469
-1.863,0.895
-1.998,-1.216
-1.905,0.859
-1.891,-0.373
-2.09,-2.948
-2.112,-1.429
-2.011,0.053
-2.082,-0.969
-2.093,-2.664
-2.098,0.81
-2.27,-2.698
-2.198,-0.636
-2.239,-2.242
-2.368,-2.496
-2.278,-1.115
-2.387,-2.822
-2.259,-1.834
-2.334,-1.82
-2.362,-2.93
-2.511,-2.266
-2.521,-2.671
-2.4,-1.516
-2.365,0.93
-2.524,0.51
-2.415,-2.5
-2.508,-1.392
-2.556,-1.155
-2.668,-2.806
-2.734,-1.25
-2.655,-0.715
-2.667,-1.872
-2.89,-2.913
-2.877,-0.231
-2.787,0.51
-2.815,-1.23
-2.956,-2.501
-3.049,0.359
-2.943,-0.975
-3.062,-0.13
-3.049,-0.094
2.98,-2.279
3.041,-0.633
2.751,0.996
2.609,-1.738
2.726,-1.834
2.583,0.833
2.273,-0.351
2.148,-1.116
2.014,-2.495
1.984,0.114
2.077,0.596
1.898,-0.83
1.994,0.812
1.824,0.004
1.64,-2.635
1.407,-0.588
1.256,0.914
1.22,-2.642
1.201,0.93
1.274,0.142
1.118,-2.709
1.22,0.716
1.057,-3.186
1.024,-3.309
0.993,-3.241
0.924,-3.296
0.16,-3.306
-0.165,-3.264
-0.923,-3.191
-2.135,-3.196
2.425,-3.101
1.237,-3.075
0.736,1.303
0.684,1.419
0.625,1.121
0.359,1.158
0.254,1.378
0.257,1.055
0.149,1.122
-0.1,1.277
-0.133,1.376
-1.606,1.265
-1.791,1.328
-1.987,1.323
-2.746,1.065
-3.065,1.326
-3.055,1.12
2.597,1.3
1.748,0.965
1.193,1.383
0.95,-1.507
-2.623,-0.038
1.904,0.601
0.955,0.196
1.037,-2.486
0.973,-0.509
0.851,-0.505
0.743,-2.201
-1.633,0.557
-1.655,-1.381
-2.532,-1.415
3.015,-0.525
2.698,-0.541
1.785,-2.036
1.802,0.162
1.607,-0.479
1.602,-0.05
1.503,0.597
1.493,-0.219
1.489,-1.02
1.368,-2.076
1.084,-0.545
0.73,-0.363
0.454,-0.281
-1.551,-0.319
1.291,-1.747
2.459,-2.843
1.461,0.738
2.236,-3.074
0.438,1.143
-0.157,-1.203
-0.151,0.189
-0.596,0.547
-0.613,-1.329
-0.59,-0.658
-0.689,-2.632
-0.605,-0.213
-0.71,-0.627
-0.858,-0.341
-0.82,-0.199
-0.875,0.849
-0.93,-1.081
-1.008,-0.667
-0.989,1.177
-1.015,-0.589
-1.077,-1.947
-1.155,-2.711
-1.244,-0.348
-1.312,0.365
-1.347,-0.96
-1.422,-1.705
-1.342,0.134
-1.411,-2.648
-1.433,-0.906
-1.469,0.661
-1.426,-1.637
-1.459,-1.679
-1.543,0.87
-1.594,0.877
-1.54,-0.579
-1.615,-1.854
-1.554,-1.105
-1.697,0.75
-1.768,-1.989
-1.789,1.096
-1.766,-1.185
-1.828,-1.394
-1.792,0.206
-1.879,-2.537
-1.833,-0.525
-1.857,-1.585
-1.848,0.528
-1.986,-2.1
-2.088,-0.883
-2.127,0.104
-2.106,-2.567
-2.154,0.001
-2.176,0.317
-2.245,-2.558
-2.268,-0.592
-2.308,-1.221
-2.311,-0.587
-2.316,0.357
-2.313,-1.344
-2.383,-2.464
-2.405,-1.316
-2.576,-0.909
-2.626,-0.63
-2.671,0.462
-2.769,0.072
-2.781,0.251
-2.88,-0.687
-2.852,-1.359
-2.871,-0.578
-2.862,-0.674
-2.943,1.06
-2.984,-0.244
-2.997,-1.078
-3.038,-0.721
3.127,-1.888
-3.1,-1.431
-3.103,-2.777
3.107,-0.09
3.053,-1.057
2.991,-0.496
3.063,-0.607
3.054,-2.767
2.994,0.706
2.874,0.016
2.816,-0.214
2.785,-2.006
2.686,0.841
2.499,-0.444
2.302,-1.835
2.276,-1.603
2.232,-0.13
2.22,-0.318
2.247,0.25
2.227,-0.909
2.082,-0.064
2.075,-0.347
1.994,0.907
1.927,-0.58
1.867,-2.238
1.925,-0.531
1.744,-1.653
1.604,-1.712
1.462,-2.696
1.466,0.166
1.449,-0.812
1.418,-2.088
1.406,-0.137
1.321,-0.669
1.293,-2.059
1.259,0.028
1.302,-0.243
1.264,-0.334
1.192,-0.37
1.264,-2.74
1.266,-2.662
1.18,-0.222
1.158,-2.687
1.148,-1.144
1.156,-0.492
1.134,0.008
1.061,-0.028
1.098,-0.111
0.66,-2.9
0.173,-3.179
-1.483,-2.848
-1.852,-2.957
-2.214,-2.96
-2.399,-3.021
-2.581,-3.006
-2.822,-2.894
-3.017,-3.086
2.649,-2.924
2.393,-3.125
1.671,-3.199
1.592,-3.107
1.436,-3.056
1.309,-3.166
1.215,-2.894
0.991,1.503
0.83,1.433
0.784,1.252
0.762,1.301
0.847,1.371
0.601,1.356
-0.141,1.438
-0.684,1.452
-0.677,1.463
-0.729,1.309
-0.933,1.289
-0.869,1.411
-1.751,1.272
-1.803,1.235
-1.845,1.219
-1.955,1.292
-2.319,1.398
-2.952,1.475
2.989,1.201
2.794,1.284
2.736,1.592
2.532,1.702
2.226,1.276
1.997,1.682
1.816,1.299
1.076,1.444
1.02,1.508
0.999,-0.074
0.951,-1.437
0.897,-2.16
0.949,-1.325
0.808,-2.151
0.614,-0.158
0.488,1.132
0.374,1.104
-1.19,0.944
-1.761,-1.557
2.712,0.532
2.129,0.581
1.129,-0.371
0.98,1.078
0.927,-2.675
0.917,0.043
1.021,-2.827
0.918,-2.361
1.006,-0.339
0.825,-2.83
0.955,0.991
0.816,-2.035
0.82,-1.41
0.907,-1.34
0.864,0.803
0.738,-0.089
0.624,0.185
0.667,0.53
0.458,-1.228
0.376,0.128
0.449,0.745
0.404,0.749
0.392,-0.819
0.288,0.824
0.251,0.086
0.357,-1.375
0.184,-1.519
0.037,1.14
0.172,-2.768
-0.06,0.235
0.041,-2.73
-0.147,0.441
-0.038,-1.965
-0.083,-1.462
-0.263,-0.212
-0.248,0.468
-0.265,0.928
-0.562,-0.154
-0.599,-2.533
-0.607,-1.26
-0.716,-1.376
-0.791,-1.088
-0.685,1.034
-0.678,0.415
-0.758,-2.788
-0.927,-0.109
-0.941,1.16
-1.038,1.011
-1.056,1.032
-0.925,1.027
-1.034,-2.335
-0.988,-1.238
-1.037,-0.115
-1.206,1.12
-1.2,-1.689
-1.074,-0.097
-1.155,-0.441
-1.155,-2.108
-1.185,0.935
-1.45,-1.127
-1.52,-1.209
-1.718,-2.288
-1.745,1.022
-1.64,-0.561
-1.649,0.295
-1.815,-2.663
-1.904,-0.865
-1.936,-0.27
-1.841,1.094
-1.976,-1.017
-1.883,1.058
-1.869,-0.174
-2.068,-2.749
-2.09,-1.23
-1.989,0.252
-2.06,-0.77
-2.071,-2.465
-2.076,1.009
-2.248,-2.499
-2.176,-0.437
-2.217,-2.043
-2.346,-2.297
-2.256,-0.916
-2.365,-2.623
-2.237,-1.635
-2.312,-1.621
-2.34,-2.731
-2.489,-2.067
-2.499,-2.472
-2.378,-1.317
-2.343,1.129
-2.502,0.709
-2.393,-2.301
-2.486,-1.193
-2.534,-0.956
-2.646,-2.607
-2.712,-1.051
-2.633,-0.516
-2.645,-1.673
-2.868,-2.714
-2.855,-0.032
-2.765,0.709
-2.793,-1.031
-2.934,-2.302
-3.027,0.558
-2.921,-0.776
-3.04,0.069
-3.027,0.105
3.002,-2.08
3.063,-0.434
2.773,1.195
2.631,-1.539
2.748,-1.635
2.605,1.032
2.295,-0.152
2.17,-0.917
2.036,-2.296
2.006,0.313
2.099,0.795
1.92,-0.631
2.016,1.011
1.846,0.203
1.662,-2.436
1.429,-0.389
1.278,1.113
1.242,-2.443
1.223,1.129
1.296,0.341
1.14,-2.51
1.242,0.915
1.079,-2.987
1.046,-3.11
1.015,-3.042
0.946,-3.097
0.182,-3.107
-0.143,-3.065
-0.901,-2.992
-2.113,-2.997
2.447,-2.902
1.259,-2.876
0.758,1.502
0.706,1.618
0.647,1.32
0.381,1.357
0.276,1.577
0.279,1.254
0.171,1.321
-0.078,1.476
-0.111,1.575
-1.584,1.464
-1.769,1.527
-1.965,1.522
-2.724,1.264
-3.043,1.525
-3.033,1.319
2.619,1.499
1.77,1.164
1.215,1.582
0.972,-1.308
-2.601,0.161
1.926,0.8
0.977,0.395
1.059,-2.287
0.995,-0.31
0.873,-0.306
0.765,-2.002
-1.611,0.756
-1.633,-1.182
-2.51,-1.216
3.037,-0.326
2.72,-0.342
1.807,-1.837
1.824,0.361
1.629,-0.28
1.624,0.149
1.525,0.796
1.515,-0.02
1.511,-0.821
1.39,-1.877
1.106,-0.346
0.752,-0.164
0.476,-0.082
-1.529,-0.12
1.313,-1.548
2.481,-2.644
1.483,0.937
2.258,-2.875
0.46,1.342
0.006,1.392
-0.439,1.75
-0.456,-0.126
-0.433,0.545
-0.532,-1.429
-0.448,0.99
-0.553,0.576
-0.701,0.862
-0.663,1.004
-0.718,2.052
-0.773,0.122
-0.851,0.536
-0.832,2.38
-0.858,0.614
-0.92,-0.744
-0.998,-1.508
-1.087,0.855
-1.155,1.568
-1.19,0.243
-1.265,-0.502
-1.185,1.337
-1.254,-1.445
-1.276,0.297
-1.312,1.864
-1.269,-0.434
-1.302,-0.476
-1.386,2.073
-1.437,2.08
-1.383,0.624
-1.458,-0.651
-1.397,0.098
-1.54,1.953
-1.611,-0.786
-1.632,2.299
-1.609,0.018
-1.671,-0.191
-1.635,1.409
-1.722,-1.334
-1.676,0.678
-1.7,-0.382
-1.691,1.731
-1.829,-0.897
-1.931,0.32
-1.97,1.307
-1.949,-1.364
-1.997,1.204
-2.019,1.52
-2.088,-1.355
-2.111,0.611
-2.151,-0.018
-2.154,0.616
-2.159,1.56
-2.156,-0.141
-2.226,-1.261
-2.248,-0.113
-2.419,0.294
-2.469,0.573
-2.514,1.665
-2.612,1.275
-2.624,1.454
-2.723,0.516
-2.695,-0.156
-2.714,0.625
-2.705,0.529
-2.786,2.263
-2.827,0.959
-2.84,0.125
-2.881,0.482
-2.999,-0.685
-2.943,-0.228
-2.946,-1.574
-3.019,1.113
-3.073,0.146
-3.135,0.707
-3.063,0.596
-3.072,-1.564
-3.132,1.909
3.031,1.219
2.973,0.989
2.942,-0.803
2.843,2.044
2.656,0.759
2.459,-0.632
2.433,-0.4
2.389,1.073
2.377,0.885
2.404,1.453
2.384,0.294
2.239,1.139
2.232,0.856
2.151,2.11
2.084,0.623
2.024,-1.035
2.082,0.672
1.901,-0.45
1.761,-0.509
1.619,-1.493
1.623,1.369
1.606,0.391
1.575,-0.885
1.563,1.066
1.478,0.534
1.45,-0.856
1.416,1.231
1.459,0.96
1.421,0.869
1.349,0.833
1.421,-1.537
1.423,-1.459
1.337,0.981
1.315,-1.484
1.305,0.059
1.313,0.711
1.291,1.211
1.218,1.175
1.255,1.092
0.817,-1.697
0.33,-1.976
-1.326,-1.645
-1.695,-1.754
-2.057,-1.757
-2.242,-1.818
-2.424,-1.803
-2.665,-1.691
-2.86,-1.883
2.806,-1.721
2.55,-1.922
1.828,-1.996
1.749,-1.904
1.593,-1.853
1.466,-1.963
1.372,-1.691
1.148,2.706
0.987,2.636
0.941,2.455
0.919,2.504
1.004,2.574
0.758,2.559
0.016,2.641
-0.527,2.655
-0.52,2.666
-0.572,2.512
-0.776,2.492
-0.712,2.614
-1.594,2.475
-1.646,2.438
-1.688,2.422
-1.798,2.495
-2.162,2.601
-2.795,2.678
-3.137,2.404
2.951,2.487
2.893,2.795
2.689,2.905
2.383,2.479
2.154,2.885
1.973,2.502
1.233,2.647
1.177,2.711
1.156,1.129
1.108,-0.234
1.054,-0.957
1.106,-0.122
0.965,-0.948
0.771,1.045
0.645,2.335
0.531,2.307
-1.033,2.147
-1.604,-0.354
2.869,1.735
2.286,1.784
1.286,0.832
1.137,2.281
1.084,-1.472
1.074,1.246
1.178,-1.624
1.075,-1.158
1.163,0.864
0.982,-1.627
1.112,2.194
0.973,-0.832
0.977,-0.207
1.064,-0.137
1.021,2.006
0.895,1.114
0.781,1.388
0.824,1.733
0.615,-0.025
0.533,1.331
0.606,1.948
0.561,1.952
0.549,0.384
0.445,2.027
0.408,1.289
0.514,-0.172
0.341,-0.316
0.194,2.343
0.329,-1.565
0.097,1.438
0.198,-1.527
0.01,1.644
0.119,-0.762
0.074,-0.259
-0.106,0.991
-0.091,1.671
-0.108,2.131
-0.405,1.049
-0.442,-1.33
-0.45,-0.057
-0.559,-0.173
-0.634,0.115
-0.528,2.237
-0.521,1.618
-0.601,-1.585
-0.77,1.094
-0.784,2.363
-0.881,2.214
-0.899,2.235
-0.768,2.23
-0.877,-1.132
-0.831,-0.035
-0.88,1.088
-1.049,2.323
-1.043,-0.486
-0.917,1.106
-0.998,0.762
-0.998,-0.905
-1.028,2.138
-1.293,0.076
-1.363,-0.006
-1.561,-1.085
-1.588,2.225
-1.483,0.642
-1.492,1.498
-1.658,-1.46
-1.747,0.338
-1.779,0.933
-1.684,2.297
-1.819,0.186
-1.726,2.261
-1.712,1.029
-1.911,-1.546
-1.933,-0.027
-1.832,1.455
-1.903,0.433
-1.914,-1.262
-1.919,2.212
-2.091,-1.296
-2.019,0.766
-2.06,-0.84
-2.189,-1.094
-2.099,0.287
-2.208,-1.42
-2.08,-0.432
-2.155,-0.418
-2.183,-1.528
-2.332,-0.864
-2.342,-1.269
-2.221,-0.114
-2.186,2.332
-2.345,1.912
-2.236,-1.098
-2.329,0.01
-2.377,0.247
-2.489,-1.404
-2.555,0.152
-2.476,0.687
-2.488,-0.47
-2.711,-1.511
-2.698,1.171
-2.608,1.912
-2.636,0.172
-2.777,-1.099
-2.87,1.761
-2.764,0.427
-2.883,1.272
-2.87,1.308
-3.124,-0.877
-3.063,0.769
2.93,2.398
2.788,-0.336
2.905,-0.432
2.762,2.235
2.452,1.051
2.327,0.286
2.193,-1.093
2.163,1.516
2.256,1.998
2.077,0.572
2.173,2.214
2.003,1.406
1.819,-1.233
1.586,0.814
1.435,2.316
1.399,-1.24
1.38,2.332
1.453,1.544
1.297,-1.307
1.399,2.118
1.236,-1.784
1.203,-1.907
1.172,-1.839
1.103,-1.894
0.339,-1.904
0.014,-1.862
-0.744,-1.789
-1.956,-1.794
2.604,-1.699
1.416,-1.673
0.915,2.705
0.863,2.821
0.804,2.523
0.538,2.56
0.433,2.78
0.436,2.457
0.328,2.524
0.079,2.679
0.046,2.778
-1.427,2.667
-1.612,2.73
-1.808,2.725
-2.567,2.467
-2.886,2.728
-2.876,2.522
2.776,2.702
1.927,2.367
1.372,2.785
1.129,-0.105
-2.444,1.364
2.083,2.003
1.134,1.598
1.216,-1.084
1.152,0.893
1.03,0.897
0.922,-0.799
-1.454,1.959
-1.476,0.021
-2.353,-0.013
-3.089,0.877
2.877,0.861
1.964,-0.634
1.981,1.564
1.786,0.923
1.781,1.352
1.682,1.999
1.672,1.183
1.668,0.382
1.547,-0.674
1.263,0.857
0.909,1.039
0.633,1.121
-1.372,1.083
1.47,-0.345
2.638,-1.441
1.64,2.14
2.415,-1.672
0.617,2.545
-0.445,0.358
-0.462,-1.518
-0.439,-0.847
-0.538,-2.821
-0.454,-0.402
-0.559,-0.816
-0.707,-0.53
-0.669,-0.388
-0.724,0.66
-0.779,-1.27
-0.857,-0.856
-0.838,0.988
-0.864,-0.778
-0.926,-2.136
-1.004,-2.9
-1.093,-0.537
-1.161,0.176
-1.196,-1.149
-1.271,-1.894
-1.191,-0.055
-1.26,-2.837
-1.282,-1.095
-1.318,0.472
-1.275,-1.826
-1.308,-1.868
-1.392,0.681
-1.443,0.688
-1.389,-0.768
-1.464,-2.043
-1.403,-1.294
-1.546,0.561
-1.617,-2.178
-1.638,0.907
-1.615,-1.374
-1.677,-1.583
-1.641,0.017
-1.728,-2.726
-1.682,-0.714
-1.706,-1.774
-1.697,0.339
-1.835,-2.289
-1.937,-1.072
-1.976,-0.085
-1.955,-2.756
-2.003,-0.188
-2.025,0.128
-2.094,-2.747
-2.117,-0.781
-2.157,-1.41
-2.16,-0.776
-2.165,0.168
-2.162,-1.533
-2.232,-2.653
-2.254,-1.505
-2.425,-1.098
-2.475,-0.819
-2.52,0.273
-2.618,-0.117
-2.63,0.062
-2.729,-0.876
-2.701,-1.548
-2.72,-0.767
-2.711,-0.863
-2.792,0.871
-2.833,-0.433
-2.846,-1.267
-2.887,-0.91
-3.005,-2.077
-2.949,-1.62
-2.952,-2.966
-3.025,-0.279
-3.079,-1.246
-3.141,-0.685
-3.069,-0.796
-3.078,-2.956
-3.138,0.517
3.025,-0.173
2.967,-0.403
2.936,-2.195
2.837,0.652
2.65,-0.633
2.453,-2.024
2.427,-1.792
2.383,-0.319
2.371,-0.507
2.398,0.061
2.378,-1.098
2.233,-0.253
2.226,-0.536
2.145,0.718
2.078,-0.769
2.018,-2.427
2.076,-0.72
1.895,-1.842
1.755,-1.901
1.613,-2.885
1.617,-0.023
1.6,-1.001
1.569,-2.277
1.557,-0.326
1.472,-0.858
1.444,-2.248
1.41,-0.161
1.453,-0.432
1.415,-0.523
1.343,-0.559
1.415,-2.929
1.417,-2.851
1.331,-0.411
1.309,-2.876
1.299,-1.333
1.307,-0.681
1.285,-0.181
1.212,-0.217
1.249,-0.3
0.811,-3.089
0.324,-3.368
-1.332,-3.037
-1.701,-3.146
-2.063,-3.149
-2.248,-3.21
-2.43,-3.195
-2.671,-3.083
-2.866,-3.275
2.8,-3.113
2.544,-3.314
1.822,-3.388
1.743,-3.296
1.587,-3.245
1.46,-3.355
1.366,-3.083
1.142,1.314
0.981,1.244
0.935,1.063
0.913,1.112
0.998,1.182
0.752,1.167
0.01,1.249
-0.533,1.263
-0.526,1.274
-0.578,1.12
-0.782,1.1
-0.718,1.222
-1.6,1.083
-1.652,1.046
-1.694,1.03
-1.804,1.103
-2.168,1.209
-2.801,1.286
3.14,1.012
2.945,1.095
2.887,1.403
2.683,1.513
2.377,1.087
2.148,1.493
1.967,1.11
1.227,1.255
1.171,1.319
1.15,-0.263
1.102,-1.626
1.048,-2.349
1.1,-1.514
0.959,-2.34
0.765,-0.347
0.639,0.943
0.525,0.915
-1.039,0.755
-1.61,-1.746
2.863,0.343
2.28,0.392
1.28,-0.56
1.131,0.889
1.078,-2.864
1.068,-0.146
1.172,-3.016
1.069,-2.55
1.157,-0.528
0.976,-3.019
1.106,0.802
0.967,-2.224
0.971,-1.599
1.058,-1.529
1.015,0.614
0.889,-0.278
0.775,-0.004
0.818,0.341
0.609,-1.417
0.527,-0.061
0.6,0.556
0.555,0.56
0.543,-1.008
0.439,0.635
0.402,-0.103
0.508,-1.564
0.335,-1.708
0.188,0.951
0.323,-2.957
0.091,0.046
0.192,-2.919
0.004,0.252
0.113,-2.154
0.068,-1.651
-0.112,-0.401
-0.097,0.279
-0.114,0.739
-0.411,-0.343
-0.448,-2.722
-0.456,-1.449
-0.565,-1.565
-0.64,-1.277
-0.534,0.845
-0.527,0.226
-0.607,-2.977
-0.776,-0.298
-0.79,0.971
-0.887,0.822
-0.905,0.843
-0.774,0.838
-0.883,-2.524
-0.837,-1.427
-0.886,-0.304
-1.055,0.931
-1.049,-1.878
-0.923,-0.286
-1.004,-0.63
-1.004,-2.297
-1.034,0.746
-1.299,-1.316
-1.369,-1.398
-1.567,-2.477
-1.594,0.833
-1.489,-0.75
-1.498,0.106
-1.664,-2.852
-1.753,-1.054
-1.785,-0.459
-1.69,0.905
-1.825,-1.206
-1.732,0.869
-1.718,-0.363
-1.917,-2.938
-1.939,-1.419
-1.838,0.063
-1.909,-0.959
-1.92,-2.654
-1.925,0.82
-2.097,-2.688
-2.025,-0.626
-2.066,-2.232
-2.195,-2.486
-2.105,-1.105
-2.214,-2.812
-2.086,-1.824
-2.161,-1.81
-2.189,-2.92
-2.338,-2.256
-2.348,-2.661
-2.227,-1.506
-2.192,0.94
-2.351,0.52
-2.242,-2.49
-2.335,-1.382
-2.383,-1.145
-2.495,-2.796
-2.561,-1.24
-2.482,-0.705
-2.494,-1.862
-2.717,-2.903
-2.704,-0.221
-2.614,0.52
-2.642,-1.22
-2.783,-2.491
-2.876,0.369
-2.77,-0.965
-2.889,-0.12
-2.876,-0.084
-3.13,-2.269
-3.069,-0.623
2.924,1.006
2.782,-1.728
2.899,-1.824
2.756,0.843
2.446,-0.341
2.321,-1.106
2.187,-2.485
2.157,0.124
2.25,0.606
2.071,-0.82
2.167,0.822
1.997,0.014
1.813,-2.625
1.58,-0.578
1.429,0.924
1.393,-2.632
1.374,0.94
1.447,0.152
1.291,-2.699
1.393,0.726
1.23,-3.176
1.197,-3.299
1.166,-3.231
1.097,-3.286
0.333,-3.296
0.008,-3.254
-0.75,-3.181
-1.962,-3.186
2.598,-3.091
1.41,-3.065
0.909,1.313
0.857,1.429
0.798,1.131
0.532,1.168
0.427,1.388
0.43,1.065
0.322,1.132
0.073,1.287
0.04,1.386
-1.433,1.275
-1.618,1.338
-1.814,1.333
-2.573,1.075
-2.892,1.336
-2.882,1.13
2.77,1.31
1.921,0.975
1.366,1.393
1.123,-1.497
-2.45,-0.028
2.077,0.611
1.128,0.206
1.21,-2.476
1.146,-0.499
1.024,-0.495
0.916,-2.191
-1.46,0.567
-1.482,-1.371
-2.359,-1.405
-3.095,-0.515
2.871,-0.531
1.958,-2.026
1.975,0.172
1.78,-0.469
1.775,-0.04
1.676,0.607
1.666,-0.209
1.662,-1.01
1.541,-2.066
1.257,-0.535
0.903,-0.353
0.627,-0.271
-1.378,-0.309
1.464,-1.737
2.632,-2.833
1.634,0.748
2.409,-3.064
0.611,1.153
-0.017,-1.876
0.006,-1.205
-0.093,-3.179
-0.009,-0.76
-0.114,-1.174
-0.262,-0.888
-0.224,-0.746
-0.279,0.302
-0.334,-1.628
-0.412,-1.214
-0.393,0.63
-0.419,-1.136
-0.481,-2.494
-0.559,-3.258
-0.648,-0.895
-0.716,-0.182
-0.751,-1.507
-0.826,-2.252
-0.746,-0.413
-0.815,-3.195
-0.837,-1.453
-0.873,0.114
-0.83,-2.184
-0.863,-2.226
-0.947,0.323
-0.998,0.33
-0.944,-1.126
-1.019,-2.401
-0.958,-1.652
-1.101,0.203
-1.172,-2.536
-1.193,0.549
-1.17,-1.732
-1.232,-1.941
-1.196,-0.341
-1.283,-3.084
-1.237,-1.072
-1.261,-2.132
-1.252,-0.019
-1.39,-2.647
-1.492,-1.43
-1.531,-0.443
-1.51,-3.114
-1.558,-0.546
-1.58,-0.23
-1.649,-3.105
-1.672,-1.139
-1.712,-1.768
-1.715,-1.134
-1.72,-0.19
-1.717,-1.891
-1.787,-3.011
-1.809,-1.863
-1.98,-1.456
-2.03,-1.177
-2.075,-0.085
-2.173,-0.475
-2.185,-0.296
-2.284,-1.234
-2.256,-1.906
-2.275,-1.125
-2.266,-1.221
-2.347,0.513
-2.388,-0.791
-2.401,-1.625
-2.442,-1.268
-2.56,-2.435
-2.504,-1.978
-2.507,-3.324
-2.58,-0.637
-2.634,-1.604
-2.696,-1.043
-2.624,-1.154
-2.633,-3.314
-2.693,0.159
-2.813,-0.531
-2.871,-0.761
-2.902,-2.553
-3.001,0.294
3.095,-0.991
2.898,-2.382
2.872,-2.15
2.828,-0.677
2.816,-0.865
2.843,-0.297
2.823,-1.456
2.678,-0.611
2.671,-0.894
2.59,0.36
2.523,-1.127
2.463,-2.785
2.521,-1.078
2.34,-2.2
2.2,-2.259
2.058,-3.243
2.062,-0.381
2.045,-1.359
2.014,-2.635
2.002,-0.684
1.917,-1.216
1.889,-2.606
1.855,-0.519
1.898,-0.79
1.86,-0.881
1.788,-0.917
1.86,-3.287
1.862,-3.209
1.776,-0.769
1.754,-3.234
1.744,-1.691
1.752,-1.039
1.73,-0.539
1.657,-0.575
1.694,-0.658
1.256,-3.447
0.769,-3.726
-0.887,-3.395
-1.256,-3.504
-1.618,-3.507
-1.803,-3.568
-1.985,-3.553
-2.226,-3.441
-2.421,-3.633
-3.038,-3.471
2.989,-3.672
2.267,-3.746
2.188,-3.654
2.032,-3.603
1.905,-3.713
1.811,-3.441
1.587,0.956
1.426,0.886
1.38,0.705
1.358,0.754
1.443,0.824
1.197,0.809
0.455,0.891
-0.088,0.905
-0.081,0.916
-0.133,0.762
-0.337,0.742
-0.273,0.864
-1.155,0.725
-1.207,0.688
-1.249,0.672
-1.359,0.745
-1.723,0.851
-2.356,0.928
-2.698,0.654
-2.893,0.737
-2.951,1.045
3.128,1.155
2.822,0.729
2.593,1.135
2.412,0.752
1.672,0.897
1.616,0.961
1.595,-0.621
1.547,-1.984
1.493,-2.707
1.545,-1.872
1.404,-2.698
1.21,-0.705
1.084,0.585
0.97,0.557
-0.594,0.397
-1.165,-2.104
-2.975,-0.015
2.725,0.034
1.725,-0.918
1.576,0.531
1.523,-3.222
1.513,-0.504
1.617,-3.374
1.514,-2.908
1.602,-0.886
1.421,-3.377
1.551,0.444
1.412,-2.582
1.416,-1.957
1.503,-1.887
1.46,0.256
1.334,-0.636
1.22,-0.362
1.263,-0.017
1.054,-1.775
0.972,-0.419
1.045,0.198
1.0,0.202
0.988,-1.366
0.884,0.277
0.847,-0.461
0.953,-1.922
0.78,-2.066
0.633,0.593
0.768,-3.315
0.536,-0.312
0.637,-3.277
0.449,-0.106
0.558,-2.512
0.513,-2.009
0.333,-0.759
0.348,-0.079
0.331,0.381
0.034,-0.701
-0.003,-3.08
-0.011,-1.807
-0.12,-1.923
-0.195,-1.635
-0.089,0.487
-0.082,-0.132
-0.162,-3.335
-0.331,-0.656
-0.345,0.613
-0.442,0.464
-0.46,0.485
-0.329,0.48
-0.438,-2.882
-0.392,-1.785
-0.441,-0.662
-0.61,0.573
-0.604,-2.236
-0.478,-0.644
-0.559,-0.988
-0.559,-2.655
-0.589,0.388
-0.854,-1.674
-0.924,-1.756
-1.122,-2.835
-1.149,0.475
-1.044,-1.108
-1.053,-0.252
-1.219,-3.21
-1.308,-1.412
-1.34,-0.817
-1.245,0.547
-1.38,-1.564
-1.287,0.511
-1.273,-0.721
-1.472,-3.296
-1.494,-1.777
-1.393,-0.295
-1.464,-1.317
-1.475,-3.012
-1.48,0.462
-1.652,-3.046
-1.58,-0.984
-1.621,-2.59
-1.75,-2.844
-1.66,-1.463
-1.769,-3.17
-1.641,-2.182
-1.716,-2.168
-1.744,-3.278
-1.893,-2.614
-1.903,-3.019
-1.782,-1.864
-1.747,0.582
-1.906,0.162
-1.797,-2.848
-1.89,-1.74
-1.938,-1.503
-2.05,-3.154
-2.116,-1.598
-2.037,-1.063
-2.049,-2.22
-2.272,-3.261
-2.259,-0.579
-2.169,0.162
-2.197,-1.578
-2.338,-2.849
-2.431,0.011
-2.325,-1.323
-2.444,-0.478
-2.431,-0.442
-2.685,-2.627
-2.624,-0.981
-2.914,0.648
-3.056,-2.086
-2.939,-2.182
-3.082,0.485
2.891,-0.699
2.766,-1.464
2.632,-2.843
2.602,-0.234
2.695,0.248
2.516,-1.178
2.612,0.464
2.442,-0.344
2.258,-2.983
2.025,-0.936
1.874,0.566
1.838,-2.99
1.819,0.582
1.892,-0.206
1.736,-3.057
1.838,0.368
1.675,-3.534
1.642,-3.657
1.611,-3.589
1.542,-3.644
0.778,-3.654
0.453,-3.612
-0.305,-3.539
-1.517,-3.544
3.043,-3.449
1.855,-3.423
1.354,0.955
1.302,1.071
1.243,0.773
0.977,0.81
0.872,1.03
0.875,0.707
0.767,0.774
0.518,0.929
0.485,1.028
-0.988,0.917
-1.173,0.98
-1.369,0.975
-2.128,0.717
-2.447,0.978
-2.437,0.772
-3.068,0.952
2.366,0.617
1.811,1.035
1.568,-1.855
-2.005,-0.386
2.522,0.253
1.573,-0.152
1.655,-2.834
1.591,-0.857
1.469,-0.853
1.361,-2.549
-1.015,0.209
-1.037,-1.729
-1.914,-1.763
-2.65,-0.873
-2.967,-0.889
2.403,-2.384
2.42,-0.186
2.225,-0.827
2.22,-0.398
2.121,0.249
2.111,-0.567
2.107,-1.368
1.986,-2.424
1.702,-0.893
1.348,-0.711
1.072,-0.629
-0.933,-0.667
1.909,-2.095
3.077,-3.191
2.079,0.39
2.854,-3.422
1.056,0.795
0.023,0.671
-0.076,-1.303
0.008,1.116
-0.097,0.702
-0.245,0.988
-0.207,1.13
-0.262,2.178
-0.317,0.248
-0.395,0.662
-0.376,2.506
-0.402,0.74
-0.464,-0.618
-0.542,-1.382
-0.631,0.981
-0.699,1.694
-0.734,0.369
-0.809,-0.376
-0.729,1.463
-0.798,-1.319
-0.82,0.423
-0.856,1.99
-0.813,-0.308
-0.846,-0.35
-0.93,2.199
-0.981,2.206
-0.927,0.75
-1.002,-0.525
-0.941,0.224
-1.084,2.079
-1.155,-0.66
-1.176,2.425
-1.153,0.144
-1.215,-0.065
-1.179,1.535
-1.266,-1.208
-1.22,0.804
-1.244,-0.256
-1.235,1.857
-1.373,-0.771
-1.475,0.446
-1.514,1.433
-1.493,-1.238
-1.541,1.33
-1.563,1.646
-1.632,-1.229
-1.655,0.737
-1.695,0.108
-1.698,0.742
-1.703,1.686
-1.7,-0.015
-1.77,-1.135
-1.792,0.013
-1.963,0.42
-2.013,0.699
-2.058,1.791
-2.156,1.401
-2.168,1.58
-2.267,0.642
-2.239,-0.03
-2.258,0.751
-2.249,0.655
-2.33,2.389
-2.371,1.085
-2.384,0.251
-2.425,0.608
-2.543,-0.559
-2.487,-0.102
-2.49,-1.448
-2.563,1.239
-2.617,0.272
-2.679,0.833
-2.607,0.722
-2.616,-1.438
-2.676,2.035
-2.796,1.345
-2.854,1.115
-2.885,-0.677
-2.984,2.17
3.112,0.885
2.915,-0.506
2.889,-0.274
2.845,1.199
2.833,1.011
2.86,1.579
2.84,0.42
2.695,1.265
2.688,0.982
2.607,2.236
2.54,0.749
2.48,-0.909
2.538,0.798
2.357,-0.324
2.217,-0.383
2.075,-1.367
2.079,1.495
2.062,0.517
2.031,-0.759
2.019,1.192
1.934,0.66
1.906,-0.73
1.872,1.357
1.915,1.086
1.877,0.995
1.805,0.959
1.877,-1.411
1.879,-1.333
1.793,1.107
1.771,-1.358
1.761,0.185
1.769,0.837
1.747,1.337
1.674,1.301
1.711,1.218
1.273,-1.571
0.786,-1.85
-0.87,-1.519
-1.239,-1.628
-1.601,-1.631
-1.786,-1.692
-1.968,-1.677
-2.209,-1.565
-2.404,-1.757
-3.021,-1.595
3.006,-1.796
2.284,-1.87
2.205,-1.778
2.049,-1.727
1.922,-1.837
1.828,-1.565
1.604,2.832
1.443,2.762
1.397,2.581
1.375,2.63
1.46,2.7
1.214,2.685
0.472,2.767
-0.071,2.781
-0.064,2.792
-0.116,2.638
-0.32,2.618
-0.256,2.74
-1.138,2.601
-1.19,2.564
-1.232,2.548
-1.342,2.621
-1.706,2.727
-2.339,2.804
-2.681,2.53
-2.876,2.613
-2.934,2.921
-3.138,3.031
2.839,2.605
2.61,3.011
2.429,2.628
1.689,2.773
1.633,2.837
1.612,1.255
1.564,-0.108
1.51,-0.831
1.562,0.004
1.421,-0.822
1.227,1.171
1.101,2.461
0.987,2.433
-0.577,2.273
-1.148,-0.228
-2.958,1.861
2.742,1.91
1.742,0.958
1.593,2.407
1.54,-1.346
1.53,1.372
1.634,-1.498
1.531,-1.032
1.619,0.99
1.438,-1.501
1.568,2.32
1.429,-0.706
1.433,-0.081
1.52,-0.011
1.477,2.132
1.351,1.24
1.237,1.514
1.28,1.859
1.071,0.101
0.989,1.457
1.062,2.074
1.017,2.078
1.005,0.51
0.901,2.153
0.864,1.415
0.97,-0.046
0.797,-0.19
0.65,2.469
0.785,-1.439
0.553,1.564
0.654,-1.401
0.466,1.77
0.575,-0.636
0.53,-0.133
0.35,1.117
0.365,1.797
0.348,2.257
0.051,1.175
0.014,-1.204
0.006,0.069
-0.103,-0.047
-0.178,0.241
-0.072,2.363
-0.065,1.744
-0.145,-1.459
-0.314,1.22
-0.328,2.489
-0.425,2.34
-0.443,2.361
-0.312,2.356
-0.421,-1.006
-0.375,0.091
-0.424,1.214
-0.593,2.449
-0.587,-0.36
-0.461,1.232
-0.542,0.888
-0.542,-0.779
-0.572,2.264
-0.837,0.202
-0.907,0.12
-1.105,-0.959
-1.132,2.351
-1.027,0.768
-1.036,1.624
-1.202,-1.334
-1.291,0.464
-1.323,1.059
-1.228,2.423
-1.363,0.312
-1.27,2.387
-1.256,1.155
-1.455,-1.42
-1.477,0.099
-1.376,1.581
-1.447,0.559
-1.458,-1.136
-1.463,2.338
-1.635,-1.17
-1.563,0.892
-1.604,-0.714
-1.733,-0.968
-1.643,0.413
-1.752,-1.294
-1.624,-0.306
-1.699,-0.292
-1.727,-1.402
-1.876,-0.738
-1.886,-1.143
-1.765,0.012
-1.73,2.458
-1.889,2.038
-1.78,-0.972
-1.873,0.136
-1.921,0.373
-2.033,-1.278
-2.099,0.278
-2.02,0.813
-2.032,-0.344
-2.255,-1.385
-2.242,1.297
-2.152,2.038
-2.18,0.298
-2.321,-0.973
-2.414,1.887
-2.308,0.553
-2.427,1.398
-2.414,1.434
-2.668,-0.751
-2.607,0.895
-2.897,2.524
-3.039,-0.21
-2.922,-0.306
-3.065,2.361
2.908,1.177
2.783,0.412
2.649,-0.967
2.619,1.642
2.712,2.124
2.533,0.698
2.629,2.34
2.459,1.532
2.275,-1.107
2.042,0.94
1.891,2.442
1.855,-1.114
1.836,2.458
1.909,1.67
1.753,-1.181
1.855,2.244
1.692,-1.658
1.659,-1.781
1.628,-1.713
1.559,-1.768
0.795,-1.778
0.47,-1.736
-0.288,-1.663
-1.5,-1.668
3.06,-1.573
1.872,-1.547
1.371,2.831
1.319,2.947
1.26,2.649
0.994,2.686
0.889,2.906
0.892,2.583
0.784,2.65
0.535,2.805
0.502,2.904
-0.971,2.793
-1.156,2.856
-1.352,2.851
-2.111,2.593
-2.43,2.854
-2.42,2.648
-3.051,2.828
2.383,2.493
1.828,2.911
1.585,0.021
-1.988,1.49
2.539,2.129
1.59,1.724
1.672,-0.958
1.608,1.019
1.486,1.023
1.378,-0.673
-0.998,2.085
-1.02,0.147
-1.897,0.113
-2.633,1.003
-2.95,0.987
2.42,-0.508
2.437,1.69
2.242,1.049
2.237,1.478
2.138,2.125
2.128,1.309
2.124,0.508
2.003,-0.548
1.719,0.983
1.365,1.165
1.089,1.247
-0.916,1.209
1.926,-0.219
3.094,-1.315
2.096,2.266
2.871,-1.546
1.073,2.671
-0.099,-1.974
-0.015,0.445
-0.12,0.031
-0.268,0.317
-0.23,0.459
-0.285,1.507
-0.34,-0.423
-0.418,-0.009
-0.399,1.835
-0.425,0.069
-0.487,-1.289
-0.565,-2.053
-0.654,0.31
-0.722,1.023
-0.757,-0.302
-0.832,-1.047
-0.752,0.792
-0.821,-1.99
-0.843,-0.248
-0.879,1.319
-0.836,-0.979
-0.869,-1.021
-0.953,1.528
-1.004,1.535
-0.95,0.079
-1.025,-1.196
-0.964,-0.447
-1.107,1.408
-1.178,-1.331
-1.199,1.754
-1.176,-0.527
-1.238,-0.736
-1.202,0.864
-1.289,-1.879
-1.243,0.133
-1.267,-0.927
-1.258,1.186
-1.396,-1.442
-1.498,-0.225
-1.537,0.762
-1.516,-1.909
-1.564,0.659
-1.586,0.975
-1.655,-1.9
-1.678,0.066
-1.718,-0.563
-1.721,0.071
-1.726,1.015
-1.723,-0.686
-1.793,-1.806
-1.815,-0.658
-1.986,-0.251
-2.036,0.028
-2.081,1.12
-2.179,0.73
-2.191,0.909
-2.29,-0.029
-2.262,-0.701
-2.281,0.08
-2.272,-0.016
-2.353,1.718
-2.394,0.414
-2.407,-0.42
-2.448,-0.063
-2.566,-1.23
-2.51,-0.773
-2.513,-2.119
-2.586,0.568
-2.64,-0.399
-2.702,0.162
-2.63,0.051
-2.639,-2.109
-2.699,1.364
-2.819,0.674
-2.877,0.444
-2.908,-1.348
-3.007,1.499
3.089,0.214
2.892,-1.177
2.866,-0.945
2.822,0.528
2.81,0.34
2.837,0.908
2.817,-0.251
2.672,0.594
2.665,0.311
2.584,1.565
2.517,0.078
2.457,-1.58
2.515,0.127
2.334,-0.995
2.194,-1.054
2.052,-2.038
2.056,0.824
2.039,-0.154
2.008,-1.43
1.996,0.521
1.911,-0.011
1.883,-1.401
1.849,0.686
1.892,0.415
1.854,0.324
1.782,0.288
1.854,-2.082
1.856,-2.004
1.77,0.436
1.748,-2.029
1.738,-0.486
1.746,0.166
1.724,0.666
1.651,0.63
1.688,0.547
1.25,-2.242
0.763,-2.521
-0.893,-2.19
-1.262,-2.299
-1.624,-2.302
-1.809,-2.363
-1.991,-2.348
-2.232,-2.236
-2.427,-2.428
-3.044,-2.266
2.983,-2.467
2.261,-2.541
2.182,-2.449
2.026,-2.398
1.899,-2.508
1.805,-2.236
1.581,2.161
1.42,2.091
1.374,1.91
1.352,1.959
1.437,2.029
1.191,2.014
0.449,2.096
-0.094,2.11
-0.087,2.121
-0.139,1.967
-0.343,1.947
-0.279,2.069
-1.161,1.93
-1.213,1.893
-1.255,1.877
-1.365,1.95
-1.729,2.056
-2.362,2.133
-2.704,1.859
-2.899,1.942
-2.957,2.25
3.122,2.36
2.816,1.934
2.587,2.34
2.406,1.957
1.666,2.102
1.61,2.166
1.589,0.584
1.541,-0.779
1.487,-1.502
1.539,-0.667
1.398,-1.493
1.204,0.5
1.078,1.79
0.964,1.762
-0.6,1.602
-1.171,-0.899
-2.981,1.19
2.719,1.239
1.719,0.287
1.57,1.736
1.517,-2.017
1.507,0.701
1.611,-2.169
1.508,-1.703
1.596,0.319
1.415,-2.172
1.545,1.649
1.406,-1.377
1.41,-0.752
1.497,-0.682
1.454,1.461
1.328,0.569
1.214,0.843
1.257,1.188
1.048,-0.57
0.966,0.786
1.039,1.403
0.994,1.407
0.982,-0.161
0.878,1.482
0.841,0.744
0.947,-0.717
0.774,-0.861
0.627,1.798
0.762,-2.11
0.53,0.893
0.631,-2.072
0.443,1.099
0.552,-1.307
0.507,-0.804
0.327,0.446
0.342,1.126
0.325,1.586
0.028,0.504
-0.009,-1.875
-0.017,-0.602
-0.126,-0.718
-0.201,-0.43
-0.095,1.692
-0.088,1.073
-0.168,-2.13
-0.337,0.549
-0.351,1.818
-0.448,1.669
-0.466,1.69
-0.335,1.685
-0.444,-1.677
-0.398,-0.58
-0.447,0.543
-0.616,1.778
-0.61,-1.031
-0.484,0.561
-0.565,0.217
-0.565,-1.45
-0.595,1.593
-0.86,-0.469
-0.93,-0.551
-1.128,-1.63
-1.155,1.68
-1.05,0.097
-1.059,0.953
-1.225,-2.005
-1.314,-0.207
-1.346,0.388
-1.251,1.752
-1.386,-0.359
-1.293,1.716
-1.279,0.484
-1.478,-2.091
-1.5,-0.572
-1.399,0.91
-1.47,-0.112
-1.481,-1.807
-1.486,1.667
-1.658,-1.841
-1.586,0.221
-1.627,-1.385
-1.756,-1.639
-1.666,-0.258
-1.775,-1.965
-1.647,-0.977
-1.722,-0.963
-1.75,-2.073
-1.899,-1.409
-1.909,-1.814
-1.788,-0.659
-1.753,1.787
-1.912,1.367
-1.803,-1.643
-1.896,-0.535
-1.944,-0.298
-2.056,-1.949
-2.122,-0.393
-2.043,0.142
-2.055,-1.015
-2.278,-2.056
-2.265,0.626
-2.175,1.367
-2.203,-0.373
-2.344,-1.644
-2.437,1.216
-2.331,-0.118
-2.45,0.727
-2.437,0.763
-2.691,-1.422
-2.63,0.224
-2.92,1.853
-3.062,-0.881
-2.945,-0.977
-3.088,1.69
2.885,0.506
2.76,-0.259
2.626,-1.638
2.596,0.971
2.689,1.453
2.51,0.027
2.606,1.669
2.436,0.861
2.252,-1.778
2.019,0.269
1.868,1.771
1.832,-1.785
1.813,1.787
1.886,0.999
1.73,-1.852
1.832,1.573
1.669,-2.329
1.636,-2.452
1.605,-2.384
1.536,-2.439
0.772,-2.449
0.447,-2.407
-0.311,-2.334
-1.523,-2.339
3.037,-2.244
1.849,-2.218
1.348,2.16
1.296,2.276
1.237,1.978
0.971,2.015
0.866,2.235
0.869,1.912
0.761,1.979
0.512,2.134
0.479,2.233
-0.994,2.122
-1.179,2.185
-1.375,2.18
-2.134,1.922
-2.453,2.183
-2.443,1.977
-3.074,2.157
2.36,1.822
1.805,2.24
1.562,-0.65
-2.011,0.819
2.516,1.458
1.567,1.053
1.649,-1.629
1.585,0.348
1.463,0.352
1.355,-1.344
-1.021,1.414
-1.043,-0.524
-1.92,-0.558
-2.656,0.332
-2.973,0.316
2.397,-1.179
2.414,1.019
2.219,0.378
2.214,0.807
2.115,1.454
2.105,0.638
2.101,-0.163
1.98,-1.219
1.696,0.312
1.342,0.494
1.066,0.576
-0.939,0.538
1.903,-0.89
3.071,-1.986
2.073,1.595
2.848,-2.217
1.05,2.0
0.084,2.419
-0.021,2.005
-0.169,2.291
-0.131,2.433
-0.186,3.481
-0.241,1.551
-0.319,1.965
-0.3,3.809
-0.326,2.043
-0.388,0.685
-0.466,-0.079
-0.555,2.284
-0.623,2.997
-0.658,1.672
-0.733,0.927
-0.653,2.766
-0.722,-0.016
-0.744,1.726
-0.78,3.293
-0.737,0.995
-0.77,0.953
-0.854,3.502
-0.905,3.509
-0.851,2.053
-0.926,0.778
-0.865,1.527
-1.008,3.382
-1.079,0.643
-1.1,3.728
-1.077,1.447
-1.139,1.238
-1.103,2.838
-1.19,0.095
-1.144,2.107
-1.168,1.047
-1.159,3.16
-1.297,0.532
-1.399,1.749
-1.438,2.736
-1.417,0.065
-1.465,2.633
-1.487,2.949
-1.556,0.074
-1.579,2.04
-1.619,1.411
-1.622,2.045
-1.627,2.989
-1.624,1.288
-1.694,0.168
-1.716,1.316
-1.887,1.723
-1.937,2.002
-1.982,3.094
-2.08,2.704
-2.092,2.883
-2.191,1.945
-2.163,1.273
-2.182,2.054
-2.173,1.958
-2.254,3.692
-2.295,2.388
-2.308,1.554
-2.349,1.911
-2.467,0.744
-2.411,1.201
-2.414,-0.145
-2.487,2.542
-2.541,1.575
-2.603,2.136
-2.531,2.025
-2.54,-0.135
-2.6,3.338
-2.72,2.648
-2.778,2.418
-2.809,0.626
-2.908,3.473
-3.095,2.188
2.991,0.797
2.965,1.029
2.921,2.502
2.909,2.314
2.936,2.882
2.916,1.723
2.771,2.568
2.764,2.285
2.683,3.539
2.616,2.052
2.556,0.394
2.614,2.101
2.433,0.979
2.293,0.92
2.151,-0.064
2.155,2.798
2.138,1.82
2.107,0.544
2.095,2.495
2.01,1.963
1.982,0.573
1.948,2.66
1.991,2.389
1.953,2.298
1.881,2.262
1.953,-0.108
1.955,-0.03
1.869,2.41
1.847,-0.055
1.837,1.488
1.845,2.14
1.823,2.64
1.75,2.604
1.787,2.521
1.349,-0.268
0.862,-0.547
-0.794,-0.216
-1.163,-0.325
-1.525,-0.328
-1.71,-0.389
-1.892,-0.374
-2.133,-0.262
-2.328,-0.454
-2.945,-0.292
3.082,-0.493
2.36,-0.567
2.281,-0.475
2.125,-0.424
1.998,-0.534
1.904,-0.262
1.68,4.135
1.519,4.065
1.473,3.884
1.451,3.933
1.536,4.003
1.29,3.988
0.548,4.07
0.005,4.084
0.012,4.095
-0.04,3.941
-0.244,3.921
-0.18,4.043
-1.062,3.904
-1.114,3.867
-1.156,3.851
-1.266,3.924
-1.63,4.03
-2.263,4.107
-2.605,3.833
-2.8,3.916
-2.858,4.224
-3.062,4.334
2.915,3.908
2.686,4.314
2.505,3.931
1.765,4.076
1.709,4.14
1.688,2.558
1.64,1.195
1.586,0.472
1.638,1.307
1.497,0.481
1.303,2.474
1.177,3.764
1.063,3.736
-0.501,3.576
-1.072,1.075
-2.882,3.164
2.818,3.213
1.818,2.261
1.669,3.71
1.616,-0.043
1.606,2.675
1.71,-0.195
1.607,0.271
1.695,2.293
1.514,-0.198
1.644,3.623
1.505,0.597
1.509,1.222
1.596,1.292
1.553,3.435
1.427,2.543
1.313,2.817
1.356,3.162
1.147,1.404
1.065,2.76
1.138,3.377
1.093,3.381
1.081,1.813
0.977,3.456
0.94,2.718
1.046,1.257
0.873,1.113
0.726,3.772
0.861,-0.136
0.629,2.867
0.73,-0.098
0.542,3.073
0.651,0.667
0.606,1.17
0.426,2.42
0.441,3.1
0.424,3.56
0.127,2.478
0.09,0.099
0.082,1.372
-0.027,1.256
-0.102,1.544
0.004,3.666
0.011,3.047
-0.069,-0.156
-0.238,2.523
-0.252,3.792
-0.349,3.643
-0.367,3.664
-0.236,3.659
-0.345,0.297
-0.299,1.394
-0.348,2.517
-0.517,3.752
-0.511,0.943
-0.385,2.535
-0.466,2.191
-0.466,0.524
-0.496,3.567
-0.761,1.505
-0.831,1.423
-1.029,0.344
-1.056,3.654
-0.951,2.071
-0.96,2.927
-1.126,-0.031
-1.215,1.767
-1.247,2.362
-1.152,3.726
-1.287,1.615
-1.194,3.69
-1.18,2.458
-1.379,-0.117
-1.401,1.402
-1.3,2.884
-1.371,1.862
-1.382,0.167
-1.387,3.641
-1.559,0.133
-1.487,2.195
-1.528,0.589
-1.657,0.335
-1.567,1.716
-1.676,0.009
-1.548,0.997
-1.623,1.011
-1.651,-0.099
-1.8,0.565
-1.81,0.16
-1.689,1.315
-1.654,3.761
-1.813,3.341
-1.704,0.331
-1.797,1.439
-1.845,1.676
-1.957,0.025
-2.023,1.581
-1.944,2.116
-1.956,0.959
-2.179,-0.082
-2.166,2.6
-2.076,3.341
-2.104,1.601
-2.245,0.33
-2.338,3.19
-2.232,1.856
-2.351,2.701
-2.338,2.737
-2.592,0.552
-2.531,2.198
-2.821,3.827
-2.963,1.093
-2.846,0.997
-2.989,3.664
2.984,2.48
2.859,1.715
2.725,0.336
2.695,2.945
2.788,3.427
2.609,2.001
2.705,3.643
2.535,2.835
2.351,0.196
2.118,2.243
1.967,3.745
1.931,0.189
1.912,3.761
1.985,2.973
1.829,0.122
1.931,3.547
1.768,-0.355
1.735,-0.478
1.704,-0.41
1.635,-0.465
0.871,-0.475
0.546,-0.433
-0.212,-0.36
-1.424,-0.365
3.136,-0.27
1.948,-0.244
1.447,4.134
1.395,4.25
1.336,3.952
1.07,3.989
0.965,4.209
0.968,3.886
0.86,3.953
0.611,4.108
0.578,4.207
-0.895,4.096
-1.08,4.159
-1.276,4.154
-2.035,3.896
-2.354,4.157
-2.344,3.951
-2.975,4.131
2.459,3.796
1.904,4.214
1.661,1.324
-1.912,2.793
2.615,3.432
1.666,3.027
1.748,0.345
1.684,2.322
1.562,2.326
1.454,0.63
-0.922,3.388
-0.944,1.45
-1.821,1.416
-2.557,2.306
-2.874,2.29
2.496,0.795
2.513,2.993
2.318,2.352
2.313,2.781
2.214,3.428
2.204,2.612
2.2,1.811
2.079,0.755
1.795,2.286
1.441,2.468
1.165,2.55
-0.84,2.512
2.002,1.084
-3.113,-0.012
2.172,3.569
2.947,-0.243
1.149,3.974
-0.105,-0.414
-0.253,-0.128
-0.215,0.014
-0.27,1.062
-0.325,-0.868
-0.403,-0.454
-0.384,1.39
-0.41,-0.376
-0.472,-1.734
-0.55,-2.498
-0.639,-0.135
-0.707,0.578
-0.742,-0.747
-0.817,-1.492
-0.737,0.347
-0.806,-2.435
-0.828,-0.693
-0.864,0.874
-0.821,-1.424
-0.854,-1.466
-0.938,1.083
-0.989,1.09
-0.935,-0.366
-1.01,-1.641
-0.949,-0.892
-1.092,0.963
-1.163,-1.776
-1.184,1.309
-1.161,-0.972
-1.223,-1.181
-1.187,0.419
-1.274,-2.324
-1.228,-0.312
-1.252,-1.372
-1.243,0.741
-1.381,-1.887
-1.483,-0.67
-1.522,0.317
-1.501,-2.354
-1.549,0.214
-1.571,0.53
-1.64,-2.345
-1.663,-0.379
-1.703,-1.008
-1.706,-0.374
-1.711,0.57
-1.708,-1.131
-1.778,-2.251
-1.8,-1.103
-1.971,-0.696
-2.021,-0.417
-2.066,0.675
-2.164,0.285
-2.176,0.464
-2.275,-0.474
-2.247,-1.146
-2.266,-0.365
-2.257,-0.461
-2.338,1.273
-2.379,-0.031
-2.392,-0.865
-2.433,-0.508
-2.551,-1.675
-2.495,-1.218
-2.498,-2.564
-2.571,0.123
-2.625,-0.844
-2.687,-0.283
-2.615,-0.394
-2.624,-2.554
-2.684,0.919
-2.804,0.229
-2.862,-0.001
-2.893,-1.793
-2.992,1.054
3.104,-0.231
2.907,-1.622
2.881,-1.39
2.837,0.083
2.825,-0.105
2.852,0.463
2.832,-0.696
2.687,0.149
2.68,-0.134
2.599,1.12
2.532,-0.367
2.472,-2.025
2.53,-0.318
2.349,-1.44
2.209,-1.499
2.067,-2.483
2.071,0.379
2.054,-0.599
2.023,-1.875
2.011,0.076
1.926,-0.456
1.898,-1.846
1.864,0.241
1.907,-0.03
1.869,-0.121
1.797,-0.157
1.869,-2.527
1.871,-2.449
1.785,-0.009
1.763,-2.474
1.753,-0.931
1.761,-0.279
1.739,0.221
1.666,0.185
1.703,0.102
1.265,-2.687
0.778,-2.966
-0.878,-2.635
-1.247,-2.744
-1.609,-2.747
-1.794,-2.808
-1.976,-2.793
-2.217,-2.681
-2.412,-2.873
-3.029,-2.711
2.998,-2.912
2.276,-2.986
2.197,-2.894
2.041,-2.843
1.914,-2.953
1.82,-2.681
1.596,1.716
1.435,1.646
1.389,1.465
1.367,1.514
1.452,1.584
1.206,1.569
0.464,1.651
-0.079,1.665
-0.072,1.676
-0.124,1.522
-0.328,1.502
-0.264,1.624
-1.146,1.485
-1.198,1.448
-1.24,1.432
-1.35,1.505
-1.714,1.611
-2.347,1.688
-2.689,1.414
-2.884,1.497
-2.942,1.805
3.137,1.915
2.831,1.489
2.602,1.895
2.421,1.512
1.681,1.657
1.625,1.721
1.604,0.139
1.556,-1.224
1.502,-1.947
1.554,-1.112
1.413,-1.938
1.219,0.055
1.093,1.345
0.979,1.317
-0.585,1.157
-1.156,-1.344
-2.966,0.745
2.734,0.794
1.734,-0.158
1.585,1.291
1.532,-2.462
1.522,0.256
1.626,-2.614
1.523,-2.148
1.611,-0.126
1.43,-2.617
1.56,1.204
1.421,-1.822
1.425,-1.197
1.512,-1.127
1.469,1.016
1.343,0.124
1.229,0.398
1.272,0.743
1.063,-1.015
0.981,0.341
1.054,0.958
1.009,0.962
0.997,-0.606
0.893,1.037
0.856,0.299
0.962,-1.162
0.789,-1.306
0.642,1.353
0.777,-2.555
0.545,0.448
0.646,-2.517
0.458,0.654
0.567,-1.752
0.522,-1.249
0.342,0.001
0.357,0.681
0.34,1.141
0.043,0.059
0.006,-2.32
-0.002,-1.047
-0.111,-1.163
-0.186,-0.875
-0.08,1.247
-0.073,0.628
-0.153,-2.575
-0.322,0.104
-0.336,1.373
-0.433,1.224
-0.451,1.245
-0.32,1.24
-0.429,-2.122
-0.383,-1.025
-0.432,0.098
-0.601,1.333
-0.595,-1.476
-0.469,0.116
-0.55,-0.228
-0.55,-1.895
-0.58,1.148
-0.845,-0.914
-0.915,-0.996
-1.113,-2.075
-1.14,1.235
-1.035,-0.348
-1.044,0.508
-1.21,-2.45
-1.299,-0.652
-1.331,-0.057
-1.236,1.307
-1.371,-0.804
-1.278,1.271
-1.264,0.039
-1.463,-2.536
-1.485,-1.017
-1.384,0.465
-1.455,-0.557
-1.466,-2.252
-1.471,1.222
-1.643,-2.286
-1.571,-0.224
-1.612,-1.83
-1.741,-2.084
-1.651,-0.703
-1.76,-2.41
-1.632,-1.422
-1.707,-1.408
-1.735,-2.518
-1.884,-1.854
-1.894,-2.259
-1.773,-1.104
-1.738,1.342
-1.897,0.922
-1.788,-2.088
-1.881,-0.98
-1.929,-0.743
-2.041,-2.394
-2.107,-0.838
-2.028,-0.303
-2.04,-1.46
-2.263,-2.501
-2.25,0.181
-2.16,0.922
-2.188,-0.818
-2.329,-2.089
-2.422,0.771
-2.316,-0.563
-2.435,0.282
-2.422,0.318
-2.676,-1.867
-2.615,-0.221
-2.905,1.408
-3.047,-1.326
-2.93,-1.422
-3.073,1.245
2.9,0.061
2.775,-0.704
2.641,-2.083
2.611,0.526
2.704,1.008
2.525,-0.418
2.621,1.224
2.451,0.416
2.267,-2.223
2.034,-0.176
1.883,1.326
1.847,-2.23
1.828,1.342
1.901,0.554
1.745,-2.297
1.847,1.128
1.684,-2.774
1.651,-2.897
1.62,-2.829
1.551,-2.884
0.787,-2.894
0.462,-2.852
-0.296,-2.779
-1.508,-2.784
3.052,-2.689
1.864,-2.663
1.363,1.715
1.311,1.831
1.252,1.533
0.986,1.57
0.881,1.79
0.884,1.467
0.776,1.534
0.527,1.689
0.494,1.788
-0.979,1.677
-1.164,1.74
-1.36,1.735
-2.119,1.477
-2.438,1.738
-2.428,1.532
-3.059,1.712
2.375,1.377
1.82,1.795
1.577,-1.095
-1.996,0.374
2.531,1.013
1.582,0.608
1.664,-2.074
1.6,-0.097
1.478,-0.093
1.37,-1.789
-1.006,0.969
-1.028,-0.969
-1.905,-1.003
-2.641,-0.113
-2.958,-0.129
2.412,-1.624
2.429,0.574
2.234,-0.067
2.229,0.362
2.13,1.009
2.12,0.193
2.116,-0.608
1.995,-1.664
1.711,-0.133
1.357,0.049
1.081,0.131
-0.924,0.093
1.918,-1.335
3.086,-2.431
2.088,1.15
2.863,-2.662
1.065,1.555
-0.148,0.286
-0.11,0.428
-0.165,1.476
-0.22,-0.454
-0.298,-0.04
-0.279,1.804
-0.305,0.038
-0.367,-1.32
-0.445,-2.084
-0.534,0.279
-0.602,0.992
-0.637,-0.333
-0.712,-1.078
-0.632,0.761
-0.701,-2.021
-0.723,-0.279
-0.759,1.288
-0.716,-1.01
-0.749,-1.052
-0.833,1.497
-0.884,1.504
-0.83,0.048
-0.905,-1.227
-0.844,-0.478
-0.987,1.377
-1.058,-1.362
-1.079,1.723
-1.056,-0.558
-1.118,-0.767
-1.082,0.833
-1.169,-1.91
-1.123,0.102
-1.147,-0.958
-1.138,1.155
-1.276,-1.473
-1.378,-0.256
-1.417,0.731
-1.396,-1.94
-1.444,0.628
-1.466,0.944
-1.535,-1.931
-1.558,0.035
-1.598,-0.594
-1.601,0.04
-1.606,0.984
-1.603,-0.717
-1.673,-1.837
-1.695,-0.689
-1.866,-0.282
-1.916,-0.003
-1.961,1.089
-2.059,0.699
-2.071,0.878
-2.17,-0.06
-2.142,-0.732
-2.161,0.049
-2.152,-0.047
-2.233,1.687
-2.274,0.383
-2.287,-0.451
-2.328,-0.094
-2.446,-1.261
-2.39,-0.804
-2.393,-2.15
-2.466,0.537
-2.52,-0.43
-2.582,0.131
-2.51,0.02
-2.519,-2.14
-2.579,1.333
-2.699,0.643
-2.757,0.413
-2.788,-1.379
-2.887,1.468
-3.074,0.183
3.012,-1.208
2.986,-0.976
2.942,0.497
2.93,0.309
2.957,0.877
2.937,-0.282
2.792,0.563
2.785,0.28
2.704,1.534
2.637,0.047
2.577,-1.611
2.635,0.096
2.454,-1.026
2.314,-1.085
2.172,-2.069
2.176,0.793
2.159,-0.185
2.128,-1.461
2.116,0.49
2.031,-0.042
2.003,-1.432
1.969,0.655
2.012,0.384
1.974,0.293
1.902,0.257
1.974,-2.113
1.976,-2.035
1.89,0.405
1.868,-2.06
1.858,-0.517
1.866,0.135
1.844,0.635
1.771,0.599
1.808,0.516
1.37,-2.273
0.883,-2.552
-0.773,-2.221
-1.142,-2.33
-1.504,-2.333
-1.689,-2.394
-1.871,-2.379
-2.112,-2.267
-2.307,-2.459
-2.924,-2.297
3.103,-2.498
2.381,-2.572
2.302,-2.48
2.146,-2.429
2.019,-2.539
1.925,-2.267
1.701,2.13
1.54,2.06
1.494,1.879
1.472,1.928
1.557,1.998
1.311,1.983
0.569,2.065
0.026,2.079
0.033,2.09
-0.019,1.936
-0.223,1.916
-0.159,2.038
-1.041,1.899
-1.093,1.862
-1.135,1.846
-1.245,1.919
-1.609,2.025
-2.242,2.102
-2.584,1.828
-2.779,1.911
-2.837,2.219
-3.041,2.329
2.936,1.903
2.707,2.309
2.526,1.926
1.786,2.071
1.73,2.135
1.709,0.553
1.661,-0.81
1.607,-1.533
1.659,-0.698
1.518,-1.524
1.324,0.469
1.198,1.759
1.084,1.731
-0.48,1.571
-1.051,-0.93
-2.861,1.159
2.839,1.208
1.839,0.256
1.69,1.705
1.637,-2.048
1.627,0.67
1.731,-2.2
1.628,-1.734
1.716,0.288
1.535,-2.203
1.665,1.618
1.526,-1.408
1.53,-0.783
1.617,-0.713
1.574,1.43
1.448,0.538
1.334,0.812
1.377,1.157
1.168,-0.601
1.086,0.755
1.159,1.372
1.114,1.376
1.102,-0.192
0.998,1.451
0.961,0.713
1.067,-0.748
0.894,-0.892
0.747,1.767
0.882,-2.141
0.65,0.862
0.751,-2.103
0.563,1.068
0.672,-1.338
0.627,-0.835
0.447,0.415
0.462,1.095
0.445,1.555
0.148,0.473
0.111,-1.906
0.103,-0.633
-0.006,-0.749
-0.081,-0.461
0.025,1.661
0.032,1.042
-0.048,-2.161
-0.217,0.518
-0.231,1.787
-0.328,1.638
-0.346,1.659
-0.215,1.654
-0.324,-1.708
-0.278,-0.611
-0.327,0.512
-0.496,1.747
-0.49,-1.062
-0.364,0.53
-0.445,0.186
-0.445,-1.481
-0.475,1.562
-0.74,-0.5
-0.81,-0.582
-1.008,-1.661
-1.035,1.649
-0.93,0.066
-0.939,0.922
-1.105,-2.036
-1.194,-0.238
-1.226,0.357
-1.131,1.721
-1.266,-0.39
-1.173,1.685
-1.159,0.453
-1.358,-2.122
-1.38,-0.603
-1.279,0.879
-1.35,-0.143
-1.361,-1.838
-1.366,1.636
-1.538,-1.872
-1.466,0.19
-1.507,-1.416
-1.636,-1.67
-1.546,-0.289
-1.655,-1.996
-1.527,-1.008
-1.602,-0.994
-1.63,-2.104
-1.779,-1.44
-1.789,-1.845
-1.668,-0.69
-1.633,1.756
-1.792,1.336
-1.683,-1.674
-1.776,-0.566
-1.824,-0.329
-1.936,-1.98
-2.002,-0.424
-1.923,0.111
-1.935,-1.046
-2.158,-2.087
-2.145,0.595
-2.055,1.336
-2.083,-0.404
-2.224,-1.675
-2.317,1.185
-2.211,-0.149
-2.33,0.696
-2.317,0.732
-2.571,-1.453
-2.51,0.193
-2.8,1.822
-2.942,-0.912
-2.825,-1.008
-2.968,1.659
3.005,0.475
2.88,-0.29
2.746,-1.669
2.716,0.94
2.809,1.422
2.63,-0.004
2.726,1.638
2.556,0.83
2.372,-1.809
2.139,0.238
1.988,1.74
1.952,-1.816
1.933,1.756
2.006,0.968
1.85,-1.883
1.952,1.542
1.789,-2.36
1.756,-2.483
1.725,-2.415
1.656,-2.47
0.892,-2.48
0.567,-2.438
-0.191,-2.365
-1.403,-2.37
-3.126,-2.275
1.969,-2.249
1.468,2.129
1.416,2.245
1.357,1.947
1.091,1.984
0.986,2.204
0.989,1.881
0.881,1.948
0.632,2.103
0.599,2.202
-0.874,2.091
-1.059,2.154
-1.255,2.149
-2.014,1.891
-2.333,2.152
-2.323,1.946
-2.954,2.126
2.48,1.791
1.925,2.209
1.682,-0.681
-1.891,0.788
2.636,1.427
1.687,1.022
1.769,-1.66
1.705,0.317
1.583,0.321
1.475,-1.375
-0.901,1.383
-0.923,-0.555
-1.8,-0.589
-2.536,0.301
-2.853,0.285
2.517,-1.21
2.534,0.988
2.339,0.347
2.334,0.776
2.235,1.423
2.225,0.607
2.221,-0.194
2.1,-1.25
1.816,0.281
1.462,0.463
1.186,0.545
-0.819,0.507
2.023,-0.921
-3.092,-2.017
2.193,1.564
2.968,-2.248
1.17,1.969
0.038,0.142
-0.017,1.19
-0.072,-0.74
-0.15,-0.326
-0.131,1.518
-0.157,-0.248
-0.219,-1.606
-0.297,-2.37
-0.386,-0.007
-0.454,0.706
-0.489,-0.619
-0.564,-1.364
-0.484,0.475
-0.553,-2.307
-0.575,-0.565
-0.611,1.002
-0.568,-1.296
-0.601,-1.338
-0.685,1.211
-0.736,1.218
-0.682,-0.238
-0.757,-1.513
-0.696,-0.764
-0.839,1.091
-0.91,-1.648
-0.931,1.437
-0.908,-0.844
-0.97,-1.053
-0.934,0.547
-1.021,-2.196
-0.975,-0.184
-0.999,-1.244
-0.99,0.869
-1.128,-1.759
-1.23,-0.542
-1.269,0.445
-1.248,-2.226
-1.296,0.342
-1.318,0.658
-1.387,-2.217
-1.41,-0.251
-1.45,-0.88
-1.453,-0.246
-1.458,0.698
-1.455,-1.003
-1.525,-2.123
-1.547,-0.975
-1.718,-0.568
-1.768,-0.289
-1.813,0.803
-1.911,0.413
-1.923,0.592
-2.022,-0.346
-1.994,-1.018
-2.013,-0.237
-2.004,-0.333
-2.085,1.401
-2.126,0.097
-2.139,-0.737
-2.18,-0.38
-2.298,-1.547
-2.242,-1.09
-2.245,-2.436
-2.318,0.251
-2.372,-0.716
-2.434,-0.155
-2.362,-0.266
-2.371,-2.426
-2.431,1.047
-2.551,0.357
-2.609,0.127
-2.64,-1.665
-2.739,1.182
-2.926,-0.103
-3.123,-1.494
3.134,-1.262
3.09,0.211
3.078,0.023
3.105,0.591
3.085,-0.568
2.94,0.277
2.933,-0.006
2.852,1.248
2.785,-0.239
2.725,-1.897
2.783,-0.19
2.602,-1.312
2.462,-1.371
2.32,-2.355
2.324,0.507
2.307,-0.471
2.276,-1.747
2.264,0.204
2.179,-0.328
2.151,-1.718
2.117,0.369
2.16,0.098
2.122,0.007
2.05,-0.029
2.122,-2.399
2.124,-2.321
2.038,0.119
2.016,-2.346
2.006,-0.803
2.014,-0.151
1.992,0.349
1.919,0.313
1.956,0.23
1.518,-2.559
1.031,-2.838
-0.625,-2.507
-0.994,-2.616
-1.356,-2.619
-1.541,-2.68
-1.723,-2.665
-1.964,-2.553
-2.159,-2.745
-2.776,-2.583
-3.032,-2.784
2.529,-2.858
2.45,-2.766
2.294,-2.715
2.167,-2.825
2.073,-2.553
1.849,1.844
1.688,1.774
1.642,1.593
1.62,1.642
1.705,1.712
1.459,1.697
0.717,1.779
0.174,1.793
0.181,1.804
0.129,1.65
-0.075,1.63
-0.011,1.752
-0.893,1.613
-0.945,1.576
-0.987,1.56
-1.097,1.633
-1.461,1.739
-2.094,1.816
-2.436,1.542
-2.631,1.625
-2.689,1.933
-2.893,2.043
3.084,1.617
2.855,2.023
2.674,1.64
1.934,1.785
1.878,1.849
1.857,0.267
1.809,-1.096
1.755,-1.819
1.807,-0.984
1.666,-1.81
1.472,0.183
1.346,1.473
1.232,1.445
-0.332,1.285
-0.903,-1.216
-2.713,0.873
2.987,0.922
1.987,-0.03
1.838,1.419
1.785,-2.334
1.775,0.384
1.879,-2.486
1.776,-2.02
1.864,0.002
1.683,-2.489
1.813,1.332
1.674,-1.694
1.678,-1.069
1.765,-0.999
1.722,1.144
1.596,0.252
1.482,0.526
1.525,0.871
1.316,-0.887
1.234,0.469
1.307,1.086
1.262,1.09
1.25,-0.478
1.146,1.165
1.109,0.427
1.215,-1.034
1.042,-1.178
0.895,1.481
1.03,-2.427
0.798,0.576
0.899,-2.389
0.711,0.782
0.82,-1.624
0.775,-1.121
0.595,0.129
0.61,0.809
0.593,1.269
0.296,0.187
0.259,-2.192
0.251,-0.919
0.142,-1.035
0.067,-0.747
0.173,1.375
0.18,0.756
0.1,-2.447
-0.069,0.232
-0.083,1.501
-0.18,1.352
-0.198,1.373
-0.067,1.368
-0.176,-1.994
-0.13,-0.897
-0.179,0.226
-0.348,1.461
-0.342,-1.348
-0.216,0.244
-0.297,-0.1
-0.297,-1.767
-0.327,1.276
-0.592,-0.786
-0.662,-0.868
-0.86,-1.947
-0.887,1.363
-0.782,-0.22
-0.791,0.636
-0.957,-2.322
-1.046,-0.524
-1.078,0.071
-0.983,1.435
-1.118,-0.676
-1.025,1.399
-1.011,0.167
-1.21,-2.408
-1.232,-0.889
-1.131,0.593
-1.202,-0.429
-1.213,-2.124
-1.218,1.35
-1.39,-2.158
-1.318,-0.096
-1.359,-1.702
-1.488,-1.956
-1.398,-0.575
-1.507,-2.282
-1.379,-1.294
-1.454,-1.28
-1.482,-2.39
-1.631,-1.726
-1.641,-2.131
-1.52,-0.976
-1.485,1.47
-1.644,1.05
-1.535,-1.96
-1.628,-0.852
-1.676,-0.615
-1.788,-2.266
-1.854,-0.71
-1.775,-0.175
-1.787,-1.332
-2.01,-2.373
-1.997,0.309
-1.907,1.05
-1.935,-0.69
-2.076,-1.961
-2.169,0.899
-2.063,-0.435
-2.182,0.41
-2.169,0.446
-2.423,-1.739
-2.362,-0.093
-2.652,1.536
-2.794,-1.198
-2.677,-1.294
-2.82,1.373
-3.13,0.189
3.028,-0.576
2.894,-1.955
2.864,0.654
2.957,1.136
2.778,-0.29
2.874,1.352
2.704,0.544
2.52,-2.095
2.287,-0.048
2.136,1.454
2.1,-2.102
2.081,1.47
2.154,0.682
1.998,-2.169
2.1,1.256
1.937,-2.646
1.904,-2.769
1.873,-2.701
1.804,-2.756
1.04,-2.766
0.715,-2.724
-0.043,-2.651
-1.255,-2.656
-2.978,-2.561
2.117,-2.535
1.616,1.843
1.564,1.959
1.505,1.661
1.239,1.698
1.134,1.918
1.137,1.595
1.029,1.662
0.78,1.817
0.747,1.916
-0.726,1.805
-0.911,1.868
-1.107,1.863
-1.866,1.605
-2.185,1.866
-2.175,1.66
-2.806,1.84
2.628,1.505
2.073,1.923
1.83,-0.967
-1.743,0.502
2.784,1.141
1.835,0.736
1.917,-1.946
1.853,0.031
1.731,0.035
1.623,-1.661
-0.753,1.097
-0.775,-0.841
-1.652,-0.875
-2.388,0.015
-2.705,-0.001
2.665,-1.496
2.682,0.702
2.487,0.061
2.482,0.49
2.383,1.137
2.373,0.321
2.369,-0.48
2.248,-1.536
1.964,-0.005
1.61,0.177
1.334,0.259
-0.671,0.221
2.171,-1.207
-2.944,-2.303
2.341,1.278
3.116,-2.534
1.318,1.683
-0.055,1.048
-0.11,-0.882
-0.188,-0.468
-0.169,1.376
-0.195,-0.39
-0.257,-1.748
-0.335,-2.512
-0.424,-0.149
-0.492,0.564
-0.527,-0.761
-0.602,-1.506
-0.522,0.333
-0.591,-2.449
-0.613,-0.707
-0.649,0.86
-0.606,-1.438
-0.639,-1.48
-0.723,1.069
-0.774,1.076
-0.72,-0.38
-0.795,-1.655
-0.734,-0.906
-0.877,0.949
-0.948,-1.79
-0.969,1.295
-0.946,-0.986
-1.008,-1.195
-0.972,0.405
-1.059,-2.338
-1.013,-0.326
-1.037,-1.386
-1.028,0.727
-1.166,-1.901
-1.268,-0.684
-1.307,0.303
-1.286,-2.368
-1.334,0.2
-1.356,0.516
-1.425,-2.359
-1.448,-0.393
-1.488,-1.022
-1.491,-0.388
-1.496,0.556
-1.493,-1.145
-1.563,-2.265
-1.585,-1.117
-1.756,-0.71
-1.806,-0.431
-1.851,0.661
-1.949,0.271
-1.961,0.45
-2.06,-0.488
-2.032,-1.16
-2.051,-0.379
-2.042,-0.475
-2.123,1.259
-2.164,-0.045
-2.177,-0.879
-2.218,-0.522
-2.336,-1.689
-2.28,-1.232
-2.283,-2.578
-2.356,0.109
-2.41,-0.858
-2.472,-0.297
-2.4,-0.408
-2.409,-2.568
-2.469,0.905
-2.589,0.215
-2.647,-0.015
-2.678,-1.807
-2.777,1.04
-2.964,-0.245
3.122,-1.636
3.096,-1.404
3.052,0.069
3.04,-0.119
3.067,0.449
3.047,-0.71
2.902,0.135
2.895,-0.148
2.814,1.106
2.747,-0.381
2.687,-2.039
2.745,-0.332
2.564,-1.454
2.424,-1.513
2.282,-2.497
2.286,0.365
2.269,-0.613
2.238,-1.889
2.226,0.062
2.141,-0.47
2.113,-1.86
2.079,0.227
2.122,-0.044
2.084,-0.135
2.012,-0.171
2.084,-2.541
2.086,-2.463
2.0,-0.023
1.978,-2.488
1.968,-0.945
1.976,-0.293
1.954,0.207
1.881,0.171
1.918,0.088
1.48,-2.701
0.993,-2.98
-0.663,-2.649
-1.032,-2.758
-1.394,-2.761
-1.579,-2.822
-1.761,-2.807
-2.002,-2.695
-2.197,-2.887
-2.814,-2.725
-3.07,-2.926
2.491,-3.0
2.412,-2.908
2.256,-2.857
2.129,-2.967
2.035,-2.695
1.811,1.702
1.65,1.632
1.604,1.451
1.582,1.5
1.667,1.57
1.421,1.555
0.679,1.637
0.136,1.651
0.143,1.662
0.091,1.508
-0.113,1.488
-0.049,1.61
-0.931,1.471
-0.983,1.434
-1.025,1.418
-1.135,1.491
-1.499,1.597
-2.132,1.674
-2.474,1.4
-2.669,1.483
-2.727,1.791
-2.931,1.901
3.046,1.475
2.817,1.881
2.636,1.498
1.896,1.643
1.84,1.707
1.819,0.125
1.771,-1.238
1.717,-1.961
1.769,-1.126
1.628,-1.952
1.434,0.041
1.308,1.331
1.194,1.303
-0.37,1.143
-0.941,-1.358
-2.751,0.731
2.949,0.78
1.949,-0.172
1.8,1.277
1.747,-2.476
1.737,0.242
1.841,-2.628
1.738,-2.162
1.826,-0.14
1.645,-2.631
1.775,1.19
1.636,-1.836
1.64,-1.211
1.727,-1.141
1.684,1.002
1.558,0.11
1.444,0.384
1.487,0.729
1.278,-1.029
1.196,0.327
1.269,0.944
1.224,0.948
1.212,-0.62
1.108,1.023
1.071,0.285
1.177,-1.176
1.004,-1.32
0.857,1.339
0.992,-2.569
0.76,0.434
0.861,-2.531
0.673,0.64
0.782,-1.766
0.737,-1.263
0.557,-0.013
0.572,0.667
0.555,1.127
0.258,0.045
0.221,-2.334
0.213,-1.061
0.104,-1.177
0.029,-0.889
0.135,1.233
0.142,0.614
0.062,-2.589
-0.107,0.09
-0.121,1.359
-0.218,1.21
-0.236,1.231
-0.105,1.226
-0.214,-2.136
-0.168,-1.039
-0.217,0.084
-0.386,1.319
-0.38,-1.49
-0.254,0.102
-0.335,-0.242
-0.335,-1.909
-0.365,1.134
-0.63,-0.928
-0.7,-1.01
-0.898,-2.089
-0.925,1.221
-0.82,-0.362
-0.829,0.494
-0.995,-2.464
-1.084,-0.666
-1.116,-0.071
-1.021,1.293
-1.156,-0.818
-1.063,1.257
-1.049,0.025
-1.248,-2.55
-1.27,-1.031
-1.169,0.451
-1.24,-0.571
-1.251,-2.266
-1.256,1.208
-1.428,-2.3
-1.356,-0.238
-1.397,-1.844
-1.526,-2.098
-1.436,-0.717
-1.545,-2.424
-1.417,-1.436
-1.492,-1.422
-1.52,-2.532
-1.669,-1.868
-1.679,-2.273
-1.558,-1.118
-1.523,1.328
-1.682,0.908
-1.573,-2.102
-1.666,-0.994
-1.714,-0.757
-1.826,-2.408
-1.892,-0.852
-1.813,-0.317
-1.825,-1.474
-2.048,-2.515
-2.035,0.167
-1.945,0.908
-1.973,-0.832
-2.114,-2.103
-2.207,0.757
-2.101,-0.577
-2.22,0.268
-2.207,0.304
-2.461,-1.881
-2.4,-0.235
-2.69,1.394
-2.832,-1.34
-2.715,-1.436
-2.858,1.231
3.115,0.047
2.99,-0.718
2.856,-2.097
2.826,0.512
2.919,0.994
2.74,-0.432
2.836,1.21
2.666,0.402
2.482,-2.237
2.249,-0.19
2.098,1.312
2.062,-2.244
2.043,1.328
2.116,0.54
1.96,-2.311
2.062,1.114
1.899,-2.788
1.866,-2.911
1.835,-2.843
1.766,-2.898
1.002,-2.908
0.677,-2.866
-0.081,-2.793
-1.293,-2.798
-3.016,-2.703
2.079,-2.677
1.578,1.701
1.526,1.817
1.467,1.519
1.201,1.556
1.096,1.776
1.099,1.453
0.991,1.52
0.742,1.675
0.709,1.774
-0.764,1.663
-0.949,1.726
-1.145,1.721
-1.904,1.463
-2.223,1.724
-2.213,1.518
-2.844,1.698
2.59,1.363
2.035,1.781
1.792,-1.109
-1.781,0.36
2.746,0.999
1.797,0.594
1.879,-2.088
1.815,-0.111
1.693,-0.107
1.585,-1.803
-0.791,0.955
-0.813,-0.983
-1.69,-1.017
-2.426,-0.127
-2.743,-0.143
2.627,-1.638
2.644,0.56
2.449,-0.081
2.444,0.348
2.345,0.995
2.335,0.179
2.331,-0.622
2.21,-1.678
1.926,-0.147
1.572,0.035
1.296,0.117
-0.709,0.079
2.133,-1.349
-2.982,-2.445
2.303,1.136
3.078,-2.676
1.28,1.541
-0.055,-1.93
-0.133,-1.516
-0.114,0.328
-0.14,-1.438
-0.202,-2.796
-0.28,-3.56
-0.369,-1.197
-0.437,-0.484
-0.472,-1.809
-0.547,-2.554
-0.467,-0.715
-0.536,-3.497
-0.558,-1.755
-0.594,-0.188
-0.551,-2.486
-0.584,-2.528
-0.668,0.021
-0.719,0.028
-0.665,-1.428
-0.74,-2.703
-0.679,-1.954
-0.822,-0.099
-0.893,-2.838
-0.914,0.247
-0.891,-2.034
-0.953,-2.243
-0.917,-0.643
-1.004,-3.386
-0.958,-1.374
-0.982,-2.434
-0.973,-0.321
-1.111,-2.949
-1.213,-1.732
-1.252,-0.745
-1.231,-3.416
-1.279,-0.848
-1.301,-0.532
-1.37,-3.407
-1.393,-1.441
-1.433,-2.07
-1.436,-1.436
-1.441,-0.492
-1.438,-2.193
-1.508,-3.313
-1.53,-2.165
-1.701,-1.758
-1.751,-1.479
-1.796,-0.387
-1.894,-0.777
-1.906,-0.598
-2.005,-1.536
-1.977,-2.208
-1.996,-1.427
-1.987,-1.523
-2.068,0.211
-2.109,-1.093
-2.122,-1.927
-2.163,-1.57
-2.281,-2.737
-2.225,-2.28
-2.228,-3.626
-2.301,-0.939
-2.355,-1.906
-2.417,-1.345
-2.345,-1.456
-2.354,-3.616
-2.414,-0.143
-2.534,-0.833
-2.592,-1.063
-2.623,-2.855
-2.722,-0.008
-2.909,-1.293
-3.106,-2.684
-3.132,-2.452
3.107,-0.979
3.095,-1.167
3.122,-0.599
3.102,-1.758
2.957,-0.913
2.95,-1.196
2.869,0.058
2.802,-1.429
2.742,-3.087
2.8,-1.38
2.619,-2.502
2.479,-2.561
2.337,-3.545
2.341,-0.683
2.324,-1.661
2.293,-2.937
2.281,-0.986
2.196,-1.518
2.168,-2.908
2.134,-0.821
2.177,-1.092
2.139,-1.183
2.067,-1.219
2.139,-3.589
2.141,-3.511
2.055,-1.071
2.033,-3.536
2.023,-1.993
2.031,-1.341
2.009,-0.841
1.936,-0.877
1.973,-0.96
1.535,-3.749
1.048,-4.028
-0.608,-3.697
-0.977,-3.806
-1.339,-3.809
-1.524,-3.87
-1.706,-3.855
-1.947,-3.743
-2.142,-3.935
-2.759,-3.773
-3.015,-3.974
2.546,-4.048
2.467,-3.956
2.311,-3.905
2.184,-4.015
2.09,-3.743
1.866,0.654
1.705,0.584
1.659,0.403
1.637,0.452
1.722,0.522
1.476,0.507
0.734,0.589
0.191,0.603
0.198,0.614
0.146,0.46
-0.058,0.44
0.006,0.562
-0.876,0.423
-0.928,0.386
-0.97,0.37
-1.08,0.443
-1.444,0.549
-2.077,0.626
-2.419,0.352
-2.614,0.435
-2.672,0.743
-2.876,0.853
3.101,0.427
2.872,0.833
2.691,0.45
1.951,0.595
1.895,0.659
1.874,-0.923
1.826,-2.286
1.772,-3.009
1.824,-2.174
1.683,-3.0
1.489,-1.007
1.363,0.283
1.249,0.255
-0.315,0.095
-0.886,-2.406
-2.696,-0.317
3.004,-0.268
2.004,-1.22
1.855,0.229
1.802,-3.524
1.792,-0.806
1.896,-3.676
1.793,-3.21
1.881,-1.188
1.7,-3.679
1.83,0.142
1.691,-2.884
1.695,-2.259
1.782,-2.189
1.739,-0.046
1.613,-0.938
1.499,-0.664
1.542,-0.319
1.333,-2.077
1.251,-0.721
1.324,-0.104
1.279,-0.1
1.267,-1.668
1.163,-0.025
1.126,-0.763
1.232,-2.224
1.059,-2.368
0.912,0.291
1.047,-3.617
0.815,-0.614
0.916,-3.579
0.728,-0.408
0.837,-2.814
0.792,-2.311
0.612,-1.061
0.627,-0.381
0.61,0.079
0.313,-1.003
0.276,-3.382
0.268,-2.109
0.159,-2.225
0.084,-1.937
0.19,0.185
0.197,-0.434
0.117,-3.637
-0.052,-0.958
-0.066,0.311
-0.163,0.162
-0.181,0.183
-0.05,0.178
-0.159,-3.184
-0.113,-2.087
-0.162,-0.964
-0.331,0.271
-0.325,-2.538
-0.199,-0.946
-0.28,-1.29
-0.28,-2.957
-0.31,0.086
-0.575,-1.976
-0.645,-2.058
-0.843,-3.137
-0.87,0.173
-0.765,-1.41
-0.774,-0.554
-0.94,-3.512
-1.029,-1.714
-1.061,-1.119
-0.966,0.245
-1.101,-1.866
-1.008,0.209
-0.994,-1.023
-1.193,-3.598
-1.215,-2.079
-1.114,-0.597
-1.185,-1.619
-1.196,-3.314
-1.201,0.16
-1.373,-3.348
-1.301,-1.286
-1.342,-2.892
-1.471,-3.146
-1.381,-1.765
-1.49,-3.472
-1.362,-2.484
-1.437,-2.47
-1.465,-3.58
-1.614,-2.916
-1.624,-3.321
-1.503,-2.166
-1.468,0.28
-1.627,-0.14
-1.518,-3.15
-1.611,-2.042
-1.659,-1.805
-1.771,-3.456
-1.837,-1.9
-1.758,-1.365
-1.77,-2.522
-1.993,-3.563
-1.98,-0.881
-1.89,-0.14
-1.918,-1.88
-2.059,-3.151
-2.152,-0.291
-2.046,-1.625
-2.165,-0.78
-2.152,-0.744
-2.406,-2.929
-2.345,-1.283
-2.635,0.346
-2.777,-2.388
-2.66,-2.484
-2.803,0.183
-3.113,-1.001
3.045,-1.766
2.911,-3.145
2.881,-0.536
2.974,-0.054
2.795,-1.48
2.891,0.162
2.721,-0.646
2.537,-3.285
2.304,-1.238
2.153,0.264
2.117,-3.292
2.098,0.28
2.171,-0.508
2.015,-3.359
2.117,0.066
1.954,-3.836
1.921,-3.959
1.89,-3.891
1.821,-3.946
1.057,-3.956
0.732,-3.914
-0.026,-3.841
-1.238,-3.846
-2.961,-3.751
2.134,-3.725
1.633,0.653
1.581,0.769
1.522,0.471
1.256,0.508
1.151,0.728
1.154,0.405
1.046,0.472
0.797,0.627
0.764,0.726
-0.709,0.615
-0.894,0.678
-1.09,0.673
-1.849,0.415
-2.168,0.676
-2.158,0.47
-2.789,0.65
2.645,0.315
2.09,0.733
1.847,-2.157
-1.726,-0.688
2.801,-0.049
1.852,-0.454
1.934,-3.136
1.87,-1.159
1.748,-1.155
1.64,-2.851
-0.736,-0.093
-0.758,-2.031
-1.635,-2.065
-2.371,-1.175
-2.688,-1.191
2.682,-2.686
2.699,-0.488
2.504,-1.129
2.499,-0.7
2.4,-0.053
2.39,-0.869
2.386,-1.67
2.265,-2.726
1.981,-1.195
1.627,-1.013
1.351,-0.931
-0.654,-0.969
2.188,-2.397
-2.927,-3.493
2.358,0.088
3.133,-3.724
1.335,0.493
-0.078,0.414
-0.059,2.258
-0.085,0.492
-0.147,-0.866
-0.225,-1.63
-0.314,0.733
-0.382,1.446
-0.417,0.121
-0.492,-0.624
-0.412,1.215
-0.481,-1.567
-0.503,0.175
-0.539,1.742
-0.496,-0.556
-0.529,-0.598
-0.613,1.951
-0.664,1.958
-0.61,0.502
-0.685,-0.773
-0.624,-0.024
-0.767,1.831
-0.838,-0.908
-0.859,2.177
-0.836,-0.104
-0.898,-0.313
-0.862,1.287
-0.949,-1.456
-0.903,0.556
-0.927,-0.504
-0.918,1.609
-1.056,-1.019
-1.158,0.198
-1.197,1.185
-1.176,-1.486
-1.224,1.082
-1.246,1.398
-1.315,-1.477
-1.338,0.489
-1.378,-0.14
-1.381,0.494
-1.386,1.438
-1.383,-0.263
-1.453,-1.383
-1.475,-0.235
-1.646,0.172
-1.696,0.451
-1.741,1.543
-1.839,1.153
-1.851,1.332
-1.95,0.394
-1.922,-0.278
-1.941,0.503
-1.932,0.407
-2.013,2.141
-2.054,0.837
-2.067,0.003
-2.108,0.36
-2.226,-0.807
-2.17,-0.35
-2.173,-1.696
-2.246,0.991
-2.3,0.024
-2.362,0.585
-2.29,0.474
-2.299,-1.686
-2.359,1.787
-2.479,1.097
-2.537,0.867
-2.568,-0.925
-2.667,1.922
-2.854,0.637
-3.051,-0.754
-3.077,-0.522
-3.121,0.951
-3.133,0.763
-3.106,1.331
-3.126,0.172
3.012,1.017
3.005,0.734
2.924,1.988
2.857,0.501
2.797,-1.157
2.855,0.55
2.674,-0.572
2.534,-0.631
2.392,-1.615
2.396,1.247
2.379,0.269
2.348,-1.007
2.336,0.944
2.251,0.412
2.223,-0.978
2.189,1.109
2.232,0.838
2.194,0.747
2.122,0.711
2.194,-1.659
2.196,-1.581
2.11,0.859
2.088,-1.606
2.078,-0.063
2.086,0.589
2.064,1.089
1.991,1.053
2.028,0.97
1.59,-1.819
1.103,-2.098
-0.553,-1.767
-0.922,-1.876
-1.284,-1.879
-1.469,-1.94
-1.651,-1.925
-1.892,-1.813
-2.087,-2.005
-2.704,-1.843
-2.96,-2.044
2.601,-2.118
2.522,-2.026
2.366,-1.975
2.239,-2.085
2.145,-1.813
1.921,2.584
1.76,2.514
1.714,2.333
1.692,2.382
1.777,2.452
1.531,2.437
0.789,2.519
0.246,2.533
0.253,2.544
0.201,2.39
-0.003,2.37
0.061,2.492
-0.821,2.353
-0.873,2.316
-0.915,2.3
-1.025,2.373
-1.389,2.479
-2.022,2.556
-2.364,2.282
-2.559,2.365
-2.617,2.673
-2.821,2.783
-3.127,2.357
2.927,2.763
2.746,2.38
2.006,2.525
1.95,2.589
1.929,1.007
1.881,-0.356
1.827,-1.079
1.879,-0.244
1.738,-1.07
1.544,0.923
1.418,2.213
1.304,2.185
-0.26,2.025
-0.831,-0.476
-2.641,1.613
3.059,1.662
2.059,0.71
1.91,2.159
1.857,-1.594
1.847,1.124
1.951,-1.746
1.848,-1.28
1.936,0.742
1.755,-1.749
1.885,2.072
1.746,-0.954
1.75,-0.329
1.837,-0.259
1.794,1.884
1.668,0.992
1.554,1.266
1.597,1.611
1.388,-0.147
1.306,1.209
1.379,1.826
1.334,1.83
1.322,0.262
1.218,1.905
1.181,1.167
1.287,-0.294
1.114,-0.438
0.967,2.221
1.102,-1.687
0.87,1.316
0.971,-1.649
0.783,1.522
0.892,-0.884
0.847,-0.381
0.667,0.869
0.682,1.549
0.665,2.009
0.368,0.927
0.331,-1.452
0.323,-0.179
0.214,-0.295
0.139,-0.007
0.245,2.115
0.252,1.496
0.172,-1.707
0.003,0.972
-0.011,2.241
-0.108,2.092
-0.126,2.113
0.005,2.108
-0.104,-1.254
-0.058,-0.157
-0.107,0.966
-0.276,2.201
-0.27,-0.608
-0.144,0.984
-0.225,0.64
-0.225,-1.027
-0.255,2.016
-0.52,-0.046
-0.59,-0.128
-0.788,-1.207
-0.815,2.103
-0.71,0.52
-0.719,1.376
-0.885,-1.582
-0.974,0.216
-1.006,0.811
-0.911,2.175
-1.046,0.064
-0.953,2.139
-0.939,0.907
-1.138,-1.668
-1.16,-0.149
-1.059,1.333
-1.13,0.311
-1.141,-1.384
-1.146,2.09
-1.318,-1.418
-1.246,0.644
-1.287,-0.962
-1.416,-1.216
-1.326,0.165
-1.435,-1.542
-1.307,-0.554
-1.382,-0.54
-1.41,-1.65
-1.559,-0.986
-1.569,-1.391
-1.448,-0.236
-1.413,2.21
-1.572,1.79
-1.463,-1.22
-1.556,-0.112
-1.604,0.125
-1.716,-1.526
-1.782,0.03
-1.703,0.565
-1.715,-0.592
-1.938,-1.633
-1.925,1.049
-1.835,1.79
-1.863,0.05
-2.004,-1.221
-2.097,1.639
-1.991,0.305
-2.11,1.15
-2.097,1.186
-2.351,-0.999
-2.29,0.647
-2.58,2.276
-2.722,-0.458
-2.605,-0.554
-2.748,2.113
-3.058,0.929
3.1,0.164
2.966,-1.215
2.936,1.394
3.029,1.876
2.85,0.45
2.946,2.092
2.776,1.284
2.592,-1.355
2.359,0.692
2.208,2.194
2.172,-1.362
2.153,2.21
2.226,1.422
2.07,-1.429
2.172,1.996
2.009,-1.906
1.976,-2.029
1.945,-1.961
1.876,-2.016
1.112,-2.026
0.787,-1.984
0.029,-1.911
-1.183,-1.916
-2.906,-1.821
2.189,-1.795
1.688,2.583
1.636,2.699
1.577,2.401
1.311,2.438
1.206,2.658
1.209,2.335
1.101,2.402
0.852,2.557
0.819,2.656
-0.654,2.545
-0.839,2.608
-1.035,2.603
-1.794,2.345
-2.113,2.606
-2.103,2.4
-2.734,2.58
2.7,2.245
2.145,2.663
1.902,-0.227
-1.671,1.242
2.856,1.881
1.907,1.476
1.989,-1.206
1.925,0.771
1.803,0.775
1.695,-0.921
-0.681,1.837
-0.703,-0.101
-1.58,-0.135
-2.316,0.755
-2.633,0.739
2.737,-0.756
2.754,1.442
2.559,0.801
2.554,1.23
2.455,1.877
2.445,1.061
2.441,0.26
2.32,-0.796
2.036,0.735
1.682,0.917
1.406,0.999
-0.599,0.961
2.243,-0.467
-2.872,-1.563
2.413,2.018
-3.095,-1.794
1.39,2.423
0.019,1.844
-0.007,0.078
-0.069,-1.28
-0.147,-2.044
-0.236,0.319
-0.304,1.032
-0.339,-0.293
-0.414,-1.038
-0.334,0.801
-0.403,-1.981
-0.425,-0.239
-0.461,1.328
-0.418,-0.97
-0.451,-1.012
-0.535,1.537
-0.586,1.544
-0.532,0.088
-0.607,-1.187
-0.546,-0.438
-0.689,1.417
-0.76,-1.322
-0.781,1.763
-0.758,-0.518
-0.82,-0.727
-0.784,0.873
-0.871,-1.87
-0.825,0.142
-0.849,-0.918
-0.84,1.195
-0.978,-1.433
-1.08,-0.216
-1.119,0.771
-1.098,-1.9
-1.146,0.668
-1.168,0.984
-1.237,-1.891
-1.26,0.075
-1.3,-0.554
-1.303,0.08
-1.308,1.024
-1.305,-0.677
-1.375,-1.797
-1.397,-0.649
-1.568,-0.242
-1.618,0.037
-1.663,1.129
-1.761,0.739
-1.773,0.918
-1.872,-0.02
-1.844,-0.692
-1.863,0.089
-1.854,-0.007
-1.935,1.727
-1.976,0.423
-1.989,-0.411
-2.03,-0.054
-2.148,-1.221
-2.092,-0.764
-2.095,-2.11
-2.168,0.577
-2.222,-0.39
-2.284,0.171
-2.212,0.06
-2.221,-2.1
-2.281,1.373
-2.401,0.683
-2.459,0.453
-2.49,-1.339
-2.589,1.508
-2.776,0.223
-2.973,-1.168
-2.999,-0.936
-3.043,0.537
-3.055,0.349
-3.028,0.917
-3.048,-0.242
3.09,0.603
3.083,0.32
3.002,1.574
2.935,0.087
2.875,-1.571
2.933,0.136
2.752,-0.986
2.612,-1.045
2.47,-2.029
2.474,0.833
2.457,-0.145
2.426,-1.421
2.414,0.53
2.329,-0.002
2.301,-1.392
2.267,0.695
2.31,0.424
2.272,0.333
2.2,0.297
2.272,-2.073
2.274,-1.995
2.188,0.445
2.166,-2.02
2.156,-0.477
2.164,0.175
2.142,0.675
2.069,0.639
2.106,0.556
1.668,-2.233
1.181,-2.512
-0.475,-2.181
-0.844,-2.29
-1.206,-2.293
-1.391,-2.354
-1.573,-2.339
-1.814,-2.227
-2.009,-2.419
-2.626,-2.257
-2.882,-2.458
2.679,-2.532
2.6,-2.44
2.444,-2.389
2.317,-2.499
2.223,-2.227
1.999,2.17
1.838,2.1
1.792,1.919
1.77,1.968
1.855,2.038
1.609,2.023
0.867,2.105
0.324,2.119
0.331,2.13
0.279,1.976
0.075,1.956
0.139,2.078
-0.743,1.939
-0.795,1.902
-0.837,1.886
-0.947,1.959
-1.311,2.065
-1.944,2.142
-2.286,1.868
-2.481,1.951
-2.539,2.259
-2.743,2.369
-3.049,1.943
3.005,2.349
2.824,1.966
2.084,2.111
2.028,2.175
2.007,0.593
1.959,-0.77
1.905,-1.493
1.957,-0.658
1.816,-1.484
1.622,0.509
1.496,1.799
1.382,1.771
-0.182,1.611
-0.753,-0.89
-2.563,1.199
3.137,1.248
2.137,0.296
1.988,1.745
1.935,-2.008
1.925,0.71
2.029,-2.16
1.926,-1.694
2.014,0.328
1.833,-2.163
1.963,1.658
1.824,-1.368
1.828,-0.743
1.915,-0.673
1.872,1.47
1.746,0.578
1.632,0.852
1.675,1.197
1.466,-0.561
1.384,0.795
1.457,1.412
1.412,1.416
1.4,-0.152
1.296,1.491
1.259,0.753
1.365,-0.708
1.192,-0.852
1.045,1.807
1.18,-2.101
0.948,0.902
1.049,-2.063
0.861,1.108
0.97,-1.298
0.925,-0.795
0.745,0.455
0.76,1.135
0.743,1.595
0.446,0.513
0.409,-1.866
0.401,-0.593
0.292,-0.709
0.217,-0.421
0.323,1.701
0.33,1.082
0.25,-2.121
0.081,0.558
0.067,1.827
-0.03,1.678
-0.048,1.699
0.083,1.694
-0.026,-1.668
0.02,-0.571
-0.029,0.552
-0.198,1.787
-0.192,-1.022
-0.066,0.57
-0.147,0.226
-0.147,-1.441
-0.177,1.602
-0.442,-0.46
-0.512,-0.542
-0.71,-1.621
-0.737,1.689
-0.632,0.106
-0.641,0.962
-0.807,-1.996
-0.896,-0.198
-0.928,0.397
-0.833,1.761
-0.968,-0.35
-0.875,1.725
-0.861,0.493
-1.06,-2.082
-1.082,-0.563
-0.981,0.919
-1.052,-0.103
-1.063,-1.798
-1.068,1.676
-1.24,-1.832
-1.168,0.23
-1.209,-1.376
-1.338,-1.63
-1.248,-0.249
-1.357,-1.956
-1.229,-0.968
-1.304,-0.954
-1.332,-2.064
-1.481,-1.4
-1.491,-1.805
-1.37,-0.65
-1.335,1.796
-1.494,1.376
-1.385,-1.634
-1.478,-0.526
-1.526,-0.289
-1.638,-1.94
-1.704,-0.384
-1.625,0.151
-1.637,-1.006
-1.86,-2.047
-1.847,0.635
-1.757,1.376
-1.785,-0.364
-1.926,-1.635
-2.019,1.225
-1.913,-0.109
-2.032,0.736
-2.019,0.772
-2.273,-1.413
-2.212,0.233
-2.502,1.862
-2.644,-0.872
-2.527,-0.968
-2.67,1.699
-2.98,0.515
-3.105,-0.25
3.044,-1.629
3.014,0.98
3.107,1.462
2.928,0.036
3.024,1.678
2.854,0.87
2.67,-1.769
2.437,0.278
2.286,1.78
2.25,-1.776
2.231,1.796
2.304,1.008
2.148,-1.843
2.25,1.582
2.087,-2.32
2.054,-2.443
2.023,-2.375
1.954,-2.43
1.19,-2.44
0.865,-2.398
0.107,-2.325
-1.105,-2.33
-2.828,-2.235
2.267,-2.209
1.766,2.169
1.714,2.285
1.655,1.987
1.389,2.024
1.284,2.244
1.287,1.921
1.179,1.988
0.93,2.143
0.897,2.242
-0.576,2.131
-0.761,2.194
-0.957,2.189
-1.716,1.931
-2.035,2.192
-2.025,1.986
-2.656,2.166
2.778,1.831
2.223,2.249
1.98,-0.641
-1.593,0.828
2.934,1.467
1.985,1.062
2.067,-1.62
2.003,0.357
1.881,0.361
1.773,-1.335
-0.603,1.423
-0.625,-0.515
-1.502,-0.549
-2.238,0.341
-2.555,0.325
2.815,-1.17
2.832,1.028
2.637,0.387
2.632,0.816
2.533,1.463
2.523,0.647
2.519,-0.154
2.398,-1.21
2.114,0.321
1.76,0.503
1.484,0.585
-0.521,0.547
2.321,-0.881
-2.794,-1.977
2.491,1.604
-3.017,-2.208
1.468,2.009
-0.026,-1.766
-0.088,-3.124
-0.166,-3.888
-0.255,-1.525
-0.323,-0.812
-0.358,-2.137
-0.433,-2.882
-0.353,-1.043
-0.422,-3.825
-0.444,-2.083
-0.48,-0.516
-0.437,-2.814
-0.47,-2.856
-0.554,-0.307
-0.605,-0.3
-0.551,-1.756
-0.626,-3.031
-0.565,-2.282
-0.708,-0.427
-0.779,-3.166
-0.8,-0.081
-0.777,-2.362
-0.839,-2.571
-0.803,-0.971
-0.89,-3.714
-0.844,-1.702
-0.868,-2.762
-0.859,-0.649
-0.997,-3.277
-1.099,-2.06
-1.138,-1.073
-1.117,-3.744
-1.165,-1.176
-1.187,-0.86
-1.256,-3.735
-1.279,-1.769
-1.319,-2.398
-1.322,-1.764
-1.327,-0.82
-1.324,-2.521
-1.394,-3.641
-1.416,-2.493
-1.587,-2.086
-1.637,-1.807
-1.682,-0.715
-1.78,-1.105
-1.792,-0.926
-1.891,-1.864
-1.863,-2.536
-1.882,-1.755
-1.873,-1.851
-1.954,-0.117
-1.995,-1.421
-2.008,-2.255
-2.049,-1.898
-2.167,-3.065
-2.111,-2.608
-2.114,-3.954
-2.187,-1.267
-2.241,-2.234
-2.303,-1.673
-2.231,-1.784
-2.24,-3.944
-2.3,-0.471
-2.42,-1.161
-2.478,-1.391
-2.509,-3.183
-2.608,-0.336
-2.795,-1.621
-2.992,-3.012
-3.018,-2.78
-3.062,-1.307
-3.074,-1.495
-3.047,-0.927
-3.067,-2.086
3.071,-1.241
3.064,-1.524
2.983,-0.27
2.916,-1.757
2.856,-3.415
2.914,-1.708
2.733,-2.83
2.593,-2.889
2.451,-3.873
2.455,-1.011
2.438,-1.989
2.407,-3.265
2.395,-1.314
2.31,-1.846
2.282,-3.236
2.248,-1.149
2.291,-1.42
2.253,-1.511
2.181,-1.547
2.253,-3.917
2.255,-3.839
2.169,-1.399
2.147,-3.864
2.137,-2.321
2.145,-1.669
2.123,-1.169
2.05,-1.205
2.087,-1.288
1.649,-4.077
1.162,-4.356
-0.494,-4.025
-0.863,-4.134
-1.225,-4.137
-1.41,-4.198
-1.592,-4.183
-1.833,-4.071
-2.028,-4.263
-2.645,-4.101
-2.901,-4.302
2.66,-4.376
2.581,-4.284
2.425,-4.233
2.298,-4.343
2.204,-4.071
1.98,0.326
1.819,0.256
1.773,0.075
1.751,0.124
1.836,0.194
1.59,0.179
0.848,0.261
0.305,0.275
0.312,0.286
0.26,0.132
0.056,0.112
0.12,0.234
-0.762,0.095
-0.814,0.058
-0.856,0.042
-0.966,0.115
-1.33,0.221
-1.963,0.298
-2.305,0.024
-2.5,0.107
-2.558,0.415
-2.762,0.525
-3.068,0.099
2.986,0.505
2.805,0.122
2.065,0.267
2.009,0.331
1.988,-1.251
1.94,-2.614
1.886,-3.337
1.938,-2.502
1.797,-3.328
1.603,-1.335
1.477,-0.045
1.363,-0.073
-0.201,-0.233
-0.772,-2.734
-2.582,-0.645
3.118,-0.596
2.118,-1.548
1.969,-0.099
1.916,-3.852
1.906,-1.134
2.01,-4.004
1.907,-3.538
1.995,-1.516
1.814,-4.007
1.944,-0.186
1.805,-3.212
1.809,-2.587
1.896,-2.517
1.853,-0.374
1.727,-1.266
1.613,-0.992
1.656,-0.647
1.447,-2.405
1.365,-1.049
1.438,-0.432
1.393,-0.428
1.381,-1.996
1.277,-0.353
1.24,-1.091
1.346,-2.552
1.173,-2.696
1.026,-0.037
1.161,-3.945
0.929,-0.942
1.03,-3.907
0.842,-0.736
0.951,-3.142
0.906,-2.639
0.726,-1.389
0.741,-0.709
0.724,-0.249
0.427,-1.331
0.39,-3.71
0.382,-2.437
0.273,-2.553
0.198,-2.265
0.304,-0.143
0.311,-0.762
0.231,-3.965
0.062,-1.286
0.048,-0.017
-0.049,-0.166
-0.067,-0.145
0.064,-0.15
-0.045,-3.512
0.001,-2.415
-0.048,-1.292
-0.217,-0.057
-0.211,-2.866
-0.085,-1.274
-0.166,-1.618
-0.166,-3.285
-0.196,-0.242
-0.461,-2.304
-0.531,-2.386
-0.729,-3.465
-0.756,-0.155
-0.651,-1.738
-0.66,-0.882
-0.826,-3.84
-0.915,-2.042
-0.947,-1.447
-0.852,-0.083
-0.987,-2.194
-0.894,-0.119
-0.88,-1.351
-1.079,-3.926
-1.101,-2.407
-1.0,-0.925
-1.071,-1.947
-1.082,-3.642
-1.087,-0.168
-1.259,-3.676
-1.187,-1.614
-1.228,-3.22
-1.357,-3.474
-1.267,-2.093
-1.376,-3.8
-1.248,-2.812
-1.323,-2.798
-1.351,-3.908
-1.5,-3.244
-1.51,-3.649
-1.389,-2.494
-1.354,-0.048
-1.513,-0.468
-1.404,-3.478
-1.497,-2.37
-1.545,-2.133
-1.657,-3.784
-1.723,-2.228
-1.644,-1.693
-1.656,-2.85
-1.879,-3.891
-1.866,-1.209
-1.776,-0.468
-1.804,-2.208
-1.945,-3.479
-2.038,-0.619
-1.932,-1.953
-2.051,-1.108
-2.038,-1.072
-2.292,-3.257
-2.231,-1.611
-2.521,0.018
-2.663,-2.716
-2.546,-2.812
-2.689,-0.145
-2.999,-1.329
-3.124,-2.094
3.025,-3.473
2.995,-0.864
3.088,-0.382
2.909,-1.808
3.005,-0.166
2.835,-0.974
2.651,-3.613
2.418,-1.566
2.267,-0.064
2.231,-3.62
2.212,-0.048
2.285,-0.836
2.129,-3.687
2.231,-0.262
2.068,-4.164
2.035,-4.287
2.004,-4.219
1.935,-4.274
1.171,-4.284
0.846,-4.242
0.088,-4.169
-1.124,-4.174
-2.847,-4.079
2.248,-4.053
1.747,0.325
1.695,0.441
1.636,0.143
1.37,0.18
1.265,0.4
1.268,0.077
1.16,0.144
0.911,0.299
0.878,0.398
-0.595,0.287
-0.78,0.35
-0.976,0.345
-1.735,0.087
-2.054,0.348
-2.044,0.142
-2.675,0.322
2.759,-0.013
2.204,0.405
1.961,-2.485
-1.612,-1.016
2.915,-0.377
1.966,-0.782
2.048,-3.464
1.984,-1.487
1.862,-1.483
1.754,-3.179
-0.622,-0.421
-0.644,-2.359
-1.521,-2.393
-2.257,-1.503
-2.574,-1.519
2.796,-3.014
2.813,-0.816
2.618,-1.457
2.613,-1.028
2.514,-0.381
2.504,-1.197
2.5,-1.998
2.379,-3.054
2.095,-1.523
1.741,-1.341
1.465,-1.259
-0.54,-1.297
2.302,-2.725
-2.813,-3.821
2.472,-0.24
-3.036,-4.052
1.449,0.165
-0.062,-1.358
-0.14,-2.122
-0.229,0.241
-0.297,0.954
-0.332,-0.371
-0.407,-1.116
-0.327,0.723
-0.396,-2.059
-0.418,-0.317
-0.454,1.25
-0.411,-1.048
-0.444,-1.09
-0.528,1.459
-0.579,1.466
-0.525,0.01
-0.6,-1.265
-0.539,-0.516
-0.682,1.339
-0.753,-1.4
-0.774,1.685
-0.751,-0.596
-0.813,-0.805
-0.777,0.795
-0.864,-1.948
-0.818,0.064
-0.842,-0.996
-0.833,1.117
-0.971,-1.511
-1.073,-0.294
-1.112,0.693
-1.091,-1.978
-1.139,0.59
-1.161,0.906
-1.23,-1.969
-1.253,-0.003
-1.293,-0.632
-1.296,0.002
-1.301,0.946
-1.298,-0.755
-1.368,-1.875
-1.39,-0.727
-1.561,-0.32
-1.611,-0.041
-1.656,1.051
-1.754,0.661
-1.766,0.84
-1.865,-0.098
-1.837,-0.77
-1.856,0.011
-1.847,-0.085
-1.928,1.649
-1.969,0.345
-1.982,-0.489
-2.023,-0.132
-2.141,-1.299
-2.085,-0.842
-2.088,-2.188
-2.161,0.499
-2.215,-0.468
-2.277,0.093
-2.205,-0.018
-2.214,-2.178
-2.274,1.295
-2.394,0.605
-2.452,0.375
-2.483,-1.417
-2.582,1.43
-2.769,0.145
-2.966,-1.246
-2.992,-1.014
-3.036,0.459
-3.048,0.271
-3.021,0.839
-3.041,-0.32
3.097,0.525
3.09,0.242
3.009,1.496
2.942,0.009
2.882,-1.649
2.94,0.058
2.759,-1.064
2.619,-1.123
2.477,-2.107
2.481,0.755
2.464,-0.223
2.433,-1.499
2.421,0.452
2.336,-0.08
2.308,-1.47
2.274,0.617
2.317,0.346
2.279,0.255
2.207,0.219
2.279,-2.151
2.281,-2.073
2.195,0.367
2.173,-2.098
2.163,-0.555
2.171,0.097
2.149,0.597
2.076,0.561
2.113,0.478
1.675,-2.311
1.188,-2.59
-0.468,-2.259
-0.837,-2.368
-1.199,-2.371
-1.384,-2.432
-1.566,-2.417
-1.807,-2.305
-2.002,-2.497
-2.619,-2.335
-2.875,-2.536
2.686,-2.61
2.607,-2.518
2.451,-2.467
2.324,-2.577
2.23,-2.305
2.006,2.092
1.845,2.022
1.799,1.841
1.777,1.89
1.862,1.96
1.616,1.945
0.874,2.027
0.331,2.041
0.338,2.052
0.286,1.898
0.082,1.878
0.146,2.0
-0.736,1.861
-0.788,1.824
-0.83,1.808
-0.94,1.881
-1.304,1.987
-1.937,2.064
-2.279,1.79
-2.474,1.873
-2.532,2.181
-2.736,2.291
-3.042,1.865
3.012,2.271
2.831,1.888
2.091,2.033
2.035,2.097
2.014,0.515
1.966,-0.848
1.912,-1.571
1.964,-0.736
1.823,-1.562
1.629,0.431
1.503,1.721
1.389,1.693
-0.175,1.533
-0.746,-0.968
-2.556,1.121
-3.139,1.17
2.144,0.218
1.995,1.667
1.942,-2.086
1.932,0.632
2.036,-2.238
1.933,-1.772
2.021,0.25
1.84,-2.241
1.97,1.58
1.831,-1.446
1.835,-0.821
1.922,-0.751
1.879,1.392
1.753,0.5
1.639,0.774
1.682,1.119
1.473,-0.639
1.391,0.717
1.464,1.334
1.419,1.338
1.407,-0.23
1.303,1.413
1.266,0.675
1.372,-0.786
1.199,-0.93
1.052,1.729
1.187,-2.179
0.955,0.824
1.056,-2.141
0.868,1.03
0.977,-1.376
0.932,-0.873
0.752,0.377
0.767,1.057
0.75,1.517
0.453,0.435
0.416,-1.944
0.408,-0.671
0.299,-0.787
0.224,-0.499
0.33,1.623
0.337,1.004
0.257,-2.199
0.088,0.48
0.074,1.749
-0.023,1.6
-0.041,1.621
0.09,1.616
-0.019,-1.746
0.027,-0.649
-0.022,0.474
-0.191,1.709
-0.185,-1.1
-0.059,0.492
-0.14,0.148
-0.14,-1.519
-0.17,1.524
-0.435,-0.538
-0.505,-0.62
-0.703,-1.699
-0.73,1.611
-0.625,0.028
-0.634,0.884
-0.8,-2.074
-0.889,-0.276
-0.921,0.319
-0.826,1.683
-0.961,-0.428
-0.868,1.647
-0.854,0.415
-1.053,-2.16
-1.075,-0.641
-0.974,0.841
-1.045,-0.181
-1.056,-1.876
-1.061,1.598
-1.233,-1.91
-1.161,0.152
-1.202,-1.454
-1.331,-1.708
-1.241,-0.327
-1.35,-2.034
-1.222,-1.046
-1.297,-1.032
-1.325,-2.142
-1.474,-1.478
-1.484,-1.883
-1.363,-0.728
-1.328,1.718
-1.487,1.298
-1.378,-1.712
-1.471,-0.604
-1.519,-0.367
-1.631,-2.018
-1.697,-0.462
-1.618,0.073
-1.63,-1.084
-1.853,-2.125
-1.84,0.557
-1.75,1.298
-1.778,-0.442
-1.919,-1.713
-2.012,1.147
-1.906,-0.187
-2.025,0.658
-2.012,0.694
-2.266,-1.491
-2.205,0.155
-2.495,1.784
-2.637,-0.95
-2.52,-1.046
-2.663,1.621
-2.973,0.437
-3.098,-0.328
3.051,-1.707
3.021,0.902
3.114,1.384
2.935,-0.042
3.031,1.6
2.861,0.792
2.677,-1.847
2.444,0.2
2.293,1.702
2.257,-1.854
2.238,1.718
2.311,0.93
2.155,-1.921
2.257,1.504
2.094,-2.398
2.061,-2.521
2.03,-2.453
1.961,-2.508
1.197,-2.518
0.872,-2.476
0.114,-2.403
-1.098,-2.408
-2.821,-2.313
2.274,-2.287
1.773,2.091
1.721,2.207
1.662,1.909
1.396,1.946
1.291,2.166
1.294,1.843
1.186,1.91
0.937,2.065
0.904,2.164
-0.569,2.053
-0.754,2.116
-0.95,2.111
-1.709,1.853
-2.028,2.114
-2.018,1.908
-2.649,2.088
2.785,1.753
2.23,2.171
1.987,-0.719
-1.586,0.75
2.941,1.389
1.992,0.984
2.074,-1.698
2.01,0.279
1.888,0.283
1.78,-1.413
-0.596,1.345
-0.618,-0.593
-1.495,-0.627
-2.231,0.263
-2.548,0.247
2.822,-1.248
2.839,0.95
2.644,0.309
2.639,0.738
2.54,1.385
2.53,0.569
2.526,-0.232
2.405,-1.288
2.121,0.243
1.767,0.425
1.491,0.507
-0.514,0.469
2.328,-0.959
-2.787,-2.055
2.498,1.526
-3.01,-2.286
1.475,1.931
-0.078,-0.764
-0.167,1.599
-0.235,2.312
-0.27,0.987
-0.345,0.242
-0.265,2.081
-0.334,-0.701
-0.356,1.041
-0.392,2.608
-0.349,0.31
-0.382,0.268
-0.466,2.817
-0.517,2.824
-0.463,1.368
-0.538,0.093
-0.477,0.842
-0.62,2.697
-0.691,-0.042
-0.712,3.043
-0.689,0.762
-0.751,0.553
-0.715,2.153
-0.802,-0.59
-0.756,1.422
-0.78,0.362
-0.771,2.475
-0.909,-0.153
-1.011,1.064
-1.05,2.051
-1.029,-0.62
-1.077,1.948
-1.099,2.264
-1.168,-0.611
-1.191,1.355
-1.231,0.726
-1.234,1.36
-1.239,2.304
-1.236,0.603
-1.306,-0.517
-1.328,0.631
-1.499,1.038
-1.549,1.317
-1.594,2.409
-1.692,2.019
-1.704,2.198
-1.803,1.26
-1.775,0.588
-1.794,1.369
-1.785,1.273
-1.866,3.007
-1.907,1.703
-1.92,0.869
-1.961,1.226
-2.079,0.059
-2.023,0.516
-2.026,-0.83
-2.099,1.857
-2.153,0.89
-2.215,1.451
-2.143,1.34
-2.152,-0.82
-2.212,2.653
-2.332,1.963
-2.39,1.733
-2.421,-0.059
-2.52,2.788
-2.707,1.503
-2.904,0.112
-2.93,0.344
-2.974,1.817
-2.986,1.629
-2.959,2.197
-2.979,1.038
-3.124,1.883
-3.131,1.6
3.071,2.854
3.004,1.367
2.944,-0.291
3.002,1.416
2.821,0.294
2.681,0.235
2.539,-0.749
2.543,2.113
2.526,1.135
2.495,-0.141
2.483,1.81
2.398,1.278
2.37,-0.112
2.336,1.975
2.379,1.704
2.341,1.613
2.269,1.577
2.341,-0.793
2.343,-0.715
2.257,1.725
2.235,-0.74
2.225,0.803
2.233,1.455
2.211,1.955
2.138,1.919
2.175,1.836
1.737,-0.953
1.25,-1.232
-0.406,-0.901
-0.775,-1.01
-1.137,-1.013
-1.322,-1.074
-1.504,-1.059
-1.745,-0.947
-1.94,-1.139
-2.557,-0.977
-2.813,-1.178
2.748,-1.252
2.669,-1.16
2.513,-1.109
2.386,-1.219
2.292,-0.947
2.068,3.45
1.907,3.38
1.861,3.199
1.839,3.248
1.924,3.318
1.678,3.303
0.936,3.385
0.393,3.399
0.4,3.41
0.348,3.256
0.144,3.236
0.208,3.358
-0.674,3.219
-0.726,3.182
-0.768,3.166
-0.878,3.239
-1.242,3.345
-1.875,3.422
-2.217,3.148
-2.412,3.231
-2.47,3.539
-2.674,3.649
-2.98,3.223
3.074,3.629
2.893,3.246
2.153,3.391
2.097,3.455
2.076,1.873
2.028,0.51
1.974,-0.213
2.026,0.622
1.885,-0.204
1.691,1.789
1.565,3.079
1.451,3.051
-0.113,2.891
-0.684,0.39
-2.494,2.479
-3.077,2.528
2.206,1.576
2.057,3.025
2.004,-0.728
1.994,1.99
2.098,-0.88
1.995,-0.414
2.083,1.608
1.902,-0.883
2.032,2.938
1.893,-0.088
1.897,0.537
1.984,0.607
1.941,2.75
1.815,1.858
1.701,2.132
1.744,2.477
1.535,0.719
1.453,2.075
1.526,2.692
1.481,2.696
1.469,1.128
1.365,2.771
1.328,2.033
1.434,0.572
1.261,0.428
1.114,3.087
1.249,-0.821
1.017,2.182
1.118,-0.783
0.93,2.388
1.039,-0.018
0.994,0.485
0.814,1.735
0.829,2.415
0.812,2.875
0.515,1.793
0.478,-0.586
0.47,0.687
0.361,0.571
0.286,0.859
0.392,2.981
0.399,2.362
0.319,-0.841
0.15,1.838
0.136,3.107
0.039,2.958
0.021,2.979
0.152,2.974
0.043,-0.388
0.089,0.709
0.04,1.832
-0.129,3.067
-0.123,0.258
0.003,1.85
-0.078,1.506
-0.078,-0.161
-0.108,2.882
-0.373,0.82
-0.443,0.738
-0.641,-0.341
-0.668,2.969
-0.563,1.386
-0.572,2.242
-0.738,-0.716
-0.827,1.082
-0.859,1.677
-0.764,3.041
-0.899,0.93
-0.806,3.005
-0.792,1.773
-0.991,-0.802
-1.013,0.717
-0.912,2.199
-0.983,1.177
-0.994,-0.518
-0.999,2.956
-1.171,-0.552
-1.099,1.51
-1.14,-0.096
-1.269,-0.35
-1.179,1.031
-1.288,-0.676
-1.16,0.312
-1.235,0.326
-1.263,-0.784
-1.412,-0.12
-1.422,-0.525
-1.301,0.63
-1.266,3.076
-1.425,2.656
-1.316,-0.354
-1.409,0.754
-1.457,0.991
-1.569,-0.66
-1.635,0.896
-1.556,1.431
-1.568,0.274
-1.791,-0.767
-1.778,1.915
-1.688,2.656
-1.716,0.916
-1.857,-0.355
-1.95,2.505
-1.844,1.171
-1.963,2.016
-1.95,2.052
-2.204,-0.133
-2.143,1.513
-2.433,3.142
-2.575,0.408
-2.458,0.312
-2.601,2.979
-2.911,1.795
-3.036,1.03
3.113,-0.349
3.083,2.26
-3.107,2.742
2.997,1.316
3.093,2.958
2.923,2.15
2.739,-0.489
2.506,1.558
2.355,3.06
2.319,-0.496
2.3,3.076
2.373,2.288
2.217,-0.563
2.319,2.862
2.156,-1.04
2.123,-1.163
2.092,-1.095
2.023,-1.15
1.259,-1.16
0.934,-1.118
0.176,-1.045
-1.036,-1.05
-2.759,-0.955
2.336,-0.929
1.835,3.449
1.783,3.565
1.724,3.267
1.458,3.304
1.353,3.524
1.356,3.201
1.248,3.268
0.999,3.423
0.966,3.522
-0.507,3.411
-0.692,3.474
-0.888,3.469
-1.647,3.211
-1.966,3.472
-1.956,3.266
-2.587,3.446
2.847,3.111
2.292,3.529
2.049,0.639
-1.524,2.108
3.003,2.747
2.054,2.342
2.136,-0.34
2.072,1.637
1.95,1.641
1.842,-0.055
-0.534,2.703
-0.556,0.765
-1.433,0.731
-2.169,1.621
-2.486,1.605
2.884,0.11
2.901,2.308
2.706,1.667
2.701,2.096
2.602,2.743
2.592,1.927
2.588,1.126
2.467,0.07
2.183,1.601
1.829,1.783
1.553,1.865
-0.452,1.827
2.39,0.399
-2.725,-0.697
2.56,2.884
-2.948,-0.928
1.537,3.289
-0.089,2.363
-0.157,3.076
-0.192,1.751
-0.267,1.006
-0.187,2.845
-0.256,0.063
-0.278,1.805
-0.314,3.372
-0.271,1.074
-0.304,1.032
-0.388,3.581
-0.439,3.588
-0.385,2.132
-0.46,0.857
-0.399,1.606
-0.542,3.461
-0.613,0.722
-0.634,3.807
-0.611,1.526
-0.673,1.317
-0.637,2.917
-0.724,0.174
-0.678,2.186
-0.702,1.126
-0.693,3.239
-0.831,0.611
-0.933,1.828
-0.972,2.815
-0.951,0.144
-0.999,2.712
-1.021,3.028
-1.09,0.153
-1.113,2.119
-1.153,1.49
-1.156,2.124
-1.161,3.068
-1.158,1.367
-1.228,0.247
-1.25,1.395
-1.421,1.802
-1.471,2.081
-1.516,3.173
-1.614,2.783
-1.626,2.962
-1.725,2.024
-1.697,1.352
-1.716,2.133
-1.707,2.037
-1.788,3.771
-1.829,2.467
-1.842,1.633
-1.883,1.99
-2.001,0.823
-1.945,1.28
-1.948,-0.066
-2.021,2.621
-2.075,1.654
-2.137,2.215
-2.065,2.104
-2.074,-0.056
-2.134,3.417
-2.254,2.727
-2.312,2.497
-2.343,0.705
-2.442,3.552
-2.629,2.267
-2.826,0.876
-2.852,1.108
-2.896,2.581
-2.908,2.393
-2.881,2.961
-2.901,1.802
-3.046,2.647
-3.053,2.364
-3.134,3.618
3.082,2.131
3.022,0.473
3.08,2.18
2.899,1.058
2.759,0.999
2.617,0.015
2.621,2.877
2.604,1.899
2.573,0.623
2.561,2.574
2.476,2.042
2.448,0.652
2.414,2.739
2.457,2.468
2.419,2.377
2.347,2.341
2.419,-0.029
2.421,0.049
2.335,2.489
2.313,0.024
2.303,1.567
2.311,2.219
2.289,2.719
2.216,2.683
2.253,2.6
1.815,-0.189
1.328,-0.468
-0.328,-0.137
-0.697,-0.246
-1.059,-0.249
-1.244,-0.31
-1.426,-0.295
-1.667,-0.183
-1.862,-0.375
-2.479,-0.213
-2.735,-0.414
2.826,-0.488
2.747,-0.396
2.591,-0.345
2.464,-0.455
2.37,-0.183
2.146,4.214
1.985,4.144
1.939,3.963
1.917,4.012
2.002,4.082
1.756,4.067
1.014,4.149
0.471,4.163
0.478,4.174
0.426,4.02
0.222,4.0
0.286,4.122
-0.596,3.983
-0.648,3.946
-0.69,3.93
-0.8,4.003
-1.164,4.109
-1.797,4.186
-2.139,3.912
-2.334,3.995
-2.392,4.303
-2.596,4.413
-2.902,3.987
-3.131,4.393
2.971,4.01
2.231,4.155
2.175,4.219
2.154,2.637
2.106,1.274
2.052,0.551
2.104,1.386
1.963,0.56
1.769,2.553
1.643,3.843
1.529,3.815
-0.035,3.655
-0.606,1.154
-2.416,3.243
-2.999,3.292
2.284,2.34
2.135,3.789
2.082,0.036
2.072,2.754
2.176,-0.116
2.073,0.35
2.161,2.372
1.98,-0.119
2.11,3.702
1.971,0.676
1.975,1.301
2.062,1.371
2.019,3.514
1.893,2.622
1.779,2.896
1.822,3.241
1.613,1.483
1.531,2.839
1.604,3.456
1.559,3.46
1.547,1.892
1.443,3.535
1.406,2.797
1.512,1.336
1.339,1.192
1.192,3.851
1.327,-0.057
1.095,2.946
1.196,-0.019
1.008,3.152
1.117,0.746
1.072,1.249
0.892,2.499
0.907,3.179
0.89,3.639
0.593,2.557
0.556,0.178
0.548,1.451
0.439,1.335
0.364,1.623
0.47,3.745
0.477,3.126
0.397,-0.077
0.228,2.602
0.214,3.871
0.117,3.722
0.099,3.743
0.23,3.738
0.121,0.376
0.167,1.473
0.118,2.596
-0.051,3.831
-0.045,1.022
0.081,2.614
0.0,2.27
0.0,0.603
-0.03,3.646
-0.295,1.584
-0.365,1.502
-0.563,0.423
-0.59,3.733
-0.485,2.15
-0.494,3.006
-0.66,0.048
-0.749,1.846
-0.781,2.441
-0.686,3.805
-0.821,1.694
-0.728,3.769
-0.714,2.537
-0.913,-0.038
-0.935,1.481
-0.834,2.963
-0.905,1.941
-0.916,0.246
-0.921,3.72
-1.093,0.212
-1.021,2.274
-1.062,0.668
-1.191,0.414
-1.101,1.795
-1.21,0.088
-1.082,1.076
-1.157,1.09
-1.185,-0.02
-1.334,0.644
-1.344,0.239
-1.223,1.394
-1.188,3.84
-1.347,3.42
-1.238,0.41
-1.331,1.518
-1.379,1.755
-1.491,0.104
-1.557,1.66
-1.478,2.195
-1.49,1.038
-1.713,-0.003
-1.7,2.679
-1.61,3.42
-1.638,1.68
-1.779,0.409
-1.872,3.269
-1.766,1.935
-1.885,2.78
-1.872,2.816
-2.126,0.631
-2.065,2.277
-2.355,3.906
-2.497,1.172
-2.38,1.076
-2.523,3.743
-2.833,2.559
-2.958,1.794
-3.092,0.415
-3.122,3.024
-3.029,3.506
3.075,2.08
-3.112,3.722
3.001,2.914
2.817,0.275
2.584,2.322
2.433,3.824
2.397,0.268
2.378,3.84
2.451,3.052
2.295,0.201
2.397,3.626
2.234,-0.276
2.201,-0.399
2.17,-0.331
2.101,-0.386
1.337,-0.396
1.012,-0.354
0.254,-0.281
-0.958,-0.286
-2.681,-0.191
2.414,-0.165
1.913,4.213
1.861,4.329
1.802,4.031
1.536,4.068
1.431,4.288
1.434,3.965
1.326,4.032
1.077,4.187
1.044,4.286
-0.429,4.175
-0.614,4.238
-0.81,4.233
-1.569,3.975
-1.888,4.236
-1.878,4.03
-2.509,4.21
2.925,3.875
2.37,4.293
2.127,1.403
-1.446,2.872
3.081,3.511
2.132,3.106
2.214,0.424
2.15,2.401
2.028,2.405
1.92,0.709
-0.456,3.467
-0.478,1.529
-1.355,1.495
-2.091,2.385
-2.408,2.369
2.962,0.874
2.979,3.072
2.784,2.431
2.779,2.86
2.68,3.507
2.67,2.691
2.666,1.89
2.545,0.834
2.261,2.365
1.907,2.547
1.631,2.629
-0.374,2.591
2.468,1.163
-2.647,0.067
2.638,3.648
-2.87,-0.164
1.615,4.053
-0.068,0.713
-0.103,-0.612
-0.178,-1.357
-0.098,0.482
-0.167,-2.3
-0.189,-0.558
-0.225,1.009
-0.182,-1.289
-0.215,-1.331
-0.299,1.218
-0.35,1.225
-0.296,-0.231
-0.371,-1.506
-0.31,-0.757
-0.453,1.098
-0.524,-1.641
-0.545,1.444
-0.522,-0.837
-0.584,-1.046
-0.548,0.554
-0.635,-2.189
-0.589,-0.177
-0.613,-1.237
-0.604,0.876
-0.742,-1.752
-0.844,-0.535
-0.883,0.452
-0.862,-2.219
-0.91,0.349
-0.932,0.665
-1.001,-2.21
-1.024,-0.244
-1.064,-0.873
-1.067,-0.239
-1.072,0.705
-1.069,-0.996
-1.139,-2.116
-1.161,-0.968
-1.332,-0.561
-1.382,-0.282
-1.427,0.81
-1.525,0.42
-1.537,0.599
-1.636,-0.339
-1.608,-1.011
-1.627,-0.23
-1.618,-0.326
-1.699,1.408
-1.74,0.104
-1.753,-0.73
-1.794,-0.373
-1.912,-1.54
-1.856,-1.083
-1.859,-2.429
-1.932,0.258
-1.986,-0.709
-2.048,-0.148
-1.976,-0.259
-1.985,-2.419
-2.045,1.054
-2.165,0.364
-2.223,0.134
-2.254,-1.658
-2.353,1.189
-2.54,-0.096
-2.737,-1.487
-2.763,-1.255
-2.807,0.218
-2.819,0.03
-2.792,0.598
-2.812,-0.561
-2.957,0.284
-2.964,0.001
-3.045,1.255
-3.112,-0.232
3.111,-1.89
-3.114,-0.183
2.988,-1.305
2.848,-1.364
2.706,-2.348
2.71,0.514
2.693,-0.464
2.662,-1.74
2.65,0.211
2.565,-0.321
2.537,-1.711
2.503,0.376
2.546,0.105
2.508,0.014
2.436,-0.022
2.508,-2.392
2.51,-2.314
2.424,0.126
2.402,-2.339
2.392,-0.796
2.4,-0.144
2.378,0.356
2.305,0.32
2.342,0.237
1.904,-2.552
1.417,-2.831
-0.239,-2.5
-0.608,-2.609
-0.97,-2.612
-1.155,-2.673
-1.337,-2.658
-1.578,-2.546
-1.773,-2.738
-2.39,-2.576
-2.646,-2.777
2.915,-2.851
2.836,-2.759
2.68,-2.708
2.553,-2.818
2.459,-2.546
2.235,1.851
2.074,1.781
2.028,1.6
2.006,1.649
2.091,1.719
1.845,1.704
1.103,1.786
0.56,1.8
0.567,1.811
0.515,1.657
0.311,1.637
0.375,1.759
-0.507,1.62
-0.559,1.583
-0.601,1.567
-0.711,1.64
-1.075,1.746
-1.708,1.823
-2.05,1.549
-2.245,1.632
-2.303,1.94
-2.507,2.05
-2.813,1.624
-3.042,2.03
3.06,1.647
2.32,1.792
2.264,1.856
2.243,0.274
2.195,-1.089
2.141,-1.812
2.193,-0.977
2.052,-1.803
1.858,0.19
1.732,1.48
1.618,1.452
0.054,1.292
-0.517,-1.209
-2.327,0.88
-2.91,0.929
2.373,-0.023
2.224,1.426
2.171,-2.327
2.161,0.391
2.265,-2.479
2.162,-2.013
2.25,0.009
2.069,-2.482
2.199,1.339
2.06,-1.687
2.064,-1.062
2.151,-0.992
2.108,1.151
1.982,0.259
1.868,0.533
1.911,0.878
1.702,-0.88
1.62,0.476
1.693,1.093
1.648,1.097
1.636,-0.471
1.532,1.172
1.495,0.434
1.601,-1.027
1.428,-1.171
1.281,1.488
1.416,-2.42
1.184,0.583
1.285,-2.382
1.097,0.789
1.206,-1.617
1.161,-1.114
0.981,0.136
0.996,0.816
0.979,1.276
0.682,0.194
0.645,-2.185
0.637,-0.912
0.528,-1.028
0.453,-0.74
0.559,1.382
0.566,0.763
0.486,-2.44
0.317,0.239
0.303,1.508
0.206,1.359
0.188,1.38
0.319,1.375
0.21,-1.987
0.256,-0.89
0.207,0.233
0.038,1.468
0.044,-1.341
0.17,0.251
0.089,-0.093
0.089,-1.76
0.059,1.283
-0.206,-0.779
-0.276,-0.861
-0.474,-1.94
-0.501,1.37
-0.396,-0.213
-0.405,0.643
-0.571,-2.315
-0.66,-0.517
-0.692,0.078
-0.597,1.442
-0.732,-0.669
-0.639,1.406
-0.625,0.174
-0.824,-2.401
-0.846,-0.882
-0.745,0.6
-0.816,-0.422
-0.827,-2.117
-0.832,1.357
-1.004,-2.151
-0.932,-0.089
-0.973,-1.695
-1.102,-1.949
-1.012,-0.568
-1.121,-2.275
-0.993,-1.287
-1.068,-1.273
-1.096,-2.383
-1.245,-1.719
-1.255,-2.124
-1.134,-0.969
-1.099,1.477
-1.258,1.057
-1.149,-1.953
-1.242,-0.845
-1.29,-0.608
-1.402,-2.259
-1.468,-0.703
-1.389,-0.168
-1.401,-1.325
-1.624,-2.366
-1.611,0.316
-1.521,1.057
-1.549,-0.683
-1.69,-1.954
-1.783,0.906
-1.677,-0.428
-1.796,0.417
-1.783,0.453
-2.037,-1.732
-1.976,-0.086
-2.266,1.543
-2.408,-1.191
-2.291,-1.287
-2.434,1.38
-2.744,0.196
-2.869,-0.569
-3.003,-1.948
-3.033,0.661
-2.94,1.143
-3.119,-0.283
-3.023,1.359
3.09,0.551
2.906,-2.088
2.673,-0.041
2.522,1.461
2.486,-2.095
2.467,1.477
2.54,0.689
2.384,-2.162
2.486,1.263
2.323,-2.639
2.29,-2.762
2.259,-2.694
2.19,-2.749
1.426,-2.759
1.101,-2.717
0.343,-2.644
-0.869,-2.649
-2.592,-2.554
2.503,-2.528
2.002,1.85
1.95,1.966
1.891,1.668
1.625,1.705
1.52,1.925
1.523,1.602
1.415,1.669
1.166,1.824
1.133,1.923
-0.34,1.812
-0.525,1.875
-0.721,1.87
-1.48,1.612
-1.799,1.873
-1.789,1.667
-2.42,1.847
3.014,1.512
2.459,1.93
2.216,-0.96
-1.357,0.509
-3.113,1.148
2.221,0.743
2.303,-1.939
2.239,0.038
2.117,0.042
2.009,-1.654
-0.367,1.104
-0.389,-0.834
-1.266,-0.868
-2.002,0.022
-2.319,0.006
3.051,-1.489
3.068,0.709
2.873,0.068
2.868,0.497
2.769,1.144
2.759,0.328
2.755,-0.473
2.634,-1.529
2.35,0.002
1.996,0.184
1.72,0.266
-0.285,0.228
2.557,-1.2
-2.558,-2.296
2.727,1.285
-2.781,-2.527
1.704,1.69
-0.035,-1.325
-0.11,-2.07
-0.03,-0.231
-0.099,-3.013
-0.121,-1.271
-0.157,0.296
-0.114,-2.002
-0.147,-2.044
-0.231,0.505
-0.282,0.512
-0.228,-0.944
-0.303,-2.219
-0.242,-1.47
-0.385,0.385
-0.456,-2.354
-0.477,0.731
-0.454,-1.55
-0.516,-1.759
-0.48,-0.159
-0.567,-2.902
-0.521,-0.89
-0.545,-1.95
-0.536,0.163
-0.674,-2.465
-0.776,-1.248
-0.815,-0.261
-0.794,-2.932
-0.842,-0.364
-0.864,-0.048
-0.933,-2.923
-0.956,-0.957
-0.996,-1.586
-0.999,-0.952
-1.004,-0.008
-1.001,-1.709
-1.071,-2.829
-1.093,-1.681
-1.264,-1.274
-1.314,-0.995
-1.359,0.097
-1.457,-0.293
-1.469,-0.114
-1.568,-1.052
-1.54,-1.724
-1.559,-0.943
-1.55,-1.039
-1.631,0.695
-1.672,-0.609
-1.685,-1.443
-1.726,-1.086
-1.844,-2.253
-1.788,-1.796
-1.791,-3.142
-1.864,-0.455
-1.918,-1.422
-1.98,-0.861
-1.908,-0.972
-1.917,-3.132
-1.977,0.341
-2.097,-0.349
-2.155,-0.579
-2.186,-2.371
-2.285,0.476
-2.472,-0.809
-2.669,-2.2
-2.695,-1.968
-2.739,-0.495
-2.751,-0.683
-2.724,-0.115
-2.744,-1.274
-2.889,-0.429
-2.896,-0.712
-2.977,0.542
-3.044,-0.945
-3.104,-2.603
-3.046,-0.896
3.056,-2.018
2.916,-2.077
2.774,-3.061
2.778,-0.199
2.761,-1.177
2.73,-2.453
2.718,-0.502
2.633,-1.034
2.605,-2.424
2.571,-0.337
2.614,-0.608
2.576,-0.699
2.504,-0.735
2.576,-3.105
2.578,-3.027
2.492,-0.587
2.47,-3.052
2.46,-1.509
2.468,-0.857
2.446,-0.357
2.373,-0.393
2.41,-0.476
1.972,-3.265
1.485,-3.544
-0.171,-3.213
-0.54,-3.322
-0.902,-3.325
-1.087,-3.386
-1.269,-3.371
-1.51,-3.259
-1.705,-3.451
-2.322,-3.289
-2.578,-3.49
2.983,-3.564
2.904,-3.472
2.748,-3.421
2.621,-3.531
2.527,-3.259
2.303,1.138
2.142,1.068
2.096,0.887
2.074,0.936
2.159,1.006
1.913,0.991
1.171,1.073
0.628,1.087
0.635,1.098
0.583,0.944
0.379,0.924
0.443,1.046
-0.439,0.907
-0.491,0.87
-0.533,0.854
-0.643,0.927
-1.007,1.033
-1.64,1.11
-1.982,0.836
-2.177,0.919
-2.235,1.227
-2.439,1.337
-2.745,0.911
-2.974,1.317
3.128,0.934
2.388,1.079
2.332,1.143
2.311,-0.439
2.263,-1.802
2.209,-2.525
2.261,-1.69
2.12,-2.516
1.926,-0.523
1.8,0.767
1.686,0.739
0.122,0.579
-0.449,-1.922
-2.259,0.167
-2.842,0.216
2.441,-0.736
2.292,0.713
2.239,-3.04
2.229,-0.322
2.333,-3.192
2.23,-2.726
2.318,-0.704
2.137,-3.195
2.267,0.626
2.128,-2.4
2.132,-1.775
2.219,-1.705
2.176,0.438
2.05,-0.454
1.936,-0.18
1.979,0.165
1.77,-1.593
1.688,-0.237
1.761,0.38
1.716,0.384
1.704,-1.184
1.6,0.459
1.563,-0.279
1.669,-1.74
1.496,-1.884
1.349,0.775
1.484,-3.133
1.252,-0.13
1.353,-3.095
1.165,0.076
1.274,-2.33
1.229,-1.827
1.049,-0.577
1.064,0.103
1.047,0.563
0.75,-0.519
0.713,-2.898
0.705,-1.625
0.596,-1.741
0.521,-1.453
0.627,0.669
0.634,0.05
0.554,-3.153
0.385,-0.474
0.371,0.795
0.274,0.646
0.256,0.667
0.387,0.662
0.278,-2.7
0.324,-1.603
0.275,-0.48
0.106,0.755
0.112,-2.054
0.238,-0.462
0.157,-0.806
0.157,-2.473
0.127,0.57
-0.138,-1.492
-0.208,-1.574
-0.406,-2.653
-0.433,0.657
-0.328,-0.926
-0.337,-0.07
-0.503,-3.028
-0.592,-1.23
-0.624,-0.635
-0.529,0.729
-0.664,-1.382
-0.571,0.693
-0.557,-0.539
-0.756,-3.114
-0.778,-1.595
-0.677,-0.113
-0.748,-1.135
-0.759,-2.83
-0.764,0.644
-0.936,-2.864
-0.864,-0.802
-0.905,-2.408
-1.034,-2.662
-0.944,-1.281
-1.053,-2.988
-0.925,-2.0
-1.0,-1.986
-1.028,-3.096
-1.177,-2.432
-1.187,-2.837
-1.066,-1.682
-1.031,0.764
-1.19,0.344
-1.081,-2.666
-1.174,-1.558
-1.222,-1.321
-1.334,-2.972
-1.4,-1.416
-1.321,-0.881
-1.333,-2.038
-1.556,-3.079
-1.543,-0.397
-1.453,0.344
-1.481,-1.396
-1.622,-2.667
-1.715,0.193
-1.609,-1.141
-1.728,-0.296
-1.715,-0.26
-1.969,-2.445
-1.908,-0.799
-2.198,0.83
-2.34,-1.904
-2.223,-2.0
-2.366,0.667
-2.676,-0.517
-2.801,-1.282
-2.935,-2.661
-2.965,-0.052
-2.872,0.43
-3.051,-0.996
-2.955,0.646
-3.125,-0.162
2.974,-2.801
2.741,-0.754
2.59,0.748
2.554,-2.808
2.535,0.764
2.608,-0.024
2.452,-2.875
2.554,0.55
2.391,-3.352
2.358,-3.475
2.327,-3.407
2.258,-3.462
1.494,-3.472
1.169,-3.43
0.411,-3.357
-0.801,-3.362
-2.524,-3.267
2.571,-3.241
2.07,1.137
2.018,1.253
1.959,0.955
1.693,0.992
1.588,1.212
1.591,0.889
1.483,0.956
1.234,1.111
1.201,1.21
-0.272,1.099
-0.457,1.162
-0.653,1.157
-1.412,0.899
-1.731,1.16
-1.721,0.954
-2.352,1.134
3.082,0.799
2.527,1.217
2.284,-1.673
-1.289,-0.204
-3.045,0.435
2.289,0.03
2.371,-2.652
2.307,-0.675
2.185,-0.671
2.077,-2.367
-0.299,0.391
-0.321,-1.547
-1.198,-1.581
-1.934,-0.691
-2.251,-0.707
3.119,-2.202
3.136,-0.004
2.941,-0.645
2.936,-0.216
2.837,0.431
2.827,-0.385
2.823,-1.186
2.702,-2.242
2.418,-0.711
2.064,-0.529
1.788,-0.447
-0.217,-0.485
2.625,-1.913
-2.49,-3.009
2.795,0.572
-2.713,-3.24
1.772,0.977
-0.075,-0.745
0.005,1.094
-0.064,-1.688
-0.086,0.054
-0.122,1.621
-0.079,-0.677
-0.112,-0.719
-0.196,1.83
-0.247,1.837
-0.193,0.381
-0.268,-0.894
-0.207,-0.145
-0.35,1.71
-0.421,-1.029
-0.442,2.056
-0.419,-0.225
-0.481,-0.434
-0.445,1.166
-0.532,-1.577
-0.486,0.435
-0.51,-0.625
-0.501,1.488
-0.639,-1.14
-0.741,0.077
-0.78,1.064
-0.759,-1.607
-0.807,0.961
-0.829,1.277
-0.898,-1.598
-0.921,0.368
-0.961,-0.261
-0.964,0.373
-0.969,1.317
-0.966,-0.384
-1.036,-1.504
-1.058,-0.356
-1.229,0.051
-1.279,0.33
-1.324,1.422
-1.422,1.032
-1.434,1.211
-1.533,0.273
-1.505,-0.399
-1.524,0.382
-1.515,0.286
-1.596,2.02
-1.637,0.716
-1.65,-0.118
-1.691,0.239
-1.809,-0.928
-1.753,-0.471
-1.756,-1.817
-1.829,0.87
-1.883,-0.097
-1.945,0.464
-1.873,0.353
-1.882,-1.807
-1.942,1.666
-2.062,0.976
-2.12,0.746
-2.151,-1.046
-2.25,1.801
-2.437,0.516
-2.634,-0.875
-2.66,-0.643
-2.704,0.83
-2.716,0.642
-2.689,1.21
-2.709,0.051
-2.854,0.896
-2.861,0.613
-2.942,1.867
-3.009,0.38
-3.069,-1.278
-3.011,0.429
3.091,-0.693
2.951,-0.752
2.809,-1.736
2.813,1.126
2.796,0.148
2.765,-1.128
2.753,0.823
2.668,0.291
2.64,-1.099
2.606,0.988
2.649,0.717
2.611,0.626
2.539,0.59
2.611,-1.78
2.613,-1.702
2.527,0.738
2.505,-1.727
2.495,-0.184
2.503,0.468
2.481,0.968
2.408,0.932
2.445,0.849
2.007,-1.94
1.52,-2.219
-0.136,-1.888
-0.505,-1.997
-0.867,-2.0
-1.052,-2.061
-1.234,-2.046
-1.475,-1.934
-1.67,-2.126
-2.287,-1.964
-2.543,-2.165
3.018,-2.239
2.939,-2.147
2.783,-2.096
2.656,-2.206
2.562,-1.934
2.338,2.463
2.177,2.393
2.131,2.212
2.109,2.261
2.194,2.331
1.948,2.316
1.206,2.398
0.663,2.412
0.67,2.423
0.618,2.269
0.414,2.249
0.478,2.371
-0.404,2.232
-0.456,2.195
-0.498,2.179
-0.608,2.252
-0.972,2.358
-1.605,2.435
-1.947,2.161
-2.142,2.244
-2.2,2.552
-2.404,2.662
-2.71,2.236
-2.939,2.642
-3.12,2.259
2.423,2.404
2.367,2.468
2.346,0.886
2.298,-0.477
2.244,-1.2
2.296,-0.365
2.155,-1.191
1.961,0.802
1.835,2.092
1.721,2.064
0.157,1.904
-0.414,-0.597
-2.224,1.492
-2.807,1.541
2.476,0.589
2.327,2.038
2.274,-1.715
2.264,1.003
2.368,-1.867
2.265,-1.401
2.353,0.621
2.172,-1.87
2.302,1.951
2.163,-1.075
2.167,-0.45
2.254,-0.38
2.211,1.763
2.085,0.871
1.971,1.145
2.014,1.49
1.805,-0.268
1.723,1.088
1.796,1.705
1.751,1.709
1.739,0.141
1.635,1.784
1.598,1.046
1.704,-0.415
1.531,-0.559
1.384,2.1
1.519,-1.808
1.287,1.195
1.388,-1.77
1.2,1.401
1.309,-1.005
1.264,-0.502
1.084,0.748
1.099,1.428
1.082,1.888
0.785,0.806
0.748,-1.573
0.74,-0.3
0.631,-0.416
0.556,-0.128
0.662,1.994
0.669,1.375
0.589,-1.828
0.42,0.851
0.406,2.12
0.309,1.971
0.291,1.992
0.422,1.987
0.313,-1.375
0.359,-0.278
0.31,0.845
0.141,2.08
0.147,-0.729
0.273,0.863
0.192,0.519
0.192,-1.148
0.162,1.895
-0.103,-0.167
-0.173,-0.249
-0.371,-1.328
-0.398,1.982
-0.293,0.399
-0.302,1.255
-0.468,-1.703
-0.557,0.095
-0.589,0.69
-0.494,2.054
-0.629,-0.057
-0.536,2.018
-0.522,0.786
-0.721,-1.789
-0.743,-0.27
-0.642,1.212
-0.713,0.19
-0.724,-1.505
-0.729,1.969
-0.901,-1.539
-0.829,0.523
-0.87,-1.083
-0.999,-1.337
-0.909,0.044
-1.018,-1.663
-0.89,-0.675
-0.965,-0.661
-0.993,-1.771
-1.142,-1.107
-1.152,-1.512
-1.031,-0.357
-0.996,2.089
-1.155,1.669
-1.046,-1.341
-1.139,-0.233
-1.187,0.004
-1.299,-1.647
-1.365,-0.091
-1.286,0.444
-1.298,-0.713
-1.521,-1.754
-1.508,0.928
-1.418,1.669
-1.446,-0.071
-1.587,-1.342
-1.68,1.518
-1.574,0.184
-1.693,1.029
-1.68,1.065
-1.934,-1.12
-1.873,0.526
-2.163,2.155
-2.305,-0.579
-2.188,-0.675
-2.331,1.992
-2.641,0.808
-2.766,0.043
-2.9,-1.336
-2.93,1.273
-2.837,1.755
-3.016,0.329
-2.92,1.971
-3.09,1.163
3.009,-1.476
2.776,0.571
2.625,2.073
2.589,-1.483
2.57,2.089
2.643,1.301
2.487,-1.55
2.589,1.875
2.426,-2.027
2.393,-2.15
2.362,-2.082
2.293,-2.137
1.529,-2.147
1.204,-2.105
0.446,-2.032
-0.766,-2.037
-2.489,-1.942
2.606,-1.916
2.105,2.462
2.053,2.578
1.994,2.28
1.728,2.317
1.623,2.537
1.626,2.214
1.518,2.281
1.269,2.436
1.236,2.535
-0.237,2.424
-0.422,2.487
-0.618,2.482
-1.377,2.224
-1.696,2.485
-1.686,2.279
-2.317,2.459
3.117,2.124
2.562,2.542
2.319,-0.348
-1.254,1.121
-3.01,1.76
2.324,1.355
2.406,-1.327
2.342,0.65
2.22,0.654
2.112,-1.042
-0.264,1.716
-0.286,-0.222
-1.163,-0.256
-1.899,0.634
-2.216,0.618
-3.129,-0.877
-3.112,1.321
2.976,0.68
2.971,1.109
2.872,1.756
2.862,0.94
2.858,0.139
2.737,-0.917
2.453,0.614
2.099,0.796
1.823,0.878
-0.182,0.84
2.66,-0.588
-2.455,-1.684
2.83,1.897
-2.678,-1.915
1.807,2.302
0.08,1.839
0.011,-0.943
-0.011,0.799
-0.047,2.366
-0.004,0.068
-0.037,0.026
-0.121,2.575
-0.172,2.582
-0.118,1.126
-0.193,-0.149
-0.132,0.6
-0.275,2.455
-0.346,-0.284
-0.367,2.801
-0.344,0.52
-0.406,0.311
-0.37,1.911
-0.457,-0.832
-0.411,1.18
-0.435,0.12
-0.426,2.233
-0.564,-0.395
-0.666,0.822
-0.705,1.809
-0.684,-0.862
-0.732,1.706
-0.754,2.022
-0.823,-0.853
-0.846,1.113
-0.886,0.484
-0.889,1.118
-0.894,2.062
-0.891,0.361
-0.961,-0.759
-0.983,0.389
-1.154,0.796
-1.204,1.075
-1.249,2.167
-1.347,1.777
-1.359,1.956
-1.458,1.018
-1.43,0.346
-1.449,1.127
-1.44,1.031
-1.521,2.765
-1.562,1.461
-1.575,0.627
-1.616,0.984
-1.734,-0.183
-1.678,0.274
-1.681,-1.072
-1.754,1.615
-1.808,0.648
-1.87,1.209
-1.798,1.098
-1.807,-1.062
-1.867,2.411
-1.987,1.721
-2.045,1.491
-2.076,-0.301
-2.175,2.546
-2.362,1.261
-2.559,-0.13
-2.585,0.102
-2.629,1.575
-2.641,1.387
-2.614,1.955
-2.634,0.796
-2.779,1.641
-2.786,1.358
-2.867,2.612
-2.934,1.125
-2.994,-0.533
-2.936,1.174
-3.117,0.052
3.026,-0.007
2.884,-0.991
2.888,1.871
2.871,0.893
2.84,-0.383
2.828,1.568
2.743,1.036
2.715,-0.354
2.681,1.733
2.724,1.462
2.686,1.371
2.614,1.335
2.686,-1.035
2.688,-0.957
2.602,1.483
2.58,-0.982
2.57,0.561
2.578,1.213
2.556,1.713
2.483,1.677
2.52,1.594
2.082,-1.195
1.595,-1.474
-0.061,-1.143
-0.43,-1.252
-0.792,-1.255
-0.977,-1.316
-1.159,-1.301
-1.4,-1.189
-1.595,-1.381
-2.212,-1.219
-2.468,-1.42
3.093,-1.494
3.014,-1.402
2.858,-1.351
2.731,-1.461
2.637,-1.189
2.413,3.208
2.252,3.138
2.206,2.957
2.184,3.006
2.269,3.076
2.023,3.061
1.281,3.143
0.738,3.157
0.745,3.168
0.693,3.014
0.489,2.994
0.553,3.116
-0.329,2.977
-0.381,2.94
-0.423,2.924
-0.533,2.997
-0.897,3.103
-1.53,3.18
-1.872,2.906
-2.067,2.989
-2.125,3.297
-2.329,3.407
-2.635,2.981
-2.864,3.387
-3.045,3.004
2.498,3.149
2.442,3.213
2.421,1.631
2.373,0.268
2.319,-0.455
2.371,0.38
2.23,-0.446
2.036,1.547
1.91,2.837
1.796,2.809
0.232,2.649
-0.339,0.148
-2.149,2.237
-2.732,2.286
2.551,1.334
2.402,2.783
2.349,-0.97
2.339,1.748
2.443,-1.122
2.34,-0.656
2.428,1.366
2.247,-1.125
2.377,2.696
2.238,-0.33
2.242,0.295
2.329,0.365
2.286,2.508
2.16,1.616
2.046,1.89
2.089,2.235
1.88,0.477
1.798,1.833
1.871,2.45
1.826,2.454
1.814,0.886
1.71,2.529
1.673,1.791
1.779,0.33
1.606,0.186
1.459,2.845
1.594,-1.063
1.362,1.94
1.463,-1.025
1.275,2.146
1.384,-0.26
1.339,0.243
1.159,1.493
1.174,2.173
1.157,2.633
0.86,1.551
0.823,-0.828
0.815,0.445
0.706,0.329
0.631,0.617
0.737,2.739
0.744,2.12
0.664,-1.083
0.495,1.596
0.481,2.865
0.384,2.716
0.366,2.737
0.497,2.732
0.388,-0.63
0.434,0.467
0.385,1.59
0.216,2.825
0.222,0.016
0.348,1.608
0.267,1.264
0.267,-0.403
0.237,2.64
-0.028,0.578
-0.098,0.496
-0.296,-0.583
-0.323,2.727
-0.218,1.144
-0.227,2.0
-0.393,-0.958
-0.482,0.84
-0.514,1.435
-0.419,2.799
-0.554,0.688
-0.461,2.763
-0.447,1.531
-0.646,-1.044
-0.668,0.475
-0.567,1.957
-0.638,0.935
-0.649,-0.76
-0.654,2.714
-0.826,-0.794
-0.754,1.268
-0.795,-0.338
-0.924,-0.592
-0.834,0.789
-0.943,-0.918
-0.815,0.07
-0.89,0.084
-0.918,-1.026
-1.067,-0.362
-1.077,-0.767
-0.956,0.388
-0.921,2.834
-1.08,2.414
-0.971,-0.596
-1.064,0.512
-1.112,0.749
-1.224,-0.902
-1.29,0.654
-1.211,1.189
-1.223,0.032
-1.446,-1.009
-1.433,1.673
-1.343,2.414
-1.371,0.674
-1.512,-0.597
-1.605,2.263
-1.499,0.929
-1.618,1.774
-1.605,1.81
-1.859,-0.375
-1.798,1.271
-2.088,2.9
-2.23,0.166
-2.113,0.07
-2.256,2.737
-2.566,1.553
-2.691,0.788
-2.825,-0.591
-2.855,2.018
-2.762,2.5
-2.941,1.074
-2.845,2.716
-3.015,1.908
3.084,-0.731
2.851,1.316
2.7,2.818
2.664,-0.738
2.645,2.834
2.718,2.046
2.562,-0.805
2.664,2.62
2.501,-1.282
2.468,-1.405
2.437,-1.337
2.368,-1.392
1.604,-1.402
1.279,-1.36
0.521,-1.287
-0.691,-1.292
-2.414,-1.197
2.681,-1.171
2.18,3.207
2.128,3.323
2.069,3.025
1.803,3.062
1.698,3.282
1.701,2.959
1.593,3.026
1.344,3.181
1.311,3.28
-0.162,3.169
-0.347,3.232
-0.543,3.227
-1.302,2.969
-1.621,3.23
-1.611,3.024
-2.242,3.204
-3.091,2.869
2.637,3.287
2.394,0.397
-1.179,1.866
-2.935,2.505
2.399,2.1
2.481,-0.582
2.417,1.395
2.295,1.399
2.187,-0.297
-0.189,2.461
-0.211,0.523
-1.088,0.489
-1.824,1.379
-2.141,1.363
-3.054,-0.132
-3.037,2.066
3.051,1.425
3.046,1.854
2.947,2.501
2.937,1.685
2.933,0.884
2.812,-0.172
2.528,1.359
2.174,1.541
1.898,1.623
-0.107,1.585
2.735,0.157
-2.38,-0.939
2.905,2.642
-2.603,-1.17
1.882,3.047
-0.069,-2.782
-0.091,-1.04
-0.127,0.527
-0.084,-1.771
-0.117,-1.813
-0.201,0.736
-0.252,0.743
-0.198,-0.713
-0.273,-1.988
-0.212,-1.239
-0.355,0.616
-0.426,-2.123
-0.447,0.962
-0.424,-1.319
-0.486,-1.528
-0.45,0.072
-0.537,-2.671
-0.491,-0.659
-0.515,-1.719
-0.506,0.394
-0.644,-2.234
-0.746,-1.017
-0.785,-0.03
-0.764,-2.701
-0.812,-0.133
-0.834,0.183
-0.903,-2.692
-0.926,-0.726
-0.966,-1.355
-0.969,-0.721
-0.974,0.223
-0.971,-1.478
-1.041,-2.598
-1.063,-1.45
-1.234,-1.043
-1.284,-0.764
-1.329,0.328
-1.427,-0.062
-1.439,0.117
-1.538,-0.821
-1.51,-1.493
-1.529,-0.712
-1.52,-0.808
-1.601,0.926
-1.642,-0.378
-1.655,-1.212
-1.696,-0.855
-1.814,-2.022
-1.758,-1.565
-1.761,-2.911
-1.834,-0.224
-1.888,-1.191
-1.95,-0.63
-1.878,-0.741
-1.887,-2.901
-1.947,0.572
-2.067,-0.118
-2.125,-0.348
-2.156,-2.14
-2.255,0.707
-2.442,-0.578
-2.639,-1.969
-2.665,-1.737
-2.709,-0.264
-2.721,-0.452
-2.694,0.116
-2.714,-1.043
-2.859,-0.198
-2.866,-0.481
-2.947,0.773
-3.014,-0.714
-3.074,-2.372
-3.016,-0.665
3.086,-1.787
2.946,-1.846
2.804,-2.83
2.808,0.032
2.791,-0.946
2.76,-2.222
2.748,-0.271
2.663,-0.803
2.635,-2.193
2.601,-0.106
2.644,-0.377
2.606,-0.468
2.534,-0.504
2.606,-2.874
2.608,-2.796
2.522,-0.356
2.5,-2.821
2.49,-1.278
2.498,-0.626
2.476,-0.126
2.403,-0.162
2.44,-0.245
2.002,-3.034
1.515,-3.313
-0.141,-2.982
-0.51,-3.091
-0.872,-3.094
-1.057,-3.155
-1.239,-3.14
-1.48,-3.028
-1.675,-3.22
-2.292,-3.058
-2.548,-3.259
3.013,-3.333
2.934,-3.241
2.778,-3.19
2.651,-3.3
2.557,-3.028
2.333,1.369
2.172,1.299
2.126,1.118
2.104,1.167
2.189,1.237
1.943,1.222
1.201,1.304
0.658,1.318
0.665,1.329
0.613,1.175
0.409,1.155
0.473,1.277
-0.409,1.138
-0.461,1.101
-0.503,1.085
-0.613,1.158
-0.977,1.264
-1.61,1.341
-1.952,1.067
-2.147,1.15
-2.205,1.458
-2.409,1.568
-2.715,1.142
-2.944,1.548
-3.125,1.165
2.418,1.31
2.362,1.374
2.341,-0.208
2.293,-1.571
2.239,-2.294
2.291,-1.459
2.15,-2.285
1.956,-0.292
1.83,0.998
1.716,0.97
0.152,0.81
-0.419,-1.691
-2.229,0.398
-2.812,0.447
2.471,-0.505
2.322,0.944
2.269,-2.809
2.259,-0.091
2.363,-2.961
2.26,-2.495
2.348,-0.473
2.167,-2.964
2.297,0.857
2.158,-2.169
2.162,-1.544
2.249,-1.474
2.206,0.669
2.08,-0.223
1.966,0.051
2.009,0.396
1.8,-1.362
1.718,-0.006
1.791,0.611
1.746,0.615
1.734,-0.953
1.63,0.69
1.593,-0.048
1.699,-1.509
1.526,-1.653
1.379,1.006
1.514,-2.902
1.282,0.101
1.383,-2.864
1.195,0.307
1.304,-2.099
1.259,-1.596
1.079,-0.346
1.094,0.334
1.077,0.794
0.78,-0.288
0.743,-2.667
0.735,-1.394
0.626,-1.51
0.551,-1.222
0.657,0.9
0.664,0.281
0.584,-2.922
0.415,-0.243
0.401,1.026
0.304,0.877
0.286,0.898
0.417,0.893
0.308,-2.469
0.354,-1.372
0.305,-0.249
0.136,0.986
0.142,-1.823
0.268,-0.231
0.187,-0.575
0.187,-2.242
0.157,0.801
-0.108,-1.261
-0.178,-1.343
-0.376,-2.422
-0.403,0.888
-0.298,-0.695
-0.307,0.161
-0.473,-2.797
-0.562,-0.999
-0.594,-0.404
-0.499,0.96
-0.634,-1.151
-0.541,0.924
-0.527,-0.308
-0.726,-2.883
-0.748,-1.364
-0.647,0.118
-0.718,-0.904
-0.729,-2.599
-0.734,0.875
-0.906,-2.633
-0.834,-0.571
-0.875,-2.177
-1.004,-2.431
-0.914,-1.05
-1.023,-2.757
-0.895,-1.769
-0.97,-1.755
-0.998,-2.865
-1.147,-2.201
-1.157,-2.606
-1.036,-1.451
-1.001,0.995
-1.16,0.575
-1.051,-2.435
-1.144,-1.327
-1.192,-1.09
-1.304,-2.741
-1.37,-1.185
-1.291,-0.65
-1.303,-1.807
-1.526,-2.848
-1.513,-0.166
-1.423,0.575
-1.451,-1.165
-1.592,-2.436
-1.685,0.424
-1.579,-0.91
-1.698,-0.065
-1.685,-0.029
-1.939,-2.214
-1.878,-0.568
-2.168,1.061
-2.31,-1.673
-2.193,-1.769
-2.336,0.898
-2.646,-0.286
-2.771,-1.051
-2.905,-2.43
-2.935,0.179
-2.842,0.661
-3.021,-0.765
-2.925,0.877
-3.095,0.069
3.004,-2.57
2.771,-0.523
2.62,0.979
2.584,-2.577
2.565,0.995
2.638,0.207
2.482,-2.644
2.584,0.781
2.421,-3.121
2.388,-3.244
2.357,-3.176
2.288,-3.231
1.524,-3.241
1.199,-3.199
0.441,-3.126
-0.771,-3.131
-2.494,-3.036
2.601,-3.01
2.1,1.368
2.048,1.484
1.989,1.186
1.723,1.223
1.618,1.443
1.621,1.12
1.513,1.187
1.264,1.342
1.231,1.441
-0.242,1.33
-0.427,1.393
-0.623,1.388
-1.382,1.13
-1.701,1.391
-1.691,1.185
-2.322,1.365
3.112,1.03
2.557,1.448
2.314,-1.442
-1.259,0.027
-3.015,0.666
2.319,0.261
2.401,-2.421
2.337,-0.444
2.215,-0.44
2.107,-2.136
-0.269,0.622
-0.291,-1.316
-1.168,-1.35
-1.904,-0.46
-2.221,-0.476
-3.134,-1.971
-3.117,0.227
2.971,-0.414
2.966,0.015
2.867,0.662
2.857,-0.154
2.853,-0.955
2.732,-2.011
2.448,-0.48
2.094,-0.298
1.818,-0.216
-0.187,-0.254
2.655,-1.682
-2.46,-2.778
2.825,0.803
-2.683,-3.009
1.802,1.208
-0.022,1.742
-0.058,3.309
-0.015,1.011
-0.048,0.969
-0.132,3.518
-0.183,3.525
-0.129,2.069
-0.204,0.794
-0.143,1.543
-0.286,3.398
-0.357,0.659
-0.378,3.744
-0.355,1.463
-0.417,1.254
-0.381,2.854
-0.468,0.111
-0.422,2.123
-0.446,1.063
-0.437,3.176
-0.575,0.548
-0.677,1.765
-0.716,2.752
-0.695,0.081
-0.743,2.649
-0.765,2.965
-0.834,0.09
-0.857,2.056
-0.897,1.427
-0.9,2.061
-0.905,3.005
-0.902,1.304
-0.972,0.184
-0.994,1.332
-1.165,1.739
-1.215,2.018
-1.26,3.11
-1.358,2.72
-1.37,2.899
-1.469,1.961
-1.441,1.289
-1.46,2.07
-1.451,1.974
-1.532,3.708
-1.573,2.404
-1.586,1.57
-1.627,1.927
-1.745,0.76
-1.689,1.217
-1.692,-0.129
-1.765,2.558
-1.819,1.591
-1.881,2.152
-1.809,2.041
-1.818,-0.119
-1.878,3.354
-1.998,2.664
-2.056,2.434
-2.087,0.642
-2.186,3.489
-2.373,2.204
-2.57,0.813
-2.596,1.045
-2.64,2.518
-2.652,2.33
-2.625,2.898
-2.645,1.739
-2.79,2.584
-2.797,2.301
-2.878,3.555
-2.945,2.068
-3.005,0.41
-2.947,2.117
-3.128,0.995
3.015,0.936
2.873,-0.048
2.877,2.814
2.86,1.836
2.829,0.56
2.817,2.511
2.732,1.979
2.704,0.589
2.67,2.676
2.713,2.405
2.675,2.314
2.603,2.278
2.675,-0.092
2.677,-0.014
2.591,2.426
2.569,-0.039
2.559,1.504
2.567,2.156
2.545,2.656
2.472,2.62
2.509,2.537
2.071,-0.252
1.584,-0.531
-0.072,-0.2
-0.441,-0.309
-0.803,-0.312
-0.988,-0.373
-1.17,-0.358
-1.411,-0.246
-1.606,-0.438
-2.223,-0.276
-2.479,-0.477
3.082,-0.551
3.003,-0.459
2.847,-0.408
2.72,-0.518
2.626,-0.246
2.402,4.151
2.241,4.081
2.195,3.9
2.173,3.949
2.258,4.019
2.012,4.004
1.27,4.086
0.727,4.1
0.734,4.111
0.682,3.957
0.478,3.937
0.542,4.059
-0.34,3.92
-0.392,3.883
-0.434,3.867
-0.544,3.94
-0.908,4.046
-1.541,4.123
-1.883,3.849
-2.078,3.932
-2.136,4.24
-2.34,4.35
-2.646,3.924
-2.875,4.33
-3.056,3.947
2.487,4.092
2.431,4.156
2.41,2.574
2.362,1.211
2.308,0.488
2.36,1.323
2.219,0.497
2.025,2.49
1.899,3.78
1.785,3.752
0.221,3.592
-0.35,1.091
-2.16,3.18
-2.743,3.229
2.54,2.277
2.391,3.726
2.338,-0.027
2.328,2.691
2.432,-0.179
2.329,0.287
2.417,2.309
2.236,-0.182
2.366,3.639
2.227,0.613
2.231,1.238
2.318,1.308
2.275,3.451
2.149,2.559
2.035,2.833
2.078,3.178
1.869,1.42
1.787,2.776
1.86,3.393
1.815,3.397
1.803,1.829
1.699,3.472
1.662,2.734
1.768,1.273
1.595,1.129
1.448,3.788
1.583,-0.12
1.351,2.883
1.452,-0.082
1.264,3.089
1.373,0.683
1.328,1.186
1.148,2.436
1.163,3.116
1.146,3.576
0.849,2.494
0.812,0.115
0.804,1.388
0.695,1.272
0.62,1.56
0.726,3.682
0.733,3.063
0.653,-0.14
0.484,2.539
0.47,3.808
0.373,3.659
0.355,3.68
0.486,3.675
0.377,0.313
0.423,1.41
0.374,2.533
0.205,3.768
0.211,0.959
0.337,2.551
0.256,2.207
0.256,0.54
0.226,3.583
-0.039,1.521
-0.109,1.439
-0.307,0.36
-0.334,3.67
-0.229,2.087
-0.238,2.943
-0.404,-0.015
-0.493,1.783
-0.525,2.378
-0.43,3.742
-0.565,1.631
-0.472,3.706
-0.458,2.474
-0.657,-0.101
-0.679,1.418
-0.578,2.9
-0.649,1.878
-0.66,0.183
-0.665,3.657
-0.837,0.149
-0.765,2.211
-0.806,0.605
-0.935,0.351
-0.845,1.732
-0.954,0.025
-0.826,1.013
-0.901,1.027
-0.929,-0.083
-1.078,0.581
-1.088,0.176
-0.967,1.331
-0.932,3.777
-1.091,3.357
-0.982,0.347
-1.075,1.455
-1.123,1.692
-1.235,0.041
-1.301,1.597
-1.222,2.132
-1.234,0.975
-1.457,-0.066
-1.444,2.616
-1.354,3.357
-1.382,1.617
-1.523,0.346
-1.616,3.206
-1.51,1.872
-1.629,2.717
-1.616,2.753
-1.87,0.568
-1.809,2.214
-2.099,3.843
-2.241,1.109
-2.124,1.013
-2.267,3.68
-2.577,2.496
-2.702,1.731
-2.836,0.352
-2.866,2.961
-2.773,3.443
-2.952,2.017
-2.856,3.659
-3.026,2.851
3.073,0.212
2.84,2.259
2.689,3.761
2.653,0.205
2.634,3.777
2.707,2.989
2.551,0.138
2.653,3.563
2.49,-0.339
2.457,-0.462
2.426,-0.394
2.357,-0.449
1.593,-0.459
1.268,-0.417
0.51,-0.344
-0.702,-0.349
-2.425,-0.254
2.67,-0.228
2.169,4.15
2.117,4.266
2.058,3.968
1.792,4.005
1.687,4.225
1.69,3.902
1.582,3.969
1.333,4.124
1.3,4.223
-0.173,4.112
-0.358,4.175
-0.554,4.17
-1.313,3.912
-1.632,4.173
-1.622,3.967
-2.253,4.147
-3.102,3.812
2.626,4.23
2.383,1.34
-1.19,2.809
-2.946,3.448
2.388,3.043
2.47,0.361
2.406,2.338
2.284,2.342
2.176,0.646
-0.2,3.404
-0.222,1.466
-1.099,1.432
-1.835,2.322
-2.152,2.306
-3.065,0.811
-3.048,3.009
3.04,2.368
3.035,2.797
2.936,3.444
2.926,2.628
2.922,1.827
2.801,0.771
2.517,2.302
2.163,2.484
1.887,2.566
-0.118,2.528
2.724,1.1
-2.391,0.004
2.894,3.585
-2.614,-0.227
1.871,3.99
-0.036,1.567
0.007,-0.731
-0.026,-0.773
-0.11,1.776
-0.161,1.783
-0.107,0.327
-0.182,-0.948
-0.121,-0.199
-0.264,1.656
-0.335,-1.083
-0.356,2.002
-0.333,-0.279
-0.395,-0.488
-0.359,1.112
-0.446,-1.631
-0.4,0.381
-0.424,-0.679
-0.415,1.434
-0.553,-1.194
-0.655,0.023
-0.694,1.01
-0.673,-1.661
-0.721,0.907
-0.743,1.223
-0.812,-1.652
-0.835,0.314
-0.875,-0.315
-0.878,0.319
-0.883,1.263
-0.88,-0.438
-0.95,-1.558
-0.972,-0.41
-1.143,-0.003
-1.193,0.276
-1.238,1.368
-1.336,0.978
-1.348,1.157
-1.447,0.219
-1.419,-0.453
-1.438,0.328
-1.429,0.232
-1.51,1.966
-1.551,0.662
-1.564,-0.172
-1.605,0.185
-1.723,-0.982
-1.667,-0.525
-1.67,-1.871
-1.743,0.816
-1.797,-0.151
-1.859,0.41
-1.787,0.299
-1.796,-1.861
-1.856,1.612
-1.976,0.922
-2.034,0.692
-2.065,-1.1
-2.164,1.747
-2.351,0.462
-2.548,-0.929
-2.574,-0.697
-2.618,0.776
-2.63,0.588
-2.603,1.156
-2.623,-0.003
-2.768,0.842
-2.775,0.559
-2.856,1.813
-2.923,0.326
-2.983,-1.332
-2.925,0.375
-3.106,-0.747
3.037,-0.806
2.895,-1.79
2.899,1.072
2.882,0.094
2.851,-1.182
2.839,0.769
2.754,0.237
2.726,-1.153
2.692,0.934
2.735,0.663
2.697,0.572
2.625,0.536
2.697,-1.834
2.699,-1.756
2.613,0.684
2.591,-1.781
2.581,-0.238
2.589,0.414
2.567,0.914
2.494,0.878
2.531,0.795
2.093,-1.994
1.606,-2.273
-0.05,-1.942
-0.419,-2.051
-0.781,-2.054
-0.966,-2.115
-1.148,-2.1
-1.389,-1.988
-1.584,-2.18
-2.201,-2.018
-2.457,-2.219
3.104,-2.293
3.025,-2.201
2.869,-2.15
2.742,-2.26
2.648,-1.988
2.424,2.409
2.263,2.339
2.217,2.158
2.195,2.207
2.28,2.277
2.034,2.262
1.292,2.344
0.749,2.358
0.756,2.369
0.704,2.215
0.5,2.195
0.564,2.317
-0.318,2.178
-0.37,2.141
-0.412,2.125
-0.522,2.198
-0.886,2.304
-1.519,2.381
-1.861,2.107
-2.056,2.19
-2.114,2.498
-2.318,2.608
-2.624,2.182
-2.853,2.588
-3.034,2.205
2.509,2.35
2.453,2.414
2.432,0.832
2.384,-0.531
2.33,-1.254
2.382,-0.419
2.241,-1.245
2.047,0.748
1.921,2.038
1.807,2.01
0.243,1.85
-0.328,-0.651
-2.138,1.438
-2.721,1.487
2.562,0.535
2.413,1.984
2.36,-1.769
2.35,0.949
2.454,-1.921
2.351,-1.455
2.439,0.567
2.258,-1.924
2.388,1.897
2.249,-1.129
2.253,-0.504
2.34,-0.434
2.297,1.709
2.171,0.817
2.057,1.091
2.1,1.436
1.891,-0.322
1.809,1.034
1.882,1.651
1.837,1.655
1.825,0.087
1.721,1.73
1.684,0.992
1.79,-0.469
1.617,-0.613
1.47,2.046
1.605,-1.862
1.373,1.141
1.474,-1.824
1.286,1.347
1.395,-1.059
1.35,-0.556
1.17,0.694
1.185,1.374
1.168,1.834
0.871,0.752
0.834,-1.627
0.826,-0.354
0.717,-0.47
0.642,-0.182
0.748,1.94
0.755,1.321
0.675,-1.882
0.506,0.797
0.492,2.066
0.395,1.917
0.377,1.938
0.508,1.933
0.399,-1.429
0.445,-0.332
0.396,0.791
0.227,2.026
0.233,-0.783
0.359,0.809
0.278,0.465
0.278,-1.202
0.248,1.841
-0.017,-0.221
-0.087,-0.303
-0.285,-1.382
-0.312,1.928
-0.207,0.345
-0.216,1.201
-0.382,-1.757
-0.471,0.041
-0.503,0.636
-0.408,2.0
-0.543,-0.111
-0.45,1.964
-0.436,0.732
-0.635,-1.843
-0.657,-0.324
-0.556,1.158
-0.627,0.136
-0.638,-1.559
-0.643,1.915
-0.815,-1.593
-0.743,0.469
-0.784,-1.137
-0.913,-1.391
-0.823,-0.01
-0.932,-1.717
-0.804,-0.729
-0.879,-0.715
-0.907,-1.825
-1.056,-1.161
-1.066,-1.566
-0.945,-0.411
-0.91,2.035
-1.069,1.615
-0.96,-1.395
-1.053,-0.287
-1.101,-0.05
-1.213,-1.701
-1.279,-0.145
-1.2,0.39
-1.212,-0.767
-1.435,-1.808
-1.422,0.874
-1.332,1.615
-1.36,-0.125
-1.501,-1.396
-1.594,1.464
-1.488,0.13
-1.607,0.975
-1.594,1.011
-1.848,-1.174
-1.787,0.472
-2.077,2.101
-2.219,-0.633
-2.102,-0.729
-2.245,1.938
-2.555,0.754
-2.68,-0.011
-2.814,-1.39
-2.844,1.219
-2.751,1.701
-2.93,0.275
-2.834,1.917
-3.004,1.109
3.095,-1.53
2.862,0.517
2.711,2.019
2.675,-1.537
2.656,2.035
2.729,1.247
2.573,-1.604
2.675,1.821
2.512,-2.081
2.479,-2.204
2.448,-2.136
2.379,-2.191
1.615,-2.201
1.29,-2.159
0.532,-2.086
-0.68,-2.091
-2.403,-1.996
2.692,-1.97
2.191,2.408
2.139,2.524
2.08,2.226
1.814,2.263
1.709,2.483
1.712,2.16
1.604,2.227
1.355,2.382
1.322,2.481
-0.151,2.37
-0.336,2.433
-0.532,2.428
-1.291,2.17
-1.61,2.431
-1.6,2.225
-2.231,2.405
-3.08,2.07
2.648,2.488
2.405,-0.402
-1.168,1.067
-2.924,1.706
2.41,1.301
2.492,-1.381
2.428,0.596
2.306,0.6
2.198,-1.096
-0.178,1.662
-0.2,-0.276
-1.077,-0.31
-1.813,0.58
-2.13,0.564
-3.043,-0.931
-3.026,1.267
3.062,0.626
3.057,1.055
2.958,1.702
2.948,0.886
2.944,0.085
2.823,-0.971
2.539,0.56
2.185,0.742
1.909,0.824
-0.096,0.786
2.746,-0.642
-2.369,-1.738
2.916,1.843
-2.592,-1.969
1.893,2.248
0.043,-2.298
0.01,-2.34
-0.074,0.209
-0.125,0.216
-0.071,-1.24
-0.146,-2.515
-0.085,-1.766
-0.228,0.089
-0.299,-2.65
-0.32,0.435
-0.297,-1.846
-0.359,-2.055
-0.323,-0.455
-0.41,-3.198
-0.364,-1.186
-0.388,-2.246
-0.379,-0.133
-0.517,-2.761
-0.619,-1.544
-0.658,-0.557
-0.637,-3.228
-0.685,-0.66
-0.707,-0.344
-0.776,-3.219
-0.799,-1.253
-0.839,-1.882
-0.842,-1.248
-0.847,-0.304
-0.844,-2.005
-0.914,-3.125
-0.936,-1.977
-1.107,-1.57
-1.157,-1.291
-1.202,-0.199
-1.3,-0.589
-1.312,-0.41
-1.411,-1.348
-1.383,-2.02
-1.402,-1.239
-1.393,-1.335
-1.474,0.399
-1.515,-0.905
-1.528,-1.739
-1.569,-1.382
-1.687,-2.549
-1.631,-2.092
-1.634,-3.438
-1.707,-0.751
-1.761,-1.718
-1.823,-1.157
-1.751,-1.268
-1.76,-3.428
-1.82,0.045
-1.94,-0.645
-1.998,-0.875
-2.029,-2.667
-2.128,0.18
-2.315,-1.105
-2.512,-2.496
-2.538,-2.264
-2.582,-0.791
-2.594,-0.979
-2.567,-0.411
-2.587,-1.57
-2.732,-0.725
-2.739,-1.008
-2.82,0.246
-2.887,-1.241
-2.947,-2.899
-2.889,-1.192
-3.07,-2.314
3.073,-2.373
2.931,-3.357
2.935,-0.495
2.918,-1.473
2.887,-2.749
2.875,-0.798
2.79,-1.33
2.762,-2.72
2.728,-0.633
2.771,-0.904
2.733,-0.995
2.661,-1.031
2.733,-3.401
2.735,-3.323
2.649,-0.883
2.627,-3.348
2.617,-1.805
2.625,-1.153
2.603,-0.653
2.53,-0.689
2.567,-0.772
2.129,-3.561
1.642,-3.84
-0.014,-3.509
-0.383,-3.618
-0.745,-3.621
-0.93,-3.682
-1.112,-3.667
-1.353,-3.555
-1.548,-3.747
-2.165,-3.585
-2.421,-3.786
3.14,-3.86
3.061,-3.768
2.905,-3.717
2.778,-3.827
2.684,-3.555
2.46,0.842
2.299,0.772
2.253,0.591
2.231,0.64
2.316,0.71
2.07,0.695
1.328,0.777
0.785,0.791
0.792,0.802
0.74,0.648
0.536,0.628
0.6,0.75
-0.282,0.611
-0.334,0.574
-0.376,0.558
-0.486,0.631
-0.85,0.737
-1.483,0.814
-1.825,0.54
-2.02,0.623
-2.078,0.931
-2.282,1.041
-2.588,0.615
-2.817,1.021
-2.998,0.638
2.545,0.783
2.489,0.847
2.468,-0.735
2.42,-2.098
2.366,-2.821
2.418,-1.986
2.277,-2.812
2.083,-0.819
1.957,0.471
1.843,0.443
0.279,0.283
-0.292,-2.218
-2.102,-0.129
-2.685,-0.08
2.598,-1.032
2.449,0.417
2.396,-3.336
2.386,-0.618
2.49,-3.488
2.387,-3.022
2.475,-1.0
2.294,-3.491
2.424,0.33
2.285,-2.696
2.289,-2.071
2.376,-2.001
2.333,0.142
2.207,-0.75
2.093,-0.476
2.136,-0.131
1.927,-1.889
1.845,-0.533
1.918,0.084
1.873,0.088
1.861,-1.48
1.757,0.163
1.72,-0.575
1.826,-2.036
1.653,-2.18
1.506,0.479
1.641,-3.429
1.409,-0.426
1.51,-3.391
1.322,-0.22
1.431,-2.626
1.386,-2.123
1.206,-0.873
1.221,-0.193
1.204,0.267
0.907,-0.815
0.87,-3.194
0.862,-1.921
0.753,-2.037
0.678,-1.749
0.784,0.373
0.791,-0.246
0.711,-3.449
0.542,-0.77
0.528,0.499
0.431,0.35
0.413,0.371
0.544,0.366
0.435,-2.996
0.481,-1.899
0.432,-0.776
0.263,0.459
0.269,-2.35
0.395,-0.758
0.314,-1.102
0.314,-2.769
0.284,0.274
0.019,-1.788
-0.051,-1.87
-0.249,-2.949
-0.276,0.361
-0.171,-1.222
-0.18,-0.366
-0.346,-3.324
-0.435,-1.526
-0.467,-0.931
-0.372,0.433
-0.507,-1.678
-0.414,0.397
-0.4,-0.835
-0.599,-3.41
-0.621,-1.891
-0.52,-0.409
-0.591,-1.431
-0.602,-3.126
-0.607,0.348
-0.779,-3.16
-0.707,-1.098
-0.748,-2.704
-0.877,-2.958
-0.787,-1.577
-0.896,-3.284
-0.768,-2.296
-0.843,-2.282
-0.871,-3.392
-1.02,-2.728
-1.03,-3.133
-0.909,-1.978
-0.874,0.468
-1.033,0.048
-0.924,-2.962
-1.017,-1.854
-1.065,-1.617
-1.177,-3.268
-1.243,-1.712
-1.164,-1.177
-1.176,-2.334
-1.399,-3.375
-1.386,-0.693
-1.296,0.048
-1.324,-1.692
-1.465,-2.963
-1.558,-0.103
-1.452,-1.437
-1.571,-0.592
-1.558,-0.556
-1.812,-2.741
-1.751,-1.095
-2.041,0.534
-2.183,-2.2
-2.066,-2.296
-2.209,0.371
-2.519,-0.813
-2.644,-1.578
-2.778,-2.957
-2.808,-0.348
-2.715,0.134
-2.894,-1.292
-2.798,0.35
-2.968,-0.458
3.131,-3.097
2.898,-1.05
2.747,0.452
2.711,-3.104
2.692,0.468
2.765,-0.32
2.609,-3.171
2.711,0.254
2.548,-3.648
2.515,-3.771
2.484,-3.703
2.415,-3.758
1.651,-3.768
1.326,-3.726
0.568,-3.653
-0.644,-3.658
-2.367,-3.563
2.728,-3.537
2.227,0.841
2.175,0.957
2.116,0.659
1.85,0.696
1.745,0.916
1.748,0.593
1.64,0.66
1.391,0.815
1.358,0.914
-0.115,0.803
-0.3,0.866
-0.496,0.861
-1.255,0.603
-1.574,0.864
-1.564,0.658
-2.195,0.838
-3.044,0.503
2.684,0.921
2.441,-1.969
-1.132,-0.5
-2.888,0.139
2.446,-0.266
2.528,-2.948
2.464,-0.971
2.342,-0.967
2.234,-2.663
-0.142,0.095
-0.164,-1.843
-1.041,-1.877
-1.777,-0.987
-2.094,-1.003
-3.007,-2.498
-2.99,-0.3
3.098,-0.941
3.093,-0.512
2.994,0.135
2.984,-0.681
2.98,-1.482
2.859,-2.538
2.575,-1.007
2.221,-0.825
1.945,-0.743
-0.06,-0.781
2.782,-2.209
-2.333,-3.305
2.952,0.276
-2.556,-3.536
1.929,0.681
-0.033,-0.042
-0.117,2.507
-0.168,2.514
-0.114,1.058
-0.189,-0.217
-0.128,0.532
-0.271,2.387
-0.342,-0.352
-0.363,2.733
-0.34,0.452
-0.402,0.243
-0.366,1.843
-0.453,-0.9
-0.407,1.112
-0.431,0.052
-0.422,2.165
-0.56,-0.463
-0.662,0.754
-0.701,1.741
-0.68,-0.93
-0.728,1.638
-0.75,1.954
-0.819,-0.921
-0.842,1.045
-0.882,0.416
-0.885,1.05
-0.89,1.994
-0.887,0.293
-0.957,-0.827
-0.979,0.321
-1.15,0.728
-1.2,1.007
-1.245,2.099
-1.343,1.709
-1.355,1.888
-1.454,0.95
-1.426,0.278
-1.445,1.059
-1.436,0.963
-1.517,2.697
-1.558,1.393
-1.571,0.559
-1.612,0.916
-1.73,-0.251
-1.674,0.206
-1.677,-1.14
-1.75,1.547
-1.804,0.58
-1.866,1.141
-1.794,1.03
-1.803,-1.13
-1.863,2.343
-1.983,1.653
-2.041,1.423
-2.072,-0.369
-2.171,2.478
-2.358,1.193
-2.555,-0.198
-2.581,0.034
-2.625,1.507
-2.637,1.319
-2.61,1.887
-2.63,0.728
-2.775,1.573
-2.782,1.29
-2.863,2.544
-2.93,1.057
-2.99,-0.601
-2.932,1.106
-3.113,-0.016
3.03,-0.075
2.888,-1.059
2.892,1.803
2.875,0.825
2.844,-0.451
2.832,1.5
2.747,0.968
2.719,-0.422
2.685,1.665
2.728,1.394
2.69,1.303
2.618,1.267
2.69,-1.103
2.692,-1.025
2.606,1.415
2.584,-1.05
2.574,0.493
2.582,1.145
2.56,1.645
2.487,1.609
2.524,1.526
2.086,-1.263
1.599,-1.542
-0.057,-1.211
-0.426,-1.32
-0.788,-1.323
-0.973,-1.384
-1.155,-1.369
-1.396,-1.257
-1.591,-1.449
-2.208,-1.287
-2.464,-1.488
3.097,-1.562
3.018,-1.47
2.862,-1.419
2.735,-1.529
2.641,-1.257
2.417,3.14
2.256,3.07
2.21,2.889
2.188,2.938
2.273,3.008
2.027,2.993
1.285,3.075
0.742,3.089
0.749,3.1
0.697,2.946
0.493,2.926
0.557,3.048
-0.325,2.909
-0.377,2.872
-0.419,2.856
-0.529,2.929
-0.893,3.035
-1.526,3.112
-1.868,2.838
-2.063,2.921
-2.121,3.229
-2.325,3.339
-2.631,2.913
-2.86,3.319
-3.041,2.936
2.502,3.081
2.446,3.145
2.425,1.563
2.377,0.2
2.323,-0.523
2.375,0.312
2.234,-0.514
2.04,1.479
1.914,2.769
1.8,2.741
0.236,2.581
-0.335,0.08
-2.145,2.169
-2.728,2.218
2.555,1.266
2.406,2.715
2.353,-1.038
2.343,1.68
2.447,-1.19
2.344,-0.724
2.432,1.298
2.251,-1.193
2.381,2.628
2.242,-0.398
2.246,0.227
2.333,0.297
2.29,2.44
2.164,1.548
2.05,1.822
2.093,2.167
1.884,0.409
1.802,1.765
1.875,2.382
1.83,2.386
1.818,0.818
1.714,2.461
1.677,1.723
1.783,0.262
1.61,0.118
1.463,2.777
1.598,-1.131
1.366,1.872
1.467,-1.093
1.279,2.078
1.388,-0.328
1.343,0.175
1.163,1.425
1.178,2.105
1.161,2.565
0.864,1.483
0.827,-0.896
0.819,0.377
0.71,0.261
0.635,0.549
0.741,2.671
0.748,2.052
0.668,-1.151
0.499,1.528
0.485,2.797
0.388,2.648
0.37,2.669
0.501,2.664
0.392,-0.698
0.438,0.399
0.389,1.522
0.22,2.757
0.226,-0.052
0.352,1.54
0.271,1.196
0.271,-0.471
0.241,2.572
-0.024,0.51
-0.094,0.428
-0.292,-0.651
-0.319,2.659
-0.214,1.076
-0.223,1.932
-0.389,-1.026
-0.478,0.772
-0.51,1.367
-0.415,2.731
-0.55,0.62
-0.457,2.695
-0.443,1.463
-0.642,-1.112
-0.664,0.407
-0.563,1.889
-0.634,0.867
-0.645,-0.828
-0.65,2.646
-0.822,-0.862
-0.75,1.2
-0.791,-0.406
-0.92,-0.66
-0.83,0.721
-0.939,-0.986
-0.811,0.002
-0.886,0.016
-0.914,-1.094
-1.063,-0.43
-1.073,-0.835
-0.952,0.32
-0.917,2.766
-1.076,2.346
-0.967,-0.664
-1.06,0.444
-1.108,0.681
-1.22,-0.97
-1.286,0.586
-1.207,1.121
-1.219,-0.036
-1.442,-1.077
-1.429,1.605
-1.339,2.346
-1.367,0.606
-1.508,-0.665
-1.601,2.195
-1.495,0.861
-1.614,1.706
-1.601,1.742
-1.855,-0.443
-1.794,1.203
-2.084,2.832
-2.226,0.098
-2.109,0.002
-2.252,2.669
-2.562,1.485
-2.687,0.72
-2.821,-0.659
-2.851,1.95
-2.758,2.432
-2.937,1.006
-2.841,2.648
-3.011,1.84
3.088,-0.799
2.855,1.248
2.704,2.75
2.668,-0.806
2.649,2.766
2.722,1.978
2.566,-0.873
2.668,2.552
2.505,-1.35
2.472,-1.473
2.441,-1.405
2.372,-1.46
1.608,-1.47
1.283,-1.428
0.525,-1.355
-0.687,-1.36
-2.41,-1.265
2.685,-1.239
2.184,3.139
2.132,3.255
2.073,2.957
1.807,2.994
1.702,3.214
1.705,2.891
1.597,2.958
1.348,3.113
1.315,3.212
-0.158,3.101
-0.343,3.164
-0.539,3.159
-1.298,2.901
-1.617,3.162
-1.607,2.956
-2.238,3.136
-3.087,2.801
2.641,3.219
2.398,0.329
-1.175,1.798
-2.931,2.437
2.403,2.032
2.485,-0.65
2.421,1.327
2.299,1.331
2.191,-0.365
-0.185,2.393
-0.207,0.455
-1.084,0.421
-1.82,1.311
-2.137,1.295
-3.05,-0.2
-3.033,1.998
3.055,1.357
3.05,1.786
2.951,2.433
2.941,1.617
2.937,0.816
2.816,-0.24
2.532,1.291
2.178,1.473
1.902,1.555
-0.103,1.517
2.739,0.089
-2.376,-1.007
2.909,2.574
-2.599,-1.238
1.886,2.979
-0.084,2.549
-0.135,2.556
-0.081,1.1
-0.156,-0.175
-0.095,0.574
-0.238,2.429
-0.309,-0.31
-0.33,2.775
-0.307,0.494
-0.369,0.285
-0.333,1.885
-0.42,-0.858
-0.374,1.154
-0.398,0.094
-0.389,2.207
-0.527,-0.421
-0.629,0.796
-0.668,1.783
-0.647,-0.888
-0.695,1.68
-0.717,1.996
-0.786,-0.879
-0.809,1.087
-0.849,0.458
-0.852,1.092
-0.857,2.036
-0.854,0.335
-0.924,-0.785
-0.946,0.363
-1.117,0.77
-1.167,1.049
-1.212,2.141
-1.31,1.751
-1.322,1.93
-1.421,0.992
-1.393,0.32
-1.412,1.101
-1.403,1.005
-1.484,2.739
-1.525,1.435
-1.538,0.601
-1.579,0.958
-1.697,-0.209
-1.641,0.248
-1.644,-1.098
-1.717,1.589
-1.771,0.622
-1.833,1.183
-1.761,1.072
-1.77,-1.088
-1.83,2.385
-1.95,1.695
-2.008,1.465
-2.039,-0.327
-2.138,2.52
-2.325,1.235
-2.522,-0.156
-2.548,0.076
-2.592,1.549
-2.604,1.361
-2.577,1.929
-2.597,0.77
-2.742,1.615
-2.749,1.332
-2.83,2.586
-2.897,1.099
-2.957,-0.559
-2.899,1.148
-3.08,0.026
3.063,-0.033
2.921,-1.017
2.925,1.845
2.908,0.867
2.877,-0.409
2.865,1.542
2.78,1.01
2.752,-0.38
2.718,1.707
2.761,1.436
2.723,1.345
2.651,1.309
2.723,-1.061
2.725,-0.983
2.639,1.457
2.617,-1.008
2.607,0.535
2.615,1.187
2.593,1.687
2.52,1.651
2.557,1.568
2.119,-1.221
1.632,-1.5
-0.024,-1.169
-0.393,-1.278
-0.755,-1.281
-0.94,-1.342
-1.122,-1.327
-1.363,-1.215
-1.558,-1.407
-2.175,-1.245
-2.431,-1.446
3.13,-1.52
3.051,-1.428
2.895,-1.377
2.768,-1.487
2.674,-1.215
2.45,3.182
2.289,3.112
2.243,2.931
2.221,2.98
2.306,3.05
2.06,3.035
1.318,3.117
0.775,3.131
0.782,3.142
0.73,2.988
0.526,2.968
0.59,3.09
-0.292,2.951
-0.344,2.914
-0.386,2.898
-0.496,2.971
-0.86,3.077
-1.493,3.154
-1.835,2.88
-2.03,2.963
-2.088,3.271
-2.292,3.381
-2.598,2.955
-2.827,3.361
-3.008,2.978
2.535,3.123
2.479,3.187
2.458,1.605
2.41,0.242
2.356,-0.481
2.408,0.354
2.267,-0.472
2.073,1.521
1.947,2.811
1.833,2.783
0.269,2.623
-0.302,0.122
-2.112,2.211
-2.695,2.26
2.588,1.308
2.439,2.757
2.386,-0.996
2.376,1.722
2.48,-1.148
2.377,-0.682
2.465,1.34
2.284,-1.151
2.414,2.67
2.275,-0.356
2.279,0.269
2.366,0.339
2.323,2.482
2.197,1.59
2.083,1.864
2.126,2.209
1.917,0.451
1.835,1.807
1.908,2.424
1.863,2.428
1.851,0.86
1.747,2.503
1.71,1.765
1.816,0.304
1.643,0.16
1.496,2.819
1.631,-1.089
1.399,1.914
1.5,-1.051
1.312,2.12
1.421,-0.286
1.376,0.217
1.196,1.467
1.211,2.147
1.194,2.607
0.897,1.525
0.86,-0.854
0.852,0.419
0.743,0.303
0.668,0.591
0.774,2.713
0.781,2.094
0.701,-1.109
0.532,1.57
0.518,2.839
0.421,2.69
0.403,2.711
0.534,2.706
0.425,-0.656
0.471,0.441
0.422,1.564
0.253,2.799
0.259,-0.01
0.385,1.582
0.304,1.238
0.304,-0.429
0.274,2.614
0.009,0.552
-0.061,0.47
-0.259,-0.609
-0.286,2.701
-0.181,1.118
-0.19,1.974
-0.356,-0.984
-0.445,0.814
-0.477,1.409
-0.382,2.773
-0.517,0.662
-0.424,2.737
-0.41,1.505
-0.609,-1.07
-0.631,0.449
-0.53,1.931
-0.601,0.909
-0.612,-0.786
-0.617,2.688
-0.789,-0.82
-0.717,1.242
-0.758,-0.364
-0.887,-0.618
-0.797,0.763
-0.906,-0.944
-0.778,0.044
-0.853,0.058
-0.881,-1.052
-1.03,-0.388
-1.04,-0.793
-0.919,0.362
-0.884,2.808
-1.043,2.388
-0.934,-0.622
-1.027,0.486
-1.075,0.723
-1.187,-0.928
-1.253,0.628
-1.174,1.163
-1.186,0.006
-1.409,-1.035
-1.396,1.647
-1.306,2.388
-1.334,0.648
-1.475,-0.623
-1.568,2.237
-1.462,0.903
-1.581,1.748
-1.568,1.784
-1.822,-0.401
-1.761,1.245
-2.051,2.874
-2.193,0.14
-2.076,0.044
-2.219,2.711
-2.529,1.527
-2.654,0.762
-2.788,-0.617
-2.818,1.992
-2.725,2.474
-2.904,1.048
-2.808,2.69
-2.978,1.882
3.121,-0.757
2.888,1.29
2.737,2.792
2.701,-0.764
2.682,2.808
2.755,2.02
2.599,-0.831
2.701,2.594
2.538,-1.308
2.505,-1.431
2.474,-1.363
2.405,-1.418
1.641,-1.428
1.316,-1.386
0.558,-1.313
-0.654,-1.318
-2.377,-1.223
2.718,-1.197
2.217,3.181
2.165,3.297
2.106,2.999
1.84,3.036
1.735,3.256
1.738,2.933
1.63,3.0
1.381,3.155
1.348,3.254
-0.125,3.143
-0.31,3.206
-0.506,3.201
-1.265,2.943
-1.584,3.204
-1.574,2.998
-2.205,3.178
-3.054,2.843
2.674,3.261
2.431,0.371
-1.142,1.84
-2.898,2.479
2.436,2.074
2.518,-0.608
2.454,1.369
2.332,1.373
2.224,-0.323
-0.152,2.435
-0.174,0.497
-1.051,0.463
-1.787,1.353
-2.104,1.337
-3.017,-0.158
-3.0,2.04
3.088,1.399
3.083,1.828
2.984,2.475
2.974,1.659
2.97,0.858
2.849,-0.198
2.565,1.333
2.211,1.515
1.935,1.597
-0.07,1.559
2.772,0.131
-2.343,-0.965
2.942,2.616
-2.566,-1.196
1.919,3.021
-0.051,0.007
0.003,-1.449
-0.072,-2.724
-0.011,-1.975
-0.154,-0.12
-0.225,-2.859
-0.246,0.226
-0.223,-2.055
-0.285,-2.264
-0.249,-0.664
-0.336,-3.407
-0.29,-1.395
-0.314,-2.455
-0.305,-0.342
-0.443,-2.97
-0.545,-1.753
-0.584,-0.766
-0.563,-3.437
-0.611,-0.869
-0.633,-0.553
-0.702,-3.428
-0.725,-1.462
-0.765,-2.091
-0.768,-1.457
-0.773,-0.513
-0.77,-2.214
-0.84,-3.334
-0.862,-2.186
-1.033,-1.779
-1.083,-1.5
-1.128,-0.408
-1.226,-0.798
-1.238,-0.619
-1.337,-1.557
-1.309,-2.229
-1.328,-1.448
-1.319,-1.544
-1.4,0.19
-1.441,-1.114
-1.454,-1.948
-1.495,-1.591
-1.613,-2.758
-1.557,-2.301
-1.56,-3.647
-1.633,-0.96
-1.687,-1.927
-1.749,-1.366
-1.677,-1.477
-1.686,-3.637
-1.746,-0.164
-1.866,-0.854
-1.924,-1.084
-1.955,-2.876
-2.054,-0.029
-2.241,-1.314
-2.438,-2.705
-2.464,-2.473
-2.508,-1.0
-2.52,-1.188
-2.493,-0.62
-2.513,-1.779
-2.658,-0.934
-2.665,-1.217
-2.746,0.037
-2.813,-1.45
-2.873,-3.108
-2.815,-1.401
-2.996,-2.523
-3.136,-2.582
3.005,-3.566
3.009,-0.704
2.992,-1.682
2.961,-2.958
2.949,-1.007
2.864,-1.539
2.836,-2.929
2.802,-0.842
2.845,-1.113
2.807,-1.204
2.735,-1.24
2.807,-3.61
2.809,-3.532
2.723,-1.092
2.701,-3.557
2.691,-2.014
2.699,-1.362
2.677,-0.862
2.604,-0.898
2.641,-0.981
2.203,-3.77
1.716,-4.049
0.06,-3.718
-0.309,-3.827
-0.671,-3.83
-0.856,-3.891
-1.038,-3.876
-1.279,-3.764
-1.474,-3.956
-2.091,-3.794
-2.347,-3.995
-3.069,-4.069
3.135,-3.977
2.979,-3.926
2.852,-4.036
2.758,-3.764
2.534,0.633
2.373,0.563
2.327,0.382
2.305,0.431
2.39,0.501
2.144,0.486
1.402,0.568
0.859,0.582
0.866,0.593
0.814,0.439
0.61,0.419
0.674,0.541
-0.208,0.402
-0.26,0.365
-0.302,0.349
-0.412,0.422
-0.776,0.528
-1.409,0.605
-1.751,0.331
-1.946,0.414
-2.004,0.722
-2.208,0.832
-2.514,0.406
-2.743,0.812
-2.924,0.429
2.619,0.574
2.563,0.638
2.542,-0.944
2.494,-2.307
2.44,-3.03
2.492,-2.195
2.351,-3.021
2.157,-1.028
2.031,0.262
1.917,0.234
0.353,0.074
-0.218,-2.427
-2.028,-0.338
-2.611,-0.289
2.672,-1.241
2.523,0.208
2.47,-3.545
2.46,-0.827
2.564,-3.697
2.461,-3.231
2.549,-1.209
2.368,-3.7
2.498,0.121
2.359,-2.905
2.363,-2.28
2.45,-2.21
2.407,-0.067
2.281,-0.959
2.167,-0.685
2.21,-0.34
2.001,-2.098
1.919,-0.742
1.992,-0.125
1.947,-0.121
1.935,-1.689
1.831,-0.046
1.794,-0.784
1.9,-2.245
1.727,-2.389
1.58,0.27
1.715,-3.638
1.483,-0.635
1.584,-3.6
1.396,-0.429
1.505,-2.835
1.46,-2.332
1.28,-1.082
1.295,-0.402
1.278,0.058
0.981,-1.024
0.944,-3.403
0.936,-2.13
0.827,-2.246
0.752,-1.958
0.858,0.164
0.865,-0.455
0.785,-3.658
0.616,-0.979
0.602,0.29
0.505,0.141
0.487,0.162
0.618,0.157
0.509,-3.205
0.555,-2.108
0.506,-0.985
0.337,0.25
0.343,-2.559
0.469,-0.967
0.388,-1.311
0.388,-2.978
0.358,0.065
0.093,-1.997
0.023,-2.079
-0.175,-3.158
-0.202,0.152
-0.097,-1.431
-0.106,-0.575
-0.272,-3.533
-0.361,-1.735
-0.393,-1.14
-0.298,0.224
-0.433,-1.887
-0.34,0.188
-0.326,-1.044
-0.525,-3.619
-0.547,-2.1
-0.446,-0.618
-0.517,-1.64
-0.528,-3.335
-0.533,0.139
-0.705,-3.369
-0.633,-1.307
-0.674,-2.913
-0.803,-3.167
-0.713,-1.786
-0.822,-3.493
-0.694,-2.505
-0.769,-2.491
-0.797,-3.601
-0.946,-2.937
-0.956,-3.342
-0.835,-2.187
-0.8,0.259
-0.959,-0.161
-0.85,-3.171
-0.943,-2.063
-0.991,-1.826
-1.103,-3.477
-1.169,-1.921
-1.09,-1.386
-1.102,-2.543
-1.325,-3.584
-1.312,-0.902
-1.222,-0.161
-1.25,-1.901
-1.391,-3.172
-1.484,-0.312
-1.378,-1.646
-1.497,-0.801
-1.484,-0.765
-1.738,-2.95
-1.677,-1.304
-1.967,0.325
-2.109,-2.409
-1.992,-2.505
-2.135,0.162
-2.445,-1.022
-2.57,-1.787
-2.704,-3.166
-2.734,-0.557
-2.641,-0.075
-2.82,-1.501
-2.724,0.141
-2.894,-0.667
-3.078,-3.306
2.972,-1.259
2.821,0.243
2.785,-3.313
2.766,0.259
2.839,-0.529
2.683,-3.38
2.785,0.045
2.622,-3.857
2.589,-3.98
2.558,-3.912
2.489,-3.967
1.725,-3.977
1.4,-3.935
0.642,-3.862
-0.57,-3.867
-2.293,-3.772
2.802,-3.746
2.301,0.632
2.249,0.748
2.19,0.45
1.924,0.487
1.819,0.707
1.822,0.384
1.714,0.451
1.465,0.606
1.432,0.705
-0.041,0.594
-0.226,0.657
-0.422,0.652
-1.181,0.394
-1.5,0.655
-1.49,0.449
-2.121,0.629
-2.97,0.294
2.758,0.712
2.515,-2.178
-1.058,-0.709
-2.814,-0.07
2.52,-0.475
2.602,-3.157
2.538,-1.18
2.416,-1.176
2.308,-2.872
-0.068,-0.114
-0.09,-2.052
-0.967,-2.086
-1.703,-1.196
-2.02,-1.212
-2.933,-2.707
-2.916,-0.509
-3.111,-1.15
-3.116,-0.721
3.068,-0.074
3.058,-0.89
3.054,-1.691
2.933,-2.747
2.649,-1.216
2.295,-1.034
2.019,-0.952
0.014,-0.99
2.856,-2.418
-2.259,-3.514
3.026,0.067
-2.482,-3.745
2.003,0.472
0.054,-1.456
-0.021,-2.731
0.04,-1.982
-0.103,-0.127
-0.174,-2.866
-0.195,0.219
-0.172,-2.062
-0.234,-2.271
-0.198,-0.671
-0.285,-3.414
-0.239,-1.402
-0.263,-2.462
-0.254,-0.349
-0.392,-2.977
-0.494,-1.76
-0.533,-0.773
-0.512,-3.444
-0.56,-0.876
-0.582,-0.56
-0.651,-3.435
-0.674,-1.469
-0.714,-2.098
-0.717,-1.464
-0.722,-0.52
-0.719,-2.221
-0.789,-3.341
-0.811,-2.193
-0.982,-1.786
-1.032,-1.507
-1.077,-0.415
-1.175,-0.805
-1.187,-0.626
-1.286,-1.564
-1.258,-2.236
-1.277,-1.455
-1.268,-1.551
-1.349,0.183
-1.39,-1.121
-1.403,-1.955
-1.444,-1.598
-1.562,-2.765
-1.506,-2.308
-1.509,-3.654
-1.582,-0.967
-1.636,-1.934
-1.698,-1.373
-1.626,-1.484
-1.635,-3.644
-1.695,-0.171
-1.815,-0.861
-1.873,-1.091
-1.904,-2.883
-2.003,-0.036
-2.19,-1.321
-2.387,-2.712
-2.413,-2.48
-2.457,-1.007
-2.469,-1.195
-2.442,-0.627
-2.462,-1.786
-2.607,-0.941
-2.614,-1.224
-2.695,0.03
-2.762,-1.457
-2.822,-3.115
-2.764,-1.408
-2.945,-2.53
-3.085,-2.589
3.056,-3.573
3.06,-0.711
3.043,-1.689
3.012,-2.965
3.0,-1.014
2.915,-1.546
2.887,-2.936
2.853,-0.849
2.896,-1.12
2.858,-1.211
2.786,-1.247
2.858,-3.617
2.86,-3.539
2.774,-1.099
2.752,-3.564
2.742,-2.021
2.75,-1.369
2.728,-0.869
2.655,-0.905
2.692,-0.988
2.254,-3.777
1.767,-4.056
0.111,-3.725
-0.258,-3.834
-0.62,-3.837
-0.805,-3.898
-0.987,-3.883
-1.228,-3.771
-1.423,-3.963
-2.04,-3.801
-2.296,-4.002
-3.018,-4.076
-3.097,-3.984
3.03,-3.933
2.903,-4.043
2.809,-3.771
2.585,0.626
2.424,0.556
2.378,0.375
2.356,0.424
2.441,0.494
2.195,0.479
1.453,0.561
0.91,0.575
0.917,0.586
0.865,0.432
0.661,0.412
0.725,0.534
-0.157,0.395
-0.209,0.358
-0.251,0.342
-0.361,0.415
-0.725,0.521
-1.358,0.598
-1.7,0.324
-1.895,0.407
-1.953,0.715
-2.157,0.825
-2.463,0.399
-2.692,0.805
-2.873,0.422
2.67,0.567
2.614,0.631
2.593,-0.951
2.545,-2.314
2.491,-3.037
2.543,-2.202
2.402,-3.028
2.208,-1.035
2.082,0.255
1.968,0.227
0.404,0.067
-0.167,-2.434
-1.977,-0.345
-2.56,-0.296
2.723,-1.248
2.574,0.201
2.521,-3.552
2.511,-0.834
2.615,-3.704
2.512,-3.238
2.6,-1.216
2.419,-3.707
2.549,0.114
2.41,-2.912
2.414,-2.287
2.501,-2.217
2.458,-0.074
2.332,-0.966
2.218,-0.692
2.261,-0.347
2.052,-2.105
1.97,-0.749
2.043,-0.132
1.998,-0.128
1.986,-1.696
1.882,-0.053
1.845,-0.791
1.951,-2.252
1.778,-2.396
1.631,0.263
1.766,-3.645
1.534,-0.642
1.635,-3.607
1.447,-0.436
1.556,-2.842
1.511,-2.339
1.331,-1.089
1.346,-0.409
1.329,0.051
1.032,-1.031
0.995,-3.41
0.987,-2.137
0.878,-2.253
0.803,-1.965
0.909,0.157
0.916,-0.462
0.836,-3.665
0.667,-0.986
0.653,0.283
0.556,0.134
0.538,0.155
0.669,0.15
0.56,-3.212
0.606,-2.115
0.557,-0.992
0.388,0.243
0.394,-2.566
0.52,-0.974
0.439,-1.318
0.439,-2.985
0.409,0.058
0.144,-2.004
0.074,-2.086
-0.124,-3.165
-0.151,0.145
-0.046,-1.438
-0.055,-0.582
-0.221,-3.54
-0.31,-1.742
-0.342,-1.147
-0.247,0.217
-0.382,-1.894
-0.289,0.181
-0.275,-1.051
-0.474,-3.626
-0.496,-2.107
-0.395,-0.625
-0.466,-1.647
-0.477,-3.342
-0.482,0.132
-0.654,-3.376
-0.582,-1.314
-0.623,-2.92
-0.752,-3.174
-0.662,-1.793
-0.771,-3.5
-0.643,-2.512
-0.718,-2.498
-0.746,-3.608
-0.895,-2.944
-0.905,-3.349
-0.784,-2.194
-0.749,0.252
-0.908,-0.168
-0.799,-3.178
-0.892,-2.07
-0.94,-1.833
-1.052,-3.484
-1.118,-1.928
-1.039,-1.393
-1.051,-2.55
-1.274,-3.591
-1.261,-0.909
-1.171,-0.168
-1.199,-1.908
-1.34,-3.179
-1.433,-0.319
-1.327,-1.653
-1.446,-0.808
-1.433,-0.772
-1.687,-2.957
-1.626,-1.311
-1.916,0.318
-2.058,-2.416
-1.941,-2.512
-2.084,0.155
-2.394,-1.029
-2.519,-1.794
-2.653,-3.173
-2.683,-0.564
-2.59,-0.082
-2.769,-1.508
-2.673,0.134
-2.843,-0.674
-3.027,-3.313
3.023,-1.266
2.872,0.236
2.836,-3.32
2.817,0.252
2.89,-0.536
2.734,-3.387
2.836,0.038
2.673,-3.864
2.64,-3.987
2.609,-3.919
2.54,-3.974
1.776,-3.984
1.451,-3.942
0.693,-3.869
-0.519,-3.874
-2.242,-3.779
2.853,-3.753
2.352,0.625
2.3,0.741
2.241,0.443
1.975,0.48
1.87,0.7
1.873,0.377
1.765,0.444
1.516,0.599
1.483,0.698
0.01,0.587
-0.175,0.65
-0.371,0.645
-1.13,0.387
-1.449,0.648
-1.439,0.442
-2.07,0.622
-2.919,0.287
2.809,0.705
2.566,-2.185
-1.007,-0.716
-2.763,-0.077
2.571,-0.482
2.653,-3.164
2.589,-1.187
2.467,-1.183
2.359,-2.879
-0.017,-0.121
-0.039,-2.059
-0.916,-2.093
-1.652,-1.203
-1.969,-1.219
-2.882,-2.714
-2.865,-0.516
-3.06,-1.157
-3.065,-0.728
3.119,-0.081
3.109,-0.897
3.105,-1.698
2.984,-2.754
2.7,-1.223
2.346,-1.041
2.07,-0.959
0.065,-0.997
2.907,-2.425
-2.208,-3.521
3.077,0.06
-2.431,-3.752
2.054,0.465
-0.075,-1.275
-0.014,-0.526
-0.157,1.329
-0.228,-1.41
-0.249,1.675
-0.226,-0.606
-0.288,-0.815
-0.252,0.785
-0.339,-1.958
-0.293,0.054
-0.317,-1.006
-0.308,1.107
-0.446,-1.521
-0.548,-0.304
-0.587,0.683
-0.566,-1.988
-0.614,0.58
-0.636,0.896
-0.705,-1.979
-0.728,-0.013
-0.768,-0.642
-0.771,-0.008
-0.776,0.936
-0.773,-0.765
-0.843,-1.885
-0.865,-0.737
-1.036,-0.33
-1.086,-0.051
-1.131,1.041
-1.229,0.651
-1.241,0.83
-1.34,-0.108
-1.312,-0.78
-1.331,0.001
-1.322,-0.095
-1.403,1.639
-1.444,0.335
-1.457,-0.499
-1.498,-0.142
-1.616,-1.309
-1.56,-0.852
-1.563,-2.198
-1.636,0.489
-1.69,-0.478
-1.752,0.083
-1.68,-0.028
-1.689,-2.188
-1.749,1.285
-1.869,0.595
-1.927,0.365
-1.958,-1.427
-2.057,1.42
-2.244,0.135
-2.441,-1.256
-2.467,-1.024
-2.511,0.449
-2.523,0.261
-2.496,0.829
-2.516,-0.33
-2.661,0.515
-2.668,0.232
-2.749,1.486
-2.816,-0.001
-2.876,-1.659
-2.818,0.048
-2.999,-1.074
-3.139,-1.133
3.002,-2.117
3.006,0.745
2.989,-0.233
2.958,-1.509
2.946,0.442
2.861,-0.09
2.833,-1.48
2.799,0.607
2.842,0.336
2.804,0.245
2.732,0.209
2.804,-2.161
2.806,-2.083
2.72,0.357
2.698,-2.108
2.688,-0.565
2.696,0.087
2.674,0.587
2.601,0.551
2.638,0.468
2.2,-2.321
1.713,-2.6
0.057,-2.269
-0.312,-2.378
-0.674,-2.381
-0.859,-2.442
-1.041,-2.427
-1.282,-2.315
-1.477,-2.507
-2.094,-2.345
-2.35,-2.546
-3.072,-2.62
3.132,-2.528
2.976,-2.477
2.849,-2.587
2.755,-2.315
2.531,2.082
2.37,2.012
2.324,1.831
2.302,1.88
2.387,1.95
2.141,1.935
1.399,2.017
0.856,2.031
0.863,2.042
0.811,1.888
0.607,1.868
0.671,1.99
-0.211,1.851
-0.263,1.814
-0.305,1.798
-0.415,1.871
-0.779,1.977
-1.412,2.054
-1.754,1.78
-1.949,1.863
-2.007,2.171
-2.211,2.281
-2.517,1.855
-2.746,2.261
-2.927,1.878
2.616,2.023
2.56,2.087
2.539,0.505
2.491,-0.858
2.437,-1.581
2.489,-0.746
2.348,-1.572
2.154,0.421
2.028,1.711
1.914,1.683
0.35,1.523
-0.221,-0.978
-2.031,1.111
-2.614,1.16
2.669,0.208
2.52,1.657
2.467,-2.096
2.457,0.622
2.561,-2.248
2.458,-1.782
2.546,0.24
2.365,-2.251
2.495,1.57
2.356,-1.456
2.36,-0.831
2.447,-0.761
2.404,1.382
2.278,0.49
2.164,0.764
2.207,1.109
1.998,-0.649
1.916,0.707
1.989,1.324
1.944,1.328
1.932,-0.24
1.828,1.403
1.791,0.665
1.897,-0.796
1.724,-0.94
1.577,1.719
1.712,-2.189
1.48,0.814
1.581,-2.151
1.393,1.02
1.502,-1.386
1.457,-0.883
1.277,0.367
1.292,1.047
1.275,1.507
0.978,0.425
0.941,-1.954
0.933,-0.681
0.824,-0.797
0.749,-0.509
0.855,1.613
0.862,0.994
0.782,-2.209
0.613,0.47
0.599,1.739
0.502,1.59
0.484,1.611
0.615,1.606
0.506,-1.756
0.552,-0.659
0.503,0.464
0.334,1.699
0.34,-1.11
0.466,0.482
0.385,0.138
0.385,-1.529
0.355,1.514
0.09,-0.548
0.02,-0.63
-0.178,-1.709
-0.205,1.601
-0.1,0.018
-0.109,0.874
-0.275,-2.084
-0.364,-0.286
-0.396,0.309
-0.301,1.673
-0.436,-0.438
-0.343,1.637
-0.329,0.405
-0.528,-2.17
-0.55,-0.651
-0.449,0.831
-0.52,-0.191
-0.531,-1.886
-0.536,1.588
-0.708,-1.92
-0.636,0.142
-0.677,-1.464
-0.806,-1.718
-0.716,-0.337
-0.825,-2.044
-0.697,-1.056
-0.772,-1.042
-0.8,-2.152
-0.949,-1.488
-0.959,-1.893
-0.838,-0.738
-0.803,1.708
-0.962,1.288
-0.853,-1.722
-0.946,-0.614
-0.994,-0.377
-1.106,-2.028
-1.172,-0.472
-1.093,0.063
-1.105,-1.094
-1.328,-2.135
-1.315,0.547
-1.225,1.288
-1.253,-0.452
-1.394,-1.723
-1.487,1.137
-1.381,-0.197
-1.5,0.648
-1.487,0.684
-1.741,-1.501
-1.68,0.145
-1.97,1.774
-2.112,-0.96
-1.995,-1.056
-2.138,1.611
-2.448,0.427
-2.573,-0.338
-2.707,-1.717
-2.737,0.892
-2.644,1.374
-2.823,-0.052
-2.727,1.59
-2.897,0.782
-3.081,-1.857
2.969,0.19
2.818,1.692
2.782,-1.864
2.763,1.708
2.836,0.92
2.68,-1.931
2.782,1.494
2.619,-2.408
2.586,-2.531
2.555,-2.463
2.486,-2.518
1.722,-2.528
1.397,-2.486
0.639,-2.413
-0.573,-2.418
-2.296,-2.323
2.799,-2.297
2.298,2.081
2.246,2.197
2.187,1.899
1.921,1.936
1.816,2.156
1.819,1.833
1.711,1.9
1.462,2.055
1.429,2.154
-0.044,2.043
-0.229,2.106
-0.425,2.101
-1.184,1.843
-1.503,2.104
-1.493,1.898
-2.124,2.078
-2.973,1.743
2.755,2.161
2.512,-0.729
-1.061,0.74
-2.817,1.379
2.517,0.974
2.599,-1.708
2.535,0.269
2.413,0.273
2.305,-1.423
-0.071,1.335
-0.093,-0.603
-0.97,-0.637
-1.706,0.253
-2.023,0.237
-2.936,-1.258
-2.919,0.94
-3.114,0.299
-3.119,0.728
3.065,1.375
3.055,0.559
3.051,-0.242
2.93,-1.298
2.646,0.233
2.292,0.415
2.016,0.497
0.011,0.459
2.853,-0.969
-2.262,-2.065
3.023,1.516
-2.485,-2.296
2.0,1.921
0.061,0.749
-0.082,2.604
-0.153,-0.135
-0.174,2.95
-0.151,0.669
-0.213,0.46
-0.177,2.06
-0.264,-0.683
-0.218,1.329
-0.242,0.269
-0.233,2.382
-0.371,-0.246
-0.473,0.971
-0.512,1.958
-0.491,-0.713
-0.539,1.855
-0.561,2.171
-0.63,-0.704
-0.653,1.262
-0.693,0.633
-0.696,1.267
-0.701,2.211
-0.698,0.51
-0.768,-0.61
-0.79,0.538
-0.961,0.945
-1.011,1.224
-1.056,2.316
-1.154,1.926
-1.166,2.105
-1.265,1.167
-1.237,0.495
-1.256,1.276
-1.247,1.18
-1.328,2.914
-1.369,1.61
-1.382,0.776
-1.423,1.133
-1.541,-0.034
-1.485,0.423
-1.488,-0.923
-1.561,1.764
-1.615,0.797
-1.677,1.358
-1.605,1.247
-1.614,-0.913
-1.674,2.56
-1.794,1.87
-1.852,1.64
-1.883,-0.152
-1.982,2.695
-2.169,1.41
-2.366,0.019
-2.392,0.251
-2.436,1.724
-2.448,1.536
-2.421,2.104
-2.441,0.945
-2.586,1.79
-2.593,1.507
-2.674,2.761
-2.741,1.274
-2.801,-0.384
-2.743,1.323
-2.924,0.201
-3.064,0.142
3.077,-0.842
3.081,2.02
3.064,1.042
3.033,-0.234
3.021,1.717
2.936,1.185
2.908,-0.205
2.874,1.882
2.917,1.611
2.879,1.52
2.807,1.484
2.879,-0.886
2.881,-0.808
2.795,1.632
2.773,-0.833
2.763,0.71
2.771,1.362
2.749,1.862
2.676,1.826
2.713,1.743
2.275,-1.046
1.788,-1.325
0.132,-0.994
-0.237,-1.103
-0.599,-1.106
-0.784,-1.167
-0.966,-1.152
-1.207,-1.04
-1.402,-1.232
-2.019,-1.07
-2.275,-1.271
-2.997,-1.345
-3.076,-1.253
3.051,-1.202
2.924,-1.312
2.83,-1.04
2.606,3.357
2.445,3.287
2.399,3.106
2.377,3.155
2.462,3.225
2.216,3.21
1.474,3.292
0.931,3.306
0.938,3.317
0.886,3.163
0.682,3.143
0.746,3.265
-0.136,3.126
-0.188,3.089
-0.23,3.073
-0.34,3.146
-0.704,3.252
-1.337,3.329
-1.679,3.055
-1.874,3.138
-1.932,3.446
-2.136,3.556
-2.442,3.13
-2.671,3.536
-2.852,3.153
2.691,3.298
2.635,3.362
2.614,1.78
2.566,0.417
2.512,-0.306
2.564,0.529
2.423,-0.297
2.229,1.696
2.103,2.986
1.989,2.958
0.425,2.798
-0.146,0.297
-1.956,2.386
-2.539,2.435
2.744,1.483
2.595,2.932
2.542,-0.821
2.532,1.897
2.636,-0.973
2.533,-0.507
2.621,1.515
2.44,-0.976
2.57,2.845
2.431,-0.181
2.435,0.444
2.522,0.514
2.479,2.657
2.353,1.765
2.239,2.039
2.282,2.384
2.073,0.626
1.991,1.982
2.064,2.599
2.019,2.603
2.007,1.035
1.903,2.678
1.866,1.94
1.972,0.479
1.799,0.335
1.652,2.994
1.787,-0.914
1.555,2.089
1.656,-0.876
1.468,2.295
1.577,-0.111
1.532,0.392
1.352,1.642
1.367,2.322
1.35,2.782
1.053,1.7
1.016,-0.679
1.008,0.594
0.899,0.478
0.824,0.766
0.93,2.888
0.937,2.269
0.857,-0.934
0.688,1.745
0.674,3.014
0.577,2.865
0.559,2.886
0.69,2.881
0.581,-0.481
0.627,0.616
0.578,1.739
0.409,2.974
0.415,0.165
0.541,1.757
0.46,1.413
0.46,-0.254
0.43,2.789
0.165,0.727
0.095,0.645
-0.103,-0.434
-0.13,2.876
-0.025,1.293
-0.034,2.149
-0.2,-0.809
-0.289,0.989
-0.321,1.584
-0.226,2.948
-0.361,0.837
-0.268,2.912
-0.254,1.68
-0.453,-0.895
-0.475,0.624
-0.374,2.106
-0.445,1.084
-0.456,-0.611
-0.461,2.863
-0.633,-0.645
-0.561,1.417
-0.602,-0.189
-0.731,-0.443
-0.641,0.938
-0.75,-0.769
-0.622,0.219
-0.697,0.233
-0.725,-0.877
-0.874,-0.213
-0.884,-0.618
-0.763,0.537
-0.728,2.983
-0.887,2.563
-0.778,-0.447
-0.871,0.661
-0.919,0.898
-1.031,-0.753
-1.097,0.803
-1.018,1.338
-1.03,0.181
-1.253,-0.86
-1.24,1.822
-1.15,2.563
-1.178,0.823
-1.319,-0.448
-1.412,2.412
-1.306,1.078
-1.425,1.923
-1.412,1.959
-1.666,-0.226
-1.605,1.42
-1.895,3.049
-2.037,0.315
-1.92,0.219
-2.063,2.886
-2.373,1.702
-2.498,0.937
-2.632,-0.442
-2.662,2.167
-2.569,2.649
-2.748,1.223
-2.652,2.865
-2.822,2.057
-3.006,-0.582
3.044,1.465
2.893,2.967
2.857,-0.589
2.838,2.983
2.911,2.195
2.755,-0.656
2.857,2.769
2.694,-1.133
2.661,-1.256
2.63,-1.188
2.561,-1.243
1.797,-1.253
1.472,-1.211
0.714,-1.138
-0.498,-1.143
-2.221,-1.048
2.874,-1.022
2.373,3.356
2.321,3.472
2.262,3.174
1.996,3.211
1.891,3.431
1.894,3.108
1.786,3.175
1.537,3.33
1.504,3.429
0.031,3.318
-0.154,3.381
-0.35,3.376
-1.109,3.118
-1.428,3.379
-1.418,3.173
-2.049,3.353
-2.898,3.018
2.83,3.436
2.587,0.546
-0.986,2.015
-2.742,2.654
2.592,2.249
2.674,-0.433
2.61,1.544
2.488,1.548
2.38,-0.148
0.004,2.61
-0.018,0.672
-0.895,0.638
-1.631,1.528
-1.948,1.512
-2.861,0.017
-2.844,2.215
-3.039,1.574
-3.044,2.003
3.14,2.65
3.13,1.834
3.126,1.033
3.005,-0.023
2.721,1.508
2.367,1.69
2.091,1.772
0.086,1.734
2.928,0.306
-2.187,-0.79
3.098,2.791
-2.41,-1.021
2.075,3.196
-0.143,1.855
-0.214,-0.884
-0.235,2.201
-0.212,-0.08
-0.274,-0.289
-0.238,1.311
-0.325,-1.432
-0.279,0.58
-0.303,-0.48
-0.294,1.633
-0.432,-0.995
-0.534,0.222
-0.573,1.209
-0.552,-1.462
-0.6,1.106
-0.622,1.422
-0.691,-1.453
-0.714,0.513
-0.754,-0.116
-0.757,0.518
-0.762,1.462
-0.759,-0.239
-0.829,-1.359
-0.851,-0.211
-1.022,0.196
-1.072,0.475
-1.117,1.567
-1.215,1.177
-1.227,1.356
-1.326,0.418
-1.298,-0.254
-1.317,0.527
-1.308,0.431
-1.389,2.165
-1.43,0.861
-1.443,0.027
-1.484,0.384
-1.602,-0.783
-1.546,-0.326
-1.549,-1.672
-1.622,1.015
-1.676,0.048
-1.738,0.609
-1.666,0.498
-1.675,-1.662
-1.735,1.811
-1.855,1.121
-1.913,0.891
-1.944,-0.901
-2.043,1.946
-2.23,0.661
-2.427,-0.73
-2.453,-0.498
-2.497,0.975
-2.509,0.787
-2.482,1.355
-2.502,0.196
-2.647,1.041
-2.654,0.758
-2.735,2.012
-2.802,0.525
-2.862,-1.133
-2.804,0.574
-2.985,-0.548
-3.125,-0.607
3.016,-1.591
3.02,1.271
3.003,0.293
2.972,-0.983
2.96,0.968
2.875,0.436
2.847,-0.954
2.813,1.133
2.856,0.862
2.818,0.771
2.746,0.735
2.818,-1.635
2.82,-1.557
2.734,0.883
2.712,-1.582
2.702,-0.039
2.71,0.613
2.688,1.113
2.615,1.077
2.652,0.994
2.214,-1.795
1.727,-2.074
0.071,-1.743
-0.298,-1.852
-0.66,-1.855
-0.845,-1.916
-1.027,-1.901
-1.268,-1.789
-1.463,-1.981
-2.08,-1.819
-2.336,-2.02
-3.058,-2.094
-3.137,-2.002
2.99,-1.951
2.863,-2.061
2.769,-1.789
2.545,2.608
2.384,2.538
2.338,2.357
2.316,2.406
2.401,2.476
2.155,2.461
1.413,2.543
0.87,2.557
0.877,2.568
0.825,2.414
0.621,2.394
0.685,2.516
-0.197,2.377
-0.249,2.34
-0.291,2.324
-0.401,2.397
-0.765,2.503
-1.398,2.58
-1.74,2.306
-1.935,2.389
-1.993,2.697
-2.197,2.807
-2.503,2.381
-2.732,2.787
-2.913,2.404
2.63,2.549
2.574,2.613
2.553,1.031
2.505,-0.332
2.451,-1.055
2.503,-0.22
2.362,-1.046
2.168,0.947
2.042,2.237
1.928,2.209
0.364,2.049
-0.207,-0.452
-2.017,1.637
-2.6,1.686
2.683,0.734
2.534,2.183
2.481,-1.57
2.471,1.148
2.575,-1.722
2.472,-1.256
2.56,0.766
2.379,-1.725
2.509,2.096
2.37,-0.93
2.374,-0.305
2.461,-0.235
2.418,1.908
2.292,1.016
2.178,1.29
2.221,1.635
2.012,-0.123
1.93,1.233
2.003,1.85
1.958,1.854
1.946,0.286
1.842,1.929
1.805,1.191
1.911,-0.27
1.738,-0.414
1.591,2.245
1.726,-1.663
1.494,1.34
1.595,-1.625
1.407,1.546
1.516,-0.86
1.471,-0.357
1.291,0.893
1.306,1.573
1.289,2.033
0.992,0.951
0.955,-1.428
0.947,-0.155
0.838,-0.271
0.763,0.017
0.869,2.139
0.876,1.52
0.796,-1.683
0.627,0.996
0.613,2.265
0.516,2.116
0.498,2.137
0.629,2.132
0.52,-1.23
0.566,-0.133
0.517,0.99
0.348,2.225
0.354,-0.584
0.48,1.008
0.399,0.664
0.399,-1.003
0.369,2.04
0.104,-0.022
0.034,-0.104
-0.164,-1.183
-0.191,2.127
-0.086,0.544
-0.095,1.4
-0.261,-1.558
-0.35,0.24
-0.382,0.835
-0.287,2.199
-0.422,0.088
-0.329,2.163
-0.315,0.931
-0.514,-1.644
-0.536,-0.125
-0.435,1.357
-0.506,0.335
-0.517,-1.36
-0.522,2.114
-0.694,-1.394
-0.622,0.668
-0.663,-0.938
-0.792,-1.192
-0.702,0.189
-0.811,-1.518
-0.683,-0.53
-0.758,-0.516
-0.786,-1.626
-0.935,-0.962
-0.945,-1.367
-0.824,-0.212
-0.789,2.234
-0.948,1.814
-0.839,-1.196
-0.932,-0.088
-0.98,0.149
-1.092,-1.502
-1.158,0.054
-1.079,0.589
-1.091,-0.568
-1.314,-1.609
-1.301,1.073
-1.211,1.814
-1.239,0.074
-1.38,-1.197
-1.473,1.663
-1.367,0.329
-1.486,1.174
-1.473,1.21
-1.727,-0.975
-1.666,0.671
-1.956,2.3
-2.098,-0.434
-1.981,-0.53
-2.124,2.137
-2.434,0.953
-2.559,0.188
-2.693,-1.191
-2.723,1.418
-2.63,1.9
-2.809,0.474
-2.713,2.116
-2.883,1.308
-3.067,-1.331
2.983,0.716
2.832,2.218
2.796,-1.338
2.777,2.234
2.85,1.446
2.694,-1.405
2.796,2.02
2.633,-1.882
2.6,-2.005
2.569,-1.937
2.5,-1.992
1.736,-2.002
1.411,-1.96
0.653,-1.887
-0.559,-1.892
-2.282,-1.797
2.813,-1.771
2.312,2.607
2.26,2.723
2.201,2.425
1.935,2.462
1.83,2.682
1.833,2.359
1.725,2.426
1.476,2.581
1.443,2.68
-0.03,2.569
-0.215,2.632
-0.411,2.627
-1.17,2.369
-1.489,2.63
-1.479,2.424
-2.11,2.604
-2.959,2.269
2.769,2.687
2.526,-0.203
-1.047,1.266
-2.803,1.905
2.531,1.5
2.613,-1.182
2.549,0.795
2.427,0.799
2.319,-0.897
-0.057,1.861
-0.079,-0.077
-0.956,-0.111
-1.692,0.779
-2.009,0.763
-2.922,-0.732
-2.905,1.466
-3.1,0.825
-3.105,1.254
3.079,1.901
3.069,1.085
3.065,0.284
2.944,-0.772
2.66,0.759
2.306,0.941
2.03,1.023
0.025,0.985
2.867,-0.443
-2.248,-1.539
3.037,2.042
-2.471,-1.77
2.014,2.447
-0.071,-2.739
-0.092,0.346
-0.069,-1.935
-0.131,-2.144
-0.095,-0.544
-0.182,-3.287
-0.136,-1.275
-0.16,-2.335
-0.151,-0.222
-0.289,-2.85
-0.391,-1.633
-0.43,-0.646
-0.409,-3.317
-0.457,-0.749
-0.479,-0.433
-0.548,-3.308
-0.571,-1.342
-0.611,-1.971
-0.614,-1.337
-0.619,-0.393
-0.616,-2.094
-0.686,-3.214
-0.708,-2.066
-0.879,-1.659
-0.929,-1.38
-0.974,-0.288
-1.072,-0.678
-1.084,-0.499
-1.183,-1.437
-1.155,-2.109
-1.174,-1.328
-1.165,-1.424
-1.246,0.31
-1.287,-0.994
-1.3,-1.828
-1.341,-1.471
-1.459,-2.638
-1.403,-2.181
-1.406,-3.527
-1.479,-0.84
-1.533,-1.807
-1.595,-1.246
-1.523,-1.357
-1.532,-3.517
-1.592,-0.044
-1.712,-0.734
-1.77,-0.964
-1.801,-2.756
-1.9,0.091
-2.087,-1.194
-2.284,-2.585
-2.31,-2.353
-2.354,-0.88
-2.366,-1.068
-2.339,-0.5
-2.359,-1.659
-2.504,-0.814
-2.511,-1.097
-2.592,0.157
-2.659,-1.33
-2.719,-2.988
-2.661,-1.281
-2.842,-2.403
-2.982,-2.462
-3.124,-3.446
-3.12,-0.584
-3.137,-1.562
3.115,-2.838
3.103,-0.887
3.018,-1.419
2.99,-2.809
2.956,-0.722
2.999,-0.993
2.961,-1.084
2.889,-1.12
2.961,-3.49
2.963,-3.412
2.877,-0.972
2.855,-3.437
2.845,-1.894
2.853,-1.242
2.831,-0.742
2.758,-0.778
2.795,-0.861
2.357,-3.65
1.87,-3.929
0.214,-3.598
-0.155,-3.707
-0.517,-3.71
-0.702,-3.771
-0.884,-3.756
-1.125,-3.644
-1.32,-3.836
-1.937,-3.674
-2.193,-3.875
-2.915,-3.949
-2.994,-3.857
3.133,-3.806
3.006,-3.916
2.912,-3.644
2.688,0.753
2.527,0.683
2.481,0.502
2.459,0.551
2.544,0.621
2.298,0.606
1.556,0.688
1.013,0.702
1.02,0.713
0.968,0.559
0.764,0.539
0.828,0.661
-0.054,0.522
-0.106,0.485
-0.148,0.469
-0.258,0.542
-0.622,0.648
-1.255,0.725
-1.597,0.451
-1.792,0.534
-1.85,0.842
-2.054,0.952
-2.36,0.526
-2.589,0.932
-2.77,0.549
2.773,0.694
2.717,0.758
2.696,-0.824
2.648,-2.187
2.594,-2.91
2.646,-2.075
2.505,-2.901
2.311,-0.908
2.185,0.382
2.071,0.354
0.507,0.194
-0.064,-2.307
-1.874,-0.218
-2.457,-0.169
2.826,-1.121
2.677,0.328
2.624,-3.425
2.614,-0.707
2.718,-3.577
2.615,-3.111
2.703,-1.089
2.522,-3.58
2.652,0.241
2.513,-2.785
2.517,-2.16
2.604,-2.09
2.561,0.053
2.435,-0.839
2.321,-0.565
2.364,-0.22
2.155,-1.978
2.073,-0.622
2.146,-0.005
2.101,-0.001
2.089,-1.569
1.985,0.074
1.948,-0.664
2.054,-2.125
1.881,-2.269
1.734,0.39
1.869,-3.518
1.637,-0.515
1.738,-3.48
1.55,-0.309
1.659,-2.715
1.614,-2.212
1.434,-0.962
1.449,-0.282
1.432,0.178
1.135,-0.904
1.098,-3.283
1.09,-2.01
0.981,-2.126
0.906,-1.838
1.012,0.284
1.019,-0.335
0.939,-3.538
0.77,-0.859
0.756,0.41
0.659,0.261
0.641,0.282
0.772,0.277
0.663,-3.085
0.709,-1.988
0.66,-0.865
0.491,0.37
0.497,-2.439
0.623,-0.847
0.542,-1.191
0.542,-2.858
0.512,0.185
0.247,-1.877
0.177,-1.959
-0.021,-3.038
-0.048,0.272
0.057,-1.311
0.048,-0.455
-0.118,-3.413
-0.207,-1.615
-0.239,-1.02
-0.144,0.344
-0.279,-1.767
-0.186,0.308
-0.172,-0.924
-0.371,-3.499
-0.393,-1.98
-0.292,-0.498
-0.363,-1.52
-0.374,-3.215
-0.379,0.259
-0.551,-3.249
-0.479,-1.187
-0.52,-2.793
-0.649,-3.047
-0.559,-1.666
-0.668,-3.373
-0.54,-2.385
-0.615,-2.371
-0.643,-3.481
-0.792,-2.817
-0.802,-3.222
-0.681,-2.067
-0.646,0.379
-0.805,-0.041
-0.696,-3.051
-0.789,-1.943
-0.837,-1.706
-0.949,-3.357
-1.015,-1.801
-0.936,-1.266
-0.948,-2.423
-1.171,-3.464
-1.158,-0.782
-1.068,-0.041
-1.096,-1.781
-1.237,-3.052
-1.33,-0.192
-1.224,-1.526
-1.343,-0.681
-1.33,-0.645
-1.584,-2.83
-1.523,-1.184
-1.813,0.445
-1.955,-2.289
-1.838,-2.385
-1.981,0.282
-2.291,-0.902
-2.416,-1.667
-2.55,-3.046
-2.58,-0.437
-2.487,0.045
-2.666,-1.381
-2.57,0.261
-2.74,-0.547
-2.924,-3.186
3.126,-1.139
2.975,0.363
2.939,-3.193
2.92,0.379
2.993,-0.409
2.837,-3.26
2.939,0.165
2.776,-3.737
2.743,-3.86
2.712,-3.792
2.643,-3.847
1.879,-3.857
1.554,-3.815
0.796,-3.742
-0.416,-3.747
-2.139,-3.652
2.956,-3.626
2.455,0.752
2.403,0.868
2.344,0.57
2.078,0.607
1.973,0.827
1.976,0.504
1.868,0.571
1.619,0.726
1.586,0.825
0.113,0.714
-0.072,0.777
-0.268,0.772
-1.027,0.514
-1.346,0.775
-1.336,0.569
-1.967,0.749
-2.816,0.414
2.912,0.832
2.669,-2.058
-0.904,-0.589
-2.66,0.05
2.674,-0.355
2.756,-3.037
2.692,-1.06
2.57,-1.056
2.462,-2.752
0.086,0.006
0.064,-1.932
-0.813,-1.966
-1.549,-1.076
-1.866,-1.092
-2.779,-2.587
-2.762,-0.389
-2.957,-1.03
-2.962,-0.601
-3.061,0.046
-3.071,-0.77
-3.075,-1.571
3.087,-2.627
2.803,-1.096
2.449,-0.914
2.173,-0.832
0.168,-0.87
3.01,-2.298
-2.105,-3.394
-3.103,0.187
-2.328,-3.625
2.157,0.592
-0.021,3.085
0.002,0.804
-0.06,0.595
-0.024,2.195
-0.111,-0.548
-0.065,1.464
-0.089,0.404
-0.08,2.517
-0.218,-0.111
-0.32,1.106
-0.359,2.093
-0.338,-0.578
-0.386,1.99
-0.408,2.306
-0.477,-0.569
-0.5,1.397
-0.54,0.768
-0.543,1.402
-0.548,2.346
-0.545,0.645
-0.615,-0.475
-0.637,0.673
-0.808,1.08
-0.858,1.359
-0.903,2.451
-1.001,2.061
-1.013,2.24
-1.112,1.302
-1.084,0.63
-1.103,1.411
-1.094,1.315
-1.175,3.049
-1.216,1.745
-1.229,0.911
-1.27,1.268
-1.388,0.101
-1.332,0.558
-1.335,-0.788
-1.408,1.899
-1.462,0.932
-1.524,1.493
-1.452,1.382
-1.461,-0.778
-1.521,2.695
-1.641,2.005
-1.699,1.775
-1.73,-0.017
-1.829,2.83
-2.016,1.545
-2.213,0.154
-2.239,0.386
-2.283,1.859
-2.295,1.671
-2.268,2.239
-2.288,1.08
-2.433,1.925
-2.44,1.642
-2.521,2.896
-2.588,1.409
-2.648,-0.249
-2.59,1.458
-2.771,0.336
-2.911,0.277
-3.053,-0.707
-3.049,2.155
-3.066,1.177
-3.097,-0.099
-3.109,1.852
3.089,1.32
3.061,-0.07
3.027,2.017
3.07,1.746
3.032,1.655
2.96,1.619
3.032,-0.751
3.034,-0.673
2.948,1.767
2.926,-0.698
2.916,0.845
2.924,1.497
2.902,1.997
2.829,1.961
2.866,1.878
2.428,-0.911
1.941,-1.19
0.285,-0.859
-0.084,-0.968
-0.446,-0.971
-0.631,-1.032
-0.813,-1.017
-1.054,-0.905
-1.249,-1.097
-1.866,-0.935
-2.122,-1.136
-2.844,-1.21
-2.923,-1.118
-3.079,-1.067
3.077,-1.177
2.983,-0.905
2.759,3.492
2.598,3.422
2.552,3.241
2.53,3.29
2.615,3.36
2.369,3.345
1.627,3.427
1.084,3.441
1.091,3.452
1.039,3.298
0.835,3.278
0.899,3.4
0.017,3.261
-0.035,3.224
-0.077,3.208
-0.187,3.281
-0.551,3.387
-1.184,3.464
-1.526,3.19
-1.721,3.273
-1.779,3.581
-1.983,3.691
-2.289,3.265
-2.518,3.671
-2.699,3.288
2.844,3.433
2.788,3.497
2.767,1.915
2.719,0.552
2.665,-0.171
2.717,0.664
2.576,-0.162
2.382,1.831
2.256,3.121
2.142,3.093
0.578,2.933
0.007,0.432
-1.803,2.521
-2.386,2.57
2.897,1.618
2.748,3.067
2.695,-0.686
2.685,2.032
2.789,-0.838
2.686,-0.372
2.774,1.65
2.593,-0.841
2.723,2.98
2.584,-0.046
2.588,0.579
2.675,0.649
2.632,2.792
2.506,1.9
2.392,2.174
2.435,2.519
2.226,0.761
2.144,2.117
2.217,2.734
2.172,2.738
2.16,1.17
2.056,2.813
2.019,2.075
2.125,0.614
1.952,0.47
1.805,3.129
1.94,-0.779
1.708,2.224
1.809,-0.741
1.621,2.43
1.73,0.024
1.685,0.527
1.505,1.777
1.52,2.457
1.503,2.917
1.206,1.835
1.169,-0.544
1.161,0.729
1.052,0.613
0.977,0.901
1.083,3.023
1.09,2.404
1.01,-0.799
0.841,1.88
0.827,3.149
0.73,3.0
0.712,3.021
0.843,3.016
0.734,-0.346
0.78,0.751
0.731,1.874
0.562,3.109
0.568,0.3
0.694,1.892
0.613,1.548
0.613,-0.119
0.583,2.924
0.318,0.862
0.248,0.78
0.05,-0.299
0.023,3.011
0.128,1.428
0.119,2.284
-0.047,-0.674
-0.136,1.124
-0.168,1.719
-0.073,3.083
-0.208,0.972
-0.115,3.047
-0.101,1.815
-0.3,-0.76
-0.322,0.759
-0.221,2.241
-0.292,1.219
-0.303,-0.476
-0.308,2.998
-0.48,-0.51
-0.408,1.552
-0.449,-0.054
-0.578,-0.308
-0.488,1.073
-0.597,-0.634
-0.469,0.354
-0.544,0.368
-0.572,-0.742
-0.721,-0.078
-0.731,-0.483
-0.61,0.672
-0.575,3.118
-0.734,2.698
-0.625,-0.312
-0.718,0.796
-0.766,1.033
-0.878,-0.618
-0.944,0.938
-0.865,1.473
-0.877,0.316
-1.1,-0.725
-1.087,1.957
-0.997,2.698
-1.025,0.958
-1.166,-0.313
-1.259,2.547
-1.153,1.213
-1.272,2.058
-1.259,2.094
-1.513,-0.091
-1.452,1.555
-1.742,3.184
-1.884,0.45
-1.767,0.354
-1.91,3.021
-2.22,1.837
-2.345,1.072
-2.479,-0.307
-2.509,2.302
-2.416,2.784
-2.595,1.358
-2.499,3.0
-2.669,2.192
-2.853,-0.447
-3.086,1.6
3.046,3.102
3.01,-0.454
2.991,3.118
3.064,2.33
2.908,-0.521
3.01,2.904
2.847,-0.998
2.814,-1.121
2.783,-1.053
2.714,-1.108
1.95,-1.118
1.625,-1.076
0.867,-1.003
-0.345,-1.008
-2.068,-0.913
3.027,-0.887
2.526,3.491
2.474,3.607
2.415,3.309
2.149,3.346
2.044,3.566
2.047,3.243
1.939,3.31
1.69,3.465
1.657,3.564
0.184,3.453
-0.001,3.516
-0.197,3.511
-0.956,3.253
-1.275,3.514
-1.265,3.308
-1.896,3.488
-2.745,3.153
2.983,3.571
2.74,0.681
-0.833,2.15
-2.589,2.789
2.745,2.384
2.827,-0.298
2.763,1.679
2.641,1.683
2.533,-0.013
0.157,2.745
0.135,0.807
-0.742,0.773
-1.478,1.663
-1.795,1.647
-2.708,0.152
-2.691,2.35
-2.886,1.709
-2.891,2.138
-2.99,2.785
-3.0,1.969
-3.004,1.168
-3.125,0.112
2.874,1.643
2.52,1.825
2.244,1.907
0.239,1.869
3.081,0.441
-2.034,-0.655
-3.032,2.926
-2.257,-0.886
2.228,3.331
0.023,-2.281
-0.039,-2.49
-0.003,-0.89
-0.09,-3.633
-0.044,-1.621
-0.068,-2.681
-0.059,-0.568
-0.197,-3.196
-0.299,-1.979
-0.338,-0.992
-0.317,-3.663
-0.365,-1.095
-0.387,-0.779
-0.456,-3.654
-0.479,-1.688
-0.519,-2.317
-0.522,-1.683
-0.527,-0.739
-0.524,-2.44
-0.594,-3.56
-0.616,-2.412
-0.787,-2.005
-0.837,-1.726
-0.882,-0.634
-0.98,-1.024
-0.992,-0.845
-1.091,-1.783
-1.063,-2.455
-1.082,-1.674
-1.073,-1.77
-1.154,-0.036
-1.195,-1.34
-1.208,-2.174
-1.249,-1.817
-1.367,-2.984
-1.311,-2.527
-1.314,-3.873
-1.387,-1.186
-1.441,-2.153
-1.503,-1.592
-1.431,-1.703
-1.44,-3.863
-1.5,-0.39
-1.62,-1.08
-1.678,-1.31
-1.709,-3.102
-1.808,-0.255
-1.995,-1.54
-2.192,-2.931
-2.218,-2.699
-2.262,-1.226
-2.274,-1.414
-2.247,-0.846
-2.267,-2.005
-2.412,-1.16
-2.419,-1.443
-2.5,-0.189
-2.567,-1.676
-2.627,-3.334
-2.569,-1.627
-2.75,-2.749
-2.89,-2.808
-3.032,-3.792
-3.028,-0.93
-3.045,-1.908
-3.076,-3.184
-3.088,-1.233
3.11,-1.765
3.082,-3.155
3.048,-1.068
3.091,-1.339
3.053,-1.43
2.981,-1.466
3.053,-3.836
3.055,-3.758
2.969,-1.318
2.947,-3.783
2.937,-2.24
2.945,-1.588
2.923,-1.088
2.85,-1.124
2.887,-1.207
2.449,-3.996
1.962,-4.275
0.306,-3.944
-0.063,-4.053
-0.425,-4.056
-0.61,-4.117
-0.792,-4.102
-1.033,-3.99
-1.228,-4.182
-1.845,-4.02
-2.101,-4.221
-2.823,-4.295
-2.902,-4.203
-3.058,-4.152
3.098,-4.262
3.004,-3.99
2.78,0.407
2.619,0.337
2.573,0.156
2.551,0.205
2.636,0.275
2.39,0.26
1.648,0.342
1.105,0.356
1.112,0.367
1.06,0.213
0.856,0.193
0.92,0.315
0.038,0.176
-0.014,0.139
-0.056,0.123
-0.166,0.196
-0.53,0.302
-1.163,0.379
-1.505,0.105
-1.7,0.188
-1.758,0.496
-1.962,0.606
-2.268,0.18
-2.497,0.586
-2.678,0.203
2.865,0.348
2.809,0.412
2.788,-1.17
2.74,-2.533
2.686,-3.256
2.738,-2.421
2.597,-3.247
2.403,-1.254
2.277,0.036
2.163,0.008
0.599,-0.152
0.028,-2.653
-1.782,-0.564
-2.365,-0.515
2.918,-1.467
2.769,-0.018
2.716,-3.771
2.706,-1.053
2.81,-3.923
2.707,-3.457
2.795,-1.435
2.614,-3.926
2.744,-0.105
2.605,-3.131
2.609,-2.506
2.696,-2.436
2.653,-0.293
2.527,-1.185
2.413,-0.911
2.456,-0.566
2.247,-2.324
2.165,-0.968
2.238,-0.351
2.193,-0.347
2.181,-1.915
2.077,-0.272
2.04,-1.01
2.146,-2.471
1.973,-2.615
1.826,0.044
1.961,-3.864
1.729,-0.861
1.83,-3.826
1.642,-0.655
1.751,-3.061
1.706,-2.558
1.526,-1.308
1.541,-0.628
1.524,-0.168
1.227,-1.25
1.19,-3.629
1.182,-2.356
1.073,-2.472
0.998,-2.184
1.104,-0.062
1.111,-0.681
1.031,-3.884
0.862,-1.205
0.848,0.064
0.751,-0.085
0.733,-0.064
0.864,-0.069
0.755,-3.431
0.801,-2.334
0.752,-1.211
0.583,0.024
0.589,-2.785
0.715,-1.193
0.634,-1.537
0.634,-3.204
0.604,-0.161
0.339,-2.223
0.269,-2.305
0.071,-3.384
0.044,-0.074
0.149,-1.657
0.14,-0.801
-0.026,-3.759
-0.115,-1.961
-0.147,-1.366
-0.052,-0.002
-0.187,-2.113
-0.094,-0.038
-0.08,-1.27
-0.279,-3.845
-0.301,-2.326
-0.2,-0.844
-0.271,-1.866
-0.282,-3.561
-0.287,-0.087
-0.459,-3.595
-0.387,-1.533
-0.428,-3.139
-0.557,-3.393
-0.467,-2.012
-0.576,-3.719
-0.448,-2.731
-0.523,-2.717
-0.551,-3.827
-0.7,-3.163
-0.71,-3.568
-0.589,-2.413
-0.554,0.033
-0.713,-0.387
-0.604,-3.397
-0.697,-2.289
-0.745,-2.052
-0.857,-3.703
-0.923,-2.147
-0.844,-1.612
-0.856,-2.769
-1.079,-3.81
-1.066,-1.128
-0.976,-0.387
-1.004,-2.127
-1.145,-3.398
-1.238,-0.538
-1.132,-1.872
-1.251,-1.027
-1.238,-0.991
-1.492,-3.176
-1.431,-1.53
-1.721,0.099
-1.863,-2.635
-1.746,-2.731
-1.889,-0.064
-2.199,-1.248
-2.324,-2.013
-2.458,-3.392
-2.488,-0.783
-2.395,-0.301
-2.574,-1.727
-2.478,-0.085
-2.648,-0.893
-2.832,-3.532
-3.065,-1.485
3.067,0.017
3.031,-3.539
3.012,0.033
3.085,-0.755
2.929,-3.606
3.031,-0.181
2.868,-4.083
2.835,-4.206
2.804,-4.138
2.735,-4.193
1.971,-4.203
1.646,-4.161
0.888,-4.088
-0.324,-4.093
-2.047,-3.998
3.048,-3.972
2.547,0.406
2.495,0.522
2.436,0.224
2.17,0.261
2.065,0.481
2.068,0.158
1.96,0.225
1.711,0.38
1.678,0.479
0.205,0.368
0.02,0.431
-0.176,0.426
-0.935,0.168
-1.254,0.429
-1.244,0.223
-1.875,0.403
-2.724,0.068
3.004,0.486
2.761,-2.404
-0.812,-0.935
-2.568,-0.296
2.766,-0.701
2.848,-3.383
2.784,-1.406
2.662,-1.402
2.554,-3.098
0.178,-0.34
0.156,-2.278
-0.721,-2.312
-1.457,-1.422
-1.774,-1.438
-2.687,-2.933
-2.67,-0.735
-2.865,-1.376
-2.87,-0.947
-2.969,-0.3
-2.979,-1.116
-2.983,-1.917
-3.104,-2.973
2.895,-1.442
2.541,-1.26
2.265,-1.178
0.26,-1.216
3.102,-2.644
-2.013,-3.74
-3.011,-0.159
-2.236,-3.971
2.249,0.246
-0.062,-0.209
-0.026,1.391
-0.113,-1.352
-0.067,0.66
-0.091,-0.4
-0.082,1.713
-0.22,-0.915
-0.322,0.302
-0.361,1.289
-0.34,-1.382
-0.388,1.186
-0.41,1.502
-0.479,-1.373
-0.502,0.593
-0.542,-0.036
-0.545,0.598
-0.55,1.542
-0.547,-0.159
-0.617,-1.279
-0.639,-0.131
-0.81,0.276
-0.86,0.555
-0.905,1.647
-1.003,1.257
-1.015,1.436
-1.114,0.498
-1.086,-0.174
-1.105,0.607
-1.096,0.511
-1.177,2.245
-1.218,0.941
-1.231,0.107
-1.272,0.464
-1.39,-0.703
-1.334,-0.246
-1.337,-1.592
-1.41,1.095
-1.464,0.128
-1.526,0.689
-1.454,0.578
-1.463,-1.582
-1.523,1.891
-1.643,1.201
-1.701,0.971
-1.732,-0.821
-1.831,2.026
-2.018,0.741
-2.215,-0.65
-2.241,-0.418
-2.285,1.055
-2.297,0.867
-2.27,1.435
-2.29,0.276
-2.435,1.121
-2.442,0.838
-2.523,2.092
-2.59,0.605
-2.65,-1.053
-2.592,0.654
-2.773,-0.468
-2.913,-0.527
-3.055,-1.511
-3.051,1.351
-3.068,0.373
-3.099,-0.903
-3.111,1.048
3.087,0.516
3.059,-0.874
3.025,1.213
3.068,0.942
3.03,0.851
2.958,0.815
3.03,-1.555
3.032,-1.477
2.946,0.963
2.924,-1.502
2.914,0.041
2.922,0.693
2.9,1.193
2.827,1.157
2.864,1.074
2.426,-1.715
1.939,-1.994
0.283,-1.663
-0.086,-1.772
-0.448,-1.775
-0.633,-1.836
-0.815,-1.821
-1.056,-1.709
-1.251,-1.901
-1.868,-1.739
-2.124,-1.94
-2.846,-2.014
-2.925,-1.922
-3.081,-1.871
3.075,-1.981
2.981,-1.709
2.757,2.688
2.596,2.618
2.55,2.437
2.528,2.486
2.613,2.556
2.367,2.541
1.625,2.623
1.082,2.637
1.089,2.648
1.037,2.494
0.833,2.474
0.897,2.596
0.015,2.457
-0.037,2.42
-0.079,2.404
-0.189,2.477
-0.553,2.583
-1.186,2.66
-1.528,2.386
-1.723,2.469
-1.781,2.777
-1.985,2.887
-2.291,2.461
-2.52,2.867
-2.701,2.484
2.842,2.629
2.786,2.693
2.765,1.111
2.717,-0.252
2.663,-0.975
2.715,-0.14
2.574,-0.966
2.38,1.027
2.254,2.317
2.14,2.289
0.576,2.129
0.005,-0.372
-1.805,1.717
-2.388,1.766
2.895,0.814
2.746,2.263
2.693,-1.49
2.683,1.228
2.787,-1.642
2.684,-1.176
2.772,0.846
2.591,-1.645
2.721,2.176
2.582,-0.85
2.586,-0.225
2.673,-0.155
2.63,1.988
2.504,1.096
2.39,1.37
2.433,1.715
2.224,-0.043
2.142,1.313
2.215,1.93
2.17,1.934
2.158,0.366
2.054,2.009
2.017,1.271
2.123,-0.19
1.95,-0.334
1.803,2.325
1.938,-1.583
1.706,1.42
1.807,-1.545
1.619,1.626
1.728,-0.78
1.683,-0.277
1.503,0.973
1.518,1.653
1.501,2.113
1.204,1.031
1.167,-1.348
1.159,-0.075
1.05,-0.191
0.975,0.097
1.081,2.219
1.088,1.6
1.008,-1.603
0.839,1.076
0.825,2.345
0.728,2.196
0.71,2.217
0.841,2.212
0.732,-1.15
0.778,-0.053
0.729,1.07
0.56,2.305
0.566,-0.504
0.692,1.088
0.611,0.744
0.611,-0.923
0.581,2.12
0.316,0.058
0.246,-0.024
0.048,-1.103
0.021,2.207
0.126,0.624
0.117,1.48
-0.049,-1.478
-0.138,0.32
-0.17,0.915
-0.075,2.279
-0.21,0.168
-0.117,2.243
-0.103,1.011
-0.302,-1.564
-0.324,-0.045
-0.223,1.437
-0.294,0.415
-0.305,-1.28
-0.31,2.194
-0.482,-1.314
-0.41,0.748
-0.451,-0.858
-0.58,-1.112
-0.49,0.269
-0.599,-1.438
-0.471,-0.45
-0.546,-0.436
-0.574,-1.546
-0.723,-0.882
-0.733,-1.287
-0.612,-0.132
-0.577,2.314
-0.736,1.894
-0.627,-1.116
-0.72,-0.008
-0.768,0.229
-0.88,-1.422
-0.946,0.134
-0.867,0.669
-0.879,-0.488
-1.102,-1.529
-1.089,1.153
-0.999,1.894
-1.027,0.154
-1.168,-1.117
-1.261,1.743
-1.155,0.409
-1.274,1.254
-1.261,1.29
-1.515,-0.895
-1.454,0.751
-1.744,2.38
-1.886,-0.354
-1.769,-0.45
-1.912,2.217
-2.222,1.033
-2.347,0.268
-2.481,-1.111
-2.511,1.498
-2.418,1.98
-2.597,0.554
-2.501,2.196
-2.671,1.388
-2.855,-1.251
-3.088,0.796
3.044,2.298
3.008,-1.258
2.989,2.314
3.062,1.526
2.906,-1.325
3.008,2.1
2.845,-1.802
2.812,-1.925
2.781,-1.857
2.712,-1.912
1.948,-1.922
1.623,-1.88
0.865,-1.807
-0.347,-1.812
-2.07,-1.717
3.025,-1.691
2.524,2.687
2.472,2.803
2.413,2.505
2.147,2.542
2.042,2.762
2.045,2.439
1.937,2.506
1.688,2.661
1.655,2.76
0.182,2.649
-0.003,2.712
-0.199,2.707
-0.958,2.449
-1.277,2.71
-1.267,2.504
-1.898,2.684
-2.747,2.349
2.981,2.767
2.738,-0.123
-0.835,1.346
-2.591,1.985
2.743,1.58
2.825,-1.102
2.761,0.875
2.639,0.879
2.531,-0.817
0.155,1.941
0.133,0.003
-0.744,-0.031
-1.48,0.859
-1.797,0.843
-2.71,-0.652
-2.693,1.546
-2.888,0.905
-2.893,1.334
-2.992,1.981
-3.002,1.165
-3.006,0.364
-3.127,-0.692
2.872,0.839
2.518,1.021
2.242,1.103
0.237,1.065
3.079,-0.363
-2.036,-1.459
-3.034,2.122
-2.259,-1.69
2.226,2.527
0.036,1.6
-0.051,-1.143
-0.005,0.869
-0.029,-0.191
-0.02,1.922
-0.158,-0.706
-0.26,0.511
-0.299,1.498
-0.278,-1.173
-0.326,1.395
-0.348,1.711
-0.417,-1.164
-0.44,0.802
-0.48,0.173
-0.483,0.807
-0.488,1.751
-0.485,0.05
-0.555,-1.07
-0.577,0.078
-0.748,0.485
-0.798,0.764
-0.843,1.856
-0.941,1.466
-0.953,1.645
-1.052,0.707
-1.024,0.035
-1.043,0.816
-1.034,0.72
-1.115,2.454
-1.156,1.15
-1.169,0.316
-1.21,0.673
-1.328,-0.494
-1.272,-0.037
-1.275,-1.383
-1.348,1.304
-1.402,0.337
-1.464,0.898
-1.392,0.787
-1.401,-1.373
-1.461,2.1
-1.581,1.41
-1.639,1.18
-1.67,-0.612
-1.769,2.235
-1.956,0.95
-2.153,-0.441
-2.179,-0.209
-2.223,1.264
-2.235,1.076
-2.208,1.644
-2.228,0.485
-2.373,1.33
-2.38,1.047
-2.461,2.301
-2.528,0.814
-2.588,-0.844
-2.53,0.863
-2.711,-0.259
-2.851,-0.318
-2.993,-1.302
-2.989,1.56
-3.006,0.582
-3.037,-0.694
-3.049,1.257
-3.134,0.725
3.121,-0.665
3.087,1.422
3.13,1.151
3.092,1.06
3.02,1.024
3.092,-1.346
3.094,-1.268
3.008,1.172
2.986,-1.293
2.976,0.25
2.984,0.902
2.962,1.402
2.889,1.366
2.926,1.283
2.488,-1.506
2.001,-1.785
0.345,-1.454
-0.024,-1.563
-0.386,-1.566
-0.571,-1.627
-0.753,-1.612
-0.994,-1.5
-1.189,-1.692
-1.806,-1.53
-2.062,-1.731
-2.784,-1.805
-2.863,-1.713
-3.019,-1.662
3.137,-1.772
3.043,-1.5
2.819,2.897
2.658,2.827
2.612,2.646
2.59,2.695
2.675,2.765
2.429,2.75
1.687,2.832
1.144,2.846
1.151,2.857
1.099,2.703
0.895,2.683
0.959,2.805
0.077,2.666
0.025,2.629
-0.017,2.613
-0.127,2.686
-0.491,2.792
-1.124,2.869
-1.466,2.595
-1.661,2.678
-1.719,2.986
-1.923,3.096
-2.229,2.67
-2.458,3.076
-2.639,2.693
2.904,2.838
2.848,2.902
2.827,1.32
2.779,-0.043
2.725,-0.766
2.777,0.069
2.636,-0.757
2.442,1.236
2.316,2.526
2.202,2.498
0.638,2.338
0.067,-0.163
-1.743,1.926
-2.326,1.975
2.957,1.023
2.808,2.472
2.755,-1.281
2.745,1.437
2.849,-1.433
2.746,-0.967
2.834,1.055
2.653,-1.436
2.783,2.385
2.644,-0.641
2.648,-0.016
2.735,0.054
2.692,2.197
2.566,1.305
2.452,1.579
2.495,1.924
2.286,0.166
2.204,1.522
2.277,2.139
2.232,2.143
2.22,0.575
2.116,2.218
2.079,1.48
2.185,0.019
2.012,-0.125
1.865,2.534
2.0,-1.374
1.768,1.629
1.869,-1.336
1.681,1.835
1.79,-0.571
1.745,-0.068
1.565,1.182
1.58,1.862
1.563,2.322
1.266,1.24
1.229,-1.139
1.221,0.134
1.112,0.018
1.037,0.306
1.143,2.428
1.15,1.809
1.07,-1.394
0.901,1.285
0.887,2.554
0.79,2.405
0.772,2.426
0.903,2.421
0.794,-0.941
0.84,0.156
0.791,1.279
0.622,2.514
0.628,-0.295
0.754,1.297
0.673,0.953
0.673,-0.714
0.643,2.329
0.378,0.267
0.308,0.185
0.11,-0.894
0.083,2.416
0.188,0.833
0.179,1.689
0.013,-1.269
-0.076,0.529
-0.108,1.124
-0.013,2.488
-0.148,0.377
-0.055,2.452
-0.041,1.22
-0.24,-1.355
-0.262,0.164
-0.161,1.646
-0.232,0.624
-0.243,-1.071
-0.248,2.403
-0.42,-1.105
-0.348,0.957
-0.389,-0.649
-0.518,-0.903
-0.428,0.478
-0.537,-1.229
-0.409,-0.241
-0.484,-0.227
-0.512,-1.337
-0.661,-0.673
-0.671,-1.078
-0.55,0.077
-0.515,2.523
-0.674,2.103
-0.565,-0.907
-0.658,0.201
-0.706,0.438
-0.818,-1.213
-0.884,0.343
-0.805,0.878
-0.817,-0.279
-1.04,-1.32
-1.027,1.362
-0.937,2.103
-0.965,0.363
-1.106,-0.908
-1.199,1.952
-1.093,0.618
-1.212,1.463
-1.199,1.499
-1.453,-0.686
-1.392,0.96
-1.682,2.589
-1.824,-0.145
-1.707,-0.241
-1.85,2.426
-2.16,1.242
-2.285,0.477
-2.419,-0.902
-2.449,1.707
-2.356,2.189
-2.535,0.763
-2.439,2.405
-2.609,1.597
-2.793,-1.042
-3.026,1.005
3.106,2.507
3.07,-1.049
3.051,2.523
3.124,1.735
2.968,-1.116
3.07,2.309
2.907,-1.593
2.874,-1.716
2.843,-1.648
2.774,-1.703
2.01,-1.713
1.685,-1.671
0.927,-1.598
-0.285,-1.603
-2.008,-1.508
3.087,-1.482
2.586,2.896
2.534,3.012
2.475,2.714
2.209,2.751
2.104,2.971
2.107,2.648
1.999,2.715
1.75,2.87
1.717,2.969
0.244,2.858
0.059,2.921
-0.137,2.916
-0.896,2.658
-1.215,2.919
-1.205,2.713
-1.836,2.893
-2.685,2.558
3.043,2.976
2.8,0.086
-0.773,1.555
-2.529,2.194
2.805,1.789
2.887,-0.893
2.823,1.084
2.701,1.088
2.593,-0.608
0.217,2.15
0.195,0.212
-0.682,0.178
-1.418,1.068
-1.735,1.052
-2.648,-0.443
-2.631,1.755
-2.826,1.114
-2.831,1.543
-2.93,2.19
-2.94,1.374
-2.944,0.573
-3.065,-0.483
2.934,1.048
2.58,1.23
2.304,1.312
0.299,1.274
3.141,-0.154
-1.974,-1.25
-2.972,2.331
-2.197,-1.481
2.288,2.736
-0.087,-2.743
-0.041,-0.731
-0.065,-1.791
-0.056,0.322
-0.194,-2.306
-0.296,-1.089
-0.335,-0.102
-0.314,-2.773
-0.362,-0.205
-0.384,0.111
-0.453,-2.764
-0.476,-0.798
-0.516,-1.427
-0.519,-0.793
-0.524,0.151
-0.521,-1.55
-0.591,-2.67
-0.613,-1.522
-0.784,-1.115
-0.834,-0.836
-0.879,0.256
-0.977,-0.134
-0.989,0.045
-1.088,-0.893
-1.06,-1.565
-1.079,-0.784
-1.07,-0.88
-1.151,0.854
-1.192,-0.45
-1.205,-1.284
-1.246,-0.927
-1.364,-2.094
-1.308,-1.637
-1.311,-2.983
-1.384,-0.296
-1.438,-1.263
-1.5,-0.702
-1.428,-0.813
-1.437,-2.973
-1.497,0.5
-1.617,-0.19
-1.675,-0.42
-1.706,-2.212
-1.805,0.635
-1.992,-0.65
-2.189,-2.041
-2.215,-1.809
-2.259,-0.336
-2.271,-0.524
-2.244,0.044
-2.264,-1.115
-2.409,-0.27
-2.416,-0.553
-2.497,0.701
-2.564,-0.786
-2.624,-2.444
-2.566,-0.737
-2.747,-1.859
-2.887,-1.918
-3.029,-2.902
-3.025,-0.04
-3.042,-1.018
-3.073,-2.294
-3.085,-0.343
3.113,-0.875
3.085,-2.265
3.051,-0.178
3.094,-0.449
3.056,-0.54
2.984,-0.576
3.056,-2.946
3.058,-2.868
2.972,-0.428
2.95,-2.893
2.94,-1.35
2.948,-0.698
2.926,-0.198
2.853,-0.234
2.89,-0.317
2.452,-3.106
1.965,-3.385
0.309,-3.054
-0.06,-3.163
-0.422,-3.166
-0.607,-3.227
-0.789,-3.212
-1.03,-3.1
-1.225,-3.292
-1.842,-3.13
-2.098,-3.331
-2.82,-3.405
-2.899,-3.313
-3.055,-3.262
3.101,-3.372
3.007,-3.1
2.783,1.297
2.622,1.227
2.576,1.046
2.554,1.095
2.639,1.165
2.393,1.15
1.651,1.232
1.108,1.246
1.115,1.257
1.063,1.103
0.859,1.083
0.923,1.205
0.041,1.066
-0.011,1.029
-0.053,1.013
-0.163,1.086
-0.527,1.192
-1.16,1.269
-1.502,0.995
-1.697,1.078
-1.755,1.386
-1.959,1.496
-2.265,1.07
-2.494,1.476
-2.675,1.093
2.868,1.238
2.812,1.302
2.791,-0.28
2.743,-1.643
2.689,-2.366
2.741,-1.531
2.6,-2.357
2.406,-0.364
2.28,0.926
2.166,0.898
0.602,0.738
0.031,-1.763
-1.779,0.326
-2.362,0.375
2.921,-0.577
2.772,0.872
2.719,-2.881
2.709,-0.163
2.813,-3.033
2.71,-2.567
2.798,-0.545
2.617,-3.036
2.747,0.785
2.608,-2.241
2.612,-1.616
2.699,-1.546
2.656,0.597
2.53,-0.295
2.416,-0.021
2.459,0.324
2.25,-1.434
2.168,-0.078
2.241,0.539
2.196,0.543
2.184,-1.025
2.08,0.618
2.043,-0.12
2.149,-1.581
1.976,-1.725
1.829,0.934
1.964,-2.974
1.732,0.029
1.833,-2.936
1.645,0.235
1.754,-2.171
1.709,-1.668
1.529,-0.418
1.544,0.262
1.527,0.722
1.23,-0.36
1.193,-2.739
1.185,-1.466
1.076,-1.582
1.001,-1.294
1.107,0.828
1.114,0.209
1.034,-2.994
0.865,-0.315
0.851,0.954
0.754,0.805
0.736,0.826
0.867,0.821
0.758,-2.541
0.804,-1.444
0.755,-0.321
0.586,0.914
0.592,-1.895
0.718,-0.303
0.637,-0.647
0.637,-2.314
0.607,0.729
0.342,-1.333
0.272,-1.415
0.074,-2.494
0.047,0.816
0.152,-0.767
0.143,0.089
-0.023,-2.869
-0.112,-1.071
-0.144,-0.476
-0.049,0.888
-0.184,-1.223
-0.091,0.852
-0.077,-0.38
-0.276,-2.955
-0.298,-1.436
-0.197,0.046
-0.268,-0.976
-0.279,-2.671
-0.284,0.803
-0.456,-2.705
-0.384,-0.643
-0.425,-2.249
-0.554,-2.503
-0.464,-1.122
-0.573,-2.829
-0.445,-1.841
-0.52,-1.827
-0.548,-2.937
-0.697,-2.273
-0.707,-2.678
-0.586,-1.523
-0.551,0.923
-0.71,0.503
-0.601,-2.507
-0.694,-1.399
-0.742,-1.162
-0.854,-2.813
-0.92,-1.257
-0.841,-0.722
-0.853,-1.879
-1.076,-2.92
-1.063,-0.238
-0.973,0.503
-1.001,-1.237
-1.142,-2.508
-1.235,0.352
-1.129,-0.982
-1.248,-0.137
-1.235,-0.101
-1.489,-2.286
-1.428,-0.64
-1.718,0.989
-1.86,-1.745
-1.743,-1.841
-1.886,0.826
-2.196,-0.358
-2.321,-1.123
-2.455,-2.502
-2.485,0.107
-2.392,0.589
-2.571,-0.837
-2.475,0.805
-2.645,-0.003
-2.829,-2.642
-3.062,-0.595
3.07,0.907
3.034,-2.649
3.015,0.923
3.088,0.135
2.932,-2.716
3.034,0.709
2.871,-3.193
2.838,-3.316
2.807,-3.248
2.738,-3.303
1.974,-3.313
1.649,-3.271
0.891,-3.198
-0.321,-3.203
-2.044,-3.108
3.051,-3.082
2.55,1.296
2.498,1.412
2.439,1.114
2.173,1.151
2.068,1.371
2.071,1.048
1.963,1.115
1.714,1.27
1.681,1.369
0.208,1.258
0.023,1.321
-0.173,1.316
-0.932,1.058
-1.251,1.319
-1.241,1.113
-1.872,1.293
-2.721,0.958
3.007,1.376
2.764,-1.514
-0.809,-0.045
-2.565,0.594
2.769,0.189
2.851,-2.493
2.787,-0.516
2.665,-0.512
2.557,-2.208
0.181,0.55
0.159,-1.388
-0.718,-1.422
-1.454,-0.532
-1.771,-0.548
-2.684,-2.043
-2.667,0.155
-2.862,-0.486
-2.867,-0.057
-2.966,0.59
-2.976,-0.226
-2.98,-1.027
-3.101,-2.083
2.898,-0.552
2.544,-0.37
2.268,-0.288
0.263,-0.326
3.105,-1.754
-2.01,-2.85
-3.008,0.731
-2.233,-3.081
2.252,1.136
0.046,2.012
0.022,0.952
0.031,3.065
-0.107,0.437
-0.209,1.654
-0.248,2.641
-0.227,-0.03
-0.275,2.538
-0.297,2.854
-0.366,-0.021
-0.389,1.945
-0.429,1.316
-0.432,1.95
-0.437,2.894
-0.434,1.193
-0.504,0.073
-0.526,1.221
-0.697,1.628
-0.747,1.907
-0.792,2.999
-0.89,2.609
-0.902,2.788
-1.001,1.85
-0.973,1.178
-0.992,1.959
-0.983,1.863
-1.064,3.597
-1.105,2.293
-1.118,1.459
-1.159,1.816
-1.277,0.649
-1.221,1.106
-1.224,-0.24
-1.297,2.447
-1.351,1.48
-1.413,2.041
-1.341,1.93
-1.35,-0.23
-1.41,3.243
-1.53,2.553
-1.588,2.323
-1.619,0.531
-1.718,3.378
-1.905,2.093
-2.102,0.702
-2.128,0.934
-2.172,2.407
-2.184,2.219
-2.157,2.787
-2.177,1.628
-2.322,2.473
-2.329,2.19
-2.41,3.444
-2.477,1.957
-2.537,0.299
-2.479,2.006
-2.66,0.884
-2.8,0.825
-2.942,-0.159
-2.938,2.703
-2.955,1.725
-2.986,0.449
-2.998,2.4
-3.083,1.868
-3.111,0.478
3.138,2.565
-3.102,2.294
-3.14,2.203
3.071,2.167
-3.14,-0.203
-3.138,-0.125
3.059,2.315
3.037,-0.15
3.027,1.393
3.035,2.045
3.013,2.545
2.94,2.509
2.977,2.426
2.539,-0.363
2.052,-0.642
0.396,-0.311
0.027,-0.42
-0.335,-0.423
-0.52,-0.484
-0.702,-0.469
-0.943,-0.357
-1.138,-0.549
-1.755,-0.387
-2.011,-0.588
-2.733,-0.662
-2.812,-0.57
-2.968,-0.519
-3.095,-0.629
3.094,-0.357
2.87,4.04
2.709,3.97
2.663,3.789
2.641,3.838
2.726,3.908
2.48,3.893
1.738,3.975
1.195,3.989
1.202,4.0
1.15,3.846
0.946,3.826
1.01,3.948
0.128,3.809
0.076,3.772
0.034,3.756
-0.076,3.829
-0.44,3.935
-1.073,4.012
-1.415,3.738
-1.61,3.821
-1.668,4.129
-1.872,4.239
-2.178,3.813
-2.407,4.219
-2.588,3.836
2.955,3.981
2.899,4.045
2.878,2.463
2.83,1.1
2.776,0.377
2.828,1.212
2.687,0.386
2.493,2.379
2.367,3.669
2.253,3.641
0.689,3.481
0.118,0.98
-1.692,3.069
-2.275,3.118
3.008,2.166
2.859,3.615
2.806,-0.138
2.796,2.58
2.9,-0.29
2.797,0.176
2.885,2.198
2.704,-0.293
2.834,3.528
2.695,0.502
2.699,1.127
2.786,1.197
2.743,3.34
2.617,2.448
2.503,2.722
2.546,3.067
2.337,1.309
2.255,2.665
2.328,3.282
2.283,3.286
2.271,1.718
2.167,3.361
2.13,2.623
2.236,1.162
2.063,1.018
1.916,3.677
2.051,-0.231
1.819,2.772
1.92,-0.193
1.732,2.978
1.841,0.572
1.796,1.075
1.616,2.325
1.631,3.005
1.614,3.465
1.317,2.383
1.28,0.004
1.272,1.277
1.163,1.161
1.088,1.449
1.194,3.571
1.201,2.952
1.121,-0.251
0.952,2.428
0.938,3.697
0.841,3.548
0.823,3.569
0.954,3.564
0.845,0.202
0.891,1.299
0.842,2.422
0.673,3.657
0.679,0.848
0.805,2.44
0.724,2.096
0.724,0.429
0.694,3.472
0.429,1.41
0.359,1.328
0.161,0.249
0.134,3.559
0.239,1.976
0.23,2.832
0.064,-0.126
-0.025,1.672
-0.057,2.267
0.038,3.631
-0.097,1.52
-0.004,3.595
0.01,2.363
-0.189,-0.212
-0.211,1.307
-0.11,2.789
-0.181,1.767
-0.192,0.072
-0.197,3.546
-0.369,0.038
-0.297,2.1
-0.338,0.494
-0.467,0.24
-0.377,1.621
-0.486,-0.086
-0.358,0.902
-0.433,0.916
-0.461,-0.194
-0.61,0.47
-0.62,0.065
-0.499,1.22
-0.464,3.666
-0.623,3.246
-0.514,0.236
-0.607,1.344
-0.655,1.581
-0.767,-0.07
-0.833,1.486
-0.754,2.021
-0.766,0.864
-0.989,-0.177
-0.976,2.505
-0.886,3.246
-0.914,1.506
-1.055,0.235
-1.148,3.095
-1.042,1.761
-1.161,2.606
-1.148,2.642
-1.402,0.457
-1.341,2.103
-1.631,3.732
-1.773,0.998
-1.656,0.902
-1.799,3.569
-2.109,2.385
-2.234,1.62
-2.368,0.241
-2.398,2.85
-2.305,3.332
-2.484,1.906
-2.388,3.548
-2.558,2.74
-2.742,0.101
-2.975,2.148
-3.126,3.65
3.121,0.094
3.102,3.666
-3.108,2.878
3.019,0.027
3.121,3.452
2.958,-0.45
2.925,-0.573
2.894,-0.505
2.825,-0.56
2.061,-0.57
1.736,-0.528
0.978,-0.455
-0.234,-0.46
-1.957,-0.365
3.138,-0.339
2.637,4.039
2.585,4.155
2.526,3.857
2.26,3.894
2.155,4.114
2.158,3.791
2.05,3.858
1.801,4.013
1.768,4.112
0.295,4.001
0.11,4.064
-0.086,4.059
-0.845,3.801
-1.164,4.062
-1.154,3.856
-1.785,4.036
-2.634,3.701
3.094,4.119
2.851,1.229
-0.722,2.698
-2.478,3.337
2.856,2.932
2.938,0.25
2.874,2.227
2.752,2.231
2.644,0.535
0.268,3.293
0.246,1.355
-0.631,1.321
-1.367,2.211
-1.684,2.195
-2.597,0.7
-2.58,2.898
-2.775,2.257
-2.78,2.686
-2.879,3.333
-2.889,2.517
-2.893,1.716
-3.014,0.66
2.985,2.191
2.631,2.373
2.355,2.455
0.35,2.417
-3.091,0.989
-1.923,-0.107
-2.921,3.474
-2.146,-0.338
2.339,3.879
-0.024,-1.06
-0.015,1.053
-0.153,-1.575
-0.255,-0.358
-0.294,0.629
-0.273,-2.042
-0.321,0.526
-0.343,0.842
-0.412,-2.033
-0.435,-0.067
-0.475,-0.696
-0.478,-0.062
-0.483,0.882
-0.48,-0.819
-0.55,-1.939
-0.572,-0.791
-0.743,-0.384
-0.793,-0.105
-0.838,0.987
-0.936,0.597
-0.948,0.776
-1.047,-0.162
-1.019,-0.834
-1.038,-0.053
-1.029,-0.149
-1.11,1.585
-1.151,0.281
-1.164,-0.553
-1.205,-0.196
-1.323,-1.363
-1.267,-0.906
-1.27,-2.252
-1.343,0.435
-1.397,-0.532
-1.459,0.029
-1.387,-0.082
-1.396,-2.242
-1.456,1.231
-1.576,0.541
-1.634,0.311
-1.665,-1.481
-1.764,1.366
-1.951,0.081
-2.148,-1.31
-2.174,-1.078
-2.218,0.395
-2.23,0.207
-2.203,0.775
-2.223,-0.384
-2.368,0.461
-2.375,0.178
-2.456,1.432
-2.523,-0.055
-2.583,-1.713
-2.525,-0.006
-2.706,-1.128
-2.846,-1.187
-2.988,-2.171
-2.984,0.691
-3.001,-0.287
-3.032,-1.563
-3.044,0.388
-3.129,-0.144
3.126,-1.534
3.092,0.553
3.135,0.282
3.097,0.191
3.025,0.155
3.097,-2.215
3.099,-2.137
3.013,0.303
2.991,-2.162
2.981,-0.619
2.989,0.033
2.967,0.533
2.894,0.497
2.931,0.414
2.493,-2.375
2.006,-2.654
0.35,-2.323
-0.019,-2.432
-0.381,-2.435
-0.566,-2.496
-0.748,-2.481
-0.989,-2.369
-1.184,-2.561
-1.801,-2.399
-2.057,-2.6
-2.779,-2.674
-2.858,-2.582
-3.014,-2.531
-3.141,-2.641
3.048,-2.369
2.824,2.028
2.663,1.958
2.617,1.777
2.595,1.826
2.68,1.896
2.434,1.881
1.692,1.963
1.149,1.977
1.156,1.988
1.104,1.834
0.9,1.814
0.964,1.936
0.082,1.797
0.03,1.76
-0.012,1.744
-0.122,1.817
-0.486,1.923
-1.119,2.0
-1.461,1.726
-1.656,1.809
-1.714,2.117
-1.918,2.227
-2.224,1.801
-2.453,2.207
-2.634,1.824
2.909,1.969
2.853,2.033
2.832,0.451
2.784,-0.912
2.73,-1.635
2.782,-0.8
2.641,-1.626
2.447,0.367
2.321,1.657
2.207,1.629
0.643,1.469
0.072,-1.032
-1.738,1.057
-2.321,1.106
2.962,0.154
2.813,1.603
2.76,-2.15
2.75,0.568
2.854,-2.302
2.751,-1.836
2.839,0.186
2.658,-2.305
2.788,1.516
2.649,-1.51
2.653,-0.885
2.74,-0.815
2.697,1.328
2.571,0.436
2.457,0.71
2.5,1.055
2.291,-0.703
2.209,0.653
2.282,1.27
2.237,1.274
2.225,-0.294
2.121,1.349
2.084,0.611
2.19,-0.85
2.017,-0.994
1.87,1.665
2.005,-2.243
1.773,0.76
1.874,-2.205
1.686,0.966
1.795,-1.44
1.75,-0.937
1.57,0.313
1.585,0.993
1.568,1.453
1.271,0.371
1.234,-2.008
1.226,-0.735
1.117,-0.851
1.042,-0.563
1.148,1.559
1.155,0.94
1.075,-2.263
0.906,0.416
0.892,1.685
0.795,1.536
0.777,1.557
0.908,1.552
0.799,-1.81
0.845,-0.713
0.796,0.41
0.627,1.645
0.633,-1.164
0.759,0.428
0.678,0.084
0.678,-1.583
0.648,1.46
0.383,-0.602
0.313,-0.684
0.115,-1.763
0.088,1.547
0.193,-0.036
0.184,0.82
0.018,-2.138
-0.071,-0.34
-0.103,0.255
-0.008,1.619
-0.143,-0.492
-0.05,1.583
-0.036,0.351
-0.235,-2.224
-0.257,-0.705
-0.156,0.777
-0.227,-0.245
-0.238,-1.94
-0.243,1.534
-0.415,-1.974
-0.343,0.088
-0.384,-1.518
-0.513,-1.772
-0.423,-0.391
-0.532,-2.098
-0.404,-1.11
-0.479,-1.096
-0.507,-2.206
-0.656,-1.542
-0.666,-1.947
-0.545,-0.792
-0.51,1.654
-0.669,1.234
-0.56,-1.776
-0.653,-0.668
-0.701,-0.431
-0.813,-2.082
-0.879,-0.526
-0.8,0.009
-0.812,-1.148
-1.035,-2.189
-1.022,0.493
-0.932,1.234
-0.96,-0.506
-1.101,-1.777
-1.194,1.083
-1.088,-0.251
-1.207,0.594
-1.194,0.63
-1.448,-1.555
-1.387,0.091
-1.677,1.72
-1.819,-1.014
-1.702,-1.11
-1.845,1.557
-2.155,0.373
-2.28,-0.392
-2.414,-1.771
-2.444,0.838
-2.351,1.32
-2.53,-0.106
-2.434,1.536
-2.604,0.728
-2.788,-1.911
-3.021,0.136
3.111,1.638
3.075,-1.918
3.056,1.654
3.129,0.866
2.973,-1.985
3.075,1.44
2.912,-2.462
2.879,-2.585
2.848,-2.517
2.779,-2.572
2.015,-2.582
1.69,-2.54
0.932,-2.467
-0.28,-2.472
-2.003,-2.377
3.092,-2.351
2.591,2.027
2.539,2.143
2.48,1.845
2.214,1.882
2.109,2.102
2.112,1.779
2.004,1.846
1.755,2.001
1.722,2.1
0.249,1.989
0.064,2.052
-0.132,2.047
-0.891,1.789
-1.21,2.05
-1.2,1.844
-1.831,2.024
-2.68,1.689
3.048,2.107
2.805,-0.783
-0.768,0.686
-2.524,1.325
2.81,0.92
2.892,-1.762
2.828,0.215
2.706,0.219
2.598,-1.477
0.222,1.281
0.2,-0.657
-0.677,-0.691
-1.413,0.199
-1.73,0.183
-2.643,-1.312
-2.626,0.886
-2.821,0.245
-2.826,0.674
-2.925,1.321
-2.935,0.505
-2.939,-0.296
-3.06,-1.352
2.939,0.179
2.585,0.361
2.309,0.443
0.304,0.405
-3.137,-1.023
-1.969,-2.119
-2.967,1.462
-2.192,-2.35
2.293,1.867
0.009,2.113
-0.129,-0.515
-0.231,0.702
-0.27,1.689
-0.249,-0.982
-0.297,1.586
-0.319,1.902
-0.388,-0.973
-0.411,0.993
-0.451,0.364
-0.454,0.998
-0.459,1.942
-0.456,0.241
-0.526,-0.879
-0.548,0.269
-0.719,0.676
-0.769,0.955
-0.814,2.047
-0.912,1.657
-0.924,1.836
-1.023,0.898
-0.995,0.226
-1.014,1.007
-1.005,0.911
-1.086,2.645
-1.127,1.341
-1.14,0.507
-1.181,0.864
-1.299,-0.303
-1.243,0.154
-1.246,-1.192
-1.319,1.495
-1.373,0.528
-1.435,1.089
-1.363,0.978
-1.372,-1.182
-1.432,2.291
-1.552,1.601
-1.61,1.371
-1.641,-0.421
-1.74,2.426
-1.927,1.141
-2.124,-0.25
-2.15,-0.018
-2.194,1.455
-2.206,1.267
-2.179,1.835
-2.199,0.676
-2.344,1.521
-2.351,1.238
-2.432,2.492
-2.499,1.005
-2.559,-0.653
-2.501,1.054
-2.682,-0.068
-2.822,-0.127
-2.964,-1.111
-2.96,1.751
-2.977,0.773
-3.008,-0.503
-3.02,1.448
-3.105,0.916
-3.133,-0.474
3.116,1.613
-3.124,1.342
3.121,1.251
3.049,1.215
3.121,-1.155
3.123,-1.077
3.037,1.363
3.015,-1.102
3.005,0.441
3.013,1.093
2.991,1.593
2.918,1.557
2.955,1.474
2.517,-1.315
2.03,-1.594
0.374,-1.263
0.005,-1.372
-0.357,-1.375
-0.542,-1.436
-0.724,-1.421
-0.965,-1.309
-1.16,-1.501
-1.777,-1.339
-2.033,-1.54
-2.755,-1.614
-2.834,-1.522
-2.99,-1.471
-3.117,-1.581
3.072,-1.309
2.848,3.088
2.687,3.018
2.641,2.837
2.619,2.886
2.704,2.956
2.458,2.941
1.716,3.023
1.173,3.037
1.18,3.048
1.128,2.894
0.924,2.874
0.988,2.996
0.106,2.857
0.054,2.82
0.012,2.804
-0.098,2.877
-0.462,2.983
-1.095,3.06
-1.437,2.786
-1.632,2.869
-1.69,3.177
-1.894,3.287
-2.2,2.861
-2.429,3.267
-2.61,2.884
2.933,3.029
2.877,3.093
2.856,1.511
2.808,0.148
2.754,-0.575
2.806,0.26
2.665,-0.566
2.471,1.427
2.345,2.717
2.231,2.689
0.667,2.529
0.096,0.028
-1.714,2.117
-2.297,2.166
2.986,1.214
2.837,2.663
2.784,-1.09
2.774,1.628
2.878,-1.242
2.775,-0.776
2.863,1.246
2.682,-1.245
2.812,2.576
2.673,-0.45
2.677,0.175
2.764,0.245
2.721,2.388
2.595,1.496
2.481,1.77
2.524,2.115
2.315,0.357
2.233,1.713
2.306,2.33
2.261,2.334
2.249,0.766
2.145,2.409
2.108,1.671
2.214,0.21
2.041,0.066
1.894,2.725
2.029,-1.183
1.797,1.82
1.898,-1.145
1.71,2.026
1.819,-0.38
1.774,0.123
1.594,1.373
1.609,2.053
1.592,2.513
1.295,1.431
1.258,-0.948
1.25,0.325
1.141,0.209
1.066,0.497
1.172,2.619
1.179,2.0
1.099,-1.203
0.93,1.476
0.916,2.745
0.819,2.596
0.801,2.617
0.932,2.612
0.823,-0.75
0.869,0.347
0.82,1.47
0.651,2.705
0.657,-0.104
0.783,1.488
0.702,1.144
0.702,-0.523
0.672,2.52
0.407,0.458
0.337,0.376
0.139,-0.703
0.112,2.607
0.217,1.024
0.208,1.88
0.042,-1.078
-0.047,0.72
-0.079,1.315
0.016,2.679
-0.119,0.568
-0.026,2.643
-0.012,1.411
-0.211,-1.164
-0.233,0.355
-0.132,1.837
-0.203,0.815
-0.214,-0.88
-0.219,2.594
-0.391,-0.914
-0.319,1.148
-0.36,-0.458
-0.489,-0.712
-0.399,0.669
-0.508,-1.038
-0.38,-0.05
-0.455,-0.036
-0.483,-1.146
-0.632,-0.482
-0.642,-0.887
-0.521,0.268
-0.486,2.714
-0.645,2.294
-0.536,-0.716
-0.629,0.392
-0.677,0.629
-0.789,-1.022
-0.855,0.534
-0.776,1.069
-0.788,-0.088
-1.011,-1.129
-0.998,1.553
-0.908,2.294
-0.936,0.554
-1.077,-0.717
-1.17,2.143
-1.064,0.809
-1.183,1.654
-1.17,1.69
-1.424,-0.495
-1.363,1.151
-1.653,2.78
-1.795,0.046
-1.678,-0.05
-1.821,2.617
-2.131,1.433
-2.256,0.668
-2.39,-0.711
-2.42,1.898
-2.327,2.38
-2.506,0.954
-2.41,2.596
-2.58,1.788
-2.764,-0.851
-2.997,1.196
3.135,2.698
3.099,-0.858
3.08,2.714
-3.13,1.926
2.997,-0.925
3.099,2.5
2.936,-1.402
2.903,-1.525
2.872,-1.457
2.803,-1.512
2.039,-1.522
1.714,-1.48
0.956,-1.407
-0.256,-1.412
-1.979,-1.317
3.116,-1.291
2.615,3.087
2.563,3.203
2.504,2.905
2.238,2.942
2.133,3.162
2.136,2.839
2.028,2.906
1.779,3.061
1.746,3.16
0.273,3.049
0.088,3.112
-0.108,3.107
-0.867,2.849
-1.186,3.11
-1.176,2.904
-1.807,3.084
-2.656,2.749
3.072,3.167
2.829,0.277
-0.744,1.746
-2.5,2.385
2.834,1.98
2.916,-0.702
2.852,1.275
2.73,1.279
2.622,-0.417
0.246,2.341
0.224,0.403
-0.653,0.369
-1.389,1.259
-1.706,1.243
-2.619,-0.252
-2.602,1.946
-2.797,1.305
-2.802,1.734
-2.901,2.381
-2.911,1.565
-2.915,0.764
-3.036,-0.292
2.963,1.239
2.609,1.421
2.333,1.503
0.328,1.465
-3.113,0.037
-1.945,-1.059
-2.943,2.522
-2.168,-1.29
2.317,2.927
-0.138,-2.628
-0.24,-1.411
-0.279,-0.424
-0.258,-3.095
-0.306,-0.527
-0.328,-0.211
-0.397,-3.086
-0.42,-1.12
-0.46,-1.749
-0.463,-1.115
-0.468,-0.171
-0.465,-1.872
-0.535,-2.992
-0.557,-1.844
-0.728,-1.437
-0.778,-1.158
-0.823,-0.066
-0.921,-0.456
-0.933,-0.277
-1.032,-1.215
-1.004,-1.887
-1.023,-1.106
-1.014,-1.202
-1.095,0.532
-1.136,-0.772
-1.149,-1.606
-1.19,-1.249
-1.308,-2.416
-1.252,-1.959
-1.255,-3.305
-1.328,-0.618
-1.382,-1.585
-1.444,-1.024
-1.372,-1.135
-1.381,-3.295
-1.441,0.178
-1.561,-0.512
-1.619,-0.742
-1.65,-2.534
-1.749,0.313
-1.936,-0.972
-2.133,-2.363
-2.159,-2.131
-2.203,-0.658
-2.215,-0.846
-2.188,-0.278
-2.208,-1.437
-2.353,-0.592
-2.36,-0.875
-2.441,0.379
-2.508,-1.108
-2.568,-2.766
-2.51,-1.059
-2.691,-2.181
-2.831,-2.24
-2.973,-3.224
-2.969,-0.362
-2.986,-1.34
-3.017,-2.616
-3.029,-0.665
-3.114,-1.197
3.141,-2.587
3.107,-0.5
-3.133,-0.771
3.112,-0.862
3.04,-0.898
3.112,-3.268
3.114,-3.19
3.028,-0.75
3.006,-3.215
2.996,-1.672
3.004,-1.02
2.982,-0.52
2.909,-0.556
2.946,-0.639
2.508,-3.428
2.021,-3.707
0.365,-3.376
-0.004,-3.485
-0.366,-3.488
-0.551,-3.549
-0.733,-3.534
-0.974,-3.422
-1.169,-3.614
-1.786,-3.452
-2.042,-3.653
-2.764,-3.727
-2.843,-3.635
-2.999,-3.584
-3.126,-3.694
3.063,-3.422
2.839,0.975
2.678,0.905
2.632,0.724
2.61,0.773
2.695,0.843
2.449,0.828
1.707,0.91
1.164,0.924
1.171,0.935
1.119,0.781
0.915,0.761
0.979,0.883
0.097,0.744
0.045,0.707
0.003,0.691
-0.107,0.764
-0.471,0.87
-1.104,0.947
-1.446,0.673
-1.641,0.756
-1.699,1.064
-1.903,1.174
-2.209,0.748
-2.438,1.154
-2.619,0.771
2.924,0.916
2.868,0.98
2.847,-0.602
2.799,-1.965
2.745,-2.688
2.797,-1.853
2.656,-2.679
2.462,-0.686
2.336,0.604
2.222,0.576
0.658,0.416
0.087,-2.085
-1.723,0.004
-2.306,0.053
2.977,-0.899
2.828,0.55
2.775,-3.203
2.765,-0.485
2.869,-3.355
2.766,-2.889
2.854,-0.867
2.673,-3.358
2.803,0.463
2.664,-2.563
2.668,-1.938
2.755,-1.868
2.712,0.275
2.586,-0.617
2.472,-0.343
2.515,0.002
2.306,-1.756
2.224,-0.4
2.297,0.217
2.252,0.221
2.24,-1.347
2.136,0.296
2.099,-0.442
2.205,-1.903
2.032,-2.047
1.885,0.612
2.02,-3.296
1.788,-0.293
1.889,-3.258
1.701,-0.087
1.81,-2.493
1.765,-1.99
1.585,-0.74
1.6,-0.06
1.583,0.4
1.286,-0.682
1.249,-3.061
1.241,-1.788
1.132,-1.904
1.057,-1.616
1.163,0.506
1.17,-0.113
1.09,-3.316
0.921,-0.637
0.907,0.632
0.81,0.483
0.792,0.504
0.923,0.499
0.814,-2.863
0.86,-1.766
0.811,-0.643
0.642,0.592
0.648,-2.217
0.774,-0.625
0.693,-0.969
0.693,-2.636
0.663,0.407
0.398,-1.655
0.328,-1.737
0.13,-2.816
0.103,0.494
0.208,-1.089
0.199,-0.233
0.033,-3.191
-0.056,-1.393
-0.088,-0.798
0.007,0.566
-0.128,-1.545
-0.035,0.53
-0.021,-0.702
-0.22,-3.277
-0.242,-1.758
-0.141,-0.276
-0.212,-1.298
-0.223,-2.993
-0.228,0.481
-0.4,-3.027
-0.328,-0.965
-0.369,-2.571
-0.498,-2.825
-0.408,-1.444
-0.517,-3.151
-0.389,-2.163
-0.464,-2.149
-0.492,-3.259
-0.641,-2.595
-0.651,-3.0
-0.53,-1.845
-0.495,0.601
-0.654,0.181
-0.545,-2.829
-0.638,-1.721
-0.686,-1.484
-0.798,-3.135
-0.864,-1.579
-0.785,-1.044
-0.797,-2.201
-1.02,-3.242
-1.007,-0.56
-0.917,0.181
-0.945,-1.559
-1.086,-2.83
-1.179,0.03
-1.073,-1.304
-1.192,-0.459
-1.179,-0.423
-1.433,-2.608
-1.372,-0.962
-1.662,0.667
-1.804,-2.067
-1.687,-2.163
-1.83,0.504
-2.14,-0.68
-2.265,-1.445
-2.399,-2.824
-2.429,-0.215
-2.336,0.267
-2.515,-1.159
-2.419,0.483
-2.589,-0.325
-2.773,-2.964
-3.006,-0.917
3.126,0.585
3.09,-2.971
3.071,0.601
-3.139,-0.187
2.988,-3.038
3.09,0.387
2.927,-3.515
2.894,-3.638
2.863,-3.57
2.794,-3.625
2.03,-3.635
1.705,-3.593
0.947,-3.52
-0.265,-3.525
-1.988,-3.43
3.107,-3.404
2.606,0.974
2.554,1.09
2.495,0.792
2.229,0.829
2.124,1.049
2.127,0.726
2.019,0.793
1.77,0.948
1.737,1.047
0.264,0.936
0.079,0.999
-0.117,0.994
-0.876,0.736
-1.195,0.997
-1.185,0.791
-1.816,0.971
-2.665,0.636
3.063,1.054
2.82,-1.836
-0.753,-0.367
-2.509,0.272
2.825,-0.133
2.907,-2.815
2.843,-0.838
2.721,-0.834
2.613,-2.53
0.237,0.228
0.215,-1.71
-0.662,-1.744
-1.398,-0.854
-1.715,-0.87
-2.628,-2.365
-2.611,-0.167
-2.806,-0.808
-2.811,-0.379
-2.91,0.268
-2.92,-0.548
-2.924,-1.349
-3.045,-2.405
2.954,-0.874
2.6,-0.692
2.324,-0.61
0.319,-0.648
-3.122,-2.076
-1.954,-3.172
-2.952,0.409
-2.177,-3.403
2.308,0.814
-0.102,1.217
-0.141,2.204
-0.12,-0.467
-0.168,2.101
-0.19,2.417
-0.259,-0.458
-0.282,1.508
-0.322,0.879
-0.325,1.513
-0.33,2.457
-0.327,0.756
-0.397,-0.364
-0.419,0.784
-0.59,1.191
-0.64,1.47
-0.685,2.562
-0.783,2.172
-0.795,2.351
-0.894,1.413
-0.866,0.741
-0.885,1.522
-0.876,1.426
-0.957,3.16
-0.998,1.856
-1.011,1.022
-1.052,1.379
-1.17,0.212
-1.114,0.669
-1.117,-0.677
-1.19,2.01
-1.244,1.043
-1.306,1.604
-1.234,1.493
-1.243,-0.667
-1.303,2.806
-1.423,2.116
-1.481,1.886
-1.512,0.094
-1.611,2.941
-1.798,1.656
-1.995,0.265
-2.021,0.497
-2.065,1.97
-2.077,1.782
-2.05,2.35
-2.07,1.191
-2.215,2.036
-2.222,1.753
-2.303,3.007
-2.37,1.52
-2.43,-0.138
-2.372,1.569
-2.553,0.447
-2.693,0.388
-2.835,-0.596
-2.831,2.266
-2.848,1.288
-2.879,0.012
-2.891,1.963
-2.976,1.431
-3.004,0.041
-3.038,2.128
-2.995,1.857
-3.033,1.766
-3.105,1.73
-3.033,-0.64
-3.031,-0.562
-3.117,1.878
-3.139,-0.587
3.134,0.956
-3.141,1.608
3.12,2.108
3.047,2.072
3.084,1.989
2.646,-0.8
2.159,-1.079
0.503,-0.748
0.134,-0.857
-0.228,-0.86
-0.413,-0.921
-0.595,-0.906
-0.836,-0.794
-1.031,-0.986
-1.648,-0.824
-1.904,-1.025
-2.626,-1.099
-2.705,-1.007
-2.861,-0.956
-2.988,-1.066
-3.082,-0.794
2.977,3.603
2.816,3.533
2.77,3.352
2.748,3.401
2.833,3.471
2.587,3.456
1.845,3.538
1.302,3.552
1.309,3.563
1.257,3.409
1.053,3.389
1.117,3.511
0.235,3.372
0.183,3.335
0.141,3.319
0.031,3.392
-0.333,3.498
-0.966,3.575
-1.308,3.301
-1.503,3.384
-1.561,3.692
-1.765,3.802
-2.071,3.376
-2.3,3.782
-2.481,3.399
3.062,3.544
3.006,3.608
2.985,2.026
2.937,0.663
2.883,-0.06
2.935,0.775
2.794,-0.051
2.6,1.942
2.474,3.232
2.36,3.204
0.796,3.044
0.225,0.543
-1.585,2.632
-2.168,2.681
3.115,1.729
2.966,3.178
2.913,-0.575
2.903,2.143
3.007,-0.727
2.904,-0.261
2.992,1.761
2.811,-0.73
2.941,3.091
2.802,0.065
2.806,0.69
2.893,0.76
2.85,2.903
2.724,2.011
2.61,2.285
2.653,2.63
2.444,0.872
2.362,2.228
2.435,2.845
2.39,2.849
2.378,1.281
2.274,2.924
2.237,2.186
2.343,0.725
2.17,0.581
2.023,3.24
2.158,-0.668
1.926,2.335
2.027,-0.63
1.839,2.541
1.948,0.135
1.903,0.638
1.723,1.888
1.738,2.568
1.721,3.028
1.424,1.946
1.387,-0.433
1.379,0.84
1.27,0.724
1.195,1.012
1.301,3.134
1.308,2.515
1.228,-0.688
1.059,1.991
1.045,3.26
0.948,3.111
0.93,3.132
1.061,3.127
0.952,-0.235
0.998,0.862
0.949,1.985
0.78,3.22
0.786,0.411
0.912,2.003
0.831,1.659
0.831,-0.008
0.801,3.035
0.536,0.973
0.466,0.891
0.268,-0.188
0.241,3.122
0.346,1.539
0.337,2.395
0.171,-0.563
0.082,1.235
0.05,1.83
0.145,3.194
0.01,1.083
0.103,3.158
0.117,1.926
-0.082,-0.649
-0.104,0.87
-0.003,2.352
-0.074,1.33
-0.085,-0.365
-0.09,3.109
-0.262,-0.399
-0.19,1.663
-0.231,0.057
-0.36,-0.197
-0.27,1.184
-0.379,-0.523
-0.251,0.465
-0.326,0.479
-0.354,-0.631
-0.503,0.033
-0.513,-0.372
-0.392,0.783
-0.357,3.229
-0.516,2.809
-0.407,-0.201
-0.5,0.907
-0.548,1.144
-0.66,-0.507
-0.726,1.049
-0.647,1.584
-0.659,0.427
-0.882,-0.614
-0.869,2.068
-0.779,2.809
-0.807,1.069
-0.948,-0.202
-1.041,2.658
-0.935,1.324
-1.054,2.169
-1.041,2.205
-1.295,0.02
-1.234,1.666
-1.524,3.295
-1.666,0.561
-1.549,0.465
-1.692,3.132
-2.002,1.948
-2.127,1.183
-2.261,-0.196
-2.291,2.413
-2.198,2.895
-2.377,1.469
-2.281,3.111
-2.451,2.303
-2.635,-0.336
-2.868,1.711
-3.019,3.213
-3.055,-0.343
-3.074,3.229
-3.001,2.441
3.126,-0.41
-3.055,3.015
3.065,-0.887
3.032,-1.01
3.001,-0.942
2.932,-0.997
2.168,-1.007
1.843,-0.965
1.085,-0.892
-0.127,-0.897
-1.85,-0.802
-3.038,-0.776
2.744,3.602
2.692,3.718
2.633,3.42
2.367,3.457
2.262,3.677
2.265,3.354
2.157,3.421
1.908,3.576
1.875,3.675
0.402,3.564
0.217,3.627
0.021,3.622
-0.738,3.364
-1.057,3.625
-1.047,3.419
-1.678,3.599
-2.527,3.264
-3.082,3.682
2.958,0.792
-0.615,2.261
-2.371,2.9
2.963,2.495
3.045,-0.187
2.981,1.79
2.859,1.794
2.751,0.098
0.375,2.856
0.353,0.918
-0.524,0.884
-1.26,1.774
-1.577,1.758
-2.49,0.263
-2.473,2.461
-2.668,1.82
-2.673,2.249
-2.772,2.896
-2.782,2.08
-2.786,1.279
-2.907,0.223
3.092,1.754
2.738,1.936
2.462,2.018
0.457,1.98
-2.984,0.552
-1.816,-0.544
-2.814,3.037
-2.039,-0.775
2.446,3.442
-0.039,0.987
-0.018,-1.684
-0.066,0.884
-0.088,1.2
-0.157,-1.675
-0.18,0.291
-0.22,-0.338
-0.223,0.296
-0.228,1.24
-0.225,-0.461
-0.295,-1.581
-0.317,-0.433
-0.488,-0.026
-0.538,0.253
-0.583,1.345
-0.681,0.955
-0.693,1.134
-0.792,0.196
-0.764,-0.476
-0.783,0.305
-0.774,0.209
-0.855,1.943
-0.896,0.639
-0.909,-0.195
-0.95,0.162
-1.068,-1.005
-1.012,-0.548
-1.015,-1.894
-1.088,0.793
-1.142,-0.174
-1.204,0.387
-1.132,0.276
-1.141,-1.884
-1.201,1.589
-1.321,0.899
-1.379,0.669
-1.41,-1.123
-1.509,1.724
-1.696,0.439
-1.893,-0.952
-1.919,-0.72
-1.963,0.753
-1.975,0.565
-1.948,1.133
-1.968,-0.026
-2.113,0.819
-2.12,0.536
-2.201,1.79
-2.268,0.303
-2.328,-1.355
-2.27,0.352
-2.451,-0.77
-2.591,-0.829
-2.733,-1.813
-2.729,1.049
-2.746,0.071
-2.777,-1.205
-2.789,0.746
-2.874,0.214
-2.902,-1.176
-2.936,0.911
-2.893,0.64
-2.931,0.549
-3.003,0.513
-2.931,-1.857
-2.929,-1.779
-3.015,0.661
-3.037,-1.804
-3.047,-0.261
-3.039,0.391
-3.061,0.891
-3.134,0.855
-3.097,0.772
2.748,-2.017
2.261,-2.296
0.605,-1.965
0.236,-2.074
-0.126,-2.077
-0.311,-2.138
-0.493,-2.123
-0.734,-2.011
-0.929,-2.203
-1.546,-2.041
-1.802,-2.242
-2.524,-2.316
-2.603,-2.224
-2.759,-2.173
-2.886,-2.283
-2.98,-2.011
3.079,2.386
2.918,2.316
2.872,2.135
2.85,2.184
2.935,2.254
2.689,2.239
1.947,2.321
1.404,2.335
1.411,2.346
1.359,2.192
1.155,2.172
1.219,2.294
0.337,2.155
0.285,2.118
0.243,2.102
0.133,2.175
-0.231,2.281
-0.864,2.358
-1.206,2.084
-1.401,2.167
-1.459,2.475
-1.663,2.585
-1.969,2.159
-2.198,2.565
-2.379,2.182
-3.119,2.327
3.108,2.391
3.087,0.809
3.039,-0.554
2.985,-1.277
3.037,-0.442
2.896,-1.268
2.702,0.725
2.576,2.015
2.462,1.987
0.898,1.827
0.327,-0.674
-1.483,1.415
-2.066,1.464
-3.066,0.512
3.068,1.961
3.015,-1.792
3.005,0.926
3.109,-1.944
3.006,-1.478
3.094,0.544
2.913,-1.947
3.043,1.874
2.904,-1.152
2.908,-0.527
2.995,-0.457
2.952,1.686
2.826,0.794
2.712,1.068
2.755,1.413
2.546,-0.345
2.464,1.011
2.537,1.628
2.492,1.632
2.48,0.064
2.376,1.707
2.339,0.969
2.445,-0.492
2.272,-0.636
2.125,2.023
2.26,-1.885
2.028,1.118
2.129,-1.847
1.941,1.324
2.05,-1.082
2.005,-0.579
1.825,0.671
1.84,1.351
1.823,1.811
1.526,0.729
1.489,-1.65
1.481,-0.377
1.372,-0.493
1.297,-0.205
1.403,1.917
1.41,1.298
1.33,-1.905
1.161,0.774
1.147,2.043
1.05,1.894
1.032,1.915
1.163,1.91
1.054,-1.452
1.1,-0.355
1.051,0.768
0.882,2.003
0.888,-0.806
1.014,0.786
0.933,0.442
0.933,-1.225
0.903,1.818
0.638,-0.244
0.568,-0.326
0.37,-1.405
0.343,1.905
0.448,0.322
0.439,1.178
0.273,-1.78
0.184,0.018
0.152,0.613
0.247,1.977
0.112,-0.134
0.205,1.941
0.219,0.709
0.02,-1.866
-0.002,-0.347
0.099,1.135
0.028,0.113
0.017,-1.582
0.012,1.892
-0.16,-1.616
-0.088,0.446
-0.129,-1.16
-0.258,-1.414
-0.168,-0.033
-0.277,-1.74
-0.149,-0.752
-0.224,-0.738
-0.252,-1.848
-0.401,-1.184
-0.411,-1.589
-0.29,-0.434
-0.255,2.012
-0.414,1.592
-0.305,-1.418
-0.398,-0.31
-0.446,-0.073
-0.558,-1.724
-0.624,-0.168
-0.545,0.367
-0.557,-0.79
-0.78,-1.831
-0.767,0.851
-0.677,1.592
-0.705,-0.148
-0.846,-1.419
-0.939,1.441
-0.833,0.107
-0.952,0.952
-0.939,0.988
-1.193,-1.197
-1.132,0.449
-1.422,2.078
-1.564,-0.656
-1.447,-0.752
-1.59,1.915
-1.9,0.731
-2.025,-0.034
-2.159,-1.413
-2.189,1.196
-2.096,1.678
-2.275,0.252
-2.179,1.894
-2.349,1.086
-2.533,-1.553
-2.766,0.494
-2.917,1.996
-2.953,-1.56
-2.972,2.012
-2.899,1.224
-3.055,-1.627
-2.953,1.798
-3.116,-2.104
3.134,-2.227
3.103,-2.159
3.034,-2.214
2.27,-2.224
1.945,-2.182
1.187,-2.109
-0.025,-2.114
-1.748,-2.019
-2.936,-1.993
2.846,2.385
2.794,2.501
2.735,2.203
2.469,2.24
2.364,2.46
2.367,2.137
2.259,2.204
2.01,2.359
1.977,2.458
0.504,2.347
0.319,2.41
0.123,2.405
-0.636,2.147
-0.955,2.408
-0.945,2.202
-1.576,2.382
-2.425,2.047
-2.98,2.465
3.06,-0.425
-0.513,1.044
-2.269,1.683
3.065,1.278
-3.136,-1.404
3.083,0.573
2.961,0.577
2.853,-1.119
0.477,1.639
0.455,-0.299
-0.422,-0.333
-1.158,0.557
-1.475,0.541
-2.388,-0.954
-2.371,1.244
-2.566,0.603
-2.571,1.032
-2.67,1.679
-2.68,0.863
-2.684,0.062
-2.805,-0.994
-3.089,0.537
2.84,0.719
2.564,0.801
0.559,0.763
-2.882,-0.665
-1.714,-1.761
-2.712,1.82
-1.937,-1.992
2.548,2.225
0.021,-2.671
-0.027,-0.103
-0.049,0.213
-0.118,-2.662
-0.141,-0.696
-0.181,-1.325
-0.184,-0.691
-0.189,0.253
-0.186,-1.448
-0.256,-2.568
-0.278,-1.42
-0.449,-1.013
-0.499,-0.734
-0.544,0.358
-0.642,-0.032
-0.654,0.147
-0.753,-0.791
-0.725,-1.463
-0.744,-0.682
-0.735,-0.778
-0.816,0.956
-0.857,-0.348
-0.87,-1.182
-0.911,-0.825
-1.029,-1.992
-0.973,-1.535
-0.976,-2.881
-1.049,-0.194
-1.103,-1.161
-1.165,-0.6
-1.093,-0.711
-1.102,-2.871
-1.162,0.602
-1.282,-0.088
-1.34,-0.318
-1.371,-2.11
-1.47,0.737
-1.657,-0.548
-1.854,-1.939
-1.88,-1.707
-1.924,-0.234
-1.936,-0.422
-1.909,0.146
-1.929,-1.013
-2.074,-0.168
-2.081,-0.451
-2.162,0.803
-2.229,-0.684
-2.289,-2.342
-2.231,-0.635
-2.412,-1.757
-2.552,-1.816
-2.694,-2.8
-2.69,0.062
-2.707,-0.916
-2.738,-2.192
-2.75,-0.241
-2.835,-0.773
-2.863,-2.163
-2.897,-0.076
-2.854,-0.347
-2.892,-0.438
-2.964,-0.474
-2.892,-2.844
-2.89,-2.766
-2.976,-0.326
-2.998,-2.791
-3.008,-1.248
-3.0,-0.596
-3.022,-0.096
-3.095,-0.132
-3.058,-0.215
2.787,-3.004
2.3,-3.283
0.644,-2.952
0.275,-3.061
-0.087,-3.064
-0.272,-3.125
-0.454,-3.11
-0.695,-2.998
-0.89,-3.19
-1.507,-3.028
-1.763,-3.229
-2.485,-3.303
-2.564,-3.211
-2.72,-3.16
-2.847,-3.27
-2.941,-2.998
3.118,1.399
2.957,1.329
2.911,1.148
2.889,1.197
2.974,1.267
2.728,1.252
1.986,1.334
1.443,1.348
1.45,1.359
1.398,1.205
1.194,1.185
1.258,1.307
0.376,1.168
0.324,1.131
0.282,1.115
0.172,1.188
-0.192,1.294
-0.825,1.371
-1.167,1.097
-1.362,1.18
-1.42,1.488
-1.624,1.598
-1.93,1.172
-2.159,1.578
-2.34,1.195
-3.08,1.34
-3.136,1.404
3.126,-0.178
3.078,-1.541
3.024,-2.264
3.076,-1.429
2.935,-2.255
2.741,-0.262
2.615,1.028
2.501,1.0
0.937,0.84
0.366,-1.661
-1.444,0.428
-2.027,0.477
-3.027,-0.475
3.107,0.974
3.054,-2.779
3.044,-0.061
-3.135,-2.931
3.045,-2.465
3.133,-0.443
2.952,-2.934
3.082,0.887
2.943,-2.139
2.947,-1.514
3.034,-1.444
2.991,0.699
2.865,-0.193
2.751,0.081
2.794,0.426
2.585,-1.332
2.503,0.024
2.576,0.641
2.531,0.645
2.519,-0.923
2.415,0.72
2.378,-0.018
2.484,-1.479
2.311,-1.623
2.164,1.036
2.299,-2.872
2.067,0.131
2.168,-2.834
1.98,0.337
2.089,-2.069
2.044,-1.566
1.864,-0.316
1.879,0.364
1.862,0.824
1.565,-0.258
1.528,-2.637
1.52,-1.364
1.411,-1.48
1.336,-1.192
1.442,0.93
1.449,0.311
1.369,-2.892
1.2,-0.213
1.186,1.056
1.089,0.907
1.071,0.928
1.202,0.923
1.093,-2.439
1.139,-1.342
1.09,-0.219
0.921,1.016
0.927,-1.793
1.053,-0.201
0.972,-0.545
0.972,-2.212
0.942,0.831
0.677,-1.231
0.607,-1.313
0.409,-2.392
0.382,0.918
0.487,-0.665
0.478,0.191
0.312,-2.767
0.223,-0.969
0.191,-0.374
0.286,0.99
0.151,-1.121
0.244,0.954
0.258,-0.278
0.059,-2.853
0.037,-1.334
0.138,0.148
0.067,-0.874
0.056,-2.569
0.051,0.905
-0.121,-2.603
-0.049,-0.541
-0.09,-2.147
-0.219,-2.401
-0.129,-1.02
-0.238,-2.727
-0.11,-1.739
-0.185,-1.725
-0.213,-2.835
-0.362,-2.171
-0.372,-2.576
-0.251,-1.421
-0.216,1.025
-0.375,0.605
-0.266,-2.405
-0.359,-1.297
-0.407,-1.06
-0.519,-2.711
-0.585,-1.155
-0.506,-0.62
-0.518,-1.777
-0.741,-2.818
-0.728,-0.136
-0.638,0.605
-0.666,-1.135
-0.807,-2.406
-0.9,0.454
-0.794,-0.88
-0.913,-0.035
-0.9,0.001
-1.154,-2.184
-1.093,-0.538
-1.383,1.091
-1.525,-1.643
-1.408,-1.739
-1.551,0.928
-1.861,-0.256
-1.986,-1.021
-2.12,-2.4
-2.15,0.209
-2.057,0.691
-2.236,-0.735
-2.14,0.907
-2.31,0.099
-2.494,-2.54
-2.727,-0.493
-2.878,1.009
-2.914,-2.547
-2.933,1.025
-2.86,0.237
-3.016,-2.614
-2.914,0.811
-3.077,-3.091
-3.11,-3.214
-3.141,-3.146
3.073,-3.201
2.309,-3.211
1.984,-3.169
1.226,-3.096
0.014,-3.101
-1.709,-3.006
-2.897,-2.98
2.885,1.398
2.833,1.514
2.774,1.216
2.508,1.253
2.403,1.473
2.406,1.15
2.298,1.217
2.049,1.372
2.016,1.471
0.543,1.36
0.358,1.423
0.162,1.418
-0.597,1.16
-0.916,1.421
-0.906,1.215
-1.537,1.395
-2.386,1.06
-2.941,1.478
3.099,-1.412
-0.474,0.057
-2.23,0.696
3.104,0.291
-3.097,-2.391
3.122,-0.414
3.0,-0.41
2.892,-2.106
0.516,0.652
0.494,-1.286
-0.383,-1.32
-1.119,-0.43
-1.436,-0.446
-2.349,-1.941
-2.332,0.257
-2.527,-0.384
-2.532,0.045
-2.631,0.692
-2.641,-0.124
-2.645,-0.925
-2.766,-1.981
-3.05,-0.45
2.879,-0.268
2.603,-0.186
0.598,-0.224
-2.843,-1.652
-1.675,-2.748
-2.673,0.833
-1.898,-2.979
2.587,1.238
-0.048,2.568
-0.07,2.884
-0.139,0.009
-0.162,1.975
-0.202,1.346
-0.205,1.98
-0.21,2.924
-0.207,1.223
-0.277,0.103
-0.299,1.251
-0.47,1.658
-0.52,1.937
-0.565,3.029
-0.663,2.639
-0.675,2.818
-0.774,1.88
-0.746,1.208
-0.765,1.989
-0.756,1.893
-0.837,3.627
-0.878,2.323
-0.891,1.489
-0.932,1.846
-1.05,0.679
-0.994,1.136
-0.997,-0.21
-1.07,2.477
-1.124,1.51
-1.186,2.071
-1.114,1.96
-1.123,-0.2
-1.183,3.273
-1.303,2.583
-1.361,2.353
-1.392,0.561
-1.491,3.408
-1.678,2.123
-1.875,0.732
-1.901,0.964
-1.945,2.437
-1.957,2.249
-1.93,2.817
-1.95,1.658
-2.095,2.503
-2.102,2.22
-2.183,3.474
-2.25,1.987
-2.31,0.329
-2.252,2.036
-2.433,0.914
-2.573,0.855
-2.715,-0.129
-2.711,2.733
-2.728,1.755
-2.759,0.479
-2.771,2.43
-2.856,1.898
-2.884,0.508
-2.918,2.595
-2.875,2.324
-2.913,2.233
-2.985,2.197
-2.913,-0.173
-2.911,-0.095
-2.997,2.345
-3.019,-0.12
-3.029,1.423
-3.021,2.075
-3.043,2.575
-3.116,2.539
-3.079,2.456
2.766,-0.333
2.279,-0.612
0.623,-0.281
0.254,-0.39
-0.108,-0.393
-0.293,-0.454
-0.475,-0.439
-0.716,-0.327
-0.911,-0.519
-1.528,-0.357
-1.784,-0.558
-2.506,-0.632
-2.585,-0.54
-2.741,-0.489
-2.868,-0.599
-2.962,-0.327
3.097,4.07
2.936,4.0
2.89,3.819
2.868,3.868
2.953,3.938
2.707,3.923
1.965,4.005
1.422,4.019
1.429,4.03
1.377,3.876
1.173,3.856
1.237,3.978
0.355,3.839
0.303,3.802
0.261,3.786
0.151,3.859
-0.213,3.965
-0.846,4.042
-1.188,3.768
-1.383,3.851
-1.441,4.159
-1.645,4.269
-1.951,3.843
-2.18,4.249
-2.361,3.866
-3.101,4.011
3.126,4.075
3.105,2.493
3.057,1.13
3.003,0.407
3.055,1.242
2.914,0.416
2.72,2.409
2.594,3.699
2.48,3.671
0.916,3.511
0.345,1.01
-1.465,3.099
-2.048,3.148
-3.048,2.196
3.086,3.645
3.033,-0.108
3.023,2.61
3.127,-0.26
3.024,0.206
3.112,2.228
2.931,-0.263
3.061,3.558
2.922,0.532
2.926,1.157
3.013,1.227
2.97,3.37
2.844,2.478
2.73,2.752
2.773,3.097
2.564,1.339
2.482,2.695
2.555,3.312
2.51,3.316
2.498,1.748
2.394,3.391
2.357,2.653
2.463,1.192
2.29,1.048
2.143,3.707
2.278,-0.201
2.046,2.802
2.147,-0.163
1.959,3.008
2.068,0.602
2.023,1.105
1.843,2.355
1.858,3.035
1.841,3.495
1.544,2.413
1.507,0.034
1.499,1.307
1.39,1.191
1.315,1.479
1.421,3.601
1.428,2.982
1.348,-0.221
1.179,2.458
1.165,3.727
1.068,3.578
1.05,3.599
1.181,3.594
1.072,0.232
1.118,1.329
1.069,2.452
0.9,3.687
0.906,0.878
1.032,2.47
0.951,2.126
0.951,0.459
0.921,3.502
0.656,1.44
0.586,1.358
0.388,0.279
0.361,3.589
0.466,2.006
0.457,2.862
0.291,-0.096
0.202,1.702
0.17,2.297
0.265,3.661
0.13,1.55
0.223,3.625
0.237,2.393
0.038,-0.182
0.016,1.337
0.117,2.819
0.046,1.797
0.035,0.102
0.03,3.576
-0.142,0.068
-0.07,2.13
-0.111,0.524
-0.24,0.27
-0.15,1.651
-0.259,-0.056
-0.131,0.932
-0.206,0.946
-0.234,-0.164
-0.383,0.5
-0.393,0.095
-0.272,1.25
-0.237,3.696
-0.396,3.276
-0.287,0.266
-0.38,1.374
-0.428,1.611
-0.54,-0.04
-0.606,1.516
-0.527,2.051
-0.539,0.894
-0.762,-0.147
-0.749,2.535
-0.659,3.276
-0.687,1.536
-0.828,0.265
-0.921,3.125
-0.815,1.791
-0.934,2.636
-0.921,2.672
-1.175,0.487
-1.114,2.133
-1.404,3.762
-1.546,1.028
-1.429,0.932
-1.572,3.599
-1.882,2.415
-2.007,1.65
-2.141,0.271
-2.171,2.88
-2.078,3.362
-2.257,1.936
-2.161,3.578
-2.331,2.77
-2.515,0.131
-2.748,2.178
-2.899,3.68
-2.935,0.124
-2.954,3.696
-2.881,2.908
-3.037,0.057
-2.935,3.482
-3.098,-0.42
-3.131,-0.543
3.121,-0.475
3.052,-0.53
2.288,-0.54
1.963,-0.498
1.205,-0.425
-0.007,-0.43
-1.73,-0.335
-2.918,-0.309
2.864,4.069
2.812,4.185
2.753,3.887
2.487,3.924
2.382,4.144
2.385,3.821
2.277,3.888
2.028,4.043
1.995,4.142
0.522,4.031
0.337,4.094
0.141,4.089
-0.618,3.831
-0.937,4.092
-0.927,3.886
-1.558,4.066
-2.407,3.731
-2.962,4.149
3.078,1.259
-0.495,2.728
-2.251,3.367
3.083,2.962
-3.118,0.28
3.101,2.257
2.979,2.261
2.871,0.565
0.495,3.323
0.473,1.385
-0.404,1.351
-1.14,2.241
-1.457,2.225
-2.37,0.73
-2.353,2.928
-2.548,2.287
-2.553,2.716
-2.652,3.363
-2.662,2.547
-2.666,1.746
-2.787,0.69
-3.071,2.221
2.858,2.403
2.582,2.485
0.577,2.447
-2.864,1.019
-1.696,-0.077
-2.694,3.504
-1.919,-0.308
2.566,3.909
-0.022,0.316
-0.091,-2.559
-0.114,-0.593
-0.154,-1.222
-0.157,-0.588
-0.162,0.356
-0.159,-1.345
-0.229,-2.465
-0.251,-1.317
-0.422,-0.91
-0.472,-0.631
-0.517,0.461
-0.615,0.071
-0.627,0.25
-0.726,-0.688
-0.698,-1.36
-0.717,-0.579
-0.708,-0.675
-0.789,1.059
-0.83,-0.245
-0.843,-1.079
-0.884,-0.722
-1.002,-1.889
-0.946,-1.432
-0.949,-2.778
-1.022,-0.091
-1.076,-1.058
-1.138,-0.497
-1.066,-0.608
-1.075,-2.768
-1.135,0.705
-1.255,0.015
-1.313,-0.215
-1.344,-2.007
-1.443,0.84
-1.63,-0.445
-1.827,-1.836
-1.853,-1.604
-1.897,-0.131
-1.909,-0.319
-1.882,0.249
-1.902,-0.91
-2.047,-0.065
-2.054,-0.348
-2.135,0.906
-2.202,-0.581
-2.262,-2.239
-2.204,-0.532
-2.385,-1.654
-2.525,-1.713
-2.667,-2.697
-2.663,0.165
-2.68,-0.813
-2.711,-2.089
-2.723,-0.138
-2.808,-0.67
-2.836,-2.06
-2.87,0.027
-2.827,-0.244
-2.865,-0.335
-2.937,-0.371
-2.865,-2.741
-2.863,-2.663
-2.949,-0.223
-2.971,-2.688
-2.981,-1.145
-2.973,-0.493
-2.995,0.007
-3.068,-0.029
-3.031,-0.112
2.814,-2.901
2.327,-3.18
0.671,-2.849
0.302,-2.958
-0.06,-2.961
-0.245,-3.022
-0.427,-3.007
-0.668,-2.895
-0.863,-3.087
-1.48,-2.925
-1.736,-3.126
-2.458,-3.2
-2.537,-3.108
-2.693,-3.057
-2.82,-3.167
-2.914,-2.895
-3.138,1.502
2.984,1.432
2.938,1.251
2.916,1.3
3.001,1.37
2.755,1.355
2.013,1.437
1.47,1.451
1.477,1.462
1.425,1.308
1.221,1.288
1.285,1.41
0.403,1.271
0.351,1.234
0.309,1.218
0.199,1.291
-0.165,1.397
-0.798,1.474
-1.14,1.2
-1.335,1.283
-1.393,1.591
-1.597,1.701
-1.903,1.275
-2.132,1.681
-2.313,1.298
-3.053,1.443
-3.109,1.507
-3.13,-0.075
3.105,-1.438
3.051,-2.161
3.103,-1.326
2.962,-2.152
2.768,-0.159
2.642,1.131
2.528,1.103
0.964,0.943
0.393,-1.558
-1.417,0.531
-2.0,0.58
-3.0,-0.372
3.134,1.077
3.081,-2.676
3.071,0.042
-3.108,-2.828
3.072,-2.362
-3.123,-0.34
2.979,-2.831
3.109,0.99
2.97,-2.036
2.974,-1.411
3.061,-1.341
3.018,0.802
2.892,-0.09
2.778,0.184
2.821,0.529
2.612,-1.229
2.53,0.127
2.603,0.744
2.558,0.748
2.546,-0.82
2.442,0.823
2.405,0.085
2.511,-1.376
2.338,-1.52
2.191,1.139
2.326,-2.769
2.094,0.234
2.195,-2.731
2.007,0.44
2.116,-1.966
2.071,-1.463
1.891,-0.213
1.906,0.467
1.889,0.927
1.592,-0.155
1.555,-2.534
1.547,-1.261
1.438,-1.377
1.363,-1.089
1.469,1.033
1.476,0.414
1.396,-2.789
1.227,-0.11
1.213,1.159
1.116,1.01
1.098,1.031
1.229,1.026
1.12,-2.336
1.166,-1.239
1.117,-0.116
0.948,1.119
0.954,-1.69
1.08,-0.098
0.999,-0.442
0.999,-2.109
0.969,0.934
0.704,-1.128
0.634,-1.21
0.436,-2.289
0.409,1.021
0.514,-0.562
0.505,0.294
0.339,-2.664
0.25,-0.866
0.218,-0.271
0.313,1.093
0.178,-1.018
0.271,1.057
0.285,-0.175
0.086,-2.75
0.064,-1.231
0.165,0.251
0.094,-0.771
0.083,-2.466
0.078,1.008
-0.094,-2.5
-0.022,-0.438
-0.063,-2.044
-0.192,-2.298
-0.102,-0.917
-0.211,-2.624
-0.083,-1.636
-0.158,-1.622
-0.186,-2.732
-0.335,-2.068
-0.345,-2.473
-0.224,-1.318
-0.189,1.128
-0.348,0.708
-0.239,-2.302
-0.332,-1.194
-0.38,-0.957
-0.492,-2.608
-0.558,-1.052
-0.479,-0.517
-0.491,-1.674
-0.714,-2.715
-0.701,-0.033
-0.611,0.708
-0.639,-1.032
-0.78,-2.303
-0.873,0.557
-0.767,-0.777
-0.886,0.068
-0.873,0.104
-1.127,-2.081
-1.066,-0.435
-1.356,1.194
-1.498,-1.54
-1.381,-1.636
-1.524,1.031
-1.834,-0.153
-1.959,-0.918
-2.093,-2.297
-2.123,0.312
-2.03,0.794
-2.209,-0.632
-2.113,1.01
-2.283,0.202
-2.467,-2.437
-2.7,-0.39
-2.851,1.112
-2.887,-2.444
-2.906,1.128
-2.833,0.34
-2.989,-2.511
-2.887,0.914
-3.05,-2.988
-3.083,-3.111
-3.114,-3.043
3.1,-3.098
2.336,-3.108
2.011,-3.066
1.253,-2.993
0.041,-2.998
-1.682,-2.903
-2.87,-2.877
2.912,1.501
2.86,1.617
2.801,1.319
2.535,1.356
2.43,1.576
2.433,1.253
2.325,1.32
2.076,1.475
2.043,1.574
0.57,1.463
0.385,1.526
0.189,1.521
-0.57,1.263
-0.889,1.524
-0.879,1.318
-1.51,1.498
-2.359,1.163
-2.914,1.581
3.126,-1.309
-0.447,0.16
-2.203,0.799
3.131,0.394
-3.07,-2.288
-3.134,-0.311
3.027,-0.307
2.919,-2.003
0.543,0.755
0.521,-1.183
-0.356,-1.217
-1.092,-0.327
-1.409,-0.343
-2.322,-1.838
-2.305,0.36
-2.5,-0.281
-2.505,0.148
-2.604,0.795
-2.614,-0.021
-2.618,-0.822
-2.739,-1.878
-3.023,-0.347
2.906,-0.165
2.63,-0.083
0.625,-0.121
-2.816,-1.549
-1.648,-2.645
-2.646,0.936
-1.871,-2.876
2.614,1.341
-0.069,-2.875
-0.092,-0.909
-0.132,-1.538
-0.135,-0.904
-0.14,0.04
-0.137,-1.661
-0.207,-2.781
-0.229,-1.633
-0.4,-1.226
-0.45,-0.947
-0.495,0.145
-0.593,-0.245
-0.605,-0.066
-0.704,-1.004
-0.676,-1.676
-0.695,-0.895
-0.686,-0.991
-0.767,0.743
-0.808,-0.561
-0.821,-1.395
-0.862,-1.038
-0.98,-2.205
-0.924,-1.748
-0.927,-3.094
-1.0,-0.407
-1.054,-1.374
-1.116,-0.813
-1.044,-0.924
-1.053,-3.084
-1.113,0.389
-1.233,-0.301
-1.291,-0.531
-1.322,-2.323
-1.421,0.524
-1.608,-0.761
-1.805,-2.152
-1.831,-1.92
-1.875,-0.447
-1.887,-0.635
-1.86,-0.067
-1.88,-1.226
-2.025,-0.381
-2.032,-0.664
-2.113,0.59
-2.18,-0.897
-2.24,-2.555
-2.182,-0.848
-2.363,-1.97
-2.503,-2.029
-2.645,-3.013
-2.641,-0.151
-2.658,-1.129
-2.689,-2.405
-2.701,-0.454
-2.786,-0.986
-2.814,-2.376
-2.848,-0.289
-2.805,-0.56
-2.843,-0.651
-2.915,-0.687
-2.843,-3.057
-2.841,-2.979
-2.927,-0.539
-2.949,-3.004
-2.959,-1.461
-2.951,-0.809
-2.973,-0.309
-3.046,-0.345
-3.009,-0.428
2.836,-3.217
2.349,-3.496
0.693,-3.165
0.324,-3.274
-0.038,-3.277
-0.223,-3.338
-0.405,-3.323
-0.646,-3.211
-0.841,-3.403
-1.458,-3.241
-1.714,-3.442
-2.436,-3.516
-2.515,-3.424
-2.671,-3.373
-2.798,-3.483
-2.892,-3.211
-3.116,1.186
3.006,1.116
2.96,0.935
2.938,0.984
3.023,1.054
2.777,1.039
2.035,1.121
1.492,1.135
1.499,1.146
1.447,0.992
1.243,0.972
1.307,1.094
0.425,0.955
0.373,0.918
0.331,0.902
0.221,0.975
-0.143,1.081
-0.776,1.158
-1.118,0.884
-1.313,0.967
-1.371,1.275
-1.575,1.385
-1.881,0.959
-2.11,1.365
-2.291,0.982
-3.031,1.127
-3.087,1.191
-3.108,-0.391
3.127,-1.754
3.073,-2.477
3.125,-1.642
2.984,-2.468
2.79,-0.475
2.664,0.815
2.55,0.787
0.986,0.627
0.415,-1.874
-1.395,0.215
-1.978,0.264
-2.978,-0.688
-3.127,0.761
3.103,-2.992
3.093,-0.274
-3.086,-3.144
3.094,-2.678
-3.101,-0.656
3.001,-3.147
3.131,0.674
2.992,-2.352
2.996,-1.727
3.083,-1.657
3.04,0.486
2.914,-0.406
2.8,-0.132
2.843,0.213
2.634,-1.545
2.552,-0.189
2.625,0.428
2.58,0.432
2.568,-1.136
2.464,0.507
2.427,-0.231
2.533,-1.692
2.36,-1.836
2.213,0.823
2.348,-3.085
2.116,-0.082
2.217,-3.047
2.029,0.124
2.138,-2.282
2.093,-1.779
1.913,-0.529
1.928,0.151
1.911,0.611
1.614,-0.471
1.577,-2.85
1.569,-1.577
1.46,-1.693
1.385,-1.405
1.491,0.717
1.498,0.098
1.418,-3.105
1.249,-0.426
1.235,0.843
1.138,0.694
1.12,0.715
1.251,0.71
1.142,-2.652
1.188,-1.555
1.139,-0.432
0.97,0.803
0.976,-2.006
1.102,-0.414
1.021,-0.758
1.021,-2.425
0.991,0.618
0.726,-1.444
0.656,-1.526
0.458,-2.605
0.431,0.705
0.536,-0.878
0.527,-0.022
0.361,-2.98
0.272,-1.182
0.24,-0.587
0.335,0.777
0.2,-1.334
0.293,0.741
0.307,-0.491
0.108,-3.066
0.086,-1.547
0.187,-0.065
0.116,-1.087
0.105,-2.782
0.1,0.692
-0.072,-2.816
0.0,-0.754
-0.041,-2.36
-0.17,-2.614
-0.08,-1.233
-0.189,-2.94
-0.061,-1.952
-0.136,-1.938
-0.164,-3.048
-0.313,-2.384
-0.323,-2.789
-0.202,-1.634
-0.167,0.812
-0.326,0.392
-0.217,-2.618
-0.31,-1.51
-0.358,-1.273
-0.47,-2.924
-0.536,-1.368
-0.457,-0.833
-0.469,-1.99
-0.692,-3.031
-0.679,-0.349
-0.589,0.392
-0.617,-1.348
-0.758,-2.619
-0.851,0.241
-0.745,-1.093
-0.864,-0.248
-0.851,-0.212
-1.105,-2.397
-1.044,-0.751
-1.334,0.878
-1.476,-1.856
-1.359,-1.952
-1.502,0.715
-1.812,-0.469
-1.937,-1.234
-2.071,-2.613
-2.101,-0.004
-2.008,0.478
-2.187,-0.948
-2.091,0.694
-2.261,-0.114
-2.445,-2.753
-2.678,-0.706
-2.829,0.796
-2.865,-2.76
-2.884,0.812
-2.811,0.024
-2.967,-2.827
-2.865,0.598
-3.028,-3.304
-3.061,-3.427
-3.092,-3.359
3.122,-3.414
2.358,-3.424
2.033,-3.382
1.275,-3.309
0.063,-3.314
-1.66,-3.219
-2.848,-3.193
2.934,1.185
2.882,1.301
2.823,1.003
2.557,1.04
2.452,1.26
2.455,0.937
2.347,1.004
2.098,1.159
2.065,1.258
0.592,1.147
0.407,1.21
0.211,1.205
-0.548,0.947
-0.867,1.208
-0.857,1.002
-1.488,1.182
-2.337,0.847
-2.892,1.265
-3.135,-1.625
-0.425,-0.156
-2.181,0.483
-3.13,0.078
-3.048,-2.604
-3.112,-0.627
3.049,-0.623
2.941,-2.319
0.565,0.439
0.543,-1.499
-0.334,-1.533
-1.07,-0.643
-1.387,-0.659
-2.3,-2.154
-2.283,0.044
-2.478,-0.597
-2.483,-0.168
-2.582,0.479
-2.592,-0.337
-2.596,-1.138
-2.717,-2.194
-3.001,-0.663
2.928,-0.481
2.652,-0.399
0.647,-0.437
-2.794,-1.865
-1.626,-2.961
-2.624,0.62
-1.849,-3.192
2.636,1.025
-0.023,1.966
-0.063,1.337
-0.066,1.971
-0.071,2.915
-0.068,1.214
-0.138,0.094
-0.16,1.242
-0.331,1.649
-0.381,1.928
-0.426,3.02
-0.524,2.63
-0.536,2.809
-0.635,1.871
-0.607,1.199
-0.626,1.98
-0.617,1.884
-0.698,3.618
-0.739,2.314
-0.752,1.48
-0.793,1.837
-0.911,0.67
-0.855,1.127
-0.858,-0.219
-0.931,2.468
-0.985,1.501
-1.047,2.062
-0.975,1.951
-0.984,-0.209
-1.044,3.264
-1.164,2.574
-1.222,2.344
-1.253,0.552
-1.352,3.399
-1.539,2.114
-1.736,0.723
-1.762,0.955
-1.806,2.428
-1.818,2.24
-1.791,2.808
-1.811,1.649
-1.956,2.494
-1.963,2.211
-2.044,3.465
-2.111,1.978
-2.171,0.32
-2.113,2.027
-2.294,0.905
-2.434,0.846
-2.576,-0.138
-2.572,2.724
-2.589,1.746
-2.62,0.47
-2.632,2.421
-2.717,1.889
-2.745,0.499
-2.779,2.586
-2.736,2.315
-2.774,2.224
-2.846,2.188
-2.774,-0.182
-2.772,-0.104
-2.858,2.336
-2.88,-0.129
-2.89,1.414
-2.882,2.066
-2.904,2.566
-2.977,2.53
-2.94,2.447
2.905,-0.342
2.418,-0.621
0.762,-0.29
0.393,-0.399
0.031,-0.402
-0.154,-0.463
-0.336,-0.448
-0.577,-0.336
-0.772,-0.528
-1.389,-0.366
-1.645,-0.567
-2.367,-0.641
-2.446,-0.549
-2.602,-0.498
-2.729,-0.608
-2.823,-0.336
-3.047,4.061
3.075,3.991
3.029,3.81
3.007,3.859
3.092,3.929
2.846,3.914
2.104,3.996
1.561,4.01
1.568,4.021
1.516,3.867
1.312,3.847
1.376,3.969
0.494,3.83
0.442,3.793
0.4,3.777
0.29,3.85
-0.074,3.956
-0.707,4.033
-1.049,3.759
-1.244,3.842
-1.302,4.15
-1.506,4.26
-1.812,3.834
-2.041,4.24
-2.222,3.857
-2.962,4.002
-3.018,4.066
-3.039,2.484
-3.087,1.121
-3.141,0.398
-3.089,1.233
3.053,0.407
2.859,2.4
2.733,3.69
2.619,3.662
1.055,3.502
0.484,1.001
-1.326,3.09
-1.909,3.139
-2.909,2.187
-3.058,3.636
-3.111,-0.117
-3.121,2.601
-3.017,-0.269
-3.12,0.197
-3.032,2.219
3.07,-0.272
-3.083,3.549
3.061,0.523
3.065,1.148
-3.131,1.218
3.109,3.361
2.983,2.469
2.869,2.743
2.912,3.088
2.703,1.33
2.621,2.686
2.694,3.303
2.649,3.307
2.637,1.739
2.533,3.382
2.496,2.644
2.602,1.183
2.429,1.039
2.282,3.698
2.417,-0.21
2.185,2.793
2.286,-0.172
2.098,2.999
2.207,0.593
2.162,1.096
1.982,2.346
1.997,3.026
1.98,3.486
1.683,2.404
1.646,0.025
1.638,1.298
1.529,1.182
1.454,1.47
1.56,3.592
1.567,2.973
1.487,-0.23
1.318,2.449
1.304,3.718
1.207,3.569
1.189,3.59
1.32,3.585
1.211,0.223
1.257,1.32
1.208,2.443
1.039,3.678
1.045,0.869
1.171,2.461
1.09,2.117
1.09,0.45
1.06,3.493
0.795,1.431
0.725,1.349
0.527,0.27
0.5,3.58
0.605,1.997
0.596,2.853
0.43,-0.105
0.341,1.693
0.309,2.288
0.404,3.652
0.269,1.541
0.362,3.616
0.376,2.384
0.177,-0.191
0.155,1.328
0.256,2.81
0.185,1.788
0.174,0.093
0.169,3.567
-0.003,0.059
0.069,2.121
0.028,0.515
-0.101,0.261
-0.011,1.642
-0.12,-0.065
0.008,0.923
-0.067,0.937
-0.095,-0.173
-0.244,0.491
-0.254,0.086
-0.133,1.241
-0.098,3.687
-0.257,3.267
-0.148,0.257
-0.241,1.365
-0.289,1.602
-0.401,-0.049
-0.467,1.507
-0.388,2.042
-0.4,0.885
-0.623,-0.156
-0.61,2.526
-0.52,3.267
-0.548,1.527
-0.689,0.256
-0.782,3.116
-0.676,1.782
-0.795,2.627
-0.782,2.663
-1.036,0.478
-0.975,2.124
-1.265,3.753
-1.407,1.019
-1.29,0.923
-1.433,3.59
-1.743,2.406
-1.868,1.641
-2.002,0.262
-2.032,2.871
-1.939,3.353
-2.118,1.927
-2.022,3.569
-2.192,2.761
-2.376,0.122
-2.609,2.169
-2.76,3.671
-2.796,0.115
-2.815,3.687
-2.742,2.899
-2.898,0.048
-2.796,3.473
-2.959,-0.429
-2.992,-0.552
-3.023,-0.484
-3.092,-0.539
2.427,-0.549
2.102,-0.507
1.344,-0.434
0.132,-0.439
-1.591,-0.344
-2.779,-0.318
3.003,4.06
2.951,4.176
2.892,3.878
2.626,3.915
2.521,4.135
2.524,3.812
2.416,3.879
2.167,4.034
2.134,4.133
0.661,4.022
0.476,4.085
0.28,4.08
-0.479,3.822
-0.798,4.083
-0.788,3.877
-1.419,4.057
-2.268,3.722
-2.823,4.14
-3.066,1.25
-0.356,2.719
-2.112,3.358
-3.061,2.953
-2.979,0.271
-3.043,2.248
3.118,2.252
3.01,0.556
0.634,3.314
0.612,1.376
-0.265,1.342
-1.001,2.232
-1.318,2.216
-2.231,0.721
-2.214,2.919
-2.409,2.278
-2.414,2.707
-2.513,3.354
-2.523,2.538
-2.527,1.737
-2.648,0.681
-2.932,2.212
2.997,2.394
2.721,2.476
0.716,2.438
-2.725,1.01
-1.557,-0.086
-2.555,3.495
-1.78,-0.317
2.705,3.9
-0.04,-0.629
-0.043,0.005
-0.048,0.949
-0.045,-0.752
-0.115,-1.872
-0.137,-0.724
-0.308,-0.317
-0.358,-0.038
-0.403,1.054
-0.501,0.664
-0.513,0.843
-0.612,-0.095
-0.584,-0.767
-0.603,0.014
-0.594,-0.082
-0.675,1.652
-0.716,0.348
-0.729,-0.486
-0.77,-0.129
-0.888,-1.296
-0.832,-0.839
-0.835,-2.185
-0.908,0.502
-0.962,-0.465
-1.024,0.096
-0.952,-0.015
-0.961,-2.175
-1.021,1.298
-1.141,0.608
-1.199,0.378
-1.23,-1.414
-1.329,1.433
-1.516,0.148
-1.713,-1.243
-1.739,-1.011
-1.783,0.462
-1.795,0.274
-1.768,0.842
-1.788,-0.317
-1.933,0.528
-1.94,0.245
-2.021,1.499
-2.088,0.012
-2.148,-1.646
-2.09,0.061
-2.271,-1.061
-2.411,-1.12
-2.553,-2.104
-2.549,0.758
-2.566,-0.22
-2.597,-1.496
-2.609,0.455
-2.694,-0.077
-2.722,-1.467
-2.756,0.62
-2.713,0.349
-2.751,0.258
-2.823,0.222
-2.751,-2.148
-2.749,-2.07
-2.835,0.37
-2.857,-2.095
-2.867,-0.552
-2.859,0.1
-2.881,0.6
-2.954,0.564
-2.917,0.481
2.928,-2.308
2.441,-2.587
0.785,-2.256
0.416,-2.365
0.054,-2.368
-0.131,-2.429
-0.313,-2.414
-0.554,-2.302
-0.749,-2.494
-1.366,-2.332
-1.622,-2.533
-2.344,-2.607
-2.423,-2.515
-2.579,-2.464
-2.706,-2.574
-2.8,-2.302
-3.024,2.095
3.098,2.025
3.052,1.844
3.03,1.893
3.115,1.963
2.869,1.948
2.127,2.03
1.584,2.044
1.591,2.055
1.539,1.901
1.335,1.881
1.399,2.003
0.517,1.864
0.465,1.827
0.423,1.811
0.313,1.884
-0.051,1.99
-0.684,2.067
-1.026,1.793
-1.221,1.876
-1.279,2.184
-1.483,2.294
-1.789,1.868
-2.018,2.274
-2.199,1.891
-2.939,2.036
-2.995,2.1
-3.016,0.518
-3.064,-0.845
-3.118,-1.568
-3.066,-0.733
3.076,-1.559
2.882,0.434
2.756,1.724
2.642,1.696
1.078,1.536
0.507,-0.965
-1.303,1.124
-1.886,1.173
-2.886,0.221
-3.035,1.67
-3.088,-2.083
-3.098,0.635
-2.994,-2.235
-3.097,-1.769
-3.009,0.253
3.093,-2.238
-3.06,1.583
3.084,-1.443
3.088,-0.818
-3.108,-0.748
3.132,1.395
3.006,0.503
2.892,0.777
2.935,1.122
2.726,-0.636
2.644,0.72
2.717,1.337
2.672,1.341
2.66,-0.227
2.556,1.416
2.519,0.678
2.625,-0.783
2.452,-0.927
2.305,1.732
2.44,-2.176
2.208,0.827
2.309,-2.138
2.121,1.033
2.23,-1.373
2.185,-0.87
2.005,0.38
2.02,1.06
2.003,1.52
1.706,0.438
1.669,-1.941
1.661,-0.668
1.552,-0.784
1.477,-0.496
1.583,1.626
1.59,1.007
1.51,-2.196
1.341,0.483
1.327,1.752
1.23,1.603
1.212,1.624
1.343,1.619
1.234,-1.743
1.28,-0.646
1.231,0.477
1.062,1.712
1.068,-1.097
1.194,0.495
1.113,0.151
1.113,-1.516
1.083,1.527
0.818,-0.535
0.748,-0.617
0.55,-1.696
0.523,1.614
0.628,0.031
0.619,0.887
0.453,-2.071
0.364,-0.273
0.332,0.322
0.427,1.686
0.292,-0.425
0.385,1.65
0.399,0.418
0.2,-2.157
0.178,-0.638
0.279,0.844
0.208,-0.178
0.197,-1.873
0.192,1.601
0.02,-1.907
0.092,0.155
0.051,-1.451
-0.078,-1.705
0.012,-0.324
-0.097,-2.031
0.031,-1.043
-0.044,-1.029
-0.072,-2.139
-0.221,-1.475
-0.231,-1.88
-0.11,-0.725
-0.075,1.721
-0.234,1.301
-0.125,-1.709
-0.218,-0.601
-0.266,-0.364
-0.378,-2.015
-0.444,-0.459
-0.365,0.076
-0.377,-1.081
-0.6,-2.122
-0.587,0.56
-0.497,1.301
-0.525,-0.439
-0.666,-1.71
-0.759,1.15
-0.653,-0.184
-0.772,0.661
-0.759,0.697
-1.013,-1.488
-0.952,0.158
-1.242,1.787
-1.384,-0.947
-1.267,-1.043
-1.41,1.624
-1.72,0.44
-1.845,-0.325
-1.979,-1.704
-2.009,0.905
-1.916,1.387
-2.095,-0.039
-1.999,1.603
-2.169,0.795
-2.353,-1.844
-2.586,0.203
-2.737,1.705
-2.773,-1.851
-2.792,1.721
-2.719,0.933
-2.875,-1.918
-2.773,1.507
-2.936,-2.395
-2.969,-2.518
-3.0,-2.45
-3.069,-2.505
2.45,-2.515
2.125,-2.473
1.367,-2.4
0.155,-2.405
-1.568,-2.31
-2.756,-2.284
3.026,2.094
2.974,2.21
2.915,1.912
2.649,1.949
2.544,2.169
2.547,1.846
2.439,1.913
2.19,2.068
2.157,2.167
0.684,2.056
0.499,2.119
0.303,2.114
-0.456,1.856
-0.775,2.117
-0.765,1.911
-1.396,2.091
-2.245,1.756
-2.8,2.174
-3.043,-0.716
-0.333,0.753
-2.089,1.392
-3.038,0.987
-2.956,-1.695
-3.02,0.282
3.141,0.286
3.033,-1.41
0.657,1.348
0.635,-0.59
-0.242,-0.624
-0.978,0.266
-1.295,0.25
-2.208,-1.245
-2.191,0.953
-2.386,0.312
-2.391,0.741
-2.49,1.388
-2.5,0.572
-2.504,-0.229
-2.625,-1.285
-2.909,0.246
3.02,0.428
2.744,0.51
0.739,0.472
-2.702,-0.956
-1.534,-2.052
-2.532,1.529
-1.757,-2.283
2.728,1.934
-0.003,0.634
-0.008,1.578
-0.005,-0.123
-0.075,-1.243
-0.097,-0.095
-0.268,0.312
-0.318,0.591
-0.363,1.683
-0.461,1.293
-0.473,1.472
-0.572,0.534
-0.544,-0.138
-0.563,0.643
-0.554,0.547
-0.635,2.281
-0.676,0.977
-0.689,0.143
-0.73,0.5
-0.848,-0.667
-0.792,-0.21
-0.795,-1.556
-0.868,1.131
-0.922,0.164
-0.984,0.725
-0.912,0.614
-0.921,-1.546
-0.981,1.927
-1.101,1.237
-1.159,1.007
-1.19,-0.785
-1.289,2.062
-1.476,0.777
-1.673,-0.614
-1.699,-0.382
-1.743,1.091
-1.755,0.903
-1.728,1.471
-1.748,0.312
-1.893,1.157
-1.9,0.874
-1.981,2.128
-2.048,0.641
-2.108,-1.017
-2.05,0.69
-2.231,-0.432
-2.371,-0.491
-2.513,-1.475
-2.509,1.387
-2.526,0.409
-2.557,-0.867
-2.569,1.084
-2.654,0.552
-2.682,-0.838
-2.716,1.249
-2.673,0.978
-2.711,0.887
-2.783,0.851
-2.711,-1.519
-2.709,-1.441
-2.795,0.999
-2.817,-1.466
-2.827,0.077
-2.819,0.729
-2.841,1.229
-2.914,1.193
-2.877,1.11
2.968,-1.679
2.481,-1.958
0.825,-1.627
0.456,-1.736
0.094,-1.739
-0.091,-1.8
-0.273,-1.785
-0.514,-1.673
-0.709,-1.865
-1.326,-1.703
-1.582,-1.904
-2.304,-1.978
-2.383,-1.886
-2.539,-1.835
-2.666,-1.945
-2.76,-1.673
-2.984,2.724
3.138,2.654
3.092,2.473
3.07,2.522
-3.128,2.592
2.909,2.577
2.167,2.659
1.624,2.673
1.631,2.684
1.579,2.53
1.375,2.51
1.439,2.632
0.557,2.493
0.505,2.456
0.463,2.44
0.353,2.513
-0.011,2.619
-0.644,2.696
-0.986,2.422
-1.181,2.505
-1.239,2.813
-1.443,2.923
-1.749,2.497
-1.978,2.903
-2.159,2.52
-2.899,2.665
-2.955,2.729
-2.976,1.147
-3.024,-0.216
-3.078,-0.939
-3.026,-0.104
3.116,-0.93
2.922,1.063
2.796,2.353
2.682,2.325
1.118,2.165
0.547,-0.336
-1.263,1.753
-1.846,1.802
-2.846,0.85
-2.995,2.299
-3.048,-1.454
-3.058,1.264
-2.954,-1.606
-3.057,-1.14
-2.969,0.882
3.133,-1.609
-3.02,2.212
3.124,-0.814
3.128,-0.189
-3.068,-0.119
-3.111,2.024
3.046,1.132
2.932,1.406
2.975,1.751
2.766,-0.007
2.684,1.349
2.757,1.966
2.712,1.97
2.7,0.402
2.596,2.045
2.559,1.307
2.665,-0.154
2.492,-0.298
2.345,2.361
2.48,-1.547
2.248,1.456
2.349,-1.509
2.161,1.662
2.27,-0.744
2.225,-0.241
2.045,1.009
2.06,1.689
2.043,2.149
1.746,1.067
1.709,-1.312
1.701,-0.039
1.592,-0.155
1.517,0.133
1.623,2.255
1.63,1.636
1.55,-1.567
1.381,1.112
1.367,2.381
1.27,2.232
1.252,2.253
1.383,2.248
1.274,-1.114
1.32,-0.017
1.271,1.106
1.102,2.341
1.108,-0.468
1.234,1.124
1.153,0.78
1.153,-0.887
1.123,2.156
0.858,0.094
0.788,0.012
0.59,-1.067
0.563,2.243
0.668,0.66
0.659,1.516
0.493,-1.442
0.404,0.356
0.372,0.951
0.467,2.315
0.332,0.204
0.425,2.279
0.439,1.047
0.24,-1.528
0.218,-0.009
0.319,1.473
0.248,0.451
0.237,-1.244
0.232,2.23
0.06,-1.278
0.132,0.784
0.091,-0.822
-0.038,-1.076
0.052,0.305
-0.057,-1.402
0.071,-0.414
-0.004,-0.4
-0.032,-1.51
-0.181,-0.846
-0.191,-1.251
-0.07,-0.096
-0.035,2.35
-0.194,1.93
-0.085,-1.08
-0.178,0.028
-0.226,0.265
-0.338,-1.386
-0.404,0.17
-0.325,0.705
-0.337,-0.452
-0.56,-1.493
-0.547,1.189
-0.457,1.93
-0.485,0.19
-0.626,-1.081
-0.719,1.779
-0.613,0.445
-0.732,1.29
-0.719,1.326
-0.973,-0.859
-0.912,0.787
-1.202,2.416
-1.344,-0.318
-1.227,-0.414
-1.37,2.253
-1.68,1.069
-1.805,0.304
-1.939,-1.075
-1.969,1.534
-1.876,2.016
-2.055,0.59
-1.959,2.232
-2.129,1.424
-2.313,-1.215
-2.546,0.832
-2.697,2.334
-2.733,-1.222
-2.752,2.35
-2.679,1.562
-2.835,-1.289
-2.733,2.136
-2.896,-1.766
-2.929,-1.889
-2.96,-1.821
-3.029,-1.876
2.49,-1.886
2.165,-1.844
1.407,-1.771
0.195,-1.776
-1.528,-1.681
-2.716,-1.655
3.066,2.723
3.014,2.839
2.955,2.541
2.689,2.578
2.584,2.798
2.587,2.475
2.479,2.542
2.23,2.697
2.197,2.796
0.724,2.685
0.539,2.748
0.343,2.743
-0.416,2.485
-0.735,2.746
-0.725,2.54
-1.356,2.72
-2.205,2.385
-2.76,2.803
-3.003,-0.087
-0.293,1.382
-2.049,2.021
-2.998,1.616
-2.916,-1.066
-2.98,0.911
-3.102,0.915
3.073,-0.781
0.697,1.977
0.675,0.039
-0.202,0.005
-0.938,0.895
-1.255,0.879
-2.168,-0.616
-2.151,1.582
-2.346,0.941
-2.351,1.37
-2.45,2.017
-2.46,1.201
-2.464,0.4
-2.585,-0.656
-2.869,0.875
3.06,1.057
2.784,1.139
0.779,1.101
-2.662,-0.327
-1.494,-1.423
-2.492,2.158
-1.717,-1.654
2.768,2.563
-0.005,0.944
-0.002,-0.757
-0.072,-1.877
-0.094,-0.729
-0.265,-0.322
-0.315,-0.043
-0.36,1.049
-0.458,0.659
-0.47,0.838
-0.569,-0.1
-0.541,-0.772
-0.56,0.009
-0.551,-0.087
-0.632,1.647
-0.673,0.343
-0.686,-0.491
-0.727,-0.134
-0.845,-1.301
-0.789,-0.844
-0.792,-2.19
-0.865,0.497
-0.919,-0.47
-0.981,0.091
-0.909,-0.02
-0.918,-2.18
-0.978,1.293
-1.098,0.603
-1.156,0.373
-1.187,-1.419
-1.286,1.428
-1.473,0.143
-1.67,-1.248
-1.696,-1.016
-1.74,0.457
-1.752,0.269
-1.725,0.837
-1.745,-0.322
-1.89,0.523
-1.897,0.24
-1.978,1.494
-2.045,0.007
-2.105,-1.651
-2.047,0.056
-2.228,-1.066
-2.368,-1.125
-2.51,-2.109
-2.506,0.753
-2.523,-0.225
-2.554,-1.501
-2.566,0.45
-2.651,-0.082
-2.679,-1.472
-2.713,0.615
-2.67,0.344
-2.708,0.253
-2.78,0.217
-2.708,-2.153
-2.706,-2.075
-2.792,0.365
-2.814,-2.1
-2.824,-0.557
-2.816,0.095
-2.838,0.595
-2.911,0.559
-2.874,0.476
2.971,-2.313
2.484,-2.592
0.828,-2.261
0.459,-2.37
0.097,-2.373
-0.088,-2.434
-0.27,-2.419
-0.511,-2.307
-0.706,-2.499
-1.323,-2.337
-1.579,-2.538
-2.301,-2.612
-2.38,-2.52
-2.536,-2.469
-2.663,-2.579
-2.757,-2.307
-2.981,2.09
3.141,2.02
3.095,1.839
3.073,1.888
-3.125,1.958
2.912,1.943
2.17,2.025
1.627,2.039
1.634,2.05
1.582,1.896
1.378,1.876
1.442,1.998
0.56,1.859
0.508,1.822
0.466,1.806
0.356,1.879
-0.008,1.985
-0.641,2.062
-0.983,1.788
-1.178,1.871
-1.236,2.179
-1.44,2.289
-1.746,1.863
-1.975,2.269
-2.156,1.886
-2.896,2.031
-2.952,2.095
-2.973,0.513
-3.021,-0.85
-3.075,-1.573
-3.023,-0.738
3.119,-1.564
2.925,0.429
2.799,1.719
2.685,1.691
1.121,1.531
0.55,-0.97
-1.26,1.119
-1.843,1.168
-2.843,0.216
-2.992,1.665
-3.045,-2.088
-3.055,0.63
-2.951,-2.24
-3.054,-1.774
-2.966,0.248
3.136,-2.243
-3.017,1.578
3.127,-1.448
3.131,-0.823
-3.065,-0.753
-3.108,1.39
3.049,0.498
2.935,0.772
2.978,1.117
2.769,-0.641
2.687,0.715
2.76,1.332
2.715,1.336
2.703,-0.232
2.599,1.411
2.562,0.673
2.668,-0.788
2.495,-0.932
2.348,1.727
2.483,-2.181
2.251,0.822
2.352,-2.143
2.164,1.028
2.273,-1.378
2.228,-0.875
2.048,0.375
2.063,1.055
2.046,1.515
1.749,0.433
1.712,-1.946
1.704,-0.673
1.595,-0.789
1.52,-0.501
1.626,1.621
1.633,1.002
1.553,-2.201
1.384,0.478
1.37,1.747
1.273,1.598
1.255,1.619
1.386,1.614
1.277,-1.748
1.323,-0.651
1.274,0.472
1.105,1.707
1.111,-1.102
1.237,0.49
1.156,0.146
1.156,-1.521
1.126,1.522
0.861,-0.54
0.791,-0.622
0.593,-1.701
0.566,1.609
0.671,0.026
0.662,0.882
0.496,-2.076
0.407,-0.278
0.375,0.317
0.47,1.681
0.335,-0.43
0.428,1.645
0.442,0.413
0.243,-2.162
0.221,-0.643
0.322,0.839
0.251,-0.183
0.24,-1.878
0.235,1.596
0.063,-1.912
0.135,0.15
0.094,-1.456
-0.035,-1.71
0.055,-0.329
-0.054,-2.036
0.074,-1.048
-0.001,-1.034
-0.029,-2.144
-0.178,-1.48
-0.188,-1.885
-0.067,-0.73
-0.032,1.716
-0.191,1.296
-0.082,-1.714
-0.175,-0.606
-0.223,-0.369
-0.335,-2.02
-0.401,-0.464
-0.322,0.071
-0.334,-1.086
-0.557,-2.127
-0.544,0.555
-0.454,1.296
-0.482,-0.444
-0.623,-1.715
-0.716,1.145
-0.61,-0.189
-0.729,0.656
-0.716,0.692
-0.97,-1.493
-0.909,0.153
-1.199,1.782
-1.341,-0.952
-1.224,-1.048
-1.367,1.619
-1.677,0.435
-1.802,-0.33
-1.936,-1.709
-1.966,0.9
-1.873,1.382
-2.052,-0.044
-1.956,1.598
-2.126,0.79
-2.31,-1.849
-2.543,0.198
-2.694,1.7
-2.73,-1.856
-2.749,1.716
-2.676,0.928
-2.832,-1.923
-2.73,1.502
-2.893,-2.4
-2.926,-2.523
-2.957,-2.455
-3.026,-2.51
2.493,-2.52
2.168,-2.478
1.41,-2.405
0.198,-2.41
-1.525,-2.315
-2.713,-2.289
3.069,2.089
3.017,2.205
2.958,1.907
2.692,1.944
2.587,2.164
2.59,1.841
2.482,1.908
2.233,2.063
2.2,2.162
0.727,2.051
0.542,2.114
0.346,2.109
-0.413,1.851
-0.732,2.112
-0.722,1.906
-1.353,2.086
-2.202,1.751
-2.757,2.169
-3.0,-0.721
-0.29,0.748
-2.046,1.387
-2.995,0.982
-2.913,-1.7
-2.977,0.277
-3.099,0.281
3.076,-1.415
0.7,1.343
0.678,-0.595
-0.199,-0.629
-0.935,0.261
-1.252,0.245
-2.165,-1.25
-2.148,0.948
-2.343,0.307
-2.348,0.736
-2.447,1.383
-2.457,0.567
-2.461,-0.234
-2.582,-1.29
-2.866,0.241
3.063,0.423
2.787,0.505
0.782,0.467
-2.659,-0.961
-1.491,-2.057
-2.489,1.524
-1.714,-2.288
2.771,1.929
0.003,-1.701
-0.067,-2.821
-0.089,-1.673
-0.26,-1.266
-0.31,-0.987
-0.355,0.105
-0.453,-0.285
-0.465,-0.106
-0.564,-1.044
-0.536,-1.716
-0.555,-0.935
-0.546,-1.031
-0.627,0.703
-0.668,-0.601
-0.681,-1.435
-0.722,-1.078
-0.84,-2.245
-0.784,-1.788
-0.787,-3.134
-0.86,-0.447
-0.914,-1.414
-0.976,-0.853
-0.904,-0.964
-0.913,-3.124
-0.973,0.349
-1.093,-0.341
-1.151,-0.571
-1.182,-2.363
-1.281,0.484
-1.468,-0.801
-1.665,-2.192
-1.691,-1.96
-1.735,-0.487
-1.747,-0.675
-1.72,-0.107
-1.74,-1.266
-1.885,-0.421
-1.892,-0.704
-1.973,0.55
-2.04,-0.937
-2.1,-2.595
-2.042,-0.888
-2.223,-2.01
-2.363,-2.069
-2.505,-3.053
-2.501,-0.191
-2.518,-1.169
-2.549,-2.445
-2.561,-0.494
-2.646,-1.026
-2.674,-2.416
-2.708,-0.329
-2.665,-0.6
-2.703,-0.691
-2.775,-0.727
-2.703,-3.097
-2.701,-3.019
-2.787,-0.579
-2.809,-3.044
-2.819,-1.501
-2.811,-0.849
-2.833,-0.349
-2.906,-0.385
-2.869,-0.468
2.976,-3.257
2.489,-3.536
0.833,-3.205
0.464,-3.314
0.102,-3.317
-0.083,-3.378
-0.265,-3.363
-0.506,-3.251
-0.701,-3.443
-1.318,-3.281
-1.574,-3.482
-2.296,-3.556
-2.375,-3.464
-2.531,-3.413
-2.658,-3.523
-2.752,-3.251
-2.976,1.146
-3.137,1.076
3.1,0.895
3.078,0.944
-3.12,1.014
2.917,0.999
2.175,1.081
1.632,1.095
1.639,1.106
1.587,0.952
1.383,0.932
1.447,1.054
0.565,0.915
0.513,0.878
0.471,0.862
0.361,0.935
-0.003,1.041
-0.636,1.118
-0.978,0.844
-1.173,0.927
-1.231,1.235
-1.435,1.345
-1.741,0.919
-1.97,1.325
-2.151,0.942
-2.891,1.087
-2.947,1.151
-2.968,-0.431
-3.016,-1.794
-3.07,-2.517
-3.018,-1.682
3.124,-2.508
2.93,-0.515
2.804,0.775
2.69,0.747
1.126,0.587
0.555,-1.914
-1.255,0.175
-1.838,0.224
-2.838,-0.728
-2.987,0.721
-3.04,-3.032
-3.05,-0.314
-2.946,-3.184
-3.049,-2.718
-2.961,-0.696
3.141,-3.187
-3.012,0.634
3.132,-2.392
3.136,-1.767
-3.06,-1.697
-3.103,0.446
3.054,-0.446
2.94,-0.172
2.983,0.173
2.774,-1.585
2.692,-0.229
2.765,0.388
2.72,0.392
2.708,-1.176
2.604,0.467
2.567,-0.271
2.673,-1.732
2.5,-1.876
2.353,0.783
2.488,-3.125
2.256,-0.122
2.357,-3.087
2.169,0.084
2.278,-2.322
2.233,-1.819
2.053,-0.569
2.068,0.111
2.051,0.571
1.754,-0.511
1.717,-2.89
1.709,-1.617
1.6,-1.733
1.525,-1.445
1.631,0.677
1.638,0.058
1.558,-3.145
1.389,-0.466
1.375,0.803
1.278,0.654
1.26,0.675
1.391,0.67
1.282,-2.692
1.328,-1.595
1.279,-0.472
1.11,0.763
1.116,-2.046
1.242,-0.454
1.161,-0.798
1.161,-2.465
1.131,0.578
0.866,-1.484
0.796,-1.566
0.598,-2.645
0.571,0.665
0.676,-0.918
0.667,-0.062
0.501,-3.02
0.412,-1.222
0.38,-0.627
0.475,0.737
0.34,-1.374
0.433,0.701
0.447,-0.531
0.248,-3.106
0.226,-1.587
0.327,-0.105
0.256,-1.127
0.245,-2.822
0.24,0.652
0.068,-2.856
0.14,-0.794
0.099,-2.4
-0.03,-2.654
0.06,-1.273
-0.049,-2.98
0.079,-1.992
0.004,-1.978
-0.024,-3.088
-0.173,-2.424
-0.183,-2.829
-0.062,-1.674
-0.027,0.772
-0.186,0.352
-0.077,-2.658
-0.17,-1.55
-0.218,-1.313
-0.33,-2.964
-0.396,-1.408
-0.317,-0.873
-0.329,-2.03
-0.552,-3.071
-0.539,-0.389
-0.449,0.352
-0.477,-1.388
-0.618,-2.659
-0.711,0.201
-0.605,-1.133
-0.724,-0.288
-0.711,-0.252
-0.965,-2.437
-0.904,-0.791
-1.194,0.838
-1.336,-1.896
-1.219,-1.992
-1.362,0.675
-1.672,-0.509
-1.797,-1.274
-1.931,-2.653
-1.961,-0.044
-1.868,0.438
-2.047,-0.988
-1.951,0.654
-2.121,-0.154
-2.305,-2.793
-2.538,-0.746
-2.689,0.756
-2.725,-2.8
-2.744,0.772
-2.671,-0.016
-2.827,-2.867
-2.725,0.558
-2.888,-3.344
-2.921,-3.467
-2.952,-3.399
-3.021,-3.454
2.498,-3.464
2.173,-3.422
1.415,-3.349
0.203,-3.354
-1.52,-3.259
-2.708,-3.233
3.074,1.145
3.022,1.261
2.963,0.963
2.697,1.0
2.592,1.22
2.595,0.897
2.487,0.964
2.238,1.119
2.205,1.218
0.732,1.107
0.547,1.17
0.351,1.165
-0.408,0.907
-0.727,1.168
-0.717,0.962
-1.348,1.142
-2.197,0.807
-2.752,1.225
-2.995,-1.665
-0.285,-0.196
-2.041,0.443
-2.99,0.038
-2.908,-2.644
-2.972,-0.667
-3.094,-0.663
3.081,-2.359
0.705,0.399
0.683,-1.539
-0.194,-1.573
-0.93,-0.683
-1.247,-0.699
-2.16,-2.194
-2.143,0.004
-2.338,-0.637
-2.343,-0.208
-2.442,0.439
-2.452,-0.377
-2.456,-1.178
-2.577,-2.234
-2.861,-0.703
3.068,-0.521
2.792,-0.439
0.787,-0.477
-2.654,-1.905
-1.486,-3.001
-2.484,0.58
-1.709,-3.232
2.776,0.985
-0.07,-1.12
-0.092,0.028
-0.263,0.435
-0.313,0.714
-0.358,1.806
-0.456,1.416
-0.468,1.595
-0.567,0.657
-0.539,-0.015
-0.558,0.766
-0.549,0.67
-0.63,2.404
-0.671,1.1
-0.684,0.266
-0.725,0.623
-0.843,-0.544
-0.787,-0.087
-0.79,-1.433
-0.863,1.254
-0.917,0.287
-0.979,0.848
-0.907,0.737
-0.916,-1.423
-0.976,2.05
-1.096,1.36
-1.154,1.13
-1.185,-0.662
-1.284,2.185
-1.471,0.9
-1.668,-0.491
-1.694,-0.259
-1.738,1.214
-1.75,1.026
-1.723,1.594
-1.743,0.435
-1.888,1.28
-1.895,0.997
-1.976,2.251
-2.043,0.764
-2.103,-0.894
-2.045,0.813
-2.226,-0.309
-2.366,-0.368
-2.508,-1.352
-2.504,1.51
-2.521,0.532
-2.552,-0.744
-2.564,1.207
-2.649,0.675
-2.677,-0.715
-2.711,1.372
-2.668,1.101
-2.706,1.01
-2.778,0.974
-2.706,-1.396
-2.704,-1.318
-2.79,1.122
-2.812,-1.343
-2.822,0.2
-2.814,0.852
-2.836,1.352
-2.909,1.316
-2.872,1.233
2.973,-1.556
2.486,-1.835
0.83,-1.504
0.461,-1.613
0.099,-1.616
-0.086,-1.677
-0.268,-1.662
-0.509,-1.55
-0.704,-1.742
-1.321,-1.58
-1.577,-1.781
-2.299,-1.855
-2.378,-1.763
-2.534,-1.712
-2.661,-1.822
-2.755,-1.55
-2.979,2.847
-3.14,2.777
3.097,2.596
3.075,2.645
-3.123,2.715
2.914,2.7
2.172,2.782
1.629,2.796
1.636,2.807
1.584,2.653
1.38,2.633
1.444,2.755
0.562,2.616
0.51,2.579
0.468,2.563
0.358,2.636
-0.006,2.742
-0.639,2.819
-0.981,2.545
-1.176,2.628
-1.234,2.936
-1.438,3.046
-1.744,2.62
-1.973,3.026
-2.154,2.643
-2.894,2.788
-2.95,2.852
-2.971,1.27
-3.019,-0.093
-3.073,-0.816
-3.021,0.019
3.121,-0.807
2.927,1.186
2.801,2.476
2.687,2.448
1.123,2.288
0.552,-0.213
-1.258,1.876
-1.841,1.925
-2.841,0.973
-2.99,2.422
-3.043,-1.331
-3.053,1.387
-2.949,-1.483
-3.052,-1.017
-2.964,1.005
3.138,-1.486
-3.015,2.335
3.129,-0.691
3.133,-0.066
-3.063,0.004
-3.106,2.147
3.051,1.255
2.937,1.529
2.98,1.874
2.771,0.116
2.689,1.472
2.762,2.089
2.717,2.093
2.705,0.525
2.601,2.168
2.564,1.43
2.67,-0.031
2.497,-0.175
2.35,2.484
2.485,-1.424
2.253,1.579
2.354,-1.386
2.166,1.785
2.275,-0.621
2.23,-0.118
2.05,1.132
2.065,1.812
2.048,2.272
1.751,1.19
1.714,-1.189
1.706,0.084
1.597,-0.032
1.522,0.256
1.628,2.378
1.635,1.759
1.555,-1.444
1.386,1.235
1.372,2.504
1.275,2.355
1.257,2.376
1.388,2.371
1.279,-0.991
1.325,0.106
1.276,1.229
1.107,2.464
1.113,-0.345
1.239,1.247
1.158,0.903
1.158,-0.764
1.128,2.279
0.863,0.217
0.793,0.135
0.595,-0.944
0.568,2.366
0.673,0.783
0.664,1.639
0.498,-1.319
0.409,0.479
0.377,1.074
0.472,2.438
0.337,0.327
0.43,2.402
0.444,1.17
0.245,-1.405
0.223,0.114
0.324,1.596
0.253,0.574
0.242,-1.121
0.237,2.353
0.065,-1.155
0.137,0.907
0.096,-0.699
-0.033,-0.953
0.057,0.428
-0.052,-1.279
0.076,-0.291
0.001,-0.277
-0.027,-1.387
-0.176,-0.723
-0.186,-1.128
-0.065,0.027
-0.03,2.473
-0.189,2.053
-0.08,-0.957
-0.173,0.151
-0.221,0.388
-0.333,-1.263
-0.399,0.293
-0.32,0.828
-0.332,-0.329
-0.555,-1.37
-0.542,1.312
-0.452,2.053
-0.48,0.313
-0.621,-0.958
-0.714,1.902
-0.608,0.568
-0.727,1.413
-0.714,1.449
-0.968,-0.736
-0.907,0.91
-1.197,2.539
-1.339,-0.195
-1.222,-0.291
-1.365,2.376
-1.675,1.192
-1.8,0.427
-1.934,-0.952
-1.964,1.657
-1.871,2.139
-2.05,0.713
-1.954,2.355
-2.124,1.547
-2.308,-1.092
-2.541,0.955
-2.692,2.457
-2.728,-1.099
-2.747,2.473
-2.674,1.685
-2.83,-1.166
-2.728,2.259
-2.891,-1.643
-2.924,-1.766
-2.955,-1.698
-3.024,-1.753
2.495,-1.763
2.17,-1.721
1.412,-1.648
0.2,-1.653
-1.523,-1.558
-2.711,-1.532
3.071,2.846
3.019,2.962
2.96,2.664
2.694,2.701
2.589,2.921
2.592,2.598
2.484,2.665
2.235,2.82
2.202,2.919
0.729,2.808
0.544,2.871
0.348,2.866
-0.411,2.608
-0.73,2.869
-0.72,2.663
-1.351,2.843
-2.2,2.508
-2.755,2.926
-2.998,0.036
-0.288,1.505
-2.044,2.144
-2.993,1.739
-2.911,-0.943
-2.975,1.034
-3.097,1.038
3.078,-0.658
0.702,2.1
0.68,0.162
-0.197,0.128
-0.933,1.018
-1.25,1.002
-2.163,-0.493
-2.146,1.705
-2.341,1.064
-2.346,1.493
-2.445,2.14
-2.455,1.324
-2.459,0.523
-2.58,-0.533
-2.864,0.998
3.065,1.18
2.789,1.262
0.784,1.224
-2.657,-0.204
-1.489,-1.3
-2.487,2.281
-1.712,-1.531
2.773,2.686
-0.022,1.148
-0.193,1.555
-0.243,1.834
-0.288,2.926
-0.386,2.536
-0.398,2.715
-0.497,1.777
-0.469,1.105
-0.488,1.886
-0.479,1.79
-0.56,3.524
-0.601,2.22
-0.614,1.386
-0.655,1.743
-0.773,0.576
-0.717,1.033
-0.72,-0.313
-0.793,2.374
-0.847,1.407
-0.909,1.968
-0.837,1.857
-0.846,-0.303
-0.906,3.17
-1.026,2.48
-1.084,2.25
-1.115,0.458
-1.214,3.305
-1.401,2.02
-1.598,0.629
-1.624,0.861
-1.668,2.334
-1.68,2.146
-1.653,2.714
-1.673,1.555
-1.818,2.4
-1.825,2.117
-1.906,3.371
-1.973,1.884
-2.033,0.226
-1.975,1.933
-2.156,0.811
-2.296,0.752
-2.438,-0.232
-2.434,2.63
-2.451,1.652
-2.482,0.376
-2.494,2.327
-2.579,1.795
-2.607,0.405
-2.641,2.492
-2.598,2.221
-2.636,2.13
-2.708,2.094
-2.636,-0.276
-2.634,-0.198
-2.72,2.242
-2.742,-0.223
-2.752,1.32
-2.744,1.972
-2.766,2.472
-2.839,2.436
-2.802,2.353
3.043,-0.436
2.556,-0.715
0.9,-0.384
0.531,-0.493
0.169,-0.496
-0.016,-0.557
-0.198,-0.542
-0.439,-0.43
-0.634,-0.622
-1.251,-0.46
-1.507,-0.661
-2.229,-0.735
-2.308,-0.643
-2.464,-0.592
-2.591,-0.702
-2.685,-0.43
-2.909,3.967
-3.07,3.897
-3.116,3.716
-3.138,3.765
-3.053,3.835
2.984,3.82
2.242,3.902
1.699,3.916
1.706,3.927
1.654,3.773
1.45,3.753
1.514,3.875
0.632,3.736
0.58,3.699
0.538,3.683
0.428,3.756
0.064,3.862
-0.569,3.939
-0.911,3.665
-1.106,3.748
-1.164,4.056
-1.368,4.166
-1.674,3.74
-1.903,4.146
-2.084,3.763
-2.824,3.908
-2.88,3.972
-2.901,2.39
-2.949,1.027
-3.003,0.304
-2.951,1.139
-3.092,0.313
2.997,2.306
2.871,3.596
2.757,3.568
1.193,3.408
0.622,0.907
-1.188,2.996
-1.771,3.045
-2.771,2.093
-2.92,3.542
-2.973,-0.211
-2.983,2.507
-2.879,-0.363
-2.982,0.103
-2.894,2.125
-3.075,-0.366
-2.945,3.455
-3.084,0.429
-3.08,1.054
-2.993,1.124
-3.036,3.267
3.121,2.375
3.007,2.649
3.05,2.994
2.841,1.236
2.759,2.592
2.832,3.209
2.787,3.213
2.775,1.645
2.671,3.288
2.634,2.55
2.74,1.089
2.567,0.945
2.42,3.604
2.555,-0.304
2.323,2.699
2.424,-0.266
2.236,2.905
2.345,0.499
2.3,1.002
2.12,2.252
2.135,2.932
2.118,3.392
1.821,2.31
1.784,-0.069
1.776,1.204
1.667,1.088
1.592,1.376
1.698,3.498
1.705,2.879
1.625,-0.324
1.456,2.355
1.442,3.624
1.345,3.475
1.327,3.496
1.458,3.491
1.349,0.129
1.395,1.226
1.346,2.349
1.177,3.584
1.183,0.775
1.309,2.367
1.228,2.023
1.228,0.356
1.198,3.399
0.933,1.337
0.863,1.255
0.665,0.176
0.638,3.486
0.743,1.903
0.734,2.759
0.568,-0.199
0.479,1.599
0.447,2.194
0.542,3.558
0.407,1.447
0.5,3.522
0.514,2.29
0.315,-0.285
0.293,1.234
0.394,2.716
0.323,1.694
0.312,-0.001
0.307,3.473
0.135,-0.035
0.207,2.027
0.166,0.421
0.037,0.167
0.127,1.548
0.018,-0.159
0.146,0.829
0.071,0.843
0.043,-0.267
-0.106,0.397
-0.116,-0.008
0.005,1.147
0.04,3.593
-0.119,3.173
-0.01,0.163
-0.103,1.271
-0.151,1.508
-0.263,-0.143
-0.329,1.413
-0.25,1.948
-0.262,0.791
-0.485,-0.25
-0.472,2.432
-0.382,3.173
-0.41,1.433
-0.551,0.162
-0.644,3.022
-0.538,1.688
-0.657,2.533
-0.644,2.569
-0.898,0.384
-0.837,2.03
-1.127,3.659
-1.269,0.925
-1.152,0.829
-1.295,3.496
-1.605,2.312
-1.73,1.547
-1.864,0.168
-1.894,2.777
-1.801,3.259
-1.98,1.833
-1.884,3.475
-2.054,2.667
-2.238,0.028
-2.471,2.075
-2.622,3.577
-2.658,0.021
-2.677,3.593
-2.604,2.805
-2.76,-0.046
-2.658,3.379
-2.821,-0.523
-2.854,-0.646
-2.885,-0.578
-2.954,-0.633
2.565,-0.643
2.24,-0.601
1.482,-0.528
0.27,-0.533
-1.453,-0.438
-2.641,-0.412
3.141,3.966
3.089,4.082
3.03,3.784
2.764,3.821
2.659,4.041
2.662,3.718
2.554,3.785
2.305,3.94
2.272,4.039
0.799,3.928
0.614,3.991
0.418,3.986
-0.341,3.728
-0.66,3.989
-0.65,3.783
-1.281,3.963
-2.13,3.628
-2.685,4.046
-2.928,1.156
-0.218,2.625
-1.974,3.264
-2.923,2.859
-2.841,0.177
-2.905,2.154
-3.027,2.158
-3.135,0.462
0.772,3.22
0.75,1.282
-0.127,1.248
-0.863,2.138
-1.18,2.122
-2.093,0.627
-2.076,2.825
-2.271,2.184
-2.276,2.613
-2.375,3.26
-2.385,2.444
-2.389,1.643
-2.51,0.587
-2.794,2.118
3.135,2.3
2.859,2.382
0.854,2.344
-2.587,0.916
-1.419,-0.18
-2.417,3.401
-1.642,-0.411
2.843,3.806
-0.171,0.407
-0.221,0.686
-0.266,1.778
-0.364,1.388
-0.376,1.567
-0.475,0.629
-0.447,-0.043
-0.466,0.738
-0.457,0.642
-0.538,2.376
-0.579,1.072
-0.592,0.238
-0.633,0.595
-0.751,-0.572
-0.695,-0.115
-0.698,-1.461
-0.771,1.226
-0.825,0.259
-0.887,0.82
-0.815,0.709
-0.824,-1.451
-0.884,2.022
-1.004,1.332
-1.062,1.102
-1.093,-0.69
-1.192,2.157
-1.379,0.872
-1.576,-0.519
-1.602,-0.287
-1.646,1.186
-1.658,0.998
-1.631,1.566
-1.651,0.407
-1.796,1.252
-1.803,0.969
-1.884,2.223
-1.951,0.736
-2.011,-0.922
-1.953,0.785
-2.134,-0.337
-2.274,-0.396
-2.416,-1.38
-2.412,1.482
-2.429,0.504
-2.46,-0.772
-2.472,1.179
-2.557,0.647
-2.585,-0.743
-2.619,1.344
-2.576,1.073
-2.614,0.982
-2.686,0.946
-2.614,-1.424
-2.612,-1.346
-2.698,1.094
-2.72,-1.371
-2.73,0.172
-2.722,0.824
-2.744,1.324
-2.817,1.288
-2.78,1.205
3.065,-1.584
2.578,-1.863
0.922,-1.532
0.553,-1.641
0.191,-1.644
0.006,-1.705
-0.176,-1.69
-0.417,-1.578
-0.612,-1.77
-1.229,-1.608
-1.485,-1.809
-2.207,-1.883
-2.286,-1.791
-2.442,-1.74
-2.569,-1.85
-2.663,-1.578
-2.887,2.819
-3.048,2.749
-3.094,2.568
-3.116,2.617
-3.031,2.687
3.006,2.672
2.264,2.754
1.721,2.768
1.728,2.779
1.676,2.625
1.472,2.605
1.536,2.727
0.654,2.588
0.602,2.551
0.56,2.535
0.45,2.608
0.086,2.714
-0.547,2.791
-0.889,2.517
-1.084,2.6
-1.142,2.908
-1.346,3.018
-1.652,2.592
-1.881,2.998
-2.062,2.615
-2.802,2.76
-2.858,2.824
-2.879,1.242
-2.927,-0.121
-2.981,-0.844
-2.929,-0.009
-3.07,-0.835
3.019,1.158
2.893,2.448
2.779,2.42
1.215,2.26
0.644,-0.241
-1.166,1.848
-1.749,1.897
-2.749,0.945
-2.898,2.394
-2.951,-1.359
-2.961,1.359
-2.857,-1.511
-2.96,-1.045
-2.872,0.977
-3.053,-1.514
-2.923,2.307
-3.062,-0.719
-3.058,-0.094
-2.971,-0.024
-3.014,2.119
-3.14,1.227
3.029,1.501
3.072,1.846
2.863,0.088
2.781,1.444
2.854,2.061
2.809,2.065
2.797,0.497
2.693,2.14
2.656,1.402
2.762,-0.059
2.589,-0.203
2.442,2.456
2.577,-1.452
2.345,1.551
2.446,-1.414
2.258,1.757
2.367,-0.649
2.322,-0.146
2.142,1.104
2.157,1.784
2.14,2.244
1.843,1.162
1.806,-1.217
1.798,0.056
1.689,-0.06
1.614,0.228
1.72,2.35
1.727,1.731
1.647,-1.472
1.478,1.207
1.464,2.476
1.367,2.327
1.349,2.348
1.48,2.343
1.371,-1.019
1.417,0.078
1.368,1.201
1.199,2.436
1.205,-0.373
1.331,1.219
1.25,0.875
1.25,-0.792
1.22,2.251
0.955,0.189
0.885,0.107
0.687,-0.972
0.66,2.338
0.765,0.755
0.756,1.611
0.59,-1.347
0.501,0.451
0.469,1.046
0.564,2.41
0.429,0.299
0.522,2.374
0.536,1.142
0.337,-1.433
0.315,0.086
0.416,1.568
0.345,0.546
0.334,-1.149
0.329,2.325
0.157,-1.183
0.229,0.879
0.188,-0.727
0.059,-0.981
0.149,0.4
0.04,-1.307
0.168,-0.319
0.093,-0.305
0.065,-1.415
-0.084,-0.751
-0.094,-1.156
0.027,-0.001
0.062,2.445
-0.097,2.025
0.012,-0.985
-0.081,0.123
-0.129,0.36
-0.241,-1.291
-0.307,0.265
-0.228,0.8
-0.24,-0.357
-0.463,-1.398
-0.45,1.284
-0.36,2.025
-0.388,0.285
-0.529,-0.986
-0.622,1.874
-0.516,0.54
-0.635,1.385
-0.622,1.421
-0.876,-0.764
-0.815,0.882
-1.105,2.511
-1.247,-0.223
-1.13,-0.319
-1.273,2.348
-1.583,1.164
-1.708,0.399
-1.842,-0.98
-1.872,1.629
-1.779,2.111
-1.958,0.685
-1.862,2.327
-2.032,1.519
-2.216,-1.12
-2.449,0.927
-2.6,2.429
-2.636,-1.127
-2.655,2.445
-2.582,1.657
-2.738,-1.194
-2.636,2.231
-2.799,-1.671
-2.832,-1.794
-2.863,-1.726
-2.932,-1.781
2.587,-1.791
2.262,-1.749
1.504,-1.676
0.292,-1.681
-1.431,-1.586
-2.619,-1.56
-3.12,2.818
3.111,2.934
3.052,2.636
2.786,2.673
2.681,2.893
2.684,2.57
2.576,2.637
2.327,2.792
2.294,2.891
0.821,2.78
0.636,2.843
0.44,2.838
-0.319,2.58
-0.638,2.841
-0.628,2.635
-1.259,2.815
-2.108,2.48
-2.663,2.898
-2.906,0.008
-0.196,1.477
-1.952,2.116
-2.901,1.711
-2.819,-0.971
-2.883,1.006
-3.005,1.01
-3.113,-0.686
0.794,2.072
0.772,0.134
-0.105,0.1
-0.841,0.99
-1.158,0.974
-2.071,-0.521
-2.054,1.677
-2.249,1.036
-2.254,1.465
-2.353,2.112
-2.363,1.296
-2.367,0.495
-2.488,-0.561
-2.772,0.97
-3.126,1.152
2.881,1.234
0.876,1.196
-2.565,-0.232
-1.397,-1.328
-2.395,2.253
-1.62,-1.559
2.865,2.658
-0.05,0.279
-0.095,1.371
-0.193,0.981
-0.205,1.16
-0.304,0.222
-0.276,-0.45
-0.295,0.331
-0.286,0.235
-0.367,1.969
-0.408,0.665
-0.421,-0.169
-0.462,0.188
-0.58,-0.979
-0.524,-0.522
-0.527,-1.868
-0.6,0.819
-0.654,-0.148
-0.716,0.413
-0.644,0.302
-0.653,-1.858
-0.713,1.615
-0.833,0.925
-0.891,0.695
-0.922,-1.097
-1.021,1.75
-1.208,0.465
-1.405,-0.926
-1.431,-0.694
-1.475,0.779
-1.487,0.591
-1.46,1.159
-1.48,0.0
-1.625,0.845
-1.632,0.562
-1.713,1.816
-1.78,0.329
-1.84,-1.329
-1.782,0.378
-1.963,-0.744
-2.103,-0.803
-2.245,-1.787
-2.241,1.075
-2.258,0.097
-2.289,-1.179
-2.301,0.772
-2.386,0.24
-2.414,-1.15
-2.448,0.937
-2.405,0.666
-2.443,0.575
-2.515,0.539
-2.443,-1.831
-2.441,-1.753
-2.527,0.687
-2.549,-1.778
-2.559,-0.235
-2.551,0.417
-2.573,0.917
-2.646,0.881
-2.609,0.798
-3.047,-1.991
2.749,-2.27
1.093,-1.939
0.724,-2.048
0.362,-2.051
0.177,-2.112
-0.005,-2.097
-0.246,-1.985
-0.441,-2.177
-1.058,-2.015
-1.314,-2.216
-2.036,-2.29
-2.115,-2.198
-2.271,-2.147
-2.398,-2.257
-2.492,-1.985
-2.716,2.412
-2.877,2.342
-2.923,2.161
-2.945,2.21
-2.86,2.28
-3.106,2.265
2.435,2.347
1.892,2.361
1.899,2.372
1.847,2.218
1.643,2.198
1.707,2.32
0.825,2.181
0.773,2.144
0.731,2.128
0.621,2.201
0.257,2.307
-0.376,2.384
-0.718,2.11
-0.913,2.193
-0.971,2.501
-1.175,2.611
-1.481,2.185
-1.71,2.591
-1.891,2.208
-2.631,2.353
-2.687,2.417
-2.708,0.835
-2.756,-0.528
-2.81,-1.251
-2.758,-0.416
-2.899,-1.242
-3.093,0.751
3.064,2.041
2.95,2.013
1.386,1.853
0.815,-0.648
-0.995,1.441
-1.578,1.49
-2.578,0.538
-2.727,1.987
-2.78,-1.766
-2.79,0.952
-2.686,-1.918
-2.789,-1.452
-2.701,0.57
-2.882,-1.921
-2.752,1.9
-2.891,-1.126
-2.887,-0.501
-2.8,-0.431
-2.843,1.712
-2.969,0.82
-3.083,1.094
-3.04,1.439
3.034,-0.319
2.952,1.037
3.025,1.654
2.98,1.658
2.968,0.09
2.864,1.733
2.827,0.995
2.933,-0.466
2.76,-0.61
2.613,2.049
2.748,-1.859
2.516,1.144
2.617,-1.821
2.429,1.35
2.538,-1.056
2.493,-0.553
2.313,0.697
2.328,1.377
2.311,1.837
2.014,0.755
1.977,-1.624
1.969,-0.351
1.86,-0.467
1.785,-0.179
1.891,1.943
1.898,1.324
1.818,-1.879
1.649,0.8
1.635,2.069
1.538,1.92
1.52,1.941
1.651,1.936
1.542,-1.426
1.588,-0.329
1.539,0.794
1.37,2.029
1.376,-0.78
1.502,0.812
1.421,0.468
1.421,-1.199
1.391,1.844
1.126,-0.218
1.056,-0.3
0.858,-1.379
0.831,1.931
0.936,0.348
0.927,1.204
0.761,-1.754
0.672,0.044
0.64,0.639
0.735,2.003
0.6,-0.108
0.693,1.967
0.707,0.735
0.508,-1.84
0.486,-0.321
0.587,1.161
0.516,0.139
0.505,-1.556
0.5,1.918
0.328,-1.59
0.4,0.472
0.359,-1.134
0.23,-1.388
0.32,-0.007
0.211,-1.714
0.339,-0.726
0.264,-0.712
0.236,-1.822
0.087,-1.158
0.077,-1.563
0.198,-0.408
0.233,2.038
0.074,1.618
0.183,-1.392
0.09,-0.284
0.042,-0.047
-0.07,-1.698
-0.136,-0.142
-0.057,0.393
-0.069,-0.764
-0.292,-1.805
-0.279,0.877
-0.189,1.618
-0.217,-0.122
-0.358,-1.393
-0.451,1.467
-0.345,0.133
-0.464,0.978
-0.451,1.014
-0.705,-1.171
-0.644,0.475
-0.934,2.104
-1.076,-0.63
-0.959,-0.726
-1.102,1.941
-1.412,0.757
-1.537,-0.008
-1.671,-1.387
-1.701,1.222
-1.608,1.704
-1.787,0.278
-1.691,1.92
-1.861,1.112
-2.045,-1.527
-2.278,0.52
-2.429,2.022
-2.465,-1.534
-2.484,2.038
-2.411,1.25
-2.567,-1.601
-2.465,1.824
-2.628,-2.078
-2.661,-2.201
-2.692,-2.133
-2.761,-2.188
2.758,-2.198
2.433,-2.156
1.675,-2.083
0.463,-2.088
-1.26,-1.993
-2.448,-1.967
-2.949,2.411
-3.001,2.527
-3.06,2.229
2.957,2.266
2.852,2.486
2.855,2.163
2.747,2.23
2.498,2.385
2.465,2.484
0.992,2.373
0.807,2.436
0.611,2.431
-0.148,2.173
-0.467,2.434
-0.457,2.228
-1.088,2.408
-1.937,2.073
-2.492,2.491
-2.735,-0.399
-0.025,1.07
-1.781,1.709
-2.73,1.304
-2.648,-1.378
-2.712,0.599
-2.834,0.603
-2.942,-1.093
0.965,1.665
0.943,-0.273
0.066,-0.307
-0.67,0.583
-0.987,0.567
-1.9,-0.928
-1.883,1.27
-2.078,0.629
-2.083,1.058
-2.182,1.705
-2.192,0.889
-2.196,0.088
-2.317,-0.968
-2.601,0.563
-2.955,0.745
3.052,0.827
1.047,0.789
-2.394,-0.639
-1.226,-1.735
-2.224,1.846
-1.449,-1.966
3.036,2.251
-0.045,1.092
-0.143,0.702
-0.155,0.881
-0.254,-0.057
-0.226,-0.729
-0.245,0.052
-0.236,-0.044
-0.317,1.69
-0.358,0.386
-0.371,-0.448
-0.412,-0.091
-0.53,-1.258
-0.474,-0.801
-0.477,-2.147
-0.55,0.54
-0.604,-0.427
-0.666,0.134
-0.594,0.023
-0.603,-2.137
-0.663,1.336
-0.783,0.646
-0.841,0.416
-0.872,-1.376
-0.971,1.471
-1.158,0.186
-1.355,-1.205
-1.381,-0.973
-1.425,0.5
-1.437,0.312
-1.41,0.88
-1.43,-0.279
-1.575,0.566
-1.582,0.283
-1.663,1.537
-1.73,0.05
-1.79,-1.608
-1.732,0.099
-1.913,-1.023
-2.053,-1.082
-2.195,-2.066
-2.191,0.796
-2.208,-0.182
-2.239,-1.458
-2.251,0.493
-2.336,-0.039
-2.364,-1.429
-2.398,0.658
-2.355,0.387
-2.393,0.296
-2.465,0.26
-2.393,-2.11
-2.391,-2.032
-2.477,0.408
-2.499,-2.057
-2.509,-0.514
-2.501,0.138
-2.523,0.638
-2.596,0.602
-2.559,0.519
-2.997,-2.27
2.799,-2.549
1.143,-2.218
0.774,-2.327
0.412,-2.33
0.227,-2.391
0.045,-2.376
-0.196,-2.264
-0.391,-2.456
-1.008,-2.294
-1.264,-2.495
-1.986,-2.569
-2.065,-2.477
-2.221,-2.426
-2.348,-2.536
-2.442,-2.264
-2.666,2.133
-2.827,2.063
-2.873,1.882
-2.895,1.931
-2.81,2.001
-3.056,1.986
2.485,2.068
1.942,2.082
1.949,2.093
1.897,1.939
1.693,1.919
1.757,2.041
0.875,1.902
0.823,1.865
0.781,1.849
0.671,1.922
0.307,2.028
-0.326,2.105
-0.668,1.831
-0.863,1.914
-0.921,2.222
-1.125,2.332
-1.431,1.906
-1.66,2.312
-1.841,1.929
-2.581,2.074
-2.637,2.138
-2.658,0.556
-2.706,-0.807
-2.76,-1.53
-2.708,-0.695
-2.849,-1.521
-3.043,0.472
3.114,1.762
3.0,1.734
1.436,1.574
0.865,-0.927
-0.945,1.162
-1.528,1.211
-2.528,0.259
-2.677,1.708
-2.73,-2.045
-2.74,0.673
-2.636,-2.197
-2.739,-1.731
-2.651,0.291
-2.832,-2.2
-2.702,1.621
-2.841,-1.405
-2.837,-0.78
-2.75,-0.71
-2.793,1.433
-2.919,0.541
-3.033,0.815
-2.99,1.16
3.084,-0.598
3.002,0.758
3.075,1.375
3.03,1.379
3.018,-0.189
2.914,1.454
2.877,0.716
2.983,-0.745
2.81,-0.889
2.663,1.77
2.798,-2.138
2.566,0.865
2.667,-2.1
2.479,1.071
2.588,-1.335
2.543,-0.832
2.363,0.418
2.378,1.098
2.361,1.558
2.064,0.476
2.027,-1.903
2.019,-0.63
1.91,-0.746
1.835,-0.458
1.941,1.664
1.948,1.045
1.868,-2.158
1.699,0.521
1.685,1.79
1.588,1.641
1.57,1.662
1.701,1.657
1.592,-1.705
1.638,-0.608
1.589,0.515
1.42,1.75
1.426,-1.059
1.552,0.533
1.471,0.189
1.471,-1.478
1.441,1.565
1.176,-0.497
1.106,-0.579
0.908,-1.658
0.881,1.652
0.986,0.069
0.977,0.925
0.811,-2.033
0.722,-0.235
0.69,0.36
0.785,1.724
0.65,-0.387
0.743,1.688
0.757,0.456
0.558,-2.119
0.536,-0.6
0.637,0.882
0.566,-0.14
0.555,-1.835
0.55,1.639
0.378,-1.869
0.45,0.193
0.409,-1.413
0.28,-1.667
0.37,-0.286
0.261,-1.993
0.389,-1.005
0.314,-0.991
0.286,-2.101
0.137,-1.437
0.127,-1.842
0.248,-0.687
0.283,1.759
0.124,1.339
0.233,-1.671
0.14,-0.563
0.092,-0.326
-0.02,-1.977
-0.086,-0.421
-0.007,0.114
-0.019,-1.043
-0.242,-2.084
-0.229,0.598
-0.139,1.339
-0.167,-0.401
-0.308,-1.672
-0.401,1.188
-0.295,-0.146
-0.414,0.699
-0.401,0.735
-0.655,-1.45
-0.594,0.196
-0.884,1.825
-1.026,-0.909
-0.909,-1.005
-1.052,1.662
-1.362,0.478
-1.487,-0.287
-1.621,-1.666
-1.651,0.943
-1.558,1.425
-1.737,-0.001
-1.641,1.641
-1.811,0.833
-1.995,-1.806
-2.228,0.241
-2.379,1.743
-2.415,-1.813
-2.434,1.759
-2.361,0.971
-2.517,-1.88
-2.415,1.545
-2.578,-2.357
-2.611,-2.48
-2.642,-2.412
-2.711,-2.467
2.808,-2.477
2.483,-2.435
1.725,-2.362
0.513,-2.367
-1.21,-2.272
-2.398,-2.246
-2.899,2.132
-2.951,2.248
-3.01,1.95
3.007,1.987
2.902,2.207
2.905,1.884
2.797,1.951
2.548,2.106
2.515,2.205
1.042,2.094
0.857,2.157
0.661,2.152
-0.098,1.894
-0.417,2.155
-0.407,1.949
-1.038,2.129
-1.887,1.794
-2.442,2.212
-2.685,-0.678
0.025,0.791
-1.731,1.43
-2.68,1.025
-2.598,-1.657
-2.662,0.32
-2.784,0.324
-2.892,-1.372
1.015,1.386
0.993,-0.552
0.116,-0.586
-0.62,0.304
-0.937,0.288
-1.85,-1.207
-1.833,0.991
-2.028,0.35
-2.033,0.779
-2.132,1.426
-2.142,0.61
-2.146,-0.191
-2.267,-1.247
-2.551,0.284
-2.905,0.466
3.102,0.548
1.097,0.51
-2.344,-0.918
-1.176,-2.014
-2.174,1.567
-1.399,-2.245
3.086,1.972
-0.098,-0.39
-0.11,-0.211
-0.209,-1.149
-0.181,-1.821
-0.2,-1.04
-0.191,-1.136
-0.272,0.598
-0.313,-0.706
-0.326,-1.54
-0.367,-1.183
-0.485,-2.35
-0.429,-1.893
-0.432,-3.239
-0.505,-0.552
-0.559,-1.519
-0.621,-0.958
-0.549,-1.069
-0.558,-3.229
-0.618,0.244
-0.738,-0.446
-0.796,-0.676
-0.827,-2.468
-0.926,0.379
-1.113,-0.906
-1.31,-2.297
-1.336,-2.065
-1.38,-0.592
-1.392,-0.78
-1.365,-0.212
-1.385,-1.371
-1.53,-0.526
-1.537,-0.809
-1.618,0.445
-1.685,-1.042
-1.745,-2.7
-1.687,-0.993
-1.868,-2.115
-2.008,-2.174
-2.15,-3.158
-2.146,-0.296
-2.163,-1.274
-2.194,-2.55
-2.206,-0.599
-2.291,-1.131
-2.319,-2.521
-2.353,-0.434
-2.31,-0.705
-2.348,-0.796
-2.42,-0.832
-2.348,-3.202
-2.346,-3.124
-2.432,-0.684
-2.454,-3.149
-2.464,-1.606
-2.456,-0.954
-2.478,-0.454
-2.551,-0.49
-2.514,-0.573
-2.952,-3.362
2.844,-3.641
1.188,-3.31
0.819,-3.419
0.457,-3.422
0.272,-3.483
0.09,-3.468
-0.151,-3.356
-0.346,-3.548
-0.963,-3.386
-1.219,-3.587
-1.941,-3.661
-2.02,-3.569
-2.176,-3.518
-2.303,-3.628
-2.397,-3.356
-2.621,1.041
-2.782,0.971
-2.828,0.79
-2.85,0.839
-2.765,0.909
-3.011,0.894
2.53,0.976
1.987,0.99
1.994,1.001
1.942,0.847
1.738,0.827
1.802,0.949
0.92,0.81
0.868,0.773
0.826,0.757
0.716,0.83
0.352,0.936
-0.281,1.013
-0.623,0.739
-0.818,0.822
-0.876,1.13
-1.08,1.24
-1.386,0.814
-1.615,1.22
-1.796,0.837
-2.536,0.982
-2.592,1.046
-2.613,-0.536
-2.661,-1.899
-2.715,-2.622
-2.663,-1.787
-2.804,-2.613
-2.998,-0.62
-3.124,0.67
3.045,0.642
1.481,0.482
0.91,-2.019
-0.9,0.07
-1.483,0.119
-2.483,-0.833
-2.632,0.616
-2.685,-3.137
-2.695,-0.419
-2.591,-3.289
-2.694,-2.823
-2.606,-0.801
-2.787,-3.292
-2.657,0.529
-2.796,-2.497
-2.792,-1.872
-2.705,-1.802
-2.748,0.341
-2.874,-0.551
-2.988,-0.277
-2.945,0.068
3.129,-1.69
3.047,-0.334
3.12,0.283
3.075,0.287
3.063,-1.281
2.959,0.362
2.922,-0.376
3.028,-1.837
2.855,-1.981
2.708,0.678
2.843,-3.23
2.611,-0.227
2.712,-3.192
2.524,-0.021
2.633,-2.427
2.588,-1.924
2.408,-0.674
2.423,0.006
2.406,0.466
2.109,-0.616
2.072,-2.995
2.064,-1.722
1.955,-1.838
1.88,-1.55
1.986,0.572
1.993,-0.047
1.913,-3.25
1.744,-0.571
1.73,0.698
1.633,0.549
1.615,0.57
1.746,0.565
1.637,-2.797
1.683,-1.7
1.634,-0.577
1.465,0.658
1.471,-2.151
1.597,-0.559
1.516,-0.903
1.516,-2.57
1.486,0.473
1.221,-1.589
1.151,-1.671
0.953,-2.75
0.926,0.56
1.031,-1.023
1.022,-0.167
0.856,-3.125
0.767,-1.327
0.735,-0.732
0.83,0.632
0.695,-1.479
0.788,0.596
0.802,-0.636
0.603,-3.211
0.581,-1.692
0.682,-0.21
0.611,-1.232
0.6,-2.927
0.595,0.547
0.423,-2.961
0.495,-0.899
0.454,-2.505
0.325,-2.759
0.415,-1.378
0.306,-3.085
0.434,-2.097
0.359,-2.083
0.331,-3.193
0.182,-2.529
0.172,-2.934
0.293,-1.779
0.328,0.667
0.169,0.247
0.278,-2.763
0.185,-1.655
0.137,-1.418
0.025,-3.069
-0.041,-1.513
0.038,-0.978
0.026,-2.135
-0.197,-3.176
-0.184,-0.494
-0.094,0.247
-0.122,-1.493
-0.263,-2.764
-0.356,0.096
-0.25,-1.238
-0.369,-0.393
-0.356,-0.357
-0.61,-2.542
-0.549,-0.896
-0.839,0.733
-0.981,-2.001
-0.864,-2.097
-1.007,0.57
-1.317,-0.614
-1.442,-1.379
-1.576,-2.758
-1.606,-0.149
-1.513,0.333
-1.692,-1.093
-1.596,0.549
-1.766,-0.259
-1.95,-2.898
-2.183,-0.851
-2.334,0.651
-2.37,-2.905
-2.389,0.667
-2.316,-0.121
-2.472,-2.972
-2.37,0.453
-2.533,-3.449
-2.566,-3.572
-2.597,-3.504
-2.666,-3.559
2.853,-3.569
2.528,-3.527
1.77,-3.454
0.558,-3.459
-1.165,-3.364
-2.353,-3.338
-2.854,1.04
-2.906,1.156
-2.965,0.858
3.052,0.895
2.947,1.115
2.95,0.792
2.842,0.859
2.593,1.014
2.56,1.113
1.087,1.002
0.902,1.065
0.706,1.06
-0.053,0.802
-0.372,1.063
-0.362,0.857
-0.993,1.037
-1.842,0.702
-2.397,1.12
-2.64,-1.77
0.07,-0.301
-1.686,0.338
-2.635,-0.067
-2.553,-2.749
-2.617,-0.772
-2.739,-0.768
-2.847,-2.464
1.06,0.294
1.038,-1.644
0.161,-1.678
-0.575,-0.788
-0.892,-0.804
-1.805,-2.299
-1.788,-0.101
-1.983,-0.742
-1.988,-0.313
-2.087,0.334
-2.097,-0.482
-2.101,-1.283
-2.222,-2.339
-2.506,-0.808
-2.86,-0.626
-3.136,-0.544
1.142,-0.582
-2.299,-2.01
-1.131,-3.106
-2.129,0.475
-1.354,-3.337
3.131,0.88
-0.012,0.179
-0.111,-0.759
-0.083,-1.431
-0.102,-0.65
-0.093,-0.746
-0.174,0.988
-0.215,-0.316
-0.228,-1.15
-0.269,-0.793
-0.387,-1.96
-0.331,-1.503
-0.334,-2.849
-0.407,-0.162
-0.461,-1.129
-0.523,-0.568
-0.451,-0.679
-0.46,-2.839
-0.52,0.634
-0.64,-0.056
-0.698,-0.286
-0.729,-2.078
-0.828,0.769
-1.015,-0.516
-1.212,-1.907
-1.238,-1.675
-1.282,-0.202
-1.294,-0.39
-1.267,0.178
-1.287,-0.981
-1.432,-0.136
-1.439,-0.419
-1.52,0.835
-1.587,-0.652
-1.647,-2.31
-1.589,-0.603
-1.77,-1.725
-1.91,-1.784
-2.052,-2.768
-2.048,0.094
-2.065,-0.884
-2.096,-2.16
-2.108,-0.209
-2.193,-0.741
-2.221,-2.131
-2.255,-0.044
-2.212,-0.315
-2.25,-0.406
-2.322,-0.442
-2.25,-2.812
-2.248,-2.734
-2.334,-0.294
-2.356,-2.759
-2.366,-1.216
-2.358,-0.564
-2.38,-0.064
-2.453,-0.1
-2.416,-0.183
-2.854,-2.972
2.942,-3.251
1.286,-2.92
0.917,-3.029
0.555,-3.032
0.37,-3.093
0.188,-3.078
-0.053,-2.966
-0.248,-3.158
-0.865,-2.996
-1.121,-3.197
-1.843,-3.271
-1.922,-3.179
-2.078,-3.128
-2.205,-3.238
-2.299,-2.966
-2.523,1.431
-2.684,1.361
-2.73,1.18
-2.752,1.229
-2.667,1.299
-2.913,1.284
2.628,1.366
2.085,1.38
2.092,1.391
2.04,1.237
1.836,1.217
1.9,1.339
1.018,1.2
0.966,1.163
0.924,1.147
0.814,1.22
0.45,1.326
-0.183,1.403
-0.525,1.129
-0.72,1.212
-0.778,1.52
-0.982,1.63
-1.288,1.204
-1.517,1.61
-1.698,1.227
-2.438,1.372
-2.494,1.436
-2.515,-0.146
-2.563,-1.509
-2.617,-2.232
-2.565,-1.397
-2.706,-2.223
-2.9,-0.23
-3.026,1.06
-3.14,1.032
1.579,0.872
1.008,-1.629
-0.802,0.46
-1.385,0.509
-2.385,-0.443
-2.534,1.006
-2.587,-2.747
-2.597,-0.029
-2.493,-2.899
-2.596,-2.433
-2.508,-0.411
-2.689,-2.902
-2.559,0.919
-2.698,-2.107
-2.694,-1.482
-2.607,-1.412
-2.65,0.731
-2.776,-0.161
-2.89,0.113
-2.847,0.458
-3.056,-1.3
-3.138,0.056
-3.065,0.673
-3.11,0.677
-3.122,-0.891
3.057,0.752
3.02,0.014
3.126,-1.447
2.953,-1.591
2.806,1.068
2.941,-2.84
2.709,0.163
2.81,-2.802
2.622,0.369
2.731,-2.037
2.686,-1.534
2.506,-0.284
2.521,0.396
2.504,0.856
2.207,-0.226
2.17,-2.605
2.162,-1.332
2.053,-1.448
1.978,-1.16
2.084,0.962
2.091,0.343
2.011,-2.86
1.842,-0.181
1.828,1.088
1.731,0.939
1.713,0.96
1.844,0.955
1.735,-2.407
1.781,-1.31
1.732,-0.187
1.563,1.048
1.569,-1.761
1.695,-0.169
1.614,-0.513
1.614,-2.18
1.584,0.863
1.319,-1.199
1.249,-1.281
1.051,-2.36
1.024,0.95
1.129,-0.633
1.12,0.223
0.954,-2.735
0.865,-0.937
0.833,-0.342
0.928,1.022
0.793,-1.089
0.886,0.986
0.9,-0.246
0.701,-2.821
0.679,-1.302
0.78,0.18
0.709,-0.842
0.698,-2.537
0.693,0.937
0.521,-2.571
0.593,-0.509
0.552,-2.115
0.423,-2.369
0.513,-0.988
0.404,-2.695
0.532,-1.707
0.457,-1.693
0.429,-2.803
0.28,-2.139
0.27,-2.544
0.391,-1.389
0.426,1.057
0.267,0.637
0.376,-2.373
0.283,-1.265
0.235,-1.028
0.123,-2.679
0.057,-1.123
0.136,-0.588
0.124,-1.745
-0.099,-2.786
-0.086,-0.104
0.004,0.637
-0.024,-1.103
-0.165,-2.374
-0.258,0.486
-0.152,-0.848
-0.271,-0.003
-0.258,0.033
-0.512,-2.152
-0.451,-0.506
-0.741,1.123
-0.883,-1.611
-0.766,-1.707
-0.909,0.96
-1.219,-0.224
-1.344,-0.989
-1.478,-2.368
-1.508,0.241
-1.415,0.723
-1.594,-0.703
-1.498,0.939
-1.668,0.131
-1.852,-2.508
-2.085,-0.461
-2.236,1.041
-2.272,-2.515
-2.291,1.057
-2.218,0.269
-2.374,-2.582
-2.272,0.843
-2.435,-3.059
-2.468,-3.182
-2.499,-3.114
-2.568,-3.169
2.951,-3.179
2.626,-3.137
1.868,-3.064
0.656,-3.069
-1.067,-2.974
-2.255,-2.948
-2.756,1.43
-2.808,1.546
-2.867,1.248
-3.133,1.285
3.045,1.505
3.048,1.182
2.94,1.249
2.691,1.404
2.658,1.503
1.185,1.392
1.0,1.455
0.804,1.45
0.045,1.192
-0.274,1.453
-0.264,1.247
-0.895,1.427
-1.744,1.092
-2.299,1.51
-2.542,-1.38
0.168,0.089
-1.588,0.728
-2.537,0.323
-2.455,-2.359
-2.519,-0.382
-2.641,-0.378
-2.749,-2.074
1.158,0.684
1.136,-1.254
0.259,-1.288
-0.477,-0.398
-0.794,-0.414
-1.707,-1.909
-1.69,0.289
-1.885,-0.352
-1.89,0.077
-1.989,0.724
-1.999,-0.092
-2.003,-0.893
-2.124,-1.949
-2.408,-0.418
-2.762,-0.236
-3.038,-0.154
1.24,-0.192
-2.201,-1.62
-1.033,-2.716
-2.031,0.865
-1.256,-2.947
-3.054,1.27
-0.099,-0.938
-0.071,-1.61
-0.09,-0.829
-0.081,-0.925
-0.162,0.809
-0.203,-0.495
-0.216,-1.329
-0.257,-0.972
-0.375,-2.139
-0.319,-1.682
-0.322,-3.028
-0.395,-0.341
-0.449,-1.308
-0.511,-0.747
-0.439,-0.858
-0.448,-3.018
-0.508,0.455
-0.628,-0.235
-0.686,-0.465
-0.717,-2.257
-0.816,0.59
-1.003,-0.695
-1.2,-2.086
-1.226,-1.854
-1.27,-0.381
-1.282,-0.569
-1.255,-0.001
-1.275,-1.16
-1.42,-0.315
-1.427,-0.598
-1.508,0.656
-1.575,-0.831
-1.635,-2.489
-1.577,-0.782
-1.758,-1.904
-1.898,-1.963
-2.04,-2.947
-2.036,-0.085
-2.053,-1.063
-2.084,-2.339
-2.096,-0.388
-2.181,-0.92
-2.209,-2.31
-2.243,-0.223
-2.2,-0.494
-2.238,-0.585
-2.31,-0.621
-2.238,-2.991
-2.236,-2.913
-2.322,-0.473
-2.344,-2.938
-2.354,-1.395
-2.346,-0.743
-2.368,-0.243
-2.441,-0.279
-2.404,-0.362
-2.842,-3.151
2.954,-3.43
1.298,-3.099
0.929,-3.208
0.567,-3.211
0.382,-3.272
0.2,-3.257
-0.041,-3.145
-0.236,-3.337
-0.853,-3.175
-1.109,-3.376
-1.831,-3.45
-1.91,-3.358
-2.066,-3.307
-2.193,-3.417
-2.287,-3.145
-2.511,1.252
-2.672,1.182
-2.718,1.001
-2.74,1.05
-2.655,1.12
-2.901,1.105
2.64,1.187
2.097,1.201
2.104,1.212
2.052,1.058
1.848,1.038
1.912,1.16
1.03,1.021
0.978,0.984
0.936,0.968
0.826,1.041
0.462,1.147
-0.171,1.224
-0.513,0.95
-0.708,1.033
-0.766,1.341
-0.97,1.451
-1.276,1.025
-1.505,1.431
-1.686,1.048
-2.426,1.193
-2.482,1.257
-2.503,-0.325
-2.551,-1.688
-2.605,-2.411
-2.553,-1.576
-2.694,-2.402
-2.888,-0.409
-3.014,0.881
-3.128,0.853
1.591,0.693
1.02,-1.808
-0.79,0.281
-1.373,0.33
-2.373,-0.622
-2.522,0.827
-2.575,-2.926
-2.585,-0.208
-2.481,-3.078
-2.584,-2.612
-2.496,-0.59
-2.677,-3.081
-2.547,0.74
-2.686,-2.286
-2.682,-1.661
-2.595,-1.591
-2.638,0.552
-2.764,-0.34
-2.878,-0.066
-2.835,0.279
-3.044,-1.479
-3.126,-0.123
-3.053,0.494
-3.098,0.498
-3.11,-1.07
3.069,0.573
3.032,-0.165
3.138,-1.626
2.965,-1.77
2.818,0.889
2.953,-3.019
2.721,-0.016
2.822,-2.981
2.634,0.19
2.743,-2.216
2.698,-1.713
2.518,-0.463
2.533,0.217
2.516,0.677
2.219,-0.405
2.182,-2.784
2.174,-1.511
2.065,-1.627
1.99,-1.339
2.096,0.783
2.103,0.164
2.023,-3.039
1.854,-0.36
1.84,0.909
1.743,0.76
1.725,0.781
1.856,0.776
1.747,-2.586
1.793,-1.489
1.744,-0.366
1.575,0.869
1.581,-1.94
1.707,-0.348
1.626,-0.692
1.626,-2.359
1.596,0.684
1.331,-1.378
1.261,-1.46
1.063,-2.539
1.036,0.771
1.141,-0.812
1.132,0.044
0.966,-2.914
0.877,-1.116
0.845,-0.521
0.94,0.843
0.805,-1.268
0.898,0.807
0.912,-0.425
0.713,-3.0
0.691,-1.481
0.792,0.001
0.721,-1.021
0.71,-2.716
0.705,0.758
0.533,-2.75
0.605,-0.688
0.564,-2.294
0.435,-2.548
0.525,-1.167
0.416,-2.874
0.544,-1.886
0.469,-1.872
0.441,-2.982
0.292,-2.318
0.282,-2.723
0.403,-1.568
0.438,0.878
0.279,0.458
0.388,-2.552
0.295,-1.444
0.247,-1.207
0.135,-2.858
0.069,-1.302
0.148,-0.767
0.136,-1.924
-0.087,-2.965
-0.074,-0.283
0.016,0.458
-0.012,-1.282
-0.153,-2.553
-0.246,0.307
-0.14,-1.027
-0.259,-0.182
-0.246,-0.146
-0.5,-2.331
-0.439,-0.685
-0.729,0.944
-0.871,-1.79
-0.754,-1.886
-0.897,0.781
-1.207,-0.403
-1.332,-1.168
-1.466,-2.547
-1.496,0.062
-1.403,0.544
-1.582,-0.882
-1.486,0.76
-1.656,-0.048
-1.84,-2.687
-2.073,-0.64
-2.224,0.862
-2.26,-2.694
-2.279,0.878
-2.206,0.09
-2.362,-2.761
-2.26,0.664
-2.423,-3.238
-2.456,-3.361
-2.487,-3.293
-2.556,-3.348
2.963,-3.358
2.638,-3.316
1.88,-3.243
0.668,-3.248
-1.055,-3.153
-2.243,-3.127
-2.744,1.251
-2.796,1.367
-2.855,1.069
-3.121,1.106
3.057,1.326
3.06,1.003
2.952,1.07
2.703,1.225
2.67,1.324
1.197,1.213
1.012,1.276
0.816,1.271
0.057,1.013
-0.262,1.274
-0.252,1.068
-0.883,1.248
-1.732,0.913
-2.287,1.331
-2.53,-1.559
0.18,-0.09
-1.576,0.549
-2.525,0.144
-2.443,-2.538
-2.507,-0.561
-2.629,-0.557
-2.737,-2.253
1.17,0.505
1.148,-1.433
0.271,-1.467
-0.465,-0.577
-0.782,-0.593
-1.695,-2.088
-1.678,0.11
-1.873,-0.531
-1.878,-0.102
-1.977,0.545
-1.987,-0.271
-1.991,-1.072
-2.112,-2.128
-2.396,-0.597
-2.75,-0.415
-3.026,-0.333
1.252,-0.371
-2.189,-1.799
-1.021,-2.895
-2.019,0.686
-1.244,-3.126
-3.042,1.091
0.028,-0.672
0.009,0.109
0.018,0.013
-0.063,1.747
-0.104,0.443
-0.117,-0.391
-0.158,-0.034
-0.276,-1.201
-0.22,-0.744
-0.223,-2.09
-0.296,0.597
-0.35,-0.37
-0.412,0.191
-0.34,0.08
-0.349,-2.08
-0.409,1.393
-0.529,0.703
-0.587,0.473
-0.618,-1.319
-0.717,1.528
-0.904,0.243
-1.101,-1.148
-1.127,-0.916
-1.171,0.557
-1.183,0.369
-1.156,0.937
-1.176,-0.222
-1.321,0.623
-1.328,0.34
-1.409,1.594
-1.476,0.107
-1.536,-1.551
-1.478,0.156
-1.659,-0.966
-1.799,-1.025
-1.941,-2.009
-1.937,0.853
-1.954,-0.125
-1.985,-1.401
-1.997,0.55
-2.082,0.018
-2.11,-1.372
-2.144,0.715
-2.101,0.444
-2.139,0.353
-2.211,0.317
-2.139,-2.053
-2.137,-1.975
-2.223,0.465
-2.245,-2.0
-2.255,-0.457
-2.247,0.195
-2.269,0.695
-2.342,0.659
-2.305,0.576
-2.743,-2.213
3.053,-2.492
1.397,-2.161
1.028,-2.27
0.666,-2.273
0.481,-2.334
0.299,-2.319
0.058,-2.207
-0.137,-2.399
-0.754,-2.237
-1.01,-2.438
-1.732,-2.512
-1.811,-2.42
-1.967,-2.369
-2.094,-2.479
-2.188,-2.207
-2.412,2.19
-2.573,2.12
-2.619,1.939
-2.641,1.988
-2.556,2.058
-2.802,2.043
2.739,2.125
2.196,2.139
2.203,2.15
2.151,1.996
1.947,1.976
2.011,2.098
1.129,1.959
1.077,1.922
1.035,1.906
0.925,1.979
0.561,2.085
-0.072,2.162
-0.414,1.888
-0.609,1.971
-0.667,2.279
-0.871,2.389
-1.177,1.963
-1.406,2.369
-1.587,1.986
-2.327,2.131
-2.383,2.195
-2.404,0.613
-2.452,-0.75
-2.506,-1.473
-2.454,-0.638
-2.595,-1.464
-2.789,0.529
-2.915,1.819
-3.029,1.791
1.69,1.631
1.119,-0.87
-0.691,1.219
-1.274,1.268
-2.274,0.316
-2.423,1.765
-2.476,-1.988
-2.486,0.73
-2.382,-2.14
-2.485,-1.674
-2.397,0.348
-2.578,-2.143
-2.448,1.678
-2.587,-1.348
-2.583,-0.723
-2.496,-0.653
-2.539,1.49
-2.665,0.598
-2.779,0.872
-2.736,1.217
-2.945,-0.541
-3.027,0.815
-2.954,1.432
-2.999,1.436
-3.011,-0.132
-3.115,1.511
3.131,0.773
-3.046,-0.688
3.064,-0.832
2.917,1.827
3.052,-2.081
2.82,0.922
2.921,-2.043
2.733,1.128
2.842,-1.278
2.797,-0.775
2.617,0.475
2.632,1.155
2.615,1.615
2.318,0.533
2.281,-1.846
2.273,-0.573
2.164,-0.689
2.089,-0.401
2.195,1.721
2.202,1.102
2.122,-2.101
1.953,0.578
1.939,1.847
1.842,1.698
1.824,1.719
1.955,1.714
1.846,-1.648
1.892,-0.551
1.843,0.572
1.674,1.807
1.68,-1.002
1.806,0.59
1.725,0.246
1.725,-1.421
1.695,1.622
1.43,-0.44
1.36,-0.522
1.162,-1.601
1.135,1.709
1.24,0.126
1.231,0.982
1.065,-1.976
0.976,-0.178
0.944,0.417
1.039,1.781
0.904,-0.33
0.997,1.745
1.011,0.513
0.812,-2.062
0.79,-0.543
0.891,0.939
0.82,-0.083
0.809,-1.778
0.804,1.696
0.632,-1.812
0.704,0.25
0.663,-1.356
0.534,-1.61
0.624,-0.229
0.515,-1.936
0.643,-0.948
0.568,-0.934
0.54,-2.044
0.391,-1.38
0.381,-1.785
0.502,-0.63
0.537,1.816
0.378,1.396
0.487,-1.614
0.394,-0.506
0.346,-0.269
0.234,-1.92
0.168,-0.364
0.247,0.171
0.235,-0.986
0.012,-2.027
0.025,0.655
0.115,1.396
0.087,-0.344
-0.054,-1.615
-0.147,1.245
-0.041,-0.089
-0.16,0.756
-0.147,0.792
-0.401,-1.393
-0.34,0.253
-0.63,1.882
-0.772,-0.852
-0.655,-0.948
-0.798,1.719
-1.108,0.535
-1.233,-0.23
-1.367,-1.609
-1.397,1.0
-1.304,1.482
-1.483,0.056
-1.387,1.698
-1.557,0.89
-1.741,-1.749
-1.974,0.298
-2.125,1.8
-2.161,-1.756
-2.18,1.816
-2.107,1.028
-2.263,-1.823
-2.161,1.602
-2.324,-2.3
-2.357,-2.423
-2.388,-2.355
-2.457,-2.41
3.062,-2.42
2.737,-2.378
1.979,-2.305
0.767,-2.31
-0.956,-2.215
-2.144,-2.189
-2.645,2.189
-2.697,2.305
-2.756,2.007
-3.022,2.044
-3.127,2.264
-3.124,1.941
3.051,2.008
2.802,2.163
2.769,2.262
1.296,2.151
1.111,2.214
0.915,2.209
0.156,1.951
-0.163,2.212
-0.153,2.006
-0.784,2.186
-1.633,1.851
-2.188,2.269
-2.431,-0.621
0.279,0.848
-1.477,1.487
-2.426,1.082
-2.344,-1.6
-2.408,0.377
-2.53,0.381
-2.638,-1.315
1.269,1.443
1.247,-0.495
0.37,-0.529
-0.366,0.361
-0.683,0.345
-1.596,-1.15
-1.579,1.048
-1.774,0.407
-1.779,0.836
-1.878,1.483
-1.888,0.667
-1.892,-0.134
-2.013,-1.19
-2.297,0.341
-2.651,0.523
-2.927,0.605
1.351,0.567
-2.09,-0.861
-0.922,-1.957
-1.92,1.624
-1.145,-2.188
-2.943,2.029
-0.019,0.781
-0.01,0.685
-0.091,2.419
-0.132,1.115
-0.145,0.281
-0.186,0.638
-0.304,-0.529
-0.248,-0.072
-0.251,-1.418
-0.324,1.269
-0.378,0.302
-0.44,0.863
-0.368,0.752
-0.377,-1.408
-0.437,2.065
-0.557,1.375
-0.615,1.145
-0.646,-0.647
-0.745,2.2
-0.932,0.915
-1.129,-0.476
-1.155,-0.244
-1.199,1.229
-1.211,1.041
-1.184,1.609
-1.204,0.45
-1.349,1.295
-1.356,1.012
-1.437,2.266
-1.504,0.779
-1.564,-0.879
-1.506,0.828
-1.687,-0.294
-1.827,-0.353
-1.969,-1.337
-1.965,1.525
-1.982,0.547
-2.013,-0.729
-2.025,1.222
-2.11,0.69
-2.138,-0.7
-2.172,1.387
-2.129,1.116
-2.167,1.025
-2.239,0.989
-2.167,-1.381
-2.165,-1.303
-2.251,1.137
-2.273,-1.328
-2.283,0.215
-2.275,0.867
-2.297,1.367
-2.37,1.331
-2.333,1.248
-2.771,-1.541
3.025,-1.82
1.369,-1.489
1.0,-1.598
0.638,-1.601
0.453,-1.662
0.271,-1.647
0.03,-1.535
-0.165,-1.727
-0.782,-1.565
-1.038,-1.766
-1.76,-1.84
-1.839,-1.748
-1.995,-1.697
-2.122,-1.807
-2.216,-1.535
-2.44,2.862
-2.601,2.792
-2.647,2.611
-2.669,2.66
-2.584,2.73
-2.83,2.715
2.711,2.797
2.168,2.811
2.175,2.822
2.123,2.668
1.919,2.648
1.983,2.77
1.101,2.631
1.049,2.594
1.007,2.578
0.897,2.651
0.533,2.757
-0.1,2.834
-0.442,2.56
-0.637,2.643
-0.695,2.951
-0.899,3.061
-1.205,2.635
-1.434,3.041
-1.615,2.658
-2.355,2.803
-2.411,2.867
-2.432,1.285
-2.48,-0.078
-2.534,-0.801
-2.482,0.034
-2.623,-0.792
-2.817,1.201
-2.943,2.491
-3.057,2.463
1.662,2.303
1.091,-0.198
-0.719,1.891
-1.302,1.94
-2.302,0.988
-2.451,2.437
-2.504,-1.316
-2.514,1.402
-2.41,-1.468
-2.513,-1.002
-2.425,1.02
-2.606,-1.471
-2.476,2.35
-2.615,-0.676
-2.611,-0.051
-2.524,0.019
-2.567,2.162
-2.693,1.27
-2.807,1.544
-2.764,1.889
-2.973,0.131
-3.055,1.487
-2.982,2.104
-3.027,2.108
-3.039,0.54
3.14,2.183
3.103,1.445
-3.074,-0.016
3.036,-0.16
2.889,2.499
3.024,-1.409
2.792,1.594
2.893,-1.371
2.705,1.8
2.814,-0.606
2.769,-0.103
2.589,1.147
2.604,1.827
2.587,2.287
2.29,1.205
2.253,-1.174
2.245,0.099
2.136,-0.017
2.061,0.271
2.167,2.393
2.174,1.774
2.094,-1.429
1.925,1.25
1.911,2.519
1.814,2.37
1.796,2.391
1.927,2.386
1.818,-0.976
1.864,0.121
1.815,1.244
1.646,2.479
1.652,-0.33
1.778,1.262
1.697,0.918
1.697,-0.749
1.667,2.294
1.402,0.232
1.332,0.15
1.134,-0.929
1.107,2.381
1.212,0.798
1.203,1.654
1.037,-1.304
0.948,0.494
0.916,1.089
1.011,2.453
0.876,0.342
0.969,2.417
0.983,1.185
0.784,-1.39
0.762,0.129
0.863,1.611
0.792,0.589
0.781,-1.106
0.776,2.368
0.604,-1.14
0.676,0.922
0.635,-0.684
0.506,-0.938
0.596,0.443
0.487,-1.264
0.615,-0.276
0.54,-0.262
0.512,-1.372
0.363,-0.708
0.353,-1.113
0.474,0.042
0.509,2.488
0.35,2.068
0.459,-0.942
0.366,0.166
0.318,0.403
0.206,-1.248
0.14,0.308
0.219,0.843
0.207,-0.314
-0.016,-1.355
-0.003,1.327
0.087,2.068
0.059,0.328
-0.082,-0.943
-0.175,1.917
-0.069,0.583
-0.188,1.428
-0.175,1.464
-0.429,-0.721
-0.368,0.925
-0.658,2.554
-0.8,-0.18
-0.683,-0.276
-0.826,2.391
-1.136,1.207
-1.261,0.442
-1.395,-0.937
-1.425,1.672
-1.332,2.154
-1.511,0.728
-1.415,2.37
-1.585,1.562
-1.769,-1.077
-2.002,0.97
-2.153,2.472
-2.189,-1.084
-2.208,2.488
-2.135,1.7
-2.291,-1.151
-2.189,2.274
-2.352,-1.628
-2.385,-1.751
-2.416,-1.683
-2.485,-1.738
3.034,-1.748
2.709,-1.706
1.951,-1.633
0.739,-1.638
-0.984,-1.543
-2.172,-1.517
-2.673,2.861
-2.725,2.977
-2.784,2.679
-3.05,2.716
3.128,2.936
3.131,2.613
3.023,2.68
2.774,2.835
2.741,2.934
1.268,2.823
1.083,2.886
0.887,2.881
0.128,2.623
-0.191,2.884
-0.181,2.678
-0.812,2.858
-1.661,2.523
-2.216,2.941
-2.459,0.051
0.251,1.52
-1.505,2.159
-2.454,1.754
-2.372,-0.928
-2.436,1.049
-2.558,1.053
-2.666,-0.643
1.241,2.115
1.219,0.177
0.342,0.143
-0.394,1.033
-0.711,1.017
-1.624,-0.478
-1.607,1.72
-1.802,1.079
-1.807,1.508
-1.906,2.155
-1.916,1.339
-1.92,0.538
-2.041,-0.518
-2.325,1.013
-2.679,1.195
-2.955,1.277
1.323,1.239
-2.118,-0.189
-0.95,-1.285
-1.948,2.296
-1.173,-1.516
-2.971,2.701
0.009,-0.096
-0.072,1.638
-0.113,0.334
-0.126,-0.5
-0.167,-0.143
-0.285,-1.31
-0.229,-0.853
-0.232,-2.199
-0.305,0.488
-0.359,-0.479
-0.421,0.082
-0.349,-0.029
-0.358,-2.189
-0.418,1.284
-0.538,0.594
-0.596,0.364
-0.627,-1.428
-0.726,1.419
-0.913,0.134
-1.11,-1.257
-1.136,-1.025
-1.18,0.448
-1.192,0.26
-1.165,0.828
-1.185,-0.331
-1.33,0.514
-1.337,0.231
-1.418,1.485
-1.485,-0.002
-1.545,-1.66
-1.487,0.047
-1.668,-1.075
-1.808,-1.134
-1.95,-2.118
-1.946,0.744
-1.963,-0.234
-1.994,-1.51
-2.006,0.441
-2.091,-0.091
-2.119,-1.481
-2.153,0.606
-2.11,0.335
-2.148,0.244
-2.22,0.208
-2.148,-2.162
-2.146,-2.084
-2.232,0.356
-2.254,-2.109
-2.264,-0.566
-2.256,0.086
-2.278,0.586
-2.351,0.55
-2.314,0.467
-2.752,-2.322
3.044,-2.601
1.388,-2.27
1.019,-2.379
0.657,-2.382
0.472,-2.443
0.29,-2.428
0.049,-2.316
-0.146,-2.508
-0.763,-2.346
-1.019,-2.547
-1.741,-2.621
-1.82,-2.529
-1.976,-2.478
-2.103,-2.588
-2.197,-2.316
-2.421,2.081
-2.582,2.011
-2.628,1.83
-2.65,1.879
-2.565,1.949
-2.811,1.934
2.73,2.016
2.187,2.03
2.194,2.041
2.142,1.887
1.938,1.867
2.002,1.989
1.12,1.85
1.068,1.813
1.026,1.797
0.916,1.87
0.552,1.976
-0.081,2.053
-0.423,1.779
-0.618,1.862
-0.676,2.17
-0.88,2.28
-1.186,1.854
-1.415,2.26
-1.596,1.877
-2.336,2.022
-2.392,2.086
-2.413,0.504
-2.461,-0.859
-2.515,-1.582
-2.463,-0.747
-2.604,-1.573
-2.798,0.42
-2.924,1.71
-3.038,1.682
1.681,1.522
1.11,-0.979
-0.7,1.11
-1.283,1.159
-2.283,0.207
-2.432,1.656
-2.485,-2.097
-2.495,0.621
-2.391,-2.249
-2.494,-1.783
-2.406,0.239
-2.587,-2.252
-2.457,1.569
-2.596,-1.457
-2.592,-0.832
-2.505,-0.762
-2.548,1.381
-2.674,0.489
-2.788,0.763
-2.745,1.108
-2.954,-0.65
-3.036,0.706
-2.963,1.323
-3.008,1.327
-3.02,-0.241
-3.124,1.402
3.122,0.664
-3.055,-0.797
3.055,-0.941
2.908,1.718
3.043,-2.19
2.811,0.813
2.912,-2.152
2.724,1.019
2.833,-1.387
2.788,-0.884
2.608,0.366
2.623,1.046
2.606,1.506
2.309,0.424
2.272,-1.955
2.264,-0.682
2.155,-0.798
2.08,-0.51
2.186,1.612
2.193,0.993
2.113,-2.21
1.944,0.469
1.93,1.738
1.833,1.589
1.815,1.61
1.946,1.605
1.837,-1.757
1.883,-0.66
1.834,0.463
1.665,1.698
1.671,-1.111
1.797,0.481
1.716,0.137
1.716,-1.53
1.686,1.513
1.421,-0.549
1.351,-0.631
1.153,-1.71
1.126,1.6
1.231,0.017
1.222,0.873
1.056,-2.085
0.967,-0.287
0.935,0.308
1.03,1.672
0.895,-0.439
0.988,1.636
1.002,0.404
0.803,-2.171
0.781,-0.652
0.882,0.83
0.811,-0.192
0.8,-1.887
0.795,1.587
0.623,-1.921
0.695,0.141
0.654,-1.465
0.525,-1.719
0.615,-0.338
0.506,-2.045
0.634,-1.057
0.559,-1.043
0.531,-2.153
0.382,-1.489
0.372,-1.894
0.493,-0.739
0.528,1.707
0.369,1.287
0.478,-1.723
0.385,-0.615
0.337,-0.378
0.225,-2.029
0.159,-0.473
0.238,0.062
0.226,-1.095
0.003,-2.136
0.016,0.546
0.106,1.287
0.078,-0.453
-0.063,-1.724
-0.156,1.136
-0.05,-0.198
-0.169,0.647
-0.156,0.683
-0.41,-1.502
-0.349,0.144
-0.639,1.773
-0.781,-0.961
-0.664,-1.057
-0.807,1.61
-1.117,0.426
-1.242,-0.339
-1.376,-1.718
-1.406,0.891
-1.313,1.373
-1.492,-0.053
-1.396,1.589
-1.566,0.781
-1.75,-1.858
-1.983,0.189
-2.134,1.691
-2.17,-1.865
-2.189,1.707
-2.116,0.919
-2.272,-1.932
-2.17,1.493
-2.333,-2.409
-2.366,-2.532
-2.397,-2.464
-2.466,-2.519
3.053,-2.529
2.728,-2.487
1.97,-2.414
0.758,-2.419
-0.965,-2.324
-2.153,-2.298
-2.654,2.08
-2.706,2.196
-2.765,1.898
-3.031,1.935
-3.136,2.155
-3.133,1.832
3.042,1.899
2.793,2.054
2.76,2.153
1.287,2.042
1.102,2.105
0.906,2.1
0.147,1.842
-0.172,2.103
-0.162,1.897
-0.793,2.077
-1.642,1.742
-2.197,2.16
-2.44,-0.73
0.27,0.739
-1.486,1.378
-2.435,0.973
-2.353,-1.709
-2.417,0.268
-2.539,0.272
-2.647,-1.424
1.26,1.334
1.238,-0.604
0.361,-0.638
-0.375,0.252
-0.692,0.236
-1.605,-1.259
-1.588,0.939
-1.783,0.298
-1.788,0.727
-1.887,1.374
-1.897,0.558
-1.901,-0.243
-2.022,-1.299
-2.306,0.232
-2.66,0.414
-2.936,0.496
1.342,0.458
-2.099,-0.97
-0.931,-2.066
-1.929,1.515
-1.154,-2.297
-2.952,1.92
-0.081,1.734
-0.122,0.43
-0.135,-0.404
-0.176,-0.047
-0.294,-1.214
-0.238,-0.757
-0.241,-2.103
-0.314,0.584
-0.368,-0.383
-0.43,0.178
-0.358,0.067
-0.367,-2.093
-0.427,1.38
-0.547,0.69
-0.605,0.46
-0.636,-1.332
-0.735,1.515
-0.922,0.23
-1.119,-1.161
-1.145,-0.929
-1.189,0.544
-1.201,0.356
-1.174,0.924
-1.194,-0.235
-1.339,0.61
-1.346,0.327
-1.427,1.581
-1.494,0.094
-1.554,-1.564
-1.496,0.143
-1.677,-0.979
-1.817,-1.038
-1.959,-2.022
-1.955,0.84
-1.972,-0.138
-2.003,-1.414
-2.015,0.537
-2.1,0.005
-2.128,-1.385
-2.162,0.702
-2.119,0.431
-2.157,0.34
-2.229,0.304
-2.157,-2.066
-2.155,-1.988
-2.241,0.452
-2.263,-2.013
-2.273,-0.47
-2.265,0.182
-2.287,0.682
-2.36,0.646
-2.323,0.563
-2.761,-2.226
3.035,-2.505
1.379,-2.174
1.01,-2.283
0.648,-2.286
0.463,-2.347
0.281,-2.332
0.04,-2.22
-0.155,-2.412
-0.772,-2.25
-1.028,-2.451
-1.75,-2.525
-1.829,-2.433
-1.985,-2.382
-2.112,-2.492
-2.206,-2.22
-2.43,2.177
-2.591,2.107
-2.637,1.926
-2.659,1.975
-2.574,2.045
-2.82,2.03
2.721,2.112
2.178,2.126
2.185,2.137
2.133,1.983
1.929,1.963
1.993,2.085
1.111,1.946
1.059,1.909
1.017,1.893
0.907,1.966
0.543,2.072
-0.09,2.149
-0.432,1.875
-0.627,1.958
-0.685,2.266
-0.889,2.376
-1.195,1.95
-1.424,2.356
-1.605,1.973
-2.345,2.118
-2.401,2.182
-2.422,0.6
-2.47,-0.763
-2.524,-1.486
-2.472,-0.651
-2.613,-1.477
-2.807,0.516
-2.933,1.806
-3.047,1.778
1.672,1.618
1.101,-0.883
-0.709,1.206
-1.292,1.255
-2.292,0.303
-2.441,1.752
-2.494,-2.001
-2.504,0.717
-2.4,-2.153
-2.503,-1.687
-2.415,0.335
-2.596,-2.156
-2.466,1.665
-2.605,-1.361
-2.601,-0.736
-2.514,-0.666
-2.557,1.477
-2.683,0.585
-2.797,0.859
-2.754,1.204
-2.963,-0.554
-3.045,0.802
-2.972,1.419
-3.017,1.423
-3.029,-0.145
-3.133,1.498
3.113,0.76
-3.064,-0.701
3.046,-0.845
2.899,1.814
3.034,-2.094
2.802,0.909
2.903,-2.056
2.715,1.115
2.824,-1.291
2.779,-0.788
2.599,0.462
2.614,1.142
2.597,1.602
2.3,0.52
2.263,-1.859
2.255,-0.586
2.146,-0.702
2.071,-0.414
2.177,1.708
2.184,1.089
2.104,-2.114
1.935,0.565
1.921,1.834
1.824,1.685
1.806,1.706
1.937,1.701
1.828,-1.661
1.874,-0.564
1.825,0.559
1.656,1.794
1.662,-1.015
1.788,0.577
1.707,0.233
1.707,-1.434
1.677,1.609
1.412,-0.453
1.342,-0.535
1.144,-1.614
1.117,1.696
1.222,0.113
1.213,0.969
1.047,-1.989
0.958,-0.191
0.926,0.404
1.021,1.768
0.886,-0.343
0.979,1.732
0.993,0.5
0.794,-2.075
0.772,-0.556
0.873,0.926
0.802,-0.096
0.791,-1.791
0.786,1.683
0.614,-1.825
0.686,0.237
0.645,-1.369
0.516,-1.623
0.606,-0.242
0.497,-1.949
0.625,-0.961
0.55,-0.947
0.522,-2.057
0.373,-1.393
0.363,-1.798
0.484,-0.643
0.519,1.803
0.36,1.383
0.469,-1.627
0.376,-0.519
0.328,-0.282
0.216,-1.933
0.15,-0.377
0.229,0.158
0.217,-0.999
-0.006,-2.04
0.007,0.642
0.097,1.383
0.069,-0.357
-0.072,-1.628
-0.165,1.232
-0.059,-0.102
-0.178,0.743
-0.165,0.779
-0.419,-1.406
-0.358,0.24
-0.648,1.869
-0.79,-0.865
-0.673,-0.961
-0.816,1.706
-1.126,0.522
-1.251,-0.243
-1.385,-1.622
-1.415,0.987
-1.322,1.469
-1.501,0.043
-1.405,1.685
-1.575,0.877
-1.759,-1.762
-1.992,0.285
-2.143,1.787
-2.179,-1.769
-2.198,1.803
-2.125,1.015
-2.281,-1.836
-2.179,1.589
-2.342,-2.313
-2.375,-2.436
-2.406,-2.368
-2.475,-2.423
3.044,-2.433
2.719,-2.391
1.961,-2.318
0.749,-2.323
-0.974,-2.228
-2.162,-2.202
-2.663,2.176
-2.715,2.292
-2.774,1.994
-3.04,2.031
3.138,2.251
3.141,1.928
3.033,1.995
2.784,2.15
2.751,2.249
1.278,2.138
1.093,2.201
0.897,2.196
0.138,1.938
-0.181,2.199
-0.171,1.993
-0.802,2.173
-1.651,1.838
-2.206,2.256
-2.449,-0.634
0.261,0.835
-1.495,1.474
-2.444,1.069
-2.362,-1.613
-2.426,0.364
-2.548,0.368
-2.656,-1.328
1.251,1.43
1.229,-0.508
0.352,-0.542
-0.384,0.348
-0.701,0.332
-1.614,-1.163
-1.597,1.035
-1.792,0.394
-1.797,0.823
-1.896,1.47
-1.906,0.654
-1.91,-0.147
-2.031,-1.203
-2.315,0.328
-2.669,0.51
-2.945,0.592
1.333,0.554
-2.108,-0.874
-0.94,-1.97
-1.938,1.611
-1.163,-2.201
-2.961,2.016
-0.041,-1.304
-0.054,-2.138
-0.095,-1.781
-0.213,-2.948
-0.157,-2.491
-0.16,-3.837
-0.233,-1.15
-0.287,-2.117
-0.349,-1.556
-0.277,-1.667
-0.286,-3.827
-0.346,-0.354
-0.466,-1.044
-0.524,-1.274
-0.555,-3.066
-0.654,-0.219
-0.841,-1.504
-1.038,-2.895
-1.064,-2.663
-1.108,-1.19
-1.12,-1.378
-1.093,-0.81
-1.113,-1.969
-1.258,-1.124
-1.265,-1.407
-1.346,-0.153
-1.413,-1.64
-1.473,-3.298
-1.415,-1.591
-1.596,-2.713
-1.736,-2.772
-1.878,-3.756
-1.874,-0.894
-1.891,-1.872
-1.922,-3.148
-1.934,-1.197
-2.019,-1.729
-2.047,-3.119
-2.081,-1.032
-2.038,-1.303
-2.076,-1.394
-2.148,-1.43
-2.076,-3.8
-2.074,-3.722
-2.16,-1.282
-2.182,-3.747
-2.192,-2.204
-2.184,-1.552
-2.206,-1.052
-2.279,-1.088
-2.242,-1.171
-2.68,-3.96
3.116,-4.239
1.46,-3.908
1.091,-4.017
0.729,-4.02
0.544,-4.081
0.362,-4.066
0.121,-3.954
-0.074,-4.146
-0.691,-3.984
-0.947,-4.185
-1.669,-4.259
-1.748,-4.167
-1.904,-4.116
-2.031,-4.226
-2.125,-3.954
-2.349,0.443
-2.51,0.373
-2.556,0.192
-2.578,0.241
-2.493,0.311
-2.739,0.296
2.802,0.378
2.259,0.392
2.266,0.403
2.214,0.249
2.01,0.229
2.074,0.351
1.192,0.212
1.14,0.175
1.098,0.159
0.988,0.232
0.624,0.338
-0.009,0.415
-0.351,0.141
-0.546,0.224
-0.604,0.532
-0.808,0.642
-1.114,0.216
-1.343,0.622
-1.524,0.239
-2.264,0.384
-2.32,0.448
-2.341,-1.134
-2.389,-2.497
-2.443,-3.22
-2.391,-2.385
-2.532,-3.211
-2.726,-1.218
-2.852,0.072
-2.966,0.044
1.753,-0.116
1.182,-2.617
-0.628,-0.528
-1.211,-0.479
-2.211,-1.431
-2.36,0.018
-2.413,-3.735
-2.423,-1.017
-2.319,-3.887
-2.422,-3.421
-2.334,-1.399
-2.515,-3.89
-2.385,-0.069
-2.524,-3.095
-2.52,-2.47
-2.433,-2.4
-2.476,-0.257
-2.602,-1.149
-2.716,-0.875
-2.673,-0.53
-2.882,-2.288
-2.964,-0.932
-2.891,-0.315
-2.936,-0.311
-2.948,-1.879
-3.052,-0.236
-3.089,-0.974
-2.983,-2.435
3.127,-2.579
2.98,0.08
3.115,-3.828
2.883,-0.825
2.984,-3.79
2.796,-0.619
2.905,-3.025
2.86,-2.522
2.68,-1.272
2.695,-0.592
2.678,-0.132
2.381,-1.214
2.344,-3.593
2.336,-2.32
2.227,-2.436
2.152,-2.148
2.258,-0.026
2.265,-0.645
2.185,-3.848
2.016,-1.169
2.002,0.1
1.905,-0.049
1.887,-0.028
2.018,-0.033
1.909,-3.395
1.955,-2.298
1.906,-1.175
1.737,0.06
1.743,-2.749
1.869,-1.157
1.788,-1.501
1.788,-3.168
1.758,-0.125
1.493,-2.187
1.423,-2.269
1.225,-3.348
1.198,-0.038
1.303,-1.621
1.294,-0.765
1.128,-3.723
1.039,-1.925
1.007,-1.33
1.102,0.034
0.967,-2.077
1.06,-0.002
1.074,-1.234
0.875,-3.809
0.853,-2.29
0.954,-0.808
0.883,-1.83
0.872,-3.525
0.867,-0.051
0.695,-3.559
0.767,-1.497
0.726,-3.103
0.597,-3.357
0.687,-1.976
0.578,-3.683
0.706,-2.695
0.631,-2.681
0.603,-3.791
0.454,-3.127
0.444,-3.532
0.565,-2.377
0.6,0.069
0.441,-0.351
0.55,-3.361
0.457,-2.253
0.409,-2.016
0.297,-3.667
0.231,-2.111
0.31,-1.576
0.298,-2.733
0.075,-3.774
0.088,-1.092
0.178,-0.351
0.15,-2.091
0.009,-3.362
-0.084,-0.502
0.022,-1.836
-0.097,-0.991
-0.084,-0.955
-0.338,-3.14
-0.277,-1.494
-0.567,0.135
-0.709,-2.599
-0.592,-2.695
-0.735,-0.028
-1.045,-1.212
-1.17,-1.977
-1.304,-3.356
-1.334,-0.747
-1.241,-0.265
-1.42,-1.691
-1.324,-0.049
-1.494,-0.857
-1.678,-3.496
-1.911,-1.449
-2.062,0.053
-2.098,-3.503
-2.117,0.069
-2.044,-0.719
-2.2,-3.57
-2.098,-0.145
-2.261,-4.047
-2.294,-4.17
-2.325,-4.102
-2.394,-4.157
3.125,-4.167
2.8,-4.125
2.042,-4.052
0.83,-4.057
-0.893,-3.962
-2.081,-3.936
-2.582,0.442
-2.634,0.558
-2.693,0.26
-2.959,0.297
-3.064,0.517
-3.061,0.194
3.114,0.261
2.865,0.416
2.832,0.515
1.359,0.404
1.174,0.467
0.978,0.462
0.219,0.204
-0.1,0.465
-0.09,0.259
-0.721,0.439
-1.57,0.104
-2.125,0.522
-2.368,-2.368
0.342,-0.899
-1.414,-0.26
-2.363,-0.665
-2.281,-3.347
-2.345,-1.37
-2.467,-1.366
-2.575,-3.062
1.332,-0.304
1.31,-2.242
0.433,-2.276
-0.303,-1.386
-0.62,-1.402
-1.533,-2.897
-1.516,-0.699
-1.711,-1.34
-1.716,-0.911
-1.815,-0.264
-1.825,-1.08
-1.829,-1.881
-1.95,-2.937
-2.234,-1.406
-2.588,-1.224
-2.864,-1.142
1.414,-1.18
-2.027,-2.608
-0.859,-3.704
-1.857,-0.123
-1.082,-3.935
-2.88,0.282
-0.013,-0.834
-0.054,-0.477
-0.172,-1.644
-0.116,-1.187
-0.119,-2.533
-0.192,0.154
-0.246,-0.813
-0.308,-0.252
-0.236,-0.363
-0.245,-2.523
-0.305,0.95
-0.425,0.26
-0.483,0.03
-0.514,-1.762
-0.613,1.085
-0.8,-0.2
-0.997,-1.591
-1.023,-1.359
-1.067,0.114
-1.079,-0.074
-1.052,0.494
-1.072,-0.665
-1.217,0.18
-1.224,-0.103
-1.305,1.151
-1.372,-0.336
-1.432,-1.994
-1.374,-0.287
-1.555,-1.409
-1.695,-1.468
-1.837,-2.452
-1.833,0.41
-1.85,-0.568
-1.881,-1.844
-1.893,0.107
-1.978,-0.425
-2.006,-1.815
-2.04,0.272
-1.997,0.001
-2.035,-0.09
-2.107,-0.126
-2.035,-2.496
-2.033,-2.418
-2.119,0.022
-2.141,-2.443
-2.151,-0.9
-2.143,-0.248
-2.165,0.252
-2.238,0.216
-2.201,0.133
-2.639,-2.656
-3.126,-2.935
1.501,-2.604
1.132,-2.713
0.77,-2.716
0.585,-2.777
0.403,-2.762
0.162,-2.65
-0.033,-2.842
-0.65,-2.68
-0.906,-2.881
-1.628,-2.955
-1.707,-2.863
-1.863,-2.812
-1.99,-2.922
-2.084,-2.65
-2.308,1.747
-2.469,1.677
-2.515,1.496
-2.537,1.545
-2.452,1.615
-2.698,1.6
2.843,1.682
2.3,1.696
2.307,1.707
2.255,1.553
2.051,1.533
2.115,1.655
1.233,1.516
1.181,1.479
1.139,1.463
1.029,1.536
0.665,1.642
0.032,1.719
-0.31,1.445
-0.505,1.528
-0.563,1.836
-0.767,1.946
-1.073,1.52
-1.302,1.926
-1.483,1.543
-2.223,1.688
-2.279,1.752
-2.3,0.17
-2.348,-1.193
-2.402,-1.916
-2.35,-1.081
-2.491,-1.907
-2.685,0.086
-2.811,1.376
-2.925,1.348
1.794,1.188
1.223,-1.313
-0.587,0.776
-1.17,0.825
-2.17,-0.127
-2.319,1.322
-2.372,-2.431
-2.382,0.287
-2.278,-2.583
-2.381,-2.117
-2.293,-0.095
-2.474,-2.586
-2.344,1.235
-2.483,-1.791
-2.479,-1.166
-2.392,-1.096
-2.435,1.047
-2.561,0.155
-2.675,0.429
-2.632,0.774
-2.841,-0.984
-2.923,0.372
-2.85,0.989
-2.895,0.993
-2.907,-0.575
-3.011,1.068
-3.048,0.33
-2.942,-1.131
-3.115,-1.275
3.021,1.384
-3.127,-2.524
2.924,0.479
3.025,-2.486
2.837,0.685
2.946,-1.721
2.901,-1.218
2.721,0.032
2.736,0.712
2.719,1.172
2.422,0.09
2.385,-2.289
2.377,-1.016
2.268,-1.132
2.193,-0.844
2.299,1.278
2.306,0.659
2.226,-2.544
2.057,0.135
2.043,1.404
1.946,1.255
1.928,1.276
2.059,1.271
1.95,-2.091
1.996,-0.994
1.947,0.129
1.778,1.364
1.784,-1.445
1.91,0.147
1.829,-0.197
1.829,-1.864
1.799,1.179
1.534,-0.883
1.464,-0.965
1.266,-2.044
1.239,1.266
1.344,-0.317
1.335,0.539
1.169,-2.419
1.08,-0.621
1.048,-0.026
1.143,1.338
1.008,-0.773
1.101,1.302
1.115,0.07
0.916,-2.505
0.894,-0.986
0.995,0.496
0.924,-0.526
0.913,-2.221
0.908,1.253
0.736,-2.255
0.808,-0.193
0.767,-1.799
0.638,-2.053
0.728,-0.672
0.619,-2.379
0.747,-1.391
0.672,-1.377
0.644,-2.487
0.495,-1.823
0.485,-2.228
0.606,-1.073
0.641,1.373
0.482,0.953
0.591,-2.057
0.498,-0.949
0.45,-0.712
0.338,-2.363
0.272,-0.807
0.351,-0.272
0.339,-1.429
0.116,-2.47
0.129,0.212
0.219,0.953
0.191,-0.787
0.05,-2.058
-0.043,0.802
0.063,-0.532
-0.056,0.313
-0.043,0.349
-0.297,-1.836
-0.236,-0.19
-0.526,1.439
-0.668,-1.295
-0.551,-1.391
-0.694,1.276
-1.004,0.092
-1.129,-0.673
-1.263,-2.052
-1.293,0.557
-1.2,1.039
-1.379,-0.387
-1.283,1.255
-1.453,0.447
-1.637,-2.192
-1.87,-0.145
-2.021,1.357
-2.057,-2.199
-2.076,1.373
-2.003,0.585
-2.159,-2.266
-2.057,1.159
-2.22,-2.743
-2.253,-2.866
-2.284,-2.798
-2.353,-2.853
-3.117,-2.863
2.841,-2.821
2.083,-2.748
0.871,-2.753
-0.852,-2.658
-2.04,-2.632
-2.541,1.746
-2.593,1.862
-2.652,1.564
-2.918,1.601
-3.023,1.821
-3.02,1.498
-3.128,1.565
2.906,1.72
2.873,1.819
1.4,1.708
1.215,1.771
1.019,1.766
0.26,1.508
-0.059,1.769
-0.049,1.563
-0.68,1.743
-1.529,1.408
-2.084,1.826
-2.327,-1.064
0.383,0.405
-1.373,1.044
-2.322,0.639
-2.24,-2.043
-2.304,-0.066
-2.426,-0.062
-2.534,-1.758
1.373,1.0
1.351,-0.938
0.474,-0.972
-0.262,-0.082
-0.579,-0.098
-1.492,-1.593
-1.475,0.605
-1.67,-0.036
-1.675,0.393
-1.774,1.04
-1.784,0.224
-1.788,-0.577
-1.909,-1.633
-2.193,-0.102
-2.547,0.08
-2.823,0.162
1.455,0.124
-1.986,-1.304
-0.818,-2.4
-1.816,1.181
-1.041,-2.631
-2.839,1.586
-0.041,0.357
-0.159,-0.81
-0.103,-0.353
-0.106,-1.699
-0.179,0.988
-0.233,0.021
-0.295,0.582
-0.223,0.471
-0.232,-1.689
-0.292,1.784
-0.412,1.094
-0.47,0.864
-0.501,-0.928
-0.6,1.919
-0.787,0.634
-0.984,-0.757
-1.01,-0.525
-1.054,0.948
-1.066,0.76
-1.039,1.328
-1.059,0.169
-1.204,1.014
-1.211,0.731
-1.292,1.985
-1.359,0.498
-1.419,-1.16
-1.361,0.547
-1.542,-0.575
-1.682,-0.634
-1.824,-1.618
-1.82,1.244
-1.837,0.266
-1.868,-1.01
-1.88,0.941
-1.965,0.409
-1.993,-0.981
-2.027,1.106
-1.984,0.835
-2.022,0.744
-2.094,0.708
-2.022,-1.662
-2.02,-1.584
-2.106,0.856
-2.128,-1.609
-2.138,-0.066
-2.13,0.586
-2.152,1.086
-2.225,1.05
-2.188,0.967
-2.626,-1.822
-3.113,-2.101
1.514,-1.77
1.145,-1.879
0.783,-1.882
0.598,-1.943
0.416,-1.928
0.175,-1.816
-0.02,-2.008
-0.637,-1.846
-0.893,-2.047
-1.615,-2.121
-1.694,-2.029
-1.85,-1.978
-1.977,-2.088
-2.071,-1.816
-2.295,2.581
-2.456,2.511
-2.502,2.33
-2.524,2.379
-2.439,2.449
-2.685,2.434
2.856,2.516
2.313,2.53
2.32,2.541
2.268,2.387
2.064,2.367
2.128,2.489
1.246,2.35
1.194,2.313
1.152,2.297
1.042,2.37
0.678,2.476
0.045,2.553
-0.297,2.279
-0.492,2.362
-0.55,2.67
-0.754,2.78
-1.06,2.354
-1.289,2.76
-1.47,2.377
-2.21,2.522
-2.266,2.586
-2.287,1.004
-2.335,-0.359
-2.389,-1.082
-2.337,-0.247
-2.478,-1.073
-2.672,0.92
-2.798,2.21
-2.912,2.182
1.807,2.022
1.236,-0.479
-0.574,1.61
-1.157,1.659
-2.157,0.707
-2.306,2.156
-2.359,-1.597
-2.369,1.121
-2.265,-1.749
-2.368,-1.283
-2.28,0.739
-2.461,-1.752
-2.331,2.069
-2.47,-0.957
-2.466,-0.332
-2.379,-0.262
-2.422,1.881
-2.548,0.989
-2.662,1.263
-2.619,1.608
-2.828,-0.15
-2.91,1.206
-2.837,1.823
-2.882,1.827
-2.894,0.259
-2.998,1.902
-3.035,1.164
-2.929,-0.297
-3.102,-0.441
3.034,2.218
-3.114,-1.69
2.937,1.313
3.038,-1.652
2.85,1.519
2.959,-0.887
2.914,-0.384
2.734,0.866
2.749,1.546
2.732,2.006
2.435,0.924
2.398,-1.455
2.39,-0.182
2.281,-0.298
2.206,-0.01
2.312,2.112
2.319,1.493
2.239,-1.71
2.07,0.969
2.056,2.238
1.959,2.089
1.941,2.11
2.072,2.105
1.963,-1.257
2.009,-0.16
1.96,0.963
1.791,2.198
1.797,-0.611
1.923,0.981
1.842,0.637
1.842,-1.03
1.812,2.013
1.547,-0.049
1.477,-0.131
1.279,-1.21
1.252,2.1
1.357,0.517
1.348,1.373
1.182,-1.585
1.093,0.213
1.061,0.808
1.156,2.172
1.021,0.061
1.114,2.136
1.128,0.904
0.929,-1.671
0.907,-0.152
1.008,1.33
0.937,0.308
0.926,-1.387
0.921,2.087
0.749,-1.421
0.821,0.641
0.78,-0.965
0.651,-1.219
0.741,0.162
0.632,-1.545
0.76,-0.557
0.685,-0.543
0.657,-1.653
0.508,-0.989
0.498,-1.394
0.619,-0.239
0.654,2.207
0.495,1.787
0.604,-1.223
0.511,-0.115
0.463,0.122
0.351,-1.529
0.285,0.027
0.364,0.562
0.352,-0.595
0.129,-1.636
0.142,1.046
0.232,1.787
0.204,0.047
0.063,-1.224
-0.03,1.636
0.076,0.302
-0.043,1.147
-0.03,1.183
-0.284,-1.002
-0.223,0.644
-0.513,2.273
-0.655,-0.461
-0.538,-0.557
-0.681,2.11
-0.991,0.926
-1.116,0.161
-1.25,-1.218
-1.28,1.391
-1.187,1.873
-1.366,0.447
-1.27,2.089
-1.44,1.281
-1.624,-1.358
-1.857,0.689
-2.008,2.191
-2.044,-1.365
-2.063,2.207
-1.99,1.419
-2.146,-1.432
-2.044,1.993
-2.207,-1.909
-2.24,-2.032
-2.271,-1.964
-2.34,-2.019
-3.104,-2.029
2.854,-1.987
2.096,-1.914
0.884,-1.919
-0.839,-1.824
-2.027,-1.798
-2.528,2.58
-2.58,2.696
-2.639,2.398
-2.905,2.435
-3.01,2.655
-3.007,2.332
-3.115,2.399
2.919,2.554
2.886,2.653
1.413,2.542
1.228,2.605
1.032,2.6
0.273,2.342
-0.046,2.603
-0.036,2.397
-0.667,2.577
-1.516,2.242
-2.071,2.66
-2.314,-0.23
0.396,1.239
-1.36,1.878
-2.309,1.473
-2.227,-1.209
-2.291,0.768
-2.413,0.772
-2.521,-0.924
1.386,1.834
1.364,-0.104
0.487,-0.138
-0.249,0.752
-0.566,0.736
-1.479,-0.759
-1.462,1.439
-1.657,0.798
-1.662,1.227
-1.761,1.874
-1.771,1.058
-1.775,0.257
-1.896,-0.799
-2.18,0.732
-2.534,0.914
-2.81,0.996
1.468,0.958
-1.973,-0.47
-0.805,-1.566
-1.803,2.015
-1.028,-1.797
-2.826,2.42
-0.118,-1.167
-0.062,-0.71
-0.065,-2.056
-0.138,0.631
-0.192,-0.336
-0.254,0.225
-0.182,0.114
-0.191,-2.046
-0.251,1.427
-0.371,0.737
-0.429,0.507
-0.46,-1.285
-0.559,1.562
-0.746,0.277
-0.943,-1.114
-0.969,-0.882
-1.013,0.591
-1.025,0.403
-0.998,0.971
-1.018,-0.188
-1.163,0.657
-1.17,0.374
-1.251,1.628
-1.318,0.141
-1.378,-1.517
-1.32,0.19
-1.501,-0.932
-1.641,-0.991
-1.783,-1.975
-1.779,0.887
-1.796,-0.091
-1.827,-1.367
-1.839,0.584
-1.924,0.052
-1.952,-1.338
-1.986,0.749
-1.943,0.478
-1.981,0.387
-2.053,0.351
-1.981,-2.019
-1.979,-1.941
-2.065,0.499
-2.087,-1.966
-2.097,-0.423
-2.089,0.229
-2.111,0.729
-2.184,0.693
-2.147,0.61
-2.585,-2.179
-3.072,-2.458
1.555,-2.127
1.186,-2.236
0.824,-2.239
0.639,-2.3
0.457,-2.285
0.216,-2.173
0.021,-2.365
-0.596,-2.203
-0.852,-2.404
-1.574,-2.478
-1.653,-2.386
-1.809,-2.335
-1.936,-2.445
-2.03,-2.173
-2.254,2.224
-2.415,2.154
-2.461,1.973
-2.483,2.022
-2.398,2.092
-2.644,2.077
2.897,2.159
2.354,2.173
2.361,2.184
2.309,2.03
2.105,2.01
2.169,2.132
1.287,1.993
1.235,1.956
1.193,1.94
1.083,2.013
0.719,2.119
0.086,2.196
-0.256,1.922
-0.451,2.005
-0.509,2.313
-0.713,2.423
-1.019,1.997
-1.248,2.403
-1.429,2.02
-2.169,2.165
-2.225,2.229
-2.246,0.647
-2.294,-0.716
-2.348,-1.439
-2.296,-0.604
-2.437,-1.43
-2.631,0.563
-2.757,1.853
-2.871,1.825
1.848,1.665
1.277,-0.836
-0.533,1.253
-1.116,1.302
-2.116,0.35
-2.265,1.799
-2.318,-1.954
-2.328,0.764
-2.224,-2.106
-2.327,-1.64
-2.239,0.382
-2.42,-2.109
-2.29,1.712
-2.429,-1.314
-2.425,-0.689
-2.338,-0.619
-2.381,1.524
-2.507,0.632
-2.621,0.906
-2.578,1.251
-2.787,-0.507
-2.869,0.849
-2.796,1.466
-2.841,1.47
-2.853,-0.098
-2.957,1.545
-2.994,0.807
-2.888,-0.654
-3.061,-0.798
3.075,1.861
-3.073,-2.047
2.978,0.956
3.079,-2.009
2.891,1.162
3.0,-1.244
2.955,-0.741
2.775,0.509
2.79,1.189
2.773,1.649
2.476,0.567
2.439,-1.812
2.431,-0.539
2.322,-0.655
2.247,-0.367
2.353,1.755
2.36,1.136
2.28,-2.067
2.111,0.612
2.097,1.881
2.0,1.732
1.982,1.753
2.113,1.748
2.004,-1.614
2.05,-0.517
2.001,0.606
1.832,1.841
1.838,-0.968
1.964,0.624
1.883,0.28
1.883,-1.387
1.853,1.656
1.588,-0.406
1.518,-0.488
1.32,-1.567
1.293,1.743
1.398,0.16
1.389,1.016
1.223,-1.942
1.134,-0.144
1.102,0.451
1.197,1.815
1.062,-0.296
1.155,1.779
1.169,0.547
0.97,-2.028
0.948,-0.509
1.049,0.973
0.978,-0.049
0.967,-1.744
0.962,1.73
0.79,-1.778
0.862,0.284
0.821,-1.322
0.692,-1.576
0.782,-0.195
0.673,-1.902
0.801,-0.914
0.726,-0.9
0.698,-2.01
0.549,-1.346
0.539,-1.751
0.66,-0.596
0.695,1.85
0.536,1.43
0.645,-1.58
0.552,-0.472
0.504,-0.235
0.392,-1.886
0.326,-0.33
0.405,0.205
0.393,-0.952
0.17,-1.993
0.183,0.689
0.273,1.43
0.245,-0.31
0.104,-1.581
0.011,1.279
0.117,-0.055
-0.002,0.79
0.011,0.826
-0.243,-1.359
-0.182,0.287
-0.472,1.916
-0.614,-0.818
-0.497,-0.914
-0.64,1.753
-0.95,0.569
-1.075,-0.196
-1.209,-1.575
-1.239,1.034
-1.146,1.516
-1.325,0.09
-1.229,1.732
-1.399,0.924
-1.583,-1.715
-1.816,0.332
-1.967,1.834
-2.003,-1.722
-2.022,1.85
-1.949,1.062
-2.105,-1.789
-2.003,1.636
-2.166,-2.266
-2.199,-2.389
-2.23,-2.321
-2.299,-2.376
-3.063,-2.386
2.895,-2.344
2.137,-2.271
0.925,-2.276
-0.798,-2.181
-1.986,-2.155
-2.487,2.223
-2.539,2.339
-2.598,2.041
-2.864,2.078
-2.969,2.298
-2.966,1.975
-3.074,2.042
2.96,2.197
2.927,2.296
1.454,2.185
1.269,2.248
1.073,2.243
0.314,1.985
-0.005,2.246
0.005,2.04
-0.626,2.22
-1.475,1.885
-2.03,2.303
-2.273,-0.587
0.437,0.882
-1.319,1.521
-2.268,1.116
-2.186,-1.566
-2.25,0.411
-2.372,0.415
-2.48,-1.281
1.427,1.477
1.405,-0.461
0.528,-0.495
-0.208,0.395
-0.525,0.379
-1.438,-1.116
-1.421,1.082
-1.616,0.441
-1.621,0.87
-1.72,1.517
-1.73,0.701
-1.734,-0.1
-1.855,-1.156
-2.139,0.375
-2.493,0.557
-2.769,0.639
1.509,0.601
-1.932,-0.827
-0.764,-1.923
-1.762,1.658
-0.987,-2.154
-2.785,2.063
0.056,0.457
0.053,-0.889
-0.02,1.798
-0.074,0.831
-0.136,1.392
-0.064,1.281
-0.073,-0.879
-0.133,2.594
-0.253,1.904
-0.311,1.674
-0.342,-0.118
-0.441,2.729
-0.628,1.444
-0.825,0.053
-0.851,0.285
-0.895,1.758
-0.907,1.57
-0.88,2.138
-0.9,0.979
-1.045,1.824
-1.052,1.541
-1.133,2.795
-1.2,1.308
-1.26,-0.35
-1.202,1.357
-1.383,0.235
-1.523,0.176
-1.665,-0.808
-1.661,2.054
-1.678,1.076
-1.709,-0.2
-1.721,1.751
-1.806,1.219
-1.834,-0.171
-1.868,1.916
-1.825,1.645
-1.863,1.554
-1.935,1.518
-1.863,-0.852
-1.861,-0.774
-1.947,1.666
-1.969,-0.799
-1.979,0.744
-1.971,1.396
-1.993,1.896
-2.066,1.86
-2.029,1.777
-2.467,-1.012
-2.954,-1.291
1.673,-0.96
1.304,-1.069
0.942,-1.072
0.757,-1.133
0.575,-1.118
0.334,-1.006
0.139,-1.198
-0.478,-1.036
-0.734,-1.237
-1.456,-1.311
-1.535,-1.219
-1.691,-1.168
-1.818,-1.278
-1.912,-1.006
-2.136,3.391
-2.297,3.321
-2.343,3.14
-2.365,3.189
-2.28,3.259
-2.526,3.244
3.015,3.326
2.472,3.34
2.479,3.351
2.427,3.197
2.223,3.177
2.287,3.299
1.405,3.16
1.353,3.123
1.311,3.107
1.201,3.18
0.837,3.286
0.204,3.363
-0.138,3.089
-0.333,3.172
-0.391,3.48
-0.595,3.59
-0.901,3.164
-1.13,3.57
-1.311,3.187
-2.051,3.332
-2.107,3.396
-2.128,1.814
-2.176,0.451
-2.23,-0.272
-2.178,0.563
-2.319,-0.263
-2.513,1.73
-2.639,3.02
-2.753,2.992
1.966,2.832
1.395,0.331
-0.415,2.42
-0.998,2.469
-1.998,1.517
-2.147,2.966
-2.2,-0.787
-2.21,1.931
-2.106,-0.939
-2.209,-0.473
-2.121,1.549
-2.302,-0.942
-2.172,2.879
-2.311,-0.147
-2.307,0.478
-2.22,0.548
-2.263,2.691
-2.389,1.799
-2.503,2.073
-2.46,2.418
-2.669,0.66
-2.751,2.016
-2.678,2.633
-2.723,2.637
-2.735,1.069
-2.839,2.712
-2.876,1.974
-2.77,0.513
-2.943,0.369
-3.09,3.028
-2.955,-0.88
3.096,2.123
-3.086,-0.842
3.009,2.329
3.118,-0.077
3.073,0.426
2.893,1.676
2.908,2.356
2.891,2.816
2.594,1.734
2.557,-0.645
2.549,0.628
2.44,0.512
2.365,0.8
2.471,2.922
2.478,2.303
2.398,-0.9
2.229,1.779
2.215,3.048
2.118,2.899
2.1,2.92
2.231,2.915
2.122,-0.447
2.168,0.65
2.119,1.773
1.95,3.008
1.956,0.199
2.082,1.791
2.001,1.447
2.001,-0.22
1.971,2.823
1.706,0.761
1.636,0.679
1.438,-0.4
1.411,2.91
1.516,1.327
1.507,2.183
1.341,-0.775
1.252,1.023
1.22,1.618
1.315,2.982
1.18,0.871
1.273,2.946
1.287,1.714
1.088,-0.861
1.066,0.658
1.167,2.14
1.096,1.118
1.085,-0.577
1.08,2.897
0.908,-0.611
0.98,1.451
0.939,-0.155
0.81,-0.409
0.9,0.972
0.791,-0.735
0.919,0.253
0.844,0.267
0.816,-0.843
0.667,-0.179
0.657,-0.584
0.778,0.571
0.813,3.017
0.654,2.597
0.763,-0.413
0.67,0.695
0.622,0.932
0.51,-0.719
0.444,0.837
0.523,1.372
0.511,0.215
0.288,-0.826
0.301,1.856
0.391,2.597
0.363,0.857
0.222,-0.414
0.129,2.446
0.235,1.112
0.116,1.957
0.129,1.993
-0.125,-0.192
-0.064,1.454
-0.354,3.083
-0.496,0.349
-0.379,0.253
-0.522,2.92
-0.832,1.736
-0.957,0.971
-1.091,-0.408
-1.121,2.201
-1.028,2.683
-1.207,1.257
-1.111,2.899
-1.281,2.091
-1.465,-0.548
-1.698,1.499
-1.849,3.001
-1.885,-0.555
-1.904,3.017
-1.831,2.229
-1.987,-0.622
-1.885,2.803
-2.048,-1.099
-2.081,-1.222
-2.112,-1.154
-2.181,-1.209
-2.945,-1.219
3.013,-1.177
2.255,-1.104
1.043,-1.109
-0.68,-1.014
-1.868,-0.988
-2.369,3.39
-2.421,3.506
-2.48,3.208
-2.746,3.245
-2.851,3.465
-2.848,3.142
-2.956,3.209
3.078,3.364
3.045,3.463
1.572,3.352
1.387,3.415
1.191,3.41
0.432,3.152
0.113,3.413
0.123,3.207
-0.508,3.387
-1.357,3.052
-1.912,3.47
-2.155,0.58
0.555,2.049
-1.201,2.688
-2.15,2.283
-2.068,-0.399
-2.132,1.578
-2.254,1.582
-2.362,-0.114
1.545,2.644
1.523,0.706
0.646,0.672
-0.09,1.562
-0.407,1.546
-1.32,0.051
-1.303,2.249
-1.498,1.608
-1.503,2.037
-1.602,2.684
-1.612,1.868
-1.616,1.067
-1.737,0.011
-2.021,1.542
-2.375,1.724
-2.651,1.806
1.627,1.768
-1.814,0.34
-0.646,-0.756
-1.644,2.825
-0.869,-0.987
-2.667,3.23
-0.003,-1.346
-0.076,1.341
-0.13,0.374
-0.192,0.935
-0.12,0.824
-0.129,-1.336
-0.189,2.137
-0.309,1.447
-0.367,1.217
-0.398,-0.575
-0.497,2.272
-0.684,0.987
-0.881,-0.404
-0.907,-0.172
-0.951,1.301
-0.963,1.113
-0.936,1.681
-0.956,0.522
-1.101,1.367
-1.108,1.084
-1.189,2.338
-1.256,0.851
-1.316,-0.807
-1.258,0.9
-1.439,-0.222
-1.579,-0.281
-1.721,-1.265
-1.717,1.597
-1.734,0.619
-1.765,-0.657
-1.777,1.294
-1.862,0.762
-1.89,-0.628
-1.924,1.459
-1.881,1.188
-1.919,1.097
-1.991,1.061
-1.919,-1.309
-1.917,-1.231
-2.003,1.209
-2.025,-1.256
-2.035,0.287
-2.027,0.939
-2.049,1.439
-2.122,1.403
-2.085,1.32
-2.523,-1.469
-3.01,-1.748
1.617,-1.417
1.248,-1.526
0.886,-1.529
0.701,-1.59
0.519,-1.575
0.278,-1.463
0.083,-1.655
-0.534,-1.493
-0.79,-1.694
-1.512,-1.768
-1.591,-1.676
-1.747,-1.625
-1.874,-1.735
-1.968,-1.463
-2.192,2.934
-2.353,2.864
-2.399,2.683
-2.421,2.732
-2.336,2.802
-2.582,2.787
2.959,2.869
2.416,2.883
2.423,2.894
2.371,2.74
2.167,2.72
2.231,2.842
1.349,2.703
1.297,2.666
1.255,2.65
1.145,2.723
0.781,2.829
0.148,2.906
-0.194,2.632
-0.389,2.715
-0.447,3.023
-0.651,3.133
-0.957,2.707
-1.186,3.113
-1.367,2.73
-2.107,2.875
-2.163,2.939
-2.184,1.357
-2.232,-0.006
-2.286,-0.729
-2.234,0.106
-2.375,-0.72
-2.569,1.273
-2.695,2.563
-2.809,2.535
1.91,2.375
1.339,-0.126
-0.471,1.963
-1.054,2.012
-2.054,1.06
-2.203,2.509
-2.256,-1.244
-2.266,1.474
-2.162,-1.396
-2.265,-0.93
-2.177,1.092
-2.358,-1.399
-2.228,2.422
-2.367,-0.604
-2.363,0.021
-2.276,0.091
-2.319,2.234
-2.445,1.342
-2.559,1.616
-2.516,1.961
-2.725,0.203
-2.807,1.559
-2.734,2.176
-2.779,2.18
-2.791,0.612
-2.895,2.255
-2.932,1.517
-2.826,0.056
-2.999,-0.088
3.137,2.571
-3.011,-1.337
3.04,1.666
3.141,-1.299
2.953,1.872
3.062,-0.534
3.017,-0.031
2.837,1.219
2.852,1.899
2.835,2.359
2.538,1.277
2.501,-1.102
2.493,0.171
2.384,0.055
2.309,0.343
2.415,2.465
2.422,1.846
2.342,-1.357
2.173,1.322
2.159,2.591
2.062,2.442
2.044,2.463
2.175,2.458
2.066,-0.904
2.112,0.193
2.063,1.316
1.894,2.551
1.9,-0.258
2.026,1.334
1.945,0.99
1.945,-0.677
1.915,2.366
1.65,0.304
1.58,0.222
1.382,-0.857
1.355,2.453
1.46,0.87
1.451,1.726
1.285,-1.232
1.196,0.566
1.164,1.161
1.259,2.525
1.124,0.414
1.217,2.489
1.231,1.257
1.032,-1.318
1.01,0.201
1.111,1.683
1.04,0.661
1.029,-1.034
1.024,2.44
0.852,-1.068
0.924,0.994
0.883,-0.612
0.754,-0.866
0.844,0.515
0.735,-1.192
0.863,-0.204
0.788,-0.19
0.76,-1.3
0.611,-0.636
0.601,-1.041
0.722,0.114
0.757,2.56
0.598,2.14
0.707,-0.87
0.614,0.238
0.566,0.475
0.454,-1.176
0.388,0.38
0.467,0.915
0.455,-0.242
0.232,-1.283
0.245,1.399
0.335,2.14
0.307,0.4
0.166,-0.871
0.073,1.989
0.179,0.655
0.06,1.5
0.073,1.536
-0.181,-0.649
-0.12,0.997
-0.41,2.626
-0.552,-0.108
-0.435,-0.204
-0.578,2.463
-0.888,1.279
-1.013,0.514
-1.147,-0.865
-1.177,1.744
-1.084,2.226
-1.263,0.8
-1.167,2.442
-1.337,1.634
-1.521,-1.005
-1.754,1.042
-1.905,2.544
-1.941,-1.012
-1.96,2.56
-1.887,1.772
-2.043,-1.079
-1.941,2.346
-2.104,-1.556
-2.137,-1.679
-2.168,-1.611
-2.237,-1.666
-3.001,-1.676
2.957,-1.634
2.199,-1.561
0.987,-1.566
-0.736,-1.471
-1.924,-1.445
-2.425,2.933
-2.477,3.049
-2.536,2.751
-2.802,2.788
-2.907,3.008
-2.904,2.685
-3.012,2.752
3.022,2.907
2.989,3.006
1.516,2.895
1.331,2.958
1.135,2.953
0.376,2.695
0.057,2.956
0.067,2.75
-0.564,2.93
-1.413,2.595
-1.968,3.013
-2.211,0.123
0.499,1.592
-1.257,2.231
-2.206,1.826
-2.124,-0.856
-2.188,1.121
-2.31,1.125
-2.418,-0.571
1.489,2.187
1.467,0.249
0.59,0.215
-0.146,1.105
-0.463,1.089
-1.376,-0.406
-1.359,1.792
-1.554,1.151
-1.559,1.58
-1.658,2.227
-1.668,1.411
-1.672,0.61
-1.793,-0.446
-2.077,1.085
-2.431,1.267
-2.707,1.349
1.571,1.311
-1.87,-0.117
-0.702,-1.213
-1.7,2.368
-0.925,-1.444
-2.723,2.773
-0.073,2.687
-0.127,1.72
-0.189,2.281
-0.117,2.17
-0.126,0.01
-0.186,3.483
-0.306,2.793
-0.364,2.563
-0.395,0.771
-0.494,3.618
-0.681,2.333
-0.878,0.942
-0.904,1.174
-0.948,2.647
-0.96,2.459
-0.933,3.027
-0.953,1.868
-1.098,2.713
-1.105,2.43
-1.186,3.684
-1.253,2.197
-1.313,0.539
-1.255,2.246
-1.436,1.124
-1.576,1.065
-1.718,0.081
-1.714,2.943
-1.731,1.965
-1.762,0.689
-1.774,2.64
-1.859,2.108
-1.887,0.718
-1.921,2.805
-1.878,2.534
-1.916,2.443
-1.988,2.407
-1.916,0.037
-1.914,0.115
-2.0,2.555
-2.022,0.09
-2.032,1.633
-2.024,2.285
-2.046,2.785
-2.119,2.749
-2.082,2.666
-2.52,-0.123
-3.007,-0.402
1.62,-0.071
1.251,-0.18
0.889,-0.183
0.704,-0.244
0.522,-0.229
0.281,-0.117
0.086,-0.309
-0.531,-0.147
-0.787,-0.348
-1.509,-0.422
-1.588,-0.33
-1.744,-0.279
-1.871,-0.389
-1.965,-0.117
-2.189,4.28
-2.35,4.21
-2.396,4.029
-2.418,4.078
-2.333,4.148
-2.579,4.133
2.962,4.215
2.419,4.229
2.426,4.24
2.374,4.086
2.17,4.066
2.234,4.188
1.352,4.049
1.3,4.012
1.258,3.996
1.148,4.069
0.784,4.175
0.151,4.252
-0.191,3.978
-0.386,4.061
-0.444,4.369
-0.648,4.479
-0.954,4.053
-1.183,4.459
-1.364,4.076
-2.104,4.221
-2.16,4.285
-2.181,2.703
-2.229,1.34
-2.283,0.617
-2.231,1.452
-2.372,0.626
-2.566,2.619
-2.692,3.909
-2.806,3.881
1.913,3.721
1.342,1.22
-0.468,3.309
-1.051,3.358
-2.051,2.406
-2.2,3.855
-2.253,0.102
-2.263,2.82
-2.159,-0.05
-2.262,0.416
-2.174,2.438
-2.355,-0.053
-2.225,3.768
-2.364,0.742
-2.36,1.367
-2.273,1.437
-2.316,3.58
-2.442,2.688
-2.556,2.962
-2.513,3.307
-2.722,1.549
-2.804,2.905
-2.731,3.522
-2.776,3.526
-2.788,1.958
-2.892,3.601
-2.929,2.863
-2.823,1.402
-2.996,1.258
3.14,3.917
-3.008,0.009
3.043,3.012
-3.139,0.047
2.956,3.218
3.065,0.812
3.02,1.315
2.84,2.565
2.855,3.245
2.838,3.705
2.541,2.623
2.504,0.244
2.496,1.517
2.387,1.401
2.312,1.689
2.418,3.811
2.425,3.192
2.345,-0.011
2.176,2.668
2.162,3.937
2.065,3.788
2.047,3.809
2.178,3.804
2.069,0.442
2.115,1.539
2.066,2.662
1.897,3.897
1.903,1.088
2.029,2.68
1.948,2.336
1.948,0.669
1.918,3.712
1.653,1.65
1.583,1.568
1.385,0.489
1.358,3.799
1.463,2.216
1.454,3.072
1.288,0.114
1.199,1.912
1.167,2.507
1.262,3.871
1.127,1.76
1.22,3.835
1.234,2.603
1.035,0.028
1.013,1.547
1.114,3.029
1.043,2.007
1.032,0.312
1.027,3.786
0.855,0.278
0.927,2.34
0.886,0.734
0.757,0.48
0.847,1.861
0.738,0.154
0.866,1.142
0.791,1.156
0.763,0.046
0.614,0.71
0.604,0.305
0.725,1.46
0.76,3.906
0.601,3.486
0.71,0.476
0.617,1.584
0.569,1.821
0.457,0.17
0.391,1.726
0.47,2.261
0.458,1.104
0.235,0.063
0.248,2.745
0.338,3.486
0.31,1.746
0.169,0.475
0.076,3.335
0.182,2.001
0.063,2.846
0.076,2.882
-0.178,0.697
-0.117,2.343
-0.407,3.972
-0.549,1.238
-0.432,1.142
-0.575,3.809
-0.885,2.625
-1.01,1.86
-1.144,0.481
-1.174,3.09
-1.081,3.572
-1.26,2.146
-1.164,3.788
-1.334,2.98
-1.518,0.341
-1.751,2.388
-1.902,3.89
-1.938,0.334
-1.957,3.906
-1.884,3.118
-2.04,0.267
-1.938,3.692
-2.101,-0.21
-2.134,-0.333
-2.165,-0.265
-2.234,-0.32
-2.998,-0.33
2.96,-0.288
2.202,-0.215
0.99,-0.22
-0.733,-0.125
-1.921,-0.099
-2.422,4.279
-2.474,4.395
-2.533,4.097
-2.799,4.134
-2.904,4.354
-2.901,4.031
-3.009,4.098
3.025,4.253
2.992,4.352
1.519,4.241
1.334,4.304
1.138,4.299
0.379,4.041
0.06,4.302
0.07,4.096
-0.561,4.276
-1.41,3.941
-1.965,4.359
-2.208,1.469
0.502,2.938
-1.254,3.577
-2.203,3.172
-2.121,0.49
-2.185,2.467
-2.307,2.471
-2.415,0.775
1.492,3.533
1.47,1.595
0.593,1.561
-0.143,2.451
-0.46,2.435
-1.373,0.94
-1.356,3.138
-1.551,2.497
-1.556,2.926
-1.655,3.573
-1.665,2.757
-1.669,1.956
-1.79,0.9
-2.074,2.431
-2.428,2.613
-2.704,2.695
1.574,2.657
-1.867,1.229
-0.699,0.133
-1.697,3.714
-0.922,-0.098
-2.72,4.119
-0.054,-0.967
-0.116,-0.406
-0.044,-0.517
-0.053,-2.677
-0.113,0.796
-0.233,0.106
-0.291,-0.124
-0.322,-1.916
-0.421,0.931
-0.608,-0.354
-0.805,-1.745
-0.831,-1.513
-0.875,-0.04
-0.887,-0.228
-0.86,0.34
-0.88,-0.819
-1.025,0.026
-1.032,-0.257
-1.113,0.997
-1.18,-0.49
-1.24,-2.148
-1.182,-0.441
-1.363,-1.563
-1.503,-1.622
-1.645,-2.606
-1.641,0.256
-1.658,-0.722
-1.689,-1.998
-1.701,-0.047
-1.786,-0.579
-1.814,-1.969
-1.848,0.118
-1.805,-0.153
-1.843,-0.244
-1.915,-0.28
-1.843,-2.65
-1.841,-2.572
-1.927,-0.132
-1.949,-2.597
-1.959,-1.054
-1.951,-0.402
-1.973,0.098
-2.046,0.062
-2.009,-0.021
-2.447,-2.81
-2.934,-3.089
1.693,-2.758
1.324,-2.867
0.962,-2.87
0.777,-2.931
0.595,-2.916
0.354,-2.804
0.159,-2.996
-0.458,-2.834
-0.714,-3.035
-1.436,-3.109
-1.515,-3.017
-1.671,-2.966
-1.798,-3.076
-1.892,-2.804
-2.116,1.593
-2.277,1.523
-2.323,1.342
-2.345,1.391
-2.26,1.461
-2.506,1.446
3.035,1.528
2.492,1.542
2.499,1.553
2.447,1.399
2.243,1.379
2.307,1.501
1.425,1.362
1.373,1.325
1.331,1.309
1.221,1.382
0.857,1.488
0.224,1.565
-0.118,1.291
-0.313,1.374
-0.371,1.682
-0.575,1.792
-0.881,1.366
-1.11,1.772
-1.291,1.389
-2.031,1.534
-2.087,1.598
-2.108,0.016
-2.156,-1.347
-2.21,-2.07
-2.158,-1.235
-2.299,-2.061
-2.493,-0.068
-2.619,1.222
-2.733,1.194
1.986,1.034
1.415,-1.467
-0.395,0.622
-0.978,0.671
-1.978,-0.281
-2.127,1.168
-2.18,-2.585
-2.19,0.133
-2.086,-2.737
-2.189,-2.271
-2.101,-0.249
-2.282,-2.74
-2.152,1.081
-2.291,-1.945
-2.287,-1.32
-2.2,-1.25
-2.243,0.893
-2.369,0.001
-2.483,0.275
-2.44,0.62
-2.649,-1.138
-2.731,0.218
-2.658,0.835
-2.703,0.839
-2.715,-0.729
-2.819,0.914
-2.856,0.176
-2.75,-1.285
-2.923,-1.429
-3.07,1.23
-2.935,-2.678
3.116,0.325
-3.066,-2.64
3.029,0.531
3.138,-1.875
3.093,-1.372
2.913,-0.122
2.928,0.558
2.911,1.018
2.614,-0.064
2.577,-2.443
2.569,-1.17
2.46,-1.286
2.385,-0.998
2.491,1.124
2.498,0.505
2.418,-2.698
2.249,-0.019
2.235,1.25
2.138,1.101
2.12,1.122
2.251,1.117
2.142,-2.245
2.188,-1.148
2.139,-0.025
1.97,1.21
1.976,-1.599
2.102,-0.007
2.021,-0.351
2.021,-2.018
1.991,1.025
1.726,-1.037
1.656,-1.119
1.458,-2.198
1.431,1.112
1.536,-0.471
1.527,0.385
1.361,-2.573
1.272,-0.775
1.24,-0.18
1.335,1.184
1.2,-0.927
1.293,1.148
1.307,-0.084
1.108,-2.659
1.086,-1.14
1.187,0.342
1.116,-0.68
1.105,-2.375
1.1,1.099
0.928,-2.409
1.0,-0.347
0.959,-1.953
0.83,-2.207
0.92,-0.826
0.811,-2.533
0.939,-1.545
0.864,-1.531
0.836,-2.641
0.687,-1.977
0.677,-2.382
0.798,-1.227
0.833,1.219
0.674,0.799
0.783,-2.211
0.69,-1.103
0.642,-0.866
0.53,-2.517
0.464,-0.961
0.543,-0.426
0.531,-1.583
0.308,-2.624
0.321,0.058
0.411,0.799
0.383,-0.941
0.242,-2.212
0.149,0.648
0.255,-0.686
0.136,0.159
0.149,0.195
-0.105,-1.99
-0.044,-0.344
-0.334,1.285
-0.476,-1.449
-0.359,-1.545
-0.502,1.122
-0.812,-0.062
-0.937,-0.827
-1.071,-2.206
-1.101,0.403
-1.008,0.885
-1.187,-0.541
-1.091,1.101
-1.261,0.293
-1.445,-2.346
-1.678,-0.299
-1.829,1.203
-1.865,-2.353
-1.884,1.219
-1.811,0.431
-1.967,-2.42
-1.865,1.005
-2.028,-2.897
-2.061,-3.02
-2.092,-2.952
-2.161,-3.007
-2.925,-3.017
3.033,-2.975
2.275,-2.902
1.063,-2.907
-0.66,-2.812
-1.848,-2.786
-2.349,1.592
-2.401,1.708
-2.46,1.41
-2.726,1.447
-2.831,1.667
-2.828,1.344
-2.936,1.411
3.098,1.566
3.065,1.665
1.592,1.554
1.407,1.617
1.211,1.612
0.452,1.354
0.133,1.615
0.143,1.409
-0.488,1.589
-1.337,1.254
-1.892,1.672
-2.135,-1.218
0.575,0.251
-1.181,0.89
-2.13,0.485
-2.048,-2.197
-2.112,-0.22
-2.234,-0.216
-2.342,-1.912
1.565,0.846
1.543,-1.092
0.666,-1.126
-0.07,-0.236
-0.387,-0.252
-1.3,-1.747
-1.283,0.451
-1.478,-0.19
-1.483,0.239
-1.582,0.886
-1.592,0.07
-1.596,-0.731
-1.717,-1.787
-2.001,-0.256
-2.355,-0.074
-2.631,0.008
1.647,-0.03
-1.794,-1.458
-0.626,-2.554
-1.624,1.027
-0.849,-2.785
-2.647,1.432
-0.062,0.561
0.01,0.45
0.001,-1.71
-0.059,1.763
-0.179,1.073
-0.237,0.843
-0.268,-0.949
-0.367,1.898
-0.554,0.613
-0.751,-0.778
-0.777,-0.546
-0.821,0.927
-0.833,0.739
-0.806,1.307
-0.826,0.148
-0.971,0.993
-0.978,0.71
-1.059,1.964
-1.126,0.477
-1.186,-1.181
-1.128,0.526
-1.309,-0.596
-1.449,-0.655
-1.591,-1.639
-1.587,1.223
-1.604,0.245
-1.635,-1.031
-1.647,0.92
-1.732,0.388
-1.76,-1.002
-1.794,1.085
-1.751,0.814
-1.789,0.723
-1.861,0.687
-1.789,-1.683
-1.787,-1.605
-1.873,0.835
-1.895,-1.63
-1.905,-0.087
-1.897,0.565
-1.919,1.065
-1.992,1.029
-1.955,0.946
-2.393,-1.843
-2.88,-2.122
1.747,-1.791
1.378,-1.9
1.016,-1.903
0.831,-1.964
0.649,-1.949
0.408,-1.837
0.213,-2.029
-0.404,-1.867
-0.66,-2.068
-1.382,-2.142
-1.461,-2.05
-1.617,-1.999
-1.744,-2.109
-1.838,-1.837
-2.062,2.56
-2.223,2.49
-2.269,2.309
-2.291,2.358
-2.206,2.428
-2.452,2.413
3.089,2.495
2.546,2.509
2.553,2.52
2.501,2.366
2.297,2.346
2.361,2.468
1.479,2.329
1.427,2.292
1.385,2.276
1.275,2.349
0.911,2.455
0.278,2.532
-0.064,2.258
-0.259,2.341
-0.317,2.649
-0.521,2.759
-0.827,2.333
-1.056,2.739
-1.237,2.356
-1.977,2.501
-2.033,2.565
-2.054,0.983
-2.102,-0.38
-2.156,-1.103
-2.104,-0.268
-2.245,-1.094
-2.439,0.899
-2.565,2.189
-2.679,2.161
2.04,2.001
1.469,-0.5
-0.341,1.589
-0.924,1.638
-1.924,0.686
-2.073,2.135
-2.126,-1.618
-2.136,1.1
-2.032,-1.77
-2.135,-1.304
-2.047,0.718
-2.228,-1.773
-2.098,2.048
-2.237,-0.978
-2.233,-0.353
-2.146,-0.283
-2.189,1.86
-2.315,0.968
-2.429,1.242
-2.386,1.587
-2.595,-0.171
-2.677,1.185
-2.604,1.802
-2.649,1.806
-2.661,0.238
-2.765,1.881
-2.802,1.143
-2.696,-0.318
-2.869,-0.462
-3.016,2.197
-2.881,-1.711
-3.113,1.292
-3.012,-1.673
3.083,1.498
-3.091,-0.908
-3.136,-0.405
2.967,0.845
2.982,1.525
2.965,1.985
2.668,0.903
2.631,-1.476
2.623,-0.203
2.514,-0.319
2.439,-0.031
2.545,2.091
2.552,1.472
2.472,-1.731
2.303,0.948
2.289,2.217
2.192,2.068
2.174,2.089
2.305,2.084
2.196,-1.278
2.242,-0.181
2.193,0.942
2.024,2.177
2.03,-0.632
2.156,0.96
2.075,0.616
2.075,-1.051
2.045,1.992
1.78,-0.07
1.71,-0.152
1.512,-1.231
1.485,2.079
1.59,0.496
1.581,1.352
1.415,-1.606
1.326,0.192
1.294,0.787
1.389,2.151
1.254,0.04
1.347,2.115
1.361,0.883
1.162,-1.692
1.14,-0.173
1.241,1.309
1.17,0.287
1.159,-1.408
1.154,2.066
0.982,-1.442
1.054,0.62
1.013,-0.986
0.884,-1.24
0.974,0.141
0.865,-1.566
0.993,-0.578
0.918,-0.564
0.89,-1.674
0.741,-1.01
0.731,-1.415
0.852,-0.26
0.887,2.186
0.728,1.766
0.837,-1.244
0.744,-0.136
0.696,0.101
0.584,-1.55
0.518,0.006
0.597,0.541
0.585,-0.616
0.362,-1.657
0.375,1.025
0.465,1.766
0.437,0.026
0.296,-1.245
0.203,1.615
0.309,0.281
0.19,1.126
0.203,1.162
-0.051,-1.023
0.01,0.623
-0.28,2.252
-0.422,-0.482
-0.305,-0.578
-0.448,2.089
-0.758,0.905
-0.883,0.14
-1.017,-1.239
-1.047,1.37
-0.954,1.852
-1.133,0.426
-1.037,2.068
-1.207,1.26
-1.391,-1.379
-1.624,0.668
-1.775,2.17
-1.811,-1.386
-1.83,2.186
-1.757,1.398
-1.913,-1.453
-1.811,1.972
-1.974,-1.93
-2.007,-2.053
-2.038,-1.985
-2.107,-2.04
-2.871,-2.05
3.087,-2.008
2.329,-1.935
1.117,-1.94
-0.606,-1.845
-1.794,-1.819
-2.295,2.559
-2.347,2.675
-2.406,2.377
-2.672,2.414
-2.777,2.634
-2.774,2.311
-2.882,2.378
-3.131,2.533
3.119,2.632
1.646,2.521
1.461,2.584
1.265,2.579
0.506,2.321
0.187,2.582
0.197,2.376
-0.434,2.556
-1.283,2.221
-1.838,2.639
-2.081,-0.251
0.629,1.218
-1.127,1.857
-2.076,1.452
-1.994,-1.23
-2.058,0.747
-2.18,0.751
-2.288,-0.945
1.619,1.813
1.597,-0.125
0.72,-0.159
-0.016,0.731
-0.333,0.715
-1.246,-0.78
-1.229,1.418
-1.424,0.777
-1.429,1.206
-1.528,1.853
-1.538,1.037
-1.542,0.236
-1.663,-0.82
-1.947,0.711
-2.301,0.893
-2.577,0.975
1.701,0.937
-1.74,-0.491
-0.572,-1.587
-1.57,1.994
-0.795,-1.818
-2.593,2.399
0.072,-0.111
0.063,-2.271
0.003,1.202
-0.117,0.512
-0.175,0.282
-0.206,-1.51
-0.305,1.337
-0.492,0.052
-0.689,-1.339
-0.715,-1.107
-0.759,0.366
-0.771,0.178
-0.744,0.746
-0.764,-0.413
-0.909,0.432
-0.916,0.149
-0.997,1.403
-1.064,-0.084
-1.124,-1.742
-1.066,-0.035
-1.247,-1.157
-1.387,-1.216
-1.529,-2.2
-1.525,0.662
-1.542,-0.316
-1.573,-1.592
-1.585,0.359
-1.67,-0.173
-1.698,-1.563
-1.732,0.524
-1.689,0.253
-1.727,0.162
-1.799,0.126
-1.727,-2.244
-1.725,-2.166
-1.811,0.274
-1.833,-2.191
-1.843,-0.648
-1.835,0.004
-1.857,0.504
-1.93,0.468
-1.893,0.385
-2.331,-2.404
-2.818,-2.683
1.809,-2.352
1.44,-2.461
1.078,-2.464
0.893,-2.525
0.711,-2.51
0.47,-2.398
0.275,-2.59
-0.342,-2.428
-0.598,-2.629
-1.32,-2.703
-1.399,-2.611
-1.555,-2.56
-1.682,-2.67
-1.776,-2.398
-2.0,1.999
-2.161,1.929
-2.207,1.748
-2.229,1.797
-2.144,1.867
-2.39,1.852
-3.132,1.934
2.608,1.948
2.615,1.959
2.563,1.805
2.359,1.785
2.423,1.907
1.541,1.768
1.489,1.731
1.447,1.715
1.337,1.788
0.973,1.894
0.34,1.971
-0.002,1.697
-0.197,1.78
-0.255,2.088
-0.459,2.198
-0.765,1.772
-0.994,2.178
-1.175,1.795
-1.915,1.94
-1.971,2.004
-1.992,0.422
-2.04,-0.941
-2.094,-1.664
-2.042,-0.829
-2.183,-1.655
-2.377,0.338
-2.503,1.628
-2.617,1.6
2.102,1.44
1.531,-1.061
-0.279,1.028
-0.862,1.077
-1.862,0.125
-2.011,1.574
-2.064,-2.179
-2.074,0.539
-1.97,-2.331
-2.073,-1.865
-1.985,0.157
-2.166,-2.334
-2.036,1.487
-2.175,-1.539
-2.171,-0.914
-2.084,-0.844
-2.127,1.299
-2.253,0.407
-2.367,0.681
-2.324,1.026
-2.533,-0.732
-2.615,0.624
-2.542,1.241
-2.587,1.245
-2.599,-0.323
-2.703,1.32
-2.74,0.582
-2.634,-0.879
-2.807,-1.023
-2.954,1.636
-2.819,-2.272
-3.051,0.731
-2.95,-2.234
-3.138,0.937
-3.029,-1.469
-3.074,-0.966
3.029,0.284
3.044,0.964
3.027,1.424
2.73,0.342
2.693,-2.037
2.685,-0.764
2.576,-0.88
2.501,-0.592
2.607,1.53
2.614,0.911
2.534,-2.292
2.365,0.387
2.351,1.656
2.254,1.507
2.236,1.528
2.367,1.523
2.258,-1.839
2.304,-0.742
2.255,0.381
2.086,1.616
2.092,-1.193
2.218,0.399
2.137,0.055
2.137,-1.612
2.107,1.431
1.842,-0.631
1.772,-0.713
1.574,-1.792
1.547,1.518
1.652,-0.065
1.643,0.791
1.477,-2.167
1.388,-0.369
1.356,0.226
1.451,1.59
1.316,-0.521
1.409,1.554
1.423,0.322
1.224,-2.253
1.202,-0.734
1.303,0.748
1.232,-0.274
1.221,-1.969
1.216,1.505
1.044,-2.003
1.116,0.059
1.075,-1.547
0.946,-1.801
1.036,-0.42
0.927,-2.127
1.055,-1.139
0.98,-1.125
0.952,-2.235
0.803,-1.571
0.793,-1.976
0.914,-0.821
0.949,1.625
0.79,1.205
0.899,-1.805
0.806,-0.697
0.758,-0.46
0.646,-2.111
0.58,-0.555
0.659,-0.02
0.647,-1.177
0.424,-2.218
0.437,0.464
0.527,1.205
0.499,-0.535
0.358,-1.806
0.265,1.054
0.371,-0.28
0.252,0.565
0.265,0.601
0.011,-1.584
0.072,0.062
-0.218,1.691
-0.36,-1.043
-0.243,-1.139
-0.386,1.528
-0.696,0.344
-0.821,-0.421
-0.955,-1.8
-0.985,0.809
-0.892,1.291
-1.071,-0.135
-0.975,1.507
-1.145,0.699
-1.329,-1.94
-1.562,0.107
-1.713,1.609
-1.749,-1.947
-1.768,1.625
-1.695,0.837
-1.851,-2.014
-1.749,1.411
-1.912,-2.491
-1.945,-2.614
-1.976,-2.546
-2.045,-2.601
-2.809,-2.611
-3.134,-2.569
2.391,-2.496
1.179,-2.501
-0.544,-2.406
-1.732,-2.38
-2.233,1.998
-2.285,2.114
-2.344,1.816
-2.61,1.853
-2.715,2.073
-2.712,1.75
-2.82,1.817
-3.069,1.972
-3.102,2.071
1.708,1.96
1.523,2.023
1.327,2.018
0.568,1.76
0.249,2.021
0.259,1.815
-0.372,1.995
-1.221,1.66
-1.776,2.078
-2.019,-0.812
0.691,0.657
-1.065,1.296
-2.014,0.891
-1.932,-1.791
-1.996,0.186
-2.118,0.19
-2.226,-1.506
1.681,1.252
1.659,-0.686
0.782,-0.72
0.046,0.17
-0.271,0.154
-1.184,-1.341
-1.167,0.857
-1.362,0.216
-1.367,0.645
-1.466,1.292
-1.476,0.476
-1.48,-0.325
-1.601,-1.381
-1.885,0.15
-2.239,0.332
-2.515,0.414
1.763,0.376
-1.678,-1.052
-0.51,-2.148
-1.508,1.433
-0.733,-2.379
-2.531,1.838
-0.009,-2.16
-0.069,1.313
-0.189,0.623
-0.247,0.393
-0.278,-1.399
-0.377,1.448
-0.564,0.163
-0.761,-1.228
-0.787,-0.996
-0.831,0.477
-0.843,0.289
-0.816,0.857
-0.836,-0.302
-0.981,0.543
-0.988,0.26
-1.069,1.514
-1.136,0.027
-1.196,-1.631
-1.138,0.076
-1.319,-1.046
-1.459,-1.105
-1.601,-2.089
-1.597,0.773
-1.614,-0.205
-1.645,-1.481
-1.657,0.47
-1.742,-0.062
-1.77,-1.452
-1.804,0.635
-1.761,0.364
-1.799,0.273
-1.871,0.237
-1.799,-2.133
-1.797,-2.055
-1.883,0.385
-1.905,-2.08
-1.915,-0.537
-1.907,0.115
-1.929,0.615
-2.002,0.579
-1.965,0.496
-2.403,-2.293
-2.89,-2.572
1.737,-2.241
1.368,-2.35
1.006,-2.353
0.821,-2.414
0.639,-2.399
0.398,-2.287
0.203,-2.479
-0.414,-2.317
-0.67,-2.518
-1.392,-2.592
-1.471,-2.5
-1.627,-2.449
-1.754,-2.559
-1.848,-2.287
-2.072,2.11
-2.233,2.04
-2.279,1.859
-2.301,1.908
-2.216,1.978
-2.462,1.963
3.079,2.045
2.536,2.059
2.543,2.07
2.491,1.916
2.287,1.896
2.351,2.018
1.469,1.879
1.417,1.842
1.375,1.826
1.265,1.899
0.901,2.005
0.268,2.082
-0.074,1.808
-0.269,1.891
-0.327,2.199
-0.531,2.309
-0.837,1.883
-1.066,2.289
-1.247,1.906
-1.987,2.051
-2.043,2.115
-2.064,0.533
-2.112,-0.83
-2.166,-1.553
-2.114,-0.718
-2.255,-1.544
-2.449,0.449
-2.575,1.739
-2.689,1.711
2.03,1.551
1.459,-0.95
-0.351,1.139
-0.934,1.188
-1.934,0.236
-2.083,1.685
-2.136,-2.068
-2.146,0.65
-2.042,-2.22
-2.145,-1.754
-2.057,0.268
-2.238,-2.223
-2.108,1.598
-2.247,-1.428
-2.243,-0.803
-2.156,-0.733
-2.199,1.41
-2.325,0.518
-2.439,0.792
-2.396,1.137
-2.605,-0.621
-2.687,0.735
-2.614,1.352
-2.659,1.356
-2.671,-0.212
-2.775,1.431
-2.812,0.693
-2.706,-0.768
-2.879,-0.912
-3.026,1.747
-2.891,-2.161
-3.123,0.842
-3.022,-2.123
3.073,1.048
-3.101,-1.358
3.137,-0.855
2.957,0.395
2.972,1.075
2.955,1.535
2.658,0.453
2.621,-1.926
2.613,-0.653
2.504,-0.769
2.429,-0.481
2.535,1.641
2.542,1.022
2.462,-2.181
2.293,0.498
2.279,1.767
2.182,1.618
2.164,1.639
2.295,1.634
2.186,-1.728
2.232,-0.631
2.183,0.492
2.014,1.727
2.02,-1.082
2.146,0.51
2.065,0.166
2.065,-1.501
2.035,1.542
1.77,-0.52
1.7,-0.602
1.502,-1.681
1.475,1.629
1.58,0.046
1.571,0.902
1.405,-2.056
1.316,-0.258
1.284,0.337
1.379,1.701
1.244,-0.41
1.337,1.665
1.351,0.433
1.152,-2.142
1.13,-0.623
1.231,0.859
1.16,-0.163
1.149,-1.858
1.144,1.616
0.972,-1.892
1.044,0.17
1.003,-1.436
0.874,-1.69
0.964,-0.309
0.855,-2.016
0.983,-1.028
0.908,-1.014
0.88,-2.124
0.731,-1.46
0.721,-1.865
0.842,-0.71
0.877,1.736
0.718,1.316
0.827,-1.694
0.734,-0.586
0.686,-0.349
0.574,-2.0
0.508,-0.444
0.587,0.091
0.575,-1.066
0.352,-2.107
0.365,0.575
0.455,1.316
0.427,-0.424
0.286,-1.695
0.193,1.165
0.299,-0.169
0.18,0.676
0.193,0.712
-0.061,-1.473
0.0,0.173
-0.29,1.802
-0.432,-0.932
-0.315,-1.028
-0.458,1.639
-0.768,0.455
-0.893,-0.31
-1.027,-1.689
-1.057,0.92
-0.964,1.402
-1.143,-0.024
-1.047,1.618
-1.217,0.81
-1.401,-1.829
-1.634,0.218
-1.785,1.72
-1.821,-1.836
-1.84,1.736
-1.767,0.948
-1.923,-1.903
-1.821,1.522
-1.984,-2.38
-2.017,-2.503
-2.048,-2.435
-2.117,-2.49
-2.881,-2.5
3.077,-2.458
2.319,-2.385
1.107,-2.39
-0.616,-2.295
-1.804,-2.269
-2.305,2.109
-2.357,2.225
-2.416,1.927
-2.682,1.964
-2.787,2.184
-2.784,1.861
-2.892,1.928
-3.141,2.083
3.109,2.182
1.636,2.071
1.451,2.134
1.255,2.129
0.496,1.871
0.177,2.132
0.187,1.926
-0.444,2.106
-1.293,1.771
-1.848,2.189
-2.091,-0.701
0.619,0.768
-1.137,1.407
-2.086,1.002
-2.004,-1.68
-2.068,0.297
-2.19,0.301
-2.298,-1.395
1.609,1.363
1.587,-0.575
0.71,-0.609
-0.026,0.281
-0.343,0.265
-1.256,-1.23
-1.239,0.968
-1.434,0.327
-1.439,0.756
-1.538,1.403
-1.548,0.587
-1.552,-0.214
-1.673,-1.27
-1.957,0.261
-2.311,0.443
-2.587,0.525
1.691,0.487
-1.75,-0.941
-0.582,-2.037
-1.58,1.544
-0.805,-2.268
-2.603,1.949
-0.06,3.473
-0.18,2.783
-0.238,2.553
-0.269,0.761
-0.368,3.608
-0.555,2.323
-0.752,0.932
-0.778,1.164
-0.822,2.637
-0.834,2.449
-0.807,3.017
-0.827,1.858
-0.972,2.703
-0.979,2.42
-1.06,3.674
-1.127,2.187
-1.187,0.529
-1.129,2.236
-1.31,1.114
-1.45,1.055
-1.592,0.071
-1.588,2.933
-1.605,1.955
-1.636,0.679
-1.648,2.63
-1.733,2.098
-1.761,0.708
-1.795,2.795
-1.752,2.524
-1.79,2.433
-1.862,2.397
-1.79,0.027
-1.788,0.105
-1.874,2.545
-1.896,0.08
-1.906,1.623
-1.898,2.275
-1.92,2.775
-1.993,2.739
-1.956,2.656
-2.394,-0.133
-2.881,-0.412
1.746,-0.081
1.377,-0.19
1.015,-0.193
0.83,-0.254
0.648,-0.239
0.407,-0.127
0.212,-0.319
-0.405,-0.157
-0.661,-0.358
-1.383,-0.432
-1.462,-0.34
-1.618,-0.289
-1.745,-0.399
-1.839,-0.127
-2.063,4.27
-2.224,4.2
-2.27,4.019
-2.292,4.068
-2.207,4.138
-2.453,4.123
3.088,4.205
2.545,4.219
2.552,4.23
2.5,4.076
2.296,4.056
2.36,4.178
1.478,4.039
1.426,4.002
1.384,3.986
1.274,4.059
0.91,4.165
0.277,4.242
-0.065,3.968
-0.26,4.051
-0.318,4.359
-0.522,4.469
-0.828,4.043
-1.057,4.449
-1.238,4.066
-1.978,4.211
-2.034,4.275
-2.055,2.693
-2.103,1.33
-2.157,0.607
-2.105,1.442
-2.246,0.616
-2.44,2.609
-2.566,3.899
-2.68,3.871
2.039,3.711
1.468,1.21
-0.342,3.299
-0.925,3.348
-1.925,2.396
-2.074,3.845
-2.127,0.092
-2.137,2.81
-2.033,-0.06
-2.136,0.406
-2.048,2.428
-2.229,-0.063
-2.099,3.758
-2.238,0.732
-2.234,1.357
-2.147,1.427
-2.19,3.57
-2.316,2.678
-2.43,2.952
-2.387,3.297
-2.596,1.539
-2.678,2.895
-2.605,3.512
-2.65,3.516
-2.662,1.948
-2.766,3.591
-2.803,2.853
-2.697,1.392
-2.87,1.248
-3.017,3.907
-2.882,-0.001
-3.114,3.002
-3.013,0.037
3.082,3.208
-3.092,0.802
-3.137,1.305
2.966,2.555
2.981,3.235
2.964,3.695
2.667,2.613
2.63,0.234
2.622,1.507
2.513,1.391
2.438,1.679
2.544,3.801
2.551,3.182
2.471,-0.021
2.302,2.658
2.288,3.927
2.191,3.778
2.173,3.799
2.304,3.794
2.195,0.432
2.241,1.529
2.192,2.652
2.023,3.887
2.029,1.078
2.155,2.67
2.074,2.326
2.074,0.659
2.044,3.702
1.779,1.64
1.709,1.558
1.511,0.479
1.484,3.789
1.589,2.206
1.58,3.062
1.414,0.104
1.325,1.902
1.293,2.497
1.388,3.861
1.253,1.75
1.346,3.825
1.36,2.593
1.161,0.018
1.139,1.537
1.24,3.019
1.169,1.997
1.158,0.302
1.153,3.776
0.981,0.268
1.053,2.33
1.012,0.724
0.883,0.47
0.973,1.851
0.864,0.144
0.992,1.132
0.917,1.146
0.889,0.036
0.74,0.7
0.73,0.295
0.851,1.45
0.886,3.896
0.727,3.476
0.836,0.466
0.743,1.574
0.695,1.811
0.583,0.16
0.517,1.716
0.596,2.251
0.584,1.094
0.361,0.053
0.374,2.735
0.464,3.476
0.436,1.736
0.295,0.465
0.202,3.325
0.308,1.991
0.189,2.836
0.202,2.872
-0.052,0.687
0.009,2.333
-0.281,3.962
-0.423,1.228
-0.306,1.132
-0.449,3.799
-0.759,2.615
-0.884,1.85
-1.018,0.471
-1.048,3.08
-0.955,3.562
-1.134,2.136
-1.038,3.778
-1.208,2.97
-1.392,0.331
-1.625,2.378
-1.776,3.88
-1.812,0.324
-1.831,3.896
-1.758,3.108
-1.914,0.257
-1.812,3.682
-1.975,-0.22
-2.008,-0.343
-2.039,-0.275
-2.108,-0.33
-2.872,-0.34
3.086,-0.298
2.328,-0.225
1.116,-0.23
-0.607,-0.135
-1.795,-0.109
-2.296,4.269
-2.348,4.385
-2.407,4.087
-2.673,4.124
-2.778,4.344
-2.775,4.021
-2.883,4.088
-3.132,4.243
3.118,4.342
1.645,4.231
1.46,4.294
1.264,4.289
0.505,4.031
0.186,4.292
0.196,4.086
-0.435,4.266
-1.284,3.931
-1.839,4.349
-2.082,1.459
0.628,2.928
-1.128,3.567
-2.077,3.162
-1.995,0.48
-2.059,2.457
-2.181,2.461
-2.289,0.765
1.618,3.523
1.596,1.585
0.719,1.551
-0.017,2.441
-0.334,2.425
-1.247,0.93
-1.23,3.128
-1.425,2.487
-1.43,2.916
-1.529,3.563
-1.539,2.747
-1.543,1.946
-1.664,0.89
-1.948,2.421
-2.302,2.603
-2.578,2.685
1.7,2.647
-1.741,1.219
-0.573,0.123
-1.571,3.704
-0.796,-0.108
-2.594,4.109
-0.12,-0.69
-0.178,-0.92
-0.209,-2.712
-0.308,0.135
-0.495,-1.15
-0.692,-2.541
-0.718,-2.309
-0.762,-0.836
-0.774,-1.024
-0.747,-0.456
-0.767,-1.615
-0.912,-0.77
-0.919,-1.053
-1.0,0.201
-1.067,-1.286
-1.127,-2.944
-1.069,-1.237
-1.25,-2.359
-1.39,-2.418
-1.532,-3.402
-1.528,-0.54
-1.545,-1.518
-1.576,-2.794
-1.588,-0.843
-1.673,-1.375
-1.701,-2.765
-1.735,-0.678
-1.692,-0.949
-1.73,-1.04
-1.802,-1.076
-1.73,-3.446
-1.728,-3.368
-1.814,-0.928
-1.836,-3.393
-1.846,-1.85
-1.838,-1.198
-1.86,-0.698
-1.933,-0.734
-1.896,-0.817
-2.334,-3.606
-2.821,-3.885
1.806,-3.554
1.437,-3.663
1.075,-3.666
0.89,-3.727
0.708,-3.712
0.467,-3.6
0.272,-3.792
-0.345,-3.63
-0.601,-3.831
-1.323,-3.905
-1.402,-3.813
-1.558,-3.762
-1.685,-3.872
-1.779,-3.6
-2.003,0.797
-2.164,0.727
-2.21,0.546
-2.232,0.595
-2.147,0.665
-2.393,0.65
-3.135,0.732
2.605,0.746
2.612,0.757
2.56,0.603
2.356,0.583
2.42,0.705
1.538,0.566
1.486,0.529
1.444,0.513
1.334,0.586
0.97,0.692
0.337,0.769
-0.005,0.495
-0.2,0.578
-0.258,0.886
-0.462,0.996
-0.768,0.57
-0.997,0.976
-1.178,0.593
-1.918,0.738
-1.974,0.802
-1.995,-0.78
-2.043,-2.143
-2.097,-2.866
-2.045,-2.031
-2.186,-2.857
-2.38,-0.864
-2.506,0.426
-2.62,0.398
2.099,0.238
1.528,-2.263
-0.282,-0.174
-0.865,-0.125
-1.865,-1.077
-2.014,0.372
-2.067,-3.381
-2.077,-0.663
-1.973,-3.533
-2.076,-3.067
-1.988,-1.045
-2.169,-3.536
-2.039,0.285
-2.178,-2.741
-2.174,-2.116
-2.087,-2.046
-2.13,0.097
-2.256,-0.795
-2.37,-0.521
-2.327,-0.176
-2.536,-1.934
-2.618,-0.578
-2.545,0.039
-2.59,0.043
-2.602,-1.525
-2.706,0.118
-2.743,-0.62
-2.637,-2.081
-2.81,-2.225
-2.957,0.434
-2.822,-3.474
-3.054,-0.471
-2.953,-3.436
-3.141,-0.265
-3.032,-2.671
-3.077,-2.168
3.026,-0.918
3.041,-0.238
3.024,0.222
2.727,-0.86
2.69,-3.239
2.682,-1.966
2.573,-2.082
2.498,-1.794
2.604,0.328
2.611,-0.291
2.531,-3.494
2.362,-0.815
2.348,0.454
2.251,0.305
2.233,0.326
2.364,0.321
2.255,-3.041
2.301,-1.944
2.252,-0.821
2.083,0.414
2.089,-2.395
2.215,-0.803
2.134,-1.147
2.134,-2.814
2.104,0.229
1.839,-1.833
1.769,-1.915
1.571,-2.994
1.544,0.316
1.649,-1.267
1.64,-0.411
1.474,-3.369
1.385,-1.571
1.353,-0.976
1.448,0.388
1.313,-1.723
1.406,0.352
1.42,-0.88
1.221,-3.455
1.199,-1.936
1.3,-0.454
1.229,-1.476
1.218,-3.171
1.213,0.303
1.041,-3.205
1.113,-1.143
1.072,-2.749
0.943,-3.003
1.033,-1.622
0.924,-3.329
1.052,-2.341
0.977,-2.327
0.949,-3.437
0.8,-2.773
0.79,-3.178
0.911,-2.023
0.946,0.423
0.787,0.003
0.896,-3.007
0.803,-1.899
0.755,-1.662
0.643,-3.313
0.577,-1.757
0.656,-1.222
0.644,-2.379
0.421,-3.42
0.434,-0.738
0.524,0.003
0.496,-1.737
0.355,-3.008
0.262,-0.148
0.368,-1.482
0.249,-0.637
0.262,-0.601
0.008,-2.786
0.069,-1.14
-0.221,0.489
-0.363,-2.245
-0.246,-2.341
-0.389,0.326
-0.699,-0.858
-0.824,-1.623
-0.958,-3.002
-0.988,-0.393
-0.895,0.089
-1.074,-1.337
-0.978,0.305
-1.148,-0.503
-1.332,-3.142
-1.565,-1.095
-1.716,0.407
-1.752,-3.149
-1.771,0.423
-1.698,-0.365
-1.854,-3.216
-1.752,0.209
-1.915,-3.693
-1.948,-3.816
-1.979,-3.748
-2.048,-3.803
-2.812,-3.813
-3.137,-3.771
2.388,-3.698
1.176,-3.703
-0.547,-3.608
-1.735,-3.582
-2.236,0.796
-2.288,0.912
-2.347,0.614
-2.613,0.651
-2.718,0.871
-2.715,0.548
-2.823,0.615
-3.072,0.77
-3.105,0.869
1.705,0.758
1.52,0.821
1.324,0.816
0.565,0.558
0.246,0.819
0.256,0.613
-0.375,0.793
-1.224,0.458
-1.779,0.876
-2.022,-2.014
0.688,-0.545
-1.068,0.094
-2.017,-0.311
-1.935,-2.993
-1.999,-1.016
-2.121,-1.012
-2.229,-2.708
1.678,0.05
1.656,-1.888
0.779,-1.922
0.043,-1.032
-0.274,-1.048
-1.187,-2.543
-1.17,-0.345
-1.365,-0.986
-1.37,-0.557
-1.469,0.09
-1.479,-0.726
-1.483,-1.527
-1.604,-2.583
-1.888,-1.052
-2.242,-0.87
-2.518,-0.788
1.76,-0.826
-1.681,-2.254
-0.513,-3.35
-1.511,0.231
-0.736,-3.581
-2.534,0.636
-0.058,-0.23
-0.089,-2.022
-0.188,0.825
-0.375,-0.46
-0.572,-1.851
-0.598,-1.619
-0.642,-0.146
-0.654,-0.334
-0.627,0.234
-0.647,-0.925
-0.792,-0.08
-0.799,-0.363
-0.88,0.891
-0.947,-0.596
-1.007,-2.254
-0.949,-0.547
-1.13,-1.669
-1.27,-1.728
-1.412,-2.712
-1.408,0.15
-1.425,-0.828
-1.456,-2.104
-1.468,-0.153
-1.553,-0.685
-1.581,-2.075
-1.615,0.012
-1.572,-0.259
-1.61,-0.35
-1.682,-0.386
-1.61,-2.756
-1.608,-2.678
-1.694,-0.238
-1.716,-2.703
-1.726,-1.16
-1.718,-0.508
-1.74,-0.008
-1.813,-0.044
-1.776,-0.127
-2.214,-2.916
-2.701,-3.195
1.926,-2.864
1.557,-2.973
1.195,-2.976
1.01,-3.037
0.828,-3.022
0.587,-2.91
0.392,-3.102
-0.225,-2.94
-0.481,-3.141
-1.203,-3.215
-1.282,-3.123
-1.438,-3.072
-1.565,-3.182
-1.659,-2.91
-1.883,1.487
-2.044,1.417
-2.09,1.236
-2.112,1.285
-2.027,1.355
-2.273,1.34
-3.015,1.422
2.725,1.436
2.732,1.447
2.68,1.293
2.476,1.273
2.54,1.395
1.658,1.256
1.606,1.219
1.564,1.203
1.454,1.276
1.09,1.382
0.457,1.459
0.115,1.185
-0.08,1.268
-0.138,1.576
-0.342,1.686
-0.648,1.26
-0.877,1.666
-1.058,1.283
-1.798,1.428
-1.854,1.492
-1.875,-0.09
-1.923,-1.453
-1.977,-2.176
-1.925,-1.341
-2.066,-2.167
-2.26,-0.174
-2.386,1.116
-2.5,1.088
2.219,0.928
1.648,-1.573
-0.162,0.516
-0.745,0.565
-1.745,-0.387
-1.894,1.062
-1.947,-2.691
-1.957,0.027
-1.853,-2.843
-1.956,-2.377
-1.868,-0.355
-2.049,-2.846
-1.919,0.975
-2.058,-2.051
-2.054,-1.426
-1.967,-1.356
-2.01,0.787
-2.136,-0.105
-2.25,0.169
-2.207,0.514
-2.416,-1.244
-2.498,0.112
-2.425,0.729
-2.47,0.733
-2.482,-0.835
-2.586,0.808
-2.623,0.07
-2.517,-1.391
-2.69,-1.535
-2.837,1.124
-2.702,-2.784
-2.934,0.219
-2.833,-2.746
-3.021,0.425
-2.912,-1.981
-2.957,-1.478
-3.137,-0.228
-3.122,0.452
-3.139,0.912
2.847,-0.17
2.81,-2.549
2.802,-1.276
2.693,-1.392
2.618,-1.104
2.724,1.018
2.731,0.399
2.651,-2.804
2.482,-0.125
2.468,1.144
2.371,0.995
2.353,1.016
2.484,1.011
2.375,-2.351
2.421,-1.254
2.372,-0.131
2.203,1.104
2.209,-1.705
2.335,-0.113
2.254,-0.457
2.254,-2.124
2.224,0.919
1.959,-1.143
1.889,-1.225
1.691,-2.304
1.664,1.006
1.769,-0.577
1.76,0.279
1.594,-2.679
1.505,-0.881
1.473,-0.286
1.568,1.078
1.433,-1.033
1.526,1.042
1.54,-0.19
1.341,-2.765
1.319,-1.246
1.42,0.236
1.349,-0.786
1.338,-2.481
1.333,0.993
1.161,-2.515
1.233,-0.453
1.192,-2.059
1.063,-2.313
1.153,-0.932
1.044,-2.639
1.172,-1.651
1.097,-1.637
1.069,-2.747
0.92,-2.083
0.91,-2.488
1.031,-1.333
1.066,1.113
0.907,0.693
1.016,-2.317
0.923,-1.209
0.875,-0.972
0.763,-2.623
0.697,-1.067
0.776,-0.532
0.764,-1.689
0.541,-2.73
0.554,-0.048
0.644,0.693
0.616,-1.047
0.475,-2.318
0.382,0.542
0.488,-0.792
0.369,0.053
0.382,0.089
0.128,-2.096
0.189,-0.45
-0.101,1.179
-0.243,-1.555
-0.126,-1.651
-0.269,1.016
-0.579,-0.168
-0.704,-0.933
-0.838,-2.312
-0.868,0.297
-0.775,0.779
-0.954,-0.647
-0.858,0.995
-1.028,0.187
-1.212,-2.452
-1.445,-0.405
-1.596,1.097
-1.632,-2.459
-1.651,1.113
-1.578,0.325
-1.734,-2.526
-1.632,0.899
-1.795,-3.003
-1.828,-3.126
-1.859,-3.058
-1.928,-3.113
-2.692,-3.123
-3.017,-3.081
2.508,-3.008
1.296,-3.013
-0.427,-2.918
-1.615,-2.892
-2.116,1.486
-2.168,1.602
-2.227,1.304
-2.493,1.341
-2.598,1.561
-2.595,1.238
-2.703,1.305
-2.952,1.46
-2.985,1.559
1.825,1.448
1.64,1.511
1.444,1.506
0.685,1.248
0.366,1.509
0.376,1.303
-0.255,1.483
-1.104,1.148
-1.659,1.566
-1.902,-1.324
0.808,0.145
-0.948,0.784
-1.897,0.379
-1.815,-2.303
-1.879,-0.326
-2.001,-0.322
-2.109,-2.018
1.798,0.74
1.776,-1.198
0.899,-1.232
0.163,-0.342
-0.154,-0.358
-1.067,-1.853
-1.05,0.345
-1.245,-0.296
-1.25,0.133
-1.349,0.78
-1.359,-0.036
-1.363,-0.837
-1.484,-1.893
-1.768,-0.362
-2.122,-0.18
-2.398,-0.098
1.88,-0.136
-1.561,-1.564
-0.393,-2.66
-1.391,0.921
-0.616,-2.891
-2.414,1.326
-0.031,-1.792
-0.13,1.055
-0.317,-0.23
-0.514,-1.621
-0.54,-1.389
-0.584,0.084
-0.596,-0.104
-0.569,0.464
-0.589,-0.695
-0.734,0.15
-0.741,-0.133
-0.822,1.121
-0.889,-0.366
-0.949,-2.024
-0.891,-0.317
-1.072,-1.439
-1.212,-1.498
-1.354,-2.482
-1.35,0.38
-1.367,-0.598
-1.398,-1.874
-1.41,0.077
-1.495,-0.455
-1.523,-1.845
-1.557,0.242
-1.514,-0.029
-1.552,-0.12
-1.624,-0.156
-1.552,-2.526
-1.55,-2.448
-1.636,-0.008
-1.658,-2.473
-1.668,-0.93
-1.66,-0.278
-1.682,0.222
-1.755,0.186
-1.718,0.103
-2.156,-2.686
-2.643,-2.965
1.984,-2.634
1.615,-2.743
1.253,-2.746
1.068,-2.807
0.886,-2.792
0.645,-2.68
0.45,-2.872
-0.167,-2.71
-0.423,-2.911
-1.145,-2.985
-1.224,-2.893
-1.38,-2.842
-1.507,-2.952
-1.601,-2.68
-1.825,1.717
-1.986,1.647
-2.032,1.466
-2.054,1.515
-1.969,1.585
-2.215,1.57
-2.957,1.652
2.783,1.666
2.79,1.677
2.738,1.523
2.534,1.503
2.598,1.625
1.716,1.486
1.664,1.449
1.622,1.433
1.512,1.506
1.148,1.612
0.515,1.689
0.173,1.415
-0.022,1.498
-0.08,1.806
-0.284,1.916
-0.59,1.49
-0.819,1.896
-1.0,1.513
-1.74,1.658
-1.796,1.722
-1.817,0.14
-1.865,-1.223
-1.919,-1.946
-1.867,-1.111
-2.008,-1.937
-2.202,0.056
-2.328,1.346
-2.442,1.318
2.277,1.158
1.706,-1.343
-0.104,0.746
-0.687,0.795
-1.687,-0.157
-1.836,1.292
-1.889,-2.461
-1.899,0.257
-1.795,-2.613
-1.898,-2.147
-1.81,-0.125
-1.991,-2.616
-1.861,1.205
-2.0,-1.821
-1.996,-1.196
-1.909,-1.126
-1.952,1.017
-2.078,0.125
-2.192,0.399
-2.149,0.744
-2.358,-1.014
-2.44,0.342
-2.367,0.959
-2.412,0.963
-2.424,-0.605
-2.528,1.038
-2.565,0.3
-2.459,-1.161
-2.632,-1.305
-2.779,1.354
-2.644,-2.554
-2.876,0.449
-2.775,-2.516
-2.963,0.655
-2.854,-1.751
-2.899,-1.248
-3.079,0.002
-3.064,0.682
-3.081,1.142
2.905,0.06
2.868,-2.319
2.86,-1.046
2.751,-1.162
2.676,-0.874
2.782,1.248
2.789,0.629
2.709,-2.574
2.54,0.105
2.526,1.374
2.429,1.225
2.411,1.246
2.542,1.241
2.433,-2.121
2.479,-1.024
2.43,0.099
2.261,1.334
2.267,-1.475
2.393,0.117
2.312,-0.227
2.312,-1.894
2.282,1.149
2.017,-0.913
1.947,-0.995
1.749,-2.074
1.722,1.236
1.827,-0.347
1.818,0.509
1.652,-2.449
1.563,-0.651
1.531,-0.056
1.626,1.308
1.491,-0.803
1.584,1.272
1.598,0.04
1.399,-2.535
1.377,-1.016
1.478,0.466
1.407,-0.556
1.396,-2.251
1.391,1.223
1.219,-2.285
1.291,-0.223
1.25,-1.829
1.121,-2.083
1.211,-0.702
1.102,-2.409
1.23,-1.421
1.155,-1.407
1.127,-2.517
0.978,-1.853
0.968,-2.258
1.089,-1.103
1.124,1.343
0.965,0.923
1.074,-2.087
0.981,-0.979
0.933,-0.742
0.821,-2.393
0.755,-0.837
0.834,-0.302
0.822,-1.459
0.599,-2.5
0.612,0.182
0.702,0.923
0.674,-0.817
0.533,-2.088
0.44,0.772
0.546,-0.562
0.427,0.283
0.44,0.319
0.186,-1.866
0.247,-0.22
-0.043,1.409
-0.185,-1.325
-0.068,-1.421
-0.211,1.246
-0.521,0.062
-0.646,-0.703
-0.78,-2.082
-0.81,0.527
-0.717,1.009
-0.896,-0.417
-0.8,1.225
-0.97,0.417
-1.154,-2.222
-1.387,-0.175
-1.538,1.327
-1.574,-2.229
-1.593,1.343
-1.52,0.555
-1.676,-2.296
-1.574,1.129
-1.737,-2.773
-1.77,-2.896
-1.801,-2.828
-1.87,-2.883
-2.634,-2.893
-2.959,-2.851
2.566,-2.778
1.354,-2.783
-0.369,-2.688
-1.557,-2.662
-2.058,1.716
-2.11,1.832
-2.169,1.534
-2.435,1.571
-2.54,1.791
-2.537,1.468
-2.645,1.535
-2.894,1.69
-2.927,1.789
1.883,1.678
1.698,1.741
1.502,1.736
0.743,1.478
0.424,1.739
0.434,1.533
-0.197,1.713
-1.046,1.378
-1.601,1.796
-1.844,-1.094
0.866,0.375
-0.89,1.014
-1.839,0.609
-1.757,-2.073
-1.821,-0.096
-1.943,-0.092
-2.051,-1.788
1.856,0.97
1.834,-0.968
0.957,-1.002
0.221,-0.112
-0.096,-0.128
-1.009,-1.623
-0.992,0.575
-1.187,-0.066
-1.192,0.363
-1.291,1.01
-1.301,0.194
-1.305,-0.607
-1.426,-1.663
-1.71,-0.132
-2.064,0.05
-2.34,0.132
1.938,0.094
-1.503,-1.334
-0.335,-2.43
-1.333,1.151
-0.558,-2.661
-2.356,1.556
-0.099,2.847
-0.286,1.562
-0.483,0.171
-0.509,0.403
-0.553,1.876
-0.565,1.688
-0.538,2.256
-0.558,1.097
-0.703,1.942
-0.71,1.659
-0.791,2.913
-0.858,1.426
-0.918,-0.232
-0.86,1.475
-1.041,0.353
-1.181,0.294
-1.323,-0.69
-1.319,2.172
-1.336,1.194
-1.367,-0.082
-1.379,1.869
-1.464,1.337
-1.492,-0.053
-1.526,2.034
-1.483,1.763
-1.521,1.672
-1.593,1.636
-1.521,-0.734
-1.519,-0.656
-1.605,1.784
-1.627,-0.681
-1.637,0.862
-1.629,1.514
-1.651,2.014
-1.724,1.978
-1.687,1.895
-2.125,-0.894
-2.612,-1.173
2.015,-0.842
1.646,-0.951
1.284,-0.954
1.099,-1.015
0.917,-1.0
0.676,-0.888
0.481,-1.08
-0.136,-0.918
-0.392,-1.119
-1.114,-1.193
-1.193,-1.101
-1.349,-1.05
-1.476,-1.16
-1.57,-0.888
-1.794,3.509
-1.955,3.439
-2.001,3.258
-2.023,3.307
-1.938,3.377
-2.184,3.362
-2.926,3.444
2.814,3.458
2.821,3.469
2.769,3.315
2.565,3.295
2.629,3.417
1.747,3.278
1.695,3.241
1.653,3.225
1.543,3.298
1.179,3.404
0.546,3.481
0.204,3.207
0.009,3.29
-0.049,3.598
-0.253,3.708
-0.559,3.282
-0.788,3.688
-0.969,3.305
-1.709,3.45
-1.765,3.514
-1.786,1.932
-1.834,0.569
-1.888,-0.154
-1.836,0.681
-1.977,-0.145
-2.171,1.848
-2.297,3.138
-2.411,3.11
2.308,2.95
1.737,0.449
-0.073,2.538
-0.656,2.587
-1.656,1.635
-1.805,3.084
-1.858,-0.669
-1.868,2.049
-1.764,-0.821
-1.867,-0.355
-1.779,1.667
-1.96,-0.824
-1.83,2.997
-1.969,-0.029
-1.965,0.596
-1.878,0.666
-1.921,2.809
-2.047,1.917
-2.161,2.191
-2.118,2.536
-2.327,0.778
-2.409,2.134
-2.336,2.751
-2.381,2.755
-2.393,1.187
-2.497,2.83
-2.534,2.092
-2.428,0.631
-2.601,0.487
-2.748,3.146
-2.613,-0.762
-2.845,2.241
-2.744,-0.724
-2.932,2.447
-2.823,0.041
-2.868,0.544
-3.048,1.794
-3.033,2.474
-3.05,2.934
2.936,1.852
2.899,-0.527
2.891,0.746
2.782,0.63
2.707,0.918
2.813,3.04
2.82,2.421
2.74,-0.782
2.571,1.897
2.557,3.166
2.46,3.017
2.442,3.038
2.573,3.033
2.464,-0.329
2.51,0.768
2.461,1.891
2.292,3.126
2.298,0.317
2.424,1.909
2.343,1.565
2.343,-0.102
2.313,2.941
2.048,0.879
1.978,0.797
1.78,-0.282
1.753,3.028
1.858,1.445
1.849,2.301
1.683,-0.657
1.594,1.141
1.562,1.736
1.657,3.1
1.522,0.989
1.615,3.064
1.629,1.832
1.43,-0.743
1.408,0.776
1.509,2.258
1.438,1.236
1.427,-0.459
1.422,3.015
1.25,-0.493
1.322,1.569
1.281,-0.037
1.152,-0.291
1.242,1.09
1.133,-0.617
1.261,0.371
1.186,0.385
1.158,-0.725
1.009,-0.061
0.999,-0.466
1.12,0.689
1.155,3.135
0.996,2.715
1.105,-0.295
1.012,0.813
0.964,1.05
0.852,-0.601
0.786,0.955
0.865,1.49
0.853,0.333
0.63,-0.708
0.643,1.974
0.733,2.715
0.705,0.975
0.564,-0.296
0.471,2.564
0.577,1.23
0.458,2.075
0.471,2.111
0.217,-0.074
0.278,1.572
-0.012,3.201
-0.154,0.467
-0.037,0.371
-0.18,3.038
-0.49,1.854
-0.615,1.089
-0.749,-0.29
-0.779,2.319
-0.686,2.801
-0.865,1.375
-0.769,3.017
-0.939,2.209
-1.123,-0.43
-1.356,1.617
-1.507,3.119
-1.543,-0.437
-1.562,3.135
-1.489,2.347
-1.645,-0.504
-1.543,2.921
-1.706,-0.981
-1.739,-1.104
-1.77,-1.036
-1.839,-1.091
-2.603,-1.101
-2.928,-1.059
2.597,-0.986
1.385,-0.991
-0.338,-0.896
-1.526,-0.87
-2.027,3.508
-2.079,3.624
-2.138,3.326
-2.404,3.363
-2.509,3.583
-2.506,3.26
-2.614,3.327
-2.863,3.482
-2.896,3.581
1.914,3.47
1.729,3.533
1.533,3.528
0.774,3.27
0.455,3.531
0.465,3.325
-0.166,3.505
-1.015,3.17
-1.57,3.588
-1.813,0.698
0.897,2.167
-0.859,2.806
-1.808,2.401
-1.726,-0.281
-1.79,1.696
-1.912,1.7
-2.02,0.004
1.887,2.762
1.865,0.824
0.988,0.79
0.252,1.68
-0.065,1.664
-0.978,0.169
-0.961,2.367
-1.156,1.726
-1.161,2.155
-1.26,2.802
-1.27,1.986
-1.274,1.185
-1.395,0.129
-1.679,1.66
-2.033,1.842
-2.309,1.924
1.969,1.886
-1.472,0.458
-0.304,-0.638
-1.302,2.943
-0.527,-0.869
-2.325,3.348
-0.187,-1.285
-0.384,-2.676
-0.41,-2.444
-0.454,-0.971
-0.466,-1.159
-0.439,-0.591
-0.459,-1.75
-0.604,-0.905
-0.611,-1.188
-0.692,0.066
-0.759,-1.421
-0.819,-3.079
-0.761,-1.372
-0.942,-2.494
-1.082,-2.553
-1.224,-3.537
-1.22,-0.675
-1.237,-1.653
-1.268,-2.929
-1.28,-0.978
-1.365,-1.51
-1.393,-2.9
-1.427,-0.813
-1.384,-1.084
-1.422,-1.175
-1.494,-1.211
-1.422,-3.581
-1.42,-3.503
-1.506,-1.063
-1.528,-3.528
-1.538,-1.985
-1.53,-1.333
-1.552,-0.833
-1.625,-0.869
-1.588,-0.952
-2.026,-3.741
-2.513,-4.02
2.114,-3.689
1.745,-3.798
1.383,-3.801
1.198,-3.862
1.016,-3.847
0.775,-3.735
0.58,-3.927
-0.037,-3.765
-0.293,-3.966
-1.015,-4.04
-1.094,-3.948
-1.25,-3.897
-1.377,-4.007
-1.471,-3.735
-1.695,0.662
-1.856,0.592
-1.902,0.411
-1.924,0.46
-1.839,0.53
-2.085,0.515
-2.827,0.597
2.913,0.611
2.92,0.622
2.868,0.468
2.664,0.448
2.728,0.57
1.846,0.431
1.794,0.394
1.752,0.378
1.642,0.451
1.278,0.557
0.645,0.634
0.303,0.36
0.108,0.443
0.05,0.751
-0.154,0.861
-0.46,0.435
-0.689,0.841
-0.87,0.458
-1.61,0.603
-1.666,0.667
-1.687,-0.915
-1.735,-2.278
-1.789,-3.001
-1.737,-2.166
-1.878,-2.992
-2.072,-0.999
-2.198,0.291
-2.312,0.263
2.407,0.103
1.836,-2.398
0.026,-0.309
-0.557,-0.26
-1.557,-1.212
-1.706,0.237
-1.759,-3.516
-1.769,-0.798
-1.665,-3.668
-1.768,-3.202
-1.68,-1.18
-1.861,-3.671
-1.731,0.15
-1.87,-2.876
-1.866,-2.251
-1.779,-2.181
-1.822,-0.038
-1.948,-0.93
-2.062,-0.656
-2.019,-0.311
-2.228,-2.069
-2.31,-0.713
-2.237,-0.096
-2.282,-0.092
-2.294,-1.66
-2.398,-0.017
-2.435,-0.755
-2.329,-2.216
-2.502,-2.36
-2.649,0.299
-2.514,-3.609
-2.746,-0.606
-2.645,-3.571
-2.833,-0.4
-2.724,-2.806
-2.769,-2.303
-2.949,-1.053
-2.934,-0.373
-2.951,0.087
3.035,-0.995
2.998,-3.374
2.99,-2.101
2.881,-2.217
2.806,-1.929
2.912,0.193
2.919,-0.426
2.839,-3.629
2.67,-0.95
2.656,0.319
2.559,0.17
2.541,0.191
2.672,0.186
2.563,-3.176
2.609,-2.079
2.56,-0.956
2.391,0.279
2.397,-2.53
2.523,-0.938
2.442,-1.282
2.442,-2.949
2.412,0.094
2.147,-1.968
2.077,-2.05
1.879,-3.129
1.852,0.181
1.957,-1.402
1.948,-0.546
1.782,-3.504
1.693,-1.706
1.661,-1.111
1.756,0.253
1.621,-1.858
1.714,0.217
1.728,-1.015
1.529,-3.59
1.507,-2.071
1.608,-0.589
1.537,-1.611
1.526,-3.306
1.521,0.168
1.349,-3.34
1.421,-1.278
1.38,-2.884
1.251,-3.138
1.341,-1.757
1.232,-3.464
1.36,-2.476
1.285,-2.462
1.257,-3.572
1.108,-2.908
1.098,-3.313
1.219,-2.158
1.254,0.288
1.095,-0.132
1.204,-3.142
1.111,-2.034
1.063,-1.797
0.951,-3.448
0.885,-1.892
0.964,-1.357
0.952,-2.514
0.729,-3.555
0.742,-0.873
0.832,-0.132
0.804,-1.872
0.663,-3.143
0.57,-0.283
0.676,-1.617
0.557,-0.772
0.57,-0.736
0.316,-2.921
0.377,-1.275
0.087,0.354
-0.055,-2.38
0.062,-2.476
-0.081,0.191
-0.391,-0.993
-0.516,-1.758
-0.65,-3.137
-0.68,-0.528
-0.587,-0.046
-0.766,-1.472
-0.67,0.17
-0.84,-0.638
-1.024,-3.277
-1.257,-1.23
-1.408,0.272
-1.444,-3.284
-1.463,0.288
-1.39,-0.5
-1.546,-3.351
-1.444,0.074
-1.607,-3.828
-1.64,-3.951
-1.671,-3.883
-1.74,-3.938
-2.504,-3.948
-2.829,-3.906
2.696,-3.833
1.484,-3.838
-0.239,-3.743
-1.427,-3.717
-1.928,0.661
-1.98,0.777
-2.039,0.479
-2.305,0.516
-2.41,0.736
-2.407,0.413
-2.515,0.48
-2.764,0.635
-2.797,0.734
2.013,0.623
1.828,0.686
1.632,0.681
0.873,0.423
0.554,0.684
0.564,0.478
-0.067,0.658
-0.916,0.323
-1.471,0.741
-1.714,-2.149
0.996,-0.68
-0.76,-0.041
-1.709,-0.446
-1.627,-3.128
-1.691,-1.151
-1.813,-1.147
-1.921,-2.843
1.986,-0.085
1.964,-2.023
1.087,-2.057
0.351,-1.167
0.034,-1.183
-0.879,-2.678
-0.862,-0.48
-1.057,-1.121
-1.062,-0.692
-1.161,-0.045
-1.171,-0.861
-1.175,-1.662
-1.296,-2.718
-1.58,-1.187
-1.934,-1.005
-2.21,-0.923
2.068,-0.961
-1.373,-2.389
-0.205,-3.485
-1.203,0.096
-0.428,-3.716
-2.226,0.501
-0.197,-1.391
-0.223,-1.159
-0.267,0.314
-0.279,0.126
-0.252,0.694
-0.272,-0.465
-0.417,0.38
-0.424,0.097
-0.505,1.351
-0.572,-0.136
-0.632,-1.794
-0.574,-0.087
-0.755,-1.209
-0.895,-1.268
-1.037,-2.252
-1.033,0.61
-1.05,-0.368
-1.081,-1.644
-1.093,0.307
-1.178,-0.225
-1.206,-1.615
-1.24,0.472
-1.197,0.201
-1.235,0.11
-1.307,0.074
-1.235,-2.296
-1.233,-2.218
-1.319,0.222
-1.341,-2.243
-1.351,-0.7
-1.343,-0.048
-1.365,0.452
-1.438,0.416
-1.401,0.333
-1.839,-2.456
-2.326,-2.735
2.301,-2.404
1.932,-2.513
1.57,-2.516
1.385,-2.577
1.203,-2.562
0.962,-2.45
0.767,-2.642
0.15,-2.48
-0.106,-2.681
-0.828,-2.755
-0.907,-2.663
-1.063,-2.612
-1.19,-2.722
-1.284,-2.45
-1.508,1.947
-1.669,1.877
-1.715,1.696
-1.737,1.745
-1.652,1.815
-1.898,1.8
-2.64,1.882
3.1,1.896
3.107,1.907
3.055,1.753
2.851,1.733
2.915,1.855
2.033,1.716
1.981,1.679
1.939,1.663
1.829,1.736
1.465,1.842
0.832,1.919
0.49,1.645
0.295,1.728
0.237,2.036
0.033,2.146
-0.273,1.72
-0.502,2.126
-0.683,1.743
-1.423,1.888
-1.479,1.952
-1.5,0.37
-1.548,-0.993
-1.602,-1.716
-1.55,-0.881
-1.691,-1.707
-1.885,0.286
-2.011,1.576
-2.125,1.548
2.594,1.388
2.023,-1.113
0.213,0.976
-0.37,1.025
-1.37,0.073
-1.519,1.522
-1.572,-2.231
-1.582,0.487
-1.478,-2.383
-1.581,-1.917
-1.493,0.105
-1.674,-2.386
-1.544,1.435
-1.683,-1.591
-1.679,-0.966
-1.592,-0.896
-1.635,1.247
-1.761,0.355
-1.875,0.629
-1.832,0.974
-2.041,-0.784
-2.123,0.572
-2.05,1.189
-2.095,1.193
-2.107,-0.375
-2.211,1.268
-2.248,0.53
-2.142,-0.931
-2.315,-1.075
-2.462,1.584
-2.327,-2.324
-2.559,0.679
-2.458,-2.286
-2.646,0.885
-2.537,-1.521
-2.582,-1.018
-2.762,0.232
-2.747,0.912
-2.764,1.372
-3.061,0.29
-3.098,-2.089
-3.106,-0.816
3.068,-0.932
2.993,-0.644
3.099,1.478
3.106,0.859
3.026,-2.344
2.857,0.335
2.843,1.604
2.746,1.455
2.728,1.476
2.859,1.471
2.75,-1.891
2.796,-0.794
2.747,0.329
2.578,1.564
2.584,-1.245
2.71,0.347
2.629,0.003
2.629,-1.664
2.599,1.379
2.334,-0.683
2.264,-0.765
2.066,-1.844
2.039,1.466
2.144,-0.117
2.135,0.739
1.969,-2.219
1.88,-0.421
1.848,0.174
1.943,1.538
1.808,-0.573
1.901,1.502
1.915,0.27
1.716,-2.305
1.694,-0.786
1.795,0.696
1.724,-0.326
1.713,-2.021
1.708,1.453
1.536,-2.055
1.608,0.007
1.567,-1.599
1.438,-1.853
1.528,-0.472
1.419,-2.179
1.547,-1.191
1.472,-1.177
1.444,-2.287
1.295,-1.623
1.285,-2.028
1.406,-0.873
1.441,1.573
1.282,1.153
1.391,-1.857
1.298,-0.749
1.25,-0.512
1.138,-2.163
1.072,-0.607
1.151,-0.072
1.139,-1.229
0.916,-2.27
0.929,0.412
1.019,1.153
0.991,-0.587
0.85,-1.858
0.757,1.002
0.863,-0.332
0.744,0.513
0.757,0.549
0.503,-1.636
0.564,0.01
0.274,1.639
0.132,-1.095
0.249,-1.191
0.106,1.476
-0.204,0.292
-0.329,-0.473
-0.463,-1.852
-0.493,0.757
-0.4,1.239
-0.579,-0.187
-0.483,1.455
-0.653,0.647
-0.837,-1.992
-1.07,0.055
-1.221,1.557
-1.257,-1.999
-1.276,1.573
-1.203,0.785
-1.359,-2.066
-1.257,1.359
-1.42,-2.543
-1.453,-2.666
-1.484,-2.598
-1.553,-2.653
-2.317,-2.663
-2.642,-2.621
2.883,-2.548
1.671,-2.553
-0.052,-2.458
-1.24,-2.432
-1.741,1.946
-1.793,2.062
-1.852,1.764
-2.118,1.801
-2.223,2.021
-2.22,1.698
-2.328,1.765
-2.577,1.92
-2.61,2.019
2.2,1.908
2.015,1.971
1.819,1.966
1.06,1.708
0.741,1.969
0.751,1.763
0.12,1.943
-0.729,1.608
-1.284,2.026
-1.527,-0.864
1.183,0.605
-0.573,1.244
-1.522,0.839
-1.44,-1.843
-1.504,0.134
-1.626,0.138
-1.734,-1.558
2.173,1.2
2.151,-0.738
1.274,-0.772
0.538,0.118
0.221,0.102
-0.692,-1.393
-0.675,0.805
-0.87,0.164
-0.875,0.593
-0.974,1.24
-0.984,0.424
-0.988,-0.377
-1.109,-1.433
-1.393,0.098
-1.747,0.28
-2.023,0.362
2.255,0.324
-1.186,-1.104
-0.018,-2.2
-1.016,1.381
-0.241,-2.431
-2.039,1.786
-0.026,0.232
-0.07,1.705
-0.082,1.517
-0.055,2.085
-0.075,0.926
-0.22,1.771
-0.227,1.488
-0.308,2.742
-0.375,1.255
-0.435,-0.403
-0.377,1.304
-0.558,0.182
-0.698,0.123
-0.84,-0.861
-0.836,2.001
-0.853,1.023
-0.884,-0.253
-0.896,1.698
-0.981,1.166
-1.009,-0.224
-1.043,1.863
-1.0,1.592
-1.038,1.501
-1.11,1.465
-1.038,-0.905
-1.036,-0.827
-1.122,1.613
-1.144,-0.852
-1.154,0.691
-1.146,1.343
-1.168,1.843
-1.241,1.807
-1.204,1.724
-1.642,-1.065
-2.129,-1.344
2.498,-1.013
2.129,-1.122
1.767,-1.125
1.582,-1.186
1.4,-1.171
1.159,-1.059
0.964,-1.251
0.347,-1.089
0.091,-1.29
-0.631,-1.364
-0.71,-1.272
-0.866,-1.221
-0.993,-1.331
-1.087,-1.059
-1.311,3.338
-1.472,3.268
-1.518,3.087
-1.54,3.136
-1.455,3.206
-1.701,3.191
-2.443,3.273
-2.986,3.287
-2.979,3.298
-3.031,3.144
3.048,3.124
3.112,3.246
2.23,3.107
2.178,3.07
2.136,3.054
2.026,3.127
1.662,3.233
1.029,3.31
0.687,3.036
0.492,3.119
0.434,3.427
0.23,3.537
-0.076,3.111
-0.305,3.517
-0.486,3.134
-1.226,3.279
-1.282,3.343
-1.303,1.761
-1.351,0.398
-1.405,-0.325
-1.353,0.51
-1.494,-0.316
-1.688,1.677
-1.814,2.967
-1.928,2.939
2.791,2.779
2.22,0.278
0.41,2.367
-0.173,2.416
-1.173,1.464
-1.322,2.913
-1.375,-0.84
-1.385,1.878
-1.281,-0.992
-1.384,-0.526
-1.296,1.496
-1.477,-0.995
-1.347,2.826
-1.486,-0.2
-1.482,0.425
-1.395,0.495
-1.438,2.638
-1.564,1.746
-1.678,2.02
-1.635,2.365
-1.844,0.607
-1.926,1.963
-1.853,2.58
-1.898,2.584
-1.91,1.016
-2.014,2.659
-2.051,1.921
-1.945,0.46
-2.118,0.316
-2.265,2.975
-2.13,-0.933
-2.362,2.07
-2.261,-0.895
-2.449,2.276
-2.34,-0.13
-2.385,0.373
-2.565,1.623
-2.55,2.303
-2.567,2.763
-2.864,1.681
-2.901,-0.698
-2.909,0.575
-3.018,0.459
-3.093,0.747
-2.987,2.869
-2.98,2.25
-3.06,-0.953
3.054,1.726
3.04,2.995
2.943,2.846
2.925,2.867
3.056,2.862
2.947,-0.5
2.993,0.597
2.944,1.72
2.775,2.955
2.781,0.146
2.907,1.738
2.826,1.394
2.826,-0.273
2.796,2.77
2.531,0.708
2.461,0.626
2.263,-0.453
2.236,2.857
2.341,1.274
2.332,2.13
2.166,-0.828
2.077,0.97
2.045,1.565
2.14,2.929
2.005,0.818
2.098,2.893
2.112,1.661
1.913,-0.914
1.891,0.605
1.992,2.087
1.921,1.065
1.91,-0.63
1.905,2.844
1.733,-0.664
1.805,1.398
1.764,-0.208
1.635,-0.462
1.725,0.919
1.616,-0.788
1.744,0.2
1.669,0.214
1.641,-0.896
1.492,-0.232
1.482,-0.637
1.603,0.518
1.638,2.964
1.479,2.544
1.588,-0.466
1.495,0.642
1.447,0.879
1.335,-0.772
1.269,0.784
1.348,1.319
1.336,0.162
1.113,-0.879
1.126,1.803
1.216,2.544
1.188,0.804
1.047,-0.467
0.954,2.393
1.06,1.059
0.941,1.904
0.954,1.94
0.7,-0.245
0.761,1.401
0.471,3.03
0.329,0.296
0.446,0.2
0.303,2.867
-0.007,1.683
-0.132,0.918
-0.266,-0.461
-0.296,2.148
-0.203,2.63
-0.382,1.204
-0.286,2.846
-0.456,2.038
-0.64,-0.601
-0.873,1.446
-1.024,2.948
-1.06,-0.608
-1.079,2.964
-1.006,2.176
-1.162,-0.675
-1.06,2.75
-1.223,-1.152
-1.256,-1.275
-1.287,-1.207
-1.356,-1.262
-2.12,-1.272
-2.445,-1.23
3.08,-1.157
1.868,-1.162
0.145,-1.067
-1.043,-1.041
-1.544,3.337
-1.596,3.453
-1.655,3.155
-1.921,3.192
-2.026,3.412
-2.023,3.089
-2.131,3.156
-2.38,3.311
-2.413,3.41
2.397,3.299
2.212,3.362
2.016,3.357
1.257,3.099
0.938,3.36
0.948,3.154
0.317,3.334
-0.532,2.999
-1.087,3.417
-1.33,0.527
1.38,1.996
-0.376,2.635
-1.325,2.23
-1.243,-0.452
-1.307,1.525
-1.429,1.529
-1.537,-0.167
2.37,2.591
2.348,0.653
1.471,0.619
0.735,1.509
0.418,1.493
-0.495,-0.002
-0.478,2.196
-0.673,1.555
-0.678,1.984
-0.777,2.631
-0.787,1.815
-0.791,1.014
-0.912,-0.042
-1.196,1.489
-1.55,1.671
-1.826,1.753
2.452,1.715
-0.989,0.287
0.179,-0.809
-0.819,2.772
-0.044,-1.04
-1.842,3.177
-0.044,1.473
-0.056,1.285
-0.029,1.853
-0.049,0.694
-0.194,1.539
-0.201,1.256
-0.282,2.51
-0.349,1.023
-0.409,-0.635
-0.351,1.072
-0.532,-0.05
-0.672,-0.109
-0.814,-1.093
-0.81,1.769
-0.827,0.791
-0.858,-0.485
-0.87,1.466
-0.955,0.934
-0.983,-0.456
-1.017,1.631
-0.974,1.36
-1.012,1.269
-1.084,1.233
-1.012,-1.137
-1.01,-1.059
-1.096,1.381
-1.118,-1.084
-1.128,0.459
-1.12,1.111
-1.142,1.611
-1.215,1.575
-1.178,1.492
-1.616,-1.297
-2.103,-1.576
2.524,-1.245
2.155,-1.354
1.793,-1.357
1.608,-1.418
1.426,-1.403
1.185,-1.291
0.99,-1.483
0.373,-1.321
0.117,-1.522
-0.605,-1.596
-0.684,-1.504
-0.84,-1.453
-0.967,-1.563
-1.061,-1.291
-1.285,3.106
-1.446,3.036
-1.492,2.855
-1.514,2.904
-1.429,2.974
-1.675,2.959
-2.417,3.041
-2.96,3.055
-2.953,3.066
-3.005,2.912
3.074,2.892
3.138,3.014
2.256,2.875
2.204,2.838
2.162,2.822
2.052,2.895
1.688,3.001
1.055,3.078
0.713,2.804
0.518,2.887
0.46,3.195
0.256,3.305
-0.05,2.879
-0.279,3.285
-0.46,2.902
-1.2,3.047
-1.256,3.111
-1.277,1.529
-1.325,0.166
-1.379,-0.557
-1.327,0.278
-1.468,-0.548
-1.662,1.445
-1.788,2.735
-1.902,2.707
2.817,2.547
2.246,0.046
0.436,2.135
-0.147,2.184
-1.147,1.232
-1.296,2.681
-1.349,-1.072
-1.359,1.646
-1.255,-1.224
-1.358,-0.758
-1.27,1.264
-1.451,-1.227
-1.321,2.594
-1.46,-0.432
-1.456,0.193
-1.369,0.263
-1.412,2.406
-1.538,1.514
-1.652,1.788
-1.609,2.133
-1.818,0.375
-1.9,1.731
-1.827,2.348
-1.872,2.352
-1.884,0.784
-1.988,2.427
-2.025,1.689
-1.919,0.228
-2.092,0.084
-2.239,2.743
-2.104,-1.165
-2.336,1.838
-2.235,-1.127
-2.423,2.044
-2.314,-0.362
-2.359,0.141
-2.539,1.391
-2.524,2.071
-2.541,2.531
-2.838,1.449
-2.875,-0.93
-2.883,0.343
-2.992,0.227
-3.067,0.515
-2.961,2.637
-2.954,2.018
-3.034,-1.185
3.08,1.494
3.066,2.763
2.969,2.614
2.951,2.635
3.082,2.63
2.973,-0.732
3.019,0.365
2.97,1.488
2.801,2.723
2.807,-0.086
2.933,1.506
2.852,1.162
2.852,-0.505
2.822,2.538
2.557,0.476
2.487,0.394
2.289,-0.685
2.262,2.625
2.367,1.042
2.358,1.898
2.192,-1.06
2.103,0.738
2.071,1.333
2.166,2.697
2.031,0.586
2.124,2.661
2.138,1.429
1.939,-1.146
1.917,0.373
2.018,1.855
1.947,0.833
1.936,-0.862
1.931,2.612
1.759,-0.896
1.831,1.166
1.79,-0.44
1.661,-0.694
1.751,0.687
1.642,-1.02
1.77,-0.032
1.695,-0.018
1.667,-1.128
1.518,-0.464
1.508,-0.869
1.629,0.286
1.664,2.732
1.505,2.312
1.614,-0.698
1.521,0.41
1.473,0.647
1.361,-1.004
1.295,0.552
1.374,1.087
1.362,-0.07
1.139,-1.111
1.152,1.571
1.242,2.312
1.214,0.572
1.073,-0.699
0.98,2.161
1.086,0.827
0.967,1.672
0.98,1.708
0.726,-0.477
0.787,1.169
0.497,2.798
0.355,0.064
0.472,-0.032
0.329,2.635
0.019,1.451
-0.106,0.686
-0.24,-0.693
-0.27,1.916
-0.177,2.398
-0.356,0.972
-0.26,2.614
-0.43,1.806
-0.614,-0.833
-0.847,1.214
-0.998,2.716
-1.034,-0.84
-1.053,2.732
-0.98,1.944
-1.136,-0.907
-1.034,2.518
-1.197,-1.384
-1.23,-1.507
-1.261,-1.439
-1.33,-1.494
-2.094,-1.504
-2.419,-1.462
3.106,-1.389
1.894,-1.394
0.171,-1.299
-1.017,-1.273
-1.518,3.105
-1.57,3.221
-1.629,2.923
-1.895,2.96
-2.0,3.18
-1.997,2.857
-2.105,2.924
-2.354,3.079
-2.387,3.178
2.423,3.067
2.238,3.13
2.042,3.125
1.283,2.867
0.964,3.128
0.974,2.922
0.343,3.102
-0.506,2.767
-1.061,3.185
-1.304,0.295
1.406,1.764
-0.35,2.403
-1.299,1.998
-1.217,-0.684
-1.281,1.293
-1.403,1.297
-1.511,-0.399
2.396,2.359
2.374,0.421
1.497,0.387
0.761,1.277
0.444,1.261
-0.469,-0.234
-0.452,1.964
-0.647,1.323
-0.652,1.752
-0.751,2.399
-0.761,1.583
-0.765,0.782
-0.886,-0.274
-1.17,1.257
-1.524,1.439
-1.8,1.521
2.478,1.483
-0.963,0.055
0.205,-1.041
-0.793,2.54
-0.018,-1.272
-1.816,2.945
-0.012,-0.188
0.015,0.38
-0.005,-0.779
-0.15,0.066
-0.157,-0.217
-0.238,1.037
-0.305,-0.45
-0.365,-2.108
-0.307,-0.401
-0.488,-1.523
-0.628,-1.582
-0.77,-2.566
-0.766,0.296
-0.783,-0.682
-0.814,-1.958
-0.826,-0.007
-0.911,-0.539
-0.939,-1.929
-0.973,0.158
-0.93,-0.113
-0.968,-0.204
-1.04,-0.24
-0.968,-2.61
-0.966,-2.532
-1.052,-0.092
-1.074,-2.557
-1.084,-1.014
-1.076,-0.362
-1.098,0.138
-1.171,0.102
-1.134,0.019
-1.572,-2.77
-2.059,-3.049
2.568,-2.718
2.199,-2.827
1.837,-2.83
1.652,-2.891
1.47,-2.876
1.229,-2.764
1.034,-2.956
0.417,-2.794
0.161,-2.995
-0.561,-3.069
-0.64,-2.977
-0.796,-2.926
-0.923,-3.036
-1.017,-2.764
-1.241,1.633
-1.402,1.563
-1.448,1.382
-1.47,1.431
-1.385,1.501
-1.631,1.486
-2.373,1.568
-2.916,1.582
-2.909,1.593
-2.961,1.439
3.118,1.419
-3.101,1.541
2.3,1.402
2.248,1.365
2.206,1.349
2.096,1.422
1.732,1.528
1.099,1.605
0.757,1.331
0.562,1.414
0.504,1.722
0.3,1.832
-0.006,1.406
-0.235,1.812
-0.416,1.429
-1.156,1.574
-1.212,1.638
-1.233,0.056
-1.281,-1.307
-1.335,-2.03
-1.283,-1.195
-1.424,-2.021
-1.618,-0.028
-1.744,1.262
-1.858,1.234
2.861,1.074
2.29,-1.427
0.48,0.662
-0.103,0.711
-1.103,-0.241
-1.252,1.208
-1.305,-2.545
-1.315,0.173
-1.211,-2.697
-1.314,-2.231
-1.226,-0.209
-1.407,-2.7
-1.277,1.121
-1.416,-1.905
-1.412,-1.28
-1.325,-1.21
-1.368,0.933
-1.494,0.041
-1.608,0.315
-1.565,0.66
-1.774,-1.098
-1.856,0.258
-1.783,0.875
-1.828,0.879
-1.84,-0.689
-1.944,0.954
-1.981,0.216
-1.875,-1.245
-2.048,-1.389
-2.195,1.27
-2.06,-2.638
-2.292,0.365
-2.191,-2.6
-2.379,0.571
-2.27,-1.835
-2.315,-1.332
-2.495,-0.082
-2.48,0.598
-2.497,1.058
-2.794,-0.024
-2.831,-2.403
-2.839,-1.13
-2.948,-1.246
-3.023,-0.958
-2.917,1.164
-2.91,0.545
-2.99,-2.658
3.124,0.021
3.11,1.29
3.013,1.141
2.995,1.162
3.126,1.157
3.017,-2.205
3.063,-1.108
3.014,0.015
2.845,1.25
2.851,-1.559
2.977,0.033
2.896,-0.311
2.896,-1.978
2.866,1.065
2.601,-0.997
2.531,-1.079
2.333,-2.158
2.306,1.152
2.411,-0.431
2.402,0.425
2.236,-2.533
2.147,-0.735
2.115,-0.14
2.21,1.224
2.075,-0.887
2.168,1.188
2.182,-0.044
1.983,-2.619
1.961,-1.1
2.062,0.382
1.991,-0.64
1.98,-2.335
1.975,1.139
1.803,-2.369
1.875,-0.307
1.834,-1.913
1.705,-2.167
1.795,-0.786
1.686,-2.493
1.814,-1.505
1.739,-1.491
1.711,-2.601
1.562,-1.937
1.552,-2.342
1.673,-1.187
1.708,1.259
1.549,0.839
1.658,-2.171
1.565,-1.063
1.517,-0.826
1.405,-2.477
1.339,-0.921
1.418,-0.386
1.406,-1.543
1.183,-2.584
1.196,0.098
1.286,0.839
1.258,-0.901
1.117,-2.172
1.024,0.688
1.13,-0.646
1.011,0.199
1.024,0.235
0.77,-1.95
0.831,-0.304
0.541,1.325
0.399,-1.409
0.516,-1.505
0.373,1.162
0.063,-0.022
-0.062,-0.787
-0.196,-2.166
-0.226,0.443
-0.133,0.925
-0.312,-0.501
-0.216,1.141
-0.386,0.333
-0.57,-2.306
-0.803,-0.259
-0.954,1.243
-0.99,-2.313
-1.009,1.259
-0.936,0.471
-1.092,-2.38
-0.99,1.045
-1.153,-2.857
-1.186,-2.98
-1.217,-2.912
-1.286,-2.967
-2.05,-2.977
-2.375,-2.935
-3.133,-2.862
1.938,-2.867
0.215,-2.772
-0.973,-2.746
-1.474,1.632
-1.526,1.748
-1.585,1.45
-1.851,1.487
-1.956,1.707
-1.953,1.384
-2.061,1.451
-2.31,1.606
-2.343,1.705
2.467,1.594
2.282,1.657
2.086,1.652
1.327,1.394
1.008,1.655
1.018,1.449
0.387,1.629
-0.462,1.294
-1.017,1.712
-1.26,-1.178
1.45,0.291
-0.306,0.93
-1.255,0.525
-1.173,-2.157
-1.237,-0.18
-1.359,-0.176
-1.467,-1.872
2.44,0.886
2.418,-1.052
1.541,-1.086
0.805,-0.196
0.488,-0.212
-0.425,-1.707
-0.408,0.491
-0.603,-0.15
-0.608,0.279
-0.707,0.926
-0.717,0.11
-0.721,-0.691
-0.842,-1.747
-1.126,-0.216
-1.48,-0.034
-1.756,0.048
2.522,0.01
-0.919,-1.418
0.249,-2.514
-0.749,1.067
0.026,-2.745
-1.772,1.472
0.027,0.568
0.007,-0.591
-0.138,0.254
-0.145,-0.029
-0.226,1.225
-0.293,-0.262
-0.353,-1.92
-0.295,-0.213
-0.476,-1.335
-0.616,-1.394
-0.758,-2.378
-0.754,0.484
-0.771,-0.494
-0.802,-1.77
-0.814,0.181
-0.899,-0.351
-0.927,-1.741
-0.961,0.346
-0.918,0.075
-0.956,-0.016
-1.028,-0.052
-0.956,-2.422
-0.954,-2.344
-1.04,0.096
-1.062,-2.369
-1.072,-0.826
-1.064,-0.174
-1.086,0.326
-1.159,0.29
-1.122,0.207
-1.56,-2.582
-2.047,-2.861
2.58,-2.53
2.211,-2.639
1.849,-2.642
1.664,-2.703
1.482,-2.688
1.241,-2.576
1.046,-2.768
0.429,-2.606
0.173,-2.807
-0.549,-2.881
-0.628,-2.789
-0.784,-2.738
-0.911,-2.848
-1.005,-2.576
-1.229,1.821
-1.39,1.751
-1.436,1.57
-1.458,1.619
-1.373,1.689
-1.619,1.674
-2.361,1.756
-2.904,1.77
-2.897,1.781
-2.949,1.627
3.13,1.607
-3.089,1.729
2.312,1.59
2.26,1.553
2.218,1.537
2.108,1.61
1.744,1.716
1.111,1.793
0.769,1.519
0.574,1.602
0.516,1.91
0.312,2.02
0.006,1.594
-0.223,2.0
-0.404,1.617
-1.144,1.762
-1.2,1.826
-1.221,0.244
-1.269,-1.119
-1.323,-1.842
-1.271,-1.007
-1.412,-1.833
-1.606,0.16
-1.732,1.45
-1.846,1.422
2.873,1.262
2.302,-1.239
0.492,0.85
-0.091,0.899
-1.091,-0.053
-1.24,1.396
-1.293,-2.357
-1.303,0.361
-1.199,-2.509
-1.302,-2.043
-1.214,-0.021
-1.395,-2.512
-1.265,1.309
-1.404,-1.717
-1.4,-1.092
-1.313,-1.022
-1.356,1.121
-1.482,0.229
-1.596,0.503
-1.553,0.848
-1.762,-0.91
-1.844,0.446
-1.771,1.063
-1.816,1.067
-1.828,-0.501
-1.932,1.142
-1.969,0.404
-1.863,-1.057
-2.036,-1.201
-2.183,1.458
-2.048,-2.45
-2.28,0.553
-2.179,-2.412
-2.367,0.759
-2.258,-1.647
-2.303,-1.144
-2.483,0.106
-2.468,0.786
-2.485,1.246
-2.782,0.164
-2.819,-2.215
-2.827,-0.942
-2.936,-1.058
-3.011,-0.77
-2.905,1.352
-2.898,0.733
-2.978,-2.47
3.136,0.209
3.122,1.478
3.025,1.329
3.007,1.35
3.138,1.345
3.029,-2.017
3.075,-0.92
3.026,0.203
2.857,1.438
2.863,-1.371
2.989,0.221
2.908,-0.123
2.908,-1.79
2.878,1.253
2.613,-0.809
2.543,-0.891
2.345,-1.97
2.318,1.34
2.423,-0.243
2.414,0.613
2.248,-2.345
2.159,-0.547
2.127,0.048
2.222,1.412
2.087,-0.699
2.18,1.376
2.194,0.144
1.995,-2.431
1.973,-0.912
2.074,0.57
2.003,-0.452
1.992,-2.147
1.987,1.327
1.815,-2.181
1.887,-0.119
1.846,-1.725
1.717,-1.979
1.807,-0.598
1.698,-2.305
1.826,-1.317
1.751,-1.303
1.723,-2.413
1.574,-1.749
1.564,-2.154
1.685,-0.999
1.72,1.447
1.561,1.027
1.67,-1.983
1.577,-0.875
1.529,-0.638
1.417,-2.289
1.351,-0.733
1.43,-0.198
1.418,-1.355
1.195,-2.396
1.208,0.286
1.298,1.027
1.27,-0.713
1.129,-1.984
1.036,0.876
1.142,-0.458
1.023,0.387
1.036,0.423
0.782,-1.762
0.843,-0.116
0.553,1.513
0.411,-1.221
0.528,-1.317
0.385,1.35
0.075,0.166
-0.05,-0.599
-0.184,-1.978
-0.214,0.631
-0.121,1.113
-0.3,-0.313
-0.204,1.329
-0.374,0.521
-0.558,-2.118
-0.791,-0.071
-0.942,1.431
-0.978,-2.125
-0.997,1.447
-0.924,0.659
-1.08,-2.192
-0.978,1.233
-1.141,-2.669
-1.174,-2.792
-1.205,-2.724
-1.274,-2.779
-2.038,-2.789
-2.363,-2.747
-3.121,-2.674
1.95,-2.679
0.227,-2.584
-0.961,-2.558
-1.462,1.82
-1.514,1.936
-1.573,1.638
-1.839,1.675
-1.944,1.895
-1.941,1.572
-2.049,1.639
-2.298,1.794
-2.331,1.893
2.479,1.782
2.294,1.845
2.098,1.84
1.339,1.582
1.02,1.843
1.03,1.637
0.399,1.817
-0.45,1.482
-1.005,1.9
-1.248,-0.99
1.462,0.479
-0.294,1.118
-1.243,0.713
-1.161,-1.969
-1.225,0.008
-1.347,0.012
-1.455,-1.684
2.452,1.074
2.43,-0.864
1.553,-0.898
0.817,-0.008
0.5,-0.024
-0.413,-1.519
-0.396,0.679
-0.591,0.038
-0.596,0.467
-0.695,1.114
-0.705,0.298
-0.709,-0.503
-0.83,-1.559
-1.114,-0.028
-1.468,0.154
-1.744,0.236
2.534,0.198
-0.907,-1.23
0.261,-2.326
-0.737,1.255
0.038,-2.557
-1.76,1.66
-0.02,-1.159
-0.165,-0.314
-0.172,-0.597
-0.253,0.657
-0.32,-0.83
-0.38,-2.488
-0.322,-0.781
-0.503,-1.903
-0.643,-1.962
-0.785,-2.946
-0.781,-0.084
-0.798,-1.062
-0.829,-2.338
-0.841,-0.387
-0.926,-0.919
-0.954,-2.309
-0.988,-0.222
-0.945,-0.493
-0.983,-0.584
-1.055,-0.62
-0.983,-2.99
-0.981,-2.912
-1.067,-0.472
-1.089,-2.937
-1.099,-1.394
-1.091,-0.742
-1.113,-0.242
-1.186,-0.278
-1.149,-0.361
-1.587,-3.15
-2.074,-3.429
2.553,-3.098
2.184,-3.207
1.822,-3.21
1.637,-3.271
1.455,-3.256
1.214,-3.144
1.019,-3.336
0.402,-3.174
0.146,-3.375
-0.576,-3.449
-0.655,-3.357
-0.811,-3.306
-0.938,-3.416
-1.032,-3.144
-1.256,1.253
-1.417,1.183
-1.463,1.002
-1.485,1.051
-1.4,1.121
-1.646,1.106
-2.388,1.188
-2.931,1.202
-2.924,1.213
-2.976,1.059
3.103,1.039
-3.116,1.161
2.285,1.022
2.233,0.985
2.191,0.969
2.081,1.042
1.717,1.148
1.084,1.225
0.742,0.951
0.547,1.034
0.489,1.342
0.285,1.452
-0.021,1.026
-0.25,1.432
-0.431,1.049
-1.171,1.194
-1.227,1.258
-1.248,-0.324
-1.296,-1.687
-1.35,-2.41
-1.298,-1.575
-1.439,-2.401
-1.633,-0.408
-1.759,0.882
-1.873,0.854
2.846,0.694
2.275,-1.807
0.465,0.282
-0.118,0.331
-1.118,-0.621
-1.267,0.828
-1.32,-2.925
-1.33,-0.207
-1.226,-3.077
-1.329,-2.611
-1.241,-0.589
-1.422,-3.08
-1.292,0.741
-1.431,-2.285
-1.427,-1.66
-1.34,-1.59
-1.383,0.553
-1.509,-0.339
-1.623,-0.065
-1.58,0.28
-1.789,-1.478
-1.871,-0.122
-1.798,0.495
-1.843,0.499
-1.855,-1.069
-1.959,0.574
-1.996,-0.164
-1.89,-1.625
-2.063,-1.769
-2.21,0.89
-2.075,-3.018
-2.307,-0.015
-2.206,-2.98
-2.394,0.191
-2.285,-2.215
-2.33,-1.712
-2.51,-0.462
-2.495,0.218
-2.512,0.678
-2.809,-0.404
-2.846,-2.783
-2.854,-1.51
-2.963,-1.626
-3.038,-1.338
-2.932,0.784
-2.925,0.165
-3.005,-3.038
3.109,-0.359
3.095,0.91
2.998,0.761
2.98,0.782
3.111,0.777
3.002,-2.585
3.048,-1.488
2.999,-0.365
2.83,0.87
2.836,-1.939
2.962,-0.347
2.881,-0.691
2.881,-2.358
2.851,0.685
2.586,-1.377
2.516,-1.459
2.318,-2.538
2.291,0.772
2.396,-0.811
2.387,0.045
2.221,-2.913
2.132,-1.115
2.1,-0.52
2.195,0.844
2.06,-1.267
2.153,0.808
2.167,-0.424
1.968,-2.999
1.946,-1.48
2.047,0.002
1.976,-1.02
1.965,-2.715
1.96,0.759
1.788,-2.749
1.86,-0.687
1.819,-2.293
1.69,-2.547
1.78,-1.166
1.671,-2.873
1.799,-1.885
1.724,-1.871
1.696,-2.981
1.547,-2.317
1.537,-2.722
1.658,-1.567
1.693,0.879
1.534,0.459
1.643,-2.551
1.55,-1.443
1.502,-1.206
1.39,-2.857
1.324,-1.301
1.403,-0.766
1.391,-1.923
1.168,-2.964
1.181,-0.282
1.271,0.459
1.243,-1.281
1.102,-2.552
1.009,0.308
1.115,-1.026
0.996,-0.181
1.009,-0.145
0.755,-2.33
0.816,-0.684
0.526,0.945
0.384,-1.789
0.501,-1.885
0.358,0.782
0.048,-0.402
-0.077,-1.167
-0.211,-2.546
-0.241,0.063
-0.148,0.545
-0.327,-0.881
-0.231,0.761
-0.401,-0.047
-0.585,-2.686
-0.818,-0.639
-0.969,0.863
-1.005,-2.693
-1.024,0.879
-0.951,0.091
-1.107,-2.76
-1.005,0.665
-1.168,-3.237
-1.201,-3.36
-1.232,-3.292
-1.301,-3.347
-2.065,-3.357
-2.39,-3.315
3.135,-3.242
1.923,-3.247
0.2,-3.152
-0.988,-3.126
-1.489,1.252
-1.541,1.368
-1.6,1.07
-1.866,1.107
-1.971,1.327
-1.968,1.004
-2.076,1.071
-2.325,1.226
-2.358,1.325
2.452,1.214
2.267,1.277
2.071,1.272
1.312,1.014
0.993,1.275
1.003,1.069
0.372,1.249
-0.477,0.914
-1.032,1.332
-1.275,-1.558
1.435,-0.089
-0.321,0.55
-1.27,0.145
-1.188,-2.537
-1.252,-0.56
-1.374,-0.556
-1.482,-2.252
2.425,0.506
2.403,-1.432
1.526,-1.466
0.79,-0.576
0.473,-0.592
-0.44,-2.087
-0.423,0.111
-0.618,-0.53
-0.623,-0.101
-0.722,0.546
-0.732,-0.27
-0.736,-1.071
-0.857,-2.127
-1.141,-0.596
-1.495,-0.414
-1.771,-0.332
2.507,-0.37
-0.934,-1.798
0.234,-2.894
-0.764,0.687
0.011,-3.125
-1.787,1.092
-0.145,0.845
-0.152,0.562
-0.233,1.816
-0.3,0.329
-0.36,-1.329
-0.302,0.378
-0.483,-0.744
-0.623,-0.803
-0.765,-1.787
-0.761,1.075
-0.778,0.097
-0.809,-1.179
-0.821,0.772
-0.906,0.24
-0.934,-1.15
-0.968,0.937
-0.925,0.666
-0.963,0.575
-1.035,0.539
-0.963,-1.831
-0.961,-1.753
-1.047,0.687
-1.069,-1.778
-1.079,-0.235
-1.071,0.417
-1.093,0.917
-1.166,0.881
-1.129,0.798
-1.567,-1.991
-2.054,-2.27
2.573,-1.939
2.204,-2.048
1.842,-2.051
1.657,-2.112
1.475,-2.097
1.234,-1.985
1.039,-2.177
0.422,-2.015
0.166,-2.216
-0.556,-2.29
-0.635,-2.198
-0.791,-2.147
-0.918,-2.257
-1.012,-1.985
-1.236,2.412
-1.397,2.342
-1.443,2.161
-1.465,2.21
-1.38,2.28
-1.626,2.265
-2.368,2.347
-2.911,2.361
-2.904,2.372
-2.956,2.218
3.123,2.198
-3.096,2.32
2.305,2.181
2.253,2.144
2.211,2.128
2.101,2.201
1.737,2.307
1.104,2.384
0.762,2.11
0.567,2.193
0.509,2.501
0.305,2.611
-0.001,2.185
-0.23,2.591
-0.411,2.208
-1.151,2.353
-1.207,2.417
-1.228,0.835
-1.276,-0.528
-1.33,-1.251
-1.278,-0.416
-1.419,-1.242
-1.613,0.751
-1.739,2.041
-1.853,2.013
2.866,1.853
2.295,-0.648
0.485,1.441
-0.098,1.49
-1.098,0.538
-1.247,1.987
-1.3,-1.766
-1.31,0.952
-1.206,-1.918
-1.309,-1.452
-1.221,0.57
-1.402,-1.921
-1.272,1.9
-1.411,-1.126
-1.407,-0.501
-1.32,-0.431
-1.363,1.712
-1.489,0.82
-1.603,1.094
-1.56,1.439
-1.769,-0.319
-1.851,1.037
-1.778,1.654
-1.823,1.658
-1.835,0.09
-1.939,1.733
-1.976,0.995
-1.87,-0.466
-2.043,-0.61
-2.19,2.049
-2.055,-1.859
-2.287,1.144
-2.186,-1.821
-2.374,1.35
-2.265,-1.056
-2.31,-0.553
-2.49,0.697
-2.475,1.377
-2.492,1.837
-2.789,0.755
-2.826,-1.624
-2.834,-0.351
-2.943,-0.467
-3.018,-0.179
-2.912,1.943
-2.905,1.324
-2.985,-1.879
3.129,0.8
3.115,2.069
3.018,1.92
3.0,1.941
3.131,1.936
3.022,-1.426
3.068,-0.329
3.019,0.794
2.85,2.029
2.856,-0.78
2.982,0.812
2.901,0.468
2.901,-1.199
2.871,1.844
2.606,-0.218
2.536,-0.3
2.338,-1.379
2.311,1.931
2.416,0.348
2.407,1.204
2.241,-1.754
2.152,0.044
2.12,0.639
2.215,2.003
2.08,-0.108
2.173,1.967
2.187,0.735
1.988,-1.84
1.966,-0.321
2.067,1.161
1.996,0.139
1.985,-1.556
1.98,1.918
1.808,-1.59
1.88,0.472
1.839,-1.134
1.71,-1.388
1.8,-0.007
1.691,-1.714
1.819,-0.726
1.744,-0.712
1.716,-1.822
1.567,-1.158
1.557,-1.563
1.678,-0.408
1.713,2.038
1.554,1.618
1.663,-1.392
1.57,-0.284
1.522,-0.047
1.41,-1.698
1.344,-0.142
1.423,0.393
1.411,-0.764
1.188,-1.805
1.201,0.877
1.291,1.618
1.263,-0.122
1.122,-1.393
1.029,1.467
1.135,0.133
1.016,0.978
1.029,1.014
0.775,-1.171
0.836,0.475
0.546,2.104
0.404,-0.63
0.521,-0.726
0.378,1.941
0.068,0.757
-0.057,-0.008
-0.191,-1.387
-0.221,1.222
-0.128,1.704
-0.307,0.278
-0.211,1.92
-0.381,1.112
-0.565,-1.527
-0.798,0.52
-0.949,2.022
-0.985,-1.534
-1.004,2.038
-0.931,1.25
-1.087,-1.601
-0.985,1.824
-1.148,-2.078
-1.181,-2.201
-1.212,-2.133
-1.281,-2.188
-2.045,-2.198
-2.37,-2.156
-3.128,-2.083
1.943,-2.088
0.22,-1.993
-0.968,-1.967
-1.469,2.411
-1.521,2.527
-1.58,2.229
-1.846,2.266
-1.951,2.486
-1.948,2.163
-2.056,2.23
-2.305,2.385
-2.338,2.484
2.472,2.373
2.287,2.436
2.091,2.431
1.332,2.173
1.013,2.434
1.023,2.228
0.392,2.408
-0.457,2.073
-1.012,2.491
-1.255,-0.399
1.455,1.07
-0.301,1.709
-1.25,1.304
-1.168,-1.378
-1.232,0.599
-1.354,0.603
-1.462,-1.093
2.445,1.665
2.423,-0.273
1.546,-0.307
0.81,0.583
0.493,0.567
-0.42,-0.928
-0.403,1.27
-0.598,0.629
-0.603,1.058
-0.702,1.705
-0.712,0.889
-0.716,0.088
-0.837,-0.968
-1.121,0.563
-1.475,0.745
-1.751,0.827
2.527,0.789
-0.914,-0.639
0.254,-1.735
-0.744,1.846
0.031,-1.966
-1.767,2.251
-0.007,-0.283
-0.088,0.971
-0.155,-0.516
-0.215,-2.174
-0.157,-0.467
-0.338,-1.589
-0.478,-1.648
-0.62,-2.632
-0.616,0.23
-0.633,-0.748
-0.664,-2.024
-0.676,-0.073
-0.761,-0.605
-0.789,-1.995
-0.823,0.092
-0.78,-0.179
-0.818,-0.27
-0.89,-0.306
-0.818,-2.676
-0.816,-2.598
-0.902,-0.158
-0.924,-2.623
-0.934,-1.08
-0.926,-0.428
-0.948,0.072
-1.021,0.036
-0.984,-0.047
-1.422,-2.836
-1.909,-3.115
2.718,-2.784
2.349,-2.893
1.987,-2.896
1.802,-2.957
1.62,-2.942
1.379,-2.83
1.184,-3.022
0.567,-2.86
0.311,-3.061
-0.411,-3.135
-0.49,-3.043
-0.646,-2.992
-0.773,-3.102
-0.867,-2.83
-1.091,1.567
-1.252,1.497
-1.298,1.316
-1.32,1.365
-1.235,1.435
-1.481,1.42
-2.223,1.502
-2.766,1.516
-2.759,1.527
-2.811,1.373
-3.015,1.353
-2.951,1.475
2.45,1.336
2.398,1.299
2.356,1.283
2.246,1.356
1.882,1.462
1.249,1.539
0.907,1.265
0.712,1.348
0.654,1.656
0.45,1.766
0.144,1.34
-0.085,1.746
-0.266,1.363
-1.006,1.508
-1.062,1.572
-1.083,-0.01
-1.131,-1.373
-1.185,-2.096
-1.133,-1.261
-1.274,-2.087
-1.468,-0.094
-1.594,1.196
-1.708,1.168
3.011,1.008
2.44,-1.493
0.63,0.596
0.047,0.645
-0.953,-0.307
-1.102,1.142
-1.155,-2.611
-1.165,0.107
-1.061,-2.763
-1.164,-2.297
-1.076,-0.275
-1.257,-2.766
-1.127,1.055
-1.266,-1.971
-1.262,-1.346
-1.175,-1.276
-1.218,0.867
-1.344,-0.025
-1.458,0.249
-1.415,0.594
-1.624,-1.164
-1.706,0.192
-1.633,0.809
-1.678,0.813
-1.69,-0.755
-1.794,0.888
-1.831,0.15
-1.725,-1.311
-1.898,-1.455
-2.045,1.204
-1.91,-2.704
-2.142,0.299
-2.041,-2.666
-2.229,0.505
-2.12,-1.901
-2.165,-1.398
-2.345,-0.148
-2.33,0.532
-2.347,0.992
-2.644,-0.09
-2.681,-2.469
-2.689,-1.196
-2.798,-1.312
-2.873,-1.024
-2.767,1.098
-2.76,0.479
-2.84,-2.724
-3.009,-0.045
-3.023,1.224
-3.12,1.075
-3.138,1.096
-3.007,1.091
-3.116,-2.271
-3.07,-1.174
-3.119,-0.051
2.995,1.184
3.001,-1.625
3.127,-0.033
3.046,-0.377
3.046,-2.044
3.016,0.999
2.751,-1.063
2.681,-1.145
2.483,-2.224
2.456,1.086
2.561,-0.497
2.552,0.359
2.386,-2.599
2.297,-0.801
2.265,-0.206
2.36,1.158
2.225,-0.953
2.318,1.122
2.332,-0.11
2.133,-2.685
2.111,-1.166
2.212,0.316
2.141,-0.706
2.13,-2.401
2.125,1.073
1.953,-2.435
2.025,-0.373
1.984,-1.979
1.855,-2.233
1.945,-0.852
1.836,-2.559
1.964,-1.571
1.889,-1.557
1.861,-2.667
1.712,-2.003
1.702,-2.408
1.823,-1.253
1.858,1.193
1.699,0.773
1.808,-2.237
1.715,-1.129
1.667,-0.892
1.555,-2.543
1.489,-0.987
1.568,-0.452
1.556,-1.609
1.333,-2.65
1.346,0.032
1.436,0.773
1.408,-0.967
1.267,-2.238
1.174,0.622
1.28,-0.712
1.161,0.133
1.174,0.169
0.92,-2.016
0.981,-0.37
0.691,1.259
0.549,-1.475
0.666,-1.571
0.523,1.096
0.213,-0.088
0.088,-0.853
-0.046,-2.232
-0.076,0.377
0.017,0.859
-0.162,-0.567
-0.066,1.075
-0.236,0.267
-0.42,-2.372
-0.653,-0.325
-0.804,1.177
-0.84,-2.379
-0.859,1.193
-0.786,0.405
-0.942,-2.446
-0.84,0.979
-1.003,-2.923
-1.036,-3.046
-1.067,-2.978
-1.136,-3.033
-1.9,-3.043
-2.225,-3.001
-2.983,-2.928
2.088,-2.933
0.365,-2.838
-0.823,-2.812
-1.324,1.566
-1.376,1.682
-1.435,1.384
-1.701,1.421
-1.806,1.641
-1.803,1.318
-1.911,1.385
-2.16,1.54
-2.193,1.639
2.617,1.528
2.432,1.591
2.236,1.586
1.477,1.328
1.158,1.589
1.168,1.383
0.537,1.563
-0.312,1.228
-0.867,1.646
-1.11,-1.244
1.6,0.225
-0.156,0.864
-1.105,0.459
-1.023,-2.223
-1.087,-0.246
-1.209,-0.242
-1.317,-1.938
2.59,0.82
2.568,-1.118
1.691,-1.152
0.955,-0.262
0.638,-0.278
-0.275,-1.773
-0.258,0.425
-0.453,-0.216
-0.458,0.213
-0.557,0.86
-0.567,0.044
-0.571,-0.757
-0.692,-1.813
-0.976,-0.282
-1.33,-0.1
-1.606,-0.018
2.672,-0.056
-0.769,-1.484
0.399,-2.58
-0.599,1.001
0.176,-2.811
-1.622,1.406
-0.081,1.254
-0.148,-0.233
-0.208,-1.891
-0.15,-0.184
-0.331,-1.306
-0.471,-1.365
-0.613,-2.349
-0.609,0.513
-0.626,-0.465
-0.657,-1.741
-0.669,0.21
-0.754,-0.322
-0.782,-1.712
-0.816,0.375
-0.773,0.104
-0.811,0.013
-0.883,-0.023
-0.811,-2.393
-0.809,-2.315
-0.895,0.125
-0.917,-2.34
-0.927,-0.797
-0.919,-0.145
-0.941,0.355
-1.014,0.319
-0.977,0.236
-1.415,-2.553
-1.902,-2.832
2.725,-2.501
2.356,-2.61
1.994,-2.613
1.809,-2.674
1.627,-2.659
1.386,-2.547
1.191,-2.739
0.574,-2.577
0.318,-2.778
-0.404,-2.852
-0.483,-2.76
-0.639,-2.709
-0.766,-2.819
-0.86,-2.547
-1.084,1.85
-1.245,1.78
-1.291,1.599
-1.313,1.648
-1.228,1.718
-1.474,1.703
-2.216,1.785
-2.759,1.799
-2.752,1.81
-2.804,1.656
-3.008,1.636
-2.944,1.758
2.457,1.619
2.405,1.582
2.363,1.566
2.253,1.639
1.889,1.745
1.256,1.822
0.914,1.548
0.719,1.631
0.661,1.939
0.457,2.049
0.151,1.623
-0.078,2.029
-0.259,1.646
-0.999,1.791
-1.055,1.855
-1.076,0.273
-1.124,-1.09
-1.178,-1.813
-1.126,-0.978
-1.267,-1.804
-1.461,0.189
-1.587,1.479
-1.701,1.451
3.018,1.291
2.447,-1.21
0.637,0.879
0.054,0.928
-0.946,-0.024
-1.095,1.425
-1.148,-2.328
-1.158,0.39
-1.054,-2.48
-1.157,-2.014
-1.069,0.008
-1.25,-2.483
-1.12,1.338
-1.259,-1.688
-1.255,-1.063
-1.168,-0.993
-1.211,1.15
-1.337,0.258
-1.451,0.532
-1.408,0.877
-1.617,-0.881
-1.699,0.475
-1.626,1.092
-1.671,1.096
-1.683,-0.472
-1.787,1.171
-1.824,0.433
-1.718,-1.028
-1.891,-1.172
-2.038,1.487
-1.903,-2.421
-2.135,0.582
-2.034,-2.383
-2.222,0.788
-2.113,-1.618
-2.158,-1.115
-2.338,0.135
-2.323,0.815
-2.34,1.275
-2.637,0.193
-2.674,-2.186
-2.682,-0.913
-2.791,-1.029
-2.866,-0.741
-2.76,1.381
-2.753,0.762
-2.833,-2.441
-3.002,0.238
-3.016,1.507
-3.113,1.358
-3.131,1.379
-3.0,1.374
-3.109,-1.988
-3.063,-0.891
-3.112,0.232
3.002,1.467
3.008,-1.342
3.134,0.25
3.053,-0.094
3.053,-1.761
3.023,1.282
2.758,-0.78
2.688,-0.862
2.49,-1.941
2.463,1.369
2.568,-0.214
2.559,0.642
2.393,-2.316
2.304,-0.518
2.272,0.077
2.367,1.441
2.232,-0.67
2.325,1.405
2.339,0.173
2.14,-2.402
2.118,-0.883
2.219,0.599
2.148,-0.423
2.137,-2.118
2.132,1.356
1.96,-2.152
2.032,-0.09
1.991,-1.696
1.862,-1.95
1.952,-0.569
1.843,-2.276
1.971,-1.288
1.896,-1.274
1.868,-2.384
1.719,-1.72
1.709,-2.125
1.83,-0.97
1.865,1.476
1.706,1.056
1.815,-1.954
1.722,-0.846
1.674,-0.609
1.562,-2.26
1.496,-0.704
1.575,-0.169
1.563,-1.326
1.34,-2.367
1.353,0.315
1.443,1.056
1.415,-0.684
1.274,-1.955
1.181,0.905
1.287,-0.429
1.168,0.416
1.181,0.452
0.927,-1.733
0.988,-0.087
0.698,1.542
0.556,-1.192
0.673,-1.288
0.53,1.379
0.22,0.195
0.095,-0.57
-0.039,-1.949
-0.069,0.66
0.024,1.142
-0.155,-0.284
-0.059,1.358
-0.229,0.55
-0.413,-2.089
-0.646,-0.042
-0.797,1.46
-0.833,-2.096
-0.852,1.476
-0.779,0.688
-0.935,-2.163
-0.833,1.262
-0.996,-2.64
-1.029,-2.763
-1.06,-2.695
-1.129,-2.75
-1.893,-2.76
-2.218,-2.718
-2.976,-2.645
2.095,-2.65
0.372,-2.555
-0.816,-2.529
-1.317,1.849
-1.369,1.965
-1.428,1.667
-1.694,1.704
-1.799,1.924
-1.796,1.601
-1.904,1.668
-2.153,1.823
-2.186,1.922
2.624,1.811
2.439,1.874
2.243,1.869
1.484,1.611
1.165,1.872
1.175,1.666
0.544,1.846
-0.305,1.511
-0.86,1.929
-1.103,-0.961
1.607,0.508
-0.149,1.147
-1.098,0.742
-1.016,-1.94
-1.08,0.037
-1.202,0.041
-1.31,-1.655
2.597,1.103
2.575,-0.835
1.698,-0.869
0.962,0.021
0.645,0.005
-0.268,-1.49
-0.251,0.708
-0.446,0.067
-0.451,0.496
-0.55,1.143
-0.56,0.327
-0.564,-0.474
-0.685,-1.53
-0.969,0.001
-1.323,0.183
-1.599,0.265
2.679,0.227
-0.762,-1.201
0.406,-2.297
-0.592,1.284
0.183,-2.528
-1.615,1.689
-0.067,-1.487
-0.127,-3.145
-0.069,-1.438
-0.25,-2.56
-0.39,-2.619
-0.532,-3.603
-0.528,-0.741
-0.545,-1.719
-0.576,-2.995
-0.588,-1.044
-0.673,-1.576
-0.701,-2.966
-0.735,-0.879
-0.692,-1.15
-0.73,-1.241
-0.802,-1.277
-0.73,-3.647
-0.728,-3.569
-0.814,-1.129
-0.836,-3.594
-0.846,-2.051
-0.838,-1.399
-0.86,-0.899
-0.933,-0.935
-0.896,-1.018
-1.334,-3.807
-1.821,-4.086
2.806,-3.755
2.437,-3.864
2.075,-3.867
1.89,-3.928
1.708,-3.913
1.467,-3.801
1.272,-3.993
0.655,-3.831
0.399,-4.032
-0.323,-4.106
-0.402,-4.014
-0.558,-3.963
-0.685,-4.073
-0.779,-3.801
-1.003,0.596
-1.164,0.526
-1.21,0.345
-1.232,0.394
-1.147,0.464
-1.393,0.449
-2.135,0.531
-2.678,0.545
-2.671,0.556
-2.723,0.402
-2.927,0.382
-2.863,0.504
2.538,0.365
2.486,0.328
2.444,0.312
2.334,0.385
1.97,0.491
1.337,0.568
0.995,0.294
0.8,0.377
0.742,0.685
0.538,0.795
0.232,0.369
0.003,0.775
-0.178,0.392
-0.918,0.537
-0.974,0.601
-0.995,-0.981
-1.043,-2.344
-1.097,-3.067
-1.045,-2.232
-1.186,-3.058
-1.38,-1.065
-1.506,0.225
-1.62,0.197
3.099,0.037
2.528,-2.464
0.718,-0.375
0.135,-0.326
-0.865,-1.278
-1.014,0.171
-1.067,-3.582
-1.077,-0.864
-0.973,-3.734
-1.076,-3.268
-0.988,-1.246
-1.169,-3.737
-1.039,0.084
-1.178,-2.942
-1.174,-2.317
-1.087,-2.247
-1.13,-0.104
-1.256,-0.996
-1.37,-0.722
-1.327,-0.377
-1.536,-2.135
-1.618,-0.779
-1.545,-0.162
-1.59,-0.158
-1.602,-1.726
-1.706,-0.083
-1.743,-0.821
-1.637,-2.282
-1.81,-2.426
-1.957,0.233
-1.822,-3.675
-2.054,-0.672
-1.953,-3.637
-2.141,-0.466
-2.032,-2.872
-2.077,-2.369
-2.257,-1.119
-2.242,-0.439
-2.259,0.021
-2.556,-1.061
-2.593,-3.44
-2.601,-2.167
-2.71,-2.283
-2.785,-1.995
-2.679,0.127
-2.672,-0.492
-2.752,-3.695
-2.921,-1.016
-2.935,0.253
-3.032,0.104
-3.05,0.125
-2.919,0.12
-3.028,-3.242
-2.982,-2.145
-3.031,-1.022
3.083,0.213
3.089,-2.596
-3.068,-1.004
3.134,-1.348
3.134,-3.015
3.104,0.028
2.839,-2.034
2.769,-2.116
2.571,-3.195
2.544,0.115
2.649,-1.468
2.64,-0.612
2.474,-3.57
2.385,-1.772
2.353,-1.177
2.448,0.187
2.313,-1.924
2.406,0.151
2.42,-1.081
2.221,-3.656
2.199,-2.137
2.3,-0.655
2.229,-1.677
2.218,-3.372
2.213,0.102
2.041,-3.406
2.113,-1.344
2.072,-2.95
1.943,-3.204
2.033,-1.823
1.924,-3.53
2.052,-2.542
1.977,-2.528
1.949,-3.638
1.8,-2.974
1.79,-3.379
1.911,-2.224
1.946,0.222
1.787,-0.198
1.896,-3.208
1.803,-2.1
1.755,-1.863
1.643,-3.514
1.577,-1.958
1.656,-1.423
1.644,-2.58
1.421,-3.621
1.434,-0.939
1.524,-0.198
1.496,-1.938
1.355,-3.209
1.262,-0.349
1.368,-1.683
1.249,-0.838
1.262,-0.802
1.008,-2.987
1.069,-1.341
0.779,0.288
0.637,-2.446
0.754,-2.542
0.611,0.125
0.301,-1.059
0.176,-1.824
0.042,-3.203
0.012,-0.594
0.105,-0.112
-0.074,-1.538
0.022,0.104
-0.148,-0.704
-0.332,-3.343
-0.565,-1.296
-0.716,0.206
-0.752,-3.35
-0.771,0.222
-0.698,-0.566
-0.854,-3.417
-0.752,0.008
-0.915,-3.894
-0.948,-4.017
-0.979,-3.949
-1.048,-4.004
-1.812,-4.014
-2.137,-3.972
-2.895,-3.899
2.176,-3.904
0.453,-3.809
-0.735,-3.783
-1.236,0.595
-1.288,0.711
-1.347,0.413
-1.613,0.45
-1.718,0.67
-1.715,0.347
-1.823,0.414
-2.072,0.569
-2.105,0.668
2.705,0.557
2.52,0.62
2.324,0.615
1.565,0.357
1.246,0.618
1.256,0.412
0.625,0.592
-0.224,0.257
-0.779,0.675
-1.022,-2.215
1.688,-0.746
-0.068,-0.107
-1.017,-0.512
-0.935,-3.194
-0.999,-1.217
-1.121,-1.213
-1.229,-2.909
2.678,-0.151
2.656,-2.089
1.779,-2.123
1.043,-1.233
0.726,-1.249
-0.187,-2.744
-0.17,-0.546
-0.365,-1.187
-0.37,-0.758
-0.469,-0.111
-0.479,-0.927
-0.483,-1.728
-0.604,-2.784
-0.888,-1.253
-1.242,-1.071
-1.518,-0.989
2.76,-1.027
-0.681,-2.455
0.487,-3.551
-0.511,0.03
0.264,-3.782
-1.534,0.435
-0.06,-1.658
-0.002,0.049
-0.183,-1.073
-0.323,-1.132
-0.465,-2.116
-0.461,0.746
-0.478,-0.232
-0.509,-1.508
-0.521,0.443
-0.606,-0.089
-0.634,-1.479
-0.668,0.608
-0.625,0.337
-0.663,0.246
-0.735,0.21
-0.663,-2.16
-0.661,-2.082
-0.747,0.358
-0.769,-2.107
-0.779,-0.564
-0.771,0.088
-0.793,0.588
-0.866,0.552
-0.829,0.469
-1.267,-2.32
-1.754,-2.599
2.873,-2.268
2.504,-2.377
2.142,-2.38
1.957,-2.441
1.775,-2.426
1.534,-2.314
1.339,-2.506
0.722,-2.344
0.466,-2.545
-0.256,-2.619
-0.335,-2.527
-0.491,-2.476
-0.618,-2.586
-0.712,-2.314
-0.936,2.083
-1.097,2.013
-1.143,1.832
-1.165,1.881
-1.08,1.951
-1.326,1.936
-2.068,2.018
-2.611,2.032
-2.604,2.043
-2.656,1.889
-2.86,1.869
-2.796,1.991
2.605,1.852
2.553,1.815
2.511,1.799
2.401,1.872
2.037,1.978
1.404,2.055
1.062,1.781
0.867,1.864
0.809,2.172
0.605,2.282
0.299,1.856
0.07,2.262
-0.111,1.879
-0.851,2.024
-0.907,2.088
-0.928,0.506
-0.976,-0.857
-1.03,-1.58
-0.978,-0.745
-1.119,-1.571
-1.313,0.422
-1.439,1.712
-1.553,1.684
-3.117,1.524
2.595,-0.977
0.785,1.112
0.202,1.161
-0.798,0.209
-0.947,1.658
-1.0,-2.095
-1.01,0.623
-0.906,-2.247
-1.009,-1.781
-0.921,0.241
-1.102,-2.25
-0.972,1.571
-1.111,-1.455
-1.107,-0.83
-1.02,-0.76
-1.063,1.383
-1.189,0.491
-1.303,0.765
-1.26,1.11
-1.469,-0.648
-1.551,0.708
-1.478,1.325
-1.523,1.329
-1.535,-0.239
-1.639,1.404
-1.676,0.666
-1.57,-0.795
-1.743,-0.939
-1.89,1.72
-1.755,-2.188
-1.987,0.815
-1.886,-2.15
-2.074,1.021
-1.965,-1.385
-2.01,-0.882
-2.19,0.368
-2.175,1.048
-2.192,1.508
-2.489,0.426
-2.526,-1.953
-2.534,-0.68
-2.643,-0.796
-2.718,-0.508
-2.612,1.614
-2.605,0.995
-2.685,-2.208
-2.854,0.471
-2.868,1.74
-2.965,1.591
-2.983,1.612
-2.852,1.607
-2.961,-1.755
-2.915,-0.658
-2.964,0.465
-3.133,1.7
-3.127,-1.109
-3.001,0.483
-3.082,0.139
-3.082,-1.528
-3.112,1.515
2.906,-0.547
2.836,-0.629
2.638,-1.708
2.611,1.602
2.716,0.019
2.707,0.875
2.541,-2.083
2.452,-0.285
2.42,0.31
2.515,1.674
2.38,-0.437
2.473,1.638
2.487,0.406
2.288,-2.169
2.266,-0.65
2.367,0.832
2.296,-0.19
2.285,-1.885
2.28,1.589
2.108,-1.919
2.18,0.143
2.139,-1.463
2.01,-1.717
2.1,-0.336
1.991,-2.043
2.119,-1.055
2.044,-1.041
2.016,-2.151
1.867,-1.487
1.857,-1.892
1.978,-0.737
2.013,1.709
1.854,1.289
1.963,-1.721
1.87,-0.613
1.822,-0.376
1.71,-2.027
1.644,-0.471
1.723,0.064
1.711,-1.093
1.488,-2.134
1.501,0.548
1.591,1.289
1.563,-0.451
1.422,-1.722
1.329,1.138
1.435,-0.196
1.316,0.649
1.329,0.685
1.075,-1.5
1.136,0.146
0.846,1.775
0.704,-0.959
0.821,-1.055
0.678,1.612
0.368,0.428
0.243,-0.337
0.109,-1.716
0.079,0.893
0.172,1.375
-0.007,-0.051
0.089,1.591
-0.081,0.783
-0.265,-1.856
-0.498,0.191
-0.649,1.693
-0.685,-1.863
-0.704,1.709
-0.631,0.921
-0.787,-1.93
-0.685,1.495
-0.848,-2.407
-0.881,-2.53
-0.912,-2.462
-0.981,-2.517
-1.745,-2.527
-2.07,-2.485
-2.828,-2.412
2.243,-2.417
0.52,-2.322
-0.668,-2.296
-1.169,2.082
-1.221,2.198
-1.28,1.9
-1.546,1.937
-1.651,2.157
-1.648,1.834
-1.756,1.901
-2.005,2.056
-2.038,2.155
2.772,2.044
2.587,2.107
2.391,2.102
1.632,1.844
1.313,2.105
1.323,1.899
0.692,2.079
-0.157,1.744
-0.712,2.162
-0.955,-0.728
1.755,0.741
-0.001,1.38
-0.95,0.975
-0.868,-1.707
-0.932,0.27
-1.054,0.274
-1.162,-1.422
2.745,1.336
2.723,-0.602
1.846,-0.636
1.11,0.254
0.793,0.238
-0.12,-1.257
-0.103,0.941
-0.298,0.3
-0.303,0.729
-0.402,1.376
-0.412,0.56
-0.416,-0.241
-0.537,-1.297
-0.821,0.234
-1.175,0.416
-1.451,0.498
2.827,0.46
-0.614,-0.968
0.554,-2.064
-0.444,1.517
0.331,-2.295
-1.467,1.922
0.058,1.707
-0.123,0.585
-0.263,0.526
-0.405,-0.458
-0.401,2.404
-0.418,1.426
-0.449,0.15
-0.461,2.101
-0.546,1.569
-0.574,0.179
-0.608,2.266
-0.565,1.995
-0.603,1.904
-0.675,1.868
-0.603,-0.502
-0.601,-0.424
-0.687,2.016
-0.709,-0.449
-0.719,1.094
-0.711,1.746
-0.733,2.246
-0.806,2.21
-0.769,2.127
-1.207,-0.662
-1.694,-0.941
2.933,-0.61
2.564,-0.719
2.202,-0.722
2.017,-0.783
1.835,-0.768
1.594,-0.656
1.399,-0.848
0.782,-0.686
0.526,-0.887
-0.196,-0.961
-0.275,-0.869
-0.431,-0.818
-0.558,-0.928
-0.652,-0.656
-0.876,3.741
-1.037,3.671
-1.083,3.49
-1.105,3.539
-1.02,3.609
-1.266,3.594
-2.008,3.676
-2.551,3.69
-2.544,3.701
-2.596,3.547
-2.8,3.527
-2.736,3.649
2.665,3.51
2.613,3.473
2.571,3.457
2.461,3.53
2.097,3.636
1.464,3.713
1.122,3.439
0.927,3.522
0.869,3.83
0.665,3.94
0.359,3.514
0.13,3.92
-0.051,3.537
-0.791,3.682
-0.847,3.746
-0.868,2.164
-0.916,0.801
-0.97,0.078
-0.918,0.913
-1.059,0.087
-1.253,2.08
-1.379,3.37
-1.493,3.342
-3.057,3.182
2.655,0.681
0.845,2.77
0.262,2.819
-0.738,1.867
-0.887,3.316
-0.94,-0.437
-0.95,2.281
-0.846,-0.589
-0.949,-0.123
-0.861,1.899
-1.042,-0.592
-0.912,3.229
-1.051,0.203
-1.047,0.828
-0.96,0.898
-1.003,3.041
-1.129,2.149
-1.243,2.423
-1.2,2.768
-1.409,1.01
-1.491,2.366
-1.418,2.983
-1.463,2.987
-1.475,1.419
-1.579,3.062
-1.616,2.324
-1.51,0.863
-1.683,0.719
-1.83,3.378
-1.695,-0.53
-1.927,2.473
-1.826,-0.492
-2.014,2.679
-1.905,0.273
-1.95,0.776
-2.13,2.026
-2.115,2.706
-2.132,3.166
-2.429,2.084
-2.466,-0.295
-2.474,0.978
-2.583,0.862
-2.658,1.15
-2.552,3.272
-2.545,2.653
-2.625,-0.55
-2.794,2.129
-2.808,3.398
-2.905,3.249
-2.923,3.27
-2.792,3.265
-2.901,-0.097
-2.855,1.0
-2.904,2.123
-3.073,3.358
-3.067,0.549
-2.941,2.141
-3.022,1.797
-3.022,0.13
-3.052,3.173
2.966,1.111
2.896,1.029
2.698,-0.05
2.671,3.26
2.776,1.677
2.767,2.533
2.601,-0.425
2.512,1.373
2.48,1.968
2.575,3.332
2.44,1.221
2.533,3.296
2.547,2.064
2.348,-0.511
2.326,1.008
2.427,2.49
2.356,1.468
2.345,-0.227
2.34,3.247
2.168,-0.261
2.24,1.801
2.199,0.195
2.07,-0.059
2.16,1.322
2.051,-0.385
2.179,0.603
2.104,0.617
2.076,-0.493
1.927,0.171
1.917,-0.234
2.038,0.921
2.073,3.367
1.914,2.947
2.023,-0.063
1.93,1.045
1.882,1.282
1.77,-0.369
1.704,1.187
1.783,1.722
1.771,0.565
1.548,-0.476
1.561,2.206
1.651,2.947
1.623,1.207
1.482,-0.064
1.389,2.796
1.495,1.462
1.376,2.307
1.389,2.343
1.135,0.158
1.196,1.804
0.906,3.433
0.764,0.699
0.881,0.603
0.738,3.27
0.428,2.086
0.303,1.321
0.169,-0.058
0.139,2.551
0.232,3.033
0.053,1.607
0.149,3.249
-0.021,2.441
-0.205,-0.198
-0.438,1.849
-0.589,3.351
-0.625,-0.205
-0.644,3.367
-0.571,2.579
-0.727,-0.272
-0.625,3.153
-0.788,-0.749
-0.821,-0.872
-0.852,-0.804
-0.921,-0.859
-1.685,-0.869
-2.01,-0.827
-2.768,-0.754
2.303,-0.759
0.58,-0.664
-0.608,-0.638
-1.109,3.74
-1.161,3.856
-1.22,3.558
-1.486,3.595
-1.591,3.815
-1.588,3.492
-1.696,3.559
-1.945,3.714
-1.978,3.813
2.832,3.702
2.647,3.765
2.451,3.76
1.692,3.502
1.373,3.763
1.383,3.557
0.752,3.737
-0.097,3.402
-0.652,3.82
-0.895,0.93
1.815,2.399
0.059,3.038
-0.89,2.633
-0.808,-0.049
-0.872,1.928
-0.994,1.932
-1.102,0.236
2.805,2.994
2.783,1.056
1.906,1.022
1.17,1.912
0.853,1.896
-0.06,0.401
-0.043,2.599
-0.238,1.958
-0.243,2.387
-0.342,3.034
-0.352,2.218
-0.356,1.417
-0.477,0.361
-0.761,1.892
-1.115,2.074
-1.391,2.156
2.887,2.118
-0.554,0.69
0.614,-0.406
-0.384,3.175
0.391,-0.637
-1.407,3.58
-0.181,-1.122
-0.321,-1.181
-0.463,-2.165
-0.459,0.697
-0.476,-0.281
-0.507,-1.557
-0.519,0.394
-0.604,-0.138
-0.632,-1.528
-0.666,0.559
-0.623,0.288
-0.661,0.197
-0.733,0.161
-0.661,-2.209
-0.659,-2.131
-0.745,0.309
-0.767,-2.156
-0.777,-0.613
-0.769,0.039
-0.791,0.539
-0.864,0.503
-0.827,0.42
-1.265,-2.369
-1.752,-2.648
2.875,-2.317
2.506,-2.426
2.144,-2.429
1.959,-2.49
1.777,-2.475
1.536,-2.363
1.341,-2.555
0.724,-2.393
0.468,-2.594
-0.254,-2.668
-0.333,-2.576
-0.489,-2.525
-0.616,-2.635
-0.71,-2.363
-0.934,2.034
-1.095,1.964
-1.141,1.783
-1.163,1.832
-1.078,1.902
-1.324,1.887
-2.066,1.969
-2.609,1.983
-2.602,1.994
-2.654,1.84
-2.858,1.82
-2.794,1.942
2.607,1.803
2.555,1.766
2.513,1.75
2.403,1.823
2.039,1.929
1.406,2.006
1.064,1.732
0.869,1.815
0.811,2.123
0.607,2.233
0.301,1.807
0.072,2.213
-0.109,1.83
-0.849,1.975
-0.905,2.039
-0.926,0.457
-0.974,-0.906
-1.028,-1.629
-0.976,-0.794
-1.117,-1.62
-1.311,0.373
-1.437,1.663
-1.551,1.635
-3.115,1.475
2.597,-1.026
0.787,1.063
0.204,1.112
-0.796,0.16
-0.945,1.609
-0.998,-2.144
-1.008,0.574
-0.904,-2.296
-1.007,-1.83
-0.919,0.192
-1.1,-2.299
-0.97,1.522
-1.109,-1.504
-1.105,-0.879
-1.018,-0.809
-1.061,1.334
-1.187,0.442
-1.301,0.716
-1.258,1.061
-1.467,-0.697
-1.549,0.659
-1.476,1.276
-1.521,1.28
-1.533,-0.288
-1.637,1.355
-1.674,0.617
-1.568,-0.844
-1.741,-0.988
-1.888,1.671
-1.753,-2.237
-1.985,0.766
-1.884,-2.199
-2.072,0.972
-1.963,-1.434
-2.008,-0.931
-2.188,0.319
-2.173,0.999
-2.19,1.459
-2.487,0.377
-2.524,-2.002
-2.532,-0.729
-2.641,-0.845
-2.716,-0.557
-2.61,1.565
-2.603,0.946
-2.683,-2.257
-2.852,0.422
-2.866,1.691
-2.963,1.542
-2.981,1.563
-2.85,1.558
-2.959,-1.804
-2.913,-0.707
-2.962,0.416
-3.131,1.651
-3.125,-1.158
-2.999,0.434
-3.08,0.09
-3.08,-1.577
-3.11,1.466
2.908,-0.596
2.838,-0.678
2.64,-1.757
2.613,1.553
2.718,-0.03
2.709,0.826
2.543,-2.132
2.454,-0.334
2.422,0.261
2.517,1.625
2.382,-0.486
2.475,1.589
2.489,0.357
2.29,-2.218
2.268,-0.699
2.369,0.783
2.298,-0.239
2.287,-1.934
2.282,1.54
2.11,-1.968
2.182,0.094
2.141,-1.512
2.012,-1.766
2.102,-0.385
1.993,-2.092
2.121,-1.104
2.046,-1.09
2.018,-2.2
1.869,-1.536
1.859,-1.941
1.98,-0.786
2.015,1.66
1.856,1.24
1.965,-1.77
1.872,-0.662
1.824,-0.425
1.712,-2.076
1.646,-0.52
1.725,0.015
1.713,-1.142
1.49,-2.183
1.503,0.499
1.593,1.24
1.565,-0.5
1.424,-1.771
1.331,1.089
1.437,-0.245
1.318,0.6
1.331,0.636
1.077,-1.549
1.138,0.097
0.848,1.726
0.706,-1.008
0.823,-1.104
0.68,1.563
0.37,0.379
0.245,-0.386
0.111,-1.765
0.081,0.844
0.174,1.326
-0.005,-0.1
0.091,1.542
-0.079,0.734
-0.263,-1.905
-0.496,0.142
-0.647,1.644
-0.683,-1.912
-0.702,1.66
-0.629,0.872
-0.785,-1.979
-0.683,1.446
-0.846,-2.456
-0.879,-2.579
-0.91,-2.511
-0.979,-2.566
-1.743,-2.576
-2.068,-2.534
-2.826,-2.461
2.245,-2.466
0.522,-2.371
-0.666,-2.345
-1.167,2.033
-1.219,2.149
-1.278,1.851
-1.544,1.888
-1.649,2.108
-1.646,1.785
-1.754,1.852
-2.003,2.007
-2.036,2.106
2.774,1.995
2.589,2.058
2.393,2.053
1.634,1.795
1.315,2.056
1.325,1.85
0.694,2.03
-0.155,1.695
-0.71,2.113
-0.953,-0.777
1.757,0.692
0.001,1.331
-0.948,0.926
-0.866,-1.756
-0.93,0.221
-1.052,0.225
-1.16,-1.471
2.747,1.287
2.725,-0.651
1.848,-0.685
1.112,0.205
0.795,0.189
-0.118,-1.306
-0.101,0.892
-0.296,0.251
-0.301,0.68
-0.4,1.327
-0.41,0.511
-0.414,-0.29
-0.535,-1.346
-0.819,0.185
-1.173,0.367
-1.449,0.449
2.829,0.411
-0.612,-1.017
0.556,-2.113
-0.442,1.468
0.333,-2.344
-1.465,1.873
-0.14,-0.059
-0.282,-1.043
-0.278,1.819
-0.295,0.841
-0.326,-0.435
-0.338,1.516
-0.423,0.984
-0.451,-0.406
-0.485,1.681
-0.442,1.41
-0.48,1.319
-0.552,1.283
-0.48,-1.087
-0.478,-1.009
-0.564,1.431
-0.586,-1.034
-0.596,0.509
-0.588,1.161
-0.61,1.661
-0.683,1.625
-0.646,1.542
-1.084,-1.247
-1.571,-1.526
3.056,-1.195
2.687,-1.304
2.325,-1.307
2.14,-1.368
1.958,-1.353
1.717,-1.241
1.522,-1.433
0.905,-1.271
0.649,-1.472
-0.073,-1.546
-0.152,-1.454
-0.308,-1.403
-0.435,-1.513
-0.529,-1.241
-0.753,3.156
-0.914,3.086
-0.96,2.905
-0.982,2.954
-0.897,3.024
-1.143,3.009
-1.885,3.091
-2.428,3.105
-2.421,3.116
-2.473,2.962
-2.677,2.942
-2.613,3.064
2.788,2.925
2.736,2.888
2.694,2.872
2.584,2.945
2.22,3.051
1.587,3.128
1.245,2.854
1.05,2.937
0.992,3.245
0.788,3.355
0.482,2.929
0.253,3.335
0.072,2.952
-0.668,3.097
-0.724,3.161
-0.745,1.579
-0.793,0.216
-0.847,-0.507
-0.795,0.328
-0.936,-0.498
-1.13,1.495
-1.256,2.785
-1.37,2.757
-2.934,2.597
2.778,0.096
0.968,2.185
0.385,2.234
-0.615,1.282
-0.764,2.731
-0.817,-1.022
-0.827,1.696
-0.723,-1.174
-0.826,-0.708
-0.738,1.314
-0.919,-1.177
-0.789,2.644
-0.928,-0.382
-0.924,0.243
-0.837,0.313
-0.88,2.456
-1.006,1.564
-1.12,1.838
-1.077,2.183
-1.286,0.425
-1.368,1.781
-1.295,2.398
-1.34,2.402
-1.352,0.834
-1.456,2.477
-1.493,1.739
-1.387,0.278
-1.56,0.134
-1.707,2.793
-1.572,-1.115
-1.804,1.888
-1.703,-1.077
-1.891,2.094
-1.782,-0.312
-1.827,0.191
-2.007,1.441
-1.992,2.121
-2.009,2.581
-2.306,1.499
-2.343,-0.88
-2.351,0.393
-2.46,0.277
-2.535,0.565
-2.429,2.687
-2.422,2.068
-2.502,-1.135
-2.671,1.544
-2.685,2.813
-2.782,2.664
-2.8,2.685
-2.669,2.68
-2.778,-0.682
-2.732,0.415
-2.781,1.538
-2.95,2.773
-2.944,-0.036
-2.818,1.556
-2.899,1.212
-2.899,-0.455
-2.929,2.588
3.089,0.526
3.019,0.444
2.821,-0.635
2.794,2.675
2.899,1.092
2.89,1.948
2.724,-1.01
2.635,0.788
2.603,1.383
2.698,2.747
2.563,0.636
2.656,2.711
2.67,1.479
2.471,-1.096
2.449,0.423
2.55,1.905
2.479,0.883
2.468,-0.812
2.463,2.662
2.291,-0.846
2.363,1.216
2.322,-0.39
2.193,-0.644
2.283,0.737
2.174,-0.97
2.302,0.018
2.227,0.032
2.199,-1.078
2.05,-0.414
2.04,-0.819
2.161,0.336
2.196,2.782
2.037,2.362
2.146,-0.648
2.053,0.46
2.005,0.697
1.893,-0.954
1.827,0.602
1.906,1.137
1.894,-0.02
1.671,-1.061
1.684,1.621
1.774,2.362
1.746,0.622
1.605,-0.649
1.512,2.211
1.618,0.877
1.499,1.722
1.512,1.758
1.258,-0.427
1.319,1.219
1.029,2.848
0.887,0.114
1.004,0.018
0.861,2.685
0.551,1.501
0.426,0.736
0.292,-0.643
0.262,1.966
0.355,2.448
0.176,1.022
0.272,2.664
0.102,1.856
-0.082,-0.783
-0.315,1.264
-0.466,2.766
-0.502,-0.79
-0.521,2.782
-0.448,1.994
-0.604,-0.857
-0.502,2.568
-0.665,-1.334
-0.698,-1.457
-0.729,-1.389
-0.798,-1.444
-1.562,-1.454
-1.887,-1.412
-2.645,-1.339
2.426,-1.344
0.703,-1.249
-0.485,-1.223
-0.986,3.155
-1.038,3.271
-1.097,2.973
-1.363,3.01
-1.468,3.23
-1.465,2.907
-1.573,2.974
-1.822,3.129
-1.855,3.228
2.955,3.117
2.77,3.18
2.574,3.175
1.815,2.917
1.496,3.178
1.506,2.972
0.875,3.152
0.026,2.817
-0.529,3.235
-0.772,0.345
1.938,1.814
0.182,2.453
-0.767,2.048
-0.685,-0.634
-0.749,1.343
-0.871,1.347
-0.979,-0.349
2.928,2.409
2.906,0.471
2.029,0.437
1.293,1.327
0.976,1.311
0.063,-0.184
0.08,2.014
-0.115,1.373
-0.12,1.802
-0.219,2.449
-0.229,1.633
-0.233,0.832
-0.354,-0.224
-0.638,1.307
-0.992,1.489
-1.268,1.571
3.01,1.533
-0.431,0.105
0.737,-0.991
-0.261,2.59
0.514,-1.222
-1.284,2.995
-0.142,-0.984
-0.138,1.878
-0.155,0.9
-0.186,-0.376
-0.198,1.575
-0.283,1.043
-0.311,-0.347
-0.345,1.74
-0.302,1.469
-0.34,1.378
-0.412,1.342
-0.34,-1.028
-0.338,-0.95
-0.424,1.49
-0.446,-0.975
-0.456,0.568
-0.448,1.22
-0.47,1.72
-0.543,1.684
-0.506,1.601
-0.944,-1.188
-1.431,-1.467
-3.087,-1.136
2.827,-1.245
2.465,-1.248
2.28,-1.309
2.098,-1.294
1.857,-1.182
1.662,-1.374
1.045,-1.212
0.789,-1.413
0.067,-1.487
-0.012,-1.395
-0.168,-1.344
-0.295,-1.454
-0.389,-1.182
-0.613,3.215
-0.774,3.145
-0.82,2.964
-0.842,3.013
-0.757,3.083
-1.003,3.068
-1.745,3.15
-2.288,3.164
-2.281,3.175
-2.333,3.021
-2.537,3.001
-2.473,3.123
2.928,2.984
2.876,2.947
2.834,2.931
2.724,3.004
2.36,3.11
1.727,3.187
1.385,2.913
1.19,2.996
1.132,3.304
0.928,3.414
0.622,2.988
0.393,3.394
0.212,3.011
-0.528,3.156
-0.584,3.22
-0.605,1.638
-0.653,0.275
-0.707,-0.448
-0.655,0.387
-0.796,-0.439
-0.99,1.554
-1.116,2.844
-1.23,2.816
-2.794,2.656
2.918,0.155
1.108,2.244
0.525,2.293
-0.475,1.341
-0.624,2.79
-0.677,-0.963
-0.687,1.755
-0.583,-1.115
-0.686,-0.649
-0.598,1.373
-0.779,-1.118
-0.649,2.703
-0.788,-0.323
-0.784,0.302
-0.697,0.372
-0.74,2.515
-0.866,1.623
-0.98,1.897
-0.937,2.242
-1.146,0.484
-1.228,1.84
-1.155,2.457
-1.2,2.461
-1.212,0.893
-1.316,2.536
-1.353,1.798
-1.247,0.337
-1.42,0.193
-1.567,2.852
-1.432,-1.056
-1.664,1.947
-1.563,-1.018
-1.751,2.153
-1.642,-0.253
-1.687,0.25
-1.867,1.5
-1.852,2.18
-1.869,2.64
-2.166,1.558
-2.203,-0.821
-2.211,0.452
-2.32,0.336
-2.395,0.624
-2.289,2.746
-2.282,2.127
-2.362,-1.076
-2.531,1.603
-2.545,2.872
-2.642,2.723
-2.66,2.744
-2.529,2.739
-2.638,-0.623
-2.592,0.474
-2.641,1.597
-2.81,2.832
-2.804,0.023
-2.678,1.615
-2.759,1.271
-2.759,-0.396
-2.789,2.647
-3.054,0.585
-3.124,0.503
2.961,-0.576
2.934,2.734
3.039,1.151
3.03,2.007
2.864,-0.951
2.775,0.847
2.743,1.442
2.838,2.806
2.703,0.695
2.796,2.77
2.81,1.538
2.611,-1.037
2.589,0.482
2.69,1.964
2.619,0.942
2.608,-0.753
2.603,2.721
2.431,-0.787
2.503,1.275
2.462,-0.331
2.333,-0.585
2.423,0.796
2.314,-0.911
2.442,0.077
2.367,0.091
2.339,-1.019
2.19,-0.355
2.18,-0.76
2.301,0.395
2.336,2.841
2.177,2.421
2.286,-0.589
2.193,0.519
2.145,0.756
2.033,-0.895
1.967,0.661
2.046,1.196
2.034,0.039
1.811,-1.002
1.824,1.68
1.914,2.421
1.886,0.681
1.745,-0.59
1.652,2.27
1.758,0.936
1.639,1.781
1.652,1.817
1.398,-0.368
1.459,1.278
1.169,2.907
1.027,0.173
1.144,0.077
1.001,2.744
0.691,1.56
0.566,0.795
0.432,-0.584
0.402,2.025
0.495,2.507
0.316,1.081
0.412,2.723
0.242,1.915
0.058,-0.724
-0.175,1.323
-0.326,2.825
-0.362,-0.731
-0.381,2.841
-0.308,2.053
-0.464,-0.798
-0.362,2.627
-0.525,-1.275
-0.558,-1.398
-0.589,-1.33
-0.658,-1.385
-1.422,-1.395
-1.747,-1.353
-2.505,-1.28
2.566,-1.285
0.843,-1.19
-0.345,-1.164
-0.846,3.214
-0.898,3.33
-0.957,3.032
-1.223,3.069
-1.328,3.289
-1.325,2.966
-1.433,3.033
-1.682,3.188
-1.715,3.287
3.095,3.176
2.91,3.239
2.714,3.234
1.955,2.976
1.636,3.237
1.646,3.031
1.015,3.211
0.166,2.876
-0.389,3.294
-0.632,0.404
2.078,1.873
0.322,2.512
-0.627,2.107
-0.545,-0.575
-0.609,1.402
-0.731,1.406
-0.839,-0.29
3.068,2.468
3.046,0.53
2.169,0.496
1.433,1.386
1.116,1.37
0.203,-0.125
0.22,2.073
0.025,1.432
0.02,1.861
-0.079,2.508
-0.089,1.692
-0.093,0.891
-0.214,-0.165
-0.498,1.366
-0.852,1.548
-1.128,1.63
-3.133,1.592
-0.291,0.164
0.877,-0.932
-0.121,2.649
0.654,-1.163
-1.144,3.054
0.004,2.862
-0.013,1.884
-0.044,0.608
-0.056,2.559
-0.141,2.027
-0.169,0.637
-0.203,2.724
-0.16,2.453
-0.198,2.362
-0.27,2.326
-0.198,-0.044
-0.196,0.034
-0.282,2.474
-0.304,0.009
-0.314,1.552
-0.306,2.204
-0.328,2.704
-0.401,2.668
-0.364,2.585
-0.802,-0.204
-1.289,-0.483
-2.945,-0.152
2.969,-0.261
2.607,-0.264
2.422,-0.325
2.24,-0.31
1.999,-0.198
1.804,-0.39
1.187,-0.228
0.931,-0.429
0.209,-0.503
0.13,-0.411
-0.026,-0.36
-0.153,-0.47
-0.247,-0.198
-0.471,4.199
-0.632,4.129
-0.678,3.948
-0.7,3.997
-0.615,4.067
-0.861,4.052
-1.603,4.134
-2.146,4.148
-2.139,4.159
-2.191,4.005
-2.395,3.985
-2.331,4.107
3.07,3.968
3.018,3.931
2.976,3.915
2.866,3.988
2.502,4.094
1.869,4.171
1.527,3.897
1.332,3.98
1.274,4.288
1.07,4.398
0.764,3.972
0.535,4.378
0.354,3.995
-0.386,4.14
-0.442,4.204
-0.463,2.622
-0.511,1.259
-0.565,0.536
-0.513,1.371
-0.654,0.545
-0.848,2.538
-0.974,3.828
-1.088,3.8
-2.652,3.64
3.06,1.139
1.25,3.228
0.667,3.277
-0.333,2.325
-0.482,3.774
-0.535,0.021
-0.545,2.739
-0.441,-0.131
-0.544,0.335
-0.456,2.357
-0.637,-0.134
-0.507,3.687
-0.646,0.661
-0.642,1.286
-0.555,1.356
-0.598,3.499
-0.724,2.607
-0.838,2.881
-0.795,3.226
-1.004,1.468
-1.086,2.824
-1.013,3.441
-1.058,3.445
-1.07,1.877
-1.174,3.52
-1.211,2.782
-1.105,1.321
-1.278,1.177
-1.425,3.836
-1.29,-0.072
-1.522,2.931
-1.421,-0.034
-1.609,3.137
-1.5,0.731
-1.545,1.234
-1.725,2.484
-1.71,3.164
-1.727,3.624
-2.024,2.542
-2.061,0.163
-2.069,1.436
-2.178,1.32
-2.253,1.608
-2.147,3.73
-2.14,3.111
-2.22,-0.092
-2.389,2.587
-2.403,3.856
-2.5,3.707
-2.518,3.728
-2.387,3.723
-2.496,0.361
-2.45,1.458
-2.499,2.581
-2.668,3.816
-2.662,1.007
-2.536,2.599
-2.617,2.255
-2.617,0.588
-2.647,3.631
-2.912,1.569
-2.982,1.487
3.103,0.408
3.076,3.718
-3.102,2.135
-3.111,2.991
3.006,0.033
2.917,1.831
2.885,2.426
2.98,3.79
2.845,1.679
2.938,3.754
2.952,2.522
2.753,-0.053
2.731,1.466
2.832,2.948
2.761,1.926
2.75,0.231
2.745,3.705
2.573,0.197
2.645,2.259
2.604,0.653
2.475,0.399
2.565,1.78
2.456,0.073
2.584,1.061
2.509,1.075
2.481,-0.035
2.332,0.629
2.322,0.224
2.443,1.379
2.478,3.825
2.319,3.405
2.428,0.395
2.335,1.503
2.287,1.74
2.175,0.089
2.109,1.645
2.188,2.18
2.176,1.023
1.953,-0.018
1.966,2.664
2.056,3.405
2.028,1.665
1.887,0.394
1.794,3.254
1.9,1.92
1.781,2.765
1.794,2.801
1.54,0.616
1.601,2.262
1.311,3.891
1.169,1.157
1.286,1.061
1.143,3.728
0.833,2.544
0.708,1.779
0.574,0.4
0.544,3.009
0.637,3.491
0.458,2.065
0.554,3.707
0.384,2.899
0.2,0.26
-0.033,2.307
-0.184,3.809
-0.22,0.253
-0.239,3.825
-0.166,3.037
-0.322,0.186
-0.22,3.611
-0.383,-0.291
-0.416,-0.414
-0.447,-0.346
-0.516,-0.401
-1.28,-0.411
-1.605,-0.369
-2.363,-0.296
2.708,-0.301
0.985,-0.206
-0.203,-0.18
-0.704,4.198
-0.756,4.314
-0.815,4.016
-1.081,4.053
-1.186,4.273
-1.183,3.95
-1.291,4.017
-1.54,4.172
-1.573,4.271
-3.046,4.16
3.052,4.223
2.856,4.218
2.097,3.96
1.778,4.221
1.788,4.015
1.157,4.195
0.308,3.86
-0.247,4.278
-0.49,1.388
2.22,2.857
0.464,3.496
-0.485,3.091
-0.403,0.409
-0.467,2.386
-0.589,2.39
-0.697,0.694
-3.073,3.452
-3.095,1.514
2.311,1.48
1.575,2.37
1.258,2.354
0.345,0.859
0.362,3.057
0.167,2.416
0.162,2.845
0.063,3.492
0.053,2.676
0.049,1.875
-0.072,0.819
-0.356,2.35
-0.71,2.532
-0.986,2.614
-2.991,2.576
-0.149,1.148
1.019,0.052
0.021,3.633
0.796,-0.179
-1.002,4.038
-0.017,-0.978
-0.048,-2.254
-0.06,-0.303
-0.145,-0.835
-0.173,-2.225
-0.207,-0.138
-0.164,-0.409
-0.202,-0.5
-0.274,-0.536
-0.202,-2.906
-0.2,-2.828
-0.286,-0.388
-0.308,-2.853
-0.318,-1.31
-0.31,-0.658
-0.332,-0.158
-0.405,-0.194
-0.368,-0.277
-0.806,-3.066
-1.293,-3.345
-2.949,-3.014
2.965,-3.123
2.603,-3.126
2.418,-3.187
2.236,-3.172
1.995,-3.06
1.8,-3.252
1.183,-3.09
0.927,-3.291
0.205,-3.365
0.126,-3.273
-0.03,-3.222
-0.157,-3.332
-0.251,-3.06
-0.475,1.337
-0.636,1.267
-0.682,1.086
-0.704,1.135
-0.619,1.205
-0.865,1.19
-1.607,1.272
-2.15,1.286
-2.143,1.297
-2.195,1.143
-2.399,1.123
-2.335,1.245
3.066,1.106
3.014,1.069
2.972,1.053
2.862,1.126
2.498,1.232
1.865,1.309
1.523,1.035
1.328,1.118
1.27,1.426
1.066,1.536
0.76,1.11
0.531,1.516
0.35,1.133
-0.39,1.278
-0.446,1.342
-0.467,-0.24
-0.515,-1.603
-0.569,-2.326
-0.517,-1.491
-0.658,-2.317
-0.852,-0.324
-0.978,0.966
-1.092,0.938
-2.656,0.778
3.056,-1.723
1.246,0.366
0.663,0.415
-0.337,-0.537
-0.486,0.912
-0.539,-2.841
-0.549,-0.123
-0.445,-2.993
-0.548,-2.527
-0.46,-0.505
-0.641,-2.996
-0.511,0.825
-0.65,-2.201
-0.646,-1.576
-0.559,-1.506
-0.602,0.637
-0.728,-0.255
-0.842,0.019
-0.799,0.364
-1.008,-1.394
-1.09,-0.038
-1.017,0.579
-1.062,0.583
-1.074,-0.985
-1.178,0.658
-1.215,-0.08
-1.109,-1.541
-1.282,-1.685
-1.429,0.974
-1.294,-2.934
-1.526,0.069
-1.425,-2.896
-1.613,0.275
-1.504,-2.131
-1.549,-1.628
-1.729,-0.378
-1.714,0.302
-1.731,0.762
-2.028,-0.32
-2.065,-2.699
-2.073,-1.426
-2.182,-1.542
-2.257,-1.254
-2.151,0.868
-2.144,0.249
-2.224,-2.954
-2.393,-0.275
-2.407,0.994
-2.504,0.845
-2.522,0.866
-2.391,0.861
-2.5,-2.501
-2.454,-1.404
-2.503,-0.281
-2.672,0.954
-2.666,-1.855
-2.54,-0.263
-2.621,-0.607
-2.621,-2.274
-2.651,0.769
-2.916,-1.293
-2.986,-1.375
3.099,-2.454
3.072,0.856
-3.106,-0.727
-3.115,0.129
3.002,-2.829
2.913,-1.031
2.881,-0.436
2.976,0.928
2.841,-1.183
2.934,0.892
2.948,-0.34
2.749,-2.915
2.727,-1.396
2.828,0.086
2.757,-0.936
2.746,-2.631
2.741,0.843
2.569,-2.665
2.641,-0.603
2.6,-2.209
2.471,-2.463
2.561,-1.082
2.452,-2.789
2.58,-1.801
2.505,-1.787
2.477,-2.897
2.328,-2.233
2.318,-2.638
2.439,-1.483
2.474,0.963
2.315,0.543
2.424,-2.467
2.331,-1.359
2.283,-1.122
2.171,-2.773
2.105,-1.217
2.184,-0.682
2.172,-1.839
1.949,-2.88
1.962,-0.198
2.052,0.543
2.024,-1.197
1.883,-2.468
1.79,0.392
1.896,-0.942
1.777,-0.097
1.79,-0.061
1.536,-2.246
1.597,-0.6
1.307,1.029
1.165,-1.705
1.282,-1.801
1.139,0.866
0.829,-0.318
0.704,-1.083
0.57,-2.462
0.54,0.147
0.633,0.629
0.454,-0.797
0.55,0.845
0.38,0.037
0.196,-2.602
-0.037,-0.555
-0.188,0.947
-0.224,-2.609
-0.243,0.963
-0.17,0.175
-0.326,-2.676
-0.224,0.749
-0.387,-3.153
-0.42,-3.276
-0.451,-3.208
-0.52,-3.263
-1.284,-3.273
-1.609,-3.231
-2.367,-3.158
2.704,-3.163
0.981,-3.068
-0.207,-3.042
-0.708,1.336
-0.76,1.452
-0.819,1.154
-1.085,1.191
-1.19,1.411
-1.187,1.088
-1.295,1.155
-1.544,1.31
-1.577,1.409
-3.05,1.298
3.048,1.361
2.852,1.356
2.093,1.098
1.774,1.359
1.784,1.153
1.153,1.333
0.304,0.998
-0.251,1.416
-0.494,-1.474
2.216,-0.005
0.46,0.634
-0.489,0.229
-0.407,-2.453
-0.471,-0.476
-0.593,-0.472
-0.701,-2.168
-3.077,0.59
-3.099,-1.348
2.307,-1.382
1.571,-0.492
1.254,-0.508
0.341,-2.003
0.358,0.195
0.163,-0.446
0.158,-0.017
0.059,0.63
0.049,-0.186
0.045,-0.987
-0.076,-2.043
-0.36,-0.512
-0.714,-0.33
-0.99,-0.248
-2.995,-0.286
-0.153,-1.714
1.015,-2.81
0.017,0.771
0.792,-3.041
-1.006,1.176
-0.031,-1.276
-0.043,0.675
-0.128,0.143
-0.156,-1.247
-0.19,0.84
-0.147,0.569
-0.185,0.478
-0.257,0.442
-0.185,-1.928
-0.183,-1.85
-0.269,0.59
-0.291,-1.875
-0.301,-0.332
-0.293,0.32
-0.315,0.82
-0.388,0.784
-0.351,0.701
-0.789,-2.088
-1.276,-2.367
-2.932,-2.036
2.982,-2.145
2.62,-2.148
2.435,-2.209
2.253,-2.194
2.012,-2.082
1.817,-2.274
1.2,-2.112
0.944,-2.313
0.222,-2.387
0.143,-2.295
-0.013,-2.244
-0.14,-2.354
-0.234,-2.082
-0.458,2.315
-0.619,2.245
-0.665,2.064
-0.687,2.113
-0.602,2.183
-0.848,2.168
-1.59,2.25
-2.133,2.264
-2.126,2.275
-2.178,2.121
-2.382,2.101
-2.318,2.223
3.083,2.084
3.031,2.047
2.989,2.031
2.879,2.104
2.515,2.21
1.882,2.287
1.54,2.013
1.345,2.096
1.287,2.404
1.083,2.514
0.777,2.088
0.548,2.494
0.367,2.111
-0.373,2.256
-0.429,2.32
-0.45,0.738
-0.498,-0.625
-0.552,-1.348
-0.5,-0.513
-0.641,-1.339
-0.835,0.654
-0.961,1.944
-1.075,1.916
-2.639,1.756
3.073,-0.745
1.263,1.344
0.68,1.393
-0.32,0.441
-0.469,1.89
-0.522,-1.863
-0.532,0.855
-0.428,-2.015
-0.531,-1.549
-0.443,0.473
-0.624,-2.018
-0.494,1.803
-0.633,-1.223
-0.629,-0.598
-0.542,-0.528
-0.585,1.615
-0.711,0.723
-0.825,0.997
-0.782,1.342
-0.991,-0.416
-1.073,0.94
-1.0,1.557
-1.045,1.561
-1.057,-0.007
-1.161,1.636
-1.198,0.898
-1.092,-0.563
-1.265,-0.707
-1.412,1.952
-1.277,-1.956
-1.509,1.047
-1.408,-1.918
-1.596,1.253
-1.487,-1.153
-1.532,-0.65
-1.712,0.6
-1.697,1.28
-1.714,1.74
-2.011,0.658
-2.048,-1.721
-2.056,-0.448
-2.165,-0.564
-2.24,-0.276
-2.134,1.846
-2.127,1.227
-2.207,-1.976
-2.376,0.703
-2.39,1.972
-2.487,1.823
-2.505,1.844
-2.374,1.839
-2.483,-1.523
-2.437,-0.426
-2.486,0.697
-2.655,1.932
-2.649,-0.877
-2.523,0.715
-2.604,0.371
-2.604,-1.296
-2.634,1.747
-2.899,-0.315
-2.969,-0.397
3.116,-1.476
3.089,1.834
-3.089,0.251
-3.098,1.107
3.019,-1.851
2.93,-0.053
2.898,0.542
2.993,1.906
2.858,-0.205
2.951,1.87
2.965,0.638
2.766,-1.937
2.744,-0.418
2.845,1.064
2.774,0.042
2.763,-1.653
2.758,1.821
2.586,-1.687
2.658,0.375
2.617,-1.231
2.488,-1.485
2.578,-0.104
2.469,-1.811
2.597,-0.823
2.522,-0.809
2.494,-1.919
2.345,-1.255
2.335,-1.66
2.456,-0.505
2.491,1.941
2.332,1.521
2.441,-1.489
2.348,-0.381
2.3,-0.144
2.188,-1.795
2.122,-0.239
2.201,0.296
2.189,-0.861
1.966,-1.902
1.979,0.78
2.069,1.521
2.041,-0.219
1.9,-1.49
1.807,1.37
1.913,0.036
1.794,0.881
1.807,0.917
1.553,-1.268
1.614,0.378
1.324,2.007
1.182,-0.727
1.299,-0.823
1.156,1.844
0.846,0.66
0.721,-0.105
0.587,-1.484
0.557,1.125
0.65,1.607
0.471,0.181
0.567,1.823
0.397,1.015
0.213,-1.624
-0.02,0.423
-0.171,1.925
-0.207,-1.631
-0.226,1.941
-0.153,1.153
-0.309,-1.698
-0.207,1.727
-0.37,-2.175
-0.403,-2.298
-0.434,-2.23
-0.503,-2.285
-1.267,-2.295
-1.592,-2.253
-2.35,-2.18
2.721,-2.185
0.998,-2.09
-0.19,-2.064
-0.691,2.314
-0.743,2.43
-0.802,2.132
-1.068,2.169
-1.173,2.389
-1.17,2.066
-1.278,2.133
-1.527,2.288
-1.56,2.387
-3.033,2.276
3.065,2.339
2.869,2.334
2.11,2.076
1.791,2.337
1.801,2.131
1.17,2.311
0.321,1.976
-0.234,2.394
-0.477,-0.496
2.233,0.973
0.477,1.612
-0.472,1.207
-0.39,-1.475
-0.454,0.502
-0.576,0.506
-0.684,-1.19
-3.06,1.568
-3.082,-0.37
2.324,-0.404
1.588,0.486
1.271,0.47
0.358,-1.025
0.375,1.173
0.18,0.532
0.175,0.961
0.076,1.608
0.066,0.792
0.062,-0.009
-0.059,-1.065
-0.343,0.466
-0.697,0.648
-0.973,0.73
-2.978,0.692
-0.136,-0.736
1.032,-1.832
0.034,1.749
0.809,-2.063
-0.989,2.154
-0.012,1.951
-0.097,1.419
-0.125,0.029
-0.159,2.116
-0.116,1.845
-0.154,1.754
-0.226,1.718
-0.154,-0.652
-0.152,-0.574
-0.238,1.866
-0.26,-0.599
-0.27,0.944
-0.262,1.596
-0.284,2.096
-0.357,2.06
-0.32,1.977
-0.758,-0.812
-1.245,-1.091
-2.901,-0.76
3.013,-0.869
2.651,-0.872
2.466,-0.933
2.284,-0.918
2.043,-0.806
1.848,-0.998
1.231,-0.836
0.975,-1.037
0.253,-1.111
0.174,-1.019
0.018,-0.968
-0.109,-1.078
-0.203,-0.806
-0.427,3.591
-0.588,3.521
-0.634,3.34
-0.656,3.389
-0.571,3.459
-0.817,3.444
-1.559,3.526
-2.102,3.54
-2.095,3.551
-2.147,3.397
-2.351,3.377
-2.287,3.499
3.114,3.36
3.062,3.323
3.02,3.307
2.91,3.38
2.546,3.486
1.913,3.563
1.571,3.289
1.376,3.372
1.318,3.68
1.114,3.79
0.808,3.364
0.579,3.77
0.398,3.387
-0.342,3.532
-0.398,3.596
-0.419,2.014
-0.467,0.651
-0.521,-0.072
-0.469,0.763
-0.61,-0.063
-0.804,1.93
-0.93,3.22
-1.044,3.192
-2.608,3.032
3.104,0.531
1.294,2.62
0.711,2.669
-0.289,1.717
-0.438,3.166
-0.491,-0.587
-0.501,2.131
-0.397,-0.739
-0.5,-0.273
-0.412,1.749
-0.593,-0.742
-0.463,3.079
-0.602,0.053
-0.598,0.678
-0.511,0.748
-0.554,2.891
-0.68,1.999
-0.794,2.273
-0.751,2.618
-0.96,0.86
-1.042,2.216
-0.969,2.833
-1.014,2.837
-1.026,1.269
-1.13,2.912
-1.167,2.174
-1.061,0.713
-1.234,0.569
-1.381,3.228
-1.246,-0.68
-1.478,2.323
-1.377,-0.642
-1.565,2.529
-1.456,0.123
-1.501,0.626
-1.681,1.876
-1.666,2.556
-1.683,3.016
-1.98,1.934
-2.017,-0.445
-2.025,0.828
-2.134,0.712
-2.209,1.0
-2.103,3.122
-2.096,2.503
-2.176,-0.7
-2.345,1.979
-2.359,3.248
-2.456,3.099
-2.474,3.12
-2.343,3.115
-2.452,-0.247
-2.406,0.85
-2.455,1.973
-2.624,3.208
-2.618,0.399
-2.492,1.991
-2.573,1.647
-2.573,-0.02
-2.603,3.023
-2.868,0.961
-2.938,0.879
-3.136,-0.2
3.12,3.11
-3.058,1.527
-3.067,2.383
3.05,-0.575
2.961,1.223
2.929,1.818
3.024,3.182
2.889,1.071
2.982,3.146
2.996,1.914
2.797,-0.661
2.775,0.858
2.876,2.34
2.805,1.318
2.794,-0.377
2.789,3.097
2.617,-0.411
2.689,1.651
2.648,0.045
2.519,-0.209
2.609,1.172
2.5,-0.535
2.628,0.453
2.553,0.467
2.525,-0.643
2.376,0.021
2.366,-0.384
2.487,0.771
2.522,3.217
2.363,2.797
2.472,-0.213
2.379,0.895
2.331,1.132
2.219,-0.519
2.153,1.037
2.232,1.572
2.22,0.415
1.997,-0.626
2.01,2.056
2.1,2.797
2.072,1.057
1.931,-0.214
1.838,2.646
1.944,1.312
1.825,2.157
1.838,2.193
1.584,0.008
1.645,1.654
1.355,3.283
1.213,0.549
1.33,0.453
1.187,3.12
0.877,1.936
0.752,1.171
0.618,-0.208
0.588,2.401
0.681,2.883
0.502,1.457
0.598,3.099
0.428,2.291
0.244,-0.348
0.011,1.699
-0.14,3.201
-0.176,-0.355
-0.195,3.217
-0.122,2.429
-0.278,-0.422
-0.176,3.003
-0.339,-0.899
-0.372,-1.022
-0.403,-0.954
-0.472,-1.009
-1.236,-1.019
-1.561,-0.977
-2.319,-0.904
2.752,-0.909
1.029,-0.814
-0.159,-0.788
-0.66,3.59
-0.712,3.706
-0.771,3.408
-1.037,3.445
-1.142,3.665
-1.139,3.342
-1.247,3.409
-1.496,3.564
-1.529,3.663
-3.002,3.552
3.096,3.615
2.9,3.61
2.141,3.352
1.822,3.613
1.832,3.407
1.201,3.587
0.352,3.252
-0.203,3.67
-0.446,0.78
2.264,2.249
0.508,2.888
-0.441,2.483
-0.359,-0.199
-0.423,1.778
-0.545,1.782
-0.653,0.086
-3.029,2.844
-3.051,0.906
2.355,0.872
1.619,1.762
1.302,1.746
0.389,0.251
0.406,2.449
0.211,1.808
0.206,2.237
0.107,2.884
0.097,2.068
0.093,1.267
-0.028,0.211
-0.312,1.742
-0.666,1.924
-0.942,2.006
-2.947,1.968
-0.105,0.54
1.063,-0.556
0.065,3.025
0.84,-0.787
-0.958,3.43
-0.085,-0.532
-0.113,-1.922
-0.147,0.165
-0.104,-0.106
-0.142,-0.197
-0.214,-0.233
-0.142,-2.603
-0.14,-2.525
-0.226,-0.085
-0.248,-2.55
-0.258,-1.007
-0.25,-0.355
-0.272,0.145
-0.345,0.109
-0.308,0.026
-0.746,-2.763
-1.233,-3.042
-2.889,-2.711
3.025,-2.82
2.663,-2.823
2.478,-2.884
2.296,-2.869
2.055,-2.757
1.86,-2.949
1.243,-2.787
0.987,-2.988
0.265,-3.062
0.186,-2.97
0.03,-2.919
-0.097,-3.029
-0.191,-2.757
-0.415,1.64
-0.576,1.57
-0.622,1.389
-0.644,1.438
-0.559,1.508
-0.805,1.493
-1.547,1.575
-2.09,1.589
-2.083,1.6
-2.135,1.446
-2.339,1.426
-2.275,1.548
3.126,1.409
3.074,1.372
3.032,1.356
2.922,1.429
2.558,1.535
1.925,1.612
1.583,1.338
1.388,1.421
1.33,1.729
1.126,1.839
0.82,1.413
0.591,1.819
0.41,1.436
-0.33,1.581
-0.386,1.645
-0.407,0.063
-0.455,-1.3
-0.509,-2.023
-0.457,-1.188
-0.598,-2.014
-0.792,-0.021
-0.918,1.269
-1.032,1.241
-2.596,1.081
3.116,-1.42
1.306,0.669
0.723,0.718
-0.277,-0.234
-0.426,1.215
-0.479,-2.538
-0.489,0.18
-0.385,-2.69
-0.488,-2.224
-0.4,-0.202
-0.581,-2.693
-0.451,1.128
-0.59,-1.898
-0.586,-1.273
-0.499,-1.203
-0.542,0.94
-0.668,0.048
-0.782,0.322
-0.739,0.667
-0.948,-1.091
-1.03,0.265
-0.957,0.882
-1.002,0.886
-1.014,-0.682
-1.118,0.961
-1.155,0.223
-1.049,-1.238
-1.222,-1.382
-1.369,1.277
-1.234,-2.631
-1.466,0.372
-1.365,-2.593
-1.553,0.578
-1.444,-1.828
-1.489,-1.325
-1.669,-0.075
-1.654,0.605
-1.671,1.065
-1.968,-0.017
-2.005,-2.396
-2.013,-1.123
-2.122,-1.239
-2.197,-0.951
-2.091,1.171
-2.084,0.552
-2.164,-2.651
-2.333,0.028
-2.347,1.297
-2.444,1.148
-2.462,1.169
-2.331,1.164
-2.44,-2.198
-2.394,-1.101
-2.443,0.022
-2.612,1.257
-2.606,-1.552
-2.48,0.04
-2.561,-0.304
-2.561,-1.971
-2.591,1.072
-2.856,-0.99
-2.926,-1.072
-3.124,-2.151
3.132,1.159
-3.046,-0.424
-3.055,0.432
3.062,-2.526
2.973,-0.728
2.941,-0.133
3.036,1.231
2.901,-0.88
2.994,1.195
3.008,-0.037
2.809,-2.612
2.787,-1.093
2.888,0.389
2.817,-0.633
2.806,-2.328
2.801,1.146
2.629,-2.362
2.701,-0.3
2.66,-1.906
2.531,-2.16
2.621,-0.779
2.512,-2.486
2.64,-1.498
2.565,-1.484
2.537,-2.594
2.388,-1.93
2.378,-2.335
2.499,-1.18
2.534,1.266
2.375,0.846
2.484,-2.164
2.391,-1.056
2.343,-0.819
2.231,-2.47
2.165,-0.914
2.244,-0.379
2.232,-1.536
2.009,-2.577
2.022,0.105
2.112,0.846
2.084,-0.894
1.943,-2.165
1.85,0.695
1.956,-0.639
1.837,0.206
1.85,0.242
1.596,-1.943
1.657,-0.297
1.367,1.332
1.225,-1.402
1.342,-1.498
1.199,1.169
0.889,-0.015
0.764,-0.78
0.63,-2.159
0.6,0.45
0.693,0.932
0.514,-0.494
0.61,1.148
0.44,0.34
0.256,-2.299
0.023,-0.252
-0.128,1.25
-0.164,-2.306
-0.183,1.266
-0.11,0.478
-0.266,-2.373
-0.164,1.052
-0.327,-2.85
-0.36,-2.973
-0.391,-2.905
-0.46,-2.96
-1.224,-2.97
-1.549,-2.928
-2.307,-2.855
2.764,-2.86
1.041,-2.765
-0.147,-2.739
-0.648,1.639
-0.7,1.755
-0.759,1.457
-1.025,1.494
-1.13,1.714
-1.127,1.391
-1.235,1.458
-1.484,1.613
-1.517,1.712
-2.99,1.601
3.108,1.664
2.912,1.659
2.153,1.401
1.834,1.662
1.844,1.456
1.213,1.636
0.364,1.301
-0.191,1.719
-0.434,-1.171
2.276,0.298
0.52,0.937
-0.429,0.532
-0.347,-2.15
-0.411,-0.173
-0.533,-0.169
-0.641,-1.865
-3.017,0.893
-3.039,-1.045
2.367,-1.079
1.631,-0.189
1.314,-0.205
0.401,-1.7
0.418,0.498
0.223,-0.143
0.218,0.286
0.119,0.933
0.109,0.117
0.105,-0.684
-0.016,-1.74
-0.3,-0.209
-0.654,-0.027
-0.93,0.055
-2.935,0.017
-0.093,-1.411
1.075,-2.507
0.077,1.074
0.852,-2.738
-0.946,1.479
-0.028,-1.39
-0.062,0.697
-0.019,0.426
-0.057,0.335
-0.129,0.299
-0.057,-2.071
-0.055,-1.993
-0.141,0.447
-0.163,-2.018
-0.173,-0.475
-0.165,0.177
-0.187,0.677
-0.26,0.641
-0.223,0.558
-0.661,-2.231
-1.148,-2.51
-2.804,-2.179
3.11,-2.288
2.748,-2.291
2.563,-2.352
2.381,-2.337
2.14,-2.225
1.945,-2.417
1.328,-2.255
1.072,-2.456
0.35,-2.53
0.271,-2.438
0.115,-2.387
-0.012,-2.497
-0.106,-2.225
-0.33,2.172
-0.491,2.102
-0.537,1.921
-0.559,1.97
-0.474,2.04
-0.72,2.025
-1.462,2.107
-2.005,2.121
-1.998,2.132
-2.05,1.978
-2.254,1.958
-2.19,2.08
-3.072,1.941
-3.124,1.904
3.117,1.888
3.007,1.961
2.643,2.067
2.01,2.144
1.668,1.87
1.473,1.953
1.415,2.261
1.211,2.371
0.905,1.945
0.676,2.351
0.495,1.968
-0.245,2.113
-0.301,2.177
-0.322,0.595
-0.37,-0.768
-0.424,-1.491
-0.372,-0.656
-0.513,-1.482
-0.707,0.511
-0.833,1.801
-0.947,1.773
-2.511,1.613
-3.082,-0.888
1.391,1.201
0.808,1.25
-0.192,0.298
-0.341,1.747
-0.394,-2.006
-0.404,0.712
-0.3,-2.158
-0.403,-1.692
-0.315,0.33
-0.496,-2.161
-0.366,1.66
-0.505,-1.366
-0.501,-0.741
-0.414,-0.671
-0.457,1.472
-0.583,0.58
-0.697,0.854
-0.654,1.199
-0.863,-0.559
-0.945,0.797
-0.872,1.414
-0.917,1.418
-0.929,-0.15
-1.033,1.493
-1.07,0.755
-0.964,-0.706
-1.137,-0.85
-1.284,1.809
-1.149,-2.099
-1.381,0.904
-1.28,-2.061
-1.468,1.11
-1.359,-1.296
-1.404,-0.793
-1.584,0.457
-1.569,1.137
-1.586,1.597
-1.883,0.515
-1.92,-1.864
-1.928,-0.591
-2.037,-0.707
-2.112,-0.419
-2.006,1.703
-1.999,1.084
-2.079,-2.119
-2.248,0.56
-2.262,1.829
-2.359,1.68
-2.377,1.701
-2.246,1.696
-2.355,-1.666
-2.309,-0.569
-2.358,0.554
-2.527,1.789
-2.521,-1.02
-2.395,0.572
-2.476,0.228
-2.476,-1.439
-2.506,1.604
-2.771,-0.458
-2.841,-0.54
-3.039,-1.619
-3.066,1.691
-2.961,0.108
-2.97,0.964
-3.136,-1.994
3.058,-0.196
3.026,0.399
3.121,1.763
2.986,-0.348
3.079,1.727
3.093,0.495
2.894,-2.08
2.872,-0.561
2.973,0.921
2.902,-0.101
2.891,-1.796
2.886,1.678
2.714,-1.83
2.786,0.232
2.745,-1.374
2.616,-1.628
2.706,-0.247
2.597,-1.954
2.725,-0.966
2.65,-0.952
2.622,-2.062
2.473,-1.398
2.463,-1.803
2.584,-0.648
2.619,1.798
2.46,1.378
2.569,-1.632
2.476,-0.524
2.428,-0.287
2.316,-1.938
2.25,-0.382
2.329,0.153
2.317,-1.004
2.094,-2.045
2.107,0.637
2.197,1.378
2.169,-0.362
2.028,-1.633
1.935,1.227
2.041,-0.107
1.922,0.738
1.935,0.774
1.681,-1.411
1.742,0.235
1.452,1.864
1.31,-0.87
1.427,-0.966
1.284,1.701
0.974,0.517
0.849,-0.248
0.715,-1.627
0.685,0.982
0.778,1.464
0.599,0.038
0.695,1.68
0.525,0.872
0.341,-1.767
0.108,0.28
-0.043,1.782
-0.079,-1.774
-0.098,1.798
-0.025,1.01
-0.181,-1.841
-0.079,1.584
-0.242,-2.318
-0.275,-2.441
-0.306,-2.373
-0.375,-2.428
-1.139,-2.438
-1.464,-2.396
-2.222,-2.323
2.849,-2.328
1.126,-2.233
-0.062,-2.207
-0.563,2.171
-0.615,2.287
-0.674,1.989
-0.94,2.026
-1.045,2.246
-1.042,1.923
-1.15,1.99
-1.399,2.145
-1.432,2.244
-2.905,2.133
-3.09,2.196
2.997,2.191
2.238,1.933
1.919,2.194
1.929,1.988
1.298,2.168
0.449,1.833
-0.106,2.251
-0.349,-0.639
2.361,0.83
0.605,1.469
-0.344,1.064
-0.262,-1.618
-0.326,0.359
-0.448,0.363
-0.556,-1.333
-2.932,1.425
-2.954,-0.513
2.452,-0.547
1.716,0.343
1.399,0.327
0.486,-1.168
0.503,1.03
0.308,0.389
0.303,0.818
0.204,1.465
0.194,0.649
0.19,-0.152
0.069,-1.208
-0.215,0.323
-0.569,0.505
-0.845,0.587
-2.85,0.549
-0.008,-0.879
1.16,-1.975
0.162,1.606
0.937,-2.206
-0.861,2.011
-0.034,2.087
0.009,1.816
-0.029,1.725
-0.101,1.689
-0.029,-0.681
-0.027,-0.603
-0.113,1.837
-0.135,-0.628
-0.145,0.915
-0.137,1.567
-0.159,2.067
-0.232,2.031
-0.195,1.948
-0.633,-0.841
-1.12,-1.12
-2.776,-0.789
3.138,-0.898
2.776,-0.901
2.591,-0.962
2.409,-0.947
2.168,-0.835
1.973,-1.027
1.356,-0.865
1.1,-1.066
0.378,-1.14
0.299,-1.048
0.143,-0.997
0.016,-1.107
-0.078,-0.835
-0.302,3.562
-0.463,3.492
-0.509,3.311
-0.531,3.36
-0.446,3.43
-0.692,3.415
-1.434,3.497
-1.977,3.511
-1.97,3.522
-2.022,3.368
-2.226,3.348
-2.162,3.47
-3.044,3.331
-3.096,3.294
-3.138,3.278
3.035,3.351
2.671,3.457
2.038,3.534
1.696,3.26
1.501,3.343
1.443,3.651
1.239,3.761
0.933,3.335
0.704,3.741
0.523,3.358
-0.217,3.503
-0.273,3.567
-0.294,1.985
-0.342,0.622
-0.396,-0.101
-0.344,0.734
-0.485,-0.092
-0.679,1.901
-0.805,3.191
-0.919,3.163
-2.483,3.003
-3.054,0.502
1.419,2.591
0.836,2.64
-0.164,1.688
-0.313,3.137
-0.366,-0.616
-0.376,2.102
-0.272,-0.768
-0.375,-0.302
-0.287,1.72
-0.468,-0.771
-0.338,3.05
-0.477,0.024
-0.473,0.649
-0.386,0.719
-0.429,2.862
-0.555,1.97
-0.669,2.244
-0.626,2.589
-0.835,0.831
-0.917,2.187
-0.844,2.804
-0.889,2.808
-0.901,1.24
-1.005,2.883
-1.042,2.145
-0.936,0.684
-1.109,0.54
-1.256,3.199
-1.121,-0.709
-1.353,2.294
-1.252,-0.671
-1.44,2.5
-1.331,0.094
-1.376,0.597
-1.556,1.847
-1.541,2.527
-1.558,2.987
-1.855,1.905
-1.892,-0.474
-1.9,0.799
-2.009,0.683
-2.084,0.971
-1.978,3.093
-1.971,2.474
-2.051,-0.729
-2.22,1.95
-2.234,3.219
-2.331,3.07
-2.349,3.091
-2.218,3.086
-2.327,-0.276
-2.281,0.821
-2.33,1.944
-2.499,3.179
-2.493,0.37
-2.367,1.962
-2.448,1.618
-2.448,-0.049
-2.478,2.994
-2.743,0.932
-2.813,0.85
-3.011,-0.229
-3.038,3.081
-2.933,1.498
-2.942,2.354
-3.108,-0.604
3.086,1.194
3.054,1.789
-3.134,3.153
3.014,1.042
3.107,3.117
3.121,1.885
2.922,-0.69
2.9,0.829
3.001,2.311
2.93,1.289
2.919,-0.406
2.914,3.068
2.742,-0.44
2.814,1.622
2.773,0.016
2.644,-0.238
2.734,1.143
2.625,-0.564
2.753,0.424
2.678,0.438
2.65,-0.672
2.501,-0.008
2.491,-0.413
2.612,0.742
2.647,3.188
2.488,2.768
2.597,-0.242
2.504,0.866
2.456,1.103
2.344,-0.548
2.278,1.008
2.357,1.543
2.345,0.386
2.122,-0.655
2.135,2.027
2.225,2.768
2.197,1.028
2.056,-0.243
1.963,2.617
2.069,1.283
1.95,2.128
1.963,2.164
1.709,-0.021
1.77,1.625
1.48,3.254
1.338,0.52
1.455,0.424
1.312,3.091
1.002,1.907
0.877,1.142
0.743,-0.237
0.713,2.372
0.806,2.854
0.627,1.428
0.723,3.07
0.553,2.262
0.369,-0.377
0.136,1.67
-0.015,3.172
-0.051,-0.384
-0.07,3.188
0.003,2.4
-0.153,-0.451
-0.051,2.974
-0.214,-0.928
-0.247,-1.051
-0.278,-0.983
-0.347,-1.038
-1.111,-1.048
-1.436,-1.006
-2.194,-0.933
2.877,-0.938
1.154,-0.843
-0.034,-0.817
-0.535,3.561
-0.587,3.677
-0.646,3.379
-0.912,3.416
-1.017,3.636
-1.014,3.313
-1.122,3.38
-1.371,3.535
-1.404,3.634
-2.877,3.523
-3.062,3.586
3.025,3.581
2.266,3.323
1.947,3.584
1.957,3.378
1.326,3.558
0.477,3.223
-0.078,3.641
-0.321,0.751
2.389,2.22
0.633,2.859
-0.316,2.454
-0.234,-0.228
-0.298,1.749
-0.42,1.753
-0.528,0.057
-2.904,2.815
-2.926,0.877
2.48,0.843
1.744,1.733
1.427,1.717
0.514,0.222
0.531,2.42
0.336,1.779
0.331,2.208
0.232,2.855
0.222,2.039
0.218,1.238
0.097,0.182
-0.187,1.713
-0.541,1.895
-0.817,1.977
-2.822,1.939
0.02,0.511
1.188,-0.585
0.19,2.996
0.965,-0.816
-0.833,3.401
0.043,-0.271
0.005,-0.362
-0.067,-0.398
0.005,-2.768
0.007,-2.69
-0.079,-0.25
-0.101,-2.715
-0.111,-1.172
-0.103,-0.52
-0.125,-0.02
-0.198,-0.056
-0.161,-0.139
-0.599,-2.928
-1.086,-3.207
-2.742,-2.876
-3.111,-2.985
2.81,-2.988
2.625,-3.049
2.443,-3.034
2.202,-2.922
2.007,-3.114
1.39,-2.952
1.134,-3.153
0.412,-3.227
0.333,-3.135
0.177,-3.084
0.05,-3.194
-0.044,-2.922
-0.268,1.475
-0.429,1.405
-0.475,1.224
-0.497,1.273
-0.412,1.343
-0.658,1.328
-1.4,1.41
-1.943,1.424
-1.936,1.435
-1.988,1.281
-2.192,1.261
-2.128,1.383
-3.01,1.244
-3.062,1.207
-3.104,1.191
3.069,1.264
2.705,1.37
2.072,1.447
1.73,1.173
1.535,1.256
1.477,1.564
1.273,1.674
0.967,1.248
0.738,1.654
0.557,1.271
-0.183,1.416
-0.239,1.48
-0.26,-0.102
-0.308,-1.465
-0.362,-2.188
-0.31,-1.353
-0.451,-2.179
-0.645,-0.186
-0.771,1.104
-0.885,1.076
-2.449,0.916
-3.02,-1.585
1.453,0.504
0.87,0.553
-0.13,-0.399
-0.279,1.05
-0.332,-2.703
-0.342,0.015
-0.238,-2.855
-0.341,-2.389
-0.253,-0.367
-0.434,-2.858
-0.304,0.963
-0.443,-2.063
-0.439,-1.438
-0.352,-1.368
-0.395,0.775
-0.521,-0.117
-0.635,0.157
-0.592,0.502
-0.801,-1.256
-0.883,0.1
-0.81,0.717
-0.855,0.721
-0.867,-0.847
-0.971,0.796
-1.008,0.058
-0.902,-1.403
-1.075,-1.547
-1.222,1.112
-1.087,-2.796
-1.319,0.207
-1.218,-2.758
-1.406,0.413
-1.297,-1.993
-1.342,-1.49
-1.522,-0.24
-1.507,0.44
-1.524,0.9
-1.821,-0.182
-1.858,-2.561
-1.866,-1.288
-1.975,-1.404
-2.05,-1.116
-1.944,1.006
-1.937,0.387
-2.017,-2.816
-2.186,-0.137
-2.2,1.132
-2.297,0.983
-2.315,1.004
-2.184,0.999
-2.293,-2.363
-2.247,-1.266
-2.296,-0.143
-2.465,1.092
-2.459,-1.717
-2.333,-0.125
-2.414,-0.469
-2.414,-2.136
-2.444,0.907
-2.709,-1.155
-2.779,-1.237
-2.977,-2.316
-3.004,0.994
-2.899,-0.589
-2.908,0.267
-3.074,-2.691
3.12,-0.893
3.088,-0.298
-3.1,1.066
3.048,-1.045
3.141,1.03
-3.128,-0.202
2.956,-2.777
2.934,-1.258
3.035,0.224
2.964,-0.798
2.953,-2.493
2.948,0.981
2.776,-2.527
2.848,-0.465
2.807,-2.071
2.678,-2.325
2.768,-0.944
2.659,-2.651
2.787,-1.663
2.712,-1.649
2.684,-2.759
2.535,-2.095
2.525,-2.5
2.646,-1.345
2.681,1.101
2.522,0.681
2.631,-2.329
2.538,-1.221
2.49,-0.984
2.378,-2.635
2.312,-1.079
2.391,-0.544
2.379,-1.701
2.156,-2.742
2.169,-0.06
2.259,0.681
2.231,-1.059
2.09,-2.33
1.997,0.53
2.103,-0.804
1.984,0.041
1.997,0.077
1.743,-2.108
1.804,-0.462
1.514,1.167
1.372,-1.567
1.489,-1.663
1.346,1.004
1.036,-0.18
0.911,-0.945
0.777,-2.324
0.747,0.285
0.84,0.767
0.661,-0.659
0.757,0.983
0.587,0.175
0.403,-2.464
0.17,-0.417
0.019,1.085
-0.017,-2.471
-0.036,1.101
0.037,0.313
-0.119,-2.538
-0.017,0.887
-0.18,-3.015
-0.213,-3.138
-0.244,-3.07
-0.313,-3.125
-1.077,-3.135
-1.402,-3.093
-2.16,-3.02
2.911,-3.025
1.188,-2.93
0.0,-2.904
-0.501,1.474
-0.553,1.59
-0.612,1.292
-0.878,1.329
-0.983,1.549
-0.98,1.226
-1.088,1.293
-1.337,1.448
-1.37,1.547
-2.843,1.436
-3.028,1.499
3.059,1.494
2.3,1.236
1.981,1.497
1.991,1.291
1.36,1.471
0.511,1.136
-0.044,1.554
-0.287,-1.336
2.423,0.133
0.667,0.772
-0.282,0.367
-0.2,-2.315
-0.264,-0.338
-0.386,-0.334
-0.494,-2.03
-2.87,0.728
-2.892,-1.21
2.514,-1.244
1.778,-0.354
1.461,-0.37
0.548,-1.865
0.565,0.333
0.37,-0.308
0.365,0.121
0.266,0.768
0.256,-0.048
0.252,-0.849
0.131,-1.905
-0.153,-0.374
-0.507,-0.192
-0.783,-0.11
-2.788,-0.148
0.054,-1.576
1.222,-2.672
0.224,0.909
0.999,-2.903
-0.799,1.314
-0.038,-0.091
-0.11,-0.127
-0.038,-2.497
-0.036,-2.419
-0.122,0.021
-0.144,-2.444
-0.154,-0.901
-0.146,-0.249
-0.168,0.251
-0.241,0.215
-0.204,0.132
-0.642,-2.657
-1.129,-2.936
-2.785,-2.605
3.129,-2.714
2.767,-2.717
2.582,-2.778
2.4,-2.763
2.159,-2.651
1.964,-2.843
1.347,-2.681
1.091,-2.882
0.369,-2.956
0.29,-2.864
0.134,-2.813
0.007,-2.923
-0.087,-2.651
-0.311,1.746
-0.472,1.676
-0.518,1.495
-0.54,1.544
-0.455,1.614
-0.701,1.599
-1.443,1.681
-1.986,1.695
-1.979,1.706
-2.031,1.552
-2.235,1.532
-2.171,1.654
-3.053,1.515
-3.105,1.478
3.136,1.462
3.026,1.535
2.662,1.641
2.029,1.718
1.687,1.444
1.492,1.527
1.434,1.835
1.23,1.945
0.924,1.519
0.695,1.925
0.514,1.542
-0.226,1.687
-0.282,1.751
-0.303,0.169
-0.351,-1.194
-0.405,-1.917
-0.353,-1.082
-0.494,-1.908
-0.688,0.085
-0.814,1.375
-0.928,1.347
-2.492,1.187
-3.063,-1.314
1.41,0.775
0.827,0.824
-0.173,-0.128
-0.322,1.321
-0.375,-2.432
-0.385,0.286
-0.281,-2.584
-0.384,-2.118
-0.296,-0.096
-0.477,-2.587
-0.347,1.234
-0.486,-1.792
-0.482,-1.167
-0.395,-1.097
-0.438,1.046
-0.564,0.154
-0.678,0.428
-0.635,0.773
-0.844,-0.985
-0.926,0.371
-0.853,0.988
-0.898,0.992
-0.91,-0.576
-1.014,1.067
-1.051,0.329
-0.945,-1.132
-1.118,-1.276
-1.265,1.383
-1.13,-2.525
-1.362,0.478
-1.261,-2.487
-1.449,0.684
-1.34,-1.722
-1.385,-1.219
-1.565,0.031
-1.55,0.711
-1.567,1.171
-1.864,0.089
-1.901,-2.29
-1.909,-1.017
-2.018,-1.133
-2.093,-0.845
-1.987,1.277
-1.98,0.658
-2.06,-2.545
-2.229,0.134
-2.243,1.403
-2.34,1.254
-2.358,1.275
-2.227,1.27
-2.336,-2.092
-2.29,-0.995
-2.339,0.128
-2.508,1.363
-2.502,-1.446
-2.376,0.146
-2.457,-0.198
-2.457,-1.865
-2.487,1.178
-2.752,-0.884
-2.822,-0.966
-3.02,-2.045
-3.047,1.265
-2.942,-0.318
-2.951,0.538
-3.117,-2.42
3.077,-0.622
3.045,-0.027
3.14,1.337
3.005,-0.774
3.098,1.301
3.112,0.069
2.913,-2.506
2.891,-0.987
2.992,0.495
2.921,-0.527
2.91,-2.222
2.905,1.252
2.733,-2.256
2.805,-0.194
2.764,-1.8
2.635,-2.054
2.725,-0.673
2.616,-2.38
2.744,-1.392
2.669,-1.378
2.641,-2.488
2.492,-1.824
2.482,-2.229
2.603,-1.074
2.638,1.372
2.479,0.952
2.588,-2.058
2.495,-0.95
2.447,-0.713
2.335,-2.364
2.269,-0.808
2.348,-0.273
2.336,-1.43
2.113,-2.471
2.126,0.211
2.216,0.952
2.188,-0.788
2.047,-2.059
1.954,0.801
2.06,-0.533
1.941,0.312
1.954,0.348
1.7,-1.837
1.761,-0.191
1.471,1.438
1.329,-1.296
1.446,-1.392
1.303,1.275
0.993,0.091
0.868,-0.674
0.734,-2.053
0.704,0.556
0.797,1.038
0.618,-0.388
0.714,1.254
0.544,0.446
0.36,-2.193
0.127,-0.146
-0.024,1.356
-0.06,-2.2
-0.079,1.372
-0.006,0.584
-0.162,-2.267
-0.06,1.158
-0.223,-2.744
-0.256,-2.867
-0.287,-2.799
-0.356,-2.854
-1.12,-2.864
-1.445,-2.822
-2.203,-2.749
2.868,-2.754
1.145,-2.659
-0.043,-2.633
-0.544,1.745
-0.596,1.861
-0.655,1.563
-0.921,1.6
-1.026,1.82
-1.023,1.497
-1.131,1.564
-1.38,1.719
-1.413,1.818
-2.886,1.707
-3.071,1.77
3.016,1.765
2.257,1.507
1.938,1.768
1.948,1.562
1.317,1.742
0.468,1.407
-0.087,1.825
-0.33,-1.065
2.38,0.404
0.624,1.043
-0.325,0.638
-0.243,-2.044
-0.307,-0.067
-0.429,-0.063
-0.537,-1.759
-2.913,0.999
-2.935,-0.939
2.471,-0.973
1.735,-0.083
1.418,-0.099
0.505,-1.594
0.522,0.604
0.327,-0.037
0.322,0.392
0.223,1.039
0.213,0.223
0.209,-0.578
0.088,-1.634
-0.196,-0.103
-0.55,0.079
-0.826,0.161
-2.831,0.123
0.011,-1.305
1.179,-2.401
0.181,1.18
0.956,-2.632
-0.842,1.585
-0.072,-0.036
0.0,-2.406
0.002,-2.328
-0.084,0.112
-0.106,-2.353
-0.116,-0.81
-0.108,-0.158
-0.13,0.342
-0.203,0.306
-0.166,0.223
-0.604,-2.566
-1.091,-2.845
-2.747,-2.514
-3.116,-2.623
2.805,-2.626
2.62,-2.687
2.438,-2.672
2.197,-2.56
2.002,-2.752
1.385,-2.59
1.129,-2.791
0.407,-2.865
0.328,-2.773
0.172,-2.722
0.045,-2.832
-0.049,-2.56
-0.273,1.837
-0.434,1.767
-0.48,1.586
-0.502,1.635
-0.417,1.705
-0.663,1.69
-1.405,1.772
-1.948,1.786
-1.941,1.797
-1.993,1.643
-2.197,1.623
-2.133,1.745
-3.015,1.606
-3.067,1.569
-3.109,1.553
3.064,1.626
2.7,1.732
2.067,1.809
1.725,1.535
1.53,1.618
1.472,1.926
1.268,2.036
0.962,1.61
0.733,2.016
0.552,1.633
-0.188,1.778
-0.244,1.842
-0.265,0.26
-0.313,-1.103
-0.367,-1.826
-0.315,-0.991
-0.456,-1.817
-0.65,0.176
-0.776,1.466
-0.89,1.438
-2.454,1.278
-3.025,-1.223
1.448,0.866
0.865,0.915
-0.135,-0.037
-0.284,1.412
-0.337,-2.341
-0.347,0.377
-0.243,-2.493
-0.346,-2.027
-0.258,-0.005
-0.439,-2.496
-0.309,1.325
-0.448,-1.701
-0.444,-1.076
-0.357,-1.006
-0.4,1.137
-0.526,0.245
-0.64,0.519
-0.597,0.864
-0.806,-0.894
-0.888,0.462
-0.815,1.079
-0.86,1.083
-0.872,-0.485
-0.976,1.158
-1.013,0.42
-0.907,-1.041
-1.08,-1.185
-1.227,1.474
-1.092,-2.434
-1.324,0.569
-1.223,-2.396
-1.411,0.775
-1.302,-1.631
-1.347,-1.128
-1.527,0.122
-1.512,0.802
-1.529,1.262
-1.826,0.18
-1.863,-2.199
-1.871,-0.926
-1.98,-1.042
-2.055,-0.754
-1.949,1.368
-1.942,0.749
-2.022,-2.454
-2.191,0.225
-2.205,1.494
-2.302,1.345
-2.32,1.366
-2.189,1.361
-2.298,-2.001
-2.252,-0.904
-2.301,0.219
-2.47,1.454
-2.464,-1.355
-2.338,0.237
-2.419,-0.107
-2.419,-1.774
-2.449,1.269
-2.714,-0.793
-2.784,-0.875
-2.982,-1.954
-3.009,1.356
-2.904,-0.227
-2.913,0.629
-3.079,-2.329
3.115,-0.531
3.083,0.064
-3.105,1.428
3.043,-0.683
3.136,1.392
-3.133,0.16
2.951,-2.415
2.929,-0.896
3.03,0.586
2.959,-0.436
2.948,-2.131
2.943,1.343
2.771,-2.165
2.843,-0.103
2.802,-1.709
2.673,-1.963
2.763,-0.582
2.654,-2.289
2.782,-1.301
2.707,-1.287
2.679,-2.397
2.53,-1.733
2.52,-2.138
2.641,-0.983
2.676,1.463
2.517,1.043
2.626,-1.967
2.533,-0.859
2.485,-0.622
2.373,-2.273
2.307,-0.717
2.386,-0.182
2.374,-1.339
2.151,-2.38
2.164,0.302
2.254,1.043
2.226,-0.697
2.085,-1.968
1.992,0.892
2.098,-0.442
1.979,0.403
1.992,0.439
1.738,-1.746
1.799,-0.1
1.509,1.529
1.367,-1.205
1.484,-1.301
1.341,1.366
1.031,0.182
0.906,-0.583
0.772,-1.962
0.742,0.647
0.835,1.129
0.656,-0.297
0.752,1.345
0.582,0.537
0.398,-2.102
0.165,-0.055
0.014,1.447
-0.022,-2.109
-0.041,1.463
0.032,0.675
-0.124,-2.176
-0.022,1.249
-0.185,-2.653
-0.218,-2.776
-0.249,-2.708
-0.318,-2.763
-1.082,-2.773
-1.407,-2.731
-2.165,-2.658
2.906,-2.663
1.183,-2.568
-0.005,-2.542
-0.506,1.836
-0.558,1.952
-0.617,1.654
-0.883,1.691
-0.988,1.911
-0.985,1.588
-1.093,1.655
-1.342,1.81
-1.375,1.909
-2.848,1.798
-3.033,1.861
3.054,1.856
2.295,1.598
1.976,1.859
1.986,1.653
1.355,1.833
0.506,1.498
-0.049,1.916
-0.292,-0.974
2.418,0.495
0.662,1.134
-0.287,0.729
-0.205,-1.953
-0.269,0.024
-0.391,0.028
-0.499,-1.668
-2.875,1.09
-2.897,-0.848
2.509,-0.882
1.773,0.008
1.456,-0.008
0.543,-1.503
0.56,0.695
0.365,0.054
0.36,0.483
0.261,1.13
0.251,0.314
0.247,-0.487
0.126,-1.543
-0.158,-0.012
-0.512,0.17
-0.788,0.252
-2.793,0.214
0.049,-1.214
1.217,-2.31
0.219,1.271
0.994,-2.541
-0.804,1.676
0.072,-2.37
0.074,-2.292
-0.012,0.148
-0.034,-2.317
-0.044,-0.774
-0.036,-0.122
-0.058,0.378
-0.131,0.342
-0.094,0.259
-0.532,-2.53
-1.019,-2.809
-2.675,-2.478
-3.044,-2.587
2.877,-2.59
2.692,-2.651
2.51,-2.636
2.269,-2.524
2.074,-2.716
1.457,-2.554
1.201,-2.755
0.479,-2.829
0.4,-2.737
0.244,-2.686
0.117,-2.796
0.023,-2.524
-0.201,1.873
-0.362,1.803
-0.408,1.622
-0.43,1.671
-0.345,1.741
-0.591,1.726
-1.333,1.808
-1.876,1.822
-1.869,1.833
-1.921,1.679
-2.125,1.659
-2.061,1.781
-2.943,1.642
-2.995,1.605
-3.037,1.589
3.136,1.662
2.772,1.768
2.139,1.845
1.797,1.571
1.602,1.654
1.544,1.962
1.34,2.072
1.034,1.646
0.805,2.052
0.624,1.669
-0.116,1.814
-0.172,1.878
-0.193,0.296
-0.241,-1.067
-0.295,-1.79
-0.243,-0.955
-0.384,-1.781
-0.578,0.212
-0.704,1.502
-0.818,1.474
-2.382,1.314
-2.953,-1.187
1.52,0.902
0.937,0.951
-0.063,-0.001
-0.212,1.448
-0.265,-2.305
-0.275,0.413
-0.171,-2.457
-0.274,-1.991
-0.186,0.031
-0.367,-2.46
-0.237,1.361
-0.376,-1.665
-0.372,-1.04
-0.285,-0.97
-0.328,1.173
-0.454,0.281
-0.568,0.555
-0.525,0.9
-0.734,-0.858
-0.816,0.498
-0.743,1.115
-0.788,1.119
-0.8,-0.449
-0.904,1.194
-0.941,0.456
-0.835,-1.005
-1.008,-1.149
-1.155,1.51
-1.02,-2.398
-1.252,0.605
-1.151,-2.36
-1.339,0.811
-1.23,-1.595
-1.275,-1.092
-1.455,0.158
-1.44,0.838
-1.457,1.298
-1.754,0.216
-1.791,-2.163
-1.799,-0.89
-1.908,-1.006
-1.983,-0.718
-1.877,1.404
-1.87,0.785
-1.95,-2.418
-2.119,0.261
-2.133,1.53
-2.23,1.381
-2.248,1.402
-2.117,1.397
-2.226,-1.965
-2.18,-0.868
-2.229,0.255
-2.398,1.49
-2.392,-1.319
-2.266,0.273
-2.347,-0.071
-2.347,-1.738
-2.377,1.305
-2.642,-0.757
-2.712,-0.839
-2.91,-1.918
-2.937,1.392
-2.832,-0.191
-2.841,0.665
-3.007,-2.293
-3.096,-0.495
-3.128,0.1
-3.033,1.464
3.115,-0.647
-3.075,1.428
-3.061,0.196
3.023,-2.379
3.001,-0.86
3.102,0.622
3.031,-0.4
3.02,-2.095
3.015,1.379
2.843,-2.129
2.915,-0.067
2.874,-1.673
2.745,-1.927
2.835,-0.546
2.726,-2.253
2.854,-1.265
2.779,-1.251
2.751,-2.361
2.602,-1.697
2.592,-2.102
2.713,-0.947
2.748,1.499
2.589,1.079
2.698,-1.931
2.605,-0.823
2.557,-0.586
2.445,-2.237
2.379,-0.681
2.458,-0.146
2.446,-1.303
2.223,-2.344
2.236,0.338
2.326,1.079
2.298,-0.661
2.157,-1.932
2.064,0.928
2.17,-0.406
2.051,0.439
2.064,0.475
1.81,-1.71
1.871,-0.064
1.581,1.565
1.439,-1.169
1.556,-1.265
1.413,1.402
1.103,0.218
0.978,-0.547
0.844,-1.926
0.814,0.683
0.907,1.165
0.728,-0.261
0.824,1.381
0.654,0.573
0.47,-2.066
0.237,-0.019
0.086,1.483
0.05,-2.073
0.031,1.499
0.104,0.711
-0.052,-2.14
0.05,1.285
-0.113,-2.617
-0.146,-2.74
-0.177,-2.672
-0.246,-2.727
-1.01,-2.737
-1.335,-2.695
-2.093,-2.622
2.978,-2.627
1.255,-2.532
0.067,-2.506
-0.434,1.872
-0.486,1.988
-0.545,1.69
-0.811,1.727
-0.916,1.947
-0.913,1.624
-1.021,1.691
-1.27,1.846
-1.303,1.945
-2.776,1.834
-2.961,1.897
3.126,1.892
2.367,1.634
2.048,1.895
2.058,1.689
1.427,1.869
0.578,1.534
0.023,1.952
-0.22,-0.938
2.49,0.531
0.734,1.17
-0.215,0.765
-0.133,-1.917
-0.197,0.06
-0.319,0.064
-0.427,-1.632
-2.803,1.126
-2.825,-0.812
2.581,-0.846
1.845,0.044
1.528,0.028
0.615,-1.467
0.632,0.731
0.437,0.09
0.432,0.519
0.333,1.166
0.323,0.35
0.319,-0.451
0.198,-1.507
-0.086,0.024
-0.44,0.206
-0.716,0.288
-2.721,0.25
0.121,-1.178
1.289,-2.274
0.291,1.307
1.066,-2.505
-0.732,1.712
0.002,0.078
-0.084,2.518
-0.106,0.053
-0.116,1.596
-0.108,2.248
-0.13,2.748
-0.203,2.712
-0.166,2.629
-0.604,-0.16
-1.091,-0.439
-2.747,-0.108
-3.116,-0.217
2.805,-0.22
2.62,-0.281
2.438,-0.266
2.197,-0.154
2.002,-0.346
1.385,-0.184
1.129,-0.385
0.407,-0.459
0.328,-0.367
0.172,-0.316
0.045,-0.426
-0.049,-0.154
-0.273,4.243
-0.434,4.173
-0.48,3.992
-0.502,4.041
-0.417,4.111
-0.663,4.096
-1.405,4.178
-1.948,4.192
-1.941,4.203
-1.993,4.049
-2.197,4.029
-2.133,4.151
-3.015,4.012
-3.067,3.975
-3.109,3.959
3.064,4.032
2.7,4.138
2.067,4.215
1.725,3.941
1.53,4.024
1.472,4.332
1.268,4.442
0.962,4.016
0.733,4.422
0.552,4.039
-0.188,4.184
-0.244,4.248
-0.265,2.666
-0.313,1.303
-0.367,0.58
-0.315,1.415
-0.456,0.589
-0.65,2.582
-0.776,3.872
-0.89,3.844
-2.454,3.684
-3.025,1.183
1.448,3.272
0.865,3.321
-0.135,2.369
-0.284,3.818
-0.337,0.065
-0.347,2.783
-0.243,-0.087
-0.346,0.379
-0.258,2.401
-0.439,-0.09
-0.309,3.731
-0.448,0.705
-0.444,1.33
-0.357,1.4
-0.4,3.543
-0.526,2.651
-0.64,2.925
-0.597,3.27
-0.806,1.512
-0.888,2.868
-0.815,3.485
-0.86,3.489
-0.872,1.921
-0.976,3.564
-1.013,2.826
-0.907,1.365
-1.08,1.221
-1.227,3.88
-1.092,-0.028
-1.324,2.975
-1.223,0.01
-1.411,3.181
-1.302,0.775
-1.347,1.278
-1.527,2.528
-1.512,3.208
-1.529,3.668
-1.826,2.586
-1.863,0.207
-1.871,1.48
-1.98,1.364
-2.055,1.652
-1.949,3.774
-1.942,3.155
-2.022,-0.048
-2.191,2.631
-2.205,3.9
-2.302,3.751
-2.32,3.772
-2.189,3.767
-2.298,0.405
-2.252,1.502
-2.301,2.625
-2.47,3.86
-2.464,1.051
-2.338,2.643
-2.419,2.299
-2.419,0.632
-2.449,3.675
-2.714,1.613
-2.784,1.531
-2.982,0.452
-3.009,3.762
-2.904,2.179
-2.913,3.035
-3.079,0.077
3.115,1.875
3.083,2.47
-3.105,3.834
3.043,1.723
3.136,3.798
-3.133,2.566
2.951,-0.009
2.929,1.51
3.03,2.992
2.959,1.97
2.948,0.275
2.943,3.749
2.771,0.241
2.843,2.303
2.802,0.697
2.673,0.443
2.763,1.824
2.654,0.117
2.782,1.105
2.707,1.119
2.679,0.009
2.53,0.673
2.52,0.268
2.641,1.423
2.676,3.869
2.517,3.449
2.626,0.439
2.533,1.547
2.485,1.784
2.373,0.133
2.307,1.689
2.386,2.224
2.374,1.067
2.151,0.026
2.164,2.708
2.254,3.449
2.226,1.709
2.085,0.438
1.992,3.298
2.098,1.964
1.979,2.809
1.992,2.845
1.738,0.66
1.799,2.306
1.509,3.935
1.367,1.201
1.484,1.105
1.341,3.772
1.031,2.588
0.906,1.823
0.772,0.444
0.742,3.053
0.835,3.535
0.656,2.109
0.752,3.751
0.582,2.943
0.398,0.304
0.165,2.351
0.014,3.853
-0.022,0.297
-0.041,3.869
0.032,3.081
-0.124,0.23
-0.022,3.655
-0.185,-0.247
-0.218,-0.37
-0.249,-0.302
-0.318,-0.357
-1.082,-0.367
-1.407,-0.325
-2.165,-0.252
2.906,-0.257
1.183,-0.162
-0.005,-0.136
-0.506,4.242
-0.558,4.358
-0.617,4.06
-0.883,4.097
-0.988,4.317
-0.985,3.994
-1.093,4.061
-1.342,4.216
-1.375,4.315
-2.848,4.204
-3.033,4.267
3.054,4.262
2.295,4.004
1.976,4.265
1.986,4.059
1.355,4.239
0.506,3.904
-0.049,4.322
-0.292,1.432
2.418,2.901
0.662,3.54
-0.287,3.135
-0.205,0.453
-0.269,2.43
-0.391,2.434
-0.499,0.738
-2.875,3.496
-2.897,1.558
2.509,1.524
1.773,2.414
1.456,2.398
0.543,0.903
0.56,3.101
0.365,2.46
0.36,2.889
0.261,3.536
0.251,2.72
0.247,1.919
0.126,0.863
-0.158,2.394
-0.512,2.576
-0.788,2.658
-2.793,2.62
0.049,1.192
1.217,0.096
0.219,3.677
0.994,-0.135
-0.804,4.082
-0.086,2.44
-0.108,-0.025
-0.118,1.518
-0.11,2.17
-0.132,2.67
-0.205,2.634
-0.168,2.551
-0.606,-0.238
-1.093,-0.517
-2.749,-0.186
-3.118,-0.295
2.803,-0.298
2.618,-0.359
2.436,-0.344
2.195,-0.232
2.0,-0.424
1.383,-0.262
1.127,-0.463
0.405,-0.537
0.326,-0.445
0.17,-0.394
0.043,-0.504
-0.051,-0.232
-0.275,4.165
-0.436,4.095
-0.482,3.914
-0.504,3.963
-0.419,4.033
-0.665,4.018
-1.407,4.1
-1.95,4.114
-1.943,4.125
-1.995,3.971
-2.199,3.951
-2.135,4.073
-3.017,3.934
-3.069,3.897
-3.111,3.881
3.062,3.954
2.698,4.06
2.065,4.137
1.723,3.863
1.528,3.946
1.47,4.254
1.266,4.364
0.96,3.938
0.731,4.344
0.55,3.961
-0.19,4.106
-0.246,4.17
-0.267,2.588
-0.315,1.225
-0.369,0.502
-0.317,1.337
-0.458,0.511
-0.652,2.504
-0.778,3.794
-0.892,3.766
-2.456,3.606
-3.027,1.105
1.446,3.194
0.863,3.243
-0.137,2.291
-0.286,3.74
-0.339,-0.013
-0.349,2.705
-0.245,-0.165
-0.348,0.301
-0.26,2.323
-0.441,-0.168
-0.311,3.653
-0.45,0.627
-0.446,1.252
-0.359,1.322
-0.402,3.465
-0.528,2.573
-0.642,2.847
-0.599,3.192
-0.808,1.434
-0.89,2.79
-0.817,3.407
-0.862,3.411
-0.874,1.843
-0.978,3.486
-1.015,2.748
-0.909,1.287
-1.082,1.143
-1.229,3.802
-1.094,-0.106
-1.326,2.897
-1.225,-0.068
-1.413,3.103
-1.304,0.697
-1.349,1.2
-1.529,2.45
-1.514,3.13
-1.531,3.59
-1.828,2.508
-1.865,0.129
-1.873,1.402
-1.982,1.286
-2.057,1.574
-1.951,3.696
-1.944,3.077
-2.024,-0.126
-2.193,2.553
-2.207,3.822
-2.304,3.673
-2.322,3.694
-2.191,3.689
-2.3,0.327
-2.254,1.424
-2.303,2.547
-2.472,3.782
-2.466,0.973
-2.34,2.565
-2.421,2.221
-2.421,0.554
-2.451,3.597
-2.716,1.535
-2.786,1.453
-2.984,0.374
-3.011,3.684
-2.906,2.101
-2.915,2.957
-3.081,-0.001
3.113,1.797
3.081,2.392
-3.107,3.756
3.041,1.645
3.134,3.72
-3.135,2.488
2.949,-0.087
2.927,1.432
3.028,2.914
2.957,1.892
2.946,0.197
2.941,3.671
2.769,0.163
2.841,2.225
2.8,0.619
2.671,0.365
2.761,1.746
2.652,0.039
2.78,1.027
2.705,1.041
2.677,-0.069
2.528,0.595
2.518,0.19
2.639,1.345
2.674,3.791
2.515,3.371
2.624,0.361
2.531,1.469
2.483,1.706
2.371,0.055
2.305,1.611
2.384,2.146
2.372,0.989
2.149,-0.052
2.162,2.63
2.252,3.371
2.224,1.631
2.083,0.36
1.99,3.22
2.096,1.886
1.977,2.731
1.99,2.767
1.736,0.582
1.797,2.228
1.507,3.857
1.365,1.123
1.482,1.027
1.339,3.694
1.029,2.51
0.904,1.745
0.77,0.366
0.74,2.975
0.833,3.457
0.654,2.031
0.75,3.673
0.58,2.865
0.396,0.226
0.163,2.273
0.012,3.775
-0.024,0.219
-0.043,3.791
0.03,3.003
-0.126,0.152
-0.024,3.577
-0.187,-0.325
-0.22,-0.448
-0.251,-0.38
-0.32,-0.435
-1.084,-0.445
-1.409,-0.403
-2.167,-0.33
2.904,-0.335
1.181,-0.24
-0.007,-0.214
-0.508,4.164
-0.56,4.28
-0.619,3.982
-0.885,4.019
-0.99,4.239
-0.987,3.916
-1.095,3.983
-1.344,4.138
-1.377,4.237
-2.85,4.126
-3.035,4.189
3.052,4.184
2.293,3.926
1.974,4.187
1.984,3.981
1.353,4.161
0.504,3.826
-0.051,4.244
-0.294,1.354
2.416,2.823
0.66,3.462
-0.289,3.057
-0.207,0.375
-0.271,2.352
-0.393,2.356
-0.501,0.66
-2.877,3.418
-2.899,1.48
2.507,1.446
1.771,2.336
1.454,2.32
0.541,0.825
0.558,3.023
0.363,2.382
0.358,2.811
0.259,3.458
0.249,2.642
0.245,1.841
0.124,0.785
-0.16,2.316
-0.514,2.498
-0.79,2.58
-2.795,2.542
0.047,1.114
1.215,0.018
0.217,3.599
0.992,-0.213
-0.806,4.004
-0.022,-2.465
-0.032,-0.922
-0.024,-0.27
-0.046,0.23
-0.119,0.194
-0.082,0.111
-0.52,-2.678
-1.007,-2.957
-2.663,-2.626
-3.032,-2.735
2.889,-2.738
2.704,-2.799
2.522,-2.784
2.281,-2.672
2.086,-2.864
1.469,-2.702
1.213,-2.903
0.491,-2.977
0.412,-2.885
0.256,-2.834
0.129,-2.944
0.035,-2.672
-0.189,1.725
-0.35,1.655
-0.396,1.474
-0.418,1.523
-0.333,1.593
-0.579,1.578
-1.321,1.66
-1.864,1.674
-1.857,1.685
-1.909,1.531
-2.113,1.511
-2.049,1.633
-2.931,1.494
-2.983,1.457
-3.025,1.441
-3.135,1.514
2.784,1.62
2.151,1.697
1.809,1.423
1.614,1.506
1.556,1.814
1.352,1.924
1.046,1.498
0.817,1.904
0.636,1.521
-0.104,1.666
-0.16,1.73
-0.181,0.148
-0.229,-1.215
-0.283,-1.938
-0.231,-1.103
-0.372,-1.929
-0.566,0.064
-0.692,1.354
-0.806,1.326
-2.37,1.166
-2.941,-1.335
1.532,0.754
0.949,0.803
-0.051,-0.149
-0.2,1.3
-0.253,-2.453
-0.263,0.265
-0.159,-2.605
-0.262,-2.139
-0.174,-0.117
-0.355,-2.608
-0.225,1.213
-0.364,-1.813
-0.36,-1.188
-0.273,-1.118
-0.316,1.025
-0.442,0.133
-0.556,0.407
-0.513,0.752
-0.722,-1.006
-0.804,0.35
-0.731,0.967
-0.776,0.971
-0.788,-0.597
-0.892,1.046
-0.929,0.308
-0.823,-1.153
-0.996,-1.297
-1.143,1.362
-1.008,-2.546
-1.24,0.457
-1.139,-2.508
-1.327,0.663
-1.218,-1.743
-1.263,-1.24
-1.443,0.01
-1.428,0.69
-1.445,1.15
-1.742,0.068
-1.779,-2.311
-1.787,-1.038
-1.896,-1.154
-1.971,-0.866
-1.865,1.256
-1.858,0.637
-1.938,-2.566
-2.107,0.113
-2.121,1.382
-2.218,1.233
-2.236,1.254
-2.105,1.249
-2.214,-2.113
-2.168,-1.016
-2.217,0.107
-2.386,1.342
-2.38,-1.467
-2.254,0.125
-2.335,-0.219
-2.335,-1.886
-2.365,1.157
-2.63,-0.905
-2.7,-0.987
-2.898,-2.066
-2.925,1.244
-2.82,-0.339
-2.829,0.517
-2.995,-2.441
-3.084,-0.643
-3.116,-0.048
-3.021,1.316
3.127,-0.795
-3.063,1.28
-3.049,0.048
3.035,-2.527
3.013,-1.008
3.114,0.474
3.043,-0.548
3.032,-2.243
3.027,1.231
2.855,-2.277
2.927,-0.215
2.886,-1.821
2.757,-2.075
2.847,-0.694
2.738,-2.401
2.866,-1.413
2.791,-1.399
2.763,-2.509
2.614,-1.845
2.604,-2.25
2.725,-1.095
2.76,1.351
2.601,0.931
2.71,-2.079
2.617,-0.971
2.569,-0.734
2.457,-2.385
2.391,-0.829
2.47,-0.294
2.458,-1.451
2.235,-2.492
2.248,0.19
2.338,0.931
2.31,-0.809
2.169,-2.08
2.076,0.78
2.182,-0.554
2.063,0.291
2.076,0.327
1.822,-1.858
1.883,-0.212
1.593,1.417
1.451,-1.317
1.568,-1.413
1.425,1.254
1.115,0.07
0.99,-0.695
0.856,-2.074
0.826,0.535
0.919,1.017
0.74,-0.409
0.836,1.233
0.666,0.425
0.482,-2.214
0.249,-0.167
0.098,1.335
0.062,-2.221
0.043,1.351
0.116,0.563
-0.04,-2.288
0.062,1.137
-0.101,-2.765
-0.134,-2.888
-0.165,-2.82
-0.234,-2.875
-0.998,-2.885
-1.323,-2.843
-2.081,-2.77
2.99,-2.775
1.267,-2.68
0.079,-2.654
-0.422,1.724
-0.474,1.84
-0.533,1.542
-0.799,1.579
-0.904,1.799
-0.901,1.476
-1.009,1.543
-1.258,1.698
-1.291,1.797
-2.764,1.686
-2.949,1.749
3.138,1.744
2.379,1.486
2.06,1.747
2.07,1.541
1.439,1.721
0.59,1.386
0.035,1.804
-0.208,-1.086
2.502,0.383
0.746,1.022
-0.203,0.617
-0.121,-2.065
-0.185,-0.088
-0.307,-0.084
-0.415,-1.78
-2.791,0.978
-2.813,-0.96
2.593,-0.994
1.857,-0.104
1.54,-0.12
0.627,-1.615
0.644,0.583
0.449,-0.058
0.444,0.371
0.345,1.018
0.335,0.202
0.331,-0.599
0.21,-1.655
-0.074,-0.124
-0.428,0.058
-0.704,0.14
-2.709,0.102
0.133,-1.326
1.301,-2.422
0.303,1.159
1.078,-2.653
-0.72,1.564
-0.01,1.543
-0.002,2.195
-0.024,2.695
-0.097,2.659
-0.06,2.576
-0.498,-0.213
-0.985,-0.492
-2.641,-0.161
-3.01,-0.27
2.911,-0.273
2.726,-0.334
2.544,-0.319
2.303,-0.207
2.108,-0.399
1.491,-0.237
1.235,-0.438
0.513,-0.512
0.434,-0.42
0.278,-0.369
0.151,-0.479
0.057,-0.207
-0.167,4.19
-0.328,4.12
-0.374,3.939
-0.396,3.988
-0.311,4.058
-0.557,4.043
-1.299,4.125
-1.842,4.139
-1.835,4.15
-1.887,3.996
-2.091,3.976
-2.027,4.098
-2.909,3.959
-2.961,3.922
-3.003,3.906
-3.113,3.979
2.806,4.085
2.173,4.162
1.831,3.888
1.636,3.971
1.578,4.279
1.374,4.389
1.068,3.963
0.839,4.369
0.658,3.986
-0.082,4.131
-0.138,4.195
-0.159,2.613
-0.207,1.25
-0.261,0.527
-0.209,1.362
-0.35,0.536
-0.544,2.529
-0.67,3.819
-0.784,3.791
-2.348,3.631
-2.919,1.13
1.554,3.219
0.971,3.268
-0.029,2.316
-0.178,3.765
-0.231,0.012
-0.241,2.73
-0.137,-0.14
-0.24,0.326
-0.152,2.348
-0.333,-0.143
-0.203,3.678
-0.342,0.652
-0.338,1.277
-0.251,1.347
-0.294,3.49
-0.42,2.598
-0.534,2.872
-0.491,3.217
-0.7,1.459
-0.782,2.815
-0.709,3.432
-0.754,3.436
-0.766,1.868
-0.87,3.511
-0.907,2.773
-0.801,1.312
-0.974,1.168
-1.121,3.827
-0.986,-0.081
-1.218,2.922
-1.117,-0.043
-1.305,3.128
-1.196,0.722
-1.241,1.225
-1.421,2.475
-1.406,3.155
-1.423,3.615
-1.72,2.533
-1.757,0.154
-1.765,1.427
-1.874,1.311
-1.949,1.599
-1.843,3.721
-1.836,3.102
-1.916,-0.101
-2.085,2.578
-2.099,3.847
-2.196,3.698
-2.214,3.719
-2.083,3.714
-2.192,0.352
-2.146,1.449
-2.195,2.572
-2.364,3.807
-2.358,0.998
-2.232,2.59
-2.313,2.246
-2.313,0.579
-2.343,3.622
-2.608,1.56
-2.678,1.478
-2.876,0.399
-2.903,3.709
-2.798,2.126
-2.807,2.982
-2.973,0.024
-3.062,1.822
-3.094,2.417
-2.999,3.781
-3.134,1.67
-3.041,3.745
-3.027,2.513
3.057,-0.062
3.035,1.457
3.136,2.939
3.065,1.917
3.054,0.222
3.049,3.696
2.877,0.188
2.949,2.25
2.908,0.644
2.779,0.39
2.869,1.771
2.76,0.064
2.888,1.052
2.813,1.066
2.785,-0.044
2.636,0.62
2.626,0.215
2.747,1.37
2.782,3.816
2.623,3.396
2.732,0.386
2.639,1.494
2.591,1.731
2.479,0.08
2.413,1.636
2.492,2.171
2.48,1.014
2.257,-0.027
2.27,2.655
2.36,3.396
2.332,1.656
2.191,0.385
2.098,3.245
2.204,1.911
2.085,2.756
2.098,2.792
1.844,0.607
1.905,2.253
1.615,3.882
1.473,1.148
1.59,1.052
1.447,3.719
1.137,2.535
1.012,1.77
0.878,0.391
0.848,3.0
0.941,3.482
0.762,2.056
0.858,3.698
0.688,2.89
0.504,0.251
0.271,2.298
0.12,3.8
0.084,0.244
0.065,3.816
0.138,3.028
-0.018,0.177
0.084,3.602
-0.079,-0.3
-0.112,-0.423
-0.143,-0.355
-0.212,-0.41
-0.976,-0.42
-1.301,-0.378
-2.059,-0.305
3.012,-0.31
1.289,-0.215
0.101,-0.189
-0.4,4.189
-0.452,4.305
-0.511,4.007
-0.777,4.044
-0.882,4.264
-0.879,3.941
-0.987,4.008
-1.236,4.163
-1.269,4.262
-2.742,4.151
-2.927,4.214
-3.123,4.209
2.401,3.951
2.082,4.212
2.092,4.006
1.461,4.186
0.612,3.851
0.057,4.269
-0.186,1.379
2.524,2.848
0.768,3.487
-0.181,3.082
-0.099,0.4
-0.163,2.377
-0.285,2.381
-0.393,0.685
-2.769,3.443
-2.791,1.505
2.615,1.471
1.879,2.361
1.562,2.345
0.649,0.85
0.666,3.048
0.471,2.407
0.466,2.836
0.367,3.483
0.357,2.667
0.353,1.866
0.232,0.81
-0.052,2.341
-0.406,2.523
-0.682,2.605
-2.687,2.567
0.155,1.139
1.323,0.043
0.325,3.624
1.1,-0.188
-0.698,4.029
0.008,0.652
-0.014,1.152
-0.087,1.116
-0.05,1.033
-0.488,-1.756
-0.975,-2.035
-2.631,-1.704
-3.0,-1.813
2.921,-1.816
2.736,-1.877
2.554,-1.862
2.313,-1.75
2.118,-1.942
1.501,-1.78
1.245,-1.981
0.523,-2.055
0.444,-1.963
0.288,-1.912
0.161,-2.022
0.067,-1.75
-0.157,2.647
-0.318,2.577
-0.364,2.396
-0.386,2.445
-0.301,2.515
-0.547,2.5
-1.289,2.582
-1.832,2.596
-1.825,2.607
-1.877,2.453
-2.081,2.433
-2.017,2.555
-2.899,2.416
-2.951,2.379
-2.993,2.363
-3.103,2.436
2.816,2.542
2.183,2.619
1.841,2.345
1.646,2.428
1.588,2.736
1.384,2.846
1.078,2.42
0.849,2.826
0.668,2.443
-0.072,2.588
-0.128,2.652
-0.149,1.07
-0.197,-0.293
-0.251,-1.016
-0.199,-0.181
-0.34,-1.007
-0.534,0.986
-0.66,2.276
-0.774,2.248
-2.338,2.088
-2.909,-0.413
1.564,1.676
0.981,1.725
-0.019,0.773
-0.168,2.222
-0.221,-1.531
-0.231,1.187
-0.127,-1.683
-0.23,-1.217
-0.142,0.805
-0.323,-1.686
-0.193,2.135
-0.332,-0.891
-0.328,-0.266
-0.241,-0.196
-0.284,1.947
-0.41,1.055
-0.524,1.329
-0.481,1.674
-0.69,-0.084
-0.772,1.272
-0.699,1.889
-0.744,1.893
-0.756,0.325
-0.86,1.968
-0.897,1.23
-0.791,-0.231
-0.964,-0.375
-1.111,2.284
-0.976,-1.624
-1.208,1.379
-1.107,-1.586
-1.295,1.585
-1.186,-0.821
-1.231,-0.318
-1.411,0.932
-1.396,1.612
-1.413,2.072
-1.71,0.99
-1.747,-1.389
-1.755,-0.116
-1.864,-0.232
-1.939,0.056
-1.833,2.178
-1.826,1.559
-1.906,-1.644
-2.075,1.035
-2.089,2.304
-2.186,2.155
-2.204,2.176
-2.073,2.171
-2.182,-1.191
-2.136,-0.094
-2.185,1.029
-2.354,2.264
-2.348,-0.545
-2.222,1.047
-2.303,0.703
-2.303,-0.964
-2.333,2.079
-2.598,0.017
-2.668,-0.065
-2.866,-1.144
-2.893,2.166
-2.788,0.583
-2.797,1.439
-2.963,-1.519
-3.052,0.279
-3.084,0.874
-2.989,2.238
-3.124,0.127
-3.031,2.202
-3.017,0.97
3.067,-1.605
3.045,-0.086
-3.137,1.396
3.075,0.374
3.064,-1.321
3.059,2.153
2.887,-1.355
2.959,0.707
2.918,-0.899
2.789,-1.153
2.879,0.228
2.77,-1.479
2.898,-0.491
2.823,-0.477
2.795,-1.587
2.646,-0.923
2.636,-1.328
2.757,-0.173
2.792,2.273
2.633,1.853
2.742,-1.157
2.649,-0.049
2.601,0.188
2.489,-1.463
2.423,0.093
2.502,0.628
2.49,-0.529
2.267,-1.57
2.28,1.112
2.37,1.853
2.342,0.113
2.201,-1.158
2.108,1.702
2.214,0.368
2.095,1.213
2.108,1.249
1.854,-0.936
1.915,0.71
1.625,2.339
1.483,-0.395
1.6,-0.491
1.457,2.176
1.147,0.992
1.022,0.227
0.888,-1.152
0.858,1.457
0.951,1.939
0.772,0.513
0.868,2.155
0.698,1.347
0.514,-1.292
0.281,0.755
0.13,2.257
0.094,-1.299
0.075,2.273
0.148,1.485
-0.008,-1.366
0.094,2.059
-0.069,-1.843
-0.102,-1.966
-0.133,-1.898
-0.202,-1.953
-0.966,-1.963
-1.291,-1.921
-2.049,-1.848
3.022,-1.853
1.299,-1.758
0.111,-1.732
-0.39,2.646
-0.442,2.762
-0.501,2.464
-0.767,2.501
-0.872,2.721
-0.869,2.398
-0.977,2.465
-1.226,2.62
-1.259,2.719
-2.732,2.608
-2.917,2.671
-3.113,2.666
2.411,2.408
2.092,2.669
2.102,2.463
1.471,2.643
0.622,2.308
0.067,2.726
-0.176,-0.164
2.534,1.305
0.778,1.944
-0.171,1.539
-0.089,-1.143
-0.153,0.834
-0.275,0.838
-0.383,-0.858
-2.759,1.9
-2.781,-0.038
2.625,-0.072
1.889,0.818
1.572,0.802
0.659,-0.693
0.676,1.505
0.481,0.864
0.476,1.293
0.377,1.94
0.367,1.124
0.363,0.323
0.242,-0.733
-0.042,0.798
-0.396,0.98
-0.672,1.062
-2.677,1.024
0.165,-0.404
1.333,-1.5
0.335,2.081
1.11,-1.731
-0.688,2.486
-0.022,0.5
-0.095,0.464
-0.058,0.381
-0.496,-2.408
-0.983,-2.687
-2.639,-2.356
-3.008,-2.465
2.913,-2.468
2.728,-2.529
2.546,-2.514
2.305,-2.402
2.11,-2.594
1.493,-2.432
1.237,-2.633
0.515,-2.707
0.436,-2.615
0.28,-2.564
0.153,-2.674
0.059,-2.402
-0.165,1.995
-0.326,1.925
-0.372,1.744
-0.394,1.793
-0.309,1.863
-0.555,1.848
-1.297,1.93
-1.84,1.944
-1.833,1.955
-1.885,1.801
-2.089,1.781
-2.025,1.903
-2.907,1.764
-2.959,1.727
-3.001,1.711
-3.111,1.784
2.808,1.89
2.175,1.967
1.833,1.693
1.638,1.776
1.58,2.084
1.376,2.194
1.07,1.768
0.841,2.174
0.66,1.791
-0.08,1.936
-0.136,2.0
-0.157,0.418
-0.205,-0.945
-0.259,-1.668
-0.207,-0.833
-0.348,-1.659
-0.542,0.334
-0.668,1.624
-0.782,1.596
-2.346,1.436
-2.917,-1.065
1.556,1.024
0.973,1.073
-0.027,0.121
-0.176,1.57
-0.229,-2.183
-0.239,0.535
-0.135,-2.335
-0.238,-1.869
-0.15,0.153
-0.331,-2.338
-0.201,1.483
-0.34,-1.543
-0.336,-0.918
-0.249,-0.848
-0.292,1.295
-0.418,0.403
-0.532,0.677
-0.489,1.022
-0.698,-0.736
-0.78,0.62
-0.707,1.237
-0.752,1.241
-0.764,-0.327
-0.868,1.316
-0.905,0.578
-0.799,-0.883
-0.972,-1.027
-1.119,1.632
-0.984,-2.276
-1.216,0.727
-1.115,-2.238
-1.303,0.933
-1.194,-1.473
-1.239,-0.97
-1.419,0.28
-1.404,0.96
-1.421,1.42
-1.718,0.338
-1.755,-2.041
-1.763,-0.768
-1.872,-0.884
-1.947,-0.596
-1.841,1.526
-1.834,0.907
-1.914,-2.296
-2.083,0.383
-2.097,1.652
-2.194,1.503
-2.212,1.524
-2.081,1.519
-2.19,-1.843
-2.144,-0.746
-2.193,0.377
-2.362,1.612
-2.356,-1.197
-2.23,0.395
-2.311,0.051
-2.311,-1.616
-2.341,1.427
-2.606,-0.635
-2.676,-0.717
-2.874,-1.796
-2.901,1.514
-2.796,-0.069
-2.805,0.787
-2.971,-2.171
-3.06,-0.373
-3.092,0.222
-2.997,1.586
-3.132,-0.525
-3.039,1.55
-3.025,0.318
3.059,-2.257
3.037,-0.738
3.138,0.744
3.067,-0.278
3.056,-1.973
3.051,1.501
2.879,-2.007
2.951,0.055
2.91,-1.551
2.781,-1.805
2.871,-0.424
2.762,-2.131
2.89,-1.143
2.815,-1.129
2.787,-2.239
2.638,-1.575
2.628,-1.98
2.749,-0.825
2.784,1.621
2.625,1.201
2.734,-1.809
2.641,-0.701
2.593,-0.464
2.481,-2.115
2.415,-0.559
2.494,-0.024
2.482,-1.181
2.259,-2.222
2.272,0.46
2.362,1.201
2.334,-0.539
2.193,-1.81
2.1,1.05
2.206,-0.284
2.087,0.561
2.1,0.597
1.846,-1.588
1.907,0.058
1.617,1.687
1.475,-1.047
1.592,-1.143
1.449,1.524
1.139,0.34
1.014,-0.425
0.88,-1.804
0.85,0.805
0.943,1.287
0.764,-0.139
0.86,1.503
0.69,0.695
0.506,-1.944
0.273,0.103
0.122,1.605
0.086,-1.951
0.067,1.621
0.14,0.833
-0.016,-2.018
0.086,1.407
-0.077,-2.495
-0.11,-2.618
-0.141,-2.55
-0.21,-2.605
-0.974,-2.615
-1.299,-2.573
-2.057,-2.5
3.014,-2.505
1.291,-2.41
0.103,-2.384
-0.398,1.994
-0.45,2.11
-0.509,1.812
-0.775,1.849
-0.88,2.069
-0.877,1.746
-0.985,1.813
-1.234,1.968
-1.267,2.067
-2.74,1.956
-2.925,2.019
-3.121,2.014
2.403,1.756
2.084,2.017
2.094,1.811
1.463,1.991
0.614,1.656
0.059,2.074
-0.184,-0.816
2.526,0.653
0.77,1.292
-0.179,0.887
-0.097,-1.795
-0.161,0.182
-0.283,0.186
-0.391,-1.51
-2.767,1.248
-2.789,-0.69
2.617,-0.724
1.881,0.166
1.564,0.15
0.651,-1.345
0.668,0.853
0.473,0.212
0.468,0.641
0.369,1.288
0.359,0.472
0.355,-0.329
0.234,-1.385
-0.05,0.146
-0.404,0.328
-0.68,0.41
-2.685,0.372
0.157,-1.056
1.325,-2.152
0.327,1.429
1.102,-2.383
-0.696,1.834
-0.073,-0.036
-0.036,-0.119
-0.474,-2.908
-0.961,-3.187
-2.617,-2.856
-2.986,-2.965
2.935,-2.968
2.75,-3.029
2.568,-3.014
2.327,-2.902
2.132,-3.094
1.515,-2.932
1.259,-3.133
0.537,-3.207
0.458,-3.115
0.302,-3.064
0.175,-3.174
0.081,-2.902
-0.143,1.495
-0.304,1.425
-0.35,1.244
-0.372,1.293
-0.287,1.363
-0.533,1.348
-1.275,1.43
-1.818,1.444
-1.811,1.455
-1.863,1.301
-2.067,1.281
-2.003,1.403
-2.885,1.264
-2.937,1.227
-2.979,1.211
-3.089,1.284
2.83,1.39
2.197,1.467
1.855,1.193
1.66,1.276
1.602,1.584
1.398,1.694
1.092,1.268
0.863,1.674
0.682,1.291
-0.058,1.436
-0.114,1.5
-0.135,-0.082
-0.183,-1.445
-0.237,-2.168
-0.185,-1.333
-0.326,-2.159
-0.52,-0.166
-0.646,1.124
-0.76,1.096
-2.324,0.936
-2.895,-1.565
1.578,0.524
0.995,0.573
-0.005,-0.379
-0.154,1.07
-0.207,-2.683
-0.217,0.035
-0.113,-2.835
-0.216,-2.369
-0.128,-0.347
-0.309,-2.838
-0.179,0.983
-0.318,-2.043
-0.314,-1.418
-0.227,-1.348
-0.27,0.795
-0.396,-0.097
-0.51,0.177
-0.467,0.522
-0.676,-1.236
-0.758,0.12
-0.685,0.737
-0.73,0.741
-0.742,-0.827
-0.846,0.816
-0.883,0.078
-0.777,-1.383
-0.95,-1.527
-1.097,1.132
-0.962,-2.776
-1.194,0.227
-1.093,-2.738
-1.281,0.433
-1.172,-1.973
-1.217,-1.47
-1.397,-0.22
-1.382,0.46
-1.399,0.92
-1.696,-0.162
-1.733,-2.541
-1.741,-1.268
-1.85,-1.384
-1.925,-1.096
-1.819,1.026
-1.812,0.407
-1.892,-2.796
-2.061,-0.117
-2.075,1.152
-2.172,1.003
-2.19,1.024
-2.059,1.019
-2.168,-2.343
-2.122,-1.246
-2.171,-0.123
-2.34,1.112
-2.334,-1.697
-2.208,-0.105
-2.289,-0.449
-2.289,-2.116
-2.319,0.927
-2.584,-1.135
-2.654,-1.217
-2.852,-2.296
-2.879,1.014
-2.774,-0.569
-2.783,0.287
-2.949,-2.671
-3.038,-0.873
-3.07,-0.278
-2.975,1.086
-3.11,-1.025
-3.017,1.05
-3.003,-0.182
3.081,-2.757
3.059,-1.238
-3.123,0.244
3.089,-0.778
3.078,-2.473
3.073,1.001
2.901,-2.507
2.973,-0.445
2.932,-2.051
2.803,-2.305
2.893,-0.924
2.784,-2.631
2.912,-1.643
2.837,-1.629
2.809,-2.739
2.66,-2.075
2.65,-2.48
2.771,-1.325
2.806,1.121
2.647,0.701
2.756,-2.309
2.663,-1.201
2.615,-0.964
2.503,-2.615
2.437,-1.059
2.516,-0.524
2.504,-1.681
2.281,-2.722
2.294,-0.04
2.384,0.701
2.356,-1.039
2.215,-2.31
2.122,0.55
2.228,-0.784
2.109,0.061
2.122,0.097
1.868,-2.088
1.929,-0.442
1.639,1.187
1.497,-1.547
1.614,-1.643
1.471,1.024
1.161,-0.16
1.036,-0.925
0.902,-2.304
0.872,0.305
0.965,0.787
0.786,-0.639
0.882,1.003
0.712,0.195
0.528,-2.444
0.295,-0.397
0.144,1.105
0.108,-2.451
0.089,1.121
0.162,0.333
0.006,-2.518
0.108,0.907
-0.055,-2.995
-0.088,-3.118
-0.119,-3.05
-0.188,-3.105
-0.952,-3.115
-1.277,-3.073
-2.035,-3.0
3.036,-3.005
1.313,-2.91
0.125,-2.884
-0.376,1.494
-0.428,1.61
-0.487,1.312
-0.753,1.349
-0.858,1.569
-0.855,1.246
-0.963,1.313
-1.212,1.468
-1.245,1.567
-2.718,1.456
-2.903,1.519
-3.099,1.514
2.425,1.256
2.106,1.517
2.116,1.311
1.485,1.491
0.636,1.156
0.081,1.574
-0.162,-1.316
2.548,0.153
0.792,0.792
-0.157,0.387
-0.075,-2.295
-0.139,-0.318
-0.261,-0.314
-0.369,-2.01
-2.745,0.748
-2.767,-1.19
2.639,-1.224
1.903,-0.334
1.586,-0.35
0.673,-1.845
0.69,0.353
0.495,-0.288
0.49,0.141
0.391,0.788
0.381,-0.028
0.377,-0.829
0.256,-1.885
-0.028,-0.354
-0.382,-0.172
-0.658,-0.09
-2.663,-0.128
0.179,-1.556
1.347,-2.652
0.349,0.929
1.124,-2.883
-0.674,1.334
0.037,-0.083
-0.401,-2.872
-0.888,-3.151
-2.544,-2.82
-2.913,-2.929
3.008,-2.932
2.823,-2.993
2.641,-2.978
2.4,-2.866
2.205,-3.058
1.588,-2.896
1.332,-3.097
0.61,-3.171
0.531,-3.079
0.375,-3.028
0.248,-3.138
0.154,-2.866
-0.07,1.531
-0.231,1.461
-0.277,1.28
-0.299,1.329
-0.214,1.399
-0.46,1.384
-1.202,1.466
-1.745,1.48
-1.738,1.491
-1.79,1.337
-1.994,1.317
-1.93,1.439
-2.812,1.3
-2.864,1.263
-2.906,1.247
-3.016,1.32
2.903,1.426
2.27,1.503
1.928,1.229
1.733,1.312
1.675,1.62
1.471,1.73
1.165,1.304
0.936,1.71
0.755,1.327
0.015,1.472
-0.041,1.536
-0.062,-0.046
-0.11,-1.409
-0.164,-2.132
-0.112,-1.297
-0.253,-2.123
-0.447,-0.13
-0.573,1.16
-0.687,1.132
-2.251,0.972
-2.822,-1.529
1.651,0.56
1.068,0.609
0.068,-0.343
-0.081,1.106
-0.134,-2.647
-0.144,0.071
-0.04,-2.799
-0.143,-2.333
-0.055,-0.311
-0.236,-2.802
-0.106,1.019
-0.245,-2.007
-0.241,-1.382
-0.154,-1.312
-0.197,0.831
-0.323,-0.061
-0.437,0.213
-0.394,0.558
-0.603,-1.2
-0.685,0.156
-0.612,0.773
-0.657,0.777
-0.669,-0.791
-0.773,0.852
-0.81,0.114
-0.704,-1.347
-0.877,-1.491
-1.024,1.168
-0.889,-2.74
-1.121,0.263
-1.02,-2.702
-1.208,0.469
-1.099,-1.937
-1.144,-1.434
-1.324,-0.184
-1.309,0.496
-1.326,0.956
-1.623,-0.126
-1.66,-2.505
-1.668,-1.232
-1.777,-1.348
-1.852,-1.06
-1.746,1.062
-1.739,0.443
-1.819,-2.76
-1.988,-0.081
-2.002,1.188
-2.099,1.039
-2.117,1.06
-1.986,1.055
-2.095,-2.307
-2.049,-1.21
-2.098,-0.087
-2.267,1.148
-2.261,-1.661
-2.135,-0.069
-2.216,-0.413
-2.216,-2.08
-2.246,0.963
-2.511,-1.099
-2.581,-1.181
-2.779,-2.26
-2.806,1.05
-2.701,-0.533
-2.71,0.323
-2.876,-2.635
-2.965,-0.837
-2.997,-0.242
-2.902,1.122
-3.037,-0.989
-2.944,1.086
-2.93,-0.146
-3.129,-2.721
3.132,-1.202
-3.05,0.28
-3.121,-0.742
-3.132,-2.437
-3.137,1.037
2.974,-2.471
3.046,-0.409
3.005,-2.015
2.876,-2.269
2.966,-0.888
2.857,-2.595
2.985,-1.607
2.91,-1.593
2.882,-2.703
2.733,-2.039
2.723,-2.444
2.844,-1.289
2.879,1.157
2.72,0.737
2.829,-2.273
2.736,-1.165
2.688,-0.928
2.576,-2.579
2.51,-1.023
2.589,-0.488
2.577,-1.645
2.354,-2.686
2.367,-0.004
2.457,0.737
2.429,-1.003
2.288,-2.274
2.195,0.586
2.301,-0.748
2.182,0.097
2.195,0.133
1.941,-2.052
2.002,-0.406
1.712,1.223
1.57,-1.511
1.687,-1.607
1.544,1.06
1.234,-0.124
1.109,-0.889
0.975,-2.268
0.945,0.341
1.038,0.823
0.859,-0.603
0.955,1.039
0.785,0.231
0.601,-2.408
0.368,-0.361
0.217,1.141
0.181,-2.415
0.162,1.157
0.235,0.369
0.079,-2.482
0.181,0.943
0.018,-2.959
-0.015,-3.082
-0.046,-3.014
-0.115,-3.069
-0.879,-3.079
-1.204,-3.037
-1.962,-2.964
3.109,-2.969
1.386,-2.874
0.198,-2.848
-0.303,1.53
-0.355,1.646
-0.414,1.348
-0.68,1.385
-0.785,1.605
-0.782,1.282
-0.89,1.349
-1.139,1.504
-1.172,1.603
-2.645,1.492
-2.83,1.555
-3.026,1.55
2.498,1.292
2.179,1.553
2.189,1.347
1.558,1.527
0.709,1.192
0.154,1.61
-0.089,-1.28
2.621,0.189
0.865,0.828
-0.084,0.423
-0.002,-2.259
-0.066,-0.282
-0.188,-0.278
-0.296,-1.974
-2.672,0.784
-2.694,-1.154
2.712,-1.188
1.976,-0.298
1.659,-0.314
0.746,-1.809
0.763,0.389
0.568,-0.252
0.563,0.177
0.464,0.824
0.454,0.008
0.45,-0.793
0.329,-1.849
0.045,-0.318
-0.309,-0.136
-0.585,-0.054
-2.59,-0.092
0.252,-1.52
1.42,-2.616
0.422,0.965
1.197,-2.847
-0.601,1.37
-0.438,-2.789
-0.925,-3.068
-2.581,-2.737
-2.95,-2.846
2.971,-2.849
2.786,-2.91
2.604,-2.895
2.363,-2.783
2.168,-2.975
1.551,-2.813
1.295,-3.014
0.573,-3.088
0.494,-2.996
0.338,-2.945
0.211,-3.055
0.117,-2.783
-0.107,1.614
-0.268,1.544
-0.314,1.363
-0.336,1.412
-0.251,1.482
-0.497,1.467
-1.239,1.549
-1.782,1.563
-1.775,1.574
-1.827,1.42
-2.031,1.4
-1.967,1.522
-2.849,1.383
-2.901,1.346
-2.943,1.33
-3.053,1.403
2.866,1.509
2.233,1.586
1.891,1.312
1.696,1.395
1.638,1.703
1.434,1.813
1.128,1.387
0.899,1.793
0.718,1.41
-0.022,1.555
-0.078,1.619
-0.099,0.037
-0.147,-1.326
-0.201,-2.049
-0.149,-1.214
-0.29,-2.04
-0.484,-0.047
-0.61,1.243
-0.724,1.215
-2.288,1.055
-2.859,-1.446
1.614,0.643
1.031,0.692
0.031,-0.26
-0.118,1.189
-0.171,-2.564
-0.181,0.154
-0.077,-2.716
-0.18,-2.25
-0.092,-0.228
-0.273,-2.719
-0.143,1.102
-0.282,-1.924
-0.278,-1.299
-0.191,-1.229
-0.234,0.914
-0.36,0.022
-0.474,0.296
-0.431,0.641
-0.64,-1.117
-0.722,0.239
-0.649,0.856
-0.694,0.86
-0.706,-0.708
-0.81,0.935
-0.847,0.197
-0.741,-1.264
-0.914,-1.408
-1.061,1.251
-0.926,-2.657
-1.158,0.346
-1.057,-2.619
-1.245,0.552
-1.136,-1.854
-1.181,-1.351
-1.361,-0.101
-1.346,0.579
-1.363,1.039
-1.66,-0.043
-1.697,-2.422
-1.705,-1.149
-1.814,-1.265
-1.889,-0.977
-1.783,1.145
-1.776,0.526
-1.856,-2.677
-2.025,0.002
-2.039,1.271
-2.136,1.122
-2.154,1.143
-2.023,1.138
-2.132,-2.224
-2.086,-1.127
-2.135,-0.004
-2.304,1.231
-2.298,-1.578
-2.172,0.014
-2.253,-0.33
-2.253,-1.997
-2.283,1.046
-2.548,-1.016
-2.618,-1.098
-2.816,-2.177
-2.843,1.133
-2.738,-0.45
-2.747,0.406
-2.913,-2.552
-3.002,-0.754
-3.034,-0.159
-2.939,1.205
-3.074,-0.906
-2.981,1.169
-2.967,-0.063
3.117,-2.638
3.095,-1.119
-3.087,0.363
3.125,-0.659
3.114,-2.354
3.109,1.12
2.937,-2.388
3.009,-0.326
2.968,-1.932
2.839,-2.186
2.929,-0.805
2.82,-2.512
2.948,-1.524
2.873,-1.51
2.845,-2.62
2.696,-1.956
2.686,-2.361
2.807,-1.206
2.842,1.24
2.683,0.82
2.792,-2.19
2.699,-1.082
2.651,-0.845
2.539,-2.496
2.473,-0.94
2.552,-0.405
2.54,-1.562
2.317,-2.603
2.33,0.079
2.42,0.82
2.392,-0.92
2.251,-2.191
2.158,0.669
2.264,-0.665
2.145,0.18
2.158,0.216
1.904,-1.969
1.965,-0.323
1.675,1.306
1.533,-1.428
1.65,-1.524
1.507,1.143
1.197,-0.041
1.072,-0.806
0.938,-2.185
0.908,0.424
1.001,0.906
0.822,-0.52
0.918,1.122
0.748,0.314
0.564,-2.325
0.331,-0.278
0.18,1.224
0.144,-2.332
0.125,1.24
0.198,0.452
0.042,-2.399
0.144,1.026
-0.019,-2.876
-0.052,-2.999
-0.083,-2.931
-0.152,-2.986
-0.916,-2.996
-1.241,-2.954
-1.999,-2.881
3.072,-2.886
1.349,-2.791
0.161,-2.765
-0.34,1.613
-0.392,1.729
-0.451,1.431
-0.717,1.468
-0.822,1.688
-0.819,1.365
-0.927,1.432
-1.176,1.587
-1.209,1.686
-2.682,1.575
-2.867,1.638
-3.063,1.633
2.461,1.375
2.142,1.636
2.152,1.43
1.521,1.61
0.672,1.275
0.117,1.693
-0.126,-1.197
2.584,0.272
0.828,0.911
-0.121,0.506
-0.039,-2.176
-0.103,-0.199
-0.225,-0.195
-0.333,-1.891
-2.709,0.867
-2.731,-1.071
2.675,-1.105
1.939,-0.215
1.622,-0.231
0.709,-1.726
0.726,0.472
0.531,-0.169
0.526,0.26
0.427,0.907
0.417,0.091
0.413,-0.71
0.292,-1.766
0.008,-0.235
-0.346,-0.053
-0.622,0.029
-2.627,-0.009
0.215,-1.437
1.383,-2.533
0.385,1.048
1.16,-2.764
-0.638,1.453
-0.487,-0.279
-2.143,0.052
-2.512,-0.057
-2.874,-0.06
-3.059,-0.121
3.042,-0.106
2.801,0.006
2.606,-0.186
1.989,-0.024
1.733,-0.225
1.011,-0.299
0.932,-0.207
0.776,-0.156
0.649,-0.266
0.555,0.006
0.331,4.403
0.17,4.333
0.124,4.152
0.102,4.201
0.187,4.271
-0.059,4.256
-0.801,4.338
-1.344,4.352
-1.337,4.363
-1.389,4.209
-1.593,4.189
-1.529,4.311
-2.411,4.172
-2.463,4.135
-2.505,4.119
-2.615,4.192
-2.979,4.298
2.671,4.375
2.329,4.101
2.134,4.184
2.076,4.492
1.872,4.602
1.566,4.176
1.337,4.582
1.156,4.199
0.416,4.344
0.36,4.408
0.339,2.826
0.291,1.463
0.237,0.74
0.289,1.575
0.148,0.749
-0.046,2.742
-0.172,4.032
-0.286,4.004
-1.85,3.844
-2.421,1.343
2.052,3.432
1.469,3.481
0.469,2.529
0.32,3.978
0.267,0.225
0.257,2.943
0.361,0.073
0.258,0.539
0.346,2.561
0.165,0.07
0.295,3.891
0.156,0.865
0.16,1.49
0.247,1.56
0.204,3.703
0.078,2.811
-0.036,3.085
0.007,3.43
-0.202,1.672
-0.284,3.028
-0.211,3.645
-0.256,3.649
-0.268,2.081
-0.372,3.724
-0.409,2.986
-0.303,1.525
-0.476,1.381
-0.623,4.04
-0.488,0.132
-0.72,3.135
-0.619,0.17
-0.807,3.341
-0.698,0.935
-0.743,1.438
-0.923,2.688
-0.908,3.368
-0.925,3.828
-1.222,2.746
-1.259,0.367
-1.267,1.64
-1.376,1.524
-1.451,1.812
-1.345,3.934
-1.338,3.315
-1.418,0.112
-1.587,2.791
-1.601,4.06
-1.698,3.911
-1.716,3.932
-1.585,3.927
-1.694,0.565
-1.648,1.662
-1.697,2.785
-1.866,4.02
-1.86,1.211
-1.734,2.803
-1.815,2.459
-1.815,0.792
-1.845,3.835
-2.11,1.773
-2.18,1.691
-2.378,0.612
-2.405,3.922
-2.3,2.339
-2.309,3.195
-2.475,0.237
-2.564,2.035
-2.596,2.63
-2.501,3.994
-2.636,1.883
-2.543,3.958
-2.529,2.726
-2.728,0.151
-2.75,1.67
-2.649,3.152
-2.72,2.13
-2.731,0.435
-2.736,3.909
-2.908,0.401
-2.836,2.463
-2.877,0.857
-3.006,0.603
-2.916,1.984
-3.025,0.277
-2.897,1.265
-2.972,1.279
-3.0,0.169
3.134,0.833
3.124,0.428
-3.038,1.583
-3.003,4.029
3.121,3.609
-3.053,0.599
3.137,1.707
3.089,1.944
2.977,0.293
2.911,1.849
2.99,2.384
2.978,1.227
2.755,0.186
2.768,2.868
2.858,3.609
2.83,1.869
2.689,0.598
2.596,3.458
2.702,2.124
2.583,2.969
2.596,3.005
2.342,0.82
2.403,2.466
2.113,4.095
1.971,1.361
2.088,1.265
1.945,3.932
1.635,2.748
1.51,1.983
1.376,0.604
1.346,3.213
1.439,3.695
1.26,2.269
1.356,3.911
1.186,3.103
1.002,0.464
0.769,2.511
0.618,4.013
0.582,0.457
0.563,4.029
0.636,3.241
0.48,0.39
0.582,3.815
0.419,-0.087
0.386,-0.21
0.355,-0.142
0.286,-0.197
-0.478,-0.207
-0.803,-0.165
-1.561,-0.092
-2.773,-0.097
1.787,-0.002
0.599,0.024
0.098,4.402
0.046,4.518
-0.013,4.22
-0.279,4.257
-0.384,4.477
-0.381,4.154
-0.489,4.221
-0.738,4.376
-0.771,4.475
-2.244,4.364
-2.429,4.427
-2.625,4.422
2.899,4.164
2.58,4.425
2.59,4.219
1.959,4.399
1.11,4.064
0.555,4.482
0.312,1.592
3.022,3.061
1.266,3.7
0.317,3.295
0.399,0.613
0.335,2.59
0.213,2.594
0.105,0.898
-2.271,3.656
-2.293,1.718
3.113,1.684
2.377,2.574
2.06,2.558
1.147,1.063
1.164,3.261
0.969,2.62
0.964,3.049
0.865,3.696
0.855,2.88
0.851,2.079
0.73,1.023
0.446,2.554
0.092,2.736
-0.184,2.818
-2.189,2.78
0.653,1.352
1.821,0.256
0.823,3.837
1.598,0.025
-0.2,4.242
-1.656,0.331
-2.025,0.222
-2.387,0.219
-2.572,0.158
-2.754,0.173
-2.995,0.285
3.093,0.093
2.476,0.255
2.22,0.054
1.498,-0.02
1.419,0.072
1.263,0.123
1.136,0.013
1.042,0.285
0.818,4.682
0.657,4.612
0.611,4.431
0.589,4.48
0.674,4.55
0.428,4.535
-0.314,4.617
-0.857,4.631
-0.85,4.642
-0.902,4.488
-1.106,4.468
-1.042,4.59
-1.924,4.451
-1.976,4.414
-2.018,4.398
-2.128,4.471
-2.492,4.577
-3.125,4.654
2.816,4.38
2.621,4.463
2.563,4.771
2.359,4.881
2.053,4.455
1.824,4.861
1.643,4.478
0.903,4.623
0.847,4.687
0.826,3.105
0.778,1.742
0.724,1.019
0.776,1.854
0.635,1.028
0.441,3.021
0.315,4.311
0.201,4.283
-1.363,4.123
-1.934,1.622
2.539,3.711
1.956,3.76
0.956,2.808
0.807,4.257
0.754,0.504
0.744,3.222
0.848,0.352
0.745,0.818
0.833,2.84
0.652,0.349
0.782,4.17
0.643,1.144
0.647,1.769
0.734,1.839
0.691,3.982
0.565,3.09
0.451,3.364
0.494,3.709
0.285,1.951
0.203,3.307
0.276,3.924
0.231,3.928
0.219,2.36
0.115,4.003
0.078,3.265
0.184,1.804
0.011,1.66
-0.136,4.319
-0.001,0.411
-0.233,3.414
-0.132,0.449
-0.32,3.62
-0.211,1.214
-0.256,1.717
-0.436,2.967
-0.421,3.647
-0.438,4.107
-0.735,3.025
-0.772,0.646
-0.78,1.919
-0.889,1.803
-0.964,2.091
-0.858,4.213
-0.851,3.594
-0.931,0.391
-1.1,3.07
-1.114,4.339
-1.211,4.19
-1.229,4.211
-1.098,4.206
-1.207,0.844
-1.161,1.941
-1.21,3.064
-1.379,4.299
-1.373,1.49
-1.247,3.082
-1.328,2.738
-1.328,1.071
-1.358,4.114
-1.623,2.052
-1.693,1.97
-1.891,0.891
-1.918,4.201
-1.813,2.618
-1.822,3.474
-1.988,0.516
-2.077,2.314
-2.109,2.909
-2.014,4.273
-2.149,2.162
-2.056,4.237
-2.042,3.005
-2.241,0.43
-2.263,1.949
-2.162,3.431
-2.233,2.409
-2.244,0.714
-2.249,4.188
-2.421,0.68
-2.349,2.742
-2.39,1.136
-2.519,0.882
-2.429,2.263
-2.538,0.556
-2.41,1.544
-2.485,1.558
-2.513,0.448
-2.662,1.112
-2.672,0.707
-2.551,1.862
-2.516,4.308
-2.675,3.888
-2.566,0.878
-2.659,1.986
-2.707,2.223
-2.819,0.572
-2.885,2.128
-2.806,2.663
-2.818,1.506
-3.041,0.465
-3.028,3.147
-2.938,3.888
-2.966,2.148
-3.107,0.877
3.083,3.737
-3.094,2.403
3.07,3.248
3.083,3.284
2.829,1.099
2.89,2.745
2.6,4.374
2.458,1.64
2.575,1.544
2.432,4.211
2.122,3.027
1.997,2.262
1.863,0.883
1.833,3.492
1.926,3.974
1.747,2.548
1.843,4.19
1.673,3.382
1.489,0.743
1.256,2.79
1.105,4.292
1.069,0.736
1.05,4.308
1.123,3.52
0.967,0.669
1.069,4.094
0.906,0.192
0.873,0.069
0.842,0.137
0.773,0.082
0.009,0.072
-0.316,0.114
-1.074,0.187
-2.286,0.182
2.274,0.277
1.086,0.303
0.585,4.681
0.533,4.797
0.474,4.499
0.208,4.536
0.103,4.756
0.106,4.433
-0.002,4.5
-0.251,4.655
-0.284,4.754
-1.757,4.643
-1.942,4.706
-2.138,4.701
-2.897,4.443
3.067,4.704
3.077,4.498
2.446,4.678
1.597,4.343
1.042,4.761
0.799,1.871
-2.774,3.34
1.753,3.979
0.804,3.574
0.886,0.892
0.822,2.869
0.7,2.873
0.592,1.177
-1.784,3.935
-1.806,1.997
-2.683,1.963
2.864,2.853
2.547,2.837
1.634,1.342
1.651,3.54
1.456,2.899
1.451,3.328
1.352,3.975
1.342,3.159
1.338,2.358
1.217,1.302
0.933,2.833
0.579,3.015
0.303,3.097
-1.702,3.059
1.14,1.631
2.308,0.535
1.31,4.116
2.085,0.304
0.287,4.521
-0.369,-0.109
-0.731,-0.112
-0.916,-0.173
-1.098,-0.158
-1.339,-0.046
-1.534,-0.238
-2.151,-0.076
-2.407,-0.277
-3.129,-0.351
3.075,-0.259
2.919,-0.208
2.792,-0.318
2.698,-0.046
2.474,4.351
2.313,4.281
2.267,4.1
2.245,4.149
2.33,4.219
2.084,4.204
1.342,4.286
0.799,4.3
0.806,4.311
0.754,4.157
0.55,4.137
0.614,4.259
-0.268,4.12
-0.32,4.083
-0.362,4.067
-0.472,4.14
-0.836,4.246
-1.469,4.323
-1.811,4.049
-2.006,4.132
-2.064,4.44
-2.268,4.55
-2.574,4.124
-2.803,4.53
-2.984,4.147
2.559,4.292
2.503,4.356
2.482,2.774
2.434,1.411
2.38,0.688
2.432,1.523
2.291,0.697
2.097,2.69
1.971,3.98
1.857,3.952
0.293,3.792
-0.278,1.291
-2.088,3.38
-2.671,3.429
2.612,2.477
2.463,3.926
2.41,0.173
2.4,2.891
2.504,0.021
2.401,0.487
2.489,2.509
2.308,0.018
2.438,3.839
2.299,0.813
2.303,1.438
2.39,1.508
2.347,3.651
2.221,2.759
2.107,3.033
2.15,3.378
1.941,1.62
1.859,2.976
1.932,3.593
1.887,3.597
1.875,2.029
1.771,3.672
1.734,2.934
1.84,1.473
1.667,1.329
1.52,3.988
1.655,0.08
1.423,3.083
1.524,0.118
1.336,3.289
1.445,0.883
1.4,1.386
1.22,2.636
1.235,3.316
1.218,3.776
0.921,2.694
0.884,0.315
0.876,1.588
0.767,1.472
0.692,1.76
0.798,3.882
0.805,3.263
0.725,0.06
0.556,2.739
0.542,4.008
0.445,3.859
0.427,3.88
0.558,3.875
0.449,0.513
0.495,1.61
0.446,2.733
0.277,3.968
0.283,1.159
0.409,2.751
0.328,2.407
0.328,0.74
0.298,3.783
0.033,1.721
-0.037,1.639
-0.235,0.56
-0.262,3.87
-0.157,2.287
-0.166,3.143
-0.332,0.185
-0.421,1.983
-0.453,2.578
-0.358,3.942
-0.493,1.831
-0.4,3.906
-0.386,2.674
-0.585,0.099
-0.607,1.618
-0.506,3.1
-0.577,2.078
-0.588,0.383
-0.593,3.857
-0.765,0.349
-0.693,2.411
-0.734,0.805
-0.863,0.551
-0.773,1.932
-0.882,0.225
-0.754,1.213
-0.829,1.227
-0.857,0.117
-1.006,0.781
-1.016,0.376
-0.895,1.531
-0.86,3.977
-1.019,3.557
-0.91,0.547
-1.003,1.655
-1.051,1.892
-1.163,0.241
-1.229,1.797
-1.15,2.332
-1.162,1.175
-1.385,0.134
-1.372,2.816
-1.282,3.557
-1.31,1.817
-1.451,0.546
-1.544,3.406
-1.438,2.072
-1.557,2.917
-1.544,2.953
-1.798,0.768
-1.737,2.414
-2.027,4.043
-2.169,1.309
-2.052,1.213
-2.195,3.88
-2.505,2.696
-2.63,1.931
-2.764,0.552
-2.794,3.161
-2.701,3.643
-2.88,2.217
-2.784,3.859
-2.954,3.051
-3.138,0.412
2.912,2.459
2.761,3.961
2.725,0.405
2.706,3.977
2.779,3.189
2.623,0.338
2.725,3.763
2.562,-0.139
2.529,-0.262
2.498,-0.194
2.429,-0.249
1.665,-0.259
1.34,-0.217
0.582,-0.144
-0.63,-0.149
-2.353,-0.054
2.742,-0.028
2.241,4.35
2.189,4.466
2.13,4.168
1.864,4.205
1.759,4.425
1.762,4.102
1.654,4.169
1.405,4.324
1.372,4.423
-0.101,4.312
-0.286,4.375
-0.482,4.37
-1.241,4.112
-1.56,4.373
-1.55,4.167
-2.181,4.347
-3.03,4.012
2.698,4.43
2.455,1.54
-1.118,3.009
-2.874,3.648
2.46,3.243
2.542,0.561
2.478,2.538
2.356,2.542
2.248,0.846
-0.128,3.604
-0.15,1.666
-1.027,1.632
-1.763,2.522
-2.08,2.506
-2.993,1.011
-2.976,3.209
3.112,2.568
3.107,2.997
3.008,3.644
2.998,2.828
2.994,2.027
2.873,0.971
2.589,2.502
2.235,2.684
1.959,2.766
-0.046,2.728
2.796,1.3
-2.319,0.204
2.966,3.785
-2.542,-0.027
1.943,4.19
-0.362,-0.003
-0.547,-0.064
-0.729,-0.049
-0.97,0.063
-1.165,-0.129
-1.782,0.033
-2.038,-0.168
-2.76,-0.242
-2.839,-0.15
-2.995,-0.099
-3.122,-0.209
3.067,0.063
2.843,4.46
2.682,4.39
2.636,4.209
2.614,4.258
2.699,4.328
2.453,4.313
1.711,4.395
1.168,4.409
1.175,4.42
1.123,4.266
0.919,4.246
0.983,4.368
0.101,4.229
0.049,4.192
0.007,4.176
-0.103,4.249
-0.467,4.355
-1.1,4.432
-1.442,4.158
-1.637,4.241
-1.695,4.549
-1.899,4.659
-2.205,4.233
-2.434,4.639
-2.615,4.256
2.928,4.401
2.872,4.465
2.851,2.883
2.803,1.52
2.749,0.797
2.801,1.632
2.66,0.806
2.466,2.799
2.34,4.089
2.226,4.061
0.662,3.901
0.091,1.4
-1.719,3.489
-2.302,3.538
2.981,2.586
2.832,4.035
2.779,0.282
2.769,3.0
2.873,0.13
2.77,0.596
2.858,2.618
2.677,0.127
2.807,3.948
2.668,0.922
2.672,1.547
2.759,1.617
2.716,3.76
2.59,2.868
2.476,3.142
2.519,3.487
2.31,1.729
2.228,3.085
2.301,3.702
2.256,3.706
2.244,2.138
2.14,3.781
2.103,3.043
2.209,1.582
2.036,1.438
1.889,4.097
2.024,0.189
1.792,3.192
1.893,0.227
1.705,3.398
1.814,0.992
1.769,1.495
1.589,2.745
1.604,3.425
1.587,3.885
1.29,2.803
1.253,0.424
1.245,1.697
1.136,1.581
1.061,1.869
1.167,3.991
1.174,3.372
1.094,0.169
0.925,2.848
0.911,4.117
0.814,3.968
0.796,3.989
0.927,3.984
0.818,0.622
0.864,1.719
0.815,2.842
0.646,4.077
0.652,1.268
0.778,2.86
0.697,2.516
0.697,0.849
0.667,3.892
0.402,1.83
0.332,1.748
0.134,0.669
0.107,3.979
0.212,2.396
0.203,3.252
0.037,0.294
-0.052,2.092
-0.084,2.687
0.011,4.051
-0.124,1.94
-0.031,4.015
-0.017,2.783
-0.216,0.208
-0.238,1.727
-0.137,3.209
-0.208,2.187
-0.219,0.492
-0.224,3.966
-0.396,0.458
-0.324,2.52
-0.365,0.914
-0.494,0.66
-0.404,2.041
-0.513,0.334
-0.385,1.322
-0.46,1.336
-0.488,0.226
-0.637,0.89
-0.647,0.485
-0.526,1.64
-0.491,4.086
-0.65,3.666
-0.541,0.656
-0.634,1.764
-0.682,2.001
-0.794,0.35
-0.86,1.906
-0.781,2.441
-0.793,1.284
-1.016,0.243
-1.003,2.925
-0.913,3.666
-0.941,1.926
-1.082,0.655
-1.175,3.515
-1.069,2.181
-1.188,3.026
-1.175,3.062
-1.429,0.877
-1.368,2.523
-1.658,4.152
-1.8,1.418
-1.683,1.322
-1.826,3.989
-2.136,2.805
-2.261,2.04
-2.395,0.661
-2.425,3.27
-2.332,3.752
-2.511,2.326
-2.415,3.968
-2.585,3.16
-2.769,0.521
-3.002,2.568
3.13,4.07
3.094,0.514
3.075,4.086
-3.135,3.298
2.992,0.447
3.094,3.872
2.931,-0.03
2.898,-0.153
2.867,-0.085
2.798,-0.14
2.034,-0.15
1.709,-0.108
0.951,-0.035
-0.261,-0.04
-1.984,0.055
3.111,0.081
2.61,4.459
2.558,4.575
2.499,4.277
2.233,4.314
2.128,4.534
2.131,4.211
2.023,4.278
1.774,4.433
1.741,4.532
0.268,4.421
0.083,4.484
-0.113,4.479
-0.872,4.221
-1.191,4.482
-1.181,4.276
-1.812,4.456
-2.661,4.121
3.067,4.539
2.824,1.649
-0.749,3.118
-2.505,3.757
2.829,3.352
2.911,0.67
2.847,2.647
2.725,2.651
2.617,0.955
0.241,3.713
0.219,1.775
-0.658,1.741
-1.394,2.631
-1.711,2.615
-2.624,1.12
-2.607,3.318
-2.802,2.677
-2.807,3.106
-2.906,3.753
-2.916,2.937
-2.92,2.136
-3.041,1.08
2.958,2.611
2.604,2.793
2.328,2.875
0.323,2.837
-3.118,1.409
-1.95,0.313
-2.948,3.894
-2.173,0.082
2.312,4.299
-0.185,-0.061
-0.367,-0.046
-0.608,0.066
-0.803,-0.126
-1.42,0.036
-1.676,-0.165
-2.398,-0.239
-2.477,-0.147
-2.633,-0.096
-2.76,-0.206
-2.854,0.066
-3.078,4.463
3.044,4.393
2.998,4.212
2.976,4.261
3.061,4.331
2.815,4.316
2.073,4.398
1.53,4.412
1.537,4.423
1.485,4.269
1.281,4.249
1.345,4.371
0.463,4.232
0.411,4.195
0.369,4.179
0.259,4.252
-0.105,4.358
-0.738,4.435
-1.08,4.161
-1.275,4.244
-1.333,4.552
-1.537,4.662
-1.843,4.236
-2.072,4.642
-2.253,4.259
-2.993,4.404
-3.049,4.468
-3.07,2.886
-3.118,1.523
3.111,0.8
-3.12,1.635
3.022,0.809
2.828,2.802
2.702,4.092
2.588,4.064
1.024,3.904
0.453,1.403
-1.357,3.492
-1.94,3.541
-2.94,2.589
-3.089,4.038
3.141,0.285
3.131,3.003
-3.048,0.133
3.132,0.599
-3.063,2.621
3.039,0.13
-3.114,3.951
3.03,0.925
3.034,1.55
3.121,1.62
3.078,3.763
2.952,2.871
2.838,3.145
2.881,3.49
2.672,1.732
2.59,3.088
2.663,3.705
2.618,3.709
2.606,2.141
2.502,3.784
2.465,3.046
2.571,1.585
2.398,1.441
2.251,4.1
2.386,0.192
2.154,3.195
2.255,0.23
2.067,3.401
2.176,0.995
2.131,1.498
1.951,2.748
1.966,3.428
1.949,3.888
1.652,2.806
1.615,0.427
1.607,1.7
1.498,1.584
1.423,1.872
1.529,3.994
1.536,3.375
1.456,0.172
1.287,2.851
1.273,4.12
1.176,3.971
1.158,3.992
1.289,3.987
1.18,0.625
1.226,1.722
1.177,2.845
1.008,4.08
1.014,1.271
1.14,2.863
1.059,2.519
1.059,0.852
1.029,3.895
0.764,1.833
0.694,1.751
0.496,0.672
0.469,3.982
0.574,2.399
0.565,3.255
0.399,0.297
0.31,2.095
0.278,2.69
0.373,4.054
0.238,1.943
0.331,4.018
0.345,2.786
0.146,0.211
0.124,1.73
0.225,3.212
0.154,2.19
0.143,0.495
0.138,3.969
-0.034,0.461
0.038,2.523
-0.003,0.917
-0.132,0.663
-0.042,2.044
-0.151,0.337
-0.023,1.325
-0.098,1.339
-0.126,0.229
-0.275,0.893
-0.285,0.488
-0.164,1.643
-0.129,4.089
-0.288,3.669
-0.179,0.659
-0.272,1.767
-0.32,2.004
-0.432,0.353
-0.498,1.909
-0.419,2.444
-0.431,1.287
-0.654,0.246
-0.641,2.928
-0.551,3.669
-0.579,1.929
-0.72,0.658
-0.813,3.518
-0.707,2.184
-0.826,3.029
-0.813,3.065
-1.067,0.88
-1.006,2.526
-1.296,4.155
-1.438,1.421
-1.321,1.325
-1.464,3.992
-1.774,2.808
-1.899,2.043
-2.033,0.664
-2.063,3.273
-1.97,3.755
-2.149,2.329
-2.053,3.971
-2.223,3.163
-2.407,0.524
-2.64,2.571
-2.791,4.073
-2.827,0.517
-2.846,4.089
-2.773,3.301
-2.929,0.45
-2.827,3.875
-2.99,-0.027
-3.023,-0.15
-3.054,-0.082
-3.123,-0.137
2.396,-0.147
2.071,-0.105
1.313,-0.032
0.101,-0.037
-1.622,0.058
-2.81,0.084
2.972,4.462
2.92,4.578
2.861,4.28
2.595,4.317
2.49,4.537
2.493,4.214
2.385,4.281
2.136,4.436
2.103,4.535
0.63,4.424
0.445,4.487
0.249,4.482
-0.51,4.224
-0.829,4.485
-0.819,4.279
-1.45,4.459
-2.299,4.124
-2.854,4.542
-3.097,1.652
-0.387,3.121
-2.143,3.76
-3.092,3.355
-3.01,0.673
-3.074,2.65
3.087,2.654
2.979,0.958
0.603,3.716
0.581,1.778
-0.296,1.744
-1.032,2.634
-1.349,2.618
-2.262,1.123
-2.245,3.321
-2.44,2.68
-2.445,3.109
-2.544,3.756
-2.554,2.94
-2.558,2.139
-2.679,1.083
-2.963,2.614
2.966,2.796
2.69,2.878
0.685,2.84
-2.756,1.412
-1.588,0.316
-2.586,3.897
-1.811,0.085
2.674,4.302
-0.182,0.015
-0.423,0.127
-0.618,-0.065
-1.235,0.097
-1.491,-0.104
-2.213,-0.178
-2.292,-0.086
-2.448,-0.035
-2.575,-0.145
-2.669,0.127
-2.893,4.524
-3.054,4.454
-3.1,4.273
-3.122,4.322
-3.037,4.392
3.0,4.377
2.258,4.459
1.715,4.473
1.722,4.484
1.67,4.33
1.466,4.31
1.53,4.432
0.648,4.293
0.596,4.256
0.554,4.24
0.444,4.313
0.08,4.419
-0.553,4.496
-0.895,4.222
-1.09,4.305
-1.148,4.613
-1.352,4.723
-1.658,4.297
-1.887,4.703
-2.068,4.32
-2.808,4.465
-2.864,4.529
-2.885,2.947
-2.933,1.584
-2.987,0.861
-2.935,1.696
-3.076,0.87
3.013,2.863
2.887,4.153
2.773,4.125
1.209,3.965
0.638,1.464
-1.172,3.553
-1.755,3.602
-2.755,2.65
-2.904,4.099
-2.957,0.346
-2.967,3.064
-2.863,0.194
-2.966,0.66
-2.878,2.682
-3.059,0.191
-2.929,4.012
-3.068,0.986
-3.064,1.611
-2.977,1.681
-3.02,3.824
3.137,2.932
3.023,3.206
3.066,3.551
2.857,1.793
2.775,3.149
2.848,3.766
2.803,3.77
2.791,2.202
2.687,3.845
2.65,3.107
2.756,1.646
2.583,1.502
2.436,4.161
2.571,0.253
2.339,3.256
2.44,0.291
2.252,3.462
2.361,1.056
2.316,1.559
2.136,2.809
2.151,3.489
2.134,3.949
1.837,2.867
1.8,0.488
1.792,1.761
1.683,1.645
1.608,1.933
1.714,4.055
1.721,3.436
1.641,0.233
1.472,2.912
1.458,4.181
1.361,4.032
1.343,4.053
1.474,4.048
1.365,0.686
1.411,1.783
1.362,2.906
1.193,4.141
1.199,1.332
1.325,2.924
1.244,2.58
1.244,0.913
1.214,3.956
0.949,1.894
0.879,1.812
0.681,0.733
0.654,4.043
0.759,2.46
0.75,3.316
0.584,0.358
0.495,2.156
0.463,2.751
0.558,4.115
0.423,2.004
0.516,4.079
0.53,2.847
0.331,0.272
0.309,1.791
0.41,3.273
0.339,2.251
0.328,0.556
0.323,4.03
0.151,0.522
0.223,2.584
0.182,0.978
0.053,0.724
0.143,2.105
0.034,0.398
0.162,1.386
0.087,1.4
0.059,0.29
-0.09,0.954
-0.1,0.549
0.021,1.704
0.056,4.15
-0.103,3.73
0.006,0.72
-0.087,1.828
-0.135,2.065
-0.247,0.414
-0.313,1.97
-0.234,2.505
-0.246,1.348
-0.469,0.307
-0.456,2.989
-0.366,3.73
-0.394,1.99
-0.535,0.719
-0.628,3.579
-0.522,2.245
-0.641,3.09
-0.628,3.126
-0.882,0.941
-0.821,2.587
-1.111,4.216
-1.253,1.482
-1.136,1.386
-1.279,4.053
-1.589,2.869
-1.714,2.104
-1.848,0.725
-1.878,3.334
-1.785,3.816
-1.964,2.39
-1.868,4.032
-2.038,3.224
-2.222,0.585
-2.455,2.632
-2.606,4.134
-2.642,0.578
-2.661,4.15
-2.588,3.362
-2.744,0.511
-2.642,3.936
-2.805,0.034
-2.838,-0.089
-2.869,-0.021
-2.938,-0.076
2.581,-0.086
2.256,-0.044
1.498,0.029
0.286,0.024
-1.437,0.119
-2.625,0.145
-3.126,4.523
3.105,4.639
3.046,4.341
2.78,4.378
2.675,4.598
2.678,4.275
2.57,4.342
2.321,4.497
2.288,4.596
0.815,4.485
0.63,4.548
0.434,4.543
-0.325,4.285
-0.644,4.546
-0.634,4.34
-1.265,4.52
-2.114,4.185
-2.669,4.603
-2.912,1.713
-0.202,3.182
-1.958,3.821
-2.907,3.416
-2.825,0.734
-2.889,2.711
-3.011,2.715
-3.119,1.019
0.788,3.777
0.766,1.839
-0.111,1.805
-0.847,2.695
-1.164,2.679
-2.077,1.184
-2.06,3.382
-2.255,2.741
-2.26,3.17
-2.359,3.817
-2.369,3.001
-2.373,2.2
-2.494,1.144
-2.778,2.675
-3.132,2.857
2.875,2.939
0.87,2.901
-2.571,1.473
-1.403,0.377
-2.401,3.958
-1.626,0.146
2.859,4.363
-0.241,0.112
-0.436,-0.08
-1.053,0.082
-1.309,-0.119
-2.031,-0.193
-2.11,-0.101
-2.266,-0.05
-2.393,-0.16
-2.487,0.112
-2.711,4.509
-2.872,4.439
-2.918,4.258
-2.94,4.307
-2.855,4.377
-3.101,4.362
2.44,4.444
1.897,4.458
1.904,4.469
1.852,4.315
1.648,4.295
1.712,4.417
0.83,4.278
0.778,4.241
0.736,4.225
0.626,4.298
0.262,4.404
-0.371,4.481
-0.713,4.207
-0.908,4.29
-0.966,4.598
-1.17,4.708
-1.476,4.282
-1.705,4.688
-1.886,4.305
-2.626,4.45
-2.682,4.514
-2.703,2.932
-2.751,1.569
-2.805,0.846
-2.753,1.681
-2.894,0.855
-3.088,2.848
3.069,4.138
2.955,4.11
1.391,3.95
0.82,1.449
-0.99,3.538
-1.573,3.587
-2.573,2.635
-2.722,4.084
-2.775,0.331
-2.785,3.049
-2.681,0.179
-2.784,0.645
-2.696,2.667
-2.877,0.176
-2.747,3.997
-2.886,0.971
-2.882,1.596
-2.795,1.666
-2.838,3.809
-2.964,2.917
-3.078,3.191
-3.035,3.536
3.039,1.778
2.957,3.134
3.03,3.751
2.985,3.755
2.973,2.187
2.869,3.83
2.832,3.092
2.938,1.631
2.765,1.487
2.618,4.146
2.753,0.238
2.521,3.241
2.622,0.276
2.434,3.447
2.543,1.041
2.498,1.544
2.318,2.794
2.333,3.474
2.316,3.934
2.019,2.852
1.982,0.473
1.974,1.746
1.865,1.63
1.79,1.918
1.896,4.04
1.903,3.421
1.823,0.218
1.654,2.897
1.64,4.166
1.543,4.017
1.525,4.038
1.656,4.033
1.547,0.671
1.593,1.768
1.544,2.891
1.375,4.126
1.381,1.317
1.507,2.909
1.426,2.565
1.426,0.898
1.396,3.941
1.131,1.879
1.061,1.797
0.863,0.718
0.836,4.028
0.941,2.445
0.932,3.301
0.766,0.343
0.677,2.141
0.645,2.736
0.74,4.1
0.605,1.989
0.698,4.064
0.712,2.832
0.513,0.257
0.491,1.776
0.592,3.258
0.521,2.236
0.51,0.541
0.505,4.015
0.333,0.507
0.405,2.569
0.364,0.963
0.235,0.709
0.325,2.09
0.216,0.383
0.344,1.371
0.269,1.385
0.241,0.275
0.092,0.939
0.082,0.534
0.203,1.689
0.238,4.135
0.079,3.715
0.188,0.705
0.095,1.813
0.047,2.05
-0.065,0.399
-0.131,1.955
-0.052,2.49
-0.064,1.333
-0.287,0.292
-0.274,2.974
-0.184,3.715
-0.212,1.975
-0.353,0.704
-0.446,3.564
-0.34,2.23
-0.459,3.075
-0.446,3.111
-0.7,0.926
-0.639,2.572
-0.929,4.201
-1.071,1.467
-0.954,1.371
-1.097,4.038
-1.407,2.854
-1.532,2.089
-1.666,0.71
-1.696,3.319
-1.603,3.801
-1.782,2.375
-1.686,4.017
-1.856,3.209
-2.04,0.57
-2.273,2.617
-2.424,4.119
-2.46,0.563
-2.479,4.135
-2.406,3.347
-2.562,0.496
-2.46,3.921
-2.623,0.019
-2.656,-0.104
-2.687,-0.036
-2.756,-0.091
2.763,-0.101
2.438,-0.059
1.68,0.014
0.468,0.009
-1.255,0.104
-2.443,0.13
-2.944,4.508
-2.996,4.624
-3.055,4.326
2.962,4.363
2.857,4.583
2.86,4.26
2.752,4.327
2.503,4.482
2.47,4.581
0.997,4.47
0.812,4.533
0.616,4.528
-0.143,4.27
-0.462,4.531
-0.452,4.325
-1.083,4.505
-1.932,4.17
-2.487,4.588
-2.73,1.698
-0.02,3.167
-1.776,3.806
-2.725,3.401
-2.643,0.719
-2.707,2.696
-2.829,2.7
-2.937,1.004
0.97,3.762
0.948,1.824
0.071,1.79
-0.665,2.68
-0.982,2.664
-1.895,1.169
-1.878,3.367
-2.073,2.726
-2.078,3.155
-2.177,3.802
-2.187,2.986
-2.191,2.185
-2.312,1.129
-2.596,2.66
-2.95,2.842
3.057,2.924
1.052,2.886
-2.389,1.458
-1.221,0.362
-2.219,3.943
-1.444,0.131
3.041,4.348
-0.195,-0.192
-0.812,-0.03
-1.068,-0.231
-1.79,-0.305
-1.869,-0.213
-2.025,-0.162
-2.152,-0.272
-2.246,0.0
-2.47,4.397
-2.631,4.327
-2.677,4.146
-2.699,4.195
-2.614,4.265
-2.86,4.25
2.681,4.332
2.138,4.346
2.145,4.357
2.093,4.203
1.889,4.183
1.953,4.305
1.071,4.166
1.019,4.129
0.977,4.113
0.867,4.186
0.503,4.292
-0.13,4.369
-0.472,4.095
-0.667,4.178
-0.725,4.486
-0.929,4.596
-1.235,4.17
-1.464,4.576
-1.645,4.193
-2.385,4.338
-2.441,4.402
-2.462,2.82
-2.51,1.457
-2.564,0.734
-2.512,1.569
-2.653,0.743
-2.847,2.736
-2.973,4.026
-3.087,3.998
1.632,3.838
1.061,1.337
-0.749,3.426
-1.332,3.475
-2.332,2.523
-2.481,3.972
-2.534,0.219
-2.544,2.937
-2.44,0.067
-2.543,0.533
-2.455,2.555
-2.636,0.064
-2.506,3.885
-2.645,0.859
-2.641,1.484
-2.554,1.554
-2.597,3.697
-2.723,2.805
-2.837,3.079
-2.794,3.424
-3.003,1.666
-3.085,3.022
-3.012,3.639
-3.057,3.643
-3.069,2.075
3.11,3.718
3.073,2.98
-3.104,1.519
3.006,1.375
2.859,4.034
2.994,0.126
2.762,3.129
2.863,0.164
2.675,3.335
2.784,0.929
2.739,1.432
2.559,2.682
2.574,3.362
2.557,3.822
2.26,2.74
2.223,0.361
2.215,1.634
2.106,1.518
2.031,1.806
2.137,3.928
2.144,3.309
2.064,0.106
1.895,2.785
1.881,4.054
1.784,3.905
1.766,3.926
1.897,3.921
1.788,0.559
1.834,1.656
1.785,2.779
1.616,4.014
1.622,1.205
1.748,2.797
1.667,2.453
1.667,0.786
1.637,3.829
1.372,1.767
1.302,1.685
1.104,0.606
1.077,3.916
1.182,2.333
1.173,3.189
1.007,0.231
0.918,2.029
0.886,2.624
0.981,3.988
0.846,1.877
0.939,3.952
0.953,2.72
0.754,0.145
0.732,1.664
0.833,3.146
0.762,2.124
0.751,0.429
0.746,3.903
0.574,0.395
0.646,2.457
0.605,0.851
0.476,0.597
0.566,1.978
0.457,0.271
0.585,1.259
0.51,1.273
0.482,0.163
0.333,0.827
0.323,0.422
0.444,1.577
0.479,4.023
0.32,3.603
0.429,0.593
0.336,1.701
0.288,1.938
0.176,0.287
0.11,1.843
0.189,2.378
0.177,1.221
-0.046,0.18
-0.033,2.862
0.057,3.603
0.029,1.863
-0.112,0.592
-0.205,3.452
-0.099,2.118
-0.218,2.963
-0.205,2.999
-0.459,0.814
-0.398,2.46
-0.688,4.089
-0.83,1.355
-0.713,1.259
-0.856,3.926
-1.166,2.742
-1.291,1.977
-1.425,0.598
-1.455,3.207
-1.362,3.689
-1.541,2.263
-1.445,3.905
-1.615,3.097
-1.799,0.458
-2.032,2.505
-2.183,4.007
-2.219,0.451
-2.238,4.023
-2.165,3.235
-2.321,0.384
-2.219,3.809
-2.382,-0.093
-2.415,-0.216
-2.446,-0.148
-2.515,-0.203
3.004,-0.213
2.679,-0.171
1.921,-0.098
0.709,-0.103
-1.014,-0.008
-2.202,0.018
-2.703,4.396
-2.755,4.512
-2.814,4.214
-3.08,4.251
3.098,4.471
3.101,4.148
2.993,4.215
2.744,4.37
2.711,4.469
1.238,4.358
1.053,4.421
0.857,4.416
0.098,4.158
-0.221,4.419
-0.211,4.213
-0.842,4.393
-1.691,4.058
-2.246,4.476
-2.489,1.586
0.221,3.055
-1.535,3.694
-2.484,3.289
-2.402,0.607
-2.466,2.584
-2.588,2.588
-2.696,0.892
1.211,3.65
1.189,1.712
0.312,1.678
-0.424,2.568
-0.741,2.552
-1.654,1.057
-1.637,3.255
-1.832,2.614
-1.837,3.043
-1.936,3.69
-1.946,2.874
-1.95,2.073
-2.071,1.017
-2.355,2.548
-2.709,2.73
-2.985,2.812
1.293,2.774
-2.148,1.346
-0.98,0.25
-1.978,3.831
-1.203,0.019
-3.001,4.236
-0.617,0.162
-0.873,-0.039
-1.595,-0.113
-1.674,-0.021
-1.83,0.03
-1.957,-0.08
-2.051,0.192
-2.275,4.589
-2.436,4.519
-2.482,4.338
-2.504,4.387
-2.419,4.457
-2.665,4.442
2.876,4.524
2.333,4.538
2.34,4.549
2.288,4.395
2.084,4.375
2.148,4.497
1.266,4.358
1.214,4.321
1.172,4.305
1.062,4.378
0.698,4.484
0.065,4.561
-0.277,4.287
-0.472,4.37
-0.53,4.678
-0.734,4.788
-1.04,4.362
-1.269,4.768
-1.45,4.385
-2.19,4.53
-2.246,4.594
-2.267,3.012
-2.315,1.649
-2.369,0.926
-2.317,1.761
-2.458,0.935
-2.652,2.928
-2.778,4.218
-2.892,4.19
1.827,4.03
1.256,1.529
-0.554,3.618
-1.137,3.667
-2.137,2.715
-2.286,4.164
-2.339,0.411
-2.349,3.129
-2.245,0.259
-2.348,0.725
-2.26,2.747
-2.441,0.256
-2.311,4.077
-2.45,1.051
-2.446,1.676
-2.359,1.746
-2.402,3.889
-2.528,2.997
-2.642,3.271
-2.599,3.616
-2.808,1.858
-2.89,3.214
-2.817,3.831
-2.862,3.835
-2.874,2.267
-2.978,3.91
-3.015,3.172
-2.909,1.711
-3.082,1.567
3.054,4.226
-3.094,0.318
2.957,3.321
3.058,0.356
2.87,3.527
2.979,1.121
2.934,1.624
2.754,2.874
2.769,3.554
2.752,4.014
2.455,2.932
2.418,0.553
2.41,1.826
2.301,1.71
2.226,1.998
2.332,4.12
2.339,3.501
2.259,0.298
2.09,2.977
2.076,4.246
1.979,4.097
1.961,4.118
2.092,4.113
1.983,0.751
2.029,1.848
1.98,2.971
1.811,4.206
1.817,1.397
1.943,2.989
1.862,2.645
1.862,0.978
1.832,4.021
1.567,1.959
1.497,1.877
1.299,0.798
1.272,4.108
1.377,2.525
1.368,3.381
1.202,0.423
1.113,2.221
1.081,2.816
1.176,4.18
1.041,2.069
1.134,4.144
1.148,2.912
0.949,0.337
0.927,1.856
1.028,3.338
0.957,2.316
0.946,0.621
0.941,4.095
0.769,0.587
0.841,2.649
0.8,1.043
0.671,0.789
0.761,2.17
0.652,0.463
0.78,1.451
0.705,1.465
0.677,0.355
0.528,1.019
0.518,0.614
0.639,1.769
0.674,4.215
0.515,3.795
0.624,0.785
0.531,1.893
0.483,2.13
0.371,0.479
0.305,2.035
0.384,2.57
0.372,1.413
0.149,0.372
0.162,3.054
0.252,3.795
0.224,2.055
0.083,0.784
-0.01,3.644
0.096,2.31
-0.023,3.155
-0.01,3.191
-0.264,1.006
-0.203,2.652
-0.493,4.281
-0.635,1.547
-0.518,1.451
-0.661,4.118
-0.971,2.934
-1.096,2.169
-1.23,0.79
-1.26,3.399
-1.167,3.881
-1.346,2.455
-1.25,4.097
-1.42,3.289
-1.604,0.65
-1.837,2.697
-1.988,4.199
-2.024,0.643
-2.043,4.215
-1.97,3.427
-2.126,0.576
-2.024,4.001
-2.187,0.099
-2.22,-0.024
-2.251,0.044
-2.32,-0.011
-3.084,-0.021
2.874,0.021
2.116,0.094
0.904,0.089
-0.819,0.184
-2.007,0.21
-2.508,4.588
-2.56,4.704
-2.619,4.406
-2.885,4.443
-2.99,4.663
-2.987,4.34
-3.095,4.407
2.939,4.562
2.906,4.661
1.433,4.55
1.248,4.613
1.052,4.608
0.293,4.35
-0.026,4.611
-0.016,4.405
-0.647,4.585
-1.496,4.25
-2.051,4.668
-2.294,1.778
0.416,3.247
-1.34,3.886
-2.289,3.481
-2.207,0.799
-2.271,2.776
-2.393,2.78
-2.501,1.084
1.406,3.842
1.384,1.904
0.507,1.87
-0.229,2.76
-0.546,2.744
-1.459,1.249
-1.442,3.447
-1.637,2.806
-1.642,3.235
-1.741,3.882
-1.751,3.066
-1.755,2.265
-1.876,1.209
-2.16,2.74
-2.514,2.922
-2.79,3.004
1.488,2.966
-1.953,1.538
-0.785,0.442
-1.783,4.023
-1.008,0.211
-2.806,4.428
-0.256,-0.201
-0.978,-0.275
-1.057,-0.183
-1.213,-0.132
-1.34,-0.242
-1.434,0.03
-1.658,4.427
-1.819,4.357
-1.865,4.176
-1.887,4.225
-1.802,4.295
-2.048,4.28
-2.79,4.362
2.95,4.376
2.957,4.387
2.905,4.233
2.701,4.213
2.765,4.335
1.883,4.196
1.831,4.159
1.789,4.143
1.679,4.216
1.315,4.322
0.682,4.399
0.34,4.125
0.145,4.208
0.087,4.516
-0.117,4.626
-0.423,4.2
-0.652,4.606
-0.833,4.223
-1.573,4.368
-1.629,4.432
-1.65,2.85
-1.698,1.487
-1.752,0.764
-1.7,1.599
-1.841,0.773
-2.035,2.766
-2.161,4.056
-2.275,4.028
2.444,3.868
1.873,1.367
0.063,3.456
-0.52,3.505
-1.52,2.553
-1.669,4.002
-1.722,0.249
-1.732,2.967
-1.628,0.097
-1.731,0.563
-1.643,2.585
-1.824,0.094
-1.694,3.915
-1.833,0.889
-1.829,1.514
-1.742,1.584
-1.785,3.727
-1.911,2.835
-2.025,3.109
-1.982,3.454
-2.191,1.696
-2.273,3.052
-2.2,3.669
-2.245,3.673
-2.257,2.105
-2.361,3.748
-2.398,3.01
-2.292,1.549
-2.465,1.405
-2.612,4.064
-2.477,0.156
-2.709,3.159
-2.608,0.194
-2.796,3.365
-2.687,0.959
-2.732,1.462
-2.912,2.712
-2.897,3.392
-2.914,3.852
3.072,2.77
3.035,0.391
3.027,1.664
2.918,1.548
2.843,1.836
2.949,3.958
2.956,3.339
2.876,0.136
2.707,2.815
2.693,4.084
2.596,3.935
2.578,3.956
2.709,3.951
2.6,0.589
2.646,1.686
2.597,2.809
2.428,4.044
2.434,1.235
2.56,2.827
2.479,2.483
2.479,0.816
2.449,3.859
2.184,1.797
2.114,1.715
1.916,0.636
1.889,3.946
1.994,2.363
1.985,3.219
1.819,0.261
1.73,2.059
1.698,2.654
1.793,4.018
1.658,1.907
1.751,3.982
1.765,2.75
1.566,0.175
1.544,1.694
1.645,3.176
1.574,2.154
1.563,0.459
1.558,3.933
1.386,0.425
1.458,2.487
1.417,0.881
1.288,0.627
1.378,2.008
1.269,0.301
1.397,1.289
1.322,1.303
1.294,0.193
1.145,0.857
1.135,0.452
1.256,1.607
1.291,4.053
1.132,3.633
1.241,0.623
1.148,1.731
1.1,1.968
0.988,0.317
0.922,1.873
1.001,2.408
0.989,1.251
0.766,0.21
0.779,2.892
0.869,3.633
0.841,1.893
0.7,0.622
0.607,3.482
0.713,2.148
0.594,2.993
0.607,3.029
0.353,0.844
0.414,2.49
0.124,4.119
-0.018,1.385
0.099,1.289
-0.044,3.956
-0.354,2.772
-0.479,2.007
-0.613,0.628
-0.643,3.237
-0.55,3.719
-0.729,2.293
-0.633,3.935
-0.803,3.127
-0.987,0.488
-1.22,2.535
-1.371,4.037
-1.407,0.481
-1.426,4.053
-1.353,3.265
-1.509,0.414
-1.407,3.839
-1.57,-0.063
-1.603,-0.186
-1.634,-0.118
-1.703,-0.173
-2.467,-0.183
-2.792,-0.141
2.733,-0.068
1.521,-0.073
-0.202,0.022
-1.39,0.048
-1.891,4.426
-1.943,4.542
-2.002,4.244
-2.268,4.281
-2.373,4.501
-2.37,4.178
-2.478,4.245
-2.727,4.4
-2.76,4.499
2.05,4.388
1.865,4.451
1.669,4.446
0.91,4.188
0.591,4.449
0.601,4.243
-0.03,4.423
-0.879,4.088
-1.434,4.506
-1.677,1.616
1.033,3.085
-0.723,3.724
-1.672,3.319
-1.59,0.637
-1.654,2.614
-1.776,2.618
-1.884,0.922
2.023,3.68
2.001,1.742
1.124,1.708
0.388,2.598
0.071,2.582
-0.842,1.087
-0.825,3.285
-1.02,2.644
-1.025,3.073
-1.124,3.72
-1.134,2.904
-1.138,2.103
-1.259,1.047
-1.543,2.578
-1.897,2.76
-2.173,2.842
2.105,2.804
-1.336,1.376
-0.168,0.28
-1.166,3.861
-0.391,0.049
-2.189,4.266
-0.722,-0.074
-0.801,0.018
-0.957,0.069
-1.084,-0.041
-1.178,0.231
-1.402,4.628
-1.563,4.558
-1.609,4.377
-1.631,4.426
-1.546,4.496
-1.792,4.481
-2.534,4.563
-3.077,4.577
-3.07,4.588
-3.122,4.434
2.957,4.414
3.021,4.536
2.139,4.397
2.087,4.36
2.045,4.344
1.935,4.417
1.571,4.523
0.938,4.6
0.596,4.326
0.401,4.409
0.343,4.717
0.139,4.827
-0.167,4.401
-0.396,4.807
-0.577,4.424
-1.317,4.569
-1.373,4.633
-1.394,3.051
-1.442,1.688
-1.496,0.965
-1.444,1.8
-1.585,0.974
-1.779,2.967
-1.905,4.257
-2.019,4.229
2.7,4.069
2.129,1.568
0.319,3.657
-0.264,3.706
-1.264,2.754
-1.413,4.203
-1.466,0.45
-1.476,3.168
-1.372,0.298
-1.475,0.764
-1.387,2.786
-1.568,0.295
-1.438,4.116
-1.577,1.09
-1.573,1.715
-1.486,1.785
-1.529,3.928
-1.655,3.036
-1.769,3.31
-1.726,3.655
-1.935,1.897
-2.017,3.253
-1.944,3.87
-1.989,3.874
-2.001,2.306
-2.105,3.949
-2.142,3.211
-2.036,1.75
-2.209,1.606
-2.356,4.265
-2.221,0.357
-2.453,3.36
-2.352,0.395
-2.54,3.566
-2.431,1.16
-2.476,1.663
-2.656,2.913
-2.641,3.593
-2.658,4.053
-2.955,2.971
-2.992,0.592
-3.0,1.865
-3.109,1.749
3.099,2.037
-3.078,4.159
-3.071,3.54
3.132,0.337
2.963,3.016
2.949,4.285
2.852,4.136
2.834,4.157
2.965,4.152
2.856,0.79
2.902,1.887
2.853,3.01
2.684,4.245
2.69,1.436
2.816,3.028
2.735,2.684
2.735,1.017
2.705,4.06
2.44,1.998
2.37,1.916
2.172,0.837
2.145,4.147
2.25,2.564
2.241,3.42
2.075,0.462
1.986,2.26
1.954,2.855
2.049,4.219
1.914,2.108
2.007,4.183
2.021,2.951
1.822,0.376
1.8,1.895
1.901,3.377
1.83,2.355
1.819,0.66
1.814,4.134
1.642,0.626
1.714,2.688
1.673,1.082
1.544,0.828
1.634,2.209
1.525,0.502
1.653,1.49
1.578,1.504
1.55,0.394
1.401,1.058
1.391,0.653
1.512,1.808
1.547,4.254
1.388,3.834
1.497,0.824
1.404,1.932
1.356,2.169
1.244,0.518
1.178,2.074
1.257,2.609
1.245,1.452
1.022,0.411
1.035,3.093
1.125,3.834
1.097,2.094
0.956,0.823
0.863,3.683
0.969,2.349
0.85,3.194
0.863,3.23
0.609,1.045
0.67,2.691
0.38,4.32
0.238,1.586
0.355,1.49
0.212,4.157
-0.098,2.973
-0.223,2.208
-0.357,0.829
-0.387,3.438
-0.294,3.92
-0.473,2.494
-0.377,4.136
-0.547,3.328
-0.731,0.689
-0.964,2.736
-1.115,4.238
-1.151,0.682
-1.17,4.254
-1.097,3.466
-1.253,0.615
-1.151,4.04
-1.314,0.138
-1.347,0.015
-1.378,0.083
-1.447,0.028
-2.211,0.018
-2.536,0.06
2.989,0.133
1.777,0.128
0.054,0.223
-1.134,0.249
-1.635,4.627
-1.687,4.743
-1.746,4.445
-2.012,4.482
-2.117,4.702
-2.114,4.379
-2.222,4.446
-2.471,4.601
-2.504,4.7
2.306,4.589
2.121,4.652
1.925,4.647
1.166,4.389
0.847,4.65
0.857,4.444
0.226,4.624
-0.623,4.289
-1.178,4.707
-1.421,1.817
1.289,3.286
-0.467,3.925
-1.416,3.52
-1.334,0.838
-1.398,2.815
-1.52,2.819
-1.628,1.123
2.279,3.881
2.257,1.943
1.38,1.909
0.644,2.799
0.327,2.783
-0.586,1.288
-0.569,3.486
-0.764,2.845
-0.769,3.274
-0.868,3.921
-0.878,3.105
-0.882,2.304
-1.003,1.248
-1.287,2.779
-1.641,2.961
-1.917,3.043
2.361,3.005
-1.08,1.577
0.088,0.481
-0.91,4.062
-0.135,0.25
-1.933,4.467
-0.079,0.092
-0.235,0.143
-0.362,0.033
-0.456,0.305
-0.68,4.702
-0.841,4.632
-0.887,4.451
-0.909,4.5
-0.824,4.57
-1.07,4.555
-1.812,4.637
-2.355,4.651
-2.348,4.662
-2.4,4.508
-2.604,4.488
-2.54,4.61
2.861,4.471
2.809,4.434
2.767,4.418
2.657,4.491
2.293,4.597
1.66,4.674
1.318,4.4
1.123,4.483
1.065,4.791
0.861,4.901
0.555,4.475
0.326,4.881
0.145,4.498
-0.595,4.643
-0.651,4.707
-0.672,3.125
-0.72,1.762
-0.774,1.039
-0.722,1.874
-0.863,1.048
-1.057,3.041
-1.183,4.331
-1.297,4.303
-2.861,4.143
2.851,1.642
1.041,3.731
0.458,3.78
-0.542,2.828
-0.691,4.277
-0.744,0.524
-0.754,3.242
-0.65,0.372
-0.753,0.838
-0.665,2.86
-0.846,0.369
-0.716,4.19
-0.855,1.164
-0.851,1.789
-0.764,1.859
-0.807,4.002
-0.933,3.11
-1.047,3.384
-1.004,3.729
-1.213,1.971
-1.295,3.327
-1.222,3.944
-1.267,3.948
-1.279,2.38
-1.383,4.023
-1.42,3.285
-1.314,1.824
-1.487,1.68
-1.634,4.339
-1.499,0.431
-1.731,3.434
-1.63,0.469
-1.818,3.64
-1.709,1.234
-1.754,1.737
-1.934,2.987
-1.919,3.667
-1.936,4.127
-2.233,3.045
-2.27,0.666
-2.278,1.939
-2.387,1.823
-2.462,2.111
-2.356,4.233
-2.349,3.614
-2.429,0.411
-2.598,3.09
-2.612,4.359
-2.709,4.21
-2.727,4.231
-2.596,4.226
-2.705,0.864
-2.659,1.961
-2.708,3.084
-2.877,4.319
-2.871,1.51
-2.745,3.102
-2.826,2.758
-2.826,1.091
-2.856,4.134
-3.121,2.072
3.092,1.99
2.894,0.911
2.867,4.221
2.972,2.638
2.963,3.494
2.797,0.536
2.708,2.334
2.676,2.929
2.771,4.293
2.636,2.182
2.729,4.257
2.743,3.025
2.544,0.45
2.522,1.969
2.623,3.451
2.552,2.429
2.541,0.734
2.536,4.208
2.364,0.7
2.436,2.762
2.395,1.156
2.266,0.902
2.356,2.283
2.247,0.576
2.375,1.564
2.3,1.578
2.272,0.468
2.123,1.132
2.113,0.727
2.234,1.882
2.269,4.328
2.11,3.908
2.219,0.898
2.126,2.006
2.078,2.243
1.966,0.592
1.9,2.148
1.979,2.683
1.967,1.526
1.744,0.485
1.757,3.167
1.847,3.908
1.819,2.168
1.678,0.897
1.585,3.757
1.691,2.423
1.572,3.268
1.585,3.304
1.331,1.119
1.392,2.765
1.102,4.394
0.96,1.66
1.077,1.564
0.934,4.231
0.624,3.047
0.499,2.282
0.365,0.903
0.335,3.512
0.428,3.994
0.249,2.568
0.345,4.21
0.175,3.402
-0.009,0.763
-0.242,2.81
-0.393,4.312
-0.429,0.756
-0.448,4.328
-0.375,3.54
-0.531,0.689
-0.429,4.114
-0.592,0.212
-0.625,0.089
-0.656,0.157
-0.725,0.102
-1.489,0.092
-1.814,0.134
-2.572,0.207
2.499,0.202
0.776,0.297
-0.412,0.323
-0.913,4.701
-0.965,4.817
-1.024,4.519
-1.29,4.556
-1.395,4.776
-1.392,4.453
-1.5,4.52
-1.749,4.675
-1.782,4.774
3.028,4.663
2.843,4.726
2.647,4.721
1.888,4.463
1.569,4.724
1.579,4.518
0.948,4.698
0.099,4.363
-0.456,4.781
-0.699,1.891
2.011,3.36
0.255,3.999
-0.694,3.594
-0.612,0.912
-0.676,2.889
-0.798,2.893
-0.906,1.197
3.001,3.955
2.979,2.017
2.102,1.983
1.366,2.873
1.049,2.857
0.136,1.362
0.153,3.56
-0.042,2.919
-0.047,3.348
-0.146,3.995
-0.156,3.179
-0.16,2.378
-0.281,1.322
-0.565,2.853
-0.919,3.035
-1.195,3.117
3.083,3.079
-0.358,1.651
0.81,0.555
-0.188,4.136
0.587,0.324
-1.211,4.541
-0.156,0.051
-0.283,-0.059
-0.377,0.213
-0.601,4.61
-0.762,4.54
-0.808,4.359
-0.83,4.408
-0.745,4.478
-0.991,4.463
-1.733,4.545
-2.276,4.559
-2.269,4.57
-2.321,4.416
-2.525,4.396
-2.461,4.518
2.94,4.379
2.888,4.342
2.846,4.326
2.736,4.399
2.372,4.505
1.739,4.582
1.397,4.308
1.202,4.391
1.144,4.699
0.94,4.809
0.634,4.383
0.405,4.789
0.224,4.406
-0.516,4.551
-0.572,4.615
-0.593,3.033
-0.641,1.67
-0.695,0.947
-0.643,1.782
-0.784,0.956
-0.978,2.949
-1.104,4.239
-1.218,4.211
-2.782,4.051
2.93,1.55
1.12,3.639
0.537,3.688
-0.463,2.736
-0.612,4.185
-0.665,0.432
-0.675,3.15
-0.571,0.28
-0.674,0.746
-0.586,2.768
-0.767,0.277
-0.637,4.098
-0.776,1.072
-0.772,1.697
-0.685,1.767
-0.728,3.91
-0.854,3.018
-0.968,3.292
-0.925,3.637
-1.134,1.879
-1.216,3.235
-1.143,3.852
-1.188,3.856
-1.2,2.288
-1.304,3.931
-1.341,3.193
-1.235,1.732
-1.408,1.588
-1.555,4.247
-1.42,0.339
-1.652,3.342
-1.551,0.377
-1.739,3.548
-1.63,1.142
-1.675,1.645
-1.855,2.895
-1.84,3.575
-1.857,4.035
-2.154,2.953
-2.191,0.574
-2.199,1.847
-2.308,1.731
-2.383,2.019
-2.277,4.141
-2.27,3.522
-2.35,0.319
-2.519,2.998
-2.533,4.267
-2.63,4.118
-2.648,4.139
-2.517,4.134
-2.626,0.772
-2.58,1.869
-2.629,2.992
-2.798,4.227
-2.792,1.418
-2.666,3.01
-2.747,2.666
-2.747,0.999
-2.777,4.042
-3.042,1.98
-3.112,1.898
2.973,0.819
2.946,4.129
3.051,2.546
3.042,3.402
2.876,0.444
2.787,2.242
2.755,2.837
2.85,4.201
2.715,2.09
2.808,4.165
2.822,2.933
2.623,0.358
2.601,1.877
2.702,3.359
2.631,2.337
2.62,0.642
2.615,4.116
2.443,0.608
2.515,2.67
2.474,1.064
2.345,0.81
2.435,2.191
2.326,0.484
2.454,1.472
2.379,1.486
2.351,0.376
2.202,1.04
2.192,0.635
2.313,1.79
2.348,4.236
2.189,3.816
2.298,0.806
2.205,1.914
2.157,2.151
2.045,0.5
1.979,2.056
2.058,2.591
2.046,1.434
1.823,0.393
1.836,3.075
1.926,3.816
1.898,2.076
1.757,0.805
1.664,3.665
1.77,2.331
1.651,3.176
1.664,3.212
1.41,1.027
1.471,2.673
1.181,4.302
1.039,1.568
1.156,1.472
1.013,4.139
0.703,2.955
0.578,2.19
0.444,0.811
0.414,3.42
0.507,3.902
0.328,2.476
0.424,4.118
0.254,3.31
0.07,0.671
-0.163,2.718
-0.314,4.22
-0.35,0.664
-0.369,4.236
-0.296,3.448
-0.452,0.597
-0.35,4.022
-0.513,0.12
-0.546,-0.003
-0.577,0.065
-0.646,0.01
-1.41,0.0
-1.735,0.042
-2.493,0.115
2.578,0.11
0.855,0.205
-0.333,0.231
-0.834,4.609
-0.886,4.725
-0.945,4.427
-1.211,4.464
-1.316,4.684
-1.313,4.361
-1.421,4.428
-1.67,4.583
-1.703,4.682
3.107,4.571
2.922,4.634
2.726,4.629
1.967,4.371
1.648,4.632
1.658,4.426
1.027,4.606
0.178,4.271
-0.377,4.689
-0.62,1.799
2.09,3.268
0.334,3.907
-0.615,3.502
-0.533,0.82
-0.597,2.797
-0.719,2.801
-0.827,1.105
3.08,3.863
3.058,1.925
2.181,1.891
1.445,2.781
1.128,2.765
0.215,1.27
0.232,3.468
0.037,2.827
0.032,3.256
-0.067,3.903
-0.077,3.087
-0.081,2.286
-0.202,1.23
-0.486,2.761
-0.84,2.943
-1.116,3.025
-3.121,2.987
-0.279,1.559
0.889,0.463
-0.109,4.044
0.666,0.232
-1.132,4.449
-0.127,-0.11
-0.221,0.162
-0.445,4.559
-0.606,4.489
-0.652,4.308
-0.674,4.357
-0.589,4.427
-0.835,4.412
-1.577,4.494
-2.12,4.508
-2.113,4.519
-2.165,4.365
-2.369,4.345
-2.305,4.467
3.096,4.328
3.044,4.291
3.002,4.275
2.892,4.348
2.528,4.454
1.895,4.531
1.553,4.257
1.358,4.34
1.3,4.648
1.096,4.758
0.79,4.332
0.561,4.738
0.38,4.355
-0.36,4.5
-0.416,4.564
-0.437,2.982
-0.485,1.619
-0.539,0.896
-0.487,1.731
-0.628,0.905
-0.822,2.898
-0.948,4.188
-1.062,4.16
-2.626,4.0
3.086,1.499
1.276,3.588
0.693,3.637
-0.307,2.685
-0.456,4.134
-0.509,0.381
-0.519,3.099
-0.415,0.229
-0.518,0.695
-0.43,2.717
-0.611,0.226
-0.481,4.047
-0.62,1.021
-0.616,1.646
-0.529,1.716
-0.572,3.859
-0.698,2.967
-0.812,3.241
-0.769,3.586
-0.978,1.828
-1.06,3.184
-0.987,3.801
-1.032,3.805
-1.044,2.237
-1.148,3.88
-1.185,3.142
-1.079,1.681
-1.252,1.537
-1.399,4.196
-1.264,0.288
-1.496,3.291
-1.395,0.326
-1.583,3.497
-1.474,1.091
-1.519,1.594
-1.699,2.844
-1.684,3.524
-1.701,3.984
-1.998,2.902
-2.035,0.523
-2.043,1.796
-2.152,1.68
-2.227,1.968
-2.121,4.09
-2.114,3.471
-2.194,0.268
-2.363,2.947
-2.377,4.216
-2.474,4.067
-2.492,4.088
-2.361,4.083
-2.47,0.721
-2.424,1.818
-2.473,2.941
-2.642,4.176
-2.636,1.367
-2.51,2.959
-2.591,2.615
-2.591,0.948
-2.621,3.991
-2.886,1.929
-2.956,1.847
3.129,0.768
3.102,4.078
-3.076,2.495
-3.085,3.351
3.032,0.393
2.943,2.191
2.911,2.786
3.006,4.15
2.871,2.039
2.964,4.114
2.978,2.882
2.779,0.307
2.757,1.826
2.858,3.308
2.787,2.286
2.776,0.591
2.771,4.065
2.599,0.557
2.671,2.619
2.63,1.013
2.501,0.759
2.591,2.14
2.482,0.433
2.61,1.421
2.535,1.435
2.507,0.325
2.358,0.989
2.348,0.584
2.469,1.739
2.504,4.185
2.345,3.765
2.454,0.755
2.361,1.863
2.313,2.1
2.201,0.449
2.135,2.005
2.214,2.54
2.202,1.383
1.979,0.342
1.992,3.024
2.082,3.765
2.054,2.025
1.913,0.754
1.82,3.614
1.926,2.28
1.807,3.125
1.82,3.161
1.566,0.976
1.627,2.622
1.337,4.251
1.195,1.517
1.312,1.421
1.169,4.088
0.859,2.904
0.734,2.139
0.6,0.76
0.57,3.369
0.663,3.851
0.484,2.425
0.58,4.067
0.41,3.259
0.226,0.62
-0.007,2.667
-0.158,4.169
-0.194,0.613
-0.213,4.185
-0.14,3.397
-0.296,0.546
-0.194,3.971
-0.357,0.069
-0.39,-0.054
-0.421,0.014
-0.49,-0.041
-1.254,-0.051
-1.579,-0.009
-2.337,0.064
2.734,0.059
1.011,0.154
-0.177,0.18
-0.678,4.558
-0.73,4.674
-0.789,4.376
-1.055,4.413
-1.16,4.633
-1.157,4.31
-1.265,4.377
-1.514,4.532
-1.547,4.631
-3.02,4.52
3.078,4.583
2.882,4.578
2.123,4.32
1.804,4.581
1.814,4.375
1.183,4.555
0.334,4.22
-0.221,4.638
-0.464,1.748
2.246,3.217
0.49,3.856
-0.459,3.451
-0.377,0.769
-0.441,2.746
-0.563,2.75
-0.671,1.054
-3.047,3.812
-3.069,1.874
2.337,1.84
1.601,2.73
1.284,2.714
0.371,1.219
0.388,3.417
0.193,2.776
0.188,3.205
0.089,3.852
0.079,3.036
0.075,2.235
-0.046,1.179
-0.33,2.71
-0.684,2.892
-0.96,2.974
-2.965,2.936
-0.123,1.508
1.045,0.412
0.047,3.993
0.822,0.181
-0.976,4.398
-0.094,0.272
-0.318,4.669
-0.479,4.599
-0.525,4.418
-0.547,4.467
-0.462,4.537
-0.708,4.522
-1.45,4.604
-1.993,4.618
-1.986,4.629
-2.038,4.475
-2.242,4.455
-2.178,4.577
-3.06,4.438
-3.112,4.401
3.129,4.385
3.019,4.458
2.655,4.564
2.022,4.641
1.68,4.367
1.485,4.45
1.427,4.758
1.223,4.868
0.917,4.442
0.688,4.848
0.507,4.465
-0.233,4.61
-0.289,4.674
-0.31,3.092
-0.358,1.729
-0.412,1.006
-0.36,1.841
-0.501,1.015
-0.695,3.008
-0.821,4.298
-0.935,4.27
-2.499,4.11
-3.07,1.609
1.403,3.698
0.82,3.747
-0.18,2.795
-0.329,4.244
-0.382,0.491
-0.392,3.209
-0.288,0.339
-0.391,0.805
-0.303,2.827
-0.484,0.336
-0.354,4.157
-0.493,1.131
-0.489,1.756
-0.402,1.826
-0.445,3.969
-0.571,3.077
-0.685,3.351
-0.642,3.696
-0.851,1.938
-0.933,3.294
-0.86,3.911
-0.905,3.915
-0.917,2.347
-1.021,3.99
-1.058,3.252
-0.952,1.791
-1.125,1.647
-1.272,4.306
-1.137,0.398
-1.369,3.401
-1.268,0.436
-1.456,3.607
-1.347,1.201
-1.392,1.704
-1.572,2.954
-1.557,3.634
-1.574,4.094
-1.871,3.012
-1.908,0.633
-1.916,1.906
-2.025,1.79
-2.1,2.078
-1.994,4.2
-1.987,3.581
-2.067,0.378
-2.236,3.057
-2.25,4.326
-2.347,4.177
-2.365,4.198
-2.234,4.193
-2.343,0.831
-2.297,1.928
-2.346,3.051
-2.515,4.286
-2.509,1.477
-2.383,3.069
-2.464,2.725
-2.464,1.058
-2.494,4.101
-2.759,2.039
-2.829,1.957
-3.027,0.878
-3.054,4.188
-2.949,2.605
-2.958,3.461
-3.124,0.503
3.07,2.301
3.038,2.896
3.133,4.26
2.998,2.149
3.091,4.224
3.105,2.992
2.906,0.417
2.884,1.936
2.985,3.418
2.914,2.396
2.903,0.701
2.898,4.175
2.726,0.667
2.798,2.729
2.757,1.123
2.628,0.869
2.718,2.25
2.609,0.543
2.737,1.531
2.662,1.545
2.634,0.435
2.485,1.099
2.475,0.694
2.596,1.849
2.631,4.295
2.472,3.875
2.581,0.865
2.488,1.973
2.44,2.21
2.328,0.559
2.262,2.115
2.341,2.65
2.329,1.493
2.106,0.452
2.119,3.134
2.209,3.875
2.181,2.135
2.04,0.864
1.947,3.724
2.053,2.39
1.934,3.235
1.947,3.271
1.693,1.086
1.754,2.732
1.464,4.361
1.322,1.627
1.439,1.531
1.296,4.198
0.986,3.014
0.861,2.249
0.727,0.87
0.697,3.479
0.79,3.961
0.611,2.535
0.707,4.177
0.537,3.369
0.353,0.73
0.12,2.777
-0.031,4.279
-0.067,0.723
-0.086,4.295
-0.013,3.507
-0.169,0.656
-0.067,4.081
-0.23,0.179
-0.263,0.056
-0.294,0.124
-0.363,0.069
-1.127,0.059
-1.452,0.101
-2.21,0.174
2.861,0.169
1.138,0.264
-0.05,0.29
-0.551,4.668
-0.603,4.784
-0.662,4.486
-0.928,4.523
-1.033,4.743
-1.03,4.42
-1.138,4.487
-1.387,4.642
-1.42,4.741
-2.893,4.63
-3.078,4.693
3.009,4.688
2.25,4.43
1.931,4.691
1.941,4.485
1.31,4.665
0.461,4.33
-0.094,4.748
-0.337,1.858
2.373,3.327
0.617,3.966
-0.332,3.561
-0.25,0.879
-0.314,2.856
-0.436,2.86
-0.544,1.164
-2.92,3.922
-2.942,1.984
2.464,1.95
1.728,2.84
1.411,2.824
0.498,1.329
0.515,3.527
0.32,2.886
0.315,3.315
0.216,3.962
0.206,3.146
0.202,2.345
0.081,1.289
-0.203,2.82
-0.557,3.002
-0.833,3.084
-2.838,3.046
0.004,1.618
1.172,0.522
0.174,4.103
0.949,0.291
-0.849,4.508
-0.224,4.397
-0.385,4.327
-0.431,4.146
-0.453,4.195
-0.368,4.265
-0.614,4.25
-1.356,4.332
-1.899,4.346
-1.892,4.357
-1.944,4.203
-2.148,4.183
-2.084,4.305
-2.966,4.166
-3.018,4.129
-3.06,4.113
3.113,4.186
2.749,4.292
2.116,4.369
1.774,4.095
1.579,4.178
1.521,4.486
1.317,4.596
1.011,4.17
0.782,4.576
0.601,4.193
-0.139,4.338
-0.195,4.402
-0.216,2.82
-0.264,1.457
-0.318,0.734
-0.266,1.569
-0.407,0.743
-0.601,2.736
-0.727,4.026
-0.841,3.998
-2.405,3.838
-2.976,1.337
1.497,3.426
0.914,3.475
-0.086,2.523
-0.235,3.972
-0.288,0.219
-0.298,2.937
-0.194,0.067
-0.297,0.533
-0.209,2.555
-0.39,0.064
-0.26,3.885
-0.399,0.859
-0.395,1.484
-0.308,1.554
-0.351,3.697
-0.477,2.805
-0.591,3.079
-0.548,3.424
-0.757,1.666
-0.839,3.022
-0.766,3.639
-0.811,3.643
-0.823,2.075
-0.927,3.718
-0.964,2.98
-0.858,1.519
-1.031,1.375
-1.178,4.034
-1.043,0.126
-1.275,3.129
-1.174,0.164
-1.362,3.335
-1.253,0.929
-1.298,1.432
-1.478,2.682
-1.463,3.362
-1.48,3.822
-1.777,2.74
-1.814,0.361
-1.822,1.634
-1.931,1.518
-2.006,1.806
-1.9,3.928
-1.893,3.309
-1.973,0.106
-2.142,2.785
-2.156,4.054
-2.253,3.905
-2.271,3.926
-2.14,3.921
-2.249,0.559
-2.203,1.656
-2.252,2.779
-2.421,4.014
-2.415,1.205
-2.289,2.797
-2.37,2.453
-2.37,0.786
-2.4,3.829
-2.665,1.767
-2.735,1.685
-2.933,0.606
-2.96,3.916
-2.855,2.333
-2.864,3.189
-3.03,0.231
-3.119,2.029
3.132,2.624
-3.056,3.988
3.092,1.877
-3.098,3.952
-3.084,2.72
3.0,0.145
2.978,1.664
3.079,3.146
3.008,2.124
2.997,0.429
2.992,3.903
2.82,0.395
2.892,2.457
2.851,0.851
2.722,0.597
2.812,1.978
2.703,0.271
2.831,1.259
2.756,1.273
2.728,0.163
2.579,0.827
2.569,0.422
2.69,1.577
2.725,4.023
2.566,3.603
2.675,0.593
2.582,1.701
2.534,1.938
2.422,0.287
2.356,1.843
2.435,2.378
2.423,1.221
2.2,0.18
2.213,2.862
2.303,3.603
2.275,1.863
2.134,0.592
2.041,3.452
2.147,2.118
2.028,2.963
2.041,2.999
1.787,0.814
1.848,2.46
1.558,4.089
1.416,1.355
1.533,1.259
1.39,3.926
1.08,2.742
0.955,1.977
0.821,0.598
0.791,3.207
0.884,3.689
0.705,2.263
0.801,3.905
0.631,3.097
0.447,0.458
0.214,2.505
0.063,4.007
0.027,0.451
0.008,4.023
0.081,3.235
-0.075,0.384
0.027,3.809
-0.136,-0.093
-0.169,-0.216
-0.2,-0.148
-0.269,-0.203
-1.033,-0.213
-1.358,-0.171
-2.116,-0.098
2.955,-0.103
1.232,-0.008
0.044,0.018
-0.457,4.396
-0.509,4.512
-0.568,4.214
-0.834,4.251
-0.939,4.471
-0.936,4.148
-1.044,4.215
-1.293,4.37
-1.326,4.469
-2.799,4.358
-2.984,4.421
3.103,4.416
2.344,4.158
2.025,4.419
2.035,4.213
1.404,4.393
0.555,4.058
0.0,4.476
-0.243,1.586
2.467,3.055
0.711,3.694
-0.238,3.289
-0.156,0.607
-0.22,2.584
-0.342,2.588
-0.45,0.892
-2.826,3.65
-2.848,1.712
2.558,1.678
1.822,2.568
1.505,2.552
0.592,1.057
0.609,3.255
0.414,2.614
0.409,3.043
0.31,3.69
0.3,2.874
0.296,2.073
0.175,1.017
-0.109,2.548
-0.463,2.73
-0.739,2.812
-2.744,2.774
0.098,1.346
1.266,0.25
0.268,3.831
1.043,0.019
-0.755,4.236
-0.161,-0.07
-0.207,-0.251
-0.229,-0.202
-0.144,-0.132
-0.39,-0.147
-1.132,-0.065
-1.675,-0.051
-1.668,-0.04
-1.72,-0.194
-1.924,-0.214
-1.86,-0.092
-2.742,-0.231
-2.794,-0.268
-2.836,-0.284
-2.946,-0.211
2.973,-0.105
2.34,-0.028
1.998,-0.302
1.803,-0.219
1.745,0.089
1.541,0.199
1.235,-0.227
1.006,0.179
0.825,-0.204
0.085,-0.059
0.029,0.005
0.008,-1.577
-0.04,-2.94
-0.094,-3.663
-0.042,-2.828
-0.183,-3.654
-0.377,-1.661
-0.503,-0.371
-0.617,-0.399
-2.181,-0.559
-2.752,-3.06
1.721,-0.971
1.138,-0.922
0.138,-1.874
-0.011,-0.425
-0.064,-4.178
-0.074,-1.46
0.03,-4.33
-0.073,-3.864
0.015,-1.842
-0.166,-4.333
-0.036,-0.512
-0.175,-3.538
-0.171,-2.913
-0.084,-2.843
-0.127,-0.7
-0.253,-1.592
-0.367,-1.318
-0.324,-0.973
-0.533,-2.731
-0.615,-1.375
-0.542,-0.758
-0.587,-0.754
-0.599,-2.322
-0.703,-0.679
-0.74,-1.417
-0.634,-2.878
-0.807,-3.022
-0.954,-0.363
-0.819,-4.271
-1.051,-1.268
-0.95,-4.233
-1.138,-1.062
-1.029,-3.468
-1.074,-2.965
-1.254,-1.715
-1.239,-1.035
-1.256,-0.575
-1.553,-1.657
-1.59,-4.036
-1.598,-2.763
-1.707,-2.879
-1.782,-2.591
-1.676,-0.469
-1.669,-1.088
-1.749,-4.291
-1.918,-1.612
-1.932,-0.343
-2.029,-0.492
-2.047,-0.471
-1.916,-0.476
-2.025,-3.838
-1.979,-2.741
-2.028,-1.618
-2.197,-0.383
-2.191,-3.192
-2.065,-1.6
-2.146,-1.944
-2.146,-3.611
-2.176,-0.568
-2.441,-2.63
-2.511,-2.712
-2.709,-3.791
-2.736,-0.481
-2.631,-2.064
-2.64,-1.208
-2.806,-4.166
-2.895,-2.368
-2.927,-1.773
-2.832,-0.409
-2.967,-2.52
-2.874,-0.445
-2.86,-1.677
-3.059,-4.252
-3.081,-2.733
-2.98,-1.251
-3.051,-2.273
-3.062,-3.968
-3.067,-0.494
3.044,-4.002
3.116,-1.94
3.075,-3.546
2.946,-3.8
3.036,-2.419
2.927,-4.126
3.055,-3.138
2.98,-3.124
2.952,-4.234
2.803,-3.57
2.793,-3.975
2.914,-2.82
2.949,-0.374
2.79,-0.794
2.899,-3.804
2.806,-2.696
2.758,-2.459
2.646,-4.11
2.58,-2.554
2.659,-2.019
2.647,-3.176
2.424,-4.217
2.437,-1.535
2.527,-0.794
2.499,-2.534
2.358,-3.805
2.265,-0.945
2.371,-2.279
2.252,-1.434
2.265,-1.398
2.011,-3.583
2.072,-1.937
1.782,-0.308
1.64,-3.042
1.757,-3.138
1.614,-0.471
1.304,-1.655
1.179,-2.42
1.045,-3.799
1.015,-1.19
1.108,-0.708
0.929,-2.134
1.025,-0.492
0.855,-1.3
0.671,-3.939
0.438,-1.892
0.287,-0.39
0.251,-3.946
0.232,-0.374
0.305,-1.162
0.149,-4.013
0.251,-0.588
0.088,-4.49
0.055,-4.613
0.024,-4.545
-0.045,-4.6
-0.809,-4.61
-1.134,-4.568
-1.892,-4.495
-3.104,-4.5
1.456,-4.405
0.268,-4.379
-0.233,-0.001
-0.285,0.115
-0.344,-0.183
-0.61,-0.146
-0.715,0.074
-0.712,-0.249
-0.82,-0.182
-1.069,-0.027
-1.102,0.072
-2.575,-0.039
-2.76,0.024
-2.956,0.019
2.568,-0.239
2.249,0.022
2.259,-0.184
1.628,-0.004
0.779,-0.339
0.224,0.079
-0.019,-2.811
2.691,-1.342
0.935,-0.703
-0.014,-1.108
0.068,-3.79
0.004,-1.813
-0.118,-1.809
-0.226,-3.505
-2.602,-0.747
-2.624,-2.685
2.782,-2.719
2.046,-1.829
1.729,-1.845
0.816,-3.34
0.833,-1.142
0.638,-1.783
0.633,-1.354
0.534,-0.707
0.524,-1.523
0.52,-2.324
0.399,-3.38
0.115,-1.849
-0.239,-1.667
-0.515,-1.585
-2.52,-1.623
0.322,-3.051
1.49,-4.147
0.492,-0.566
1.267,-4.378
-0.531,-0.161
-0.046,-0.181
-0.068,-0.132
0.017,-0.062
-0.229,-0.077
-0.971,0.005
-1.514,0.019
-1.507,0.03
-1.559,-0.124
-1.763,-0.144
-1.699,-0.022
-2.581,-0.161
-2.633,-0.198
-2.675,-0.214
-2.785,-0.141
3.134,-0.035
2.501,0.042
2.159,-0.232
1.964,-0.149
1.906,0.159
1.702,0.269
1.396,-0.157
1.167,0.249
0.986,-0.134
0.246,0.011
0.19,0.075
0.169,-1.507
0.121,-2.87
0.067,-3.593
0.119,-2.758
-0.022,-3.584
-0.216,-1.591
-0.342,-0.301
-0.456,-0.329
-2.02,-0.489
-2.591,-2.99
1.882,-0.901
1.299,-0.852
0.299,-1.804
0.15,-0.355
0.097,-4.108
0.087,-1.39
0.191,-4.26
0.088,-3.794
0.176,-1.772
-0.005,-4.263
0.125,-0.442
-0.014,-3.468
-0.01,-2.843
0.077,-2.773
0.034,-0.63
-0.092,-1.522
-0.206,-1.248
-0.163,-0.903
-0.372,-2.661
-0.454,-1.305
-0.381,-0.688
-0.426,-0.684
-0.438,-2.252
-0.542,-0.609
-0.579,-1.347
-0.473,-2.808
-0.646,-2.952
-0.793,-0.293
-0.658,-4.201
-0.89,-1.198
-0.789,-4.163
-0.977,-0.992
-0.868,-3.398
-0.913,-2.895
-1.093,-1.645
-1.078,-0.965
-1.095,-0.505
-1.392,-1.587
-1.429,-3.966
-1.437,-2.693
-1.546,-2.809
-1.621,-2.521
-1.515,-0.399
-1.508,-1.018
-1.588,-4.221
-1.757,-1.542
-1.771,-0.273
-1.868,-0.422
-1.886,-0.401
-1.755,-0.406
-1.864,-3.768
-1.818,-2.671
-1.867,-1.548
-2.036,-0.313
-2.03,-3.122
-1.904,-1.53
-1.985,-1.874
-1.985,-3.541
-2.015,-0.498
-2.28,-2.56
-2.35,-2.642
-2.548,-3.721
-2.575,-0.411
-2.47,-1.994
-2.479,-1.138
-2.645,-4.096
-2.734,-2.298
-2.766,-1.703
-2.671,-0.339
-2.806,-2.45
-2.713,-0.375
-2.699,-1.607
-2.898,-4.182
-2.92,-2.663
-2.819,-1.181
-2.89,-2.203
-2.901,-3.898
-2.906,-0.424
-3.078,-3.932
-3.006,-1.87
-3.047,-3.476
3.107,-3.73
-3.086,-2.349
3.088,-4.056
-3.067,-3.068
3.141,-3.054
3.113,-4.164
2.964,-3.5
2.954,-3.905
3.075,-2.75
3.11,-0.304
2.951,-0.724
3.06,-3.734
2.967,-2.626
2.919,-2.389
2.807,-4.04
2.741,-2.484
2.82,-1.949
2.808,-3.106
2.585,-4.147
2.598,-1.465
2.688,-0.724
2.66,-2.464
2.519,-3.735
2.426,-0.875
2.532,-2.209
2.413,-1.364
2.426,-1.328
2.172,-3.513
2.233,-1.867
1.943,-0.238
1.801,-2.972
1.918,-3.068
1.775,-0.401
1.465,-1.585
1.34,-2.35
1.206,-3.729
1.176,-1.12
1.269,-0.638
1.09,-2.064
1.186,-0.422
1.016,-1.23
0.832,-3.869
0.599,-1.822
0.448,-0.32
0.412,-3.876
0.393,-0.304
0.466,-1.092
0.31,-3.943
0.412,-0.518
0.249,-4.42
0.216,-4.543
0.185,-4.475
0.116,-4.53
-0.648,-4.54
-0.973,-4.498
-1.731,-4.425
-2.943,-4.43
1.617,-4.335
0.429,-4.309
-0.072,0.069
-0.124,0.185
-0.183,-0.113
-0.449,-0.076
-0.554,0.144
-0.551,-0.179
-0.659,-0.112
-0.908,0.043
-0.941,0.142
-2.414,0.031
-2.599,0.094
-2.795,0.089
2.729,-0.169
2.41,0.092
2.42,-0.114
1.789,0.066
0.94,-0.269
0.385,0.149
0.142,-2.741
2.852,-1.272
1.096,-0.633
0.147,-1.038
0.229,-3.72
0.165,-1.743
0.043,-1.739
-0.065,-3.435
-2.441,-0.677
-2.463,-2.615
2.943,-2.649
2.207,-1.759
1.89,-1.775
0.977,-3.27
0.994,-1.072
0.799,-1.713
0.794,-1.284
0.695,-0.637
0.685,-1.453
0.681,-2.254
0.56,-3.31
0.276,-1.779
-0.078,-1.597
-0.354,-1.515
-2.359,-1.553
0.483,-2.981
1.651,-4.077
0.653,-0.496
1.428,-4.308
-0.37,-0.091
-0.022,0.049
0.063,0.119
-0.183,0.104
-0.925,0.186
-1.468,0.2
-1.461,0.211
-1.513,0.057
-1.717,0.037
-1.653,0.159
-2.535,0.02
-2.587,-0.017
-2.629,-0.033
-2.739,0.04
-3.103,0.146
2.547,0.223
2.205,-0.051
2.01,0.032
1.952,0.34
1.748,0.45
1.442,0.024
1.213,0.43
1.032,0.047
0.292,0.192
0.236,0.256
0.215,-1.326
0.167,-2.689
0.113,-3.412
0.165,-2.577
0.024,-3.403
-0.17,-1.41
-0.296,-0.12
-0.41,-0.148
-1.974,-0.308
-2.545,-2.809
1.928,-0.72
1.345,-0.671
0.345,-1.623
0.196,-0.174
0.143,-3.927
0.133,-1.209
0.237,-4.079
0.134,-3.613
0.222,-1.591
0.041,-4.082
0.171,-0.261
0.032,-3.287
0.036,-2.662
0.123,-2.592
0.08,-0.449
-0.046,-1.341
-0.16,-1.067
-0.117,-0.722
-0.326,-2.48
-0.408,-1.124
-0.335,-0.507
-0.38,-0.503
-0.392,-2.071
-0.496,-0.428
-0.533,-1.166
-0.427,-2.627
-0.6,-2.771
-0.747,-0.112
-0.612,-4.02
-0.844,-1.017
-0.743,-3.982
-0.931,-0.811
-0.822,-3.217
-0.867,-2.714
-1.047,-1.464
-1.032,-0.784
-1.049,-0.324
-1.346,-1.406
-1.383,-3.785
-1.391,-2.512
-1.5,-2.628
-1.575,-2.34
-1.469,-0.218
-1.462,-0.837
-1.542,-4.04
-1.711,-1.361
-1.725,-0.092
-1.822,-0.241
-1.84,-0.22
-1.709,-0.225
-1.818,-3.587
-1.772,-2.49
-1.821,-1.367
-1.99,-0.132
-1.984,-2.941
-1.858,-1.349
-1.939,-1.693
-1.939,-3.36
-1.969,-0.317
-2.234,-2.379
-2.304,-2.461
-2.502,-3.54
-2.529,-0.23
-2.424,-1.813
-2.433,-0.957
-2.599,-3.915
-2.688,-2.117
-2.72,-1.522
-2.625,-0.158
-2.76,-2.269
-2.667,-0.194
-2.653,-1.426
-2.852,-4.001
-2.874,-2.482
-2.773,-1.0
-2.844,-2.022
-2.855,-3.717
-2.86,-0.243
-3.032,-3.751
-2.96,-1.689
-3.001,-3.295
-3.13,-3.549
-3.04,-2.168
3.134,-3.875
-3.021,-2.887
-3.096,-2.873
-3.124,-3.983
3.01,-3.319
3.0,-3.724
3.121,-2.569
-3.127,-0.123
2.997,-0.543
3.106,-3.553
3.013,-2.445
2.965,-2.208
2.853,-3.859
2.787,-2.303
2.866,-1.768
2.854,-2.925
2.631,-3.966
2.644,-1.284
2.734,-0.543
2.706,-2.283
2.565,-3.554
2.472,-0.694
2.578,-2.028
2.459,-1.183
2.472,-1.147
2.218,-3.332
2.279,-1.686
1.989,-0.057
1.847,-2.791
1.964,-2.887
1.821,-0.22
1.511,-1.404
1.386,-2.169
1.252,-3.548
1.222,-0.939
1.315,-0.457
1.136,-1.883
1.232,-0.241
1.062,-1.049
0.878,-3.688
0.645,-1.641
0.494,-0.139
0.458,-3.695
0.439,-0.123
0.512,-0.911
0.356,-3.762
0.458,-0.337
0.295,-4.239
0.262,-4.362
0.231,-4.294
0.162,-4.349
-0.602,-4.359
-0.927,-4.317
-1.685,-4.244
-2.897,-4.249
1.663,-4.154
0.475,-4.128
-0.026,0.25
-0.078,0.366
-0.137,0.068
-0.403,0.105
-0.508,0.325
-0.505,0.002
-0.613,0.069
-0.862,0.224
-0.895,0.323
-2.368,0.212
-2.553,0.275
-2.749,0.27
2.775,0.012
2.456,0.273
2.466,0.067
1.835,0.247
0.986,-0.088
0.431,0.33
0.188,-2.56
2.898,-1.091
1.142,-0.452
0.193,-0.857
0.275,-3.539
0.211,-1.562
0.089,-1.558
-0.019,-3.254
-2.395,-0.496
-2.417,-2.434
2.989,-2.468
2.253,-1.578
1.936,-1.594
1.023,-3.089
1.04,-0.891
0.845,-1.532
0.84,-1.103
0.741,-0.456
0.731,-1.272
0.727,-2.073
0.606,-3.129
0.322,-1.598
-0.032,-1.416
-0.308,-1.334
-2.313,-1.372
0.529,-2.8
1.697,-3.896
0.699,-0.315
1.474,-4.127
-0.324,0.09
0.085,0.07
-0.161,0.055
-0.903,0.137
-1.446,0.151
-1.439,0.162
-1.491,0.008
-1.695,-0.012
-1.631,0.11
-2.513,-0.029
-2.565,-0.066
-2.607,-0.082
-2.717,-0.009
-3.081,0.097
2.569,0.174
2.227,-0.1
2.032,-0.017
1.974,0.291
1.77,0.401
1.464,-0.025
1.235,0.381
1.054,-0.002
0.314,0.143
0.258,0.207
0.237,-1.375
0.189,-2.738
0.135,-3.461
0.187,-2.626
0.046,-3.452
-0.148,-1.459
-0.274,-0.169
-0.388,-0.197
-1.952,-0.357
-2.523,-2.858
1.95,-0.769
1.367,-0.72
0.367,-1.672
0.218,-0.223
0.165,-3.976
0.155,-1.258
0.259,-4.128
0.156,-3.662
0.244,-1.64
0.063,-4.131
0.193,-0.31
0.054,-3.336
0.058,-2.711
0.145,-2.641
0.102,-0.498
-0.024,-1.39
-0.138,-1.116
-0.095,-0.771
-0.304,-2.529
-0.386,-1.173
-0.313,-0.556
-0.358,-0.552
-0.37,-2.12
-0.474,-0.477
-0.511,-1.215
-0.405,-2.676
-0.578,-2.82
-0.725,-0.161
-0.59,-4.069
-0.822,-1.066
-0.721,-4.031
-0.909,-0.86
-0.8,-3.266
-0.845,-2.763
-1.025,-1.513
-1.01,-0.833
-1.027,-0.373
-1.324,-1.455
-1.361,-3.834
-1.369,-2.561
-1.478,-2.677
-1.553,-2.389
-1.447,-0.267
-1.44,-0.886
-1.52,-4.089
-1.689,-1.41
-1.703,-0.141
-1.8,-0.29
-1.818,-0.269
-1.687,-0.274
-1.796,-3.636
-1.75,-2.539
-1.799,-1.416
-1.968,-0.181
-1.962,-2.99
-1.836,-1.398
-1.917,-1.742
-1.917,-3.409
-1.947,-0.366
-2.212,-2.428
-2.282,-2.51
-2.48,-3.589
-2.507,-0.279
-2.402,-1.862
-2.411,-1.006
-2.577,-3.964
-2.666,-2.166
-2.698,-1.571
-2.603,-0.207
-2.738,-2.318
-2.645,-0.243
-2.631,-1.475
-2.83,-4.05
-2.852,-2.531
-2.751,-1.049
-2.822,-2.071
-2.833,-3.766
-2.838,-0.292
-3.01,-3.8
-2.938,-1.738
-2.979,-3.344
-3.108,-3.598
-3.018,-2.217
-3.127,-3.924
-2.999,-2.936
-3.074,-2.922
-3.102,-4.032
3.032,-3.368
3.022,-3.773
-3.14,-2.618
-3.105,-0.172
3.019,-0.592
3.128,-3.602
3.035,-2.494
2.987,-2.257
2.875,-3.908
2.809,-2.352
2.888,-1.817
2.876,-2.974
2.653,-4.015
2.666,-1.333
2.756,-0.592
2.728,-2.332
2.587,-3.603
2.494,-0.743
2.6,-2.077
2.481,-1.232
2.494,-1.196
2.24,-3.381
2.301,-1.735
2.011,-0.106
1.869,-2.84
1.986,-2.936
1.843,-0.269
1.533,-1.453
1.408,-2.218
1.274,-3.597
1.244,-0.988
1.337,-0.506
1.158,-1.932
1.254,-0.29
1.084,-1.098
0.9,-3.737
0.667,-1.69
0.516,-0.188
0.48,-3.744
0.461,-0.172
0.534,-0.96
0.378,-3.811
0.48,-0.386
0.317,-4.288
0.284,-4.411
0.253,-4.343
0.184,-4.398
-0.58,-4.408
-0.905,-4.366
-1.663,-4.293
-2.875,-4.298
1.685,-4.203
0.497,-4.177
-0.004,0.201
-0.056,0.317
-0.115,0.019
-0.381,0.056
-0.486,0.276
-0.483,-0.047
-0.591,0.02
-0.84,0.175
-0.873,0.274
-2.346,0.163
-2.531,0.226
-2.727,0.221
2.797,-0.037
2.478,0.224
2.488,0.018
1.857,0.198
1.008,-0.137
0.453,0.281
0.21,-2.609
2.92,-1.14
1.164,-0.501
0.215,-0.906
0.297,-3.588
0.233,-1.611
0.111,-1.607
0.003,-3.303
-2.373,-0.545
-2.395,-2.483
3.011,-2.517
2.275,-1.627
1.958,-1.643
1.045,-3.138
1.062,-0.94
0.867,-1.581
0.862,-1.152
0.763,-0.505
0.753,-1.321
0.749,-2.122
0.628,-3.178
0.344,-1.647
-0.01,-1.465
-0.286,-1.383
-2.291,-1.421
0.551,-2.849
1.719,-3.945
0.721,-0.364
1.496,-4.176
-0.302,0.041
-0.246,-0.015
-0.988,0.067
-1.531,0.081
-1.524,0.092
-1.576,-0.062
-1.78,-0.082
-1.716,0.04
-2.598,-0.099
-2.65,-0.136
-2.692,-0.152
-2.802,-0.079
3.117,0.027
2.484,0.104
2.142,-0.17
1.947,-0.087
1.889,0.221
1.685,0.331
1.379,-0.095
1.15,0.311
0.969,-0.072
0.229,0.073
0.173,0.137
0.152,-1.445
0.104,-2.808
0.05,-3.531
0.102,-2.696
-0.039,-3.522
-0.233,-1.529
-0.359,-0.239
-0.473,-0.267
-2.037,-0.427
-2.608,-2.928
1.865,-0.839
1.282,-0.79
0.282,-1.742
0.133,-0.293
0.08,-4.046
0.07,-1.328
0.174,-4.198
0.071,-3.732
0.159,-1.71
-0.022,-4.201
0.108,-0.38
-0.031,-3.406
-0.027,-2.781
0.06,-2.711
0.017,-0.568
-0.109,-1.46
-0.223,-1.186
-0.18,-0.841
-0.389,-2.599
-0.471,-1.243
-0.398,-0.626
-0.443,-0.622
-0.455,-2.19
-0.559,-0.547
-0.596,-1.285
-0.49,-2.746
-0.663,-2.89
-0.81,-0.231
-0.675,-4.139
-0.907,-1.136
-0.806,-4.101
-0.994,-0.93
-0.885,-3.336
-0.93,-2.833
-1.11,-1.583
-1.095,-0.903
-1.112,-0.443
-1.409,-1.525
-1.446,-3.904
-1.454,-2.631
-1.563,-2.747
-1.638,-2.459
-1.532,-0.337
-1.525,-0.956
-1.605,-4.159
-1.774,-1.48
-1.788,-0.211
-1.885,-0.36
-1.903,-0.339
-1.772,-0.344
-1.881,-3.706
-1.835,-2.609
-1.884,-1.486
-2.053,-0.251
-2.047,-3.06
-1.921,-1.468
-2.002,-1.812
-2.002,-3.479
-2.032,-0.436
-2.297,-2.498
-2.367,-2.58
-2.565,-3.659
-2.592,-0.349
-2.487,-1.932
-2.496,-1.076
-2.662,-4.034
-2.751,-2.236
-2.783,-1.641
-2.688,-0.277
-2.823,-2.388
-2.73,-0.313
-2.716,-1.545
-2.915,-4.12
-2.937,-2.601
-2.836,-1.119
-2.907,-2.141
-2.918,-3.836
-2.923,-0.362
-3.095,-3.87
-3.023,-1.808
-3.064,-3.414
3.09,-3.668
-3.103,-2.287
3.071,-3.994
-3.084,-3.006
3.124,-2.992
3.096,-4.102
2.947,-3.438
2.937,-3.843
3.058,-2.688
3.093,-0.242
2.934,-0.662
3.043,-3.672
2.95,-2.564
2.902,-2.327
2.79,-3.978
2.724,-2.422
2.803,-1.887
2.791,-3.044
2.568,-4.085
2.581,-1.403
2.671,-0.662
2.643,-2.402
2.502,-3.673
2.409,-0.813
2.515,-2.147
2.396,-1.302
2.409,-1.266
2.155,-3.451
2.216,-1.805
1.926,-0.176
1.784,-2.91
1.901,-3.006
1.758,-0.339
1.448,-1.523
1.323,-2.288
1.189,-3.667
1.159,-1.058
1.252,-0.576
1.073,-2.002
1.169,-0.36
0.999,-1.168
0.815,-3.807
0.582,-1.76
0.431,-0.258
0.395,-3.814
0.376,-0.242
0.449,-1.03
0.293,-3.881
0.395,-0.456
0.232,-4.358
0.199,-4.481
0.168,-4.413
0.099,-4.468
-0.665,-4.478
-0.99,-4.436
-1.748,-4.363
-2.96,-4.368
1.6,-4.273
0.412,-4.247
-0.089,0.131
-0.141,0.247
-0.2,-0.051
-0.466,-0.014
-0.571,0.206
-0.568,-0.117
-0.676,-0.05
-0.925,0.105
-0.958,0.204
-2.431,0.093
-2.616,0.156
-2.812,0.151
2.712,-0.107
2.393,0.154
2.403,-0.052
1.772,0.128
0.923,-0.207
0.368,0.211
0.125,-2.679
2.835,-1.21
1.079,-0.571
0.13,-0.976
0.212,-3.658
0.148,-1.681
0.026,-1.677
-0.082,-3.373
-2.458,-0.615
-2.48,-2.553
2.926,-2.587
2.19,-1.697
1.873,-1.713
0.96,-3.208
0.977,-1.01
0.782,-1.651
0.777,-1.222
0.678,-0.575
0.668,-1.391
0.664,-2.192
0.543,-3.248
0.259,-1.717
-0.095,-1.535
-0.371,-1.453
-2.376,-1.491
0.466,-2.919
1.634,-4.015
0.636,-0.434
1.411,-4.246
-0.387,-0.029
-0.742,0.082
-1.285,0.096
-1.278,0.107
-1.33,-0.047
-1.534,-0.067
-1.47,0.055
-2.352,-0.084
-2.404,-0.121
-2.446,-0.137
-2.556,-0.064
-2.92,0.042
2.73,0.119
2.388,-0.155
2.193,-0.072
2.135,0.236
1.931,0.346
1.625,-0.08
1.396,0.326
1.215,-0.057
0.475,0.088
0.419,0.152
0.398,-1.43
0.35,-2.793
0.296,-3.516
0.348,-2.681
0.207,-3.507
0.013,-1.514
-0.113,-0.224
-0.227,-0.252
-1.791,-0.412
-2.362,-2.913
2.111,-0.824
1.528,-0.775
0.528,-1.727
0.379,-0.278
0.326,-4.031
0.316,-1.313
0.42,-4.183
0.317,-3.717
0.405,-1.695
0.224,-4.186
0.354,-0.365
0.215,-3.391
0.219,-2.766
0.306,-2.696
0.263,-0.553
0.137,-1.445
0.023,-1.171
0.066,-0.826
-0.143,-2.584
-0.225,-1.228
-0.152,-0.611
-0.197,-0.607
-0.209,-2.175
-0.313,-0.532
-0.35,-1.27
-0.244,-2.731
-0.417,-2.875
-0.564,-0.216
-0.429,-4.124
-0.661,-1.121
-0.56,-4.086
-0.748,-0.915
-0.639,-3.321
-0.684,-2.818
-0.864,-1.568
-0.849,-0.888
-0.866,-0.428
-1.163,-1.51
-1.2,-3.889
-1.208,-2.616
-1.317,-2.732
-1.392,-2.444
-1.286,-0.322
-1.279,-0.941
-1.359,-4.144
-1.528,-1.465
-1.542,-0.196
-1.639,-0.345
-1.657,-0.324
-1.526,-0.329
-1.635,-3.691
-1.589,-2.594
-1.638,-1.471
-1.807,-0.236
-1.801,-3.045
-1.675,-1.453
-1.756,-1.797
-1.756,-3.464
-1.786,-0.421
-2.051,-2.483
-2.121,-2.565
-2.319,-3.644
-2.346,-0.334
-2.241,-1.917
-2.25,-1.061
-2.416,-4.019
-2.505,-2.221
-2.537,-1.626
-2.442,-0.262
-2.577,-2.373
-2.484,-0.298
-2.47,-1.53
-2.669,-4.105
-2.691,-2.586
-2.59,-1.104
-2.661,-2.126
-2.672,-3.821
-2.677,-0.347
-2.849,-3.855
-2.777,-1.793
-2.818,-3.399
-2.947,-3.653
-2.857,-2.272
-2.966,-3.979
-2.838,-2.991
-2.913,-2.977
-2.941,-4.087
-3.09,-3.423
-3.1,-3.828
-2.979,-2.673
-2.944,-0.227
-3.103,-0.647
-2.994,-3.657
-3.087,-2.549
-3.135,-2.312
3.036,-3.963
2.97,-2.407
3.049,-1.872
3.037,-3.029
2.814,-4.07
2.827,-1.388
2.917,-0.647
2.889,-2.387
2.748,-3.658
2.655,-0.798
2.761,-2.132
2.642,-1.287
2.655,-1.251
2.401,-3.436
2.462,-1.79
2.172,-0.161
2.03,-2.895
2.147,-2.991
2.004,-0.324
1.694,-1.508
1.569,-2.273
1.435,-3.652
1.405,-1.043
1.498,-0.561
1.319,-1.987
1.415,-0.345
1.245,-1.153
1.061,-3.792
0.828,-1.745
0.677,-0.243
0.641,-3.799
0.622,-0.227
0.695,-1.015
0.539,-3.866
0.641,-0.441
0.478,-4.343
0.445,-4.466
0.414,-4.398
0.345,-4.453
-0.419,-4.463
-0.744,-4.421
-1.502,-4.348
-2.714,-4.353
1.846,-4.258
0.658,-4.232
0.157,0.146
0.105,0.262
0.046,-0.036
-0.22,0.001
-0.325,0.221
-0.322,-0.102
-0.43,-0.035
-0.679,0.12
-0.712,0.219
-2.185,0.108
-2.37,0.171
-2.566,0.166
2.958,-0.092
2.639,0.169
2.649,-0.037
2.018,0.143
1.169,-0.192
0.614,0.226
0.371,-2.664
3.081,-1.195
1.325,-0.556
0.376,-0.961
0.458,-3.643
0.394,-1.666
0.272,-1.662
0.164,-3.358
-2.212,-0.6
-2.234,-2.538
-3.111,-2.572
2.436,-1.682
2.119,-1.698
1.206,-3.193
1.223,-0.995
1.028,-1.636
1.023,-1.207
0.924,-0.56
0.914,-1.376
0.91,-2.177
0.789,-3.233
0.505,-1.702
0.151,-1.52
-0.125,-1.438
-2.13,-1.476
0.712,-2.904
1.88,-4.0
0.882,-0.419
1.657,-4.231
-0.141,-0.014
-0.543,0.014
-0.536,0.025
-0.588,-0.129
-0.792,-0.149
-0.728,-0.027
-1.61,-0.166
-1.662,-0.203
-1.704,-0.219
-1.814,-0.146
-2.178,-0.04
-2.811,0.037
3.13,-0.237
2.935,-0.154
2.877,0.154
2.673,0.264
2.367,-0.162
2.138,0.244
1.957,-0.139
1.217,0.006
1.161,0.07
1.14,-1.512
1.092,-2.875
1.038,-3.598
1.09,-2.763
0.949,-3.589
0.755,-1.596
0.629,-0.306
0.515,-0.334
-1.049,-0.494
-1.62,-2.995
2.853,-0.906
2.27,-0.857
1.27,-1.809
1.121,-0.36
1.068,-4.113
1.058,-1.395
1.162,-4.265
1.059,-3.799
1.147,-1.777
0.966,-4.268
1.096,-0.447
0.957,-3.473
0.961,-2.848
1.048,-2.778
1.005,-0.635
0.879,-1.527
0.765,-1.253
0.808,-0.908
0.599,-2.666
0.517,-1.31
0.59,-0.693
0.545,-0.689
0.533,-2.257
0.429,-0.614
0.392,-1.352
0.498,-2.813
0.325,-2.957
0.178,-0.298
0.313,-4.206
0.081,-1.203
0.182,-4.168
-0.006,-0.997
0.103,-3.403
0.058,-2.9
-0.122,-1.65
-0.107,-0.97
-0.124,-0.51
-0.421,-1.592
-0.458,-3.971
-0.466,-2.698
-0.575,-2.814
-0.65,-2.526
-0.544,-0.404
-0.537,-1.023
-0.617,-4.226
-0.786,-1.547
-0.8,-0.278
-0.897,-0.427
-0.915,-0.406
-0.784,-0.411
-0.893,-3.773
-0.847,-2.676
-0.896,-1.553
-1.065,-0.318
-1.059,-3.127
-0.933,-1.535
-1.014,-1.879
-1.014,-3.546
-1.044,-0.503
-1.309,-2.565
-1.379,-2.647
-1.577,-3.726
-1.604,-0.416
-1.499,-1.999
-1.508,-1.143
-1.674,-4.101
-1.763,-2.303
-1.795,-1.708
-1.7,-0.344
-1.835,-2.455
-1.742,-0.38
-1.728,-1.612
-1.927,-4.187
-1.949,-2.668
-1.848,-1.186
-1.919,-2.208
-1.93,-3.903
-1.935,-0.429
-2.107,-3.937
-2.035,-1.875
-2.076,-3.481
-2.205,-3.735
-2.115,-2.354
-2.224,-4.061
-2.096,-3.073
-2.171,-3.059
-2.199,-4.169
-2.348,-3.505
-2.358,-3.91
-2.237,-2.755
-2.202,-0.309
-2.361,-0.729
-2.252,-3.739
-2.345,-2.631
-2.393,-2.394
-2.505,-4.045
-2.571,-2.489
-2.492,-1.954
-2.504,-3.111
-2.727,-4.152
-2.714,-1.47
-2.624,-0.729
-2.652,-2.469
-2.793,-3.74
-2.886,-0.88
-2.78,-2.214
-2.899,-1.369
-2.886,-1.333
-3.14,-3.518
-3.079,-1.872
2.914,-0.243
2.772,-2.977
2.889,-3.073
2.746,-0.406
2.436,-1.59
2.311,-2.355
2.177,-3.734
2.147,-1.125
2.24,-0.643
2.061,-2.069
2.157,-0.427
1.987,-1.235
1.803,-3.874
1.57,-1.827
1.419,-0.325
1.383,-3.881
1.364,-0.309
1.437,-1.097
1.281,-3.948
1.383,-0.523
1.22,-4.425
1.187,-4.548
1.156,-4.48
1.087,-4.535
0.323,-4.545
-0.002,-4.503
-0.76,-4.43
-1.972,-4.435
2.588,-4.34
1.4,-4.314
0.899,0.064
0.847,0.18
0.788,-0.118
0.522,-0.081
0.417,0.139
0.42,-0.184
0.312,-0.117
0.063,0.038
0.03,0.137
-1.443,0.026
-1.628,0.089
-1.824,0.084
-2.583,-0.174
-2.902,0.087
-2.892,-0.119
2.76,0.061
1.911,-0.274
1.356,0.144
1.113,-2.746
-2.46,-1.277
2.067,-0.638
1.118,-1.043
1.2,-3.725
1.136,-1.748
1.014,-1.744
0.906,-3.44
-1.47,-0.682
-1.492,-2.62
-2.369,-2.654
-3.105,-1.764
2.861,-1.78
1.948,-3.275
1.965,-1.077
1.77,-1.718
1.765,-1.289
1.666,-0.642
1.656,-1.458
1.652,-2.259
1.531,-3.315
1.247,-1.784
0.893,-1.602
0.617,-1.52
-1.388,-1.558
1.454,-2.986
2.622,-4.082
1.624,-0.501
2.399,-4.313
0.601,-0.096
0.007,0.011
-0.045,-0.143
-0.249,-0.163
-0.185,-0.041
-1.067,-0.18
-1.119,-0.217
-1.161,-0.233
-1.271,-0.16
-1.635,-0.054
-2.268,0.023
-2.61,-0.251
-2.805,-0.168
-2.863,0.14
-3.067,0.25
2.91,-0.176
2.681,0.23
2.5,-0.153
1.76,-0.008
1.704,0.056
1.683,-1.526
1.635,-2.889
1.581,-3.612
1.633,-2.777
1.492,-3.603
1.298,-1.61
1.172,-0.32
1.058,-0.348
-0.506,-0.508
-1.077,-3.009
-2.887,-0.92
2.813,-0.871
1.813,-1.823
1.664,-0.374
1.611,-4.127
1.601,-1.409
1.705,-4.279
1.602,-3.813
1.69,-1.791
1.509,-4.282
1.639,-0.461
1.5,-3.487
1.504,-2.862
1.591,-2.792
1.548,-0.649
1.422,-1.541
1.308,-1.267
1.351,-0.922
1.142,-2.68
1.06,-1.324
1.133,-0.707
1.088,-0.703
1.076,-2.271
0.972,-0.628
0.935,-1.366
1.041,-2.827
0.868,-2.971
0.721,-0.312
0.856,-4.22
0.624,-1.217
0.725,-4.182
0.537,-1.011
0.646,-3.417
0.601,-2.914
0.421,-1.664
0.436,-0.984
0.419,-0.524
0.122,-1.606
0.085,-3.985
0.077,-2.712
-0.032,-2.828
-0.107,-2.54
-0.001,-0.418
0.006,-1.037
-0.074,-4.24
-0.243,-1.561
-0.257,-0.292
-0.354,-0.441
-0.372,-0.42
-0.241,-0.425
-0.35,-3.787
-0.304,-2.69
-0.353,-1.567
-0.522,-0.332
-0.516,-3.141
-0.39,-1.549
-0.471,-1.893
-0.471,-3.56
-0.501,-0.517
-0.766,-2.579
-0.836,-2.661
-1.034,-3.74
-1.061,-0.43
-0.956,-2.013
-0.965,-1.157
-1.131,-4.115
-1.22,-2.317
-1.252,-1.722
-1.157,-0.358
-1.292,-2.469
-1.199,-0.394
-1.185,-1.626
-1.384,-4.201
-1.406,-2.682
-1.305,-1.2
-1.376,-2.222
-1.387,-3.917
-1.392,-0.443
-1.564,-3.951
-1.492,-1.889
-1.533,-3.495
-1.662,-3.749
-1.572,-2.368
-1.681,-4.075
-1.553,-3.087
-1.628,-3.073
-1.656,-4.183
-1.805,-3.519
-1.815,-3.924
-1.694,-2.769
-1.659,-0.323
-1.818,-0.743
-1.709,-3.753
-1.802,-2.645
-1.85,-2.408
-1.962,-4.059
-2.028,-2.503
-1.949,-1.968
-1.961,-3.125
-2.184,-4.166
-2.171,-1.484
-2.081,-0.743
-2.109,-2.483
-2.25,-3.754
-2.343,-0.894
-2.237,-2.228
-2.356,-1.383
-2.343,-1.347
-2.597,-3.532
-2.536,-1.886
-2.826,-0.257
-2.968,-2.991
-2.851,-3.087
-2.994,-0.42
2.979,-1.604
2.854,-2.369
2.72,-3.748
2.69,-1.139
2.783,-0.657
2.604,-2.083
2.7,-0.441
2.53,-1.249
2.346,-3.888
2.113,-1.841
1.962,-0.339
1.926,-3.895
1.907,-0.323
1.98,-1.111
1.824,-3.962
1.926,-0.537
1.763,-4.439
1.73,-4.562
1.699,-4.494
1.63,-4.549
0.866,-4.559
0.541,-4.517
-0.217,-4.444
-1.429,-4.449
3.131,-4.354
1.943,-4.328
1.442,0.05
1.39,0.166
1.331,-0.132
1.065,-0.095
0.96,0.125
0.963,-0.198
0.855,-0.131
0.606,0.024
0.573,0.123
-0.9,0.012
-1.085,0.075
-1.281,0.07
-2.04,-0.188
-2.359,0.073
-2.349,-0.133
-2.98,0.047
2.454,-0.288
1.899,0.13
1.656,-2.76
-1.917,-1.291
2.61,-0.652
1.661,-1.057
1.743,-3.739
1.679,-1.762
1.557,-1.758
1.449,-3.454
-0.927,-0.696
-0.949,-2.634
-1.826,-2.668
-2.562,-1.778
-2.879,-1.794
2.491,-3.289
2.508,-1.091
2.313,-1.732
2.308,-1.303
2.209,-0.656
2.199,-1.472
2.195,-2.273
2.074,-3.329
1.79,-1.798
1.436,-1.616
1.16,-1.534
-0.845,-1.572
1.997,-3.0
-3.118,-4.096
2.167,-0.515
2.942,-4.327
1.144,-0.11
-0.052,-0.154
-0.256,-0.174
-0.192,-0.052
-1.074,-0.191
-1.126,-0.228
-1.168,-0.244
-1.278,-0.171
-1.642,-0.065
-2.275,0.012
-2.617,-0.262
-2.812,-0.179
-2.87,0.129
-3.074,0.239
2.903,-0.187
2.674,0.219
2.493,-0.164
1.753,-0.019
1.697,0.045
1.676,-1.537
1.628,-2.9
1.574,-3.623
1.626,-2.788
1.485,-3.614
1.291,-1.621
1.165,-0.331
1.051,-0.359
-0.513,-0.519
-1.084,-3.02
-2.894,-0.931
2.806,-0.882
1.806,-1.834
1.657,-0.385
1.604,-4.138
1.594,-1.42
1.698,-4.29
1.595,-3.824
1.683,-1.802
1.502,-4.293
1.632,-0.472
1.493,-3.498
1.497,-2.873
1.584,-2.803
1.541,-0.66
1.415,-1.552
1.301,-1.278
1.344,-0.933
1.135,-2.691
1.053,-1.335
1.126,-0.718
1.081,-0.714
1.069,-2.282
0.965,-0.639
0.928,-1.377
1.034,-2.838
0.861,-2.982
0.714,-0.323
0.849,-4.231
0.617,-1.228
0.718,-4.193
0.53,-1.022
0.639,-3.428
0.594,-2.925
0.414,-1.675
0.429,-0.995
0.412,-0.535
0.115,-1.617
0.078,-3.996
0.07,-2.723
-0.039,-2.839
-0.114,-2.551
-0.008,-0.429
-0.001,-1.048
-0.081,-4.251
-0.25,-1.572
-0.264,-0.303
-0.361,-0.452
-0.379,-0.431
-0.248,-0.436
-0.357,-3.798
-0.311,-2.701
-0.36,-1.578
-0.529,-0.343
-0.523,-3.152
-0.397,-1.56
-0.478,-1.904
-0.478,-3.571
-0.508,-0.528
-0.773,-2.59
-0.843,-2.672
-1.041,-3.751
-1.068,-0.441
-0.963,-2.024
-0.972,-1.168
-1.138,-4.126
-1.227,-2.328
-1.259,-1.733
-1.164,-0.369
-1.299,-2.48
-1.206,-0.405
-1.192,-1.637
-1.391,-4.212
-1.413,-2.693
-1.312,-1.211
-1.383,-2.233
-1.394,-3.928
-1.399,-0.454
-1.571,-3.962
-1.499,-1.9
-1.54,-3.506
-1.669,-3.76
-1.579,-2.379
-1.688,-4.086
-1.56,-3.098
-1.635,-3.084
-1.663,-4.194
-1.812,-3.53
-1.822,-3.935
-1.701,-2.78
-1.666,-0.334
-1.825,-0.754
-1.716,-3.764
-1.809,-2.656
-1.857,-2.419
-1.969,-4.07
-2.035,-2.514
-1.956,-1.979
-1.968,-3.136
-2.191,-4.177
-2.178,-1.495
-2.088,-0.754
-2.116,-2.494
-2.257,-3.765
-2.35,-0.905
-2.244,-2.239
-2.363,-1.394
-2.35,-1.358
-2.604,-3.543
-2.543,-1.897
-2.833,-0.268
-2.975,-3.002
-2.858,-3.098
-3.001,-0.431
2.972,-1.615
2.847,-2.38
2.713,-3.759
2.683,-1.15
2.776,-0.668
2.597,-2.094
2.693,-0.452
2.523,-1.26
2.339,-3.899
2.106,-1.852
1.955,-0.35
1.919,-3.906
1.9,-0.334
1.973,-1.122
1.817,-3.973
1.919,-0.548
1.756,-4.45
1.723,-4.573
1.692,-4.505
1.623,-4.56
0.859,-4.57
0.534,-4.528
-0.224,-4.455
-1.436,-4.46
3.124,-4.365
1.936,-4.339
1.435,0.039
1.383,0.155
1.324,-0.143
1.058,-0.106
0.953,0.114
0.956,-0.209
0.848,-0.142
0.599,0.013
0.566,0.112
-0.907,0.001
-1.092,0.064
-1.288,0.059
-2.047,-0.199
-2.366,0.062
-2.356,-0.144
-2.987,0.036
2.447,-0.299
1.892,0.119
1.649,-2.771
-1.924,-1.302
2.603,-0.663
1.654,-1.068
1.736,-3.75
1.672,-1.773
1.55,-1.769
1.442,-3.465
-0.934,-0.707
-0.956,-2.645
-1.833,-2.679
-2.569,-1.789
-2.886,-1.805
2.484,-3.3
2.501,-1.102
2.306,-1.743
2.301,-1.314
2.202,-0.667
2.192,-1.483
2.188,-2.284
2.067,-3.34
1.783,-1.809
1.429,-1.627
1.153,-1.545
-0.852,-1.583
1.99,-3.011
-3.125,-4.107
2.16,-0.526
2.935,-4.338
1.137,-0.121
-0.204,-0.02
-0.14,0.102
-1.022,-0.037
-1.074,-0.074
-1.116,-0.09
-1.226,-0.017
-1.59,0.089
-2.223,0.166
-2.565,-0.108
-2.76,-0.025
-2.818,0.283
-3.022,0.393
2.955,-0.033
2.726,0.373
2.545,-0.01
1.805,0.135
1.749,0.199
1.728,-1.383
1.68,-2.746
1.626,-3.469
1.678,-2.634
1.537,-3.46
1.343,-1.467
1.217,-0.177
1.103,-0.205
-0.461,-0.365
-1.032,-2.866
-2.842,-0.777
2.858,-0.728
1.858,-1.68
1.709,-0.231
1.656,-3.984
1.646,-1.266
1.75,-4.136
1.647,-3.67
1.735,-1.648
1.554,-4.139
1.684,-0.318
1.545,-3.344
1.549,-2.719
1.636,-2.649
1.593,-0.506
1.467,-1.398
1.353,-1.124
1.396,-0.779
1.187,-2.537
1.105,-1.181
1.178,-0.564
1.133,-0.56
1.121,-2.128
1.017,-0.485
0.98,-1.223
1.086,-2.684
0.913,-2.828
0.766,-0.169
0.901,-4.077
0.669,-1.074
0.77,-4.039
0.582,-0.868
0.691,-3.274
0.646,-2.771
0.466,-1.521
0.481,-0.841
0.464,-0.381
0.167,-1.463
0.13,-3.842
0.122,-2.569
0.013,-2.685
-0.062,-2.397
0.044,-0.275
0.051,-0.894
-0.029,-4.097
-0.198,-1.418
-0.212,-0.149
-0.309,-0.298
-0.327,-0.277
-0.196,-0.282
-0.305,-3.644
-0.259,-2.547
-0.308,-1.424
-0.477,-0.189
-0.471,-2.998
-0.345,-1.406
-0.426,-1.75
-0.426,-3.417
-0.456,-0.374
-0.721,-2.436
-0.791,-2.518
-0.989,-3.597
-1.016,-0.287
-0.911,-1.87
-0.92,-1.014
-1.086,-3.972
-1.175,-2.174
-1.207,-1.579
-1.112,-0.215
-1.247,-2.326
-1.154,-0.251
-1.14,-1.483
-1.339,-4.058
-1.361,-2.539
-1.26,-1.057
-1.331,-2.079
-1.342,-3.774
-1.347,-0.3
-1.519,-3.808
-1.447,-1.746
-1.488,-3.352
-1.617,-3.606
-1.527,-2.225
-1.636,-3.932
-1.508,-2.944
-1.583,-2.93
-1.611,-4.04
-1.76,-3.376
-1.77,-3.781
-1.649,-2.626
-1.614,-0.18
-1.773,-0.6
-1.664,-3.61
-1.757,-2.502
-1.805,-2.265
-1.917,-3.916
-1.983,-2.36
-1.904,-1.825
-1.916,-2.982
-2.139,-4.023
-2.126,-1.341
-2.036,-0.6
-2.064,-2.34
-2.205,-3.611
-2.298,-0.751
-2.192,-2.085
-2.311,-1.24
-2.298,-1.204
-2.552,-3.389
-2.491,-1.743
-2.781,-0.114
-2.923,-2.848
-2.806,-2.944
-2.949,-0.277
3.024,-1.461
2.899,-2.226
2.765,-3.605
2.735,-0.996
2.828,-0.514
2.649,-1.94
2.745,-0.298
2.575,-1.106
2.391,-3.745
2.158,-1.698
2.007,-0.196
1.971,-3.752
1.952,-0.18
2.025,-0.968
1.869,-3.819
1.971,-0.394
1.808,-4.296
1.775,-4.419
1.744,-4.351
1.675,-4.406
0.911,-4.416
0.586,-4.374
-0.172,-4.301
-1.384,-4.306
-3.107,-4.211
1.988,-4.185
1.487,0.193
1.435,0.309
1.376,0.011
1.11,0.048
1.005,0.268
1.008,-0.055
0.9,0.012
0.651,0.167
0.618,0.266
-0.855,0.155
-1.04,0.218
-1.236,0.213
-1.995,-0.045
-2.314,0.216
-2.304,0.01
-2.935,0.19
2.499,-0.145
1.944,0.273
1.701,-2.617
-1.872,-1.148
2.655,-0.509
1.706,-0.914
1.788,-3.596
1.724,-1.619
1.602,-1.615
1.494,-3.311
-0.882,-0.553
-0.904,-2.491
-1.781,-2.525
-2.517,-1.635
-2.834,-1.651
2.536,-3.146
2.553,-0.948
2.358,-1.589
2.353,-1.16
2.254,-0.513
2.244,-1.329
2.24,-2.13
2.119,-3.186
1.835,-1.655
1.481,-1.473
1.205,-1.391
-0.8,-1.429
2.042,-2.857
-3.073,-3.953
2.212,-0.372
2.987,-4.184
1.189,0.033
0.064,0.122
-0.818,-0.017
-0.87,-0.054
-0.912,-0.07
-1.022,0.003
-1.386,0.109
-2.019,0.186
-2.361,-0.088
-2.556,-0.005
-2.614,0.303
-2.818,0.413
-3.124,-0.013
2.93,0.393
2.749,0.01
2.009,0.155
1.953,0.219
1.932,-1.363
1.884,-2.726
1.83,-3.449
1.882,-2.614
1.741,-3.44
1.547,-1.447
1.421,-0.157
1.307,-0.185
-0.257,-0.345
-0.828,-2.846
-2.638,-0.757
3.062,-0.708
2.062,-1.66
1.913,-0.211
1.86,-3.964
1.85,-1.246
1.954,-4.116
1.851,-3.65
1.939,-1.628
1.758,-4.119
1.888,-0.298
1.749,-3.324
1.753,-2.699
1.84,-2.629
1.797,-0.486
1.671,-1.378
1.557,-1.104
1.6,-0.759
1.391,-2.517
1.309,-1.161
1.382,-0.544
1.337,-0.54
1.325,-2.108
1.221,-0.465
1.184,-1.203
1.29,-2.664
1.117,-2.808
0.97,-0.149
1.105,-4.057
0.873,-1.054
0.974,-4.019
0.786,-0.848
0.895,-3.254
0.85,-2.751
0.67,-1.501
0.685,-0.821
0.668,-0.361
0.371,-1.443
0.334,-3.822
0.326,-2.549
0.217,-2.665
0.142,-2.377
0.248,-0.255
0.255,-0.874
0.175,-4.077
0.006,-1.398
-0.008,-0.129
-0.105,-0.278
-0.123,-0.257
0.008,-0.262
-0.101,-3.624
-0.055,-2.527
-0.104,-1.404
-0.273,-0.169
-0.267,-2.978
-0.141,-1.386
-0.222,-1.73
-0.222,-3.397
-0.252,-0.354
-0.517,-2.416
-0.587,-2.498
-0.785,-3.577
-0.812,-0.267
-0.707,-1.85
-0.716,-0.994
-0.882,-3.952
-0.971,-2.154
-1.003,-1.559
-0.908,-0.195
-1.043,-2.306
-0.95,-0.231
-0.936,-1.463
-1.135,-4.038
-1.157,-2.519
-1.056,-1.037
-1.127,-2.059
-1.138,-3.754
-1.143,-0.28
-1.315,-3.788
-1.243,-1.726
-1.284,-3.332
-1.413,-3.586
-1.323,-2.205
-1.432,-3.912
-1.304,-2.924
-1.379,-2.91
-1.407,-4.02
-1.556,-3.356
-1.566,-3.761
-1.445,-2.606
-1.41,-0.16
-1.569,-0.58
-1.46,-3.59
-1.553,-2.482
-1.601,-2.245
-1.713,-3.896
-1.779,-2.34
-1.7,-1.805
-1.712,-2.962
-1.935,-4.003
-1.922,-1.321
-1.832,-0.58
-1.86,-2.32
-2.001,-3.591
-2.094,-0.731
-1.988,-2.065
-2.107,-1.22
-2.094,-1.184
-2.348,-3.369
-2.287,-1.723
-2.577,-0.094
-2.719,-2.828
-2.602,-2.924
-2.745,-0.257
-3.055,-1.441
3.103,-2.206
2.969,-3.585
2.939,-0.976
3.032,-0.494
2.853,-1.92
2.949,-0.278
2.779,-1.086
2.595,-3.725
2.362,-1.678
2.211,-0.176
2.175,-3.732
2.156,-0.16
2.229,-0.948
2.073,-3.799
2.175,-0.374
2.012,-4.276
1.979,-4.399
1.948,-4.331
1.879,-4.386
1.115,-4.396
0.79,-4.354
0.032,-4.281
-1.18,-4.286
-2.903,-4.191
2.192,-4.165
1.691,0.213
1.639,0.329
1.58,0.031
1.314,0.068
1.209,0.288
1.212,-0.035
1.104,0.032
0.855,0.187
0.822,0.286
-0.651,0.175
-0.836,0.238
-1.032,0.233
-1.791,-0.025
-2.11,0.236
-2.1,0.03
-2.731,0.21
2.703,-0.125
2.148,0.293
1.905,-2.597
-1.668,-1.128
2.859,-0.489
1.91,-0.894
1.992,-3.576
1.928,-1.599
1.806,-1.595
1.698,-3.291
-0.678,-0.533
-0.7,-2.471
-1.577,-2.505
-2.313,-1.615
-2.63,-1.631
2.74,-3.126
2.757,-0.928
2.562,-1.569
2.557,-1.14
2.458,-0.493
2.448,-1.309
2.444,-2.11
2.323,-3.166
2.039,-1.635
1.685,-1.453
1.409,-1.371
-0.596,-1.409
2.246,-2.837
-2.869,-3.933
2.416,-0.352
-3.092,-4.164
1.393,0.053
-0.882,-0.139
-0.934,-0.176
-0.976,-0.192
-1.086,-0.119
-1.45,-0.013
-2.083,0.064
-2.425,-0.21
-2.62,-0.127
-2.678,0.181
-2.882,0.291
3.095,-0.135
2.866,0.271
2.685,-0.112
1.945,0.033
1.889,0.097
1.868,-1.485
1.82,-2.848
1.766,-3.571
1.818,-2.736
1.677,-3.562
1.483,-1.569
1.357,-0.279
1.243,-0.307
-0.321,-0.467
-0.892,-2.968
-2.702,-0.879
2.998,-0.83
1.998,-1.782
1.849,-0.333
1.796,-4.086
1.786,-1.368
1.89,-4.238
1.787,-3.772
1.875,-1.75
1.694,-4.241
1.824,-0.42
1.685,-3.446
1.689,-2.821
1.776,-2.751
1.733,-0.608
1.607,-1.5
1.493,-1.226
1.536,-0.881
1.327,-2.639
1.245,-1.283
1.318,-0.666
1.273,-0.662
1.261,-2.23
1.157,-0.587
1.12,-1.325
1.226,-2.786
1.053,-2.93
0.906,-0.271
1.041,-4.179
0.809,-1.176
0.91,-4.141
0.722,-0.97
0.831,-3.376
0.786,-2.873
0.606,-1.623
0.621,-0.943
0.604,-0.483
0.307,-1.565
0.27,-3.944
0.262,-2.671
0.153,-2.787
0.078,-2.499
0.184,-0.377
0.191,-0.996
0.111,-4.199
-0.058,-1.52
-0.072,-0.251
-0.169,-0.4
-0.187,-0.379
-0.056,-0.384
-0.165,-3.746
-0.119,-2.649
-0.168,-1.526
-0.337,-0.291
-0.331,-3.1
-0.205,-1.508
-0.286,-1.852
-0.286,-3.519
-0.316,-0.476
-0.581,-2.538
-0.651,-2.62
-0.849,-3.699
-0.876,-0.389
-0.771,-1.972
-0.78,-1.116
-0.946,-4.074
-1.035,-2.276
-1.067,-1.681
-0.972,-0.317
-1.107,-2.428
-1.014,-0.353
-1.0,-1.585
-1.199,-4.16
-1.221,-2.641
-1.12,-1.159
-1.191,-2.181
-1.202,-3.876
-1.207,-0.402
-1.379,-3.91
-1.307,-1.848
-1.348,-3.454
-1.477,-3.708
-1.387,-2.327
-1.496,-4.034
-1.368,-3.046
-1.443,-3.032
-1.471,-4.142
-1.62,-3.478
-1.63,-3.883
-1.509,-2.728
-1.474,-0.282
-1.633,-0.702
-1.524,-3.712
-1.617,-2.604
-1.665,-2.367
-1.777,-4.018
-1.843,-2.462
-1.764,-1.927
-1.776,-3.084
-1.999,-4.125
-1.986,-1.443
-1.896,-0.702
-1.924,-2.442
-2.065,-3.713
-2.158,-0.853
-2.052,-2.187
-2.171,-1.342
-2.158,-1.306
-2.412,-3.491
-2.351,-1.845
-2.641,-0.216
-2.783,-2.95
-2.666,-3.046
-2.809,-0.379
-3.119,-1.563
3.039,-2.328
2.905,-3.707
2.875,-1.098
2.968,-0.616
2.789,-2.042
2.885,-0.4
2.715,-1.208
2.531,-3.847
2.298,-1.8
2.147,-0.298
2.111,-3.854
2.092,-0.282
2.165,-1.07
2.009,-3.921
2.111,-0.496
1.948,-4.398
1.915,-4.521
1.884,-4.453
1.815,-4.508
1.051,-4.518
0.726,-4.476
-0.032,-4.403
-1.244,-4.408
-2.967,-4.313
2.128,-4.287
1.627,0.091
1.575,0.207
1.516,-0.091
1.25,-0.054
1.145,0.166
1.148,-0.157
1.04,-0.09
0.791,0.065
0.758,0.164
-0.715,0.053
-0.9,0.116
-1.096,0.111
-1.855,-0.147
-2.174,0.114
-2.164,-0.092
-2.795,0.088
2.639,-0.247
2.084,0.171
1.841,-2.719
-1.732,-1.25
2.795,-0.611
1.846,-1.016
1.928,-3.698
1.864,-1.721
1.742,-1.717
1.634,-3.413
-0.742,-0.655
-0.764,-2.593
-1.641,-2.627
-2.377,-1.737
-2.694,-1.753
2.676,-3.248
2.693,-1.05
2.498,-1.691
2.493,-1.262
2.394,-0.615
2.384,-1.431
2.38,-2.232
2.259,-3.288
1.975,-1.757
1.621,-1.575
1.345,-1.493
-0.66,-1.531
2.182,-2.959
-2.933,-4.055
2.352,-0.474
3.127,-4.286
1.329,-0.069
-0.052,-0.037
-0.094,-0.053
-0.204,0.02
-0.568,0.126
-1.201,0.203
-1.543,-0.071
-1.738,0.012
-1.796,0.32
-2.0,0.43
-2.306,0.004
-2.535,0.41
-2.716,0.027
2.827,0.172
2.771,0.236
2.75,-1.346
2.702,-2.709
2.648,-3.432
2.7,-2.597
2.559,-3.423
2.365,-1.43
2.239,-0.14
2.125,-0.168
0.561,-0.328
-0.01,-2.829
-1.82,-0.74
-2.403,-0.691
2.88,-1.643
2.731,-0.194
2.678,-3.947
2.668,-1.229
2.772,-4.099
2.669,-3.633
2.757,-1.611
2.576,-4.102
2.706,-0.281
2.567,-3.307
2.571,-2.682
2.658,-2.612
2.615,-0.469
2.489,-1.361
2.375,-1.087
2.418,-0.742
2.209,-2.5
2.127,-1.144
2.2,-0.527
2.155,-0.523
2.143,-2.091
2.039,-0.448
2.002,-1.186
2.108,-2.647
1.935,-2.791
1.788,-0.132
1.923,-4.04
1.691,-1.037
1.792,-4.002
1.604,-0.831
1.713,-3.237
1.668,-2.734
1.488,-1.484
1.503,-0.804
1.486,-0.344
1.189,-1.426
1.152,-3.805
1.144,-2.532
1.035,-2.648
0.96,-2.36
1.066,-0.238
1.073,-0.857
0.993,-4.06
0.824,-1.381
0.81,-0.112
0.713,-0.261
0.695,-0.24
0.826,-0.245
0.717,-3.607
0.763,-2.51
0.714,-1.387
0.545,-0.152
0.551,-2.961
0.677,-1.369
0.596,-1.713
0.596,-3.38
0.566,-0.337
0.301,-2.399
0.231,-2.481
0.033,-3.56
0.006,-0.25
0.111,-1.833
0.102,-0.977
-0.064,-3.935
-0.153,-2.137
-0.185,-1.542
-0.09,-0.178
-0.225,-2.289
-0.132,-0.214
-0.118,-1.446
-0.317,-4.021
-0.339,-2.502
-0.238,-1.02
-0.309,-2.042
-0.32,-3.737
-0.325,-0.263
-0.497,-3.771
-0.425,-1.709
-0.466,-3.315
-0.595,-3.569
-0.505,-2.188
-0.614,-3.895
-0.486,-2.907
-0.561,-2.893
-0.589,-4.003
-0.738,-3.339
-0.748,-3.744
-0.627,-2.589
-0.592,-0.143
-0.751,-0.563
-0.642,-3.573
-0.735,-2.465
-0.783,-2.228
-0.895,-3.879
-0.961,-2.323
-0.882,-1.788
-0.894,-2.945
-1.117,-3.986
-1.104,-1.304
-1.014,-0.563
-1.042,-2.303
-1.183,-3.574
-1.276,-0.714
-1.17,-2.048
-1.289,-1.203
-1.276,-1.167
-1.53,-3.352
-1.469,-1.706
-1.759,-0.077
-1.901,-2.811
-1.784,-2.907
-1.927,-0.24
-2.237,-1.424
-2.362,-2.189
-2.496,-3.568
-2.526,-0.959
-2.433,-0.477
-2.612,-1.903
-2.516,-0.261
-2.686,-1.069
-2.87,-3.708
-3.103,-1.661
3.029,-0.159
2.993,-3.715
2.974,-0.143
3.047,-0.931
2.891,-3.782
2.993,-0.357
2.83,-4.259
2.797,-4.382
2.766,-4.314
2.697,-4.369
1.933,-4.379
1.608,-4.337
0.85,-4.264
-0.362,-4.269
-2.085,-4.174
3.01,-4.148
2.509,0.23
2.457,0.346
2.398,0.048
2.132,0.085
2.027,0.305
2.03,-0.018
1.922,0.049
1.673,0.204
1.64,0.303
0.167,0.192
-0.018,0.255
-0.214,0.25
-0.973,-0.008
-1.292,0.253
-1.282,0.047
-1.913,0.227
-2.762,-0.108
2.966,0.31
2.723,-2.58
-0.85,-1.111
-2.606,-0.472
2.728,-0.877
2.81,-3.559
2.746,-1.582
2.624,-1.578
2.516,-3.274
0.14,-0.516
0.118,-2.454
-0.759,-2.488
-1.495,-1.598
-1.812,-1.614
-2.725,-3.109
-2.708,-0.911
-2.903,-1.552
-2.908,-1.123
-3.007,-0.476
-3.017,-1.292
-3.021,-2.093
3.141,-3.149
2.857,-1.618
2.503,-1.436
2.227,-1.354
0.222,-1.392
3.064,-2.82
-2.051,-3.916
-3.049,-0.335
-2.274,-4.147
2.211,0.07
-0.042,-0.016
-0.152,0.057
-0.516,0.163
-1.149,0.24
-1.491,-0.034
-1.686,0.049
-1.744,0.357
-1.948,0.467
-2.254,0.041
-2.483,0.447
-2.664,0.064
2.879,0.209
2.823,0.273
2.802,-1.309
2.754,-2.672
2.7,-3.395
2.752,-2.56
2.611,-3.386
2.417,-1.393
2.291,-0.103
2.177,-0.131
0.613,-0.291
0.042,-2.792
-1.768,-0.703
-2.351,-0.654
2.932,-1.606
2.783,-0.157
2.73,-3.91
2.72,-1.192
2.824,-4.062
2.721,-3.596
2.809,-1.574
2.628,-4.065
2.758,-0.244
2.619,-3.27
2.623,-2.645
2.71,-2.575
2.667,-0.432
2.541,-1.324
2.427,-1.05
2.47,-0.705
2.261,-2.463
2.179,-1.107
2.252,-0.49
2.207,-0.486
2.195,-2.054
2.091,-0.411
2.054,-1.149
2.16,-2.61
1.987,-2.754
1.84,-0.095
1.975,-4.003
1.743,-1.0
1.844,-3.965
1.656,-0.794
1.765,-3.2
1.72,-2.697
1.54,-1.447
1.555,-0.767
1.538,-0.307
1.241,-1.389
1.204,-3.768
1.196,-2.495
1.087,-2.611
1.012,-2.323
1.118,-0.201
1.125,-0.82
1.045,-4.023
0.876,-1.344
0.862,-0.075
0.765,-0.224
0.747,-0.203
0.878,-0.208
0.769,-3.57
0.815,-2.473
0.766,-1.35
0.597,-0.115
0.603,-2.924
0.729,-1.332
0.648,-1.676
0.648,-3.343
0.618,-0.3
0.353,-2.362
0.283,-2.444
0.085,-3.523
0.058,-0.213
0.163,-1.796
0.154,-0.94
-0.012,-3.898
-0.101,-2.1
-0.133,-1.505
-0.038,-0.141
-0.173,-2.252
-0.08,-0.177
-0.066,-1.409
-0.265,-3.984
-0.287,-2.465
-0.186,-0.983
-0.257,-2.005
-0.268,-3.7
-0.273,-0.226
-0.445,-3.734
-0.373,-1.672
-0.414,-3.278
-0.543,-3.532
-0.453,-2.151
-0.562,-3.858
-0.434,-2.87
-0.509,-2.856
-0.537,-3.966
-0.686,-3.302
-0.696,-3.707
-0.575,-2.552
-0.54,-0.106
-0.699,-0.526
-0.59,-3.536
-0.683,-2.428
-0.731,-2.191
-0.843,-3.842
-0.909,-2.286
-0.83,-1.751
-0.842,-2.908
-1.065,-3.949
-1.052,-1.267
-0.962,-0.526
-0.99,-2.266
-1.131,-3.537
-1.224,-0.677
-1.118,-2.011
-1.237,-1.166
-1.224,-1.13
-1.478,-3.315
-1.417,-1.669
-1.707,-0.04
-1.849,-2.774
-1.732,-2.87
-1.875,-0.203
-2.185,-1.387
-2.31,-2.152
-2.444,-3.531
-2.474,-0.922
-2.381,-0.44
-2.56,-1.866
-2.464,-0.224
-2.634,-1.032
-2.818,-3.671
-3.051,-1.624
3.081,-0.122
3.045,-3.678
3.026,-0.106
3.099,-0.894
2.943,-3.745
3.045,-0.32
2.882,-4.222
2.849,-4.345
2.818,-4.277
2.749,-4.332
1.985,-4.342
1.66,-4.3
0.902,-4.227
-0.31,-4.232
-2.033,-4.137
3.062,-4.111
2.561,0.267
2.509,0.383
2.45,0.085
2.184,0.122
2.079,0.342
2.082,0.019
1.974,0.086
1.725,0.241
1.692,0.34
0.219,0.229
0.034,0.292
-0.162,0.287
-0.921,0.029
-1.24,0.29
-1.23,0.084
-1.861,0.264
-2.71,-0.071
3.018,0.347
2.775,-2.543
-0.798,-1.074
-2.554,-0.435
2.78,-0.84
2.862,-3.522
2.798,-1.545
2.676,-1.541
2.568,-3.237
0.192,-0.479
0.17,-2.417
-0.707,-2.451
-1.443,-1.561
-1.76,-1.577
-2.673,-3.072
-2.656,-0.874
-2.851,-1.515
-2.856,-1.086
-2.955,-0.439
-2.965,-1.255
-2.969,-2.056
-3.09,-3.112
2.909,-1.581
2.555,-1.399
2.279,-1.317
0.274,-1.355
3.116,-2.783
-1.999,-3.879
-2.997,-0.298
-2.222,-4.11
2.263,0.107
-0.11,0.073
-0.474,0.179
-1.107,0.256
-1.449,-0.018
-1.644,0.065
-1.702,0.373
-1.906,0.483
-2.212,0.057
-2.441,0.463
-2.622,0.08
2.921,0.225
2.865,0.289
2.844,-1.293
2.796,-2.656
2.742,-3.379
2.794,-2.544
2.653,-3.37
2.459,-1.377
2.333,-0.087
2.219,-0.115
0.655,-0.275
0.084,-2.776
-1.726,-0.687
-2.309,-0.638
2.974,-1.59
2.825,-0.141
2.772,-3.894
2.762,-1.176
2.866,-4.046
2.763,-3.58
2.851,-1.558
2.67,-4.049
2.8,-0.228
2.661,-3.254
2.665,-2.629
2.752,-2.559
2.709,-0.416
2.583,-1.308
2.469,-1.034
2.512,-0.689
2.303,-2.447
2.221,-1.091
2.294,-0.474
2.249,-0.47
2.237,-2.038
2.133,-0.395
2.096,-1.133
2.202,-2.594
2.029,-2.738
1.882,-0.079
2.017,-3.987
1.785,-0.984
1.886,-3.949
1.698,-0.778
1.807,-3.184
1.762,-2.681
1.582,-1.431
1.597,-0.751
1.58,-0.291
1.283,-1.373
1.246,-3.752
1.238,-2.479
1.129,-2.595
1.054,-2.307
1.16,-0.185
1.167,-0.804
1.087,-4.007
0.918,-1.328
0.904,-0.059
0.807,-0.208
0.789,-0.187
0.92,-0.192
0.811,-3.554
0.857,-2.457
0.808,-1.334
0.639,-0.099
0.645,-2.908
0.771,-1.316
0.69,-1.66
0.69,-3.327
0.66,-0.284
0.395,-2.346
0.325,-2.428
0.127,-3.507
0.1,-0.197
0.205,-1.78
0.196,-0.924
0.03,-3.882
-0.059,-2.084
-0.091,-1.489
0.004,-0.125
-0.131,-2.236
-0.038,-0.161
-0.024,-1.393
-0.223,-3.968
-0.245,-2.449
-0.144,-0.967
-0.215,-1.989
-0.226,-3.684
-0.231,-0.21
-0.403,-3.718
-0.331,-1.656
-0.372,-3.262
-0.501,-3.516
-0.411,-2.135
-0.52,-3.842
-0.392,-2.854
-0.467,-2.84
-0.495,-3.95
-0.644,-3.286
-0.654,-3.691
-0.533,-2.536
-0.498,-0.09
-0.657,-0.51
-0.548,-3.52
-0.641,-2.412
-0.689,-2.175
-0.801,-3.826
-0.867,-2.27
-0.788,-1.735
-0.8,-2.892
-1.023,-3.933
-1.01,-1.251
-0.92,-0.51
-0.948,-2.25
-1.089,-3.521
-1.182,-0.661
-1.076,-1.995
-1.195,-1.15
-1.182,-1.114
-1.436,-3.299
-1.375,-1.653
-1.665,-0.024
-1.807,-2.758
-1.69,-2.854
-1.833,-0.187
-2.143,-1.371
-2.268,-2.136
-2.402,-3.515
-2.432,-0.906
-2.339,-0.424
-2.518,-1.85
-2.422,-0.208
-2.592,-1.016
-2.776,-3.655
-3.009,-1.608
3.123,-0.106
3.087,-3.662
3.068,-0.09
3.141,-0.878
2.985,-3.729
3.087,-0.304
2.924,-4.206
2.891,-4.329
2.86,-4.261
2.791,-4.316
2.027,-4.326
1.702,-4.284
0.944,-4.211
-0.268,-4.216
-1.991,-4.121
3.104,-4.095
2.603,0.283
2.551,0.399
2.492,0.101
2.226,0.138
2.121,0.358
2.124,0.035
2.016,0.102
1.767,0.257
1.734,0.356
0.261,0.245
0.076,0.308
-0.12,0.303
-0.879,0.045
-1.198,0.306
-1.188,0.1
-1.819,0.28
-2.668,-0.055
3.06,0.363
2.817,-2.527
-0.756,-1.058
-2.512,-0.419
2.822,-0.824
2.904,-3.506
2.84,-1.529
2.718,-1.525
2.61,-3.221
0.234,-0.463
0.212,-2.401
-0.665,-2.435
-1.401,-1.545
-1.718,-1.561
-2.631,-3.056
-2.614,-0.858
-2.809,-1.499
-2.814,-1.07
-2.913,-0.423
-2.923,-1.239
-2.927,-2.04
-3.048,-3.096
2.951,-1.565
2.597,-1.383
2.321,-1.301
0.316,-1.339
-3.125,-2.767
-1.957,-3.863
-2.955,-0.282
-2.18,-4.094
2.305,0.123
-0.364,0.106
-0.997,0.183
-1.339,-0.091
-1.534,-0.008
-1.592,0.3
-1.796,0.41
-2.102,-0.016
-2.331,0.39
-2.512,0.007
3.031,0.152
2.975,0.216
2.954,-1.366
2.906,-2.729
2.852,-3.452
2.904,-2.617
2.763,-3.443
2.569,-1.45
2.443,-0.16
2.329,-0.188
0.765,-0.348
0.194,-2.849
-1.616,-0.76
-2.199,-0.711
3.084,-1.663
2.935,-0.214
2.882,-3.967
2.872,-1.249
2.976,-4.119
2.873,-3.653
2.961,-1.631
2.78,-4.122
2.91,-0.301
2.771,-3.327
2.775,-2.702
2.862,-2.632
2.819,-0.489
2.693,-1.381
2.579,-1.107
2.622,-0.762
2.413,-2.52
2.331,-1.164
2.404,-0.547
2.359,-0.543
2.347,-2.111
2.243,-0.468
2.206,-1.206
2.312,-2.667
2.139,-2.811
1.992,-0.152
2.127,-4.06
1.895,-1.057
1.996,-4.022
1.808,-0.851
1.917,-3.257
1.872,-2.754
1.692,-1.504
1.707,-0.824
1.69,-0.364
1.393,-1.446
1.356,-3.825
1.348,-2.552
1.239,-2.668
1.164,-2.38
1.27,-0.258
1.277,-0.877
1.197,-4.08
1.028,-1.401
1.014,-0.132
0.917,-0.281
0.899,-0.26
1.03,-0.265
0.921,-3.627
0.967,-2.53
0.918,-1.407
0.749,-0.172
0.755,-2.981
0.881,-1.389
0.8,-1.733
0.8,-3.4
0.77,-0.357
0.505,-2.419
0.435,-2.501
0.237,-3.58
0.21,-0.27
0.315,-1.853
0.306,-0.997
0.14,-3.955
0.051,-2.157
0.019,-1.562
0.114,-0.198
-0.021,-2.309
0.072,-0.234
0.086,-1.466
-0.113,-4.041
-0.135,-2.522
-0.034,-1.04
-0.105,-2.062
-0.116,-3.757
-0.121,-0.283
-0.293,-3.791
-0.221,-1.729
-0.262,-3.335
-0.391,-3.589
-0.301,-2.208
-0.41,-3.915
-0.282,-2.927
-0.357,-2.913
-0.385,-4.023
-0.534,-3.359
-0.544,-3.764
-0.423,-2.609
-0.388,-0.163
-0.547,-0.583
-0.438,-3.593
-0.531,-2.485
-0.579,-2.248
-0.691,-3.899
-0.757,-2.343
-0.678,-1.808
-0.69,-2.965
-0.913,-4.006
-0.9,-1.324
-0.81,-0.583
-0.838,-2.323
-0.979,-3.594
-1.072,-0.734
-0.966,-2.068
-1.085,-1.223
-1.072,-1.187
-1.326,-3.372
-1.265,-1.726
-1.555,-0.097
-1.697,-2.831
-1.58,-2.927
-1.723,-0.26
-2.033,-1.444
-2.158,-2.209
-2.292,-3.588
-2.322,-0.979
-2.229,-0.497
-2.408,-1.923
-2.312,-0.281
-2.482,-1.089
-2.666,-3.728
-2.899,-1.681
-3.05,-0.179
-3.086,-3.735
-3.105,-0.163
-3.032,-0.951
3.095,-3.802
-3.086,-0.377
3.034,-4.279
3.001,-4.402
2.97,-4.334
2.901,-4.389
2.137,-4.399
1.812,-4.357
1.054,-4.284
-0.158,-4.289
-1.881,-4.194
-3.069,-4.168
2.713,0.21
2.661,0.326
2.602,0.028
2.336,0.065
2.231,0.285
2.234,-0.038
2.126,0.029
1.877,0.184
1.844,0.283
0.371,0.172
0.186,0.235
-0.01,0.23
-0.769,-0.028
-1.088,0.233
-1.078,0.027
-1.709,0.207
-2.558,-0.128
-3.113,0.29
2.927,-2.6
-0.646,-1.131
-2.402,-0.492
2.932,-0.897
3.014,-3.579
2.95,-1.602
2.828,-1.598
2.72,-3.294
0.344,-0.536
0.322,-2.474
-0.555,-2.508
-1.291,-1.618
-1.608,-1.634
-2.521,-3.129
-2.504,-0.931
-2.699,-1.572
-2.704,-1.143
-2.803,-0.496
-2.813,-1.312
-2.817,-2.113
-2.938,-3.169
3.061,-1.638
2.707,-1.456
2.431,-1.374
0.426,-1.412
-3.015,-2.84
-1.847,-3.936
-2.845,-0.355
-2.07,-4.167
2.415,0.05
-0.633,0.077
-0.975,-0.197
-1.17,-0.114
-1.228,0.194
-1.432,0.304
-1.738,-0.122
-1.967,0.284
-2.148,-0.099
-2.888,0.046
-2.944,0.11
-2.965,-1.472
-3.013,-2.835
-3.067,-3.558
-3.015,-2.723
3.127,-3.549
2.933,-1.556
2.807,-0.266
2.693,-0.294
1.129,-0.454
0.558,-2.955
-1.252,-0.866
-1.835,-0.817
-2.835,-1.769
-2.984,-0.32
-3.037,-4.073
-3.047,-1.355
-2.943,-4.225
-3.046,-3.759
-2.958,-1.737
-3.139,-4.228
-3.009,-0.407
3.135,-3.433
3.139,-2.808
-3.057,-2.738
-3.1,-0.595
3.057,-1.487
2.943,-1.213
2.986,-0.868
2.777,-2.626
2.695,-1.27
2.768,-0.653
2.723,-0.649
2.711,-2.217
2.607,-0.574
2.57,-1.312
2.676,-2.773
2.503,-2.917
2.356,-0.258
2.491,-4.166
2.259,-1.163
2.36,-4.128
2.172,-0.957
2.281,-3.363
2.236,-2.86
2.056,-1.61
2.071,-0.93
2.054,-0.47
1.757,-1.552
1.72,-3.931
1.712,-2.658
1.603,-2.774
1.528,-2.486
1.634,-0.364
1.641,-0.983
1.561,-4.186
1.392,-1.507
1.378,-0.238
1.281,-0.387
1.263,-0.366
1.394,-0.371
1.285,-3.733
1.331,-2.636
1.282,-1.513
1.113,-0.278
1.119,-3.087
1.245,-1.495
1.164,-1.839
1.164,-3.506
1.134,-0.463
0.869,-2.525
0.799,-2.607
0.601,-3.686
0.574,-0.376
0.679,-1.959
0.67,-1.103
0.504,-4.061
0.415,-2.263
0.383,-1.668
0.478,-0.304
0.343,-2.415
0.436,-0.34
0.45,-1.572
0.251,-4.147
0.229,-2.628
0.33,-1.146
0.259,-2.168
0.248,-3.863
0.243,-0.389
0.071,-3.897
0.143,-1.835
0.102,-3.441
-0.027,-3.695
0.063,-2.314
-0.046,-4.021
0.082,-3.033
0.007,-3.019
-0.021,-4.129
-0.17,-3.465
-0.18,-3.87
-0.059,-2.715
-0.024,-0.269
-0.183,-0.689
-0.074,-3.699
-0.167,-2.591
-0.215,-2.354
-0.327,-4.005
-0.393,-2.449
-0.314,-1.914
-0.326,-3.071
-0.549,-4.112
-0.536,-1.43
-0.446,-0.689
-0.474,-2.429
-0.615,-3.7
-0.708,-0.84
-0.602,-2.174
-0.721,-1.329
-0.708,-1.293
-0.962,-3.478
-0.901,-1.832
-1.191,-0.203
-1.333,-2.937
-1.216,-3.033
-1.359,-0.366
-1.669,-1.55
-1.794,-2.315
-1.928,-3.694
-1.958,-1.085
-1.865,-0.603
-2.044,-2.029
-1.948,-0.387
-2.118,-1.195
-2.302,-3.834
-2.535,-1.787
-2.686,-0.285
-2.722,-3.841
-2.741,-0.269
-2.668,-1.057
-2.824,-3.908
-2.722,-0.483
-2.885,-4.385
-2.918,-4.508
-2.949,-4.44
-3.018,-4.495
2.501,-4.505
2.176,-4.463
1.418,-4.39
0.206,-4.395
-1.517,-4.3
-2.705,-4.274
3.077,0.104
3.025,0.22
2.966,-0.078
2.7,-0.041
2.595,0.179
2.598,-0.144
2.49,-0.077
2.241,0.078
2.208,0.177
0.735,0.066
0.55,0.129
0.354,0.124
-0.405,-0.134
-0.724,0.127
-0.714,-0.079
-1.345,0.101
-2.194,-0.234
-2.749,0.184
-2.992,-2.706
-0.282,-1.237
-2.038,-0.598
-2.987,-1.003
-2.905,-3.685
-2.969,-1.708
-3.091,-1.704
3.084,-3.4
0.708,-0.642
0.686,-2.58
-0.191,-2.614
-0.927,-1.724
-1.244,-1.74
-2.157,-3.235
-2.14,-1.037
-2.335,-1.678
-2.34,-1.249
-2.439,-0.602
-2.449,-1.418
-2.453,-2.219
-2.574,-3.275
-2.858,-1.744
3.071,-1.562
2.795,-1.48
0.79,-1.518
-2.651,-2.946
-1.483,-4.042
-2.481,-0.461
-1.706,-4.273
2.779,-0.056
-0.342,-0.274
-0.537,-0.191
-0.595,0.117
-0.799,0.227
-1.105,-0.199
-1.334,0.207
-1.515,-0.176
-2.255,-0.031
-2.311,0.033
-2.332,-1.549
-2.38,-2.912
-2.434,-3.635
-2.382,-2.8
-2.523,-3.626
-2.717,-1.633
-2.843,-0.343
-2.957,-0.371
1.762,-0.531
1.191,-3.032
-0.619,-0.943
-1.202,-0.894
-2.202,-1.846
-2.351,-0.397
-2.404,-4.15
-2.414,-1.432
-2.31,-4.302
-2.413,-3.836
-2.325,-1.814
-2.506,-4.305
-2.376,-0.484
-2.515,-3.51
-2.511,-2.885
-2.424,-2.815
-2.467,-0.672
-2.593,-1.564
-2.707,-1.29
-2.664,-0.945
-2.873,-2.703
-2.955,-1.347
-2.882,-0.73
-2.927,-0.726
-2.939,-2.294
-3.043,-0.651
-3.08,-1.389
-2.974,-2.85
3.136,-2.994
2.989,-0.335
3.124,-4.243
2.892,-1.24
2.993,-4.205
2.805,-1.034
2.914,-3.44
2.869,-2.937
2.689,-1.687
2.704,-1.007
2.687,-0.547
2.39,-1.629
2.353,-4.008
2.345,-2.735
2.236,-2.851
2.161,-2.563
2.267,-0.441
2.274,-1.06
2.194,-4.263
2.025,-1.584
2.011,-0.315
1.914,-0.464
1.896,-0.443
2.027,-0.448
1.918,-3.81
1.964,-2.713
1.915,-1.59
1.746,-0.355
1.752,-3.164
1.878,-1.572
1.797,-1.916
1.797,-3.583
1.767,-0.54
1.502,-2.602
1.432,-2.684
1.234,-3.763
1.207,-0.453
1.312,-2.036
1.303,-1.18
1.137,-4.138
1.048,-2.34
1.016,-1.745
1.111,-0.381
0.976,-2.492
1.069,-0.417
1.083,-1.649
0.884,-4.224
0.862,-2.705
0.963,-1.223
0.892,-2.245
0.881,-3.94
0.876,-0.466
0.704,-3.974
0.776,-1.912
0.735,-3.518
0.606,-3.772
0.696,-2.391
0.587,-4.098
0.715,-3.11
0.64,-3.096
0.612,-4.206
0.463,-3.542
0.453,-3.947
0.574,-2.792
0.609,-0.346
0.45,-0.766
0.559,-3.776
0.466,-2.668
0.418,-2.431
0.306,-4.082
0.24,-2.526
0.319,-1.991
0.307,-3.148
0.084,-4.189
0.097,-1.507
0.187,-0.766
0.159,-2.506
0.018,-3.777
-0.075,-0.917
0.031,-2.251
-0.088,-1.406
-0.075,-1.37
-0.329,-3.555
-0.268,-1.909
-0.558,-0.28
-0.7,-3.014
-0.583,-3.11
-0.726,-0.443
-1.036,-1.627
-1.161,-2.392
-1.295,-3.771
-1.325,-1.162
-1.232,-0.68
-1.411,-2.106
-1.315,-0.464
-1.485,-1.272
-1.669,-3.911
-1.902,-1.864
-2.053,-0.362
-2.089,-3.918
-2.108,-0.346
-2.035,-1.134
-2.191,-3.985
-2.089,-0.56
-2.252,-4.462
-2.285,-4.585
-2.316,-4.517
-2.385,-4.572
3.134,-4.582
2.809,-4.54
2.051,-4.467
0.839,-4.472
-0.884,-4.377
-2.072,-4.351
-2.573,0.027
-2.625,0.143
-2.684,-0.155
-2.95,-0.118
-3.055,0.102
-3.052,-0.221
3.123,-0.154
2.874,0.001
2.841,0.1
1.368,-0.011
1.183,0.052
0.987,0.047
0.228,-0.211
-0.091,0.05
-0.081,-0.156
-0.712,0.024
-1.561,-0.311
-2.116,0.107
-2.359,-2.783
0.351,-1.314
-1.405,-0.675
-2.354,-1.08
-2.272,-3.762
-2.336,-1.785
-2.458,-1.781
-2.566,-3.477
1.341,-0.719
1.319,-2.657
0.442,-2.691
-0.294,-1.801
-0.611,-1.817
-1.524,-3.312
-1.507,-1.114
-1.702,-1.755
-1.707,-1.326
-1.806,-0.679
-1.816,-1.495
-1.82,-2.296
-1.941,-3.352
-2.225,-1.821
-2.579,-1.639
-2.855,-1.557
1.423,-1.595
-2.018,-3.023
-0.85,-4.119
-1.848,-0.538
-1.073,-4.35
-2.871,-0.133
-0.195,0.083
-0.253,0.391
-0.457,0.501
-0.763,0.075
-0.992,0.481
-1.173,0.098
-1.913,0.243
-1.969,0.307
-1.99,-1.275
-2.038,-2.638
-2.092,-3.361
-2.04,-2.526
-2.181,-3.352
-2.375,-1.359
-2.501,-0.069
-2.615,-0.097
2.104,-0.257
1.533,-2.758
-0.277,-0.669
-0.86,-0.62
-1.86,-1.572
-2.009,-0.123
-2.062,-3.876
-2.072,-1.158
-1.968,-4.028
-2.071,-3.562
-1.983,-1.54
-2.164,-4.031
-2.034,-0.21
-2.173,-3.236
-2.169,-2.611
-2.082,-2.541
-2.125,-0.398
-2.251,-1.29
-2.365,-1.016
-2.322,-0.671
-2.531,-2.429
-2.613,-1.073
-2.54,-0.456
-2.585,-0.452
-2.597,-2.02
-2.701,-0.377
-2.738,-1.115
-2.632,-2.576
-2.805,-2.72
-2.952,-0.061
-2.817,-3.969
-3.049,-0.966
-2.948,-3.931
-3.136,-0.76
-3.027,-3.166
-3.072,-2.663
3.031,-1.413
3.046,-0.733
3.029,-0.273
2.732,-1.355
2.695,-3.734
2.687,-2.461
2.578,-2.577
2.503,-2.289
2.609,-0.167
2.616,-0.786
2.536,-3.989
2.367,-1.31
2.353,-0.041
2.256,-0.19
2.238,-0.169
2.369,-0.174
2.26,-3.536
2.306,-2.439
2.257,-1.316
2.088,-0.081
2.094,-2.89
2.22,-1.298
2.139,-1.642
2.139,-3.309
2.109,-0.266
1.844,-2.328
1.774,-2.41
1.576,-3.489
1.549,-0.179
1.654,-1.762
1.645,-0.906
1.479,-3.864
1.39,-2.066
1.358,-1.471
1.453,-0.107
1.318,-2.218
1.411,-0.143
1.425,-1.375
1.226,-3.95
1.204,-2.431
1.305,-0.949
1.234,-1.971
1.223,-3.666
1.218,-0.192
1.046,-3.7
1.118,-1.638
1.077,-3.244
0.948,-3.498
1.038,-2.117
0.929,-3.824
1.057,-2.836
0.982,-2.822
0.954,-3.932
0.805,-3.268
0.795,-3.673
0.916,-2.518
0.951,-0.072
0.792,-0.492
0.901,-3.502
0.808,-2.394
0.76,-2.157
0.648,-3.808
0.582,-2.252
0.661,-1.717
0.649,-2.874
0.426,-3.915
0.439,-1.233
0.529,-0.492
0.501,-2.232
0.36,-3.503
0.267,-0.643
0.373,-1.977
0.254,-1.132
0.267,-1.096
0.013,-3.281
0.074,-1.635
-0.216,-0.006
-0.358,-2.74
-0.241,-2.836
-0.384,-0.169
-0.694,-1.353
-0.819,-2.118
-0.953,-3.497
-0.983,-0.888
-0.89,-0.406
-1.069,-1.832
-0.973,-0.19
-1.143,-0.998
-1.327,-3.637
-1.56,-1.59
-1.711,-0.088
-1.747,-3.644
-1.766,-0.072
-1.693,-0.86
-1.849,-3.711
-1.747,-0.286
-1.91,-4.188
-1.943,-4.311
-1.974,-4.243
-2.043,-4.298
-2.807,-4.308
-3.132,-4.266
2.393,-4.193
1.181,-4.198
-0.542,-4.103
-1.73,-4.077
-2.231,0.301
-2.283,0.417
-2.342,0.119
-2.608,0.156
-2.713,0.376
-2.71,0.053
-2.818,0.12
-3.067,0.275
-3.1,0.374
1.71,0.263
1.525,0.326
1.329,0.321
0.57,0.063
0.251,0.324
0.261,0.118
-0.37,0.298
-1.219,-0.037
-1.774,0.381
-2.017,-2.509
0.693,-1.04
-1.063,-0.401
-2.012,-0.806
-1.93,-3.488
-1.994,-1.511
-2.116,-1.507
-2.224,-3.203
1.683,-0.445
1.661,-2.383
0.784,-2.417
0.048,-1.527
-0.269,-1.543
-1.182,-3.038
-1.165,-0.84
-1.36,-1.481
-1.365,-1.052
-1.464,-0.405
-1.474,-1.221
-1.478,-2.022
-1.599,-3.078
-1.883,-1.547
-2.237,-1.365
-2.513,-1.283
1.765,-1.321
-1.676,-2.749
-0.508,-3.845
-1.506,-0.264
-0.731,-4.076
-2.529,0.141
-0.058,0.308
-0.262,0.418
-0.568,-0.008
-0.797,0.398
-0.978,0.015
-1.718,0.16
-1.774,0.224
-1.795,-1.358
-1.843,-2.721
-1.897,-3.444
-1.845,-2.609
-1.986,-3.435
-2.18,-1.442
-2.306,-0.152
-2.42,-0.18
2.299,-0.34
1.728,-2.841
-0.082,-0.752
-0.665,-0.703
-1.665,-1.655
-1.814,-0.206
-1.867,-3.959
-1.877,-1.241
-1.773,-4.111
-1.876,-3.645
-1.788,-1.623
-1.969,-4.114
-1.839,-0.293
-1.978,-3.319
-1.974,-2.694
-1.887,-2.624
-1.93,-0.481
-2.056,-1.373
-2.17,-1.099
-2.127,-0.754
-2.336,-2.512
-2.418,-1.156
-2.345,-0.539
-2.39,-0.535
-2.402,-2.103
-2.506,-0.46
-2.543,-1.198
-2.437,-2.659
-2.61,-2.803
-2.757,-0.144
-2.622,-4.052
-2.854,-1.049
-2.753,-4.014
-2.941,-0.843
-2.832,-3.249
-2.877,-2.746
-3.057,-1.496
-3.042,-0.816
-3.059,-0.356
2.927,-1.438
2.89,-3.817
2.882,-2.544
2.773,-2.66
2.698,-2.372
2.804,-0.25
2.811,-0.869
2.731,-4.072
2.562,-1.393
2.548,-0.124
2.451,-0.273
2.433,-0.252
2.564,-0.257
2.455,-3.619
2.501,-2.522
2.452,-1.399
2.283,-0.164
2.289,-2.973
2.415,-1.381
2.334,-1.725
2.334,-3.392
2.304,-0.349
2.039,-2.411
1.969,-2.493
1.771,-3.572
1.744,-0.262
1.849,-1.845
1.84,-0.989
1.674,-3.947
1.585,-2.149
1.553,-1.554
1.648,-0.19
1.513,-2.301
1.606,-0.226
1.62,-1.458
1.421,-4.033
1.399,-2.514
1.5,-1.032
1.429,-2.054
1.418,-3.749
1.413,-0.275
1.241,-3.783
1.313,-1.721
1.272,-3.327
1.143,-3.581
1.233,-2.2
1.124,-3.907
1.252,-2.919
1.177,-2.905
1.149,-4.015
1.0,-3.351
0.99,-3.756
1.111,-2.601
1.146,-0.155
0.987,-0.575
1.096,-3.585
1.003,-2.477
0.955,-2.24
0.843,-3.891
0.777,-2.335
0.856,-1.8
0.844,-2.957
0.621,-3.998
0.634,-1.316
0.724,-0.575
0.696,-2.315
0.555,-3.586
0.462,-0.726
0.568,-2.06
0.449,-1.215
0.462,-1.179
0.208,-3.364
0.269,-1.718
-0.021,-0.089
-0.163,-2.823
-0.046,-2.919
-0.189,-0.252
-0.499,-1.436
-0.624,-2.201
-0.758,-3.58
-0.788,-0.971
-0.695,-0.489
-0.874,-1.915
-0.778,-0.273
-0.948,-1.081
-1.132,-3.72
-1.365,-1.673
-1.516,-0.171
-1.552,-3.727
-1.571,-0.155
-1.498,-0.943
-1.654,-3.794
-1.552,-0.369
-1.715,-4.271
-1.748,-4.394
-1.779,-4.326
-1.848,-4.381
-2.612,-4.391
-2.937,-4.349
2.588,-4.276
1.376,-4.281
-0.347,-4.186
-1.535,-4.16
-2.036,0.218
-2.088,0.334
-2.147,0.036
-2.413,0.073
-2.518,0.293
-2.515,-0.03
-2.623,0.037
-2.872,0.192
-2.905,0.291
1.905,0.18
1.72,0.243
1.524,0.238
0.765,-0.02
0.446,0.241
0.456,0.035
-0.175,0.215
-1.024,-0.12
-1.579,0.298
-1.822,-2.592
0.888,-1.123
-0.868,-0.484
-1.817,-0.889
-1.735,-3.571
-1.799,-1.594
-1.921,-1.59
-2.029,-3.286
1.878,-0.528
1.856,-2.466
0.979,-2.5
0.243,-1.61
-0.074,-1.626
-0.987,-3.121
-0.97,-0.923
-1.165,-1.564
-1.17,-1.135
-1.269,-0.488
-1.279,-1.304
-1.283,-2.105
-1.404,-3.161
-1.688,-1.63
-2.042,-1.448
-2.318,-1.366
1.96,-1.404
-1.481,-2.832
-0.313,-3.928
-1.311,-0.347
-0.536,-4.159
-2.334,0.058
-0.204,0.11
-0.51,-0.316
-0.739,0.09
-0.92,-0.293
-1.66,-0.148
-1.716,-0.084
-1.737,-1.666
-1.785,-3.029
-1.839,-3.752
-1.787,-2.917
-1.928,-3.743
-2.122,-1.75
-2.248,-0.46
-2.362,-0.488
2.357,-0.648
1.786,-3.149
-0.024,-1.06
-0.607,-1.011
-1.607,-1.963
-1.756,-0.514
-1.809,-4.267
-1.819,-1.549
-1.715,-4.419
-1.818,-3.953
-1.73,-1.931
-1.911,-4.422
-1.781,-0.601
-1.92,-3.627
-1.916,-3.002
-1.829,-2.932
-1.872,-0.789
-1.998,-1.681
-2.112,-1.407
-2.069,-1.062
-2.278,-2.82
-2.36,-1.464
-2.287,-0.847
-2.332,-0.843
-2.344,-2.411
-2.448,-0.768
-2.485,-1.506
-2.379,-2.967
-2.552,-3.111
-2.699,-0.452
-2.564,-4.36
-2.796,-1.357
-2.695,-4.322
-2.883,-1.151
-2.774,-3.557
-2.819,-3.054
-2.999,-1.804
-2.984,-1.124
-3.001,-0.664
2.985,-1.746
2.948,-4.125
2.94,-2.852
2.831,-2.968
2.756,-2.68
2.862,-0.558
2.869,-1.177
2.789,-4.38
2.62,-1.701
2.606,-0.432
2.509,-0.581
2.491,-0.56
2.622,-0.565
2.513,-3.927
2.559,-2.83
2.51,-1.707
2.341,-0.472
2.347,-3.281
2.473,-1.689
2.392,-2.033
2.392,-3.7
2.362,-0.657
2.097,-2.719
2.027,-2.801
1.829,-3.88
1.802,-0.57
1.907,-2.153
1.898,-1.297
1.732,-4.255
1.643,-2.457
1.611,-1.862
1.706,-0.498
1.571,-2.609
1.664,-0.534
1.678,-1.766
1.479,-4.341
1.457,-2.822
1.558,-1.34
1.487,-2.362
1.476,-4.057
1.471,-0.583
1.299,-4.091
1.371,-2.029
1.33,-3.635
1.201,-3.889
1.291,-2.508
1.182,-4.215
1.31,-3.227
1.235,-3.213
1.207,-4.323
1.058,-3.659
1.048,-4.064
1.169,-2.909
1.204,-0.463
1.045,-0.883
1.154,-3.893
1.061,-2.785
1.013,-2.548
0.901,-4.199
0.835,-2.643
0.914,-2.108
0.902,-3.265
0.679,-4.306
0.692,-1.624
0.782,-0.883
0.754,-2.623
0.613,-3.894
0.52,-1.034
0.626,-2.368
0.507,-1.523
0.52,-1.487
0.266,-3.672
0.327,-2.026
0.037,-0.397
-0.105,-3.131
0.012,-3.227
-0.131,-0.56
-0.441,-1.744
-0.566,-2.509
-0.7,-3.888
-0.73,-1.279
-0.637,-0.797
-0.816,-2.223
-0.72,-0.581
-0.89,-1.389
-1.074,-4.028
-1.307,-1.981
-1.458,-0.479
-1.494,-4.035
-1.513,-0.463
-1.44,-1.251
-1.596,-4.102
-1.494,-0.677
-1.657,-4.579
-1.69,-4.702
-1.721,-4.634
-1.79,-4.689
-2.554,-4.699
-2.879,-4.657
2.646,-4.584
1.434,-4.589
-0.289,-4.494
-1.477,-4.468
-1.978,-0.09
-2.03,0.026
-2.089,-0.272
-2.355,-0.235
-2.46,-0.015
-2.457,-0.338
-2.565,-0.271
-2.814,-0.116
-2.847,-0.017
1.963,-0.128
1.778,-0.065
1.582,-0.07
0.823,-0.328
0.504,-0.067
0.514,-0.273
-0.117,-0.093
-0.966,-0.428
-1.521,-0.01
-1.764,-2.9
0.946,-1.431
-0.81,-0.792
-1.759,-1.197
-1.677,-3.879
-1.741,-1.902
-1.863,-1.898
-1.971,-3.594
1.936,-0.836
1.914,-2.774
1.037,-2.808
0.301,-1.918
-0.016,-1.934
-0.929,-3.429
-0.912,-1.231
-1.107,-1.872
-1.112,-1.443
-1.211,-0.796
-1.221,-1.612
-1.225,-2.413
-1.346,-3.469
-1.63,-1.938
-1.984,-1.756
-2.26,-1.674
2.018,-1.712
-1.423,-3.14
-0.255,-4.236
-1.253,-0.655
-0.478,-4.467
-2.276,-0.25
-0.306,-0.426
-0.535,-0.02
-0.716,-0.403
-1.456,-0.258
-1.512,-0.194
-1.533,-1.776
-1.581,-3.139
-1.635,-3.862
-1.583,-3.027
-1.724,-3.853
-1.918,-1.86
-2.044,-0.57
-2.158,-0.598
2.561,-0.758
1.99,-3.259
0.18,-1.17
-0.403,-1.121
-1.403,-2.073
-1.552,-0.624
-1.605,-4.377
-1.615,-1.659
-1.511,-4.529
-1.614,-4.063
-1.526,-2.041
-1.707,-4.532
-1.577,-0.711
-1.716,-3.737
-1.712,-3.112
-1.625,-3.042
-1.668,-0.899
-1.794,-1.791
-1.908,-1.517
-1.865,-1.172
-2.074,-2.93
-2.156,-1.574
-2.083,-0.957
-2.128,-0.953
-2.14,-2.521
-2.244,-0.878
-2.281,-1.616
-2.175,-3.077
-2.348,-3.221
-2.495,-0.562
-2.36,-4.47
-2.592,-1.467
-2.491,-4.432
-2.679,-1.261
-2.57,-3.667
-2.615,-3.164
-2.795,-1.914
-2.78,-1.234
-2.797,-0.774
-3.094,-1.856
-3.131,-4.235
-3.139,-2.962
3.035,-3.078
2.96,-2.79
3.066,-0.668
3.073,-1.287
2.993,-4.49
2.824,-1.811
2.81,-0.542
2.713,-0.691
2.695,-0.67
2.826,-0.675
2.717,-4.037
2.763,-2.94
2.714,-1.817
2.545,-0.582
2.551,-3.391
2.677,-1.799
2.596,-2.143
2.596,-3.81
2.566,-0.767
2.301,-2.829
2.231,-2.911
2.033,-3.99
2.006,-0.68
2.111,-2.263
2.102,-1.407
1.936,-4.365
1.847,-2.567
1.815,-1.972
1.91,-0.608
1.775,-2.719
1.868,-0.644
1.882,-1.876
1.683,-4.451
1.661,-2.932
1.762,-1.45
1.691,-2.472
1.68,-4.167
1.675,-0.693
1.503,-4.201
1.575,-2.139
1.534,-3.745
1.405,-3.999
1.495,-2.618
1.386,-4.325
1.514,-3.337
1.439,-3.323
1.411,-4.433
1.262,-3.769
1.252,-4.174
1.373,-3.019
1.408,-0.573
1.249,-0.993
1.358,-4.003
1.265,-2.895
1.217,-2.658
1.105,-4.309
1.039,-2.753
1.118,-2.218
1.106,-3.375
0.883,-4.416
0.896,-1.734
0.986,-0.993
0.958,-2.733
0.817,-4.004
0.724,-1.144
0.83,-2.478
0.711,-1.633
0.724,-1.597
0.47,-3.782
0.531,-2.136
0.241,-0.507
0.099,-3.241
0.216,-3.337
0.073,-0.67
-0.237,-1.854
-0.362,-2.619
-0.496,-3.998
-0.526,-1.389
-0.433,-0.907
-0.612,-2.333
-0.516,-0.691
-0.686,-1.499
-0.87,-4.138
-1.103,-2.091
-1.254,-0.589
-1.29,-4.145
-1.309,-0.573
-1.236,-1.361
-1.392,-4.212
-1.29,-0.787
-1.453,-4.689
-1.486,-4.812
-1.517,-4.744
-1.586,-4.799
-2.35,-4.809
-2.675,-4.767
2.85,-4.694
1.638,-4.699
-0.085,-4.604
-1.273,-4.578
-1.774,-0.2
-1.826,-0.084
-1.885,-0.382
-2.151,-0.345
-2.256,-0.125
-2.253,-0.448
-2.361,-0.381
-2.61,-0.226
-2.643,-0.127
2.167,-0.238
1.982,-0.175
1.786,-0.18
1.027,-0.438
0.708,-0.177
0.718,-0.383
0.087,-0.203
-0.762,-0.538
-1.317,-0.12
-1.56,-3.01
1.15,-1.541
-0.606,-0.902
-1.555,-1.307
-1.473,-3.989
-1.537,-2.012
-1.659,-2.008
-1.767,-3.704
2.14,-0.946
2.118,-2.884
1.241,-2.918
0.505,-2.028
0.188,-2.044
-0.725,-3.539
-0.708,-1.341
-0.903,-1.982
-0.908,-1.553
-1.007,-0.906
-1.017,-1.722
-1.021,-2.523
-1.142,-3.579
-1.426,-2.048
-1.78,-1.866
-2.056,-1.784
2.222,-1.822
-1.219,-3.25
-0.051,-4.346
-1.049,-0.765
-0.274,-4.577
-2.072,-0.36
-0.229,0.406
-0.41,0.023
-1.15,0.168
-1.206,0.232
-1.227,-1.35
-1.275,-2.713
-1.329,-3.436
-1.277,-2.601
-1.418,-3.427
-1.612,-1.434
-1.738,-0.144
-1.852,-0.172
2.867,-0.332
2.296,-2.833
0.486,-0.744
-0.097,-0.695
-1.097,-1.647
-1.246,-0.198
-1.299,-3.951
-1.309,-1.233
-1.205,-4.103
-1.308,-3.637
-1.22,-1.615
-1.401,-4.106
-1.271,-0.285
-1.41,-3.311
-1.406,-2.686
-1.319,-2.616
-1.362,-0.473
-1.488,-1.365
-1.602,-1.091
-1.559,-0.746
-1.768,-2.504
-1.85,-1.148
-1.777,-0.531
-1.822,-0.527
-1.834,-2.095
-1.938,-0.452
-1.975,-1.19
-1.869,-2.651
-2.042,-2.795
-2.189,-0.136
-2.054,-4.044
-2.286,-1.041
-2.185,-4.006
-2.373,-0.835
-2.264,-3.241
-2.309,-2.738
-2.489,-1.488
-2.474,-0.808
-2.491,-0.348
-2.788,-1.43
-2.825,-3.809
-2.833,-2.536
-2.942,-2.652
-3.017,-2.364
-2.911,-0.242
-2.904,-0.861
-2.984,-4.064
3.13,-1.385
3.116,-0.116
3.019,-0.265
3.001,-0.244
3.132,-0.249
3.023,-3.611
3.069,-2.514
3.02,-1.391
2.851,-0.156
2.857,-2.965
2.983,-1.373
2.902,-1.717
2.902,-3.384
2.872,-0.341
2.607,-2.403
2.537,-2.485
2.339,-3.564
2.312,-0.254
2.417,-1.837
2.408,-0.981
2.242,-3.939
2.153,-2.141
2.121,-1.546
2.216,-0.182
2.081,-2.293
2.174,-0.218
2.188,-1.45
1.989,-4.025
1.967,-2.506
2.068,-1.024
1.997,-2.046
1.986,-3.741
1.981,-0.267
1.809,-3.775
1.881,-1.713
1.84,-3.319
1.711,-3.573
1.801,-2.192
1.692,-3.899
1.82,-2.911
1.745,-2.897
1.717,-4.007
1.568,-3.343
1.558,-3.748
1.679,-2.593
1.714,-0.147
1.555,-0.567
1.664,-3.577
1.571,-2.469
1.523,-2.232
1.411,-3.883
1.345,-2.327
1.424,-1.792
1.412,-2.949
1.189,-3.99
1.202,-1.308
1.292,-0.567
1.264,-2.307
1.123,-3.578
1.03,-0.718
1.136,-2.052
1.017,-1.207
1.03,-1.171
0.776,-3.356
0.837,-1.71
0.547,-0.081
0.405,-2.815
0.522,-2.911
0.379,-0.244
0.069,-1.428
-0.056,-2.193
-0.19,-3.572
-0.22,-0.963
-0.127,-0.481
-0.306,-1.907
-0.21,-0.265
-0.38,-1.073
-0.564,-3.712
-0.797,-1.665
-0.948,-0.163
-0.984,-3.719
-1.003,-0.147
-0.93,-0.935
-1.086,-3.786
-0.984,-0.361
-1.147,-4.263
-1.18,-4.386
-1.211,-4.318
-1.28,-4.373
-2.044,-4.383
-2.369,-4.341
-3.127,-4.268
1.944,-4.273
0.221,-4.178
-0.967,-4.152
-1.468,0.226
-1.52,0.342
-1.579,0.044
-1.845,0.081
-1.95,0.301
-1.947,-0.022
-2.055,0.045
-2.304,0.2
-2.337,0.299
2.473,0.188
2.288,0.251
2.092,0.246
1.333,-0.012
1.014,0.249
1.024,0.043
0.393,0.223
-0.456,-0.112
-1.011,0.306
-1.254,-2.584
1.456,-1.115
-0.3,-0.476
-1.249,-0.881
-1.167,-3.563
-1.231,-1.586
-1.353,-1.582
-1.461,-3.278
2.446,-0.52
2.424,-2.458
1.547,-2.492
0.811,-1.602
0.494,-1.618
-0.419,-3.113
-0.402,-0.915
-0.597,-1.556
-0.602,-1.127
-0.701,-0.48
-0.711,-1.296
-0.715,-2.097
-0.836,-3.153
-1.12,-1.622
-1.474,-1.44
-1.75,-1.358
2.528,-1.396
-0.913,-2.824
0.255,-3.92
-0.743,-0.339
0.032,-4.151
-1.766,0.066
-0.181,-0.383
-0.921,-0.238
-0.977,-0.174
-0.998,-1.756
-1.046,-3.119
-1.1,-3.842
-1.048,-3.007
-1.189,-3.833
-1.383,-1.84
-1.509,-0.55
-1.623,-0.578
3.096,-0.738
2.525,-3.239
0.715,-1.15
0.132,-1.101
-0.868,-2.053
-1.017,-0.604
-1.07,-4.357
-1.08,-1.639
-0.976,-4.509
-1.079,-4.043
-0.991,-2.021
-1.172,-4.512
-1.042,-0.691
-1.181,-3.717
-1.177,-3.092
-1.09,-3.022
-1.133,-0.879
-1.259,-1.771
-1.373,-1.497
-1.33,-1.152
-1.539,-2.91
-1.621,-1.554
-1.548,-0.937
-1.593,-0.933
-1.605,-2.501
-1.709,-0.858
-1.746,-1.596
-1.64,-3.057
-1.813,-3.201
-1.96,-0.542
-1.825,-4.45
-2.057,-1.447
-1.956,-4.412
-2.144,-1.241
-2.035,-3.647
-2.08,-3.144
-2.26,-1.894
-2.245,-1.214
-2.262,-0.754
-2.559,-1.836
-2.596,-4.215
-2.604,-2.942
-2.713,-3.058
-2.788,-2.77
-2.682,-0.648
-2.675,-1.267
-2.755,-4.47
-2.924,-1.791
-2.938,-0.522
-3.035,-0.671
-3.053,-0.65
-2.922,-0.655
-3.031,-4.017
-2.985,-2.92
-3.034,-1.797
3.08,-0.562
3.086,-3.371
-3.071,-1.779
3.131,-2.123
3.131,-3.79
3.101,-0.747
2.836,-2.809
2.766,-2.891
2.568,-3.97
2.541,-0.66
2.646,-2.243
2.637,-1.387
2.471,-4.345
2.382,-2.547
2.35,-1.952
2.445,-0.588
2.31,-2.699
2.403,-0.624
2.417,-1.856
2.218,-4.431
2.196,-2.912
2.297,-1.43
2.226,-2.452
2.215,-4.147
2.21,-0.673
2.038,-4.181
2.11,-2.119
2.069,-3.725
1.94,-3.979
2.03,-2.598
1.921,-4.305
2.049,-3.317
1.974,-3.303
1.946,-4.413
1.797,-3.749
1.787,-4.154
1.908,-2.999
1.943,-0.553
1.784,-0.973
1.893,-3.983
1.8,-2.875
1.752,-2.638
1.64,-4.289
1.574,-2.733
1.653,-2.198
1.641,-3.355
1.418,-4.396
1.431,-1.714
1.521,-0.973
1.493,-2.713
1.352,-3.984
1.259,-1.124
1.365,-2.458
1.246,-1.613
1.259,-1.577
1.005,-3.762
1.066,-2.116
0.776,-0.487
0.634,-3.221
0.751,-3.317
0.608,-0.65
0.298,-1.834
0.173,-2.599
0.039,-3.978
0.009,-1.369
0.102,-0.887
-0.077,-2.313
0.019,-0.671
-0.151,-1.479
-0.335,-4.118
-0.568,-2.071
-0.719,-0.569
-0.755,-4.125
-0.774,-0.553
-0.701,-1.341
-0.857,-4.192
-0.755,-0.767
-0.918,-4.669
-0.951,-4.792
-0.982,-4.724
-1.051,-4.779
-1.815,-4.789
-2.14,-4.747
-2.898,-4.674
2.173,-4.679
0.45,-4.584
-0.738,-4.558
-1.239,-0.18
-1.291,-0.064
-1.35,-0.362
-1.616,-0.325
-1.721,-0.105
-1.718,-0.428
-1.826,-0.361
-2.075,-0.206
-2.108,-0.107
2.702,-0.218
2.517,-0.155
2.321,-0.16
1.562,-0.418
1.243,-0.157
1.253,-0.363
0.622,-0.183
-0.227,-0.518
-0.782,-0.1
-1.025,-2.99
1.685,-1.521
-0.071,-0.882
-1.02,-1.287
-0.938,-3.969
-1.002,-1.992
-1.124,-1.988
-1.232,-3.684
2.675,-0.926
2.653,-2.864
1.776,-2.898
1.04,-2.008
0.723,-2.024
-0.19,-3.519
-0.173,-1.321
-0.368,-1.962
-0.373,-1.533
-0.472,-0.886
-0.482,-1.702
-0.486,-2.503
-0.607,-3.559
-0.891,-2.028
-1.245,-1.846
-1.521,-1.764
2.757,-1.802
-0.684,-3.23
0.484,-4.326
-0.514,-0.745
0.261,-4.557
-1.537,-0.34
-0.74,0.145
-0.796,0.209
-0.817,-1.373
-0.865,-2.736
-0.919,-3.459
-0.867,-2.624
-1.008,-3.45
-1.202,-1.457
-1.328,-0.167
-1.442,-0.195
-3.006,-0.355
2.706,-2.856
0.896,-0.767
0.313,-0.718
-0.687,-1.67
-0.836,-0.221
-0.889,-3.974
-0.899,-1.256
-0.795,-4.126
-0.898,-3.66
-0.81,-1.638
-0.991,-4.129
-0.861,-0.308
-1.0,-3.334
-0.996,-2.709
-0.909,-2.639
-0.952,-0.496
-1.078,-1.388
-1.192,-1.114
-1.149,-0.769
-1.358,-2.527
-1.44,-1.171
-1.367,-0.554
-1.412,-0.55
-1.424,-2.118
-1.528,-0.475
-1.565,-1.213
-1.459,-2.674
-1.632,-2.818
-1.779,-0.159
-1.644,-4.067
-1.876,-1.064
-1.775,-4.029
-1.963,-0.858
-1.854,-3.264
-1.899,-2.761
-2.079,-1.511
-2.064,-0.831
-2.081,-0.371
-2.378,-1.453
-2.415,-3.832
-2.423,-2.559
-2.532,-2.675
-2.607,-2.387
-2.501,-0.265
-2.494,-0.884
-2.574,-4.087
-2.743,-1.408
-2.757,-0.139
-2.854,-0.288
-2.872,-0.267
-2.741,-0.272
-2.85,-3.634
-2.804,-2.537
-2.853,-1.414
-3.022,-0.179
-3.016,-2.988
-2.89,-1.396
-2.971,-1.74
-2.971,-3.407
-3.001,-0.364
3.017,-2.426
2.947,-2.508
2.749,-3.587
2.722,-0.277
2.827,-1.86
2.818,-1.004
2.652,-3.962
2.563,-2.164
2.531,-1.569
2.626,-0.205
2.491,-2.316
2.584,-0.241
2.598,-1.473
2.399,-4.048
2.377,-2.529
2.478,-1.047
2.407,-2.069
2.396,-3.764
2.391,-0.29
2.219,-3.798
2.291,-1.736
2.25,-3.342
2.121,-3.596
2.211,-2.215
2.102,-3.922
2.23,-2.934
2.155,-2.92
2.127,-4.03
1.978,-3.366
1.968,-3.771
2.089,-2.616
2.124,-0.17
1.965,-0.59
2.074,-3.6
1.981,-2.492
1.933,-2.255
1.821,-3.906
1.755,-2.35
1.834,-1.815
1.822,-2.972
1.599,-4.013
1.612,-1.331
1.702,-0.59
1.674,-2.33
1.533,-3.601
1.44,-0.741
1.546,-2.075
1.427,-1.23
1.44,-1.194
1.186,-3.379
1.247,-1.733
0.957,-0.104
0.815,-2.838
0.932,-2.934
0.789,-0.267
0.479,-1.451
0.354,-2.216
0.22,-3.595
0.19,-0.986
0.283,-0.504
0.104,-1.93
0.2,-0.288
0.03,-1.096
-0.154,-3.735
-0.387,-1.688
-0.538,-0.186
-0.574,-3.742
-0.593,-0.17
-0.52,-0.958
-0.676,-3.809
-0.574,-0.384
-0.737,-4.286
-0.77,-4.409
-0.801,-4.341
-0.87,-4.396
-1.634,-4.406
-1.959,-4.364
-2.717,-4.291
2.354,-4.296
0.631,-4.201
-0.557,-4.175
-1.058,0.203
-1.11,0.319
-1.169,0.021
-1.435,0.058
-1.54,0.278
-1.537,-0.045
-1.645,0.022
-1.894,0.177
-1.927,0.276
2.883,0.165
2.698,0.228
2.502,0.223
1.743,-0.035
1.424,0.226
1.434,0.02
0.803,0.2
-0.046,-0.135
-0.601,0.283
-0.844,-2.607
1.866,-1.138
0.11,-0.499
-0.839,-0.904
-0.757,-3.586
-0.821,-1.609
-0.943,-1.605
-1.051,-3.301
2.856,-0.543
2.834,-2.481
1.957,-2.515
1.221,-1.625
0.904,-1.641
-0.009,-3.136
0.008,-0.938
-0.187,-1.579
-0.192,-1.15
-0.291,-0.503
-0.301,-1.319
-0.305,-2.12
-0.426,-3.176
-0.71,-1.645
-1.064,-1.463
-1.34,-1.381
2.938,-1.419
-0.503,-2.847
0.665,-3.943
-0.333,-0.362
0.442,-4.174
-1.356,0.043
-0.056,0.064
-0.077,-1.518
-0.125,-2.881
-0.179,-3.604
-0.127,-2.769
-0.268,-3.595
-0.462,-1.602
-0.588,-0.312
-0.702,-0.34
-2.266,-0.5
-2.837,-3.001
1.636,-0.912
1.053,-0.863
0.053,-1.815
-0.096,-0.366
-0.149,-4.119
-0.159,-1.401
-0.055,-4.271
-0.158,-3.805
-0.07,-1.783
-0.251,-4.274
-0.121,-0.453
-0.26,-3.479
-0.256,-2.854
-0.169,-2.784
-0.212,-0.641
-0.338,-1.533
-0.452,-1.259
-0.409,-0.914
-0.618,-2.672
-0.7,-1.316
-0.627,-0.699
-0.672,-0.695
-0.684,-2.263
-0.788,-0.62
-0.825,-1.358
-0.719,-2.819
-0.892,-2.963
-1.039,-0.304
-0.904,-4.212
-1.136,-1.209
-1.035,-4.174
-1.223,-1.003
-1.114,-3.409
-1.159,-2.906
-1.339,-1.656
-1.324,-0.976
-1.341,-0.516
-1.638,-1.598
-1.675,-3.977
-1.683,-2.704
-1.792,-2.82
-1.867,-2.532
-1.761,-0.41
-1.754,-1.029
-1.834,-4.232
-2.003,-1.553
-2.017,-0.284
-2.114,-0.433
-2.132,-0.412
-2.001,-0.417
-2.11,-3.779
-2.064,-2.682
-2.113,-1.559
-2.282,-0.324
-2.276,-3.133
-2.15,-1.541
-2.231,-1.885
-2.231,-3.552
-2.261,-0.509
-2.526,-2.571
-2.596,-2.653
-2.794,-3.732
-2.821,-0.422
-2.716,-2.005
-2.725,-1.149
-2.891,-4.107
-2.98,-2.309
-3.012,-1.714
-2.917,-0.35
-3.052,-2.461
-2.959,-0.386
-2.945,-1.618
3.139,-4.193
3.117,-2.674
-3.065,-1.192
-3.136,-2.214
3.136,-3.909
3.131,-0.435
2.959,-3.943
3.031,-1.881
2.99,-3.487
2.861,-3.741
2.951,-2.36
2.842,-4.067
2.97,-3.079
2.895,-3.065
2.867,-4.175
2.718,-3.511
2.708,-3.916
2.829,-2.761
2.864,-0.315
2.705,-0.735
2.814,-3.745
2.721,-2.637
2.673,-2.4
2.561,-4.051
2.495,-2.495
2.574,-1.96
2.562,-3.117
2.339,-4.158
2.352,-1.476
2.442,-0.735
2.414,-2.475
2.273,-3.746
2.18,-0.886
2.286,-2.22
2.167,-1.375
2.18,-1.339
1.926,-3.524
1.987,-1.878
1.697,-0.249
1.555,-2.983
1.672,-3.079
1.529,-0.412
1.219,-1.596
1.094,-2.361
0.96,-3.74
0.93,-1.131
1.023,-0.649
0.844,-2.075
0.94,-0.433
0.77,-1.241
0.586,-3.88
0.353,-1.833
0.202,-0.331
0.166,-3.887
0.147,-0.315
0.22,-1.103
0.064,-3.954
0.166,-0.529
0.003,-4.431
-0.03,-4.554
-0.061,-4.486
-0.13,-4.541
-0.894,-4.551
-1.219,-4.509
-1.977,-4.436
3.094,-4.441
1.371,-4.346
0.183,-4.32
-0.318,0.058
-0.37,0.174
-0.429,-0.124
-0.695,-0.087
-0.8,0.133
-0.797,-0.19
-0.905,-0.123
-1.154,0.032
-1.187,0.131
-2.66,0.02
-2.845,0.083
-3.041,0.078
2.483,-0.18
2.164,0.081
2.174,-0.125
1.543,0.055
0.694,-0.28
0.139,0.138
-0.104,-2.752
2.606,-1.283
0.85,-0.644
-0.099,-1.049
-0.017,-3.731
-0.081,-1.754
-0.203,-1.75
-0.311,-3.446
-2.687,-0.688
-2.709,-2.626
2.697,-2.66
1.961,-1.77
1.644,-1.786
0.731,-3.281
0.748,-1.083
0.553,-1.724
0.548,-1.295
0.449,-0.648
0.439,-1.464
0.435,-2.265
0.314,-3.321
0.03,-1.79
-0.324,-1.608
-0.6,-1.526
-2.605,-1.564
0.237,-2.992
1.405,-4.088
0.407,-0.507
1.182,-4.319
-0.616,-0.102
-0.021,-1.582
-0.069,-2.945
-0.123,-3.668
-0.071,-2.833
-0.212,-3.659
-0.406,-1.666
-0.532,-0.376
-0.646,-0.404
-2.21,-0.564
-2.781,-3.065
1.692,-0.976
1.109,-0.927
0.109,-1.879
-0.04,-0.43
-0.093,-4.183
-0.103,-1.465
0.001,-4.335
-0.102,-3.869
-0.014,-1.847
-0.195,-4.338
-0.065,-0.517
-0.204,-3.543
-0.2,-2.918
-0.113,-2.848
-0.156,-0.705
-0.282,-1.597
-0.396,-1.323
-0.353,-0.978
-0.562,-2.736
-0.644,-1.38
-0.571,-0.763
-0.616,-0.759
-0.628,-2.327
-0.732,-0.684
-0.769,-1.422
-0.663,-2.883
-0.836,-3.027
-0.983,-0.368
-0.848,-4.276
-1.08,-1.273
-0.979,-4.238
-1.167,-1.067
-1.058,-3.473
-1.103,-2.97
-1.283,-1.72
-1.268,-1.04
-1.285,-0.58
-1.582,-1.662
-1.619,-4.041
-1.627,-2.768
-1.736,-2.884
-1.811,-2.596
-1.705,-0.474
-1.698,-1.093
-1.778,-4.296
-1.947,-1.617
-1.961,-0.348
-2.058,-0.497
-2.076,-0.476
-1.945,-0.481
-2.054,-3.843
-2.008,-2.746
-2.057,-1.623
-2.226,-0.388
-2.22,-3.197
-2.094,-1.605
-2.175,-1.949
-2.175,-3.616
-2.205,-0.573
-2.47,-2.635
-2.54,-2.717
-2.738,-3.796
-2.765,-0.486
-2.66,-2.069
-2.669,-1.213
-2.835,-4.171
-2.924,-2.373
-2.956,-1.778
-2.861,-0.414
-2.996,-2.525
-2.903,-0.45
-2.889,-1.682
-3.088,-4.257
-3.11,-2.738
-3.009,-1.256
-3.08,-2.278
-3.091,-3.973
-3.096,-0.499
3.015,-4.007
3.087,-1.945
3.046,-3.551
2.917,-3.805
3.007,-2.424
2.898,-4.131
3.026,-3.143
2.951,-3.129
2.923,-4.239
2.774,-3.575
2.764,-3.98
2.885,-2.825
2.92,-0.379
2.761,-0.799
2.87,-3.809
2.777,-2.701
2.729,-2.464
2.617,-4.115
2.551,-2.559
2.63,-2.024
2.618,-3.181
2.395,-4.222
2.408,-1.54
2.498,-0.799
2.47,-2.539
2.329,-3.81
2.236,-0.95
2.342,-2.284
2.223,-1.439
2.236,-1.403
1.982,-3.588
2.043,-1.942
1.753,-0.313
1.611,-3.047
1.728,-3.143
1.585,-0.476
1.275,-1.66
1.15,-2.425
1.016,-3.804
0.986,-1.195
1.079,-0.713
0.9,-2.139
0.996,-0.497
0.826,-1.305
0.642,-3.944
0.409,-1.897
0.258,-0.395
0.222,-3.951
0.203,-0.379
0.276,-1.167
0.12,-4.018
0.222,-0.593
0.059,-4.495
0.026,-4.618
-0.005,-4.55
-0.074,-4.605
-0.838,-4.615
-1.163,-4.573
-1.921,-4.5
-3.133,-4.505
1.427,-4.41
0.239,-4.384
-0.262,-0.006
-0.314,0.11
-0.373,-0.188
-0.639,-0.151
-0.744,0.069
-0.741,-0.254
-0.849,-0.187
-1.098,-0.032
-1.131,0.067
-2.604,-0.044
-2.789,0.019
-2.985,0.014
2.539,-0.244
2.22,0.017
2.23,-0.189
1.599,-0.009
0.75,-0.344
0.195,0.074
-0.048,-2.816
2.662,-1.347
0.906,-0.708
-0.043,-1.113
0.039,-3.795
-0.025,-1.818
-0.147,-1.814
-0.255,-3.51
-2.631,-0.752
-2.653,-2.69
2.753,-2.724
2.017,-1.834
1.7,-1.85
0.787,-3.345
0.804,-1.147
0.609,-1.788
0.604,-1.359
0.505,-0.712
0.495,-1.528
0.491,-2.329
0.37,-3.385
0.086,-1.854
-0.268,-1.672
-0.544,-1.59
-2.549,-1.628
0.293,-3.056
1.461,-4.152
0.463,-0.571
1.238,-4.383
-0.56,-0.166
-0.048,-1.363
-0.102,-2.086
-0.05,-1.251
-0.191,-2.077
-0.385,-0.084
-0.511,1.206
-0.625,1.178
-2.189,1.018
-2.76,-1.483
1.713,0.606
1.13,0.655
0.13,-0.297
-0.019,1.152
-0.072,-2.601
-0.082,0.117
0.022,-2.753
-0.081,-2.287
0.007,-0.265
-0.174,-2.756
-0.044,1.065
-0.183,-1.961
-0.179,-1.336
-0.092,-1.266
-0.135,0.877
-0.261,-0.015
-0.375,0.259
-0.332,0.604
-0.541,-1.154
-0.623,0.202
-0.55,0.819
-0.595,0.823
-0.607,-0.745
-0.711,0.898
-0.748,0.16
-0.642,-1.301
-0.815,-1.445
-0.962,1.214
-0.827,-2.694
-1.059,0.309
-0.958,-2.656
-1.146,0.515
-1.037,-1.891
-1.082,-1.388
-1.262,-0.138
-1.247,0.542
-1.264,1.002
-1.561,-0.08
-1.598,-2.459
-1.606,-1.186
-1.715,-1.302
-1.79,-1.014
-1.684,1.108
-1.677,0.489
-1.757,-2.714
-1.926,-0.035
-1.94,1.234
-2.037,1.085
-2.055,1.106
-1.924,1.101
-2.033,-2.261
-1.987,-1.164
-2.036,-0.041
-2.205,1.194
-2.199,-1.615
-2.073,-0.023
-2.154,-0.367
-2.154,-2.034
-2.184,1.009
-2.449,-1.053
-2.519,-1.135
-2.717,-2.214
-2.744,1.096
-2.639,-0.487
-2.648,0.369
-2.814,-2.589
-2.903,-0.791
-2.935,-0.196
-2.84,1.168
-2.975,-0.943
-2.882,1.132
-2.868,-0.1
-3.067,-2.675
-3.089,-1.156
-2.988,0.326
-3.059,-0.696
-3.07,-2.391
-3.075,1.083
3.036,-2.425
3.108,-0.363
3.067,-1.969
2.938,-2.223
3.028,-0.842
2.919,-2.549
3.047,-1.561
2.972,-1.547
2.944,-2.657
2.795,-1.993
2.785,-2.398
2.906,-1.243
2.941,1.203
2.782,0.783
2.891,-2.227
2.798,-1.119
2.75,-0.882
2.638,-2.533
2.572,-0.977
2.651,-0.442
2.639,-1.599
2.416,-2.64
2.429,0.042
2.519,0.783
2.491,-0.957
2.35,-2.228
2.257,0.632
2.363,-0.702
2.244,0.143
2.257,0.179
2.003,-2.006
2.064,-0.36
1.774,1.269
1.632,-1.465
1.749,-1.561
1.606,1.106
1.296,-0.078
1.171,-0.843
1.037,-2.222
1.007,0.387
1.1,0.869
0.921,-0.557
1.017,1.085
0.847,0.277
0.663,-2.362
0.43,-0.315
0.279,1.187
0.243,-2.369
0.224,1.203
0.297,0.415
0.141,-2.436
0.243,0.989
0.08,-2.913
0.047,-3.036
0.016,-2.968
-0.053,-3.023
-0.817,-3.033
-1.142,-2.991
-1.9,-2.918
-3.112,-2.923
1.448,-2.828
0.26,-2.802
-0.241,1.576
-0.293,1.692
-0.352,1.394
-0.618,1.431
-0.723,1.651
-0.72,1.328
-0.828,1.395
-1.077,1.55
-1.11,1.649
-2.583,1.538
-2.768,1.601
-2.964,1.596
2.56,1.338
2.241,1.599
2.251,1.393
1.62,1.573
0.771,1.238
0.216,1.656
-0.027,-1.234
2.683,0.235
0.927,0.874
-0.022,0.469
0.06,-2.213
-0.004,-0.236
-0.126,-0.232
-0.234,-1.928
-2.61,0.83
-2.632,-1.108
2.774,-1.142
2.038,-0.252
1.721,-0.268
0.808,-1.763
0.825,0.435
0.63,-0.206
0.625,0.223
0.526,0.87
0.516,0.054
0.512,-0.747
0.391,-1.803
0.107,-0.272
-0.247,-0.09
-0.523,-0.008
-2.528,-0.046
0.314,-1.474
1.482,-2.57
0.484,1.011
1.259,-2.801
-0.539,1.416
-0.054,-0.723
-0.002,0.112
-0.143,-0.714
-0.337,1.279
-0.463,2.569
-0.577,2.541
-2.141,2.381
-2.712,-0.12
1.761,1.969
1.178,2.018
0.178,1.066
0.029,2.515
-0.024,-1.238
-0.034,1.48
0.07,-1.39
-0.033,-0.924
0.055,1.098
-0.126,-1.393
0.004,2.428
-0.135,-0.598
-0.131,0.027
-0.044,0.097
-0.087,2.24
-0.213,1.348
-0.327,1.622
-0.284,1.967
-0.493,0.209
-0.575,1.565
-0.502,2.182
-0.547,2.186
-0.559,0.618
-0.663,2.261
-0.7,1.523
-0.594,0.062
-0.767,-0.082
-0.914,2.577
-0.779,-1.331
-1.011,1.672
-0.91,-1.293
-1.098,1.878
-0.989,-0.528
-1.034,-0.025
-1.214,1.225
-1.199,1.905
-1.216,2.365
-1.513,1.283
-1.55,-1.096
-1.558,0.177
-1.667,0.061
-1.742,0.349
-1.636,2.471
-1.629,1.852
-1.709,-1.351
-1.878,1.328
-1.892,2.597
-1.989,2.448
-2.007,2.469
-1.876,2.464
-1.985,-0.898
-1.939,0.199
-1.988,1.322
-2.157,2.557
-2.151,-0.252
-2.025,1.34
-2.106,0.996
-2.106,-0.671
-2.136,2.372
-2.401,0.31
-2.471,0.228
-2.669,-0.851
-2.696,2.459
-2.591,0.876
-2.6,1.732
-2.766,-1.226
-2.855,0.572
-2.887,1.167
-2.792,2.531
-2.927,0.42
-2.834,2.495
-2.82,1.263
-3.019,-1.312
-3.041,0.207
-2.94,1.689
-3.011,0.667
-3.022,-1.028
-3.027,2.446
3.084,-1.062
-3.127,1.0
3.115,-0.606
2.986,-0.86
3.076,0.521
2.967,-1.186
3.095,-0.198
3.02,-0.184
2.992,-1.294
2.843,-0.63
2.833,-1.035
2.954,0.12
2.989,2.566
2.83,2.146
2.939,-0.864
2.846,0.244
2.798,0.481
2.686,-1.17
2.62,0.386
2.699,0.921
2.687,-0.236
2.464,-1.277
2.477,1.405
2.567,2.146
2.539,0.406
2.398,-0.865
2.305,1.995
2.411,0.661
2.292,1.506
2.305,1.542
2.051,-0.643
2.112,1.003
1.822,2.632
1.68,-0.102
1.797,-0.198
1.654,2.469
1.344,1.285
1.219,0.52
1.085,-0.859
1.055,1.75
1.148,2.232
0.969,0.806
1.065,2.448
0.895,1.64
0.711,-0.999
0.478,1.048
0.327,2.55
0.291,-1.006
0.272,2.566
0.345,1.778
0.189,-1.073
0.291,2.352
0.128,-1.55
0.095,-1.673
0.064,-1.605
-0.005,-1.66
-0.769,-1.67
-1.094,-1.628
-1.852,-1.555
-3.064,-1.56
1.496,-1.465
0.308,-1.439
-0.193,2.939
-0.245,3.055
-0.304,2.757
-0.57,2.794
-0.675,3.014
-0.672,2.691
-0.78,2.758
-1.029,2.913
-1.062,3.012
-2.535,2.901
-2.72,2.964
-2.916,2.959
2.608,2.701
2.289,2.962
2.299,2.756
1.668,2.936
0.819,2.601
0.264,3.019
0.021,0.129
2.731,1.598
0.975,2.237
0.026,1.832
0.108,-0.85
0.044,1.127
-0.078,1.131
-0.186,-0.565
-2.562,2.193
-2.584,0.255
2.822,0.221
2.086,1.111
1.769,1.095
0.856,-0.4
0.873,1.798
0.678,1.157
0.673,1.586
0.574,2.233
0.564,1.417
0.56,0.616
0.439,-0.44
0.155,1.091
-0.199,1.273
-0.475,1.355
-2.48,1.317
0.362,-0.111
1.53,-1.207
0.532,2.374
1.307,-1.438
-0.491,2.779
0.052,0.835
-0.089,0.009
-0.283,2.002
-0.409,3.292
-0.523,3.264
-2.087,3.104
-2.658,0.603
1.815,2.692
1.232,2.741
0.232,1.789
0.083,3.238
0.03,-0.515
0.02,2.203
0.124,-0.667
0.021,-0.201
0.109,1.821
-0.072,-0.67
0.058,3.151
-0.081,0.125
-0.077,0.75
0.01,0.82
-0.033,2.963
-0.159,2.071
-0.273,2.345
-0.23,2.69
-0.439,0.932
-0.521,2.288
-0.448,2.905
-0.493,2.909
-0.505,1.341
-0.609,2.984
-0.646,2.246
-0.54,0.785
-0.713,0.641
-0.86,3.3
-0.725,-0.608
-0.957,2.395
-0.856,-0.57
-1.044,2.601
-0.935,0.195
-0.98,0.698
-1.16,1.948
-1.145,2.628
-1.162,3.088
-1.459,2.006
-1.496,-0.373
-1.504,0.9
-1.613,0.784
-1.688,1.072
-1.582,3.194
-1.575,2.575
-1.655,-0.628
-1.824,2.051
-1.838,3.32
-1.935,3.171
-1.953,3.192
-1.822,3.187
-1.931,-0.175
-1.885,0.922
-1.934,2.045
-2.103,3.28
-2.097,0.471
-1.971,2.063
-2.052,1.719
-2.052,0.052
-2.082,3.095
-2.347,1.033
-2.417,0.951
-2.615,-0.128
-2.642,3.182
-2.537,1.599
-2.546,2.455
-2.712,-0.503
-2.801,1.295
-2.833,1.89
-2.738,3.254
-2.873,1.143
-2.78,3.218
-2.766,1.986
-2.965,-0.589
-2.987,0.93
-2.886,2.412
-2.957,1.39
-2.968,-0.305
-2.973,3.169
3.138,-0.339
-3.073,1.723
-3.114,0.117
3.04,-0.137
3.13,1.244
3.021,-0.463
-3.134,0.525
3.074,0.539
3.046,-0.571
2.897,0.093
2.887,-0.312
3.008,0.843
3.043,3.289
2.884,2.869
2.993,-0.141
2.9,0.967
2.852,1.204
2.74,-0.447
2.674,1.109
2.753,1.644
2.741,0.487
2.518,-0.554
2.531,2.128
2.621,2.869
2.593,1.129
2.452,-0.142
2.359,2.718
2.465,1.384
2.346,2.229
2.359,2.265
2.105,0.08
2.166,1.726
1.876,3.355
1.734,0.621
1.851,0.525
1.708,3.192
1.398,2.008
1.273,1.243
1.139,-0.136
1.109,2.473
1.202,2.955
1.023,1.529
1.119,3.171
0.949,2.363
0.765,-0.276
0.532,1.771
0.381,3.273
0.345,-0.283
0.326,3.289
0.399,2.501
0.243,-0.35
0.345,3.075
0.182,-0.827
0.149,-0.95
0.118,-0.882
0.049,-0.937
-0.715,-0.947
-1.04,-0.905
-1.798,-0.832
-3.01,-0.837
1.55,-0.742
0.362,-0.716
-0.139,3.662
-0.191,3.778
-0.25,3.48
-0.516,3.517
-0.621,3.737
-0.618,3.414
-0.726,3.481
-0.975,3.636
-1.008,3.735
-2.481,3.624
-2.666,3.687
-2.862,3.682
2.662,3.424
2.343,3.685
2.353,3.479
1.722,3.659
0.873,3.324
0.318,3.742
0.075,0.852
2.785,2.321
1.029,2.96
0.08,2.555
0.162,-0.127
0.098,1.85
-0.024,1.854
-0.132,0.158
-2.508,2.916
-2.53,0.978
2.876,0.944
2.14,1.834
1.823,1.818
0.91,0.323
0.927,2.521
0.732,1.88
0.727,2.309
0.628,2.956
0.618,2.14
0.614,1.339
0.493,0.283
0.209,1.814
-0.145,1.996
-0.421,2.078
-2.426,2.04
0.416,0.612
1.584,-0.484
0.586,3.097
1.361,-0.715
-0.437,3.502
-0.141,-0.826
-0.335,1.167
-0.461,2.457
-0.575,2.429
-2.139,2.269
-2.71,-0.232
1.763,1.857
1.18,1.906
0.18,0.954
0.031,2.403
-0.022,-1.35
-0.032,1.368
0.072,-1.502
-0.031,-1.036
0.057,0.986
-0.124,-1.505
0.006,2.316
-0.133,-0.71
-0.129,-0.085
-0.042,-0.015
-0.085,2.128
-0.211,1.236
-0.325,1.51
-0.282,1.855
-0.491,0.097
-0.573,1.453
-0.5,2.07
-0.545,2.074
-0.557,0.506
-0.661,2.149
-0.698,1.411
-0.592,-0.05
-0.765,-0.194
-0.912,2.465
-0.777,-1.443
-1.009,1.56
-0.908,-1.405
-1.096,1.766
-0.987,-0.64
-1.032,-0.137
-1.212,1.113
-1.197,1.793
-1.214,2.253
-1.511,1.171
-1.548,-1.208
-1.556,0.065
-1.665,-0.051
-1.74,0.237
-1.634,2.359
-1.627,1.74
-1.707,-1.463
-1.876,1.216
-1.89,2.485
-1.987,2.336
-2.005,2.357
-1.874,2.352
-1.983,-1.01
-1.937,0.087
-1.986,1.21
-2.155,2.445
-2.149,-0.364
-2.023,1.228
-2.104,0.884
-2.104,-0.783
-2.134,2.26
-2.399,0.198
-2.469,0.116
-2.667,-0.963
-2.694,2.347
-2.589,0.764
-2.598,1.62
-2.764,-1.338
-2.853,0.46
-2.885,1.055
-2.79,2.419
-2.925,0.308
-2.832,2.383
-2.818,1.151
-3.017,-1.424
-3.039,0.095
-2.938,1.577
-3.009,0.555
-3.02,-1.14
-3.025,2.334
3.086,-1.174
-3.125,0.888
3.117,-0.718
2.988,-0.972
3.078,0.409
2.969,-1.298
3.097,-0.31
3.022,-0.296
2.994,-1.406
2.845,-0.742
2.835,-1.147
2.956,0.008
2.991,2.454
2.832,2.034
2.941,-0.976
2.848,0.132
2.8,0.369
2.688,-1.282
2.622,0.274
2.701,0.809
2.689,-0.348
2.466,-1.389
2.479,1.293
2.569,2.034
2.541,0.294
2.4,-0.977
2.307,1.883
2.413,0.549
2.294,1.394
2.307,1.43
2.053,-0.755
2.114,0.891
1.824,2.52
1.682,-0.214
1.799,-0.31
1.656,2.357
1.346,1.173
1.221,0.408
1.087,-0.971
1.057,1.638
1.15,2.12
0.971,0.694
1.067,2.336
0.897,1.528
0.713,-1.111
0.48,0.936
0.329,2.438
0.293,-1.118
0.274,2.454
0.347,1.666
0.191,-1.185
0.293,2.24
0.13,-1.662
0.097,-1.785
0.066,-1.717
-0.003,-1.772
-0.767,-1.782
-1.092,-1.74
-1.85,-1.667
-3.062,-1.672
1.498,-1.577
0.31,-1.551
-0.191,2.827
-0.243,2.943
-0.302,2.645
-0.568,2.682
-0.673,2.902
-0.67,2.579
-0.778,2.646
-1.027,2.801
-1.06,2.9
-2.533,2.789
-2.718,2.852
-2.914,2.847
2.61,2.589
2.291,2.85
2.301,2.644
1.67,2.824
0.821,2.489
0.266,2.907
0.023,0.017
2.733,1.486
0.977,2.125
0.028,1.72
0.11,-0.962
0.046,1.015
-0.076,1.019
-0.184,-0.677
-2.56,2.081
-2.582,0.143
2.824,0.109
2.088,0.999
1.771,0.983
0.858,-0.512
0.875,1.686
0.68,1.045
0.675,1.474
0.576,2.121
0.566,1.305
0.562,0.504
0.441,-0.552
0.157,0.979
-0.197,1.161
-0.473,1.243
-2.478,1.205
0.364,-0.223
1.532,-1.319
0.534,2.262
1.309,-1.55
-0.489,2.667
-0.194,1.993
-0.32,3.283
-0.434,3.255
-1.998,3.095
-2.569,0.594
1.904,2.683
1.321,2.732
0.321,1.78
0.172,3.229
0.119,-0.524
0.109,2.194
0.213,-0.676
0.11,-0.21
0.198,1.812
0.017,-0.679
0.147,3.142
0.008,0.116
0.012,0.741
0.099,0.811
0.056,2.954
-0.07,2.062
-0.184,2.336
-0.141,2.681
-0.35,0.923
-0.432,2.279
-0.359,2.896
-0.404,2.9
-0.416,1.332
-0.52,2.975
-0.557,2.237
-0.451,0.776
-0.624,0.632
-0.771,3.291
-0.636,-0.617
-0.868,2.386
-0.767,-0.579
-0.955,2.592
-0.846,0.186
-0.891,0.689
-1.071,1.939
-1.056,2.619
-1.073,3.079
-1.37,1.997
-1.407,-0.382
-1.415,0.891
-1.524,0.775
-1.599,1.063
-1.493,3.185
-1.486,2.566
-1.566,-0.637
-1.735,2.042
-1.749,3.311
-1.846,3.162
-1.864,3.183
-1.733,3.178
-1.842,-0.184
-1.796,0.913
-1.845,2.036
-2.014,3.271
-2.008,0.462
-1.882,2.054
-1.963,1.71
-1.963,0.043
-1.993,3.086
-2.258,1.024
-2.328,0.942
-2.526,-0.137
-2.553,3.173
-2.448,1.59
-2.457,2.446
-2.623,-0.512
-2.712,1.286
-2.744,1.881
-2.649,3.245
-2.784,1.134
-2.691,3.209
-2.677,1.977
-2.876,-0.598
-2.898,0.921
-2.797,2.403
-2.868,1.381
-2.879,-0.314
-2.884,3.16
-3.056,-0.348
-2.984,1.714
-3.025,0.108
3.129,-0.146
-3.064,1.235
3.11,-0.472
-3.045,0.516
-3.12,0.53
3.135,-0.58
2.986,0.084
2.976,-0.321
3.097,0.834
3.132,3.28
2.973,2.86
3.082,-0.15
2.989,0.958
2.941,1.195
2.829,-0.456
2.763,1.1
2.842,1.635
2.83,0.478
2.607,-0.563
2.62,2.119
2.71,2.86
2.682,1.12
2.541,-0.151
2.448,2.709
2.554,1.375
2.435,2.22
2.448,2.256
2.194,0.071
2.255,1.717
1.965,3.346
1.823,0.612
1.94,0.516
1.797,3.183
1.487,1.999
1.362,1.234
1.228,-0.145
1.198,2.464
1.291,2.946
1.112,1.52
1.208,3.162
1.038,2.354
0.854,-0.285
0.621,1.762
0.47,3.264
0.434,-0.292
0.415,3.28
0.488,2.492
0.332,-0.359
0.434,3.066
0.271,-0.836
0.238,-0.959
0.207,-0.891
0.138,-0.946
-0.626,-0.956
-0.951,-0.914
-1.709,-0.841
-2.921,-0.846
1.639,-0.751
0.451,-0.725
-0.05,3.653
-0.102,3.769
-0.161,3.471
-0.427,3.508
-0.532,3.728
-0.529,3.405
-0.637,3.472
-0.886,3.627
-0.919,3.726
-2.392,3.615
-2.577,3.678
-2.773,3.673
2.751,3.415
2.432,3.676
2.442,3.47
1.811,3.65
0.962,3.315
0.407,3.733
0.164,0.843
2.874,2.312
1.118,2.951
0.169,2.546
0.251,-0.136
0.187,1.841
0.065,1.845
-0.043,0.149
-2.419,2.907
-2.441,0.969
2.965,0.935
2.229,1.825
1.912,1.809
0.999,0.314
1.016,2.512
0.821,1.871
0.816,2.3
0.717,2.947
0.707,2.131
0.703,1.33
0.582,0.274
0.298,1.805
-0.056,1.987
-0.332,2.069
-2.337,2.031
0.505,0.603
1.673,-0.493
0.675,3.088
1.45,-0.724
-0.348,3.493
-0.126,1.29
-0.24,1.262
-1.804,1.102
-2.375,-1.399
2.098,0.69
1.515,0.739
0.515,-0.213
0.366,1.236
0.313,-2.517
0.303,0.201
0.407,-2.669
0.304,-2.203
0.392,-0.181
0.211,-2.672
0.341,1.149
0.202,-1.877
0.206,-1.252
0.293,-1.182
0.25,0.961
0.124,0.069
0.01,0.343
0.053,0.688
-0.156,-1.07
-0.238,0.286
-0.165,0.903
-0.21,0.907
-0.222,-0.661
-0.326,0.982
-0.363,0.244
-0.257,-1.217
-0.43,-1.361
-0.577,1.298
-0.442,-2.61
-0.674,0.393
-0.573,-2.572
-0.761,0.599
-0.652,-1.807
-0.697,-1.304
-0.877,-0.054
-0.862,0.626
-0.879,1.086
-1.176,0.004
-1.213,-2.375
-1.221,-1.102
-1.33,-1.218
-1.405,-0.93
-1.299,1.192
-1.292,0.573
-1.372,-2.63
-1.541,0.049
-1.555,1.318
-1.652,1.169
-1.67,1.19
-1.539,1.185
-1.648,-2.177
-1.602,-1.08
-1.651,0.043
-1.82,1.278
-1.814,-1.531
-1.688,0.061
-1.769,-0.283
-1.769,-1.95
-1.799,1.093
-2.064,-0.969
-2.134,-1.051
-2.332,-2.13
-2.359,1.18
-2.254,-0.403
-2.263,0.453
-2.429,-2.505
-2.518,-0.707
-2.55,-0.112
-2.455,1.252
-2.59,-0.859
-2.497,1.216
-2.483,-0.016
-2.682,-2.591
-2.704,-1.072
-2.603,0.41
-2.674,-0.612
-2.685,-2.307
-2.69,1.167
-2.862,-2.341
-2.79,-0.279
-2.831,-1.885
-2.96,-2.139
-2.87,-0.758
-2.979,-2.465
-2.851,-1.477
-2.926,-1.463
-2.954,-2.573
-3.103,-1.909
-3.113,-2.314
-2.992,-1.159
-2.957,1.287
-3.116,0.867
-3.007,-2.143
-3.1,-1.035
3.135,-0.798
3.023,-2.449
2.957,-0.893
3.036,-0.358
3.024,-1.515
2.801,-2.556
2.814,0.126
2.904,0.867
2.876,-0.873
2.735,-2.144
2.642,0.716
2.748,-0.618
2.629,0.227
2.642,0.263
2.388,-1.922
2.449,-0.276
2.159,1.353
2.017,-1.381
2.134,-1.477
1.991,1.19
1.681,0.006
1.556,-0.759
1.422,-2.138
1.392,0.471
1.485,0.953
1.306,-0.473
1.402,1.169
1.232,0.361
1.048,-2.278
0.815,-0.231
0.664,1.271
0.628,-2.285
0.609,1.287
0.682,0.499
0.526,-2.352
0.628,1.073
0.465,-2.829
0.432,-2.952
0.401,-2.884
0.332,-2.939
-0.432,-2.949
-0.757,-2.907
-1.515,-2.834
-2.727,-2.839
1.833,-2.744
0.645,-2.718
0.144,1.66
0.092,1.776
0.033,1.478
-0.233,1.515
-0.338,1.735
-0.335,1.412
-0.443,1.479
-0.692,1.634
-0.725,1.733
-2.198,1.622
-2.383,1.685
-2.579,1.68
2.945,1.422
2.626,1.683
2.636,1.477
2.005,1.657
1.156,1.322
0.601,1.74
0.358,-1.15
3.068,0.319
1.312,0.958
0.363,0.553
0.445,-2.129
0.381,-0.152
0.259,-0.148
0.151,-1.844
-2.225,0.914
-2.247,-1.024
-3.124,-1.058
2.423,-0.168
2.106,-0.184
1.193,-1.679
1.21,0.519
1.015,-0.122
1.01,0.307
0.911,0.954
0.901,0.138
0.897,-0.663
0.776,-1.719
0.492,-0.188
0.138,-0.006
-0.138,0.076
-2.143,0.038
0.699,-1.39
1.867,-2.486
0.869,1.095
1.644,-2.717
-0.154,1.5
-0.114,-0.028
-1.678,-0.188
-2.249,-2.689
2.224,-0.6
1.641,-0.551
0.641,-1.503
0.492,-0.054
0.439,-3.807
0.429,-1.089
0.533,-3.959
0.43,-3.493
0.518,-1.471
0.337,-3.962
0.467,-0.141
0.328,-3.167
0.332,-2.542
0.419,-2.472
0.376,-0.329
0.25,-1.221
0.136,-0.947
0.179,-0.602
-0.03,-2.36
-0.112,-1.004
-0.039,-0.387
-0.084,-0.383
-0.096,-1.951
-0.2,-0.308
-0.237,-1.046
-0.131,-2.507
-0.304,-2.651
-0.451,0.008
-0.316,-3.9
-0.548,-0.897
-0.447,-3.862
-0.635,-0.691
-0.526,-3.097
-0.571,-2.594
-0.751,-1.344
-0.736,-0.664
-0.753,-0.204
-1.05,-1.286
-1.087,-3.665
-1.095,-2.392
-1.204,-2.508
-1.279,-2.22
-1.173,-0.098
-1.166,-0.717
-1.246,-3.92
-1.415,-1.241
-1.429,0.028
-1.526,-0.121
-1.544,-0.1
-1.413,-0.105
-1.522,-3.467
-1.476,-2.37
-1.525,-1.247
-1.694,-0.012
-1.688,-2.821
-1.562,-1.229
-1.643,-1.573
-1.643,-3.24
-1.673,-0.197
-1.938,-2.259
-2.008,-2.341
-2.206,-3.42
-2.233,-0.11
-2.128,-1.693
-2.137,-0.837
-2.303,-3.795
-2.392,-1.997
-2.424,-1.402
-2.329,-0.038
-2.464,-2.149
-2.371,-0.074
-2.357,-1.306
-2.556,-3.881
-2.578,-2.362
-2.477,-0.88
-2.548,-1.902
-2.559,-3.597
-2.564,-0.123
-2.736,-3.631
-2.664,-1.569
-2.705,-3.175
-2.834,-3.429
-2.744,-2.048
-2.853,-3.755
-2.725,-2.767
-2.8,-2.753
-2.828,-3.863
-2.977,-3.199
-2.987,-3.604
-2.866,-2.449
-2.831,-0.003
-2.99,-0.423
-2.881,-3.433
-2.974,-2.325
-3.022,-2.088
-3.134,-3.739
3.083,-2.183
-3.121,-1.648
-3.133,-2.805
2.927,-3.846
2.94,-1.164
3.03,-0.423
3.002,-2.163
2.861,-3.434
2.768,-0.574
2.874,-1.908
2.755,-1.063
2.768,-1.027
2.514,-3.212
2.575,-1.566
2.285,0.063
2.143,-2.671
2.26,-2.767
2.117,-0.1
1.807,-1.284
1.682,-2.049
1.548,-3.428
1.518,-0.819
1.611,-0.337
1.432,-1.763
1.528,-0.121
1.358,-0.929
1.174,-3.568
0.941,-1.521
0.79,-0.019
0.754,-3.575
0.735,-0.003
0.808,-0.791
0.652,-3.642
0.754,-0.217
0.591,-4.119
0.558,-4.242
0.527,-4.174
0.458,-4.229
-0.306,-4.239
-0.631,-4.197
-1.389,-4.124
-2.601,-4.129
1.959,-4.034
0.771,-4.008
0.27,0.37
0.218,0.486
0.159,0.188
-0.107,0.225
-0.212,0.445
-0.209,0.122
-0.317,0.189
-0.566,0.344
-0.599,0.443
-2.072,0.332
-2.257,0.395
-2.453,0.39
3.071,0.132
2.752,0.393
2.762,0.187
2.131,0.367
1.282,0.032
0.727,0.45
0.484,-2.44
-3.089,-0.971
1.438,-0.332
0.489,-0.737
0.571,-3.419
0.507,-1.442
0.385,-1.438
0.277,-3.134
-2.099,-0.376
-2.121,-2.314
-2.998,-2.348
2.549,-1.458
2.232,-1.474
1.319,-2.969
1.336,-0.771
1.141,-1.412
1.136,-0.983
1.037,-0.336
1.027,-1.152
1.023,-1.953
0.902,-3.009
0.618,-1.478
0.264,-1.296
-0.012,-1.214
-2.017,-1.252
0.825,-2.68
1.993,-3.776
0.995,-0.195
1.77,-4.007
-0.028,0.21
-1.564,-0.16
-2.135,-2.661
2.338,-0.572
1.755,-0.523
0.755,-1.475
0.606,-0.026
0.553,-3.779
0.543,-1.061
0.647,-3.931
0.544,-3.465
0.632,-1.443
0.451,-3.934
0.581,-0.113
0.442,-3.139
0.446,-2.514
0.533,-2.444
0.49,-0.301
0.364,-1.193
0.25,-0.919
0.293,-0.574
0.084,-2.332
0.002,-0.976
0.075,-0.359
0.03,-0.355
0.018,-1.923
-0.086,-0.28
-0.123,-1.018
-0.017,-2.479
-0.19,-2.623
-0.337,0.036
-0.202,-3.872
-0.434,-0.869
-0.333,-3.834
-0.521,-0.663
-0.412,-3.069
-0.457,-2.566
-0.637,-1.316
-0.622,-0.636
-0.639,-0.176
-0.936,-1.258
-0.973,-3.637
-0.981,-2.364
-1.09,-2.48
-1.165,-2.192
-1.059,-0.07
-1.052,-0.689
-1.132,-3.892
-1.301,-1.213
-1.315,0.056
-1.412,-0.093
-1.43,-0.072
-1.299,-0.077
-1.408,-3.439
-1.362,-2.342
-1.411,-1.219
-1.58,0.016
-1.574,-2.793
-1.448,-1.201
-1.529,-1.545
-1.529,-3.212
-1.559,-0.169
-1.824,-2.231
-1.894,-2.313
-2.092,-3.392
-2.119,-0.082
-2.014,-1.665
-2.023,-0.809
-2.189,-3.767
-2.278,-1.969
-2.31,-1.374
-2.215,-0.01
-2.35,-2.121
-2.257,-0.046
-2.243,-1.278
-2.442,-3.853
-2.464,-2.334
-2.363,-0.852
-2.434,-1.874
-2.445,-3.569
-2.45,-0.095
-2.622,-3.603
-2.55,-1.541
-2.591,-3.147
-2.72,-3.401
-2.63,-2.02
-2.739,-3.727
-2.611,-2.739
-2.686,-2.725
-2.714,-3.835
-2.863,-3.171
-2.873,-3.576
-2.752,-2.421
-2.717,0.025
-2.876,-0.395
-2.767,-3.405
-2.86,-2.297
-2.908,-2.06
-3.02,-3.711
-3.086,-2.155
-3.007,-1.62
-3.019,-2.777
3.041,-3.818
3.054,-1.136
-3.139,-0.395
3.116,-2.135
2.975,-3.406
2.882,-0.546
2.988,-1.88
2.869,-1.035
2.882,-0.999
2.628,-3.184
2.689,-1.538
2.399,0.091
2.257,-2.643
2.374,-2.739
2.231,-0.072
1.921,-1.256
1.796,-2.021
1.662,-3.4
1.632,-0.791
1.725,-0.309
1.546,-1.735
1.642,-0.093
1.472,-0.901
1.288,-3.54
1.055,-1.493
0.904,0.009
0.868,-3.547
0.849,0.025
0.922,-0.763
0.766,-3.614
0.868,-0.189
0.705,-4.091
0.672,-4.214
0.641,-4.146
0.572,-4.201
-0.192,-4.211
-0.517,-4.169
-1.275,-4.096
-2.487,-4.101
2.073,-4.006
0.885,-3.98
0.384,0.398
0.332,0.514
0.273,0.216
0.007,0.253
-0.098,0.473
-0.095,0.15
-0.203,0.217
-0.452,0.372
-0.485,0.471
-1.958,0.36
-2.143,0.423
-2.339,0.418
-3.098,0.16
2.866,0.421
2.876,0.215
2.245,0.395
1.396,0.06
0.841,0.478
0.598,-2.412
-2.975,-0.943
1.552,-0.304
0.603,-0.709
0.685,-3.391
0.621,-1.414
0.499,-1.41
0.391,-3.106
-1.985,-0.348
-2.007,-2.286
-2.884,-2.32
2.663,-1.43
2.346,-1.446
1.433,-2.941
1.45,-0.743
1.255,-1.384
1.25,-0.955
1.151,-0.308
1.141,-1.124
1.137,-1.925
1.016,-2.981
0.732,-1.45
0.378,-1.268
0.102,-1.186
-1.903,-1.224
0.939,-2.652
2.107,-3.748
1.109,-0.167
1.884,-3.979
0.086,0.238
-0.571,-2.501
-2.381,-0.412
-2.964,-0.363
2.319,-1.315
2.17,0.134
2.117,-3.619
2.107,-0.901
2.211,-3.771
2.108,-3.305
2.196,-1.283
2.015,-3.774
2.145,0.047
2.006,-2.979
2.01,-2.354
2.097,-2.284
2.054,-0.141
1.928,-1.033
1.814,-0.759
1.857,-0.414
1.648,-2.172
1.566,-0.816
1.639,-0.199
1.594,-0.195
1.582,-1.763
1.478,-0.12
1.441,-0.858
1.547,-2.319
1.374,-2.463
1.227,0.196
1.362,-3.712
1.13,-0.709
1.231,-3.674
1.043,-0.503
1.152,-2.909
1.107,-2.406
0.927,-1.156
0.942,-0.476
0.925,-0.016
0.628,-1.098
0.591,-3.477
0.583,-2.204
0.474,-2.32
0.399,-2.032
0.505,0.09
0.512,-0.529
0.432,-3.732
0.263,-1.053
0.249,0.216
0.152,0.067
0.134,0.088
0.265,0.083
0.156,-3.279
0.202,-2.182
0.153,-1.059
-0.016,0.176
-0.01,-2.633
0.116,-1.041
0.035,-1.385
0.035,-3.052
0.005,-0.009
-0.26,-2.071
-0.33,-2.153
-0.528,-3.232
-0.555,0.078
-0.45,-1.505
-0.459,-0.649
-0.625,-3.607
-0.714,-1.809
-0.746,-1.214
-0.651,0.15
-0.786,-1.961
-0.693,0.114
-0.679,-1.118
-0.878,-3.693
-0.9,-2.174
-0.799,-0.692
-0.87,-1.714
-0.881,-3.409
-0.886,0.065
-1.058,-3.443
-0.986,-1.381
-1.027,-2.987
-1.156,-3.241
-1.066,-1.86
-1.175,-3.567
-1.047,-2.579
-1.122,-2.565
-1.15,-3.675
-1.299,-3.011
-1.309,-3.416
-1.188,-2.261
-1.153,0.185
-1.312,-0.235
-1.203,-3.245
-1.296,-2.137
-1.344,-1.9
-1.456,-3.551
-1.522,-1.995
-1.443,-1.46
-1.455,-2.617
-1.678,-3.658
-1.665,-0.976
-1.575,-0.235
-1.603,-1.975
-1.744,-3.246
-1.837,-0.386
-1.731,-1.72
-1.85,-0.875
-1.837,-0.839
-2.091,-3.024
-2.03,-1.378
-2.32,0.251
-2.462,-2.483
-2.345,-2.579
-2.488,0.088
-2.798,-1.096
-2.923,-1.861
-3.057,-3.24
-3.087,-0.631
-2.994,-0.149
3.11,-1.575
-3.077,0.067
3.036,-0.741
2.852,-3.38
2.619,-1.333
2.468,0.169
2.432,-3.387
2.413,0.185
2.486,-0.603
2.33,-3.454
2.432,-0.029
2.269,-3.931
2.236,-4.054
2.205,-3.986
2.136,-4.041
1.372,-4.051
1.047,-4.009
0.289,-3.936
-0.923,-3.941
-2.646,-3.846
2.449,-3.82
1.948,0.558
1.896,0.674
1.837,0.376
1.571,0.413
1.466,0.633
1.469,0.31
1.361,0.377
1.112,0.532
1.079,0.631
-0.394,0.52
-0.579,0.583
-0.775,0.578
-1.534,0.32
-1.853,0.581
-1.843,0.375
-2.474,0.555
2.96,0.22
2.405,0.638
2.162,-2.252
-1.411,-0.783
3.116,-0.144
2.167,-0.549
2.249,-3.231
2.185,-1.254
2.063,-1.25
1.955,-2.946
-0.421,-0.188
-0.443,-2.126
-1.32,-2.16
-2.056,-1.27
-2.373,-1.286
2.997,-2.781
3.014,-0.583
2.819,-1.224
2.814,-0.795
2.715,-0.148
2.705,-0.964
2.701,-1.765
2.58,-2.821
2.296,-1.29
1.942,-1.108
1.666,-1.026
-0.339,-1.064
2.503,-2.492
-2.612,-3.588
2.673,-0.007
-2.835,-3.819
1.65,0.398
-1.81,2.089
-2.393,2.138
2.89,1.186
2.741,2.635
2.688,-1.118
2.678,1.6
2.782,-1.27
2.679,-0.804
2.767,1.218
2.586,-1.273
2.716,2.548
2.577,-0.478
2.581,0.147
2.668,0.217
2.625,2.36
2.499,1.468
2.385,1.742
2.428,2.087
2.219,0.329
2.137,1.685
2.21,2.302
2.165,2.306
2.153,0.738
2.049,2.381
2.012,1.643
2.118,0.182
1.945,0.038
1.798,2.697
1.933,-1.211
1.701,1.792
1.802,-1.173
1.614,1.998
1.723,-0.408
1.678,0.095
1.498,1.345
1.513,2.025
1.496,2.485
1.199,1.403
1.162,-0.976
1.154,0.297
1.045,0.181
0.97,0.469
1.076,2.591
1.083,1.972
1.003,-1.231
0.834,1.448
0.82,2.717
0.723,2.568
0.705,2.589
0.836,2.584
0.727,-0.778
0.773,0.319
0.724,1.442
0.555,2.677
0.561,-0.132
0.687,1.46
0.606,1.116
0.606,-0.551
0.576,2.492
0.311,0.43
0.241,0.348
0.043,-0.731
0.016,2.579
0.121,0.996
0.112,1.852
-0.054,-1.106
-0.143,0.692
-0.175,1.287
-0.08,2.651
-0.215,0.54
-0.122,2.615
-0.108,1.383
-0.307,-1.192
-0.329,0.327
-0.228,1.809
-0.299,0.787
-0.31,-0.908
-0.315,2.566
-0.487,-0.942
-0.415,1.12
-0.456,-0.486
-0.585,-0.74
-0.495,0.641
-0.604,-1.066
-0.476,-0.078
-0.551,-0.064
-0.579,-1.174
-0.728,-0.51
-0.738,-0.915
-0.617,0.24
-0.582,2.686
-0.741,2.266
-0.632,-0.744
-0.725,0.364
-0.773,0.601
-0.885,-1.05
-0.951,0.506
-0.872,1.041
-0.884,-0.116
-1.107,-1.157
-1.094,1.525
-1.004,2.266
-1.032,0.526
-1.173,-0.745
-1.266,2.115
-1.16,0.781
-1.279,1.626
-1.266,1.662
-1.52,-0.523
-1.459,1.123
-1.749,2.752
-1.891,0.018
-1.774,-0.078
-1.917,2.589
-2.227,1.405
-2.352,0.64
-2.486,-0.739
-2.516,1.87
-2.423,2.352
-2.602,0.926
-2.506,2.568
-2.676,1.76
-2.86,-0.879
-3.093,1.168
3.039,2.67
3.003,-0.886
2.984,2.686
3.057,1.898
2.901,-0.953
3.003,2.472
2.84,-1.43
2.807,-1.553
2.776,-1.485
2.707,-1.54
1.943,-1.55
1.618,-1.508
0.86,-1.435
-0.352,-1.44
-2.075,-1.345
3.02,-1.319
2.519,3.059
2.467,3.175
2.408,2.877
2.142,2.914
2.037,3.134
2.04,2.811
1.932,2.878
1.683,3.033
1.65,3.132
0.177,3.021
-0.008,3.084
-0.204,3.079
-0.963,2.821
-1.282,3.082
-1.272,2.876
-1.903,3.056
-2.752,2.721
2.976,3.139
2.733,0.249
-0.84,1.718
-2.596,2.357
2.738,1.952
2.82,-0.73
2.756,1.247
2.634,1.251
2.526,-0.445
0.15,2.313
0.128,0.375
-0.749,0.341
-1.485,1.231
-1.802,1.215
-2.715,-0.28
-2.698,1.918
-2.893,1.277
-2.898,1.706
-2.997,2.353
-3.007,1.537
-3.011,0.736
-3.132,-0.32
2.867,1.211
2.513,1.393
2.237,1.475
0.232,1.437
3.074,0.009
-2.041,-1.087
-3.039,2.494
-2.264,-1.318
2.221,2.899
-0.583,0.049
-1.583,-0.903
-1.732,0.546
-1.785,-3.207
-1.795,-0.489
-1.691,-3.359
-1.794,-2.893
-1.706,-0.871
-1.887,-3.362
-1.757,0.459
-1.896,-2.567
-1.892,-1.942
-1.805,-1.872
-1.848,0.271
-1.974,-0.621
-2.088,-0.347
-2.045,-0.002
-2.254,-1.76
-2.336,-0.404
-2.263,0.213
-2.308,0.217
-2.32,-1.351
-2.424,0.292
-2.461,-0.446
-2.355,-1.907
-2.528,-2.051
-2.675,0.608
-2.54,-3.3
-2.772,-0.297
-2.671,-3.262
-2.859,-0.091
-2.75,-2.497
-2.795,-1.994
-2.975,-0.744
-2.96,-0.064
-2.977,0.396
3.009,-0.686
2.972,-3.065
2.964,-1.792
2.855,-1.908
2.78,-1.62
2.886,0.502
2.893,-0.117
2.813,-3.32
2.644,-0.641
2.63,0.628
2.533,0.479
2.515,0.5
2.646,0.495
2.537,-2.867
2.583,-1.77
2.534,-0.647
2.365,0.588
2.371,-2.221
2.497,-0.629
2.416,-0.973
2.416,-2.64
2.386,0.403
2.121,-1.659
2.051,-1.741
1.853,-2.82
1.826,0.49
1.931,-1.093
1.922,-0.237
1.756,-3.195
1.667,-1.397
1.635,-0.802
1.73,0.562
1.595,-1.549
1.688,0.526
1.702,-0.706
1.503,-3.281
1.481,-1.762
1.582,-0.28
1.511,-1.302
1.5,-2.997
1.495,0.477
1.323,-3.031
1.395,-0.969
1.354,-2.575
1.225,-2.829
1.315,-1.448
1.206,-3.155
1.334,-2.167
1.259,-2.153
1.231,-3.263
1.082,-2.599
1.072,-3.004
1.193,-1.849
1.228,0.597
1.069,0.177
1.178,-2.833
1.085,-1.725
1.037,-1.488
0.925,-3.139
0.859,-1.583
0.938,-1.048
0.926,-2.205
0.703,-3.246
0.716,-0.564
0.806,0.177
0.778,-1.563
0.637,-2.834
0.544,0.026
0.65,-1.308
0.531,-0.463
0.544,-0.427
0.29,-2.612
0.351,-0.966
0.061,0.663
-0.081,-2.071
0.036,-2.167
-0.107,0.5
-0.417,-0.684
-0.542,-1.449
-0.676,-2.828
-0.706,-0.219
-0.613,0.263
-0.792,-1.163
-0.696,0.479
-0.866,-0.329
-1.05,-2.968
-1.283,-0.921
-1.434,0.581
-1.47,-2.975
-1.489,0.597
-1.416,-0.191
-1.572,-3.042
-1.47,0.383
-1.633,-3.519
-1.666,-3.642
-1.697,-3.574
-1.766,-3.629
-2.53,-3.639
-2.855,-3.597
2.67,-3.524
1.458,-3.529
-0.265,-3.434
-1.453,-3.408
-1.954,0.97
-2.006,1.086
-2.065,0.788
-2.331,0.825
-2.436,1.045
-2.433,0.722
-2.541,0.789
-2.79,0.944
-2.823,1.043
1.987,0.932
1.802,0.995
1.606,0.99
0.847,0.732
0.528,0.993
0.538,0.787
-0.093,0.967
-0.942,0.632
-1.497,1.05
-1.74,-1.84
0.97,-0.371
-0.786,0.268
-1.735,-0.137
-1.653,-2.819
-1.717,-0.842
-1.839,-0.838
-1.947,-2.534
1.96,0.224
1.938,-1.714
1.061,-1.748
0.325,-0.858
0.008,-0.874
-0.905,-2.369
-0.888,-0.171
-1.083,-0.812
-1.088,-0.383
-1.187,0.264
-1.197,-0.552
-1.201,-1.353
-1.322,-2.409
-1.606,-0.878
-1.96,-0.696
-2.236,-0.614
2.042,-0.652
-1.399,-2.08
-0.231,-3.176
-1.229,0.405
-0.454,-3.407
-2.252,0.81
-1.0,-0.952
-1.149,0.497
-1.202,-3.256
-1.212,-0.538
-1.108,-3.408
-1.211,-2.942
-1.123,-0.92
-1.304,-3.411
-1.174,0.41
-1.313,-2.616
-1.309,-1.991
-1.222,-1.921
-1.265,0.222
-1.391,-0.67
-1.505,-0.396
-1.462,-0.051
-1.671,-1.809
-1.753,-0.453
-1.68,0.164
-1.725,0.168
-1.737,-1.4
-1.841,0.243
-1.878,-0.495
-1.772,-1.956
-1.945,-2.1
-2.092,0.559
-1.957,-3.349
-2.189,-0.346
-2.088,-3.311
-2.276,-0.14
-2.167,-2.546
-2.212,-2.043
-2.392,-0.793
-2.377,-0.113
-2.394,0.347
-2.691,-0.735
-2.728,-3.114
-2.736,-1.841
-2.845,-1.957
-2.92,-1.669
-2.814,0.453
-2.807,-0.166
-2.887,-3.369
-3.056,-0.69
-3.07,0.579
3.116,0.43
3.098,0.451
-3.054,0.446
3.12,-2.916
-3.117,-1.819
3.117,-0.696
2.948,0.539
2.954,-2.27
3.08,-0.678
2.999,-1.022
2.999,-2.689
2.969,0.354
2.704,-1.708
2.634,-1.79
2.436,-2.869
2.409,0.441
2.514,-1.142
2.505,-0.286
2.339,-3.244
2.25,-1.446
2.218,-0.851
2.313,0.513
2.178,-1.598
2.271,0.477
2.285,-0.755
2.086,-3.33
2.064,-1.811
2.165,-0.329
2.094,-1.351
2.083,-3.046
2.078,0.428
1.906,-3.08
1.978,-1.018
1.937,-2.624
1.808,-2.878
1.898,-1.497
1.789,-3.204
1.917,-2.216
1.842,-2.202
1.814,-3.312
1.665,-2.648
1.655,-3.053
1.776,-1.898
1.811,0.548
1.652,0.128
1.761,-2.882
1.668,-1.774
1.62,-1.537
1.508,-3.188
1.442,-1.632
1.521,-1.097
1.509,-2.254
1.286,-3.295
1.299,-0.613
1.389,0.128
1.361,-1.612
1.22,-2.883
1.127,-0.023
1.233,-1.357
1.114,-0.512
1.127,-0.476
0.873,-2.661
0.934,-1.015
0.644,0.614
0.502,-2.12
0.619,-2.216
0.476,0.451
0.166,-0.733
0.041,-1.498
-0.093,-2.877
-0.123,-0.268
-0.03,0.214
-0.209,-1.212
-0.113,0.43
-0.283,-0.378
-0.467,-3.017
-0.7,-0.97
-0.851,0.532
-0.887,-3.024
-0.906,0.548
-0.833,-0.24
-0.989,-3.091
-0.887,0.334
-1.05,-3.568
-1.083,-3.691
-1.114,-3.623
-1.183,-3.678
-1.947,-3.688
-2.272,-3.646
-3.03,-3.573
2.041,-3.578
0.318,-3.483
-0.87,-3.457
-1.371,0.921
-1.423,1.037
-1.482,0.739
-1.748,0.776
-1.853,0.996
-1.85,0.673
-1.958,0.74
-2.207,0.895
-2.24,0.994
2.57,0.883
2.385,0.946
2.189,0.941
1.43,0.683
1.111,0.944
1.121,0.738
0.49,0.918
-0.359,0.583
-0.914,1.001
-1.157,-1.889
1.553,-0.42
-0.203,0.219
-1.152,-0.186
-1.07,-2.868
-1.134,-0.891
-1.256,-0.887
-1.364,-2.583
2.543,0.175
2.521,-1.763
1.644,-1.797
0.908,-0.907
0.591,-0.923
-0.322,-2.418
-0.305,-0.22
-0.5,-0.861
-0.505,-0.432
-0.604,0.215
-0.614,-0.601
-0.618,-1.402
-0.739,-2.458
-1.023,-0.927
-1.377,-0.745
-1.653,-0.663
2.625,-0.701
-0.816,-2.129
0.352,-3.225
-0.646,0.356
0.129,-3.456
-1.669,0.761
-0.149,1.449
-0.202,-2.304
-0.212,0.414
-0.108,-2.456
-0.211,-1.99
-0.123,0.032
-0.304,-2.459
-0.174,1.362
-0.313,-1.664
-0.309,-1.039
-0.222,-0.969
-0.265,1.174
-0.391,0.282
-0.505,0.556
-0.462,0.901
-0.671,-0.857
-0.753,0.499
-0.68,1.116
-0.725,1.12
-0.737,-0.448
-0.841,1.195
-0.878,0.457
-0.772,-1.004
-0.945,-1.148
-1.092,1.511
-0.957,-2.397
-1.189,0.606
-1.088,-2.359
-1.276,0.812
-1.167,-1.594
-1.212,-1.091
-1.392,0.159
-1.377,0.839
-1.394,1.299
-1.691,0.217
-1.728,-2.162
-1.736,-0.889
-1.845,-1.005
-1.92,-0.717
-1.814,1.405
-1.807,0.786
-1.887,-2.417
-2.056,0.262
-2.07,1.531
-2.167,1.382
-2.185,1.403
-2.054,1.398
-2.163,-1.964
-2.117,-0.867
-2.166,0.256
-2.335,1.491
-2.329,-1.318
-2.203,0.274
-2.284,-0.07
-2.284,-1.737
-2.314,1.306
-2.579,-0.756
-2.649,-0.838
-2.847,-1.917
-2.874,1.393
-2.769,-0.19
-2.778,0.666
-2.944,-2.292
-3.033,-0.494
-3.065,0.101
-2.97,1.465
-3.105,-0.646
-3.012,1.429
-2.998,0.197
3.086,-2.378
3.064,-0.859
-3.118,0.623
3.094,-0.399
3.083,-2.094
3.078,1.38
2.906,-2.128
2.978,-0.066
2.937,-1.672
2.808,-1.926
2.898,-0.545
2.789,-2.252
2.917,-1.264
2.842,-1.25
2.814,-2.36
2.665,-1.696
2.655,-2.101
2.776,-0.946
2.811,1.5
2.652,1.08
2.761,-1.93
2.668,-0.822
2.62,-0.585
2.508,-2.236
2.442,-0.68
2.521,-0.145
2.509,-1.302
2.286,-2.343
2.299,0.339
2.389,1.08
2.361,-0.66
2.22,-1.931
2.127,0.929
2.233,-0.405
2.114,0.44
2.127,0.476
1.873,-1.709
1.934,-0.063
1.644,1.566
1.502,-1.168
1.619,-1.264
1.476,1.403
1.166,0.219
1.041,-0.546
0.907,-1.925
0.877,0.684
0.97,1.166
0.791,-0.26
0.887,1.382
0.717,0.574
0.533,-2.065
0.3,-0.018
0.149,1.484
0.113,-2.072
0.094,1.5
0.167,0.712
0.011,-2.139
0.113,1.286
-0.05,-2.616
-0.083,-2.739
-0.114,-2.671
-0.183,-2.726
-0.947,-2.736
-1.272,-2.694
-2.03,-2.621
3.041,-2.626
1.318,-2.531
0.13,-2.505
-0.371,1.873
-0.423,1.989
-0.482,1.691
-0.748,1.728
-0.853,1.948
-0.85,1.625
-0.958,1.692
-1.207,1.847
-1.24,1.946
-2.713,1.835
-2.898,1.898
-3.094,1.893
2.43,1.635
2.111,1.896
2.121,1.69
1.49,1.87
0.641,1.535
0.086,1.953
-0.157,-0.937
2.553,0.532
0.797,1.171
-0.152,0.766
-0.07,-1.916
-0.134,0.061
-0.256,0.065
-0.364,-1.631
-2.74,1.127
-2.762,-0.811
2.644,-0.845
1.908,0.045
1.591,0.029
0.678,-1.466
0.695,0.732
0.5,0.091
0.495,0.52
0.396,1.167
0.386,0.351
0.382,-0.45
0.261,-1.506
-0.023,0.025
-0.377,0.207
-0.653,0.289
-2.658,0.251
0.184,-1.177
1.352,-2.273
0.354,1.308
1.129,-2.504
-0.669,1.713
-0.053,-3.753
-0.063,-1.035
0.041,-3.905
-0.062,-3.439
0.026,-1.417
-0.155,-3.908
-0.025,-0.087
-0.164,-3.113
-0.16,-2.488
-0.073,-2.418
-0.116,-0.275
-0.242,-1.167
-0.356,-0.893
-0.313,-0.548
-0.522,-2.306
-0.604,-0.95
-0.531,-0.333
-0.576,-0.329
-0.588,-1.897
-0.692,-0.254
-0.729,-0.992
-0.623,-2.453
-0.796,-2.597
-0.943,0.062
-0.808,-3.846
-1.04,-0.843
-0.939,-3.808
-1.127,-0.637
-1.018,-3.043
-1.063,-2.54
-1.243,-1.29
-1.228,-0.61
-1.245,-0.15
-1.542,-1.232
-1.579,-3.611
-1.587,-2.338
-1.696,-2.454
-1.771,-2.166
-1.665,-0.044
-1.658,-0.663
-1.738,-3.866
-1.907,-1.187
-1.921,0.082
-2.018,-0.067
-2.036,-0.046
-1.905,-0.051
-2.014,-3.413
-1.968,-2.316
-2.017,-1.193
-2.186,0.042
-2.18,-2.767
-2.054,-1.175
-2.135,-1.519
-2.135,-3.186
-2.165,-0.143
-2.43,-2.205
-2.5,-2.287
-2.698,-3.366
-2.725,-0.056
-2.62,-1.639
-2.629,-0.783
-2.795,-3.741
-2.884,-1.943
-2.916,-1.348
-2.821,0.016
-2.956,-2.095
-2.863,-0.02
-2.849,-1.252
-3.048,-3.827
-3.07,-2.308
-2.969,-0.826
-3.04,-1.848
-3.051,-3.543
-3.056,-0.069
3.055,-3.577
3.127,-1.515
3.086,-3.121
2.957,-3.375
3.047,-1.994
2.938,-3.701
3.066,-2.713
2.991,-2.699
2.963,-3.809
2.814,-3.145
2.804,-3.55
2.925,-2.395
2.96,0.051
2.801,-0.369
2.91,-3.379
2.817,-2.271
2.769,-2.034
2.657,-3.685
2.591,-2.129
2.67,-1.594
2.658,-2.751
2.435,-3.792
2.448,-1.11
2.538,-0.369
2.51,-2.109
2.369,-3.38
2.276,-0.52
2.382,-1.854
2.263,-1.009
2.276,-0.973
2.022,-3.158
2.083,-1.512
1.793,0.117
1.651,-2.617
1.768,-2.713
1.625,-0.046
1.315,-1.23
1.19,-1.995
1.056,-3.374
1.026,-0.765
1.119,-0.283
0.94,-1.709
1.036,-0.067
0.866,-0.875
0.682,-3.514
0.449,-1.467
0.298,0.035
0.262,-3.521
0.243,0.051
0.316,-0.737
0.16,-3.588
0.262,-0.163
0.099,-4.065
0.066,-4.188
0.035,-4.12
-0.034,-4.175
-0.798,-4.185
-1.123,-4.143
-1.881,-4.07
-3.093,-4.075
1.467,-3.98
0.279,-3.954
-0.222,0.424
-0.274,0.54
-0.333,0.242
-0.599,0.279
-0.704,0.499
-0.701,0.176
-0.809,0.243
-1.058,0.398
-1.091,0.497
-2.564,0.386
-2.749,0.449
-2.945,0.444
2.579,0.186
2.26,0.447
2.27,0.241
1.639,0.421
0.79,0.086
0.235,0.504
-0.008,-2.386
2.702,-0.917
0.946,-0.278
-0.003,-0.683
0.079,-3.365
0.015,-1.388
-0.107,-1.384
-0.215,-3.08
-2.591,-0.322
-2.613,-2.26
2.793,-2.294
2.057,-1.404
1.74,-1.42
0.827,-2.915
0.844,-0.717
0.649,-1.358
0.644,-0.929
0.545,-0.282
0.535,-1.098
0.531,-1.899
0.41,-2.955
0.126,-1.424
-0.228,-1.242
-0.504,-1.16
-2.509,-1.198
0.333,-2.626
1.501,-3.722
0.503,-0.141
1.278,-3.953
-0.52,0.264
-0.01,2.718
0.094,-0.152
-0.009,0.314
0.079,2.336
-0.102,-0.155
0.028,3.666
-0.111,0.64
-0.107,1.265
-0.02,1.335
-0.063,3.478
-0.189,2.586
-0.303,2.86
-0.26,3.205
-0.469,1.447
-0.551,2.803
-0.478,3.42
-0.523,3.424
-0.535,1.856
-0.639,3.499
-0.676,2.761
-0.57,1.3
-0.743,1.156
-0.89,3.815
-0.755,-0.093
-0.987,2.91
-0.886,-0.055
-1.074,3.116
-0.965,0.71
-1.01,1.213
-1.19,2.463
-1.175,3.143
-1.192,3.603
-1.489,2.521
-1.526,0.142
-1.534,1.415
-1.643,1.299
-1.718,1.587
-1.612,3.709
-1.605,3.09
-1.685,-0.113
-1.854,2.566
-1.868,3.835
-1.965,3.686
-1.983,3.707
-1.852,3.702
-1.961,0.34
-1.915,1.437
-1.964,2.56
-2.133,3.795
-2.127,0.986
-2.001,2.578
-2.082,2.234
-2.082,0.567
-2.112,3.61
-2.377,1.548
-2.447,1.466
-2.645,0.387
-2.672,3.697
-2.567,2.114
-2.576,2.97
-2.742,0.012
-2.831,1.81
-2.863,2.405
-2.768,3.769
-2.903,1.658
-2.81,3.733
-2.796,2.501
-2.995,-0.074
-3.017,1.445
-2.916,2.927
-2.987,1.905
-2.998,0.21
-3.003,3.684
3.108,0.176
-3.103,2.238
3.139,0.632
3.01,0.378
3.1,1.759
2.991,0.052
3.119,1.04
3.044,1.054
3.016,-0.056
2.867,0.608
2.857,0.203
2.978,1.358
3.013,3.804
2.854,3.384
2.963,0.374
2.87,1.482
2.822,1.719
2.71,0.068
2.644,1.624
2.723,2.159
2.711,1.002
2.488,-0.039
2.501,2.643
2.591,3.384
2.563,1.644
2.422,0.373
2.329,3.233
2.435,1.899
2.316,2.744
2.329,2.78
2.075,0.595
2.136,2.241
1.846,3.87
1.704,1.136
1.821,1.04
1.678,3.707
1.368,2.523
1.243,1.758
1.109,0.379
1.079,2.988
1.172,3.47
0.993,2.044
1.089,3.686
0.919,2.878
0.735,0.239
0.502,2.286
0.351,3.788
0.315,0.232
0.296,3.804
0.369,3.016
0.213,0.165
0.315,3.59
0.152,-0.312
0.119,-0.435
0.088,-0.367
0.019,-0.422
-0.745,-0.432
-1.07,-0.39
-1.828,-0.317
-3.04,-0.322
1.52,-0.227
0.332,-0.201
-0.169,4.177
-0.221,4.293
-0.28,3.995
-0.546,4.032
-0.651,4.252
-0.648,3.929
-0.756,3.996
-1.005,4.151
-1.038,4.25
-2.511,4.139
-2.696,4.202
-2.892,4.197
2.632,3.939
2.313,4.2
2.323,3.994
1.692,4.174
0.843,3.839
0.288,4.257
0.045,1.367
2.755,2.836
0.999,3.475
0.05,3.07
0.132,0.388
0.068,2.365
-0.054,2.369
-0.162,0.673
-2.538,3.431
-2.56,1.493
2.846,1.459
2.11,2.349
1.793,2.333
0.88,0.838
0.897,3.036
0.702,2.395
0.697,2.824
0.598,3.471
0.588,2.655
0.584,1.854
0.463,0.798
0.179,2.329
-0.175,2.511
-0.451,2.593
-2.456,2.555
0.386,1.127
1.554,0.031
0.556,3.612
1.331,-0.2
-0.467,4.017
0.104,-2.87
0.001,-2.404
0.089,-0.382
-0.092,-2.873
0.038,0.948
-0.101,-2.078
-0.097,-1.453
-0.01,-1.383
-0.053,0.76
-0.179,-0.132
-0.293,0.142
-0.25,0.487
-0.459,-1.271
-0.541,0.085
-0.468,0.702
-0.513,0.706
-0.525,-0.862
-0.629,0.781
-0.666,0.043
-0.56,-1.418
-0.733,-1.562
-0.88,1.097
-0.745,-2.811
-0.977,0.192
-0.876,-2.773
-1.064,0.398
-0.955,-2.008
-1.0,-1.505
-1.18,-0.255
-1.165,0.425
-1.182,0.885
-1.479,-0.197
-1.516,-2.576
-1.524,-1.303
-1.633,-1.419
-1.708,-1.131
-1.602,0.991
-1.595,0.372
-1.675,-2.831
-1.844,-0.152
-1.858,1.117
-1.955,0.968
-1.973,0.989
-1.842,0.984
-1.951,-2.378
-1.905,-1.281
-1.954,-0.158
-2.123,1.077
-2.117,-1.732
-1.991,-0.14
-2.072,-0.484
-2.072,-2.151
-2.102,0.892
-2.367,-1.17
-2.437,-1.252
-2.635,-2.331
-2.662,0.979
-2.557,-0.604
-2.566,0.252
-2.732,-2.706
-2.821,-0.908
-2.853,-0.313
-2.758,1.051
-2.893,-1.06
-2.8,1.015
-2.786,-0.217
-2.985,-2.792
-3.007,-1.273
-2.906,0.209
-2.977,-0.813
-2.988,-2.508
-2.993,0.966
3.118,-2.542
-3.093,-0.48
-3.134,-2.086
3.02,-2.34
3.11,-0.959
3.001,-2.666
3.129,-1.678
3.054,-1.664
3.026,-2.774
2.877,-2.11
2.867,-2.515
2.988,-1.36
3.023,1.086
2.864,0.666
2.973,-2.344
2.88,-1.236
2.832,-0.999
2.72,-2.65
2.654,-1.094
2.733,-0.559
2.721,-1.716
2.498,-2.757
2.511,-0.075
2.601,0.666
2.573,-1.074
2.432,-2.345
2.339,0.515
2.445,-0.819
2.326,0.026
2.339,0.062
2.085,-2.123
2.146,-0.477
1.856,1.152
1.714,-1.582
1.831,-1.678
1.688,0.989
1.378,-0.195
1.253,-0.96
1.119,-2.339
1.089,0.27
1.182,0.752
1.003,-0.674
1.099,0.968
0.929,0.16
0.745,-2.479
0.512,-0.432
0.361,1.07
0.325,-2.486
0.306,1.086
0.379,0.298
0.223,-2.553
0.325,0.872
0.162,-3.03
0.129,-3.153
0.098,-3.085
0.029,-3.14
-0.735,-3.15
-1.06,-3.108
-1.818,-3.035
-3.03,-3.04
1.53,-2.945
0.342,-2.919
-0.159,1.459
-0.211,1.575
-0.27,1.277
-0.536,1.314
-0.641,1.534
-0.638,1.211
-0.746,1.278
-0.995,1.433
-1.028,1.532
-2.501,1.421
-2.686,1.484
-2.882,1.479
2.642,1.221
2.323,1.482
2.333,1.276
1.702,1.456
0.853,1.121
0.298,1.539
0.055,-1.351
2.765,0.118
1.009,0.757
0.06,0.352
0.142,-2.33
0.078,-0.353
-0.044,-0.349
-0.152,-2.045
-2.528,0.713
-2.55,-1.225
2.856,-1.259
2.12,-0.369
1.803,-0.385
0.89,-1.88
0.907,0.318
0.712,-0.323
0.707,0.106
0.608,0.753
0.598,-0.063
0.594,-0.864
0.473,-1.92
0.189,-0.389
-0.165,-0.207
-0.441,-0.125
-2.446,-0.163
0.396,-1.591
1.564,-2.687
0.566,0.894
1.341,-2.918
-0.457,1.299
-0.103,0.466
-0.015,2.488
-0.196,-0.003
-0.066,3.818
-0.205,0.792
-0.201,1.417
-0.114,1.487
-0.157,3.63
-0.283,2.738
-0.397,3.012
-0.354,3.357
-0.563,1.599
-0.645,2.955
-0.572,3.572
-0.617,3.576
-0.629,2.008
-0.733,3.651
-0.77,2.913
-0.664,1.452
-0.837,1.308
-0.984,3.967
-0.849,0.059
-1.081,3.062
-0.98,0.097
-1.168,3.268
-1.059,0.862
-1.104,1.365
-1.284,2.615
-1.269,3.295
-1.286,3.755
-1.583,2.673
-1.62,0.294
-1.628,1.567
-1.737,1.451
-1.812,1.739
-1.706,3.861
-1.699,3.242
-1.779,0.039
-1.948,2.718
-1.962,3.987
-2.059,3.838
-2.077,3.859
-1.946,3.854
-2.055,0.492
-2.009,1.589
-2.058,2.712
-2.227,3.947
-2.221,1.138
-2.095,2.73
-2.176,2.386
-2.176,0.719
-2.206,3.762
-2.471,1.7
-2.541,1.618
-2.739,0.539
-2.766,3.849
-2.661,2.266
-2.67,3.122
-2.836,0.164
-2.925,1.962
-2.957,2.557
-2.862,3.921
-2.997,1.81
-2.904,3.885
-2.89,2.653
-3.089,0.078
-3.111,1.597
-3.01,3.079
-3.081,2.057
-3.092,0.362
-3.097,3.836
3.014,0.328
3.086,2.39
3.045,0.784
2.916,0.53
3.006,1.911
2.897,0.204
3.025,1.192
2.95,1.206
2.922,0.096
2.773,0.76
2.763,0.355
2.884,1.51
2.919,3.956
2.76,3.536
2.869,0.526
2.776,1.634
2.728,1.871
2.616,0.22
2.55,1.776
2.629,2.311
2.617,1.154
2.394,0.113
2.407,2.795
2.497,3.536
2.469,1.796
2.328,0.525
2.235,3.385
2.341,2.051
2.222,2.896
2.235,2.932
1.981,0.747
2.042,2.393
1.752,4.022
1.61,1.288
1.727,1.192
1.584,3.859
1.274,2.675
1.149,1.91
1.015,0.531
0.985,3.14
1.078,3.622
0.899,2.196
0.995,3.838
0.825,3.03
0.641,0.391
0.408,2.438
0.257,3.94
0.221,0.384
0.202,3.956
0.275,3.168
0.119,0.317
0.221,3.742
0.058,-0.16
0.025,-0.283
-0.006,-0.215
-0.075,-0.27
-0.839,-0.28
-1.164,-0.238
-1.922,-0.165
-3.134,-0.17
1.426,-0.075
0.238,-0.049
-0.263,4.329
-0.315,4.445
-0.374,4.147
-0.64,4.184
-0.745,4.404
-0.742,4.081
-0.85,4.148
-1.099,4.303
-1.132,4.402
-2.605,4.291
-2.79,4.354
-2.986,4.349
2.538,4.091
2.219,4.352
2.229,4.146
1.598,4.326
0.749,3.991
0.194,4.409
-0.049,1.519
2.661,2.988
0.905,3.627
-0.044,3.222
0.038,0.54
-0.026,2.517
-0.148,2.521
-0.256,0.825
-2.632,3.583
-2.654,1.645
2.752,1.611
2.016,2.501
1.699,2.485
0.786,0.99
0.803,3.188
0.608,2.547
0.603,2.976
0.504,3.623
0.494,2.807
0.49,2.006
0.369,0.95
0.085,2.481
-0.269,2.663
-0.545,2.745
-2.55,2.707
0.292,1.279
1.46,0.183
0.462,3.764
1.237,-0.048
-0.561,4.169
0.088,2.022
-0.093,-0.469
0.037,3.352
-0.102,0.326
-0.098,0.951
-0.011,1.021
-0.054,3.164
-0.18,2.272
-0.294,2.546
-0.251,2.891
-0.46,1.133
-0.542,2.489
-0.469,3.106
-0.514,3.11
-0.526,1.542
-0.63,3.185
-0.667,2.447
-0.561,0.986
-0.734,0.842
-0.881,3.501
-0.746,-0.407
-0.978,2.596
-0.877,-0.369
-1.065,2.802
-0.956,0.396
-1.001,0.899
-1.181,2.149
-1.166,2.829
-1.183,3.289
-1.48,2.207
-1.517,-0.172
-1.525,1.101
-1.634,0.985
-1.709,1.273
-1.603,3.395
-1.596,2.776
-1.676,-0.427
-1.845,2.252
-1.859,3.521
-1.956,3.372
-1.974,3.393
-1.843,3.388
-1.952,0.026
-1.906,1.123
-1.955,2.246
-2.124,3.481
-2.118,0.672
-1.992,2.264
-2.073,1.92
-2.073,0.253
-2.103,3.296
-2.368,1.234
-2.438,1.152
-2.636,0.073
-2.663,3.383
-2.558,1.8
-2.567,2.656
-2.733,-0.302
-2.822,1.496
-2.854,2.091
-2.759,3.455
-2.894,1.344
-2.801,3.419
-2.787,2.187
-2.986,-0.388
-3.008,1.131
-2.907,2.613
-2.978,1.591
-2.989,-0.104
-2.994,3.37
3.117,-0.138
-3.094,1.924
-3.135,0.318
3.019,0.064
3.109,1.445
3.0,-0.262
3.128,0.726
3.053,0.74
3.025,-0.37
2.876,0.294
2.866,-0.111
2.987,1.044
3.022,3.49
2.863,3.07
2.972,0.06
2.879,1.168
2.831,1.405
2.719,-0.246
2.653,1.31
2.732,1.845
2.72,0.688
2.497,-0.353
2.51,2.329
2.6,3.07
2.572,1.33
2.431,0.059
2.338,2.919
2.444,1.585
2.325,2.43
2.338,2.466
2.084,0.281
2.145,1.927
1.855,3.556
1.713,0.822
1.83,0.726
1.687,3.393
1.377,2.209
1.252,1.444
1.118,0.065
1.088,2.674
1.181,3.156
1.002,1.73
1.098,3.372
0.928,2.564
0.744,-0.075
0.511,1.972
0.36,3.474
0.324,-0.082
0.305,3.49
0.378,2.702
0.222,-0.149
0.324,3.276
0.161,-0.626
0.128,-0.749
0.097,-0.681
0.028,-0.736
-0.736,-0.746
-1.061,-0.704
-1.819,-0.631
-3.031,-0.636
1.529,-0.541
0.341,-0.515
-0.16,3.863
-0.212,3.979
-0.271,3.681
-0.537,3.718
-0.642,3.938
-0.639,3.615
-0.747,3.682
-0.996,3.837
-1.029,3.936
-2.502,3.825
-2.687,3.888
-2.883,3.883
2.641,3.625
2.322,3.886
2.332,3.68
1.701,3.86
0.852,3.525
0.297,3.943
0.054,1.053
2.764,2.522
1.008,3.161
0.059,2.756
0.141,0.074
0.077,2.051
-0.045,2.055
-0.153,0.359
-2.529,3.117
-2.551,1.179
2.855,1.145
2.119,2.035
1.802,2.019
0.889,0.524
0.906,2.722
0.711,2.081
0.706,2.51
0.607,3.157
0.597,2.341
0.593,1.54
0.472,0.484
0.188,2.015
-0.166,2.197
-0.442,2.279
-2.447,2.241
0.395,0.813
1.563,-0.283
0.565,3.298
1.34,-0.514
-0.458,3.703
-0.181,-2.491
-0.051,1.33
-0.19,-1.696
-0.186,-1.071
-0.099,-1.001
-0.142,1.142
-0.268,0.25
-0.382,0.524
-0.339,0.869
-0.548,-0.889
-0.63,0.467
-0.557,1.084
-0.602,1.088
-0.614,-0.48
-0.718,1.163
-0.755,0.425
-0.649,-1.036
-0.822,-1.18
-0.969,1.479
-0.834,-2.429
-1.066,0.574
-0.965,-2.391
-1.153,0.78
-1.044,-1.626
-1.089,-1.123
-1.269,0.127
-1.254,0.807
-1.271,1.267
-1.568,0.185
-1.605,-2.194
-1.613,-0.921
-1.722,-1.037
-1.797,-0.749
-1.691,1.373
-1.684,0.754
-1.764,-2.449
-1.933,0.23
-1.947,1.499
-2.044,1.35
-2.062,1.371
-1.931,1.366
-2.04,-1.996
-1.994,-0.899
-2.043,0.224
-2.212,1.459
-2.206,-1.35
-2.08,0.242
-2.161,-0.102
-2.161,-1.769
-2.191,1.274
-2.456,-0.788
-2.526,-0.87
-2.724,-1.949
-2.751,1.361
-2.646,-0.222
-2.655,0.634
-2.821,-2.324
-2.91,-0.526
-2.942,0.069
-2.847,1.433
-2.982,-0.678
-2.889,1.397
-2.875,0.165
-3.074,-2.41
-3.096,-0.891
-2.995,0.591
-3.066,-0.431
-3.077,-2.126
-3.082,1.348
3.029,-2.16
3.101,-0.098
3.06,-1.704
2.931,-1.958
3.021,-0.577
2.912,-2.284
3.04,-1.296
2.965,-1.282
2.937,-2.392
2.788,-1.728
2.778,-2.133
2.899,-0.978
2.934,1.468
2.775,1.048
2.884,-1.962
2.791,-0.854
2.743,-0.617
2.631,-2.268
2.565,-0.712
2.644,-0.177
2.632,-1.334
2.409,-2.375
2.422,0.307
2.512,1.048
2.484,-0.692
2.343,-1.963
2.25,0.897
2.356,-0.437
2.237,0.408
2.25,0.444
1.996,-1.741
2.057,-0.095
1.767,1.534
1.625,-1.2
1.742,-1.296
1.599,1.371
1.289,0.187
1.164,-0.578
1.03,-1.957
1.0,0.652
1.093,1.134
0.914,-0.292
1.01,1.35
0.84,0.542
0.656,-2.097
0.423,-0.05
0.272,1.452
0.236,-2.104
0.217,1.468
0.29,0.68
0.134,-2.171
0.236,1.254
0.073,-2.648
0.04,-2.771
0.009,-2.703
-0.06,-2.758
-0.824,-2.768
-1.149,-2.726
-1.907,-2.653
-3.119,-2.658
1.441,-2.563
0.253,-2.537
-0.248,1.841
-0.3,1.957
-0.359,1.659
-0.625,1.696
-0.73,1.916
-0.727,1.593
-0.835,1.66
-1.084,1.815
-1.117,1.914
-2.59,1.803
-2.775,1.866
-2.971,1.861
2.553,1.603
2.234,1.864
2.244,1.658
1.613,1.838
0.764,1.503
0.209,1.921
-0.034,-0.969
2.676,0.5
0.92,1.139
-0.029,0.734
0.053,-1.948
-0.011,0.029
-0.133,0.033
-0.241,-1.663
-2.617,1.095
-2.639,-0.843
2.767,-0.877
2.031,0.013
1.714,-0.003
0.801,-1.498
0.818,0.7
0.623,0.059
0.618,0.488
0.519,1.135
0.509,0.319
0.505,-0.482
0.384,-1.538
0.1,-0.007
-0.254,0.175
-0.53,0.257
-2.535,0.219
0.307,-1.209
1.475,-2.305
0.477,1.276
1.252,-2.536
-0.546,1.681
0.13,3.821
-0.009,0.795
-0.005,1.42
0.082,1.49
0.039,3.633
-0.087,2.741
-0.201,3.015
-0.158,3.36
-0.367,1.602
-0.449,2.958
-0.376,3.575
-0.421,3.579
-0.433,2.011
-0.537,3.654
-0.574,2.916
-0.468,1.455
-0.641,1.311
-0.788,3.97
-0.653,0.062
-0.885,3.065
-0.784,0.1
-0.972,3.271
-0.863,0.865
-0.908,1.368
-1.088,2.618
-1.073,3.298
-1.09,3.758
-1.387,2.676
-1.424,0.297
-1.432,1.57
-1.541,1.454
-1.616,1.742
-1.51,3.864
-1.503,3.245
-1.583,0.042
-1.752,2.721
-1.766,3.99
-1.863,3.841
-1.881,3.862
-1.75,3.857
-1.859,0.495
-1.813,1.592
-1.862,2.715
-2.031,3.95
-2.025,1.141
-1.899,2.733
-1.98,2.389
-1.98,0.722
-2.01,3.765
-2.275,1.703
-2.345,1.621
-2.543,0.542
-2.57,3.852
-2.465,2.269
-2.474,3.125
-2.64,0.167
-2.729,1.965
-2.761,2.56
-2.666,3.924
-2.801,1.813
-2.708,3.888
-2.694,2.656
-2.893,0.081
-2.915,1.6
-2.814,3.082
-2.885,2.06
-2.896,0.365
-2.901,3.839
-3.073,0.331
-3.001,2.393
-3.042,0.787
3.112,0.533
-3.081,1.914
3.093,0.207
-3.062,1.195
-3.137,1.209
3.118,0.099
2.969,0.763
2.959,0.358
3.08,1.513
3.115,3.959
2.956,3.539
3.065,0.529
2.972,1.637
2.924,1.874
2.812,0.223
2.746,1.779
2.825,2.314
2.813,1.157
2.59,0.116
2.603,2.798
2.693,3.539
2.665,1.799
2.524,0.528
2.431,3.388
2.537,2.054
2.418,2.899
2.431,2.935
2.177,0.75
2.238,2.396
1.948,4.025
1.806,1.291
1.923,1.195
1.78,3.862
1.47,2.678
1.345,1.913
1.211,0.534
1.181,3.143
1.274,3.625
1.095,2.199
1.191,3.841
1.021,3.033
0.837,0.394
0.604,2.441
0.453,3.943
0.417,0.387
0.398,3.959
0.471,3.171
0.315,0.32
0.417,3.745
0.254,-0.157
0.221,-0.28
0.19,-0.212
0.121,-0.267
-0.643,-0.277
-0.968,-0.235
-1.726,-0.162
-2.938,-0.167
1.622,-0.072
0.434,-0.046
-0.067,4.332
-0.119,4.448
-0.178,4.15
-0.444,4.187
-0.549,4.407
-0.546,4.084
-0.654,4.151
-0.903,4.306
-0.936,4.405
-2.409,4.294
-2.594,4.357
-2.79,4.352
2.734,4.094
2.415,4.355
2.425,4.149
1.794,4.329
0.945,3.994
0.39,4.412
0.147,1.522
2.857,2.991
1.101,3.63
0.152,3.225
0.234,0.543
0.17,2.52
0.048,2.524
-0.06,0.828
-2.436,3.586
-2.458,1.648
2.948,1.614
2.212,2.504
1.895,2.488
0.982,0.993
0.999,3.191
0.804,2.55
0.799,2.979
0.7,3.626
0.69,2.81
0.686,2.009
0.565,0.953
0.281,2.484
-0.073,2.666
-0.349,2.748
-2.354,2.71
0.488,1.282
1.656,0.186
0.658,3.767
1.433,-0.045
-0.365,4.172
-0.139,-3.026
-0.135,-2.401
-0.048,-2.331
-0.091,-0.188
-0.217,-1.08
-0.331,-0.806
-0.288,-0.461
-0.497,-2.219
-0.579,-0.863
-0.506,-0.246
-0.551,-0.242
-0.563,-1.81
-0.667,-0.167
-0.704,-0.905
-0.598,-2.366
-0.771,-2.51
-0.918,0.149
-0.783,-3.759
-1.015,-0.756
-0.914,-3.721
-1.102,-0.55
-0.993,-2.956
-1.038,-2.453
-1.218,-1.203
-1.203,-0.523
-1.22,-0.063
-1.517,-1.145
-1.554,-3.524
-1.562,-2.251
-1.671,-2.367
-1.746,-2.079
-1.64,0.043
-1.633,-0.576
-1.713,-3.779
-1.882,-1.1
-1.896,0.169
-1.993,0.02
-2.011,0.041
-1.88,0.036
-1.989,-3.326
-1.943,-2.229
-1.992,-1.106
-2.161,0.129
-2.155,-2.68
-2.029,-1.088
-2.11,-1.432
-2.11,-3.099
-2.14,-0.056
-2.405,-2.118
-2.475,-2.2
-2.673,-3.279
-2.7,0.031
-2.595,-1.552
-2.604,-0.696
-2.77,-3.654
-2.859,-1.856
-2.891,-1.261
-2.796,0.103
-2.931,-2.008
-2.838,0.067
-2.824,-1.165
-3.023,-3.74
-3.045,-2.221
-2.944,-0.739
-3.015,-1.761
-3.026,-3.456
-3.031,0.018
3.08,-3.49
-3.131,-1.428
3.111,-3.034
2.982,-3.288
3.072,-1.907
2.963,-3.614
3.091,-2.626
3.016,-2.612
2.988,-3.722
2.839,-3.058
2.829,-3.463
2.95,-2.308
2.985,0.138
2.826,-0.282
2.935,-3.292
2.842,-2.184
2.794,-1.947
2.682,-3.598
2.616,-2.042
2.695,-1.507
2.683,-2.664
2.46,-3.705
2.473,-1.023
2.563,-0.282
2.535,-2.022
2.394,-3.293
2.301,-0.433
2.407,-1.767
2.288,-0.922
2.301,-0.886
2.047,-3.071
2.108,-1.425
1.818,0.204
1.676,-2.53
1.793,-2.626
1.65,0.041
1.34,-1.143
1.215,-1.908
1.081,-3.287
1.051,-0.678
1.144,-0.196
0.965,-1.622
1.061,0.02
0.891,-0.788
0.707,-3.427
0.474,-1.38
0.323,0.122
0.287,-3.434
0.268,0.138
0.341,-0.65
0.185,-3.501
0.287,-0.076
0.124,-3.978
0.091,-4.101
0.06,-4.033
-0.009,-4.088
-0.773,-4.098
-1.098,-4.056
-1.856,-3.983
-3.068,-3.988
1.492,-3.893
0.304,-3.867
-0.197,0.511
-0.249,0.627
-0.308,0.329
-0.574,0.366
-0.679,0.586
-0.676,0.263
-0.784,0.33
-1.033,0.485
-1.066,0.584
-2.539,0.473
-2.724,0.536
-2.92,0.531
2.604,0.273
2.285,0.534
2.295,0.328
1.664,0.508
0.815,0.173
0.26,0.591
0.017,-2.299
2.727,-0.83
0.971,-0.191
0.022,-0.596
0.104,-3.278
0.04,-1.301
-0.082,-1.297
-0.19,-2.993
-2.566,-0.235
-2.588,-2.173
2.818,-2.207
2.082,-1.317
1.765,-1.333
0.852,-2.828
0.869,-0.63
0.674,-1.271
0.669,-0.842
0.57,-0.195
0.56,-1.011
0.556,-1.812
0.435,-2.868
0.151,-1.337
-0.203,-1.155
-0.479,-1.073
-2.484,-1.111
0.358,-2.539
1.526,-3.635
0.528,-0.054
1.303,-3.866
-0.495,0.351
0.004,0.625
0.091,0.695
0.048,2.838
-0.078,1.946
-0.192,2.22
-0.149,2.565
-0.358,0.807
-0.44,2.163
-0.367,2.78
-0.412,2.784
-0.424,1.216
-0.528,2.859
-0.565,2.121
-0.459,0.66
-0.632,0.516
-0.779,3.175
-0.644,-0.733
-0.876,2.27
-0.775,-0.695
-0.963,2.476
-0.854,0.07
-0.899,0.573
-1.079,1.823
-1.064,2.503
-1.081,2.963
-1.378,1.881
-1.415,-0.498
-1.423,0.775
-1.532,0.659
-1.607,0.947
-1.501,3.069
-1.494,2.45
-1.574,-0.753
-1.743,1.926
-1.757,3.195
-1.854,3.046
-1.872,3.067
-1.741,3.062
-1.85,-0.3
-1.804,0.797
-1.853,1.92
-2.022,3.155
-2.016,0.346
-1.89,1.938
-1.971,1.594
-1.971,-0.073
-2.001,2.97
-2.266,0.908
-2.336,0.826
-2.534,-0.253
-2.561,3.057
-2.456,1.474
-2.465,2.33
-2.631,-0.628
-2.72,1.17
-2.752,1.765
-2.657,3.129
-2.792,1.018
-2.699,3.093
-2.685,1.861
-2.884,-0.714
-2.906,0.805
-2.805,2.287
-2.876,1.265
-2.887,-0.43
-2.892,3.044
-3.064,-0.464
-2.992,1.598
-3.033,-0.008
3.121,-0.262
-3.072,1.119
3.102,-0.588
-3.053,0.4
-3.128,0.414
3.127,-0.696
2.978,-0.032
2.968,-0.437
3.089,0.718
3.124,3.164
2.965,2.744
3.074,-0.266
2.981,0.842
2.933,1.079
2.821,-0.572
2.755,0.984
2.834,1.519
2.822,0.362
2.599,-0.679
2.612,2.003
2.702,2.744
2.674,1.004
2.533,-0.267
2.44,2.593
2.546,1.259
2.427,2.104
2.44,2.14
2.186,-0.045
2.247,1.601
1.957,3.23
1.815,0.496
1.932,0.4
1.789,3.067
1.479,1.883
1.354,1.118
1.22,-0.261
1.19,2.348
1.283,2.83
1.104,1.404
1.2,3.046
1.03,2.238
0.846,-0.401
0.613,1.646
0.462,3.148
0.426,-0.408
0.407,3.164
0.48,2.376
0.324,-0.475
0.426,2.95
0.263,-0.952
0.23,-1.075
0.199,-1.007
0.13,-1.062
-0.634,-1.072
-0.959,-1.03
-1.717,-0.957
-2.929,-0.962
1.631,-0.867
0.443,-0.841
-0.058,3.537
-0.11,3.653
-0.169,3.355
-0.435,3.392
-0.54,3.612
-0.537,3.289
-0.645,3.356
-0.894,3.511
-0.927,3.61
-2.4,3.499
-2.585,3.562
-2.781,3.557
2.743,3.299
2.424,3.56
2.434,3.354
1.803,3.534
0.954,3.199
0.399,3.617
0.156,0.727
2.866,2.196
1.11,2.835
0.161,2.43
0.243,-0.252
0.179,1.725
0.057,1.729
-0.051,0.033
-2.427,2.791
-2.449,0.853
2.957,0.819
2.221,1.709
1.904,1.693
0.991,0.198
1.008,2.396
0.813,1.755
0.808,2.184
0.709,2.831
0.699,2.015
0.695,1.214
0.574,0.158
0.29,1.689
-0.064,1.871
-0.34,1.953
-2.345,1.915
0.497,0.487
1.665,-0.609
0.667,2.972
1.442,-0.84
-0.356,3.377
0.087,0.07
0.044,2.213
-0.082,1.321
-0.196,1.595
-0.153,1.94
-0.362,0.182
-0.444,1.538
-0.371,2.155
-0.416,2.159
-0.428,0.591
-0.532,2.234
-0.569,1.496
-0.463,0.035
-0.636,-0.109
-0.783,2.55
-0.648,-1.358
-0.88,1.645
-0.779,-1.32
-0.967,1.851
-0.858,-0.555
-0.903,-0.052
-1.083,1.198
-1.068,1.878
-1.085,2.338
-1.382,1.256
-1.419,-1.123
-1.427,0.15
-1.536,0.034
-1.611,0.322
-1.505,2.444
-1.498,1.825
-1.578,-1.378
-1.747,1.301
-1.761,2.57
-1.858,2.421
-1.876,2.442
-1.745,2.437
-1.854,-0.925
-1.808,0.172
-1.857,1.295
-2.026,2.53
-2.02,-0.279
-1.894,1.313
-1.975,0.969
-1.975,-0.698
-2.005,2.345
-2.27,0.283
-2.34,0.201
-2.538,-0.878
-2.565,2.432
-2.46,0.849
-2.469,1.705
-2.635,-1.253
-2.724,0.545
-2.756,1.14
-2.661,2.504
-2.796,0.393
-2.703,2.468
-2.689,1.236
-2.888,-1.339
-2.91,0.18
-2.809,1.662
-2.88,0.64
-2.891,-1.055
-2.896,2.419
-3.068,-1.089
-2.996,0.973
-3.037,-0.633
3.117,-0.887
-3.076,0.494
3.098,-1.213
-3.057,-0.225
-3.132,-0.211
3.123,-1.321
2.974,-0.657
2.964,-1.062
3.085,0.093
3.12,2.539
2.961,2.119
3.07,-0.891
2.977,0.217
2.929,0.454
2.817,-1.197
2.751,0.359
2.83,0.894
2.818,-0.263
2.595,-1.304
2.608,1.378
2.698,2.119
2.67,0.379
2.529,-0.892
2.436,1.968
2.542,0.634
2.423,1.479
2.436,1.515
2.182,-0.67
2.243,0.976
1.953,2.605
1.811,-0.129
1.928,-0.225
1.785,2.442
1.475,1.258
1.35,0.493
1.216,-0.886
1.186,1.723
1.279,2.205
1.1,0.779
1.196,2.421
1.026,1.613
0.842,-1.026
0.609,1.021
0.458,2.523
0.422,-1.033
0.403,2.539
0.476,1.751
0.32,-1.1
0.422,2.325
0.259,-1.577
0.226,-1.7
0.195,-1.632
0.126,-1.687
-0.638,-1.697
-0.963,-1.655
-1.721,-1.582
-2.933,-1.587
1.627,-1.492
0.439,-1.466
-0.062,2.912
-0.114,3.028
-0.173,2.73
-0.439,2.767
-0.544,2.987
-0.541,2.664
-0.649,2.731
-0.898,2.886
-0.931,2.985
-2.404,2.874
-2.589,2.937
-2.785,2.932
2.739,2.674
2.42,2.935
2.43,2.729
1.799,2.909
0.95,2.574
0.395,2.992
0.152,0.102
2.862,1.571
1.106,2.21
0.157,1.805
0.239,-0.877
0.175,1.1
0.053,1.104
-0.055,-0.592
-2.431,2.166
-2.453,0.228
2.953,0.194
2.217,1.084
1.9,1.068
0.987,-0.427
1.004,1.771
0.809,1.13
0.804,1.559
0.705,2.206
0.695,1.39
0.691,0.589
0.57,-0.467
0.286,1.064
-0.068,1.246
-0.344,1.328
-2.349,1.29
0.493,-0.138
1.661,-1.234
0.663,2.347
1.438,-1.465
-0.36,2.752
-0.043,2.143
-0.169,1.251
-0.283,1.525
-0.24,1.87
-0.449,0.112
-0.531,1.468
-0.458,2.085
-0.503,2.089
-0.515,0.521
-0.619,2.164
-0.656,1.426
-0.55,-0.035
-0.723,-0.179
-0.87,2.48
-0.735,-1.428
-0.967,1.575
-0.866,-1.39
-1.054,1.781
-0.945,-0.625
-0.99,-0.122
-1.17,1.128
-1.155,1.808
-1.172,2.268
-1.469,1.186
-1.506,-1.193
-1.514,0.08
-1.623,-0.036
-1.698,0.252
-1.592,2.374
-1.585,1.755
-1.665,-1.448
-1.834,1.231
-1.848,2.5
-1.945,2.351
-1.963,2.372
-1.832,2.367
-1.941,-0.995
-1.895,0.102
-1.944,1.225
-2.113,2.46
-2.107,-0.349
-1.981,1.243
-2.062,0.899
-2.062,-0.768
-2.092,2.275
-2.357,0.213
-2.427,0.131
-2.625,-0.948
-2.652,2.362
-2.547,0.779
-2.556,1.635
-2.722,-1.323
-2.811,0.475
-2.843,1.07
-2.748,2.434
-2.883,0.323
-2.79,2.398
-2.776,1.166
-2.975,-1.409
-2.997,0.11
-2.896,1.592
-2.967,0.57
-2.978,-1.125
-2.983,2.349
3.128,-1.159
-3.083,0.903
-3.124,-0.703
3.03,-0.957
3.12,0.424
3.011,-1.283
3.139,-0.295
3.064,-0.281
3.036,-1.391
2.887,-0.727
2.877,-1.132
2.998,0.023
3.033,2.469
2.874,2.049
2.983,-0.961
2.89,0.147
2.842,0.384
2.73,-1.267
2.664,0.289
2.743,0.824
2.731,-0.333
2.508,-1.374
2.521,1.308
2.611,2.049
2.583,0.309
2.442,-0.962
2.349,1.898
2.455,0.564
2.336,1.409
2.349,1.445
2.095,-0.74
2.156,0.906
1.866,2.535
1.724,-0.199
1.841,-0.295
1.698,2.372
1.388,1.188
1.263,0.423
1.129,-0.956
1.099,1.653
1.192,2.135
1.013,0.709
1.109,2.351
0.939,1.543
0.755,-1.096
0.522,0.951
0.371,2.453
0.335,-1.103
0.316,2.469
0.389,1.681
0.233,-1.17
0.335,2.255
0.172,-1.647
0.139,-1.77
0.108,-1.702
0.039,-1.757
-0.725,-1.767
-1.05,-1.725
-1.808,-1.652
-3.02,-1.657
1.54,-1.562
0.352,-1.536
-0.149,2.842
-0.201,2.958
-0.26,2.66
-0.526,2.697
-0.631,2.917
-0.628,2.594
-0.736,2.661
-0.985,2.816
-1.018,2.915
-2.491,2.804
-2.676,2.867
-2.872,2.862
2.652,2.604
2.333,2.865
2.343,2.659
1.712,2.839
0.863,2.504
0.308,2.922
0.065,0.032
2.775,1.501
1.019,2.14
0.07,1.735
0.152,-0.947
0.088,1.03
-0.034,1.034
-0.142,-0.662
-2.518,2.096
-2.54,0.158
2.866,0.124
2.13,1.014
1.813,0.998
0.9,-0.497
0.917,1.701
0.722,1.06
0.717,1.489
0.618,2.136
0.608,1.32
0.604,0.519
0.483,-0.537
0.199,0.994
-0.155,1.176
-0.431,1.258
-2.436,1.22
0.406,-0.208
1.574,-1.304
0.576,2.277
1.351,-1.535
-0.447,2.682
-0.126,-0.892
-0.24,-0.618
-0.197,-0.273
-0.406,-2.031
-0.488,-0.675
-0.415,-0.058
-0.46,-0.054
-0.472,-1.622
-0.576,0.021
-0.613,-0.717
-0.507,-2.178
-0.68,-2.322
-0.827,0.337
-0.692,-3.571
-0.924,-0.568
-0.823,-3.533
-1.011,-0.362
-0.902,-2.768
-0.947,-2.265
-1.127,-1.015
-1.112,-0.335
-1.129,0.125
-1.426,-0.957
-1.463,-3.336
-1.471,-2.063
-1.58,-2.179
-1.655,-1.891
-1.549,0.231
-1.542,-0.388
-1.622,-3.591
-1.791,-0.912
-1.805,0.357
-1.902,0.208
-1.92,0.229
-1.789,0.224
-1.898,-3.138
-1.852,-2.041
-1.901,-0.918
-2.07,0.317
-2.064,-2.492
-1.938,-0.9
-2.019,-1.244
-2.019,-2.911
-2.049,0.132
-2.314,-1.93
-2.384,-2.012
-2.582,-3.091
-2.609,0.219
-2.504,-1.364
-2.513,-0.508
-2.679,-3.466
-2.768,-1.668
-2.8,-1.073
-2.705,0.291
-2.84,-1.82
-2.747,0.255
-2.733,-0.977
-2.932,-3.552
-2.954,-2.033
-2.853,-0.551
-2.924,-1.573
-2.935,-3.268
-2.94,0.206
-3.112,-3.302
-3.04,-1.24
-3.081,-2.846
3.073,-3.1
-3.12,-1.719
3.054,-3.426
-3.101,-2.438
3.107,-2.424
3.079,-3.534
2.93,-2.87
2.92,-3.275
3.041,-2.12
3.076,0.326
2.917,-0.094
3.026,-3.104
2.933,-1.996
2.885,-1.759
2.773,-3.41
2.707,-1.854
2.786,-1.319
2.774,-2.476
2.551,-3.517
2.564,-0.835
2.654,-0.094
2.626,-1.834
2.485,-3.105
2.392,-0.245
2.498,-1.579
2.379,-0.734
2.392,-0.698
2.138,-2.883
2.199,-1.237
1.909,0.392
1.767,-2.342
1.884,-2.438
1.741,0.229
1.431,-0.955
1.306,-1.72
1.172,-3.099
1.142,-0.49
1.235,-0.008
1.056,-1.434
1.152,0.208
0.982,-0.6
0.798,-3.239
0.565,-1.192
0.414,0.31
0.378,-3.246
0.359,0.326
0.432,-0.462
0.276,-3.313
0.378,0.112
0.215,-3.79
0.182,-3.913
0.151,-3.845
0.082,-3.9
-0.682,-3.91
-1.007,-3.868
-1.765,-3.795
-2.977,-3.8
1.583,-3.705
0.395,-3.679
-0.106,0.699
-0.158,0.815
-0.217,0.517
-0.483,0.554
-0.588,0.774
-0.585,0.451
-0.693,0.518
-0.942,0.673
-0.975,0.772
-2.448,0.661
-2.633,0.724
-2.829,0.719
2.695,0.461
2.376,0.722
2.386,0.516
1.755,0.696
0.906,0.361
0.351,0.779
0.108,-2.111
2.818,-0.642
1.062,-0.003
0.113,-0.408
0.195,-3.09
0.131,-1.113
0.009,-1.109
-0.099,-2.805
-2.475,-0.047
-2.497,-1.985
2.909,-2.019
2.173,-1.129
1.856,-1.145
0.943,-2.64
0.96,-0.442
0.765,-1.083
0.76,-0.654
0.661,-0.007
0.651,-0.823
0.647,-1.624
0.526,-2.68
0.242,-1.149
-0.112,-0.967
-0.388,-0.885
-2.393,-0.923
0.449,-2.351
1.617,-3.447
0.619,0.134
1.394,-3.678
-0.404,0.539
-0.114,0.274
-0.071,0.619
-0.28,-1.139
-0.362,0.217
-0.289,0.834
-0.334,0.838
-0.346,-0.73
-0.45,0.913
-0.487,0.175
-0.381,-1.286
-0.554,-1.43
-0.701,1.229
-0.566,-2.679
-0.798,0.324
-0.697,-2.641
-0.885,0.53
-0.776,-1.876
-0.821,-1.373
-1.001,-0.123
-0.986,0.557
-1.003,1.017
-1.3,-0.065
-1.337,-2.444
-1.345,-1.171
-1.454,-1.287
-1.529,-0.999
-1.423,1.123
-1.416,0.504
-1.496,-2.699
-1.665,-0.02
-1.679,1.249
-1.776,1.1
-1.794,1.121
-1.663,1.116
-1.772,-2.246
-1.726,-1.149
-1.775,-0.026
-1.944,1.209
-1.938,-1.6
-1.812,-0.008
-1.893,-0.352
-1.893,-2.019
-1.923,1.024
-2.188,-1.038
-2.258,-1.12
-2.456,-2.199
-2.483,1.111
-2.378,-0.472
-2.387,0.384
-2.553,-2.574
-2.642,-0.776
-2.674,-0.181
-2.579,1.183
-2.714,-0.928
-2.621,1.147
-2.607,-0.085
-2.806,-2.66
-2.828,-1.141
-2.727,0.341
-2.798,-0.681
-2.809,-2.376
-2.814,1.098
-2.986,-2.41
-2.914,-0.348
-2.955,-1.954
-3.084,-2.208
-2.994,-0.827
-3.103,-2.534
-2.975,-1.546
-3.05,-1.532
-3.078,-2.642
3.056,-1.978
3.046,-2.383
-3.116,-1.228
-3.081,1.218
3.043,0.798
-3.131,-2.212
3.059,-1.104
3.011,-0.867
2.899,-2.518
2.833,-0.962
2.912,-0.427
2.9,-1.584
2.677,-2.625
2.69,0.057
2.78,0.798
2.752,-0.942
2.611,-2.213
2.518,0.647
2.624,-0.687
2.505,0.158
2.518,0.194
2.264,-1.991
2.325,-0.345
2.035,1.284
1.893,-1.45
2.01,-1.546
1.867,1.121
1.557,-0.063
1.432,-0.828
1.298,-2.207
1.268,0.402
1.361,0.884
1.182,-0.542
1.278,1.1
1.108,0.292
0.924,-2.347
0.691,-0.3
0.54,1.202
0.504,-2.354
0.485,1.218
0.558,0.43
0.402,-2.421
0.504,1.004
0.341,-2.898
0.308,-3.021
0.277,-2.953
0.208,-3.008
-0.556,-3.018
-0.881,-2.976
-1.639,-2.903
-2.851,-2.908
1.709,-2.813
0.521,-2.787
0.02,1.591
-0.032,1.707
-0.091,1.409
-0.357,1.446
-0.462,1.666
-0.459,1.343
-0.567,1.41
-0.816,1.565
-0.849,1.664
-2.322,1.553
-2.507,1.616
-2.703,1.611
2.821,1.353
2.502,1.614
2.512,1.408
1.881,1.588
1.032,1.253
0.477,1.671
0.234,-1.219
2.944,0.25
1.188,0.889
0.239,0.484
0.321,-2.198
0.257,-0.221
0.135,-0.217
0.027,-1.913
-2.349,0.845
-2.371,-1.093
3.035,-1.127
2.299,-0.237
1.982,-0.253
1.069,-1.748
1.086,0.45
0.891,-0.191
0.886,0.238
0.787,0.885
0.777,0.069
0.773,-0.732
0.652,-1.788
0.368,-0.257
0.014,-0.075
-0.262,0.007
-2.267,-0.031
0.575,-1.459
1.743,-2.555
0.745,1.026
1.52,-2.786
-0.278,1.431
0.043,0.345
-0.166,-1.413
-0.248,-0.057
-0.175,0.56
-0.22,0.564
-0.232,-1.004
-0.336,0.639
-0.373,-0.099
-0.267,-1.56
-0.44,-1.704
-0.587,0.955
-0.452,-2.953
-0.684,0.05
-0.583,-2.915
-0.771,0.256
-0.662,-2.15
-0.707,-1.647
-0.887,-0.397
-0.872,0.283
-0.889,0.743
-1.186,-0.339
-1.223,-2.718
-1.231,-1.445
-1.34,-1.561
-1.415,-1.273
-1.309,0.849
-1.302,0.23
-1.382,-2.973
-1.551,-0.294
-1.565,0.975
-1.662,0.826
-1.68,0.847
-1.549,0.842
-1.658,-2.52
-1.612,-1.423
-1.661,-0.3
-1.83,0.935
-1.824,-1.874
-1.698,-0.282
-1.779,-0.626
-1.779,-2.293
-1.809,0.75
-2.074,-1.312
-2.144,-1.394
-2.342,-2.473
-2.369,0.837
-2.264,-0.746
-2.273,0.11
-2.439,-2.848
-2.528,-1.05
-2.56,-0.455
-2.465,0.909
-2.6,-1.202
-2.507,0.873
-2.493,-0.359
-2.692,-2.934
-2.714,-1.415
-2.613,0.067
-2.684,-0.955
-2.695,-2.65
-2.7,0.824
-2.872,-2.684
-2.8,-0.622
-2.841,-2.228
-2.97,-2.482
-2.88,-1.101
-2.989,-2.808
-2.861,-1.82
-2.936,-1.806
-2.964,-2.916
-3.113,-2.252
-3.123,-2.657
-3.002,-1.502
-2.967,0.944
-3.126,0.524
-3.017,-2.486
-3.11,-1.378
3.125,-1.141
3.013,-2.792
2.947,-1.236
3.026,-0.701
3.014,-1.858
2.791,-2.899
2.804,-0.217
2.894,0.524
2.866,-1.216
2.725,-2.487
2.632,0.373
2.738,-0.961
2.619,-0.116
2.632,-0.08
2.378,-2.265
2.439,-0.619
2.149,1.01
2.007,-1.724
2.124,-1.82
1.981,0.847
1.671,-0.337
1.546,-1.102
1.412,-2.481
1.382,0.128
1.475,0.61
1.296,-0.816
1.392,0.826
1.222,0.018
1.038,-2.621
0.805,-0.574
0.654,0.928
0.618,-2.628
0.599,0.944
0.672,0.156
0.516,-2.695
0.618,0.73
0.455,-3.172
0.422,-3.295
0.391,-3.227
0.322,-3.282
-0.442,-3.292
-0.767,-3.25
-1.525,-3.177
-2.737,-3.182
1.823,-3.087
0.635,-3.061
0.134,1.317
0.082,1.433
0.023,1.135
-0.243,1.172
-0.348,1.392
-0.345,1.069
-0.453,1.136
-0.702,1.291
-0.735,1.39
-2.208,1.279
-2.393,1.342
-2.589,1.337
2.935,1.079
2.616,1.34
2.626,1.134
1.995,1.314
1.146,0.979
0.591,1.397
0.348,-1.493
3.058,-0.024
1.302,0.615
0.353,0.21
0.435,-2.472
0.371,-0.495
0.249,-0.491
0.141,-2.187
-2.235,0.571
-2.257,-1.367
-3.134,-1.401
2.413,-0.511
2.096,-0.527
1.183,-2.022
1.2,0.176
1.005,-0.465
1.0,-0.036
0.901,0.611
0.891,-0.205
0.887,-1.006
0.766,-2.062
0.482,-0.531
0.128,-0.349
-0.148,-0.267
-2.153,-0.305
0.689,-1.733
1.857,-2.829
0.859,0.752
1.634,-3.06
-0.164,1.157
-0.209,-1.758
-0.291,-0.402
-0.218,0.215
-0.263,0.219
-0.275,-1.349
-0.379,0.294
-0.416,-0.444
-0.31,-1.905
-0.483,-2.049
-0.63,0.61
-0.495,-3.298
-0.727,-0.295
-0.626,-3.26
-0.814,-0.089
-0.705,-2.495
-0.75,-1.992
-0.93,-0.742
-0.915,-0.062
-0.932,0.398
-1.229,-0.684
-1.266,-3.063
-1.274,-1.79
-1.383,-1.906
-1.458,-1.618
-1.352,0.504
-1.345,-0.115
-1.425,-3.318
-1.594,-0.639
-1.608,0.63
-1.705,0.481
-1.723,0.502
-1.592,0.497
-1.701,-2.865
-1.655,-1.768
-1.704,-0.645
-1.873,0.59
-1.867,-2.219
-1.741,-0.627
-1.822,-0.971
-1.822,-2.638
-1.852,0.405
-2.117,-1.657
-2.187,-1.739
-2.385,-2.818
-2.412,0.492
-2.307,-1.091
-2.316,-0.235
-2.482,-3.193
-2.571,-1.395
-2.603,-0.8
-2.508,0.564
-2.643,-1.547
-2.55,0.528
-2.536,-0.704
-2.735,-3.279
-2.757,-1.76
-2.656,-0.278
-2.727,-1.3
-2.738,-2.995
-2.743,0.479
-2.915,-3.029
-2.843,-0.967
-2.884,-2.573
-3.013,-2.827
-2.923,-1.446
-3.032,-3.153
-2.904,-2.165
-2.979,-2.151
-3.007,-3.261
3.127,-2.597
3.117,-3.002
-3.045,-1.847
-3.01,0.599
3.114,0.179
-3.06,-2.831
3.13,-1.723
3.082,-1.486
2.97,-3.137
2.904,-1.581
2.983,-1.046
2.971,-2.203
2.748,-3.244
2.761,-0.562
2.851,0.179
2.823,-1.561
2.682,-2.832
2.589,0.028
2.695,-1.306
2.576,-0.461
2.589,-0.425
2.335,-2.61
2.396,-0.964
2.106,0.665
1.964,-2.069
2.081,-2.165
1.938,0.502
1.628,-0.682
1.503,-1.447
1.369,-2.826
1.339,-0.217
1.432,0.265
1.253,-1.161
1.349,0.481
1.179,-0.327
0.995,-2.966
0.762,-0.919
0.611,0.583
0.575,-2.973
0.556,0.599
0.629,-0.189
0.473,-3.04
0.575,0.385
0.412,-3.517
0.379,-3.64
0.348,-3.572
0.279,-3.627
-0.485,-3.637
-0.81,-3.595
-1.568,-3.522
-2.78,-3.527
1.78,-3.432
0.592,-3.406
0.091,0.972
0.039,1.088
-0.02,0.79
-0.286,0.827
-0.391,1.047
-0.388,0.724
-0.496,0.791
-0.745,0.946
-0.778,1.045
-2.251,0.934
-2.436,0.997
-2.632,0.992
2.892,0.734
2.573,0.995
2.583,0.789
1.952,0.969
1.103,0.634
0.548,1.052
0.305,-1.838
3.015,-0.369
1.259,0.27
0.31,-0.135
0.392,-2.817
0.328,-0.84
0.206,-0.836
0.098,-2.532
-2.278,0.226
-2.3,-1.712
3.106,-1.746
2.37,-0.856
2.053,-0.872
1.14,-2.367
1.157,-0.169
0.962,-0.81
0.957,-0.381
0.858,0.266
0.848,-0.55
0.844,-1.351
0.723,-2.407
0.439,-0.876
0.085,-0.694
-0.191,-0.612
-2.196,-0.65
0.646,-2.078
1.814,-3.174
0.816,0.407
1.591,-3.405
-0.207,0.812
-0.082,1.356
-0.009,1.973
-0.054,1.977
-0.066,0.409
-0.17,2.052
-0.207,1.314
-0.101,-0.147
-0.274,-0.291
-0.421,2.368
-0.286,-1.54
-0.518,1.463
-0.417,-1.502
-0.605,1.669
-0.496,-0.737
-0.541,-0.234
-0.721,1.016
-0.706,1.696
-0.723,2.156
-1.02,1.074
-1.057,-1.305
-1.065,-0.032
-1.174,-0.148
-1.249,0.14
-1.143,2.262
-1.136,1.643
-1.216,-1.56
-1.385,1.119
-1.399,2.388
-1.496,2.239
-1.514,2.26
-1.383,2.255
-1.492,-1.107
-1.446,-0.01
-1.495,1.113
-1.664,2.348
-1.658,-0.461
-1.532,1.131
-1.613,0.787
-1.613,-0.88
-1.643,2.163
-1.908,0.101
-1.978,0.019
-2.176,-1.06
-2.203,2.25
-2.098,0.667
-2.107,1.523
-2.273,-1.435
-2.362,0.363
-2.394,0.958
-2.299,2.322
-2.434,0.211
-2.341,2.286
-2.327,1.054
-2.526,-1.521
-2.548,-0.002
-2.447,1.48
-2.518,0.458
-2.529,-1.237
-2.534,2.237
-2.706,-1.271
-2.634,0.791
-2.675,-0.815
-2.804,-1.069
-2.714,0.312
-2.823,-1.395
-2.695,-0.407
-2.77,-0.393
-2.798,-1.503
-2.947,-0.839
-2.957,-1.244
-2.836,-0.089
-2.801,2.357
-2.96,1.937
-2.851,-1.073
-2.944,0.035
-2.992,0.272
-3.104,-1.379
3.113,0.177
-3.091,0.712
-3.103,-0.445
2.957,-1.486
2.97,1.196
3.06,1.937
3.032,0.197
2.891,-1.074
2.798,1.786
2.904,0.452
2.785,1.297
2.798,1.333
2.544,-0.852
2.605,0.794
2.315,2.423
2.173,-0.311
2.29,-0.407
2.147,2.26
1.837,1.076
1.712,0.311
1.578,-1.068
1.548,1.541
1.641,2.023
1.462,0.597
1.558,2.239
1.388,1.431
1.204,-1.208
0.971,0.839
0.82,2.341
0.784,-1.215
0.765,2.357
0.838,1.569
0.682,-1.282
0.784,2.143
0.621,-1.759
0.588,-1.882
0.557,-1.814
0.488,-1.869
-0.276,-1.879
-0.601,-1.837
-1.359,-1.764
-2.571,-1.769
1.989,-1.674
0.801,-1.648
0.3,2.73
0.248,2.846
0.189,2.548
-0.077,2.585
-0.182,2.805
-0.179,2.482
-0.287,2.549
-0.536,2.704
-0.569,2.803
-2.042,2.692
-2.227,2.755
-2.423,2.75
3.101,2.492
2.782,2.753
2.792,2.547
2.161,2.727
1.312,2.392
0.757,2.81
0.514,-0.08
-3.059,1.389
1.468,2.028
0.519,1.623
0.601,-1.059
0.537,0.918
0.415,0.922
0.307,-0.774
-2.069,1.984
-2.091,0.046
-2.968,0.012
2.579,0.902
2.262,0.886
1.349,-0.609
1.366,1.589
1.171,0.948
1.166,1.377
1.067,2.024
1.057,1.208
1.053,0.407
0.932,-0.649
0.648,0.882
0.294,1.064
0.018,1.146
-1.987,1.108
0.855,-0.32
2.023,-1.416
1.025,2.165
1.8,-1.647
0.002,2.57
0.073,0.617
0.028,0.621
0.016,-0.947
-0.088,0.696
-0.125,-0.042
-0.019,-1.503
-0.192,-1.647
-0.339,1.012
-0.204,-2.896
-0.436,0.107
-0.335,-2.858
-0.523,0.313
-0.414,-2.093
-0.459,-1.59
-0.639,-0.34
-0.624,0.34
-0.641,0.8
-0.938,-0.282
-0.975,-2.661
-0.983,-1.388
-1.092,-1.504
-1.167,-1.216
-1.061,0.906
-1.054,0.287
-1.134,-2.916
-1.303,-0.237
-1.317,1.032
-1.414,0.883
-1.432,0.904
-1.301,0.899
-1.41,-2.463
-1.364,-1.366
-1.413,-0.243
-1.582,0.992
-1.576,-1.817
-1.45,-0.225
-1.531,-0.569
-1.531,-2.236
-1.561,0.807
-1.826,-1.255
-1.896,-1.337
-2.094,-2.416
-2.121,0.894
-2.016,-0.689
-2.025,0.167
-2.191,-2.791
-2.28,-0.993
-2.312,-0.398
-2.217,0.966
-2.352,-1.145
-2.259,0.93
-2.245,-0.302
-2.444,-2.877
-2.466,-1.358
-2.365,0.124
-2.436,-0.898
-2.447,-2.593
-2.452,0.881
-2.624,-2.627
-2.552,-0.565
-2.593,-2.171
-2.722,-2.425
-2.632,-1.044
-2.741,-2.751
-2.613,-1.763
-2.688,-1.749
-2.716,-2.859
-2.865,-2.195
-2.875,-2.6
-2.754,-1.445
-2.719,1.001
-2.878,0.581
-2.769,-2.429
-2.862,-1.321
-2.91,-1.084
-3.022,-2.735
-3.088,-1.179
-3.009,-0.644
-3.021,-1.801
3.039,-2.842
3.052,-0.16
-3.141,0.581
3.114,-1.159
2.973,-2.43
2.88,0.43
2.986,-0.904
2.867,-0.059
2.88,-0.023
2.626,-2.208
2.687,-0.562
2.397,1.067
2.255,-1.667
2.372,-1.763
2.229,0.904
1.919,-0.28
1.794,-1.045
1.66,-2.424
1.63,0.185
1.723,0.667
1.544,-0.759
1.64,0.883
1.47,0.075
1.286,-2.564
1.053,-0.517
0.902,0.985
0.866,-2.571
0.847,1.001
0.92,0.213
0.764,-2.638
0.866,0.787
0.703,-3.115
0.67,-3.238
0.639,-3.17
0.57,-3.225
-0.194,-3.235
-0.519,-3.193
-1.277,-3.12
-2.489,-3.125
2.071,-3.03
0.883,-3.004
0.382,1.374
0.33,1.49
0.271,1.192
0.005,1.229
-0.1,1.449
-0.097,1.126
-0.205,1.193
-0.454,1.348
-0.487,1.447
-1.96,1.336
-2.145,1.399
-2.341,1.394
-3.1,1.136
2.864,1.397
2.874,1.191
2.243,1.371
1.394,1.036
0.839,1.454
0.596,-1.436
-2.977,0.033
1.55,0.672
0.601,0.267
0.683,-2.415
0.619,-0.438
0.497,-0.434
0.389,-2.13
-1.987,0.628
-2.009,-1.31
-2.886,-1.344
2.661,-0.454
2.344,-0.47
1.431,-1.965
1.448,0.233
1.253,-0.408
1.248,0.021
1.149,0.668
1.139,-0.148
1.135,-0.949
1.014,-2.005
0.73,-0.474
0.376,-0.292
0.1,-0.21
-1.905,-0.248
0.937,-1.676
2.105,-2.772
1.107,0.809
1.882,-3.003
0.084,1.214
-0.045,0.004
-0.057,-1.564
-0.161,0.079
-0.198,-0.659
-0.092,-2.12
-0.265,-2.264
-0.412,0.395
-0.277,-3.513
-0.509,-0.51
-0.408,-3.475
-0.596,-0.304
-0.487,-2.71
-0.532,-2.207
-0.712,-0.957
-0.697,-0.277
-0.714,0.183
-1.011,-0.899
-1.048,-3.278
-1.056,-2.005
-1.165,-2.121
-1.24,-1.833
-1.134,0.289
-1.127,-0.33
-1.207,-3.533
-1.376,-0.854
-1.39,0.415
-1.487,0.266
-1.505,0.287
-1.374,0.282
-1.483,-3.08
-1.437,-1.983
-1.486,-0.86
-1.655,0.375
-1.649,-2.434
-1.523,-0.842
-1.604,-1.186
-1.604,-2.853
-1.634,0.19
-1.899,-1.872
-1.969,-1.954
-2.167,-3.033
-2.194,0.277
-2.089,-1.306
-2.098,-0.45
-2.264,-3.408
-2.353,-1.61
-2.385,-1.015
-2.29,0.349
-2.425,-1.762
-2.332,0.313
-2.318,-0.919
-2.517,-3.494
-2.539,-1.975
-2.438,-0.493
-2.509,-1.515
-2.52,-3.21
-2.525,0.264
-2.697,-3.244
-2.625,-1.182
-2.666,-2.788
-2.795,-3.042
-2.705,-1.661
-2.814,-3.368
-2.686,-2.38
-2.761,-2.366
-2.789,-3.476
-2.938,-2.812
-2.948,-3.217
-2.827,-2.062
-2.792,0.384
-2.951,-0.036
-2.842,-3.046
-2.935,-1.938
-2.983,-1.701
-3.095,-3.352
3.122,-1.796
-3.082,-1.261
-3.094,-2.418
2.966,-3.459
2.979,-0.777
3.069,-0.036
3.041,-1.776
2.9,-3.047
2.807,-0.187
2.913,-1.521
2.794,-0.676
2.807,-0.64
2.553,-2.825
2.614,-1.179
2.324,0.45
2.182,-2.284
2.299,-2.38
2.156,0.287
1.846,-0.897
1.721,-1.662
1.587,-3.041
1.557,-0.432
1.65,0.05
1.471,-1.376
1.567,0.266
1.397,-0.542
1.213,-3.181
0.98,-1.134
0.829,0.368
0.793,-3.188
0.774,0.384
0.847,-0.404
0.691,-3.255
0.793,0.17
0.63,-3.732
0.597,-3.855
0.566,-3.787
0.497,-3.842
-0.267,-3.852
-0.592,-3.81
-1.35,-3.737
-2.562,-3.742
1.998,-3.647
0.81,-3.621
0.309,0.757
0.257,0.873
0.198,0.575
-0.068,0.612
-0.173,0.832
-0.17,0.509
-0.278,0.576
-0.527,0.731
-0.56,0.83
-2.033,0.719
-2.218,0.782
-2.414,0.777
3.11,0.519
2.791,0.78
2.801,0.574
2.17,0.754
1.321,0.419
0.766,0.837
0.523,-2.053
-3.05,-0.584
1.477,0.055
0.528,-0.35
0.61,-3.032
0.546,-1.055
0.424,-1.051
0.316,-2.747
-2.06,0.011
-2.082,-1.927
-2.959,-1.961
2.588,-1.071
2.271,-1.087
1.358,-2.582
1.375,-0.384
1.18,-1.025
1.175,-0.596
1.076,0.051
1.066,-0.765
1.062,-1.566
0.941,-2.622
0.657,-1.091
0.303,-0.909
0.027,-0.827
-1.978,-0.865
0.864,-2.293
2.032,-3.389
1.034,0.192
1.809,-3.62
0.011,0.597
-0.012,-1.568
-0.116,0.075
-0.153,-0.663
-0.047,-2.124
-0.22,-2.268
-0.367,0.391
-0.232,-3.517
-0.464,-0.514
-0.363,-3.479
-0.551,-0.308
-0.442,-2.714
-0.487,-2.211
-0.667,-0.961
-0.652,-0.281
-0.669,0.179
-0.966,-0.903
-1.003,-3.282
-1.011,-2.009
-1.12,-2.125
-1.195,-1.837
-1.089,0.285
-1.082,-0.334
-1.162,-3.537
-1.331,-0.858
-1.345,0.411
-1.442,0.262
-1.46,0.283
-1.329,0.278
-1.438,-3.084
-1.392,-1.987
-1.441,-0.864
-1.61,0.371
-1.604,-2.438
-1.478,-0.846
-1.559,-1.19
-1.559,-2.857
-1.589,0.186
-1.854,-1.876
-1.924,-1.958
-2.122,-3.037
-2.149,0.273
-2.044,-1.31
-2.053,-0.454
-2.219,-3.412
-2.308,-1.614
-2.34,-1.019
-2.245,0.345
-2.38,-1.766
-2.287,0.309
-2.273,-0.923
-2.472,-3.498
-2.494,-1.979
-2.393,-0.497
-2.464,-1.519
-2.475,-3.214
-2.48,0.26
-2.652,-3.248
-2.58,-1.186
-2.621,-2.792
-2.75,-3.046
-2.66,-1.665
-2.769,-3.372
-2.641,-2.384
-2.716,-2.37
-2.744,-3.48
-2.893,-2.816
-2.903,-3.221
-2.782,-2.066
-2.747,0.38
-2.906,-0.04
-2.797,-3.05
-2.89,-1.942
-2.938,-1.705
-3.05,-3.356
-3.116,-1.8
-3.037,-1.265
-3.049,-2.422
3.011,-3.463
3.024,-0.781
3.114,-0.04
3.086,-1.78
2.945,-3.051
2.852,-0.191
2.958,-1.525
2.839,-0.68
2.852,-0.644
2.598,-2.829
2.659,-1.183
2.369,0.446
2.227,-2.288
2.344,-2.384
2.201,0.283
1.891,-0.901
1.766,-1.666
1.632,-3.045
1.602,-0.436
1.695,0.046
1.516,-1.38
1.612,0.262
1.442,-0.546
1.258,-3.185
1.025,-1.138
0.874,0.364
0.838,-3.192
0.819,0.38
0.892,-0.408
0.736,-3.259
0.838,0.166
0.675,-3.736
0.642,-3.859
0.611,-3.791
0.542,-3.846
-0.222,-3.856
-0.547,-3.814
-1.305,-3.741
-2.517,-3.746
2.043,-3.651
0.855,-3.625
0.354,0.753
0.302,0.869
0.243,0.571
-0.023,0.608
-0.128,0.828
-0.125,0.505
-0.233,0.572
-0.482,0.727
-0.515,0.826
-1.988,0.715
-2.173,0.778
-2.369,0.773
-3.128,0.515
2.836,0.776
2.846,0.57
2.215,0.75
1.366,0.415
0.811,0.833
0.568,-2.057
-3.005,-0.588
1.522,0.051
0.573,-0.354
0.655,-3.036
0.591,-1.059
0.469,-1.055
0.361,-2.751
-2.015,0.007
-2.037,-1.931
-2.914,-1.965
2.633,-1.075
2.316,-1.091
1.403,-2.586
1.42,-0.388
1.225,-1.029
1.22,-0.6
1.121,0.047
1.111,-0.769
1.107,-1.57
0.986,-2.626
0.702,-1.095
0.348,-0.913
0.072,-0.831
-1.933,-0.869
0.909,-2.297
2.077,-3.393
1.079,0.188
1.854,-3.624
0.056,0.593
-0.104,1.643
-0.141,0.905
-0.035,-0.556
-0.208,-0.7
-0.355,1.959
-0.22,-1.949
-0.452,1.054
-0.351,-1.911
-0.539,1.26
-0.43,-1.146
-0.475,-0.643
-0.655,0.607
-0.64,1.287
-0.657,1.747
-0.954,0.665
-0.991,-1.714
-0.999,-0.441
-1.108,-0.557
-1.183,-0.269
-1.077,1.853
-1.07,1.234
-1.15,-1.969
-1.319,0.71
-1.333,1.979
-1.43,1.83
-1.448,1.851
-1.317,1.846
-1.426,-1.516
-1.38,-0.419
-1.429,0.704
-1.598,1.939
-1.592,-0.87
-1.466,0.722
-1.547,0.378
-1.547,-1.289
-1.577,1.754
-1.842,-0.308
-1.912,-0.39
-2.11,-1.469
-2.137,1.841
-2.032,0.258
-2.041,1.114
-2.207,-1.844
-2.296,-0.046
-2.328,0.549
-2.233,1.913
-2.368,-0.198
-2.275,1.877
-2.261,0.645
-2.46,-1.93
-2.482,-0.411
-2.381,1.071
-2.452,0.049
-2.463,-1.646
-2.468,1.828
-2.64,-1.68
-2.568,0.382
-2.609,-1.224
-2.738,-1.478
-2.648,-0.097
-2.757,-1.804
-2.629,-0.816
-2.704,-0.802
-2.732,-1.912
-2.881,-1.248
-2.891,-1.653
-2.77,-0.498
-2.735,1.948
-2.894,1.528
-2.785,-1.482
-2.878,-0.374
-2.926,-0.137
-3.038,-1.788
-3.104,-0.232
-3.025,0.303
-3.037,-0.854
3.023,-1.895
3.036,0.787
3.126,1.528
3.098,-0.212
2.957,-1.483
2.864,1.377
2.97,0.043
2.851,0.888
2.864,0.924
2.61,-1.261
2.671,0.385
2.381,2.014
2.239,-0.72
2.356,-0.816
2.213,1.851
1.903,0.667
1.778,-0.098
1.644,-1.477
1.614,1.132
1.707,1.614
1.528,0.188
1.624,1.83
1.454,1.022
1.27,-1.617
1.037,0.43
0.886,1.932
0.85,-1.624
0.831,1.948
0.904,1.16
0.748,-1.691
0.85,1.734
0.687,-2.168
0.654,-2.291
0.623,-2.223
0.554,-2.278
-0.21,-2.288
-0.535,-2.246
-1.293,-2.173
-2.505,-2.178
2.055,-2.083
0.867,-2.057
0.366,2.321
0.314,2.437
0.255,2.139
-0.011,2.176
-0.116,2.396
-0.113,2.073
-0.221,2.14
-0.47,2.295
-0.503,2.394
-1.976,2.283
-2.161,2.346
-2.357,2.341
-3.116,2.083
2.848,2.344
2.858,2.138
2.227,2.318
1.378,1.983
0.823,2.401
0.58,-0.489
-2.993,0.98
1.534,1.619
0.585,1.214
0.667,-1.468
0.603,0.509
0.481,0.513
0.373,-1.183
-2.003,1.575
-2.025,-0.363
-2.902,-0.397
2.645,0.493
2.328,0.477
1.415,-1.018
1.432,1.18
1.237,0.539
1.232,0.968
1.133,1.615
1.123,0.799
1.119,-0.002
0.998,-1.058
0.714,0.473
0.36,0.655
0.084,0.737
-1.921,0.699
0.921,-0.729
2.089,-1.825
1.091,1.756
1.866,-2.056
0.068,2.161
-0.037,-0.738
0.069,-2.199
-0.104,-2.343
-0.251,0.316
-0.116,-3.592
-0.348,-0.589
-0.247,-3.554
-0.435,-0.383
-0.326,-2.789
-0.371,-2.286
-0.551,-1.036
-0.536,-0.356
-0.553,0.104
-0.85,-0.978
-0.887,-3.357
-0.895,-2.084
-1.004,-2.2
-1.079,-1.912
-0.973,0.21
-0.966,-0.409
-1.046,-3.612
-1.215,-0.933
-1.229,0.336
-1.326,0.187
-1.344,0.208
-1.213,0.203
-1.322,-3.159
-1.276,-2.062
-1.325,-0.939
-1.494,0.296
-1.488,-2.513
-1.362,-0.921
-1.443,-1.265
-1.443,-2.932
-1.473,0.111
-1.738,-1.951
-1.808,-2.033
-2.006,-3.112
-2.033,0.198
-1.928,-1.385
-1.937,-0.529
-2.103,-3.487
-2.192,-1.689
-2.224,-1.094
-2.129,0.27
-2.264,-1.841
-2.171,0.234
-2.157,-0.998
-2.356,-3.573
-2.378,-2.054
-2.277,-0.572
-2.348,-1.594
-2.359,-3.289
-2.364,0.185
-2.536,-3.323
-2.464,-1.261
-2.505,-2.867
-2.634,-3.121
-2.544,-1.74
-2.653,-3.447
-2.525,-2.459
-2.6,-2.445
-2.628,-3.555
-2.777,-2.891
-2.787,-3.296
-2.666,-2.141
-2.631,0.305
-2.79,-0.115
-2.681,-3.125
-2.774,-2.017
-2.822,-1.78
-2.934,-3.431
-3.0,-1.875
-2.921,-1.34
-2.933,-2.497
3.127,-3.538
3.14,-0.856
-3.053,-0.115
-3.081,-1.855
3.061,-3.126
2.968,-0.266
3.074,-1.6
2.955,-0.755
2.968,-0.719
2.714,-2.904
2.775,-1.258
2.485,0.371
2.343,-2.363
2.46,-2.459
2.317,0.208
2.007,-0.976
1.882,-1.741
1.748,-3.12
1.718,-0.511
1.811,-0.029
1.632,-1.455
1.728,0.187
1.558,-0.621
1.374,-3.26
1.141,-1.213
0.99,0.289
0.954,-3.267
0.935,0.305
1.008,-0.483
0.852,-3.334
0.954,0.091
0.791,-3.811
0.758,-3.934
0.727,-3.866
0.658,-3.921
-0.106,-3.931
-0.431,-3.889
-1.189,-3.816
-2.401,-3.821
2.159,-3.726
0.971,-3.7
0.47,0.678
0.418,0.794
0.359,0.496
0.093,0.533
-0.012,0.753
-0.009,0.43
-0.117,0.497
-0.366,0.652
-0.399,0.751
-1.872,0.64
-2.057,0.703
-2.253,0.698
-3.012,0.44
2.952,0.701
2.962,0.495
2.331,0.675
1.482,0.34
0.927,0.758
0.684,-2.132
-2.889,-0.663
1.638,-0.024
0.689,-0.429
0.771,-3.111
0.707,-1.134
0.585,-1.13
0.477,-2.826
-1.899,-0.068
-1.921,-2.006
-2.798,-2.04
2.749,-1.15
2.432,-1.166
1.519,-2.661
1.536,-0.463
1.341,-1.104
1.336,-0.675
1.237,-0.028
1.227,-0.844
1.223,-1.645
1.102,-2.701
0.818,-1.17
0.464,-0.988
0.188,-0.906
-1.817,-0.944
1.025,-2.372
2.193,-3.468
1.195,0.113
1.97,-3.699
0.172,0.518
0.106,-1.461
-0.067,-1.605
-0.214,1.054
-0.079,-2.854
-0.311,0.149
-0.21,-2.816
-0.398,0.355
-0.289,-2.051
-0.334,-1.548
-0.514,-0.298
-0.499,0.382
-0.516,0.842
-0.813,-0.24
-0.85,-2.619
-0.858,-1.346
-0.967,-1.462
-1.042,-1.174
-0.936,0.948
-0.929,0.329
-1.009,-2.874
-1.178,-0.195
-1.192,1.074
-1.289,0.925
-1.307,0.946
-1.176,0.941
-1.285,-2.421
-1.239,-1.324
-1.288,-0.201
-1.457,1.034
-1.451,-1.775
-1.325,-0.183
-1.406,-0.527
-1.406,-2.194
-1.436,0.849
-1.701,-1.213
-1.771,-1.295
-1.969,-2.374
-1.996,0.936
-1.891,-0.647
-1.9,0.209
-2.066,-2.749
-2.155,-0.951
-2.187,-0.356
-2.092,1.008
-2.227,-1.103
-2.134,0.972
-2.12,-0.26
-2.319,-2.835
-2.341,-1.316
-2.24,0.166
-2.311,-0.856
-2.322,-2.551
-2.327,0.923
-2.499,-2.585
-2.427,-0.523
-2.468,-2.129
-2.597,-2.383
-2.507,-1.002
-2.616,-2.709
-2.488,-1.721
-2.563,-1.707
-2.591,-2.817
-2.74,-2.153
-2.75,-2.558
-2.629,-1.403
-2.594,1.043
-2.753,0.623
-2.644,-2.387
-2.737,-1.279
-2.785,-1.042
-2.897,-2.693
-2.963,-1.137
-2.884,-0.602
-2.896,-1.759
-3.119,-2.8
-3.106,-0.118
-3.016,0.623
-3.044,-1.117
3.098,-2.388
3.005,0.472
3.111,-0.862
2.992,-0.017
3.005,0.019
2.751,-2.166
2.812,-0.52
2.522,1.109
2.38,-1.625
2.497,-1.721
2.354,0.946
2.044,-0.238
1.919,-1.003
1.785,-2.382
1.755,0.227
1.848,0.709
1.669,-0.717
1.765,0.925
1.595,0.117
1.411,-2.522
1.178,-0.475
1.027,1.027
0.991,-2.529
0.972,1.043
1.045,0.255
0.889,-2.596
0.991,0.829
0.828,-3.073
0.795,-3.196
0.764,-3.128
0.695,-3.183
-0.069,-3.193
-0.394,-3.151
-1.152,-3.078
-2.364,-3.083
2.196,-2.988
1.008,-2.962
0.507,1.416
0.455,1.532
0.396,1.234
0.13,1.271
0.025,1.491
0.028,1.168
-0.08,1.235
-0.329,1.39
-0.362,1.489
-1.835,1.378
-2.02,1.441
-2.216,1.436
-2.975,1.178
2.989,1.439
2.999,1.233
2.368,1.413
1.519,1.078
0.964,1.496
0.721,-1.394
-2.852,0.075
1.675,0.714
0.726,0.309
0.808,-2.373
0.744,-0.396
0.622,-0.392
0.514,-2.088
-1.862,0.67
-1.884,-1.268
-2.761,-1.302
2.786,-0.412
2.469,-0.428
1.556,-1.923
1.573,0.275
1.378,-0.366
1.373,0.063
1.274,0.71
1.264,-0.106
1.26,-0.907
1.139,-1.963
0.855,-0.432
0.501,-0.25
0.225,-0.168
-1.78,-0.206
1.062,-1.634
2.23,-2.73
1.232,0.851
2.007,-2.961
0.209,1.256
-0.173,-0.144
-0.32,2.515
-0.185,-1.393
-0.417,1.61
-0.316,-1.355
-0.504,1.816
-0.395,-0.59
-0.44,-0.087
-0.62,1.163
-0.605,1.843
-0.622,2.303
-0.919,1.221
-0.956,-1.158
-0.964,0.115
-1.073,-0.001
-1.148,0.287
-1.042,2.409
-1.035,1.79
-1.115,-1.413
-1.284,1.266
-1.298,2.535
-1.395,2.386
-1.413,2.407
-1.282,2.402
-1.391,-0.96
-1.345,0.137
-1.394,1.26
-1.563,2.495
-1.557,-0.314
-1.431,1.278
-1.512,0.934
-1.512,-0.733
-1.542,2.31
-1.807,0.248
-1.877,0.166
-2.075,-0.913
-2.102,2.397
-1.997,0.814
-2.006,1.67
-2.172,-1.288
-2.261,0.51
-2.293,1.105
-2.198,2.469
-2.333,0.358
-2.24,2.433
-2.226,1.201
-2.425,-1.374
-2.447,0.145
-2.346,1.627
-2.417,0.605
-2.428,-1.09
-2.433,2.384
-2.605,-1.124
-2.533,0.938
-2.574,-0.668
-2.703,-0.922
-2.613,0.459
-2.722,-1.248
-2.594,-0.26
-2.669,-0.246
-2.697,-1.356
-2.846,-0.692
-2.856,-1.097
-2.735,0.058
-2.7,2.504
-2.859,2.084
-2.75,-0.926
-2.843,0.182
-2.891,0.419
-3.003,-1.232
-3.069,0.324
-2.99,0.859
-3.002,-0.298
3.058,-1.339
3.071,1.343
-3.122,2.084
3.133,0.344
2.992,-0.927
2.899,1.933
3.005,0.599
2.886,1.444
2.899,1.48
2.645,-0.705
2.706,0.941
2.416,2.57
2.274,-0.164
2.391,-0.26
2.248,2.407
1.938,1.223
1.813,0.458
1.679,-0.921
1.649,1.688
1.742,2.17
1.563,0.744
1.659,2.386
1.489,1.578
1.305,-1.061
1.072,0.986
0.921,2.488
0.885,-1.068
0.866,2.504
0.939,1.716
0.783,-1.135
0.885,2.29
0.722,-1.612
0.689,-1.735
0.658,-1.667
0.589,-1.722
-0.175,-1.732
-0.5,-1.69
-1.258,-1.617
-2.47,-1.622
2.09,-1.527
0.902,-1.501
0.401,2.877
0.349,2.993
0.29,2.695
0.024,2.732
-0.081,2.952
-0.078,2.629
-0.186,2.696
-0.435,2.851
-0.468,2.95
-1.941,2.839
-2.126,2.902
-2.322,2.897
-3.081,2.639
2.883,2.9
2.893,2.694
2.262,2.874
1.413,2.539
0.858,2.957
0.615,0.067
-2.958,1.536
1.569,2.175
0.62,1.77
0.702,-0.912
0.638,1.065
0.516,1.069
0.408,-0.627
-1.968,2.131
-1.99,0.193
-2.867,0.159
2.68,1.049
2.363,1.033
1.45,-0.462
1.467,1.736
1.272,1.095
1.267,1.524
1.168,2.171
1.158,1.355
1.154,0.554
1.033,-0.502
0.749,1.029
0.395,1.211
0.119,1.293
-1.886,1.255
0.956,-0.173
2.124,-1.269
1.126,2.312
1.901,-1.5
0.103,2.717
-0.147,2.659
-0.012,-1.249
-0.244,1.754
-0.143,-1.211
-0.331,1.96
-0.222,-0.446
-0.267,0.057
-0.447,1.307
-0.432,1.987
-0.449,2.447
-0.746,1.365
-0.783,-1.014
-0.791,0.259
-0.9,0.143
-0.975,0.431
-0.869,2.553
-0.862,1.934
-0.942,-1.269
-1.111,1.41
-1.125,2.679
-1.222,2.53
-1.24,2.551
-1.109,2.546
-1.218,-0.816
-1.172,0.281
-1.221,1.404
-1.39,2.639
-1.384,-0.17
-1.258,1.422
-1.339,1.078
-1.339,-0.589
-1.369,2.454
-1.634,0.392
-1.704,0.31
-1.902,-0.769
-1.929,2.541
-1.824,0.958
-1.833,1.814
-1.999,-1.144
-2.088,0.654
-2.12,1.249
-2.025,2.613
-2.16,0.502
-2.067,2.577
-2.053,1.345
-2.252,-1.23
-2.274,0.289
-2.173,1.771
-2.244,0.749
-2.255,-0.946
-2.26,2.528
-2.432,-0.98
-2.36,1.082
-2.401,-0.524
-2.53,-0.778
-2.44,0.603
-2.549,-1.104
-2.421,-0.116
-2.496,-0.102
-2.524,-1.212
-2.673,-0.548
-2.683,-0.953
-2.562,0.202
-2.527,2.648
-2.686,2.228
-2.577,-0.782
-2.67,0.326
-2.718,0.563
-2.83,-1.088
-2.896,0.468
-2.817,1.003
-2.829,-0.154
-3.052,-1.195
-3.039,1.487
-2.949,2.228
-2.977,0.488
-3.118,-0.783
3.072,2.077
-3.105,0.743
3.059,1.588
3.072,1.624
2.818,-0.561
2.879,1.085
2.589,2.714
2.447,-0.02
2.564,-0.116
2.421,2.551
2.111,1.367
1.986,0.602
1.852,-0.777
1.822,1.832
1.915,2.314
1.736,0.888
1.832,2.53
1.662,1.722
1.478,-0.917
1.245,1.13
1.094,2.632
1.058,-0.924
1.039,2.648
1.112,1.86
0.956,-0.991
1.058,2.434
0.895,-1.468
0.862,-1.591
0.831,-1.523
0.762,-1.578
-0.002,-1.588
-0.327,-1.546
-1.085,-1.473
-2.297,-1.478
2.263,-1.383
1.075,-1.357
0.574,3.021
0.522,3.137
0.463,2.839
0.197,2.876
0.092,3.096
0.095,2.773
-0.013,2.84
-0.262,2.995
-0.295,3.094
-1.768,2.983
-1.953,3.046
-2.149,3.041
-2.908,2.783
3.056,3.044
3.066,2.838
2.435,3.018
1.586,2.683
1.031,3.101
0.788,0.211
-2.785,1.68
1.742,2.319
0.793,1.914
0.875,-0.768
0.811,1.209
0.689,1.213
0.581,-0.483
-1.795,2.275
-1.817,0.337
-2.694,0.303
2.853,1.193
2.536,1.177
1.623,-0.318
1.64,1.88
1.445,1.239
1.44,1.668
1.341,2.315
1.331,1.499
1.327,0.698
1.206,-0.358
0.922,1.173
0.568,1.355
0.292,1.437
-1.713,1.399
1.129,-0.029
2.297,-1.125
1.299,2.456
2.074,-1.356
0.276,2.861
0.135,-3.908
-0.097,-0.905
0.004,-3.87
-0.184,-0.699
-0.075,-3.105
-0.12,-2.602
-0.3,-1.352
-0.285,-0.672
-0.302,-0.212
-0.599,-1.294
-0.636,-3.673
-0.644,-2.4
-0.753,-2.516
-0.828,-2.228
-0.722,-0.106
-0.715,-0.725
-0.795,-3.928
-0.964,-1.249
-0.978,0.02
-1.075,-0.129
-1.093,-0.108
-0.962,-0.113
-1.071,-3.475
-1.025,-2.378
-1.074,-1.255
-1.243,-0.02
-1.237,-2.829
-1.111,-1.237
-1.192,-1.581
-1.192,-3.248
-1.222,-0.205
-1.487,-2.267
-1.557,-2.349
-1.755,-3.428
-1.782,-0.118
-1.677,-1.701
-1.686,-0.845
-1.852,-3.803
-1.941,-2.005
-1.973,-1.41
-1.878,-0.046
-2.013,-2.157
-1.92,-0.082
-1.906,-1.314
-2.105,-3.889
-2.127,-2.37
-2.026,-0.888
-2.097,-1.91
-2.108,-3.605
-2.113,-0.131
-2.285,-3.639
-2.213,-1.577
-2.254,-3.183
-2.383,-3.437
-2.293,-2.056
-2.402,-3.763
-2.274,-2.775
-2.349,-2.761
-2.377,-3.871
-2.526,-3.207
-2.536,-3.612
-2.415,-2.457
-2.38,-0.011
-2.539,-0.431
-2.43,-3.441
-2.523,-2.333
-2.571,-2.096
-2.683,-3.747
-2.749,-2.191
-2.67,-1.656
-2.682,-2.813
-2.905,-3.854
-2.892,-1.172
-2.802,-0.431
-2.83,-2.171
-2.971,-3.442
-3.064,-0.582
-2.958,-1.916
-3.077,-1.071
-3.064,-1.035
2.965,-3.22
3.026,-1.574
2.736,0.055
2.594,-2.679
2.711,-2.775
2.568,-0.108
2.258,-1.292
2.133,-2.057
1.999,-3.436
1.969,-0.827
2.062,-0.345
1.883,-1.771
1.979,-0.129
1.809,-0.937
1.625,-3.576
1.392,-1.529
1.241,-0.027
1.205,-3.583
1.186,-0.011
1.259,-0.799
1.103,-3.65
1.205,-0.225
1.042,-4.127
1.009,-4.25
0.978,-4.182
0.909,-4.237
0.145,-4.247
-0.18,-4.205
-0.938,-4.132
-2.15,-4.137
2.41,-4.042
1.222,-4.016
0.721,0.362
0.669,0.478
0.61,0.18
0.344,0.217
0.239,0.437
0.242,0.114
0.134,0.181
-0.115,0.336
-0.148,0.435
-1.621,0.324
-1.806,0.387
-2.002,0.382
-2.761,0.124
-3.08,0.385
-3.07,0.179
2.582,0.359
1.733,0.024
1.178,0.442
0.935,-2.448
-2.638,-0.979
1.889,-0.34
0.94,-0.745
1.022,-3.427
0.958,-1.45
0.836,-1.446
0.728,-3.142
-1.648,-0.384
-1.67,-2.322
-2.547,-2.356
3.0,-1.466
2.683,-1.482
1.77,-2.977
1.787,-0.779
1.592,-1.42
1.587,-0.991
1.488,-0.344
1.478,-1.16
1.474,-1.961
1.353,-3.017
1.069,-1.486
0.715,-1.304
0.439,-1.222
-1.566,-1.26
1.276,-2.688
2.444,-3.784
1.446,-0.203
2.221,-4.015
0.423,0.202
-0.232,3.003
-0.131,0.038
-0.319,3.209
-0.21,0.803
-0.255,1.306
-0.435,2.556
-0.42,3.236
-0.437,3.696
-0.734,2.614
-0.771,0.235
-0.779,1.508
-0.888,1.392
-0.963,1.68
-0.857,3.802
-0.85,3.183
-0.93,-0.02
-1.099,2.659
-1.113,3.928
-1.21,3.779
-1.228,3.8
-1.097,3.795
-1.206,0.433
-1.16,1.53
-1.209,2.653
-1.378,3.888
-1.372,1.079
-1.246,2.671
-1.327,2.327
-1.327,0.66
-1.357,3.703
-1.622,1.641
-1.692,1.559
-1.89,0.48
-1.917,3.79
-1.812,2.207
-1.821,3.063
-1.987,0.105
-2.076,1.903
-2.108,2.498
-2.013,3.862
-2.148,1.751
-2.055,3.826
-2.041,2.594
-2.24,0.019
-2.262,1.538
-2.161,3.02
-2.232,1.998
-2.243,0.303
-2.248,3.777
-2.42,0.269
-2.348,2.331
-2.389,0.725
-2.518,0.471
-2.428,1.852
-2.537,0.145
-2.409,1.133
-2.484,1.147
-2.512,0.037
-2.661,0.701
-2.671,0.296
-2.55,1.451
-2.515,3.897
-2.674,3.477
-2.565,0.467
-2.658,1.575
-2.706,1.812
-2.818,0.161
-2.884,1.717
-2.805,2.252
-2.817,1.095
-3.04,0.054
-3.027,2.736
-2.937,3.477
-2.965,1.737
-3.106,0.466
3.084,3.326
-3.093,1.992
3.071,2.837
3.084,2.873
2.83,0.688
2.891,2.334
2.601,3.963
2.459,1.229
2.576,1.133
2.433,3.8
2.123,2.616
1.998,1.851
1.864,0.472
1.834,3.081
1.927,3.563
1.748,2.137
1.844,3.779
1.674,2.971
1.49,0.332
1.257,2.379
1.106,3.881
1.07,0.325
1.051,3.897
1.124,3.109
0.968,0.258
1.07,3.683
0.907,-0.219
0.874,-0.342
0.843,-0.274
0.774,-0.329
0.01,-0.339
-0.315,-0.297
-1.073,-0.224
-2.285,-0.229
2.275,-0.134
1.087,-0.108
0.586,4.27
0.534,4.386
0.475,4.088
0.209,4.125
0.104,4.345
0.107,4.022
-0.001,4.089
-0.25,4.244
-0.283,4.343
-1.756,4.232
-1.941,4.295
-2.137,4.29
-2.896,4.032
3.068,4.293
3.078,4.087
2.447,4.267
1.598,3.932
1.043,4.35
0.8,1.46
-2.773,2.929
1.754,3.568
0.805,3.163
0.887,0.481
0.823,2.458
0.701,2.462
0.593,0.766
-1.783,3.524
-1.805,1.586
-2.682,1.552
2.865,2.442
2.548,2.426
1.635,0.931
1.652,3.129
1.457,2.488
1.452,2.917
1.353,3.564
1.343,2.748
1.339,1.947
1.218,0.891
0.934,2.422
0.58,2.604
0.304,2.686
-1.701,2.648
1.141,1.22
2.309,0.124
1.311,3.705
2.086,-0.107
0.288,4.11
0.101,-2.965
-0.087,0.206
0.022,-2.2
-0.023,-1.697
-0.203,-0.447
-0.188,0.233
-0.205,0.693
-0.502,-0.389
-0.539,-2.768
-0.547,-1.495
-0.656,-1.611
-0.731,-1.323
-0.625,0.799
-0.618,0.18
-0.698,-3.023
-0.867,-0.344
-0.881,0.925
-0.978,0.776
-0.996,0.797
-0.865,0.792
-0.974,-2.57
-0.928,-1.473
-0.977,-0.35
-1.146,0.885
-1.14,-1.924
-1.014,-0.332
-1.095,-0.676
-1.095,-2.343
-1.125,0.7
-1.39,-1.362
-1.46,-1.444
-1.658,-2.523
-1.685,0.787
-1.58,-0.796
-1.589,0.06
-1.755,-2.898
-1.844,-1.1
-1.876,-0.505
-1.781,0.859
-1.916,-1.252
-1.823,0.823
-1.809,-0.409
-2.008,-2.984
-2.03,-1.465
-1.929,0.017
-2.0,-1.005
-2.011,-2.7
-2.016,0.774
-2.188,-2.734
-2.116,-0.672
-2.157,-2.278
-2.286,-2.532
-2.196,-1.151
-2.305,-2.858
-2.177,-1.87
-2.252,-1.856
-2.28,-2.966
-2.429,-2.302
-2.439,-2.707
-2.318,-1.552
-2.283,0.894
-2.442,0.474
-2.333,-2.536
-2.426,-1.428
-2.474,-1.191
-2.586,-2.842
-2.652,-1.286
-2.573,-0.751
-2.585,-1.908
-2.808,-2.949
-2.795,-0.267
-2.705,0.474
-2.733,-1.266
-2.874,-2.537
-2.967,0.323
-2.861,-1.011
-2.98,-0.166
-2.967,-0.13
3.062,-2.315
3.123,-0.669
2.833,0.96
2.691,-1.774
2.808,-1.87
2.665,0.797
2.355,-0.387
2.23,-1.152
2.096,-2.531
2.066,0.078
2.159,0.56
1.98,-0.866
2.076,0.776
1.906,-0.032
1.722,-2.671
1.489,-0.624
1.338,0.878
1.302,-2.678
1.283,0.894
1.356,0.106
1.2,-2.745
1.302,0.68
1.139,-3.222
1.106,-3.345
1.075,-3.277
1.006,-3.332
0.242,-3.342
-0.083,-3.3
-0.841,-3.227
-2.053,-3.232
2.507,-3.137
1.319,-3.111
0.818,1.267
0.766,1.383
0.707,1.085
0.441,1.122
0.336,1.342
0.339,1.019
0.231,1.086
-0.018,1.241
-0.051,1.34
-1.524,1.229
-1.709,1.292
-1.905,1.287
-2.664,1.029
-2.983,1.29
-2.973,1.084
2.679,1.264
1.83,0.929
1.275,1.347
1.032,-1.543
-2.541,-0.074
1.986,0.565
1.037,0.16
1.119,-2.522
1.055,-0.545
0.933,-0.541
0.825,-2.237
-1.551,0.521
-1.573,-1.417
-2.45,-1.451
3.097,-0.561
2.78,-0.577
1.867,-2.072
1.884,0.126
1.689,-0.515
1.684,-0.086
1.585,0.561
1.575,-0.255
1.571,-1.056
1.45,-2.112
1.166,-0.581
0.812,-0.399
0.536,-0.317
-1.469,-0.355
1.373,-1.783
2.541,-2.879
1.543,0.702
2.318,-3.11
0.52,1.107
-0.188,3.171
-0.079,0.765
-0.124,1.268
-0.304,2.518
-0.289,3.198
-0.306,3.658
-0.603,2.576
-0.64,0.197
-0.648,1.47
-0.757,1.354
-0.832,1.642
-0.726,3.764
-0.719,3.145
-0.799,-0.058
-0.968,2.621
-0.982,3.89
-1.079,3.741
-1.097,3.762
-0.966,3.757
-1.075,0.395
-1.029,1.492
-1.078,2.615
-1.247,3.85
-1.241,1.041
-1.115,2.633
-1.196,2.289
-1.196,0.622
-1.226,3.665
-1.491,1.603
-1.561,1.521
-1.759,0.442
-1.786,3.752
-1.681,2.169
-1.69,3.025
-1.856,0.067
-1.945,1.865
-1.977,2.46
-1.882,3.824
-2.017,1.713
-1.924,3.788
-1.91,2.556
-2.109,-0.019
-2.131,1.5
-2.03,2.982
-2.101,1.96
-2.112,0.265
-2.117,3.739
-2.289,0.231
-2.217,2.293
-2.258,0.687
-2.387,0.433
-2.297,1.814
-2.406,0.107
-2.278,1.095
-2.353,1.109
-2.381,-0.001
-2.53,0.663
-2.54,0.258
-2.419,1.413
-2.384,3.859
-2.543,3.439
-2.434,0.429
-2.527,1.537
-2.575,1.774
-2.687,0.123
-2.753,1.679
-2.674,2.214
-2.686,1.057
-2.909,0.016
-2.896,2.698
-2.806,3.439
-2.834,1.699
-2.975,0.428
-3.068,3.288
-2.962,1.954
-3.081,2.799
-3.068,2.835
2.961,0.65
3.022,2.296
2.732,3.925
2.59,1.191
2.707,1.095
2.564,3.762
2.254,2.578
2.129,1.813
1.995,0.434
1.965,3.043
2.058,3.525
1.879,2.099
1.975,3.741
1.805,2.933
1.621,0.294
1.388,2.341
1.237,3.843
1.201,0.287
1.182,3.859
1.255,3.071
1.099,0.22
1.201,3.645
1.038,-0.257
1.005,-0.38
0.974,-0.312
0.905,-0.367
0.141,-0.377
-0.184,-0.335
-0.942,-0.262
-2.154,-0.267
2.406,-0.172
1.218,-0.146
0.717,4.232
0.665,4.348
0.606,4.05
0.34,4.087
0.235,4.307
0.238,3.984
0.13,4.051
-0.119,4.206
-0.152,4.305
-1.625,4.194
-1.81,4.257
-2.006,4.252
-2.765,3.994
-3.084,4.255
-3.074,4.049
2.578,4.229
1.729,3.894
1.174,4.312
0.931,1.422
-2.642,2.891
1.885,3.53
0.936,3.125
1.018,0.443
0.954,2.42
0.832,2.424
0.724,0.728
-1.652,3.486
-1.674,1.548
-2.551,1.514
2.996,2.404
2.679,2.388
1.766,0.893
1.783,3.091
1.588,2.45
1.583,2.879
1.484,3.526
1.474,2.71
1.47,1.909
1.349,0.853
1.065,2.384
0.711,2.566
0.435,2.648
-1.57,2.61
1.272,1.182
2.44,0.086
1.442,3.667
2.217,-0.145
0.419,4.072
0.109,-2.406
0.064,-1.903
-0.116,-0.653
-0.101,0.027
-0.118,0.487
-0.415,-0.595
-0.452,-2.974
-0.46,-1.701
-0.569,-1.817
-0.644,-1.529
-0.538,0.593
-0.531,-0.026
-0.611,-3.229
-0.78,-0.55
-0.794,0.719
-0.891,0.57
-0.909,0.591
-0.778,0.586
-0.887,-2.776
-0.841,-1.679
-0.89,-0.556
-1.059,0.679
-1.053,-2.13
-0.927,-0.538
-1.008,-0.882
-1.008,-2.549
-1.038,0.494
-1.303,-1.568
-1.373,-1.65
-1.571,-2.729
-1.598,0.581
-1.493,-1.002
-1.502,-0.146
-1.668,-3.104
-1.757,-1.306
-1.789,-0.711
-1.694,0.653
-1.829,-1.458
-1.736,0.617
-1.722,-0.615
-1.921,-3.19
-1.943,-1.671
-1.842,-0.189
-1.913,-1.211
-1.924,-2.906
-1.929,0.568
-2.101,-2.94
-2.029,-0.878
-2.07,-2.484
-2.199,-2.738
-2.109,-1.357
-2.218,-3.064
-2.09,-2.076
-2.165,-2.062
-2.193,-3.172
-2.342,-2.508
-2.352,-2.913
-2.231,-1.758
-2.196,0.688
-2.355,0.268
-2.246,-2.742
-2.339,-1.634
-2.387,-1.397
-2.499,-3.048
-2.565,-1.492
-2.486,-0.957
-2.498,-2.114
-2.721,-3.155
-2.708,-0.473
-2.618,0.268
-2.646,-1.472
-2.787,-2.743
-2.88,0.117
-2.774,-1.217
-2.893,-0.372
-2.88,-0.336
-3.134,-2.521
-3.073,-0.875
2.92,0.754
2.778,-1.98
2.895,-2.076
2.752,0.591
2.442,-0.593
2.317,-1.358
2.183,-2.737
2.153,-0.128
2.246,0.354
2.067,-1.072
2.163,0.57
1.993,-0.238
1.809,-2.877
1.576,-0.83
1.425,0.672
1.389,-2.884
1.37,0.688
1.443,-0.1
1.287,-2.951
1.389,0.474
1.226,-3.428
1.193,-3.551
1.162,-3.483
1.093,-3.538
0.329,-3.548
0.004,-3.506
-0.754,-3.433
-1.966,-3.438
2.594,-3.343
1.406,-3.317
0.905,1.061
0.853,1.177
0.794,0.879
0.528,0.916
0.423,1.136
0.426,0.813
0.318,0.88
0.069,1.035
0.036,1.134
-1.437,1.023
-1.622,1.086
-1.818,1.081
-2.577,0.823
-2.896,1.084
-2.886,0.878
2.766,1.058
1.917,0.723
1.362,1.141
1.119,-1.749
-2.454,-0.28
2.073,0.359
1.124,-0.046
1.206,-2.728
1.142,-0.751
1.02,-0.747
0.912,-2.443
-1.464,0.315
-1.486,-1.623
-2.363,-1.657
-3.099,-0.767
2.867,-0.783
1.954,-2.278
1.971,-0.08
1.776,-0.721
1.771,-0.292
1.672,0.355
1.662,-0.461
1.658,-1.262
1.537,-2.318
1.253,-0.787
0.899,-0.605
0.623,-0.523
-1.382,-0.561
1.46,-1.989
2.628,-3.085
1.63,0.496
2.405,-3.316
0.607,0.901
-0.045,0.503
-0.225,1.753
-0.21,2.433
-0.227,2.893
-0.524,1.811
-0.561,-0.568
-0.569,0.705
-0.678,0.589
-0.753,0.877
-0.647,2.999
-0.64,2.38
-0.72,-0.823
-0.889,1.856
-0.903,3.125
-1.0,2.976
-1.018,2.997
-0.887,2.992
-0.996,-0.37
-0.95,0.727
-0.999,1.85
-1.168,3.085
-1.162,0.276
-1.036,1.868
-1.117,1.524
-1.117,-0.143
-1.147,2.9
-1.412,0.838
-1.482,0.756
-1.68,-0.323
-1.707,2.987
-1.602,1.404
-1.611,2.26
-1.777,-0.698
-1.866,1.1
-1.898,1.695
-1.803,3.059
-1.938,0.948
-1.845,3.023
-1.831,1.791
-2.03,-0.784
-2.052,0.735
-1.951,2.217
-2.022,1.195
-2.033,-0.5
-2.038,2.974
-2.21,-0.534
-2.138,1.528
-2.179,-0.078
-2.308,-0.332
-2.218,1.049
-2.327,-0.658
-2.199,0.33
-2.274,0.344
-2.302,-0.766
-2.451,-0.102
-2.461,-0.507
-2.34,0.648
-2.305,3.094
-2.464,2.674
-2.355,-0.336
-2.448,0.772
-2.496,1.009
-2.608,-0.642
-2.674,0.914
-2.595,1.449
-2.607,0.292
-2.83,-0.749
-2.817,1.933
-2.727,2.674
-2.755,0.934
-2.896,-0.337
-2.989,2.523
-2.883,1.189
-3.002,2.034
-2.989,2.07
3.04,-0.115
3.101,1.531
2.811,3.16
2.669,0.426
2.786,0.33
2.643,2.997
2.333,1.813
2.208,1.048
2.074,-0.331
2.044,2.278
2.137,2.76
1.958,1.334
2.054,2.976
1.884,2.168
1.7,-0.471
1.467,1.576
1.316,3.078
1.28,-0.478
1.261,3.094
1.334,2.306
1.178,-0.545
1.28,2.88
1.117,-1.022
1.084,-1.145
1.053,-1.077
0.984,-1.132
0.22,-1.142
-0.105,-1.1
-0.863,-1.027
-2.075,-1.032
2.485,-0.937
1.297,-0.911
0.796,3.467
0.744,3.583
0.685,3.285
0.419,3.322
0.314,3.542
0.317,3.219
0.209,3.286
-0.04,3.441
-0.073,3.54
-1.546,3.429
-1.731,3.492
-1.927,3.487
-2.686,3.229
-3.005,3.49
-2.995,3.284
2.657,3.464
1.808,3.129
1.253,3.547
1.01,0.657
-2.563,2.126
1.964,2.765
1.015,2.36
1.097,-0.322
1.033,1.655
0.911,1.659
0.803,-0.037
-1.573,2.721
-1.595,0.783
-2.472,0.749
3.075,1.639
2.758,1.623
1.845,0.128
1.862,2.326
1.667,1.685
1.662,2.114
1.563,2.761
1.553,1.945
1.549,1.144
1.428,0.088
1.144,1.619
0.79,1.801
0.514,1.883
-1.491,1.845
1.351,0.417
2.519,-0.679
1.521,2.902
2.296,-0.91
0.498,3.307
-0.18,1.25
-0.165,1.93
-0.182,2.39
-0.479,1.308
-0.516,-1.071
-0.524,0.202
-0.633,0.086
-0.708,0.374
-0.602,2.496
-0.595,1.877
-0.675,-1.326
-0.844,1.353
-0.858,2.622
-0.955,2.473
-0.973,2.494
-0.842,2.489
-0.951,-0.873
-0.905,0.224
-0.954,1.347
-1.123,2.582
-1.117,-0.227
-0.991,1.365
-1.072,1.021
-1.072,-0.646
-1.102,2.397
-1.367,0.335
-1.437,0.253
-1.635,-0.826
-1.662,2.484
-1.557,0.901
-1.566,1.757
-1.732,-1.201
-1.821,0.597
-1.853,1.192
-1.758,2.556
-1.893,0.445
-1.8,2.52
-1.786,1.288
-1.985,-1.287
-2.007,0.232
-1.906,1.714
-1.977,0.692
-1.988,-1.003
-1.993,2.471
-2.165,-1.037
-2.093,1.025
-2.134,-0.581
-2.263,-0.835
-2.173,0.546
-2.282,-1.161
-2.154,-0.173
-2.229,-0.159
-2.257,-1.269
-2.406,-0.605
-2.416,-1.01
-2.295,0.145
-2.26,2.591
-2.419,2.171
-2.31,-0.839
-2.403,0.269
-2.451,0.506
-2.563,-1.145
-2.629,0.411
-2.55,0.946
-2.562,-0.211
-2.785,-1.252
-2.772,1.43
-2.682,2.171
-2.71,0.431
-2.851,-0.84
-2.944,2.02
-2.838,0.686
-2.957,1.531
-2.944,1.567
3.085,-0.618
-3.137,1.028
2.856,2.657
2.714,-0.077
2.831,-0.173
2.688,2.494
2.378,1.31
2.253,0.545
2.119,-0.834
2.089,1.775
2.182,2.257
2.003,0.831
2.099,2.473
1.929,1.665
1.745,-0.974
1.512,1.073
1.361,2.575
1.325,-0.981
1.306,2.591
1.379,1.803
1.223,-1.048
1.325,2.377
1.162,-1.525
1.129,-1.648
1.098,-1.58
1.029,-1.635
0.265,-1.645
-0.06,-1.603
-0.818,-1.53
-2.03,-1.535
2.53,-1.44
1.342,-1.414
0.841,2.964
0.789,3.08
0.73,2.782
0.464,2.819
0.359,3.039
0.362,2.716
0.254,2.783
0.005,2.938
-0.028,3.037
-1.501,2.926
-1.686,2.989
-1.882,2.984
-2.641,2.726
-2.96,2.987
-2.95,2.781
2.702,2.961
1.853,2.626
1.298,3.044
1.055,0.154
-2.518,1.623
2.009,2.262
1.06,1.857
1.142,-0.825
1.078,1.152
0.956,1.156
0.848,-0.54
-1.528,2.218
-1.55,0.28
-2.427,0.246
3.12,1.136
2.803,1.12
1.89,-0.375
1.907,1.823
1.712,1.182
1.707,1.611
1.608,2.258
1.598,1.442
1.594,0.641
1.473,-0.415
1.189,1.116
0.835,1.298
0.559,1.38
-1.446,1.342
1.396,-0.086
2.564,-1.182
1.566,2.399
2.341,-1.413
0.543,2.804
0.015,0.68
-0.002,1.14
-0.299,0.058
-0.336,-2.321
-0.344,-1.048
-0.453,-1.164
-0.528,-0.876
-0.422,1.246
-0.415,0.627
-0.495,-2.576
-0.664,0.103
-0.678,1.372
-0.775,1.223
-0.793,1.244
-0.662,1.239
-0.771,-2.123
-0.725,-1.026
-0.774,0.097
-0.943,1.332
-0.937,-1.477
-0.811,0.115
-0.892,-0.229
-0.892,-1.896
-0.922,1.147
-1.187,-0.915
-1.257,-0.997
-1.455,-2.076
-1.482,1.234
-1.377,-0.349
-1.386,0.507
-1.552,-2.451
-1.641,-0.653
-1.673,-0.058
-1.578,1.306
-1.713,-0.805
-1.62,1.27
-1.606,0.038
-1.805,-2.537
-1.827,-1.018
-1.726,0.464
-1.797,-0.558
-1.808,-2.253
-1.813,1.221
-1.985,-2.287
-1.913,-0.225
-1.954,-1.831
-2.083,-2.085
-1.993,-0.704
-2.102,-2.411
-1.974,-1.423
-2.049,-1.409
-2.077,-2.519
-2.226,-1.855
-2.236,-2.26
-2.115,-1.105
-2.08,1.341
-2.239,0.921
-2.13,-2.089
-2.223,-0.981
-2.271,-0.744
-2.383,-2.395
-2.449,-0.839
-2.37,-0.304
-2.382,-1.461
-2.605,-2.502
-2.592,0.18
-2.502,0.921
-2.53,-0.819
-2.671,-2.09
-2.764,0.77
-2.658,-0.564
-2.777,0.281
-2.764,0.317
-3.018,-1.868
-2.957,-0.222
3.036,1.407
2.894,-1.327
3.011,-1.423
2.868,1.244
2.558,0.06
2.433,-0.705
2.299,-2.084
2.269,0.525
2.362,1.007
2.183,-0.419
2.279,1.223
2.109,0.415
1.925,-2.224
1.692,-0.177
1.541,1.325
1.505,-2.231
1.486,1.341
1.559,0.553
1.403,-2.298
1.505,1.127
1.342,-2.775
1.309,-2.898
1.278,-2.83
1.209,-2.885
0.445,-2.895
0.12,-2.853
-0.638,-2.78
-1.85,-2.785
2.71,-2.69
1.522,-2.664
1.021,1.714
0.969,1.83
0.91,1.532
0.644,1.569
0.539,1.789
0.542,1.466
0.434,1.533
0.185,1.688
0.152,1.787
-1.321,1.676
-1.506,1.739
-1.702,1.734
-2.461,1.476
-2.78,1.737
-2.77,1.531
2.882,1.711
2.033,1.376
1.478,1.794
1.235,-1.096
-2.338,0.373
2.189,1.012
1.24,0.607
1.322,-2.075
1.258,-0.098
1.136,-0.094
1.028,-1.79
-1.348,0.968
-1.37,-0.97
-2.247,-1.004
-2.983,-0.114
2.983,-0.13
2.07,-1.625
2.087,0.573
1.892,-0.068
1.887,0.361
1.788,1.008
1.778,0.192
1.774,-0.609
1.653,-1.665
1.369,-0.134
1.015,0.048
0.739,0.13
-1.266,0.092
1.576,-1.336
2.744,-2.432
1.746,1.149
2.521,-2.663
0.723,1.554
-0.017,0.46
-0.314,-0.622
-0.351,-3.001
-0.359,-1.728
-0.468,-1.844
-0.543,-1.556
-0.437,0.566
-0.43,-0.053
-0.51,-3.256
-0.679,-0.577
-0.693,0.692
-0.79,0.543
-0.808,0.564
-0.677,0.559
-0.786,-2.803
-0.74,-1.706
-0.789,-0.583
-0.958,0.652
-0.952,-2.157
-0.826,-0.565
-0.907,-0.909
-0.907,-2.576
-0.937,0.467
-1.202,-1.595
-1.272,-1.677
-1.47,-2.756
-1.497,0.554
-1.392,-1.029
-1.401,-0.173
-1.567,-3.131
-1.656,-1.333
-1.688,-0.738
-1.593,0.626
-1.728,-1.485
-1.635,0.59
-1.621,-0.642
-1.82,-3.217
-1.842,-1.698
-1.741,-0.216
-1.812,-1.238
-1.823,-2.933
-1.828,0.541
-2.0,-2.967
-1.928,-0.905
-1.969,-2.511
-2.098,-2.765
-2.008,-1.384
-2.117,-3.091
-1.989,-2.103
-2.064,-2.089
-2.092,-3.199
-2.241,-2.535
-2.251,-2.94
-2.13,-1.785
-2.095,0.661
-2.254,0.241
-2.145,-2.769
-2.238,-1.661
-2.286,-1.424
-2.398,-3.075
-2.464,-1.519
-2.385,-0.984
-2.397,-2.141
-2.62,-3.182
-2.607,-0.5
-2.517,0.241
-2.545,-1.499
-2.686,-2.77
-2.779,0.09
-2.673,-1.244
-2.792,-0.399
-2.779,-0.363
-3.033,-2.548
-2.972,-0.902
3.021,0.727
2.879,-2.007
2.996,-2.103
2.853,0.564
2.543,-0.62
2.418,-1.385
2.284,-2.764
2.254,-0.155
2.347,0.327
2.168,-1.099
2.264,0.543
2.094,-0.265
1.91,-2.904
1.677,-0.857
1.526,0.645
1.49,-2.911
1.471,0.661
1.544,-0.127
1.388,-2.978
1.49,0.447
1.327,-3.455
1.294,-3.578
1.263,-3.51
1.194,-3.565
0.43,-3.575
0.105,-3.533
-0.653,-3.46
-1.865,-3.465
2.695,-3.37
1.507,-3.344
1.006,1.034
0.954,1.15
0.895,0.852
0.629,0.889
0.524,1.109
0.527,0.786
0.419,0.853
0.17,1.008
0.137,1.107
-1.336,0.996
-1.521,1.059
-1.717,1.054
-2.476,0.796
-2.795,1.057
-2.785,0.851
2.867,1.031
2.018,0.696
1.463,1.114
1.22,-1.776
-2.353,-0.307
2.174,0.332
1.225,-0.073
1.307,-2.755
1.243,-0.778
1.121,-0.774
1.013,-2.47
-1.363,0.288
-1.385,-1.65
-2.262,-1.684
-2.998,-0.794
2.968,-0.81
2.055,-2.305
2.072,-0.107
1.877,-0.748
1.872,-0.319
1.773,0.328
1.763,-0.488
1.759,-1.289
1.638,-2.345
1.354,-0.814
1.0,-0.632
0.724,-0.55
-1.281,-0.588
1.561,-2.016
2.729,-3.112
1.731,0.469
2.506,-3.343
0.708,0.874
-0.297,-1.082
-0.334,-3.461
-0.342,-2.188
-0.451,-2.304
-0.526,-2.016
-0.42,0.106
-0.413,-0.513
-0.493,-3.716
-0.662,-1.037
-0.676,0.232
-0.773,0.083
-0.791,0.104
-0.66,0.099
-0.769,-3.263
-0.723,-2.166
-0.772,-1.043
-0.941,0.192
-0.935,-2.617
-0.809,-1.025
-0.89,-1.369
-0.89,-3.036
-0.92,0.007
-1.185,-2.055
-1.255,-2.137
-1.453,-3.216
-1.48,0.094
-1.375,-1.489
-1.384,-0.633
-1.55,-3.591
-1.639,-1.793
-1.671,-1.198
-1.576,0.166
-1.711,-1.945
-1.618,0.13
-1.604,-1.102
-1.803,-3.677
-1.825,-2.158
-1.724,-0.676
-1.795,-1.698
-1.806,-3.393
-1.811,0.081
-1.983,-3.427
-1.911,-1.365
-1.952,-2.971
-2.081,-3.225
-1.991,-1.844
-2.1,-3.551
-1.972,-2.563
-2.047,-2.549
-2.075,-3.659
-2.224,-2.995
-2.234,-3.4
-2.113,-2.245
-2.078,0.201
-2.237,-0.219
-2.128,-3.229
-2.221,-2.121
-2.269,-1.884
-2.381,-3.535
-2.447,-1.979
-2.368,-1.444
-2.38,-2.601
-2.603,-3.642
-2.59,-0.96
-2.5,-0.219
-2.528,-1.959
-2.669,-3.23
-2.762,-0.37
-2.656,-1.704
-2.775,-0.859
-2.762,-0.823
-3.016,-3.008
-2.955,-1.362
3.038,0.267
2.896,-2.467
3.013,-2.563
2.87,0.104
2.56,-1.08
2.435,-1.845
2.301,-3.224
2.271,-0.615
2.364,-0.133
2.185,-1.559
2.281,0.083
2.111,-0.725
1.927,-3.364
1.694,-1.317
1.543,0.185
1.507,-3.371
1.488,0.201
1.561,-0.587
1.405,-3.438
1.507,-0.013
1.344,-3.915
1.311,-4.038
1.28,-3.97
1.211,-4.025
0.447,-4.035
0.122,-3.993
-0.636,-3.92
-1.848,-3.925
2.712,-3.83
1.524,-3.804
1.023,0.574
0.971,0.69
0.912,0.392
0.646,0.429
0.541,0.649
0.544,0.326
0.436,0.393
0.187,0.548
0.154,0.647
-1.319,0.536
-1.504,0.599
-1.7,0.594
-2.459,0.336
-2.778,0.597
-2.768,0.391
2.884,0.571
2.035,0.236
1.48,0.654
1.237,-2.236
-2.336,-0.767
2.191,-0.128
1.242,-0.533
1.324,-3.215
1.26,-1.238
1.138,-1.234
1.03,-2.93
-1.346,-0.172
-1.368,-2.11
-2.245,-2.144
-2.981,-1.254
2.985,-1.27
2.072,-2.765
2.089,-0.567
1.894,-1.208
1.889,-0.779
1.79,-0.132
1.78,-0.948
1.776,-1.749
1.655,-2.805
1.371,-1.274
1.017,-1.092
0.741,-1.01
-1.264,-1.048
1.578,-2.476
2.746,-3.572
1.748,0.009
2.523,-3.803
0.725,0.414
-0.037,-2.379
-0.045,-1.106
-0.154,-1.222
-0.229,-0.934
-0.123,1.188
-0.116,0.569
-0.196,-2.634
-0.365,0.045
-0.379,1.314
-0.476,1.165
-0.494,1.186
-0.363,1.181
-0.472,-2.181
-0.426,-1.084
-0.475,0.039
-0.644,1.274
-0.638,-1.535
-0.512,0.057
-0.593,-0.287
-0.593,-1.954
-0.623,1.089
-0.888,-0.973
-0.958,-1.055
-1.156,-2.134
-1.183,1.176
-1.078,-0.407
-1.087,0.449
-1.253,-2.509
-1.342,-0.711
-1.374,-0.116
-1.279,1.248
-1.414,-0.863
-1.321,1.212
-1.307,-0.02
-1.506,-2.595
-1.528,-1.076
-1.427,0.406
-1.498,-0.616
-1.509,-2.311
-1.514,1.163
-1.686,-2.345
-1.614,-0.283
-1.655,-1.889
-1.784,-2.143
-1.694,-0.762
-1.803,-2.469
-1.675,-1.481
-1.75,-1.467
-1.778,-2.577
-1.927,-1.913
-1.937,-2.318
-1.816,-1.163
-1.781,1.283
-1.94,0.863
-1.831,-2.147
-1.924,-1.039
-1.972,-0.802
-2.084,-2.453
-2.15,-0.897
-2.071,-0.362
-2.083,-1.519
-2.306,-2.56
-2.293,0.122
-2.203,0.863
-2.231,-0.877
-2.372,-2.148
-2.465,0.712
-2.359,-0.622
-2.478,0.223
-2.465,0.259
-2.719,-1.926
-2.658,-0.28
-2.948,1.349
-3.09,-1.385
-2.973,-1.481
-3.116,1.186
2.857,0.002
2.732,-0.763
2.598,-2.142
2.568,0.467
2.661,0.949
2.482,-0.477
2.578,1.165
2.408,0.357
2.224,-2.282
1.991,-0.235
1.84,1.267
1.804,-2.289
1.785,1.283
1.858,0.495
1.702,-2.356
1.804,1.069
1.641,-2.833
1.608,-2.956
1.577,-2.888
1.508,-2.943
0.744,-2.953
0.419,-2.911
-0.339,-2.838
-1.551,-2.843
3.009,-2.748
1.821,-2.722
1.32,1.656
1.268,1.772
1.209,1.474
0.943,1.511
0.838,1.731
0.841,1.408
0.733,1.475
0.484,1.63
0.451,1.729
-1.022,1.618
-1.207,1.681
-1.403,1.676
-2.162,1.418
-2.481,1.679
-2.471,1.473
-3.102,1.653
2.332,1.318
1.777,1.736
1.534,-1.154
-2.039,0.315
2.488,0.954
1.539,0.549
1.621,-2.133
1.557,-0.156
1.435,-0.152
1.327,-1.848
-1.049,0.91
-1.071,-1.028
-1.948,-1.062
-2.684,-0.172
-3.001,-0.188
2.369,-1.683
2.386,0.515
2.191,-0.126
2.186,0.303
2.087,0.95
2.077,0.134
2.073,-0.667
1.952,-1.723
1.668,-0.192
1.314,-0.01
1.038,0.072
-0.967,0.034
1.875,-1.394
3.043,-2.49
2.045,1.091
2.82,-2.721
1.022,1.496
-0.008,1.273
-0.117,1.157
-0.192,1.445
-0.086,3.567
-0.079,2.948
-0.159,-0.255
-0.328,2.424
-0.342,3.693
-0.439,3.544
-0.457,3.565
-0.326,3.56
-0.435,0.198
-0.389,1.295
-0.438,2.418
-0.607,3.653
-0.601,0.844
-0.475,2.436
-0.556,2.092
-0.556,0.425
-0.586,3.468
-0.851,1.406
-0.921,1.324
-1.119,0.245
-1.146,3.555
-1.041,1.972
-1.05,2.828
-1.216,-0.13
-1.305,1.668
-1.337,2.263
-1.242,3.627
-1.377,1.516
-1.284,3.591
-1.27,2.359
-1.469,-0.216
-1.491,1.303
-1.39,2.785
-1.461,1.763
-1.472,0.068
-1.477,3.542
-1.649,0.034
-1.577,2.096
-1.618,0.49
-1.747,0.236
-1.657,1.617
-1.766,-0.09
-1.638,0.898
-1.713,0.912
-1.741,-0.198
-1.89,0.466
-1.9,0.061
-1.779,1.216
-1.744,3.662
-1.903,3.242
-1.794,0.232
-1.887,1.34
-1.935,1.577
-2.047,-0.074
-2.113,1.482
-2.034,2.017
-2.046,0.86
-2.269,-0.181
-2.256,2.501
-2.166,3.242
-2.194,1.502
-2.335,0.231
-2.428,3.091
-2.322,1.757
-2.441,2.602
-2.428,2.638
-2.682,0.453
-2.621,2.099
-2.911,3.728
-3.053,0.994
-2.936,0.898
-3.079,3.565
2.894,2.381
2.769,1.616
2.635,0.237
2.605,2.846
2.698,3.328
2.519,1.902
2.615,3.544
2.445,2.736
2.261,0.097
2.028,2.144
1.877,3.646
1.841,0.09
1.822,3.662
1.895,2.874
1.739,0.023
1.841,3.448
1.678,-0.454
1.645,-0.577
1.614,-0.509
1.545,-0.564
0.781,-0.574
0.456,-0.532
-0.302,-0.459
-1.514,-0.464
3.046,-0.369
1.858,-0.343
1.357,4.035
1.305,4.151
1.246,3.853
0.98,3.89
0.875,4.11
0.878,3.787
0.77,3.854
0.521,4.009
0.488,4.108
-0.985,3.997
-1.17,4.06
-1.366,4.055
-2.125,3.797
-2.444,4.058
-2.434,3.852
-3.065,4.032
2.369,3.697
1.814,4.115
1.571,1.225
-2.002,2.694
2.525,3.333
1.576,2.928
1.658,0.246
1.594,2.223
1.472,2.227
1.364,0.531
-1.012,3.289
-1.034,1.351
-1.911,1.317
-2.647,2.207
-2.964,2.191
2.406,0.696
2.423,2.894
2.228,2.253
2.223,2.682
2.124,3.329
2.114,2.513
2.11,1.712
1.989,0.656
1.705,2.187
1.351,2.369
1.075,2.451
-0.93,2.413
1.912,0.985
3.08,-0.111
2.082,3.47
2.857,-0.342
1.059,3.875
-0.109,-0.116
-0.184,0.172
-0.078,2.294
-0.071,1.675
-0.151,-1.528
-0.32,1.151
-0.334,2.42
-0.431,2.271
-0.449,2.292
-0.318,2.287
-0.427,-1.075
-0.381,0.022
-0.43,1.145
-0.599,2.38
-0.593,-0.429
-0.467,1.163
-0.548,0.819
-0.548,-0.848
-0.578,2.195
-0.843,0.133
-0.913,0.051
-1.111,-1.028
-1.138,2.282
-1.033,0.699
-1.042,1.555
-1.208,-1.403
-1.297,0.395
-1.329,0.99
-1.234,2.354
-1.369,0.243
-1.276,2.318
-1.262,1.086
-1.461,-1.489
-1.483,0.03
-1.382,1.512
-1.453,0.49
-1.464,-1.205
-1.469,2.269
-1.641,-1.239
-1.569,0.823
-1.61,-0.783
-1.739,-1.037
-1.649,0.344
-1.758,-1.363
-1.63,-0.375
-1.705,-0.361
-1.733,-1.471
-1.882,-0.807
-1.892,-1.212
-1.771,-0.057
-1.736,2.389
-1.895,1.969
-1.786,-1.041
-1.879,0.067
-1.927,0.304
-2.039,-1.347
-2.105,0.209
-2.026,0.744
-2.038,-0.413
-2.261,-1.454
-2.248,1.228
-2.158,1.969
-2.186,0.229
-2.327,-1.042
-2.42,1.818
-2.314,0.484
-2.433,1.329
-2.42,1.365
-2.674,-0.82
-2.613,0.826
-2.903,2.455
-3.045,-0.279
-2.928,-0.375
-3.071,2.292
2.902,1.108
2.777,0.343
2.643,-1.036
2.613,1.573
2.706,2.055
2.527,0.629
2.623,2.271
2.453,1.463
2.269,-1.176
2.036,0.871
1.885,2.373
1.849,-1.183
1.83,2.389
1.903,1.601
1.747,-1.25
1.849,2.175
1.686,-1.727
1.653,-1.85
1.622,-1.782
1.553,-1.837
0.789,-1.847
0.464,-1.805
-0.294,-1.732
-1.506,-1.737
3.054,-1.642
1.866,-1.616
1.365,2.762
1.313,2.878
1.254,2.58
0.988,2.617
0.883,2.837
0.886,2.514
0.778,2.581
0.529,2.736
0.496,2.835
-0.977,2.724
-1.162,2.787
-1.358,2.782
-2.117,2.524
-2.436,2.785
-2.426,2.579
-3.057,2.759
2.377,2.424
1.822,2.842
1.579,-0.048
-1.994,1.421
2.533,2.06
1.584,1.655
1.666,-1.027
1.602,0.95
1.48,0.954
1.372,-0.742
-1.004,2.016
-1.026,0.078
-1.903,0.044
-2.639,0.934
-2.956,0.918
2.414,-0.577
2.431,1.621
2.236,0.98
2.231,1.409
2.132,2.056
2.122,1.24
2.118,0.439
1.997,-0.617
1.713,0.914
1.359,1.096
1.083,1.178
-0.922,1.14
1.92,-0.288
3.088,-1.384
2.09,2.197
2.865,-1.615
1.067,2.602
-0.075,0.288
0.031,2.41
0.038,1.791
-0.042,-1.412
-0.211,1.267
-0.225,2.536
-0.322,2.387
-0.34,2.408
-0.209,2.403
-0.318,-0.959
-0.272,0.138
-0.321,1.261
-0.49,2.496
-0.484,-0.313
-0.358,1.279
-0.439,0.935
-0.439,-0.732
-0.469,2.311
-0.734,0.249
-0.804,0.167
-1.002,-0.912
-1.029,2.398
-0.924,0.815
-0.933,1.671
-1.099,-1.287
-1.188,0.511
-1.22,1.106
-1.125,2.47
-1.26,0.359
-1.167,2.434
-1.153,1.202
-1.352,-1.373
-1.374,0.146
-1.273,1.628
-1.344,0.606
-1.355,-1.089
-1.36,2.385
-1.532,-1.123
-1.46,0.939
-1.501,-0.667
-1.63,-0.921
-1.54,0.46
-1.649,-1.247
-1.521,-0.259
-1.596,-0.245
-1.624,-1.355
-1.773,-0.691
-1.783,-1.096
-1.662,0.059
-1.627,2.505
-1.786,2.085
-1.677,-0.925
-1.77,0.183
-1.818,0.42
-1.93,-1.231
-1.996,0.325
-1.917,0.86
-1.929,-0.297
-2.152,-1.338
-2.139,1.344
-2.049,2.085
-2.077,0.345
-2.218,-0.926
-2.311,1.934
-2.205,0.6
-2.324,1.445
-2.311,1.481
-2.565,-0.704
-2.504,0.942
-2.794,2.571
-2.936,-0.163
-2.819,-0.259
-2.962,2.408
3.011,1.224
2.886,0.459
2.752,-0.92
2.722,1.689
2.815,2.171
2.636,0.745
2.732,2.387
2.562,1.579
2.378,-1.06
2.145,0.987
1.994,2.489
1.958,-1.067
1.939,2.505
2.012,1.717
1.856,-1.134
1.958,2.291
1.795,-1.611
1.762,-1.734
1.731,-1.666
1.662,-1.721
0.898,-1.731
0.573,-1.689
-0.185,-1.616
-1.397,-1.621
-3.12,-1.526
1.975,-1.5
1.474,2.878
1.422,2.994
1.363,2.696
1.097,2.733
0.992,2.953
0.995,2.63
0.887,2.697
0.638,2.852
0.605,2.951
-0.868,2.84
-1.053,2.903
-1.249,2.898
-2.008,2.64
-2.327,2.901
-2.317,2.695
-2.948,2.875
2.486,2.54
1.931,2.958
1.688,0.068
-1.885,1.537
2.642,2.176
1.693,1.771
1.775,-0.911
1.711,1.066
1.589,1.07
1.481,-0.626
-0.895,2.132
-0.917,0.194
-1.794,0.16
-2.53,1.05
-2.847,1.034
2.523,-0.461
2.54,1.737
2.345,1.096
2.34,1.525
2.241,2.172
2.231,1.356
2.227,0.555
2.106,-0.501
1.822,1.03
1.468,1.212
1.192,1.294
-0.813,1.256
2.029,-0.172
-3.086,-1.268
2.199,2.313
2.974,-1.499
1.176,2.718
0.106,2.122
0.113,1.503
0.033,-1.7
-0.136,0.979
-0.15,2.248
-0.247,2.099
-0.265,2.12
-0.134,2.115
-0.243,-1.247
-0.197,-0.15
-0.246,0.973
-0.415,2.208
-0.409,-0.601
-0.283,0.991
-0.364,0.647
-0.364,-1.02
-0.394,2.023
-0.659,-0.039
-0.729,-0.121
-0.927,-1.2
-0.954,2.11
-0.849,0.527
-0.858,1.383
-1.024,-1.575
-1.113,0.223
-1.145,0.818
-1.05,2.182
-1.185,0.071
-1.092,2.146
-1.078,0.914
-1.277,-1.661
-1.299,-0.142
-1.198,1.34
-1.269,0.318
-1.28,-1.377
-1.285,2.097
-1.457,-1.411
-1.385,0.651
-1.426,-0.955
-1.555,-1.209
-1.465,0.172
-1.574,-1.535
-1.446,-0.547
-1.521,-0.533
-1.549,-1.643
-1.698,-0.979
-1.708,-1.384
-1.587,-0.229
-1.552,2.217
-1.711,1.797
-1.602,-1.213
-1.695,-0.105
-1.743,0.132
-1.855,-1.519
-1.921,0.037
-1.842,0.572
-1.854,-0.585
-2.077,-1.626
-2.064,1.056
-1.974,1.797
-2.002,0.057
-2.143,-1.214
-2.236,1.646
-2.13,0.312
-2.249,1.157
-2.236,1.193
-2.49,-0.992
-2.429,0.654
-2.719,2.283
-2.861,-0.451
-2.744,-0.547
-2.887,2.12
3.086,0.936
2.961,0.171
2.827,-1.208
2.797,1.401
2.89,1.883
2.711,0.457
2.807,2.099
2.637,1.291
2.453,-1.348
2.22,0.699
2.069,2.201
2.033,-1.355
2.014,2.217
2.087,1.429
1.931,-1.422
2.033,2.003
1.87,-1.899
1.837,-2.022
1.806,-1.954
1.737,-2.009
0.973,-2.019
0.648,-1.977
-0.11,-1.904
-1.322,-1.909
-3.045,-1.814
2.05,-1.788
1.549,2.59
1.497,2.706
1.438,2.408
1.172,2.445
1.067,2.665
1.07,2.342
0.962,2.409
0.713,2.564
0.68,2.663
-0.793,2.552
-0.978,2.615
-1.174,2.61
-1.933,2.352
-2.252,2.613
-2.242,2.407
-2.873,2.587
2.561,2.252
2.006,2.67
1.763,-0.22
-1.81,1.249
2.717,1.888
1.768,1.483
1.85,-1.199
1.786,0.778
1.664,0.782
1.556,-0.914
-0.82,1.844
-0.842,-0.094
-1.719,-0.128
-2.455,0.762
-2.772,0.746
2.598,-0.749
2.615,1.449
2.42,0.808
2.415,1.237
2.316,1.884
2.306,1.068
2.302,0.267
2.181,-0.789
1.897,0.742
1.543,0.924
1.267,1.006
-0.738,0.968
2.104,-0.46
-3.011,-1.556
2.274,2.025
3.049,-1.787
1.251,2.43
0.007,-0.619
-0.073,-3.822
-0.242,-1.143
-0.256,0.126
-0.353,-0.023
-0.371,-0.002
-0.24,-0.007
-0.349,-3.369
-0.303,-2.272
-0.352,-1.149
-0.521,0.086
-0.515,-2.723
-0.389,-1.131
-0.47,-1.475
-0.47,-3.142
-0.5,-0.099
-0.765,-2.161
-0.835,-2.243
-1.033,-3.322
-1.06,-0.012
-0.955,-1.595
-0.964,-0.739
-1.13,-3.697
-1.219,-1.899
-1.251,-1.304
-1.156,0.06
-1.291,-2.051
-1.198,0.024
-1.184,-1.208
-1.383,-3.783
-1.405,-2.264
-1.304,-0.782
-1.375,-1.804
-1.386,-3.499
-1.391,-0.025
-1.563,-3.533
-1.491,-1.471
-1.532,-3.077
-1.661,-3.331
-1.571,-1.95
-1.68,-3.657
-1.552,-2.669
-1.627,-2.655
-1.655,-3.765
-1.804,-3.101
-1.814,-3.506
-1.693,-2.351
-1.658,0.095
-1.817,-0.325
-1.708,-3.335
-1.801,-2.227
-1.849,-1.99
-1.961,-3.641
-2.027,-2.085
-1.948,-1.55
-1.96,-2.707
-2.183,-3.748
-2.17,-1.066
-2.08,-0.325
-2.108,-2.065
-2.249,-3.336
-2.342,-0.476
-2.236,-1.81
-2.355,-0.965
-2.342,-0.929
-2.596,-3.114
-2.535,-1.468
-2.825,0.161
-2.967,-2.573
-2.85,-2.669
-2.993,-0.002
2.98,-1.186
2.855,-1.951
2.721,-3.33
2.691,-0.721
2.784,-0.239
2.605,-1.665
2.701,-0.023
2.531,-0.831
2.347,-3.47
2.114,-1.423
1.963,0.079
1.927,-3.477
1.908,0.095
1.981,-0.693
1.825,-3.544
1.927,-0.119
1.764,-4.021
1.731,-4.144
1.7,-4.076
1.631,-4.131
0.867,-4.141
0.542,-4.099
-0.216,-4.026
-1.428,-4.031
3.132,-3.936
1.944,-3.91
1.443,0.468
1.391,0.584
1.332,0.286
1.066,0.323
0.961,0.543
0.964,0.22
0.856,0.287
0.607,0.442
0.574,0.541
-0.899,0.43
-1.084,0.493
-1.28,0.488
-2.039,0.23
-2.358,0.491
-2.348,0.285
-2.979,0.465
2.455,0.13
1.9,0.548
1.657,-2.342
-1.916,-0.873
2.611,-0.234
1.662,-0.639
1.744,-3.321
1.68,-1.344
1.558,-1.34
1.45,-3.036
-0.926,-0.278
-0.948,-2.216
-1.825,-2.25
-2.561,-1.36
-2.878,-1.376
2.492,-2.871
2.509,-0.673
2.314,-1.314
2.309,-0.885
2.21,-0.238
2.2,-1.054
2.196,-1.855
2.075,-2.911
1.791,-1.38
1.437,-1.198
1.161,-1.116
-0.844,-1.154
1.998,-2.582
-3.117,-3.678
2.168,-0.097
2.943,-3.909
1.145,0.308
-0.08,-3.203
-0.249,-0.524
-0.263,0.745
-0.36,0.596
-0.378,0.617
-0.247,0.612
-0.356,-2.75
-0.31,-1.653
-0.359,-0.53
-0.528,0.705
-0.522,-2.104
-0.396,-0.512
-0.477,-0.856
-0.477,-2.523
-0.507,0.52
-0.772,-1.542
-0.842,-1.624
-1.04,-2.703
-1.067,0.607
-0.962,-0.976
-0.971,-0.12
-1.137,-3.078
-1.226,-1.28
-1.258,-0.685
-1.163,0.679
-1.298,-1.432
-1.205,0.643
-1.191,-0.589
-1.39,-3.164
-1.412,-1.645
-1.311,-0.163
-1.382,-1.185
-1.393,-2.88
-1.398,0.594
-1.57,-2.914
-1.498,-0.852
-1.539,-2.458
-1.668,-2.712
-1.578,-1.331
-1.687,-3.038
-1.559,-2.05
-1.634,-2.036
-1.662,-3.146
-1.811,-2.482
-1.821,-2.887
-1.7,-1.732
-1.665,0.714
-1.824,0.294
-1.715,-2.716
-1.808,-1.608
-1.856,-1.371
-1.968,-3.022
-2.034,-1.466
-1.955,-0.931
-1.967,-2.088
-2.19,-3.129
-2.177,-0.447
-2.087,0.294
-2.115,-1.446
-2.256,-2.717
-2.349,0.143
-2.243,-1.191
-2.362,-0.346
-2.349,-0.31
-2.603,-2.495
-2.542,-0.849
-2.832,0.78
-2.974,-1.954
-2.857,-2.05
-3.0,0.617
2.973,-0.567
2.848,-1.332
2.714,-2.711
2.684,-0.102
2.777,0.38
2.598,-1.046
2.694,0.596
2.524,-0.212
2.34,-2.851
2.107,-0.804
1.956,0.698
1.92,-2.858
1.901,0.714
1.974,-0.074
1.818,-2.925
1.92,0.5
1.757,-3.402
1.724,-3.525
1.693,-3.457
1.624,-3.512
0.86,-3.522
0.535,-3.48
-0.223,-3.407
-1.435,-3.412
3.125,-3.317
1.937,-3.291
1.436,1.087
1.384,1.203
1.325,0.905
1.059,0.942
0.954,1.162
0.957,0.839
0.849,0.906
0.6,1.061
0.567,1.16
-0.906,1.049
-1.091,1.112
-1.287,1.107
-2.046,0.849
-2.365,1.11
-2.355,0.904
-2.986,1.084
2.448,0.749
1.893,1.167
1.65,-1.723
-1.923,-0.254
2.604,0.385
1.655,-0.02
1.737,-2.702
1.673,-0.725
1.551,-0.721
1.443,-2.417
-0.933,0.341
-0.955,-1.597
-1.832,-1.631
-2.568,-0.741
-2.885,-0.757
2.485,-2.252
2.502,-0.054
2.307,-0.695
2.302,-0.266
2.203,0.381
2.193,-0.435
2.189,-1.236
2.068,-2.292
1.784,-0.761
1.43,-0.579
1.154,-0.497
-0.851,-0.535
1.991,-1.963
-3.124,-3.059
2.161,0.522
2.936,-3.29
1.138,0.927
-0.169,2.679
-0.183,3.948
-0.28,3.799
-0.298,3.82
-0.167,3.815
-0.276,0.453
-0.23,1.55
-0.279,2.673
-0.448,3.908
-0.442,1.099
-0.316,2.691
-0.397,2.347
-0.397,0.68
-0.427,3.723
-0.692,1.661
-0.762,1.579
-0.96,0.5
-0.987,3.81
-0.882,2.227
-0.891,3.083
-1.057,0.125
-1.146,1.923
-1.178,2.518
-1.083,3.882
-1.218,1.771
-1.125,3.846
-1.111,2.614
-1.31,0.039
-1.332,1.558
-1.231,3.04
-1.302,2.018
-1.313,0.323
-1.318,3.797
-1.49,0.289
-1.418,2.351
-1.459,0.745
-1.588,0.491
-1.498,1.872
-1.607,0.165
-1.479,1.153
-1.554,1.167
-1.582,0.057
-1.731,0.721
-1.741,0.316
-1.62,1.471
-1.585,3.917
-1.744,3.497
-1.635,0.487
-1.728,1.595
-1.776,1.832
-1.888,0.181
-1.954,1.737
-1.875,2.272
-1.887,1.115
-2.11,0.074
-2.097,2.756
-2.007,3.497
-2.035,1.757
-2.176,0.486
-2.269,3.346
-2.163,2.012
-2.282,2.857
-2.269,2.893
-2.523,0.708
-2.462,2.354
-2.752,3.983
-2.894,1.249
-2.777,1.153
-2.92,3.82
3.053,2.636
2.928,1.871
2.794,0.492
2.764,3.101
2.857,3.583
2.678,2.157
2.774,3.799
2.604,2.991
2.42,0.352
2.187,2.399
2.036,3.901
2.0,0.345
1.981,3.917
2.054,3.129
1.898,0.278
2.0,3.703
1.837,-0.199
1.804,-0.322
1.773,-0.254
1.704,-0.309
0.94,-0.319
0.615,-0.277
-0.143,-0.204
-1.355,-0.209
-3.078,-0.114
2.017,-0.088
1.516,4.29
1.464,4.406
1.405,4.108
1.139,4.145
1.034,4.365
1.037,4.042
0.929,4.109
0.68,4.264
0.647,4.363
-0.826,4.252
-1.011,4.315
-1.207,4.31
-1.966,4.052
-2.285,4.313
-2.275,4.107
-2.906,4.287
2.528,3.952
1.973,4.37
1.73,1.48
-1.843,2.949
2.684,3.588
1.735,3.183
1.817,0.501
1.753,2.478
1.631,2.482
1.523,0.786
-0.853,3.544
-0.875,1.606
-1.752,1.572
-2.488,2.462
-2.805,2.446
2.565,0.951
2.582,3.149
2.387,2.508
2.382,2.937
2.283,3.584
2.273,2.768
2.269,1.967
2.148,0.911
1.864,2.442
1.51,2.624
1.234,2.706
-0.771,2.668
2.071,1.24
-3.044,0.144
2.241,3.725
3.016,-0.087
1.218,4.13
-0.014,1.269
-0.111,1.12
-0.129,1.141
0.002,1.136
-0.107,-2.226
-0.061,-1.129
-0.11,-0.006
-0.279,1.229
-0.273,-1.58
-0.147,0.012
-0.228,-0.332
-0.228,-1.999
-0.258,1.044
-0.523,-1.018
-0.593,-1.1
-0.791,-2.179
-0.818,1.131
-0.713,-0.452
-0.722,0.404
-0.888,-2.554
-0.977,-0.756
-1.009,-0.161
-0.914,1.203
-1.049,-0.908
-0.956,1.167
-0.942,-0.065
-1.141,-2.64
-1.163,-1.121
-1.062,0.361
-1.133,-0.661
-1.144,-2.356
-1.149,1.118
-1.321,-2.39
-1.249,-0.328
-1.29,-1.934
-1.419,-2.188
-1.329,-0.807
-1.438,-2.514
-1.31,-1.526
-1.385,-1.512
-1.413,-2.622
-1.562,-1.958
-1.572,-2.363
-1.451,-1.208
-1.416,1.238
-1.575,0.818
-1.466,-2.192
-1.559,-1.084
-1.607,-0.847
-1.719,-2.498
-1.785,-0.942
-1.706,-0.407
-1.718,-1.564
-1.941,-2.605
-1.928,0.077
-1.838,0.818
-1.866,-0.922
-2.007,-2.193
-2.1,0.667
-1.994,-0.667
-2.113,0.178
-2.1,0.214
-2.354,-1.971
-2.293,-0.325
-2.583,1.304
-2.725,-1.43
-2.608,-1.526
-2.751,1.141
-3.061,-0.043
3.097,-0.808
2.963,-2.187
2.933,0.422
3.026,0.904
2.847,-0.522
2.943,1.12
2.773,0.312
2.589,-2.327
2.356,-0.28
2.205,1.222
2.169,-2.334
2.15,1.238
2.223,0.45
2.067,-2.401
2.169,1.024
2.006,-2.878
1.973,-3.001
1.942,-2.933
1.873,-2.988
1.109,-2.998
0.784,-2.956
0.026,-2.883
-1.186,-2.888
-2.909,-2.793
2.186,-2.767
1.685,1.611
1.633,1.727
1.574,1.429
1.308,1.466
1.203,1.686
1.206,1.363
1.098,1.43
0.849,1.585
0.816,1.684
-0.657,1.573
-0.842,1.636
-1.038,1.631
-1.797,1.373
-2.116,1.634
-2.106,1.428
-2.737,1.608
2.697,1.273
2.142,1.691
1.899,-1.199
-1.674,0.27
2.853,0.909
1.904,0.504
1.986,-2.178
1.922,-0.201
1.8,-0.197
1.692,-1.893
-0.684,0.865
-0.706,-1.073
-1.583,-1.107
-2.319,-0.217
-2.636,-0.233
2.734,-1.728
2.751,0.47
2.556,-0.171
2.551,0.258
2.452,0.905
2.442,0.089
2.438,-0.712
2.317,-1.768
2.033,-0.237
1.679,-0.055
1.403,0.027
-0.602,-0.011
2.24,-1.439
-2.875,-2.535
2.41,1.046
-3.098,-2.766
1.387,1.451
-0.097,-0.149
-0.115,-0.128
0.016,-0.133
-0.093,-3.495
-0.047,-2.398
-0.096,-1.275
-0.265,-0.04
-0.259,-2.849
-0.133,-1.257
-0.214,-1.601
-0.214,-3.268
-0.244,-0.225
-0.509,-2.287
-0.579,-2.369
-0.777,-3.448
-0.804,-0.138
-0.699,-1.721
-0.708,-0.865
-0.874,-3.823
-0.963,-2.025
-0.995,-1.43
-0.9,-0.066
-1.035,-2.177
-0.942,-0.102
-0.928,-1.334
-1.127,-3.909
-1.149,-2.39
-1.048,-0.908
-1.119,-1.93
-1.13,-3.625
-1.135,-0.151
-1.307,-3.659
-1.235,-1.597
-1.276,-3.203
-1.405,-3.457
-1.315,-2.076
-1.424,-3.783
-1.296,-2.795
-1.371,-2.781
-1.399,-3.891
-1.548,-3.227
-1.558,-3.632
-1.437,-2.477
-1.402,-0.031
-1.561,-0.451
-1.452,-3.461
-1.545,-2.353
-1.593,-2.116
-1.705,-3.767
-1.771,-2.211
-1.692,-1.676
-1.704,-2.833
-1.927,-3.874
-1.914,-1.192
-1.824,-0.451
-1.852,-2.191
-1.993,-3.462
-2.086,-0.602
-1.98,-1.936
-2.099,-1.091
-2.086,-1.055
-2.34,-3.24
-2.279,-1.594
-2.569,0.035
-2.711,-2.699
-2.594,-2.795
-2.737,-0.128
-3.047,-1.312
3.111,-2.077
2.977,-3.456
2.947,-0.847
3.04,-0.365
2.861,-1.791
2.957,-0.149
2.787,-0.957
2.603,-3.596
2.37,-1.549
2.219,-0.047
2.183,-3.603
2.164,-0.031
2.237,-0.819
2.081,-3.67
2.183,-0.245
2.02,-4.147
1.987,-4.27
1.956,-4.202
1.887,-4.257
1.123,-4.267
0.798,-4.225
0.04,-4.152
-1.172,-4.157
-2.895,-4.062
2.2,-4.036
1.699,0.342
1.647,0.458
1.588,0.16
1.322,0.197
1.217,0.417
1.22,0.094
1.112,0.161
0.863,0.316
0.83,0.415
-0.643,0.304
-0.828,0.367
-1.024,0.362
-1.783,0.104
-2.102,0.365
-2.092,0.159
-2.723,0.339
2.711,0.004
2.156,0.422
1.913,-2.468
-1.66,-0.999
2.867,-0.36
1.918,-0.765
2.0,-3.447
1.936,-1.47
1.814,-1.466
1.706,-3.162
-0.67,-0.404
-0.692,-2.342
-1.569,-2.376
-2.305,-1.486
-2.622,-1.502
2.748,-2.997
2.765,-0.799
2.57,-1.44
2.565,-1.011
2.466,-0.364
2.456,-1.18
2.452,-1.981
2.331,-3.037
2.047,-1.506
1.693,-1.324
1.417,-1.242
-0.588,-1.28
2.254,-2.708
-2.861,-3.804
2.424,-0.223
-3.084,-4.035
1.401,0.182
-0.018,0.021
0.113,0.016
0.004,-3.346
0.05,-2.249
0.001,-1.126
-0.168,0.109
-0.162,-2.7
-0.036,-1.108
-0.117,-1.452
-0.117,-3.119
-0.147,-0.076
-0.412,-2.138
-0.482,-2.22
-0.68,-3.299
-0.707,0.011
-0.602,-1.572
-0.611,-0.716
-0.777,-3.674
-0.866,-1.876
-0.898,-1.281
-0.803,0.083
-0.938,-2.028
-0.845,0.047
-0.831,-1.185
-1.03,-3.76
-1.052,-2.241
-0.951,-0.759
-1.022,-1.781
-1.033,-3.476
-1.038,-0.002
-1.21,-3.51
-1.138,-1.448
-1.179,-3.054
-1.308,-3.308
-1.218,-1.927
-1.327,-3.634
-1.199,-2.646
-1.274,-2.632
-1.302,-3.742
-1.451,-3.078
-1.461,-3.483
-1.34,-2.328
-1.305,0.118
-1.464,-0.302
-1.355,-3.312
-1.448,-2.204
-1.496,-1.967
-1.608,-3.618
-1.674,-2.062
-1.595,-1.527
-1.607,-2.684
-1.83,-3.725
-1.817,-1.043
-1.727,-0.302
-1.755,-2.042
-1.896,-3.313
-1.989,-0.453
-1.883,-1.787
-2.002,-0.942
-1.989,-0.906
-2.243,-3.091
-2.182,-1.445
-2.472,0.184
-2.614,-2.55
-2.497,-2.646
-2.64,0.021
-2.95,-1.163
-3.075,-1.928
3.074,-3.307
3.044,-0.698
3.137,-0.216
2.958,-1.642
3.054,0.0
2.884,-0.808
2.7,-3.447
2.467,-1.4
2.316,0.102
2.28,-3.454
2.261,0.118
2.334,-0.67
2.178,-3.521
2.28,-0.096
2.117,-3.998
2.084,-4.121
2.053,-4.053
1.984,-4.108
1.22,-4.118
0.895,-4.076
0.137,-4.003
-1.075,-4.008
-2.798,-3.913
2.297,-3.887
1.796,0.491
1.744,0.607
1.685,0.309
1.419,0.346
1.314,0.566
1.317,0.243
1.209,0.31
0.96,0.465
0.927,0.564
-0.546,0.453
-0.731,0.516
-0.927,0.511
-1.686,0.253
-2.005,0.514
-1.995,0.308
-2.626,0.488
2.808,0.153
2.253,0.571
2.01,-2.319
-1.563,-0.85
2.964,-0.211
2.015,-0.616
2.097,-3.298
2.033,-1.321
1.911,-1.317
1.803,-3.013
-0.573,-0.255
-0.595,-2.193
-1.472,-2.227
-2.208,-1.337
-2.525,-1.353
2.845,-2.848
2.862,-0.65
2.667,-1.291
2.662,-0.862
2.563,-0.215
2.553,-1.031
2.549,-1.832
2.428,-2.888
2.144,-1.357
1.79,-1.175
1.514,-1.093
-0.491,-1.131
2.351,-2.559
-2.764,-3.655
2.521,-0.074
-2.987,-3.886
1.498,0.331
0.131,-0.005
0.022,-3.367
0.068,-2.27
0.019,-1.147
-0.15,0.088
-0.144,-2.721
-0.018,-1.129
-0.099,-1.473
-0.099,-3.14
-0.129,-0.097
-0.394,-2.159
-0.464,-2.241
-0.662,-3.32
-0.689,-0.01
-0.584,-1.593
-0.593,-0.737
-0.759,-3.695
-0.848,-1.897
-0.88,-1.302
-0.785,0.062
-0.92,-2.049
-0.827,0.026
-0.813,-1.206
-1.012,-3.781
-1.034,-2.262
-0.933,-0.78
-1.004,-1.802
-1.015,-3.497
-1.02,-0.023
-1.192,-3.531
-1.12,-1.469
-1.161,-3.075
-1.29,-3.329
-1.2,-1.948
-1.309,-3.655
-1.181,-2.667
-1.256,-2.653
-1.284,-3.763
-1.433,-3.099
-1.443,-3.504
-1.322,-2.349
-1.287,0.097
-1.446,-0.323
-1.337,-3.333
-1.43,-2.225
-1.478,-1.988
-1.59,-3.639
-1.656,-2.083
-1.577,-1.548
-1.589,-2.705
-1.812,-3.746
-1.799,-1.064
-1.709,-0.323
-1.737,-2.063
-1.878,-3.334
-1.971,-0.474
-1.865,-1.808
-1.984,-0.963
-1.971,-0.927
-2.225,-3.112
-2.164,-1.466
-2.454,0.163
-2.596,-2.571
-2.479,-2.667
-2.622,0.0
-2.932,-1.184
-3.057,-1.949
3.092,-3.328
3.062,-0.719
-3.128,-0.237
2.976,-1.663
3.072,-0.021
2.902,-0.829
2.718,-3.468
2.485,-1.421
2.334,0.081
2.298,-3.475
2.279,0.097
2.352,-0.691
2.196,-3.542
2.298,-0.117
2.135,-4.019
2.102,-4.142
2.071,-4.074
2.002,-4.129
1.238,-4.139
0.913,-4.097
0.155,-4.024
-1.057,-4.029
-2.78,-3.934
2.315,-3.908
1.814,0.47
1.762,0.586
1.703,0.288
1.437,0.325
1.332,0.545
1.335,0.222
1.227,0.289
0.978,0.444
0.945,0.543
-0.528,0.432
-0.713,0.495
-0.909,0.49
-1.668,0.232
-1.987,0.493
-1.977,0.287
-2.608,0.467
2.826,0.132
2.271,0.55
2.028,-2.34
-1.545,-0.871
2.982,-0.232
2.033,-0.637
2.115,-3.319
2.051,-1.342
1.929,-1.338
1.821,-3.034
-0.555,-0.276
-0.577,-2.214
-1.454,-2.248
-2.19,-1.358
-2.507,-1.374
2.863,-2.869
2.88,-0.671
2.685,-1.312
2.68,-0.883
2.581,-0.236
2.571,-1.052
2.567,-1.853
2.446,-2.909
2.162,-1.378
1.808,-1.196
1.532,-1.114
-0.473,-1.152
2.369,-2.58
-2.746,-3.676
2.539,-0.095
-2.969,-3.907
1.516,0.31
-0.109,-3.362
-0.063,-2.265
-0.112,-1.142
-0.281,0.093
-0.275,-2.716
-0.149,-1.124
-0.23,-1.468
-0.23,-3.135
-0.26,-0.092
-0.525,-2.154
-0.595,-2.236
-0.793,-3.315
-0.82,-0.005
-0.715,-1.588
-0.724,-0.732
-0.89,-3.69
-0.979,-1.892
-1.011,-1.297
-0.916,0.067
-1.051,-2.044
-0.958,0.031
-0.944,-1.201
-1.143,-3.776
-1.165,-2.257
-1.064,-0.775
-1.135,-1.797
-1.146,-3.492
-1.151,-0.018
-1.323,-3.526
-1.251,-1.464
-1.292,-3.07
-1.421,-3.324
-1.331,-1.943
-1.44,-3.65
-1.312,-2.662
-1.387,-2.648
-1.415,-3.758
-1.564,-3.094
-1.574,-3.499
-1.453,-2.344
-1.418,0.102
-1.577,-0.318
-1.468,-3.328
-1.561,-2.22
-1.609,-1.983
-1.721,-3.634
-1.787,-2.078
-1.708,-1.543
-1.72,-2.7
-1.943,-3.741
-1.93,-1.059
-1.84,-0.318
-1.868,-2.058
-2.009,-3.329
-2.102,-0.469
-1.996,-1.803
-2.115,-0.958
-2.102,-0.922
-2.356,-3.107
-2.295,-1.461
-2.585,0.168
-2.727,-2.566
-2.61,-2.662
-2.753,0.005
-3.063,-1.179
3.095,-1.944
2.961,-3.323
2.931,-0.714
3.024,-0.232
2.845,-1.658
2.941,-0.016
2.771,-0.824
2.587,-3.463
2.354,-1.416
2.203,0.086
2.167,-3.47
2.148,0.102
2.221,-0.686
2.065,-3.537
2.167,-0.112
2.004,-4.014
1.971,-4.137
1.94,-4.069
1.871,-4.124
1.107,-4.134
0.782,-4.092
0.024,-4.019
-1.188,-4.024
-2.911,-3.929
2.184,-3.903
1.683,0.475
1.631,0.591
1.572,0.293
1.306,0.33
1.201,0.55
1.204,0.227
1.096,0.294
0.847,0.449
0.814,0.548
-0.659,0.437
-0.844,0.5
-1.04,0.495
-1.799,0.237
-2.118,0.498
-2.108,0.292
-2.739,0.472
2.695,0.137
2.14,0.555
1.897,-2.335
-1.676,-0.866
2.851,-0.227
1.902,-0.632
1.984,-3.314
1.92,-1.337
1.798,-1.333
1.69,-3.029
-0.686,-0.271
-0.708,-2.209
-1.585,-2.243
-2.321,-1.353
-2.638,-1.369
2.732,-2.864
2.749,-0.666
2.554,-1.307
2.549,-0.878
2.45,-0.231
2.44,-1.047
2.436,-1.848
2.315,-2.904
2.031,-1.373
1.677,-1.191
1.401,-1.109
-0.604,-1.147
2.238,-2.575
-2.877,-3.671
2.408,-0.09
-3.1,-3.902
1.385,0.315
0.046,1.097
-0.003,2.22
-0.172,3.455
-0.166,0.646
-0.04,2.238
-0.121,1.894
-0.121,0.227
-0.151,3.27
-0.416,1.208
-0.486,1.126
-0.684,0.047
-0.711,3.357
-0.606,1.774
-0.615,2.63
-0.781,-0.328
-0.87,1.47
-0.902,2.065
-0.807,3.429
-0.942,1.318
-0.849,3.393
-0.835,2.161
-1.034,-0.414
-1.056,1.105
-0.955,2.587
-1.026,1.565
-1.037,-0.13
-1.042,3.344
-1.214,-0.164
-1.142,1.898
-1.183,0.292
-1.312,0.038
-1.222,1.419
-1.331,-0.288
-1.203,0.7
-1.278,0.714
-1.306,-0.396
-1.455,0.268
-1.465,-0.137
-1.344,1.018
-1.309,3.464
-1.468,3.044
-1.359,0.034
-1.452,1.142
-1.5,1.379
-1.612,-0.272
-1.678,1.284
-1.599,1.819
-1.611,0.662
-1.834,-0.379
-1.821,2.303
-1.731,3.044
-1.759,1.304
-1.9,0.033
-1.993,2.893
-1.887,1.559
-2.006,2.404
-1.993,2.44
-2.247,0.255
-2.186,1.901
-2.476,3.53
-2.618,0.796
-2.501,0.7
-2.644,3.367
-2.954,2.183
-3.079,1.418
3.07,0.039
3.04,2.648
3.133,3.13
2.954,1.704
3.05,3.346
2.88,2.538
2.696,-0.101
2.463,1.946
2.312,3.448
2.276,-0.108
2.257,3.464
2.33,2.676
2.174,-0.175
2.276,3.25
2.113,-0.652
2.08,-0.775
2.049,-0.707
1.98,-0.762
1.216,-0.772
0.891,-0.73
0.133,-0.657
-1.079,-0.662
-2.802,-0.567
2.293,-0.541
1.792,3.837
1.74,3.953
1.681,3.655
1.415,3.692
1.31,3.912
1.313,3.589
1.205,3.656
0.956,3.811
0.923,3.91
-0.55,3.799
-0.735,3.862
-0.931,3.857
-1.69,3.599
-2.009,3.86
-1.999,3.654
-2.63,3.834
2.804,3.499
2.249,3.917
2.006,1.027
-1.567,2.496
2.96,3.135
2.011,2.73
2.093,0.048
2.029,2.025
1.907,2.029
1.799,0.333
-0.577,3.091
-0.599,1.153
-1.476,1.119
-2.212,2.009
-2.529,1.993
2.841,0.498
2.858,2.696
2.663,2.055
2.658,2.484
2.559,3.131
2.549,2.315
2.545,1.514
2.424,0.458
2.14,1.989
1.786,2.171
1.51,2.253
-0.495,2.215
2.347,0.787
-2.768,-0.309
2.517,3.272
-2.991,-0.54
1.494,3.677
-0.049,1.123
-0.218,2.358
-0.212,-0.451
-0.086,1.141
-0.167,0.797
-0.167,-0.87
-0.197,2.173
-0.462,0.111
-0.532,0.029
-0.73,-1.05
-0.757,2.26
-0.652,0.677
-0.661,1.533
-0.827,-1.425
-0.916,0.373
-0.948,0.968
-0.853,2.332
-0.988,0.221
-0.895,2.296
-0.881,1.064
-1.08,-1.511
-1.102,0.008
-1.001,1.49
-1.072,0.468
-1.083,-1.227
-1.088,2.247
-1.26,-1.261
-1.188,0.801
-1.229,-0.805
-1.358,-1.059
-1.268,0.322
-1.377,-1.385
-1.249,-0.397
-1.324,-0.383
-1.352,-1.493
-1.501,-0.829
-1.511,-1.234
-1.39,-0.079
-1.355,2.367
-1.514,1.947
-1.405,-1.063
-1.498,0.045
-1.546,0.282
-1.658,-1.369
-1.724,0.187
-1.645,0.722
-1.657,-0.435
-1.88,-1.476
-1.867,1.206
-1.777,1.947
-1.805,0.207
-1.946,-1.064
-2.039,1.796
-1.933,0.462
-2.052,1.307
-2.039,1.343
-2.293,-0.842
-2.232,0.804
-2.522,2.433
-2.664,-0.301
-2.547,-0.397
-2.69,2.27
-3.0,1.086
-3.125,0.321
3.024,-1.058
2.994,1.551
3.087,2.033
2.908,0.607
3.004,2.249
2.834,1.441
2.65,-1.198
2.417,0.849
2.266,2.351
2.23,-1.205
2.211,2.367
2.284,1.579
2.128,-1.272
2.23,2.153
2.067,-1.749
2.034,-1.872
2.003,-1.804
1.934,-1.859
1.17,-1.869
0.845,-1.827
0.087,-1.754
-1.125,-1.759
-2.848,-1.664
2.247,-1.638
1.746,2.74
1.694,2.856
1.635,2.558
1.369,2.595
1.264,2.815
1.267,2.492
1.159,2.559
0.91,2.714
0.877,2.813
-0.596,2.702
-0.781,2.765
-0.977,2.76
-1.736,2.502
-2.055,2.763
-2.045,2.557
-2.676,2.737
2.758,2.402
2.203,2.82
1.96,-0.07
-1.613,1.399
2.914,2.038
1.965,1.633
2.047,-1.049
1.983,0.928
1.861,0.932
1.753,-0.764
-0.623,1.994
-0.645,0.056
-1.522,0.022
-2.258,0.912
-2.575,0.896
2.795,-0.599
2.812,1.599
2.617,0.958
2.612,1.387
2.513,2.034
2.503,1.218
2.499,0.417
2.378,-0.639
2.094,0.892
1.74,1.074
1.464,1.156
-0.541,1.118
2.301,-0.31
-2.814,-1.406
2.471,2.175
-3.037,-1.637
1.448,2.58
-0.169,1.235
-0.163,-1.574
-0.037,0.018
-0.118,-0.326
-0.118,-1.993
-0.148,1.05
-0.413,-1.012
-0.483,-1.094
-0.681,-2.173
-0.708,1.137
-0.603,-0.446
-0.612,0.41
-0.778,-2.548
-0.867,-0.75
-0.899,-0.155
-0.804,1.209
-0.939,-0.902
-0.846,1.173
-0.832,-0.059
-1.031,-2.634
-1.053,-1.115
-0.952,0.367
-1.023,-0.655
-1.034,-2.35
-1.039,1.124
-1.211,-2.384
-1.139,-0.322
-1.18,-1.928
-1.309,-2.182
-1.219,-0.801
-1.328,-2.508
-1.2,-1.52
-1.275,-1.506
-1.303,-2.616
-1.452,-1.952
-1.462,-2.357
-1.341,-1.202
-1.306,1.244
-1.465,0.824
-1.356,-2.186
-1.449,-1.078
-1.497,-0.841
-1.609,-2.492
-1.675,-0.936
-1.596,-0.401
-1.608,-1.558
-1.831,-2.599
-1.818,0.083
-1.728,0.824
-1.756,-0.916
-1.897,-2.187
-1.99,0.673
-1.884,-0.661
-2.003,0.184
-1.99,0.22
-2.244,-1.965
-2.183,-0.319
-2.473,1.31
-2.615,-1.424
-2.498,-1.52
-2.641,1.147
-2.951,-0.037
-3.076,-0.802
3.073,-2.181
3.043,0.428
3.136,0.91
2.957,-0.516
3.053,1.126
2.883,0.318
2.699,-2.321
2.466,-0.274
2.315,1.228
2.279,-2.328
2.26,1.244
2.333,0.456
2.177,-2.395
2.279,1.03
2.116,-2.872
2.083,-2.995
2.052,-2.927
1.983,-2.982
1.219,-2.992
0.894,-2.95
0.136,-2.877
-1.076,-2.882
-2.799,-2.787
2.296,-2.761
1.795,1.617
1.743,1.733
1.684,1.435
1.418,1.472
1.313,1.692
1.316,1.369
1.208,1.436
0.959,1.591
0.926,1.69
-0.547,1.579
-0.732,1.642
-0.928,1.637
-1.687,1.379
-2.006,1.64
-1.996,1.434
-2.627,1.614
2.807,1.279
2.252,1.697
2.009,-1.193
-1.564,0.276
2.963,0.915
2.014,0.51
2.096,-2.172
2.032,-0.195
1.91,-0.191
1.802,-1.887
-0.574,0.871
-0.596,-1.067
-1.473,-1.101
-2.209,-0.211
-2.526,-0.227
2.844,-1.722
2.861,0.476
2.666,-0.165
2.661,0.264
2.562,0.911
2.552,0.095
2.548,-0.706
2.427,-1.762
2.143,-0.231
1.789,-0.049
1.513,0.033
-0.492,-0.005
2.35,-1.433
-2.765,-2.529
2.52,1.052
-2.988,-2.76
1.497,1.457
0.006,-2.809
0.132,-1.217
0.051,-1.561
0.051,-3.228
0.021,-0.185
-0.244,-2.247
-0.314,-2.329
-0.512,-3.408
-0.539,-0.098
-0.434,-1.681
-0.443,-0.825
-0.609,-3.783
-0.698,-1.985
-0.73,-1.39
-0.635,-0.026
-0.77,-2.137
-0.677,-0.062
-0.663,-1.294
-0.862,-3.869
-0.884,-2.35
-0.783,-0.868
-0.854,-1.89
-0.865,-3.585
-0.87,-0.111
-1.042,-3.619
-0.97,-1.557
-1.011,-3.163
-1.14,-3.417
-1.05,-2.036
-1.159,-3.743
-1.031,-2.755
-1.106,-2.741
-1.134,-3.851
-1.283,-3.187
-1.293,-3.592
-1.172,-2.437
-1.137,0.009
-1.296,-0.411
-1.187,-3.421
-1.28,-2.313
-1.328,-2.076
-1.44,-3.727
-1.506,-2.171
-1.427,-1.636
-1.439,-2.793
-1.662,-3.834
-1.649,-1.152
-1.559,-0.411
-1.587,-2.151
-1.728,-3.422
-1.821,-0.562
-1.715,-1.896
-1.834,-1.051
-1.821,-1.015
-2.075,-3.2
-2.014,-1.554
-2.304,0.075
-2.446,-2.659
-2.329,-2.755
-2.472,-0.088
-2.782,-1.272
-2.907,-2.037
-3.041,-3.416
-3.071,-0.807
-2.978,-0.325
3.126,-1.751
-3.061,-0.109
3.052,-0.917
2.868,-3.556
2.635,-1.509
2.484,-0.007
2.448,-3.563
2.429,0.009
2.502,-0.779
2.346,-3.63
2.448,-0.205
2.285,-4.107
2.252,-4.23
2.221,-4.162
2.152,-4.217
1.388,-4.227
1.063,-4.185
0.305,-4.112
-0.907,-4.117
-2.63,-4.022
2.465,-3.996
1.964,0.382
1.912,0.498
1.853,0.2
1.587,0.237
1.482,0.457
1.485,0.134
1.377,0.201
1.128,0.356
1.095,0.455
-0.378,0.344
-0.563,0.407
-0.759,0.402
-1.518,0.144
-1.837,0.405
-1.827,0.199
-2.458,0.379
2.976,0.044
2.421,0.462
2.178,-2.428
-1.395,-0.959
3.132,-0.32
2.183,-0.725
2.265,-3.407
2.201,-1.43
2.079,-1.426
1.971,-3.122
-0.405,-0.364
-0.427,-2.302
-1.304,-2.336
-2.04,-1.446
-2.357,-1.462
3.013,-2.957
3.03,-0.759
2.835,-1.4
2.83,-0.971
2.731,-0.324
2.721,-1.14
2.717,-1.941
2.596,-2.997
2.312,-1.466
1.958,-1.284
1.682,-1.202
-0.323,-1.24
2.519,-2.668
-2.596,-3.764
2.689,-0.183
-2.819,-3.995
1.666,0.222
0.126,1.592
0.045,1.248
0.045,-0.419
0.015,2.624
-0.25,0.562
-0.32,0.48
-0.518,-0.599
-0.545,2.711
-0.44,1.128
-0.449,1.984
-0.615,-0.974
-0.704,0.824
-0.736,1.419
-0.641,2.783
-0.776,0.672
-0.683,2.747
-0.669,1.515
-0.868,-1.06
-0.89,0.459
-0.789,1.941
-0.86,0.919
-0.871,-0.776
-0.876,2.698
-1.048,-0.81
-0.976,1.252
-1.017,-0.354
-1.146,-0.608
-1.056,0.773
-1.165,-0.934
-1.037,0.054
-1.112,0.068
-1.14,-1.042
-1.289,-0.378
-1.299,-0.783
-1.178,0.372
-1.143,2.818
-1.302,2.398
-1.193,-0.612
-1.286,0.496
-1.334,0.733
-1.446,-0.918
-1.512,0.638
-1.433,1.173
-1.445,0.016
-1.668,-1.025
-1.655,1.657
-1.565,2.398
-1.593,0.658
-1.734,-0.613
-1.827,2.247
-1.721,0.913
-1.84,1.758
-1.827,1.794
-2.081,-0.391
-2.02,1.255
-2.31,2.884
-2.452,0.15
-2.335,0.054
-2.478,2.721
-2.788,1.537
-2.913,0.772
-3.047,-0.607
-3.077,2.002
-2.984,2.484
3.12,1.058
-3.067,2.7
3.046,1.892
2.862,-0.747
2.629,1.3
2.478,2.802
2.442,-0.754
2.423,2.818
2.496,2.03
2.34,-0.821
2.442,2.604
2.279,-1.298
2.246,-1.421
2.215,-1.353
2.146,-1.408
1.382,-1.418
1.057,-1.376
0.299,-1.303
-0.913,-1.308
-2.636,-1.213
2.459,-1.187
1.958,3.191
1.906,3.307
1.847,3.009
1.581,3.046
1.476,3.266
1.479,2.943
1.371,3.01
1.122,3.165
1.089,3.264
-0.384,3.153
-0.569,3.216
-0.765,3.211
-1.524,2.953
-1.843,3.214
-1.833,3.008
-2.464,3.188
2.97,2.853
2.415,3.271
2.172,0.381
-1.401,1.85
3.126,2.489
2.177,2.084
2.259,-0.598
2.195,1.379
2.073,1.383
1.965,-0.313
-0.411,2.445
-0.433,0.507
-1.31,0.473
-2.046,1.363
-2.363,1.347
3.007,-0.148
3.024,2.05
2.829,1.409
2.824,1.838
2.725,2.485
2.715,1.669
2.711,0.868
2.59,-0.188
2.306,1.343
1.952,1.525
1.676,1.607
-0.329,1.569
2.513,0.141
-2.602,-0.955
2.683,2.626
-2.825,-1.186
1.66,3.031
-0.081,-0.344
-0.081,-2.011
-0.111,1.032
-0.376,-1.03
-0.446,-1.112
-0.644,-2.191
-0.671,1.119
-0.566,-0.464
-0.575,0.392
-0.741,-2.566
-0.83,-0.768
-0.862,-0.173
-0.767,1.191
-0.902,-0.92
-0.809,1.155
-0.795,-0.077
-0.994,-2.652
-1.016,-1.133
-0.915,0.349
-0.986,-0.673
-0.997,-2.368
-1.002,1.106
-1.174,-2.402
-1.102,-0.34
-1.143,-1.946
-1.272,-2.2
-1.182,-0.819
-1.291,-2.526
-1.163,-1.538
-1.238,-1.524
-1.266,-2.634
-1.415,-1.97
-1.425,-2.375
-1.304,-1.22
-1.269,1.226
-1.428,0.806
-1.319,-2.204
-1.412,-1.096
-1.46,-0.859
-1.572,-2.51
-1.638,-0.954
-1.559,-0.419
-1.571,-1.576
-1.794,-2.617
-1.781,0.065
-1.691,0.806
-1.719,-0.934
-1.86,-2.205
-1.953,0.655
-1.847,-0.679
-1.966,0.166
-1.953,0.202
-2.207,-1.983
-2.146,-0.337
-2.436,1.292
-2.578,-1.442
-2.461,-1.538
-2.604,1.129
-2.914,-0.055
-3.039,-0.82
3.11,-2.199
3.08,0.41
-3.11,0.892
2.994,-0.534
3.09,1.108
2.92,0.3
2.736,-2.339
2.503,-0.292
2.352,1.21
2.316,-2.346
2.297,1.226
2.37,0.438
2.214,-2.413
2.316,1.012
2.153,-2.89
2.12,-3.013
2.089,-2.945
2.02,-3.0
1.256,-3.01
0.931,-2.968
0.173,-2.895
-1.039,-2.9
-2.762,-2.805
2.333,-2.779
1.832,1.599
1.78,1.715
1.721,1.417
1.455,1.454
1.35,1.674
1.353,1.351
1.245,1.418
0.996,1.573
0.963,1.672
-0.51,1.561
-0.695,1.624
-0.891,1.619
-1.65,1.361
-1.969,1.622
-1.959,1.416
-2.59,1.596
2.844,1.261
2.289,1.679
2.046,-1.211
-1.527,0.258
3.0,0.897
2.051,0.492
2.133,-2.19
2.069,-0.213
1.947,-0.209
1.839,-1.905
-0.537,0.853
-0.559,-1.085
-1.436,-1.119
-2.172,-0.229
-2.489,-0.245
2.881,-1.74
2.898,0.458
2.703,-0.183
2.698,0.246
2.599,0.893
2.589,0.077
2.585,-0.724
2.464,-1.78
2.18,-0.249
1.826,-0.067
1.55,0.015
-0.455,-0.023
2.387,-1.451
-2.728,-2.547
2.557,1.034
-2.951,-2.778
1.534,1.439
0.0,-1.667
-0.03,1.376
-0.295,-0.686
-0.365,-0.768
-0.563,-1.847
-0.59,1.463
-0.485,-0.12
-0.494,0.736
-0.66,-2.222
-0.749,-0.424
-0.781,0.171
-0.686,1.535
-0.821,-0.576
-0.728,1.499
-0.714,0.267
-0.913,-2.308
-0.935,-0.789
-0.834,0.693
-0.905,-0.329
-0.916,-2.024
-0.921,1.45
-1.093,-2.058
-1.021,0.004
-1.062,-1.602
-1.191,-1.856
-1.101,-0.475
-1.21,-2.182
-1.082,-1.194
-1.157,-1.18
-1.185,-2.29
-1.334,-1.626
-1.344,-2.031
-1.223,-0.876
-1.188,1.57
-1.347,1.15
-1.238,-1.86
-1.331,-0.752
-1.379,-0.515
-1.491,-2.166
-1.557,-0.61
-1.478,-0.075
-1.49,-1.232
-1.713,-2.273
-1.7,0.409
-1.61,1.15
-1.638,-0.59
-1.779,-1.861
-1.872,0.999
-1.766,-0.335
-1.885,0.51
-1.872,0.546
-2.126,-1.639
-2.065,0.007
-2.355,1.636
-2.497,-1.098
-2.38,-1.194
-2.523,1.473
-2.833,0.289
-2.958,-0.476
-3.092,-1.855
-3.122,0.754
-3.029,1.236
3.075,-0.19
-3.112,1.452
3.001,0.644
2.817,-1.995
2.584,0.052
2.433,1.554
2.397,-2.002
2.378,1.57
2.451,0.782
2.295,-2.069
2.397,1.356
2.234,-2.546
2.201,-2.669
2.17,-2.601
2.101,-2.656
1.337,-2.666
1.012,-2.624
0.254,-2.551
-0.958,-2.556
-2.681,-2.461
2.414,-2.435
1.913,1.943
1.861,2.059
1.802,1.761
1.536,1.798
1.431,2.018
1.434,1.695
1.326,1.762
1.077,1.917
1.044,2.016
-0.429,1.905
-0.614,1.968
-0.81,1.963
-1.569,1.705
-1.888,1.966
-1.878,1.76
-2.509,1.94
2.925,1.605
2.37,2.023
2.127,-0.867
-1.446,0.602
3.081,1.241
2.132,0.836
2.214,-1.846
2.15,0.131
2.028,0.135
1.92,-1.561
-0.456,1.197
-0.478,-0.741
-1.355,-0.775
-2.091,0.115
-2.408,0.099
2.962,-1.396
2.979,0.802
2.784,0.161
2.779,0.59
2.68,1.237
2.67,0.421
2.666,-0.38
2.545,-1.436
2.261,0.095
1.907,0.277
1.631,0.359
-0.374,0.321
2.468,-1.107
-2.647,-2.203
2.638,1.378
-2.87,-2.434
1.615,1.783
-0.03,3.043
-0.295,0.981
-0.365,0.899
-0.563,-0.18
-0.59,3.13
-0.485,1.547
-0.494,2.403
-0.66,-0.555
-0.749,1.243
-0.781,1.838
-0.686,3.202
-0.821,1.091
-0.728,3.166
-0.714,1.934
-0.913,-0.641
-0.935,0.878
-0.834,2.36
-0.905,1.338
-0.916,-0.357
-0.921,3.117
-1.093,-0.391
-1.021,1.671
-1.062,0.065
-1.191,-0.189
-1.101,1.192
-1.21,-0.515
-1.082,0.473
-1.157,0.487
-1.185,-0.623
-1.334,0.041
-1.344,-0.364
-1.223,0.791
-1.188,3.237
-1.347,2.817
-1.238,-0.193
-1.331,0.915
-1.379,1.152
-1.491,-0.499
-1.557,1.057
-1.478,1.592
-1.49,0.435
-1.713,-0.606
-1.7,2.076
-1.61,2.817
-1.638,1.077
-1.779,-0.194
-1.872,2.666
-1.766,1.332
-1.885,2.177
-1.872,2.213
-2.126,0.028
-2.065,1.674
-2.355,3.303
-2.497,0.569
-2.38,0.473
-2.523,3.14
-2.833,1.956
-2.958,1.191
-3.092,-0.188
-3.122,2.421
-3.029,2.903
3.075,1.477
-3.112,3.119
3.001,2.311
2.817,-0.328
2.584,1.719
2.433,3.221
2.397,-0.335
2.378,3.237
2.451,2.449
2.295,-0.402
2.397,3.023
2.234,-0.879
2.201,-1.002
2.17,-0.934
2.101,-0.989
1.337,-0.999
1.012,-0.957
0.254,-0.884
-0.958,-0.889
-2.681,-0.794
2.414,-0.768
1.913,3.61
1.861,3.726
1.802,3.428
1.536,3.465
1.431,3.685
1.434,3.362
1.326,3.429
1.077,3.584
1.044,3.683
-0.429,3.572
-0.614,3.635
-0.81,3.63
-1.569,3.372
-1.888,3.633
-1.878,3.427
-2.509,3.607
2.925,3.272
2.37,3.69
2.127,0.8
-1.446,2.269
3.081,2.908
2.132,2.503
2.214,-0.179
2.15,1.798
2.028,1.802
1.92,0.106
-0.456,2.864
-0.478,0.926
-1.355,0.892
-2.091,1.782
-2.408,1.766
2.962,0.271
2.979,2.469
2.784,1.828
2.779,2.257
2.68,2.904
2.67,2.088
2.666,1.287
2.545,0.231
2.261,1.762
1.907,1.944
1.631,2.026
-0.374,1.988
2.468,0.56
-2.647,-0.536
2.638,3.045
-2.87,-0.767
1.615,3.45
-0.265,-2.062
-0.335,-2.144
-0.533,-3.223
-0.56,0.087
-0.455,-1.496
-0.464,-0.64
-0.63,-3.598
-0.719,-1.8
-0.751,-1.205
-0.656,0.159
-0.791,-1.952
-0.698,0.123
-0.684,-1.109
-0.883,-3.684
-0.905,-2.165
-0.804,-0.683
-0.875,-1.705
-0.886,-3.4
-0.891,0.074
-1.063,-3.434
-0.991,-1.372
-1.032,-2.978
-1.161,-3.232
-1.071,-1.851
-1.18,-3.558
-1.052,-2.57
-1.127,-2.556
-1.155,-3.666
-1.304,-3.002
-1.314,-3.407
-1.193,-2.252
-1.158,0.194
-1.317,-0.226
-1.208,-3.236
-1.301,-2.128
-1.349,-1.891
-1.461,-3.542
-1.527,-1.986
-1.448,-1.451
-1.46,-2.608
-1.683,-3.649
-1.67,-0.967
-1.58,-0.226
-1.608,-1.966
-1.749,-3.237
-1.842,-0.377
-1.736,-1.711
-1.855,-0.866
-1.842,-0.83
-2.096,-3.015
-2.035,-1.369
-2.325,0.26
-2.467,-2.474
-2.35,-2.57
-2.493,0.097
-2.803,-1.087
-2.928,-1.852
-3.062,-3.231
-3.092,-0.622
-2.999,-0.14
3.105,-1.566
-3.082,0.076
3.031,-0.732
2.847,-3.371
2.614,-1.324
2.463,0.178
2.427,-3.378
2.408,0.194
2.481,-0.594
2.325,-3.445
2.427,-0.02
2.264,-3.922
2.231,-4.045
2.2,-3.977
2.131,-4.032
1.367,-4.042
1.042,-4.0
0.284,-3.927
-0.928,-3.932
-2.651,-3.837
2.444,-3.811
1.943,0.567
1.891,0.683
1.832,0.385
1.566,0.422
1.461,0.642
1.464,0.319
1.356,0.386
1.107,0.541
1.074,0.64
-0.399,0.529
-0.584,0.592
-0.78,0.587
-1.539,0.329
-1.858,0.59
-1.848,0.384
-2.479,0.564
2.955,0.229
2.4,0.647
2.157,-2.243
-1.416,-0.774
3.111,-0.135
2.162,-0.54
2.244,-3.222
2.18,-1.245
2.058,-1.241
1.95,-2.937
-0.426,-0.179
-0.448,-2.117
-1.325,-2.151
-2.061,-1.261
-2.378,-1.277
2.992,-2.772
3.009,-0.574
2.814,-1.215
2.809,-0.786
2.71,-0.139
2.7,-0.955
2.696,-1.756
2.575,-2.812
2.291,-1.281
1.937,-1.099
1.661,-1.017
-0.344,-1.055
2.498,-2.483
-2.617,-3.579
2.668,0.002
-2.84,-3.81
1.645,0.407
-0.07,-0.082
-0.268,-1.161
-0.295,2.149
-0.19,0.566
-0.199,1.422
-0.365,-1.536
-0.454,0.262
-0.486,0.857
-0.391,2.221
-0.526,0.11
-0.433,2.185
-0.419,0.953
-0.618,-1.622
-0.64,-0.103
-0.539,1.379
-0.61,0.357
-0.621,-1.338
-0.626,2.136
-0.798,-1.372
-0.726,0.69
-0.767,-0.916
-0.896,-1.17
-0.806,0.211
-0.915,-1.496
-0.787,-0.508
-0.862,-0.494
-0.89,-1.604
-1.039,-0.94
-1.049,-1.345
-0.928,-0.19
-0.893,2.256
-1.052,1.836
-0.943,-1.174
-1.036,-0.066
-1.084,0.171
-1.196,-1.48
-1.262,0.076
-1.183,0.611
-1.195,-0.546
-1.418,-1.587
-1.405,1.095
-1.315,1.836
-1.343,0.096
-1.484,-1.175
-1.577,1.685
-1.471,0.351
-1.59,1.196
-1.577,1.232
-1.831,-0.953
-1.77,0.693
-2.06,2.322
-2.202,-0.412
-2.085,-0.508
-2.228,2.159
-2.538,0.975
-2.663,0.21
-2.797,-1.169
-2.827,1.44
-2.734,1.922
-2.913,0.496
-2.817,2.138
-2.987,1.33
3.112,-1.309
2.879,0.738
2.728,2.24
2.692,-1.316
2.673,2.256
2.746,1.468
2.59,-1.383
2.692,2.042
2.529,-1.86
2.496,-1.983
2.465,-1.915
2.396,-1.97
1.632,-1.98
1.307,-1.938
0.549,-1.865
-0.663,-1.87
-2.386,-1.775
2.709,-1.749
2.208,2.629
2.156,2.745
2.097,2.447
1.831,2.484
1.726,2.704
1.729,2.381
1.621,2.448
1.372,2.603
1.339,2.702
-0.134,2.591
-0.319,2.654
-0.515,2.649
-1.274,2.391
-1.593,2.652
-1.583,2.446
-2.214,2.626
-3.063,2.291
2.665,2.709
2.422,-0.181
-1.151,1.288
-2.907,1.927
2.427,1.522
2.509,-1.16
2.445,0.817
2.323,0.821
2.215,-0.875
-0.161,1.883
-0.183,-0.055
-1.06,-0.089
-1.796,0.801
-2.113,0.785
-3.026,-0.71
-3.009,1.488
3.079,0.847
3.074,1.276
2.975,1.923
2.965,1.107
2.961,0.306
2.84,-0.75
2.556,0.781
2.202,0.963
1.926,1.045
-0.079,1.007
2.763,-0.421
-2.352,-1.517
2.933,2.064
-2.575,-1.748
1.91,2.469
-0.198,-1.079
-0.225,2.231
-0.12,0.648
-0.129,1.504
-0.295,-1.454
-0.384,0.344
-0.416,0.939
-0.321,2.303
-0.456,0.192
-0.363,2.267
-0.349,1.035
-0.548,-1.54
-0.57,-0.021
-0.469,1.461
-0.54,0.439
-0.551,-1.256
-0.556,2.218
-0.728,-1.29
-0.656,0.772
-0.697,-0.834
-0.826,-1.088
-0.736,0.293
-0.845,-1.414
-0.717,-0.426
-0.792,-0.412
-0.82,-1.522
-0.969,-0.858
-0.979,-1.263
-0.858,-0.108
-0.823,2.338
-0.982,1.918
-0.873,-1.092
-0.966,0.016
-1.014,0.253
-1.126,-1.398
-1.192,0.158
-1.113,0.693
-1.125,-0.464
-1.348,-1.505
-1.335,1.177
-1.245,1.918
-1.273,0.178
-1.414,-1.093
-1.507,1.767
-1.401,0.433
-1.52,1.278
-1.507,1.314
-1.761,-0.871
-1.7,0.775
-1.99,2.404
-2.132,-0.33
-2.015,-0.426
-2.158,2.241
-2.468,1.057
-2.593,0.292
-2.727,-1.087
-2.757,1.522
-2.664,2.004
-2.843,0.578
-2.747,2.22
-2.917,1.412
-3.101,-1.227
2.949,0.82
2.798,2.322
2.762,-1.234
2.743,2.338
2.816,1.55
2.66,-1.301
2.762,2.124
2.599,-1.778
2.566,-1.901
2.535,-1.833
2.466,-1.888
1.702,-1.898
1.377,-1.856
0.619,-1.783
-0.593,-1.788
-2.316,-1.693
2.779,-1.667
2.278,2.711
2.226,2.827
2.167,2.529
1.901,2.566
1.796,2.786
1.799,2.463
1.691,2.53
1.442,2.685
1.409,2.784
-0.064,2.673
-0.249,2.736
-0.445,2.731
-1.204,2.473
-1.523,2.734
-1.513,2.528
-2.144,2.708
-2.993,2.373
2.735,2.791
2.492,-0.099
-1.081,1.37
-2.837,2.009
2.497,1.604
2.579,-1.078
2.515,0.899
2.393,0.903
2.285,-0.793
-0.091,1.965
-0.113,0.027
-0.99,-0.007
-1.726,0.883
-2.043,0.867
-2.956,-0.628
-2.939,1.57
-3.134,0.929
-3.139,1.358
3.045,2.005
3.035,1.189
3.031,0.388
2.91,-0.668
2.626,0.863
2.272,1.045
1.996,1.127
-0.009,1.089
2.833,-0.339
-2.282,-1.435
3.003,2.146
-2.505,-1.666
1.98,2.551
-0.027,3.31
0.078,1.727
0.069,2.583
-0.097,-0.375
-0.186,1.423
-0.218,2.018
-0.123,3.382
-0.258,1.271
-0.165,3.346
-0.151,2.114
-0.35,-0.461
-0.372,1.058
-0.271,2.54
-0.342,1.518
-0.353,-0.177
-0.358,3.297
-0.53,-0.211
-0.458,1.851
-0.499,0.245
-0.628,-0.009
-0.538,1.372
-0.647,-0.335
-0.519,0.653
-0.594,0.667
-0.622,-0.443
-0.771,0.221
-0.781,-0.184
-0.66,0.971
-0.625,3.417
-0.784,2.997
-0.675,-0.013
-0.768,1.095
-0.816,1.332
-0.928,-0.319
-0.994,1.237
-0.915,1.772
-0.927,0.615
-1.15,-0.426
-1.137,2.256
-1.047,2.997
-1.075,1.257
-1.216,-0.014
-1.309,2.846
-1.203,1.512
-1.322,2.357
-1.309,2.393
-1.563,0.208
-1.502,1.854
-1.792,3.483
-1.934,0.749
-1.817,0.653
-1.96,3.32
-2.27,2.136
-2.395,1.371
-2.529,-0.008
-2.559,2.601
-2.466,3.083
-2.645,1.657
-2.549,3.299
-2.719,2.491
-2.903,-0.148
-3.136,1.899
2.996,3.401
2.96,-0.155
2.941,3.417
3.014,2.629
2.858,-0.222
2.96,3.203
2.797,-0.699
2.764,-0.822
2.733,-0.754
2.664,-0.809
1.9,-0.819
1.575,-0.777
0.817,-0.704
-0.395,-0.709
-2.118,-0.614
2.977,-0.588
2.476,3.79
2.424,3.906
2.365,3.608
2.099,3.645
1.994,3.865
1.997,3.542
1.889,3.609
1.64,3.764
1.607,3.863
0.134,3.752
-0.051,3.815
-0.247,3.81
-1.006,3.552
-1.325,3.813
-1.315,3.607
-1.946,3.787
-2.795,3.452
2.933,3.87
2.69,0.98
-0.883,2.449
-2.639,3.088
2.695,2.683
2.777,0.001
2.713,1.978
2.591,1.982
2.483,0.286
0.107,3.044
0.085,1.106
-0.792,1.072
-1.528,1.962
-1.845,1.946
-2.758,0.451
-2.741,2.649
-2.936,2.008
-2.941,2.437
-3.04,3.084
-3.05,2.268
-3.054,1.467
3.108,0.411
2.824,1.942
2.47,2.124
2.194,2.206
0.189,2.168
3.031,0.74
-2.084,-0.356
-3.082,3.225
-2.307,-0.587
2.178,3.63
0.105,-1.583
0.096,-0.727
-0.07,-3.685
-0.159,-1.887
-0.191,-1.292
-0.096,0.072
-0.231,-2.039
-0.138,0.036
-0.124,-1.196
-0.323,-3.771
-0.345,-2.252
-0.244,-0.77
-0.315,-1.792
-0.326,-3.487
-0.331,-0.013
-0.503,-3.521
-0.431,-1.459
-0.472,-3.065
-0.601,-3.319
-0.511,-1.938
-0.62,-3.645
-0.492,-2.657
-0.567,-2.643
-0.595,-3.753
-0.744,-3.089
-0.754,-3.494
-0.633,-2.339
-0.598,0.107
-0.757,-0.313
-0.648,-3.323
-0.741,-2.215
-0.789,-1.978
-0.901,-3.629
-0.967,-2.073
-0.888,-1.538
-0.9,-2.695
-1.123,-3.736
-1.11,-1.054
-1.02,-0.313
-1.048,-2.053
-1.189,-3.324
-1.282,-0.464
-1.176,-1.798
-1.295,-0.953
-1.282,-0.917
-1.536,-3.102
-1.475,-1.456
-1.765,0.173
-1.907,-2.561
-1.79,-2.657
-1.933,0.01
-2.243,-1.174
-2.368,-1.939
-2.502,-3.318
-2.532,-0.709
-2.439,-0.227
-2.618,-1.653
-2.522,-0.011
-2.692,-0.819
-2.876,-3.458
-3.109,-1.411
3.023,0.091
2.987,-3.465
2.968,0.107
3.041,-0.681
2.885,-3.532
2.987,-0.107
2.824,-4.009
2.791,-4.132
2.76,-4.064
2.691,-4.119
1.927,-4.129
1.602,-4.087
0.844,-4.014
-0.368,-4.019
-2.091,-3.924
3.004,-3.898
2.503,0.48
2.451,0.596
2.392,0.298
2.126,0.335
2.021,0.555
2.024,0.232
1.916,0.299
1.667,0.454
1.634,0.553
0.161,0.442
-0.024,0.505
-0.22,0.5
-0.979,0.242
-1.298,0.503
-1.288,0.297
-1.919,0.477
-2.768,0.142
2.96,0.56
2.717,-2.33
-0.856,-0.861
-2.612,-0.222
2.722,-0.627
2.804,-3.309
2.74,-1.332
2.618,-1.328
2.51,-3.024
0.134,-0.266
0.112,-2.204
-0.765,-2.238
-1.501,-1.348
-1.818,-1.364
-2.731,-2.859
-2.714,-0.661
-2.909,-1.302
-2.914,-0.873
-3.013,-0.226
-3.023,-1.042
-3.027,-1.843
3.135,-2.899
2.851,-1.368
2.497,-1.186
2.221,-1.104
0.216,-1.142
3.058,-2.57
-2.057,-3.666
-3.055,-0.085
-2.28,-3.897
2.205,0.32
-0.009,0.856
-0.175,-2.102
-0.264,-0.304
-0.296,0.291
-0.201,1.655
-0.336,-0.456
-0.243,1.619
-0.229,0.387
-0.428,-2.188
-0.45,-0.669
-0.349,0.813
-0.42,-0.209
-0.431,-1.904
-0.436,1.57
-0.608,-1.938
-0.536,0.124
-0.577,-1.482
-0.706,-1.736
-0.616,-0.355
-0.725,-2.062
-0.597,-1.074
-0.672,-1.06
-0.7,-2.17
-0.849,-1.506
-0.859,-1.911
-0.738,-0.756
-0.703,1.69
-0.862,1.27
-0.753,-1.74
-0.846,-0.632
-0.894,-0.395
-1.006,-2.046
-1.072,-0.49
-0.993,0.045
-1.005,-1.112
-1.228,-2.153
-1.215,0.529
-1.125,1.27
-1.153,-0.47
-1.294,-1.741
-1.387,1.119
-1.281,-0.215
-1.4,0.63
-1.387,0.666
-1.641,-1.519
-1.58,0.127
-1.87,1.756
-2.012,-0.978
-1.895,-1.074
-2.038,1.593
-2.348,0.409
-2.473,-0.356
-2.607,-1.735
-2.637,0.874
-2.544,1.356
-2.723,-0.07
-2.627,1.572
-2.797,0.764
-2.981,-1.875
3.069,0.172
2.918,1.674
2.882,-1.882
2.863,1.69
2.936,0.902
2.78,-1.949
2.882,1.476
2.719,-2.426
2.686,-2.549
2.655,-2.481
2.586,-2.536
1.822,-2.546
1.497,-2.504
0.739,-2.431
-0.473,-2.436
-2.196,-2.341
2.899,-2.315
2.398,2.063
2.346,2.179
2.287,1.881
2.021,1.918
1.916,2.138
1.919,1.815
1.811,1.882
1.562,2.037
1.529,2.136
0.056,2.025
-0.129,2.088
-0.325,2.083
-1.084,1.825
-1.403,2.086
-1.393,1.88
-2.024,2.06
-2.873,1.725
2.855,2.143
2.612,-0.747
-0.961,0.722
-2.717,1.361
2.617,0.956
2.699,-1.726
2.635,0.251
2.513,0.255
2.405,-1.441
0.029,1.317
0.007,-0.621
-0.87,-0.655
-1.606,0.235
-1.923,0.219
-2.836,-1.276
-2.819,0.922
-3.014,0.281
-3.019,0.71
-3.118,1.357
-3.128,0.541
-3.132,-0.26
3.03,-1.316
2.746,0.215
2.392,0.397
2.116,0.479
0.111,0.441
2.953,-0.987
-2.162,-2.083
3.123,1.498
-2.385,-2.314
2.1,1.903
-0.166,-2.958
-0.255,-1.16
-0.287,-0.565
-0.192,0.799
-0.327,-1.312
-0.234,0.763
-0.22,-0.469
-0.419,-3.044
-0.441,-1.525
-0.34,-0.043
-0.411,-1.065
-0.422,-2.76
-0.427,0.714
-0.599,-2.794
-0.527,-0.732
-0.568,-2.338
-0.697,-2.592
-0.607,-1.211
-0.716,-2.918
-0.588,-1.93
-0.663,-1.916
-0.691,-3.026
-0.84,-2.362
-0.85,-2.767
-0.729,-1.612
-0.694,0.834
-0.853,0.414
-0.744,-2.596
-0.837,-1.488
-0.885,-1.251
-0.997,-2.902
-1.063,-1.346
-0.984,-0.811
-0.996,-1.968
-1.219,-3.009
-1.206,-0.327
-1.116,0.414
-1.144,-1.326
-1.285,-2.597
-1.378,0.263
-1.272,-1.071
-1.391,-0.226
-1.378,-0.19
-1.632,-2.375
-1.571,-0.729
-1.861,0.9
-2.003,-1.834
-1.886,-1.93
-2.029,0.737
-2.339,-0.447
-2.464,-1.212
-2.598,-2.591
-2.628,0.018
-2.535,0.5
-2.714,-0.926
-2.618,0.716
-2.788,-0.092
-2.972,-2.731
3.078,-0.684
2.927,0.818
2.891,-2.738
2.872,0.834
2.945,0.046
2.789,-2.805
2.891,0.62
2.728,-3.282
2.695,-3.405
2.664,-3.337
2.595,-3.392
1.831,-3.402
1.506,-3.36
0.748,-3.287
-0.464,-3.292
-2.187,-3.197
2.908,-3.171
2.407,1.207
2.355,1.323
2.296,1.025
2.03,1.062
1.925,1.282
1.928,0.959
1.82,1.026
1.571,1.181
1.538,1.28
0.065,1.169
-0.12,1.232
-0.316,1.227
-1.075,0.969
-1.394,1.23
-1.384,1.024
-2.015,1.204
-2.864,0.869
2.864,1.287
2.621,-1.603
-0.952,-0.134
-2.708,0.505
2.626,0.1
2.708,-2.582
2.644,-0.605
2.522,-0.601
2.414,-2.297
0.038,0.461
0.016,-1.477
-0.861,-1.511
-1.597,-0.621
-1.914,-0.637
-2.827,-2.132
-2.81,0.066
-3.005,-0.575
-3.01,-0.146
-3.109,0.501
-3.119,-0.315
-3.123,-1.116
3.039,-2.172
2.755,-0.641
2.401,-0.459
2.125,-0.377
0.12,-0.415
2.962,-1.843
-2.153,-2.939
3.132,0.642
-2.376,-3.17
2.109,1.047
-0.089,1.798
-0.121,2.393
-0.026,3.757
-0.161,1.646
-0.068,3.721
-0.054,2.489
-0.253,-0.086
-0.275,1.433
-0.174,2.915
-0.245,1.893
-0.256,0.198
-0.261,3.672
-0.433,0.164
-0.361,2.226
-0.402,0.62
-0.531,0.366
-0.441,1.747
-0.55,0.04
-0.422,1.028
-0.497,1.042
-0.525,-0.068
-0.674,0.596
-0.684,0.191
-0.563,1.346
-0.528,3.792
-0.687,3.372
-0.578,0.362
-0.671,1.47
-0.719,1.707
-0.831,0.056
-0.897,1.612
-0.818,2.147
-0.83,0.99
-1.053,-0.051
-1.04,2.631
-0.95,3.372
-0.978,1.632
-1.119,0.361
-1.212,3.221
-1.106,1.887
-1.225,2.732
-1.212,2.768
-1.466,0.583
-1.405,2.229
-1.695,3.858
-1.837,1.124
-1.72,1.028
-1.863,3.695
-2.173,2.511
-2.298,1.746
-2.432,0.367
-2.462,2.976
-2.369,3.458
-2.548,2.032
-2.452,3.674
-2.622,2.866
-2.806,0.227
-3.039,2.274
3.093,3.776
3.057,0.22
3.038,3.792
3.111,3.004
2.955,0.153
3.057,3.578
2.894,-0.324
2.861,-0.447
2.83,-0.379
2.761,-0.434
1.997,-0.444
1.672,-0.402
0.914,-0.329
-0.298,-0.334
-2.021,-0.239
3.074,-0.213
2.573,4.165
2.521,4.281
2.462,3.983
2.196,4.02
2.091,4.24
2.094,3.917
1.986,3.984
1.737,4.139
1.704,4.238
0.231,4.127
0.046,4.19
-0.15,4.185
-0.909,3.927
-1.228,4.188
-1.218,3.982
-1.849,4.162
-2.698,3.827
3.03,4.245
2.787,1.355
-0.786,2.824
-2.542,3.463
2.792,3.058
2.874,0.376
2.81,2.353
2.688,2.357
2.58,0.661
0.204,3.419
0.182,1.481
-0.695,1.447
-1.431,2.337
-1.748,2.321
-2.661,0.826
-2.644,3.024
-2.839,2.383
-2.844,2.812
-2.943,3.459
-2.953,2.643
-2.957,1.842
-3.078,0.786
2.921,2.317
2.567,2.499
2.291,2.581
0.286,2.543
3.128,1.115
-1.987,0.019
-2.985,3.6
-2.21,-0.212
2.275,4.005
-0.032,0.595
0.063,1.959
-0.072,-0.152
0.021,1.923
0.035,0.691
-0.164,-1.884
-0.186,-0.365
-0.085,1.117
-0.156,0.095
-0.167,-1.6
-0.172,1.874
-0.344,-1.634
-0.272,0.428
-0.313,-1.178
-0.442,-1.432
-0.352,-0.051
-0.461,-1.758
-0.333,-0.77
-0.408,-0.756
-0.436,-1.866
-0.585,-1.202
-0.595,-1.607
-0.474,-0.452
-0.439,1.994
-0.598,1.574
-0.489,-1.436
-0.582,-0.328
-0.63,-0.091
-0.742,-1.742
-0.808,-0.186
-0.729,0.349
-0.741,-0.808
-0.964,-1.849
-0.951,0.833
-0.861,1.574
-0.889,-0.166
-1.03,-1.437
-1.123,1.423
-1.017,0.089
-1.136,0.934
-1.123,0.97
-1.377,-1.215
-1.316,0.431
-1.606,2.06
-1.748,-0.674
-1.631,-0.77
-1.774,1.897
-2.084,0.713
-2.209,-0.052
-2.343,-1.431
-2.373,1.178
-2.28,1.66
-2.459,0.234
-2.363,1.876
-2.533,1.068
-2.717,-1.571
-2.95,0.476
-3.101,1.978
-3.137,-1.578
3.127,1.994
-3.083,1.206
3.044,-1.645
-3.137,1.78
2.983,-2.122
2.95,-2.245
2.919,-2.177
2.85,-2.232
2.086,-2.242
1.761,-2.2
1.003,-2.127
-0.209,-2.132
-1.932,-2.037
-3.12,-2.011
2.662,2.367
2.61,2.483
2.551,2.185
2.285,2.222
2.18,2.442
2.183,2.119
2.075,2.186
1.826,2.341
1.793,2.44
0.32,2.329
0.135,2.392
-0.061,2.387
-0.82,2.129
-1.139,2.39
-1.129,2.184
-1.76,2.364
-2.609,2.029
3.119,2.447
2.876,-0.443
-0.697,1.026
-2.453,1.665
2.881,1.26
2.963,-1.422
2.899,0.555
2.777,0.559
2.669,-1.137
0.293,1.621
0.271,-0.317
-0.606,-0.351
-1.342,0.539
-1.659,0.523
-2.572,-0.972
-2.555,1.226
-2.75,0.585
-2.755,1.014
-2.854,1.661
-2.864,0.845
-2.868,0.044
-2.989,-1.012
3.01,0.519
2.656,0.701
2.38,0.783
0.375,0.745
-3.066,-0.683
-1.898,-1.779
-2.896,1.802
-2.121,-2.01
2.364,2.207
0.095,1.364
-0.04,-0.747
0.053,1.328
0.067,0.096
-0.132,-2.479
-0.154,-0.96
-0.053,0.522
-0.124,-0.5
-0.135,-2.195
-0.14,1.279
-0.312,-2.229
-0.24,-0.167
-0.281,-1.773
-0.41,-2.027
-0.32,-0.646
-0.429,-2.353
-0.301,-1.365
-0.376,-1.351
-0.404,-2.461
-0.553,-1.797
-0.563,-2.202
-0.442,-1.047
-0.407,1.399
-0.566,0.979
-0.457,-2.031
-0.55,-0.923
-0.598,-0.686
-0.71,-2.337
-0.776,-0.781
-0.697,-0.246
-0.709,-1.403
-0.932,-2.444
-0.919,0.238
-0.829,0.979
-0.857,-0.761
-0.998,-2.032
-1.091,0.828
-0.985,-0.506
-1.104,0.339
-1.091,0.375
-1.345,-1.81
-1.284,-0.164
-1.574,1.465
-1.716,-1.269
-1.599,-1.365
-1.742,1.302
-2.052,0.118
-2.177,-0.647
-2.311,-2.026
-2.341,0.583
-2.248,1.065
-2.427,-0.361
-2.331,1.281
-2.501,0.473
-2.685,-2.166
-2.918,-0.119
-3.069,1.383
-3.105,-2.173
-3.124,1.399
-3.051,0.611
3.076,-2.24
-3.105,1.185
3.015,-2.717
2.982,-2.84
2.951,-2.772
2.882,-2.827
2.118,-2.837
1.793,-2.795
1.035,-2.722
-0.177,-2.727
-1.9,-2.632
-3.088,-2.606
2.694,1.772
2.642,1.888
2.583,1.59
2.317,1.627
2.212,1.847
2.215,1.524
2.107,1.591
1.858,1.746
1.825,1.845
0.352,1.734
0.167,1.797
-0.029,1.792
-0.788,1.534
-1.107,1.795
-1.097,1.589
-1.728,1.769
-2.577,1.434
-3.132,1.852
2.908,-1.038
-0.665,0.431
-2.421,1.07
2.913,0.665
2.995,-2.017
2.931,-0.04
2.809,-0.036
2.701,-1.732
0.325,1.026
0.303,-0.912
-0.574,-0.946
-1.31,-0.056
-1.627,-0.072
-2.54,-1.567
-2.523,0.631
-2.718,-0.01
-2.723,0.419
-2.822,1.066
-2.832,0.25
-2.836,-0.551
-2.957,-1.607
3.042,-0.076
2.688,0.106
2.412,0.188
0.407,0.15
-3.034,-1.278
-1.866,-2.374
-2.864,1.207
-2.089,-2.605
2.396,1.612
-0.135,-2.111
-0.042,-0.036
-0.028,-1.268
-0.227,-3.843
-0.249,-2.324
-0.148,-0.842
-0.219,-1.864
-0.23,-3.559
-0.235,-0.085
-0.407,-3.593
-0.335,-1.531
-0.376,-3.137
-0.505,-3.391
-0.415,-2.01
-0.524,-3.717
-0.396,-2.729
-0.471,-2.715
-0.499,-3.825
-0.648,-3.161
-0.658,-3.566
-0.537,-2.411
-0.502,0.035
-0.661,-0.385
-0.552,-3.395
-0.645,-2.287
-0.693,-2.05
-0.805,-3.701
-0.871,-2.145
-0.792,-1.61
-0.804,-2.767
-1.027,-3.808
-1.014,-1.126
-0.924,-0.385
-0.952,-2.125
-1.093,-3.396
-1.186,-0.536
-1.08,-1.87
-1.199,-1.025
-1.186,-0.989
-1.44,-3.174
-1.379,-1.528
-1.669,0.101
-1.811,-2.633
-1.694,-2.729
-1.837,-0.062
-2.147,-1.246
-2.272,-2.011
-2.406,-3.39
-2.436,-0.781
-2.343,-0.299
-2.522,-1.725
-2.426,-0.083
-2.596,-0.891
-2.78,-3.53
-3.013,-1.483
3.119,0.019
3.083,-3.537
3.064,0.035
3.137,-0.753
2.981,-3.604
3.083,-0.179
2.92,-4.081
2.887,-4.204
2.856,-4.136
2.787,-4.191
2.023,-4.201
1.698,-4.159
0.94,-4.086
-0.272,-4.091
-1.995,-3.996
3.1,-3.97
2.599,0.408
2.547,0.524
2.488,0.226
2.222,0.263
2.117,0.483
2.12,0.16
2.012,0.227
1.763,0.382
1.73,0.481
0.257,0.37
0.072,0.433
-0.124,0.428
-0.883,0.17
-1.202,0.431
-1.192,0.225
-1.823,0.405
-2.672,0.07
3.056,0.488
2.813,-2.402
-0.76,-0.933
-2.516,-0.294
2.818,-0.699
2.9,-3.381
2.836,-1.404
2.714,-1.4
2.606,-3.096
0.23,-0.338
0.208,-2.276
-0.669,-2.31
-1.405,-1.42
-1.722,-1.436
-2.635,-2.931
-2.618,-0.733
-2.813,-1.374
-2.818,-0.945
-2.917,-0.298
-2.927,-1.114
-2.931,-1.915
-3.052,-2.971
2.947,-1.44
2.593,-1.258
2.317,-1.176
0.312,-1.214
-3.129,-2.642
-1.961,-3.738
-2.959,-0.157
-2.184,-3.969
2.301,0.248
0.093,2.075
0.107,0.843
-0.092,-1.732
-0.114,-0.213
-0.013,1.269
-0.084,0.247
-0.095,-1.448
-0.1,2.026
-0.272,-1.482
-0.2,0.58
-0.241,-1.026
-0.37,-1.28
-0.28,0.101
-0.389,-1.606
-0.261,-0.618
-0.336,-0.604
-0.364,-1.714
-0.513,-1.05
-0.523,-1.455
-0.402,-0.3
-0.367,2.146
-0.526,1.726
-0.417,-1.284
-0.51,-0.176
-0.558,0.061
-0.67,-1.59
-0.736,-0.034
-0.657,0.501
-0.669,-0.656
-0.892,-1.697
-0.879,0.985
-0.789,1.726
-0.817,-0.014
-0.958,-1.285
-1.051,1.575
-0.945,0.241
-1.064,1.086
-1.051,1.122
-1.305,-1.063
-1.244,0.583
-1.534,2.212
-1.676,-0.522
-1.559,-0.618
-1.702,2.049
-2.012,0.865
-2.137,0.1
-2.271,-1.279
-2.301,1.33
-2.208,1.812
-2.387,0.386
-2.291,2.028
-2.461,1.22
-2.645,-1.419
-2.878,0.628
-3.029,2.13
-3.065,-1.426
-3.084,2.146
-3.011,1.358
3.116,-1.493
-3.065,1.932
3.055,-1.97
3.022,-2.093
2.991,-2.025
2.922,-2.08
2.158,-2.09
1.833,-2.048
1.075,-1.975
-0.137,-1.98
-1.86,-1.885
-3.048,-1.859
2.734,2.519
2.682,2.635
2.623,2.337
2.357,2.374
2.252,2.594
2.255,2.271
2.147,2.338
1.898,2.493
1.865,2.592
0.392,2.481
0.207,2.544
0.011,2.539
-0.748,2.281
-1.067,2.542
-1.057,2.336
-1.688,2.516
-2.537,2.181
-3.092,2.599
2.948,-0.291
-0.625,1.178
-2.381,1.817
2.953,1.412
3.035,-1.27
2.971,0.707
2.849,0.711
2.741,-0.985
0.365,1.773
0.343,-0.165
-0.534,-0.199
-1.27,0.691
-1.587,0.675
-2.5,-0.82
-2.483,1.378
-2.678,0.737
-2.683,1.166
-2.782,1.813
-2.792,0.997
-2.796,0.196
-2.917,-0.86
3.082,0.671
2.728,0.853
2.452,0.935
0.447,0.897
-2.994,-0.531
-1.826,-1.627
-2.824,1.954
-2.049,-1.858
2.436,2.359
0.014,-1.232
-0.185,-3.807
-0.207,-2.288
-0.106,-0.806
-0.177,-1.828
-0.188,-3.523
-0.193,-0.049
-0.365,-3.557
-0.293,-1.495
-0.334,-3.101
-0.463,-3.355
-0.373,-1.974
-0.482,-3.681
-0.354,-2.693
-0.429,-2.679
-0.457,-3.789
-0.606,-3.125
-0.616,-3.53
-0.495,-2.375
-0.46,0.071
-0.619,-0.349
-0.51,-3.359
-0.603,-2.251
-0.651,-2.014
-0.763,-3.665
-0.829,-2.109
-0.75,-1.574
-0.762,-2.731
-0.985,-3.772
-0.972,-1.09
-0.882,-0.349
-0.91,-2.089
-1.051,-3.36
-1.144,-0.5
-1.038,-1.834
-1.157,-0.989
-1.144,-0.953
-1.398,-3.138
-1.337,-1.492
-1.627,0.137
-1.769,-2.597
-1.652,-2.693
-1.795,-0.026
-2.105,-1.21
-2.23,-1.975
-2.364,-3.354
-2.394,-0.745
-2.301,-0.263
-2.48,-1.689
-2.384,-0.047
-2.554,-0.855
-2.738,-3.494
-2.971,-1.447
-3.122,0.055
3.125,-3.501
3.106,0.071
-3.104,-0.717
3.023,-3.568
3.125,-0.143
2.962,-4.045
2.929,-4.168
2.898,-4.1
2.829,-4.155
2.065,-4.165
1.74,-4.123
0.982,-4.05
-0.23,-4.055
-1.953,-3.96
-3.141,-3.934
2.641,0.444
2.589,0.56
2.53,0.262
2.264,0.299
2.159,0.519
2.162,0.196
2.054,0.263
1.805,0.418
1.772,0.517
0.299,0.406
0.114,0.469
-0.082,0.464
-0.841,0.206
-1.16,0.467
-1.15,0.261
-1.781,0.441
-2.63,0.106
3.098,0.524
2.855,-2.366
-0.718,-0.897
-2.474,-0.258
2.86,-0.663
2.942,-3.345
2.878,-1.368
2.756,-1.364
2.648,-3.06
0.272,-0.302
0.25,-2.24
-0.627,-2.274
-1.363,-1.384
-1.68,-1.4
-2.593,-2.895
-2.576,-0.697
-2.771,-1.338
-2.776,-0.909
-2.875,-0.262
-2.885,-1.078
-2.889,-1.879
-3.01,-2.935
2.989,-1.404
2.635,-1.222
2.359,-1.14
0.354,-1.178
-3.087,-2.606
-1.919,-3.702
-2.917,-0.121
-2.142,-3.933
2.343,0.284
-0.199,-2.575
-0.221,-1.056
-0.12,0.426
-0.191,-0.596
-0.202,-2.291
-0.207,1.183
-0.379,-2.325
-0.307,-0.263
-0.348,-1.869
-0.477,-2.123
-0.387,-0.742
-0.496,-2.449
-0.368,-1.461
-0.443,-1.447
-0.471,-2.557
-0.62,-1.893
-0.63,-2.298
-0.509,-1.143
-0.474,1.303
-0.633,0.883
-0.524,-2.127
-0.617,-1.019
-0.665,-0.782
-0.777,-2.433
-0.843,-0.877
-0.764,-0.342
-0.776,-1.499
-0.999,-2.54
-0.986,0.142
-0.896,0.883
-0.924,-0.857
-1.065,-2.128
-1.158,0.732
-1.052,-0.602
-1.171,0.243
-1.158,0.279
-1.412,-1.906
-1.351,-0.26
-1.641,1.369
-1.783,-1.365
-1.666,-1.461
-1.809,1.206
-2.119,0.022
-2.244,-0.743
-2.378,-2.122
-2.408,0.487
-2.315,0.969
-2.494,-0.457
-2.398,1.185
-2.568,0.377
-2.752,-2.262
-2.985,-0.215
-3.136,1.287
3.111,-2.269
3.092,1.303
-3.118,0.515
3.009,-2.336
3.111,1.089
2.948,-2.813
2.915,-2.936
2.884,-2.868
2.815,-2.923
2.051,-2.933
1.726,-2.891
0.968,-2.818
-0.244,-2.823
-1.967,-2.728
3.128,-2.702
2.627,1.676
2.575,1.792
2.516,1.494
2.25,1.531
2.145,1.751
2.148,1.428
2.04,1.495
1.791,1.65
1.758,1.749
0.285,1.638
0.1,1.701
-0.096,1.696
-0.855,1.438
-1.174,1.699
-1.164,1.493
-1.795,1.673
-2.644,1.338
3.084,1.756
2.841,-1.134
-0.732,0.335
-2.488,0.974
2.846,0.569
2.928,-2.113
2.864,-0.136
2.742,-0.132
2.634,-1.828
0.258,0.93
0.236,-1.008
-0.641,-1.042
-1.377,-0.152
-1.694,-0.168
-2.607,-1.663
-2.59,0.535
-2.785,-0.106
-2.79,0.323
-2.889,0.97
-2.899,0.154
-2.903,-0.647
-3.024,-1.703
2.975,-0.172
2.621,0.01
2.345,0.092
0.34,0.054
-3.101,-1.374
-1.933,-2.47
-2.931,1.111
-2.156,-2.701
2.329,1.516
-0.022,1.519
0.079,3.001
0.008,1.979
-0.003,0.284
-0.008,3.758
-0.18,0.25
-0.108,2.312
-0.149,0.706
-0.278,0.452
-0.188,1.833
-0.297,0.126
-0.169,1.114
-0.244,1.128
-0.272,0.018
-0.421,0.682
-0.431,0.277
-0.31,1.432
-0.275,3.878
-0.434,3.458
-0.325,0.448
-0.418,1.556
-0.466,1.793
-0.578,0.142
-0.644,1.698
-0.565,2.233
-0.577,1.076
-0.8,0.035
-0.787,2.717
-0.697,3.458
-0.725,1.718
-0.866,0.447
-0.959,3.307
-0.853,1.973
-0.972,2.818
-0.959,2.854
-1.213,0.669
-1.152,2.315
-1.442,3.944
-1.584,1.21
-1.467,1.114
-1.61,3.781
-1.92,2.597
-2.045,1.832
-2.179,0.453
-2.209,3.062
-2.116,3.544
-2.295,2.118
-2.199,3.76
-2.369,2.952
-2.553,0.313
-2.786,2.36
-2.937,3.862
-2.973,0.306
-2.992,3.878
-2.919,3.09
-3.075,0.239
-2.973,3.664
-3.136,-0.238
3.114,-0.361
3.083,-0.293
3.014,-0.348
2.25,-0.358
1.925,-0.316
1.167,-0.243
-0.045,-0.248
-1.768,-0.153
-2.956,-0.127
2.826,4.251
2.774,4.367
2.715,4.069
2.449,4.106
2.344,4.326
2.347,4.003
2.239,4.07
1.99,4.225
1.957,4.324
0.484,4.213
0.299,4.276
0.103,4.271
-0.656,4.013
-0.975,4.274
-0.965,4.068
-1.596,4.248
-2.445,3.913
-3.0,4.331
3.04,1.441
-0.533,2.91
-2.289,3.549
3.045,3.144
3.127,0.462
3.063,2.439
2.941,2.443
2.833,0.747
0.457,3.505
0.435,1.567
-0.442,1.533
-1.178,2.423
-1.495,2.407
-2.408,0.912
-2.391,3.11
-2.586,2.469
-2.591,2.898
-2.69,3.545
-2.7,2.729
-2.704,1.928
-2.825,0.872
-3.109,2.403
2.82,2.585
2.544,2.667
0.539,2.629
-2.902,1.201
-1.734,0.105
-2.732,3.686
-1.957,-0.126
2.528,4.091
0.101,1.482
0.03,0.46
0.019,-1.235
0.014,2.239
-0.158,-1.269
-0.086,0.793
-0.127,-0.813
-0.256,-1.067
-0.166,0.314
-0.275,-1.393
-0.147,-0.405
-0.222,-0.391
-0.25,-1.501
-0.399,-0.837
-0.409,-1.242
-0.288,-0.087
-0.253,2.359
-0.412,1.939
-0.303,-1.071
-0.396,0.037
-0.444,0.274
-0.556,-1.377
-0.622,0.179
-0.543,0.714
-0.555,-0.443
-0.778,-1.484
-0.765,1.198
-0.675,1.939
-0.703,0.199
-0.844,-1.072
-0.937,1.788
-0.831,0.454
-0.95,1.299
-0.937,1.335
-1.191,-0.85
-1.13,0.796
-1.42,2.425
-1.562,-0.309
-1.445,-0.405
-1.588,2.262
-1.898,1.078
-2.023,0.313
-2.157,-1.066
-2.187,1.543
-2.094,2.025
-2.273,0.599
-2.177,2.241
-2.347,1.433
-2.531,-1.206
-2.764,0.841
-2.915,2.343
-2.951,-1.213
-2.97,2.359
-2.897,1.571
-3.053,-1.28
-2.951,2.145
-3.114,-1.757
3.136,-1.88
3.105,-1.812
3.036,-1.867
2.272,-1.877
1.947,-1.835
1.189,-1.762
-0.023,-1.767
-1.746,-1.672
-2.934,-1.646
2.848,2.732
2.796,2.848
2.737,2.55
2.471,2.587
2.366,2.807
2.369,2.484
2.261,2.551
2.012,2.706
1.979,2.805
0.506,2.694
0.321,2.757
0.125,2.752
-0.634,2.494
-0.953,2.755
-0.943,2.549
-1.574,2.729
-2.423,2.394
-2.978,2.812
3.062,-0.078
-0.511,1.391
-2.267,2.03
3.067,1.625
-3.134,-1.057
3.085,0.92
2.963,0.924
2.855,-0.772
0.479,1.986
0.457,0.048
-0.42,0.014
-1.156,0.904
-1.473,0.888
-2.386,-0.607
-2.369,1.591
-2.564,0.95
-2.569,1.379
-2.668,2.026
-2.678,1.21
-2.682,0.409
-2.803,-0.647
-3.087,0.884
2.842,1.066
2.566,1.148
0.561,1.11
-2.88,-0.318
-1.712,-1.414
-2.71,2.167
-1.935,-1.645
2.55,2.572
-0.071,-1.022
-0.082,-2.717
-0.087,0.757
-0.259,-2.751
-0.187,-0.689
-0.228,-2.295
-0.357,-2.549
-0.267,-1.168
-0.376,-2.875
-0.248,-1.887
-0.323,-1.873
-0.351,-2.983
-0.5,-2.319
-0.51,-2.724
-0.389,-1.569
-0.354,0.877
-0.513,0.457
-0.404,-2.553
-0.497,-1.445
-0.545,-1.208
-0.657,-2.859
-0.723,-1.303
-0.644,-0.768
-0.656,-1.925
-0.879,-2.966
-0.866,-0.284
-0.776,0.457
-0.804,-1.283
-0.945,-2.554
-1.038,0.306
-0.932,-1.028
-1.051,-0.183
-1.038,-0.147
-1.292,-2.332
-1.231,-0.686
-1.521,0.943
-1.663,-1.791
-1.546,-1.887
-1.689,0.78
-1.999,-0.404
-2.124,-1.169
-2.258,-2.548
-2.288,0.061
-2.195,0.543
-2.374,-0.883
-2.278,0.759
-2.448,-0.049
-2.632,-2.688
-2.865,-0.641
-3.016,0.861
-3.052,-2.695
-3.071,0.877
-2.998,0.089
3.129,-2.762
-3.052,0.663
3.068,-3.239
3.035,-3.362
3.004,-3.294
2.935,-3.349
2.171,-3.359
1.846,-3.317
1.088,-3.244
-0.124,-3.249
-1.847,-3.154
-3.035,-3.128
2.747,1.25
2.695,1.366
2.636,1.068
2.37,1.105
2.265,1.325
2.268,1.002
2.16,1.069
1.911,1.224
1.878,1.323
0.405,1.212
0.22,1.275
0.024,1.27
-0.735,1.012
-1.054,1.273
-1.044,1.067
-1.675,1.247
-2.524,0.912
-3.079,1.33
2.961,-1.56
-0.612,-0.091
-2.368,0.548
2.966,0.143
3.048,-2.539
2.984,-0.562
2.862,-0.558
2.754,-2.254
0.378,0.504
0.356,-1.434
-0.521,-1.468
-1.257,-0.578
-1.574,-0.594
-2.487,-2.089
-2.47,0.109
-2.665,-0.532
-2.67,-0.103
-2.769,0.544
-2.779,-0.272
-2.783,-1.073
-2.904,-2.129
3.095,-0.598
2.741,-0.416
2.465,-0.334
0.46,-0.372
-2.981,-1.8
-1.813,-2.896
-2.811,0.685
-2.036,-3.127
2.449,1.09
-0.011,-1.695
-0.016,1.779
-0.188,-1.729
-0.116,0.333
-0.157,-1.273
-0.286,-1.527
-0.196,-0.146
-0.305,-1.853
-0.177,-0.865
-0.252,-0.851
-0.28,-1.961
-0.429,-1.297
-0.439,-1.702
-0.318,-0.547
-0.283,1.899
-0.442,1.479
-0.333,-1.531
-0.426,-0.423
-0.474,-0.186
-0.586,-1.837
-0.652,-0.281
-0.573,0.254
-0.585,-0.903
-0.808,-1.944
-0.795,0.738
-0.705,1.479
-0.733,-0.261
-0.874,-1.532
-0.967,1.328
-0.861,-0.006
-0.98,0.839
-0.967,0.875
-1.221,-1.31
-1.16,0.336
-1.45,1.965
-1.592,-0.769
-1.475,-0.865
-1.618,1.802
-1.928,0.618
-2.053,-0.147
-2.187,-1.526
-2.217,1.083
-2.124,1.565
-2.303,0.139
-2.207,1.781
-2.377,0.973
-2.561,-1.666
-2.794,0.381
-2.945,1.883
-2.981,-1.673
-3.0,1.899
-2.927,1.111
-3.083,-1.74
-2.981,1.685
3.139,-2.217
3.106,-2.34
3.075,-2.272
3.006,-2.327
2.242,-2.337
1.917,-2.295
1.159,-2.222
-0.053,-2.227
-1.776,-2.132
-2.964,-2.106
2.818,2.272
2.766,2.388
2.707,2.09
2.441,2.127
2.336,2.347
2.339,2.024
2.231,2.091
1.982,2.246
1.949,2.345
0.476,2.234
0.291,2.297
0.095,2.292
-0.664,2.034
-0.983,2.295
-0.973,2.089
-1.604,2.269
-2.453,1.934
-3.008,2.352
3.032,-0.538
-0.541,0.931
-2.297,1.57
3.037,1.165
3.119,-1.517
3.055,0.46
2.933,0.464
2.825,-1.232
0.449,1.526
0.427,-0.412
-0.45,-0.446
-1.186,0.444
-1.503,0.428
-2.416,-1.067
-2.399,1.131
-2.594,0.49
-2.599,0.919
-2.698,1.566
-2.708,0.75
-2.712,-0.051
-2.833,-1.107
-3.117,0.424
2.812,0.606
2.536,0.688
0.531,0.65
-2.91,-0.778
-1.742,-1.874
-2.74,1.707
-1.965,-2.105
2.52,2.112
-0.005,3.474
-0.177,-0.034
-0.105,2.028
-0.146,0.422
-0.275,0.168
-0.185,1.549
-0.294,-0.158
-0.166,0.83
-0.241,0.844
-0.269,-0.266
-0.418,0.398
-0.428,-0.007
-0.307,1.148
-0.272,3.594
-0.431,3.174
-0.322,0.164
-0.415,1.272
-0.463,1.509
-0.575,-0.142
-0.641,1.414
-0.562,1.949
-0.574,0.792
-0.797,-0.249
-0.784,2.433
-0.694,3.174
-0.722,1.434
-0.863,0.163
-0.956,3.023
-0.85,1.689
-0.969,2.534
-0.956,2.57
-1.21,0.385
-1.149,2.031
-1.439,3.66
-1.581,0.926
-1.464,0.83
-1.607,3.497
-1.917,2.313
-2.042,1.548
-2.176,0.169
-2.206,2.778
-2.113,3.26
-2.292,1.834
-2.196,3.476
-2.366,2.668
-2.55,0.029
-2.783,2.076
-2.934,3.578
-2.97,0.022
-2.989,3.594
-2.916,2.806
-3.072,-0.045
-2.97,3.38
-3.133,-0.522
3.117,-0.645
3.086,-0.577
3.017,-0.632
2.253,-0.642
1.928,-0.6
1.17,-0.527
-0.042,-0.532
-1.765,-0.437
-2.953,-0.411
2.829,3.967
2.777,4.083
2.718,3.785
2.452,3.822
2.347,4.042
2.35,3.719
2.242,3.786
1.993,3.941
1.96,4.04
0.487,3.929
0.302,3.992
0.106,3.987
-0.653,3.729
-0.972,3.99
-0.962,3.784
-1.593,3.964
-2.442,3.629
-2.997,4.047
3.043,1.157
-0.53,2.626
-2.286,3.265
3.048,2.86
3.13,0.178
3.066,2.155
2.944,2.159
2.836,0.463
0.46,3.221
0.438,1.283
-0.439,1.249
-1.175,2.139
-1.492,2.123
-2.405,0.628
-2.388,2.826
-2.583,2.185
-2.588,2.614
-2.687,3.261
-2.697,2.445
-2.701,1.644
-2.822,0.588
-3.106,2.119
2.823,2.301
2.547,2.383
0.542,2.345
-2.899,0.917
-1.731,-0.179
-2.729,3.402
-1.954,-0.41
2.531,3.807
-0.172,-3.508
-0.1,-1.446
-0.141,-3.052
-0.27,-3.306
-0.18,-1.925
-0.289,-3.632
-0.161,-2.644
-0.236,-2.63
-0.264,-3.74
-0.413,-3.076
-0.423,-3.481
-0.302,-2.326
-0.267,0.12
-0.426,-0.3
-0.317,-3.31
-0.41,-2.202
-0.458,-1.965
-0.57,-3.616
-0.636,-2.06
-0.557,-1.525
-0.569,-2.682
-0.792,-3.723
-0.779,-1.041
-0.689,-0.3
-0.717,-2.04
-0.858,-3.311
-0.951,-0.451
-0.845,-1.785
-0.964,-0.94
-0.951,-0.904
-1.205,-3.089
-1.144,-1.443
-1.434,0.186
-1.576,-2.548
-1.459,-2.644
-1.602,0.023
-1.912,-1.161
-2.037,-1.926
-2.171,-3.305
-2.201,-0.696
-2.108,-0.214
-2.287,-1.64
-2.191,0.002
-2.361,-0.806
-2.545,-3.445
-2.778,-1.398
-2.929,0.104
-2.965,-3.452
-2.984,0.12
-2.911,-0.668
-3.067,-3.519
-2.965,-0.094
-3.128,-3.996
3.122,-4.119
3.091,-4.051
3.022,-4.106
2.258,-4.116
1.933,-4.074
1.175,-4.001
-0.037,-4.006
-1.76,-3.911
-2.948,-3.885
2.834,0.493
2.782,0.609
2.723,0.311
2.457,0.348
2.352,0.568
2.355,0.245
2.247,0.312
1.998,0.467
1.965,0.566
0.492,0.455
0.307,0.518
0.111,0.513
-0.648,0.255
-0.967,0.516
-0.957,0.31
-1.588,0.49
-2.437,0.155
-2.992,0.573
3.048,-2.317
-0.525,-0.848
-2.281,-0.209
3.053,-0.614
3.135,-3.296
3.071,-1.319
2.949,-1.315
2.841,-3.011
0.465,-0.253
0.443,-2.191
-0.434,-2.225
-1.17,-1.335
-1.487,-1.351
-2.4,-2.846
-2.383,-0.648
-2.578,-1.289
-2.583,-0.86
-2.682,-0.213
-2.692,-1.029
-2.696,-1.83
-2.817,-2.886
-3.101,-1.355
2.828,-1.173
2.552,-1.091
0.547,-1.129
-2.894,-2.557
-1.726,-3.653
-2.724,-0.072
-1.949,-3.884
2.536,0.333
0.072,2.062
0.031,0.456
-0.098,0.202
-0.008,1.583
-0.117,-0.124
0.011,0.864
-0.064,0.878
-0.092,-0.232
-0.241,0.432
-0.251,0.027
-0.13,1.182
-0.095,3.628
-0.254,3.208
-0.145,0.198
-0.238,1.306
-0.286,1.543
-0.398,-0.108
-0.464,1.448
-0.385,1.983
-0.397,0.826
-0.62,-0.215
-0.607,2.467
-0.517,3.208
-0.545,1.468
-0.686,0.197
-0.779,3.057
-0.673,1.723
-0.792,2.568
-0.779,2.604
-1.033,0.419
-0.972,2.065
-1.262,3.694
-1.404,0.96
-1.287,0.864
-1.43,3.531
-1.74,2.347
-1.865,1.582
-1.999,0.203
-2.029,2.812
-1.936,3.294
-2.115,1.868
-2.019,3.51
-2.189,2.702
-2.373,0.063
-2.606,2.11
-2.757,3.612
-2.793,0.056
-2.812,3.628
-2.739,2.84
-2.895,-0.011
-2.793,3.414
-2.956,-0.488
-2.989,-0.611
-3.02,-0.543
-3.089,-0.598
2.43,-0.608
2.105,-0.566
1.347,-0.493
0.135,-0.498
-1.588,-0.403
-2.776,-0.377
3.006,4.001
2.954,4.117
2.895,3.819
2.629,3.856
2.524,4.076
2.527,3.753
2.419,3.82
2.17,3.975
2.137,4.074
0.664,3.963
0.479,4.026
0.283,4.021
-0.476,3.763
-0.795,4.024
-0.785,3.818
-1.416,3.998
-2.265,3.663
-2.82,4.081
-3.063,1.191
-0.353,2.66
-2.109,3.299
-3.058,2.894
-2.976,0.212
-3.04,2.189
3.121,2.193
3.013,0.497
0.637,3.255
0.615,1.317
-0.262,1.283
-0.998,2.173
-1.315,2.157
-2.228,0.662
-2.211,2.86
-2.406,2.219
-2.411,2.648
-2.51,3.295
-2.52,2.479
-2.524,1.678
-2.645,0.622
-2.929,2.153
3.0,2.335
2.724,2.417
0.719,2.379
-2.722,0.951
-1.554,-0.145
-2.552,3.436
-1.777,-0.376
2.708,3.841
-0.041,-1.606
-0.17,-1.86
-0.08,-0.479
-0.189,-2.186
-0.061,-1.198
-0.136,-1.184
-0.164,-2.294
-0.313,-1.63
-0.323,-2.035
-0.202,-0.88
-0.167,1.566
-0.326,1.146
-0.217,-1.864
-0.31,-0.756
-0.358,-0.519
-0.47,-2.17
-0.536,-0.614
-0.457,-0.079
-0.469,-1.236
-0.692,-2.277
-0.679,0.405
-0.589,1.146
-0.617,-0.594
-0.758,-1.865
-0.851,0.995
-0.745,-0.339
-0.864,0.506
-0.851,0.542
-1.105,-1.643
-1.044,0.003
-1.334,1.632
-1.476,-1.102
-1.359,-1.198
-1.502,1.469
-1.812,0.285
-1.937,-0.48
-2.071,-1.859
-2.101,0.75
-2.008,1.232
-2.187,-0.194
-2.091,1.448
-2.261,0.64
-2.445,-1.999
-2.678,0.048
-2.829,1.55
-2.865,-2.006
-2.884,1.566
-2.811,0.778
-2.967,-2.073
-2.865,1.352
-3.028,-2.55
-3.061,-2.673
-3.092,-2.605
3.122,-2.66
2.358,-2.67
2.033,-2.628
1.275,-2.555
0.063,-2.56
-1.66,-2.465
-2.848,-2.439
2.934,1.939
2.882,2.055
2.823,1.757
2.557,1.794
2.452,2.014
2.455,1.691
2.347,1.758
2.098,1.913
2.065,2.012
0.592,1.901
0.407,1.964
0.211,1.959
-0.548,1.701
-0.867,1.962
-0.857,1.756
-1.488,1.936
-2.337,1.601
-2.892,2.019
-3.135,-0.871
-0.425,0.598
-2.181,1.237
-3.13,0.832
-3.048,-1.85
-3.112,0.127
3.049,0.131
2.941,-1.565
0.565,1.193
0.543,-0.745
-0.334,-0.779
-1.07,0.111
-1.387,0.095
-2.3,-1.4
-2.283,0.798
-2.478,0.157
-2.483,0.586
-2.582,1.233
-2.592,0.417
-2.596,-0.384
-2.717,-1.44
-3.001,0.091
2.928,0.273
2.652,0.355
0.647,0.317
-2.794,-1.111
-1.626,-2.207
-2.624,1.374
-1.849,-2.438
2.636,1.779
-0.129,-0.254
-0.039,1.127
-0.148,-0.58
-0.02,0.408
-0.095,0.422
-0.123,-0.688
-0.272,-0.024
-0.282,-0.429
-0.161,0.726
-0.126,3.172
-0.285,2.752
-0.176,-0.258
-0.269,0.85
-0.317,1.087
-0.429,-0.564
-0.495,0.992
-0.416,1.527
-0.428,0.37
-0.651,-0.671
-0.638,2.011
-0.548,2.752
-0.576,1.012
-0.717,-0.259
-0.81,2.601
-0.704,1.267
-0.823,2.112
-0.81,2.148
-1.064,-0.037
-1.003,1.609
-1.293,3.238
-1.435,0.504
-1.318,0.408
-1.461,3.075
-1.771,1.891
-1.896,1.126
-2.03,-0.253
-2.06,2.356
-1.967,2.838
-2.146,1.412
-2.05,3.054
-2.22,2.246
-2.404,-0.393
-2.637,1.654
-2.788,3.156
-2.824,-0.4
-2.843,3.172
-2.77,2.384
-2.926,-0.467
-2.824,2.958
-2.987,-0.944
-3.02,-1.067
-3.051,-0.999
-3.12,-1.054
2.399,-1.064
2.074,-1.022
1.316,-0.949
0.104,-0.954
-1.619,-0.859
-2.807,-0.833
2.975,3.545
2.923,3.661
2.864,3.363
2.598,3.4
2.493,3.62
2.496,3.297
2.388,3.364
2.139,3.519
2.106,3.618
0.633,3.507
0.448,3.57
0.252,3.565
-0.507,3.307
-0.826,3.568
-0.816,3.362
-1.447,3.542
-2.296,3.207
-2.851,3.625
-3.094,0.735
-0.384,2.204
-2.14,2.843
-3.089,2.438
-3.007,-0.244
-3.071,1.733
3.09,1.737
2.982,0.041
0.606,2.799
0.584,0.861
-0.293,0.827
-1.029,1.717
-1.346,1.701
-2.259,0.206
-2.242,2.404
-2.437,1.763
-2.442,2.192
-2.541,2.839
-2.551,2.023
-2.555,1.222
-2.676,0.166
-2.96,1.697
2.969,1.879
2.693,1.961
0.688,1.923
-2.753,0.495
-1.585,-0.601
-2.583,2.98
-1.808,-0.832
2.677,3.385
0.09,1.381
-0.019,-0.326
0.109,0.662
0.034,0.676
0.006,-0.434
-0.143,0.23
-0.153,-0.175
-0.032,0.98
0.003,3.426
-0.156,3.006
-0.047,-0.004
-0.14,1.104
-0.188,1.341
-0.3,-0.31
-0.366,1.246
-0.287,1.781
-0.299,0.624
-0.522,-0.417
-0.509,2.265
-0.419,3.006
-0.447,1.266
-0.588,-0.005
-0.681,2.855
-0.575,1.521
-0.694,2.366
-0.681,2.402
-0.935,0.217
-0.874,1.863
-1.164,3.492
-1.306,0.758
-1.189,0.662
-1.332,3.329
-1.642,2.145
-1.767,1.38
-1.901,0.001
-1.931,2.61
-1.838,3.092
-2.017,1.666
-1.921,3.308
-2.091,2.5
-2.275,-0.139
-2.508,1.908
-2.659,3.41
-2.695,-0.146
-2.714,3.426
-2.641,2.638
-2.797,-0.213
-2.695,3.212
-2.858,-0.69
-2.891,-0.813
-2.922,-0.745
-2.991,-0.8
2.528,-0.81
2.203,-0.768
1.445,-0.695
0.233,-0.7
-1.49,-0.605
-2.678,-0.579
3.104,3.799
3.052,3.915
2.993,3.617
2.727,3.654
2.622,3.874
2.625,3.551
2.517,3.618
2.268,3.773
2.235,3.872
0.762,3.761
0.577,3.824
0.381,3.819
-0.378,3.561
-0.697,3.822
-0.687,3.616
-1.318,3.796
-2.167,3.461
-2.722,3.879
-2.965,0.989
-0.255,2.458
-2.011,3.097
-2.96,2.692
-2.878,0.01
-2.942,1.987
-3.064,1.991
3.111,0.295
0.735,3.053
0.713,1.115
-0.164,1.081
-0.9,1.971
-1.217,1.955
-2.13,0.46
-2.113,2.658
-2.308,2.017
-2.313,2.446
-2.412,3.093
-2.422,2.277
-2.426,1.476
-2.547,0.42
-2.831,1.951
3.098,2.133
2.822,2.215
0.817,2.177
-2.624,0.749
-1.456,-0.347
-2.454,3.234
-1.679,-0.578
2.806,3.639
-0.109,-1.707
0.019,-0.719
-0.056,-0.705
-0.084,-1.815
-0.233,-1.151
-0.243,-1.556
-0.122,-0.401
-0.087,2.045
-0.246,1.625
-0.137,-1.385
-0.23,-0.277
-0.278,-0.04
-0.39,-1.691
-0.456,-0.135
-0.377,0.4
-0.389,-0.757
-0.612,-1.798
-0.599,0.884
-0.509,1.625
-0.537,-0.115
-0.678,-1.386
-0.771,1.474
-0.665,0.14
-0.784,0.985
-0.771,1.021
-1.025,-1.164
-0.964,0.482
-1.254,2.111
-1.396,-0.623
-1.279,-0.719
-1.422,1.948
-1.732,0.764
-1.857,-0.001
-1.991,-1.38
-2.021,1.229
-1.928,1.711
-2.107,0.285
-2.011,1.927
-2.181,1.119
-2.365,-1.52
-2.598,0.527
-2.749,2.029
-2.785,-1.527
-2.804,2.045
-2.731,1.257
-2.887,-1.594
-2.785,1.831
-2.948,-2.071
-2.981,-2.194
-3.012,-2.126
-3.081,-2.181
2.438,-2.191
2.113,-2.149
1.355,-2.076
0.143,-2.081
-1.58,-1.986
-2.768,-1.96
3.014,2.418
2.962,2.534
2.903,2.236
2.637,2.273
2.532,2.493
2.535,2.17
2.427,2.237
2.178,2.392
2.145,2.491
0.672,2.38
0.487,2.443
0.291,2.438
-0.468,2.18
-0.787,2.441
-0.777,2.235
-1.408,2.415
-2.257,2.08
-2.812,2.498
-3.055,-0.392
-0.345,1.077
-2.101,1.716
-3.05,1.311
-2.968,-1.371
-3.032,0.606
3.129,0.61
3.021,-1.086
0.645,1.672
0.623,-0.266
-0.254,-0.3
-0.99,0.59
-1.307,0.574
-2.22,-0.921
-2.203,1.277
-2.398,0.636
-2.403,1.065
-2.502,1.712
-2.512,0.896
-2.516,0.095
-2.637,-0.961
-2.921,0.57
3.008,0.752
2.732,0.834
0.727,0.796
-2.714,-0.632
-1.546,-1.728
-2.544,1.853
-1.769,-1.959
2.716,2.258
0.128,0.988
0.053,1.002
0.025,-0.108
-0.124,0.556
-0.134,0.151
-0.013,1.306
0.022,3.752
-0.137,3.332
-0.028,0.322
-0.121,1.43
-0.169,1.667
-0.281,0.016
-0.347,1.572
-0.268,2.107
-0.28,0.95
-0.503,-0.091
-0.49,2.591
-0.4,3.332
-0.428,1.592
-0.569,0.321
-0.662,3.181
-0.556,1.847
-0.675,2.692
-0.662,2.728
-0.916,0.543
-0.855,2.189
-1.145,3.818
-1.287,1.084
-1.17,0.988
-1.313,3.655
-1.623,2.471
-1.748,1.706
-1.882,0.327
-1.912,2.936
-1.819,3.418
-1.998,1.992
-1.902,3.634
-2.072,2.826
-2.256,0.187
-2.489,2.234
-2.64,3.736
-2.676,0.18
-2.695,3.752
-2.622,2.964
-2.778,0.113
-2.676,3.538
-2.839,-0.364
-2.872,-0.487
-2.903,-0.419
-2.972,-0.474
2.547,-0.484
2.222,-0.442
1.464,-0.369
0.252,-0.374
-1.471,-0.279
-2.659,-0.253
3.123,4.125
3.071,4.241
3.012,3.943
2.746,3.98
2.641,4.2
2.644,3.877
2.536,3.944
2.287,4.099
2.254,4.198
0.781,4.087
0.596,4.15
0.4,4.145
-0.359,3.887
-0.678,4.148
-0.668,3.942
-1.299,4.122
-2.148,3.787
-2.703,4.205
-2.946,1.315
-0.236,2.784
-1.992,3.423
-2.941,3.018
-2.859,0.336
-2.923,2.313
-3.045,2.317
3.13,0.621
0.754,3.379
0.732,1.441
-0.145,1.407
-0.881,2.297
-1.198,2.281
-2.111,0.786
-2.094,2.984
-2.289,2.343
-2.294,2.772
-2.393,3.419
-2.403,2.603
-2.407,1.802
-2.528,0.746
-2.812,2.277
3.117,2.459
2.841,2.541
0.836,2.503
-2.605,1.075
-1.437,-0.021
-2.435,3.56
-1.66,-0.252
2.825,3.965
-0.075,0.014
-0.103,-1.096
-0.252,-0.432
-0.262,-0.837
-0.141,0.318
-0.106,2.764
-0.265,2.344
-0.156,-0.666
-0.249,0.442
-0.297,0.679
-0.409,-0.972
-0.475,0.584
-0.396,1.119
-0.408,-0.038
-0.631,-1.079
-0.618,1.603
-0.528,2.344
-0.556,0.604
-0.697,-0.667
-0.79,2.193
-0.684,0.859
-0.803,1.704
-0.79,1.74
-1.044,-0.445
-0.983,1.201
-1.273,2.83
-1.415,0.096
-1.298,0.0
-1.441,2.667
-1.751,1.483
-1.876,0.718
-2.01,-0.661
-2.04,1.948
-1.947,2.43
-2.126,1.004
-2.03,2.646
-2.2,1.838
-2.384,-0.801
-2.617,1.246
-2.768,2.748
-2.804,-0.808
-2.823,2.764
-2.75,1.976
-2.906,-0.875
-2.804,2.55
-2.967,-1.352
-3.0,-1.475
-3.031,-1.407
-3.1,-1.462
2.419,-1.472
2.094,-1.43
1.336,-1.357
0.124,-1.362
-1.599,-1.267
-2.787,-1.241
2.995,3.137
2.943,3.253
2.884,2.955
2.618,2.992
2.513,3.212
2.516,2.889
2.408,2.956
2.159,3.111
2.126,3.21
0.653,3.099
0.468,3.162
0.272,3.157
-0.487,2.899
-0.806,3.16
-0.796,2.954
-1.427,3.134
-2.276,2.799
-2.831,3.217
-3.074,0.327
-0.364,1.796
-2.12,2.435
-3.069,2.03
-2.987,-0.652
-3.051,1.325
3.11,1.329
3.002,-0.367
0.626,2.391
0.604,0.453
-0.273,0.419
-1.009,1.309
-1.326,1.293
-2.239,-0.202
-2.222,1.996
-2.417,1.355
-2.422,1.784
-2.521,2.431
-2.531,1.615
-2.535,0.814
-2.656,-0.242
-2.94,1.289
2.989,1.471
2.713,1.553
0.708,1.515
-2.733,0.087
-1.565,-1.009
-2.563,2.572
-1.788,-1.24
2.697,2.977
-0.028,-1.11
-0.177,-0.446
-0.187,-0.851
-0.066,0.304
-0.031,2.75
-0.19,2.33
-0.081,-0.68
-0.174,0.428
-0.222,0.665
-0.334,-0.986
-0.4,0.57
-0.321,1.105
-0.333,-0.052
-0.556,-1.093
-0.543,1.589
-0.453,2.33
-0.481,0.59
-0.622,-0.681
-0.715,2.179
-0.609,0.845
-0.728,1.69
-0.715,1.726
-0.969,-0.459
-0.908,1.187
-1.198,2.816
-1.34,0.082
-1.223,-0.014
-1.366,2.653
-1.676,1.469
-1.801,0.704
-1.935,-0.675
-1.965,1.934
-1.872,2.416
-2.051,0.99
-1.955,2.632
-2.125,1.824
-2.309,-0.815
-2.542,1.232
-2.693,2.734
-2.729,-0.822
-2.748,2.75
-2.675,1.962
-2.831,-0.889
-2.729,2.536
-2.892,-1.366
-2.925,-1.489
-2.956,-1.421
-3.025,-1.476
2.494,-1.486
2.169,-1.444
1.411,-1.371
0.199,-1.376
-1.524,-1.281
-2.712,-1.255
3.07,3.123
3.018,3.239
2.959,2.941
2.693,2.978
2.588,3.198
2.591,2.875
2.483,2.942
2.234,3.097
2.201,3.196
0.728,3.085
0.543,3.148
0.347,3.143
-0.412,2.885
-0.731,3.146
-0.721,2.94
-1.352,3.12
-2.201,2.785
-2.756,3.203
-2.999,0.313
-0.289,1.782
-2.045,2.421
-2.994,2.016
-2.912,-0.666
-2.976,1.311
-3.098,1.315
3.077,-0.381
0.701,2.377
0.679,0.439
-0.198,0.405
-0.934,1.295
-1.251,1.279
-2.164,-0.216
-2.147,1.982
-2.342,1.341
-2.347,1.77
-2.446,2.417
-2.456,1.601
-2.46,0.8
-2.581,-0.256
-2.865,1.275
3.064,1.457
2.788,1.539
0.783,1.501
-2.658,0.073
-1.49,-1.023
-2.488,2.558
-1.713,-1.254
2.772,2.963
-0.149,0.664
-0.159,0.259
-0.038,1.414
-0.003,3.86
-0.162,3.44
-0.053,0.43
-0.146,1.538
-0.194,1.775
-0.306,0.124
-0.372,1.68
-0.293,2.215
-0.305,1.058
-0.528,0.017
-0.515,2.699
-0.425,3.44
-0.453,1.7
-0.594,0.429
-0.687,3.289
-0.581,1.955
-0.7,2.8
-0.687,2.836
-0.941,0.651
-0.88,2.297
-1.17,3.926
-1.312,1.192
-1.195,1.096
-1.338,3.763
-1.648,2.579
-1.773,1.814
-1.907,0.435
-1.937,3.044
-1.844,3.526
-2.023,2.1
-1.927,3.742
-2.097,2.934
-2.281,0.295
-2.514,2.342
-2.665,3.844
-2.701,0.288
-2.72,3.86
-2.647,3.072
-2.803,0.221
-2.701,3.646
-2.864,-0.256
-2.897,-0.379
-2.928,-0.311
-2.997,-0.366
2.522,-0.376
2.197,-0.334
1.439,-0.261
0.227,-0.266
-1.496,-0.171
-2.684,-0.145
3.098,4.233
3.046,4.349
2.987,4.051
2.721,4.088
2.616,4.308
2.619,3.985
2.511,4.052
2.262,4.207
2.229,4.306
0.756,4.195
0.571,4.258
0.375,4.253
-0.384,3.995
-0.703,4.256
-0.693,4.05
-1.324,4.23
-2.173,3.895
-2.728,4.313
-2.971,1.423
-0.261,2.892
-2.017,3.531
-2.966,3.126
-2.884,0.444
-2.948,2.421
-3.07,2.425
3.105,0.729
0.729,3.487
0.707,1.549
-0.17,1.515
-0.906,2.405
-1.223,2.389
-2.136,0.894
-2.119,3.092
-2.314,2.451
-2.319,2.88
-2.418,3.527
-2.428,2.711
-2.432,1.91
-2.553,0.854
-2.837,2.385
3.092,2.567
2.816,2.649
0.811,2.611
-2.63,1.183
-1.462,0.087
-2.46,3.668
-1.685,-0.144
2.8,4.073
-0.01,-0.405
0.111,0.75
0.146,3.196
-0.013,2.776
0.096,-0.234
0.003,0.874
-0.045,1.111
-0.157,-0.54
-0.223,1.016
-0.144,1.551
-0.156,0.394
-0.379,-0.647
-0.366,2.035
-0.276,2.776
-0.304,1.036
-0.445,-0.235
-0.538,2.625
-0.432,1.291
-0.551,2.136
-0.538,2.172
-0.792,-0.013
-0.731,1.633
-1.021,3.262
-1.163,0.528
-1.046,0.432
-1.189,3.099
-1.499,1.915
-1.624,1.15
-1.758,-0.229
-1.788,2.38
-1.695,2.862
-1.874,1.436
-1.778,3.078
-1.948,2.27
-2.132,-0.369
-2.365,1.678
-2.516,3.18
-2.552,-0.376
-2.571,3.196
-2.498,2.408
-2.654,-0.443
-2.552,2.982
-2.715,-0.92
-2.748,-1.043
-2.779,-0.975
-2.848,-1.03
2.671,-1.04
2.346,-0.998
1.588,-0.925
0.376,-0.93
-1.347,-0.835
-2.535,-0.809
-3.036,3.569
-3.088,3.685
3.136,3.387
2.87,3.424
2.765,3.644
2.768,3.321
2.66,3.388
2.411,3.543
2.378,3.642
0.905,3.531
0.72,3.594
0.524,3.589
-0.235,3.331
-0.554,3.592
-0.544,3.386
-1.175,3.566
-2.024,3.231
-2.579,3.649
-2.822,0.759
-0.112,2.228
-1.868,2.867
-2.817,2.462
-2.735,-0.22
-2.799,1.757
-2.921,1.761
-3.029,0.065
0.878,2.823
0.856,0.885
-0.021,0.851
-0.757,1.741
-1.074,1.725
-1.987,0.23
-1.97,2.428
-2.165,1.787
-2.17,2.216
-2.269,2.863
-2.279,2.047
-2.283,1.246
-2.404,0.19
-2.688,1.721
-3.042,1.903
2.965,1.985
0.96,1.947
-2.481,0.519
-1.313,-0.577
-2.311,3.004
-1.536,-0.808
2.949,3.409
0.121,1.155
0.156,3.601
-0.003,3.181
0.106,0.171
0.013,1.279
-0.035,1.516
-0.147,-0.135
-0.213,1.421
-0.134,1.956
-0.146,0.799
-0.369,-0.242
-0.356,2.44
-0.266,3.181
-0.294,1.441
-0.435,0.17
-0.528,3.03
-0.422,1.696
-0.541,2.541
-0.528,2.577
-0.782,0.392
-0.721,2.038
-1.011,3.667
-1.153,0.933
-1.036,0.837
-1.179,3.504
-1.489,2.32
-1.614,1.555
-1.748,0.176
-1.778,2.785
-1.685,3.267
-1.864,1.841
-1.768,3.483
-1.938,2.675
-2.122,0.036
-2.355,2.083
-2.506,3.585
-2.542,0.029
-2.561,3.601
-2.488,2.813
-2.644,-0.038
-2.542,3.387
-2.705,-0.515
-2.738,-0.638
-2.769,-0.57
-2.838,-0.625
2.681,-0.635
2.356,-0.593
1.598,-0.52
0.386,-0.525
-1.337,-0.43
-2.525,-0.404
-3.026,3.974
-3.078,4.09
-3.137,3.792
2.88,3.829
2.775,4.049
2.778,3.726
2.67,3.793
2.421,3.948
2.388,4.047
0.915,3.936
0.73,3.999
0.534,3.994
-0.225,3.736
-0.544,3.997
-0.534,3.791
-1.165,3.971
-2.014,3.636
-2.569,4.054
-2.812,1.164
-0.102,2.633
-1.858,3.272
-2.807,2.867
-2.725,0.185
-2.789,2.162
-2.911,2.166
-3.019,0.47
0.888,3.228
0.866,1.29
-0.011,1.256
-0.747,2.146
-1.064,2.13
-1.977,0.635
-1.96,2.833
-2.155,2.192
-2.16,2.621
-2.259,3.268
-2.269,2.452
-2.273,1.651
-2.394,0.595
-2.678,2.126
-3.032,2.308
2.975,2.39
0.97,2.352
-2.471,0.924
-1.303,-0.172
-2.301,3.409
-1.526,-0.403
2.959,3.814
0.035,2.446
-0.124,2.026
-0.015,-0.984
-0.108,0.124
-0.156,0.361
-0.268,-1.29
-0.334,0.266
-0.255,0.801
-0.267,-0.356
-0.49,-1.397
-0.477,1.285
-0.387,2.026
-0.415,0.286
-0.556,-0.985
-0.649,1.875
-0.543,0.541
-0.662,1.386
-0.649,1.422
-0.903,-0.763
-0.842,0.883
-1.132,2.512
-1.274,-0.222
-1.157,-0.318
-1.3,2.349
-1.61,1.165
-1.735,0.4
-1.869,-0.979
-1.899,1.63
-1.806,2.112
-1.985,0.686
-1.889,2.328
-2.059,1.52
-2.243,-1.119
-2.476,0.928
-2.627,2.43
-2.663,-1.126
-2.682,2.446
-2.609,1.658
-2.765,-1.193
-2.663,2.232
-2.826,-1.67
-2.859,-1.793
-2.89,-1.725
-2.959,-1.78
2.56,-1.79
2.235,-1.748
1.477,-1.675
0.265,-1.68
-1.458,-1.585
-2.646,-1.559
3.136,2.819
3.084,2.935
3.025,2.637
2.759,2.674
2.654,2.894
2.657,2.571
2.549,2.638
2.3,2.793
2.267,2.892
0.794,2.781
0.609,2.844
0.413,2.839
-0.346,2.581
-0.665,2.842
-0.655,2.636
-1.286,2.816
-2.135,2.481
-2.69,2.899
-2.933,0.009
-0.223,1.478
-1.979,2.117
-2.928,1.712
-2.846,-0.97
-2.91,1.007
-3.032,1.011
-3.14,-0.685
0.767,2.073
0.745,0.135
-0.132,0.101
-0.868,0.991
-1.185,0.975
-2.098,-0.52
-2.081,1.678
-2.276,1.037
-2.281,1.466
-2.38,2.113
-2.39,1.297
-2.394,0.496
-2.515,-0.56
-2.799,0.971
3.13,1.153
2.854,1.235
0.849,1.197
-2.592,-0.231
-1.424,-1.327
-2.422,2.254
-1.647,-1.558
2.838,2.659
-0.159,-0.42
-0.05,-3.43
-0.143,-2.322
-0.191,-2.085
-0.303,-3.736
-0.369,-2.18
-0.29,-1.645
-0.302,-2.802
-0.525,-3.843
-0.512,-1.161
-0.422,-0.42
-0.45,-2.16
-0.591,-3.431
-0.684,-0.571
-0.578,-1.905
-0.697,-1.06
-0.684,-1.024
-0.938,-3.209
-0.877,-1.563
-1.167,0.066
-1.309,-2.668
-1.192,-2.764
-1.335,-0.097
-1.645,-1.281
-1.77,-2.046
-1.904,-3.425
-1.934,-0.816
-1.841,-0.334
-2.02,-1.76
-1.924,-0.118
-2.094,-0.926
-2.278,-3.565
-2.511,-1.518
-2.662,-0.016
-2.698,-3.572
-2.717,0.0
-2.644,-0.788
-2.8,-3.639
-2.698,-0.214
-2.861,-4.116
-2.894,-4.239
-2.925,-4.171
-2.994,-4.226
2.525,-4.236
2.2,-4.194
1.442,-4.121
0.23,-4.126
-1.493,-4.031
-2.681,-4.005
3.101,0.373
3.049,0.489
2.99,0.191
2.724,0.228
2.619,0.448
2.622,0.125
2.514,0.192
2.265,0.347
2.232,0.446
0.759,0.335
0.574,0.398
0.378,0.393
-0.381,0.135
-0.7,0.396
-0.69,0.19
-1.321,0.37
-2.17,0.035
-2.725,0.453
-2.968,-2.437
-0.258,-0.968
-2.014,-0.329
-2.963,-0.734
-2.881,-3.416
-2.945,-1.439
-3.067,-1.435
3.108,-3.131
0.732,-0.373
0.71,-2.311
-0.167,-2.345
-0.903,-1.455
-1.22,-1.471
-2.133,-2.966
-2.116,-0.768
-2.311,-1.409
-2.316,-0.98
-2.415,-0.333
-2.425,-1.149
-2.429,-1.95
-2.55,-3.006
-2.834,-1.475
3.095,-1.293
2.819,-1.211
0.814,-1.249
-2.627,-2.677
-1.459,-3.773
-2.457,-0.192
-1.682,-4.004
2.803,0.213
0.109,-3.01
0.016,-1.902
-0.032,-1.665
-0.144,-3.316
-0.21,-1.76
-0.131,-1.225
-0.143,-2.382
-0.366,-3.423
-0.353,-0.741
-0.263,0.0
-0.291,-1.74
-0.432,-3.011
-0.525,-0.151
-0.419,-1.485
-0.538,-0.64
-0.525,-0.604
-0.779,-2.789
-0.718,-1.143
-1.008,0.486
-1.15,-2.248
-1.033,-2.344
-1.176,0.323
-1.486,-0.861
-1.611,-1.626
-1.745,-3.005
-1.775,-0.396
-1.682,0.086
-1.861,-1.34
-1.765,0.302
-1.935,-0.506
-2.119,-3.145
-2.352,-1.098
-2.503,0.404
-2.539,-3.152
-2.558,0.42
-2.485,-0.368
-2.641,-3.219
-2.539,0.206
-2.702,-3.696
-2.735,-3.819
-2.766,-3.751
-2.835,-3.806
2.684,-3.816
2.359,-3.774
1.601,-3.701
0.389,-3.706
-1.334,-3.611
-2.522,-3.585
-3.023,0.793
-3.075,0.909
-3.134,0.611
2.883,0.648
2.778,0.868
2.781,0.545
2.673,0.612
2.424,0.767
2.391,0.866
0.918,0.755
0.733,0.818
0.537,0.813
-0.222,0.555
-0.541,0.816
-0.531,0.61
-1.162,0.79
-2.011,0.455
-2.566,0.873
-2.809,-2.017
-0.099,-0.548
-1.855,0.091
-2.804,-0.314
-2.722,-2.996
-2.786,-1.019
-2.908,-1.015
-3.016,-2.711
0.891,0.047
0.869,-1.891
-0.008,-1.925
-0.744,-1.035
-1.061,-1.051
-1.974,-2.546
-1.957,-0.348
-2.152,-0.989
-2.157,-0.56
-2.256,0.087
-2.266,-0.729
-2.27,-1.53
-2.391,-2.586
-2.675,-1.055
-3.029,-0.873
2.978,-0.791
0.973,-0.829
-2.468,-2.257
-1.3,-3.353
-2.298,0.228
-1.523,-3.584
2.962,0.633
-0.093,1.108
-0.141,1.345
-0.253,-0.306
-0.319,1.25
-0.24,1.785
-0.252,0.628
-0.475,-0.413
-0.462,2.269
-0.372,3.01
-0.4,1.27
-0.541,-0.001
-0.634,2.859
-0.528,1.525
-0.647,2.37
-0.634,2.406
-0.888,0.221
-0.827,1.867
-1.117,3.496
-1.259,0.762
-1.142,0.666
-1.285,3.333
-1.595,2.149
-1.72,1.384
-1.854,0.005
-1.884,2.614
-1.791,3.096
-1.97,1.67
-1.874,3.312
-2.044,2.504
-2.228,-0.135
-2.461,1.912
-2.612,3.414
-2.648,-0.142
-2.667,3.43
-2.594,2.642
-2.75,-0.209
-2.648,3.216
-2.811,-0.686
-2.844,-0.809
-2.875,-0.741
-2.944,-0.796
2.575,-0.806
2.25,-0.764
1.492,-0.691
0.28,-0.696
-1.443,-0.601
-2.631,-0.575
-3.132,3.803
3.099,3.919
3.04,3.621
2.774,3.658
2.669,3.878
2.672,3.555
2.564,3.622
2.315,3.777
2.282,3.876
0.809,3.765
0.624,3.828
0.428,3.823
-0.331,3.565
-0.65,3.826
-0.64,3.62
-1.271,3.8
-2.12,3.465
-2.675,3.883
-2.918,0.993
-0.208,2.462
-1.964,3.101
-2.913,2.696
-2.831,0.014
-2.895,1.991
-3.017,1.995
-3.125,0.299
0.782,3.057
0.76,1.119
-0.117,1.085
-0.853,1.975
-1.17,1.959
-2.083,0.464
-2.066,2.662
-2.261,2.021
-2.266,2.45
-2.365,3.097
-2.375,2.281
-2.379,1.48
-2.5,0.424
-2.784,1.955
-3.138,2.137
2.869,2.219
0.864,2.181
-2.577,0.753
-1.409,-0.343
-2.407,3.238
-1.632,-0.574
2.853,3.643
-0.048,0.237
-0.16,-1.414
-0.226,0.142
-0.147,0.677
-0.159,-0.48
-0.382,-1.521
-0.369,1.161
-0.279,1.902
-0.307,0.162
-0.448,-1.109
-0.541,1.751
-0.435,0.417
-0.554,1.262
-0.541,1.298
-0.795,-0.887
-0.734,0.759
-1.024,2.388
-1.166,-0.346
-1.049,-0.442
-1.192,2.225
-1.502,1.041
-1.627,0.276
-1.761,-1.103
-1.791,1.506
-1.698,1.988
-1.877,0.562
-1.781,2.204
-1.951,1.396
-2.135,-1.243
-2.368,0.804
-2.519,2.306
-2.555,-1.25
-2.574,2.322
-2.501,1.534
-2.657,-1.317
-2.555,2.108
-2.718,-1.794
-2.751,-1.917
-2.782,-1.849
-2.851,-1.904
2.668,-1.914
2.343,-1.872
1.585,-1.799
0.373,-1.804
-1.35,-1.709
-2.538,-1.683
-3.039,2.695
-3.091,2.811
3.133,2.513
2.867,2.55
2.762,2.77
2.765,2.447
2.657,2.514
2.408,2.669
2.375,2.768
0.902,2.657
0.717,2.72
0.521,2.715
-0.238,2.457
-0.557,2.718
-0.547,2.512
-1.178,2.692
-2.027,2.357
-2.582,2.775
-2.825,-0.115
-0.115,1.354
-1.871,1.993
-2.82,1.588
-2.738,-1.094
-2.802,0.883
-2.924,0.887
-3.032,-0.809
0.875,1.949
0.853,0.011
-0.024,-0.023
-0.76,0.867
-1.077,0.851
-1.99,-0.644
-1.973,1.554
-2.168,0.913
-2.173,1.342
-2.272,1.989
-2.282,1.173
-2.286,0.372
-2.407,-0.684
-2.691,0.847
-3.045,1.029
2.962,1.111
0.957,1.073
-2.484,-0.355
-1.316,-1.451
-2.314,2.13
-1.539,-1.682
2.946,2.535
-0.112,-1.651
-0.178,-0.095
-0.099,0.44
-0.111,-0.717
-0.334,-1.758
-0.321,0.924
-0.231,1.665
-0.259,-0.075
-0.4,-1.346
-0.493,1.514
-0.387,0.18
-0.506,1.025
-0.493,1.061
-0.747,-1.124
-0.686,0.522
-0.976,2.151
-1.118,-0.583
-1.001,-0.679
-1.144,1.988
-1.454,0.804
-1.579,0.039
-1.713,-1.34
-1.743,1.269
-1.65,1.751
-1.829,0.325
-1.733,1.967
-1.903,1.159
-2.087,-1.48
-2.32,0.567
-2.471,2.069
-2.507,-1.487
-2.526,2.085
-2.453,1.297
-2.609,-1.554
-2.507,1.871
-2.67,-2.031
-2.703,-2.154
-2.734,-2.086
-2.803,-2.141
2.716,-2.151
2.391,-2.109
1.633,-2.036
0.421,-2.041
-1.302,-1.946
-2.49,-1.92
-2.991,2.458
-3.043,2.574
-3.102,2.276
2.915,2.313
2.81,2.533
2.813,2.21
2.705,2.277
2.456,2.432
2.423,2.531
0.95,2.42
0.765,2.483
0.569,2.478
-0.19,2.22
-0.509,2.481
-0.499,2.275
-1.13,2.455
-1.979,2.12
-2.534,2.538
-2.777,-0.352
-0.067,1.117
-1.823,1.756
-2.772,1.351
-2.69,-1.331
-2.754,0.646
-2.876,0.65
-2.984,-1.046
0.923,1.712
0.901,-0.226
0.024,-0.26
-0.712,0.63
-1.029,0.614
-1.942,-0.881
-1.925,1.317
-2.12,0.676
-2.125,1.105
-2.224,1.752
-2.234,0.936
-2.238,0.135
-2.359,-0.921
-2.643,0.61
-2.997,0.792
3.01,0.874
1.005,0.836
-2.436,-0.592
-1.268,-1.688
-2.266,1.893
-1.491,-1.919
2.994,2.298
-0.066,1.556
0.013,2.091
0.001,0.934
-0.222,-0.107
-0.209,2.575
-0.119,3.316
-0.147,1.576
-0.288,0.305
-0.381,3.165
-0.275,1.831
-0.394,2.676
-0.381,2.712
-0.635,0.527
-0.574,2.173
-0.864,3.802
-1.006,1.068
-0.889,0.972
-1.032,3.639
-1.342,2.455
-1.467,1.69
-1.601,0.311
-1.631,2.92
-1.538,3.402
-1.717,1.976
-1.621,3.618
-1.791,2.81
-1.975,0.171
-2.208,2.218
-2.359,3.72
-2.395,0.164
-2.414,3.736
-2.341,2.948
-2.497,0.097
-2.395,3.522
-2.558,-0.38
-2.591,-0.503
-2.622,-0.435
-2.691,-0.49
2.828,-0.5
2.503,-0.458
1.745,-0.385
0.533,-0.39
-1.19,-0.295
-2.378,-0.269
-2.879,4.109
-2.931,4.225
-2.99,3.927
3.027,3.964
2.922,4.184
2.925,3.861
2.817,3.928
2.568,4.083
2.535,4.182
1.062,4.071
0.877,4.134
0.681,4.129
-0.078,3.871
-0.397,4.132
-0.387,3.926
-1.018,4.106
-1.867,3.771
-2.422,4.189
-2.665,1.299
0.045,2.768
-1.711,3.407
-2.66,3.002
-2.578,0.32
-2.642,2.297
-2.764,2.301
-2.872,0.605
1.035,3.363
1.013,1.425
0.136,1.391
-0.6,2.281
-0.917,2.265
-1.83,0.77
-1.813,2.968
-2.008,2.327
-2.013,2.756
-2.112,3.403
-2.122,2.587
-2.126,1.786
-2.247,0.73
-2.531,2.261
-2.885,2.443
3.122,2.525
1.117,2.487
-2.324,1.059
-1.156,-0.037
-2.154,3.544
-1.379,-0.268
3.106,3.949
0.079,0.535
0.067,-0.622
-0.156,-1.663
-0.143,1.019
-0.053,1.76
-0.081,0.02
-0.222,-1.251
-0.315,1.609
-0.209,0.275
-0.328,1.12
-0.315,1.156
-0.569,-1.029
-0.508,0.617
-0.798,2.246
-0.94,-0.488
-0.823,-0.584
-0.966,2.083
-1.276,0.899
-1.401,0.134
-1.535,-1.245
-1.565,1.364
-1.472,1.846
-1.651,0.42
-1.555,2.062
-1.725,1.254
-1.909,-1.385
-2.142,0.662
-2.293,2.164
-2.329,-1.392
-2.348,2.18
-2.275,1.392
-2.431,-1.459
-2.329,1.966
-2.492,-1.936
-2.525,-2.059
-2.556,-1.991
-2.625,-2.046
2.894,-2.056
2.569,-2.014
1.811,-1.941
0.599,-1.946
-1.124,-1.851
-2.312,-1.825
-2.813,2.553
-2.865,2.669
-2.924,2.371
3.093,2.408
2.988,2.628
2.991,2.305
2.883,2.372
2.634,2.527
2.601,2.626
1.128,2.515
0.943,2.578
0.747,2.573
-0.012,2.315
-0.331,2.576
-0.321,2.37
-0.952,2.55
-1.801,2.215
-2.356,2.633
-2.599,-0.257
0.111,1.212
-1.645,1.851
-2.594,1.446
-2.512,-1.236
-2.576,0.741
-2.698,0.745
-2.806,-0.951
1.101,1.807
1.079,-0.131
0.202,-0.165
-0.534,0.725
-0.851,0.709
-1.764,-0.786
-1.747,1.412
-1.942,0.771
-1.947,1.2
-2.046,1.847
-2.056,1.031
-2.06,0.23
-2.181,-0.826
-2.465,0.705
-2.819,0.887
-3.095,0.969
1.183,0.931
-2.258,-0.497
-1.09,-1.593
-2.088,1.988
-1.313,-1.824
-3.111,2.393
-0.012,-1.157
-0.235,-2.198
-0.222,0.484
-0.132,1.225
-0.16,-0.515
-0.301,-1.786
-0.394,1.074
-0.288,-0.26
-0.407,0.585
-0.394,0.621
-0.648,-1.564
-0.587,0.082
-0.877,1.711
-1.019,-1.023
-0.902,-1.119
-1.045,1.548
-1.355,0.364
-1.48,-0.401
-1.614,-1.78
-1.644,0.829
-1.551,1.311
-1.73,-0.115
-1.634,1.527
-1.804,0.719
-1.988,-1.92
-2.221,0.127
-2.372,1.629
-2.408,-1.927
-2.427,1.645
-2.354,0.857
-2.51,-1.994
-2.408,1.431
-2.571,-2.471
-2.604,-2.594
-2.635,-2.526
-2.704,-2.581
2.815,-2.591
2.49,-2.549
1.732,-2.476
0.52,-2.481
-1.203,-2.386
-2.391,-2.36
-2.892,2.018
-2.944,2.134
-3.003,1.836
3.014,1.873
2.909,2.093
2.912,1.77
2.804,1.837
2.555,1.992
2.522,2.091
1.049,1.98
0.864,2.043
0.668,2.038
-0.091,1.78
-0.41,2.041
-0.4,1.835
-1.031,2.015
-1.88,1.68
-2.435,2.098
-2.678,-0.792
0.032,0.677
-1.724,1.316
-2.673,0.911
-2.591,-1.771
-2.655,0.206
-2.777,0.21
-2.885,-1.486
1.022,1.272
1.0,-0.666
0.123,-0.7
-0.613,0.19
-0.93,0.174
-1.843,-1.321
-1.826,0.877
-2.021,0.236
-2.026,0.665
-2.125,1.312
-2.135,0.496
-2.139,-0.305
-2.26,-1.361
-2.544,0.17
-2.898,0.352
3.109,0.434
1.104,0.396
-2.337,-1.032
-1.169,-2.128
-2.167,1.453
-1.392,-2.359
3.093,1.858
-0.223,-1.041
-0.21,1.641
-0.12,2.382
-0.148,0.642
-0.289,-0.629
-0.382,2.231
-0.276,0.897
-0.395,1.742
-0.382,1.778
-0.636,-0.407
-0.575,1.239
-0.865,2.868
-1.007,0.134
-0.89,0.038
-1.033,2.705
-1.343,1.521
-1.468,0.756
-1.602,-0.623
-1.632,1.986
-1.539,2.468
-1.718,1.042
-1.622,2.684
-1.792,1.876
-1.976,-0.763
-2.209,1.284
-2.36,2.786
-2.396,-0.77
-2.415,2.802
-2.342,2.014
-2.498,-0.837
-2.396,2.588
-2.559,-1.314
-2.592,-1.437
-2.623,-1.369
-2.692,-1.424
2.827,-1.434
2.502,-1.392
1.744,-1.319
0.532,-1.324
-1.191,-1.229
-2.379,-1.203
-2.88,3.175
-2.932,3.291
-2.991,2.993
3.026,3.03
2.921,3.25
2.924,2.927
2.816,2.994
2.567,3.149
2.534,3.248
1.061,3.137
0.876,3.2
0.68,3.195
-0.079,2.937
-0.398,3.198
-0.388,2.992
-1.019,3.172
-1.868,2.837
-2.423,3.255
-2.666,0.365
0.044,1.834
-1.712,2.473
-2.661,2.068
-2.579,-0.614
-2.643,1.363
-2.765,1.367
-2.873,-0.329
1.034,2.429
1.012,0.491
0.135,0.457
-0.601,1.347
-0.918,1.331
-1.831,-0.164
-1.814,2.034
-2.009,1.393
-2.014,1.822
-2.113,2.469
-2.123,1.653
-2.127,0.852
-2.248,-0.204
-2.532,1.327
-2.886,1.509
3.121,1.591
1.116,1.553
-2.325,0.125
-1.157,-0.971
-2.155,2.61
-1.38,-1.202
3.105,3.015
0.013,2.682
0.103,3.423
0.075,1.683
-0.066,0.412
-0.159,3.272
-0.053,1.938
-0.172,2.783
-0.159,2.819
-0.413,0.634
-0.352,2.28
-0.642,3.909
-0.784,1.175
-0.667,1.079
-0.81,3.746
-1.12,2.562
-1.245,1.797
-1.379,0.418
-1.409,3.027
-1.316,3.509
-1.495,2.083
-1.399,3.725
-1.569,2.917
-1.753,0.278
-1.986,2.325
-2.137,3.827
-2.173,0.271
-2.192,3.843
-2.119,3.055
-2.275,0.204
-2.173,3.629
-2.336,-0.273
-2.369,-0.396
-2.4,-0.328
-2.469,-0.383
3.05,-0.393
2.725,-0.351
1.967,-0.278
0.755,-0.283
-0.968,-0.188
-2.156,-0.162
-2.657,4.216
-2.709,4.332
-2.768,4.034
-3.034,4.071
-3.139,4.291
-3.136,3.968
3.039,4.035
2.79,4.19
2.757,4.289
1.284,4.178
1.099,4.241
0.903,4.236
0.144,3.978
-0.175,4.239
-0.165,4.033
-0.796,4.213
-1.645,3.878
-2.2,4.296
-2.443,1.406
0.267,2.875
-1.489,3.514
-2.438,3.109
-2.356,0.427
-2.42,2.404
-2.542,2.408
-2.65,0.712
1.257,3.47
1.235,1.532
0.358,1.498
-0.378,2.388
-0.695,2.372
-1.608,0.877
-1.591,3.075
-1.786,2.434
-1.791,2.863
-1.89,3.51
-1.9,2.694
-1.904,1.893
-2.025,0.837
-2.309,2.368
-2.663,2.55
-2.939,2.632
1.339,2.594
-2.102,1.166
-0.934,0.07
-1.932,3.651
-1.157,-0.161
-2.955,4.056
0.09,0.741
0.062,-0.999
-0.079,-2.27
-0.172,0.59
-0.066,-0.744
-0.185,0.101
-0.172,0.137
-0.426,-2.048
-0.365,-0.402
-0.655,1.227
-0.797,-1.507
-0.68,-1.603
-0.823,1.064
-1.133,-0.12
-1.258,-0.885
-1.392,-2.264
-1.422,0.345
-1.329,0.827
-1.508,-0.599
-1.412,1.043
-1.582,0.235
-1.766,-2.404
-1.999,-0.357
-2.15,1.145
-2.186,-2.411
-2.205,1.161
-2.132,0.373
-2.288,-2.478
-2.186,0.947
-2.349,-2.955
-2.382,-3.078
-2.413,-3.01
-2.482,-3.065
3.037,-3.075
2.712,-3.033
1.954,-2.96
0.742,-2.965
-0.981,-2.87
-2.169,-2.844
-2.67,1.534
-2.722,1.65
-2.781,1.352
-3.047,1.389
3.131,1.609
3.134,1.286
3.026,1.353
2.777,1.508
2.744,1.607
1.271,1.496
1.086,1.559
0.89,1.554
0.131,1.296
-0.188,1.557
-0.178,1.351
-0.809,1.531
-1.658,1.196
-2.213,1.614
-2.456,-1.276
0.254,0.193
-1.502,0.832
-2.451,0.427
-2.369,-2.255
-2.433,-0.278
-2.555,-0.274
-2.663,-1.97
1.244,0.788
1.222,-1.15
0.345,-1.184
-0.391,-0.294
-0.708,-0.31
-1.621,-1.805
-1.604,0.393
-1.799,-0.248
-1.804,0.181
-1.903,0.828
-1.913,0.012
-1.917,-0.789
-2.038,-1.845
-2.322,-0.314
-2.676,-0.132
-2.952,-0.05
1.326,-0.088
-2.115,-1.516
-0.947,-2.612
-1.945,0.969
-1.17,-2.843
-2.968,1.374
-0.028,-1.74
-0.169,-3.011
-0.262,-0.151
-0.156,-1.485
-0.275,-0.64
-0.262,-0.604
-0.516,-2.789
-0.455,-1.143
-0.745,0.486
-0.887,-2.248
-0.77,-2.344
-0.913,0.323
-1.223,-0.861
-1.348,-1.626
-1.482,-3.005
-1.512,-0.396
-1.419,0.086
-1.598,-1.34
-1.502,0.302
-1.672,-0.506
-1.856,-3.145
-2.089,-1.098
-2.24,0.404
-2.276,-3.152
-2.295,0.42
-2.222,-0.368
-2.378,-3.219
-2.276,0.206
-2.439,-3.696
-2.472,-3.819
-2.503,-3.751
-2.572,-3.806
2.947,-3.816
2.622,-3.774
1.864,-3.701
0.652,-3.706
-1.071,-3.611
-2.259,-3.585
-2.76,0.793
-2.812,0.909
-2.871,0.611
-3.137,0.648
3.041,0.868
3.044,0.545
2.936,0.612
2.687,0.767
2.654,0.866
1.181,0.755
0.996,0.818
0.8,0.813
0.041,0.555
-0.278,0.816
-0.268,0.61
-0.899,0.79
-1.748,0.455
-2.303,0.873
-2.546,-2.017
0.164,-0.548
-1.592,0.091
-2.541,-0.314
-2.459,-2.996
-2.523,-1.019
-2.645,-1.015
-2.753,-2.711
1.154,0.047
1.132,-1.891
0.255,-1.925
-0.481,-1.035
-0.798,-1.051
-1.711,-2.546
-1.694,-0.348
-1.889,-0.989
-1.894,-0.56
-1.993,0.087
-2.003,-0.729
-2.007,-1.53
-2.128,-2.586
-2.412,-1.055
-2.766,-0.873
-3.042,-0.791
1.236,-0.829
-2.205,-2.257
-1.037,-3.353
-2.035,0.228
-1.26,-3.584
-3.058,0.633
-0.141,-1.271
-0.234,1.589
-0.128,0.255
-0.247,1.1
-0.234,1.136
-0.488,-1.049
-0.427,0.597
-0.717,2.226
-0.859,-0.508
-0.742,-0.604
-0.885,2.063
-1.195,0.879
-1.32,0.114
-1.454,-1.265
-1.484,1.344
-1.391,1.826
-1.57,0.4
-1.474,2.042
-1.644,1.234
-1.828,-1.405
-2.061,0.642
-2.212,2.144
-2.248,-1.412
-2.267,2.16
-2.194,1.372
-2.35,-1.479
-2.248,1.946
-2.411,-1.956
-2.444,-2.079
-2.475,-2.011
-2.544,-2.066
2.975,-2.076
2.65,-2.034
1.892,-1.961
0.68,-1.966
-1.043,-1.871
-2.231,-1.845
-2.732,2.533
-2.784,2.649
-2.843,2.351
-3.109,2.388
3.069,2.608
3.072,2.285
2.964,2.352
2.715,2.507
2.682,2.606
1.209,2.495
1.024,2.558
0.828,2.553
0.069,2.295
-0.25,2.556
-0.24,2.35
-0.871,2.53
-1.72,2.195
-2.275,2.613
-2.518,-0.277
0.192,1.192
-1.564,1.831
-2.513,1.426
-2.431,-1.256
-2.495,0.721
-2.617,0.725
-2.725,-0.971
1.182,1.787
1.16,-0.151
0.283,-0.185
-0.453,0.705
-0.77,0.689
-1.683,-0.806
-1.666,1.392
-1.861,0.751
-1.866,1.18
-1.965,1.827
-1.975,1.011
-1.979,0.21
-2.1,-0.846
-2.384,0.685
-2.738,0.867
-3.014,0.949
1.264,0.911
-2.177,-0.517
-1.009,-1.613
-2.007,1.968
-1.232,-1.844
-3.03,2.373
-0.093,2.86
0.013,1.526
-0.106,2.371
-0.093,2.407
-0.347,0.222
-0.286,1.868
-0.576,3.497
-0.718,0.763
-0.601,0.667
-0.744,3.334
-1.054,2.15
-1.179,1.385
-1.313,0.006
-1.343,2.615
-1.25,3.097
-1.429,1.671
-1.333,3.313
-1.503,2.505
-1.687,-0.134
-1.92,1.913
-2.071,3.415
-2.107,-0.141
-2.126,3.431
-2.053,2.643
-2.209,-0.208
-2.107,3.217
-2.27,-0.685
-2.303,-0.808
-2.334,-0.74
-2.403,-0.795
3.116,-0.805
2.791,-0.763
2.033,-0.69
0.821,-0.695
-0.902,-0.6
-2.09,-0.574
-2.591,3.804
-2.643,3.92
-2.702,3.622
-2.968,3.659
-3.073,3.879
-3.07,3.556
3.105,3.623
2.856,3.778
2.823,3.877
1.35,3.766
1.165,3.829
0.969,3.824
0.21,3.566
-0.109,3.827
-0.099,3.621
-0.73,3.801
-1.579,3.466
-2.134,3.884
-2.377,0.994
0.333,2.463
-1.423,3.102
-2.372,2.697
-2.29,0.015
-2.354,1.992
-2.476,1.996
-2.584,0.3
1.323,3.058
1.301,1.12
0.424,1.086
-0.312,1.976
-0.629,1.96
-1.542,0.465
-1.525,2.663
-1.72,2.022
-1.725,2.451
-1.824,3.098
-1.834,2.282
-1.838,1.481
-1.959,0.425
-2.243,1.956
-2.597,2.138
-2.873,2.22
1.405,2.182
-2.036,0.754
-0.868,-0.342
-1.866,3.239
-1.091,-0.573
-2.889,3.644
0.106,-1.334
-0.013,-0.489
0.0,-0.453
-0.254,-2.638
-0.193,-0.992
-0.483,0.637
-0.625,-2.097
-0.508,-2.193
-0.651,0.474
-0.961,-0.71
-1.086,-1.475
-1.22,-2.854
-1.25,-0.245
-1.157,0.237
-1.336,-1.189
-1.24,0.453
-1.41,-0.355
-1.594,-2.994
-1.827,-0.947
-1.978,0.555
-2.014,-3.001
-2.033,0.571
-1.96,-0.217
-2.116,-3.068
-2.014,0.357
-2.177,-3.545
-2.21,-3.668
-2.241,-3.6
-2.31,-3.655
-3.074,-3.665
2.884,-3.623
2.126,-3.55
0.914,-3.555
-0.809,-3.46
-1.997,-3.434
-2.498,0.944
-2.55,1.06
-2.609,0.762
-2.875,0.799
-2.98,1.019
-2.977,0.696
-3.085,0.763
2.949,0.918
2.916,1.017
1.443,0.906
1.258,0.969
1.062,0.964
0.303,0.706
-0.016,0.967
-0.006,0.761
-0.637,0.941
-1.486,0.606
-2.041,1.024
-2.284,-1.866
0.426,-0.397
-1.33,0.242
-2.279,-0.163
-2.197,-2.845
-2.261,-0.868
-2.383,-0.864
-2.491,-2.56
1.416,0.198
1.394,-1.74
0.517,-1.774
-0.219,-0.884
-0.536,-0.9
-1.449,-2.395
-1.432,-0.197
-1.627,-0.838
-1.632,-0.409
-1.731,0.238
-1.741,-0.578
-1.745,-1.379
-1.866,-2.435
-2.15,-0.904
-2.504,-0.722
-2.78,-0.64
1.498,-0.678
-1.943,-2.106
-0.775,-3.202
-1.773,0.379
-0.998,-3.433
-2.796,0.784
-0.119,0.845
-0.106,0.881
-0.36,-1.304
-0.299,0.342
-0.589,1.971
-0.731,-0.763
-0.614,-0.859
-0.757,1.808
-1.067,0.624
-1.192,-0.141
-1.326,-1.52
-1.356,1.089
-1.263,1.571
-1.442,0.145
-1.346,1.787
-1.516,0.979
-1.7,-1.66
-1.933,0.387
-2.084,1.889
-2.12,-1.667
-2.139,1.905
-2.066,1.117
-2.222,-1.734
-2.12,1.691
-2.283,-2.211
-2.316,-2.334
-2.347,-2.266
-2.416,-2.321
3.103,-2.331
2.778,-2.289
2.02,-2.216
0.808,-2.221
-0.915,-2.126
-2.103,-2.1
-2.604,2.278
-2.656,2.394
-2.715,2.096
-2.981,2.133
-3.086,2.353
-3.083,2.03
3.092,2.097
2.843,2.252
2.81,2.351
1.337,2.24
1.152,2.303
0.956,2.298
0.197,2.04
-0.122,2.301
-0.112,2.095
-0.743,2.275
-1.592,1.94
-2.147,2.358
-2.39,-0.532
0.32,0.937
-1.436,1.576
-2.385,1.171
-2.303,-1.511
-2.367,0.466
-2.489,0.47
-2.597,-1.226
1.31,1.532
1.288,-0.406
0.411,-0.44
-0.325,0.45
-0.642,0.434
-1.555,-1.061
-1.538,1.137
-1.733,0.496
-1.738,0.925
-1.837,1.572
-1.847,0.756
-1.851,-0.045
-1.972,-1.101
-2.256,0.43
-2.61,0.612
-2.886,0.694
1.392,0.656
-2.049,-0.772
-0.881,-1.868
-1.879,1.713
-1.104,-2.099
-2.902,2.118
0.013,0.036
-0.241,-2.149
-0.18,-0.503
-0.47,1.126
-0.612,-1.608
-0.495,-1.704
-0.638,0.963
-0.948,-0.221
-1.073,-0.986
-1.207,-2.365
-1.237,0.244
-1.144,0.726
-1.323,-0.7
-1.227,0.942
-1.397,0.134
-1.581,-2.505
-1.814,-0.458
-1.965,1.044
-2.001,-2.512
-2.02,1.06
-1.947,0.272
-2.103,-2.579
-2.001,0.846
-2.164,-3.056
-2.197,-3.179
-2.228,-3.111
-2.297,-3.166
-3.061,-3.176
2.897,-3.134
2.139,-3.061
0.927,-3.066
-0.796,-2.971
-1.984,-2.945
-2.485,1.433
-2.537,1.549
-2.596,1.251
-2.862,1.288
-2.967,1.508
-2.964,1.185
-3.072,1.252
2.962,1.407
2.929,1.506
1.456,1.395
1.271,1.458
1.075,1.453
0.316,1.195
-0.003,1.456
0.007,1.25
-0.624,1.43
-1.473,1.095
-2.028,1.513
-2.271,-1.377
0.439,0.092
-1.317,0.731
-2.266,0.326
-2.184,-2.356
-2.248,-0.379
-2.37,-0.375
-2.478,-2.071
1.429,0.687
1.407,-1.251
0.53,-1.285
-0.206,-0.395
-0.523,-0.411
-1.436,-1.906
-1.419,0.292
-1.614,-0.349
-1.619,0.08
-1.718,0.727
-1.728,-0.089
-1.732,-0.89
-1.853,-1.946
-2.137,-0.415
-2.491,-0.233
-2.767,-0.151
1.511,-0.189
-1.93,-1.617
-0.762,-2.713
-1.76,0.868
-0.985,-2.944
-2.783,1.273
-0.254,-2.185
-0.193,-0.539
-0.483,1.09
-0.625,-1.644
-0.508,-1.74
-0.651,0.927
-0.961,-0.257
-1.086,-1.022
-1.22,-2.401
-1.25,0.208
-1.157,0.69
-1.336,-0.736
-1.24,0.906
-1.41,0.098
-1.594,-2.541
-1.827,-0.494
-1.978,1.008
-2.014,-2.548
-2.033,1.024
-1.96,0.236
-2.116,-2.615
-2.014,0.81
-2.177,-3.092
-2.21,-3.215
-2.241,-3.147
-2.31,-3.202
-3.074,-3.212
2.884,-3.17
2.126,-3.097
0.914,-3.102
-0.809,-3.007
-1.997,-2.981
-2.498,1.397
-2.55,1.513
-2.609,1.215
-2.875,1.252
-2.98,1.472
-2.977,1.149
-3.085,1.216
2.949,1.371
2.916,1.47
1.443,1.359
1.258,1.422
1.062,1.417
0.303,1.159
-0.016,1.42
-0.006,1.214
-0.637,1.394
-1.486,1.059
-2.041,1.477
-2.284,-1.413
0.426,0.056
-1.33,0.695
-2.279,0.29
-2.197,-2.392
-2.261,-0.415
-2.383,-0.411
-2.491,-2.107
1.416,0.651
1.394,-1.287
0.517,-1.321
-0.219,-0.431
-0.536,-0.447
-1.449,-1.942
-1.432,0.256
-1.627,-0.385
-1.632,0.044
-1.731,0.691
-1.741,-0.125
-1.745,-0.926
-1.866,-1.982
-2.15,-0.451
-2.504,-0.269
-2.78,-0.187
1.498,-0.225
-1.943,-1.653
-0.775,-2.749
-1.773,0.832
-0.998,-2.98
-2.796,1.237
0.061,1.646
-0.229,3.275
-0.371,0.541
-0.254,0.445
-0.397,3.112
-0.707,1.928
-0.832,1.163
-0.966,-0.216
-0.996,2.393
-0.903,2.875
-1.082,1.449
-0.986,3.091
-1.156,2.283
-1.34,-0.356
-1.573,1.691
-1.724,3.193
-1.76,-0.363
-1.779,3.209
-1.706,2.421
-1.862,-0.43
-1.76,2.995
-1.923,-0.907
-1.956,-1.03
-1.987,-0.962
-2.056,-1.017
-2.82,-1.027
3.138,-0.985
2.38,-0.912
1.168,-0.917
-0.555,-0.822
-1.743,-0.796
-2.244,3.582
-2.296,3.698
-2.355,3.4
-2.621,3.437
-2.726,3.657
-2.723,3.334
-2.831,3.401
-3.08,3.556
-3.113,3.655
1.697,3.544
1.512,3.607
1.316,3.602
0.557,3.344
0.238,3.605
0.248,3.399
-0.383,3.579
-1.232,3.244
-1.787,3.662
-2.03,0.772
0.68,2.241
-1.076,2.88
-2.025,2.475
-1.943,-0.207
-2.007,1.77
-2.129,1.774
-2.237,0.078
1.67,2.836
1.648,0.898
0.771,0.864
0.035,1.754
-0.282,1.738
-1.195,0.243
-1.178,2.441
-1.373,1.8
-1.378,2.229
-1.477,2.876
-1.487,2.06
-1.491,1.259
-1.612,0.203
-1.896,1.734
-2.25,1.916
-2.526,1.998
1.752,1.96
-1.689,0.532
-0.521,-0.564
-1.519,3.017
-0.744,-0.795
-2.542,3.422
-0.29,1.629
-0.432,-1.105
-0.315,-1.201
-0.458,1.466
-0.768,0.282
-0.893,-0.483
-1.027,-1.862
-1.057,0.747
-0.964,1.229
-1.143,-0.197
-1.047,1.445
-1.217,0.637
-1.401,-2.002
-1.634,0.045
-1.785,1.547
-1.821,-2.009
-1.84,1.563
-1.767,0.775
-1.923,-2.076
-1.821,1.349
-1.984,-2.553
-2.017,-2.676
-2.048,-2.608
-2.117,-2.663
-2.881,-2.673
3.077,-2.631
2.319,-2.558
1.107,-2.563
-0.616,-2.468
-1.804,-2.442
-2.305,1.936
-2.357,2.052
-2.416,1.754
-2.682,1.791
-2.787,2.011
-2.784,1.688
-2.892,1.755
-3.141,1.91
3.109,2.009
1.636,1.898
1.451,1.961
1.255,1.956
0.496,1.698
0.177,1.959
0.187,1.753
-0.444,1.933
-1.293,1.598
-1.848,2.016
-2.091,-0.874
0.619,0.595
-1.137,1.234
-2.086,0.829
-2.004,-1.853
-2.068,0.124
-2.19,0.128
-2.298,-1.568
1.609,1.19
1.587,-0.748
0.71,-0.782
-0.026,0.108
-0.343,0.092
-1.256,-1.403
-1.239,0.795
-1.434,0.154
-1.439,0.583
-1.538,1.23
-1.548,0.414
-1.552,-0.387
-1.673,-1.443
-1.957,0.088
-2.311,0.27
-2.587,0.352
1.691,0.314
-1.75,-1.114
-0.582,-2.21
-1.58,1.371
-0.805,-2.441
-2.603,1.776
-0.142,-2.734
-0.025,-2.83
-0.168,-0.163
-0.478,-1.347
-0.603,-2.112
-0.737,-3.491
-0.767,-0.882
-0.674,-0.4
-0.853,-1.826
-0.757,-0.184
-0.927,-0.992
-1.111,-3.631
-1.344,-1.584
-1.495,-0.082
-1.531,-3.638
-1.55,-0.066
-1.477,-0.854
-1.633,-3.705
-1.531,-0.28
-1.694,-4.182
-1.727,-4.305
-1.758,-4.237
-1.827,-4.292
-2.591,-4.302
-2.916,-4.26
2.609,-4.187
1.397,-4.192
-0.326,-4.097
-1.514,-4.071
-2.015,0.307
-2.067,0.423
-2.126,0.125
-2.392,0.162
-2.497,0.382
-2.494,0.059
-2.602,0.126
-2.851,0.281
-2.884,0.38
1.926,0.269
1.741,0.332
1.545,0.327
0.786,0.069
0.467,0.33
0.477,0.124
-0.154,0.304
-1.003,-0.031
-1.558,0.387
-1.801,-2.503
0.909,-1.034
-0.847,-0.395
-1.796,-0.8
-1.714,-3.482
-1.778,-1.505
-1.9,-1.501
-2.008,-3.197
1.899,-0.439
1.877,-2.377
1.0,-2.411
0.264,-1.521
-0.053,-1.537
-0.966,-3.032
-0.949,-0.834
-1.144,-1.475
-1.149,-1.046
-1.248,-0.399
-1.258,-1.215
-1.262,-2.016
-1.383,-3.072
-1.667,-1.541
-2.021,-1.359
-2.297,-1.277
1.981,-1.315
-1.46,-2.743
-0.292,-3.839
-1.29,-0.258
-0.515,-4.07
-2.313,0.147
0.117,-0.096
-0.026,2.571
-0.336,1.387
-0.461,0.622
-0.595,-0.757
-0.625,1.852
-0.532,2.334
-0.711,0.908
-0.615,2.55
-0.785,1.742
-0.969,-0.897
-1.202,1.15
-1.353,2.652
-1.389,-0.904
-1.408,2.668
-1.335,1.88
-1.491,-0.971
-1.389,2.454
-1.552,-1.448
-1.585,-1.571
-1.616,-1.503
-1.685,-1.558
-2.449,-1.568
-2.774,-1.526
2.751,-1.453
1.539,-1.458
-0.184,-1.363
-1.372,-1.337
-1.873,3.041
-1.925,3.157
-1.984,2.859
-2.25,2.896
-2.355,3.116
-2.352,2.793
-2.46,2.86
-2.709,3.015
-2.742,3.114
2.068,3.003
1.883,3.066
1.687,3.061
0.928,2.803
0.609,3.064
0.619,2.858
-0.012,3.038
-0.861,2.703
-1.416,3.121
-1.659,0.231
1.051,1.7
-0.705,2.339
-1.654,1.934
-1.572,-0.748
-1.636,1.229
-1.758,1.233
-1.866,-0.463
2.041,2.295
2.019,0.357
1.142,0.323
0.406,1.213
0.089,1.197
-0.824,-0.298
-0.807,1.9
-1.002,1.259
-1.007,1.688
-1.106,2.335
-1.116,1.519
-1.12,0.718
-1.241,-0.338
-1.525,1.193
-1.879,1.375
-2.155,1.457
2.123,1.419
-1.318,-0.009
-0.15,-1.105
-1.148,2.476
-0.373,-1.336
-2.171,2.881
-0.143,2.667
-0.453,1.483
-0.578,0.718
-0.712,-0.661
-0.742,1.948
-0.649,2.43
-0.828,1.004
-0.732,2.646
-0.902,1.838
-1.086,-0.801
-1.319,1.246
-1.47,2.748
-1.506,-0.808
-1.525,2.764
-1.452,1.976
-1.608,-0.875
-1.506,2.55
-1.669,-1.352
-1.702,-1.475
-1.733,-1.407
-1.802,-1.462
-2.566,-1.472
-2.891,-1.43
2.634,-1.357
1.422,-1.362
-0.301,-1.267
-1.489,-1.241
-1.99,3.137
-2.042,3.253
-2.101,2.955
-2.367,2.992
-2.472,3.212
-2.469,2.889
-2.577,2.956
-2.826,3.111
-2.859,3.21
1.951,3.099
1.766,3.162
1.57,3.157
0.811,2.899
0.492,3.16
0.502,2.954
-0.129,3.134
-0.978,2.799
-1.533,3.217
-1.776,0.327
0.934,1.796
-0.822,2.435
-1.771,2.03
-1.689,-0.652
-1.753,1.325
-1.875,1.329
-1.983,-0.367
1.924,2.391
1.902,0.453
1.025,0.419
0.289,1.309
-0.028,1.293
-0.941,-0.202
-0.924,1.996
-1.119,1.355
-1.124,1.784
-1.223,2.431
-1.233,1.615
-1.237,0.814
-1.358,-0.242
-1.642,1.289
-1.996,1.471
-2.272,1.553
2.006,1.515
-1.435,0.087
-0.267,-1.009
-1.265,2.572
-0.49,-1.24
-2.288,2.977
-0.31,-1.184
-0.435,-1.949
-0.569,-3.328
-0.599,-0.719
-0.506,-0.237
-0.685,-1.663
-0.589,-0.021
-0.759,-0.829
-0.943,-3.468
-1.176,-1.421
-1.327,0.081
-1.363,-3.475
-1.382,0.097
-1.309,-0.691
-1.465,-3.542
-1.363,-0.117
-1.526,-4.019
-1.559,-4.142
-1.59,-4.074
-1.659,-4.129
-2.423,-4.139
-2.748,-4.097
2.777,-4.024
1.565,-4.029
-0.158,-3.934
-1.346,-3.908
-1.847,0.47
-1.899,0.586
-1.958,0.288
-2.224,0.325
-2.329,0.545
-2.326,0.222
-2.434,0.289
-2.683,0.444
-2.716,0.543
2.094,0.432
1.909,0.495
1.713,0.49
0.954,0.232
0.635,0.493
0.645,0.287
0.014,0.467
-0.835,0.132
-1.39,0.55
-1.633,-2.34
1.077,-0.871
-0.679,-0.232
-1.628,-0.637
-1.546,-3.319
-1.61,-1.342
-1.732,-1.338
-1.84,-3.034
2.067,-0.276
2.045,-2.214
1.168,-2.248
0.432,-1.358
0.115,-1.374
-0.798,-2.869
-0.781,-0.671
-0.976,-1.312
-0.981,-0.883
-1.08,-0.236
-1.09,-1.052
-1.094,-1.853
-1.215,-2.909
-1.499,-1.378
-1.853,-1.196
-2.129,-1.114
2.149,-1.152
-1.292,-2.58
-0.124,-3.676
-1.122,-0.095
-0.347,-3.907
-2.145,0.31
-0.125,-0.765
-0.259,-2.144
-0.289,0.465
-0.196,0.947
-0.375,-0.479
-0.279,1.163
-0.449,0.355
-0.633,-2.284
-0.866,-0.237
-1.017,1.265
-1.053,-2.291
-1.072,1.281
-0.999,0.493
-1.155,-2.358
-1.053,1.067
-1.216,-2.835
-1.249,-2.958
-1.28,-2.89
-1.349,-2.945
-2.113,-2.955
-2.438,-2.913
3.087,-2.84
1.875,-2.845
0.152,-2.75
-1.036,-2.724
-1.537,1.654
-1.589,1.77
-1.648,1.472
-1.914,1.509
-2.019,1.729
-2.016,1.406
-2.124,1.473
-2.373,1.628
-2.406,1.727
2.404,1.616
2.219,1.679
2.023,1.674
1.264,1.416
0.945,1.677
0.955,1.471
0.324,1.651
-0.525,1.316
-1.08,1.734
-1.323,-1.156
1.387,0.313
-0.369,0.952
-1.318,0.547
-1.236,-2.135
-1.3,-0.158
-1.422,-0.154
-1.53,-1.85
2.377,0.908
2.355,-1.03
1.478,-1.064
0.742,-0.174
0.425,-0.19
-0.488,-1.685
-0.471,0.513
-0.666,-0.128
-0.671,0.301
-0.77,0.948
-0.78,0.132
-0.784,-0.669
-0.905,-1.725
-1.189,-0.194
-1.543,-0.012
-1.819,0.07
2.459,0.032
-0.982,-1.396
0.186,-2.492
-0.812,1.089
-0.037,-2.723
-1.835,1.494
-0.134,-1.379
-0.164,1.23
-0.071,1.712
-0.25,0.286
-0.154,1.928
-0.324,1.12
-0.508,-1.519
-0.741,0.528
-0.892,2.03
-0.928,-1.526
-0.947,2.046
-0.874,1.258
-1.03,-1.593
-0.928,1.832
-1.091,-2.07
-1.124,-2.193
-1.155,-2.125
-1.224,-2.18
-1.988,-2.19
-2.313,-2.148
-3.071,-2.075
2.0,-2.08
0.277,-1.985
-0.911,-1.959
-1.412,2.419
-1.464,2.535
-1.523,2.237
-1.789,2.274
-1.894,2.494
-1.891,2.171
-1.999,2.238
-2.248,2.393
-2.281,2.492
2.529,2.381
2.344,2.444
2.148,2.439
1.389,2.181
1.07,2.442
1.08,2.236
0.449,2.416
-0.4,2.081
-0.955,2.499
-1.198,-0.391
1.512,1.078
-0.244,1.717
-1.193,1.312
-1.111,-1.37
-1.175,0.607
-1.297,0.611
-1.405,-1.085
2.502,1.673
2.48,-0.265
1.603,-0.299
0.867,0.591
0.55,0.575
-0.363,-0.92
-0.346,1.278
-0.541,0.637
-0.546,1.066
-0.645,1.713
-0.655,0.897
-0.659,0.096
-0.78,-0.96
-1.064,0.571
-1.418,0.753
-1.694,0.835
2.584,0.797
-0.857,-0.631
0.311,-1.727
-0.687,1.854
0.088,-1.958
-1.71,2.259
-0.03,2.609
0.063,3.091
-0.116,1.665
-0.02,3.307
-0.19,2.499
-0.374,-0.14
-0.607,1.907
-0.758,3.409
-0.794,-0.147
-0.813,3.425
-0.74,2.637
-0.896,-0.214
-0.794,3.211
-0.957,-0.691
-0.99,-0.814
-1.021,-0.746
-1.09,-0.801
-1.854,-0.811
-2.179,-0.769
-2.937,-0.696
2.134,-0.701
0.411,-0.606
-0.777,-0.58
-1.278,3.798
-1.33,3.914
-1.389,3.616
-1.655,3.653
-1.76,3.873
-1.757,3.55
-1.865,3.617
-2.114,3.772
-2.147,3.871
2.663,3.76
2.478,3.823
2.282,3.818
1.523,3.56
1.204,3.821
1.214,3.615
0.583,3.795
-0.266,3.46
-0.821,3.878
-1.064,0.988
1.646,2.457
-0.11,3.096
-1.059,2.691
-0.977,0.009
-1.041,1.986
-1.163,1.99
-1.271,0.294
2.636,3.052
2.614,1.114
1.737,1.08
1.001,1.97
0.684,1.954
-0.229,0.459
-0.212,2.657
-0.407,2.016
-0.412,2.445
-0.511,3.092
-0.521,2.276
-0.525,1.475
-0.646,0.419
-0.93,1.95
-1.284,2.132
-1.56,2.214
2.718,2.176
-0.723,0.748
0.445,-0.348
-0.553,3.233
0.222,-0.579
-1.576,3.638
0.093,0.482
-0.086,-0.944
0.01,0.698
-0.16,-0.11
-0.344,-2.749
-0.577,-0.702
-0.728,0.8
-0.764,-2.756
-0.783,0.816
-0.71,0.028
-0.866,-2.823
-0.764,0.602
-0.927,-3.3
-0.96,-3.423
-0.991,-3.355
-1.06,-3.41
-1.824,-3.42
-2.149,-3.378
-2.907,-3.305
2.164,-3.31
0.441,-3.215
-0.747,-3.189
-1.248,1.189
-1.3,1.305
-1.359,1.007
-1.625,1.044
-1.73,1.264
-1.727,0.941
-1.835,1.008
-2.084,1.163
-2.117,1.262
2.693,1.151
2.508,1.214
2.312,1.209
1.553,0.951
1.234,1.212
1.244,1.006
0.613,1.186
-0.236,0.851
-0.791,1.269
-1.034,-1.621
1.676,-0.152
-0.08,0.487
-1.029,0.082
-0.947,-2.6
-1.011,-0.623
-1.133,-0.619
-1.241,-2.315
2.666,0.443
2.644,-1.495
1.767,-1.529
1.031,-0.639
0.714,-0.655
-0.199,-2.15
-0.182,0.048
-0.377,-0.593
-0.382,-0.164
-0.481,0.483
-0.491,-0.333
-0.495,-1.134
-0.616,-2.19
-0.9,-0.659
-1.254,-0.477
-1.53,-0.395
2.748,-0.433
-0.693,-1.861
0.475,-2.957
-0.523,0.624
0.252,-3.188
-1.546,1.029
-0.179,-1.426
-0.083,0.216
-0.253,-0.592
-0.437,-3.231
-0.67,-1.184
-0.821,0.318
-0.857,-3.238
-0.876,0.334
-0.803,-0.454
-0.959,-3.305
-0.857,0.12
-1.02,-3.782
-1.053,-3.905
-1.084,-3.837
-1.153,-3.892
-1.917,-3.902
-2.242,-3.86
-3.0,-3.787
2.071,-3.792
0.348,-3.697
-0.84,-3.671
-1.341,0.707
-1.393,0.823
-1.452,0.525
-1.718,0.562
-1.823,0.782
-1.82,0.459
-1.928,0.526
-2.177,0.681
-2.21,0.78
2.6,0.669
2.415,0.732
2.219,0.727
1.46,0.469
1.141,0.73
1.151,0.524
0.52,0.704
-0.329,0.369
-0.884,0.787
-1.127,-2.103
1.583,-0.634
-0.173,0.005
-1.122,-0.4
-1.04,-3.082
-1.104,-1.105
-1.226,-1.101
-1.334,-2.797
2.573,-0.039
2.551,-1.977
1.674,-2.011
0.938,-1.121
0.621,-1.137
-0.292,-2.632
-0.275,-0.434
-0.47,-1.075
-0.475,-0.646
-0.574,0.001
-0.584,-0.815
-0.588,-1.616
-0.709,-2.672
-0.993,-1.141
-1.347,-0.959
-1.623,-0.877
2.655,-0.915
-0.786,-2.343
0.382,-3.439
-0.616,0.142
0.159,-3.67
-1.639,0.547
0.096,1.642
-0.074,0.834
-0.258,-1.805
-0.491,0.242
-0.642,1.744
-0.678,-1.812
-0.697,1.76
-0.624,0.972
-0.78,-1.879
-0.678,1.546
-0.841,-2.356
-0.874,-2.479
-0.905,-2.411
-0.974,-2.466
-1.738,-2.476
-2.063,-2.434
-2.821,-2.361
2.25,-2.366
0.527,-2.271
-0.661,-2.245
-1.162,2.133
-1.214,2.249
-1.273,1.951
-1.539,1.988
-1.644,2.208
-1.641,1.885
-1.749,1.952
-1.998,2.107
-2.031,2.206
2.779,2.095
2.594,2.158
2.398,2.153
1.639,1.895
1.32,2.156
1.33,1.95
0.699,2.13
-0.15,1.795
-0.705,2.213
-0.948,-0.677
1.762,0.792
0.006,1.431
-0.943,1.026
-0.861,-1.656
-0.925,0.321
-1.047,0.325
-1.155,-1.371
2.752,1.387
2.73,-0.551
1.853,-0.585
1.117,0.305
0.8,0.289
-0.113,-1.206
-0.096,0.992
-0.291,0.351
-0.296,0.78
-0.395,1.427
-0.405,0.611
-0.409,-0.19
-0.53,-1.246
-0.814,0.285
-1.168,0.467
-1.444,0.549
2.834,0.511
-0.607,-0.917
0.561,-2.013
-0.437,1.568
0.338,-2.244
-1.46,1.973
-0.17,-0.808
-0.354,-3.447
-0.587,-1.4
-0.738,0.102
-0.774,-3.454
-0.793,0.118
-0.72,-0.67
-0.876,-3.521
-0.774,-0.096
-0.937,-3.998
-0.97,-4.121
-1.001,-4.053
-1.07,-4.108
-1.834,-4.118
-2.159,-4.076
-2.917,-4.003
2.154,-4.008
0.431,-3.913
-0.757,-3.887
-1.258,0.491
-1.31,0.607
-1.369,0.309
-1.635,0.346
-1.74,0.566
-1.737,0.243
-1.845,0.31
-2.094,0.465
-2.127,0.564
2.683,0.453
2.498,0.516
2.302,0.511
1.543,0.253
1.224,0.514
1.234,0.308
0.603,0.488
-0.246,0.153
-0.801,0.571
-1.044,-2.319
1.666,-0.85
-0.09,-0.211
-1.039,-0.616
-0.957,-3.298
-1.021,-1.321
-1.143,-1.317
-1.251,-3.013
2.656,-0.255
2.634,-2.193
1.757,-2.227
1.021,-1.337
0.704,-1.353
-0.209,-2.848
-0.192,-0.65
-0.387,-1.291
-0.392,-0.862
-0.491,-0.215
-0.501,-1.031
-0.505,-1.832
-0.626,-2.888
-0.91,-1.357
-1.264,-1.175
-1.54,-1.093
2.738,-1.131
-0.703,-2.559
0.465,-3.655
-0.533,-0.074
0.242,-3.886
-1.556,0.331
-0.184,-2.639
-0.417,-0.592
-0.568,0.91
-0.604,-2.646
-0.623,0.926
-0.55,0.138
-0.706,-2.713
-0.604,0.712
-0.767,-3.19
-0.8,-3.313
-0.831,-3.245
-0.9,-3.3
-1.664,-3.31
-1.989,-3.268
-2.747,-3.195
2.324,-3.2
0.601,-3.105
-0.587,-3.079
-1.088,1.299
-1.14,1.415
-1.199,1.117
-1.465,1.154
-1.57,1.374
-1.567,1.051
-1.675,1.118
-1.924,1.273
-1.957,1.372
2.853,1.261
2.668,1.324
2.472,1.319
1.713,1.061
1.394,1.322
1.404,1.116
0.773,1.296
-0.076,0.961
-0.631,1.379
-0.874,-1.511
1.836,-0.042
0.08,0.597
-0.869,0.192
-0.787,-2.49
-0.851,-0.513
-0.973,-0.509
-1.081,-2.205
2.826,0.553
2.804,-1.385
1.927,-1.419
1.191,-0.529
0.874,-0.545
-0.039,-2.04
-0.022,0.158
-0.217,-0.483
-0.222,-0.054
-0.321,0.593
-0.331,-0.223
-0.335,-1.024
-0.456,-2.08
-0.74,-0.549
-1.094,-0.367
-1.37,-0.285
2.908,-0.323
-0.533,-1.751
0.635,-2.847
-0.363,0.734
0.412,-3.078
-1.386,1.139
-0.233,2.047
-0.384,3.549
-0.42,-0.007
-0.439,3.565
-0.366,2.777
-0.522,-0.074
-0.42,3.351
-0.583,-0.551
-0.616,-0.674
-0.647,-0.606
-0.716,-0.661
-1.48,-0.671
-1.805,-0.629
-2.563,-0.556
2.508,-0.561
0.785,-0.466
-0.403,-0.44
-0.904,3.938
-0.956,4.054
-1.015,3.756
-1.281,3.793
-1.386,4.013
-1.383,3.69
-1.491,3.757
-1.74,3.912
-1.773,4.011
3.037,3.9
2.852,3.963
2.656,3.958
1.897,3.7
1.578,3.961
1.588,3.755
0.957,3.935
0.108,3.6
-0.447,4.018
-0.69,1.128
2.02,2.597
0.264,3.236
-0.685,2.831
-0.603,0.149
-0.667,2.126
-0.789,2.13
-0.897,0.434
3.01,3.192
2.988,1.254
2.111,1.22
1.375,2.11
1.058,2.094
0.145,0.599
0.162,2.797
-0.033,2.156
-0.038,2.585
-0.137,3.232
-0.147,2.416
-0.151,1.615
-0.272,0.559
-0.556,2.09
-0.91,2.272
-1.186,2.354
3.092,2.316
-0.349,0.888
0.819,-0.208
-0.179,3.373
0.596,-0.439
-1.202,3.778
-0.151,1.502
-0.187,-2.054
-0.206,1.518
-0.133,0.73
-0.289,-2.121
-0.187,1.304
-0.35,-2.598
-0.383,-2.721
-0.414,-2.653
-0.483,-2.708
-1.247,-2.718
-1.572,-2.676
-2.33,-2.603
2.741,-2.608
1.018,-2.513
-0.17,-2.487
-0.671,1.891
-0.723,2.007
-0.782,1.709
-1.048,1.746
-1.153,1.966
-1.15,1.643
-1.258,1.71
-1.507,1.865
-1.54,1.964
-3.013,1.853
3.085,1.916
2.889,1.911
2.13,1.653
1.811,1.914
1.821,1.708
1.19,1.888
0.341,1.553
-0.214,1.971
-0.457,-0.919
2.253,0.55
0.497,1.189
-0.452,0.784
-0.37,-1.898
-0.434,0.079
-0.556,0.083
-0.664,-1.613
-3.04,1.145
-3.062,-0.793
2.344,-0.827
1.608,0.063
1.291,0.047
0.378,-1.448
0.395,0.75
0.2,0.109
0.195,0.538
0.096,1.185
0.086,0.369
0.082,-0.432
-0.039,-1.488
-0.323,0.043
-0.677,0.225
-0.953,0.307
-2.958,0.269
-0.116,-1.159
1.052,-2.255
0.054,1.326
0.829,-2.486
-0.969,1.731
-0.036,-3.556
-0.055,0.016
0.018,-0.772
-0.138,-3.623
-0.036,-0.198
-0.199,-4.1
-0.232,-4.223
-0.263,-4.155
-0.332,-4.21
-1.096,-4.22
-1.421,-4.178
-2.179,-4.105
2.892,-4.11
1.169,-4.015
-0.019,-3.989
-0.52,0.389
-0.572,0.505
-0.631,0.207
-0.897,0.244
-1.002,0.464
-0.999,0.141
-1.107,0.208
-1.356,0.363
-1.389,0.462
-2.862,0.351
-3.047,0.414
3.04,0.409
2.281,0.151
1.962,0.412
1.972,0.206
1.341,0.386
0.492,0.051
-0.063,0.469
-0.306,-2.421
2.404,-0.952
0.648,-0.313
-0.301,-0.718
-0.219,-3.4
-0.283,-1.423
-0.405,-1.419
-0.513,-3.115
-2.889,-0.357
-2.911,-2.295
2.495,-2.329
1.759,-1.439
1.442,-1.455
0.529,-2.95
0.546,-0.752
0.351,-1.393
0.346,-0.964
0.247,-0.317
0.237,-1.133
0.233,-1.934
0.112,-2.99
-0.172,-1.459
-0.526,-1.277
-0.802,-1.195
-2.807,-1.233
0.035,-2.661
1.203,-3.757
0.205,-0.176
0.98,-3.988
-0.818,0.229
-0.019,3.572
0.054,2.784
-0.102,-0.067
0.0,3.358
-0.163,-0.544
-0.196,-0.667
-0.227,-0.599
-0.296,-0.654
-1.06,-0.664
-1.385,-0.622
-2.143,-0.549
2.928,-0.554
1.205,-0.459
0.017,-0.433
-0.484,3.945
-0.536,4.061
-0.595,3.763
-0.861,3.8
-0.966,4.02
-0.963,3.697
-1.071,3.764
-1.32,3.919
-1.353,4.018
-2.826,3.907
-3.011,3.97
3.076,3.965
2.317,3.707
1.998,3.968
2.008,3.762
1.377,3.942
0.528,3.607
-0.027,4.025
-0.27,1.135
2.44,2.604
0.684,3.243
-0.265,2.838
-0.183,0.156
-0.247,2.133
-0.369,2.137
-0.477,0.441
-2.853,3.199
-2.875,1.261
2.531,1.227
1.795,2.117
1.478,2.101
0.565,0.606
0.582,2.804
0.387,2.163
0.382,2.592
0.283,3.239
0.273,2.423
0.269,1.622
0.148,0.566
-0.136,2.097
-0.49,2.279
-0.766,2.361
-2.771,2.323
0.071,0.895
1.239,-0.201
0.241,3.38
1.016,-0.432
-0.782,3.785
0.073,-0.788
-0.083,-3.639
0.019,-0.214
-0.144,-4.116
-0.177,-4.239
-0.208,-4.171
-0.277,-4.226
-1.041,-4.236
-1.366,-4.194
-2.124,-4.121
2.947,-4.126
1.224,-4.031
0.036,-4.005
-0.465,0.373
-0.517,0.489
-0.576,0.191
-0.842,0.228
-0.947,0.448
-0.944,0.125
-1.052,0.192
-1.301,0.347
-1.334,0.446
-2.807,0.335
-2.992,0.398
3.095,0.393
2.336,0.135
2.017,0.396
2.027,0.19
1.396,0.37
0.547,0.035
-0.008,0.453
-0.251,-2.437
2.459,-0.968
0.703,-0.329
-0.246,-0.734
-0.164,-3.416
-0.228,-1.439
-0.35,-1.435
-0.458,-3.131
-2.834,-0.373
-2.856,-2.311
2.55,-2.345
1.814,-1.455
1.497,-1.471
0.584,-2.966
0.601,-0.768
0.406,-1.409
0.401,-0.98
0.302,-0.333
0.292,-1.149
0.288,-1.95
0.167,-3.006
-0.117,-1.475
-0.471,-1.293
-0.747,-1.211
-2.752,-1.249
0.09,-2.677
1.258,-3.773
0.26,-0.192
1.035,-4.004
-0.763,0.213
-0.156,-2.851
-0.054,0.574
-0.217,-3.328
-0.25,-3.451
-0.281,-3.383
-0.35,-3.438
-1.114,-3.448
-1.439,-3.406
-2.197,-3.333
2.874,-3.338
1.151,-3.243
-0.037,-3.217
-0.538,1.161
-0.59,1.277
-0.649,0.979
-0.915,1.016
-1.02,1.236
-1.017,0.913
-1.125,0.98
-1.374,1.135
-1.407,1.234
-2.88,1.123
-3.065,1.186
3.022,1.181
2.263,0.923
1.944,1.184
1.954,0.978
1.323,1.158
0.474,0.823
-0.081,1.241
-0.324,-1.649
2.386,-0.18
0.63,0.459
-0.319,0.054
-0.237,-2.628
-0.301,-0.651
-0.423,-0.647
-0.531,-2.343
-2.907,0.415
-2.929,-1.523
2.477,-1.557
1.741,-0.667
1.424,-0.683
0.511,-2.178
0.528,0.02
0.333,-0.621
0.328,-0.192
0.229,0.455
0.219,-0.361
0.215,-1.162
0.094,-2.218
-0.19,-0.687
-0.544,-0.505
-0.82,-0.423
-2.825,-0.461
0.017,-1.889
1.185,-2.985
0.187,0.596
0.962,-3.216
-0.836,1.001
0.102,3.425
-0.061,-0.477
-0.094,-0.6
-0.125,-0.532
-0.194,-0.587
-0.958,-0.597
-1.283,-0.555
-2.041,-0.482
3.03,-0.487
1.307,-0.392
0.119,-0.366
-0.382,4.012
-0.434,4.128
-0.493,3.83
-0.759,3.867
-0.864,4.087
-0.861,3.764
-0.969,3.831
-1.218,3.986
-1.251,4.085
-2.724,3.974
-2.909,4.037
-3.105,4.032
2.419,3.774
2.1,4.035
2.11,3.829
1.479,4.009
0.63,3.674
0.075,4.092
-0.168,1.202
2.542,2.671
0.786,3.31
-0.163,2.905
-0.081,0.223
-0.145,2.2
-0.267,2.204
-0.375,0.508
-2.751,3.266
-2.773,1.328
2.633,1.294
1.897,2.184
1.58,2.168
0.667,0.673
0.684,2.871
0.489,2.23
0.484,2.659
0.385,3.306
0.375,2.49
0.371,1.689
0.25,0.633
-0.034,2.164
-0.388,2.346
-0.664,2.428
-2.669,2.39
0.173,0.962
1.341,-0.134
0.343,3.447
1.118,-0.365
-0.68,3.852
-0.163,-3.902
-0.196,-4.025
-0.227,-3.957
-0.296,-4.012
-1.06,-4.022
-1.385,-3.98
-2.143,-3.907
2.928,-3.912
1.205,-3.817
0.017,-3.791
-0.484,0.587
-0.536,0.703
-0.595,0.405
-0.861,0.442
-0.966,0.662
-0.963,0.339
-1.071,0.406
-1.32,0.561
-1.353,0.66
-2.826,0.549
-3.011,0.612
3.076,0.607
2.317,0.349
1.998,0.61
2.008,0.404
1.377,0.584
0.528,0.249
-0.027,0.667
-0.27,-2.223
2.44,-0.754
0.684,-0.115
-0.265,-0.52
-0.183,-3.202
-0.247,-1.225
-0.369,-1.221
-0.477,-2.917
-2.853,-0.159
-2.875,-2.097
2.531,-2.131
1.795,-1.241
1.478,-1.257
0.565,-2.752
0.582,-0.554
0.387,-1.195
0.382,-0.766
0.283,-0.119
0.273,-0.935
0.269,-1.736
0.148,-2.792
-0.136,-1.261
-0.49,-1.079
-0.766,-0.997
-2.771,-1.035
0.071,-2.463
1.239,-3.559
0.241,0.022
1.016,-3.79
-0.782,0.427
-0.033,-0.123
-0.064,-0.055
-0.133,-0.11
-0.897,-0.12
-1.222,-0.078
-1.98,-0.005
3.091,-0.01
1.368,0.085
0.18,0.111
-0.321,4.489
-0.373,4.605
-0.432,4.307
-0.698,4.344
-0.803,4.564
-0.8,4.241
-0.908,4.308
-1.157,4.463
-1.19,4.562
-2.663,4.451
-2.848,4.514
-3.044,4.509
2.48,4.251
2.161,4.512
2.171,4.306
1.54,4.486
0.691,4.151
0.136,4.569
-0.107,1.679
2.603,3.148
0.847,3.787
-0.102,3.382
-0.02,0.7
-0.084,2.677
-0.206,2.681
-0.314,0.985
-2.69,3.743
-2.712,1.805
2.694,1.771
1.958,2.661
1.641,2.645
0.728,1.15
0.745,3.348
0.55,2.707
0.545,3.136
0.446,3.783
0.436,2.967
0.432,2.166
0.311,1.11
0.027,2.641
-0.327,2.823
-0.603,2.905
-2.608,2.867
0.234,1.439
1.402,0.343
0.404,3.924
1.179,0.112
-0.619,4.329
-0.031,0.068
-0.1,0.013
-0.864,0.003
-1.189,0.045
-1.947,0.118
3.124,0.113
1.401,0.208
0.213,0.234
-0.288,4.612
-0.34,4.728
-0.399,4.43
-0.665,4.467
-0.77,4.687
-0.767,4.364
-0.875,4.431
-1.124,4.586
-1.157,4.685
-2.63,4.574
-2.815,4.637
-3.011,4.632
2.513,4.374
2.194,4.635
2.204,4.429
1.573,4.609
0.724,4.274
0.169,4.692
-0.074,1.802
2.636,3.271
0.88,3.91
-0.069,3.505
0.013,0.823
-0.051,2.8
-0.173,2.804
-0.281,1.108
-2.657,3.866
-2.679,1.928
2.727,1.894
1.991,2.784
1.674,2.768
0.761,1.273
0.778,3.471
0.583,2.83
0.578,3.259
0.479,3.906
0.469,3.09
0.465,2.289
0.344,1.233
0.06,2.764
-0.294,2.946
-0.57,3.028
-2.575,2.99
0.267,1.562
1.435,0.466
0.437,4.047
1.212,0.235
-0.586,4.452
-0.069,-0.055
-0.833,-0.065
-1.158,-0.023
-1.916,0.05
-3.128,0.045
1.432,0.14
0.244,0.166
-0.257,4.544
-0.309,4.66
-0.368,4.362
-0.634,4.399
-0.739,4.619
-0.736,4.296
-0.844,4.363
-1.093,4.518
-1.126,4.617
-2.599,4.506
-2.784,4.569
-2.98,4.564
2.544,4.306
2.225,4.567
2.235,4.361
1.604,4.541
0.755,4.206
0.2,4.624
-0.043,1.734
2.667,3.203
0.911,3.842
-0.038,3.437
0.044,0.755
-0.02,2.732
-0.142,2.736
-0.25,1.04
-2.626,3.798
-2.648,1.86
2.758,1.826
2.022,2.716
1.705,2.7
0.792,1.205
0.809,3.403
0.614,2.762
0.609,3.191
0.51,3.838
0.5,3.022
0.496,2.221
0.375,1.165
0.091,2.696
-0.263,2.878
-0.539,2.96
-2.544,2.922
0.298,1.494
1.466,0.398
0.468,3.979
1.243,0.167
-0.555,4.384
-0.764,-0.01
-1.089,0.032
-1.847,0.105
-3.059,0.1
1.501,0.195
0.313,0.221
-0.188,4.599
-0.24,4.715
-0.299,4.417
-0.565,4.454
-0.67,4.674
-0.667,4.351
-0.775,4.418
-1.024,4.573
-1.057,4.672
-2.53,4.561
-2.715,4.624
-2.911,4.619
2.613,4.361
2.294,4.622
2.304,4.416
1.673,4.596
0.824,4.261
0.269,4.679
0.026,1.789
2.736,3.258
0.98,3.897
0.031,3.492
0.113,0.81
0.049,2.787
-0.073,2.791
-0.181,1.095
-2.557,3.853
-2.579,1.915
2.827,1.881
2.091,2.771
1.774,2.755
0.861,1.26
0.878,3.458
0.683,2.817
0.678,3.246
0.579,3.893
0.569,3.077
0.565,2.276
0.444,1.22
0.16,2.751
-0.194,2.933
-0.47,3.015
-2.475,2.977
0.367,1.549
1.535,0.453
0.537,4.034
1.312,0.222
-0.486,4.439
-0.325,0.042
-1.083,0.115
-2.295,0.11
2.265,0.205
1.077,0.231
0.576,4.609
0.524,4.725
0.465,4.427
0.199,4.464
0.094,4.684
0.097,4.361
-0.011,4.428
-0.26,4.583
-0.293,4.682
-1.766,4.571
-1.951,4.634
-2.147,4.629
-2.906,4.371
3.058,4.632
3.068,4.426
2.437,4.606
1.588,4.271
1.033,4.689
0.79,1.799
-2.783,3.268
1.744,3.907
0.795,3.502
0.877,0.82
0.813,2.797
0.691,2.801
0.583,1.105
-1.793,3.863
-1.815,1.925
-2.692,1.891
2.855,2.781
2.538,2.765
1.625,1.27
1.642,3.468
1.447,2.827
1.442,3.256
1.343,3.903
1.333,3.087
1.329,2.286
1.208,1.23
0.924,2.761
0.57,2.943
0.294,3.025
-1.711,2.987
1.131,1.559
2.299,0.463
1.301,4.044
2.076,0.232
0.278,4.449
-0.758,0.073
-1.97,0.068
2.59,0.163
1.402,0.189
0.901,4.567
0.849,4.683
0.79,4.385
0.524,4.422
0.419,4.642
0.422,4.319
0.314,4.386
0.065,4.541
0.032,4.64
-1.441,4.529
-1.626,4.592
-1.822,4.587
-2.581,4.329
-2.9,4.59
-2.89,4.384
2.762,4.564
1.913,4.229
1.358,4.647
1.115,1.757
-2.458,3.226
2.069,3.865
1.12,3.46
1.202,0.778
1.138,2.755
1.016,2.759
0.908,1.063
-1.468,3.821
-1.49,1.883
-2.367,1.849
-3.103,2.739
2.863,2.723
1.95,1.228
1.967,3.426
1.772,2.785
1.767,3.214
1.668,3.861
1.658,3.045
1.654,2.244
1.533,1.188
1.249,2.719
0.895,2.901
0.619,2.983
-1.386,2.945
1.456,1.517
2.624,0.421
1.626,4.002
2.401,0.19
0.603,4.407
-1.212,-0.005
-2.935,0.09
2.16,0.116
1.659,4.494
1.607,4.61
1.548,4.312
1.282,4.349
1.177,4.569
1.18,4.246
1.072,4.313
0.823,4.468
0.79,4.567
-0.683,4.456
-0.868,4.519
-1.064,4.514
-1.823,4.256
-2.142,4.517
-2.132,4.311
-2.763,4.491
2.671,4.156
2.116,4.574
1.873,1.684
-1.7,3.153
2.827,3.792
1.878,3.387
1.96,0.705
1.896,2.682
1.774,2.686
1.666,0.99
-0.71,3.748
-0.732,1.81
-1.609,1.776
-2.345,2.666
-2.662,2.65
2.708,1.155
2.725,3.353
2.53,2.712
2.525,3.141
2.426,3.788
2.416,2.972
2.412,2.171
2.291,1.115
2.007,2.646
1.653,2.828
1.377,2.91
-0.628,2.872
2.214,1.444
-2.901,0.348
2.384,3.929
-3.124,0.117
1.361,4.334
-1.723,0.095
-2.911,0.121
2.871,4.499
2.819,4.615
2.76,4.317
2.494,4.354
2.389,4.574
2.392,4.251
2.284,4.318
2.035,4.473
2.002,4.572
0.529,4.461
0.344,4.524
0.148,4.519
-0.611,4.261
-0.93,4.522
-0.92,4.316
-1.551,4.496
-2.4,4.161
-2.955,4.579
3.085,1.689
-0.488,3.158
-2.244,3.797
3.09,3.392
-3.111,0.71
3.108,2.687
2.986,2.691
2.878,0.995
0.502,3.753
0.48,1.815
-0.397,1.781
-1.133,2.671
-1.45,2.655
-2.363,1.16
-2.346,3.358
-2.541,2.717
-2.546,3.146
-2.645,3.793
-2.655,2.977
-2.659,2.176
-2.78,1.12
-3.064,2.651
2.865,2.833
2.589,2.915
0.584,2.877
-2.857,1.449
-1.689,0.353
-2.687,3.934
-1.912,0.122
2.573,4.339
-1.188,0.026
-1.689,4.404
-1.741,4.52
-1.8,4.222
-2.066,4.259
-2.171,4.479
-2.168,4.156
-2.276,4.223
-2.525,4.378
-2.558,4.477
2.252,4.366
2.067,4.429
1.871,4.424
1.112,4.166
0.793,4.427
0.803,4.221
0.172,4.401
-0.677,4.066
-1.232,4.484
-1.475,1.594
1.235,3.063
-0.521,3.702
-1.47,3.297
-1.388,0.615
-1.452,2.592
-1.574,2.596
-1.682,0.9
2.225,3.658
2.203,1.72
1.326,1.686
0.59,2.576
0.273,2.56
-0.64,1.065
-0.623,3.263
-0.818,2.622
-0.823,3.051
-0.922,3.698
-0.932,2.882
-0.936,2.081
-1.057,1.025
-1.341,2.556
-1.695,2.738
-1.971,2.82
2.307,2.782
-1.134,1.354
0.034,0.258
-0.964,3.839
-0.189,0.027
-1.987,4.244
-0.501,4.378
-0.553,4.494
-0.612,4.196
-0.878,4.233
-0.983,4.453
-0.98,4.13
-1.088,4.197
-1.337,4.352
-1.37,4.451
-2.843,4.34
-3.028,4.403
3.059,4.398
2.3,4.14
1.981,4.401
1.991,4.195
1.36,4.375
0.511,4.04
-0.044,4.458
-0.287,1.568
2.423,3.037
0.667,3.676
-0.282,3.271
-0.2,0.589
-0.264,2.566
-0.386,2.57
-0.494,0.874
-2.87,3.632
-2.892,1.694
2.514,1.66
1.778,2.55
1.461,2.534
0.548,1.039
0.565,3.237
0.37,2.596
0.365,3.025
0.266,3.672
0.256,2.856
0.252,2.055
0.131,0.999
-0.153,2.53
-0.507,2.712
-0.783,2.794
-2.788,2.756
0.054,1.328
1.222,0.232
0.224,3.813
0.999,0.001
-0.799,4.218
-0.052,0.116
-0.111,-0.182
-0.377,-0.145
-0.482,0.075
-0.479,-0.248
-0.587,-0.181
-0.836,-0.026
-0.869,0.073
-2.342,-0.038
-2.527,0.025
-2.723,0.02
2.801,-0.238
2.482,0.023
2.492,-0.183
1.861,-0.003
1.012,-0.338
0.457,0.08
0.214,-2.81
2.924,-1.341
1.168,-0.702
0.219,-1.107
0.301,-3.789
0.237,-1.812
0.115,-1.808
0.007,-3.504
-2.369,-0.746
-2.391,-2.684
3.015,-2.718
2.279,-1.828
1.962,-1.844
1.049,-3.339
1.066,-1.141
0.871,-1.782
0.866,-1.353
0.767,-0.706
0.757,-1.522
0.753,-2.323
0.632,-3.379
0.348,-1.848
-0.006,-1.666
-0.282,-1.584
-2.287,-1.622
0.555,-3.05
1.723,-4.146
0.725,-0.565
1.5,-4.377
-0.298,-0.16
-0.059,-0.298
-0.325,-0.261
-0.43,-0.041
-0.427,-0.364
-0.535,-0.297
-0.784,-0.142
-0.817,-0.043
-2.29,-0.154
-2.475,-0.091
-2.671,-0.096
2.853,-0.354
2.534,-0.093
2.544,-0.299
1.913,-0.119
1.064,-0.454
0.509,-0.036
0.266,-2.926
2.976,-1.457
1.22,-0.818
0.271,-1.223
0.353,-3.905
0.289,-1.928
0.167,-1.924
0.059,-3.62
-2.317,-0.862
-2.339,-2.8
3.067,-2.834
2.331,-1.944
2.014,-1.96
1.101,-3.455
1.118,-1.257
0.923,-1.898
0.918,-1.469
0.819,-0.822
0.809,-1.638
0.805,-2.439
0.684,-3.495
0.4,-1.964
0.046,-1.782
-0.23,-1.7
-2.235,-1.738
0.607,-3.166
1.775,-4.262
0.777,-0.681
1.552,-4.493
-0.246,-0.276
-0.266,0.037
-0.371,0.257
-0.368,-0.066
-0.476,0.001
-0.725,0.156
-0.758,0.255
-2.231,0.144
-2.416,0.207
-2.612,0.202
2.912,-0.056
2.593,0.205
2.603,-0.001
1.972,0.179
1.123,-0.156
0.568,0.262
0.325,-2.628
3.035,-1.159
1.279,-0.52
0.33,-0.925
0.412,-3.607
0.348,-1.63
0.226,-1.626
0.118,-3.322
-2.258,-0.564
-2.28,-2.502
3.126,-2.536
2.39,-1.646
2.073,-1.662
1.16,-3.157
1.177,-0.959
0.982,-1.6
0.977,-1.171
0.878,-0.524
0.868,-1.34
0.864,-2.141
0.743,-3.197
0.459,-1.666
0.105,-1.484
-0.171,-1.402
-2.176,-1.44
0.666,-2.868
1.834,-3.964
0.836,-0.383
1.611,-4.195
-0.187,0.022
-0.105,0.22
-0.102,-0.103
-0.21,-0.036
-0.459,0.119
-0.492,0.218
-1.965,0.107
-2.15,0.17
-2.346,0.165
-3.105,-0.093
2.859,0.168
2.869,-0.038
2.238,0.142
1.389,-0.193
0.834,0.225
0.591,-2.665
-2.982,-1.196
1.545,-0.557
0.596,-0.962
0.678,-3.644
0.614,-1.667
0.492,-1.663
0.384,-3.359
-1.992,-0.601
-2.014,-2.539
-2.891,-2.573
2.656,-1.683
2.339,-1.699
1.426,-3.194
1.443,-0.996
1.248,-1.637
1.243,-1.208
1.144,-0.561
1.134,-1.377
1.13,-2.178
1.009,-3.234
0.725,-1.703
0.371,-1.521
0.095,-1.439
-1.91,-1.477
0.932,-2.905
2.1,-4.001
1.102,-0.42
1.877,-4.232
0.079,-0.015
0.003,-0.323
-0.105,-0.256
-0.354,-0.101
-0.387,-0.002
-1.86,-0.113
-2.045,-0.05
-2.241,-0.055
-3.0,-0.313
2.964,-0.052
2.974,-0.258
2.343,-0.078
1.494,-0.413
0.939,0.005
0.696,-2.885
-2.877,-1.416
1.65,-0.777
0.701,-1.182
0.783,-3.864
0.719,-1.887
0.597,-1.883
0.489,-3.579
-1.887,-0.821
-1.909,-2.759
-2.786,-2.793
2.761,-1.903
2.444,-1.919
1.531,-3.414
1.548,-1.216
1.353,-1.857
1.348,-1.428
1.249,-0.781
1.239,-1.597
1.235,-2.398
1.114,-3.454
0.83,-1.923
0.476,-1.741
0.2,-1.659
-1.805,-1.697
1.037,-3.125
2.205,-4.221
1.207,-0.64
1.982,-4.452
0.184,-0.235
-0.108,0.067
-0.357,0.222
-0.39,0.321
-1.863,0.21
-2.048,0.273
-2.244,0.268
-3.003,0.01
2.961,0.271
2.971,0.065
2.34,0.245
1.491,-0.09
0.936,0.328
0.693,-2.562
-2.88,-1.093
1.647,-0.454
0.698,-0.859
0.78,-3.541
0.716,-1.564
0.594,-1.56
0.486,-3.256
-1.89,-0.498
-1.912,-2.436
-2.789,-2.47
2.758,-1.58
2.441,-1.596
1.528,-3.091
1.545,-0.893
1.35,-1.534
1.345,-1.105
1.246,-0.458
1.236,-1.274
1.232,-2.075
1.111,-3.131
0.827,-1.6
0.473,-1.418
0.197,-1.336
-1.808,-1.374
1.034,-2.802
2.202,-3.898
1.204,-0.317
1.979,-4.129
0.181,0.088
-0.249,0.155
-0.282,0.254
-1.755,0.143
-1.94,0.206
-2.136,0.201
-2.895,-0.057
3.069,0.204
3.079,-0.002
2.448,0.178
1.599,-0.157
1.044,0.261
0.801,-2.629
-2.772,-1.16
1.755,-0.521
0.806,-0.926
0.888,-3.608
0.824,-1.631
0.702,-1.627
0.594,-3.323
-1.782,-0.565
-1.804,-2.503
-2.681,-2.537
2.866,-1.647
2.549,-1.663
1.636,-3.158
1.653,-0.96
1.458,-1.601
1.453,-1.172
1.354,-0.525
1.344,-1.341
1.34,-2.142
1.219,-3.198
0.935,-1.667
0.581,-1.485
0.305,-1.403
-1.7,-1.441
1.142,-2.869
2.31,-3.965
1.312,-0.384
2.087,-4.196
0.289,0.021
-0.033,0.099
-1.506,-0.012
-1.691,0.051
-1.887,0.046
-2.646,-0.212
-2.965,0.049
-2.955,-0.157
2.697,0.023
1.848,-0.312
1.293,0.106
1.05,-2.784
-2.523,-1.315
2.004,-0.676
1.055,-1.081
1.137,-3.763
1.073,-1.786
0.951,-1.782
0.843,-3.478
-1.533,-0.72
-1.555,-2.658
-2.432,-2.692
3.115,-1.802
2.798,-1.818
1.885,-3.313
1.902,-1.115
1.707,-1.756
1.702,-1.327
1.603,-0.68
1.593,-1.496
1.589,-2.297
1.468,-3.353
1.184,-1.822
0.83,-1.64
0.554,-1.558
-1.451,-1.596
1.391,-3.024
2.559,-4.12
1.561,-0.539
2.336,-4.351
0.538,-0.134
-1.473,-0.111
-1.658,-0.048
-1.854,-0.053
-2.613,-0.311
-2.932,-0.05
-2.922,-0.256
2.73,-0.076
1.881,-0.411
1.326,0.007
1.083,-2.883
-2.49,-1.414
2.037,-0.775
1.088,-1.18
1.17,-3.862
1.106,-1.885
0.984,-1.881
0.876,-3.577
-1.5,-0.819
-1.522,-2.757
-2.399,-2.791
-3.135,-1.901
2.831,-1.917
1.918,-3.412
1.935,-1.214
1.74,-1.855
1.735,-1.426
1.636,-0.779
1.626,-1.595
1.622,-2.396
1.501,-3.452
1.217,-1.921
0.863,-1.739
0.587,-1.657
-1.418,-1.695
1.424,-3.123
2.592,-4.219
1.594,-0.638
2.369,-4.45
0.571,-0.233
-0.185,0.063
-0.381,0.058
-1.14,-0.2
-1.459,0.061
-1.449,-0.145
-2.08,0.035
-2.929,-0.3
2.799,0.118
2.556,-2.772
-1.017,-1.303
-2.773,-0.664
2.561,-1.069
2.643,-3.751
2.579,-1.774
2.457,-1.77
2.349,-3.466
-0.027,-0.708
-0.049,-2.646
-0.926,-2.68
-1.662,-1.79
-1.979,-1.806
-2.892,-3.301
-2.875,-1.103
-3.07,-1.744
-3.075,-1.315
3.109,-0.668
3.099,-1.484
3.095,-2.285
2.974,-3.341
2.69,-1.81
2.336,-1.628
2.06,-1.546
0.055,-1.584
2.897,-3.012
-2.218,-4.108
3.067,-0.527
-2.441,-4.339
2.044,-0.122
-0.196,-0.005
-0.955,-0.263
-1.274,-0.002
-1.264,-0.208
-1.895,-0.028
-2.744,-0.363
2.984,0.055
2.741,-2.835
-0.832,-1.366
-2.588,-0.727
2.746,-1.132
2.828,-3.814
2.764,-1.837
2.642,-1.833
2.534,-3.529
0.158,-0.771
0.136,-2.709
-0.741,-2.743
-1.477,-1.853
-1.794,-1.869
-2.707,-3.364
-2.69,-1.166
-2.885,-1.807
-2.89,-1.378
-2.989,-0.731
-2.999,-1.547
-3.003,-2.348
-3.124,-3.404
2.875,-1.873
2.521,-1.691
2.245,-1.609
0.24,-1.647
3.082,-3.075
-2.033,-4.171
-3.031,-0.59
-2.256,-4.402
2.229,-0.185
-0.759,-0.258
-1.078,0.003
-1.068,-0.203
-1.699,-0.023
-2.548,-0.358
-3.103,0.06
2.937,-2.83
-0.636,-1.361
-2.392,-0.722
2.942,-1.127
3.024,-3.809
2.96,-1.832
2.838,-1.828
2.73,-3.524
0.354,-0.766
0.332,-2.704
-0.545,-2.738
-1.281,-1.848
-1.598,-1.864
-2.511,-3.359
-2.494,-1.161
-2.689,-1.802
-2.694,-1.373
-2.793,-0.726
-2.803,-1.542
-2.807,-2.343
-2.928,-3.399
3.071,-1.868
2.717,-1.686
2.441,-1.604
0.436,-1.642
-3.005,-3.07
-1.837,-4.166
-2.835,-0.585
-2.06,-4.397
2.425,-0.18
-0.319,0.261
-0.309,0.055
-0.94,0.235
-1.789,-0.1
-2.344,0.318
-2.587,-2.572
0.123,-1.103
-1.633,-0.464
-2.582,-0.869
-2.5,-3.551
-2.564,-1.574
-2.686,-1.57
-2.794,-3.266
1.113,-0.508
1.091,-2.446
0.214,-2.48
-0.522,-1.59
-0.839,-1.606
-1.752,-3.101
-1.735,-0.903
-1.93,-1.544
-1.935,-1.115
-2.034,-0.468
-2.044,-1.284
-2.048,-2.085
-2.169,-3.141
-2.453,-1.61
-2.807,-1.428
-3.083,-1.346
1.195,-1.384
-2.246,-2.812
-1.078,-3.908
-2.076,-0.327
-1.301,-4.139
-3.099,0.078
0.01,-0.206
-0.621,-0.026
-1.47,-0.361
-2.025,0.057
-2.268,-2.833
0.442,-1.364
-1.314,-0.725
-2.263,-1.13
-2.181,-3.812
-2.245,-1.835
-2.367,-1.831
-2.475,-3.527
1.432,-0.769
1.41,-2.707
0.533,-2.741
-0.203,-1.851
-0.52,-1.867
-1.433,-3.362
-1.416,-1.164
-1.611,-1.805
-1.616,-1.376
-1.715,-0.729
-1.725,-1.545
-1.729,-2.346
-1.85,-3.402
-2.134,-1.871
-2.488,-1.689
-2.764,-1.607
1.514,-1.645
-1.927,-3.073
-0.759,-4.169
-1.757,-0.588
-0.982,-4.4
-2.78,-0.183
-0.631,0.18
-1.48,-0.155
-2.035,0.263
-2.278,-2.627
0.432,-1.158
-1.324,-0.519
-2.273,-0.924
-2.191,-3.606
-2.255,-1.629
-2.377,-1.625
-2.485,-3.321
1.422,-0.563
1.4,-2.501
0.523,-2.535
-0.213,-1.645
-0.53,-1.661
-1.443,-3.156
-1.426,-0.958
-1.621,-1.599
-1.626,-1.17
-1.725,-0.523
-1.735,-1.339
-1.739,-2.14
-1.86,-3.196
-2.144,-1.665
-2.498,-1.483
-2.774,-1.401
1.504,-1.439
-1.937,-2.867
-0.769,-3.963
-1.767,-0.382
-0.992,-4.194
-2.79,0.023
-0.849,-0.335
-1.404,0.083
-1.647,-2.807
1.063,-1.338
-0.693,-0.699
-1.642,-1.104
-1.56,-3.786
-1.624,-1.809
-1.746,-1.805
-1.854,-3.501
2.053,-0.743
2.031,-2.681
1.154,-2.715
0.418,-1.825
0.101,-1.841
-0.812,-3.336
-0.795,-1.138
-0.99,-1.779
-0.995,-1.35
-1.094,-0.703
-1.104,-1.519
-1.108,-2.32
-1.229,-3.376
-1.513,-1.845
-1.867,-1.663
-2.143,-1.581
2.135,-1.619
-1.306,-3.047
-0.138,-4.143
-1.136,-0.562
-0.361,-4.374
-2.159,-0.157
-0.555,0.418
-0.798,-2.472
1.912,-1.003
0.156,-0.364
-0.793,-0.769
-0.711,-3.451
-0.775,-1.474
-0.897,-1.47
-1.005,-3.166
2.902,-0.408
2.88,-2.346
2.003,-2.38
1.267,-1.49
0.95,-1.506
0.037,-3.001
0.054,-0.803
-0.141,-1.444
-0.146,-1.015
-0.245,-0.368
-0.255,-1.184
-0.259,-1.985
-0.38,-3.041
-0.664,-1.51
-1.018,-1.328
-1.294,-1.246
2.984,-1.284
-0.457,-2.712
0.711,-3.808
-0.287,-0.227
0.488,-4.039
-1.31,0.178
-0.243,-2.89
2.467,-1.421
0.711,-0.782
-0.238,-1.187
-0.156,-3.869
-0.22,-1.892
-0.342,-1.888
-0.45,-3.584
-2.826,-0.826
-2.848,-2.764
2.558,-2.798
1.822,-1.908
1.505,-1.924
0.592,-3.419
0.609,-1.221
0.414,-1.862
0.409,-1.433
0.31,-0.786
0.3,-1.602
0.296,-2.403
0.175,-3.459
-0.109,-1.928
-0.463,-1.746
-0.739,-1.664
-2.744,-1.702
0.098,-3.13
1.266,-4.226
0.268,-0.645
1.043,-4.457
-0.755,-0.24
2.71,1.469
0.954,2.108
0.005,1.703
0.087,-0.979
0.023,0.998
-0.099,1.002
-0.207,-0.694
-2.583,2.064
-2.605,0.126
2.801,0.092
2.065,0.982
1.748,0.966
0.835,-0.529
0.852,1.669
0.657,1.028
0.652,1.457
0.553,2.104
0.543,1.288
0.539,0.487
0.418,-0.569
0.134,0.962
-0.22,1.144
-0.496,1.226
-2.501,1.188
0.341,-0.24
1.509,-1.336
0.511,2.245
1.286,-1.567
-0.512,2.65
-1.756,0.639
-2.705,0.234
-2.623,-2.448
-2.687,-0.471
-2.809,-0.467
-2.917,-2.163
0.99,0.595
0.968,-1.343
0.091,-1.377
-0.645,-0.487
-0.962,-0.503
-1.875,-1.998
-1.858,0.2
-2.053,-0.441
-2.058,-0.012
-2.157,0.635
-2.167,-0.181
-2.171,-0.982
-2.292,-2.038
-2.576,-0.507
-2.93,-0.325
3.077,-0.243
1.072,-0.281
-2.369,-1.709
-1.201,-2.805
-2.199,0.776
-1.424,-3.036
3.061,1.181
-0.949,-0.405
-0.867,-3.087
-0.931,-1.11
-1.053,-1.106
-1.161,-2.802
2.746,-0.044
2.724,-1.982
1.847,-2.016
1.111,-1.126
0.794,-1.142
-0.119,-2.637
-0.102,-0.439
-0.297,-1.08
-0.302,-0.651
-0.401,-0.004
-0.411,-0.82
-0.415,-1.621
-0.536,-2.677
-0.82,-1.146
-1.174,-0.964
-1.45,-0.882
2.828,-0.92
-0.613,-2.348
0.555,-3.444
-0.443,0.137
0.332,-3.675
-1.466,0.542
0.082,-2.682
0.018,-0.705
-0.104,-0.701
-0.212,-2.397
-2.588,0.361
-2.61,-1.577
2.796,-1.611
2.06,-0.721
1.743,-0.737
0.83,-2.232
0.847,-0.034
0.652,-0.675
0.647,-0.246
0.548,0.401
0.538,-0.415
0.534,-1.216
0.413,-2.272
0.129,-0.741
-0.225,-0.559
-0.501,-0.477
-2.506,-0.515
0.336,-1.943
1.504,-3.039
0.506,0.542
1.281,-3.27
-0.517,0.947
-0.064,1.977
-0.186,1.981
-0.294,0.285
-2.67,3.043
-2.692,1.105
2.714,1.071
1.978,1.961
1.661,1.945
0.748,0.45
0.765,2.648
0.57,2.007
0.565,2.436
0.466,3.083
0.456,2.267
0.452,1.466
0.331,0.41
0.047,1.941
-0.307,2.123
-0.583,2.205
-2.588,2.167
0.254,0.739
1.422,-0.357
0.424,3.224
1.199,-0.588
-0.599,3.629
-0.122,0.004
-0.23,-1.692
-2.606,1.066
-2.628,-0.872
2.778,-0.906
2.042,-0.016
1.725,-0.032
0.812,-1.527
0.829,0.671
0.634,0.03
0.629,0.459
0.53,1.106
0.52,0.29
0.516,-0.511
0.395,-1.567
0.111,-0.036
-0.243,0.146
-0.519,0.228
-2.524,0.19
0.318,-1.238
1.486,-2.334
0.488,1.247
1.263,-2.565
-0.535,1.652
-0.108,-1.696
-2.484,1.062
-2.506,-0.876
2.9,-0.91
2.164,-0.02
1.847,-0.036
0.934,-1.531
0.951,0.667
0.756,0.026
0.751,0.455
0.652,1.102
0.642,0.286
0.638,-0.515
0.517,-1.571
0.233,-0.04
-0.121,0.142
-0.397,0.224
-2.402,0.186
0.44,-1.242
1.608,-2.338
0.61,1.243
1.385,-2.569
-0.413,1.648
-2.376,2.758
-2.398,0.82
3.008,0.786
2.272,1.676
1.955,1.66
1.042,0.165
1.059,2.363
0.864,1.722
0.859,2.151
0.76,2.798
0.75,1.982
0.746,1.181
0.625,0.125
0.341,1.656
-0.013,1.838
-0.289,1.92
-2.294,1.882
0.548,0.454
1.716,-0.642
0.718,2.939
1.493,-0.873
-0.305,3.344
-0.022,-1.938
-0.899,-1.972
-1.635,-1.082
-1.952,-1.098
-2.865,-2.593
-2.848,-0.395
-3.043,-1.036
-3.048,-0.607
3.136,0.04
3.126,-0.776
3.122,-1.577
3.001,-2.633
2.717,-1.102
2.363,-0.92
2.087,-0.838
0.082,-0.876
2.924,-2.304
-2.191,-3.4
3.094,0.181
-2.414,-3.631
2.071,0.586
-0.877,-0.034
-1.613,0.856
-1.93,0.84
-2.843,-0.655
-2.826,1.543
-3.021,0.902
-3.026,1.331
-3.125,1.978
-3.135,1.162
-3.139,0.361
3.023,-0.695
2.739,0.836
2.385,1.018
2.109,1.1
0.104,1.062
2.946,-0.366
-2.169,-1.462
3.116,2.119
-2.392,-1.693
2.093,2.524
-0.736,0.89
-1.053,0.874
-1.966,-0.621
-1.949,1.577
-2.144,0.936
-2.149,1.365
-2.248,2.012
-2.258,1.196
-2.262,0.395
-2.383,-0.661
-2.667,0.87
-3.021,1.052
2.986,1.134
0.981,1.096
-2.46,-0.332
-1.292,-1.428
-2.29,2.153
-1.515,-1.659
2.97,2.558
-0.317,-0.016
-1.23,-1.511
-1.213,0.687
-1.408,0.046
-1.413,0.475
-1.512,1.122
-1.522,0.306
-1.526,-0.495
-1.647,-1.551
-1.931,-0.02
-2.285,0.162
-2.561,0.244
1.717,0.206
-1.724,-1.222
-0.556,-2.318
-1.554,1.263
-0.779,-2.549
-2.577,1.668
-0.913,-1.495
-0.896,0.703
-1.091,0.062
-1.096,0.491
-1.195,1.138
-1.205,0.322
-1.209,-0.479
-1.33,-1.535
-1.614,-0.004
-1.968,0.178
-2.244,0.26
2.034,0.222
-1.407,-1.206
-0.239,-2.302
-1.237,1.279
-0.462,-2.533
-2.26,1.684
0.017,2.198
-0.178,1.557
-0.183,1.986
-0.282,2.633
-0.292,1.817
-0.296,1.016
-0.417,-0.04
-0.701,1.491
-1.055,1.673
-1.331,1.755
2.947,1.717
-0.494,0.289
0.674,-0.807
-0.324,2.774
0.451,-1.038
-1.347,3.179
-0.195,-0.641
-0.2,-0.212
-0.299,0.435
-0.309,-0.381
-0.313,-1.182
-0.434,-2.238
-0.718,-0.707
-1.072,-0.525
-1.348,-0.443
2.93,-0.481
-0.511,-1.909
0.657,-3.005
-0.341,0.576
0.434,-3.236
-1.364,0.981
-0.005,0.429
-0.104,1.076
-0.114,0.26
-0.118,-0.541
-0.239,-1.597
-0.523,-0.066
-0.877,0.116
-1.153,0.198
3.125,0.16
-0.316,-1.268
0.852,-2.364
-0.146,1.217
0.629,-2.595
-1.169,1.622
-0.099,0.647
-0.109,-0.169
-0.113,-0.97
-0.234,-2.026
-0.518,-0.495
-0.872,-0.313
-1.148,-0.231
3.13,-0.269
-0.311,-1.697
0.857,-2.793
-0.141,0.788
0.634,-3.024
-1.164,1.193
-0.01,-0.816
-0.014,-1.617
-0.135,-2.673
-0.419,-1.142
-0.773,-0.96
-1.049,-0.878
-3.054,-0.916
-0.212,-2.344
0.956,-3.44
-0.042,0.141
0.733,-3.671
-1.065,0.546
-0.004,-0.801
-0.125,-1.857
-0.409,-0.326
-0.763,-0.144
-1.039,-0.062
-3.044,-0.1
-0.202,-1.528
0.966,-2.624
-0.032,0.957
0.743,-2.855
-1.055,1.362
-0.121,-1.056
-0.405,0.475
-0.759,0.657
-1.035,0.739
-3.04,0.701
-0.198,-0.727
0.97,-1.823
-0.028,1.758
0.747,-2.054
-1.051,2.163
-0.284,1.531
-0.638,1.713
-0.914,1.795
-2.919,1.757
-0.077,0.329
1.091,-0.767
0.093,2.814
0.868,-0.998
-0.93,3.219
-0.354,0.182
-0.63,0.264
-2.635,0.226
0.207,-1.202
1.375,-2.298
0.377,1.283
1.152,-2.529
-0.646,1.688
-0.276,0.082
-2.281,0.044
0.561,-1.384
1.729,-2.48
0.731,1.101
1.506,-2.711
-0.292,1.506
-2.005,-0.038
0.837,-1.466
2.005,-2.562
1.007,1.019
1.782,-2.793
-0.016,1.424
2.842,-1.428
-2.273,-2.524
3.012,1.057
-2.496,-2.755
1.989,1.462
1.168,-1.096
0.17,2.485
0.945,-1.327
-0.853,2.89
-0.998,3.581
-0.223,-0.231
-2.021,3.986
0.775,-3.812
-1.023,0.405
-1.798,4.217
