-0.138,1.913
-0.157,-0.332
-0.156,2.114
-0.176,-0.743
-0.257,2.784
-0.27,-0.148
-0.22,-0.897
-0.283,-0.767
-0.232,1.68
-0.358,0.809
-0.413,0.068
-0.486,2.202
-0.501,1.934
-0.622,0.706
-0.624,1.337
-0.732,0.891
-0.662,1.531
-0.749,1.172
-0.784,0.511
-0.781,0.538
-0.758,-0.958
-0.82,1.544
-0.852,0.487
-0.912,0.567
-0.963,2.13
-0.909,0.51
-1.001,2.53
-0.967,1.853
-1.104,1.682
-1.108,-0.018
-1.12,1.511
-1.144,2.251
-1.074,0.522
-1.082,1.9
-1.116,-0.05
-1.122,-0.266
-1.246,0.661
-1.251,1.624
-1.35,2.565
-1.296,-0.412
-1.387,0.363
-1.401,1.435
-1.385,2.237
-1.388,-0.111
-1.513,-0.118
-1.501,-0.902
-1.551,0.106
-1.503,1.32
-1.523,1.03
-1.606,1.206
-1.618,-1.054
-1.597,2.626
-1.605,1.779
-1.662,0.811
-1.593,0.372
-1.641,0.744
-1.634,2.506
-1.656,1.673
-1.71,-0.09
-1.698,1.483
-1.708,1.133
-1.708,0.1
-1.753,1.518
-1.771,1.288
-1.822,0.613
-1.833,1.28
-1.785,-0.177
-1.81,2.632
-1.876,-0.692
-1.922,2.902
-1.932,0.075
-1.888,2.009
-1.888,-0.672
-1.978,1.948
-1.931,-0.19
-2.007,1.626
-2.013,2.171
-2.051,1.646
-2.054,2.078
-2.065,1.473
-2.104,1.105
-2.211,1.841
-2.209,1.559
-2.275,0.54
-2.348,0.91
-2.373,1.763
-2.382,0.934
-2.362,0.244
-2.37,0.766
-2.419,0.249
-2.384,-0.154
-2.381,2.566
-2.473,0.726
-2.42,2.16
-2.479,2.244
-2.528,1.242
-2.463,1.074
-2.569,1.403
-2.573,1.72
-2.639,1.012
-2.735,2.652
-2.953,0.989
-2.965,-0.289
-2.946,-0.731
-3.019,0.052
-2.986,2.223
-3.014,1.215
-3.102,2.378
3.106,0.678
3.058,-0.116
3.112,-0.509
3.101,2.528
3.042,2.135
3.076,2.233
3.039,-0.031
2.947,0.679
2.733,2.818
2.744,-0.902
2.634,0.351
2.696,1.382
2.632,1.805
2.653,0.518
2.666,0.605
2.577,2.707
2.648,0.8
2.604,1.671
2.519,0.199
2.552,0.797
2.381,0.735
2.424,1.314
2.31,1.287
2.288,0.469
2.283,1.728
2.264,1.81
2.028,-0.688
2.014,0.643
2.013,1.422
2.015,-0.802
1.931,-1.001
1.915,2.513
1.902,2.237
1.862,-0.449
1.795,-0.537
1.798,1.938
1.807,-0.153
1.683,0.574
1.656,0.432
1.696,-0.744
1.612,-0.014
1.6,0.625
1.598,1.41
1.601,2.411
1.564,0.478
1.509,-0.019
1.507,2.702
1.556,1.164
1.479,1.838
1.435,1.123
1.469,1.35
1.392,1.07
1.461,-0.241
1.437,0.258
1.422,0.143
1.443,0.341
1.415,1.876
1.19,-0.981
1.098,-0.543
1.042,1.292
1.013,-0.345
1.04,2.898
1.019,0.647
0.948,2.005
0.872,-0.184
0.935,2.175
0.918,1.895
0.843,0.917
0.853,0.146
0.73,-0.107
0.676,0.032
0.516,0.831
0.542,-0.173
0.53,0.763
0.448,0.139
0.392,2.291
0.231,2.688
0.166,0.87
0.142,-0.8
0.096,1.139
-1.223,-1.117
-1.275,-1.123
-1.338,-1.314
-1.687,-1.197
-2.129,-1.443
-2.127,-1.107
-2.471,-1.407
-2.723,-1.287
3.137,-1.258
2.823,-1.367
2.639,-1.371
2.577,-1.103
1.982,-1.494
1.768,-1.17
1.388,-1.073
1.284,-1.441
0.134,-1.129
-0.005,3.008
-0.516,3.071
-0.989,3.015
-1.138,3.249
-1.17,2.936
-1.374,3.134
-1.939,3.214
-2.028,3.28
-2.444,2.941
2.841,3.045
2.556,3.331
1.648,2.988
1.558,3.167
1.431,2.956
1.294,3.401
1.114,3.269
0.957,3.245
0.74,3.276
0.787,2.958
0.294,3.118
-0.661,2.426
-0.642,0.095
-1.577,2.928
-1.869,2.599
-2.354,2.842
-2.901,-0.377
1.771,2.597
1.297,2.389
0.253,1.584
0.226,-0.092
-0.595,-1.476
1.996,-1.309
0.703,-1.228
0.596,-1.265
0.124,-1.476
0.11,1.733
0.107,0.005
-0.221,0.302
-0.445,1.551
-0.586,0.487
-0.478,2.587
-0.562,1.694
-0.714,1.977
-0.611,0.681
-0.586,-0.489
-0.744,1.538
-0.776,2.382
-0.664,0.608
-0.711,1.962
-0.872,0.172
-0.776,-0.309
-1.01,1.52
-0.998,0.465
-0.888,2.926
-0.949,0.302
-0.955,1.474
-0.968,2.456
-1.097,1.298
-1.149,1.779
-1.187,1.787
-1.257,2.917
-1.266,1.489
-1.19,0.067
-1.278,2.943
-1.452,1.709
-1.381,1.692
-1.605,-0.73
-1.528,0.484
-1.659,0.956
-1.745,0.203
-1.668,0.539
-1.726,0.585
-1.858,0.862
-1.896,2.578
-1.954,1.425
-1.847,2.827
-1.905,0.811
-2.059,1.592
-2.061,0.034
-2.108,1.474
-1.974,2.442
-1.966,1.889
-2.141,-0.864
-2.136,0.371
-2.187,0.268
-2.183,0.169
-2.344,-0.744
-2.246,1.315
-2.28,2.222
-2.479,2.615
-2.466,0.749
-2.45,-0.999
-2.478,0.216
-2.724,2.638
-2.569,1.531
-2.746,0.054
-2.847,-1.085
-2.751,1.536
-2.935,0.151
-2.837,2.626
-2.897,-0.097
-3.059,1.71
3.048,0.332
2.938,0.699
2.991,-0.664
2.662,-1.051
2.621,-0.07
2.598,0.439
2.494,2.825
2.476,1.762
2.366,1.585
2.318,0.446
2.229,1.495
1.963,-0.831
2.084,-0.82
2.002,0.048
1.897,2.715
1.948,0.099
1.959,2.294
1.926,0.005
1.823,1.161
1.667,1.68
1.59,1.728
1.564,0.265
1.431,0.75
1.461,-0.866
1.283,1.804
1.148,2.622
1.157,2.446
1.282,2.541
1.097,2.7
1.204,1.326
0.981,1.631
0.981,1.416
0.906,2.204
0.926,2.847
0.742,1.024
0.682,0.125
0.48,0.268
0.43,0.402
0.363,1.177
0.274,-0.987
0.242,-0.763
0.329,2.573
0.299,1.295
0.154,1.175
0.245,1.74
0.266,1.107
0.088,-1.397
-0.234,-1.095
-1.13,-1.361
-1.687,-1.325
-1.582,-1.137
-2.552,-1.058
-2.733,-1.414
3.083,-1.368
2.938,-1.472
2.882,-1.231
1.571,-1.309
1.694,-1.262
1.532,-1.396
1.665,-1.204
1.371,-1.29
1.325,-1.174
1.198,-1.389
0.567,-1.157
0.597,-1.056
0.42,-1.231
0.018,-1.05
-0.145,3.187
-0.271,3.299
-0.31,3.269
-0.417,3.253
-0.6,3.203
-1.485,3.016
-2.017,3.082
-2.25,2.911
-2.592,3.21
-2.939,3.147
2.472,3.152
2.247,3.204
1.898,3.073
1.114,3.256
0.711,2.874
0.271,3.118
0.085,3.019
0.173,3.217
-2.16,0.846
2.927,2.056
2.359,-0.126
1.918,0.784
1.674,2.54
-0.855,1.384
-1.038,-0.318
-1.582,-0.324
-2.26,0.211
2.203,2.405
1.86,1.832
1.855,1.468
1.547,0.713
1.192,-0.544
1.255,1.094
0.914,1.834
0.888,0.397
0.702,2.287
0.683,2.484
0.63,1.388
-0.06,1.294
-0.245,-0.031
-1.77,1.216
3.004,1.232
1.743,-0.105
-1.821,2.721
-0.142,-1.175
0.615,-1.523
-0.019,-2.245
-0.018,0.201
-0.038,-2.656
-0.119,0.871
-0.132,-2.061
-0.082,-2.81
-0.145,-2.68
-0.094,-0.233
-0.22,-1.104
-0.275,-1.845
-0.348,0.289
-0.363,0.021
-0.484,-1.207
-0.486,-0.576
-0.594,-1.022
-0.524,-0.382
-0.611,-0.741
-0.646,-1.402
-0.643,-1.375
-0.62,-2.871
-0.682,-0.369
-0.714,-1.426
-0.774,-1.346
-0.825,0.217
-0.771,-1.403
-0.863,0.617
-0.829,-0.06
-0.966,-0.231
-0.97,-1.931
-0.982,-0.402
-1.006,0.338
-0.936,-1.391
-0.944,-0.013
-0.978,-1.963
-0.984,-2.179
-1.108,-1.252
-1.113,-0.289
-1.212,0.652
-1.158,-2.325
-1.249,-1.55
-1.263,-0.478
-1.247,0.324
-1.25,-2.024
-1.375,-2.031
-1.363,-2.815
-1.413,-1.807
-1.365,-0.593
-1.385,-0.883
-1.468,-0.707
-1.48,-2.967
-1.459,0.713
-1.467,-0.134
-1.524,-1.102
-1.455,-1.541
-1.503,-1.169
-1.496,0.593
-1.518,-0.24
-1.572,-2.003
-1.56,-0.43
-1.57,-0.78
-1.57,-1.813
-1.615,-0.395
-1.633,-0.625
-1.684,-1.3
-1.695,-0.633
-1.647,-2.09
-1.672,0.719
-1.738,-2.605
-1.784,0.989
-1.794,-1.838
-1.75,0.096
-1.75,-2.585
-1.84,0.035
-1.793,-2.103
-1.869,-0.287
-1.875,0.258
-1.913,-0.267
-1.916,0.165
-1.927,-0.44
-1.966,-0.808
-2.073,-0.072
-2.071,-0.354
-2.137,-1.373
-2.21,-1.003
-2.235,-0.15
-2.244,-0.979
-2.224,-1.669
-2.232,-1.147
-2.281,-1.664
-2.246,-2.067
-2.243,0.653
-2.335,-1.187
-2.282,0.247
-2.341,0.331
-2.39,-0.671
-2.325,-0.839
-2.431,-0.51
-2.435,-0.193
-2.501,-0.901
-2.597,0.739
-2.815,-0.924
-2.827,-2.202
-2.808,-2.644
-2.881,-1.861
-2.848,0.31
-2.876,-0.698
-2.964,0.465
-3.039,-1.235
-3.087,-2.029
-3.033,-2.422
-3.044,0.615
-3.103,0.222
-3.069,0.32
-3.106,-1.944
3.085,-1.234
2.871,0.905
2.882,-2.815
2.772,-1.562
2.834,-0.531
2.77,-0.108
2.791,-1.395
2.804,-1.308
2.715,0.794
2.786,-1.113
2.742,-0.242
2.657,-1.714
2.69,-1.116
2.519,-1.178
2.562,-0.599
2.448,-0.626
2.426,-1.444
2.421,-0.185
2.402,-0.103
2.166,-2.601
2.152,-1.27
2.151,-0.491
2.153,-2.715
2.069,-2.914
2.053,0.6
2.04,0.324
2.0,-2.362
1.933,-2.45
1.936,0.025
1.945,-2.066
1.821,-1.339
1.794,-1.481
1.834,-2.657
1.75,-1.927
1.738,-1.288
1.736,-0.503
1.739,0.498
1.702,-1.435
1.647,-1.932
1.645,0.789
1.694,-0.749
1.617,-0.075
1.573,-0.79
1.607,-0.563
1.53,-0.843
1.599,-2.154
1.575,-1.655
1.56,-1.77
1.581,-1.572
1.553,-0.037
1.328,-2.894
1.236,-2.456
1.18,-0.621
1.151,-2.258
1.178,0.985
1.157,-1.266
1.086,0.092
1.01,-2.097
1.073,0.262
1.056,-0.018
0.981,-0.996
0.991,-1.767
0.868,-2.02
0.814,-1.881
0.654,-1.082
0.68,-2.086
0.668,-1.15
0.586,-1.774
0.53,0.378
0.369,0.775
0.304,-1.043
0.28,-2.713
0.234,-0.774
-1.085,-3.03
-1.137,-3.036
-1.2,-3.227
-1.549,-3.11
-1.991,-3.356
-1.989,-3.02
-2.333,-3.32
-2.585,-3.2
-3.008,-3.171
2.961,-3.28
2.777,-3.284
2.715,-3.016
2.12,-3.407
1.906,-3.083
1.526,-2.986
1.422,-3.354
0.272,-3.042
0.133,1.095
-0.378,1.158
-0.851,1.102
-1.0,1.336
-1.032,1.023
-1.236,1.221
-1.801,1.301
-1.89,1.367
-2.306,1.028
2.979,1.132
2.694,1.418
1.786,1.075
1.696,1.254
1.569,1.043
1.432,1.488
1.252,1.356
1.095,1.332
0.878,1.363
0.925,1.045
0.432,1.205
-0.523,0.513
-0.504,-1.818
-1.439,1.015
-1.731,0.686
-2.216,0.929
-2.763,-2.29
1.909,0.684
1.435,0.476
0.391,-0.329
0.364,-2.005
-0.457,-3.389
2.134,-3.222
0.841,-3.141
0.734,-3.178
0.262,-3.389
0.248,-0.18
0.245,-1.908
-0.083,-1.611
-0.307,-0.362
-0.448,-1.426
-0.34,0.674
-0.424,-0.219
-0.576,0.064
-0.473,-1.232
-0.448,-2.402
-0.606,-0.375
-0.638,0.469
-0.526,-1.305
-0.573,0.049
-0.734,-1.741
-0.638,-2.222
-0.872,-0.393
-0.86,-1.448
-0.75,1.013
-0.811,-1.611
-0.817,-0.439
-0.83,0.543
-0.959,-0.615
-1.011,-0.134
-1.049,-0.126
-1.119,1.004
-1.128,-0.424
-1.052,-1.846
-1.14,1.03
-1.314,-0.204
-1.243,-0.221
-1.467,-2.643
-1.39,-1.429
-1.521,-0.957
-1.607,-1.71
-1.53,-1.374
-1.588,-1.328
-1.72,-1.051
-1.758,0.665
-1.816,-0.488
-1.709,0.914
-1.767,-1.102
-1.921,-0.321
-1.923,-1.879
-1.97,-0.439
-1.836,0.529
-1.828,-0.024
-2.003,-2.777
-1.998,-1.542
-2.049,-1.645
-2.045,-1.744
-2.206,-2.657
-2.108,-0.598
-2.142,0.309
-2.341,0.702
-2.328,-1.164
-2.312,-2.912
-2.34,-1.697
-2.586,0.725
-2.431,-0.382
-2.608,-1.859
-2.709,-2.998
-2.613,-0.377
-2.797,-1.762
-2.699,0.713
-2.759,-2.01
-2.921,-0.203
-3.097,-1.581
3.076,-1.214
3.129,-2.577
2.8,-2.964
2.759,-1.983
2.736,-1.474
2.632,0.912
2.614,-0.151
2.504,-0.328
2.456,-1.467
2.367,-0.418
2.101,-2.744
2.222,-2.733
2.14,-1.865
2.035,0.802
2.086,-1.814
2.097,0.381
2.064,-1.908
1.961,-0.752
1.805,-0.233
1.728,-0.185
1.702,-1.648
1.569,-1.163
1.599,-2.779
1.421,-0.109
1.286,0.709
1.295,0.533
1.42,0.628
1.235,0.787
1.342,-0.587
1.119,-0.282
1.119,-0.497
1.044,0.291
1.064,0.934
0.88,-0.889
0.82,-1.788
0.618,-1.645
0.568,-1.511
0.501,-0.736
0.412,-2.9
0.38,-2.676
0.467,0.66
0.437,-0.618
0.292,-0.738
0.383,-0.173
0.404,-0.806
0.226,-3.31
-0.096,-3.008
-0.992,-3.274
-1.549,-3.238
-1.444,-3.05
-2.414,-2.971
-2.595,-3.327
-3.062,-3.281
3.076,-3.385
3.02,-3.144
1.709,-3.222
1.832,-3.175
1.67,-3.309
1.803,-3.117
1.509,-3.203
1.463,-3.087
1.336,-3.302
0.705,-3.07
0.735,-2.969
0.558,-3.144
0.156,-2.963
-0.007,1.274
-0.133,1.386
-0.172,1.356
-0.279,1.34
-0.462,1.29
-1.347,1.103
-1.879,1.169
-2.112,0.998
-2.454,1.297
-2.801,1.234
2.61,1.239
2.385,1.291
2.036,1.16
1.252,1.343
0.849,0.961
0.409,1.205
0.223,1.106
0.311,1.304
-2.022,-1.067
3.065,0.143
2.497,-2.039
2.056,-1.129
1.812,0.627
-0.717,-0.529
-0.9,-2.231
-1.444,-2.237
-2.122,-1.702
2.341,0.492
1.998,-0.081
1.993,-0.445
1.685,-1.2
1.33,-2.457
1.393,-0.819
1.052,-0.079
1.026,-1.516
0.84,0.374
0.821,0.571
0.768,-0.525
0.078,-0.619
-0.107,-1.944
-1.632,-0.697
-3.141,-0.681
1.881,-2.018
-1.683,0.808
-0.004,-3.088
0.753,-3.436
0.001,2.446
-0.019,-0.411
-0.1,3.116
-0.113,0.184
-0.063,-0.565
-0.126,-0.435
-0.075,2.012
-0.201,1.141
-0.256,0.4
-0.329,2.534
-0.344,2.266
-0.465,1.038
-0.467,1.669
-0.575,1.223
-0.505,1.863
-0.592,1.504
-0.627,0.843
-0.624,0.87
-0.601,-0.626
-0.663,1.876
-0.695,0.819
-0.755,0.899
-0.806,2.462
-0.752,0.842
-0.844,2.862
-0.81,2.185
-0.947,2.014
-0.951,0.314
-0.963,1.843
-0.987,2.583
-0.917,0.854
-0.925,2.232
-0.959,0.282
-0.965,0.066
-1.089,0.993
-1.094,1.956
-1.193,2.897
-1.139,-0.08
-1.23,0.695
-1.244,1.767
-1.228,2.569
-1.231,0.221
-1.356,0.214
-1.344,-0.57
-1.394,0.438
-1.346,1.652
-1.366,1.362
-1.449,1.538
-1.461,-0.722
-1.44,2.958
-1.448,2.111
-1.505,1.143
-1.436,0.704
-1.484,1.076
-1.477,2.838
-1.499,2.005
-1.553,0.242
-1.541,1.815
-1.551,1.465
-1.551,0.432
-1.596,1.85
-1.614,1.62
-1.665,0.945
-1.676,1.612
-1.628,0.155
-1.653,2.964
-1.719,-0.36
-1.765,3.234
-1.775,0.407
-1.731,2.341
-1.731,-0.34
-1.821,2.28
-1.774,0.142
-1.85,1.958
-1.856,2.503
-1.894,1.978
-1.897,2.41
-1.908,1.805
-1.947,1.437
-2.054,2.173
-2.052,1.891
-2.118,0.872
-2.191,1.242
-2.216,2.095
-2.225,1.266
-2.205,0.576
-2.213,1.098
-2.262,0.581
-2.227,0.178
-2.224,2.898
-2.316,1.058
-2.263,2.492
-2.322,2.576
-2.371,1.574
-2.306,1.406
-2.412,1.735
-2.416,2.052
-2.482,1.344
-2.578,2.984
-2.796,1.321
-2.808,0.043
-2.789,-0.399
-2.862,0.384
-2.829,2.555
-2.857,1.547
-2.945,2.71
-3.02,1.01
-3.068,0.216
-3.014,-0.177
-3.025,2.86
-3.084,2.467
-3.05,2.565
-3.087,0.301
3.104,1.011
2.89,3.15
2.901,-0.57
2.791,0.683
2.853,1.714
2.789,2.137
2.81,0.85
2.823,0.937
2.734,3.039
2.805,1.132
2.761,2.003
2.676,0.531
2.709,1.129
2.538,1.067
2.581,1.646
2.467,1.619
2.445,0.801
2.44,2.06
2.421,2.142
2.185,-0.356
2.171,0.975
2.17,1.754
2.172,-0.47
2.088,-0.669
2.072,2.845
2.059,2.569
2.019,-0.117
1.952,-0.205
1.955,2.27
1.964,0.179
1.84,0.906
1.813,0.764
1.853,-0.412
1.769,0.318
1.757,0.957
1.755,1.742
1.758,2.743
1.721,0.81
1.666,0.313
1.664,3.034
1.713,1.496
1.636,2.17
1.592,1.455
1.626,1.682
1.549,1.402
1.618,0.091
1.594,0.59
1.579,0.475
1.6,0.673
1.572,2.208
1.347,-0.649
1.255,-0.211
1.199,1.624
1.17,-0.013
1.197,3.23
1.176,0.979
1.105,2.337
1.029,0.148
1.092,2.507
1.075,2.227
1.0,1.249
1.01,0.478
0.887,0.225
0.833,0.364
0.673,1.163
0.699,0.159
0.687,1.095
0.605,0.471
0.549,2.623
0.388,3.02
0.323,1.202
0.299,-0.468
0.253,1.471
-1.066,-0.785
-1.118,-0.791
-1.181,-0.982
-1.53,-0.865
-1.972,-1.111
-1.97,-0.775
-2.314,-1.075
-2.566,-0.955
-2.989,-0.926
2.98,-1.035
2.796,-1.039
2.734,-0.771
2.139,-1.162
1.925,-0.838
1.545,-0.741
1.441,-1.109
0.291,-0.797
0.152,3.34
-0.359,3.403
-0.832,3.347
-0.981,3.581
-1.013,3.268
-1.217,3.466
-1.782,3.546
-1.871,3.612
-2.287,3.273
2.998,3.377
2.713,3.663
1.805,3.32
1.715,3.499
1.588,3.288
1.451,3.733
1.271,3.601
1.114,3.577
0.897,3.608
0.944,3.29
0.451,3.45
-0.504,2.758
-0.485,0.427
-1.42,3.26
-1.712,2.931
-2.197,3.174
-2.744,-0.045
1.928,2.929
1.454,2.721
0.41,1.916
0.383,0.24
-0.438,-1.144
2.153,-0.977
0.86,-0.896
0.753,-0.933
0.281,-1.144
0.267,2.065
0.264,0.337
-0.064,0.634
-0.288,1.883
-0.429,0.819
-0.321,2.919
-0.405,2.026
-0.557,2.309
-0.454,1.013
-0.429,-0.157
-0.587,1.87
-0.619,2.714
-0.507,0.94
-0.554,2.294
-0.715,0.504
-0.619,0.023
-0.853,1.852
-0.841,0.797
-0.731,3.258
-0.792,0.634
-0.798,1.806
-0.811,2.788
-0.94,1.63
-0.992,2.111
-1.03,2.119
-1.1,3.249
-1.109,1.821
-1.033,0.399
-1.121,3.275
-1.295,2.041
-1.224,2.024
-1.448,-0.398
-1.371,0.816
-1.502,1.288
-1.588,0.535
-1.511,0.871
-1.569,0.917
-1.701,1.194
-1.739,2.91
-1.797,1.757
-1.69,3.159
-1.748,1.143
-1.902,1.924
-1.904,0.366
-1.951,1.806
-1.817,2.774
-1.809,2.221
-1.984,-0.532
-1.979,0.703
-2.03,0.6
-2.026,0.501
-2.187,-0.412
-2.089,1.647
-2.123,2.554
-2.322,2.947
-2.309,1.081
-2.293,-0.667
-2.321,0.548
-2.567,2.97
-2.412,1.863
-2.589,0.386
-2.69,-0.753
-2.594,1.868
-2.778,0.483
-2.68,2.958
-2.74,0.235
-2.902,2.042
-3.078,0.664
3.095,1.031
-3.135,-0.332
2.819,-0.719
2.778,0.262
2.755,0.771
2.651,3.157
2.633,2.094
2.523,1.917
2.475,0.778
2.386,1.827
2.12,-0.499
2.241,-0.488
2.159,0.38
2.054,3.047
2.105,0.431
2.116,2.626
2.083,0.337
1.98,1.493
1.824,2.012
1.747,2.06
1.721,0.597
1.588,1.082
1.618,-0.534
1.44,2.136
1.305,2.954
1.314,2.778
1.439,2.873
1.254,3.032
1.361,1.658
1.138,1.963
1.138,1.748
1.063,2.536
1.083,3.179
0.899,1.356
0.839,0.457
0.637,0.6
0.587,0.734
0.52,1.509
0.431,-0.655
0.399,-0.431
0.486,2.905
0.456,1.627
0.311,1.507
0.402,2.072
0.423,1.439
0.245,-1.065
-0.077,-0.763
-0.973,-1.029
-1.53,-0.993
-1.425,-0.805
-2.395,-0.726
-2.576,-1.082
-3.043,-1.036
3.095,-1.14
3.039,-0.899
1.728,-0.977
1.851,-0.93
1.689,-1.064
1.822,-0.872
1.528,-0.958
1.482,-0.842
1.355,-1.057
0.724,-0.825
0.754,-0.724
0.577,-0.899
0.175,-0.718
0.012,3.519
-0.114,3.631
-0.153,3.601
-0.26,3.585
-0.443,3.535
-1.328,3.348
-1.86,3.414
-2.093,3.243
-2.435,3.542
-2.782,3.479
2.629,3.484
2.404,3.536
2.055,3.405
1.271,3.588
0.868,3.206
0.428,3.45
0.242,3.351
0.33,3.549
-2.003,1.178
3.084,2.388
2.516,0.206
2.075,1.116
1.831,2.872
-0.698,1.716
-0.881,0.014
-1.425,0.008
-2.103,0.543
2.36,2.737
2.017,2.164
2.012,1.8
1.704,1.045
1.349,-0.212
1.412,1.426
1.071,2.166
1.045,0.729
0.859,2.619
0.84,2.816
0.787,1.72
0.097,1.626
-0.088,0.301
-1.613,1.548
-3.122,1.564
1.9,0.227
-1.664,3.053
0.015,-0.843
0.772,-1.191
-0.02,-2.857
-0.101,0.67
-0.114,-2.262
-0.064,-3.011
-0.127,-2.881
-0.076,-0.434
-0.202,-1.305
-0.257,-2.046
-0.33,0.088
-0.345,-0.18
-0.466,-1.408
-0.468,-0.777
-0.576,-1.223
-0.506,-0.583
-0.593,-0.942
-0.628,-1.603
-0.625,-1.576
-0.602,-3.072
-0.664,-0.57
-0.696,-1.627
-0.756,-1.547
-0.807,0.016
-0.753,-1.604
-0.845,0.416
-0.811,-0.261
-0.948,-0.432
-0.952,-2.132
-0.964,-0.603
-0.988,0.137
-0.918,-1.592
-0.926,-0.214
-0.96,-2.164
-0.966,-2.38
-1.09,-1.453
-1.095,-0.49
-1.194,0.451
-1.14,-2.526
-1.231,-1.751
-1.245,-0.679
-1.229,0.123
-1.232,-2.225
-1.357,-2.232
-1.345,-3.016
-1.395,-2.008
-1.347,-0.794
-1.367,-1.084
-1.45,-0.908
-1.462,-3.168
-1.441,0.512
-1.449,-0.335
-1.506,-1.303
-1.437,-1.742
-1.485,-1.37
-1.478,0.392
-1.5,-0.441
-1.554,-2.204
-1.542,-0.631
-1.552,-0.981
-1.552,-2.014
-1.597,-0.596
-1.615,-0.826
-1.666,-1.501
-1.677,-0.834
-1.629,-2.291
-1.654,0.518
-1.72,-2.806
-1.766,0.788
-1.776,-2.039
-1.732,-0.105
-1.732,-2.786
-1.822,-0.166
-1.775,-2.304
-1.851,-0.488
-1.857,0.057
-1.895,-0.468
-1.898,-0.036
-1.909,-0.641
-1.948,-1.009
-2.055,-0.273
-2.053,-0.555
-2.119,-1.574
-2.192,-1.204
-2.217,-0.351
-2.226,-1.18
-2.206,-1.87
-2.214,-1.348
-2.263,-1.865
-2.228,-2.268
-2.225,0.452
-2.317,-1.388
-2.264,0.046
-2.323,0.13
-2.372,-0.872
-2.307,-1.04
-2.413,-0.711
-2.417,-0.394
-2.483,-1.102
-2.579,0.538
-2.797,-1.125
-2.809,-2.403
-2.79,-2.845
-2.863,-2.062
-2.83,0.109
-2.858,-0.899
-2.946,0.264
-3.021,-1.436
-3.069,-2.23
-3.015,-2.623
-3.026,0.414
-3.085,0.021
-3.051,0.119
-3.088,-2.145
3.103,-1.435
2.889,0.704
2.9,-3.016
2.79,-1.763
2.852,-0.732
2.788,-0.309
2.809,-1.596
2.822,-1.509
2.733,0.593
2.804,-1.314
2.76,-0.443
2.675,-1.915
2.708,-1.317
2.537,-1.379
2.58,-0.8
2.466,-0.827
2.444,-1.645
2.439,-0.386
2.42,-0.304
2.184,-2.802
2.17,-1.471
2.169,-0.692
2.171,-2.916
2.087,-3.115
2.071,0.399
2.058,0.123
2.018,-2.563
1.951,-2.651
1.954,-0.176
1.963,-2.267
1.839,-1.54
1.812,-1.682
1.852,-2.858
1.768,-2.128
1.756,-1.489
1.754,-0.704
1.757,0.297
1.72,-1.636
1.665,-2.133
1.663,0.588
1.712,-0.95
1.635,-0.276
1.591,-0.991
1.625,-0.764
1.548,-1.044
1.617,-2.355
1.593,-1.856
1.578,-1.971
1.599,-1.773
1.571,-0.238
1.346,-3.095
1.254,-2.657
1.198,-0.822
1.169,-2.459
1.196,0.784
1.175,-1.467
1.104,-0.109
1.028,-2.298
1.091,0.061
1.074,-0.219
0.999,-1.197
1.009,-1.968
0.886,-2.221
0.832,-2.082
0.672,-1.283
0.698,-2.287
0.686,-1.351
0.604,-1.975
0.548,0.177
0.387,0.574
0.322,-1.244
0.298,-2.914
0.252,-0.975
-1.067,-3.231
-1.119,-3.237
-1.182,-3.428
-1.531,-3.311
-1.973,-3.557
-1.971,-3.221
-2.315,-3.521
-2.567,-3.401
-2.99,-3.372
2.979,-3.481
2.795,-3.485
2.733,-3.217
2.138,-3.608
1.924,-3.284
1.544,-3.187
1.44,-3.555
0.29,-3.243
0.151,0.894
-0.36,0.957
-0.833,0.901
-0.982,1.135
-1.014,0.822
-1.218,1.02
-1.783,1.1
-1.872,1.166
-2.288,0.827
2.997,0.931
2.712,1.217
1.804,0.874
1.714,1.053
1.587,0.842
1.45,1.287
1.27,1.155
1.113,1.131
0.896,1.162
0.943,0.844
0.45,1.004
-0.505,0.312
-0.486,-2.019
-1.421,0.814
-1.713,0.485
-2.198,0.728
-2.745,-2.491
1.927,0.483
1.453,0.275
0.409,-0.53
0.382,-2.206
-0.439,-3.59
2.152,-3.423
0.859,-3.342
0.752,-3.379
0.28,-3.59
0.266,-0.381
0.263,-2.109
-0.065,-1.812
-0.289,-0.563
-0.43,-1.627
-0.322,0.473
-0.406,-0.42
-0.558,-0.137
-0.455,-1.433
-0.43,-2.603
-0.588,-0.576
-0.62,0.268
-0.508,-1.506
-0.555,-0.152
-0.716,-1.942
-0.62,-2.423
-0.854,-0.594
-0.842,-1.649
-0.732,0.812
-0.793,-1.812
-0.799,-0.64
-0.812,0.342
-0.941,-0.816
-0.993,-0.335
-1.031,-0.327
-1.101,0.803
-1.11,-0.625
-1.034,-2.047
-1.122,0.829
-1.296,-0.405
-1.225,-0.422
-1.449,-2.844
-1.372,-1.63
-1.503,-1.158
-1.589,-1.911
-1.512,-1.575
-1.57,-1.529
-1.702,-1.252
-1.74,0.464
-1.798,-0.689
-1.691,0.713
-1.749,-1.303
-1.903,-0.522
-1.905,-2.08
-1.952,-0.64
-1.818,0.328
-1.81,-0.225
-1.985,-2.978
-1.98,-1.743
-2.031,-1.846
-2.027,-1.945
-2.188,-2.858
-2.09,-0.799
-2.124,0.108
-2.323,0.501
-2.31,-1.365
-2.294,-3.113
-2.322,-1.898
-2.568,0.524
-2.413,-0.583
-2.59,-2.06
-2.691,-3.199
-2.595,-0.578
-2.779,-1.963
-2.681,0.512
-2.741,-2.211
-2.903,-0.404
-3.079,-1.782
3.094,-1.415
-3.136,-2.778
2.818,-3.165
2.777,-2.184
2.754,-1.675
2.65,0.711
2.632,-0.352
2.522,-0.529
2.474,-1.668
2.385,-0.619
2.119,-2.945
2.24,-2.934
2.158,-2.066
2.053,0.601
2.104,-2.015
2.115,0.18
2.082,-2.109
1.979,-0.953
1.823,-0.434
1.746,-0.386
1.72,-1.849
1.587,-1.364
1.617,-2.98
1.439,-0.31
1.304,0.508
1.313,0.332
1.438,0.427
1.253,0.586
1.36,-0.788
1.137,-0.483
1.137,-0.698
1.062,0.09
1.082,0.733
0.898,-1.09
0.838,-1.989
0.636,-1.846
0.586,-1.712
0.519,-0.937
0.43,-3.101
0.398,-2.877
0.485,0.459
0.455,-0.819
0.31,-0.939
0.401,-0.374
0.422,-1.007
0.244,-3.511
-0.078,-3.209
-0.974,-3.475
-1.531,-3.439
-1.426,-3.251
-2.396,-3.172
-2.577,-3.528
-3.044,-3.482
3.094,-3.586
3.038,-3.345
1.727,-3.423
1.85,-3.376
1.688,-3.51
1.821,-3.318
1.527,-3.404
1.481,-3.288
1.354,-3.503
0.723,-3.271
0.753,-3.17
0.576,-3.345
0.174,-3.164
0.011,1.073
-0.115,1.185
-0.154,1.155
-0.261,1.139
-0.444,1.089
-1.329,0.902
-1.861,0.968
-2.094,0.797
-2.436,1.096
-2.783,1.033
2.628,1.038
2.403,1.09
2.054,0.959
1.27,1.142
0.867,0.76
0.427,1.004
0.241,0.905
0.329,1.103
-2.004,-1.268
3.083,-0.058
2.515,-2.24
2.074,-1.33
1.83,0.426
-0.699,-0.73
-0.882,-2.432
-1.426,-2.438
-2.104,-1.903
2.359,0.291
2.016,-0.282
2.011,-0.646
1.703,-1.401
1.348,-2.658
1.411,-1.02
1.07,-0.28
1.044,-1.717
0.858,0.173
0.839,0.37
0.786,-0.726
0.096,-0.82
-0.089,-2.145
-1.614,-0.898
-3.123,-0.882
1.899,-2.219
-1.665,0.607
0.014,-3.289
0.771,-3.637
-0.081,3.527
-0.094,0.595
-0.044,-0.154
-0.107,-0.024
-0.056,2.423
-0.182,1.552
-0.237,0.811
-0.31,2.945
-0.325,2.677
-0.446,1.449
-0.448,2.08
-0.556,1.634
-0.486,2.274
-0.573,1.915
-0.608,1.254
-0.605,1.281
-0.582,-0.215
-0.644,2.287
-0.676,1.23
-0.736,1.31
-0.787,2.873
-0.733,1.253
-0.825,3.273
-0.791,2.596
-0.928,2.425
-0.932,0.725
-0.944,2.254
-0.968,2.994
-0.898,1.265
-0.906,2.643
-0.94,0.693
-0.946,0.477
-1.07,1.404
-1.075,2.367
-1.174,3.308
-1.12,0.331
-1.211,1.106
-1.225,2.178
-1.209,2.98
-1.212,0.632
-1.337,0.625
-1.325,-0.159
-1.375,0.849
-1.327,2.063
-1.347,1.773
-1.43,1.949
-1.442,-0.311
-1.421,3.369
-1.429,2.522
-1.486,1.554
-1.417,1.115
-1.465,1.487
-1.458,3.249
-1.48,2.416
-1.534,0.653
-1.522,2.226
-1.532,1.876
-1.532,0.843
-1.577,2.261
-1.595,2.031
-1.646,1.356
-1.657,2.023
-1.609,0.566
-1.634,3.375
-1.7,0.051
-1.746,3.645
-1.756,0.818
-1.712,2.752
-1.712,0.071
-1.802,2.691
-1.755,0.553
-1.831,2.369
-1.837,2.914
-1.875,2.389
-1.878,2.821
-1.889,2.216
-1.928,1.848
-2.035,2.584
-2.033,2.302
-2.099,1.283
-2.172,1.653
-2.197,2.506
-2.206,1.677
-2.186,0.987
-2.194,1.509
-2.243,0.992
-2.208,0.589
-2.205,3.309
-2.297,1.469
-2.244,2.903
-2.303,2.987
-2.352,1.985
-2.287,1.817
-2.393,2.146
-2.397,2.463
-2.463,1.755
-2.559,3.395
-2.777,1.732
-2.789,0.454
-2.77,0.012
-2.843,0.795
-2.81,2.966
-2.838,1.958
-2.926,3.121
-3.001,1.421
-3.049,0.627
-2.995,0.234
-3.006,3.271
-3.065,2.878
-3.031,2.976
-3.068,0.712
3.123,1.422
2.909,3.561
2.92,-0.159
2.81,1.094
2.872,2.125
2.808,2.548
2.829,1.261
2.842,1.348
2.753,3.45
2.824,1.543
2.78,2.414
2.695,0.942
2.728,1.54
2.557,1.478
2.6,2.057
2.486,2.03
2.464,1.212
2.459,2.471
2.44,2.553
2.204,0.055
2.19,1.386
2.189,2.165
2.191,-0.059
2.107,-0.258
2.091,3.256
2.078,2.98
2.038,0.294
1.971,0.206
1.974,2.681
1.983,0.59
1.859,1.317
1.832,1.175
1.872,-0.001
1.788,0.729
1.776,1.368
1.774,2.153
1.777,3.154
1.74,1.221
1.685,0.724
1.683,3.445
1.732,1.907
1.655,2.581
1.611,1.866
1.645,2.093
1.568,1.813
1.637,0.502
1.613,1.001
1.598,0.886
1.619,1.084
1.591,2.619
1.366,-0.238
1.274,0.2
1.218,2.035
1.189,0.398
1.216,3.641
1.195,1.39
1.124,2.748
1.048,0.559
1.111,2.918
1.094,2.638
1.019,1.66
1.029,0.889
0.906,0.636
0.852,0.775
0.692,1.574
0.718,0.57
0.706,1.506
0.624,0.882
0.568,3.034
0.407,3.431
0.342,1.613
0.318,-0.057
0.272,1.882
-1.047,-0.374
-1.099,-0.38
-1.162,-0.571
-1.511,-0.454
-1.953,-0.7
-1.951,-0.364
-2.295,-0.664
-2.547,-0.544
-2.97,-0.515
2.999,-0.624
2.815,-0.628
2.753,-0.36
2.158,-0.751
1.944,-0.427
1.564,-0.33
1.46,-0.698
0.31,-0.386
0.171,3.751
-0.34,3.814
-0.813,3.758
-0.962,3.992
-0.994,3.679
-1.198,3.877
-1.763,3.957
-1.852,4.023
-2.268,3.684
3.017,3.788
2.732,4.074
1.824,3.731
1.734,3.91
1.607,3.699
1.47,4.144
1.29,4.012
1.133,3.988
0.916,4.019
0.963,3.701
0.47,3.861
-0.485,3.169
-0.466,0.838
-1.401,3.671
-1.693,3.342
-2.178,3.585
-2.725,0.366
1.947,3.34
1.473,3.132
0.429,2.327
0.402,0.651
-0.419,-0.733
2.172,-0.566
0.879,-0.485
0.772,-0.522
0.3,-0.733
0.286,2.476
0.283,0.748
-0.045,1.045
-0.269,2.294
-0.41,1.23
-0.302,3.33
-0.386,2.437
-0.538,2.72
-0.435,1.424
-0.41,0.254
-0.568,2.281
-0.6,3.125
-0.488,1.351
-0.535,2.705
-0.696,0.915
-0.6,0.434
-0.834,2.263
-0.822,1.208
-0.712,3.669
-0.773,1.045
-0.779,2.217
-0.792,3.199
-0.921,2.041
-0.973,2.522
-1.011,2.53
-1.081,3.66
-1.09,2.232
-1.014,0.81
-1.102,3.686
-1.276,2.452
-1.205,2.435
-1.429,0.013
-1.352,1.227
-1.483,1.699
-1.569,0.946
-1.492,1.282
-1.55,1.328
-1.682,1.605
-1.72,3.321
-1.778,2.168
-1.671,3.57
-1.729,1.554
-1.883,2.335
-1.885,0.777
-1.932,2.217
-1.798,3.185
-1.79,2.632
-1.965,-0.121
-1.96,1.114
-2.011,1.011
-2.007,0.912
-2.168,-0.001
-2.07,2.058
-2.104,2.965
-2.303,3.358
-2.29,1.492
-2.274,-0.256
-2.302,0.959
-2.548,3.381
-2.393,2.274
-2.57,0.797
-2.671,-0.342
-2.575,2.279
-2.759,0.894
-2.661,3.369
-2.721,0.646
-2.883,2.453
-3.059,1.075
3.114,1.442
-3.116,0.079
2.838,-0.308
2.797,0.673
2.774,1.182
2.67,3.568
2.652,2.505
2.542,2.328
2.494,1.189
2.405,2.238
2.139,-0.088
2.26,-0.077
2.178,0.791
2.073,3.458
2.124,0.842
2.135,3.037
2.102,0.748
1.999,1.904
1.843,2.423
1.766,2.471
1.74,1.008
1.607,1.493
1.637,-0.123
1.459,2.547
1.324,3.365
1.333,3.189
1.458,3.284
1.273,3.443
1.38,2.069
1.157,2.374
1.157,2.159
1.082,2.947
1.102,3.59
0.918,1.767
0.858,0.868
0.656,1.011
0.606,1.145
0.539,1.92
0.45,-0.244
0.418,-0.02
0.505,3.316
0.475,2.038
0.33,1.918
0.421,2.483
0.442,1.85
0.264,-0.654
-0.058,-0.352
-0.954,-0.618
-1.511,-0.582
-1.406,-0.394
-2.376,-0.315
-2.557,-0.671
-3.024,-0.625
3.114,-0.729
3.058,-0.488
1.747,-0.566
1.87,-0.519
1.708,-0.653
1.841,-0.461
1.547,-0.547
1.501,-0.431
1.374,-0.646
0.743,-0.414
0.773,-0.313
0.596,-0.488
0.194,-0.307
0.031,3.93
-0.095,4.042
-0.134,4.012
-0.241,3.996
-0.424,3.946
-1.309,3.759
-1.841,3.825
-2.074,3.654
-2.416,3.953
-2.763,3.89
2.648,3.895
2.423,3.947
2.074,3.816
1.29,3.999
0.887,3.617
0.447,3.861
0.261,3.762
0.349,3.96
-1.984,1.589
3.103,2.799
2.535,0.617
2.094,1.527
1.85,3.283
-0.679,2.127
-0.862,0.425
-1.406,0.419
-2.084,0.954
2.379,3.148
2.036,2.575
2.031,2.211
1.723,1.456
1.368,0.199
1.431,1.837
1.09,2.577
1.064,1.14
0.878,3.03
0.859,3.227
0.806,2.131
0.116,2.037
-0.069,0.712
-1.594,1.959
-3.103,1.975
1.919,0.638
-1.645,3.464
0.034,-0.432
0.791,-0.78
-0.013,-2.932
0.037,-3.681
-0.026,-3.551
0.025,-1.104
-0.101,-1.975
-0.156,-2.716
-0.229,-0.582
-0.244,-0.85
-0.365,-2.078
-0.367,-1.447
-0.475,-1.893
-0.405,-1.253
-0.492,-1.612
-0.527,-2.273
-0.524,-2.246
-0.501,-3.742
-0.563,-1.24
-0.595,-2.297
-0.655,-2.217
-0.706,-0.654
-0.652,-2.274
-0.744,-0.254
-0.71,-0.931
-0.847,-1.102
-0.851,-2.802
-0.863,-1.273
-0.887,-0.533
-0.817,-2.262
-0.825,-0.884
-0.859,-2.834
-0.865,-3.05
-0.989,-2.123
-0.994,-1.16
-1.093,-0.219
-1.039,-3.196
-1.13,-2.421
-1.144,-1.349
-1.128,-0.547
-1.131,-2.895
-1.256,-2.902
-1.244,-3.686
-1.294,-2.678
-1.246,-1.464
-1.266,-1.754
-1.349,-1.578
-1.361,-3.838
-1.34,-0.158
-1.348,-1.005
-1.405,-1.973
-1.336,-2.412
-1.384,-2.04
-1.377,-0.278
-1.399,-1.111
-1.453,-2.874
-1.441,-1.301
-1.451,-1.651
-1.451,-2.684
-1.496,-1.266
-1.514,-1.496
-1.565,-2.171
-1.576,-1.504
-1.528,-2.961
-1.553,-0.152
-1.619,-3.476
-1.665,0.118
-1.675,-2.709
-1.631,-0.775
-1.631,-3.456
-1.721,-0.836
-1.674,-2.974
-1.75,-1.158
-1.756,-0.613
-1.794,-1.138
-1.797,-0.706
-1.808,-1.311
-1.847,-1.679
-1.954,-0.943
-1.952,-1.225
-2.018,-2.244
-2.091,-1.874
-2.116,-1.021
-2.125,-1.85
-2.105,-2.54
-2.113,-2.018
-2.162,-2.535
-2.127,-2.938
-2.124,-0.218
-2.216,-2.058
-2.163,-0.624
-2.222,-0.54
-2.271,-1.542
-2.206,-1.71
-2.312,-1.381
-2.316,-1.064
-2.382,-1.772
-2.478,-0.132
-2.696,-1.795
-2.708,-3.073
-2.689,-3.515
-2.762,-2.732
-2.729,-0.561
-2.757,-1.569
-2.845,-0.406
-2.92,-2.106
-2.968,-2.9
-2.914,-3.293
-2.925,-0.256
-2.984,-0.649
-2.95,-0.551
-2.987,-2.815
-3.079,-2.105
2.99,0.034
3.001,-3.686
2.891,-2.433
2.953,-1.402
2.889,-0.979
2.91,-2.266
2.923,-2.179
2.834,-0.077
2.905,-1.984
2.861,-1.113
2.776,-2.585
2.809,-1.987
2.638,-2.049
2.681,-1.47
2.567,-1.497
2.545,-2.315
2.54,-1.056
2.521,-0.974
2.285,-3.472
2.271,-2.141
2.27,-1.362
2.272,-3.586
2.188,-3.785
2.172,-0.271
2.159,-0.547
2.119,-3.233
2.052,-3.321
2.055,-0.846
2.064,-2.937
1.94,-2.21
1.913,-2.352
1.953,-3.528
1.869,-2.798
1.857,-2.159
1.855,-1.374
1.858,-0.373
1.821,-2.306
1.766,-2.803
1.764,-0.082
1.813,-1.62
1.736,-0.946
1.692,-1.661
1.726,-1.434
1.649,-1.714
1.718,-3.025
1.694,-2.526
1.679,-2.641
1.7,-2.443
1.672,-0.908
1.447,-3.765
1.355,-3.327
1.299,-1.492
1.27,-3.129
1.297,0.114
1.276,-2.137
1.205,-0.779
1.129,-2.968
1.192,-0.609
1.175,-0.889
1.1,-1.867
1.11,-2.638
0.987,-2.891
0.933,-2.752
0.773,-1.953
0.799,-2.957
0.787,-2.021
0.705,-2.645
0.649,-0.493
0.488,-0.096
0.423,-1.914
0.399,-3.584
0.353,-1.645
-0.966,-3.901
-1.018,-3.907
-1.081,-4.098
-1.43,-3.981
-1.872,-4.227
-1.87,-3.891
-2.214,-4.191
-2.466,-4.071
-2.889,-4.042
3.08,-4.151
2.896,-4.155
2.834,-3.887
2.239,-4.278
2.025,-3.954
1.645,-3.857
1.541,-4.225
0.391,-3.913
0.252,0.224
-0.259,0.287
-0.732,0.231
-0.881,0.465
-0.913,0.152
-1.117,0.35
-1.682,0.43
-1.771,0.496
-2.187,0.157
3.098,0.261
2.813,0.547
1.905,0.204
1.815,0.383
1.688,0.172
1.551,0.617
1.371,0.485
1.214,0.461
0.997,0.492
1.044,0.174
0.551,0.334
-0.404,-0.358
-0.385,-2.689
-1.32,0.144
-1.612,-0.185
-2.097,0.058
-2.644,-3.161
2.028,-0.187
1.554,-0.395
0.51,-1.2
0.483,-2.876
-0.338,-4.26
2.253,-4.093
0.96,-4.012
0.853,-4.049
0.381,-4.26
0.367,-1.051
0.364,-2.779
0.036,-2.482
-0.188,-1.233
-0.329,-2.297
-0.221,-0.197
-0.305,-1.09
-0.457,-0.807
-0.354,-2.103
-0.329,-3.273
-0.487,-1.246
-0.519,-0.402
-0.407,-2.176
-0.454,-0.822
-0.615,-2.612
-0.519,-3.093
-0.753,-1.264
-0.741,-2.319
-0.631,0.142
-0.692,-2.482
-0.698,-1.31
-0.711,-0.328
-0.84,-1.486
-0.892,-1.005
-0.93,-0.997
-1.0,0.133
-1.009,-1.295
-0.933,-2.717
-1.021,0.159
-1.195,-1.075
-1.124,-1.092
-1.348,-3.514
-1.271,-2.3
-1.402,-1.828
-1.488,-2.581
-1.411,-2.245
-1.469,-2.199
-1.601,-1.922
-1.639,-0.206
-1.697,-1.359
-1.59,0.043
-1.648,-1.973
-1.802,-1.192
-1.804,-2.75
-1.851,-1.31
-1.717,-0.342
-1.709,-0.895
-1.884,-3.648
-1.879,-2.413
-1.93,-2.516
-1.926,-2.615
-2.087,-3.528
-1.989,-1.469
-2.023,-0.562
-2.222,-0.169
-2.209,-2.035
-2.193,-3.783
-2.221,-2.568
-2.467,-0.146
-2.312,-1.253
-2.489,-2.73
-2.59,-3.869
-2.494,-1.248
-2.678,-2.633
-2.58,-0.158
-2.64,-2.881
-2.802,-1.074
-2.978,-2.452
-3.088,-2.085
-3.035,-3.448
2.919,-3.835
2.878,-2.854
2.855,-2.345
2.751,0.041
2.733,-1.022
2.623,-1.199
2.575,-2.338
2.486,-1.289
2.22,-3.615
2.341,-3.604
2.259,-2.736
2.154,-0.069
2.205,-2.685
2.216,-0.49
2.183,-2.779
2.08,-1.623
1.924,-1.104
1.847,-1.056
1.821,-2.519
1.688,-2.034
1.718,-3.65
1.54,-0.98
1.405,-0.162
1.414,-0.338
1.539,-0.243
1.354,-0.084
1.461,-1.458
1.238,-1.153
1.238,-1.368
1.163,-0.58
1.183,0.063
0.999,-1.76
0.939,-2.659
0.737,-2.516
0.687,-2.382
0.62,-1.607
0.531,-3.771
0.499,-3.547
0.586,-0.211
0.556,-1.489
0.411,-1.609
0.502,-1.044
0.523,-1.677
0.345,-4.181
0.023,-3.879
-0.873,-4.145
-1.43,-4.109
-1.325,-3.921
-2.295,-3.842
-2.476,-4.198
-2.943,-4.152
-3.088,-4.256
3.139,-4.015
1.828,-4.093
1.951,-4.046
1.789,-4.18
1.922,-3.988
1.628,-4.074
1.582,-3.958
1.455,-4.173
0.824,-3.941
0.854,-3.84
0.677,-4.015
0.275,-3.834
0.112,0.403
-0.014,0.515
-0.053,0.485
-0.16,0.469
-0.343,0.419
-1.228,0.232
-1.76,0.298
-1.993,0.127
-2.335,0.426
-2.682,0.363
2.729,0.368
2.504,0.42
2.155,0.289
1.371,0.472
0.968,0.09
0.528,0.334
0.342,0.235
0.43,0.433
-1.903,-1.938
-3.099,-0.728
2.616,-2.91
2.175,-2.0
1.931,-0.244
-0.598,-1.4
-0.781,-3.102
-1.325,-3.108
-2.003,-2.573
2.46,-0.379
2.117,-0.952
2.112,-1.316
1.804,-2.071
1.449,-3.328
1.512,-1.69
1.171,-0.95
1.145,-2.387
0.959,-0.497
0.94,-0.3
0.887,-1.396
0.197,-1.49
0.012,-2.815
-1.513,-1.568
-3.022,-1.552
2.0,-2.889
-1.564,-0.063
0.115,-3.959
0.872,-4.307
0.05,-0.749
-0.013,-0.619
0.038,1.828
-0.088,0.957
-0.143,0.216
-0.216,2.35
-0.231,2.082
-0.352,0.854
-0.354,1.485
-0.462,1.039
-0.392,1.679
-0.479,1.32
-0.514,0.659
-0.511,0.686
-0.488,-0.81
-0.55,1.692
-0.582,0.635
-0.642,0.715
-0.693,2.278
-0.639,0.658
-0.731,2.678
-0.697,2.001
-0.834,1.83
-0.838,0.13
-0.85,1.659
-0.874,2.399
-0.804,0.67
-0.812,2.048
-0.846,0.098
-0.852,-0.118
-0.976,0.809
-0.981,1.772
-1.08,2.713
-1.026,-0.264
-1.117,0.511
-1.131,1.583
-1.115,2.385
-1.118,0.037
-1.243,0.03
-1.231,-0.754
-1.281,0.254
-1.233,1.468
-1.253,1.178
-1.336,1.354
-1.348,-0.906
-1.327,2.774
-1.335,1.927
-1.392,0.959
-1.323,0.52
-1.371,0.892
-1.364,2.654
-1.386,1.821
-1.44,0.058
-1.428,1.631
-1.438,1.281
-1.438,0.248
-1.483,1.666
-1.501,1.436
-1.552,0.761
-1.563,1.428
-1.515,-0.029
-1.54,2.78
-1.606,-0.544
-1.652,3.05
-1.662,0.223
-1.618,2.157
-1.618,-0.524
-1.708,2.096
-1.661,-0.042
-1.737,1.774
-1.743,2.319
-1.781,1.794
-1.784,2.226
-1.795,1.621
-1.834,1.253
-1.941,1.989
-1.939,1.707
-2.005,0.688
-2.078,1.058
-2.103,1.911
-2.112,1.082
-2.092,0.392
-2.1,0.914
-2.149,0.397
-2.114,-0.006
-2.111,2.714
-2.203,0.874
-2.15,2.308
-2.209,2.392
-2.258,1.39
-2.193,1.222
-2.299,1.551
-2.303,1.868
-2.369,1.16
-2.465,2.8
-2.683,1.137
-2.695,-0.141
-2.676,-0.583
-2.749,0.2
-2.716,2.371
-2.744,1.363
-2.832,2.526
-2.907,0.826
-2.955,0.032
-2.901,-0.361
-2.912,2.676
-2.971,2.283
-2.937,2.381
-2.974,0.117
-3.066,0.827
3.003,2.966
3.014,-0.754
2.904,0.499
2.966,1.53
2.902,1.953
2.923,0.666
2.936,0.753
2.847,2.855
2.918,0.948
2.874,1.819
2.789,0.347
2.822,0.945
2.651,0.883
2.694,1.462
2.58,1.435
2.558,0.617
2.553,1.876
2.534,1.958
2.298,-0.54
2.284,0.791
2.283,1.57
2.285,-0.654
2.201,-0.853
2.185,2.661
2.172,2.385
2.132,-0.301
2.065,-0.389
2.068,2.086
2.077,-0.005
1.953,0.722
1.926,0.58
1.966,-0.596
1.882,0.134
1.87,0.773
1.868,1.558
1.871,2.559
1.834,0.626
1.779,0.129
1.777,2.85
1.826,1.312
1.749,1.986
1.705,1.271
1.739,1.498
1.662,1.218
1.731,-0.093
1.707,0.406
1.692,0.291
1.713,0.489
1.685,2.024
1.46,-0.833
1.368,-0.395
1.312,1.44
1.283,-0.197
1.31,3.046
1.289,0.795
1.218,2.153
1.142,-0.036
1.205,2.323
1.188,2.043
1.113,1.065
1.123,0.294
1.0,0.041
0.946,0.18
0.786,0.979
0.812,-0.025
0.8,0.911
0.718,0.287
0.662,2.439
0.501,2.836
0.436,1.018
0.412,-0.652
0.366,1.287
-0.953,-0.969
-1.005,-0.975
-1.068,-1.166
-1.417,-1.049
-1.859,-1.295
-1.857,-0.959
-2.201,-1.259
-2.453,-1.139
-2.876,-1.11
3.093,-1.219
2.909,-1.223
2.847,-0.955
2.252,-1.346
2.038,-1.022
1.658,-0.925
1.554,-1.293
0.404,-0.981
0.265,3.156
-0.246,3.219
-0.719,3.163
-0.868,3.397
-0.9,3.084
-1.104,3.282
-1.669,3.362
-1.758,3.428
-2.174,3.089
3.111,3.193
2.826,3.479
1.918,3.136
1.828,3.315
1.701,3.104
1.564,3.549
1.384,3.417
1.227,3.393
1.01,3.424
1.057,3.106
0.564,3.266
-0.391,2.574
-0.372,0.243
-1.307,3.076
-1.599,2.747
-2.084,2.99
-2.631,-0.229
2.041,2.745
1.567,2.537
0.523,1.732
0.496,0.056
-0.325,-1.328
2.266,-1.161
0.973,-1.08
0.866,-1.117
0.394,-1.328
0.38,1.881
0.377,0.153
0.049,0.45
-0.175,1.699
-0.316,0.635
-0.208,2.735
-0.292,1.842
-0.444,2.125
-0.341,0.829
-0.316,-0.341
-0.474,1.686
-0.506,2.53
-0.394,0.756
-0.441,2.11
-0.602,0.32
-0.506,-0.161
-0.74,1.668
-0.728,0.613
-0.618,3.074
-0.679,0.45
-0.685,1.622
-0.698,2.604
-0.827,1.446
-0.879,1.927
-0.917,1.935
-0.987,3.065
-0.996,1.637
-0.92,0.215
-1.008,3.091
-1.182,1.857
-1.111,1.84
-1.335,-0.582
-1.258,0.632
-1.389,1.104
-1.475,0.351
-1.398,0.687
-1.456,0.733
-1.588,1.01
-1.626,2.726
-1.684,1.573
-1.577,2.975
-1.635,0.959
-1.789,1.74
-1.791,0.182
-1.838,1.622
-1.704,2.59
-1.696,2.037
-1.871,-0.716
-1.866,0.519
-1.917,0.416
-1.913,0.317
-2.074,-0.596
-1.976,1.463
-2.01,2.37
-2.209,2.763
-2.196,0.897
-2.18,-0.851
-2.208,0.364
-2.454,2.786
-2.299,1.679
-2.476,0.202
-2.577,-0.937
-2.481,1.684
-2.665,0.299
-2.567,2.774
-2.627,0.051
-2.789,1.858
-2.965,0.48
-3.075,0.847
-3.022,-0.516
2.932,-0.903
2.891,0.078
2.868,0.587
2.764,2.973
2.746,1.91
2.636,1.733
2.588,0.594
2.499,1.643
2.233,-0.683
2.354,-0.672
2.272,0.196
2.167,2.863
2.218,0.247
2.229,2.442
2.196,0.153
2.093,1.309
1.937,1.828
1.86,1.876
1.834,0.413
1.701,0.898
1.731,-0.718
1.553,1.952
1.418,2.77
1.427,2.594
1.552,2.689
1.367,2.848
1.474,1.474
1.251,1.779
1.251,1.564
1.176,2.352
1.196,2.995
1.012,1.172
0.952,0.273
0.75,0.416
0.7,0.55
0.633,1.325
0.544,-0.839
0.512,-0.615
0.599,2.721
0.569,1.443
0.424,1.323
0.515,1.888
0.536,1.255
0.358,-1.249
0.036,-0.947
-0.86,-1.213
-1.417,-1.177
-1.312,-0.989
-2.282,-0.91
-2.463,-1.266
-2.93,-1.22
-3.075,-1.324
-3.131,-1.083
1.841,-1.161
1.964,-1.114
1.802,-1.248
1.935,-1.056
1.641,-1.142
1.595,-1.026
1.468,-1.241
0.837,-1.009
0.867,-0.908
0.69,-1.083
0.288,-0.902
0.125,3.335
-0.001,3.447
-0.04,3.417
-0.147,3.401
-0.33,3.351
-1.215,3.164
-1.747,3.23
-1.98,3.059
-2.322,3.358
-2.669,3.295
2.742,3.3
2.517,3.352
2.168,3.221
1.384,3.404
0.981,3.022
0.541,3.266
0.355,3.167
0.443,3.365
-1.89,0.994
-3.086,2.204
2.629,0.022
2.188,0.932
1.944,2.688
-0.585,1.532
-0.768,-0.17
-1.312,-0.176
-1.99,0.359
2.473,2.553
2.13,1.98
2.125,1.616
1.817,0.861
1.462,-0.396
1.525,1.242
1.184,1.982
1.158,0.545
0.972,2.435
0.953,2.632
0.9,1.536
0.21,1.442
0.025,0.117
-1.5,1.364
-3.009,1.38
2.013,0.043
-1.551,2.869
0.128,-1.027
0.885,-1.375
-0.063,0.13
-0.012,2.577
-0.138,1.706
-0.193,0.965
-0.266,3.099
-0.281,2.831
-0.402,1.603
-0.404,2.234
-0.512,1.788
-0.442,2.428
-0.529,2.069
-0.564,1.408
-0.561,1.435
-0.538,-0.061
-0.6,2.441
-0.632,1.384
-0.692,1.464
-0.743,3.027
-0.689,1.407
-0.781,3.427
-0.747,2.75
-0.884,2.579
-0.888,0.879
-0.9,2.408
-0.924,3.148
-0.854,1.419
-0.862,2.797
-0.896,0.847
-0.902,0.631
-1.026,1.558
-1.031,2.521
-1.13,3.462
-1.076,0.485
-1.167,1.26
-1.181,2.332
-1.165,3.134
-1.168,0.786
-1.293,0.779
-1.281,-0.005
-1.331,1.003
-1.283,2.217
-1.303,1.927
-1.386,2.103
-1.398,-0.157
-1.377,3.523
-1.385,2.676
-1.442,1.708
-1.373,1.269
-1.421,1.641
-1.414,3.403
-1.436,2.57
-1.49,0.807
-1.478,2.38
-1.488,2.03
-1.488,0.997
-1.533,2.415
-1.551,2.185
-1.602,1.51
-1.613,2.177
-1.565,0.72
-1.59,3.529
-1.656,0.205
-1.702,3.799
-1.712,0.972
-1.668,2.906
-1.668,0.225
-1.758,2.845
-1.711,0.707
-1.787,2.523
-1.793,3.068
-1.831,2.543
-1.834,2.975
-1.845,2.37
-1.884,2.002
-1.991,2.738
-1.989,2.456
-2.055,1.437
-2.128,1.807
-2.153,2.66
-2.162,1.831
-2.142,1.141
-2.15,1.663
-2.199,1.146
-2.164,0.743
-2.161,3.463
-2.253,1.623
-2.2,3.057
-2.259,3.141
-2.308,2.139
-2.243,1.971
-2.349,2.3
-2.353,2.617
-2.419,1.909
-2.515,3.549
-2.733,1.886
-2.745,0.608
-2.726,0.166
-2.799,0.949
-2.766,3.12
-2.794,2.112
-2.882,3.275
-2.957,1.575
-3.005,0.781
-2.951,0.388
-2.962,3.425
-3.021,3.032
-2.987,3.13
-3.024,0.866
-3.116,1.576
2.953,3.715
2.964,-0.005
2.854,1.248
2.916,2.279
2.852,2.702
2.873,1.415
2.886,1.502
2.797,3.604
2.868,1.697
2.824,2.568
2.739,1.096
2.772,1.694
2.601,1.632
2.644,2.211
2.53,2.184
2.508,1.366
2.503,2.625
2.484,2.707
2.248,0.209
2.234,1.54
2.233,2.319
2.235,0.095
2.151,-0.104
2.135,3.41
2.122,3.134
2.082,0.448
2.015,0.36
2.018,2.835
2.027,0.744
1.903,1.471
1.876,1.329
1.916,0.153
1.832,0.883
1.82,1.522
1.818,2.307
1.821,3.308
1.784,1.375
1.729,0.878
1.727,3.599
1.776,2.061
1.699,2.735
1.655,2.02
1.689,2.247
1.612,1.967
1.681,0.656
1.657,1.155
1.642,1.04
1.663,1.238
1.635,2.773
1.41,-0.084
1.318,0.354
1.262,2.189
1.233,0.552
1.26,3.795
1.239,1.544
1.168,2.902
1.092,0.713
1.155,3.072
1.138,2.792
1.063,1.814
1.073,1.043
0.95,0.79
0.896,0.929
0.736,1.728
0.762,0.724
0.75,1.66
0.668,1.036
0.612,3.188
0.451,3.585
0.386,1.767
0.362,0.097
0.316,2.036
-1.003,-0.22
-1.055,-0.226
-1.118,-0.417
-1.467,-0.3
-1.909,-0.546
-1.907,-0.21
-2.251,-0.51
-2.503,-0.39
-2.926,-0.361
3.043,-0.47
2.859,-0.474
2.797,-0.206
2.202,-0.597
1.988,-0.273
1.608,-0.176
1.504,-0.544
0.354,-0.232
0.215,3.905
-0.296,3.968
-0.769,3.912
-0.918,4.146
-0.95,3.833
-1.154,4.031
-1.719,4.111
-1.808,4.177
-2.224,3.838
3.061,3.942
2.776,4.228
1.868,3.885
1.778,4.064
1.651,3.853
1.514,4.298
1.334,4.166
1.177,4.142
0.96,4.173
1.007,3.855
0.514,4.015
-0.441,3.323
-0.422,0.992
-1.357,3.825
-1.649,3.496
-2.134,3.739
-2.681,0.52
1.991,3.494
1.517,3.286
0.473,2.481
0.446,0.805
-0.375,-0.579
2.216,-0.412
0.923,-0.331
0.816,-0.368
0.344,-0.579
0.33,2.63
0.327,0.902
-0.001,1.199
-0.225,2.448
-0.366,1.384
-0.258,3.484
-0.342,2.591
-0.494,2.874
-0.391,1.578
-0.366,0.408
-0.524,2.435
-0.556,3.279
-0.444,1.505
-0.491,2.859
-0.652,1.069
-0.556,0.588
-0.79,2.417
-0.778,1.362
-0.668,3.823
-0.729,1.199
-0.735,2.371
-0.748,3.353
-0.877,2.195
-0.929,2.676
-0.967,2.684
-1.037,3.814
-1.046,2.386
-0.97,0.964
-1.058,3.84
-1.232,2.606
-1.161,2.589
-1.385,0.167
-1.308,1.381
-1.439,1.853
-1.525,1.1
-1.448,1.436
-1.506,1.482
-1.638,1.759
-1.676,3.475
-1.734,2.322
-1.627,3.724
-1.685,1.708
-1.839,2.489
-1.841,0.931
-1.888,2.371
-1.754,3.339
-1.746,2.786
-1.921,0.033
-1.916,1.268
-1.967,1.165
-1.963,1.066
-2.124,0.153
-2.026,2.212
-2.06,3.119
-2.259,3.512
-2.246,1.646
-2.23,-0.102
-2.258,1.113
-2.504,3.535
-2.349,2.428
-2.526,0.951
-2.627,-0.188
-2.531,2.433
-2.715,1.048
-2.617,3.523
-2.677,0.8
-2.839,2.607
-3.015,1.229
-3.125,1.596
-3.072,0.233
2.882,-0.154
2.841,0.827
2.818,1.336
2.714,3.722
2.696,2.659
2.586,2.482
2.538,1.343
2.449,2.392
2.183,0.066
2.304,0.077
2.222,0.945
2.117,3.612
2.168,0.996
2.179,3.191
2.146,0.902
2.043,2.058
1.887,2.577
1.81,2.625
1.784,1.162
1.651,1.647
1.681,0.031
1.503,2.701
1.368,3.519
1.377,3.343
1.502,3.438
1.317,3.597
1.424,2.223
1.201,2.528
1.201,2.313
1.126,3.101
1.146,3.744
0.962,1.921
0.902,1.022
0.7,1.165
0.65,1.299
0.583,2.074
0.494,-0.09
0.462,0.134
0.549,3.47
0.519,2.192
0.374,2.072
0.465,2.637
0.486,2.004
0.308,-0.5
-0.014,-0.198
-0.91,-0.464
-1.467,-0.428
-1.362,-0.24
-2.332,-0.161
-2.513,-0.517
-2.98,-0.471
-3.125,-0.575
3.102,-0.334
1.791,-0.412
1.914,-0.365
1.752,-0.499
1.885,-0.307
1.591,-0.393
1.545,-0.277
1.418,-0.492
0.787,-0.26
0.817,-0.159
0.64,-0.334
0.238,-0.153
0.075,4.084
-0.051,4.196
-0.09,4.166
-0.197,4.15
-0.38,4.1
-1.265,3.913
-1.797,3.979
-2.03,3.808
-2.372,4.107
-2.719,4.044
2.692,4.049
2.467,4.101
2.118,3.97
1.334,4.153
0.931,3.771
0.491,4.015
0.305,3.916
0.393,4.114
-1.94,1.743
-3.136,2.953
2.579,0.771
2.138,1.681
1.894,3.437
-0.635,2.281
-0.818,0.579
-1.362,0.573
-2.04,1.108
2.423,3.302
2.08,2.729
2.075,2.365
1.767,1.61
1.412,0.353
1.475,1.991
1.134,2.731
1.108,1.294
0.922,3.184
0.903,3.381
0.85,2.285
0.16,2.191
-0.025,0.866
-1.55,2.113
-3.059,2.129
1.963,0.792
-1.601,3.618
0.078,-0.278
0.835,-0.626
0.051,2.447
-0.075,1.576
-0.13,0.835
-0.203,2.969
-0.218,2.701
-0.339,1.473
-0.341,2.104
-0.449,1.658
-0.379,2.298
-0.466,1.939
-0.501,1.278
-0.498,1.305
-0.475,-0.191
-0.537,2.311
-0.569,1.254
-0.629,1.334
-0.68,2.897
-0.626,1.277
-0.718,3.297
-0.684,2.62
-0.821,2.449
-0.825,0.749
-0.837,2.278
-0.861,3.018
-0.791,1.289
-0.799,2.667
-0.833,0.717
-0.839,0.501
-0.963,1.428
-0.968,2.391
-1.067,3.332
-1.013,0.355
-1.104,1.13
-1.118,2.202
-1.102,3.004
-1.105,0.656
-1.23,0.649
-1.218,-0.135
-1.268,0.873
-1.22,2.087
-1.24,1.797
-1.323,1.973
-1.335,-0.287
-1.314,3.393
-1.322,2.546
-1.379,1.578
-1.31,1.139
-1.358,1.511
-1.351,3.273
-1.373,2.44
-1.427,0.677
-1.415,2.25
-1.425,1.9
-1.425,0.867
-1.47,2.285
-1.488,2.055
-1.539,1.38
-1.55,2.047
-1.502,0.59
-1.527,3.399
-1.593,0.075
-1.639,3.669
-1.649,0.842
-1.605,2.776
-1.605,0.095
-1.695,2.715
-1.648,0.577
-1.724,2.393
-1.73,2.938
-1.768,2.413
-1.771,2.845
-1.782,2.24
-1.821,1.872
-1.928,2.608
-1.926,2.326
-1.992,1.307
-2.065,1.677
-2.09,2.53
-2.099,1.701
-2.079,1.011
-2.087,1.533
-2.136,1.016
-2.101,0.613
-2.098,3.333
-2.19,1.493
-2.137,2.927
-2.196,3.011
-2.245,2.009
-2.18,1.841
-2.286,2.17
-2.29,2.487
-2.356,1.779
-2.452,3.419
-2.67,1.756
-2.682,0.478
-2.663,0.036
-2.736,0.819
-2.703,2.99
-2.731,1.982
-2.819,3.145
-2.894,1.445
-2.942,0.651
-2.888,0.258
-2.899,3.295
-2.958,2.902
-2.924,3.0
-2.961,0.736
-3.053,1.446
3.016,3.585
3.027,-0.135
2.917,1.118
2.979,2.149
2.915,2.572
2.936,1.285
2.949,1.372
2.86,3.474
2.931,1.567
2.887,2.438
2.802,0.966
2.835,1.564
2.664,1.502
2.707,2.081
2.593,2.054
2.571,1.236
2.566,2.495
2.547,2.577
2.311,0.079
2.297,1.41
2.296,2.189
2.298,-0.035
2.214,-0.234
2.198,3.28
2.185,3.004
2.145,0.318
2.078,0.23
2.081,2.705
2.09,0.614
1.966,1.341
1.939,1.199
1.979,0.023
1.895,0.753
1.883,1.392
1.881,2.177
1.884,3.178
1.847,1.245
1.792,0.748
1.79,3.469
1.839,1.931
1.762,2.605
1.718,1.89
1.752,2.117
1.675,1.837
1.744,0.526
1.72,1.025
1.705,0.91
1.726,1.108
1.698,2.643
1.473,-0.214
1.381,0.224
1.325,2.059
1.296,0.422
1.323,3.665
1.302,1.414
1.231,2.772
1.155,0.583
1.218,2.942
1.201,2.662
1.126,1.684
1.136,0.913
1.013,0.66
0.959,0.799
0.799,1.598
0.825,0.594
0.813,1.53
0.731,0.906
0.675,3.058
0.514,3.455
0.449,1.637
0.425,-0.033
0.379,1.906
-0.94,-0.35
-0.992,-0.356
-1.055,-0.547
-1.404,-0.43
-1.846,-0.676
-1.844,-0.34
-2.188,-0.64
-2.44,-0.52
-2.863,-0.491
3.106,-0.6
2.922,-0.604
2.86,-0.336
2.265,-0.727
2.051,-0.403
1.671,-0.306
1.567,-0.674
0.417,-0.362
0.278,3.775
-0.233,3.838
-0.706,3.782
-0.855,4.016
-0.887,3.703
-1.091,3.901
-1.656,3.981
-1.745,4.047
-2.161,3.708
3.124,3.812
2.839,4.098
1.931,3.755
1.841,3.934
1.714,3.723
1.577,4.168
1.397,4.036
1.24,4.012
1.023,4.043
1.07,3.725
0.577,3.885
-0.378,3.193
-0.359,0.862
-1.294,3.695
-1.586,3.366
-2.071,3.609
-2.618,0.39
2.054,3.364
1.58,3.156
0.536,2.351
0.509,0.675
-0.312,-0.709
2.279,-0.542
0.986,-0.461
0.879,-0.498
0.407,-0.709
0.393,2.5
0.39,0.772
0.062,1.069
-0.162,2.318
-0.303,1.254
-0.195,3.354
-0.279,2.461
-0.431,2.744
-0.328,1.448
-0.303,0.278
-0.461,2.305
-0.493,3.149
-0.381,1.375
-0.428,2.729
-0.589,0.939
-0.493,0.458
-0.727,2.287
-0.715,1.232
-0.605,3.693
-0.666,1.069
-0.672,2.241
-0.685,3.223
-0.814,2.065
-0.866,2.546
-0.904,2.554
-0.974,3.684
-0.983,2.256
-0.907,0.834
-0.995,3.71
-1.169,2.476
-1.098,2.459
-1.322,0.037
-1.245,1.251
-1.376,1.723
-1.462,0.97
-1.385,1.306
-1.443,1.352
-1.575,1.629
-1.613,3.345
-1.671,2.192
-1.564,3.594
-1.622,1.578
-1.776,2.359
-1.778,0.801
-1.825,2.241
-1.691,3.209
-1.683,2.656
-1.858,-0.097
-1.853,1.138
-1.904,1.035
-1.9,0.936
-2.061,0.023
-1.963,2.082
-1.997,2.989
-2.196,3.382
-2.183,1.516
-2.167,-0.232
-2.195,0.983
-2.441,3.405
-2.286,2.298
-2.463,0.821
-2.564,-0.318
-2.468,2.303
-2.652,0.918
-2.554,3.393
-2.614,0.67
-2.776,2.477
-2.952,1.099
-3.062,1.466
-3.009,0.103
2.945,-0.284
2.904,0.697
2.881,1.206
2.777,3.592
2.759,2.529
2.649,2.352
2.601,1.213
2.512,2.262
2.246,-0.064
2.367,-0.053
2.285,0.815
2.18,3.482
2.231,0.866
2.242,3.061
2.209,0.772
2.106,1.928
1.95,2.447
1.873,2.495
1.847,1.032
1.714,1.517
1.744,-0.099
1.566,2.571
1.431,3.389
1.44,3.213
1.565,3.308
1.38,3.467
1.487,2.093
1.264,2.398
1.264,2.183
1.189,2.971
1.209,3.614
1.025,1.791
0.965,0.892
0.763,1.035
0.713,1.169
0.646,1.944
0.557,-0.22
0.525,0.004
0.612,3.34
0.582,2.062
0.437,1.942
0.528,2.507
0.549,1.874
0.371,-0.63
0.049,-0.328
-0.847,-0.594
-1.404,-0.558
-1.299,-0.37
-2.269,-0.291
-2.45,-0.647
-2.917,-0.601
-3.062,-0.705
-3.118,-0.464
1.854,-0.542
1.977,-0.495
1.815,-0.629
1.948,-0.437
1.654,-0.523
1.608,-0.407
1.481,-0.622
0.85,-0.39
0.88,-0.289
0.703,-0.464
0.301,-0.283
0.138,3.954
0.012,4.066
-0.027,4.036
-0.134,4.02
-0.317,3.97
-1.202,3.783
-1.734,3.849
-1.967,3.678
-2.309,3.977
-2.656,3.914
2.755,3.919
2.53,3.971
2.181,3.84
1.397,4.023
0.994,3.641
0.554,3.885
0.368,3.786
0.456,3.984
-1.877,1.613
-3.073,2.823
2.642,0.641
2.201,1.551
1.957,3.307
-0.572,2.151
-0.755,0.449
-1.299,0.443
-1.977,0.978
2.486,3.172
2.143,2.599
2.138,2.235
1.83,1.48
1.475,0.223
1.538,1.861
1.197,2.601
1.171,1.164
0.985,3.054
0.966,3.251
0.913,2.155
0.223,2.061
0.038,0.736
-1.487,1.983
-2.996,1.999
2.026,0.662
-1.538,3.488
0.141,-0.408
0.898,-0.756
-0.126,-0.871
-0.181,-1.612
-0.254,0.522
-0.269,0.254
-0.39,-0.974
-0.392,-0.343
-0.5,-0.789
-0.43,-0.149
-0.517,-0.508
-0.552,-1.169
-0.549,-1.142
-0.526,-2.638
-0.588,-0.136
-0.62,-1.193
-0.68,-1.113
-0.731,0.45
-0.677,-1.17
-0.769,0.85
-0.735,0.173
-0.872,0.002
-0.876,-1.698
-0.888,-0.169
-0.912,0.571
-0.842,-1.158
-0.85,0.22
-0.884,-1.73
-0.89,-1.946
-1.014,-1.019
-1.019,-0.056
-1.118,0.885
-1.064,-2.092
-1.155,-1.317
-1.169,-0.245
-1.153,0.557
-1.156,-1.791
-1.281,-1.798
-1.269,-2.582
-1.319,-1.574
-1.271,-0.36
-1.291,-0.65
-1.374,-0.474
-1.386,-2.734
-1.365,0.946
-1.373,0.099
-1.43,-0.869
-1.361,-1.308
-1.409,-0.936
-1.402,0.826
-1.424,-0.007
-1.478,-1.77
-1.466,-0.197
-1.476,-0.547
-1.476,-1.58
-1.521,-0.162
-1.539,-0.392
-1.59,-1.067
-1.601,-0.4
-1.553,-1.857
-1.578,0.952
-1.644,-2.372
-1.69,1.222
-1.7,-1.605
-1.656,0.329
-1.656,-2.352
-1.746,0.268
-1.699,-1.87
-1.775,-0.054
-1.781,0.491
-1.819,-0.034
-1.822,0.398
-1.833,-0.207
-1.872,-0.575
-1.979,0.161
-1.977,-0.121
-2.043,-1.14
-2.116,-0.77
-2.141,0.083
-2.15,-0.746
-2.13,-1.436
-2.138,-0.914
-2.187,-1.431
-2.152,-1.834
-2.149,0.886
-2.241,-0.954
-2.188,0.48
-2.247,0.564
-2.296,-0.438
-2.231,-0.606
-2.337,-0.277
-2.341,0.04
-2.407,-0.668
-2.503,0.972
-2.721,-0.691
-2.733,-1.969
-2.714,-2.411
-2.787,-1.628
-2.754,0.543
-2.782,-0.465
-2.87,0.698
-2.945,-1.002
-2.993,-1.796
-2.939,-2.189
-2.95,0.848
-3.009,0.455
-2.975,0.553
-3.012,-1.711
-3.104,-1.001
2.965,1.138
2.976,-2.582
2.866,-1.329
2.928,-0.298
2.864,0.125
2.885,-1.162
2.898,-1.075
2.809,1.027
2.88,-0.88
2.836,-0.009
2.751,-1.481
2.784,-0.883
2.613,-0.945
2.656,-0.366
2.542,-0.393
2.52,-1.211
2.515,0.048
2.496,0.13
2.26,-2.368
2.246,-1.037
2.245,-0.258
2.247,-2.482
2.163,-2.681
2.147,0.833
2.134,0.557
2.094,-2.129
2.027,-2.217
2.03,0.258
2.039,-1.833
1.915,-1.106
1.888,-1.248
1.928,-2.424
1.844,-1.694
1.832,-1.055
1.83,-0.27
1.833,0.731
1.796,-1.202
1.741,-1.699
1.739,1.022
1.788,-0.516
1.711,0.158
1.667,-0.557
1.701,-0.33
1.624,-0.61
1.693,-1.921
1.669,-1.422
1.654,-1.537
1.675,-1.339
1.647,0.196
1.422,-2.661
1.33,-2.223
1.274,-0.388
1.245,-2.025
1.272,1.218
1.251,-1.033
1.18,0.325
1.104,-1.864
1.167,0.495
1.15,0.215
1.075,-0.763
1.085,-1.534
0.962,-1.787
0.908,-1.648
0.748,-0.849
0.774,-1.853
0.762,-0.917
0.68,-1.541
0.624,0.611
0.463,1.008
0.398,-0.81
0.374,-2.48
0.328,-0.541
-0.991,-2.797
-1.043,-2.803
-1.106,-2.994
-1.455,-2.877
-1.897,-3.123
-1.895,-2.787
-2.239,-3.087
-2.491,-2.967
-2.914,-2.938
3.055,-3.047
2.871,-3.051
2.809,-2.783
2.214,-3.174
2.0,-2.85
1.62,-2.753
1.516,-3.121
0.366,-2.809
0.227,1.328
-0.284,1.391
-0.757,1.335
-0.906,1.569
-0.938,1.256
-1.142,1.454
-1.707,1.534
-1.796,1.6
-2.212,1.261
3.073,1.365
2.788,1.651
1.88,1.308
1.79,1.487
1.663,1.276
1.526,1.721
1.346,1.589
1.189,1.565
0.972,1.596
1.019,1.278
0.526,1.438
-0.429,0.746
-0.41,-1.585
-1.345,1.248
-1.637,0.919
-2.122,1.162
-2.669,-2.057
2.003,0.917
1.529,0.709
0.485,-0.096
0.458,-1.772
-0.363,-3.156
2.228,-2.989
0.935,-2.908
0.828,-2.945
0.356,-3.156
0.342,0.053
0.339,-1.675
0.011,-1.378
-0.213,-0.129
-0.354,-1.193
-0.246,0.907
-0.33,0.014
-0.482,0.297
-0.379,-0.999
-0.354,-2.169
-0.512,-0.142
-0.544,0.702
-0.432,-1.072
-0.479,0.282
-0.64,-1.508
-0.544,-1.989
-0.778,-0.16
-0.766,-1.215
-0.656,1.246
-0.717,-1.378
-0.723,-0.206
-0.736,0.776
-0.865,-0.382
-0.917,0.099
-0.955,0.107
-1.025,1.237
-1.034,-0.191
-0.958,-1.613
-1.046,1.263
-1.22,0.029
-1.149,0.012
-1.373,-2.41
-1.296,-1.196
-1.427,-0.724
-1.513,-1.477
-1.436,-1.141
-1.494,-1.095
-1.626,-0.818
-1.664,0.898
-1.722,-0.255
-1.615,1.147
-1.673,-0.869
-1.827,-0.088
-1.829,-1.646
-1.876,-0.206
-1.742,0.762
-1.734,0.209
-1.909,-2.544
-1.904,-1.309
-1.955,-1.412
-1.951,-1.511
-2.112,-2.424
-2.014,-0.365
-2.048,0.542
-2.247,0.935
-2.234,-0.931
-2.218,-2.679
-2.246,-1.464
-2.492,0.958
-2.337,-0.149
-2.514,-1.626
-2.615,-2.765
-2.519,-0.144
-2.703,-1.529
-2.605,0.946
-2.665,-1.777
-2.827,0.03
-3.003,-1.348
-3.113,-0.981
-3.06,-2.344
2.894,-2.731
2.853,-1.75
2.83,-1.241
2.726,1.145
2.708,0.082
2.598,-0.095
2.55,-1.234
2.461,-0.185
2.195,-2.511
2.316,-2.5
2.234,-1.632
2.129,1.035
2.18,-1.581
2.191,0.614
2.158,-1.675
2.055,-0.519
1.899,0.0
1.822,0.048
1.796,-1.415
1.663,-0.93
1.693,-2.546
1.515,0.124
1.38,0.942
1.389,0.766
1.514,0.861
1.329,1.02
1.436,-0.354
1.213,-0.049
1.213,-0.264
1.138,0.524
1.158,1.167
0.974,-0.656
0.914,-1.555
0.712,-1.412
0.662,-1.278
0.595,-0.503
0.506,-2.667
0.474,-2.443
0.561,0.893
0.531,-0.385
0.386,-0.505
0.477,0.06
0.498,-0.573
0.32,-3.077
-0.002,-2.775
-0.898,-3.041
-1.455,-3.005
-1.35,-2.817
-2.32,-2.738
-2.501,-3.094
-2.968,-3.048
-3.113,-3.152
3.114,-2.911
1.803,-2.989
1.926,-2.942
1.764,-3.076
1.897,-2.884
1.603,-2.97
1.557,-2.854
1.43,-3.069
0.799,-2.837
0.829,-2.736
0.652,-2.911
0.25,-2.73
0.087,1.507
-0.039,1.619
-0.078,1.589
-0.185,1.573
-0.368,1.523
-1.253,1.336
-1.785,1.402
-2.018,1.231
-2.36,1.53
-2.707,1.467
2.704,1.472
2.479,1.524
2.13,1.393
1.346,1.576
0.943,1.194
0.503,1.438
0.317,1.339
0.405,1.537
-1.928,-0.834
-3.124,0.376
2.591,-1.806
2.15,-0.896
1.906,0.86
-0.623,-0.296
-0.806,-1.998
-1.35,-2.004
-2.028,-1.469
2.435,0.725
2.092,0.152
2.087,-0.212
1.779,-0.967
1.424,-2.224
1.487,-0.586
1.146,0.154
1.12,-1.283
0.934,0.607
0.915,0.804
0.862,-0.292
0.172,-0.386
-0.013,-1.711
-1.538,-0.464
-3.047,-0.448
1.975,-1.785
-1.589,1.041
0.09,-2.855
0.847,-3.203
-0.055,-0.741
-0.128,1.393
-0.143,1.125
-0.264,-0.103
-0.266,0.528
-0.374,0.082
-0.304,0.722
-0.391,0.363
-0.426,-0.298
-0.423,-0.271
-0.4,-1.767
-0.462,0.735
-0.494,-0.322
-0.554,-0.242
-0.605,1.321
-0.551,-0.299
-0.643,1.721
-0.609,1.044
-0.746,0.873
-0.75,-0.827
-0.762,0.702
-0.786,1.442
-0.716,-0.287
-0.724,1.091
-0.758,-0.859
-0.764,-1.075
-0.888,-0.148
-0.893,0.815
-0.992,1.756
-0.938,-1.221
-1.029,-0.446
-1.043,0.626
-1.027,1.428
-1.03,-0.92
-1.155,-0.927
-1.143,-1.711
-1.193,-0.703
-1.145,0.511
-1.165,0.221
-1.248,0.397
-1.26,-1.863
-1.239,1.817
-1.247,0.97
-1.304,0.002
-1.235,-0.437
-1.283,-0.065
-1.276,1.697
-1.298,0.864
-1.352,-0.899
-1.34,0.674
-1.35,0.324
-1.35,-0.709
-1.395,0.709
-1.413,0.479
-1.464,-0.196
-1.475,0.471
-1.427,-0.986
-1.452,1.823
-1.518,-1.501
-1.564,2.093
-1.574,-0.734
-1.53,1.2
-1.53,-1.481
-1.62,1.139
-1.573,-0.999
-1.649,0.817
-1.655,1.362
-1.693,0.837
-1.696,1.269
-1.707,0.664
-1.746,0.296
-1.853,1.032
-1.851,0.75
-1.917,-0.269
-1.99,0.101
-2.015,0.954
-2.024,0.125
-2.004,-0.565
-2.012,-0.043
-2.061,-0.56
-2.026,-0.963
-2.023,1.757
-2.115,-0.083
-2.062,1.351
-2.121,1.435
-2.17,0.433
-2.105,0.265
-2.211,0.594
-2.215,0.911
-2.281,0.203
-2.377,1.843
-2.595,0.18
-2.607,-1.098
-2.588,-1.54
-2.661,-0.757
-2.628,1.414
-2.656,0.406
-2.744,1.569
-2.819,-0.131
-2.867,-0.925
-2.813,-1.318
-2.824,1.719
-2.883,1.326
-2.849,1.424
-2.886,-0.84
-2.978,-0.13
3.091,2.009
3.102,-1.711
2.992,-0.458
3.054,0.573
2.99,0.996
3.011,-0.291
3.024,-0.204
2.935,1.898
3.006,-0.009
2.962,0.862
2.877,-0.61
2.91,-0.012
2.739,-0.074
2.782,0.505
2.668,0.478
2.646,-0.34
2.641,0.919
2.622,1.001
2.386,-1.497
2.372,-0.166
2.371,0.613
2.373,-1.611
2.289,-1.81
2.273,1.704
2.26,1.428
2.22,-1.258
2.153,-1.346
2.156,1.129
2.165,-0.962
2.041,-0.235
2.014,-0.377
2.054,-1.553
1.97,-0.823
1.958,-0.184
1.956,0.601
1.959,1.602
1.922,-0.331
1.867,-0.828
1.865,1.893
1.914,0.355
1.837,1.029
1.793,0.314
1.827,0.541
1.75,0.261
1.819,-1.05
1.795,-0.551
1.78,-0.666
1.801,-0.468
1.773,1.067
1.548,-1.79
1.456,-1.352
1.4,0.483
1.371,-1.154
1.398,2.089
1.377,-0.162
1.306,1.196
1.23,-0.993
1.293,1.366
1.276,1.086
1.201,0.108
1.211,-0.663
1.088,-0.916
1.034,-0.777
0.874,0.022
0.9,-0.982
0.888,-0.046
0.806,-0.67
0.75,1.482
0.589,1.879
0.524,0.061
0.5,-1.609
0.454,0.33
-0.865,-1.926
-0.917,-1.932
-0.98,-2.123
-1.329,-2.006
-1.771,-2.252
-1.769,-1.916
-2.113,-2.216
-2.365,-2.096
-2.788,-2.067
-3.102,-2.176
2.997,-2.18
2.935,-1.912
2.34,-2.303
2.126,-1.979
1.746,-1.882
1.642,-2.25
0.492,-1.938
0.353,2.199
-0.158,2.262
-0.631,2.206
-0.78,2.44
-0.812,2.127
-1.016,2.325
-1.581,2.405
-1.67,2.471
-2.086,2.132
-3.084,2.236
2.914,2.522
2.006,2.179
1.916,2.358
1.789,2.147
1.652,2.592
1.472,2.46
1.315,2.436
1.098,2.467
1.145,2.149
0.652,2.309
-0.303,1.617
-0.284,-0.714
-1.219,2.119
-1.511,1.79
-1.996,2.033
-2.543,-1.186
2.129,1.788
1.655,1.58
0.611,0.775
0.584,-0.901
-0.237,-2.285
2.354,-2.118
1.061,-2.037
0.954,-2.074
0.482,-2.285
0.468,0.924
0.465,-0.804
0.137,-0.507
-0.087,0.742
-0.228,-0.322
-0.12,1.778
-0.204,0.885
-0.356,1.168
-0.253,-0.128
-0.228,-1.298
-0.386,0.729
-0.418,1.573
-0.306,-0.201
-0.353,1.153
-0.514,-0.637
-0.418,-1.118
-0.652,0.711
-0.64,-0.344
-0.53,2.117
-0.591,-0.507
-0.597,0.665
-0.61,1.647
-0.739,0.489
-0.791,0.97
-0.829,0.978
-0.899,2.108
-0.908,0.68
-0.832,-0.742
-0.92,2.134
-1.094,0.9
-1.023,0.883
-1.247,-1.539
-1.17,-0.325
-1.301,0.147
-1.387,-0.606
-1.31,-0.27
-1.368,-0.224
-1.5,0.053
-1.538,1.769
-1.596,0.616
-1.489,2.018
-1.547,0.002
-1.701,0.783
-1.703,-0.775
-1.75,0.665
-1.616,1.633
-1.608,1.08
-1.783,-1.673
-1.778,-0.438
-1.829,-0.541
-1.825,-0.64
-1.986,-1.553
-1.888,0.506
-1.922,1.413
-2.121,1.806
-2.108,-0.06
-2.092,-1.808
-2.12,-0.593
-2.366,1.829
-2.211,0.722
-2.388,-0.755
-2.489,-1.894
-2.393,0.727
-2.577,-0.658
-2.479,1.817
-2.539,-0.906
-2.701,0.901
-2.877,-0.477
-2.987,-0.11
-2.934,-1.473
3.02,-1.86
2.979,-0.879
2.956,-0.37
2.852,2.016
2.834,0.953
2.724,0.776
2.676,-0.363
2.587,0.686
2.321,-1.64
2.442,-1.629
2.36,-0.761
2.255,1.906
2.306,-0.71
2.317,1.485
2.284,-0.804
2.181,0.352
2.025,0.871
1.948,0.919
1.922,-0.544
1.789,-0.059
1.819,-1.675
1.641,0.995
1.506,1.813
1.515,1.637
1.64,1.732
1.455,1.891
1.562,0.517
1.339,0.822
1.339,0.607
1.264,1.395
1.284,2.038
1.1,0.215
1.04,-0.684
0.838,-0.541
0.788,-0.407
0.721,0.368
0.632,-1.796
0.6,-1.572
0.687,1.764
0.657,0.486
0.512,0.366
0.603,0.931
0.624,0.298
0.446,-2.206
0.124,-1.904
-0.772,-2.17
-1.329,-2.134
-1.224,-1.946
-2.194,-1.867
-2.375,-2.223
-2.842,-2.177
-2.987,-2.281
-3.043,-2.04
1.929,-2.118
2.052,-2.071
1.89,-2.205
2.023,-2.013
1.729,-2.099
1.683,-1.983
1.556,-2.198
0.925,-1.966
0.955,-1.865
0.778,-2.04
0.376,-1.859
0.213,2.378
0.087,2.49
0.048,2.46
-0.059,2.444
-0.242,2.394
-1.127,2.207
-1.659,2.273
-1.892,2.102
-2.234,2.401
-2.581,2.338
2.83,2.343
2.605,2.395
2.256,2.264
1.472,2.447
1.069,2.065
0.629,2.309
0.443,2.21
0.531,2.408
-1.802,0.037
-2.998,1.247
2.717,-0.935
2.276,-0.025
2.032,1.731
-0.497,0.575
-0.68,-1.127
-1.224,-1.133
-1.902,-0.598
2.561,1.596
2.218,1.023
2.213,0.659
1.905,-0.096
1.55,-1.353
1.613,0.285
1.272,1.025
1.246,-0.412
1.06,1.478
1.041,1.675
0.988,0.579
0.298,0.485
0.113,-0.84
-1.412,0.407
-2.921,0.423
2.101,-0.914
-1.463,1.912
0.216,-1.984
0.973,-2.332
-0.073,2.134
-0.088,1.866
-0.209,0.638
-0.211,1.269
-0.319,0.823
-0.249,1.463
-0.336,1.104
-0.371,0.443
-0.368,0.47
-0.345,-1.026
-0.407,1.476
-0.439,0.419
-0.499,0.499
-0.55,2.062
-0.496,0.442
-0.588,2.462
-0.554,1.785
-0.691,1.614
-0.695,-0.086
-0.707,1.443
-0.731,2.183
-0.661,0.454
-0.669,1.832
-0.703,-0.118
-0.709,-0.334
-0.833,0.593
-0.838,1.556
-0.937,2.497
-0.883,-0.48
-0.974,0.295
-0.988,1.367
-0.972,2.169
-0.975,-0.179
-1.1,-0.186
-1.088,-0.97
-1.138,0.038
-1.09,1.252
-1.11,0.962
-1.193,1.138
-1.205,-1.122
-1.184,2.558
-1.192,1.711
-1.249,0.743
-1.18,0.304
-1.228,0.676
-1.221,2.438
-1.243,1.605
-1.297,-0.158
-1.285,1.415
-1.295,1.065
-1.295,0.032
-1.34,1.45
-1.358,1.22
-1.409,0.545
-1.42,1.212
-1.372,-0.245
-1.397,2.564
-1.463,-0.76
-1.509,2.834
-1.519,0.007
-1.475,1.941
-1.475,-0.74
-1.565,1.88
-1.518,-0.258
-1.594,1.558
-1.6,2.103
-1.638,1.578
-1.641,2.01
-1.652,1.405
-1.691,1.037
-1.798,1.773
-1.796,1.491
-1.862,0.472
-1.935,0.842
-1.96,1.695
-1.969,0.866
-1.949,0.176
-1.957,0.698
-2.006,0.181
-1.971,-0.222
-1.968,2.498
-2.06,0.658
-2.007,2.092
-2.066,2.176
-2.115,1.174
-2.05,1.006
-2.156,1.335
-2.16,1.652
-2.226,0.944
-2.322,2.584
-2.54,0.921
-2.552,-0.357
-2.533,-0.799
-2.606,-0.016
-2.573,2.155
-2.601,1.147
-2.689,2.31
-2.764,0.61
-2.812,-0.184
-2.758,-0.577
-2.769,2.46
-2.828,2.067
-2.794,2.165
-2.831,-0.099
-2.923,0.611
-3.137,2.75
-3.126,-0.97
3.047,0.283
3.109,1.314
3.045,1.737
3.066,0.45
3.079,0.537
2.99,2.639
3.061,0.732
3.017,1.603
2.932,0.131
2.965,0.729
2.794,0.667
2.837,1.246
2.723,1.219
2.701,0.401
2.696,1.66
2.677,1.742
2.441,-0.756
2.427,0.575
2.426,1.354
2.428,-0.87
2.344,-1.069
2.328,2.445
2.315,2.169
2.275,-0.517
2.208,-0.605
2.211,1.87
2.22,-0.221
2.096,0.506
2.069,0.364
2.109,-0.812
2.025,-0.082
2.013,0.557
2.011,1.342
2.014,2.343
1.977,0.41
1.922,-0.087
1.92,2.634
1.969,1.096
1.892,1.77
1.848,1.055
1.882,1.282
1.805,1.002
1.874,-0.309
1.85,0.19
1.835,0.075
1.856,0.273
1.828,1.808
1.603,-1.049
1.511,-0.611
1.455,1.224
1.426,-0.413
1.453,2.83
1.432,0.579
1.361,1.937
1.285,-0.252
1.348,2.107
1.331,1.827
1.256,0.849
1.266,0.078
1.143,-0.175
1.089,-0.036
0.929,0.763
0.955,-0.241
0.943,0.695
0.861,0.071
0.805,2.223
0.644,2.62
0.579,0.802
0.555,-0.868
0.509,1.071
-0.81,-1.185
-0.862,-1.191
-0.925,-1.382
-1.274,-1.265
-1.716,-1.511
-1.714,-1.175
-2.058,-1.475
-2.31,-1.355
-2.733,-1.326
-3.047,-1.435
3.052,-1.439
2.99,-1.171
2.395,-1.562
2.181,-1.238
1.801,-1.141
1.697,-1.509
0.547,-1.197
0.408,2.94
-0.103,3.003
-0.576,2.947
-0.725,3.181
-0.757,2.868
-0.961,3.066
-1.526,3.146
-1.615,3.212
-2.031,2.873
-3.029,2.977
2.969,3.263
2.061,2.92
1.971,3.099
1.844,2.888
1.707,3.333
1.527,3.201
1.37,3.177
1.153,3.208
1.2,2.89
0.707,3.05
-0.248,2.358
-0.229,0.027
-1.164,2.86
-1.456,2.531
-1.941,2.774
-2.488,-0.445
2.184,2.529
1.71,2.321
0.666,1.516
0.639,-0.16
-0.182,-1.544
2.409,-1.377
1.116,-1.296
1.009,-1.333
0.537,-1.544
0.523,1.665
0.52,-0.063
0.192,0.234
-0.032,1.483
-0.173,0.419
-0.065,2.519
-0.149,1.626
-0.301,1.909
-0.198,0.613
-0.173,-0.557
-0.331,1.47
-0.363,2.314
-0.251,0.54
-0.298,1.894
-0.459,0.104
-0.363,-0.377
-0.597,1.452
-0.585,0.397
-0.475,2.858
-0.536,0.234
-0.542,1.406
-0.555,2.388
-0.684,1.23
-0.736,1.711
-0.774,1.719
-0.844,2.849
-0.853,1.421
-0.777,-0.001
-0.865,2.875
-1.039,1.641
-0.968,1.624
-1.192,-0.798
-1.115,0.416
-1.246,0.888
-1.332,0.135
-1.255,0.471
-1.313,0.517
-1.445,0.794
-1.483,2.51
-1.541,1.357
-1.434,2.759
-1.492,0.743
-1.646,1.524
-1.648,-0.034
-1.695,1.406
-1.561,2.374
-1.553,1.821
-1.728,-0.932
-1.723,0.303
-1.774,0.2
-1.77,0.101
-1.931,-0.812
-1.833,1.247
-1.867,2.154
-2.066,2.547
-2.053,0.681
-2.037,-1.067
-2.065,0.148
-2.311,2.57
-2.156,1.463
-2.333,-0.014
-2.434,-1.153
-2.338,1.468
-2.522,0.083
-2.424,2.558
-2.484,-0.165
-2.646,1.642
-2.822,0.264
-2.932,0.631
-2.879,-0.732
3.075,-1.119
3.034,-0.138
3.011,0.371
2.907,2.757
2.889,1.694
2.779,1.517
2.731,0.378
2.642,1.427
2.376,-0.899
2.497,-0.888
2.415,-0.02
2.31,2.647
2.361,0.031
2.372,2.226
2.339,-0.063
2.236,1.093
2.08,1.612
2.003,1.66
1.977,0.197
1.844,0.682
1.874,-0.934
1.696,1.736
1.561,2.554
1.57,2.378
1.695,2.473
1.51,2.632
1.617,1.258
1.394,1.563
1.394,1.348
1.319,2.136
1.339,2.779
1.155,0.956
1.095,0.057
0.893,0.2
0.843,0.334
0.776,1.109
0.687,-1.055
0.655,-0.831
0.742,2.505
0.712,1.227
0.567,1.107
0.658,1.672
0.679,1.039
0.501,-1.465
0.179,-1.163
-0.717,-1.429
-1.274,-1.393
-1.169,-1.205
-2.139,-1.126
-2.32,-1.482
-2.787,-1.436
-2.932,-1.54
-2.988,-1.299
1.984,-1.377
2.107,-1.33
1.945,-1.464
2.078,-1.272
1.784,-1.358
1.738,-1.242
1.611,-1.457
0.98,-1.225
1.01,-1.124
0.833,-1.299
0.431,-1.118
0.268,3.119
0.142,3.231
0.103,3.201
-0.004,3.185
-0.187,3.135
-1.072,2.948
-1.604,3.014
-1.837,2.843
-2.179,3.142
-2.526,3.079
2.885,3.084
2.66,3.136
2.311,3.005
1.527,3.188
1.124,2.806
0.684,3.05
0.498,2.951
0.586,3.149
-1.747,0.778
-2.943,1.988
2.772,-0.194
2.331,0.716
2.087,2.472
-0.442,1.316
-0.625,-0.386
-1.169,-0.392
-1.847,0.143
2.616,2.337
2.273,1.764
2.268,1.4
1.96,0.645
1.605,-0.612
1.668,1.026
1.327,1.766
1.301,0.329
1.115,2.219
1.096,2.416
1.043,1.32
0.353,1.226
0.168,-0.099
-1.357,1.148
-2.866,1.164
2.156,-0.173
-1.408,2.653
0.271,-1.243
1.028,-1.591
-0.015,-0.268
-0.136,-1.496
-0.138,-0.865
-0.246,-1.311
-0.176,-0.671
-0.263,-1.03
-0.298,-1.691
-0.295,-1.664
-0.272,-3.16
-0.334,-0.658
-0.366,-1.715
-0.426,-1.635
-0.477,-0.072
-0.423,-1.692
-0.515,0.328
-0.481,-0.349
-0.618,-0.52
-0.622,-2.22
-0.634,-0.691
-0.658,0.049
-0.588,-1.68
-0.596,-0.302
-0.63,-2.252
-0.636,-2.468
-0.76,-1.541
-0.765,-0.578
-0.864,0.363
-0.81,-2.614
-0.901,-1.839
-0.915,-0.767
-0.899,0.035
-0.902,-2.313
-1.027,-2.32
-1.015,-3.104
-1.065,-2.096
-1.017,-0.882
-1.037,-1.172
-1.12,-0.996
-1.132,-3.256
-1.111,0.424
-1.119,-0.423
-1.176,-1.391
-1.107,-1.83
-1.155,-1.458
-1.148,0.304
-1.17,-0.529
-1.224,-2.292
-1.212,-0.719
-1.222,-1.069
-1.222,-2.102
-1.267,-0.684
-1.285,-0.914
-1.336,-1.589
-1.347,-0.922
-1.299,-2.379
-1.324,0.43
-1.39,-2.894
-1.436,0.7
-1.446,-2.127
-1.402,-0.193
-1.402,-2.874
-1.492,-0.254
-1.445,-2.392
-1.521,-0.576
-1.527,-0.031
-1.565,-0.556
-1.568,-0.124
-1.579,-0.729
-1.618,-1.097
-1.725,-0.361
-1.723,-0.643
-1.789,-1.662
-1.862,-1.292
-1.887,-0.439
-1.896,-1.268
-1.876,-1.958
-1.884,-1.436
-1.933,-1.953
-1.898,-2.356
-1.895,0.364
-1.987,-1.476
-1.934,-0.042
-1.993,0.042
-2.042,-0.96
-1.977,-1.128
-2.083,-0.799
-2.087,-0.482
-2.153,-1.19
-2.249,0.45
-2.467,-1.213
-2.479,-2.491
-2.46,-2.933
-2.533,-2.15
-2.5,0.021
-2.528,-0.987
-2.616,0.176
-2.691,-1.524
-2.739,-2.318
-2.685,-2.711
-2.696,0.326
-2.755,-0.067
-2.721,0.031
-2.758,-2.233
-2.85,-1.523
-3.064,0.616
-3.053,-3.104
3.12,-1.851
-3.101,-0.82
3.118,-0.397
3.139,-1.684
-3.131,-1.597
3.063,0.505
3.134,-1.402
3.09,-0.531
3.005,-2.003
3.038,-1.405
2.867,-1.467
2.91,-0.888
2.796,-0.915
2.774,-1.733
2.769,-0.474
2.75,-0.392
2.514,-2.89
2.5,-1.559
2.499,-0.78
2.501,-3.004
2.417,-3.203
2.401,0.311
2.388,0.035
2.348,-2.651
2.281,-2.739
2.284,-0.264
2.293,-2.355
2.169,-1.628
2.142,-1.77
2.182,-2.946
2.098,-2.216
2.086,-1.577
2.084,-0.792
2.087,0.209
2.05,-1.724
1.995,-2.221
1.993,0.5
2.042,-1.038
1.965,-0.364
1.921,-1.079
1.955,-0.852
1.878,-1.132
1.947,-2.443
1.923,-1.944
1.908,-2.059
1.929,-1.861
1.901,-0.326
1.676,-3.183
1.584,-2.745
1.528,-0.91
1.499,-2.547
1.526,0.696
1.505,-1.555
1.434,-0.197
1.358,-2.386
1.421,-0.027
1.404,-0.307
1.329,-1.285
1.339,-2.056
1.216,-2.309
1.162,-2.17
1.002,-1.371
1.028,-2.375
1.016,-1.439
0.934,-2.063
0.878,0.089
0.717,0.486
0.652,-1.332
0.628,-3.002
0.582,-1.063
-0.737,-3.319
-0.789,-3.325
-0.852,-3.516
-1.201,-3.399
-1.643,-3.645
-1.641,-3.309
-1.985,-3.609
-2.237,-3.489
-2.66,-3.46
-2.974,-3.569
3.125,-3.573
3.063,-3.305
2.468,-3.696
2.254,-3.372
1.874,-3.275
1.77,-3.643
0.62,-3.331
0.481,0.806
-0.03,0.869
-0.503,0.813
-0.652,1.047
-0.684,0.734
-0.888,0.932
-1.453,1.012
-1.542,1.078
-1.958,0.739
-2.956,0.843
3.042,1.129
2.134,0.786
2.044,0.965
1.917,0.754
1.78,1.199
1.6,1.067
1.443,1.043
1.226,1.074
1.273,0.756
0.78,0.916
-0.175,0.224
-0.156,-2.107
-1.091,0.726
-1.383,0.397
-1.868,0.64
-2.415,-2.579
2.257,0.395
1.783,0.187
0.739,-0.618
0.712,-2.294
-0.109,-3.678
2.482,-3.511
1.189,-3.43
1.082,-3.467
0.61,-3.678
0.596,-0.469
0.593,-2.197
0.265,-1.9
0.041,-0.651
-0.1,-1.715
0.008,0.385
-0.076,-0.508
-0.228,-0.225
-0.125,-1.521
-0.1,-2.691
-0.258,-0.664
-0.29,0.18
-0.178,-1.594
-0.225,-0.24
-0.386,-2.03
-0.29,-2.511
-0.524,-0.682
-0.512,-1.737
-0.402,0.724
-0.463,-1.9
-0.469,-0.728
-0.482,0.254
-0.611,-0.904
-0.663,-0.423
-0.701,-0.415
-0.771,0.715
-0.78,-0.713
-0.704,-2.135
-0.792,0.741
-0.966,-0.493
-0.895,-0.51
-1.119,-2.932
-1.042,-1.718
-1.173,-1.246
-1.259,-1.999
-1.182,-1.663
-1.24,-1.617
-1.372,-1.34
-1.41,0.376
-1.468,-0.777
-1.361,0.625
-1.419,-1.391
-1.573,-0.61
-1.575,-2.168
-1.622,-0.728
-1.488,0.24
-1.48,-0.313
-1.655,-3.066
-1.65,-1.831
-1.701,-1.934
-1.697,-2.033
-1.858,-2.946
-1.76,-0.887
-1.794,0.02
-1.993,0.413
-1.98,-1.453
-1.964,-3.201
-1.992,-1.986
-2.238,0.436
-2.083,-0.671
-2.26,-2.148
-2.361,-3.287
-2.265,-0.666
-2.449,-2.051
-2.351,0.424
-2.411,-2.299
-2.573,-0.492
-2.749,-1.87
-2.859,-1.503
-2.806,-2.866
-3.135,-3.253
3.107,-2.272
3.084,-1.763
2.98,0.623
2.962,-0.44
2.852,-0.617
2.804,-1.756
2.715,-0.707
2.449,-3.033
2.57,-3.022
2.488,-2.154
2.383,0.513
2.434,-2.103
2.445,0.092
2.412,-2.197
2.309,-1.041
2.153,-0.522
2.076,-0.474
2.05,-1.937
1.917,-1.452
1.947,-3.068
1.769,-0.398
1.634,0.42
1.643,0.244
1.768,0.339
1.583,0.498
1.69,-0.876
1.467,-0.571
1.467,-0.786
1.392,0.002
1.412,0.645
1.228,-1.178
1.168,-2.077
0.966,-1.934
0.916,-1.8
0.849,-1.025
0.76,-3.189
0.728,-2.965
0.815,0.371
0.785,-0.907
0.64,-1.027
0.731,-0.462
0.752,-1.095
0.574,-3.599
0.252,-3.297
-0.644,-3.563
-1.201,-3.527
-1.096,-3.339
-2.066,-3.26
-2.247,-3.616
-2.714,-3.57
-2.859,-3.674
-2.915,-3.433
2.057,-3.511
2.18,-3.464
2.018,-3.598
2.151,-3.406
1.857,-3.492
1.811,-3.376
1.684,-3.591
1.053,-3.359
1.083,-3.258
0.906,-3.433
0.504,-3.252
0.341,0.985
0.215,1.097
0.176,1.067
0.069,1.051
-0.114,1.001
-0.999,0.814
-1.531,0.88
-1.764,0.709
-2.106,1.008
-2.453,0.945
2.958,0.95
2.733,1.002
2.384,0.871
1.6,1.054
1.197,0.672
0.757,0.916
0.571,0.817
0.659,1.015
-1.674,-1.356
-2.87,-0.146
2.845,-2.328
2.404,-1.418
2.16,0.338
-0.369,-0.818
-0.552,-2.52
-1.096,-2.526
-1.774,-1.991
2.689,0.203
2.346,-0.37
2.341,-0.734
2.033,-1.489
1.678,-2.746
1.741,-1.108
1.4,-0.368
1.374,-1.805
1.188,0.085
1.169,0.282
1.116,-0.814
0.426,-0.908
0.241,-2.233
-1.284,-0.986
-2.793,-0.97
2.229,-2.307
-1.335,0.519
0.344,-3.377
1.101,-3.725
-0.121,-1.228
-0.123,-0.597
-0.231,-1.043
-0.161,-0.403
-0.248,-0.762
-0.283,-1.423
-0.28,-1.396
-0.257,-2.892
-0.319,-0.39
-0.351,-1.447
-0.411,-1.367
-0.462,0.196
-0.408,-1.424
-0.5,0.596
-0.466,-0.081
-0.603,-0.252
-0.607,-1.952
-0.619,-0.423
-0.643,0.317
-0.573,-1.412
-0.581,-0.034
-0.615,-1.984
-0.621,-2.2
-0.745,-1.273
-0.75,-0.31
-0.849,0.631
-0.795,-2.346
-0.886,-1.571
-0.9,-0.499
-0.884,0.303
-0.887,-2.045
-1.012,-2.052
-1.0,-2.836
-1.05,-1.828
-1.002,-0.614
-1.022,-0.904
-1.105,-0.728
-1.117,-2.988
-1.096,0.692
-1.104,-0.155
-1.161,-1.123
-1.092,-1.562
-1.14,-1.19
-1.133,0.572
-1.155,-0.261
-1.209,-2.024
-1.197,-0.451
-1.207,-0.801
-1.207,-1.834
-1.252,-0.416
-1.27,-0.646
-1.321,-1.321
-1.332,-0.654
-1.284,-2.111
-1.309,0.698
-1.375,-2.626
-1.421,0.968
-1.431,-1.859
-1.387,0.075
-1.387,-2.606
-1.477,0.014
-1.43,-2.124
-1.506,-0.308
-1.512,0.237
-1.55,-0.288
-1.553,0.144
-1.564,-0.461
-1.603,-0.829
-1.71,-0.093
-1.708,-0.375
-1.774,-1.394
-1.847,-1.024
-1.872,-0.171
-1.881,-1.0
-1.861,-1.69
-1.869,-1.168
-1.918,-1.685
-1.883,-2.088
-1.88,0.632
-1.972,-1.208
-1.919,0.226
-1.978,0.31
-2.027,-0.692
-1.962,-0.86
-2.068,-0.531
-2.072,-0.214
-2.138,-0.922
-2.234,0.718
-2.452,-0.945
-2.464,-2.223
-2.445,-2.665
-2.518,-1.882
-2.485,0.289
-2.513,-0.719
-2.601,0.444
-2.676,-1.256
-2.724,-2.05
-2.67,-2.443
-2.681,0.594
-2.74,0.201
-2.706,0.299
-2.743,-1.965
-2.835,-1.255
-3.049,0.884
-3.038,-2.836
3.135,-1.583
-3.086,-0.552
3.133,-0.129
-3.129,-1.416
-3.116,-1.329
3.078,0.773
-3.134,-1.134
3.105,-0.263
3.02,-1.735
3.053,-1.137
2.882,-1.199
2.925,-0.62
2.811,-0.647
2.789,-1.465
2.784,-0.206
2.765,-0.124
2.529,-2.622
2.515,-1.291
2.514,-0.512
2.516,-2.736
2.432,-2.935
2.416,0.579
2.403,0.303
2.363,-2.383
2.296,-2.471
2.299,0.004
2.308,-2.087
2.184,-1.36
2.157,-1.502
2.197,-2.678
2.113,-1.948
2.101,-1.309
2.099,-0.524
2.102,0.477
2.065,-1.456
2.01,-1.953
2.008,0.768
2.057,-0.77
1.98,-0.096
1.936,-0.811
1.97,-0.584
1.893,-0.864
1.962,-2.175
1.938,-1.676
1.923,-1.791
1.944,-1.593
1.916,-0.058
1.691,-2.915
1.599,-2.477
1.543,-0.642
1.514,-2.279
1.541,0.964
1.52,-1.287
1.449,0.071
1.373,-2.118
1.436,0.241
1.419,-0.039
1.344,-1.017
1.354,-1.788
1.231,-2.041
1.177,-1.902
1.017,-1.103
1.043,-2.107
1.031,-1.171
0.949,-1.795
0.893,0.357
0.732,0.754
0.667,-1.064
0.643,-2.734
0.597,-0.795
-0.722,-3.051
-0.774,-3.057
-0.837,-3.248
-1.186,-3.131
-1.628,-3.377
-1.626,-3.041
-1.97,-3.341
-2.222,-3.221
-2.645,-3.192
-2.959,-3.301
3.14,-3.305
3.078,-3.037
2.483,-3.428
2.269,-3.104
1.889,-3.007
1.785,-3.375
0.635,-3.063
0.496,1.074
-0.015,1.137
-0.488,1.081
-0.637,1.315
-0.669,1.002
-0.873,1.2
-1.438,1.28
-1.527,1.346
-1.943,1.007
-2.941,1.111
3.057,1.397
2.149,1.054
2.059,1.233
1.932,1.022
1.795,1.467
1.615,1.335
1.458,1.311
1.241,1.342
1.288,1.024
0.795,1.184
-0.16,0.492
-0.141,-1.839
-1.076,0.994
-1.368,0.665
-1.853,0.908
-2.4,-2.311
2.272,0.663
1.798,0.455
0.754,-0.35
0.727,-2.026
-0.094,-3.41
2.497,-3.243
1.204,-3.162
1.097,-3.199
0.625,-3.41
0.611,-0.201
0.608,-1.929
0.28,-1.632
0.056,-0.383
-0.085,-1.447
0.023,0.653
-0.061,-0.24
-0.213,0.043
-0.11,-1.253
-0.085,-2.423
-0.243,-0.396
-0.275,0.448
-0.163,-1.326
-0.21,0.028
-0.371,-1.762
-0.275,-2.243
-0.509,-0.414
-0.497,-1.469
-0.387,0.992
-0.448,-1.632
-0.454,-0.46
-0.467,0.522
-0.596,-0.636
-0.648,-0.155
-0.686,-0.147
-0.756,0.983
-0.765,-0.445
-0.689,-1.867
-0.777,1.009
-0.951,-0.225
-0.88,-0.242
-1.104,-2.664
-1.027,-1.45
-1.158,-0.978
-1.244,-1.731
-1.167,-1.395
-1.225,-1.349
-1.357,-1.072
-1.395,0.644
-1.453,-0.509
-1.346,0.893
-1.404,-1.123
-1.558,-0.342
-1.56,-1.9
-1.607,-0.46
-1.473,0.508
-1.465,-0.045
-1.64,-2.798
-1.635,-1.563
-1.686,-1.666
-1.682,-1.765
-1.843,-2.678
-1.745,-0.619
-1.779,0.288
-1.978,0.681
-1.965,-1.185
-1.949,-2.933
-1.977,-1.718
-2.223,0.704
-2.068,-0.403
-2.245,-1.88
-2.346,-3.019
-2.25,-0.398
-2.434,-1.783
-2.336,0.692
-2.396,-2.031
-2.558,-0.224
-2.734,-1.602
-2.844,-1.235
-2.791,-2.598
-3.12,-2.985
3.122,-2.004
3.099,-1.495
2.995,0.891
2.977,-0.172
2.867,-0.349
2.819,-1.488
2.73,-0.439
2.464,-2.765
2.585,-2.754
2.503,-1.886
2.398,0.781
2.449,-1.835
2.46,0.36
2.427,-1.929
2.324,-0.773
2.168,-0.254
2.091,-0.206
2.065,-1.669
1.932,-1.184
1.962,-2.8
1.784,-0.13
1.649,0.688
1.658,0.512
1.783,0.607
1.598,0.766
1.705,-0.608
1.482,-0.303
1.482,-0.518
1.407,0.27
1.427,0.913
1.243,-0.91
1.183,-1.809
0.981,-1.666
0.931,-1.532
0.864,-0.757
0.775,-2.921
0.743,-2.697
0.83,0.639
0.8,-0.639
0.655,-0.759
0.746,-0.194
0.767,-0.827
0.589,-3.331
0.267,-3.029
-0.629,-3.295
-1.186,-3.259
-1.081,-3.071
-2.051,-2.992
-2.232,-3.348
-2.699,-3.302
-2.844,-3.406
-2.9,-3.165
2.072,-3.243
2.195,-3.196
2.033,-3.33
2.166,-3.138
1.872,-3.224
1.826,-3.108
1.699,-3.323
1.068,-3.091
1.098,-2.99
0.921,-3.165
0.519,-2.984
0.356,1.253
0.23,1.365
0.191,1.335
0.084,1.319
-0.099,1.269
-0.984,1.082
-1.516,1.148
-1.749,0.977
-2.091,1.276
-2.438,1.213
2.973,1.218
2.748,1.27
2.399,1.139
1.615,1.322
1.212,0.94
0.772,1.184
0.586,1.085
0.674,1.283
-1.659,-1.088
-2.855,0.122
2.86,-2.06
2.419,-1.15
2.175,0.606
-0.354,-0.55
-0.537,-2.252
-1.081,-2.258
-1.759,-1.723
2.704,0.471
2.361,-0.102
2.356,-0.466
2.048,-1.221
1.693,-2.478
1.756,-0.84
1.415,-0.1
1.389,-1.537
1.203,0.353
1.184,0.55
1.131,-0.546
0.441,-0.64
0.256,-1.965
-1.269,-0.718
-2.778,-0.702
2.244,-2.039
-1.32,0.787
0.359,-3.109
1.116,-3.457
-0.002,0.631
-0.11,0.185
-0.04,0.825
-0.127,0.466
-0.162,-0.195
-0.159,-0.168
-0.136,-1.664
-0.198,0.838
-0.23,-0.219
-0.29,-0.139
-0.341,1.424
-0.287,-0.196
-0.379,1.824
-0.345,1.147
-0.482,0.976
-0.486,-0.724
-0.498,0.805
-0.522,1.545
-0.452,-0.184
-0.46,1.194
-0.494,-0.756
-0.5,-0.972
-0.624,-0.045
-0.629,0.918
-0.728,1.859
-0.674,-1.118
-0.765,-0.343
-0.779,0.729
-0.763,1.531
-0.766,-0.817
-0.891,-0.824
-0.879,-1.608
-0.929,-0.6
-0.881,0.614
-0.901,0.324
-0.984,0.5
-0.996,-1.76
-0.975,1.92
-0.983,1.073
-1.04,0.105
-0.971,-0.334
-1.019,0.038
-1.012,1.8
-1.034,0.967
-1.088,-0.796
-1.076,0.777
-1.086,0.427
-1.086,-0.606
-1.131,0.812
-1.149,0.582
-1.2,-0.093
-1.211,0.574
-1.163,-0.883
-1.188,1.926
-1.254,-1.398
-1.3,2.196
-1.31,-0.631
-1.266,1.303
-1.266,-1.378
-1.356,1.242
-1.309,-0.896
-1.385,0.92
-1.391,1.465
-1.429,0.94
-1.432,1.372
-1.443,0.767
-1.482,0.399
-1.589,1.135
-1.587,0.853
-1.653,-0.166
-1.726,0.204
-1.751,1.057
-1.76,0.228
-1.74,-0.462
-1.748,0.06
-1.797,-0.457
-1.762,-0.86
-1.759,1.86
-1.851,0.02
-1.798,1.454
-1.857,1.538
-1.906,0.536
-1.841,0.368
-1.947,0.697
-1.951,1.014
-2.017,0.306
-2.113,1.946
-2.331,0.283
-2.343,-0.995
-2.324,-1.437
-2.397,-0.654
-2.364,1.517
-2.392,0.509
-2.48,1.672
-2.555,-0.028
-2.603,-0.822
-2.549,-1.215
-2.56,1.822
-2.619,1.429
-2.585,1.527
-2.622,-0.737
-2.714,-0.027
-2.928,2.112
-2.917,-1.608
-3.027,-0.355
-2.965,0.676
-3.029,1.099
-3.008,-0.188
-2.995,-0.101
-3.084,2.001
-3.013,0.094
-3.057,0.965
3.141,-0.507
-3.109,0.091
3.003,0.029
3.046,0.608
2.932,0.581
2.91,-0.237
2.905,1.022
2.886,1.104
2.65,-1.394
2.636,-0.063
2.635,0.716
2.637,-1.508
2.553,-1.707
2.537,1.807
2.524,1.531
2.484,-1.155
2.417,-1.243
2.42,1.232
2.429,-0.859
2.305,-0.132
2.278,-0.274
2.318,-1.45
2.234,-0.72
2.222,-0.081
2.22,0.704
2.223,1.705
2.186,-0.228
2.131,-0.725
2.129,1.996
2.178,0.458
2.101,1.132
2.057,0.417
2.091,0.644
2.014,0.364
2.083,-0.947
2.059,-0.448
2.044,-0.563
2.065,-0.365
2.037,1.17
1.812,-1.687
1.72,-1.249
1.664,0.586
1.635,-1.051
1.662,2.192
1.641,-0.059
1.57,1.299
1.494,-0.89
1.557,1.469
1.54,1.189
1.465,0.211
1.475,-0.56
1.352,-0.813
1.298,-0.674
1.138,0.125
1.164,-0.879
1.152,0.057
1.07,-0.567
1.014,1.585
0.853,1.982
0.788,0.164
0.764,-1.506
0.718,0.433
-0.601,-1.823
-0.653,-1.829
-0.716,-2.02
-1.065,-1.903
-1.507,-2.149
-1.505,-1.813
-1.849,-2.113
-2.101,-1.993
-2.524,-1.964
-2.838,-2.073
-3.022,-2.077
-3.084,-1.809
2.604,-2.2
2.39,-1.876
2.01,-1.779
1.906,-2.147
0.756,-1.835
0.617,2.302
0.106,2.365
-0.367,2.309
-0.516,2.543
-0.548,2.23
-0.752,2.428
-1.317,2.508
-1.406,2.574
-1.822,2.235
-2.82,2.339
-3.105,2.625
2.27,2.282
2.18,2.461
2.053,2.25
1.916,2.695
1.736,2.563
1.579,2.539
1.362,2.57
1.409,2.252
0.916,2.412
-0.039,1.72
-0.02,-0.611
-0.955,2.222
-1.247,1.893
-1.732,2.136
-2.279,-1.083
2.393,1.891
1.919,1.683
0.875,0.878
0.848,-0.798
0.027,-2.182
2.618,-2.015
1.325,-1.934
1.218,-1.971
0.746,-2.182
0.732,1.027
0.729,-0.701
0.401,-0.404
0.177,0.845
0.036,-0.219
0.144,1.881
0.06,0.988
-0.092,1.271
0.011,-0.025
0.036,-1.195
-0.122,0.832
-0.154,1.676
-0.042,-0.098
-0.089,1.256
-0.25,-0.534
-0.154,-1.015
-0.388,0.814
-0.376,-0.241
-0.266,2.22
-0.327,-0.404
-0.333,0.768
-0.346,1.75
-0.475,0.592
-0.527,1.073
-0.565,1.081
-0.635,2.211
-0.644,0.783
-0.568,-0.639
-0.656,2.237
-0.83,1.003
-0.759,0.986
-0.983,-1.436
-0.906,-0.222
-1.037,0.25
-1.123,-0.503
-1.046,-0.167
-1.104,-0.121
-1.236,0.156
-1.274,1.872
-1.332,0.719
-1.225,2.121
-1.283,0.105
-1.437,0.886
-1.439,-0.672
-1.486,0.768
-1.352,1.736
-1.344,1.183
-1.519,-1.57
-1.514,-0.335
-1.565,-0.438
-1.561,-0.537
-1.722,-1.45
-1.624,0.609
-1.658,1.516
-1.857,1.909
-1.844,0.043
-1.828,-1.705
-1.856,-0.49
-2.102,1.932
-1.947,0.825
-2.124,-0.652
-2.225,-1.791
-2.129,0.83
-2.313,-0.555
-2.215,1.92
-2.275,-0.803
-2.437,1.004
-2.613,-0.374
-2.723,-0.007
-2.67,-1.37
-2.999,-1.757
-3.04,-0.776
-3.063,-0.267
3.116,2.119
3.098,1.056
2.988,0.879
2.94,-0.26
2.851,0.789
2.585,-1.537
2.706,-1.526
2.624,-0.658
2.519,2.009
2.57,-0.607
2.581,1.588
2.548,-0.701
2.445,0.455
2.289,0.974
2.212,1.022
2.186,-0.441
2.053,0.044
2.083,-1.572
1.905,1.098
1.77,1.916
1.779,1.74
1.904,1.835
1.719,1.994
1.826,0.62
1.603,0.925
1.603,0.71
1.528,1.498
1.548,2.141
1.364,0.318
1.304,-0.581
1.102,-0.438
1.052,-0.304
0.985,0.471
0.896,-1.693
0.864,-1.469
0.951,1.867
0.921,0.589
0.776,0.469
0.867,1.034
0.888,0.401
0.71,-2.103
0.388,-1.801
-0.508,-2.067
-1.065,-2.031
-0.96,-1.843
-1.93,-1.764
-2.111,-2.12
-2.578,-2.074
-2.723,-2.178
-2.779,-1.937
2.193,-2.015
2.316,-1.968
2.154,-2.102
2.287,-1.91
1.993,-1.996
1.947,-1.88
1.82,-2.095
1.189,-1.863
1.219,-1.762
1.042,-1.937
0.64,-1.756
0.477,2.481
0.351,2.593
0.312,2.563
0.205,2.547
0.022,2.497
-0.863,2.31
-1.395,2.376
-1.628,2.205
-1.97,2.504
-2.317,2.441
3.094,2.446
2.869,2.498
2.52,2.367
1.736,2.55
1.333,2.168
0.893,2.412
0.707,2.313
0.795,2.511
-1.538,0.14
-2.734,1.35
2.981,-0.832
2.54,0.078
2.296,1.834
-0.233,0.678
-0.416,-1.024
-0.96,-1.03
-1.638,-0.495
2.825,1.699
2.482,1.126
2.477,0.762
2.169,0.007
1.814,-1.25
1.877,0.388
1.536,1.128
1.51,-0.309
1.324,1.581
1.305,1.778
1.252,0.682
0.562,0.588
0.377,-0.737
-1.148,0.51
-2.657,0.526
2.365,-0.811
-1.199,2.015
0.48,-1.881
1.237,-2.229
-0.108,-0.446
-0.038,0.194
-0.125,-0.165
-0.16,-0.826
-0.157,-0.799
-0.134,-2.295
-0.196,0.207
-0.228,-0.85
-0.288,-0.77
-0.339,0.793
-0.285,-0.827
-0.377,1.193
-0.343,0.516
-0.48,0.345
-0.484,-1.355
-0.496,0.174
-0.52,0.914
-0.45,-0.815
-0.458,0.563
-0.492,-1.387
-0.498,-1.603
-0.622,-0.676
-0.627,0.287
-0.726,1.228
-0.672,-1.749
-0.763,-0.974
-0.777,0.098
-0.761,0.9
-0.764,-1.448
-0.889,-1.455
-0.877,-2.239
-0.927,-1.231
-0.879,-0.017
-0.899,-0.307
-0.982,-0.131
-0.994,-2.391
-0.973,1.289
-0.981,0.442
-1.038,-0.526
-0.969,-0.965
-1.017,-0.593
-1.01,1.169
-1.032,0.336
-1.086,-1.427
-1.074,0.146
-1.084,-0.204
-1.084,-1.237
-1.129,0.181
-1.147,-0.049
-1.198,-0.724
-1.209,-0.057
-1.161,-1.514
-1.186,1.295
-1.252,-2.029
-1.298,1.565
-1.308,-1.262
-1.264,0.672
-1.264,-2.009
-1.354,0.611
-1.307,-1.527
-1.383,0.289
-1.389,0.834
-1.427,0.309
-1.43,0.741
-1.441,0.136
-1.48,-0.232
-1.587,0.504
-1.585,0.222
-1.651,-0.797
-1.724,-0.427
-1.749,0.426
-1.758,-0.403
-1.738,-1.093
-1.746,-0.571
-1.795,-1.088
-1.76,-1.491
-1.757,1.229
-1.849,-0.611
-1.796,0.823
-1.855,0.907
-1.904,-0.095
-1.839,-0.263
-1.945,0.066
-1.949,0.383
-2.015,-0.325
-2.111,1.315
-2.329,-0.348
-2.341,-1.626
-2.322,-2.068
-2.395,-1.285
-2.362,0.886
-2.39,-0.122
-2.478,1.041
-2.553,-0.659
-2.601,-1.453
-2.547,-1.846
-2.558,1.191
-2.617,0.798
-2.583,0.896
-2.62,-1.368
-2.712,-0.658
-2.926,1.481
-2.915,-2.239
-3.025,-0.986
-2.963,0.045
-3.027,0.468
-3.006,-0.819
-2.993,-0.732
-3.082,1.37
-3.011,-0.537
-3.055,0.334
-3.14,-1.138
-3.107,-0.54
3.005,-0.602
3.048,-0.023
2.934,-0.05
2.912,-0.868
2.907,0.391
2.888,0.473
2.652,-2.025
2.638,-0.694
2.637,0.085
2.639,-2.139
2.555,-2.338
2.539,1.176
2.526,0.9
2.486,-1.786
2.419,-1.874
2.422,0.601
2.431,-1.49
2.307,-0.763
2.28,-0.905
2.32,-2.081
2.236,-1.351
2.224,-0.712
2.222,0.073
2.225,1.074
2.188,-0.859
2.133,-1.356
2.131,1.365
2.18,-0.173
2.103,0.501
2.059,-0.214
2.093,0.013
2.016,-0.267
2.085,-1.578
2.061,-1.079
2.046,-1.194
2.067,-0.996
2.039,0.539
1.814,-2.318
1.722,-1.88
1.666,-0.045
1.637,-1.682
1.664,1.561
1.643,-0.69
1.572,0.668
1.496,-1.521
1.559,0.838
1.542,0.558
1.467,-0.42
1.477,-1.191
1.354,-1.444
1.3,-1.305
1.14,-0.506
1.166,-1.51
1.154,-0.574
1.072,-1.198
1.016,0.954
0.855,1.351
0.79,-0.467
0.766,-2.137
0.72,-0.198
-0.599,-2.454
-0.651,-2.46
-0.714,-2.651
-1.063,-2.534
-1.505,-2.78
-1.503,-2.444
-1.847,-2.744
-2.099,-2.624
-2.522,-2.595
-2.836,-2.704
-3.02,-2.708
-3.082,-2.44
2.606,-2.831
2.392,-2.507
2.012,-2.41
1.908,-2.778
0.758,-2.466
0.619,1.671
0.108,1.734
-0.365,1.678
-0.514,1.912
-0.546,1.599
-0.75,1.797
-1.315,1.877
-1.404,1.943
-1.82,1.604
-2.818,1.708
-3.103,1.994
2.272,1.651
2.182,1.83
2.055,1.619
1.918,2.064
1.738,1.932
1.581,1.908
1.364,1.939
1.411,1.621
0.918,1.781
-0.037,1.089
-0.018,-1.242
-0.953,1.591
-1.245,1.262
-1.73,1.505
-2.277,-1.714
2.395,1.26
1.921,1.052
0.877,0.247
0.85,-1.429
0.029,-2.813
2.62,-2.646
1.327,-2.565
1.22,-2.602
0.748,-2.813
0.734,0.396
0.731,-1.332
0.403,-1.035
0.179,0.214
0.038,-0.85
0.146,1.25
0.062,0.357
-0.09,0.64
0.013,-0.656
0.038,-1.826
-0.12,0.201
-0.152,1.045
-0.04,-0.729
-0.087,0.625
-0.248,-1.165
-0.152,-1.646
-0.386,0.183
-0.374,-0.872
-0.264,1.589
-0.325,-1.035
-0.331,0.137
-0.344,1.119
-0.473,-0.039
-0.525,0.442
-0.563,0.45
-0.633,1.58
-0.642,0.152
-0.566,-1.27
-0.654,1.606
-0.828,0.372
-0.757,0.355
-0.981,-2.067
-0.904,-0.853
-1.035,-0.381
-1.121,-1.134
-1.044,-0.798
-1.102,-0.752
-1.234,-0.475
-1.272,1.241
-1.33,0.088
-1.223,1.49
-1.281,-0.526
-1.435,0.255
-1.437,-1.303
-1.484,0.137
-1.35,1.105
-1.342,0.552
-1.517,-2.201
-1.512,-0.966
-1.563,-1.069
-1.559,-1.168
-1.72,-2.081
-1.622,-0.022
-1.656,0.885
-1.855,1.278
-1.842,-0.588
-1.826,-2.336
-1.854,-1.121
-2.1,1.301
-1.945,0.194
-2.122,-1.283
-2.223,-2.422
-2.127,0.199
-2.311,-1.186
-2.213,1.289
-2.273,-1.434
-2.435,0.373
-2.611,-1.005
-2.721,-0.638
-2.668,-2.001
-2.997,-2.388
-3.038,-1.407
-3.061,-0.898
3.118,1.488
3.1,0.425
2.99,0.248
2.942,-0.891
2.853,0.158
2.587,-2.168
2.708,-2.157
2.626,-1.289
2.521,1.378
2.572,-1.238
2.583,0.957
2.55,-1.332
2.447,-0.176
2.291,0.343
2.214,0.391
2.188,-1.072
2.055,-0.587
2.085,-2.203
1.907,0.467
1.772,1.285
1.781,1.109
1.906,1.204
1.721,1.363
1.828,-0.011
1.605,0.294
1.605,0.079
1.53,0.867
1.55,1.51
1.366,-0.313
1.306,-1.212
1.104,-1.069
1.054,-0.935
0.987,-0.16
0.898,-2.324
0.866,-2.1
0.953,1.236
0.923,-0.042
0.778,-0.162
0.869,0.403
0.89,-0.23
0.712,-2.734
0.39,-2.432
-0.506,-2.698
-1.063,-2.662
-0.958,-2.474
-1.928,-2.395
-2.109,-2.751
-2.576,-2.705
-2.721,-2.809
-2.777,-2.568
2.195,-2.646
2.318,-2.599
2.156,-2.733
2.289,-2.541
1.995,-2.627
1.949,-2.511
1.822,-2.726
1.191,-2.494
1.221,-2.393
1.044,-2.568
0.642,-2.387
0.479,1.85
0.353,1.962
0.314,1.932
0.207,1.916
0.024,1.866
-0.861,1.679
-1.393,1.745
-1.626,1.574
-1.968,1.873
-2.315,1.81
3.096,1.815
2.871,1.867
2.522,1.736
1.738,1.919
1.335,1.537
0.895,1.781
0.709,1.682
0.797,1.88
-1.536,-0.491
-2.732,0.719
2.983,-1.463
2.542,-0.553
2.298,1.203
-0.231,0.047
-0.414,-1.655
-0.958,-1.661
-1.636,-1.126
2.827,1.068
2.484,0.495
2.479,0.131
2.171,-0.624
1.816,-1.881
1.879,-0.243
1.538,0.497
1.512,-0.94
1.326,0.95
1.307,1.147
1.254,0.051
0.564,-0.043
0.379,-1.368
-1.146,-0.121
-2.655,-0.105
2.367,-1.442
-1.197,1.384
0.482,-2.512
1.239,-2.86
0.07,0.64
-0.017,0.281
-0.052,-0.38
-0.049,-0.353
-0.026,-1.849
-0.088,0.653
-0.12,-0.404
-0.18,-0.324
-0.231,1.239
-0.177,-0.381
-0.269,1.639
-0.235,0.962
-0.372,0.791
-0.376,-0.909
-0.388,0.62
-0.412,1.36
-0.342,-0.369
-0.35,1.009
-0.384,-0.941
-0.39,-1.157
-0.514,-0.23
-0.519,0.733
-0.618,1.674
-0.564,-1.303
-0.655,-0.528
-0.669,0.544
-0.653,1.346
-0.656,-1.002
-0.781,-1.009
-0.769,-1.793
-0.819,-0.785
-0.771,0.429
-0.791,0.139
-0.874,0.315
-0.886,-1.945
-0.865,1.735
-0.873,0.888
-0.93,-0.08
-0.861,-0.519
-0.909,-0.147
-0.902,1.615
-0.924,0.782
-0.978,-0.981
-0.966,0.592
-0.976,0.242
-0.976,-0.791
-1.021,0.627
-1.039,0.397
-1.09,-0.278
-1.101,0.389
-1.053,-1.068
-1.078,1.741
-1.144,-1.583
-1.19,2.011
-1.2,-0.816
-1.156,1.118
-1.156,-1.563
-1.246,1.057
-1.199,-1.081
-1.275,0.735
-1.281,1.28
-1.319,0.755
-1.322,1.187
-1.333,0.582
-1.372,0.214
-1.479,0.95
-1.477,0.668
-1.543,-0.351
-1.616,0.019
-1.641,0.872
-1.65,0.043
-1.63,-0.647
-1.638,-0.125
-1.687,-0.642
-1.652,-1.045
-1.649,1.675
-1.741,-0.165
-1.688,1.269
-1.747,1.353
-1.796,0.351
-1.731,0.183
-1.837,0.512
-1.841,0.829
-1.907,0.121
-2.003,1.761
-2.221,0.098
-2.233,-1.18
-2.214,-1.622
-2.287,-0.839
-2.254,1.332
-2.282,0.324
-2.37,1.487
-2.445,-0.213
-2.493,-1.007
-2.439,-1.4
-2.45,1.637
-2.509,1.244
-2.475,1.342
-2.512,-0.922
-2.604,-0.212
-2.818,1.927
-2.807,-1.793
-2.917,-0.54
-2.855,0.491
-2.919,0.914
-2.898,-0.373
-2.885,-0.286
-2.974,1.816
-2.903,-0.091
-2.947,0.78
-3.032,-0.692
-2.999,-0.094
3.113,-0.156
-3.127,0.423
3.042,0.396
3.02,-0.422
3.015,0.837
2.996,0.919
2.76,-1.579
2.746,-0.248
2.745,0.531
2.747,-1.693
2.663,-1.892
2.647,1.622
2.634,1.346
2.594,-1.34
2.527,-1.428
2.53,1.047
2.539,-1.044
2.415,-0.317
2.388,-0.459
2.428,-1.635
2.344,-0.905
2.332,-0.266
2.33,0.519
2.333,1.52
2.296,-0.413
2.241,-0.91
2.239,1.811
2.288,0.273
2.211,0.947
2.167,0.232
2.201,0.459
2.124,0.179
2.193,-1.132
2.169,-0.633
2.154,-0.748
2.175,-0.55
2.147,0.985
1.922,-1.872
1.83,-1.434
1.774,0.401
1.745,-1.236
1.772,2.007
1.751,-0.244
1.68,1.114
1.604,-1.075
1.667,1.284
1.65,1.004
1.575,0.026
1.585,-0.745
1.462,-0.998
1.408,-0.859
1.248,-0.06
1.274,-1.064
1.262,-0.128
1.18,-0.752
1.124,1.4
0.963,1.797
0.898,-0.021
0.874,-1.691
0.828,0.248
-0.491,-2.008
-0.543,-2.014
-0.606,-2.205
-0.955,-2.088
-1.397,-2.334
-1.395,-1.998
-1.739,-2.298
-1.991,-2.178
-2.414,-2.149
-2.728,-2.258
-2.912,-2.262
-2.974,-1.994
2.714,-2.385
2.5,-2.061
2.12,-1.964
2.016,-2.332
0.866,-2.02
0.727,2.117
0.216,2.18
-0.257,2.124
-0.406,2.358
-0.438,2.045
-0.642,2.243
-1.207,2.323
-1.296,2.389
-1.712,2.05
-2.71,2.154
-2.995,2.44
2.38,2.097
2.29,2.276
2.163,2.065
2.026,2.51
1.846,2.378
1.689,2.354
1.472,2.385
1.519,2.067
1.026,2.227
0.071,1.535
0.09,-0.796
-0.845,2.037
-1.137,1.708
-1.622,1.951
-2.169,-1.268
2.503,1.706
2.029,1.498
0.985,0.693
0.958,-0.983
0.137,-2.367
2.728,-2.2
1.435,-2.119
1.328,-2.156
0.856,-2.367
0.842,0.842
0.839,-0.886
0.511,-0.589
0.287,0.66
0.146,-0.404
0.254,1.696
0.17,0.803
0.018,1.086
0.121,-0.21
0.146,-1.38
-0.012,0.647
-0.044,1.491
0.068,-0.283
0.021,1.071
-0.14,-0.719
-0.044,-1.2
-0.278,0.629
-0.266,-0.426
-0.156,2.035
-0.217,-0.589
-0.223,0.583
-0.236,1.565
-0.365,0.407
-0.417,0.888
-0.455,0.896
-0.525,2.026
-0.534,0.598
-0.458,-0.824
-0.546,2.052
-0.72,0.818
-0.649,0.801
-0.873,-1.621
-0.796,-0.407
-0.927,0.065
-1.013,-0.688
-0.936,-0.352
-0.994,-0.306
-1.126,-0.029
-1.164,1.687
-1.222,0.534
-1.115,1.936
-1.173,-0.08
-1.327,0.701
-1.329,-0.857
-1.376,0.583
-1.242,1.551
-1.234,0.998
-1.409,-1.755
-1.404,-0.52
-1.455,-0.623
-1.451,-0.722
-1.612,-1.635
-1.514,0.424
-1.548,1.331
-1.747,1.724
-1.734,-0.142
-1.718,-1.89
-1.746,-0.675
-1.992,1.747
-1.837,0.64
-2.014,-0.837
-2.115,-1.976
-2.019,0.645
-2.203,-0.74
-2.105,1.735
-2.165,-0.988
-2.327,0.819
-2.503,-0.559
-2.613,-0.192
-2.56,-1.555
-2.889,-1.942
-2.93,-0.961
-2.953,-0.452
-3.057,1.934
-3.075,0.871
3.098,0.694
3.05,-0.445
2.961,0.604
2.695,-1.722
2.816,-1.711
2.734,-0.843
2.629,1.824
2.68,-0.792
2.691,1.403
2.658,-0.886
2.555,0.27
2.399,0.789
2.322,0.837
2.296,-0.626
2.163,-0.141
2.193,-1.757
2.015,0.913
1.88,1.731
1.889,1.555
2.014,1.65
1.829,1.809
1.936,0.435
1.713,0.74
1.713,0.525
1.638,1.313
1.658,1.956
1.474,0.133
1.414,-0.766
1.212,-0.623
1.162,-0.489
1.095,0.286
1.006,-1.878
0.974,-1.654
1.061,1.682
1.031,0.404
0.886,0.284
0.977,0.849
0.998,0.216
0.82,-2.288
0.498,-1.986
-0.398,-2.252
-0.955,-2.216
-0.85,-2.028
-1.82,-1.949
-2.001,-2.305
-2.468,-2.259
-2.613,-2.363
-2.669,-2.122
2.303,-2.2
2.426,-2.153
2.264,-2.287
2.397,-2.095
2.103,-2.181
2.057,-2.065
1.93,-2.28
1.299,-2.048
1.329,-1.947
1.152,-2.122
0.75,-1.941
0.587,2.296
0.461,2.408
0.422,2.378
0.315,2.362
0.132,2.312
-0.753,2.125
-1.285,2.191
-1.518,2.02
-1.86,2.319
-2.207,2.256
-3.079,2.261
2.979,2.313
2.63,2.182
1.846,2.365
1.443,1.983
1.003,2.227
0.817,2.128
0.905,2.326
-1.428,-0.045
-2.624,1.165
3.091,-1.017
2.65,-0.107
2.406,1.649
-0.123,0.493
-0.306,-1.209
-0.85,-1.215
-1.528,-0.68
2.935,1.514
2.592,0.941
2.587,0.577
2.279,-0.178
1.924,-1.435
1.987,0.203
1.646,0.943
1.62,-0.494
1.434,1.396
1.415,1.593
1.362,0.497
0.672,0.403
0.487,-0.922
-1.038,0.325
-2.547,0.341
2.475,-0.996
-1.089,1.83
0.59,-2.066
1.347,-2.414
-0.087,-0.359
-0.122,-1.02
-0.119,-0.993
-0.096,-2.489
-0.158,0.013
-0.19,-1.044
-0.25,-0.964
-0.301,0.599
-0.247,-1.021
-0.339,0.999
-0.305,0.322
-0.442,0.151
-0.446,-1.549
-0.458,-0.02
-0.482,0.72
-0.412,-1.009
-0.42,0.369
-0.454,-1.581
-0.46,-1.797
-0.584,-0.87
-0.589,0.093
-0.688,1.034
-0.634,-1.943
-0.725,-1.168
-0.739,-0.096
-0.723,0.706
-0.726,-1.642
-0.851,-1.649
-0.839,-2.433
-0.889,-1.425
-0.841,-0.211
-0.861,-0.501
-0.944,-0.325
-0.956,-2.585
-0.935,1.095
-0.943,0.248
-1.0,-0.72
-0.931,-1.159
-0.979,-0.787
-0.972,0.975
-0.994,0.142
-1.048,-1.621
-1.036,-0.048
-1.046,-0.398
-1.046,-1.431
-1.091,-0.013
-1.109,-0.243
-1.16,-0.918
-1.171,-0.251
-1.123,-1.708
-1.148,1.101
-1.214,-2.223
-1.26,1.371
-1.27,-1.456
-1.226,0.478
-1.226,-2.203
-1.316,0.417
-1.269,-1.721
-1.345,0.095
-1.351,0.64
-1.389,0.115
-1.392,0.547
-1.403,-0.058
-1.442,-0.426
-1.549,0.31
-1.547,0.028
-1.613,-0.991
-1.686,-0.621
-1.711,0.232
-1.72,-0.597
-1.7,-1.287
-1.708,-0.765
-1.757,-1.282
-1.722,-1.685
-1.719,1.035
-1.811,-0.805
-1.758,0.629
-1.817,0.713
-1.866,-0.289
-1.801,-0.457
-1.907,-0.128
-1.911,0.189
-1.977,-0.519
-2.073,1.121
-2.291,-0.542
-2.303,-1.82
-2.284,-2.262
-2.357,-1.479
-2.324,0.692
-2.352,-0.316
-2.44,0.847
-2.515,-0.853
-2.563,-1.647
-2.509,-2.04
-2.52,0.997
-2.579,0.604
-2.545,0.702
-2.582,-1.562
-2.674,-0.852
-2.888,1.287
-2.877,-2.433
-2.987,-1.18
-2.925,-0.149
-2.989,0.274
-2.968,-1.013
-2.955,-0.926
-3.044,1.176
-2.973,-0.731
-3.017,0.14
-3.102,-1.332
-3.069,-0.734
3.043,-0.796
3.086,-0.217
2.972,-0.244
2.95,-1.062
2.945,0.197
2.926,0.279
2.69,-2.219
2.676,-0.888
2.675,-0.109
2.677,-2.333
2.593,-2.532
2.577,0.982
2.564,0.706
2.524,-1.98
2.457,-2.068
2.46,0.407
2.469,-1.684
2.345,-0.957
2.318,-1.099
2.358,-2.275
2.274,-1.545
2.262,-0.906
2.26,-0.121
2.263,0.88
2.226,-1.053
2.171,-1.55
2.169,1.171
2.218,-0.367
2.141,0.307
2.097,-0.408
2.131,-0.181
2.054,-0.461
2.123,-1.772
2.099,-1.273
2.084,-1.388
2.105,-1.19
2.077,0.345
1.852,-2.512
1.76,-2.074
1.704,-0.239
1.675,-1.876
1.702,1.367
1.681,-0.884
1.61,0.474
1.534,-1.715
1.597,0.644
1.58,0.364
1.505,-0.614
1.515,-1.385
1.392,-1.638
1.338,-1.499
1.178,-0.7
1.204,-1.704
1.192,-0.768
1.11,-1.392
1.054,0.76
0.893,1.157
0.828,-0.661
0.804,-2.331
0.758,-0.392
-0.561,-2.648
-0.613,-2.654
-0.676,-2.845
-1.025,-2.728
-1.467,-2.974
-1.465,-2.638
-1.809,-2.938
-2.061,-2.818
-2.484,-2.789
-2.798,-2.898
-2.982,-2.902
-3.044,-2.634
2.644,-3.025
2.43,-2.701
2.05,-2.604
1.946,-2.972
0.796,-2.66
0.657,1.477
0.146,1.54
-0.327,1.484
-0.476,1.718
-0.508,1.405
-0.712,1.603
-1.277,1.683
-1.366,1.749
-1.782,1.41
-2.78,1.514
-3.065,1.8
2.31,1.457
2.22,1.636
2.093,1.425
1.956,1.87
1.776,1.738
1.619,1.714
1.402,1.745
1.449,1.427
0.956,1.587
0.001,0.895
0.02,-1.436
-0.915,1.397
-1.207,1.068
-1.692,1.311
-2.239,-1.908
2.433,1.066
1.959,0.858
0.915,0.053
0.888,-1.623
0.067,-3.007
2.658,-2.84
1.365,-2.759
1.258,-2.796
0.786,-3.007
0.772,0.202
0.769,-1.526
0.441,-1.229
0.217,0.02
0.076,-1.044
0.184,1.056
0.1,0.163
-0.052,0.446
0.051,-0.85
0.076,-2.02
-0.082,0.007
-0.114,0.851
-0.002,-0.923
-0.049,0.431
-0.21,-1.359
-0.114,-1.84
-0.348,-0.011
-0.336,-1.066
-0.226,1.395
-0.287,-1.229
-0.293,-0.057
-0.306,0.925
-0.435,-0.233
-0.487,0.248
-0.525,0.256
-0.595,1.386
-0.604,-0.042
-0.528,-1.464
-0.616,1.412
-0.79,0.178
-0.719,0.161
-0.943,-2.261
-0.866,-1.047
-0.997,-0.575
-1.083,-1.328
-1.006,-0.992
-1.064,-0.946
-1.196,-0.669
-1.234,1.047
-1.292,-0.106
-1.185,1.296
-1.243,-0.72
-1.397,0.061
-1.399,-1.497
-1.446,-0.057
-1.312,0.911
-1.304,0.358
-1.479,-2.395
-1.474,-1.16
-1.525,-1.263
-1.521,-1.362
-1.682,-2.275
-1.584,-0.216
-1.618,0.691
-1.817,1.084
-1.804,-0.782
-1.788,-2.53
-1.816,-1.315
-2.062,1.107
-1.907,0.0
-2.084,-1.477
-2.185,-2.616
-2.089,0.005
-2.273,-1.38
-2.175,1.095
-2.235,-1.628
-2.397,0.179
-2.573,-1.199
-2.683,-0.832
-2.63,-2.195
-2.959,-2.582
-3.0,-1.601
-3.023,-1.092
-3.127,1.294
3.138,0.231
3.028,0.054
2.98,-1.085
2.891,-0.036
2.625,-2.362
2.746,-2.351
2.664,-1.483
2.559,1.184
2.61,-1.432
2.621,0.763
2.588,-1.526
2.485,-0.37
2.329,0.149
2.252,0.197
2.226,-1.266
2.093,-0.781
2.123,-2.397
1.945,0.273
1.81,1.091
1.819,0.915
1.944,1.01
1.759,1.169
1.866,-0.205
1.643,0.1
1.643,-0.115
1.568,0.673
1.588,1.316
1.404,-0.507
1.344,-1.406
1.142,-1.263
1.092,-1.129
1.025,-0.354
0.936,-2.518
0.904,-2.294
0.991,1.042
0.961,-0.236
0.816,-0.356
0.907,0.209
0.928,-0.424
0.75,-2.928
0.428,-2.626
-0.468,-2.892
-1.025,-2.856
-0.92,-2.668
-1.89,-2.589
-2.071,-2.945
-2.538,-2.899
-2.683,-3.003
-2.739,-2.762
2.233,-2.84
2.356,-2.793
2.194,-2.927
2.327,-2.735
2.033,-2.821
1.987,-2.705
1.86,-2.92
1.229,-2.688
1.259,-2.587
1.082,-2.762
0.68,-2.581
0.517,1.656
0.391,1.768
0.352,1.738
0.245,1.722
0.062,1.672
-0.823,1.485
-1.355,1.551
-1.588,1.38
-1.93,1.679
-2.277,1.616
3.134,1.621
2.909,1.673
2.56,1.542
1.776,1.725
1.373,1.343
0.933,1.587
0.747,1.488
0.835,1.686
-1.498,-0.685
-2.694,0.525
3.021,-1.657
2.58,-0.747
2.336,1.009
-0.193,-0.147
-0.376,-1.849
-0.92,-1.855
-1.598,-1.32
2.865,0.874
2.522,0.301
2.517,-0.063
2.209,-0.818
1.854,-2.075
1.917,-0.437
1.576,0.303
1.55,-1.134
1.364,0.756
1.345,0.953
1.292,-0.143
0.602,-0.237
0.417,-1.562
-1.108,-0.315
-2.617,-0.299
2.405,-1.636
-1.159,1.19
0.52,-2.706
1.277,-3.054
-0.035,-0.661
-0.032,-0.634
-0.009,-2.13
-0.071,0.372
-0.103,-0.685
-0.163,-0.605
-0.214,0.958
-0.16,-0.662
-0.252,1.358
-0.218,0.681
-0.355,0.51
-0.359,-1.19
-0.371,0.339
-0.395,1.079
-0.325,-0.65
-0.333,0.728
-0.367,-1.222
-0.373,-1.438
-0.497,-0.511
-0.502,0.452
-0.601,1.393
-0.547,-1.584
-0.638,-0.809
-0.652,0.263
-0.636,1.065
-0.639,-1.283
-0.764,-1.29
-0.752,-2.074
-0.802,-1.066
-0.754,0.148
-0.774,-0.142
-0.857,0.034
-0.869,-2.226
-0.848,1.454
-0.856,0.607
-0.913,-0.361
-0.844,-0.8
-0.892,-0.428
-0.885,1.334
-0.907,0.501
-0.961,-1.262
-0.949,0.311
-0.959,-0.039
-0.959,-1.072
-1.004,0.346
-1.022,0.116
-1.073,-0.559
-1.084,0.108
-1.036,-1.349
-1.061,1.46
-1.127,-1.864
-1.173,1.73
-1.183,-1.097
-1.139,0.837
-1.139,-1.844
-1.229,0.776
-1.182,-1.362
-1.258,0.454
-1.264,0.999
-1.302,0.474
-1.305,0.906
-1.316,0.301
-1.355,-0.067
-1.462,0.669
-1.46,0.387
-1.526,-0.632
-1.599,-0.262
-1.624,0.591
-1.633,-0.238
-1.613,-0.928
-1.621,-0.406
-1.67,-0.923
-1.635,-1.326
-1.632,1.394
-1.724,-0.446
-1.671,0.988
-1.73,1.072
-1.779,0.07
-1.714,-0.098
-1.82,0.231
-1.824,0.548
-1.89,-0.16
-1.986,1.48
-2.204,-0.183
-2.216,-1.461
-2.197,-1.903
-2.27,-1.12
-2.237,1.051
-2.265,0.043
-2.353,1.206
-2.428,-0.494
-2.476,-1.288
-2.422,-1.681
-2.433,1.356
-2.492,0.963
-2.458,1.061
-2.495,-1.203
-2.587,-0.493
-2.801,1.646
-2.79,-2.074
-2.9,-0.821
-2.838,0.21
-2.902,0.633
-2.881,-0.654
-2.868,-0.567
-2.957,1.535
-2.886,-0.372
-2.93,0.499
-3.015,-0.973
-2.982,-0.375
3.13,-0.437
-3.11,0.142
3.059,0.115
3.037,-0.703
3.032,0.556
3.013,0.638
2.777,-1.86
2.763,-0.529
2.762,0.25
2.764,-1.974
2.68,-2.173
2.664,1.341
2.651,1.065
2.611,-1.621
2.544,-1.709
2.547,0.766
2.556,-1.325
2.432,-0.598
2.405,-0.74
2.445,-1.916
2.361,-1.186
2.349,-0.547
2.347,0.238
2.35,1.239
2.313,-0.694
2.258,-1.191
2.256,1.53
2.305,-0.008
2.228,0.666
2.184,-0.049
2.218,0.178
2.141,-0.102
2.21,-1.413
2.186,-0.914
2.171,-1.029
2.192,-0.831
2.164,0.704
1.939,-2.153
1.847,-1.715
1.791,0.12
1.762,-1.517
1.789,1.726
1.768,-0.525
1.697,0.833
1.621,-1.356
1.684,1.003
1.667,0.723
1.592,-0.255
1.602,-1.026
1.479,-1.279
1.425,-1.14
1.265,-0.341
1.291,-1.345
1.279,-0.409
1.197,-1.033
1.141,1.119
0.98,1.516
0.915,-0.302
0.891,-1.972
0.845,-0.033
-0.474,-2.289
-0.526,-2.295
-0.589,-2.486
-0.938,-2.369
-1.38,-2.615
-1.378,-2.279
-1.722,-2.579
-1.974,-2.459
-2.397,-2.43
-2.711,-2.539
-2.895,-2.543
-2.957,-2.275
2.731,-2.666
2.517,-2.342
2.137,-2.245
2.033,-2.613
0.883,-2.301
0.744,1.836
0.233,1.899
-0.24,1.843
-0.389,2.077
-0.421,1.764
-0.625,1.962
-1.19,2.042
-1.279,2.108
-1.695,1.769
-2.693,1.873
-2.978,2.159
2.397,1.816
2.307,1.995
2.18,1.784
2.043,2.229
1.863,2.097
1.706,2.073
1.489,2.104
1.536,1.786
1.043,1.946
0.088,1.254
0.107,-1.077
-0.828,1.756
-1.12,1.427
-1.605,1.67
-2.152,-1.549
2.52,1.425
2.046,1.217
1.002,0.412
0.975,-1.264
0.154,-2.648
2.745,-2.481
1.452,-2.4
1.345,-2.437
0.873,-2.648
0.859,0.561
0.856,-1.167
0.528,-0.87
0.304,0.379
0.163,-0.685
0.271,1.415
0.187,0.522
0.035,0.805
0.138,-0.491
0.163,-1.661
0.005,0.366
-0.027,1.21
0.085,-0.564
0.038,0.79
-0.123,-1.0
-0.027,-1.481
-0.261,0.348
-0.249,-0.707
-0.139,1.754
-0.2,-0.87
-0.206,0.302
-0.219,1.284
-0.348,0.126
-0.4,0.607
-0.438,0.615
-0.508,1.745
-0.517,0.317
-0.441,-1.105
-0.529,1.771
-0.703,0.537
-0.632,0.52
-0.856,-1.902
-0.779,-0.688
-0.91,-0.216
-0.996,-0.969
-0.919,-0.633
-0.977,-0.587
-1.109,-0.31
-1.147,1.406
-1.205,0.253
-1.098,1.655
-1.156,-0.361
-1.31,0.42
-1.312,-1.138
-1.359,0.302
-1.225,1.27
-1.217,0.717
-1.392,-2.036
-1.387,-0.801
-1.438,-0.904
-1.434,-1.003
-1.595,-1.916
-1.497,0.143
-1.531,1.05
-1.73,1.443
-1.717,-0.423
-1.701,-2.171
-1.729,-0.956
-1.975,1.466
-1.82,0.359
-1.997,-1.118
-2.098,-2.257
-2.002,0.364
-2.186,-1.021
-2.088,1.454
-2.148,-1.269
-2.31,0.538
-2.486,-0.84
-2.596,-0.473
-2.543,-1.836
-2.872,-2.223
-2.913,-1.242
-2.936,-0.733
-3.04,1.653
-3.058,0.59
3.115,0.413
3.067,-0.726
2.978,0.323
2.712,-2.003
2.833,-1.992
2.751,-1.124
2.646,1.543
2.697,-1.073
2.708,1.122
2.675,-1.167
2.572,-0.011
2.416,0.508
2.339,0.556
2.313,-0.907
2.18,-0.422
2.21,-2.038
2.032,0.632
1.897,1.45
1.906,1.274
2.031,1.369
1.846,1.528
1.953,0.154
1.73,0.459
1.73,0.244
1.655,1.032
1.675,1.675
1.491,-0.148
1.431,-1.047
1.229,-0.904
1.179,-0.77
1.112,0.005
1.023,-2.159
0.991,-1.935
1.078,1.401
1.048,0.123
0.903,0.003
0.994,0.568
1.015,-0.065
0.837,-2.569
0.515,-2.267
-0.381,-2.533
-0.938,-2.497
-0.833,-2.309
-1.803,-2.23
-1.984,-2.586
-2.451,-2.54
-2.596,-2.644
-2.652,-2.403
2.32,-2.481
2.443,-2.434
2.281,-2.568
2.414,-2.376
2.12,-2.462
2.074,-2.346
1.947,-2.561
1.316,-2.329
1.346,-2.228
1.169,-2.403
0.767,-2.222
0.604,2.015
0.478,2.127
0.439,2.097
0.332,2.081
0.149,2.031
-0.736,1.844
-1.268,1.91
-1.501,1.739
-1.843,2.038
-2.19,1.975
-3.062,1.98
2.996,2.032
2.647,1.901
1.863,2.084
1.46,1.702
1.02,1.946
0.834,1.847
0.922,2.045
-1.411,-0.326
-2.607,0.884
3.108,-1.298
2.667,-0.388
2.423,1.368
-0.106,0.212
-0.289,-1.49
-0.833,-1.496
-1.511,-0.961
2.952,1.233
2.609,0.66
2.604,0.296
2.296,-0.459
1.941,-1.716
2.004,-0.078
1.663,0.662
1.637,-0.775
1.451,1.115
1.432,1.312
1.379,0.216
0.689,0.122
0.504,-1.203
-1.021,0.044
-2.53,0.06
2.492,-1.277
-1.072,1.549
0.607,-2.347
1.364,-2.695
0.003,0.027
0.026,-1.469
-0.036,1.033
-0.068,-0.024
-0.128,0.056
-0.179,1.619
-0.125,-0.001
-0.217,2.019
-0.183,1.342
-0.32,1.171
-0.324,-0.529
-0.336,1.0
-0.36,1.74
-0.29,0.011
-0.298,1.389
-0.332,-0.561
-0.338,-0.777
-0.462,0.15
-0.467,1.113
-0.566,2.054
-0.512,-0.923
-0.603,-0.148
-0.617,0.924
-0.601,1.726
-0.604,-0.622
-0.729,-0.629
-0.717,-1.413
-0.767,-0.405
-0.719,0.809
-0.739,0.519
-0.822,0.695
-0.834,-1.565
-0.813,2.115
-0.821,1.268
-0.878,0.3
-0.809,-0.139
-0.857,0.233
-0.85,1.995
-0.872,1.162
-0.926,-0.601
-0.914,0.972
-0.924,0.622
-0.924,-0.411
-0.969,1.007
-0.987,0.777
-1.038,0.102
-1.049,0.769
-1.001,-0.688
-1.026,2.121
-1.092,-1.203
-1.138,2.391
-1.148,-0.436
-1.104,1.498
-1.104,-1.183
-1.194,1.437
-1.147,-0.701
-1.223,1.115
-1.229,1.66
-1.267,1.135
-1.27,1.567
-1.281,0.962
-1.32,0.594
-1.427,1.33
-1.425,1.048
-1.491,0.029
-1.564,0.399
-1.589,1.252
-1.598,0.423
-1.578,-0.267
-1.586,0.255
-1.635,-0.262
-1.6,-0.665
-1.597,2.055
-1.689,0.215
-1.636,1.649
-1.695,1.733
-1.744,0.731
-1.679,0.563
-1.785,0.892
-1.789,1.209
-1.855,0.501
-1.951,2.141
-2.169,0.478
-2.181,-0.8
-2.162,-1.242
-2.235,-0.459
-2.202,1.712
-2.23,0.704
-2.318,1.867
-2.393,0.167
-2.441,-0.627
-2.387,-1.02
-2.398,2.017
-2.457,1.624
-2.423,1.722
-2.46,-0.542
-2.552,0.168
-2.766,2.307
-2.755,-1.413
-2.865,-0.16
-2.803,0.871
-2.867,1.294
-2.846,0.007
-2.833,0.094
-2.922,2.196
-2.851,0.289
-2.895,1.16
-2.98,-0.312
-2.947,0.286
-3.118,0.224
-3.075,0.803
3.094,0.776
3.072,-0.042
3.067,1.217
3.048,1.299
2.812,-1.199
2.798,0.132
2.797,0.911
2.799,-1.313
2.715,-1.512
2.699,2.002
2.686,1.726
2.646,-0.96
2.579,-1.048
2.582,1.427
2.591,-0.664
2.467,0.063
2.44,-0.079
2.48,-1.255
2.396,-0.525
2.384,0.114
2.382,0.899
2.385,1.9
2.348,-0.033
2.293,-0.53
2.291,2.191
2.34,0.653
2.263,1.327
2.219,0.612
2.253,0.839
2.176,0.559
2.245,-0.752
2.221,-0.253
2.206,-0.368
2.227,-0.17
2.199,1.365
1.974,-1.492
1.882,-1.054
1.826,0.781
1.797,-0.856
1.824,2.387
1.803,0.136
1.732,1.494
1.656,-0.695
1.719,1.664
1.702,1.384
1.627,0.406
1.637,-0.365
1.514,-0.618
1.46,-0.479
1.3,0.32
1.326,-0.684
1.314,0.252
1.232,-0.372
1.176,1.78
1.015,2.177
0.95,0.359
0.926,-1.311
0.88,0.628
-0.439,-1.628
-0.491,-1.634
-0.554,-1.825
-0.903,-1.708
-1.345,-1.954
-1.343,-1.618
-1.687,-1.918
-1.939,-1.798
-2.362,-1.769
-2.676,-1.878
-2.86,-1.882
-2.922,-1.614
2.766,-2.005
2.552,-1.681
2.172,-1.584
2.068,-1.952
0.918,-1.64
0.779,2.497
0.268,2.56
-0.205,2.504
-0.354,2.738
-0.386,2.425
-0.59,2.623
-1.155,2.703
-1.244,2.769
-1.66,2.43
-2.658,2.534
-2.943,2.82
2.432,2.477
2.342,2.656
2.215,2.445
2.078,2.89
1.898,2.758
1.741,2.734
1.524,2.765
1.571,2.447
1.078,2.607
0.123,1.915
0.142,-0.416
-0.793,2.417
-1.085,2.088
-1.57,2.331
-2.117,-0.888
2.555,2.086
2.081,1.878
1.037,1.073
1.01,-0.603
0.189,-1.987
2.78,-1.82
1.487,-1.739
1.38,-1.776
0.908,-1.987
0.894,1.222
0.891,-0.506
0.563,-0.209
0.339,1.04
0.198,-0.024
0.306,2.076
0.222,1.183
0.07,1.466
0.173,0.17
0.198,-1.0
0.04,1.027
0.008,1.871
0.12,0.097
0.073,1.451
-0.088,-0.339
0.008,-0.82
-0.226,1.009
-0.214,-0.046
-0.104,2.415
-0.165,-0.209
-0.171,0.963
-0.184,1.945
-0.313,0.787
-0.365,1.268
-0.403,1.276
-0.473,2.406
-0.482,0.978
-0.406,-0.444
-0.494,2.432
-0.668,1.198
-0.597,1.181
-0.821,-1.241
-0.744,-0.027
-0.875,0.445
-0.961,-0.308
-0.884,0.028
-0.942,0.074
-1.074,0.351
-1.112,2.067
-1.17,0.914
-1.063,2.316
-1.121,0.3
-1.275,1.081
-1.277,-0.477
-1.324,0.963
-1.19,1.931
-1.182,1.378
-1.357,-1.375
-1.352,-0.14
-1.403,-0.243
-1.399,-0.342
-1.56,-1.255
-1.462,0.804
-1.496,1.711
-1.695,2.104
-1.682,0.238
-1.666,-1.51
-1.694,-0.295
-1.94,2.127
-1.785,1.02
-1.962,-0.457
-2.063,-1.596
-1.967,1.025
-2.151,-0.36
-2.053,2.115
-2.113,-0.608
-2.275,1.199
-2.451,-0.179
-2.561,0.188
-2.508,-1.175
-2.837,-1.562
-2.878,-0.581
-2.901,-0.072
-3.005,2.314
-3.023,1.251
-3.133,1.074
3.102,-0.065
3.013,0.984
2.747,-1.342
2.868,-1.331
2.786,-0.463
2.681,2.204
2.732,-0.412
2.743,1.783
2.71,-0.506
2.607,0.65
2.451,1.169
2.374,1.217
2.348,-0.246
2.215,0.239
2.245,-1.377
2.067,1.293
1.932,2.111
1.941,1.935
2.066,2.03
1.881,2.189
1.988,0.815
1.765,1.12
1.765,0.905
1.69,1.693
1.71,2.336
1.526,0.513
1.466,-0.386
1.264,-0.243
1.214,-0.109
1.147,0.666
1.058,-1.498
1.026,-1.274
1.113,2.062
1.083,0.784
0.938,0.664
1.029,1.229
1.05,0.596
0.872,-1.908
0.55,-1.606
-0.346,-1.872
-0.903,-1.836
-0.798,-1.648
-1.768,-1.569
-1.949,-1.925
-2.416,-1.879
-2.561,-1.983
-2.617,-1.742
2.355,-1.82
2.478,-1.773
2.316,-1.907
2.449,-1.715
2.155,-1.801
2.109,-1.685
1.982,-1.9
1.351,-1.668
1.381,-1.567
1.204,-1.742
0.802,-1.561
0.639,2.676
0.513,2.788
0.474,2.758
0.367,2.742
0.184,2.692
-0.701,2.505
-1.233,2.571
-1.466,2.4
-1.808,2.699
-2.155,2.636
-3.027,2.641
3.031,2.693
2.682,2.562
1.898,2.745
1.495,2.363
1.055,2.607
0.869,2.508
0.957,2.706
-1.376,0.335
-2.572,1.545
-3.14,-0.637
2.702,0.273
2.458,2.029
-0.071,0.873
-0.254,-0.829
-0.798,-0.835
-1.476,-0.3
2.987,1.894
2.644,1.321
2.639,0.957
2.331,0.202
1.976,-1.055
2.039,0.583
1.698,1.323
1.672,-0.114
1.486,1.776
1.467,1.973
1.414,0.877
0.724,0.783
0.539,-0.542
-0.986,0.705
-2.495,0.721
2.527,-0.616
-1.037,2.21
0.642,-1.686
1.399,-2.034
0.023,-1.496
-0.039,1.006
-0.071,-0.051
-0.131,0.029
-0.182,1.592
-0.128,-0.028
-0.22,1.992
-0.186,1.315
-0.323,1.144
-0.327,-0.556
-0.339,0.973
-0.363,1.713
-0.293,-0.016
-0.301,1.362
-0.335,-0.588
-0.341,-0.804
-0.465,0.123
-0.47,1.086
-0.569,2.027
-0.515,-0.95
-0.606,-0.175
-0.62,0.897
-0.604,1.699
-0.607,-0.649
-0.732,-0.656
-0.72,-1.44
-0.77,-0.432
-0.722,0.782
-0.742,0.492
-0.825,0.668
-0.837,-1.592
-0.816,2.088
-0.824,1.241
-0.881,0.273
-0.812,-0.166
-0.86,0.206
-0.853,1.968
-0.875,1.135
-0.929,-0.628
-0.917,0.945
-0.927,0.595
-0.927,-0.438
-0.972,0.98
-0.99,0.75
-1.041,0.075
-1.052,0.742
-1.004,-0.715
-1.029,2.094
-1.095,-1.23
-1.141,2.364
-1.151,-0.463
-1.107,1.471
-1.107,-1.21
-1.197,1.41
-1.15,-0.728
-1.226,1.088
-1.232,1.633
-1.27,1.108
-1.273,1.54
-1.284,0.935
-1.323,0.567
-1.43,1.303
-1.428,1.021
-1.494,0.002
-1.567,0.372
-1.592,1.225
-1.601,0.396
-1.581,-0.294
-1.589,0.228
-1.638,-0.289
-1.603,-0.692
-1.6,2.028
-1.692,0.188
-1.639,1.622
-1.698,1.706
-1.747,0.704
-1.682,0.536
-1.788,0.865
-1.792,1.182
-1.858,0.474
-1.954,2.114
-2.172,0.451
-2.184,-0.827
-2.165,-1.269
-2.238,-0.486
-2.205,1.685
-2.233,0.677
-2.321,1.84
-2.396,0.14
-2.444,-0.654
-2.39,-1.047
-2.401,1.99
-2.46,1.597
-2.426,1.695
-2.463,-0.569
-2.555,0.141
-2.769,2.28
-2.758,-1.44
-2.868,-0.187
-2.806,0.844
-2.87,1.267
-2.849,-0.02
-2.836,0.067
-2.925,2.169
-2.854,0.262
-2.898,1.133
-2.983,-0.339
-2.95,0.259
-3.121,0.197
-3.078,0.776
3.091,0.749
3.069,-0.069
3.064,1.19
3.045,1.272
2.809,-1.226
2.795,0.105
2.794,0.884
2.796,-1.34
2.712,-1.539
2.696,1.975
2.683,1.699
2.643,-0.987
2.576,-1.075
2.579,1.4
2.588,-0.691
2.464,0.036
2.437,-0.106
2.477,-1.282
2.393,-0.552
2.381,0.087
2.379,0.872
2.382,1.873
2.345,-0.06
2.29,-0.557
2.288,2.164
2.337,0.626
2.26,1.3
2.216,0.585
2.25,0.812
2.173,0.532
2.242,-0.779
2.218,-0.28
2.203,-0.395
2.224,-0.197
2.196,1.338
1.971,-1.519
1.879,-1.081
1.823,0.754
1.794,-0.883
1.821,2.36
1.8,0.109
1.729,1.467
1.653,-0.722
1.716,1.637
1.699,1.357
1.624,0.379
1.634,-0.392
1.511,-0.645
1.457,-0.506
1.297,0.293
1.323,-0.711
1.311,0.225
1.229,-0.399
1.173,1.753
1.012,2.15
0.947,0.332
0.923,-1.338
0.877,0.601
-0.442,-1.655
-0.494,-1.661
-0.557,-1.852
-0.906,-1.735
-1.348,-1.981
-1.346,-1.645
-1.69,-1.945
-1.942,-1.825
-2.365,-1.796
-2.679,-1.905
-2.863,-1.909
-2.925,-1.641
2.763,-2.032
2.549,-1.708
2.169,-1.611
2.065,-1.979
0.915,-1.667
0.776,2.47
0.265,2.533
-0.208,2.477
-0.357,2.711
-0.389,2.398
-0.593,2.596
-1.158,2.676
-1.247,2.742
-1.663,2.403
-2.661,2.507
-2.946,2.793
2.429,2.45
2.339,2.629
2.212,2.418
2.075,2.863
1.895,2.731
1.738,2.707
1.521,2.738
1.568,2.42
1.075,2.58
0.12,1.888
0.139,-0.443
-0.796,2.39
-1.088,2.061
-1.573,2.304
-2.12,-0.915
2.552,2.059
2.078,1.851
1.034,1.046
1.007,-0.63
0.186,-2.014
2.777,-1.847
1.484,-1.766
1.377,-1.803
0.905,-2.014
0.891,1.195
0.888,-0.533
0.56,-0.236
0.336,1.013
0.195,-0.051
0.303,2.049
0.219,1.156
0.067,1.439
0.17,0.143
0.195,-1.027
0.037,1.0
0.005,1.844
0.117,0.07
0.07,1.424
-0.091,-0.366
0.005,-0.847
-0.229,0.982
-0.217,-0.073
-0.107,2.388
-0.168,-0.236
-0.174,0.936
-0.187,1.918
-0.316,0.76
-0.368,1.241
-0.406,1.249
-0.476,2.379
-0.485,0.951
-0.409,-0.471
-0.497,2.405
-0.671,1.171
-0.6,1.154
-0.824,-1.268
-0.747,-0.054
-0.878,0.418
-0.964,-0.335
-0.887,0.001
-0.945,0.047
-1.077,0.324
-1.115,2.04
-1.173,0.887
-1.066,2.289
-1.124,0.273
-1.278,1.054
-1.28,-0.504
-1.327,0.936
-1.193,1.904
-1.185,1.351
-1.36,-1.402
-1.355,-0.167
-1.406,-0.27
-1.402,-0.369
-1.563,-1.282
-1.465,0.777
-1.499,1.684
-1.698,2.077
-1.685,0.211
-1.669,-1.537
-1.697,-0.322
-1.943,2.1
-1.788,0.993
-1.965,-0.484
-2.066,-1.623
-1.97,0.998
-2.154,-0.387
-2.056,2.088
-2.116,-0.635
-2.278,1.172
-2.454,-0.206
-2.564,0.161
-2.511,-1.202
-2.84,-1.589
-2.881,-0.608
-2.904,-0.099
-3.008,2.287
-3.026,1.224
-3.136,1.047
3.099,-0.092
3.01,0.957
2.744,-1.369
2.865,-1.358
2.783,-0.49
2.678,2.177
2.729,-0.439
2.74,1.756
2.707,-0.533
2.604,0.623
2.448,1.142
2.371,1.19
2.345,-0.273
2.212,0.212
2.242,-1.404
2.064,1.266
1.929,2.084
1.938,1.908
2.063,2.003
1.878,2.162
1.985,0.788
1.762,1.093
1.762,0.878
1.687,1.666
1.707,2.309
1.523,0.486
1.463,-0.413
1.261,-0.27
1.211,-0.136
1.144,0.639
1.055,-1.525
1.023,-1.301
1.11,2.035
1.08,0.757
0.935,0.637
1.026,1.202
1.047,0.569
0.869,-1.935
0.547,-1.633
-0.349,-1.899
-0.906,-1.863
-0.801,-1.675
-1.771,-1.596
-1.952,-1.952
-2.419,-1.906
-2.564,-2.01
-2.62,-1.769
2.352,-1.847
2.475,-1.8
2.313,-1.934
2.446,-1.742
2.152,-1.828
2.106,-1.712
1.979,-1.927
1.348,-1.695
1.378,-1.594
1.201,-1.769
0.799,-1.588
0.636,2.649
0.51,2.761
0.471,2.731
0.364,2.715
0.181,2.665
-0.704,2.478
-1.236,2.544
-1.469,2.373
-1.811,2.672
-2.158,2.609
-3.03,2.614
3.028,2.666
2.679,2.535
1.895,2.718
1.492,2.336
1.052,2.58
0.866,2.481
0.954,2.679
-1.379,0.308
-2.575,1.518
3.14,-0.664
2.699,0.246
2.455,2.002
-0.074,0.846
-0.257,-0.856
-0.801,-0.862
-1.479,-0.327
2.984,1.867
2.641,1.294
2.636,0.93
2.328,0.175
1.973,-1.082
2.036,0.556
1.695,1.296
1.669,-0.141
1.483,1.749
1.464,1.946
1.411,0.85
0.721,0.756
0.536,-0.569
-0.989,0.678
-2.498,0.694
2.524,-0.643
-1.04,2.183
0.639,-1.713
1.396,-2.061
-0.062,2.502
-0.094,1.445
-0.154,1.525
-0.205,3.088
-0.151,1.468
-0.243,3.488
-0.209,2.811
-0.346,2.64
-0.35,0.94
-0.362,2.469
-0.386,3.209
-0.316,1.48
-0.324,2.858
-0.358,0.908
-0.364,0.692
-0.488,1.619
-0.493,2.582
-0.592,3.523
-0.538,0.546
-0.629,1.321
-0.643,2.393
-0.627,3.195
-0.63,0.847
-0.755,0.84
-0.743,0.056
-0.793,1.064
-0.745,2.278
-0.765,1.988
-0.848,2.164
-0.86,-0.096
-0.839,3.584
-0.847,2.737
-0.904,1.769
-0.835,1.33
-0.883,1.702
-0.876,3.464
-0.898,2.631
-0.952,0.868
-0.94,2.441
-0.95,2.091
-0.95,1.058
-0.995,2.476
-1.013,2.246
-1.064,1.571
-1.075,2.238
-1.027,0.781
-1.052,3.59
-1.118,0.266
-1.164,3.86
-1.174,1.033
-1.13,2.967
-1.13,0.286
-1.22,2.906
-1.173,0.768
-1.249,2.584
-1.255,3.129
-1.293,2.604
-1.296,3.036
-1.307,2.431
-1.346,2.063
-1.453,2.799
-1.451,2.517
-1.517,1.498
-1.59,1.868
-1.615,2.721
-1.624,1.892
-1.604,1.202
-1.612,1.724
-1.661,1.207
-1.626,0.804
-1.623,3.524
-1.715,1.684
-1.662,3.118
-1.721,3.202
-1.77,2.2
-1.705,2.032
-1.811,2.361
-1.815,2.678
-1.881,1.97
-1.977,3.61
-2.195,1.947
-2.207,0.669
-2.188,0.227
-2.261,1.01
-2.228,3.181
-2.256,2.173
-2.344,3.336
-2.419,1.636
-2.467,0.842
-2.413,0.449
-2.424,3.486
-2.483,3.093
-2.449,3.191
-2.486,0.927
-2.578,1.637
-2.792,3.776
-2.781,0.056
-2.891,1.309
-2.829,2.34
-2.893,2.763
-2.872,1.476
-2.859,1.563
-2.948,3.665
-2.877,1.758
-2.921,2.629
-3.006,1.157
-2.973,1.755
3.139,1.693
-3.101,2.272
3.068,2.245
3.046,1.427
3.041,2.686
3.022,2.768
2.786,0.27
2.772,1.601
2.771,2.38
2.773,0.156
2.689,-0.043
2.673,3.471
2.66,3.195
2.62,0.509
2.553,0.421
2.556,2.896
2.565,0.805
2.441,1.532
2.414,1.39
2.454,0.214
2.37,0.944
2.358,1.583
2.356,2.368
2.359,3.369
2.322,1.436
2.267,0.939
2.265,3.66
2.314,2.122
2.237,2.796
2.193,2.081
2.227,2.308
2.15,2.028
2.219,0.717
2.195,1.216
2.18,1.101
2.201,1.299
2.173,2.834
1.948,-0.023
1.856,0.415
1.8,2.25
1.771,0.613
1.798,3.856
1.777,1.605
1.706,2.963
1.63,0.774
1.693,3.133
1.676,2.853
1.601,1.875
1.611,1.104
1.488,0.851
1.434,0.99
1.274,1.789
1.3,0.785
1.288,1.721
1.206,1.097
1.15,3.249
0.989,3.646
0.924,1.828
0.9,0.158
0.854,2.097
-0.465,-0.159
-0.517,-0.165
-0.58,-0.356
-0.929,-0.239
-1.371,-0.485
-1.369,-0.149
-1.713,-0.449
-1.965,-0.329
-2.388,-0.3
-2.702,-0.409
-2.886,-0.413
-2.948,-0.145
2.74,-0.536
2.526,-0.212
2.146,-0.115
2.042,-0.483
0.892,-0.171
0.753,3.966
0.242,4.029
-0.231,3.973
-0.38,4.207
-0.412,3.894
-0.616,4.092
-1.181,4.172
-1.27,4.238
-1.686,3.899
-2.684,4.003
-2.969,4.289
2.406,3.946
2.316,4.125
2.189,3.914
2.052,4.359
1.872,4.227
1.715,4.203
1.498,4.234
1.545,3.916
1.052,4.076
0.097,3.384
0.116,1.053
-0.819,3.886
-1.111,3.557
-1.596,3.8
-2.143,0.581
2.529,3.555
2.055,3.347
1.011,2.542
0.984,0.866
0.163,-0.518
2.754,-0.351
1.461,-0.27
1.354,-0.307
0.882,-0.518
0.868,2.691
0.865,0.963
0.537,1.26
0.313,2.509
0.172,1.445
0.28,3.545
0.196,2.652
0.044,2.935
0.147,1.639
0.172,0.469
0.014,2.496
-0.018,3.34
0.094,1.566
0.047,2.92
-0.114,1.13
-0.018,0.649
-0.252,2.478
-0.24,1.423
-0.13,3.884
-0.191,1.26
-0.197,2.432
-0.21,3.414
-0.339,2.256
-0.391,2.737
-0.429,2.745
-0.499,3.875
-0.508,2.447
-0.432,1.025
-0.52,3.901
-0.694,2.667
-0.623,2.65
-0.847,0.228
-0.77,1.442
-0.901,1.914
-0.987,1.161
-0.91,1.497
-0.968,1.543
-1.1,1.82
-1.138,3.536
-1.196,2.383
-1.089,3.785
-1.147,1.769
-1.301,2.55
-1.303,0.992
-1.35,2.432
-1.216,3.4
-1.208,2.847
-1.383,0.094
-1.378,1.329
-1.429,1.226
-1.425,1.127
-1.586,0.214
-1.488,2.273
-1.522,3.18
-1.721,3.573
-1.708,1.707
-1.692,-0.041
-1.72,1.174
-1.966,3.596
-1.811,2.489
-1.988,1.012
-2.089,-0.127
-1.993,2.494
-2.177,1.109
-2.079,3.584
-2.139,0.861
-2.301,2.668
-2.477,1.29
-2.587,1.657
-2.534,0.294
-2.863,-0.093
-2.904,0.888
-2.927,1.397
-3.031,3.783
-3.049,2.72
3.124,2.543
3.076,1.404
2.987,2.453
2.721,0.127
2.842,0.138
2.76,1.006
2.655,3.673
2.706,1.057
2.717,3.252
2.684,0.963
2.581,2.119
2.425,2.638
2.348,2.686
2.322,1.223
2.189,1.708
2.219,0.092
2.041,2.762
1.906,3.58
1.915,3.404
2.04,3.499
1.855,3.658
1.962,2.284
1.739,2.589
1.739,2.374
1.664,3.162
1.684,3.805
1.5,1.982
1.44,1.083
1.238,1.226
1.188,1.36
1.121,2.135
1.032,-0.029
1.0,0.195
1.087,3.531
1.057,2.253
0.912,2.133
1.003,2.698
1.024,2.065
0.846,-0.439
0.524,-0.137
-0.372,-0.403
-0.929,-0.367
-0.824,-0.179
-1.794,-0.1
-1.975,-0.456
-2.442,-0.41
-2.587,-0.514
-2.643,-0.273
2.329,-0.351
2.452,-0.304
2.29,-0.438
2.423,-0.246
2.129,-0.332
2.083,-0.216
1.956,-0.431
1.325,-0.199
1.355,-0.098
1.178,-0.273
0.776,-0.092
0.613,4.145
0.487,4.257
0.448,4.227
0.341,4.211
0.158,4.161
-0.727,3.974
-1.259,4.04
-1.492,3.869
-1.834,4.168
-2.181,4.105
-3.053,4.11
3.005,4.162
2.656,4.031
1.872,4.214
1.469,3.832
1.029,4.076
0.843,3.977
0.931,4.175
-1.402,1.804
-2.598,3.014
3.117,0.832
2.676,1.742
2.432,3.498
-0.097,2.342
-0.28,0.64
-0.824,0.634
-1.502,1.169
2.961,3.363
2.618,2.79
2.613,2.426
2.305,1.671
1.95,0.414
2.013,2.052
1.672,2.792
1.646,1.355
1.46,3.245
1.441,3.442
1.388,2.346
0.698,2.252
0.513,0.927
-1.012,2.174
-2.521,2.19
2.501,0.853
-1.063,3.679
0.616,-0.217
1.373,-0.565
-0.032,-1.057
-0.092,-0.977
-0.143,0.586
-0.089,-1.034
-0.181,0.986
-0.147,0.309
-0.284,0.138
-0.288,-1.562
-0.3,-0.033
-0.324,0.707
-0.254,-1.022
-0.262,0.356
-0.296,-1.594
-0.302,-1.81
-0.426,-0.883
-0.431,0.08
-0.53,1.021
-0.476,-1.956
-0.567,-1.181
-0.581,-0.109
-0.565,0.693
-0.568,-1.655
-0.693,-1.662
-0.681,-2.446
-0.731,-1.438
-0.683,-0.224
-0.703,-0.514
-0.786,-0.338
-0.798,-2.598
-0.777,1.082
-0.785,0.235
-0.842,-0.733
-0.773,-1.172
-0.821,-0.8
-0.814,0.962
-0.836,0.129
-0.89,-1.634
-0.878,-0.061
-0.888,-0.411
-0.888,-1.444
-0.933,-0.026
-0.951,-0.256
-1.002,-0.931
-1.013,-0.264
-0.965,-1.721
-0.99,1.088
-1.056,-2.236
-1.102,1.358
-1.112,-1.469
-1.068,0.465
-1.068,-2.216
-1.158,0.404
-1.111,-1.734
-1.187,0.082
-1.193,0.627
-1.231,0.102
-1.234,0.534
-1.245,-0.071
-1.284,-0.439
-1.391,0.297
-1.389,0.015
-1.455,-1.004
-1.528,-0.634
-1.553,0.219
-1.562,-0.61
-1.542,-1.3
-1.55,-0.778
-1.599,-1.295
-1.564,-1.698
-1.561,1.022
-1.653,-0.818
-1.6,0.616
-1.659,0.7
-1.708,-0.302
-1.643,-0.47
-1.749,-0.141
-1.753,0.176
-1.819,-0.532
-1.915,1.108
-2.133,-0.555
-2.145,-1.833
-2.126,-2.275
-2.199,-1.492
-2.166,0.679
-2.194,-0.329
-2.282,0.834
-2.357,-0.866
-2.405,-1.66
-2.351,-2.053
-2.362,0.984
-2.421,0.591
-2.387,0.689
-2.424,-1.575
-2.516,-0.865
-2.73,1.274
-2.719,-2.446
-2.829,-1.193
-2.767,-0.162
-2.831,0.261
-2.81,-1.026
-2.797,-0.939
-2.886,1.163
-2.815,-0.744
-2.859,0.127
-2.944,-1.345
-2.911,-0.747
-3.082,-0.809
-3.039,-0.23
3.13,-0.257
3.108,-1.075
3.103,0.184
3.084,0.266
2.848,-2.232
2.834,-0.901
2.833,-0.122
2.835,-2.346
2.751,-2.545
2.735,0.969
2.722,0.693
2.682,-1.993
2.615,-2.081
2.618,0.394
2.627,-1.697
2.503,-0.97
2.476,-1.112
2.516,-2.288
2.432,-1.558
2.42,-0.919
2.418,-0.134
2.421,0.867
2.384,-1.066
2.329,-1.563
2.327,1.158
2.376,-0.38
2.299,0.294
2.255,-0.421
2.289,-0.194
2.212,-0.474
2.281,-1.785
2.257,-1.286
2.242,-1.401
2.263,-1.203
2.235,0.332
2.01,-2.525
1.918,-2.087
1.862,-0.252
1.833,-1.889
1.86,1.354
1.839,-0.897
1.768,0.461
1.692,-1.728
1.755,0.631
1.738,0.351
1.663,-0.627
1.673,-1.398
1.55,-1.651
1.496,-1.512
1.336,-0.713
1.362,-1.717
1.35,-0.781
1.268,-1.405
1.212,0.747
1.051,1.144
0.986,-0.674
0.962,-2.344
0.916,-0.405
-0.403,-2.661
-0.455,-2.667
-0.518,-2.858
-0.867,-2.741
-1.309,-2.987
-1.307,-2.651
-1.651,-2.951
-1.903,-2.831
-2.326,-2.802
-2.64,-2.911
-2.824,-2.915
-2.886,-2.647
2.802,-3.038
2.588,-2.714
2.208,-2.617
2.104,-2.985
0.954,-2.673
0.815,1.464
0.304,1.527
-0.169,1.471
-0.318,1.705
-0.35,1.392
-0.554,1.59
-1.119,1.67
-1.208,1.736
-1.624,1.397
-2.622,1.501
-2.907,1.787
2.468,1.444
2.378,1.623
2.251,1.412
2.114,1.857
1.934,1.725
1.777,1.701
1.56,1.732
1.607,1.414
1.114,1.574
0.159,0.882
0.178,-1.449
-0.757,1.384
-1.049,1.055
-1.534,1.298
-2.081,-1.921
2.591,1.053
2.117,0.845
1.073,0.04
1.046,-1.636
0.225,-3.02
2.816,-2.853
1.523,-2.772
1.416,-2.809
0.944,-3.02
0.93,0.189
0.927,-1.539
0.599,-1.242
0.375,0.007
0.234,-1.057
0.342,1.043
0.258,0.15
0.106,0.433
0.209,-0.863
0.234,-2.033
0.076,-0.006
0.044,0.838
0.156,-0.936
0.109,0.418
-0.052,-1.372
0.044,-1.853
-0.19,-0.024
-0.178,-1.079
-0.068,1.382
-0.129,-1.242
-0.135,-0.07
-0.148,0.912
-0.277,-0.246
-0.329,0.235
-0.367,0.243
-0.437,1.373
-0.446,-0.055
-0.37,-1.477
-0.458,1.399
-0.632,0.165
-0.561,0.148
-0.785,-2.274
-0.708,-1.06
-0.839,-0.588
-0.925,-1.341
-0.848,-1.005
-0.906,-0.959
-1.038,-0.682
-1.076,1.034
-1.134,-0.119
-1.027,1.283
-1.085,-0.733
-1.239,0.048
-1.241,-1.51
-1.288,-0.07
-1.154,0.898
-1.146,0.345
-1.321,-2.408
-1.316,-1.173
-1.367,-1.276
-1.363,-1.375
-1.524,-2.288
-1.426,-0.229
-1.46,0.678
-1.659,1.071
-1.646,-0.795
-1.63,-2.543
-1.658,-1.328
-1.904,1.094
-1.749,-0.013
-1.926,-1.49
-2.027,-2.629
-1.931,-0.008
-2.115,-1.393
-2.017,1.082
-2.077,-1.641
-2.239,0.166
-2.415,-1.212
-2.525,-0.845
-2.472,-2.208
-2.801,-2.595
-2.842,-1.614
-2.865,-1.105
-2.969,1.281
-2.987,0.218
-3.097,0.041
3.138,-1.098
3.049,-0.049
2.783,-2.375
2.904,-2.364
2.822,-1.496
2.717,1.171
2.768,-1.445
2.779,0.75
2.746,-1.539
2.643,-0.383
2.487,0.136
2.41,0.184
2.384,-1.279
2.251,-0.794
2.281,-2.41
2.103,0.26
1.968,1.078
1.977,0.902
2.102,0.997
1.917,1.156
2.024,-0.218
1.801,0.087
1.801,-0.128
1.726,0.66
1.746,1.303
1.562,-0.52
1.502,-1.419
1.3,-1.276
1.25,-1.142
1.183,-0.367
1.094,-2.531
1.062,-2.307
1.149,1.029
1.119,-0.249
0.974,-0.369
1.065,0.196
1.086,-0.437
0.908,-2.941
0.586,-2.639
-0.31,-2.905
-0.867,-2.869
-0.762,-2.681
-1.732,-2.602
-1.913,-2.958
-2.38,-2.912
-2.525,-3.016
-2.581,-2.775
2.391,-2.853
2.514,-2.806
2.352,-2.94
2.485,-2.748
2.191,-2.834
2.145,-2.718
2.018,-2.933
1.387,-2.701
1.417,-2.6
1.24,-2.775
0.838,-2.594
0.675,1.643
0.549,1.755
0.51,1.725
0.403,1.709
0.22,1.659
-0.665,1.472
-1.197,1.538
-1.43,1.367
-1.772,1.666
-2.119,1.603
-2.991,1.608
3.067,1.66
2.718,1.529
1.934,1.712
1.531,1.33
1.091,1.574
0.905,1.475
0.993,1.673
-1.34,-0.698
-2.536,0.512
-3.104,-1.67
2.738,-0.76
2.494,0.996
-0.035,-0.16
-0.218,-1.862
-0.762,-1.868
-1.44,-1.333
3.023,0.861
2.68,0.288
2.675,-0.076
2.367,-0.831
2.012,-2.088
2.075,-0.45
1.734,0.29
1.708,-1.147
1.522,0.743
1.503,0.94
1.45,-0.156
0.76,-0.25
0.575,-1.575
-0.95,-0.328
-2.459,-0.312
2.563,-1.649
-1.001,1.177
0.678,-2.719
1.435,-3.067
-0.06,0.08
-0.111,1.643
-0.057,0.023
-0.149,2.043
-0.115,1.366
-0.252,1.195
-0.256,-0.505
-0.268,1.024
-0.292,1.764
-0.222,0.035
-0.23,1.413
-0.264,-0.537
-0.27,-0.753
-0.394,0.174
-0.399,1.137
-0.498,2.078
-0.444,-0.899
-0.535,-0.124
-0.549,0.948
-0.533,1.75
-0.536,-0.598
-0.661,-0.605
-0.649,-1.389
-0.699,-0.381
-0.651,0.833
-0.671,0.543
-0.754,0.719
-0.766,-1.541
-0.745,2.139
-0.753,1.292
-0.81,0.324
-0.741,-0.115
-0.789,0.257
-0.782,2.019
-0.804,1.186
-0.858,-0.577
-0.846,0.996
-0.856,0.646
-0.856,-0.387
-0.901,1.031
-0.919,0.801
-0.97,0.126
-0.981,0.793
-0.933,-0.664
-0.958,2.145
-1.024,-1.179
-1.07,2.415
-1.08,-0.412
-1.036,1.522
-1.036,-1.159
-1.126,1.461
-1.079,-0.677
-1.155,1.139
-1.161,1.684
-1.199,1.159
-1.202,1.591
-1.213,0.986
-1.252,0.618
-1.359,1.354
-1.357,1.072
-1.423,0.053
-1.496,0.423
-1.521,1.276
-1.53,0.447
-1.51,-0.243
-1.518,0.279
-1.567,-0.238
-1.532,-0.641
-1.529,2.079
-1.621,0.239
-1.568,1.673
-1.627,1.757
-1.676,0.755
-1.611,0.587
-1.717,0.916
-1.721,1.233
-1.787,0.525
-1.883,2.165
-2.101,0.502
-2.113,-0.776
-2.094,-1.218
-2.167,-0.435
-2.134,1.736
-2.162,0.728
-2.25,1.891
-2.325,0.191
-2.373,-0.603
-2.319,-0.996
-2.33,2.041
-2.389,1.648
-2.355,1.746
-2.392,-0.518
-2.484,0.192
-2.698,2.331
-2.687,-1.389
-2.797,-0.136
-2.735,0.895
-2.799,1.318
-2.778,0.031
-2.765,0.118
-2.854,2.22
-2.783,0.313
-2.827,1.184
-2.912,-0.288
-2.879,0.31
-3.05,0.248
-3.007,0.827
-3.121,0.8
3.14,-0.018
3.135,1.241
3.116,1.323
2.88,-1.175
2.866,0.156
2.865,0.935
2.867,-1.289
2.783,-1.488
2.767,2.026
2.754,1.75
2.714,-0.936
2.647,-1.024
2.65,1.451
2.659,-0.64
2.535,0.087
2.508,-0.055
2.548,-1.231
2.464,-0.501
2.452,0.138
2.45,0.923
2.453,1.924
2.416,-0.009
2.361,-0.506
2.359,2.215
2.408,0.677
2.331,1.351
2.287,0.636
2.321,0.863
2.244,0.583
2.313,-0.728
2.289,-0.229
2.274,-0.344
2.295,-0.146
2.267,1.389
2.042,-1.468
1.95,-1.03
1.894,0.805
1.865,-0.832
1.892,2.411
1.871,0.16
1.8,1.518
1.724,-0.671
1.787,1.688
1.77,1.408
1.695,0.43
1.705,-0.341
1.582,-0.594
1.528,-0.455
1.368,0.344
1.394,-0.66
1.382,0.276
1.3,-0.348
1.244,1.804
1.083,2.201
1.018,0.383
0.994,-1.287
0.948,0.652
-0.371,-1.604
-0.423,-1.61
-0.486,-1.801
-0.835,-1.684
-1.277,-1.93
-1.275,-1.594
-1.619,-1.894
-1.871,-1.774
-2.294,-1.745
-2.608,-1.854
-2.792,-1.858
-2.854,-1.59
2.834,-1.981
2.62,-1.657
2.24,-1.56
2.136,-1.928
0.986,-1.616
0.847,2.521
0.336,2.584
-0.137,2.528
-0.286,2.762
-0.318,2.449
-0.522,2.647
-1.087,2.727
-1.176,2.793
-1.592,2.454
-2.59,2.558
-2.875,2.844
2.5,2.501
2.41,2.68
2.283,2.469
2.146,2.914
1.966,2.782
1.809,2.758
1.592,2.789
1.639,2.471
1.146,2.631
0.191,1.939
0.21,-0.392
-0.725,2.441
-1.017,2.112
-1.502,2.355
-2.049,-0.864
2.623,2.11
2.149,1.902
1.105,1.097
1.078,-0.579
0.257,-1.963
2.848,-1.796
1.555,-1.715
1.448,-1.752
0.976,-1.963
0.962,1.246
0.959,-0.482
0.631,-0.185
0.407,1.064
0.266,0.0
0.374,2.1
0.29,1.207
0.138,1.49
0.241,0.194
0.266,-0.976
0.108,1.051
0.076,1.895
0.188,0.121
0.141,1.475
-0.02,-0.315
0.076,-0.796
-0.158,1.033
-0.146,-0.022
-0.036,2.439
-0.097,-0.185
-0.103,0.987
-0.116,1.969
-0.245,0.811
-0.297,1.292
-0.335,1.3
-0.405,2.43
-0.414,1.002
-0.338,-0.42
-0.426,2.456
-0.6,1.222
-0.529,1.205
-0.753,-1.217
-0.676,-0.003
-0.807,0.469
-0.893,-0.284
-0.816,0.052
-0.874,0.098
-1.006,0.375
-1.044,2.091
-1.102,0.938
-0.995,2.34
-1.053,0.324
-1.207,1.105
-1.209,-0.453
-1.256,0.987
-1.122,1.955
-1.114,1.402
-1.289,-1.351
-1.284,-0.116
-1.335,-0.219
-1.331,-0.318
-1.492,-1.231
-1.394,0.828
-1.428,1.735
-1.627,2.128
-1.614,0.262
-1.598,-1.486
-1.626,-0.271
-1.872,2.151
-1.717,1.044
-1.894,-0.433
-1.995,-1.572
-1.899,1.049
-2.083,-0.336
-1.985,2.139
-2.045,-0.584
-2.207,1.223
-2.383,-0.155
-2.493,0.212
-2.44,-1.151
-2.769,-1.538
-2.81,-0.557
-2.833,-0.048
-2.937,2.338
-2.955,1.275
-3.065,1.098
-3.113,-0.041
3.081,1.008
2.815,-1.318
2.936,-1.307
2.854,-0.439
2.749,2.228
2.8,-0.388
2.811,1.807
2.778,-0.482
2.675,0.674
2.519,1.193
2.442,1.241
2.416,-0.222
2.283,0.263
2.313,-1.353
2.135,1.317
2.0,2.135
2.009,1.959
2.134,2.054
1.949,2.213
2.056,0.839
1.833,1.144
1.833,0.929
1.758,1.717
1.778,2.36
1.594,0.537
1.534,-0.362
1.332,-0.219
1.282,-0.085
1.215,0.69
1.126,-1.474
1.094,-1.25
1.181,2.086
1.151,0.808
1.006,0.688
1.097,1.253
1.118,0.62
0.94,-1.884
0.618,-1.582
-0.278,-1.848
-0.835,-1.812
-0.73,-1.624
-1.7,-1.545
-1.881,-1.901
-2.348,-1.855
-2.493,-1.959
-2.549,-1.718
2.423,-1.796
2.546,-1.749
2.384,-1.883
2.517,-1.691
2.223,-1.777
2.177,-1.661
2.05,-1.876
1.419,-1.644
1.449,-1.543
1.272,-1.718
0.87,-1.537
0.707,2.7
0.581,2.812
0.542,2.782
0.435,2.766
0.252,2.716
-0.633,2.529
-1.165,2.595
-1.398,2.424
-1.74,2.723
-2.087,2.66
-2.959,2.665
3.099,2.717
2.75,2.586
1.966,2.769
1.563,2.387
1.123,2.631
0.937,2.532
1.025,2.73
-1.308,0.359
-2.504,1.569
-3.072,-0.613
2.77,0.297
2.526,2.053
-0.003,0.897
-0.186,-0.805
-0.73,-0.811
-1.408,-0.276
3.055,1.918
2.712,1.345
2.707,0.981
2.399,0.226
2.044,-1.031
2.107,0.607
1.766,1.347
1.74,-0.09
1.554,1.8
1.535,1.997
1.482,0.901
0.792,0.807
0.607,-0.518
-0.918,0.729
-2.427,0.745
2.595,-0.592
-0.969,2.234
0.71,-1.662
1.467,-2.01
-0.051,1.563
0.003,-0.057
-0.089,1.963
-0.055,1.286
-0.192,1.115
-0.196,-0.585
-0.208,0.944
-0.232,1.684
-0.162,-0.045
-0.17,1.333
-0.204,-0.617
-0.21,-0.833
-0.334,0.094
-0.339,1.057
-0.438,1.998
-0.384,-0.979
-0.475,-0.204
-0.489,0.868
-0.473,1.67
-0.476,-0.678
-0.601,-0.685
-0.589,-1.469
-0.639,-0.461
-0.591,0.753
-0.611,0.463
-0.694,0.639
-0.706,-1.621
-0.685,2.059
-0.693,1.212
-0.75,0.244
-0.681,-0.195
-0.729,0.177
-0.722,1.939
-0.744,1.106
-0.798,-0.657
-0.786,0.916
-0.796,0.566
-0.796,-0.467
-0.841,0.951
-0.859,0.721
-0.91,0.046
-0.921,0.713
-0.873,-0.744
-0.898,2.065
-0.964,-1.259
-1.01,2.335
-1.02,-0.492
-0.976,1.442
-0.976,-1.239
-1.066,1.381
-1.019,-0.757
-1.095,1.059
-1.101,1.604
-1.139,1.079
-1.142,1.511
-1.153,0.906
-1.192,0.538
-1.299,1.274
-1.297,0.992
-1.363,-0.027
-1.436,0.343
-1.461,1.196
-1.47,0.367
-1.45,-0.323
-1.458,0.199
-1.507,-0.318
-1.472,-0.721
-1.469,1.999
-1.561,0.159
-1.508,1.593
-1.567,1.677
-1.616,0.675
-1.551,0.507
-1.657,0.836
-1.661,1.153
-1.727,0.445
-1.823,2.085
-2.041,0.422
-2.053,-0.856
-2.034,-1.298
-2.107,-0.515
-2.074,1.656
-2.102,0.648
-2.19,1.811
-2.265,0.111
-2.313,-0.683
-2.259,-1.076
-2.27,1.961
-2.329,1.568
-2.295,1.666
-2.332,-0.598
-2.424,0.112
-2.638,2.251
-2.627,-1.469
-2.737,-0.216
-2.675,0.815
-2.739,1.238
-2.718,-0.049
-2.705,0.038
-2.794,2.14
-2.723,0.233
-2.767,1.104
-2.852,-0.368
-2.819,0.23
-2.99,0.168
-2.947,0.747
-3.061,0.72
-3.083,-0.098
-3.088,1.161
-3.107,1.243
2.94,-1.255
2.926,0.076
2.925,0.855
2.927,-1.369
2.843,-1.568
2.827,1.946
2.814,1.67
2.774,-1.016
2.707,-1.104
2.71,1.371
2.719,-0.72
2.595,0.007
2.568,-0.135
2.608,-1.311
2.524,-0.581
2.512,0.058
2.51,0.843
2.513,1.844
2.476,-0.089
2.421,-0.586
2.419,2.135
2.468,0.597
2.391,1.271
2.347,0.556
2.381,0.783
2.304,0.503
2.373,-0.808
2.349,-0.309
2.334,-0.424
2.355,-0.226
2.327,1.309
2.102,-1.548
2.01,-1.11
1.954,0.725
1.925,-0.912
1.952,2.331
1.931,0.08
1.86,1.438
1.784,-0.751
1.847,1.608
1.83,1.328
1.755,0.35
1.765,-0.421
1.642,-0.674
1.588,-0.535
1.428,0.264
1.454,-0.74
1.442,0.196
1.36,-0.428
1.304,1.724
1.143,2.121
1.078,0.303
1.054,-1.367
1.008,0.572
-0.311,-1.684
-0.363,-1.69
-0.426,-1.881
-0.775,-1.764
-1.217,-2.01
-1.215,-1.674
-1.559,-1.974
-1.811,-1.854
-2.234,-1.825
-2.548,-1.934
-2.732,-1.938
-2.794,-1.67
2.894,-2.061
2.68,-1.737
2.3,-1.64
2.196,-2.008
1.046,-1.696
0.907,2.441
0.396,2.504
-0.077,2.448
-0.226,2.682
-0.258,2.369
-0.462,2.567
-1.027,2.647
-1.116,2.713
-1.532,2.374
-2.53,2.478
-2.815,2.764
2.56,2.421
2.47,2.6
2.343,2.389
2.206,2.834
2.026,2.702
1.869,2.678
1.652,2.709
1.699,2.391
1.206,2.551
0.251,1.859
0.27,-0.472
-0.665,2.361
-0.957,2.032
-1.442,2.275
-1.989,-0.944
2.683,2.03
2.209,1.822
1.165,1.017
1.138,-0.659
0.317,-2.043
2.908,-1.876
1.615,-1.795
1.508,-1.832
1.036,-2.043
1.022,1.166
1.019,-0.562
0.691,-0.265
0.467,0.984
0.326,-0.08
0.434,2.02
0.35,1.127
0.198,1.41
0.301,0.114
0.326,-1.056
0.168,0.971
0.136,1.815
0.248,0.041
0.201,1.395
0.04,-0.395
0.136,-0.876
-0.098,0.953
-0.086,-0.102
0.024,2.359
-0.037,-0.265
-0.043,0.907
-0.056,1.889
-0.185,0.731
-0.237,1.212
-0.275,1.22
-0.345,2.35
-0.354,0.922
-0.278,-0.5
-0.366,2.376
-0.54,1.142
-0.469,1.125
-0.693,-1.297
-0.616,-0.083
-0.747,0.389
-0.833,-0.364
-0.756,-0.028
-0.814,0.018
-0.946,0.295
-0.984,2.011
-1.042,0.858
-0.935,2.26
-0.993,0.244
-1.147,1.025
-1.149,-0.533
-1.196,0.907
-1.062,1.875
-1.054,1.322
-1.229,-1.431
-1.224,-0.196
-1.275,-0.299
-1.271,-0.398
-1.432,-1.311
-1.334,0.748
-1.368,1.655
-1.567,2.048
-1.554,0.182
-1.538,-1.566
-1.566,-0.351
-1.812,2.071
-1.657,0.964
-1.834,-0.513
-1.935,-1.652
-1.839,0.969
-2.023,-0.416
-1.925,2.059
-1.985,-0.664
-2.147,1.143
-2.323,-0.235
-2.433,0.132
-2.38,-1.231
-2.709,-1.618
-2.75,-0.637
-2.773,-0.128
-2.877,2.258
-2.895,1.195
-3.005,1.018
-3.053,-0.121
3.141,0.928
2.875,-1.398
2.996,-1.387
2.914,-0.519
2.809,2.148
2.86,-0.468
2.871,1.727
2.838,-0.562
2.735,0.594
2.579,1.113
2.502,1.161
2.476,-0.302
2.343,0.183
2.373,-1.433
2.195,1.237
2.06,2.055
2.069,1.879
2.194,1.974
2.009,2.133
2.116,0.759
1.893,1.064
1.893,0.849
1.818,1.637
1.838,2.28
1.654,0.457
1.594,-0.442
1.392,-0.299
1.342,-0.165
1.275,0.61
1.186,-1.554
1.154,-1.33
1.241,2.006
1.211,0.728
1.066,0.608
1.157,1.173
1.178,0.54
1.0,-1.964
0.678,-1.662
-0.218,-1.928
-0.775,-1.892
-0.67,-1.704
-1.64,-1.625
-1.821,-1.981
-2.288,-1.935
-2.433,-2.039
-2.489,-1.798
2.483,-1.876
2.606,-1.829
2.444,-1.963
2.577,-1.771
2.283,-1.857
2.237,-1.741
2.11,-1.956
1.479,-1.724
1.509,-1.623
1.332,-1.798
0.93,-1.617
0.767,2.62
0.641,2.732
0.602,2.702
0.495,2.686
0.312,2.636
-0.573,2.449
-1.105,2.515
-1.338,2.344
-1.68,2.643
-2.027,2.58
-2.899,2.585
-3.124,2.637
2.81,2.506
2.026,2.689
1.623,2.307
1.183,2.551
0.997,2.452
1.085,2.65
-1.248,0.279
-2.444,1.489
-3.012,-0.693
2.83,0.217
2.586,1.973
0.057,0.817
-0.126,-0.885
-0.67,-0.891
-1.348,-0.356
3.115,1.838
2.772,1.265
2.767,0.901
2.459,0.146
2.104,-1.111
2.167,0.527
1.826,1.267
1.8,-0.17
1.614,1.72
1.595,1.917
1.542,0.821
0.852,0.727
0.667,-0.598
-0.858,0.649
-2.367,0.665
2.655,-0.672
-0.909,2.154
0.77,-1.742
1.527,-2.09
0.054,-1.62
-0.038,0.4
-0.004,-0.277
-0.141,-0.448
-0.145,-2.148
-0.157,-0.619
-0.181,0.121
-0.111,-1.608
-0.119,-0.23
-0.153,-2.18
-0.159,-2.396
-0.283,-1.469
-0.288,-0.506
-0.387,0.435
-0.333,-2.542
-0.424,-1.767
-0.438,-0.695
-0.422,0.107
-0.425,-2.241
-0.55,-2.248
-0.538,-3.032
-0.588,-2.024
-0.54,-0.81
-0.56,-1.1
-0.643,-0.924
-0.655,-3.184
-0.634,0.496
-0.642,-0.351
-0.699,-1.319
-0.63,-1.758
-0.678,-1.386
-0.671,0.376
-0.693,-0.457
-0.747,-2.22
-0.735,-0.647
-0.745,-0.997
-0.745,-2.03
-0.79,-0.612
-0.808,-0.842
-0.859,-1.517
-0.87,-0.85
-0.822,-2.307
-0.847,0.502
-0.913,-2.822
-0.959,0.772
-0.969,-2.055
-0.925,-0.121
-0.925,-2.802
-1.015,-0.182
-0.968,-2.32
-1.044,-0.504
-1.05,0.041
-1.088,-0.484
-1.091,-0.052
-1.102,-0.657
-1.141,-1.025
-1.248,-0.289
-1.246,-0.571
-1.312,-1.59
-1.385,-1.22
-1.41,-0.367
-1.419,-1.196
-1.399,-1.886
-1.407,-1.364
-1.456,-1.881
-1.421,-2.284
-1.418,0.436
-1.51,-1.404
-1.457,0.03
-1.516,0.114
-1.565,-0.888
-1.5,-1.056
-1.606,-0.727
-1.61,-0.41
-1.676,-1.118
-1.772,0.522
-1.99,-1.141
-2.002,-2.419
-1.983,-2.861
-2.056,-2.078
-2.023,0.093
-2.051,-0.915
-2.139,0.248
-2.214,-1.452
-2.262,-2.246
-2.208,-2.639
-2.219,0.398
-2.278,0.005
-2.244,0.103
-2.281,-2.161
-2.373,-1.451
-2.587,0.688
-2.576,-3.032
-2.686,-1.779
-2.624,-0.748
-2.688,-0.325
-2.667,-1.612
-2.654,-1.525
-2.743,0.577
-2.672,-1.33
-2.716,-0.459
-2.801,-1.931
-2.768,-1.333
-2.939,-1.395
-2.896,-0.816
-3.01,-0.843
-3.032,-1.661
-3.037,-0.402
-3.056,-0.32
2.991,-2.818
2.977,-1.487
2.976,-0.708
2.978,-2.932
2.894,-3.131
2.878,0.383
2.865,0.107
2.825,-2.579
2.758,-2.667
2.761,-0.192
2.77,-2.283
2.646,-1.556
2.619,-1.698
2.659,-2.874
2.575,-2.144
2.563,-1.505
2.561,-0.72
2.564,0.281
2.527,-1.652
2.472,-2.149
2.47,0.572
2.519,-0.966
2.442,-0.292
2.398,-1.007
2.432,-0.78
2.355,-1.06
2.424,-2.371
2.4,-1.872
2.385,-1.987
2.406,-1.789
2.378,-0.254
2.153,-3.111
2.061,-2.673
2.005,-0.838
1.976,-2.475
2.003,0.768
1.982,-1.483
1.911,-0.125
1.835,-2.314
1.898,0.045
1.881,-0.235
1.806,-1.213
1.816,-1.984
1.693,-2.237
1.639,-2.098
1.479,-1.299
1.505,-2.303
1.493,-1.367
1.411,-1.991
1.355,0.161
1.194,0.558
1.129,-1.26
1.105,-2.93
1.059,-0.991
-0.26,-3.247
-0.312,-3.253
-0.375,-3.444
-0.724,-3.327
-1.166,-3.573
-1.164,-3.237
-1.508,-3.537
-1.76,-3.417
-2.183,-3.388
-2.497,-3.497
-2.681,-3.501
-2.743,-3.233
2.945,-3.624
2.731,-3.3
2.351,-3.203
2.247,-3.571
1.097,-3.259
0.958,0.878
0.447,0.941
-0.026,0.885
-0.175,1.119
-0.207,0.806
-0.411,1.004
-0.976,1.084
-1.065,1.15
-1.481,0.811
-2.479,0.915
-2.764,1.201
2.611,0.858
2.521,1.037
2.394,0.826
2.257,1.271
2.077,1.139
1.92,1.115
1.703,1.146
1.75,0.828
1.257,0.988
0.302,0.296
0.321,-2.035
-0.614,0.798
-0.906,0.469
-1.391,0.712
-1.938,-2.507
2.734,0.467
2.26,0.259
1.216,-0.546
1.189,-2.222
0.368,-3.606
2.959,-3.439
1.666,-3.358
1.559,-3.395
1.087,-3.606
1.073,-0.397
1.07,-2.125
0.742,-1.828
0.518,-0.579
0.377,-1.643
0.485,0.457
0.401,-0.436
0.249,-0.153
0.352,-1.449
0.377,-2.619
0.219,-0.592
0.187,0.252
0.299,-1.522
0.252,-0.168
0.091,-1.958
0.187,-2.439
-0.047,-0.61
-0.035,-1.665
0.075,0.796
0.014,-1.828
0.008,-0.656
-0.005,0.326
-0.134,-0.832
-0.186,-0.351
-0.224,-0.343
-0.294,0.787
-0.303,-0.641
-0.227,-2.063
-0.315,0.813
-0.489,-0.421
-0.418,-0.438
-0.642,-2.86
-0.565,-1.646
-0.696,-1.174
-0.782,-1.927
-0.705,-1.591
-0.763,-1.545
-0.895,-1.268
-0.933,0.448
-0.991,-0.705
-0.884,0.697
-0.942,-1.319
-1.096,-0.538
-1.098,-2.096
-1.145,-0.656
-1.011,0.312
-1.003,-0.241
-1.178,-2.994
-1.173,-1.759
-1.224,-1.862
-1.22,-1.961
-1.381,-2.874
-1.283,-0.815
-1.317,0.092
-1.516,0.485
-1.503,-1.381
-1.487,-3.129
-1.515,-1.914
-1.761,0.508
-1.606,-0.599
-1.783,-2.076
-1.884,-3.215
-1.788,-0.594
-1.972,-1.979
-1.874,0.496
-1.934,-2.227
-2.096,-0.42
-2.272,-1.798
-2.382,-1.431
-2.329,-2.794
-2.658,-3.181
-2.699,-2.2
-2.722,-1.691
-2.826,0.695
-2.844,-0.368
-2.954,-0.545
-3.002,-1.684
-3.091,-0.635
2.926,-2.961
3.047,-2.95
2.965,-2.082
2.86,0.585
2.911,-2.031
2.922,0.164
2.889,-2.125
2.786,-0.969
2.63,-0.45
2.553,-0.402
2.527,-1.865
2.394,-1.38
2.424,-2.996
2.246,-0.326
2.111,0.492
2.12,0.316
2.245,0.411
2.06,0.57
2.167,-0.804
1.944,-0.499
1.944,-0.714
1.869,0.074
1.889,0.717
1.705,-1.106
1.645,-2.005
1.443,-1.862
1.393,-1.728
1.326,-0.953
1.237,-3.117
1.205,-2.893
1.292,0.443
1.262,-0.835
1.117,-0.955
1.208,-0.39
1.229,-1.023
1.051,-3.527
0.729,-3.225
-0.167,-3.491
-0.724,-3.455
-0.619,-3.267
-1.589,-3.188
-1.77,-3.544
-2.237,-3.498
-2.382,-3.602
-2.438,-3.361
2.534,-3.439
2.657,-3.392
2.495,-3.526
2.628,-3.334
2.334,-3.42
2.288,-3.304
2.161,-3.519
1.53,-3.287
1.56,-3.186
1.383,-3.361
0.981,-3.18
0.818,1.057
0.692,1.169
0.653,1.139
0.546,1.123
0.363,1.073
-0.522,0.886
-1.054,0.952
-1.287,0.781
-1.629,1.08
-1.976,1.017
-2.848,1.022
-3.073,1.074
2.861,0.943
2.077,1.126
1.674,0.744
1.234,0.988
1.048,0.889
1.136,1.087
-1.197,-1.284
-2.393,-0.074
-2.961,-2.256
2.881,-1.346
2.637,0.41
0.108,-0.746
-0.075,-2.448
-0.619,-2.454
-1.297,-1.919
-3.117,0.275
2.823,-0.298
2.818,-0.662
2.51,-1.417
2.155,-2.674
2.218,-1.036
1.877,-0.296
1.851,-1.733
1.665,0.157
1.646,0.354
1.593,-0.742
0.903,-0.836
0.718,-2.161
-0.807,-0.914
-2.316,-0.898
2.706,-2.235
-0.858,0.591
0.821,-3.305
1.578,-3.653
-0.092,2.02
-0.058,1.343
-0.195,1.172
-0.199,-0.528
-0.211,1.001
-0.235,1.741
-0.165,0.012
-0.173,1.39
-0.207,-0.56
-0.213,-0.776
-0.337,0.151
-0.342,1.114
-0.441,2.055
-0.387,-0.922
-0.478,-0.147
-0.492,0.925
-0.476,1.727
-0.479,-0.621
-0.604,-0.628
-0.592,-1.412
-0.642,-0.404
-0.594,0.81
-0.614,0.52
-0.697,0.696
-0.709,-1.564
-0.688,2.116
-0.696,1.269
-0.753,0.301
-0.684,-0.138
-0.732,0.234
-0.725,1.996
-0.747,1.163
-0.801,-0.6
-0.789,0.973
-0.799,0.623
-0.799,-0.41
-0.844,1.008
-0.862,0.778
-0.913,0.103
-0.924,0.77
-0.876,-0.687
-0.901,2.122
-0.967,-1.202
-1.013,2.392
-1.023,-0.435
-0.979,1.499
-0.979,-1.182
-1.069,1.438
-1.022,-0.7
-1.098,1.116
-1.104,1.661
-1.142,1.136
-1.145,1.568
-1.156,0.963
-1.195,0.595
-1.302,1.331
-1.3,1.049
-1.366,0.03
-1.439,0.4
-1.464,1.253
-1.473,0.424
-1.453,-0.266
-1.461,0.256
-1.51,-0.261
-1.475,-0.664
-1.472,2.056
-1.564,0.216
-1.511,1.65
-1.57,1.734
-1.619,0.732
-1.554,0.564
-1.66,0.893
-1.664,1.21
-1.73,0.502
-1.826,2.142
-2.044,0.479
-2.056,-0.799
-2.037,-1.241
-2.11,-0.458
-2.077,1.713
-2.105,0.705
-2.193,1.868
-2.268,0.168
-2.316,-0.626
-2.262,-1.019
-2.273,2.018
-2.332,1.625
-2.298,1.723
-2.335,-0.541
-2.427,0.169
-2.641,2.308
-2.63,-1.412
-2.74,-0.159
-2.678,0.872
-2.742,1.295
-2.721,0.008
-2.708,0.095
-2.797,2.197
-2.726,0.29
-2.77,1.161
-2.855,-0.311
-2.822,0.287
-2.993,0.225
-2.95,0.804
-3.064,0.777
-3.086,-0.041
-3.091,1.218
-3.11,1.3
2.937,-1.198
2.923,0.133
2.922,0.912
2.924,-1.312
2.84,-1.511
2.824,2.003
2.811,1.727
2.771,-0.959
2.704,-1.047
2.707,1.428
2.716,-0.663
2.592,0.064
2.565,-0.078
2.605,-1.254
2.521,-0.524
2.509,0.115
2.507,0.9
2.51,1.901
2.473,-0.032
2.418,-0.529
2.416,2.192
2.465,0.654
2.388,1.328
2.344,0.613
2.378,0.84
2.301,0.56
2.37,-0.751
2.346,-0.252
2.331,-0.367
2.352,-0.169
2.324,1.366
2.099,-1.491
2.007,-1.053
1.951,0.782
1.922,-0.855
1.949,2.388
1.928,0.137
1.857,1.495
1.781,-0.694
1.844,1.665
1.827,1.385
1.752,0.407
1.762,-0.364
1.639,-0.617
1.585,-0.478
1.425,0.321
1.451,-0.683
1.439,0.253
1.357,-0.371
1.301,1.781
1.14,2.178
1.075,0.36
1.051,-1.31
1.005,0.629
-0.314,-1.627
-0.366,-1.633
-0.429,-1.824
-0.778,-1.707
-1.22,-1.953
-1.218,-1.617
-1.562,-1.917
-1.814,-1.797
-2.237,-1.768
-2.551,-1.877
-2.735,-1.881
-2.797,-1.613
2.891,-2.004
2.677,-1.68
2.297,-1.583
2.193,-1.951
1.043,-1.639
0.904,2.498
0.393,2.561
-0.08,2.505
-0.229,2.739
-0.261,2.426
-0.465,2.624
-1.03,2.704
-1.119,2.77
-1.535,2.431
-2.533,2.535
-2.818,2.821
2.557,2.478
2.467,2.657
2.34,2.446
2.203,2.891
2.023,2.759
1.866,2.735
1.649,2.766
1.696,2.448
1.203,2.608
0.248,1.916
0.267,-0.415
-0.668,2.418
-0.96,2.089
-1.445,2.332
-1.992,-0.887
2.68,2.087
2.206,1.879
1.162,1.074
1.135,-0.602
0.314,-1.986
2.905,-1.819
1.612,-1.738
1.505,-1.775
1.033,-1.986
1.019,1.223
1.016,-0.505
0.688,-0.208
0.464,1.041
0.323,-0.023
0.431,2.077
0.347,1.184
0.195,1.467
0.298,0.171
0.323,-0.999
0.165,1.028
0.133,1.872
0.245,0.098
0.198,1.452
0.037,-0.338
0.133,-0.819
-0.101,1.01
-0.089,-0.045
0.021,2.416
-0.04,-0.208
-0.046,0.964
-0.059,1.946
-0.188,0.788
-0.24,1.269
-0.278,1.277
-0.348,2.407
-0.357,0.979
-0.281,-0.443
-0.369,2.433
-0.543,1.199
-0.472,1.182
-0.696,-1.24
-0.619,-0.026
-0.75,0.446
-0.836,-0.307
-0.759,0.029
-0.817,0.075
-0.949,0.352
-0.987,2.068
-1.045,0.915
-0.938,2.317
-0.996,0.301
-1.15,1.082
-1.152,-0.476
-1.199,0.964
-1.065,1.932
-1.057,1.379
-1.232,-1.374
-1.227,-0.139
-1.278,-0.242
-1.274,-0.341
-1.435,-1.254
-1.337,0.805
-1.371,1.712
-1.57,2.105
-1.557,0.239
-1.541,-1.509
-1.569,-0.294
-1.815,2.128
-1.66,1.021
-1.837,-0.456
-1.938,-1.595
-1.842,1.026
-2.026,-0.359
-1.928,2.116
-1.988,-0.607
-2.15,1.2
-2.326,-0.178
-2.436,0.189
-2.383,-1.174
-2.712,-1.561
-2.753,-0.58
-2.776,-0.071
-2.88,2.315
-2.898,1.252
-3.008,1.075
-3.056,-0.064
3.138,0.985
2.872,-1.341
2.993,-1.33
2.911,-0.462
2.806,2.205
2.857,-0.411
2.868,1.784
2.835,-0.505
2.732,0.651
2.576,1.17
2.499,1.218
2.473,-0.245
2.34,0.24
2.37,-1.376
2.192,1.294
2.057,2.112
2.066,1.936
2.191,2.031
2.006,2.19
2.113,0.816
1.89,1.121
1.89,0.906
1.815,1.694
1.835,2.337
1.651,0.514
1.591,-0.385
1.389,-0.242
1.339,-0.108
1.272,0.667
1.183,-1.497
1.151,-1.273
1.238,2.063
1.208,0.785
1.063,0.665
1.154,1.23
1.175,0.597
0.997,-1.907
0.675,-1.605
-0.221,-1.871
-0.778,-1.835
-0.673,-1.647
-1.643,-1.568
-1.824,-1.924
-2.291,-1.878
-2.436,-1.982
-2.492,-1.741
2.48,-1.819
2.603,-1.772
2.441,-1.906
2.574,-1.714
2.28,-1.8
2.234,-1.684
2.107,-1.899
1.476,-1.667
1.506,-1.566
1.329,-1.741
0.927,-1.56
0.764,2.677
0.638,2.789
0.599,2.759
0.492,2.743
0.309,2.693
-0.576,2.506
-1.108,2.572
-1.341,2.401
-1.683,2.7
-2.03,2.637
-2.902,2.642
-3.127,2.694
2.807,2.563
2.023,2.746
1.62,2.364
1.18,2.608
0.994,2.509
1.082,2.707
-1.251,0.336
-2.447,1.546
-3.015,-0.636
2.827,0.274
2.583,2.03
0.054,0.874
-0.129,-0.828
-0.673,-0.834
-1.351,-0.299
3.112,1.895
2.769,1.322
2.764,0.958
2.456,0.203
2.101,-1.054
2.164,0.584
1.823,1.324
1.797,-0.113
1.611,1.777
1.592,1.974
1.539,0.878
0.849,0.784
0.664,-0.541
-0.861,0.706
-2.37,0.722
2.652,-0.615
-0.912,2.211
0.767,-1.685
1.524,-2.033
0.034,-0.677
-0.103,-0.848
-0.107,-2.548
-0.119,-1.019
-0.143,-0.279
-0.073,-2.008
-0.081,-0.63
-0.115,-2.58
-0.121,-2.796
-0.245,-1.869
-0.25,-0.906
-0.349,0.035
-0.295,-2.942
-0.386,-2.167
-0.4,-1.095
-0.384,-0.293
-0.387,-2.641
-0.512,-2.648
-0.5,-3.432
-0.55,-2.424
-0.502,-1.21
-0.522,-1.5
-0.605,-1.324
-0.617,-3.584
-0.596,0.096
-0.604,-0.751
-0.661,-1.719
-0.592,-2.158
-0.64,-1.786
-0.633,-0.024
-0.655,-0.857
-0.709,-2.62
-0.697,-1.047
-0.707,-1.397
-0.707,-2.43
-0.752,-1.012
-0.77,-1.242
-0.821,-1.917
-0.832,-1.25
-0.784,-2.707
-0.809,0.102
-0.875,-3.222
-0.921,0.372
-0.931,-2.455
-0.887,-0.521
-0.887,-3.202
-0.977,-0.582
-0.93,-2.72
-1.006,-0.904
-1.012,-0.359
-1.05,-0.884
-1.053,-0.452
-1.064,-1.057
-1.103,-1.425
-1.21,-0.689
-1.208,-0.971
-1.274,-1.99
-1.347,-1.62
-1.372,-0.767
-1.381,-1.596
-1.361,-2.286
-1.369,-1.764
-1.418,-2.281
-1.383,-2.684
-1.38,0.036
-1.472,-1.804
-1.419,-0.37
-1.478,-0.286
-1.527,-1.288
-1.462,-1.456
-1.568,-1.127
-1.572,-0.81
-1.638,-1.518
-1.734,0.122
-1.952,-1.541
-1.964,-2.819
-1.945,-3.261
-2.018,-2.478
-1.985,-0.307
-2.013,-1.315
-2.101,-0.152
-2.176,-1.852
-2.224,-2.646
-2.17,-3.039
-2.181,-0.002
-2.24,-0.395
-2.206,-0.297
-2.243,-2.561
-2.335,-1.851
-2.549,0.288
-2.538,-3.432
-2.648,-2.179
-2.586,-1.148
-2.65,-0.725
-2.629,-2.012
-2.616,-1.925
-2.705,0.177
-2.634,-1.73
-2.678,-0.859
-2.763,-2.331
-2.73,-1.733
-2.901,-1.795
-2.858,-1.216
-2.972,-1.243
-2.994,-2.061
-2.999,-0.802
-3.018,-0.72
3.029,-3.218
3.015,-1.887
3.014,-1.108
3.016,-3.332
2.932,-3.531
2.916,-0.017
2.903,-0.293
2.863,-2.979
2.796,-3.067
2.799,-0.592
2.808,-2.683
2.684,-1.956
2.657,-2.098
2.697,-3.274
2.613,-2.544
2.601,-1.905
2.599,-1.12
2.602,-0.119
2.565,-2.052
2.51,-2.549
2.508,0.172
2.557,-1.366
2.48,-0.692
2.436,-1.407
2.47,-1.18
2.393,-1.46
2.462,-2.771
2.438,-2.272
2.423,-2.387
2.444,-2.189
2.416,-0.654
2.191,-3.511
2.099,-3.073
2.043,-1.238
2.014,-2.875
2.041,0.368
2.02,-1.883
1.949,-0.525
1.873,-2.714
1.936,-0.355
1.919,-0.635
1.844,-1.613
1.854,-2.384
1.731,-2.637
1.677,-2.498
1.517,-1.699
1.543,-2.703
1.531,-1.767
1.449,-2.391
1.393,-0.239
1.232,0.158
1.167,-1.66
1.143,-3.33
1.097,-1.391
-0.222,-3.647
-0.274,-3.653
-0.337,-3.844
-0.686,-3.727
-1.128,-3.973
-1.126,-3.637
-1.47,-3.937
-1.722,-3.817
-2.145,-3.788
-2.459,-3.897
-2.643,-3.901
-2.705,-3.633
2.983,-4.024
2.769,-3.7
2.389,-3.603
2.285,-3.971
1.135,-3.659
0.996,0.478
0.485,0.541
0.012,0.485
-0.137,0.719
-0.169,0.406
-0.373,0.604
-0.938,0.684
-1.027,0.75
-1.443,0.411
-2.441,0.515
-2.726,0.801
2.649,0.458
2.559,0.637
2.432,0.426
2.295,0.871
2.115,0.739
1.958,0.715
1.741,0.746
1.788,0.428
1.295,0.588
0.34,-0.104
0.359,-2.435
-0.576,0.398
-0.868,0.069
-1.353,0.312
-1.9,-2.907
2.772,0.067
2.298,-0.141
1.254,-0.946
1.227,-2.622
0.406,-4.006
2.997,-3.839
1.704,-3.758
1.597,-3.795
1.125,-4.006
1.111,-0.797
1.108,-2.525
0.78,-2.228
0.556,-0.979
0.415,-2.043
0.523,0.057
0.439,-0.836
0.287,-0.553
0.39,-1.849
0.415,-3.019
0.257,-0.992
0.225,-0.148
0.337,-1.922
0.29,-0.568
0.129,-2.358
0.225,-2.839
-0.009,-1.01
0.003,-2.065
0.113,0.396
0.052,-2.228
0.046,-1.056
0.033,-0.074
-0.096,-1.232
-0.148,-0.751
-0.186,-0.743
-0.256,0.387
-0.265,-1.041
-0.189,-2.463
-0.277,0.413
-0.451,-0.821
-0.38,-0.838
-0.604,-3.26
-0.527,-2.046
-0.658,-1.574
-0.744,-2.327
-0.667,-1.991
-0.725,-1.945
-0.857,-1.668
-0.895,0.048
-0.953,-1.105
-0.846,0.297
-0.904,-1.719
-1.058,-0.938
-1.06,-2.496
-1.107,-1.056
-0.973,-0.088
-0.965,-0.641
-1.14,-3.394
-1.135,-2.159
-1.186,-2.262
-1.182,-2.361
-1.343,-3.274
-1.245,-1.215
-1.279,-0.308
-1.478,0.085
-1.465,-1.781
-1.449,-3.529
-1.477,-2.314
-1.723,0.108
-1.568,-0.999
-1.745,-2.476
-1.846,-3.615
-1.75,-0.994
-1.934,-2.379
-1.836,0.096
-1.896,-2.627
-2.058,-0.82
-2.234,-2.198
-2.344,-1.831
-2.291,-3.194
-2.62,-3.581
-2.661,-2.6
-2.684,-2.091
-2.788,0.295
-2.806,-0.768
-2.916,-0.945
-2.964,-2.084
-3.053,-1.035
2.964,-3.361
3.085,-3.35
3.003,-2.482
2.898,0.185
2.949,-2.431
2.96,-0.236
2.927,-2.525
2.824,-1.369
2.668,-0.85
2.591,-0.802
2.565,-2.265
2.432,-1.78
2.462,-3.396
2.284,-0.726
2.149,0.092
2.158,-0.084
2.283,0.011
2.098,0.17
2.205,-1.204
1.982,-0.899
1.982,-1.114
1.907,-0.326
1.927,0.317
1.743,-1.506
1.683,-2.405
1.481,-2.262
1.431,-2.128
1.364,-1.353
1.275,-3.517
1.243,-3.293
1.33,0.043
1.3,-1.235
1.155,-1.355
1.246,-0.79
1.267,-1.423
1.089,-3.927
0.767,-3.625
-0.129,-3.891
-0.686,-3.855
-0.581,-3.667
-1.551,-3.588
-1.732,-3.944
-2.199,-3.898
-2.344,-4.002
-2.4,-3.761
2.572,-3.839
2.695,-3.792
2.533,-3.926
2.666,-3.734
2.372,-3.82
2.326,-3.704
2.199,-3.919
1.568,-3.687
1.598,-3.586
1.421,-3.761
1.019,-3.58
0.856,0.657
0.73,0.769
0.691,0.739
0.584,0.723
0.401,0.673
-0.484,0.486
-1.016,0.552
-1.249,0.381
-1.591,0.68
-1.938,0.617
-2.81,0.622
-3.035,0.674
2.899,0.543
2.115,0.726
1.712,0.344
1.272,0.588
1.086,0.489
1.174,0.687
-1.159,-1.684
-2.355,-0.474
-2.923,-2.656
2.919,-1.746
2.675,0.01
0.146,-1.146
-0.037,-2.848
-0.581,-2.854
-1.259,-2.319
-3.079,-0.125
2.861,-0.698
2.856,-1.062
2.548,-1.817
2.193,-3.074
2.256,-1.436
1.915,-0.696
1.889,-2.133
1.703,-0.243
1.684,-0.046
1.631,-1.142
0.941,-1.236
0.756,-2.561
-0.769,-1.314
-2.278,-1.298
2.744,-2.635
-0.82,0.191
0.859,-3.705
1.616,-4.053
-0.137,-0.171
-0.141,-1.871
-0.153,-0.342
-0.177,0.398
-0.107,-1.331
-0.115,0.047
-0.149,-1.903
-0.155,-2.119
-0.279,-1.192
-0.284,-0.229
-0.383,0.712
-0.329,-2.265
-0.42,-1.49
-0.434,-0.418
-0.418,0.384
-0.421,-1.964
-0.546,-1.971
-0.534,-2.755
-0.584,-1.747
-0.536,-0.533
-0.556,-0.823
-0.639,-0.647
-0.651,-2.907
-0.63,0.773
-0.638,-0.074
-0.695,-1.042
-0.626,-1.481
-0.674,-1.109
-0.667,0.653
-0.689,-0.18
-0.743,-1.943
-0.731,-0.37
-0.741,-0.72
-0.741,-1.753
-0.786,-0.335
-0.804,-0.565
-0.855,-1.24
-0.866,-0.573
-0.818,-2.03
-0.843,0.779
-0.909,-2.545
-0.955,1.049
-0.965,-1.778
-0.921,0.156
-0.921,-2.525
-1.011,0.095
-0.964,-2.043
-1.04,-0.227
-1.046,0.318
-1.084,-0.207
-1.087,0.225
-1.098,-0.38
-1.137,-0.748
-1.244,-0.012
-1.242,-0.294
-1.308,-1.313
-1.381,-0.943
-1.406,-0.09
-1.415,-0.919
-1.395,-1.609
-1.403,-1.087
-1.452,-1.604
-1.417,-2.007
-1.414,0.713
-1.506,-1.127
-1.453,0.307
-1.512,0.391
-1.561,-0.611
-1.496,-0.779
-1.602,-0.45
-1.606,-0.133
-1.672,-0.841
-1.768,0.799
-1.986,-0.864
-1.998,-2.142
-1.979,-2.584
-2.052,-1.801
-2.019,0.37
-2.047,-0.638
-2.135,0.525
-2.21,-1.175
-2.258,-1.969
-2.204,-2.362
-2.215,0.675
-2.274,0.282
-2.24,0.38
-2.277,-1.884
-2.369,-1.174
-2.583,0.965
-2.572,-2.755
-2.682,-1.502
-2.62,-0.471
-2.684,-0.048
-2.663,-1.335
-2.65,-1.248
-2.739,0.854
-2.668,-1.053
-2.712,-0.182
-2.797,-1.654
-2.764,-1.056
-2.935,-1.118
-2.892,-0.539
-3.006,-0.566
-3.028,-1.384
-3.033,-0.125
-3.052,-0.043
2.995,-2.541
2.981,-1.21
2.98,-0.431
2.982,-2.655
2.898,-2.854
2.882,0.66
2.869,0.384
2.829,-2.302
2.762,-2.39
2.765,0.085
2.774,-2.006
2.65,-1.279
2.623,-1.421
2.663,-2.597
2.579,-1.867
2.567,-1.228
2.565,-0.443
2.568,0.558
2.531,-1.375
2.476,-1.872
2.474,0.849
2.523,-0.689
2.446,-0.015
2.402,-0.73
2.436,-0.503
2.359,-0.783
2.428,-2.094
2.404,-1.595
2.389,-1.71
2.41,-1.512
2.382,0.023
2.157,-2.834
2.065,-2.396
2.009,-0.561
1.98,-2.198
2.007,1.045
1.986,-1.206
1.915,0.152
1.839,-2.037
1.902,0.322
1.885,0.042
1.81,-0.936
1.82,-1.707
1.697,-1.96
1.643,-1.821
1.483,-1.022
1.509,-2.026
1.497,-1.09
1.415,-1.714
1.359,0.438
1.198,0.835
1.133,-0.983
1.109,-2.653
1.063,-0.714
-0.256,-2.97
-0.308,-2.976
-0.371,-3.167
-0.72,-3.05
-1.162,-3.296
-1.16,-2.96
-1.504,-3.26
-1.756,-3.14
-2.179,-3.111
-2.493,-3.22
-2.677,-3.224
-2.739,-2.956
2.949,-3.347
2.735,-3.023
2.355,-2.926
2.251,-3.294
1.101,-2.982
0.962,1.155
0.451,1.218
-0.022,1.162
-0.171,1.396
-0.203,1.083
-0.407,1.281
-0.972,1.361
-1.061,1.427
-1.477,1.088
-2.475,1.192
-2.76,1.478
2.615,1.135
2.525,1.314
2.398,1.103
2.261,1.548
2.081,1.416
1.924,1.392
1.707,1.423
1.754,1.105
1.261,1.265
0.306,0.573
0.325,-1.758
-0.61,1.075
-0.902,0.746
-1.387,0.989
-1.934,-2.23
2.738,0.744
2.264,0.536
1.22,-0.269
1.193,-1.945
0.372,-3.329
2.963,-3.162
1.67,-3.081
1.563,-3.118
1.091,-3.329
1.077,-0.12
1.074,-1.848
0.746,-1.551
0.522,-0.302
0.381,-1.366
0.489,0.734
0.405,-0.159
0.253,0.124
0.356,-1.172
0.381,-2.342
0.223,-0.315
0.191,0.529
0.303,-1.245
0.256,0.109
0.095,-1.681
0.191,-2.162
-0.043,-0.333
-0.031,-1.388
0.079,1.073
0.018,-1.551
0.012,-0.379
-0.001,0.603
-0.13,-0.555
-0.182,-0.074
-0.22,-0.066
-0.29,1.064
-0.299,-0.364
-0.223,-1.786
-0.311,1.09
-0.485,-0.144
-0.414,-0.161
-0.638,-2.583
-0.561,-1.369
-0.692,-0.897
-0.778,-1.65
-0.701,-1.314
-0.759,-1.268
-0.891,-0.991
-0.929,0.725
-0.987,-0.428
-0.88,0.974
-0.938,-1.042
-1.092,-0.261
-1.094,-1.819
-1.141,-0.379
-1.007,0.589
-0.999,0.036
-1.174,-2.717
-1.169,-1.482
-1.22,-1.585
-1.216,-1.684
-1.377,-2.597
-1.279,-0.538
-1.313,0.369
-1.512,0.762
-1.499,-1.104
-1.483,-2.852
-1.511,-1.637
-1.757,0.785
-1.602,-0.322
-1.779,-1.799
-1.88,-2.938
-1.784,-0.317
-1.968,-1.702
-1.87,0.773
-1.93,-1.95
-2.092,-0.143
-2.268,-1.521
-2.378,-1.154
-2.325,-2.517
-2.654,-2.904
-2.695,-1.923
-2.718,-1.414
-2.822,0.972
-2.84,-0.091
-2.95,-0.268
-2.998,-1.407
-3.087,-0.358
2.93,-2.684
3.051,-2.673
2.969,-1.805
2.864,0.862
2.915,-1.754
2.926,0.441
2.893,-1.848
2.79,-0.692
2.634,-0.173
2.557,-0.125
2.531,-1.588
2.398,-1.103
2.428,-2.719
2.25,-0.049
2.115,0.769
2.124,0.593
2.249,0.688
2.064,0.847
2.171,-0.527
1.948,-0.222
1.948,-0.437
1.873,0.351
1.893,0.994
1.709,-0.829
1.649,-1.728
1.447,-1.585
1.397,-1.451
1.33,-0.676
1.241,-2.84
1.209,-2.616
1.296,0.72
1.266,-0.558
1.121,-0.678
1.212,-0.113
1.233,-0.746
1.055,-3.25
0.733,-2.948
-0.163,-3.214
-0.72,-3.178
-0.615,-2.99
-1.585,-2.911
-1.766,-3.267
-2.233,-3.221
-2.378,-3.325
-2.434,-3.084
2.538,-3.162
2.661,-3.115
2.499,-3.249
2.632,-3.057
2.338,-3.143
2.292,-3.027
2.165,-3.242
1.534,-3.01
1.564,-2.909
1.387,-3.084
0.985,-2.903
0.822,1.334
0.696,1.446
0.657,1.416
0.55,1.4
0.367,1.35
-0.518,1.163
-1.05,1.229
-1.283,1.058
-1.625,1.357
-1.972,1.294
-2.844,1.299
-3.069,1.351
2.865,1.22
2.081,1.403
1.678,1.021
1.238,1.265
1.052,1.166
1.14,1.364
-1.193,-1.007
-2.389,0.203
-2.957,-1.979
2.885,-1.069
2.641,0.687
0.112,-0.469
-0.071,-2.171
-0.615,-2.177
-1.293,-1.642
-3.113,0.552
2.827,-0.021
2.822,-0.385
2.514,-1.14
2.159,-2.397
2.222,-0.759
1.881,-0.019
1.855,-1.456
1.669,0.434
1.65,0.631
1.597,-0.465
0.907,-0.559
0.722,-1.884
-0.803,-0.637
-2.312,-0.621
2.71,-1.958
-0.854,0.868
0.825,-3.028
1.582,-3.376
-0.004,-1.7
-0.016,-0.171
-0.04,0.569
0.03,-1.16
0.022,0.218
-0.012,-1.732
-0.018,-1.948
-0.142,-1.021
-0.147,-0.058
-0.246,0.883
-0.192,-2.094
-0.283,-1.319
-0.297,-0.247
-0.281,0.555
-0.284,-1.793
-0.409,-1.8
-0.397,-2.584
-0.447,-1.576
-0.399,-0.362
-0.419,-0.652
-0.502,-0.476
-0.514,-2.736
-0.493,0.944
-0.501,0.097
-0.558,-0.871
-0.489,-1.31
-0.537,-0.938
-0.53,0.824
-0.552,-0.009
-0.606,-1.772
-0.594,-0.199
-0.604,-0.549
-0.604,-1.582
-0.649,-0.164
-0.667,-0.394
-0.718,-1.069
-0.729,-0.402
-0.681,-1.859
-0.706,0.95
-0.772,-2.374
-0.818,1.22
-0.828,-1.607
-0.784,0.327
-0.784,-2.354
-0.874,0.266
-0.827,-1.872
-0.903,-0.056
-0.909,0.489
-0.947,-0.036
-0.95,0.396
-0.961,-0.209
-1.0,-0.577
-1.107,0.159
-1.105,-0.123
-1.171,-1.142
-1.244,-0.772
-1.269,0.081
-1.278,-0.748
-1.258,-1.438
-1.266,-0.916
-1.315,-1.433
-1.28,-1.836
-1.277,0.884
-1.369,-0.956
-1.316,0.478
-1.375,0.562
-1.424,-0.44
-1.359,-0.608
-1.465,-0.279
-1.469,0.038
-1.535,-0.67
-1.631,0.97
-1.849,-0.693
-1.861,-1.971
-1.842,-2.413
-1.915,-1.63
-1.882,0.541
-1.91,-0.467
-1.998,0.696
-2.073,-1.004
-2.121,-1.798
-2.067,-2.191
-2.078,0.846
-2.137,0.453
-2.103,0.551
-2.14,-1.713
-2.232,-1.003
-2.446,1.136
-2.435,-2.584
-2.545,-1.331
-2.483,-0.3
-2.547,0.123
-2.526,-1.164
-2.513,-1.077
-2.602,1.025
-2.531,-0.882
-2.575,-0.011
-2.66,-1.483
-2.627,-0.885
-2.798,-0.947
-2.755,-0.368
-2.869,-0.395
-2.891,-1.213
-2.896,0.046
-2.915,0.128
3.132,-2.37
3.118,-1.039
3.117,-0.26
3.119,-2.484
3.035,-2.683
3.019,0.831
3.006,0.555
2.966,-2.131
2.899,-2.219
2.902,0.256
2.911,-1.835
2.787,-1.108
2.76,-1.25
2.8,-2.426
2.716,-1.696
2.704,-1.057
2.702,-0.272
2.705,0.729
2.668,-1.204
2.613,-1.701
2.611,1.02
2.66,-0.518
2.583,0.156
2.539,-0.559
2.573,-0.332
2.496,-0.612
2.565,-1.923
2.541,-1.424
2.526,-1.539
2.547,-1.341
2.519,0.194
2.294,-2.663
2.202,-2.225
2.146,-0.39
2.117,-2.027
2.144,1.216
2.123,-1.035
2.052,0.323
1.976,-1.866
2.039,0.493
2.022,0.213
1.947,-0.765
1.957,-1.536
1.834,-1.789
1.78,-1.65
1.62,-0.851
1.646,-1.855
1.634,-0.919
1.552,-1.543
1.496,0.609
1.335,1.006
1.27,-0.812
1.246,-2.482
1.2,-0.543
-0.119,-2.799
-0.171,-2.805
-0.234,-2.996
-0.583,-2.879
-1.025,-3.125
-1.023,-2.789
-1.367,-3.089
-1.619,-2.969
-2.042,-2.94
-2.356,-3.049
-2.54,-3.053
-2.602,-2.785
3.086,-3.176
2.872,-2.852
2.492,-2.755
2.388,-3.123
1.238,-2.811
1.099,1.326
0.588,1.389
0.115,1.333
-0.034,1.567
-0.066,1.254
-0.27,1.452
-0.835,1.532
-0.924,1.598
-1.34,1.259
-2.338,1.363
-2.623,1.649
2.752,1.306
2.662,1.485
2.535,1.274
2.398,1.719
2.218,1.587
2.061,1.563
1.844,1.594
1.891,1.276
1.398,1.436
0.443,0.744
0.462,-1.587
-0.473,1.246
-0.765,0.917
-1.25,1.16
-1.797,-2.059
2.875,0.915
2.401,0.707
1.357,-0.098
1.33,-1.774
0.509,-3.158
3.1,-2.991
1.807,-2.91
1.7,-2.947
1.228,-3.158
1.214,0.051
1.211,-1.677
0.883,-1.38
0.659,-0.131
0.518,-1.195
0.626,0.905
0.542,0.012
0.39,0.295
0.493,-1.001
0.518,-2.171
0.36,-0.144
0.328,0.7
0.44,-1.074
0.393,0.28
0.232,-1.51
0.328,-1.991
0.094,-0.162
0.106,-1.217
0.216,1.244
0.155,-1.38
0.149,-0.208
0.136,0.774
0.007,-0.384
-0.045,0.097
-0.083,0.105
-0.153,1.235
-0.162,-0.193
-0.086,-1.615
-0.174,1.261
-0.348,0.027
-0.277,0.01
-0.501,-2.412
-0.424,-1.198
-0.555,-0.726
-0.641,-1.479
-0.564,-1.143
-0.622,-1.097
-0.754,-0.82
-0.792,0.896
-0.85,-0.257
-0.743,1.145
-0.801,-0.871
-0.955,-0.09
-0.957,-1.648
-1.004,-0.208
-0.87,0.76
-0.862,0.207
-1.037,-2.546
-1.032,-1.311
-1.083,-1.414
-1.079,-1.513
-1.24,-2.426
-1.142,-0.367
-1.176,0.54
-1.375,0.933
-1.362,-0.933
-1.346,-2.681
-1.374,-1.466
-1.62,0.956
-1.465,-0.151
-1.642,-1.628
-1.743,-2.767
-1.647,-0.146
-1.831,-1.531
-1.733,0.944
-1.793,-1.779
-1.955,0.028
-2.131,-1.35
-2.241,-0.983
-2.188,-2.346
-2.517,-2.733
-2.558,-1.752
-2.581,-1.243
-2.685,1.143
-2.703,0.08
-2.813,-0.097
-2.861,-1.236
-2.95,-0.187
3.067,-2.513
-3.095,-2.502
3.106,-1.634
3.001,1.033
3.052,-1.583
3.063,0.612
3.03,-1.677
2.927,-0.521
2.771,-0.002
2.694,0.046
2.668,-1.417
2.535,-0.932
2.565,-2.548
2.387,0.122
2.252,0.94
2.261,0.764
2.386,0.859
2.201,1.018
2.308,-0.356
2.085,-0.051
2.085,-0.266
2.01,0.522
2.03,1.165
1.846,-0.658
1.786,-1.557
1.584,-1.414
1.534,-1.28
1.467,-0.505
1.378,-2.669
1.346,-2.445
1.433,0.891
1.403,-0.387
1.258,-0.507
1.349,0.058
1.37,-0.575
1.192,-3.079
0.87,-2.777
-0.026,-3.043
-0.583,-3.007
-0.478,-2.819
-1.448,-2.74
-1.629,-3.096
-2.096,-3.05
-2.241,-3.154
-2.297,-2.913
2.675,-2.991
2.798,-2.944
2.636,-3.078
2.769,-2.886
2.475,-2.972
2.429,-2.856
2.302,-3.071
1.671,-2.839
1.701,-2.738
1.524,-2.913
1.122,-2.732
0.959,1.505
0.833,1.617
0.794,1.587
0.687,1.571
0.504,1.521
-0.381,1.334
-0.913,1.4
-1.146,1.229
-1.488,1.528
-1.835,1.465
-2.707,1.47
-2.932,1.522
3.002,1.391
2.218,1.574
1.815,1.192
1.375,1.436
1.189,1.337
1.277,1.535
-1.056,-0.836
-2.252,0.374
-2.82,-1.808
3.022,-0.898
2.778,0.858
0.249,-0.298
0.066,-2.0
-0.478,-2.006
-1.156,-1.471
-2.976,0.723
2.964,0.15
2.959,-0.214
2.651,-0.969
2.296,-2.226
2.359,-0.588
2.018,0.152
1.992,-1.285
1.806,0.605
1.787,0.802
1.734,-0.294
1.044,-0.388
0.859,-1.713
-0.666,-0.466
-2.175,-0.45
2.847,-1.787
-0.717,1.039
0.962,-2.857
1.719,-3.205
-0.012,1.529
-0.036,2.269
0.034,0.54
0.026,1.918
-0.008,-0.032
-0.014,-0.248
-0.138,0.679
-0.143,1.642
-0.242,2.583
-0.188,-0.394
-0.279,0.381
-0.293,1.453
-0.277,2.255
-0.28,-0.093
-0.405,-0.1
-0.393,-0.884
-0.443,0.124
-0.395,1.338
-0.415,1.048
-0.498,1.224
-0.51,-1.036
-0.489,2.644
-0.497,1.797
-0.554,0.829
-0.485,0.39
-0.533,0.762
-0.526,2.524
-0.548,1.691
-0.602,-0.072
-0.59,1.501
-0.6,1.151
-0.6,0.118
-0.645,1.536
-0.663,1.306
-0.714,0.631
-0.725,1.298
-0.677,-0.159
-0.702,2.65
-0.768,-0.674
-0.814,2.92
-0.824,0.093
-0.78,2.027
-0.78,-0.654
-0.87,1.966
-0.823,-0.172
-0.899,1.644
-0.905,2.189
-0.943,1.664
-0.946,2.096
-0.957,1.491
-0.996,1.123
-1.103,1.859
-1.101,1.577
-1.167,0.558
-1.24,0.928
-1.265,1.781
-1.274,0.952
-1.254,0.262
-1.262,0.784
-1.311,0.267
-1.276,-0.136
-1.273,2.584
-1.365,0.744
-1.312,2.178
-1.371,2.262
-1.42,1.26
-1.355,1.092
-1.461,1.421
-1.465,1.738
-1.531,1.03
-1.627,2.67
-1.845,1.007
-1.857,-0.271
-1.838,-0.713
-1.911,0.07
-1.878,2.241
-1.906,1.233
-1.994,2.396
-2.069,0.696
-2.117,-0.098
-2.063,-0.491
-2.074,2.546
-2.133,2.153
-2.099,2.251
-2.136,-0.013
-2.228,0.697
-2.442,2.836
-2.431,-0.884
-2.541,0.369
-2.479,1.4
-2.543,1.823
-2.522,0.536
-2.509,0.623
-2.598,2.725
-2.527,0.818
-2.571,1.689
-2.656,0.217
-2.623,0.815
-2.794,0.753
-2.751,1.332
-2.865,1.305
-2.887,0.487
-2.892,1.746
-2.911,1.828
3.136,-0.67
3.122,0.661
3.121,1.44
3.123,-0.784
3.039,-0.983
3.023,2.531
3.01,2.255
2.97,-0.431
2.903,-0.519
2.906,1.956
2.915,-0.135
2.791,0.592
2.764,0.45
2.804,-0.726
2.72,0.004
2.708,0.643
2.706,1.428
2.709,2.429
2.672,0.496
2.617,-0.001
2.615,2.72
2.664,1.182
2.587,1.856
2.543,1.141
2.577,1.368
2.5,1.088
2.569,-0.223
2.545,0.276
2.53,0.161
2.551,0.359
2.523,1.894
2.298,-0.963
2.206,-0.525
2.15,1.31
2.121,-0.327
2.148,2.916
2.127,0.665
2.056,2.023
1.98,-0.166
2.043,2.193
2.026,1.913
1.951,0.935
1.961,0.164
1.838,-0.089
1.784,0.05
1.624,0.849
1.65,-0.155
1.638,0.781
1.556,0.157
1.5,2.309
1.339,2.706
1.274,0.888
1.25,-0.782
1.204,1.157
-0.115,-1.099
-0.167,-1.105
-0.23,-1.296
-0.579,-1.179
-1.021,-1.425
-1.019,-1.089
-1.363,-1.389
-1.615,-1.269
-2.038,-1.24
-2.352,-1.349
-2.536,-1.353
-2.598,-1.085
3.09,-1.476
2.876,-1.152
2.496,-1.055
2.392,-1.423
1.242,-1.111
1.103,3.026
0.592,3.089
0.119,3.033
-0.03,3.267
-0.062,2.954
-0.266,3.152
-0.831,3.232
-0.92,3.298
-1.336,2.959
-2.334,3.063
-2.619,3.349
2.756,3.006
2.666,3.185
2.539,2.974
2.402,3.419
2.222,3.287
2.065,3.263
1.848,3.294
1.895,2.976
1.402,3.136
0.447,2.444
0.466,0.113
-0.469,2.946
-0.761,2.617
-1.246,2.86
-1.793,-0.359
2.879,2.615
2.405,2.407
1.361,1.602
1.334,-0.074
0.513,-1.458
3.104,-1.291
1.811,-1.21
1.704,-1.247
1.232,-1.458
1.218,1.751
1.215,0.023
0.887,0.32
0.663,1.569
0.522,0.505
0.63,2.605
0.546,1.712
0.394,1.995
0.497,0.699
0.522,-0.471
0.364,1.556
0.332,2.4
0.444,0.626
0.397,1.98
0.236,0.19
0.332,-0.291
0.098,1.538
0.11,0.483
0.22,2.944
0.159,0.32
0.153,1.492
0.14,2.474
0.011,1.316
-0.041,1.797
-0.079,1.805
-0.149,2.935
-0.158,1.507
-0.082,0.085
-0.17,2.961
-0.344,1.727
-0.273,1.71
-0.497,-0.712
-0.42,0.502
-0.551,0.974
-0.637,0.221
-0.56,0.557
-0.618,0.603
-0.75,0.88
-0.788,2.596
-0.846,1.443
-0.739,2.845
-0.797,0.829
-0.951,1.61
-0.953,0.052
-1.0,1.492
-0.866,2.46
-0.858,1.907
-1.033,-0.846
-1.028,0.389
-1.079,0.286
-1.075,0.187
-1.236,-0.726
-1.138,1.333
-1.172,2.24
-1.371,2.633
-1.358,0.767
-1.342,-0.981
-1.37,0.234
-1.616,2.656
-1.461,1.549
-1.638,0.072
-1.739,-1.067
-1.643,1.554
-1.827,0.169
-1.729,2.644
-1.789,-0.079
-1.951,1.728
-2.127,0.35
-2.237,0.717
-2.184,-0.646
-2.513,-1.033
-2.554,-0.052
-2.577,0.457
-2.681,2.843
-2.699,1.78
-2.809,1.603
-2.857,0.464
-2.946,1.513
3.071,-0.813
-3.091,-0.802
3.11,0.066
3.005,2.733
3.056,0.117
3.067,2.312
3.034,0.023
2.931,1.179
2.775,1.698
2.698,1.746
2.672,0.283
2.539,0.768
2.569,-0.848
2.391,1.822
2.256,2.64
2.265,2.464
2.39,2.559
2.205,2.718
2.312,1.344
2.089,1.649
2.089,1.434
2.014,2.222
2.034,2.865
1.85,1.042
1.79,0.143
1.588,0.286
1.538,0.42
1.471,1.195
1.382,-0.969
1.35,-0.745
1.437,2.591
1.407,1.313
1.262,1.193
1.353,1.758
1.374,1.125
1.196,-1.379
0.874,-1.077
-0.022,-1.343
-0.579,-1.307
-0.474,-1.119
-1.444,-1.04
-1.625,-1.396
-2.092,-1.35
-2.237,-1.454
-2.293,-1.213
2.679,-1.291
2.802,-1.244
2.64,-1.378
2.773,-1.186
2.479,-1.272
2.433,-1.156
2.306,-1.371
1.675,-1.139
1.705,-1.038
1.528,-1.213
1.126,-1.032
0.963,3.205
0.837,3.317
0.798,3.287
0.691,3.271
0.508,3.221
-0.377,3.034
-0.909,3.1
-1.142,2.929
-1.484,3.228
-1.831,3.165
-2.703,3.17
-2.928,3.222
3.006,3.091
2.222,3.274
1.819,2.892
1.379,3.136
1.193,3.037
1.281,3.235
-1.052,0.864
-2.248,2.074
-2.816,-0.108
3.026,0.802
2.782,2.558
0.253,1.402
0.07,-0.3
-0.474,-0.306
-1.152,0.229
-2.972,2.423
2.968,1.85
2.963,1.486
2.655,0.731
2.3,-0.526
2.363,1.112
2.022,1.852
1.996,0.415
1.81,2.305
1.791,2.502
1.738,1.406
1.048,1.312
0.863,-0.013
-0.662,1.234
-2.171,1.25
2.851,-0.087
-0.713,2.739
0.966,-1.157
1.723,-1.505
-0.024,0.74
0.046,-0.989
0.038,0.389
0.004,-1.561
-0.002,-1.777
-0.126,-0.85
-0.131,0.113
-0.23,1.054
-0.176,-1.923
-0.267,-1.148
-0.281,-0.076
-0.265,0.726
-0.268,-1.622
-0.393,-1.629
-0.381,-2.413
-0.431,-1.405
-0.383,-0.191
-0.403,-0.481
-0.486,-0.305
-0.498,-2.565
-0.477,1.115
-0.485,0.268
-0.542,-0.7
-0.473,-1.139
-0.521,-0.767
-0.514,0.995
-0.536,0.162
-0.59,-1.601
-0.578,-0.028
-0.588,-0.378
-0.588,-1.411
-0.633,0.007
-0.651,-0.223
-0.702,-0.898
-0.713,-0.231
-0.665,-1.688
-0.69,1.121
-0.756,-2.203
-0.802,1.391
-0.812,-1.436
-0.768,0.498
-0.768,-2.183
-0.858,0.437
-0.811,-1.701
-0.887,0.115
-0.893,0.66
-0.931,0.135
-0.934,0.567
-0.945,-0.038
-0.984,-0.406
-1.091,0.33
-1.089,0.048
-1.155,-0.971
-1.228,-0.601
-1.253,0.252
-1.262,-0.577
-1.242,-1.267
-1.25,-0.745
-1.299,-1.262
-1.264,-1.665
-1.261,1.055
-1.353,-0.785
-1.3,0.649
-1.359,0.733
-1.408,-0.269
-1.343,-0.437
-1.449,-0.108
-1.453,0.209
-1.519,-0.499
-1.615,1.141
-1.833,-0.522
-1.845,-1.8
-1.826,-2.242
-1.899,-1.459
-1.866,0.712
-1.894,-0.296
-1.982,0.867
-2.057,-0.833
-2.105,-1.627
-2.051,-2.02
-2.062,1.017
-2.121,0.624
-2.087,0.722
-2.124,-1.542
-2.216,-0.832
-2.43,1.307
-2.419,-2.413
-2.529,-1.16
-2.467,-0.129
-2.531,0.294
-2.51,-0.993
-2.497,-0.906
-2.586,1.196
-2.515,-0.711
-2.559,0.16
-2.644,-1.312
-2.611,-0.714
-2.782,-0.776
-2.739,-0.197
-2.853,-0.224
-2.875,-1.042
-2.88,0.217
-2.899,0.299
-3.135,-2.199
3.134,-0.868
3.133,-0.089
3.135,-2.313
3.051,-2.512
3.035,1.002
3.022,0.726
2.982,-1.96
2.915,-2.048
2.918,0.427
2.927,-1.664
2.803,-0.937
2.776,-1.079
2.816,-2.255
2.732,-1.525
2.72,-0.886
2.718,-0.101
2.721,0.9
2.684,-1.033
2.629,-1.53
2.627,1.191
2.676,-0.347
2.599,0.327
2.555,-0.388
2.589,-0.161
2.512,-0.441
2.581,-1.752
2.557,-1.253
2.542,-1.368
2.563,-1.17
2.535,0.365
2.31,-2.492
2.218,-2.054
2.162,-0.219
2.133,-1.856
2.16,1.387
2.139,-0.864
2.068,0.494
1.992,-1.695
2.055,0.664
2.038,0.384
1.963,-0.594
1.973,-1.365
1.85,-1.618
1.796,-1.479
1.636,-0.68
1.662,-1.684
1.65,-0.748
1.568,-1.372
1.512,0.78
1.351,1.177
1.286,-0.641
1.262,-2.311
1.216,-0.372
-0.103,-2.628
-0.155,-2.634
-0.218,-2.825
-0.567,-2.708
-1.009,-2.954
-1.007,-2.618
-1.351,-2.918
-1.603,-2.798
-2.026,-2.769
-2.34,-2.878
-2.524,-2.882
-2.586,-2.614
3.102,-3.005
2.888,-2.681
2.508,-2.584
2.404,-2.952
1.254,-2.64
1.115,1.497
0.604,1.56
0.131,1.504
-0.018,1.738
-0.05,1.425
-0.254,1.623
-0.819,1.703
-0.908,1.769
-1.324,1.43
-2.322,1.534
-2.607,1.82
2.768,1.477
2.678,1.656
2.551,1.445
2.414,1.89
2.234,1.758
2.077,1.734
1.86,1.765
1.907,1.447
1.414,1.607
0.459,0.915
0.478,-1.416
-0.457,1.417
-0.749,1.088
-1.234,1.331
-1.781,-1.888
2.891,1.086
2.417,0.878
1.373,0.073
1.346,-1.603
0.525,-2.987
3.116,-2.82
1.823,-2.739
1.716,-2.776
1.244,-2.987
1.23,0.222
1.227,-1.506
0.899,-1.209
0.675,0.04
0.534,-1.024
0.642,1.076
0.558,0.183
0.406,0.466
0.509,-0.83
0.534,-2.0
0.376,0.027
0.344,0.871
0.456,-0.903
0.409,0.451
0.248,-1.339
0.344,-1.82
0.11,0.009
0.122,-1.046
0.232,1.415
0.171,-1.209
0.165,-0.037
0.152,0.945
0.023,-0.213
-0.029,0.268
-0.067,0.276
-0.137,1.406
-0.146,-0.022
-0.07,-1.444
-0.158,1.432
-0.332,0.198
-0.261,0.181
-0.485,-2.241
-0.408,-1.027
-0.539,-0.555
-0.625,-1.308
-0.548,-0.972
-0.606,-0.926
-0.738,-0.649
-0.776,1.067
-0.834,-0.086
-0.727,1.316
-0.785,-0.7
-0.939,0.081
-0.941,-1.477
-0.988,-0.037
-0.854,0.931
-0.846,0.378
-1.021,-2.375
-1.016,-1.14
-1.067,-1.243
-1.063,-1.342
-1.224,-2.255
-1.126,-0.196
-1.16,0.711
-1.359,1.104
-1.346,-0.762
-1.33,-2.51
-1.358,-1.295
-1.604,1.127
-1.449,0.02
-1.626,-1.457
-1.727,-2.596
-1.631,0.025
-1.815,-1.36
-1.717,1.115
-1.777,-1.608
-1.939,0.199
-2.115,-1.179
-2.225,-0.812
-2.172,-2.175
-2.501,-2.562
-2.542,-1.581
-2.565,-1.072
-2.669,1.314
-2.687,0.251
-2.797,0.074
-2.845,-1.065
-2.934,-0.016
3.083,-2.342
-3.079,-2.331
3.122,-1.463
3.017,1.204
3.068,-1.412
3.079,0.783
3.046,-1.506
2.943,-0.35
2.787,0.169
2.71,0.217
2.684,-1.246
2.551,-0.761
2.581,-2.377
2.403,0.293
2.268,1.111
2.277,0.935
2.402,1.03
2.217,1.189
2.324,-0.185
2.101,0.12
2.101,-0.095
2.026,0.693
2.046,1.336
1.862,-0.487
1.802,-1.386
1.6,-1.243
1.55,-1.109
1.483,-0.334
1.394,-2.498
1.362,-2.274
1.449,1.062
1.419,-0.216
1.274,-0.336
1.365,0.229
1.386,-0.404
1.208,-2.908
0.886,-2.606
-0.01,-2.872
-0.567,-2.836
-0.462,-2.648
-1.432,-2.569
-1.613,-2.925
-2.08,-2.879
-2.225,-2.983
-2.281,-2.742
2.691,-2.82
2.814,-2.773
2.652,-2.907
2.785,-2.715
2.491,-2.801
2.445,-2.685
2.318,-2.9
1.687,-2.668
1.717,-2.567
1.54,-2.742
1.138,-2.561
0.975,1.676
0.849,1.788
0.81,1.758
0.703,1.742
0.52,1.692
-0.365,1.505
-0.897,1.571
-1.13,1.4
-1.472,1.699
-1.819,1.636
-2.691,1.641
-2.916,1.693
3.018,1.562
2.234,1.745
1.831,1.363
1.391,1.607
1.205,1.508
1.293,1.706
-1.04,-0.665
-2.236,0.545
-2.804,-1.637
3.038,-0.727
2.794,1.029
0.265,-0.127
0.082,-1.829
-0.462,-1.835
-1.14,-1.3
-2.96,0.894
2.98,0.321
2.975,-0.043
2.667,-0.798
2.312,-2.055
2.375,-0.417
2.034,0.323
2.008,-1.114
1.822,0.776
1.803,0.973
1.75,-0.123
1.06,-0.217
0.875,-1.542
-0.65,-0.295
-2.159,-0.279
2.863,-1.616
-0.701,1.21
0.978,-2.686
1.735,-3.034
0.07,-1.729
0.062,-0.351
0.028,-2.301
0.022,-2.517
-0.102,-1.59
-0.107,-0.627
-0.206,0.314
-0.152,-2.663
-0.243,-1.888
-0.257,-0.816
-0.241,-0.014
-0.244,-2.362
-0.369,-2.369
-0.357,-3.153
-0.407,-2.145
-0.359,-0.931
-0.379,-1.221
-0.462,-1.045
-0.474,-3.305
-0.453,0.375
-0.461,-0.472
-0.518,-1.44
-0.449,-1.879
-0.497,-1.507
-0.49,0.255
-0.512,-0.578
-0.566,-2.341
-0.554,-0.768
-0.564,-1.118
-0.564,-2.151
-0.609,-0.733
-0.627,-0.963
-0.678,-1.638
-0.689,-0.971
-0.641,-2.428
-0.666,0.381
-0.732,-2.943
-0.778,0.651
-0.788,-2.176
-0.744,-0.242
-0.744,-2.923
-0.834,-0.303
-0.787,-2.441
-0.863,-0.625
-0.869,-0.08
-0.907,-0.605
-0.91,-0.173
-0.921,-0.778
-0.96,-1.146
-1.067,-0.41
-1.065,-0.692
-1.131,-1.711
-1.204,-1.341
-1.229,-0.488
-1.238,-1.317
-1.218,-2.007
-1.226,-1.485
-1.275,-2.002
-1.24,-2.405
-1.237,0.315
-1.329,-1.525
-1.276,-0.091
-1.335,-0.007
-1.384,-1.009
-1.319,-1.177
-1.425,-0.848
-1.429,-0.531
-1.495,-1.239
-1.591,0.401
-1.809,-1.262
-1.821,-2.54
-1.802,-2.982
-1.875,-2.199
-1.842,-0.028
-1.87,-1.036
-1.958,0.127
-2.033,-1.573
-2.081,-2.367
-2.027,-2.76
-2.038,0.277
-2.097,-0.116
-2.063,-0.018
-2.1,-2.282
-2.192,-1.572
-2.406,0.567
-2.395,-3.153
-2.505,-1.9
-2.443,-0.869
-2.507,-0.446
-2.486,-1.733
-2.473,-1.646
-2.562,0.456
-2.491,-1.451
-2.535,-0.58
-2.62,-2.052
-2.587,-1.454
-2.758,-1.516
-2.715,-0.937
-2.829,-0.964
-2.851,-1.782
-2.856,-0.523
-2.875,-0.441
-3.111,-2.939
-3.125,-1.608
-3.126,-0.829
-3.124,-3.053
3.075,-3.252
3.059,0.262
3.046,-0.014
3.006,-2.7
2.939,-2.788
2.942,-0.313
2.951,-2.404
2.827,-1.677
2.8,-1.819
2.84,-2.995
2.756,-2.265
2.744,-1.626
2.742,-0.841
2.745,0.16
2.708,-1.773
2.653,-2.27
2.651,0.451
2.7,-1.087
2.623,-0.413
2.579,-1.128
2.613,-0.901
2.536,-1.181
2.605,-2.492
2.581,-1.993
2.566,-2.108
2.587,-1.91
2.559,-0.375
2.334,-3.232
2.242,-2.794
2.186,-0.959
2.157,-2.596
2.184,0.647
2.163,-1.604
2.092,-0.246
2.016,-2.435
2.079,-0.076
2.062,-0.356
1.987,-1.334
1.997,-2.105
1.874,-2.358
1.82,-2.219
1.66,-1.42
1.686,-2.424
1.674,-1.488
1.592,-2.112
1.536,0.04
1.375,0.437
1.31,-1.381
1.286,-3.051
1.24,-1.112
-0.079,-3.368
-0.131,-3.374
-0.194,-3.565
-0.543,-3.448
-0.985,-3.694
-0.983,-3.358
-1.327,-3.658
-1.579,-3.538
-2.002,-3.509
-2.316,-3.618
-2.5,-3.622
-2.562,-3.354
3.126,-3.745
2.912,-3.421
2.532,-3.324
2.428,-3.692
1.278,-3.38
1.139,0.757
0.628,0.82
0.155,0.764
0.006,0.998
-0.026,0.685
-0.23,0.883
-0.795,0.963
-0.884,1.029
-1.3,0.69
-2.298,0.794
-2.583,1.08
2.792,0.737
2.702,0.916
2.575,0.705
2.438,1.15
2.258,1.018
2.101,0.994
1.884,1.025
1.931,0.707
1.438,0.867
0.483,0.175
0.502,-2.156
-0.433,0.677
-0.725,0.348
-1.21,0.591
-1.757,-2.628
2.915,0.346
2.441,0.138
1.397,-0.667
1.37,-2.343
0.549,-3.727
3.14,-3.56
1.847,-3.479
1.74,-3.516
1.268,-3.727
1.254,-0.518
1.251,-2.246
0.923,-1.949
0.699,-0.7
0.558,-1.764
0.666,0.336
0.582,-0.557
0.43,-0.274
0.533,-1.57
0.558,-2.74
0.4,-0.713
0.368,0.131
0.48,-1.643
0.433,-0.289
0.272,-2.079
0.368,-2.56
0.134,-0.731
0.146,-1.786
0.256,0.675
0.195,-1.949
0.189,-0.777
0.176,0.205
0.047,-0.953
-0.005,-0.472
-0.043,-0.464
-0.113,0.666
-0.122,-0.762
-0.046,-2.184
-0.134,0.692
-0.308,-0.542
-0.237,-0.559
-0.461,-2.981
-0.384,-1.767
-0.515,-1.295
-0.601,-2.048
-0.524,-1.712
-0.582,-1.666
-0.714,-1.389
-0.752,0.327
-0.81,-0.826
-0.703,0.576
-0.761,-1.44
-0.915,-0.659
-0.917,-2.217
-0.964,-0.777
-0.83,0.191
-0.822,-0.362
-0.997,-3.115
-0.992,-1.88
-1.043,-1.983
-1.039,-2.082
-1.2,-2.995
-1.102,-0.936
-1.136,-0.029
-1.335,0.364
-1.322,-1.502
-1.306,-3.25
-1.334,-2.035
-1.58,0.387
-1.425,-0.72
-1.602,-2.197
-1.703,-3.336
-1.607,-0.715
-1.791,-2.1
-1.693,0.375
-1.753,-2.348
-1.915,-0.541
-2.091,-1.919
-2.201,-1.552
-2.148,-2.915
-2.477,-3.302
-2.518,-2.321
-2.541,-1.812
-2.645,0.574
-2.663,-0.489
-2.773,-0.666
-2.821,-1.805
-2.91,-0.756
3.107,-3.082
-3.055,-3.071
-3.137,-2.203
3.041,0.464
3.092,-2.152
3.103,0.043
3.07,-2.246
2.967,-1.09
2.811,-0.571
2.734,-0.523
2.708,-1.986
2.575,-1.501
2.605,-3.117
2.427,-0.447
2.292,0.371
2.301,0.195
2.426,0.29
2.241,0.449
2.348,-0.925
2.125,-0.62
2.125,-0.835
2.05,-0.047
2.07,0.596
1.886,-1.227
1.826,-2.126
1.624,-1.983
1.574,-1.849
1.507,-1.074
1.418,-3.238
1.386,-3.014
1.473,0.322
1.443,-0.956
1.298,-1.076
1.389,-0.511
1.41,-1.144
1.232,-3.648
0.91,-3.346
0.014,-3.612
-0.543,-3.576
-0.438,-3.388
-1.408,-3.309
-1.589,-3.665
-2.056,-3.619
-2.201,-3.723
-2.257,-3.482
2.715,-3.56
2.838,-3.513
2.676,-3.647
2.809,-3.455
2.515,-3.541
2.469,-3.425
2.342,-3.64
1.711,-3.408
1.741,-3.307
1.564,-3.482
1.162,-3.301
0.999,0.936
0.873,1.048
0.834,1.018
0.727,1.002
0.544,0.952
-0.341,0.765
-0.873,0.831
-1.106,0.66
-1.448,0.959
-1.795,0.896
-2.667,0.901
-2.892,0.953
3.042,0.822
2.258,1.005
1.855,0.623
1.415,0.867
1.229,0.768
1.317,0.966
-1.016,-1.405
-2.212,-0.195
-2.78,-2.377
3.062,-1.467
2.818,0.289
0.289,-0.867
0.106,-2.569
-0.438,-2.575
-1.116,-2.04
-2.936,0.154
3.004,-0.419
2.999,-0.783
2.691,-1.538
2.336,-2.795
2.399,-1.157
2.058,-0.417
2.032,-1.854
1.846,0.036
1.827,0.233
1.774,-0.863
1.084,-0.957
0.899,-2.282
-0.626,-1.035
-2.135,-1.019
2.887,-2.356
-0.677,0.47
1.002,-3.426
1.759,-3.774
-0.008,1.378
-0.042,-0.572
-0.048,-0.788
-0.172,0.139
-0.177,1.102
-0.276,2.043
-0.222,-0.934
-0.313,-0.159
-0.327,0.913
-0.311,1.715
-0.314,-0.633
-0.439,-0.64
-0.427,-1.424
-0.477,-0.416
-0.429,0.798
-0.449,0.508
-0.532,0.684
-0.544,-1.576
-0.523,2.104
-0.531,1.257
-0.588,0.289
-0.519,-0.15
-0.567,0.222
-0.56,1.984
-0.582,1.151
-0.636,-0.612
-0.624,0.961
-0.634,0.611
-0.634,-0.422
-0.679,0.996
-0.697,0.766
-0.748,0.091
-0.759,0.758
-0.711,-0.699
-0.736,2.11
-0.802,-1.214
-0.848,2.38
-0.858,-0.447
-0.814,1.487
-0.814,-1.194
-0.904,1.426
-0.857,-0.712
-0.933,1.104
-0.939,1.649
-0.977,1.124
-0.98,1.556
-0.991,0.951
-1.03,0.583
-1.137,1.319
-1.135,1.037
-1.201,0.018
-1.274,0.388
-1.299,1.241
-1.308,0.412
-1.288,-0.278
-1.296,0.244
-1.345,-0.273
-1.31,-0.676
-1.307,2.044
-1.399,0.204
-1.346,1.638
-1.405,1.722
-1.454,0.72
-1.389,0.552
-1.495,0.881
-1.499,1.198
-1.565,0.49
-1.661,2.13
-1.879,0.467
-1.891,-0.811
-1.872,-1.253
-1.945,-0.47
-1.912,1.701
-1.94,0.693
-2.028,1.856
-2.103,0.156
-2.151,-0.638
-2.097,-1.031
-2.108,2.006
-2.167,1.613
-2.133,1.711
-2.17,-0.553
-2.262,0.157
-2.476,2.296
-2.465,-1.424
-2.575,-0.171
-2.513,0.86
-2.577,1.283
-2.556,-0.004
-2.543,0.083
-2.632,2.185
-2.561,0.278
-2.605,1.149
-2.69,-0.323
-2.657,0.275
-2.828,0.213
-2.785,0.792
-2.899,0.765
-2.921,-0.053
-2.926,1.206
-2.945,1.288
3.102,-1.21
3.088,0.121
3.087,0.9
3.089,-1.324
3.005,-1.523
2.989,1.991
2.976,1.715
2.936,-0.971
2.869,-1.059
2.872,1.416
2.881,-0.675
2.757,0.052
2.73,-0.09
2.77,-1.266
2.686,-0.536
2.674,0.103
2.672,0.888
2.675,1.889
2.638,-0.044
2.583,-0.541
2.581,2.18
2.63,0.642
2.553,1.316
2.509,0.601
2.543,0.828
2.466,0.548
2.535,-0.763
2.511,-0.264
2.496,-0.379
2.517,-0.181
2.489,1.354
2.264,-1.503
2.172,-1.065
2.116,0.77
2.087,-0.867
2.114,2.376
2.093,0.125
2.022,1.483
1.946,-0.706
2.009,1.653
1.992,1.373
1.917,0.395
1.927,-0.376
1.804,-0.629
1.75,-0.49
1.59,0.309
1.616,-0.695
1.604,0.241
1.522,-0.383
1.466,1.769
1.305,2.166
1.24,0.348
1.216,-1.322
1.17,0.617
-0.149,-1.639
-0.201,-1.645
-0.264,-1.836
-0.613,-1.719
-1.055,-1.965
-1.053,-1.629
-1.397,-1.929
-1.649,-1.809
-2.072,-1.78
-2.386,-1.889
-2.57,-1.893
-2.632,-1.625
3.056,-2.016
2.842,-1.692
2.462,-1.595
2.358,-1.963
1.208,-1.651
1.069,2.486
0.558,2.549
0.085,2.493
-0.064,2.727
-0.096,2.414
-0.3,2.612
-0.865,2.692
-0.954,2.758
-1.37,2.419
-2.368,2.523
-2.653,2.809
2.722,2.466
2.632,2.645
2.505,2.434
2.368,2.879
2.188,2.747
2.031,2.723
1.814,2.754
1.861,2.436
1.368,2.596
0.413,1.904
0.432,-0.427
-0.503,2.406
-0.795,2.077
-1.28,2.32
-1.827,-0.899
2.845,2.075
2.371,1.867
1.327,1.062
1.3,-0.614
0.479,-1.998
3.07,-1.831
1.777,-1.75
1.67,-1.787
1.198,-1.998
1.184,1.211
1.181,-0.517
0.853,-0.22
0.629,1.029
0.488,-0.035
0.596,2.065
0.512,1.172
0.36,1.455
0.463,0.159
0.488,-1.011
0.33,1.016
0.298,1.86
0.41,0.086
0.363,1.44
0.202,-0.35
0.298,-0.831
0.064,0.998
0.076,-0.057
0.186,2.404
0.125,-0.22
0.119,0.952
0.106,1.934
-0.023,0.776
-0.075,1.257
-0.113,1.265
-0.183,2.395
-0.192,0.967
-0.116,-0.455
-0.204,2.421
-0.378,1.187
-0.307,1.17
-0.531,-1.252
-0.454,-0.038
-0.585,0.434
-0.671,-0.319
-0.594,0.017
-0.652,0.063
-0.784,0.34
-0.822,2.056
-0.88,0.903
-0.773,2.305
-0.831,0.289
-0.985,1.07
-0.987,-0.488
-1.034,0.952
-0.9,1.92
-0.892,1.367
-1.067,-1.386
-1.062,-0.151
-1.113,-0.254
-1.109,-0.353
-1.27,-1.266
-1.172,0.793
-1.206,1.7
-1.405,2.093
-1.392,0.227
-1.376,-1.521
-1.404,-0.306
-1.65,2.116
-1.495,1.009
-1.672,-0.468
-1.773,-1.607
-1.677,1.014
-1.861,-0.371
-1.763,2.104
-1.823,-0.619
-1.985,1.188
-2.161,-0.19
-2.271,0.177
-2.218,-1.186
-2.547,-1.573
-2.588,-0.592
-2.611,-0.083
-2.715,2.303
-2.733,1.24
-2.843,1.063
-2.891,-0.076
-2.98,0.973
3.037,-1.353
-3.125,-1.342
3.076,-0.474
2.971,2.193
3.022,-0.423
3.033,1.772
3.0,-0.517
2.897,0.639
2.741,1.158
2.664,1.206
2.638,-0.257
2.505,0.228
2.535,-1.388
2.357,1.282
2.222,2.1
2.231,1.924
2.356,2.019
2.171,2.178
2.278,0.804
2.055,1.109
2.055,0.894
1.98,1.682
2.0,2.325
1.816,0.502
1.756,-0.397
1.554,-0.254
1.504,-0.12
1.437,0.655
1.348,-1.509
1.316,-1.285
1.403,2.051
1.373,0.773
1.228,0.653
1.319,1.218
1.34,0.585
1.162,-1.919
0.84,-1.617
-0.056,-1.883
-0.613,-1.847
-0.508,-1.659
-1.478,-1.58
-1.659,-1.936
-2.126,-1.89
-2.271,-1.994
-2.327,-1.753
2.645,-1.831
2.768,-1.784
2.606,-1.918
2.739,-1.726
2.445,-1.812
2.399,-1.696
2.272,-1.911
1.641,-1.679
1.671,-1.578
1.494,-1.753
1.092,-1.572
0.929,2.665
0.803,2.777
0.764,2.747
0.657,2.731
0.474,2.681
-0.411,2.494
-0.943,2.56
-1.176,2.389
-1.518,2.688
-1.865,2.625
-2.737,2.63
-2.962,2.682
2.972,2.551
2.188,2.734
1.785,2.352
1.345,2.596
1.159,2.497
1.247,2.695
-1.086,0.324
-2.282,1.534
-2.85,-0.648
2.992,0.262
2.748,2.018
0.219,0.862
0.036,-0.84
-0.508,-0.846
-1.186,-0.311
-3.006,1.883
2.934,1.31
2.929,0.946
2.621,0.191
2.266,-1.066
2.329,0.572
1.988,1.312
1.962,-0.125
1.776,1.765
1.757,1.962
1.704,0.866
1.014,0.772
0.829,-0.553
-0.696,0.694
-2.205,0.71
2.817,-0.627
-0.747,2.199
0.932,-1.697
1.689,-2.045
-0.034,-1.95
-0.04,-2.166
-0.164,-1.239
-0.169,-0.276
-0.268,0.665
-0.214,-2.312
-0.305,-1.537
-0.319,-0.465
-0.303,0.337
-0.306,-2.011
-0.431,-2.018
-0.419,-2.802
-0.469,-1.794
-0.421,-0.58
-0.441,-0.87
-0.524,-0.694
-0.536,-2.954
-0.515,0.726
-0.523,-0.121
-0.58,-1.089
-0.511,-1.528
-0.559,-1.156
-0.552,0.606
-0.574,-0.227
-0.628,-1.99
-0.616,-0.417
-0.626,-0.767
-0.626,-1.8
-0.671,-0.382
-0.689,-0.612
-0.74,-1.287
-0.751,-0.62
-0.703,-2.077
-0.728,0.732
-0.794,-2.592
-0.84,1.002
-0.85,-1.825
-0.806,0.109
-0.806,-2.572
-0.896,0.048
-0.849,-2.09
-0.925,-0.274
-0.931,0.271
-0.969,-0.254
-0.972,0.178
-0.983,-0.427
-1.022,-0.795
-1.129,-0.059
-1.127,-0.341
-1.193,-1.36
-1.266,-0.99
-1.291,-0.137
-1.3,-0.966
-1.28,-1.656
-1.288,-1.134
-1.337,-1.651
-1.302,-2.054
-1.299,0.666
-1.391,-1.174
-1.338,0.26
-1.397,0.344
-1.446,-0.658
-1.381,-0.826
-1.487,-0.497
-1.491,-0.18
-1.557,-0.888
-1.653,0.752
-1.871,-0.911
-1.883,-2.189
-1.864,-2.631
-1.937,-1.848
-1.904,0.323
-1.932,-0.685
-2.02,0.478
-2.095,-1.222
-2.143,-2.016
-2.089,-2.409
-2.1,0.628
-2.159,0.235
-2.125,0.333
-2.162,-1.931
-2.254,-1.221
-2.468,0.918
-2.457,-2.802
-2.567,-1.549
-2.505,-0.518
-2.569,-0.095
-2.548,-1.382
-2.535,-1.295
-2.624,0.807
-2.553,-1.1
-2.597,-0.229
-2.682,-1.701
-2.649,-1.103
-2.82,-1.165
-2.777,-0.586
-2.891,-0.613
-2.913,-1.431
-2.918,-0.172
-2.937,-0.09
3.11,-2.588
3.096,-1.257
3.095,-0.478
3.097,-2.702
3.013,-2.901
2.997,0.613
2.984,0.337
2.944,-2.349
2.877,-2.437
2.88,0.038
2.889,-2.053
2.765,-1.326
2.738,-1.468
2.778,-2.644
2.694,-1.914
2.682,-1.275
2.68,-0.49
2.683,0.511
2.646,-1.422
2.591,-1.919
2.589,0.802
2.638,-0.736
2.561,-0.062
2.517,-0.777
2.551,-0.55
2.474,-0.83
2.543,-2.141
2.519,-1.642
2.504,-1.757
2.525,-1.559
2.497,-0.024
2.272,-2.881
2.18,-2.443
2.124,-0.608
2.095,-2.245
2.122,0.998
2.101,-1.253
2.03,0.105
1.954,-2.084
2.017,0.275
2.0,-0.005
1.925,-0.983
1.935,-1.754
1.812,-2.007
1.758,-1.868
1.598,-1.069
1.624,-2.073
1.612,-1.137
1.53,-1.761
1.474,0.391
1.313,0.788
1.248,-1.03
1.224,-2.7
1.178,-0.761
-0.141,-3.017
-0.193,-3.023
-0.256,-3.214
-0.605,-3.097
-1.047,-3.343
-1.045,-3.007
-1.389,-3.307
-1.641,-3.187
-2.064,-3.158
-2.378,-3.267
-2.562,-3.271
-2.624,-3.003
3.064,-3.394
2.85,-3.07
2.47,-2.973
2.366,-3.341
1.216,-3.029
1.077,1.108
0.566,1.171
0.093,1.115
-0.056,1.349
-0.088,1.036
-0.292,1.234
-0.857,1.314
-0.946,1.38
-1.362,1.041
-2.36,1.145
-2.645,1.431
2.73,1.088
2.64,1.267
2.513,1.056
2.376,1.501
2.196,1.369
2.039,1.345
1.822,1.376
1.869,1.058
1.376,1.218
0.421,0.526
0.44,-1.805
-0.495,1.028
-0.787,0.699
-1.272,0.942
-1.819,-2.277
2.853,0.697
2.379,0.489
1.335,-0.316
1.308,-1.992
0.487,-3.376
3.078,-3.209
1.785,-3.128
1.678,-3.165
1.206,-3.376
1.192,-0.167
1.189,-1.895
0.861,-1.598
0.637,-0.349
0.496,-1.413
0.604,0.687
0.52,-0.206
0.368,0.077
0.471,-1.219
0.496,-2.389
0.338,-0.362
0.306,0.482
0.418,-1.292
0.371,0.062
0.21,-1.728
0.306,-2.209
0.072,-0.38
0.084,-1.435
0.194,1.026
0.133,-1.598
0.127,-0.426
0.114,0.556
-0.015,-0.602
-0.067,-0.121
-0.105,-0.113
-0.175,1.017
-0.184,-0.411
-0.108,-1.833
-0.196,1.043
-0.37,-0.191
-0.299,-0.208
-0.523,-2.63
-0.446,-1.416
-0.577,-0.944
-0.663,-1.697
-0.586,-1.361
-0.644,-1.315
-0.776,-1.038
-0.814,0.678
-0.872,-0.475
-0.765,0.927
-0.823,-1.089
-0.977,-0.308
-0.979,-1.866
-1.026,-0.426
-0.892,0.542
-0.884,-0.011
-1.059,-2.764
-1.054,-1.529
-1.105,-1.632
-1.101,-1.731
-1.262,-2.644
-1.164,-0.585
-1.198,0.322
-1.397,0.715
-1.384,-1.151
-1.368,-2.899
-1.396,-1.684
-1.642,0.738
-1.487,-0.369
-1.664,-1.846
-1.765,-2.985
-1.669,-0.364
-1.853,-1.749
-1.755,0.726
-1.815,-1.997
-1.977,-0.19
-2.153,-1.568
-2.263,-1.201
-2.21,-2.564
-2.539,-2.951
-2.58,-1.97
-2.603,-1.461
-2.707,0.925
-2.725,-0.138
-2.835,-0.315
-2.883,-1.454
-2.972,-0.405
3.045,-2.731
-3.117,-2.72
3.084,-1.852
2.979,0.815
3.03,-1.801
3.041,0.394
3.008,-1.895
2.905,-0.739
2.749,-0.22
2.672,-0.172
2.646,-1.635
2.513,-1.15
2.543,-2.766
2.365,-0.096
2.23,0.722
2.239,0.546
2.364,0.641
2.179,0.8
2.286,-0.574
2.063,-0.269
2.063,-0.484
1.988,0.304
2.008,0.947
1.824,-0.876
1.764,-1.775
1.562,-1.632
1.512,-1.498
1.445,-0.723
1.356,-2.887
1.324,-2.663
1.411,0.673
1.381,-0.605
1.236,-0.725
1.327,-0.16
1.348,-0.793
1.17,-3.297
0.848,-2.995
-0.048,-3.261
-0.605,-3.225
-0.5,-3.037
-1.47,-2.958
-1.651,-3.314
-2.118,-3.268
-2.263,-3.372
-2.319,-3.131
2.653,-3.209
2.776,-3.162
2.614,-3.296
2.747,-3.104
2.453,-3.19
2.407,-3.074
2.28,-3.289
1.649,-3.057
1.679,-2.956
1.502,-3.131
1.1,-2.95
0.937,1.287
0.811,1.399
0.772,1.369
0.665,1.353
0.482,1.303
-0.403,1.116
-0.935,1.182
-1.168,1.011
-1.51,1.31
-1.857,1.247
-2.729,1.252
-2.954,1.304
2.98,1.173
2.196,1.356
1.793,0.974
1.353,1.218
1.167,1.119
1.255,1.317
-1.078,-1.054
-2.274,0.156
-2.842,-2.026
3.0,-1.116
2.756,0.64
0.227,-0.516
0.044,-2.218
-0.5,-2.224
-1.178,-1.689
-2.998,0.505
2.942,-0.068
2.937,-0.432
2.629,-1.187
2.274,-2.444
2.337,-0.806
1.996,-0.066
1.97,-1.503
1.784,0.387
1.765,0.584
1.712,-0.512
1.022,-0.606
0.837,-1.931
-0.688,-0.684
-2.197,-0.668
2.825,-2.005
-0.739,0.821
0.94,-3.075
1.697,-3.423
-0.006,-0.216
-0.13,0.711
-0.135,1.674
-0.234,2.615
-0.18,-0.362
-0.271,0.413
-0.285,1.485
-0.269,2.287
-0.272,-0.061
-0.397,-0.068
-0.385,-0.852
-0.435,0.156
-0.387,1.37
-0.407,1.08
-0.49,1.256
-0.502,-1.004
-0.481,2.676
-0.489,1.829
-0.546,0.861
-0.477,0.422
-0.525,0.794
-0.518,2.556
-0.54,1.723
-0.594,-0.04
-0.582,1.533
-0.592,1.183
-0.592,0.15
-0.637,1.568
-0.655,1.338
-0.706,0.663
-0.717,1.33
-0.669,-0.127
-0.694,2.682
-0.76,-0.642
-0.806,2.952
-0.816,0.125
-0.772,2.059
-0.772,-0.622
-0.862,1.998
-0.815,-0.14
-0.891,1.676
-0.897,2.221
-0.935,1.696
-0.938,2.128
-0.949,1.523
-0.988,1.155
-1.095,1.891
-1.093,1.609
-1.159,0.59
-1.232,0.96
-1.257,1.813
-1.266,0.984
-1.246,0.294
-1.254,0.816
-1.303,0.299
-1.268,-0.104
-1.265,2.616
-1.357,0.776
-1.304,2.21
-1.363,2.294
-1.412,1.292
-1.347,1.124
-1.453,1.453
-1.457,1.77
-1.523,1.062
-1.619,2.702
-1.837,1.039
-1.849,-0.239
-1.83,-0.681
-1.903,0.102
-1.87,2.273
-1.898,1.265
-1.986,2.428
-2.061,0.728
-2.109,-0.066
-2.055,-0.459
-2.066,2.578
-2.125,2.185
-2.091,2.283
-2.128,0.019
-2.22,0.729
-2.434,2.868
-2.423,-0.852
-2.533,0.401
-2.471,1.432
-2.535,1.855
-2.514,0.568
-2.501,0.655
-2.59,2.757
-2.519,0.85
-2.563,1.721
-2.648,0.249
-2.615,0.847
-2.786,0.785
-2.743,1.364
-2.857,1.337
-2.879,0.519
-2.884,1.778
-2.903,1.86
-3.139,-0.638
3.13,0.693
3.129,1.472
3.131,-0.752
3.047,-0.951
3.031,2.563
3.018,2.287
2.978,-0.399
2.911,-0.487
2.914,1.988
2.923,-0.103
2.799,0.624
2.772,0.482
2.812,-0.694
2.728,0.036
2.716,0.675
2.714,1.46
2.717,2.461
2.68,0.528
2.625,0.031
2.623,2.752
2.672,1.214
2.595,1.888
2.551,1.173
2.585,1.4
2.508,1.12
2.577,-0.191
2.553,0.308
2.538,0.193
2.559,0.391
2.531,1.926
2.306,-0.931
2.214,-0.493
2.158,1.342
2.129,-0.295
2.156,2.948
2.135,0.697
2.064,2.055
1.988,-0.134
2.051,2.225
2.034,1.945
1.959,0.967
1.969,0.196
1.846,-0.057
1.792,0.082
1.632,0.881
1.658,-0.123
1.646,0.813
1.564,0.189
1.508,2.341
1.347,2.738
1.282,0.92
1.258,-0.75
1.212,1.189
-0.107,-1.067
-0.159,-1.073
-0.222,-1.264
-0.571,-1.147
-1.013,-1.393
-1.011,-1.057
-1.355,-1.357
-1.607,-1.237
-2.03,-1.208
-2.344,-1.317
-2.528,-1.321
-2.59,-1.053
3.098,-1.444
2.884,-1.12
2.504,-1.023
2.4,-1.391
1.25,-1.079
1.111,3.058
0.6,3.121
0.127,3.065
-0.022,3.299
-0.054,2.986
-0.258,3.184
-0.823,3.264
-0.912,3.33
-1.328,2.991
-2.326,3.095
-2.611,3.381
2.764,3.038
2.674,3.217
2.547,3.006
2.41,3.451
2.23,3.319
2.073,3.295
1.856,3.326
1.903,3.008
1.41,3.168
0.455,2.476
0.474,0.145
-0.461,2.978
-0.753,2.649
-1.238,2.892
-1.785,-0.327
2.887,2.647
2.413,2.439
1.369,1.634
1.342,-0.042
0.521,-1.426
3.112,-1.259
1.819,-1.178
1.712,-1.215
1.24,-1.426
1.226,1.783
1.223,0.055
0.895,0.352
0.671,1.601
0.53,0.537
0.638,2.637
0.554,1.744
0.402,2.027
0.505,0.731
0.53,-0.439
0.372,1.588
0.34,2.432
0.452,0.658
0.405,2.012
0.244,0.222
0.34,-0.259
0.106,1.57
0.118,0.515
0.228,2.976
0.167,0.352
0.161,1.524
0.148,2.506
0.019,1.348
-0.033,1.829
-0.071,1.837
-0.141,2.967
-0.15,1.539
-0.074,0.117
-0.162,2.993
-0.336,1.759
-0.265,1.742
-0.489,-0.68
-0.412,0.534
-0.543,1.006
-0.629,0.253
-0.552,0.589
-0.61,0.635
-0.742,0.912
-0.78,2.628
-0.838,1.475
-0.731,2.877
-0.789,0.861
-0.943,1.642
-0.945,0.084
-0.992,1.524
-0.858,2.492
-0.85,1.939
-1.025,-0.814
-1.02,0.421
-1.071,0.318
-1.067,0.219
-1.228,-0.694
-1.13,1.365
-1.164,2.272
-1.363,2.665
-1.35,0.799
-1.334,-0.949
-1.362,0.266
-1.608,2.688
-1.453,1.581
-1.63,0.104
-1.731,-1.035
-1.635,1.586
-1.819,0.201
-1.721,2.676
-1.781,-0.047
-1.943,1.76
-2.119,0.382
-2.229,0.749
-2.176,-0.614
-2.505,-1.001
-2.546,-0.02
-2.569,0.489
-2.673,2.875
-2.691,1.812
-2.801,1.635
-2.849,0.496
-2.938,1.545
3.079,-0.781
-3.083,-0.77
3.118,0.098
3.013,2.765
3.064,0.149
3.075,2.344
3.042,0.055
2.939,1.211
2.783,1.73
2.706,1.778
2.68,0.315
2.547,0.8
2.577,-0.816
2.399,1.854
2.264,2.672
2.273,2.496
2.398,2.591
2.213,2.75
2.32,1.376
2.097,1.681
2.097,1.466
2.022,2.254
2.042,2.897
1.858,1.074
1.798,0.175
1.596,0.318
1.546,0.452
1.479,1.227
1.39,-0.937
1.358,-0.713
1.445,2.623
1.415,1.345
1.27,1.225
1.361,1.79
1.382,1.157
1.204,-1.347
0.882,-1.045
-0.014,-1.311
-0.571,-1.275
-0.466,-1.087
-1.436,-1.008
-1.617,-1.364
-2.084,-1.318
-2.229,-1.422
-2.285,-1.181
2.687,-1.259
2.81,-1.212
2.648,-1.346
2.781,-1.154
2.487,-1.24
2.441,-1.124
2.314,-1.339
1.683,-1.107
1.713,-1.006
1.536,-1.181
1.134,-1.0
0.971,3.237
0.845,3.349
0.806,3.319
0.699,3.303
0.516,3.253
-0.369,3.066
-0.901,3.132
-1.134,2.961
-1.476,3.26
-1.823,3.197
-2.695,3.202
-2.92,3.254
3.014,3.123
2.23,3.306
1.827,2.924
1.387,3.168
1.201,3.069
1.289,3.267
-1.044,0.896
-2.24,2.106
-2.808,-0.076
3.034,0.834
2.79,2.59
0.261,1.434
0.078,-0.268
-0.466,-0.274
-1.144,0.261
-2.964,2.455
2.976,1.882
2.971,1.518
2.663,0.763
2.308,-0.494
2.371,1.144
2.03,1.884
2.004,0.447
1.818,2.337
1.799,2.534
1.746,1.438
1.056,1.344
0.871,0.019
-0.654,1.266
-2.163,1.282
2.859,-0.055
-0.705,2.771
0.974,-1.125
1.731,-1.473
-0.124,0.927
-0.129,1.89
-0.228,2.831
-0.174,-0.146
-0.265,0.629
-0.279,1.701
-0.263,2.503
-0.266,0.155
-0.391,0.148
-0.379,-0.636
-0.429,0.372
-0.381,1.586
-0.401,1.296
-0.484,1.472
-0.496,-0.788
-0.475,2.892
-0.483,2.045
-0.54,1.077
-0.471,0.638
-0.519,1.01
-0.512,2.772
-0.534,1.939
-0.588,0.176
-0.576,1.749
-0.586,1.399
-0.586,0.366
-0.631,1.784
-0.649,1.554
-0.7,0.879
-0.711,1.546
-0.663,0.089
-0.688,2.898
-0.754,-0.426
-0.8,3.168
-0.81,0.341
-0.766,2.275
-0.766,-0.406
-0.856,2.214
-0.809,0.076
-0.885,1.892
-0.891,2.437
-0.929,1.912
-0.932,2.344
-0.943,1.739
-0.982,1.371
-1.089,2.107
-1.087,1.825
-1.153,0.806
-1.226,1.176
-1.251,2.029
-1.26,1.2
-1.24,0.51
-1.248,1.032
-1.297,0.515
-1.262,0.112
-1.259,2.832
-1.351,0.992
-1.298,2.426
-1.357,2.51
-1.406,1.508
-1.341,1.34
-1.447,1.669
-1.451,1.986
-1.517,1.278
-1.613,2.918
-1.831,1.255
-1.843,-0.023
-1.824,-0.465
-1.897,0.318
-1.864,2.489
-1.892,1.481
-1.98,2.644
-2.055,0.944
-2.103,0.15
-2.049,-0.243
-2.06,2.794
-2.119,2.401
-2.085,2.499
-2.122,0.235
-2.214,0.945
-2.428,3.084
-2.417,-0.636
-2.527,0.617
-2.465,1.648
-2.529,2.071
-2.508,0.784
-2.495,0.871
-2.584,2.973
-2.513,1.066
-2.557,1.937
-2.642,0.465
-2.609,1.063
-2.78,1.001
-2.737,1.58
-2.851,1.553
-2.873,0.735
-2.878,1.994
-2.897,2.076
-3.133,-0.422
3.136,0.909
3.135,1.688
3.137,-0.536
3.053,-0.735
3.037,2.779
3.024,2.503
2.984,-0.183
2.917,-0.271
2.92,2.204
2.929,0.113
2.805,0.84
2.778,0.698
2.818,-0.478
2.734,0.252
2.722,0.891
2.72,1.676
2.723,2.677
2.686,0.744
2.631,0.247
2.629,2.968
2.678,1.43
2.601,2.104
2.557,1.389
2.591,1.616
2.514,1.336
2.583,0.025
2.559,0.524
2.544,0.409
2.565,0.607
2.537,2.142
2.312,-0.715
2.22,-0.277
2.164,1.558
2.135,-0.079
2.162,3.164
2.141,0.913
2.07,2.271
1.994,0.082
2.057,2.441
2.04,2.161
1.965,1.183
1.975,0.412
1.852,0.159
1.798,0.298
1.638,1.097
1.664,0.093
1.652,1.029
1.57,0.405
1.514,2.557
1.353,2.954
1.288,1.136
1.264,-0.534
1.218,1.405
-0.101,-0.851
-0.153,-0.857
-0.216,-1.048
-0.565,-0.931
-1.007,-1.177
-1.005,-0.841
-1.349,-1.141
-1.601,-1.021
-2.024,-0.992
-2.338,-1.101
-2.522,-1.105
-2.584,-0.837
3.104,-1.228
2.89,-0.904
2.51,-0.807
2.406,-1.175
1.256,-0.863
1.117,3.274
0.606,3.337
0.133,3.281
-0.016,3.515
-0.048,3.202
-0.252,3.4
-0.817,3.48
-0.906,3.546
-1.322,3.207
-2.32,3.311
-2.605,3.597
2.77,3.254
2.68,3.433
2.553,3.222
2.416,3.667
2.236,3.535
2.079,3.511
1.862,3.542
1.909,3.224
1.416,3.384
0.461,2.692
0.48,0.361
-0.455,3.194
-0.747,2.865
-1.232,3.108
-1.779,-0.111
2.893,2.863
2.419,2.655
1.375,1.85
1.348,0.174
0.527,-1.21
3.118,-1.043
1.825,-0.962
1.718,-0.999
1.246,-1.21
1.232,1.999
1.229,0.271
0.901,0.568
0.677,1.817
0.536,0.753
0.644,2.853
0.56,1.96
0.408,2.243
0.511,0.947
0.536,-0.223
0.378,1.804
0.346,2.648
0.458,0.874
0.411,2.228
0.25,0.438
0.346,-0.043
0.112,1.786
0.124,0.731
0.234,3.192
0.173,0.568
0.167,1.74
0.154,2.722
0.025,1.564
-0.027,2.045
-0.065,2.053
-0.135,3.183
-0.144,1.755
-0.068,0.333
-0.156,3.209
-0.33,1.975
-0.259,1.958
-0.483,-0.464
-0.406,0.75
-0.537,1.222
-0.623,0.469
-0.546,0.805
-0.604,0.851
-0.736,1.128
-0.774,2.844
-0.832,1.691
-0.725,3.093
-0.783,1.077
-0.937,1.858
-0.939,0.3
-0.986,1.74
-0.852,2.708
-0.844,2.155
-1.019,-0.598
-1.014,0.637
-1.065,0.534
-1.061,0.435
-1.222,-0.478
-1.124,1.581
-1.158,2.488
-1.357,2.881
-1.344,1.015
-1.328,-0.733
-1.356,0.482
-1.602,2.904
-1.447,1.797
-1.624,0.32
-1.725,-0.819
-1.629,1.802
-1.813,0.417
-1.715,2.892
-1.775,0.169
-1.937,1.976
-2.113,0.598
-2.223,0.965
-2.17,-0.398
-2.499,-0.785
-2.54,0.196
-2.563,0.705
-2.667,3.091
-2.685,2.028
-2.795,1.851
-2.843,0.712
-2.932,1.761
3.085,-0.565
-3.077,-0.554
3.124,0.314
3.019,2.981
3.07,0.365
3.081,2.56
3.048,0.271
2.945,1.427
2.789,1.946
2.712,1.994
2.686,0.531
2.553,1.016
2.583,-0.6
2.405,2.07
2.27,2.888
2.279,2.712
2.404,2.807
2.219,2.966
2.326,1.592
2.103,1.897
2.103,1.682
2.028,2.47
2.048,3.113
1.864,1.29
1.804,0.391
1.602,0.534
1.552,0.668
1.485,1.443
1.396,-0.721
1.364,-0.497
1.451,2.839
1.421,1.561
1.276,1.441
1.367,2.006
1.388,1.373
1.21,-1.131
0.888,-0.829
-0.008,-1.095
-0.565,-1.059
-0.46,-0.871
-1.43,-0.792
-1.611,-1.148
-2.078,-1.102
-2.223,-1.206
-2.279,-0.965
2.693,-1.043
2.816,-0.996
2.654,-1.13
2.787,-0.938
2.493,-1.024
2.447,-0.908
2.32,-1.123
1.689,-0.891
1.719,-0.79
1.542,-0.965
1.14,-0.784
0.977,3.453
0.851,3.565
0.812,3.535
0.705,3.519
0.522,3.469
-0.363,3.282
-0.895,3.348
-1.128,3.177
-1.47,3.476
-1.817,3.413
-2.689,3.418
-2.914,3.47
3.02,3.339
2.236,3.522
1.833,3.14
1.393,3.384
1.207,3.285
1.295,3.483
-1.038,1.112
-2.234,2.322
-2.802,0.14
3.04,1.05
2.796,2.806
0.267,1.65
0.084,-0.052
-0.46,-0.058
-1.138,0.477
-2.958,2.671
2.982,2.098
2.977,1.734
2.669,0.979
2.314,-0.278
2.377,1.36
2.036,2.1
2.01,0.663
1.824,2.553
1.805,2.75
1.752,1.654
1.062,1.56
0.877,0.235
-0.648,1.482
-2.157,1.498
2.865,0.161
-0.699,2.987
0.98,-0.909
1.737,-1.257
-0.005,0.963
-0.104,1.904
-0.05,-1.073
-0.141,-0.298
-0.155,0.774
-0.139,1.576
-0.142,-0.772
-0.267,-0.779
-0.255,-1.563
-0.305,-0.555
-0.257,0.659
-0.277,0.369
-0.36,0.545
-0.372,-1.715
-0.351,1.965
-0.359,1.118
-0.416,0.15
-0.347,-0.289
-0.395,0.083
-0.388,1.845
-0.41,1.012
-0.464,-0.751
-0.452,0.822
-0.462,0.472
-0.462,-0.561
-0.507,0.857
-0.525,0.627
-0.576,-0.048
-0.587,0.619
-0.539,-0.838
-0.564,1.971
-0.63,-1.353
-0.676,2.241
-0.686,-0.586
-0.642,1.348
-0.642,-1.333
-0.732,1.287
-0.685,-0.851
-0.761,0.965
-0.767,1.51
-0.805,0.985
-0.808,1.417
-0.819,0.812
-0.858,0.444
-0.965,1.18
-0.963,0.898
-1.029,-0.121
-1.102,0.249
-1.127,1.102
-1.136,0.273
-1.116,-0.417
-1.124,0.105
-1.173,-0.412
-1.138,-0.815
-1.135,1.905
-1.227,0.065
-1.174,1.499
-1.233,1.583
-1.282,0.581
-1.217,0.413
-1.323,0.742
-1.327,1.059
-1.393,0.351
-1.489,1.991
-1.707,0.328
-1.719,-0.95
-1.7,-1.392
-1.773,-0.609
-1.74,1.562
-1.768,0.554
-1.856,1.717
-1.931,0.017
-1.979,-0.777
-1.925,-1.17
-1.936,1.867
-1.995,1.474
-1.961,1.572
-1.998,-0.692
-2.09,0.018
-2.304,2.157
-2.293,-1.563
-2.403,-0.31
-2.341,0.721
-2.405,1.144
-2.384,-0.143
-2.371,-0.056
-2.46,2.046
-2.389,0.139
-2.433,1.01
-2.518,-0.462
-2.485,0.136
-2.656,0.074
-2.613,0.653
-2.727,0.626
-2.749,-0.192
-2.754,1.067
-2.773,1.149
-3.009,-1.349
-3.023,-0.018
-3.024,0.761
-3.022,-1.463
-3.106,-1.662
-3.122,1.852
-3.135,1.576
3.108,-1.11
3.041,-1.198
3.044,1.277
3.053,-0.814
2.929,-0.087
2.902,-0.229
2.942,-1.405
2.858,-0.675
2.846,-0.036
2.844,0.749
2.847,1.75
2.81,-0.183
2.755,-0.68
2.753,2.041
2.802,0.503
2.725,1.177
2.681,0.462
2.715,0.689
2.638,0.409
2.707,-0.902
2.683,-0.403
2.668,-0.518
2.689,-0.32
2.661,1.215
2.436,-1.642
2.344,-1.204
2.288,0.631
2.259,-1.006
2.286,2.237
2.265,-0.014
2.194,1.344
2.118,-0.845
2.181,1.514
2.164,1.234
2.089,0.256
2.099,-0.515
1.976,-0.768
1.922,-0.629
1.762,0.17
1.788,-0.834
1.776,0.102
1.694,-0.522
1.638,1.63
1.477,2.027
1.412,0.209
1.388,-1.461
1.342,0.478
0.023,-1.778
-0.029,-1.784
-0.092,-1.975
-0.441,-1.858
-0.883,-2.104
-0.881,-1.768
-1.225,-2.068
-1.477,-1.948
-1.9,-1.919
-2.214,-2.028
-2.398,-2.032
-2.46,-1.764
-3.055,-2.155
3.014,-1.831
2.634,-1.734
2.53,-2.102
1.38,-1.79
1.241,2.347
0.73,2.41
0.257,2.354
0.108,2.588
0.076,2.275
-0.128,2.473
-0.693,2.553
-0.782,2.619
-1.198,2.28
-2.196,2.384
-2.481,2.67
2.894,2.327
2.804,2.506
2.677,2.295
2.54,2.74
2.36,2.608
2.203,2.584
1.986,2.615
2.033,2.297
1.54,2.457
0.585,1.765
0.604,-0.566
-0.331,2.267
-0.623,1.938
-1.108,2.181
-1.655,-1.038
3.017,1.936
2.543,1.728
1.499,0.923
1.472,-0.753
0.651,-2.137
-3.041,-1.97
1.949,-1.889
1.842,-1.926
1.37,-2.137
1.356,1.072
1.353,-0.656
1.025,-0.359
0.801,0.89
0.66,-0.174
0.768,1.926
0.684,1.033
0.532,1.316
0.635,0.02
0.66,-1.15
0.502,0.877
0.47,1.721
0.582,-0.053
0.535,1.301
0.374,-0.489
0.47,-0.97
0.236,0.859
0.248,-0.196
0.358,2.265
0.297,-0.359
0.291,0.813
0.278,1.795
0.149,0.637
0.097,1.118
0.059,1.126
-0.011,2.256
-0.02,0.828
0.056,-0.594
-0.032,2.282
-0.206,1.048
-0.135,1.031
-0.359,-1.391
-0.282,-0.177
-0.413,0.295
-0.499,-0.458
-0.422,-0.122
-0.48,-0.076
-0.612,0.201
-0.65,1.917
-0.708,0.764
-0.601,2.166
-0.659,0.15
-0.813,0.931
-0.815,-0.627
-0.862,0.813
-0.728,1.781
-0.72,1.228
-0.895,-1.525
-0.89,-0.29
-0.941,-0.393
-0.937,-0.492
-1.098,-1.405
-1.0,0.654
-1.034,1.561
-1.233,1.954
-1.22,0.088
-1.204,-1.66
-1.232,-0.445
-1.478,1.977
-1.323,0.87
-1.5,-0.607
-1.601,-1.746
-1.505,0.875
-1.689,-0.51
-1.591,1.965
-1.651,-0.758
-1.813,1.049
-1.989,-0.329
-2.099,0.038
-2.046,-1.325
-2.375,-1.712
-2.416,-0.731
-2.439,-0.222
-2.543,2.164
-2.561,1.101
-2.671,0.924
-2.719,-0.215
-2.808,0.834
-3.074,-1.492
-2.953,-1.481
-3.035,-0.613
-3.14,2.054
-3.089,-0.562
-3.078,1.633
-3.111,-0.656
3.069,0.5
2.913,1.019
2.836,1.067
2.81,-0.396
2.677,0.089
2.707,-1.527
2.529,1.143
2.394,1.961
2.403,1.785
2.528,1.88
2.343,2.039
2.45,0.665
2.227,0.97
2.227,0.755
2.152,1.543
2.172,2.186
1.988,0.363
1.928,-0.536
1.726,-0.393
1.676,-0.259
1.609,0.516
1.52,-1.648
1.488,-1.424
1.575,1.912
1.545,0.634
1.4,0.514
1.491,1.079
1.512,0.446
1.334,-2.058
1.012,-1.756
0.116,-2.022
-0.441,-1.986
-0.336,-1.798
-1.306,-1.719
-1.487,-2.075
-1.954,-2.029
-2.099,-2.133
-2.155,-1.892
2.817,-1.97
2.94,-1.923
2.778,-2.057
2.911,-1.865
2.617,-1.951
2.571,-1.835
2.444,-2.05
1.813,-1.818
1.843,-1.717
1.666,-1.892
1.264,-1.711
1.101,2.526
0.975,2.638
0.936,2.608
0.829,2.592
0.646,2.542
-0.239,2.355
-0.771,2.421
-1.004,2.25
-1.346,2.549
-1.693,2.486
-2.565,2.491
-2.79,2.543
-3.139,2.412
2.36,2.595
1.957,2.213
1.517,2.457
1.331,2.358
1.419,2.556
-0.914,0.185
-2.11,1.395
-2.678,-0.787
-3.119,0.123
2.92,1.879
0.391,0.723
0.208,-0.979
-0.336,-0.985
-1.014,-0.45
-2.834,1.744
3.106,1.171
3.101,0.807
2.793,0.052
2.438,-1.205
2.501,0.433
2.16,1.173
2.134,-0.264
1.948,1.626
1.929,1.823
1.876,0.727
1.186,0.633
1.001,-0.692
-0.524,0.555
-2.033,0.571
2.989,-0.766
-0.575,2.06
1.104,-1.836
1.861,-2.184
-0.099,0.941
-0.045,-2.036
-0.136,-1.261
-0.15,-0.189
-0.134,0.613
-0.137,-1.735
-0.262,-1.742
-0.25,-2.526
-0.3,-1.518
-0.252,-0.304
-0.272,-0.594
-0.355,-0.418
-0.367,-2.678
-0.346,1.002
-0.354,0.155
-0.411,-0.813
-0.342,-1.252
-0.39,-0.88
-0.383,0.882
-0.405,0.049
-0.459,-1.714
-0.447,-0.141
-0.457,-0.491
-0.457,-1.524
-0.502,-0.106
-0.52,-0.336
-0.571,-1.011
-0.582,-0.344
-0.534,-1.801
-0.559,1.008
-0.625,-2.316
-0.671,1.278
-0.681,-1.549
-0.637,0.385
-0.637,-2.296
-0.727,0.324
-0.68,-1.814
-0.756,0.002
-0.762,0.547
-0.8,0.022
-0.803,0.454
-0.814,-0.151
-0.853,-0.519
-0.96,0.217
-0.958,-0.065
-1.024,-1.084
-1.097,-0.714
-1.122,0.139
-1.131,-0.69
-1.111,-1.38
-1.119,-0.858
-1.168,-1.375
-1.133,-1.778
-1.13,0.942
-1.222,-0.898
-1.169,0.536
-1.228,0.62
-1.277,-0.382
-1.212,-0.55
-1.318,-0.221
-1.322,0.096
-1.388,-0.612
-1.484,1.028
-1.702,-0.635
-1.714,-1.913
-1.695,-2.355
-1.768,-1.572
-1.735,0.599
-1.763,-0.409
-1.851,0.754
-1.926,-0.946
-1.974,-1.74
-1.92,-2.133
-1.931,0.904
-1.99,0.511
-1.956,0.609
-1.993,-1.655
-2.085,-0.945
-2.299,1.194
-2.288,-2.526
-2.398,-1.273
-2.336,-0.242
-2.4,0.181
-2.379,-1.106
-2.366,-1.019
-2.455,1.083
-2.384,-0.824
-2.428,0.047
-2.513,-1.425
-2.48,-0.827
-2.651,-0.889
-2.608,-0.31
-2.722,-0.337
-2.744,-1.155
-2.749,0.104
-2.768,0.186
-3.004,-2.312
-3.018,-0.981
-3.019,-0.202
-3.017,-2.426
-3.101,-2.625
-3.117,0.889
-3.13,0.613
3.113,-2.073
3.046,-2.161
3.049,0.314
3.058,-1.777
2.934,-1.05
2.907,-1.192
2.947,-2.368
2.863,-1.638
2.851,-0.999
2.849,-0.214
2.852,0.787
2.815,-1.146
2.76,-1.643
2.758,1.078
2.807,-0.46
2.73,0.214
2.686,-0.501
2.72,-0.274
2.643,-0.554
2.712,-1.865
2.688,-1.366
2.673,-1.481
2.694,-1.283
2.666,0.252
2.441,-2.605
2.349,-2.167
2.293,-0.332
2.264,-1.969
2.291,1.274
2.27,-0.977
2.199,0.381
2.123,-1.808
2.186,0.551
2.169,0.271
2.094,-0.707
2.104,-1.478
1.981,-1.731
1.927,-1.592
1.767,-0.793
1.793,-1.797
1.781,-0.861
1.699,-1.485
1.643,0.667
1.482,1.064
1.417,-0.754
1.393,-2.424
1.347,-0.485
0.028,-2.741
-0.024,-2.747
-0.087,-2.938
-0.436,-2.821
-0.878,-3.067
-0.876,-2.731
-1.22,-3.031
-1.472,-2.911
-1.895,-2.882
-2.209,-2.991
-2.393,-2.995
-2.455,-2.727
-3.05,-3.118
3.019,-2.794
2.639,-2.697
2.535,-3.065
1.385,-2.753
1.246,1.384
0.735,1.447
0.262,1.391
0.113,1.625
0.081,1.312
-0.123,1.51
-0.688,1.59
-0.777,1.656
-1.193,1.317
-2.191,1.421
-2.476,1.707
2.899,1.364
2.809,1.543
2.682,1.332
2.545,1.777
2.365,1.645
2.208,1.621
1.991,1.652
2.038,1.334
1.545,1.494
0.59,0.802
0.609,-1.529
-0.326,1.304
-0.618,0.975
-1.103,1.218
-1.65,-2.001
3.022,0.973
2.548,0.765
1.504,-0.04
1.477,-1.716
0.656,-3.1
-3.036,-2.933
1.954,-2.852
1.847,-2.889
1.375,-3.1
1.361,0.109
1.358,-1.619
1.03,-1.322
0.806,-0.073
0.665,-1.137
0.773,0.963
0.689,0.07
0.537,0.353
0.64,-0.943
0.665,-2.113
0.507,-0.086
0.475,0.758
0.587,-1.016
0.54,0.338
0.379,-1.452
0.475,-1.933
0.241,-0.104
0.253,-1.159
0.363,1.302
0.302,-1.322
0.296,-0.15
0.283,0.832
0.154,-0.326
0.102,0.155
0.064,0.163
-0.006,1.293
-0.015,-0.135
0.061,-1.557
-0.027,1.319
-0.201,0.085
-0.13,0.068
-0.354,-2.354
-0.277,-1.14
-0.408,-0.668
-0.494,-1.421
-0.417,-1.085
-0.475,-1.039
-0.607,-0.762
-0.645,0.954
-0.703,-0.199
-0.596,1.203
-0.654,-0.813
-0.808,-0.032
-0.81,-1.59
-0.857,-0.15
-0.723,0.818
-0.715,0.265
-0.89,-2.488
-0.885,-1.253
-0.936,-1.356
-0.932,-1.455
-1.093,-2.368
-0.995,-0.309
-1.029,0.598
-1.228,0.991
-1.215,-0.875
-1.199,-2.623
-1.227,-1.408
-1.473,1.014
-1.318,-0.093
-1.495,-1.57
-1.596,-2.709
-1.5,-0.088
-1.684,-1.473
-1.586,1.002
-1.646,-1.721
-1.808,0.086
-1.984,-1.292
-2.094,-0.925
-2.041,-2.288
-2.37,-2.675
-2.411,-1.694
-2.434,-1.185
-2.538,1.201
-2.556,0.138
-2.666,-0.039
-2.714,-1.178
-2.803,-0.129
-3.069,-2.455
-2.948,-2.444
-3.03,-1.576
-3.135,1.091
-3.084,-1.525
-3.073,0.67
-3.106,-1.619
3.074,-0.463
2.918,0.056
2.841,0.104
2.815,-1.359
2.682,-0.874
2.712,-2.49
2.534,0.18
2.399,0.998
2.408,0.822
2.533,0.917
2.348,1.076
2.455,-0.298
2.232,0.007
2.232,-0.208
2.157,0.58
2.177,1.223
1.993,-0.6
1.933,-1.499
1.731,-1.356
1.681,-1.222
1.614,-0.447
1.525,-2.611
1.493,-2.387
1.58,0.949
1.55,-0.329
1.405,-0.449
1.496,0.116
1.517,-0.517
1.339,-3.021
1.017,-2.719
0.121,-2.985
-0.436,-2.949
-0.331,-2.761
-1.301,-2.682
-1.482,-3.038
-1.949,-2.992
-2.094,-3.096
-2.15,-2.855
2.822,-2.933
2.945,-2.886
2.783,-3.02
2.916,-2.828
2.622,-2.914
2.576,-2.798
2.449,-3.013
1.818,-2.781
1.848,-2.68
1.671,-2.855
1.269,-2.674
1.106,1.563
0.98,1.675
0.941,1.645
0.834,1.629
0.651,1.579
-0.234,1.392
-0.766,1.458
-0.999,1.287
-1.341,1.586
-1.688,1.523
-2.56,1.528
-2.785,1.58
-3.134,1.449
2.365,1.632
1.962,1.25
1.522,1.494
1.336,1.395
1.424,1.593
-0.909,-0.778
-2.105,0.432
-2.673,-1.75
-3.114,-0.84
2.925,0.916
0.396,-0.24
0.213,-1.942
-0.331,-1.948
-1.009,-1.413
-2.829,0.781
3.111,0.208
3.106,-0.156
2.798,-0.911
2.443,-2.168
2.506,-0.53
2.165,0.21
2.139,-1.227
1.953,0.663
1.934,0.86
1.881,-0.236
1.191,-0.33
1.006,-1.655
-0.519,-0.408
-2.028,-0.392
2.994,-1.729
-0.57,1.097
1.109,-2.799
1.866,-3.147
0.054,-2.977
-0.037,-2.202
-0.051,-1.13
-0.035,-0.328
-0.038,-2.676
-0.163,-2.683
-0.151,-3.467
-0.201,-2.459
-0.153,-1.245
-0.173,-1.535
-0.256,-1.359
-0.268,-3.619
-0.247,0.061
-0.255,-0.786
-0.312,-1.754
-0.243,-2.193
-0.291,-1.821
-0.284,-0.059
-0.306,-0.892
-0.36,-2.655
-0.348,-1.082
-0.358,-1.432
-0.358,-2.465
-0.403,-1.047
-0.421,-1.277
-0.472,-1.952
-0.483,-1.285
-0.435,-2.742
-0.46,0.067
-0.526,-3.257
-0.572,0.337
-0.582,-2.49
-0.538,-0.556
-0.538,-3.237
-0.628,-0.617
-0.581,-2.755
-0.657,-0.939
-0.663,-0.394
-0.701,-0.919
-0.704,-0.487
-0.715,-1.092
-0.754,-1.46
-0.861,-0.724
-0.859,-1.006
-0.925,-2.025
-0.998,-1.655
-1.023,-0.802
-1.032,-1.631
-1.012,-2.321
-1.02,-1.799
-1.069,-2.316
-1.034,-2.719
-1.031,0.001
-1.123,-1.839
-1.07,-0.405
-1.129,-0.321
-1.178,-1.323
-1.113,-1.491
-1.219,-1.162
-1.223,-0.845
-1.289,-1.553
-1.385,0.087
-1.603,-1.576
-1.615,-2.854
-1.596,-3.296
-1.669,-2.513
-1.636,-0.342
-1.664,-1.35
-1.752,-0.187
-1.827,-1.887
-1.875,-2.681
-1.821,-3.074
-1.832,-0.037
-1.891,-0.43
-1.857,-0.332
-1.894,-2.596
-1.986,-1.886
-2.2,0.253
-2.189,-3.467
-2.299,-2.214
-2.237,-1.183
-2.301,-0.76
-2.28,-2.047
-2.267,-1.96
-2.356,0.142
-2.285,-1.765
-2.329,-0.894
-2.414,-2.366
-2.381,-1.768
-2.552,-1.83
-2.509,-1.251
-2.623,-1.278
-2.645,-2.096
-2.65,-0.837
-2.669,-0.755
-2.905,-3.253
-2.919,-1.922
-2.92,-1.143
-2.918,-3.367
-3.002,-3.566
-3.018,-0.052
-3.031,-0.328
-3.071,-3.014
-3.138,-3.102
-3.135,-0.627
-3.126,-2.718
3.033,-1.991
3.006,-2.133
3.046,-3.309
2.962,-2.579
2.95,-1.94
2.948,-1.155
2.951,-0.154
2.914,-2.087
2.859,-2.584
2.857,0.137
2.906,-1.401
2.829,-0.727
2.785,-1.442
2.819,-1.215
2.742,-1.495
2.811,-2.806
2.787,-2.307
2.772,-2.422
2.793,-2.224
2.765,-0.689
2.54,-3.546
2.448,-3.108
2.392,-1.273
2.363,-2.91
2.39,0.333
2.369,-1.918
2.298,-0.56
2.222,-2.749
2.285,-0.39
2.268,-0.67
2.193,-1.648
2.203,-2.419
2.08,-2.672
2.026,-2.533
1.866,-1.734
1.892,-2.738
1.88,-1.802
1.798,-2.426
1.742,-0.274
1.581,0.123
1.516,-1.695
1.492,-3.365
1.446,-1.426
0.127,-3.682
0.075,-3.688
0.012,-3.879
-0.337,-3.762
-0.779,-4.008
-0.777,-3.672
-1.121,-3.972
-1.373,-3.852
-1.796,-3.823
-2.11,-3.932
-2.294,-3.936
-2.356,-3.668
-2.951,-4.059
3.118,-3.735
2.738,-3.638
2.634,-4.006
1.484,-3.694
1.345,0.443
0.834,0.506
0.361,0.45
0.212,0.684
0.18,0.371
-0.024,0.569
-0.589,0.649
-0.678,0.715
-1.094,0.376
-2.092,0.48
-2.377,0.766
2.998,0.423
2.908,0.602
2.781,0.391
2.644,0.836
2.464,0.704
2.307,0.68
2.09,0.711
2.137,0.393
1.644,0.553
0.689,-0.139
0.708,-2.47
-0.227,0.363
-0.519,0.034
-1.004,0.277
-1.551,-2.942
3.121,0.032
2.647,-0.176
1.603,-0.981
1.576,-2.657
0.755,-4.041
-2.937,-3.874
2.053,-3.793
1.946,-3.83
1.474,-4.041
1.46,-0.832
1.457,-2.56
1.129,-2.263
0.905,-1.014
0.764,-2.078
0.872,0.022
0.788,-0.871
0.636,-0.588
0.739,-1.884
0.764,-3.054
0.606,-1.027
0.574,-0.183
0.686,-1.957
0.639,-0.603
0.478,-2.393
0.574,-2.874
0.34,-1.045
0.352,-2.1
0.462,0.361
0.401,-2.263
0.395,-1.091
0.382,-0.109
0.253,-1.267
0.201,-0.786
0.163,-0.778
0.093,0.352
0.084,-1.076
0.16,-2.498
0.072,0.378
-0.102,-0.856
-0.031,-0.873
-0.255,-3.295
-0.178,-2.081
-0.309,-1.609
-0.395,-2.362
-0.318,-2.026
-0.376,-1.98
-0.508,-1.703
-0.546,0.013
-0.604,-1.14
-0.497,0.262
-0.555,-1.754
-0.709,-0.973
-0.711,-2.531
-0.758,-1.091
-0.624,-0.123
-0.616,-0.676
-0.791,-3.429
-0.786,-2.194
-0.837,-2.297
-0.833,-2.396
-0.994,-3.309
-0.896,-1.25
-0.93,-0.343
-1.129,0.05
-1.116,-1.816
-1.1,-3.564
-1.128,-2.349
-1.374,0.073
-1.219,-1.034
-1.396,-2.511
-1.497,-3.65
-1.401,-1.029
-1.585,-2.414
-1.487,0.061
-1.547,-2.662
-1.709,-0.855
-1.885,-2.233
-1.995,-1.866
-1.942,-3.229
-2.271,-3.616
-2.312,-2.635
-2.335,-2.126
-2.439,0.26
-2.457,-0.803
-2.567,-0.98
-2.615,-2.119
-2.704,-1.07
-2.97,-3.396
-2.849,-3.385
-2.931,-2.517
-3.036,0.15
-2.985,-2.466
-2.974,-0.271
-3.007,-2.56
-3.11,-1.404
3.017,-0.885
2.94,-0.837
2.914,-2.3
2.781,-1.815
2.811,-3.431
2.633,-0.761
2.498,0.057
2.507,-0.119
2.632,-0.024
2.447,0.135
2.554,-1.239
2.331,-0.934
2.331,-1.149
2.256,-0.361
2.276,0.282
2.092,-1.541
2.032,-2.44
1.83,-2.297
1.78,-2.163
1.713,-1.388
1.624,-3.552
1.592,-3.328
1.679,0.008
1.649,-1.27
1.504,-1.39
1.595,-0.825
1.616,-1.458
1.438,-3.962
1.116,-3.66
0.22,-3.926
-0.337,-3.89
-0.232,-3.702
-1.202,-3.623
-1.383,-3.979
-1.85,-3.933
-1.995,-4.037
-2.051,-3.796
2.921,-3.874
3.044,-3.827
2.882,-3.961
3.015,-3.769
2.721,-3.855
2.675,-3.739
2.548,-3.954
1.917,-3.722
1.947,-3.621
1.77,-3.796
1.368,-3.615
1.205,0.622
1.079,0.734
1.04,0.704
0.933,0.688
0.75,0.638
-0.135,0.451
-0.667,0.517
-0.9,0.346
-1.242,0.645
-1.589,0.582
-2.461,0.587
-2.686,0.639
-3.035,0.508
2.464,0.691
2.061,0.309
1.621,0.553
1.435,0.454
1.523,0.652
-0.81,-1.719
-2.006,-0.509
-2.574,-2.691
-3.015,-1.781
3.024,-0.025
0.495,-1.181
0.312,-2.883
-0.232,-2.889
-0.91,-2.354
-2.73,-0.16
-3.073,-0.733
-3.078,-1.097
2.897,-1.852
2.542,-3.109
2.605,-1.471
2.264,-0.731
2.238,-2.168
2.052,-0.278
2.033,-0.081
1.98,-1.177
1.29,-1.271
1.105,-2.596
-0.42,-1.349
-1.929,-1.333
3.093,-2.67
-0.471,0.156
1.208,-3.74
1.965,-4.088
-0.091,0.775
-0.105,1.847
-0.089,2.649
-0.092,0.301
-0.217,0.294
-0.205,-0.49
-0.255,0.518
-0.207,1.732
-0.227,1.442
-0.31,1.618
-0.322,-0.642
-0.301,3.038
-0.309,2.191
-0.366,1.223
-0.297,0.784
-0.345,1.156
-0.338,2.918
-0.36,2.085
-0.414,0.322
-0.402,1.895
-0.412,1.545
-0.412,0.512
-0.457,1.93
-0.475,1.7
-0.526,1.025
-0.537,1.692
-0.489,0.235
-0.514,3.044
-0.58,-0.28
-0.626,3.314
-0.636,0.487
-0.592,2.421
-0.592,-0.26
-0.682,2.36
-0.635,0.222
-0.711,2.038
-0.717,2.583
-0.755,2.058
-0.758,2.49
-0.769,1.885
-0.808,1.517
-0.915,2.253
-0.913,1.971
-0.979,0.952
-1.052,1.322
-1.077,2.175
-1.086,1.346
-1.066,0.656
-1.074,1.178
-1.123,0.661
-1.088,0.258
-1.085,2.978
-1.177,1.138
-1.124,2.572
-1.183,2.656
-1.232,1.654
-1.167,1.486
-1.273,1.815
-1.277,2.132
-1.343,1.424
-1.439,3.064
-1.657,1.401
-1.669,0.123
-1.65,-0.319
-1.723,0.464
-1.69,2.635
-1.718,1.627
-1.806,2.79
-1.881,1.09
-1.929,0.296
-1.875,-0.097
-1.886,2.94
-1.945,2.547
-1.911,2.645
-1.948,0.381
-2.04,1.091
-2.254,3.23
-2.243,-0.49
-2.353,0.763
-2.291,1.794
-2.355,2.217
-2.334,0.93
-2.321,1.017
-2.41,3.119
-2.339,1.212
-2.383,2.083
-2.468,0.611
-2.435,1.209
-2.606,1.147
-2.563,1.726
-2.677,1.699
-2.699,0.881
-2.704,2.14
-2.723,2.222
-2.959,-0.276
-2.973,1.055
-2.974,1.834
-2.972,-0.39
-3.056,-0.589
-3.072,2.925
-3.085,2.649
-3.125,-0.037
3.091,-0.125
3.094,2.35
3.103,0.259
2.979,0.986
2.952,0.844
2.992,-0.332
2.908,0.398
2.896,1.037
2.894,1.822
2.897,2.823
2.86,0.89
2.805,0.393
2.803,3.114
2.852,1.576
2.775,2.25
2.731,1.535
2.765,1.762
2.688,1.482
2.757,0.171
2.733,0.67
2.718,0.555
2.739,0.753
2.711,2.288
2.486,-0.569
2.394,-0.131
2.338,1.704
2.309,0.067
2.336,3.31
2.315,1.059
2.244,2.417
2.168,0.228
2.231,2.587
2.214,2.307
2.139,1.329
2.149,0.558
2.026,0.305
1.972,0.444
1.812,1.243
1.838,0.239
1.826,1.175
1.744,0.551
1.688,2.703
1.527,3.1
1.462,1.282
1.438,-0.388
1.392,1.551
0.073,-0.705
0.021,-0.711
-0.042,-0.902
-0.391,-0.785
-0.833,-1.031
-0.831,-0.695
-1.175,-0.995
-1.427,-0.875
-1.85,-0.846
-2.164,-0.955
-2.348,-0.959
-2.41,-0.691
-3.005,-1.082
3.064,-0.758
2.684,-0.661
2.58,-1.029
1.43,-0.717
1.291,3.42
0.78,3.483
0.307,3.427
0.158,3.661
0.126,3.348
-0.078,3.546
-0.643,3.626
-0.732,3.692
-1.148,3.353
-2.146,3.457
-2.431,3.743
2.944,3.4
2.854,3.579
2.727,3.368
2.59,3.813
2.41,3.681
2.253,3.657
2.036,3.688
2.083,3.37
1.59,3.53
0.635,2.838
0.654,0.507
-0.281,3.34
-0.573,3.011
-1.058,3.254
-1.605,0.035
3.067,3.009
2.593,2.801
1.549,1.996
1.522,0.32
0.701,-1.064
-2.991,-0.897
1.999,-0.816
1.892,-0.853
1.42,-1.064
1.406,2.145
1.403,0.417
1.075,0.714
0.851,1.963
0.71,0.899
0.818,2.999
0.734,2.106
0.582,2.389
0.685,1.093
0.71,-0.077
0.552,1.95
0.52,2.794
0.632,1.02
0.585,2.374
0.424,0.584
0.52,0.103
0.286,1.932
0.298,0.877
0.408,3.338
0.347,0.714
0.341,1.886
0.328,2.868
0.199,1.71
0.147,2.191
0.109,2.199
0.039,3.329
0.03,1.901
0.106,0.479
0.018,3.355
-0.156,2.121
-0.085,2.104
-0.309,-0.318
-0.232,0.896
-0.363,1.368
-0.449,0.615
-0.372,0.951
-0.43,0.997
-0.562,1.274
-0.6,2.99
-0.658,1.837
-0.551,3.239
-0.609,1.223
-0.763,2.004
-0.765,0.446
-0.812,1.886
-0.678,2.854
-0.67,2.301
-0.845,-0.452
-0.84,0.783
-0.891,0.68
-0.887,0.581
-1.048,-0.332
-0.95,1.727
-0.984,2.634
-1.183,3.027
-1.17,1.161
-1.154,-0.587
-1.182,0.628
-1.428,3.05
-1.273,1.943
-1.45,0.466
-1.551,-0.673
-1.455,1.948
-1.639,0.563
-1.541,3.038
-1.601,0.315
-1.763,2.122
-1.939,0.744
-2.049,1.111
-1.996,-0.252
-2.325,-0.639
-2.366,0.342
-2.389,0.851
-2.493,3.237
-2.511,2.174
-2.621,1.997
-2.669,0.858
-2.758,1.907
-3.024,-0.419
-2.903,-0.408
-2.985,0.46
-3.09,3.127
-3.039,0.511
-3.028,2.706
-3.061,0.417
3.119,1.573
2.963,2.092
2.886,2.14
2.86,0.677
2.727,1.162
2.757,-0.454
2.579,2.216
2.444,3.034
2.453,2.858
2.578,2.953
2.393,3.112
2.5,1.738
2.277,2.043
2.277,1.828
2.202,2.616
2.222,3.259
2.038,1.436
1.978,0.537
1.776,0.68
1.726,0.814
1.659,1.589
1.57,-0.575
1.538,-0.351
1.625,2.985
1.595,1.707
1.45,1.587
1.541,2.152
1.562,1.519
1.384,-0.985
1.062,-0.683
0.166,-0.949
-0.391,-0.913
-0.286,-0.725
-1.256,-0.646
-1.437,-1.002
-1.904,-0.956
-2.049,-1.06
-2.105,-0.819
2.867,-0.897
2.99,-0.85
2.828,-0.984
2.961,-0.792
2.667,-0.878
2.621,-0.762
2.494,-0.977
1.863,-0.745
1.893,-0.644
1.716,-0.819
1.314,-0.638
1.151,3.599
1.025,3.711
0.986,3.681
0.879,3.665
0.696,3.615
-0.189,3.428
-0.721,3.494
-0.954,3.323
-1.296,3.622
-1.643,3.559
-2.515,3.564
-2.74,3.616
-3.089,3.485
2.41,3.668
2.007,3.286
1.567,3.53
1.381,3.431
1.469,3.629
-0.864,1.258
-2.06,2.468
-2.628,0.286
-3.069,1.196
2.97,2.952
0.441,1.796
0.258,0.094
-0.286,0.088
-0.964,0.623
-2.784,2.817
-3.127,2.244
-3.132,1.88
2.843,1.125
2.488,-0.132
2.551,1.506
2.21,2.246
2.184,0.809
1.998,2.699
1.979,2.896
1.926,1.8
1.236,1.706
1.051,0.381
-0.474,1.628
-1.983,1.644
3.039,0.307
-0.525,3.133
1.154,-0.763
1.911,-1.111
-0.014,1.072
0.002,1.874
-0.001,-0.474
-0.126,-0.481
-0.114,-1.265
-0.164,-0.257
-0.116,0.957
-0.136,0.667
-0.219,0.843
-0.231,-1.417
-0.21,2.263
-0.218,1.416
-0.275,0.448
-0.206,0.009
-0.254,0.381
-0.247,2.143
-0.269,1.31
-0.323,-0.453
-0.311,1.12
-0.321,0.77
-0.321,-0.263
-0.366,1.155
-0.384,0.925
-0.435,0.25
-0.446,0.917
-0.398,-0.54
-0.423,2.269
-0.489,-1.055
-0.535,2.539
-0.545,-0.288
-0.501,1.646
-0.501,-1.035
-0.591,1.585
-0.544,-0.553
-0.62,1.263
-0.626,1.808
-0.664,1.283
-0.667,1.715
-0.678,1.11
-0.717,0.742
-0.824,1.478
-0.822,1.196
-0.888,0.177
-0.961,0.547
-0.986,1.4
-0.995,0.571
-0.975,-0.119
-0.983,0.403
-1.032,-0.114
-0.997,-0.517
-0.994,2.203
-1.086,0.363
-1.033,1.797
-1.092,1.881
-1.141,0.879
-1.076,0.711
-1.182,1.04
-1.186,1.357
-1.252,0.649
-1.348,2.289
-1.566,0.626
-1.578,-0.652
-1.559,-1.094
-1.632,-0.311
-1.599,1.86
-1.627,0.852
-1.715,2.015
-1.79,0.315
-1.838,-0.479
-1.784,-0.872
-1.795,2.165
-1.854,1.772
-1.82,1.87
-1.857,-0.394
-1.949,0.316
-2.163,2.455
-2.152,-1.265
-2.262,-0.012
-2.2,1.019
-2.264,1.442
-2.243,0.155
-2.23,0.242
-2.319,2.344
-2.248,0.437
-2.292,1.308
-2.377,-0.164
-2.344,0.434
-2.515,0.372
-2.472,0.951
-2.586,0.924
-2.608,0.106
-2.613,1.365
-2.632,1.447
-2.868,-1.051
-2.882,0.28
-2.883,1.059
-2.881,-1.165
-2.965,-1.364
-2.981,2.15
-2.994,1.874
-3.034,-0.812
-3.101,-0.9
-3.098,1.575
-3.089,-0.516
3.07,0.211
3.043,0.069
3.083,-1.107
2.999,-0.377
2.987,0.262
2.985,1.047
2.988,2.048
2.951,0.115
2.896,-0.382
2.894,2.339
2.943,0.801
2.866,1.475
2.822,0.76
2.856,0.987
2.779,0.707
2.848,-0.604
2.824,-0.105
2.809,-0.22
2.83,-0.022
2.802,1.513
2.577,-1.344
2.485,-0.906
2.429,0.929
2.4,-0.708
2.427,2.535
2.406,0.284
2.335,1.642
2.259,-0.547
2.322,1.812
2.305,1.532
2.23,0.554
2.24,-0.217
2.117,-0.47
2.063,-0.331
1.903,0.468
1.929,-0.536
1.917,0.4
1.835,-0.224
1.779,1.928
1.618,2.325
1.553,0.507
1.529,-1.163
1.483,0.776
0.164,-1.48
0.112,-1.486
0.049,-1.677
-0.3,-1.56
-0.742,-1.806
-0.74,-1.47
-1.084,-1.77
-1.336,-1.65
-1.759,-1.621
-2.073,-1.73
-2.257,-1.734
-2.319,-1.466
-2.914,-1.857
-3.128,-1.533
2.775,-1.436
2.671,-1.804
1.521,-1.492
1.382,2.645
0.871,2.708
0.398,2.652
0.249,2.886
0.217,2.573
0.013,2.771
-0.552,2.851
-0.641,2.917
-1.057,2.578
-2.055,2.682
-2.34,2.968
3.035,2.625
2.945,2.804
2.818,2.593
2.681,3.038
2.501,2.906
2.344,2.882
2.127,2.913
2.174,2.595
1.681,2.755
0.726,2.063
0.745,-0.268
-0.19,2.565
-0.482,2.236
-0.967,2.479
-1.514,-0.74
-3.125,2.234
2.684,2.026
1.64,1.221
1.613,-0.455
0.792,-1.839
-2.9,-1.672
2.09,-1.591
1.983,-1.628
1.511,-1.839
1.497,1.37
1.494,-0.358
1.166,-0.061
0.942,1.188
0.801,0.124
0.909,2.224
0.825,1.331
0.673,1.614
0.776,0.318
0.801,-0.852
0.643,1.175
0.611,2.019
0.723,0.245
0.676,1.599
0.515,-0.191
0.611,-0.672
0.377,1.157
0.389,0.102
0.499,2.563
0.438,-0.061
0.432,1.111
0.419,2.093
0.29,0.935
0.238,1.416
0.2,1.424
0.13,2.554
0.121,1.126
0.197,-0.296
0.109,2.58
-0.065,1.346
0.006,1.329
-0.218,-1.093
-0.141,0.121
-0.272,0.593
-0.358,-0.16
-0.281,0.176
-0.339,0.222
-0.471,0.499
-0.509,2.215
-0.567,1.062
-0.46,2.464
-0.518,0.448
-0.672,1.229
-0.674,-0.329
-0.721,1.111
-0.587,2.079
-0.579,1.526
-0.754,-1.227
-0.749,0.008
-0.8,-0.095
-0.796,-0.194
-0.957,-1.107
-0.859,0.952
-0.893,1.859
-1.092,2.252
-1.079,0.386
-1.063,-1.362
-1.091,-0.147
-1.337,2.275
-1.182,1.168
-1.359,-0.309
-1.46,-1.448
-1.364,1.173
-1.548,-0.212
-1.45,2.263
-1.51,-0.46
-1.672,1.347
-1.848,-0.031
-1.958,0.336
-1.905,-1.027
-2.234,-1.414
-2.275,-0.433
-2.298,0.076
-2.402,2.462
-2.42,1.399
-2.53,1.222
-2.578,0.083
-2.667,1.132
-2.933,-1.194
-2.812,-1.183
-2.894,-0.315
-2.999,2.352
-2.948,-0.264
-2.937,1.931
-2.97,-0.358
-3.073,0.798
3.054,1.317
2.977,1.365
2.951,-0.098
2.818,0.387
2.848,-1.229
2.67,1.441
2.535,2.259
2.544,2.083
2.669,2.178
2.484,2.337
2.591,0.963
2.368,1.268
2.368,1.053
2.293,1.841
2.313,2.484
2.129,0.661
2.069,-0.238
1.867,-0.095
1.817,0.039
1.75,0.814
1.661,-1.35
1.629,-1.126
1.716,2.21
1.686,0.932
1.541,0.812
1.632,1.377
1.653,0.744
1.475,-1.76
1.153,-1.458
0.257,-1.724
-0.3,-1.688
-0.195,-1.5
-1.165,-1.421
-1.346,-1.777
-1.813,-1.731
-1.958,-1.835
-2.014,-1.594
2.958,-1.672
3.081,-1.625
2.919,-1.759
3.052,-1.567
2.758,-1.653
2.712,-1.537
2.585,-1.752
1.954,-1.52
1.984,-1.419
1.807,-1.594
1.405,-1.413
1.242,2.824
1.116,2.936
1.077,2.906
0.97,2.89
0.787,2.84
-0.098,2.653
-0.63,2.719
-0.863,2.548
-1.205,2.847
-1.552,2.784
-2.424,2.789
-2.649,2.841
-2.998,2.71
2.501,2.893
2.098,2.511
1.658,2.755
1.472,2.656
1.56,2.854
-0.773,0.483
-1.969,1.693
-2.537,-0.489
-2.978,0.421
3.061,2.177
0.532,1.021
0.349,-0.681
-0.195,-0.687
-0.873,-0.152
-2.693,2.042
-3.036,1.469
-3.041,1.105
2.934,0.35
2.579,-0.907
2.642,0.731
2.301,1.471
2.275,0.034
2.089,1.924
2.07,2.121
2.017,1.025
1.327,0.931
1.142,-0.394
-0.383,0.853
-1.892,0.869
3.13,-0.468
-0.434,2.358
1.245,-1.538
2.002,-1.886
0.016,0.802
0.013,-1.546
-0.112,-1.553
-0.1,-2.337
-0.15,-1.329
-0.102,-0.115
-0.122,-0.405
-0.205,-0.229
-0.217,-2.489
-0.196,1.191
-0.204,0.344
-0.261,-0.624
-0.192,-1.063
-0.24,-0.691
-0.233,1.071
-0.255,0.238
-0.309,-1.525
-0.297,0.048
-0.307,-0.302
-0.307,-1.335
-0.352,0.083
-0.37,-0.147
-0.421,-0.822
-0.432,-0.155
-0.384,-1.612
-0.409,1.197
-0.475,-2.127
-0.521,1.467
-0.531,-1.36
-0.487,0.574
-0.487,-2.107
-0.577,0.513
-0.53,-1.625
-0.606,0.191
-0.612,0.736
-0.65,0.211
-0.653,0.643
-0.664,0.038
-0.703,-0.33
-0.81,0.406
-0.808,0.124
-0.874,-0.895
-0.947,-0.525
-0.972,0.328
-0.981,-0.501
-0.961,-1.191
-0.969,-0.669
-1.018,-1.186
-0.983,-1.589
-0.98,1.131
-1.072,-0.709
-1.019,0.725
-1.078,0.809
-1.127,-0.193
-1.062,-0.361
-1.168,-0.032
-1.172,0.285
-1.238,-0.423
-1.334,1.217
-1.552,-0.446
-1.564,-1.724
-1.545,-2.166
-1.618,-1.383
-1.585,0.788
-1.613,-0.22
-1.701,0.943
-1.776,-0.757
-1.824,-1.551
-1.77,-1.944
-1.781,1.093
-1.84,0.7
-1.806,0.798
-1.843,-1.466
-1.935,-0.756
-2.149,1.383
-2.138,-2.337
-2.248,-1.084
-2.186,-0.053
-2.25,0.37
-2.229,-0.917
-2.216,-0.83
-2.305,1.272
-2.234,-0.635
-2.278,0.236
-2.363,-1.236
-2.33,-0.638
-2.501,-0.7
-2.458,-0.121
-2.572,-0.148
-2.594,-0.966
-2.599,0.293
-2.618,0.375
-2.854,-2.123
-2.868,-0.792
-2.869,-0.013
-2.867,-2.237
-2.951,-2.436
-2.967,1.078
-2.98,0.802
-3.02,-1.884
-3.087,-1.972
-3.084,0.503
-3.075,-1.588
3.084,-0.861
3.057,-1.003
3.097,-2.179
3.013,-1.449
3.001,-0.81
2.999,-0.025
3.002,0.976
2.965,-0.957
2.91,-1.454
2.908,1.267
2.957,-0.271
2.88,0.403
2.836,-0.312
2.87,-0.085
2.793,-0.365
2.862,-1.676
2.838,-1.177
2.823,-1.292
2.844,-1.094
2.816,0.441
2.591,-2.416
2.499,-1.978
2.443,-0.143
2.414,-1.78
2.441,1.463
2.42,-0.788
2.349,0.57
2.273,-1.619
2.336,0.74
2.319,0.46
2.244,-0.518
2.254,-1.289
2.131,-1.542
2.077,-1.403
1.917,-0.604
1.943,-1.608
1.931,-0.672
1.849,-1.296
1.793,0.856
1.632,1.253
1.567,-0.565
1.543,-2.235
1.497,-0.296
0.178,-2.552
0.126,-2.558
0.063,-2.749
-0.286,-2.632
-0.728,-2.878
-0.726,-2.542
-1.07,-2.842
-1.322,-2.722
-1.745,-2.693
-2.059,-2.802
-2.243,-2.806
-2.305,-2.538
-2.9,-2.929
-3.114,-2.605
2.789,-2.508
2.685,-2.876
1.535,-2.564
1.396,1.573
0.885,1.636
0.412,1.58
0.263,1.814
0.231,1.501
0.027,1.699
-0.538,1.779
-0.627,1.845
-1.043,1.506
-2.041,1.61
-2.326,1.896
3.049,1.553
2.959,1.732
2.832,1.521
2.695,1.966
2.515,1.834
2.358,1.81
2.141,1.841
2.188,1.523
1.695,1.683
0.74,0.991
0.759,-1.34
-0.176,1.493
-0.468,1.164
-0.953,1.407
-1.5,-1.812
-3.111,1.162
2.698,0.954
1.654,0.149
1.627,-1.527
0.806,-2.911
-2.886,-2.744
2.104,-2.663
1.997,-2.7
1.525,-2.911
1.511,0.298
1.508,-1.43
1.18,-1.133
0.956,0.116
0.815,-0.948
0.923,1.152
0.839,0.259
0.687,0.542
0.79,-0.754
0.815,-1.924
0.657,0.103
0.625,0.947
0.737,-0.827
0.69,0.527
0.529,-1.263
0.625,-1.744
0.391,0.085
0.403,-0.97
0.513,1.491
0.452,-1.133
0.446,0.039
0.433,1.021
0.304,-0.137
0.252,0.344
0.214,0.352
0.144,1.482
0.135,0.054
0.211,-1.368
0.123,1.508
-0.051,0.274
0.02,0.257
-0.204,-2.165
-0.127,-0.951
-0.258,-0.479
-0.344,-1.232
-0.267,-0.896
-0.325,-0.85
-0.457,-0.573
-0.495,1.143
-0.553,-0.01
-0.446,1.392
-0.504,-0.624
-0.658,0.157
-0.66,-1.401
-0.707,0.039
-0.573,1.007
-0.565,0.454
-0.74,-2.299
-0.735,-1.064
-0.786,-1.167
-0.782,-1.266
-0.943,-2.179
-0.845,-0.12
-0.879,0.787
-1.078,1.18
-1.065,-0.686
-1.049,-2.434
-1.077,-1.219
-1.323,1.203
-1.168,0.096
-1.345,-1.381
-1.446,-2.52
-1.35,0.101
-1.534,-1.284
-1.436,1.191
-1.496,-1.532
-1.658,0.275
-1.834,-1.103
-1.944,-0.736
-1.891,-2.099
-2.22,-2.486
-2.261,-1.505
-2.284,-0.996
-2.388,1.39
-2.406,0.327
-2.516,0.15
-2.564,-0.989
-2.653,0.06
-2.919,-2.266
-2.798,-2.255
-2.88,-1.387
-2.985,1.28
-2.934,-1.336
-2.923,0.859
-2.956,-1.43
-3.059,-0.274
3.068,0.245
2.991,0.293
2.965,-1.17
2.832,-0.685
2.862,-2.301
2.684,0.369
2.549,1.187
2.558,1.011
2.683,1.106
2.498,1.265
2.605,-0.109
2.382,0.196
2.382,-0.019
2.307,0.769
2.327,1.412
2.143,-0.411
2.083,-1.31
1.881,-1.167
1.831,-1.033
1.764,-0.258
1.675,-2.422
1.643,-2.198
1.73,1.138
1.7,-0.14
1.555,-0.26
1.646,0.305
1.667,-0.328
1.489,-2.832
1.167,-2.53
0.271,-2.796
-0.286,-2.76
-0.181,-2.572
-1.151,-2.493
-1.332,-2.849
-1.799,-2.803
-1.944,-2.907
-2.0,-2.666
2.972,-2.744
3.095,-2.697
2.933,-2.831
3.066,-2.639
2.772,-2.725
2.726,-2.609
2.599,-2.824
1.968,-2.592
1.998,-2.491
1.821,-2.666
1.419,-2.485
1.256,1.752
1.13,1.864
1.091,1.834
0.984,1.818
0.801,1.768
-0.084,1.581
-0.616,1.647
-0.849,1.476
-1.191,1.775
-1.538,1.712
-2.41,1.717
-2.635,1.769
-2.984,1.638
2.515,1.821
2.112,1.439
1.672,1.683
1.486,1.584
1.574,1.782
-0.759,-0.589
-1.955,0.621
-2.523,-1.561
-2.964,-0.651
3.075,1.105
0.546,-0.051
0.363,-1.753
-0.181,-1.759
-0.859,-1.224
-2.679,0.97
-3.022,0.397
-3.027,0.033
2.948,-0.722
2.593,-1.979
2.656,-0.341
2.315,0.399
2.289,-1.038
2.103,0.852
2.084,1.049
2.031,-0.047
1.341,-0.141
1.156,-1.466
-0.369,-0.219
-1.878,-0.203
-3.139,-1.54
-0.42,1.286
1.259,-2.61
2.016,-2.958
-0.003,-2.348
-0.128,-2.355
-0.116,-3.139
-0.166,-2.131
-0.118,-0.917
-0.138,-1.207
-0.221,-1.031
-0.233,-3.291
-0.212,0.389
-0.22,-0.458
-0.277,-1.426
-0.208,-1.865
-0.256,-1.493
-0.249,0.269
-0.271,-0.564
-0.325,-2.327
-0.313,-0.754
-0.323,-1.104
-0.323,-2.137
-0.368,-0.719
-0.386,-0.949
-0.437,-1.624
-0.448,-0.957
-0.4,-2.414
-0.425,0.395
-0.491,-2.929
-0.537,0.665
-0.547,-2.162
-0.503,-0.228
-0.503,-2.909
-0.593,-0.289
-0.546,-2.427
-0.622,-0.611
-0.628,-0.066
-0.666,-0.591
-0.669,-0.159
-0.68,-0.764
-0.719,-1.132
-0.826,-0.396
-0.824,-0.678
-0.89,-1.697
-0.963,-1.327
-0.988,-0.474
-0.997,-1.303
-0.977,-1.993
-0.985,-1.471
-1.034,-1.988
-0.999,-2.391
-0.996,0.329
-1.088,-1.511
-1.035,-0.077
-1.094,0.007
-1.143,-0.995
-1.078,-1.163
-1.184,-0.834
-1.188,-0.517
-1.254,-1.225
-1.35,0.415
-1.568,-1.248
-1.58,-2.526
-1.561,-2.968
-1.634,-2.185
-1.601,-0.014
-1.629,-1.022
-1.717,0.141
-1.792,-1.559
-1.84,-2.353
-1.786,-2.746
-1.797,0.291
-1.856,-0.102
-1.822,-0.004
-1.859,-2.268
-1.951,-1.558
-2.165,0.581
-2.154,-3.139
-2.264,-1.886
-2.202,-0.855
-2.266,-0.432
-2.245,-1.719
-2.232,-1.632
-2.321,0.47
-2.25,-1.437
-2.294,-0.566
-2.379,-2.038
-2.346,-1.44
-2.517,-1.502
-2.474,-0.923
-2.588,-0.95
-2.61,-1.768
-2.615,-0.509
-2.634,-0.427
-2.87,-2.925
-2.884,-1.594
-2.885,-0.815
-2.883,-3.039
-2.967,-3.238
-2.983,0.276
-2.996,0.0
-3.036,-2.686
-3.103,-2.774
-3.1,-0.299
-3.091,-2.39
3.068,-1.663
3.041,-1.805
3.081,-2.981
2.997,-2.251
2.985,-1.612
2.983,-0.827
2.986,0.174
2.949,-1.759
2.894,-2.256
2.892,0.465
2.941,-1.073
2.864,-0.399
2.82,-1.114
2.854,-0.887
2.777,-1.167
2.846,-2.478
2.822,-1.979
2.807,-2.094
2.828,-1.896
2.8,-0.361
2.575,-3.218
2.483,-2.78
2.427,-0.945
2.398,-2.582
2.425,0.661
2.404,-1.59
2.333,-0.232
2.257,-2.421
2.32,-0.062
2.303,-0.342
2.228,-1.32
2.238,-2.091
2.115,-2.344
2.061,-2.205
1.901,-1.406
1.927,-2.41
1.915,-1.474
1.833,-2.098
1.777,0.054
1.616,0.451
1.551,-1.367
1.527,-3.037
1.481,-1.098
0.162,-3.354
0.11,-3.36
0.047,-3.551
-0.302,-3.434
-0.744,-3.68
-0.742,-3.344
-1.086,-3.644
-1.338,-3.524
-1.761,-3.495
-2.075,-3.604
-2.259,-3.608
-2.321,-3.34
-2.916,-3.731
-3.13,-3.407
2.773,-3.31
2.669,-3.678
1.519,-3.366
1.38,0.771
0.869,0.834
0.396,0.778
0.247,1.012
0.215,0.699
0.011,0.897
-0.554,0.977
-0.643,1.043
-1.059,0.704
-2.057,0.808
-2.342,1.094
3.033,0.751
2.943,0.93
2.816,0.719
2.679,1.164
2.499,1.032
2.342,1.008
2.125,1.039
2.172,0.721
1.679,0.881
0.724,0.189
0.743,-2.142
-0.192,0.691
-0.484,0.362
-0.969,0.605
-1.516,-2.614
-3.127,0.36
2.682,0.152
1.638,-0.653
1.611,-2.329
0.79,-3.713
-2.902,-3.546
2.088,-3.465
1.981,-3.502
1.509,-3.713
1.495,-0.504
1.492,-2.232
1.164,-1.935
0.94,-0.686
0.799,-1.75
0.907,0.35
0.823,-0.543
0.671,-0.26
0.774,-1.556
0.799,-2.726
0.641,-0.699
0.609,0.145
0.721,-1.629
0.674,-0.275
0.513,-2.065
0.609,-2.546
0.375,-0.717
0.387,-1.772
0.497,0.689
0.436,-1.935
0.43,-0.763
0.417,0.219
0.288,-0.939
0.236,-0.458
0.198,-0.45
0.128,0.68
0.119,-0.748
0.195,-2.17
0.107,0.706
-0.067,-0.528
0.004,-0.545
-0.22,-2.967
-0.143,-1.753
-0.274,-1.281
-0.36,-2.034
-0.283,-1.698
-0.341,-1.652
-0.473,-1.375
-0.511,0.341
-0.569,-0.812
-0.462,0.59
-0.52,-1.426
-0.674,-0.645
-0.676,-2.203
-0.723,-0.763
-0.589,0.205
-0.581,-0.348
-0.756,-3.101
-0.751,-1.866
-0.802,-1.969
-0.798,-2.068
-0.959,-2.981
-0.861,-0.922
-0.895,-0.015
-1.094,0.378
-1.081,-1.488
-1.065,-3.236
-1.093,-2.021
-1.339,0.401
-1.184,-0.706
-1.361,-2.183
-1.462,-3.322
-1.366,-0.701
-1.55,-2.086
-1.452,0.389
-1.512,-2.334
-1.674,-0.527
-1.85,-1.905
-1.96,-1.538
-1.907,-2.901
-2.236,-3.288
-2.277,-2.307
-2.3,-1.798
-2.404,0.588
-2.422,-0.475
-2.532,-0.652
-2.58,-1.791
-2.669,-0.742
-2.935,-3.068
-2.814,-3.057
-2.896,-2.189
-3.001,0.478
-2.95,-2.138
-2.939,0.057
-2.972,-2.232
-3.075,-1.076
3.052,-0.557
2.975,-0.509
2.949,-1.972
2.816,-1.487
2.846,-3.103
2.668,-0.433
2.533,0.385
2.542,0.209
2.667,0.304
2.482,0.463
2.589,-0.911
2.366,-0.606
2.366,-0.821
2.291,-0.033
2.311,0.61
2.127,-1.213
2.067,-2.112
1.865,-1.969
1.815,-1.835
1.748,-1.06
1.659,-3.224
1.627,-3.0
1.714,0.336
1.684,-0.942
1.539,-1.062
1.63,-0.497
1.651,-1.13
1.473,-3.634
1.151,-3.332
0.255,-3.598
-0.302,-3.562
-0.197,-3.374
-1.167,-3.295
-1.348,-3.651
-1.815,-3.605
-1.96,-3.709
-2.016,-3.468
2.956,-3.546
3.079,-3.499
2.917,-3.633
3.05,-3.441
2.756,-3.527
2.71,-3.411
2.583,-3.626
1.952,-3.394
1.982,-3.293
1.805,-3.468
1.403,-3.287
1.24,0.95
1.114,1.062
1.075,1.032
0.968,1.016
0.785,0.966
-0.1,0.779
-0.632,0.845
-0.865,0.674
-1.207,0.973
-1.554,0.91
-2.426,0.915
-2.651,0.967
-3.0,0.836
2.499,1.019
2.096,0.637
1.656,0.881
1.47,0.782
1.558,0.98
-0.775,-1.391
-1.971,-0.181
-2.539,-2.363
-2.98,-1.453
3.059,0.303
0.53,-0.853
0.347,-2.555
-0.197,-2.561
-0.875,-2.026
-2.695,0.168
-3.038,-0.405
-3.043,-0.769
2.932,-1.524
2.577,-2.781
2.64,-1.143
2.299,-0.403
2.273,-1.84
2.087,0.05
2.068,0.247
2.015,-0.849
1.325,-0.943
1.14,-2.268
-0.385,-1.021
-1.894,-1.005
3.128,-2.342
-0.436,0.484
1.243,-3.412
2.0,-3.76
-0.125,-0.007
-0.113,-0.791
-0.163,0.217
-0.115,1.431
-0.135,1.141
-0.218,1.317
-0.23,-0.943
-0.209,2.737
-0.217,1.89
-0.274,0.922
-0.205,0.483
-0.253,0.855
-0.246,2.617
-0.268,1.784
-0.322,0.021
-0.31,1.594
-0.32,1.244
-0.32,0.211
-0.365,1.629
-0.383,1.399
-0.434,0.724
-0.445,1.391
-0.397,-0.066
-0.422,2.743
-0.488,-0.581
-0.534,3.013
-0.544,0.186
-0.5,2.12
-0.5,-0.561
-0.59,2.059
-0.543,-0.079
-0.619,1.737
-0.625,2.282
-0.663,1.757
-0.666,2.189
-0.677,1.584
-0.716,1.216
-0.823,1.952
-0.821,1.67
-0.887,0.651
-0.96,1.021
-0.985,1.874
-0.994,1.045
-0.974,0.355
-0.982,0.877
-1.031,0.36
-0.996,-0.043
-0.993,2.677
-1.085,0.837
-1.032,2.271
-1.091,2.355
-1.14,1.353
-1.075,1.185
-1.181,1.514
-1.185,1.831
-1.251,1.123
-1.347,2.763
-1.565,1.1
-1.577,-0.178
-1.558,-0.62
-1.631,0.163
-1.598,2.334
-1.626,1.326
-1.714,2.489
-1.789,0.789
-1.837,-0.005
-1.783,-0.398
-1.794,2.639
-1.853,2.246
-1.819,2.344
-1.856,0.08
-1.948,0.79
-2.162,2.929
-2.151,-0.791
-2.261,0.462
-2.199,1.493
-2.263,1.916
-2.242,0.629
-2.229,0.716
-2.318,2.818
-2.247,0.911
-2.291,1.782
-2.376,0.31
-2.343,0.908
-2.514,0.846
-2.471,1.425
-2.585,1.398
-2.607,0.58
-2.612,1.839
-2.631,1.921
-2.867,-0.577
-2.881,0.754
-2.882,1.533
-2.88,-0.691
-2.964,-0.89
-2.98,2.624
-2.993,2.348
-3.033,-0.338
-3.1,-0.426
-3.097,2.049
-3.088,-0.042
3.071,0.685
3.044,0.543
3.084,-0.633
3.0,0.097
2.988,0.736
2.986,1.521
2.989,2.522
2.952,0.589
2.897,0.092
2.895,2.813
2.944,1.275
2.867,1.949
2.823,1.234
2.857,1.461
2.78,1.181
2.849,-0.13
2.825,0.369
2.81,0.254
2.831,0.452
2.803,1.987
2.578,-0.87
2.486,-0.432
2.43,1.403
2.401,-0.234
2.428,3.009
2.407,0.758
2.336,2.116
2.26,-0.073
2.323,2.286
2.306,2.006
2.231,1.028
2.241,0.257
2.118,0.004
2.064,0.143
1.904,0.942
1.93,-0.062
1.918,0.874
1.836,0.25
1.78,2.402
1.619,2.799
1.554,0.981
1.53,-0.689
1.484,1.25
0.165,-1.006
0.113,-1.012
0.05,-1.203
-0.299,-1.086
-0.741,-1.332
-0.739,-0.996
-1.083,-1.296
-1.335,-1.176
-1.758,-1.147
-2.072,-1.256
-2.256,-1.26
-2.318,-0.992
-2.913,-1.383
-3.127,-1.059
2.776,-0.962
2.672,-1.33
1.522,-1.018
1.383,3.119
0.872,3.182
0.399,3.126
0.25,3.36
0.218,3.047
0.014,3.245
-0.551,3.325
-0.64,3.391
-1.056,3.052
-2.054,3.156
-2.339,3.442
3.036,3.099
2.946,3.278
2.819,3.067
2.682,3.512
2.502,3.38
2.345,3.356
2.128,3.387
2.175,3.069
1.682,3.229
0.727,2.537
0.746,0.206
-0.189,3.039
-0.481,2.71
-0.966,2.953
-1.513,-0.266
-3.124,2.708
2.685,2.5
1.641,1.695
1.614,0.019
0.793,-1.365
-2.899,-1.198
2.091,-1.117
1.984,-1.154
1.512,-1.365
1.498,1.844
1.495,0.116
1.167,0.413
0.943,1.662
0.802,0.598
0.91,2.698
0.826,1.805
0.674,2.088
0.777,0.792
0.802,-0.378
0.644,1.649
0.612,2.493
0.724,0.719
0.677,2.073
0.516,0.283
0.612,-0.198
0.378,1.631
0.39,0.576
0.5,3.037
0.439,0.413
0.433,1.585
0.42,2.567
0.291,1.409
0.239,1.89
0.201,1.898
0.131,3.028
0.122,1.6
0.198,0.178
0.11,3.054
-0.064,1.82
0.007,1.803
-0.217,-0.619
-0.14,0.595
-0.271,1.067
-0.357,0.314
-0.28,0.65
-0.338,0.696
-0.47,0.973
-0.508,2.689
-0.566,1.536
-0.459,2.938
-0.517,0.922
-0.671,1.703
-0.673,0.145
-0.72,1.585
-0.586,2.553
-0.578,2.0
-0.753,-0.753
-0.748,0.482
-0.799,0.379
-0.795,0.28
-0.956,-0.633
-0.858,1.426
-0.892,2.333
-1.091,2.726
-1.078,0.86
-1.062,-0.888
-1.09,0.327
-1.336,2.749
-1.181,1.642
-1.358,0.165
-1.459,-0.974
-1.363,1.647
-1.547,0.262
-1.449,2.737
-1.509,0.014
-1.671,1.821
-1.847,0.443
-1.957,0.81
-1.904,-0.553
-2.233,-0.94
-2.274,0.041
-2.297,0.55
-2.401,2.936
-2.419,1.873
-2.529,1.696
-2.577,0.557
-2.666,1.606
-2.932,-0.72
-2.811,-0.709
-2.893,0.159
-2.998,2.826
-2.947,0.21
-2.936,2.405
-2.969,0.116
-3.072,1.272
3.055,1.791
2.978,1.839
2.952,0.376
2.819,0.861
2.849,-0.755
2.671,1.915
2.536,2.733
2.545,2.557
2.67,2.652
2.485,2.811
2.592,1.437
2.369,1.742
2.369,1.527
2.294,2.315
2.314,2.958
2.13,1.135
2.07,0.236
1.868,0.379
1.818,0.513
1.751,1.288
1.662,-0.876
1.63,-0.652
1.717,2.684
1.687,1.406
1.542,1.286
1.633,1.851
1.654,1.218
1.476,-1.286
1.154,-0.984
0.258,-1.25
-0.299,-1.214
-0.194,-1.026
-1.164,-0.947
-1.345,-1.303
-1.812,-1.257
-1.957,-1.361
-2.013,-1.12
2.959,-1.198
3.082,-1.151
2.92,-1.285
3.053,-1.093
2.759,-1.179
2.713,-1.063
2.586,-1.278
1.955,-1.046
1.985,-0.945
1.808,-1.12
1.406,-0.939
1.243,3.298
1.117,3.41
1.078,3.38
0.971,3.364
0.788,3.314
-0.097,3.127
-0.629,3.193
-0.862,3.022
-1.204,3.321
-1.551,3.258
-2.423,3.263
-2.648,3.315
-2.997,3.184
2.502,3.367
2.099,2.985
1.659,3.229
1.473,3.13
1.561,3.328
-0.772,0.957
-1.968,2.167
-2.536,-0.015
-2.977,0.895
3.062,2.651
0.533,1.495
0.35,-0.207
-0.194,-0.213
-0.872,0.322
-2.692,2.516
-3.035,1.943
-3.04,1.579
2.935,0.824
2.58,-0.433
2.643,1.205
2.302,1.945
2.276,0.508
2.09,2.398
2.071,2.595
2.018,1.499
1.328,1.405
1.143,0.08
-0.382,1.327
-1.891,1.343
3.131,0.006
-0.433,2.832
1.246,-1.064
2.003,-1.412
0.012,-0.784
-0.038,0.224
0.01,1.438
-0.01,1.148
-0.093,1.324
-0.105,-0.936
-0.084,2.744
-0.092,1.897
-0.149,0.929
-0.08,0.49
-0.128,0.862
-0.121,2.624
-0.143,1.791
-0.197,0.028
-0.185,1.601
-0.195,1.251
-0.195,0.218
-0.24,1.636
-0.258,1.406
-0.309,0.731
-0.32,1.398
-0.272,-0.059
-0.297,2.75
-0.363,-0.574
-0.409,3.02
-0.419,0.193
-0.375,2.127
-0.375,-0.554
-0.465,2.066
-0.418,-0.072
-0.494,1.744
-0.5,2.289
-0.538,1.764
-0.541,2.196
-0.552,1.591
-0.591,1.223
-0.698,1.959
-0.696,1.677
-0.762,0.658
-0.835,1.028
-0.86,1.881
-0.869,1.052
-0.849,0.362
-0.857,0.884
-0.906,0.367
-0.871,-0.036
-0.868,2.684
-0.96,0.844
-0.907,2.278
-0.966,2.362
-1.015,1.36
-0.95,1.192
-1.056,1.521
-1.06,1.838
-1.126,1.13
-1.222,2.77
-1.44,1.107
-1.452,-0.171
-1.433,-0.613
-1.506,0.17
-1.473,2.341
-1.501,1.333
-1.589,2.496
-1.664,0.796
-1.712,0.002
-1.658,-0.391
-1.669,2.646
-1.728,2.253
-1.694,2.351
-1.731,0.087
-1.823,0.797
-2.037,2.936
-2.026,-0.784
-2.136,0.469
-2.074,1.5
-2.138,1.923
-2.117,0.636
-2.104,0.723
-2.193,2.825
-2.122,0.918
-2.166,1.789
-2.251,0.317
-2.218,0.915
-2.389,0.853
-2.346,1.432
-2.46,1.405
-2.482,0.587
-2.487,1.846
-2.506,1.928
-2.742,-0.57
-2.756,0.761
-2.757,1.54
-2.755,-0.684
-2.839,-0.883
-2.855,2.631
-2.868,2.355
-2.908,-0.331
-2.975,-0.419
-2.972,2.056
-2.963,-0.035
-3.087,0.692
-3.114,0.55
-3.074,-0.626
3.125,0.104
3.113,0.743
3.111,1.528
3.114,2.529
3.077,0.596
3.022,0.099
3.02,2.82
3.069,1.282
2.992,1.956
2.948,1.241
2.982,1.468
2.905,1.188
2.974,-0.123
2.95,0.376
2.935,0.261
2.956,0.459
2.928,1.994
2.703,-0.863
2.611,-0.425
2.555,1.41
2.526,-0.227
2.553,3.016
2.532,0.765
2.461,2.123
2.385,-0.066
2.448,2.293
2.431,2.013
2.356,1.035
2.366,0.264
2.243,0.011
2.189,0.15
2.029,0.949
2.055,-0.055
2.043,0.881
1.961,0.257
1.905,2.409
1.744,2.806
1.679,0.988
1.655,-0.682
1.609,1.257
0.29,-0.999
0.238,-1.005
0.175,-1.196
-0.174,-1.079
-0.616,-1.325
-0.614,-0.989
-0.958,-1.289
-1.21,-1.169
-1.633,-1.14
-1.947,-1.249
-2.131,-1.253
-2.193,-0.985
-2.788,-1.376
-3.002,-1.052
2.901,-0.955
2.797,-1.323
1.647,-1.011
1.508,3.126
0.997,3.189
0.524,3.133
0.375,3.367
0.343,3.054
0.139,3.252
-0.426,3.332
-0.515,3.398
-0.931,3.059
-1.929,3.163
-2.214,3.449
-3.122,3.106
3.071,3.285
2.944,3.074
2.807,3.519
2.627,3.387
2.47,3.363
2.253,3.394
2.3,3.076
1.807,3.236
0.852,2.544
0.871,0.213
-0.064,3.046
-0.356,2.717
-0.841,2.96
-1.388,-0.259
-2.999,2.715
2.81,2.507
1.766,1.702
1.739,0.026
0.918,-1.358
-2.774,-1.191
2.216,-1.11
2.109,-1.147
1.637,-1.358
1.623,1.851
1.62,0.123
1.292,0.42
1.068,1.669
0.927,0.605
1.035,2.705
0.951,1.812
0.799,2.095
0.902,0.799
0.927,-0.371
0.769,1.656
0.737,2.5
0.849,0.726
0.802,2.08
0.641,0.29
0.737,-0.191
0.503,1.638
0.515,0.583
0.625,3.044
0.564,0.42
0.558,1.592
0.545,2.574
0.416,1.416
0.364,1.897
0.326,1.905
0.256,3.035
0.247,1.607
0.323,0.185
0.235,3.061
0.061,1.827
0.132,1.81
-0.092,-0.612
-0.015,0.602
-0.146,1.074
-0.232,0.321
-0.155,0.657
-0.213,0.703
-0.345,0.98
-0.383,2.696
-0.441,1.543
-0.334,2.945
-0.392,0.929
-0.546,1.71
-0.548,0.152
-0.595,1.592
-0.461,2.56
-0.453,2.007
-0.628,-0.746
-0.623,0.489
-0.674,0.386
-0.67,0.287
-0.831,-0.626
-0.733,1.433
-0.767,2.34
-0.966,2.733
-0.953,0.867
-0.937,-0.881
-0.965,0.334
-1.211,2.756
-1.056,1.649
-1.233,0.172
-1.334,-0.967
-1.238,1.654
-1.422,0.269
-1.324,2.744
-1.384,0.021
-1.546,1.828
-1.722,0.45
-1.832,0.817
-1.779,-0.546
-2.108,-0.933
-2.149,0.048
-2.172,0.557
-2.276,2.943
-2.294,1.88
-2.404,1.703
-2.452,0.564
-2.541,1.613
-2.807,-0.713
-2.686,-0.702
-2.768,0.166
-2.873,2.833
-2.822,0.217
-2.811,2.412
-2.844,0.123
-2.947,1.279
-3.103,1.798
3.103,1.846
3.077,0.383
2.944,0.868
2.974,-0.748
2.796,1.922
2.661,2.74
2.67,2.564
2.795,2.659
2.61,2.818
2.717,1.444
2.494,1.749
2.494,1.534
2.419,2.322
2.439,2.965
2.255,1.142
2.195,0.243
1.993,0.386
1.943,0.52
1.876,1.295
1.787,-0.869
1.755,-0.645
1.842,2.691
1.812,1.413
1.667,1.293
1.758,1.858
1.779,1.225
1.601,-1.279
1.279,-0.977
0.383,-1.243
-0.174,-1.207
-0.069,-1.019
-1.039,-0.94
-1.22,-1.296
-1.687,-1.25
-1.832,-1.354
-1.888,-1.113
3.084,-1.191
-3.076,-1.144
3.045,-1.278
-3.105,-1.086
2.884,-1.172
2.838,-1.056
2.711,-1.271
2.08,-1.039
2.11,-0.938
1.933,-1.113
1.531,-0.932
1.368,3.305
1.242,3.417
1.203,3.387
1.096,3.371
0.913,3.321
0.028,3.134
-0.504,3.2
-0.737,3.029
-1.079,3.328
-1.426,3.265
-2.298,3.27
-2.523,3.322
-2.872,3.191
2.627,3.374
2.224,2.992
1.784,3.236
1.598,3.137
1.686,3.335
-0.647,0.964
-1.843,2.174
-2.411,-0.008
-2.852,0.902
-3.096,2.658
0.658,1.502
0.475,-0.2
-0.069,-0.206
-0.747,0.329
-2.567,2.523
-2.91,1.95
-2.915,1.586
3.06,0.831
2.705,-0.426
2.768,1.212
2.427,1.952
2.401,0.515
2.215,2.405
2.196,2.602
2.143,1.506
1.453,1.412
1.268,0.087
-0.257,1.334
-1.766,1.35
-3.027,0.013
-0.308,2.839
1.371,-1.057
2.128,-1.405
-0.05,1.008
-0.002,2.222
-0.022,1.932
-0.105,2.108
-0.117,-0.152
-0.096,3.528
-0.104,2.681
-0.161,1.713
-0.092,1.274
-0.14,1.646
-0.133,3.408
-0.155,2.575
-0.209,0.812
-0.197,2.385
-0.207,2.035
-0.207,1.002
-0.252,2.42
-0.27,2.19
-0.321,1.515
-0.332,2.182
-0.284,0.725
-0.309,3.534
-0.375,0.21
-0.421,3.804
-0.431,0.977
-0.387,2.911
-0.387,0.23
-0.477,2.85
-0.43,0.712
-0.506,2.528
-0.512,3.073
-0.55,2.548
-0.553,2.98
-0.564,2.375
-0.603,2.007
-0.71,2.743
-0.708,2.461
-0.774,1.442
-0.847,1.812
-0.872,2.665
-0.881,1.836
-0.861,1.146
-0.869,1.668
-0.918,1.151
-0.883,0.748
-0.88,3.468
-0.972,1.628
-0.919,3.062
-0.978,3.146
-1.027,2.144
-0.962,1.976
-1.068,2.305
-1.072,2.622
-1.138,1.914
-1.234,3.554
-1.452,1.891
-1.464,0.613
-1.445,0.171
-1.518,0.954
-1.485,3.125
-1.513,2.117
-1.601,3.28
-1.676,1.58
-1.724,0.786
-1.67,0.393
-1.681,3.43
-1.74,3.037
-1.706,3.135
-1.743,0.871
-1.835,1.581
-2.049,3.72
-2.038,0.0
-2.148,1.253
-2.086,2.284
-2.15,2.707
-2.129,1.42
-2.116,1.507
-2.205,3.609
-2.134,1.702
-2.178,2.573
-2.263,1.101
-2.23,1.699
-2.401,1.637
-2.358,2.216
-2.472,2.189
-2.494,1.371
-2.499,2.63
-2.518,2.712
-2.754,0.214
-2.768,1.545
-2.769,2.324
-2.767,0.1
-2.851,-0.099
-2.867,3.415
-2.88,3.139
-2.92,0.453
-2.987,0.365
-2.984,2.84
-2.975,0.749
-3.099,1.476
-3.126,1.334
-3.086,0.158
3.113,0.888
3.101,1.527
3.099,2.312
3.102,3.313
3.065,1.38
3.01,0.883
3.008,3.604
3.057,2.066
2.98,2.74
2.936,2.025
2.97,2.252
2.893,1.972
2.962,0.661
2.938,1.16
2.923,1.045
2.944,1.243
2.916,2.778
2.691,-0.079
2.599,0.359
2.543,2.194
2.514,0.557
2.541,3.8
2.52,1.549
2.449,2.907
2.373,0.718
2.436,3.077
2.419,2.797
2.344,1.819
2.354,1.048
2.231,0.795
2.177,0.934
2.017,1.733
2.043,0.729
2.031,1.665
1.949,1.041
1.893,3.193
1.732,3.59
1.667,1.772
1.643,0.102
1.597,2.041
0.278,-0.215
0.226,-0.221
0.163,-0.412
-0.186,-0.295
-0.628,-0.541
-0.626,-0.205
-0.97,-0.505
-1.222,-0.385
-1.645,-0.356
-1.959,-0.465
-2.143,-0.469
-2.205,-0.201
-2.8,-0.592
-3.014,-0.268
2.889,-0.171
2.785,-0.539
1.635,-0.227
1.496,3.91
0.985,3.973
0.512,3.917
0.363,4.151
0.331,3.838
0.127,4.036
-0.438,4.116
-0.527,4.182
-0.943,3.843
-1.941,3.947
-2.226,4.233
-3.134,3.89
3.059,4.069
2.932,3.858
2.795,4.303
2.615,4.171
2.458,4.147
2.241,4.178
2.288,3.86
1.795,4.02
0.84,3.328
0.859,0.997
-0.076,3.83
-0.368,3.501
-0.853,3.744
-1.4,0.525
-3.011,3.499
2.798,3.291
1.754,2.486
1.727,0.81
0.906,-0.574
-2.786,-0.407
2.204,-0.326
2.097,-0.363
1.625,-0.574
1.611,2.635
1.608,0.907
1.28,1.204
1.056,2.453
0.915,1.389
1.023,3.489
0.939,2.596
0.787,2.879
0.89,1.583
0.915,0.413
0.757,2.44
0.725,3.284
0.837,1.51
0.79,2.864
0.629,1.074
0.725,0.593
0.491,2.422
0.503,1.367
0.613,3.828
0.552,1.204
0.546,2.376
0.533,3.358
0.404,2.2
0.352,2.681
0.314,2.689
0.244,3.819
0.235,2.391
0.311,0.969
0.223,3.845
0.049,2.611
0.12,2.594
-0.104,0.172
-0.027,1.386
-0.158,1.858
-0.244,1.105
-0.167,1.441
-0.225,1.487
-0.357,1.764
-0.395,3.48
-0.453,2.327
-0.346,3.729
-0.404,1.713
-0.558,2.494
-0.56,0.936
-0.607,2.376
-0.473,3.344
-0.465,2.791
-0.64,0.038
-0.635,1.273
-0.686,1.17
-0.682,1.071
-0.843,0.158
-0.745,2.217
-0.779,3.124
-0.978,3.517
-0.965,1.651
-0.949,-0.097
-0.977,1.118
-1.223,3.54
-1.068,2.433
-1.245,0.956
-1.346,-0.183
-1.25,2.438
-1.434,1.053
-1.336,3.528
-1.396,0.805
-1.558,2.612
-1.734,1.234
-1.844,1.601
-1.791,0.238
-2.12,-0.149
-2.161,0.832
-2.184,1.341
-2.288,3.727
-2.306,2.664
-2.416,2.487
-2.464,1.348
-2.553,2.397
-2.819,0.071
-2.698,0.082
-2.78,0.95
-2.885,3.617
-2.834,1.001
-2.823,3.196
-2.856,0.907
-2.959,2.063
-3.115,2.582
3.091,2.63
3.065,1.167
2.932,1.652
2.962,0.036
2.784,2.706
2.649,3.524
2.658,3.348
2.783,3.443
2.598,3.602
2.705,2.228
2.482,2.533
2.482,2.318
2.407,3.106
2.427,3.749
2.243,1.926
2.183,1.027
1.981,1.17
1.931,1.304
1.864,2.079
1.775,-0.085
1.743,0.139
1.83,3.475
1.8,2.197
1.655,2.077
1.746,2.642
1.767,2.009
1.589,-0.495
1.267,-0.193
0.371,-0.459
-0.186,-0.423
-0.081,-0.235
-1.051,-0.156
-1.232,-0.512
-1.699,-0.466
-1.844,-0.57
-1.9,-0.329
3.072,-0.407
-3.088,-0.36
3.033,-0.494
-3.117,-0.302
2.872,-0.388
2.826,-0.272
2.699,-0.487
2.068,-0.255
2.098,-0.154
1.921,-0.329
1.519,-0.148
1.356,4.089
1.23,4.201
1.191,4.171
1.084,4.155
0.901,4.105
0.016,3.918
-0.516,3.984
-0.749,3.813
-1.091,4.112
-1.438,4.049
-2.31,4.054
-2.535,4.106
-2.884,3.975
2.615,4.158
2.212,3.776
1.772,4.02
1.586,3.921
1.674,4.119
-0.659,1.748
-1.855,2.958
-2.423,0.776
-2.864,1.686
-3.108,3.442
0.646,2.286
0.463,0.584
-0.081,0.578
-0.759,1.113
-2.579,3.307
-2.922,2.734
-2.927,2.37
3.048,1.615
2.693,0.358
2.756,1.996
2.415,2.736
2.389,1.299
2.203,3.189
2.184,3.386
2.131,2.29
1.441,2.196
1.256,0.871
-0.269,2.118
-1.778,2.134
-3.039,0.797
-0.32,3.623
1.359,-0.273
2.116,-0.621
0.048,1.214
0.028,0.924
-0.055,1.1
-0.067,-1.16
-0.046,2.52
-0.054,1.673
-0.111,0.705
-0.042,0.266
-0.09,0.638
-0.083,2.4
-0.105,1.567
-0.159,-0.196
-0.147,1.377
-0.157,1.027
-0.157,-0.006
-0.202,1.412
-0.22,1.182
-0.271,0.507
-0.282,1.174
-0.234,-0.283
-0.259,2.526
-0.325,-0.798
-0.371,2.796
-0.381,-0.031
-0.337,1.903
-0.337,-0.778
-0.427,1.842
-0.38,-0.296
-0.456,1.52
-0.462,2.065
-0.5,1.54
-0.503,1.972
-0.514,1.367
-0.553,0.999
-0.66,1.735
-0.658,1.453
-0.724,0.434
-0.797,0.804
-0.822,1.657
-0.831,0.828
-0.811,0.138
-0.819,0.66
-0.868,0.143
-0.833,-0.26
-0.83,2.46
-0.922,0.62
-0.869,2.054
-0.928,2.138
-0.977,1.136
-0.912,0.968
-1.018,1.297
-1.022,1.614
-1.088,0.906
-1.184,2.546
-1.402,0.883
-1.414,-0.395
-1.395,-0.837
-1.468,-0.054
-1.435,2.117
-1.463,1.109
-1.551,2.272
-1.626,0.572
-1.674,-0.222
-1.62,-0.615
-1.631,2.422
-1.69,2.029
-1.656,2.127
-1.693,-0.137
-1.785,0.573
-1.999,2.712
-1.988,-1.008
-2.098,0.245
-2.036,1.276
-2.1,1.699
-2.079,0.412
-2.066,0.499
-2.155,2.601
-2.084,0.694
-2.128,1.565
-2.213,0.093
-2.18,0.691
-2.351,0.629
-2.308,1.208
-2.422,1.181
-2.444,0.363
-2.449,1.622
-2.468,1.704
-2.704,-0.794
-2.718,0.537
-2.719,1.316
-2.717,-0.908
-2.801,-1.107
-2.817,2.407
-2.83,2.131
-2.87,-0.555
-2.937,-0.643
-2.934,1.832
-2.925,-0.259
-3.049,0.468
-3.076,0.326
-3.036,-0.85
-3.12,-0.12
-3.132,0.519
-3.134,1.304
-3.131,2.305
3.115,0.372
3.06,-0.125
3.058,2.596
3.107,1.058
3.03,1.732
2.986,1.017
3.02,1.244
2.943,0.964
3.012,-0.347
2.988,0.152
2.973,0.037
2.994,0.235
2.966,1.77
2.741,-1.087
2.649,-0.649
2.593,1.186
2.564,-0.451
2.591,2.792
2.57,0.541
2.499,1.899
2.423,-0.29
2.486,2.069
2.469,1.789
2.394,0.811
2.404,0.04
2.281,-0.213
2.227,-0.074
2.067,0.725
2.093,-0.279
2.081,0.657
1.999,0.033
1.943,2.185
1.782,2.582
1.717,0.764
1.693,-0.906
1.647,1.033
0.328,-1.223
0.276,-1.229
0.213,-1.42
-0.136,-1.303
-0.578,-1.549
-0.576,-1.213
-0.92,-1.513
-1.172,-1.393
-1.595,-1.364
-1.909,-1.473
-2.093,-1.477
-2.155,-1.209
-2.75,-1.6
-2.964,-1.276
2.939,-1.179
2.835,-1.547
1.685,-1.235
1.546,2.902
1.035,2.965
0.562,2.909
0.413,3.143
0.381,2.83
0.177,3.028
-0.388,3.108
-0.477,3.174
-0.893,2.835
-1.891,2.939
-2.176,3.225
-3.084,2.882
3.109,3.061
2.982,2.85
2.845,3.295
2.665,3.163
2.508,3.139
2.291,3.17
2.338,2.852
1.845,3.012
0.89,2.32
0.909,-0.011
-0.026,2.822
-0.318,2.493
-0.803,2.736
-1.35,-0.483
-2.961,2.491
2.848,2.283
1.804,1.478
1.777,-0.198
0.956,-1.582
-2.736,-1.415
2.254,-1.334
2.147,-1.371
1.675,-1.582
1.661,1.627
1.658,-0.101
1.33,0.196
1.106,1.445
0.965,0.381
1.073,2.481
0.989,1.588
0.837,1.871
0.94,0.575
0.965,-0.595
0.807,1.432
0.775,2.276
0.887,0.502
0.84,1.856
0.679,0.066
0.775,-0.415
0.541,1.414
0.553,0.359
0.663,2.82
0.602,0.196
0.596,1.368
0.583,2.35
0.454,1.192
0.402,1.673
0.364,1.681
0.294,2.811
0.285,1.383
0.361,-0.039
0.273,2.837
0.099,1.603
0.17,1.586
-0.054,-0.836
0.023,0.378
-0.108,0.85
-0.194,0.097
-0.117,0.433
-0.175,0.479
-0.307,0.756
-0.345,2.472
-0.403,1.319
-0.296,2.721
-0.354,0.705
-0.508,1.486
-0.51,-0.072
-0.557,1.368
-0.423,2.336
-0.415,1.783
-0.59,-0.97
-0.585,0.265
-0.636,0.162
-0.632,0.063
-0.793,-0.85
-0.695,1.209
-0.729,2.116
-0.928,2.509
-0.915,0.643
-0.899,-1.105
-0.927,0.11
-1.173,2.532
-1.018,1.425
-1.195,-0.052
-1.296,-1.191
-1.2,1.43
-1.384,0.045
-1.286,2.52
-1.346,-0.203
-1.508,1.604
-1.684,0.226
-1.794,0.593
-1.741,-0.77
-2.07,-1.157
-2.111,-0.176
-2.134,0.333
-2.238,2.719
-2.256,1.656
-2.366,1.479
-2.414,0.34
-2.503,1.389
-2.769,-0.937
-2.648,-0.926
-2.73,-0.058
-2.835,2.609
-2.784,-0.007
-2.773,2.188
-2.806,-0.101
-2.909,1.055
-3.065,1.574
3.141,1.622
3.115,0.159
2.982,0.644
3.012,-0.972
2.834,1.698
2.699,2.516
2.708,2.34
2.833,2.435
2.648,2.594
2.755,1.22
2.532,1.525
2.532,1.31
2.457,2.098
2.477,2.741
2.293,0.918
2.233,0.019
2.031,0.162
1.981,0.296
1.914,1.071
1.825,-1.093
1.793,-0.869
1.88,2.467
1.85,1.189
1.705,1.069
1.796,1.634
1.817,1.001
1.639,-1.503
1.317,-1.201
0.421,-1.467
-0.136,-1.431
-0.031,-1.243
-1.001,-1.164
-1.182,-1.52
-1.649,-1.474
-1.794,-1.578
-1.85,-1.337
3.122,-1.415
-3.038,-1.368
3.083,-1.502
-3.067,-1.31
2.922,-1.396
2.876,-1.28
2.749,-1.495
2.118,-1.263
2.148,-1.162
1.971,-1.337
1.569,-1.156
1.406,3.081
1.28,3.193
1.241,3.163
1.134,3.147
0.951,3.097
0.066,2.91
-0.466,2.976
-0.699,2.805
-1.041,3.104
-1.388,3.041
-2.26,3.046
-2.485,3.098
-2.834,2.967
2.665,3.15
2.262,2.768
1.822,3.012
1.636,2.913
1.724,3.111
-0.609,0.74
-1.805,1.95
-2.373,-0.232
-2.814,0.678
-3.058,2.434
0.696,1.278
0.513,-0.424
-0.031,-0.43
-0.709,0.105
-2.529,2.299
-2.872,1.726
-2.877,1.362
3.098,0.607
2.743,-0.65
2.806,0.988
2.465,1.728
2.439,0.291
2.253,2.181
2.234,2.378
2.181,1.282
1.491,1.188
1.306,-0.137
-0.219,1.11
-1.728,1.126
-2.989,-0.211
-0.27,2.615
1.409,-1.281
2.166,-1.629
-0.02,-0.29
-0.103,-0.114
-0.115,-2.374
-0.094,1.306
-0.102,0.459
-0.159,-0.509
-0.09,-0.948
-0.138,-0.576
-0.131,1.186
-0.153,0.353
-0.207,-1.41
-0.195,0.163
-0.205,-0.187
-0.205,-1.22
-0.25,0.198
-0.268,-0.032
-0.319,-0.707
-0.33,-0.04
-0.282,-1.497
-0.307,1.312
-0.373,-2.012
-0.419,1.582
-0.429,-1.245
-0.385,0.689
-0.385,-1.992
-0.475,0.628
-0.428,-1.51
-0.504,0.306
-0.51,0.851
-0.548,0.326
-0.551,0.758
-0.562,0.153
-0.601,-0.215
-0.708,0.521
-0.706,0.239
-0.772,-0.78
-0.845,-0.41
-0.87,0.443
-0.879,-0.386
-0.859,-1.076
-0.867,-0.554
-0.916,-1.071
-0.881,-1.474
-0.878,1.246
-0.97,-0.594
-0.917,0.84
-0.976,0.924
-1.025,-0.078
-0.96,-0.246
-1.066,0.083
-1.07,0.4
-1.136,-0.308
-1.232,1.332
-1.45,-0.331
-1.462,-1.609
-1.443,-2.051
-1.516,-1.268
-1.483,0.903
-1.511,-0.105
-1.599,1.058
-1.674,-0.642
-1.722,-1.436
-1.668,-1.829
-1.679,1.208
-1.738,0.815
-1.704,0.913
-1.741,-1.351
-1.833,-0.641
-2.047,1.498
-2.036,-2.222
-2.146,-0.969
-2.084,0.062
-2.148,0.485
-2.127,-0.802
-2.114,-0.715
-2.203,1.387
-2.132,-0.52
-2.176,0.351
-2.261,-1.121
-2.228,-0.523
-2.399,-0.585
-2.356,-0.006
-2.47,-0.033
-2.492,-0.851
-2.497,0.408
-2.516,0.49
-2.752,-2.008
-2.766,-0.677
-2.767,0.102
-2.765,-2.122
-2.849,-2.321
-2.865,1.193
-2.878,0.917
-2.918,-1.769
-2.985,-1.857
-2.982,0.618
-2.973,-1.473
-3.097,-0.746
-3.124,-0.888
-3.084,-2.064
3.115,-1.334
3.103,-0.695
3.101,0.09
3.104,1.091
3.067,-0.842
3.012,-1.339
3.01,1.382
3.059,-0.156
2.982,0.518
2.938,-0.197
2.972,0.03
2.895,-0.25
2.964,-1.561
2.94,-1.062
2.925,-1.177
2.946,-0.979
2.918,0.556
2.693,-2.301
2.601,-1.863
2.545,-0.028
2.516,-1.665
2.543,1.578
2.522,-0.673
2.451,0.685
2.375,-1.504
2.438,0.855
2.421,0.575
2.346,-0.403
2.356,-1.174
2.233,-1.427
2.179,-1.288
2.019,-0.489
2.045,-1.493
2.033,-0.557
1.951,-1.181
1.895,0.971
1.734,1.368
1.669,-0.45
1.645,-2.12
1.599,-0.181
0.28,-2.437
0.228,-2.443
0.165,-2.634
-0.184,-2.517
-0.626,-2.763
-0.624,-2.427
-0.968,-2.727
-1.22,-2.607
-1.643,-2.578
-1.957,-2.687
-2.141,-2.691
-2.203,-2.423
-2.798,-2.814
-3.012,-2.49
2.891,-2.393
2.787,-2.761
1.637,-2.449
1.498,1.688
0.987,1.751
0.514,1.695
0.365,1.929
0.333,1.616
0.129,1.814
-0.436,1.894
-0.525,1.96
-0.941,1.621
-1.939,1.725
-2.224,2.011
-3.132,1.668
3.061,1.847
2.934,1.636
2.797,2.081
2.617,1.949
2.46,1.925
2.243,1.956
2.29,1.638
1.797,1.798
0.842,1.106
0.861,-1.225
-0.074,1.608
-0.366,1.279
-0.851,1.522
-1.398,-1.697
-3.009,1.277
2.8,1.069
1.756,0.264
1.729,-1.412
0.908,-2.796
-2.784,-2.629
2.206,-2.548
2.099,-2.585
1.627,-2.796
1.613,0.413
1.61,-1.315
1.282,-1.018
1.058,0.231
0.917,-0.833
1.025,1.267
0.941,0.374
0.789,0.657
0.892,-0.639
0.917,-1.809
0.759,0.218
0.727,1.062
0.839,-0.712
0.792,0.642
0.631,-1.148
0.727,-1.629
0.493,0.2
0.505,-0.855
0.615,1.606
0.554,-1.018
0.548,0.154
0.535,1.136
0.406,-0.022
0.354,0.459
0.316,0.467
0.246,1.597
0.237,0.169
0.313,-1.253
0.225,1.623
0.051,0.389
0.122,0.372
-0.102,-2.05
-0.025,-0.836
-0.156,-0.364
-0.242,-1.117
-0.165,-0.781
-0.223,-0.735
-0.355,-0.458
-0.393,1.258
-0.451,0.105
-0.344,1.507
-0.402,-0.509
-0.556,0.272
-0.558,-1.286
-0.605,0.154
-0.471,1.122
-0.463,0.569
-0.638,-2.184
-0.633,-0.949
-0.684,-1.052
-0.68,-1.151
-0.841,-2.064
-0.743,-0.005
-0.777,0.902
-0.976,1.295
-0.963,-0.571
-0.947,-2.319
-0.975,-1.104
-1.221,1.318
-1.066,0.211
-1.243,-1.266
-1.344,-2.405
-1.248,0.216
-1.432,-1.169
-1.334,1.306
-1.394,-1.417
-1.556,0.39
-1.732,-0.988
-1.842,-0.621
-1.789,-1.984
-2.118,-2.371
-2.159,-1.39
-2.182,-0.881
-2.286,1.505
-2.304,0.442
-2.414,0.265
-2.462,-0.874
-2.551,0.175
-2.817,-2.151
-2.696,-2.14
-2.778,-1.272
-2.883,1.395
-2.832,-1.221
-2.821,0.974
-2.854,-1.315
-2.957,-0.159
-3.113,0.36
3.093,0.408
3.067,-1.055
2.934,-0.57
2.964,-2.186
2.786,0.484
2.651,1.302
2.66,1.126
2.785,1.221
2.6,1.38
2.707,0.006
2.484,0.311
2.484,0.096
2.409,0.884
2.429,1.527
2.245,-0.296
2.185,-1.195
1.983,-1.052
1.933,-0.918
1.866,-0.143
1.777,-2.307
1.745,-2.083
1.832,1.253
1.802,-0.025
1.657,-0.145
1.748,0.42
1.769,-0.213
1.591,-2.717
1.269,-2.415
0.373,-2.681
-0.184,-2.645
-0.079,-2.457
-1.049,-2.378
-1.23,-2.734
-1.697,-2.688
-1.842,-2.792
-1.898,-2.551
3.074,-2.629
-3.086,-2.582
3.035,-2.716
-3.115,-2.524
2.874,-2.61
2.828,-2.494
2.701,-2.709
2.07,-2.477
2.1,-2.376
1.923,-2.551
1.521,-2.37
1.358,1.867
1.232,1.979
1.193,1.949
1.086,1.933
0.903,1.883
0.018,1.696
-0.514,1.762
-0.747,1.591
-1.089,1.89
-1.436,1.827
-2.308,1.832
-2.533,1.884
-2.882,1.753
2.617,1.936
2.214,1.554
1.774,1.798
1.588,1.699
1.676,1.897
-0.657,-0.474
-1.853,0.736
-2.421,-1.446
-2.862,-0.536
-3.106,1.22
0.648,0.064
0.465,-1.638
-0.079,-1.644
-0.757,-1.109
-2.577,1.085
-2.92,0.512
-2.925,0.148
3.05,-0.607
2.695,-1.864
2.758,-0.226
2.417,0.514
2.391,-0.923
2.205,0.967
2.186,1.164
2.133,0.068
1.443,-0.026
1.258,-1.351
-0.267,-0.104
-1.776,-0.088
-3.037,-1.425
-0.318,1.401
1.361,-2.495
2.118,-2.843
-0.083,0.176
-0.095,-2.084
-0.074,1.596
-0.082,0.749
-0.139,-0.219
-0.07,-0.658
-0.118,-0.286
-0.111,1.476
-0.133,0.643
-0.187,-1.12
-0.175,0.453
-0.185,0.103
-0.185,-0.93
-0.23,0.488
-0.248,0.258
-0.299,-0.417
-0.31,0.25
-0.262,-1.207
-0.287,1.602
-0.353,-1.722
-0.399,1.872
-0.409,-0.955
-0.365,0.979
-0.365,-1.702
-0.455,0.918
-0.408,-1.22
-0.484,0.596
-0.49,1.141
-0.528,0.616
-0.531,1.048
-0.542,0.443
-0.581,0.075
-0.688,0.811
-0.686,0.529
-0.752,-0.49
-0.825,-0.12
-0.85,0.733
-0.859,-0.096
-0.839,-0.786
-0.847,-0.264
-0.896,-0.781
-0.861,-1.184
-0.858,1.536
-0.95,-0.304
-0.897,1.13
-0.956,1.214
-1.005,0.212
-0.94,0.044
-1.046,0.373
-1.05,0.69
-1.116,-0.018
-1.212,1.622
-1.43,-0.041
-1.442,-1.319
-1.423,-1.761
-1.496,-0.978
-1.463,1.193
-1.491,0.185
-1.579,1.348
-1.654,-0.352
-1.702,-1.146
-1.648,-1.539
-1.659,1.498
-1.718,1.105
-1.684,1.203
-1.721,-1.061
-1.813,-0.351
-2.027,1.788
-2.016,-1.932
-2.126,-0.679
-2.064,0.352
-2.128,0.775
-2.107,-0.512
-2.094,-0.425
-2.183,1.677
-2.112,-0.23
-2.156,0.641
-2.241,-0.831
-2.208,-0.233
-2.379,-0.295
-2.336,0.284
-2.45,0.257
-2.472,-0.561
-2.477,0.698
-2.496,0.78
-2.732,-1.718
-2.746,-0.387
-2.747,0.392
-2.745,-1.832
-2.829,-2.031
-2.845,1.483
-2.858,1.207
-2.898,-1.479
-2.965,-1.567
-2.962,0.908
-2.953,-1.183
-3.077,-0.456
-3.104,-0.598
-3.064,-1.774
3.135,-1.044
3.123,-0.405
3.121,0.38
3.124,1.381
3.087,-0.552
3.032,-1.049
3.03,1.672
3.079,0.134
3.002,0.808
2.958,0.093
2.992,0.32
2.915,0.04
2.984,-1.271
2.96,-0.772
2.945,-0.887
2.966,-0.689
2.938,0.846
2.713,-2.011
2.621,-1.573
2.565,0.262
2.536,-1.375
2.563,1.868
2.542,-0.383
2.471,0.975
2.395,-1.214
2.458,1.145
2.441,0.865
2.366,-0.113
2.376,-0.884
2.253,-1.137
2.199,-0.998
2.039,-0.199
2.065,-1.203
2.053,-0.267
1.971,-0.891
1.915,1.261
1.754,1.658
1.689,-0.16
1.665,-1.83
1.619,0.109
0.3,-2.147
0.248,-2.153
0.185,-2.344
-0.164,-2.227
-0.606,-2.473
-0.604,-2.137
-0.948,-2.437
-1.2,-2.317
-1.623,-2.288
-1.937,-2.397
-2.121,-2.401
-2.183,-2.133
-2.778,-2.524
-2.992,-2.2
2.911,-2.103
2.807,-2.471
1.657,-2.159
1.518,1.978
1.007,2.041
0.534,1.985
0.385,2.219
0.353,1.906
0.149,2.104
-0.416,2.184
-0.505,2.25
-0.921,1.911
-1.919,2.015
-2.204,2.301
-3.112,1.958
3.081,2.137
2.954,1.926
2.817,2.371
2.637,2.239
2.48,2.215
2.263,2.246
2.31,1.928
1.817,2.088
0.862,1.396
0.881,-0.935
-0.054,1.898
-0.346,1.569
-0.831,1.812
-1.378,-1.407
-2.989,1.567
2.82,1.359
1.776,0.554
1.749,-1.122
0.928,-2.506
-2.764,-2.339
2.226,-2.258
2.119,-2.295
1.647,-2.506
1.633,0.703
1.63,-1.025
1.302,-0.728
1.078,0.521
0.937,-0.543
1.045,1.557
0.961,0.664
0.809,0.947
0.912,-0.349
0.937,-1.519
0.779,0.508
0.747,1.352
0.859,-0.422
0.812,0.932
0.651,-0.858
0.747,-1.339
0.513,0.49
0.525,-0.565
0.635,1.896
0.574,-0.728
0.568,0.444
0.555,1.426
0.426,0.268
0.374,0.749
0.336,0.757
0.266,1.887
0.257,0.459
0.333,-0.963
0.245,1.913
0.071,0.679
0.142,0.662
-0.082,-1.76
-0.005,-0.546
-0.136,-0.074
-0.222,-0.827
-0.145,-0.491
-0.203,-0.445
-0.335,-0.168
-0.373,1.548
-0.431,0.395
-0.324,1.797
-0.382,-0.219
-0.536,0.562
-0.538,-0.996
-0.585,0.444
-0.451,1.412
-0.443,0.859
-0.618,-1.894
-0.613,-0.659
-0.664,-0.762
-0.66,-0.861
-0.821,-1.774
-0.723,0.285
-0.757,1.192
-0.956,1.585
-0.943,-0.281
-0.927,-2.029
-0.955,-0.814
-1.201,1.608
-1.046,0.501
-1.223,-0.976
-1.324,-2.115
-1.228,0.506
-1.412,-0.879
-1.314,1.596
-1.374,-1.127
-1.536,0.68
-1.712,-0.698
-1.822,-0.331
-1.769,-1.694
-2.098,-2.081
-2.139,-1.1
-2.162,-0.591
-2.266,1.795
-2.284,0.732
-2.394,0.555
-2.442,-0.584
-2.531,0.465
-2.797,-1.861
-2.676,-1.85
-2.758,-0.982
-2.863,1.685
-2.812,-0.931
-2.801,1.264
-2.834,-1.025
-2.937,0.131
-3.093,0.65
3.113,0.698
3.087,-0.765
2.954,-0.28
2.984,-1.896
2.806,0.774
2.671,1.592
2.68,1.416
2.805,1.511
2.62,1.67
2.727,0.296
2.504,0.601
2.504,0.386
2.429,1.174
2.449,1.817
2.265,-0.006
2.205,-0.905
2.003,-0.762
1.953,-0.628
1.886,0.147
1.797,-2.017
1.765,-1.793
1.852,1.543
1.822,0.265
1.677,0.145
1.768,0.71
1.789,0.077
1.611,-2.427
1.289,-2.125
0.393,-2.391
-0.164,-2.355
-0.059,-2.167
-1.029,-2.088
-1.21,-2.444
-1.677,-2.398
-1.822,-2.502
-1.878,-2.261
3.094,-2.339
-3.066,-2.292
3.055,-2.426
-3.095,-2.234
2.894,-2.32
2.848,-2.204
2.721,-2.419
2.09,-2.187
2.12,-2.086
1.943,-2.261
1.541,-2.08
1.378,2.157
1.252,2.269
1.213,2.239
1.106,2.223
0.923,2.173
0.038,1.986
-0.494,2.052
-0.727,1.881
-1.069,2.18
-1.416,2.117
-2.288,2.122
-2.513,2.174
-2.862,2.043
2.637,2.226
2.234,1.844
1.794,2.088
1.608,1.989
1.696,2.187
-0.637,-0.184
-1.833,1.026
-2.401,-1.156
-2.842,-0.246
-3.086,1.51
0.668,0.354
0.485,-1.348
-0.059,-1.354
-0.737,-0.819
-2.557,1.375
-2.9,0.802
-2.905,0.438
3.07,-0.317
2.715,-1.574
2.778,0.064
2.437,0.804
2.411,-0.633
2.225,1.257
2.206,1.454
2.153,0.358
1.463,0.264
1.278,-1.061
-0.247,0.186
-1.756,0.202
-3.017,-1.135
-0.298,1.691
1.381,-2.205
2.138,-2.553
-0.012,-2.26
0.009,1.42
0.001,0.573
-0.056,-0.395
0.013,-0.834
-0.035,-0.462
-0.028,1.3
-0.05,0.467
-0.104,-1.296
-0.092,0.277
-0.102,-0.073
-0.102,-1.106
-0.147,0.312
-0.165,0.082
-0.216,-0.593
-0.227,0.074
-0.179,-1.383
-0.204,1.426
-0.27,-1.898
-0.316,1.696
-0.326,-1.131
-0.282,0.803
-0.282,-1.878
-0.372,0.742
-0.325,-1.396
-0.401,0.42
-0.407,0.965
-0.445,0.44
-0.448,0.872
-0.459,0.267
-0.498,-0.101
-0.605,0.635
-0.603,0.353
-0.669,-0.666
-0.742,-0.296
-0.767,0.557
-0.776,-0.272
-0.756,-0.962
-0.764,-0.44
-0.813,-0.957
-0.778,-1.36
-0.775,1.36
-0.867,-0.48
-0.814,0.954
-0.873,1.038
-0.922,0.036
-0.857,-0.132
-0.963,0.197
-0.967,0.514
-1.033,-0.194
-1.129,1.446
-1.347,-0.217
-1.359,-1.495
-1.34,-1.937
-1.413,-1.154
-1.38,1.017
-1.408,0.009
-1.496,1.172
-1.571,-0.528
-1.619,-1.322
-1.565,-1.715
-1.576,1.322
-1.635,0.929
-1.601,1.027
-1.638,-1.237
-1.73,-0.527
-1.944,1.612
-1.933,-2.108
-2.043,-0.855
-1.981,0.176
-2.045,0.599
-2.024,-0.688
-2.011,-0.601
-2.1,1.501
-2.029,-0.406
-2.073,0.465
-2.158,-1.007
-2.125,-0.409
-2.296,-0.471
-2.253,0.108
-2.367,0.081
-2.389,-0.737
-2.394,0.522
-2.413,0.604
-2.649,-1.894
-2.663,-0.563
-2.664,0.216
-2.662,-2.008
-2.746,-2.207
-2.762,1.307
-2.775,1.031
-2.815,-1.655
-2.882,-1.743
-2.879,0.732
-2.87,-1.359
-2.994,-0.632
-3.021,-0.774
-2.981,-1.95
-3.065,-1.22
-3.077,-0.581
-3.079,0.204
-3.076,1.205
-3.113,-0.728
3.115,-1.225
3.113,1.496
-3.121,-0.042
3.085,0.632
3.041,-0.083
3.075,0.144
2.998,-0.136
3.067,-1.447
3.043,-0.948
3.028,-1.063
3.049,-0.865
3.021,0.67
2.796,-2.187
2.704,-1.749
2.648,0.086
2.619,-1.551
2.646,1.692
2.625,-0.559
2.554,0.799
2.478,-1.39
2.541,0.969
2.524,0.689
2.449,-0.289
2.459,-1.06
2.336,-1.313
2.282,-1.174
2.122,-0.375
2.148,-1.379
2.136,-0.443
2.054,-1.067
1.998,1.085
1.837,1.482
1.772,-0.336
1.748,-2.006
1.702,-0.067
0.383,-2.323
0.331,-2.329
0.268,-2.52
-0.081,-2.403
-0.523,-2.649
-0.521,-2.313
-0.865,-2.613
-1.117,-2.493
-1.54,-2.464
-1.854,-2.573
-2.038,-2.577
-2.1,-2.309
-2.695,-2.7
-2.909,-2.376
2.994,-2.279
2.89,-2.647
1.74,-2.335
1.601,1.802
1.09,1.865
0.617,1.809
0.468,2.043
0.436,1.73
0.232,1.928
-0.333,2.008
-0.422,2.074
-0.838,1.735
-1.836,1.839
-2.121,2.125
-3.029,1.782
-3.119,1.961
3.037,1.75
2.9,2.195
2.72,2.063
2.563,2.039
2.346,2.07
2.393,1.752
1.9,1.912
0.945,1.22
0.964,-1.111
0.029,1.722
-0.263,1.393
-0.748,1.636
-1.295,-1.583
-2.906,1.391
2.903,1.183
1.859,0.378
1.832,-1.298
1.011,-2.682
-2.681,-2.515
2.309,-2.434
2.202,-2.471
1.73,-2.682
1.716,0.527
1.713,-1.201
1.385,-0.904
1.161,0.345
1.02,-0.719
1.128,1.381
1.044,0.488
0.892,0.771
0.995,-0.525
1.02,-1.695
0.862,0.332
0.83,1.176
0.942,-0.598
0.895,0.756
0.734,-1.034
0.83,-1.515
0.596,0.314
0.608,-0.741
0.718,1.72
0.657,-0.904
0.651,0.268
0.638,1.25
0.509,0.092
0.457,0.573
0.419,0.581
0.349,1.711
0.34,0.283
0.416,-1.139
0.328,1.737
0.154,0.503
0.225,0.486
0.001,-1.936
0.078,-0.722
-0.053,-0.25
-0.139,-1.003
-0.062,-0.667
-0.12,-0.621
-0.252,-0.344
-0.29,1.372
-0.348,0.219
-0.241,1.621
-0.299,-0.395
-0.453,0.386
-0.455,-1.172
-0.502,0.268
-0.368,1.236
-0.36,0.683
-0.535,-2.07
-0.53,-0.835
-0.581,-0.938
-0.577,-1.037
-0.738,-1.95
-0.64,0.109
-0.674,1.016
-0.873,1.409
-0.86,-0.457
-0.844,-2.205
-0.872,-0.99
-1.118,1.432
-0.963,0.325
-1.14,-1.152
-1.241,-2.291
-1.145,0.33
-1.329,-1.055
-1.231,1.42
-1.291,-1.303
-1.453,0.504
-1.629,-0.874
-1.739,-0.507
-1.686,-1.87
-2.015,-2.257
-2.056,-1.276
-2.079,-0.767
-2.183,1.619
-2.201,0.556
-2.311,0.379
-2.359,-0.76
-2.448,0.289
-2.714,-2.037
-2.593,-2.026
-2.675,-1.158
-2.78,1.509
-2.729,-1.107
-2.718,1.088
-2.751,-1.201
-2.854,-0.045
-3.01,0.474
-3.087,0.522
-3.113,-0.941
3.037,-0.456
3.067,-2.072
2.889,0.598
2.754,1.416
2.763,1.24
2.888,1.335
2.703,1.494
2.81,0.12
2.587,0.425
2.587,0.21
2.512,0.998
2.532,1.641
2.348,-0.182
2.288,-1.081
2.086,-0.938
2.036,-0.804
1.969,-0.029
1.88,-2.193
1.848,-1.969
1.935,1.367
1.905,0.089
1.76,-0.031
1.851,0.534
1.872,-0.099
1.694,-2.603
1.372,-2.301
0.476,-2.567
-0.081,-2.531
0.024,-2.343
-0.946,-2.264
-1.127,-2.62
-1.594,-2.574
-1.739,-2.678
-1.795,-2.437
-3.106,-2.515
-2.983,-2.468
3.138,-2.602
-3.012,-2.41
2.977,-2.496
2.931,-2.38
2.804,-2.595
2.173,-2.363
2.203,-2.262
2.026,-2.437
1.624,-2.256
1.461,1.981
1.335,2.093
1.296,2.063
1.189,2.047
1.006,1.997
0.121,1.81
-0.411,1.876
-0.644,1.705
-0.986,2.004
-1.333,1.941
-2.205,1.946
-2.43,1.998
-2.779,1.867
2.72,2.05
2.317,1.668
1.877,1.912
1.691,1.813
1.779,2.011
-0.554,-0.36
-1.75,0.85
-2.318,-1.332
-2.759,-0.422
-3.003,1.334
0.751,0.178
0.568,-1.524
0.024,-1.53
-0.654,-0.995
-2.474,1.199
-2.817,0.626
-2.822,0.262
-3.13,-0.493
2.798,-1.75
2.861,-0.112
2.52,0.628
2.494,-0.809
2.308,1.081
2.289,1.278
2.236,0.182
1.546,0.088
1.361,-1.237
-0.164,0.01
-1.673,0.026
-2.934,-1.311
-0.215,1.515
1.464,-2.381
2.221,-2.729
0.021,3.68
0.013,2.833
-0.044,1.865
0.025,1.426
-0.023,1.798
-0.016,3.56
-0.038,2.727
-0.092,0.964
-0.08,2.537
-0.09,2.187
-0.09,1.154
-0.135,2.572
-0.153,2.342
-0.204,1.667
-0.215,2.334
-0.167,0.877
-0.192,3.686
-0.258,0.362
-0.304,3.956
-0.314,1.129
-0.27,3.063
-0.27,0.382
-0.36,3.002
-0.313,0.864
-0.389,2.68
-0.395,3.225
-0.433,2.7
-0.436,3.132
-0.447,2.527
-0.486,2.159
-0.593,2.895
-0.591,2.613
-0.657,1.594
-0.73,1.964
-0.755,2.817
-0.764,1.988
-0.744,1.298
-0.752,1.82
-0.801,1.303
-0.766,0.9
-0.763,3.62
-0.855,1.78
-0.802,3.214
-0.861,3.298
-0.91,2.296
-0.845,2.128
-0.951,2.457
-0.955,2.774
-1.021,2.066
-1.117,3.706
-1.335,2.043
-1.347,0.765
-1.328,0.323
-1.401,1.106
-1.368,3.277
-1.396,2.269
-1.484,3.432
-1.559,1.732
-1.607,0.938
-1.553,0.545
-1.564,3.582
-1.623,3.189
-1.589,3.287
-1.626,1.023
-1.718,1.733
-1.932,3.872
-1.921,0.152
-2.031,1.405
-1.969,2.436
-2.033,2.859
-2.012,1.572
-1.999,1.659
-2.088,3.761
-2.017,1.854
-2.061,2.725
-2.146,1.253
-2.113,1.851
-2.284,1.789
-2.241,2.368
-2.355,2.341
-2.377,1.523
-2.382,2.782
-2.401,2.864
-2.637,0.366
-2.651,1.697
-2.652,2.476
-2.65,0.252
-2.734,0.053
-2.75,3.567
-2.763,3.291
-2.803,0.605
-2.87,0.517
-2.867,2.992
-2.858,0.901
-2.982,1.628
-3.009,1.486
-2.969,0.31
-3.053,1.04
-3.065,1.679
-3.067,2.464
-3.064,3.465
-3.101,1.532
3.127,1.035
3.125,3.756
-3.109,2.218
3.097,2.892
3.053,2.177
3.087,2.404
3.01,2.124
3.079,0.813
3.055,1.312
3.04,1.197
3.061,1.395
3.033,2.93
2.808,0.073
2.716,0.511
2.66,2.346
2.631,0.709
2.658,3.952
2.637,1.701
2.566,3.059
2.49,0.87
2.553,3.229
2.536,2.949
2.461,1.971
2.471,1.2
2.348,0.947
2.294,1.086
2.134,1.885
2.16,0.881
2.148,1.817
2.066,1.193
2.01,3.345
1.849,3.742
1.784,1.924
1.76,0.254
1.714,2.193
0.395,-0.063
0.343,-0.069
0.28,-0.26
-0.069,-0.143
-0.511,-0.389
-0.509,-0.053
-0.853,-0.353
-1.105,-0.233
-1.528,-0.204
-1.842,-0.313
-2.026,-0.317
-2.088,-0.049
-2.683,-0.44
-2.897,-0.116
3.006,-0.019
2.902,-0.387
1.752,-0.075
1.613,4.062
1.102,4.125
0.629,4.069
0.48,4.303
0.448,3.99
0.244,4.188
-0.321,4.268
-0.41,4.334
-0.826,3.995
-1.824,4.099
-2.109,4.385
-3.017,4.042
-3.107,4.221
3.049,4.01
2.912,4.455
2.732,4.323
2.575,4.299
2.358,4.33
2.405,4.012
1.912,4.172
0.957,3.48
0.976,1.149
0.041,3.982
-0.251,3.653
-0.736,3.896
-1.283,0.677
-2.894,3.651
2.915,3.443
1.871,2.638
1.844,0.962
1.023,-0.422
-2.669,-0.255
2.321,-0.174
2.214,-0.211
1.742,-0.422
1.728,2.787
1.725,1.059
1.397,1.356
1.173,2.605
1.032,1.541
1.14,3.641
1.056,2.748
0.904,3.031
1.007,1.735
1.032,0.565
0.874,2.592
0.842,3.436
0.954,1.662
0.907,3.016
0.746,1.226
0.842,0.745
0.608,2.574
0.62,1.519
0.73,3.98
0.669,1.356
0.663,2.528
0.65,3.51
0.521,2.352
0.469,2.833
0.431,2.841
0.361,3.971
0.352,2.543
0.428,1.121
0.34,3.997
0.166,2.763
0.237,2.746
0.013,0.324
0.09,1.538
-0.041,2.01
-0.127,1.257
-0.05,1.593
-0.108,1.639
-0.24,1.916
-0.278,3.632
-0.336,2.479
-0.229,3.881
-0.287,1.865
-0.441,2.646
-0.443,1.088
-0.49,2.528
-0.356,3.496
-0.348,2.943
-0.523,0.19
-0.518,1.425
-0.569,1.322
-0.565,1.223
-0.726,0.31
-0.628,2.369
-0.662,3.276
-0.861,3.669
-0.848,1.803
-0.832,0.055
-0.86,1.27
-1.106,3.692
-0.951,2.585
-1.128,1.108
-1.229,-0.031
-1.133,2.59
-1.317,1.205
-1.219,3.68
-1.279,0.957
-1.441,2.764
-1.617,1.386
-1.727,1.753
-1.674,0.39
-2.003,0.003
-2.044,0.984
-2.067,1.493
-2.171,3.879
-2.189,2.816
-2.299,2.639
-2.347,1.5
-2.436,2.549
-2.702,0.223
-2.581,0.234
-2.663,1.102
-2.768,3.769
-2.717,1.153
-2.706,3.348
-2.739,1.059
-2.842,2.215
-2.998,2.734
-3.075,2.782
-3.101,1.319
3.049,1.804
3.079,0.188
2.901,2.858
2.766,3.676
2.775,3.5
2.9,3.595
2.715,3.754
2.822,2.38
2.599,2.685
2.599,2.47
2.524,3.258
2.544,3.901
2.36,2.078
2.3,1.179
2.098,1.322
2.048,1.456
1.981,2.231
1.892,0.067
1.86,0.291
1.947,3.627
1.917,2.349
1.772,2.229
1.863,2.794
1.884,2.161
1.706,-0.343
1.384,-0.041
0.488,-0.307
-0.069,-0.271
0.036,-0.083
-0.934,-0.004
-1.115,-0.36
-1.582,-0.314
-1.727,-0.418
-1.783,-0.177
-3.094,-0.255
-2.971,-0.208
-3.133,-0.342
-3.0,-0.15
2.989,-0.236
2.943,-0.12
2.816,-0.335
2.185,-0.103
2.215,-0.002
2.038,-0.177
1.636,0.004
1.473,4.241
1.347,4.353
1.308,4.323
1.201,4.307
1.018,4.257
0.133,4.07
-0.399,4.136
-0.632,3.965
-0.974,4.264
-1.321,4.201
-2.193,4.206
-2.418,4.258
-2.767,4.127
2.732,4.31
2.329,3.928
1.889,4.172
1.703,4.073
1.791,4.271
-0.542,1.9
-1.738,3.11
-2.306,0.928
-2.747,1.838
-2.991,3.594
0.763,2.438
0.58,0.736
0.036,0.73
-0.642,1.265
-2.462,3.459
-2.805,2.886
-2.81,2.522
-3.118,1.767
2.81,0.51
2.873,2.148
2.532,2.888
2.506,1.451
2.32,3.341
2.301,3.538
2.248,2.442
1.558,2.348
1.373,1.023
-0.152,2.27
-1.661,2.286
-2.922,0.949
-0.203,3.775
1.476,-0.121
2.233,-0.469
-0.008,-0.847
-0.065,-1.815
0.004,-2.254
-0.044,-1.882
-0.037,-0.12
-0.059,-0.953
-0.113,-2.716
-0.101,-1.143
-0.111,-1.493
-0.111,-2.526
-0.156,-1.108
-0.174,-1.338
-0.225,-2.013
-0.236,-1.346
-0.188,-2.803
-0.213,0.006
-0.279,-3.318
-0.325,0.276
-0.335,-2.551
-0.291,-0.617
-0.291,-3.298
-0.381,-0.678
-0.334,-2.816
-0.41,-1.0
-0.416,-0.455
-0.454,-0.98
-0.457,-0.548
-0.468,-1.153
-0.507,-1.521
-0.614,-0.785
-0.612,-1.067
-0.678,-2.086
-0.751,-1.716
-0.776,-0.863
-0.785,-1.692
-0.765,-2.382
-0.773,-1.86
-0.822,-2.377
-0.787,-2.78
-0.784,-0.06
-0.876,-1.9
-0.823,-0.466
-0.882,-0.382
-0.931,-1.384
-0.866,-1.552
-0.972,-1.223
-0.976,-0.906
-1.042,-1.614
-1.138,0.026
-1.356,-1.637
-1.368,-2.915
-1.349,-3.357
-1.422,-2.574
-1.389,-0.403
-1.417,-1.411
-1.505,-0.248
-1.58,-1.948
-1.628,-2.742
-1.574,-3.135
-1.585,-0.098
-1.644,-0.491
-1.61,-0.393
-1.647,-2.657
-1.739,-1.947
-1.953,0.192
-1.942,-3.528
-2.052,-2.275
-1.99,-1.244
-2.054,-0.821
-2.033,-2.108
-2.02,-2.021
-2.109,0.081
-2.038,-1.826
-2.082,-0.955
-2.167,-2.427
-2.134,-1.829
-2.305,-1.891
-2.262,-1.312
-2.376,-1.339
-2.398,-2.157
-2.403,-0.898
-2.422,-0.816
-2.658,-3.314
-2.672,-1.983
-2.673,-1.204
-2.671,-3.428
-2.755,-3.627
-2.771,-0.113
-2.784,-0.389
-2.824,-3.075
-2.891,-3.163
-2.888,-0.688
-2.879,-2.779
-3.003,-2.052
-3.03,-2.194
-2.99,-3.37
-3.074,-2.64
-3.086,-2.001
-3.088,-1.216
-3.085,-0.215
-3.122,-2.148
3.106,-2.645
3.104,0.076
-3.13,-1.462
3.076,-0.788
3.032,-1.503
3.066,-1.276
2.989,-1.556
3.058,-2.867
3.034,-2.368
3.019,-2.483
3.04,-2.285
3.012,-0.75
2.787,-3.607
2.695,-3.169
2.639,-1.334
2.61,-2.971
2.637,0.272
2.616,-1.979
2.545,-0.621
2.469,-2.81
2.532,-0.451
2.515,-0.731
2.44,-1.709
2.45,-2.48
2.327,-2.733
2.273,-2.594
2.113,-1.795
2.139,-2.799
2.127,-1.863
2.045,-2.487
1.989,-0.335
1.828,0.062
1.763,-1.756
1.739,-3.426
1.693,-1.487
0.374,-3.743
0.322,-3.749
0.259,-3.94
-0.09,-3.823
-0.532,-4.069
-0.53,-3.733
-0.874,-4.033
-1.126,-3.913
-1.549,-3.884
-1.863,-3.993
-2.047,-3.997
-2.109,-3.729
-2.704,-4.12
-2.918,-3.796
2.985,-3.699
2.881,-4.067
1.731,-3.755
1.592,0.382
1.081,0.445
0.608,0.389
0.459,0.623
0.427,0.31
0.223,0.508
-0.342,0.588
-0.431,0.654
-0.847,0.315
-1.845,0.419
-2.13,0.705
-3.038,0.362
-3.128,0.541
3.028,0.33
2.891,0.775
2.711,0.643
2.554,0.619
2.337,0.65
2.384,0.332
1.891,0.492
0.936,-0.2
0.955,-2.531
0.02,0.302
-0.272,-0.027
-0.757,0.216
-1.304,-3.003
-2.915,-0.029
2.894,-0.237
1.85,-1.042
1.823,-2.718
1.002,-4.102
-2.69,-3.935
2.3,-3.854
2.193,-3.891
1.721,-4.102
1.707,-0.893
1.704,-2.621
1.376,-2.324
1.152,-1.075
1.011,-2.139
1.119,-0.039
1.035,-0.932
0.883,-0.649
0.986,-1.945
1.011,-3.115
0.853,-1.088
0.821,-0.244
0.933,-2.018
0.886,-0.664
0.725,-2.454
0.821,-2.935
0.587,-1.106
0.599,-2.161
0.709,0.3
0.648,-2.324
0.642,-1.152
0.629,-0.17
0.5,-1.328
0.448,-0.847
0.41,-0.839
0.34,0.291
0.331,-1.137
0.407,-2.559
0.319,0.317
0.145,-0.917
0.216,-0.934
-0.008,-3.356
0.069,-2.142
-0.062,-1.67
-0.148,-2.423
-0.071,-2.087
-0.129,-2.041
-0.261,-1.764
-0.299,-0.048
-0.357,-1.201
-0.25,0.201
-0.308,-1.815
-0.462,-1.034
-0.464,-2.592
-0.511,-1.152
-0.377,-0.184
-0.369,-0.737
-0.544,-3.49
-0.539,-2.255
-0.59,-2.358
-0.586,-2.457
-0.747,-3.37
-0.649,-1.311
-0.683,-0.404
-0.882,-0.011
-0.869,-1.877
-0.853,-3.625
-0.881,-2.41
-1.127,0.012
-0.972,-1.095
-1.149,-2.572
-1.25,-3.711
-1.154,-1.09
-1.338,-2.475
-1.24,0.0
-1.3,-2.723
-1.462,-0.916
-1.638,-2.294
-1.748,-1.927
-1.695,-3.29
-2.024,-3.677
-2.065,-2.696
-2.088,-2.187
-2.192,0.199
-2.21,-0.864
-2.32,-1.041
-2.368,-2.18
-2.457,-1.131
-2.723,-3.457
-2.602,-3.446
-2.684,-2.578
-2.789,0.089
-2.738,-2.527
-2.727,-0.332
-2.76,-2.621
-2.863,-1.465
-3.019,-0.946
-3.096,-0.898
-3.122,-2.361
3.028,-1.876
3.058,-3.492
2.88,-0.822
2.745,-0.004
2.754,-0.18
2.879,-0.085
2.694,0.074
2.801,-1.3
2.578,-0.995
2.578,-1.21
2.503,-0.422
2.523,0.221
2.339,-1.602
2.279,-2.501
2.077,-2.358
2.027,-2.224
1.96,-1.449
1.871,-3.613
1.839,-3.389
1.926,-0.053
1.896,-1.331
1.751,-1.451
1.842,-0.886
1.863,-1.519
1.685,-4.023
1.363,-3.721
0.467,-3.987
-0.09,-3.951
0.015,-3.763
-0.955,-3.684
-1.136,-4.04
-1.603,-3.994
-1.748,-4.098
-1.804,-3.857
-3.115,-3.935
-2.992,-3.888
3.129,-4.022
-3.021,-3.83
2.968,-3.916
2.922,-3.8
2.795,-4.015
2.164,-3.783
2.194,-3.682
2.017,-3.857
1.615,-3.676
1.452,0.561
1.326,0.673
1.287,0.643
1.18,0.627
0.997,0.577
0.112,0.39
-0.42,0.456
-0.653,0.285
-0.995,0.584
-1.342,0.521
-2.214,0.526
-2.439,0.578
-2.788,0.447
2.711,0.63
2.308,0.248
1.868,0.492
1.682,0.393
1.77,0.591
-0.563,-1.78
-1.759,-0.57
-2.327,-2.752
-2.768,-1.842
-3.012,-0.086
0.742,-1.242
0.559,-2.944
0.015,-2.95
-0.663,-2.415
-2.483,-0.221
-2.826,-0.794
-2.831,-1.158
-3.139,-1.913
2.789,-3.17
2.852,-1.532
2.511,-0.792
2.485,-2.229
2.299,-0.339
2.28,-0.142
2.227,-1.238
1.537,-1.332
1.352,-2.657
-0.173,-1.41
-1.682,-1.394
-2.943,-2.731
-0.224,0.095
1.455,-3.801
2.212,-4.149
-0.057,-0.968
0.012,-1.407
-0.036,-1.035
-0.029,0.727
-0.051,-0.106
-0.105,-1.869
-0.093,-0.296
-0.103,-0.646
-0.103,-1.679
-0.148,-0.261
-0.166,-0.491
-0.217,-1.166
-0.228,-0.499
-0.18,-1.956
-0.205,0.853
-0.271,-2.471
-0.317,1.123
-0.327,-1.704
-0.283,0.23
-0.283,-2.451
-0.373,0.169
-0.326,-1.969
-0.402,-0.153
-0.408,0.392
-0.446,-0.133
-0.449,0.299
-0.46,-0.306
-0.499,-0.674
-0.606,0.062
-0.604,-0.22
-0.67,-1.239
-0.743,-0.869
-0.768,-0.016
-0.777,-0.845
-0.757,-1.535
-0.765,-1.013
-0.814,-1.53
-0.779,-1.933
-0.776,0.787
-0.868,-1.053
-0.815,0.381
-0.874,0.465
-0.923,-0.537
-0.858,-0.705
-0.964,-0.376
-0.968,-0.059
-1.034,-0.767
-1.13,0.873
-1.348,-0.79
-1.36,-2.068
-1.341,-2.51
-1.414,-1.727
-1.381,0.444
-1.409,-0.564
-1.497,0.599
-1.572,-1.101
-1.62,-1.895
-1.566,-2.288
-1.577,0.749
-1.636,0.356
-1.602,0.454
-1.639,-1.81
-1.731,-1.1
-1.945,1.039
-1.934,-2.681
-2.044,-1.428
-1.982,-0.397
-2.046,0.026
-2.025,-1.261
-2.012,-1.174
-2.101,0.928
-2.03,-0.979
-2.074,-0.108
-2.159,-1.58
-2.126,-0.982
-2.297,-1.044
-2.254,-0.465
-2.368,-0.492
-2.39,-1.31
-2.395,-0.051
-2.414,0.031
-2.65,-2.467
-2.664,-1.136
-2.665,-0.357
-2.663,-2.581
-2.747,-2.78
-2.763,0.734
-2.776,0.458
-2.816,-2.228
-2.883,-2.316
-2.88,0.159
-2.871,-1.932
-2.995,-1.205
-3.022,-1.347
-2.982,-2.523
-3.066,-1.793
-3.078,-1.154
-3.08,-0.369
-3.077,0.632
-3.114,-1.301
3.114,-1.798
3.112,0.923
-3.122,-0.615
3.084,0.059
3.04,-0.656
3.074,-0.429
2.997,-0.709
3.066,-2.02
3.042,-1.521
3.027,-1.636
3.048,-1.438
3.02,0.097
2.795,-2.76
2.703,-2.322
2.647,-0.487
2.618,-2.124
2.645,1.119
2.624,-1.132
2.553,0.226
2.477,-1.963
2.54,0.396
2.523,0.116
2.448,-0.862
2.458,-1.633
2.335,-1.886
2.281,-1.747
2.121,-0.948
2.147,-1.952
2.135,-1.016
2.053,-1.64
1.997,0.512
1.836,0.909
1.771,-0.909
1.747,-2.579
1.701,-0.64
0.382,-2.896
0.33,-2.902
0.267,-3.093
-0.082,-2.976
-0.524,-3.222
-0.522,-2.886
-0.866,-3.186
-1.118,-3.066
-1.541,-3.037
-1.855,-3.146
-2.039,-3.15
-2.101,-2.882
-2.696,-3.273
-2.91,-2.949
2.993,-2.852
2.889,-3.22
1.739,-2.908
1.6,1.229
1.089,1.292
0.616,1.236
0.467,1.47
0.435,1.157
0.231,1.355
-0.334,1.435
-0.423,1.501
-0.839,1.162
-1.837,1.266
-2.122,1.552
-3.03,1.209
-3.12,1.388
3.036,1.177
2.899,1.622
2.719,1.49
2.562,1.466
2.345,1.497
2.392,1.179
1.899,1.339
0.944,0.647
0.963,-1.684
0.028,1.149
-0.264,0.82
-0.749,1.063
-1.296,-2.156
-2.907,0.818
2.902,0.61
1.858,-0.195
1.831,-1.871
1.01,-3.255
-2.682,-3.088
2.308,-3.007
2.201,-3.044
1.729,-3.255
1.715,-0.046
1.712,-1.774
1.384,-1.477
1.16,-0.228
1.019,-1.292
1.127,0.808
1.043,-0.085
0.891,0.198
0.994,-1.098
1.019,-2.268
0.861,-0.241
0.829,0.603
0.941,-1.171
0.894,0.183
0.733,-1.607
0.829,-2.088
0.595,-0.259
0.607,-1.314
0.717,1.147
0.656,-1.477
0.65,-0.305
0.637,0.677
0.508,-0.481
0.456,0.0
0.418,0.008
0.348,1.138
0.339,-0.29
0.415,-1.712
0.327,1.164
0.153,-0.07
0.224,-0.087
0.0,-2.509
0.077,-1.295
-0.054,-0.823
-0.14,-1.576
-0.063,-1.24
-0.121,-1.194
-0.253,-0.917
-0.291,0.799
-0.349,-0.354
-0.242,1.048
-0.3,-0.968
-0.454,-0.187
-0.456,-1.745
-0.503,-0.305
-0.369,0.663
-0.361,0.11
-0.536,-2.643
-0.531,-1.408
-0.582,-1.511
-0.578,-1.61
-0.739,-2.523
-0.641,-0.464
-0.675,0.443
-0.874,0.836
-0.861,-1.03
-0.845,-2.778
-0.873,-1.563
-1.119,0.859
-0.964,-0.248
-1.141,-1.725
-1.242,-2.864
-1.146,-0.243
-1.33,-1.628
-1.232,0.847
-1.292,-1.876
-1.454,-0.069
-1.63,-1.447
-1.74,-1.08
-1.687,-2.443
-2.016,-2.83
-2.057,-1.849
-2.08,-1.34
-2.184,1.046
-2.202,-0.017
-2.312,-0.194
-2.36,-1.333
-2.449,-0.284
-2.715,-2.61
-2.594,-2.599
-2.676,-1.731
-2.781,0.936
-2.73,-1.68
-2.719,0.515
-2.752,-1.774
-2.855,-0.618
-3.011,-0.099
-3.088,-0.051
-3.114,-1.514
3.036,-1.029
3.066,-2.645
2.888,0.025
2.753,0.843
2.762,0.667
2.887,0.762
2.702,0.921
2.809,-0.453
2.586,-0.148
2.586,-0.363
2.511,0.425
2.531,1.068
2.347,-0.755
2.287,-1.654
2.085,-1.511
2.035,-1.377
1.968,-0.602
1.879,-2.766
1.847,-2.542
1.934,0.794
1.904,-0.484
1.759,-0.604
1.85,-0.039
1.871,-0.672
1.693,-3.176
1.371,-2.874
0.475,-3.14
-0.082,-3.104
0.023,-2.916
-0.947,-2.837
-1.128,-3.193
-1.595,-3.147
-1.74,-3.251
-1.796,-3.01
-3.107,-3.088
-2.984,-3.041
3.137,-3.175
-3.013,-2.983
2.976,-3.069
2.93,-2.953
2.803,-3.168
2.172,-2.936
2.202,-2.835
2.025,-3.01
1.623,-2.829
1.46,1.408
1.334,1.52
1.295,1.49
1.188,1.474
1.005,1.424
0.12,1.237
-0.412,1.303
-0.645,1.132
-0.987,1.431
-1.334,1.368
-2.206,1.373
-2.431,1.425
-2.78,1.294
2.719,1.477
2.316,1.095
1.876,1.339
1.69,1.24
1.778,1.438
-0.555,-0.933
-1.751,0.277
-2.319,-1.905
-2.76,-0.995
-3.004,0.761
0.75,-0.395
0.567,-2.097
0.023,-2.103
-0.655,-1.568
-2.475,0.626
-2.818,0.053
-2.823,-0.311
-3.131,-1.066
2.797,-2.323
2.86,-0.685
2.519,0.055
2.493,-1.382
2.307,0.508
2.288,0.705
2.235,-0.391
1.545,-0.485
1.36,-1.81
-0.165,-0.563
-1.674,-0.547
-2.935,-1.884
-0.216,0.942
1.463,-2.954
2.22,-3.302
0.069,-0.439
0.021,-0.067
0.028,1.695
0.006,0.862
-0.048,-0.901
-0.036,0.672
-0.046,0.322
-0.046,-0.711
-0.091,0.707
-0.109,0.477
-0.16,-0.198
-0.171,0.469
-0.123,-0.988
-0.148,1.821
-0.214,-1.503
-0.26,2.091
-0.27,-0.736
-0.226,1.198
-0.226,-1.483
-0.316,1.137
-0.269,-1.001
-0.345,0.815
-0.351,1.36
-0.389,0.835
-0.392,1.267
-0.403,0.662
-0.442,0.294
-0.549,1.03
-0.547,0.748
-0.613,-0.271
-0.686,0.099
-0.711,0.952
-0.72,0.123
-0.7,-0.567
-0.708,-0.045
-0.757,-0.562
-0.722,-0.965
-0.719,1.755
-0.811,-0.085
-0.758,1.349
-0.817,1.433
-0.866,0.431
-0.801,0.263
-0.907,0.592
-0.911,0.909
-0.977,0.201
-1.073,1.841
-1.291,0.178
-1.303,-1.1
-1.284,-1.542
-1.357,-0.759
-1.324,1.412
-1.352,0.404
-1.44,1.567
-1.515,-0.133
-1.563,-0.927
-1.509,-1.32
-1.52,1.717
-1.579,1.324
-1.545,1.422
-1.582,-0.842
-1.674,-0.132
-1.888,2.007
-1.877,-1.713
-1.987,-0.46
-1.925,0.571
-1.989,0.994
-1.968,-0.293
-1.955,-0.206
-2.044,1.896
-1.973,-0.011
-2.017,0.86
-2.102,-0.612
-2.069,-0.014
-2.24,-0.076
-2.197,0.503
-2.311,0.476
-2.333,-0.342
-2.338,0.917
-2.357,0.999
-2.593,-1.499
-2.607,-0.168
-2.608,0.611
-2.606,-1.613
-2.69,-1.812
-2.706,1.702
-2.719,1.426
-2.759,-1.26
-2.826,-1.348
-2.823,1.127
-2.814,-0.964
-2.938,-0.237
-2.965,-0.379
-2.925,-1.555
-3.009,-0.825
-3.021,-0.186
-3.023,0.599
-3.02,1.6
-3.057,-0.333
-3.112,-0.83
-3.114,1.891
-3.065,0.353
3.141,1.027
3.097,0.312
3.131,0.539
3.054,0.259
3.123,-1.052
3.099,-0.553
3.084,-0.668
3.105,-0.47
3.077,1.065
2.852,-1.792
2.76,-1.354
2.704,0.481
2.675,-1.156
2.702,2.087
2.681,-0.164
2.61,1.194
2.534,-0.995
2.597,1.364
2.58,1.084
2.505,0.106
2.515,-0.665
2.392,-0.918
2.338,-0.779
2.178,0.02
2.204,-0.984
2.192,-0.048
2.11,-0.672
2.054,1.48
1.893,1.877
1.828,0.059
1.804,-1.611
1.758,0.328
0.439,-1.928
0.387,-1.934
0.324,-2.125
-0.025,-2.008
-0.467,-2.254
-0.465,-1.918
-0.809,-2.218
-1.061,-2.098
-1.484,-2.069
-1.798,-2.178
-1.982,-2.182
-2.044,-1.914
-2.639,-2.305
-2.853,-1.981
3.05,-1.884
2.946,-2.252
1.796,-1.94
1.657,2.197
1.146,2.26
0.673,2.204
0.524,2.438
0.492,2.125
0.288,2.323
-0.277,2.403
-0.366,2.469
-0.782,2.13
-1.78,2.234
-2.065,2.52
-2.973,2.177
-3.063,2.356
3.093,2.145
2.956,2.59
2.776,2.458
2.619,2.434
2.402,2.465
2.449,2.147
1.956,2.307
1.001,1.615
1.02,-0.716
0.085,2.117
-0.207,1.788
-0.692,2.031
-1.239,-1.188
-2.85,1.786
2.959,1.578
1.915,0.773
1.888,-0.903
1.067,-2.287
-2.625,-2.12
2.365,-2.039
2.258,-2.076
1.786,-2.287
1.772,0.922
1.769,-0.806
1.441,-0.509
1.217,0.74
1.076,-0.324
1.184,1.776
1.1,0.883
0.948,1.166
1.051,-0.13
1.076,-1.3
0.918,0.727
0.886,1.571
0.998,-0.203
0.951,1.151
0.79,-0.639
0.886,-1.12
0.652,0.709
0.664,-0.346
0.774,2.115
0.713,-0.509
0.707,0.663
0.694,1.645
0.565,0.487
0.513,0.968
0.475,0.976
0.405,2.106
0.396,0.678
0.472,-0.744
0.384,2.132
0.21,0.898
0.281,0.881
0.057,-1.541
0.134,-0.327
0.003,0.145
-0.083,-0.608
-0.006,-0.272
-0.064,-0.226
-0.196,0.051
-0.234,1.767
-0.292,0.614
-0.185,2.016
-0.243,0.0
-0.397,0.781
-0.399,-0.777
-0.446,0.663
-0.312,1.631
-0.304,1.078
-0.479,-1.675
-0.474,-0.44
-0.525,-0.543
-0.521,-0.642
-0.682,-1.555
-0.584,0.504
-0.618,1.411
-0.817,1.804
-0.804,-0.062
-0.788,-1.81
-0.816,-0.595
-1.062,1.827
-0.907,0.72
-1.084,-0.757
-1.185,-1.896
-1.089,0.725
-1.273,-0.66
-1.175,1.815
-1.235,-0.908
-1.397,0.899
-1.573,-0.479
-1.683,-0.112
-1.63,-1.475
-1.959,-1.862
-2.0,-0.881
-2.023,-0.372
-2.127,2.014
-2.145,0.951
-2.255,0.774
-2.303,-0.365
-2.392,0.684
-2.658,-1.642
-2.537,-1.631
-2.619,-0.763
-2.724,1.904
-2.673,-0.712
-2.662,1.483
-2.695,-0.806
-2.798,0.35
-2.954,0.869
-3.031,0.917
-3.057,-0.546
3.093,-0.061
3.123,-1.677
2.945,0.993
2.81,1.811
2.819,1.635
2.944,1.73
2.759,1.889
2.866,0.515
2.643,0.82
2.643,0.605
2.568,1.393
2.588,2.036
2.404,0.213
2.344,-0.686
2.142,-0.543
2.092,-0.409
2.025,0.366
1.936,-1.798
1.904,-1.574
1.991,1.762
1.961,0.484
1.816,0.364
1.907,0.929
1.928,0.296
1.75,-2.208
1.428,-1.906
0.532,-2.172
-0.025,-2.136
0.08,-1.948
-0.89,-1.869
-1.071,-2.225
-1.538,-2.179
-1.683,-2.283
-1.739,-2.042
-3.05,-2.12
-2.927,-2.073
-3.089,-2.207
-2.956,-2.015
3.033,-2.101
2.987,-1.985
2.86,-2.2
2.229,-1.968
2.259,-1.867
2.082,-2.042
1.68,-1.861
1.517,2.376
1.391,2.488
1.352,2.458
1.245,2.442
1.062,2.392
0.177,2.205
-0.355,2.271
-0.588,2.1
-0.93,2.399
-1.277,2.336
-2.149,2.341
-2.374,2.393
-2.723,2.262
2.776,2.445
2.373,2.063
1.933,2.307
1.747,2.208
1.835,2.406
-0.498,0.035
-1.694,1.245
-2.262,-0.937
-2.703,-0.027
-2.947,1.729
0.807,0.573
0.624,-1.129
0.08,-1.135
-0.598,-0.6
-2.418,1.594
-2.761,1.021
-2.766,0.657
-3.074,-0.098
2.854,-1.355
2.917,0.283
2.576,1.023
2.55,-0.414
2.364,1.476
2.345,1.673
2.292,0.577
1.602,0.483
1.417,-0.842
-0.108,0.405
-1.617,0.421
-2.878,-0.916
-0.159,1.91
1.52,-1.986
2.277,-2.334
-0.048,0.372
-0.041,2.134
-0.063,1.301
-0.117,-0.462
-0.105,1.111
-0.115,0.761
-0.115,-0.272
-0.16,1.146
-0.178,0.916
-0.229,0.241
-0.24,0.908
-0.192,-0.549
-0.217,2.26
-0.283,-1.064
-0.329,2.53
-0.339,-0.297
-0.295,1.637
-0.295,-1.044
-0.385,1.576
-0.338,-0.562
-0.414,1.254
-0.42,1.799
-0.458,1.274
-0.461,1.706
-0.472,1.101
-0.511,0.733
-0.618,1.469
-0.616,1.187
-0.682,0.168
-0.755,0.538
-0.78,1.391
-0.789,0.562
-0.769,-0.128
-0.777,0.394
-0.826,-0.123
-0.791,-0.526
-0.788,2.194
-0.88,0.354
-0.827,1.788
-0.886,1.872
-0.935,0.87
-0.87,0.702
-0.976,1.031
-0.98,1.348
-1.046,0.64
-1.142,2.28
-1.36,0.617
-1.372,-0.661
-1.353,-1.103
-1.426,-0.32
-1.393,1.851
-1.421,0.843
-1.509,2.006
-1.584,0.306
-1.632,-0.488
-1.578,-0.881
-1.589,2.156
-1.648,1.763
-1.614,1.861
-1.651,-0.403
-1.743,0.307
-1.957,2.446
-1.946,-1.274
-2.056,-0.021
-1.994,1.01
-2.058,1.433
-2.037,0.146
-2.024,0.233
-2.113,2.335
-2.042,0.428
-2.086,1.299
-2.171,-0.173
-2.138,0.425
-2.309,0.363
-2.266,0.942
-2.38,0.915
-2.402,0.097
-2.407,1.356
-2.426,1.438
-2.662,-1.06
-2.676,0.271
-2.677,1.05
-2.675,-1.174
-2.759,-1.373
-2.775,2.141
-2.788,1.865
-2.828,-0.821
-2.895,-0.909
-2.892,1.566
-2.883,-0.525
-3.007,0.202
-3.034,0.06
-2.994,-1.116
-3.078,-0.386
-3.09,0.253
-3.092,1.038
-3.089,2.039
-3.126,0.106
3.102,-0.391
3.1,2.33
-3.134,0.792
3.072,1.466
3.028,0.751
3.062,0.978
2.985,0.698
3.054,-0.613
3.03,-0.114
3.015,-0.229
3.036,-0.031
3.008,1.504
2.783,-1.353
2.691,-0.915
2.635,0.92
2.606,-0.717
2.633,2.526
2.612,0.275
2.541,1.633
2.465,-0.556
2.528,1.803
2.511,1.523
2.436,0.545
2.446,-0.226
2.323,-0.479
2.269,-0.34
2.109,0.459
2.135,-0.545
2.123,0.391
2.041,-0.233
1.985,1.919
1.824,2.316
1.759,0.498
1.735,-1.172
1.689,0.767
0.37,-1.489
0.318,-1.495
0.255,-1.686
-0.094,-1.569
-0.536,-1.815
-0.534,-1.479
-0.878,-1.779
-1.13,-1.659
-1.553,-1.63
-1.867,-1.739
-2.051,-1.743
-2.113,-1.475
-2.708,-1.866
-2.922,-1.542
2.981,-1.445
2.877,-1.813
1.727,-1.501
1.588,2.636
1.077,2.699
0.604,2.643
0.455,2.877
0.423,2.564
0.219,2.762
-0.346,2.842
-0.435,2.908
-0.851,2.569
-1.849,2.673
-2.134,2.959
-3.042,2.616
-3.132,2.795
3.024,2.584
2.887,3.029
2.707,2.897
2.55,2.873
2.333,2.904
2.38,2.586
1.887,2.746
0.932,2.054
0.951,-0.277
0.016,2.556
-0.276,2.227
-0.761,2.47
-1.308,-0.749
-2.919,2.225
2.89,2.017
1.846,1.212
1.819,-0.464
0.998,-1.848
-2.694,-1.681
2.296,-1.6
2.189,-1.637
1.717,-1.848
1.703,1.361
1.7,-0.367
1.372,-0.07
1.148,1.179
1.007,0.115
1.115,2.215
1.031,1.322
0.879,1.605
0.982,0.309
1.007,-0.861
0.849,1.166
0.817,2.01
0.929,0.236
0.882,1.59
0.721,-0.2
0.817,-0.681
0.583,1.148
0.595,0.093
0.705,2.554
0.644,-0.07
0.638,1.102
0.625,2.084
0.496,0.926
0.444,1.407
0.406,1.415
0.336,2.545
0.327,1.117
0.403,-0.305
0.315,2.571
0.141,1.337
0.212,1.32
-0.012,-1.102
0.065,0.112
-0.066,0.584
-0.152,-0.169
-0.075,0.167
-0.133,0.213
-0.265,0.49
-0.303,2.206
-0.361,1.053
-0.254,2.455
-0.312,0.439
-0.466,1.22
-0.468,-0.338
-0.515,1.102
-0.381,2.07
-0.373,1.517
-0.548,-1.236
-0.543,-0.001
-0.594,-0.104
-0.59,-0.203
-0.751,-1.116
-0.653,0.943
-0.687,1.85
-0.886,2.243
-0.873,0.377
-0.857,-1.371
-0.885,-0.156
-1.131,2.266
-0.976,1.159
-1.153,-0.318
-1.254,-1.457
-1.158,1.164
-1.342,-0.221
-1.244,2.254
-1.304,-0.469
-1.466,1.338
-1.642,-0.04
-1.752,0.327
-1.699,-1.036
-2.028,-1.423
-2.069,-0.442
-2.092,0.067
-2.196,2.453
-2.214,1.39
-2.324,1.213
-2.372,0.074
-2.461,1.123
-2.727,-1.203
-2.606,-1.192
-2.688,-0.324
-2.793,2.343
-2.742,-0.273
-2.731,1.922
-2.764,-0.367
-2.867,0.789
-3.023,1.308
-3.1,1.356
-3.126,-0.107
3.024,0.378
3.054,-1.238
2.876,1.432
2.741,2.25
2.75,2.074
2.875,2.169
2.69,2.328
2.797,0.954
2.574,1.259
2.574,1.044
2.499,1.832
2.519,2.475
2.335,0.652
2.275,-0.247
2.073,-0.104
2.023,0.03
1.956,0.805
1.867,-1.359
1.835,-1.135
1.922,2.201
1.892,0.923
1.747,0.803
1.838,1.368
1.859,0.735
1.681,-1.769
1.359,-1.467
0.463,-1.733
-0.094,-1.697
0.011,-1.509
-0.959,-1.43
-1.14,-1.786
-1.607,-1.74
-1.752,-1.844
-1.808,-1.603
-3.119,-1.681
-2.996,-1.634
3.125,-1.768
-3.025,-1.576
2.964,-1.662
2.918,-1.546
2.791,-1.761
2.16,-1.529
2.19,-1.428
2.013,-1.603
1.611,-1.422
1.448,2.815
1.322,2.927
1.283,2.897
1.176,2.881
0.993,2.831
0.108,2.644
-0.424,2.71
-0.657,2.539
-0.999,2.838
-1.346,2.775
-2.218,2.78
-2.443,2.832
-2.792,2.701
2.707,2.884
2.304,2.502
1.864,2.746
1.678,2.647
1.766,2.845
-0.567,0.474
-1.763,1.684
-2.331,-0.498
-2.772,0.412
-3.016,2.168
0.738,1.012
0.555,-0.69
0.011,-0.696
-0.667,-0.161
-2.487,2.033
-2.83,1.46
-2.835,1.096
3.14,0.341
2.785,-0.916
2.848,0.722
2.507,1.462
2.481,0.025
2.295,1.915
2.276,2.112
2.223,1.016
1.533,0.922
1.348,-0.403
-0.177,0.844
-1.686,0.86
-2.947,-0.477
-0.228,2.349
1.451,-1.547
2.208,-1.895
0.007,1.762
-0.015,0.929
-0.069,-0.834
-0.057,0.739
-0.067,0.389
-0.067,-0.644
-0.112,0.774
-0.13,0.544
-0.181,-0.131
-0.192,0.536
-0.144,-0.921
-0.169,1.888
-0.235,-1.436
-0.281,2.158
-0.291,-0.669
-0.247,1.265
-0.247,-1.416
-0.337,1.204
-0.29,-0.934
-0.366,0.882
-0.372,1.427
-0.41,0.902
-0.413,1.334
-0.424,0.729
-0.463,0.361
-0.57,1.097
-0.568,0.815
-0.634,-0.204
-0.707,0.166
-0.732,1.019
-0.741,0.19
-0.721,-0.5
-0.729,0.022
-0.778,-0.495
-0.743,-0.898
-0.74,1.822
-0.832,-0.018
-0.779,1.416
-0.838,1.5
-0.887,0.498
-0.822,0.33
-0.928,0.659
-0.932,0.976
-0.998,0.268
-1.094,1.908
-1.312,0.245
-1.324,-1.033
-1.305,-1.475
-1.378,-0.692
-1.345,1.479
-1.373,0.471
-1.461,1.634
-1.536,-0.066
-1.584,-0.86
-1.53,-1.253
-1.541,1.784
-1.6,1.391
-1.566,1.489
-1.603,-0.775
-1.695,-0.065
-1.909,2.074
-1.898,-1.646
-2.008,-0.393
-1.946,0.638
-2.01,1.061
-1.989,-0.226
-1.976,-0.139
-2.065,1.963
-1.994,0.056
-2.038,0.927
-2.123,-0.545
-2.09,0.053
-2.261,-0.009
-2.218,0.57
-2.332,0.543
-2.354,-0.275
-2.359,0.984
-2.378,1.066
-2.614,-1.432
-2.628,-0.101
-2.629,0.678
-2.627,-1.546
-2.711,-1.745
-2.727,1.769
-2.74,1.493
-2.78,-1.193
-2.847,-1.281
-2.844,1.194
-2.835,-0.897
-2.959,-0.17
-2.986,-0.312
-2.946,-1.488
-3.03,-0.758
-3.042,-0.119
-3.044,0.666
-3.041,1.667
-3.078,-0.266
-3.133,-0.763
-3.135,1.958
-3.086,0.42
3.12,1.094
3.076,0.379
3.11,0.606
3.033,0.326
3.102,-0.985
3.078,-0.486
3.063,-0.601
3.084,-0.403
3.056,1.132
2.831,-1.725
2.739,-1.287
2.683,0.548
2.654,-1.089
2.681,2.154
2.66,-0.097
2.589,1.261
2.513,-0.928
2.576,1.431
2.559,1.151
2.484,0.173
2.494,-0.598
2.371,-0.851
2.317,-0.712
2.157,0.087
2.183,-0.917
2.171,0.019
2.089,-0.605
2.033,1.547
1.872,1.944
1.807,0.126
1.783,-1.544
1.737,0.395
0.418,-1.861
0.366,-1.867
0.303,-2.058
-0.046,-1.941
-0.488,-2.187
-0.486,-1.851
-0.83,-2.151
-1.082,-2.031
-1.505,-2.002
-1.819,-2.111
-2.003,-2.115
-2.065,-1.847
-2.66,-2.238
-2.874,-1.914
3.029,-1.817
2.925,-2.185
1.775,-1.873
1.636,2.264
1.125,2.327
0.652,2.271
0.503,2.505
0.471,2.192
0.267,2.39
-0.298,2.47
-0.387,2.536
-0.803,2.197
-1.801,2.301
-2.086,2.587
-2.994,2.244
-3.084,2.423
3.072,2.212
2.935,2.657
2.755,2.525
2.598,2.501
2.381,2.532
2.428,2.214
1.935,2.374
0.98,1.682
0.999,-0.649
0.064,2.184
-0.228,1.855
-0.713,2.098
-1.26,-1.121
-2.871,1.853
2.938,1.645
1.894,0.84
1.867,-0.836
1.046,-2.22
-2.646,-2.053
2.344,-1.972
2.237,-2.009
1.765,-2.22
1.751,0.989
1.748,-0.739
1.42,-0.442
1.196,0.807
1.055,-0.257
1.163,1.843
1.079,0.95
0.927,1.233
1.03,-0.063
1.055,-1.233
0.897,0.794
0.865,1.638
0.977,-0.136
0.93,1.218
0.769,-0.572
0.865,-1.053
0.631,0.776
0.643,-0.279
0.753,2.182
0.692,-0.442
0.686,0.73
0.673,1.712
0.544,0.554
0.492,1.035
0.454,1.043
0.384,2.173
0.375,0.745
0.451,-0.677
0.363,2.199
0.189,0.965
0.26,0.948
0.036,-1.474
0.113,-0.26
-0.018,0.212
-0.104,-0.541
-0.027,-0.205
-0.085,-0.159
-0.217,0.118
-0.255,1.834
-0.313,0.681
-0.206,2.083
-0.264,0.067
-0.418,0.848
-0.42,-0.71
-0.467,0.73
-0.333,1.698
-0.325,1.145
-0.5,-1.608
-0.495,-0.373
-0.546,-0.476
-0.542,-0.575
-0.703,-1.488
-0.605,0.571
-0.639,1.478
-0.838,1.871
-0.825,0.005
-0.809,-1.743
-0.837,-0.528
-1.083,1.894
-0.928,0.787
-1.105,-0.69
-1.206,-1.829
-1.11,0.792
-1.294,-0.593
-1.196,1.882
-1.256,-0.841
-1.418,0.966
-1.594,-0.412
-1.704,-0.045
-1.651,-1.408
-1.98,-1.795
-2.021,-0.814
-2.044,-0.305
-2.148,2.081
-2.166,1.018
-2.276,0.841
-2.324,-0.298
-2.413,0.751
-2.679,-1.575
-2.558,-1.564
-2.64,-0.696
-2.745,1.971
-2.694,-0.645
-2.683,1.55
-2.716,-0.739
-2.819,0.417
-2.975,0.936
-3.052,0.984
-3.078,-0.479
3.072,0.006
3.102,-1.61
2.924,1.06
2.789,1.878
2.798,1.702
2.923,1.797
2.738,1.956
2.845,0.582
2.622,0.887
2.622,0.672
2.547,1.46
2.567,2.103
2.383,0.28
2.323,-0.619
2.121,-0.476
2.071,-0.342
2.004,0.433
1.915,-1.731
1.883,-1.507
1.97,1.829
1.94,0.551
1.795,0.431
1.886,0.996
1.907,0.363
1.729,-2.141
1.407,-1.839
0.511,-2.105
-0.046,-2.069
0.059,-1.881
-0.911,-1.802
-1.092,-2.158
-1.559,-2.112
-1.704,-2.216
-1.76,-1.975
-3.071,-2.053
-2.948,-2.006
-3.11,-2.14
-2.977,-1.948
3.012,-2.034
2.966,-1.918
2.839,-2.133
2.208,-1.901
2.238,-1.8
2.061,-1.975
1.659,-1.794
1.496,2.443
1.37,2.555
1.331,2.525
1.224,2.509
1.041,2.459
0.156,2.272
-0.376,2.338
-0.609,2.167
-0.951,2.466
-1.298,2.403
-2.17,2.408
-2.395,2.46
-2.744,2.329
2.755,2.512
2.352,2.13
1.912,2.374
1.726,2.275
1.814,2.473
-0.519,0.102
-1.715,1.312
-2.283,-0.87
-2.724,0.04
-2.968,1.796
0.786,0.64
0.603,-1.062
0.059,-1.068
-0.619,-0.533
-2.439,1.661
-2.782,1.088
-2.787,0.724
-3.095,-0.031
2.833,-1.288
2.896,0.35
2.555,1.09
2.529,-0.347
2.343,1.543
2.324,1.74
2.271,0.644
1.581,0.55
1.396,-0.775
-0.129,0.472
-1.638,0.488
-2.899,-0.849
-0.18,1.977
1.499,-1.919
2.256,-2.267
-0.022,-0.833
-0.076,-2.596
-0.064,-1.023
-0.074,-1.373
-0.074,-2.406
-0.119,-0.988
-0.137,-1.218
-0.188,-1.893
-0.199,-1.226
-0.151,-2.683
-0.176,0.126
-0.242,-3.198
-0.288,0.396
-0.298,-2.431
-0.254,-0.497
-0.254,-3.178
-0.344,-0.558
-0.297,-2.696
-0.373,-0.88
-0.379,-0.335
-0.417,-0.86
-0.42,-0.428
-0.431,-1.033
-0.47,-1.401
-0.577,-0.665
-0.575,-0.947
-0.641,-1.966
-0.714,-1.596
-0.739,-0.743
-0.748,-1.572
-0.728,-2.262
-0.736,-1.74
-0.785,-2.257
-0.75,-2.66
-0.747,0.06
-0.839,-1.78
-0.786,-0.346
-0.845,-0.262
-0.894,-1.264
-0.829,-1.432
-0.935,-1.103
-0.939,-0.786
-1.005,-1.494
-1.101,0.146
-1.319,-1.517
-1.331,-2.795
-1.312,-3.237
-1.385,-2.454
-1.352,-0.283
-1.38,-1.291
-1.468,-0.128
-1.543,-1.828
-1.591,-2.622
-1.537,-3.015
-1.548,0.022
-1.607,-0.371
-1.573,-0.273
-1.61,-2.537
-1.702,-1.827
-1.916,0.312
-1.905,-3.408
-2.015,-2.155
-1.953,-1.124
-2.017,-0.701
-1.996,-1.988
-1.983,-1.901
-2.072,0.201
-2.001,-1.706
-2.045,-0.835
-2.13,-2.307
-2.097,-1.709
-2.268,-1.771
-2.225,-1.192
-2.339,-1.219
-2.361,-2.037
-2.366,-0.778
-2.385,-0.696
-2.621,-3.194
-2.635,-1.863
-2.636,-1.084
-2.634,-3.308
-2.718,-3.507
-2.734,0.007
-2.747,-0.269
-2.787,-2.955
-2.854,-3.043
-2.851,-0.568
-2.842,-2.659
-2.966,-1.932
-2.993,-2.074
-2.953,-3.25
-3.037,-2.52
-3.049,-1.881
-3.051,-1.096
-3.048,-0.095
-3.085,-2.028
-3.14,-2.525
3.141,0.196
-3.093,-1.342
3.113,-0.668
3.069,-1.383
3.103,-1.156
3.026,-1.436
3.095,-2.747
3.071,-2.248
3.056,-2.363
3.077,-2.165
3.049,-0.63
2.824,-3.487
2.732,-3.049
2.676,-1.214
2.647,-2.851
2.674,0.392
2.653,-1.859
2.582,-0.501
2.506,-2.69
2.569,-0.331
2.552,-0.611
2.477,-1.589
2.487,-2.36
2.364,-2.613
2.31,-2.474
2.15,-1.675
2.176,-2.679
2.164,-1.743
2.082,-2.367
2.026,-0.215
1.865,0.182
1.8,-1.636
1.776,-3.306
1.73,-1.367
0.411,-3.623
0.359,-3.629
0.296,-3.82
-0.053,-3.703
-0.495,-3.949
-0.493,-3.613
-0.837,-3.913
-1.089,-3.793
-1.512,-3.764
-1.826,-3.873
-2.01,-3.877
-2.072,-3.609
-2.667,-4.0
-2.881,-3.676
3.022,-3.579
2.918,-3.947
1.768,-3.635
1.629,0.502
1.118,0.565
0.645,0.509
0.496,0.743
0.464,0.43
0.26,0.628
-0.305,0.708
-0.394,0.774
-0.81,0.435
-1.808,0.539
-2.093,0.825
-3.001,0.482
-3.091,0.661
3.065,0.45
2.928,0.895
2.748,0.763
2.591,0.739
2.374,0.77
2.421,0.452
1.928,0.612
0.973,-0.08
0.992,-2.411
0.057,0.422
-0.235,0.093
-0.72,0.336
-1.267,-2.883
-2.878,0.091
2.931,-0.117
1.887,-0.922
1.86,-2.598
1.039,-3.982
-2.653,-3.815
2.337,-3.734
2.23,-3.771
1.758,-3.982
1.744,-0.773
1.741,-2.501
1.413,-2.204
1.189,-0.955
1.048,-2.019
1.156,0.081
1.072,-0.812
0.92,-0.529
1.023,-1.825
1.048,-2.995
0.89,-0.968
0.858,-0.124
0.97,-1.898
0.923,-0.544
0.762,-2.334
0.858,-2.815
0.624,-0.986
0.636,-2.041
0.746,0.42
0.685,-2.204
0.679,-1.032
0.666,-0.05
0.537,-1.208
0.485,-0.727
0.447,-0.719
0.377,0.411
0.368,-1.017
0.444,-2.439
0.356,0.437
0.182,-0.797
0.253,-0.814
0.029,-3.236
0.106,-2.022
-0.025,-1.55
-0.111,-2.303
-0.034,-1.967
-0.092,-1.921
-0.224,-1.644
-0.262,0.072
-0.32,-1.081
-0.213,0.321
-0.271,-1.695
-0.425,-0.914
-0.427,-2.472
-0.474,-1.032
-0.34,-0.064
-0.332,-0.617
-0.507,-3.37
-0.502,-2.135
-0.553,-2.238
-0.549,-2.337
-0.71,-3.25
-0.612,-1.191
-0.646,-0.284
-0.845,0.109
-0.832,-1.757
-0.816,-3.505
-0.844,-2.29
-1.09,0.132
-0.935,-0.975
-1.112,-2.452
-1.213,-3.591
-1.117,-0.97
-1.301,-2.355
-1.203,0.12
-1.263,-2.603
-1.425,-0.796
-1.601,-2.174
-1.711,-1.807
-1.658,-3.17
-1.987,-3.557
-2.028,-2.576
-2.051,-2.067
-2.155,0.319
-2.173,-0.744
-2.283,-0.921
-2.331,-2.06
-2.42,-1.011
-2.686,-3.337
-2.565,-3.326
-2.647,-2.458
-2.752,0.209
-2.701,-2.407
-2.69,-0.212
-2.723,-2.501
-2.826,-1.345
-2.982,-0.826
-3.059,-0.778
-3.085,-2.241
3.065,-1.756
3.095,-3.372
2.917,-0.702
2.782,0.116
2.791,-0.06
2.916,0.035
2.731,0.194
2.838,-1.18
2.615,-0.875
2.615,-1.09
2.54,-0.302
2.56,0.341
2.376,-1.482
2.316,-2.381
2.114,-2.238
2.064,-2.104
1.997,-1.329
1.908,-3.493
1.876,-3.269
1.963,0.067
1.933,-1.211
1.788,-1.331
1.879,-0.766
1.9,-1.399
1.722,-3.903
1.4,-3.601
0.504,-3.867
-0.053,-3.831
0.052,-3.643
-0.918,-3.564
-1.099,-3.92
-1.566,-3.874
-1.711,-3.978
-1.767,-3.737
-3.078,-3.815
-2.955,-3.768
-3.117,-3.902
-2.984,-3.71
3.005,-3.796
2.959,-3.68
2.832,-3.895
2.201,-3.663
2.231,-3.562
2.054,-3.737
1.652,-3.556
1.489,0.681
1.363,0.793
1.324,0.763
1.217,0.747
1.034,0.697
0.149,0.51
-0.383,0.576
-0.616,0.405
-0.958,0.704
-1.305,0.641
-2.177,0.646
-2.402,0.698
-2.751,0.567
2.748,0.75
2.345,0.368
1.905,0.612
1.719,0.513
1.807,0.711
-0.526,-1.66
-1.722,-0.45
-2.29,-2.632
-2.731,-1.722
-2.975,0.034
0.779,-1.122
0.596,-2.824
0.052,-2.83
-0.626,-2.295
-2.446,-0.101
-2.789,-0.674
-2.794,-1.038
-3.102,-1.793
2.826,-3.05
2.889,-1.412
2.548,-0.672
2.522,-2.109
2.336,-0.219
2.317,-0.022
2.264,-1.118
1.574,-1.212
1.389,-2.537
-0.136,-1.29
-1.645,-1.274
-2.906,-2.611
-0.187,0.215
1.492,-3.681
2.249,-4.029
-0.054,-1.763
-0.042,-0.19
-0.052,-0.54
-0.052,-1.573
-0.097,-0.155
-0.115,-0.385
-0.166,-1.06
-0.177,-0.393
-0.129,-1.85
-0.154,0.959
-0.22,-2.365
-0.266,1.229
-0.276,-1.598
-0.232,0.336
-0.232,-2.345
-0.322,0.275
-0.275,-1.863
-0.351,-0.047
-0.357,0.498
-0.395,-0.027
-0.398,0.405
-0.409,-0.2
-0.448,-0.568
-0.555,0.168
-0.553,-0.114
-0.619,-1.133
-0.692,-0.763
-0.717,0.09
-0.726,-0.739
-0.706,-1.429
-0.714,-0.907
-0.763,-1.424
-0.728,-1.827
-0.725,0.893
-0.817,-0.947
-0.764,0.487
-0.823,0.571
-0.872,-0.431
-0.807,-0.599
-0.913,-0.27
-0.917,0.047
-0.983,-0.661
-1.079,0.979
-1.297,-0.684
-1.309,-1.962
-1.29,-2.404
-1.363,-1.621
-1.33,0.55
-1.358,-0.458
-1.446,0.705
-1.521,-0.995
-1.569,-1.789
-1.515,-2.182
-1.526,0.855
-1.585,0.462
-1.551,0.56
-1.588,-1.704
-1.68,-0.994
-1.894,1.145
-1.883,-2.575
-1.993,-1.322
-1.931,-0.291
-1.995,0.132
-1.974,-1.155
-1.961,-1.068
-2.05,1.034
-1.979,-0.873
-2.023,-0.002
-2.108,-1.474
-2.075,-0.876
-2.246,-0.938
-2.203,-0.359
-2.317,-0.386
-2.339,-1.204
-2.344,0.055
-2.363,0.137
-2.599,-2.361
-2.613,-1.03
-2.614,-0.251
-2.612,-2.475
-2.696,-2.674
-2.712,0.84
-2.725,0.564
-2.765,-2.122
-2.832,-2.21
-2.829,0.265
-2.82,-1.826
-2.944,-1.099
-2.971,-1.241
-2.931,-2.417
-3.015,-1.687
-3.027,-1.048
-3.029,-0.263
-3.026,0.738
-3.063,-1.195
-3.118,-1.692
-3.12,1.029
-3.071,-0.509
3.135,0.165
3.091,-0.55
3.125,-0.323
3.048,-0.603
3.117,-1.914
3.093,-1.415
3.078,-1.53
3.099,-1.332
3.071,0.203
2.846,-2.654
2.754,-2.216
2.698,-0.381
2.669,-2.018
2.696,1.225
2.675,-1.026
2.604,0.332
2.528,-1.857
2.591,0.502
2.574,0.222
2.499,-0.756
2.509,-1.527
2.386,-1.78
2.332,-1.641
2.172,-0.842
2.198,-1.846
2.186,-0.91
2.104,-1.534
2.048,0.618
1.887,1.015
1.822,-0.803
1.798,-2.473
1.752,-0.534
0.433,-2.79
0.381,-2.796
0.318,-2.987
-0.031,-2.87
-0.473,-3.116
-0.471,-2.78
-0.815,-3.08
-1.067,-2.96
-1.49,-2.931
-1.804,-3.04
-1.988,-3.044
-2.05,-2.776
-2.645,-3.167
-2.859,-2.843
3.044,-2.746
2.94,-3.114
1.79,-2.802
1.651,1.335
1.14,1.398
0.667,1.342
0.518,1.576
0.486,1.263
0.282,1.461
-0.283,1.541
-0.372,1.607
-0.788,1.268
-1.786,1.372
-2.071,1.658
-2.979,1.315
-3.069,1.494
3.087,1.283
2.95,1.728
2.77,1.596
2.613,1.572
2.396,1.603
2.443,1.285
1.95,1.445
0.995,0.753
1.014,-1.578
0.079,1.255
-0.213,0.926
-0.698,1.169
-1.245,-2.05
-2.856,0.924
2.953,0.716
1.909,-0.089
1.882,-1.765
1.061,-3.149
-2.631,-2.982
2.359,-2.901
2.252,-2.938
1.78,-3.149
1.766,0.06
1.763,-1.668
1.435,-1.371
1.211,-0.122
1.07,-1.186
1.178,0.914
1.094,0.021
0.942,0.304
1.045,-0.992
1.07,-2.162
0.912,-0.135
0.88,0.709
0.992,-1.065
0.945,0.289
0.784,-1.501
0.88,-1.982
0.646,-0.153
0.658,-1.208
0.768,1.253
0.707,-1.371
0.701,-0.199
0.688,0.783
0.559,-0.375
0.507,0.106
0.469,0.114
0.399,1.244
0.39,-0.184
0.466,-1.606
0.378,1.27
0.204,0.036
0.275,0.019
0.051,-2.403
0.128,-1.189
-0.003,-0.717
-0.089,-1.47
-0.012,-1.134
-0.07,-1.088
-0.202,-0.811
-0.24,0.905
-0.298,-0.248
-0.191,1.154
-0.249,-0.862
-0.403,-0.081
-0.405,-1.639
-0.452,-0.199
-0.318,0.769
-0.31,0.216
-0.485,-2.537
-0.48,-1.302
-0.531,-1.405
-0.527,-1.504
-0.688,-2.417
-0.59,-0.358
-0.624,0.549
-0.823,0.942
-0.81,-0.924
-0.794,-2.672
-0.822,-1.457
-1.068,0.965
-0.913,-0.142
-1.09,-1.619
-1.191,-2.758
-1.095,-0.137
-1.279,-1.522
-1.181,0.953
-1.241,-1.77
-1.403,0.037
-1.579,-1.341
-1.689,-0.974
-1.636,-2.337
-1.965,-2.724
-2.006,-1.743
-2.029,-1.234
-2.133,1.152
-2.151,0.089
-2.261,-0.088
-2.309,-1.227
-2.398,-0.178
-2.664,-2.504
-2.543,-2.493
-2.625,-1.625
-2.73,1.042
-2.679,-1.574
-2.668,0.621
-2.701,-1.668
-2.804,-0.512
-2.96,0.007
-3.037,0.055
-3.063,-1.408
3.087,-0.923
3.117,-2.539
2.939,0.131
2.804,0.949
2.813,0.773
2.938,0.868
2.753,1.027
2.86,-0.347
2.637,-0.042
2.637,-0.257
2.562,0.531
2.582,1.174
2.398,-0.649
2.338,-1.548
2.136,-1.405
2.086,-1.271
2.019,-0.496
1.93,-2.66
1.898,-2.436
1.985,0.9
1.955,-0.378
1.81,-0.498
1.901,0.067
1.922,-0.566
1.744,-3.07
1.422,-2.768
0.526,-3.034
-0.031,-2.998
0.074,-2.81
-0.896,-2.731
-1.077,-3.087
-1.544,-3.041
-1.689,-3.145
-1.745,-2.904
-3.056,-2.982
-2.933,-2.935
-3.095,-3.069
-2.962,-2.877
3.027,-2.963
2.981,-2.847
2.854,-3.062
2.223,-2.83
2.253,-2.729
2.076,-2.904
1.674,-2.723
1.511,1.514
1.385,1.626
1.346,1.596
1.239,1.58
1.056,1.53
0.171,1.343
-0.361,1.409
-0.594,1.238
-0.936,1.537
-1.283,1.474
-2.155,1.479
-2.38,1.531
-2.729,1.4
2.77,1.583
2.367,1.201
1.927,1.445
1.741,1.346
1.829,1.544
-0.504,-0.827
-1.7,0.383
-2.268,-1.799
-2.709,-0.889
-2.953,0.867
0.801,-0.289
0.618,-1.991
0.074,-1.997
-0.604,-1.462
-2.424,0.732
-2.767,0.159
-2.772,-0.205
-3.08,-0.96
2.848,-2.217
2.911,-0.579
2.57,0.161
2.544,-1.276
2.358,0.614
2.339,0.811
2.286,-0.285
1.596,-0.379
1.411,-1.704
-0.114,-0.457
-1.623,-0.441
-2.884,-1.778
-0.165,1.048
1.514,-2.848
2.271,-3.196
0.012,1.573
0.002,1.223
0.002,0.19
-0.043,1.608
-0.061,1.378
-0.112,0.703
-0.123,1.37
-0.075,-0.087
-0.1,2.722
-0.166,-0.602
-0.212,2.992
-0.222,0.165
-0.178,2.099
-0.178,-0.582
-0.268,2.038
-0.221,-0.1
-0.297,1.716
-0.303,2.261
-0.341,1.736
-0.344,2.168
-0.355,1.563
-0.394,1.195
-0.501,1.931
-0.499,1.649
-0.565,0.63
-0.638,1.0
-0.663,1.853
-0.672,1.024
-0.652,0.334
-0.66,0.856
-0.709,0.339
-0.674,-0.064
-0.671,2.656
-0.763,0.816
-0.71,2.25
-0.769,2.334
-0.818,1.332
-0.753,1.164
-0.859,1.493
-0.863,1.81
-0.929,1.102
-1.025,2.742
-1.243,1.079
-1.255,-0.199
-1.236,-0.641
-1.309,0.142
-1.276,2.313
-1.304,1.305
-1.392,2.468
-1.467,0.768
-1.515,-0.026
-1.461,-0.419
-1.472,2.618
-1.531,2.225
-1.497,2.323
-1.534,0.059
-1.626,0.769
-1.84,2.908
-1.829,-0.812
-1.939,0.441
-1.877,1.472
-1.941,1.895
-1.92,0.608
-1.907,0.695
-1.996,2.797
-1.925,0.89
-1.969,1.761
-2.054,0.289
-2.021,0.887
-2.192,0.825
-2.149,1.404
-2.263,1.377
-2.285,0.559
-2.29,1.818
-2.309,1.9
-2.545,-0.598
-2.559,0.733
-2.56,1.512
-2.558,-0.712
-2.642,-0.911
-2.658,2.603
-2.671,2.327
-2.711,-0.359
-2.778,-0.447
-2.775,2.028
-2.766,-0.063
-2.89,0.664
-2.917,0.522
-2.877,-0.654
-2.961,0.076
-2.973,0.715
-2.975,1.5
-2.972,2.501
-3.009,0.568
-3.064,0.071
-3.066,2.792
-3.017,1.254
-3.094,1.928
-3.138,1.213
-3.104,1.44
3.102,1.16
-3.112,-0.151
-3.136,0.348
3.132,0.233
-3.13,0.431
3.125,1.966
2.9,-0.891
2.808,-0.453
2.752,1.382
2.723,-0.255
2.75,2.988
2.729,0.737
2.658,2.095
2.582,-0.094
2.645,2.265
2.628,1.985
2.553,1.007
2.563,0.236
2.44,-0.017
2.386,0.122
2.226,0.921
2.252,-0.083
2.24,0.853
2.158,0.229
2.102,2.381
1.941,2.778
1.876,0.96
1.852,-0.71
1.806,1.229
0.487,-1.027
0.435,-1.033
0.372,-1.224
0.023,-1.107
-0.419,-1.353
-0.417,-1.017
-0.761,-1.317
-1.013,-1.197
-1.436,-1.168
-1.75,-1.277
-1.934,-1.281
-1.996,-1.013
-2.591,-1.404
-2.805,-1.08
3.098,-0.983
2.994,-1.351
1.844,-1.039
1.705,3.098
1.194,3.161
0.721,3.105
0.572,3.339
0.54,3.026
0.336,3.224
-0.229,3.304
-0.318,3.37
-0.734,3.031
-1.732,3.135
-2.017,3.421
-2.925,3.078
-3.015,3.257
3.141,3.046
3.004,3.491
2.824,3.359
2.667,3.335
2.45,3.366
2.497,3.048
2.004,3.208
1.049,2.516
1.068,0.185
0.133,3.018
-0.159,2.689
-0.644,2.932
-1.191,-0.287
-2.802,2.687
3.007,2.479
1.963,1.674
1.936,-0.002
1.115,-1.386
-2.577,-1.219
2.413,-1.138
2.306,-1.175
1.834,-1.386
1.82,1.823
1.817,0.095
1.489,0.392
1.265,1.641
1.124,0.577
1.232,2.677
1.148,1.784
0.996,2.067
1.099,0.771
1.124,-0.399
0.966,1.628
0.934,2.472
1.046,0.698
0.999,2.052
0.838,0.262
0.934,-0.219
0.7,1.61
0.712,0.555
0.822,3.016
0.761,0.392
0.755,1.564
0.742,2.546
0.613,1.388
0.561,1.869
0.523,1.877
0.453,3.007
0.444,1.579
0.52,0.157
0.432,3.033
0.258,1.799
0.329,1.782
0.105,-0.64
0.182,0.574
0.051,1.046
-0.035,0.293
0.042,0.629
-0.016,0.675
-0.148,0.952
-0.186,2.668
-0.244,1.515
-0.137,2.917
-0.195,0.901
-0.349,1.682
-0.351,0.124
-0.398,1.564
-0.264,2.532
-0.256,1.979
-0.431,-0.774
-0.426,0.461
-0.477,0.358
-0.473,0.259
-0.634,-0.654
-0.536,1.405
-0.57,2.312
-0.769,2.705
-0.756,0.839
-0.74,-0.909
-0.768,0.306
-1.014,2.728
-0.859,1.621
-1.036,0.144
-1.137,-0.995
-1.041,1.626
-1.225,0.241
-1.127,2.716
-1.187,-0.007
-1.349,1.8
-1.525,0.422
-1.635,0.789
-1.582,-0.574
-1.911,-0.961
-1.952,0.02
-1.975,0.529
-2.079,2.915
-2.097,1.852
-2.207,1.675
-2.255,0.536
-2.344,1.585
-2.61,-0.741
-2.489,-0.73
-2.571,0.138
-2.676,2.805
-2.625,0.189
-2.614,2.384
-2.647,0.095
-2.75,1.251
-2.906,1.77
-2.983,1.818
-3.009,0.355
3.141,0.84
-3.112,-0.776
2.993,1.894
2.858,2.712
2.867,2.536
2.992,2.631
2.807,2.79
2.914,1.416
2.691,1.721
2.691,1.506
2.616,2.294
2.636,2.937
2.452,1.114
2.392,0.215
2.19,0.358
2.14,0.492
2.073,1.267
1.984,-0.897
1.952,-0.673
2.039,2.663
2.009,1.385
1.864,1.265
1.955,1.83
1.976,1.197
1.798,-1.307
1.476,-1.005
0.58,-1.271
0.023,-1.235
0.128,-1.047
-0.842,-0.968
-1.023,-1.324
-1.49,-1.278
-1.635,-1.382
-1.691,-1.141
-3.002,-1.219
-2.879,-1.172
-3.041,-1.306
-2.908,-1.114
3.081,-1.2
3.035,-1.084
2.908,-1.299
2.277,-1.067
2.307,-0.966
2.13,-1.141
1.728,-0.96
1.565,3.277
1.439,3.389
1.4,3.359
1.293,3.343
1.11,3.293
0.225,3.106
-0.307,3.172
-0.54,3.001
-0.882,3.3
-1.229,3.237
-2.101,3.242
-2.326,3.294
-2.675,3.163
2.824,3.346
2.421,2.964
1.981,3.208
1.795,3.109
1.883,3.307
-0.45,0.936
-1.646,2.146
-2.214,-0.036
-2.655,0.874
-2.899,2.63
0.855,1.474
0.672,-0.228
0.128,-0.234
-0.55,0.301
-2.37,2.495
-2.713,1.922
-2.718,1.558
-3.026,0.803
2.902,-0.454
2.965,1.184
2.624,1.924
2.598,0.487
2.412,2.377
2.393,2.574
2.34,1.478
1.65,1.384
1.465,0.059
-0.06,1.306
-1.569,1.322
-2.83,-0.015
-0.111,2.811
1.568,-1.085
2.325,-1.433
-0.01,-0.35
-0.01,-1.383
-0.055,0.035
-0.073,-0.195
-0.124,-0.87
-0.135,-0.203
-0.087,-1.66
-0.112,1.149
-0.178,-2.175
-0.224,1.419
-0.234,-1.408
-0.19,0.526
-0.19,-2.155
-0.28,0.465
-0.233,-1.673
-0.309,0.143
-0.315,0.688
-0.353,0.163
-0.356,0.595
-0.367,-0.01
-0.406,-0.378
-0.513,0.358
-0.511,0.076
-0.577,-0.943
-0.65,-0.573
-0.675,0.28
-0.684,-0.549
-0.664,-1.239
-0.672,-0.717
-0.721,-1.234
-0.686,-1.637
-0.683,1.083
-0.775,-0.757
-0.722,0.677
-0.781,0.761
-0.83,-0.241
-0.765,-0.409
-0.871,-0.08
-0.875,0.237
-0.941,-0.471
-1.037,1.169
-1.255,-0.494
-1.267,-1.772
-1.248,-2.214
-1.321,-1.431
-1.288,0.74
-1.316,-0.268
-1.404,0.895
-1.479,-0.805
-1.527,-1.599
-1.473,-1.992
-1.484,1.045
-1.543,0.652
-1.509,0.75
-1.546,-1.514
-1.638,-0.804
-1.852,1.335
-1.841,-2.385
-1.951,-1.132
-1.889,-0.101
-1.953,0.322
-1.932,-0.965
-1.919,-0.878
-2.008,1.224
-1.937,-0.683
-1.981,0.188
-2.066,-1.284
-2.033,-0.686
-2.204,-0.748
-2.161,-0.169
-2.275,-0.196
-2.297,-1.014
-2.302,0.245
-2.321,0.327
-2.557,-2.171
-2.571,-0.84
-2.572,-0.061
-2.57,-2.285
-2.654,-2.484
-2.67,1.03
-2.683,0.754
-2.723,-1.932
-2.79,-2.02
-2.787,0.455
-2.778,-1.636
-2.902,-0.909
-2.929,-1.051
-2.889,-2.227
-2.973,-1.497
-2.985,-0.858
-2.987,-0.073
-2.984,0.928
-3.021,-1.005
-3.076,-1.502
-3.078,1.219
-3.029,-0.319
-3.106,0.355
3.133,-0.36
-3.116,-0.133
3.09,-0.413
-3.124,-1.724
3.135,-1.225
3.12,-1.34
3.141,-1.142
3.113,0.393
2.888,-2.464
2.796,-2.026
2.74,-0.191
2.711,-1.828
2.738,1.415
2.717,-0.836
2.646,0.522
2.57,-1.667
2.633,0.692
2.616,0.412
2.541,-0.566
2.551,-1.337
2.428,-1.59
2.374,-1.451
2.214,-0.652
2.24,-1.656
2.228,-0.72
2.146,-1.344
2.09,0.808
1.929,1.205
1.864,-0.613
1.84,-2.283
1.794,-0.344
0.475,-2.6
0.423,-2.606
0.36,-2.797
0.011,-2.68
-0.431,-2.926
-0.429,-2.59
-0.773,-2.89
-1.025,-2.77
-1.448,-2.741
-1.762,-2.85
-1.946,-2.854
-2.008,-2.586
-2.603,-2.977
-2.817,-2.653
3.086,-2.556
2.982,-2.924
1.832,-2.612
1.693,1.525
1.182,1.588
0.709,1.532
0.56,1.766
0.528,1.453
0.324,1.651
-0.241,1.731
-0.33,1.797
-0.746,1.458
-1.744,1.562
-2.029,1.848
-2.937,1.505
-3.027,1.684
3.129,1.473
2.992,1.918
2.812,1.786
2.655,1.762
2.438,1.793
2.485,1.475
1.992,1.635
1.037,0.943
1.056,-1.388
0.121,1.445
-0.171,1.116
-0.656,1.359
-1.203,-1.86
-2.814,1.114
2.995,0.906
1.951,0.101
1.924,-1.575
1.103,-2.959
-2.589,-2.792
2.401,-2.711
2.294,-2.748
1.822,-2.959
1.808,0.25
1.805,-1.478
1.477,-1.181
1.253,0.068
1.112,-0.996
1.22,1.104
1.136,0.211
0.984,0.494
1.087,-0.802
1.112,-1.972
0.954,0.055
0.922,0.899
1.034,-0.875
0.987,0.479
0.826,-1.311
0.922,-1.792
0.688,0.037
0.7,-1.018
0.81,1.443
0.749,-1.181
0.743,-0.009
0.73,0.973
0.601,-0.185
0.549,0.296
0.511,0.304
0.441,1.434
0.432,0.006
0.508,-1.416
0.42,1.46
0.246,0.226
0.317,0.209
0.093,-2.213
0.17,-0.999
0.039,-0.527
-0.047,-1.28
0.03,-0.944
-0.028,-0.898
-0.16,-0.621
-0.198,1.095
-0.256,-0.058
-0.149,1.344
-0.207,-0.672
-0.361,0.109
-0.363,-1.449
-0.41,-0.009
-0.276,0.959
-0.268,0.406
-0.443,-2.347
-0.438,-1.112
-0.489,-1.215
-0.485,-1.314
-0.646,-2.227
-0.548,-0.168
-0.582,0.739
-0.781,1.132
-0.768,-0.734
-0.752,-2.482
-0.78,-1.267
-1.026,1.155
-0.871,0.048
-1.048,-1.429
-1.149,-2.568
-1.053,0.053
-1.237,-1.332
-1.139,1.143
-1.199,-1.58
-1.361,0.227
-1.537,-1.151
-1.647,-0.784
-1.594,-2.147
-1.923,-2.534
-1.964,-1.553
-1.987,-1.044
-2.091,1.342
-2.109,0.279
-2.219,0.102
-2.267,-1.037
-2.356,0.012
-2.622,-2.314
-2.501,-2.303
-2.583,-1.435
-2.688,1.232
-2.637,-1.384
-2.626,0.811
-2.659,-1.478
-2.762,-0.322
-2.918,0.197
-2.995,0.245
-3.021,-1.218
3.129,-0.733
-3.124,-2.349
2.981,0.321
2.846,1.139
2.855,0.963
2.98,1.058
2.795,1.217
2.902,-0.157
2.679,0.148
2.679,-0.067
2.604,0.721
2.624,1.364
2.44,-0.459
2.38,-1.358
2.178,-1.215
2.128,-1.081
2.061,-0.306
1.972,-2.47
1.94,-2.246
2.027,1.09
1.997,-0.188
1.852,-0.308
1.943,0.257
1.964,-0.376
1.786,-2.88
1.464,-2.578
0.568,-2.844
0.011,-2.808
0.116,-2.62
-0.854,-2.541
-1.035,-2.897
-1.502,-2.851
-1.647,-2.955
-1.703,-2.714
-3.014,-2.792
-2.891,-2.745
-3.053,-2.879
-2.92,-2.687
3.069,-2.773
3.023,-2.657
2.896,-2.872
2.265,-2.64
2.295,-2.539
2.118,-2.714
1.716,-2.533
1.553,1.704
1.427,1.816
1.388,1.786
1.281,1.77
1.098,1.72
0.213,1.533
-0.319,1.599
-0.552,1.428
-0.894,1.727
-1.241,1.664
-2.113,1.669
-2.338,1.721
-2.687,1.59
2.812,1.773
2.409,1.391
1.969,1.635
1.783,1.536
1.871,1.734
-0.462,-0.637
-1.658,0.573
-2.226,-1.609
-2.667,-0.699
-2.911,1.057
0.843,-0.099
0.66,-1.801
0.116,-1.807
-0.562,-1.272
-2.382,0.922
-2.725,0.349
-2.73,-0.015
-3.038,-0.77
2.89,-2.027
2.953,-0.389
2.612,0.351
2.586,-1.086
2.4,0.804
2.381,1.001
2.328,-0.095
1.638,-0.189
1.453,-1.514
-0.072,-0.267
-1.581,-0.251
-2.842,-1.588
-0.123,1.238
1.556,-2.658
2.313,-3.006
0.0,-1.033
-0.045,0.385
-0.063,0.155
-0.114,-0.52
-0.125,0.147
-0.077,-1.31
-0.102,1.499
-0.168,-1.825
-0.214,1.769
-0.224,-1.058
-0.18,0.876
-0.18,-1.805
-0.27,0.815
-0.223,-1.323
-0.299,0.493
-0.305,1.038
-0.343,0.513
-0.346,0.945
-0.357,0.34
-0.396,-0.028
-0.503,0.708
-0.501,0.426
-0.567,-0.593
-0.64,-0.223
-0.665,0.63
-0.674,-0.199
-0.654,-0.889
-0.662,-0.367
-0.711,-0.884
-0.676,-1.287
-0.673,1.433
-0.765,-0.407
-0.712,1.027
-0.771,1.111
-0.82,0.109
-0.755,-0.059
-0.861,0.27
-0.865,0.587
-0.931,-0.121
-1.027,1.519
-1.245,-0.144
-1.257,-1.422
-1.238,-1.864
-1.311,-1.081
-1.278,1.09
-1.306,0.082
-1.394,1.245
-1.469,-0.455
-1.517,-1.249
-1.463,-1.642
-1.474,1.395
-1.533,1.002
-1.499,1.1
-1.536,-1.164
-1.628,-0.454
-1.842,1.685
-1.831,-2.035
-1.941,-0.782
-1.879,0.249
-1.943,0.672
-1.922,-0.615
-1.909,-0.528
-1.998,1.574
-1.927,-0.333
-1.971,0.538
-2.056,-0.934
-2.023,-0.336
-2.194,-0.398
-2.151,0.181
-2.265,0.154
-2.287,-0.664
-2.292,0.595
-2.311,0.677
-2.547,-1.821
-2.561,-0.49
-2.562,0.289
-2.56,-1.935
-2.644,-2.134
-2.66,1.38
-2.673,1.104
-2.713,-1.582
-2.78,-1.67
-2.777,0.805
-2.768,-1.286
-2.892,-0.559
-2.919,-0.701
-2.879,-1.877
-2.963,-1.147
-2.975,-0.508
-2.977,0.277
-2.974,1.278
-3.011,-0.655
-3.066,-1.152
-3.068,1.569
-3.019,0.031
-3.096,0.705
-3.14,-0.01
-3.106,0.217
3.1,-0.063
-3.114,-1.374
-3.138,-0.875
3.13,-0.99
-3.132,-0.792
3.123,0.743
2.898,-2.114
2.806,-1.676
2.75,0.159
2.721,-1.478
2.748,1.765
2.727,-0.486
2.656,0.872
2.58,-1.317
2.643,1.042
2.626,0.762
2.551,-0.216
2.561,-0.987
2.438,-1.24
2.384,-1.101
2.224,-0.302
2.25,-1.306
2.238,-0.37
2.156,-0.994
2.1,1.158
1.939,1.555
1.874,-0.263
1.85,-1.933
1.804,0.006
0.485,-2.25
0.433,-2.256
0.37,-2.447
0.021,-2.33
-0.421,-2.576
-0.419,-2.24
-0.763,-2.54
-1.015,-2.42
-1.438,-2.391
-1.752,-2.5
-1.936,-2.504
-1.998,-2.236
-2.593,-2.627
-2.807,-2.303
3.096,-2.206
2.992,-2.574
1.842,-2.262
1.703,1.875
1.192,1.938
0.719,1.882
0.57,2.116
0.538,1.803
0.334,2.001
-0.231,2.081
-0.32,2.147
-0.736,1.808
-1.734,1.912
-2.019,2.198
-2.927,1.855
-3.017,2.034
3.139,1.823
3.002,2.268
2.822,2.136
2.665,2.112
2.448,2.143
2.495,1.825
2.002,1.985
1.047,1.293
1.066,-1.038
0.131,1.795
-0.161,1.466
-0.646,1.709
-1.193,-1.51
-2.804,1.464
3.005,1.256
1.961,0.451
1.934,-1.225
1.113,-2.609
-2.579,-2.442
2.411,-2.361
2.304,-2.398
1.832,-2.609
1.818,0.6
1.815,-1.128
1.487,-0.831
1.263,0.418
1.122,-0.646
1.23,1.454
1.146,0.561
0.994,0.844
1.097,-0.452
1.122,-1.622
0.964,0.405
0.932,1.249
1.044,-0.525
0.997,0.829
0.836,-0.961
0.932,-1.442
0.698,0.387
0.71,-0.668
0.82,1.793
0.759,-0.831
0.753,0.341
0.74,1.323
0.611,0.165
0.559,0.646
0.521,0.654
0.451,1.784
0.442,0.356
0.518,-1.066
0.43,1.81
0.256,0.576
0.327,0.559
0.103,-1.863
0.18,-0.649
0.049,-0.177
-0.037,-0.93
0.04,-0.594
-0.018,-0.548
-0.15,-0.271
-0.188,1.445
-0.246,0.292
-0.139,1.694
-0.197,-0.322
-0.351,0.459
-0.353,-1.099
-0.4,0.341
-0.266,1.309
-0.258,0.756
-0.433,-1.997
-0.428,-0.762
-0.479,-0.865
-0.475,-0.964
-0.636,-1.877
-0.538,0.182
-0.572,1.089
-0.771,1.482
-0.758,-0.384
-0.742,-2.132
-0.77,-0.917
-1.016,1.505
-0.861,0.398
-1.038,-1.079
-1.139,-2.218
-1.043,0.403
-1.227,-0.982
-1.129,1.493
-1.189,-1.23
-1.351,0.577
-1.527,-0.801
-1.637,-0.434
-1.584,-1.797
-1.913,-2.184
-1.954,-1.203
-1.977,-0.694
-2.081,1.692
-2.099,0.629
-2.209,0.452
-2.257,-0.687
-2.346,0.362
-2.612,-1.964
-2.491,-1.953
-2.573,-1.085
-2.678,1.582
-2.627,-1.034
-2.616,1.161
-2.649,-1.128
-2.752,0.028
-2.908,0.547
-2.985,0.595
-3.011,-0.868
3.139,-0.383
-3.114,-1.999
2.991,0.671
2.856,1.489
2.865,1.313
2.99,1.408
2.805,1.567
2.912,0.193
2.689,0.498
2.689,0.283
2.614,1.071
2.634,1.714
2.45,-0.109
2.39,-1.008
2.188,-0.865
2.138,-0.731
2.071,0.044
1.982,-2.12
1.95,-1.896
2.037,1.44
2.007,0.162
1.862,0.042
1.953,0.607
1.974,-0.026
1.796,-2.53
1.474,-2.228
0.578,-2.494
0.021,-2.458
0.126,-2.27
-0.844,-2.191
-1.025,-2.547
-1.492,-2.501
-1.637,-2.605
-1.693,-2.364
-3.004,-2.442
-2.881,-2.395
-3.043,-2.529
-2.91,-2.337
3.079,-2.423
3.033,-2.307
2.906,-2.522
2.275,-2.29
2.305,-2.189
2.128,-2.364
1.726,-2.183
1.563,2.054
1.437,2.166
1.398,2.136
1.291,2.12
1.108,2.07
0.223,1.883
-0.309,1.949
-0.542,1.778
-0.884,2.077
-1.231,2.014
-2.103,2.019
-2.328,2.071
-2.677,1.94
2.822,2.123
2.419,1.741
1.979,1.985
1.793,1.886
1.881,2.084
-0.452,-0.287
-1.648,0.923
-2.216,-1.259
-2.657,-0.349
-2.901,1.407
0.853,0.251
0.67,-1.451
0.126,-1.457
-0.552,-0.922
-2.372,1.272
-2.715,0.699
-2.72,0.335
-3.028,-0.42
2.9,-1.677
2.963,-0.039
2.622,0.701
2.596,-0.736
2.41,1.154
2.391,1.351
2.338,0.255
1.648,0.161
1.463,-1.164
-0.062,0.083
-1.571,0.099
-2.832,-1.238
-0.113,1.588
1.566,-2.308
2.323,-2.656
-0.045,1.418
-0.063,1.188
-0.114,0.513
-0.125,1.18
-0.077,-0.277
-0.102,2.532
-0.168,-0.792
-0.214,2.802
-0.224,-0.025
-0.18,1.909
-0.18,-0.772
-0.27,1.848
-0.223,-0.29
-0.299,1.526
-0.305,2.071
-0.343,1.546
-0.346,1.978
-0.357,1.373
-0.396,1.005
-0.503,1.741
-0.501,1.459
-0.567,0.44
-0.64,0.81
-0.665,1.663
-0.674,0.834
-0.654,0.144
-0.662,0.666
-0.711,0.149
-0.676,-0.254
-0.673,2.466
-0.765,0.626
-0.712,2.06
-0.771,2.144
-0.82,1.142
-0.755,0.974
-0.861,1.303
-0.865,1.62
-0.931,0.912
-1.027,2.552
-1.245,0.889
-1.257,-0.389
-1.238,-0.831
-1.311,-0.048
-1.278,2.123
-1.306,1.115
-1.394,2.278
-1.469,0.578
-1.517,-0.216
-1.463,-0.609
-1.474,2.428
-1.533,2.035
-1.499,2.133
-1.536,-0.131
-1.628,0.579
-1.842,2.718
-1.831,-1.002
-1.941,0.251
-1.879,1.282
-1.943,1.705
-1.922,0.418
-1.909,0.505
-1.998,2.607
-1.927,0.7
-1.971,1.571
-2.056,0.099
-2.023,0.697
-2.194,0.635
-2.151,1.214
-2.265,1.187
-2.287,0.369
-2.292,1.628
-2.311,1.71
-2.547,-0.788
-2.561,0.543
-2.562,1.322
-2.56,-0.902
-2.644,-1.101
-2.66,2.413
-2.673,2.137
-2.713,-0.549
-2.78,-0.637
-2.777,1.838
-2.768,-0.253
-2.892,0.474
-2.919,0.332
-2.879,-0.844
-2.963,-0.114
-2.975,0.525
-2.977,1.31
-2.974,2.311
-3.011,0.378
-3.066,-0.119
-3.068,2.602
-3.019,1.064
-3.096,1.738
-3.14,1.023
-3.106,1.25
3.1,0.97
-3.114,-0.341
-3.138,0.158
3.13,0.043
-3.132,0.241
3.123,1.776
2.898,-1.081
2.806,-0.643
2.75,1.192
2.721,-0.445
2.748,2.798
2.727,0.547
2.656,1.905
2.58,-0.284
2.643,2.075
2.626,1.795
2.551,0.817
2.561,0.046
2.438,-0.207
2.384,-0.068
2.224,0.731
2.25,-0.273
2.238,0.663
2.156,0.039
2.1,2.191
1.939,2.588
1.874,0.77
1.85,-0.9
1.804,1.039
0.485,-1.217
0.433,-1.223
0.37,-1.414
0.021,-1.297
-0.421,-1.543
-0.419,-1.207
-0.763,-1.507
-1.015,-1.387
-1.438,-1.358
-1.752,-1.467
-1.936,-1.471
-1.998,-1.203
-2.593,-1.594
-2.807,-1.27
3.096,-1.173
2.992,-1.541
1.842,-1.229
1.703,2.908
1.192,2.971
0.719,2.915
0.57,3.149
0.538,2.836
0.334,3.034
-0.231,3.114
-0.32,3.18
-0.736,2.841
-1.734,2.945
-2.019,3.231
-2.927,2.888
-3.017,3.067
3.139,2.856
3.002,3.301
2.822,3.169
2.665,3.145
2.448,3.176
2.495,2.858
2.002,3.018
1.047,2.326
1.066,-0.005
0.131,2.828
-0.161,2.499
-0.646,2.742
-1.193,-0.477
-2.804,2.497
3.005,2.289
1.961,1.484
1.934,-0.192
1.113,-1.576
-2.579,-1.409
2.411,-1.328
2.304,-1.365
1.832,-1.576
1.818,1.633
1.815,-0.095
1.487,0.202
1.263,1.451
1.122,0.387
1.23,2.487
1.146,1.594
0.994,1.877
1.097,0.581
1.122,-0.589
0.964,1.438
0.932,2.282
1.044,0.508
0.997,1.862
0.836,0.072
0.932,-0.409
0.698,1.42
0.71,0.365
0.82,2.826
0.759,0.202
0.753,1.374
0.74,2.356
0.611,1.198
0.559,1.679
0.521,1.687
0.451,2.817
0.442,1.389
0.518,-0.033
0.43,2.843
0.256,1.609
0.327,1.592
0.103,-0.83
0.18,0.384
0.049,0.856
-0.037,0.103
0.04,0.439
-0.018,0.485
-0.15,0.762
-0.188,2.478
-0.246,1.325
-0.139,2.727
-0.197,0.711
-0.351,1.492
-0.353,-0.066
-0.4,1.374
-0.266,2.342
-0.258,1.789
-0.433,-0.964
-0.428,0.271
-0.479,0.168
-0.475,0.069
-0.636,-0.844
-0.538,1.215
-0.572,2.122
-0.771,2.515
-0.758,0.649
-0.742,-1.099
-0.77,0.116
-1.016,2.538
-0.861,1.431
-1.038,-0.046
-1.139,-1.185
-1.043,1.436
-1.227,0.051
-1.129,2.526
-1.189,-0.197
-1.351,1.61
-1.527,0.232
-1.637,0.599
-1.584,-0.764
-1.913,-1.151
-1.954,-0.17
-1.977,0.339
-2.081,2.725
-2.099,1.662
-2.209,1.485
-2.257,0.346
-2.346,1.395
-2.612,-0.931
-2.491,-0.92
-2.573,-0.052
-2.678,2.615
-2.627,-0.001
-2.616,2.194
-2.649,-0.095
-2.752,1.061
-2.908,1.58
-2.985,1.628
-3.011,0.165
3.139,0.65
-3.114,-0.966
2.991,1.704
2.856,2.522
2.865,2.346
2.99,2.441
2.805,2.6
2.912,1.226
2.689,1.531
2.689,1.316
2.614,2.104
2.634,2.747
2.45,0.924
2.39,0.025
2.188,0.168
2.138,0.302
2.071,1.077
1.982,-1.087
1.95,-0.863
2.037,2.473
2.007,1.195
1.862,1.075
1.953,1.64
1.974,1.007
1.796,-1.497
1.474,-1.195
0.578,-1.461
0.021,-1.425
0.126,-1.237
-0.844,-1.158
-1.025,-1.514
-1.492,-1.468
-1.637,-1.572
-1.693,-1.331
-3.004,-1.409
-2.881,-1.362
-3.043,-1.496
-2.91,-1.304
3.079,-1.39
3.033,-1.274
2.906,-1.489
2.275,-1.257
2.305,-1.156
2.128,-1.331
1.726,-1.15
1.563,3.087
1.437,3.199
1.398,3.169
1.291,3.153
1.108,3.103
0.223,2.916
-0.309,2.982
-0.542,2.811
-0.884,3.11
-1.231,3.047
-2.103,3.052
-2.328,3.104
-2.677,2.973
2.822,3.156
2.419,2.774
1.979,3.018
1.793,2.919
1.881,3.117
-0.452,0.746
-1.648,1.956
-2.216,-0.226
-2.657,0.684
-2.901,2.44
0.853,1.284
0.67,-0.418
0.126,-0.424
-0.552,0.111
-2.372,2.305
-2.715,1.732
-2.72,1.368
-3.028,0.613
2.9,-0.644
2.963,0.994
2.622,1.734
2.596,0.297
2.41,2.187
2.391,2.384
2.338,1.288
1.648,1.194
1.463,-0.131
-0.062,1.116
-1.571,1.132
-2.832,-0.205
-0.113,2.621
1.566,-1.275
2.323,-1.623
-0.018,-0.23
-0.069,-0.905
-0.08,-0.238
-0.032,-1.695
-0.057,1.114
-0.123,-2.21
-0.169,1.384
-0.179,-1.443
-0.135,0.491
-0.135,-2.19
-0.225,0.43
-0.178,-1.708
-0.254,0.108
-0.26,0.653
-0.298,0.128
-0.301,0.56
-0.312,-0.045
-0.351,-0.413
-0.458,0.323
-0.456,0.041
-0.522,-0.978
-0.595,-0.608
-0.62,0.245
-0.629,-0.584
-0.609,-1.274
-0.617,-0.752
-0.666,-1.269
-0.631,-1.672
-0.628,1.048
-0.72,-0.792
-0.667,0.642
-0.726,0.726
-0.775,-0.276
-0.71,-0.444
-0.816,-0.115
-0.82,0.202
-0.886,-0.506
-0.982,1.134
-1.2,-0.529
-1.212,-1.807
-1.193,-2.249
-1.266,-1.466
-1.233,0.705
-1.261,-0.303
-1.349,0.86
-1.424,-0.84
-1.472,-1.634
-1.418,-2.027
-1.429,1.01
-1.488,0.617
-1.454,0.715
-1.491,-1.549
-1.583,-0.839
-1.797,1.3
-1.786,-2.42
-1.896,-1.167
-1.834,-0.136
-1.898,0.287
-1.877,-1.0
-1.864,-0.913
-1.953,1.189
-1.882,-0.718
-1.926,0.153
-2.011,-1.319
-1.978,-0.721
-2.149,-0.783
-2.106,-0.204
-2.22,-0.231
-2.242,-1.049
-2.247,0.21
-2.266,0.292
-2.502,-2.206
-2.516,-0.875
-2.517,-0.096
-2.515,-2.32
-2.599,-2.519
-2.615,0.995
-2.628,0.719
-2.668,-1.967
-2.735,-2.055
-2.732,0.42
-2.723,-1.671
-2.847,-0.944
-2.874,-1.086
-2.834,-2.262
-2.918,-1.532
-2.93,-0.893
-2.932,-0.108
-2.929,0.893
-2.966,-1.04
-3.021,-1.537
-3.023,1.184
-2.974,-0.354
-3.051,0.32
-3.095,-0.395
-3.061,-0.168
-3.138,-0.448
-3.069,-1.759
-3.093,-1.26
-3.108,-1.375
-3.087,-1.177
-3.115,0.358
2.943,-2.499
2.851,-2.061
2.795,-0.226
2.766,-1.863
2.793,1.38
2.772,-0.871
2.701,0.487
2.625,-1.702
2.688,0.657
2.671,0.377
2.596,-0.601
2.606,-1.372
2.483,-1.625
2.429,-1.486
2.269,-0.687
2.295,-1.691
2.283,-0.755
2.201,-1.379
2.145,0.773
1.984,1.17
1.919,-0.648
1.895,-2.318
1.849,-0.379
0.53,-2.635
0.478,-2.641
0.415,-2.832
0.066,-2.715
-0.376,-2.961
-0.374,-2.625
-0.718,-2.925
-0.97,-2.805
-1.393,-2.776
-1.707,-2.885
-1.891,-2.889
-1.953,-2.621
-2.548,-3.012
-2.762,-2.688
3.141,-2.591
3.037,-2.959
1.887,-2.647
1.748,1.49
1.237,1.553
0.764,1.497
0.615,1.731
0.583,1.418
0.379,1.616
-0.186,1.696
-0.275,1.762
-0.691,1.423
-1.689,1.527
-1.974,1.813
-2.882,1.47
-2.972,1.649
-3.099,1.438
3.047,1.883
2.867,1.751
2.71,1.727
2.493,1.758
2.54,1.44
2.047,1.6
1.092,0.908
1.111,-1.423
0.176,1.41
-0.116,1.081
-0.601,1.324
-1.148,-1.895
-2.759,1.079
3.05,0.871
2.006,0.066
1.979,-1.61
1.158,-2.994
-2.534,-2.827
2.456,-2.746
2.349,-2.783
1.877,-2.994
1.863,0.215
1.86,-1.513
1.532,-1.216
1.308,0.033
1.167,-1.031
1.275,1.069
1.191,0.176
1.039,0.459
1.142,-0.837
1.167,-2.007
1.009,0.02
0.977,0.864
1.089,-0.91
1.042,0.444
0.881,-1.346
0.977,-1.827
0.743,0.002
0.755,-1.053
0.865,1.408
0.804,-1.216
0.798,-0.044
0.785,0.938
0.656,-0.22
0.604,0.261
0.566,0.269
0.496,1.399
0.487,-0.029
0.563,-1.451
0.475,1.425
0.301,0.191
0.372,0.174
0.148,-2.248
0.225,-1.034
0.094,-0.562
0.008,-1.315
0.085,-0.979
0.027,-0.933
-0.105,-0.656
-0.143,1.06
-0.201,-0.093
-0.094,1.309
-0.152,-0.707
-0.306,0.074
-0.308,-1.484
-0.355,-0.044
-0.221,0.924
-0.213,0.371
-0.388,-2.382
-0.383,-1.147
-0.434,-1.25
-0.43,-1.349
-0.591,-2.262
-0.493,-0.203
-0.527,0.704
-0.726,1.097
-0.713,-0.769
-0.697,-2.517
-0.725,-1.302
-0.971,1.12
-0.816,0.013
-0.993,-1.464
-1.094,-2.603
-0.998,0.018
-1.182,-1.367
-1.084,1.108
-1.144,-1.615
-1.306,0.192
-1.482,-1.186
-1.592,-0.819
-1.539,-2.182
-1.868,-2.569
-1.909,-1.588
-1.932,-1.079
-2.036,1.307
-2.054,0.244
-2.164,0.067
-2.212,-1.072
-2.301,-0.023
-2.567,-2.349
-2.446,-2.338
-2.528,-1.47
-2.633,1.197
-2.582,-1.419
-2.571,0.776
-2.604,-1.513
-2.707,-0.357
-2.863,0.162
-2.94,0.21
-2.966,-1.253
-3.099,-0.768
-3.069,-2.384
3.036,0.286
2.901,1.104
2.91,0.928
3.035,1.023
2.85,1.182
2.957,-0.192
2.734,0.113
2.734,-0.102
2.659,0.686
2.679,1.329
2.495,-0.494
2.435,-1.393
2.233,-1.25
2.183,-1.116
2.116,-0.341
2.027,-2.505
1.995,-2.281
2.082,1.055
2.052,-0.223
1.907,-0.343
1.998,0.222
2.019,-0.411
1.841,-2.915
1.519,-2.613
0.623,-2.879
0.066,-2.843
0.171,-2.655
-0.799,-2.576
-0.98,-2.932
-1.447,-2.886
-1.592,-2.99
-1.648,-2.749
-2.959,-2.827
-2.836,-2.78
-2.998,-2.914
-2.865,-2.722
3.124,-2.808
3.078,-2.692
2.951,-2.907
2.32,-2.675
2.35,-2.574
2.173,-2.749
1.771,-2.568
1.608,1.669
1.482,1.781
1.443,1.751
1.336,1.735
1.153,1.685
0.268,1.498
-0.264,1.564
-0.497,1.393
-0.839,1.692
-1.186,1.629
-2.058,1.634
-2.283,1.686
-2.632,1.555
2.867,1.738
2.464,1.356
2.024,1.6
1.838,1.501
1.926,1.699
-0.407,-0.672
-1.603,0.538
-2.171,-1.644
-2.612,-0.734
-2.856,1.022
0.898,-0.134
0.715,-1.836
0.171,-1.842
-0.507,-1.307
-2.327,0.887
-2.67,0.314
-2.675,-0.05
-2.983,-0.805
2.945,-2.062
3.008,-0.424
2.667,0.316
2.641,-1.121
2.455,0.769
2.436,0.966
2.383,-0.13
1.693,-0.224
1.508,-1.549
-0.017,-0.302
-1.526,-0.286
-2.787,-1.623
-0.068,1.203
1.611,-2.693
2.368,-3.041
-0.051,-0.675
-0.062,-0.008
-0.014,-1.465
-0.039,1.344
-0.105,-1.98
-0.151,1.614
-0.161,-1.213
-0.117,0.721
-0.117,-1.96
-0.207,0.66
-0.16,-1.478
-0.236,0.338
-0.242,0.883
-0.28,0.358
-0.283,0.79
-0.294,0.185
-0.333,-0.183
-0.44,0.553
-0.438,0.271
-0.504,-0.748
-0.577,-0.378
-0.602,0.475
-0.611,-0.354
-0.591,-1.044
-0.599,-0.522
-0.648,-1.039
-0.613,-1.442
-0.61,1.278
-0.702,-0.562
-0.649,0.872
-0.708,0.956
-0.757,-0.046
-0.692,-0.214
-0.798,0.115
-0.802,0.432
-0.868,-0.276
-0.964,1.364
-1.182,-0.299
-1.194,-1.577
-1.175,-2.019
-1.248,-1.236
-1.215,0.935
-1.243,-0.073
-1.331,1.09
-1.406,-0.61
-1.454,-1.404
-1.4,-1.797
-1.411,1.24
-1.47,0.847
-1.436,0.945
-1.473,-1.319
-1.565,-0.609
-1.779,1.53
-1.768,-2.19
-1.878,-0.937
-1.816,0.094
-1.88,0.517
-1.859,-0.77
-1.846,-0.683
-1.935,1.419
-1.864,-0.488
-1.908,0.383
-1.993,-1.089
-1.96,-0.491
-2.131,-0.553
-2.088,0.026
-2.202,-0.001
-2.224,-0.819
-2.229,0.44
-2.248,0.522
-2.484,-1.976
-2.498,-0.645
-2.499,0.134
-2.497,-2.09
-2.581,-2.289
-2.597,1.225
-2.61,0.949
-2.65,-1.737
-2.717,-1.825
-2.714,0.65
-2.705,-1.441
-2.829,-0.714
-2.856,-0.856
-2.816,-2.032
-2.9,-1.302
-2.912,-0.663
-2.914,0.122
-2.911,1.123
-2.948,-0.81
-3.003,-1.307
-3.005,1.414
-2.956,-0.124
-3.033,0.55
-3.077,-0.165
-3.043,0.062
-3.12,-0.218
-3.051,-1.529
-3.075,-1.03
-3.09,-1.145
-3.069,-0.947
-3.097,0.588
2.961,-2.269
2.869,-1.831
2.813,0.004
2.784,-1.633
2.811,1.61
2.79,-0.641
2.719,0.717
2.643,-1.472
2.706,0.887
2.689,0.607
2.614,-0.371
2.624,-1.142
2.501,-1.395
2.447,-1.256
2.287,-0.457
2.313,-1.461
2.301,-0.525
2.219,-1.149
2.163,1.003
2.002,1.4
1.937,-0.418
1.913,-2.088
1.867,-0.149
0.548,-2.405
0.496,-2.411
0.433,-2.602
0.084,-2.485
-0.358,-2.731
-0.356,-2.395
-0.7,-2.695
-0.952,-2.575
-1.375,-2.546
-1.689,-2.655
-1.873,-2.659
-1.935,-2.391
-2.53,-2.782
-2.744,-2.458
-3.124,-2.361
3.055,-2.729
1.905,-2.417
1.766,1.72
1.255,1.783
0.782,1.727
0.633,1.961
0.601,1.648
0.397,1.846
-0.168,1.926
-0.257,1.992
-0.673,1.653
-1.671,1.757
-1.956,2.043
-2.864,1.7
-2.954,1.879
-3.081,1.668
3.065,2.113
2.885,1.981
2.728,1.957
2.511,1.988
2.558,1.67
2.065,1.83
1.11,1.138
1.129,-1.193
0.194,1.64
-0.098,1.311
-0.583,1.554
-1.13,-1.665
-2.741,1.309
3.068,1.101
2.024,0.296
1.997,-1.38
1.176,-2.764
-2.516,-2.597
2.474,-2.516
2.367,-2.553
1.895,-2.764
1.881,0.445
1.878,-1.283
1.55,-0.986
1.326,0.263
1.185,-0.801
1.293,1.299
1.209,0.406
1.057,0.689
1.16,-0.607
1.185,-1.777
1.027,0.25
0.995,1.094
1.107,-0.68
1.06,0.674
0.899,-1.116
0.995,-1.597
0.761,0.232
0.773,-0.823
0.883,1.638
0.822,-0.986
0.816,0.186
0.803,1.168
0.674,0.01
0.622,0.491
0.584,0.499
0.514,1.629
0.505,0.201
0.581,-1.221
0.493,1.655
0.319,0.421
0.39,0.404
0.166,-2.018
0.243,-0.804
0.112,-0.332
0.026,-1.085
0.103,-0.749
0.045,-0.703
-0.087,-0.426
-0.125,1.29
-0.183,0.137
-0.076,1.539
-0.134,-0.477
-0.288,0.304
-0.29,-1.254
-0.337,0.186
-0.203,1.154
-0.195,0.601
-0.37,-2.152
-0.365,-0.917
-0.416,-1.02
-0.412,-1.119
-0.573,-2.032
-0.475,0.027
-0.509,0.934
-0.708,1.327
-0.695,-0.539
-0.679,-2.287
-0.707,-1.072
-0.953,1.35
-0.798,0.243
-0.975,-1.234
-1.076,-2.373
-0.98,0.248
-1.164,-1.137
-1.066,1.338
-1.126,-1.385
-1.288,0.422
-1.464,-0.956
-1.574,-0.589
-1.521,-1.952
-1.85,-2.339
-1.891,-1.358
-1.914,-0.849
-2.018,1.537
-2.036,0.474
-2.146,0.297
-2.194,-0.842
-2.283,0.207
-2.549,-2.119
-2.428,-2.108
-2.51,-1.24
-2.615,1.427
-2.564,-1.189
-2.553,1.006
-2.586,-1.283
-2.689,-0.127
-2.845,0.392
-2.922,0.44
-2.948,-1.023
-3.081,-0.538
-3.051,-2.154
3.054,0.516
2.919,1.334
2.928,1.158
3.053,1.253
2.868,1.412
2.975,0.038
2.752,0.343
2.752,0.128
2.677,0.916
2.697,1.559
2.513,-0.264
2.453,-1.163
2.251,-1.02
2.201,-0.886
2.134,-0.111
2.045,-2.275
2.013,-2.051
2.1,1.285
2.07,0.007
1.925,-0.113
2.016,0.452
2.037,-0.181
1.859,-2.685
1.537,-2.383
0.641,-2.649
0.084,-2.613
0.189,-2.425
-0.781,-2.346
-0.962,-2.702
-1.429,-2.656
-1.574,-2.76
-1.63,-2.519
-2.941,-2.597
-2.818,-2.55
-2.98,-2.684
-2.847,-2.492
-3.141,-2.578
3.096,-2.462
2.969,-2.677
2.338,-2.445
2.368,-2.344
2.191,-2.519
1.789,-2.338
1.626,1.899
1.5,2.011
1.461,1.981
1.354,1.965
1.171,1.915
0.286,1.728
-0.246,1.794
-0.479,1.623
-0.821,1.922
-1.168,1.859
-2.04,1.864
-2.265,1.916
-2.614,1.785
2.885,1.968
2.482,1.586
2.042,1.83
1.856,1.731
1.944,1.929
-0.389,-0.442
-1.585,0.768
-2.153,-1.414
-2.594,-0.504
-2.838,1.252
0.916,0.096
0.733,-1.606
0.189,-1.612
-0.489,-1.077
-2.309,1.117
-2.652,0.544
-2.657,0.18
-2.965,-0.575
2.963,-1.832
3.026,-0.194
2.685,0.546
2.659,-0.891
2.473,0.999
2.454,1.196
2.401,0.1
1.711,0.006
1.526,-1.319
0.001,-0.072
-1.508,-0.056
-2.769,-1.393
-0.05,1.433
1.629,-2.463
2.386,-2.811
-0.011,0.667
0.037,-0.79
0.012,2.019
-0.054,-1.305
-0.1,2.289
-0.11,-0.538
-0.066,1.396
-0.066,-1.285
-0.156,1.335
-0.109,-0.803
-0.185,1.013
-0.191,1.558
-0.229,1.033
-0.232,1.465
-0.243,0.86
-0.282,0.492
-0.389,1.228
-0.387,0.946
-0.453,-0.073
-0.526,0.297
-0.551,1.15
-0.56,0.321
-0.54,-0.369
-0.548,0.153
-0.597,-0.364
-0.562,-0.767
-0.559,1.953
-0.651,0.113
-0.598,1.547
-0.657,1.631
-0.706,0.629
-0.641,0.461
-0.747,0.79
-0.751,1.107
-0.817,0.399
-0.913,2.039
-1.131,0.376
-1.143,-0.902
-1.124,-1.344
-1.197,-0.561
-1.164,1.61
-1.192,0.602
-1.28,1.765
-1.355,0.065
-1.403,-0.729
-1.349,-1.122
-1.36,1.915
-1.419,1.522
-1.385,1.62
-1.422,-0.644
-1.514,0.066
-1.728,2.205
-1.717,-1.515
-1.827,-0.262
-1.765,0.769
-1.829,1.192
-1.808,-0.095
-1.795,-0.008
-1.884,2.094
-1.813,0.187
-1.857,1.058
-1.942,-0.414
-1.909,0.184
-2.08,0.122
-2.037,0.701
-2.151,0.674
-2.173,-0.144
-2.178,1.115
-2.197,1.197
-2.433,-1.301
-2.447,0.03
-2.448,0.809
-2.446,-1.415
-2.53,-1.614
-2.546,1.9
-2.559,1.624
-2.599,-1.062
-2.666,-1.15
-2.663,1.325
-2.654,-0.766
-2.778,-0.039
-2.805,-0.181
-2.765,-1.357
-2.849,-0.627
-2.861,0.012
-2.863,0.797
-2.86,1.798
-2.897,-0.135
-2.952,-0.632
-2.954,2.089
-2.905,0.551
-2.982,1.225
-3.026,0.51
-2.992,0.737
-3.069,0.457
-3.0,-0.854
-3.024,-0.355
-3.039,-0.47
-3.018,-0.272
-3.046,1.263
3.012,-1.594
2.92,-1.156
2.864,0.679
2.835,-0.958
2.862,2.285
2.841,0.034
2.77,1.392
2.694,-0.797
2.757,1.562
2.74,1.282
2.665,0.304
2.675,-0.467
2.552,-0.72
2.498,-0.581
2.338,0.218
2.364,-0.786
2.352,0.15
2.27,-0.474
2.214,1.678
2.053,2.075
1.988,0.257
1.964,-1.413
1.918,0.526
0.599,-1.73
0.547,-1.736
0.484,-1.927
0.135,-1.81
-0.307,-2.056
-0.305,-1.72
-0.649,-2.02
-0.901,-1.9
-1.324,-1.871
-1.638,-1.98
-1.822,-1.984
-1.884,-1.716
-2.479,-2.107
-2.693,-1.783
-3.073,-1.686
3.106,-2.054
1.956,-1.742
1.817,2.395
1.306,2.458
0.833,2.402
0.684,2.636
0.652,2.323
0.448,2.521
-0.117,2.601
-0.206,2.667
-0.622,2.328
-1.62,2.432
-1.905,2.718
-2.813,2.375
-2.903,2.554
-3.03,2.343
3.116,2.788
2.936,2.656
2.779,2.632
2.562,2.663
2.609,2.345
2.116,2.505
1.161,1.813
1.18,-0.518
0.245,2.315
-0.047,1.986
-0.532,2.229
-1.079,-0.99
-2.69,1.984
3.119,1.776
2.075,0.971
2.048,-0.705
1.227,-2.089
-2.465,-1.922
2.525,-1.841
2.418,-1.878
1.946,-2.089
1.932,1.12
1.929,-0.608
1.601,-0.311
1.377,0.938
1.236,-0.126
1.344,1.974
1.26,1.081
1.108,1.364
1.211,0.068
1.236,-1.102
1.078,0.925
1.046,1.769
1.158,-0.005
1.111,1.349
0.95,-0.441
1.046,-0.922
0.812,0.907
0.824,-0.148
0.934,2.313
0.873,-0.311
0.867,0.861
0.854,1.843
0.725,0.685
0.673,1.166
0.635,1.174
0.565,2.304
0.556,0.876
0.632,-0.546
0.544,2.33
0.37,1.096
0.441,1.079
0.217,-1.343
0.294,-0.129
0.163,0.343
0.077,-0.41
0.154,-0.074
0.096,-0.028
-0.036,0.249
-0.074,1.965
-0.132,0.812
-0.025,2.214
-0.083,0.198
-0.237,0.979
-0.239,-0.579
-0.286,0.861
-0.152,1.829
-0.144,1.276
-0.319,-1.477
-0.314,-0.242
-0.365,-0.345
-0.361,-0.444
-0.522,-1.357
-0.424,0.702
-0.458,1.609
-0.657,2.002
-0.644,0.136
-0.628,-1.612
-0.656,-0.397
-0.902,2.025
-0.747,0.918
-0.924,-0.559
-1.025,-1.698
-0.929,0.923
-1.113,-0.462
-1.015,2.013
-1.075,-0.71
-1.237,1.097
-1.413,-0.281
-1.523,0.086
-1.47,-1.277
-1.799,-1.664
-1.84,-0.683
-1.863,-0.174
-1.967,2.212
-1.985,1.149
-2.095,0.972
-2.143,-0.167
-2.232,0.882
-2.498,-1.444
-2.377,-1.433
-2.459,-0.565
-2.564,2.102
-2.513,-0.514
-2.502,1.681
-2.535,-0.608
-2.638,0.548
-2.794,1.067
-2.871,1.115
-2.897,-0.348
-3.03,0.137
-3.0,-1.479
3.105,1.191
2.97,2.009
2.979,1.833
3.104,1.928
2.919,2.087
3.026,0.713
2.803,1.018
2.803,0.803
2.728,1.591
2.748,2.234
2.564,0.411
2.504,-0.488
2.302,-0.345
2.252,-0.211
2.185,0.564
2.096,-1.6
2.064,-1.376
2.151,1.96
2.121,0.682
1.976,0.562
2.067,1.127
2.088,0.494
1.91,-2.01
1.588,-1.708
0.692,-1.974
0.135,-1.938
0.24,-1.75
-0.73,-1.671
-0.911,-2.027
-1.378,-1.981
-1.523,-2.085
-1.579,-1.844
-2.89,-1.922
-2.767,-1.875
-2.929,-2.009
-2.796,-1.817
-3.09,-1.903
-3.136,-1.787
3.02,-2.002
2.389,-1.77
2.419,-1.669
2.242,-1.844
1.84,-1.663
1.677,2.574
1.551,2.686
1.512,2.656
1.405,2.64
1.222,2.59
0.337,2.403
-0.195,2.469
-0.428,2.298
-0.77,2.597
-1.117,2.534
-1.989,2.539
-2.214,2.591
-2.563,2.46
2.936,2.643
2.533,2.261
2.093,2.505
1.907,2.406
1.995,2.604
-0.338,0.233
-1.534,1.443
-2.102,-0.739
-2.543,0.171
-2.787,1.927
0.967,0.771
0.784,-0.931
0.24,-0.937
-0.438,-0.402
-2.258,1.792
-2.601,1.219
-2.606,0.855
-2.914,0.1
3.014,-1.157
3.077,0.481
2.736,1.221
2.71,-0.216
2.524,1.674
2.505,1.871
2.452,0.775
1.762,0.681
1.577,-0.644
0.052,0.603
-1.457,0.619
-2.718,-0.718
0.001,2.108
1.68,-1.788
2.437,-2.136
0.048,-1.457
0.023,1.352
-0.043,-1.972
-0.089,1.622
-0.099,-1.205
-0.055,0.729
-0.055,-1.952
-0.145,0.668
-0.098,-1.47
-0.174,0.346
-0.18,0.891
-0.218,0.366
-0.221,0.798
-0.232,0.193
-0.271,-0.175
-0.378,0.561
-0.376,0.279
-0.442,-0.74
-0.515,-0.37
-0.54,0.483
-0.549,-0.346
-0.529,-1.036
-0.537,-0.514
-0.586,-1.031
-0.551,-1.434
-0.548,1.286
-0.64,-0.554
-0.587,0.88
-0.646,0.964
-0.695,-0.038
-0.63,-0.206
-0.736,0.123
-0.74,0.44
-0.806,-0.268
-0.902,1.372
-1.12,-0.291
-1.132,-1.569
-1.113,-2.011
-1.186,-1.228
-1.153,0.943
-1.181,-0.065
-1.269,1.098
-1.344,-0.602
-1.392,-1.396
-1.338,-1.789
-1.349,1.248
-1.408,0.855
-1.374,0.953
-1.411,-1.311
-1.503,-0.601
-1.717,1.538
-1.706,-2.182
-1.816,-0.929
-1.754,0.102
-1.818,0.525
-1.797,-0.762
-1.784,-0.675
-1.873,1.427
-1.802,-0.48
-1.846,0.391
-1.931,-1.081
-1.898,-0.483
-2.069,-0.545
-2.026,0.034
-2.14,0.007
-2.162,-0.811
-2.167,0.448
-2.186,0.53
-2.422,-1.968
-2.436,-0.637
-2.437,0.142
-2.435,-2.082
-2.519,-2.281
-2.535,1.233
-2.548,0.957
-2.588,-1.729
-2.655,-1.817
-2.652,0.658
-2.643,-1.433
-2.767,-0.706
-2.794,-0.848
-2.754,-2.024
-2.838,-1.294
-2.85,-0.655
-2.852,0.13
-2.849,1.131
-2.886,-0.802
-2.941,-1.299
-2.943,1.422
-2.894,-0.116
-2.971,0.558
-3.015,-0.157
-2.981,0.07
-3.058,-0.21
-2.989,-1.521
-3.013,-1.022
-3.028,-1.137
-3.007,-0.939
-3.035,0.596
3.023,-2.261
2.931,-1.823
2.875,0.012
2.846,-1.625
2.873,1.618
2.852,-0.633
2.781,0.725
2.705,-1.464
2.768,0.895
2.751,0.615
2.676,-0.363
2.686,-1.134
2.563,-1.387
2.509,-1.248
2.349,-0.449
2.375,-1.453
2.363,-0.517
2.281,-1.141
2.225,1.011
2.064,1.408
1.999,-0.41
1.975,-2.08
1.929,-0.141
0.61,-2.397
0.558,-2.403
0.495,-2.594
0.146,-2.477
-0.296,-2.723
-0.294,-2.387
-0.638,-2.687
-0.89,-2.567
-1.313,-2.538
-1.627,-2.647
-1.811,-2.651
-1.873,-2.383
-2.468,-2.774
-2.682,-2.45
-3.062,-2.353
3.117,-2.721
1.967,-2.409
1.828,1.728
1.317,1.791
0.844,1.735
0.695,1.969
0.663,1.656
0.459,1.854
-0.106,1.934
-0.195,2.0
-0.611,1.661
-1.609,1.765
-1.894,2.051
-2.802,1.708
-2.892,1.887
-3.019,1.676
3.127,2.121
2.947,1.989
2.79,1.965
2.573,1.996
2.62,1.678
2.127,1.838
1.172,1.146
1.191,-1.185
0.256,1.648
-0.036,1.319
-0.521,1.562
-1.068,-1.657
-2.679,1.317
3.13,1.109
2.086,0.304
2.059,-1.372
1.238,-2.756
-2.454,-2.589
2.536,-2.508
2.429,-2.545
1.957,-2.756
1.943,0.453
1.94,-1.275
1.612,-0.978
1.388,0.271
1.247,-0.793
1.355,1.307
1.271,0.414
1.119,0.697
1.222,-0.599
1.247,-1.769
1.089,0.258
1.057,1.102
1.169,-0.672
1.122,0.682
0.961,-1.108
1.057,-1.589
0.823,0.24
0.835,-0.815
0.945,1.646
0.884,-0.978
0.878,0.194
0.865,1.176
0.736,0.018
0.684,0.499
0.646,0.507
0.576,1.637
0.567,0.209
0.643,-1.213
0.555,1.663
0.381,0.429
0.452,0.412
0.228,-2.01
0.305,-0.796
0.174,-0.324
0.088,-1.077
0.165,-0.741
0.107,-0.695
-0.025,-0.418
-0.063,1.298
-0.121,0.145
-0.014,1.547
-0.072,-0.469
-0.226,0.312
-0.228,-1.246
-0.275,0.194
-0.141,1.162
-0.133,0.609
-0.308,-2.144
-0.303,-0.909
-0.354,-1.012
-0.35,-1.111
-0.511,-2.024
-0.413,0.035
-0.447,0.942
-0.646,1.335
-0.633,-0.531
-0.617,-2.279
-0.645,-1.064
-0.891,1.358
-0.736,0.251
-0.913,-1.226
-1.014,-2.365
-0.918,0.256
-1.102,-1.129
-1.004,1.346
-1.064,-1.377
-1.226,0.43
-1.402,-0.948
-1.512,-0.581
-1.459,-1.944
-1.788,-2.331
-1.829,-1.35
-1.852,-0.841
-1.956,1.545
-1.974,0.482
-2.084,0.305
-2.132,-0.834
-2.221,0.215
-2.487,-2.111
-2.366,-2.1
-2.448,-1.232
-2.553,1.435
-2.502,-1.181
-2.491,1.014
-2.524,-1.275
-2.627,-0.119
-2.783,0.4
-2.86,0.448
-2.886,-1.015
-3.019,-0.53
-2.989,-2.146
3.116,0.524
2.981,1.342
2.99,1.166
3.115,1.261
2.93,1.42
3.037,0.046
2.814,0.351
2.814,0.136
2.739,0.924
2.759,1.567
2.575,-0.256
2.515,-1.155
2.313,-1.012
2.263,-0.878
2.196,-0.103
2.107,-2.267
2.075,-2.043
2.162,1.293
2.132,0.015
1.987,-0.105
2.078,0.46
2.099,-0.173
1.921,-2.677
1.599,-2.375
0.703,-2.641
0.146,-2.605
0.251,-2.417
-0.719,-2.338
-0.9,-2.694
-1.367,-2.648
-1.512,-2.752
-1.568,-2.511
-2.879,-2.589
-2.756,-2.542
-2.918,-2.676
-2.785,-2.484
-3.079,-2.57
-3.125,-2.454
3.031,-2.669
2.4,-2.437
2.43,-2.336
2.253,-2.511
1.851,-2.33
1.688,1.907
1.562,2.019
1.523,1.989
1.416,1.973
1.233,1.923
0.348,1.736
-0.184,1.802
-0.417,1.631
-0.759,1.93
-1.106,1.867
-1.978,1.872
-2.203,1.924
-2.552,1.793
2.947,1.976
2.544,1.594
2.104,1.838
1.918,1.739
2.006,1.937
-0.327,-0.434
-1.523,0.776
-2.091,-1.406
-2.532,-0.496
-2.776,1.26
0.978,0.104
0.795,-1.598
0.251,-1.604
-0.427,-1.069
-2.247,1.125
-2.59,0.552
-2.595,0.188
-2.903,-0.567
3.025,-1.824
3.088,-0.186
2.747,0.554
2.721,-0.883
2.535,1.007
2.516,1.204
2.463,0.108
1.773,0.014
1.588,-1.311
0.063,-0.064
-1.446,-0.048
-2.707,-1.385
0.012,1.441
1.691,-2.455
2.448,-2.803
-0.025,2.809
-0.091,-0.515
-0.137,3.079
-0.147,0.252
-0.103,2.186
-0.103,-0.495
-0.193,2.125
-0.146,-0.013
-0.222,1.803
-0.228,2.348
-0.266,1.823
-0.269,2.255
-0.28,1.65
-0.319,1.282
-0.426,2.018
-0.424,1.736
-0.49,0.717
-0.563,1.087
-0.588,1.94
-0.597,1.111
-0.577,0.421
-0.585,0.943
-0.634,0.426
-0.599,0.023
-0.596,2.743
-0.688,0.903
-0.635,2.337
-0.694,2.421
-0.743,1.419
-0.678,1.251
-0.784,1.58
-0.788,1.897
-0.854,1.189
-0.95,2.829
-1.168,1.166
-1.18,-0.112
-1.161,-0.554
-1.234,0.229
-1.201,2.4
-1.229,1.392
-1.317,2.555
-1.392,0.855
-1.44,0.061
-1.386,-0.332
-1.397,2.705
-1.456,2.312
-1.422,2.41
-1.459,0.146
-1.551,0.856
-1.765,2.995
-1.754,-0.725
-1.864,0.528
-1.802,1.559
-1.866,1.982
-1.845,0.695
-1.832,0.782
-1.921,2.884
-1.85,0.977
-1.894,1.848
-1.979,0.376
-1.946,0.974
-2.117,0.912
-2.074,1.491
-2.188,1.464
-2.21,0.646
-2.215,1.905
-2.234,1.987
-2.47,-0.511
-2.484,0.82
-2.485,1.599
-2.483,-0.625
-2.567,-0.824
-2.583,2.69
-2.596,2.414
-2.636,-0.272
-2.703,-0.36
-2.7,2.115
-2.691,0.024
-2.815,0.751
-2.842,0.609
-2.802,-0.567
-2.886,0.163
-2.898,0.802
-2.9,1.587
-2.897,2.588
-2.934,0.655
-2.989,0.158
-2.991,2.879
-2.942,1.341
-3.019,2.015
-3.063,1.3
-3.029,1.527
-3.106,1.247
-3.037,-0.064
-3.061,0.435
-3.076,0.32
-3.055,0.518
-3.083,2.053
2.975,-0.804
2.883,-0.366
2.827,1.469
2.798,-0.168
2.825,3.075
2.804,0.824
2.733,2.182
2.657,-0.007
2.72,2.352
2.703,2.072
2.628,1.094
2.638,0.323
2.515,0.07
2.461,0.209
2.301,1.008
2.327,0.004
2.315,0.94
2.233,0.316
2.177,2.468
2.016,2.865
1.951,1.047
1.927,-0.623
1.881,1.316
0.562,-0.94
0.51,-0.946
0.447,-1.137
0.098,-1.02
-0.344,-1.266
-0.342,-0.93
-0.686,-1.23
-0.938,-1.11
-1.361,-1.081
-1.675,-1.19
-1.859,-1.194
-1.921,-0.926
-2.516,-1.317
-2.73,-0.993
-3.11,-0.896
3.069,-1.264
1.919,-0.952
1.78,3.185
1.269,3.248
0.796,3.192
0.647,3.426
0.615,3.113
0.411,3.311
-0.154,3.391
-0.243,3.457
-0.659,3.118
-1.657,3.222
-1.942,3.508
-2.85,3.165
-2.94,3.344
-3.067,3.133
3.079,3.578
2.899,3.446
2.742,3.422
2.525,3.453
2.572,3.135
2.079,3.295
1.124,2.603
1.143,0.272
0.208,3.105
-0.084,2.776
-0.569,3.019
-1.116,-0.2
-2.727,2.774
3.082,2.566
2.038,1.761
2.011,0.085
1.19,-1.299
-2.502,-1.132
2.488,-1.051
2.381,-1.088
1.909,-1.299
1.895,1.91
1.892,0.182
1.564,0.479
1.34,1.728
1.199,0.664
1.307,2.764
1.223,1.871
1.071,2.154
1.174,0.858
1.199,-0.312
1.041,1.715
1.009,2.559
1.121,0.785
1.074,2.139
0.913,0.349
1.009,-0.132
0.775,1.697
0.787,0.642
0.897,3.103
0.836,0.479
0.83,1.651
0.817,2.633
0.688,1.475
0.636,1.956
0.598,1.964
0.528,3.094
0.519,1.666
0.595,0.244
0.507,3.12
0.333,1.886
0.404,1.869
0.18,-0.553
0.257,0.661
0.126,1.133
0.04,0.38
0.117,0.716
0.059,0.762
-0.073,1.039
-0.111,2.755
-0.169,1.602
-0.062,3.004
-0.12,0.988
-0.274,1.769
-0.276,0.211
-0.323,1.651
-0.189,2.619
-0.181,2.066
-0.356,-0.687
-0.351,0.548
-0.402,0.445
-0.398,0.346
-0.559,-0.567
-0.461,1.492
-0.495,2.399
-0.694,2.792
-0.681,0.926
-0.665,-0.822
-0.693,0.393
-0.939,2.815
-0.784,1.708
-0.961,0.231
-1.062,-0.908
-0.966,1.713
-1.15,0.328
-1.052,2.803
-1.112,0.08
-1.274,1.887
-1.45,0.509
-1.56,0.876
-1.507,-0.487
-1.836,-0.874
-1.877,0.107
-1.9,0.616
-2.004,3.002
-2.022,1.939
-2.132,1.762
-2.18,0.623
-2.269,1.672
-2.535,-0.654
-2.414,-0.643
-2.496,0.225
-2.601,2.892
-2.55,0.276
-2.539,2.471
-2.572,0.182
-2.675,1.338
-2.831,1.857
-2.908,1.905
-2.934,0.442
-3.067,0.927
-3.037,-0.689
3.068,1.981
2.933,2.799
2.942,2.623
3.067,2.718
2.882,2.877
2.989,1.503
2.766,1.808
2.766,1.593
2.691,2.381
2.711,3.024
2.527,1.201
2.467,0.302
2.265,0.445
2.215,0.579
2.148,1.354
2.059,-0.81
2.027,-0.586
2.114,2.75
2.084,1.472
1.939,1.352
2.03,1.917
2.051,1.284
1.873,-1.22
1.551,-0.918
0.655,-1.184
0.098,-1.148
0.203,-0.96
-0.767,-0.881
-0.948,-1.237
-1.415,-1.191
-1.56,-1.295
-1.616,-1.054
-2.927,-1.132
-2.804,-1.085
-2.966,-1.219
-2.833,-1.027
-3.127,-1.113
3.11,-0.997
2.983,-1.212
2.352,-0.98
2.382,-0.879
2.205,-1.054
1.803,-0.873
1.64,3.364
1.514,3.476
1.475,3.446
1.368,3.43
1.185,3.38
0.3,3.193
-0.232,3.259
-0.465,3.088
-0.807,3.387
-1.154,3.324
-2.026,3.329
-2.251,3.381
-2.6,3.25
2.899,3.433
2.496,3.051
2.056,3.295
1.87,3.196
1.958,3.394
-0.375,1.023
-1.571,2.233
-2.139,0.051
-2.58,0.961
-2.824,2.717
0.93,1.561
0.747,-0.141
0.203,-0.147
-0.475,0.388
-2.295,2.582
-2.638,2.009
-2.643,1.645
-2.951,0.89
2.977,-0.367
3.04,1.271
2.699,2.011
2.673,0.574
2.487,2.464
2.468,2.661
2.415,1.565
1.725,1.471
1.54,0.146
0.015,1.393
-1.494,1.409
-2.755,0.072
-0.036,2.898
1.643,-0.998
2.4,-1.346
-0.066,-3.324
-0.112,0.27
-0.122,-2.557
-0.078,-0.623
-0.078,-3.304
-0.168,-0.684
-0.121,-2.822
-0.197,-1.006
-0.203,-0.461
-0.241,-0.986
-0.244,-0.554
-0.255,-1.159
-0.294,-1.527
-0.401,-0.791
-0.399,-1.073
-0.465,-2.092
-0.538,-1.722
-0.563,-0.869
-0.572,-1.698
-0.552,-2.388
-0.56,-1.866
-0.609,-2.383
-0.574,-2.786
-0.571,-0.066
-0.663,-1.906
-0.61,-0.472
-0.669,-0.388
-0.718,-1.39
-0.653,-1.558
-0.759,-1.229
-0.763,-0.912
-0.829,-1.62
-0.925,0.02
-1.143,-1.643
-1.155,-2.921
-1.136,-3.363
-1.209,-2.58
-1.176,-0.409
-1.204,-1.417
-1.292,-0.254
-1.367,-1.954
-1.415,-2.748
-1.361,-3.141
-1.372,-0.104
-1.431,-0.497
-1.397,-0.399
-1.434,-2.663
-1.526,-1.953
-1.74,0.186
-1.729,-3.534
-1.839,-2.281
-1.777,-1.25
-1.841,-0.827
-1.82,-2.114
-1.807,-2.027
-1.896,0.075
-1.825,-1.832
-1.869,-0.961
-1.954,-2.433
-1.921,-1.835
-2.092,-1.897
-2.049,-1.318
-2.163,-1.345
-2.185,-2.163
-2.19,-0.904
-2.209,-0.822
-2.445,-3.32
-2.459,-1.989
-2.46,-1.21
-2.458,-3.434
-2.542,-3.633
-2.558,-0.119
-2.571,-0.395
-2.611,-3.081
-2.678,-3.169
-2.675,-0.694
-2.666,-2.785
-2.79,-2.058
-2.817,-2.2
-2.777,-3.376
-2.861,-2.646
-2.873,-2.007
-2.875,-1.222
-2.872,-0.221
-2.909,-2.154
-2.964,-2.651
-2.966,0.07
-2.917,-1.468
-2.994,-0.794
-3.038,-1.509
-3.004,-1.282
-3.081,-1.562
-3.012,-2.873
-3.036,-2.374
-3.051,-2.489
-3.03,-2.291
-3.058,-0.756
3.0,-3.613
2.908,-3.175
2.852,-1.34
2.823,-2.977
2.85,0.266
2.829,-1.985
2.758,-0.627
2.682,-2.816
2.745,-0.457
2.728,-0.737
2.653,-1.715
2.663,-2.486
2.54,-2.739
2.486,-2.6
2.326,-1.801
2.352,-2.805
2.34,-1.869
2.258,-2.493
2.202,-0.341
2.041,0.056
1.976,-1.762
1.952,-3.432
1.906,-1.493
0.587,-3.749
0.535,-3.755
0.472,-3.946
0.123,-3.829
-0.319,-4.075
-0.317,-3.739
-0.661,-4.039
-0.913,-3.919
-1.336,-3.89
-1.65,-3.999
-1.834,-4.003
-1.896,-3.735
-2.491,-4.126
-2.705,-3.802
-3.085,-3.705
3.094,-4.073
1.944,-3.761
1.805,0.376
1.294,0.439
0.821,0.383
0.672,0.617
0.64,0.304
0.436,0.502
-0.129,0.582
-0.218,0.648
-0.634,0.309
-1.632,0.413
-1.917,0.699
-2.825,0.356
-2.915,0.535
-3.042,0.324
3.104,0.769
2.924,0.637
2.767,0.613
2.55,0.644
2.597,0.326
2.104,0.486
1.149,-0.206
1.168,-2.537
0.233,0.296
-0.059,-0.033
-0.544,0.21
-1.091,-3.009
-2.702,-0.035
3.107,-0.243
2.063,-1.048
2.036,-2.724
1.215,-4.108
-2.477,-3.941
2.513,-3.86
2.406,-3.897
1.934,-4.108
1.92,-0.899
1.917,-2.627
1.589,-2.33
1.365,-1.081
1.224,-2.145
1.332,-0.045
1.248,-0.938
1.096,-0.655
1.199,-1.951
1.224,-3.121
1.066,-1.094
1.034,-0.25
1.146,-2.024
1.099,-0.67
0.938,-2.46
1.034,-2.941
0.8,-1.112
0.812,-2.167
0.922,0.294
0.861,-2.33
0.855,-1.158
0.842,-0.176
0.713,-1.334
0.661,-0.853
0.623,-0.845
0.553,0.285
0.544,-1.143
0.62,-2.565
0.532,0.311
0.358,-0.923
0.429,-0.94
0.205,-3.362
0.282,-2.148
0.151,-1.676
0.065,-2.429
0.142,-2.093
0.084,-2.047
-0.048,-1.77
-0.086,-0.054
-0.144,-1.207
-0.037,0.195
-0.095,-1.821
-0.249,-1.04
-0.251,-2.598
-0.298,-1.158
-0.164,-0.19
-0.156,-0.743
-0.331,-3.496
-0.326,-2.261
-0.377,-2.364
-0.373,-2.463
-0.534,-3.376
-0.436,-1.317
-0.47,-0.41
-0.669,-0.017
-0.656,-1.883
-0.64,-3.631
-0.668,-2.416
-0.914,0.006
-0.759,-1.101
-0.936,-2.578
-1.037,-3.717
-0.941,-1.096
-1.125,-2.481
-1.027,-0.006
-1.087,-2.729
-1.249,-0.922
-1.425,-2.3
-1.535,-1.933
-1.482,-3.296
-1.811,-3.683
-1.852,-2.702
-1.875,-2.193
-1.979,0.193
-1.997,-0.87
-2.107,-1.047
-2.155,-2.186
-2.244,-1.137
-2.51,-3.463
-2.389,-3.452
-2.471,-2.584
-2.576,0.083
-2.525,-2.533
-2.514,-0.338
-2.547,-2.627
-2.65,-1.471
-2.806,-0.952
-2.883,-0.904
-2.909,-2.367
-3.042,-1.882
-3.012,-3.498
3.093,-0.828
2.958,-0.01
2.967,-0.186
3.092,-0.091
2.907,0.068
3.014,-1.306
2.791,-1.001
2.791,-1.216
2.716,-0.428
2.736,0.215
2.552,-1.608
2.492,-2.507
2.29,-2.364
2.24,-2.23
2.173,-1.455
2.084,-3.619
2.052,-3.395
2.139,-0.059
2.109,-1.337
1.964,-1.457
2.055,-0.892
2.076,-1.525
1.898,-4.029
1.576,-3.727
0.68,-3.993
0.123,-3.957
0.228,-3.769
-0.742,-3.69
-0.923,-4.046
-1.39,-4.0
-1.535,-4.104
-1.591,-3.863
-2.902,-3.941
-2.779,-3.894
-2.941,-4.028
-2.808,-3.836
-3.102,-3.922
3.135,-3.806
3.008,-4.021
2.377,-3.789
2.407,-3.688
2.23,-3.863
1.828,-3.682
1.665,0.555
1.539,0.667
1.5,0.637
1.393,0.621
1.21,0.571
0.325,0.384
-0.207,0.45
-0.44,0.279
-0.782,0.578
-1.129,0.515
-2.001,0.52
-2.226,0.572
-2.575,0.441
2.924,0.624
2.521,0.242
2.081,0.486
1.895,0.387
1.983,0.585
-0.35,-1.786
-1.546,-0.576
-2.114,-2.758
-2.555,-1.848
-2.799,-0.092
0.955,-1.248
0.772,-2.95
0.228,-2.956
-0.45,-2.421
-2.27,-0.227
-2.613,-0.8
-2.618,-1.164
-2.926,-1.919
3.002,-3.176
3.065,-1.538
2.724,-0.798
2.698,-2.235
2.512,-0.345
2.493,-0.148
2.44,-1.244
1.75,-1.338
1.565,-2.663
0.04,-1.416
-1.469,-1.4
-2.73,-2.737
-0.011,0.089
1.668,-3.807
2.425,-4.155
-0.046,3.594
-0.056,0.767
-0.012,2.701
-0.012,0.02
-0.102,2.64
-0.055,0.502
-0.131,2.318
-0.137,2.863
-0.175,2.338
-0.178,2.77
-0.189,2.165
-0.228,1.797
-0.335,2.533
-0.333,2.251
-0.399,1.232
-0.472,1.602
-0.497,2.455
-0.506,1.626
-0.486,0.936
-0.494,1.458
-0.543,0.941
-0.508,0.538
-0.505,3.258
-0.597,1.418
-0.544,2.852
-0.603,2.936
-0.652,1.934
-0.587,1.766
-0.693,2.095
-0.697,2.412
-0.763,1.704
-0.859,3.344
-1.077,1.681
-1.089,0.403
-1.07,-0.039
-1.143,0.744
-1.11,2.915
-1.138,1.907
-1.226,3.07
-1.301,1.37
-1.349,0.576
-1.295,0.183
-1.306,3.22
-1.365,2.827
-1.331,2.925
-1.368,0.661
-1.46,1.371
-1.674,3.51
-1.663,-0.21
-1.773,1.043
-1.711,2.074
-1.775,2.497
-1.754,1.21
-1.741,1.297
-1.83,3.399
-1.759,1.492
-1.803,2.363
-1.888,0.891
-1.855,1.489
-2.026,1.427
-1.983,2.006
-2.097,1.979
-2.119,1.161
-2.124,2.42
-2.143,2.502
-2.379,0.004
-2.393,1.335
-2.394,2.114
-2.392,-0.11
-2.476,-0.309
-2.492,3.205
-2.505,2.929
-2.545,0.243
-2.612,0.155
-2.609,2.63
-2.6,0.539
-2.724,1.266
-2.751,1.124
-2.711,-0.052
-2.795,0.678
-2.807,1.317
-2.809,2.102
-2.806,3.103
-2.843,1.17
-2.898,0.673
-2.9,3.394
-2.851,1.856
-2.928,2.53
-2.972,1.815
-2.938,2.042
-3.015,1.762
-2.946,0.451
-2.97,0.95
-2.985,0.835
-2.964,1.033
-2.992,2.568
3.066,-0.289
2.974,0.149
2.918,1.984
2.889,0.347
2.916,3.59
2.895,1.339
2.824,2.697
2.748,0.508
2.811,2.867
2.794,2.587
2.719,1.609
2.729,0.838
2.606,0.585
2.552,0.724
2.392,1.523
2.418,0.519
2.406,1.455
2.324,0.831
2.268,2.983
2.107,3.38
2.042,1.562
2.018,-0.108
1.972,1.831
0.653,-0.425
0.601,-0.431
0.538,-0.622
0.189,-0.505
-0.253,-0.751
-0.251,-0.415
-0.595,-0.715
-0.847,-0.595
-1.27,-0.566
-1.584,-0.675
-1.768,-0.679
-1.83,-0.411
-2.425,-0.802
-2.639,-0.478
-3.019,-0.381
-3.123,-0.749
2.01,-0.437
1.871,3.7
1.36,3.763
0.887,3.707
0.738,3.941
0.706,3.628
0.502,3.826
-0.063,3.906
-0.152,3.972
-0.568,3.633
-1.566,3.737
-1.851,4.023
-2.759,3.68
-2.849,3.859
-2.976,3.648
-3.113,4.093
2.99,3.961
2.833,3.937
2.616,3.968
2.663,3.65
2.17,3.81
1.215,3.118
1.234,0.787
0.299,3.62
0.007,3.291
-0.478,3.534
-1.025,0.315
-2.636,3.289
-3.11,3.081
2.129,2.276
2.102,0.6
1.281,-0.784
-2.411,-0.617
2.579,-0.536
2.472,-0.573
2.0,-0.784
1.986,2.425
1.983,0.697
1.655,0.994
1.431,2.243
1.29,1.179
1.398,3.279
1.314,2.386
1.162,2.669
1.265,1.373
1.29,0.203
1.132,2.23
1.1,3.074
1.212,1.3
1.165,2.654
1.004,0.864
1.1,0.383
0.866,2.212
0.878,1.157
0.988,3.618
0.927,0.994
0.921,2.166
0.908,3.148
0.779,1.99
0.727,2.471
0.689,2.479
0.619,3.609
0.61,2.181
0.686,0.759
0.598,3.635
0.424,2.401
0.495,2.384
0.271,-0.038
0.348,1.176
0.217,1.648
0.131,0.895
0.208,1.231
0.15,1.277
0.018,1.554
-0.02,3.27
-0.078,2.117
0.029,3.519
-0.029,1.503
-0.183,2.284
-0.185,0.726
-0.232,2.166
-0.098,3.134
-0.09,2.581
-0.265,-0.172
-0.26,1.063
-0.311,0.96
-0.307,0.861
-0.468,-0.052
-0.37,2.007
-0.404,2.914
-0.603,3.307
-0.59,1.441
-0.574,-0.307
-0.602,0.908
-0.848,3.33
-0.693,2.223
-0.87,0.746
-0.971,-0.393
-0.875,2.228
-1.059,0.843
-0.961,3.318
-1.021,0.595
-1.183,2.402
-1.359,1.024
-1.469,1.391
-1.416,0.028
-1.745,-0.359
-1.786,0.622
-1.809,1.131
-1.913,3.517
-1.931,2.454
-2.041,2.277
-2.089,1.138
-2.178,2.187
-2.444,-0.139
-2.323,-0.128
-2.405,0.74
-2.51,3.407
-2.459,0.791
-2.448,2.986
-2.481,0.697
-2.584,1.853
-2.74,2.372
-2.817,2.42
-2.843,0.957
-2.976,1.442
-2.946,-0.174
-3.124,2.496
3.024,3.314
3.033,3.138
-3.125,3.233
2.973,3.392
3.08,2.018
2.857,2.323
2.857,2.108
2.782,2.896
2.802,3.539
2.618,1.716
2.558,0.817
2.356,0.96
2.306,1.094
2.239,1.869
2.15,-0.295
2.118,-0.071
2.205,3.265
2.175,1.987
2.03,1.867
2.121,2.432
2.142,1.799
1.964,-0.705
1.642,-0.403
0.746,-0.669
0.189,-0.633
0.294,-0.445
-0.676,-0.366
-0.857,-0.722
-1.324,-0.676
-1.469,-0.78
-1.525,-0.539
-2.836,-0.617
-2.713,-0.57
-2.875,-0.704
-2.742,-0.512
-3.036,-0.598
-3.082,-0.482
3.074,-0.697
2.443,-0.465
2.473,-0.364
2.296,-0.539
1.894,-0.358
1.731,3.879
1.605,3.991
1.566,3.961
1.459,3.945
1.276,3.895
0.391,3.708
-0.141,3.774
-0.374,3.603
-0.716,3.902
-1.063,3.839
-1.935,3.844
-2.16,3.896
-2.509,3.765
2.99,3.948
2.587,3.566
2.147,3.81
1.961,3.711
2.049,3.909
-0.284,1.538
-1.48,2.748
-2.048,0.566
-2.489,1.476
-2.733,3.232
1.021,2.076
0.838,0.374
0.294,0.368
-0.384,0.903
-2.204,3.097
-2.547,2.524
-2.552,2.16
-2.86,1.405
3.068,0.148
3.131,1.786
2.79,2.526
2.764,1.089
2.578,2.979
2.559,3.176
2.506,2.08
1.816,1.986
1.631,0.661
0.106,1.908
-1.403,1.924
-2.664,0.587
0.055,3.413
1.734,-0.483
2.491,-0.831
-0.01,-2.827
0.034,-0.893
0.034,-3.574
-0.056,-0.954
-0.009,-3.092
-0.085,-1.276
-0.091,-0.731
-0.129,-1.256
-0.132,-0.824
-0.143,-1.429
-0.182,-1.797
-0.289,-1.061
-0.287,-1.343
-0.353,-2.362
-0.426,-1.992
-0.451,-1.139
-0.46,-1.968
-0.44,-2.658
-0.448,-2.136
-0.497,-2.653
-0.462,-3.056
-0.459,-0.336
-0.551,-2.176
-0.498,-0.742
-0.557,-0.658
-0.606,-1.66
-0.541,-1.828
-0.647,-1.499
-0.651,-1.182
-0.717,-1.89
-0.813,-0.25
-1.031,-1.913
-1.043,-3.191
-1.024,-3.633
-1.097,-2.85
-1.064,-0.679
-1.092,-1.687
-1.18,-0.524
-1.255,-2.224
-1.303,-3.018
-1.249,-3.411
-1.26,-0.374
-1.319,-0.767
-1.285,-0.669
-1.322,-2.933
-1.414,-2.223
-1.628,-0.084
-1.617,-3.804
-1.727,-2.551
-1.665,-1.52
-1.729,-1.097
-1.708,-2.384
-1.695,-2.297
-1.784,-0.195
-1.713,-2.102
-1.757,-1.231
-1.842,-2.703
-1.809,-2.105
-1.98,-2.167
-1.937,-1.588
-2.051,-1.615
-2.073,-2.433
-2.078,-1.174
-2.097,-1.092
-2.333,-3.59
-2.347,-2.259
-2.348,-1.48
-2.346,-3.704
-2.43,-3.903
-2.446,-0.389
-2.459,-0.665
-2.499,-3.351
-2.566,-3.439
-2.563,-0.964
-2.554,-3.055
-2.678,-2.328
-2.705,-2.47
-2.665,-3.646
-2.749,-2.916
-2.761,-2.277
-2.763,-1.492
-2.76,-0.491
-2.797,-2.424
-2.852,-2.921
-2.854,-0.2
-2.805,-1.738
-2.882,-1.064
-2.926,-1.779
-2.892,-1.552
-2.969,-1.832
-2.9,-3.143
-2.924,-2.644
-2.939,-2.759
-2.918,-2.561
-2.946,-1.026
3.112,-3.883
3.02,-3.445
2.964,-1.61
2.935,-3.247
2.962,-0.004
2.941,-2.255
2.87,-0.897
2.794,-3.086
2.857,-0.727
2.84,-1.007
2.765,-1.985
2.775,-2.756
2.652,-3.009
2.598,-2.87
2.438,-2.071
2.464,-3.075
2.452,-2.139
2.37,-2.763
2.314,-0.611
2.153,-0.214
2.088,-2.032
2.064,-3.702
2.018,-1.763
0.699,-4.019
0.647,-4.025
0.584,-4.216
0.235,-4.099
-0.207,-4.345
-0.205,-4.009
-0.549,-4.309
-0.801,-4.189
-1.224,-4.16
-1.538,-4.269
-1.722,-4.273
-1.784,-4.005
-2.379,-4.396
-2.593,-4.072
-2.973,-3.975
-3.077,-4.343
2.056,-4.031
1.917,0.106
1.406,0.169
0.933,0.113
0.784,0.347
0.752,0.034
0.548,0.232
-0.017,0.312
-0.106,0.378
-0.522,0.039
-1.52,0.143
-1.805,0.429
-2.713,0.086
-2.803,0.265
-2.93,0.054
-3.067,0.499
3.036,0.367
2.879,0.343
2.662,0.374
2.709,0.056
2.216,0.216
1.261,-0.476
1.28,-2.807
0.345,0.026
0.053,-0.303
-0.432,-0.06
-0.979,-3.279
-2.59,-0.305
-3.064,-0.513
2.175,-1.318
2.148,-2.994
1.327,-4.378
-2.365,-4.211
2.625,-4.13
2.518,-4.167
2.046,-4.378
2.032,-1.169
2.029,-2.897
1.701,-2.6
1.477,-1.351
1.336,-2.415
1.444,-0.315
1.36,-1.208
1.208,-0.925
1.311,-2.221
1.336,-3.391
1.178,-1.364
1.146,-0.52
1.258,-2.294
1.211,-0.94
1.05,-2.73
1.146,-3.211
0.912,-1.382
0.924,-2.437
1.034,0.024
0.973,-2.6
0.967,-1.428
0.954,-0.446
0.825,-1.604
0.773,-1.123
0.735,-1.115
0.665,0.015
0.656,-1.413
0.732,-2.835
0.644,0.041
0.47,-1.193
0.541,-1.21
0.317,-3.632
0.394,-2.418
0.263,-1.946
0.177,-2.699
0.254,-2.363
0.196,-2.317
0.064,-2.04
0.026,-0.324
-0.032,-1.477
0.075,-0.075
0.017,-2.091
-0.137,-1.31
-0.139,-2.868
-0.186,-1.428
-0.052,-0.46
-0.044,-1.013
-0.219,-3.766
-0.214,-2.531
-0.265,-2.634
-0.261,-2.733
-0.422,-3.646
-0.324,-1.587
-0.358,-0.68
-0.557,-0.287
-0.544,-2.153
-0.528,-3.901
-0.556,-2.686
-0.802,-0.264
-0.647,-1.371
-0.824,-2.848
-0.925,-3.987
-0.829,-1.366
-1.013,-2.751
-0.915,-0.276
-0.975,-2.999
-1.137,-1.192
-1.313,-2.57
-1.423,-2.203
-1.37,-3.566
-1.699,-3.953
-1.74,-2.972
-1.763,-2.463
-1.867,-0.077
-1.885,-1.14
-1.995,-1.317
-2.043,-2.456
-2.132,-1.407
-2.398,-3.733
-2.277,-3.722
-2.359,-2.854
-2.464,-0.187
-2.413,-2.803
-2.402,-0.608
-2.435,-2.897
-2.538,-1.741
-2.694,-1.222
-2.771,-1.174
-2.797,-2.637
-2.93,-2.152
-2.9,-3.768
-3.078,-1.098
3.07,-0.28
3.079,-0.456
-3.079,-0.361
3.019,-0.202
3.126,-1.576
2.903,-1.271
2.903,-1.486
2.828,-0.698
2.848,-0.055
2.664,-1.878
2.604,-2.777
2.402,-2.634
2.352,-2.5
2.285,-1.725
2.196,-3.889
2.164,-3.665
2.251,-0.329
2.221,-1.607
2.076,-1.727
2.167,-1.162
2.188,-1.795
2.01,-4.299
1.688,-3.997
0.792,-4.263
0.235,-4.227
0.34,-4.039
-0.63,-3.96
-0.811,-4.316
-1.278,-4.27
-1.423,-4.374
-1.479,-4.133
-2.79,-4.211
-2.667,-4.164
-2.829,-4.298
-2.696,-4.106
-2.99,-4.192
-3.036,-4.076
3.12,-4.291
2.489,-4.059
2.519,-3.958
2.342,-4.133
1.94,-3.952
1.777,0.285
1.651,0.397
1.612,0.367
1.505,0.351
1.322,0.301
0.437,0.114
-0.095,0.18
-0.328,0.009
-0.67,0.308
-1.017,0.245
-1.889,0.25
-2.114,0.302
-2.463,0.171
3.036,0.354
2.633,-0.028
2.193,0.216
2.007,0.117
2.095,0.315
-0.238,-2.056
-1.434,-0.846
-2.002,-3.028
-2.443,-2.118
-2.687,-0.362
1.067,-1.518
0.884,-3.22
0.34,-3.226
-0.338,-2.691
-2.158,-0.497
-2.501,-1.07
-2.506,-1.434
-2.814,-2.189
3.114,-3.446
-3.106,-1.808
2.836,-1.068
2.81,-2.505
2.624,-0.615
2.605,-0.418
2.552,-1.514
1.862,-1.608
1.677,-2.933
0.152,-1.686
-1.357,-1.67
-2.618,-3.007
0.101,-0.181
1.78,-4.077
2.537,-4.425
0.044,1.934
0.044,-0.747
-0.046,1.873
0.001,-0.265
-0.075,1.551
-0.081,2.096
-0.119,1.571
-0.122,2.003
-0.133,1.398
-0.172,1.03
-0.279,1.766
-0.277,1.484
-0.343,0.465
-0.416,0.835
-0.441,1.688
-0.45,0.859
-0.43,0.169
-0.438,0.691
-0.487,0.174
-0.452,-0.229
-0.449,2.491
-0.541,0.651
-0.488,2.085
-0.547,2.169
-0.596,1.167
-0.531,0.999
-0.637,1.328
-0.641,1.645
-0.707,0.937
-0.803,2.577
-1.021,0.914
-1.033,-0.364
-1.014,-0.806
-1.087,-0.023
-1.054,2.148
-1.082,1.14
-1.17,2.303
-1.245,0.603
-1.293,-0.191
-1.239,-0.584
-1.25,2.453
-1.309,2.06
-1.275,2.158
-1.312,-0.106
-1.404,0.604
-1.618,2.743
-1.607,-0.977
-1.717,0.276
-1.655,1.307
-1.719,1.73
-1.698,0.443
-1.685,0.53
-1.774,2.632
-1.703,0.725
-1.747,1.596
-1.832,0.124
-1.799,0.722
-1.97,0.66
-1.927,1.239
-2.041,1.212
-2.063,0.394
-2.068,1.653
-2.087,1.735
-2.323,-0.763
-2.337,0.568
-2.338,1.347
-2.336,-0.877
-2.42,-1.076
-2.436,2.438
-2.449,2.162
-2.489,-0.524
-2.556,-0.612
-2.553,1.863
-2.544,-0.228
-2.668,0.499
-2.695,0.357
-2.655,-0.819
-2.739,-0.089
-2.751,0.55
-2.753,1.335
-2.75,2.336
-2.787,0.403
-2.842,-0.094
-2.844,2.627
-2.795,1.089
-2.872,1.763
-2.916,1.048
-2.882,1.275
-2.959,0.995
-2.89,-0.316
-2.914,0.183
-2.929,0.068
-2.908,0.266
-2.936,1.801
3.122,-1.056
3.03,-0.618
2.974,1.217
2.945,-0.42
2.972,2.823
2.951,0.572
2.88,1.93
2.804,-0.259
2.867,2.1
2.85,1.82
2.775,0.842
2.785,0.071
2.662,-0.182
2.608,-0.043
2.448,0.756
2.474,-0.248
2.462,0.688
2.38,0.064
2.324,2.216
2.163,2.613
2.098,0.795
2.074,-0.875
2.028,1.064
0.709,-1.192
0.657,-1.198
0.594,-1.389
0.245,-1.272
-0.197,-1.518
-0.195,-1.182
-0.539,-1.482
-0.791,-1.362
-1.214,-1.333
-1.528,-1.442
-1.712,-1.446
-1.774,-1.178
-2.369,-1.569
-2.583,-1.245
-2.963,-1.148
-3.067,-1.516
2.066,-1.204
1.927,2.933
1.416,2.996
0.943,2.94
0.794,3.174
0.762,2.861
0.558,3.059
-0.007,3.139
-0.096,3.205
-0.512,2.866
-1.51,2.97
-1.795,3.256
-2.703,2.913
-2.793,3.092
-2.92,2.881
-3.057,3.326
3.046,3.194
2.889,3.17
2.672,3.201
2.719,2.883
2.226,3.043
1.271,2.351
1.29,0.02
0.355,2.853
0.063,2.524
-0.422,2.767
-0.969,-0.452
-2.58,2.522
-3.054,2.314
2.185,1.509
2.158,-0.167
1.337,-1.551
-2.355,-1.384
2.635,-1.303
2.528,-1.34
2.056,-1.551
2.042,1.658
2.039,-0.07
1.711,0.227
1.487,1.476
1.346,0.412
1.454,2.512
1.37,1.619
1.218,1.902
1.321,0.606
1.346,-0.564
1.188,1.463
1.156,2.307
1.268,0.533
1.221,1.887
1.06,0.097
1.156,-0.384
0.922,1.445
0.934,0.39
1.044,2.851
0.983,0.227
0.977,1.399
0.964,2.381
0.835,1.223
0.783,1.704
0.745,1.712
0.675,2.842
0.666,1.414
0.742,-0.008
0.654,2.868
0.48,1.634
0.551,1.617
0.327,-0.805
0.404,0.409
0.273,0.881
0.187,0.128
0.264,0.464
0.206,0.51
0.074,0.787
0.036,2.503
-0.022,1.35
0.085,2.752
0.027,0.736
-0.127,1.517
-0.129,-0.041
-0.176,1.399
-0.042,2.367
-0.034,1.814
-0.209,-0.939
-0.204,0.296
-0.255,0.193
-0.251,0.094
-0.412,-0.819
-0.314,1.24
-0.348,2.147
-0.547,2.54
-0.534,0.674
-0.518,-1.074
-0.546,0.141
-0.792,2.563
-0.637,1.456
-0.814,-0.021
-0.915,-1.16
-0.819,1.461
-1.003,0.076
-0.905,2.551
-0.965,-0.172
-1.127,1.635
-1.303,0.257
-1.413,0.624
-1.36,-0.739
-1.689,-1.126
-1.73,-0.145
-1.753,0.364
-1.857,2.75
-1.875,1.687
-1.985,1.51
-2.033,0.371
-2.122,1.42
-2.388,-0.906
-2.267,-0.895
-2.349,-0.027
-2.454,2.64
-2.403,0.024
-2.392,2.219
-2.425,-0.07
-2.528,1.086
-2.684,1.605
-2.761,1.653
-2.787,0.19
-2.92,0.675
-2.89,-0.941
-3.068,1.729
3.08,2.547
3.089,2.371
-3.069,2.466
3.029,2.625
3.136,1.251
2.913,1.556
2.913,1.341
2.838,2.129
2.858,2.772
2.674,0.949
2.614,0.05
2.412,0.193
2.362,0.327
2.295,1.102
2.206,-1.062
2.174,-0.838
2.261,2.498
2.231,1.22
2.086,1.1
2.177,1.665
2.198,1.032
2.02,-1.472
1.698,-1.17
0.802,-1.436
0.245,-1.4
0.35,-1.212
-0.62,-1.133
-0.801,-1.489
-1.268,-1.443
-1.413,-1.547
-1.469,-1.306
-2.78,-1.384
-2.657,-1.337
-2.819,-1.471
-2.686,-1.279
-2.98,-1.365
-3.026,-1.249
3.13,-1.464
2.499,-1.232
2.529,-1.131
2.352,-1.306
1.95,-1.125
1.787,3.112
1.661,3.224
1.622,3.194
1.515,3.178
1.332,3.128
0.447,2.941
-0.085,3.007
-0.318,2.836
-0.66,3.135
-1.007,3.072
-1.879,3.077
-2.104,3.129
-2.453,2.998
3.046,3.181
2.643,2.799
2.203,3.043
2.017,2.944
2.105,3.142
-0.228,0.771
-1.424,1.981
-1.992,-0.201
-2.433,0.709
-2.677,2.465
1.077,1.309
0.894,-0.393
0.35,-0.399
-0.328,0.136
-2.148,2.33
-2.491,1.757
-2.496,1.393
-2.804,0.638
3.124,-0.619
-3.096,1.019
2.846,1.759
2.82,0.322
2.634,2.212
2.615,2.409
2.562,1.313
1.872,1.219
1.687,-0.106
0.162,1.141
-1.347,1.157
-2.608,-0.18
0.111,2.646
1.79,-1.25
2.547,-1.598
0.0,-2.681
-0.09,-0.061
-0.043,-2.199
-0.119,-0.383
-0.125,0.162
-0.163,-0.363
-0.166,0.069
-0.177,-0.536
-0.216,-0.904
-0.323,-0.168
-0.321,-0.45
-0.387,-1.469
-0.46,-1.099
-0.485,-0.246
-0.494,-1.075
-0.474,-1.765
-0.482,-1.243
-0.531,-1.76
-0.496,-2.163
-0.493,0.557
-0.585,-1.283
-0.532,0.151
-0.591,0.235
-0.64,-0.767
-0.575,-0.935
-0.681,-0.606
-0.685,-0.289
-0.751,-0.997
-0.847,0.643
-1.065,-1.02
-1.077,-2.298
-1.058,-2.74
-1.131,-1.957
-1.098,0.214
-1.126,-0.794
-1.214,0.369
-1.289,-1.331
-1.337,-2.125
-1.283,-2.518
-1.294,0.519
-1.353,0.126
-1.319,0.224
-1.356,-2.04
-1.448,-1.33
-1.662,0.809
-1.651,-2.911
-1.761,-1.658
-1.699,-0.627
-1.763,-0.204
-1.742,-1.491
-1.729,-1.404
-1.818,0.698
-1.747,-1.209
-1.791,-0.338
-1.876,-1.81
-1.843,-1.212
-2.014,-1.274
-1.971,-0.695
-2.085,-0.722
-2.107,-1.54
-2.112,-0.281
-2.131,-0.199
-2.367,-2.697
-2.381,-1.366
-2.382,-0.587
-2.38,-2.811
-2.464,-3.01
-2.48,0.504
-2.493,0.228
-2.533,-2.458
-2.6,-2.546
-2.597,-0.071
-2.588,-2.162
-2.712,-1.435
-2.739,-1.577
-2.699,-2.753
-2.783,-2.023
-2.795,-1.384
-2.797,-0.599
-2.794,0.402
-2.831,-1.531
-2.886,-2.028
-2.888,0.693
-2.839,-0.845
-2.916,-0.171
-2.96,-0.886
-2.926,-0.659
-3.003,-0.939
-2.934,-2.25
-2.958,-1.751
-2.973,-1.866
-2.952,-1.668
-2.98,-0.133
3.078,-2.99
2.986,-2.552
2.93,-0.717
2.901,-2.354
2.928,0.889
2.907,-1.362
2.836,-0.004
2.76,-2.193
2.823,0.166
2.806,-0.114
2.731,-1.092
2.741,-1.863
2.618,-2.116
2.564,-1.977
2.404,-1.178
2.43,-2.182
2.418,-1.246
2.336,-1.87
2.28,0.282
2.119,0.679
2.054,-1.139
2.03,-2.809
1.984,-0.87
0.665,-3.126
0.613,-3.132
0.55,-3.323
0.201,-3.206
-0.241,-3.452
-0.239,-3.116
-0.583,-3.416
-0.835,-3.296
-1.258,-3.267
-1.572,-3.376
-1.756,-3.38
-1.818,-3.112
-2.413,-3.503
-2.627,-3.179
-3.007,-3.082
-3.111,-3.45
2.022,-3.138
1.883,0.999
1.372,1.062
0.899,1.006
0.75,1.24
0.718,0.927
0.514,1.125
-0.051,1.205
-0.14,1.271
-0.556,0.932
-1.554,1.036
-1.839,1.322
-2.747,0.979
-2.837,1.158
-2.964,0.947
-3.101,1.392
3.002,1.26
2.845,1.236
2.628,1.267
2.675,0.949
2.182,1.109
1.227,0.417
1.246,-1.914
0.311,0.919
0.019,0.59
-0.466,0.833
-1.013,-2.386
-2.624,0.588
-3.098,0.38
2.141,-0.425
2.114,-2.101
1.293,-3.485
-2.399,-3.318
2.591,-3.237
2.484,-3.274
2.012,-3.485
1.998,-0.276
1.995,-2.004
1.667,-1.707
1.443,-0.458
1.302,-1.522
1.41,0.578
1.326,-0.315
1.174,-0.032
1.277,-1.328
1.302,-2.498
1.144,-0.471
1.112,0.373
1.224,-1.401
1.177,-0.047
1.016,-1.837
1.112,-2.318
0.878,-0.489
0.89,-1.544
1.0,0.917
0.939,-1.707
0.933,-0.535
0.92,0.447
0.791,-0.711
0.739,-0.23
0.701,-0.222
0.631,0.908
0.622,-0.52
0.698,-1.942
0.61,0.934
0.436,-0.3
0.507,-0.317
0.283,-2.739
0.36,-1.525
0.229,-1.053
0.143,-1.806
0.22,-1.47
0.162,-1.424
0.03,-1.147
-0.008,0.569
-0.066,-0.584
0.041,0.818
-0.017,-1.198
-0.171,-0.417
-0.173,-1.975
-0.22,-0.535
-0.086,0.433
-0.078,-0.12
-0.253,-2.873
-0.248,-1.638
-0.299,-1.741
-0.295,-1.84
-0.456,-2.753
-0.358,-0.694
-0.392,0.213
-0.591,0.606
-0.578,-1.26
-0.562,-3.008
-0.59,-1.793
-0.836,0.629
-0.681,-0.478
-0.858,-1.955
-0.959,-3.094
-0.863,-0.473
-1.047,-1.858
-0.949,0.617
-1.009,-2.106
-1.171,-0.299
-1.347,-1.677
-1.457,-1.31
-1.404,-2.673
-1.733,-3.06
-1.774,-2.079
-1.797,-1.57
-1.901,0.816
-1.919,-0.247
-2.029,-0.424
-2.077,-1.563
-2.166,-0.514
-2.432,-2.84
-2.311,-2.829
-2.393,-1.961
-2.498,0.706
-2.447,-1.91
-2.436,0.285
-2.469,-2.004
-2.572,-0.848
-2.728,-0.329
-2.805,-0.281
-2.831,-1.744
-2.964,-1.259
-2.934,-2.875
-3.112,-0.205
3.036,0.613
3.045,0.437
-3.113,0.532
2.985,0.691
3.092,-0.683
2.869,-0.378
2.869,-0.593
2.794,0.195
2.814,0.838
2.63,-0.985
2.57,-1.884
2.368,-1.741
2.318,-1.607
2.251,-0.832
2.162,-2.996
2.13,-2.772
2.217,0.564
2.187,-0.714
2.042,-0.834
2.133,-0.269
2.154,-0.902
1.976,-3.406
1.654,-3.104
0.758,-3.37
0.201,-3.334
0.306,-3.146
-0.664,-3.067
-0.845,-3.423
-1.312,-3.377
-1.457,-3.481
-1.513,-3.24
-2.824,-3.318
-2.701,-3.271
-2.863,-3.405
-2.73,-3.213
-3.024,-3.299
-3.07,-3.183
3.086,-3.398
2.455,-3.166
2.485,-3.065
2.308,-3.24
1.906,-3.059
1.743,1.178
1.617,1.29
1.578,1.26
1.471,1.244
1.288,1.194
0.403,1.007
-0.129,1.073
-0.362,0.902
-0.704,1.201
-1.051,1.138
-1.923,1.143
-2.148,1.195
-2.497,1.064
3.002,1.247
2.599,0.865
2.159,1.109
1.973,1.01
2.061,1.208
-0.272,-1.163
-1.468,0.047
-2.036,-2.135
-2.477,-1.225
-2.721,0.531
1.033,-0.625
0.85,-2.327
0.306,-2.333
-0.372,-1.798
-2.192,0.396
-2.535,-0.177
-2.54,-0.541
-2.848,-1.296
3.08,-2.553
-3.14,-0.915
2.802,-0.175
2.776,-1.612
2.59,0.278
2.571,0.475
2.518,-0.621
1.828,-0.715
1.643,-2.04
0.118,-0.793
-1.391,-0.777
-2.652,-2.114
0.067,0.712
1.746,-3.184
2.503,-3.532
-0.09,2.62
-0.043,0.482
-0.119,2.298
-0.125,2.843
-0.163,2.318
-0.166,2.75
-0.177,2.145
-0.216,1.777
-0.323,2.513
-0.321,2.231
-0.387,1.212
-0.46,1.582
-0.485,2.435
-0.494,1.606
-0.474,0.916
-0.482,1.438
-0.531,0.921
-0.496,0.518
-0.493,3.238
-0.585,1.398
-0.532,2.832
-0.591,2.916
-0.64,1.914
-0.575,1.746
-0.681,2.075
-0.685,2.392
-0.751,1.684
-0.847,3.324
-1.065,1.661
-1.077,0.383
-1.058,-0.059
-1.131,0.724
-1.098,2.895
-1.126,1.887
-1.214,3.05
-1.289,1.35
-1.337,0.556
-1.283,0.163
-1.294,3.2
-1.353,2.807
-1.319,2.905
-1.356,0.641
-1.448,1.351
-1.662,3.49
-1.651,-0.23
-1.761,1.023
-1.699,2.054
-1.763,2.477
-1.742,1.19
-1.729,1.277
-1.818,3.379
-1.747,1.472
-1.791,2.343
-1.876,0.871
-1.843,1.469
-2.014,1.407
-1.971,1.986
-2.085,1.959
-2.107,1.141
-2.112,2.4
-2.131,2.482
-2.367,-0.016
-2.381,1.315
-2.382,2.094
-2.38,-0.13
-2.464,-0.329
-2.48,3.185
-2.493,2.909
-2.533,0.223
-2.6,0.135
-2.597,2.61
-2.588,0.519
-2.712,1.246
-2.739,1.104
-2.699,-0.072
-2.783,0.658
-2.795,1.297
-2.797,2.082
-2.794,3.083
-2.831,1.15
-2.886,0.653
-2.888,3.374
-2.839,1.836
-2.916,2.51
-2.96,1.795
-2.926,2.022
-3.003,1.742
-2.934,0.431
-2.958,0.93
-2.973,0.815
-2.952,1.013
-2.98,2.548
3.078,-0.309
2.986,0.129
2.93,1.964
2.901,0.327
2.928,3.57
2.907,1.319
2.836,2.677
2.76,0.488
2.823,2.847
2.806,2.567
2.731,1.589
2.741,0.818
2.618,0.565
2.564,0.704
2.404,1.503
2.43,0.499
2.418,1.435
2.336,0.811
2.28,2.963
2.119,3.36
2.054,1.542
2.03,-0.128
1.984,1.811
0.665,-0.445
0.613,-0.451
0.55,-0.642
0.201,-0.525
-0.241,-0.771
-0.239,-0.435
-0.583,-0.735
-0.835,-0.615
-1.258,-0.586
-1.572,-0.695
-1.756,-0.699
-1.818,-0.431
-2.413,-0.822
-2.627,-0.498
-3.007,-0.401
-3.111,-0.769
2.022,-0.457
1.883,3.68
1.372,3.743
0.899,3.687
0.75,3.921
0.718,3.608
0.514,3.806
-0.051,3.886
-0.14,3.952
-0.556,3.613
-1.554,3.717
-1.839,4.003
-2.747,3.66
-2.837,3.839
-2.964,3.628
-3.101,4.073
3.002,3.941
2.845,3.917
2.628,3.948
2.675,3.63
2.182,3.79
1.227,3.098
1.246,0.767
0.311,3.6
0.019,3.271
-0.466,3.514
-1.013,0.295
-2.624,3.269
-3.098,3.061
2.141,2.256
2.114,0.58
1.293,-0.804
-2.399,-0.637
2.591,-0.556
2.484,-0.593
2.012,-0.804
1.998,2.405
1.995,0.677
1.667,0.974
1.443,2.223
1.302,1.159
1.41,3.259
1.326,2.366
1.174,2.649
1.277,1.353
1.302,0.183
1.144,2.21
1.112,3.054
1.224,1.28
1.177,2.634
1.016,0.844
1.112,0.363
0.878,2.192
0.89,1.137
1.0,3.598
0.939,0.974
0.933,2.146
0.92,3.128
0.791,1.97
0.739,2.451
0.701,2.459
0.631,3.589
0.622,2.161
0.698,0.739
0.61,3.615
0.436,2.381
0.507,2.364
0.283,-0.058
0.36,1.156
0.229,1.628
0.143,0.875
0.22,1.211
0.162,1.257
0.03,1.534
-0.008,3.25
-0.066,2.097
0.041,3.499
-0.017,1.483
-0.171,2.264
-0.173,0.706
-0.22,2.146
-0.086,3.114
-0.078,2.561
-0.253,-0.192
-0.248,1.043
-0.299,0.94
-0.295,0.841
-0.456,-0.072
-0.358,1.987
-0.392,2.894
-0.591,3.287
-0.578,1.421
-0.562,-0.327
-0.59,0.888
-0.836,3.31
-0.681,2.203
-0.858,0.726
-0.959,-0.413
-0.863,2.208
-1.047,0.823
-0.949,3.298
-1.009,0.575
-1.171,2.382
-1.347,1.004
-1.457,1.371
-1.404,0.008
-1.733,-0.379
-1.774,0.602
-1.797,1.111
-1.901,3.497
-1.919,2.434
-2.029,2.257
-2.077,1.118
-2.166,2.167
-2.432,-0.159
-2.311,-0.148
-2.393,0.72
-2.498,3.387
-2.447,0.771
-2.436,2.966
-2.469,0.677
-2.572,1.833
-2.728,2.352
-2.805,2.4
-2.831,0.937
-2.964,1.422
-2.934,-0.194
-3.112,2.476
3.036,3.294
3.045,3.118
-3.113,3.213
2.985,3.372
3.092,1.998
2.869,2.303
2.869,2.088
2.794,2.876
2.814,3.519
2.63,1.696
2.57,0.797
2.368,0.94
2.318,1.074
2.251,1.849
2.162,-0.315
2.13,-0.091
2.217,3.245
2.187,1.967
2.042,1.847
2.133,2.412
2.154,1.779
1.976,-0.725
1.654,-0.423
0.758,-0.689
0.201,-0.653
0.306,-0.465
-0.664,-0.386
-0.845,-0.742
-1.312,-0.696
-1.457,-0.8
-1.513,-0.559
-2.824,-0.637
-2.701,-0.59
-2.863,-0.724
-2.73,-0.532
-3.024,-0.618
-3.07,-0.502
3.086,-0.717
2.455,-0.485
2.485,-0.384
2.308,-0.559
1.906,-0.378
1.743,3.859
1.617,3.971
1.578,3.941
1.471,3.925
1.288,3.875
0.403,3.688
-0.129,3.754
-0.362,3.583
-0.704,3.882
-1.051,3.819
-1.923,3.824
-2.148,3.876
-2.497,3.745
3.002,3.928
2.599,3.546
2.159,3.79
1.973,3.691
2.061,3.889
-0.272,1.518
-1.468,2.728
-2.036,0.546
-2.477,1.456
-2.721,3.212
1.033,2.056
0.85,0.354
0.306,0.348
-0.372,0.883
-2.192,3.077
-2.535,2.504
-2.54,2.14
-2.848,1.385
3.08,0.128
-3.14,1.766
2.802,2.506
2.776,1.069
2.59,2.959
2.571,3.156
2.518,2.06
1.828,1.966
1.643,0.641
0.118,1.888
-1.391,1.904
-2.652,0.567
0.067,3.393
1.746,-0.503
2.503,-0.851
0.047,-2.138
-0.029,-0.322
-0.035,0.223
-0.073,-0.302
-0.076,0.13
-0.087,-0.475
-0.126,-0.843
-0.233,-0.107
-0.231,-0.389
-0.297,-1.408
-0.37,-1.038
-0.395,-0.185
-0.404,-1.014
-0.384,-1.704
-0.392,-1.182
-0.441,-1.699
-0.406,-2.102
-0.403,0.618
-0.495,-1.222
-0.442,0.212
-0.501,0.296
-0.55,-0.706
-0.485,-0.874
-0.591,-0.545
-0.595,-0.228
-0.661,-0.936
-0.757,0.704
-0.975,-0.959
-0.987,-2.237
-0.968,-2.679
-1.041,-1.896
-1.008,0.275
-1.036,-0.733
-1.124,0.43
-1.199,-1.27
-1.247,-2.064
-1.193,-2.457
-1.204,0.58
-1.263,0.187
-1.229,0.285
-1.266,-1.979
-1.358,-1.269
-1.572,0.87
-1.561,-2.85
-1.671,-1.597
-1.609,-0.566
-1.673,-0.143
-1.652,-1.43
-1.639,-1.343
-1.728,0.759
-1.657,-1.148
-1.701,-0.277
-1.786,-1.749
-1.753,-1.151
-1.924,-1.213
-1.881,-0.634
-1.995,-0.661
-2.017,-1.479
-2.022,-0.22
-2.041,-0.138
-2.277,-2.636
-2.291,-1.305
-2.292,-0.526
-2.29,-2.75
-2.374,-2.949
-2.39,0.565
-2.403,0.289
-2.443,-2.397
-2.51,-2.485
-2.507,-0.01
-2.498,-2.101
-2.622,-1.374
-2.649,-1.516
-2.609,-2.692
-2.693,-1.962
-2.705,-1.323
-2.707,-0.538
-2.704,0.463
-2.741,-1.47
-2.796,-1.967
-2.798,0.754
-2.749,-0.784
-2.826,-0.11
-2.87,-0.825
-2.836,-0.598
-2.913,-0.878
-2.844,-2.189
-2.868,-1.69
-2.883,-1.805
-2.862,-1.607
-2.89,-0.072
-3.115,-2.929
3.076,-2.491
3.02,-0.656
2.991,-2.293
3.018,0.95
2.997,-1.301
2.926,0.057
2.85,-2.132
2.913,0.227
2.896,-0.053
2.821,-1.031
2.831,-1.802
2.708,-2.055
2.654,-1.916
2.494,-1.117
2.52,-2.121
2.508,-1.185
2.426,-1.809
2.37,0.343
2.209,0.74
2.144,-1.078
2.12,-2.748
2.074,-0.809
0.755,-3.065
0.703,-3.071
0.64,-3.262
0.291,-3.145
-0.151,-3.391
-0.149,-3.055
-0.493,-3.355
-0.745,-3.235
-1.168,-3.206
-1.482,-3.315
-1.666,-3.319
-1.728,-3.051
-2.323,-3.442
-2.537,-3.118
-2.917,-3.021
-3.021,-3.389
2.112,-3.077
1.973,1.06
1.462,1.123
0.989,1.067
0.84,1.301
0.808,0.988
0.604,1.186
0.039,1.266
-0.05,1.332
-0.466,0.993
-1.464,1.097
-1.749,1.383
-2.657,1.04
-2.747,1.219
-2.874,1.008
-3.011,1.453
3.092,1.321
2.935,1.297
2.718,1.328
2.765,1.01
2.272,1.17
1.317,0.478
1.336,-1.853
0.401,0.98
0.109,0.651
-0.376,0.894
-0.923,-2.325
-2.534,0.649
-3.008,0.441
2.231,-0.364
2.204,-2.04
1.383,-3.424
-2.309,-3.257
2.681,-3.176
2.574,-3.213
2.102,-3.424
2.088,-0.215
2.085,-1.943
1.757,-1.646
1.533,-0.397
1.392,-1.461
1.5,0.639
1.416,-0.254
1.264,0.029
1.367,-1.267
1.392,-2.437
1.234,-0.41
1.202,0.434
1.314,-1.34
1.267,0.014
1.106,-1.776
1.202,-2.257
0.968,-0.428
0.98,-1.483
1.09,0.978
1.029,-1.646
1.023,-0.474
1.01,0.508
0.881,-0.65
0.829,-0.169
0.791,-0.161
0.721,0.969
0.712,-0.459
0.788,-1.881
0.7,0.995
0.526,-0.239
0.597,-0.256
0.373,-2.678
0.45,-1.464
0.319,-0.992
0.233,-1.745
0.31,-1.409
0.252,-1.363
0.12,-1.086
0.082,0.63
0.024,-0.523
0.131,0.879
0.073,-1.137
-0.081,-0.356
-0.083,-1.914
-0.13,-0.474
0.004,0.494
0.012,-0.059
-0.163,-2.812
-0.158,-1.577
-0.209,-1.68
-0.205,-1.779
-0.366,-2.692
-0.268,-0.633
-0.302,0.274
-0.501,0.667
-0.488,-1.199
-0.472,-2.947
-0.5,-1.732
-0.746,0.69
-0.591,-0.417
-0.768,-1.894
-0.869,-3.033
-0.773,-0.412
-0.957,-1.797
-0.859,0.678
-0.919,-2.045
-1.081,-0.238
-1.257,-1.616
-1.367,-1.249
-1.314,-2.612
-1.643,-2.999
-1.684,-2.018
-1.707,-1.509
-1.811,0.877
-1.829,-0.186
-1.939,-0.363
-1.987,-1.502
-2.076,-0.453
-2.342,-2.779
-2.221,-2.768
-2.303,-1.9
-2.408,0.767
-2.357,-1.849
-2.346,0.346
-2.379,-1.943
-2.482,-0.787
-2.638,-0.268
-2.715,-0.22
-2.741,-1.683
-2.874,-1.198
-2.844,-2.814
-3.022,-0.144
3.126,0.674
3.135,0.498
-3.023,0.593
3.075,0.752
-3.101,-0.622
2.959,-0.317
2.959,-0.532
2.884,0.256
2.904,0.899
2.72,-0.924
2.66,-1.823
2.458,-1.68
2.408,-1.546
2.341,-0.771
2.252,-2.935
2.22,-2.711
2.307,0.625
2.277,-0.653
2.132,-0.773
2.223,-0.208
2.244,-0.841
2.066,-3.345
1.744,-3.043
0.848,-3.309
0.291,-3.273
0.396,-3.085
-0.574,-3.006
-0.755,-3.362
-1.222,-3.316
-1.367,-3.42
-1.423,-3.179
-2.734,-3.257
-2.611,-3.21
-2.773,-3.344
-2.64,-3.152
-2.934,-3.238
-2.98,-3.122
-3.107,-3.337
2.545,-3.105
2.575,-3.004
2.398,-3.179
1.996,-2.998
1.833,1.239
1.707,1.351
1.668,1.321
1.561,1.305
1.378,1.255
0.493,1.068
-0.039,1.134
-0.272,0.963
-0.614,1.262
-0.961,1.199
-1.833,1.204
-2.058,1.256
-2.407,1.125
3.092,1.308
2.689,0.926
2.249,1.17
2.063,1.071
2.151,1.269
-0.182,-1.102
-1.378,0.108
-1.946,-2.074
-2.387,-1.164
-2.631,0.592
1.123,-0.564
0.94,-2.266
0.396,-2.272
-0.282,-1.737
-2.102,0.457
-2.445,-0.116
-2.45,-0.48
-2.758,-1.235
-3.113,-2.492
-3.05,-0.854
2.892,-0.114
2.866,-1.551
2.68,0.339
2.661,0.536
2.608,-0.56
1.918,-0.654
1.733,-1.979
0.208,-0.732
-1.301,-0.716
-2.562,-2.053
0.157,0.773
1.836,-3.123
2.593,-3.471
-0.076,1.816
-0.082,2.361
-0.12,1.836
-0.123,2.268
-0.134,1.663
-0.173,1.295
-0.28,2.031
-0.278,1.749
-0.344,0.73
-0.417,1.1
-0.442,1.953
-0.451,1.124
-0.431,0.434
-0.439,0.956
-0.488,0.439
-0.453,0.036
-0.45,2.756
-0.542,0.916
-0.489,2.35
-0.548,2.434
-0.597,1.432
-0.532,1.264
-0.638,1.593
-0.642,1.91
-0.708,1.202
-0.804,2.842
-1.022,1.179
-1.034,-0.099
-1.015,-0.541
-1.088,0.242
-1.055,2.413
-1.083,1.405
-1.171,2.568
-1.246,0.868
-1.294,0.074
-1.24,-0.319
-1.251,2.718
-1.31,2.325
-1.276,2.423
-1.313,0.159
-1.405,0.869
-1.619,3.008
-1.608,-0.712
-1.718,0.541
-1.656,1.572
-1.72,1.995
-1.699,0.708
-1.686,0.795
-1.775,2.897
-1.704,0.99
-1.748,1.861
-1.833,0.389
-1.8,0.987
-1.971,0.925
-1.928,1.504
-2.042,1.477
-2.064,0.659
-2.069,1.918
-2.088,2.0
-2.324,-0.498
-2.338,0.833
-2.339,1.612
-2.337,-0.612
-2.421,-0.811
-2.437,2.703
-2.45,2.427
-2.49,-0.259
-2.557,-0.347
-2.554,2.128
-2.545,0.037
-2.669,0.764
-2.696,0.622
-2.656,-0.554
-2.74,0.176
-2.752,0.815
-2.754,1.6
-2.751,2.601
-2.788,0.668
-2.843,0.171
-2.845,2.892
-2.796,1.354
-2.873,2.028
-2.917,1.313
-2.883,1.54
-2.96,1.26
-2.891,-0.051
-2.915,0.448
-2.93,0.333
-2.909,0.531
-2.937,2.066
3.121,-0.791
3.029,-0.353
2.973,1.482
2.944,-0.155
2.971,3.088
2.95,0.837
2.879,2.195
2.803,0.006
2.866,2.365
2.849,2.085
2.774,1.107
2.784,0.336
2.661,0.083
2.607,0.222
2.447,1.021
2.473,0.017
2.461,0.953
2.379,0.329
2.323,2.481
2.162,2.878
2.097,1.06
2.073,-0.61
2.027,1.329
0.708,-0.927
0.656,-0.933
0.593,-1.124
0.244,-1.007
-0.198,-1.253
-0.196,-0.917
-0.54,-1.217
-0.792,-1.097
-1.215,-1.068
-1.529,-1.177
-1.713,-1.181
-1.775,-0.913
-2.37,-1.304
-2.584,-0.98
-2.964,-0.883
-3.068,-1.251
2.065,-0.939
1.926,3.198
1.415,3.261
0.942,3.205
0.793,3.439
0.761,3.126
0.557,3.324
-0.008,3.404
-0.097,3.47
-0.513,3.131
-1.511,3.235
-1.796,3.521
-2.704,3.178
-2.794,3.357
-2.921,3.146
-3.058,3.591
3.045,3.459
2.888,3.435
2.671,3.466
2.718,3.148
2.225,3.308
1.27,2.616
1.289,0.285
0.354,3.118
0.062,2.789
-0.423,3.032
-0.97,-0.187
-2.581,2.787
-3.055,2.579
2.184,1.774
2.157,0.098
1.336,-1.286
-2.356,-1.119
2.634,-1.038
2.527,-1.075
2.055,-1.286
2.041,1.923
2.038,0.195
1.71,0.492
1.486,1.741
1.345,0.677
1.453,2.777
1.369,1.884
1.217,2.167
1.32,0.871
1.345,-0.299
1.187,1.728
1.155,2.572
1.267,0.798
1.22,2.152
1.059,0.362
1.155,-0.119
0.921,1.71
0.933,0.655
1.043,3.116
0.982,0.492
0.976,1.664
0.963,2.646
0.834,1.488
0.782,1.969
0.744,1.977
0.674,3.107
0.665,1.679
0.741,0.257
0.653,3.133
0.479,1.899
0.55,1.882
0.326,-0.54
0.403,0.674
0.272,1.146
0.186,0.393
0.263,0.729
0.205,0.775
0.073,1.052
0.035,2.768
-0.023,1.615
0.084,3.017
0.026,1.001
-0.128,1.782
-0.13,0.224
-0.177,1.664
-0.043,2.632
-0.035,2.079
-0.21,-0.674
-0.205,0.561
-0.256,0.458
-0.252,0.359
-0.413,-0.554
-0.315,1.505
-0.349,2.412
-0.548,2.805
-0.535,0.939
-0.519,-0.809
-0.547,0.406
-0.793,2.828
-0.638,1.721
-0.815,0.244
-0.916,-0.895
-0.82,1.726
-1.004,0.341
-0.906,2.816
-0.966,0.093
-1.128,1.9
-1.304,0.522
-1.414,0.889
-1.361,-0.474
-1.69,-0.861
-1.731,0.12
-1.754,0.629
-1.858,3.015
-1.876,1.952
-1.986,1.775
-2.034,0.636
-2.123,1.685
-2.389,-0.641
-2.268,-0.63
-2.35,0.238
-2.455,2.905
-2.404,0.289
-2.393,2.484
-2.426,0.195
-2.529,1.351
-2.685,1.87
-2.762,1.918
-2.788,0.455
-2.921,0.94
-2.891,-0.676
-3.069,1.994
3.079,2.812
3.088,2.636
-3.07,2.731
3.028,2.89
3.135,1.516
2.912,1.821
2.912,1.606
2.837,2.394
2.857,3.037
2.673,1.214
2.613,0.315
2.411,0.458
2.361,0.592
2.294,1.367
2.205,-0.797
2.173,-0.573
2.26,2.763
2.23,1.485
2.085,1.365
2.176,1.93
2.197,1.297
2.019,-1.207
1.697,-0.905
0.801,-1.171
0.244,-1.135
0.349,-0.947
-0.621,-0.868
-0.802,-1.224
-1.269,-1.178
-1.414,-1.282
-1.47,-1.041
-2.781,-1.119
-2.658,-1.072
-2.82,-1.206
-2.687,-1.014
-2.981,-1.1
-3.027,-0.984
3.129,-1.199
2.498,-0.967
2.528,-0.866
2.351,-1.041
1.949,-0.86
1.786,3.377
1.66,3.489
1.621,3.459
1.514,3.443
1.331,3.393
0.446,3.206
-0.086,3.272
-0.319,3.101
-0.661,3.4
-1.008,3.337
-1.88,3.342
-2.105,3.394
-2.454,3.263
3.045,3.446
2.642,3.064
2.202,3.308
2.016,3.209
2.104,3.407
-0.229,1.036
-1.425,2.246
-1.993,0.064
-2.434,0.974
-2.678,2.73
1.076,1.574
0.893,-0.128
0.349,-0.134
-0.329,0.401
-2.149,2.595
-2.492,2.022
-2.497,1.658
-2.805,0.903
3.123,-0.354
-3.097,1.284
2.845,2.024
2.819,0.587
2.633,2.477
2.614,2.674
2.561,1.578
1.871,1.484
1.686,0.159
0.161,1.406
-1.348,1.422
-2.609,0.085
0.11,2.911
1.789,-0.985
2.546,-1.333
-0.006,0.545
-0.044,0.02
-0.047,0.452
-0.058,-0.153
-0.097,-0.521
-0.204,0.215
-0.202,-0.067
-0.268,-1.086
-0.341,-0.716
-0.366,0.137
-0.375,-0.692
-0.355,-1.382
-0.363,-0.86
-0.412,-1.377
-0.377,-1.78
-0.374,0.94
-0.466,-0.9
-0.413,0.534
-0.472,0.618
-0.521,-0.384
-0.456,-0.552
-0.562,-0.223
-0.566,0.094
-0.632,-0.614
-0.728,1.026
-0.946,-0.637
-0.958,-1.915
-0.939,-2.357
-1.012,-1.574
-0.979,0.597
-1.007,-0.411
-1.095,0.752
-1.17,-0.948
-1.218,-1.742
-1.164,-2.135
-1.175,0.902
-1.234,0.509
-1.2,0.607
-1.237,-1.657
-1.329,-0.947
-1.543,1.192
-1.532,-2.528
-1.642,-1.275
-1.58,-0.244
-1.644,0.179
-1.623,-1.108
-1.61,-1.021
-1.699,1.081
-1.628,-0.826
-1.672,0.045
-1.757,-1.427
-1.724,-0.829
-1.895,-0.891
-1.852,-0.312
-1.966,-0.339
-1.988,-1.157
-1.993,0.102
-2.012,0.184
-2.248,-2.314
-2.262,-0.983
-2.263,-0.204
-2.261,-2.428
-2.345,-2.627
-2.361,0.887
-2.374,0.611
-2.414,-2.075
-2.481,-2.163
-2.478,0.312
-2.469,-1.779
-2.593,-1.052
-2.62,-1.194
-2.58,-2.37
-2.664,-1.64
-2.676,-1.001
-2.678,-0.216
-2.675,0.785
-2.712,-1.148
-2.767,-1.645
-2.769,1.076
-2.72,-0.462
-2.797,0.212
-2.841,-0.503
-2.807,-0.276
-2.884,-0.556
-2.815,-1.867
-2.839,-1.368
-2.854,-1.483
-2.833,-1.285
-2.861,0.25
-3.086,-2.607
3.105,-2.169
3.049,-0.334
3.02,-1.971
3.047,1.272
3.026,-0.979
2.955,0.379
2.879,-1.81
2.942,0.549
2.925,0.269
2.85,-0.709
2.86,-1.48
2.737,-1.733
2.683,-1.594
2.523,-0.795
2.549,-1.799
2.537,-0.863
2.455,-1.487
2.399,0.665
2.238,1.062
2.173,-0.756
2.149,-2.426
2.103,-0.487
0.784,-2.743
0.732,-2.749
0.669,-2.94
0.32,-2.823
-0.122,-3.069
-0.12,-2.733
-0.464,-3.033
-0.716,-2.913
-1.139,-2.884
-1.453,-2.993
-1.637,-2.997
-1.699,-2.729
-2.294,-3.12
-2.508,-2.796
-2.888,-2.699
-2.992,-3.067
2.141,-2.755
2.002,1.382
1.491,1.445
1.018,1.389
0.869,1.623
0.837,1.31
0.633,1.508
0.068,1.588
-0.021,1.654
-0.437,1.315
-1.435,1.419
-1.72,1.705
-2.628,1.362
-2.718,1.541
-2.845,1.33
-2.982,1.775
3.121,1.643
2.964,1.619
2.747,1.65
2.794,1.332
2.301,1.492
1.346,0.8
1.365,-1.531
0.43,1.302
0.138,0.973
-0.347,1.216
-0.894,-2.003
-2.505,0.971
-2.979,0.763
2.26,-0.042
2.233,-1.718
1.412,-3.102
-2.28,-2.935
2.71,-2.854
2.603,-2.891
2.131,-3.102
2.117,0.107
2.114,-1.621
1.786,-1.324
1.562,-0.075
1.421,-1.139
1.529,0.961
1.445,0.068
1.293,0.351
1.396,-0.945
1.421,-2.115
1.263,-0.088
1.231,0.756
1.343,-1.018
1.296,0.336
1.135,-1.454
1.231,-1.935
0.997,-0.106
1.009,-1.161
1.119,1.3
1.058,-1.324
1.052,-0.152
1.039,0.83
0.91,-0.328
0.858,0.153
0.82,0.161
0.75,1.291
0.741,-0.137
0.817,-1.559
0.729,1.317
0.555,0.083
0.626,0.066
0.402,-2.356
0.479,-1.142
0.348,-0.67
0.262,-1.423
0.339,-1.087
0.281,-1.041
0.149,-0.764
0.111,0.952
0.053,-0.201
0.16,1.201
0.102,-0.815
-0.052,-0.034
-0.054,-1.592
-0.101,-0.152
0.033,0.816
0.041,0.263
-0.134,-2.49
-0.129,-1.255
-0.18,-1.358
-0.176,-1.457
-0.337,-2.37
-0.239,-0.311
-0.273,0.596
-0.472,0.989
-0.459,-0.877
-0.443,-2.625
-0.471,-1.41
-0.717,1.012
-0.562,-0.095
-0.739,-1.572
-0.84,-2.711
-0.744,-0.09
-0.928,-1.475
-0.83,1.0
-0.89,-1.723
-1.052,0.084
-1.228,-1.294
-1.338,-0.927
-1.285,-2.29
-1.614,-2.677
-1.655,-1.696
-1.678,-1.187
-1.782,1.199
-1.8,0.136
-1.91,-0.041
-1.958,-1.18
-2.047,-0.131
-2.313,-2.457
-2.192,-2.446
-2.274,-1.578
-2.379,1.089
-2.328,-1.527
-2.317,0.668
-2.35,-1.621
-2.453,-0.465
-2.609,0.054
-2.686,0.102
-2.712,-1.361
-2.845,-0.876
-2.815,-2.492
-2.993,0.178
-3.128,0.996
-3.119,0.82
-2.994,0.915
3.104,1.074
-3.072,-0.3
2.988,0.005
2.988,-0.21
2.913,0.578
2.933,1.221
2.749,-0.602
2.689,-1.501
2.487,-1.358
2.437,-1.224
2.37,-0.449
2.281,-2.613
2.249,-2.389
2.336,0.947
2.306,-0.331
2.161,-0.451
2.252,0.114
2.273,-0.519
2.095,-3.023
1.773,-2.721
0.877,-2.987
0.32,-2.951
0.425,-2.763
-0.545,-2.684
-0.726,-3.04
-1.193,-2.994
-1.338,-3.098
-1.394,-2.857
-2.705,-2.935
-2.582,-2.888
-2.744,-3.022
-2.611,-2.83
-2.905,-2.916
-2.951,-2.8
-3.078,-3.015
2.574,-2.783
2.604,-2.682
2.427,-2.857
2.025,-2.676
1.862,1.561
1.736,1.673
1.697,1.643
1.59,1.627
1.407,1.577
0.522,1.39
-0.01,1.456
-0.243,1.285
-0.585,1.584
-0.932,1.521
-1.804,1.526
-2.029,1.578
-2.378,1.447
3.121,1.63
2.718,1.248
2.278,1.492
2.092,1.393
2.18,1.591
-0.153,-0.78
-1.349,0.43
-1.917,-1.752
-2.358,-0.842
-2.602,0.914
1.152,-0.242
0.969,-1.944
0.425,-1.95
-0.253,-1.415
-2.073,0.779
-2.416,0.206
-2.421,-0.158
-2.729,-0.913
-3.084,-2.17
-3.021,-0.532
2.921,0.208
2.895,-1.229
2.709,0.661
2.69,0.858
2.637,-0.238
1.947,-0.332
1.762,-1.657
0.237,-0.41
-1.272,-0.394
-2.533,-1.731
0.186,1.095
1.865,-2.801
2.622,-3.149
-0.038,-0.525
-0.041,-0.093
-0.052,-0.698
-0.091,-1.066
-0.198,-0.33
-0.196,-0.612
-0.262,-1.631
-0.335,-1.261
-0.36,-0.408
-0.369,-1.237
-0.349,-1.927
-0.357,-1.405
-0.406,-1.922
-0.371,-2.325
-0.368,0.395
-0.46,-1.445
-0.407,-0.011
-0.466,0.073
-0.515,-0.929
-0.45,-1.097
-0.556,-0.768
-0.56,-0.451
-0.626,-1.159
-0.722,0.481
-0.94,-1.182
-0.952,-2.46
-0.933,-2.902
-1.006,-2.119
-0.973,0.052
-1.001,-0.956
-1.089,0.207
-1.164,-1.493
-1.212,-2.287
-1.158,-2.68
-1.169,0.357
-1.228,-0.036
-1.194,0.062
-1.231,-2.202
-1.323,-1.492
-1.537,0.647
-1.526,-3.073
-1.636,-1.82
-1.574,-0.789
-1.638,-0.366
-1.617,-1.653
-1.604,-1.566
-1.693,0.536
-1.622,-1.371
-1.666,-0.5
-1.751,-1.972
-1.718,-1.374
-1.889,-1.436
-1.846,-0.857
-1.96,-0.884
-1.982,-1.702
-1.987,-0.443
-2.006,-0.361
-2.242,-2.859
-2.256,-1.528
-2.257,-0.749
-2.255,-2.973
-2.339,-3.172
-2.355,0.342
-2.368,0.066
-2.408,-2.62
-2.475,-2.708
-2.472,-0.233
-2.463,-2.324
-2.587,-1.597
-2.614,-1.739
-2.574,-2.915
-2.658,-2.185
-2.67,-1.546
-2.672,-0.761
-2.669,0.24
-2.706,-1.693
-2.761,-2.19
-2.763,0.531
-2.714,-1.007
-2.791,-0.333
-2.835,-1.048
-2.801,-0.821
-2.878,-1.101
-2.809,-2.412
-2.833,-1.913
-2.848,-2.028
-2.827,-1.83
-2.855,-0.295
-3.08,-3.152
3.111,-2.714
3.055,-0.879
3.026,-2.516
3.053,0.727
3.032,-1.524
2.961,-0.166
2.885,-2.355
2.948,0.004
2.931,-0.276
2.856,-1.254
2.866,-2.025
2.743,-2.278
2.689,-2.139
2.529,-1.34
2.555,-2.344
2.543,-1.408
2.461,-2.032
2.405,0.12
2.244,0.517
2.179,-1.301
2.155,-2.971
2.109,-1.032
0.79,-3.288
0.738,-3.294
0.675,-3.485
0.326,-3.368
-0.116,-3.614
-0.114,-3.278
-0.458,-3.578
-0.71,-3.458
-1.133,-3.429
-1.447,-3.538
-1.631,-3.542
-1.693,-3.274
-2.288,-3.665
-2.502,-3.341
-2.882,-3.244
-2.986,-3.612
2.147,-3.3
2.008,0.837
1.497,0.9
1.024,0.844
0.875,1.078
0.843,0.765
0.639,0.963
0.074,1.043
-0.015,1.109
-0.431,0.77
-1.429,0.874
-1.714,1.16
-2.622,0.817
-2.712,0.996
-2.839,0.785
-2.976,1.23
3.127,1.098
2.97,1.074
2.753,1.105
2.8,0.787
2.307,0.947
1.352,0.255
1.371,-2.076
0.436,0.757
0.144,0.428
-0.341,0.671
-0.888,-2.548
-2.499,0.426
-2.973,0.218
2.266,-0.587
2.239,-2.263
1.418,-3.647
-2.274,-3.48
2.716,-3.399
2.609,-3.436
2.137,-3.647
2.123,-0.438
2.12,-2.166
1.792,-1.869
1.568,-0.62
1.427,-1.684
1.535,0.416
1.451,-0.477
1.299,-0.194
1.402,-1.49
1.427,-2.66
1.269,-0.633
1.237,0.211
1.349,-1.563
1.302,-0.209
1.141,-1.999
1.237,-2.48
1.003,-0.651
1.015,-1.706
1.125,0.755
1.064,-1.869
1.058,-0.697
1.045,0.285
0.916,-0.873
0.864,-0.392
0.826,-0.384
0.756,0.746
0.747,-0.682
0.823,-2.104
0.735,0.772
0.561,-0.462
0.632,-0.479
0.408,-2.901
0.485,-1.687
0.354,-1.215
0.268,-1.968
0.345,-1.632
0.287,-1.586
0.155,-1.309
0.117,0.407
0.059,-0.746
0.166,0.656
0.108,-1.36
-0.046,-0.579
-0.048,-2.137
-0.095,-0.697
0.039,0.271
0.047,-0.282
-0.128,-3.035
-0.123,-1.8
-0.174,-1.903
-0.17,-2.002
-0.331,-2.915
-0.233,-0.856
-0.267,0.051
-0.466,0.444
-0.453,-1.422
-0.437,-3.17
-0.465,-1.955
-0.711,0.467
-0.556,-0.64
-0.733,-2.117
-0.834,-3.256
-0.738,-0.635
-0.922,-2.02
-0.824,0.455
-0.884,-2.268
-1.046,-0.461
-1.222,-1.839
-1.332,-1.472
-1.279,-2.835
-1.608,-3.222
-1.649,-2.241
-1.672,-1.732
-1.776,0.654
-1.794,-0.409
-1.904,-0.586
-1.952,-1.725
-2.041,-0.676
-2.307,-3.002
-2.186,-2.991
-2.268,-2.123
-2.373,0.544
-2.322,-2.072
-2.311,0.123
-2.344,-2.166
-2.447,-1.01
-2.603,-0.491
-2.68,-0.443
-2.706,-1.906
-2.839,-1.421
-2.809,-3.037
-2.987,-0.367
-3.122,0.451
-3.113,0.275
-2.988,0.37
3.11,0.529
-3.066,-0.845
2.994,-0.54
2.994,-0.755
2.919,0.033
2.939,0.676
2.755,-1.147
2.695,-2.046
2.493,-1.903
2.443,-1.769
2.376,-0.994
2.287,-3.158
2.255,-2.934
2.342,0.402
2.312,-0.876
2.167,-0.996
2.258,-0.431
2.279,-1.064
2.101,-3.568
1.779,-3.266
0.883,-3.532
0.326,-3.496
0.431,-3.308
-0.539,-3.229
-0.72,-3.585
-1.187,-3.539
-1.332,-3.643
-1.388,-3.402
-2.699,-3.48
-2.576,-3.433
-2.738,-3.567
-2.605,-3.375
-2.899,-3.461
-2.945,-3.345
-3.072,-3.56
2.58,-3.328
2.61,-3.227
2.433,-3.402
2.031,-3.221
1.868,1.016
1.742,1.128
1.703,1.098
1.596,1.082
1.413,1.032
0.528,0.845
-0.004,0.911
-0.237,0.74
-0.579,1.039
-0.926,0.976
-1.798,0.981
-2.023,1.033
-2.372,0.902
3.127,1.085
2.724,0.703
2.284,0.947
2.098,0.848
2.186,1.046
-0.147,-1.325
-1.343,-0.115
-1.911,-2.297
-2.352,-1.387
-2.596,0.369
1.158,-0.787
0.975,-2.489
0.431,-2.495
-0.247,-1.96
-2.067,0.234
-2.41,-0.339
-2.415,-0.703
-2.723,-1.458
-3.078,-2.715
-3.015,-1.077
2.927,-0.337
2.901,-1.774
2.715,0.116
2.696,0.313
2.643,-0.783
1.953,-0.877
1.768,-2.202
0.243,-0.955
-1.266,-0.939
-2.527,-2.276
0.192,0.55
1.871,-3.346
2.628,-3.694
-0.003,0.432
-0.014,-0.173
-0.053,-0.541
-0.16,0.195
-0.158,-0.087
-0.224,-1.106
-0.297,-0.736
-0.322,0.117
-0.331,-0.712
-0.311,-1.402
-0.319,-0.88
-0.368,-1.397
-0.333,-1.8
-0.33,0.92
-0.422,-0.92
-0.369,0.514
-0.428,0.598
-0.477,-0.404
-0.412,-0.572
-0.518,-0.243
-0.522,0.074
-0.588,-0.634
-0.684,1.006
-0.902,-0.657
-0.914,-1.935
-0.895,-2.377
-0.968,-1.594
-0.935,0.577
-0.963,-0.431
-1.051,0.732
-1.126,-0.968
-1.174,-1.762
-1.12,-2.155
-1.131,0.882
-1.19,0.489
-1.156,0.587
-1.193,-1.677
-1.285,-0.967
-1.499,1.172
-1.488,-2.548
-1.598,-1.295
-1.536,-0.264
-1.6,0.159
-1.579,-1.128
-1.566,-1.041
-1.655,1.061
-1.584,-0.846
-1.628,0.025
-1.713,-1.447
-1.68,-0.849
-1.851,-0.911
-1.808,-0.332
-1.922,-0.359
-1.944,-1.177
-1.949,0.082
-1.968,0.164
-2.204,-2.334
-2.218,-1.003
-2.219,-0.224
-2.217,-2.448
-2.301,-2.647
-2.317,0.867
-2.33,0.591
-2.37,-2.095
-2.437,-2.183
-2.434,0.292
-2.425,-1.799
-2.549,-1.072
-2.576,-1.214
-2.536,-2.39
-2.62,-1.66
-2.632,-1.021
-2.634,-0.236
-2.631,0.765
-2.668,-1.168
-2.723,-1.665
-2.725,1.056
-2.676,-0.482
-2.753,0.192
-2.797,-0.523
-2.763,-0.296
-2.84,-0.576
-2.771,-1.887
-2.795,-1.388
-2.81,-1.503
-2.789,-1.305
-2.817,0.23
-3.042,-2.627
-3.134,-2.189
3.093,-0.354
3.064,-1.991
3.091,1.252
3.07,-0.999
2.999,0.359
2.923,-1.83
2.986,0.529
2.969,0.249
2.894,-0.729
2.904,-1.5
2.781,-1.753
2.727,-1.614
2.567,-0.815
2.593,-1.819
2.581,-0.883
2.499,-1.507
2.443,0.645
2.282,1.042
2.217,-0.776
2.193,-2.446
2.147,-0.507
0.828,-2.763
0.776,-2.769
0.713,-2.96
0.364,-2.843
-0.078,-3.089
-0.076,-2.753
-0.42,-3.053
-0.672,-2.933
-1.095,-2.904
-1.409,-3.013
-1.593,-3.017
-1.655,-2.749
-2.25,-3.14
-2.464,-2.816
-2.844,-2.719
-2.948,-3.087
2.185,-2.775
2.046,1.362
1.535,1.425
1.062,1.369
0.913,1.603
0.881,1.29
0.677,1.488
0.112,1.568
0.023,1.634
-0.393,1.295
-1.391,1.399
-1.676,1.685
-2.584,1.342
-2.674,1.521
-2.801,1.31
-2.938,1.755
-3.118,1.623
3.008,1.599
2.791,1.63
2.838,1.312
2.345,1.472
1.39,0.78
1.409,-1.551
0.474,1.282
0.182,0.953
-0.303,1.196
-0.85,-2.023
-2.461,0.951
-2.935,0.743
2.304,-0.062
2.277,-1.738
1.456,-3.122
-2.236,-2.955
2.754,-2.874
2.647,-2.911
2.175,-3.122
2.161,0.087
2.158,-1.641
1.83,-1.344
1.606,-0.095
1.465,-1.159
1.573,0.941
1.489,0.048
1.337,0.331
1.44,-0.965
1.465,-2.135
1.307,-0.108
1.275,0.736
1.387,-1.038
1.34,0.316
1.179,-1.474
1.275,-1.955
1.041,-0.126
1.053,-1.181
1.163,1.28
1.102,-1.344
1.096,-0.172
1.083,0.81
0.954,-0.348
0.902,0.133
0.864,0.141
0.794,1.271
0.785,-0.157
0.861,-1.579
0.773,1.297
0.599,0.063
0.67,0.046
0.446,-2.376
0.523,-1.162
0.392,-0.69
0.306,-1.443
0.383,-1.107
0.325,-1.061
0.193,-0.784
0.155,0.932
0.097,-0.221
0.204,1.181
0.146,-0.835
-0.008,-0.054
-0.01,-1.612
-0.057,-0.172
0.077,0.796
0.085,0.243
-0.09,-2.51
-0.085,-1.275
-0.136,-1.378
-0.132,-1.477
-0.293,-2.39
-0.195,-0.331
-0.229,0.576
-0.428,0.969
-0.415,-0.897
-0.399,-2.645
-0.427,-1.43
-0.673,0.992
-0.518,-0.115
-0.695,-1.592
-0.796,-2.731
-0.7,-0.11
-0.884,-1.495
-0.786,0.98
-0.846,-1.743
-1.008,0.064
-1.184,-1.314
-1.294,-0.947
-1.241,-2.31
-1.57,-2.697
-1.611,-1.716
-1.634,-1.207
-1.738,1.179
-1.756,0.116
-1.866,-0.061
-1.914,-1.2
-2.003,-0.151
-2.269,-2.477
-2.148,-2.466
-2.23,-1.598
-2.335,1.069
-2.284,-1.547
-2.273,0.648
-2.306,-1.641
-2.409,-0.485
-2.565,0.034
-2.642,0.082
-2.668,-1.381
-2.801,-0.896
-2.771,-2.512
-2.949,0.158
-3.084,0.976
-3.075,0.8
-2.95,0.895
-3.135,1.054
-3.028,-0.32
3.032,-0.015
3.032,-0.23
2.957,0.558
2.977,1.201
2.793,-0.622
2.733,-1.521
2.531,-1.378
2.481,-1.244
2.414,-0.469
2.325,-2.633
2.293,-2.409
2.38,0.927
2.35,-0.351
2.205,-0.471
2.296,0.094
2.317,-0.539
2.139,-3.043
1.817,-2.741
0.921,-3.007
0.364,-2.971
0.469,-2.783
-0.501,-2.704
-0.682,-3.06
-1.149,-3.014
-1.294,-3.118
-1.35,-2.877
-2.661,-2.955
-2.538,-2.908
-2.7,-3.042
-2.567,-2.85
-2.861,-2.936
-2.907,-2.82
-3.034,-3.035
2.618,-2.803
2.648,-2.702
2.471,-2.877
2.069,-2.696
1.906,1.541
1.78,1.653
1.741,1.623
1.634,1.607
1.451,1.557
0.566,1.37
0.034,1.436
-0.199,1.265
-0.541,1.564
-0.888,1.501
-1.76,1.506
-1.985,1.558
-2.334,1.427
-3.118,1.61
2.762,1.228
2.322,1.472
2.136,1.373
2.224,1.571
-0.109,-0.8
-1.305,0.41
-1.873,-1.772
-2.314,-0.862
-2.558,0.894
1.196,-0.262
1.013,-1.964
0.469,-1.97
-0.209,-1.435
-2.029,0.759
-2.372,0.186
-2.377,-0.178
-2.685,-0.933
-3.04,-2.19
-2.977,-0.552
2.965,0.188
2.939,-1.249
2.753,0.641
2.734,0.838
2.681,-0.258
1.991,-0.352
1.806,-1.677
0.281,-0.43
-1.228,-0.414
-2.489,-1.751
0.23,1.075
1.909,-2.821
2.666,-3.169
-0.011,-0.605
-0.05,-0.973
-0.157,-0.237
-0.155,-0.519
-0.221,-1.538
-0.294,-1.168
-0.319,-0.315
-0.328,-1.144
-0.308,-1.834
-0.316,-1.312
-0.365,-1.829
-0.33,-2.232
-0.327,0.488
-0.419,-1.352
-0.366,0.082
-0.425,0.166
-0.474,-0.836
-0.409,-1.004
-0.515,-0.675
-0.519,-0.358
-0.585,-1.066
-0.681,0.574
-0.899,-1.089
-0.911,-2.367
-0.892,-2.809
-0.965,-2.026
-0.932,0.145
-0.96,-0.863
-1.048,0.3
-1.123,-1.4
-1.171,-2.194
-1.117,-2.587
-1.128,0.45
-1.187,0.057
-1.153,0.155
-1.19,-2.109
-1.282,-1.399
-1.496,0.74
-1.485,-2.98
-1.595,-1.727
-1.533,-0.696
-1.597,-0.273
-1.576,-1.56
-1.563,-1.473
-1.652,0.629
-1.581,-1.278
-1.625,-0.407
-1.71,-1.879
-1.677,-1.281
-1.848,-1.343
-1.805,-0.764
-1.919,-0.791
-1.941,-1.609
-1.946,-0.35
-1.965,-0.268
-2.201,-2.766
-2.215,-1.435
-2.216,-0.656
-2.214,-2.88
-2.298,-3.079
-2.314,0.435
-2.327,0.159
-2.367,-2.527
-2.434,-2.615
-2.431,-0.14
-2.422,-2.231
-2.546,-1.504
-2.573,-1.646
-2.533,-2.822
-2.617,-2.092
-2.629,-1.453
-2.631,-0.668
-2.628,0.333
-2.665,-1.6
-2.72,-2.097
-2.722,0.624
-2.673,-0.914
-2.75,-0.24
-2.794,-0.955
-2.76,-0.728
-2.837,-1.008
-2.768,-2.319
-2.792,-1.82
-2.807,-1.935
-2.786,-1.737
-2.814,-0.202
-3.039,-3.059
-3.131,-2.621
3.096,-0.786
3.067,-2.423
3.094,0.82
3.073,-1.431
3.002,-0.073
2.926,-2.262
2.989,0.097
2.972,-0.183
2.897,-1.161
2.907,-1.932
2.784,-2.185
2.73,-2.046
2.57,-1.247
2.596,-2.251
2.584,-1.315
2.502,-1.939
2.446,0.213
2.285,0.61
2.22,-1.208
2.196,-2.878
2.15,-0.939
0.831,-3.195
0.779,-3.201
0.716,-3.392
0.367,-3.275
-0.075,-3.521
-0.073,-3.185
-0.417,-3.485
-0.669,-3.365
-1.092,-3.336
-1.406,-3.445
-1.59,-3.449
-1.652,-3.181
-2.247,-3.572
-2.461,-3.248
-2.841,-3.151
-2.945,-3.519
2.188,-3.207
2.049,0.93
1.538,0.993
1.065,0.937
0.916,1.171
0.884,0.858
0.68,1.056
0.115,1.136
0.026,1.202
-0.39,0.863
-1.388,0.967
-1.673,1.253
-2.581,0.91
-2.671,1.089
-2.798,0.878
-2.935,1.323
-3.115,1.191
3.011,1.167
2.794,1.198
2.841,0.88
2.348,1.04
1.393,0.348
1.412,-1.983
0.477,0.85
0.185,0.521
-0.3,0.764
-0.847,-2.455
-2.458,0.519
-2.932,0.311
2.307,-0.494
2.28,-2.17
1.459,-3.554
-2.233,-3.387
2.757,-3.306
2.65,-3.343
2.178,-3.554
2.164,-0.345
2.161,-2.073
1.833,-1.776
1.609,-0.527
1.468,-1.591
1.576,0.509
1.492,-0.384
1.34,-0.101
1.443,-1.397
1.468,-2.567
1.31,-0.54
1.278,0.304
1.39,-1.47
1.343,-0.116
1.182,-1.906
1.278,-2.387
1.044,-0.558
1.056,-1.613
1.166,0.848
1.105,-1.776
1.099,-0.604
1.086,0.378
0.957,-0.78
0.905,-0.299
0.867,-0.291
0.797,0.839
0.788,-0.589
0.864,-2.011
0.776,0.865
0.602,-0.369
0.673,-0.386
0.449,-2.808
0.526,-1.594
0.395,-1.122
0.309,-1.875
0.386,-1.539
0.328,-1.493
0.196,-1.216
0.158,0.5
0.1,-0.653
0.207,0.749
0.149,-1.267
-0.005,-0.486
-0.007,-2.044
-0.054,-0.604
0.08,0.364
0.088,-0.189
-0.087,-2.942
-0.082,-1.707
-0.133,-1.81
-0.129,-1.909
-0.29,-2.822
-0.192,-0.763
-0.226,0.144
-0.425,0.537
-0.412,-1.329
-0.396,-3.077
-0.424,-1.862
-0.67,0.56
-0.515,-0.547
-0.692,-2.024
-0.793,-3.163
-0.697,-0.542
-0.881,-1.927
-0.783,0.548
-0.843,-2.175
-1.005,-0.368
-1.181,-1.746
-1.291,-1.379
-1.238,-2.742
-1.567,-3.129
-1.608,-2.148
-1.631,-1.639
-1.735,0.747
-1.753,-0.316
-1.863,-0.493
-1.911,-1.632
-2.0,-0.583
-2.266,-2.909
-2.145,-2.898
-2.227,-2.03
-2.332,0.637
-2.281,-1.979
-2.27,0.216
-2.303,-2.073
-2.406,-0.917
-2.562,-0.398
-2.639,-0.35
-2.665,-1.813
-2.798,-1.328
-2.768,-2.944
-2.946,-0.274
-3.081,0.544
-3.072,0.368
-2.947,0.463
-3.132,0.622
-3.025,-0.752
3.035,-0.447
3.035,-0.662
2.96,0.126
2.98,0.769
2.796,-1.054
2.736,-1.953
2.534,-1.81
2.484,-1.676
2.417,-0.901
2.328,-3.065
2.296,-2.841
2.383,0.495
2.353,-0.783
2.208,-0.903
2.299,-0.338
2.32,-0.971
2.142,-3.475
1.82,-3.173
0.924,-3.439
0.367,-3.403
0.472,-3.215
-0.498,-3.136
-0.679,-3.492
-1.146,-3.446
-1.291,-3.55
-1.347,-3.309
-2.658,-3.387
-2.535,-3.34
-2.697,-3.474
-2.564,-3.282
-2.858,-3.368
-2.904,-3.252
-3.031,-3.467
2.621,-3.235
2.651,-3.134
2.474,-3.309
2.072,-3.128
1.909,1.109
1.783,1.221
1.744,1.191
1.637,1.175
1.454,1.125
0.569,0.938
0.037,1.004
-0.196,0.833
-0.538,1.132
-0.885,1.069
-1.757,1.074
-1.982,1.126
-2.331,0.995
-3.115,1.178
2.765,0.796
2.325,1.04
2.139,0.941
2.227,1.139
-0.106,-1.232
-1.302,-0.022
-1.87,-2.204
-2.311,-1.294
-2.555,0.462
1.199,-0.694
1.016,-2.396
0.472,-2.402
-0.206,-1.867
-2.026,0.327
-2.369,-0.246
-2.374,-0.61
-2.682,-1.365
-3.037,-2.622
-2.974,-0.984
2.968,-0.244
2.942,-1.681
2.756,0.209
2.737,0.406
2.684,-0.69
1.994,-0.784
1.809,-2.109
0.284,-0.862
-1.225,-0.846
-2.486,-2.183
0.233,0.643
1.912,-3.253
2.669,-3.601
-0.039,-0.368
-0.146,0.368
-0.144,0.086
-0.21,-0.933
-0.283,-0.563
-0.308,0.29
-0.317,-0.539
-0.297,-1.229
-0.305,-0.707
-0.354,-1.224
-0.319,-1.627
-0.316,1.093
-0.408,-0.747
-0.355,0.687
-0.414,0.771
-0.463,-0.231
-0.398,-0.399
-0.504,-0.07
-0.508,0.247
-0.574,-0.461
-0.67,1.179
-0.888,-0.484
-0.9,-1.762
-0.881,-2.204
-0.954,-1.421
-0.921,0.75
-0.949,-0.258
-1.037,0.905
-1.112,-0.795
-1.16,-1.589
-1.106,-1.982
-1.117,1.055
-1.176,0.662
-1.142,0.76
-1.179,-1.504
-1.271,-0.794
-1.485,1.345
-1.474,-2.375
-1.584,-1.122
-1.522,-0.091
-1.586,0.332
-1.565,-0.955
-1.552,-0.868
-1.641,1.234
-1.57,-0.673
-1.614,0.198
-1.699,-1.274
-1.666,-0.676
-1.837,-0.738
-1.794,-0.159
-1.908,-0.186
-1.93,-1.004
-1.935,0.255
-1.954,0.337
-2.19,-2.161
-2.204,-0.83
-2.205,-0.051
-2.203,-2.275
-2.287,-2.474
-2.303,1.04
-2.316,0.764
-2.356,-1.922
-2.423,-2.01
-2.42,0.465
-2.411,-1.626
-2.535,-0.899
-2.562,-1.041
-2.522,-2.217
-2.606,-1.487
-2.618,-0.848
-2.62,-0.063
-2.617,0.938
-2.654,-0.995
-2.709,-1.492
-2.711,1.229
-2.662,-0.309
-2.739,0.365
-2.783,-0.35
-2.749,-0.123
-2.826,-0.403
-2.757,-1.714
-2.781,-1.215
-2.796,-1.33
-2.775,-1.132
-2.803,0.403
-3.028,-2.454
-3.12,-2.016
3.107,-0.181
3.078,-1.818
3.105,1.425
3.084,-0.826
3.013,0.532
2.937,-1.657
3.0,0.702
2.983,0.422
2.908,-0.556
2.918,-1.327
2.795,-1.58
2.741,-1.441
2.581,-0.642
2.607,-1.646
2.595,-0.71
2.513,-1.334
2.457,0.818
2.296,1.215
2.231,-0.603
2.207,-2.273
2.161,-0.334
0.842,-2.59
0.79,-2.596
0.727,-2.787
0.378,-2.67
-0.064,-2.916
-0.062,-2.58
-0.406,-2.88
-0.658,-2.76
-1.081,-2.731
-1.395,-2.84
-1.579,-2.844
-1.641,-2.576
-2.236,-2.967
-2.45,-2.643
-2.83,-2.546
-2.934,-2.914
2.199,-2.602
2.06,1.535
1.549,1.598
1.076,1.542
0.927,1.776
0.895,1.463
0.691,1.661
0.126,1.741
0.037,1.807
-0.379,1.468
-1.377,1.572
-1.662,1.858
-2.57,1.515
-2.66,1.694
-2.787,1.483
-2.924,1.928
-3.104,1.796
3.022,1.772
2.805,1.803
2.852,1.485
2.359,1.645
1.404,0.953
1.423,-1.378
0.488,1.455
0.196,1.126
-0.289,1.369
-0.836,-1.85
-2.447,1.124
-2.921,0.916
2.318,0.111
2.291,-1.565
1.47,-2.949
-2.222,-2.782
2.768,-2.701
2.661,-2.738
2.189,-2.949
2.175,0.26
2.172,-1.468
1.844,-1.171
1.62,0.078
1.479,-0.986
1.587,1.114
1.503,0.221
1.351,0.504
1.454,-0.792
1.479,-1.962
1.321,0.065
1.289,0.909
1.401,-0.865
1.354,0.489
1.193,-1.301
1.289,-1.782
1.055,0.047
1.067,-1.008
1.177,1.453
1.116,-1.171
1.11,0.001
1.097,0.983
0.968,-0.175
0.916,0.306
0.878,0.314
0.808,1.444
0.799,0.016
0.875,-1.406
0.787,1.47
0.613,0.236
0.684,0.219
0.46,-2.203
0.537,-0.989
0.406,-0.517
0.32,-1.27
0.397,-0.934
0.339,-0.888
0.207,-0.611
0.169,1.105
0.111,-0.048
0.218,1.354
0.16,-0.662
0.006,0.119
0.004,-1.439
-0.043,0.001
0.091,0.969
0.099,0.416
-0.076,-2.337
-0.071,-1.102
-0.122,-1.205
-0.118,-1.304
-0.279,-2.217
-0.181,-0.158
-0.215,0.749
-0.414,1.142
-0.401,-0.724
-0.385,-2.472
-0.413,-1.257
-0.659,1.165
-0.504,0.058
-0.681,-1.419
-0.782,-2.558
-0.686,0.063
-0.87,-1.322
-0.772,1.153
-0.832,-1.57
-0.994,0.237
-1.17,-1.141
-1.28,-0.774
-1.227,-2.137
-1.556,-2.524
-1.597,-1.543
-1.62,-1.034
-1.724,1.352
-1.742,0.289
-1.852,0.112
-1.9,-1.027
-1.989,0.022
-2.255,-2.304
-2.134,-2.293
-2.216,-1.425
-2.321,1.242
-2.27,-1.374
-2.259,0.821
-2.292,-1.468
-2.395,-0.312
-2.551,0.207
-2.628,0.255
-2.654,-1.208
-2.787,-0.723
-2.757,-2.339
-2.935,0.331
-3.07,1.149
-3.061,0.973
-2.936,1.068
-3.121,1.227
-3.014,-0.147
3.046,0.158
3.046,-0.057
2.971,0.731
2.991,1.374
2.807,-0.449
2.747,-1.348
2.545,-1.205
2.495,-1.071
2.428,-0.296
2.339,-2.46
2.307,-2.236
2.394,1.1
2.364,-0.178
2.219,-0.298
2.31,0.267
2.331,-0.366
2.153,-2.87
1.831,-2.568
0.935,-2.834
0.378,-2.798
0.483,-2.61
-0.487,-2.531
-0.668,-2.887
-1.135,-2.841
-1.28,-2.945
-1.336,-2.704
-2.647,-2.782
-2.524,-2.735
-2.686,-2.869
-2.553,-2.677
-2.847,-2.763
-2.893,-2.647
-3.02,-2.862
2.632,-2.63
2.662,-2.529
2.485,-2.704
2.083,-2.523
1.92,1.714
1.794,1.826
1.755,1.796
1.648,1.78
1.465,1.73
0.58,1.543
0.048,1.609
-0.185,1.438
-0.527,1.737
-0.874,1.674
-1.746,1.679
-1.971,1.731
-2.32,1.6
-3.104,1.783
2.776,1.401
2.336,1.645
2.15,1.546
2.238,1.744
-0.095,-0.627
-1.291,0.583
-1.859,-1.599
-2.3,-0.689
-2.544,1.067
1.21,-0.089
1.027,-1.791
0.483,-1.797
-0.195,-1.262
-2.015,0.932
-2.358,0.359
-2.363,-0.005
-2.671,-0.76
-3.026,-2.017
-2.963,-0.379
2.979,0.361
2.953,-1.076
2.767,0.814
2.748,1.011
2.695,-0.085
2.005,-0.179
1.82,-1.504
0.295,-0.257
-1.214,-0.241
-2.475,-1.578
0.244,1.248
1.923,-2.648
2.68,-2.996
-0.107,0.736
-0.105,0.454
-0.171,-0.565
-0.244,-0.195
-0.269,0.658
-0.278,-0.171
-0.258,-0.861
-0.266,-0.339
-0.315,-0.856
-0.28,-1.259
-0.277,1.461
-0.369,-0.379
-0.316,1.055
-0.375,1.139
-0.424,0.137
-0.359,-0.031
-0.465,0.298
-0.469,0.615
-0.535,-0.093
-0.631,1.547
-0.849,-0.116
-0.861,-1.394
-0.842,-1.836
-0.915,-1.053
-0.882,1.118
-0.91,0.11
-0.998,1.273
-1.073,-0.427
-1.121,-1.221
-1.067,-1.614
-1.078,1.423
-1.137,1.03
-1.103,1.128
-1.14,-1.136
-1.232,-0.426
-1.446,1.713
-1.435,-2.007
-1.545,-0.754
-1.483,0.277
-1.547,0.7
-1.526,-0.587
-1.513,-0.5
-1.602,1.602
-1.531,-0.305
-1.575,0.566
-1.66,-0.906
-1.627,-0.308
-1.798,-0.37
-1.755,0.209
-1.869,0.182
-1.891,-0.636
-1.896,0.623
-1.915,0.705
-2.151,-1.793
-2.165,-0.462
-2.166,0.317
-2.164,-1.907
-2.248,-2.106
-2.264,1.408
-2.277,1.132
-2.317,-1.554
-2.384,-1.642
-2.381,0.833
-2.372,-1.258
-2.496,-0.531
-2.523,-0.673
-2.483,-1.849
-2.567,-1.119
-2.579,-0.48
-2.581,0.305
-2.578,1.306
-2.615,-0.627
-2.67,-1.124
-2.672,1.597
-2.623,0.059
-2.7,0.733
-2.744,0.018
-2.71,0.245
-2.787,-0.035
-2.718,-1.346
-2.742,-0.847
-2.757,-0.962
-2.736,-0.764
-2.764,0.771
-2.989,-2.086
-3.081,-1.648
-3.137,0.187
3.117,-1.45
-3.139,1.793
3.123,-0.458
3.052,0.9
2.976,-1.289
3.039,1.07
3.022,0.79
2.947,-0.188
2.957,-0.959
2.834,-1.212
2.78,-1.073
2.62,-0.274
2.646,-1.278
2.634,-0.342
2.552,-0.966
2.496,1.186
2.335,1.583
2.27,-0.235
2.246,-1.905
2.2,0.034
0.881,-2.222
0.829,-2.228
0.766,-2.419
0.417,-2.302
-0.025,-2.548
-0.023,-2.212
-0.367,-2.512
-0.619,-2.392
-1.042,-2.363
-1.356,-2.472
-1.54,-2.476
-1.602,-2.208
-2.197,-2.599
-2.411,-2.275
-2.791,-2.178
-2.895,-2.546
2.238,-2.234
2.099,1.903
1.588,1.966
1.115,1.91
0.966,2.144
0.934,1.831
0.73,2.029
0.165,2.109
0.076,2.175
-0.34,1.836
-1.338,1.94
-1.623,2.226
-2.531,1.883
-2.621,2.062
-2.748,1.851
-2.885,2.296
-3.065,2.164
3.061,2.14
2.844,2.171
2.891,1.853
2.398,2.013
1.443,1.321
1.462,-1.01
0.527,1.823
0.235,1.494
-0.25,1.737
-0.797,-1.482
-2.408,1.492
-2.882,1.284
2.357,0.479
2.33,-1.197
1.509,-2.581
-2.183,-2.414
2.807,-2.333
2.7,-2.37
2.228,-2.581
2.214,0.628
2.211,-1.1
1.883,-0.803
1.659,0.446
1.518,-0.618
1.626,1.482
1.542,0.589
1.39,0.872
1.493,-0.424
1.518,-1.594
1.36,0.433
1.328,1.277
1.44,-0.497
1.393,0.857
1.232,-0.933
1.328,-1.414
1.094,0.415
1.106,-0.64
1.216,1.821
1.155,-0.803
1.149,0.369
1.136,1.351
1.007,0.193
0.955,0.674
0.917,0.682
0.847,1.812
0.838,0.384
0.914,-1.038
0.826,1.838
0.652,0.604
0.723,0.587
0.499,-1.835
0.576,-0.621
0.445,-0.149
0.359,-0.902
0.436,-0.566
0.378,-0.52
0.246,-0.243
0.208,1.473
0.15,0.32
0.257,1.722
0.199,-0.294
0.045,0.487
0.043,-1.071
-0.004,0.369
0.13,1.337
0.138,0.784
-0.037,-1.969
-0.032,-0.734
-0.083,-0.837
-0.079,-0.936
-0.24,-1.849
-0.142,0.21
-0.176,1.117
-0.375,1.51
-0.362,-0.356
-0.346,-2.104
-0.374,-0.889
-0.62,1.533
-0.465,0.426
-0.642,-1.051
-0.743,-2.19
-0.647,0.431
-0.831,-0.954
-0.733,1.521
-0.793,-1.202
-0.955,0.605
-1.131,-0.773
-1.241,-0.406
-1.188,-1.769
-1.517,-2.156
-1.558,-1.175
-1.581,-0.666
-1.685,1.72
-1.703,0.657
-1.813,0.48
-1.861,-0.659
-1.95,0.39
-2.216,-1.936
-2.095,-1.925
-2.177,-1.057
-2.282,1.61
-2.231,-1.006
-2.22,1.189
-2.253,-1.1
-2.356,0.056
-2.512,0.575
-2.589,0.623
-2.615,-0.84
-2.748,-0.355
-2.718,-1.971
-2.896,0.699
-3.031,1.517
-3.022,1.341
-2.897,1.436
-3.082,1.595
-2.975,0.221
3.085,0.526
3.085,0.311
3.01,1.099
3.03,1.742
2.846,-0.081
2.786,-0.98
2.584,-0.837
2.534,-0.703
2.467,0.072
2.378,-2.092
2.346,-1.868
2.433,1.468
2.403,0.19
2.258,0.07
2.349,0.635
2.37,0.002
2.192,-2.502
1.87,-2.2
0.974,-2.466
0.417,-2.43
0.522,-2.242
-0.448,-2.163
-0.629,-2.519
-1.096,-2.473
-1.241,-2.577
-1.297,-2.336
-2.608,-2.414
-2.485,-2.367
-2.647,-2.501
-2.514,-2.309
-2.808,-2.395
-2.854,-2.279
-2.981,-2.494
2.671,-2.262
2.701,-2.161
2.524,-2.336
2.122,-2.155
1.959,2.082
1.833,2.194
1.794,2.164
1.687,2.148
1.504,2.098
0.619,1.911
0.087,1.977
-0.146,1.806
-0.488,2.105
-0.835,2.042
-1.707,2.047
-1.932,2.099
-2.281,1.968
-3.065,2.151
2.815,1.769
2.375,2.013
2.189,1.914
2.277,2.112
-0.056,-0.259
-1.252,0.951
-1.82,-1.231
-2.261,-0.321
-2.505,1.435
1.249,0.279
1.066,-1.423
0.522,-1.429
-0.156,-0.894
-1.976,1.3
-2.319,0.727
-2.324,0.363
-2.632,-0.392
-2.987,-1.649
-2.924,-0.011
3.018,0.729
2.992,-0.708
2.806,1.182
2.787,1.379
2.734,0.283
2.044,0.189
1.859,-1.136
0.334,0.111
-1.175,0.127
-2.436,-1.21
0.283,1.616
1.962,-2.28
2.719,-2.628
0.002,-0.282
-0.064,-1.301
-0.137,-0.931
-0.162,-0.078
-0.171,-0.907
-0.151,-1.597
-0.159,-1.075
-0.208,-1.592
-0.173,-1.995
-0.17,0.725
-0.262,-1.115
-0.209,0.319
-0.268,0.403
-0.317,-0.599
-0.252,-0.767
-0.358,-0.438
-0.362,-0.121
-0.428,-0.829
-0.524,0.811
-0.742,-0.852
-0.754,-2.13
-0.735,-2.572
-0.808,-1.789
-0.775,0.382
-0.803,-0.626
-0.891,0.537
-0.966,-1.163
-1.014,-1.957
-0.96,-2.35
-0.971,0.687
-1.03,0.294
-0.996,0.392
-1.033,-1.872
-1.125,-1.162
-1.339,0.977
-1.328,-2.743
-1.438,-1.49
-1.376,-0.459
-1.44,-0.036
-1.419,-1.323
-1.406,-1.236
-1.495,0.866
-1.424,-1.041
-1.468,-0.17
-1.553,-1.642
-1.52,-1.044
-1.691,-1.106
-1.648,-0.527
-1.762,-0.554
-1.784,-1.372
-1.789,-0.113
-1.808,-0.031
-2.044,-2.529
-2.058,-1.198
-2.059,-0.419
-2.057,-2.643
-2.141,-2.842
-2.157,0.672
-2.17,0.396
-2.21,-2.29
-2.277,-2.378
-2.274,0.097
-2.265,-1.994
-2.389,-1.267
-2.416,-1.409
-2.376,-2.585
-2.46,-1.855
-2.472,-1.216
-2.474,-0.431
-2.471,0.57
-2.508,-1.363
-2.563,-1.86
-2.565,0.861
-2.516,-0.677
-2.593,-0.003
-2.637,-0.718
-2.603,-0.491
-2.68,-0.771
-2.611,-2.082
-2.635,-1.583
-2.65,-1.698
-2.629,-1.5
-2.657,0.035
-2.882,-2.822
-2.974,-2.384
-3.03,-0.549
-3.059,-2.186
-3.032,1.057
-3.053,-1.194
-3.124,0.164
3.083,-2.025
-3.137,0.334
3.129,0.054
3.054,-0.924
3.064,-1.695
2.941,-1.948
2.887,-1.809
2.727,-1.01
2.753,-2.014
2.741,-1.078
2.659,-1.702
2.603,0.45
2.442,0.847
2.377,-0.971
2.353,-2.641
2.307,-0.702
0.988,-2.958
0.936,-2.964
0.873,-3.155
0.524,-3.038
0.082,-3.284
0.084,-2.948
-0.26,-3.248
-0.512,-3.128
-0.935,-3.099
-1.249,-3.208
-1.433,-3.212
-1.495,-2.944
-2.09,-3.335
-2.304,-3.011
-2.684,-2.914
-2.788,-3.282
2.345,-2.97
2.206,1.167
1.695,1.23
1.222,1.174
1.073,1.408
1.041,1.095
0.837,1.293
0.272,1.373
0.183,1.439
-0.233,1.1
-1.231,1.204
-1.516,1.49
-2.424,1.147
-2.514,1.326
-2.641,1.115
-2.778,1.56
-2.958,1.428
-3.115,1.404
2.951,1.435
2.998,1.117
2.505,1.277
1.55,0.585
1.569,-1.746
0.634,1.087
0.342,0.758
-0.143,1.001
-0.69,-2.218
-2.301,0.756
-2.775,0.548
2.464,-0.257
2.437,-1.933
1.616,-3.317
-2.076,-3.15
2.914,-3.069
2.807,-3.106
2.335,-3.317
2.321,-0.108
2.318,-1.836
1.99,-1.539
1.766,-0.29
1.625,-1.354
1.733,0.746
1.649,-0.147
1.497,0.136
1.6,-1.16
1.625,-2.33
1.467,-0.303
1.435,0.541
1.547,-1.233
1.5,0.121
1.339,-1.669
1.435,-2.15
1.201,-0.321
1.213,-1.376
1.323,1.085
1.262,-1.539
1.256,-0.367
1.243,0.615
1.114,-0.543
1.062,-0.062
1.024,-0.054
0.954,1.076
0.945,-0.352
1.021,-1.774
0.933,1.102
0.759,-0.132
0.83,-0.149
0.606,-2.571
0.683,-1.357
0.552,-0.885
0.466,-1.638
0.543,-1.302
0.485,-1.256
0.353,-0.979
0.315,0.737
0.257,-0.416
0.364,0.986
0.306,-1.03
0.152,-0.249
0.15,-1.807
0.103,-0.367
0.237,0.601
0.245,0.048
0.07,-2.705
0.075,-1.47
0.024,-1.573
0.028,-1.672
-0.133,-2.585
-0.035,-0.526
-0.069,0.381
-0.268,0.774
-0.255,-1.092
-0.239,-2.84
-0.267,-1.625
-0.513,0.797
-0.358,-0.31
-0.535,-1.787
-0.636,-2.926
-0.54,-0.305
-0.724,-1.69
-0.626,0.785
-0.686,-1.938
-0.848,-0.131
-1.024,-1.509
-1.134,-1.142
-1.081,-2.505
-1.41,-2.892
-1.451,-1.911
-1.474,-1.402
-1.578,0.984
-1.596,-0.079
-1.706,-0.256
-1.754,-1.395
-1.843,-0.346
-2.109,-2.672
-1.988,-2.661
-2.07,-1.793
-2.175,0.874
-2.124,-1.742
-2.113,0.453
-2.146,-1.836
-2.249,-0.68
-2.405,-0.161
-2.482,-0.113
-2.508,-1.576
-2.641,-1.091
-2.611,-2.707
-2.789,-0.037
-2.924,0.781
-2.915,0.605
-2.79,0.7
-2.975,0.859
-2.868,-0.515
-3.091,-0.21
-3.091,-0.425
3.117,0.363
3.137,1.006
2.953,-0.817
2.893,-1.716
2.691,-1.573
2.641,-1.439
2.574,-0.664
2.485,-2.828
2.453,-2.604
2.54,0.732
2.51,-0.546
2.365,-0.666
2.456,-0.101
2.477,-0.734
2.299,-3.238
1.977,-2.936
1.081,-3.202
0.524,-3.166
0.629,-2.978
-0.341,-2.899
-0.522,-3.255
-0.989,-3.209
-1.134,-3.313
-1.19,-3.072
-2.501,-3.15
-2.378,-3.103
-2.54,-3.237
-2.407,-3.045
-2.701,-3.131
-2.747,-3.015
-2.874,-3.23
2.778,-2.998
2.808,-2.897
2.631,-3.072
2.229,-2.891
2.066,1.346
1.94,1.458
1.901,1.428
1.794,1.412
1.611,1.362
0.726,1.175
0.194,1.241
-0.039,1.07
-0.381,1.369
-0.728,1.306
-1.6,1.311
-1.825,1.363
-2.174,1.232
-2.958,1.415
2.922,1.033
2.482,1.277
2.296,1.178
2.384,1.376
0.051,-0.995
-1.145,0.215
-1.713,-1.967
-2.154,-1.057
-2.398,0.699
1.356,-0.457
1.173,-2.159
0.629,-2.165
-0.049,-1.63
-1.869,0.564
-2.212,-0.009
-2.217,-0.373
-2.525,-1.128
-2.88,-2.385
-2.817,-0.747
3.125,-0.007
3.099,-1.444
2.913,0.446
2.894,0.643
2.841,-0.453
2.151,-0.547
1.966,-1.872
0.441,-0.625
-1.068,-0.609
-2.329,-1.946
0.39,0.88
2.069,-3.016
2.826,-3.364
-0.066,-1.019
-0.139,-0.649
-0.164,0.204
-0.173,-0.625
-0.153,-1.315
-0.161,-0.793
-0.21,-1.31
-0.175,-1.713
-0.172,1.007
-0.264,-0.833
-0.211,0.601
-0.27,0.685
-0.319,-0.317
-0.254,-0.485
-0.36,-0.156
-0.364,0.161
-0.43,-0.547
-0.526,1.093
-0.744,-0.57
-0.756,-1.848
-0.737,-2.29
-0.81,-1.507
-0.777,0.664
-0.805,-0.344
-0.893,0.819
-0.968,-0.881
-1.016,-1.675
-0.962,-2.068
-0.973,0.969
-1.032,0.576
-0.998,0.674
-1.035,-1.59
-1.127,-0.88
-1.341,1.259
-1.33,-2.461
-1.44,-1.208
-1.378,-0.177
-1.442,0.246
-1.421,-1.041
-1.408,-0.954
-1.497,1.148
-1.426,-0.759
-1.47,0.112
-1.555,-1.36
-1.522,-0.762
-1.693,-0.824
-1.65,-0.245
-1.764,-0.272
-1.786,-1.09
-1.791,0.169
-1.81,0.251
-2.046,-2.247
-2.06,-0.916
-2.061,-0.137
-2.059,-2.361
-2.143,-2.56
-2.159,0.954
-2.172,0.678
-2.212,-2.008
-2.279,-2.096
-2.276,0.379
-2.267,-1.712
-2.391,-0.985
-2.418,-1.127
-2.378,-2.303
-2.462,-1.573
-2.474,-0.934
-2.476,-0.149
-2.473,0.852
-2.51,-1.081
-2.565,-1.578
-2.567,1.143
-2.518,-0.395
-2.595,0.279
-2.639,-0.436
-2.605,-0.209
-2.682,-0.489
-2.613,-1.8
-2.637,-1.301
-2.652,-1.416
-2.631,-1.218
-2.659,0.317
-2.884,-2.54
-2.976,-2.102
-3.032,-0.267
-3.061,-1.904
-3.034,1.339
-3.055,-0.912
-3.126,0.446
3.081,-1.743
-3.139,0.616
3.127,0.336
3.052,-0.642
3.062,-1.413
2.939,-1.666
2.885,-1.527
2.725,-0.728
2.751,-1.732
2.739,-0.796
2.657,-1.42
2.601,0.732
2.44,1.129
2.375,-0.689
2.351,-2.359
2.305,-0.42
0.986,-2.676
0.934,-2.682
0.871,-2.873
0.522,-2.756
0.08,-3.002
0.082,-2.666
-0.262,-2.966
-0.514,-2.846
-0.937,-2.817
-1.251,-2.926
-1.435,-2.93
-1.497,-2.662
-2.092,-3.053
-2.306,-2.729
-2.686,-2.632
-2.79,-3.0
2.343,-2.688
2.204,1.449
1.693,1.512
1.22,1.456
1.071,1.69
1.039,1.377
0.835,1.575
0.27,1.655
0.181,1.721
-0.235,1.382
-1.233,1.486
-1.518,1.772
-2.426,1.429
-2.516,1.608
-2.643,1.397
-2.78,1.842
-2.96,1.71
-3.117,1.686
2.949,1.717
2.996,1.399
2.503,1.559
1.548,0.867
1.567,-1.464
0.632,1.369
0.34,1.04
-0.145,1.283
-0.692,-1.936
-2.303,1.038
-2.777,0.83
2.462,0.025
2.435,-1.651
1.614,-3.035
-2.078,-2.868
2.912,-2.787
2.805,-2.824
2.333,-3.035
2.319,0.174
2.316,-1.554
1.988,-1.257
1.764,-0.008
1.623,-1.072
1.731,1.028
1.647,0.135
1.495,0.418
1.598,-0.878
1.623,-2.048
1.465,-0.021
1.433,0.823
1.545,-0.951
1.498,0.403
1.337,-1.387
1.433,-1.868
1.199,-0.039
1.211,-1.094
1.321,1.367
1.26,-1.257
1.254,-0.085
1.241,0.897
1.112,-0.261
1.06,0.22
1.022,0.228
0.952,1.358
0.943,-0.07
1.019,-1.492
0.931,1.384
0.757,0.15
0.828,0.133
0.604,-2.289
0.681,-1.075
0.55,-0.603
0.464,-1.356
0.541,-1.02
0.483,-0.974
0.351,-0.697
0.313,1.019
0.255,-0.134
0.362,1.268
0.304,-0.748
0.15,0.033
0.148,-1.525
0.101,-0.085
0.235,0.883
0.243,0.33
0.068,-2.423
0.073,-1.188
0.022,-1.291
0.026,-1.39
-0.135,-2.303
-0.037,-0.244
-0.071,0.663
-0.27,1.056
-0.257,-0.81
-0.241,-2.558
-0.269,-1.343
-0.515,1.079
-0.36,-0.028
-0.537,-1.505
-0.638,-2.644
-0.542,-0.023
-0.726,-1.408
-0.628,1.067
-0.688,-1.656
-0.85,0.151
-1.026,-1.227
-1.136,-0.86
-1.083,-2.223
-1.412,-2.61
-1.453,-1.629
-1.476,-1.12
-1.58,1.266
-1.598,0.203
-1.708,0.026
-1.756,-1.113
-1.845,-0.064
-2.111,-2.39
-1.99,-2.379
-2.072,-1.511
-2.177,1.156
-2.126,-1.46
-2.115,0.735
-2.148,-1.554
-2.251,-0.398
-2.407,0.121
-2.484,0.169
-2.51,-1.294
-2.643,-0.809
-2.613,-2.425
-2.791,0.245
-2.926,1.063
-2.917,0.887
-2.792,0.982
-2.977,1.141
-2.87,-0.233
-3.093,0.072
-3.093,-0.143
3.115,0.645
3.135,1.288
2.951,-0.535
2.891,-1.434
2.689,-1.291
2.639,-1.157
2.572,-0.382
2.483,-2.546
2.451,-2.322
2.538,1.014
2.508,-0.264
2.363,-0.384
2.454,0.181
2.475,-0.452
2.297,-2.956
1.975,-2.654
1.079,-2.92
0.522,-2.884
0.627,-2.696
-0.343,-2.617
-0.524,-2.973
-0.991,-2.927
-1.136,-3.031
-1.192,-2.79
-2.503,-2.868
-2.38,-2.821
-2.542,-2.955
-2.409,-2.763
-2.703,-2.849
-2.749,-2.733
-2.876,-2.948
2.776,-2.716
2.806,-2.615
2.629,-2.79
2.227,-2.609
2.064,1.628
1.938,1.74
1.899,1.71
1.792,1.694
1.609,1.644
0.724,1.457
0.192,1.523
-0.041,1.352
-0.383,1.651
-0.73,1.588
-1.602,1.593
-1.827,1.645
-2.176,1.514
-2.96,1.697
2.92,1.315
2.48,1.559
2.294,1.46
2.382,1.658
0.049,-0.713
-1.147,0.497
-1.715,-1.685
-2.156,-0.775
-2.4,0.981
1.354,-0.175
1.171,-1.877
0.627,-1.883
-0.051,-1.348
-1.871,0.846
-2.214,0.273
-2.219,-0.091
-2.527,-0.846
-2.882,-2.103
-2.819,-0.465
3.123,0.275
3.097,-1.162
2.911,0.728
2.892,0.925
2.839,-0.171
2.149,-0.265
1.964,-1.59
0.439,-0.343
-1.07,-0.327
-2.331,-1.664
0.388,1.162
2.067,-2.734
2.824,-3.082
-0.073,0.37
-0.098,1.223
-0.107,0.394
-0.087,-0.296
-0.095,0.226
-0.144,-0.291
-0.109,-0.694
-0.106,2.026
-0.198,0.186
-0.145,1.62
-0.204,1.704
-0.253,0.702
-0.188,0.534
-0.294,0.863
-0.298,1.18
-0.364,0.472
-0.46,2.112
-0.678,0.449
-0.69,-0.829
-0.671,-1.271
-0.744,-0.488
-0.711,1.683
-0.739,0.675
-0.827,1.838
-0.902,0.138
-0.95,-0.656
-0.896,-1.049
-0.907,1.988
-0.966,1.595
-0.932,1.693
-0.969,-0.571
-1.061,0.139
-1.275,2.278
-1.264,-1.442
-1.374,-0.189
-1.312,0.842
-1.376,1.265
-1.355,-0.022
-1.342,0.065
-1.431,2.167
-1.36,0.26
-1.404,1.131
-1.489,-0.341
-1.456,0.257
-1.627,0.195
-1.584,0.774
-1.698,0.747
-1.72,-0.071
-1.725,1.188
-1.744,1.27
-1.98,-1.228
-1.994,0.103
-1.995,0.882
-1.993,-1.342
-2.077,-1.541
-2.093,1.973
-2.106,1.697
-2.146,-0.989
-2.213,-1.077
-2.21,1.398
-2.201,-0.693
-2.325,0.034
-2.352,-0.108
-2.312,-1.284
-2.396,-0.554
-2.408,0.085
-2.41,0.87
-2.407,1.871
-2.444,-0.062
-2.499,-0.559
-2.501,2.162
-2.452,0.624
-2.529,1.298
-2.573,0.583
-2.539,0.81
-2.616,0.53
-2.547,-0.781
-2.571,-0.282
-2.586,-0.397
-2.565,-0.199
-2.593,1.336
-2.818,-1.521
-2.91,-1.083
-2.966,0.752
-2.995,-0.885
-2.968,2.358
-2.989,0.107
-3.06,1.465
-3.136,-0.724
-3.073,1.635
-3.09,1.355
3.118,0.377
3.128,-0.394
3.005,-0.647
2.951,-0.508
2.791,0.291
2.817,-0.713
2.805,0.223
2.723,-0.401
2.667,1.751
2.506,2.148
2.441,0.33
2.417,-1.34
2.371,0.599
1.052,-1.657
1.0,-1.663
0.937,-1.854
0.588,-1.737
0.146,-1.983
0.148,-1.647
-0.196,-1.947
-0.448,-1.827
-0.871,-1.798
-1.185,-1.907
-1.369,-1.911
-1.431,-1.643
-2.026,-2.034
-2.24,-1.71
-2.62,-1.613
-2.724,-1.981
2.409,-1.669
2.27,2.468
1.759,2.531
1.286,2.475
1.137,2.709
1.105,2.396
0.901,2.594
0.336,2.674
0.247,2.74
-0.169,2.401
-1.167,2.505
-1.452,2.791
-2.36,2.448
-2.45,2.627
-2.577,2.416
-2.714,2.861
-2.894,2.729
-3.051,2.705
3.015,2.736
3.062,2.418
2.569,2.578
1.614,1.886
1.633,-0.445
0.698,2.388
0.406,2.059
-0.079,2.302
-0.626,-0.917
-2.237,2.057
-2.711,1.849
2.528,1.044
2.501,-0.632
1.68,-2.016
-2.012,-1.849
2.978,-1.768
2.871,-1.805
2.399,-2.016
2.385,1.193
2.382,-0.535
2.054,-0.238
1.83,1.011
1.689,-0.053
1.797,2.047
1.713,1.154
1.561,1.437
1.664,0.141
1.689,-1.029
1.531,0.998
1.499,1.842
1.611,0.068
1.564,1.422
1.403,-0.368
1.499,-0.849
1.265,0.98
1.277,-0.075
1.387,2.386
1.326,-0.238
1.32,0.934
1.307,1.916
1.178,0.758
1.126,1.239
1.088,1.247
1.018,2.377
1.009,0.949
1.085,-0.473
0.997,2.403
0.823,1.169
0.894,1.152
0.67,-1.27
0.747,-0.056
0.616,0.416
0.53,-0.337
0.607,-0.001
0.549,0.045
0.417,0.322
0.379,2.038
0.321,0.885
0.428,2.287
0.37,0.271
0.216,1.052
0.214,-0.506
0.167,0.934
0.301,1.902
0.309,1.349
0.134,-1.404
0.139,-0.169
0.088,-0.272
0.092,-0.371
-0.069,-1.284
0.029,0.775
-0.005,1.682
-0.204,2.075
-0.191,0.209
-0.175,-1.539
-0.203,-0.324
-0.449,2.098
-0.294,0.991
-0.471,-0.486
-0.572,-1.625
-0.476,0.996
-0.66,-0.389
-0.562,2.086
-0.622,-0.637
-0.784,1.17
-0.96,-0.208
-1.07,0.159
-1.017,-1.204
-1.346,-1.591
-1.387,-0.61
-1.41,-0.101
-1.514,2.285
-1.532,1.222
-1.642,1.045
-1.69,-0.094
-1.779,0.955
-2.045,-1.371
-1.924,-1.36
-2.006,-0.492
-2.111,2.175
-2.06,-0.441
-2.049,1.754
-2.082,-0.535
-2.185,0.621
-2.341,1.14
-2.418,1.188
-2.444,-0.275
-2.577,0.21
-2.547,-1.406
-2.725,1.264
-2.86,2.082
-2.851,1.906
-2.726,2.001
-2.911,2.16
-2.804,0.786
-3.027,1.091
-3.027,0.876
-3.102,1.664
-3.082,2.307
3.017,0.484
2.957,-0.415
2.755,-0.272
2.705,-0.138
2.638,0.637
2.549,-1.527
2.517,-1.303
2.604,2.033
2.574,0.755
2.429,0.635
2.52,1.2
2.541,0.567
2.363,-1.937
2.041,-1.635
1.145,-1.901
0.588,-1.865
0.693,-1.677
-0.277,-1.598
-0.458,-1.954
-0.925,-1.908
-1.07,-2.012
-1.126,-1.771
-2.437,-1.849
-2.314,-1.802
-2.476,-1.936
-2.343,-1.744
-2.637,-1.83
-2.683,-1.714
-2.81,-1.929
2.842,-1.697
2.872,-1.596
2.695,-1.771
2.293,-1.59
2.13,2.647
2.004,2.759
1.965,2.729
1.858,2.713
1.675,2.663
0.79,2.476
0.258,2.542
0.025,2.371
-0.317,2.67
-0.664,2.607
-1.536,2.612
-1.761,2.664
-2.11,2.533
-2.894,2.716
2.986,2.334
2.546,2.578
2.36,2.479
2.448,2.677
0.115,0.306
-1.081,1.516
-1.649,-0.666
-2.09,0.244
-2.334,2.0
1.42,0.844
1.237,-0.858
0.693,-0.864
0.015,-0.329
-1.805,1.865
-2.148,1.292
-2.153,0.928
-2.461,0.173
-2.816,-1.084
-2.753,0.554
-3.094,1.294
-3.12,-0.143
2.977,1.747
2.958,1.944
2.905,0.848
2.215,0.754
2.03,-0.571
0.505,0.676
-1.004,0.692
-2.265,-0.645
0.454,2.181
2.133,-1.715
2.89,-2.063
-0.025,0.853
-0.034,0.024
-0.014,-0.666
-0.022,-0.144
-0.071,-0.661
-0.036,-1.064
-0.033,1.656
-0.125,-0.184
-0.072,1.25
-0.131,1.334
-0.18,0.332
-0.115,0.164
-0.221,0.493
-0.225,0.81
-0.291,0.102
-0.387,1.742
-0.605,0.079
-0.617,-1.199
-0.598,-1.641
-0.671,-0.858
-0.638,1.313
-0.666,0.305
-0.754,1.468
-0.829,-0.232
-0.877,-1.026
-0.823,-1.419
-0.834,1.618
-0.893,1.225
-0.859,1.323
-0.896,-0.941
-0.988,-0.231
-1.202,1.908
-1.191,-1.812
-1.301,-0.559
-1.239,0.472
-1.303,0.895
-1.282,-0.392
-1.269,-0.305
-1.358,1.797
-1.287,-0.11
-1.331,0.761
-1.416,-0.711
-1.383,-0.113
-1.554,-0.175
-1.511,0.404
-1.625,0.377
-1.647,-0.441
-1.652,0.818
-1.671,0.9
-1.907,-1.598
-1.921,-0.267
-1.922,0.512
-1.92,-1.712
-2.004,-1.911
-2.02,1.603
-2.033,1.327
-2.073,-1.359
-2.14,-1.447
-2.137,1.028
-2.128,-1.063
-2.252,-0.336
-2.279,-0.478
-2.239,-1.654
-2.323,-0.924
-2.335,-0.285
-2.337,0.5
-2.334,1.501
-2.371,-0.432
-2.426,-0.929
-2.428,1.792
-2.379,0.254
-2.456,0.928
-2.5,0.213
-2.466,0.44
-2.543,0.16
-2.474,-1.151
-2.498,-0.652
-2.513,-0.767
-2.492,-0.569
-2.52,0.966
-2.745,-1.891
-2.837,-1.453
-2.893,0.382
-2.922,-1.255
-2.895,1.988
-2.916,-0.263
-2.987,1.095
-3.063,-1.094
-3.0,1.265
-3.017,0.985
-3.092,0.007
-3.082,-0.764
3.078,-1.017
3.024,-0.878
2.864,-0.079
2.89,-1.083
2.878,-0.147
2.796,-0.771
2.74,1.381
2.579,1.778
2.514,-0.04
2.49,-1.71
2.444,0.229
1.125,-2.027
1.073,-2.033
1.01,-2.224
0.661,-2.107
0.219,-2.353
0.221,-2.017
-0.123,-2.317
-0.375,-2.197
-0.798,-2.168
-1.112,-2.277
-1.296,-2.281
-1.358,-2.013
-1.953,-2.404
-2.167,-2.08
-2.547,-1.983
-2.651,-2.351
2.482,-2.039
2.343,2.098
1.832,2.161
1.359,2.105
1.21,2.339
1.178,2.026
0.974,2.224
0.409,2.304
0.32,2.37
-0.096,2.031
-1.094,2.135
-1.379,2.421
-2.287,2.078
-2.377,2.257
-2.504,2.046
-2.641,2.491
-2.821,2.359
-2.978,2.335
3.088,2.366
3.135,2.048
2.642,2.208
1.687,1.516
1.706,-0.815
0.771,2.018
0.479,1.689
-0.006,1.932
-0.553,-1.287
-2.164,1.687
-2.638,1.479
2.601,0.674
2.574,-1.002
1.753,-2.386
-1.939,-2.219
3.051,-2.138
2.944,-2.175
2.472,-2.386
2.458,0.823
2.455,-0.905
2.127,-0.608
1.903,0.641
1.762,-0.423
1.87,1.677
1.786,0.784
1.634,1.067
1.737,-0.229
1.762,-1.399
1.604,0.628
1.572,1.472
1.684,-0.302
1.637,1.052
1.476,-0.738
1.572,-1.219
1.338,0.61
1.35,-0.445
1.46,2.016
1.399,-0.608
1.393,0.564
1.38,1.546
1.251,0.388
1.199,0.869
1.161,0.877
1.091,2.007
1.082,0.579
1.158,-0.843
1.07,2.033
0.896,0.799
0.967,0.782
0.743,-1.64
0.82,-0.426
0.689,0.046
0.603,-0.707
0.68,-0.371
0.622,-0.325
0.49,-0.048
0.452,1.668
0.394,0.515
0.501,1.917
0.443,-0.099
0.289,0.682
0.287,-0.876
0.24,0.564
0.374,1.532
0.382,0.979
0.207,-1.774
0.212,-0.539
0.161,-0.642
0.165,-0.741
0.004,-1.654
0.102,0.405
0.068,1.312
-0.131,1.705
-0.118,-0.161
-0.102,-1.909
-0.13,-0.694
-0.376,1.728
-0.221,0.621
-0.398,-0.856
-0.499,-1.995
-0.403,0.626
-0.587,-0.759
-0.489,1.716
-0.549,-1.007
-0.711,0.8
-0.887,-0.578
-0.997,-0.211
-0.944,-1.574
-1.273,-1.961
-1.314,-0.98
-1.337,-0.471
-1.441,1.915
-1.459,0.852
-1.569,0.675
-1.617,-0.464
-1.706,0.585
-1.972,-1.741
-1.851,-1.73
-1.933,-0.862
-2.038,1.805
-1.987,-0.811
-1.976,1.384
-2.009,-0.905
-2.112,0.251
-2.268,0.77
-2.345,0.818
-2.371,-0.645
-2.504,-0.16
-2.474,-1.776
-2.652,0.894
-2.787,1.712
-2.778,1.536
-2.653,1.631
-2.838,1.79
-2.731,0.416
-2.954,0.721
-2.954,0.506
-3.029,1.294
-3.009,1.937
3.09,0.114
3.03,-0.785
2.828,-0.642
2.778,-0.508
2.711,0.267
2.622,-1.897
2.59,-1.673
2.677,1.663
2.647,0.385
2.502,0.265
2.593,0.83
2.614,0.197
2.436,-2.307
2.114,-2.005
1.218,-2.271
0.661,-2.235
0.766,-2.047
-0.204,-1.968
-0.385,-2.324
-0.852,-2.278
-0.997,-2.382
-1.053,-2.141
-2.364,-2.219
-2.241,-2.172
-2.403,-2.306
-2.27,-2.114
-2.564,-2.2
-2.61,-2.084
-2.737,-2.299
2.915,-2.067
2.945,-1.966
2.768,-2.141
2.366,-1.96
2.203,2.277
2.077,2.389
2.038,2.359
1.931,2.343
1.748,2.293
0.863,2.106
0.331,2.172
0.098,2.001
-0.244,2.3
-0.591,2.237
-1.463,2.242
-1.688,2.294
-2.037,2.163
-2.821,2.346
3.059,1.964
2.619,2.208
2.433,2.109
2.521,2.307
0.188,-0.064
-1.008,1.146
-1.576,-1.036
-2.017,-0.126
-2.261,1.63
1.493,0.474
1.31,-1.228
0.766,-1.234
0.088,-0.699
-1.732,1.495
-2.075,0.922
-2.08,0.558
-2.388,-0.197
-2.743,-1.454
-2.68,0.184
-3.021,0.924
-3.047,-0.513
3.05,1.377
3.031,1.574
2.978,0.478
2.288,0.384
2.103,-0.941
0.578,0.306
-0.931,0.322
-2.192,-1.015
0.527,1.811
2.206,-2.085
2.963,-2.433
-0.009,-0.829
0.011,-1.519
0.003,-0.997
-0.046,-1.514
-0.011,-1.917
-0.008,0.803
-0.1,-1.037
-0.047,0.397
-0.106,0.481
-0.155,-0.521
-0.09,-0.689
-0.196,-0.36
-0.2,-0.043
-0.266,-0.751
-0.362,0.889
-0.58,-0.774
-0.592,-2.052
-0.573,-2.494
-0.646,-1.711
-0.613,0.46
-0.641,-0.548
-0.729,0.615
-0.804,-1.085
-0.852,-1.879
-0.798,-2.272
-0.809,0.765
-0.868,0.372
-0.834,0.47
-0.871,-1.794
-0.963,-1.084
-1.177,1.055
-1.166,-2.665
-1.276,-1.412
-1.214,-0.381
-1.278,0.042
-1.257,-1.245
-1.244,-1.158
-1.333,0.944
-1.262,-0.963
-1.306,-0.092
-1.391,-1.564
-1.358,-0.966
-1.529,-1.028
-1.486,-0.449
-1.6,-0.476
-1.622,-1.294
-1.627,-0.035
-1.646,0.047
-1.882,-2.451
-1.896,-1.12
-1.897,-0.341
-1.895,-2.565
-1.979,-2.764
-1.995,0.75
-2.008,0.474
-2.048,-2.212
-2.115,-2.3
-2.112,0.175
-2.103,-1.916
-2.227,-1.189
-2.254,-1.331
-2.214,-2.507
-2.298,-1.777
-2.31,-1.138
-2.312,-0.353
-2.309,0.648
-2.346,-1.285
-2.401,-1.782
-2.403,0.939
-2.354,-0.599
-2.431,0.075
-2.475,-0.64
-2.441,-0.413
-2.518,-0.693
-2.449,-2.004
-2.473,-1.505
-2.488,-1.62
-2.467,-1.422
-2.495,0.113
-2.72,-2.744
-2.812,-2.306
-2.868,-0.471
-2.897,-2.108
-2.87,1.135
-2.891,-1.116
-2.962,0.242
-3.038,-1.947
-2.975,0.412
-2.992,0.132
-3.067,-0.846
-3.057,-1.617
3.103,-1.87
3.049,-1.731
2.889,-0.932
2.915,-1.936
2.903,-1.0
2.821,-1.624
2.765,0.528
2.604,0.925
2.539,-0.893
2.515,-2.563
2.469,-0.624
1.15,-2.88
1.098,-2.886
1.035,-3.077
0.686,-2.96
0.244,-3.206
0.246,-2.87
-0.098,-3.17
-0.35,-3.05
-0.773,-3.021
-1.087,-3.13
-1.271,-3.134
-1.333,-2.866
-1.928,-3.257
-2.142,-2.933
-2.522,-2.836
-2.626,-3.204
2.507,-2.892
2.368,1.245
1.857,1.308
1.384,1.252
1.235,1.486
1.203,1.173
0.999,1.371
0.434,1.451
0.345,1.517
-0.071,1.178
-1.069,1.282
-1.354,1.568
-2.262,1.225
-2.352,1.404
-2.479,1.193
-2.616,1.638
-2.796,1.506
-2.953,1.482
3.113,1.513
-3.123,1.195
2.667,1.355
1.712,0.663
1.731,-1.668
0.796,1.165
0.504,0.836
0.019,1.079
-0.528,-2.14
-2.139,0.834
-2.613,0.626
2.626,-0.179
2.599,-1.855
1.778,-3.239
-1.914,-3.072
3.076,-2.991
2.969,-3.028
2.497,-3.239
2.483,-0.03
2.48,-1.758
2.152,-1.461
1.928,-0.212
1.787,-1.276
1.895,0.824
1.811,-0.069
1.659,0.214
1.762,-1.082
1.787,-2.252
1.629,-0.225
1.597,0.619
1.709,-1.155
1.662,0.199
1.501,-1.591
1.597,-2.072
1.363,-0.243
1.375,-1.298
1.485,1.163
1.424,-1.461
1.418,-0.289
1.405,0.693
1.276,-0.465
1.224,0.016
1.186,0.024
1.116,1.154
1.107,-0.274
1.183,-1.696
1.095,1.18
0.921,-0.054
0.992,-0.071
0.768,-2.493
0.845,-1.279
0.714,-0.807
0.628,-1.56
0.705,-1.224
0.647,-1.178
0.515,-0.901
0.477,0.815
0.419,-0.338
0.526,1.064
0.468,-0.952
0.314,-0.171
0.312,-1.729
0.265,-0.289
0.399,0.679
0.407,0.126
0.232,-2.627
0.237,-1.392
0.186,-1.495
0.19,-1.594
0.029,-2.507
0.127,-0.448
0.093,0.459
-0.106,0.852
-0.093,-1.014
-0.077,-2.762
-0.105,-1.547
-0.351,0.875
-0.196,-0.232
-0.373,-1.709
-0.474,-2.848
-0.378,-0.227
-0.562,-1.612
-0.464,0.863
-0.524,-1.86
-0.686,-0.053
-0.862,-1.431
-0.972,-1.064
-0.919,-2.427
-1.248,-2.814
-1.289,-1.833
-1.312,-1.324
-1.416,1.062
-1.434,-0.001
-1.544,-0.178
-1.592,-1.317
-1.681,-0.268
-1.947,-2.594
-1.826,-2.583
-1.908,-1.715
-2.013,0.952
-1.962,-1.664
-1.951,0.531
-1.984,-1.758
-2.087,-0.602
-2.243,-0.083
-2.32,-0.035
-2.346,-1.498
-2.479,-1.013
-2.449,-2.629
-2.627,0.041
-2.762,0.859
-2.753,0.683
-2.628,0.778
-2.813,0.937
-2.706,-0.437
-2.929,-0.132
-2.929,-0.347
-3.004,0.441
-2.984,1.084
3.115,-0.739
3.055,-1.638
2.853,-1.495
2.803,-1.361
2.736,-0.586
2.647,-2.75
2.615,-2.526
2.702,0.81
2.672,-0.468
2.527,-0.588
2.618,-0.023
2.639,-0.656
2.461,-3.16
2.139,-2.858
1.243,-3.124
0.686,-3.088
0.791,-2.9
-0.179,-2.821
-0.36,-3.177
-0.827,-3.131
-0.972,-3.235
-1.028,-2.994
-2.339,-3.072
-2.216,-3.025
-2.378,-3.159
-2.245,-2.967
-2.539,-3.053
-2.585,-2.937
-2.712,-3.152
2.94,-2.92
2.97,-2.819
2.793,-2.994
2.391,-2.813
2.228,1.424
2.102,1.536
2.063,1.506
1.956,1.49
1.773,1.44
0.888,1.253
0.356,1.319
0.123,1.148
-0.219,1.447
-0.566,1.384
-1.438,1.389
-1.663,1.441
-2.012,1.31
-2.796,1.493
3.084,1.111
2.644,1.355
2.458,1.256
2.546,1.454
0.213,-0.917
-0.983,0.293
-1.551,-1.889
-1.992,-0.979
-2.236,0.777
1.518,-0.379
1.335,-2.081
0.791,-2.087
0.113,-1.552
-1.707,0.642
-2.05,0.069
-2.055,-0.295
-2.363,-1.05
-2.718,-2.307
-2.655,-0.669
-2.996,0.071
-3.022,-1.366
3.075,0.524
3.056,0.721
3.003,-0.375
2.313,-0.469
2.128,-1.794
0.603,-0.547
-0.906,-0.531
-2.167,-1.868
0.552,0.958
2.231,-2.938
2.988,-3.286
0.02,-0.69
0.012,-0.168
-0.037,-0.685
-0.002,-1.088
0.001,1.632
-0.091,-0.208
-0.038,1.226
-0.097,1.31
-0.146,0.308
-0.081,0.14
-0.187,0.469
-0.191,0.786
-0.257,0.078
-0.353,1.718
-0.571,0.055
-0.583,-1.223
-0.564,-1.665
-0.637,-0.882
-0.604,1.289
-0.632,0.281
-0.72,1.444
-0.795,-0.256
-0.843,-1.05
-0.789,-1.443
-0.8,1.594
-0.859,1.201
-0.825,1.299
-0.862,-0.965
-0.954,-0.255
-1.168,1.884
-1.157,-1.836
-1.267,-0.583
-1.205,0.448
-1.269,0.871
-1.248,-0.416
-1.235,-0.329
-1.324,1.773
-1.253,-0.134
-1.297,0.737
-1.382,-0.735
-1.349,-0.137
-1.52,-0.199
-1.477,0.38
-1.591,0.353
-1.613,-0.465
-1.618,0.794
-1.637,0.876
-1.873,-1.622
-1.887,-0.291
-1.888,0.488
-1.886,-1.736
-1.97,-1.935
-1.986,1.579
-1.999,1.303
-2.039,-1.383
-2.106,-1.471
-2.103,1.004
-2.094,-1.087
-2.218,-0.36
-2.245,-0.502
-2.205,-1.678
-2.289,-0.948
-2.301,-0.309
-2.303,0.476
-2.3,1.477
-2.337,-0.456
-2.392,-0.953
-2.394,1.768
-2.345,0.23
-2.422,0.904
-2.466,0.189
-2.432,0.416
-2.509,0.136
-2.44,-1.175
-2.464,-0.676
-2.479,-0.791
-2.458,-0.593
-2.486,0.942
-2.711,-1.915
-2.803,-1.477
-2.859,0.358
-2.888,-1.279
-2.861,1.964
-2.882,-0.287
-2.953,1.071
-3.029,-1.118
-2.966,1.241
-2.983,0.961
-3.058,-0.017
-3.048,-0.788
3.112,-1.041
3.058,-0.902
2.898,-0.103
2.924,-1.107
2.912,-0.171
2.83,-0.795
2.774,1.357
2.613,1.754
2.548,-0.064
2.524,-1.734
2.478,0.205
1.159,-2.051
1.107,-2.057
1.044,-2.248
0.695,-2.131
0.253,-2.377
0.255,-2.041
-0.089,-2.341
-0.341,-2.221
-0.764,-2.192
-1.078,-2.301
-1.262,-2.305
-1.324,-2.037
-1.919,-2.428
-2.133,-2.104
-2.513,-2.007
-2.617,-2.375
2.516,-2.063
2.377,2.074
1.866,2.137
1.393,2.081
1.244,2.315
1.212,2.002
1.008,2.2
0.443,2.28
0.354,2.346
-0.062,2.007
-1.06,2.111
-1.345,2.397
-2.253,2.054
-2.343,2.233
-2.47,2.022
-2.607,2.467
-2.787,2.335
-2.944,2.311
3.122,2.342
-3.114,2.024
2.676,2.184
1.721,1.492
1.74,-0.839
0.805,1.994
0.513,1.665
0.028,1.908
-0.519,-1.311
-2.13,1.663
-2.604,1.455
2.635,0.65
2.608,-1.026
1.787,-2.41
-1.905,-2.243
3.085,-2.162
2.978,-2.199
2.506,-2.41
2.492,0.799
2.489,-0.929
2.161,-0.632
1.937,0.617
1.796,-0.447
1.904,1.653
1.82,0.76
1.668,1.043
1.771,-0.253
1.796,-1.423
1.638,0.604
1.606,1.448
1.718,-0.326
1.671,1.028
1.51,-0.762
1.606,-1.243
1.372,0.586
1.384,-0.469
1.494,1.992
1.433,-0.632
1.427,0.54
1.414,1.522
1.285,0.364
1.233,0.845
1.195,0.853
1.125,1.983
1.116,0.555
1.192,-0.867
1.104,2.009
0.93,0.775
1.001,0.758
0.777,-1.664
0.854,-0.45
0.723,0.022
0.637,-0.731
0.714,-0.395
0.656,-0.349
0.524,-0.072
0.486,1.644
0.428,0.491
0.535,1.893
0.477,-0.123
0.323,0.658
0.321,-0.9
0.274,0.54
0.408,1.508
0.416,0.955
0.241,-1.798
0.246,-0.563
0.195,-0.666
0.199,-0.765
0.038,-1.678
0.136,0.381
0.102,1.288
-0.097,1.681
-0.084,-0.185
-0.068,-1.933
-0.096,-0.718
-0.342,1.704
-0.187,0.597
-0.364,-0.88
-0.465,-2.019
-0.369,0.602
-0.553,-0.783
-0.455,1.692
-0.515,-1.031
-0.677,0.776
-0.853,-0.602
-0.963,-0.235
-0.91,-1.598
-1.239,-1.985
-1.28,-1.004
-1.303,-0.495
-1.407,1.891
-1.425,0.828
-1.535,0.651
-1.583,-0.488
-1.672,0.561
-1.938,-1.765
-1.817,-1.754
-1.899,-0.886
-2.004,1.781
-1.953,-0.835
-1.942,1.36
-1.975,-0.929
-2.078,0.227
-2.234,0.746
-2.311,0.794
-2.337,-0.669
-2.47,-0.184
-2.44,-1.8
-2.618,0.87
-2.753,1.688
-2.744,1.512
-2.619,1.607
-2.804,1.766
-2.697,0.392
-2.92,0.697
-2.92,0.482
-2.995,1.27
-2.975,1.913
3.124,0.09
3.064,-0.809
2.862,-0.666
2.812,-0.532
2.745,0.243
2.656,-1.921
2.624,-1.697
2.711,1.639
2.681,0.361
2.536,0.241
2.627,0.806
2.648,0.173
2.47,-2.331
2.148,-2.029
1.252,-2.295
0.695,-2.259
0.8,-2.071
-0.17,-1.992
-0.351,-2.348
-0.818,-2.302
-0.963,-2.406
-1.019,-2.165
-2.33,-2.243
-2.207,-2.196
-2.369,-2.33
-2.236,-2.138
-2.53,-2.224
-2.576,-2.108
-2.703,-2.323
2.949,-2.091
2.979,-1.99
2.802,-2.165
2.4,-1.984
2.237,2.253
2.111,2.365
2.072,2.335
1.965,2.319
1.782,2.269
0.897,2.082
0.365,2.148
0.132,1.977
-0.21,2.276
-0.557,2.213
-1.429,2.218
-1.654,2.27
-2.003,2.139
-2.787,2.322
3.093,1.94
2.653,2.184
2.467,2.085
2.555,2.283
0.222,-0.088
-0.974,1.122
-1.542,-1.06
-1.983,-0.15
-2.227,1.606
1.527,0.45
1.344,-1.252
0.8,-1.258
0.122,-0.723
-1.698,1.471
-2.041,0.898
-2.046,0.534
-2.354,-0.221
-2.709,-1.478
-2.646,0.16
-2.987,0.9
-3.013,-0.537
3.084,1.353
3.065,1.55
3.012,0.454
2.322,0.36
2.137,-0.965
0.612,0.282
-0.897,0.298
-2.158,-1.039
0.561,1.787
2.24,-2.109
2.997,-2.457
-0.008,0.522
-0.057,0.005
-0.022,-0.398
-0.019,2.322
-0.111,0.482
-0.058,1.916
-0.117,2.0
-0.166,0.998
-0.101,0.83
-0.207,1.159
-0.211,1.476
-0.277,0.768
-0.373,2.408
-0.591,0.745
-0.603,-0.533
-0.584,-0.975
-0.657,-0.192
-0.624,1.979
-0.652,0.971
-0.74,2.134
-0.815,0.434
-0.863,-0.36
-0.809,-0.753
-0.82,2.284
-0.879,1.891
-0.845,1.989
-0.882,-0.275
-0.974,0.435
-1.188,2.574
-1.177,-1.146
-1.287,0.107
-1.225,1.138
-1.289,1.561
-1.268,0.274
-1.255,0.361
-1.344,2.463
-1.273,0.556
-1.317,1.427
-1.402,-0.045
-1.369,0.553
-1.54,0.491
-1.497,1.07
-1.611,1.043
-1.633,0.225
-1.638,1.484
-1.657,1.566
-1.893,-0.932
-1.907,0.399
-1.908,1.178
-1.906,-1.046
-1.99,-1.245
-2.006,2.269
-2.019,1.993
-2.059,-0.693
-2.126,-0.781
-2.123,1.694
-2.114,-0.397
-2.238,0.33
-2.265,0.188
-2.225,-0.988
-2.309,-0.258
-2.321,0.381
-2.323,1.166
-2.32,2.167
-2.357,0.234
-2.412,-0.263
-2.414,2.458
-2.365,0.92
-2.442,1.594
-2.486,0.879
-2.452,1.106
-2.529,0.826
-2.46,-0.485
-2.484,0.014
-2.499,-0.101
-2.478,0.097
-2.506,1.632
-2.731,-1.225
-2.823,-0.787
-2.879,1.048
-2.908,-0.589
-2.881,2.654
-2.902,0.403
-2.973,1.761
-3.049,-0.428
-2.986,1.931
-3.003,1.651
-3.078,0.673
-3.068,-0.098
3.092,-0.351
3.038,-0.212
2.878,0.587
2.904,-0.417
2.892,0.519
2.81,-0.105
2.754,2.047
2.593,2.444
2.528,0.626
2.504,-1.044
2.458,0.895
1.139,-1.361
1.087,-1.367
1.024,-1.558
0.675,-1.441
0.233,-1.687
0.235,-1.351
-0.109,-1.651
-0.361,-1.531
-0.784,-1.502
-1.098,-1.611
-1.282,-1.615
-1.344,-1.347
-1.939,-1.738
-2.153,-1.414
-2.533,-1.317
-2.637,-1.685
2.496,-1.373
2.357,2.764
1.846,2.827
1.373,2.771
1.224,3.005
1.192,2.692
0.988,2.89
0.423,2.97
0.334,3.036
-0.082,2.697
-1.08,2.801
-1.365,3.087
-2.273,2.744
-2.363,2.923
-2.49,2.712
-2.627,3.157
-2.807,3.025
-2.964,3.001
3.102,3.032
-3.134,2.714
2.656,2.874
1.701,2.182
1.72,-0.149
0.785,2.684
0.493,2.355
0.008,2.598
-0.539,-0.621
-2.15,2.353
-2.624,2.145
2.615,1.34
2.588,-0.336
1.767,-1.72
-1.925,-1.553
3.065,-1.472
2.958,-1.509
2.486,-1.72
2.472,1.489
2.469,-0.239
2.141,0.058
1.917,1.307
1.776,0.243
1.884,2.343
1.8,1.45
1.648,1.733
1.751,0.437
1.776,-0.733
1.618,1.294
1.586,2.138
1.698,0.364
1.651,1.718
1.49,-0.072
1.586,-0.553
1.352,1.276
1.364,0.221
1.474,2.682
1.413,0.058
1.407,1.23
1.394,2.212
1.265,1.054
1.213,1.535
1.175,1.543
1.105,2.673
1.096,1.245
1.172,-0.177
1.084,2.699
0.91,1.465
0.981,1.448
0.757,-0.974
0.834,0.24
0.703,0.712
0.617,-0.041
0.694,0.295
0.636,0.341
0.504,0.618
0.466,2.334
0.408,1.181
0.515,2.583
0.457,0.567
0.303,1.348
0.301,-0.21
0.254,1.23
0.388,2.198
0.396,1.645
0.221,-1.108
0.226,0.127
0.175,0.024
0.179,-0.075
0.018,-0.988
0.116,1.071
0.082,1.978
-0.117,2.371
-0.104,0.505
-0.088,-1.243
-0.116,-0.028
-0.362,2.394
-0.207,1.287
-0.384,-0.19
-0.485,-1.329
-0.389,1.292
-0.573,-0.093
-0.475,2.382
-0.535,-0.341
-0.697,1.466
-0.873,0.088
-0.983,0.455
-0.93,-0.908
-1.259,-1.295
-1.3,-0.314
-1.323,0.195
-1.427,2.581
-1.445,1.518
-1.555,1.341
-1.603,0.202
-1.692,1.251
-1.958,-1.075
-1.837,-1.064
-1.919,-0.196
-2.024,2.471
-1.973,-0.145
-1.962,2.05
-1.995,-0.239
-2.098,0.917
-2.254,1.436
-2.331,1.484
-2.357,0.021
-2.49,0.506
-2.46,-1.11
-2.638,1.56
-2.773,2.378
-2.764,2.202
-2.639,2.297
-2.824,2.456
-2.717,1.082
-2.94,1.387
-2.94,1.172
-3.015,1.96
-2.995,2.603
3.104,0.78
3.044,-0.119
2.842,0.024
2.792,0.158
2.725,0.933
2.636,-1.231
2.604,-1.007
2.691,2.329
2.661,1.051
2.516,0.931
2.607,1.496
2.628,0.863
2.45,-1.641
2.128,-1.339
1.232,-1.605
0.675,-1.569
0.78,-1.381
-0.19,-1.302
-0.371,-1.658
-0.838,-1.612
-0.983,-1.716
-1.039,-1.475
-2.35,-1.553
-2.227,-1.506
-2.389,-1.64
-2.256,-1.448
-2.55,-1.534
-2.596,-1.418
-2.723,-1.633
2.929,-1.401
2.959,-1.3
2.782,-1.475
2.38,-1.294
2.217,2.943
2.091,3.055
2.052,3.025
1.945,3.009
1.762,2.959
0.877,2.772
0.345,2.838
0.112,2.667
-0.23,2.966
-0.577,2.903
-1.449,2.908
-1.674,2.96
-2.023,2.829
-2.807,3.012
3.073,2.63
2.633,2.874
2.447,2.775
2.535,2.973
0.202,0.602
-0.994,1.812
-1.562,-0.37
-2.003,0.54
-2.247,2.296
1.507,1.14
1.324,-0.562
0.78,-0.568
0.102,-0.033
-1.718,2.161
-2.061,1.588
-2.066,1.224
-2.374,0.469
-2.729,-0.788
-2.666,0.85
-3.007,1.59
-3.033,0.153
3.064,2.043
3.045,2.24
2.992,1.144
2.302,1.05
2.117,-0.275
0.592,0.972
-0.917,0.988
-2.178,-0.349
0.541,2.477
2.22,-1.419
2.977,-1.767
-0.049,-0.517
-0.014,-0.92
-0.011,1.8
-0.103,-0.04
-0.05,1.394
-0.109,1.478
-0.158,0.476
-0.093,0.308
-0.199,0.637
-0.203,0.954
-0.269,0.246
-0.365,1.886
-0.583,0.223
-0.595,-1.055
-0.576,-1.497
-0.649,-0.714
-0.616,1.457
-0.644,0.449
-0.732,1.612
-0.807,-0.088
-0.855,-0.882
-0.801,-1.275
-0.812,1.762
-0.871,1.369
-0.837,1.467
-0.874,-0.797
-0.966,-0.087
-1.18,2.052
-1.169,-1.668
-1.279,-0.415
-1.217,0.616
-1.281,1.039
-1.26,-0.248
-1.247,-0.161
-1.336,1.941
-1.265,0.034
-1.309,0.905
-1.394,-0.567
-1.361,0.031
-1.532,-0.031
-1.489,0.548
-1.603,0.521
-1.625,-0.297
-1.63,0.962
-1.649,1.044
-1.885,-1.454
-1.899,-0.123
-1.9,0.656
-1.898,-1.568
-1.982,-1.767
-1.998,1.747
-2.011,1.471
-2.051,-1.215
-2.118,-1.303
-2.115,1.172
-2.106,-0.919
-2.23,-0.192
-2.257,-0.334
-2.217,-1.51
-2.301,-0.78
-2.313,-0.141
-2.315,0.644
-2.312,1.645
-2.349,-0.288
-2.404,-0.785
-2.406,1.936
-2.357,0.398
-2.434,1.072
-2.478,0.357
-2.444,0.584
-2.521,0.304
-2.452,-1.007
-2.476,-0.508
-2.491,-0.623
-2.47,-0.425
-2.498,1.11
-2.723,-1.747
-2.815,-1.309
-2.871,0.526
-2.9,-1.111
-2.873,2.132
-2.894,-0.119
-2.965,1.239
-3.041,-0.95
-2.978,1.409
-2.995,1.129
-3.07,0.151
-3.06,-0.62
3.1,-0.873
3.046,-0.734
2.886,0.065
2.912,-0.939
2.9,-0.003
2.818,-0.627
2.762,1.525
2.601,1.922
2.536,0.104
2.512,-1.566
2.466,0.373
1.147,-1.883
1.095,-1.889
1.032,-2.08
0.683,-1.963
0.241,-2.209
0.243,-1.873
-0.101,-2.173
-0.353,-2.053
-0.776,-2.024
-1.09,-2.133
-1.274,-2.137
-1.336,-1.869
-1.931,-2.26
-2.145,-1.936
-2.525,-1.839
-2.629,-2.207
2.504,-1.895
2.365,2.242
1.854,2.305
1.381,2.249
1.232,2.483
1.2,2.17
0.996,2.368
0.431,2.448
0.342,2.514
-0.074,2.175
-1.072,2.279
-1.357,2.565
-2.265,2.222
-2.355,2.401
-2.482,2.19
-2.619,2.635
-2.799,2.503
-2.956,2.479
3.11,2.51
-3.126,2.192
2.664,2.352
1.709,1.66
1.728,-0.671
0.793,2.162
0.501,1.833
0.016,2.076
-0.531,-1.143
-2.142,1.831
-2.616,1.623
2.623,0.818
2.596,-0.858
1.775,-2.242
-1.917,-2.075
3.073,-1.994
2.966,-2.031
2.494,-2.242
2.48,0.967
2.477,-0.761
2.149,-0.464
1.925,0.785
1.784,-0.279
1.892,1.821
1.808,0.928
1.656,1.211
1.759,-0.085
1.784,-1.255
1.626,0.772
1.594,1.616
1.706,-0.158
1.659,1.196
1.498,-0.594
1.594,-1.075
1.36,0.754
1.372,-0.301
1.482,2.16
1.421,-0.464
1.415,0.708
1.402,1.69
1.273,0.532
1.221,1.013
1.183,1.021
1.113,2.151
1.104,0.723
1.18,-0.699
1.092,2.177
0.918,0.943
0.989,0.926
0.765,-1.496
0.842,-0.282
0.711,0.19
0.625,-0.563
0.702,-0.227
0.644,-0.181
0.512,0.096
0.474,1.812
0.416,0.659
0.523,2.061
0.465,0.045
0.311,0.826
0.309,-0.732
0.262,0.708
0.396,1.676
0.404,1.123
0.229,-1.63
0.234,-0.395
0.183,-0.498
0.187,-0.597
0.026,-1.51
0.124,0.549
0.09,1.456
-0.109,1.849
-0.096,-0.017
-0.08,-1.765
-0.108,-0.55
-0.354,1.872
-0.199,0.765
-0.376,-0.712
-0.477,-1.851
-0.381,0.77
-0.565,-0.615
-0.467,1.86
-0.527,-0.863
-0.689,0.944
-0.865,-0.434
-0.975,-0.067
-0.922,-1.43
-1.251,-1.817
-1.292,-0.836
-1.315,-0.327
-1.419,2.059
-1.437,0.996
-1.547,0.819
-1.595,-0.32
-1.684,0.729
-1.95,-1.597
-1.829,-1.586
-1.911,-0.718
-2.016,1.949
-1.965,-0.667
-1.954,1.528
-1.987,-0.761
-2.09,0.395
-2.246,0.914
-2.323,0.962
-2.349,-0.501
-2.482,-0.016
-2.452,-1.632
-2.63,1.038
-2.765,1.856
-2.756,1.68
-2.631,1.775
-2.816,1.934
-2.709,0.56
-2.932,0.865
-2.932,0.65
-3.007,1.438
-2.987,2.081
3.112,0.258
3.052,-0.641
2.85,-0.498
2.8,-0.364
2.733,0.411
2.644,-1.753
2.612,-1.529
2.699,1.807
2.669,0.529
2.524,0.409
2.615,0.974
2.636,0.341
2.458,-2.163
2.136,-1.861
1.24,-2.127
0.683,-2.091
0.788,-1.903
-0.182,-1.824
-0.363,-2.18
-0.83,-2.134
-0.975,-2.238
-1.031,-1.997
-2.342,-2.075
-2.219,-2.028
-2.381,-2.162
-2.248,-1.97
-2.542,-2.056
-2.588,-1.94
-2.715,-2.155
2.937,-1.923
2.967,-1.822
2.79,-1.997
2.388,-1.816
2.225,2.421
2.099,2.533
2.06,2.503
1.953,2.487
1.77,2.437
0.885,2.25
0.353,2.316
0.12,2.145
-0.222,2.444
-0.569,2.381
-1.441,2.386
-1.666,2.438
-2.015,2.307
-2.799,2.49
3.081,2.108
2.641,2.352
2.455,2.253
2.543,2.451
0.21,0.08
-0.986,1.29
-1.554,-0.892
-1.995,0.018
-2.239,1.774
1.515,0.618
1.332,-1.084
0.788,-1.09
0.11,-0.555
-1.71,1.639
-2.053,1.066
-2.058,0.702
-2.366,-0.053
-2.721,-1.31
-2.658,0.328
-2.999,1.068
-3.025,-0.369
3.072,1.521
3.053,1.718
3.0,0.622
2.31,0.528
2.125,-0.797
0.6,0.45
-0.909,0.466
-2.17,-0.871
0.549,1.955
2.228,-1.941
2.985,-2.289
0.035,-0.403
0.038,2.317
-0.054,0.477
-0.001,1.911
-0.06,1.995
-0.109,0.993
-0.044,0.825
-0.15,1.154
-0.154,1.471
-0.22,0.763
-0.316,2.403
-0.534,0.74
-0.546,-0.538
-0.527,-0.98
-0.6,-0.197
-0.567,1.974
-0.595,0.966
-0.683,2.129
-0.758,0.429
-0.806,-0.365
-0.752,-0.758
-0.763,2.279
-0.822,1.886
-0.788,1.984
-0.825,-0.28
-0.917,0.43
-1.131,2.569
-1.12,-1.151
-1.23,0.102
-1.168,1.133
-1.232,1.556
-1.211,0.269
-1.198,0.356
-1.287,2.458
-1.216,0.551
-1.26,1.422
-1.345,-0.05
-1.312,0.548
-1.483,0.486
-1.44,1.065
-1.554,1.038
-1.576,0.22
-1.581,1.479
-1.6,1.561
-1.836,-0.937
-1.85,0.394
-1.851,1.173
-1.849,-1.051
-1.933,-1.25
-1.949,2.264
-1.962,1.988
-2.002,-0.698
-2.069,-0.786
-2.066,1.689
-2.057,-0.402
-2.181,0.325
-2.208,0.183
-2.168,-0.993
-2.252,-0.263
-2.264,0.376
-2.266,1.161
-2.263,2.162
-2.3,0.229
-2.355,-0.268
-2.357,2.453
-2.308,0.915
-2.385,1.589
-2.429,0.874
-2.395,1.101
-2.472,0.821
-2.403,-0.49
-2.427,0.009
-2.442,-0.106
-2.421,0.092
-2.449,1.627
-2.674,-1.23
-2.766,-0.792
-2.822,1.043
-2.851,-0.594
-2.824,2.649
-2.845,0.398
-2.916,1.756
-2.992,-0.433
-2.929,1.926
-2.946,1.646
-3.021,0.668
-3.011,-0.103
-3.134,-0.356
3.095,-0.217
2.935,0.582
2.961,-0.422
2.949,0.514
2.867,-0.11
2.811,2.042
2.65,2.439
2.585,0.621
2.561,-1.049
2.515,0.89
1.196,-1.366
1.144,-1.372
1.081,-1.563
0.732,-1.446
0.29,-1.692
0.292,-1.356
-0.052,-1.656
-0.304,-1.536
-0.727,-1.507
-1.041,-1.616
-1.225,-1.62
-1.287,-1.352
-1.882,-1.743
-2.096,-1.419
-2.476,-1.322
-2.58,-1.69
2.553,-1.378
2.414,2.759
1.903,2.822
1.43,2.766
1.281,3.0
1.249,2.687
1.045,2.885
0.48,2.965
0.391,3.031
-0.025,2.692
-1.023,2.796
-1.308,3.082
-2.216,2.739
-2.306,2.918
-2.433,2.707
-2.57,3.152
-2.75,3.02
-2.907,2.996
-3.124,3.027
-3.077,2.709
2.713,2.869
1.758,2.177
1.777,-0.154
0.842,2.679
0.55,2.35
0.065,2.593
-0.482,-0.626
-2.093,2.348
-2.567,2.14
2.672,1.335
2.645,-0.341
1.824,-1.725
-1.868,-1.558
3.122,-1.477
3.015,-1.514
2.543,-1.725
2.529,1.484
2.526,-0.244
2.198,0.053
1.974,1.302
1.833,0.238
1.941,2.338
1.857,1.445
1.705,1.728
1.808,0.432
1.833,-0.738
1.675,1.289
1.643,2.133
1.755,0.359
1.708,1.713
1.547,-0.077
1.643,-0.558
1.409,1.271
1.421,0.216
1.531,2.677
1.47,0.053
1.464,1.225
1.451,2.207
1.322,1.049
1.27,1.53
1.232,1.538
1.162,2.668
1.153,1.24
1.229,-0.182
1.141,2.694
0.967,1.46
1.038,1.443
0.814,-0.979
0.891,0.235
0.76,0.707
0.674,-0.046
0.751,0.29
0.693,0.336
0.561,0.613
0.523,2.329
0.465,1.176
0.572,2.578
0.514,0.562
0.36,1.343
0.358,-0.215
0.311,1.225
0.445,2.193
0.453,1.64
0.278,-1.113
0.283,0.122
0.232,0.019
0.236,-0.08
0.075,-0.993
0.173,1.066
0.139,1.973
-0.06,2.366
-0.047,0.5
-0.031,-1.248
-0.059,-0.033
-0.305,2.389
-0.15,1.282
-0.327,-0.195
-0.428,-1.334
-0.332,1.287
-0.516,-0.098
-0.418,2.377
-0.478,-0.346
-0.64,1.461
-0.816,0.083
-0.926,0.45
-0.873,-0.913
-1.202,-1.3
-1.243,-0.319
-1.266,0.19
-1.37,2.576
-1.388,1.513
-1.498,1.336
-1.546,0.197
-1.635,1.246
-1.901,-1.08
-1.78,-1.069
-1.862,-0.201
-1.967,2.466
-1.916,-0.15
-1.905,2.045
-1.938,-0.244
-2.041,0.912
-2.197,1.431
-2.274,1.479
-2.3,0.016
-2.433,0.501
-2.403,-1.115
-2.581,1.555
-2.716,2.373
-2.707,2.197
-2.582,2.292
-2.767,2.451
-2.66,1.077
-2.883,1.382
-2.883,1.167
-2.958,1.955
-2.938,2.598
-3.122,0.775
3.101,-0.124
2.899,0.019
2.849,0.153
2.782,0.928
2.693,-1.236
2.661,-1.012
2.748,2.324
2.718,1.046
2.573,0.926
2.664,1.491
2.685,0.858
2.507,-1.646
2.185,-1.344
1.289,-1.61
0.732,-1.574
0.837,-1.386
-0.133,-1.307
-0.314,-1.663
-0.781,-1.617
-0.926,-1.721
-0.982,-1.48
-2.293,-1.558
-2.17,-1.511
-2.332,-1.645
-2.199,-1.453
-2.493,-1.539
-2.539,-1.423
-2.666,-1.638
2.986,-1.406
3.016,-1.305
2.839,-1.48
2.437,-1.299
2.274,2.938
2.148,3.05
2.109,3.02
2.002,3.004
1.819,2.954
0.934,2.767
0.402,2.833
0.169,2.662
-0.173,2.961
-0.52,2.898
-1.392,2.903
-1.617,2.955
-1.966,2.824
-2.75,3.007
3.13,2.625
2.69,2.869
2.504,2.77
2.592,2.968
0.259,0.597
-0.937,1.807
-1.505,-0.375
-1.946,0.535
-2.19,2.291
1.564,1.135
1.381,-0.567
0.837,-0.573
0.159,-0.038
-1.661,2.156
-2.004,1.583
-2.009,1.219
-2.317,0.464
-2.672,-0.793
-2.609,0.845
-2.95,1.585
-2.976,0.148
3.121,2.038
3.102,2.235
3.049,1.139
2.359,1.045
2.174,-0.28
0.649,0.967
-0.86,0.983
-2.121,-0.354
0.598,2.472
2.277,-1.424
3.034,-1.772
0.003,2.72
-0.089,0.88
-0.036,2.314
-0.095,2.398
-0.144,1.396
-0.079,1.228
-0.185,1.557
-0.189,1.874
-0.255,1.166
-0.351,2.806
-0.569,1.143
-0.581,-0.135
-0.562,-0.577
-0.635,0.206
-0.602,2.377
-0.63,1.369
-0.718,2.532
-0.793,0.832
-0.841,0.038
-0.787,-0.355
-0.798,2.682
-0.857,2.289
-0.823,2.387
-0.86,0.123
-0.952,0.833
-1.166,2.972
-1.155,-0.748
-1.265,0.505
-1.203,1.536
-1.267,1.959
-1.246,0.672
-1.233,0.759
-1.322,2.861
-1.251,0.954
-1.295,1.825
-1.38,0.353
-1.347,0.951
-1.518,0.889
-1.475,1.468
-1.589,1.441
-1.611,0.623
-1.616,1.882
-1.635,1.964
-1.871,-0.534
-1.885,0.797
-1.886,1.576
-1.884,-0.648
-1.968,-0.847
-1.984,2.667
-1.997,2.391
-2.037,-0.295
-2.104,-0.383
-2.101,2.092
-2.092,0.001
-2.216,0.728
-2.243,0.586
-2.203,-0.59
-2.287,0.14
-2.299,0.779
-2.301,1.564
-2.298,2.565
-2.335,0.632
-2.39,0.135
-2.392,2.856
-2.343,1.318
-2.42,1.992
-2.464,1.277
-2.43,1.504
-2.507,1.224
-2.438,-0.087
-2.462,0.412
-2.477,0.297
-2.456,0.495
-2.484,2.03
-2.709,-0.827
-2.801,-0.389
-2.857,1.446
-2.886,-0.191
-2.859,3.052
-2.88,0.801
-2.951,2.159
-3.027,-0.03
-2.964,2.329
-2.981,2.049
-3.056,1.071
-3.046,0.3
3.114,0.047
3.06,0.186
2.9,0.985
2.926,-0.019
2.914,0.917
2.832,0.293
2.776,2.445
2.615,2.842
2.55,1.024
2.526,-0.646
2.48,1.293
1.161,-0.963
1.109,-0.969
1.046,-1.16
0.697,-1.043
0.255,-1.289
0.257,-0.953
-0.087,-1.253
-0.339,-1.133
-0.762,-1.104
-1.076,-1.213
-1.26,-1.217
-1.322,-0.949
-1.917,-1.34
-2.131,-1.016
-2.511,-0.919
-2.615,-1.287
2.518,-0.975
2.379,3.162
1.868,3.225
1.395,3.169
1.246,3.403
1.214,3.09
1.01,3.288
0.445,3.368
0.356,3.434
-0.06,3.095
-1.058,3.199
-1.343,3.485
-2.251,3.142
-2.341,3.321
-2.468,3.11
-2.605,3.555
-2.785,3.423
-2.942,3.399
3.124,3.43
-3.112,3.112
2.678,3.272
1.723,2.58
1.742,0.249
0.807,3.082
0.515,2.753
0.03,2.996
-0.517,-0.223
-2.128,2.751
-2.602,2.543
2.637,1.738
2.61,0.062
1.789,-1.322
-1.903,-1.155
3.087,-1.074
2.98,-1.111
2.508,-1.322
2.494,1.887
2.491,0.159
2.163,0.456
1.939,1.705
1.798,0.641
1.906,2.741
1.822,1.848
1.67,2.131
1.773,0.835
1.798,-0.335
1.64,1.692
1.608,2.536
1.72,0.762
1.673,2.116
1.512,0.326
1.608,-0.155
1.374,1.674
1.386,0.619
1.496,3.08
1.435,0.456
1.429,1.628
1.416,2.61
1.287,1.452
1.235,1.933
1.197,1.941
1.127,3.071
1.118,1.643
1.194,0.221
1.106,3.097
0.932,1.863
1.003,1.846
0.779,-0.576
0.856,0.638
0.725,1.11
0.639,0.357
0.716,0.693
0.658,0.739
0.526,1.016
0.488,2.732
0.43,1.579
0.537,2.981
0.479,0.965
0.325,1.746
0.323,0.188
0.276,1.628
0.41,2.596
0.418,2.043
0.243,-0.71
0.248,0.525
0.197,0.422
0.201,0.323
0.04,-0.59
0.138,1.469
0.104,2.376
-0.095,2.769
-0.082,0.903
-0.066,-0.845
-0.094,0.37
-0.34,2.792
-0.185,1.685
-0.362,0.208
-0.463,-0.931
-0.367,1.69
-0.551,0.305
-0.453,2.78
-0.513,0.057
-0.675,1.864
-0.851,0.486
-0.961,0.853
-0.908,-0.51
-1.237,-0.897
-1.278,0.084
-1.301,0.593
-1.405,2.979
-1.423,1.916
-1.533,1.739
-1.581,0.6
-1.67,1.649
-1.936,-0.677
-1.815,-0.666
-1.897,0.202
-2.002,2.869
-1.951,0.253
-1.94,2.448
-1.973,0.159
-2.076,1.315
-2.232,1.834
-2.309,1.882
-2.335,0.419
-2.468,0.904
-2.438,-0.712
-2.616,1.958
-2.751,2.776
-2.742,2.6
-2.617,2.695
-2.802,2.854
-2.695,1.48
-2.918,1.785
-2.918,1.57
-2.993,2.358
-2.973,3.001
3.126,1.178
3.066,0.279
2.864,0.422
2.814,0.556
2.747,1.331
2.658,-0.833
2.626,-0.609
2.713,2.727
2.683,1.449
2.538,1.329
2.629,1.894
2.65,1.261
2.472,-1.243
2.15,-0.941
1.254,-1.207
0.697,-1.171
0.802,-0.983
-0.168,-0.904
-0.349,-1.26
-0.816,-1.214
-0.961,-1.318
-1.017,-1.077
-2.328,-1.155
-2.205,-1.108
-2.367,-1.242
-2.234,-1.05
-2.528,-1.136
-2.574,-1.02
-2.701,-1.235
2.951,-1.003
2.981,-0.902
2.804,-1.077
2.402,-0.896
2.239,3.341
2.113,3.453
2.074,3.423
1.967,3.407
1.784,3.357
0.899,3.17
0.367,3.236
0.134,3.065
-0.208,3.364
-0.555,3.301
-1.427,3.306
-1.652,3.358
-2.001,3.227
-2.785,3.41
3.095,3.028
2.655,3.272
2.469,3.173
2.557,3.371
0.224,1.0
-0.972,2.21
-1.54,0.028
-1.981,0.938
-2.225,2.694
1.529,1.538
1.346,-0.164
0.802,-0.17
0.124,0.365
-1.696,2.559
-2.039,1.986
-2.044,1.622
-2.352,0.867
-2.707,-0.39
-2.644,1.248
-2.985,1.988
-3.011,0.551
3.086,2.441
3.067,2.638
3.014,1.542
2.324,1.448
2.139,0.123
0.614,1.37
-0.895,1.386
-2.156,0.049
0.563,2.875
2.242,-1.021
2.999,-1.369
-0.092,-1.84
-0.039,-0.406
-0.098,-0.322
-0.147,-1.324
-0.082,-1.492
-0.188,-1.163
-0.192,-0.846
-0.258,-1.554
-0.354,0.086
-0.572,-1.577
-0.584,-2.855
-0.565,-3.297
-0.638,-2.514
-0.605,-0.343
-0.633,-1.351
-0.721,-0.188
-0.796,-1.888
-0.844,-2.682
-0.79,-3.075
-0.801,-0.038
-0.86,-0.431
-0.826,-0.333
-0.863,-2.597
-0.955,-1.887
-1.169,0.252
-1.158,-3.468
-1.268,-2.215
-1.206,-1.184
-1.27,-0.761
-1.249,-2.048
-1.236,-1.961
-1.325,0.141
-1.254,-1.766
-1.298,-0.895
-1.383,-2.367
-1.35,-1.769
-1.521,-1.831
-1.478,-1.252
-1.592,-1.279
-1.614,-2.097
-1.619,-0.838
-1.638,-0.756
-1.874,-3.254
-1.888,-1.923
-1.889,-1.144
-1.887,-3.368
-1.971,-3.567
-1.987,-0.053
-2.0,-0.329
-2.04,-3.015
-2.107,-3.103
-2.104,-0.628
-2.095,-2.719
-2.219,-1.992
-2.246,-2.134
-2.206,-3.31
-2.29,-2.58
-2.302,-1.941
-2.304,-1.156
-2.301,-0.155
-2.338,-2.088
-2.393,-2.585
-2.395,0.136
-2.346,-1.402
-2.423,-0.728
-2.467,-1.443
-2.433,-1.216
-2.51,-1.496
-2.441,-2.807
-2.465,-2.308
-2.48,-2.423
-2.459,-2.225
-2.487,-0.69
-2.712,-3.547
-2.804,-3.109
-2.86,-1.274
-2.889,-2.911
-2.862,0.332
-2.883,-1.919
-2.954,-0.561
-3.03,-2.75
-2.967,-0.391
-2.984,-0.671
-3.059,-1.649
-3.049,-2.42
3.111,-2.673
3.057,-2.534
2.897,-1.735
2.923,-2.739
2.911,-1.803
2.829,-2.427
2.773,-0.275
2.612,0.122
2.547,-1.696
2.523,-3.366
2.477,-1.427
1.158,-3.683
1.106,-3.689
1.043,-3.88
0.694,-3.763
0.252,-4.009
0.254,-3.673
-0.09,-3.973
-0.342,-3.853
-0.765,-3.824
-1.079,-3.933
-1.263,-3.937
-1.325,-3.669
-1.92,-4.06
-2.134,-3.736
-2.514,-3.639
-2.618,-4.007
2.515,-3.695
2.376,0.442
1.865,0.505
1.392,0.449
1.243,0.683
1.211,0.37
1.007,0.568
0.442,0.648
0.353,0.714
-0.063,0.375
-1.061,0.479
-1.346,0.765
-2.254,0.422
-2.344,0.601
-2.471,0.39
-2.608,0.835
-2.788,0.703
-2.945,0.679
3.121,0.71
-3.115,0.392
2.675,0.552
1.72,-0.14
1.739,-2.471
0.804,0.362
0.512,0.033
0.027,0.276
-0.52,-2.943
-2.131,0.031
-2.605,-0.177
2.634,-0.982
2.607,-2.658
1.786,-4.042
-1.906,-3.875
3.084,-3.794
2.977,-3.831
2.505,-4.042
2.491,-0.833
2.488,-2.561
2.16,-2.264
1.936,-1.015
1.795,-2.079
1.903,0.021
1.819,-0.872
1.667,-0.589
1.77,-1.885
1.795,-3.055
1.637,-1.028
1.605,-0.184
1.717,-1.958
1.67,-0.604
1.509,-2.394
1.605,-2.875
1.371,-1.046
1.383,-2.101
1.493,0.36
1.432,-2.264
1.426,-1.092
1.413,-0.11
1.284,-1.268
1.232,-0.787
1.194,-0.779
1.124,0.351
1.115,-1.077
1.191,-2.499
1.103,0.377
0.929,-0.857
1.0,-0.874
0.776,-3.296
0.853,-2.082
0.722,-1.61
0.636,-2.363
0.713,-2.027
0.655,-1.981
0.523,-1.704
0.485,0.012
0.427,-1.141
0.534,0.261
0.476,-1.755
0.322,-0.974
0.32,-2.532
0.273,-1.092
0.407,-0.124
0.415,-0.677
0.24,-3.43
0.245,-2.195
0.194,-2.298
0.198,-2.397
0.037,-3.31
0.135,-1.251
0.101,-0.344
-0.098,0.049
-0.085,-1.817
-0.069,-3.565
-0.097,-2.35
-0.343,0.072
-0.188,-1.035
-0.365,-2.512
-0.466,-3.651
-0.37,-1.03
-0.554,-2.415
-0.456,0.06
-0.516,-2.663
-0.678,-0.856
-0.854,-2.234
-0.964,-1.867
-0.911,-3.23
-1.24,-3.617
-1.281,-2.636
-1.304,-2.127
-1.408,0.259
-1.426,-0.804
-1.536,-0.981
-1.584,-2.12
-1.673,-1.071
-1.939,-3.397
-1.818,-3.386
-1.9,-2.518
-2.005,0.149
-1.954,-2.467
-1.943,-0.272
-1.976,-2.561
-2.079,-1.405
-2.235,-0.886
-2.312,-0.838
-2.338,-2.301
-2.471,-1.816
-2.441,-3.432
-2.619,-0.762
-2.754,0.056
-2.745,-0.12
-2.62,-0.025
-2.805,0.134
-2.698,-1.24
-2.921,-0.935
-2.921,-1.15
-2.996,-0.362
-2.976,0.281
3.123,-1.542
3.063,-2.441
2.861,-2.298
2.811,-2.164
2.744,-1.389
2.655,-3.553
2.623,-3.329
2.71,0.007
2.68,-1.271
2.535,-1.391
2.626,-0.826
2.647,-1.459
2.469,-3.963
2.147,-3.661
1.251,-3.927
0.694,-3.891
0.799,-3.703
-0.171,-3.624
-0.352,-3.98
-0.819,-3.934
-0.964,-4.038
-1.02,-3.797
-2.331,-3.875
-2.208,-3.828
-2.37,-3.962
-2.237,-3.77
-2.531,-3.856
-2.577,-3.74
-2.704,-3.955
2.948,-3.723
2.978,-3.622
2.801,-3.797
2.399,-3.616
2.236,0.621
2.11,0.733
2.071,0.703
1.964,0.687
1.781,0.637
0.896,0.45
0.364,0.516
0.131,0.345
-0.211,0.644
-0.558,0.581
-1.43,0.586
-1.655,0.638
-2.004,0.507
-2.788,0.69
3.092,0.308
2.652,0.552
2.466,0.453
2.554,0.651
0.221,-1.72
-0.975,-0.51
-1.543,-2.692
-1.984,-1.782
-2.228,-0.026
1.526,-1.182
1.343,-2.884
0.799,-2.89
0.121,-2.355
-1.699,-0.161
-2.042,-0.734
-2.047,-1.098
-2.355,-1.853
-2.71,-3.11
-2.647,-1.472
-2.988,-0.732
-3.014,-2.169
3.083,-0.279
3.064,-0.082
3.011,-1.178
2.321,-1.272
2.136,-2.597
0.611,-1.35
-0.898,-1.334
-2.159,-2.671
0.56,0.155
2.239,-3.741
2.996,-4.089
0.053,1.434
-0.006,1.518
-0.055,0.516
0.01,0.348
-0.096,0.677
-0.1,0.994
-0.166,0.286
-0.262,1.926
-0.48,0.263
-0.492,-1.015
-0.473,-1.457
-0.546,-0.674
-0.513,1.497
-0.541,0.489
-0.629,1.652
-0.704,-0.048
-0.752,-0.842
-0.698,-1.235
-0.709,1.802
-0.768,1.409
-0.734,1.507
-0.771,-0.757
-0.863,-0.047
-1.077,2.092
-1.066,-1.628
-1.176,-0.375
-1.114,0.656
-1.178,1.079
-1.157,-0.208
-1.144,-0.121
-1.233,1.981
-1.162,0.074
-1.206,0.945
-1.291,-0.527
-1.258,0.071
-1.429,0.009
-1.386,0.588
-1.5,0.561
-1.522,-0.257
-1.527,1.002
-1.546,1.084
-1.782,-1.414
-1.796,-0.083
-1.797,0.696
-1.795,-1.528
-1.879,-1.727
-1.895,1.787
-1.908,1.511
-1.948,-1.175
-2.015,-1.263
-2.012,1.212
-2.003,-0.879
-2.127,-0.152
-2.154,-0.294
-2.114,-1.47
-2.198,-0.74
-2.21,-0.101
-2.212,0.684
-2.209,1.685
-2.246,-0.248
-2.301,-0.745
-2.303,1.976
-2.254,0.438
-2.331,1.112
-2.375,0.397
-2.341,0.624
-2.418,0.344
-2.349,-0.967
-2.373,-0.468
-2.388,-0.583
-2.367,-0.385
-2.395,1.15
-2.62,-1.707
-2.712,-1.269
-2.768,0.566
-2.797,-1.071
-2.77,2.172
-2.791,-0.079
-2.862,1.279
-2.938,-0.91
-2.875,1.449
-2.892,1.169
-2.967,0.191
-2.957,-0.58
-3.08,-0.833
-3.134,-0.694
2.989,0.105
3.015,-0.899
3.003,0.037
2.921,-0.587
2.865,1.565
2.704,1.962
2.639,0.144
2.615,-1.526
2.569,0.413
1.25,-1.843
1.198,-1.849
1.135,-2.04
0.786,-1.923
0.344,-2.169
0.346,-1.833
0.002,-2.133
-0.25,-2.013
-0.673,-1.984
-0.987,-2.093
-1.171,-2.097
-1.233,-1.829
-1.828,-2.22
-2.042,-1.896
-2.422,-1.799
-2.526,-2.167
2.607,-1.855
2.468,2.282
1.957,2.345
1.484,2.289
1.335,2.523
1.303,2.21
1.099,2.408
0.534,2.488
0.445,2.554
0.029,2.215
-0.969,2.319
-1.254,2.605
-2.162,2.262
-2.252,2.441
-2.379,2.23
-2.516,2.675
-2.696,2.543
-2.853,2.519
-3.07,2.55
-3.023,2.232
2.767,2.392
1.812,1.7
1.831,-0.631
0.896,2.202
0.604,1.873
0.119,2.116
-0.428,-1.103
-2.039,1.871
-2.513,1.663
2.726,0.858
2.699,-0.818
1.878,-2.202
-1.814,-2.035
-3.107,-1.954
3.069,-1.991
2.597,-2.202
2.583,1.007
2.58,-0.721
2.252,-0.424
2.028,0.825
1.887,-0.239
1.995,1.861
1.911,0.968
1.759,1.251
1.862,-0.045
1.887,-1.215
1.729,0.812
1.697,1.656
1.809,-0.118
1.762,1.236
1.601,-0.554
1.697,-1.035
1.463,0.794
1.475,-0.261
1.585,2.2
1.524,-0.424
1.518,0.748
1.505,1.73
1.376,0.572
1.324,1.053
1.286,1.061
1.216,2.191
1.207,0.763
1.283,-0.659
1.195,2.217
1.021,0.983
1.092,0.966
0.868,-1.456
0.945,-0.242
0.814,0.23
0.728,-0.523
0.805,-0.187
0.747,-0.141
0.615,0.136
0.577,1.852
0.519,0.699
0.626,2.101
0.568,0.085
0.414,0.866
0.412,-0.692
0.365,0.748
0.499,1.716
0.507,1.163
0.332,-1.59
0.337,-0.355
0.286,-0.458
0.29,-0.557
0.129,-1.47
0.227,0.589
0.193,1.496
-0.006,1.889
0.007,0.023
0.023,-1.725
-0.005,-0.51
-0.251,1.912
-0.096,0.805
-0.273,-0.672
-0.374,-1.811
-0.278,0.81
-0.462,-0.575
-0.364,1.9
-0.424,-0.823
-0.586,0.984
-0.762,-0.394
-0.872,-0.027
-0.819,-1.39
-1.148,-1.777
-1.189,-0.796
-1.212,-0.287
-1.316,2.099
-1.334,1.036
-1.444,0.859
-1.492,-0.28
-1.581,0.769
-1.847,-1.557
-1.726,-1.546
-1.808,-0.678
-1.913,1.989
-1.862,-0.627
-1.851,1.568
-1.884,-0.721
-1.987,0.435
-2.143,0.954
-2.22,1.002
-2.246,-0.461
-2.379,0.024
-2.349,-1.592
-2.527,1.078
-2.662,1.896
-2.653,1.72
-2.528,1.815
-2.713,1.974
-2.606,0.6
-2.829,0.905
-2.829,0.69
-2.904,1.478
-2.884,2.121
-3.068,0.298
-3.128,-0.601
2.953,-0.458
2.903,-0.324
2.836,0.451
2.747,-1.713
2.715,-1.489
2.802,1.847
2.772,0.569
2.627,0.449
2.718,1.014
2.739,0.381
2.561,-2.123
2.239,-1.821
1.343,-2.087
0.786,-2.051
0.891,-1.863
-0.079,-1.784
-0.26,-2.14
-0.727,-2.094
-0.872,-2.198
-0.928,-1.957
-2.239,-2.035
-2.116,-1.988
-2.278,-2.122
-2.145,-1.93
-2.439,-2.016
-2.485,-1.9
-2.612,-2.115
3.04,-1.883
3.07,-1.782
2.893,-1.957
2.491,-1.776
2.328,2.461
2.202,2.573
2.163,2.543
2.056,2.527
1.873,2.477
0.988,2.29
0.456,2.356
0.223,2.185
-0.119,2.484
-0.466,2.421
-1.338,2.426
-1.563,2.478
-1.912,2.347
-2.696,2.53
-3.099,2.148
2.744,2.392
2.558,2.293
2.646,2.491
0.313,0.12
-0.883,1.33
-1.451,-0.852
-1.892,0.058
-2.136,1.814
1.618,0.658
1.435,-1.044
0.891,-1.05
0.213,-0.515
-1.607,1.679
-1.95,1.106
-1.955,0.742
-2.263,-0.013
-2.618,-1.27
-2.555,0.368
-2.896,1.108
-2.922,-0.329
-3.108,1.561
-3.127,1.758
3.103,0.662
2.413,0.568
2.228,-0.757
0.703,0.49
-0.806,0.506
-2.067,-0.831
0.652,1.995
2.331,-1.901
3.088,-2.249
-0.059,0.084
-0.108,-0.918
-0.043,-1.086
-0.149,-0.757
-0.153,-0.44
-0.219,-1.148
-0.315,0.492
-0.533,-1.171
-0.545,-2.449
-0.526,-2.891
-0.599,-2.108
-0.566,0.063
-0.594,-0.945
-0.682,0.218
-0.757,-1.482
-0.805,-2.276
-0.751,-2.669
-0.762,0.368
-0.821,-0.025
-0.787,0.073
-0.824,-2.191
-0.916,-1.481
-1.13,0.658
-1.119,-3.062
-1.229,-1.809
-1.167,-0.778
-1.231,-0.355
-1.21,-1.642
-1.197,-1.555
-1.286,0.547
-1.215,-1.36
-1.259,-0.489
-1.344,-1.961
-1.311,-1.363
-1.482,-1.425
-1.439,-0.846
-1.553,-0.873
-1.575,-1.691
-1.58,-0.432
-1.599,-0.35
-1.835,-2.848
-1.849,-1.517
-1.85,-0.738
-1.848,-2.962
-1.932,-3.161
-1.948,0.353
-1.961,0.077
-2.001,-2.609
-2.068,-2.697
-2.065,-0.222
-2.056,-2.313
-2.18,-1.586
-2.207,-1.728
-2.167,-2.904
-2.251,-2.174
-2.263,-1.535
-2.265,-0.75
-2.262,0.251
-2.299,-1.682
-2.354,-2.179
-2.356,0.542
-2.307,-0.996
-2.384,-0.322
-2.428,-1.037
-2.394,-0.81
-2.471,-1.09
-2.402,-2.401
-2.426,-1.902
-2.441,-2.017
-2.42,-1.819
-2.448,-0.284
-2.673,-3.141
-2.765,-2.703
-2.821,-0.868
-2.85,-2.505
-2.823,0.738
-2.844,-1.513
-2.915,-0.155
-2.991,-2.344
-2.928,0.015
-2.945,-0.265
-3.02,-1.243
-3.01,-2.014
-3.133,-2.267
3.096,-2.128
2.936,-1.329
2.962,-2.333
2.95,-1.397
2.868,-2.021
2.812,0.131
2.651,0.528
2.586,-1.29
2.562,-2.96
2.516,-1.021
1.197,-3.277
1.145,-3.283
1.082,-3.474
0.733,-3.357
0.291,-3.603
0.293,-3.267
-0.051,-3.567
-0.303,-3.447
-0.726,-3.418
-1.04,-3.527
-1.224,-3.531
-1.286,-3.263
-1.881,-3.654
-2.095,-3.33
-2.475,-3.233
-2.579,-3.601
2.554,-3.289
2.415,0.848
1.904,0.911
1.431,0.855
1.282,1.089
1.25,0.776
1.046,0.974
0.481,1.054
0.392,1.12
-0.024,0.781
-1.022,0.885
-1.307,1.171
-2.215,0.828
-2.305,1.007
-2.432,0.796
-2.569,1.241
-2.749,1.109
-2.906,1.085
-3.123,1.116
-3.076,0.798
2.714,0.958
1.759,0.266
1.778,-2.065
0.843,0.768
0.551,0.439
0.066,0.682
-0.481,-2.537
-2.092,0.437
-2.566,0.229
2.673,-0.576
2.646,-2.252
1.825,-3.636
-1.867,-3.469
3.123,-3.388
3.016,-3.425
2.544,-3.636
2.53,-0.427
2.527,-2.155
2.199,-1.858
1.975,-0.609
1.834,-1.673
1.942,0.427
1.858,-0.466
1.706,-0.183
1.809,-1.479
1.834,-2.649
1.676,-0.622
1.644,0.222
1.756,-1.552
1.709,-0.198
1.548,-1.988
1.644,-2.469
1.41,-0.64
1.422,-1.695
1.532,0.766
1.471,-1.858
1.465,-0.686
1.452,0.296
1.323,-0.862
1.271,-0.381
1.233,-0.373
1.163,0.757
1.154,-0.671
1.23,-2.093
1.142,0.783
0.968,-0.451
1.039,-0.468
0.815,-2.89
0.892,-1.676
0.761,-1.204
0.675,-1.957
0.752,-1.621
0.694,-1.575
0.562,-1.298
0.524,0.418
0.466,-0.735
0.573,0.667
0.515,-1.349
0.361,-0.568
0.359,-2.126
0.312,-0.686
0.446,0.282
0.454,-0.271
0.279,-3.024
0.284,-1.789
0.233,-1.892
0.237,-1.991
0.076,-2.904
0.174,-0.845
0.14,0.062
-0.059,0.455
-0.046,-1.411
-0.03,-3.159
-0.058,-1.944
-0.304,0.478
-0.149,-0.629
-0.326,-2.106
-0.427,-3.245
-0.331,-0.624
-0.515,-2.009
-0.417,0.466
-0.477,-2.257
-0.639,-0.45
-0.815,-1.828
-0.925,-1.461
-0.872,-2.824
-1.201,-3.211
-1.242,-2.23
-1.265,-1.721
-1.369,0.665
-1.387,-0.398
-1.497,-0.575
-1.545,-1.714
-1.634,-0.665
-1.9,-2.991
-1.779,-2.98
-1.861,-2.112
-1.966,0.555
-1.915,-2.061
-1.904,0.134
-1.937,-2.155
-2.04,-0.999
-2.196,-0.48
-2.273,-0.432
-2.299,-1.895
-2.432,-1.41
-2.402,-3.026
-2.58,-0.356
-2.715,0.462
-2.706,0.286
-2.581,0.381
-2.766,0.54
-2.659,-0.834
-2.882,-0.529
-2.882,-0.744
-2.957,0.044
-2.937,0.687
-3.121,-1.136
3.102,-2.035
2.9,-1.892
2.85,-1.758
2.783,-0.983
2.694,-3.147
2.662,-2.923
2.749,0.413
2.719,-0.865
2.574,-0.985
2.665,-0.42
2.686,-1.053
2.508,-3.557
2.186,-3.255
1.29,-3.521
0.733,-3.485
0.838,-3.297
-0.132,-3.218
-0.313,-3.574
-0.78,-3.528
-0.925,-3.632
-0.981,-3.391
-2.292,-3.469
-2.169,-3.422
-2.331,-3.556
-2.198,-3.364
-2.492,-3.45
-2.538,-3.334
-2.665,-3.549
2.987,-3.317
3.017,-3.216
2.84,-3.391
2.438,-3.21
2.275,1.027
2.149,1.139
2.11,1.109
2.003,1.093
1.82,1.043
0.935,0.856
0.403,0.922
0.17,0.751
-0.172,1.05
-0.519,0.987
-1.391,0.992
-1.616,1.044
-1.965,0.913
-2.749,1.096
3.131,0.714
2.691,0.958
2.505,0.859
2.593,1.057
0.26,-1.314
-0.936,-0.104
-1.504,-2.286
-1.945,-1.376
-2.189,0.38
1.565,-0.776
1.382,-2.478
0.838,-2.484
0.16,-1.949
-1.66,0.245
-2.003,-0.328
-2.008,-0.692
-2.316,-1.447
-2.671,-2.704
-2.608,-1.066
-2.949,-0.326
-2.975,-1.763
3.122,0.127
3.103,0.324
3.05,-0.772
2.36,-0.866
2.175,-2.191
0.65,-0.944
-0.859,-0.928
-2.12,-2.265
0.599,0.561
2.278,-3.335
3.035,-3.683
-0.049,-1.002
0.016,-1.17
-0.09,-0.841
-0.094,-0.524
-0.16,-1.232
-0.256,0.408
-0.474,-1.255
-0.486,-2.533
-0.467,-2.975
-0.54,-2.192
-0.507,-0.021
-0.535,-1.029
-0.623,0.134
-0.698,-1.566
-0.746,-2.36
-0.692,-2.753
-0.703,0.284
-0.762,-0.109
-0.728,-0.011
-0.765,-2.275
-0.857,-1.565
-1.071,0.574
-1.06,-3.146
-1.17,-1.893
-1.108,-0.862
-1.172,-0.439
-1.151,-1.726
-1.138,-1.639
-1.227,0.463
-1.156,-1.444
-1.2,-0.573
-1.285,-2.045
-1.252,-1.447
-1.423,-1.509
-1.38,-0.93
-1.494,-0.957
-1.516,-1.775
-1.521,-0.516
-1.54,-0.434
-1.776,-2.932
-1.79,-1.601
-1.791,-0.822
-1.789,-3.046
-1.873,-3.245
-1.889,0.269
-1.902,-0.007
-1.942,-2.693
-2.009,-2.781
-2.006,-0.306
-1.997,-2.397
-2.121,-1.67
-2.148,-1.812
-2.108,-2.988
-2.192,-2.258
-2.204,-1.619
-2.206,-0.834
-2.203,0.167
-2.24,-1.766
-2.295,-2.263
-2.297,0.458
-2.248,-1.08
-2.325,-0.406
-2.369,-1.121
-2.335,-0.894
-2.412,-1.174
-2.343,-2.485
-2.367,-1.986
-2.382,-2.101
-2.361,-1.903
-2.389,-0.368
-2.614,-3.225
-2.706,-2.787
-2.762,-0.952
-2.791,-2.589
-2.764,0.654
-2.785,-1.597
-2.856,-0.239
-2.932,-2.428
-2.869,-0.069
-2.886,-0.349
-2.961,-1.327
-2.951,-2.098
-3.074,-2.351
-3.128,-2.212
2.995,-1.413
3.021,-2.417
3.009,-1.481
2.927,-2.105
2.871,0.047
2.71,0.444
2.645,-1.374
2.621,-3.044
2.575,-1.105
1.256,-3.361
1.204,-3.367
1.141,-3.558
0.792,-3.441
0.35,-3.687
0.352,-3.351
0.008,-3.651
-0.244,-3.531
-0.667,-3.502
-0.981,-3.611
-1.165,-3.615
-1.227,-3.347
-1.822,-3.738
-2.036,-3.414
-2.416,-3.317
-2.52,-3.685
2.613,-3.373
2.474,0.764
1.963,0.827
1.49,0.771
1.341,1.005
1.309,0.692
1.105,0.89
0.54,0.97
0.451,1.036
0.035,0.697
-0.963,0.801
-1.248,1.087
-2.156,0.744
-2.246,0.923
-2.373,0.712
-2.51,1.157
-2.69,1.025
-2.847,1.001
-3.064,1.032
-3.017,0.714
2.773,0.874
1.818,0.182
1.837,-2.149
0.902,0.684
0.61,0.355
0.125,0.598
-0.422,-2.621
-2.033,0.353
-2.507,0.145
2.732,-0.66
2.705,-2.336
1.884,-3.72
-1.808,-3.553
-3.101,-3.472
3.075,-3.509
2.603,-3.72
2.589,-0.511
2.586,-2.239
2.258,-1.942
2.034,-0.693
1.893,-1.757
2.001,0.343
1.917,-0.55
1.765,-0.267
1.868,-1.563
1.893,-2.733
1.735,-0.706
1.703,0.138
1.815,-1.636
1.768,-0.282
1.607,-2.072
1.703,-2.553
1.469,-0.724
1.481,-1.779
1.591,0.682
1.53,-1.942
1.524,-0.77
1.511,0.212
1.382,-0.946
1.33,-0.465
1.292,-0.457
1.222,0.673
1.213,-0.755
1.289,-2.177
1.201,0.699
1.027,-0.535
1.098,-0.552
0.874,-2.974
0.951,-1.76
0.82,-1.288
0.734,-2.041
0.811,-1.705
0.753,-1.659
0.621,-1.382
0.583,0.334
0.525,-0.819
0.632,0.583
0.574,-1.433
0.42,-0.652
0.418,-2.21
0.371,-0.77
0.505,0.198
0.513,-0.355
0.338,-3.108
0.343,-1.873
0.292,-1.976
0.296,-2.075
0.135,-2.988
0.233,-0.929
0.199,-0.022
0.0,0.371
0.013,-1.495
0.029,-3.243
0.001,-2.028
-0.245,0.394
-0.09,-0.713
-0.267,-2.19
-0.368,-3.329
-0.272,-0.708
-0.456,-2.093
-0.358,0.382
-0.418,-2.341
-0.58,-0.534
-0.756,-1.912
-0.866,-1.545
-0.813,-2.908
-1.142,-3.295
-1.183,-2.314
-1.206,-1.805
-1.31,0.581
-1.328,-0.482
-1.438,-0.659
-1.486,-1.798
-1.575,-0.749
-1.841,-3.075
-1.72,-3.064
-1.802,-2.196
-1.907,0.471
-1.856,-2.145
-1.845,0.05
-1.878,-2.239
-1.981,-1.083
-2.137,-0.564
-2.214,-0.516
-2.24,-1.979
-2.373,-1.494
-2.343,-3.11
-2.521,-0.44
-2.656,0.378
-2.647,0.202
-2.522,0.297
-2.707,0.456
-2.6,-0.918
-2.823,-0.613
-2.823,-0.828
-2.898,-0.04
-2.878,0.603
-3.062,-1.22
-3.122,-2.119
2.959,-1.976
2.909,-1.842
2.842,-1.067
2.753,-3.231
2.721,-3.007
2.808,0.329
2.778,-0.949
2.633,-1.069
2.724,-0.504
2.745,-1.137
2.567,-3.641
2.245,-3.339
1.349,-3.605
0.792,-3.569
0.897,-3.381
-0.073,-3.302
-0.254,-3.658
-0.721,-3.612
-0.866,-3.716
-0.922,-3.475
-2.233,-3.553
-2.11,-3.506
-2.272,-3.64
-2.139,-3.448
-2.433,-3.534
-2.479,-3.418
-2.606,-3.633
3.046,-3.401
3.076,-3.3
2.899,-3.475
2.497,-3.294
2.334,0.943
2.208,1.055
2.169,1.025
2.062,1.009
1.879,0.959
0.994,0.772
0.462,0.838
0.229,0.667
-0.113,0.966
-0.46,0.903
-1.332,0.908
-1.557,0.96
-1.906,0.829
-2.69,1.012
-3.093,0.63
2.75,0.874
2.564,0.775
2.652,0.973
0.319,-1.398
-0.877,-0.188
-1.445,-2.37
-1.886,-1.46
-2.13,0.296
1.624,-0.86
1.441,-2.562
0.897,-2.568
0.219,-2.033
-1.601,0.161
-1.944,-0.412
-1.949,-0.776
-2.257,-1.531
-2.612,-2.788
-2.549,-1.15
-2.89,-0.41
-2.916,-1.847
-3.102,0.043
-3.121,0.24
3.109,-0.856
2.419,-0.95
2.234,-2.275
0.709,-1.028
-0.8,-1.012
-2.061,-2.349
0.658,0.477
2.337,-3.419
3.094,-3.767
0.065,-0.168
-0.041,0.161
-0.045,0.478
-0.111,-0.23
-0.207,1.41
-0.425,-0.253
-0.437,-1.531
-0.418,-1.973
-0.491,-1.19
-0.458,0.981
-0.486,-0.027
-0.574,1.136
-0.649,-0.564
-0.697,-1.358
-0.643,-1.751
-0.654,1.286
-0.713,0.893
-0.679,0.991
-0.716,-1.273
-0.808,-0.563
-1.022,1.576
-1.011,-2.144
-1.121,-0.891
-1.059,0.14
-1.123,0.563
-1.102,-0.724
-1.089,-0.637
-1.178,1.465
-1.107,-0.442
-1.151,0.429
-1.236,-1.043
-1.203,-0.445
-1.374,-0.507
-1.331,0.072
-1.445,0.045
-1.467,-0.773
-1.472,0.486
-1.491,0.568
-1.727,-1.93
-1.741,-0.599
-1.742,0.18
-1.74,-2.044
-1.824,-2.243
-1.84,1.271
-1.853,0.995
-1.893,-1.691
-1.96,-1.779
-1.957,0.696
-1.948,-1.395
-2.072,-0.668
-2.099,-0.81
-2.059,-1.986
-2.143,-1.256
-2.155,-0.617
-2.157,0.168
-2.154,1.169
-2.191,-0.764
-2.246,-1.261
-2.248,1.46
-2.199,-0.078
-2.276,0.596
-2.32,-0.119
-2.286,0.108
-2.363,-0.172
-2.294,-1.483
-2.318,-0.984
-2.333,-1.099
-2.312,-0.901
-2.34,0.634
-2.565,-2.223
-2.657,-1.785
-2.713,0.05
-2.742,-1.587
-2.715,1.656
-2.736,-0.595
-2.807,0.763
-2.883,-1.426
-2.82,0.933
-2.837,0.653
-2.912,-0.325
-2.902,-1.096
-3.025,-1.349
-3.079,-1.21
3.044,-0.411
3.07,-1.415
3.058,-0.479
2.976,-1.103
2.92,1.049
2.759,1.446
2.694,-0.372
2.67,-2.042
2.624,-0.103
1.305,-2.359
1.253,-2.365
1.19,-2.556
0.841,-2.439
0.399,-2.685
0.401,-2.349
0.057,-2.649
-0.195,-2.529
-0.618,-2.5
-0.932,-2.609
-1.116,-2.613
-1.178,-2.345
-1.773,-2.736
-1.987,-2.412
-2.367,-2.315
-2.471,-2.683
2.662,-2.371
2.523,1.766
2.012,1.829
1.539,1.773
1.39,2.007
1.358,1.694
1.154,1.892
0.589,1.972
0.5,2.038
0.084,1.699
-0.914,1.803
-1.199,2.089
-2.107,1.746
-2.197,1.925
-2.324,1.714
-2.461,2.159
-2.641,2.027
-2.798,2.003
-3.015,2.034
-2.968,1.716
2.822,1.876
1.867,1.184
1.886,-1.147
0.951,1.686
0.659,1.357
0.174,1.6
-0.373,-1.619
-1.984,1.355
-2.458,1.147
2.781,0.342
2.754,-1.334
1.933,-2.718
-1.759,-2.551
-3.052,-2.47
3.124,-2.507
2.652,-2.718
2.638,0.491
2.635,-1.237
2.307,-0.94
2.083,0.309
1.942,-0.755
2.05,1.345
1.966,0.452
1.814,0.735
1.917,-0.561
1.942,-1.731
1.784,0.296
1.752,1.14
1.864,-0.634
1.817,0.72
1.656,-1.07
1.752,-1.551
1.518,0.278
1.53,-0.777
1.64,1.684
1.579,-0.94
1.573,0.232
1.56,1.214
1.431,0.056
1.379,0.537
1.341,0.545
1.271,1.675
1.262,0.247
1.338,-1.175
1.25,1.701
1.076,0.467
1.147,0.45
0.923,-1.972
1.0,-0.758
0.869,-0.286
0.783,-1.039
0.86,-0.703
0.802,-0.657
0.67,-0.38
0.632,1.336
0.574,0.183
0.681,1.585
0.623,-0.431
0.469,0.35
0.467,-1.208
0.42,0.232
0.554,1.2
0.562,0.647
0.387,-2.106
0.392,-0.871
0.341,-0.974
0.345,-1.073
0.184,-1.986
0.282,0.073
0.248,0.98
0.049,1.373
0.062,-0.493
0.078,-2.241
0.05,-1.026
-0.196,1.396
-0.041,0.289
-0.218,-1.188
-0.319,-2.327
-0.223,0.294
-0.407,-1.091
-0.309,1.384
-0.369,-1.339
-0.531,0.468
-0.707,-0.91
-0.817,-0.543
-0.764,-1.906
-1.093,-2.293
-1.134,-1.312
-1.157,-0.803
-1.261,1.583
-1.279,0.52
-1.389,0.343
-1.437,-0.796
-1.526,0.253
-1.792,-2.073
-1.671,-2.062
-1.753,-1.194
-1.858,1.473
-1.807,-1.143
-1.796,1.052
-1.829,-1.237
-1.932,-0.081
-2.088,0.438
-2.165,0.486
-2.191,-0.977
-2.324,-0.492
-2.294,-2.108
-2.472,0.562
-2.607,1.38
-2.598,1.204
-2.473,1.299
-2.658,1.458
-2.551,0.084
-2.774,0.389
-2.774,0.174
-2.849,0.962
-2.829,1.605
-3.013,-0.218
-3.073,-1.117
3.008,-0.974
2.958,-0.84
2.891,-0.065
2.802,-2.229
2.77,-2.005
2.857,1.331
2.827,0.053
2.682,-0.067
2.773,0.498
2.794,-0.135
2.616,-2.639
2.294,-2.337
1.398,-2.603
0.841,-2.567
0.946,-2.379
-0.024,-2.3
-0.205,-2.656
-0.672,-2.61
-0.817,-2.714
-0.873,-2.473
-2.184,-2.551
-2.061,-2.504
-2.223,-2.638
-2.09,-2.446
-2.384,-2.532
-2.43,-2.416
-2.557,-2.631
3.095,-2.399
3.125,-2.298
2.948,-2.473
2.546,-2.292
2.383,1.945
2.257,2.057
2.218,2.027
2.111,2.011
1.928,1.961
1.043,1.774
0.511,1.84
0.278,1.669
-0.064,1.968
-0.411,1.905
-1.283,1.91
-1.508,1.962
-1.857,1.831
-2.641,2.014
-3.044,1.632
2.799,1.876
2.613,1.777
2.701,1.975
0.368,-0.396
-0.828,0.814
-1.396,-1.368
-1.837,-0.458
-2.081,1.298
1.673,0.142
1.49,-1.56
0.946,-1.566
0.268,-1.031
-1.552,1.163
-1.895,0.59
-1.9,0.226
-2.208,-0.529
-2.563,-1.786
-2.5,-0.148
-2.841,0.592
-2.867,-0.845
-3.053,1.045
-3.072,1.242
-3.125,0.146
2.468,0.052
2.283,-1.273
0.758,-0.026
-0.751,-0.01
-2.012,-1.347
0.707,1.479
2.386,-2.417
-3.14,-2.765
-0.106,0.329
-0.11,0.646
-0.176,-0.062
-0.272,1.578
-0.49,-0.085
-0.502,-1.363
-0.483,-1.805
-0.556,-1.022
-0.523,1.149
-0.551,0.141
-0.639,1.304
-0.714,-0.396
-0.762,-1.19
-0.708,-1.583
-0.719,1.454
-0.778,1.061
-0.744,1.159
-0.781,-1.105
-0.873,-0.395
-1.087,1.744
-1.076,-1.976
-1.186,-0.723
-1.124,0.308
-1.188,0.731
-1.167,-0.556
-1.154,-0.469
-1.243,1.633
-1.172,-0.274
-1.216,0.597
-1.301,-0.875
-1.268,-0.277
-1.439,-0.339
-1.396,0.24
-1.51,0.213
-1.532,-0.605
-1.537,0.654
-1.556,0.736
-1.792,-1.762
-1.806,-0.431
-1.807,0.348
-1.805,-1.876
-1.889,-2.075
-1.905,1.439
-1.918,1.163
-1.958,-1.523
-2.025,-1.611
-2.022,0.864
-2.013,-1.227
-2.137,-0.5
-2.164,-0.642
-2.124,-1.818
-2.208,-1.088
-2.22,-0.449
-2.222,0.336
-2.219,1.337
-2.256,-0.596
-2.311,-1.093
-2.313,1.628
-2.264,0.09
-2.341,0.764
-2.385,0.049
-2.351,0.276
-2.428,-0.004
-2.359,-1.315
-2.383,-0.816
-2.398,-0.931
-2.377,-0.733
-2.405,0.802
-2.63,-2.055
-2.722,-1.617
-2.778,0.218
-2.807,-1.419
-2.78,1.824
-2.801,-0.427
-2.872,0.931
-2.948,-1.258
-2.885,1.101
-2.902,0.821
-2.977,-0.157
-2.967,-0.928
-3.09,-1.181
3.139,-1.042
2.979,-0.243
3.005,-1.247
2.993,-0.311
2.911,-0.935
2.855,1.217
2.694,1.614
2.629,-0.204
2.605,-1.874
2.559,0.065
1.24,-2.191
1.188,-2.197
1.125,-2.388
0.776,-2.271
0.334,-2.517
0.336,-2.181
-0.008,-2.481
-0.26,-2.361
-0.683,-2.332
-0.997,-2.441
-1.181,-2.445
-1.243,-2.177
-1.838,-2.568
-2.052,-2.244
-2.432,-2.147
-2.536,-2.515
2.597,-2.203
2.458,1.934
1.947,1.997
1.474,1.941
1.325,2.175
1.293,1.862
1.089,2.06
0.524,2.14
0.435,2.206
0.019,1.867
-0.979,1.971
-1.264,2.257
-2.172,1.914
-2.262,2.093
-2.389,1.882
-2.526,2.327
-2.706,2.195
-2.863,2.171
-3.08,2.202
-3.033,1.884
2.757,2.044
1.802,1.352
1.821,-0.979
0.886,1.854
0.594,1.525
0.109,1.768
-0.438,-1.451
-2.049,1.523
-2.523,1.315
2.716,0.51
2.689,-1.166
1.868,-2.55
-1.824,-2.383
-3.117,-2.302
3.059,-2.339
2.587,-2.55
2.573,0.659
2.57,-1.069
2.242,-0.772
2.018,0.477
1.877,-0.587
1.985,1.513
1.901,0.62
1.749,0.903
1.852,-0.393
1.877,-1.563
1.719,0.464
1.687,1.308
1.799,-0.466
1.752,0.888
1.591,-0.902
1.687,-1.383
1.453,0.446
1.465,-0.609
1.575,1.852
1.514,-0.772
1.508,0.4
1.495,1.382
1.366,0.224
1.314,0.705
1.276,0.713
1.206,1.843
1.197,0.415
1.273,-1.007
1.185,1.869
1.011,0.635
1.082,0.618
0.858,-1.804
0.935,-0.59
0.804,-0.118
0.718,-0.871
0.795,-0.535
0.737,-0.489
0.605,-0.212
0.567,1.504
0.509,0.351
0.616,1.753
0.558,-0.263
0.404,0.518
0.402,-1.04
0.355,0.4
0.489,1.368
0.497,0.815
0.322,-1.938
0.327,-0.703
0.276,-0.806
0.28,-0.905
0.119,-1.818
0.217,0.241
0.183,1.148
-0.016,1.541
-0.003,-0.325
0.013,-2.073
-0.015,-0.858
-0.261,1.564
-0.106,0.457
-0.283,-1.02
-0.384,-2.159
-0.288,0.462
-0.472,-0.923
-0.374,1.552
-0.434,-1.171
-0.596,0.636
-0.772,-0.742
-0.882,-0.375
-0.829,-1.738
-1.158,-2.125
-1.199,-1.144
-1.222,-0.635
-1.326,1.751
-1.344,0.688
-1.454,0.511
-1.502,-0.628
-1.591,0.421
-1.857,-1.905
-1.736,-1.894
-1.818,-1.026
-1.923,1.641
-1.872,-0.975
-1.861,1.22
-1.894,-1.069
-1.997,0.087
-2.153,0.606
-2.23,0.654
-2.256,-0.809
-2.389,-0.324
-2.359,-1.94
-2.537,0.73
-2.672,1.548
-2.663,1.372
-2.538,1.467
-2.723,1.626
-2.616,0.252
-2.839,0.557
-2.839,0.342
-2.914,1.13
-2.894,1.773
-3.078,-0.05
-3.138,-0.949
2.943,-0.806
2.893,-0.672
2.826,0.103
2.737,-2.061
2.705,-1.837
2.792,1.499
2.762,0.221
2.617,0.101
2.708,0.666
2.729,0.033
2.551,-2.471
2.229,-2.169
1.333,-2.435
0.776,-2.399
0.881,-2.211
-0.089,-2.132
-0.27,-2.488
-0.737,-2.442
-0.882,-2.546
-0.938,-2.305
-2.249,-2.383
-2.126,-2.336
-2.288,-2.47
-2.155,-2.278
-2.449,-2.364
-2.495,-2.248
-2.622,-2.463
3.03,-2.231
3.06,-2.13
2.883,-2.305
2.481,-2.124
2.318,2.113
2.192,2.225
2.153,2.195
2.046,2.179
1.863,2.129
0.978,1.942
0.446,2.008
0.213,1.837
-0.129,2.136
-0.476,2.073
-1.348,2.078
-1.573,2.13
-1.922,1.999
-2.706,2.182
-3.109,1.8
2.734,2.044
2.548,1.945
2.636,2.143
0.303,-0.228
-0.893,0.982
-1.461,-1.2
-1.902,-0.29
-2.146,1.466
1.608,0.31
1.425,-1.392
0.881,-1.398
0.203,-0.863
-1.617,1.331
-1.96,0.758
-1.965,0.394
-2.273,-0.361
-2.628,-1.618
-2.565,0.02
-2.906,0.76
-2.932,-0.677
-3.118,1.213
-3.137,1.41
3.093,0.314
2.403,0.22
2.218,-1.105
0.693,0.142
-0.816,0.158
-2.077,-1.179
0.642,1.647
2.321,-2.249
3.078,-2.597
-0.004,0.317
-0.07,-0.391
-0.166,1.249
-0.384,-0.414
-0.396,-1.692
-0.377,-2.134
-0.45,-1.351
-0.417,0.82
-0.445,-0.188
-0.533,0.975
-0.608,-0.725
-0.656,-1.519
-0.602,-1.912
-0.613,1.125
-0.672,0.732
-0.638,0.83
-0.675,-1.434
-0.767,-0.724
-0.981,1.415
-0.97,-2.305
-1.08,-1.052
-1.018,-0.021
-1.082,0.402
-1.061,-0.885
-1.048,-0.798
-1.137,1.304
-1.066,-0.603
-1.11,0.268
-1.195,-1.204
-1.162,-0.606
-1.333,-0.668
-1.29,-0.089
-1.404,-0.116
-1.426,-0.934
-1.431,0.325
-1.45,0.407
-1.686,-2.091
-1.7,-0.76
-1.701,0.019
-1.699,-2.205
-1.783,-2.404
-1.799,1.11
-1.812,0.834
-1.852,-1.852
-1.919,-1.94
-1.916,0.535
-1.907,-1.556
-2.031,-0.829
-2.058,-0.971
-2.018,-2.147
-2.102,-1.417
-2.114,-0.778
-2.116,0.007
-2.113,1.008
-2.15,-0.925
-2.205,-1.422
-2.207,1.299
-2.158,-0.239
-2.235,0.435
-2.279,-0.28
-2.245,-0.053
-2.322,-0.333
-2.253,-1.644
-2.277,-1.145
-2.292,-1.26
-2.271,-1.062
-2.299,0.473
-2.524,-2.384
-2.616,-1.946
-2.672,-0.111
-2.701,-1.748
-2.674,1.495
-2.695,-0.756
-2.766,0.602
-2.842,-1.587
-2.779,0.772
-2.796,0.492
-2.871,-0.486
-2.861,-1.257
-2.984,-1.51
-3.038,-1.371
3.085,-0.572
3.111,-1.576
3.099,-0.64
3.017,-1.264
2.961,0.888
2.8,1.285
2.735,-0.533
2.711,-2.203
2.665,-0.264
1.346,-2.52
1.294,-2.526
1.231,-2.717
0.882,-2.6
0.44,-2.846
0.442,-2.51
0.098,-2.81
-0.154,-2.69
-0.577,-2.661
-0.891,-2.77
-1.075,-2.774
-1.137,-2.506
-1.732,-2.897
-1.946,-2.573
-2.326,-2.476
-2.43,-2.844
2.703,-2.532
2.564,1.605
2.053,1.668
1.58,1.612
1.431,1.846
1.399,1.533
1.195,1.731
0.63,1.811
0.541,1.877
0.125,1.538
-0.873,1.642
-1.158,1.928
-2.066,1.585
-2.156,1.764
-2.283,1.553
-2.42,1.998
-2.6,1.866
-2.757,1.842
-2.974,1.873
-2.927,1.555
2.863,1.715
1.908,1.023
1.927,-1.308
0.992,1.525
0.7,1.196
0.215,1.439
-0.332,-1.78
-1.943,1.194
-2.417,0.986
2.822,0.181
2.795,-1.495
1.974,-2.879
-1.718,-2.712
-3.011,-2.631
-3.118,-2.668
2.693,-2.879
2.679,0.33
2.676,-1.398
2.348,-1.101
2.124,0.148
1.983,-0.916
2.091,1.184
2.007,0.291
1.855,0.574
1.958,-0.722
1.983,-1.892
1.825,0.135
1.793,0.979
1.905,-0.795
1.858,0.559
1.697,-1.231
1.793,-1.712
1.559,0.117
1.571,-0.938
1.681,1.523
1.62,-1.101
1.614,0.071
1.601,1.053
1.472,-0.105
1.42,0.376
1.382,0.384
1.312,1.514
1.303,0.086
1.379,-1.336
1.291,1.54
1.117,0.306
1.188,0.289
0.964,-2.133
1.041,-0.919
0.91,-0.447
0.824,-1.2
0.901,-0.864
0.843,-0.818
0.711,-0.541
0.673,1.175
0.615,0.022
0.722,1.424
0.664,-0.592
0.51,0.189
0.508,-1.369
0.461,0.071
0.595,1.039
0.603,0.486
0.428,-2.267
0.433,-1.032
0.382,-1.135
0.386,-1.234
0.225,-2.147
0.323,-0.088
0.289,0.819
0.09,1.212
0.103,-0.654
0.119,-2.402
0.091,-1.187
-0.155,1.235
0.0,0.128
-0.177,-1.349
-0.278,-2.488
-0.182,0.133
-0.366,-1.252
-0.268,1.223
-0.328,-1.5
-0.49,0.307
-0.666,-1.071
-0.776,-0.704
-0.723,-2.067
-1.052,-2.454
-1.093,-1.473
-1.116,-0.964
-1.22,1.422
-1.238,0.359
-1.348,0.182
-1.396,-0.957
-1.485,0.092
-1.751,-2.234
-1.63,-2.223
-1.712,-1.355
-1.817,1.312
-1.766,-1.304
-1.755,0.891
-1.788,-1.398
-1.891,-0.242
-2.047,0.277
-2.124,0.325
-2.15,-1.138
-2.283,-0.653
-2.253,-2.269
-2.431,0.401
-2.566,1.219
-2.557,1.043
-2.432,1.138
-2.617,1.297
-2.51,-0.077
-2.733,0.228
-2.733,0.013
-2.808,0.801
-2.788,1.444
-2.972,-0.379
-3.032,-1.278
3.049,-1.135
2.999,-1.001
2.932,-0.226
2.843,-2.39
2.811,-2.166
2.898,1.17
2.868,-0.108
2.723,-0.228
2.814,0.337
2.835,-0.296
2.657,-2.8
2.335,-2.498
1.439,-2.764
0.882,-2.728
0.987,-2.54
0.017,-2.461
-0.164,-2.817
-0.631,-2.771
-0.776,-2.875
-0.832,-2.634
-2.143,-2.712
-2.02,-2.665
-2.182,-2.799
-2.049,-2.607
-2.343,-2.693
-2.389,-2.577
-2.516,-2.792
3.136,-2.56
-3.117,-2.459
2.989,-2.634
2.587,-2.453
2.424,1.784
2.298,1.896
2.259,1.866
2.152,1.85
1.969,1.8
1.084,1.613
0.552,1.679
0.319,1.508
-0.023,1.807
-0.37,1.744
-1.242,1.749
-1.467,1.801
-1.816,1.67
-2.6,1.853
-3.003,1.471
2.84,1.715
2.654,1.616
2.742,1.814
0.409,-0.557
-0.787,0.653
-1.355,-1.529
-1.796,-0.619
-2.04,1.137
1.714,-0.019
1.531,-1.721
0.987,-1.727
0.309,-1.192
-1.511,1.002
-1.854,0.429
-1.859,0.065
-2.167,-0.69
-2.522,-1.947
-2.459,-0.309
-2.8,0.431
-2.826,-1.006
-3.012,0.884
-3.031,1.081
-3.084,-0.015
2.509,-0.109
2.324,-1.434
0.799,-0.187
-0.71,-0.171
-1.971,-1.508
0.748,1.318
2.427,-2.578
-3.099,-2.926
-0.066,-0.708
-0.162,0.932
-0.38,-0.731
-0.392,-2.009
-0.373,-2.451
-0.446,-1.668
-0.413,0.503
-0.441,-0.505
-0.529,0.658
-0.604,-1.042
-0.652,-1.836
-0.598,-2.229
-0.609,0.808
-0.668,0.415
-0.634,0.513
-0.671,-1.751
-0.763,-1.041
-0.977,1.098
-0.966,-2.622
-1.076,-1.369
-1.014,-0.338
-1.078,0.085
-1.057,-1.202
-1.044,-1.115
-1.133,0.987
-1.062,-0.92
-1.106,-0.049
-1.191,-1.521
-1.158,-0.923
-1.329,-0.985
-1.286,-0.406
-1.4,-0.433
-1.422,-1.251
-1.427,0.008
-1.446,0.09
-1.682,-2.408
-1.696,-1.077
-1.697,-0.298
-1.695,-2.522
-1.779,-2.721
-1.795,0.793
-1.808,0.517
-1.848,-2.169
-1.915,-2.257
-1.912,0.218
-1.903,-1.873
-2.027,-1.146
-2.054,-1.288
-2.014,-2.464
-2.098,-1.734
-2.11,-1.095
-2.112,-0.31
-2.109,0.691
-2.146,-1.242
-2.201,-1.739
-2.203,0.982
-2.154,-0.556
-2.231,0.118
-2.275,-0.597
-2.241,-0.37
-2.318,-0.65
-2.249,-1.961
-2.273,-1.462
-2.288,-1.577
-2.267,-1.379
-2.295,0.156
-2.52,-2.701
-2.612,-2.263
-2.668,-0.428
-2.697,-2.065
-2.67,1.178
-2.691,-1.073
-2.762,0.285
-2.838,-1.904
-2.775,0.455
-2.792,0.175
-2.867,-0.803
-2.857,-1.574
-2.98,-1.827
-3.034,-1.688
3.089,-0.889
3.115,-1.893
3.103,-0.957
3.021,-1.581
2.965,0.571
2.804,0.968
2.739,-0.85
2.715,-2.52
2.669,-0.581
1.35,-2.837
1.298,-2.843
1.235,-3.034
0.886,-2.917
0.444,-3.163
0.446,-2.827
0.102,-3.127
-0.15,-3.007
-0.573,-2.978
-0.887,-3.087
-1.071,-3.091
-1.133,-2.823
-1.728,-3.214
-1.942,-2.89
-2.322,-2.793
-2.426,-3.161
2.707,-2.849
2.568,1.288
2.057,1.351
1.584,1.295
1.435,1.529
1.403,1.216
1.199,1.414
0.634,1.494
0.545,1.56
0.129,1.221
-0.869,1.325
-1.154,1.611
-2.062,1.268
-2.152,1.447
-2.279,1.236
-2.416,1.681
-2.596,1.549
-2.753,1.525
-2.97,1.556
-2.923,1.238
2.867,1.398
1.912,0.706
1.931,-1.625
0.996,1.208
0.704,0.879
0.219,1.122
-0.328,-2.097
-1.939,0.877
-2.413,0.669
2.826,-0.136
2.799,-1.812
1.978,-3.196
-1.714,-3.029
-3.007,-2.948
-3.114,-2.985
2.697,-3.196
2.683,0.013
2.68,-1.715
2.352,-1.418
2.128,-0.169
1.987,-1.233
2.095,0.867
2.011,-0.026
1.859,0.257
1.962,-1.039
1.987,-2.209
1.829,-0.182
1.797,0.662
1.909,-1.112
1.862,0.242
1.701,-1.548
1.797,-2.029
1.563,-0.2
1.575,-1.255
1.685,1.206
1.624,-1.418
1.618,-0.246
1.605,0.736
1.476,-0.422
1.424,0.059
1.386,0.067
1.316,1.197
1.307,-0.231
1.383,-1.653
1.295,1.223
1.121,-0.011
1.192,-0.028
0.968,-2.45
1.045,-1.236
0.914,-0.764
0.828,-1.517
0.905,-1.181
0.847,-1.135
0.715,-0.858
0.677,0.858
0.619,-0.295
0.726,1.107
0.668,-0.909
0.514,-0.128
0.512,-1.686
0.465,-0.246
0.599,0.722
0.607,0.169
0.432,-2.584
0.437,-1.349
0.386,-1.452
0.39,-1.551
0.229,-2.464
0.327,-0.405
0.293,0.502
0.094,0.895
0.107,-0.971
0.123,-2.719
0.095,-1.504
-0.151,0.918
0.004,-0.189
-0.173,-1.666
-0.274,-2.805
-0.178,-0.184
-0.362,-1.569
-0.264,0.906
-0.324,-1.817
-0.486,-0.01
-0.662,-1.388
-0.772,-1.021
-0.719,-2.384
-1.048,-2.771
-1.089,-1.79
-1.112,-1.281
-1.216,1.105
-1.234,0.042
-1.344,-0.135
-1.392,-1.274
-1.481,-0.225
-1.747,-2.551
-1.626,-2.54
-1.708,-1.672
-1.813,0.995
-1.762,-1.621
-1.751,0.574
-1.784,-1.715
-1.887,-0.559
-2.043,-0.04
-2.12,0.008
-2.146,-1.455
-2.279,-0.97
-2.249,-2.586
-2.427,0.084
-2.562,0.902
-2.553,0.726
-2.428,0.821
-2.613,0.98
-2.506,-0.394
-2.729,-0.089
-2.729,-0.304
-2.804,0.484
-2.784,1.127
-2.968,-0.696
-3.028,-1.595
3.053,-1.452
3.003,-1.318
2.936,-0.543
2.847,-2.707
2.815,-2.483
2.902,0.853
2.872,-0.425
2.727,-0.545
2.818,0.02
2.839,-0.613
2.661,-3.117
2.339,-2.815
1.443,-3.081
0.886,-3.045
0.991,-2.857
0.021,-2.778
-0.16,-3.134
-0.627,-3.088
-0.772,-3.192
-0.828,-2.951
-2.139,-3.029
-2.016,-2.982
-2.178,-3.116
-2.045,-2.924
-2.339,-3.01
-2.385,-2.894
-2.512,-3.109
3.14,-2.877
-3.113,-2.776
2.993,-2.951
2.591,-2.77
2.428,1.467
2.302,1.579
2.263,1.549
2.156,1.533
1.973,1.483
1.088,1.296
0.556,1.362
0.323,1.191
-0.019,1.49
-0.366,1.427
-1.238,1.432
-1.463,1.484
-1.812,1.353
-2.596,1.536
-2.999,1.154
2.844,1.398
2.658,1.299
2.746,1.497
0.413,-0.874
-0.783,0.336
-1.351,-1.846
-1.792,-0.936
-2.036,0.82
1.718,-0.336
1.535,-2.038
0.991,-2.044
0.313,-1.509
-1.507,0.685
-1.85,0.112
-1.855,-0.252
-2.163,-1.007
-2.518,-2.264
-2.455,-0.626
-2.796,0.114
-2.822,-1.323
-3.008,0.567
-3.027,0.764
-3.08,-0.332
2.513,-0.426
2.328,-1.751
0.803,-0.504
-0.706,-0.488
-1.967,-1.825
0.752,1.001
2.431,-2.895
-3.095,-3.243
-0.096,1.64
-0.314,-0.023
-0.326,-1.301
-0.307,-1.743
-0.38,-0.96
-0.347,1.211
-0.375,0.203
-0.463,1.366
-0.538,-0.334
-0.586,-1.128
-0.532,-1.521
-0.543,1.516
-0.602,1.123
-0.568,1.221
-0.605,-1.043
-0.697,-0.333
-0.911,1.806
-0.9,-1.914
-1.01,-0.661
-0.948,0.37
-1.012,0.793
-0.991,-0.494
-0.978,-0.407
-1.067,1.695
-0.996,-0.212
-1.04,0.659
-1.125,-0.813
-1.092,-0.215
-1.263,-0.277
-1.22,0.302
-1.334,0.275
-1.356,-0.543
-1.361,0.716
-1.38,0.798
-1.616,-1.7
-1.63,-0.369
-1.631,0.41
-1.629,-1.814
-1.713,-2.013
-1.729,1.501
-1.742,1.225
-1.782,-1.461
-1.849,-1.549
-1.846,0.926
-1.837,-1.165
-1.961,-0.438
-1.988,-0.58
-1.948,-1.756
-2.032,-1.026
-2.044,-0.387
-2.046,0.398
-2.043,1.399
-2.08,-0.534
-2.135,-1.031
-2.137,1.69
-2.088,0.152
-2.165,0.826
-2.209,0.111
-2.175,0.338
-2.252,0.058
-2.183,-1.253
-2.207,-0.754
-2.222,-0.869
-2.201,-0.671
-2.229,0.864
-2.454,-1.993
-2.546,-1.555
-2.602,0.28
-2.631,-1.357
-2.604,1.886
-2.625,-0.365
-2.696,0.993
-2.772,-1.196
-2.709,1.163
-2.726,0.883
-2.801,-0.095
-2.791,-0.866
-2.914,-1.119
-2.968,-0.98
-3.128,-0.181
-3.102,-1.185
-3.114,-0.249
3.087,-0.873
3.031,1.279
2.87,1.676
2.805,-0.142
2.781,-1.812
2.735,0.127
1.416,-2.129
1.364,-2.135
1.301,-2.326
0.952,-2.209
0.51,-2.455
0.512,-2.119
0.168,-2.419
-0.084,-2.299
-0.507,-2.27
-0.821,-2.379
-1.005,-2.383
-1.067,-2.115
-1.662,-2.506
-1.876,-2.182
-2.256,-2.085
-2.36,-2.453
2.773,-2.141
2.634,1.996
2.123,2.059
1.65,2.003
1.501,2.237
1.469,1.924
1.265,2.122
0.7,2.202
0.611,2.268
0.195,1.929
-0.803,2.033
-1.088,2.319
-1.996,1.976
-2.086,2.155
-2.213,1.944
-2.35,2.389
-2.53,2.257
-2.687,2.233
-2.904,2.264
-2.857,1.946
2.933,2.106
1.978,1.414
1.997,-0.917
1.062,1.916
0.77,1.587
0.285,1.83
-0.262,-1.389
-1.873,1.585
-2.347,1.377
2.892,0.572
2.865,-1.104
2.044,-2.488
-1.648,-2.321
-2.941,-2.24
-3.048,-2.277
2.763,-2.488
2.749,0.721
2.746,-1.007
2.418,-0.71
2.194,0.539
2.053,-0.525
2.161,1.575
2.077,0.682
1.925,0.965
2.028,-0.331
2.053,-1.501
1.895,0.526
1.863,1.37
1.975,-0.404
1.928,0.95
1.767,-0.84
1.863,-1.321
1.629,0.508
1.641,-0.547
1.751,1.914
1.69,-0.71
1.684,0.462
1.671,1.444
1.542,0.286
1.49,0.767
1.452,0.775
1.382,1.905
1.373,0.477
1.449,-0.945
1.361,1.931
1.187,0.697
1.258,0.68
1.034,-1.742
1.111,-0.528
0.98,-0.056
0.894,-0.809
0.971,-0.473
0.913,-0.427
0.781,-0.15
0.743,1.566
0.685,0.413
0.792,1.815
0.734,-0.201
0.58,0.58
0.578,-0.978
0.531,0.462
0.665,1.43
0.673,0.877
0.498,-1.876
0.503,-0.641
0.452,-0.744
0.456,-0.843
0.295,-1.756
0.393,0.303
0.359,1.21
0.16,1.603
0.173,-0.263
0.189,-2.011
0.161,-0.796
-0.085,1.626
0.07,0.519
-0.107,-0.958
-0.208,-2.097
-0.112,0.524
-0.296,-0.861
-0.198,1.614
-0.258,-1.109
-0.42,0.698
-0.596,-0.68
-0.706,-0.313
-0.653,-1.676
-0.982,-2.063
-1.023,-1.082
-1.046,-0.573
-1.15,1.813
-1.168,0.75
-1.278,0.573
-1.326,-0.566
-1.415,0.483
-1.681,-1.843
-1.56,-1.832
-1.642,-0.964
-1.747,1.703
-1.696,-0.913
-1.685,1.282
-1.718,-1.007
-1.821,0.149
-1.977,0.668
-2.054,0.716
-2.08,-0.747
-2.213,-0.262
-2.183,-1.878
-2.361,0.792
-2.496,1.61
-2.487,1.434
-2.362,1.529
-2.547,1.688
-2.44,0.314
-2.663,0.619
-2.663,0.404
-2.738,1.192
-2.718,1.835
-2.902,0.012
-2.962,-0.887
3.119,-0.744
3.069,-0.61
3.002,0.165
2.913,-1.999
2.881,-1.775
2.968,1.561
2.938,0.283
2.793,0.163
2.884,0.728
2.905,0.095
2.727,-2.409
2.405,-2.107
1.509,-2.373
0.952,-2.337
1.057,-2.149
0.087,-2.07
-0.094,-2.426
-0.561,-2.38
-0.706,-2.484
-0.762,-2.243
-2.073,-2.321
-1.95,-2.274
-2.112,-2.408
-1.979,-2.216
-2.273,-2.302
-2.319,-2.186
-2.446,-2.401
-3.077,-2.169
-3.047,-2.068
3.059,-2.243
2.657,-2.062
2.494,2.175
2.368,2.287
2.329,2.257
2.222,2.241
2.039,2.191
1.154,2.004
0.622,2.07
0.389,1.899
0.047,2.198
-0.3,2.135
-1.172,2.14
-1.397,2.192
-1.746,2.061
-2.53,2.244
-2.933,1.862
2.91,2.106
2.724,2.007
2.812,2.205
0.479,-0.166
-0.717,1.044
-1.285,-1.138
-1.726,-0.228
-1.97,1.528
1.784,0.372
1.601,-1.33
1.057,-1.336
0.379,-0.801
-1.441,1.393
-1.784,0.82
-1.789,0.456
-2.097,-0.299
-2.452,-1.556
-2.389,0.082
-2.73,0.822
-2.756,-0.615
-2.942,1.275
-2.961,1.472
-3.014,0.376
2.579,0.282
2.394,-1.043
0.869,0.204
-0.64,0.22
-1.901,-1.117
0.818,1.709
2.497,-2.187
-3.029,-2.535
-0.218,-1.663
-0.23,-2.941
-0.211,-3.383
-0.284,-2.6
-0.251,-0.429
-0.279,-1.437
-0.367,-0.274
-0.442,-1.974
-0.49,-2.768
-0.436,-3.161
-0.447,-0.124
-0.506,-0.517
-0.472,-0.419
-0.509,-2.683
-0.601,-1.973
-0.815,0.166
-0.804,-3.554
-0.914,-2.301
-0.852,-1.27
-0.916,-0.847
-0.895,-2.134
-0.882,-2.047
-0.971,0.055
-0.9,-1.852
-0.944,-0.981
-1.029,-2.453
-0.996,-1.855
-1.167,-1.917
-1.124,-1.338
-1.238,-1.365
-1.26,-2.183
-1.265,-0.924
-1.284,-0.842
-1.52,-3.34
-1.534,-2.009
-1.535,-1.23
-1.533,-3.454
-1.617,-3.653
-1.633,-0.139
-1.646,-0.415
-1.686,-3.101
-1.753,-3.189
-1.75,-0.714
-1.741,-2.805
-1.865,-2.078
-1.892,-2.22
-1.852,-3.396
-1.936,-2.666
-1.948,-2.027
-1.95,-1.242
-1.947,-0.241
-1.984,-2.174
-2.039,-2.671
-2.041,0.05
-1.992,-1.488
-2.069,-0.814
-2.113,-1.529
-2.079,-1.302
-2.156,-1.582
-2.087,-2.893
-2.111,-2.394
-2.126,-2.509
-2.105,-2.311
-2.133,-0.776
-2.358,-3.633
-2.45,-3.195
-2.506,-1.36
-2.535,-2.997
-2.508,0.246
-2.529,-2.005
-2.6,-0.647
-2.676,-2.836
-2.613,-0.477
-2.63,-0.757
-2.705,-1.735
-2.695,-2.506
-2.818,-2.759
-2.872,-2.62
-3.032,-1.821
-3.006,-2.825
-3.018,-1.889
-3.1,-2.513
3.127,-0.361
2.966,0.036
2.901,-1.782
2.877,-3.452
2.831,-1.513
1.512,-3.769
1.46,-3.775
1.397,-3.966
1.048,-3.849
0.606,-4.095
0.608,-3.759
0.264,-4.059
0.012,-3.939
-0.411,-3.91
-0.725,-4.019
-0.909,-4.023
-0.971,-3.755
-1.566,-4.146
-1.78,-3.822
-2.16,-3.725
-2.264,-4.093
2.869,-3.781
2.73,0.356
2.219,0.419
1.746,0.363
1.597,0.597
1.565,0.284
1.361,0.482
0.796,0.562
0.707,0.628
0.291,0.289
-0.707,0.393
-0.992,0.679
-1.9,0.336
-1.99,0.515
-2.117,0.304
-2.254,0.749
-2.434,0.617
-2.591,0.593
-2.808,0.624
-2.761,0.306
3.029,0.466
2.074,-0.226
2.093,-2.557
1.158,0.276
0.866,-0.053
0.381,0.19
-0.166,-3.029
-1.777,-0.055
-2.251,-0.263
2.988,-1.068
2.961,-2.744
2.14,-4.128
-1.552,-3.961
-2.845,-3.88
-2.952,-3.917
2.859,-4.128
2.845,-0.919
2.842,-2.647
2.514,-2.35
2.29,-1.101
2.149,-2.165
2.257,-0.065
2.173,-0.958
2.021,-0.675
2.124,-1.971
2.149,-3.141
1.991,-1.114
1.959,-0.27
2.071,-2.044
2.024,-0.69
1.863,-2.48
1.959,-2.961
1.725,-1.132
1.737,-2.187
1.847,0.274
1.786,-2.35
1.78,-1.178
1.767,-0.196
1.638,-1.354
1.586,-0.873
1.548,-0.865
1.478,0.265
1.469,-1.163
1.545,-2.585
1.457,0.291
1.283,-0.943
1.354,-0.96
1.13,-3.382
1.207,-2.168
1.076,-1.696
0.99,-2.449
1.067,-2.113
1.009,-2.067
0.877,-1.79
0.839,-0.074
0.781,-1.227
0.888,0.175
0.83,-1.841
0.676,-1.06
0.674,-2.618
0.627,-1.178
0.761,-0.21
0.769,-0.763
0.594,-3.516
0.599,-2.281
0.548,-2.384
0.552,-2.483
0.391,-3.396
0.489,-1.337
0.455,-0.43
0.256,-0.037
0.269,-1.903
0.285,-3.651
0.257,-2.436
0.011,-0.014
0.166,-1.121
-0.011,-2.598
-0.112,-3.737
-0.016,-1.116
-0.2,-2.501
-0.102,-0.026
-0.162,-2.749
-0.324,-0.942
-0.5,-2.32
-0.61,-1.953
-0.557,-3.316
-0.886,-3.703
-0.927,-2.722
-0.95,-2.213
-1.054,0.173
-1.072,-0.89
-1.182,-1.067
-1.23,-2.206
-1.319,-1.157
-1.585,-3.483
-1.464,-3.472
-1.546,-2.604
-1.651,0.063
-1.6,-2.553
-1.589,-0.358
-1.622,-2.647
-1.725,-1.491
-1.881,-0.972
-1.958,-0.924
-1.984,-2.387
-2.117,-1.902
-2.087,-3.518
-2.265,-0.848
-2.4,-0.03
-2.391,-0.206
-2.266,-0.111
-2.451,0.048
-2.344,-1.326
-2.567,-1.021
-2.567,-1.236
-2.642,-0.448
-2.622,0.195
-2.806,-1.628
-2.866,-2.527
-3.068,-2.384
-3.118,-2.25
3.098,-1.475
3.009,-3.639
2.977,-3.415
3.064,-0.079
3.034,-1.357
2.889,-1.477
2.98,-0.912
3.001,-1.545
2.823,-4.049
2.501,-3.747
1.605,-4.013
1.048,-3.977
1.153,-3.789
0.183,-3.71
0.002,-4.066
-0.465,-4.02
-0.61,-4.124
-0.666,-3.883
-1.977,-3.961
-1.854,-3.914
-2.016,-4.048
-1.883,-3.856
-2.177,-3.942
-2.223,-3.826
-2.35,-4.041
-2.981,-3.809
-2.951,-3.708
-3.128,-3.883
2.753,-3.702
2.59,0.535
2.464,0.647
2.425,0.617
2.318,0.601
2.135,0.551
1.25,0.364
0.718,0.43
0.485,0.259
0.143,0.558
-0.204,0.495
-1.076,0.5
-1.301,0.552
-1.65,0.421
-2.434,0.604
-2.837,0.222
3.006,0.466
2.82,0.367
2.908,0.565
0.575,-1.806
-0.621,-0.596
-1.189,-2.778
-1.63,-1.868
-1.874,-0.112
1.88,-1.268
1.697,-2.97
1.153,-2.976
0.475,-2.441
-1.345,-0.247
-1.688,-0.82
-1.693,-1.184
-2.001,-1.939
-2.356,-3.196
-2.293,-1.558
-2.634,-0.818
-2.66,-2.255
-2.846,-0.365
-2.865,-0.168
-2.918,-1.264
2.675,-1.358
2.49,-2.683
0.965,-1.436
-0.544,-1.42
-1.805,-2.757
0.914,0.069
2.593,-3.827
-2.933,-4.175
-0.012,-1.278
0.007,-1.72
-0.066,-0.937
-0.033,1.234
-0.061,0.226
-0.149,1.389
-0.224,-0.311
-0.272,-1.105
-0.218,-1.498
-0.229,1.539
-0.288,1.146
-0.254,1.244
-0.291,-1.02
-0.383,-0.31
-0.597,1.829
-0.586,-1.891
-0.696,-0.638
-0.634,0.393
-0.698,0.816
-0.677,-0.471
-0.664,-0.384
-0.753,1.718
-0.682,-0.189
-0.726,0.682
-0.811,-0.79
-0.778,-0.192
-0.949,-0.254
-0.906,0.325
-1.02,0.298
-1.042,-0.52
-1.047,0.739
-1.066,0.821
-1.302,-1.677
-1.316,-0.346
-1.317,0.433
-1.315,-1.791
-1.399,-1.99
-1.415,1.524
-1.428,1.248
-1.468,-1.438
-1.535,-1.526
-1.532,0.949
-1.523,-1.142
-1.647,-0.415
-1.674,-0.557
-1.634,-1.733
-1.718,-1.003
-1.73,-0.364
-1.732,0.421
-1.729,1.422
-1.766,-0.511
-1.821,-1.008
-1.823,1.713
-1.774,0.175
-1.851,0.849
-1.895,0.134
-1.861,0.361
-1.938,0.081
-1.869,-1.23
-1.893,-0.731
-1.908,-0.846
-1.887,-0.648
-1.915,0.887
-2.14,-1.97
-2.232,-1.532
-2.288,0.303
-2.317,-1.334
-2.29,1.909
-2.311,-0.342
-2.382,1.016
-2.458,-1.173
-2.395,1.186
-2.412,0.906
-2.487,-0.072
-2.477,-0.843
-2.6,-1.096
-2.654,-0.957
-2.814,-0.158
-2.788,-1.162
-2.8,-0.226
-2.882,-0.85
-2.938,1.302
-3.099,1.699
3.119,-0.119
3.095,-1.789
3.049,0.15
1.73,-2.106
1.678,-2.112
1.615,-2.303
1.266,-2.186
0.824,-2.432
0.826,-2.096
0.482,-2.396
0.23,-2.276
-0.193,-2.247
-0.507,-2.356
-0.691,-2.36
-0.753,-2.092
-1.348,-2.483
-1.562,-2.159
-1.942,-2.062
-2.046,-2.43
3.087,-2.118
2.948,2.019
2.437,2.082
1.964,2.026
1.815,2.26
1.783,1.947
1.579,2.145
1.014,2.225
0.925,2.291
0.509,1.952
-0.489,2.056
-0.774,2.342
-1.682,1.999
-1.772,2.178
-1.899,1.967
-2.036,2.412
-2.216,2.28
-2.373,2.256
-2.59,2.287
-2.543,1.969
-3.036,2.129
2.292,1.437
2.311,-0.894
1.376,1.939
1.084,1.61
0.599,1.853
0.052,-1.366
-1.559,1.608
-2.033,1.4
-3.077,0.595
-3.104,-1.081
2.358,-2.465
-1.334,-2.298
-2.627,-2.217
-2.734,-2.254
3.077,-2.465
3.063,0.744
3.06,-0.984
2.732,-0.687
2.508,0.562
2.367,-0.502
2.475,1.598
2.391,0.705
2.239,0.988
2.342,-0.308
2.367,-1.478
2.209,0.549
2.177,1.393
2.289,-0.381
2.242,0.973
2.081,-0.817
2.177,-1.298
1.943,0.531
1.955,-0.524
2.065,1.937
2.004,-0.687
1.998,0.485
1.985,1.467
1.856,0.309
1.804,0.79
1.766,0.798
1.696,1.928
1.687,0.5
1.763,-0.922
1.675,1.954
1.501,0.72
1.572,0.703
1.348,-1.719
1.425,-0.505
1.294,-0.033
1.208,-0.786
1.285,-0.45
1.227,-0.404
1.095,-0.127
1.057,1.589
0.999,0.436
1.106,1.838
1.048,-0.178
0.894,0.603
0.892,-0.955
0.845,0.485
0.979,1.453
0.987,0.9
0.812,-1.853
0.817,-0.618
0.766,-0.721
0.77,-0.82
0.609,-1.733
0.707,0.326
0.673,1.233
0.474,1.626
0.487,-0.24
0.503,-1.988
0.475,-0.773
0.229,1.649
0.384,0.542
0.207,-0.935
0.106,-2.074
0.202,0.547
0.018,-0.838
0.116,1.637
0.056,-1.086
-0.106,0.721
-0.282,-0.657
-0.392,-0.29
-0.339,-1.653
-0.668,-2.04
-0.709,-1.059
-0.732,-0.55
-0.836,1.836
-0.854,0.773
-0.964,0.596
-1.012,-0.543
-1.101,0.506
-1.367,-1.82
-1.246,-1.809
-1.328,-0.941
-1.433,1.726
-1.382,-0.89
-1.371,1.305
-1.404,-0.984
-1.507,0.172
-1.663,0.691
-1.74,0.739
-1.766,-0.724
-1.899,-0.239
-1.869,-1.855
-2.047,0.815
-2.182,1.633
-2.173,1.457
-2.048,1.552
-2.233,1.711
-2.126,0.337
-2.349,0.642
-2.349,0.427
-2.424,1.215
-2.404,1.858
-2.588,0.035
-2.648,-0.864
-2.85,-0.721
-2.9,-0.587
-2.967,0.188
-3.056,-1.976
-3.088,-1.752
-3.001,1.584
-3.031,0.306
3.107,0.186
-3.085,0.751
-3.064,0.118
3.041,-2.386
2.719,-2.084
1.823,-2.35
1.266,-2.314
1.371,-2.126
0.401,-2.047
0.22,-2.403
-0.247,-2.357
-0.392,-2.461
-0.448,-2.22
-1.759,-2.298
-1.636,-2.251
-1.798,-2.385
-1.665,-2.193
-1.959,-2.279
-2.005,-2.163
-2.132,-2.378
-2.763,-2.146
-2.733,-2.045
-2.91,-2.22
2.971,-2.039
2.808,2.198
2.682,2.31
2.643,2.28
2.536,2.264
2.353,2.214
1.468,2.027
0.936,2.093
0.703,1.922
0.361,2.221
0.014,2.158
-0.858,2.163
-1.083,2.215
-1.432,2.084
-2.216,2.267
-2.619,1.885
-3.059,2.129
3.038,2.03
3.126,2.228
0.793,-0.143
-0.403,1.067
-0.971,-1.115
-1.412,-0.205
-1.656,1.551
2.098,0.395
1.915,-1.307
1.371,-1.313
0.693,-0.778
-1.127,1.416
-1.47,0.843
-1.475,0.479
-1.783,-0.276
-2.138,-1.533
-2.075,0.105
-2.416,0.845
-2.442,-0.592
-2.628,1.298
-2.647,1.495
-2.7,0.399
2.893,0.305
2.708,-1.02
1.183,0.227
-0.326,0.243
-1.587,-1.094
1.132,1.732
2.811,-2.164
-2.715,-2.512
0.019,-0.442
-0.054,0.341
-0.021,2.512
-0.049,1.504
-0.137,2.667
-0.212,0.967
-0.26,0.173
-0.206,-0.22
-0.217,2.817
-0.276,2.424
-0.242,2.522
-0.279,0.258
-0.371,0.968
-0.585,3.107
-0.574,-0.613
-0.684,0.64
-0.622,1.671
-0.686,2.094
-0.665,0.807
-0.652,0.894
-0.741,2.996
-0.67,1.089
-0.714,1.96
-0.799,0.488
-0.766,1.086
-0.937,1.024
-0.894,1.603
-1.008,1.576
-1.03,0.758
-1.035,2.017
-1.054,2.099
-1.29,-0.399
-1.304,0.932
-1.305,1.711
-1.303,-0.513
-1.387,-0.712
-1.403,2.802
-1.416,2.526
-1.456,-0.16
-1.523,-0.248
-1.52,2.227
-1.511,0.136
-1.635,0.863
-1.662,0.721
-1.622,-0.455
-1.706,0.275
-1.718,0.914
-1.72,1.699
-1.717,2.7
-1.754,0.767
-1.809,0.27
-1.811,2.991
-1.762,1.453
-1.839,2.127
-1.883,1.412
-1.849,1.639
-1.926,1.359
-1.857,0.048
-1.881,0.547
-1.896,0.432
-1.875,0.63
-1.903,2.165
-2.128,-0.692
-2.22,-0.254
-2.276,1.581
-2.305,-0.056
-2.278,3.187
-2.299,0.936
-2.37,2.294
-2.446,0.105
-2.383,2.464
-2.4,2.184
-2.475,1.206
-2.465,0.435
-2.588,0.182
-2.642,0.321
-2.802,1.12
-2.776,0.116
-2.788,1.052
-2.87,0.428
-2.926,2.58
-3.087,2.977
3.131,1.159
3.107,-0.511
3.061,1.428
1.742,-0.828
1.69,-0.834
1.627,-1.025
1.278,-0.908
0.836,-1.154
0.838,-0.818
0.494,-1.118
0.242,-0.998
-0.181,-0.969
-0.495,-1.078
-0.679,-1.082
-0.741,-0.814
-1.336,-1.205
-1.55,-0.881
-1.93,-0.784
-2.034,-1.152
3.099,-0.84
2.96,3.297
2.449,3.36
1.976,3.304
1.827,3.538
1.795,3.225
1.591,3.423
1.026,3.503
0.937,3.569
0.521,3.23
-0.477,3.334
-0.762,3.62
-1.67,3.277
-1.76,3.456
-1.887,3.245
-2.024,3.69
-2.204,3.558
-2.361,3.534
-2.578,3.565
-2.531,3.247
-3.024,3.407
2.304,2.715
2.323,0.384
1.388,3.217
1.096,2.888
0.611,3.131
0.064,-0.088
-1.547,2.886
-2.021,2.678
-3.065,1.873
-3.092,0.197
2.37,-1.187
-1.322,-1.02
-2.615,-0.939
-2.722,-0.976
3.089,-1.187
3.075,2.022
3.072,0.294
2.744,0.591
2.52,1.84
2.379,0.776
2.487,2.876
2.403,1.983
2.251,2.266
2.354,0.97
2.379,-0.2
2.221,1.827
2.189,2.671
2.301,0.897
2.254,2.251
2.093,0.461
2.189,-0.02
1.955,1.809
1.967,0.754
2.077,3.215
2.016,0.591
2.01,1.763
1.997,2.745
1.868,1.587
1.816,2.068
1.778,2.076
1.708,3.206
1.699,1.778
1.775,0.356
1.687,3.232
1.513,1.998
1.584,1.981
1.36,-0.441
1.437,0.773
1.306,1.245
1.22,0.492
1.297,0.828
1.239,0.874
1.107,1.151
1.069,2.867
1.011,1.714
1.118,3.116
1.06,1.1
0.906,1.881
0.904,0.323
0.857,1.763
0.991,2.731
0.999,2.178
0.824,-0.575
0.829,0.66
0.778,0.557
0.782,0.458
0.621,-0.455
0.719,1.604
0.685,2.511
0.486,2.904
0.499,1.038
0.515,-0.71
0.487,0.505
0.241,2.927
0.396,1.82
0.219,0.343
0.118,-0.796
0.214,1.825
0.03,0.44
0.128,2.915
0.068,0.192
-0.094,1.999
-0.27,0.621
-0.38,0.988
-0.327,-0.375
-0.656,-0.762
-0.697,0.219
-0.72,0.728
-0.824,3.114
-0.842,2.051
-0.952,1.874
-1.0,0.735
-1.089,1.784
-1.355,-0.542
-1.234,-0.531
-1.316,0.337
-1.421,3.004
-1.37,0.388
-1.359,2.583
-1.392,0.294
-1.495,1.45
-1.651,1.969
-1.728,2.017
-1.754,0.554
-1.887,1.039
-1.857,-0.577
-2.035,2.093
-2.17,2.911
-2.161,2.735
-2.036,2.83
-2.221,2.989
-2.114,1.615
-2.337,1.92
-2.337,1.705
-2.412,2.493
-2.392,3.136
-2.576,1.313
-2.636,0.414
-2.838,0.557
-2.888,0.691
-2.955,1.466
-3.044,-0.698
-3.076,-0.474
-2.989,2.862
-3.019,1.584
3.119,1.464
-3.073,2.029
-3.052,1.396
3.053,-1.108
2.731,-0.806
1.835,-1.072
1.278,-1.036
1.383,-0.848
0.413,-0.769
0.232,-1.125
-0.235,-1.079
-0.38,-1.183
-0.436,-0.942
-1.747,-1.02
-1.624,-0.973
-1.786,-1.107
-1.653,-0.915
-1.947,-1.001
-1.993,-0.885
-2.12,-1.1
-2.751,-0.868
-2.721,-0.767
-2.898,-0.942
2.983,-0.761
2.82,3.476
2.694,3.588
2.655,3.558
2.548,3.542
2.365,3.492
1.48,3.305
0.948,3.371
0.715,3.2
0.373,3.499
0.026,3.436
-0.846,3.441
-1.071,3.493
-1.42,3.362
-2.204,3.545
-2.607,3.163
-3.047,3.407
3.05,3.308
3.138,3.506
0.805,1.135
-0.391,2.345
-0.959,0.163
-1.4,1.073
-1.644,2.829
2.11,1.673
1.927,-0.029
1.383,-0.035
0.705,0.5
-1.115,2.694
-1.458,2.121
-1.463,1.757
-1.771,1.002
-2.126,-0.255
-2.063,1.383
-2.404,2.123
-2.43,0.686
-2.616,2.576
-2.635,2.773
-2.688,1.677
2.905,1.583
2.72,0.258
1.195,1.505
-0.314,1.521
-1.575,0.184
1.144,3.01
2.823,-0.886
-2.703,-1.234
-0.073,0.783
-0.04,2.954
-0.068,1.946
-0.156,3.109
-0.231,1.409
-0.279,0.615
-0.225,0.222
-0.236,3.259
-0.295,2.866
-0.261,2.964
-0.298,0.7
-0.39,1.41
-0.604,3.549
-0.593,-0.171
-0.703,1.082
-0.641,2.113
-0.705,2.536
-0.684,1.249
-0.671,1.336
-0.76,3.438
-0.689,1.531
-0.733,2.402
-0.818,0.93
-0.785,1.528
-0.956,1.466
-0.913,2.045
-1.027,2.018
-1.049,1.2
-1.054,2.459
-1.073,2.541
-1.309,0.043
-1.323,1.374
-1.324,2.153
-1.322,-0.071
-1.406,-0.27
-1.422,3.244
-1.435,2.968
-1.475,0.282
-1.542,0.194
-1.539,2.669
-1.53,0.578
-1.654,1.305
-1.681,1.163
-1.641,-0.013
-1.725,0.717
-1.737,1.356
-1.739,2.141
-1.736,3.142
-1.773,1.209
-1.828,0.712
-1.83,3.433
-1.781,1.895
-1.858,2.569
-1.902,1.854
-1.868,2.081
-1.945,1.801
-1.876,0.49
-1.9,0.989
-1.915,0.874
-1.894,1.072
-1.922,2.607
-2.147,-0.25
-2.239,0.188
-2.295,2.023
-2.324,0.386
-2.297,3.629
-2.318,1.378
-2.389,2.736
-2.465,0.547
-2.402,2.906
-2.419,2.626
-2.494,1.648
-2.484,0.877
-2.607,0.624
-2.661,0.763
-2.821,1.562
-2.795,0.558
-2.807,1.494
-2.889,0.87
-2.945,3.022
-3.106,3.419
3.112,1.601
3.088,-0.069
3.042,1.87
1.723,-0.386
1.671,-0.392
1.608,-0.583
1.259,-0.466
0.817,-0.712
0.819,-0.376
0.475,-0.676
0.223,-0.556
-0.2,-0.527
-0.514,-0.636
-0.698,-0.64
-0.76,-0.372
-1.355,-0.763
-1.569,-0.439
-1.949,-0.342
-2.053,-0.71
3.08,-0.398
2.941,3.739
2.43,3.802
1.957,3.746
1.808,3.98
1.776,3.667
1.572,3.865
1.007,3.945
0.918,4.011
0.502,3.672
-0.496,3.776
-0.781,4.062
-1.689,3.719
-1.779,3.898
-1.906,3.687
-2.043,4.132
-2.223,4.0
-2.38,3.976
-2.597,4.007
-2.55,3.689
-3.043,3.849
2.285,3.157
2.304,0.826
1.369,3.659
1.077,3.33
0.592,3.573
0.045,0.354
-1.566,3.328
-2.04,3.12
-3.084,2.315
-3.111,0.639
2.351,-0.745
-1.341,-0.578
-2.634,-0.497
-2.741,-0.534
3.07,-0.745
3.056,2.464
3.053,0.736
2.725,1.033
2.501,2.282
2.36,1.218
2.468,3.318
2.384,2.425
2.232,2.708
2.335,1.412
2.36,0.242
2.202,2.269
2.17,3.113
2.282,1.339
2.235,2.693
2.074,0.903
2.17,0.422
1.936,2.251
1.948,1.196
2.058,3.657
1.997,1.033
1.991,2.205
1.978,3.187
1.849,2.029
1.797,2.51
1.759,2.518
1.689,3.648
1.68,2.22
1.756,0.798
1.668,3.674
1.494,2.44
1.565,2.423
1.341,0.001
1.418,1.215
1.287,1.687
1.201,0.934
1.278,1.27
1.22,1.316
1.088,1.593
1.05,3.309
0.992,2.156
1.099,3.558
1.041,1.542
0.887,2.323
0.885,0.765
0.838,2.205
0.972,3.173
0.98,2.62
0.805,-0.133
0.81,1.102
0.759,0.999
0.763,0.9
0.602,-0.013
0.7,2.046
0.666,2.953
0.467,3.346
0.48,1.48
0.496,-0.268
0.468,0.947
0.222,3.369
0.377,2.262
0.2,0.785
0.099,-0.354
0.195,2.267
0.011,0.882
0.109,3.357
0.049,0.634
-0.113,2.441
-0.289,1.063
-0.399,1.43
-0.346,0.067
-0.675,-0.32
-0.716,0.661
-0.739,1.17
-0.843,3.556
-0.861,2.493
-0.971,2.316
-1.019,1.177
-1.108,2.226
-1.374,-0.1
-1.253,-0.089
-1.335,0.779
-1.44,3.446
-1.389,0.83
-1.378,3.025
-1.411,0.736
-1.514,1.892
-1.67,2.411
-1.747,2.459
-1.773,0.996
-1.906,1.481
-1.876,-0.135
-2.054,2.535
-2.189,3.353
-2.18,3.177
-2.055,3.272
-2.24,3.431
-2.133,2.057
-2.356,2.362
-2.356,2.147
-2.431,2.935
-2.411,3.578
-2.595,1.755
-2.655,0.856
-2.857,0.999
-2.907,1.133
-2.974,1.908
-3.063,-0.256
-3.095,-0.032
-3.008,3.304
-3.038,2.026
3.1,1.906
-3.092,2.471
-3.071,1.838
3.034,-0.666
2.712,-0.364
1.816,-0.63
1.259,-0.594
1.364,-0.406
0.394,-0.327
0.213,-0.683
-0.254,-0.637
-0.399,-0.741
-0.455,-0.5
-1.766,-0.578
-1.643,-0.531
-1.805,-0.665
-1.672,-0.473
-1.966,-0.559
-2.012,-0.443
-2.139,-0.658
-2.77,-0.426
-2.74,-0.325
-2.917,-0.5
2.964,-0.319
2.801,3.918
2.675,4.03
2.636,4.0
2.529,3.984
2.346,3.934
1.461,3.747
0.929,3.813
0.696,3.642
0.354,3.941
0.007,3.878
-0.865,3.883
-1.09,3.935
-1.439,3.804
-2.223,3.987
-2.626,3.605
-3.066,3.849
3.031,3.75
3.119,3.948
0.786,1.577
-0.41,2.787
-0.978,0.605
-1.419,1.515
-1.663,3.271
2.091,2.115
1.908,0.413
1.364,0.407
0.686,0.942
-1.134,3.136
-1.477,2.563
-1.482,2.199
-1.79,1.444
-2.145,0.187
-2.082,1.825
-2.423,2.565
-2.449,1.128
-2.635,3.018
-2.654,3.215
-2.707,2.119
2.886,2.025
2.701,0.7
1.176,1.947
-0.333,1.963
-1.594,0.626
1.125,3.452
2.804,-0.444
-2.722,-0.792
0.033,2.171
0.005,1.163
-0.083,2.326
-0.158,0.626
-0.206,-0.168
-0.152,-0.561
-0.163,2.476
-0.222,2.083
-0.188,2.181
-0.225,-0.083
-0.317,0.627
-0.531,2.766
-0.52,-0.954
-0.63,0.299
-0.568,1.33
-0.632,1.753
-0.611,0.466
-0.598,0.553
-0.687,2.655
-0.616,0.748
-0.66,1.619
-0.745,0.147
-0.712,0.745
-0.883,0.683
-0.84,1.262
-0.954,1.235
-0.976,0.417
-0.981,1.676
-1.0,1.758
-1.236,-0.74
-1.25,0.591
-1.251,1.37
-1.249,-0.854
-1.333,-1.053
-1.349,2.461
-1.362,2.185
-1.402,-0.501
-1.469,-0.589
-1.466,1.886
-1.457,-0.205
-1.581,0.522
-1.608,0.38
-1.568,-0.796
-1.652,-0.066
-1.664,0.573
-1.666,1.358
-1.663,2.359
-1.7,0.426
-1.755,-0.071
-1.757,2.65
-1.708,1.112
-1.785,1.786
-1.829,1.071
-1.795,1.298
-1.872,1.018
-1.803,-0.293
-1.827,0.206
-1.842,0.091
-1.821,0.289
-1.849,1.824
-2.074,-1.033
-2.166,-0.595
-2.222,1.24
-2.251,-0.397
-2.224,2.846
-2.245,0.595
-2.316,1.953
-2.392,-0.236
-2.329,2.123
-2.346,1.843
-2.421,0.865
-2.411,0.094
-2.534,-0.159
-2.588,-0.02
-2.748,0.779
-2.722,-0.225
-2.734,0.711
-2.816,0.087
-2.872,2.239
-3.033,2.636
-3.098,0.818
-3.122,-0.852
3.115,1.087
1.796,-1.169
1.744,-1.175
1.681,-1.366
1.332,-1.249
0.89,-1.495
0.892,-1.159
0.548,-1.459
0.296,-1.339
-0.127,-1.31
-0.441,-1.419
-0.625,-1.423
-0.687,-1.155
-1.282,-1.546
-1.496,-1.222
-1.876,-1.125
-1.98,-1.493
-3.13,-1.181
3.014,2.956
2.503,3.019
2.03,2.963
1.881,3.197
1.849,2.884
1.645,3.082
1.08,3.162
0.991,3.228
0.575,2.889
-0.423,2.993
-0.708,3.279
-1.616,2.936
-1.706,3.115
-1.833,2.904
-1.97,3.349
-2.15,3.217
-2.307,3.193
-2.524,3.224
-2.477,2.906
-2.97,3.066
2.358,2.374
2.377,0.043
1.442,2.876
1.15,2.547
0.665,2.79
0.118,-0.429
-1.493,2.545
-1.967,2.337
-3.011,1.532
-3.038,-0.144
2.424,-1.528
-1.268,-1.361
-2.561,-1.28
-2.668,-1.317
-3.14,-1.528
3.129,1.681
3.126,-0.047
2.798,0.25
2.574,1.499
2.433,0.435
2.541,2.535
2.457,1.642
2.305,1.925
2.408,0.629
2.433,-0.541
2.275,1.486
2.243,2.33
2.355,0.556
2.308,1.91
2.147,0.12
2.243,-0.361
2.009,1.468
2.021,0.413
2.131,2.874
2.07,0.25
2.064,1.422
2.051,2.404
1.922,1.246
1.87,1.727
1.832,1.735
1.762,2.865
1.753,1.437
1.829,0.015
1.741,2.891
1.567,1.657
1.638,1.64
1.414,-0.782
1.491,0.432
1.36,0.904
1.274,0.151
1.351,0.487
1.293,0.533
1.161,0.81
1.123,2.526
1.065,1.373
1.172,2.775
1.114,0.759
0.96,1.54
0.958,-0.018
0.911,1.422
1.045,2.39
1.053,1.837
0.878,-0.916
0.883,0.319
0.832,0.216
0.836,0.117
0.675,-0.796
0.773,1.263
0.739,2.17
0.54,2.563
0.553,0.697
0.569,-1.051
0.541,0.164
0.295,2.586
0.45,1.479
0.273,0.002
0.172,-1.137
0.268,1.484
0.084,0.099
0.182,2.574
0.122,-0.149
-0.04,1.658
-0.216,0.28
-0.326,0.647
-0.273,-0.716
-0.602,-1.103
-0.643,-0.122
-0.666,0.387
-0.77,2.773
-0.788,1.71
-0.898,1.533
-0.946,0.394
-1.035,1.443
-1.301,-0.883
-1.18,-0.872
-1.262,-0.004
-1.367,2.663
-1.316,0.047
-1.305,2.242
-1.338,-0.047
-1.441,1.109
-1.597,1.628
-1.674,1.676
-1.7,0.213
-1.833,0.698
-1.803,-0.918
-1.981,1.752
-2.116,2.57
-2.107,2.394
-1.982,2.489
-2.167,2.648
-2.06,1.274
-2.283,1.579
-2.283,1.364
-2.358,2.152
-2.338,2.795
-2.522,0.972
-2.582,0.073
-2.784,0.216
-2.834,0.35
-2.901,1.125
-2.99,-1.039
-3.022,-0.815
-2.935,2.521
-2.965,1.243
-3.11,1.123
-3.019,1.688
-2.998,1.055
3.107,-1.449
2.785,-1.147
1.889,-1.413
1.332,-1.377
1.437,-1.189
0.467,-1.11
0.286,-1.466
-0.181,-1.42
-0.326,-1.524
-0.382,-1.283
-1.693,-1.361
-1.57,-1.314
-1.732,-1.448
-1.599,-1.256
-1.893,-1.342
-1.939,-1.226
-2.066,-1.441
-2.697,-1.209
-2.667,-1.108
-2.844,-1.283
3.037,-1.102
2.874,3.135
2.748,3.247
2.709,3.217
2.602,3.201
2.419,3.151
1.534,2.964
1.002,3.03
0.769,2.859
0.427,3.158
0.08,3.095
-0.792,3.1
-1.017,3.152
-1.366,3.021
-2.15,3.204
-2.553,2.822
-2.993,3.066
3.104,2.967
-3.091,3.165
0.859,0.794
-0.337,2.004
-0.905,-0.178
-1.346,0.732
-1.59,2.488
2.164,1.332
1.981,-0.37
1.437,-0.376
0.759,0.159
-1.061,2.353
-1.404,1.78
-1.409,1.416
-1.717,0.661
-2.072,-0.596
-2.009,1.042
-2.35,1.782
-2.376,0.345
-2.562,2.235
-2.581,2.432
-2.634,1.336
2.959,1.242
2.774,-0.083
1.249,1.164
-0.26,1.18
-1.521,-0.157
1.198,2.669
2.877,-1.227
-2.649,-1.575
-0.028,-1.008
-0.116,0.155
-0.191,-1.545
-0.239,-2.339
-0.185,-2.732
-0.196,0.305
-0.255,-0.088
-0.221,0.01
-0.258,-2.254
-0.35,-1.544
-0.564,0.595
-0.553,-3.125
-0.663,-1.872
-0.601,-0.841
-0.665,-0.418
-0.644,-1.705
-0.631,-1.618
-0.72,0.484
-0.649,-1.423
-0.693,-0.552
-0.778,-2.024
-0.745,-1.426
-0.916,-1.488
-0.873,-0.909
-0.987,-0.936
-1.009,-1.754
-1.014,-0.495
-1.033,-0.413
-1.269,-2.911
-1.283,-1.58
-1.284,-0.801
-1.282,-3.025
-1.366,-3.224
-1.382,0.29
-1.395,0.014
-1.435,-2.672
-1.502,-2.76
-1.499,-0.285
-1.49,-2.376
-1.614,-1.649
-1.641,-1.791
-1.601,-2.967
-1.685,-2.237
-1.697,-1.598
-1.699,-0.813
-1.696,0.188
-1.733,-1.745
-1.788,-2.242
-1.79,0.479
-1.741,-1.059
-1.818,-0.385
-1.862,-1.1
-1.828,-0.873
-1.905,-1.153
-1.836,-2.464
-1.86,-1.965
-1.875,-2.08
-1.854,-1.882
-1.882,-0.347
-2.107,-3.204
-2.199,-2.766
-2.255,-0.931
-2.284,-2.568
-2.257,0.675
-2.278,-1.576
-2.349,-0.218
-2.425,-2.407
-2.362,-0.048
-2.379,-0.328
-2.454,-1.306
-2.444,-2.077
-2.567,-2.33
-2.621,-2.191
-2.781,-1.392
-2.755,-2.396
-2.767,-1.46
-2.849,-2.084
-2.905,0.068
-3.066,0.465
-3.131,-1.353
3.128,-3.023
3.082,-1.084
1.763,-3.34
1.711,-3.346
1.648,-3.537
1.299,-3.42
0.857,-3.666
0.859,-3.33
0.515,-3.63
0.263,-3.51
-0.16,-3.481
-0.474,-3.59
-0.658,-3.594
-0.72,-3.326
-1.315,-3.717
-1.529,-3.393
-1.909,-3.296
-2.013,-3.664
3.12,-3.352
2.981,0.785
2.47,0.848
1.997,0.792
1.848,1.026
1.816,0.713
1.612,0.911
1.047,0.991
0.958,1.057
0.542,0.718
-0.456,0.822
-0.741,1.108
-1.649,0.765
-1.739,0.944
-1.866,0.733
-2.003,1.178
-2.183,1.046
-2.34,1.022
-2.557,1.053
-2.51,0.735
-3.003,0.895
2.325,0.203
2.344,-2.128
1.409,0.705
1.117,0.376
0.632,0.619
0.085,-2.6
-1.526,0.374
-2.0,0.166
-3.044,-0.639
-3.071,-2.315
2.391,-3.699
-1.301,-3.532
-2.594,-3.451
-2.701,-3.488
3.11,-3.699
3.096,-0.49
3.093,-2.218
2.765,-1.921
2.541,-0.672
2.4,-1.736
2.508,0.364
2.424,-0.529
2.272,-0.246
2.375,-1.542
2.4,-2.712
2.242,-0.685
2.21,0.159
2.322,-1.615
2.275,-0.261
2.114,-2.051
2.21,-2.532
1.976,-0.703
1.988,-1.758
2.098,0.703
2.037,-1.921
2.031,-0.749
2.018,0.233
1.889,-0.925
1.837,-0.444
1.799,-0.436
1.729,0.694
1.72,-0.734
1.796,-2.156
1.708,0.72
1.534,-0.514
1.605,-0.531
1.381,-2.953
1.458,-1.739
1.327,-1.267
1.241,-2.02
1.318,-1.684
1.26,-1.638
1.128,-1.361
1.09,0.355
1.032,-0.798
1.139,0.604
1.081,-1.412
0.927,-0.631
0.925,-2.189
0.878,-0.749
1.012,0.219
1.02,-0.334
0.845,-3.087
0.85,-1.852
0.799,-1.955
0.803,-2.054
0.642,-2.967
0.74,-0.908
0.706,-0.001
0.507,0.392
0.52,-1.474
0.536,-3.222
0.508,-2.007
0.262,0.415
0.417,-0.692
0.24,-2.169
0.139,-3.308
0.235,-0.687
0.051,-2.072
0.149,0.403
0.089,-2.32
-0.073,-0.513
-0.249,-1.891
-0.359,-1.524
-0.306,-2.887
-0.635,-3.274
-0.676,-2.293
-0.699,-1.784
-0.803,0.602
-0.821,-0.461
-0.931,-0.638
-0.979,-1.777
-1.068,-0.728
-1.334,-3.054
-1.213,-3.043
-1.295,-2.175
-1.4,0.492
-1.349,-2.124
-1.338,0.071
-1.371,-2.218
-1.474,-1.062
-1.63,-0.543
-1.707,-0.495
-1.733,-1.958
-1.866,-1.473
-1.836,-3.089
-2.014,-0.419
-2.149,0.399
-2.14,0.223
-2.015,0.318
-2.2,0.477
-2.093,-0.897
-2.316,-0.592
-2.316,-0.807
-2.391,-0.019
-2.371,0.624
-2.555,-1.199
-2.615,-2.098
-2.817,-1.955
-2.867,-1.821
-2.934,-1.046
-3.023,-3.21
-3.055,-2.986
-2.968,0.35
-2.998,-0.928
3.14,-1.048
-3.052,-0.483
-3.031,-1.116
3.074,-3.62
2.752,-3.318
1.856,-3.584
1.299,-3.548
1.404,-3.36
0.434,-3.281
0.253,-3.637
-0.214,-3.591
-0.359,-3.695
-0.415,-3.454
-1.726,-3.532
-1.603,-3.485
-1.765,-3.619
-1.632,-3.427
-1.926,-3.513
-1.972,-3.397
-2.099,-3.612
-2.73,-3.38
-2.7,-3.279
-2.877,-3.454
3.004,-3.273
2.841,0.964
2.715,1.076
2.676,1.046
2.569,1.03
2.386,0.98
1.501,0.793
0.969,0.859
0.736,0.688
0.394,0.987
0.047,0.924
-0.825,0.929
-1.05,0.981
-1.399,0.85
-2.183,1.033
-2.586,0.651
-3.026,0.895
3.071,0.796
-3.124,0.994
0.826,-1.377
-0.37,-0.167
-0.938,-2.349
-1.379,-1.439
-1.623,0.317
2.131,-0.839
1.948,-2.541
1.404,-2.547
0.726,-2.012
-1.094,0.182
-1.437,-0.391
-1.442,-0.755
-1.75,-1.51
-2.105,-2.767
-2.042,-1.129
-2.383,-0.389
-2.409,-1.826
-2.595,0.064
-2.614,0.261
-2.667,-0.835
2.926,-0.929
2.741,-2.254
1.216,-1.007
-0.293,-0.991
-1.554,-2.328
1.165,0.498
2.844,-3.398
-2.682,-3.746
-0.088,1.163
-0.163,-0.537
-0.211,-1.331
-0.157,-1.724
-0.168,1.313
-0.227,0.92
-0.193,1.018
-0.23,-1.246
-0.322,-0.536
-0.536,1.603
-0.525,-2.117
-0.635,-0.864
-0.573,0.167
-0.637,0.59
-0.616,-0.697
-0.603,-0.61
-0.692,1.492
-0.621,-0.415
-0.665,0.456
-0.75,-1.016
-0.717,-0.418
-0.888,-0.48
-0.845,0.099
-0.959,0.072
-0.981,-0.746
-0.986,0.513
-1.005,0.595
-1.241,-1.903
-1.255,-0.572
-1.256,0.207
-1.254,-2.017
-1.338,-2.216
-1.354,1.298
-1.367,1.022
-1.407,-1.664
-1.474,-1.752
-1.471,0.723
-1.462,-1.368
-1.586,-0.641
-1.613,-0.783
-1.573,-1.959
-1.657,-1.229
-1.669,-0.59
-1.671,0.195
-1.668,1.196
-1.705,-0.737
-1.76,-1.234
-1.762,1.487
-1.713,-0.051
-1.79,0.623
-1.834,-0.092
-1.8,0.135
-1.877,-0.145
-1.808,-1.456
-1.832,-0.957
-1.847,-1.072
-1.826,-0.874
-1.854,0.661
-2.079,-2.196
-2.171,-1.758
-2.227,0.077
-2.256,-1.56
-2.229,1.683
-2.25,-0.568
-2.321,0.79
-2.397,-1.399
-2.334,0.96
-2.351,0.68
-2.426,-0.298
-2.416,-1.069
-2.539,-1.322
-2.593,-1.183
-2.753,-0.384
-2.727,-1.388
-2.739,-0.452
-2.821,-1.076
-2.877,1.076
-3.038,1.473
-3.103,-0.345
-3.127,-2.015
3.11,-0.076
1.791,-2.332
1.739,-2.338
1.676,-2.529
1.327,-2.412
0.885,-2.658
0.887,-2.322
0.543,-2.622
0.291,-2.502
-0.132,-2.473
-0.446,-2.582
-0.63,-2.586
-0.692,-2.318
-1.287,-2.709
-1.501,-2.385
-1.881,-2.288
-1.985,-2.656
-3.135,-2.344
3.009,1.793
2.498,1.856
2.025,1.8
1.876,2.034
1.844,1.721
1.64,1.919
1.075,1.999
0.986,2.065
0.57,1.726
-0.428,1.83
-0.713,2.116
-1.621,1.773
-1.711,1.952
-1.838,1.741
-1.975,2.186
-2.155,2.054
-2.312,2.03
-2.529,2.061
-2.482,1.743
-2.975,1.903
2.353,1.211
2.372,-1.12
1.437,1.713
1.145,1.384
0.66,1.627
0.113,-1.592
-1.498,1.382
-1.972,1.174
-3.016,0.369
-3.043,-1.307
2.419,-2.691
-1.273,-2.524
-2.566,-2.443
-2.673,-2.48
3.138,-2.691
3.124,0.518
3.121,-1.21
2.793,-0.913
2.569,0.336
2.428,-0.728
2.536,1.372
2.452,0.479
2.3,0.762
2.403,-0.534
2.428,-1.704
2.27,0.323
2.238,1.167
2.35,-0.607
2.303,0.747
2.142,-1.043
2.238,-1.524
2.004,0.305
2.016,-0.75
2.126,1.711
2.065,-0.913
2.059,0.259
2.046,1.241
1.917,0.083
1.865,0.564
1.827,0.572
1.757,1.702
1.748,0.274
1.824,-1.148
1.736,1.728
1.562,0.494
1.633,0.477
1.409,-1.945
1.486,-0.731
1.355,-0.259
1.269,-1.012
1.346,-0.676
1.288,-0.63
1.156,-0.353
1.118,1.363
1.06,0.21
1.167,1.612
1.109,-0.404
0.955,0.377
0.953,-1.181
0.906,0.259
1.04,1.227
1.048,0.674
0.873,-2.079
0.878,-0.844
0.827,-0.947
0.831,-1.046
0.67,-1.959
0.768,0.1
0.734,1.007
0.535,1.4
0.548,-0.466
0.564,-2.214
0.536,-0.999
0.29,1.423
0.445,0.316
0.268,-1.161
0.167,-2.3
0.263,0.321
0.079,-1.064
0.177,1.411
0.117,-1.312
-0.045,0.495
-0.221,-0.883
-0.331,-0.516
-0.278,-1.879
-0.607,-2.266
-0.648,-1.285
-0.671,-0.776
-0.775,1.61
-0.793,0.547
-0.903,0.37
-0.951,-0.769
-1.04,0.28
-1.306,-2.046
-1.185,-2.035
-1.267,-1.167
-1.372,1.5
-1.321,-1.116
-1.31,1.079
-1.343,-1.21
-1.446,-0.054
-1.602,0.465
-1.679,0.513
-1.705,-0.95
-1.838,-0.465
-1.808,-2.081
-1.986,0.589
-2.121,1.407
-2.112,1.231
-1.987,1.326
-2.172,1.485
-2.065,0.111
-2.288,0.416
-2.288,0.201
-2.363,0.989
-2.343,1.632
-2.527,-0.191
-2.587,-1.09
-2.789,-0.947
-2.839,-0.813
-2.906,-0.038
-2.995,-2.202
-3.027,-1.978
-2.94,1.358
-2.97,0.08
-3.115,-0.04
-3.024,0.525
-3.003,-0.108
3.102,-2.612
2.78,-2.31
1.884,-2.576
1.327,-2.54
1.432,-2.352
0.462,-2.273
0.281,-2.629
-0.186,-2.583
-0.331,-2.687
-0.387,-2.446
-1.698,-2.524
-1.575,-2.477
-1.737,-2.611
-1.604,-2.419
-1.898,-2.505
-1.944,-2.389
-2.071,-2.604
-2.702,-2.372
-2.672,-2.271
-2.849,-2.446
3.032,-2.265
2.869,1.972
2.743,2.084
2.704,2.054
2.597,2.038
2.414,1.988
1.529,1.801
0.997,1.867
0.764,1.696
0.422,1.995
0.075,1.932
-0.797,1.937
-1.022,1.989
-1.371,1.858
-2.155,2.041
-2.558,1.659
-2.998,1.903
3.099,1.804
-3.096,2.002
0.854,-0.369
-0.342,0.841
-0.91,-1.341
-1.351,-0.431
-1.595,1.325
2.159,0.169
1.976,-1.533
1.432,-1.539
0.754,-1.004
-1.066,1.19
-1.409,0.617
-1.414,0.253
-1.722,-0.502
-2.077,-1.759
-2.014,-0.121
-2.355,0.619
-2.381,-0.818
-2.567,1.072
-2.586,1.269
-2.639,0.173
2.954,0.079
2.769,-1.246
1.244,0.001
-0.265,0.017
-1.526,-1.32
1.193,1.506
2.872,-2.39
-2.654,-2.738
-0.075,-1.7
-0.123,-2.494
-0.069,-2.887
-0.08,0.15
-0.139,-0.243
-0.105,-0.145
-0.142,-2.409
-0.234,-1.699
-0.448,0.44
-0.437,-3.28
-0.547,-2.027
-0.485,-0.996
-0.549,-0.573
-0.528,-1.86
-0.515,-1.773
-0.604,0.329
-0.533,-1.578
-0.577,-0.707
-0.662,-2.179
-0.629,-1.581
-0.8,-1.643
-0.757,-1.064
-0.871,-1.091
-0.893,-1.909
-0.898,-0.65
-0.917,-0.568
-1.153,-3.066
-1.167,-1.735
-1.168,-0.956
-1.166,-3.18
-1.25,-3.379
-1.266,0.135
-1.279,-0.141
-1.319,-2.827
-1.386,-2.915
-1.383,-0.44
-1.374,-2.531
-1.498,-1.804
-1.525,-1.946
-1.485,-3.122
-1.569,-2.392
-1.581,-1.753
-1.583,-0.968
-1.58,0.033
-1.617,-1.9
-1.672,-2.397
-1.674,0.324
-1.625,-1.214
-1.702,-0.54
-1.746,-1.255
-1.712,-1.028
-1.789,-1.308
-1.72,-2.619
-1.744,-2.12
-1.759,-2.235
-1.738,-2.037
-1.766,-0.502
-1.991,-3.359
-2.083,-2.921
-2.139,-1.086
-2.168,-2.723
-2.141,0.52
-2.162,-1.731
-2.233,-0.373
-2.309,-2.562
-2.246,-0.203
-2.263,-0.483
-2.338,-1.461
-2.328,-2.232
-2.451,-2.485
-2.505,-2.346
-2.665,-1.547
-2.639,-2.551
-2.651,-1.615
-2.733,-2.239
-2.789,-0.087
-2.95,0.31
-3.015,-1.508
-3.039,-3.178
-3.085,-1.239
1.879,-3.495
1.827,-3.501
1.764,-3.692
1.415,-3.575
0.973,-3.821
0.975,-3.485
0.631,-3.785
0.379,-3.665
-0.044,-3.636
-0.358,-3.745
-0.542,-3.749
-0.604,-3.481
-1.199,-3.872
-1.413,-3.548
-1.793,-3.451
-1.897,-3.819
-3.047,-3.507
3.097,0.63
2.586,0.693
2.113,0.637
1.964,0.871
1.932,0.558
1.728,0.756
1.163,0.836
1.074,0.902
0.658,0.563
-0.34,0.667
-0.625,0.953
-1.533,0.61
-1.623,0.789
-1.75,0.578
-1.887,1.023
-2.067,0.891
-2.224,0.867
-2.441,0.898
-2.394,0.58
-2.887,0.74
2.441,0.048
2.46,-2.283
1.525,0.55
1.233,0.221
0.748,0.464
0.201,-2.755
-1.41,0.219
-1.884,0.011
-2.928,-0.794
-2.955,-2.47
2.507,-3.854
-1.185,-3.687
-2.478,-3.606
-2.585,-3.643
-3.057,-3.854
-3.071,-0.645
-3.074,-2.373
2.881,-2.076
2.657,-0.827
2.516,-1.891
2.624,0.209
2.54,-0.684
2.388,-0.401
2.491,-1.697
2.516,-2.867
2.358,-0.84
2.326,0.004
2.438,-1.77
2.391,-0.416
2.23,-2.206
2.326,-2.687
2.092,-0.858
2.104,-1.913
2.214,0.548
2.153,-2.076
2.147,-0.904
2.134,0.078
2.005,-1.08
1.953,-0.599
1.915,-0.591
1.845,0.539
1.836,-0.889
1.912,-2.311
1.824,0.565
1.65,-0.669
1.721,-0.686
1.497,-3.108
1.574,-1.894
1.443,-1.422
1.357,-2.175
1.434,-1.839
1.376,-1.793
1.244,-1.516
1.206,0.2
1.148,-0.953
1.255,0.449
1.197,-1.567
1.043,-0.786
1.041,-2.344
0.994,-0.904
1.128,0.064
1.136,-0.489
0.961,-3.242
0.966,-2.007
0.915,-2.11
0.919,-2.209
0.758,-3.122
0.856,-1.063
0.822,-0.156
0.623,0.237
0.636,-1.629
0.652,-3.377
0.624,-2.162
0.378,0.26
0.533,-0.847
0.356,-2.324
0.255,-3.463
0.351,-0.842
0.167,-2.227
0.265,0.248
0.205,-2.475
0.043,-0.668
-0.133,-2.046
-0.243,-1.679
-0.19,-3.042
-0.519,-3.429
-0.56,-2.448
-0.583,-1.939
-0.687,0.447
-0.705,-0.616
-0.815,-0.793
-0.863,-1.932
-0.952,-0.883
-1.218,-3.209
-1.097,-3.198
-1.179,-2.33
-1.284,0.337
-1.233,-2.279
-1.222,-0.084
-1.255,-2.373
-1.358,-1.217
-1.514,-0.698
-1.591,-0.65
-1.617,-2.113
-1.75,-1.628
-1.72,-3.244
-1.898,-0.574
-2.033,0.244
-2.024,0.068
-1.899,0.163
-2.084,0.322
-1.977,-1.052
-2.2,-0.747
-2.2,-0.962
-2.275,-0.174
-2.255,0.469
-2.439,-1.354
-2.499,-2.253
-2.701,-2.11
-2.751,-1.976
-2.818,-1.201
-2.907,-3.365
-2.939,-3.141
-2.852,0.195
-2.882,-1.083
-3.027,-1.203
-2.936,-0.638
-2.915,-1.271
-3.093,-3.775
2.868,-3.473
1.972,-3.739
1.415,-3.703
1.52,-3.515
0.55,-3.436
0.369,-3.792
-0.098,-3.746
-0.243,-3.85
-0.299,-3.609
-1.61,-3.687
-1.487,-3.64
-1.649,-3.774
-1.516,-3.582
-1.81,-3.668
-1.856,-3.552
-1.983,-3.767
-2.614,-3.535
-2.584,-3.434
-2.761,-3.609
3.12,-3.428
2.957,0.809
2.831,0.921
2.792,0.891
2.685,0.875
2.502,0.825
1.617,0.638
1.085,0.704
0.852,0.533
0.51,0.832
0.163,0.769
-0.709,0.774
-0.934,0.826
-1.283,0.695
-2.067,0.878
-2.47,0.496
-2.91,0.74
-3.096,0.641
-3.008,0.839
0.942,-1.532
-0.254,-0.322
-0.822,-2.504
-1.263,-1.594
-1.507,0.162
2.247,-0.994
2.064,-2.696
1.52,-2.702
0.842,-2.167
-0.978,0.027
-1.321,-0.546
-1.326,-0.91
-1.634,-1.665
-1.989,-2.922
-1.926,-1.284
-2.267,-0.544
-2.293,-1.981
-2.479,-0.091
-2.498,0.106
-2.551,-0.99
3.042,-1.084
2.857,-2.409
1.332,-1.162
-0.177,-1.146
-1.438,-2.483
1.281,0.343
2.96,-3.553
-2.566,-3.901
-0.048,-0.794
0.006,-1.187
-0.005,1.85
-0.064,1.457
-0.03,1.555
-0.067,-0.709
-0.159,0.001
-0.373,2.14
-0.362,-1.58
-0.472,-0.327
-0.41,0.704
-0.474,1.127
-0.453,-0.16
-0.44,-0.073
-0.529,2.029
-0.458,0.122
-0.502,0.993
-0.587,-0.479
-0.554,0.119
-0.725,0.057
-0.682,0.636
-0.796,0.609
-0.818,-0.209
-0.823,1.05
-0.842,1.132
-1.078,-1.366
-1.092,-0.035
-1.093,0.744
-1.091,-1.48
-1.175,-1.679
-1.191,1.835
-1.204,1.559
-1.244,-1.127
-1.311,-1.215
-1.308,1.26
-1.299,-0.831
-1.423,-0.104
-1.45,-0.246
-1.41,-1.422
-1.494,-0.692
-1.506,-0.053
-1.508,0.732
-1.505,1.733
-1.542,-0.2
-1.597,-0.697
-1.599,2.024
-1.55,0.486
-1.627,1.16
-1.671,0.445
-1.637,0.672
-1.714,0.392
-1.645,-0.919
-1.669,-0.42
-1.684,-0.535
-1.663,-0.337
-1.691,1.198
-1.916,-1.659
-2.008,-1.221
-2.064,0.614
-2.093,-1.023
-2.066,2.22
-2.087,-0.031
-2.158,1.327
-2.234,-0.862
-2.171,1.497
-2.188,1.217
-2.263,0.239
-2.253,-0.532
-2.376,-0.785
-2.43,-0.646
-2.59,0.153
-2.564,-0.851
-2.576,0.085
-2.658,-0.539
-2.714,1.613
-2.875,2.01
-2.94,0.192
-2.964,-1.478
-3.01,0.461
1.954,-1.795
1.902,-1.801
1.839,-1.992
1.49,-1.875
1.048,-2.121
1.05,-1.785
0.706,-2.085
0.454,-1.965
0.031,-1.936
-0.283,-2.045
-0.467,-2.049
-0.529,-1.781
-1.124,-2.172
-1.338,-1.848
-1.718,-1.751
-1.822,-2.119
-2.972,-1.807
-3.111,2.33
2.661,2.393
2.188,2.337
2.039,2.571
2.007,2.258
1.803,2.456
1.238,2.536
1.149,2.602
0.733,2.263
-0.265,2.367
-0.55,2.653
-1.458,2.31
-1.548,2.489
-1.675,2.278
-1.812,2.723
-1.992,2.591
-2.149,2.567
-2.366,2.598
-2.319,2.28
-2.812,2.44
2.516,1.748
2.535,-0.583
1.6,2.25
1.308,1.921
0.823,2.164
0.276,-1.055
-1.335,1.919
-1.809,1.711
-2.853,0.906
-2.88,-0.77
2.582,-2.154
-1.11,-1.987
-2.403,-1.906
-2.51,-1.943
-2.982,-2.154
-2.996,1.055
-2.999,-0.673
2.956,-0.376
2.732,0.873
2.591,-0.191
2.699,1.909
2.615,1.016
2.463,1.299
2.566,0.003
2.591,-1.167
2.433,0.86
2.401,1.704
2.513,-0.07
2.466,1.284
2.305,-0.506
2.401,-0.987
2.167,0.842
2.179,-0.213
2.289,2.248
2.228,-0.376
2.222,0.796
2.209,1.778
2.08,0.62
2.028,1.101
1.99,1.109
1.92,2.239
1.911,0.811
1.987,-0.611
1.899,2.265
1.725,1.031
1.796,1.014
1.572,-1.408
1.649,-0.194
1.518,0.278
1.432,-0.475
1.509,-0.139
1.451,-0.093
1.319,0.184
1.281,1.9
1.223,0.747
1.33,2.149
1.272,0.133
1.118,0.914
1.116,-0.644
1.069,0.796
1.203,1.764
1.211,1.211
1.036,-1.542
1.041,-0.307
0.99,-0.41
0.994,-0.509
0.833,-1.422
0.931,0.637
0.897,1.544
0.698,1.937
0.711,0.071
0.727,-1.677
0.699,-0.462
0.453,1.96
0.608,0.853
0.431,-0.624
0.33,-1.763
0.426,0.858
0.242,-0.527
0.34,1.948
0.28,-0.775
0.118,1.032
-0.058,-0.346
-0.168,0.021
-0.115,-1.342
-0.444,-1.729
-0.485,-0.748
-0.508,-0.239
-0.612,2.147
-0.63,1.084
-0.74,0.907
-0.788,-0.232
-0.877,0.817
-1.143,-1.509
-1.022,-1.498
-1.104,-0.63
-1.209,2.037
-1.158,-0.579
-1.147,1.616
-1.18,-0.673
-1.283,0.483
-1.439,1.002
-1.516,1.05
-1.542,-0.413
-1.675,0.072
-1.645,-1.544
-1.823,1.126
-1.958,1.944
-1.949,1.768
-1.824,1.863
-2.009,2.022
-1.902,0.648
-2.125,0.953
-2.125,0.738
-2.2,1.526
-2.18,2.169
-2.364,0.346
-2.424,-0.553
-2.626,-0.41
-2.676,-0.276
-2.743,0.499
-2.832,-1.665
-2.864,-1.441
-2.777,1.895
-2.807,0.617
-2.952,0.497
-2.861,1.062
-2.84,0.429
-3.018,-2.075
2.943,-1.773
2.047,-2.039
1.49,-2.003
1.595,-1.815
0.625,-1.736
0.444,-2.092
-0.023,-2.046
-0.168,-2.15
-0.224,-1.909
-1.535,-1.987
-1.412,-1.94
-1.574,-2.074
-1.441,-1.882
-1.735,-1.968
-1.781,-1.852
-1.908,-2.067
-2.539,-1.835
-2.509,-1.734
-2.686,-1.909
-3.088,-1.728
3.032,2.509
2.906,2.621
2.867,2.591
2.76,2.575
2.577,2.525
1.692,2.338
1.16,2.404
0.927,2.233
0.585,2.532
0.238,2.469
-0.634,2.474
-0.859,2.526
-1.208,2.395
-1.992,2.578
-2.395,2.196
-2.835,2.44
-3.021,2.341
-2.933,2.539
1.017,0.168
-0.179,1.378
-0.747,-0.804
-1.188,0.106
-1.432,1.862
2.322,0.706
2.139,-0.996
1.595,-1.002
0.917,-0.467
-0.903,1.727
-1.246,1.154
-1.251,0.79
-1.559,0.035
-1.914,-1.222
-1.851,0.416
-2.192,1.156
-2.218,-0.281
-2.404,1.609
-2.423,1.806
-2.476,0.71
3.117,0.616
2.932,-0.709
1.407,0.538
-0.102,0.554
-1.363,-0.783
1.356,2.043
3.035,-1.853
-2.491,-2.201
0.054,-0.393
0.043,2.644
-0.016,2.251
0.018,2.349
-0.019,0.085
-0.111,0.795
-0.325,2.934
-0.314,-0.786
-0.424,0.467
-0.362,1.498
-0.426,1.921
-0.405,0.634
-0.392,0.721
-0.481,2.823
-0.41,0.916
-0.454,1.787
-0.539,0.315
-0.506,0.913
-0.677,0.851
-0.634,1.43
-0.748,1.403
-0.77,0.585
-0.775,1.844
-0.794,1.926
-1.03,-0.572
-1.044,0.759
-1.045,1.538
-1.043,-0.686
-1.127,-0.885
-1.143,2.629
-1.156,2.353
-1.196,-0.333
-1.263,-0.421
-1.26,2.054
-1.251,-0.037
-1.375,0.69
-1.402,0.548
-1.362,-0.628
-1.446,0.102
-1.458,0.741
-1.46,1.526
-1.457,2.527
-1.494,0.594
-1.549,0.097
-1.551,2.818
-1.502,1.28
-1.579,1.954
-1.623,1.239
-1.589,1.466
-1.666,1.186
-1.597,-0.125
-1.621,0.374
-1.636,0.259
-1.615,0.457
-1.643,1.992
-1.868,-0.865
-1.96,-0.427
-2.016,1.408
-2.045,-0.229
-2.018,3.014
-2.039,0.763
-2.11,2.121
-2.186,-0.068
-2.123,2.291
-2.14,2.011
-2.215,1.033
-2.205,0.262
-2.328,0.009
-2.382,0.148
-2.542,0.947
-2.516,-0.057
-2.528,0.879
-2.61,0.255
-2.666,2.407
-2.827,2.804
-2.892,0.986
-2.916,-0.684
-2.962,1.255
2.002,-1.001
1.95,-1.007
1.887,-1.198
1.538,-1.081
1.096,-1.327
1.098,-0.991
0.754,-1.291
0.502,-1.171
0.079,-1.142
-0.235,-1.251
-0.419,-1.255
-0.481,-0.987
-1.076,-1.378
-1.29,-1.054
-1.67,-0.957
-1.774,-1.325
-2.924,-1.013
-3.063,3.124
2.709,3.187
2.236,3.131
2.087,3.365
2.055,3.052
1.851,3.25
1.286,3.33
1.197,3.396
0.781,3.057
-0.217,3.161
-0.502,3.447
-1.41,3.104
-1.5,3.283
-1.627,3.072
-1.764,3.517
-1.944,3.385
-2.101,3.361
-2.318,3.392
-2.271,3.074
-2.764,3.234
2.564,2.542
2.583,0.211
1.648,3.044
1.356,2.715
0.871,2.958
0.324,-0.261
-1.287,2.713
-1.761,2.505
-2.805,1.7
-2.832,0.024
2.63,-1.36
-1.062,-1.193
-2.355,-1.112
-2.462,-1.149
-2.934,-1.36
-2.948,1.849
-2.951,0.121
3.004,0.418
2.78,1.667
2.639,0.603
2.747,2.703
2.663,1.81
2.511,2.093
2.614,0.797
2.639,-0.373
2.481,1.654
2.449,2.498
2.561,0.724
2.514,2.078
2.353,0.288
2.449,-0.193
2.215,1.636
2.227,0.581
2.337,3.042
2.276,0.418
2.27,1.59
2.257,2.572
2.128,1.414
2.076,1.895
2.038,1.903
1.968,3.033
1.959,1.605
2.035,0.183
1.947,3.059
1.773,1.825
1.844,1.808
1.62,-0.614
1.697,0.6
1.566,1.072
1.48,0.319
1.557,0.655
1.499,0.701
1.367,0.978
1.329,2.694
1.271,1.541
1.378,2.943
1.32,0.927
1.166,1.708
1.164,0.15
1.117,1.59
1.251,2.558
1.259,2.005
1.084,-0.748
1.089,0.487
1.038,0.384
1.042,0.285
0.881,-0.628
0.979,1.431
0.945,2.338
0.746,2.731
0.759,0.865
0.775,-0.883
0.747,0.332
0.501,2.754
0.656,1.647
0.479,0.17
0.378,-0.969
0.474,1.652
0.29,0.267
0.388,2.742
0.328,0.019
0.166,1.826
-0.01,0.448
-0.12,0.815
-0.067,-0.548
-0.396,-0.935
-0.437,0.046
-0.46,0.555
-0.564,2.941
-0.582,1.878
-0.692,1.701
-0.74,0.562
-0.829,1.611
-1.095,-0.715
-0.974,-0.704
-1.056,0.164
-1.161,2.831
-1.11,0.215
-1.099,2.41
-1.132,0.121
-1.235,1.277
-1.391,1.796
-1.468,1.844
-1.494,0.381
-1.627,0.866
-1.597,-0.75
-1.775,1.92
-1.91,2.738
-1.901,2.562
-1.776,2.657
-1.961,2.816
-1.854,1.442
-2.077,1.747
-2.077,1.532
-2.152,2.32
-2.132,2.963
-2.316,1.14
-2.376,0.241
-2.578,0.384
-2.628,0.518
-2.695,1.293
-2.784,-0.871
-2.816,-0.647
-2.729,2.689
-2.759,1.411
-2.904,1.291
-2.813,1.856
-2.792,1.223
-2.97,-1.281
2.991,-0.979
2.095,-1.245
1.538,-1.209
1.643,-1.021
0.673,-0.942
0.492,-1.298
0.025,-1.252
-0.12,-1.356
-0.176,-1.115
-1.487,-1.193
-1.364,-1.146
-1.526,-1.28
-1.393,-1.088
-1.687,-1.174
-1.733,-1.058
-1.86,-1.273
-2.491,-1.041
-2.461,-0.94
-2.638,-1.115
-3.04,-0.934
3.08,3.303
2.954,3.415
2.915,3.385
2.808,3.369
2.625,3.319
1.74,3.132
1.208,3.198
0.975,3.027
0.633,3.326
0.286,3.263
-0.586,3.268
-0.811,3.32
-1.16,3.189
-1.944,3.372
-2.347,2.99
-2.787,3.234
-2.973,3.135
-2.885,3.333
1.065,0.962
-0.131,2.172
-0.699,-0.01
-1.14,0.9
-1.384,2.656
2.37,1.5
2.187,-0.202
1.643,-0.208
0.965,0.327
-0.855,2.521
-1.198,1.948
-1.203,1.584
-1.511,0.829
-1.866,-0.428
-1.803,1.21
-2.144,1.95
-2.17,0.513
-2.356,2.403
-2.375,2.6
-2.428,1.504
-3.118,1.41
2.98,0.085
1.455,1.332
-0.054,1.348
-1.315,0.011
1.404,2.837
3.083,-1.059
-2.443,-1.407
-0.011,3.037
-0.07,2.644
-0.036,2.742
-0.073,0.478
-0.165,1.188
-0.379,3.327
-0.368,-0.393
-0.478,0.86
-0.416,1.891
-0.48,2.314
-0.459,1.027
-0.446,1.114
-0.535,3.216
-0.464,1.309
-0.508,2.18
-0.593,0.708
-0.56,1.306
-0.731,1.244
-0.688,1.823
-0.802,1.796
-0.824,0.978
-0.829,2.237
-0.848,2.319
-1.084,-0.179
-1.098,1.152
-1.099,1.931
-1.097,-0.293
-1.181,-0.492
-1.197,3.022
-1.21,2.746
-1.25,0.06
-1.317,-0.028
-1.314,2.447
-1.305,0.356
-1.429,1.083
-1.456,0.941
-1.416,-0.235
-1.5,0.495
-1.512,1.134
-1.514,1.919
-1.511,2.92
-1.548,0.987
-1.603,0.49
-1.605,3.211
-1.556,1.673
-1.633,2.347
-1.677,1.632
-1.643,1.859
-1.72,1.579
-1.651,0.268
-1.675,0.767
-1.69,0.652
-1.669,0.85
-1.697,2.385
-1.922,-0.472
-2.014,-0.034
-2.07,1.801
-2.099,0.164
-2.072,3.407
-2.093,1.156
-2.164,2.514
-2.24,0.325
-2.177,2.684
-2.194,2.404
-2.269,1.426
-2.259,0.655
-2.382,0.402
-2.436,0.541
-2.596,1.34
-2.57,0.336
-2.582,1.272
-2.664,0.648
-2.72,2.8
-2.881,3.197
-2.946,1.379
-2.97,-0.291
-3.016,1.648
1.948,-0.608
1.896,-0.614
1.833,-0.805
1.484,-0.688
1.042,-0.934
1.044,-0.598
0.7,-0.898
0.448,-0.778
0.025,-0.749
-0.289,-0.858
-0.473,-0.862
-0.535,-0.594
-1.13,-0.985
-1.344,-0.661
-1.724,-0.564
-1.828,-0.932
-2.978,-0.62
-3.117,3.517
2.655,3.58
2.182,3.524
2.033,3.758
2.001,3.445
1.797,3.643
1.232,3.723
1.143,3.789
0.727,3.45
-0.271,3.554
-0.556,3.84
-1.464,3.497
-1.554,3.676
-1.681,3.465
-1.818,3.91
-1.998,3.778
-2.155,3.754
-2.372,3.785
-2.325,3.467
-2.818,3.627
2.51,2.935
2.529,0.604
1.594,3.437
1.302,3.108
0.817,3.351
0.27,0.132
-1.341,3.106
-1.815,2.898
-2.859,2.093
-2.886,0.417
2.576,-0.967
-1.116,-0.8
-2.409,-0.719
-2.516,-0.756
-2.988,-0.967
-3.002,2.242
-3.005,0.514
2.95,0.811
2.726,2.06
2.585,0.996
2.693,3.096
2.609,2.203
2.457,2.486
2.56,1.19
2.585,0.02
2.427,2.047
2.395,2.891
2.507,1.117
2.46,2.471
2.299,0.681
2.395,0.2
2.161,2.029
2.173,0.974
2.283,3.435
2.222,0.811
2.216,1.983
2.203,2.965
2.074,1.807
2.022,2.288
1.984,2.296
1.914,3.426
1.905,1.998
1.981,0.576
1.893,3.452
1.719,2.218
1.79,2.201
1.566,-0.221
1.643,0.993
1.512,1.465
1.426,0.712
1.503,1.048
1.445,1.094
1.313,1.371
1.275,3.087
1.217,1.934
1.324,3.336
1.266,1.32
1.112,2.101
1.11,0.543
1.063,1.983
1.197,2.951
1.205,2.398
1.03,-0.355
1.035,0.88
0.984,0.777
0.988,0.678
0.827,-0.235
0.925,1.824
0.891,2.731
0.692,3.124
0.705,1.258
0.721,-0.49
0.693,0.725
0.447,3.147
0.602,2.04
0.425,0.563
0.324,-0.576
0.42,2.045
0.236,0.66
0.334,3.135
0.274,0.412
0.112,2.219
-0.064,0.841
-0.174,1.208
-0.121,-0.155
-0.45,-0.542
-0.491,0.439
-0.514,0.948
-0.618,3.334
-0.636,2.271
-0.746,2.094
-0.794,0.955
-0.883,2.004
-1.149,-0.322
-1.028,-0.311
-1.11,0.557
-1.215,3.224
-1.164,0.608
-1.153,2.803
-1.186,0.514
-1.289,1.67
-1.445,2.189
-1.522,2.237
-1.548,0.774
-1.681,1.259
-1.651,-0.357
-1.829,2.313
-1.964,3.131
-1.955,2.955
-1.83,3.05
-2.015,3.209
-1.908,1.835
-2.131,2.14
-2.131,1.925
-2.206,2.713
-2.186,3.356
-2.37,1.533
-2.43,0.634
-2.632,0.777
-2.682,0.911
-2.749,1.686
-2.838,-0.478
-2.87,-0.254
-2.783,3.082
-2.813,1.804
-2.958,1.684
-2.867,2.249
-2.846,1.616
-3.024,-0.888
2.937,-0.586
2.041,-0.852
1.484,-0.816
1.589,-0.628
0.619,-0.549
0.438,-0.905
-0.029,-0.859
-0.174,-0.963
-0.23,-0.722
-1.541,-0.8
-1.418,-0.753
-1.58,-0.887
-1.447,-0.695
-1.741,-0.781
-1.787,-0.665
-1.914,-0.88
-2.545,-0.648
-2.515,-0.547
-2.692,-0.722
-3.094,-0.541
3.026,3.696
2.9,3.808
2.861,3.778
2.754,3.762
2.571,3.712
1.686,3.525
1.154,3.591
0.921,3.42
0.579,3.719
0.232,3.656
-0.64,3.661
-0.865,3.713
-1.214,3.582
-1.998,3.765
-2.401,3.383
-2.841,3.627
-3.027,3.528
-2.939,3.726
1.011,1.355
-0.185,2.565
-0.753,0.383
-1.194,1.293
-1.438,3.049
2.316,1.893
2.133,0.191
1.589,0.185
0.911,0.72
-0.909,2.914
-1.252,2.341
-1.257,1.977
-1.565,1.222
-1.92,-0.035
-1.857,1.603
-2.198,2.343
-2.224,0.906
-2.41,2.796
-2.429,2.993
-2.482,1.897
3.111,1.803
2.926,0.478
1.401,1.725
-0.108,1.741
-1.369,0.404
1.35,3.23
3.029,-0.666
-2.497,-1.014
-0.059,-0.393
-0.025,-0.295
-0.062,-2.559
-0.154,-1.849
-0.368,0.29
-0.357,-3.43
-0.467,-2.177
-0.405,-1.146
-0.469,-0.723
-0.448,-2.01
-0.435,-1.923
-0.524,0.179
-0.453,-1.728
-0.497,-0.857
-0.582,-2.329
-0.549,-1.731
-0.72,-1.793
-0.677,-1.214
-0.791,-1.241
-0.813,-2.059
-0.818,-0.8
-0.837,-0.718
-1.073,-3.216
-1.087,-1.885
-1.088,-1.106
-1.086,-3.33
-1.17,-3.529
-1.186,-0.015
-1.199,-0.291
-1.239,-2.977
-1.306,-3.065
-1.303,-0.59
-1.294,-2.681
-1.418,-1.954
-1.445,-2.096
-1.405,-3.272
-1.489,-2.542
-1.501,-1.903
-1.503,-1.118
-1.5,-0.117
-1.537,-2.05
-1.592,-2.547
-1.594,0.174
-1.545,-1.364
-1.622,-0.69
-1.666,-1.405
-1.632,-1.178
-1.709,-1.458
-1.64,-2.769
-1.664,-2.27
-1.679,-2.385
-1.658,-2.187
-1.686,-0.652
-1.911,-3.509
-2.003,-3.071
-2.059,-1.236
-2.088,-2.873
-2.061,0.37
-2.082,-1.881
-2.153,-0.523
-2.229,-2.712
-2.166,-0.353
-2.183,-0.633
-2.258,-1.611
-2.248,-2.382
-2.371,-2.635
-2.425,-2.496
-2.585,-1.697
-2.559,-2.701
-2.571,-1.765
-2.653,-2.389
-2.709,-0.237
-2.87,0.16
-2.935,-1.658
-2.959,-3.328
-3.005,-1.389
1.959,-3.645
1.907,-3.651
1.844,-3.842
1.495,-3.725
1.053,-3.971
1.055,-3.635
0.711,-3.935
0.459,-3.815
0.036,-3.786
-0.278,-3.895
-0.462,-3.899
-0.524,-3.631
-1.119,-4.022
-1.333,-3.698
-1.713,-3.601
-1.817,-3.969
-2.967,-3.657
-3.106,0.48
2.666,0.543
2.193,0.487
2.044,0.721
2.012,0.408
1.808,0.606
1.243,0.686
1.154,0.752
0.738,0.413
-0.26,0.517
-0.545,0.803
-1.453,0.46
-1.543,0.639
-1.67,0.428
-1.807,0.873
-1.987,0.741
-2.144,0.717
-2.361,0.748
-2.314,0.43
-2.807,0.59
2.521,-0.102
2.54,-2.433
1.605,0.4
1.313,0.071
0.828,0.314
0.281,-2.905
-1.33,0.069
-1.804,-0.139
-2.848,-0.944
-2.875,-2.62
2.587,-4.004
-1.105,-3.837
-2.398,-3.756
-2.505,-3.793
-2.977,-4.004
-2.991,-0.795
-2.994,-2.523
2.961,-2.226
2.737,-0.977
2.596,-2.041
2.704,0.059
2.62,-0.834
2.468,-0.551
2.571,-1.847
2.596,-3.017
2.438,-0.99
2.406,-0.146
2.518,-1.92
2.471,-0.566
2.31,-2.356
2.406,-2.837
2.172,-1.008
2.184,-2.063
2.294,0.398
2.233,-2.226
2.227,-1.054
2.214,-0.072
2.085,-1.23
2.033,-0.749
1.995,-0.741
1.925,0.389
1.916,-1.039
1.992,-2.461
1.904,0.415
1.73,-0.819
1.801,-0.836
1.577,-3.258
1.654,-2.044
1.523,-1.572
1.437,-2.325
1.514,-1.989
1.456,-1.943
1.324,-1.666
1.286,0.05
1.228,-1.103
1.335,0.299
1.277,-1.717
1.123,-0.936
1.121,-2.494
1.074,-1.054
1.208,-0.086
1.216,-0.639
1.041,-3.392
1.046,-2.157
0.995,-2.26
0.999,-2.359
0.838,-3.272
0.936,-1.213
0.902,-0.306
0.703,0.087
0.716,-1.779
0.732,-3.527
0.704,-2.312
0.458,0.11
0.613,-0.997
0.436,-2.474
0.335,-3.613
0.431,-0.992
0.247,-2.377
0.345,0.098
0.285,-2.625
0.123,-0.818
-0.053,-2.196
-0.163,-1.829
-0.11,-3.192
-0.439,-3.579
-0.48,-2.598
-0.503,-2.089
-0.607,0.297
-0.625,-0.766
-0.735,-0.943
-0.783,-2.082
-0.872,-1.033
-1.138,-3.359
-1.017,-3.348
-1.099,-2.48
-1.204,0.187
-1.153,-2.429
-1.142,-0.234
-1.175,-2.523
-1.278,-1.367
-1.434,-0.848
-1.511,-0.8
-1.537,-2.263
-1.67,-1.778
-1.64,-3.394
-1.818,-0.724
-1.953,0.094
-1.944,-0.082
-1.819,0.013
-2.004,0.172
-1.897,-1.202
-2.12,-0.897
-2.12,-1.112
-2.195,-0.324
-2.175,0.319
-2.359,-1.504
-2.419,-2.403
-2.621,-2.26
-2.671,-2.126
-2.738,-1.351
-2.827,-3.515
-2.859,-3.291
-2.772,0.045
-2.802,-1.233
-2.947,-1.353
-2.856,-0.788
-2.835,-1.421
-3.013,-3.925
2.948,-3.623
2.052,-3.889
1.495,-3.853
1.6,-3.665
0.63,-3.586
0.449,-3.942
-0.018,-3.896
-0.163,-4.0
-0.219,-3.759
-1.53,-3.837
-1.407,-3.79
-1.569,-3.924
-1.436,-3.732
-1.73,-3.818
-1.776,-3.702
-1.903,-3.917
-2.534,-3.685
-2.504,-3.584
-2.681,-3.759
-3.083,-3.578
3.037,0.659
2.911,0.771
2.872,0.741
2.765,0.725
2.582,0.675
1.697,0.488
1.165,0.554
0.932,0.383
0.59,0.682
0.243,0.619
-0.629,0.624
-0.854,0.676
-1.203,0.545
-1.987,0.728
-2.39,0.346
-2.83,0.59
-3.016,0.491
-2.928,0.689
1.022,-1.682
-0.174,-0.472
-0.742,-2.654
-1.183,-1.744
-1.427,0.012
2.327,-1.144
2.144,-2.846
1.6,-2.852
0.922,-2.317
-0.898,-0.123
-1.241,-0.696
-1.246,-1.06
-1.554,-1.815
-1.909,-3.072
-1.846,-1.434
-2.187,-0.694
-2.213,-2.131
-2.399,-0.241
-2.418,-0.044
-2.471,-1.14
3.122,-1.234
2.937,-2.559
1.412,-1.312
-0.097,-1.296
-1.358,-2.633
1.361,0.193
3.04,-3.703
-2.486,-4.051
0.034,0.098
-0.003,-2.166
-0.095,-1.456
-0.309,0.683
-0.298,-3.037
-0.408,-1.784
-0.346,-0.753
-0.41,-0.33
-0.389,-1.617
-0.376,-1.53
-0.465,0.572
-0.394,-1.335
-0.438,-0.464
-0.523,-1.936
-0.49,-1.338
-0.661,-1.4
-0.618,-0.821
-0.732,-0.848
-0.754,-1.666
-0.759,-0.407
-0.778,-0.325
-1.014,-2.823
-1.028,-1.492
-1.029,-0.713
-1.027,-2.937
-1.111,-3.136
-1.127,0.378
-1.14,0.102
-1.18,-2.584
-1.247,-2.672
-1.244,-0.197
-1.235,-2.288
-1.359,-1.561
-1.386,-1.703
-1.346,-2.879
-1.43,-2.149
-1.442,-1.51
-1.444,-0.725
-1.441,0.276
-1.478,-1.657
-1.533,-2.154
-1.535,0.567
-1.486,-0.971
-1.563,-0.297
-1.607,-1.012
-1.573,-0.785
-1.65,-1.065
-1.581,-2.376
-1.605,-1.877
-1.62,-1.992
-1.599,-1.794
-1.627,-0.259
-1.852,-3.116
-1.944,-2.678
-2.0,-0.843
-2.029,-2.48
-2.002,0.763
-2.023,-1.488
-2.094,-0.13
-2.17,-2.319
-2.107,0.04
-2.124,-0.24
-2.199,-1.218
-2.189,-1.989
-2.312,-2.242
-2.366,-2.103
-2.526,-1.304
-2.5,-2.308
-2.512,-1.372
-2.594,-1.996
-2.65,0.156
-2.811,0.553
-2.876,-1.265
-2.9,-2.935
-2.946,-0.996
2.018,-3.252
1.966,-3.258
1.903,-3.449
1.554,-3.332
1.112,-3.578
1.114,-3.242
0.77,-3.542
0.518,-3.422
0.095,-3.393
-0.219,-3.502
-0.403,-3.506
-0.465,-3.238
-1.06,-3.629
-1.274,-3.305
-1.654,-3.208
-1.758,-3.576
-2.908,-3.264
-3.047,0.873
2.725,0.936
2.252,0.88
2.103,1.114
2.071,0.801
1.867,0.999
1.302,1.079
1.213,1.145
0.797,0.806
-0.201,0.91
-0.486,1.196
-1.394,0.853
-1.484,1.032
-1.611,0.821
-1.748,1.266
-1.928,1.134
-2.085,1.11
-2.302,1.141
-2.255,0.823
-2.748,0.983
2.58,0.291
2.599,-2.04
1.664,0.793
1.372,0.464
0.887,0.707
0.34,-2.512
-1.271,0.462
-1.745,0.254
-2.789,-0.551
-2.816,-2.227
2.646,-3.611
-1.046,-3.444
-2.339,-3.363
-2.446,-3.4
-2.918,-3.611
-2.932,-0.402
-2.935,-2.13
3.02,-1.833
2.796,-0.584
2.655,-1.648
2.763,0.452
2.679,-0.441
2.527,-0.158
2.63,-1.454
2.655,-2.624
2.497,-0.597
2.465,0.247
2.577,-1.527
2.53,-0.173
2.369,-1.963
2.465,-2.444
2.231,-0.615
2.243,-1.67
2.353,0.791
2.292,-1.833
2.286,-0.661
2.273,0.321
2.144,-0.837
2.092,-0.356
2.054,-0.348
1.984,0.782
1.975,-0.646
2.051,-2.068
1.963,0.808
1.789,-0.426
1.86,-0.443
1.636,-2.865
1.713,-1.651
1.582,-1.179
1.496,-1.932
1.573,-1.596
1.515,-1.55
1.383,-1.273
1.345,0.443
1.287,-0.71
1.394,0.692
1.336,-1.324
1.182,-0.543
1.18,-2.101
1.133,-0.661
1.267,0.307
1.275,-0.246
1.1,-2.999
1.105,-1.764
1.054,-1.867
1.058,-1.966
0.897,-2.879
0.995,-0.82
0.961,0.087
0.762,0.48
0.775,-1.386
0.791,-3.134
0.763,-1.919
0.517,0.503
0.672,-0.604
0.495,-2.081
0.394,-3.22
0.49,-0.599
0.306,-1.984
0.404,0.491
0.344,-2.232
0.182,-0.425
0.006,-1.803
-0.104,-1.436
-0.051,-2.799
-0.38,-3.186
-0.421,-2.205
-0.444,-1.696
-0.548,0.69
-0.566,-0.373
-0.676,-0.55
-0.724,-1.689
-0.813,-0.64
-1.079,-2.966
-0.958,-2.955
-1.04,-2.087
-1.145,0.58
-1.094,-2.036
-1.083,0.159
-1.116,-2.13
-1.219,-0.974
-1.375,-0.455
-1.452,-0.407
-1.478,-1.87
-1.611,-1.385
-1.581,-3.001
-1.759,-0.331
-1.894,0.487
-1.885,0.311
-1.76,0.406
-1.945,0.565
-1.838,-0.809
-2.061,-0.504
-2.061,-0.719
-2.136,0.069
-2.116,0.712
-2.3,-1.111
-2.36,-2.01
-2.562,-1.867
-2.612,-1.733
-2.679,-0.958
-2.768,-3.122
-2.8,-2.898
-2.713,0.438
-2.743,-0.84
-2.888,-0.96
-2.797,-0.395
-2.776,-1.028
-2.954,-3.532
3.007,-3.23
2.111,-3.496
1.554,-3.46
1.659,-3.272
0.689,-3.193
0.508,-3.549
0.041,-3.503
-0.104,-3.607
-0.16,-3.366
-1.471,-3.444
-1.348,-3.397
-1.51,-3.531
-1.377,-3.339
-1.671,-3.425
-1.717,-3.309
-1.844,-3.524
-2.475,-3.292
-2.445,-3.191
-2.622,-3.366
-3.024,-3.185
3.096,1.052
2.97,1.164
2.931,1.134
2.824,1.118
2.641,1.068
1.756,0.881
1.224,0.947
0.991,0.776
0.649,1.075
0.302,1.012
-0.57,1.017
-0.795,1.069
-1.144,0.938
-1.928,1.121
-2.331,0.739
-2.771,0.983
-2.957,0.884
-2.869,1.082
1.081,-1.289
-0.115,-0.079
-0.683,-2.261
-1.124,-1.351
-1.368,0.405
2.386,-0.751
2.203,-2.453
1.659,-2.459
0.981,-1.924
-0.839,0.27
-1.182,-0.303
-1.187,-0.667
-1.495,-1.422
-1.85,-2.679
-1.787,-1.041
-2.128,-0.301
-2.154,-1.738
-2.34,0.152
-2.359,0.349
-2.412,-0.747
-3.102,-0.841
2.996,-2.166
1.471,-0.919
-0.038,-0.903
-1.299,-2.24
1.42,0.586
3.099,-3.31
-2.427,-3.658
-0.037,-2.264
-0.129,-1.554
-0.343,0.585
-0.332,-3.135
-0.442,-1.882
-0.38,-0.851
-0.444,-0.428
-0.423,-1.715
-0.41,-1.628
-0.499,0.474
-0.428,-1.433
-0.472,-0.562
-0.557,-2.034
-0.524,-1.436
-0.695,-1.498
-0.652,-0.919
-0.766,-0.946
-0.788,-1.764
-0.793,-0.505
-0.812,-0.423
-1.048,-2.921
-1.062,-1.59
-1.063,-0.811
-1.061,-3.035
-1.145,-3.234
-1.161,0.28
-1.174,0.004
-1.214,-2.682
-1.281,-2.77
-1.278,-0.295
-1.269,-2.386
-1.393,-1.659
-1.42,-1.801
-1.38,-2.977
-1.464,-2.247
-1.476,-1.608
-1.478,-0.823
-1.475,0.178
-1.512,-1.755
-1.567,-2.252
-1.569,0.469
-1.52,-1.069
-1.597,-0.395
-1.641,-1.11
-1.607,-0.883
-1.684,-1.163
-1.615,-2.474
-1.639,-1.975
-1.654,-2.09
-1.633,-1.892
-1.661,-0.357
-1.886,-3.214
-1.978,-2.776
-2.034,-0.941
-2.063,-2.578
-2.036,0.665
-2.057,-1.586
-2.128,-0.228
-2.204,-2.417
-2.141,-0.058
-2.158,-0.338
-2.233,-1.316
-2.223,-2.087
-2.346,-2.34
-2.4,-2.201
-2.56,-1.402
-2.534,-2.406
-2.546,-1.47
-2.628,-2.094
-2.684,0.058
-2.845,0.455
-2.91,-1.363
-2.934,-3.033
-2.98,-1.094
1.984,-3.35
1.932,-3.356
1.869,-3.547
1.52,-3.43
1.078,-3.676
1.08,-3.34
0.736,-3.64
0.484,-3.52
0.061,-3.491
-0.253,-3.6
-0.437,-3.604
-0.499,-3.336
-1.094,-3.727
-1.308,-3.403
-1.688,-3.306
-1.792,-3.674
-2.942,-3.362
-3.081,0.775
2.691,0.838
2.218,0.782
2.069,1.016
2.037,0.703
1.833,0.901
1.268,0.981
1.179,1.047
0.763,0.708
-0.235,0.812
-0.52,1.098
-1.428,0.755
-1.518,0.934
-1.645,0.723
-1.782,1.168
-1.962,1.036
-2.119,1.012
-2.336,1.043
-2.289,0.725
-2.782,0.885
2.546,0.193
2.565,-2.138
1.63,0.695
1.338,0.366
0.853,0.609
0.306,-2.61
-1.305,0.364
-1.779,0.156
-2.823,-0.649
-2.85,-2.325
2.612,-3.709
-1.08,-3.542
-2.373,-3.461
-2.48,-3.498
-2.952,-3.709
-2.966,-0.5
-2.969,-2.228
2.986,-1.931
2.762,-0.682
2.621,-1.746
2.729,0.354
2.645,-0.539
2.493,-0.256
2.596,-1.552
2.621,-2.722
2.463,-0.695
2.431,0.149
2.543,-1.625
2.496,-0.271
2.335,-2.061
2.431,-2.542
2.197,-0.713
2.209,-1.768
2.319,0.693
2.258,-1.931
2.252,-0.759
2.239,0.223
2.11,-0.935
2.058,-0.454
2.02,-0.446
1.95,0.684
1.941,-0.744
2.017,-2.166
1.929,0.71
1.755,-0.524
1.826,-0.541
1.602,-2.963
1.679,-1.749
1.548,-1.277
1.462,-2.03
1.539,-1.694
1.481,-1.648
1.349,-1.371
1.311,0.345
1.253,-0.808
1.36,0.594
1.302,-1.422
1.148,-0.641
1.146,-2.199
1.099,-0.759
1.233,0.209
1.241,-0.344
1.066,-3.097
1.071,-1.862
1.02,-1.965
1.024,-2.064
0.863,-2.977
0.961,-0.918
0.927,-0.011
0.728,0.382
0.741,-1.484
0.757,-3.232
0.729,-2.017
0.483,0.405
0.638,-0.702
0.461,-2.179
0.36,-3.318
0.456,-0.697
0.272,-2.082
0.37,0.393
0.31,-2.33
0.148,-0.523
-0.028,-1.901
-0.138,-1.534
-0.085,-2.897
-0.414,-3.284
-0.455,-2.303
-0.478,-1.794
-0.582,0.592
-0.6,-0.471
-0.71,-0.648
-0.758,-1.787
-0.847,-0.738
-1.113,-3.064
-0.992,-3.053
-1.074,-2.185
-1.179,0.482
-1.128,-2.134
-1.117,0.061
-1.15,-2.228
-1.253,-1.072
-1.409,-0.553
-1.486,-0.505
-1.512,-1.968
-1.645,-1.483
-1.615,-3.099
-1.793,-0.429
-1.928,0.389
-1.919,0.213
-1.794,0.308
-1.979,0.467
-1.872,-0.907
-2.095,-0.602
-2.095,-0.817
-2.17,-0.029
-2.15,0.614
-2.334,-1.209
-2.394,-2.108
-2.596,-1.965
-2.646,-1.831
-2.713,-1.056
-2.802,-3.22
-2.834,-2.996
-2.747,0.34
-2.777,-0.938
-2.922,-1.058
-2.831,-0.493
-2.81,-1.126
-2.988,-3.63
2.973,-3.328
2.077,-3.594
1.52,-3.558
1.625,-3.37
0.655,-3.291
0.474,-3.647
0.007,-3.601
-0.138,-3.705
-0.194,-3.464
-1.505,-3.542
-1.382,-3.495
-1.544,-3.629
-1.411,-3.437
-1.705,-3.523
-1.751,-3.407
-1.878,-3.622
-2.509,-3.39
-2.479,-3.289
-2.656,-3.464
-3.058,-3.283
3.062,0.954
2.936,1.066
2.897,1.036
2.79,1.02
2.607,0.97
1.722,0.783
1.19,0.849
0.957,0.678
0.615,0.977
0.268,0.914
-0.604,0.919
-0.829,0.971
-1.178,0.84
-1.962,1.023
-2.365,0.641
-2.805,0.885
-2.991,0.786
-2.903,0.984
1.047,-1.387
-0.149,-0.177
-0.717,-2.359
-1.158,-1.449
-1.402,0.307
2.352,-0.849
2.169,-2.551
1.625,-2.557
0.947,-2.022
-0.873,0.172
-1.216,-0.401
-1.221,-0.765
-1.529,-1.52
-1.884,-2.777
-1.821,-1.139
-2.162,-0.399
-2.188,-1.836
-2.374,0.054
-2.393,0.251
-2.446,-0.845
-3.136,-0.939
2.962,-2.264
1.437,-1.017
-0.072,-1.001
-1.333,-2.338
1.386,0.488
3.065,-3.408
-2.461,-3.756
-0.092,0.71
-0.306,2.849
-0.295,-0.871
-0.405,0.382
-0.343,1.413
-0.407,1.836
-0.386,0.549
-0.373,0.636
-0.462,2.738
-0.391,0.831
-0.435,1.702
-0.52,0.23
-0.487,0.828
-0.658,0.766
-0.615,1.345
-0.729,1.318
-0.751,0.5
-0.756,1.759
-0.775,1.841
-1.011,-0.657
-1.025,0.674
-1.026,1.453
-1.024,-0.771
-1.108,-0.97
-1.124,2.544
-1.137,2.268
-1.177,-0.418
-1.244,-0.506
-1.241,1.969
-1.232,-0.122
-1.356,0.605
-1.383,0.463
-1.343,-0.713
-1.427,0.017
-1.439,0.656
-1.441,1.441
-1.438,2.442
-1.475,0.509
-1.53,0.012
-1.532,2.733
-1.483,1.195
-1.56,1.869
-1.604,1.154
-1.57,1.381
-1.647,1.101
-1.578,-0.21
-1.602,0.289
-1.617,0.174
-1.596,0.372
-1.624,1.907
-1.849,-0.95
-1.941,-0.512
-1.997,1.323
-2.026,-0.314
-1.999,2.929
-2.02,0.678
-2.091,2.036
-2.167,-0.153
-2.104,2.206
-2.121,1.926
-2.196,0.948
-2.186,0.177
-2.309,-0.076
-2.363,0.063
-2.523,0.862
-2.497,-0.142
-2.509,0.794
-2.591,0.17
-2.647,2.322
-2.808,2.719
-2.873,0.901
-2.897,-0.769
-2.943,1.17
2.021,-1.086
1.969,-1.092
1.906,-1.283
1.557,-1.166
1.115,-1.412
1.117,-1.076
0.773,-1.376
0.521,-1.256
0.098,-1.227
-0.216,-1.336
-0.4,-1.34
-0.462,-1.072
-1.057,-1.463
-1.271,-1.139
-1.651,-1.042
-1.755,-1.41
-2.905,-1.098
-3.044,3.039
2.728,3.102
2.255,3.046
2.106,3.28
2.074,2.967
1.87,3.165
1.305,3.245
1.216,3.311
0.8,2.972
-0.198,3.076
-0.483,3.362
-1.391,3.019
-1.481,3.198
-1.608,2.987
-1.745,3.432
-1.925,3.3
-2.082,3.276
-2.299,3.307
-2.252,2.989
-2.745,3.149
2.583,2.457
2.602,0.126
1.667,2.959
1.375,2.63
0.89,2.873
0.343,-0.346
-1.268,2.628
-1.742,2.42
-2.786,1.615
-2.813,-0.061
2.649,-1.445
-1.043,-1.278
-2.336,-1.197
-2.443,-1.234
-2.915,-1.445
-2.929,1.764
-2.932,0.036
3.023,0.333
2.799,1.582
2.658,0.518
2.766,2.618
2.682,1.725
2.53,2.008
2.633,0.712
2.658,-0.458
2.5,1.569
2.468,2.413
2.58,0.639
2.533,1.993
2.372,0.203
2.468,-0.278
2.234,1.551
2.246,0.496
2.356,2.957
2.295,0.333
2.289,1.505
2.276,2.487
2.147,1.329
2.095,1.81
2.057,1.818
1.987,2.948
1.978,1.52
2.054,0.098
1.966,2.974
1.792,1.74
1.863,1.723
1.639,-0.699
1.716,0.515
1.585,0.987
1.499,0.234
1.576,0.57
1.518,0.616
1.386,0.893
1.348,2.609
1.29,1.456
1.397,2.858
1.339,0.842
1.185,1.623
1.183,0.065
1.136,1.505
1.27,2.473
1.278,1.92
1.103,-0.833
1.108,0.402
1.057,0.299
1.061,0.2
0.9,-0.713
0.998,1.346
0.964,2.253
0.765,2.646
0.778,0.78
0.794,-0.968
0.766,0.247
0.52,2.669
0.675,1.562
0.498,0.085
0.397,-1.054
0.493,1.567
0.309,0.182
0.407,2.657
0.347,-0.066
0.185,1.741
0.009,0.363
-0.101,0.73
-0.048,-0.633
-0.377,-1.02
-0.418,-0.039
-0.441,0.47
-0.545,2.856
-0.563,1.793
-0.673,1.616
-0.721,0.477
-0.81,1.526
-1.076,-0.8
-0.955,-0.789
-1.037,0.079
-1.142,2.746
-1.091,0.13
-1.08,2.325
-1.113,0.036
-1.216,1.192
-1.372,1.711
-1.449,1.759
-1.475,0.296
-1.608,0.781
-1.578,-0.835
-1.756,1.835
-1.891,2.653
-1.882,2.477
-1.757,2.572
-1.942,2.731
-1.835,1.357
-2.058,1.662
-2.058,1.447
-2.133,2.235
-2.113,2.878
-2.297,1.055
-2.357,0.156
-2.559,0.299
-2.609,0.433
-2.676,1.208
-2.765,-0.956
-2.797,-0.732
-2.71,2.604
-2.74,1.326
-2.885,1.206
-2.794,1.771
-2.773,1.138
-2.951,-1.366
3.01,-1.064
2.114,-1.33
1.557,-1.294
1.662,-1.106
0.692,-1.027
0.511,-1.383
0.044,-1.337
-0.101,-1.441
-0.157,-1.2
-1.468,-1.278
-1.345,-1.231
-1.507,-1.365
-1.374,-1.173
-1.668,-1.259
-1.714,-1.143
-1.841,-1.358
-2.472,-1.126
-2.442,-1.025
-2.619,-1.2
-3.021,-1.019
3.099,3.218
2.973,3.33
2.934,3.3
2.827,3.284
2.644,3.234
1.759,3.047
1.227,3.113
0.994,2.942
0.652,3.241
0.305,3.178
-0.567,3.183
-0.792,3.235
-1.141,3.104
-1.925,3.287
-2.328,2.905
-2.768,3.149
-2.954,3.05
-2.866,3.248
1.084,0.877
-0.112,2.087
-0.68,-0.095
-1.121,0.815
-1.365,2.571
2.389,1.415
2.206,-0.287
1.662,-0.293
0.984,0.242
-0.836,2.436
-1.179,1.863
-1.184,1.499
-1.492,0.744
-1.847,-0.513
-1.784,1.125
-2.125,1.865
-2.151,0.428
-2.337,2.318
-2.356,2.515
-2.409,1.419
-3.099,1.325
2.999,0.0
1.474,1.247
-0.035,1.263
-1.296,-0.074
1.423,2.752
3.102,-1.144
-2.424,-1.492
-0.214,2.139
-0.203,-1.581
-0.313,-0.328
-0.251,0.703
-0.315,1.126
-0.294,-0.161
-0.281,-0.074
-0.37,2.028
-0.299,0.121
-0.343,0.992
-0.428,-0.48
-0.395,0.118
-0.566,0.056
-0.523,0.635
-0.637,0.608
-0.659,-0.21
-0.664,1.049
-0.683,1.131
-0.919,-1.367
-0.933,-0.036
-0.934,0.743
-0.932,-1.481
-1.016,-1.68
-1.032,1.834
-1.045,1.558
-1.085,-1.128
-1.152,-1.216
-1.149,1.259
-1.14,-0.832
-1.264,-0.105
-1.291,-0.247
-1.251,-1.423
-1.335,-0.693
-1.347,-0.054
-1.349,0.731
-1.346,1.732
-1.383,-0.201
-1.438,-0.698
-1.44,2.023
-1.391,0.485
-1.468,1.159
-1.512,0.444
-1.478,0.671
-1.555,0.391
-1.486,-0.92
-1.51,-0.421
-1.525,-0.536
-1.504,-0.338
-1.532,1.197
-1.757,-1.66
-1.849,-1.222
-1.905,0.613
-1.934,-1.024
-1.907,2.219
-1.928,-0.032
-1.999,1.326
-2.075,-0.863
-2.012,1.496
-2.029,1.216
-2.104,0.238
-2.094,-0.533
-2.217,-0.786
-2.271,-0.647
-2.431,0.152
-2.405,-0.852
-2.417,0.084
-2.499,-0.54
-2.555,1.612
-2.716,2.009
-2.781,0.191
-2.805,-1.479
-2.851,0.46
2.113,-1.796
2.061,-1.802
1.998,-1.993
1.649,-1.876
1.207,-2.122
1.209,-1.786
0.865,-2.086
0.613,-1.966
0.19,-1.937
-0.124,-2.046
-0.308,-2.05
-0.37,-1.782
-0.965,-2.173
-1.179,-1.849
-1.559,-1.752
-1.663,-2.12
-2.813,-1.808
-2.952,2.329
2.82,2.392
2.347,2.336
2.198,2.57
2.166,2.257
1.962,2.455
1.397,2.535
1.308,2.601
0.892,2.262
-0.106,2.366
-0.391,2.652
-1.299,2.309
-1.389,2.488
-1.516,2.277
-1.653,2.722
-1.833,2.59
-1.99,2.566
-2.207,2.597
-2.16,2.279
-2.653,2.439
2.675,1.747
2.694,-0.584
1.759,2.249
1.467,1.92
0.982,2.163
0.435,-1.056
-1.176,1.918
-1.65,1.71
-2.694,0.905
-2.721,-0.771
2.741,-2.155
-0.951,-1.988
-2.244,-1.907
-2.351,-1.944
-2.823,-2.155
-2.837,1.054
-2.84,-0.674
3.115,-0.377
2.891,0.872
2.75,-0.192
2.858,1.908
2.774,1.015
2.622,1.298
2.725,0.002
2.75,-1.168
2.592,0.859
2.56,1.703
2.672,-0.071
2.625,1.283
2.464,-0.507
2.56,-0.988
2.326,0.841
2.338,-0.214
2.448,2.247
2.387,-0.377
2.381,0.795
2.368,1.777
2.239,0.619
2.187,1.1
2.149,1.108
2.079,2.238
2.07,0.81
2.146,-0.612
2.058,2.264
1.884,1.03
1.955,1.013
1.731,-1.409
1.808,-0.195
1.677,0.277
1.591,-0.476
1.668,-0.14
1.61,-0.094
1.478,0.183
1.44,1.899
1.382,0.746
1.489,2.148
1.431,0.132
1.277,0.913
1.275,-0.645
1.228,0.795
1.362,1.763
1.37,1.21
1.195,-1.543
1.2,-0.308
1.149,-0.411
1.153,-0.51
0.992,-1.423
1.09,0.636
1.056,1.543
0.857,1.936
0.87,0.07
0.886,-1.678
0.858,-0.463
0.612,1.959
0.767,0.852
0.59,-0.625
0.489,-1.764
0.585,0.857
0.401,-0.528
0.499,1.947
0.439,-0.776
0.277,1.031
0.101,-0.347
-0.009,0.02
0.044,-1.343
-0.285,-1.73
-0.326,-0.749
-0.349,-0.24
-0.453,2.146
-0.471,1.083
-0.581,0.906
-0.629,-0.233
-0.718,0.816
-0.984,-1.51
-0.863,-1.499
-0.945,-0.631
-1.05,2.036
-0.999,-0.58
-0.988,1.615
-1.021,-0.674
-1.124,0.482
-1.28,1.001
-1.357,1.049
-1.383,-0.414
-1.516,0.071
-1.486,-1.545
-1.664,1.125
-1.799,1.943
-1.79,1.767
-1.665,1.862
-1.85,2.021
-1.743,0.647
-1.966,0.952
-1.966,0.737
-2.041,1.525
-2.021,2.168
-2.205,0.345
-2.265,-0.554
-2.467,-0.411
-2.517,-0.277
-2.584,0.498
-2.673,-1.666
-2.705,-1.442
-2.618,1.894
-2.648,0.616
-2.793,0.496
-2.702,1.061
-2.681,0.428
-2.859,-2.076
3.102,-1.774
2.206,-2.04
1.649,-2.004
1.754,-1.816
0.784,-1.737
0.603,-2.093
0.136,-2.047
-0.009,-2.151
-0.065,-1.91
-1.376,-1.988
-1.253,-1.941
-1.415,-2.075
-1.282,-1.883
-1.576,-1.969
-1.622,-1.853
-1.749,-2.068
-2.38,-1.836
-2.35,-1.735
-2.527,-1.91
-2.929,-1.729
-3.092,2.508
3.065,2.62
3.026,2.59
2.919,2.574
2.736,2.524
1.851,2.337
1.319,2.403
1.086,2.232
0.744,2.531
0.397,2.468
-0.475,2.473
-0.7,2.525
-1.049,2.394
-1.833,2.577
-2.236,2.195
-2.676,2.439
-2.862,2.34
-2.774,2.538
1.176,0.167
-0.02,1.377
-0.588,-0.805
-1.029,0.105
-1.273,1.861
2.481,0.705
2.298,-0.997
1.754,-1.003
1.076,-0.468
-0.744,1.726
-1.087,1.153
-1.092,0.789
-1.4,0.034
-1.755,-1.223
-1.692,0.415
-2.033,1.155
-2.059,-0.282
-2.245,1.608
-2.264,1.805
-2.317,0.709
-3.007,0.615
3.091,-0.71
1.566,0.537
0.057,0.553
-1.204,-0.784
1.515,2.042
-3.089,-1.854
-2.332,-2.202
0.011,-3.72
-0.099,-2.467
-0.037,-1.436
-0.101,-1.013
-0.08,-2.3
-0.067,-2.213
-0.156,-0.111
-0.085,-2.018
-0.129,-1.147
-0.214,-2.619
-0.181,-2.021
-0.352,-2.083
-0.309,-1.504
-0.423,-1.531
-0.445,-2.349
-0.45,-1.09
-0.469,-1.008
-0.705,-3.506
-0.719,-2.175
-0.72,-1.396
-0.718,-3.62
-0.802,-3.819
-0.818,-0.305
-0.831,-0.581
-0.871,-3.267
-0.938,-3.355
-0.935,-0.88
-0.926,-2.971
-1.05,-2.244
-1.077,-2.386
-1.037,-3.562
-1.121,-2.832
-1.133,-2.193
-1.135,-1.408
-1.132,-0.407
-1.169,-2.34
-1.224,-2.837
-1.226,-0.116
-1.177,-1.654
-1.254,-0.98
-1.298,-1.695
-1.264,-1.468
-1.341,-1.748
-1.272,-3.059
-1.296,-2.56
-1.311,-2.675
-1.29,-2.477
-1.318,-0.942
-1.543,-3.799
-1.635,-3.361
-1.691,-1.526
-1.72,-3.163
-1.693,0.08
-1.714,-2.171
-1.785,-0.813
-1.861,-3.002
-1.798,-0.643
-1.815,-0.923
-1.89,-1.901
-1.88,-2.672
-2.003,-2.925
-2.057,-2.786
-2.217,-1.987
-2.191,-2.991
-2.203,-2.055
-2.285,-2.679
-2.341,-0.527
-2.502,-0.13
-2.567,-1.948
-2.591,-3.618
-2.637,-1.679
2.327,-3.935
2.275,-3.941
2.212,-4.132
1.863,-4.015
1.421,-4.261
1.423,-3.925
1.079,-4.225
0.827,-4.105
0.404,-4.076
0.09,-4.185
-0.094,-4.189
-0.156,-3.921
-0.751,-4.312
-0.965,-3.988
-1.345,-3.891
-1.449,-4.259
-2.599,-3.947
-2.738,0.19
3.034,0.253
2.561,0.197
2.412,0.431
2.38,0.118
2.176,0.316
1.611,0.396
1.522,0.462
1.106,0.123
0.108,0.227
-0.177,0.513
-1.085,0.17
-1.175,0.349
-1.302,0.138
-1.439,0.583
-1.619,0.451
-1.776,0.427
-1.993,0.458
-1.946,0.14
-2.439,0.3
2.889,-0.392
2.908,-2.723
1.973,0.11
1.681,-0.219
1.196,0.024
0.649,-3.195
-0.962,-0.221
-1.436,-0.429
-2.48,-1.234
-2.507,-2.91
2.955,-4.294
-0.737,-4.127
-2.03,-4.046
-2.137,-4.083
-2.609,-4.294
-2.623,-1.085
-2.626,-2.813
-2.954,-2.516
3.105,-1.267
2.964,-2.331
3.072,-0.231
2.988,-1.124
2.836,-0.841
2.939,-2.137
2.964,-3.307
2.806,-1.28
2.774,-0.436
2.886,-2.21
2.839,-0.856
2.678,-2.646
2.774,-3.127
2.54,-1.298
2.552,-2.353
2.662,0.108
2.601,-2.516
2.595,-1.344
2.582,-0.362
2.453,-1.52
2.401,-1.039
2.363,-1.031
2.293,0.099
2.284,-1.329
2.36,-2.751
2.272,0.125
2.098,-1.109
2.169,-1.126
1.945,-3.548
2.022,-2.334
1.891,-1.862
1.805,-2.615
1.882,-2.279
1.824,-2.233
1.692,-1.956
1.654,-0.24
1.596,-1.393
1.703,0.009
1.645,-2.007
1.491,-1.226
1.489,-2.784
1.442,-1.344
1.576,-0.376
1.584,-0.929
1.409,-3.682
1.414,-2.447
1.363,-2.55
1.367,-2.649
1.206,-3.562
1.304,-1.503
1.27,-0.596
1.071,-0.203
1.084,-2.069
1.1,-3.817
1.072,-2.602
0.826,-0.18
0.981,-1.287
0.804,-2.764
0.703,-3.903
0.799,-1.282
0.615,-2.667
0.713,-0.192
0.653,-2.915
0.491,-1.108
0.315,-2.486
0.205,-2.119
0.258,-3.482
-0.071,-3.869
-0.112,-2.888
-0.135,-2.379
-0.239,0.007
-0.257,-1.056
-0.367,-1.233
-0.415,-2.372
-0.504,-1.323
-0.77,-3.649
-0.649,-3.638
-0.731,-2.77
-0.836,-0.103
-0.785,-2.719
-0.774,-0.524
-0.807,-2.813
-0.91,-1.657
-1.066,-1.138
-1.143,-1.09
-1.169,-2.553
-1.302,-2.068
-1.272,-3.684
-1.45,-1.014
-1.585,-0.196
-1.576,-0.372
-1.451,-0.277
-1.636,-0.118
-1.529,-1.492
-1.752,-1.187
-1.752,-1.402
-1.827,-0.614
-1.807,0.029
-1.991,-1.794
-2.051,-2.693
-2.253,-2.55
-2.303,-2.416
-2.37,-1.641
-2.459,-3.805
-2.491,-3.581
-2.404,-0.245
-2.434,-1.523
-2.579,-1.643
-2.488,-1.078
-2.467,-1.711
-2.645,-4.215
-2.967,-3.913
2.42,-4.179
1.863,-4.143
1.968,-3.955
0.998,-3.876
0.817,-4.232
0.35,-4.186
0.205,-4.29
0.149,-4.049
-1.162,-4.127
-1.039,-4.08
-1.201,-4.214
-1.068,-4.022
-1.362,-4.108
-1.408,-3.992
-1.535,-4.207
-2.166,-3.975
-2.136,-3.874
-2.313,-4.049
-2.715,-3.868
-2.878,0.369
-3.004,0.481
-3.043,0.451
3.133,0.435
2.95,0.385
2.065,0.198
1.533,0.264
1.3,0.093
0.958,0.392
0.611,0.329
-0.261,0.334
-0.486,0.386
-0.835,0.255
-1.619,0.438
-2.022,0.056
-2.462,0.3
-2.648,0.201
-2.56,0.399
1.39,-1.972
0.194,-0.762
-0.374,-2.944
-0.815,-2.034
-1.059,-0.278
2.695,-1.434
2.512,-3.136
1.968,-3.142
1.29,-2.607
-0.53,-0.413
-0.873,-0.986
-0.878,-1.35
-1.186,-2.105
-1.541,-3.362
-1.478,-1.724
-1.819,-0.984
-1.845,-2.421
-2.031,-0.531
-2.05,-0.334
-2.103,-1.43
-2.793,-1.524
-2.978,-2.849
1.78,-1.602
0.271,-1.586
-0.99,-2.923
1.729,-0.097
-2.875,-3.993
-2.118,-4.341
-0.11,1.253
-0.048,2.284
-0.112,2.707
-0.091,1.42
-0.078,1.507
-0.167,3.609
-0.096,1.702
-0.14,2.573
-0.225,1.101
-0.192,1.699
-0.363,1.637
-0.32,2.216
-0.434,2.189
-0.456,1.371
-0.461,2.63
-0.48,2.712
-0.716,0.214
-0.73,1.545
-0.731,2.324
-0.729,0.1
-0.813,-0.099
-0.829,3.415
-0.842,3.139
-0.882,0.453
-0.949,0.365
-0.946,2.84
-0.937,0.749
-1.061,1.476
-1.088,1.334
-1.048,0.158
-1.132,0.888
-1.144,1.527
-1.146,2.312
-1.143,3.313
-1.18,1.38
-1.235,0.883
-1.237,3.604
-1.188,2.066
-1.265,2.74
-1.309,2.025
-1.275,2.252
-1.352,1.972
-1.283,0.661
-1.307,1.16
-1.322,1.045
-1.301,1.243
-1.329,2.778
-1.554,-0.079
-1.646,0.359
-1.702,2.194
-1.731,0.557
-1.704,3.8
-1.725,1.549
-1.796,2.907
-1.872,0.718
-1.809,3.077
-1.826,2.797
-1.901,1.819
-1.891,1.048
-2.014,0.795
-2.068,0.934
-2.228,1.733
-2.202,0.729
-2.214,1.665
-2.296,1.041
-2.352,3.193
-2.513,3.59
-2.578,1.772
-2.602,0.102
-2.648,2.041
2.316,-0.215
2.264,-0.221
2.201,-0.412
1.852,-0.295
1.41,-0.541
1.412,-0.205
1.068,-0.505
0.816,-0.385
0.393,-0.356
0.079,-0.465
-0.105,-0.469
-0.167,-0.201
-0.762,-0.592
-0.976,-0.268
-1.356,-0.171
-1.46,-0.539
-2.61,-0.227
-2.749,3.91
3.023,3.973
2.55,3.917
2.401,4.151
2.369,3.838
2.165,4.036
1.6,4.116
1.511,4.182
1.095,3.843
0.097,3.947
-0.188,4.233
-1.096,3.89
-1.186,4.069
-1.313,3.858
-1.45,4.303
-1.63,4.171
-1.787,4.147
-2.004,4.178
-1.957,3.86
-2.45,4.02
2.878,3.328
2.897,0.997
1.962,3.83
1.67,3.501
1.185,3.744
0.638,0.525
-0.973,3.499
-1.447,3.291
-2.491,2.486
-2.518,0.81
2.944,-0.574
-0.748,-0.407
-2.041,-0.326
-2.148,-0.363
-2.62,-0.574
-2.634,2.635
-2.637,0.907
-2.965,1.204
3.094,2.453
2.953,1.389
3.061,3.489
2.977,2.596
2.825,2.879
2.928,1.583
2.953,0.413
2.795,2.44
2.763,3.284
2.875,1.51
2.828,2.864
2.667,1.074
2.763,0.593
2.529,2.422
2.541,1.367
2.651,3.828
2.59,1.204
2.584,2.376
2.571,3.358
2.442,2.2
2.39,2.681
2.352,2.689
2.282,3.819
2.273,2.391
2.349,0.969
2.261,3.845
2.087,2.611
2.158,2.594
1.934,0.172
2.011,1.386
1.88,1.858
1.794,1.105
1.871,1.441
1.813,1.487
1.681,1.764
1.643,3.48
1.585,2.327
1.692,3.729
1.634,1.713
1.48,2.494
1.478,0.936
1.431,2.376
1.565,3.344
1.573,2.791
1.398,0.038
1.403,1.273
1.352,1.17
1.356,1.071
1.195,0.158
1.293,2.217
1.259,3.124
1.06,3.517
1.073,1.651
1.089,-0.097
1.061,1.118
0.815,3.54
0.97,2.433
0.793,0.956
0.692,-0.183
0.788,2.438
0.604,1.053
0.702,3.528
0.642,0.805
0.48,2.612
0.304,1.234
0.194,1.601
0.247,0.238
-0.082,-0.149
-0.123,0.832
-0.146,1.341
-0.25,3.727
-0.268,2.664
-0.378,2.487
-0.426,1.348
-0.515,2.397
-0.781,0.071
-0.66,0.082
-0.742,0.95
-0.847,3.617
-0.796,1.001
-0.785,3.196
-0.818,0.907
-0.921,2.063
-1.077,2.582
-1.154,2.63
-1.18,1.167
-1.313,1.652
-1.283,0.036
-1.461,2.706
-1.596,3.524
-1.587,3.348
-1.462,3.443
-1.647,3.602
-1.54,2.228
-1.763,2.533
-1.763,2.318
-1.838,3.106
-1.818,3.749
-2.002,1.926
-2.062,1.027
-2.264,1.17
-2.314,1.304
-2.381,2.079
-2.47,-0.085
-2.502,0.139
-2.415,3.475
-2.445,2.197
-2.59,2.077
-2.499,2.642
-2.478,2.009
-2.656,-0.495
-2.978,-0.193
2.409,-0.459
1.852,-0.423
1.957,-0.235
0.987,-0.156
0.806,-0.512
0.339,-0.466
0.194,-0.57
0.138,-0.329
-1.173,-0.407
-1.05,-0.36
-1.212,-0.494
-1.079,-0.302
-1.373,-0.388
-1.419,-0.272
-1.546,-0.487
-2.177,-0.255
-2.147,-0.154
-2.324,-0.329
-2.726,-0.148
-2.889,4.089
-3.015,4.201
-3.054,4.171
3.122,4.155
2.939,4.105
2.054,3.918
1.522,3.984
1.289,3.813
0.947,4.112
0.6,4.049
-0.272,4.054
-0.497,4.106
-0.846,3.975
-1.63,4.158
-2.033,3.776
-2.473,4.02
-2.659,3.921
-2.571,4.119
1.379,1.748
0.183,2.958
-0.385,0.776
-0.826,1.686
-1.07,3.442
2.684,2.286
2.501,0.584
1.957,0.578
1.279,1.113
-0.541,3.307
-0.884,2.734
-0.889,2.37
-1.197,1.615
-1.552,0.358
-1.489,1.996
-1.83,2.736
-1.856,1.299
-2.042,3.189
-2.061,3.386
-2.114,2.29
-2.804,2.196
-2.989,0.871
1.769,2.118
0.26,2.134
-1.001,0.797
1.718,3.623
-2.886,-0.273
-2.129,-0.621
0.062,1.031
-0.002,1.454
0.019,0.167
0.032,0.254
-0.057,2.356
0.014,0.449
-0.03,1.32
-0.115,-0.152
-0.082,0.446
-0.253,0.384
-0.21,0.963
-0.324,0.936
-0.346,0.118
-0.351,1.377
-0.37,1.459
-0.606,-1.039
-0.62,0.292
-0.621,1.071
-0.619,-1.153
-0.703,-1.352
-0.719,2.162
-0.732,1.886
-0.772,-0.8
-0.839,-0.888
-0.836,1.587
-0.827,-0.504
-0.951,0.223
-0.978,0.081
-0.938,-1.095
-1.022,-0.365
-1.034,0.274
-1.036,1.059
-1.033,2.06
-1.07,0.127
-1.125,-0.37
-1.127,2.351
-1.078,0.813
-1.155,1.487
-1.199,0.772
-1.165,0.999
-1.242,0.719
-1.173,-0.592
-1.197,-0.093
-1.212,-0.208
-1.191,-0.01
-1.219,1.525
-1.444,-1.332
-1.536,-0.894
-1.592,0.941
-1.621,-0.696
-1.594,2.547
-1.615,0.296
-1.686,1.654
-1.762,-0.535
-1.699,1.824
-1.716,1.544
-1.791,0.566
-1.781,-0.205
-1.904,-0.458
-1.958,-0.319
-2.118,0.48
-2.092,-0.524
-2.104,0.412
-2.186,-0.212
-2.242,1.94
-2.403,2.337
-2.468,0.519
-2.492,-1.151
-2.538,0.788
2.426,-1.468
2.374,-1.474
2.311,-1.665
1.962,-1.548
1.52,-1.794
1.522,-1.458
1.178,-1.758
0.926,-1.638
0.503,-1.609
0.189,-1.718
0.005,-1.722
-0.057,-1.454
-0.652,-1.845
-0.866,-1.521
-1.246,-1.424
-1.35,-1.792
-2.5,-1.48
-2.639,2.657
3.133,2.72
2.66,2.664
2.511,2.898
2.479,2.585
2.275,2.783
1.71,2.863
1.621,2.929
1.205,2.59
0.207,2.694
-0.078,2.98
-0.986,2.637
-1.076,2.816
-1.203,2.605
-1.34,3.05
-1.52,2.918
-1.677,2.894
-1.894,2.925
-1.847,2.607
-2.34,2.767
2.988,2.075
3.007,-0.256
2.072,2.577
1.78,2.248
1.295,2.491
0.748,-0.728
-0.863,2.246
-1.337,2.038
-2.381,1.233
-2.408,-0.443
3.054,-1.827
-0.638,-1.66
-1.931,-1.579
-2.038,-1.616
-2.51,-1.827
-2.524,1.382
-2.527,-0.346
-2.855,-0.049
-3.079,1.2
3.063,0.136
-3.112,2.236
3.087,1.343
2.935,1.626
3.038,0.33
3.063,-0.84
2.905,1.187
2.873,2.031
2.985,0.257
2.938,1.611
2.777,-0.179
2.873,-0.66
2.639,1.169
2.651,0.114
2.761,2.575
2.7,-0.049
2.694,1.123
2.681,2.105
2.552,0.947
2.5,1.428
2.462,1.436
2.392,2.566
2.383,1.138
2.459,-0.284
2.371,2.592
2.197,1.358
2.268,1.341
2.044,-1.081
2.121,0.133
1.99,0.605
1.904,-0.148
1.981,0.188
1.923,0.234
1.791,0.511
1.753,2.227
1.695,1.074
1.802,2.476
1.744,0.46
1.59,1.241
1.588,-0.317
1.541,1.123
1.675,2.091
1.683,1.538
1.508,-1.215
1.513,0.02
1.462,-0.083
1.466,-0.182
1.305,-1.095
1.403,0.964
1.369,1.871
1.17,2.264
1.183,0.398
1.199,-1.35
1.171,-0.135
0.925,2.287
1.08,1.18
0.903,-0.297
0.802,-1.436
0.898,1.185
0.714,-0.2
0.812,2.275
0.752,-0.448
0.59,1.359
0.414,-0.019
0.304,0.348
0.357,-1.015
0.028,-1.402
-0.013,-0.421
-0.036,0.088
-0.14,2.474
-0.158,1.411
-0.268,1.234
-0.316,0.095
-0.405,1.144
-0.671,-1.182
-0.55,-1.171
-0.632,-0.303
-0.737,2.364
-0.686,-0.252
-0.675,1.943
-0.708,-0.346
-0.811,0.81
-0.967,1.329
-1.044,1.377
-1.07,-0.086
-1.203,0.399
-1.173,-1.217
-1.351,1.453
-1.486,2.271
-1.477,2.095
-1.352,2.19
-1.537,2.349
-1.43,0.975
-1.653,1.28
-1.653,1.065
-1.728,1.853
-1.708,2.496
-1.892,0.673
-1.952,-0.226
-2.154,-0.083
-2.204,0.051
-2.271,0.826
-2.36,-1.338
-2.392,-1.114
-2.305,2.222
-2.335,0.944
-2.48,0.824
-2.389,1.389
-2.368,0.756
-2.546,-1.748
-2.868,-1.446
2.519,-1.712
1.962,-1.676
2.067,-1.488
1.097,-1.409
0.916,-1.765
0.449,-1.719
0.304,-1.823
0.248,-1.582
-1.063,-1.66
-0.94,-1.613
-1.102,-1.747
-0.969,-1.555
-1.263,-1.641
-1.309,-1.525
-1.436,-1.74
-2.067,-1.508
-2.037,-1.407
-2.214,-1.582
-2.616,-1.401
-2.779,2.836
-2.905,2.948
-2.944,2.918
-3.051,2.902
3.049,2.852
2.164,2.665
1.632,2.731
1.399,2.56
1.057,2.859
0.71,2.796
-0.162,2.801
-0.387,2.853
-0.736,2.722
-1.52,2.905
-1.923,2.523
-2.363,2.767
-2.549,2.668
-2.461,2.866
1.489,0.495
0.293,1.705
-0.275,-0.477
-0.716,0.433
-0.96,2.189
2.794,1.033
2.611,-0.669
2.067,-0.675
1.389,-0.14
-0.431,2.054
-0.774,1.481
-0.779,1.117
-1.087,0.362
-1.442,-0.895
-1.379,0.743
-1.72,1.483
-1.746,0.046
-1.932,1.936
-1.951,2.133
-2.004,1.037
-2.694,0.943
-2.879,-0.382
1.879,0.865
0.37,0.881
-0.891,-0.456
1.828,2.37
-2.776,-1.526
-2.019,-1.874
-0.064,0.423
-0.043,-0.864
-0.03,-0.777
-0.119,1.325
-0.048,-0.582
-0.092,0.289
-0.177,-1.183
-0.144,-0.585
-0.315,-0.647
-0.272,-0.068
-0.386,-0.095
-0.408,-0.913
-0.413,0.346
-0.432,0.428
-0.668,-2.07
-0.682,-0.739
-0.683,0.04
-0.681,-2.184
-0.765,-2.383
-0.781,1.131
-0.794,0.855
-0.834,-1.831
-0.901,-1.919
-0.898,0.556
-0.889,-1.535
-1.013,-0.808
-1.04,-0.95
-1.0,-2.126
-1.084,-1.396
-1.096,-0.757
-1.098,0.028
-1.095,1.029
-1.132,-0.904
-1.187,-1.401
-1.189,1.32
-1.14,-0.218
-1.217,0.456
-1.261,-0.259
-1.227,-0.032
-1.304,-0.312
-1.235,-1.623
-1.259,-1.124
-1.274,-1.239
-1.253,-1.041
-1.281,0.494
-1.506,-2.363
-1.598,-1.925
-1.654,-0.09
-1.683,-1.727
-1.656,1.516
-1.677,-0.735
-1.748,0.623
-1.824,-1.566
-1.761,0.793
-1.778,0.513
-1.853,-0.465
-1.843,-1.236
-1.966,-1.489
-2.02,-1.35
-2.18,-0.551
-2.154,-1.555
-2.166,-0.619
-2.248,-1.243
-2.304,0.909
-2.465,1.306
-2.53,-0.512
-2.554,-2.182
-2.6,-0.243
2.364,-2.499
2.312,-2.505
2.249,-2.696
1.9,-2.579
1.458,-2.825
1.46,-2.489
1.116,-2.789
0.864,-2.669
0.441,-2.64
0.127,-2.749
-0.057,-2.753
-0.119,-2.485
-0.714,-2.876
-0.928,-2.552
-1.308,-2.455
-1.412,-2.823
-2.562,-2.511
-2.701,1.626
3.071,1.689
2.598,1.633
2.449,1.867
2.417,1.554
2.213,1.752
1.648,1.832
1.559,1.898
1.143,1.559
0.145,1.663
-0.14,1.949
-1.048,1.606
-1.138,1.785
-1.265,1.574
-1.402,2.019
-1.582,1.887
-1.739,1.863
-1.956,1.894
-1.909,1.576
-2.402,1.736
2.926,1.044
2.945,-1.287
2.01,1.546
1.718,1.217
1.233,1.46
0.686,-1.759
-0.925,1.215
-1.399,1.007
-2.443,0.202
-2.47,-1.474
2.992,-2.858
-0.7,-2.691
-1.993,-2.61
-2.1,-2.647
-2.572,-2.858
-2.586,0.351
-2.589,-1.377
-2.917,-1.08
-3.141,0.169
3.001,-0.895
3.109,1.205
3.025,0.312
2.873,0.595
2.976,-0.701
3.001,-1.871
2.843,0.156
2.811,1.0
2.923,-0.774
2.876,0.58
2.715,-1.21
2.811,-1.691
2.577,0.138
2.589,-0.917
2.699,1.544
2.638,-1.08
2.632,0.092
2.619,1.074
2.49,-0.084
2.438,0.397
2.4,0.405
2.33,1.535
2.321,0.107
2.397,-1.315
2.309,1.561
2.135,0.327
2.206,0.31
1.982,-2.112
2.059,-0.898
1.928,-0.426
1.842,-1.179
1.919,-0.843
1.861,-0.797
1.729,-0.52
1.691,1.196
1.633,0.043
1.74,1.445
1.682,-0.571
1.528,0.21
1.526,-1.348
1.479,0.092
1.613,1.06
1.621,0.507
1.446,-2.246
1.451,-1.011
1.4,-1.114
1.404,-1.213
1.243,-2.126
1.341,-0.067
1.307,0.84
1.108,1.233
1.121,-0.633
1.137,-2.381
1.109,-1.166
0.863,1.256
1.018,0.149
0.841,-1.328
0.74,-2.467
0.836,0.154
0.652,-1.231
0.75,1.244
0.69,-1.479
0.528,0.328
0.352,-1.05
0.242,-0.683
0.295,-2.046
-0.034,-2.433
-0.075,-1.452
-0.098,-0.943
-0.202,1.443
-0.22,0.38
-0.33,0.203
-0.378,-0.936
-0.467,0.113
-0.733,-2.213
-0.612,-2.202
-0.694,-1.334
-0.799,1.333
-0.748,-1.283
-0.737,0.912
-0.77,-1.377
-0.873,-0.221
-1.029,0.298
-1.106,0.346
-1.132,-1.117
-1.265,-0.632
-1.235,-2.248
-1.413,0.422
-1.548,1.24
-1.539,1.064
-1.414,1.159
-1.599,1.318
-1.492,-0.056
-1.715,0.249
-1.715,0.034
-1.79,0.822
-1.77,1.465
-1.954,-0.358
-2.014,-1.257
-2.216,-1.114
-2.266,-0.98
-2.333,-0.205
-2.422,-2.369
-2.454,-2.145
-2.367,1.191
-2.397,-0.087
-2.542,-0.207
-2.451,0.358
-2.43,-0.275
-2.608,-2.779
-2.93,-2.477
2.457,-2.743
1.9,-2.707
2.005,-2.519
1.035,-2.44
0.854,-2.796
0.387,-2.75
0.242,-2.854
0.186,-2.613
-1.125,-2.691
-1.002,-2.644
-1.164,-2.778
-1.031,-2.586
-1.325,-2.672
-1.371,-2.556
-1.498,-2.771
-2.129,-2.539
-2.099,-2.438
-2.276,-2.613
-2.678,-2.432
-2.841,1.805
-2.967,1.917
-3.006,1.887
-3.113,1.871
2.987,1.821
2.102,1.634
1.57,1.7
1.337,1.529
0.995,1.828
0.648,1.765
-0.224,1.77
-0.449,1.822
-0.798,1.691
-1.582,1.874
-1.985,1.492
-2.425,1.736
-2.611,1.637
-2.523,1.835
1.427,-0.536
0.231,0.674
-0.337,-1.508
-0.778,-0.598
-1.022,1.158
2.732,0.002
2.549,-1.7
2.005,-1.706
1.327,-1.171
-0.493,1.023
-0.836,0.45
-0.841,0.086
-1.149,-0.669
-1.504,-1.926
-1.441,-0.288
-1.782,0.452
-1.808,-0.985
-1.994,0.905
-2.013,1.102
-2.066,0.006
-2.756,-0.088
-2.941,-1.413
1.817,-0.166
0.308,-0.15
-0.953,-1.487
1.766,1.339
-2.838,-2.557
-2.081,-2.905
0.021,-1.287
0.034,-1.2
-0.055,0.902
0.016,-1.005
-0.028,-0.134
-0.113,-1.606
-0.08,-1.008
-0.251,-1.07
-0.208,-0.491
-0.322,-0.518
-0.344,-1.336
-0.349,-0.077
-0.368,0.005
-0.604,-2.493
-0.618,-1.162
-0.619,-0.383
-0.617,-2.607
-0.701,-2.806
-0.717,0.708
-0.73,0.432
-0.77,-2.254
-0.837,-2.342
-0.834,0.133
-0.825,-1.958
-0.949,-1.231
-0.976,-1.373
-0.936,-2.549
-1.02,-1.819
-1.032,-1.18
-1.034,-0.395
-1.031,0.606
-1.068,-1.327
-1.123,-1.824
-1.125,0.897
-1.076,-0.641
-1.153,0.033
-1.197,-0.682
-1.163,-0.455
-1.24,-0.735
-1.171,-2.046
-1.195,-1.547
-1.21,-1.662
-1.189,-1.464
-1.217,0.071
-1.442,-2.786
-1.534,-2.348
-1.59,-0.513
-1.619,-2.15
-1.592,1.093
-1.613,-1.158
-1.684,0.2
-1.76,-1.989
-1.697,0.37
-1.714,0.09
-1.789,-0.888
-1.779,-1.659
-1.902,-1.912
-1.956,-1.773
-2.116,-0.974
-2.09,-1.978
-2.102,-1.042
-2.184,-1.666
-2.24,0.486
-2.401,0.883
-2.466,-0.935
-2.49,-2.605
-2.536,-0.666
2.428,-2.922
2.376,-2.928
2.313,-3.119
1.964,-3.002
1.522,-3.248
1.524,-2.912
1.18,-3.212
0.928,-3.092
0.505,-3.063
0.191,-3.172
0.007,-3.176
-0.055,-2.908
-0.65,-3.299
-0.864,-2.975
-1.244,-2.878
-1.348,-3.246
-2.498,-2.934
-2.637,1.203
3.135,1.266
2.662,1.21
2.513,1.444
2.481,1.131
2.277,1.329
1.712,1.409
1.623,1.475
1.207,1.136
0.209,1.24
-0.076,1.526
-0.984,1.183
-1.074,1.362
-1.201,1.151
-1.338,1.596
-1.518,1.464
-1.675,1.44
-1.892,1.471
-1.845,1.153
-2.338,1.313
2.99,0.621
3.009,-1.71
2.074,1.123
1.782,0.794
1.297,1.037
0.75,-2.182
-0.861,0.792
-1.335,0.584
-2.379,-0.221
-2.406,-1.897
3.056,-3.281
-0.636,-3.114
-1.929,-3.033
-2.036,-3.07
-2.508,-3.281
-2.522,-0.072
-2.525,-1.8
-2.853,-1.503
-3.077,-0.254
3.065,-1.318
-3.11,0.782
3.089,-0.111
2.937,0.172
3.04,-1.124
3.065,-2.294
2.907,-0.267
2.875,0.577
2.987,-1.197
2.94,0.157
2.779,-1.633
2.875,-2.114
2.641,-0.285
2.653,-1.34
2.763,1.121
2.702,-1.503
2.696,-0.331
2.683,0.651
2.554,-0.507
2.502,-0.026
2.464,-0.018
2.394,1.112
2.385,-0.316
2.461,-1.738
2.373,1.138
2.199,-0.096
2.27,-0.113
2.046,-2.535
2.123,-1.321
1.992,-0.849
1.906,-1.602
1.983,-1.266
1.925,-1.22
1.793,-0.943
1.755,0.773
1.697,-0.38
1.804,1.022
1.746,-0.994
1.592,-0.213
1.59,-1.771
1.543,-0.331
1.677,0.637
1.685,0.084
1.51,-2.669
1.515,-1.434
1.464,-1.537
1.468,-1.636
1.307,-2.549
1.405,-0.49
1.371,0.417
1.172,0.81
1.185,-1.056
1.201,-2.804
1.173,-1.589
0.927,0.833
1.082,-0.274
0.905,-1.751
0.804,-2.89
0.9,-0.269
0.716,-1.654
0.814,0.821
0.754,-1.902
0.592,-0.095
0.416,-1.473
0.306,-1.106
0.359,-2.469
0.03,-2.856
-0.011,-1.875
-0.034,-1.366
-0.138,1.02
-0.156,-0.043
-0.266,-0.22
-0.314,-1.359
-0.403,-0.31
-0.669,-2.636
-0.548,-2.625
-0.63,-1.757
-0.735,0.91
-0.684,-1.706
-0.673,0.489
-0.706,-1.8
-0.809,-0.644
-0.965,-0.125
-1.042,-0.077
-1.068,-1.54
-1.201,-1.055
-1.171,-2.671
-1.349,-0.001
-1.484,0.817
-1.475,0.641
-1.35,0.736
-1.535,0.895
-1.428,-0.479
-1.651,-0.174
-1.651,-0.389
-1.726,0.399
-1.706,1.042
-1.89,-0.781
-1.95,-1.68
-2.152,-1.537
-2.202,-1.403
-2.269,-0.628
-2.358,-2.792
-2.39,-2.568
-2.303,0.768
-2.333,-0.51
-2.478,-0.63
-2.387,-0.065
-2.366,-0.698
-2.544,-3.202
-2.866,-2.9
2.521,-3.166
1.964,-3.13
2.069,-2.942
1.099,-2.863
0.918,-3.219
0.451,-3.173
0.306,-3.277
0.25,-3.036
-1.061,-3.114
-0.938,-3.067
-1.1,-3.201
-0.967,-3.009
-1.261,-3.095
-1.307,-2.979
-1.434,-3.194
-2.065,-2.962
-2.035,-2.861
-2.212,-3.036
-2.614,-2.855
-2.777,1.382
-2.903,1.494
-2.942,1.464
-3.049,1.448
3.051,1.398
2.166,1.211
1.634,1.277
1.401,1.106
1.059,1.405
0.712,1.342
-0.16,1.347
-0.385,1.399
-0.734,1.268
-1.518,1.451
-1.921,1.069
-2.361,1.313
-2.547,1.214
-2.459,1.412
1.491,-0.959
0.295,0.251
-0.273,-1.931
-0.714,-1.021
-0.958,0.735
2.796,-0.421
2.613,-2.123
2.069,-2.129
1.391,-1.594
-0.429,0.6
-0.772,0.027
-0.777,-0.337
-1.085,-1.092
-1.44,-2.349
-1.377,-0.711
-1.718,0.029
-1.744,-1.408
-1.93,0.482
-1.949,0.679
-2.002,-0.417
-2.692,-0.511
-2.877,-1.836
1.881,-0.589
0.372,-0.573
-0.889,-1.91
1.83,0.916
-2.774,-2.98
-2.017,-3.328
0.013,0.087
-0.076,2.189
-0.005,0.282
-0.049,1.153
-0.134,-0.319
-0.101,0.279
-0.272,0.217
-0.229,0.796
-0.343,0.769
-0.365,-0.049
-0.37,1.21
-0.389,1.292
-0.625,-1.206
-0.639,0.125
-0.64,0.904
-0.638,-1.32
-0.722,-1.519
-0.738,1.995
-0.751,1.719
-0.791,-0.967
-0.858,-1.055
-0.855,1.42
-0.846,-0.671
-0.97,0.056
-0.997,-0.086
-0.957,-1.262
-1.041,-0.532
-1.053,0.107
-1.055,0.892
-1.052,1.893
-1.089,-0.04
-1.144,-0.537
-1.146,2.184
-1.097,0.646
-1.174,1.32
-1.218,0.605
-1.184,0.832
-1.261,0.552
-1.192,-0.759
-1.216,-0.26
-1.231,-0.375
-1.21,-0.177
-1.238,1.358
-1.463,-1.499
-1.555,-1.061
-1.611,0.774
-1.64,-0.863
-1.613,2.38
-1.634,0.129
-1.705,1.487
-1.781,-0.702
-1.718,1.657
-1.735,1.377
-1.81,0.399
-1.8,-0.372
-1.923,-0.625
-1.977,-0.486
-2.137,0.313
-2.111,-0.691
-2.123,0.245
-2.205,-0.379
-2.261,1.773
-2.422,2.17
-2.487,0.352
-2.511,-1.318
-2.557,0.621
2.407,-1.635
2.355,-1.641
2.292,-1.832
1.943,-1.715
1.501,-1.961
1.503,-1.625
1.159,-1.925
0.907,-1.805
0.484,-1.776
0.17,-1.885
-0.014,-1.889
-0.076,-1.621
-0.671,-2.012
-0.885,-1.688
-1.265,-1.591
-1.369,-1.959
-2.519,-1.647
-2.658,2.49
3.114,2.553
2.641,2.497
2.492,2.731
2.46,2.418
2.256,2.616
1.691,2.696
1.602,2.762
1.186,2.423
0.188,2.527
-0.097,2.813
-1.005,2.47
-1.095,2.649
-1.222,2.438
-1.359,2.883
-1.539,2.751
-1.696,2.727
-1.913,2.758
-1.866,2.44
-2.359,2.6
2.969,1.908
2.988,-0.423
2.053,2.41
1.761,2.081
1.276,2.324
0.729,-0.895
-0.882,2.079
-1.356,1.871
-2.4,1.066
-2.427,-0.61
3.035,-1.994
-0.657,-1.827
-1.95,-1.746
-2.057,-1.783
-2.529,-1.994
-2.543,1.215
-2.546,-0.513
-2.874,-0.216
-3.098,1.033
3.044,-0.031
-3.131,2.069
3.068,1.176
2.916,1.459
3.019,0.163
3.044,-1.007
2.886,1.02
2.854,1.864
2.966,0.09
2.919,1.444
2.758,-0.346
2.854,-0.827
2.62,1.002
2.632,-0.053
2.742,2.408
2.681,-0.216
2.675,0.956
2.662,1.938
2.533,0.78
2.481,1.261
2.443,1.269
2.373,2.399
2.364,0.971
2.44,-0.451
2.352,2.425
2.178,1.191
2.249,1.174
2.025,-1.248
2.102,-0.034
1.971,0.438
1.885,-0.315
1.962,0.021
1.904,0.067
1.772,0.344
1.734,2.06
1.676,0.907
1.783,2.309
1.725,0.293
1.571,1.074
1.569,-0.484
1.522,0.956
1.656,1.924
1.664,1.371
1.489,-1.382
1.494,-0.147
1.443,-0.25
1.447,-0.349
1.286,-1.262
1.384,0.797
1.35,1.704
1.151,2.097
1.164,0.231
1.18,-1.517
1.152,-0.302
0.906,2.12
1.061,1.013
0.884,-0.464
0.783,-1.603
0.879,1.018
0.695,-0.367
0.793,2.108
0.733,-0.615
0.571,1.192
0.395,-0.186
0.285,0.181
0.338,-1.182
0.009,-1.569
-0.032,-0.588
-0.055,-0.079
-0.159,2.307
-0.177,1.244
-0.287,1.067
-0.335,-0.072
-0.424,0.977
-0.69,-1.349
-0.569,-1.338
-0.651,-0.47
-0.756,2.197
-0.705,-0.419
-0.694,1.776
-0.727,-0.513
-0.83,0.643
-0.986,1.162
-1.063,1.21
-1.089,-0.253
-1.222,0.232
-1.192,-1.384
-1.37,1.286
-1.505,2.104
-1.496,1.928
-1.371,2.023
-1.556,2.182
-1.449,0.808
-1.672,1.113
-1.672,0.898
-1.747,1.686
-1.727,2.329
-1.911,0.506
-1.971,-0.393
-2.173,-0.25
-2.223,-0.116
-2.29,0.659
-2.379,-1.505
-2.411,-1.281
-2.324,2.055
-2.354,0.777
-2.499,0.657
-2.408,1.222
-2.387,0.589
-2.565,-1.915
-2.887,-1.613
2.5,-1.879
1.943,-1.843
2.048,-1.655
1.078,-1.576
0.897,-1.932
0.43,-1.886
0.285,-1.99
0.229,-1.749
-1.082,-1.827
-0.959,-1.78
-1.121,-1.914
-0.988,-1.722
-1.282,-1.808
-1.328,-1.692
-1.455,-1.907
-2.086,-1.675
-2.056,-1.574
-2.233,-1.749
-2.635,-1.568
-2.798,2.669
-2.924,2.781
-2.963,2.751
-3.07,2.735
3.03,2.685
2.145,2.498
1.613,2.564
1.38,2.393
1.038,2.692
0.691,2.629
-0.181,2.634
-0.406,2.686
-0.755,2.555
-1.539,2.738
-1.942,2.356
-2.382,2.6
-2.568,2.501
-2.48,2.699
1.47,0.328
0.274,1.538
-0.294,-0.644
-0.735,0.266
-0.979,2.022
2.775,0.866
2.592,-0.836
2.048,-0.842
1.37,-0.307
-0.45,1.887
-0.793,1.314
-0.798,0.95
-1.106,0.195
-1.461,-1.062
-1.398,0.576
-1.739,1.316
-1.765,-0.121
-1.951,1.769
-1.97,1.966
-2.023,0.87
-2.713,0.776
-2.898,-0.549
1.86,0.698
0.351,0.714
-0.91,-0.623
1.809,2.203
-2.795,-1.693
-2.038,-2.041
-0.089,2.102
-0.018,0.195
-0.062,1.066
-0.147,-0.406
-0.114,0.192
-0.285,0.13
-0.242,0.709
-0.356,0.682
-0.378,-0.136
-0.383,1.123
-0.402,1.205
-0.638,-1.293
-0.652,0.038
-0.653,0.817
-0.651,-1.407
-0.735,-1.606
-0.751,1.908
-0.764,1.632
-0.804,-1.054
-0.871,-1.142
-0.868,1.333
-0.859,-0.758
-0.983,-0.031
-1.01,-0.173
-0.97,-1.349
-1.054,-0.619
-1.066,0.02
-1.068,0.805
-1.065,1.806
-1.102,-0.127
-1.157,-0.624
-1.159,2.097
-1.11,0.559
-1.187,1.233
-1.231,0.518
-1.197,0.745
-1.274,0.465
-1.205,-0.846
-1.229,-0.347
-1.244,-0.462
-1.223,-0.264
-1.251,1.271
-1.476,-1.586
-1.568,-1.148
-1.624,0.687
-1.653,-0.95
-1.626,2.293
-1.647,0.042
-1.718,1.4
-1.794,-0.789
-1.731,1.57
-1.748,1.29
-1.823,0.312
-1.813,-0.459
-1.936,-0.712
-1.99,-0.573
-2.15,0.226
-2.124,-0.778
-2.136,0.158
-2.218,-0.466
-2.274,1.686
-2.435,2.083
-2.5,0.265
-2.524,-1.405
-2.57,0.534
2.394,-1.722
2.342,-1.728
2.279,-1.919
1.93,-1.802
1.488,-2.048
1.49,-1.712
1.146,-2.012
0.894,-1.892
0.471,-1.863
0.157,-1.972
-0.027,-1.976
-0.089,-1.708
-0.684,-2.099
-0.898,-1.775
-1.278,-1.678
-1.382,-2.046
-2.532,-1.734
-2.671,2.403
3.101,2.466
2.628,2.41
2.479,2.644
2.447,2.331
2.243,2.529
1.678,2.609
1.589,2.675
1.173,2.336
0.175,2.44
-0.11,2.726
-1.018,2.383
-1.108,2.562
-1.235,2.351
-1.372,2.796
-1.552,2.664
-1.709,2.64
-1.926,2.671
-1.879,2.353
-2.372,2.513
2.956,1.821
2.975,-0.51
2.04,2.323
1.748,1.994
1.263,2.237
0.716,-0.982
-0.895,1.992
-1.369,1.784
-2.413,0.979
-2.44,-0.697
3.022,-2.081
-0.67,-1.914
-1.963,-1.833
-2.07,-1.87
-2.542,-2.081
-2.556,1.128
-2.559,-0.6
-2.887,-0.303
-3.111,0.946
3.031,-0.118
3.139,1.982
3.055,1.089
2.903,1.372
3.006,0.076
3.031,-1.094
2.873,0.933
2.841,1.777
2.953,0.003
2.906,1.357
2.745,-0.433
2.841,-0.914
2.607,0.915
2.619,-0.14
2.729,2.321
2.668,-0.303
2.662,0.869
2.649,1.851
2.52,0.693
2.468,1.174
2.43,1.182
2.36,2.312
2.351,0.884
2.427,-0.538
2.339,2.338
2.165,1.104
2.236,1.087
2.012,-1.335
2.089,-0.121
1.958,0.351
1.872,-0.402
1.949,-0.066
1.891,-0.02
1.759,0.257
1.721,1.973
1.663,0.82
1.77,2.222
1.712,0.206
1.558,0.987
1.556,-0.571
1.509,0.869
1.643,1.837
1.651,1.284
1.476,-1.469
1.481,-0.234
1.43,-0.337
1.434,-0.436
1.273,-1.349
1.371,0.71
1.337,1.617
1.138,2.01
1.151,0.144
1.167,-1.604
1.139,-0.389
0.893,2.033
1.048,0.926
0.871,-0.551
0.77,-1.69
0.866,0.931
0.682,-0.454
0.78,2.021
0.72,-0.702
0.558,1.105
0.382,-0.273
0.272,0.094
0.325,-1.269
-0.004,-1.656
-0.045,-0.675
-0.068,-0.166
-0.172,2.22
-0.19,1.157
-0.3,0.98
-0.348,-0.159
-0.437,0.89
-0.703,-1.436
-0.582,-1.425
-0.664,-0.557
-0.769,2.11
-0.718,-0.506
-0.707,1.689
-0.74,-0.6
-0.843,0.556
-0.999,1.075
-1.076,1.123
-1.102,-0.34
-1.235,0.145
-1.205,-1.471
-1.383,1.199
-1.518,2.017
-1.509,1.841
-1.384,1.936
-1.569,2.095
-1.462,0.721
-1.685,1.026
-1.685,0.811
-1.76,1.599
-1.74,2.242
-1.924,0.419
-1.984,-0.48
-2.186,-0.337
-2.236,-0.203
-2.303,0.572
-2.392,-1.592
-2.424,-1.368
-2.337,1.968
-2.367,0.69
-2.512,0.57
-2.421,1.135
-2.4,0.502
-2.578,-2.002
-2.9,-1.7
2.487,-1.966
1.93,-1.93
2.035,-1.742
1.065,-1.663
0.884,-2.019
0.417,-1.973
0.272,-2.077
0.216,-1.836
-1.095,-1.914
-0.972,-1.867
-1.134,-2.001
-1.001,-1.809
-1.295,-1.895
-1.341,-1.779
-1.468,-1.994
-2.099,-1.762
-2.069,-1.661
-2.246,-1.836
-2.648,-1.655
-2.811,2.582
-2.937,2.694
-2.976,2.664
-3.083,2.648
3.017,2.598
2.132,2.411
1.6,2.477
1.367,2.306
1.025,2.605
0.678,2.542
-0.194,2.547
-0.419,2.599
-0.768,2.468
-1.552,2.651
-1.955,2.269
-2.395,2.513
-2.581,2.414
-2.493,2.612
1.457,0.241
0.261,1.451
-0.307,-0.731
-0.748,0.179
-0.992,1.935
2.762,0.779
2.579,-0.923
2.035,-0.929
1.357,-0.394
-0.463,1.8
-0.806,1.227
-0.811,0.863
-1.119,0.108
-1.474,-1.149
-1.411,0.489
-1.752,1.229
-1.778,-0.208
-1.964,1.682
-1.983,1.879
-2.036,0.783
-2.726,0.689
-2.911,-0.636
1.847,0.611
0.338,0.627
-0.923,-0.71
1.796,2.116
-2.808,-1.78
-2.051,-2.128
0.071,-1.907
0.027,-1.036
-0.058,-2.508
-0.025,-1.91
-0.196,-1.972
-0.153,-1.393
-0.267,-1.42
-0.289,-2.238
-0.294,-0.979
-0.313,-0.897
-0.549,-3.395
-0.563,-2.064
-0.564,-1.285
-0.562,-3.509
-0.646,-3.708
-0.662,-0.194
-0.675,-0.47
-0.715,-3.156
-0.782,-3.244
-0.779,-0.769
-0.77,-2.86
-0.894,-2.133
-0.921,-2.275
-0.881,-3.451
-0.965,-2.721
-0.977,-2.082
-0.979,-1.297
-0.976,-0.296
-1.013,-2.229
-1.068,-2.726
-1.07,-0.005
-1.021,-1.543
-1.098,-0.869
-1.142,-1.584
-1.108,-1.357
-1.185,-1.637
-1.116,-2.948
-1.14,-2.449
-1.155,-2.564
-1.134,-2.366
-1.162,-0.831
-1.387,-3.688
-1.479,-3.25
-1.535,-1.415
-1.564,-3.052
-1.537,0.191
-1.558,-2.06
-1.629,-0.702
-1.705,-2.891
-1.642,-0.532
-1.659,-0.812
-1.734,-1.79
-1.724,-2.561
-1.847,-2.814
-1.901,-2.675
-2.061,-1.876
-2.035,-2.88
-2.047,-1.944
-2.129,-2.568
-2.185,-0.416
-2.346,-0.019
-2.411,-1.837
-2.435,-3.507
-2.481,-1.568
2.483,-3.824
2.431,-3.83
2.368,-4.021
2.019,-3.904
1.577,-4.15
1.579,-3.814
1.235,-4.114
0.983,-3.994
0.56,-3.965
0.246,-4.074
0.062,-4.078
0.0,-3.81
-0.595,-4.201
-0.809,-3.877
-1.189,-3.78
-1.293,-4.148
-2.443,-3.836
-2.582,0.301
-3.093,0.364
2.717,0.308
2.568,0.542
2.536,0.229
2.332,0.427
1.767,0.507
1.678,0.573
1.262,0.234
0.264,0.338
-0.021,0.624
-0.929,0.281
-1.019,0.46
-1.146,0.249
-1.283,0.694
-1.463,0.562
-1.62,0.538
-1.837,0.569
-1.79,0.251
-2.283,0.411
3.045,-0.281
3.064,-2.612
2.129,0.221
1.837,-0.108
1.352,0.135
0.805,-3.084
-0.806,-0.11
-1.28,-0.318
-2.324,-1.123
-2.351,-2.799
3.111,-4.183
-0.581,-4.016
-1.874,-3.935
-1.981,-3.972
-2.453,-4.183
-2.467,-0.974
-2.47,-2.702
-2.798,-2.405
-3.022,-1.156
3.12,-2.22
-3.055,-0.12
-3.139,-1.013
2.992,-0.73
3.095,-2.026
3.12,-3.196
2.962,-1.169
2.93,-0.325
3.042,-2.099
2.995,-0.745
2.834,-2.535
2.93,-3.016
2.696,-1.187
2.708,-2.242
2.818,0.219
2.757,-2.405
2.751,-1.233
2.738,-0.251
2.609,-1.409
2.557,-0.928
2.519,-0.92
2.449,0.21
2.44,-1.218
2.516,-2.64
2.428,0.236
2.254,-0.998
2.325,-1.015
2.101,-3.437
2.178,-2.223
2.047,-1.751
1.961,-2.504
2.038,-2.168
1.98,-2.122
1.848,-1.845
1.81,-0.129
1.752,-1.282
1.859,0.12
1.801,-1.896
1.647,-1.115
1.645,-2.673
1.598,-1.233
1.732,-0.265
1.74,-0.818
1.565,-3.571
1.57,-2.336
1.519,-2.439
1.523,-2.538
1.362,-3.451
1.46,-1.392
1.426,-0.485
1.227,-0.092
1.24,-1.958
1.256,-3.706
1.228,-2.491
0.982,-0.069
1.137,-1.176
0.96,-2.653
0.859,-3.792
0.955,-1.171
0.771,-2.556
0.869,-0.081
0.809,-2.804
0.647,-0.997
0.471,-2.375
0.361,-2.008
0.414,-3.371
0.085,-3.758
0.044,-2.777
0.021,-2.268
-0.083,0.118
-0.101,-0.945
-0.211,-1.122
-0.259,-2.261
-0.348,-1.212
-0.614,-3.538
-0.493,-3.527
-0.575,-2.659
-0.68,0.008
-0.629,-2.608
-0.618,-0.413
-0.651,-2.702
-0.754,-1.546
-0.91,-1.027
-0.987,-0.979
-1.013,-2.442
-1.146,-1.957
-1.116,-3.573
-1.294,-0.903
-1.429,-0.085
-1.42,-0.261
-1.295,-0.166
-1.48,-0.007
-1.373,-1.381
-1.596,-1.076
-1.596,-1.291
-1.671,-0.503
-1.651,0.14
-1.835,-1.683
-1.895,-2.582
-2.097,-2.439
-2.147,-2.305
-2.214,-1.53
-2.303,-3.694
-2.335,-3.47
-2.248,-0.134
-2.278,-1.412
-2.423,-1.532
-2.332,-0.967
-2.311,-1.6
-2.489,-4.104
-2.811,-3.802
2.576,-4.068
2.019,-4.032
2.124,-3.844
1.154,-3.765
0.973,-4.121
0.506,-4.075
0.361,-4.179
0.305,-3.938
-1.006,-4.016
-0.883,-3.969
-1.045,-4.103
-0.912,-3.911
-1.206,-3.997
-1.252,-3.881
-1.379,-4.096
-2.01,-3.864
-1.98,-3.763
-2.157,-3.938
-2.559,-3.757
-2.722,0.48
-2.848,0.592
-2.887,0.562
-2.994,0.546
3.106,0.496
2.221,0.309
1.689,0.375
1.456,0.204
1.114,0.503
0.767,0.44
-0.105,0.445
-0.33,0.497
-0.679,0.366
-1.463,0.549
-1.866,0.167
-2.306,0.411
-2.492,0.312
-2.404,0.51
1.546,-1.861
0.35,-0.651
-0.218,-2.833
-0.659,-1.923
-0.903,-0.167
2.851,-1.323
2.668,-3.025
2.124,-3.031
1.446,-2.496
-0.374,-0.302
-0.717,-0.875
-0.722,-1.239
-1.03,-1.994
-1.385,-3.251
-1.322,-1.613
-1.663,-0.873
-1.689,-2.31
-1.875,-0.42
-1.894,-0.223
-1.947,-1.319
-2.637,-1.413
-2.822,-2.738
1.936,-1.491
0.427,-1.475
-0.834,-2.812
1.885,0.014
-2.719,-3.882
-1.962,-4.23
-0.044,0.871
-0.129,-0.601
-0.096,-0.003
-0.267,-0.065
-0.224,0.514
-0.338,0.487
-0.36,-0.331
-0.365,0.928
-0.384,1.01
-0.62,-1.488
-0.634,-0.157
-0.635,0.622
-0.633,-1.602
-0.717,-1.801
-0.733,1.713
-0.746,1.437
-0.786,-1.249
-0.853,-1.337
-0.85,1.138
-0.841,-0.953
-0.965,-0.226
-0.992,-0.368
-0.952,-1.544
-1.036,-0.814
-1.048,-0.175
-1.05,0.61
-1.047,1.611
-1.084,-0.322
-1.139,-0.819
-1.141,1.902
-1.092,0.364
-1.169,1.038
-1.213,0.323
-1.179,0.55
-1.256,0.27
-1.187,-1.041
-1.211,-0.542
-1.226,-0.657
-1.205,-0.459
-1.233,1.076
-1.458,-1.781
-1.55,-1.343
-1.606,0.492
-1.635,-1.145
-1.608,2.098
-1.629,-0.153
-1.7,1.205
-1.776,-0.984
-1.713,1.375
-1.73,1.095
-1.805,0.117
-1.795,-0.654
-1.918,-0.907
-1.972,-0.768
-2.132,0.031
-2.106,-0.973
-2.118,-0.037
-2.2,-0.661
-2.256,1.491
-2.417,1.888
-2.482,0.07
-2.506,-1.6
-2.552,0.339
2.412,-1.917
2.36,-1.923
2.297,-2.114
1.948,-1.997
1.506,-2.243
1.508,-1.907
1.164,-2.207
0.912,-2.087
0.489,-2.058
0.175,-2.167
-0.009,-2.171
-0.071,-1.903
-0.666,-2.294
-0.88,-1.97
-1.26,-1.873
-1.364,-2.241
-2.514,-1.929
-2.653,2.208
3.119,2.271
2.646,2.215
2.497,2.449
2.465,2.136
2.261,2.334
1.696,2.414
1.607,2.48
1.191,2.141
0.193,2.245
-0.092,2.531
-1.0,2.188
-1.09,2.367
-1.217,2.156
-1.354,2.601
-1.534,2.469
-1.691,2.445
-1.908,2.476
-1.861,2.158
-2.354,2.318
2.974,1.626
2.993,-0.705
2.058,2.128
1.766,1.799
1.281,2.042
0.734,-1.177
-0.877,1.797
-1.351,1.589
-2.395,0.784
-2.422,-0.892
3.04,-2.276
-0.652,-2.109
-1.945,-2.028
-2.052,-2.065
-2.524,-2.276
-2.538,0.933
-2.541,-0.795
-2.869,-0.498
-3.093,0.751
3.049,-0.313
-3.126,1.787
3.073,0.894
2.921,1.177
3.024,-0.119
3.049,-1.289
2.891,0.738
2.859,1.582
2.971,-0.192
2.924,1.162
2.763,-0.628
2.859,-1.109
2.625,0.72
2.637,-0.335
2.747,2.126
2.686,-0.498
2.68,0.674
2.667,1.656
2.538,0.498
2.486,0.979
2.448,0.987
2.378,2.117
2.369,0.689
2.445,-0.733
2.357,2.143
2.183,0.909
2.254,0.892
2.03,-1.53
2.107,-0.316
1.976,0.156
1.89,-0.597
1.967,-0.261
1.909,-0.215
1.777,0.062
1.739,1.778
1.681,0.625
1.788,2.027
1.73,0.011
1.576,0.792
1.574,-0.766
1.527,0.674
1.661,1.642
1.669,1.089
1.494,-1.664
1.499,-0.429
1.448,-0.532
1.452,-0.631
1.291,-1.544
1.389,0.515
1.355,1.422
1.156,1.815
1.169,-0.051
1.185,-1.799
1.157,-0.584
0.911,1.838
1.066,0.731
0.889,-0.746
0.788,-1.885
0.884,0.736
0.7,-0.649
0.798,1.826
0.738,-0.897
0.576,0.91
0.4,-0.468
0.29,-0.101
0.343,-1.464
0.014,-1.851
-0.027,-0.87
-0.05,-0.361
-0.154,2.025
-0.172,0.962
-0.282,0.785
-0.33,-0.354
-0.419,0.695
-0.685,-1.631
-0.564,-1.62
-0.646,-0.752
-0.751,1.915
-0.7,-0.701
-0.689,1.494
-0.722,-0.795
-0.825,0.361
-0.981,0.88
-1.058,0.928
-1.084,-0.535
-1.217,-0.05
-1.187,-1.666
-1.365,1.004
-1.5,1.822
-1.491,1.646
-1.366,1.741
-1.551,1.9
-1.444,0.526
-1.667,0.831
-1.667,0.616
-1.742,1.404
-1.722,2.047
-1.906,0.224
-1.966,-0.675
-2.168,-0.532
-2.218,-0.398
-2.285,0.377
-2.374,-1.787
-2.406,-1.563
-2.319,1.773
-2.349,0.495
-2.494,0.375
-2.403,0.94
-2.382,0.307
-2.56,-2.197
-2.882,-1.895
2.505,-2.161
1.948,-2.125
2.053,-1.937
1.083,-1.858
0.902,-2.214
0.435,-2.168
0.29,-2.272
0.234,-2.031
-1.077,-2.109
-0.954,-2.062
-1.116,-2.196
-0.983,-2.004
-1.277,-2.09
-1.323,-1.974
-1.45,-2.189
-2.081,-1.957
-2.051,-1.856
-2.228,-2.031
-2.63,-1.85
-2.793,2.387
-2.919,2.499
-2.958,2.469
-3.065,2.453
3.035,2.403
2.15,2.216
1.618,2.282
1.385,2.111
1.043,2.41
0.696,2.347
-0.176,2.352
-0.401,2.404
-0.75,2.273
-1.534,2.456
-1.937,2.074
-2.377,2.318
-2.563,2.219
-2.475,2.417
1.475,0.046
0.279,1.256
-0.289,-0.926
-0.73,-0.016
-0.974,1.74
2.78,0.584
2.597,-1.118
2.053,-1.124
1.375,-0.589
-0.445,1.605
-0.788,1.032
-0.793,0.668
-1.101,-0.087
-1.456,-1.344
-1.393,0.294
-1.734,1.034
-1.76,-0.403
-1.946,1.487
-1.965,1.684
-2.018,0.588
-2.708,0.494
-2.893,-0.831
1.865,0.416
0.356,0.432
-0.905,-0.905
1.814,1.921
-2.79,-1.975
-2.033,-2.323
-0.085,-1.472
-0.052,-0.874
-0.223,-0.936
-0.18,-0.357
-0.294,-0.384
-0.316,-1.202
-0.321,0.057
-0.34,0.139
-0.576,-2.359
-0.59,-1.028
-0.591,-0.249
-0.589,-2.473
-0.673,-2.672
-0.689,0.842
-0.702,0.566
-0.742,-2.12
-0.809,-2.208
-0.806,0.267
-0.797,-1.824
-0.921,-1.097
-0.948,-1.239
-0.908,-2.415
-0.992,-1.685
-1.004,-1.046
-1.006,-0.261
-1.003,0.74
-1.04,-1.193
-1.095,-1.69
-1.097,1.031
-1.048,-0.507
-1.125,0.167
-1.169,-0.548
-1.135,-0.321
-1.212,-0.601
-1.143,-1.912
-1.167,-1.413
-1.182,-1.528
-1.161,-1.33
-1.189,0.205
-1.414,-2.652
-1.506,-2.214
-1.562,-0.379
-1.591,-2.016
-1.564,1.227
-1.585,-1.024
-1.656,0.334
-1.732,-1.855
-1.669,0.504
-1.686,0.224
-1.761,-0.754
-1.751,-1.525
-1.874,-1.778
-1.928,-1.639
-2.088,-0.84
-2.062,-1.844
-2.074,-0.908
-2.156,-1.532
-2.212,0.62
-2.373,1.017
-2.438,-0.801
-2.462,-2.471
-2.508,-0.532
2.456,-2.788
2.404,-2.794
2.341,-2.985
1.992,-2.868
1.55,-3.114
1.552,-2.778
1.208,-3.078
0.956,-2.958
0.533,-2.929
0.219,-3.038
0.035,-3.042
-0.027,-2.774
-0.622,-3.165
-0.836,-2.841
-1.216,-2.744
-1.32,-3.112
-2.47,-2.8
-2.609,1.337
-3.12,1.4
2.69,1.344
2.541,1.578
2.509,1.265
2.305,1.463
1.74,1.543
1.651,1.609
1.235,1.27
0.237,1.374
-0.048,1.66
-0.956,1.317
-1.046,1.496
-1.173,1.285
-1.31,1.73
-1.49,1.598
-1.647,1.574
-1.864,1.605
-1.817,1.287
-2.31,1.447
3.018,0.755
3.037,-1.576
2.102,1.257
1.81,0.928
1.325,1.171
0.778,-2.048
-0.833,0.926
-1.307,0.718
-2.351,-0.087
-2.378,-1.763
3.084,-3.147
-0.608,-2.98
-1.901,-2.899
-2.008,-2.936
-2.48,-3.147
-2.494,0.062
-2.497,-1.666
-2.825,-1.369
-3.049,-0.12
3.093,-1.184
-3.082,0.916
3.117,0.023
2.965,0.306
3.068,-0.99
3.093,-2.16
2.935,-0.133
2.903,0.711
3.015,-1.063
2.968,0.291
2.807,-1.499
2.903,-1.98
2.669,-0.151
2.681,-1.206
2.791,1.255
2.73,-1.369
2.724,-0.197
2.711,0.785
2.582,-0.373
2.53,0.108
2.492,0.116
2.422,1.246
2.413,-0.182
2.489,-1.604
2.401,1.272
2.227,0.038
2.298,0.021
2.074,-2.401
2.151,-1.187
2.02,-0.715
1.934,-1.468
2.011,-1.132
1.953,-1.086
1.821,-0.809
1.783,0.907
1.725,-0.246
1.832,1.156
1.774,-0.86
1.62,-0.079
1.618,-1.637
1.571,-0.197
1.705,0.771
1.713,0.218
1.538,-2.535
1.543,-1.3
1.492,-1.403
1.496,-1.502
1.335,-2.415
1.433,-0.356
1.399,0.551
1.2,0.944
1.213,-0.922
1.229,-2.67
1.201,-1.455
0.955,0.967
1.11,-0.14
0.933,-1.617
0.832,-2.756
0.928,-0.135
0.744,-1.52
0.842,0.955
0.782,-1.768
0.62,0.039
0.444,-1.339
0.334,-0.972
0.387,-2.335
0.058,-2.722
0.017,-1.741
-0.006,-1.232
-0.11,1.154
-0.128,0.091
-0.238,-0.086
-0.286,-1.225
-0.375,-0.176
-0.641,-2.502
-0.52,-2.491
-0.602,-1.623
-0.707,1.044
-0.656,-1.572
-0.645,0.623
-0.678,-1.666
-0.781,-0.51
-0.937,0.009
-1.014,0.057
-1.04,-1.406
-1.173,-0.921
-1.143,-2.537
-1.321,0.133
-1.456,0.951
-1.447,0.775
-1.322,0.87
-1.507,1.029
-1.4,-0.345
-1.623,-0.04
-1.623,-0.255
-1.698,0.533
-1.678,1.176
-1.862,-0.647
-1.922,-1.546
-2.124,-1.403
-2.174,-1.269
-2.241,-0.494
-2.33,-2.658
-2.362,-2.434
-2.275,0.902
-2.305,-0.376
-2.45,-0.496
-2.359,0.069
-2.338,-0.564
-2.516,-3.068
-2.838,-2.766
2.549,-3.032
1.992,-2.996
2.097,-2.808
1.127,-2.729
0.946,-3.085
0.479,-3.039
0.334,-3.143
0.278,-2.902
-1.033,-2.98
-0.91,-2.933
-1.072,-3.067
-0.939,-2.875
-1.233,-2.961
-1.279,-2.845
-1.406,-3.06
-2.037,-2.828
-2.007,-2.727
-2.184,-2.902
-2.586,-2.721
-2.749,1.516
-2.875,1.628
-2.914,1.598
-3.021,1.582
3.079,1.532
2.194,1.345
1.662,1.411
1.429,1.24
1.087,1.539
0.74,1.476
-0.132,1.481
-0.357,1.533
-0.706,1.402
-1.49,1.585
-1.893,1.203
-2.333,1.447
-2.519,1.348
-2.431,1.546
1.519,-0.825
0.323,0.385
-0.245,-1.797
-0.686,-0.887
-0.93,0.869
2.824,-0.287
2.641,-1.989
2.097,-1.995
1.419,-1.46
-0.401,0.734
-0.744,0.161
-0.749,-0.203
-1.057,-0.958
-1.412,-2.215
-1.349,-0.577
-1.69,0.163
-1.716,-1.274
-1.902,0.616
-1.921,0.813
-1.974,-0.283
-2.664,-0.377
-2.849,-1.702
1.909,-0.455
0.4,-0.439
-0.861,-1.776
1.858,1.05
-2.746,-2.846
-1.989,-3.194
0.033,0.598
-0.138,0.536
-0.095,1.115
-0.209,1.088
-0.231,0.27
-0.236,1.529
-0.255,1.611
-0.491,-0.887
-0.505,0.444
-0.506,1.223
-0.504,-1.001
-0.588,-1.2
-0.604,2.314
-0.617,2.038
-0.657,-0.648
-0.724,-0.736
-0.721,1.739
-0.712,-0.352
-0.836,0.375
-0.863,0.233
-0.823,-0.943
-0.907,-0.213
-0.919,0.426
-0.921,1.211
-0.918,2.212
-0.955,0.279
-1.01,-0.218
-1.012,2.503
-0.963,0.965
-1.04,1.639
-1.084,0.924
-1.05,1.151
-1.127,0.871
-1.058,-0.44
-1.082,0.059
-1.097,-0.056
-1.076,0.142
-1.104,1.677
-1.329,-1.18
-1.421,-0.742
-1.477,1.093
-1.506,-0.544
-1.479,2.699
-1.5,0.448
-1.571,1.806
-1.647,-0.383
-1.584,1.976
-1.601,1.696
-1.676,0.718
-1.666,-0.053
-1.789,-0.306
-1.843,-0.167
-2.003,0.632
-1.977,-0.372
-1.989,0.564
-2.071,-0.06
-2.127,2.092
-2.288,2.489
-2.353,0.671
-2.377,-0.999
-2.423,0.94
2.541,-1.316
2.489,-1.322
2.426,-1.513
2.077,-1.396
1.635,-1.642
1.637,-1.306
1.293,-1.606
1.041,-1.486
0.618,-1.457
0.304,-1.566
0.12,-1.57
0.058,-1.302
-0.537,-1.693
-0.751,-1.369
-1.131,-1.272
-1.235,-1.64
-2.385,-1.328
-2.524,2.809
-3.035,2.872
2.775,2.816
2.626,3.05
2.594,2.737
2.39,2.935
1.825,3.015
1.736,3.081
1.32,2.742
0.322,2.846
0.037,3.132
-0.871,2.789
-0.961,2.968
-1.088,2.757
-1.225,3.202
-1.405,3.07
-1.562,3.046
-1.779,3.077
-1.732,2.759
-2.225,2.919
3.103,2.227
3.122,-0.104
2.187,2.729
1.895,2.4
1.41,2.643
0.863,-0.576
-0.748,2.398
-1.222,2.19
-2.266,1.385
-2.293,-0.291
-3.114,-1.675
-0.523,-1.508
-1.816,-1.427
-1.923,-1.464
-2.395,-1.675
-2.409,1.534
-2.412,-0.194
-2.74,0.103
-2.964,1.352
-3.105,0.288
-2.997,2.388
-3.081,1.495
3.05,1.778
-3.13,0.482
-3.105,-0.688
3.02,1.339
2.988,2.183
3.1,0.409
3.053,1.763
2.892,-0.027
2.988,-0.508
2.754,1.321
2.766,0.266
2.876,2.727
2.815,0.103
2.809,1.275
2.796,2.257
2.667,1.099
2.615,1.58
2.577,1.588
2.507,2.718
2.498,1.29
2.574,-0.132
2.486,2.744
2.312,1.51
2.383,1.493
2.159,-0.929
2.236,0.285
2.105,0.757
2.019,0.004
2.096,0.34
2.038,0.386
1.906,0.663
1.868,2.379
1.81,1.226
1.917,2.628
1.859,0.612
1.705,1.393
1.703,-0.165
1.656,1.275
1.79,2.243
1.798,1.69
1.623,-1.063
1.628,0.172
1.577,0.069
1.581,-0.03
1.42,-0.943
1.518,1.116
1.484,2.023
1.285,2.416
1.298,0.55
1.314,-1.198
1.286,0.017
1.04,2.439
1.195,1.332
1.018,-0.145
0.917,-1.284
1.013,1.337
0.829,-0.048
0.927,2.427
0.867,-0.296
0.705,1.511
0.529,0.133
0.419,0.5
0.472,-0.863
0.143,-1.25
0.102,-0.269
0.079,0.24
-0.025,2.626
-0.043,1.563
-0.153,1.386
-0.201,0.247
-0.29,1.296
-0.556,-1.03
-0.435,-1.019
-0.517,-0.151
-0.622,2.516
-0.571,-0.1
-0.56,2.095
-0.593,-0.194
-0.696,0.962
-0.852,1.481
-0.929,1.529
-0.955,0.066
-1.088,0.551
-1.058,-1.065
-1.236,1.605
-1.371,2.423
-1.362,2.247
-1.237,2.342
-1.422,2.501
-1.315,1.127
-1.538,1.432
-1.538,1.217
-1.613,2.005
-1.593,2.648
-1.777,0.825
-1.837,-0.074
-2.039,0.069
-2.089,0.203
-2.156,0.978
-2.245,-1.186
-2.277,-0.962
-2.19,2.374
-2.22,1.096
-2.365,0.976
-2.274,1.541
-2.253,0.908
-2.431,-1.596
-2.753,-1.294
2.634,-1.56
2.077,-1.524
2.182,-1.336
1.212,-1.257
1.031,-1.613
0.564,-1.567
0.419,-1.671
0.363,-1.43
-0.948,-1.508
-0.825,-1.461
-0.987,-1.595
-0.854,-1.403
-1.148,-1.489
-1.194,-1.373
-1.321,-1.588
-1.952,-1.356
-1.922,-1.255
-2.099,-1.43
-2.501,-1.249
-2.664,2.988
-2.79,3.1
-2.829,3.07
-2.936,3.054
-3.119,3.004
2.279,2.817
1.747,2.883
1.514,2.712
1.172,3.011
0.825,2.948
-0.047,2.953
-0.272,3.005
-0.621,2.874
-1.405,3.057
-1.808,2.675
-2.248,2.919
-2.434,2.82
-2.346,3.018
1.604,0.647
0.408,1.857
-0.16,-0.325
-0.601,0.585
-0.845,2.341
2.909,1.185
2.726,-0.517
2.182,-0.523
1.504,0.012
-0.316,2.206
-0.659,1.633
-0.664,1.269
-0.972,0.514
-1.327,-0.743
-1.264,0.895
-1.605,1.635
-1.631,0.198
-1.817,2.088
-1.836,2.285
-1.889,1.189
-2.579,1.095
-2.764,-0.23
1.994,1.017
0.485,1.033
-0.776,-0.304
1.943,2.522
-2.661,-1.374
-1.904,-1.722
-0.171,-0.062
-0.128,0.517
-0.242,0.49
-0.264,-0.328
-0.269,0.931
-0.288,1.013
-0.524,-1.485
-0.538,-0.154
-0.539,0.625
-0.537,-1.599
-0.621,-1.798
-0.637,1.716
-0.65,1.44
-0.69,-1.246
-0.757,-1.334
-0.754,1.141
-0.745,-0.95
-0.869,-0.223
-0.896,-0.365
-0.856,-1.541
-0.94,-0.811
-0.952,-0.172
-0.954,0.613
-0.951,1.614
-0.988,-0.319
-1.043,-0.816
-1.045,1.905
-0.996,0.367
-1.073,1.041
-1.117,0.326
-1.083,0.553
-1.16,0.273
-1.091,-1.038
-1.115,-0.539
-1.13,-0.654
-1.109,-0.456
-1.137,1.079
-1.362,-1.778
-1.454,-1.34
-1.51,0.495
-1.539,-1.142
-1.512,2.101
-1.533,-0.15
-1.604,1.208
-1.68,-0.981
-1.617,1.378
-1.634,1.098
-1.709,0.12
-1.699,-0.651
-1.822,-0.904
-1.876,-0.765
-2.036,0.034
-2.01,-0.97
-2.022,-0.034
-2.104,-0.658
-2.16,1.494
-2.321,1.891
-2.386,0.073
-2.41,-1.597
-2.456,0.342
2.508,-1.914
2.456,-1.92
2.393,-2.111
2.044,-1.994
1.602,-2.24
1.604,-1.904
1.26,-2.204
1.008,-2.084
0.585,-2.055
0.271,-2.164
0.087,-2.168
0.025,-1.9
-0.57,-2.291
-0.784,-1.967
-1.164,-1.87
-1.268,-2.238
-2.418,-1.926
-2.557,2.211
-3.068,2.274
2.742,2.218
2.593,2.452
2.561,2.139
2.357,2.337
1.792,2.417
1.703,2.483
1.287,2.144
0.289,2.248
0.004,2.534
-0.904,2.191
-0.994,2.37
-1.121,2.159
-1.258,2.604
-1.438,2.472
-1.595,2.448
-1.812,2.479
-1.765,2.161
-2.258,2.321
3.07,1.629
3.089,-0.702
2.154,2.131
1.862,1.802
1.377,2.045
0.83,-1.174
-0.781,1.8
-1.255,1.592
-2.299,0.787
-2.326,-0.889
3.136,-2.273
-0.556,-2.106
-1.849,-2.025
-1.956,-2.062
-2.428,-2.273
-2.442,0.936
-2.445,-0.792
-2.773,-0.495
-2.997,0.754
-3.138,-0.31
-3.03,1.79
-3.114,0.897
3.017,1.18
3.12,-0.116
-3.138,-1.286
2.987,0.741
2.955,1.585
3.067,-0.189
3.02,1.165
2.859,-0.625
2.955,-1.106
2.721,0.723
2.733,-0.332
2.843,2.129
2.782,-0.495
2.776,0.677
2.763,1.659
2.634,0.501
2.582,0.982
2.544,0.99
2.474,2.12
2.465,0.692
2.541,-0.73
2.453,2.146
2.279,0.912
2.35,0.895
2.126,-1.527
2.203,-0.313
2.072,0.159
1.986,-0.594
2.063,-0.258
2.005,-0.212
1.873,0.065
1.835,1.781
1.777,0.628
1.884,2.03
1.826,0.014
1.672,0.795
1.67,-0.763
1.623,0.677
1.757,1.645
1.765,1.092
1.59,-1.661
1.595,-0.426
1.544,-0.529
1.548,-0.628
1.387,-1.541
1.485,0.518
1.451,1.425
1.252,1.818
1.265,-0.048
1.281,-1.796
1.253,-0.581
1.007,1.841
1.162,0.734
0.985,-0.743
0.884,-1.882
0.98,0.739
0.796,-0.646
0.894,1.829
0.834,-0.894
0.672,0.913
0.496,-0.465
0.386,-0.098
0.439,-1.461
0.11,-1.848
0.069,-0.867
0.046,-0.358
-0.058,2.028
-0.076,0.965
-0.186,0.788
-0.234,-0.351
-0.323,0.698
-0.589,-1.628
-0.468,-1.617
-0.55,-0.749
-0.655,1.918
-0.604,-0.698
-0.593,1.497
-0.626,-0.792
-0.729,0.364
-0.885,0.883
-0.962,0.931
-0.988,-0.532
-1.121,-0.047
-1.091,-1.663
-1.269,1.007
-1.404,1.825
-1.395,1.649
-1.27,1.744
-1.455,1.903
-1.348,0.529
-1.571,0.834
-1.571,0.619
-1.646,1.407
-1.626,2.05
-1.81,0.227
-1.87,-0.672
-2.072,-0.529
-2.122,-0.395
-2.189,0.38
-2.278,-1.784
-2.31,-1.56
-2.223,1.776
-2.253,0.498
-2.398,0.378
-2.307,0.943
-2.286,0.31
-2.464,-2.194
-2.786,-1.892
2.601,-2.158
2.044,-2.122
2.149,-1.934
1.179,-1.855
0.998,-2.211
0.531,-2.165
0.386,-2.269
0.33,-2.028
-0.981,-2.106
-0.858,-2.059
-1.02,-2.193
-0.887,-2.001
-1.181,-2.087
-1.227,-1.971
-1.354,-2.186
-1.985,-1.954
-1.955,-1.853
-2.132,-2.028
-2.534,-1.847
-2.697,2.39
-2.823,2.502
-2.862,2.472
-2.969,2.456
3.131,2.406
2.246,2.219
1.714,2.285
1.481,2.114
1.139,2.413
0.792,2.35
-0.08,2.355
-0.305,2.407
-0.654,2.276
-1.438,2.459
-1.841,2.077
-2.281,2.321
-2.467,2.222
-2.379,2.42
1.571,0.049
0.375,1.259
-0.193,-0.923
-0.634,-0.013
-0.878,1.743
2.876,0.587
2.693,-1.115
2.149,-1.121
1.471,-0.586
-0.349,1.608
-0.692,1.035
-0.697,0.671
-1.005,-0.084
-1.36,-1.341
-1.297,0.297
-1.638,1.037
-1.664,-0.4
-1.85,1.49
-1.869,1.687
-1.922,0.591
-2.612,0.497
-2.797,-0.828
1.961,0.419
0.452,0.435
-0.809,-0.902
1.91,1.924
-2.694,-1.972
-1.937,-2.32
0.043,0.579
-0.071,0.552
-0.093,-0.266
-0.098,0.993
-0.117,1.075
-0.353,-1.423
-0.367,-0.092
-0.368,0.687
-0.366,-1.537
-0.45,-1.736
-0.466,1.778
-0.479,1.502
-0.519,-1.184
-0.586,-1.272
-0.583,1.203
-0.574,-0.888
-0.698,-0.161
-0.725,-0.303
-0.685,-1.479
-0.769,-0.749
-0.781,-0.11
-0.783,0.675
-0.78,1.676
-0.817,-0.257
-0.872,-0.754
-0.874,1.967
-0.825,0.429
-0.902,1.103
-0.946,0.388
-0.912,0.615
-0.989,0.335
-0.92,-0.976
-0.944,-0.477
-0.959,-0.592
-0.938,-0.394
-0.966,1.141
-1.191,-1.716
-1.283,-1.278
-1.339,0.557
-1.368,-1.08
-1.341,2.163
-1.362,-0.088
-1.433,1.27
-1.509,-0.919
-1.446,1.44
-1.463,1.16
-1.538,0.182
-1.528,-0.589
-1.651,-0.842
-1.705,-0.703
-1.865,0.096
-1.839,-0.908
-1.851,0.028
-1.933,-0.596
-1.989,1.556
-2.15,1.953
-2.215,0.135
-2.239,-1.535
-2.285,0.404
2.679,-1.852
2.627,-1.858
2.564,-2.049
2.215,-1.932
1.773,-2.178
1.775,-1.842
1.431,-2.142
1.179,-2.022
0.756,-1.993
0.442,-2.102
0.258,-2.106
0.196,-1.838
-0.399,-2.229
-0.613,-1.905
-0.993,-1.808
-1.097,-2.176
-2.247,-1.864
-2.386,2.273
-2.897,2.336
2.913,2.28
2.764,2.514
2.732,2.201
2.528,2.399
1.963,2.479
1.874,2.545
1.458,2.206
0.46,2.31
0.175,2.596
-0.733,2.253
-0.823,2.432
-0.95,2.221
-1.087,2.666
-1.267,2.534
-1.424,2.51
-1.641,2.541
-1.594,2.223
-2.087,2.383
-3.042,1.691
-3.023,-0.64
2.325,2.193
2.033,1.864
1.548,2.107
1.001,-1.112
-0.61,1.862
-1.084,1.654
-2.128,0.849
-2.155,-0.827
-2.976,-2.211
-0.385,-2.044
-1.678,-1.963
-1.785,-2.0
-2.257,-2.211
-2.271,0.998
-2.274,-0.73
-2.602,-0.433
-2.826,0.816
-2.967,-0.248
-2.859,1.852
-2.943,0.959
-3.095,1.242
-2.992,-0.054
-2.967,-1.224
-3.125,0.803
3.126,1.647
-3.045,-0.127
-3.092,1.227
3.03,-0.563
3.126,-1.044
2.892,0.785
2.904,-0.27
3.014,2.191
2.953,-0.433
2.947,0.739
2.934,1.721
2.805,0.563
2.753,1.044
2.715,1.052
2.645,2.182
2.636,0.754
2.712,-0.668
2.624,2.208
2.45,0.974
2.521,0.957
2.297,-1.465
2.374,-0.251
2.243,0.221
2.157,-0.532
2.234,-0.196
2.176,-0.15
2.044,0.127
2.006,1.843
1.948,0.69
2.055,2.092
1.997,0.076
1.843,0.857
1.841,-0.701
1.794,0.739
1.928,1.707
1.936,1.154
1.761,-1.599
1.766,-0.364
1.715,-0.467
1.719,-0.566
1.558,-1.479
1.656,0.58
1.622,1.487
1.423,1.88
1.436,0.014
1.452,-1.734
1.424,-0.519
1.178,1.903
1.333,0.796
1.156,-0.681
1.055,-1.82
1.151,0.801
0.967,-0.584
1.065,1.891
1.005,-0.832
0.843,0.975
0.667,-0.403
0.557,-0.036
0.61,-1.399
0.281,-1.786
0.24,-0.805
0.217,-0.296
0.113,2.09
0.095,1.027
-0.015,0.85
-0.063,-0.289
-0.152,0.76
-0.418,-1.566
-0.297,-1.555
-0.379,-0.687
-0.484,1.98
-0.433,-0.636
-0.422,1.559
-0.455,-0.73
-0.558,0.426
-0.714,0.945
-0.791,0.993
-0.817,-0.47
-0.95,0.015
-0.92,-1.601
-1.098,1.069
-1.233,1.887
-1.224,1.711
-1.099,1.806
-1.284,1.965
-1.177,0.591
-1.4,0.896
-1.4,0.681
-1.475,1.469
-1.455,2.112
-1.639,0.289
-1.699,-0.61
-1.901,-0.467
-1.951,-0.333
-2.018,0.442
-2.107,-1.722
-2.139,-1.498
-2.052,1.838
-2.082,0.56
-2.227,0.44
-2.136,1.005
-2.115,0.372
-2.293,-2.132
-2.615,-1.83
2.772,-2.096
2.215,-2.06
2.32,-1.872
1.35,-1.793
1.169,-2.149
0.702,-2.103
0.557,-2.207
0.501,-1.966
-0.81,-2.044
-0.687,-1.997
-0.849,-2.131
-0.716,-1.939
-1.01,-2.025
-1.056,-1.909
-1.183,-2.124
-1.814,-1.892
-1.784,-1.791
-1.961,-1.966
-2.363,-1.785
-2.526,2.452
-2.652,2.564
-2.691,2.534
-2.798,2.518
-2.981,2.468
2.417,2.281
1.885,2.347
1.652,2.176
1.31,2.475
0.963,2.412
0.091,2.417
-0.134,2.469
-0.483,2.338
-1.267,2.521
-1.67,2.139
-2.11,2.383
-2.296,2.284
-2.208,2.482
1.742,0.111
0.546,1.321
-0.022,-0.861
-0.463,0.049
-0.707,1.805
3.047,0.649
2.864,-1.053
2.32,-1.059
1.642,-0.524
-0.178,1.67
-0.521,1.097
-0.526,0.733
-0.834,-0.022
-1.189,-1.279
-1.126,0.359
-1.467,1.099
-1.493,-0.338
-1.679,1.552
-1.698,1.749
-1.751,0.653
-2.441,0.559
-2.626,-0.766
2.132,0.481
0.623,0.497
-0.638,-0.84
2.081,1.986
-2.523,-1.91
-1.766,-2.258
-0.114,-0.027
-0.136,-0.845
-0.141,0.414
-0.16,0.496
-0.396,-2.002
-0.41,-0.671
-0.411,0.108
-0.409,-2.116
-0.493,-2.315
-0.509,1.199
-0.522,0.923
-0.562,-1.763
-0.629,-1.851
-0.626,0.624
-0.617,-1.467
-0.741,-0.74
-0.768,-0.882
-0.728,-2.058
-0.812,-1.328
-0.824,-0.689
-0.826,0.096
-0.823,1.097
-0.86,-0.836
-0.915,-1.333
-0.917,1.388
-0.868,-0.15
-0.945,0.524
-0.989,-0.191
-0.955,0.036
-1.032,-0.244
-0.963,-1.555
-0.987,-1.056
-1.002,-1.171
-0.981,-0.973
-1.009,0.562
-1.234,-2.295
-1.326,-1.857
-1.382,-0.022
-1.411,-1.659
-1.384,1.584
-1.405,-0.667
-1.476,0.691
-1.552,-1.498
-1.489,0.861
-1.506,0.581
-1.581,-0.397
-1.571,-1.168
-1.694,-1.421
-1.748,-1.282
-1.908,-0.483
-1.882,-1.487
-1.894,-0.551
-1.976,-1.175
-2.032,0.977
-2.193,1.374
-2.258,-0.444
-2.282,-2.114
-2.328,-0.175
2.636,-2.431
2.584,-2.437
2.521,-2.628
2.172,-2.511
1.73,-2.757
1.732,-2.421
1.388,-2.721
1.136,-2.601
0.713,-2.572
0.399,-2.681
0.215,-2.685
0.153,-2.417
-0.442,-2.808
-0.656,-2.484
-1.036,-2.387
-1.14,-2.755
-2.29,-2.443
-2.429,1.694
-2.94,1.757
2.87,1.701
2.721,1.935
2.689,1.622
2.485,1.82
1.92,1.9
1.831,1.966
1.415,1.627
0.417,1.731
0.132,2.017
-0.776,1.674
-0.866,1.853
-0.993,1.642
-1.13,2.087
-1.31,1.955
-1.467,1.931
-1.684,1.962
-1.637,1.644
-2.13,1.804
-3.085,1.112
-3.066,-1.219
2.282,1.614
1.99,1.285
1.505,1.528
0.958,-1.691
-0.653,1.283
-1.127,1.075
-2.171,0.27
-2.198,-1.406
-3.019,-2.79
-0.428,-2.623
-1.721,-2.542
-1.828,-2.579
-2.3,-2.79
-2.314,0.419
-2.317,-1.309
-2.645,-1.012
-2.869,0.237
-3.01,-0.827
-2.902,1.273
-2.986,0.38
-3.138,0.663
-3.035,-0.633
-3.01,-1.803
3.115,0.224
3.083,1.068
-3.088,-0.706
-3.135,0.648
2.987,-1.142
3.083,-1.623
2.849,0.206
2.861,-0.849
2.971,1.612
2.91,-1.012
2.904,0.16
2.891,1.142
2.762,-0.016
2.71,0.465
2.672,0.473
2.602,1.603
2.593,0.175
2.669,-1.247
2.581,1.629
2.407,0.395
2.478,0.378
2.254,-2.044
2.331,-0.83
2.2,-0.358
2.114,-1.111
2.191,-0.775
2.133,-0.729
2.001,-0.452
1.963,1.264
1.905,0.111
2.012,1.513
1.954,-0.503
1.8,0.278
1.798,-1.28
1.751,0.16
1.885,1.128
1.893,0.575
1.718,-2.178
1.723,-0.943
1.672,-1.046
1.676,-1.145
1.515,-2.058
1.613,0.001
1.579,0.908
1.38,1.301
1.393,-0.565
1.409,-2.313
1.381,-1.098
1.135,1.324
1.29,0.217
1.113,-1.26
1.012,-2.399
1.108,0.222
0.924,-1.163
1.022,1.312
0.962,-1.411
0.8,0.396
0.624,-0.982
0.514,-0.615
0.567,-1.978
0.238,-2.365
0.197,-1.384
0.174,-0.875
0.07,1.511
0.052,0.448
-0.058,0.271
-0.106,-0.868
-0.195,0.181
-0.461,-2.145
-0.34,-2.134
-0.422,-1.266
-0.527,1.401
-0.476,-1.215
-0.465,0.98
-0.498,-1.309
-0.601,-0.153
-0.757,0.366
-0.834,0.414
-0.86,-1.049
-0.993,-0.564
-0.963,-2.18
-1.141,0.49
-1.276,1.308
-1.267,1.132
-1.142,1.227
-1.327,1.386
-1.22,0.012
-1.443,0.317
-1.443,0.102
-1.518,0.89
-1.498,1.533
-1.682,-0.29
-1.742,-1.189
-1.944,-1.046
-1.994,-0.912
-2.061,-0.137
-2.15,-2.301
-2.182,-2.077
-2.095,1.259
-2.125,-0.019
-2.27,-0.139
-2.179,0.426
-2.158,-0.207
-2.336,-2.711
-2.658,-2.409
2.729,-2.675
2.172,-2.639
2.277,-2.451
1.307,-2.372
1.126,-2.728
0.659,-2.682
0.514,-2.786
0.458,-2.545
-0.853,-2.623
-0.73,-2.576
-0.892,-2.71
-0.759,-2.518
-1.053,-2.604
-1.099,-2.488
-1.226,-2.703
-1.857,-2.471
-1.827,-2.37
-2.004,-2.545
-2.406,-2.364
-2.569,1.873
-2.695,1.985
-2.734,1.955
-2.841,1.939
-3.024,1.889
2.374,1.702
1.842,1.768
1.609,1.597
1.267,1.896
0.92,1.833
0.048,1.838
-0.177,1.89
-0.526,1.759
-1.31,1.942
-1.713,1.56
-2.153,1.804
-2.339,1.705
-2.251,1.903
1.699,-0.468
0.503,0.742
-0.065,-1.44
-0.506,-0.53
-0.75,1.226
3.004,0.07
2.821,-1.632
2.277,-1.638
1.599,-1.103
-0.221,1.091
-0.564,0.518
-0.569,0.154
-0.877,-0.601
-1.232,-1.858
-1.169,-0.22
-1.51,0.52
-1.536,-0.917
-1.722,0.973
-1.741,1.17
-1.794,0.074
-2.484,-0.02
-2.669,-1.345
2.089,-0.098
0.58,-0.082
-0.681,-1.419
2.038,1.407
-2.566,-2.489
-1.809,-2.837
-0.022,-0.818
-0.027,0.441
-0.046,0.523
-0.282,-1.975
-0.296,-0.644
-0.297,0.135
-0.295,-2.089
-0.379,-2.288
-0.395,1.226
-0.408,0.95
-0.448,-1.736
-0.515,-1.824
-0.512,0.651
-0.503,-1.44
-0.627,-0.713
-0.654,-0.855
-0.614,-2.031
-0.698,-1.301
-0.71,-0.662
-0.712,0.123
-0.709,1.124
-0.746,-0.809
-0.801,-1.306
-0.803,1.415
-0.754,-0.123
-0.831,0.551
-0.875,-0.164
-0.841,0.063
-0.918,-0.217
-0.849,-1.528
-0.873,-1.029
-0.888,-1.144
-0.867,-0.946
-0.895,0.589
-1.12,-2.268
-1.212,-1.83
-1.268,0.005
-1.297,-1.632
-1.27,1.611
-1.291,-0.64
-1.362,0.718
-1.438,-1.471
-1.375,0.888
-1.392,0.608
-1.467,-0.37
-1.457,-1.141
-1.58,-1.394
-1.634,-1.255
-1.794,-0.456
-1.768,-1.46
-1.78,-0.524
-1.862,-1.148
-1.918,1.004
-2.079,1.401
-2.144,-0.417
-2.168,-2.087
-2.214,-0.148
2.75,-2.404
2.698,-2.41
2.635,-2.601
2.286,-2.484
1.844,-2.73
1.846,-2.394
1.502,-2.694
1.25,-2.574
0.827,-2.545
0.513,-2.654
0.329,-2.658
0.267,-2.39
-0.328,-2.781
-0.542,-2.457
-0.922,-2.36
-1.026,-2.728
-2.176,-2.416
-2.315,1.721
-2.826,1.784
2.984,1.728
2.835,1.962
2.803,1.649
2.599,1.847
2.034,1.927
1.945,1.993
1.529,1.654
0.531,1.758
0.246,2.044
-0.662,1.701
-0.752,1.88
-0.879,1.669
-1.016,2.114
-1.196,1.982
-1.353,1.958
-1.57,1.989
-1.523,1.671
-2.016,1.831
-2.971,1.139
-2.952,-1.192
2.396,1.641
2.104,1.312
1.619,1.555
1.072,-1.664
-0.539,1.31
-1.013,1.102
-2.057,0.297
-2.084,-1.379
-2.905,-2.763
-0.314,-2.596
-1.607,-2.515
-1.714,-2.552
-2.186,-2.763
-2.2,0.446
-2.203,-1.282
-2.531,-0.985
-2.755,0.264
-2.896,-0.8
-2.788,1.3
-2.872,0.407
-3.024,0.69
-2.921,-0.606
-2.896,-1.776
-3.054,0.251
-3.086,1.095
-2.974,-0.679
-3.021,0.675
3.101,-1.115
-3.086,-1.596
2.963,0.233
2.975,-0.822
3.085,1.639
3.024,-0.985
3.018,0.187
3.005,1.169
2.876,0.011
2.824,0.492
2.786,0.5
2.716,1.63
2.707,0.202
2.783,-1.22
2.695,1.656
2.521,0.422
2.592,0.405
2.368,-2.017
2.445,-0.803
2.314,-0.331
2.228,-1.084
2.305,-0.748
2.247,-0.702
2.115,-0.425
2.077,1.291
2.019,0.138
2.126,1.54
2.068,-0.476
1.914,0.305
1.912,-1.253
1.865,0.187
1.999,1.155
2.007,0.602
1.832,-2.151
1.837,-0.916
1.786,-1.019
1.79,-1.118
1.629,-2.031
1.727,0.028
1.693,0.935
1.494,1.328
1.507,-0.538
1.523,-2.286
1.495,-1.071
1.249,1.351
1.404,0.244
1.227,-1.233
1.126,-2.372
1.222,0.249
1.038,-1.136
1.136,1.339
1.076,-1.384
0.914,0.423
0.738,-0.955
0.628,-0.588
0.681,-1.951
0.352,-2.338
0.311,-1.357
0.288,-0.848
0.184,1.538
0.166,0.475
0.056,0.298
0.008,-0.841
-0.081,0.208
-0.347,-2.118
-0.226,-2.107
-0.308,-1.239
-0.413,1.428
-0.362,-1.188
-0.351,1.007
-0.384,-1.282
-0.487,-0.126
-0.643,0.393
-0.72,0.441
-0.746,-1.022
-0.879,-0.537
-0.849,-2.153
-1.027,0.517
-1.162,1.335
-1.153,1.159
-1.028,1.254
-1.213,1.413
-1.106,0.039
-1.329,0.344
-1.329,0.129
-1.404,0.917
-1.384,1.56
-1.568,-0.263
-1.628,-1.162
-1.83,-1.019
-1.88,-0.885
-1.947,-0.11
-2.036,-2.274
-2.068,-2.05
-1.981,1.286
-2.011,0.008
-2.156,-0.112
-2.065,0.453
-2.044,-0.18
-2.222,-2.684
-2.544,-2.382
2.843,-2.648
2.286,-2.612
2.391,-2.424
1.421,-2.345
1.24,-2.701
0.773,-2.655
0.628,-2.759
0.572,-2.518
-0.739,-2.596
-0.616,-2.549
-0.778,-2.683
-0.645,-2.491
-0.939,-2.577
-0.985,-2.461
-1.112,-2.676
-1.743,-2.444
-1.713,-2.343
-1.89,-2.518
-2.292,-2.337
-2.455,1.9
-2.581,2.012
-2.62,1.982
-2.727,1.966
-2.91,1.916
2.488,1.729
1.956,1.795
1.723,1.624
1.381,1.923
1.034,1.86
0.162,1.865
-0.063,1.917
-0.412,1.786
-1.196,1.969
-1.599,1.587
-2.039,1.831
-2.225,1.732
-2.137,1.93
1.813,-0.441
0.617,0.769
0.049,-1.413
-0.392,-0.503
-0.636,1.253
3.118,0.097
2.935,-1.605
2.391,-1.611
1.713,-1.076
-0.107,1.118
-0.45,0.545
-0.455,0.181
-0.763,-0.574
-1.118,-1.831
-1.055,-0.193
-1.396,0.547
-1.422,-0.89
-1.608,1.0
-1.627,1.197
-1.68,0.101
-2.37,0.007
-2.555,-1.318
2.203,-0.071
0.694,-0.055
-0.567,-1.392
2.152,1.434
-2.452,-2.462
-1.695,-2.81
-0.005,1.259
-0.024,1.341
-0.26,-1.157
-0.274,0.174
-0.275,0.953
-0.273,-1.271
-0.357,-1.47
-0.373,2.044
-0.386,1.768
-0.426,-0.918
-0.493,-1.006
-0.49,1.469
-0.481,-0.622
-0.605,0.105
-0.632,-0.037
-0.592,-1.213
-0.676,-0.483
-0.688,0.156
-0.69,0.941
-0.687,1.942
-0.724,0.009
-0.779,-0.488
-0.781,2.233
-0.732,0.695
-0.809,1.369
-0.853,0.654
-0.819,0.881
-0.896,0.601
-0.827,-0.71
-0.851,-0.211
-0.866,-0.326
-0.845,-0.128
-0.873,1.407
-1.098,-1.45
-1.19,-1.012
-1.246,0.823
-1.275,-0.814
-1.248,2.429
-1.269,0.178
-1.34,1.536
-1.416,-0.653
-1.353,1.706
-1.37,1.426
-1.445,0.448
-1.435,-0.323
-1.558,-0.576
-1.612,-0.437
-1.772,0.362
-1.746,-0.642
-1.758,0.294
-1.84,-0.33
-1.896,1.822
-2.057,2.219
-2.122,0.401
-2.146,-1.269
-2.192,0.67
2.772,-1.586
2.72,-1.592
2.657,-1.783
2.308,-1.666
1.866,-1.912
1.868,-1.576
1.524,-1.876
1.272,-1.756
0.849,-1.727
0.535,-1.836
0.351,-1.84
0.289,-1.572
-0.306,-1.963
-0.52,-1.639
-0.9,-1.542
-1.004,-1.91
-2.154,-1.598
-2.293,2.539
-2.804,2.602
3.006,2.546
2.857,2.78
2.825,2.467
2.621,2.665
2.056,2.745
1.967,2.811
1.551,2.472
0.553,2.576
0.268,2.862
-0.64,2.519
-0.73,2.698
-0.857,2.487
-0.994,2.932
-1.174,2.8
-1.331,2.776
-1.548,2.807
-1.501,2.489
-1.994,2.649
-2.949,1.957
-2.93,-0.374
2.418,2.459
2.126,2.13
1.641,2.373
1.094,-0.846
-0.517,2.128
-0.991,1.92
-2.035,1.115
-2.062,-0.561
-2.883,-1.945
-0.292,-1.778
-1.585,-1.697
-1.692,-1.734
-2.164,-1.945
-2.178,1.264
-2.181,-0.464
-2.509,-0.167
-2.733,1.082
-2.874,0.018
-2.766,2.118
-2.85,1.225
-3.002,1.508
-2.899,0.212
-2.874,-0.958
-3.032,1.069
-3.064,1.913
-2.952,0.139
-2.999,1.493
3.123,-0.297
-3.064,-0.778
2.985,1.051
2.997,-0.004
3.107,2.457
3.046,-0.167
3.04,1.005
3.027,1.987
2.898,0.829
2.846,1.31
2.808,1.318
2.738,2.448
2.729,1.02
2.805,-0.402
2.717,2.474
2.543,1.24
2.614,1.223
2.39,-1.199
2.467,0.015
2.336,0.487
2.25,-0.266
2.327,0.07
2.269,0.116
2.137,0.393
2.099,2.109
2.041,0.956
2.148,2.358
2.09,0.342
1.936,1.123
1.934,-0.435
1.887,1.005
2.021,1.973
2.029,1.42
1.854,-1.333
1.859,-0.098
1.808,-0.201
1.812,-0.3
1.651,-1.213
1.749,0.846
1.715,1.753
1.516,2.146
1.529,0.28
1.545,-1.468
1.517,-0.253
1.271,2.169
1.426,1.062
1.249,-0.415
1.148,-1.554
1.244,1.067
1.06,-0.318
1.158,2.157
1.098,-0.566
0.936,1.241
0.76,-0.137
0.65,0.23
0.703,-1.133
0.374,-1.52
0.333,-0.539
0.31,-0.03
0.206,2.356
0.188,1.293
0.078,1.116
0.03,-0.023
-0.059,1.026
-0.325,-1.3
-0.204,-1.289
-0.286,-0.421
-0.391,2.246
-0.34,-0.37
-0.329,1.825
-0.362,-0.464
-0.465,0.692
-0.621,1.211
-0.698,1.259
-0.724,-0.204
-0.857,0.281
-0.827,-1.335
-1.005,1.335
-1.14,2.153
-1.131,1.977
-1.006,2.072
-1.191,2.231
-1.084,0.857
-1.307,1.162
-1.307,0.947
-1.382,1.735
-1.362,2.378
-1.546,0.555
-1.606,-0.344
-1.808,-0.201
-1.858,-0.067
-1.925,0.708
-2.014,-1.456
-2.046,-1.232
-1.959,2.104
-1.989,0.826
-2.134,0.706
-2.043,1.271
-2.022,0.638
-2.2,-1.866
-2.522,-1.564
2.865,-1.83
2.308,-1.794
2.413,-1.606
1.443,-1.527
1.262,-1.883
0.795,-1.837
0.65,-1.941
0.594,-1.7
-0.717,-1.778
-0.594,-1.731
-0.756,-1.865
-0.623,-1.673
-0.917,-1.759
-0.963,-1.643
-1.09,-1.858
-1.721,-1.626
-1.691,-1.525
-1.868,-1.7
-2.27,-1.519
-2.433,2.718
-2.559,2.83
-2.598,2.8
-2.705,2.784
-2.888,2.734
2.51,2.547
1.978,2.613
1.745,2.442
1.403,2.741
1.056,2.678
0.184,2.683
-0.041,2.735
-0.39,2.604
-1.174,2.787
-1.577,2.405
-2.017,2.649
-2.203,2.55
-2.115,2.748
1.835,0.377
0.639,1.587
0.071,-0.595
-0.37,0.315
-0.614,2.071
3.14,0.915
2.957,-0.787
2.413,-0.793
1.735,-0.258
-0.085,1.936
-0.428,1.363
-0.433,0.999
-0.741,0.244
-1.096,-1.013
-1.033,0.625
-1.374,1.365
-1.4,-0.072
-1.586,1.818
-1.605,2.015
-1.658,0.919
-2.348,0.825
-2.533,-0.5
2.225,0.747
0.716,0.763
-0.545,-0.574
2.174,2.252
-2.43,-1.644
-1.673,-1.992
-0.019,0.082
-0.255,-2.416
-0.269,-1.085
-0.27,-0.306
-0.268,-2.53
-0.352,-2.729
-0.368,0.785
-0.381,0.509
-0.421,-2.177
-0.488,-2.265
-0.485,0.21
-0.476,-1.881
-0.6,-1.154
-0.627,-1.296
-0.587,-2.472
-0.671,-1.742
-0.683,-1.103
-0.685,-0.318
-0.682,0.683
-0.719,-1.25
-0.774,-1.747
-0.776,0.974
-0.727,-0.564
-0.804,0.11
-0.848,-0.605
-0.814,-0.378
-0.891,-0.658
-0.822,-1.969
-0.846,-1.47
-0.861,-1.585
-0.84,-1.387
-0.868,0.148
-1.093,-2.709
-1.185,-2.271
-1.241,-0.436
-1.27,-2.073
-1.243,1.17
-1.264,-1.081
-1.335,0.277
-1.411,-1.912
-1.348,0.447
-1.365,0.167
-1.44,-0.811
-1.43,-1.582
-1.553,-1.835
-1.607,-1.696
-1.767,-0.897
-1.741,-1.901
-1.753,-0.965
-1.835,-1.589
-1.891,0.563
-2.052,0.96
-2.117,-0.858
-2.141,-2.528
-2.187,-0.589
2.777,-2.845
2.725,-2.851
2.662,-3.042
2.313,-2.925
1.871,-3.171
1.873,-2.835
1.529,-3.135
1.277,-3.015
0.854,-2.986
0.54,-3.095
0.356,-3.099
0.294,-2.831
-0.301,-3.222
-0.515,-2.898
-0.895,-2.801
-0.999,-3.169
-2.149,-2.857
-2.288,1.28
-2.799,1.343
3.011,1.287
2.862,1.521
2.83,1.208
2.626,1.406
2.061,1.486
1.972,1.552
1.556,1.213
0.558,1.317
0.273,1.603
-0.635,1.26
-0.725,1.439
-0.852,1.228
-0.989,1.673
-1.169,1.541
-1.326,1.517
-1.543,1.548
-1.496,1.23
-1.989,1.39
-2.944,0.698
-2.925,-1.633
2.423,1.2
2.131,0.871
1.646,1.114
1.099,-2.105
-0.512,0.869
-0.986,0.661
-2.03,-0.144
-2.057,-1.82
-2.878,-3.204
-0.287,-3.037
-1.58,-2.956
-1.687,-2.993
-2.159,-3.204
-2.173,0.005
-2.176,-1.723
-2.504,-1.426
-2.728,-0.177
-2.869,-1.241
-2.761,0.859
-2.845,-0.034
-2.997,0.249
-2.894,-1.047
-2.869,-2.217
-3.027,-0.19
-3.059,0.654
-2.947,-1.12
-2.994,0.234
3.128,-1.556
-3.059,-2.037
2.99,-0.208
3.002,-1.263
3.112,1.198
3.051,-1.426
3.045,-0.254
3.032,0.728
2.903,-0.43
2.851,0.051
2.813,0.059
2.743,1.189
2.734,-0.239
2.81,-1.661
2.722,1.215
2.548,-0.019
2.619,-0.036
2.395,-2.458
2.472,-1.244
2.341,-0.772
2.255,-1.525
2.332,-1.189
2.274,-1.143
2.142,-0.866
2.104,0.85
2.046,-0.303
2.153,1.099
2.095,-0.917
1.941,-0.136
1.939,-1.694
1.892,-0.254
2.026,0.714
2.034,0.161
1.859,-2.592
1.864,-1.357
1.813,-1.46
1.817,-1.559
1.656,-2.472
1.754,-0.413
1.72,0.494
1.521,0.887
1.534,-0.979
1.55,-2.727
1.522,-1.512
1.276,0.91
1.431,-0.197
1.254,-1.674
1.153,-2.813
1.249,-0.192
1.065,-1.577
1.163,0.898
1.103,-1.825
0.941,-0.018
0.765,-1.396
0.655,-1.029
0.708,-2.392
0.379,-2.779
0.338,-1.798
0.315,-1.289
0.211,1.097
0.193,0.034
0.083,-0.143
0.035,-1.282
-0.054,-0.233
-0.32,-2.559
-0.199,-2.548
-0.281,-1.68
-0.386,0.987
-0.335,-1.629
-0.324,0.566
-0.357,-1.723
-0.46,-0.567
-0.616,-0.048
-0.693,0.0
-0.719,-1.463
-0.852,-0.978
-0.822,-2.594
-1.0,0.076
-1.135,0.894
-1.126,0.718
-1.001,0.813
-1.186,0.972
-1.079,-0.402
-1.302,-0.097
-1.302,-0.312
-1.377,0.476
-1.357,1.119
-1.541,-0.704
-1.601,-1.603
-1.803,-1.46
-1.853,-1.326
-1.92,-0.551
-2.009,-2.715
-2.041,-2.491
-1.954,0.845
-1.984,-0.433
-2.129,-0.553
-2.038,0.012
-2.017,-0.621
-2.195,-3.125
-2.517,-2.823
2.87,-3.089
2.313,-3.053
2.418,-2.865
1.448,-2.786
1.267,-3.142
0.8,-3.096
0.655,-3.2
0.599,-2.959
-0.712,-3.037
-0.589,-2.99
-0.751,-3.124
-0.618,-2.932
-0.912,-3.018
-0.958,-2.902
-1.085,-3.117
-1.716,-2.885
-1.686,-2.784
-1.863,-2.959
-2.265,-2.778
-2.428,1.459
-2.554,1.571
-2.593,1.541
-2.7,1.525
-2.883,1.475
2.515,1.288
1.983,1.354
1.75,1.183
1.408,1.482
1.061,1.419
0.189,1.424
-0.036,1.476
-0.385,1.345
-1.169,1.528
-1.572,1.146
-2.012,1.39
-2.198,1.291
-2.11,1.489
1.84,-0.882
0.644,0.328
0.076,-1.854
-0.365,-0.944
-0.609,0.812
-3.138,-0.344
2.962,-2.046
2.418,-2.052
1.74,-1.517
-0.08,0.677
-0.423,0.104
-0.428,-0.26
-0.736,-1.015
-1.091,-2.272
-1.028,-0.634
-1.369,0.106
-1.395,-1.331
-1.581,0.559
-1.6,0.756
-1.653,-0.34
-2.343,-0.434
-2.528,-1.759
2.23,-0.512
0.721,-0.496
-0.54,-1.833
2.179,0.993
-2.425,-2.903
-1.668,-3.251
-0.236,-2.498
-0.25,-1.167
-0.251,-0.388
-0.249,-2.612
-0.333,-2.811
-0.349,0.703
-0.362,0.427
-0.402,-2.259
-0.469,-2.347
-0.466,0.128
-0.457,-1.963
-0.581,-1.236
-0.608,-1.378
-0.568,-2.554
-0.652,-1.824
-0.664,-1.185
-0.666,-0.4
-0.663,0.601
-0.7,-1.332
-0.755,-1.829
-0.757,0.892
-0.708,-0.646
-0.785,0.028
-0.829,-0.687
-0.795,-0.46
-0.872,-0.74
-0.803,-2.051
-0.827,-1.552
-0.842,-1.667
-0.821,-1.469
-0.849,0.066
-1.074,-2.791
-1.166,-2.353
-1.222,-0.518
-1.251,-2.155
-1.224,1.088
-1.245,-1.163
-1.316,0.195
-1.392,-1.994
-1.329,0.365
-1.346,0.085
-1.421,-0.893
-1.411,-1.664
-1.534,-1.917
-1.588,-1.778
-1.748,-0.979
-1.722,-1.983
-1.734,-1.047
-1.816,-1.671
-1.872,0.481
-2.033,0.878
-2.098,-0.94
-2.122,-2.61
-2.168,-0.671
2.796,-2.927
2.744,-2.933
2.681,-3.124
2.332,-3.007
1.89,-3.253
1.892,-2.917
1.548,-3.217
1.296,-3.097
0.873,-3.068
0.559,-3.177
0.375,-3.181
0.313,-2.913
-0.282,-3.304
-0.496,-2.98
-0.876,-2.883
-0.98,-3.251
-2.13,-2.939
-2.269,1.198
-2.78,1.261
3.03,1.205
2.881,1.439
2.849,1.126
2.645,1.324
2.08,1.404
1.991,1.47
1.575,1.131
0.577,1.235
0.292,1.521
-0.616,1.178
-0.706,1.357
-0.833,1.146
-0.97,1.591
-1.15,1.459
-1.307,1.435
-1.524,1.466
-1.477,1.148
-1.97,1.308
-2.925,0.616
-2.906,-1.715
2.442,1.118
2.15,0.789
1.665,1.032
1.118,-2.187
-0.493,0.787
-0.967,0.579
-2.011,-0.226
-2.038,-1.902
-2.859,-3.286
-0.268,-3.119
-1.561,-3.038
-1.668,-3.075
-2.14,-3.286
-2.154,-0.077
-2.157,-1.805
-2.485,-1.508
-2.709,-0.259
-2.85,-1.323
-2.742,0.777
-2.826,-0.116
-2.978,0.167
-2.875,-1.129
-2.85,-2.299
-3.008,-0.272
-3.04,0.572
-2.928,-1.202
-2.975,0.152
-3.136,-1.638
-3.04,-2.119
3.009,-0.29
3.021,-1.345
3.131,1.116
3.07,-1.508
3.064,-0.336
3.051,0.646
2.922,-0.512
2.87,-0.031
2.832,-0.023
2.762,1.107
2.753,-0.321
2.829,-1.743
2.741,1.133
2.567,-0.101
2.638,-0.118
2.414,-2.54
2.491,-1.326
2.36,-0.854
2.274,-1.607
2.351,-1.271
2.293,-1.225
2.161,-0.948
2.123,0.768
2.065,-0.385
2.172,1.017
2.114,-0.999
1.96,-0.218
1.958,-1.776
1.911,-0.336
2.045,0.632
2.053,0.079
1.878,-2.674
1.883,-1.439
1.832,-1.542
1.836,-1.641
1.675,-2.554
1.773,-0.495
1.739,0.412
1.54,0.805
1.553,-1.061
1.569,-2.809
1.541,-1.594
1.295,0.828
1.45,-0.279
1.273,-1.756
1.172,-2.895
1.268,-0.274
1.084,-1.659
1.182,0.816
1.122,-1.907
0.96,-0.1
0.784,-1.478
0.674,-1.111
0.727,-2.474
0.398,-2.861
0.357,-1.88
0.334,-1.371
0.23,1.015
0.212,-0.048
0.102,-0.225
0.054,-1.364
-0.035,-0.315
-0.301,-2.641
-0.18,-2.63
-0.262,-1.762
-0.367,0.905
-0.316,-1.711
-0.305,0.484
-0.338,-1.805
-0.441,-0.649
-0.597,-0.13
-0.674,-0.082
-0.7,-1.545
-0.833,-1.06
-0.803,-2.676
-0.981,-0.006
-1.116,0.812
-1.107,0.636
-0.982,0.731
-1.167,0.89
-1.06,-0.484
-1.283,-0.179
-1.283,-0.394
-1.358,0.394
-1.338,1.037
-1.522,-0.786
-1.582,-1.685
-1.784,-1.542
-1.834,-1.408
-1.901,-0.633
-1.99,-2.797
-2.022,-2.573
-1.935,0.763
-1.965,-0.515
-2.11,-0.635
-2.019,-0.07
-1.998,-0.703
-2.176,-3.207
-2.498,-2.905
2.889,-3.171
2.332,-3.135
2.437,-2.947
1.467,-2.868
1.286,-3.224
0.819,-3.178
0.674,-3.282
0.618,-3.041
-0.693,-3.119
-0.57,-3.072
-0.732,-3.206
-0.599,-3.014
-0.893,-3.1
-0.939,-2.984
-1.066,-3.199
-1.697,-2.967
-1.667,-2.866
-1.844,-3.041
-2.246,-2.86
-2.409,1.377
-2.535,1.489
-2.574,1.459
-2.681,1.443
-2.864,1.393
2.534,1.206
2.002,1.272
1.769,1.101
1.427,1.4
1.08,1.337
0.208,1.342
-0.017,1.394
-0.366,1.263
-1.15,1.446
-1.553,1.064
-1.993,1.308
-2.179,1.209
-2.091,1.407
1.859,-0.964
0.663,0.246
0.095,-1.936
-0.346,-1.026
-0.59,0.73
-3.119,-0.426
2.981,-2.128
2.437,-2.134
1.759,-1.599
-0.061,0.595
-0.404,0.022
-0.409,-0.342
-0.717,-1.097
-1.072,-2.354
-1.009,-0.716
-1.35,0.024
-1.376,-1.413
-1.562,0.477
-1.581,0.674
-1.634,-0.422
-2.324,-0.516
-2.509,-1.841
2.249,-0.594
0.74,-0.578
-0.521,-1.915
2.198,0.911
-2.406,-2.985
-1.649,-3.333
-0.014,1.331
-0.015,2.11
-0.013,-0.114
-0.097,-0.313
-0.113,3.201
-0.126,2.925
-0.166,0.239
-0.233,0.151
-0.23,2.626
-0.221,0.535
-0.345,1.262
-0.372,1.12
-0.332,-0.056
-0.416,0.674
-0.428,1.313
-0.43,2.098
-0.427,3.099
-0.464,1.166
-0.519,0.669
-0.521,3.39
-0.472,1.852
-0.549,2.526
-0.593,1.811
-0.559,2.038
-0.636,1.758
-0.567,0.447
-0.591,0.946
-0.606,0.831
-0.585,1.029
-0.613,2.564
-0.838,-0.293
-0.93,0.145
-0.986,1.98
-1.015,0.343
-0.988,3.586
-1.009,1.335
-1.08,2.693
-1.156,0.504
-1.093,2.863
-1.11,2.583
-1.185,1.605
-1.175,0.834
-1.298,0.581
-1.352,0.72
-1.512,1.519
-1.486,0.515
-1.498,1.451
-1.58,0.827
-1.636,2.979
-1.797,3.376
-1.862,1.558
-1.886,-0.112
-1.932,1.827
3.032,-0.429
2.98,-0.435
2.917,-0.626
2.568,-0.509
2.126,-0.755
2.128,-0.419
1.784,-0.719
1.532,-0.599
1.109,-0.57
0.795,-0.679
0.611,-0.683
0.549,-0.415
-0.046,-0.806
-0.26,-0.482
-0.64,-0.385
-0.744,-0.753
-1.894,-0.441
-2.033,3.696
-2.544,3.759
-3.017,3.703
3.117,3.937
3.085,3.624
2.881,3.822
2.316,3.902
2.227,3.968
1.811,3.629
0.813,3.733
0.528,4.019
-0.38,3.676
-0.47,3.855
-0.597,3.644
-0.734,4.089
-0.914,3.957
-1.071,3.933
-1.288,3.964
-1.241,3.646
-1.734,3.806
-2.689,3.114
-2.67,0.783
2.678,3.616
2.386,3.287
1.901,3.53
1.354,0.311
-0.257,3.285
-0.731,3.077
-1.775,2.272
-1.802,0.596
-2.623,-0.788
-0.032,-0.621
-1.325,-0.54
-1.432,-0.577
-1.904,-0.788
-1.918,2.421
-1.921,0.693
-2.249,0.99
-2.473,2.239
-2.614,1.175
-2.506,3.275
-2.59,2.382
-2.742,2.665
-2.639,1.369
-2.614,0.199
-2.772,2.226
-2.804,3.07
-2.692,1.296
-2.739,2.65
-2.9,0.86
-2.804,0.379
-3.038,2.208
-3.026,1.153
-2.916,3.614
-2.977,0.99
-2.983,2.162
-2.996,3.144
-3.125,1.986
3.106,2.467
3.068,2.475
2.998,3.605
2.989,2.177
3.065,0.755
2.977,3.631
2.803,2.397
2.874,2.38
2.65,-0.042
2.727,1.172
2.596,1.644
2.51,0.891
2.587,1.227
2.529,1.273
2.397,1.55
2.359,3.266
2.301,2.113
2.408,3.515
2.35,1.499
2.196,2.28
2.194,0.722
2.147,2.162
2.281,3.13
2.289,2.577
2.114,-0.176
2.119,1.059
2.068,0.956
2.072,0.857
1.911,-0.056
2.009,2.003
1.975,2.91
1.776,3.303
1.789,1.437
1.805,-0.311
1.777,0.904
1.531,3.326
1.686,2.219
1.509,0.742
1.408,-0.397
1.504,2.224
1.32,0.839
1.418,3.314
1.358,0.591
1.196,2.398
1.02,1.02
0.91,1.387
0.963,0.024
0.634,-0.363
0.593,0.618
0.57,1.127
0.466,3.513
0.448,2.45
0.338,2.273
0.29,1.134
0.201,2.183
-0.065,-0.143
0.056,-0.132
-0.026,0.736
-0.131,3.403
-0.08,0.787
-0.069,2.982
-0.102,0.693
-0.205,1.849
-0.361,2.368
-0.438,2.416
-0.464,0.953
-0.597,1.438
-0.567,-0.178
-0.745,2.492
-0.88,3.31
-0.871,3.134
-0.746,3.229
-0.931,3.388
-0.824,2.014
-1.047,2.319
-1.047,2.104
-1.122,2.892
-1.102,3.535
-1.286,1.712
-1.346,0.813
-1.548,0.956
-1.598,1.09
-1.665,1.865
-1.754,-0.299
-1.786,-0.075
-1.699,3.261
-1.729,1.983
-1.874,1.863
-1.783,2.428
-1.762,1.795
-1.94,-0.709
-2.262,-0.407
3.125,-0.673
2.568,-0.637
2.673,-0.449
1.703,-0.37
1.522,-0.726
1.055,-0.68
0.91,-0.784
0.854,-0.543
-0.457,-0.621
-0.334,-0.574
-0.496,-0.708
-0.363,-0.516
-0.657,-0.602
-0.703,-0.486
-0.83,-0.701
-1.461,-0.469
-1.431,-0.368
-1.608,-0.543
-2.01,-0.362
-2.173,3.875
-2.299,3.987
-2.338,3.957
-2.445,3.941
-2.628,3.891
2.77,3.704
2.238,3.77
2.005,3.599
1.663,3.898
1.316,3.835
0.444,3.84
0.219,3.892
-0.13,3.761
-0.914,3.944
-1.317,3.562
-1.757,3.806
-1.943,3.707
-1.855,3.905
2.095,1.534
0.899,2.744
0.331,0.562
-0.11,1.472
-0.354,3.228
-2.883,2.072
-3.066,0.37
2.673,0.364
1.995,0.899
0.175,3.093
-0.168,2.52
-0.173,2.156
-0.481,1.401
-0.836,0.144
-0.773,1.782
-1.114,2.522
-1.14,1.085
-1.326,2.975
-1.345,3.172
-1.398,2.076
-2.088,1.982
-2.273,0.657
2.485,1.904
0.976,1.92
-0.285,0.583
2.434,3.409
-2.17,-0.487
-1.413,-0.835
-0.001,0.779
0.001,-1.445
-0.083,-1.644
-0.099,1.87
-0.112,1.594
-0.152,-1.092
-0.219,-1.18
-0.216,1.295
-0.207,-0.796
-0.331,-0.069
-0.358,-0.211
-0.318,-1.387
-0.402,-0.657
-0.414,-0.018
-0.416,0.767
-0.413,1.768
-0.45,-0.165
-0.505,-0.662
-0.507,2.059
-0.458,0.521
-0.535,1.195
-0.579,0.48
-0.545,0.707
-0.622,0.427
-0.553,-0.884
-0.577,-0.385
-0.592,-0.5
-0.571,-0.302
-0.599,1.233
-0.824,-1.624
-0.916,-1.186
-0.972,0.649
-1.001,-0.988
-0.974,2.255
-0.995,0.004
-1.066,1.362
-1.142,-0.827
-1.079,1.532
-1.096,1.252
-1.171,0.274
-1.161,-0.497
-1.284,-0.75
-1.338,-0.611
-1.498,0.188
-1.472,-0.816
-1.484,0.12
-1.566,-0.504
-1.622,1.648
-1.783,2.045
-1.848,0.227
-1.872,-1.443
-1.918,0.496
3.046,-1.76
2.994,-1.766
2.931,-1.957
2.582,-1.84
2.14,-2.086
2.142,-1.75
1.798,-2.05
1.546,-1.93
1.123,-1.901
0.809,-2.01
0.625,-2.014
0.563,-1.746
-0.032,-2.137
-0.246,-1.813
-0.626,-1.716
-0.73,-2.084
-1.88,-1.772
-2.019,2.365
-2.53,2.428
-3.003,2.372
3.131,2.606
3.099,2.293
2.895,2.491
2.33,2.571
2.241,2.637
1.825,2.298
0.827,2.402
0.542,2.688
-0.366,2.345
-0.456,2.524
-0.583,2.313
-0.72,2.758
-0.9,2.626
-1.057,2.602
-1.274,2.633
-1.227,2.315
-1.72,2.475
-2.675,1.783
-2.656,-0.548
2.692,2.285
2.4,1.956
1.915,2.199
1.368,-1.02
-0.243,1.954
-0.717,1.746
-1.761,0.941
-1.788,-0.735
-2.609,-2.119
-0.018,-1.952
-1.311,-1.871
-1.418,-1.908
-1.89,-2.119
-1.904,1.09
-1.907,-0.638
-2.235,-0.341
-2.459,0.908
-2.6,-0.156
-2.492,1.944
-2.576,1.051
-2.728,1.334
-2.625,0.038
-2.6,-1.132
-2.758,0.895
-2.79,1.739
-2.678,-0.035
-2.725,1.319
-2.886,-0.471
-2.79,-0.952
-3.024,0.877
-3.012,-0.178
-2.902,2.283
-2.963,-0.341
-2.969,0.831
-2.982,1.813
-3.111,0.655
3.12,1.136
3.082,1.144
3.012,2.274
3.003,0.846
3.079,-0.576
2.991,2.3
2.817,1.066
2.888,1.049
2.664,-1.373
2.741,-0.159
2.61,0.313
2.524,-0.44
2.601,-0.104
2.543,-0.058
2.411,0.219
2.373,1.935
2.315,0.782
2.422,2.184
2.364,0.168
2.21,0.949
2.208,-0.609
2.161,0.831
2.295,1.799
2.303,1.246
2.128,-1.507
2.133,-0.272
2.082,-0.375
2.086,-0.474
1.925,-1.387
2.023,0.672
1.989,1.579
1.79,1.972
1.803,0.106
1.819,-1.642
1.791,-0.427
1.545,1.995
1.7,0.888
1.523,-0.589
1.422,-1.728
1.518,0.893
1.334,-0.492
1.432,1.983
1.372,-0.74
1.21,1.067
1.034,-0.311
0.924,0.056
0.977,-1.307
0.648,-1.694
0.607,-0.713
0.584,-0.204
0.48,2.182
0.462,1.119
0.352,0.942
0.304,-0.197
0.215,0.852
-0.051,-1.474
0.07,-1.463
-0.012,-0.595
-0.117,2.072
-0.066,-0.544
-0.055,1.651
-0.088,-0.638
-0.191,0.518
-0.347,1.037
-0.424,1.085
-0.45,-0.378
-0.583,0.107
-0.553,-1.509
-0.731,1.161
-0.866,1.979
-0.857,1.803
-0.732,1.898
-0.917,2.057
-0.81,0.683
-1.033,0.988
-1.033,0.773
-1.108,1.561
-1.088,2.204
-1.272,0.381
-1.332,-0.518
-1.534,-0.375
-1.584,-0.241
-1.651,0.534
-1.74,-1.63
-1.772,-1.406
-1.685,1.93
-1.715,0.652
-1.86,0.532
-1.769,1.097
-1.748,0.464
-1.926,-2.04
-2.248,-1.738
3.139,-2.004
2.582,-1.968
2.687,-1.78
1.717,-1.701
1.536,-2.057
1.069,-2.011
0.924,-2.115
0.868,-1.874
-0.443,-1.952
-0.32,-1.905
-0.482,-2.039
-0.349,-1.847
-0.643,-1.933
-0.689,-1.817
-0.816,-2.032
-1.447,-1.8
-1.417,-1.699
-1.594,-1.874
-1.996,-1.693
-2.159,2.544
-2.285,2.656
-2.324,2.626
-2.431,2.61
-2.614,2.56
2.784,2.373
2.252,2.439
2.019,2.268
1.677,2.567
1.33,2.504
0.458,2.509
0.233,2.561
-0.116,2.43
-0.9,2.613
-1.303,2.231
-1.743,2.475
-1.929,2.376
-1.841,2.574
2.109,0.203
0.913,1.413
0.345,-0.769
-0.096,0.141
-0.34,1.897
-2.869,0.741
-3.052,-0.961
2.687,-0.967
2.009,-0.432
0.189,1.762
-0.154,1.189
-0.159,0.825
-0.467,0.07
-0.822,-1.187
-0.759,0.451
-1.1,1.191
-1.126,-0.246
-1.312,1.644
-1.331,1.841
-1.384,0.745
-2.074,0.651
-2.259,-0.674
2.499,0.573
0.99,0.589
-0.271,-0.748
2.448,2.078
-2.156,-1.818
-1.399,-2.166
0.002,-2.224
-0.082,-2.423
-0.098,1.091
-0.111,0.815
-0.151,-1.871
-0.218,-1.959
-0.215,0.516
-0.206,-1.575
-0.33,-0.848
-0.357,-0.99
-0.317,-2.166
-0.401,-1.436
-0.413,-0.797
-0.415,-0.012
-0.412,0.989
-0.449,-0.944
-0.504,-1.441
-0.506,1.28
-0.457,-0.258
-0.534,0.416
-0.578,-0.299
-0.544,-0.072
-0.621,-0.352
-0.552,-1.663
-0.576,-1.164
-0.591,-1.279
-0.57,-1.081
-0.598,0.454
-0.823,-2.403
-0.915,-1.965
-0.971,-0.13
-1.0,-1.767
-0.973,1.476
-0.994,-0.775
-1.065,0.583
-1.141,-1.606
-1.078,0.753
-1.095,0.473
-1.17,-0.505
-1.16,-1.276
-1.283,-1.529
-1.337,-1.39
-1.497,-0.591
-1.471,-1.595
-1.483,-0.659
-1.565,-1.283
-1.621,0.869
-1.782,1.266
-1.847,-0.552
-1.871,-2.222
-1.917,-0.283
3.047,-2.539
2.995,-2.545
2.932,-2.736
2.583,-2.619
2.141,-2.865
2.143,-2.529
1.799,-2.829
1.547,-2.709
1.124,-2.68
0.81,-2.789
0.626,-2.793
0.564,-2.525
-0.031,-2.916
-0.245,-2.592
-0.625,-2.495
-0.729,-2.863
-1.879,-2.551
-2.018,1.586
-2.529,1.649
-3.002,1.593
3.132,1.827
3.1,1.514
2.896,1.712
2.331,1.792
2.242,1.858
1.826,1.519
0.828,1.623
0.543,1.909
-0.365,1.566
-0.455,1.745
-0.582,1.534
-0.719,1.979
-0.899,1.847
-1.056,1.823
-1.273,1.854
-1.226,1.536
-1.719,1.696
-2.674,1.004
-2.655,-1.327
2.693,1.506
2.401,1.177
1.916,1.42
1.369,-1.799
-0.242,1.175
-0.716,0.967
-1.76,0.162
-1.787,-1.514
-2.608,-2.898
-0.017,-2.731
-1.31,-2.65
-1.417,-2.687
-1.889,-2.898
-1.903,0.311
-1.906,-1.417
-2.234,-1.12
-2.458,0.129
-2.599,-0.935
-2.491,1.165
-2.575,0.272
-2.727,0.555
-2.624,-0.741
-2.599,-1.911
-2.757,0.116
-2.789,0.96
-2.677,-0.814
-2.724,0.54
-2.885,-1.25
-2.789,-1.731
-3.023,0.098
-3.011,-0.957
-2.901,1.504
-2.962,-1.12
-2.968,0.052
-2.981,1.034
-3.11,-0.124
3.121,0.357
3.083,0.365
3.013,1.495
3.004,0.067
3.08,-1.355
2.992,1.521
2.818,0.287
2.889,0.27
2.665,-2.152
2.742,-0.938
2.611,-0.466
2.525,-1.219
2.602,-0.883
2.544,-0.837
2.412,-0.56
2.374,1.156
2.316,0.003
2.423,1.405
2.365,-0.611
2.211,0.17
2.209,-1.388
2.162,0.052
2.296,1.02
2.304,0.467
2.129,-2.286
2.134,-1.051
2.083,-1.154
2.087,-1.253
1.926,-2.166
2.024,-0.107
1.99,0.8
1.791,1.193
1.804,-0.673
1.82,-2.421
1.792,-1.206
1.546,1.216
1.701,0.109
1.524,-1.368
1.423,-2.507
1.519,0.114
1.335,-1.271
1.433,1.204
1.373,-1.519
1.211,0.288
1.035,-1.09
0.925,-0.723
0.978,-2.086
0.649,-2.473
0.608,-1.492
0.585,-0.983
0.481,1.403
0.463,0.34
0.353,0.163
0.305,-0.976
0.216,0.073
-0.05,-2.253
0.071,-2.242
-0.011,-1.374
-0.116,1.293
-0.065,-1.323
-0.054,0.872
-0.087,-1.417
-0.19,-0.261
-0.346,0.258
-0.423,0.306
-0.449,-1.157
-0.582,-0.672
-0.552,-2.288
-0.73,0.382
-0.865,1.2
-0.856,1.024
-0.731,1.119
-0.916,1.278
-0.809,-0.096
-1.032,0.209
-1.032,-0.006
-1.107,0.782
-1.087,1.425
-1.271,-0.398
-1.331,-1.297
-1.533,-1.154
-1.583,-1.02
-1.65,-0.245
-1.739,-2.409
-1.771,-2.185
-1.684,1.151
-1.714,-0.127
-1.859,-0.247
-1.768,0.318
-1.747,-0.315
-1.925,-2.819
-2.247,-2.517
3.14,-2.783
2.583,-2.747
2.688,-2.559
1.718,-2.48
1.537,-2.836
1.07,-2.79
0.925,-2.894
0.869,-2.653
-0.442,-2.731
-0.319,-2.684
-0.481,-2.818
-0.348,-2.626
-0.642,-2.712
-0.688,-2.596
-0.815,-2.811
-1.446,-2.579
-1.416,-2.478
-1.593,-2.653
-1.995,-2.472
-2.158,1.765
-2.284,1.877
-2.323,1.847
-2.43,1.831
-2.613,1.781
2.785,1.594
2.253,1.66
2.02,1.489
1.678,1.788
1.331,1.725
0.459,1.73
0.234,1.782
-0.115,1.651
-0.899,1.834
-1.302,1.452
-1.742,1.696
-1.928,1.597
-1.84,1.795
2.11,-0.576
0.914,0.634
0.346,-1.548
-0.095,-0.638
-0.339,1.118
-2.868,-0.038
-3.051,-1.74
2.688,-1.746
2.01,-1.211
0.19,0.983
-0.153,0.41
-0.158,0.046
-0.466,-0.709
-0.821,-1.966
-0.758,-0.328
-1.099,0.412
-1.125,-1.025
-1.311,0.865
-1.33,1.062
-1.383,-0.034
-2.073,-0.128
-2.258,-1.453
2.5,-0.206
0.991,-0.19
-0.27,-1.527
2.449,1.299
-2.155,-2.597
-1.398,-2.945
-0.084,-0.199
-0.1,3.315
-0.113,3.039
-0.153,0.353
-0.22,0.265
-0.217,2.74
-0.208,0.649
-0.332,1.376
-0.359,1.234
-0.319,0.058
-0.403,0.788
-0.415,1.427
-0.417,2.212
-0.414,3.213
-0.451,1.28
-0.506,0.783
-0.508,3.504
-0.459,1.966
-0.536,2.64
-0.58,1.925
-0.546,2.152
-0.623,1.872
-0.554,0.561
-0.578,1.06
-0.593,0.945
-0.572,1.143
-0.6,2.678
-0.825,-0.179
-0.917,0.259
-0.973,2.094
-1.002,0.457
-0.975,3.7
-0.996,1.449
-1.067,2.807
-1.143,0.618
-1.08,2.977
-1.097,2.697
-1.172,1.719
-1.162,0.948
-1.285,0.695
-1.339,0.834
-1.499,1.633
-1.473,0.629
-1.485,1.565
-1.567,0.941
-1.623,3.093
-1.784,3.49
-1.849,1.672
-1.873,0.002
-1.919,1.941
3.045,-0.315
2.993,-0.321
2.93,-0.512
2.581,-0.395
2.139,-0.641
2.141,-0.305
1.797,-0.605
1.545,-0.485
1.122,-0.456
0.808,-0.565
0.624,-0.569
0.562,-0.301
-0.033,-0.692
-0.247,-0.368
-0.627,-0.271
-0.731,-0.639
-1.881,-0.327
-2.02,3.81
-2.531,3.873
-3.004,3.817
3.13,4.051
3.098,3.738
2.894,3.936
2.329,4.016
2.24,4.082
1.824,3.743
0.826,3.847
0.541,4.133
-0.367,3.79
-0.457,3.969
-0.584,3.758
-0.721,4.203
-0.901,4.071
-1.058,4.047
-1.275,4.078
-1.228,3.76
-1.721,3.92
-2.676,3.228
-2.657,0.897
2.691,3.73
2.399,3.401
1.914,3.644
1.367,0.425
-0.244,3.399
-0.718,3.191
-1.762,2.386
-1.789,0.71
-2.61,-0.674
-0.019,-0.507
-1.312,-0.426
-1.419,-0.463
-1.891,-0.674
-1.905,2.535
-1.908,0.807
-2.236,1.104
-2.46,2.353
-2.601,1.289
-2.493,3.389
-2.577,2.496
-2.729,2.779
-2.626,1.483
-2.601,0.313
-2.759,2.34
-2.791,3.184
-2.679,1.41
-2.726,2.764
-2.887,0.974
-2.791,0.493
-3.025,2.322
-3.013,1.267
-2.903,3.728
-2.964,1.104
-2.97,2.276
-2.983,3.258
-3.112,2.1
3.119,2.581
3.081,2.589
3.011,3.719
3.002,2.291
3.078,0.869
2.99,3.745
2.816,2.511
2.887,2.494
2.663,0.072
2.74,1.286
2.609,1.758
2.523,1.005
2.6,1.341
2.542,1.387
2.41,1.664
2.372,3.38
2.314,2.227
2.421,3.629
2.363,1.613
2.209,2.394
2.207,0.836
2.16,2.276
2.294,3.244
2.302,2.691
2.127,-0.062
2.132,1.173
2.081,1.07
2.085,0.971
1.924,0.058
2.022,2.117
1.988,3.024
1.789,3.417
1.802,1.551
1.818,-0.197
1.79,1.018
1.544,3.44
1.699,2.333
1.522,0.856
1.421,-0.283
1.517,2.338
1.333,0.953
1.431,3.428
1.371,0.705
1.209,2.512
1.033,1.134
0.923,1.501
0.976,0.138
0.647,-0.249
0.606,0.732
0.583,1.241
0.479,3.627
0.461,2.564
0.351,2.387
0.303,1.248
0.214,2.297
-0.052,-0.029
0.069,-0.018
-0.013,0.85
-0.118,3.517
-0.067,0.901
-0.056,3.096
-0.089,0.807
-0.192,1.963
-0.348,2.482
-0.425,2.53
-0.451,1.067
-0.584,1.552
-0.554,-0.064
-0.732,2.606
-0.867,3.424
-0.858,3.248
-0.733,3.343
-0.918,3.502
-0.811,2.128
-1.034,2.433
-1.034,2.218
-1.109,3.006
-1.089,3.649
-1.273,1.826
-1.333,0.927
-1.535,1.07
-1.585,1.204
-1.652,1.979
-1.741,-0.185
-1.773,0.039
-1.686,3.375
-1.716,2.097
-1.861,1.977
-1.77,2.542
-1.749,1.909
-1.927,-0.595
-2.249,-0.293
3.138,-0.559
2.581,-0.523
2.686,-0.335
1.716,-0.256
1.535,-0.612
1.068,-0.566
0.923,-0.67
0.867,-0.429
-0.444,-0.507
-0.321,-0.46
-0.483,-0.594
-0.35,-0.402
-0.644,-0.488
-0.69,-0.372
-0.817,-0.587
-1.448,-0.355
-1.418,-0.254
-1.595,-0.429
-1.997,-0.248
-2.16,3.989
-2.286,4.101
-2.325,4.071
-2.432,4.055
-2.615,4.005
2.783,3.818
2.251,3.884
2.018,3.713
1.676,4.012
1.329,3.949
0.457,3.954
0.232,4.006
-0.117,3.875
-0.901,4.058
-1.304,3.676
-1.744,3.92
-1.93,3.821
-1.842,4.019
2.108,1.648
0.912,2.858
0.344,0.676
-0.097,1.586
-0.341,3.342
-2.87,2.186
-3.053,0.484
2.686,0.478
2.008,1.013
0.188,3.207
-0.155,2.634
-0.16,2.27
-0.468,1.515
-0.823,0.258
-0.76,1.896
-1.101,2.636
-1.127,1.199
-1.313,3.089
-1.332,3.286
-1.385,2.19
-2.075,2.096
-2.26,0.771
2.498,2.018
0.989,2.034
-0.272,0.697
2.447,3.523
-2.157,-0.373
-1.4,-0.721
-0.016,3.514
-0.029,3.238
-0.069,0.552
-0.136,0.464
-0.133,2.939
-0.124,0.848
-0.248,1.575
-0.275,1.433
-0.235,0.257
-0.319,0.987
-0.331,1.626
-0.333,2.411
-0.33,3.412
-0.367,1.479
-0.422,0.982
-0.424,3.703
-0.375,2.165
-0.452,2.839
-0.496,2.124
-0.462,2.351
-0.539,2.071
-0.47,0.76
-0.494,1.259
-0.509,1.144
-0.488,1.342
-0.516,2.877
-0.741,0.02
-0.833,0.458
-0.889,2.293
-0.918,0.656
-0.891,3.899
-0.912,1.648
-0.983,3.006
-1.059,0.817
-0.996,3.176
-1.013,2.896
-1.088,1.918
-1.078,1.147
-1.201,0.894
-1.255,1.033
-1.415,1.832
-1.389,0.828
-1.401,1.764
-1.483,1.14
-1.539,3.292
-1.7,3.689
-1.765,1.871
-1.789,0.201
-1.835,2.14
3.129,-0.116
3.077,-0.122
3.014,-0.313
2.665,-0.196
2.223,-0.442
2.225,-0.106
1.881,-0.406
1.629,-0.286
1.206,-0.257
0.892,-0.366
0.708,-0.37
0.646,-0.102
0.051,-0.493
-0.163,-0.169
-0.543,-0.072
-0.647,-0.44
-1.797,-0.128
-1.936,4.009
-2.447,4.072
-2.92,4.016
-3.069,4.25
-3.101,3.937
2.978,4.135
2.413,4.215
2.324,4.281
1.908,3.942
0.91,4.046
0.625,4.332
-0.283,3.989
-0.373,4.168
-0.5,3.957
-0.637,4.402
-0.817,4.27
-0.974,4.246
-1.191,4.277
-1.144,3.959
-1.637,4.119
-2.592,3.427
-2.573,1.096
2.775,3.929
2.483,3.6
1.998,3.843
1.451,0.624
-0.16,3.598
-0.634,3.39
-1.678,2.585
-1.705,0.909
-2.526,-0.475
0.065,-0.308
-1.228,-0.227
-1.335,-0.264
-1.807,-0.475
-1.821,2.734
-1.824,1.006
-2.152,1.303
-2.376,2.552
-2.517,1.488
-2.409,3.588
-2.493,2.695
-2.645,2.978
-2.542,1.682
-2.517,0.512
-2.675,2.539
-2.707,3.383
-2.595,1.609
-2.642,2.963
-2.803,1.173
-2.707,0.692
-2.941,2.521
-2.929,1.466
-2.819,3.927
-2.88,1.303
-2.886,2.475
-2.899,3.457
-3.028,2.299
-3.08,2.78
-3.118,2.788
3.095,3.918
3.086,2.49
-3.121,1.068
3.074,3.944
2.9,2.71
2.971,2.693
2.747,0.271
2.824,1.485
2.693,1.957
2.607,1.204
2.684,1.54
2.626,1.586
2.494,1.863
2.456,3.579
2.398,2.426
2.505,3.828
2.447,1.812
2.293,2.593
2.291,1.035
2.244,2.475
2.378,3.443
2.386,2.89
2.211,0.137
2.216,1.372
2.165,1.269
2.169,1.17
2.008,0.257
2.106,2.316
2.072,3.223
1.873,3.616
1.886,1.75
1.902,0.002
1.874,1.217
1.628,3.639
1.783,2.532
1.606,1.055
1.505,-0.084
1.601,2.537
1.417,1.152
1.515,3.627
1.455,0.904
1.293,2.711
1.117,1.333
1.007,1.7
1.06,0.337
0.731,-0.05
0.69,0.931
0.667,1.44
0.563,3.826
0.545,2.763
0.435,2.586
0.387,1.447
0.298,2.496
0.032,0.17
0.153,0.181
0.071,1.049
-0.034,3.716
0.017,1.1
0.028,3.295
-0.005,1.006
-0.108,2.162
-0.264,2.681
-0.341,2.729
-0.367,1.266
-0.5,1.751
-0.47,0.135
-0.648,2.805
-0.783,3.623
-0.774,3.447
-0.649,3.542
-0.834,3.701
-0.727,2.327
-0.95,2.632
-0.95,2.417
-1.025,3.205
-1.005,3.848
-1.189,2.025
-1.249,1.126
-1.451,1.269
-1.501,1.403
-1.568,2.178
-1.657,0.014
-1.689,0.238
-1.602,3.574
-1.632,2.296
-1.777,2.176
-1.686,2.741
-1.665,2.108
-1.843,-0.396
-2.165,-0.094
-3.061,-0.36
2.665,-0.324
2.77,-0.136
1.8,-0.057
1.619,-0.413
1.152,-0.367
1.007,-0.471
0.951,-0.23
-0.36,-0.308
-0.237,-0.261
-0.399,-0.395
-0.266,-0.203
-0.56,-0.289
-0.606,-0.173
-0.733,-0.388
-1.364,-0.156
-1.334,-0.055
-1.511,-0.23
-1.913,-0.049
-2.076,4.188
-2.202,4.3
-2.241,4.27
-2.348,4.254
-2.531,4.204
2.867,4.017
2.335,4.083
2.102,3.912
1.76,4.211
1.413,4.148
0.541,4.153
0.316,4.205
-0.033,4.074
-0.817,4.257
-1.22,3.875
-1.66,4.119
-1.846,4.02
-1.758,4.218
2.192,1.847
0.996,3.057
0.428,0.875
-0.013,1.785
-0.257,3.541
-2.786,2.385
-2.969,0.683
2.77,0.677
2.092,1.212
0.272,3.406
-0.071,2.833
-0.076,2.469
-0.384,1.714
-0.739,0.457
-0.676,2.095
-1.017,2.835
-1.043,1.398
-1.229,3.288
-1.248,3.485
-1.301,2.389
-1.991,2.295
-2.176,0.97
2.582,2.217
1.073,2.233
-0.188,0.896
2.531,3.722
-2.073,-0.174
-1.316,-0.522
-0.013,-0.276
-0.053,-2.962
-0.12,-3.05
-0.117,-0.575
-0.108,-2.666
-0.232,-1.939
-0.259,-2.081
-0.219,-3.257
-0.303,-2.527
-0.315,-1.888
-0.317,-1.103
-0.314,-0.102
-0.351,-2.035
-0.406,-2.532
-0.408,0.189
-0.359,-1.349
-0.436,-0.675
-0.48,-1.39
-0.446,-1.163
-0.523,-1.443
-0.454,-2.754
-0.478,-2.255
-0.493,-2.37
-0.472,-2.172
-0.5,-0.637
-0.725,-3.494
-0.817,-3.056
-0.873,-1.221
-0.902,-2.858
-0.875,0.385
-0.896,-1.866
-0.967,-0.508
-1.043,-2.697
-0.98,-0.338
-0.997,-0.618
-1.072,-1.596
-1.062,-2.367
-1.185,-2.62
-1.239,-2.481
-1.399,-1.682
-1.373,-2.686
-1.385,-1.75
-1.467,-2.374
-1.523,-0.222
-1.684,0.175
-1.749,-1.643
-1.773,-3.313
-1.819,-1.374
-3.138,-3.63
3.093,-3.636
3.03,-3.827
2.681,-3.71
2.239,-3.956
2.241,-3.62
1.897,-3.92
1.645,-3.8
1.222,-3.771
0.908,-3.88
0.724,-3.884
0.662,-3.616
0.067,-4.007
-0.147,-3.683
-0.527,-3.586
-0.631,-3.954
-1.781,-3.642
-1.92,0.495
-2.431,0.558
-2.904,0.502
-3.053,0.736
-3.085,0.423
2.994,0.621
2.429,0.701
2.34,0.767
1.924,0.428
0.926,0.532
0.641,0.818
-0.267,0.475
-0.357,0.654
-0.484,0.443
-0.621,0.888
-0.801,0.756
-0.958,0.732
-1.175,0.763
-1.128,0.445
-1.621,0.605
-2.576,-0.087
-2.557,-2.418
2.791,0.415
2.499,0.086
2.014,0.329
1.467,-2.89
-0.144,0.084
-0.618,-0.124
-1.662,-0.929
-1.689,-2.605
-2.51,-3.989
0.081,-3.822
-1.212,-3.741
-1.319,-3.778
-1.791,-3.989
-1.805,-0.78
-1.808,-2.508
-2.136,-2.211
-2.36,-0.962
-2.501,-2.026
-2.393,0.074
-2.477,-0.819
-2.629,-0.536
-2.526,-1.832
-2.501,-3.002
-2.659,-0.975
-2.691,-0.131
-2.579,-1.905
-2.626,-0.551
-2.787,-2.341
-2.691,-2.822
-2.925,-0.993
-2.913,-2.048
-2.803,0.413
-2.864,-2.211
-2.87,-1.039
-2.883,-0.057
-3.012,-1.215
-3.064,-0.734
-3.102,-0.726
3.111,0.404
3.102,-1.024
-3.105,-2.446
3.09,0.43
2.916,-0.804
2.987,-0.821
2.763,-3.243
2.84,-2.029
2.709,-1.557
2.623,-2.31
2.7,-1.974
2.642,-1.928
2.51,-1.651
2.472,0.065
2.414,-1.088
2.521,0.314
2.463,-1.702
2.309,-0.921
2.307,-2.479
2.26,-1.039
2.394,-0.071
2.402,-0.624
2.227,-3.377
2.232,-2.142
2.181,-2.245
2.185,-2.344
2.024,-3.257
2.122,-1.198
2.088,-0.291
1.889,0.102
1.902,-1.764
1.918,-3.512
1.89,-2.297
1.644,0.125
1.799,-0.982
1.622,-2.459
1.521,-3.598
1.617,-0.977
1.433,-2.362
1.531,0.113
1.471,-2.61
1.309,-0.803
1.133,-2.181
1.023,-1.814
1.076,-3.177
0.747,-3.564
0.706,-2.583
0.683,-2.074
0.579,0.312
0.561,-0.751
0.451,-0.928
0.403,-2.067
0.314,-1.018
0.048,-3.344
0.169,-3.333
0.087,-2.465
-0.018,0.202
0.033,-2.414
0.044,-0.219
0.011,-2.508
-0.092,-1.352
-0.248,-0.833
-0.325,-0.785
-0.351,-2.248
-0.484,-1.763
-0.454,-3.379
-0.632,-0.709
-0.767,0.109
-0.758,-0.067
-0.633,0.028
-0.818,0.187
-0.711,-1.187
-0.934,-0.882
-0.934,-1.097
-1.009,-0.309
-0.989,0.334
-1.173,-1.489
-1.233,-2.388
-1.435,-2.245
-1.485,-2.111
-1.552,-1.336
-1.641,-3.5
-1.673,-3.276
-1.586,0.06
-1.616,-1.218
-1.761,-1.338
-1.67,-0.773
-1.649,-1.406
-1.827,-3.91
-2.149,-3.608
-3.045,-3.874
2.681,-3.838
2.786,-3.65
1.816,-3.571
1.635,-3.927
1.168,-3.881
1.023,-3.985
0.967,-3.744
-0.344,-3.822
-0.221,-3.775
-0.383,-3.909
-0.25,-3.717
-0.544,-3.803
-0.59,-3.687
-0.717,-3.902
-1.348,-3.67
-1.318,-3.569
-1.495,-3.744
-1.897,-3.563
-2.06,0.674
-2.186,0.786
-2.225,0.756
-2.332,0.74
-2.515,0.69
2.883,0.503
2.351,0.569
2.118,0.398
1.776,0.697
1.429,0.634
0.557,0.639
0.332,0.691
-0.017,0.56
-0.801,0.743
-1.204,0.361
-1.644,0.605
-1.83,0.506
-1.742,0.704
2.208,-1.667
1.012,-0.457
0.444,-2.639
0.003,-1.729
-0.241,0.027
-2.77,-1.129
-2.953,-2.831
2.786,-2.837
2.108,-2.302
0.288,-0.108
-0.055,-0.681
-0.06,-1.045
-0.368,-1.8
-0.723,-3.057
-0.66,-1.419
-1.001,-0.679
-1.027,-2.116
-1.213,-0.226
-1.232,-0.029
-1.285,-1.125
-1.975,-1.219
-2.16,-2.544
2.598,-1.297
1.089,-1.281
-0.172,-2.618
2.547,0.208
-2.057,-3.688
-1.3,-4.036
-0.04,-2.686
-0.107,-2.774
-0.104,-0.299
-0.095,-2.39
-0.219,-1.663
-0.246,-1.805
-0.206,-2.981
-0.29,-2.251
-0.302,-1.612
-0.304,-0.827
-0.301,0.174
-0.338,-1.759
-0.393,-2.256
-0.395,0.465
-0.346,-1.073
-0.423,-0.399
-0.467,-1.114
-0.433,-0.887
-0.51,-1.167
-0.441,-2.478
-0.465,-1.979
-0.48,-2.094
-0.459,-1.896
-0.487,-0.361
-0.712,-3.218
-0.804,-2.78
-0.86,-0.945
-0.889,-2.582
-0.862,0.661
-0.883,-1.59
-0.954,-0.232
-1.03,-2.421
-0.967,-0.062
-0.984,-0.342
-1.059,-1.32
-1.049,-2.091
-1.172,-2.344
-1.226,-2.205
-1.386,-1.406
-1.36,-2.41
-1.372,-1.474
-1.454,-2.098
-1.51,0.054
-1.671,0.451
-1.736,-1.367
-1.76,-3.037
-1.806,-1.098
-3.125,-3.354
3.106,-3.36
3.043,-3.551
2.694,-3.434
2.252,-3.68
2.254,-3.344
1.91,-3.644
1.658,-3.524
1.235,-3.495
0.921,-3.604
0.737,-3.608
0.675,-3.34
0.08,-3.731
-0.134,-3.407
-0.514,-3.31
-0.618,-3.678
-1.768,-3.366
-1.907,0.771
-2.418,0.834
-2.891,0.778
-3.04,1.012
-3.072,0.699
3.007,0.897
2.442,0.977
2.353,1.043
1.937,0.704
0.939,0.808
0.654,1.094
-0.254,0.751
-0.344,0.93
-0.471,0.719
-0.608,1.164
-0.788,1.032
-0.945,1.008
-1.162,1.039
-1.115,0.721
-1.608,0.881
-2.563,0.189
-2.544,-2.142
2.804,0.691
2.512,0.362
2.027,0.605
1.48,-2.614
-0.131,0.36
-0.605,0.152
-1.649,-0.653
-1.676,-2.329
-2.497,-3.713
0.094,-3.546
-1.199,-3.465
-1.306,-3.502
-1.778,-3.713
-1.792,-0.504
-1.795,-2.232
-2.123,-1.935
-2.347,-0.686
-2.488,-1.75
-2.38,0.35
-2.464,-0.543
-2.616,-0.26
-2.513,-1.556
-2.488,-2.726
-2.646,-0.699
-2.678,0.145
-2.566,-1.629
-2.613,-0.275
-2.774,-2.065
-2.678,-2.546
-2.912,-0.717
-2.9,-1.772
-2.79,0.689
-2.851,-1.935
-2.857,-0.763
-2.87,0.219
-2.999,-0.939
-3.051,-0.458
-3.089,-0.45
3.124,0.68
3.115,-0.748
-3.092,-2.17
3.103,0.706
2.929,-0.528
3.0,-0.545
2.776,-2.967
2.853,-1.753
2.722,-1.281
2.636,-2.034
2.713,-1.698
2.655,-1.652
2.523,-1.375
2.485,0.341
2.427,-0.812
2.534,0.59
2.476,-1.426
2.322,-0.645
2.32,-2.203
2.273,-0.763
2.407,0.205
2.415,-0.348
2.24,-3.101
2.245,-1.866
2.194,-1.969
2.198,-2.068
2.037,-2.981
2.135,-0.922
2.101,-0.015
1.902,0.378
1.915,-1.488
1.931,-3.236
1.903,-2.021
1.657,0.401
1.812,-0.706
1.635,-2.183
1.534,-3.322
1.63,-0.701
1.446,-2.086
1.544,0.389
1.484,-2.334
1.322,-0.527
1.146,-1.905
1.036,-1.538
1.089,-2.901
0.76,-3.288
0.719,-2.307
0.696,-1.798
0.592,0.588
0.574,-0.475
0.464,-0.652
0.416,-1.791
0.327,-0.742
0.061,-3.068
0.182,-3.057
0.1,-2.189
-0.005,0.478
0.046,-2.138
0.057,0.057
0.024,-2.232
-0.079,-1.076
-0.235,-0.557
-0.312,-0.509
-0.338,-1.972
-0.471,-1.487
-0.441,-3.103
-0.619,-0.433
-0.754,0.385
-0.745,0.209
-0.62,0.304
-0.805,0.463
-0.698,-0.911
-0.921,-0.606
-0.921,-0.821
-0.996,-0.033
-0.976,0.61
-1.16,-1.213
-1.22,-2.112
-1.422,-1.969
-1.472,-1.835
-1.539,-1.06
-1.628,-3.224
-1.66,-3.0
-1.573,0.336
-1.603,-0.942
-1.748,-1.062
-1.657,-0.497
-1.636,-1.13
-1.814,-3.634
-2.136,-3.332
-3.032,-3.598
2.694,-3.562
2.799,-3.374
1.829,-3.295
1.648,-3.651
1.181,-3.605
1.036,-3.709
0.98,-3.468
-0.331,-3.546
-0.208,-3.499
-0.37,-3.633
-0.237,-3.441
-0.531,-3.527
-0.577,-3.411
-0.704,-3.626
-1.335,-3.394
-1.305,-3.293
-1.482,-3.468
-1.884,-3.287
-2.047,0.95
-2.173,1.062
-2.212,1.032
-2.319,1.016
-2.502,0.966
2.896,0.779
2.364,0.845
2.131,0.674
1.789,0.973
1.442,0.91
0.57,0.915
0.345,0.967
-0.004,0.836
-0.788,1.019
-1.191,0.637
-1.631,0.881
-1.817,0.782
-1.729,0.98
2.221,-1.391
1.025,-0.181
0.457,-2.363
0.016,-1.453
-0.228,0.303
-2.757,-0.853
-2.94,-2.555
2.799,-2.561
2.121,-2.026
0.301,0.168
-0.042,-0.405
-0.047,-0.769
-0.355,-1.524
-0.71,-2.781
-0.647,-1.143
-0.988,-0.403
-1.014,-1.84
-1.2,0.05
-1.219,0.247
-1.272,-0.849
-1.962,-0.943
-2.147,-2.268
2.611,-1.021
1.102,-1.005
-0.159,-2.342
2.56,0.484
-2.044,-3.412
-1.287,-3.76
-0.067,-0.088
-0.064,2.387
-0.055,0.296
-0.179,1.023
-0.206,0.881
-0.166,-0.295
-0.25,0.435
-0.262,1.074
-0.264,1.859
-0.261,2.86
-0.298,0.927
-0.353,0.43
-0.355,3.151
-0.306,1.613
-0.383,2.287
-0.427,1.572
-0.393,1.799
-0.47,1.519
-0.401,0.208
-0.425,0.707
-0.44,0.592
-0.419,0.79
-0.447,2.325
-0.672,-0.532
-0.764,-0.094
-0.82,1.741
-0.849,0.104
-0.822,3.347
-0.843,1.096
-0.914,2.454
-0.99,0.265
-0.927,2.624
-0.944,2.344
-1.019,1.366
-1.009,0.595
-1.132,0.342
-1.186,0.481
-1.346,1.28
-1.32,0.276
-1.332,1.212
-1.414,0.588
-1.47,2.74
-1.631,3.137
-1.696,1.319
-1.72,-0.351
-1.766,1.588
-3.085,-0.668
-3.137,-0.674
3.083,-0.865
2.734,-0.748
2.292,-0.994
2.294,-0.658
1.95,-0.958
1.698,-0.838
1.275,-0.809
0.961,-0.918
0.777,-0.922
0.715,-0.654
0.12,-1.045
-0.094,-0.721
-0.474,-0.624
-0.578,-0.992
-1.728,-0.68
-1.867,3.457
-2.378,3.52
-2.851,3.464
-3.0,3.698
-3.032,3.385
3.047,3.583
2.482,3.663
2.393,3.729
1.977,3.39
0.979,3.494
0.694,3.78
-0.214,3.437
-0.304,3.616
-0.431,3.405
-0.568,3.85
-0.748,3.718
-0.905,3.694
-1.122,3.725
-1.075,3.407
-1.568,3.567
-2.523,2.875
-2.504,0.544
2.844,3.377
2.552,3.048
2.067,3.291
1.52,0.072
-0.091,3.046
-0.565,2.838
-1.609,2.033
-1.636,0.357
-2.457,-1.027
0.134,-0.86
-1.159,-0.779
-1.266,-0.816
-1.738,-1.027
-1.752,2.182
-1.755,0.454
-2.083,0.751
-2.307,2.0
-2.448,0.936
-2.34,3.036
-2.424,2.143
-2.576,2.426
-2.473,1.13
-2.448,-0.04
-2.606,1.987
-2.638,2.831
-2.526,1.057
-2.573,2.411
-2.734,0.621
-2.638,0.14
-2.872,1.969
-2.86,0.914
-2.75,3.375
-2.811,0.751
-2.817,1.923
-2.83,2.905
-2.959,1.747
-3.011,2.228
-3.049,2.236
-3.119,3.366
-3.128,1.938
-3.052,0.516
-3.14,3.392
2.969,2.158
3.04,2.141
2.816,-0.281
2.893,0.933
2.762,1.405
2.676,0.652
2.753,0.988
2.695,1.034
2.563,1.311
2.525,3.027
2.467,1.874
2.574,3.276
2.516,1.26
2.362,2.041
2.36,0.483
2.313,1.923
2.447,2.891
2.455,2.338
2.28,-0.415
2.285,0.82
2.234,0.717
2.238,0.618
2.077,-0.295
2.175,1.764
2.141,2.671
1.942,3.064
1.955,1.198
1.971,-0.55
1.943,0.665
1.697,3.087
1.852,1.98
1.675,0.503
1.574,-0.636
1.67,1.985
1.486,0.6
1.584,3.075
1.524,0.352
1.362,2.159
1.186,0.781
1.076,1.148
1.129,-0.215
0.8,-0.602
0.759,0.379
0.736,0.888
0.632,3.274
0.614,2.211
0.504,2.034
0.456,0.895
0.367,1.944
0.101,-0.382
0.222,-0.371
0.14,0.497
0.035,3.164
0.086,0.548
0.097,2.743
0.064,0.454
-0.039,1.61
-0.195,2.129
-0.272,2.177
-0.298,0.714
-0.431,1.199
-0.401,-0.417
-0.579,2.253
-0.714,3.071
-0.705,2.895
-0.58,2.99
-0.765,3.149
-0.658,1.775
-0.881,2.08
-0.881,1.865
-0.956,2.653
-0.936,3.296
-1.12,1.473
-1.18,0.574
-1.382,0.717
-1.432,0.851
-1.499,1.626
-1.588,-0.538
-1.62,-0.314
-1.533,3.022
-1.563,1.744
-1.708,1.624
-1.617,2.189
-1.596,1.556
-1.774,-0.948
-2.096,-0.646
-2.992,-0.912
2.734,-0.876
2.839,-0.688
1.869,-0.609
1.688,-0.965
1.221,-0.919
1.076,-1.023
1.02,-0.782
-0.291,-0.86
-0.168,-0.813
-0.33,-0.947
-0.197,-0.755
-0.491,-0.841
-0.537,-0.725
-0.664,-0.94
-1.295,-0.708
-1.265,-0.607
-1.442,-0.782
-1.844,-0.601
-2.007,3.636
-2.133,3.748
-2.172,3.718
-2.279,3.702
-2.462,3.652
2.936,3.465
2.404,3.531
2.171,3.36
1.829,3.659
1.482,3.596
0.61,3.601
0.385,3.653
0.036,3.522
-0.748,3.705
-1.151,3.323
-1.591,3.567
-1.777,3.468
-1.689,3.666
2.261,1.295
1.065,2.505
0.497,0.323
0.056,1.233
-0.188,2.989
-2.717,1.833
-2.9,0.131
2.839,0.125
2.161,0.66
0.341,2.854
-0.002,2.281
-0.007,1.917
-0.315,1.162
-0.67,-0.095
-0.607,1.543
-0.948,2.283
-0.974,0.846
-1.16,2.736
-1.179,2.933
-1.232,1.837
-1.922,1.743
-2.107,0.418
2.651,1.665
1.142,1.681
-0.119,0.344
2.6,3.17
-2.004,-0.726
-1.247,-1.074
0.003,2.475
0.012,0.384
-0.112,1.111
-0.139,0.969
-0.099,-0.207
-0.183,0.523
-0.195,1.162
-0.197,1.947
-0.194,2.948
-0.231,1.015
-0.286,0.518
-0.288,3.239
-0.239,1.701
-0.316,2.375
-0.36,1.66
-0.326,1.887
-0.403,1.607
-0.334,0.296
-0.358,0.795
-0.373,0.68
-0.352,0.878
-0.38,2.413
-0.605,-0.444
-0.697,-0.006
-0.753,1.829
-0.782,0.192
-0.755,3.435
-0.776,1.184
-0.847,2.542
-0.923,0.353
-0.86,2.712
-0.877,2.432
-0.952,1.454
-0.942,0.683
-1.065,0.43
-1.119,0.569
-1.279,1.368
-1.253,0.364
-1.265,1.3
-1.347,0.676
-1.403,2.828
-1.564,3.225
-1.629,1.407
-1.653,-0.263
-1.699,1.676
-3.018,-0.58
-3.07,-0.586
-3.133,-0.777
2.801,-0.66
2.359,-0.906
2.361,-0.57
2.017,-0.87
1.765,-0.75
1.342,-0.721
1.028,-0.83
0.844,-0.834
0.782,-0.566
0.187,-0.957
-0.027,-0.633
-0.407,-0.536
-0.511,-0.904
-1.661,-0.592
-1.8,3.545
-2.311,3.608
-2.784,3.552
-2.933,3.786
-2.965,3.473
3.114,3.671
2.549,3.751
2.46,3.817
2.044,3.478
1.046,3.582
0.761,3.868
-0.147,3.525
-0.237,3.704
-0.364,3.493
-0.501,3.938
-0.681,3.806
-0.838,3.782
-1.055,3.813
-1.008,3.495
-1.501,3.655
-2.456,2.963
-2.437,0.632
2.911,3.465
2.619,3.136
2.134,3.379
1.587,0.16
-0.024,3.134
-0.498,2.926
-1.542,2.121
-1.569,0.445
-2.39,-0.939
0.201,-0.772
-1.092,-0.691
-1.199,-0.728
-1.671,-0.939
-1.685,2.27
-1.688,0.542
-2.016,0.839
-2.24,2.088
-2.381,1.024
-2.273,3.124
-2.357,2.231
-2.509,2.514
-2.406,1.218
-2.381,0.048
-2.539,2.075
-2.571,2.919
-2.459,1.145
-2.506,2.499
-2.667,0.709
-2.571,0.228
-2.805,2.057
-2.793,1.002
-2.683,3.463
-2.744,0.839
-2.75,2.011
-2.763,2.993
-2.892,1.835
-2.944,2.316
-2.982,2.324
-3.052,3.454
-3.061,2.026
-2.985,0.604
-3.073,3.48
3.036,2.246
3.107,2.229
2.883,-0.193
2.96,1.021
2.829,1.493
2.743,0.74
2.82,1.076
2.762,1.122
2.63,1.399
2.592,3.115
2.534,1.962
2.641,3.364
2.583,1.348
2.429,2.129
2.427,0.571
2.38,2.011
2.514,2.979
2.522,2.426
2.347,-0.327
2.352,0.908
2.301,0.805
2.305,0.706
2.144,-0.207
2.242,1.852
2.208,2.759
2.009,3.152
2.022,1.286
2.038,-0.462
2.01,0.753
1.764,3.175
1.919,2.068
1.742,0.591
1.641,-0.548
1.737,2.073
1.553,0.688
1.651,3.163
1.591,0.44
1.429,2.247
1.253,0.869
1.143,1.236
1.196,-0.127
0.867,-0.514
0.826,0.467
0.803,0.976
0.699,3.362
0.681,2.299
0.571,2.122
0.523,0.983
0.434,2.032
0.168,-0.294
0.289,-0.283
0.207,0.585
0.102,3.252
0.153,0.636
0.164,2.831
0.131,0.542
0.028,1.698
-0.128,2.217
-0.205,2.265
-0.231,0.802
-0.364,1.287
-0.334,-0.329
-0.512,2.341
-0.647,3.159
-0.638,2.983
-0.513,3.078
-0.698,3.237
-0.591,1.863
-0.814,2.168
-0.814,1.953
-0.889,2.741
-0.869,3.384
-1.053,1.561
-1.113,0.662
-1.315,0.805
-1.365,0.939
-1.432,1.714
-1.521,-0.45
-1.553,-0.226
-1.466,3.11
-1.496,1.832
-1.641,1.712
-1.55,2.277
-1.529,1.644
-1.707,-0.86
-2.029,-0.558
-2.925,-0.824
2.801,-0.788
2.906,-0.6
1.936,-0.521
1.755,-0.877
1.288,-0.831
1.143,-0.935
1.087,-0.694
-0.224,-0.772
-0.101,-0.725
-0.263,-0.859
-0.13,-0.667
-0.424,-0.753
-0.47,-0.637
-0.597,-0.852
-1.228,-0.62
-1.198,-0.519
-1.375,-0.694
-1.777,-0.513
-1.94,3.724
-2.066,3.836
-2.105,3.806
-2.212,3.79
-2.395,3.74
3.003,3.553
2.471,3.619
2.238,3.448
1.896,3.747
1.549,3.684
0.677,3.689
0.452,3.741
0.103,3.61
-0.681,3.793
-1.084,3.411
-1.524,3.655
-1.71,3.556
-1.622,3.754
2.328,1.383
1.132,2.593
0.564,0.411
0.123,1.321
-0.121,3.077
-2.65,1.921
-2.833,0.219
2.906,0.213
2.228,0.748
0.408,2.942
0.065,2.369
0.06,2.005
-0.248,1.25
-0.603,-0.007
-0.54,1.631
-0.881,2.371
-0.907,0.934
-1.093,2.824
-1.112,3.021
-1.165,1.925
-1.855,1.831
-2.04,0.506
2.718,1.753
1.209,1.769
-0.052,0.432
2.667,3.258
-1.937,-0.638
-1.18,-0.986
0.009,-2.091
-0.115,-1.364
-0.142,-1.506
-0.102,-2.682
-0.186,-1.952
-0.198,-1.313
-0.2,-0.528
-0.197,0.473
-0.234,-1.46
-0.289,-1.957
-0.291,0.764
-0.242,-0.774
-0.319,-0.1
-0.363,-0.815
-0.329,-0.588
-0.406,-0.868
-0.337,-2.179
-0.361,-1.68
-0.376,-1.795
-0.355,-1.597
-0.383,-0.062
-0.608,-2.919
-0.7,-2.481
-0.756,-0.646
-0.785,-2.283
-0.758,0.96
-0.779,-1.291
-0.85,0.067
-0.926,-2.122
-0.863,0.237
-0.88,-0.043
-0.955,-1.021
-0.945,-1.792
-1.068,-2.045
-1.122,-1.906
-1.282,-1.107
-1.256,-2.111
-1.268,-1.175
-1.35,-1.799
-1.406,0.353
-1.567,0.75
-1.632,-1.068
-1.656,-2.738
-1.702,-0.799
-3.021,-3.055
-3.073,-3.061
-3.136,-3.252
2.798,-3.135
2.356,-3.381
2.358,-3.045
2.014,-3.345
1.762,-3.225
1.339,-3.196
1.025,-3.305
0.841,-3.309
0.779,-3.041
0.184,-3.432
-0.03,-3.108
-0.41,-3.011
-0.514,-3.379
-1.664,-3.067
-1.803,1.07
-2.314,1.133
-2.787,1.077
-2.936,1.311
-2.968,0.998
3.111,1.196
2.546,1.276
2.457,1.342
2.041,1.003
1.043,1.107
0.758,1.393
-0.15,1.05
-0.24,1.229
-0.367,1.018
-0.504,1.463
-0.684,1.331
-0.841,1.307
-1.058,1.338
-1.011,1.02
-1.504,1.18
-2.459,0.488
-2.44,-1.843
2.908,0.99
2.616,0.661
2.131,0.904
1.584,-2.315
-0.027,0.659
-0.501,0.451
-1.545,-0.354
-1.572,-2.03
-2.393,-3.414
0.198,-3.247
-1.095,-3.166
-1.202,-3.203
-1.674,-3.414
-1.688,-0.205
-1.691,-1.933
-2.019,-1.636
-2.243,-0.387
-2.384,-1.451
-2.276,0.649
-2.36,-0.244
-2.512,0.039
-2.409,-1.257
-2.384,-2.427
-2.542,-0.4
-2.574,0.444
-2.462,-1.33
-2.509,0.024
-2.67,-1.766
-2.574,-2.247
-2.808,-0.418
-2.796,-1.473
-2.686,0.988
-2.747,-1.636
-2.753,-0.464
-2.766,0.518
-2.895,-0.64
-2.947,-0.159
-2.985,-0.151
-3.055,0.979
-3.064,-0.449
-2.988,-1.871
-3.076,1.005
3.033,-0.229
3.104,-0.246
2.88,-2.668
2.957,-1.454
2.826,-0.982
2.74,-1.735
2.817,-1.399
2.759,-1.353
2.627,-1.076
2.589,0.64
2.531,-0.513
2.638,0.889
2.58,-1.127
2.426,-0.346
2.424,-1.904
2.377,-0.464
2.511,0.504
2.519,-0.049
2.344,-2.802
2.349,-1.567
2.298,-1.67
2.302,-1.769
2.141,-2.682
2.239,-0.623
2.205,0.284
2.006,0.677
2.019,-1.189
2.035,-2.937
2.007,-1.722
1.761,0.7
1.916,-0.407
1.739,-1.884
1.638,-3.023
1.734,-0.402
1.55,-1.787
1.648,0.688
1.588,-2.035
1.426,-0.228
1.25,-1.606
1.14,-1.239
1.193,-2.602
0.864,-2.989
0.823,-2.008
0.8,-1.499
0.696,0.887
0.678,-0.176
0.568,-0.353
0.52,-1.492
0.431,-0.443
0.165,-2.769
0.286,-2.758
0.204,-1.89
0.099,0.777
0.15,-1.839
0.161,0.356
0.128,-1.933
0.025,-0.777
-0.131,-0.258
-0.208,-0.21
-0.234,-1.673
-0.367,-1.188
-0.337,-2.804
-0.515,-0.134
-0.65,0.684
-0.641,0.508
-0.516,0.603
-0.701,0.762
-0.594,-0.612
-0.817,-0.307
-0.817,-0.522
-0.892,0.266
-0.872,0.909
-1.056,-0.914
-1.116,-1.813
-1.318,-1.67
-1.368,-1.536
-1.435,-0.761
-1.524,-2.925
-1.556,-2.701
-1.469,0.635
-1.499,-0.643
-1.644,-0.763
-1.553,-0.198
-1.532,-0.831
-1.71,-3.335
-2.032,-3.033
-2.928,-3.299
2.798,-3.263
2.903,-3.075
1.933,-2.996
1.752,-3.352
1.285,-3.306
1.14,-3.41
1.084,-3.169
-0.227,-3.247
-0.104,-3.2
-0.266,-3.334
-0.133,-3.142
-0.427,-3.228
-0.473,-3.112
-0.6,-3.327
-1.231,-3.095
-1.201,-2.994
-1.378,-3.169
-1.78,-2.988
-1.943,1.249
-2.069,1.361
-2.108,1.331
-2.215,1.315
-2.398,1.265
3.0,1.078
2.468,1.144
2.235,0.973
1.893,1.272
1.546,1.209
0.674,1.214
0.449,1.266
0.1,1.135
-0.684,1.318
-1.087,0.936
-1.527,1.18
-1.713,1.081
-1.625,1.279
2.325,-1.092
1.129,0.118
0.561,-2.064
0.12,-1.154
-0.124,0.602
-2.653,-0.554
-2.836,-2.256
2.903,-2.262
2.225,-1.727
0.405,0.467
0.062,-0.106
0.057,-0.47
-0.251,-1.225
-0.606,-2.482
-0.543,-0.844
-0.884,-0.104
-0.91,-1.541
-1.096,0.349
-1.115,0.546
-1.168,-0.55
-1.858,-0.644
-2.043,-1.969
2.715,-0.722
1.206,-0.706
-0.055,-2.043
2.664,0.783
-1.94,-3.113
-1.183,-3.461
-0.124,0.727
-0.151,0.585
-0.111,-0.591
-0.195,0.139
-0.207,0.778
-0.209,1.563
-0.206,2.564
-0.243,0.631
-0.298,0.134
-0.3,2.855
-0.251,1.317
-0.328,1.991
-0.372,1.276
-0.338,1.503
-0.415,1.223
-0.346,-0.088
-0.37,0.411
-0.385,0.296
-0.364,0.494
-0.392,2.029
-0.617,-0.828
-0.709,-0.39
-0.765,1.445
-0.794,-0.192
-0.767,3.051
-0.788,0.8
-0.859,2.158
-0.935,-0.031
-0.872,2.328
-0.889,2.048
-0.964,1.07
-0.954,0.299
-1.077,0.046
-1.131,0.185
-1.291,0.984
-1.265,-0.02
-1.277,0.916
-1.359,0.292
-1.415,2.444
-1.576,2.841
-1.641,1.023
-1.665,-0.647
-1.711,1.292
-3.03,-0.964
-3.082,-0.97
3.138,-1.161
2.789,-1.044
2.347,-1.29
2.349,-0.954
2.005,-1.254
1.753,-1.134
1.33,-1.105
1.016,-1.214
0.832,-1.218
0.77,-0.95
0.175,-1.341
-0.039,-1.017
-0.419,-0.92
-0.523,-1.288
-1.673,-0.976
-1.812,3.161
-2.323,3.224
-2.796,3.168
-2.945,3.402
-2.977,3.089
3.102,3.287
2.537,3.367
2.448,3.433
2.032,3.094
1.034,3.198
0.749,3.484
-0.159,3.141
-0.249,3.32
-0.376,3.109
-0.513,3.554
-0.693,3.422
-0.85,3.398
-1.067,3.429
-1.02,3.111
-1.513,3.271
-2.468,2.579
-2.449,0.248
2.899,3.081
2.607,2.752
2.122,2.995
1.575,-0.224
-0.036,2.75
-0.51,2.542
-1.554,1.737
-1.581,0.061
-2.402,-1.323
0.189,-1.156
-1.104,-1.075
-1.211,-1.112
-1.683,-1.323
-1.697,1.886
-1.7,0.158
-2.028,0.455
-2.252,1.704
-2.393,0.64
-2.285,2.74
-2.369,1.847
-2.521,2.13
-2.418,0.834
-2.393,-0.336
-2.551,1.691
-2.583,2.535
-2.471,0.761
-2.518,2.115
-2.679,0.325
-2.583,-0.156
-2.817,1.673
-2.805,0.618
-2.695,3.079
-2.756,0.455
-2.762,1.627
-2.775,2.609
-2.904,1.451
-2.956,1.932
-2.994,1.94
-3.064,3.07
-3.073,1.642
-2.997,0.22
-3.085,3.096
3.024,1.862
3.095,1.845
2.871,-0.577
2.948,0.637
2.817,1.109
2.731,0.356
2.808,0.692
2.75,0.738
2.618,1.015
2.58,2.731
2.522,1.578
2.629,2.98
2.571,0.964
2.417,1.745
2.415,0.187
2.368,1.627
2.502,2.595
2.51,2.042
2.335,-0.711
2.34,0.524
2.289,0.421
2.293,0.322
2.132,-0.591
2.23,1.468
2.196,2.375
1.997,2.768
2.01,0.902
2.026,-0.846
1.998,0.369
1.752,2.791
1.907,1.684
1.73,0.207
1.629,-0.932
1.725,1.689
1.541,0.304
1.639,2.779
1.579,0.056
1.417,1.863
1.241,0.485
1.131,0.852
1.184,-0.511
0.855,-0.898
0.814,0.083
0.791,0.592
0.687,2.978
0.669,1.915
0.559,1.738
0.511,0.599
0.422,1.648
0.156,-0.678
0.277,-0.667
0.195,0.201
0.09,2.868
0.141,0.252
0.152,2.447
0.119,0.158
0.016,1.314
-0.14,1.833
-0.217,1.881
-0.243,0.418
-0.376,0.903
-0.346,-0.713
-0.524,1.957
-0.659,2.775
-0.65,2.599
-0.525,2.694
-0.71,2.853
-0.603,1.479
-0.826,1.784
-0.826,1.569
-0.901,2.357
-0.881,3.0
-1.065,1.177
-1.125,0.278
-1.327,0.421
-1.377,0.555
-1.444,1.33
-1.533,-0.834
-1.565,-0.61
-1.478,2.726
-1.508,1.448
-1.653,1.328
-1.562,1.893
-1.541,1.26
-1.719,-1.244
-2.041,-0.942
-2.937,-1.208
2.789,-1.172
2.894,-0.984
1.924,-0.905
1.743,-1.261
1.276,-1.215
1.131,-1.319
1.075,-1.078
-0.236,-1.156
-0.113,-1.109
-0.275,-1.243
-0.142,-1.051
-0.436,-1.137
-0.482,-1.021
-0.609,-1.236
-1.24,-1.004
-1.21,-0.903
-1.387,-1.078
-1.789,-0.897
-1.952,3.34
-2.078,3.452
-2.117,3.422
-2.224,3.406
-2.407,3.356
2.991,3.169
2.459,3.235
2.226,3.064
1.884,3.363
1.537,3.3
0.665,3.305
0.44,3.357
0.091,3.226
-0.693,3.409
-1.096,3.027
-1.536,3.271
-1.722,3.172
-1.634,3.37
2.316,0.999
1.12,2.209
0.552,0.027
0.111,0.937
-0.133,2.693
-2.662,1.537
-2.845,-0.165
2.894,-0.171
2.216,0.364
0.396,2.558
0.053,1.985
0.048,1.621
-0.26,0.866
-0.615,-0.391
-0.552,1.247
-0.893,1.987
-0.919,0.55
-1.105,2.44
-1.124,2.637
-1.177,1.541
-1.867,1.447
-2.052,0.122
2.706,1.369
1.197,1.385
-0.064,0.048
2.655,2.874
-1.949,-1.022
-1.192,-1.37
-0.027,-0.142
0.013,-1.318
-0.071,-0.588
-0.083,0.051
-0.085,0.836
-0.082,1.837
-0.119,-0.096
-0.174,-0.593
-0.176,2.128
-0.127,0.59
-0.204,1.264
-0.248,0.549
-0.214,0.776
-0.291,0.496
-0.222,-0.815
-0.246,-0.316
-0.261,-0.431
-0.24,-0.233
-0.268,1.302
-0.493,-1.555
-0.585,-1.117
-0.641,0.718
-0.67,-0.919
-0.643,2.324
-0.664,0.073
-0.735,1.431
-0.811,-0.758
-0.748,1.601
-0.765,1.321
-0.84,0.343
-0.83,-0.428
-0.953,-0.681
-1.007,-0.542
-1.167,0.257
-1.141,-0.747
-1.153,0.189
-1.235,-0.435
-1.291,1.717
-1.452,2.114
-1.517,0.296
-1.541,-1.374
-1.587,0.565
-2.906,-1.691
-2.958,-1.697
-3.021,-1.888
2.913,-1.771
2.471,-2.017
2.473,-1.681
2.129,-1.981
1.877,-1.861
1.454,-1.832
1.14,-1.941
0.956,-1.945
0.894,-1.677
0.299,-2.068
0.085,-1.744
-0.295,-1.647
-0.399,-2.015
-1.549,-1.703
-1.688,2.434
-2.199,2.497
-2.672,2.441
-2.821,2.675
-2.853,2.362
-3.057,2.56
2.661,2.64
2.572,2.706
2.156,2.367
1.158,2.471
0.873,2.757
-0.035,2.414
-0.125,2.593
-0.252,2.382
-0.389,2.827
-0.569,2.695
-0.726,2.671
-0.943,2.702
-0.896,2.384
-1.389,2.544
-2.344,1.852
-2.325,-0.479
3.023,2.354
2.731,2.025
2.246,2.268
1.699,-0.951
0.088,2.023
-0.386,1.815
-1.43,1.01
-1.457,-0.666
-2.278,-2.05
0.313,-1.883
-0.98,-1.802
-1.087,-1.839
-1.559,-2.05
-1.573,1.159
-1.576,-0.569
-1.904,-0.272
-2.128,0.977
-2.269,-0.087
-2.161,2.013
-2.245,1.12
-2.397,1.403
-2.294,0.107
-2.269,-1.063
-2.427,0.964
-2.459,1.808
-2.347,0.034
-2.394,1.388
-2.555,-0.402
-2.459,-0.883
-2.693,0.946
-2.681,-0.109
-2.571,2.352
-2.632,-0.272
-2.638,0.9
-2.651,1.882
-2.78,0.724
-2.832,1.205
-2.87,1.213
-2.94,2.343
-2.949,0.915
-2.873,-0.507
-2.961,2.369
-3.135,1.135
-3.064,1.118
2.995,-1.304
3.072,-0.09
2.941,0.382
2.855,-0.371
2.932,-0.035
2.874,0.011
2.742,0.288
2.704,2.004
2.646,0.851
2.753,2.253
2.695,0.237
2.541,1.018
2.539,-0.54
2.492,0.9
2.626,1.868
2.634,1.315
2.459,-1.438
2.464,-0.203
2.413,-0.306
2.417,-0.405
2.256,-1.318
2.354,0.741
2.32,1.648
2.121,2.041
2.134,0.175
2.15,-1.573
2.122,-0.358
1.876,2.064
2.031,0.957
1.854,-0.52
1.753,-1.659
1.849,0.962
1.665,-0.423
1.763,2.052
1.703,-0.671
1.541,1.136
1.365,-0.242
1.255,0.125
1.308,-1.238
0.979,-1.625
0.938,-0.644
0.915,-0.135
0.811,2.251
0.793,1.188
0.683,1.011
0.635,-0.128
0.546,0.921
0.28,-1.405
0.401,-1.394
0.319,-0.526
0.214,2.141
0.265,-0.475
0.276,1.72
0.243,-0.569
0.14,0.587
-0.016,1.106
-0.093,1.154
-0.119,-0.309
-0.252,0.176
-0.222,-1.44
-0.4,1.23
-0.535,2.048
-0.526,1.872
-0.401,1.967
-0.586,2.126
-0.479,0.752
-0.702,1.057
-0.702,0.842
-0.777,1.63
-0.757,2.273
-0.941,0.45
-1.001,-0.449
-1.203,-0.306
-1.253,-0.172
-1.32,0.603
-1.409,-1.561
-1.441,-1.337
-1.354,1.999
-1.384,0.721
-1.529,0.601
-1.438,1.166
-1.417,0.533
-1.595,-1.971
-1.917,-1.669
-2.813,-1.935
2.913,-1.899
3.018,-1.711
2.048,-1.632
1.867,-1.988
1.4,-1.942
1.255,-2.046
1.199,-1.805
-0.112,-1.883
0.011,-1.836
-0.151,-1.97
-0.018,-1.778
-0.312,-1.864
-0.358,-1.748
-0.485,-1.963
-1.116,-1.731
-1.086,-1.63
-1.263,-1.805
-1.665,-1.624
-1.828,2.613
-1.954,2.725
-1.993,2.695
-2.1,2.679
-2.283,2.629
3.115,2.442
2.583,2.508
2.35,2.337
2.008,2.636
1.661,2.573
0.789,2.578
0.564,2.63
0.215,2.499
-0.569,2.682
-0.972,2.3
-1.412,2.544
-1.598,2.445
-1.51,2.643
2.44,0.272
1.244,1.482
0.676,-0.7
0.235,0.21
-0.009,1.966
-2.538,0.81
-2.721,-0.892
3.018,-0.898
2.34,-0.363
0.52,1.831
0.177,1.258
0.172,0.894
-0.136,0.139
-0.491,-1.118
-0.428,0.52
-0.769,1.26
-0.795,-0.177
-0.981,1.713
-1.0,1.91
-1.053,0.814
-1.743,0.72
-1.928,-0.605
2.83,0.642
1.321,0.658
0.06,-0.679
2.779,2.147
-1.825,-1.749
-1.068,-2.097
0.04,-1.176
-0.044,-0.446
-0.056,0.193
-0.058,0.978
-0.055,1.979
-0.092,0.046
-0.147,-0.451
-0.149,2.27
-0.1,0.732
-0.177,1.406
-0.221,0.691
-0.187,0.918
-0.264,0.638
-0.195,-0.673
-0.219,-0.174
-0.234,-0.289
-0.213,-0.091
-0.241,1.444
-0.466,-1.413
-0.558,-0.975
-0.614,0.86
-0.643,-0.777
-0.616,2.466
-0.637,0.215
-0.708,1.573
-0.784,-0.616
-0.721,1.743
-0.738,1.463
-0.813,0.485
-0.803,-0.286
-0.926,-0.539
-0.98,-0.4
-1.14,0.399
-1.114,-0.605
-1.126,0.331
-1.208,-0.293
-1.264,1.859
-1.425,2.256
-1.49,0.438
-1.514,-1.232
-1.56,0.707
-2.879,-1.549
-2.931,-1.555
-2.994,-1.746
2.94,-1.629
2.498,-1.875
2.5,-1.539
2.156,-1.839
1.904,-1.719
1.481,-1.69
1.167,-1.799
0.983,-1.803
0.921,-1.535
0.326,-1.926
0.112,-1.602
-0.268,-1.505
-0.372,-1.873
-1.522,-1.561
-1.661,2.576
-2.172,2.639
-2.645,2.583
-2.794,2.817
-2.826,2.504
-3.03,2.702
2.688,2.782
2.599,2.848
2.183,2.509
1.185,2.613
0.9,2.899
-0.008,2.556
-0.098,2.735
-0.225,2.524
-0.362,2.969
-0.542,2.837
-0.699,2.813
-0.916,2.844
-0.869,2.526
-1.362,2.686
-2.317,1.994
-2.298,-0.337
3.05,2.496
2.758,2.167
2.273,2.41
1.726,-0.809
0.115,2.165
-0.359,1.957
-1.403,1.152
-1.43,-0.524
-2.251,-1.908
0.34,-1.741
-0.953,-1.66
-1.06,-1.697
-1.532,-1.908
-1.546,1.301
-1.549,-0.427
-1.877,-0.13
-2.101,1.119
-2.242,0.055
-2.134,2.155
-2.218,1.262
-2.37,1.545
-2.267,0.249
-2.242,-0.921
-2.4,1.106
-2.432,1.95
-2.32,0.176
-2.367,1.53
-2.528,-0.26
-2.432,-0.741
-2.666,1.088
-2.654,0.033
-2.544,2.494
-2.605,-0.13
-2.611,1.042
-2.624,2.024
-2.753,0.866
-2.805,1.347
-2.843,1.355
-2.913,2.485
-2.922,1.057
-2.846,-0.365
-2.934,2.511
-3.108,1.277
-3.037,1.26
3.022,-1.162
3.099,0.052
2.968,0.524
2.882,-0.229
2.959,0.107
2.901,0.153
2.769,0.43
2.731,2.146
2.673,0.993
2.78,2.395
2.722,0.379
2.568,1.16
2.566,-0.398
2.519,1.042
2.653,2.01
2.661,1.457
2.486,-1.296
2.491,-0.061
2.44,-0.164
2.444,-0.263
2.283,-1.176
2.381,0.883
2.347,1.79
2.148,2.183
2.161,0.317
2.177,-1.431
2.149,-0.216
1.903,2.206
2.058,1.099
1.881,-0.378
1.78,-1.517
1.876,1.104
1.692,-0.281
1.79,2.194
1.73,-0.529
1.568,1.278
1.392,-0.1
1.282,0.267
1.335,-1.096
1.006,-1.483
0.965,-0.502
0.942,0.007
0.838,2.393
0.82,1.33
0.71,1.153
0.662,0.014
0.573,1.063
0.307,-1.263
0.428,-1.252
0.346,-0.384
0.241,2.283
0.292,-0.333
0.303,1.862
0.27,-0.427
0.167,0.729
0.011,1.248
-0.066,1.296
-0.092,-0.167
-0.225,0.318
-0.195,-1.298
-0.373,1.372
-0.508,2.19
-0.499,2.014
-0.374,2.109
-0.559,2.268
-0.452,0.894
-0.675,1.199
-0.675,0.984
-0.75,1.772
-0.73,2.415
-0.914,0.592
-0.974,-0.307
-1.176,-0.164
-1.226,-0.03
-1.293,0.745
-1.382,-1.419
-1.414,-1.195
-1.327,2.141
-1.357,0.863
-1.502,0.743
-1.411,1.308
-1.39,0.675
-1.568,-1.829
-1.89,-1.527
-2.786,-1.793
2.94,-1.757
3.045,-1.569
2.075,-1.49
1.894,-1.846
1.427,-1.8
1.282,-1.904
1.226,-1.663
-0.085,-1.741
0.038,-1.694
-0.124,-1.828
0.009,-1.636
-0.285,-1.722
-0.331,-1.606
-0.458,-1.821
-1.089,-1.589
-1.059,-1.488
-1.236,-1.663
-1.638,-1.482
-1.801,2.755
-1.927,2.867
-1.966,2.837
-2.073,2.821
-2.256,2.771
-3.141,2.584
2.61,2.65
2.377,2.479
2.035,2.778
1.688,2.715
0.816,2.72
0.591,2.772
0.242,2.641
-0.542,2.824
-0.945,2.442
-1.385,2.686
-1.571,2.587
-1.483,2.785
2.467,0.414
1.271,1.624
0.703,-0.558
0.262,0.352
0.018,2.108
-2.511,0.952
-2.694,-0.75
3.045,-0.756
2.367,-0.221
0.547,1.973
0.204,1.4
0.199,1.036
-0.109,0.281
-0.464,-0.976
-0.401,0.662
-0.742,1.402
-0.768,-0.035
-0.954,1.855
-0.973,2.052
-1.026,0.956
-1.716,0.862
-1.901,-0.463
2.857,0.784
1.348,0.8
0.087,-0.537
2.806,2.289
-1.798,-1.607
-1.041,-1.955
-0.084,0.73
-0.096,1.369
-0.098,2.154
-0.095,3.155
-0.132,1.222
-0.187,0.725
-0.189,3.446
-0.14,1.908
-0.217,2.582
-0.261,1.867
-0.227,2.094
-0.304,1.814
-0.235,0.503
-0.259,1.002
-0.274,0.887
-0.253,1.085
-0.281,2.62
-0.506,-0.237
-0.598,0.201
-0.654,2.036
-0.683,0.399
-0.656,3.642
-0.677,1.391
-0.748,2.749
-0.824,0.56
-0.761,2.919
-0.778,2.639
-0.853,1.661
-0.843,0.89
-0.966,0.637
-1.02,0.776
-1.18,1.575
-1.154,0.571
-1.166,1.507
-1.248,0.883
-1.304,3.035
-1.465,3.432
-1.53,1.614
-1.554,-0.056
-1.6,1.883
-2.919,-0.373
-2.971,-0.379
-3.034,-0.57
2.9,-0.453
2.458,-0.699
2.46,-0.363
2.116,-0.663
1.864,-0.543
1.441,-0.514
1.127,-0.623
0.943,-0.627
0.881,-0.359
0.286,-0.75
0.072,-0.426
-0.308,-0.329
-0.412,-0.697
-1.562,-0.385
-1.701,3.752
-2.212,3.815
-2.685,3.759
-2.834,3.993
-2.866,3.68
-3.07,3.878
2.648,3.958
2.559,4.024
2.143,3.685
1.145,3.789
0.86,4.075
-0.048,3.732
-0.138,3.911
-0.265,3.7
-0.402,4.145
-0.582,4.013
-0.739,3.989
-0.956,4.02
-0.909,3.702
-1.402,3.862
-2.357,3.17
-2.338,0.839
3.01,3.672
2.718,3.343
2.233,3.586
1.686,0.367
0.075,3.341
-0.399,3.133
-1.443,2.328
-1.47,0.652
-2.291,-0.732
0.3,-0.565
-0.993,-0.484
-1.1,-0.521
-1.572,-0.732
-1.586,2.477
-1.589,0.749
-1.917,1.046
-2.141,2.295
-2.282,1.231
-2.174,3.331
-2.258,2.438
-2.41,2.721
-2.307,1.425
-2.282,0.255
-2.44,2.282
-2.472,3.126
-2.36,1.352
-2.407,2.706
-2.568,0.916
-2.472,0.435
-2.706,2.264
-2.694,1.209
-2.584,3.67
-2.645,1.046
-2.651,2.218
-2.664,3.2
-2.793,2.042
-2.845,2.523
-2.883,2.531
-2.953,3.661
-2.962,2.233
-2.886,0.811
-2.974,3.687
3.135,2.453
-3.077,2.436
2.982,0.014
3.059,1.228
2.928,1.7
2.842,0.947
2.919,1.283
2.861,1.329
2.729,1.606
2.691,3.322
2.633,2.169
2.74,3.571
2.682,1.555
2.528,2.336
2.526,0.778
2.479,2.218
2.613,3.186
2.621,2.633
2.446,-0.12
2.451,1.115
2.4,1.012
2.404,0.913
2.243,0.0
2.341,2.059
2.307,2.966
2.108,3.359
2.121,1.493
2.137,-0.255
2.109,0.96
1.863,3.382
2.018,2.275
1.841,0.798
1.74,-0.341
1.836,2.28
1.652,0.895
1.75,3.37
1.69,0.647
1.528,2.454
1.352,1.076
1.242,1.443
1.295,0.08
0.966,-0.307
0.925,0.674
0.902,1.183
0.798,3.569
0.78,2.506
0.67,2.329
0.622,1.19
0.533,2.239
0.267,-0.087
0.388,-0.076
0.306,0.792
0.201,3.459
0.252,0.843
0.263,3.038
0.23,0.749
0.127,1.905
-0.029,2.424
-0.106,2.472
-0.132,1.009
-0.265,1.494
-0.235,-0.122
-0.413,2.548
-0.548,3.366
-0.539,3.19
-0.414,3.285
-0.599,3.444
-0.492,2.07
-0.715,2.375
-0.715,2.16
-0.79,2.948
-0.77,3.591
-0.954,1.768
-1.014,0.869
-1.216,1.012
-1.266,1.146
-1.333,1.921
-1.422,-0.243
-1.454,-0.019
-1.367,3.317
-1.397,2.039
-1.542,1.919
-1.451,2.484
-1.43,1.851
-1.608,-0.653
-1.93,-0.351
-2.826,-0.617
2.9,-0.581
3.005,-0.393
2.035,-0.314
1.854,-0.67
1.387,-0.624
1.242,-0.728
1.186,-0.487
-0.125,-0.565
-0.002,-0.518
-0.164,-0.652
-0.031,-0.46
-0.325,-0.546
-0.371,-0.43
-0.498,-0.645
-1.129,-0.413
-1.099,-0.312
-1.276,-0.487
-1.678,-0.306
-1.841,3.931
-1.967,4.043
-2.006,4.013
-2.113,3.997
-2.296,3.947
3.102,3.76
2.57,3.826
2.337,3.655
1.995,3.954
1.648,3.891
0.776,3.896
0.551,3.948
0.202,3.817
-0.582,4.0
-0.985,3.618
-1.425,3.862
-1.611,3.763
-1.523,3.961
2.427,1.59
1.231,2.8
0.663,0.618
0.222,1.528
-0.022,3.284
-2.551,2.128
-2.734,0.426
3.005,0.42
2.327,0.955
0.507,3.149
0.164,2.576
0.159,2.212
-0.149,1.457
-0.504,0.2
-0.441,1.838
-0.782,2.578
-0.808,1.141
-0.994,3.031
-1.013,3.228
-1.066,2.132
-1.756,2.038
-1.941,0.713
2.817,1.96
1.308,1.976
0.047,0.639
2.766,3.465
-1.838,-0.431
-1.081,-0.779
-0.012,0.639
-0.014,1.424
-0.011,2.425
-0.048,0.492
-0.103,-0.005
-0.105,2.716
-0.056,1.178
-0.133,1.852
-0.177,1.137
-0.143,1.364
-0.22,1.084
-0.151,-0.227
-0.175,0.272
-0.19,0.157
-0.169,0.355
-0.197,1.89
-0.422,-0.967
-0.514,-0.529
-0.57,1.306
-0.599,-0.331
-0.572,2.912
-0.593,0.661
-0.664,2.019
-0.74,-0.17
-0.677,2.189
-0.694,1.909
-0.769,0.931
-0.759,0.16
-0.882,-0.093
-0.936,0.046
-1.096,0.845
-1.07,-0.159
-1.082,0.777
-1.164,0.153
-1.22,2.305
-1.381,2.702
-1.446,0.884
-1.47,-0.786
-1.516,1.153
-2.835,-1.103
-2.887,-1.109
-2.95,-1.3
2.984,-1.183
2.542,-1.429
2.544,-1.093
2.2,-1.393
1.948,-1.273
1.525,-1.244
1.211,-1.353
1.027,-1.357
0.965,-1.089
0.37,-1.48
0.156,-1.156
-0.224,-1.059
-0.328,-1.427
-1.478,-1.115
-1.617,3.022
-2.128,3.085
-2.601,3.029
-2.75,3.263
-2.782,2.95
-2.986,3.148
2.732,3.228
2.643,3.294
2.227,2.955
1.229,3.059
0.944,3.345
0.036,3.002
-0.054,3.181
-0.181,2.97
-0.318,3.415
-0.498,3.283
-0.655,3.259
-0.872,3.29
-0.825,2.972
-1.318,3.132
-2.273,2.44
-2.254,0.109
3.094,2.942
2.802,2.613
2.317,2.856
1.77,-0.363
0.159,2.611
-0.315,2.403
-1.359,1.598
-1.386,-0.078
-2.207,-1.462
0.384,-1.295
-0.909,-1.214
-1.016,-1.251
-1.488,-1.462
-1.502,1.747
-1.505,0.019
-1.833,0.316
-2.057,1.565
-2.198,0.501
-2.09,2.601
-2.174,1.708
-2.326,1.991
-2.223,0.695
-2.198,-0.475
-2.356,1.552
-2.388,2.396
-2.276,0.622
-2.323,1.976
-2.484,0.186
-2.388,-0.295
-2.622,1.534
-2.61,0.479
-2.5,2.94
-2.561,0.316
-2.567,1.488
-2.58,2.47
-2.709,1.312
-2.761,1.793
-2.799,1.801
-2.869,2.931
-2.878,1.503
-2.802,0.081
-2.89,2.957
-3.064,1.723
-2.993,1.706
3.066,-0.716
-3.14,0.498
3.012,0.97
2.926,0.217
3.003,0.553
2.945,0.599
2.813,0.876
2.775,2.592
2.717,1.439
2.824,2.841
2.766,0.825
2.612,1.606
2.61,0.048
2.563,1.488
2.697,2.456
2.705,1.903
2.53,-0.85
2.535,0.385
2.484,0.282
2.488,0.183
2.327,-0.73
2.425,1.329
2.391,2.236
2.192,2.629
2.205,0.763
2.221,-0.985
2.193,0.23
1.947,2.652
2.102,1.545
1.925,0.068
1.824,-1.071
1.92,1.55
1.736,0.165
1.834,2.64
1.774,-0.083
1.612,1.724
1.436,0.346
1.326,0.713
1.379,-0.65
1.05,-1.037
1.009,-0.056
0.986,0.453
0.882,2.839
0.864,1.776
0.754,1.599
0.706,0.46
0.617,1.509
0.351,-0.817
0.472,-0.806
0.39,0.062
0.285,2.729
0.336,0.113
0.347,2.308
0.314,0.019
0.211,1.175
0.055,1.694
-0.022,1.742
-0.048,0.279
-0.181,0.764
-0.151,-0.852
-0.329,1.818
-0.464,2.636
-0.455,2.46
-0.33,2.555
-0.515,2.714
-0.408,1.34
-0.631,1.645
-0.631,1.43
-0.706,2.218
-0.686,2.861
-0.87,1.038
-0.93,0.139
-1.132,0.282
-1.182,0.416
-1.249,1.191
-1.338,-0.973
-1.37,-0.749
-1.283,2.587
-1.313,1.309
-1.458,1.189
-1.367,1.754
-1.346,1.121
-1.524,-1.383
-1.846,-1.081
-2.742,-1.347
2.984,-1.311
3.089,-1.123
2.119,-1.044
1.938,-1.4
1.471,-1.354
1.326,-1.458
1.27,-1.217
-0.041,-1.295
0.082,-1.248
-0.08,-1.382
0.053,-1.19
-0.241,-1.276
-0.287,-1.16
-0.414,-1.375
-1.045,-1.143
-1.015,-1.042
-1.192,-1.217
-1.594,-1.036
-1.757,3.201
-1.883,3.313
-1.922,3.283
-2.029,3.267
-2.212,3.217
-3.097,3.03
2.654,3.096
2.421,2.925
2.079,3.224
1.732,3.161
0.86,3.166
0.635,3.218
0.286,3.087
-0.498,3.27
-0.901,2.888
-1.341,3.132
-1.527,3.033
-1.439,3.231
2.511,0.86
1.315,2.07
0.747,-0.112
0.306,0.798
0.062,2.554
-2.467,1.398
-2.65,-0.304
3.089,-0.31
2.411,0.225
0.591,2.419
0.248,1.846
0.243,1.482
-0.065,0.727
-0.42,-0.53
-0.357,1.108
-0.698,1.848
-0.724,0.411
-0.91,2.301
-0.929,2.498
-0.982,1.402
-1.672,1.308
-1.857,-0.017
2.901,1.23
1.392,1.246
0.131,-0.091
2.85,2.735
-1.754,-1.161
-0.997,-1.509
-0.002,0.785
0.001,1.786
-0.036,-0.147
-0.091,-0.644
-0.093,2.077
-0.044,0.539
-0.121,1.213
-0.165,0.498
-0.131,0.725
-0.208,0.445
-0.139,-0.866
-0.163,-0.367
-0.178,-0.482
-0.157,-0.284
-0.185,1.251
-0.41,-1.606
-0.502,-1.168
-0.558,0.667
-0.587,-0.97
-0.56,2.273
-0.581,0.022
-0.652,1.38
-0.728,-0.809
-0.665,1.55
-0.682,1.27
-0.757,0.292
-0.747,-0.479
-0.87,-0.732
-0.924,-0.593
-1.084,0.206
-1.058,-0.798
-1.07,0.138
-1.152,-0.486
-1.208,1.666
-1.369,2.063
-1.434,0.245
-1.458,-1.425
-1.504,0.514
-2.823,-1.742
-2.875,-1.748
-2.938,-1.939
2.996,-1.822
2.554,-2.068
2.556,-1.732
2.212,-2.032
1.96,-1.912
1.537,-1.883
1.223,-1.992
1.039,-1.996
0.977,-1.728
0.382,-2.119
0.168,-1.795
-0.212,-1.698
-0.316,-2.066
-1.466,-1.754
-1.605,2.383
-2.116,2.446
-2.589,2.39
-2.738,2.624
-2.77,2.311
-2.974,2.509
2.744,2.589
2.655,2.655
2.239,2.316
1.241,2.42
0.956,2.706
0.048,2.363
-0.042,2.542
-0.169,2.331
-0.306,2.776
-0.486,2.644
-0.643,2.62
-0.86,2.651
-0.813,2.333
-1.306,2.493
-2.261,1.801
-2.242,-0.53
3.106,2.303
2.814,1.974
2.329,2.217
1.782,-1.002
0.171,1.972
-0.303,1.764
-1.347,0.959
-1.374,-0.717
-2.195,-2.101
0.396,-1.934
-0.897,-1.853
-1.004,-1.89
-1.476,-2.101
-1.49,1.108
-1.493,-0.62
-1.821,-0.323
-2.045,0.926
-2.186,-0.138
-2.078,1.962
-2.162,1.069
-2.314,1.352
-2.211,0.056
-2.186,-1.114
-2.344,0.913
-2.376,1.757
-2.264,-0.017
-2.311,1.337
-2.472,-0.453
-2.376,-0.934
-2.61,0.895
-2.598,-0.16
-2.488,2.301
-2.549,-0.323
-2.555,0.849
-2.568,1.831
-2.697,0.673
-2.749,1.154
-2.787,1.162
-2.857,2.292
-2.866,0.864
-2.79,-0.558
-2.878,2.318
-3.052,1.084
-2.981,1.067
3.078,-1.355
-3.128,-0.141
3.024,0.331
2.938,-0.422
3.015,-0.086
2.957,-0.04
2.825,0.237
2.787,1.953
2.729,0.8
2.836,2.202
2.778,0.186
2.624,0.967
2.622,-0.591
2.575,0.849
2.709,1.817
2.717,1.264
2.542,-1.489
2.547,-0.254
2.496,-0.357
2.5,-0.456
2.339,-1.369
2.437,0.69
2.403,1.597
2.204,1.99
2.217,0.124
2.233,-1.624
2.205,-0.409
1.959,2.013
2.114,0.906
1.937,-0.571
1.836,-1.71
1.932,0.911
1.748,-0.474
1.846,2.001
1.786,-0.722
1.624,1.085
1.448,-0.293
1.338,0.074
1.391,-1.289
1.062,-1.676
1.021,-0.695
0.998,-0.186
0.894,2.2
0.876,1.137
0.766,0.96
0.718,-0.179
0.629,0.87
0.363,-1.456
0.484,-1.445
0.402,-0.577
0.297,2.09
0.348,-0.526
0.359,1.669
0.326,-0.62
0.223,0.536
0.067,1.055
-0.01,1.103
-0.036,-0.36
-0.169,0.125
-0.139,-1.491
-0.317,1.179
-0.452,1.997
-0.443,1.821
-0.318,1.916
-0.503,2.075
-0.396,0.701
-0.619,1.006
-0.619,0.791
-0.694,1.579
-0.674,2.222
-0.858,0.399
-0.918,-0.5
-1.12,-0.357
-1.17,-0.223
-1.237,0.552
-1.326,-1.612
-1.358,-1.388
-1.271,1.948
-1.301,0.67
-1.446,0.55
-1.355,1.115
-1.334,0.482
-1.512,-2.022
-1.834,-1.72
-2.73,-1.986
2.996,-1.95
3.101,-1.762
2.131,-1.683
1.95,-2.039
1.483,-1.993
1.338,-2.097
1.282,-1.856
-0.029,-1.934
0.094,-1.887
-0.068,-2.021
0.065,-1.829
-0.229,-1.915
-0.275,-1.799
-0.402,-2.014
-1.033,-1.782
-1.003,-1.681
-1.18,-1.856
-1.582,-1.675
-1.745,2.562
-1.871,2.674
-1.91,2.644
-2.017,2.628
-2.2,2.578
-3.085,2.391
2.666,2.457
2.433,2.286
2.091,2.585
1.744,2.522
0.872,2.527
0.647,2.579
0.298,2.448
-0.486,2.631
-0.889,2.249
-1.329,2.493
-1.515,2.394
-1.427,2.592
2.523,0.221
1.327,1.431
0.759,-0.751
0.318,0.159
0.074,1.915
-2.455,0.759
-2.638,-0.943
3.101,-0.949
2.423,-0.414
0.603,1.78
0.26,1.207
0.255,0.843
-0.053,0.088
-0.408,-1.169
-0.345,0.469
-0.686,1.209
-0.712,-0.228
-0.898,1.662
-0.917,1.859
-0.97,0.763
-1.66,0.669
-1.845,-0.656
2.913,0.591
1.404,0.607
0.143,-0.73
2.862,2.096
-1.742,-1.8
-0.985,-2.148
0.003,1.001
-0.034,-0.932
-0.089,-1.429
-0.091,1.292
-0.042,-0.246
-0.119,0.428
-0.163,-0.287
-0.129,-0.06
-0.206,-0.34
-0.137,-1.651
-0.161,-1.152
-0.176,-1.267
-0.155,-1.069
-0.183,0.466
-0.408,-2.391
-0.5,-1.953
-0.556,-0.118
-0.585,-1.755
-0.558,1.488
-0.579,-0.763
-0.65,0.595
-0.726,-1.594
-0.663,0.765
-0.68,0.485
-0.755,-0.493
-0.745,-1.264
-0.868,-1.517
-0.922,-1.378
-1.082,-0.579
-1.056,-1.583
-1.068,-0.647
-1.15,-1.271
-1.206,0.881
-1.367,1.278
-1.432,-0.54
-1.456,-2.21
-1.502,-0.271
-2.821,-2.527
-2.873,-2.533
-2.936,-2.724
2.998,-2.607
2.556,-2.853
2.558,-2.517
2.214,-2.817
1.962,-2.697
1.539,-2.668
1.225,-2.777
1.041,-2.781
0.979,-2.513
0.384,-2.904
0.17,-2.58
-0.21,-2.483
-0.314,-2.851
-1.464,-2.539
-1.603,1.598
-2.114,1.661
-2.587,1.605
-2.736,1.839
-2.768,1.526
-2.972,1.724
2.746,1.804
2.657,1.87
2.241,1.531
1.243,1.635
0.958,1.921
0.05,1.578
-0.04,1.757
-0.167,1.546
-0.304,1.991
-0.484,1.859
-0.641,1.835
-0.858,1.866
-0.811,1.548
-1.304,1.708
-2.259,1.016
-2.24,-1.315
3.108,1.518
2.816,1.189
2.331,1.432
1.784,-1.787
0.173,1.187
-0.301,0.979
-1.345,0.174
-1.372,-1.502
-2.193,-2.886
0.398,-2.719
-0.895,-2.638
-1.002,-2.675
-1.474,-2.886
-1.488,0.323
-1.491,-1.405
-1.819,-1.108
-2.043,0.141
-2.184,-0.923
-2.076,1.177
-2.16,0.284
-2.312,0.567
-2.209,-0.729
-2.184,-1.899
-2.342,0.128
-2.374,0.972
-2.262,-0.802
-2.309,0.552
-2.47,-1.238
-2.374,-1.719
-2.608,0.11
-2.596,-0.945
-2.486,1.516
-2.547,-1.108
-2.553,0.064
-2.566,1.046
-2.695,-0.112
-2.747,0.369
-2.785,0.377
-2.855,1.507
-2.864,0.079
-2.788,-1.343
-2.876,1.533
-3.05,0.299
-2.979,0.282
3.08,-2.14
-3.126,-0.926
3.026,-0.454
2.94,-1.207
3.017,-0.871
2.959,-0.825
2.827,-0.548
2.789,1.168
2.731,0.015
2.838,1.417
2.78,-0.599
2.626,0.182
2.624,-1.376
2.577,0.064
2.711,1.032
2.719,0.479
2.544,-2.274
2.549,-1.039
2.498,-1.142
2.502,-1.241
2.341,-2.154
2.439,-0.095
2.405,0.812
2.206,1.205
2.219,-0.661
2.235,-2.409
2.207,-1.194
1.961,1.228
2.116,0.121
1.939,-1.356
1.838,-2.495
1.934,0.126
1.75,-1.259
1.848,1.216
1.788,-1.507
1.626,0.3
1.45,-1.078
1.34,-0.711
1.393,-2.074
1.064,-2.461
1.023,-1.48
1.0,-0.971
0.896,1.415
0.878,0.352
0.768,0.175
0.72,-0.964
0.631,0.085
0.365,-2.241
0.486,-2.23
0.404,-1.362
0.299,1.305
0.35,-1.311
0.361,0.884
0.328,-1.405
0.225,-0.249
0.069,0.27
-0.008,0.318
-0.034,-1.145
-0.167,-0.66
-0.137,-2.276
-0.315,0.394
-0.45,1.212
-0.441,1.036
-0.316,1.131
-0.501,1.29
-0.394,-0.084
-0.617,0.221
-0.617,0.006
-0.692,0.794
-0.672,1.437
-0.856,-0.386
-0.916,-1.285
-1.118,-1.142
-1.168,-1.008
-1.235,-0.233
-1.324,-2.397
-1.356,-2.173
-1.269,1.163
-1.299,-0.115
-1.444,-0.235
-1.353,0.33
-1.332,-0.303
-1.51,-2.807
-1.832,-2.505
-2.728,-2.771
2.998,-2.735
3.103,-2.547
2.133,-2.468
1.952,-2.824
1.485,-2.778
1.34,-2.882
1.284,-2.641
-0.027,-2.719
0.096,-2.672
-0.066,-2.806
0.067,-2.614
-0.227,-2.7
-0.273,-2.584
-0.4,-2.799
-1.031,-2.567
-1.001,-2.466
-1.178,-2.641
-1.58,-2.46
-1.743,1.777
-1.869,1.889
-1.908,1.859
-2.015,1.843
-2.198,1.793
-3.083,1.606
2.668,1.672
2.435,1.501
2.093,1.8
1.746,1.737
0.874,1.742
0.649,1.794
0.3,1.663
-0.484,1.846
-0.887,1.464
-1.327,1.708
-1.513,1.609
-1.425,1.807
2.525,-0.564
1.329,0.646
0.761,-1.536
0.32,-0.626
0.076,1.13
-2.453,-0.026
-2.636,-1.728
3.103,-1.734
2.425,-1.199
0.605,0.995
0.262,0.422
0.257,0.058
-0.051,-0.697
-0.406,-1.954
-0.343,-0.316
-0.684,0.424
-0.71,-1.013
-0.896,0.877
-0.915,1.074
-0.968,-0.022
-1.658,-0.116
-1.843,-1.441
2.915,-0.194
1.406,-0.178
0.145,-1.515
2.864,1.311
-1.74,-2.585
-0.983,-2.933
-0.037,-1.933
-0.092,-2.43
-0.094,0.291
-0.045,-1.247
-0.122,-0.573
-0.166,-1.288
-0.132,-1.061
-0.209,-1.341
-0.14,-2.652
-0.164,-2.153
-0.179,-2.268
-0.158,-2.07
-0.186,-0.535
-0.411,-3.392
-0.503,-2.954
-0.559,-1.119
-0.588,-2.756
-0.561,0.487
-0.582,-1.764
-0.653,-0.406
-0.729,-2.595
-0.666,-0.236
-0.683,-0.516
-0.758,-1.494
-0.748,-2.265
-0.871,-2.518
-0.925,-2.379
-1.085,-1.58
-1.059,-2.584
-1.071,-1.648
-1.153,-2.272
-1.209,-0.12
-1.37,0.277
-1.435,-1.541
-1.459,-3.211
-1.505,-1.272
-2.824,-3.528
-2.876,-3.534
-2.939,-3.725
2.995,-3.608
2.553,-3.854
2.555,-3.518
2.211,-3.818
1.959,-3.698
1.536,-3.669
1.222,-3.778
1.038,-3.782
0.976,-3.514
0.381,-3.905
0.167,-3.581
-0.213,-3.484
-0.317,-3.852
-1.467,-3.54
-1.606,0.597
-2.117,0.66
-2.59,0.604
-2.739,0.838
-2.771,0.525
-2.975,0.723
2.743,0.803
2.654,0.869
2.238,0.53
1.24,0.634
0.955,0.92
0.047,0.577
-0.043,0.756
-0.17,0.545
-0.307,0.99
-0.487,0.858
-0.644,0.834
-0.861,0.865
-0.814,0.547
-1.307,0.707
-2.262,0.015
-2.243,-2.316
3.105,0.517
2.813,0.188
2.328,0.431
1.781,-2.788
0.17,0.186
-0.304,-0.022
-1.348,-0.827
-1.375,-2.503
-2.196,-3.887
0.395,-3.72
-0.898,-3.639
-1.005,-3.676
-1.477,-3.887
-1.491,-0.678
-1.494,-2.406
-1.822,-2.109
-2.046,-0.86
-2.187,-1.924
-2.079,0.176
-2.163,-0.717
-2.315,-0.434
-2.212,-1.73
-2.187,-2.9
-2.345,-0.873
-2.377,-0.029
-2.265,-1.803
-2.312,-0.449
-2.473,-2.239
-2.377,-2.72
-2.611,-0.891
-2.599,-1.946
-2.489,0.515
-2.55,-2.109
-2.556,-0.937
-2.569,0.045
-2.698,-1.113
-2.75,-0.632
-2.788,-0.624
-2.858,0.506
-2.867,-0.922
-2.791,-2.344
-2.879,0.532
-3.053,-0.702
-2.982,-0.719
3.077,-3.141
-3.129,-1.927
3.023,-1.455
2.937,-2.208
3.014,-1.872
2.956,-1.826
2.824,-1.549
2.786,0.167
2.728,-0.986
2.835,0.416
2.777,-1.6
2.623,-0.819
2.621,-2.377
2.574,-0.937
2.708,0.031
2.716,-0.522
2.541,-3.275
2.546,-2.04
2.495,-2.143
2.499,-2.242
2.338,-3.155
2.436,-1.096
2.402,-0.189
2.203,0.204
2.216,-1.662
2.232,-3.41
2.204,-2.195
1.958,0.227
2.113,-0.88
1.936,-2.357
1.835,-3.496
1.931,-0.875
1.747,-2.26
1.845,0.215
1.785,-2.508
1.623,-0.701
1.447,-2.079
1.337,-1.712
1.39,-3.075
1.061,-3.462
1.02,-2.481
0.997,-1.972
0.893,0.414
0.875,-0.649
0.765,-0.826
0.717,-1.965
0.628,-0.916
0.362,-3.242
0.483,-3.231
0.401,-2.363
0.296,0.304
0.347,-2.312
0.358,-0.117
0.325,-2.406
0.222,-1.25
0.066,-0.731
-0.011,-0.683
-0.037,-2.146
-0.17,-1.661
-0.14,-3.277
-0.318,-0.607
-0.453,0.211
-0.444,0.035
-0.319,0.13
-0.504,0.289
-0.397,-1.085
-0.62,-0.78
-0.62,-0.995
-0.695,-0.207
-0.675,0.436
-0.859,-1.387
-0.919,-2.286
-1.121,-2.143
-1.171,-2.009
-1.238,-1.234
-1.327,-3.398
-1.359,-3.174
-1.272,0.162
-1.302,-1.116
-1.447,-1.236
-1.356,-0.671
-1.335,-1.304
-1.513,-3.808
-1.835,-3.506
-2.731,-3.772
2.995,-3.736
3.1,-3.548
2.13,-3.469
1.949,-3.825
1.482,-3.779
1.337,-3.883
1.281,-3.642
-0.03,-3.72
0.093,-3.673
-0.069,-3.807
0.064,-3.615
-0.23,-3.701
-0.276,-3.585
-0.403,-3.8
-1.034,-3.568
-1.004,-3.467
-1.181,-3.642
-1.583,-3.461
-1.746,0.776
-1.872,0.888
-1.911,0.858
-2.018,0.842
-2.201,0.792
-3.086,0.605
2.665,0.671
2.432,0.5
2.09,0.799
1.743,0.736
0.871,0.741
0.646,0.793
0.297,0.662
-0.487,0.845
-0.89,0.463
-1.33,0.707
-1.516,0.608
-1.428,0.806
2.522,-1.565
1.326,-0.355
0.758,-2.537
0.317,-1.627
0.073,0.129
-2.456,-1.027
-2.639,-2.729
3.1,-2.735
2.422,-2.2
0.602,-0.006
0.259,-0.579
0.254,-0.943
-0.054,-1.698
-0.409,-2.955
-0.346,-1.317
-0.687,-0.577
-0.713,-2.014
-0.899,-0.124
-0.918,0.073
-0.971,-1.023
-1.661,-1.117
-1.846,-2.442
2.912,-1.195
1.403,-1.179
0.142,-2.516
2.861,0.31
-1.743,-3.586
-0.986,-3.934
-0.055,-0.497
-0.057,2.224
-0.008,0.686
-0.085,1.36
-0.129,0.645
-0.095,0.872
-0.172,0.592
-0.103,-0.719
-0.127,-0.22
-0.142,-0.335
-0.121,-0.137
-0.149,1.398
-0.374,-1.459
-0.466,-1.021
-0.522,0.814
-0.551,-0.823
-0.524,2.42
-0.545,0.169
-0.616,1.527
-0.692,-0.662
-0.629,1.697
-0.646,1.417
-0.721,0.439
-0.711,-0.332
-0.834,-0.585
-0.888,-0.446
-1.048,0.353
-1.022,-0.651
-1.034,0.285
-1.116,-0.339
-1.172,1.813
-1.333,2.21
-1.398,0.392
-1.422,-1.278
-1.468,0.661
-2.787,-1.595
-2.839,-1.601
-2.902,-1.792
3.032,-1.675
2.59,-1.921
2.592,-1.585
2.248,-1.885
1.996,-1.765
1.573,-1.736
1.259,-1.845
1.075,-1.849
1.013,-1.581
0.418,-1.972
0.204,-1.648
-0.176,-1.551
-0.28,-1.919
-1.43,-1.607
-1.569,2.53
-2.08,2.593
-2.553,2.537
-2.702,2.771
-2.734,2.458
-2.938,2.656
2.78,2.736
2.691,2.802
2.275,2.463
1.277,2.567
0.992,2.853
0.084,2.51
-0.006,2.689
-0.133,2.478
-0.27,2.923
-0.45,2.791
-0.607,2.767
-0.824,2.798
-0.777,2.48
-1.27,2.64
-2.225,1.948
-2.206,-0.383
-3.141,2.45
2.85,2.121
2.365,2.364
1.818,-0.855
0.207,2.119
-0.267,1.911
-1.311,1.106
-1.338,-0.57
-2.159,-1.954
0.432,-1.787
-0.861,-1.706
-0.968,-1.743
-1.44,-1.954
-1.454,1.255
-1.457,-0.473
-1.785,-0.176
-2.009,1.073
-2.15,0.009
-2.042,2.109
-2.126,1.216
-2.278,1.499
-2.175,0.203
-2.15,-0.967
-2.308,1.06
-2.34,1.904
-2.228,0.13
-2.275,1.484
-2.436,-0.306
-2.34,-0.787
-2.574,1.042
-2.562,-0.013
-2.452,2.448
-2.513,-0.176
-2.519,0.996
-2.532,1.978
-2.661,0.82
-2.713,1.301
-2.751,1.309
-2.821,2.439
-2.83,1.011
-2.754,-0.411
-2.842,2.465
-3.016,1.231
-2.945,1.214
3.114,-1.208
-3.092,0.006
3.06,0.478
2.974,-0.275
3.051,0.061
2.993,0.107
2.861,0.384
2.823,2.1
2.765,0.947
2.872,2.349
2.814,0.333
2.66,1.114
2.658,-0.444
2.611,0.996
2.745,1.964
2.753,1.411
2.578,-1.342
2.583,-0.107
2.532,-0.21
2.536,-0.309
2.375,-1.222
2.473,0.837
2.439,1.744
2.24,2.137
2.253,0.271
2.269,-1.477
2.241,-0.262
1.995,2.16
2.15,1.053
1.973,-0.424
1.872,-1.563
1.968,1.058
1.784,-0.327
1.882,2.148
1.822,-0.575
1.66,1.232
1.484,-0.146
1.374,0.221
1.427,-1.142
1.098,-1.529
1.057,-0.548
1.034,-0.039
0.93,2.347
0.912,1.284
0.802,1.107
0.754,-0.032
0.665,1.017
0.399,-1.309
0.52,-1.298
0.438,-0.43
0.333,2.237
0.384,-0.379
0.395,1.816
0.362,-0.473
0.259,0.683
0.103,1.202
0.026,1.25
0.0,-0.213
-0.133,0.272
-0.103,-1.344
-0.281,1.326
-0.416,2.144
-0.407,1.968
-0.282,2.063
-0.467,2.222
-0.36,0.848
-0.583,1.153
-0.583,0.938
-0.658,1.726
-0.638,2.369
-0.822,0.546
-0.882,-0.353
-1.084,-0.21
-1.134,-0.076
-1.201,0.699
-1.29,-1.465
-1.322,-1.241
-1.235,2.095
-1.265,0.817
-1.41,0.697
-1.319,1.262
-1.298,0.629
-1.476,-1.875
-1.798,-1.573
-2.694,-1.839
3.032,-1.803
3.137,-1.615
2.167,-1.536
1.986,-1.892
1.519,-1.846
1.374,-1.95
1.318,-1.709
0.007,-1.787
0.13,-1.74
-0.032,-1.874
0.101,-1.682
-0.193,-1.768
-0.239,-1.652
-0.366,-1.867
-0.997,-1.635
-0.967,-1.534
-1.144,-1.709
-1.546,-1.528
-1.709,2.709
-1.835,2.821
-1.874,2.791
-1.981,2.775
-2.164,2.725
-3.049,2.538
2.702,2.604
2.469,2.433
2.127,2.732
1.78,2.669
0.908,2.674
0.683,2.726
0.334,2.595
-0.45,2.778
-0.853,2.396
-1.293,2.64
-1.479,2.541
-1.391,2.739
2.559,0.368
1.363,1.578
0.795,-0.604
0.354,0.306
0.11,2.062
-2.419,0.906
-2.602,-0.796
3.137,-0.802
2.459,-0.267
0.639,1.927
0.296,1.354
0.291,0.99
-0.017,0.235
-0.372,-1.022
-0.309,0.616
-0.65,1.356
-0.676,-0.081
-0.862,1.809
-0.881,2.006
-0.934,0.91
-1.624,0.816
-1.809,-0.509
2.949,0.738
1.44,0.754
0.179,-0.583
2.898,2.243
-1.706,-1.653
-0.949,-2.001
-0.002,2.721
0.047,1.183
-0.03,1.857
-0.074,1.142
-0.04,1.369
-0.117,1.089
-0.048,-0.222
-0.072,0.277
-0.087,0.162
-0.066,0.36
-0.094,1.895
-0.319,-0.962
-0.411,-0.524
-0.467,1.311
-0.496,-0.326
-0.469,2.917
-0.49,0.666
-0.561,2.024
-0.637,-0.165
-0.574,2.194
-0.591,1.914
-0.666,0.936
-0.656,0.165
-0.779,-0.088
-0.833,0.051
-0.993,0.85
-0.967,-0.154
-0.979,0.782
-1.061,0.158
-1.117,2.31
-1.278,2.707
-1.343,0.889
-1.367,-0.781
-1.413,1.158
-2.732,-1.098
-2.784,-1.104
-2.847,-1.295
3.087,-1.178
2.645,-1.424
2.647,-1.088
2.303,-1.388
2.051,-1.268
1.628,-1.239
1.314,-1.348
1.13,-1.352
1.068,-1.084
0.473,-1.475
0.259,-1.151
-0.121,-1.054
-0.225,-1.422
-1.375,-1.11
-1.514,3.027
-2.025,3.09
-2.498,3.034
-2.647,3.268
-2.679,2.955
-2.883,3.153
2.835,3.233
2.746,3.299
2.33,2.96
1.332,3.064
1.047,3.35
0.139,3.007
0.049,3.186
-0.078,2.975
-0.215,3.42
-0.395,3.288
-0.552,3.264
-0.769,3.295
-0.722,2.977
-1.215,3.137
-2.17,2.445
-2.151,0.114
-3.086,2.947
2.905,2.618
2.42,2.861
1.873,-0.358
0.262,2.616
-0.212,2.408
-1.256,1.603
-1.283,-0.073
-2.104,-1.457
0.487,-1.29
-0.806,-1.209
-0.913,-1.246
-1.385,-1.457
-1.399,1.752
-1.402,0.024
-1.73,0.321
-1.954,1.57
-2.095,0.506
-1.987,2.606
-2.071,1.713
-2.223,1.996
-2.12,0.7
-2.095,-0.47
-2.253,1.557
-2.285,2.401
-2.173,0.627
-2.22,1.981
-2.381,0.191
-2.285,-0.29
-2.519,1.539
-2.507,0.484
-2.397,2.945
-2.458,0.321
-2.464,1.493
-2.477,2.475
-2.606,1.317
-2.658,1.798
-2.696,1.806
-2.766,2.936
-2.775,1.508
-2.699,0.086
-2.787,2.962
-2.961,1.728
-2.89,1.711
-3.114,-0.711
-3.037,0.503
3.115,0.975
3.029,0.222
3.106,0.558
3.048,0.604
2.916,0.881
2.878,2.597
2.82,1.444
2.927,2.846
2.869,0.83
2.715,1.611
2.713,0.053
2.666,1.493
2.8,2.461
2.808,1.908
2.633,-0.845
2.638,0.39
2.587,0.287
2.591,0.188
2.43,-0.725
2.528,1.334
2.494,2.241
2.295,2.634
2.308,0.768
2.324,-0.98
2.296,0.235
2.05,2.657
2.205,1.55
2.028,0.073
1.927,-1.066
2.023,1.555
1.839,0.17
1.937,2.645
1.877,-0.078
1.715,1.729
1.539,0.351
1.429,0.718
1.482,-0.645
1.153,-1.032
1.112,-0.051
1.089,0.458
0.985,2.844
0.967,1.781
0.857,1.604
0.809,0.465
0.72,1.514
0.454,-0.812
0.575,-0.801
0.493,0.067
0.388,2.734
0.439,0.118
0.45,2.313
0.417,0.024
0.314,1.18
0.158,1.699
0.081,1.747
0.055,0.284
-0.078,0.769
-0.048,-0.847
-0.226,1.823
-0.361,2.641
-0.352,2.465
-0.227,2.56
-0.412,2.719
-0.305,1.345
-0.528,1.65
-0.528,1.435
-0.603,2.223
-0.583,2.866
-0.767,1.043
-0.827,0.144
-1.029,0.287
-1.079,0.421
-1.146,1.196
-1.235,-0.968
-1.267,-0.744
-1.18,2.592
-1.21,1.314
-1.355,1.194
-1.264,1.759
-1.243,1.126
-1.421,-1.378
-1.743,-1.076
-2.639,-1.342
3.087,-1.306
-3.091,-1.118
2.222,-1.039
2.041,-1.395
1.574,-1.349
1.429,-1.453
1.373,-1.212
0.062,-1.29
0.185,-1.243
0.023,-1.377
0.156,-1.185
-0.138,-1.271
-0.184,-1.155
-0.311,-1.37
-0.942,-1.138
-0.912,-1.037
-1.089,-1.212
-1.491,-1.031
-1.654,3.206
-1.78,3.318
-1.819,3.288
-1.926,3.272
-2.109,3.222
-2.994,3.035
2.757,3.101
2.524,2.93
2.182,3.229
1.835,3.166
0.963,3.171
0.738,3.223
0.389,3.092
-0.395,3.275
-0.798,2.893
-1.238,3.137
-1.424,3.038
-1.336,3.236
2.614,0.865
1.418,2.075
0.85,-0.107
0.409,0.803
0.165,2.559
-2.364,1.403
-2.547,-0.299
-3.091,-0.305
2.514,0.23
0.694,2.424
0.351,1.851
0.346,1.487
0.038,0.732
-0.317,-0.525
-0.254,1.113
-0.595,1.853
-0.621,0.416
-0.807,2.306
-0.826,2.503
-0.879,1.407
-1.569,1.313
-1.754,-0.012
3.004,1.235
1.495,1.251
0.234,-0.086
2.953,2.74
-1.651,-1.156
-0.894,-1.504
0.049,-1.538
-0.028,-0.864
-0.072,-1.579
-0.038,-1.352
-0.115,-1.632
-0.046,-2.943
-0.07,-2.444
-0.085,-2.559
-0.064,-2.361
-0.092,-0.826
-0.317,-3.683
-0.409,-3.245
-0.465,-1.41
-0.494,-3.047
-0.467,0.196
-0.488,-2.055
-0.559,-0.697
-0.635,-2.886
-0.572,-0.527
-0.589,-0.807
-0.664,-1.785
-0.654,-2.556
-0.777,-2.809
-0.831,-2.67
-0.991,-1.871
-0.965,-2.875
-0.977,-1.939
-1.059,-2.563
-1.115,-0.411
-1.276,-0.014
-1.341,-1.832
-1.365,-3.502
-1.411,-1.563
-2.73,-3.819
-2.782,-3.825
-2.845,-4.016
3.089,-3.899
2.647,-4.145
2.649,-3.809
2.305,-4.109
2.053,-3.989
1.63,-3.96
1.316,-4.069
1.132,-4.073
1.07,-3.805
0.475,-4.196
0.261,-3.872
-0.119,-3.775
-0.223,-4.143
-1.373,-3.831
-1.512,0.306
-2.023,0.369
-2.496,0.313
-2.645,0.547
-2.677,0.234
-2.881,0.432
2.837,0.512
2.748,0.578
2.332,0.239
1.334,0.343
1.049,0.629
0.141,0.286
0.051,0.465
-0.076,0.254
-0.213,0.699
-0.393,0.567
-0.55,0.543
-0.767,0.574
-0.72,0.256
-1.213,0.416
-2.168,-0.276
-2.149,-2.607
-3.084,0.226
2.907,-0.103
2.422,0.14
1.875,-3.079
0.264,-0.105
-0.21,-0.313
-1.254,-1.118
-1.281,-2.794
-2.102,-4.178
0.489,-4.011
-0.804,-3.93
-0.911,-3.967
-1.383,-4.178
-1.397,-0.969
-1.4,-2.697
-1.728,-2.4
-1.952,-1.151
-2.093,-2.215
-1.985,-0.115
-2.069,-1.008
-2.221,-0.725
-2.118,-2.021
-2.093,-3.191
-2.251,-1.164
-2.283,-0.32
-2.171,-2.094
-2.218,-0.74
-2.379,-2.53
-2.283,-3.011
-2.517,-1.182
-2.505,-2.237
-2.395,0.224
-2.456,-2.4
-2.462,-1.228
-2.475,-0.246
-2.604,-1.404
-2.656,-0.923
-2.694,-0.915
-2.764,0.215
-2.773,-1.213
-2.697,-2.635
-2.785,0.241
-2.959,-0.993
-2.888,-1.01
-3.112,-3.432
-3.035,-2.218
3.117,-1.746
3.031,-2.499
3.108,-2.163
3.05,-2.117
2.918,-1.84
2.88,-0.124
2.822,-1.277
2.929,0.125
2.871,-1.891
2.717,-1.11
2.715,-2.668
2.668,-1.228
2.802,-0.26
2.81,-0.813
2.635,-3.566
2.64,-2.331
2.589,-2.434
2.593,-2.533
2.432,-3.446
2.53,-1.387
2.496,-0.48
2.297,-0.087
2.31,-1.953
2.326,-3.701
2.298,-2.486
2.052,-0.064
2.207,-1.171
2.03,-2.648
1.929,-3.787
2.025,-1.166
1.841,-2.551
1.939,-0.076
1.879,-2.799
1.717,-0.992
1.541,-2.37
1.431,-2.003
1.484,-3.366
1.155,-3.753
1.114,-2.772
1.091,-2.263
0.987,0.123
0.969,-0.94
0.859,-1.117
0.811,-2.256
0.722,-1.207
0.456,-3.533
0.577,-3.522
0.495,-2.654
0.39,0.013
0.441,-2.603
0.452,-0.408
0.419,-2.697
0.316,-1.541
0.16,-1.022
0.083,-0.974
0.057,-2.437
-0.076,-1.952
-0.046,-3.568
-0.224,-0.898
-0.359,-0.08
-0.35,-0.256
-0.225,-0.161
-0.41,-0.002
-0.303,-1.376
-0.526,-1.071
-0.526,-1.286
-0.601,-0.498
-0.581,0.145
-0.765,-1.678
-0.825,-2.577
-1.027,-2.434
-1.077,-2.3
-1.144,-1.525
-1.233,-3.689
-1.265,-3.465
-1.178,-0.129
-1.208,-1.407
-1.353,-1.527
-1.262,-0.962
-1.241,-1.595
-1.419,-4.099
-1.741,-3.797
-2.637,-4.063
3.089,-4.027
-3.089,-3.839
2.224,-3.76
2.043,-4.116
1.576,-4.07
1.431,-4.174
1.375,-3.933
0.064,-4.011
0.187,-3.964
0.025,-4.098
0.158,-3.906
-0.136,-3.992
-0.182,-3.876
-0.309,-4.091
-0.94,-3.859
-0.91,-3.758
-1.087,-3.933
-1.489,-3.752
-1.652,0.485
-1.778,0.597
-1.817,0.567
-1.924,0.551
-2.107,0.501
-2.992,0.314
2.759,0.38
2.526,0.209
2.184,0.508
1.837,0.445
0.965,0.45
0.74,0.502
0.391,0.371
-0.393,0.554
-0.796,0.172
-1.236,0.416
-1.422,0.317
-1.334,0.515
2.616,-1.856
1.42,-0.646
0.852,-2.828
0.411,-1.918
0.167,-0.162
-2.362,-1.318
-2.545,-3.02
-3.089,-3.026
2.516,-2.491
0.696,-0.297
0.353,-0.87
0.348,-1.234
0.04,-1.989
-0.315,-3.246
-0.252,-1.608
-0.593,-0.868
-0.619,-2.305
-0.805,-0.415
-0.824,-0.218
-0.877,-1.314
-1.567,-1.408
-1.752,-2.733
3.006,-1.486
1.497,-1.47
0.236,-2.807
2.955,0.019
-1.649,-3.877
-0.892,-4.225
-0.077,0.674
-0.121,-0.041
-0.087,0.186
-0.164,-0.094
-0.095,-1.405
-0.119,-0.906
-0.134,-1.021
-0.113,-0.823
-0.141,0.712
-0.366,-2.145
-0.458,-1.707
-0.514,0.128
-0.543,-1.509
-0.516,1.734
-0.537,-0.517
-0.608,0.841
-0.684,-1.348
-0.621,1.011
-0.638,0.731
-0.713,-0.247
-0.703,-1.018
-0.826,-1.271
-0.88,-1.132
-1.04,-0.333
-1.014,-1.337
-1.026,-0.401
-1.108,-1.025
-1.164,1.127
-1.325,1.524
-1.39,-0.294
-1.414,-1.964
-1.46,-0.025
-2.779,-2.281
-2.831,-2.287
-2.894,-2.478
3.04,-2.361
2.598,-2.607
2.6,-2.271
2.256,-2.571
2.004,-2.451
1.581,-2.422
1.267,-2.531
1.083,-2.535
1.021,-2.267
0.426,-2.658
0.212,-2.334
-0.168,-2.237
-0.272,-2.605
-1.422,-2.293
-1.561,1.844
-2.072,1.907
-2.545,1.851
-2.694,2.085
-2.726,1.772
-2.93,1.97
2.788,2.05
2.699,2.116
2.283,1.777
1.285,1.881
1.0,2.167
0.092,1.824
0.002,2.003
-0.125,1.792
-0.262,2.237
-0.442,2.105
-0.599,2.081
-0.816,2.112
-0.769,1.794
-1.262,1.954
-2.217,1.262
-2.198,-1.069
-3.133,1.764
2.858,1.435
2.373,1.678
1.826,-1.541
0.215,1.433
-0.259,1.225
-1.303,0.42
-1.33,-1.256
-2.151,-2.64
0.44,-2.473
-0.853,-2.392
-0.96,-2.429
-1.432,-2.64
-1.446,0.569
-1.449,-1.159
-1.777,-0.862
-2.001,0.387
-2.142,-0.677
-2.034,1.423
-2.118,0.53
-2.27,0.813
-2.167,-0.483
-2.142,-1.653
-2.3,0.374
-2.332,1.218
-2.22,-0.556
-2.267,0.798
-2.428,-0.992
-2.332,-1.473
-2.566,0.356
-2.554,-0.699
-2.444,1.762
-2.505,-0.862
-2.511,0.31
-2.524,1.292
-2.653,0.134
-2.705,0.615
-2.743,0.623
-2.813,1.753
-2.822,0.325
-2.746,-1.097
-2.834,1.779
-3.008,0.545
-2.937,0.528
3.122,-1.894
-3.084,-0.68
3.068,-0.208
2.982,-0.961
3.059,-0.625
3.001,-0.579
2.869,-0.302
2.831,1.414
2.773,0.261
2.88,1.663
2.822,-0.353
2.668,0.428
2.666,-1.13
2.619,0.31
2.753,1.278
2.761,0.725
2.586,-2.028
2.591,-0.793
2.54,-0.896
2.544,-0.995
2.383,-1.908
2.481,0.151
2.447,1.058
2.248,1.451
2.261,-0.415
2.277,-2.163
2.249,-0.948
2.003,1.474
2.158,0.367
1.981,-1.11
1.88,-2.249
1.976,0.372
1.792,-1.013
1.89,1.462
1.83,-1.261
1.668,0.546
1.492,-0.832
1.382,-0.465
1.435,-1.828
1.106,-2.215
1.065,-1.234
1.042,-0.725
0.938,1.661
0.92,0.598
0.81,0.421
0.762,-0.718
0.673,0.331
0.407,-1.995
0.528,-1.984
0.446,-1.116
0.341,1.551
0.392,-1.065
0.403,1.13
0.37,-1.159
0.267,-0.003
0.111,0.516
0.034,0.564
0.008,-0.899
-0.125,-0.414
-0.095,-2.03
-0.273,0.64
-0.408,1.458
-0.399,1.282
-0.274,1.377
-0.459,1.536
-0.352,0.162
-0.575,0.467
-0.575,0.252
-0.65,1.04
-0.63,1.683
-0.814,-0.14
-0.874,-1.039
-1.076,-0.896
-1.126,-0.762
-1.193,0.013
-1.282,-2.151
-1.314,-1.927
-1.227,1.409
-1.257,0.131
-1.402,0.011
-1.311,0.576
-1.29,-0.057
-1.468,-2.561
-1.79,-2.259
-2.686,-2.525
3.04,-2.489
-3.138,-2.301
2.175,-2.222
1.994,-2.578
1.527,-2.532
1.382,-2.636
1.326,-2.395
0.015,-2.473
0.138,-2.426
-0.024,-2.56
0.109,-2.368
-0.185,-2.454
-0.231,-2.338
-0.358,-2.553
-0.989,-2.321
-0.959,-2.22
-1.136,-2.395
-1.538,-2.214
-1.701,2.023
-1.827,2.135
-1.866,2.105
-1.973,2.089
-2.156,2.039
-3.041,1.852
2.71,1.918
2.477,1.747
2.135,2.046
1.788,1.983
0.916,1.988
0.691,2.04
0.342,1.909
-0.442,2.092
-0.845,1.71
-1.285,1.954
-1.471,1.855
-1.383,2.053
2.567,-0.318
1.371,0.892
0.803,-1.29
0.362,-0.38
0.118,1.376
-2.411,0.22
-2.594,-1.482
-3.138,-1.488
2.467,-0.953
0.647,1.241
0.304,0.668
0.299,0.304
-0.009,-0.451
-0.364,-1.708
-0.301,-0.07
-0.642,0.67
-0.668,-0.767
-0.854,1.123
-0.873,1.32
-0.926,0.224
-1.616,0.13
-1.801,-1.195
2.957,0.052
1.448,0.068
0.187,-1.269
2.906,1.557
-1.698,-2.339
-0.941,-2.687
-0.044,-0.715
-0.01,-0.488
-0.087,-0.768
-0.018,-2.079
-0.042,-1.58
-0.057,-1.695
-0.036,-1.497
-0.064,0.038
-0.289,-2.819
-0.381,-2.381
-0.437,-0.546
-0.466,-2.183
-0.439,1.06
-0.46,-1.191
-0.531,0.167
-0.607,-2.022
-0.544,0.337
-0.561,0.057
-0.636,-0.921
-0.626,-1.692
-0.749,-1.945
-0.803,-1.806
-0.963,-1.007
-0.937,-2.011
-0.949,-1.075
-1.031,-1.699
-1.087,0.453
-1.248,0.85
-1.313,-0.968
-1.337,-2.638
-1.383,-0.699
-2.702,-2.955
-2.754,-2.961
-2.817,-3.152
3.117,-3.035
2.675,-3.281
2.677,-2.945
2.333,-3.245
2.081,-3.125
1.658,-3.096
1.344,-3.205
1.16,-3.209
1.098,-2.941
0.503,-3.332
0.289,-3.008
-0.091,-2.911
-0.195,-3.279
-1.345,-2.967
-1.484,1.17
-1.995,1.233
-2.468,1.177
-2.617,1.411
-2.649,1.098
-2.853,1.296
2.865,1.376
2.776,1.442
2.36,1.103
1.362,1.207
1.077,1.493
0.169,1.15
0.079,1.329
-0.048,1.118
-0.185,1.563
-0.365,1.431
-0.522,1.407
-0.739,1.438
-0.692,1.12
-1.185,1.28
-2.14,0.588
-2.121,-1.743
-3.056,1.09
2.935,0.761
2.45,1.004
1.903,-2.215
0.292,0.759
-0.182,0.551
-1.226,-0.254
-1.253,-1.93
-2.074,-3.314
0.517,-3.147
-0.776,-3.066
-0.883,-3.103
-1.355,-3.314
-1.369,-0.105
-1.372,-1.833
-1.7,-1.536
-1.924,-0.287
-2.065,-1.351
-1.957,0.749
-2.041,-0.144
-2.193,0.139
-2.09,-1.157
-2.065,-2.327
-2.223,-0.3
-2.255,0.544
-2.143,-1.23
-2.19,0.124
-2.351,-1.666
-2.255,-2.147
-2.489,-0.318
-2.477,-1.373
-2.367,1.088
-2.428,-1.536
-2.434,-0.364
-2.447,0.618
-2.576,-0.54
-2.628,-0.059
-2.666,-0.051
-2.736,1.079
-2.745,-0.349
-2.669,-1.771
-2.757,1.105
-2.931,-0.129
-2.86,-0.146
-3.084,-2.568
-3.007,-1.354
-3.138,-0.882
3.059,-1.635
3.136,-1.299
3.078,-1.253
2.946,-0.976
2.908,0.74
2.85,-0.413
2.957,0.989
2.899,-1.027
2.745,-0.246
2.743,-1.804
2.696,-0.364
2.83,0.604
2.838,0.051
2.663,-2.702
2.668,-1.467
2.617,-1.57
2.621,-1.669
2.46,-2.582
2.558,-0.523
2.524,0.384
2.325,0.777
2.338,-1.089
2.354,-2.837
2.326,-1.622
2.08,0.8
2.235,-0.307
2.058,-1.784
1.957,-2.923
2.053,-0.302
1.869,-1.687
1.967,0.788
1.907,-1.935
1.745,-0.128
1.569,-1.506
1.459,-1.139
1.512,-2.502
1.183,-2.889
1.142,-1.908
1.119,-1.399
1.015,0.987
0.997,-0.076
0.887,-0.253
0.839,-1.392
0.75,-0.343
0.484,-2.669
0.605,-2.658
0.523,-1.79
0.418,0.877
0.469,-1.739
0.48,0.456
0.447,-1.833
0.344,-0.677
0.188,-0.158
0.111,-0.11
0.085,-1.573
-0.048,-1.088
-0.018,-2.704
-0.196,-0.034
-0.331,0.784
-0.322,0.608
-0.197,0.703
-0.382,0.862
-0.275,-0.512
-0.498,-0.207
-0.498,-0.422
-0.573,0.366
-0.553,1.009
-0.737,-0.814
-0.797,-1.713
-0.999,-1.57
-1.049,-1.436
-1.116,-0.661
-1.205,-2.825
-1.237,-2.601
-1.15,0.735
-1.18,-0.543
-1.325,-0.663
-1.234,-0.098
-1.213,-0.731
-1.391,-3.235
-1.713,-2.933
-2.609,-3.199
3.117,-3.163
-3.061,-2.975
2.252,-2.896
2.071,-3.252
1.604,-3.206
1.459,-3.31
1.403,-3.069
0.092,-3.147
0.215,-3.1
0.053,-3.234
0.186,-3.042
-0.108,-3.128
-0.154,-3.012
-0.281,-3.227
-0.912,-2.995
-0.882,-2.894
-1.059,-3.069
-1.461,-2.888
-1.624,1.349
-1.75,1.461
-1.789,1.431
-1.896,1.415
-2.079,1.365
-2.964,1.178
2.787,1.244
2.554,1.073
2.212,1.372
1.865,1.309
0.993,1.314
0.768,1.366
0.419,1.235
-0.365,1.418
-0.768,1.036
-1.208,1.28
-1.394,1.181
-1.306,1.379
2.644,-0.992
1.448,0.218
0.88,-1.964
0.439,-1.054
0.195,0.702
-2.334,-0.454
-2.517,-2.156
-3.061,-2.162
2.544,-1.627
0.724,0.567
0.381,-0.006
0.376,-0.37
0.068,-1.125
-0.287,-2.382
-0.224,-0.744
-0.565,-0.004
-0.591,-1.441
-0.777,0.449
-0.796,0.646
-0.849,-0.45
-1.539,-0.544
-1.724,-1.869
3.034,-0.622
1.525,-0.606
0.264,-1.943
2.983,0.883
-1.621,-3.013
-0.864,-3.361
0.034,0.227
-0.043,-0.053
0.026,-1.364
0.002,-0.865
-0.013,-0.98
0.008,-0.782
-0.02,0.753
-0.245,-2.104
-0.337,-1.666
-0.393,0.169
-0.422,-1.468
-0.395,1.775
-0.416,-0.476
-0.487,0.882
-0.563,-1.307
-0.5,1.052
-0.517,0.772
-0.592,-0.206
-0.582,-0.977
-0.705,-1.23
-0.759,-1.091
-0.919,-0.292
-0.893,-1.296
-0.905,-0.36
-0.987,-0.984
-1.043,1.168
-1.204,1.565
-1.269,-0.253
-1.293,-1.923
-1.339,0.016
-2.658,-2.24
-2.71,-2.246
-2.773,-2.437
-3.122,-2.32
2.719,-2.566
2.721,-2.23
2.377,-2.53
2.125,-2.41
1.702,-2.381
1.388,-2.49
1.204,-2.494
1.142,-2.226
0.547,-2.617
0.333,-2.293
-0.047,-2.196
-0.151,-2.564
-1.301,-2.252
-1.44,1.885
-1.951,1.948
-2.424,1.892
-2.573,2.126
-2.605,1.813
-2.809,2.011
2.909,2.091
2.82,2.157
2.404,1.818
1.406,1.922
1.121,2.208
0.213,1.865
0.123,2.044
-0.004,1.833
-0.141,2.278
-0.321,2.146
-0.478,2.122
-0.695,2.153
-0.648,1.835
-1.141,1.995
-2.096,1.303
-2.077,-1.028
-3.012,1.805
2.979,1.476
2.494,1.719
1.947,-1.5
0.336,1.474
-0.138,1.266
-1.182,0.461
-1.209,-1.215
-2.03,-2.599
0.561,-2.432
-0.732,-2.351
-0.839,-2.388
-1.311,-2.599
-1.325,0.61
-1.328,-1.118
-1.656,-0.821
-1.88,0.428
-2.021,-0.636
-1.913,1.464
-1.997,0.571
-2.149,0.854
-2.046,-0.442
-2.021,-1.612
-2.179,0.415
-2.211,1.259
-2.099,-0.515
-2.146,0.839
-2.307,-0.951
-2.211,-1.432
-2.445,0.397
-2.433,-0.658
-2.323,1.803
-2.384,-0.821
-2.39,0.351
-2.403,1.333
-2.532,0.175
-2.584,0.656
-2.622,0.664
-2.692,1.794
-2.701,0.366
-2.625,-1.056
-2.713,1.82
-2.887,0.586
-2.816,0.569
-3.04,-1.853
-2.963,-0.639
-3.094,-0.167
3.103,-0.92
-3.103,-0.584
3.122,-0.538
2.99,-0.261
2.952,1.455
2.894,0.302
3.001,1.704
2.943,-0.312
2.789,0.469
2.787,-1.089
2.74,0.351
2.874,1.319
2.882,0.766
2.707,-1.987
2.712,-0.752
2.661,-0.855
2.665,-0.954
2.504,-1.867
2.602,0.192
2.568,1.099
2.369,1.492
2.382,-0.374
2.398,-2.122
2.37,-0.907
2.124,1.515
2.279,0.408
2.102,-1.069
2.001,-2.208
2.097,0.413
1.913,-0.972
2.011,1.503
1.951,-1.22
1.789,0.587
1.613,-0.791
1.503,-0.424
1.556,-1.787
1.227,-2.174
1.186,-1.193
1.163,-0.684
1.059,1.702
1.041,0.639
0.931,0.462
0.883,-0.677
0.794,0.372
0.528,-1.954
0.649,-1.943
0.567,-1.075
0.462,1.592
0.513,-1.024
0.524,1.171
0.491,-1.118
0.388,0.038
0.232,0.557
0.155,0.605
0.129,-0.858
-0.004,-0.373
0.026,-1.989
-0.152,0.681
-0.287,1.499
-0.278,1.323
-0.153,1.418
-0.338,1.577
-0.231,0.203
-0.454,0.508
-0.454,0.293
-0.529,1.081
-0.509,1.724
-0.693,-0.099
-0.753,-0.998
-0.955,-0.855
-1.005,-0.721
-1.072,0.054
-1.161,-2.11
-1.193,-1.886
-1.106,1.45
-1.136,0.172
-1.281,0.052
-1.19,0.617
-1.169,-0.016
-1.347,-2.52
-1.669,-2.218
-2.565,-2.484
-3.122,-2.448
-3.017,-2.26
2.296,-2.181
2.115,-2.537
1.648,-2.491
1.503,-2.595
1.447,-2.354
0.136,-2.432
0.259,-2.385
0.097,-2.519
0.23,-2.327
-0.064,-2.413
-0.11,-2.297
-0.237,-2.512
-0.868,-2.28
-0.838,-2.179
-1.015,-2.354
-1.417,-2.173
-1.58,2.064
-1.706,2.176
-1.745,2.146
-1.852,2.13
-2.035,2.08
-2.92,1.893
2.831,1.959
2.598,1.788
2.256,2.087
1.909,2.024
1.037,2.029
0.812,2.081
0.463,1.95
-0.321,2.133
-0.724,1.751
-1.164,1.995
-1.35,1.896
-1.262,2.094
2.688,-0.277
1.492,0.933
0.924,-1.249
0.483,-0.339
0.239,1.417
-2.29,0.261
-2.473,-1.441
-3.017,-1.447
2.588,-0.912
0.768,1.282
0.425,0.709
0.42,0.345
0.112,-0.41
-0.243,-1.667
-0.18,-0.029
-0.521,0.711
-0.547,-0.726
-0.733,1.164
-0.752,1.361
-0.805,0.265
-1.495,0.171
-1.68,-1.154
3.078,0.093
1.569,0.109
0.308,-1.228
3.027,1.598
-1.577,-2.298
-0.82,-2.646
-0.077,-0.28
-0.008,-1.591
-0.032,-1.092
-0.047,-1.207
-0.026,-1.009
-0.054,0.526
-0.279,-2.331
-0.371,-1.893
-0.427,-0.058
-0.456,-1.695
-0.429,1.548
-0.45,-0.703
-0.521,0.655
-0.597,-1.534
-0.534,0.825
-0.551,0.545
-0.626,-0.433
-0.616,-1.204
-0.739,-1.457
-0.793,-1.318
-0.953,-0.519
-0.927,-1.523
-0.939,-0.587
-1.021,-1.211
-1.077,0.941
-1.238,1.338
-1.303,-0.48
-1.327,-2.15
-1.373,-0.211
-2.692,-2.467
-2.744,-2.473
-2.807,-2.664
3.127,-2.547
2.685,-2.793
2.687,-2.457
2.343,-2.757
2.091,-2.637
1.668,-2.608
1.354,-2.717
1.17,-2.721
1.108,-2.453
0.513,-2.844
0.299,-2.52
-0.081,-2.423
-0.185,-2.791
-1.335,-2.479
-1.474,1.658
-1.985,1.721
-2.458,1.665
-2.607,1.899
-2.639,1.586
-2.843,1.784
2.875,1.864
2.786,1.93
2.37,1.591
1.372,1.695
1.087,1.981
0.179,1.638
0.089,1.817
-0.038,1.606
-0.175,2.051
-0.355,1.919
-0.512,1.895
-0.729,1.926
-0.682,1.608
-1.175,1.768
-2.13,1.076
-2.111,-1.255
-3.046,1.578
2.945,1.249
2.46,1.492
1.913,-1.727
0.302,1.247
-0.172,1.039
-1.216,0.234
-1.243,-1.442
-2.064,-2.826
0.527,-2.659
-0.766,-2.578
-0.873,-2.615
-1.345,-2.826
-1.359,0.383
-1.362,-1.345
-1.69,-1.048
-1.914,0.201
-2.055,-0.863
-1.947,1.237
-2.031,0.344
-2.183,0.627
-2.08,-0.669
-2.055,-1.839
-2.213,0.188
-2.245,1.032
-2.133,-0.742
-2.18,0.612
-2.341,-1.178
-2.245,-1.659
-2.479,0.17
-2.467,-0.885
-2.357,1.576
-2.418,-1.048
-2.424,0.124
-2.437,1.106
-2.566,-0.052
-2.618,0.429
-2.656,0.437
-2.726,1.567
-2.735,0.139
-2.659,-1.283
-2.747,1.593
-2.921,0.359
-2.85,0.342
-3.074,-2.08
-2.997,-0.866
-3.128,-0.394
3.069,-1.147
-3.137,-0.811
3.088,-0.765
2.956,-0.488
2.918,1.228
2.86,0.075
2.967,1.477
2.909,-0.539
2.755,0.242
2.753,-1.316
2.706,0.124
2.84,1.092
2.848,0.539
2.673,-2.214
2.678,-0.979
2.627,-1.082
2.631,-1.181
2.47,-2.094
2.568,-0.035
2.534,0.872
2.335,1.265
2.348,-0.601
2.364,-2.349
2.336,-1.134
2.09,1.288
2.245,0.181
2.068,-1.296
1.967,-2.435
2.063,0.186
1.879,-1.199
1.977,1.276
1.917,-1.447
1.755,0.36
1.579,-1.018
1.469,-0.651
1.522,-2.014
1.193,-2.401
1.152,-1.42
1.129,-0.911
1.025,1.475
1.007,0.412
0.897,0.235
0.849,-0.904
0.76,0.145
0.494,-2.181
0.615,-2.17
0.533,-1.302
0.428,1.365
0.479,-1.251
0.49,0.944
0.457,-1.345
0.354,-0.189
0.198,0.33
0.121,0.378
0.095,-1.085
-0.038,-0.6
-0.008,-2.216
-0.186,0.454
-0.321,1.272
-0.312,1.096
-0.187,1.191
-0.372,1.35
-0.265,-0.024
-0.488,0.281
-0.488,0.066
-0.563,0.854
-0.543,1.497
-0.727,-0.326
-0.787,-1.225
-0.989,-1.082
-1.039,-0.948
-1.106,-0.173
-1.195,-2.337
-1.227,-2.113
-1.14,1.223
-1.17,-0.055
-1.315,-0.175
-1.224,0.39
-1.203,-0.243
-1.381,-2.747
-1.703,-2.445
-2.599,-2.711
3.127,-2.675
-3.051,-2.487
2.262,-2.408
2.081,-2.764
1.614,-2.718
1.469,-2.822
1.413,-2.581
0.102,-2.659
0.225,-2.612
0.063,-2.746
0.196,-2.554
-0.098,-2.64
-0.144,-2.524
-0.271,-2.739
-0.902,-2.507
-0.872,-2.406
-1.049,-2.581
-1.451,-2.4
-1.614,1.837
-1.74,1.949
-1.779,1.919
-1.886,1.903
-2.069,1.853
-2.954,1.666
2.797,1.732
2.564,1.561
2.222,1.86
1.875,1.797
1.003,1.802
0.778,1.854
0.429,1.723
-0.355,1.906
-0.758,1.524
-1.198,1.768
-1.384,1.669
-1.296,1.867
2.654,-0.504
1.458,0.706
0.89,-1.476
0.449,-0.566
0.205,1.19
-2.324,0.034
-2.507,-1.668
-3.051,-1.674
2.554,-1.139
0.734,1.055
0.391,0.482
0.386,0.118
0.078,-0.637
-0.277,-1.894
-0.214,-0.256
-0.555,0.484
-0.581,-0.953
-0.767,0.937
-0.786,1.134
-0.839,0.038
-1.529,-0.056
-1.714,-1.381
3.044,-0.134
1.535,-0.118
0.274,-1.455
2.993,1.371
-1.611,-2.525
-0.854,-2.873
0.069,-1.311
0.045,-0.812
0.03,-0.927
0.051,-0.729
0.023,0.806
-0.202,-2.051
-0.294,-1.613
-0.35,0.222
-0.379,-1.415
-0.352,1.828
-0.373,-0.423
-0.444,0.935
-0.52,-1.254
-0.457,1.105
-0.474,0.825
-0.549,-0.153
-0.539,-0.924
-0.662,-1.177
-0.716,-1.038
-0.876,-0.239
-0.85,-1.243
-0.862,-0.307
-0.944,-0.931
-1.0,1.221
-1.161,1.618
-1.226,-0.2
-1.25,-1.87
-1.296,0.069
-2.615,-2.187
-2.667,-2.193
-2.73,-2.384
-3.079,-2.267
2.762,-2.513
2.764,-2.177
2.42,-2.477
2.168,-2.357
1.745,-2.328
1.431,-2.437
1.247,-2.441
1.185,-2.173
0.59,-2.564
0.376,-2.24
-0.004,-2.143
-0.108,-2.511
-1.258,-2.199
-1.397,1.938
-1.908,2.001
-2.381,1.945
-2.53,2.179
-2.562,1.866
-2.766,2.064
2.952,2.144
2.863,2.21
2.447,1.871
1.449,1.975
1.164,2.261
0.256,1.918
0.166,2.097
0.039,1.886
-0.098,2.331
-0.278,2.199
-0.435,2.175
-0.652,2.206
-0.605,1.888
-1.098,2.048
-2.053,1.356
-2.034,-0.975
-2.969,1.858
3.022,1.529
2.537,1.772
1.99,-1.447
0.379,1.527
-0.095,1.319
-1.139,0.514
-1.166,-1.162
-1.987,-2.546
0.604,-2.379
-0.689,-2.298
-0.796,-2.335
-1.268,-2.546
-1.282,0.663
-1.285,-1.065
-1.613,-0.768
-1.837,0.481
-1.978,-0.583
-1.87,1.517
-1.954,0.624
-2.106,0.907
-2.003,-0.389
-1.978,-1.559
-2.136,0.468
-2.168,1.312
-2.056,-0.462
-2.103,0.892
-2.264,-0.898
-2.168,-1.379
-2.402,0.45
-2.39,-0.605
-2.28,1.856
-2.341,-0.768
-2.347,0.404
-2.36,1.386
-2.489,0.228
-2.541,0.709
-2.579,0.717
-2.649,1.847
-2.658,0.419
-2.582,-1.003
-2.67,1.873
-2.844,0.639
-2.773,0.622
-2.997,-1.8
-2.92,-0.586
-3.051,-0.114
-3.137,-0.867
-3.06,-0.531
-3.118,-0.485
3.033,-0.208
2.995,1.508
2.937,0.355
3.044,1.757
2.986,-0.259
2.832,0.522
2.83,-1.036
2.783,0.404
2.917,1.372
2.925,0.819
2.75,-1.934
2.755,-0.699
2.704,-0.802
2.708,-0.901
2.547,-1.814
2.645,0.245
2.611,1.152
2.412,1.545
2.425,-0.321
2.441,-2.069
2.413,-0.854
2.167,1.568
2.322,0.461
2.145,-1.016
2.044,-2.155
2.14,0.466
1.956,-0.919
2.054,1.556
1.994,-1.167
1.832,0.64
1.656,-0.738
1.546,-0.371
1.599,-1.734
1.27,-2.121
1.229,-1.14
1.206,-0.631
1.102,1.755
1.084,0.692
0.974,0.515
0.926,-0.624
0.837,0.425
0.571,-1.901
0.692,-1.89
0.61,-1.022
0.505,1.645
0.556,-0.971
0.567,1.224
0.534,-1.065
0.431,0.091
0.275,0.61
0.198,0.658
0.172,-0.805
0.039,-0.32
0.069,-1.936
-0.109,0.734
-0.244,1.552
-0.235,1.376
-0.11,1.471
-0.295,1.63
-0.188,0.256
-0.411,0.561
-0.411,0.346
-0.486,1.134
-0.466,1.777
-0.65,-0.046
-0.71,-0.945
-0.912,-0.802
-0.962,-0.668
-1.029,0.107
-1.118,-2.057
-1.15,-1.833
-1.063,1.503
-1.093,0.225
-1.238,0.105
-1.147,0.67
-1.126,0.037
-1.304,-2.467
-1.626,-2.165
-2.522,-2.431
-3.079,-2.395
-2.974,-2.207
2.339,-2.128
2.158,-2.484
1.691,-2.438
1.546,-2.542
1.49,-2.301
0.179,-2.379
0.302,-2.332
0.14,-2.466
0.273,-2.274
-0.021,-2.36
-0.067,-2.244
-0.194,-2.459
-0.825,-2.227
-0.795,-2.126
-0.972,-2.301
-1.374,-2.12
-1.537,2.117
-1.663,2.229
-1.702,2.199
-1.809,2.183
-1.992,2.133
-2.877,1.946
2.874,2.012
2.641,1.841
2.299,2.14
1.952,2.077
1.08,2.082
0.855,2.134
0.506,2.003
-0.278,2.186
-0.681,1.804
-1.121,2.048
-1.307,1.949
-1.219,2.147
2.731,-0.224
1.535,0.986
0.967,-1.196
0.526,-0.286
0.282,1.47
-2.247,0.314
-2.43,-1.388
-2.974,-1.394
2.631,-0.859
0.811,1.335
0.468,0.762
0.463,0.398
0.155,-0.357
-0.2,-1.614
-0.137,0.024
-0.478,0.764
-0.504,-0.673
-0.69,1.217
-0.709,1.414
-0.762,0.318
-1.452,0.224
-1.637,-1.101
3.121,0.146
1.612,0.162
0.351,-1.175
3.07,1.651
-1.534,-2.245
-0.777,-2.593
-0.024,0.499
-0.039,0.384
-0.018,0.582
-0.046,2.117
-0.271,-0.74
-0.363,-0.302
-0.419,1.533
-0.448,-0.104
-0.421,3.139
-0.442,0.888
-0.513,2.246
-0.589,0.057
-0.526,2.416
-0.543,2.136
-0.618,1.158
-0.608,0.387
-0.731,0.134
-0.785,0.273
-0.945,1.072
-0.919,0.068
-0.931,1.004
-1.013,0.38
-1.069,2.532
-1.23,2.929
-1.295,1.111
-1.319,-0.559
-1.365,1.38
-2.684,-0.876
-2.736,-0.882
-2.799,-1.073
3.135,-0.956
2.693,-1.202
2.695,-0.866
2.351,-1.166
2.099,-1.046
1.676,-1.017
1.362,-1.126
1.178,-1.13
1.116,-0.862
0.521,-1.253
0.307,-0.929
-0.073,-0.832
-0.177,-1.2
-1.327,-0.888
-1.466,3.249
-1.977,3.312
-2.45,3.256
-2.599,3.49
-2.631,3.177
-2.835,3.375
2.883,3.455
2.794,3.521
2.378,3.182
1.38,3.286
1.095,3.572
0.187,3.229
0.097,3.408
-0.03,3.197
-0.167,3.642
-0.347,3.51
-0.504,3.486
-0.721,3.517
-0.674,3.199
-1.167,3.359
-2.122,2.667
-2.103,0.336
-3.038,3.169
2.953,2.84
2.468,3.083
1.921,-0.136
0.31,2.838
-0.164,2.63
-1.208,1.825
-1.235,0.149
-2.056,-1.235
0.535,-1.068
-0.758,-0.987
-0.865,-1.024
-1.337,-1.235
-1.351,1.974
-1.354,0.246
-1.682,0.543
-1.906,1.792
-2.047,0.728
-1.939,2.828
-2.023,1.935
-2.175,2.218
-2.072,0.922
-2.047,-0.248
-2.205,1.779
-2.237,2.623
-2.125,0.849
-2.172,2.203
-2.333,0.413
-2.237,-0.068
-2.471,1.761
-2.459,0.706
-2.349,3.167
-2.41,0.543
-2.416,1.715
-2.429,2.697
-2.558,1.539
-2.61,2.02
-2.648,2.028
-2.718,3.158
-2.727,1.73
-2.651,0.308
-2.739,3.184
-2.913,1.95
-2.842,1.933
-3.066,-0.489
-2.989,0.725
-3.12,1.197
3.077,0.444
-3.129,0.78
3.096,0.826
2.964,1.103
2.926,2.819
2.868,1.666
2.975,3.068
2.917,1.052
2.763,1.833
2.761,0.275
2.714,1.715
2.848,2.683
2.856,2.13
2.681,-0.623
2.686,0.612
2.635,0.509
2.639,0.41
2.478,-0.503
2.576,1.556
2.542,2.463
2.343,2.856
2.356,0.99
2.372,-0.758
2.344,0.457
2.098,2.879
2.253,1.772
2.076,0.295
1.975,-0.844
2.071,1.777
1.887,0.392
1.985,2.867
1.925,0.144
1.763,1.951
1.587,0.573
1.477,0.94
1.53,-0.423
1.201,-0.81
1.16,0.171
1.137,0.68
1.033,3.066
1.015,2.003
0.905,1.826
0.857,0.687
0.768,1.736
0.502,-0.59
0.623,-0.579
0.541,0.289
0.436,2.956
0.487,0.34
0.498,2.535
0.465,0.246
0.362,1.402
0.206,1.921
0.129,1.969
0.103,0.506
-0.03,0.991
0.0,-0.625
-0.178,2.045
-0.313,2.863
-0.304,2.687
-0.179,2.782
-0.364,2.941
-0.257,1.567
-0.48,1.872
-0.48,1.657
-0.555,2.445
-0.535,3.088
-0.719,1.265
-0.779,0.366
-0.981,0.509
-1.031,0.643
-1.098,1.418
-1.187,-0.746
-1.219,-0.522
-1.132,2.814
-1.162,1.536
-1.307,1.416
-1.216,1.981
-1.195,1.348
-1.373,-1.156
-1.695,-0.854
-2.591,-1.12
3.135,-1.084
-3.043,-0.896
2.27,-0.817
2.089,-1.173
1.622,-1.127
1.477,-1.231
1.421,-0.99
0.11,-1.068
0.233,-1.021
0.071,-1.155
0.204,-0.963
-0.09,-1.049
-0.136,-0.933
-0.263,-1.148
-0.894,-0.916
-0.864,-0.815
-1.041,-0.99
-1.443,-0.809
-1.606,3.428
-1.732,3.54
-1.771,3.51
-1.878,3.494
-2.061,3.444
-2.946,3.257
2.805,3.323
2.572,3.152
2.23,3.451
1.883,3.388
1.011,3.393
0.786,3.445
0.437,3.314
-0.347,3.497
-0.75,3.115
-1.19,3.359
-1.376,3.26
-1.288,3.458
2.662,1.087
1.466,2.297
0.898,0.115
0.457,1.025
0.213,2.781
-2.316,1.625
-2.499,-0.077
-3.043,-0.083
2.562,0.452
0.742,2.646
0.399,2.073
0.394,1.709
0.086,0.954
-0.269,-0.303
-0.206,1.335
-0.547,2.075
-0.573,0.638
-0.759,2.528
-0.778,2.725
-0.831,1.629
-1.521,1.535
-1.706,0.21
3.052,1.457
1.543,1.473
0.282,0.136
3.001,2.962
-1.603,-0.934
-0.846,-1.282
-0.015,-0.115
0.006,0.083
-0.022,1.618
-0.247,-1.239
-0.339,-0.801
-0.395,1.034
-0.424,-0.603
-0.397,2.64
-0.418,0.389
-0.489,1.747
-0.565,-0.442
-0.502,1.917
-0.519,1.637
-0.594,0.659
-0.584,-0.112
-0.707,-0.365
-0.761,-0.226
-0.921,0.573
-0.895,-0.431
-0.907,0.505
-0.989,-0.119
-1.045,2.033
-1.206,2.43
-1.271,0.612
-1.295,-1.058
-1.341,0.881
-2.66,-1.375
-2.712,-1.381
-2.775,-1.572
-3.124,-1.455
2.717,-1.701
2.719,-1.365
2.375,-1.665
2.123,-1.545
1.7,-1.516
1.386,-1.625
1.202,-1.629
1.14,-1.361
0.545,-1.752
0.331,-1.428
-0.049,-1.331
-0.153,-1.699
-1.303,-1.387
-1.442,2.75
-1.953,2.813
-2.426,2.757
-2.575,2.991
-2.607,2.678
-2.811,2.876
2.907,2.956
2.818,3.022
2.402,2.683
1.404,2.787
1.119,3.073
0.211,2.73
0.121,2.909
-0.006,2.698
-0.143,3.143
-0.323,3.011
-0.48,2.987
-0.697,3.018
-0.65,2.7
-1.143,2.86
-2.098,2.168
-2.079,-0.163
-3.014,2.67
2.977,2.341
2.492,2.584
1.945,-0.635
0.334,2.339
-0.14,2.131
-1.184,1.326
-1.211,-0.35
-2.032,-1.734
0.559,-1.567
-0.734,-1.486
-0.841,-1.523
-1.313,-1.734
-1.327,1.475
-1.33,-0.253
-1.658,0.044
-1.882,1.293
-2.023,0.229
-1.915,2.329
-1.999,1.436
-2.151,1.719
-2.048,0.423
-2.023,-0.747
-2.181,1.28
-2.213,2.124
-2.101,0.35
-2.148,1.704
-2.309,-0.086
-2.213,-0.567
-2.447,1.262
-2.435,0.207
-2.325,2.668
-2.386,0.044
-2.392,1.216
-2.405,2.198
-2.534,1.04
-2.586,1.521
-2.624,1.529
-2.694,2.659
-2.703,1.231
-2.627,-0.191
-2.715,2.685
-2.889,1.451
-2.818,1.434
-3.042,-0.988
-2.965,0.226
-3.096,0.698
3.101,-0.055
-3.105,0.281
3.12,0.327
2.988,0.604
2.95,2.32
2.892,1.167
2.999,2.569
2.941,0.553
2.787,1.334
2.785,-0.224
2.738,1.216
2.872,2.184
2.88,1.631
2.705,-1.122
2.71,0.113
2.659,0.01
2.663,-0.089
2.502,-1.002
2.6,1.057
2.566,1.964
2.367,2.357
2.38,0.491
2.396,-1.257
2.368,-0.042
2.122,2.38
2.277,1.273
2.1,-0.204
1.999,-1.343
2.095,1.278
1.911,-0.107
2.009,2.368
1.949,-0.355
1.787,1.452
1.611,0.074
1.501,0.441
1.554,-0.922
1.225,-1.309
1.184,-0.328
1.161,0.181
1.057,2.567
1.039,1.504
0.929,1.327
0.881,0.188
0.792,1.237
0.526,-1.089
0.647,-1.078
0.565,-0.21
0.46,2.457
0.511,-0.159
0.522,2.036
0.489,-0.253
0.386,0.903
0.23,1.422
0.153,1.47
0.127,0.007
-0.006,0.492
0.024,-1.124
-0.154,1.546
-0.289,2.364
-0.28,2.188
-0.155,2.283
-0.34,2.442
-0.233,1.068
-0.456,1.373
-0.456,1.158
-0.531,1.946
-0.511,2.589
-0.695,0.766
-0.755,-0.133
-0.957,0.01
-1.007,0.144
-1.074,0.919
-1.163,-1.245
-1.195,-1.021
-1.108,2.315
-1.138,1.037
-1.283,0.917
-1.192,1.482
-1.171,0.849
-1.349,-1.655
-1.671,-1.353
-2.567,-1.619
-3.124,-1.583
-3.019,-1.395
2.294,-1.316
2.113,-1.672
1.646,-1.626
1.501,-1.73
1.445,-1.489
0.134,-1.567
0.257,-1.52
0.095,-1.654
0.228,-1.462
-0.066,-1.548
-0.112,-1.432
-0.239,-1.647
-0.87,-1.415
-0.84,-1.314
-1.017,-1.489
-1.419,-1.308
-1.582,2.929
-1.708,3.041
-1.747,3.011
-1.854,2.995
-2.037,2.945
-2.922,2.758
2.829,2.824
2.596,2.653
2.254,2.952
1.907,2.889
1.035,2.894
0.81,2.946
0.461,2.815
-0.323,2.998
-0.726,2.616
-1.166,2.86
-1.352,2.761
-1.264,2.959
2.686,0.588
1.49,1.798
0.922,-0.384
0.481,0.526
0.237,2.282
-2.292,1.126
-2.475,-0.576
-3.019,-0.582
2.586,-0.047
0.766,2.147
0.423,1.574
0.418,1.21
0.11,0.455
-0.245,-0.802
-0.182,0.836
-0.523,1.576
-0.549,0.139
-0.735,2.029
-0.754,2.226
-0.807,1.13
-1.497,1.036
-1.682,-0.289
3.076,0.958
1.567,0.974
0.306,-0.363
3.025,2.463
-1.579,-1.433
-0.822,-1.781
0.021,0.198
-0.007,1.733
-0.232,-1.124
-0.324,-0.686
-0.38,1.149
-0.409,-0.488
-0.382,2.755
-0.403,0.504
-0.474,1.862
-0.55,-0.327
-0.487,2.032
-0.504,1.752
-0.579,0.774
-0.569,0.003
-0.692,-0.25
-0.746,-0.111
-0.906,0.688
-0.88,-0.316
-0.892,0.62
-0.974,-0.004
-1.03,2.148
-1.191,2.545
-1.256,0.727
-1.28,-0.943
-1.326,0.996
-2.645,-1.26
-2.697,-1.266
-2.76,-1.457
-3.109,-1.34
2.732,-1.586
2.734,-1.25
2.39,-1.55
2.138,-1.43
1.715,-1.401
1.401,-1.51
1.217,-1.514
1.155,-1.246
0.56,-1.637
0.346,-1.313
-0.034,-1.216
-0.138,-1.584
-1.288,-1.272
-1.427,2.865
-1.938,2.928
-2.411,2.872
-2.56,3.106
-2.592,2.793
-2.796,2.991
2.922,3.071
2.833,3.137
2.417,2.798
1.419,2.902
1.134,3.188
0.226,2.845
0.136,3.024
0.009,2.813
-0.128,3.258
-0.308,3.126
-0.465,3.102
-0.682,3.133
-0.635,2.815
-1.128,2.975
-2.083,2.283
-2.064,-0.048
-2.999,2.785
2.992,2.456
2.507,2.699
1.96,-0.52
0.349,2.454
-0.125,2.246
-1.169,1.441
-1.196,-0.235
-2.017,-1.619
0.574,-1.452
-0.719,-1.371
-0.826,-1.408
-1.298,-1.619
-1.312,1.59
-1.315,-0.138
-1.643,0.159
-1.867,1.408
-2.008,0.344
-1.9,2.444
-1.984,1.551
-2.136,1.834
-2.033,0.538
-2.008,-0.632
-2.166,1.395
-2.198,2.239
-2.086,0.465
-2.133,1.819
-2.294,0.029
-2.198,-0.452
-2.432,1.377
-2.42,0.322
-2.31,2.783
-2.371,0.159
-2.377,1.331
-2.39,2.313
-2.519,1.155
-2.571,1.636
-2.609,1.644
-2.679,2.774
-2.688,1.346
-2.612,-0.076
-2.7,2.8
-2.874,1.566
-2.803,1.549
-3.027,-0.873
-2.95,0.341
-3.081,0.813
3.116,0.06
-3.09,0.396
3.135,0.442
3.003,0.719
2.965,2.435
2.907,1.282
3.014,2.684
2.956,0.668
2.802,1.449
2.8,-0.109
2.753,1.331
2.887,2.299
2.895,1.746
2.72,-1.007
2.725,0.228
2.674,0.125
2.678,0.026
2.517,-0.887
2.615,1.172
2.581,2.079
2.382,2.472
2.395,0.606
2.411,-1.142
2.383,0.073
2.137,2.495
2.292,1.388
2.115,-0.089
2.014,-1.228
2.11,1.393
1.926,0.008
2.024,2.483
1.964,-0.24
1.802,1.567
1.626,0.189
1.516,0.556
1.569,-0.807
1.24,-1.194
1.199,-0.213
1.176,0.296
1.072,2.682
1.054,1.619
0.944,1.442
0.896,0.303
0.807,1.352
0.541,-0.974
0.662,-0.963
0.58,-0.095
0.475,2.572
0.526,-0.044
0.537,2.151
0.504,-0.138
0.401,1.018
0.245,1.537
0.168,1.585
0.142,0.122
0.009,0.607
0.039,-1.009
-0.139,1.661
-0.274,2.479
-0.265,2.303
-0.14,2.398
-0.325,2.557
-0.218,1.183
-0.441,1.488
-0.441,1.273
-0.516,2.061
-0.496,2.704
-0.68,0.881
-0.74,-0.018
-0.942,0.125
-0.992,0.259
-1.059,1.034
-1.148,-1.13
-1.18,-0.906
-1.093,2.43
-1.123,1.152
-1.268,1.032
-1.177,1.597
-1.156,0.964
-1.334,-1.54
-1.656,-1.238
-2.552,-1.504
-3.109,-1.468
-3.004,-1.28
2.309,-1.201
2.128,-1.557
1.661,-1.511
1.516,-1.615
1.46,-1.374
0.149,-1.452
0.272,-1.405
0.11,-1.539
0.243,-1.347
-0.051,-1.433
-0.097,-1.317
-0.224,-1.532
-0.855,-1.3
-0.825,-1.199
-1.002,-1.374
-1.404,-1.193
-1.567,3.044
-1.693,3.156
-1.732,3.126
-1.839,3.11
-2.022,3.06
-2.907,2.873
2.844,2.939
2.611,2.768
2.269,3.067
1.922,3.004
1.05,3.009
0.825,3.061
0.476,2.93
-0.308,3.113
-0.711,2.731
-1.151,2.975
-1.337,2.876
-1.249,3.074
2.701,0.703
1.505,1.913
0.937,-0.269
0.496,0.641
0.252,2.397
-2.277,1.241
-2.46,-0.461
-3.004,-0.467
2.601,0.068
0.781,2.262
0.438,1.689
0.433,1.325
0.125,0.57
-0.23,-0.687
-0.167,0.951
-0.508,1.691
-0.534,0.254
-0.72,2.144
-0.739,2.341
-0.792,1.245
-1.482,1.151
-1.667,-0.174
3.091,1.073
1.582,1.089
0.321,-0.248
3.04,2.578
-1.564,-1.318
-0.807,-1.666
-0.028,1.535
-0.253,-1.322
-0.345,-0.884
-0.401,0.951
-0.43,-0.686
-0.403,2.557
-0.424,0.306
-0.495,1.664
-0.571,-0.525
-0.508,1.834
-0.525,1.554
-0.6,0.576
-0.59,-0.195
-0.713,-0.448
-0.767,-0.309
-0.927,0.49
-0.901,-0.514
-0.913,0.422
-0.995,-0.202
-1.051,1.95
-1.212,2.347
-1.277,0.529
-1.301,-1.141
-1.347,0.798
-2.666,-1.458
-2.718,-1.464
-2.781,-1.655
-3.13,-1.538
2.711,-1.784
2.713,-1.448
2.369,-1.748
2.117,-1.628
1.694,-1.599
1.38,-1.708
1.196,-1.712
1.134,-1.444
0.539,-1.835
0.325,-1.511
-0.055,-1.414
-0.159,-1.782
-1.309,-1.47
-1.448,2.667
-1.959,2.73
-2.432,2.674
-2.581,2.908
-2.613,2.595
-2.817,2.793
2.901,2.873
2.812,2.939
2.396,2.6
1.398,2.704
1.113,2.99
0.205,2.647
0.115,2.826
-0.012,2.615
-0.149,3.06
-0.329,2.928
-0.486,2.904
-0.703,2.935
-0.656,2.617
-1.149,2.777
-2.104,2.085
-2.085,-0.246
-3.02,2.587
2.971,2.258
2.486,2.501
1.939,-0.718
0.328,2.256
-0.146,2.048
-1.19,1.243
-1.217,-0.433
-2.038,-1.817
0.553,-1.65
-0.74,-1.569
-0.847,-1.606
-1.319,-1.817
-1.333,1.392
-1.336,-0.336
-1.664,-0.039
-1.888,1.21
-2.029,0.146
-1.921,2.246
-2.005,1.353
-2.157,1.636
-2.054,0.34
-2.029,-0.83
-2.187,1.197
-2.219,2.041
-2.107,0.267
-2.154,1.621
-2.315,-0.169
-2.219,-0.65
-2.453,1.179
-2.441,0.124
-2.331,2.585
-2.392,-0.039
-2.398,1.133
-2.411,2.115
-2.54,0.957
-2.592,1.438
-2.63,1.446
-2.7,2.576
-2.709,1.148
-2.633,-0.274
-2.721,2.602
-2.895,1.368
-2.824,1.351
-3.048,-1.071
-2.971,0.143
-3.102,0.615
3.095,-0.138
-3.111,0.198
3.114,0.244
2.982,0.521
2.944,2.237
2.886,1.084
2.993,2.486
2.935,0.47
2.781,1.251
2.779,-0.307
2.732,1.133
2.866,2.101
2.874,1.548
2.699,-1.205
2.704,0.03
2.653,-0.073
2.657,-0.172
2.496,-1.085
2.594,0.974
2.56,1.881
2.361,2.274
2.374,0.408
2.39,-1.34
2.362,-0.125
2.116,2.297
2.271,1.19
2.094,-0.287
1.993,-1.426
2.089,1.195
1.905,-0.19
2.003,2.285
1.943,-0.438
1.781,1.369
1.605,-0.009
1.495,0.358
1.548,-1.005
1.219,-1.392
1.178,-0.411
1.155,0.098
1.051,2.484
1.033,1.421
0.923,1.244
0.875,0.105
0.786,1.154
0.52,-1.172
0.641,-1.161
0.559,-0.293
0.454,2.374
0.505,-0.242
0.516,1.953
0.483,-0.336
0.38,0.82
0.224,1.339
0.147,1.387
0.121,-0.076
-0.012,0.409
0.018,-1.207
-0.16,1.463
-0.295,2.281
-0.286,2.105
-0.161,2.2
-0.346,2.359
-0.239,0.985
-0.462,1.29
-0.462,1.075
-0.537,1.863
-0.517,2.506
-0.701,0.683
-0.761,-0.216
-0.963,-0.073
-1.013,0.061
-1.08,0.836
-1.169,-1.328
-1.201,-1.104
-1.114,2.232
-1.144,0.954
-1.289,0.834
-1.198,1.399
-1.177,0.766
-1.355,-1.738
-1.677,-1.436
-2.573,-1.702
-3.13,-1.666
-3.025,-1.478
2.288,-1.399
2.107,-1.755
1.64,-1.709
1.495,-1.813
1.439,-1.572
0.128,-1.65
0.251,-1.603
0.089,-1.737
0.222,-1.545
-0.072,-1.631
-0.118,-1.515
-0.245,-1.73
-0.876,-1.498
-0.846,-1.397
-1.023,-1.572
-1.425,-1.391
-1.588,2.846
-1.714,2.958
-1.753,2.928
-1.86,2.912
-2.043,2.862
-2.928,2.675
2.823,2.741
2.59,2.57
2.248,2.869
1.901,2.806
1.029,2.811
0.804,2.863
0.455,2.732
-0.329,2.915
-0.732,2.533
-1.172,2.777
-1.358,2.678
-1.27,2.876
2.68,0.505
1.484,1.715
0.916,-0.467
0.475,0.443
0.231,2.199
-2.298,1.043
-2.481,-0.659
-3.025,-0.665
2.58,-0.13
0.76,2.064
0.417,1.491
0.412,1.127
0.104,0.372
-0.251,-0.885
-0.188,0.753
-0.529,1.493
-0.555,0.056
-0.741,1.946
-0.76,2.143
-0.813,1.047
-1.503,0.953
-1.688,-0.372
3.07,0.875
1.561,0.891
0.3,-0.446
3.019,2.38
-1.585,-1.516
-0.828,-1.864
-0.225,-2.857
-0.317,-2.419
-0.373,-0.584
-0.402,-2.221
-0.375,1.022
-0.396,-1.229
-0.467,0.129
-0.543,-2.06
-0.48,0.299
-0.497,0.019
-0.572,-0.959
-0.562,-1.73
-0.685,-1.983
-0.739,-1.844
-0.899,-1.045
-0.873,-2.049
-0.885,-1.113
-0.967,-1.737
-1.023,0.415
-1.184,0.812
-1.249,-1.006
-1.273,-2.676
-1.319,-0.737
-2.638,-2.993
-2.69,-2.999
-2.753,-3.19
-3.102,-3.073
2.739,-3.319
2.741,-2.983
2.397,-3.283
2.145,-3.163
1.722,-3.134
1.408,-3.243
1.224,-3.247
1.162,-2.979
0.567,-3.37
0.353,-3.046
-0.027,-2.949
-0.131,-3.317
-1.281,-3.005
-1.42,1.132
-1.931,1.195
-2.404,1.139
-2.553,1.373
-2.585,1.06
-2.789,1.258
2.929,1.338
2.84,1.404
2.424,1.065
1.426,1.169
1.141,1.455
0.233,1.112
0.143,1.291
0.016,1.08
-0.121,1.525
-0.301,1.393
-0.458,1.369
-0.675,1.4
-0.628,1.082
-1.121,1.242
-2.076,0.55
-2.057,-1.781
-2.992,1.052
2.999,0.723
2.514,0.966
1.967,-2.253
0.356,0.721
-0.118,0.513
-1.162,-0.292
-1.189,-1.968
-2.01,-3.352
0.581,-3.185
-0.712,-3.104
-0.819,-3.141
-1.291,-3.352
-1.305,-0.143
-1.308,-1.871
-1.636,-1.574
-1.86,-0.325
-2.001,-1.389
-1.893,0.711
-1.977,-0.182
-2.129,0.101
-2.026,-1.195
-2.001,-2.365
-2.159,-0.338
-2.191,0.506
-2.079,-1.268
-2.126,0.086
-2.287,-1.704
-2.191,-2.185
-2.425,-0.356
-2.413,-1.411
-2.303,1.05
-2.364,-1.574
-2.37,-0.402
-2.383,0.58
-2.512,-0.578
-2.564,-0.097
-2.602,-0.089
-2.672,1.041
-2.681,-0.387
-2.605,-1.809
-2.693,1.067
-2.867,-0.167
-2.796,-0.184
-3.02,-2.606
-2.943,-1.392
-3.074,-0.92
3.123,-1.673
-3.083,-1.337
-3.141,-1.291
3.01,-1.014
2.972,0.702
2.914,-0.451
3.021,0.951
2.963,-1.065
2.809,-0.284
2.807,-1.842
2.76,-0.402
2.894,0.566
2.902,0.013
2.727,-2.74
2.732,-1.505
2.681,-1.608
2.685,-1.707
2.524,-2.62
2.622,-0.561
2.588,0.346
2.389,0.739
2.402,-1.127
2.418,-2.875
2.39,-1.66
2.144,0.762
2.299,-0.345
2.122,-1.822
2.021,-2.961
2.117,-0.34
1.933,-1.725
2.031,0.75
1.971,-1.973
1.809,-0.166
1.633,-1.544
1.523,-1.177
1.576,-2.54
1.247,-2.927
1.206,-1.946
1.183,-1.437
1.079,0.949
1.061,-0.114
0.951,-0.291
0.903,-1.43
0.814,-0.381
0.548,-2.707
0.669,-2.696
0.587,-1.828
0.482,0.839
0.533,-1.777
0.544,0.418
0.511,-1.871
0.408,-0.715
0.252,-0.196
0.175,-0.148
0.149,-1.611
0.016,-1.126
0.046,-2.742
-0.132,-0.072
-0.267,0.746
-0.258,0.57
-0.133,0.665
-0.318,0.824
-0.211,-0.55
-0.434,-0.245
-0.434,-0.46
-0.509,0.328
-0.489,0.971
-0.673,-0.852
-0.733,-1.751
-0.935,-1.608
-0.985,-1.474
-1.052,-0.699
-1.141,-2.863
-1.173,-2.639
-1.086,0.697
-1.116,-0.581
-1.261,-0.701
-1.17,-0.136
-1.149,-0.769
-1.327,-3.273
-1.649,-2.971
-2.545,-3.237
-3.102,-3.201
-2.997,-3.013
2.316,-2.934
2.135,-3.29
1.668,-3.244
1.523,-3.348
1.467,-3.107
0.156,-3.185
0.279,-3.138
0.117,-3.272
0.25,-3.08
-0.044,-3.166
-0.09,-3.05
-0.217,-3.265
-0.848,-3.033
-0.818,-2.932
-0.995,-3.107
-1.397,-2.926
-1.56,1.311
-1.686,1.423
-1.725,1.393
-1.832,1.377
-2.015,1.327
-2.9,1.14
2.851,1.206
2.618,1.035
2.276,1.334
1.929,1.271
1.057,1.276
0.832,1.328
0.483,1.197
-0.301,1.38
-0.704,0.998
-1.144,1.242
-1.33,1.143
-1.242,1.341
2.708,-1.03
1.512,0.18
0.944,-2.002
0.503,-1.092
0.259,0.664
-2.27,-0.492
-2.453,-2.194
-2.997,-2.2
2.608,-1.665
0.788,0.529
0.445,-0.044
0.44,-0.408
0.132,-1.163
-0.223,-2.42
-0.16,-0.782
-0.501,-0.042
-0.527,-1.479
-0.713,0.411
-0.732,0.608
-0.785,-0.488
-1.475,-0.582
-1.66,-1.907
3.098,-0.66
1.589,-0.644
0.328,-1.981
3.047,0.845
-1.557,-3.051
-0.8,-3.399
-0.092,0.438
-0.148,2.273
-0.177,0.636
-0.15,3.879
-0.171,1.628
-0.242,2.986
-0.318,0.797
-0.255,3.156
-0.272,2.876
-0.347,1.898
-0.337,1.127
-0.46,0.874
-0.514,1.013
-0.674,1.812
-0.648,0.808
-0.66,1.744
-0.742,1.12
-0.798,3.272
-0.959,3.669
-1.024,1.851
-1.048,0.181
-1.094,2.12
-2.413,-0.136
-2.465,-0.142
-2.528,-0.333
-2.877,-0.216
2.964,-0.462
2.966,-0.126
2.622,-0.426
2.37,-0.306
1.947,-0.277
1.633,-0.386
1.449,-0.39
1.387,-0.122
0.792,-0.513
0.578,-0.189
0.198,-0.092
0.094,-0.46
-1.056,-0.148
-1.195,3.989
-1.706,4.052
-2.179,3.996
-2.328,4.23
-2.36,3.917
-2.564,4.115
-3.129,4.195
3.065,4.261
2.649,3.922
1.651,4.026
1.366,4.312
0.458,3.969
0.368,4.148
0.241,3.937
0.104,4.382
-0.076,4.25
-0.233,4.226
-0.45,4.257
-0.403,3.939
-0.896,4.099
-1.851,3.407
-1.832,1.076
-2.767,3.909
-3.059,3.58
2.739,3.823
2.192,0.604
0.581,3.578
0.107,3.37
-0.937,2.565
-0.964,0.889
-1.785,-0.495
0.806,-0.328
-0.487,-0.247
-0.594,-0.284
-1.066,-0.495
-1.08,2.714
-1.083,0.986
-1.411,1.283
-1.635,2.532
-1.776,1.468
-1.668,3.568
-1.752,2.675
-1.904,2.958
-1.801,1.662
-1.776,0.492
-1.934,2.519
-1.966,3.363
-1.854,1.589
-1.901,2.943
-2.062,1.153
-1.966,0.672
-2.2,2.501
-2.188,1.446
-2.078,3.907
-2.139,1.283
-2.145,2.455
-2.158,3.437
-2.287,2.279
-2.339,2.76
-2.377,2.768
-2.447,3.898
-2.456,2.47
-2.38,1.048
-2.468,3.924
-2.642,2.69
-2.571,2.673
-2.795,0.251
-2.718,1.465
-2.849,1.937
-2.935,1.184
-2.858,1.52
-2.916,1.566
-3.048,1.843
-3.086,3.559
3.139,2.406
-3.037,3.808
-3.095,1.792
3.034,2.573
3.032,1.015
2.985,2.455
3.119,3.423
3.127,2.87
2.952,0.117
2.957,1.352
2.906,1.249
2.91,1.15
2.749,0.237
2.847,2.296
2.813,3.203
2.614,3.596
2.627,1.73
2.643,-0.018
2.615,1.197
2.369,3.619
2.524,2.512
2.347,1.035
2.246,-0.104
2.342,2.517
2.158,1.132
2.256,3.607
2.196,0.884
2.034,2.691
1.858,1.313
1.748,1.68
1.801,0.317
1.472,-0.07
1.431,0.911
1.408,1.42
1.304,3.806
1.286,2.743
1.176,2.566
1.128,1.427
1.039,2.476
0.773,0.15
0.894,0.161
0.812,1.029
0.707,3.696
0.758,1.08
0.769,3.275
0.736,0.986
0.633,2.142
0.477,2.661
0.4,2.709
0.374,1.246
0.241,1.731
0.271,0.115
0.093,2.785
-0.042,3.603
-0.033,3.427
0.092,3.522
-0.093,3.681
0.014,2.307
-0.209,2.612
-0.209,2.397
-0.284,3.185
-0.264,3.828
-0.448,2.005
-0.508,1.106
-0.71,1.249
-0.76,1.383
-0.827,2.158
-0.916,-0.006
-0.948,0.218
-0.861,3.554
-0.891,2.276
-1.036,2.156
-0.945,2.721
-0.924,2.088
-1.102,-0.416
-1.424,-0.114
-2.32,-0.38
-2.877,-0.344
-2.772,-0.156
2.541,-0.077
2.36,-0.433
1.893,-0.387
1.748,-0.491
1.692,-0.25
0.381,-0.328
0.504,-0.281
0.342,-0.415
0.475,-0.223
0.181,-0.309
0.135,-0.193
0.008,-0.408
-0.623,-0.176
-0.593,-0.075
-0.77,-0.25
-1.172,-0.069
-1.335,4.168
-1.461,4.28
-1.5,4.25
-1.607,4.234
-1.79,4.184
-2.675,3.997
3.076,4.063
2.843,3.892
2.501,4.191
2.154,4.128
1.282,4.133
1.057,4.185
0.708,4.054
-0.076,4.237
-0.479,3.855
-0.919,4.099
-1.105,4.0
-1.017,4.198
2.933,1.827
1.737,3.037
1.169,0.855
0.728,1.765
0.484,3.521
-2.045,2.365
-2.228,0.663
-2.772,0.657
2.833,1.192
1.013,3.386
0.67,2.813
0.665,2.449
0.357,1.694
0.002,0.437
0.065,2.075
-0.276,2.815
-0.302,1.378
-0.488,3.268
-0.507,3.465
-0.56,2.369
-1.25,2.275
-1.435,0.95
-2.96,2.197
1.814,2.213
0.553,0.876
-3.011,3.702
-1.332,-0.194
-0.575,-0.542
-0.056,1.835
-0.085,0.198
-0.058,3.441
-0.079,1.19
-0.15,2.548
-0.226,0.359
-0.163,2.718
-0.18,2.438
-0.255,1.46
-0.245,0.689
-0.368,0.436
-0.422,0.575
-0.582,1.374
-0.556,0.37
-0.568,1.306
-0.65,0.682
-0.706,2.834
-0.867,3.231
-0.932,1.413
-0.956,-0.257
-1.002,1.682
-2.321,-0.574
-2.373,-0.58
-2.436,-0.771
-2.785,-0.654
3.056,-0.9
3.058,-0.564
2.714,-0.864
2.462,-0.744
2.039,-0.715
1.725,-0.824
1.541,-0.828
1.479,-0.56
0.884,-0.951
0.67,-0.627
0.29,-0.53
0.186,-0.898
-0.964,-0.586
-1.103,3.551
-1.614,3.614
-2.087,3.558
-2.236,3.792
-2.268,3.479
-2.472,3.677
-3.037,3.757
-3.126,3.823
2.741,3.484
1.743,3.588
1.458,3.874
0.55,3.531
0.46,3.71
0.333,3.499
0.196,3.944
0.016,3.812
-0.141,3.788
-0.358,3.819
-0.311,3.501
-0.804,3.661
-1.759,2.969
-1.74,0.638
-2.675,3.471
-2.967,3.142
2.831,3.385
2.284,0.166
0.673,3.14
0.199,2.932
-0.845,2.127
-0.872,0.451
-1.693,-0.933
0.898,-0.766
-0.395,-0.685
-0.502,-0.722
-0.974,-0.933
-0.988,2.276
-0.991,0.548
-1.319,0.845
-1.543,2.094
-1.684,1.03
-1.576,3.13
-1.66,2.237
-1.812,2.52
-1.709,1.224
-1.684,0.054
-1.842,2.081
-1.874,2.925
-1.762,1.151
-1.809,2.505
-1.97,0.715
-1.874,0.234
-2.108,2.063
-2.096,1.008
-1.986,3.469
-2.047,0.845
-2.053,2.017
-2.066,2.999
-2.195,1.841
-2.247,2.322
-2.285,2.33
-2.355,3.46
-2.364,2.032
-2.288,0.61
-2.376,3.486
-2.55,2.252
-2.479,2.235
-2.703,-0.187
-2.626,1.027
-2.757,1.499
-2.843,0.746
-2.766,1.082
-2.824,1.128
-2.956,1.405
-2.994,3.121
-3.052,1.968
-2.945,3.37
-3.003,1.354
3.126,2.135
3.124,0.577
3.077,2.017
-3.072,2.985
-3.064,2.432
3.044,-0.321
3.049,0.914
2.998,0.811
3.002,0.712
2.841,-0.201
2.939,1.858
2.905,2.765
2.706,3.158
2.719,1.292
2.735,-0.456
2.707,0.759
2.461,3.181
2.616,2.074
2.439,0.597
2.338,-0.542
2.434,2.079
2.25,0.694
2.348,3.169
2.288,0.446
2.126,2.253
1.95,0.875
1.84,1.242
1.893,-0.121
1.564,-0.508
1.523,0.473
1.5,0.982
1.396,3.368
1.378,2.305
1.268,2.128
1.22,0.989
1.131,2.038
0.865,-0.288
0.986,-0.277
0.904,0.591
0.799,3.258
0.85,0.642
0.861,2.837
0.828,0.548
0.725,1.704
0.569,2.223
0.492,2.271
0.466,0.808
0.333,1.293
0.363,-0.323
0.185,2.347
0.05,3.165
0.059,2.989
0.184,3.084
-0.001,3.243
0.106,1.869
-0.117,2.174
-0.117,1.959
-0.192,2.747
-0.172,3.39
-0.356,1.567
-0.416,0.668
-0.618,0.811
-0.668,0.945
-0.735,1.72
-0.824,-0.444
-0.856,-0.22
-0.769,3.116
-0.799,1.838
-0.944,1.718
-0.853,2.283
-0.832,1.65
-1.01,-0.854
-1.332,-0.552
-2.228,-0.818
-2.785,-0.782
-2.68,-0.594
2.633,-0.515
2.452,-0.871
1.985,-0.825
1.84,-0.929
1.784,-0.688
0.473,-0.766
0.596,-0.719
0.434,-0.853
0.567,-0.661
0.273,-0.747
0.227,-0.631
0.1,-0.846
-0.531,-0.614
-0.501,-0.513
-0.678,-0.688
-1.08,-0.507
-1.243,3.73
-1.369,3.842
-1.408,3.812
-1.515,3.796
-1.698,3.746
-2.583,3.559
-3.115,3.625
2.935,3.454
2.593,3.753
2.246,3.69
1.374,3.695
1.149,3.747
0.8,3.616
0.016,3.799
-0.387,3.417
-0.827,3.661
-1.013,3.562
-0.925,3.76
3.025,1.389
1.829,2.599
1.261,0.417
0.82,1.327
0.576,3.083
-1.953,1.927
-2.136,0.225
-2.68,0.219
2.925,0.754
1.105,2.948
0.762,2.375
0.757,2.011
0.449,1.256
0.094,-0.001
0.157,1.637
-0.184,2.377
-0.21,0.94
-0.396,2.83
-0.415,3.027
-0.468,1.931
-1.158,1.837
-1.343,0.512
-2.868,1.759
1.906,1.775
0.645,0.438
-2.919,3.264
-1.24,-0.632
-0.483,-0.98
-0.029,-1.637
-0.002,1.606
-0.023,-0.645
-0.094,0.713
-0.17,-1.476
-0.107,0.883
-0.124,0.603
-0.199,-0.375
-0.189,-1.146
-0.312,-1.399
-0.366,-1.26
-0.526,-0.461
-0.5,-1.465
-0.512,-0.529
-0.594,-1.153
-0.65,0.999
-0.811,1.396
-0.876,-0.422
-0.9,-2.092
-0.946,-0.153
-2.265,-2.409
-2.317,-2.415
-2.38,-2.606
-2.729,-2.489
3.112,-2.735
3.114,-2.399
2.77,-2.699
2.518,-2.579
2.095,-2.55
1.781,-2.659
1.597,-2.663
1.535,-2.395
0.94,-2.786
0.726,-2.462
0.346,-2.365
0.242,-2.733
-0.908,-2.421
-1.047,1.716
-1.558,1.779
-2.031,1.723
-2.18,1.957
-2.212,1.644
-2.416,1.842
-2.981,1.922
-3.07,1.988
2.797,1.649
1.799,1.753
1.514,2.039
0.606,1.696
0.516,1.875
0.389,1.664
0.252,2.109
0.072,1.977
-0.085,1.953
-0.302,1.984
-0.255,1.666
-0.748,1.826
-1.703,1.134
-1.684,-1.197
-2.619,1.636
-2.911,1.307
2.887,1.55
2.34,-1.669
0.729,1.305
0.255,1.097
-0.789,0.292
-0.816,-1.384
-1.637,-2.768
0.954,-2.601
-0.339,-2.52
-0.446,-2.557
-0.918,-2.768
-0.932,0.441
-0.935,-1.287
-1.263,-0.99
-1.487,0.259
-1.628,-0.805
-1.52,1.295
-1.604,0.402
-1.756,0.685
-1.653,-0.611
-1.628,-1.781
-1.786,0.246
-1.818,1.09
-1.706,-0.684
-1.753,0.67
-1.914,-1.12
-1.818,-1.601
-2.052,0.228
-2.04,-0.827
-1.93,1.634
-1.991,-0.99
-1.997,0.182
-2.01,1.164
-2.139,0.006
-2.191,0.487
-2.229,0.495
-2.299,1.625
-2.308,0.197
-2.232,-1.225
-2.32,1.651
-2.494,0.417
-2.423,0.4
-2.647,-2.022
-2.57,-0.808
-2.701,-0.336
-2.787,-1.089
-2.71,-0.753
-2.768,-0.707
-2.9,-0.43
-2.938,1.286
-2.996,0.133
-2.889,1.535
-2.947,-0.481
-3.101,0.3
-3.103,-1.258
3.133,0.182
-3.016,1.15
-3.008,0.597
3.1,-2.156
3.105,-0.921
3.054,-1.024
3.058,-1.123
2.897,-2.036
2.995,0.023
2.961,0.93
2.762,1.323
2.775,-0.543
2.791,-2.291
2.763,-1.076
2.517,1.346
2.672,0.239
2.495,-1.238
2.394,-2.377
2.49,0.244
2.306,-1.141
2.404,1.334
2.344,-1.389
2.182,0.418
2.006,-0.96
1.896,-0.593
1.949,-1.956
1.62,-2.343
1.579,-1.362
1.556,-0.853
1.452,1.533
1.434,0.47
1.324,0.293
1.276,-0.846
1.187,0.203
0.921,-2.123
1.042,-2.112
0.96,-1.244
0.855,1.423
0.906,-1.193
0.917,1.002
0.884,-1.287
0.781,-0.131
0.625,0.388
0.548,0.436
0.522,-1.027
0.389,-0.542
0.419,-2.158
0.241,0.512
0.106,1.33
0.115,1.154
0.24,1.249
0.055,1.408
0.162,0.034
-0.061,0.339
-0.061,0.124
-0.136,0.912
-0.116,1.555
-0.3,-0.268
-0.36,-1.167
-0.562,-1.024
-0.612,-0.89
-0.679,-0.115
-0.768,-2.279
-0.8,-2.055
-0.713,1.281
-0.743,0.003
-0.888,-0.117
-0.797,0.448
-0.776,-0.185
-0.954,-2.689
-1.276,-2.387
-2.172,-2.653
-2.729,-2.617
-2.624,-2.429
2.689,-2.35
2.508,-2.706
2.041,-2.66
1.896,-2.764
1.84,-2.523
0.529,-2.601
0.652,-2.554
0.49,-2.688
0.623,-2.496
0.329,-2.582
0.283,-2.466
0.156,-2.681
-0.475,-2.449
-0.445,-2.348
-0.622,-2.523
-1.024,-2.342
-1.187,1.895
-1.313,2.007
-1.352,1.977
-1.459,1.961
-1.642,1.911
-2.527,1.724
-3.059,1.79
2.991,1.619
2.649,1.918
2.302,1.855
1.43,1.86
1.205,1.912
0.856,1.781
0.072,1.964
-0.331,1.582
-0.771,1.826
-0.957,1.727
-0.869,1.925
3.081,-0.446
1.885,0.764
1.317,-1.418
0.876,-0.508
0.632,1.248
-1.897,0.092
-2.08,-1.61
-2.624,-1.616
2.981,-1.081
1.161,1.113
0.818,0.54
0.813,0.176
0.505,-0.579
0.15,-1.836
0.213,-0.198
-0.128,0.542
-0.154,-0.895
-0.34,0.995
-0.359,1.192
-0.412,0.096
-1.102,0.002
-1.287,-1.323
-2.812,-0.076
1.962,-0.06
0.701,-1.397
-2.863,1.429
-1.184,-2.467
-0.427,-2.815
0.027,3.243
0.006,0.992
-0.065,2.35
-0.141,0.161
-0.078,2.52
-0.095,2.24
-0.17,1.262
-0.16,0.491
-0.283,0.238
-0.337,0.377
-0.497,1.176
-0.471,0.172
-0.483,1.108
-0.565,0.484
-0.621,2.636
-0.782,3.033
-0.847,1.215
-0.871,-0.455
-0.917,1.484
-2.236,-0.772
-2.288,-0.778
-2.351,-0.969
-2.7,-0.852
3.141,-1.098
-3.14,-0.762
2.799,-1.062
2.547,-0.942
2.124,-0.913
1.81,-1.022
1.626,-1.026
1.564,-0.758
0.969,-1.149
0.755,-0.825
0.375,-0.728
0.271,-1.096
-0.879,-0.784
-1.018,3.353
-1.529,3.416
-2.002,3.36
-2.151,3.594
-2.183,3.281
-2.387,3.479
-2.952,3.559
-3.041,3.625
2.826,3.286
1.828,3.39
1.543,3.676
0.635,3.333
0.545,3.512
0.418,3.301
0.281,3.746
0.101,3.614
-0.056,3.59
-0.273,3.621
-0.226,3.303
-0.719,3.463
-1.674,2.771
-1.655,0.44
-2.59,3.273
-2.882,2.944
2.916,3.187
2.369,-0.032
0.758,2.942
0.284,2.734
-0.76,1.929
-0.787,0.253
-1.608,-1.131
0.983,-0.964
-0.31,-0.883
-0.417,-0.92
-0.889,-1.131
-0.903,2.078
-0.906,0.35
-1.234,0.647
-1.458,1.896
-1.599,0.832
-1.491,2.932
-1.575,2.039
-1.727,2.322
-1.624,1.026
-1.599,-0.144
-1.757,1.883
-1.789,2.727
-1.677,0.953
-1.724,2.307
-1.885,0.517
-1.789,0.036
-2.023,1.865
-2.011,0.81
-1.901,3.271
-1.962,0.647
-1.968,1.819
-1.981,2.801
-2.11,1.643
-2.162,2.124
-2.2,2.132
-2.27,3.262
-2.279,1.834
-2.203,0.412
-2.291,3.288
-2.465,2.054
-2.394,2.037
-2.618,-0.385
-2.541,0.829
-2.672,1.301
-2.758,0.548
-2.681,0.884
-2.739,0.93
-2.871,1.207
-2.909,2.923
-2.967,1.77
-2.86,3.172
-2.918,1.156
-3.072,1.937
-3.074,0.379
-3.121,1.819
-2.987,2.787
-2.979,2.234
3.129,-0.519
3.134,0.716
3.083,0.613
3.087,0.514
2.926,-0.399
3.024,1.66
2.99,2.567
2.791,2.96
2.804,1.094
2.82,-0.654
2.792,0.561
2.546,2.983
2.701,1.876
2.524,0.399
2.423,-0.74
2.519,1.881
2.335,0.496
2.433,2.971
2.373,0.248
2.211,2.055
2.035,0.677
1.925,1.044
1.978,-0.319
1.649,-0.706
1.608,0.275
1.585,0.784
1.481,3.17
1.463,2.107
1.353,1.93
1.305,0.791
1.216,1.84
0.95,-0.486
1.071,-0.475
0.989,0.393
0.884,3.06
0.935,0.444
0.946,2.639
0.913,0.35
0.81,1.506
0.654,2.025
0.577,2.073
0.551,0.61
0.418,1.095
0.448,-0.521
0.27,2.149
0.135,2.967
0.144,2.791
0.269,2.886
0.084,3.045
0.191,1.671
-0.032,1.976
-0.032,1.761
-0.107,2.549
-0.087,3.192
-0.271,1.369
-0.331,0.47
-0.533,0.613
-0.583,0.747
-0.65,1.522
-0.739,-0.642
-0.771,-0.418
-0.684,2.918
-0.714,1.64
-0.859,1.52
-0.768,2.085
-0.747,1.452
-0.925,-1.052
-1.247,-0.75
-2.143,-1.016
-2.7,-0.98
-2.595,-0.792
2.718,-0.713
2.537,-1.069
2.07,-1.023
1.925,-1.127
1.869,-0.886
0.558,-0.964
0.681,-0.917
0.519,-1.051
0.652,-0.859
0.358,-0.945
0.312,-0.829
0.185,-1.044
-0.446,-0.812
-0.416,-0.711
-0.593,-0.886
-0.995,-0.705
-1.158,3.532
-1.284,3.644
-1.323,3.614
-1.43,3.598
-1.613,3.548
-2.498,3.361
-3.03,3.427
3.02,3.256
2.678,3.555
2.331,3.492
1.459,3.497
1.234,3.549
0.885,3.418
0.101,3.601
-0.302,3.219
-0.742,3.463
-0.928,3.364
-0.84,3.562
3.11,1.191
1.914,2.401
1.346,0.219
0.905,1.129
0.661,2.885
-1.868,1.729
-2.051,0.027
-2.595,0.021
3.01,0.556
1.19,2.75
0.847,2.177
0.842,1.813
0.534,1.058
0.179,-0.199
0.242,1.439
-0.099,2.179
-0.125,0.742
-0.311,2.632
-0.33,2.829
-0.383,1.733
-1.073,1.639
-1.258,0.314
-2.783,1.561
1.991,1.577
0.73,0.24
-2.834,3.066
-1.155,-0.83
-0.398,-1.178
-0.021,-2.251
-0.092,-0.893
-0.168,-3.082
-0.105,-0.723
-0.122,-1.003
-0.197,-1.981
-0.187,-2.752
-0.31,-3.005
-0.364,-2.866
-0.524,-2.067
-0.498,-3.071
-0.51,-2.135
-0.592,-2.759
-0.648,-0.607
-0.809,-0.21
-0.874,-2.028
-0.898,-3.698
-0.944,-1.759
-2.263,-4.015
-2.315,-4.021
-2.378,-4.212
-2.727,-4.095
3.114,-4.341
3.116,-4.005
2.772,-4.305
2.52,-4.185
2.097,-4.156
1.783,-4.265
1.599,-4.269
1.537,-4.001
0.942,-4.392
0.728,-4.068
0.348,-3.971
0.244,-4.339
-0.906,-4.027
-1.045,0.11
-1.556,0.173
-2.029,0.117
-2.178,0.351
-2.21,0.038
-2.414,0.236
-2.979,0.316
-3.068,0.382
2.799,0.043
1.801,0.147
1.516,0.433
0.608,0.09
0.518,0.269
0.391,0.058
0.254,0.503
0.074,0.371
-0.083,0.347
-0.3,0.378
-0.253,0.06
-0.746,0.22
-1.701,-0.472
-1.682,-2.803
-2.617,0.03
-2.909,-0.299
2.889,-0.056
2.342,-3.275
0.731,-0.301
0.257,-0.509
-0.787,-1.314
-0.814,-2.99
-1.635,-4.374
0.956,-4.207
-0.337,-4.126
-0.444,-4.163
-0.916,-4.374
-0.93,-1.165
-0.933,-2.893
-1.261,-2.596
-1.485,-1.347
-1.626,-2.411
-1.518,-0.311
-1.602,-1.204
-1.754,-0.921
-1.651,-2.217
-1.626,-3.387
-1.784,-1.36
-1.816,-0.516
-1.704,-2.29
-1.751,-0.936
-1.912,-2.726
-1.816,-3.207
-2.05,-1.378
-2.038,-2.433
-1.928,0.028
-1.989,-2.596
-1.995,-1.424
-2.008,-0.442
-2.137,-1.6
-2.189,-1.119
-2.227,-1.111
-2.297,0.019
-2.306,-1.409
-2.23,-2.831
-2.318,0.045
-2.492,-1.189
-2.421,-1.206
-2.645,-3.628
-2.568,-2.414
-2.699,-1.942
-2.785,-2.695
-2.708,-2.359
-2.766,-2.313
-2.898,-2.036
-2.936,-0.32
-2.994,-1.473
-2.887,-0.071
-2.945,-2.087
-3.099,-1.306
-3.101,-2.864
3.135,-1.424
-3.014,-0.456
-3.006,-1.009
3.102,-3.762
3.107,-2.527
3.056,-2.63
3.06,-2.729
2.899,-3.642
2.997,-1.583
2.963,-0.676
2.764,-0.283
2.777,-2.149
2.793,-3.897
2.765,-2.682
2.519,-0.26
2.674,-1.367
2.497,-2.844
2.396,-3.983
2.492,-1.362
2.308,-2.747
2.406,-0.272
2.346,-2.995
2.184,-1.188
2.008,-2.566
1.898,-2.199
1.951,-3.562
1.622,-3.949
1.581,-2.968
1.558,-2.459
1.454,-0.073
1.436,-1.136
1.326,-1.313
1.278,-2.452
1.189,-1.403
0.923,-3.729
1.044,-3.718
0.962,-2.85
0.857,-0.183
0.908,-2.799
0.919,-0.604
0.886,-2.893
0.783,-1.737
0.627,-1.218
0.55,-1.17
0.524,-2.633
0.391,-2.148
0.421,-3.764
0.243,-1.094
0.108,-0.276
0.117,-0.452
0.242,-0.357
0.057,-0.198
0.164,-1.572
-0.059,-1.267
-0.059,-1.482
-0.134,-0.694
-0.114,-0.051
-0.298,-1.874
-0.358,-2.773
-0.56,-2.63
-0.61,-2.496
-0.677,-1.721
-0.766,-3.885
-0.798,-3.661
-0.711,-0.325
-0.741,-1.603
-0.886,-1.723
-0.795,-1.158
-0.774,-1.791
-0.952,-4.295
-1.274,-3.993
-2.17,-4.259
-2.727,-4.223
-2.622,-4.035
2.691,-3.956
2.51,-4.312
2.043,-4.266
1.898,-4.37
1.842,-4.129
0.531,-4.207
0.654,-4.16
0.492,-4.294
0.625,-4.102
0.331,-4.188
0.285,-4.072
0.158,-4.287
-0.473,-4.055
-0.443,-3.954
-0.62,-4.129
-1.022,-3.948
-1.185,0.289
-1.311,0.401
-1.35,0.371
-1.457,0.355
-1.64,0.305
-2.525,0.118
-3.057,0.184
2.993,0.013
2.651,0.312
2.304,0.249
1.432,0.254
1.207,0.306
0.858,0.175
0.074,0.358
-0.329,-0.024
-0.769,0.22
-0.955,0.121
-0.867,0.319
3.083,-2.052
1.887,-0.842
1.319,-3.024
0.878,-2.114
0.634,-0.358
-1.895,-1.514
-2.078,-3.216
-2.622,-3.222
2.983,-2.687
1.163,-0.493
0.82,-1.066
0.815,-1.43
0.507,-2.185
0.152,-3.442
0.215,-1.804
-0.126,-1.064
-0.152,-2.501
-0.338,-0.611
-0.357,-0.414
-0.41,-1.51
-1.1,-1.604
-1.285,-2.929
-2.81,-1.682
1.964,-1.666
0.703,-3.003
-2.861,-0.177
-1.182,-4.073
-0.425,-4.421
-0.071,1.358
-0.147,-0.831
-0.084,1.528
-0.101,1.248
-0.176,0.27
-0.166,-0.501
-0.289,-0.754
-0.343,-0.615
-0.503,0.184
-0.477,-0.82
-0.489,0.116
-0.571,-0.508
-0.627,1.644
-0.788,2.041
-0.853,0.223
-0.877,-1.447
-0.923,0.492
-2.242,-1.764
-2.294,-1.77
-2.357,-1.961
-2.706,-1.844
3.135,-2.09
3.137,-1.754
2.793,-2.054
2.541,-1.934
2.118,-1.905
1.804,-2.014
1.62,-2.018
1.558,-1.75
0.963,-2.141
0.749,-1.817
0.369,-1.72
0.265,-2.088
-0.885,-1.776
-1.024,2.361
-1.535,2.424
-2.008,2.368
-2.157,2.602
-2.189,2.289
-2.393,2.487
-2.958,2.567
-3.047,2.633
2.82,2.294
1.822,2.398
1.537,2.684
0.629,2.341
0.539,2.52
0.412,2.309
0.275,2.754
0.095,2.622
-0.062,2.598
-0.279,2.629
-0.232,2.311
-0.725,2.471
-1.68,1.779
-1.661,-0.552
-2.596,2.281
-2.888,1.952
2.91,2.195
2.363,-1.024
0.752,1.95
0.278,1.742
-0.766,0.937
-0.793,-0.739
-1.614,-2.123
0.977,-1.956
-0.316,-1.875
-0.423,-1.912
-0.895,-2.123
-0.909,1.086
-0.912,-0.642
-1.24,-0.345
-1.464,0.904
-1.605,-0.16
-1.497,1.94
-1.581,1.047
-1.733,1.33
-1.63,0.034
-1.605,-1.136
-1.763,0.891
-1.795,1.735
-1.683,-0.039
-1.73,1.315
-1.891,-0.475
-1.795,-0.956
-2.029,0.873
-2.017,-0.182
-1.907,2.279
-1.968,-0.345
-1.974,0.827
-1.987,1.809
-2.116,0.651
-2.168,1.132
-2.206,1.14
-2.276,2.27
-2.285,0.842
-2.209,-0.58
-2.297,2.296
-2.471,1.062
-2.4,1.045
-2.624,-1.377
-2.547,-0.163
-2.678,0.309
-2.764,-0.444
-2.687,-0.108
-2.745,-0.062
-2.877,0.215
-2.915,1.931
-2.973,0.778
-2.866,2.18
-2.924,0.164
-3.078,0.945
-3.08,-0.613
-3.127,0.827
-2.993,1.795
-2.985,1.242
3.123,-1.511
3.128,-0.276
3.077,-0.379
3.081,-0.478
2.92,-1.391
3.018,0.668
2.984,1.575
2.785,1.968
2.798,0.102
2.814,-1.646
2.786,-0.431
2.54,1.991
2.695,0.884
2.518,-0.593
2.417,-1.732
2.513,0.889
2.329,-0.496
2.427,1.979
2.367,-0.744
2.205,1.063
2.029,-0.315
1.919,0.052
1.972,-1.311
1.643,-1.698
1.602,-0.717
1.579,-0.208
1.475,2.178
1.457,1.115
1.347,0.938
1.299,-0.201
1.21,0.848
0.944,-1.478
1.065,-1.467
0.983,-0.599
0.878,2.068
0.929,-0.548
0.94,1.647
0.907,-0.642
0.804,0.514
0.648,1.033
0.571,1.081
0.545,-0.382
0.412,0.103
0.442,-1.513
0.264,1.157
0.129,1.975
0.138,1.799
0.263,1.894
0.078,2.053
0.185,0.679
-0.038,0.984
-0.038,0.769
-0.113,1.557
-0.093,2.2
-0.277,0.377
-0.337,-0.522
-0.539,-0.379
-0.589,-0.245
-0.656,0.53
-0.745,-1.634
-0.777,-1.41
-0.69,1.926
-0.72,0.648
-0.865,0.528
-0.774,1.093
-0.753,0.46
-0.931,-2.044
-1.253,-1.742
-2.149,-2.008
-2.706,-1.972
-2.601,-1.784
2.712,-1.705
2.531,-2.061
2.064,-2.015
1.919,-2.119
1.863,-1.878
0.552,-1.956
0.675,-1.909
0.513,-2.043
0.646,-1.851
0.352,-1.937
0.306,-1.821
0.179,-2.036
-0.452,-1.804
-0.422,-1.703
-0.599,-1.878
-1.001,-1.697
-1.164,2.54
-1.29,2.652
-1.329,2.622
-1.436,2.606
-1.619,2.556
-2.504,2.369
-3.036,2.435
3.014,2.264
2.672,2.563
2.325,2.5
1.453,2.505
1.228,2.557
0.879,2.426
0.095,2.609
-0.308,2.227
-0.748,2.471
-0.934,2.372
-0.846,2.57
3.104,0.199
1.908,1.409
1.34,-0.773
0.899,0.137
0.655,1.893
-1.874,0.737
-2.057,-0.965
-2.601,-0.971
3.004,-0.436
1.184,1.758
0.841,1.185
0.836,0.821
0.528,0.066
0.173,-1.191
0.236,0.447
-0.105,1.187
-0.131,-0.25
-0.317,1.64
-0.336,1.837
-0.389,0.741
-1.079,0.647
-1.264,-0.678
-2.789,0.569
1.985,0.585
0.724,-0.752
-2.84,2.074
-1.161,-1.822
-0.404,-2.17
-0.076,-2.189
-0.013,0.17
-0.03,-0.11
-0.105,-1.088
-0.095,-1.859
-0.218,-2.112
-0.272,-1.973
-0.432,-1.174
-0.406,-2.178
-0.418,-1.242
-0.5,-1.866
-0.556,0.286
-0.717,0.683
-0.782,-1.135
-0.806,-2.805
-0.852,-0.866
-2.171,-3.122
-2.223,-3.128
-2.286,-3.319
-2.635,-3.202
-3.077,-3.448
-3.075,-3.112
2.864,-3.412
2.612,-3.292
2.189,-3.263
1.875,-3.372
1.691,-3.376
1.629,-3.108
1.034,-3.499
0.82,-3.175
0.44,-3.078
0.336,-3.446
-0.814,-3.134
-0.953,1.003
-1.464,1.066
-1.937,1.01
-2.086,1.244
-2.118,0.931
-2.322,1.129
-2.887,1.209
-2.976,1.275
2.891,0.936
1.893,1.04
1.608,1.326
0.7,0.983
0.61,1.162
0.483,0.951
0.346,1.396
0.166,1.264
0.009,1.24
-0.208,1.271
-0.161,0.953
-0.654,1.113
-1.609,0.421
-1.59,-1.91
-2.525,0.923
-2.817,0.594
2.981,0.837
2.434,-2.382
0.823,0.592
0.349,0.384
-0.695,-0.421
-0.722,-2.097
-1.543,-3.481
1.048,-3.314
-0.245,-3.233
-0.352,-3.27
-0.824,-3.481
-0.838,-0.272
-0.841,-2.0
-1.169,-1.703
-1.393,-0.454
-1.534,-1.518
-1.426,0.582
-1.51,-0.311
-1.662,-0.028
-1.559,-1.324
-1.534,-2.494
-1.692,-0.467
-1.724,0.377
-1.612,-1.397
-1.659,-0.043
-1.82,-1.833
-1.724,-2.314
-1.958,-0.485
-1.946,-1.54
-1.836,0.921
-1.897,-1.703
-1.903,-0.531
-1.916,0.451
-2.045,-0.707
-2.097,-0.226
-2.135,-0.218
-2.205,0.912
-2.214,-0.516
-2.138,-1.938
-2.226,0.938
-2.4,-0.296
-2.329,-0.313
-2.553,-2.735
-2.476,-1.521
-2.607,-1.049
-2.693,-1.802
-2.616,-1.466
-2.674,-1.42
-2.806,-1.143
-2.844,0.573
-2.902,-0.58
-2.795,0.822
-2.853,-1.194
-3.007,-0.413
-3.009,-1.971
-3.056,-0.531
-2.922,0.437
-2.914,-0.116
-3.089,-2.869
-3.084,-1.634
-3.135,-1.737
-3.131,-1.836
2.991,-2.749
3.089,-0.69
3.055,0.217
2.856,0.61
2.869,-1.256
2.885,-3.004
2.857,-1.789
2.611,0.633
2.766,-0.474
2.589,-1.951
2.488,-3.09
2.584,-0.469
2.4,-1.854
2.498,0.621
2.438,-2.102
2.276,-0.295
2.1,-1.673
1.99,-1.306
2.043,-2.669
1.714,-3.056
1.673,-2.075
1.65,-1.566
1.546,0.82
1.528,-0.243
1.418,-0.42
1.37,-1.559
1.281,-0.51
1.015,-2.836
1.136,-2.825
1.054,-1.957
0.949,0.71
1.0,-1.906
1.011,0.289
0.978,-2.0
0.875,-0.844
0.719,-0.325
0.642,-0.277
0.616,-1.74
0.483,-1.255
0.513,-2.871
0.335,-0.201
0.2,0.617
0.209,0.441
0.334,0.536
0.149,0.695
0.256,-0.679
0.033,-0.374
0.033,-0.589
-0.042,0.199
-0.022,0.842
-0.206,-0.981
-0.266,-1.88
-0.468,-1.737
-0.518,-1.603
-0.585,-0.828
-0.674,-2.992
-0.706,-2.768
-0.619,0.568
-0.649,-0.71
-0.794,-0.83
-0.703,-0.265
-0.682,-0.898
-0.86,-3.402
-1.182,-3.1
-2.078,-3.366
-2.635,-3.33
-2.53,-3.142
2.783,-3.063
2.602,-3.419
2.135,-3.373
1.99,-3.477
1.934,-3.236
0.623,-3.314
0.746,-3.267
0.584,-3.401
0.717,-3.209
0.423,-3.295
0.377,-3.179
0.25,-3.394
-0.381,-3.162
-0.351,-3.061
-0.528,-3.236
-0.93,-3.055
-1.093,1.182
-1.219,1.294
-1.258,1.264
-1.365,1.248
-1.548,1.198
-2.433,1.011
-2.965,1.077
3.085,0.906
2.743,1.205
2.396,1.142
1.524,1.147
1.299,1.199
0.95,1.068
0.166,1.251
-0.237,0.869
-0.677,1.113
-0.863,1.014
-0.775,1.212
-3.108,-1.159
1.979,0.051
1.411,-2.131
0.97,-1.221
0.726,0.535
-1.803,-0.621
-1.986,-2.323
-2.53,-2.329
3.075,-1.794
1.255,0.4
0.912,-0.173
0.907,-0.537
0.599,-1.292
0.244,-2.549
0.307,-0.911
-0.034,-0.171
-0.06,-1.608
-0.246,0.282
-0.265,0.479
-0.318,-0.617
-1.008,-0.711
-1.193,-2.036
-2.718,-0.789
2.056,-0.773
0.795,-2.11
-2.769,0.716
-1.09,-3.18
-0.333,-3.528
0.063,2.359
0.046,2.079
-0.029,1.101
-0.019,0.33
-0.142,0.077
-0.196,0.216
-0.356,1.015
-0.33,0.011
-0.342,0.947
-0.424,0.323
-0.48,2.475
-0.641,2.872
-0.706,1.054
-0.73,-0.616
-0.776,1.323
-2.095,-0.933
-2.147,-0.939
-2.21,-1.13
-2.559,-1.013
-3.001,-1.259
-2.999,-0.923
2.94,-1.223
2.688,-1.103
2.265,-1.074
1.951,-1.183
1.767,-1.187
1.705,-0.919
1.11,-1.31
0.896,-0.986
0.516,-0.889
0.412,-1.257
-0.738,-0.945
-0.877,3.192
-1.388,3.255
-1.861,3.199
-2.01,3.433
-2.042,3.12
-2.246,3.318
-2.811,3.398
-2.9,3.464
2.967,3.125
1.969,3.229
1.684,3.515
0.776,3.172
0.686,3.351
0.559,3.14
0.422,3.585
0.242,3.453
0.085,3.429
-0.132,3.46
-0.085,3.142
-0.578,3.302
-1.533,2.61
-1.514,0.279
-2.449,3.112
-2.741,2.783
3.057,3.026
2.51,-0.193
0.899,2.781
0.425,2.573
-0.619,1.768
-0.646,0.092
-1.467,-1.292
1.124,-1.125
-0.169,-1.044
-0.276,-1.081
-0.748,-1.292
-0.762,1.917
-0.765,0.189
-1.093,0.486
-1.317,1.735
-1.458,0.671
-1.35,2.771
-1.434,1.878
-1.586,2.161
-1.483,0.865
-1.458,-0.305
-1.616,1.722
-1.648,2.566
-1.536,0.792
-1.583,2.146
-1.744,0.356
-1.648,-0.125
-1.882,1.704
-1.87,0.649
-1.76,3.11
-1.821,0.486
-1.827,1.658
-1.84,2.64
-1.969,1.482
-2.021,1.963
-2.059,1.971
-2.129,3.101
-2.138,1.673
-2.062,0.251
-2.15,3.127
-2.324,1.893
-2.253,1.876
-2.477,-0.546
-2.4,0.668
-2.531,1.14
-2.617,0.387
-2.54,0.723
-2.598,0.769
-2.73,1.046
-2.768,2.762
-2.826,1.609
-2.719,3.011
-2.777,0.995
-2.931,1.776
-2.933,0.218
-2.98,1.658
-2.846,2.626
-2.838,2.073
-3.013,-0.68
-3.008,0.555
-3.059,0.452
-3.055,0.353
3.067,-0.56
-3.118,1.499
3.131,2.406
2.932,2.799
2.945,0.933
2.961,-0.815
2.933,0.4
2.687,2.822
2.842,1.715
2.665,0.238
2.564,-0.901
2.66,1.72
2.476,0.335
2.574,2.81
2.514,0.087
2.352,1.894
2.176,0.516
2.066,0.883
2.119,-0.48
1.79,-0.867
1.749,0.114
1.726,0.623
1.622,3.009
1.604,1.946
1.494,1.769
1.446,0.63
1.357,1.679
1.091,-0.647
1.212,-0.636
1.13,0.232
1.025,2.899
1.076,0.283
1.087,2.478
1.054,0.189
0.951,1.345
0.795,1.864
0.718,1.912
0.692,0.449
0.559,0.934
0.589,-0.682
0.411,1.988
0.276,2.806
0.285,2.63
0.41,2.725
0.225,2.884
0.332,1.51
0.109,1.815
0.109,1.6
0.034,2.388
0.054,3.031
-0.13,1.208
-0.19,0.309
-0.392,0.452
-0.442,0.586
-0.509,1.361
-0.598,-0.803
-0.63,-0.579
-0.543,2.757
-0.573,1.479
-0.718,1.359
-0.627,1.924
-0.606,1.291
-0.784,-1.213
-1.106,-0.911
-2.002,-1.177
-2.559,-1.141
-2.454,-0.953
2.859,-0.874
2.678,-1.23
2.211,-1.184
2.066,-1.288
2.01,-1.047
0.699,-1.125
0.822,-1.078
0.66,-1.212
0.793,-1.02
0.499,-1.106
0.453,-0.99
0.326,-1.205
-0.305,-0.973
-0.275,-0.872
-0.452,-1.047
-0.854,-0.866
-1.017,3.371
-1.143,3.483
-1.182,3.453
-1.289,3.437
-1.472,3.387
-2.357,3.2
-2.889,3.266
-3.122,3.095
2.819,3.394
2.472,3.331
1.6,3.336
1.375,3.388
1.026,3.257
0.242,3.44
-0.161,3.058
-0.601,3.302
-0.787,3.203
-0.699,3.401
-3.032,1.03
2.055,2.24
1.487,0.058
1.046,0.968
0.802,2.724
-1.727,1.568
-1.91,-0.134
-2.454,-0.14
-3.132,0.395
1.331,2.589
0.988,2.016
0.983,1.652
0.675,0.897
0.32,-0.36
0.383,1.278
0.042,2.018
0.016,0.581
-0.17,2.471
-0.189,2.668
-0.242,1.572
-0.932,1.478
-1.117,0.153
-2.642,1.4
2.132,1.416
0.871,0.079
-2.693,2.905
-1.014,-0.991
-0.257,-1.339
-0.017,-0.28
-0.092,-1.258
-0.082,-2.029
-0.205,-2.282
-0.259,-2.143
-0.419,-1.344
-0.393,-2.348
-0.405,-1.412
-0.487,-2.036
-0.543,0.116
-0.704,0.513
-0.769,-1.305
-0.793,-2.975
-0.839,-1.036
-2.158,-3.292
-2.21,-3.298
-2.273,-3.489
-2.622,-3.372
-3.064,-3.618
-3.062,-3.282
2.877,-3.582
2.625,-3.462
2.202,-3.433
1.888,-3.542
1.704,-3.546
1.642,-3.278
1.047,-3.669
0.833,-3.345
0.453,-3.248
0.349,-3.616
-0.801,-3.304
-0.94,0.833
-1.451,0.896
-1.924,0.84
-2.073,1.074
-2.105,0.761
-2.309,0.959
-2.874,1.039
-2.963,1.105
2.904,0.766
1.906,0.87
1.621,1.156
0.713,0.813
0.623,0.992
0.496,0.781
0.359,1.226
0.179,1.094
0.022,1.07
-0.195,1.101
-0.148,0.783
-0.641,0.943
-1.596,0.251
-1.577,-2.08
-2.512,0.753
-2.804,0.424
2.994,0.667
2.447,-2.552
0.836,0.422
0.362,0.214
-0.682,-0.591
-0.709,-2.267
-1.53,-3.651
1.061,-3.484
-0.232,-3.403
-0.339,-3.44
-0.811,-3.651
-0.825,-0.442
-0.828,-2.17
-1.156,-1.873
-1.38,-0.624
-1.521,-1.688
-1.413,0.412
-1.497,-0.481
-1.649,-0.198
-1.546,-1.494
-1.521,-2.664
-1.679,-0.637
-1.711,0.207
-1.599,-1.567
-1.646,-0.213
-1.807,-2.003
-1.711,-2.484
-1.945,-0.655
-1.933,-1.71
-1.823,0.751
-1.884,-1.873
-1.89,-0.701
-1.903,0.281
-2.032,-0.877
-2.084,-0.396
-2.122,-0.388
-2.192,0.742
-2.201,-0.686
-2.125,-2.108
-2.213,0.768
-2.387,-0.466
-2.316,-0.483
-2.54,-2.905
-2.463,-1.691
-2.594,-1.219
-2.68,-1.972
-2.603,-1.636
-2.661,-1.59
-2.793,-1.313
-2.831,0.403
-2.889,-0.75
-2.782,0.652
-2.84,-1.364
-2.994,-0.583
-2.996,-2.141
-3.043,-0.701
-2.909,0.267
-2.901,-0.286
-3.076,-3.039
-3.071,-1.804
-3.122,-1.907
-3.118,-2.006
3.004,-2.919
3.102,-0.86
3.068,0.047
2.869,0.44
2.882,-1.426
2.898,-3.174
2.87,-1.959
2.624,0.463
2.779,-0.644
2.602,-2.121
2.501,-3.26
2.597,-0.639
2.413,-2.024
2.511,0.451
2.451,-2.272
2.289,-0.465
2.113,-1.843
2.003,-1.476
2.056,-2.839
1.727,-3.226
1.686,-2.245
1.663,-1.736
1.559,0.65
1.541,-0.413
1.431,-0.59
1.383,-1.729
1.294,-0.68
1.028,-3.006
1.149,-2.995
1.067,-2.127
0.962,0.54
1.013,-2.076
1.024,0.119
0.991,-2.17
0.888,-1.014
0.732,-0.495
0.655,-0.447
0.629,-1.91
0.496,-1.425
0.526,-3.041
0.348,-0.371
0.213,0.447
0.222,0.271
0.347,0.366
0.162,0.525
0.269,-0.849
0.046,-0.544
0.046,-0.759
-0.029,0.029
-0.009,0.672
-0.193,-1.151
-0.253,-2.05
-0.455,-1.907
-0.505,-1.773
-0.572,-0.998
-0.661,-3.162
-0.693,-2.938
-0.606,0.398
-0.636,-0.88
-0.781,-1.0
-0.69,-0.435
-0.669,-1.068
-0.847,-3.572
-1.169,-3.27
-2.065,-3.536
-2.622,-3.5
-2.517,-3.312
2.796,-3.233
2.615,-3.589
2.148,-3.543
2.003,-3.647
1.947,-3.406
0.636,-3.484
0.759,-3.437
0.597,-3.571
0.73,-3.379
0.436,-3.465
0.39,-3.349
0.263,-3.564
-0.368,-3.332
-0.338,-3.231
-0.515,-3.406
-0.917,-3.225
-1.08,1.012
-1.206,1.124
-1.245,1.094
-1.352,1.078
-1.535,1.028
-2.42,0.841
-2.952,0.907
3.098,0.736
2.756,1.035
2.409,0.972
1.537,0.977
1.312,1.029
0.963,0.898
0.179,1.081
-0.224,0.699
-0.664,0.943
-0.85,0.844
-0.762,1.042
-3.095,-1.329
1.992,-0.119
1.424,-2.301
0.983,-1.391
0.739,0.365
-1.79,-0.791
-1.973,-2.493
-2.517,-2.499
3.088,-1.964
1.268,0.23
0.925,-0.343
0.92,-0.707
0.612,-1.462
0.257,-2.719
0.32,-1.081
-0.021,-0.341
-0.047,-1.778
-0.233,0.112
-0.252,0.309
-0.305,-0.787
-0.995,-0.881
-1.18,-2.206
-2.705,-0.959
2.069,-0.943
0.808,-2.28
-2.756,0.546
-1.077,-3.35
-0.32,-3.698
-0.075,-0.978
-0.065,-1.749
-0.188,-2.002
-0.242,-1.863
-0.402,-1.064
-0.376,-2.068
-0.388,-1.132
-0.47,-1.756
-0.526,0.396
-0.687,0.793
-0.752,-1.025
-0.776,-2.695
-0.822,-0.756
-2.141,-3.012
-2.193,-3.018
-2.256,-3.209
-2.605,-3.092
-3.047,-3.338
-3.045,-3.002
2.894,-3.302
2.642,-3.182
2.219,-3.153
1.905,-3.262
1.721,-3.266
1.659,-2.998
1.064,-3.389
0.85,-3.065
0.47,-2.968
0.366,-3.336
-0.784,-3.024
-0.923,1.113
-1.434,1.176
-1.907,1.12
-2.056,1.354
-2.088,1.041
-2.292,1.239
-2.857,1.319
-2.946,1.385
2.921,1.046
1.923,1.15
1.638,1.436
0.73,1.093
0.64,1.272
0.513,1.061
0.376,1.506
0.196,1.374
0.039,1.35
-0.178,1.381
-0.131,1.063
-0.624,1.223
-1.579,0.531
-1.56,-1.8
-2.495,1.033
-2.787,0.704
3.011,0.947
2.464,-2.272
0.853,0.702
0.379,0.494
-0.665,-0.311
-0.692,-1.987
-1.513,-3.371
1.078,-3.204
-0.215,-3.123
-0.322,-3.16
-0.794,-3.371
-0.808,-0.162
-0.811,-1.89
-1.139,-1.593
-1.363,-0.344
-1.504,-1.408
-1.396,0.692
-1.48,-0.201
-1.632,0.082
-1.529,-1.214
-1.504,-2.384
-1.662,-0.357
-1.694,0.487
-1.582,-1.287
-1.629,0.067
-1.79,-1.723
-1.694,-2.204
-1.928,-0.375
-1.916,-1.43
-1.806,1.031
-1.867,-1.593
-1.873,-0.421
-1.886,0.561
-2.015,-0.597
-2.067,-0.116
-2.105,-0.108
-2.175,1.022
-2.184,-0.406
-2.108,-1.828
-2.196,1.048
-2.37,-0.186
-2.299,-0.203
-2.523,-2.625
-2.446,-1.411
-2.577,-0.939
-2.663,-1.692
-2.586,-1.356
-2.644,-1.31
-2.776,-1.033
-2.814,0.683
-2.872,-0.47
-2.765,0.932
-2.823,-1.084
-2.977,-0.303
-2.979,-1.861
-3.026,-0.421
-2.892,0.547
-2.884,-0.006
-3.059,-2.759
-3.054,-1.524
-3.105,-1.627
-3.101,-1.726
3.021,-2.639
3.119,-0.58
3.085,0.327
2.886,0.72
2.899,-1.146
2.915,-2.894
2.887,-1.679
2.641,0.743
2.796,-0.364
2.619,-1.841
2.518,-2.98
2.614,-0.359
2.43,-1.744
2.528,0.731
2.468,-1.992
2.306,-0.185
2.13,-1.563
2.02,-1.196
2.073,-2.559
1.744,-2.946
1.703,-1.965
1.68,-1.456
1.576,0.93
1.558,-0.133
1.448,-0.31
1.4,-1.449
1.311,-0.4
1.045,-2.726
1.166,-2.715
1.084,-1.847
0.979,0.82
1.03,-1.796
1.041,0.399
1.008,-1.89
0.905,-0.734
0.749,-0.215
0.672,-0.167
0.646,-1.63
0.513,-1.145
0.543,-2.761
0.365,-0.091
0.23,0.727
0.239,0.551
0.364,0.646
0.179,0.805
0.286,-0.569
0.063,-0.264
0.063,-0.479
-0.012,0.309
0.008,0.952
-0.176,-0.871
-0.236,-1.77
-0.438,-1.627
-0.488,-1.493
-0.555,-0.718
-0.644,-2.882
-0.676,-2.658
-0.589,0.678
-0.619,-0.6
-0.764,-0.72
-0.673,-0.155
-0.652,-0.788
-0.83,-3.292
-1.152,-2.99
-2.048,-3.256
-2.605,-3.22
-2.5,-3.032
2.813,-2.953
2.632,-3.309
2.165,-3.263
2.02,-3.367
1.964,-3.126
0.653,-3.204
0.776,-3.157
0.614,-3.291
0.747,-3.099
0.453,-3.185
0.407,-3.069
0.28,-3.284
-0.351,-3.052
-0.321,-2.951
-0.498,-3.126
-0.9,-2.945
-1.063,1.292
-1.189,1.404
-1.228,1.374
-1.335,1.358
-1.518,1.308
-2.403,1.121
-2.935,1.187
3.115,1.016
2.773,1.315
2.426,1.252
1.554,1.257
1.329,1.309
0.98,1.178
0.196,1.361
-0.207,0.979
-0.647,1.223
-0.833,1.124
-0.745,1.322
-3.078,-1.049
2.009,0.161
1.441,-2.021
1.0,-1.111
0.756,0.645
-1.773,-0.511
-1.956,-2.213
-2.5,-2.219
3.105,-1.684
1.285,0.51
0.942,-0.063
0.937,-0.427
0.629,-1.182
0.274,-2.439
0.337,-0.801
-0.004,-0.061
-0.03,-1.498
-0.216,0.392
-0.235,0.589
-0.288,-0.507
-0.978,-0.601
-1.163,-1.926
-2.688,-0.679
2.086,-0.663
0.825,-2.0
-2.739,0.826
-1.06,-3.07
-0.303,-3.418
0.01,-0.771
-0.113,-1.024
-0.167,-0.885
-0.327,-0.086
-0.301,-1.09
-0.313,-0.154
-0.395,-0.778
-0.451,1.374
-0.612,1.771
-0.677,-0.047
-0.701,-1.717
-0.747,0.222
-2.066,-2.034
-2.118,-2.04
-2.181,-2.231
-2.53,-2.114
-2.972,-2.36
-2.97,-2.024
2.969,-2.324
2.717,-2.204
2.294,-2.175
1.98,-2.284
1.796,-2.288
1.734,-2.02
1.139,-2.411
0.925,-2.087
0.545,-1.99
0.441,-2.358
-0.709,-2.046
-0.848,2.091
-1.359,2.154
-1.832,2.098
-1.981,2.332
-2.013,2.019
-2.217,2.217
-2.782,2.297
-2.871,2.363
2.996,2.024
1.998,2.128
1.713,2.414
0.805,2.071
0.715,2.25
0.588,2.039
0.451,2.484
0.271,2.352
0.114,2.328
-0.103,2.359
-0.056,2.041
-0.549,2.201
-1.504,1.509
-1.485,-0.822
-2.42,2.011
-2.712,1.682
3.086,1.925
2.539,-1.294
0.928,1.68
0.454,1.472
-0.59,0.667
-0.617,-1.009
-1.438,-2.393
1.153,-2.226
-0.14,-2.145
-0.247,-2.182
-0.719,-2.393
-0.733,0.816
-0.736,-0.912
-1.064,-0.615
-1.288,0.634
-1.429,-0.43
-1.321,1.67
-1.405,0.777
-1.557,1.06
-1.454,-0.236
-1.429,-1.406
-1.587,0.621
-1.619,1.465
-1.507,-0.309
-1.554,1.045
-1.715,-0.745
-1.619,-1.226
-1.853,0.603
-1.841,-0.452
-1.731,2.009
-1.792,-0.615
-1.798,0.557
-1.811,1.539
-1.94,0.381
-1.992,0.862
-2.03,0.87
-2.1,2.0
-2.109,0.572
-2.033,-0.85
-2.121,2.026
-2.295,0.792
-2.224,0.775
-2.448,-1.647
-2.371,-0.433
-2.502,0.039
-2.588,-0.714
-2.511,-0.378
-2.569,-0.332
-2.701,-0.055
-2.739,1.661
-2.797,0.508
-2.69,1.91
-2.748,-0.106
-2.902,0.675
-2.904,-0.883
-2.951,0.557
-2.817,1.525
-2.809,0.972
-2.984,-1.781
-2.979,-0.546
-3.03,-0.649
-3.026,-0.748
3.096,-1.661
-3.089,0.398
-3.123,1.305
2.961,1.698
2.974,-0.168
2.99,-1.916
2.962,-0.701
2.716,1.721
2.871,0.614
2.694,-0.863
2.593,-2.002
2.689,0.619
2.505,-0.766
2.603,1.709
2.543,-1.014
2.381,0.793
2.205,-0.585
2.095,-0.218
2.148,-1.581
1.819,-1.968
1.778,-0.987
1.755,-0.478
1.651,1.908
1.633,0.845
1.523,0.668
1.475,-0.471
1.386,0.578
1.12,-1.748
1.241,-1.737
1.159,-0.869
1.054,1.798
1.105,-0.818
1.116,1.377
1.083,-0.912
0.98,0.244
0.824,0.763
0.747,0.811
0.721,-0.652
0.588,-0.167
0.618,-1.783
0.44,0.887
0.305,1.705
0.314,1.529
0.439,1.624
0.254,1.783
0.361,0.409
0.138,0.714
0.138,0.499
0.063,1.287
0.083,1.93
-0.101,0.107
-0.161,-0.792
-0.363,-0.649
-0.413,-0.515
-0.48,0.26
-0.569,-1.904
-0.601,-1.68
-0.514,1.656
-0.544,0.378
-0.689,0.258
-0.598,0.823
-0.577,0.19
-0.755,-2.314
-1.077,-2.012
-1.973,-2.278
-2.53,-2.242
-2.425,-2.054
2.888,-1.975
2.707,-2.331
2.24,-2.285
2.095,-2.389
2.039,-2.148
0.728,-2.226
0.851,-2.179
0.689,-2.313
0.822,-2.121
0.528,-2.207
0.482,-2.091
0.355,-2.306
-0.276,-2.074
-0.246,-1.973
-0.423,-2.148
-0.825,-1.967
-0.988,2.27
-1.114,2.382
-1.153,2.352
-1.26,2.336
-1.443,2.286
-2.328,2.099
-2.86,2.165
-3.093,1.994
2.848,2.293
2.501,2.23
1.629,2.235
1.404,2.287
1.055,2.156
0.271,2.339
-0.132,1.957
-0.572,2.201
-0.758,2.102
-0.67,2.3
-3.003,-0.071
2.084,1.139
1.516,-1.043
1.075,-0.133
0.831,1.623
-1.698,0.467
-1.881,-1.235
-2.425,-1.241
-3.103,-0.706
1.36,1.488
1.017,0.915
1.012,0.551
0.704,-0.204
0.349,-1.461
0.412,0.177
0.071,0.917
0.045,-0.52
-0.141,1.37
-0.16,1.567
-0.213,0.471
-0.903,0.377
-1.088,-0.948
-2.613,0.299
2.161,0.315
0.9,-1.022
-2.664,1.804
-0.985,-2.092
-0.228,-2.44
-0.123,-0.253
-0.177,-0.114
-0.337,0.685
-0.311,-0.319
-0.323,0.617
-0.405,-0.007
-0.461,2.145
-0.622,2.542
-0.687,0.724
-0.711,-0.946
-0.757,0.993
-2.076,-1.263
-2.128,-1.269
-2.191,-1.46
-2.54,-1.343
-2.982,-1.589
-2.98,-1.253
2.959,-1.553
2.707,-1.433
2.284,-1.404
1.97,-1.513
1.786,-1.517
1.724,-1.249
1.129,-1.64
0.915,-1.316
0.535,-1.219
0.431,-1.587
-0.719,-1.275
-0.858,2.862
-1.369,2.925
-1.842,2.869
-1.991,3.103
-2.023,2.79
-2.227,2.988
-2.792,3.068
-2.881,3.134
2.986,2.795
1.988,2.899
1.703,3.185
0.795,2.842
0.705,3.021
0.578,2.81
0.441,3.255
0.261,3.123
0.104,3.099
-0.113,3.13
-0.066,2.812
-0.559,2.972
-1.514,2.28
-1.495,-0.051
-2.43,2.782
-2.722,2.453
3.076,2.696
2.529,-0.523
0.918,2.451
0.444,2.243
-0.6,1.438
-0.627,-0.238
-1.448,-1.622
1.143,-1.455
-0.15,-1.374
-0.257,-1.411
-0.729,-1.622
-0.743,1.587
-0.746,-0.141
-1.074,0.156
-1.298,1.405
-1.439,0.341
-1.331,2.441
-1.415,1.548
-1.567,1.831
-1.464,0.535
-1.439,-0.635
-1.597,1.392
-1.629,2.236
-1.517,0.462
-1.564,1.816
-1.725,0.026
-1.629,-0.455
-1.863,1.374
-1.851,0.319
-1.741,2.78
-1.802,0.156
-1.808,1.328
-1.821,2.31
-1.95,1.152
-2.002,1.633
-2.04,1.641
-2.11,2.771
-2.119,1.343
-2.043,-0.079
-2.131,2.797
-2.305,1.563
-2.234,1.546
-2.458,-0.876
-2.381,0.338
-2.512,0.81
-2.598,0.057
-2.521,0.393
-2.579,0.439
-2.711,0.716
-2.749,2.432
-2.807,1.279
-2.7,2.681
-2.758,0.665
-2.912,1.446
-2.914,-0.112
-2.961,1.328
-2.827,2.296
-2.819,1.743
-2.994,-1.01
-2.989,0.225
-3.04,0.122
-3.036,0.023
3.086,-0.89
-3.099,1.169
-3.133,2.076
2.951,2.469
2.964,0.603
2.98,-1.145
2.952,0.07
2.706,2.492
2.861,1.385
2.684,-0.092
2.583,-1.231
2.679,1.39
2.495,0.005
2.593,2.48
2.533,-0.243
2.371,1.564
2.195,0.186
2.085,0.553
2.138,-0.81
1.809,-1.197
1.768,-0.216
1.745,0.293
1.641,2.679
1.623,1.616
1.513,1.439
1.465,0.3
1.376,1.349
1.11,-0.977
1.231,-0.966
1.149,-0.098
1.044,2.569
1.095,-0.047
1.106,2.148
1.073,-0.141
0.97,1.015
0.814,1.534
0.737,1.582
0.711,0.119
0.578,0.604
0.608,-1.012
0.43,1.658
0.295,2.476
0.304,2.3
0.429,2.395
0.244,2.554
0.351,1.18
0.128,1.485
0.128,1.27
0.053,2.058
0.073,2.701
-0.111,0.878
-0.171,-0.021
-0.373,0.122
-0.423,0.256
-0.49,1.031
-0.579,-1.133
-0.611,-0.909
-0.524,2.427
-0.554,1.149
-0.699,1.029
-0.608,1.594
-0.587,0.961
-0.765,-1.543
-1.087,-1.241
-1.983,-1.507
-2.54,-1.471
-2.435,-1.283
2.878,-1.204
2.697,-1.56
2.23,-1.514
2.085,-1.618
2.029,-1.377
0.718,-1.455
0.841,-1.408
0.679,-1.542
0.812,-1.35
0.518,-1.436
0.472,-1.32
0.345,-1.535
-0.286,-1.303
-0.256,-1.202
-0.433,-1.377
-0.835,-1.196
-0.998,3.041
-1.124,3.153
-1.163,3.123
-1.27,3.107
-1.453,3.057
-2.338,2.87
-2.87,2.936
-3.103,2.765
2.838,3.064
2.491,3.001
1.619,3.006
1.394,3.058
1.045,2.927
0.261,3.11
-0.142,2.728
-0.582,2.972
-0.768,2.873
-0.68,3.071
-3.013,0.7
2.074,1.91
1.506,-0.272
1.065,0.638
0.821,2.394
-1.708,1.238
-1.891,-0.464
-2.435,-0.47
-3.113,0.065
1.35,2.259
1.007,1.686
1.002,1.322
0.694,0.567
0.339,-0.69
0.402,0.948
0.061,1.688
0.035,0.251
-0.151,2.141
-0.17,2.338
-0.223,1.242
-0.913,1.148
-1.098,-0.177
-2.623,1.07
2.151,1.086
0.89,-0.251
-2.674,2.575
-0.995,-1.321
-0.238,-1.669
-0.054,0.139
-0.214,0.938
-0.188,-0.066
-0.2,0.87
-0.282,0.246
-0.338,2.398
-0.499,2.795
-0.564,0.977
-0.588,-0.693
-0.634,1.246
-1.953,-1.01
-2.005,-1.016
-2.068,-1.207
-2.417,-1.09
-2.859,-1.336
-2.857,-1.0
3.082,-1.3
2.83,-1.18
2.407,-1.151
2.093,-1.26
1.909,-1.264
1.847,-0.996
1.252,-1.387
1.038,-1.063
0.658,-0.966
0.554,-1.334
-0.596,-1.022
-0.735,3.115
-1.246,3.178
-1.719,3.122
-1.868,3.356
-1.9,3.043
-2.104,3.241
-2.669,3.321
-2.758,3.387
3.109,3.048
2.111,3.152
1.826,3.438
0.918,3.095
0.828,3.274
0.701,3.063
0.564,3.508
0.384,3.376
0.227,3.352
0.01,3.383
0.057,3.065
-0.436,3.225
-1.391,2.533
-1.372,0.202
-2.307,3.035
-2.599,2.706
-3.084,2.949
2.652,-0.27
1.041,2.704
0.567,2.496
-0.477,1.691
-0.504,0.015
-1.325,-1.369
1.266,-1.202
-0.027,-1.121
-0.134,-1.158
-0.606,-1.369
-0.62,1.84
-0.623,0.112
-0.951,0.409
-1.175,1.658
-1.316,0.594
-1.208,2.694
-1.292,1.801
-1.444,2.084
-1.341,0.788
-1.316,-0.382
-1.474,1.645
-1.506,2.489
-1.394,0.715
-1.441,2.069
-1.602,0.279
-1.506,-0.202
-1.74,1.627
-1.728,0.572
-1.618,3.033
-1.679,0.409
-1.685,1.581
-1.698,2.563
-1.827,1.405
-1.879,1.886
-1.917,1.894
-1.987,3.024
-1.996,1.596
-1.92,0.174
-2.008,3.05
-2.182,1.816
-2.111,1.799
-2.335,-0.623
-2.258,0.591
-2.389,1.063
-2.475,0.31
-2.398,0.646
-2.456,0.692
-2.588,0.969
-2.626,2.685
-2.684,1.532
-2.577,2.934
-2.635,0.918
-2.789,1.699
-2.791,0.141
-2.838,1.581
-2.704,2.549
-2.696,1.996
-2.871,-0.757
-2.866,0.478
-2.917,0.375
-2.913,0.276
-3.074,-0.637
-2.976,1.422
-3.01,2.329
3.074,2.722
3.087,0.856
3.103,-0.892
3.075,0.323
2.829,2.745
2.984,1.638
2.807,0.161
2.706,-0.978
2.802,1.643
2.618,0.258
2.716,2.733
2.656,0.01
2.494,1.817
2.318,0.439
2.208,0.806
2.261,-0.557
1.932,-0.944
1.891,0.037
1.868,0.546
1.764,2.932
1.746,1.869
1.636,1.692
1.588,0.553
1.499,1.602
1.233,-0.724
1.354,-0.713
1.272,0.155
1.167,2.822
1.218,0.206
1.229,2.401
1.196,0.112
1.093,1.268
0.937,1.787
0.86,1.835
0.834,0.372
0.701,0.857
0.731,-0.759
0.553,1.911
0.418,2.729
0.427,2.553
0.552,2.648
0.367,2.807
0.474,1.433
0.251,1.738
0.251,1.523
0.176,2.311
0.196,2.954
0.012,1.131
-0.048,0.232
-0.25,0.375
-0.3,0.509
-0.367,1.284
-0.456,-0.88
-0.488,-0.656
-0.401,2.68
-0.431,1.402
-0.576,1.282
-0.485,1.847
-0.464,1.214
-0.642,-1.29
-0.964,-0.988
-1.86,-1.254
-2.417,-1.218
-2.312,-1.03
3.001,-0.951
2.82,-1.307
2.353,-1.261
2.208,-1.365
2.152,-1.124
0.841,-1.202
0.964,-1.155
0.802,-1.289
0.935,-1.097
0.641,-1.183
0.595,-1.067
0.468,-1.282
-0.163,-1.05
-0.133,-0.949
-0.31,-1.124
-0.712,-0.943
-0.875,3.294
-1.001,3.406
-1.04,3.376
-1.147,3.36
-1.33,3.31
-2.215,3.123
-2.747,3.189
-2.98,3.018
2.961,3.317
2.614,3.254
1.742,3.259
1.517,3.311
1.168,3.18
0.384,3.363
-0.019,2.981
-0.459,3.225
-0.645,3.126
-0.557,3.324
-2.89,0.953
2.197,2.163
1.629,-0.019
1.188,0.891
0.944,2.647
-1.585,1.491
-1.768,-0.211
-2.312,-0.217
-2.99,0.318
1.473,2.512
1.13,1.939
1.125,1.575
0.817,0.82
0.462,-0.437
0.525,1.201
0.184,1.941
0.158,0.504
-0.028,2.394
-0.047,2.591
-0.1,1.495
-0.79,1.401
-0.975,0.076
-2.5,1.323
2.274,1.339
1.013,0.002
-2.551,2.828
-0.872,-1.068
-0.115,-1.416
-0.16,0.799
-0.134,-0.205
-0.146,0.731
-0.228,0.107
-0.284,2.259
-0.445,2.656
-0.51,0.838
-0.534,-0.832
-0.58,1.107
-1.899,-1.149
-1.951,-1.155
-2.014,-1.346
-2.363,-1.229
-2.805,-1.475
-2.803,-1.139
3.136,-1.439
2.884,-1.319
2.461,-1.29
2.147,-1.399
1.963,-1.403
1.901,-1.135
1.306,-1.526
1.092,-1.202
0.712,-1.105
0.608,-1.473
-0.542,-1.161
-0.681,2.976
-1.192,3.039
-1.665,2.983
-1.814,3.217
-1.846,2.904
-2.05,3.102
-2.615,3.182
-2.704,3.248
-3.12,2.909
2.165,3.013
1.88,3.299
0.972,2.956
0.882,3.135
0.755,2.924
0.618,3.369
0.438,3.237
0.281,3.213
0.064,3.244
0.111,2.926
-0.382,3.086
-1.337,2.394
-1.318,0.063
-2.253,2.896
-2.545,2.567
-3.03,2.81
2.706,-0.409
1.095,2.565
0.621,2.357
-0.423,1.552
-0.45,-0.124
-1.271,-1.508
1.32,-1.341
0.027,-1.26
-0.08,-1.297
-0.552,-1.508
-0.566,1.701
-0.569,-0.027
-0.897,0.27
-1.121,1.519
-1.262,0.455
-1.154,2.555
-1.238,1.662
-1.39,1.945
-1.287,0.649
-1.262,-0.521
-1.42,1.506
-1.452,2.35
-1.34,0.576
-1.387,1.93
-1.548,0.14
-1.452,-0.341
-1.686,1.488
-1.674,0.433
-1.564,2.894
-1.625,0.27
-1.631,1.442
-1.644,2.424
-1.773,1.266
-1.825,1.747
-1.863,1.755
-1.933,2.885
-1.942,1.457
-1.866,0.035
-1.954,2.911
-2.128,1.677
-2.057,1.66
-2.281,-0.762
-2.204,0.452
-2.335,0.924
-2.421,0.171
-2.344,0.507
-2.402,0.553
-2.534,0.83
-2.572,2.546
-2.63,1.393
-2.523,2.795
-2.581,0.779
-2.735,1.56
-2.737,0.002
-2.784,1.442
-2.65,2.41
-2.642,1.857
-2.817,-0.896
-2.812,0.339
-2.863,0.236
-2.859,0.137
-3.02,-0.776
-2.922,1.283
-2.956,2.19
3.128,2.583
3.141,0.717
-3.126,-1.031
3.129,0.184
2.883,2.606
3.038,1.499
2.861,0.022
2.76,-1.117
2.856,1.504
2.672,0.119
2.77,2.594
2.71,-0.129
2.548,1.678
2.372,0.3
2.262,0.667
2.315,-0.696
1.986,-1.083
1.945,-0.102
1.922,0.407
1.818,2.793
1.8,1.73
1.69,1.553
1.642,0.414
1.553,1.463
1.287,-0.863
1.408,-0.852
1.326,0.016
1.221,2.683
1.272,0.067
1.283,2.262
1.25,-0.027
1.147,1.129
0.991,1.648
0.914,1.696
0.888,0.233
0.755,0.718
0.785,-0.898
0.607,1.772
0.472,2.59
0.481,2.414
0.606,2.509
0.421,2.668
0.528,1.294
0.305,1.599
0.305,1.384
0.23,2.172
0.25,2.815
0.066,0.992
0.006,0.093
-0.196,0.236
-0.246,0.37
-0.313,1.145
-0.402,-1.019
-0.434,-0.795
-0.347,2.541
-0.377,1.263
-0.522,1.143
-0.431,1.708
-0.41,1.075
-0.588,-1.429
-0.91,-1.127
-1.806,-1.393
-2.363,-1.357
-2.258,-1.169
3.055,-1.09
2.874,-1.446
2.407,-1.4
2.262,-1.504
2.206,-1.263
0.895,-1.341
1.018,-1.294
0.856,-1.428
0.989,-1.236
0.695,-1.322
0.649,-1.206
0.522,-1.421
-0.109,-1.189
-0.079,-1.088
-0.256,-1.263
-0.658,-1.082
-0.821,3.155
-0.947,3.267
-0.986,3.237
-1.093,3.221
-1.276,3.171
-2.161,2.984
-2.693,3.05
-2.926,2.879
3.015,3.178
2.668,3.115
1.796,3.12
1.571,3.172
1.222,3.041
0.438,3.224
0.035,2.842
-0.405,3.086
-0.591,2.987
-0.503,3.185
-2.836,0.814
2.251,2.024
1.683,-0.158
1.242,0.752
0.998,2.508
-1.531,1.352
-1.714,-0.35
-2.258,-0.356
-2.936,0.179
1.527,2.373
1.184,1.8
1.179,1.436
0.871,0.681
0.516,-0.576
0.579,1.062
0.238,1.802
0.212,0.365
0.026,2.255
0.007,2.452
-0.046,1.356
-0.736,1.262
-0.921,-0.063
-2.446,1.184
2.328,1.2
1.067,-0.137
-2.497,2.689
-0.818,-1.207
-0.061,-1.555
0.026,-1.004
0.014,-0.068
-0.068,-0.692
-0.124,1.46
-0.285,1.857
-0.35,0.039
-0.374,-1.631
-0.42,0.308
-1.739,-1.948
-1.791,-1.954
-1.854,-2.145
-2.203,-2.028
-2.645,-2.274
-2.643,-1.938
-2.987,-2.238
3.044,-2.118
2.621,-2.089
2.307,-2.198
2.123,-2.202
2.061,-1.934
1.466,-2.325
1.252,-2.001
0.872,-1.904
0.768,-2.272
-0.382,-1.96
-0.521,2.177
-1.032,2.24
-1.505,2.184
-1.654,2.418
-1.686,2.105
-1.89,2.303
-2.455,2.383
-2.544,2.449
-2.96,2.11
2.325,2.214
2.04,2.5
1.132,2.157
1.042,2.336
0.915,2.125
0.778,2.57
0.598,2.438
0.441,2.414
0.224,2.445
0.271,2.127
-0.222,2.287
-1.177,1.595
-1.158,-0.736
-2.093,2.097
-2.385,1.768
-2.87,2.011
2.866,-1.208
1.255,1.766
0.781,1.558
-0.263,0.753
-0.29,-0.923
-1.111,-2.307
1.48,-2.14
0.187,-2.059
0.08,-2.096
-0.392,-2.307
-0.406,0.902
-0.409,-0.826
-0.737,-0.529
-0.961,0.72
-1.102,-0.344
-0.994,1.756
-1.078,0.863
-1.23,1.146
-1.127,-0.15
-1.102,-1.32
-1.26,0.707
-1.292,1.551
-1.18,-0.223
-1.227,1.131
-1.388,-0.659
-1.292,-1.14
-1.526,0.689
-1.514,-0.366
-1.404,2.095
-1.465,-0.529
-1.471,0.643
-1.484,1.625
-1.613,0.467
-1.665,0.948
-1.703,0.956
-1.773,2.086
-1.782,0.658
-1.706,-0.764
-1.794,2.112
-1.968,0.878
-1.897,0.861
-2.121,-1.561
-2.044,-0.347
-2.175,0.125
-2.261,-0.628
-2.184,-0.292
-2.242,-0.246
-2.374,0.031
-2.412,1.747
-2.47,0.594
-2.363,1.996
-2.421,-0.02
-2.575,0.761
-2.577,-0.797
-2.624,0.643
-2.49,1.611
-2.482,1.058
-2.657,-1.695
-2.652,-0.46
-2.703,-0.563
-2.699,-0.662
-2.86,-1.575
-2.762,0.484
-2.796,1.391
-2.995,1.784
-2.982,-0.082
-2.966,-1.83
-2.994,-0.615
3.043,1.807
-3.085,0.7
3.021,-0.777
2.92,-1.916
3.016,0.705
2.832,-0.68
2.93,1.795
2.87,-0.928
2.708,0.879
2.532,-0.499
2.422,-0.132
2.475,-1.495
2.146,-1.882
2.105,-0.901
2.082,-0.392
1.978,1.994
1.96,0.931
1.85,0.754
1.802,-0.385
1.713,0.664
1.447,-1.662
1.568,-1.651
1.486,-0.783
1.381,1.884
1.432,-0.732
1.443,1.463
1.41,-0.826
1.307,0.33
1.151,0.849
1.074,0.897
1.048,-0.566
0.915,-0.081
0.945,-1.697
0.767,0.973
0.632,1.791
0.641,1.615
0.766,1.71
0.581,1.869
0.688,0.495
0.465,0.8
0.465,0.585
0.39,1.373
0.41,2.016
0.226,0.193
0.166,-0.706
-0.036,-0.563
-0.086,-0.429
-0.153,0.346
-0.242,-1.818
-0.274,-1.594
-0.187,1.742
-0.217,0.464
-0.362,0.344
-0.271,0.909
-0.25,0.276
-0.428,-2.228
-0.75,-1.926
-1.646,-2.192
-2.203,-2.156
-2.098,-1.968
-3.068,-1.889
3.034,-2.245
2.567,-2.199
2.422,-2.303
2.366,-2.062
1.055,-2.14
1.178,-2.093
1.016,-2.227
1.149,-2.035
0.855,-2.121
0.809,-2.005
0.682,-2.22
0.051,-1.988
0.081,-1.887
-0.096,-2.062
-0.498,-1.881
-0.661,2.356
-0.787,2.468
-0.826,2.438
-0.933,2.422
-1.116,2.372
-2.001,2.185
-2.533,2.251
-2.766,2.08
-3.108,2.379
2.828,2.316
1.956,2.321
1.731,2.373
1.382,2.242
0.598,2.425
0.195,2.043
-0.245,2.287
-0.431,2.188
-0.343,2.386
-2.676,0.015
2.411,1.225
1.843,-0.957
1.402,-0.047
1.158,1.709
-1.371,0.553
-1.554,-1.149
-2.098,-1.155
-2.776,-0.62
1.687,1.574
1.344,1.001
1.339,0.637
1.031,-0.118
0.676,-1.375
0.739,0.263
0.398,1.003
0.372,-0.434
0.186,1.456
0.167,1.653
0.114,0.557
-0.576,0.463
-0.761,-0.862
-2.286,0.385
2.488,0.401
1.227,-0.936
-2.337,1.89
-0.658,-2.006
0.099,-2.354
-0.012,0.936
-0.094,0.312
-0.15,2.464
-0.311,2.861
-0.376,1.043
-0.4,-0.627
-0.446,1.312
-1.765,-0.944
-1.817,-0.95
-1.88,-1.141
-2.229,-1.024
-2.671,-1.27
-2.669,-0.934
-3.013,-1.234
3.018,-1.114
2.595,-1.085
2.281,-1.194
2.097,-1.198
2.035,-0.93
1.44,-1.321
1.226,-0.997
0.846,-0.9
0.742,-1.268
-0.408,-0.956
-0.547,3.181
-1.058,3.244
-1.531,3.188
-1.68,3.422
-1.712,3.109
-1.916,3.307
-2.481,3.387
-2.57,3.453
-2.986,3.114
2.299,3.218
2.014,3.504
1.106,3.161
1.016,3.34
0.889,3.129
0.752,3.574
0.572,3.442
0.415,3.418
0.198,3.449
0.245,3.131
-0.248,3.291
-1.203,2.599
-1.184,0.268
-2.119,3.101
-2.411,2.772
-2.896,3.015
2.84,-0.204
1.229,2.77
0.755,2.562
-0.289,1.757
-0.316,0.081
-1.137,-1.303
1.454,-1.136
0.161,-1.055
0.054,-1.092
-0.418,-1.303
-0.432,1.906
-0.435,0.178
-0.763,0.475
-0.987,1.724
-1.128,0.66
-1.02,2.76
-1.104,1.867
-1.256,2.15
-1.153,0.854
-1.128,-0.316
-1.286,1.711
-1.318,2.555
-1.206,0.781
-1.253,2.135
-1.414,0.345
-1.318,-0.136
-1.552,1.693
-1.54,0.638
-1.43,3.099
-1.491,0.475
-1.497,1.647
-1.51,2.629
-1.639,1.471
-1.691,1.952
-1.729,1.96
-1.799,3.09
-1.808,1.662
-1.732,0.24
-1.82,3.116
-1.994,1.882
-1.923,1.865
-2.147,-0.557
-2.07,0.657
-2.201,1.129
-2.287,0.376
-2.21,0.712
-2.268,0.758
-2.4,1.035
-2.438,2.751
-2.496,1.598
-2.389,3.0
-2.447,0.984
-2.601,1.765
-2.603,0.207
-2.65,1.647
-2.516,2.615
-2.508,2.062
-2.683,-0.691
-2.678,0.544
-2.729,0.441
-2.725,0.342
-2.886,-0.571
-2.788,1.488
-2.822,2.395
-3.021,2.788
-3.008,0.922
-2.992,-0.826
-3.02,0.389
3.017,2.811
-3.111,1.704
2.995,0.227
2.894,-0.912
2.99,1.709
2.806,0.324
2.904,2.799
2.844,0.076
2.682,1.883
2.506,0.505
2.396,0.872
2.449,-0.491
2.12,-0.878
2.079,0.103
2.056,0.612
1.952,2.998
1.934,1.935
1.824,1.758
1.776,0.619
1.687,1.668
1.421,-0.658
1.542,-0.647
1.46,0.221
1.355,2.888
1.406,0.272
1.417,2.467
1.384,0.178
1.281,1.334
1.125,1.853
1.048,1.901
1.022,0.438
0.889,0.923
0.919,-0.693
0.741,1.977
0.606,2.795
0.615,2.619
0.74,2.714
0.555,2.873
0.662,1.499
0.439,1.804
0.439,1.589
0.364,2.377
0.384,3.02
0.2,1.197
0.14,0.298
-0.062,0.441
-0.112,0.575
-0.179,1.35
-0.268,-0.814
-0.3,-0.59
-0.213,2.746
-0.243,1.468
-0.388,1.348
-0.297,1.913
-0.276,1.28
-0.454,-1.224
-0.776,-0.922
-1.672,-1.188
-2.229,-1.152
-2.124,-0.964
-3.094,-0.885
3.008,-1.241
2.541,-1.195
2.396,-1.299
2.34,-1.058
1.029,-1.136
1.152,-1.089
0.99,-1.223
1.123,-1.031
0.829,-1.117
0.783,-1.001
0.656,-1.216
0.025,-0.984
0.055,-0.883
-0.122,-1.058
-0.524,-0.877
-0.687,3.36
-0.813,3.472
-0.852,3.442
-0.959,3.426
-1.142,3.376
-2.027,3.189
-2.559,3.255
-2.792,3.084
-3.134,3.383
2.802,3.32
1.93,3.325
1.705,3.377
1.356,3.246
0.572,3.429
0.169,3.047
-0.271,3.291
-0.457,3.192
-0.369,3.39
-2.702,1.019
2.385,2.229
1.817,0.047
1.376,0.957
1.132,2.713
-1.397,1.557
-1.58,-0.145
-2.124,-0.151
-2.802,0.384
1.661,2.578
1.318,2.005
1.313,1.641
1.005,0.886
0.65,-0.371
0.713,1.267
0.372,2.007
0.346,0.57
0.16,2.46
0.141,2.657
0.088,1.561
-0.602,1.467
-0.787,0.142
-2.312,1.389
2.462,1.405
1.201,0.068
-2.363,2.894
-0.684,-1.002
0.073,-1.35
-0.082,-0.624
-0.138,1.528
-0.299,1.925
-0.364,0.107
-0.388,-1.563
-0.434,0.376
-1.753,-1.88
-1.805,-1.886
-1.868,-2.077
-2.217,-1.96
-2.659,-2.206
-2.657,-1.87
-3.001,-2.17
3.03,-2.05
2.607,-2.021
2.293,-2.13
2.109,-2.134
2.047,-1.866
1.452,-2.257
1.238,-1.933
0.858,-1.836
0.754,-2.204
-0.396,-1.892
-0.535,2.245
-1.046,2.308
-1.519,2.252
-1.668,2.486
-1.7,2.173
-1.904,2.371
-2.469,2.451
-2.558,2.517
-2.974,2.178
2.311,2.282
2.026,2.568
1.118,2.225
1.028,2.404
0.901,2.193
0.764,2.638
0.584,2.506
0.427,2.482
0.21,2.513
0.257,2.195
-0.236,2.355
-1.191,1.663
-1.172,-0.668
-2.107,2.165
-2.399,1.836
-2.884,2.079
2.852,-1.14
1.241,1.834
0.767,1.626
-0.277,0.821
-0.304,-0.855
-1.125,-2.239
1.466,-2.072
0.173,-1.991
0.066,-2.028
-0.406,-2.239
-0.42,0.97
-0.423,-0.758
-0.751,-0.461
-0.975,0.788
-1.116,-0.276
-1.008,1.824
-1.092,0.931
-1.244,1.214
-1.141,-0.082
-1.116,-1.252
-1.274,0.775
-1.306,1.619
-1.194,-0.155
-1.241,1.199
-1.402,-0.591
-1.306,-1.072
-1.54,0.757
-1.528,-0.298
-1.418,2.163
-1.479,-0.461
-1.485,0.711
-1.498,1.693
-1.627,0.535
-1.679,1.016
-1.717,1.024
-1.787,2.154
-1.796,0.726
-1.72,-0.696
-1.808,2.18
-1.982,0.946
-1.911,0.929
-2.135,-1.493
-2.058,-0.279
-2.189,0.193
-2.275,-0.56
-2.198,-0.224
-2.256,-0.178
-2.388,0.099
-2.426,1.815
-2.484,0.662
-2.377,2.064
-2.435,0.048
-2.589,0.829
-2.591,-0.729
-2.638,0.711
-2.504,1.679
-2.496,1.126
-2.671,-1.627
-2.666,-0.392
-2.717,-0.495
-2.713,-0.594
-2.874,-1.507
-2.776,0.552
-2.81,1.459
-3.009,1.852
-2.996,-0.014
-2.98,-1.762
-3.008,-0.547
3.029,1.875
-3.099,0.768
3.007,-0.709
2.906,-1.848
3.002,0.773
2.818,-0.612
2.916,1.863
2.856,-0.86
2.694,0.947
2.518,-0.431
2.408,-0.064
2.461,-1.427
2.132,-1.814
2.091,-0.833
2.068,-0.324
1.964,2.062
1.946,0.999
1.836,0.822
1.788,-0.317
1.699,0.732
1.433,-1.594
1.554,-1.583
1.472,-0.715
1.367,1.952
1.418,-0.664
1.429,1.531
1.396,-0.758
1.293,0.398
1.137,0.917
1.06,0.965
1.034,-0.498
0.901,-0.013
0.931,-1.629
0.753,1.041
0.618,1.859
0.627,1.683
0.752,1.778
0.567,1.937
0.674,0.563
0.451,0.868
0.451,0.653
0.376,1.441
0.396,2.084
0.212,0.261
0.152,-0.638
-0.05,-0.495
-0.1,-0.361
-0.167,0.414
-0.256,-1.75
-0.288,-1.526
-0.201,1.81
-0.231,0.532
-0.376,0.412
-0.285,0.977
-0.264,0.344
-0.442,-2.16
-0.764,-1.858
-1.66,-2.124
-2.217,-2.088
-2.112,-1.9
-3.082,-1.821
3.02,-2.177
2.553,-2.131
2.408,-2.235
2.352,-1.994
1.041,-2.072
1.164,-2.025
1.002,-2.159
1.135,-1.967
0.841,-2.053
0.795,-1.937
0.668,-2.152
0.037,-1.92
0.067,-1.819
-0.11,-1.994
-0.512,-1.813
-0.675,2.424
-0.801,2.536
-0.84,2.506
-0.947,2.49
-1.13,2.44
-2.015,2.253
-2.547,2.319
-2.78,2.148
-3.122,2.447
2.814,2.384
1.942,2.389
1.717,2.441
1.368,2.31
0.584,2.493
0.181,2.111
-0.259,2.355
-0.445,2.256
-0.357,2.454
-2.69,0.083
2.397,1.293
1.829,-0.889
1.388,0.021
1.144,1.777
-1.385,0.621
-1.568,-1.081
-2.112,-1.087
-2.79,-0.552
1.673,1.642
1.33,1.069
1.325,0.705
1.017,-0.05
0.662,-1.307
0.725,0.331
0.384,1.071
0.358,-0.366
0.172,1.524
0.153,1.721
0.1,0.625
-0.59,0.531
-0.775,-0.794
-2.3,0.453
2.474,0.469
1.213,-0.868
-2.351,1.958
-0.672,-1.938
0.085,-2.286
-0.056,2.152
-0.217,2.549
-0.282,0.731
-0.306,-0.939
-0.352,1.0
-1.671,-1.256
-1.723,-1.262
-1.786,-1.453
-2.135,-1.336
-2.577,-1.582
-2.575,-1.246
-2.919,-1.546
3.112,-1.426
2.689,-1.397
2.375,-1.506
2.191,-1.51
2.129,-1.242
1.534,-1.633
1.32,-1.309
0.94,-1.212
0.836,-1.58
-0.314,-1.268
-0.453,2.869
-0.964,2.932
-1.437,2.876
-1.586,3.11
-1.618,2.797
-1.822,2.995
-2.387,3.075
-2.476,3.141
-2.892,2.802
2.393,2.906
2.108,3.192
1.2,2.849
1.11,3.028
0.983,2.817
0.846,3.262
0.666,3.13
0.509,3.106
0.292,3.137
0.339,2.819
-0.154,2.979
-1.109,2.287
-1.09,-0.044
-2.025,2.789
-2.317,2.46
-2.802,2.703
2.934,-0.516
1.323,2.458
0.849,2.25
-0.195,1.445
-0.222,-0.231
-1.043,-1.615
1.548,-1.448
0.255,-1.367
0.148,-1.404
-0.324,-1.615
-0.338,1.594
-0.341,-0.134
-0.669,0.163
-0.893,1.412
-1.034,0.348
-0.926,2.448
-1.01,1.555
-1.162,1.838
-1.059,0.542
-1.034,-0.628
-1.192,1.399
-1.224,2.243
-1.112,0.469
-1.159,1.823
-1.32,0.033
-1.224,-0.448
-1.458,1.381
-1.446,0.326
-1.336,2.787
-1.397,0.163
-1.403,1.335
-1.416,2.317
-1.545,1.159
-1.597,1.64
-1.635,1.648
-1.705,2.778
-1.714,1.35
-1.638,-0.072
-1.726,2.804
-1.9,1.57
-1.829,1.553
-2.053,-0.869
-1.976,0.345
-2.107,0.817
-2.193,0.064
-2.116,0.4
-2.174,0.446
-2.306,0.723
-2.344,2.439
-2.402,1.286
-2.295,2.688
-2.353,0.672
-2.507,1.453
-2.509,-0.105
-2.556,1.335
-2.422,2.303
-2.414,1.75
-2.589,-1.003
-2.584,0.232
-2.635,0.129
-2.631,0.03
-2.792,-0.883
-2.694,1.176
-2.728,2.083
-2.927,2.476
-2.914,0.61
-2.898,-1.138
-2.926,0.077
3.111,2.499
-3.017,1.392
3.089,-0.085
2.988,-1.224
3.084,1.397
2.9,0.012
2.998,2.487
2.938,-0.236
2.776,1.571
2.6,0.193
2.49,0.56
2.543,-0.803
2.214,-1.19
2.173,-0.209
2.15,0.3
2.046,2.686
2.028,1.623
1.918,1.446
1.87,0.307
1.781,1.356
1.515,-0.97
1.636,-0.959
1.554,-0.091
1.449,2.576
1.5,-0.04
1.511,2.155
1.478,-0.134
1.375,1.022
1.219,1.541
1.142,1.589
1.116,0.126
0.983,0.611
1.013,-1.005
0.835,1.665
0.7,2.483
0.709,2.307
0.834,2.402
0.649,2.561
0.756,1.187
0.533,1.492
0.533,1.277
0.458,2.065
0.478,2.708
0.294,0.885
0.234,-0.014
0.032,0.129
-0.018,0.263
-0.085,1.038
-0.174,-1.126
-0.206,-0.902
-0.119,2.434
-0.149,1.156
-0.294,1.036
-0.203,1.601
-0.182,0.968
-0.36,-1.536
-0.682,-1.234
-1.578,-1.5
-2.135,-1.464
-2.03,-1.276
-3.0,-1.197
3.102,-1.553
2.635,-1.507
2.49,-1.611
2.434,-1.37
1.123,-1.448
1.246,-1.401
1.084,-1.535
1.217,-1.343
0.923,-1.429
0.877,-1.313
0.75,-1.528
0.119,-1.296
0.149,-1.195
-0.028,-1.37
-0.43,-1.189
-0.593,3.048
-0.719,3.16
-0.758,3.13
-0.865,3.114
-1.048,3.064
-1.933,2.877
-2.465,2.943
-2.698,2.772
-3.04,3.071
2.896,3.008
2.024,3.013
1.799,3.065
1.45,2.934
0.666,3.117
0.263,2.735
-0.177,2.979
-0.363,2.88
-0.275,3.078
-2.608,0.707
2.479,1.917
1.911,-0.265
1.47,0.645
1.226,2.401
-1.303,1.245
-1.486,-0.457
-2.03,-0.463
-2.708,0.072
1.755,2.266
1.412,1.693
1.407,1.329
1.099,0.574
0.744,-0.683
0.807,0.955
0.466,1.695
0.44,0.258
0.254,2.148
0.235,2.345
0.182,1.249
-0.508,1.155
-0.693,-0.17
-2.218,1.077
2.556,1.093
1.295,-0.244
-2.269,2.582
-0.59,-1.314
0.167,-1.662
-0.161,0.397
-0.226,-1.421
-0.25,-3.091
-0.296,-1.152
-1.615,-3.408
-1.667,-3.414
-1.73,-3.605
-2.079,-3.488
-2.521,-3.734
-2.519,-3.398
-2.863,-3.698
-3.115,-3.578
2.745,-3.549
2.431,-3.658
2.247,-3.662
2.185,-3.394
1.59,-3.785
1.376,-3.461
0.996,-3.364
0.892,-3.732
-0.258,-3.42
-0.397,0.717
-0.908,0.78
-1.381,0.724
-1.53,0.958
-1.562,0.645
-1.766,0.843
-2.331,0.923
-2.42,0.989
-2.836,0.65
2.449,0.754
2.164,1.04
1.256,0.697
1.166,0.876
1.039,0.665
0.902,1.11
0.722,0.978
0.565,0.954
0.348,0.985
0.395,0.667
-0.098,0.827
-1.053,0.135
-1.034,-2.196
-1.969,0.637
-2.261,0.308
-2.746,0.551
2.99,-2.668
1.379,0.306
0.905,0.098
-0.139,-0.707
-0.166,-2.383
-0.987,-3.767
1.604,-3.6
0.311,-3.519
0.204,-3.556
-0.268,-3.767
-0.282,-0.558
-0.285,-2.286
-0.613,-1.989
-0.837,-0.74
-0.978,-1.804
-0.87,0.296
-0.954,-0.597
-1.106,-0.314
-1.003,-1.61
-0.978,-2.78
-1.136,-0.753
-1.168,0.091
-1.056,-1.683
-1.103,-0.329
-1.264,-2.119
-1.168,-2.6
-1.402,-0.771
-1.39,-1.826
-1.28,0.635
-1.341,-1.989
-1.347,-0.817
-1.36,0.165
-1.489,-0.993
-1.541,-0.512
-1.579,-0.504
-1.649,0.626
-1.658,-0.802
-1.582,-2.224
-1.67,0.652
-1.844,-0.582
-1.773,-0.599
-1.997,-3.021
-1.92,-1.807
-2.051,-1.335
-2.137,-2.088
-2.06,-1.752
-2.118,-1.706
-2.25,-1.429
-2.288,0.287
-2.346,-0.866
-2.239,0.536
-2.297,-1.48
-2.451,-0.699
-2.453,-2.257
-2.5,-0.817
-2.366,0.151
-2.358,-0.402
-2.533,-3.155
-2.528,-1.92
-2.579,-2.023
-2.575,-2.122
-2.736,-3.035
-2.638,-0.976
-2.672,-0.069
-2.871,0.324
-2.858,-1.542
-2.842,-3.29
-2.87,-2.075
-3.116,0.347
-2.961,-0.76
-3.138,-2.237
3.044,-3.376
3.14,-0.755
2.956,-2.14
3.054,0.335
2.994,-2.388
2.832,-0.581
2.656,-1.959
2.546,-1.592
2.599,-2.955
2.27,-3.342
2.229,-2.361
2.206,-1.852
2.102,0.534
2.084,-0.529
1.974,-0.706
1.926,-1.845
1.837,-0.796
1.571,-3.122
1.692,-3.111
1.61,-2.243
1.505,0.424
1.556,-2.192
1.567,0.003
1.534,-2.286
1.431,-1.13
1.275,-0.611
1.198,-0.563
1.172,-2.026
1.039,-1.541
1.069,-3.157
0.891,-0.487
0.756,0.331
0.765,0.155
0.89,0.25
0.705,0.409
0.812,-0.965
0.589,-0.66
0.589,-0.875
0.514,-0.087
0.534,0.556
0.35,-1.267
0.29,-2.166
0.088,-2.023
0.038,-1.889
-0.029,-1.114
-0.118,-3.278
-0.15,-3.054
-0.063,0.282
-0.093,-0.996
-0.238,-1.116
-0.147,-0.551
-0.126,-1.184
-0.304,-3.688
-0.626,-3.386
-1.522,-3.652
-2.079,-3.616
-1.974,-3.428
-2.944,-3.349
-3.125,-3.705
2.691,-3.659
2.546,-3.763
2.49,-3.522
1.179,-3.6
1.302,-3.553
1.14,-3.687
1.273,-3.495
0.979,-3.581
0.933,-3.465
0.806,-3.68
0.175,-3.448
0.205,-3.347
0.028,-3.522
-0.374,-3.341
-0.537,0.896
-0.663,1.008
-0.702,0.978
-0.809,0.962
-0.992,0.912
-1.877,0.725
-2.409,0.791
-2.642,0.62
-2.984,0.919
2.952,0.856
2.08,0.861
1.855,0.913
1.506,0.782
0.722,0.965
0.319,0.583
-0.121,0.827
-0.307,0.728
-0.219,0.926
-2.552,-1.445
2.535,-0.235
1.967,-2.417
1.526,-1.507
1.282,0.249
-1.247,-0.907
-1.43,-2.609
-1.974,-2.615
-2.652,-2.08
1.811,0.114
1.468,-0.459
1.463,-0.823
1.155,-1.578
0.8,-2.835
0.863,-1.197
0.522,-0.457
0.496,-1.894
0.31,-0.004
0.291,0.193
0.238,-0.903
-0.452,-0.997
-0.637,-2.322
-2.162,-1.075
2.612,-1.059
1.351,-2.396
-2.213,0.43
-0.534,-3.466
0.223,-3.814
-0.065,-1.818
-0.089,-3.488
-0.135,-1.549
-1.454,-3.805
-1.506,-3.811
-1.569,-4.002
-1.918,-3.885
-2.36,-4.131
-2.358,-3.795
-2.702,-4.095
-2.954,-3.975
2.906,-3.946
2.592,-4.055
2.408,-4.059
2.346,-3.791
1.751,-4.182
1.537,-3.858
1.157,-3.761
1.053,-4.129
-0.097,-3.817
-0.236,0.32
-0.747,0.383
-1.22,0.327
-1.369,0.561
-1.401,0.248
-1.605,0.446
-2.17,0.526
-2.259,0.592
-2.675,0.253
2.61,0.357
2.325,0.643
1.417,0.3
1.327,0.479
1.2,0.268
1.063,0.713
0.883,0.581
0.726,0.557
0.509,0.588
0.556,0.27
0.063,0.43
-0.892,-0.262
-0.873,-2.593
-1.808,0.24
-2.1,-0.089
-2.585,0.154
-3.132,-3.065
1.54,-0.091
1.066,-0.299
0.022,-1.104
-0.005,-2.78
-0.826,-4.164
1.765,-3.997
0.472,-3.916
0.365,-3.953
-0.107,-4.164
-0.121,-0.955
-0.124,-2.683
-0.452,-2.386
-0.676,-1.137
-0.817,-2.201
-0.709,-0.101
-0.793,-0.994
-0.945,-0.711
-0.842,-2.007
-0.817,-3.177
-0.975,-1.15
-1.007,-0.306
-0.895,-2.08
-0.942,-0.726
-1.103,-2.516
-1.007,-2.997
-1.241,-1.168
-1.229,-2.223
-1.119,0.238
-1.18,-2.386
-1.186,-1.214
-1.199,-0.232
-1.328,-1.39
-1.38,-0.909
-1.418,-0.901
-1.488,0.229
-1.497,-1.199
-1.421,-2.621
-1.509,0.255
-1.683,-0.979
-1.612,-0.996
-1.836,-3.418
-1.759,-2.204
-1.89,-1.732
-1.976,-2.485
-1.899,-2.149
-1.957,-2.103
-2.089,-1.826
-2.127,-0.11
-2.185,-1.263
-2.078,0.139
-2.136,-1.877
-2.29,-1.096
-2.292,-2.654
-2.339,-1.214
-2.205,-0.246
-2.197,-0.799
-2.372,-3.552
-2.367,-2.317
-2.418,-2.42
-2.414,-2.519
-2.575,-3.432
-2.477,-1.373
-2.511,-0.466
-2.71,-0.073
-2.697,-1.939
-2.681,-3.687
-2.709,-2.472
-2.955,-0.05
-2.8,-1.157
-2.977,-2.634
-3.078,-3.773
-2.982,-1.152
3.117,-2.537
-3.068,-0.062
-3.128,-2.785
2.993,-0.978
2.817,-2.356
2.707,-1.989
2.76,-3.352
2.431,-3.739
2.39,-2.758
2.367,-2.249
2.263,0.137
2.245,-0.926
2.135,-1.103
2.087,-2.242
1.998,-1.193
1.732,-3.519
1.853,-3.508
1.771,-2.64
1.666,0.027
1.717,-2.589
1.728,-0.394
1.695,-2.683
1.592,-1.527
1.436,-1.008
1.359,-0.96
1.333,-2.423
1.2,-1.938
1.23,-3.554
1.052,-0.884
0.917,-0.066
0.926,-0.242
1.051,-0.147
0.866,0.012
0.973,-1.362
0.75,-1.057
0.75,-1.272
0.675,-0.484
0.695,0.159
0.511,-1.664
0.451,-2.563
0.249,-2.42
0.199,-2.286
0.132,-1.511
0.043,-3.675
0.011,-3.451
0.098,-0.115
0.068,-1.393
-0.077,-1.513
0.014,-0.948
0.035,-1.581
-0.143,-4.085
-0.465,-3.783
-1.361,-4.049
-1.918,-4.013
-1.813,-3.825
-2.783,-3.746
-2.964,-4.102
2.852,-4.056
2.707,-4.16
2.651,-3.919
1.34,-3.997
1.463,-3.95
1.301,-4.084
1.434,-3.892
1.14,-3.978
1.094,-3.862
0.967,-4.077
0.336,-3.845
0.366,-3.744
0.189,-3.919
-0.213,-3.738
-0.376,0.499
-0.502,0.611
-0.541,0.581
-0.648,0.565
-0.831,0.515
-1.716,0.328
-2.248,0.394
-2.481,0.223
-2.823,0.522
3.113,0.459
2.241,0.464
2.016,0.516
1.667,0.385
0.883,0.568
0.48,0.186
0.04,0.43
-0.146,0.331
-0.058,0.529
-2.391,-1.842
2.696,-0.632
2.128,-2.814
1.687,-1.904
1.443,-0.148
-1.086,-1.304
-1.269,-3.006
-1.813,-3.012
-2.491,-2.477
1.972,-0.283
1.629,-0.856
1.624,-1.22
1.316,-1.975
0.961,-3.232
1.024,-1.594
0.683,-0.854
0.657,-2.291
0.471,-0.401
0.452,-0.204
0.399,-1.3
-0.291,-1.394
-0.476,-2.719
-2.001,-1.472
2.773,-1.456
1.512,-2.793
-2.052,0.033
-0.373,-3.863
0.384,-4.211
-0.024,-1.67
-0.07,0.269
-1.389,-1.987
-1.441,-1.993
-1.504,-2.184
-1.853,-2.067
-2.295,-2.313
-2.293,-1.977
-2.637,-2.277
-2.889,-2.157
2.971,-2.128
2.657,-2.237
2.473,-2.241
2.411,-1.973
1.816,-2.364
1.602,-2.04
1.222,-1.943
1.118,-2.311
-0.032,-1.999
-0.171,2.138
-0.682,2.201
-1.155,2.145
-1.304,2.379
-1.336,2.066
-1.54,2.264
-2.105,2.344
-2.194,2.41
-2.61,2.071
2.675,2.175
2.39,2.461
1.482,2.118
1.392,2.297
1.265,2.086
1.128,2.531
0.948,2.399
0.791,2.375
0.574,2.406
0.621,2.088
0.128,2.248
-0.827,1.556
-0.808,-0.775
-1.743,2.058
-2.035,1.729
-2.52,1.972
-3.067,-1.247
1.605,1.727
1.131,1.519
0.087,0.714
0.06,-0.962
-0.761,-2.346
1.83,-2.179
0.537,-2.098
0.43,-2.135
-0.042,-2.346
-0.056,0.863
-0.059,-0.865
-0.387,-0.568
-0.611,0.681
-0.752,-0.383
-0.644,1.717
-0.728,0.824
-0.88,1.107
-0.777,-0.189
-0.752,-1.359
-0.91,0.668
-0.942,1.512
-0.83,-0.262
-0.877,1.092
-1.038,-0.698
-0.942,-1.179
-1.176,0.65
-1.164,-0.405
-1.054,2.056
-1.115,-0.568
-1.121,0.604
-1.134,1.586
-1.263,0.428
-1.315,0.909
-1.353,0.917
-1.423,2.047
-1.432,0.619
-1.356,-0.803
-1.444,2.073
-1.618,0.839
-1.547,0.822
-1.771,-1.6
-1.694,-0.386
-1.825,0.086
-1.911,-0.667
-1.834,-0.331
-1.892,-0.285
-2.024,-0.008
-2.062,1.708
-2.12,0.555
-2.013,1.957
-2.071,-0.059
-2.225,0.722
-2.227,-0.836
-2.274,0.604
-2.14,1.572
-2.132,1.019
-2.307,-1.734
-2.302,-0.499
-2.353,-0.602
-2.349,-0.701
-2.51,-1.614
-2.412,0.445
-2.446,1.352
-2.645,1.745
-2.632,-0.121
-2.616,-1.869
-2.644,-0.654
-2.89,1.768
-2.735,0.661
-2.912,-0.816
-3.013,-1.955
-2.917,0.666
-3.101,-0.719
-3.003,1.756
-3.063,-0.967
3.058,0.84
2.882,-0.538
2.772,-0.171
2.825,-1.534
2.496,-1.921
2.455,-0.94
2.432,-0.431
2.328,1.955
2.31,0.892
2.2,0.715
2.152,-0.424
2.063,0.625
1.797,-1.701
1.918,-1.69
1.836,-0.822
1.731,1.845
1.782,-0.771
1.793,1.424
1.76,-0.865
1.657,0.291
1.501,0.81
1.424,0.858
1.398,-0.605
1.265,-0.12
1.295,-1.736
1.117,0.934
0.982,1.752
0.991,1.576
1.116,1.671
0.931,1.83
1.038,0.456
0.815,0.761
0.815,0.546
0.74,1.334
0.76,1.977
0.576,0.154
0.516,-0.745
0.314,-0.602
0.264,-0.468
0.197,0.307
0.108,-1.857
0.076,-1.633
0.163,1.703
0.133,0.425
-0.012,0.305
0.079,0.87
0.1,0.237
-0.078,-2.267
-0.4,-1.965
-1.296,-2.231
-1.853,-2.195
-1.748,-2.007
-2.718,-1.928
-2.899,-2.284
2.917,-2.238
2.772,-2.342
2.716,-2.101
1.405,-2.179
1.528,-2.132
1.366,-2.266
1.499,-2.074
1.205,-2.16
1.159,-2.044
1.032,-2.259
0.401,-2.027
0.431,-1.926
0.254,-2.101
-0.148,-1.92
-0.311,2.317
-0.437,2.429
-0.476,2.399
-0.583,2.383
-0.766,2.333
-1.651,2.146
-2.183,2.212
-2.416,2.041
-2.758,2.34
-3.105,2.277
2.306,2.282
2.081,2.334
1.732,2.203
0.948,2.386
0.545,2.004
0.105,2.248
-0.081,2.149
0.007,2.347
-2.326,-0.024
2.761,1.186
2.193,-0.996
1.752,-0.086
1.508,1.67
-1.021,0.514
-1.204,-1.188
-1.748,-1.194
-2.426,-0.659
2.037,1.535
1.694,0.962
1.689,0.598
1.381,-0.157
1.026,-1.414
1.089,0.224
0.748,0.964
0.722,-0.473
0.536,1.417
0.517,1.614
0.464,0.518
-0.226,0.424
-0.411,-0.901
-1.936,0.346
2.838,0.362
1.577,-0.975
-1.987,1.851
-0.308,-2.045
0.449,-2.393
-0.046,1.939
-1.365,-0.317
-1.417,-0.323
-1.48,-0.514
-1.829,-0.397
-2.271,-0.643
-2.269,-0.307
-2.613,-0.607
-2.865,-0.487
2.995,-0.458
2.681,-0.567
2.497,-0.571
2.435,-0.303
1.84,-0.694
1.626,-0.37
1.246,-0.273
1.142,-0.641
-0.008,-0.329
-0.147,3.808
-0.658,3.871
-1.131,3.815
-1.28,4.049
-1.312,3.736
-1.516,3.934
-2.081,4.014
-2.17,4.08
-2.586,3.741
2.699,3.845
2.414,4.131
1.506,3.788
1.416,3.967
1.289,3.756
1.152,4.201
0.972,4.069
0.815,4.045
0.598,4.076
0.645,3.758
0.152,3.918
-0.803,3.226
-0.784,0.895
-1.719,3.728
-2.011,3.399
-2.496,3.642
-3.043,0.423
1.629,3.397
1.155,3.189
0.111,2.384
0.084,0.708
-0.737,-0.676
1.854,-0.509
0.561,-0.428
0.454,-0.465
-0.018,-0.676
-0.032,2.533
-0.035,0.805
-0.363,1.102
-0.587,2.351
-0.728,1.287
-0.62,3.387
-0.704,2.494
-0.856,2.777
-0.753,1.481
-0.728,0.311
-0.886,2.338
-0.918,3.182
-0.806,1.408
-0.853,2.762
-1.014,0.972
-0.918,0.491
-1.152,2.32
-1.14,1.265
-1.03,3.726
-1.091,1.102
-1.097,2.274
-1.11,3.256
-1.239,2.098
-1.291,2.579
-1.329,2.587
-1.399,3.717
-1.408,2.289
-1.332,0.867
-1.42,3.743
-1.594,2.509
-1.523,2.492
-1.747,0.07
-1.67,1.284
-1.801,1.756
-1.887,1.003
-1.81,1.339
-1.868,1.385
-2.0,1.662
-2.038,3.378
-2.096,2.225
-1.989,3.627
-2.047,1.611
-2.201,2.392
-2.203,0.834
-2.25,2.274
-2.116,3.242
-2.108,2.689
-2.283,-0.064
-2.278,1.171
-2.329,1.068
-2.325,0.969
-2.486,0.056
-2.388,2.115
-2.422,3.022
-2.621,3.415
-2.608,1.549
-2.592,-0.199
-2.62,1.016
-2.866,3.438
-2.711,2.331
-2.888,0.854
-2.989,-0.285
-2.893,2.336
-3.077,0.951
-2.979,3.426
-3.039,0.703
3.082,2.51
2.906,1.132
2.796,1.499
2.849,0.136
2.52,-0.251
2.479,0.73
2.456,1.239
2.352,3.625
2.334,2.562
2.224,2.385
2.176,1.246
2.087,2.295
1.821,-0.031
1.942,-0.02
1.86,0.848
1.755,3.515
1.806,0.899
1.817,3.094
1.784,0.805
1.681,1.961
1.525,2.48
1.448,2.528
1.422,1.065
1.289,1.55
1.319,-0.066
1.141,2.604
1.006,3.422
1.015,3.246
1.14,3.341
0.955,3.5
1.062,2.126
0.839,2.431
0.839,2.216
0.764,3.004
0.784,3.647
0.6,1.824
0.54,0.925
0.338,1.068
0.288,1.202
0.221,1.977
0.132,-0.187
0.1,0.037
0.187,3.373
0.157,2.095
0.012,1.975
0.103,2.54
0.124,1.907
-0.054,-0.597
-0.376,-0.295
-1.272,-0.561
-1.829,-0.525
-1.724,-0.337
-2.694,-0.258
-2.875,-0.614
2.941,-0.568
2.796,-0.672
2.74,-0.431
1.429,-0.509
1.552,-0.462
1.39,-0.596
1.523,-0.404
1.229,-0.49
1.183,-0.374
1.056,-0.589
0.425,-0.357
0.455,-0.256
0.278,-0.431
-0.124,-0.25
-0.287,3.987
-0.413,4.099
-0.452,4.069
-0.559,4.053
-0.742,4.003
-1.627,3.816
-2.159,3.882
-2.392,3.711
-2.734,4.01
-3.081,3.947
2.33,3.952
2.105,4.004
1.756,3.873
0.972,4.056
0.569,3.674
0.129,3.918
-0.057,3.819
0.031,4.017
-2.302,1.646
2.785,2.856
2.217,0.674
1.776,1.584
1.532,3.34
-0.997,2.184
-1.18,0.482
-1.724,0.476
-2.402,1.011
2.061,3.205
1.718,2.632
1.713,2.268
1.405,1.513
1.05,0.256
1.113,1.894
0.772,2.634
0.746,1.197
0.56,3.087
0.541,3.284
0.488,2.188
-0.202,2.094
-0.387,0.769
-1.912,2.016
2.862,2.032
1.601,0.695
-1.963,3.521
-0.284,-0.375
0.473,-0.723
-1.319,-2.256
-1.371,-2.262
-1.434,-2.453
-1.783,-2.336
-2.225,-2.582
-2.223,-2.246
-2.567,-2.546
-2.819,-2.426
3.041,-2.397
2.727,-2.506
2.543,-2.51
2.481,-2.242
1.886,-2.633
1.672,-2.309
1.292,-2.212
1.188,-2.58
0.038,-2.268
-0.101,1.869
-0.612,1.932
-1.085,1.876
-1.234,2.11
-1.266,1.797
-1.47,1.995
-2.035,2.075
-2.124,2.141
-2.54,1.802
2.745,1.906
2.46,2.192
1.552,1.849
1.462,2.028
1.335,1.817
1.198,2.262
1.018,2.13
0.861,2.106
0.644,2.137
0.691,1.819
0.198,1.979
-0.757,1.287
-0.738,-1.044
-1.673,1.789
-1.965,1.46
-2.45,1.703
-2.997,-1.516
1.675,1.458
1.201,1.25
0.157,0.445
0.13,-1.231
-0.691,-2.615
1.9,-2.448
0.607,-2.367
0.5,-2.404
0.028,-2.615
0.014,0.594
0.011,-1.134
-0.317,-0.837
-0.541,0.412
-0.682,-0.652
-0.574,1.448
-0.658,0.555
-0.81,0.838
-0.707,-0.458
-0.682,-1.628
-0.84,0.399
-0.872,1.243
-0.76,-0.531
-0.807,0.823
-0.968,-0.967
-0.872,-1.448
-1.106,0.381
-1.094,-0.674
-0.984,1.787
-1.045,-0.837
-1.051,0.335
-1.064,1.317
-1.193,0.159
-1.245,0.64
-1.283,0.648
-1.353,1.778
-1.362,0.35
-1.286,-1.072
-1.374,1.804
-1.548,0.57
-1.477,0.553
-1.701,-1.869
-1.624,-0.655
-1.755,-0.183
-1.841,-0.936
-1.764,-0.6
-1.822,-0.554
-1.954,-0.277
-1.992,1.439
-2.05,0.286
-1.943,1.688
-2.001,-0.328
-2.155,0.453
-2.157,-1.105
-2.204,0.335
-2.07,1.303
-2.062,0.75
-2.237,-2.003
-2.232,-0.768
-2.283,-0.871
-2.279,-0.97
-2.44,-1.883
-2.342,0.176
-2.376,1.083
-2.575,1.476
-2.562,-0.39
-2.546,-2.138
-2.574,-0.923
-2.82,1.499
-2.665,0.392
-2.842,-1.085
-2.943,-2.224
-2.847,0.397
-3.031,-0.988
-2.933,1.487
-2.993,-1.236
3.128,0.571
2.952,-0.807
2.842,-0.44
2.895,-1.803
2.566,-2.19
2.525,-1.209
2.502,-0.7
2.398,1.686
2.38,0.623
2.27,0.446
2.222,-0.693
2.133,0.356
1.867,-1.97
1.988,-1.959
1.906,-1.091
1.801,1.576
1.852,-1.04
1.863,1.155
1.83,-1.134
1.727,0.022
1.571,0.541
1.494,0.589
1.468,-0.874
1.335,-0.389
1.365,-2.005
1.187,0.665
1.052,1.483
1.061,1.307
1.186,1.402
1.001,1.561
1.108,0.187
0.885,0.492
0.885,0.277
0.81,1.065
0.83,1.708
0.646,-0.115
0.586,-1.014
0.384,-0.871
0.334,-0.737
0.267,0.038
0.178,-2.126
0.146,-1.902
0.233,1.434
0.203,0.156
0.058,0.036
0.149,0.601
0.17,-0.032
-0.008,-2.536
-0.33,-2.234
-1.226,-2.5
-1.783,-2.464
-1.678,-2.276
-2.648,-2.197
-2.829,-2.553
2.987,-2.507
2.842,-2.611
2.786,-2.37
1.475,-2.448
1.598,-2.401
1.436,-2.535
1.569,-2.343
1.275,-2.429
1.229,-2.313
1.102,-2.528
0.471,-2.296
0.501,-2.195
0.324,-2.37
-0.078,-2.189
-0.241,2.048
-0.367,2.16
-0.406,2.13
-0.513,2.114
-0.696,2.064
-1.581,1.877
-2.113,1.943
-2.346,1.772
-2.688,2.071
-3.035,2.008
2.376,2.013
2.151,2.065
1.802,1.934
1.018,2.117
0.615,1.735
0.175,1.979
-0.011,1.88
0.077,2.078
-2.256,-0.293
2.831,0.917
2.263,-1.265
1.822,-0.355
1.578,1.401
-0.951,0.245
-1.134,-1.457
-1.678,-1.463
-2.356,-0.928
2.107,1.266
1.764,0.693
1.759,0.329
1.451,-0.426
1.096,-1.683
1.159,-0.045
0.818,0.695
0.792,-0.742
0.606,1.148
0.587,1.345
0.534,0.249
-0.156,0.155
-0.341,-1.17
-1.866,0.077
2.908,0.093
1.647,-1.244
-1.917,1.582
-0.238,-2.314
0.519,-2.662
-0.052,-0.006
-0.115,-0.197
-0.464,-0.08
-0.906,-0.326
-0.904,0.01
-1.248,-0.29
-1.5,-0.17
-1.923,-0.141
-2.237,-0.25
-2.421,-0.254
-2.483,0.014
-3.078,-0.377
2.991,-0.053
2.611,0.044
2.507,-0.324
1.357,-0.012
1.218,4.125
0.707,4.188
0.234,4.132
0.085,4.366
0.053,4.053
-0.151,4.251
-0.716,4.331
-0.805,4.397
-1.221,4.058
-2.219,4.162
-2.504,4.448
2.871,4.105
2.781,4.284
2.654,4.073
2.517,4.518
2.337,4.386
2.18,4.362
1.963,4.393
2.01,4.075
1.517,4.235
0.562,3.543
0.581,1.212
-0.354,4.045
-0.646,3.716
-1.131,3.959
-1.678,0.74
2.994,3.714
2.52,3.506
1.476,2.701
1.449,1.025
0.628,-0.359
-3.064,-0.192
1.926,-0.111
1.819,-0.148
1.347,-0.359
1.333,2.85
1.33,1.122
1.002,1.419
0.778,2.668
0.637,1.604
0.745,3.704
0.661,2.811
0.509,3.094
0.612,1.798
0.637,0.628
0.479,2.655
0.447,3.499
0.559,1.725
0.512,3.079
0.351,1.289
0.447,0.808
0.213,2.637
0.225,1.582
0.335,4.043
0.274,1.419
0.268,2.591
0.255,3.573
0.126,2.415
0.074,2.896
0.036,2.904
-0.034,4.034
-0.043,2.606
0.033,1.184
-0.055,4.06
-0.229,2.826
-0.158,2.809
-0.382,0.387
-0.305,1.601
-0.436,2.073
-0.522,1.32
-0.445,1.656
-0.503,1.702
-0.635,1.979
-0.673,3.695
-0.731,2.542
-0.624,3.944
-0.682,1.928
-0.836,2.709
-0.838,1.151
-0.885,2.591
-0.751,3.559
-0.743,3.006
-0.918,0.253
-0.913,1.488
-0.964,1.385
-0.96,1.286
-1.121,0.373
-1.023,2.432
-1.057,3.339
-1.256,3.732
-1.243,1.866
-1.227,0.118
-1.255,1.333
-1.501,3.755
-1.346,2.648
-1.523,1.171
-1.624,0.032
-1.528,2.653
-1.712,1.268
-1.614,3.743
-1.674,1.02
-1.836,2.827
-2.012,1.449
-2.122,1.816
-2.069,0.453
-2.398,0.066
-2.439,1.047
-2.462,1.556
-2.566,3.942
-2.584,2.879
-2.694,2.702
-2.742,1.563
-2.831,2.612
-3.097,0.286
-2.976,0.297
-3.058,1.165
3.12,3.832
-3.112,1.216
-3.101,3.411
-3.134,1.122
3.046,2.278
2.89,2.797
2.813,2.845
2.787,1.382
2.654,1.867
2.684,0.251
2.506,2.921
2.371,3.739
2.38,3.563
2.505,3.658
2.32,3.817
2.427,2.443
2.204,2.748
2.204,2.533
2.129,3.321
2.149,3.964
1.965,2.141
1.905,1.242
1.703,1.385
1.653,1.519
1.586,2.294
1.497,0.13
1.465,0.354
1.552,3.69
1.522,2.412
1.377,2.292
1.468,2.857
1.489,2.224
1.311,-0.28
0.989,0.022
0.093,-0.244
-0.464,-0.208
-0.359,-0.02
-1.329,0.059
-1.51,-0.297
-1.977,-0.251
-2.122,-0.355
-2.178,-0.114
2.794,-0.192
2.917,-0.145
2.755,-0.279
2.888,-0.087
2.594,-0.173
2.548,-0.057
2.421,-0.272
1.79,-0.04
1.82,0.061
1.643,-0.114
1.241,0.067
1.078,4.304
0.952,4.416
0.913,4.386
0.806,4.37
0.623,4.32
-0.262,4.133
-0.794,4.199
-1.027,4.028
-1.369,4.327
-1.716,4.264
-2.588,4.269
-2.813,4.321
3.121,4.19
2.337,4.373
1.934,3.991
1.494,4.235
1.308,4.136
1.396,4.334
-0.937,1.963
-2.133,3.173
-2.701,0.991
3.141,1.901
2.897,3.657
0.368,2.501
0.185,0.799
-0.359,0.793
-1.037,1.328
-2.857,3.522
3.083,2.949
3.078,2.585
2.77,1.83
2.415,0.573
2.478,2.211
2.137,2.951
2.111,1.514
1.925,3.404
1.906,3.601
1.853,2.505
1.163,2.411
0.978,1.086
-0.547,2.333
-2.056,2.349
2.966,1.012
-0.598,3.838
1.081,-0.058
1.838,-0.406
-0.063,-0.191
-0.412,-0.074
-0.854,-0.32
-0.852,0.016
-1.196,-0.284
-1.448,-0.164
-1.871,-0.135
-2.185,-0.244
-2.369,-0.248
-2.431,0.02
-3.026,-0.371
3.043,-0.047
2.663,0.05
2.559,-0.318
1.409,-0.006
1.27,4.131
0.759,4.194
0.286,4.138
0.137,4.372
0.105,4.059
-0.099,4.257
-0.664,4.337
-0.753,4.403
-1.169,4.064
-2.167,4.168
-2.452,4.454
2.923,4.111
2.833,4.29
2.706,4.079
2.569,4.524
2.389,4.392
2.232,4.368
2.015,4.399
2.062,4.081
1.569,4.241
0.614,3.549
0.633,1.218
-0.302,4.051
-0.594,3.722
-1.079,3.965
-1.626,0.746
3.046,3.72
2.572,3.512
1.528,2.707
1.501,1.031
0.68,-0.353
-3.012,-0.186
1.978,-0.105
1.871,-0.142
1.399,-0.353
1.385,2.856
1.382,1.128
1.054,1.425
0.83,2.674
0.689,1.61
0.797,3.71
0.713,2.817
0.561,3.1
0.664,1.804
0.689,0.634
0.531,2.661
0.499,3.505
0.611,1.731
0.564,3.085
0.403,1.295
0.499,0.814
0.265,2.643
0.277,1.588
0.387,4.049
0.326,1.425
0.32,2.597
0.307,3.579
0.178,2.421
0.126,2.902
0.088,2.91
0.018,4.04
0.009,2.612
0.085,1.19
-0.003,4.066
-0.177,2.832
-0.106,2.815
-0.33,0.393
-0.253,1.607
-0.384,2.079
-0.47,1.326
-0.393,1.662
-0.451,1.708
-0.583,1.985
-0.621,3.701
-0.679,2.548
-0.572,3.95
-0.63,1.934
-0.784,2.715
-0.786,1.157
-0.833,2.597
-0.699,3.565
-0.691,3.012
-0.866,0.259
-0.861,1.494
-0.912,1.391
-0.908,1.292
-1.069,0.379
-0.971,2.438
-1.005,3.345
-1.204,3.738
-1.191,1.872
-1.175,0.124
-1.203,1.339
-1.449,3.761
-1.294,2.654
-1.471,1.177
-1.572,0.038
-1.476,2.659
-1.66,1.274
-1.562,3.749
-1.622,1.026
-1.784,2.833
-1.96,1.455
-2.07,1.822
-2.017,0.459
-2.346,0.072
-2.387,1.053
-2.41,1.562
-2.514,3.948
-2.532,2.885
-2.642,2.708
-2.69,1.569
-2.779,2.618
-3.045,0.292
-2.924,0.303
-3.006,1.171
-3.111,3.838
-3.06,1.222
-3.049,3.417
-3.082,1.128
3.098,2.284
2.942,2.803
2.865,2.851
2.839,1.388
2.706,1.873
2.736,0.257
2.558,2.927
2.423,3.745
2.432,3.569
2.557,3.664
2.372,3.823
2.479,2.449
2.256,2.754
2.256,2.539
2.181,3.327
2.201,3.97
2.017,2.147
1.957,1.248
1.755,1.391
1.705,1.525
1.638,2.3
1.549,0.136
1.517,0.36
1.604,3.696
1.574,2.418
1.429,2.298
1.52,2.863
1.541,2.23
1.363,-0.274
1.041,0.028
0.145,-0.238
-0.412,-0.202
-0.307,-0.014
-1.277,0.065
-1.458,-0.291
-1.925,-0.245
-2.07,-0.349
-2.126,-0.108
2.846,-0.186
2.969,-0.139
2.807,-0.273
2.94,-0.081
2.646,-0.167
2.6,-0.051
2.473,-0.266
1.842,-0.034
1.872,0.067
1.695,-0.108
1.293,0.073
1.13,4.31
1.004,4.422
0.965,4.392
0.858,4.376
0.675,4.326
-0.21,4.139
-0.742,4.205
-0.975,4.034
-1.317,4.333
-1.664,4.27
-2.536,4.275
-2.761,4.327
-3.11,4.196
2.389,4.379
1.986,3.997
1.546,4.241
1.36,4.142
1.448,4.34
-0.885,1.969
-2.081,3.179
-2.649,0.997
-3.09,1.907
2.949,3.663
0.42,2.507
0.237,0.805
-0.307,0.799
-0.985,1.334
-2.805,3.528
3.135,2.955
3.13,2.591
2.822,1.836
2.467,0.579
2.53,2.217
2.189,2.957
2.163,1.52
1.977,3.41
1.958,3.607
1.905,2.511
1.215,2.417
1.03,1.092
-0.495,2.339
-2.004,2.355
3.018,1.018
-0.546,3.844
1.133,-0.052
1.89,-0.4
-0.349,0.117
-0.791,-0.129
-0.789,0.207
-1.133,-0.093
-1.385,0.027
-1.808,0.056
-2.122,-0.053
-2.306,-0.057
-2.368,0.211
-2.963,-0.18
3.106,0.144
2.726,0.241
2.622,-0.127
1.472,0.185
1.333,4.322
0.822,4.385
0.349,4.329
0.2,4.563
0.168,4.25
-0.036,4.448
-0.601,4.528
-0.69,4.594
-1.106,4.255
-2.104,4.359
-2.389,4.645
2.986,4.302
2.896,4.481
2.769,4.27
2.632,4.715
2.452,4.583
2.295,4.559
2.078,4.59
2.125,4.272
1.632,4.432
0.677,3.74
0.696,1.409
-0.239,4.242
-0.531,3.913
-1.016,4.156
-1.563,0.937
3.109,3.911
2.635,3.703
1.591,2.898
1.564,1.222
0.743,-0.162
-2.949,0.005
2.041,0.086
1.934,0.049
1.462,-0.162
1.448,3.047
1.445,1.319
1.117,1.616
0.893,2.865
0.752,1.801
0.86,3.901
0.776,3.008
0.624,3.291
0.727,1.995
0.752,0.825
0.594,2.852
0.562,3.696
0.674,1.922
0.627,3.276
0.466,1.486
0.562,1.005
0.328,2.834
0.34,1.779
0.45,4.24
0.389,1.616
0.383,2.788
0.37,3.77
0.241,2.612
0.189,3.093
0.151,3.101
0.081,4.231
0.072,2.803
0.148,1.381
0.06,4.257
-0.114,3.023
-0.043,3.006
-0.267,0.584
-0.19,1.798
-0.321,2.27
-0.407,1.517
-0.33,1.853
-0.388,1.899
-0.52,2.176
-0.558,3.892
-0.616,2.739
-0.509,4.141
-0.567,2.125
-0.721,2.906
-0.723,1.348
-0.77,2.788
-0.636,3.756
-0.628,3.203
-0.803,0.45
-0.798,1.685
-0.849,1.582
-0.845,1.483
-1.006,0.57
-0.908,2.629
-0.942,3.536
-1.141,3.929
-1.128,2.063
-1.112,0.315
-1.14,1.53
-1.386,3.952
-1.231,2.845
-1.408,1.368
-1.509,0.229
-1.413,2.85
-1.597,1.465
-1.499,3.94
-1.559,1.217
-1.721,3.024
-1.897,1.646
-2.007,2.013
-1.954,0.65
-2.283,0.263
-2.324,1.244
-2.347,1.753
-2.451,4.139
-2.469,3.076
-2.579,2.899
-2.627,1.76
-2.716,2.809
-2.982,0.483
-2.861,0.494
-2.943,1.362
-3.048,4.029
-2.997,1.413
-2.986,3.608
-3.019,1.319
-3.122,2.475
3.005,2.994
2.928,3.042
2.902,1.579
2.769,2.064
2.799,0.448
2.621,3.118
2.486,3.936
2.495,3.76
2.62,3.855
2.435,4.014
2.542,2.64
2.319,2.945
2.319,2.73
2.244,3.518
2.264,4.161
2.08,2.338
2.02,1.439
1.818,1.582
1.768,1.716
1.701,2.491
1.612,0.327
1.58,0.551
1.667,3.887
1.637,2.609
1.492,2.489
1.583,3.054
1.604,2.421
1.426,-0.083
1.104,0.219
0.208,-0.047
-0.349,-0.011
-0.244,0.177
-1.214,0.256
-1.395,-0.1
-1.862,-0.054
-2.007,-0.158
-2.063,0.083
2.909,0.005
3.032,0.052
2.87,-0.082
3.003,0.11
2.709,0.024
2.663,0.14
2.536,-0.075
1.905,0.157
1.935,0.258
1.758,0.083
1.356,0.264
1.193,4.501
1.067,4.613
1.028,4.583
0.921,4.567
0.738,4.517
-0.147,4.33
-0.679,4.396
-0.912,4.225
-1.254,4.524
-1.601,4.461
-2.473,4.466
-2.698,4.518
-3.047,4.387
2.452,4.57
2.049,4.188
1.609,4.432
1.423,4.333
1.511,4.531
-0.822,2.16
-2.018,3.37
-2.586,1.188
-3.027,2.098
3.012,3.854
0.483,2.698
0.3,0.996
-0.244,0.99
-0.922,1.525
-2.742,3.719
-3.085,3.146
-3.09,2.782
2.885,2.027
2.53,0.77
2.593,2.408
2.252,3.148
2.226,1.711
2.04,3.601
2.021,3.798
1.968,2.702
1.278,2.608
1.093,1.283
-0.432,2.53
-1.941,2.546
3.081,1.209
-0.483,4.035
1.196,0.139
1.953,-0.209
-0.442,-0.246
-0.44,0.09
-0.784,-0.21
-1.036,-0.09
-1.459,-0.061
-1.773,-0.17
-1.957,-0.174
-2.019,0.094
-2.614,-0.297
-2.828,0.027
3.075,0.124
2.971,-0.244
1.821,0.068
1.682,4.205
1.171,4.268
0.698,4.212
0.549,4.446
0.517,4.133
0.313,4.331
-0.252,4.411
-0.341,4.477
-0.757,4.138
-1.755,4.242
-2.04,4.528
-2.948,4.185
-3.038,4.364
3.118,4.153
2.981,4.598
2.801,4.466
2.644,4.442
2.427,4.473
2.474,4.155
1.981,4.315
1.026,3.623
1.045,1.292
0.11,4.125
-0.182,3.796
-0.667,4.039
-1.214,0.82
-2.825,3.794
2.984,3.586
1.94,2.781
1.913,1.105
1.092,-0.279
-2.6,-0.112
2.39,-0.031
2.283,-0.068
1.811,-0.279
1.797,2.93
1.794,1.202
1.466,1.499
1.242,2.748
1.101,1.684
1.209,3.784
1.125,2.891
0.973,3.174
1.076,1.878
1.101,0.708
0.943,2.735
0.911,3.579
1.023,1.805
0.976,3.159
0.815,1.369
0.911,0.888
0.677,2.717
0.689,1.662
0.799,4.123
0.738,1.499
0.732,2.671
0.719,3.653
0.59,2.495
0.538,2.976
0.5,2.984
0.43,4.114
0.421,2.686
0.497,1.264
0.409,4.14
0.235,2.906
0.306,2.889
0.082,0.467
0.159,1.681
0.028,2.153
-0.058,1.4
0.019,1.736
-0.039,1.782
-0.171,2.059
-0.209,3.775
-0.267,2.622
-0.16,4.024
-0.218,2.008
-0.372,2.789
-0.374,1.231
-0.421,2.671
-0.287,3.639
-0.279,3.086
-0.454,0.333
-0.449,1.568
-0.5,1.465
-0.496,1.366
-0.657,0.453
-0.559,2.512
-0.593,3.419
-0.792,3.812
-0.779,1.946
-0.763,0.198
-0.791,1.413
-1.037,3.835
-0.882,2.728
-1.059,1.251
-1.16,0.112
-1.064,2.733
-1.248,1.348
-1.15,3.823
-1.21,1.1
-1.372,2.907
-1.548,1.529
-1.658,1.896
-1.605,0.533
-1.934,0.146
-1.975,1.127
-1.998,1.636
-2.102,4.022
-2.12,2.959
-2.23,2.782
-2.278,1.643
-2.367,2.692
-2.633,0.366
-2.512,0.377
-2.594,1.245
-2.699,3.912
-2.648,1.296
-2.637,3.491
-2.67,1.202
-2.773,2.358
-2.929,2.877
-3.006,2.925
-3.032,1.462
3.118,1.947
-3.135,0.331
2.97,3.001
2.835,3.819
2.844,3.643
2.969,3.738
2.784,3.897
2.891,2.523
2.668,2.828
2.668,2.613
2.593,3.401
2.613,4.044
2.429,2.221
2.369,1.322
2.167,1.465
2.117,1.599
2.05,2.374
1.961,0.21
1.929,0.434
2.016,3.77
1.986,2.492
1.841,2.372
1.932,2.937
1.953,2.304
1.775,-0.2
1.453,0.102
0.557,-0.164
0.0,-0.128
0.105,0.06
-0.865,0.139
-1.046,-0.217
-1.513,-0.171
-1.658,-0.275
-1.714,-0.034
-3.025,-0.112
-2.902,-0.065
-3.064,-0.199
-2.931,-0.007
3.058,-0.093
3.012,0.023
2.885,-0.192
2.254,0.04
2.284,0.141
2.107,-0.034
1.705,0.147
1.542,4.384
1.416,4.496
1.377,4.466
1.27,4.45
1.087,4.4
0.202,4.213
-0.33,4.279
-0.563,4.108
-0.905,4.407
-1.252,4.344
-2.124,4.349
-2.349,4.401
-2.698,4.27
2.801,4.453
2.398,4.071
1.958,4.315
1.772,4.216
1.86,4.414
-0.473,2.043
-1.669,3.253
-2.237,1.071
-2.678,1.981
-2.922,3.737
0.832,2.581
0.649,0.879
0.105,0.873
-0.573,1.408
-2.393,3.602
-2.736,3.029
-2.741,2.665
-3.049,1.91
2.879,0.653
2.942,2.291
2.601,3.031
2.575,1.594
2.389,3.484
2.37,3.681
2.317,2.585
1.627,2.491
1.442,1.166
-0.083,2.413
-1.592,2.429
-2.853,1.092
-0.134,3.918
1.545,0.022
2.302,-0.326
0.002,0.336
-0.342,0.036
-0.594,0.156
-1.017,0.185
-1.331,0.076
-1.515,0.072
-1.577,0.34
-2.172,-0.051
-2.386,0.273
-2.766,0.37
-2.87,0.002
2.263,0.314
2.124,4.451
1.613,4.514
1.14,4.458
0.991,4.692
0.959,4.379
0.755,4.577
0.19,4.657
0.101,4.723
-0.315,4.384
-1.313,4.488
-1.598,4.774
-2.506,4.431
-2.596,4.61
-2.723,4.399
-2.86,4.844
-3.04,4.712
3.086,4.688
2.869,4.719
2.916,4.401
2.423,4.561
1.468,3.869
1.487,1.538
0.552,4.371
0.26,4.042
-0.225,4.285
-0.772,1.066
-2.383,4.04
-2.857,3.832
2.382,3.027
2.355,1.351
1.534,-0.033
-2.158,0.134
2.832,0.215
2.725,0.178
2.253,-0.033
2.239,3.176
2.236,1.448
1.908,1.745
1.684,2.994
1.543,1.93
1.651,4.03
1.567,3.137
1.415,3.42
1.518,2.124
1.543,0.954
1.385,2.981
1.353,3.825
1.465,2.051
1.418,3.405
1.257,1.615
1.353,1.134
1.119,2.963
1.131,1.908
1.241,4.369
1.18,1.745
1.174,2.917
1.161,3.899
1.032,2.741
0.98,3.222
0.942,3.23
0.872,4.36
0.863,2.932
0.939,1.51
0.851,4.386
0.677,3.152
0.748,3.135
0.524,0.713
0.601,1.927
0.47,2.399
0.384,1.646
0.461,1.982
0.403,2.028
0.271,2.305
0.233,4.021
0.175,2.868
0.282,4.27
0.224,2.254
0.07,3.035
0.068,1.477
0.021,2.917
0.155,3.885
0.163,3.332
-0.012,0.579
-0.007,1.814
-0.058,1.711
-0.054,1.612
-0.215,0.699
-0.117,2.758
-0.151,3.665
-0.35,4.058
-0.337,2.192
-0.321,0.444
-0.349,1.659
-0.595,4.081
-0.44,2.974
-0.617,1.497
-0.718,0.358
-0.622,2.979
-0.806,1.594
-0.708,4.069
-0.768,1.346
-0.93,3.153
-1.106,1.775
-1.216,2.142
-1.163,0.779
-1.492,0.392
-1.533,1.373
-1.556,1.882
-1.66,4.268
-1.678,3.205
-1.788,3.028
-1.836,1.889
-1.925,2.938
-2.191,0.612
-2.07,0.623
-2.152,1.491
-2.257,4.158
-2.206,1.542
-2.195,3.737
-2.228,1.448
-2.331,2.604
-2.487,3.123
-2.564,3.171
-2.59,1.708
-2.723,2.193
-2.693,0.577
-2.871,3.247
-3.006,4.065
-2.997,3.889
-2.872,3.984
-3.057,4.143
-2.95,2.769
3.11,3.074
3.11,2.859
3.035,3.647
3.055,4.29
2.871,2.467
2.811,1.568
2.609,1.711
2.559,1.845
2.492,2.62
2.403,0.456
2.371,0.68
2.458,4.016
2.428,2.738
2.283,2.618
2.374,3.183
2.395,2.55
2.217,0.046
1.895,0.348
0.999,0.082
0.442,0.118
0.547,0.306
-0.423,0.385
-0.604,0.029
-1.071,0.075
-1.216,-0.029
-1.272,0.212
-2.583,0.134
-2.46,0.181
-2.622,0.047
-2.489,0.239
-2.783,0.153
-2.829,0.269
-2.956,0.054
2.696,0.286
2.726,0.387
2.549,0.212
2.147,0.393
1.984,4.63
1.858,4.742
1.819,4.712
1.712,4.696
1.529,4.646
0.644,4.459
0.112,4.525
-0.121,4.354
-0.463,4.653
-0.81,4.59
-1.682,4.595
-1.907,4.647
-2.256,4.516
-3.04,4.699
2.84,4.317
2.4,4.561
2.214,4.462
2.302,4.66
-0.031,2.289
-1.227,3.499
-1.795,1.317
-2.236,2.227
-2.48,3.983
1.274,2.827
1.091,1.125
0.547,1.119
-0.131,1.654
-1.951,3.848
-2.294,3.275
-2.299,2.911
-2.607,2.156
-2.962,0.899
-2.899,2.537
3.043,3.277
3.017,1.84
2.831,3.73
2.812,3.927
2.759,2.831
2.069,2.737
1.884,1.412
0.359,2.659
-1.15,2.675
-2.411,1.338
0.308,4.164
1.987,0.268
2.744,-0.08
-0.344,-0.3
-0.596,-0.18
-1.019,-0.151
-1.333,-0.26
-1.517,-0.264
-1.579,0.004
-2.174,-0.387
-2.388,-0.063
-2.768,0.034
-2.872,-0.334
2.261,-0.022
2.122,4.115
1.611,4.178
1.138,4.122
0.989,4.356
0.957,4.043
0.753,4.241
0.188,4.321
0.099,4.387
-0.317,4.048
-1.315,4.152
-1.6,4.438
-2.508,4.095
-2.598,4.274
-2.725,4.063
-2.862,4.508
-3.042,4.376
3.084,4.352
2.867,4.383
2.914,4.065
2.421,4.225
1.466,3.533
1.485,1.202
0.55,4.035
0.258,3.706
-0.227,3.949
-0.774,0.73
-2.385,3.704
-2.859,3.496
2.38,2.691
2.353,1.015
1.532,-0.369
-2.16,-0.202
2.83,-0.121
2.723,-0.158
2.251,-0.369
2.237,2.84
2.234,1.112
1.906,1.409
1.682,2.658
1.541,1.594
1.649,3.694
1.565,2.801
1.413,3.084
1.516,1.788
1.541,0.618
1.383,2.645
1.351,3.489
1.463,1.715
1.416,3.069
1.255,1.279
1.351,0.798
1.117,2.627
1.129,1.572
1.239,4.033
1.178,1.409
1.172,2.581
1.159,3.563
1.03,2.405
0.978,2.886
0.94,2.894
0.87,4.024
0.861,2.596
0.937,1.174
0.849,4.05
0.675,2.816
0.746,2.799
0.522,0.377
0.599,1.591
0.468,2.063
0.382,1.31
0.459,1.646
0.401,1.692
0.269,1.969
0.231,3.685
0.173,2.532
0.28,3.934
0.222,1.918
0.068,2.699
0.066,1.141
0.019,2.581
0.153,3.549
0.161,2.996
-0.014,0.243
-0.009,1.478
-0.06,1.375
-0.056,1.276
-0.217,0.363
-0.119,2.422
-0.153,3.329
-0.352,3.722
-0.339,1.856
-0.323,0.108
-0.351,1.323
-0.597,3.745
-0.442,2.638
-0.619,1.161
-0.72,0.022
-0.624,2.643
-0.808,1.258
-0.71,3.733
-0.77,1.01
-0.932,2.817
-1.108,1.439
-1.218,1.806
-1.165,0.443
-1.494,0.056
-1.535,1.037
-1.558,1.546
-1.662,3.932
-1.68,2.869
-1.79,2.692
-1.838,1.553
-1.927,2.602
-2.193,0.276
-2.072,0.287
-2.154,1.155
-2.259,3.822
-2.208,1.206
-2.197,3.401
-2.23,1.112
-2.333,2.268
-2.489,2.787
-2.566,2.835
-2.592,1.372
-2.725,1.857
-2.695,0.241
-2.873,2.911
-3.008,3.729
-2.999,3.553
-2.874,3.648
-3.059,3.807
-2.952,2.433
3.108,2.738
3.108,2.523
3.033,3.311
3.053,3.954
2.869,2.131
2.809,1.232
2.607,1.375
2.557,1.509
2.49,2.284
2.401,0.12
2.369,0.344
2.456,3.68
2.426,2.402
2.281,2.282
2.372,2.847
2.393,2.214
2.215,-0.29
1.893,0.012
0.997,-0.254
0.44,-0.218
0.545,-0.03
-0.425,0.049
-0.606,-0.307
-1.073,-0.261
-1.218,-0.365
-1.274,-0.124
-2.585,-0.202
-2.462,-0.155
-2.624,-0.289
-2.491,-0.097
-2.785,-0.183
-2.831,-0.067
-2.958,-0.282
2.694,-0.05
2.724,0.051
2.547,-0.124
2.145,0.057
1.982,4.294
1.856,4.406
1.817,4.376
1.71,4.36
1.527,4.31
0.642,4.123
0.11,4.189
-0.123,4.018
-0.465,4.317
-0.812,4.254
-1.684,4.259
-1.909,4.311
-2.258,4.18
-3.042,4.363
2.838,3.981
2.398,4.225
2.212,4.126
2.3,4.324
-0.033,1.953
-1.229,3.163
-1.797,0.981
-2.238,1.891
-2.482,3.647
1.272,2.491
1.089,0.789
0.545,0.783
-0.133,1.318
-1.953,3.512
-2.296,2.939
-2.301,2.575
-2.609,1.82
-2.964,0.563
-2.901,2.201
3.041,2.941
3.015,1.504
2.829,3.394
2.81,3.591
2.757,2.495
2.067,2.401
1.882,1.076
0.357,2.323
-1.152,2.339
-2.413,1.002
0.306,3.828
1.985,-0.068
2.742,-0.416
-0.252,0.12
-0.675,0.149
-0.989,0.04
-1.173,0.036
-1.235,0.304
-1.83,-0.087
-2.044,0.237
-2.424,0.334
-2.528,-0.034
2.605,0.278
2.466,4.415
1.955,4.478
1.482,4.422
1.333,4.656
1.301,4.343
1.097,4.541
0.532,4.621
0.443,4.687
0.027,4.348
-0.971,4.452
-1.256,4.738
-2.164,4.395
-2.254,4.574
-2.381,4.363
-2.518,4.808
-2.698,4.676
-2.855,4.652
-3.072,4.683
-3.025,4.365
2.765,4.525
1.81,3.833
1.829,1.502
0.894,4.335
0.602,4.006
0.117,4.249
-0.43,1.03
-2.041,4.004
-2.515,3.796
2.724,2.991
2.697,1.315
1.876,-0.069
-1.816,0.098
-3.109,0.179
3.067,0.142
2.595,-0.069
2.581,3.14
2.578,1.412
2.25,1.709
2.026,2.958
1.885,1.894
1.993,3.994
1.909,3.101
1.757,3.384
1.86,2.088
1.885,0.918
1.727,2.945
1.695,3.789
1.807,2.015
1.76,3.369
1.599,1.579
1.695,1.098
1.461,2.927
1.473,1.872
1.583,4.333
1.522,1.709
1.516,2.881
1.503,3.863
1.374,2.705
1.322,3.186
1.284,3.194
1.214,4.324
1.205,2.896
1.281,1.474
1.193,4.35
1.019,3.116
1.09,3.099
0.866,0.677
0.943,1.891
0.812,2.363
0.726,1.61
0.803,1.946
0.745,1.992
0.613,2.269
0.575,3.985
0.517,2.832
0.624,4.234
0.566,2.218
0.412,2.999
0.41,1.441
0.363,2.881
0.497,3.849
0.505,3.296
0.33,0.543
0.335,1.778
0.284,1.675
0.288,1.576
0.127,0.663
0.225,2.722
0.191,3.629
-0.008,4.022
0.005,2.156
0.021,0.408
-0.007,1.623
-0.253,4.045
-0.098,2.938
-0.275,1.461
-0.376,0.322
-0.28,2.943
-0.464,1.558
-0.366,4.033
-0.426,1.31
-0.588,3.117
-0.764,1.739
-0.874,2.106
-0.821,0.743
-1.15,0.356
-1.191,1.337
-1.214,1.846
-1.318,4.232
-1.336,3.169
-1.446,2.992
-1.494,1.853
-1.583,2.902
-1.849,0.576
-1.728,0.587
-1.81,1.455
-1.915,4.122
-1.864,1.506
-1.853,3.701
-1.886,1.412
-1.989,2.568
-2.145,3.087
-2.222,3.135
-2.248,1.672
-2.381,2.157
-2.351,0.541
-2.529,3.211
-2.664,4.029
-2.655,3.853
-2.53,3.948
-2.715,4.107
-2.608,2.733
-2.831,3.038
-2.831,2.823
-2.906,3.611
-2.886,4.254
-3.07,2.431
-3.13,1.532
2.951,1.675
2.901,1.809
2.834,2.584
2.745,0.42
2.713,0.644
2.8,3.98
2.77,2.702
2.625,2.582
2.716,3.147
2.737,2.514
2.559,0.01
2.237,0.312
1.341,0.046
0.784,0.082
0.889,0.27
-0.081,0.349
-0.262,-0.007
-0.729,0.039
-0.874,-0.065
-0.93,0.176
-2.241,0.098
-2.118,0.145
-2.28,0.011
-2.147,0.203
-2.441,0.117
-2.487,0.233
-2.614,0.018
3.038,0.25
3.068,0.351
2.891,0.176
2.489,0.357
2.326,4.594
2.2,4.706
2.161,4.676
2.054,4.66
1.871,4.61
0.986,4.423
0.454,4.489
0.221,4.318
-0.121,4.617
-0.468,4.554
-1.34,4.559
-1.565,4.611
-1.914,4.48
-2.698,4.663
-3.101,4.281
2.742,4.525
2.556,4.426
2.644,4.624
0.311,2.253
-0.885,3.463
-1.453,1.281
-1.894,2.191
-2.138,3.947
1.616,2.791
1.433,1.089
0.889,1.083
0.211,1.618
-1.609,3.812
-1.952,3.239
-1.957,2.875
-2.265,2.12
-2.62,0.863
-2.557,2.501
-2.898,3.241
-2.924,1.804
-3.11,3.694
-3.129,3.891
3.101,2.795
2.411,2.701
2.226,1.376
0.701,2.623
-0.808,2.639
-2.069,1.302
0.65,4.128
2.329,0.232
3.086,-0.116
-0.423,0.029
-0.737,-0.08
-0.921,-0.084
-0.983,0.184
-1.578,-0.207
-1.792,0.117
-2.172,0.214
-2.276,-0.154
2.857,0.158
2.718,4.295
2.207,4.358
1.734,4.302
1.585,4.536
1.553,4.223
1.349,4.421
0.784,4.501
0.695,4.567
0.279,4.228
-0.719,4.332
-1.004,4.618
-1.912,4.275
-2.002,4.454
-2.129,4.243
-2.266,4.688
-2.446,4.556
-2.603,4.532
-2.82,4.563
-2.773,4.245
3.017,4.405
2.062,3.713
2.081,1.382
1.146,4.215
0.854,3.886
0.369,4.129
-0.178,0.91
-1.789,3.884
-2.263,3.676
2.976,2.871
2.949,1.195
2.128,-0.189
-1.564,-0.022
-2.857,0.059
-2.964,0.022
2.847,-0.189
2.833,3.02
2.83,1.292
2.502,1.589
2.278,2.838
2.137,1.774
2.245,3.874
2.161,2.981
2.009,3.264
2.112,1.968
2.137,0.798
1.979,2.825
1.947,3.669
2.059,1.895
2.012,3.249
1.851,1.459
1.947,0.978
1.713,2.807
1.725,1.752
1.835,4.213
1.774,1.589
1.768,2.761
1.755,3.743
1.626,2.585
1.574,3.066
1.536,3.074
1.466,4.204
1.457,2.776
1.533,1.354
1.445,4.23
1.271,2.996
1.342,2.979
1.118,0.557
1.195,1.771
1.064,2.243
0.978,1.49
1.055,1.826
0.997,1.872
0.865,2.149
0.827,3.865
0.769,2.712
0.876,4.114
0.818,2.098
0.664,2.879
0.662,1.321
0.615,2.761
0.749,3.729
0.757,3.176
0.582,0.423
0.587,1.658
0.536,1.555
0.54,1.456
0.379,0.543
0.477,2.602
0.443,3.509
0.244,3.902
0.257,2.036
0.273,0.288
0.245,1.503
-0.001,3.925
0.154,2.818
-0.023,1.341
-0.124,0.202
-0.028,2.823
-0.212,1.438
-0.114,3.913
-0.174,1.19
-0.336,2.997
-0.512,1.619
-0.622,1.986
-0.569,0.623
-0.898,0.236
-0.939,1.217
-0.962,1.726
-1.066,4.112
-1.084,3.049
-1.194,2.872
-1.242,1.733
-1.331,2.782
-1.597,0.456
-1.476,0.467
-1.558,1.335
-1.663,4.002
-1.612,1.386
-1.601,3.581
-1.634,1.292
-1.737,2.448
-1.893,2.967
-1.97,3.015
-1.996,1.552
-2.129,2.037
-2.099,0.421
-2.277,3.091
-2.412,3.909
-2.403,3.733
-2.278,3.828
-2.463,3.987
-2.356,2.613
-2.579,2.918
-2.579,2.703
-2.654,3.491
-2.634,4.134
-2.818,2.311
-2.878,1.412
-3.08,1.555
-3.13,1.689
3.086,2.464
2.997,0.3
2.965,0.524
3.052,3.86
3.022,2.582
2.877,2.462
2.968,3.027
2.989,2.394
2.811,-0.11
2.489,0.192
1.593,-0.074
1.036,-0.038
1.141,0.15
0.171,0.229
-0.01,-0.127
-0.477,-0.081
-0.622,-0.185
-0.678,0.056
-1.989,-0.022
-1.866,0.025
-2.028,-0.109
-1.895,0.083
-2.189,-0.003
-2.235,0.113
-2.362,-0.102
-2.993,0.13
-2.963,0.231
-3.14,0.056
2.741,0.237
2.578,4.474
2.452,4.586
2.413,4.556
2.306,4.54
2.123,4.49
1.238,4.303
0.706,4.369
0.473,4.198
0.131,4.497
-0.216,4.434
-1.088,4.439
-1.313,4.491
-1.662,4.36
-2.446,4.543
-2.849,4.161
2.994,4.405
2.808,4.306
2.896,4.504
0.563,2.133
-0.633,3.343
-1.201,1.161
-1.642,2.071
-1.886,3.827
1.868,2.671
1.685,0.969
1.141,0.963
0.463,1.498
-1.357,3.692
-1.7,3.119
-1.705,2.755
-2.013,2.0
-2.368,0.743
-2.305,2.381
-2.646,3.121
-2.672,1.684
-2.858,3.574
-2.877,3.771
-2.93,2.675
2.663,2.581
2.478,1.256
0.953,2.503
-0.556,2.519
-1.817,1.182
0.902,4.008
2.581,0.112
-2.945,-0.236
-0.314,-0.109
-0.498,-0.113
-0.56,0.155
-1.155,-0.236
-1.369,0.088
-1.749,0.185
-1.853,-0.183
-3.003,0.129
3.141,4.266
2.63,4.329
2.157,4.273
2.008,4.507
1.976,4.194
1.772,4.392
1.207,4.472
1.118,4.538
0.702,4.199
-0.296,4.303
-0.581,4.589
-1.489,4.246
-1.579,4.425
-1.706,4.214
-1.843,4.659
-2.023,4.527
-2.18,4.503
-2.397,4.534
-2.35,4.216
-2.843,4.376
2.485,3.684
2.504,1.353
1.569,4.186
1.277,3.857
0.792,4.1
0.245,0.881
-1.366,3.855
-1.84,3.647
-2.884,2.842
-2.911,1.166
2.551,-0.218
-1.141,-0.051
-2.434,0.03
-2.541,-0.007
-3.013,-0.218
-3.027,2.991
-3.03,1.263
2.925,1.56
2.701,2.809
2.56,1.745
2.668,3.845
2.584,2.952
2.432,3.235
2.535,1.939
2.56,0.769
2.402,2.796
2.37,3.64
2.482,1.866
2.435,3.22
2.274,1.43
2.37,0.949
2.136,2.778
2.148,1.723
2.258,4.184
2.197,1.56
2.191,2.732
2.178,3.714
2.049,2.556
1.997,3.037
1.959,3.045
1.889,4.175
1.88,2.747
1.956,1.325
1.868,4.201
1.694,2.967
1.765,2.95
1.541,0.528
1.618,1.742
1.487,2.214
1.401,1.461
1.478,1.797
1.42,1.843
1.288,2.12
1.25,3.836
1.192,2.683
1.299,4.085
1.241,2.069
1.087,2.85
1.085,1.292
1.038,2.732
1.172,3.7
1.18,3.147
1.005,0.394
1.01,1.629
0.959,1.526
0.963,1.427
0.802,0.514
0.9,2.573
0.866,3.48
0.667,3.873
0.68,2.007
0.696,0.259
0.668,1.474
0.422,3.896
0.577,2.789
0.4,1.312
0.299,0.173
0.395,2.794
0.211,1.409
0.309,3.884
0.249,1.161
0.087,2.968
-0.089,1.59
-0.199,1.957
-0.146,0.594
-0.475,0.207
-0.516,1.188
-0.539,1.697
-0.643,4.083
-0.661,3.02
-0.771,2.843
-0.819,1.704
-0.908,2.753
-1.174,0.427
-1.053,0.438
-1.135,1.306
-1.24,3.973
-1.189,1.357
-1.178,3.552
-1.211,1.263
-1.314,2.419
-1.47,2.938
-1.547,2.986
-1.573,1.523
-1.706,2.008
-1.676,0.392
-1.854,3.062
-1.989,3.88
-1.98,3.704
-1.855,3.799
-2.04,3.958
-1.933,2.584
-2.156,2.889
-2.156,2.674
-2.231,3.462
-2.211,4.105
-2.395,2.282
-2.455,1.383
-2.657,1.526
-2.707,1.66
-2.774,2.435
-2.863,0.271
-2.895,0.495
-2.808,3.831
-2.838,2.553
-2.983,2.433
-2.892,2.998
-2.871,2.365
-3.049,-0.139
2.912,0.163
2.016,-0.103
1.459,-0.067
1.564,0.121
0.594,0.2
0.413,-0.156
-0.054,-0.11
-0.199,-0.214
-0.255,0.027
-1.566,-0.051
-1.443,-0.004
-1.605,-0.138
-1.472,0.054
-1.766,-0.032
-1.812,0.084
-1.939,-0.131
-2.57,0.101
-2.54,0.202
-2.717,0.027
-3.119,0.208
3.001,4.445
2.875,4.557
2.836,4.527
2.729,4.511
2.546,4.461
1.661,4.274
1.129,4.34
0.896,4.169
0.554,4.468
0.207,4.405
-0.665,4.41
-0.89,4.462
-1.239,4.331
-2.023,4.514
-2.426,4.132
-2.866,4.376
-3.052,4.277
-2.964,4.475
0.986,2.104
-0.21,3.314
-0.778,1.132
-1.219,2.042
-1.463,3.798
2.291,2.642
2.108,0.94
1.564,0.934
0.886,1.469
-0.934,3.663
-1.277,3.09
-1.282,2.726
-1.59,1.971
-1.945,0.714
-1.882,2.352
-2.223,3.092
-2.249,1.655
-2.435,3.545
-2.454,3.742
-2.507,2.646
3.086,2.552
2.901,1.227
1.376,2.474
-0.133,2.49
-1.394,1.153
1.325,3.979
3.004,0.083
-2.522,-0.265
-0.184,-0.004
-0.246,0.264
-0.841,-0.127
-1.055,0.197
-1.435,0.294
-1.539,-0.074
-2.689,0.238
-2.828,4.375
2.944,4.438
2.471,4.382
2.322,4.616
2.29,4.303
2.086,4.501
1.521,4.581
1.432,4.647
1.016,4.308
0.018,4.412
-0.267,4.698
-1.175,4.355
-1.265,4.534
-1.392,4.323
-1.529,4.768
-1.709,4.636
-1.866,4.612
-2.083,4.643
-2.036,4.325
-2.529,4.485
2.799,3.793
2.818,1.462
1.883,4.295
1.591,3.966
1.106,4.209
0.559,0.99
-1.052,3.964
-1.526,3.756
-2.57,2.951
-2.597,1.275
2.865,-0.109
-0.827,0.058
-2.12,0.139
-2.227,0.102
-2.699,-0.109
-2.713,3.1
-2.716,1.372
-3.044,1.669
3.015,2.918
2.874,1.854
2.982,3.954
2.898,3.061
2.746,3.344
2.849,2.048
2.874,0.878
2.716,2.905
2.684,3.749
2.796,1.975
2.749,3.329
2.588,1.539
2.684,1.058
2.45,2.887
2.462,1.832
2.572,4.293
2.511,1.669
2.505,2.841
2.492,3.823
2.363,2.665
2.311,3.146
2.273,3.154
2.203,4.284
2.194,2.856
2.27,1.434
2.182,4.31
2.008,3.076
2.079,3.059
1.855,0.637
1.932,1.851
1.801,2.323
1.715,1.57
1.792,1.906
1.734,1.952
1.602,2.229
1.564,3.945
1.506,2.792
1.613,4.194
1.555,2.178
1.401,2.959
1.399,1.401
1.352,2.841
1.486,3.809
1.494,3.256
1.319,0.503
1.324,1.738
1.273,1.635
1.277,1.536
1.116,0.623
1.214,2.682
1.18,3.589
0.981,3.982
0.994,2.116
1.01,0.368
0.982,1.583
0.736,4.005
0.891,2.898
0.714,1.421
0.613,0.282
0.709,2.903
0.525,1.518
0.623,3.993
0.563,1.27
0.401,3.077
0.225,1.699
0.115,2.066
0.168,0.703
-0.161,0.316
-0.202,1.297
-0.225,1.806
-0.329,4.192
-0.347,3.129
-0.457,2.952
-0.505,1.813
-0.594,2.862
-0.86,0.536
-0.739,0.547
-0.821,1.415
-0.926,4.082
-0.875,1.466
-0.864,3.661
-0.897,1.372
-1.0,2.528
-1.156,3.047
-1.233,3.095
-1.259,1.632
-1.392,2.117
-1.362,0.501
-1.54,3.171
-1.675,3.989
-1.666,3.813
-1.541,3.908
-1.726,4.067
-1.619,2.693
-1.842,2.998
-1.842,2.783
-1.917,3.571
-1.897,4.214
-2.081,2.391
-2.141,1.492
-2.343,1.635
-2.393,1.769
-2.46,2.544
-2.549,0.38
-2.581,0.604
-2.494,3.94
-2.524,2.662
-2.669,2.542
-2.578,3.107
-2.557,2.474
-2.735,-0.03
-3.057,0.272
2.33,0.006
1.773,0.042
1.878,0.23
0.908,0.309
0.727,-0.047
0.26,-0.001
0.115,-0.105
0.059,0.136
-1.252,0.058
-1.129,0.105
-1.291,-0.029
-1.158,0.163
-1.452,0.077
-1.498,0.193
-1.625,-0.022
-2.256,0.21
-2.226,0.311
-2.403,0.136
-2.805,0.317
-2.968,4.554
-3.094,4.666
-3.133,4.636
3.043,4.62
2.86,4.57
1.975,4.383
1.443,4.449
1.21,4.278
0.868,4.577
0.521,4.514
-0.351,4.519
-0.576,4.571
-0.925,4.44
-1.709,4.623
-2.112,4.241
-2.552,4.485
-2.738,4.386
-2.65,4.584
1.3,2.213
0.104,3.423
-0.464,1.241
-0.905,2.151
-1.149,3.907
2.605,2.751
2.422,1.049
1.878,1.043
1.2,1.578
-0.62,3.772
-0.963,3.199
-0.968,2.835
-1.276,2.08
-1.631,0.823
-1.568,2.461
-1.909,3.201
-1.935,1.764
-2.121,3.654
-2.14,3.851
-2.193,2.755
-2.883,2.661
-3.068,1.336
1.69,2.583
0.181,2.599
-1.08,1.262
1.639,4.088
-2.965,0.192
-2.208,-0.156
-0.062,0.268
-0.657,-0.123
-0.871,0.201
-1.251,0.298
-1.355,-0.07
-2.505,0.242
-2.644,4.379
3.128,4.442
2.655,4.386
2.506,4.62
2.474,4.307
2.27,4.505
1.705,4.585
1.616,4.651
1.2,4.312
0.202,4.416
-0.083,4.702
-0.991,4.359
-1.081,4.538
-1.208,4.327
-1.345,4.772
-1.525,4.64
-1.682,4.616
-1.899,4.647
-1.852,4.329
-2.345,4.489
2.983,3.797
3.002,1.466
2.067,4.299
1.775,3.97
1.29,4.213
0.743,0.994
-0.868,3.968
-1.342,3.76
-2.386,2.955
-2.413,1.279
3.049,-0.105
-0.643,0.062
-1.936,0.143
-2.043,0.106
-2.515,-0.105
-2.529,3.104
-2.532,1.376
-2.86,1.673
-3.084,2.922
3.058,1.858
-3.117,3.958
3.082,3.065
2.93,3.348
3.033,2.052
3.058,0.882
2.9,2.909
2.868,3.753
2.98,1.979
2.933,3.333
2.772,1.543
2.868,1.062
2.634,2.891
2.646,1.836
2.756,4.297
2.695,1.673
2.689,2.845
2.676,3.827
2.547,2.669
2.495,3.15
2.457,3.158
2.387,4.288
2.378,2.86
2.454,1.438
2.366,4.314
2.192,3.08
2.263,3.063
2.039,0.641
2.116,1.855
1.985,2.327
1.899,1.574
1.976,1.91
1.918,1.956
1.786,2.233
1.748,3.949
1.69,2.796
1.797,4.198
1.739,2.182
1.585,2.963
1.583,1.405
1.536,2.845
1.67,3.813
1.678,3.26
1.503,0.507
1.508,1.742
1.457,1.639
1.461,1.54
1.3,0.627
1.398,2.686
1.364,3.593
1.165,3.986
1.178,2.12
1.194,0.372
1.166,1.587
0.92,4.009
1.075,2.902
0.898,1.425
0.797,0.286
0.893,2.907
0.709,1.522
0.807,3.997
0.747,1.274
0.585,3.081
0.409,1.703
0.299,2.07
0.352,0.707
0.023,0.32
-0.018,1.301
-0.041,1.81
-0.145,4.196
-0.163,3.133
-0.273,2.956
-0.321,1.817
-0.41,2.866
-0.676,0.54
-0.555,0.551
-0.637,1.419
-0.742,4.086
-0.691,1.47
-0.68,3.665
-0.713,1.376
-0.816,2.532
-0.972,3.051
-1.049,3.099
-1.075,1.636
-1.208,2.121
-1.178,0.505
-1.356,3.175
-1.491,3.993
-1.482,3.817
-1.357,3.912
-1.542,4.071
-1.435,2.697
-1.658,3.002
-1.658,2.787
-1.733,3.575
-1.713,4.218
-1.897,2.395
-1.957,1.496
-2.159,1.639
-2.209,1.773
-2.276,2.548
-2.365,0.384
-2.397,0.608
-2.31,3.944
-2.34,2.666
-2.485,2.546
-2.394,3.111
-2.373,2.478
-2.551,-0.026
-2.873,0.276
2.514,0.01
1.957,0.046
2.062,0.234
1.092,0.313
0.911,-0.043
0.444,0.003
0.299,-0.101
0.243,0.14
-1.068,0.062
-0.945,0.109
-1.107,-0.025
-0.974,0.167
-1.268,0.081
-1.314,0.197
-1.441,-0.018
-2.072,0.214
-2.042,0.315
-2.219,0.14
-2.621,0.321
-2.784,4.558
-2.91,4.67
-2.949,4.64
-3.056,4.624
3.044,4.574
2.159,4.387
1.627,4.453
1.394,4.282
1.052,4.581
0.705,4.518
-0.167,4.523
-0.392,4.575
-0.741,4.444
-1.525,4.627
-1.928,4.245
-2.368,4.489
-2.554,4.39
-2.466,4.588
1.484,2.217
0.288,3.427
-0.28,1.245
-0.721,2.155
-0.965,3.911
2.789,2.755
2.606,1.053
2.062,1.047
1.384,1.582
-0.436,3.776
-0.779,3.203
-0.784,2.839
-1.092,2.084
-1.447,0.827
-1.384,2.465
-1.725,3.205
-1.751,1.768
-1.937,3.658
-1.956,3.855
-2.009,2.759
-2.699,2.665
-2.884,1.34
1.874,2.587
0.365,2.603
-0.896,1.266
1.823,4.092
-2.781,0.196
-2.024,-0.152
-0.595,-0.391
-0.809,-0.067
-1.189,0.03
-1.293,-0.338
-2.443,-0.026
-2.582,4.111
-3.093,4.174
2.717,4.118
2.568,4.352
2.536,4.039
2.332,4.237
1.767,4.317
1.678,4.383
1.262,4.044
0.264,4.148
-0.021,4.434
-0.929,4.091
-1.019,4.27
-1.146,4.059
-1.283,4.504
-1.463,4.372
-1.62,4.348
-1.837,4.379
-1.79,4.061
-2.283,4.221
3.045,3.529
3.064,1.198
2.129,4.031
1.837,3.702
1.352,3.945
0.805,0.726
-0.806,3.7
-1.28,3.492
-2.324,2.687
-2.351,1.011
3.111,-0.373
-0.581,-0.206
-1.874,-0.125
-1.981,-0.162
-2.453,-0.373
-2.467,2.836
-2.47,1.108
-2.798,1.405
-3.022,2.654
3.12,1.59
-3.055,3.69
-3.139,2.797
2.992,3.08
3.095,1.784
3.12,0.614
2.962,2.641
2.93,3.485
3.042,1.711
2.995,3.065
2.834,1.275
2.93,0.794
2.696,2.623
2.708,1.568
2.818,4.029
2.757,1.405
2.751,2.577
2.738,3.559
2.609,2.401
2.557,2.882
2.519,2.89
2.449,4.02
2.44,2.592
2.516,1.17
2.428,4.046
2.254,2.812
2.325,2.795
2.101,0.373
2.178,1.587
2.047,2.059
1.961,1.306
2.038,1.642
1.98,1.688
1.848,1.965
1.81,3.681
1.752,2.528
1.859,3.93
1.801,1.914
1.647,2.695
1.645,1.137
1.598,2.577
1.732,3.545
1.74,2.992
1.565,0.239
1.57,1.474
1.519,1.371
1.523,1.272
1.362,0.359
1.46,2.418
1.426,3.325
1.227,3.718
1.24,1.852
1.256,0.104
1.228,1.319
0.982,3.741
1.137,2.634
0.96,1.157
0.859,0.018
0.955,2.639
0.771,1.254
0.869,3.729
0.809,1.006
0.647,2.813
0.471,1.435
0.361,1.802
0.414,0.439
0.085,0.052
0.044,1.033
0.021,1.542
-0.083,3.928
-0.101,2.865
-0.211,2.688
-0.259,1.549
-0.348,2.598
-0.614,0.272
-0.493,0.283
-0.575,1.151
-0.68,3.818
-0.629,1.202
-0.618,3.397
-0.651,1.108
-0.754,2.264
-0.91,2.783
-0.987,2.831
-1.013,1.368
-1.146,1.853
-1.116,0.237
-1.294,2.907
-1.429,3.725
-1.42,3.549
-1.295,3.644
-1.48,3.803
-1.373,2.429
-1.596,2.734
-1.596,2.519
-1.671,3.307
-1.651,3.95
-1.835,2.127
-1.895,1.228
-2.097,1.371
-2.147,1.505
-2.214,2.28
-2.303,0.116
-2.335,0.34
-2.248,3.676
-2.278,2.398
-2.423,2.278
-2.332,2.843
-2.311,2.21
-2.489,-0.294
-2.811,0.008
2.576,-0.258
2.019,-0.222
2.124,-0.034
1.154,0.045
0.973,-0.311
0.506,-0.265
0.361,-0.369
0.305,-0.128
-1.006,-0.206
-0.883,-0.159
-1.045,-0.293
-0.912,-0.101
-1.206,-0.187
-1.252,-0.071
-1.379,-0.286
-2.01,-0.054
-1.98,0.047
-2.157,-0.128
-2.559,0.053
-2.722,4.29
-2.848,4.402
-2.887,4.372
-2.994,4.356
3.106,4.306
2.221,4.119
1.689,4.185
1.456,4.014
1.114,4.313
0.767,4.25
-0.105,4.255
-0.33,4.307
-0.679,4.176
-1.463,4.359
-1.866,3.977
-2.306,4.221
-2.492,4.122
-2.404,4.32
1.546,1.949
0.35,3.159
-0.218,0.977
-0.659,1.887
-0.903,3.643
2.851,2.487
2.668,0.785
2.124,0.779
1.446,1.314
-0.374,3.508
-0.717,2.935
-0.722,2.571
-1.03,1.816
-1.385,0.559
-1.322,2.197
-1.663,2.937
-1.689,1.5
-1.875,3.39
-1.894,3.587
-1.947,2.491
-2.637,2.397
-2.822,1.072
1.936,2.319
0.427,2.335
-0.834,0.998
1.885,3.824
-2.719,-0.072
-1.962,-0.42
-0.214,0.324
-0.594,0.421
-0.698,0.053
-1.848,0.365
-1.987,4.502
-2.498,4.565
-2.971,4.509
-3.12,4.743
3.131,4.43
2.927,4.628
2.362,4.708
2.273,4.774
1.857,4.435
0.859,4.539
0.574,4.825
-0.334,4.482
-0.424,4.661
-0.551,4.45
-0.688,4.895
-0.868,4.763
-1.025,4.739
-1.242,4.77
-1.195,4.452
-1.688,4.612
-2.643,3.92
-2.624,1.589
2.724,4.422
2.432,4.093
1.947,4.336
1.4,1.117
-0.211,4.091
-0.685,3.883
-1.729,3.078
-1.756,1.402
-2.577,0.018
0.014,0.185
-1.279,0.266
-1.386,0.229
-1.858,0.018
-1.872,3.227
-1.875,1.499
-2.203,1.796
-2.427,3.045
-2.568,1.981
-2.46,4.081
-2.544,3.188
-2.696,3.471
-2.593,2.175
-2.568,1.005
-2.726,3.032
-2.758,3.876
-2.646,2.102
-2.693,3.456
-2.854,1.666
-2.758,1.185
-2.992,3.014
-2.98,1.959
-2.87,4.42
-2.931,1.796
-2.937,2.968
-2.95,3.95
-3.079,2.792
-3.131,3.273
3.114,3.281
3.044,4.411
3.035,2.983
3.111,1.561
3.023,4.437
2.849,3.203
2.92,3.186
2.696,0.764
2.773,1.978
2.642,2.45
2.556,1.697
2.633,2.033
2.575,2.079
2.443,2.356
2.405,4.072
2.347,2.919
2.454,4.321
2.396,2.305
2.242,3.086
2.24,1.528
2.193,2.968
2.327,3.936
2.335,3.383
2.16,0.63
2.165,1.865
2.114,1.762
2.118,1.663
1.957,0.75
2.055,2.809
2.021,3.716
1.822,4.109
1.835,2.243
1.851,0.495
1.823,1.71
1.577,4.132
1.732,3.025
1.555,1.548
1.454,0.409
1.55,3.03
1.366,1.645
1.464,4.12
1.404,1.397
1.242,3.204
1.066,1.826
0.956,2.193
1.009,0.83
0.68,0.443
0.639,1.424
0.616,1.933
0.512,4.319
0.494,3.256
0.384,3.079
0.336,1.94
0.247,2.989
-0.019,0.663
0.102,0.674
0.02,1.542
-0.085,4.209
-0.034,1.593
-0.023,3.788
-0.056,1.499
-0.159,2.655
-0.315,3.174
-0.392,3.222
-0.418,1.759
-0.551,2.244
-0.521,0.628
-0.699,3.298
-0.834,4.116
-0.825,3.94
-0.7,4.035
-0.885,4.194
-0.778,2.82
-1.001,3.125
-1.001,2.91
-1.076,3.698
-1.056,4.341
-1.24,2.518
-1.3,1.619
-1.502,1.762
-1.552,1.896
-1.619,2.671
-1.708,0.507
-1.74,0.731
-1.653,4.067
-1.683,2.789
-1.828,2.669
-1.737,3.234
-1.716,2.601
-1.894,0.097
-2.216,0.399
-3.112,0.133
2.614,0.169
2.719,0.357
1.749,0.436
1.568,0.08
1.101,0.126
0.956,0.022
0.9,0.263
-0.411,0.185
-0.288,0.232
-0.45,0.098
-0.317,0.29
-0.611,0.204
-0.657,0.32
-0.784,0.105
-1.415,0.337
-1.385,0.438
-1.562,0.263
-1.964,0.444
-2.127,4.681
-2.253,4.793
-2.292,4.763
-2.399,4.747
-2.582,4.697
2.816,4.51
2.284,4.576
2.051,4.405
1.709,4.704
1.362,4.641
0.49,4.646
0.265,4.698
-0.084,4.567
-0.868,4.75
-1.271,4.368
-1.711,4.612
-1.897,4.513
-1.809,4.711
2.141,2.34
0.945,3.55
0.377,1.368
-0.064,2.278
-0.308,4.034
-2.837,2.878
-3.02,1.176
2.719,1.17
2.041,1.705
0.221,3.899
-0.122,3.326
-0.127,2.962
-0.435,2.207
-0.79,0.95
-0.727,2.588
-1.068,3.328
-1.094,1.891
-1.28,3.781
-1.299,3.978
-1.352,2.882
-2.042,2.788
-2.227,1.463
2.531,2.71
1.022,2.726
-0.239,1.389
2.48,4.215
-2.124,0.319
-1.367,-0.029
-0.38,0.097
-0.484,-0.271
-1.634,0.041
-1.773,4.178
-2.284,4.241
-2.757,4.185
-2.906,4.419
-2.938,4.106
3.141,4.304
2.576,4.384
2.487,4.45
2.071,4.111
1.073,4.215
0.788,4.501
-0.12,4.158
-0.21,4.337
-0.337,4.126
-0.474,4.571
-0.654,4.439
-0.811,4.415
-1.028,4.446
-0.981,4.128
-1.474,4.288
-2.429,3.596
-2.41,1.265
2.938,4.098
2.646,3.769
2.161,4.012
1.614,0.793
0.003,3.767
-0.471,3.559
-1.515,2.754
-1.542,1.078
-2.363,-0.306
0.228,-0.139
-1.065,-0.058
-1.172,-0.095
-1.644,-0.306
-1.658,2.903
-1.661,1.175
-1.989,1.472
-2.213,2.721
-2.354,1.657
-2.246,3.757
-2.33,2.864
-2.482,3.147
-2.379,1.851
-2.354,0.681
-2.512,2.708
-2.544,3.552
-2.432,1.778
-2.479,3.132
-2.64,1.342
-2.544,0.861
-2.778,2.69
-2.766,1.635
-2.656,4.096
-2.717,1.472
-2.723,2.644
-2.736,3.626
-2.865,2.468
-2.917,2.949
-2.955,2.957
-3.025,4.087
-3.034,2.659
-2.958,1.237
-3.046,4.113
3.063,2.879
3.134,2.862
2.91,0.44
2.987,1.654
2.856,2.126
2.77,1.373
2.847,1.709
2.789,1.755
2.657,2.032
2.619,3.748
2.561,2.595
2.668,3.997
2.61,1.981
2.456,2.762
2.454,1.204
2.407,2.644
2.541,3.612
2.549,3.059
2.374,0.306
2.379,1.541
2.328,1.438
2.332,1.339
2.171,0.426
2.269,2.485
2.235,3.392
2.036,3.785
2.049,1.919
2.065,0.171
2.037,1.386
1.791,3.808
1.946,2.701
1.769,1.224
1.668,0.085
1.764,2.706
1.58,1.321
1.678,3.796
1.618,1.073
1.456,2.88
1.28,1.502
1.17,1.869
1.223,0.506
0.894,0.119
0.853,1.1
0.83,1.609
0.726,3.995
0.708,2.932
0.598,2.755
0.55,1.616
0.461,2.665
0.195,0.339
0.316,0.35
0.234,1.218
0.129,3.885
0.18,1.269
0.191,3.464
0.158,1.175
0.055,2.331
-0.101,2.85
-0.178,2.898
-0.204,1.435
-0.337,1.92
-0.307,0.304
-0.485,2.974
-0.62,3.792
-0.611,3.616
-0.486,3.711
-0.671,3.87
-0.564,2.496
-0.787,2.801
-0.787,2.586
-0.862,3.374
-0.842,4.017
-1.026,2.194
-1.086,1.295
-1.288,1.438
-1.338,1.572
-1.405,2.347
-1.494,0.183
-1.526,0.407
-1.439,3.743
-1.469,2.465
-1.614,2.345
-1.523,2.91
-1.502,2.277
-1.68,-0.227
-2.002,0.075
-2.898,-0.191
2.828,-0.155
2.933,0.033
1.963,0.112
1.782,-0.244
1.315,-0.198
1.17,-0.302
1.114,-0.061
-0.197,-0.139
-0.074,-0.092
-0.236,-0.226
-0.103,-0.034
-0.397,-0.12
-0.443,-0.004
-0.57,-0.219
-1.201,0.013
-1.171,0.114
-1.348,-0.061
-1.75,0.12
-1.913,4.357
-2.039,4.469
-2.078,4.439
-2.185,4.423
-2.368,4.373
3.03,4.186
2.498,4.252
2.265,4.081
1.923,4.38
1.576,4.317
0.704,4.322
0.479,4.374
0.13,4.243
-0.654,4.426
-1.057,4.044
-1.497,4.288
-1.683,4.189
-1.595,4.387
2.355,2.016
1.159,3.226
0.591,1.044
0.15,1.954
-0.094,3.71
-2.623,2.554
-2.806,0.852
2.933,0.846
2.255,1.381
0.435,3.575
0.092,3.002
0.087,2.638
-0.221,1.883
-0.576,0.626
-0.513,2.264
-0.854,3.004
-0.88,1.567
-1.066,3.457
-1.085,3.654
-1.138,2.558
-1.828,2.464
-2.013,1.139
2.745,2.386
1.236,2.402
-0.025,1.065
2.694,3.891
-1.91,-0.005
-1.153,-0.353
-0.104,-0.368
-1.254,-0.056
-1.393,4.081
-1.904,4.144
-2.377,4.088
-2.526,4.322
-2.558,4.009
-2.762,4.207
2.956,4.287
2.867,4.353
2.451,4.014
1.453,4.118
1.168,4.404
0.26,4.061
0.17,4.24
0.043,4.029
-0.094,4.474
-0.274,4.342
-0.431,4.318
-0.648,4.349
-0.601,4.031
-1.094,4.191
-2.049,3.499
-2.03,1.168
-2.965,4.001
3.026,3.672
2.541,3.915
1.994,0.696
0.383,3.67
-0.091,3.462
-1.135,2.657
-1.162,0.981
-1.983,-0.403
0.608,-0.236
-0.685,-0.155
-0.792,-0.192
-1.264,-0.403
-1.278,2.806
-1.281,1.078
-1.609,1.375
-1.833,2.624
-1.974,1.56
-1.866,3.66
-1.95,2.767
-2.102,3.05
-1.999,1.754
-1.974,0.584
-2.132,2.611
-2.164,3.455
-2.052,1.681
-2.099,3.035
-2.26,1.245
-2.164,0.764
-2.398,2.593
-2.386,1.538
-2.276,3.999
-2.337,1.375
-2.343,2.547
-2.356,3.529
-2.485,2.371
-2.537,2.852
-2.575,2.86
-2.645,3.99
-2.654,2.562
-2.578,1.14
-2.666,4.016
-2.84,2.782
-2.769,2.765
-2.993,0.343
-2.916,1.557
-3.047,2.029
-3.133,1.276
-3.056,1.612
-3.114,1.658
3.037,1.935
2.999,3.651
2.941,2.498
3.048,3.9
2.99,1.884
2.836,2.665
2.834,1.107
2.787,2.547
2.921,3.515
2.929,2.962
2.754,0.209
2.759,1.444
2.708,1.341
2.712,1.242
2.551,0.329
2.649,2.388
2.615,3.295
2.416,3.688
2.429,1.822
2.445,0.074
2.417,1.289
2.171,3.711
2.326,2.604
2.149,1.127
2.048,-0.012
2.144,2.609
1.96,1.224
2.058,3.699
1.998,0.976
1.836,2.783
1.66,1.405
1.55,1.772
1.603,0.409
1.274,0.022
1.233,1.003
1.21,1.512
1.106,3.898
1.088,2.835
0.978,2.658
0.93,1.519
0.841,2.568
0.575,0.242
0.696,0.253
0.614,1.121
0.509,3.788
0.56,1.172
0.571,3.367
0.538,1.078
0.435,2.234
0.279,2.753
0.202,2.801
0.176,1.338
0.043,1.823
0.073,0.207
-0.105,2.877
-0.24,3.695
-0.231,3.519
-0.106,3.614
-0.291,3.773
-0.184,2.399
-0.407,2.704
-0.407,2.489
-0.482,3.277
-0.462,3.92
-0.646,2.097
-0.706,1.198
-0.908,1.341
-0.958,1.475
-1.025,2.25
-1.114,0.086
-1.146,0.31
-1.059,3.646
-1.089,2.368
-1.234,2.248
-1.143,2.813
-1.122,2.18
-1.3,-0.324
-1.622,-0.022
-2.518,-0.288
-3.075,-0.252
-2.97,-0.064
2.343,0.015
2.162,-0.341
1.695,-0.295
1.55,-0.399
1.494,-0.158
0.183,-0.236
0.306,-0.189
0.144,-0.323
0.277,-0.131
-0.017,-0.217
-0.063,-0.101
-0.19,-0.316
-0.821,-0.084
-0.791,0.017
-0.968,-0.158
-1.37,0.023
-1.533,4.26
-1.659,4.372
-1.698,4.342
-1.805,4.326
-1.988,4.276
-2.873,4.089
2.878,4.155
2.645,3.984
2.303,4.283
1.956,4.22
1.084,4.225
0.859,4.277
0.51,4.146
-0.274,4.329
-0.677,3.947
-1.117,4.191
-1.303,4.092
-1.215,4.29
2.735,1.919
1.539,3.129
0.971,0.947
0.53,1.857
0.286,3.613
-2.243,2.457
-2.426,0.755
-2.97,0.749
2.635,1.284
0.815,3.478
0.472,2.905
0.467,2.541
0.159,1.786
-0.196,0.529
-0.133,2.167
-0.474,2.907
-0.5,1.47
-0.686,3.36
-0.705,3.557
-0.758,2.461
-1.448,2.367
-1.633,1.042
3.125,2.289
1.616,2.305
0.355,0.968
3.074,3.794
-1.53,-0.102
-0.773,-0.45
-1.15,0.312
-1.289,4.449
-1.8,4.512
-2.273,4.456
-2.422,4.69
-2.454,4.377
-2.658,4.575
3.06,4.655
2.971,4.721
2.555,4.382
1.557,4.486
1.272,4.772
0.364,4.429
0.274,4.608
0.147,4.397
0.01,4.842
-0.17,4.71
-0.327,4.686
-0.544,4.717
-0.497,4.399
-0.99,4.559
-1.945,3.867
-1.926,1.536
-2.861,4.369
3.13,4.04
2.645,4.283
2.098,1.064
0.487,4.038
0.013,3.83
-1.031,3.025
-1.058,1.349
-1.879,-0.035
0.712,0.132
-0.581,0.213
-0.688,0.176
-1.16,-0.035
-1.174,3.174
-1.177,1.446
-1.505,1.743
-1.729,2.992
-1.87,1.928
-1.762,4.028
-1.846,3.135
-1.998,3.418
-1.895,2.122
-1.87,0.952
-2.028,2.979
-2.06,3.823
-1.948,2.049
-1.995,3.403
-2.156,1.613
-2.06,1.132
-2.294,2.961
-2.282,1.906
-2.172,4.367
-2.233,1.743
-2.239,2.915
-2.252,3.897
-2.381,2.739
-2.433,3.22
-2.471,3.228
-2.541,4.358
-2.55,2.93
-2.474,1.508
-2.562,4.384
-2.736,3.15
-2.665,3.133
-2.889,0.711
-2.812,1.925
-2.943,2.397
-3.029,1.644
-2.952,1.98
-3.01,2.026
3.141,2.303
3.103,4.019
3.045,2.866
-3.131,4.268
3.094,2.252
2.94,3.033
2.938,1.475
2.891,2.915
3.025,3.883
3.033,3.33
2.858,0.577
2.863,1.812
2.812,1.709
2.816,1.61
2.655,0.697
2.753,2.756
2.719,3.663
2.52,4.056
2.533,2.19
2.549,0.442
2.521,1.657
2.275,4.079
2.43,2.972
2.253,1.495
2.152,0.356
2.248,2.977
2.064,1.592
2.162,4.067
2.102,1.344
1.94,3.151
1.764,1.773
1.654,2.14
1.707,0.777
1.378,0.39
1.337,1.371
1.314,1.88
1.21,4.266
1.192,3.203
1.082,3.026
1.034,1.887
0.945,2.936
0.679,0.61
0.8,0.621
0.718,1.489
0.613,4.156
0.664,1.54
0.675,3.735
0.642,1.446
0.539,2.602
0.383,3.121
0.306,3.169
0.28,1.706
0.147,2.191
0.177,0.575
-0.001,3.245
-0.136,4.063
-0.127,3.887
-0.002,3.982
-0.187,4.141
-0.08,2.767
-0.303,3.072
-0.303,2.857
-0.378,3.645
-0.358,4.288
-0.542,2.465
-0.602,1.566
-0.804,1.709
-0.854,1.843
-0.921,2.618
-1.01,0.454
-1.042,0.678
-0.955,4.014
-0.985,2.736
-1.13,2.616
-1.039,3.181
-1.018,2.548
-1.196,0.044
-1.518,0.346
-2.414,0.08
-2.971,0.116
-2.866,0.304
2.447,0.383
2.266,0.027
1.799,0.073
1.654,-0.031
1.598,0.21
0.287,0.132
0.41,0.179
0.248,0.045
0.381,0.237
0.087,0.151
0.041,0.267
-0.086,0.052
-0.717,0.284
-0.687,0.385
-0.864,0.21
-1.266,0.391
-1.429,4.628
-1.555,4.74
-1.594,4.71
-1.701,4.694
-1.884,4.644
-2.769,4.457
2.982,4.523
2.749,4.352
2.407,4.651
2.06,4.588
1.188,4.593
0.963,4.645
0.614,4.514
-0.17,4.697
-0.573,4.315
-1.013,4.559
-1.199,4.46
-1.111,4.658
2.839,2.287
1.643,3.497
1.075,1.315
0.634,2.225
0.39,3.981
-2.139,2.825
-2.322,1.123
-2.866,1.117
2.739,1.652
0.919,3.846
0.576,3.273
0.571,2.909
0.263,2.154
-0.092,0.897
-0.029,2.535
-0.37,3.275
-0.396,1.838
-0.582,3.728
-0.601,3.925
-0.654,2.829
-1.344,2.735
-1.529,1.41
-3.054,2.657
1.72,2.673
0.459,1.336
-3.105,4.162
-1.426,0.266
-0.669,-0.082
-0.139,4.137
-0.65,4.2
-1.123,4.144
-1.272,4.378
-1.304,4.065
-1.508,4.263
-2.073,4.343
-2.162,4.409
-2.578,4.07
2.707,4.174
2.422,4.46
1.514,4.117
1.424,4.296
1.297,4.085
1.16,4.53
0.98,4.398
0.823,4.374
0.606,4.405
0.653,4.087
0.16,4.247
-0.795,3.555
-0.776,1.224
-1.711,4.057
-2.003,3.728
-2.488,3.971
-3.035,0.752
1.637,3.726
1.163,3.518
0.119,2.713
0.092,1.037
-0.729,-0.347
1.862,-0.18
0.569,-0.099
0.462,-0.136
-0.01,-0.347
-0.024,2.862
-0.027,1.134
-0.355,1.431
-0.579,2.68
-0.72,1.616
-0.612,3.716
-0.696,2.823
-0.848,3.106
-0.745,1.81
-0.72,0.64
-0.878,2.667
-0.91,3.511
-0.798,1.737
-0.845,3.091
-1.006,1.301
-0.91,0.82
-1.144,2.649
-1.132,1.594
-1.022,4.055
-1.083,1.431
-1.089,2.603
-1.102,3.585
-1.231,2.427
-1.283,2.908
-1.321,2.916
-1.391,4.046
-1.4,2.618
-1.324,1.196
-1.412,4.072
-1.586,2.838
-1.515,2.821
-1.739,0.399
-1.662,1.613
-1.793,2.085
-1.879,1.332
-1.802,1.668
-1.86,1.714
-1.992,1.991
-2.03,3.707
-2.088,2.554
-1.981,3.956
-2.039,1.94
-2.193,2.721
-2.195,1.163
-2.242,2.603
-2.108,3.571
-2.1,3.018
-2.275,0.265
-2.27,1.5
-2.321,1.397
-2.317,1.298
-2.478,0.385
-2.38,2.444
-2.414,3.351
-2.613,3.744
-2.6,1.878
-2.584,0.13
-2.612,1.345
-2.858,3.767
-2.703,2.66
-2.88,1.183
-2.981,0.044
-2.885,2.665
-3.069,1.28
-2.971,3.755
-3.031,1.032
3.09,2.839
2.914,1.461
2.804,1.828
2.857,0.465
2.528,0.078
2.487,1.059
2.464,1.568
2.36,3.954
2.342,2.891
2.232,2.714
2.184,1.575
2.095,2.624
1.829,0.298
1.95,0.309
1.868,1.177
1.763,3.844
1.814,1.228
1.825,3.423
1.792,1.134
1.689,2.29
1.533,2.809
1.456,2.857
1.43,1.394
1.297,1.879
1.327,0.263
1.149,2.933
1.014,3.751
1.023,3.575
1.148,3.67
0.963,3.829
1.07,2.455
0.847,2.76
0.847,2.545
0.772,3.333
0.792,3.976
0.608,2.153
0.548,1.254
0.346,1.397
0.296,1.531
0.229,2.306
0.14,0.142
0.108,0.366
0.195,3.702
0.165,2.424
0.02,2.304
0.111,2.869
0.132,2.236
-0.046,-0.268
-0.368,0.034
-1.264,-0.232
-1.821,-0.196
-1.716,-0.008
-2.686,0.071
-2.867,-0.285
2.949,-0.239
2.804,-0.343
2.748,-0.102
1.437,-0.18
1.56,-0.133
1.398,-0.267
1.531,-0.075
1.237,-0.161
1.191,-0.045
1.064,-0.26
0.433,-0.028
0.463,0.073
0.286,-0.102
-0.116,0.079
-0.279,4.316
-0.405,4.428
-0.444,4.398
-0.551,4.382
-0.734,4.332
-1.619,4.145
-2.151,4.211
-2.384,4.04
-2.726,4.339
-3.073,4.276
2.338,4.281
2.113,4.333
1.764,4.202
0.98,4.385
0.577,4.003
0.137,4.247
-0.049,4.148
0.039,4.346
-2.294,1.975
2.793,3.185
2.225,1.003
1.784,1.913
1.54,3.669
-0.989,2.513
-1.172,0.811
-1.716,0.805
-2.394,1.34
2.069,3.534
1.726,2.961
1.721,2.597
1.413,1.842
1.058,0.585
1.121,2.223
0.78,2.963
0.754,1.526
0.568,3.416
0.549,3.613
0.496,2.517
-0.194,2.423
-0.379,1.098
-1.904,2.345
2.87,2.361
1.609,1.024
-1.955,3.85
-0.276,-0.046
0.481,-0.394
-0.511,0.063
-0.984,0.007
-1.133,0.241
-1.165,-0.072
-1.369,0.126
-1.934,0.206
-2.023,0.272
-2.439,-0.067
2.846,0.037
2.561,0.323
1.653,-0.02
1.563,0.159
1.436,-0.052
1.299,0.393
1.119,0.261
0.962,0.237
0.745,0.268
0.792,-0.05
0.299,0.11
-0.656,-0.582
-0.637,-2.913
-1.572,-0.08
-1.864,-0.409
-2.349,-0.166
-2.896,-3.385
1.776,-0.411
1.302,-0.619
0.258,-1.424
0.231,-3.1
-0.59,-4.484
2.001,-4.317
0.708,-4.236
0.601,-4.273
0.129,-4.484
0.115,-1.275
0.112,-3.003
-0.216,-2.706
-0.44,-1.457
-0.581,-2.521
-0.473,-0.421
-0.557,-1.314
-0.709,-1.031
-0.606,-2.327
-0.581,-3.497
-0.739,-1.47
-0.771,-0.626
-0.659,-2.4
-0.706,-1.046
-0.867,-2.836
-0.771,-3.317
-1.005,-1.488
-0.993,-2.543
-0.883,-0.082
-0.944,-2.706
-0.95,-1.534
-0.963,-0.552
-1.092,-1.71
-1.144,-1.229
-1.182,-1.221
-1.252,-0.091
-1.261,-1.519
-1.185,-2.941
-1.273,-0.065
-1.447,-1.299
-1.376,-1.316
-1.6,-3.738
-1.523,-2.524
-1.654,-2.052
-1.74,-2.805
-1.663,-2.469
-1.721,-2.423
-1.853,-2.146
-1.891,-0.43
-1.949,-1.583
-1.842,-0.181
-1.9,-2.197
-2.054,-1.416
-2.056,-2.974
-2.103,-1.534
-1.969,-0.566
-1.961,-1.119
-2.136,-3.872
-2.131,-2.637
-2.182,-2.74
-2.178,-2.839
-2.339,-3.752
-2.241,-1.693
-2.275,-0.786
-2.474,-0.393
-2.461,-2.259
-2.445,-4.007
-2.473,-2.792
-2.719,-0.37
-2.564,-1.477
-2.741,-2.954
-2.842,-4.093
-2.746,-1.472
-2.93,-2.857
-2.832,-0.382
-2.892,-3.105
-3.054,-1.298
3.053,-2.676
2.943,-2.309
2.996,-3.672
2.667,-4.059
2.626,-3.078
2.603,-2.569
2.499,-0.183
2.481,-1.246
2.371,-1.423
2.323,-2.562
2.234,-1.513
1.968,-3.839
2.089,-3.828
2.007,-2.96
1.902,-0.293
1.953,-2.909
1.964,-0.714
1.931,-3.003
1.828,-1.847
1.672,-1.328
1.595,-1.28
1.569,-2.743
1.436,-2.258
1.466,-3.874
1.288,-1.204
1.153,-0.386
1.162,-0.562
1.287,-0.467
1.102,-0.308
1.209,-1.682
0.986,-1.377
0.986,-1.592
0.911,-0.804
0.931,-0.161
0.747,-1.984
0.687,-2.883
0.485,-2.74
0.435,-2.606
0.368,-1.831
0.279,-3.995
0.247,-3.771
0.334,-0.435
0.304,-1.713
0.159,-1.833
0.25,-1.268
0.271,-1.901
0.093,-4.405
-0.229,-4.103
-1.125,-4.369
-1.682,-4.333
-1.577,-4.145
-2.547,-4.066
-2.728,-4.422
3.088,-4.376
2.943,-4.48
2.887,-4.239
1.576,-4.317
1.699,-4.27
1.537,-4.404
1.67,-4.212
1.376,-4.298
1.33,-4.182
1.203,-4.397
0.572,-4.165
0.602,-4.064
0.425,-4.239
0.023,-4.058
-0.14,0.179
-0.266,0.291
-0.305,0.261
-0.412,0.245
-0.595,0.195
-1.48,0.008
-2.012,0.074
-2.245,-0.097
-2.587,0.202
-2.934,0.139
2.477,0.144
2.252,0.196
1.903,0.065
1.119,0.248
0.716,-0.134
0.276,0.11
0.09,0.011
0.178,0.209
-2.155,-2.162
2.932,-0.952
2.364,-3.134
1.923,-2.224
1.679,-0.468
-0.85,-1.624
-1.033,-3.326
-1.577,-3.332
-2.255,-2.797
2.208,-0.603
1.865,-1.176
1.86,-1.54
1.552,-2.295
1.197,-3.552
1.26,-1.914
0.919,-1.174
0.893,-2.611
0.707,-0.721
0.688,-0.524
0.635,-1.62
-0.055,-1.714
-0.24,-3.039
-1.765,-1.792
3.009,-1.776
1.748,-3.113
-1.816,-0.287
-0.137,-4.183
0.62,-4.531
-0.473,-0.056
-0.622,0.178
-0.654,-0.135
-0.858,0.063
-1.423,0.143
-1.512,0.209
-1.928,-0.13
-2.926,-0.026
3.072,0.26
2.164,-0.083
2.074,0.096
1.947,-0.115
1.81,0.33
1.63,0.198
1.473,0.174
1.256,0.205
1.303,-0.113
0.81,0.047
-0.145,-0.645
-0.126,-2.976
-1.061,-0.143
-1.353,-0.472
-1.838,-0.229
-2.385,-3.448
2.287,-0.474
1.813,-0.682
0.769,-1.487
0.742,-3.163
-0.079,-4.547
2.512,-4.38
1.219,-4.299
1.112,-4.336
0.64,-4.547
0.626,-1.338
0.623,-3.066
0.295,-2.769
0.071,-1.52
-0.07,-2.584
0.038,-0.484
-0.046,-1.377
-0.198,-1.094
-0.095,-2.39
-0.07,-3.56
-0.228,-1.533
-0.26,-0.689
-0.148,-2.463
-0.195,-1.109
-0.356,-2.899
-0.26,-3.38
-0.494,-1.551
-0.482,-2.606
-0.372,-0.145
-0.433,-2.769
-0.439,-1.597
-0.452,-0.615
-0.581,-1.773
-0.633,-1.292
-0.671,-1.284
-0.741,-0.154
-0.75,-1.582
-0.674,-3.004
-0.762,-0.128
-0.936,-1.362
-0.865,-1.379
-1.089,-3.801
-1.012,-2.587
-1.143,-2.115
-1.229,-2.868
-1.152,-2.532
-1.21,-2.486
-1.342,-2.209
-1.38,-0.493
-1.438,-1.646
-1.331,-0.244
-1.389,-2.26
-1.543,-1.479
-1.545,-3.037
-1.592,-1.597
-1.458,-0.629
-1.45,-1.182
-1.625,-3.935
-1.62,-2.7
-1.671,-2.803
-1.667,-2.902
-1.828,-3.815
-1.73,-1.756
-1.764,-0.849
-1.963,-0.456
-1.95,-2.322
-1.934,-4.07
-1.962,-2.855
-2.208,-0.433
-2.053,-1.54
-2.23,-3.017
-2.331,-4.156
-2.235,-1.535
-2.419,-2.92
-2.321,-0.445
-2.381,-3.168
-2.543,-1.361
-2.719,-2.739
-2.829,-2.372
-2.776,-3.735
-3.105,-4.122
3.137,-3.141
3.114,-2.632
3.01,-0.246
2.992,-1.309
2.882,-1.486
2.834,-2.625
2.745,-1.576
2.479,-3.902
2.6,-3.891
2.518,-3.023
2.413,-0.356
2.464,-2.972
2.475,-0.777
2.442,-3.066
2.339,-1.91
2.183,-1.391
2.106,-1.343
2.08,-2.806
1.947,-2.321
1.977,-3.937
1.799,-1.267
1.664,-0.449
1.673,-0.625
1.798,-0.53
1.613,-0.371
1.72,-1.745
1.497,-1.44
1.497,-1.655
1.422,-0.867
1.442,-0.224
1.258,-2.047
1.198,-2.946
0.996,-2.803
0.946,-2.669
0.879,-1.894
0.79,-4.058
0.758,-3.834
0.845,-0.498
0.815,-1.776
0.67,-1.896
0.761,-1.331
0.782,-1.964
0.604,-4.468
0.282,-4.166
-0.614,-4.432
-1.171,-4.396
-1.066,-4.208
-2.036,-4.129
-2.217,-4.485
-2.684,-4.439
-2.829,-4.543
-2.885,-4.302
2.087,-4.38
2.21,-4.333
2.048,-4.467
2.181,-4.275
1.887,-4.361
1.841,-4.245
1.714,-4.46
1.083,-4.228
1.113,-4.127
0.936,-4.302
0.534,-4.121
0.371,0.116
0.245,0.228
0.206,0.198
0.099,0.182
-0.084,0.132
-0.969,-0.055
-1.501,0.011
-1.734,-0.16
-2.076,0.139
-2.423,0.076
2.988,0.081
2.763,0.133
2.414,0.002
1.63,0.185
1.227,-0.197
0.787,0.047
0.601,-0.052
0.689,0.146
-1.644,-2.225
-2.84,-1.015
2.875,-3.197
2.434,-2.287
2.19,-0.531
-0.339,-1.687
-0.522,-3.389
-1.066,-3.395
-1.744,-2.86
2.719,-0.666
2.376,-1.239
2.371,-1.603
2.063,-2.358
1.708,-3.615
1.771,-1.977
1.43,-1.237
1.404,-2.674
1.218,-0.784
1.199,-0.587
1.146,-1.683
0.456,-1.777
0.271,-3.102
-1.254,-1.855
-2.763,-1.839
2.259,-3.176
-1.305,-0.35
0.374,-4.246
1.131,-4.594
-0.149,0.234
-0.181,-0.079
-0.385,0.119
-0.95,0.199
-1.039,0.265
-1.455,-0.074
-2.453,0.03
-2.738,0.316
2.637,-0.027
2.547,0.152
2.42,-0.059
2.283,0.386
2.103,0.254
1.946,0.23
1.729,0.261
1.776,-0.057
1.283,0.103
0.328,-0.589
0.347,-2.92
-0.588,-0.087
-0.88,-0.416
-1.365,-0.173
-1.912,-3.392
2.76,-0.418
2.286,-0.626
1.242,-1.431
1.215,-3.107
0.394,-4.491
2.985,-4.324
1.692,-4.243
1.585,-4.28
1.113,-4.491
1.099,-1.282
1.096,-3.01
0.768,-2.713
0.544,-1.464
0.403,-2.528
0.511,-0.428
0.427,-1.321
0.275,-1.038
0.378,-2.334
0.403,-3.504
0.245,-1.477
0.213,-0.633
0.325,-2.407
0.278,-1.053
0.117,-2.843
0.213,-3.324
-0.021,-1.495
-0.009,-2.55
0.101,-0.089
0.04,-2.713
0.034,-1.541
0.021,-0.559
-0.108,-1.717
-0.16,-1.236
-0.198,-1.228
-0.268,-0.098
-0.277,-1.526
-0.201,-2.948
-0.289,-0.072
-0.463,-1.306
-0.392,-1.323
-0.616,-3.745
-0.539,-2.531
-0.67,-2.059
-0.756,-2.812
-0.679,-2.476
-0.737,-2.43
-0.869,-2.153
-0.907,-0.437
-0.965,-1.59
-0.858,-0.188
-0.916,-2.204
-1.07,-1.423
-1.072,-2.981
-1.119,-1.541
-0.985,-0.573
-0.977,-1.126
-1.152,-3.879
-1.147,-2.644
-1.198,-2.747
-1.194,-2.846
-1.355,-3.759
-1.257,-1.7
-1.291,-0.793
-1.49,-0.4
-1.477,-2.266
-1.461,-4.014
-1.489,-2.799
-1.735,-0.377
-1.58,-1.484
-1.757,-2.961
-1.858,-4.1
-1.762,-1.479
-1.946,-2.864
-1.848,-0.389
-1.908,-3.112
-2.07,-1.305
-2.246,-2.683
-2.356,-2.316
-2.303,-3.679
-2.632,-4.066
-2.673,-3.085
-2.696,-2.576
-2.8,-0.19
-2.818,-1.253
-2.928,-1.43
-2.976,-2.569
-3.065,-1.52
2.952,-3.846
3.073,-3.835
2.991,-2.967
2.886,-0.3
2.937,-2.916
2.948,-0.721
2.915,-3.01
2.812,-1.854
2.656,-1.335
2.579,-1.287
2.553,-2.75
2.42,-2.265
2.45,-3.881
2.272,-1.211
2.137,-0.393
2.146,-0.569
2.271,-0.474
2.086,-0.315
2.193,-1.689
1.97,-1.384
1.97,-1.599
1.895,-0.811
1.915,-0.168
1.731,-1.991
1.671,-2.89
1.469,-2.747
1.419,-2.613
1.352,-1.838
1.263,-4.002
1.231,-3.778
1.318,-0.442
1.288,-1.72
1.143,-1.84
1.234,-1.275
1.255,-1.908
1.077,-4.412
0.755,-4.11
-0.141,-4.376
-0.698,-4.34
-0.593,-4.152
-1.563,-4.073
-1.744,-4.429
-2.211,-4.383
-2.356,-4.487
-2.412,-4.246
2.56,-4.324
2.683,-4.277
2.521,-4.411
2.654,-4.219
2.36,-4.305
2.314,-4.189
2.187,-4.404
1.556,-4.172
1.586,-4.071
1.409,-4.246
1.007,-4.065
0.844,0.172
0.718,0.284
0.679,0.254
0.572,0.238
0.389,0.188
-0.496,0.001
-1.028,0.067
-1.261,-0.104
-1.603,0.195
-1.95,0.132
-2.822,0.137
-3.047,0.189
2.887,0.058
2.103,0.241
1.7,-0.141
1.26,0.103
1.074,0.004
1.162,0.202
-1.171,-2.169
-2.367,-0.959
-2.935,-3.141
2.907,-2.231
2.663,-0.475
0.134,-1.631
-0.049,-3.333
-0.593,-3.339
-1.271,-2.804
-3.091,-0.61
2.849,-1.183
2.844,-1.547
2.536,-2.302
2.181,-3.559
2.244,-1.921
1.903,-1.181
1.877,-2.618
1.691,-0.728
1.672,-0.531
1.619,-1.627
0.929,-1.721
0.744,-3.046
-0.781,-1.799
-2.29,-1.783
2.732,-3.12
-0.832,-0.294
0.847,-4.19
1.604,-4.538
-0.032,-0.313
-0.236,-0.115
-0.801,-0.035
-0.89,0.031
-1.306,-0.308
-2.304,-0.204
-2.589,0.082
2.786,-0.261
2.696,-0.082
2.569,-0.293
2.432,0.152
2.252,0.02
2.095,-0.004
1.878,0.027
1.925,-0.291
1.432,-0.131
0.477,-0.823
0.496,-3.154
-0.439,-0.321
-0.731,-0.65
-1.216,-0.407
-1.763,-3.626
2.909,-0.652
2.435,-0.86
1.391,-1.665
1.364,-3.341
0.543,-4.725
3.134,-4.558
1.841,-4.477
1.734,-4.514
1.262,-4.725
1.248,-1.516
1.245,-3.244
0.917,-2.947
0.693,-1.698
0.552,-2.762
0.66,-0.662
0.576,-1.555
0.424,-1.272
0.527,-2.568
0.552,-3.738
0.394,-1.711
0.362,-0.867
0.474,-2.641
0.427,-1.287
0.266,-3.077
0.362,-3.558
0.128,-1.729
0.14,-2.784
0.25,-0.323
0.189,-2.947
0.183,-1.775
0.17,-0.793
0.041,-1.951
-0.011,-1.47
-0.049,-1.462
-0.119,-0.332
-0.128,-1.76
-0.052,-3.182
-0.14,-0.306
-0.314,-1.54
-0.243,-1.557
-0.467,-3.979
-0.39,-2.765
-0.521,-2.293
-0.607,-3.046
-0.53,-2.71
-0.588,-2.664
-0.72,-2.387
-0.758,-0.671
-0.816,-1.824
-0.709,-0.422
-0.767,-2.438
-0.921,-1.657
-0.923,-3.215
-0.97,-1.775
-0.836,-0.807
-0.828,-1.36
-1.003,-4.113
-0.998,-2.878
-1.049,-2.981
-1.045,-3.08
-1.206,-3.993
-1.108,-1.934
-1.142,-1.027
-1.341,-0.634
-1.328,-2.5
-1.312,-4.248
-1.34,-3.033
-1.586,-0.611
-1.431,-1.718
-1.608,-3.195
-1.709,-4.334
-1.613,-1.713
-1.797,-3.098
-1.699,-0.623
-1.759,-3.346
-1.921,-1.539
-2.097,-2.917
-2.207,-2.55
-2.154,-3.913
-2.483,-4.3
-2.524,-3.319
-2.547,-2.81
-2.651,-0.424
-2.669,-1.487
-2.779,-1.664
-2.827,-2.803
-2.916,-1.754
3.101,-4.08
-3.061,-4.069
3.14,-3.201
3.035,-0.534
3.086,-3.15
3.097,-0.955
3.064,-3.244
2.961,-2.088
2.805,-1.569
2.728,-1.521
2.702,-2.984
2.569,-2.499
2.599,-4.115
2.421,-1.445
2.286,-0.627
2.295,-0.803
2.42,-0.708
2.235,-0.549
2.342,-1.923
2.119,-1.618
2.119,-1.833
2.044,-1.045
2.064,-0.402
1.88,-2.225
1.82,-3.124
1.618,-2.981
1.568,-2.847
1.501,-2.072
1.412,-4.236
1.38,-4.012
1.467,-0.676
1.437,-1.954
1.292,-2.074
1.383,-1.509
1.404,-2.142
1.226,-4.646
0.904,-4.344
0.008,-4.61
-0.549,-4.574
-0.444,-4.386
-1.414,-4.307
-1.595,-4.663
-2.062,-4.617
-2.207,-4.721
-2.263,-4.48
2.709,-4.558
2.832,-4.511
2.67,-4.645
2.803,-4.453
2.509,-4.539
2.463,-4.423
2.336,-4.638
1.705,-4.406
1.735,-4.305
1.558,-4.48
1.156,-4.299
0.993,-0.062
0.867,0.05
0.828,0.02
0.721,0.004
0.538,-0.046
-0.347,-0.233
-0.879,-0.167
-1.112,-0.338
-1.454,-0.039
-1.801,-0.102
-2.673,-0.097
-2.898,-0.045
3.036,-0.176
2.252,0.007
1.849,-0.375
1.409,-0.131
1.223,-0.23
1.311,-0.032
-1.022,-2.403
-2.218,-1.193
-2.786,-3.375
3.056,-2.465
2.812,-0.709
0.283,-1.865
0.1,-3.567
-0.444,-3.573
-1.122,-3.038
-2.942,-0.844
2.998,-1.417
2.993,-1.781
2.685,-2.536
2.33,-3.793
2.393,-2.155
2.052,-1.415
2.026,-2.852
1.84,-0.962
1.821,-0.765
1.768,-1.861
1.078,-1.955
0.893,-3.28
-0.632,-2.033
-2.141,-2.017
2.881,-3.354
-0.683,-0.528
0.996,-4.424
1.753,-4.772
-0.204,0.198
-0.769,0.278
-0.858,0.344
-1.274,0.005
-2.272,0.109
-2.557,0.395
2.818,0.052
2.728,0.231
2.601,0.02
2.464,0.465
2.284,0.333
2.127,0.309
1.91,0.34
1.957,0.022
1.464,0.182
0.509,-0.51
0.528,-2.841
-0.407,-0.008
-0.699,-0.337
-1.184,-0.094
-1.731,-3.313
2.941,-0.339
2.467,-0.547
1.423,-1.352
1.396,-3.028
0.575,-4.412
-3.117,-4.245
1.873,-4.164
1.766,-4.201
1.294,-4.412
1.28,-1.203
1.277,-2.931
0.949,-2.634
0.725,-1.385
0.584,-2.449
0.692,-0.349
0.608,-1.242
0.456,-0.959
0.559,-2.255
0.584,-3.425
0.426,-1.398
0.394,-0.554
0.506,-2.328
0.459,-0.974
0.298,-2.764
0.394,-3.245
0.16,-1.416
0.172,-2.471
0.282,-0.01
0.221,-2.634
0.215,-1.462
0.202,-0.48
0.073,-1.638
0.021,-1.157
-0.017,-1.149
-0.087,-0.019
-0.096,-1.447
-0.02,-2.869
-0.108,0.007
-0.282,-1.227
-0.211,-1.244
-0.435,-3.666
-0.358,-2.452
-0.489,-1.98
-0.575,-2.733
-0.498,-2.397
-0.556,-2.351
-0.688,-2.074
-0.726,-0.358
-0.784,-1.511
-0.677,-0.109
-0.735,-2.125
-0.889,-1.344
-0.891,-2.902
-0.938,-1.462
-0.804,-0.494
-0.796,-1.047
-0.971,-3.8
-0.966,-2.565
-1.017,-2.668
-1.013,-2.767
-1.174,-3.68
-1.076,-1.621
-1.11,-0.714
-1.309,-0.321
-1.296,-2.187
-1.28,-3.935
-1.308,-2.72
-1.554,-0.298
-1.399,-1.405
-1.576,-2.882
-1.677,-4.021
-1.581,-1.4
-1.765,-2.785
-1.667,-0.31
-1.727,-3.033
-1.889,-1.226
-2.065,-2.604
-2.175,-2.237
-2.122,-3.6
-2.451,-3.987
-2.492,-3.006
-2.515,-2.497
-2.619,-0.111
-2.637,-1.174
-2.747,-1.351
-2.795,-2.49
-2.884,-1.441
3.133,-3.767
-3.029,-3.756
-3.111,-2.888
3.067,-0.221
3.118,-2.837
3.129,-0.642
3.096,-2.931
2.993,-1.775
2.837,-1.256
2.76,-1.208
2.734,-2.671
2.601,-2.186
2.631,-3.802
2.453,-1.132
2.318,-0.314
2.327,-0.49
2.452,-0.395
2.267,-0.236
2.374,-1.61
2.151,-1.305
2.151,-1.52
2.076,-0.732
2.096,-0.089
1.912,-1.912
1.852,-2.811
1.65,-2.668
1.6,-2.534
1.533,-1.759
1.444,-3.923
1.412,-3.699
1.499,-0.363
1.469,-1.641
1.324,-1.761
1.415,-1.196
1.436,-1.829
1.258,-4.333
0.936,-4.031
0.04,-4.297
-0.517,-4.261
-0.412,-4.073
-1.382,-3.994
-1.563,-4.35
-2.03,-4.304
-2.175,-4.408
-2.231,-4.167
2.741,-4.245
2.864,-4.198
2.702,-4.332
2.835,-4.14
2.541,-4.226
2.495,-4.11
2.368,-4.325
1.737,-4.093
1.767,-3.992
1.59,-4.167
1.188,-3.986
1.025,0.251
0.899,0.363
0.86,0.333
0.753,0.317
0.57,0.267
-0.315,0.08
-0.847,0.146
-1.08,-0.025
-1.422,0.274
-1.769,0.211
-2.641,0.216
-2.866,0.268
3.068,0.137
2.284,0.32
1.881,-0.062
1.441,0.182
1.255,0.083
1.343,0.281
-0.99,-2.09
-2.186,-0.88
-2.754,-3.062
3.088,-2.152
2.844,-0.396
0.315,-1.552
0.132,-3.254
-0.412,-3.26
-1.09,-2.725
-2.91,-0.531
3.03,-1.104
3.025,-1.468
2.717,-2.223
2.362,-3.48
2.425,-1.842
2.084,-1.102
2.058,-2.539
1.872,-0.649
1.853,-0.452
1.8,-1.548
1.11,-1.642
0.925,-2.967
-0.6,-1.72
-2.109,-1.704
2.913,-3.041
-0.651,-0.215
1.028,-4.111
1.785,-4.459
-0.565,0.08
-0.654,0.146
-1.07,-0.193
-2.068,-0.089
-2.353,0.197
3.022,-0.146
2.932,0.033
2.805,-0.178
2.668,0.267
2.488,0.135
2.331,0.111
2.114,0.142
2.161,-0.176
1.668,-0.016
0.713,-0.708
0.732,-3.039
-0.203,-0.206
-0.495,-0.535
-0.98,-0.292
-1.527,-3.511
-3.138,-0.537
2.671,-0.745
1.627,-1.55
1.6,-3.226
0.779,-4.61
-2.913,-4.443
2.077,-4.362
1.97,-4.399
1.498,-4.61
1.484,-1.401
1.481,-3.129
1.153,-2.832
0.929,-1.583
0.788,-2.647
0.896,-0.547
0.812,-1.44
0.66,-1.157
0.763,-2.453
0.788,-3.623
0.63,-1.596
0.598,-0.752
0.71,-2.526
0.663,-1.172
0.502,-2.962
0.598,-3.443
0.364,-1.614
0.376,-2.669
0.486,-0.208
0.425,-2.832
0.419,-1.66
0.406,-0.678
0.277,-1.836
0.225,-1.355
0.187,-1.347
0.117,-0.217
0.108,-1.645
0.184,-3.067
0.096,-0.191
-0.078,-1.425
-0.007,-1.442
-0.231,-3.864
-0.154,-2.65
-0.285,-2.178
-0.371,-2.931
-0.294,-2.595
-0.352,-2.549
-0.484,-2.272
-0.522,-0.556
-0.58,-1.709
-0.473,-0.307
-0.531,-2.323
-0.685,-1.542
-0.687,-3.1
-0.734,-1.66
-0.6,-0.692
-0.592,-1.245
-0.767,-3.998
-0.762,-2.763
-0.813,-2.866
-0.809,-2.965
-0.97,-3.878
-0.872,-1.819
-0.906,-0.912
-1.105,-0.519
-1.092,-2.385
-1.076,-4.133
-1.104,-2.918
-1.35,-0.496
-1.195,-1.603
-1.372,-3.08
-1.473,-4.219
-1.377,-1.598
-1.561,-2.983
-1.463,-0.508
-1.523,-3.231
-1.685,-1.424
-1.861,-2.802
-1.971,-2.435
-1.918,-3.798
-2.247,-4.185
-2.288,-3.204
-2.311,-2.695
-2.415,-0.309
-2.433,-1.372
-2.543,-1.549
-2.591,-2.688
-2.68,-1.639
-2.946,-3.965
-2.825,-3.954
-2.907,-3.086
-3.012,-0.419
-2.961,-3.035
-2.95,-0.84
-2.983,-3.129
-3.086,-1.973
3.041,-1.454
2.964,-1.406
2.938,-2.869
2.805,-2.384
2.835,-4.0
2.657,-1.33
2.522,-0.512
2.531,-0.688
2.656,-0.593
2.471,-0.434
2.578,-1.808
2.355,-1.503
2.355,-1.718
2.28,-0.93
2.3,-0.287
2.116,-2.11
2.056,-3.009
1.854,-2.866
1.804,-2.732
1.737,-1.957
1.648,-4.121
1.616,-3.897
1.703,-0.561
1.673,-1.839
1.528,-1.959
1.619,-1.394
1.64,-2.027
1.462,-4.531
1.14,-4.229
0.244,-4.495
-0.313,-4.459
-0.208,-4.271
-1.178,-4.192
-1.359,-4.548
-1.826,-4.502
-1.971,-4.606
-2.027,-4.365
2.945,-4.443
3.068,-4.396
2.906,-4.53
3.039,-4.338
2.745,-4.424
2.699,-4.308
2.572,-4.523
1.941,-4.291
1.971,-4.19
1.794,-4.365
1.392,-4.184
1.229,0.053
1.103,0.165
1.064,0.135
0.957,0.119
0.774,0.069
-0.111,-0.118
-0.643,-0.052
-0.876,-0.223
-1.218,0.076
-1.565,0.013
-2.437,0.018
-2.662,0.07
-3.011,-0.061
2.488,0.122
2.085,-0.26
1.645,-0.016
1.459,-0.115
1.547,0.083
-0.786,-2.288
-1.982,-1.078
-2.55,-3.26
-2.991,-2.35
3.048,-0.594
0.519,-1.75
0.336,-3.452
-0.208,-3.458
-0.886,-2.923
-2.706,-0.729
-3.049,-1.302
-3.054,-1.666
2.921,-2.421
2.566,-3.678
2.629,-2.04
2.288,-1.3
2.262,-2.737
2.076,-0.847
2.057,-0.65
2.004,-1.746
1.314,-1.84
1.129,-3.165
-0.396,-1.918
-1.905,-1.902
3.117,-3.239
-0.447,-0.413
1.232,-4.309
1.989,-4.657
-0.089,0.066
-0.505,-0.273
-1.503,-0.169
-1.788,0.117
-2.696,-0.226
-2.786,-0.047
-2.913,-0.258
-3.05,0.187
3.053,0.055
2.896,0.031
2.679,0.062
2.726,-0.256
2.233,-0.096
1.278,-0.788
1.297,-3.119
0.362,-0.286
0.07,-0.615
-0.415,-0.372
-0.962,-3.591
-2.573,-0.617
-3.047,-0.825
2.192,-1.63
2.165,-3.306
1.344,-4.69
-2.348,-4.523
2.642,-4.442
2.535,-4.479
2.063,-4.69
2.049,-1.481
2.046,-3.209
1.718,-2.912
1.494,-1.663
1.353,-2.727
1.461,-0.627
1.377,-1.52
1.225,-1.237
1.328,-2.533
1.353,-3.703
1.195,-1.676
1.163,-0.832
1.275,-2.606
1.228,-1.252
1.067,-3.042
1.163,-3.523
0.929,-1.694
0.941,-2.749
1.051,-0.288
0.99,-2.912
0.984,-1.74
0.971,-0.758
0.842,-1.916
0.79,-1.435
0.752,-1.427
0.682,-0.297
0.673,-1.725
0.749,-3.147
0.661,-0.271
0.487,-1.505
0.558,-1.522
0.334,-3.944
0.411,-2.73
0.28,-2.258
0.194,-3.011
0.271,-2.675
0.213,-2.629
0.081,-2.352
0.043,-0.636
-0.015,-1.789
0.092,-0.387
0.034,-2.403
-0.12,-1.622
-0.122,-3.18
-0.169,-1.74
-0.035,-0.772
-0.027,-1.325
-0.202,-4.078
-0.197,-2.843
-0.248,-2.946
-0.244,-3.045
-0.405,-3.958
-0.307,-1.899
-0.341,-0.992
-0.54,-0.599
-0.527,-2.465
-0.511,-4.213
-0.539,-2.998
-0.785,-0.576
-0.63,-1.683
-0.807,-3.16
-0.908,-4.299
-0.812,-1.678
-0.996,-3.063
-0.898,-0.588
-0.958,-3.311
-1.12,-1.504
-1.296,-2.882
-1.406,-2.515
-1.353,-3.878
-1.682,-4.265
-1.723,-3.284
-1.746,-2.775
-1.85,-0.389
-1.868,-1.452
-1.978,-1.629
-2.026,-2.768
-2.115,-1.719
-2.381,-4.045
-2.26,-4.034
-2.342,-3.166
-2.447,-0.499
-2.396,-3.115
-2.385,-0.92
-2.418,-3.209
-2.521,-2.053
-2.677,-1.534
-2.754,-1.486
-2.78,-2.949
-2.913,-2.464
-2.883,-4.08
-3.061,-1.41
3.087,-0.592
3.096,-0.768
-3.062,-0.673
3.036,-0.514
-3.14,-1.888
2.92,-1.583
2.92,-1.798
2.845,-1.01
2.865,-0.367
2.681,-2.19
2.621,-3.089
2.419,-2.946
2.369,-2.812
2.302,-2.037
2.213,-4.201
2.181,-3.977
2.268,-0.641
2.238,-1.919
2.093,-2.039
2.184,-1.474
2.205,-2.107
2.027,-4.611
1.705,-4.309
0.809,-4.575
0.252,-4.539
0.357,-4.351
-0.613,-4.272
-0.794,-4.628
-1.261,-4.582
-1.406,-4.686
-1.462,-4.445
-2.773,-4.523
-2.65,-4.476
-2.812,-4.61
-2.679,-4.418
-2.973,-4.504
-3.019,-4.388
3.137,-4.603
2.506,-4.371
2.536,-4.27
2.359,-4.445
1.957,-4.264
1.794,-0.027
1.668,0.085
1.629,0.055
1.522,0.039
1.339,-0.011
0.454,-0.198
-0.078,-0.132
-0.311,-0.303
-0.653,-0.004
-1.0,-0.067
-1.872,-0.062
-2.097,-0.01
-2.446,-0.141
3.053,0.042
2.65,-0.34
2.21,-0.096
2.024,-0.195
2.112,0.003
-0.221,-2.368
-1.417,-1.158
-1.985,-3.34
-2.426,-2.43
-2.67,-0.674
1.084,-1.83
0.901,-3.532
0.357,-3.538
-0.321,-3.003
-2.141,-0.809
-2.484,-1.382
-2.489,-1.746
-2.797,-2.501
3.131,-3.758
-3.089,-2.12
2.853,-1.38
2.827,-2.817
2.641,-0.927
2.622,-0.73
2.569,-1.826
1.879,-1.92
1.694,-3.245
0.169,-1.998
-1.34,-1.982
-2.601,-3.319
0.118,-0.493
1.797,-4.389
2.554,-4.737
-0.416,-0.339
-1.414,-0.235
-1.699,0.051
-2.607,-0.292
-2.697,-0.113
-2.824,-0.324
-2.961,0.121
-3.141,-0.011
2.985,-0.035
2.768,-0.004
2.815,-0.322
2.322,-0.162
1.367,-0.854
1.386,-3.185
0.451,-0.352
0.159,-0.681
-0.326,-0.438
-0.873,-3.657
-2.484,-0.683
-2.958,-0.891
2.281,-1.696
2.254,-3.372
1.433,-4.756
-2.259,-4.589
2.731,-4.508
2.624,-4.545
2.152,-4.756
2.138,-1.547
2.135,-3.275
1.807,-2.978
1.583,-1.729
1.442,-2.793
1.55,-0.693
1.466,-1.586
1.314,-1.303
1.417,-2.599
1.442,-3.769
1.284,-1.742
1.252,-0.898
1.364,-2.672
1.317,-1.318
1.156,-3.108
1.252,-3.589
1.018,-1.76
1.03,-2.815
1.14,-0.354
1.079,-2.978
1.073,-1.806
1.06,-0.824
0.931,-1.982
0.879,-1.501
0.841,-1.493
0.771,-0.363
0.762,-1.791
0.838,-3.213
0.75,-0.337
0.576,-1.571
0.647,-1.588
0.423,-4.01
0.5,-2.796
0.369,-2.324
0.283,-3.077
0.36,-2.741
0.302,-2.695
0.17,-2.418
0.132,-0.702
0.074,-1.855
0.181,-0.453
0.123,-2.469
-0.031,-1.688
-0.033,-3.246
-0.08,-1.806
0.054,-0.838
0.062,-1.391
-0.113,-4.144
-0.108,-2.909
-0.159,-3.012
-0.155,-3.111
-0.316,-4.024
-0.218,-1.965
-0.252,-1.058
-0.451,-0.665
-0.438,-2.531
-0.422,-4.279
-0.45,-3.064
-0.696,-0.642
-0.541,-1.749
-0.718,-3.226
-0.819,-4.365
-0.723,-1.744
-0.907,-3.129
-0.809,-0.654
-0.869,-3.377
-1.031,-1.57
-1.207,-2.948
-1.317,-2.581
-1.264,-3.944
-1.593,-4.331
-1.634,-3.35
-1.657,-2.841
-1.761,-0.455
-1.779,-1.518
-1.889,-1.695
-1.937,-2.834
-2.026,-1.785
-2.292,-4.111
-2.171,-4.1
-2.253,-3.232
-2.358,-0.565
-2.307,-3.181
-2.296,-0.986
-2.329,-3.275
-2.432,-2.119
-2.588,-1.6
-2.665,-1.552
-2.691,-3.015
-2.824,-2.53
-2.794,-4.146
-2.972,-1.476
-3.107,-0.658
-3.098,-0.834
-2.973,-0.739
3.125,-0.58
-3.051,-1.954
3.009,-1.649
3.009,-1.864
2.934,-1.076
2.954,-0.433
2.77,-2.256
2.71,-3.155
2.508,-3.012
2.458,-2.878
2.391,-2.103
2.302,-4.267
2.27,-4.043
2.357,-0.707
2.327,-1.985
2.182,-2.105
2.273,-1.54
2.294,-2.173
2.116,-4.677
1.794,-4.375
0.898,-4.641
0.341,-4.605
0.446,-4.417
-0.524,-4.338
-0.705,-4.694
-1.172,-4.648
-1.317,-4.752
-1.373,-4.511
-2.684,-4.589
-2.561,-4.542
-2.723,-4.676
-2.59,-4.484
-2.884,-4.57
-2.93,-4.454
-3.057,-4.669
2.595,-4.437
2.625,-4.336
2.448,-4.511
2.046,-4.33
1.883,-0.093
1.757,0.019
1.718,-0.011
1.611,-0.027
1.428,-0.077
0.543,-0.264
0.011,-0.198
-0.222,-0.369
-0.564,-0.07
-0.911,-0.133
-1.783,-0.128
-2.008,-0.076
-2.357,-0.207
-3.141,-0.024
2.739,-0.406
2.299,-0.162
2.113,-0.261
2.201,-0.063
-0.132,-2.434
-1.328,-1.224
-1.896,-3.406
-2.337,-2.496
-2.581,-0.74
1.173,-1.896
0.99,-3.598
0.446,-3.604
-0.232,-3.069
-2.052,-0.875
-2.395,-1.448
-2.4,-1.812
-2.708,-2.567
-3.063,-3.824
-3.0,-2.186
2.942,-1.446
2.916,-2.883
2.73,-0.993
2.711,-0.796
2.658,-1.892
1.968,-1.986
1.783,-3.311
0.258,-2.064
-1.251,-2.048
-2.512,-3.385
0.207,-0.559
1.886,-4.455
2.643,-4.803
-0.998,0.104
-1.283,0.39
-2.191,0.047
-2.281,0.226
-2.408,0.015
-2.545,0.46
-2.725,0.328
-2.882,0.304
-3.099,0.335
-3.052,0.017
2.738,0.177
1.783,-0.515
1.802,-2.846
0.867,-0.013
0.575,-0.342
0.09,-0.099
-0.457,-3.318
-2.068,-0.344
-2.542,-0.552
2.697,-1.357
2.67,-3.033
1.849,-4.417
-1.843,-4.25
-3.136,-4.169
3.04,-4.206
2.568,-4.417
2.554,-1.208
2.551,-2.936
2.223,-2.639
1.999,-1.39
1.858,-2.454
1.966,-0.354
1.882,-1.247
1.73,-0.964
1.833,-2.26
1.858,-3.43
1.7,-1.403
1.668,-0.559
1.78,-2.333
1.733,-0.979
1.572,-2.769
1.668,-3.25
1.434,-1.421
1.446,-2.476
1.556,-0.015
1.495,-2.639
1.489,-1.467
1.476,-0.485
1.347,-1.643
1.295,-1.162
1.257,-1.154
1.187,-0.024
1.178,-1.452
1.254,-2.874
1.166,0.002
0.992,-1.232
1.063,-1.249
0.839,-3.671
0.916,-2.457
0.785,-1.985
0.699,-2.738
0.776,-2.402
0.718,-2.356
0.586,-2.079
0.548,-0.363
0.49,-1.516
0.597,-0.114
0.539,-2.13
0.385,-1.349
0.383,-2.907
0.336,-1.467
0.47,-0.499
0.478,-1.052
0.303,-3.805
0.308,-2.57
0.257,-2.673
0.261,-2.772
0.1,-3.685
0.198,-1.626
0.164,-0.719
-0.035,-0.326
-0.022,-2.192
-0.006,-3.94
-0.034,-2.725
-0.28,-0.303
-0.125,-1.41
-0.302,-2.887
-0.403,-4.026
-0.307,-1.405
-0.491,-2.79
-0.393,-0.315
-0.453,-3.038
-0.615,-1.231
-0.791,-2.609
-0.901,-2.242
-0.848,-3.605
-1.177,-3.992
-1.218,-3.011
-1.241,-2.502
-1.345,-0.116
-1.363,-1.179
-1.473,-1.356
-1.521,-2.495
-1.61,-1.446
-1.876,-3.772
-1.755,-3.761
-1.837,-2.893
-1.942,-0.226
-1.891,-2.842
-1.88,-0.647
-1.913,-2.936
-2.016,-1.78
-2.172,-1.261
-2.249,-1.213
-2.275,-2.676
-2.408,-2.191
-2.378,-3.807
-2.556,-1.137
-2.691,-0.319
-2.682,-0.495
-2.557,-0.4
-2.742,-0.241
-2.635,-1.615
-2.858,-1.31
-2.858,-1.525
-2.933,-0.737
-2.913,-0.094
-3.097,-1.917
3.126,-2.816
2.924,-2.673
2.874,-2.539
2.807,-1.764
2.718,-3.928
2.686,-3.704
2.773,-0.368
2.743,-1.646
2.598,-1.766
2.689,-1.201
2.71,-1.834
2.532,-4.338
2.21,-4.036
1.314,-4.302
0.757,-4.266
0.862,-4.078
-0.108,-3.999
-0.289,-4.355
-0.756,-4.309
-0.901,-4.413
-0.957,-4.172
-2.268,-4.25
-2.145,-4.203
-2.307,-4.337
-2.174,-4.145
-2.468,-4.231
-2.514,-4.115
-2.641,-4.33
3.011,-4.098
3.041,-3.997
2.864,-4.172
2.462,-3.991
2.299,0.246
2.173,0.358
2.134,0.328
2.027,0.312
1.844,0.262
0.959,0.075
0.427,0.141
0.194,-0.03
-0.148,0.269
-0.495,0.206
-1.367,0.211
-1.592,0.263
-1.941,0.132
-2.725,0.315
-3.128,-0.067
2.715,0.177
2.529,0.078
2.617,0.276
0.284,-2.095
-0.912,-0.885
-1.48,-3.067
-1.921,-2.157
-2.165,-0.401
1.589,-1.557
1.406,-3.259
0.862,-3.265
0.184,-2.73
-1.636,-0.536
-1.979,-1.109
-1.984,-1.473
-2.292,-2.228
-2.647,-3.485
-2.584,-1.847
-2.925,-1.107
-2.951,-2.544
-3.137,-0.654
3.127,-0.457
3.074,-1.553
2.384,-1.647
2.199,-2.972
0.674,-1.725
-0.835,-1.709
-2.096,-3.046
0.623,-0.22
2.302,-4.116
3.059,-4.464
-0.285,0.286
-1.193,-0.057
-1.283,0.122
-1.41,-0.089
-1.547,0.356
-1.727,0.224
-1.884,0.2
-2.101,0.231
-2.054,-0.087
-2.547,0.073
2.781,-0.619
2.8,-2.95
1.865,-0.117
1.573,-0.446
1.088,-0.203
0.541,-3.422
-1.07,-0.448
-1.544,-0.656
-2.588,-1.461
-2.615,-3.137
2.847,-4.521
-0.845,-4.354
-2.138,-4.273
-2.245,-4.31
-2.717,-4.521
-2.731,-1.312
-2.734,-3.04
-3.062,-2.743
2.997,-1.494
2.856,-2.558
2.964,-0.458
2.88,-1.351
2.728,-1.068
2.831,-2.364
2.856,-3.534
2.698,-1.507
2.666,-0.663
2.778,-2.437
2.731,-1.083
2.57,-2.873
2.666,-3.354
2.432,-1.525
2.444,-2.58
2.554,-0.119
2.493,-2.743
2.487,-1.571
2.474,-0.589
2.345,-1.747
2.293,-1.266
2.255,-1.258
2.185,-0.128
2.176,-1.556
2.252,-2.978
2.164,-0.102
1.99,-1.336
2.061,-1.353
1.837,-3.775
1.914,-2.561
1.783,-2.089
1.697,-2.842
1.774,-2.506
1.716,-2.46
1.584,-2.183
1.546,-0.467
1.488,-1.62
1.595,-0.218
1.537,-2.234
1.383,-1.453
1.381,-3.011
1.334,-1.571
1.468,-0.603
1.476,-1.156
1.301,-3.909
1.306,-2.674
1.255,-2.777
1.259,-2.876
1.098,-3.789
1.196,-1.73
1.162,-0.823
0.963,-0.43
0.976,-2.296
0.992,-4.044
0.964,-2.829
0.718,-0.407
0.873,-1.514
0.696,-2.991
0.595,-4.13
0.691,-1.509
0.507,-2.894
0.605,-0.419
0.545,-3.142
0.383,-1.335
0.207,-2.713
0.097,-2.346
0.15,-3.709
-0.179,-4.096
-0.22,-3.115
-0.243,-2.606
-0.347,-0.22
-0.365,-1.283
-0.475,-1.46
-0.523,-2.599
-0.612,-1.55
-0.878,-3.876
-0.757,-3.865
-0.839,-2.997
-0.944,-0.33
-0.893,-2.946
-0.882,-0.751
-0.915,-3.04
-1.018,-1.884
-1.174,-1.365
-1.251,-1.317
-1.277,-2.78
-1.41,-2.295
-1.38,-3.911
-1.558,-1.241
-1.693,-0.423
-1.684,-0.599
-1.559,-0.504
-1.744,-0.345
-1.637,-1.719
-1.86,-1.414
-1.86,-1.629
-1.935,-0.841
-1.915,-0.198
-2.099,-2.021
-2.159,-2.92
-2.361,-2.777
-2.411,-2.643
-2.478,-1.868
-2.567,-4.032
-2.599,-3.808
-2.512,-0.472
-2.542,-1.75
-2.687,-1.87
-2.596,-1.305
-2.575,-1.938
-2.753,-4.442
-3.075,-4.14
2.312,-4.406
1.755,-4.37
1.86,-4.182
0.89,-4.103
0.709,-4.459
0.242,-4.413
0.097,-4.517
0.041,-4.276
-1.27,-4.354
-1.147,-4.307
-1.309,-4.441
-1.176,-4.249
-1.47,-4.335
-1.516,-4.219
-1.643,-4.434
-2.274,-4.202
-2.244,-4.101
-2.421,-4.276
-2.823,-4.095
-2.986,0.142
-3.112,0.254
3.132,0.224
3.025,0.208
2.842,0.158
1.957,-0.029
1.425,0.037
1.192,-0.134
0.85,0.165
0.503,0.102
-0.369,0.107
-0.594,0.159
-0.943,0.028
-1.727,0.211
-2.13,-0.171
-2.57,0.073
-2.756,-0.026
-2.668,0.172
1.282,-2.199
0.086,-0.989
-0.482,-3.171
-0.923,-2.261
-1.167,-0.505
2.587,-1.661
2.404,-3.363
1.86,-3.369
1.182,-2.834
-0.638,-0.64
-0.981,-1.213
-0.986,-1.577
-1.294,-2.332
-1.649,-3.589
-1.586,-1.951
-1.927,-1.211
-1.953,-2.648
-2.139,-0.758
-2.158,-0.561
-2.211,-1.657
-2.901,-1.751
-3.086,-3.076
1.672,-1.829
0.163,-1.813
-1.098,-3.15
1.621,-0.324
-2.983,-4.22
-2.226,-4.568
-0.908,-0.343
-0.998,-0.164
-1.125,-0.375
-1.262,0.07
-1.442,-0.062
-1.599,-0.086
-1.816,-0.055
-1.769,-0.373
-2.262,-0.213
3.066,-0.905
3.085,-3.236
2.15,-0.403
1.858,-0.732
1.373,-0.489
0.826,-3.708
-0.785,-0.734
-1.259,-0.942
-2.303,-1.747
-2.33,-3.423
3.132,-4.807
-0.56,-4.64
-1.853,-4.559
-1.96,-4.596
-2.432,-4.807
-2.446,-1.598
-2.449,-3.326
-2.777,-3.029
-3.001,-1.78
3.141,-2.844
-3.034,-0.744
-3.118,-1.637
3.013,-1.354
3.116,-2.65
3.141,-3.82
2.983,-1.793
2.951,-0.949
3.063,-2.723
3.016,-1.369
2.855,-3.159
2.951,-3.64
2.717,-1.811
2.729,-2.866
2.839,-0.405
2.778,-3.029
2.772,-1.857
2.759,-0.875
2.63,-2.033
2.578,-1.552
2.54,-1.544
2.47,-0.414
2.461,-1.842
2.537,-3.264
2.449,-0.388
2.275,-1.622
2.346,-1.639
2.122,-4.061
2.199,-2.847
2.068,-2.375
1.982,-3.128
2.059,-2.792
2.001,-2.746
1.869,-2.469
1.831,-0.753
1.773,-1.906
1.88,-0.504
1.822,-2.52
1.668,-1.739
1.666,-3.297
1.619,-1.857
1.753,-0.889
1.761,-1.442
1.586,-4.195
1.591,-2.96
1.54,-3.063
1.544,-3.162
1.383,-4.075
1.481,-2.016
1.447,-1.109
1.248,-0.716
1.261,-2.582
1.277,-4.33
1.249,-3.115
1.003,-0.693
1.158,-1.8
0.981,-3.277
0.88,-4.416
0.976,-1.795
0.792,-3.18
0.89,-0.705
0.83,-3.428
0.668,-1.621
0.492,-2.999
0.382,-2.632
0.435,-3.995
0.106,-4.382
0.065,-3.401
0.042,-2.892
-0.062,-0.506
-0.08,-1.569
-0.19,-1.746
-0.238,-2.885
-0.327,-1.836
-0.593,-4.162
-0.472,-4.151
-0.554,-3.283
-0.659,-0.616
-0.608,-3.232
-0.597,-1.037
-0.63,-3.326
-0.733,-2.17
-0.889,-1.651
-0.966,-1.603
-0.992,-3.066
-1.125,-2.581
-1.095,-4.197
-1.273,-1.527
-1.408,-0.709
-1.399,-0.885
-1.274,-0.79
-1.459,-0.631
-1.352,-2.005
-1.575,-1.7
-1.575,-1.915
-1.65,-1.127
-1.63,-0.484
-1.814,-2.307
-1.874,-3.206
-2.076,-3.063
-2.126,-2.929
-2.193,-2.154
-2.282,-4.318
-2.314,-4.094
-2.227,-0.758
-2.257,-2.036
-2.402,-2.156
-2.311,-1.591
-2.29,-2.224
-2.468,-4.728
-2.79,-4.426
2.597,-4.692
2.04,-4.656
2.145,-4.468
1.175,-4.389
0.994,-4.745
0.527,-4.699
0.382,-4.803
0.326,-4.562
-0.985,-4.64
-0.862,-4.593
-1.024,-4.727
-0.891,-4.535
-1.185,-4.621
-1.231,-4.505
-1.358,-4.72
-1.989,-4.488
-1.959,-4.387
-2.136,-4.562
-2.538,-4.381
-2.701,-0.144
-2.827,-0.032
-2.866,-0.062
-2.973,-0.078
3.127,-0.128
2.242,-0.315
1.71,-0.249
1.477,-0.42
1.135,-0.121
0.788,-0.184
-0.084,-0.179
-0.309,-0.127
-0.658,-0.258
-1.442,-0.075
-1.845,-0.457
-2.285,-0.213
-2.471,-0.312
-2.383,-0.114
1.567,-2.485
0.371,-1.275
-0.197,-3.457
-0.638,-2.547
-0.882,-0.791
2.872,-1.947
2.689,-3.649
2.145,-3.655
1.467,-3.12
-0.353,-0.926
-0.696,-1.499
-0.701,-1.863
-1.009,-2.618
-1.364,-3.875
-1.301,-2.237
-1.642,-1.497
-1.668,-2.934
-1.854,-1.044
-1.873,-0.847
-1.926,-1.943
-2.616,-2.037
-2.801,-3.362
1.957,-2.115
0.448,-2.099
-0.813,-3.436
1.906,-0.61
-2.698,-4.506
-1.941,-4.854
-0.09,0.179
-0.217,-0.032
-0.354,0.413
-0.534,0.281
-0.691,0.257
-0.908,0.288
-0.861,-0.03
-1.354,0.13
-2.309,-0.562
-2.29,-2.893
3.058,-0.06
2.766,-0.389
2.281,-0.146
1.734,-3.365
0.123,-0.391
-0.351,-0.599
-1.395,-1.404
-1.422,-3.08
-2.243,-4.464
0.348,-4.297
-0.945,-4.216
-1.052,-4.253
-1.524,-4.464
-1.538,-1.255
-1.541,-2.983
-1.869,-2.686
-2.093,-1.437
-2.234,-2.501
-2.126,-0.401
-2.21,-1.294
-2.362,-1.011
-2.259,-2.307
-2.234,-3.477
-2.392,-1.45
-2.424,-0.606
-2.312,-2.38
-2.359,-1.026
-2.52,-2.816
-2.424,-3.297
-2.658,-1.468
-2.646,-2.523
-2.536,-0.062
-2.597,-2.686
-2.603,-1.514
-2.616,-0.532
-2.745,-1.69
-2.797,-1.209
-2.835,-1.201
-2.905,-0.071
-2.914,-1.499
-2.838,-2.921
-2.926,-0.045
-3.1,-1.279
-3.029,-1.296
3.03,-3.718
3.107,-2.504
2.976,-2.032
2.89,-2.785
2.967,-2.449
2.909,-2.403
2.777,-2.126
2.739,-0.41
2.681,-1.563
2.788,-0.161
2.73,-2.177
2.576,-1.396
2.574,-2.954
2.527,-1.514
2.661,-0.546
2.669,-1.099
2.494,-3.852
2.499,-2.617
2.448,-2.72
2.452,-2.819
2.291,-3.732
2.389,-1.673
2.355,-0.766
2.156,-0.373
2.169,-2.239
2.185,-3.987
2.157,-2.772
1.911,-0.35
2.066,-1.457
1.889,-2.934
1.788,-4.073
1.884,-1.452
1.7,-2.837
1.798,-0.362
1.738,-3.085
1.576,-1.278
1.4,-2.656
1.29,-2.289
1.343,-3.652
1.014,-4.039
0.973,-3.058
0.95,-2.549
0.846,-0.163
0.828,-1.226
0.718,-1.403
0.67,-2.542
0.581,-1.493
0.315,-3.819
0.436,-3.808
0.354,-2.94
0.249,-0.273
0.3,-2.889
0.311,-0.694
0.278,-2.983
0.175,-1.827
0.019,-1.308
-0.058,-1.26
-0.084,-2.723
-0.217,-2.238
-0.187,-3.854
-0.365,-1.184
-0.5,-0.366
-0.491,-0.542
-0.366,-0.447
-0.551,-0.288
-0.444,-1.662
-0.667,-1.357
-0.667,-1.572
-0.742,-0.784
-0.722,-0.141
-0.906,-1.964
-0.966,-2.863
-1.168,-2.72
-1.218,-2.586
-1.285,-1.811
-1.374,-3.975
-1.406,-3.751
-1.319,-0.415
-1.349,-1.693
-1.494,-1.813
-1.403,-1.248
-1.382,-1.881
-1.56,-4.385
-1.882,-4.083
-2.778,-4.349
2.948,-4.313
3.053,-4.125
2.083,-4.046
1.902,-4.402
1.435,-4.356
1.29,-4.46
1.234,-4.219
-0.077,-4.297
0.046,-4.25
-0.116,-4.384
0.017,-4.192
-0.277,-4.278
-0.323,-4.162
-0.45,-4.377
-1.081,-4.145
-1.051,-4.044
-1.228,-4.219
-1.63,-4.038
-1.793,0.199
-1.919,0.311
-1.958,0.281
-2.065,0.265
-2.248,0.215
-3.133,0.028
2.618,0.094
2.385,-0.077
2.043,0.222
1.696,0.159
0.824,0.164
0.599,0.216
0.25,0.085
-0.534,0.268
-0.937,-0.114
-1.377,0.13
-1.563,0.031
-1.475,0.229
2.475,-2.142
1.279,-0.932
0.711,-3.114
0.27,-2.204
0.026,-0.448
-2.503,-1.604
-2.686,-3.306
3.053,-3.312
2.375,-2.777
0.555,-0.583
0.212,-1.156
0.207,-1.52
-0.101,-2.275
-0.456,-3.532
-0.393,-1.894
-0.734,-1.154
-0.76,-2.591
-0.946,-0.701
-0.965,-0.504
-1.018,-1.6
-1.708,-1.694
-1.893,-3.019
2.865,-1.772
1.356,-1.756
0.095,-3.093
2.814,-0.267
-1.79,-4.163
-1.033,-4.511
-0.127,-0.211
-0.264,0.234
-0.444,0.102
-0.601,0.078
-0.818,0.109
-0.771,-0.209
-1.264,-0.049
-2.219,-0.741
-2.2,-3.072
-3.135,-0.239
2.856,-0.568
2.371,-0.325
1.824,-3.544
0.213,-0.57
-0.261,-0.778
-1.305,-1.583
-1.332,-3.259
-2.153,-4.643
0.438,-4.476
-0.855,-4.395
-0.962,-4.432
-1.434,-4.643
-1.448,-1.434
-1.451,-3.162
-1.779,-2.865
-2.003,-1.616
-2.144,-2.68
-2.036,-0.58
-2.12,-1.473
-2.272,-1.19
-2.169,-2.486
-2.144,-3.656
-2.302,-1.629
-2.334,-0.785
-2.222,-2.559
-2.269,-1.205
-2.43,-2.995
-2.334,-3.476
-2.568,-1.647
-2.556,-2.702
-2.446,-0.241
-2.507,-2.865
-2.513,-1.693
-2.526,-0.711
-2.655,-1.869
-2.707,-1.388
-2.745,-1.38
-2.815,-0.25
-2.824,-1.678
-2.748,-3.1
-2.836,-0.224
-3.01,-1.458
-2.939,-1.475
3.12,-3.897
-3.086,-2.683
3.066,-2.211
2.98,-2.964
3.057,-2.628
2.999,-2.582
2.867,-2.305
2.829,-0.589
2.771,-1.742
2.878,-0.34
2.82,-2.356
2.666,-1.575
2.664,-3.133
2.617,-1.693
2.751,-0.725
2.759,-1.278
2.584,-4.031
2.589,-2.796
2.538,-2.899
2.542,-2.998
2.381,-3.911
2.479,-1.852
2.445,-0.945
2.246,-0.552
2.259,-2.418
2.275,-4.166
2.247,-2.951
2.001,-0.529
2.156,-1.636
1.979,-3.113
1.878,-4.252
1.974,-1.631
1.79,-3.016
1.888,-0.541
1.828,-3.264
1.666,-1.457
1.49,-2.835
1.38,-2.468
1.433,-3.831
1.104,-4.218
1.063,-3.237
1.04,-2.728
0.936,-0.342
0.918,-1.405
0.808,-1.582
0.76,-2.721
0.671,-1.672
0.405,-3.998
0.526,-3.987
0.444,-3.119
0.339,-0.452
0.39,-3.068
0.401,-0.873
0.368,-3.162
0.265,-2.006
0.109,-1.487
0.032,-1.439
0.006,-2.902
-0.127,-2.417
-0.097,-4.033
-0.275,-1.363
-0.41,-0.545
-0.401,-0.721
-0.276,-0.626
-0.461,-0.467
-0.354,-1.841
-0.577,-1.536
-0.577,-1.751
-0.652,-0.963
-0.632,-0.32
-0.816,-2.143
-0.876,-3.042
-1.078,-2.899
-1.128,-2.765
-1.195,-1.99
-1.284,-4.154
-1.316,-3.93
-1.229,-0.594
-1.259,-1.872
-1.404,-1.992
-1.313,-1.427
-1.292,-2.06
-1.47,-4.564
-1.792,-4.262
-2.688,-4.528
3.038,-4.492
-3.14,-4.304
2.173,-4.225
1.992,-4.581
1.525,-4.535
1.38,-4.639
1.324,-4.398
0.013,-4.476
0.136,-4.429
-0.026,-4.563
0.107,-4.371
-0.187,-4.457
-0.233,-4.341
-0.36,-4.556
-0.991,-4.324
-0.961,-4.223
-1.138,-4.398
-1.54,-4.217
-1.703,0.02
-1.829,0.132
-1.868,0.102
-1.975,0.086
-2.158,0.036
-3.043,-0.151
2.708,-0.085
2.475,-0.256
2.133,0.043
1.786,-0.02
0.914,-0.015
0.689,0.037
0.34,-0.094
-0.444,0.089
-0.847,-0.293
-1.287,-0.049
-1.473,-0.148
-1.385,0.05
2.565,-2.321
1.369,-1.111
0.801,-3.293
0.36,-2.383
0.116,-0.627
-2.413,-1.783
-2.596,-3.485
-3.14,-3.491
2.465,-2.956
0.645,-0.762
0.302,-1.335
0.297,-1.699
-0.011,-2.454
-0.366,-3.711
-0.303,-2.073
-0.644,-1.333
-0.67,-2.77
-0.856,-0.88
-0.875,-0.683
-0.928,-1.779
-1.618,-1.873
-1.803,-3.198
2.955,-1.951
1.446,-1.935
0.185,-3.272
2.904,-0.446
-1.7,-4.342
-0.943,-4.69
-0.137,0.445
-0.317,0.313
-0.474,0.289
-0.691,0.32
-0.644,0.002
-1.137,0.162
-2.092,-0.53
-2.073,-2.861
-3.008,-0.028
2.983,-0.357
2.498,-0.114
1.951,-3.333
0.34,-0.359
-0.134,-0.567
-1.178,-1.372
-1.205,-3.048
-2.026,-4.432
0.565,-4.265
-0.728,-4.184
-0.835,-4.221
-1.307,-4.432
-1.321,-1.223
-1.324,-2.951
-1.652,-2.654
-1.876,-1.405
-2.017,-2.469
-1.909,-0.369
-1.993,-1.262
-2.145,-0.979
-2.042,-2.275
-2.017,-3.445
-2.175,-1.418
-2.207,-0.574
-2.095,-2.348
-2.142,-0.994
-2.303,-2.784
-2.207,-3.265
-2.441,-1.436
-2.429,-2.491
-2.319,-0.03
-2.38,-2.654
-2.386,-1.482
-2.399,-0.5
-2.528,-1.658
-2.58,-1.177
-2.618,-1.169
-2.688,-0.039
-2.697,-1.467
-2.621,-2.889
-2.709,-0.013
-2.883,-1.247
-2.812,-1.264
-3.036,-3.686
-2.959,-2.472
-3.09,-2.0
3.107,-2.753
-3.099,-2.417
3.126,-2.371
2.994,-2.094
2.956,-0.378
2.898,-1.531
3.005,-0.129
2.947,-2.145
2.793,-1.364
2.791,-2.922
2.744,-1.482
2.878,-0.514
2.886,-1.067
2.711,-3.82
2.716,-2.585
2.665,-2.688
2.669,-2.787
2.508,-3.7
2.606,-1.641
2.572,-0.734
2.373,-0.341
2.386,-2.207
2.402,-3.955
2.374,-2.74
2.128,-0.318
2.283,-1.425
2.106,-2.902
2.005,-4.041
2.101,-1.42
1.917,-2.805
2.015,-0.33
1.955,-3.053
1.793,-1.246
1.617,-2.624
1.507,-2.257
1.56,-3.62
1.231,-4.007
1.19,-3.026
1.167,-2.517
1.063,-0.131
1.045,-1.194
0.935,-1.371
0.887,-2.51
0.798,-1.461
0.532,-3.787
0.653,-3.776
0.571,-2.908
0.466,-0.241
0.517,-2.857
0.528,-0.662
0.495,-2.951
0.392,-1.795
0.236,-1.276
0.159,-1.228
0.133,-2.691
0.0,-2.206
0.03,-3.822
-0.148,-1.152
-0.283,-0.334
-0.274,-0.51
-0.149,-0.415
-0.334,-0.256
-0.227,-1.63
-0.45,-1.325
-0.45,-1.54
-0.525,-0.752
-0.505,-0.109
-0.689,-1.932
-0.749,-2.831
-0.951,-2.688
-1.001,-2.554
-1.068,-1.779
-1.157,-3.943
-1.189,-3.719
-1.102,-0.383
-1.132,-1.661
-1.277,-1.781
-1.186,-1.216
-1.165,-1.849
-1.343,-4.353
-1.665,-4.051
-2.561,-4.317
-3.118,-4.281
-3.013,-4.093
2.3,-4.014
2.119,-4.37
1.652,-4.324
1.507,-4.428
1.451,-4.187
0.14,-4.265
0.263,-4.218
0.101,-4.352
0.234,-4.16
-0.06,-4.246
-0.106,-4.13
-0.233,-4.345
-0.864,-4.113
-0.834,-4.012
-1.011,-4.187
-1.413,-4.006
-1.576,0.231
-1.702,0.343
-1.741,0.313
-1.848,0.297
-2.031,0.247
-2.916,0.06
2.835,0.126
2.602,-0.045
2.26,0.254
1.913,0.191
1.041,0.196
0.816,0.248
0.467,0.117
-0.317,0.3
-0.72,-0.082
-1.16,0.162
-1.346,0.063
-1.258,0.261
2.692,-2.11
1.496,-0.9
0.928,-3.082
0.487,-2.172
0.243,-0.416
-2.286,-1.572
-2.469,-3.274
-3.013,-3.28
2.592,-2.745
0.772,-0.551
0.429,-1.124
0.424,-1.488
0.116,-2.243
-0.239,-3.5
-0.176,-1.862
-0.517,-1.122
-0.543,-2.559
-0.729,-0.669
-0.748,-0.472
-0.801,-1.568
-1.491,-1.662
-1.676,-2.987
3.082,-1.74
1.573,-1.724
0.312,-3.061
3.031,-0.235
-1.573,-4.131
-0.816,-4.479
-0.18,-0.132
-0.337,-0.156
-0.554,-0.125
-0.507,-0.443
-1.0,-0.283
-1.955,-0.975
-1.936,-3.306
-2.871,-0.473
3.12,-0.802
2.635,-0.559
2.088,-3.778
0.477,-0.804
0.003,-1.012
-1.041,-1.817
-1.068,-3.493
-1.889,-4.877
0.702,-4.71
-0.591,-4.629
-0.698,-4.666
-1.17,-4.877
-1.184,-1.668
-1.187,-3.396
-1.515,-3.099
-1.739,-1.85
-1.88,-2.914
-1.772,-0.814
-1.856,-1.707
-2.008,-1.424
-1.905,-2.72
-1.88,-3.89
-2.038,-1.863
-2.07,-1.019
-1.958,-2.793
-2.005,-1.439
-2.166,-3.229
-2.07,-3.71
-2.304,-1.881
-2.292,-2.936
-2.182,-0.475
-2.243,-3.099
-2.249,-1.927
-2.262,-0.945
-2.391,-2.103
-2.443,-1.622
-2.481,-1.614
-2.551,-0.484
-2.56,-1.912
-2.484,-3.334
-2.572,-0.458
-2.746,-1.692
-2.675,-1.709
-2.899,-4.131
-2.822,-2.917
-2.953,-2.445
-3.039,-3.198
-2.962,-2.862
-3.02,-2.816
3.131,-2.539
3.093,-0.823
3.035,-1.976
-3.141,-0.574
3.084,-2.59
2.93,-1.809
2.928,-3.367
2.881,-1.927
3.015,-0.959
3.023,-1.512
2.848,-4.265
2.853,-3.03
2.802,-3.133
2.806,-3.232
2.645,-4.145
2.743,-2.086
2.709,-1.179
2.51,-0.786
2.523,-2.652
2.539,-4.4
2.511,-3.185
2.265,-0.763
2.42,-1.87
2.243,-3.347
2.142,-4.486
2.238,-1.865
2.054,-3.25
2.152,-0.775
2.092,-3.498
1.93,-1.691
1.754,-3.069
1.644,-2.702
1.697,-4.065
1.368,-4.452
1.327,-3.471
1.304,-2.962
1.2,-0.576
1.182,-1.639
1.072,-1.816
1.024,-2.955
0.935,-1.906
0.669,-4.232
0.79,-4.221
0.708,-3.353
0.603,-0.686
0.654,-3.302
0.665,-1.107
0.632,-3.396
0.529,-2.24
0.373,-1.721
0.296,-1.673
0.27,-3.136
0.137,-2.651
0.167,-4.267
-0.011,-1.597
-0.146,-0.779
-0.137,-0.955
-0.012,-0.86
-0.197,-0.701
-0.09,-2.075
-0.313,-1.77
-0.313,-1.985
-0.388,-1.197
-0.368,-0.554
-0.552,-2.377
-0.612,-3.276
-0.814,-3.133
-0.864,-2.999
-0.931,-2.224
-1.02,-4.388
-1.052,-4.164
-0.965,-0.828
-0.995,-2.106
-1.14,-2.226
-1.049,-1.661
-1.028,-2.294
-1.206,-4.798
-1.528,-4.496
-2.424,-4.762
-2.981,-4.726
-2.876,-4.538
2.437,-4.459
2.256,-4.815
1.789,-4.769
1.644,-4.873
1.588,-4.632
0.277,-4.71
0.4,-4.663
0.238,-4.797
0.371,-4.605
0.077,-4.691
0.031,-4.575
-0.096,-4.79
-0.727,-4.558
-0.697,-4.457
-0.874,-4.632
-1.276,-4.451
-1.439,-0.214
-1.565,-0.102
-1.604,-0.132
-1.711,-0.148
-1.894,-0.198
-2.779,-0.385
2.972,-0.319
2.739,-0.49
2.397,-0.191
2.05,-0.254
1.178,-0.249
0.953,-0.197
0.604,-0.328
-0.18,-0.145
-0.583,-0.527
-1.023,-0.283
-1.209,-0.382
-1.121,-0.184
2.829,-2.555
1.633,-1.345
1.065,-3.527
0.624,-2.617
0.38,-0.861
-2.149,-2.017
-2.332,-3.719
-2.876,-3.725
2.729,-3.19
0.909,-0.996
0.566,-1.569
0.561,-1.933
0.253,-2.688
-0.102,-3.945
-0.039,-2.307
-0.38,-1.567
-0.406,-3.004
-0.592,-1.114
-0.611,-0.917
-0.664,-2.013
-1.354,-2.107
-1.539,-3.432
-3.064,-2.185
1.71,-2.169
0.449,-3.506
-3.115,-0.68
-1.436,-4.576
-0.679,-4.924
-0.157,-0.024
-0.374,0.007
-0.327,-0.311
-0.82,-0.151
-1.775,-0.843
-1.756,-3.174
-2.691,-0.341
-2.983,-0.67
2.815,-0.427
2.268,-3.646
0.657,-0.672
0.183,-0.88
-0.861,-1.685
-0.888,-3.361
-1.709,-4.745
0.882,-4.578
-0.411,-4.497
-0.518,-4.534
-0.99,-4.745
-1.004,-1.536
-1.007,-3.264
-1.335,-2.967
-1.559,-1.718
-1.7,-2.782
-1.592,-0.682
-1.676,-1.575
-1.828,-1.292
-1.725,-2.588
-1.7,-3.758
-1.858,-1.731
-1.89,-0.887
-1.778,-2.661
-1.825,-1.307
-1.986,-3.097
-1.89,-3.578
-2.124,-1.749
-2.112,-2.804
-2.002,-0.343
-2.063,-2.967
-2.069,-1.795
-2.082,-0.813
-2.211,-1.971
-2.263,-1.49
-2.301,-1.482
-2.371,-0.352
-2.38,-1.78
-2.304,-3.202
-2.392,-0.326
-2.566,-1.56
-2.495,-1.577
-2.719,-3.999
-2.642,-2.785
-2.773,-2.313
-2.859,-3.066
-2.782,-2.73
-2.84,-2.684
-2.972,-2.407
-3.01,-0.691
-3.068,-1.844
-2.961,-0.442
-3.019,-2.458
3.11,-1.677
3.108,-3.235
3.061,-1.795
-3.088,-0.827
-3.08,-1.38
3.028,-4.133
3.033,-2.898
2.982,-3.001
2.986,-3.1
2.825,-4.013
2.923,-1.954
2.889,-1.047
2.69,-0.654
2.703,-2.52
2.719,-4.268
2.691,-3.053
2.445,-0.631
2.6,-1.738
2.423,-3.215
2.322,-4.354
2.418,-1.733
2.234,-3.118
2.332,-0.643
2.272,-3.366
2.11,-1.559
1.934,-2.937
1.824,-2.57
1.877,-3.933
1.548,-4.32
1.507,-3.339
1.484,-2.83
1.38,-0.444
1.362,-1.507
1.252,-1.684
1.204,-2.823
1.115,-1.774
0.849,-4.1
0.97,-4.089
0.888,-3.221
0.783,-0.554
0.834,-3.17
0.845,-0.975
0.812,-3.264
0.709,-2.108
0.553,-1.589
0.476,-1.541
0.45,-3.004
0.317,-2.519
0.347,-4.135
0.169,-1.465
0.034,-0.647
0.043,-0.823
0.168,-0.728
-0.017,-0.569
0.09,-1.943
-0.133,-1.638
-0.133,-1.853
-0.208,-1.065
-0.188,-0.422
-0.372,-2.245
-0.432,-3.144
-0.634,-3.001
-0.684,-2.867
-0.751,-2.092
-0.84,-4.256
-0.872,-4.032
-0.785,-0.696
-0.815,-1.974
-0.96,-2.094
-0.869,-1.529
-0.848,-2.162
-1.026,-4.666
-1.348,-4.364
-2.244,-4.63
-2.801,-4.594
-2.696,-4.406
2.617,-4.327
2.436,-4.683
1.969,-4.637
1.824,-4.741
1.768,-4.5
0.457,-4.578
0.58,-4.531
0.418,-4.665
0.551,-4.473
0.257,-4.559
0.211,-4.443
0.084,-4.658
-0.547,-4.426
-0.517,-4.325
-0.694,-4.5
-1.096,-4.319
-1.259,-0.082
-1.385,0.03
-1.424,0.0
-1.531,-0.016
-1.714,-0.066
-2.599,-0.253
-3.131,-0.187
2.919,-0.358
2.577,-0.059
2.23,-0.122
1.358,-0.117
1.133,-0.065
0.784,-0.196
0.0,-0.013
-0.403,-0.395
-0.843,-0.151
-1.029,-0.25
-0.941,-0.052
3.009,-2.423
1.813,-1.213
1.245,-3.395
0.804,-2.485
0.56,-0.729
-1.969,-1.885
-2.152,-3.587
-2.696,-3.593
2.909,-3.058
1.089,-0.864
0.746,-1.437
0.741,-1.801
0.433,-2.556
0.078,-3.813
0.141,-2.175
-0.2,-1.435
-0.226,-2.872
-0.412,-0.982
-0.431,-0.785
-0.484,-1.881
-1.174,-1.975
-1.359,-3.3
-2.884,-2.053
1.89,-2.037
0.629,-3.374
-2.935,-0.548
-1.256,-4.444
-0.499,-4.792
-0.217,0.031
-0.17,-0.287
-0.663,-0.127
-1.618,-0.819
-1.599,-3.15
-2.534,-0.317
-2.826,-0.646
2.972,-0.403
2.425,-3.622
0.814,-0.648
0.34,-0.856
-0.704,-1.661
-0.731,-3.337
-1.552,-4.721
1.039,-4.554
-0.254,-4.473
-0.361,-4.51
-0.833,-4.721
-0.847,-1.512
-0.85,-3.24
-1.178,-2.943
-1.402,-1.694
-1.543,-2.758
-1.435,-0.658
-1.519,-1.551
-1.671,-1.268
-1.568,-2.564
-1.543,-3.734
-1.701,-1.707
-1.733,-0.863
-1.621,-2.637
-1.668,-1.283
-1.829,-3.073
-1.733,-3.554
-1.967,-1.725
-1.955,-2.78
-1.845,-0.319
-1.906,-2.943
-1.912,-1.771
-1.925,-0.789
-2.054,-1.947
-2.106,-1.466
-2.144,-1.458
-2.214,-0.328
-2.223,-1.756
-2.147,-3.178
-2.235,-0.302
-2.409,-1.536
-2.338,-1.553
-2.562,-3.975
-2.485,-2.761
-2.616,-2.289
-2.702,-3.042
-2.625,-2.706
-2.683,-2.66
-2.815,-2.383
-2.853,-0.667
-2.911,-1.82
-2.804,-0.418
-2.862,-2.434
-3.016,-1.653
-3.018,-3.211
-3.065,-1.771
-2.931,-0.803
-2.923,-1.356
-3.098,-4.109
-3.093,-2.874
3.139,-2.977
-3.14,-3.076
2.982,-3.989
3.08,-1.93
3.046,-1.023
2.847,-0.63
2.86,-2.496
2.876,-4.244
2.848,-3.029
2.602,-0.607
2.757,-1.714
2.58,-3.191
2.479,-4.33
2.575,-1.709
2.391,-3.094
2.489,-0.619
2.429,-3.342
2.267,-1.535
2.091,-2.913
1.981,-2.546
2.034,-3.909
1.705,-4.296
1.664,-3.315
1.641,-2.806
1.537,-0.42
1.519,-1.483
1.409,-1.66
1.361,-2.799
1.272,-1.75
1.006,-4.076
1.127,-4.065
1.045,-3.197
0.94,-0.53
0.991,-3.146
1.002,-0.951
0.969,-3.24
0.866,-2.084
0.71,-1.565
0.633,-1.517
0.607,-2.98
0.474,-2.495
0.504,-4.111
0.326,-1.441
0.191,-0.623
0.2,-0.799
0.325,-0.704
0.14,-0.545
0.247,-1.919
0.024,-1.614
0.024,-1.829
-0.051,-1.041
-0.031,-0.398
-0.215,-2.221
-0.275,-3.12
-0.477,-2.977
-0.527,-2.843
-0.594,-2.068
-0.683,-4.232
-0.715,-4.008
-0.628,-0.672
-0.658,-1.95
-0.803,-2.07
-0.712,-1.505
-0.691,-2.138
-0.869,-4.642
-1.191,-4.34
-2.087,-4.606
-2.644,-4.57
-2.539,-4.382
2.774,-4.303
2.593,-4.659
2.126,-4.613
1.981,-4.717
1.925,-4.476
0.614,-4.554
0.737,-4.507
0.575,-4.641
0.708,-4.449
0.414,-4.535
0.368,-4.419
0.241,-4.634
-0.39,-4.402
-0.36,-4.301
-0.537,-4.476
-0.939,-4.295
-1.102,-0.058
-1.228,0.054
-1.267,0.024
-1.374,0.008
-1.557,-0.042
-2.442,-0.229
-2.974,-0.163
3.076,-0.334
2.734,-0.035
2.387,-0.098
1.515,-0.093
1.29,-0.041
0.941,-0.172
0.157,0.011
-0.246,-0.371
-0.686,-0.127
-0.872,-0.226
-0.784,-0.028
-3.117,-2.399
1.97,-1.189
1.402,-3.371
0.961,-2.461
0.717,-0.705
-1.812,-1.861
-1.995,-3.563
-2.539,-3.569
3.066,-3.034
1.246,-0.84
0.903,-1.413
0.898,-1.777
0.59,-2.532
0.235,-3.789
0.298,-2.151
-0.043,-1.411
-0.069,-2.848
-0.255,-0.958
-0.274,-0.761
-0.327,-1.857
-1.017,-1.951
-1.202,-3.276
-2.727,-2.029
2.047,-2.013
0.786,-3.35
-2.778,-0.524
-1.099,-4.42
-0.342,-4.768
0.047,-0.318
-0.446,-0.158
-1.401,-0.85
-1.382,-3.181
-2.317,-0.348
-2.609,-0.677
-3.094,-0.434
2.642,-3.653
1.031,-0.679
0.557,-0.887
-0.487,-1.692
-0.514,-3.368
-1.335,-4.752
1.256,-4.585
-0.037,-4.504
-0.144,-4.541
-0.616,-4.752
-0.63,-1.543
-0.633,-3.271
-0.961,-2.974
-1.185,-1.725
-1.326,-2.789
-1.218,-0.689
-1.302,-1.582
-1.454,-1.299
-1.351,-2.595
-1.326,-3.765
-1.484,-1.738
-1.516,-0.894
-1.404,-2.668
-1.451,-1.314
-1.612,-3.104
-1.516,-3.585
-1.75,-1.756
-1.738,-2.811
-1.628,-0.35
-1.689,-2.974
-1.695,-1.802
-1.708,-0.82
-1.837,-1.978
-1.889,-1.497
-1.927,-1.489
-1.997,-0.359
-2.006,-1.787
-1.93,-3.209
-2.018,-0.333
-2.192,-1.567
-2.121,-1.584
-2.345,-4.006
-2.268,-2.792
-2.399,-2.32
-2.485,-3.073
-2.408,-2.737
-2.466,-2.691
-2.598,-2.414
-2.636,-0.698
-2.694,-1.851
-2.587,-0.449
-2.645,-2.465
-2.799,-1.684
-2.801,-3.242
-2.848,-1.802
-2.714,-0.834
-2.706,-1.387
-2.881,-4.14
-2.876,-2.905
-2.927,-3.008
-2.923,-3.107
-3.084,-4.02
-2.986,-1.961
-3.02,-1.054
3.064,-0.661
3.077,-2.527
3.093,-4.275
3.065,-3.06
2.819,-0.638
2.974,-1.745
2.797,-3.222
2.696,-4.361
2.792,-1.74
2.608,-3.125
2.706,-0.65
2.646,-3.373
2.484,-1.566
2.308,-2.944
2.198,-2.577
2.251,-3.94
1.922,-4.327
1.881,-3.346
1.858,-2.837
1.754,-0.451
1.736,-1.514
1.626,-1.691
1.578,-2.83
1.489,-1.781
1.223,-4.107
1.344,-4.096
1.262,-3.228
1.157,-0.561
1.208,-3.177
1.219,-0.982
1.186,-3.271
1.083,-2.115
0.927,-1.596
0.85,-1.548
0.824,-3.011
0.691,-2.526
0.721,-4.142
0.543,-1.472
0.408,-0.654
0.417,-0.83
0.542,-0.735
0.357,-0.576
0.464,-1.95
0.241,-1.645
0.241,-1.86
0.166,-1.072
0.186,-0.429
0.002,-2.252
-0.058,-3.151
-0.26,-3.008
-0.31,-2.874
-0.377,-2.099
-0.466,-4.263
-0.498,-4.039
-0.411,-0.703
-0.441,-1.981
-0.586,-2.101
-0.495,-1.536
-0.474,-2.169
-0.652,-4.673
-0.974,-4.371
-1.87,-4.637
-2.427,-4.601
-2.322,-4.413
2.991,-4.334
2.81,-4.69
2.343,-4.644
2.198,-4.748
2.142,-4.507
0.831,-4.585
0.954,-4.538
0.792,-4.672
0.925,-4.48
0.631,-4.566
0.585,-4.45
0.458,-4.665
-0.173,-4.433
-0.143,-4.332
-0.32,-4.507
-0.722,-4.326
-0.885,-0.089
-1.011,0.023
-1.05,-0.007
-1.157,-0.023
-1.34,-0.073
-2.225,-0.26
-2.757,-0.194
-2.99,-0.365
2.951,-0.066
2.604,-0.129
1.732,-0.124
1.507,-0.072
1.158,-0.203
0.374,-0.02
-0.029,-0.402
-0.469,-0.158
-0.655,-0.257
-0.567,-0.059
-2.9,-2.43
2.187,-1.22
1.619,-3.402
1.178,-2.492
0.934,-0.736
-1.595,-1.892
-1.778,-3.594
-2.322,-3.6
-3.0,-3.065
1.463,-0.871
1.12,-1.444
1.115,-1.808
0.807,-2.563
0.452,-3.82
0.515,-2.182
0.174,-1.442
0.148,-2.879
-0.038,-0.989
-0.057,-0.792
-0.11,-1.888
-0.8,-1.982
-0.985,-3.307
-2.51,-2.06
2.264,-2.044
1.003,-3.381
-2.561,-0.555
-0.882,-4.451
-0.125,-4.799
-0.493,0.16
-1.448,-0.532
-1.429,-2.863
-2.364,-0.03
-2.656,-0.359
-3.141,-0.116
2.595,-3.335
0.984,-0.361
0.51,-0.569
-0.534,-1.374
-0.561,-3.05
-1.382,-4.434
1.209,-4.267
-0.084,-4.186
-0.191,-4.223
-0.663,-4.434
-0.677,-1.225
-0.68,-2.953
-1.008,-2.656
-1.232,-1.407
-1.373,-2.471
-1.265,-0.371
-1.349,-1.264
-1.501,-0.981
-1.398,-2.277
-1.373,-3.447
-1.531,-1.42
-1.563,-0.576
-1.451,-2.35
-1.498,-0.996
-1.659,-2.786
-1.563,-3.267
-1.797,-1.438
-1.785,-2.493
-1.675,-0.032
-1.736,-2.656
-1.742,-1.484
-1.755,-0.502
-1.884,-1.66
-1.936,-1.179
-1.974,-1.171
-2.044,-0.041
-2.053,-1.469
-1.977,-2.891
-2.065,-0.015
-2.239,-1.249
-2.168,-1.266
-2.392,-3.688
-2.315,-2.474
-2.446,-2.002
-2.532,-2.755
-2.455,-2.419
-2.513,-2.373
-2.645,-2.096
-2.683,-0.38
-2.741,-1.533
-2.634,-0.131
-2.692,-2.147
-2.846,-1.366
-2.848,-2.924
-2.895,-1.484
-2.761,-0.516
-2.753,-1.069
-2.928,-3.822
-2.923,-2.587
-2.974,-2.69
-2.97,-2.789
-3.131,-3.702
-3.033,-1.643
-3.067,-0.736
3.017,-0.343
3.03,-2.209
3.046,-3.957
3.018,-2.742
2.772,-0.32
2.927,-1.427
2.75,-2.904
2.649,-4.043
2.745,-1.422
2.561,-2.807
2.659,-0.332
2.599,-3.055
2.437,-1.248
2.261,-2.626
2.151,-2.259
2.204,-3.622
1.875,-4.009
1.834,-3.028
1.811,-2.519
1.707,-0.133
1.689,-1.196
1.579,-1.373
1.531,-2.512
1.442,-1.463
1.176,-3.789
1.297,-3.778
1.215,-2.91
1.11,-0.243
1.161,-2.859
1.172,-0.664
1.139,-2.953
1.036,-1.797
0.88,-1.278
0.803,-1.23
0.777,-2.693
0.644,-2.208
0.674,-3.824
0.496,-1.154
0.361,-0.336
0.37,-0.512
0.495,-0.417
0.31,-0.258
0.417,-1.632
0.194,-1.327
0.194,-1.542
0.119,-0.754
0.139,-0.111
-0.045,-1.934
-0.105,-2.833
-0.307,-2.69
-0.357,-2.556
-0.424,-1.781
-0.513,-3.945
-0.545,-3.721
-0.458,-0.385
-0.488,-1.663
-0.633,-1.783
-0.542,-1.218
-0.521,-1.851
-0.699,-4.355
-1.021,-4.053
-1.917,-4.319
-2.474,-4.283
-2.369,-4.095
2.944,-4.016
2.763,-4.372
2.296,-4.326
2.151,-4.43
2.095,-4.189
0.784,-4.267
0.907,-4.22
0.745,-4.354
0.878,-4.162
0.584,-4.248
0.538,-4.132
0.411,-4.347
-0.22,-4.115
-0.19,-4.014
-0.367,-4.189
-0.769,-4.008
-0.932,0.229
-1.058,0.341
-1.097,0.311
-1.204,0.295
-1.387,0.245
-2.272,0.058
-2.804,0.124
-3.037,-0.047
2.904,0.252
2.557,0.189
1.685,0.194
1.46,0.246
1.111,0.115
0.327,0.298
-0.076,-0.084
-0.516,0.16
-0.702,0.061
-0.614,0.259
-2.947,-2.112
2.14,-0.902
1.572,-3.084
1.131,-2.174
0.887,-0.418
-1.642,-1.574
-1.825,-3.276
-2.369,-3.282
-3.047,-2.747
1.416,-0.553
1.073,-1.126
1.068,-1.49
0.76,-2.245
0.405,-3.502
0.468,-1.864
0.127,-1.124
0.101,-2.561
-0.085,-0.671
-0.104,-0.474
-0.157,-1.57
-0.847,-1.664
-1.032,-2.989
-2.557,-1.742
2.217,-1.726
0.956,-3.063
-2.608,-0.237
-0.929,-4.133
-0.172,-4.481
-0.955,-0.692
-0.936,-3.023
-1.871,-0.19
-2.163,-0.519
-2.648,-0.276
3.088,-3.495
1.477,-0.521
1.003,-0.729
-0.041,-1.534
-0.068,-3.21
-0.889,-4.594
1.702,-4.427
0.409,-4.346
0.302,-4.383
-0.17,-4.594
-0.184,-1.385
-0.187,-3.113
-0.515,-2.816
-0.739,-1.567
-0.88,-2.631
-0.772,-0.531
-0.856,-1.424
-1.008,-1.141
-0.905,-2.437
-0.88,-3.607
-1.038,-1.58
-1.07,-0.736
-0.958,-2.51
-1.005,-1.156
-1.166,-2.946
-1.07,-3.427
-1.304,-1.598
-1.292,-2.653
-1.182,-0.192
-1.243,-2.816
-1.249,-1.644
-1.262,-0.662
-1.391,-1.82
-1.443,-1.339
-1.481,-1.331
-1.551,-0.201
-1.56,-1.629
-1.484,-3.051
-1.572,-0.175
-1.746,-1.409
-1.675,-1.426
-1.899,-3.848
-1.822,-2.634
-1.953,-2.162
-2.039,-2.915
-1.962,-2.579
-2.02,-2.533
-2.152,-2.256
-2.19,-0.54
-2.248,-1.693
-2.141,-0.291
-2.199,-2.307
-2.353,-1.526
-2.355,-3.084
-2.402,-1.644
-2.268,-0.676
-2.26,-1.229
-2.435,-3.982
-2.43,-2.747
-2.481,-2.85
-2.477,-2.949
-2.638,-3.862
-2.54,-1.803
-2.574,-0.896
-2.773,-0.503
-2.76,-2.369
-2.744,-4.117
-2.772,-2.902
-3.018,-0.48
-2.863,-1.587
-3.04,-3.064
-3.141,-4.203
-3.045,-1.582
3.054,-2.967
-3.131,-0.492
3.092,-3.215
2.93,-1.408
2.754,-2.786
2.644,-2.419
2.697,-3.782
2.368,-4.169
2.327,-3.188
2.304,-2.679
2.2,-0.293
2.182,-1.356
2.072,-1.533
2.024,-2.672
1.935,-1.623
1.669,-3.949
1.79,-3.938
1.708,-3.07
1.603,-0.403
1.654,-3.019
1.665,-0.824
1.632,-3.113
1.529,-1.957
1.373,-1.438
1.296,-1.39
1.27,-2.853
1.137,-2.368
1.167,-3.984
0.989,-1.314
0.854,-0.496
0.863,-0.672
0.988,-0.577
0.803,-0.418
0.91,-1.792
0.687,-1.487
0.687,-1.702
0.612,-0.914
0.632,-0.271
0.448,-2.094
0.388,-2.993
0.186,-2.85
0.136,-2.716
0.069,-1.941
-0.02,-4.105
-0.052,-3.881
0.035,-0.545
0.005,-1.823
-0.14,-1.943
-0.049,-1.378
-0.028,-2.011
-0.206,-4.515
-0.528,-4.213
-1.424,-4.479
-1.981,-4.443
-1.876,-4.255
-2.846,-4.176
-3.027,-4.532
2.789,-4.486
2.644,-4.59
2.588,-4.349
1.277,-4.427
1.4,-4.38
1.238,-4.514
1.371,-4.322
1.077,-4.408
1.031,-4.292
0.904,-4.507
0.273,-4.275
0.303,-4.174
0.126,-4.349
-0.276,-4.168
-0.439,0.069
-0.565,0.181
-0.604,0.151
-0.711,0.135
-0.894,0.085
-1.779,-0.102
-2.311,-0.036
-2.544,-0.207
-2.886,0.092
3.05,0.029
2.178,0.034
1.953,0.086
1.604,-0.045
0.82,0.138
0.417,-0.244
-0.023,0.0
-0.209,-0.099
-0.121,0.099
-2.454,-2.272
2.633,-1.062
2.065,-3.244
1.624,-2.334
1.38,-0.578
-1.149,-1.734
-1.332,-3.436
-1.876,-3.442
-2.554,-2.907
1.909,-0.713
1.566,-1.286
1.561,-1.65
1.253,-2.405
0.898,-3.662
0.961,-2.024
0.62,-1.284
0.594,-2.721
0.408,-0.831
0.389,-0.634
0.336,-1.73
-0.354,-1.824
-0.539,-3.149
-2.064,-1.902
2.71,-1.886
1.449,-3.223
-2.115,-0.397
-0.436,-4.293
0.321,-4.641
0.019,-2.331
-0.916,0.502
-1.208,0.173
-1.693,0.416
-2.24,-2.803
2.432,0.171
1.958,-0.037
0.914,-0.842
0.887,-2.518
0.066,-3.902
2.657,-3.735
1.364,-3.654
1.257,-3.691
0.785,-3.902
0.771,-0.693
0.768,-2.421
0.44,-2.124
0.216,-0.875
0.075,-1.939
0.183,0.161
0.099,-0.732
-0.053,-0.449
0.05,-1.745
0.075,-2.915
-0.083,-0.888
-0.115,-0.044
-0.003,-1.818
-0.05,-0.464
-0.211,-2.254
-0.115,-2.735
-0.349,-0.906
-0.337,-1.961
-0.227,0.5
-0.288,-2.124
-0.294,-0.952
-0.307,0.03
-0.436,-1.128
-0.488,-0.647
-0.526,-0.639
-0.596,0.491
-0.605,-0.937
-0.529,-2.359
-0.617,0.517
-0.791,-0.717
-0.72,-0.734
-0.944,-3.156
-0.867,-1.942
-0.998,-1.47
-1.084,-2.223
-1.007,-1.887
-1.065,-1.841
-1.197,-1.564
-1.235,0.152
-1.293,-1.001
-1.186,0.401
-1.244,-1.615
-1.398,-0.834
-1.4,-2.392
-1.447,-0.952
-1.313,0.016
-1.305,-0.537
-1.48,-3.29
-1.475,-2.055
-1.526,-2.158
-1.522,-2.257
-1.683,-3.17
-1.585,-1.111
-1.619,-0.204
-1.818,0.189
-1.805,-1.677
-1.789,-3.425
-1.817,-2.21
-2.063,0.212
-1.908,-0.895
-2.085,-2.372
-2.186,-3.511
-2.09,-0.89
-2.274,-2.275
-2.176,0.2
-2.236,-2.523
-2.398,-0.716
-2.574,-2.094
-2.684,-1.727
-2.631,-3.09
-2.96,-3.477
-3.001,-2.496
-3.024,-1.987
-3.128,0.399
3.137,-0.664
3.027,-0.841
2.979,-1.98
2.89,-0.931
2.624,-3.257
2.745,-3.246
2.663,-2.378
2.558,0.289
2.609,-2.327
2.62,-0.132
2.587,-2.421
2.484,-1.265
2.328,-0.746
2.251,-0.698
2.225,-2.161
2.092,-1.676
2.122,-3.292
1.944,-0.622
1.809,0.196
1.818,0.02
1.943,0.115
1.758,0.274
1.865,-1.1
1.642,-0.795
1.642,-1.01
1.567,-0.222
1.587,0.421
1.403,-1.402
1.343,-2.301
1.141,-2.158
1.091,-2.024
1.024,-1.249
0.935,-3.413
0.903,-3.189
0.99,0.147
0.96,-1.131
0.815,-1.251
0.906,-0.686
0.927,-1.319
0.749,-3.823
0.427,-3.521
-0.469,-3.787
-1.026,-3.751
-0.921,-3.563
-1.891,-3.484
-2.072,-3.84
-2.539,-3.794
-2.684,-3.898
-2.74,-3.657
2.232,-3.735
2.355,-3.688
2.193,-3.822
2.326,-3.63
2.032,-3.716
1.986,-3.6
1.859,-3.815
1.228,-3.583
1.258,-3.482
1.081,-3.657
0.679,-3.476
0.516,0.761
0.39,0.873
0.351,0.843
0.244,0.827
0.061,0.777
-0.824,0.59
-1.356,0.656
-1.589,0.485
-1.931,0.784
-2.278,0.721
3.133,0.726
2.908,0.778
2.559,0.647
1.775,0.83
1.372,0.448
0.932,0.692
0.746,0.593
0.834,0.791
-1.499,-1.58
-2.695,-0.37
3.02,-2.552
2.579,-1.642
2.335,0.114
-0.194,-1.042
-0.377,-2.744
-0.921,-2.75
-1.599,-2.215
2.864,-0.021
2.521,-0.594
2.516,-0.958
2.208,-1.713
1.853,-2.97
1.916,-1.332
1.575,-0.592
1.549,-2.029
1.363,-0.139
1.344,0.058
1.291,-1.038
0.601,-1.132
0.416,-2.457
-1.109,-1.21
-2.618,-1.194
2.404,-2.531
-1.16,0.295
0.519,-3.601
1.276,-3.949
-0.935,2.833
-1.227,2.504
-1.712,2.747
-2.259,-0.472
2.413,2.502
1.939,2.294
0.895,1.489
0.868,-0.187
0.047,-1.571
2.638,-1.404
1.345,-1.323
1.238,-1.36
0.766,-1.571
0.752,1.638
0.749,-0.09
0.421,0.207
0.197,1.456
0.056,0.392
0.164,2.492
0.08,1.599
-0.072,1.882
0.031,0.586
0.056,-0.584
-0.102,1.443
-0.134,2.287
-0.022,0.513
-0.069,1.867
-0.23,0.077
-0.134,-0.404
-0.368,1.425
-0.356,0.37
-0.246,2.831
-0.307,0.207
-0.313,1.379
-0.326,2.361
-0.455,1.203
-0.507,1.684
-0.545,1.692
-0.615,2.822
-0.624,1.394
-0.548,-0.028
-0.636,2.848
-0.81,1.614
-0.739,1.597
-0.963,-0.825
-0.886,0.389
-1.017,0.861
-1.103,0.108
-1.026,0.444
-1.084,0.49
-1.216,0.767
-1.254,2.483
-1.312,1.33
-1.205,2.732
-1.263,0.716
-1.417,1.497
-1.419,-0.061
-1.466,1.379
-1.332,2.347
-1.324,1.794
-1.499,-0.959
-1.494,0.276
-1.545,0.173
-1.541,0.074
-1.702,-0.839
-1.604,1.22
-1.638,2.127
-1.837,2.52
-1.824,0.654
-1.808,-1.094
-1.836,0.121
-2.082,2.543
-1.927,1.436
-2.104,-0.041
-2.205,-1.18
-2.109,1.441
-2.293,0.056
-2.195,2.531
-2.255,-0.192
-2.417,1.615
-2.593,0.237
-2.703,0.604
-2.65,-0.759
-2.979,-1.146
-3.02,-0.165
-3.043,0.344
3.136,2.73
3.118,1.667
3.008,1.49
2.96,0.351
2.871,1.4
2.605,-0.926
2.726,-0.915
2.644,-0.047
2.539,2.62
2.59,0.004
2.601,2.199
2.568,-0.09
2.465,1.066
2.309,1.585
2.232,1.633
2.206,0.17
2.073,0.655
2.103,-0.961
1.925,1.709
1.79,2.527
1.799,2.351
1.924,2.446
1.739,2.605
1.846,1.231
1.623,1.536
1.623,1.321
1.548,2.109
1.568,2.752
1.384,0.929
1.324,0.03
1.122,0.173
1.072,0.307
1.005,1.082
0.916,-1.082
0.884,-0.858
0.971,2.478
0.941,1.2
0.796,1.08
0.887,1.645
0.908,1.012
0.73,-1.492
0.408,-1.19
-0.488,-1.456
-1.045,-1.42
-0.94,-1.232
-1.91,-1.153
-2.091,-1.509
-2.558,-1.463
-2.703,-1.567
-2.759,-1.326
2.213,-1.404
2.336,-1.357
2.174,-1.491
2.307,-1.299
2.013,-1.385
1.967,-1.269
1.84,-1.484
1.209,-1.252
1.239,-1.151
1.062,-1.326
0.66,-1.145
0.497,3.092
0.371,3.204
0.332,3.174
0.225,3.158
0.042,3.108
-0.843,2.921
-1.375,2.987
-1.608,2.816
-1.95,3.115
-2.297,3.052
3.114,3.057
2.889,3.109
2.54,2.978
1.756,3.161
1.353,2.779
0.913,3.023
0.727,2.924
0.815,3.122
-1.518,0.751
-2.714,1.961
3.001,-0.221
2.56,0.689
2.316,2.445
-0.213,1.289
-0.396,-0.413
-0.94,-0.419
-1.618,0.116
2.845,2.31
2.502,1.737
2.497,1.373
2.189,0.618
1.834,-0.639
1.897,0.999
1.556,1.739
1.53,0.302
1.344,2.192
1.325,2.389
1.272,1.293
0.582,1.199
0.397,-0.126
-1.128,1.121
-2.637,1.137
2.385,-0.2
-1.179,2.626
0.5,-1.27
1.257,-1.618
-0.292,-0.329
-0.777,-0.086
-1.324,-3.305
-2.935,-0.331
2.874,-0.539
1.83,-1.344
1.803,-3.02
0.982,-4.404
-2.71,-4.237
2.28,-4.156
2.173,-4.193
1.701,-4.404
1.687,-1.195
1.684,-2.923
1.356,-2.626
1.132,-1.377
0.991,-2.441
1.099,-0.341
1.015,-1.234
0.863,-0.951
0.966,-2.247
0.991,-3.417
0.833,-1.39
0.801,-0.546
0.913,-2.32
0.866,-0.966
0.705,-2.756
0.801,-3.237
0.567,-1.408
0.579,-2.463
0.689,-0.002
0.628,-2.626
0.622,-1.454
0.609,-0.472
0.48,-1.63
0.428,-1.149
0.39,-1.141
0.32,-0.011
0.311,-1.439
0.387,-2.861
0.299,0.015
0.125,-1.219
0.196,-1.236
-0.028,-3.658
0.049,-2.444
-0.082,-1.972
-0.168,-2.725
-0.091,-2.389
-0.149,-2.343
-0.281,-2.066
-0.319,-0.35
-0.377,-1.503
-0.27,-0.101
-0.328,-2.117
-0.482,-1.336
-0.484,-2.894
-0.531,-1.454
-0.397,-0.486
-0.389,-1.039
-0.564,-3.792
-0.559,-2.557
-0.61,-2.66
-0.606,-2.759
-0.767,-3.672
-0.669,-1.613
-0.703,-0.706
-0.902,-0.313
-0.889,-2.179
-0.873,-3.927
-0.901,-2.712
-1.147,-0.29
-0.992,-1.397
-1.169,-2.874
-1.27,-4.013
-1.174,-1.392
-1.358,-2.777
-1.26,-0.302
-1.32,-3.025
-1.482,-1.218
-1.658,-2.596
-1.768,-2.229
-1.715,-3.592
-2.044,-3.979
-2.085,-2.998
-2.108,-2.489
-2.212,-0.103
-2.23,-1.166
-2.34,-1.343
-2.388,-2.482
-2.477,-1.433
-2.743,-3.759
-2.622,-3.748
-2.704,-2.88
-2.809,-0.213
-2.758,-2.829
-2.747,-0.634
-2.78,-2.923
-2.883,-1.767
-3.039,-1.248
-3.116,-1.2
3.141,-2.663
3.008,-2.178
3.038,-3.794
2.86,-1.124
2.725,-0.306
2.734,-0.482
2.859,-0.387
2.674,-0.228
2.781,-1.602
2.558,-1.297
2.558,-1.512
2.483,-0.724
2.503,-0.081
2.319,-1.904
2.259,-2.803
2.057,-2.66
2.007,-2.526
1.94,-1.751
1.851,-3.915
1.819,-3.691
1.906,-0.355
1.876,-1.633
1.731,-1.753
1.822,-1.188
1.843,-1.821
1.665,-4.325
1.343,-4.023
0.447,-4.289
-0.11,-4.253
-0.005,-4.065
-0.975,-3.986
-1.156,-4.342
-1.623,-4.296
-1.768,-4.4
-1.824,-4.159
-3.135,-4.237
-3.012,-4.19
3.109,-4.324
-3.041,-4.132
2.948,-4.218
2.902,-4.102
2.775,-4.317
2.144,-4.085
2.174,-3.984
1.997,-4.159
1.595,-3.978
1.432,0.259
1.306,0.371
1.267,0.341
1.16,0.325
0.977,0.275
0.092,0.088
-0.44,0.154
-0.673,-0.017
-1.015,0.282
-1.362,0.219
-2.234,0.224
-2.459,0.276
-2.808,0.145
2.691,0.328
2.288,-0.054
1.848,0.19
1.662,0.091
1.75,0.289
-0.583,-2.082
-1.779,-0.872
-2.347,-3.054
-2.788,-2.144
-3.032,-0.388
0.722,-1.544
0.539,-3.246
-0.005,-3.252
-0.683,-2.717
-2.503,-0.523
-2.846,-1.096
-2.851,-1.46
3.124,-2.215
2.769,-3.472
2.832,-1.834
2.491,-1.094
2.465,-2.531
2.279,-0.641
2.26,-0.444
2.207,-1.54
1.517,-1.634
1.332,-2.959
-0.193,-1.712
-1.702,-1.696
-2.963,-3.033
-0.244,-0.207
1.435,-4.103
2.192,-4.451
-0.485,0.243
-1.032,-2.976
-2.643,-0.002
-3.117,-0.21
2.122,-1.015
2.095,-2.691
1.274,-4.075
-2.418,-3.908
2.572,-3.827
2.465,-3.864
1.993,-4.075
1.979,-0.866
1.976,-2.594
1.648,-2.297
1.424,-1.048
1.283,-2.112
1.391,-0.012
1.307,-0.905
1.155,-0.622
1.258,-1.918
1.283,-3.088
1.125,-1.061
1.093,-0.217
1.205,-1.991
1.158,-0.637
0.997,-2.427
1.093,-2.908
0.859,-1.079
0.871,-2.134
0.981,0.327
0.92,-2.297
0.914,-1.125
0.901,-0.143
0.772,-1.301
0.72,-0.82
0.682,-0.812
0.612,0.318
0.603,-1.11
0.679,-2.532
0.591,0.344
0.417,-0.89
0.488,-0.907
0.264,-3.329
0.341,-2.115
0.21,-1.643
0.124,-2.396
0.201,-2.06
0.143,-2.014
0.011,-1.737
-0.027,-0.021
-0.085,-1.174
0.022,0.228
-0.036,-1.788
-0.19,-1.007
-0.192,-2.565
-0.239,-1.125
-0.105,-0.157
-0.097,-0.71
-0.272,-3.463
-0.267,-2.228
-0.318,-2.331
-0.314,-2.43
-0.475,-3.343
-0.377,-1.284
-0.411,-0.377
-0.61,0.016
-0.597,-1.85
-0.581,-3.598
-0.609,-2.383
-0.855,0.039
-0.7,-1.068
-0.877,-2.545
-0.978,-3.684
-0.882,-1.063
-1.066,-2.448
-0.968,0.027
-1.028,-2.696
-1.19,-0.889
-1.366,-2.267
-1.476,-1.9
-1.423,-3.263
-1.752,-3.65
-1.793,-2.669
-1.816,-2.16
-1.92,0.226
-1.938,-0.837
-2.048,-1.014
-2.096,-2.153
-2.185,-1.104
-2.451,-3.43
-2.33,-3.419
-2.412,-2.551
-2.517,0.116
-2.466,-2.5
-2.455,-0.305
-2.488,-2.594
-2.591,-1.438
-2.747,-0.919
-2.824,-0.871
-2.85,-2.334
-2.983,-1.849
-2.953,-3.465
-3.131,-0.795
3.017,0.023
3.026,-0.153
-3.132,-0.058
2.966,0.101
3.073,-1.273
2.85,-0.968
2.85,-1.183
2.775,-0.395
2.795,0.248
2.611,-1.575
2.551,-2.474
2.349,-2.331
2.299,-2.197
2.232,-1.422
2.143,-3.586
2.111,-3.362
2.198,-0.026
2.168,-1.304
2.023,-1.424
2.114,-0.859
2.135,-1.492
1.957,-3.996
1.635,-3.694
0.739,-3.96
0.182,-3.924
0.287,-3.736
-0.683,-3.657
-0.864,-4.013
-1.331,-3.967
-1.476,-4.071
-1.532,-3.83
-2.843,-3.908
-2.72,-3.861
-2.882,-3.995
-2.749,-3.803
-3.043,-3.889
-3.089,-3.773
3.067,-3.988
2.436,-3.756
2.466,-3.655
2.289,-3.83
1.887,-3.649
1.724,0.588
1.598,0.7
1.559,0.67
1.452,0.654
1.269,0.604
0.384,0.417
-0.148,0.483
-0.381,0.312
-0.723,0.611
-1.07,0.548
-1.942,0.553
-2.167,0.605
-2.516,0.474
2.983,0.657
2.58,0.275
2.14,0.519
1.954,0.42
2.042,0.618
-0.291,-1.753
-1.487,-0.543
-2.055,-2.725
-2.496,-1.815
-2.74,-0.059
1.014,-1.215
0.831,-2.917
0.287,-2.923
-0.391,-2.388
-2.211,-0.194
-2.554,-0.767
-2.559,-1.131
-2.867,-1.886
3.061,-3.143
3.124,-1.505
2.783,-0.765
2.757,-2.202
2.571,-0.312
2.552,-0.115
2.499,-1.211
1.809,-1.305
1.624,-2.63
0.099,-1.383
-1.41,-1.367
-2.671,-2.704
0.048,0.122
1.727,-3.774
2.484,-4.122
-0.547,-3.219
-2.158,-0.245
-2.632,-0.453
2.607,-1.258
2.58,-2.934
1.759,-4.318
-1.933,-4.151
3.057,-4.07
2.95,-4.107
2.478,-4.318
2.464,-1.109
2.461,-2.837
2.133,-2.54
1.909,-1.291
1.768,-2.355
1.876,-0.255
1.792,-1.148
1.64,-0.865
1.743,-2.161
1.768,-3.331
1.61,-1.304
1.578,-0.46
1.69,-2.234
1.643,-0.88
1.482,-2.67
1.578,-3.151
1.344,-1.322
1.356,-2.377
1.466,0.084
1.405,-2.54
1.399,-1.368
1.386,-0.386
1.257,-1.544
1.205,-1.063
1.167,-1.055
1.097,0.075
1.088,-1.353
1.164,-2.775
1.076,0.101
0.902,-1.133
0.973,-1.15
0.749,-3.572
0.826,-2.358
0.695,-1.886
0.609,-2.639
0.686,-2.303
0.628,-2.257
0.496,-1.98
0.458,-0.264
0.4,-1.417
0.507,-0.015
0.449,-2.031
0.295,-1.25
0.293,-2.808
0.246,-1.368
0.38,-0.4
0.388,-0.953
0.213,-3.706
0.218,-2.471
0.167,-2.574
0.171,-2.673
0.01,-3.586
0.108,-1.527
0.074,-0.62
-0.125,-0.227
-0.112,-2.093
-0.096,-3.841
-0.124,-2.626
-0.37,-0.204
-0.215,-1.311
-0.392,-2.788
-0.493,-3.927
-0.397,-1.306
-0.581,-2.691
-0.483,-0.216
-0.543,-2.939
-0.705,-1.132
-0.881,-2.51
-0.991,-2.143
-0.938,-3.506
-1.267,-3.893
-1.308,-2.912
-1.331,-2.403
-1.435,-0.017
-1.453,-1.08
-1.563,-1.257
-1.611,-2.396
-1.7,-1.347
-1.966,-3.673
-1.845,-3.662
-1.927,-2.794
-2.032,-0.127
-1.981,-2.743
-1.97,-0.548
-2.003,-2.837
-2.106,-1.681
-2.262,-1.162
-2.339,-1.114
-2.365,-2.577
-2.498,-2.092
-2.468,-3.708
-2.646,-1.038
-2.781,-0.22
-2.772,-0.396
-2.647,-0.301
-2.832,-0.142
-2.725,-1.516
-2.948,-1.211
-2.948,-1.426
-3.023,-0.638
-3.003,0.005
3.096,-1.818
3.036,-2.717
2.834,-2.574
2.784,-2.44
2.717,-1.665
2.628,-3.829
2.596,-3.605
2.683,-0.269
2.653,-1.547
2.508,-1.667
2.599,-1.102
2.62,-1.735
2.442,-4.239
2.12,-3.937
1.224,-4.203
0.667,-4.167
0.772,-3.979
-0.198,-3.9
-0.379,-4.256
-0.846,-4.21
-0.991,-4.314
-1.047,-4.073
-2.358,-4.151
-2.235,-4.104
-2.397,-4.238
-2.264,-4.046
-2.558,-4.132
-2.604,-4.016
-2.731,-4.231
2.921,-3.999
2.951,-3.898
2.774,-4.073
2.372,-3.892
2.209,0.345
2.083,0.457
2.044,0.427
1.937,0.411
1.754,0.361
0.869,0.174
0.337,0.24
0.104,0.069
-0.238,0.368
-0.585,0.305
-1.457,0.31
-1.682,0.362
-2.031,0.231
-2.815,0.414
3.065,0.032
2.625,0.276
2.439,0.177
2.527,0.375
0.194,-1.996
-1.002,-0.786
-1.57,-2.968
-2.011,-2.058
-2.255,-0.302
1.499,-1.458
1.316,-3.16
0.772,-3.166
0.094,-2.631
-1.726,-0.437
-2.069,-1.01
-2.074,-1.374
-2.382,-2.129
-2.737,-3.386
-2.674,-1.748
-3.015,-1.008
-3.041,-2.445
3.056,-0.555
3.037,-0.358
2.984,-1.454
2.294,-1.548
2.109,-2.873
0.584,-1.626
-0.925,-1.61
-2.186,-2.947
0.533,-0.121
2.212,-4.017
2.969,-4.365
-1.611,2.974
-2.085,2.766
-3.129,1.961
3.127,0.285
2.306,-1.099
-1.386,-0.932
-2.679,-0.851
-2.786,-0.888
3.025,-1.099
3.011,2.11
3.008,0.382
2.68,0.679
2.456,1.928
2.315,0.864
2.423,2.964
2.339,2.071
2.187,2.354
2.29,1.058
2.315,-0.112
2.157,1.915
2.125,2.759
2.237,0.985
2.19,2.339
2.029,0.549
2.125,0.068
1.891,1.897
1.903,0.842
2.013,3.303
1.952,0.679
1.946,1.851
1.933,2.833
1.804,1.675
1.752,2.156
1.714,2.164
1.644,3.294
1.635,1.866
1.711,0.444
1.623,3.32
1.449,2.086
1.52,2.069
1.296,-0.353
1.373,0.861
1.242,1.333
1.156,0.58
1.233,0.916
1.175,0.962
1.043,1.239
1.005,2.955
0.947,1.802
1.054,3.204
0.996,1.188
0.842,1.969
0.84,0.411
0.793,1.851
0.927,2.819
0.935,2.266
0.76,-0.487
0.765,0.748
0.714,0.645
0.718,0.546
0.557,-0.367
0.655,1.692
0.621,2.599
0.422,2.992
0.435,1.126
0.451,-0.622
0.423,0.593
0.177,3.015
0.332,1.908
0.155,0.431
0.054,-0.708
0.15,1.913
-0.034,0.528
0.064,3.003
0.004,0.28
-0.158,2.087
-0.334,0.709
-0.444,1.076
-0.391,-0.287
-0.72,-0.674
-0.761,0.307
-0.784,0.816
-0.888,3.202
-0.906,2.139
-1.016,1.962
-1.064,0.823
-1.153,1.872
-1.419,-0.454
-1.298,-0.443
-1.38,0.425
-1.485,3.092
-1.434,0.476
-1.423,2.671
-1.456,0.382
-1.559,1.538
-1.715,2.057
-1.792,2.105
-1.818,0.642
-1.951,1.127
-1.921,-0.489
-2.099,2.181
-2.234,2.999
-2.225,2.823
-2.1,2.918
-2.285,3.077
-2.178,1.703
-2.401,2.008
-2.401,1.793
-2.476,2.581
-2.456,3.224
-2.64,1.401
-2.7,0.502
-2.902,0.645
-2.952,0.779
-3.019,1.554
-3.108,-0.61
-3.14,-0.386
-3.053,2.95
-3.083,1.672
3.055,1.552
-3.137,2.117
-3.116,1.484
2.989,-1.02
2.667,-0.718
1.771,-0.984
1.214,-0.948
1.319,-0.76
0.349,-0.681
0.168,-1.037
-0.299,-0.991
-0.444,-1.095
-0.5,-0.854
-1.811,-0.932
-1.688,-0.885
-1.85,-1.019
-1.717,-0.827
-2.011,-0.913
-2.057,-0.797
-2.184,-1.012
-2.815,-0.78
-2.785,-0.679
-2.962,-0.854
2.919,-0.673
2.756,3.564
2.63,3.676
2.591,3.646
2.484,3.63
2.301,3.58
1.416,3.393
0.884,3.459
0.651,3.288
0.309,3.587
-0.038,3.524
-0.91,3.529
-1.135,3.581
-1.484,3.45
-2.268,3.633
-2.671,3.251
-3.111,3.495
2.986,3.396
3.074,3.594
0.741,1.223
-0.455,2.433
-1.023,0.251
-1.464,1.161
-1.708,2.917
2.046,1.761
1.863,0.059
1.319,0.053
0.641,0.588
-1.179,2.782
-1.522,2.209
-1.527,1.845
-1.835,1.09
-2.19,-0.167
-2.127,1.471
-2.468,2.211
-2.494,0.774
-2.68,2.664
-2.699,2.861
-2.752,1.765
2.841,1.671
2.656,0.346
1.131,1.593
-0.378,1.609
-1.639,0.272
1.08,3.098
2.759,-0.798
-2.767,-1.146
-0.474,-0.208
-1.518,-1.013
-1.545,-2.689
-2.366,-4.073
0.225,-3.906
-1.068,-3.825
-1.175,-3.862
-1.647,-4.073
-1.661,-0.864
-1.664,-2.592
-1.992,-2.295
-2.216,-1.046
-2.357,-2.11
-2.249,-0.01
-2.333,-0.903
-2.485,-0.62
-2.382,-1.916
-2.357,-3.086
-2.515,-1.059
-2.547,-0.215
-2.435,-1.989
-2.482,-0.635
-2.643,-2.425
-2.547,-2.906
-2.781,-1.077
-2.769,-2.132
-2.659,0.329
-2.72,-2.295
-2.726,-1.123
-2.739,-0.141
-2.868,-1.299
-2.92,-0.818
-2.958,-0.81
-3.028,0.32
-3.037,-1.108
-2.961,-2.53
-3.049,0.346
3.06,-0.888
3.131,-0.905
2.907,-3.327
2.984,-2.113
2.853,-1.641
2.767,-2.394
2.844,-2.058
2.786,-2.012
2.654,-1.735
2.616,-0.019
2.558,-1.172
2.665,0.23
2.607,-1.786
2.453,-1.005
2.451,-2.563
2.404,-1.123
2.538,-0.155
2.546,-0.708
2.371,-3.461
2.376,-2.226
2.325,-2.329
2.329,-2.428
2.168,-3.341
2.266,-1.282
2.232,-0.375
2.033,0.018
2.046,-1.848
2.062,-3.596
2.034,-2.381
1.788,0.041
1.943,-1.066
1.766,-2.543
1.665,-3.682
1.761,-1.061
1.577,-2.446
1.675,0.029
1.615,-2.694
1.453,-0.887
1.277,-2.265
1.167,-1.898
1.22,-3.261
0.891,-3.648
0.85,-2.667
0.827,-2.158
0.723,0.228
0.705,-0.835
0.595,-1.012
0.547,-2.151
0.458,-1.102
0.192,-3.428
0.313,-3.417
0.231,-2.549
0.126,0.118
0.177,-2.498
0.188,-0.303
0.155,-2.592
0.052,-1.436
-0.104,-0.917
-0.181,-0.869
-0.207,-2.332
-0.34,-1.847
-0.31,-3.463
-0.488,-0.793
-0.623,0.025
-0.614,-0.151
-0.489,-0.056
-0.674,0.103
-0.567,-1.271
-0.79,-0.966
-0.79,-1.181
-0.865,-0.393
-0.845,0.25
-1.029,-1.573
-1.089,-2.472
-1.291,-2.329
-1.341,-2.195
-1.408,-1.42
-1.497,-3.584
-1.529,-3.36
-1.442,-0.024
-1.472,-1.302
-1.617,-1.422
-1.526,-0.857
-1.505,-1.49
-1.683,-3.994
-2.005,-3.692
-2.901,-3.958
2.825,-3.922
2.93,-3.734
1.96,-3.655
1.779,-4.011
1.312,-3.965
1.167,-4.069
1.111,-3.828
-0.2,-3.906
-0.077,-3.859
-0.239,-3.993
-0.106,-3.801
-0.4,-3.887
-0.446,-3.771
-0.573,-3.986
-1.204,-3.754
-1.174,-3.653
-1.351,-3.828
-1.753,-3.647
-1.916,0.59
-2.042,0.702
-2.081,0.672
-2.188,0.656
-2.371,0.606
3.027,0.419
2.495,0.485
2.262,0.314
1.92,0.613
1.573,0.55
0.701,0.555
0.476,0.607
0.127,0.476
-0.657,0.659
-1.06,0.277
-1.5,0.521
-1.686,0.422
-1.598,0.62
2.352,-1.751
1.156,-0.541
0.588,-2.723
0.147,-1.813
-0.097,-0.057
-2.626,-1.213
-2.809,-2.915
2.93,-2.921
2.252,-2.386
0.432,-0.192
0.089,-0.765
0.084,-1.129
-0.224,-1.884
-0.579,-3.141
-0.516,-1.503
-0.857,-0.763
-0.883,-2.2
-1.069,-0.31
-1.088,-0.113
-1.141,-1.209
-1.831,-1.303
-2.016,-2.628
2.742,-1.381
1.233,-1.365
-0.028,-2.702
2.691,0.124
-1.913,-3.772
-1.156,-4.12
-1.044,-0.805
-1.071,-2.481
-1.892,-3.865
0.699,-3.698
-0.594,-3.617
-0.701,-3.654
-1.173,-3.865
-1.187,-0.656
-1.19,-2.384
-1.518,-2.087
-1.742,-0.838
-1.883,-1.902
-1.775,0.198
-1.859,-0.695
-2.011,-0.412
-1.908,-1.708
-1.883,-2.878
-2.041,-0.851
-2.073,-0.007
-1.961,-1.781
-2.008,-0.427
-2.169,-2.217
-2.073,-2.698
-2.307,-0.869
-2.295,-1.924
-2.185,0.537
-2.246,-2.087
-2.252,-0.915
-2.265,0.067
-2.394,-1.091
-2.446,-0.61
-2.484,-0.602
-2.554,0.528
-2.563,-0.9
-2.487,-2.322
-2.575,0.554
-2.749,-0.68
-2.678,-0.697
-2.902,-3.119
-2.825,-1.905
-2.956,-1.433
-3.042,-2.186
-2.965,-1.85
-3.023,-1.804
3.128,-1.527
3.09,0.189
3.032,-0.964
3.139,0.438
3.081,-1.578
2.927,-0.797
2.925,-2.355
2.878,-0.915
3.012,0.053
3.02,-0.5
2.845,-3.253
2.85,-2.018
2.799,-2.121
2.803,-2.22
2.642,-3.133
2.74,-1.074
2.706,-0.167
2.507,0.226
2.52,-1.64
2.536,-3.388
2.508,-2.173
2.262,0.249
2.417,-0.858
2.24,-2.335
2.139,-3.474
2.235,-0.853
2.051,-2.238
2.149,0.237
2.089,-2.486
1.927,-0.679
1.751,-2.057
1.641,-1.69
1.694,-3.053
1.365,-3.44
1.324,-2.459
1.301,-1.95
1.197,0.436
1.179,-0.627
1.069,-0.804
1.021,-1.943
0.932,-0.894
0.666,-3.22
0.787,-3.209
0.705,-2.341
0.6,0.326
0.651,-2.29
0.662,-0.095
0.629,-2.384
0.526,-1.228
0.37,-0.709
0.293,-0.661
0.267,-2.124
0.134,-1.639
0.164,-3.255
-0.014,-0.585
-0.149,0.233
-0.14,0.057
-0.015,0.152
-0.2,0.311
-0.093,-1.063
-0.316,-0.758
-0.316,-0.973
-0.391,-0.185
-0.371,0.458
-0.555,-1.365
-0.615,-2.264
-0.817,-2.121
-0.867,-1.987
-0.934,-1.212
-1.023,-3.376
-1.055,-3.152
-0.968,0.184
-0.998,-1.094
-1.143,-1.214
-1.052,-0.649
-1.031,-1.282
-1.209,-3.786
-1.531,-3.484
-2.427,-3.75
-2.984,-3.714
-2.879,-3.526
2.434,-3.447
2.253,-3.803
1.786,-3.757
1.641,-3.861
1.585,-3.62
0.274,-3.698
0.397,-3.651
0.235,-3.785
0.368,-3.593
0.074,-3.679
0.028,-3.563
-0.099,-3.778
-0.73,-3.546
-0.7,-3.445
-0.877,-3.62
-1.279,-3.439
-1.442,0.798
-1.568,0.91
-1.607,0.88
-1.714,0.864
-1.897,0.814
-2.782,0.627
2.969,0.693
2.736,0.522
2.394,0.821
2.047,0.758
1.175,0.763
0.95,0.815
0.601,0.684
-0.183,0.867
-0.586,0.485
-1.026,0.729
-1.212,0.63
-1.124,0.828
2.826,-1.543
1.63,-0.333
1.062,-2.515
0.621,-1.605
0.377,0.151
-2.152,-1.005
-2.335,-2.707
-2.879,-2.713
2.726,-2.178
0.906,0.016
0.563,-0.557
0.558,-0.921
0.25,-1.676
-0.105,-2.933
-0.042,-1.295
-0.383,-0.555
-0.409,-1.992
-0.595,-0.102
-0.614,0.095
-0.667,-1.001
-1.357,-1.095
-1.542,-2.42
-3.067,-1.173
1.707,-1.157
0.446,-2.494
-3.118,0.332
-1.439,-3.564
-0.682,-3.912
-0.027,-1.676
-0.848,-3.06
1.743,-2.893
0.45,-2.812
0.343,-2.849
-0.129,-3.06
-0.143,0.149
-0.146,-1.579
-0.474,-1.282
-0.698,-0.033
-0.839,-1.097
-0.731,1.003
-0.815,0.11
-0.967,0.393
-0.864,-0.903
-0.839,-2.073
-0.997,-0.046
-1.029,0.798
-0.917,-0.976
-0.964,0.378
-1.125,-1.412
-1.029,-1.893
-1.263,-0.064
-1.251,-1.119
-1.141,1.342
-1.202,-1.282
-1.208,-0.11
-1.221,0.872
-1.35,-0.286
-1.402,0.195
-1.44,0.203
-1.51,1.333
-1.519,-0.095
-1.443,-1.517
-1.531,1.359
-1.705,0.125
-1.634,0.108
-1.858,-2.314
-1.781,-1.1
-1.912,-0.628
-1.998,-1.381
-1.921,-1.045
-1.979,-0.999
-2.111,-0.722
-2.149,0.994
-2.207,-0.159
-2.1,1.243
-2.158,-0.773
-2.312,0.008
-2.314,-1.55
-2.361,-0.11
-2.227,0.858
-2.219,0.305
-2.394,-2.448
-2.389,-1.213
-2.44,-1.316
-2.436,-1.415
-2.597,-2.328
-2.499,-0.269
-2.533,0.638
-2.732,1.031
-2.719,-0.835
-2.703,-2.583
-2.731,-1.368
-2.977,1.054
-2.822,-0.053
-2.999,-1.53
-3.1,-2.669
-3.004,-0.048
3.095,-1.433
-3.09,1.042
3.133,-1.681
2.971,0.126
2.795,-1.252
2.685,-0.885
2.738,-2.248
2.409,-2.635
2.368,-1.654
2.345,-1.145
2.241,1.241
2.223,0.178
2.113,0.001
2.065,-1.138
1.976,-0.089
1.71,-2.415
1.831,-2.404
1.749,-1.536
1.644,1.131
1.695,-1.485
1.706,0.71
1.673,-1.579
1.57,-0.423
1.414,0.096
1.337,0.144
1.311,-1.319
1.178,-0.834
1.208,-2.45
1.03,0.22
0.895,1.038
0.904,0.862
1.029,0.957
0.844,1.116
0.951,-0.258
0.728,0.047
0.728,-0.168
0.653,0.62
0.673,1.263
0.489,-0.56
0.429,-1.459
0.227,-1.316
0.177,-1.182
0.11,-0.407
0.021,-2.571
-0.011,-2.347
0.076,0.989
0.046,-0.289
-0.099,-0.409
-0.008,0.156
0.013,-0.477
-0.165,-2.981
-0.487,-2.679
-1.383,-2.945
-1.94,-2.909
-1.835,-2.721
-2.805,-2.642
-2.986,-2.998
2.83,-2.952
2.685,-3.056
2.629,-2.815
1.318,-2.893
1.441,-2.846
1.279,-2.98
1.412,-2.788
1.118,-2.874
1.072,-2.758
0.945,-2.973
0.314,-2.741
0.344,-2.64
0.167,-2.815
-0.235,-2.634
-0.398,1.603
-0.524,1.715
-0.563,1.685
-0.67,1.669
-0.853,1.619
-1.738,1.432
-2.27,1.498
-2.503,1.327
-2.845,1.626
3.091,1.563
2.219,1.568
1.994,1.62
1.645,1.489
0.861,1.672
0.458,1.29
0.018,1.534
-0.168,1.435
-0.08,1.633
-2.413,-0.738
2.674,0.472
2.106,-1.71
1.665,-0.8
1.421,0.956
-1.108,-0.2
-1.291,-1.902
-1.835,-1.908
-2.513,-1.373
1.95,0.821
1.607,0.248
1.602,-0.116
1.294,-0.871
0.939,-2.128
1.002,-0.49
0.661,0.25
0.635,-1.187
0.449,0.703
0.43,0.9
0.377,-0.196
-0.313,-0.29
-0.498,-1.615
-2.023,-0.368
2.751,-0.352
1.49,-1.689
-2.074,1.137
-0.395,-2.759
0.362,-3.107
-0.821,-1.384
1.77,-1.217
0.477,-1.136
0.37,-1.173
-0.102,-1.384
-0.116,1.825
-0.119,0.097
-0.447,0.394
-0.671,1.643
-0.812,0.579
-0.704,2.679
-0.788,1.786
-0.94,2.069
-0.837,0.773
-0.812,-0.397
-0.97,1.63
-1.002,2.474
-0.89,0.7
-0.937,2.054
-1.098,0.264
-1.002,-0.217
-1.236,1.612
-1.224,0.557
-1.114,3.018
-1.175,0.394
-1.181,1.566
-1.194,2.548
-1.323,1.39
-1.375,1.871
-1.413,1.879
-1.483,3.009
-1.492,1.581
-1.416,0.159
-1.504,3.035
-1.678,1.801
-1.607,1.784
-1.831,-0.638
-1.754,0.576
-1.885,1.048
-1.971,0.295
-1.894,0.631
-1.952,0.677
-2.084,0.954
-2.122,2.67
-2.18,1.517
-2.073,2.919
-2.131,0.903
-2.285,1.684
-2.287,0.126
-2.334,1.566
-2.2,2.534
-2.192,1.981
-2.367,-0.772
-2.362,0.463
-2.413,0.36
-2.409,0.261
-2.57,-0.652
-2.472,1.407
-2.506,2.314
-2.705,2.707
-2.692,0.841
-2.676,-0.907
-2.704,0.308
-2.95,2.73
-2.795,1.623
-2.972,0.146
-3.073,-0.993
-2.977,1.628
3.122,0.243
-3.063,2.718
-3.123,-0.005
2.998,1.802
2.822,0.424
2.712,0.791
2.765,-0.572
2.436,-0.959
2.395,0.022
2.372,0.531
2.268,2.917
2.25,1.854
2.14,1.677
2.092,0.538
2.003,1.587
1.737,-0.739
1.858,-0.728
1.776,0.14
1.671,2.807
1.722,0.191
1.733,2.386
1.7,0.097
1.597,1.253
1.441,1.772
1.364,1.82
1.338,0.357
1.205,0.842
1.235,-0.774
1.057,1.896
0.922,2.714
0.931,2.538
1.056,2.633
0.871,2.792
0.978,1.418
0.755,1.723
0.755,1.508
0.68,2.296
0.7,2.939
0.516,1.116
0.456,0.217
0.254,0.36
0.204,0.494
0.137,1.269
0.048,-0.895
0.016,-0.671
0.103,2.665
0.073,1.387
-0.072,1.267
0.019,1.832
0.04,1.199
-0.138,-1.305
-0.46,-1.003
-1.356,-1.269
-1.913,-1.233
-1.808,-1.045
-2.778,-0.966
-2.959,-1.322
2.857,-1.276
2.712,-1.38
2.656,-1.139
1.345,-1.217
1.468,-1.17
1.306,-1.304
1.439,-1.112
1.145,-1.198
1.099,-1.082
0.972,-1.297
0.341,-1.065
0.371,-0.964
0.194,-1.139
-0.208,-0.958
-0.371,3.279
-0.497,3.391
-0.536,3.361
-0.643,3.345
-0.826,3.295
-1.711,3.108
-2.243,3.174
-2.476,3.003
-2.818,3.302
3.118,3.239
2.246,3.244
2.021,3.296
1.672,3.165
0.888,3.348
0.485,2.966
0.045,3.21
-0.141,3.111
-0.053,3.309
-2.386,0.938
2.701,2.148
2.133,-0.034
1.692,0.876
1.448,2.632
-1.081,1.476
-1.264,-0.226
-1.808,-0.232
-2.486,0.303
1.977,2.497
1.634,1.924
1.629,1.56
1.321,0.805
0.966,-0.452
1.029,1.186
0.688,1.926
0.662,0.489
0.476,2.379
0.457,2.576
0.404,1.48
-0.286,1.386
-0.471,0.061
-1.996,1.308
2.778,1.324
1.517,-0.013
-2.047,2.813
-0.368,-1.083
0.389,-1.431
2.591,0.167
1.298,0.248
1.191,0.211
0.719,0.0
0.705,3.209
0.702,1.481
0.374,1.778
0.15,3.027
0.009,1.963
0.117,4.063
0.033,3.17
-0.119,3.453
-0.016,2.157
0.009,0.987
-0.149,3.014
-0.181,3.858
-0.069,2.084
-0.116,3.438
-0.277,1.648
-0.181,1.167
-0.415,2.996
-0.403,1.941
-0.293,4.402
-0.354,1.778
-0.36,2.95
-0.373,3.932
-0.502,2.774
-0.554,3.255
-0.592,3.263
-0.662,4.393
-0.671,2.965
-0.595,1.543
-0.683,4.419
-0.857,3.185
-0.786,3.168
-1.01,0.746
-0.933,1.96
-1.064,2.432
-1.15,1.679
-1.073,2.015
-1.131,2.061
-1.263,2.338
-1.301,4.054
-1.359,2.901
-1.252,4.303
-1.31,2.287
-1.464,3.068
-1.466,1.51
-1.513,2.95
-1.379,3.918
-1.371,3.365
-1.546,0.612
-1.541,1.847
-1.592,1.744
-1.588,1.645
-1.749,0.732
-1.651,2.791
-1.685,3.698
-1.884,4.091
-1.871,2.225
-1.855,0.477
-1.883,1.692
-2.129,4.114
-1.974,3.007
-2.151,1.53
-2.252,0.391
-2.156,3.012
-2.34,1.627
-2.242,4.102
-2.302,1.379
-2.464,3.186
-2.64,1.808
-2.75,2.175
-2.697,0.812
-3.026,0.425
-3.067,1.406
-3.09,1.915
3.089,4.301
3.071,3.238
2.961,3.061
2.913,1.922
2.824,2.971
2.558,0.645
2.679,0.656
2.597,1.524
2.492,4.191
2.543,1.575
2.554,3.77
2.521,1.481
2.418,2.637
2.262,3.156
2.185,3.204
2.159,1.741
2.026,2.226
2.056,0.61
1.878,3.28
1.743,4.098
1.752,3.922
1.877,4.017
1.692,4.176
1.799,2.802
1.576,3.107
1.576,2.892
1.501,3.68
1.521,4.323
1.337,2.5
1.277,1.601
1.075,1.744
1.025,1.878
0.958,2.653
0.869,0.489
0.837,0.713
0.924,4.049
0.894,2.771
0.749,2.651
0.84,3.216
0.861,2.583
0.683,0.079
0.361,0.381
-0.535,0.115
-1.092,0.151
-0.987,0.339
-1.957,0.418
-2.138,0.062
-2.605,0.108
-2.75,0.004
-2.806,0.245
2.166,0.167
2.289,0.214
2.127,0.08
2.26,0.272
1.966,0.186
1.92,0.302
1.793,0.087
1.162,0.319
1.192,0.42
1.015,0.245
0.613,0.426
0.45,4.663
0.324,4.775
0.285,4.745
0.178,4.729
-0.005,4.679
-0.89,4.492
-1.422,4.558
-1.655,4.387
-1.997,4.686
-2.344,4.623
3.067,4.628
2.842,4.68
2.493,4.549
1.709,4.732
1.306,4.35
0.866,4.594
0.68,4.495
0.768,4.693
-1.565,2.322
-2.761,3.532
2.954,1.35
2.513,2.26
2.269,4.016
-0.26,2.86
-0.443,1.158
-0.987,1.152
-1.665,1.687
2.798,3.881
2.455,3.308
2.45,2.944
2.142,2.189
1.787,0.932
1.85,2.57
1.509,3.31
1.483,1.873
1.297,3.763
1.278,3.96
1.225,2.864
0.535,2.77
0.35,1.445
-1.175,2.692
-2.684,2.708
2.338,1.371
-1.226,4.197
0.453,0.301
1.21,-0.047
-1.293,0.081
-1.4,0.044
-1.872,-0.167
-1.886,3.042
-1.889,1.314
-2.217,1.611
-2.441,2.86
-2.582,1.796
-2.474,3.896
-2.558,3.003
-2.71,3.286
-2.607,1.99
-2.582,0.82
-2.74,2.847
-2.772,3.691
-2.66,1.917
-2.707,3.271
-2.868,1.481
-2.772,1.0
-3.006,2.829
-2.994,1.774
-2.884,4.235
-2.945,1.611
-2.951,2.783
-2.964,3.765
-3.093,2.607
3.138,3.088
3.1,3.096
3.03,4.226
3.021,2.798
3.097,1.376
3.009,4.252
2.835,3.018
2.906,3.001
2.682,0.579
2.759,1.793
2.628,2.265
2.542,1.512
2.619,1.848
2.561,1.894
2.429,2.171
2.391,3.887
2.333,2.734
2.44,4.136
2.382,2.12
2.228,2.901
2.226,1.343
2.179,2.783
2.313,3.751
2.321,3.198
2.146,0.445
2.151,1.68
2.1,1.577
2.104,1.478
1.943,0.565
2.041,2.624
2.007,3.531
1.808,3.924
1.821,2.058
1.837,0.31
1.809,1.525
1.563,3.947
1.718,2.84
1.541,1.363
1.44,0.224
1.536,2.845
1.352,1.46
1.45,3.935
1.39,1.212
1.228,3.019
1.052,1.641
0.942,2.008
0.995,0.645
0.666,0.258
0.625,1.239
0.602,1.748
0.498,4.134
0.48,3.071
0.37,2.894
0.322,1.755
0.233,2.804
-0.033,0.478
0.088,0.489
0.006,1.357
-0.099,4.024
-0.048,1.408
-0.037,3.603
-0.07,1.314
-0.173,2.47
-0.329,2.989
-0.406,3.037
-0.432,1.574
-0.565,2.059
-0.535,0.443
-0.713,3.113
-0.848,3.931
-0.839,3.755
-0.714,3.85
-0.899,4.009
-0.792,2.635
-1.015,2.94
-1.015,2.725
-1.09,3.513
-1.07,4.156
-1.254,2.333
-1.314,1.434
-1.516,1.577
-1.566,1.711
-1.633,2.486
-1.722,0.322
-1.754,0.546
-1.667,3.882
-1.697,2.604
-1.842,2.484
-1.751,3.049
-1.73,2.416
-1.908,-0.088
-2.23,0.214
-3.126,-0.052
2.6,-0.016
2.705,0.172
1.735,0.251
1.554,-0.105
1.087,-0.059
0.942,-0.163
0.886,0.078
-0.425,0.0
-0.302,0.047
-0.464,-0.087
-0.331,0.105
-0.625,0.019
-0.671,0.135
-0.798,-0.08
-1.429,0.152
-1.399,0.253
-1.576,0.078
-1.978,0.259
-2.141,4.496
-2.267,4.608
-2.306,4.578
-2.413,4.562
-2.596,4.512
2.802,4.325
2.27,4.391
2.037,4.22
1.695,4.519
1.348,4.456
0.476,4.461
0.251,4.513
-0.098,4.382
-0.882,4.565
-1.285,4.183
-1.725,4.427
-1.911,4.328
-1.823,4.526
2.127,2.155
0.931,3.365
0.363,1.183
-0.078,2.093
-0.322,3.849
-2.851,2.693
-3.034,0.991
2.705,0.985
2.027,1.52
0.207,3.714
-0.136,3.141
-0.141,2.777
-0.449,2.022
-0.804,0.765
-0.741,2.403
-1.082,3.143
-1.108,1.706
-1.294,3.596
-1.313,3.793
-1.366,2.697
-2.056,2.603
-2.241,1.278
2.517,2.525
1.008,2.541
-0.253,1.204
2.466,4.03
-2.138,0.134
-1.381,-0.214
-0.107,-0.037
-0.579,-0.248
-0.593,2.961
-0.596,1.233
-0.924,1.53
-1.148,2.779
-1.289,1.715
-1.181,3.815
-1.265,2.922
-1.417,3.205
-1.314,1.909
-1.289,0.739
-1.447,2.766
-1.479,3.61
-1.367,1.836
-1.414,3.19
-1.575,1.4
-1.479,0.919
-1.713,2.748
-1.701,1.693
-1.591,4.154
-1.652,1.53
-1.658,2.702
-1.671,3.684
-1.8,2.526
-1.852,3.007
-1.89,3.015
-1.96,4.145
-1.969,2.717
-1.893,1.295
-1.981,4.171
-2.155,2.937
-2.084,2.92
-2.308,0.498
-2.231,1.712
-2.362,2.184
-2.448,1.431
-2.371,1.767
-2.429,1.813
-2.561,2.09
-2.599,3.806
-2.657,2.653
-2.55,4.055
-2.608,2.039
-2.762,2.82
-2.764,1.262
-2.811,2.702
-2.677,3.67
-2.669,3.117
-2.844,0.364
-2.839,1.599
-2.89,1.496
-2.886,1.397
-3.047,0.484
-2.949,2.543
-2.983,3.45
3.101,3.843
3.114,1.977
3.13,0.229
3.102,1.444
2.856,3.866
3.011,2.759
2.834,1.282
2.733,0.143
2.829,2.764
2.645,1.379
2.743,3.854
2.683,1.131
2.521,2.938
2.345,1.56
2.235,1.927
2.288,0.564
1.959,0.177
1.918,1.158
1.895,1.667
1.791,4.053
1.773,2.99
1.663,2.813
1.615,1.674
1.526,2.723
1.26,0.397
1.381,0.408
1.299,1.276
1.194,3.943
1.245,1.327
1.256,3.522
1.223,1.233
1.12,2.389
0.964,2.908
0.887,2.956
0.861,1.493
0.728,1.978
0.758,0.362
0.58,3.032
0.445,3.85
0.454,3.674
0.579,3.769
0.394,3.928
0.501,2.554
0.278,2.859
0.278,2.644
0.203,3.432
0.223,4.075
0.039,2.252
-0.021,1.353
-0.223,1.496
-0.273,1.63
-0.34,2.405
-0.429,0.241
-0.461,0.465
-0.374,3.801
-0.404,2.523
-0.549,2.403
-0.458,2.968
-0.437,2.335
-0.615,-0.169
-0.937,0.133
-1.833,-0.133
-2.39,-0.097
-2.285,0.091
3.028,0.17
2.847,-0.186
2.38,-0.14
2.235,-0.244
2.179,-0.003
0.868,-0.081
0.991,-0.034
0.829,-0.168
0.962,0.024
0.668,-0.062
0.622,0.054
0.495,-0.161
-0.136,0.071
-0.106,0.172
-0.283,-0.003
-0.685,0.178
-0.848,4.415
-0.974,4.527
-1.013,4.497
-1.12,4.481
-1.303,4.431
-2.188,4.244
-2.72,4.31
-2.953,4.139
2.988,4.438
2.641,4.375
1.769,4.38
1.544,4.432
1.195,4.301
0.411,4.484
0.008,4.102
-0.432,4.346
-0.618,4.247
-0.53,4.445
-2.863,2.074
2.224,3.284
1.656,1.102
1.215,2.012
0.971,3.768
-1.558,2.612
-1.741,0.91
-2.285,0.904
-2.963,1.439
1.5,3.633
1.157,3.06
1.152,2.696
0.844,1.941
0.489,0.684
0.552,2.322
0.211,3.062
0.185,1.625
-0.001,3.515
-0.02,3.712
-0.073,2.616
-0.763,2.522
-0.948,1.197
-2.473,2.444
2.301,2.46
1.04,1.123
-2.524,3.949
-0.845,0.053
-0.088,-0.295
-0.472,-0.211
-0.486,2.998
-0.489,1.27
-0.817,1.567
-1.041,2.816
-1.182,1.752
-1.074,3.852
-1.158,2.959
-1.31,3.242
-1.207,1.946
-1.182,0.776
-1.34,2.803
-1.372,3.647
-1.26,1.873
-1.307,3.227
-1.468,1.437
-1.372,0.956
-1.606,2.785
-1.594,1.73
-1.484,4.191
-1.545,1.567
-1.551,2.739
-1.564,3.721
-1.693,2.563
-1.745,3.044
-1.783,3.052
-1.853,4.182
-1.862,2.754
-1.786,1.332
-1.874,4.208
-2.048,2.974
-1.977,2.957
-2.201,0.535
-2.124,1.749
-2.255,2.221
-2.341,1.468
-2.264,1.804
-2.322,1.85
-2.454,2.127
-2.492,3.843
-2.55,2.69
-2.443,4.092
-2.501,2.076
-2.655,2.857
-2.657,1.299
-2.704,2.739
-2.57,3.707
-2.562,3.154
-2.737,0.401
-2.732,1.636
-2.783,1.533
-2.779,1.434
-2.94,0.521
-2.842,2.58
-2.876,3.487
-3.075,3.88
-3.062,2.014
-3.046,0.266
-3.074,1.481
2.963,3.903
3.118,2.796
2.941,1.319
2.84,0.18
2.936,2.801
2.752,1.416
2.85,3.891
2.79,1.168
2.628,2.975
2.452,1.597
2.342,1.964
2.395,0.601
2.066,0.214
2.025,1.195
2.002,1.704
1.898,4.09
1.88,3.027
1.77,2.85
1.722,1.711
1.633,2.76
1.367,0.434
1.488,0.445
1.406,1.313
1.301,3.98
1.352,1.364
1.363,3.559
1.33,1.27
1.227,2.426
1.071,2.945
0.994,2.993
0.968,1.53
0.835,2.015
0.865,0.399
0.687,3.069
0.552,3.887
0.561,3.711
0.686,3.806
0.501,3.965
0.608,2.591
0.385,2.896
0.385,2.681
0.31,3.469
0.33,4.112
0.146,2.289
0.086,1.39
-0.116,1.533
-0.166,1.667
-0.233,2.442
-0.322,0.278
-0.354,0.502
-0.267,3.838
-0.297,2.56
-0.442,2.44
-0.351,3.005
-0.33,2.372
-0.508,-0.132
-0.83,0.17
-1.726,-0.096
-2.283,-0.06
-2.178,0.128
3.135,0.207
2.954,-0.149
2.487,-0.103
2.342,-0.207
2.286,0.034
0.975,-0.044
1.098,0.003
0.936,-0.131
1.069,0.061
0.775,-0.025
0.729,0.091
0.602,-0.124
-0.029,0.108
0.001,0.209
-0.176,0.034
-0.578,0.215
-0.741,4.452
-0.867,4.564
-0.906,4.534
-1.013,4.518
-1.196,4.468
-2.081,4.281
-2.613,4.347
-2.846,4.176
3.095,4.475
2.748,4.412
1.876,4.417
1.651,4.469
1.302,4.338
0.518,4.521
0.115,4.139
-0.325,4.383
-0.511,4.284
-0.423,4.482
-2.756,2.111
2.331,3.321
1.763,1.139
1.322,2.049
1.078,3.805
-1.451,2.649
-1.634,0.947
-2.178,0.941
-2.856,1.476
1.607,3.67
1.264,3.097
1.259,2.733
0.951,1.978
0.596,0.721
0.659,2.359
0.318,3.099
0.292,1.662
0.106,3.552
0.087,3.749
0.034,2.653
-0.656,2.559
-0.841,1.234
-2.366,2.481
2.408,2.497
1.147,1.16
-2.417,3.986
-0.738,0.09
0.019,-0.258
-0.014,3.209
-0.017,1.481
-0.345,1.778
-0.569,3.027
-0.71,1.963
-0.602,4.063
-0.686,3.17
-0.838,3.453
-0.735,2.157
-0.71,0.987
-0.868,3.014
-0.9,3.858
-0.788,2.084
-0.835,3.438
-0.996,1.648
-0.9,1.167
-1.134,2.996
-1.122,1.941
-1.012,4.402
-1.073,1.778
-1.079,2.95
-1.092,3.932
-1.221,2.774
-1.273,3.255
-1.311,3.263
-1.381,4.393
-1.39,2.965
-1.314,1.543
-1.402,4.419
-1.576,3.185
-1.505,3.168
-1.729,0.746
-1.652,1.96
-1.783,2.432
-1.869,1.679
-1.792,2.015
-1.85,2.061
-1.982,2.338
-2.02,4.054
-2.078,2.901
-1.971,4.303
-2.029,2.287
-2.183,3.068
-2.185,1.51
-2.232,2.95
-2.098,3.918
-2.09,3.365
-2.265,0.612
-2.26,1.847
-2.311,1.744
-2.307,1.645
-2.468,0.732
-2.37,2.791
-2.404,3.698
-2.603,4.091
-2.59,2.225
-2.574,0.477
-2.602,1.692
-2.848,4.114
-2.693,3.007
-2.87,1.53
-2.971,0.391
-2.875,3.012
-3.059,1.627
-2.961,4.102
-3.021,1.379
3.1,3.186
2.924,1.808
2.814,2.175
2.867,0.812
2.538,0.425
2.497,1.406
2.474,1.915
2.37,4.301
2.352,3.238
2.242,3.061
2.194,1.922
2.105,2.971
1.839,0.645
1.96,0.656
1.878,1.524
1.773,4.191
1.824,1.575
1.835,3.77
1.802,1.481
1.699,2.637
1.543,3.156
1.466,3.204
1.44,1.741
1.307,2.226
1.337,0.61
1.159,3.28
1.024,4.098
1.033,3.922
1.158,4.017
0.973,4.176
1.08,2.802
0.857,3.107
0.857,2.892
0.782,3.68
0.802,4.323
0.618,2.5
0.558,1.601
0.356,1.744
0.306,1.878
0.239,2.653
0.15,0.489
0.118,0.713
0.205,4.049
0.175,2.771
0.03,2.651
0.121,3.216
0.142,2.583
-0.036,0.079
-0.358,0.381
-1.254,0.115
-1.811,0.151
-1.706,0.339
-2.676,0.418
-2.857,0.062
2.959,0.108
2.814,0.004
2.758,0.245
1.447,0.167
1.57,0.214
1.408,0.08
1.541,0.272
1.247,0.186
1.201,0.302
1.074,0.087
0.443,0.319
0.473,0.42
0.296,0.245
-0.106,0.426
-0.269,4.663
-0.395,4.775
-0.434,4.745
-0.541,4.729
-0.724,4.679
-1.609,4.492
-2.141,4.558
-2.374,4.387
-2.716,4.686
-3.063,4.623
2.348,4.628
2.123,4.68
1.774,4.549
0.99,4.732
0.587,4.35
0.147,4.594
-0.039,4.495
0.049,4.693
-2.284,2.322
2.803,3.532
2.235,1.35
1.794,2.26
1.55,4.016
-0.979,2.86
-1.162,1.158
-1.706,1.152
-2.384,1.687
2.079,3.881
1.736,3.308
1.731,2.944
1.423,2.189
1.068,0.932
1.131,2.57
0.79,3.31
0.764,1.873
0.578,3.763
0.559,3.96
0.506,2.864
-0.184,2.77
-0.369,1.445
-1.894,2.692
2.88,2.708
1.619,1.371
-1.945,4.197
-0.266,0.301
0.491,-0.047
-0.003,-1.728
-0.331,-1.431
-0.555,-0.182
-0.696,-1.246
-0.588,0.854
-0.672,-0.039
-0.824,0.244
-0.721,-1.052
-0.696,-2.222
-0.854,-0.195
-0.886,0.649
-0.774,-1.125
-0.821,0.229
-0.982,-1.561
-0.886,-2.042
-1.12,-0.213
-1.108,-1.268
-0.998,1.193
-1.059,-1.431
-1.065,-0.259
-1.078,0.723
-1.207,-0.435
-1.259,0.046
-1.297,0.054
-1.367,1.184
-1.376,-0.244
-1.3,-1.666
-1.388,1.21
-1.562,-0.024
-1.491,-0.041
-1.715,-2.463
-1.638,-1.249
-1.769,-0.777
-1.855,-1.53
-1.778,-1.194
-1.836,-1.148
-1.968,-0.871
-2.006,0.845
-2.064,-0.308
-1.957,1.094
-2.015,-0.922
-2.169,-0.141
-2.171,-1.699
-2.218,-0.259
-2.084,0.709
-2.076,0.156
-2.251,-2.597
-2.246,-1.362
-2.297,-1.465
-2.293,-1.564
-2.454,-2.477
-2.356,-0.418
-2.39,0.489
-2.589,0.882
-2.576,-0.984
-2.56,-2.732
-2.588,-1.517
-2.834,0.905
-2.679,-0.202
-2.856,-1.679
-2.957,-2.818
-2.861,-0.197
-3.045,-1.582
-2.947,0.893
-3.007,-1.83
3.114,-0.023
2.938,-1.401
2.828,-1.034
2.881,-2.397
2.552,-2.784
2.511,-1.803
2.488,-1.294
2.384,1.092
2.366,0.029
2.256,-0.148
2.208,-1.287
2.119,-0.238
1.853,-2.564
1.974,-2.553
1.892,-1.685
1.787,0.982
1.838,-1.634
1.849,0.561
1.816,-1.728
1.713,-0.572
1.557,-0.053
1.48,-0.005
1.454,-1.468
1.321,-0.983
1.351,-2.599
1.173,0.071
1.038,0.889
1.047,0.713
1.172,0.808
0.987,0.967
1.094,-0.407
0.871,-0.102
0.871,-0.317
0.796,0.471
0.816,1.114
0.632,-0.709
0.572,-1.608
0.37,-1.465
0.32,-1.331
0.253,-0.556
0.164,-2.72
0.132,-2.496
0.219,0.84
0.189,-0.438
0.044,-0.558
0.135,0.007
0.156,-0.626
-0.022,-3.13
-0.344,-2.828
-1.24,-3.094
-1.797,-3.058
-1.692,-2.87
-2.662,-2.791
-2.843,-3.147
2.973,-3.101
2.828,-3.205
2.772,-2.964
1.461,-3.042
1.584,-2.995
1.422,-3.129
1.555,-2.937
1.261,-3.023
1.215,-2.907
1.088,-3.122
0.457,-2.89
0.487,-2.789
0.31,-2.964
-0.092,-2.783
-0.255,1.454
-0.381,1.566
-0.42,1.536
-0.527,1.52
-0.71,1.47
-1.595,1.283
-2.127,1.349
-2.36,1.178
-2.702,1.477
-3.049,1.414
2.362,1.419
2.137,1.471
1.788,1.34
1.004,1.523
0.601,1.141
0.161,1.385
-0.025,1.286
0.063,1.484
-2.27,-0.887
2.817,0.323
2.249,-1.859
1.808,-0.949
1.564,0.807
-0.965,-0.349
-1.148,-2.051
-1.692,-2.057
-2.37,-1.522
2.093,0.672
1.75,0.099
1.745,-0.265
1.437,-1.02
1.082,-2.277
1.145,-0.639
0.804,0.101
0.778,-1.336
0.592,0.554
0.573,0.751
0.52,-0.345
-0.17,-0.439
-0.355,-1.764
-1.88,-0.517
2.894,-0.501
1.633,-1.838
-1.931,0.988
-0.252,-2.908
0.505,-3.256
-0.328,0.297
-0.552,1.546
-0.693,0.482
-0.585,2.582
-0.669,1.689
-0.821,1.972
-0.718,0.676
-0.693,-0.494
-0.851,1.533
-0.883,2.377
-0.771,0.603
-0.818,1.957
-0.979,0.167
-0.883,-0.314
-1.117,1.515
-1.105,0.46
-0.995,2.921
-1.056,0.297
-1.062,1.469
-1.075,2.451
-1.204,1.293
-1.256,1.774
-1.294,1.782
-1.364,2.912
-1.373,1.484
-1.297,0.062
-1.385,2.938
-1.559,1.704
-1.488,1.687
-1.712,-0.735
-1.635,0.479
-1.766,0.951
-1.852,0.198
-1.775,0.534
-1.833,0.58
-1.965,0.857
-2.003,2.573
-2.061,1.42
-1.954,2.822
-2.012,0.806
-2.166,1.587
-2.168,0.029
-2.215,1.469
-2.081,2.437
-2.073,1.884
-2.248,-0.869
-2.243,0.366
-2.294,0.263
-2.29,0.164
-2.451,-0.749
-2.353,1.31
-2.387,2.217
-2.586,2.61
-2.573,0.744
-2.557,-1.004
-2.585,0.211
-2.831,2.633
-2.676,1.526
-2.853,0.049
-2.954,-1.09
-2.858,1.531
-3.042,0.146
-2.944,2.621
-3.004,-0.102
3.117,1.705
2.941,0.327
2.831,0.694
2.884,-0.669
2.555,-1.056
2.514,-0.075
2.491,0.434
2.387,2.82
2.369,1.757
2.259,1.58
2.211,0.441
2.122,1.49
1.856,-0.836
1.977,-0.825
1.895,0.043
1.79,2.71
1.841,0.094
1.852,2.289
1.819,0.0
1.716,1.156
1.56,1.675
1.483,1.723
1.457,0.26
1.324,0.745
1.354,-0.871
1.176,1.799
1.041,2.617
1.05,2.441
1.175,2.536
0.99,2.695
1.097,1.321
0.874,1.626
0.874,1.411
0.799,2.199
0.819,2.842
0.635,1.019
0.575,0.12
0.373,0.263
0.323,0.397
0.256,1.172
0.167,-0.992
0.135,-0.768
0.222,2.568
0.192,1.29
0.047,1.17
0.138,1.735
0.159,1.102
-0.019,-1.402
-0.341,-1.1
-1.237,-1.366
-1.794,-1.33
-1.689,-1.142
-2.659,-1.063
-2.84,-1.419
2.976,-1.373
2.831,-1.477
2.775,-1.236
1.464,-1.314
1.587,-1.267
1.425,-1.401
1.558,-1.209
1.264,-1.295
1.218,-1.179
1.091,-1.394
0.46,-1.162
0.49,-1.061
0.313,-1.236
-0.089,-1.055
-0.252,3.182
-0.378,3.294
-0.417,3.264
-0.524,3.248
-0.707,3.198
-1.592,3.011
-2.124,3.077
-2.357,2.906
-2.699,3.205
-3.046,3.142
2.365,3.147
2.14,3.199
1.791,3.068
1.007,3.251
0.604,2.869
0.164,3.113
-0.022,3.014
0.066,3.212
-2.267,0.841
2.82,2.051
2.252,-0.131
1.811,0.779
1.567,2.535
-0.962,1.379
-1.145,-0.323
-1.689,-0.329
-2.367,0.206
2.096,2.4
1.753,1.827
1.748,1.463
1.44,0.708
1.085,-0.549
1.148,1.089
0.807,1.829
0.781,0.392
0.595,2.282
0.576,2.479
0.523,1.383
-0.167,1.289
-0.352,-0.036
-1.877,1.211
2.897,1.227
1.636,-0.11
-1.928,2.716
-0.249,-1.18
0.508,-1.528
-0.224,1.249
-0.365,0.185
-0.257,2.285
-0.341,1.392
-0.493,1.675
-0.39,0.379
-0.365,-0.791
-0.523,1.236
-0.555,2.08
-0.443,0.306
-0.49,1.66
-0.651,-0.13
-0.555,-0.611
-0.789,1.218
-0.777,0.163
-0.667,2.624
-0.728,0.0
-0.734,1.172
-0.747,2.154
-0.876,0.996
-0.928,1.477
-0.966,1.485
-1.036,2.615
-1.045,1.187
-0.969,-0.235
-1.057,2.641
-1.231,1.407
-1.16,1.39
-1.384,-1.032
-1.307,0.182
-1.438,0.654
-1.524,-0.099
-1.447,0.237
-1.505,0.283
-1.637,0.56
-1.675,2.276
-1.733,1.123
-1.626,2.525
-1.684,0.509
-1.838,1.29
-1.84,-0.268
-1.887,1.172
-1.753,2.14
-1.745,1.587
-1.92,-1.166
-1.915,0.069
-1.966,-0.034
-1.962,-0.133
-2.123,-1.046
-2.025,1.013
-2.059,1.92
-2.258,2.313
-2.245,0.447
-2.229,-1.301
-2.257,-0.086
-2.503,2.336
-2.348,1.229
-2.525,-0.248
-2.626,-1.387
-2.53,1.234
-2.714,-0.151
-2.616,2.324
-2.676,-0.399
-2.838,1.408
-3.014,0.03
-3.124,0.397
-3.071,-0.966
2.883,-1.353
2.842,-0.372
2.819,0.137
2.715,2.523
2.697,1.46
2.587,1.283
2.539,0.144
2.45,1.193
2.184,-1.133
2.305,-1.122
2.223,-0.254
2.118,2.413
2.169,-0.203
2.18,1.992
2.147,-0.297
2.044,0.859
1.888,1.378
1.811,1.426
1.785,-0.037
1.652,0.448
1.682,-1.168
1.504,1.502
1.369,2.32
1.378,2.144
1.503,2.239
1.318,2.398
1.425,1.024
1.202,1.329
1.202,1.114
1.127,1.902
1.147,2.545
0.963,0.722
0.903,-0.177
0.701,-0.034
0.651,0.1
0.584,0.875
0.495,-1.289
0.463,-1.065
0.55,2.271
0.52,0.993
0.375,0.873
0.466,1.438
0.487,0.805
0.309,-1.699
-0.013,-1.397
-0.909,-1.663
-1.466,-1.627
-1.361,-1.439
-2.331,-1.36
-2.512,-1.716
-2.979,-1.67
-3.124,-1.774
3.103,-1.533
1.792,-1.611
1.915,-1.564
1.753,-1.698
1.886,-1.506
1.592,-1.592
1.546,-1.476
1.419,-1.691
0.788,-1.459
0.818,-1.358
0.641,-1.533
0.239,-1.352
0.076,2.885
-0.05,2.997
-0.089,2.967
-0.196,2.951
-0.379,2.901
-1.264,2.714
-1.796,2.78
-2.029,2.609
-2.371,2.908
-2.718,2.845
2.693,2.85
2.468,2.902
2.119,2.771
1.335,2.954
0.932,2.572
0.492,2.816
0.306,2.717
0.394,2.915
-1.939,0.544
-3.135,1.754
2.58,-0.428
2.139,0.482
1.895,2.238
-0.634,1.082
-0.817,-0.62
-1.361,-0.626
-2.039,-0.091
2.424,2.103
2.081,1.53
2.076,1.166
1.768,0.411
1.413,-0.846
1.476,0.792
1.135,1.532
1.109,0.095
0.923,1.985
0.904,2.182
0.851,1.086
0.161,0.992
-0.024,-0.333
-1.549,0.914
-3.058,0.93
1.964,-0.407
-1.6,2.419
0.079,-1.477
0.836,-1.825
-0.141,-1.064
-0.033,1.036
-0.117,0.143
-0.269,0.426
-0.166,-0.87
-0.141,-2.04
-0.299,-0.013
-0.331,0.831
-0.219,-0.943
-0.266,0.411
-0.427,-1.379
-0.331,-1.86
-0.565,-0.031
-0.553,-1.086
-0.443,1.375
-0.504,-1.249
-0.51,-0.077
-0.523,0.905
-0.652,-0.253
-0.704,0.228
-0.742,0.236
-0.812,1.366
-0.821,-0.062
-0.745,-1.484
-0.833,1.392
-1.007,0.158
-0.936,0.141
-1.16,-2.281
-1.083,-1.067
-1.214,-0.595
-1.3,-1.348
-1.223,-1.012
-1.281,-0.966
-1.413,-0.689
-1.451,1.027
-1.509,-0.126
-1.402,1.276
-1.46,-0.74
-1.614,0.041
-1.616,-1.517
-1.663,-0.077
-1.529,0.891
-1.521,0.338
-1.696,-2.415
-1.691,-1.18
-1.742,-1.283
-1.738,-1.382
-1.899,-2.295
-1.801,-0.236
-1.835,0.671
-2.034,1.064
-2.021,-0.802
-2.005,-2.55
-2.033,-1.335
-2.279,1.087
-2.124,-0.02
-2.301,-1.497
-2.402,-2.636
-2.306,-0.015
-2.49,-1.4
-2.392,1.075
-2.452,-1.648
-2.614,0.159
-2.79,-1.219
-2.9,-0.852
-2.847,-2.215
3.107,-2.602
3.066,-1.621
3.043,-1.112
2.939,1.274
2.921,0.211
2.811,0.034
2.763,-1.105
2.674,-0.056
2.408,-2.382
2.529,-2.371
2.447,-1.503
2.342,1.164
2.393,-1.452
2.404,0.743
2.371,-1.546
2.268,-0.39
2.112,0.129
2.035,0.177
2.009,-1.286
1.876,-0.801
1.906,-2.417
1.728,0.253
1.593,1.071
1.602,0.895
1.727,0.99
1.542,1.149
1.649,-0.225
1.426,0.08
1.426,-0.135
1.351,0.653
1.371,1.296
1.187,-0.527
1.127,-1.426
0.925,-1.283
0.875,-1.149
0.808,-0.374
0.719,-2.538
0.687,-2.314
0.774,1.022
0.744,-0.256
0.599,-0.376
0.69,0.189
0.711,-0.444
0.533,-2.948
0.211,-2.646
-0.685,-2.912
-1.242,-2.876
-1.137,-2.688
-2.107,-2.609
-2.288,-2.965
-2.755,-2.919
-2.9,-3.023
-2.956,-2.782
2.016,-2.86
2.139,-2.813
1.977,-2.947
2.11,-2.755
1.816,-2.841
1.77,-2.725
1.643,-2.94
1.012,-2.708
1.042,-2.607
0.865,-2.782
0.463,-2.601
0.3,1.636
0.174,1.748
0.135,1.718
0.028,1.702
-0.155,1.652
-1.04,1.465
-1.572,1.531
-1.805,1.36
-2.147,1.659
-2.494,1.596
2.917,1.601
2.692,1.653
2.343,1.522
1.559,1.705
1.156,1.323
0.716,1.567
0.53,1.468
0.618,1.666
-1.715,-0.705
-2.911,0.505
2.804,-1.677
2.363,-0.767
2.119,0.989
-0.41,-0.167
-0.593,-1.869
-1.137,-1.875
-1.815,-1.34
2.648,0.854
2.305,0.281
2.3,-0.083
1.992,-0.838
1.637,-2.095
1.7,-0.457
1.359,0.283
1.333,-1.154
1.147,0.736
1.128,0.933
1.075,-0.163
0.385,-0.257
0.2,-1.582
-1.325,-0.335
-2.834,-0.319
2.188,-1.656
-1.376,1.17
0.303,-2.726
1.06,-3.074
0.108,2.1
0.024,1.207
-0.128,1.49
-0.025,0.194
0.0,-0.976
-0.158,1.051
-0.19,1.895
-0.078,0.121
-0.125,1.475
-0.286,-0.315
-0.19,-0.796
-0.424,1.033
-0.412,-0.022
-0.302,2.439
-0.363,-0.185
-0.369,0.987
-0.382,1.969
-0.511,0.811
-0.563,1.292
-0.601,1.3
-0.671,2.43
-0.68,1.002
-0.604,-0.42
-0.692,2.456
-0.866,1.222
-0.795,1.205
-1.019,-1.217
-0.942,-0.003
-1.073,0.469
-1.159,-0.284
-1.082,0.052
-1.14,0.098
-1.272,0.375
-1.31,2.091
-1.368,0.938
-1.261,2.34
-1.319,0.324
-1.473,1.105
-1.475,-0.453
-1.522,0.987
-1.388,1.955
-1.38,1.402
-1.555,-1.351
-1.55,-0.116
-1.601,-0.219
-1.597,-0.318
-1.758,-1.231
-1.66,0.828
-1.694,1.735
-1.893,2.128
-1.88,0.262
-1.864,-1.486
-1.892,-0.271
-2.138,2.151
-1.983,1.044
-2.16,-0.433
-2.261,-1.572
-2.165,1.049
-2.349,-0.336
-2.251,2.139
-2.311,-0.584
-2.473,1.223
-2.649,-0.155
-2.759,0.212
-2.706,-1.151
-3.035,-1.538
-3.076,-0.557
-3.099,-0.048
3.08,2.338
3.062,1.275
2.952,1.098
2.904,-0.041
2.815,1.008
2.549,-1.318
2.67,-1.307
2.588,-0.439
2.483,2.228
2.534,-0.388
2.545,1.807
2.512,-0.482
2.409,0.674
2.253,1.193
2.176,1.241
2.15,-0.222
2.017,0.263
2.047,-1.353
1.869,1.317
1.734,2.135
1.743,1.959
1.868,2.054
1.683,2.213
1.79,0.839
1.567,1.144
1.567,0.929
1.492,1.717
1.512,2.36
1.328,0.537
1.268,-0.362
1.066,-0.219
1.016,-0.085
0.949,0.69
0.86,-1.474
0.828,-1.25
0.915,2.086
0.885,0.808
0.74,0.688
0.831,1.253
0.852,0.62
0.674,-1.884
0.352,-1.582
-0.544,-1.848
-1.101,-1.812
-0.996,-1.624
-1.966,-1.545
-2.147,-1.901
-2.614,-1.855
-2.759,-1.959
-2.815,-1.718
2.157,-1.796
2.28,-1.749
2.118,-1.883
2.251,-1.691
1.957,-1.777
1.911,-1.661
1.784,-1.876
1.153,-1.644
1.183,-1.543
1.006,-1.718
0.604,-1.537
0.441,2.7
0.315,2.812
0.276,2.782
0.169,2.766
-0.014,2.716
-0.899,2.529
-1.431,2.595
-1.664,2.424
-2.006,2.723
-2.353,2.66
3.058,2.665
2.833,2.717
2.484,2.586
1.7,2.769
1.297,2.387
0.857,2.631
0.671,2.532
0.759,2.73
-1.574,0.359
-2.77,1.569
2.945,-0.613
2.504,0.297
2.26,2.053
-0.269,0.897
-0.452,-0.805
-0.996,-0.811
-1.674,-0.276
2.789,1.918
2.446,1.345
2.441,0.981
2.133,0.226
1.778,-1.031
1.841,0.607
1.5,1.347
1.474,-0.09
1.288,1.8
1.269,1.997
1.216,0.901
0.526,0.807
0.341,-0.518
-1.184,0.729
-2.693,0.745
2.329,-0.592
-1.235,2.234
0.444,-1.662
1.201,-2.01
-0.084,-0.893
-0.236,-0.61
-0.133,-1.906
-0.108,-3.076
-0.266,-1.049
-0.298,-0.205
-0.186,-1.979
-0.233,-0.625
-0.394,-2.415
-0.298,-2.896
-0.532,-1.067
-0.52,-2.122
-0.41,0.339
-0.471,-2.285
-0.477,-1.113
-0.49,-0.131
-0.619,-1.289
-0.671,-0.808
-0.709,-0.8
-0.779,0.33
-0.788,-1.098
-0.712,-2.52
-0.8,0.356
-0.974,-0.878
-0.903,-0.895
-1.127,-3.317
-1.05,-2.103
-1.181,-1.631
-1.267,-2.384
-1.19,-2.048
-1.248,-2.002
-1.38,-1.725
-1.418,-0.009
-1.476,-1.162
-1.369,0.24
-1.427,-1.776
-1.581,-0.995
-1.583,-2.553
-1.63,-1.113
-1.496,-0.145
-1.488,-0.698
-1.663,-3.451
-1.658,-2.216
-1.709,-2.319
-1.705,-2.418
-1.866,-3.331
-1.768,-1.272
-1.802,-0.365
-2.001,0.028
-1.988,-1.838
-1.972,-3.586
-2.0,-2.371
-2.246,0.051
-2.091,-1.056
-2.268,-2.533
-2.369,-3.672
-2.273,-1.051
-2.457,-2.436
-2.359,0.039
-2.419,-2.684
-2.581,-0.877
-2.757,-2.255
-2.867,-1.888
-2.814,-3.251
3.14,-3.638
3.099,-2.657
3.076,-2.148
2.972,0.238
2.954,-0.825
2.844,-1.002
2.796,-2.141
2.707,-1.092
2.441,-3.418
2.562,-3.407
2.48,-2.539
2.375,0.128
2.426,-2.488
2.437,-0.293
2.404,-2.582
2.301,-1.426
2.145,-0.907
2.068,-0.859
2.042,-2.322
1.909,-1.837
1.939,-3.453
1.761,-0.783
1.626,0.035
1.635,-0.141
1.76,-0.046
1.575,0.113
1.682,-1.261
1.459,-0.956
1.459,-1.171
1.384,-0.383
1.404,0.26
1.22,-1.563
1.16,-2.462
0.958,-2.319
0.908,-2.185
0.841,-1.41
0.752,-3.574
0.72,-3.35
0.807,-0.014
0.777,-1.292
0.632,-1.412
0.723,-0.847
0.744,-1.48
0.566,-3.984
0.244,-3.682
-0.652,-3.948
-1.209,-3.912
-1.104,-3.724
-2.074,-3.645
-2.255,-4.001
-2.722,-3.955
-2.867,-4.059
-2.923,-3.818
2.049,-3.896
2.172,-3.849
2.01,-3.983
2.143,-3.791
1.849,-3.877
1.803,-3.761
1.676,-3.976
1.045,-3.744
1.075,-3.643
0.898,-3.818
0.496,-3.637
0.333,0.6
0.207,0.712
0.168,0.682
0.061,0.666
-0.122,0.616
-1.007,0.429
-1.539,0.495
-1.772,0.324
-2.114,0.623
-2.461,0.56
2.95,0.565
2.725,0.617
2.376,0.486
1.592,0.669
1.189,0.287
0.749,0.531
0.563,0.432
0.651,0.63
-1.682,-1.741
-2.878,-0.531
2.837,-2.713
2.396,-1.803
2.152,-0.047
-0.377,-1.203
-0.56,-2.905
-1.104,-2.911
-1.782,-2.376
2.681,-0.182
2.338,-0.755
2.333,-1.119
2.025,-1.874
1.67,-3.131
1.733,-1.493
1.392,-0.753
1.366,-2.19
1.18,-0.3
1.161,-0.103
1.108,-1.199
0.418,-1.293
0.233,-2.618
-1.292,-1.371
-2.801,-1.355
2.221,-2.692
-1.343,0.134
0.336,-3.762
1.093,-4.11
-0.152,0.283
-0.049,-1.013
-0.024,-2.183
-0.182,-0.156
-0.214,0.688
-0.102,-1.086
-0.149,0.268
-0.31,-1.522
-0.214,-2.003
-0.448,-0.174
-0.436,-1.229
-0.326,1.232
-0.387,-1.392
-0.393,-0.22
-0.406,0.762
-0.535,-0.396
-0.587,0.085
-0.625,0.093
-0.695,1.223
-0.704,-0.205
-0.628,-1.627
-0.716,1.249
-0.89,0.015
-0.819,-0.002
-1.043,-2.424
-0.966,-1.21
-1.097,-0.738
-1.183,-1.491
-1.106,-1.155
-1.164,-1.109
-1.296,-0.832
-1.334,0.884
-1.392,-0.269
-1.285,1.133
-1.343,-0.883
-1.497,-0.102
-1.499,-1.66
-1.546,-0.22
-1.412,0.748
-1.404,0.195
-1.579,-2.558
-1.574,-1.323
-1.625,-1.426
-1.621,-1.525
-1.782,-2.438
-1.684,-0.379
-1.718,0.528
-1.917,0.921
-1.904,-0.945
-1.888,-2.693
-1.916,-1.478
-2.162,0.944
-2.007,-0.163
-2.184,-1.64
-2.285,-2.779
-2.189,-0.158
-2.373,-1.543
-2.275,0.932
-2.335,-1.791
-2.497,0.016
-2.673,-1.362
-2.783,-0.995
-2.73,-2.358
-3.059,-2.745
-3.1,-1.764
-3.123,-1.255
3.056,1.131
3.038,0.068
2.928,-0.109
2.88,-1.248
2.791,-0.199
2.525,-2.525
2.646,-2.514
2.564,-1.646
2.459,1.021
2.51,-1.595
2.521,0.6
2.488,-1.689
2.385,-0.533
2.229,-0.014
2.152,0.034
2.126,-1.429
1.993,-0.944
2.023,-2.56
1.845,0.11
1.71,0.928
1.719,0.752
1.844,0.847
1.659,1.006
1.766,-0.368
1.543,-0.063
1.543,-0.278
1.468,0.51
1.488,1.153
1.304,-0.67
1.244,-1.569
1.042,-1.426
0.992,-1.292
0.925,-0.517
0.836,-2.681
0.804,-2.457
0.891,0.879
0.861,-0.399
0.716,-0.519
0.807,0.046
0.828,-0.587
0.65,-3.091
0.328,-2.789
-0.568,-3.055
-1.125,-3.019
-1.02,-2.831
-1.99,-2.752
-2.171,-3.108
-2.638,-3.062
-2.783,-3.166
-2.839,-2.925
2.133,-3.003
2.256,-2.956
2.094,-3.09
2.227,-2.898
1.933,-2.984
1.887,-2.868
1.76,-3.083
1.129,-2.851
1.159,-2.75
0.982,-2.925
0.58,-2.744
0.417,1.493
0.291,1.605
0.252,1.575
0.145,1.559
-0.038,1.509
-0.923,1.322
-1.455,1.388
-1.688,1.217
-2.03,1.516
-2.377,1.453
3.034,1.458
2.809,1.51
2.46,1.379
1.676,1.562
1.273,1.18
0.833,1.424
0.647,1.325
0.735,1.523
-1.598,-0.848
-2.794,0.362
2.921,-1.82
2.48,-0.91
2.236,0.846
-0.293,-0.31
-0.476,-2.012
-1.02,-2.018
-1.698,-1.483
2.765,0.711
2.422,0.138
2.417,-0.226
2.109,-0.981
1.754,-2.238
1.817,-0.6
1.476,0.14
1.45,-1.297
1.264,0.593
1.245,0.79
1.192,-0.306
0.502,-0.4
0.317,-1.725
-1.208,-0.478
-2.717,-0.462
2.305,-1.799
-1.259,1.027
0.42,-2.869
1.177,-3.217
0.103,-1.296
0.128,-2.466
-0.03,-0.439
-0.062,0.405
0.05,-1.369
0.003,-0.015
-0.158,-1.805
-0.062,-2.286
-0.296,-0.457
-0.284,-1.512
-0.174,0.949
-0.235,-1.675
-0.241,-0.503
-0.254,0.479
-0.383,-0.679
-0.435,-0.198
-0.473,-0.19
-0.543,0.94
-0.552,-0.488
-0.476,-1.91
-0.564,0.966
-0.738,-0.268
-0.667,-0.285
-0.891,-2.707
-0.814,-1.493
-0.945,-1.021
-1.031,-1.774
-0.954,-1.438
-1.012,-1.392
-1.144,-1.115
-1.182,0.601
-1.24,-0.552
-1.133,0.85
-1.191,-1.166
-1.345,-0.385
-1.347,-1.943
-1.394,-0.503
-1.26,0.465
-1.252,-0.088
-1.427,-2.841
-1.422,-1.606
-1.473,-1.709
-1.469,-1.808
-1.63,-2.721
-1.532,-0.662
-1.566,0.245
-1.765,0.638
-1.752,-1.228
-1.736,-2.976
-1.764,-1.761
-2.01,0.661
-1.855,-0.446
-2.032,-1.923
-2.133,-3.062
-2.037,-0.441
-2.221,-1.826
-2.123,0.649
-2.183,-2.074
-2.345,-0.267
-2.521,-1.645
-2.631,-1.278
-2.578,-2.641
-2.907,-3.028
-2.948,-2.047
-2.971,-1.538
-3.075,0.848
-3.093,-0.215
3.08,-0.392
3.032,-1.531
2.943,-0.482
2.677,-2.808
2.798,-2.797
2.716,-1.929
2.611,0.738
2.662,-1.878
2.673,0.317
2.64,-1.972
2.537,-0.816
2.381,-0.297
2.304,-0.249
2.278,-1.712
2.145,-1.227
2.175,-2.843
1.997,-0.173
1.862,0.645
1.871,0.469
1.996,0.564
1.811,0.723
1.918,-0.651
1.695,-0.346
1.695,-0.561
1.62,0.227
1.64,0.87
1.456,-0.953
1.396,-1.852
1.194,-1.709
1.144,-1.575
1.077,-0.8
0.988,-2.964
0.956,-2.74
1.043,0.596
1.013,-0.682
0.868,-0.802
0.959,-0.237
0.98,-0.87
0.802,-3.374
0.48,-3.072
-0.416,-3.338
-0.973,-3.302
-0.868,-3.114
-1.838,-3.035
-2.019,-3.391
-2.486,-3.345
-2.631,-3.449
-2.687,-3.208
2.285,-3.286
2.408,-3.239
2.246,-3.373
2.379,-3.181
2.085,-3.267
2.039,-3.151
1.912,-3.366
1.281,-3.134
1.311,-3.033
1.134,-3.208
0.732,-3.027
0.569,1.21
0.443,1.322
0.404,1.292
0.297,1.276
0.114,1.226
-0.771,1.039
-1.303,1.105
-1.536,0.934
-1.878,1.233
-2.225,1.17
-3.097,1.175
2.961,1.227
2.612,1.096
1.828,1.279
1.425,0.897
0.985,1.141
0.799,1.042
0.887,1.24
-1.446,-1.131
-2.642,0.079
3.073,-2.103
2.632,-1.193
2.388,0.563
-0.141,-0.593
-0.324,-2.295
-0.868,-2.301
-1.546,-1.766
2.917,0.428
2.574,-0.145
2.569,-0.509
2.261,-1.264
1.906,-2.521
1.969,-0.883
1.628,-0.143
1.602,-1.58
1.416,0.31
1.397,0.507
1.344,-0.589
0.654,-0.683
0.469,-2.008
-1.056,-0.761
-2.565,-0.745
2.457,-2.082
-1.107,0.744
0.572,-3.152
1.329,-3.5
0.025,-1.17
-0.133,0.857
-0.165,1.701
-0.053,-0.073
-0.1,1.281
-0.261,-0.509
-0.165,-0.99
-0.399,0.839
-0.387,-0.216
-0.277,2.245
-0.338,-0.379
-0.344,0.793
-0.357,1.775
-0.486,0.617
-0.538,1.098
-0.576,1.106
-0.646,2.236
-0.655,0.808
-0.579,-0.614
-0.667,2.262
-0.841,1.028
-0.77,1.011
-0.994,-1.411
-0.917,-0.197
-1.048,0.275
-1.134,-0.478
-1.057,-0.142
-1.115,-0.096
-1.247,0.181
-1.285,1.897
-1.343,0.744
-1.236,2.146
-1.294,0.13
-1.448,0.911
-1.45,-0.647
-1.497,0.793
-1.363,1.761
-1.355,1.208
-1.53,-1.545
-1.525,-0.31
-1.576,-0.413
-1.572,-0.512
-1.733,-1.425
-1.635,0.634
-1.669,1.541
-1.868,1.934
-1.855,0.068
-1.839,-1.68
-1.867,-0.465
-2.113,1.957
-1.958,0.85
-2.135,-0.627
-2.236,-1.766
-2.14,0.855
-2.324,-0.53
-2.226,1.945
-2.286,-0.778
-2.448,1.029
-2.624,-0.349
-2.734,0.018
-2.681,-1.345
-3.01,-1.732
-3.051,-0.751
-3.074,-0.242
3.105,2.144
3.087,1.081
2.977,0.904
2.929,-0.235
2.84,0.814
2.574,-1.512
2.695,-1.501
2.613,-0.633
2.508,2.034
2.559,-0.582
2.57,1.613
2.537,-0.676
2.434,0.48
2.278,0.999
2.201,1.047
2.175,-0.416
2.042,0.069
2.072,-1.547
1.894,1.123
1.759,1.941
1.768,1.765
1.893,1.86
1.708,2.019
1.815,0.645
1.592,0.95
1.592,0.735
1.517,1.523
1.537,2.166
1.353,0.343
1.293,-0.556
1.091,-0.413
1.041,-0.279
0.974,0.496
0.885,-1.668
0.853,-1.444
0.94,1.892
0.91,0.614
0.765,0.494
0.856,1.059
0.877,0.426
0.699,-2.078
0.377,-1.776
-0.519,-2.042
-1.076,-2.006
-0.971,-1.818
-1.941,-1.739
-2.122,-2.095
-2.589,-2.049
-2.734,-2.153
-2.79,-1.912
2.182,-1.99
2.305,-1.943
2.143,-2.077
2.276,-1.885
1.982,-1.971
1.936,-1.855
1.809,-2.07
1.178,-1.838
1.208,-1.737
1.031,-1.912
0.629,-1.731
0.466,2.506
0.34,2.618
0.301,2.588
0.194,2.572
0.011,2.522
-0.874,2.335
-1.406,2.401
-1.639,2.23
-1.981,2.529
-2.328,2.466
3.083,2.471
2.858,2.523
2.509,2.392
1.725,2.575
1.322,2.193
0.882,2.437
0.696,2.338
0.784,2.536
-1.549,0.165
-2.745,1.375
2.97,-0.807
2.529,0.103
2.285,1.859
-0.244,0.703
-0.427,-0.999
-0.971,-1.005
-1.649,-0.47
2.814,1.724
2.471,1.151
2.466,0.787
2.158,0.032
1.803,-1.225
1.866,0.413
1.525,1.153
1.499,-0.284
1.313,1.606
1.294,1.803
1.241,0.707
0.551,0.613
0.366,-0.712
-1.159,0.535
-2.668,0.551
2.354,-0.786
-1.21,2.04
0.469,-1.856
1.226,-2.204
-0.158,2.027
-0.19,2.871
-0.078,1.097
-0.125,2.451
-0.286,0.661
-0.19,0.18
-0.424,2.009
-0.412,0.954
-0.302,3.415
-0.363,0.791
-0.369,1.963
-0.382,2.945
-0.511,1.787
-0.563,2.268
-0.601,2.276
-0.671,3.406
-0.68,1.978
-0.604,0.556
-0.692,3.432
-0.866,2.198
-0.795,2.181
-1.019,-0.241
-0.942,0.973
-1.073,1.445
-1.159,0.692
-1.082,1.028
-1.14,1.074
-1.272,1.351
-1.31,3.067
-1.368,1.914
-1.261,3.316
-1.319,1.3
-1.473,2.081
-1.475,0.523
-1.522,1.963
-1.388,2.931
-1.38,2.378
-1.555,-0.375
-1.55,0.86
-1.601,0.757
-1.597,0.658
-1.758,-0.255
-1.66,1.804
-1.694,2.711
-1.893,3.104
-1.88,1.238
-1.864,-0.51
-1.892,0.705
-2.138,3.127
-1.983,2.02
-2.16,0.543
-2.261,-0.596
-2.165,2.025
-2.349,0.64
-2.251,3.115
-2.311,0.392
-2.473,2.199
-2.649,0.821
-2.759,1.188
-2.706,-0.175
-3.035,-0.562
-3.076,0.419
-3.099,0.928
3.08,3.314
3.062,2.251
2.952,2.074
2.904,0.935
2.815,1.984
2.549,-0.342
2.67,-0.331
2.588,0.537
2.483,3.204
2.534,0.588
2.545,2.783
2.512,0.494
2.409,1.65
2.253,2.169
2.176,2.217
2.15,0.754
2.017,1.239
2.047,-0.377
1.869,2.293
1.734,3.111
1.743,2.935
1.868,3.03
1.683,3.189
1.79,1.815
1.567,2.12
1.567,1.905
1.492,2.693
1.512,3.336
1.328,1.513
1.268,0.614
1.066,0.757
1.016,0.891
0.949,1.666
0.86,-0.498
0.828,-0.274
0.915,3.062
0.885,1.784
0.74,1.664
0.831,2.229
0.852,1.596
0.674,-0.908
0.352,-0.606
-0.544,-0.872
-1.101,-0.836
-0.996,-0.648
-1.966,-0.569
-2.147,-0.925
-2.614,-0.879
-2.759,-0.983
-2.815,-0.742
2.157,-0.82
2.28,-0.773
2.118,-0.907
2.251,-0.715
1.957,-0.801
1.911,-0.685
1.784,-0.9
1.153,-0.668
1.183,-0.567
1.006,-0.742
0.604,-0.561
0.441,3.676
0.315,3.788
0.276,3.758
0.169,3.742
-0.014,3.692
-0.899,3.505
-1.431,3.571
-1.664,3.4
-2.006,3.699
-2.353,3.636
3.058,3.641
2.833,3.693
2.484,3.562
1.7,3.745
1.297,3.363
0.857,3.607
0.671,3.508
0.759,3.706
-1.574,1.335
-2.77,2.545
2.945,0.363
2.504,1.273
2.26,3.029
-0.269,1.873
-0.452,0.171
-0.996,0.165
-1.674,0.7
2.789,2.894
2.446,2.321
2.441,1.957
2.133,1.202
1.778,-0.055
1.841,1.583
1.5,2.323
1.474,0.886
1.288,2.776
1.269,2.973
1.216,1.877
0.526,1.783
0.341,0.458
-1.184,1.705
-2.693,1.721
2.329,0.384
-1.235,3.21
0.444,-0.686
1.201,-1.034
-0.032,0.844
0.08,-0.93
0.033,0.424
-0.128,-1.366
-0.032,-1.847
-0.266,-0.018
-0.254,-1.073
-0.144,1.388
-0.205,-1.236
-0.211,-0.064
-0.224,0.918
-0.353,-0.24
-0.405,0.241
-0.443,0.249
-0.513,1.379
-0.522,-0.049
-0.446,-1.471
-0.534,1.405
-0.708,0.171
-0.637,0.154
-0.861,-2.268
-0.784,-1.054
-0.915,-0.582
-1.001,-1.335
-0.924,-0.999
-0.982,-0.953
-1.114,-0.676
-1.152,1.04
-1.21,-0.113
-1.103,1.289
-1.161,-0.727
-1.315,0.054
-1.317,-1.504
-1.364,-0.064
-1.23,0.904
-1.222,0.351
-1.397,-2.402
-1.392,-1.167
-1.443,-1.27
-1.439,-1.369
-1.6,-2.282
-1.502,-0.223
-1.536,0.684
-1.735,1.077
-1.722,-0.789
-1.706,-2.537
-1.734,-1.322
-1.98,1.1
-1.825,-0.007
-2.002,-1.484
-2.103,-2.623
-2.007,-0.002
-2.191,-1.387
-2.093,1.088
-2.153,-1.635
-2.315,0.172
-2.491,-1.206
-2.601,-0.839
-2.548,-2.202
-2.877,-2.589
-2.918,-1.608
-2.941,-1.099
-3.045,1.287
-3.063,0.224
3.11,0.047
3.062,-1.092
2.973,-0.043
2.707,-2.369
2.828,-2.358
2.746,-1.49
2.641,1.177
2.692,-1.439
2.703,0.756
2.67,-1.533
2.567,-0.377
2.411,0.142
2.334,0.19
2.308,-1.273
2.175,-0.788
2.205,-2.404
2.027,0.266
1.892,1.084
1.901,0.908
2.026,1.003
1.841,1.162
1.948,-0.212
1.725,0.093
1.725,-0.122
1.65,0.666
1.67,1.309
1.486,-0.514
1.426,-1.413
1.224,-1.27
1.174,-1.136
1.107,-0.361
1.018,-2.525
0.986,-2.301
1.073,1.035
1.043,-0.243
0.898,-0.363
0.989,0.202
1.01,-0.431
0.832,-2.935
0.51,-2.633
-0.386,-2.899
-0.943,-2.863
-0.838,-2.675
-1.808,-2.596
-1.989,-2.952
-2.456,-2.906
-2.601,-3.01
-2.657,-2.769
2.315,-2.847
2.438,-2.8
2.276,-2.934
2.409,-2.742
2.115,-2.828
2.069,-2.712
1.942,-2.927
1.311,-2.695
1.341,-2.594
1.164,-2.769
0.762,-2.588
0.599,1.649
0.473,1.761
0.434,1.731
0.327,1.715
0.144,1.665
-0.741,1.478
-1.273,1.544
-1.506,1.373
-1.848,1.672
-2.195,1.609
-3.067,1.614
2.991,1.666
2.642,1.535
1.858,1.718
1.455,1.336
1.015,1.58
0.829,1.481
0.917,1.679
-1.416,-0.692
-2.612,0.518
3.103,-1.664
2.662,-0.754
2.418,1.002
-0.111,-0.154
-0.294,-1.856
-0.838,-1.862
-1.516,-1.327
2.947,0.867
2.604,0.294
2.599,-0.07
2.291,-0.825
1.936,-2.082
1.999,-0.444
1.658,0.296
1.632,-1.141
1.446,0.749
1.427,0.946
1.374,-0.15
0.684,-0.244
0.499,-1.569
-1.026,-0.322
-2.535,-0.306
2.487,-1.643
-1.077,1.183
0.602,-2.713
1.359,-3.061
0.112,-1.774
0.065,-0.42
-0.096,-2.21
0.0,-2.691
-0.234,-0.862
-0.222,-1.917
-0.112,0.544
-0.173,-2.08
-0.179,-0.908
-0.192,0.074
-0.321,-1.084
-0.373,-0.603
-0.411,-0.595
-0.481,0.535
-0.49,-0.893
-0.414,-2.315
-0.502,0.561
-0.676,-0.673
-0.605,-0.69
-0.829,-3.112
-0.752,-1.898
-0.883,-1.426
-0.969,-2.179
-0.892,-1.843
-0.95,-1.797
-1.082,-1.52
-1.12,0.196
-1.178,-0.957
-1.071,0.445
-1.129,-1.571
-1.283,-0.79
-1.285,-2.348
-1.332,-0.908
-1.198,0.06
-1.19,-0.493
-1.365,-3.246
-1.36,-2.011
-1.411,-2.114
-1.407,-2.213
-1.568,-3.126
-1.47,-1.067
-1.504,-0.16
-1.703,0.233
-1.69,-1.633
-1.674,-3.381
-1.702,-2.166
-1.948,0.256
-1.793,-0.851
-1.97,-2.328
-2.071,-3.467
-1.975,-0.846
-2.159,-2.231
-2.061,0.244
-2.121,-2.479
-2.283,-0.672
-2.459,-2.05
-2.569,-1.683
-2.516,-3.046
-2.845,-3.433
-2.886,-2.452
-2.909,-1.943
-3.013,0.443
-3.031,-0.62
-3.141,-0.797
3.094,-1.936
3.005,-0.887
2.739,-3.213
2.86,-3.202
2.778,-2.334
2.673,0.333
2.724,-2.283
2.735,-0.088
2.702,-2.377
2.599,-1.221
2.443,-0.702
2.366,-0.654
2.34,-2.117
2.207,-1.632
2.237,-3.248
2.059,-0.578
1.924,0.24
1.933,0.064
2.058,0.159
1.873,0.318
1.98,-1.056
1.757,-0.751
1.757,-0.966
1.682,-0.178
1.702,0.465
1.518,-1.358
1.458,-2.257
1.256,-2.114
1.206,-1.98
1.139,-1.205
1.05,-3.369
1.018,-3.145
1.105,0.191
1.075,-1.087
0.93,-1.207
1.021,-0.642
1.042,-1.275
0.864,-3.779
0.542,-3.477
-0.354,-3.743
-0.911,-3.707
-0.806,-3.519
-1.776,-3.44
-1.957,-3.796
-2.424,-3.75
-2.569,-3.854
-2.625,-3.613
2.347,-3.691
2.47,-3.644
2.308,-3.778
2.441,-3.586
2.147,-3.672
2.101,-3.556
1.974,-3.771
1.343,-3.539
1.373,-3.438
1.196,-3.613
0.794,-3.432
0.631,0.805
0.505,0.917
0.466,0.887
0.359,0.871
0.176,0.821
-0.709,0.634
-1.241,0.7
-1.474,0.529
-1.816,0.828
-2.163,0.765
-3.035,0.77
3.023,0.822
2.674,0.691
1.89,0.874
1.487,0.492
1.047,0.736
0.861,0.637
0.949,0.835
-1.384,-1.536
-2.58,-0.326
3.135,-2.508
2.694,-1.598
2.45,0.158
-0.079,-0.998
-0.262,-2.7
-0.806,-2.706
-1.484,-2.171
2.979,0.023
2.636,-0.55
2.631,-0.914
2.323,-1.669
1.968,-2.926
2.031,-1.288
1.69,-0.548
1.664,-1.985
1.478,-0.095
1.459,0.102
1.406,-0.994
0.716,-1.088
0.531,-2.413
-0.994,-1.166
-2.503,-1.15
2.519,-2.487
-1.045,0.339
0.634,-3.557
1.391,-3.905
-0.047,1.354
-0.208,-0.436
-0.112,-0.917
-0.346,0.912
-0.334,-0.143
-0.224,2.318
-0.285,-0.306
-0.291,0.866
-0.304,1.848
-0.433,0.69
-0.485,1.171
-0.523,1.179
-0.593,2.309
-0.602,0.881
-0.526,-0.541
-0.614,2.335
-0.788,1.101
-0.717,1.084
-0.941,-1.338
-0.864,-0.124
-0.995,0.348
-1.081,-0.405
-1.004,-0.069
-1.062,-0.023
-1.194,0.254
-1.232,1.97
-1.29,0.817
-1.183,2.219
-1.241,0.203
-1.395,0.984
-1.397,-0.574
-1.444,0.866
-1.31,1.834
-1.302,1.281
-1.477,-1.472
-1.472,-0.237
-1.523,-0.34
-1.519,-0.439
-1.68,-1.352
-1.582,0.707
-1.616,1.614
-1.815,2.007
-1.802,0.141
-1.786,-1.607
-1.814,-0.392
-2.06,2.03
-1.905,0.923
-2.082,-0.554
-2.183,-1.693
-2.087,0.928
-2.271,-0.457
-2.173,2.018
-2.233,-0.705
-2.395,1.102
-2.571,-0.276
-2.681,0.091
-2.628,-1.272
-2.957,-1.659
-2.998,-0.678
-3.021,-0.169
-3.125,2.217
3.14,1.154
3.03,0.977
2.982,-0.162
2.893,0.887
2.627,-1.439
2.748,-1.428
2.666,-0.56
2.561,2.107
2.612,-0.509
2.623,1.686
2.59,-0.603
2.487,0.553
2.331,1.072
2.254,1.12
2.228,-0.343
2.095,0.142
2.125,-1.474
1.947,1.196
1.812,2.014
1.821,1.838
1.946,1.933
1.761,2.092
1.868,0.718
1.645,1.023
1.645,0.808
1.57,1.596
1.59,2.239
1.406,0.416
1.346,-0.483
1.144,-0.34
1.094,-0.206
1.027,0.569
0.938,-1.595
0.906,-1.371
0.993,1.965
0.963,0.687
0.818,0.567
0.909,1.132
0.93,0.499
0.752,-2.005
0.43,-1.703
-0.466,-1.969
-1.023,-1.933
-0.918,-1.745
-1.888,-1.666
-2.069,-2.022
-2.536,-1.976
-2.681,-2.08
-2.737,-1.839
2.235,-1.917
2.358,-1.87
2.196,-2.004
2.329,-1.812
2.035,-1.898
1.989,-1.782
1.862,-1.997
1.231,-1.765
1.261,-1.664
1.084,-1.839
0.682,-1.658
0.519,2.579
0.393,2.691
0.354,2.661
0.247,2.645
0.064,2.595
-0.821,2.408
-1.353,2.474
-1.586,2.303
-1.928,2.602
-2.275,2.539
3.136,2.544
2.911,2.596
2.562,2.465
1.778,2.648
1.375,2.266
0.935,2.51
0.749,2.411
0.837,2.609
-1.496,0.238
-2.692,1.448
3.023,-0.734
2.582,0.176
2.338,1.932
-0.191,0.776
-0.374,-0.926
-0.918,-0.932
-1.596,-0.397
2.867,1.797
2.524,1.224
2.519,0.86
2.211,0.105
1.856,-1.152
1.919,0.486
1.578,1.226
1.552,-0.211
1.366,1.679
1.347,1.876
1.294,0.78
0.604,0.686
0.419,-0.639
-1.106,0.608
-2.615,0.624
2.407,-0.713
-1.157,2.113
0.522,-1.783
1.279,-2.131
-0.161,-1.79
-0.065,-2.271
-0.299,-0.442
-0.287,-1.497
-0.177,0.964
-0.238,-1.66
-0.244,-0.488
-0.257,0.494
-0.386,-0.664
-0.438,-0.183
-0.476,-0.175
-0.546,0.955
-0.555,-0.473
-0.479,-1.895
-0.567,0.981
-0.741,-0.253
-0.67,-0.27
-0.894,-2.692
-0.817,-1.478
-0.948,-1.006
-1.034,-1.759
-0.957,-1.423
-1.015,-1.377
-1.147,-1.1
-1.185,0.616
-1.243,-0.537
-1.136,0.865
-1.194,-1.151
-1.348,-0.37
-1.35,-1.928
-1.397,-0.488
-1.263,0.48
-1.255,-0.073
-1.43,-2.826
-1.425,-1.591
-1.476,-1.694
-1.472,-1.793
-1.633,-2.706
-1.535,-0.647
-1.569,0.26
-1.768,0.653
-1.755,-1.213
-1.739,-2.961
-1.767,-1.746
-2.013,0.676
-1.858,-0.431
-2.035,-1.908
-2.136,-3.047
-2.04,-0.426
-2.224,-1.811
-2.126,0.664
-2.186,-2.059
-2.348,-0.252
-2.524,-1.63
-2.634,-1.263
-2.581,-2.626
-2.91,-3.013
-2.951,-2.032
-2.974,-1.523
-3.078,0.863
-3.096,-0.2
3.077,-0.377
3.029,-1.516
2.94,-0.467
2.674,-2.793
2.795,-2.782
2.713,-1.914
2.608,0.753
2.659,-1.863
2.67,0.332
2.637,-1.957
2.534,-0.801
2.378,-0.282
2.301,-0.234
2.275,-1.697
2.142,-1.212
2.172,-2.828
1.994,-0.158
1.859,0.66
1.868,0.484
1.993,0.579
1.808,0.738
1.915,-0.636
1.692,-0.331
1.692,-0.546
1.617,0.242
1.637,0.885
1.453,-0.938
1.393,-1.837
1.191,-1.694
1.141,-1.56
1.074,-0.785
0.985,-2.949
0.953,-2.725
1.04,0.611
1.01,-0.667
0.865,-0.787
0.956,-0.222
0.977,-0.855
0.799,-3.359
0.477,-3.057
-0.419,-3.323
-0.976,-3.287
-0.871,-3.099
-1.841,-3.02
-2.022,-3.376
-2.489,-3.33
-2.634,-3.434
-2.69,-3.193
2.282,-3.271
2.405,-3.224
2.243,-3.358
2.376,-3.166
2.082,-3.252
2.036,-3.136
1.909,-3.351
1.278,-3.119
1.308,-3.018
1.131,-3.193
0.729,-3.012
0.566,1.225
0.44,1.337
0.401,1.307
0.294,1.291
0.111,1.241
-0.774,1.054
-1.306,1.12
-1.539,0.949
-1.881,1.248
-2.228,1.185
-3.1,1.19
2.958,1.242
2.609,1.111
1.825,1.294
1.422,0.912
0.982,1.156
0.796,1.057
0.884,1.255
-1.449,-1.116
-2.645,0.094
3.07,-2.088
2.629,-1.178
2.385,0.578
-0.144,-0.578
-0.327,-2.28
-0.871,-2.286
-1.549,-1.751
2.914,0.443
2.571,-0.13
2.566,-0.494
2.258,-1.249
1.903,-2.506
1.966,-0.868
1.625,-0.128
1.599,-1.565
1.413,0.325
1.394,0.522
1.341,-0.574
0.651,-0.668
0.466,-1.993
-1.059,-0.746
-2.568,-0.73
2.454,-2.067
-1.11,0.759
0.569,-3.137
1.326,-3.485
0.096,-0.481
-0.138,1.348
-0.126,0.293
-0.016,2.754
-0.077,0.13
-0.083,1.302
-0.096,2.284
-0.225,1.126
-0.277,1.607
-0.315,1.615
-0.385,2.745
-0.394,1.317
-0.318,-0.105
-0.406,2.771
-0.58,1.537
-0.509,1.52
-0.733,-0.902
-0.656,0.312
-0.787,0.784
-0.873,0.031
-0.796,0.367
-0.854,0.413
-0.986,0.69
-1.024,2.406
-1.082,1.253
-0.975,2.655
-1.033,0.639
-1.187,1.42
-1.189,-0.138
-1.236,1.302
-1.102,2.27
-1.094,1.717
-1.269,-1.036
-1.264,0.199
-1.315,0.096
-1.311,-0.003
-1.472,-0.916
-1.374,1.143
-1.408,2.05
-1.607,2.443
-1.594,0.577
-1.578,-1.171
-1.606,0.044
-1.852,2.466
-1.697,1.359
-1.874,-0.118
-1.975,-1.257
-1.879,1.364
-2.063,-0.021
-1.965,2.454
-2.025,-0.269
-2.187,1.538
-2.363,0.16
-2.473,0.527
-2.42,-0.836
-2.749,-1.223
-2.79,-0.242
-2.813,0.267
-2.917,2.653
-2.935,1.59
-3.045,1.413
-3.093,0.274
3.101,1.323
2.835,-1.003
2.956,-0.992
2.874,-0.124
2.769,2.543
2.82,-0.073
2.831,2.122
2.798,-0.167
2.695,0.989
2.539,1.508
2.462,1.556
2.436,0.093
2.303,0.578
2.333,-1.038
2.155,1.632
2.02,2.45
2.029,2.274
2.154,2.369
1.969,2.528
2.076,1.154
1.853,1.459
1.853,1.244
1.778,2.032
1.798,2.675
1.614,0.852
1.554,-0.047
1.352,0.096
1.302,0.23
1.235,1.005
1.146,-1.159
1.114,-0.935
1.201,2.401
1.171,1.123
1.026,1.003
1.117,1.568
1.138,0.935
0.96,-1.569
0.638,-1.267
-0.258,-1.533
-0.815,-1.497
-0.71,-1.309
-1.68,-1.23
-1.861,-1.586
-2.328,-1.54
-2.473,-1.644
-2.529,-1.403
2.443,-1.481
2.566,-1.434
2.404,-1.568
2.537,-1.376
2.243,-1.462
2.197,-1.346
2.07,-1.561
1.439,-1.329
1.469,-1.228
1.292,-1.403
0.89,-1.222
0.727,3.015
0.601,3.127
0.562,3.097
0.455,3.081
0.272,3.031
-0.613,2.844
-1.145,2.91
-1.378,2.739
-1.72,3.038
-2.067,2.975
-2.939,2.98
3.119,3.032
2.77,2.901
1.986,3.084
1.583,2.702
1.143,2.946
0.957,2.847
1.045,3.045
-1.288,0.674
-2.484,1.884
-3.052,-0.298
2.79,0.612
2.546,2.368
0.017,1.212
-0.166,-0.49
-0.71,-0.496
-1.388,0.039
3.075,2.233
2.732,1.66
2.727,1.296
2.419,0.541
2.064,-0.716
2.127,0.922
1.786,1.662
1.76,0.225
1.574,2.115
1.555,2.312
1.502,1.216
0.812,1.122
0.627,-0.203
-0.898,1.044
-2.407,1.06
2.615,-0.277
-0.949,2.549
0.73,-1.347
1.487,-1.695
-0.234,1.829
-0.222,0.774
-0.112,3.235
-0.173,0.611
-0.179,1.783
-0.192,2.765
-0.321,1.607
-0.373,2.088
-0.411,2.096
-0.481,3.226
-0.49,1.798
-0.414,0.376
-0.502,3.252
-0.676,2.018
-0.605,2.001
-0.829,-0.421
-0.752,0.793
-0.883,1.265
-0.969,0.512
-0.892,0.848
-0.95,0.894
-1.082,1.171
-1.12,2.887
-1.178,1.734
-1.071,3.136
-1.129,1.12
-1.283,1.901
-1.285,0.343
-1.332,1.783
-1.198,2.751
-1.19,2.198
-1.365,-0.555
-1.36,0.68
-1.411,0.577
-1.407,0.478
-1.568,-0.435
-1.47,1.624
-1.504,2.531
-1.703,2.924
-1.69,1.058
-1.674,-0.69
-1.702,0.525
-1.948,2.947
-1.793,1.84
-1.97,0.363
-2.071,-0.776
-1.975,1.845
-2.159,0.46
-2.061,2.935
-2.121,0.212
-2.283,2.019
-2.459,0.641
-2.569,1.008
-2.516,-0.355
-2.845,-0.742
-2.886,0.239
-2.909,0.748
-3.013,3.134
-3.031,2.071
-3.141,1.894
3.094,0.755
3.005,1.804
2.739,-0.522
2.86,-0.511
2.778,0.357
2.673,3.024
2.724,0.408
2.735,2.603
2.702,0.314
2.599,1.47
2.443,1.989
2.366,2.037
2.34,0.574
2.207,1.059
2.237,-0.557
2.059,2.113
1.924,2.931
1.933,2.755
2.058,2.85
1.873,3.009
1.98,1.635
1.757,1.94
1.757,1.725
1.682,2.513
1.702,3.156
1.518,1.333
1.458,0.434
1.256,0.577
1.206,0.711
1.139,1.486
1.05,-0.678
1.018,-0.454
1.105,2.882
1.075,1.604
0.93,1.484
1.021,2.049
1.042,1.416
0.864,-1.088
0.542,-0.786
-0.354,-1.052
-0.911,-1.016
-0.806,-0.828
-1.776,-0.749
-1.957,-1.105
-2.424,-1.059
-2.569,-1.163
-2.625,-0.922
2.347,-1.0
2.47,-0.953
2.308,-1.087
2.441,-0.895
2.147,-0.981
2.101,-0.865
1.974,-1.08
1.343,-0.848
1.373,-0.747
1.196,-0.922
0.794,-0.741
0.631,3.496
0.505,3.608
0.466,3.578
0.359,3.562
0.176,3.512
-0.709,3.325
-1.241,3.391
-1.474,3.22
-1.816,3.519
-2.163,3.456
-3.035,3.461
3.023,3.513
2.674,3.382
1.89,3.565
1.487,3.183
1.047,3.427
0.861,3.328
0.949,3.526
-1.384,1.155
-2.58,2.365
3.135,0.183
2.694,1.093
2.45,2.849
-0.079,1.693
-0.262,-0.009
-0.806,-0.015
-1.484,0.52
2.979,2.714
2.636,2.141
2.631,1.777
2.323,1.022
1.968,-0.235
2.031,1.403
1.69,2.143
1.664,0.706
1.478,2.596
1.459,2.793
1.406,1.697
0.716,1.603
0.531,0.278
-0.994,1.525
-2.503,1.541
2.519,0.204
-1.045,3.03
0.634,-0.866
1.391,-1.214
0.012,-1.055
0.122,1.406
0.061,-1.218
0.055,-0.046
0.042,0.936
-0.087,-0.222
-0.139,0.259
-0.177,0.267
-0.247,1.397
-0.256,-0.031
-0.18,-1.453
-0.268,1.423
-0.442,0.189
-0.371,0.172
-0.595,-2.25
-0.518,-1.036
-0.649,-0.564
-0.735,-1.317
-0.658,-0.981
-0.716,-0.935
-0.848,-0.658
-0.886,1.058
-0.944,-0.095
-0.837,1.307
-0.895,-0.709
-1.049,0.072
-1.051,-1.486
-1.098,-0.046
-0.964,0.922
-0.956,0.369
-1.131,-2.384
-1.126,-1.149
-1.177,-1.252
-1.173,-1.351
-1.334,-2.264
-1.236,-0.205
-1.27,0.702
-1.469,1.095
-1.456,-0.771
-1.44,-2.519
-1.468,-1.304
-1.714,1.118
-1.559,0.011
-1.736,-1.466
-1.837,-2.605
-1.741,0.016
-1.925,-1.369
-1.827,1.106
-1.887,-1.617
-2.049,0.19
-2.225,-1.188
-2.335,-0.821
-2.282,-2.184
-2.611,-2.571
-2.652,-1.59
-2.675,-1.081
-2.779,1.305
-2.797,0.242
-2.907,0.065
-2.955,-1.074
-3.044,-0.025
2.973,-2.351
3.094,-2.34
3.012,-1.472
2.907,1.195
2.958,-1.421
2.969,0.774
2.936,-1.515
2.833,-0.359
2.677,0.16
2.6,0.208
2.574,-1.255
2.441,-0.77
2.471,-2.386
2.293,0.284
2.158,1.102
2.167,0.926
2.292,1.021
2.107,1.18
2.214,-0.194
1.991,0.111
1.991,-0.104
1.916,0.684
1.936,1.327
1.752,-0.496
1.692,-1.395
1.49,-1.252
1.44,-1.118
1.373,-0.343
1.284,-2.507
1.252,-2.283
1.339,1.053
1.309,-0.225
1.164,-0.345
1.255,0.22
1.276,-0.413
1.098,-2.917
0.776,-2.615
-0.12,-2.881
-0.677,-2.845
-0.572,-2.657
-1.542,-2.578
-1.723,-2.934
-2.19,-2.888
-2.335,-2.992
-2.391,-2.751
2.581,-2.829
2.704,-2.782
2.542,-2.916
2.675,-2.724
2.381,-2.81
2.335,-2.694
2.208,-2.909
1.577,-2.677
1.607,-2.576
1.43,-2.751
1.028,-2.57
0.865,1.667
0.739,1.779
0.7,1.749
0.593,1.733
0.41,1.683
-0.475,1.496
-1.007,1.562
-1.24,1.391
-1.582,1.69
-1.929,1.627
-2.801,1.632
-3.026,1.684
2.908,1.553
2.124,1.736
1.721,1.354
1.281,1.598
1.095,1.499
1.183,1.697
-1.15,-0.674
-2.346,0.536
-2.914,-1.646
2.928,-0.736
2.684,1.02
0.155,-0.136
-0.028,-1.838
-0.572,-1.844
-1.25,-1.309
-3.07,0.885
2.87,0.312
2.865,-0.052
2.557,-0.807
2.202,-2.064
2.265,-0.426
1.924,0.314
1.898,-1.123
1.712,0.767
1.693,0.964
1.64,-0.132
0.95,-0.226
0.765,-1.551
-0.76,-0.304
-2.269,-0.288
2.753,-1.625
-0.811,1.201
0.868,-2.695
1.625,-3.043
0.11,2.461
0.049,-0.163
0.043,1.009
0.03,1.991
-0.099,0.833
-0.151,1.314
-0.189,1.322
-0.259,2.452
-0.268,1.024
-0.192,-0.398
-0.28,2.478
-0.454,1.244
-0.383,1.227
-0.607,-1.195
-0.53,0.019
-0.661,0.491
-0.747,-0.262
-0.67,0.074
-0.728,0.12
-0.86,0.397
-0.898,2.113
-0.956,0.96
-0.849,2.362
-0.907,0.346
-1.061,1.127
-1.063,-0.431
-1.11,1.009
-0.976,1.977
-0.968,1.424
-1.143,-1.329
-1.138,-0.094
-1.189,-0.197
-1.185,-0.296
-1.346,-1.209
-1.248,0.85
-1.282,1.757
-1.481,2.15
-1.468,0.284
-1.452,-1.464
-1.48,-0.249
-1.726,2.173
-1.571,1.066
-1.748,-0.411
-1.849,-1.55
-1.753,1.071
-1.937,-0.314
-1.839,2.161
-1.899,-0.562
-2.061,1.245
-2.237,-0.133
-2.347,0.234
-2.294,-1.129
-2.623,-1.516
-2.664,-0.535
-2.687,-0.026
-2.791,2.36
-2.809,1.297
-2.919,1.12
-2.967,-0.019
-3.056,1.03
2.961,-1.296
3.082,-1.285
3.0,-0.417
2.895,2.25
2.946,-0.366
2.957,1.829
2.924,-0.46
2.821,0.696
2.665,1.215
2.588,1.263
2.562,-0.2
2.429,0.285
2.459,-1.331
2.281,1.339
2.146,2.157
2.155,1.981
2.28,2.076
2.095,2.235
2.202,0.861
1.979,1.166
1.979,0.951
1.904,1.739
1.924,2.382
1.74,0.559
1.68,-0.34
1.478,-0.197
1.428,-0.063
1.361,0.712
1.272,-1.452
1.24,-1.228
1.327,2.108
1.297,0.83
1.152,0.71
1.243,1.275
1.264,0.642
1.086,-1.862
0.764,-1.56
-0.132,-1.826
-0.689,-1.79
-0.584,-1.602
-1.554,-1.523
-1.735,-1.879
-2.202,-1.833
-2.347,-1.937
-2.403,-1.696
2.569,-1.774
2.692,-1.727
2.53,-1.861
2.663,-1.669
2.369,-1.755
2.323,-1.639
2.196,-1.854
1.565,-1.622
1.595,-1.521
1.418,-1.696
1.016,-1.515
0.853,2.722
0.727,2.834
0.688,2.804
0.581,2.788
0.398,2.738
-0.487,2.551
-1.019,2.617
-1.252,2.446
-1.594,2.745
-1.941,2.682
-2.813,2.687
-3.038,2.739
2.896,2.608
2.112,2.791
1.709,2.409
1.269,2.653
1.083,2.554
1.171,2.752
-1.162,0.381
-2.358,1.591
-2.926,-0.591
2.916,0.319
2.672,2.075
0.143,0.919
-0.04,-0.783
-0.584,-0.789
-1.262,-0.254
-3.082,1.94
2.858,1.367
2.853,1.003
2.545,0.248
2.19,-1.009
2.253,0.629
1.912,1.369
1.886,-0.068
1.7,1.822
1.681,2.019
1.628,0.923
0.938,0.829
0.753,-0.496
-0.772,0.751
-2.281,0.767
2.741,-0.57
-0.823,2.256
0.856,-1.64
1.613,-1.988
-0.061,-2.624
-0.067,-1.452
-0.08,-0.47
-0.209,-1.628
-0.261,-1.147
-0.299,-1.139
-0.369,-0.009
-0.378,-1.437
-0.302,-2.859
-0.39,0.017
-0.564,-1.217
-0.493,-1.234
-0.717,-3.656
-0.64,-2.442
-0.771,-1.97
-0.857,-2.723
-0.78,-2.387
-0.838,-2.341
-0.97,-2.064
-1.008,-0.348
-1.066,-1.501
-0.959,-0.099
-1.017,-2.115
-1.171,-1.334
-1.173,-2.892
-1.22,-1.452
-1.086,-0.484
-1.078,-1.037
-1.253,-3.79
-1.248,-2.555
-1.299,-2.658
-1.295,-2.757
-1.456,-3.67
-1.358,-1.611
-1.392,-0.704
-1.591,-0.311
-1.578,-2.177
-1.562,-3.925
-1.59,-2.71
-1.836,-0.288
-1.681,-1.395
-1.858,-2.872
-1.959,-4.011
-1.863,-1.39
-2.047,-2.775
-1.949,-0.3
-2.009,-3.023
-2.171,-1.216
-2.347,-2.594
-2.457,-2.227
-2.404,-3.59
-2.733,-3.977
-2.774,-2.996
-2.797,-2.487
-2.901,-0.101
-2.919,-1.164
-3.029,-1.341
-3.077,-2.48
3.117,-1.431
2.851,-3.757
2.972,-3.746
2.89,-2.878
2.785,-0.211
2.836,-2.827
2.847,-0.632
2.814,-2.921
2.711,-1.765
2.555,-1.246
2.478,-1.198
2.452,-2.661
2.319,-2.176
2.349,-3.792
2.171,-1.122
2.036,-0.304
2.045,-0.48
2.17,-0.385
1.985,-0.226
2.092,-1.6
1.869,-1.295
1.869,-1.51
1.794,-0.722
1.814,-0.079
1.63,-1.902
1.57,-2.801
1.368,-2.658
1.318,-2.524
1.251,-1.749
1.162,-3.913
1.13,-3.689
1.217,-0.353
1.187,-1.631
1.042,-1.751
1.133,-1.186
1.154,-1.819
0.976,-4.323
0.654,-4.021
-0.242,-4.287
-0.799,-4.251
-0.694,-4.063
-1.664,-3.984
-1.845,-4.34
-2.312,-4.294
-2.457,-4.398
-2.513,-4.157
2.459,-4.235
2.582,-4.188
2.42,-4.322
2.553,-4.13
2.259,-4.216
2.213,-4.1
2.086,-4.315
1.455,-4.083
1.485,-3.982
1.308,-4.157
0.906,-3.976
0.743,0.261
0.617,0.373
0.578,0.343
0.471,0.327
0.288,0.277
-0.597,0.09
-1.129,0.156
-1.362,-0.015
-1.704,0.284
-2.051,0.221
-2.923,0.226
3.135,0.278
2.786,0.147
2.002,0.33
1.599,-0.052
1.159,0.192
0.973,0.093
1.061,0.291
-1.272,-2.08
-2.468,-0.87
-3.036,-3.052
2.806,-2.142
2.562,-0.386
0.033,-1.542
-0.15,-3.244
-0.694,-3.25
-1.372,-2.715
3.091,-0.521
2.748,-1.094
2.743,-1.458
2.435,-2.213
2.08,-3.47
2.143,-1.832
1.802,-1.092
1.776,-2.529
1.59,-0.639
1.571,-0.442
1.518,-1.538
0.828,-1.632
0.643,-2.957
-0.882,-1.71
-2.391,-1.694
2.631,-3.031
-0.933,-0.205
0.746,-4.101
1.503,-4.449
-0.006,1.172
-0.019,2.154
-0.148,0.996
-0.2,1.477
-0.238,1.485
-0.308,2.615
-0.317,1.187
-0.241,-0.235
-0.329,2.641
-0.503,1.407
-0.432,1.39
-0.656,-1.032
-0.579,0.182
-0.71,0.654
-0.796,-0.099
-0.719,0.237
-0.777,0.283
-0.909,0.56
-0.947,2.276
-1.005,1.123
-0.898,2.525
-0.956,0.509
-1.11,1.29
-1.112,-0.268
-1.159,1.172
-1.025,2.14
-1.017,1.587
-1.192,-1.166
-1.187,0.069
-1.238,-0.034
-1.234,-0.133
-1.395,-1.046
-1.297,1.013
-1.331,1.92
-1.53,2.313
-1.517,0.447
-1.501,-1.301
-1.529,-0.086
-1.775,2.336
-1.62,1.229
-1.797,-0.248
-1.898,-1.387
-1.802,1.234
-1.986,-0.151
-1.888,2.324
-1.948,-0.399
-2.11,1.408
-2.286,0.03
-2.396,0.397
-2.343,-0.966
-2.672,-1.353
-2.713,-0.372
-2.736,0.137
-2.84,2.523
-2.858,1.46
-2.968,1.283
-3.016,0.144
-3.105,1.193
2.912,-1.133
3.033,-1.122
2.951,-0.254
2.846,2.413
2.897,-0.203
2.908,1.992
2.875,-0.297
2.772,0.859
2.616,1.378
2.539,1.426
2.513,-0.037
2.38,0.448
2.41,-1.168
2.232,1.502
2.097,2.32
2.106,2.144
2.231,2.239
2.046,2.398
2.153,1.024
1.93,1.329
1.93,1.114
1.855,1.902
1.875,2.545
1.691,0.722
1.631,-0.177
1.429,-0.034
1.379,0.1
1.312,0.875
1.223,-1.289
1.191,-1.065
1.278,2.271
1.248,0.993
1.103,0.873
1.194,1.438
1.215,0.805
1.037,-1.699
0.715,-1.397
-0.181,-1.663
-0.738,-1.627
-0.633,-1.439
-1.603,-1.36
-1.784,-1.716
-2.251,-1.67
-2.396,-1.774
-2.452,-1.533
2.52,-1.611
2.643,-1.564
2.481,-1.698
2.614,-1.506
2.32,-1.592
2.274,-1.476
2.147,-1.691
1.516,-1.459
1.546,-1.358
1.369,-1.533
0.967,-1.352
0.804,2.885
0.678,2.997
0.639,2.967
0.532,2.951
0.349,2.901
-0.536,2.714
-1.068,2.78
-1.301,2.609
-1.643,2.908
-1.99,2.845
-2.862,2.85
-3.087,2.902
2.847,2.771
2.063,2.954
1.66,2.572
1.22,2.816
1.034,2.717
1.122,2.915
-1.211,0.544
-2.407,1.754
-2.975,-0.428
2.867,0.482
2.623,2.238
0.094,1.082
-0.089,-0.62
-0.633,-0.626
-1.311,-0.091
-3.131,2.103
2.809,1.53
2.804,1.166
2.496,0.411
2.141,-0.846
2.204,0.792
1.863,1.532
1.837,0.095
1.651,1.985
1.632,2.182
1.579,1.086
0.889,0.992
0.704,-0.333
-0.821,0.914
-2.33,0.93
2.692,-0.407
-0.872,2.419
0.807,-1.477
1.564,-1.825
-0.013,0.982
-0.142,-0.176
-0.194,0.305
-0.232,0.313
-0.302,1.443
-0.311,0.015
-0.235,-1.407
-0.323,1.469
-0.497,0.235
-0.426,0.218
-0.65,-2.204
-0.573,-0.99
-0.704,-0.518
-0.79,-1.271
-0.713,-0.935
-0.771,-0.889
-0.903,-0.612
-0.941,1.104
-0.999,-0.049
-0.892,1.353
-0.95,-0.663
-1.104,0.118
-1.106,-1.44
-1.153,0.0
-1.019,0.968
-1.011,0.415
-1.186,-2.338
-1.181,-1.103
-1.232,-1.206
-1.228,-1.305
-1.389,-2.218
-1.291,-0.159
-1.325,0.748
-1.524,1.141
-1.511,-0.725
-1.495,-2.473
-1.523,-1.258
-1.769,1.164
-1.614,0.057
-1.791,-1.42
-1.892,-2.559
-1.796,0.062
-1.98,-1.323
-1.882,1.152
-1.942,-1.571
-2.104,0.236
-2.28,-1.142
-2.39,-0.775
-2.337,-2.138
-2.666,-2.525
-2.707,-1.544
-2.73,-1.035
-2.834,1.351
-2.852,0.288
-2.962,0.111
-3.01,-1.028
-3.099,0.021
2.918,-2.305
3.039,-2.294
2.957,-1.426
2.852,1.241
2.903,-1.375
2.914,0.82
2.881,-1.469
2.778,-0.313
2.622,0.206
2.545,0.254
2.519,-1.209
2.386,-0.724
2.416,-2.34
2.238,0.33
2.103,1.148
2.112,0.972
2.237,1.067
2.052,1.226
2.159,-0.148
1.936,0.157
1.936,-0.058
1.861,0.73
1.881,1.373
1.697,-0.45
1.637,-1.349
1.435,-1.206
1.385,-1.072
1.318,-0.297
1.229,-2.461
1.197,-2.237
1.284,1.099
1.254,-0.179
1.109,-0.299
1.2,0.266
1.221,-0.367
1.043,-2.871
0.721,-2.569
-0.175,-2.835
-0.732,-2.799
-0.627,-2.611
-1.597,-2.532
-1.778,-2.888
-2.245,-2.842
-2.39,-2.946
-2.446,-2.705
2.526,-2.783
2.649,-2.736
2.487,-2.87
2.62,-2.678
2.326,-2.764
2.28,-2.648
2.153,-2.863
1.522,-2.631
1.552,-2.53
1.375,-2.705
0.973,-2.524
0.81,1.713
0.684,1.825
0.645,1.795
0.538,1.779
0.355,1.729
-0.53,1.542
-1.062,1.608
-1.295,1.437
-1.637,1.736
-1.984,1.673
-2.856,1.678
-3.081,1.73
2.853,1.599
2.069,1.782
1.666,1.4
1.226,1.644
1.04,1.545
1.128,1.743
-1.205,-0.628
-2.401,0.582
-2.969,-1.6
2.873,-0.69
2.629,1.066
0.1,-0.09
-0.083,-1.792
-0.627,-1.798
-1.305,-1.263
-3.125,0.931
2.815,0.358
2.81,-0.006
2.502,-0.761
2.147,-2.018
2.21,-0.38
1.869,0.36
1.843,-1.077
1.657,0.813
1.638,1.01
1.585,-0.086
0.895,-0.18
0.71,-1.505
-0.815,-0.258
-2.324,-0.242
2.698,-1.579
-0.866,1.247
0.813,-2.649
1.57,-2.997
-0.129,-1.158
-0.181,-0.677
-0.219,-0.669
-0.289,0.461
-0.298,-0.967
-0.222,-2.389
-0.31,0.487
-0.484,-0.747
-0.413,-0.764
-0.637,-3.186
-0.56,-1.972
-0.691,-1.5
-0.777,-2.253
-0.7,-1.917
-0.758,-1.871
-0.89,-1.594
-0.928,0.122
-0.986,-1.031
-0.879,0.371
-0.937,-1.645
-1.091,-0.864
-1.093,-2.422
-1.14,-0.982
-1.006,-0.014
-0.998,-0.567
-1.173,-3.32
-1.168,-2.085
-1.219,-2.188
-1.215,-2.287
-1.376,-3.2
-1.278,-1.141
-1.312,-0.234
-1.511,0.159
-1.498,-1.707
-1.482,-3.455
-1.51,-2.24
-1.756,0.182
-1.601,-0.925
-1.778,-2.402
-1.879,-3.541
-1.783,-0.92
-1.967,-2.305
-1.869,0.17
-1.929,-2.553
-2.091,-0.746
-2.267,-2.124
-2.377,-1.757
-2.324,-3.12
-2.653,-3.507
-2.694,-2.526
-2.717,-2.017
-2.821,0.369
-2.839,-0.694
-2.949,-0.871
-2.997,-2.01
-3.086,-0.961
2.931,-3.287
3.052,-3.276
2.97,-2.408
2.865,0.259
2.916,-2.357
2.927,-0.162
2.894,-2.451
2.791,-1.295
2.635,-0.776
2.558,-0.728
2.532,-2.191
2.399,-1.706
2.429,-3.322
2.251,-0.652
2.116,0.166
2.125,-0.01
2.25,0.085
2.065,0.244
2.172,-1.13
1.949,-0.825
1.949,-1.04
1.874,-0.252
1.894,0.391
1.71,-1.432
1.65,-2.331
1.448,-2.188
1.398,-2.054
1.331,-1.279
1.242,-3.443
1.21,-3.219
1.297,0.117
1.267,-1.161
1.122,-1.281
1.213,-0.716
1.234,-1.349
1.056,-3.853
0.734,-3.551
-0.162,-3.817
-0.719,-3.781
-0.614,-3.593
-1.584,-3.514
-1.765,-3.87
-2.232,-3.824
-2.377,-3.928
-2.433,-3.687
2.539,-3.765
2.662,-3.718
2.5,-3.852
2.633,-3.66
2.339,-3.746
2.293,-3.63
2.166,-3.845
1.535,-3.613
1.565,-3.512
1.388,-3.687
0.986,-3.506
0.823,0.731
0.697,0.843
0.658,0.813
0.551,0.797
0.368,0.747
-0.517,0.56
-1.049,0.626
-1.282,0.455
-1.624,0.754
-1.971,0.691
-2.843,0.696
-3.068,0.748
2.866,0.617
2.082,0.8
1.679,0.418
1.239,0.662
1.053,0.563
1.141,0.761
-1.192,-1.61
-2.388,-0.4
-2.956,-2.582
2.886,-1.672
2.642,0.084
0.113,-1.072
-0.07,-2.774
-0.614,-2.78
-1.292,-2.245
-3.112,-0.051
2.828,-0.624
2.823,-0.988
2.515,-1.743
2.16,-3.0
2.223,-1.362
1.882,-0.622
1.856,-2.059
1.67,-0.169
1.651,0.028
1.598,-1.068
0.908,-1.162
0.723,-2.487
-0.802,-1.24
-2.311,-1.224
2.711,-2.561
-0.853,0.265
0.826,-3.631
1.583,-3.979
-0.052,0.481
-0.09,0.489
-0.16,1.619
-0.169,0.191
-0.093,-1.231
-0.181,1.645
-0.355,0.411
-0.284,0.394
-0.508,-2.028
-0.431,-0.814
-0.562,-0.342
-0.648,-1.095
-0.571,-0.759
-0.629,-0.713
-0.761,-0.436
-0.799,1.28
-0.857,0.127
-0.75,1.529
-0.808,-0.487
-0.962,0.294
-0.964,-1.264
-1.011,0.176
-0.877,1.144
-0.869,0.591
-1.044,-2.162
-1.039,-0.927
-1.09,-1.03
-1.086,-1.129
-1.247,-2.042
-1.149,0.017
-1.183,0.924
-1.382,1.317
-1.369,-0.549
-1.353,-2.297
-1.381,-1.082
-1.627,1.34
-1.472,0.233
-1.649,-1.244
-1.75,-2.383
-1.654,0.238
-1.838,-1.147
-1.74,1.328
-1.8,-1.395
-1.962,0.412
-2.138,-0.966
-2.248,-0.599
-2.195,-1.962
-2.524,-2.349
-2.565,-1.368
-2.588,-0.859
-2.692,1.527
-2.71,0.464
-2.82,0.287
-2.868,-0.852
-2.957,0.197
3.06,-2.129
-3.102,-2.118
3.099,-1.25
2.994,1.417
3.045,-1.199
3.056,0.996
3.023,-1.293
2.92,-0.137
2.764,0.382
2.687,0.43
2.661,-1.033
2.528,-0.548
2.558,-2.164
2.38,0.506
2.245,1.324
2.254,1.148
2.379,1.243
2.194,1.402
2.301,0.028
2.078,0.333
2.078,0.118
2.003,0.906
2.023,1.549
1.839,-0.274
1.779,-1.173
1.577,-1.03
1.527,-0.896
1.46,-0.121
1.371,-2.285
1.339,-2.061
1.426,1.275
1.396,-0.003
1.251,-0.123
1.342,0.442
1.363,-0.191
1.185,-2.695
0.863,-2.393
-0.033,-2.659
-0.59,-2.623
-0.485,-2.435
-1.455,-2.356
-1.636,-2.712
-2.103,-2.666
-2.248,-2.77
-2.304,-2.529
2.668,-2.607
2.791,-2.56
2.629,-2.694
2.762,-2.502
2.468,-2.588
2.422,-2.472
2.295,-2.687
1.664,-2.455
1.694,-2.354
1.517,-2.529
1.115,-2.348
0.952,1.889
0.826,2.001
0.787,1.971
0.68,1.955
0.497,1.905
-0.388,1.718
-0.92,1.784
-1.153,1.613
-1.495,1.912
-1.842,1.849
-2.714,1.854
-2.939,1.906
2.995,1.775
2.211,1.958
1.808,1.576
1.368,1.82
1.182,1.721
1.27,1.919
-1.063,-0.452
-2.259,0.758
-2.827,-1.424
3.015,-0.514
2.771,1.242
0.242,0.086
0.059,-1.616
-0.485,-1.622
-1.163,-1.087
-2.983,1.107
2.957,0.534
2.952,0.17
2.644,-0.585
2.289,-1.842
2.352,-0.204
2.011,0.536
1.985,-0.901
1.799,0.989
1.78,1.186
1.727,0.09
1.037,-0.004
0.852,-1.329
-0.673,-0.082
-2.182,-0.066
2.84,-1.403
-0.724,1.423
0.955,-2.473
1.712,-2.821
-0.038,0.008
-0.108,1.138
-0.117,-0.29
-0.041,-1.712
-0.129,1.164
-0.303,-0.07
-0.232,-0.087
-0.456,-2.509
-0.379,-1.295
-0.51,-0.823
-0.596,-1.576
-0.519,-1.24
-0.577,-1.194
-0.709,-0.917
-0.747,0.799
-0.805,-0.354
-0.698,1.048
-0.756,-0.968
-0.91,-0.187
-0.912,-1.745
-0.959,-0.305
-0.825,0.663
-0.817,0.11
-0.992,-2.643
-0.987,-1.408
-1.038,-1.511
-1.034,-1.61
-1.195,-2.523
-1.097,-0.464
-1.131,0.443
-1.33,0.836
-1.317,-1.03
-1.301,-2.778
-1.329,-1.563
-1.575,0.859
-1.42,-0.248
-1.597,-1.725
-1.698,-2.864
-1.602,-0.243
-1.786,-1.628
-1.688,0.847
-1.748,-1.876
-1.91,-0.069
-2.086,-1.447
-2.196,-1.08
-2.143,-2.443
-2.472,-2.83
-2.513,-1.849
-2.536,-1.34
-2.64,1.046
-2.658,-0.017
-2.768,-0.194
-2.816,-1.333
-2.905,-0.284
3.112,-2.61
-3.05,-2.599
-3.132,-1.731
3.046,0.936
3.097,-1.68
3.108,0.515
3.075,-1.774
2.972,-0.618
2.816,-0.099
2.739,-0.051
2.713,-1.514
2.58,-1.029
2.61,-2.645
2.432,0.025
2.297,0.843
2.306,0.667
2.431,0.762
2.246,0.921
2.353,-0.453
2.13,-0.148
2.13,-0.363
2.055,0.425
2.075,1.068
1.891,-0.755
1.831,-1.654
1.629,-1.511
1.579,-1.377
1.512,-0.602
1.423,-2.766
1.391,-2.542
1.478,0.794
1.448,-0.484
1.303,-0.604
1.394,-0.039
1.415,-0.672
1.237,-3.176
0.915,-2.874
0.019,-3.14
-0.538,-3.104
-0.433,-2.916
-1.403,-2.837
-1.584,-3.193
-2.051,-3.147
-2.196,-3.251
-2.252,-3.01
2.72,-3.088
2.843,-3.041
2.681,-3.175
2.814,-2.983
2.52,-3.069
2.474,-2.953
2.347,-3.168
1.716,-2.936
1.746,-2.835
1.569,-3.01
1.167,-2.829
1.004,1.408
0.878,1.52
0.839,1.49
0.732,1.474
0.549,1.424
-0.336,1.237
-0.868,1.303
-1.101,1.132
-1.443,1.431
-1.79,1.368
-2.662,1.373
-2.887,1.425
3.047,1.294
2.263,1.477
1.86,1.095
1.42,1.339
1.234,1.24
1.322,1.438
-1.011,-0.933
-2.207,0.277
-2.775,-1.905
3.067,-0.995
2.823,0.761
0.294,-0.395
0.111,-2.097
-0.433,-2.103
-1.111,-1.568
-2.931,0.626
3.009,0.053
3.004,-0.311
2.696,-1.066
2.341,-2.323
2.404,-0.685
2.063,0.055
2.037,-1.382
1.851,0.508
1.832,0.705
1.779,-0.391
1.089,-0.485
0.904,-1.81
-0.621,-0.563
-2.13,-0.547
2.892,-1.884
-0.672,0.942
1.007,-2.954
1.764,-3.302
-0.07,1.13
-0.079,-0.298
-0.003,-1.72
-0.091,1.156
-0.265,-0.078
-0.194,-0.095
-0.418,-2.517
-0.341,-1.303
-0.472,-0.831
-0.558,-1.584
-0.481,-1.248
-0.539,-1.202
-0.671,-0.925
-0.709,0.791
-0.767,-0.362
-0.66,1.04
-0.718,-0.976
-0.872,-0.195
-0.874,-1.753
-0.921,-0.313
-0.787,0.655
-0.779,0.102
-0.954,-2.651
-0.949,-1.416
-1.0,-1.519
-0.996,-1.618
-1.157,-2.531
-1.059,-0.472
-1.093,0.435
-1.292,0.828
-1.279,-1.038
-1.263,-2.786
-1.291,-1.571
-1.537,0.851
-1.382,-0.256
-1.559,-1.733
-1.66,-2.872
-1.564,-0.251
-1.748,-1.636
-1.65,0.839
-1.71,-1.884
-1.872,-0.077
-2.048,-1.455
-2.158,-1.088
-2.105,-2.451
-2.434,-2.838
-2.475,-1.857
-2.498,-1.348
-2.602,1.038
-2.62,-0.025
-2.73,-0.202
-2.778,-1.341
-2.867,-0.292
-3.133,-2.618
-3.012,-2.607
-3.094,-1.739
3.084,0.928
3.135,-1.688
-3.137,0.507
3.113,-1.782
3.01,-0.626
2.854,-0.107
2.777,-0.059
2.751,-1.522
2.618,-1.037
2.648,-2.653
2.47,0.017
2.335,0.835
2.344,0.659
2.469,0.754
2.284,0.913
2.391,-0.461
2.168,-0.156
2.168,-0.371
2.093,0.417
2.113,1.06
1.929,-0.763
1.869,-1.662
1.667,-1.519
1.617,-1.385
1.55,-0.61
1.461,-2.774
1.429,-2.55
1.516,0.786
1.486,-0.492
1.341,-0.612
1.432,-0.047
1.453,-0.68
1.275,-3.184
0.953,-2.882
0.057,-3.148
-0.5,-3.112
-0.395,-2.924
-1.365,-2.845
-1.546,-3.201
-2.013,-3.155
-2.158,-3.259
-2.214,-3.018
2.758,-3.096
2.881,-3.049
2.719,-3.183
2.852,-2.991
2.558,-3.077
2.512,-2.961
2.385,-3.176
1.754,-2.944
1.784,-2.843
1.607,-3.018
1.205,-2.837
1.042,1.4
0.916,1.512
0.877,1.482
0.77,1.466
0.587,1.416
-0.298,1.229
-0.83,1.295
-1.063,1.124
-1.405,1.423
-1.752,1.36
-2.624,1.365
-2.849,1.417
3.085,1.286
2.301,1.469
1.898,1.087
1.458,1.331
1.272,1.232
1.36,1.43
-0.973,-0.941
-2.169,0.269
-2.737,-1.913
3.105,-1.003
2.861,0.753
0.332,-0.403
0.149,-2.105
-0.395,-2.111
-1.073,-1.576
-2.893,0.618
3.047,0.045
3.042,-0.319
2.734,-1.074
2.379,-2.331
2.442,-0.693
2.101,0.047
2.075,-1.39
1.889,0.5
1.87,0.697
1.817,-0.399
1.127,-0.493
0.942,-1.818
-0.583,-0.571
-2.092,-0.555
2.93,-1.892
-0.634,0.934
1.045,-2.962
1.802,-3.31
-0.009,-1.428
0.067,-2.85
-0.021,0.026
-0.195,-1.208
-0.124,-1.225
-0.348,-3.647
-0.271,-2.433
-0.402,-1.961
-0.488,-2.714
-0.411,-2.378
-0.469,-2.332
-0.601,-2.055
-0.639,-0.339
-0.697,-1.492
-0.59,-0.09
-0.648,-2.106
-0.802,-1.325
-0.804,-2.883
-0.851,-1.443
-0.717,-0.475
-0.709,-1.028
-0.884,-3.781
-0.879,-2.546
-0.93,-2.649
-0.926,-2.748
-1.087,-3.661
-0.989,-1.602
-1.023,-0.695
-1.222,-0.302
-1.209,-2.168
-1.193,-3.916
-1.221,-2.701
-1.467,-0.279
-1.312,-1.386
-1.489,-2.863
-1.59,-4.002
-1.494,-1.381
-1.678,-2.766
-1.58,-0.291
-1.64,-3.014
-1.802,-1.207
-1.978,-2.585
-2.088,-2.218
-2.035,-3.581
-2.364,-3.968
-2.405,-2.987
-2.428,-2.478
-2.532,-0.092
-2.55,-1.155
-2.66,-1.332
-2.708,-2.471
-2.797,-1.422
-3.063,-3.748
-2.942,-3.737
-3.024,-2.869
-3.129,-0.202
-3.078,-2.818
-3.067,-0.623
-3.1,-2.912
3.08,-1.756
2.924,-1.237
2.847,-1.189
2.821,-2.652
2.688,-2.167
2.718,-3.783
2.54,-1.113
2.405,-0.295
2.414,-0.471
2.539,-0.376
2.354,-0.217
2.461,-1.591
2.238,-1.286
2.238,-1.501
2.163,-0.713
2.183,-0.07
1.999,-1.893
1.939,-2.792
1.737,-2.649
1.687,-2.515
1.62,-1.74
1.531,-3.904
1.499,-3.68
1.586,-0.344
1.556,-1.622
1.411,-1.742
1.502,-1.177
1.523,-1.81
1.345,-4.314
1.023,-4.012
0.127,-4.278
-0.43,-4.242
-0.325,-4.054
-1.295,-3.975
-1.476,-4.331
-1.943,-4.285
-2.088,-4.389
-2.144,-4.148
2.828,-4.226
2.951,-4.179
2.789,-4.313
2.922,-4.121
2.628,-4.207
2.582,-4.091
2.455,-4.306
1.824,-4.074
1.854,-3.973
1.677,-4.148
1.275,-3.967
1.112,0.27
0.986,0.382
0.947,0.352
0.84,0.336
0.657,0.286
-0.228,0.099
-0.76,0.165
-0.993,-0.006
-1.335,0.293
-1.682,0.23
-2.554,0.235
-2.779,0.287
-3.128,0.156
2.371,0.339
1.968,-0.043
1.528,0.201
1.342,0.102
1.43,0.3
-0.903,-2.071
-2.099,-0.861
-2.667,-3.043
-3.108,-2.133
2.931,-0.377
0.402,-1.533
0.219,-3.235
-0.325,-3.241
-1.003,-2.706
-2.823,-0.512
3.117,-1.085
3.112,-1.449
2.804,-2.204
2.449,-3.461
2.512,-1.823
2.171,-1.083
2.145,-2.52
1.959,-0.63
1.94,-0.433
1.887,-1.529
1.197,-1.623
1.012,-2.948
-0.513,-1.701
-2.022,-1.685
3.0,-3.022
-0.564,-0.196
1.115,-4.092
1.872,-4.44
0.076,-1.422
-0.012,1.454
-0.186,0.22
-0.115,0.203
-0.339,-2.219
-0.262,-1.005
-0.393,-0.533
-0.479,-1.286
-0.402,-0.95
-0.46,-0.904
-0.592,-0.627
-0.63,1.089
-0.688,-0.064
-0.581,1.338
-0.639,-0.678
-0.793,0.103
-0.795,-1.455
-0.842,-0.015
-0.708,0.953
-0.7,0.4
-0.875,-2.353
-0.87,-1.118
-0.921,-1.221
-0.917,-1.32
-1.078,-2.233
-0.98,-0.174
-1.014,0.733
-1.213,1.126
-1.2,-0.74
-1.184,-2.488
-1.212,-1.273
-1.458,1.149
-1.303,0.042
-1.48,-1.435
-1.581,-2.574
-1.485,0.047
-1.669,-1.338
-1.571,1.137
-1.631,-1.586
-1.793,0.221
-1.969,-1.157
-2.079,-0.79
-2.026,-2.153
-2.355,-2.54
-2.396,-1.559
-2.419,-1.05
-2.523,1.336
-2.541,0.273
-2.651,0.096
-2.699,-1.043
-2.788,0.006
-3.054,-2.32
-2.933,-2.309
-3.015,-1.441
-3.12,1.226
-3.069,-1.39
-3.058,0.805
-3.091,-1.484
3.089,-0.328
2.933,0.191
2.856,0.239
2.83,-1.224
2.697,-0.739
2.727,-2.355
2.549,0.315
2.414,1.133
2.423,0.957
2.548,1.052
2.363,1.211
2.47,-0.163
2.247,0.142
2.247,-0.073
2.172,0.715
2.192,1.358
2.008,-0.465
1.948,-1.364
1.746,-1.221
1.696,-1.087
1.629,-0.312
1.54,-2.476
1.508,-2.252
1.595,1.084
1.565,-0.194
1.42,-0.314
1.511,0.251
1.532,-0.382
1.354,-2.886
1.032,-2.584
0.136,-2.85
-0.421,-2.814
-0.316,-2.626
-1.286,-2.547
-1.467,-2.903
-1.934,-2.857
-2.079,-2.961
-2.135,-2.72
2.837,-2.798
2.96,-2.751
2.798,-2.885
2.931,-2.693
2.637,-2.779
2.591,-2.663
2.464,-2.878
1.833,-2.646
1.863,-2.545
1.686,-2.72
1.284,-2.539
1.121,1.698
0.995,1.81
0.956,1.78
0.849,1.764
0.666,1.714
-0.219,1.527
-0.751,1.593
-0.984,1.422
-1.326,1.721
-1.673,1.658
-2.545,1.663
-2.77,1.715
-3.119,1.584
2.38,1.767
1.977,1.385
1.537,1.629
1.351,1.53
1.439,1.728
-0.894,-0.643
-2.09,0.567
-2.658,-1.615
-3.099,-0.705
2.94,1.051
0.411,-0.105
0.228,-1.807
-0.316,-1.813
-0.994,-1.278
-2.814,0.916
3.126,0.343
3.121,-0.021
2.813,-0.776
2.458,-2.033
2.521,-0.395
2.18,0.345
2.154,-1.092
1.968,0.798
1.949,0.995
1.896,-0.101
1.206,-0.195
1.021,-1.52
-0.504,-0.273
-2.013,-0.257
3.009,-1.594
-0.555,1.232
1.124,-2.664
1.881,-3.012
-0.088,2.876
-0.262,1.642
-0.191,1.625
-0.415,-0.797
-0.338,0.417
-0.469,0.889
-0.555,0.136
-0.478,0.472
-0.536,0.518
-0.668,0.795
-0.706,2.511
-0.764,1.358
-0.657,2.76
-0.715,0.744
-0.869,1.525
-0.871,-0.033
-0.918,1.407
-0.784,2.375
-0.776,1.822
-0.951,-0.931
-0.946,0.304
-0.997,0.201
-0.993,0.102
-1.154,-0.811
-1.056,1.248
-1.09,2.155
-1.289,2.548
-1.276,0.682
-1.26,-1.066
-1.288,0.149
-1.534,2.571
-1.379,1.464
-1.556,-0.013
-1.657,-1.152
-1.561,1.469
-1.745,0.084
-1.647,2.559
-1.707,-0.164
-1.869,1.643
-2.045,0.265
-2.155,0.632
-2.102,-0.731
-2.431,-1.118
-2.472,-0.137
-2.495,0.372
-2.599,2.758
-2.617,1.695
-2.727,1.518
-2.775,0.379
-2.864,1.428
-3.13,-0.898
-3.009,-0.887
-3.091,-0.019
3.087,2.648
3.138,0.032
-3.134,2.227
3.116,-0.062
3.013,1.094
2.857,1.613
2.78,1.661
2.754,0.198
2.621,0.683
2.651,-0.933
2.473,1.737
2.338,2.555
2.347,2.379
2.472,2.474
2.287,2.633
2.394,1.259
2.171,1.564
2.171,1.349
2.096,2.137
2.116,2.78
1.932,0.957
1.872,0.058
1.67,0.201
1.62,0.335
1.553,1.11
1.464,-1.054
1.432,-0.83
1.519,2.506
1.489,1.228
1.344,1.108
1.435,1.673
1.456,1.04
1.278,-1.464
0.956,-1.162
0.06,-1.428
-0.497,-1.392
-0.392,-1.204
-1.362,-1.125
-1.543,-1.481
-2.01,-1.435
-2.155,-1.539
-2.211,-1.298
2.761,-1.376
2.884,-1.329
2.722,-1.463
2.855,-1.271
2.561,-1.357
2.515,-1.241
2.388,-1.456
1.757,-1.224
1.787,-1.123
1.61,-1.298
1.208,-1.117
1.045,3.12
0.919,3.232
0.88,3.202
0.773,3.186
0.59,3.136
-0.295,2.949
-0.827,3.015
-1.06,2.844
-1.402,3.143
-1.749,3.08
-2.621,3.085
-2.846,3.137
3.088,3.006
2.304,3.189
1.901,2.807
1.461,3.051
1.275,2.952
1.363,3.15
-0.97,0.779
-2.166,1.989
-2.734,-0.193
3.108,0.717
2.864,2.473
0.335,1.317
0.152,-0.385
-0.392,-0.391
-1.07,0.144
-2.89,2.338
3.05,1.765
3.045,1.401
2.737,0.646
2.382,-0.611
2.445,1.027
2.104,1.767
2.078,0.33
1.892,2.22
1.873,2.417
1.82,1.321
1.13,1.227
0.945,-0.098
-0.58,1.149
-2.089,1.165
2.933,-0.172
-0.631,2.654
1.048,-1.242
1.805,-1.59
-0.174,-1.234
-0.103,-1.251
-0.327,-3.673
-0.25,-2.459
-0.381,-1.987
-0.467,-2.74
-0.39,-2.404
-0.448,-2.358
-0.58,-2.081
-0.618,-0.365
-0.676,-1.518
-0.569,-0.116
-0.627,-2.132
-0.781,-1.351
-0.783,-2.909
-0.83,-1.469
-0.696,-0.501
-0.688,-1.054
-0.863,-3.807
-0.858,-2.572
-0.909,-2.675
-0.905,-2.774
-1.066,-3.687
-0.968,-1.628
-1.002,-0.721
-1.201,-0.328
-1.188,-2.194
-1.172,-3.942
-1.2,-2.727
-1.446,-0.305
-1.291,-1.412
-1.468,-2.889
-1.569,-4.028
-1.473,-1.407
-1.657,-2.792
-1.559,-0.317
-1.619,-3.04
-1.781,-1.233
-1.957,-2.611
-2.067,-2.244
-2.014,-3.607
-2.343,-3.994
-2.384,-3.013
-2.407,-2.504
-2.511,-0.118
-2.529,-1.181
-2.639,-1.358
-2.687,-2.497
-2.776,-1.448
-3.042,-3.774
-2.921,-3.763
-3.003,-2.895
-3.108,-0.228
-3.057,-2.844
-3.046,-0.649
-3.079,-2.938
3.101,-1.782
2.945,-1.263
2.868,-1.215
2.842,-2.678
2.709,-2.193
2.739,-3.809
2.561,-1.139
2.426,-0.321
2.435,-0.497
2.56,-0.402
2.375,-0.243
2.482,-1.617
2.259,-1.312
2.259,-1.527
2.184,-0.739
2.204,-0.096
2.02,-1.919
1.96,-2.818
1.758,-2.675
1.708,-2.541
1.641,-1.766
1.552,-3.93
1.52,-3.706
1.607,-0.37
1.577,-1.648
1.432,-1.768
1.523,-1.203
1.544,-1.836
1.366,-4.34
1.044,-4.038
0.148,-4.304
-0.409,-4.268
-0.304,-4.08
-1.274,-4.001
-1.455,-4.357
-1.922,-4.311
-2.067,-4.415
-2.123,-4.174
2.849,-4.252
2.972,-4.205
2.81,-4.339
2.943,-4.147
2.649,-4.233
2.603,-4.117
2.476,-4.332
1.845,-4.1
1.875,-3.999
1.698,-4.174
1.296,-3.993
1.133,0.244
1.007,0.356
0.968,0.326
0.861,0.31
0.678,0.26
-0.207,0.073
-0.739,0.139
-0.972,-0.032
-1.314,0.267
-1.661,0.204
-2.533,0.209
-2.758,0.261
-3.107,0.13
2.392,0.313
1.989,-0.069
1.549,0.175
1.363,0.076
1.451,0.274
-0.882,-2.097
-2.078,-0.887
-2.646,-3.069
-3.087,-2.159
2.952,-0.403
0.423,-1.559
0.24,-3.261
-0.304,-3.267
-0.982,-2.732
-2.802,-0.538
3.138,-1.111
3.133,-1.475
2.825,-2.23
2.47,-3.487
2.533,-1.849
2.192,-1.109
2.166,-2.546
1.98,-0.656
1.961,-0.459
1.908,-1.555
1.218,-1.649
1.033,-2.974
-0.492,-1.727
-2.001,-1.711
3.021,-3.048
-0.543,-0.222
1.136,-4.118
1.893,-4.466
0.071,-0.017
-0.153,-2.439
-0.076,-1.225
-0.207,-0.753
-0.293,-1.506
-0.216,-1.17
-0.274,-1.124
-0.406,-0.847
-0.444,0.869
-0.502,-0.284
-0.395,1.118
-0.453,-0.898
-0.607,-0.117
-0.609,-1.675
-0.656,-0.235
-0.522,0.733
-0.514,0.18
-0.689,-2.573
-0.684,-1.338
-0.735,-1.441
-0.731,-1.54
-0.892,-2.453
-0.794,-0.394
-0.828,0.513
-1.027,0.906
-1.014,-0.96
-0.998,-2.708
-1.026,-1.493
-1.272,0.929
-1.117,-0.178
-1.294,-1.655
-1.395,-2.794
-1.299,-0.173
-1.483,-1.558
-1.385,0.917
-1.445,-1.806
-1.607,0.001
-1.783,-1.377
-1.893,-1.01
-1.84,-2.373
-2.169,-2.76
-2.21,-1.779
-2.233,-1.27
-2.337,1.116
-2.355,0.053
-2.465,-0.124
-2.513,-1.263
-2.602,-0.214
-2.868,-2.54
-2.747,-2.529
-2.829,-1.661
-2.934,1.006
-2.883,-1.61
-2.872,0.585
-2.905,-1.704
-3.008,-0.548
3.119,-0.029
3.042,0.019
3.016,-1.444
2.883,-0.959
2.913,-2.575
2.735,0.095
2.6,0.913
2.609,0.737
2.734,0.832
2.549,0.991
2.656,-0.383
2.433,-0.078
2.433,-0.293
2.358,0.495
2.378,1.138
2.194,-0.685
2.134,-1.584
1.932,-1.441
1.882,-1.307
1.815,-0.532
1.726,-2.696
1.694,-2.472
1.781,0.864
1.751,-0.414
1.606,-0.534
1.697,0.031
1.718,-0.602
1.54,-3.106
1.218,-2.804
0.322,-3.07
-0.235,-3.034
-0.13,-2.846
-1.1,-2.767
-1.281,-3.123
-1.748,-3.077
-1.893,-3.181
-1.949,-2.94
3.023,-3.018
-3.137,-2.971
2.984,-3.105
3.117,-2.913
2.823,-2.999
2.777,-2.883
2.65,-3.098
2.019,-2.866
2.049,-2.765
1.872,-2.94
1.47,-2.759
1.307,1.478
1.181,1.59
1.142,1.56
1.035,1.544
0.852,1.494
-0.033,1.307
-0.565,1.373
-0.798,1.202
-1.14,1.501
-1.487,1.438
-2.359,1.443
-2.584,1.495
-2.933,1.364
2.566,1.547
2.163,1.165
1.723,1.409
1.537,1.31
1.625,1.508
-0.708,-0.863
-1.904,0.347
-2.472,-1.835
-2.913,-0.925
3.126,0.831
0.597,-0.325
0.414,-2.027
-0.13,-2.033
-0.808,-1.498
-2.628,0.696
-2.971,0.123
-2.976,-0.241
2.999,-0.996
2.644,-2.253
2.707,-0.615
2.366,0.125
2.34,-1.312
2.154,0.578
2.135,0.775
2.082,-0.321
1.392,-0.415
1.207,-1.74
-0.318,-0.493
-1.827,-0.477
-3.088,-1.814
-0.369,1.012
1.31,-2.884
2.067,-3.232
-0.224,-2.422
-0.147,-1.208
-0.278,-0.736
-0.364,-1.489
-0.287,-1.153
-0.345,-1.107
-0.477,-0.83
-0.515,0.886
-0.573,-0.267
-0.466,1.135
-0.524,-0.881
-0.678,-0.1
-0.68,-1.658
-0.727,-0.218
-0.593,0.75
-0.585,0.197
-0.76,-2.556
-0.755,-1.321
-0.806,-1.424
-0.802,-1.523
-0.963,-2.436
-0.865,-0.377
-0.899,0.53
-1.098,0.923
-1.085,-0.943
-1.069,-2.691
-1.097,-1.476
-1.343,0.946
-1.188,-0.161
-1.365,-1.638
-1.466,-2.777
-1.37,-0.156
-1.554,-1.541
-1.456,0.934
-1.516,-1.789
-1.678,0.018
-1.854,-1.36
-1.964,-0.993
-1.911,-2.356
-2.24,-2.743
-2.281,-1.762
-2.304,-1.253
-2.408,1.133
-2.426,0.07
-2.536,-0.107
-2.584,-1.246
-2.673,-0.197
-2.939,-2.523
-2.818,-2.512
-2.9,-1.644
-3.005,1.023
-2.954,-1.593
-2.943,0.602
-2.976,-1.687
-3.079,-0.531
3.048,-0.012
2.971,0.036
2.945,-1.427
2.812,-0.942
2.842,-2.558
2.664,0.112
2.529,0.93
2.538,0.754
2.663,0.849
2.478,1.008
2.585,-0.366
2.362,-0.061
2.362,-0.276
2.287,0.512
2.307,1.155
2.123,-0.668
2.063,-1.567
1.861,-1.424
1.811,-1.29
1.744,-0.515
1.655,-2.679
1.623,-2.455
1.71,0.881
1.68,-0.397
1.535,-0.517
1.626,0.048
1.647,-0.585
1.469,-3.089
1.147,-2.787
0.251,-3.053
-0.306,-3.017
-0.201,-2.829
-1.171,-2.75
-1.352,-3.106
-1.819,-3.06
-1.964,-3.164
-2.02,-2.923
2.952,-3.001
3.075,-2.954
2.913,-3.088
3.046,-2.896
2.752,-2.982
2.706,-2.866
2.579,-3.081
1.948,-2.849
1.978,-2.748
1.801,-2.923
1.399,-2.742
1.236,1.495
1.11,1.607
1.071,1.577
0.964,1.561
0.781,1.511
-0.104,1.324
-0.636,1.39
-0.869,1.219
-1.211,1.518
-1.558,1.455
-2.43,1.46
-2.655,1.512
-3.004,1.381
2.495,1.564
2.092,1.182
1.652,1.426
1.466,1.327
1.554,1.525
-0.779,-0.846
-1.975,0.364
-2.543,-1.818
-2.984,-0.908
3.055,0.848
0.526,-0.308
0.343,-2.01
-0.201,-2.016
-0.879,-1.481
-2.699,0.713
-3.042,0.14
-3.047,-0.224
2.928,-0.979
2.573,-2.236
2.636,-0.598
2.295,0.142
2.269,-1.295
2.083,0.595
2.064,0.792
2.011,-0.304
1.321,-0.398
1.136,-1.723
-0.389,-0.476
-1.898,-0.46
3.124,-1.797
-0.44,1.029
1.239,-2.867
1.996,-3.215
0.077,1.214
-0.054,1.686
-0.14,0.933
-0.063,1.269
-0.121,1.315
-0.253,1.592
-0.291,3.308
-0.349,2.155
-0.242,3.557
-0.3,1.541
-0.454,2.322
-0.456,0.764
-0.503,2.204
-0.369,3.172
-0.361,2.619
-0.536,-0.134
-0.531,1.101
-0.582,0.998
-0.578,0.899
-0.739,-0.014
-0.641,2.045
-0.675,2.952
-0.874,3.345
-0.861,1.479
-0.845,-0.269
-0.873,0.946
-1.119,3.368
-0.964,2.261
-1.141,0.784
-1.242,-0.355
-1.146,2.266
-1.33,0.881
-1.232,3.356
-1.292,0.633
-1.454,2.44
-1.63,1.062
-1.74,1.429
-1.687,0.066
-2.016,-0.321
-2.057,0.66
-2.08,1.169
-2.184,3.555
-2.202,2.492
-2.312,2.315
-2.36,1.176
-2.449,2.225
-2.715,-0.101
-2.594,-0.09
-2.676,0.778
-2.781,3.445
-2.73,0.829
-2.719,3.024
-2.752,0.735
-2.855,1.891
-3.011,2.41
-3.088,2.458
-3.114,0.995
3.036,1.48
3.066,-0.136
2.888,2.534
2.753,3.352
2.762,3.176
2.887,3.271
2.702,3.43
2.809,2.056
2.586,2.361
2.586,2.146
2.511,2.934
2.531,3.577
2.347,1.754
2.287,0.855
2.085,0.998
2.035,1.132
1.968,1.907
1.879,-0.257
1.847,-0.033
1.934,3.303
1.904,2.025
1.759,1.905
1.85,2.47
1.871,1.837
1.693,-0.667
1.371,-0.365
0.475,-0.631
-0.082,-0.595
0.023,-0.407
-0.947,-0.328
-1.128,-0.684
-1.595,-0.638
-1.74,-0.742
-1.796,-0.501
-3.107,-0.579
-2.984,-0.532
3.137,-0.666
-3.013,-0.474
2.976,-0.56
2.93,-0.444
2.803,-0.659
2.172,-0.427
2.202,-0.326
2.025,-0.501
1.623,-0.32
1.46,3.917
1.334,4.029
1.295,3.999
1.188,3.983
1.005,3.933
0.12,3.746
-0.412,3.812
-0.645,3.641
-0.987,3.94
-1.334,3.877
-2.206,3.882
-2.431,3.934
-2.78,3.803
2.719,3.986
2.316,3.604
1.876,3.848
1.69,3.749
1.778,3.947
-0.555,1.576
-1.751,2.786
-2.319,0.604
-2.76,1.514
-3.004,3.27
0.75,2.114
0.567,0.412
0.023,0.406
-0.655,0.941
-2.475,3.135
-2.818,2.562
-2.823,2.198
-3.131,1.443
2.797,0.186
2.86,1.824
2.519,2.564
2.493,1.127
2.307,3.017
2.288,3.214
2.235,2.118
1.545,2.024
1.36,0.699
-0.165,1.946
-1.674,1.962
-2.935,0.625
-0.216,3.451
1.463,-0.445
2.22,-0.793
-0.131,0.472
-0.217,-0.281
-0.14,0.055
-0.198,0.101
-0.33,0.378
-0.368,2.094
-0.426,0.941
-0.319,2.343
-0.377,0.327
-0.531,1.108
-0.533,-0.45
-0.58,0.99
-0.446,1.958
-0.438,1.405
-0.613,-1.348
-0.608,-0.113
-0.659,-0.216
-0.655,-0.315
-0.816,-1.228
-0.718,0.831
-0.752,1.738
-0.951,2.131
-0.938,0.265
-0.922,-1.483
-0.95,-0.268
-1.196,2.154
-1.041,1.047
-1.218,-0.43
-1.319,-1.569
-1.223,1.052
-1.407,-0.333
-1.309,2.142
-1.369,-0.581
-1.531,1.226
-1.707,-0.152
-1.817,0.215
-1.764,-1.148
-2.093,-1.535
-2.134,-0.554
-2.157,-0.045
-2.261,2.341
-2.279,1.278
-2.389,1.101
-2.437,-0.038
-2.526,1.011
-2.792,-1.315
-2.671,-1.304
-2.753,-0.436
-2.858,2.231
-2.807,-0.385
-2.796,1.81
-2.829,-0.479
-2.932,0.677
-3.088,1.196
3.118,1.244
3.092,-0.219
2.959,0.266
2.989,-1.35
2.811,1.32
2.676,2.138
2.685,1.962
2.81,2.057
2.625,2.216
2.732,0.842
2.509,1.147
2.509,0.932
2.434,1.72
2.454,2.363
2.27,0.54
2.21,-0.359
2.008,-0.216
1.958,-0.082
1.891,0.693
1.802,-1.471
1.77,-1.247
1.857,2.089
1.827,0.811
1.682,0.691
1.773,1.256
1.794,0.623
1.616,-1.881
1.294,-1.579
0.398,-1.845
-0.159,-1.809
-0.054,-1.621
-1.024,-1.542
-1.205,-1.898
-1.672,-1.852
-1.817,-1.956
-1.873,-1.715
3.099,-1.793
-3.061,-1.746
3.06,-1.88
-3.09,-1.688
2.899,-1.774
2.853,-1.658
2.726,-1.873
2.095,-1.641
2.125,-1.54
1.948,-1.715
1.546,-1.534
1.383,2.703
1.257,2.815
1.218,2.785
1.111,2.769
0.928,2.719
0.043,2.532
-0.489,2.598
-0.722,2.427
-1.064,2.726
-1.411,2.663
-2.283,2.668
-2.508,2.72
-2.857,2.589
2.642,2.772
2.239,2.39
1.799,2.634
1.613,2.535
1.701,2.733
-0.632,0.362
-1.828,1.572
-2.396,-0.61
-2.837,0.3
-3.081,2.056
0.673,0.9
0.49,-0.802
-0.054,-0.808
-0.732,-0.273
-2.552,1.921
-2.895,1.348
-2.9,0.984
3.075,0.229
2.72,-1.028
2.783,0.61
2.442,1.35
2.416,-0.087
2.23,1.803
2.211,2.0
2.158,0.904
1.468,0.81
1.283,-0.515
-0.242,0.732
-1.751,0.748
-3.012,-0.589
-0.293,2.237
1.386,-1.659
2.143,-2.007
-0.086,-0.753
-0.009,-0.417
-0.067,-0.371
-0.199,-0.094
-0.237,1.622
-0.295,0.469
-0.188,1.871
-0.246,-0.145
-0.4,0.636
-0.402,-0.922
-0.449,0.518
-0.315,1.486
-0.307,0.933
-0.482,-1.82
-0.477,-0.585
-0.528,-0.688
-0.524,-0.787
-0.685,-1.7
-0.587,0.359
-0.621,1.266
-0.82,1.659
-0.807,-0.207
-0.791,-1.955
-0.819,-0.74
-1.065,1.682
-0.91,0.575
-1.087,-0.902
-1.188,-2.041
-1.092,0.58
-1.276,-0.805
-1.178,1.67
-1.238,-1.053
-1.4,0.754
-1.576,-0.624
-1.686,-0.257
-1.633,-1.62
-1.962,-2.007
-2.003,-1.026
-2.026,-0.517
-2.13,1.869
-2.148,0.806
-2.258,0.629
-2.306,-0.51
-2.395,0.539
-2.661,-1.787
-2.54,-1.776
-2.622,-0.908
-2.727,1.759
-2.676,-0.857
-2.665,1.338
-2.698,-0.951
-2.801,0.205
-2.957,0.724
-3.034,0.772
-3.06,-0.691
3.09,-0.206
3.12,-1.822
2.942,0.848
2.807,1.666
2.816,1.49
2.941,1.585
2.756,1.744
2.863,0.37
2.64,0.675
2.64,0.46
2.565,1.248
2.585,1.891
2.401,0.068
2.341,-0.831
2.139,-0.688
2.089,-0.554
2.022,0.221
1.933,-1.943
1.901,-1.719
1.988,1.617
1.958,0.339
1.813,0.219
1.904,0.784
1.925,0.151
1.747,-2.353
1.425,-2.051
0.529,-2.317
-0.028,-2.281
0.077,-2.093
-0.893,-2.014
-1.074,-2.37
-1.541,-2.324
-1.686,-2.428
-1.742,-2.187
-3.053,-2.265
-2.93,-2.218
-3.092,-2.352
-2.959,-2.16
3.03,-2.246
2.984,-2.13
2.857,-2.345
2.226,-2.113
2.256,-2.012
2.079,-2.187
1.677,-2.006
1.514,2.231
1.388,2.343
1.349,2.313
1.242,2.297
1.059,2.247
0.174,2.06
-0.358,2.126
-0.591,1.955
-0.933,2.254
-1.28,2.191
-2.152,2.196
-2.377,2.248
-2.726,2.117
2.773,2.3
2.37,1.918
1.93,2.162
1.744,2.063
1.832,2.261
-0.501,-0.11
-1.697,1.1
-2.265,-1.082
-2.706,-0.172
-2.95,1.584
0.804,0.428
0.621,-1.274
0.077,-1.28
-0.601,-0.745
-2.421,1.449
-2.764,0.876
-2.769,0.512
-3.077,-0.243
2.851,-1.5
2.914,0.138
2.573,0.878
2.547,-0.559
2.361,1.331
2.342,1.528
2.289,0.432
1.599,0.338
1.414,-0.987
-0.111,0.26
-1.62,0.276
-2.881,-1.061
-0.162,1.765
1.517,-2.131
2.274,-2.479
0.077,0.336
0.019,0.382
-0.113,0.659
-0.151,2.375
-0.209,1.222
-0.102,2.624
-0.16,0.608
-0.314,1.389
-0.316,-0.169
-0.363,1.271
-0.229,2.239
-0.221,1.686
-0.396,-1.067
-0.391,0.168
-0.442,0.065
-0.438,-0.034
-0.599,-0.947
-0.501,1.112
-0.535,2.019
-0.734,2.412
-0.721,0.546
-0.705,-1.202
-0.733,0.013
-0.979,2.435
-0.824,1.328
-1.001,-0.149
-1.102,-1.288
-1.006,1.333
-1.19,-0.052
-1.092,2.423
-1.152,-0.3
-1.314,1.507
-1.49,0.129
-1.6,0.496
-1.547,-0.867
-1.876,-1.254
-1.917,-0.273
-1.94,0.236
-2.044,2.622
-2.062,1.559
-2.172,1.382
-2.22,0.243
-2.309,1.292
-2.575,-1.034
-2.454,-1.023
-2.536,-0.155
-2.641,2.512
-2.59,-0.104
-2.579,2.091
-2.612,-0.198
-2.715,0.958
-2.871,1.477
-2.948,1.525
-2.974,0.062
-3.107,0.547
-3.077,-1.069
3.028,1.601
2.893,2.419
2.902,2.243
3.027,2.338
2.842,2.497
2.949,1.123
2.726,1.428
2.726,1.213
2.651,2.001
2.671,2.644
2.487,0.821
2.427,-0.078
2.225,0.065
2.175,0.199
2.108,0.974
2.019,-1.19
1.987,-0.966
2.074,2.37
2.044,1.092
1.899,0.972
1.99,1.537
2.011,0.904
1.833,-1.6
1.511,-1.298
0.615,-1.564
0.058,-1.528
0.163,-1.34
-0.807,-1.261
-0.988,-1.617
-1.455,-1.571
-1.6,-1.675
-1.656,-1.434
-2.967,-1.512
-2.844,-1.465
-3.006,-1.599
-2.873,-1.407
3.116,-1.493
3.07,-1.377
2.943,-1.592
2.312,-1.36
2.342,-1.259
2.165,-1.434
1.763,-1.253
1.6,2.984
1.474,3.096
1.435,3.066
1.328,3.05
1.145,3.0
0.26,2.813
-0.272,2.879
-0.505,2.708
-0.847,3.007
-1.194,2.944
-2.066,2.949
-2.291,3.001
-2.64,2.87
2.859,3.053
2.456,2.671
2.016,2.915
1.83,2.816
1.918,3.014
-0.415,0.643
-1.611,1.853
-2.179,-0.329
-2.62,0.581
-2.864,2.337
0.89,1.181
0.707,-0.521
0.163,-0.527
-0.515,0.008
-2.335,2.202
-2.678,1.629
-2.683,1.265
-2.991,0.51
2.937,-0.747
3.0,0.891
2.659,1.631
2.633,0.194
2.447,2.084
2.428,2.281
2.375,1.185
1.685,1.091
1.5,-0.234
-0.025,1.013
-1.534,1.029
-2.795,-0.308
-0.076,2.518
1.603,-1.378
2.36,-1.726
-0.058,0.046
-0.19,0.323
-0.228,2.039
-0.286,0.886
-0.179,2.288
-0.237,0.272
-0.391,1.053
-0.393,-0.505
-0.44,0.935
-0.306,1.903
-0.298,1.35
-0.473,-1.403
-0.468,-0.168
-0.519,-0.271
-0.515,-0.37
-0.676,-1.283
-0.578,0.776
-0.612,1.683
-0.811,2.076
-0.798,0.21
-0.782,-1.538
-0.81,-0.323
-1.056,2.099
-0.901,0.992
-1.078,-0.485
-1.179,-1.624
-1.083,0.997
-1.267,-0.388
-1.169,2.087
-1.229,-0.636
-1.391,1.171
-1.567,-0.207
-1.677,0.16
-1.624,-1.203
-1.953,-1.59
-1.994,-0.609
-2.017,-0.1
-2.121,2.286
-2.139,1.223
-2.249,1.046
-2.297,-0.093
-2.386,0.956
-2.652,-1.37
-2.531,-1.359
-2.613,-0.491
-2.718,2.176
-2.667,-0.44
-2.656,1.755
-2.689,-0.534
-2.792,0.622
-2.948,1.141
-3.025,1.189
-3.051,-0.274
3.099,0.211
3.129,-1.405
2.951,1.265
2.816,2.083
2.825,1.907
2.95,2.002
2.765,2.161
2.872,0.787
2.649,1.092
2.649,0.877
2.574,1.665
2.594,2.308
2.41,0.485
2.35,-0.414
2.148,-0.271
2.098,-0.137
2.031,0.638
1.942,-1.526
1.91,-1.302
1.997,2.034
1.967,0.756
1.822,0.636
1.913,1.201
1.934,0.568
1.756,-1.936
1.434,-1.634
0.538,-1.9
-0.019,-1.864
0.086,-1.676
-0.884,-1.597
-1.065,-1.953
-1.532,-1.907
-1.677,-2.011
-1.733,-1.77
-3.044,-1.848
-2.921,-1.801
-3.083,-1.935
-2.95,-1.743
3.039,-1.829
2.993,-1.713
2.866,-1.928
2.235,-1.696
2.265,-1.595
2.088,-1.77
1.686,-1.589
1.523,2.648
1.397,2.76
1.358,2.73
1.251,2.714
1.068,2.664
0.183,2.477
-0.349,2.543
-0.582,2.372
-0.924,2.671
-1.271,2.608
-2.143,2.613
-2.368,2.665
-2.717,2.534
2.782,2.717
2.379,2.335
1.939,2.579
1.753,2.48
1.841,2.678
-0.492,0.307
-1.688,1.517
-2.256,-0.665
-2.697,0.245
-2.941,2.001
0.813,0.845
0.63,-0.857
0.086,-0.863
-0.592,-0.328
-2.412,1.866
-2.755,1.293
-2.76,0.929
-3.068,0.174
2.86,-1.083
2.923,0.555
2.582,1.295
2.556,-0.142
2.37,1.748
2.351,1.945
2.298,0.849
1.608,0.755
1.423,-0.57
-0.102,0.677
-1.611,0.693
-2.872,-0.644
-0.153,2.182
1.526,-1.714
2.283,-2.062
-0.132,0.277
-0.17,1.993
-0.228,0.84
-0.121,2.242
-0.179,0.226
-0.333,1.007
-0.335,-0.551
-0.382,0.889
-0.248,1.857
-0.24,1.304
-0.415,-1.449
-0.41,-0.214
-0.461,-0.317
-0.457,-0.416
-0.618,-1.329
-0.52,0.73
-0.554,1.637
-0.753,2.03
-0.74,0.164
-0.724,-1.584
-0.752,-0.369
-0.998,2.053
-0.843,0.946
-1.02,-0.531
-1.121,-1.67
-1.025,0.951
-1.209,-0.434
-1.111,2.041
-1.171,-0.682
-1.333,1.125
-1.509,-0.253
-1.619,0.114
-1.566,-1.249
-1.895,-1.636
-1.936,-0.655
-1.959,-0.146
-2.063,2.24
-2.081,1.177
-2.191,1.0
-2.239,-0.139
-2.328,0.91
-2.594,-1.416
-2.473,-1.405
-2.555,-0.537
-2.66,2.13
-2.609,-0.486
-2.598,1.709
-2.631,-0.58
-2.734,0.576
-2.89,1.095
-2.967,1.143
-2.993,-0.32
-3.126,0.165
-3.096,-1.451
3.009,1.219
2.874,2.037
2.883,1.861
3.008,1.956
2.823,2.115
2.93,0.741
2.707,1.046
2.707,0.831
2.632,1.619
2.652,2.262
2.468,0.439
2.408,-0.46
2.206,-0.317
2.156,-0.183
2.089,0.592
2.0,-1.572
1.968,-1.348
2.055,1.988
2.025,0.71
1.88,0.59
1.971,1.155
1.992,0.522
1.814,-1.982
1.492,-1.68
0.596,-1.946
0.039,-1.91
0.144,-1.722
-0.826,-1.643
-1.007,-1.999
-1.474,-1.953
-1.619,-2.057
-1.675,-1.816
-2.986,-1.894
-2.863,-1.847
-3.025,-1.981
-2.892,-1.789
3.097,-1.875
3.051,-1.759
2.924,-1.974
2.293,-1.742
2.323,-1.641
2.146,-1.816
1.744,-1.635
1.581,2.602
1.455,2.714
1.416,2.684
1.309,2.668
1.126,2.618
0.241,2.431
-0.291,2.497
-0.524,2.326
-0.866,2.625
-1.213,2.562
-2.085,2.567
-2.31,2.619
-2.659,2.488
2.84,2.671
2.437,2.289
1.997,2.533
1.811,2.434
1.899,2.632
-0.434,0.261
-1.63,1.471
-2.198,-0.711
-2.639,0.199
-2.883,1.955
0.871,0.799
0.688,-0.903
0.144,-0.909
-0.534,-0.374
-2.354,1.82
-2.697,1.247
-2.702,0.883
-3.01,0.128
2.918,-1.129
2.981,0.509
2.64,1.249
2.614,-0.188
2.428,1.702
2.409,1.899
2.356,0.803
1.666,0.709
1.481,-0.616
-0.044,0.631
-1.553,0.647
-2.814,-0.69
-0.095,2.136
1.584,-1.76
2.341,-2.108
-0.038,1.716
-0.096,0.563
0.011,1.965
-0.047,-0.051
-0.201,0.73
-0.203,-0.828
-0.25,0.612
-0.116,1.58
-0.108,1.027
-0.283,-1.726
-0.278,-0.491
-0.329,-0.594
-0.325,-0.693
-0.486,-1.606
-0.388,0.453
-0.422,1.36
-0.621,1.753
-0.608,-0.113
-0.592,-1.861
-0.62,-0.646
-0.866,1.776
-0.711,0.669
-0.888,-0.808
-0.989,-1.947
-0.893,0.674
-1.077,-0.711
-0.979,1.764
-1.039,-0.959
-1.201,0.848
-1.377,-0.53
-1.487,-0.163
-1.434,-1.526
-1.763,-1.913
-1.804,-0.932
-1.827,-0.423
-1.931,1.963
-1.949,0.9
-2.059,0.723
-2.107,-0.416
-2.196,0.633
-2.462,-1.693
-2.341,-1.682
-2.423,-0.814
-2.528,1.853
-2.477,-0.763
-2.466,1.432
-2.499,-0.857
-2.602,0.299
-2.758,0.818
-2.835,0.866
-2.861,-0.597
-2.994,-0.112
-2.964,-1.728
3.141,0.942
3.006,1.76
3.015,1.584
3.14,1.679
2.955,1.838
3.062,0.464
2.839,0.769
2.839,0.554
2.764,1.342
2.784,1.985
2.6,0.162
2.54,-0.737
2.338,-0.594
2.288,-0.46
2.221,0.315
2.132,-1.849
2.1,-1.625
2.187,1.711
2.157,0.433
2.012,0.313
2.103,0.878
2.124,0.245
1.946,-2.259
1.624,-1.957
0.728,-2.223
0.171,-2.187
0.276,-1.999
-0.694,-1.92
-0.875,-2.276
-1.342,-2.23
-1.487,-2.334
-1.543,-2.093
-2.854,-2.171
-2.731,-2.124
-2.893,-2.258
-2.76,-2.066
-3.054,-2.152
-3.1,-2.036
3.056,-2.251
2.425,-2.019
2.455,-1.918
2.278,-2.093
1.876,-1.912
1.713,2.325
1.587,2.437
1.548,2.407
1.441,2.391
1.258,2.341
0.373,2.154
-0.159,2.22
-0.392,2.049
-0.734,2.348
-1.081,2.285
-1.953,2.29
-2.178,2.342
-2.527,2.211
2.972,2.394
2.569,2.012
2.129,2.256
1.943,2.157
2.031,2.355
-0.302,-0.016
-1.498,1.194
-2.066,-0.988
-2.507,-0.078
-2.751,1.678
1.003,0.522
0.82,-1.18
0.276,-1.186
-0.402,-0.651
-2.222,1.543
-2.565,0.97
-2.57,0.606
-2.878,-0.149
3.05,-1.406
3.113,0.232
2.772,0.972
2.746,-0.465
2.56,1.425
2.541,1.622
2.488,0.526
1.798,0.432
1.613,-0.893
0.088,0.354
-1.421,0.37
-2.682,-0.967
0.037,1.859
1.716,-2.037
2.473,-2.385
-0.058,-1.153
0.049,0.249
-0.009,-1.767
-0.163,-0.986
-0.165,-2.544
-0.212,-1.104
-0.078,-0.136
-0.07,-0.689
-0.245,-3.442
-0.24,-2.207
-0.291,-2.31
-0.287,-2.409
-0.448,-3.322
-0.35,-1.263
-0.384,-0.356
-0.583,0.037
-0.57,-1.829
-0.554,-3.577
-0.582,-2.362
-0.828,0.06
-0.673,-1.047
-0.85,-2.524
-0.951,-3.663
-0.855,-1.042
-1.039,-2.427
-0.941,0.048
-1.001,-2.675
-1.163,-0.868
-1.339,-2.246
-1.449,-1.879
-1.396,-3.242
-1.725,-3.629
-1.766,-2.648
-1.789,-2.139
-1.893,0.247
-1.911,-0.816
-2.021,-0.993
-2.069,-2.132
-2.158,-1.083
-2.424,-3.409
-2.303,-3.398
-2.385,-2.53
-2.49,0.137
-2.439,-2.479
-2.428,-0.284
-2.461,-2.573
-2.564,-1.417
-2.72,-0.898
-2.797,-0.85
-2.823,-2.313
-2.956,-1.828
-2.926,-3.444
-3.104,-0.774
3.044,0.044
3.053,-0.132
-3.105,-0.037
2.993,0.122
3.1,-1.252
2.877,-0.947
2.877,-1.162
2.802,-0.374
2.822,0.269
2.638,-1.554
2.578,-2.453
2.376,-2.31
2.326,-2.176
2.259,-1.401
2.17,-3.565
2.138,-3.341
2.225,-0.005
2.195,-1.283
2.05,-1.403
2.141,-0.838
2.162,-1.471
1.984,-3.975
1.662,-3.673
0.766,-3.939
0.209,-3.903
0.314,-3.715
-0.656,-3.636
-0.837,-3.992
-1.304,-3.946
-1.449,-4.05
-1.505,-3.809
-2.816,-3.887
-2.693,-3.84
-2.855,-3.974
-2.722,-3.782
-3.016,-3.868
-3.062,-3.752
3.094,-3.967
2.463,-3.735
2.493,-3.634
2.316,-3.809
1.914,-3.628
1.751,0.609
1.625,0.721
1.586,0.691
1.479,0.675
1.296,0.625
0.411,0.438
-0.121,0.504
-0.354,0.333
-0.696,0.632
-1.043,0.569
-1.915,0.574
-2.14,0.626
-2.489,0.495
3.01,0.678
2.607,0.296
2.167,0.54
1.981,0.441
2.069,0.639
-0.264,-1.732
-1.46,-0.522
-2.028,-2.704
-2.469,-1.794
-2.713,-0.038
1.041,-1.194
0.858,-2.896
0.314,-2.902
-0.364,-2.367
-2.184,-0.173
-2.527,-0.746
-2.532,-1.11
-2.84,-1.865
3.088,-3.122
-3.132,-1.484
2.81,-0.744
2.784,-2.181
2.598,-0.291
2.579,-0.094
2.526,-1.19
1.836,-1.284
1.651,-2.609
0.126,-1.362
-1.383,-1.346
-2.644,-2.683
0.075,0.143
1.754,-3.753
2.511,-4.101
0.107,1.402
0.049,-0.614
-0.105,0.167
-0.107,-1.391
-0.154,0.049
-0.02,1.017
-0.012,0.464
-0.187,-2.289
-0.182,-1.054
-0.233,-1.157
-0.229,-1.256
-0.39,-2.169
-0.292,-0.11
-0.326,0.797
-0.525,1.19
-0.512,-0.676
-0.496,-2.424
-0.524,-1.209
-0.77,1.213
-0.615,0.106
-0.792,-1.371
-0.893,-2.51
-0.797,0.111
-0.981,-1.274
-0.883,1.201
-0.943,-1.522
-1.105,0.285
-1.281,-1.093
-1.391,-0.726
-1.338,-2.089
-1.667,-2.476
-1.708,-1.495
-1.731,-0.986
-1.835,1.4
-1.853,0.337
-1.963,0.16
-2.011,-0.979
-2.1,0.07
-2.366,-2.256
-2.245,-2.245
-2.327,-1.377
-2.432,1.29
-2.381,-1.326
-2.37,0.869
-2.403,-1.42
-2.506,-0.264
-2.662,0.255
-2.739,0.303
-2.765,-1.16
-2.898,-0.675
-2.868,-2.291
-3.046,0.379
3.102,1.197
3.111,1.021
-3.047,1.116
3.051,1.275
-3.125,-0.099
2.935,0.206
2.935,-0.009
2.86,0.779
2.88,1.422
2.696,-0.401
2.636,-1.3
2.434,-1.157
2.384,-1.023
2.317,-0.248
2.228,-2.412
2.196,-2.188
2.283,1.148
2.253,-0.13
2.108,-0.25
2.199,0.315
2.22,-0.318
2.042,-2.822
1.72,-2.52
0.824,-2.786
0.267,-2.75
0.372,-2.562
-0.598,-2.483
-0.779,-2.839
-1.246,-2.793
-1.391,-2.897
-1.447,-2.656
-2.758,-2.734
-2.635,-2.687
-2.797,-2.821
-2.664,-2.629
-2.958,-2.715
-3.004,-2.599
-3.131,-2.814
2.521,-2.582
2.551,-2.481
2.374,-2.656
1.972,-2.475
1.809,1.762
1.683,1.874
1.644,1.844
1.537,1.828
1.354,1.778
0.469,1.591
-0.063,1.657
-0.296,1.486
-0.638,1.785
-0.985,1.722
-1.857,1.727
-2.082,1.779
-2.431,1.648
3.068,1.831
2.665,1.449
2.225,1.693
2.039,1.594
2.127,1.792
-0.206,-0.579
-1.402,0.631
-1.97,-1.551
-2.411,-0.641
-2.655,1.115
1.099,-0.041
0.916,-1.743
0.372,-1.749
-0.306,-1.214
-2.126,0.98
-2.469,0.407
-2.474,0.043
-2.782,-0.712
-3.137,-1.969
-3.074,-0.331
2.868,0.409
2.842,-1.028
2.656,0.862
2.637,1.059
2.584,-0.037
1.894,-0.131
1.709,-1.456
0.184,-0.209
-1.325,-0.193
-2.586,-1.53
0.133,1.296
1.812,-2.6
2.569,-2.948
-0.058,-2.016
-0.212,-1.235
-0.214,-2.793
-0.261,-1.353
-0.127,-0.385
-0.119,-0.938
-0.294,-3.691
-0.289,-2.456
-0.34,-2.559
-0.336,-2.658
-0.497,-3.571
-0.399,-1.512
-0.433,-0.605
-0.632,-0.212
-0.619,-2.078
-0.603,-3.826
-0.631,-2.611
-0.877,-0.189
-0.722,-1.296
-0.899,-2.773
-1.0,-3.912
-0.904,-1.291
-1.088,-2.676
-0.99,-0.201
-1.05,-2.924
-1.212,-1.117
-1.388,-2.495
-1.498,-2.128
-1.445,-3.491
-1.774,-3.878
-1.815,-2.897
-1.838,-2.388
-1.942,-0.002
-1.96,-1.065
-2.07,-1.242
-2.118,-2.381
-2.207,-1.332
-2.473,-3.658
-2.352,-3.647
-2.434,-2.779
-2.539,-0.112
-2.488,-2.728
-2.477,-0.533
-2.51,-2.822
-2.613,-1.666
-2.769,-1.147
-2.846,-1.099
-2.872,-2.562
-3.005,-2.077
-2.975,-3.693
3.13,-1.023
2.995,-0.205
3.004,-0.381
3.129,-0.286
2.944,-0.127
3.051,-1.501
2.828,-1.196
2.828,-1.411
2.753,-0.623
2.773,0.02
2.589,-1.803
2.529,-2.702
2.327,-2.559
2.277,-2.425
2.21,-1.65
2.121,-3.814
2.089,-3.59
2.176,-0.254
2.146,-1.532
2.001,-1.652
2.092,-1.087
2.113,-1.72
1.935,-4.224
1.613,-3.922
0.717,-4.188
0.16,-4.152
0.265,-3.964
-0.705,-3.885
-0.886,-4.241
-1.353,-4.195
-1.498,-4.299
-1.554,-4.058
-2.865,-4.136
-2.742,-4.089
-2.904,-4.223
-2.771,-4.031
-3.065,-4.117
-3.111,-4.001
3.045,-4.216
2.414,-3.984
2.444,-3.883
2.267,-4.058
1.865,-3.877
1.702,0.36
1.576,0.472
1.537,0.442
1.43,0.426
1.247,0.376
0.362,0.189
-0.17,0.255
-0.403,0.084
-0.745,0.383
-1.092,0.32
-1.964,0.325
-2.189,0.377
-2.538,0.246
2.961,0.429
2.558,0.047
2.118,0.291
1.932,0.192
2.02,0.39
-0.313,-1.981
-1.509,-0.771
-2.077,-2.953
-2.518,-2.043
-2.762,-0.287
0.992,-1.443
0.809,-3.145
0.265,-3.151
-0.413,-2.616
-2.233,-0.422
-2.576,-0.995
-2.581,-1.359
-2.889,-2.114
3.039,-3.371
3.102,-1.733
2.761,-0.993
2.735,-2.43
2.549,-0.54
2.53,-0.343
2.477,-1.439
1.787,-1.533
1.602,-2.858
0.077,-1.611
-1.432,-1.595
-2.693,-2.932
0.026,-0.106
1.705,-4.002
2.462,-4.35
-0.154,0.781
-0.156,-0.777
-0.203,0.663
-0.069,1.631
-0.061,1.078
-0.236,-1.675
-0.231,-0.44
-0.282,-0.543
-0.278,-0.642
-0.439,-1.555
-0.341,0.504
-0.375,1.411
-0.574,1.804
-0.561,-0.062
-0.545,-1.81
-0.573,-0.595
-0.819,1.827
-0.664,0.72
-0.841,-0.757
-0.942,-1.896
-0.846,0.725
-1.03,-0.66
-0.932,1.815
-0.992,-0.908
-1.154,0.899
-1.33,-0.479
-1.44,-0.112
-1.387,-1.475
-1.716,-1.862
-1.757,-0.881
-1.78,-0.372
-1.884,2.014
-1.902,0.951
-2.012,0.774
-2.06,-0.365
-2.149,0.684
-2.415,-1.642
-2.294,-1.631
-2.376,-0.763
-2.481,1.904
-2.43,-0.712
-2.419,1.483
-2.452,-0.806
-2.555,0.35
-2.711,0.869
-2.788,0.917
-2.814,-0.546
-2.947,-0.061
-2.917,-1.677
-3.095,0.993
3.053,1.811
3.062,1.635
-3.096,1.73
3.002,1.889
3.109,0.515
2.886,0.82
2.886,0.605
2.811,1.393
2.831,2.036
2.647,0.213
2.587,-0.686
2.385,-0.543
2.335,-0.409
2.268,0.366
2.179,-1.798
2.147,-1.574
2.234,1.762
2.204,0.484
2.059,0.364
2.15,0.929
2.171,0.296
1.993,-2.208
1.671,-1.906
0.775,-2.172
0.218,-2.136
0.323,-1.948
-0.647,-1.869
-0.828,-2.225
-1.295,-2.179
-1.44,-2.283
-1.496,-2.042
-2.807,-2.12
-2.684,-2.073
-2.846,-2.207
-2.713,-2.015
-3.007,-2.101
-3.053,-1.985
3.103,-2.2
2.472,-1.968
2.502,-1.867
2.325,-2.042
1.923,-1.861
1.76,2.376
1.634,2.488
1.595,2.458
1.488,2.442
1.305,2.392
0.42,2.205
-0.112,2.271
-0.345,2.1
-0.687,2.399
-1.034,2.336
-1.906,2.341
-2.131,2.393
-2.48,2.262
3.019,2.445
2.616,2.063
2.176,2.307
1.99,2.208
2.078,2.406
-0.255,0.035
-1.451,1.245
-2.019,-0.937
-2.46,-0.027
-2.704,1.729
1.05,0.573
0.867,-1.129
0.323,-1.135
-0.355,-0.6
-2.175,1.594
-2.518,1.021
-2.523,0.657
-2.831,-0.098
3.097,-1.355
-3.123,0.283
2.819,1.023
2.793,-0.414
2.607,1.476
2.588,1.673
2.535,0.577
1.845,0.483
1.66,-0.842
0.135,0.405
-1.374,0.421
-2.635,-0.916
0.084,1.91
1.763,-1.986
2.52,-2.334
-0.002,-1.558
-0.049,-0.118
0.085,0.85
0.093,0.297
-0.082,-2.456
-0.077,-1.221
-0.128,-1.324
-0.124,-1.423
-0.285,-2.336
-0.187,-0.277
-0.221,0.63
-0.42,1.023
-0.407,-0.843
-0.391,-2.591
-0.419,-1.376
-0.665,1.046
-0.51,-0.061
-0.687,-1.538
-0.788,-2.677
-0.692,-0.056
-0.876,-1.441
-0.778,1.034
-0.838,-1.689
-1.0,0.118
-1.176,-1.26
-1.286,-0.893
-1.233,-2.256
-1.562,-2.643
-1.603,-1.662
-1.626,-1.153
-1.73,1.233
-1.748,0.17
-1.858,-0.007
-1.906,-1.146
-1.995,-0.097
-2.261,-2.423
-2.14,-2.412
-2.222,-1.544
-2.327,1.123
-2.276,-1.493
-2.265,0.702
-2.298,-1.587
-2.401,-0.431
-2.557,0.088
-2.634,0.136
-2.66,-1.327
-2.793,-0.842
-2.763,-2.458
-2.941,0.212
-3.076,1.03
-3.067,0.854
-2.942,0.949
-3.127,1.108
-3.02,-0.266
3.04,0.039
3.04,-0.176
2.965,0.612
2.985,1.255
2.801,-0.568
2.741,-1.467
2.539,-1.324
2.489,-1.19
2.422,-0.415
2.333,-2.579
2.301,-2.355
2.388,0.981
2.358,-0.297
2.213,-0.417
2.304,0.148
2.325,-0.485
2.147,-2.989
1.825,-2.687
0.929,-2.953
0.372,-2.917
0.477,-2.729
-0.493,-2.65
-0.674,-3.006
-1.141,-2.96
-1.286,-3.064
-1.342,-2.823
-2.653,-2.901
-2.53,-2.854
-2.692,-2.988
-2.559,-2.796
-2.853,-2.882
-2.899,-2.766
-3.026,-2.981
2.626,-2.749
2.656,-2.648
2.479,-2.823
2.077,-2.642
1.914,1.595
1.788,1.707
1.749,1.677
1.642,1.661
1.459,1.611
0.574,1.424
0.042,1.49
-0.191,1.319
-0.533,1.618
-0.88,1.555
-1.752,1.56
-1.977,1.612
-2.326,1.481
-3.11,1.664
2.77,1.282
2.33,1.526
2.144,1.427
2.232,1.625
-0.101,-0.746
-1.297,0.464
-1.865,-1.718
-2.306,-0.808
-2.55,0.948
1.204,-0.208
1.021,-1.91
0.477,-1.916
-0.201,-1.381
-2.021,0.813
-2.364,0.24
-2.369,-0.124
-2.677,-0.879
-3.032,-2.136
-2.969,-0.498
2.973,0.242
2.947,-1.195
2.761,0.695
2.742,0.892
2.689,-0.204
1.999,-0.298
1.814,-1.623
0.289,-0.376
-1.22,-0.36
-2.481,-1.697
0.238,1.129
1.917,-2.767
2.674,-3.115
-0.047,1.44
0.087,2.408
0.095,1.855
-0.08,-0.898
-0.075,0.337
-0.126,0.234
-0.122,0.135
-0.283,-0.778
-0.185,1.281
-0.219,2.188
-0.418,2.581
-0.405,0.715
-0.389,-1.033
-0.417,0.182
-0.663,2.604
-0.508,1.497
-0.685,0.02
-0.786,-1.119
-0.69,1.502
-0.874,0.117
-0.776,2.592
-0.836,-0.131
-0.998,1.676
-1.174,0.298
-1.284,0.665
-1.231,-0.698
-1.56,-1.085
-1.601,-0.104
-1.624,0.405
-1.728,2.791
-1.746,1.728
-1.856,1.551
-1.904,0.412
-1.993,1.461
-2.259,-0.865
-2.138,-0.854
-2.22,0.014
-2.325,2.681
-2.274,0.065
-2.263,2.26
-2.296,-0.029
-2.399,1.127
-2.555,1.646
-2.632,1.694
-2.658,0.231
-2.791,0.716
-2.761,-0.9
-2.939,1.77
-3.074,2.588
-3.065,2.412
-2.94,2.507
-3.125,2.666
-3.018,1.292
3.042,1.597
3.042,1.382
2.967,2.17
2.987,2.813
2.803,0.99
2.743,0.091
2.541,0.234
2.491,0.368
2.424,1.143
2.335,-1.021
2.303,-0.797
2.39,2.539
2.36,1.261
2.215,1.141
2.306,1.706
2.327,1.073
2.149,-1.431
1.827,-1.129
0.931,-1.395
0.374,-1.359
0.479,-1.171
-0.491,-1.092
-0.672,-1.448
-1.139,-1.402
-1.284,-1.506
-1.34,-1.265
-2.651,-1.343
-2.528,-1.296
-2.69,-1.43
-2.557,-1.238
-2.851,-1.324
-2.897,-1.208
-3.024,-1.423
2.628,-1.191
2.658,-1.09
2.481,-1.265
2.079,-1.084
1.916,3.153
1.79,3.265
1.751,3.235
1.644,3.219
1.461,3.169
0.576,2.982
0.044,3.048
-0.189,2.877
-0.531,3.176
-0.878,3.113
-1.75,3.118
-1.975,3.17
-2.324,3.039
-3.108,3.222
2.772,2.84
2.332,3.084
2.146,2.985
2.234,3.183
-0.099,0.812
-1.295,2.022
-1.863,-0.16
-2.304,0.75
-2.548,2.506
1.206,1.35
1.023,-0.352
0.479,-0.358
-0.199,0.177
-2.019,2.371
-2.362,1.798
-2.367,1.434
-2.675,0.679
-3.03,-0.578
-2.967,1.06
2.975,1.8
2.949,0.363
2.763,2.253
2.744,2.45
2.691,1.354
2.001,1.26
1.816,-0.065
0.291,1.182
-1.218,1.198
-2.479,-0.139
0.24,2.687
1.919,-1.209
2.676,-1.557
0.134,0.968
0.142,0.415
-0.033,-2.338
-0.028,-1.103
-0.079,-1.206
-0.075,-1.305
-0.236,-2.218
-0.138,-0.159
-0.172,0.748
-0.371,1.141
-0.358,-0.725
-0.342,-2.473
-0.37,-1.258
-0.616,1.164
-0.461,0.057
-0.638,-1.42
-0.739,-2.559
-0.643,0.062
-0.827,-1.323
-0.729,1.152
-0.789,-1.571
-0.951,0.236
-1.127,-1.142
-1.237,-0.775
-1.184,-2.138
-1.513,-2.525
-1.554,-1.544
-1.577,-1.035
-1.681,1.351
-1.699,0.288
-1.809,0.111
-1.857,-1.028
-1.946,0.021
-2.212,-2.305
-2.091,-2.294
-2.173,-1.426
-2.278,1.241
-2.227,-1.375
-2.216,0.82
-2.249,-1.469
-2.352,-0.313
-2.508,0.206
-2.585,0.254
-2.611,-1.209
-2.744,-0.724
-2.714,-2.34
-2.892,0.33
-3.027,1.148
-3.018,0.972
-2.893,1.067
-3.078,1.226
-2.971,-0.148
3.089,0.157
3.089,-0.058
3.014,0.73
3.034,1.373
2.85,-0.45
2.79,-1.349
2.588,-1.206
2.538,-1.072
2.471,-0.297
2.382,-2.461
2.35,-2.237
2.437,1.099
2.407,-0.179
2.262,-0.299
2.353,0.266
2.374,-0.367
2.196,-2.871
1.874,-2.569
0.978,-2.835
0.421,-2.799
0.526,-2.611
-0.444,-2.532
-0.625,-2.888
-1.092,-2.842
-1.237,-2.946
-1.293,-2.705
-2.604,-2.783
-2.481,-2.736
-2.643,-2.87
-2.51,-2.678
-2.804,-2.764
-2.85,-2.648
-2.977,-2.863
2.675,-2.631
2.705,-2.53
2.528,-2.705
2.126,-2.524
1.963,1.713
1.837,1.825
1.798,1.795
1.691,1.779
1.508,1.729
0.623,1.542
0.091,1.608
-0.142,1.437
-0.484,1.736
-0.831,1.673
-1.703,1.678
-1.928,1.73
-2.277,1.599
-3.061,1.782
2.819,1.4
2.379,1.644
2.193,1.545
2.281,1.743
-0.052,-0.628
-1.248,0.582
-1.816,-1.6
-2.257,-0.69
-2.501,1.066
1.253,-0.09
1.07,-1.792
0.526,-1.798
-0.152,-1.263
-1.972,0.931
-2.315,0.358
-2.32,-0.006
-2.628,-0.761
-2.983,-2.018
-2.92,-0.38
3.022,0.36
2.996,-1.077
2.81,0.813
2.791,1.01
2.738,-0.086
2.048,-0.18
1.863,-1.505
0.338,-0.258
-1.171,-0.242
-2.432,-1.579
0.287,1.247
1.966,-2.649
2.723,-2.997
0.008,-0.553
-0.167,-3.306
-0.162,-2.071
-0.213,-2.174
-0.209,-2.273
-0.37,-3.186
-0.272,-1.127
-0.306,-0.22
-0.505,0.173
-0.492,-1.693
-0.476,-3.441
-0.504,-2.226
-0.75,0.196
-0.595,-0.911
-0.772,-2.388
-0.873,-3.527
-0.777,-0.906
-0.961,-2.291
-0.863,0.184
-0.923,-2.539
-1.085,-0.732
-1.261,-2.11
-1.371,-1.743
-1.318,-3.106
-1.647,-3.493
-1.688,-2.512
-1.711,-2.003
-1.815,0.383
-1.833,-0.68
-1.943,-0.857
-1.991,-1.996
-2.08,-0.947
-2.346,-3.273
-2.225,-3.262
-2.307,-2.394
-2.412,0.273
-2.361,-2.343
-2.35,-0.148
-2.383,-2.437
-2.486,-1.281
-2.642,-0.762
-2.719,-0.714
-2.745,-2.177
-2.878,-1.692
-2.848,-3.308
-3.026,-0.638
3.122,0.18
3.131,0.004
-3.027,0.099
3.071,0.258
-3.105,-1.116
2.955,-0.811
2.955,-1.026
2.88,-0.238
2.9,0.405
2.716,-1.418
2.656,-2.317
2.454,-2.174
2.404,-2.04
2.337,-1.265
2.248,-3.429
2.216,-3.205
2.303,0.131
2.273,-1.147
2.128,-1.267
2.219,-0.702
2.24,-1.335
2.062,-3.839
1.74,-3.537
0.844,-3.803
0.287,-3.767
0.392,-3.579
-0.578,-3.5
-0.759,-3.856
-1.226,-3.81
-1.371,-3.914
-1.427,-3.673
-2.738,-3.751
-2.615,-3.704
-2.777,-3.838
-2.644,-3.646
-2.938,-3.732
-2.984,-3.616
-3.111,-3.831
2.541,-3.599
2.571,-3.498
2.394,-3.673
1.992,-3.492
1.829,0.745
1.703,0.857
1.664,0.827
1.557,0.811
1.374,0.761
0.489,0.574
-0.043,0.64
-0.276,0.469
-0.618,0.768
-0.965,0.705
-1.837,0.71
-2.062,0.762
-2.411,0.631
3.088,0.814
2.685,0.432
2.245,0.676
2.059,0.577
2.147,0.775
-0.186,-1.596
-1.382,-0.386
-1.95,-2.568
-2.391,-1.658
-2.635,0.098
1.119,-1.058
0.936,-2.76
0.392,-2.766
-0.286,-2.231
-2.106,-0.037
-2.449,-0.61
-2.454,-0.974
-2.762,-1.729
-3.117,-2.986
-3.054,-1.348
2.888,-0.608
2.862,-2.045
2.676,-0.155
2.657,0.042
2.604,-1.054
1.914,-1.148
1.729,-2.473
0.204,-1.226
-1.305,-1.21
-2.566,-2.547
0.153,0.279
1.832,-3.617
2.589,-3.965
-0.175,-2.753
-0.17,-1.518
-0.221,-1.621
-0.217,-1.72
-0.378,-2.633
-0.28,-0.574
-0.314,0.333
-0.513,0.726
-0.5,-1.14
-0.484,-2.888
-0.512,-1.673
-0.758,0.749
-0.603,-0.358
-0.78,-1.835
-0.881,-2.974
-0.785,-0.353
-0.969,-1.738
-0.871,0.737
-0.931,-1.986
-1.093,-0.179
-1.269,-1.557
-1.379,-1.19
-1.326,-2.553
-1.655,-2.94
-1.696,-1.959
-1.719,-1.45
-1.823,0.936
-1.841,-0.127
-1.951,-0.304
-1.999,-1.443
-2.088,-0.394
-2.354,-2.72
-2.233,-2.709
-2.315,-1.841
-2.42,0.826
-2.369,-1.79
-2.358,0.405
-2.391,-1.884
-2.494,-0.728
-2.65,-0.209
-2.727,-0.161
-2.753,-1.624
-2.886,-1.139
-2.856,-2.755
-3.034,-0.085
3.114,0.733
3.123,0.557
-3.035,0.652
3.063,0.811
-3.113,-0.563
2.947,-0.258
2.947,-0.473
2.872,0.315
2.892,0.958
2.708,-0.865
2.648,-1.764
2.446,-1.621
2.396,-1.487
2.329,-0.712
2.24,-2.876
2.208,-2.652
2.295,0.684
2.265,-0.594
2.12,-0.714
2.211,-0.149
2.232,-0.782
2.054,-3.286
1.732,-2.984
0.836,-3.25
0.279,-3.214
0.384,-3.026
-0.586,-2.947
-0.767,-3.303
-1.234,-3.257
-1.379,-3.361
-1.435,-3.12
-2.746,-3.198
-2.623,-3.151
-2.785,-3.285
-2.652,-3.093
-2.946,-3.179
-2.992,-3.063
-3.119,-3.278
2.533,-3.046
2.563,-2.945
2.386,-3.12
1.984,-2.939
1.821,1.298
1.695,1.41
1.656,1.38
1.549,1.364
1.366,1.314
0.481,1.127
-0.051,1.193
-0.284,1.022
-0.626,1.321
-0.973,1.258
-1.845,1.263
-2.07,1.315
-2.419,1.184
3.08,1.367
2.677,0.985
2.237,1.229
2.051,1.13
2.139,1.328
-0.194,-1.043
-1.39,0.167
-1.958,-2.015
-2.399,-1.105
-2.643,0.651
1.111,-0.505
0.928,-2.207
0.384,-2.213
-0.294,-1.678
-2.114,0.516
-2.457,-0.057
-2.462,-0.421
-2.77,-1.176
-3.125,-2.433
-3.062,-0.795
2.88,-0.055
2.854,-1.492
2.668,0.398
2.649,0.595
2.596,-0.501
1.906,-0.595
1.721,-1.92
0.196,-0.673
-1.313,-0.657
-2.574,-1.994
0.145,0.832
1.824,-3.064
2.581,-3.412
0.005,1.235
-0.046,1.132
-0.042,1.033
-0.203,0.12
-0.105,2.179
-0.139,3.086
-0.338,3.479
-0.325,1.613
-0.309,-0.135
-0.337,1.08
-0.583,3.502
-0.428,2.395
-0.605,0.918
-0.706,-0.221
-0.61,2.4
-0.794,1.015
-0.696,3.49
-0.756,0.767
-0.918,2.574
-1.094,1.196
-1.204,1.563
-1.151,0.2
-1.48,-0.187
-1.521,0.794
-1.544,1.303
-1.648,3.689
-1.666,2.626
-1.776,2.449
-1.824,1.31
-1.913,2.359
-2.179,0.033
-2.058,0.044
-2.14,0.912
-2.245,3.579
-2.194,0.963
-2.183,3.158
-2.216,0.869
-2.319,2.025
-2.475,2.544
-2.552,2.592
-2.578,1.129
-2.711,1.614
-2.681,-0.002
-2.859,2.668
-2.994,3.486
-2.985,3.31
-2.86,3.405
-3.045,3.564
-2.938,2.19
3.122,2.495
3.122,2.28
3.047,3.068
3.067,3.711
2.883,1.888
2.823,0.989
2.621,1.132
2.571,1.266
2.504,2.041
2.415,-0.123
2.383,0.101
2.47,3.437
2.44,2.159
2.295,2.039
2.386,2.604
2.407,1.971
2.229,-0.533
1.907,-0.231
1.011,-0.497
0.454,-0.461
0.559,-0.273
-0.411,-0.194
-0.592,-0.55
-1.059,-0.504
-1.204,-0.608
-1.26,-0.367
-2.571,-0.445
-2.448,-0.398
-2.61,-0.532
-2.477,-0.34
-2.771,-0.426
-2.817,-0.31
-2.944,-0.525
2.708,-0.293
2.738,-0.192
2.561,-0.367
2.159,-0.186
1.996,4.051
1.87,4.163
1.831,4.133
1.724,4.117
1.541,4.067
0.656,3.88
0.124,3.946
-0.109,3.775
-0.451,4.074
-0.798,4.011
-1.67,4.016
-1.895,4.068
-2.244,3.937
-3.028,4.12
2.852,3.738
2.412,3.982
2.226,3.883
2.314,4.081
-0.019,1.71
-1.215,2.92
-1.783,0.738
-2.224,1.648
-2.468,3.404
1.286,2.248
1.103,0.546
0.559,0.54
-0.119,1.075
-1.939,3.269
-2.282,2.696
-2.287,2.332
-2.595,1.577
-2.95,0.32
-2.887,1.958
3.055,2.698
3.029,1.261
2.843,3.151
2.824,3.348
2.771,2.252
2.081,2.158
1.896,0.833
0.371,2.08
-1.138,2.096
-2.399,0.759
0.32,3.585
1.999,-0.311
2.756,-0.659
-0.051,-0.103
-0.047,-0.202
-0.208,-1.115
-0.11,0.944
-0.144,1.851
-0.343,2.244
-0.33,0.378
-0.314,-1.37
-0.342,-0.155
-0.588,2.267
-0.433,1.16
-0.61,-0.317
-0.711,-1.456
-0.615,1.165
-0.799,-0.22
-0.701,2.255
-0.761,-0.468
-0.923,1.339
-1.099,-0.039
-1.209,0.328
-1.156,-1.035
-1.485,-1.422
-1.526,-0.441
-1.549,0.068
-1.653,2.454
-1.671,1.391
-1.781,1.214
-1.829,0.075
-1.918,1.124
-2.184,-1.202
-2.063,-1.191
-2.145,-0.323
-2.25,2.344
-2.199,-0.272
-2.188,1.923
-2.221,-0.366
-2.324,0.79
-2.48,1.309
-2.557,1.357
-2.583,-0.106
-2.716,0.379
-2.686,-1.237
-2.864,1.433
-2.999,2.251
-2.99,2.075
-2.865,2.17
-3.05,2.329
-2.943,0.955
3.117,1.26
3.117,1.045
3.042,1.833
3.062,2.476
2.878,0.653
2.818,-0.246
2.616,-0.103
2.566,0.031
2.499,0.806
2.41,-1.358
2.378,-1.134
2.465,2.202
2.435,0.924
2.29,0.804
2.381,1.369
2.402,0.736
2.224,-1.768
1.902,-1.466
1.006,-1.732
0.449,-1.696
0.554,-1.508
-0.416,-1.429
-0.597,-1.785
-1.064,-1.739
-1.209,-1.843
-1.265,-1.602
-2.576,-1.68
-2.453,-1.633
-2.615,-1.767
-2.482,-1.575
-2.776,-1.661
-2.822,-1.545
-2.949,-1.76
2.703,-1.528
2.733,-1.427
2.556,-1.602
2.154,-1.421
1.991,2.816
1.865,2.928
1.826,2.898
1.719,2.882
1.536,2.832
0.651,2.645
0.119,2.711
-0.114,2.54
-0.456,2.839
-0.803,2.776
-1.675,2.781
-1.9,2.833
-2.249,2.702
-3.033,2.885
2.847,2.503
2.407,2.747
2.221,2.648
2.309,2.846
-0.024,0.475
-1.22,1.685
-1.788,-0.497
-2.229,0.413
-2.473,2.169
1.281,1.013
1.098,-0.689
0.554,-0.695
-0.124,-0.16
-1.944,2.034
-2.287,1.461
-2.292,1.097
-2.6,0.342
-2.955,-0.915
-2.892,0.723
3.05,1.463
3.024,0.026
2.838,1.916
2.819,2.113
2.766,1.017
2.076,0.923
1.891,-0.402
0.366,0.845
-1.143,0.861
-2.404,-0.476
0.315,2.35
1.994,-1.546
2.751,-1.894
0.004,-0.099
-0.157,-1.012
-0.059,1.047
-0.093,1.954
-0.292,2.347
-0.279,0.481
-0.263,-1.267
-0.291,-0.052
-0.537,2.37
-0.382,1.263
-0.559,-0.214
-0.66,-1.353
-0.564,1.268
-0.748,-0.117
-0.65,2.358
-0.71,-0.365
-0.872,1.442
-1.048,0.064
-1.158,0.431
-1.105,-0.932
-1.434,-1.319
-1.475,-0.338
-1.498,0.171
-1.602,2.557
-1.62,1.494
-1.73,1.317
-1.778,0.178
-1.867,1.227
-2.133,-1.099
-2.012,-1.088
-2.094,-0.22
-2.199,2.447
-2.148,-0.169
-2.137,2.026
-2.17,-0.263
-2.273,0.893
-2.429,1.412
-2.506,1.46
-2.532,-0.003
-2.665,0.482
-2.635,-1.134
-2.813,1.536
-2.948,2.354
-2.939,2.178
-2.814,2.273
-2.999,2.432
-2.892,1.058
-3.115,1.363
-3.115,1.148
3.093,1.936
3.113,2.579
2.929,0.756
2.869,-0.143
2.667,0.0
2.617,0.134
2.55,0.909
2.461,-1.255
2.429,-1.031
2.516,2.305
2.486,1.027
2.341,0.907
2.432,1.472
2.453,0.839
2.275,-1.665
1.953,-1.363
1.057,-1.629
0.5,-1.593
0.605,-1.405
-0.365,-1.326
-0.546,-1.682
-1.013,-1.636
-1.158,-1.74
-1.214,-1.499
-2.525,-1.577
-2.402,-1.53
-2.564,-1.664
-2.431,-1.472
-2.725,-1.558
-2.771,-1.442
-2.898,-1.657
2.754,-1.425
2.784,-1.324
2.607,-1.499
2.205,-1.318
2.042,2.919
1.916,3.031
1.877,3.001
1.77,2.985
1.587,2.935
0.702,2.748
0.17,2.814
-0.063,2.643
-0.405,2.942
-0.752,2.879
-1.624,2.884
-1.849,2.936
-2.198,2.805
-2.982,2.988
2.898,2.606
2.458,2.85
2.272,2.751
2.36,2.949
0.027,0.578
-1.169,1.788
-1.737,-0.394
-2.178,0.516
-2.422,2.272
1.332,1.116
1.149,-0.586
0.605,-0.592
-0.073,-0.057
-1.893,2.137
-2.236,1.564
-2.241,1.2
-2.549,0.445
-2.904,-0.812
-2.841,0.826
3.101,1.566
3.075,0.129
2.889,2.019
2.87,2.216
2.817,1.12
2.127,1.026
1.942,-0.299
0.417,0.948
-1.092,0.964
-2.353,-0.373
0.366,2.453
2.045,-1.443
2.802,-1.791
-0.161,-0.913
-0.063,1.146
-0.097,2.053
-0.296,2.446
-0.283,0.58
-0.267,-1.168
-0.295,0.047
-0.541,2.469
-0.386,1.362
-0.563,-0.115
-0.664,-1.254
-0.568,1.367
-0.752,-0.018
-0.654,2.457
-0.714,-0.266
-0.876,1.541
-1.052,0.163
-1.162,0.53
-1.109,-0.833
-1.438,-1.22
-1.479,-0.239
-1.502,0.27
-1.606,2.656
-1.624,1.593
-1.734,1.416
-1.782,0.277
-1.871,1.326
-2.137,-1.0
-2.016,-0.989
-2.098,-0.121
-2.203,2.546
-2.152,-0.07
-2.141,2.125
-2.174,-0.164
-2.277,0.992
-2.433,1.511
-2.51,1.559
-2.536,0.096
-2.669,0.581
-2.639,-1.035
-2.817,1.635
-2.952,2.453
-2.943,2.277
-2.818,2.372
-3.003,2.531
-2.896,1.157
-3.119,1.462
-3.119,1.247
3.089,2.035
3.109,2.678
2.925,0.855
2.865,-0.044
2.663,0.099
2.613,0.233
2.546,1.008
2.457,-1.156
2.425,-0.932
2.512,2.404
2.482,1.126
2.337,1.006
2.428,1.571
2.449,0.938
2.271,-1.566
1.949,-1.264
1.053,-1.53
0.496,-1.494
0.601,-1.306
-0.369,-1.227
-0.55,-1.583
-1.017,-1.537
-1.162,-1.641
-1.218,-1.4
-2.529,-1.478
-2.406,-1.431
-2.568,-1.565
-2.435,-1.373
-2.729,-1.459
-2.775,-1.343
-2.902,-1.558
2.75,-1.326
2.78,-1.225
2.603,-1.4
2.201,-1.219
2.038,3.018
1.912,3.13
1.873,3.1
1.766,3.084
1.583,3.034
0.698,2.847
0.166,2.913
-0.067,2.742
-0.409,3.041
-0.756,2.978
-1.628,2.983
-1.853,3.035
-2.202,2.904
-2.986,3.087
2.894,2.705
2.454,2.949
2.268,2.85
2.356,3.048
0.023,0.677
-1.173,1.887
-1.741,-0.295
-2.182,0.615
-2.426,2.371
1.328,1.215
1.145,-0.487
0.601,-0.493
-0.077,0.042
-1.897,2.236
-2.24,1.663
-2.245,1.299
-2.553,0.544
-2.908,-0.713
-2.845,0.925
3.097,1.665
3.071,0.228
2.885,2.118
2.866,2.315
2.813,1.219
2.123,1.125
1.938,-0.2
0.413,1.047
-1.096,1.063
-2.357,-0.274
0.362,2.552
2.041,-1.344
2.798,-1.692
0.098,2.059
0.064,2.966
-0.135,3.359
-0.122,1.493
-0.106,-0.255
-0.134,0.96
-0.38,3.382
-0.225,2.275
-0.402,0.798
-0.503,-0.341
-0.407,2.28
-0.591,0.895
-0.493,3.37
-0.553,0.647
-0.715,2.454
-0.891,1.076
-1.001,1.443
-0.948,0.08
-1.277,-0.307
-1.318,0.674
-1.341,1.183
-1.445,3.569
-1.463,2.506
-1.573,2.329
-1.621,1.19
-1.71,2.239
-1.976,-0.087
-1.855,-0.076
-1.937,0.792
-2.042,3.459
-1.991,0.843
-1.98,3.038
-2.013,0.749
-2.116,1.905
-2.272,2.424
-2.349,2.472
-2.375,1.009
-2.508,1.494
-2.478,-0.122
-2.656,2.548
-2.791,3.366
-2.782,3.19
-2.657,3.285
-2.842,3.444
-2.735,2.07
-2.958,2.375
-2.958,2.16
-3.033,2.948
-3.013,3.591
3.086,1.768
3.026,0.869
2.824,1.012
2.774,1.146
2.707,1.921
2.618,-0.243
2.586,-0.019
2.673,3.317
2.643,2.039
2.498,1.919
2.589,2.484
2.61,1.851
2.432,-0.653
2.11,-0.351
1.214,-0.617
0.657,-0.581
0.762,-0.393
-0.208,-0.314
-0.389,-0.67
-0.856,-0.624
-1.001,-0.728
-1.057,-0.487
-2.368,-0.565
-2.245,-0.518
-2.407,-0.652
-2.274,-0.46
-2.568,-0.546
-2.614,-0.43
-2.741,-0.645
2.911,-0.413
2.941,-0.312
2.764,-0.487
2.362,-0.306
2.199,3.931
2.073,4.043
2.034,4.013
1.927,3.997
1.744,3.947
0.859,3.76
0.327,3.826
0.094,3.655
-0.248,3.954
-0.595,3.891
-1.467,3.896
-1.692,3.948
-2.041,3.817
-2.825,4.0
3.055,3.618
2.615,3.862
2.429,3.763
2.517,3.961
0.184,1.59
-1.012,2.8
-1.58,0.618
-2.021,1.528
-2.265,3.284
1.489,2.128
1.306,0.426
0.762,0.42
0.084,0.955
-1.736,3.149
-2.079,2.576
-2.084,2.212
-2.392,1.457
-2.747,0.2
-2.684,1.838
-3.025,2.578
-3.051,1.141
3.046,3.031
3.027,3.228
2.974,2.132
2.284,2.038
2.099,0.713
0.574,1.96
-0.935,1.976
-2.196,0.639
0.523,3.465
2.202,-0.431
2.959,-0.779
-0.034,0.907
-0.233,1.3
-0.22,-0.566
-0.204,-2.314
-0.232,-1.099
-0.478,1.323
-0.323,0.216
-0.5,-1.261
-0.601,-2.4
-0.505,0.221
-0.689,-1.164
-0.591,1.311
-0.651,-1.412
-0.813,0.395
-0.989,-0.983
-1.099,-0.616
-1.046,-1.979
-1.375,-2.366
-1.416,-1.385
-1.439,-0.876
-1.543,1.51
-1.561,0.447
-1.671,0.27
-1.719,-0.869
-1.808,0.18
-2.074,-2.146
-1.953,-2.135
-2.035,-1.267
-2.14,1.4
-2.089,-1.216
-2.078,0.979
-2.111,-1.31
-2.214,-0.154
-2.37,0.365
-2.447,0.413
-2.473,-1.05
-2.606,-0.565
-2.576,-2.181
-2.754,0.489
-2.889,1.307
-2.88,1.131
-2.755,1.226
-2.94,1.385
-2.833,0.011
-3.056,0.316
-3.056,0.101
-3.131,0.889
-3.111,1.532
2.988,-0.291
2.928,-1.19
2.726,-1.047
2.676,-0.913
2.609,-0.138
2.52,-2.302
2.488,-2.078
2.575,1.258
2.545,-0.02
2.4,-0.14
2.491,0.425
2.512,-0.208
2.334,-2.712
2.012,-2.41
1.116,-2.676
0.559,-2.64
0.664,-2.452
-0.306,-2.373
-0.487,-2.729
-0.954,-2.683
-1.099,-2.787
-1.155,-2.546
-2.466,-2.624
-2.343,-2.577
-2.505,-2.711
-2.372,-2.519
-2.666,-2.605
-2.712,-2.489
-2.839,-2.704
2.813,-2.472
2.843,-2.371
2.666,-2.546
2.264,-2.365
2.101,1.872
1.975,1.984
1.936,1.954
1.829,1.938
1.646,1.888
0.761,1.701
0.229,1.767
-0.004,1.596
-0.346,1.895
-0.693,1.832
-1.565,1.837
-1.79,1.889
-2.139,1.758
-2.923,1.941
2.957,1.559
2.517,1.803
2.331,1.704
2.419,1.902
0.086,-0.469
-1.11,0.741
-1.678,-1.441
-2.119,-0.531
-2.363,1.225
1.391,0.069
1.208,-1.633
0.664,-1.639
-0.014,-1.104
-1.834,1.09
-2.177,0.517
-2.182,0.153
-2.49,-0.602
-2.845,-1.859
-2.782,-0.221
-3.123,0.519
3.134,-0.918
2.948,0.972
2.929,1.169
2.876,0.073
2.186,-0.021
2.001,-1.346
0.476,-0.099
-1.033,-0.083
-2.294,-1.42
0.425,1.406
2.104,-2.49
2.861,-2.838
-0.199,0.393
-0.186,-1.473
-0.17,-3.221
-0.198,-2.006
-0.444,0.416
-0.289,-0.691
-0.466,-2.168
-0.567,-3.307
-0.471,-0.686
-0.655,-2.071
-0.557,0.404
-0.617,-2.319
-0.779,-0.512
-0.955,-1.89
-1.065,-1.523
-1.012,-2.886
-1.341,-3.273
-1.382,-2.292
-1.405,-1.783
-1.509,0.603
-1.527,-0.46
-1.637,-0.637
-1.685,-1.776
-1.774,-0.727
-2.04,-3.053
-1.919,-3.042
-2.001,-2.174
-2.106,0.493
-2.055,-2.123
-2.044,0.072
-2.077,-2.217
-2.18,-1.061
-2.336,-0.542
-2.413,-0.494
-2.439,-1.957
-2.572,-1.472
-2.542,-3.088
-2.72,-0.418
-2.855,0.4
-2.846,0.224
-2.721,0.319
-2.906,0.478
-2.799,-0.896
-3.022,-0.591
-3.022,-0.806
-3.097,-0.018
-3.077,0.625
3.022,-1.198
2.962,-2.097
2.76,-1.954
2.71,-1.82
2.643,-1.045
2.554,-3.209
2.522,-2.985
2.609,0.351
2.579,-0.927
2.434,-1.047
2.525,-0.482
2.546,-1.115
2.368,-3.619
2.046,-3.317
1.15,-3.583
0.593,-3.547
0.698,-3.359
-0.272,-3.28
-0.453,-3.636
-0.92,-3.59
-1.065,-3.694
-1.121,-3.453
-2.432,-3.531
-2.309,-3.484
-2.471,-3.618
-2.338,-3.426
-2.632,-3.512
-2.678,-3.396
-2.805,-3.611
2.847,-3.379
2.877,-3.278
2.7,-3.453
2.298,-3.272
2.135,0.965
2.009,1.077
1.97,1.047
1.863,1.031
1.68,0.981
0.795,0.794
0.263,0.86
0.03,0.689
-0.312,0.988
-0.659,0.925
-1.531,0.93
-1.756,0.982
-2.105,0.851
-2.889,1.034
2.991,0.652
2.551,0.896
2.365,0.797
2.453,0.995
0.12,-1.376
-1.076,-0.166
-1.644,-2.348
-2.085,-1.438
-2.329,0.318
1.425,-0.838
1.242,-2.54
0.698,-2.546
0.02,-2.011
-1.8,0.183
-2.143,-0.39
-2.148,-0.754
-2.456,-1.509
-2.811,-2.766
-2.748,-1.128
-3.089,-0.388
-3.115,-1.825
2.982,0.065
2.963,0.262
2.91,-0.834
2.22,-0.928
2.035,-2.253
0.51,-1.006
-0.999,-0.99
-2.26,-2.327
0.459,0.499
2.138,-3.397
2.895,-3.745
0.013,-1.866
0.029,-3.614
0.001,-2.399
-0.245,0.023
-0.09,-1.084
-0.267,-2.561
-0.368,-3.7
-0.272,-1.079
-0.456,-2.464
-0.358,0.011
-0.418,-2.712
-0.58,-0.905
-0.756,-2.283
-0.866,-1.916
-0.813,-3.279
-1.142,-3.666
-1.183,-2.685
-1.206,-2.176
-1.31,0.21
-1.328,-0.853
-1.438,-1.03
-1.486,-2.169
-1.575,-1.12
-1.841,-3.446
-1.72,-3.435
-1.802,-2.567
-1.907,0.1
-1.856,-2.516
-1.845,-0.321
-1.878,-2.61
-1.981,-1.454
-2.137,-0.935
-2.214,-0.887
-2.24,-2.35
-2.373,-1.865
-2.343,-3.481
-2.521,-0.811
-2.656,0.007
-2.647,-0.169
-2.522,-0.074
-2.707,0.085
-2.6,-1.289
-2.823,-0.984
-2.823,-1.199
-2.898,-0.411
-2.878,0.232
-3.062,-1.591
-3.122,-2.49
2.959,-2.347
2.909,-2.213
2.842,-1.438
2.753,-3.602
2.721,-3.378
2.808,-0.042
2.778,-1.32
2.633,-1.44
2.724,-0.875
2.745,-1.508
2.567,-4.012
2.245,-3.71
1.349,-3.976
0.792,-3.94
0.897,-3.752
-0.073,-3.673
-0.254,-4.029
-0.721,-3.983
-0.866,-4.087
-0.922,-3.846
-2.233,-3.924
-2.11,-3.877
-2.272,-4.011
-2.139,-3.819
-2.433,-3.905
-2.479,-3.789
-2.606,-4.004
3.046,-3.772
3.076,-3.671
2.899,-3.846
2.497,-3.665
2.334,0.572
2.208,0.684
2.169,0.654
2.062,0.638
1.879,0.588
0.994,0.401
0.462,0.467
0.229,0.296
-0.113,0.595
-0.46,0.532
-1.332,0.537
-1.557,0.589
-1.906,0.458
-2.69,0.641
-3.093,0.259
2.75,0.503
2.564,0.404
2.652,0.602
0.319,-1.769
-0.877,-0.559
-1.445,-2.741
-1.886,-1.831
-2.13,-0.075
1.624,-1.231
1.441,-2.933
0.897,-2.939
0.219,-2.404
-1.601,-0.21
-1.944,-0.783
-1.949,-1.147
-2.257,-1.902
-2.612,-3.159
-2.549,-1.521
-2.89,-0.781
-2.916,-2.218
-3.102,-0.328
-3.121,-0.131
3.109,-1.227
2.419,-1.321
2.234,-2.646
0.709,-1.399
-0.8,-1.383
-2.061,-2.72
0.658,0.106
2.337,-3.79
3.094,-4.138
0.016,-1.748
-0.012,-0.533
-0.258,1.889
-0.103,0.782
-0.28,-0.695
-0.381,-1.834
-0.285,0.787
-0.469,-0.598
-0.371,1.877
-0.431,-0.846
-0.593,0.961
-0.769,-0.417
-0.879,-0.05
-0.826,-1.413
-1.155,-1.8
-1.196,-0.819
-1.219,-0.31
-1.323,2.076
-1.341,1.013
-1.451,0.836
-1.499,-0.303
-1.588,0.746
-1.854,-1.58
-1.733,-1.569
-1.815,-0.701
-1.92,1.966
-1.869,-0.65
-1.858,1.545
-1.891,-0.744
-1.994,0.412
-2.15,0.931
-2.227,0.979
-2.253,-0.484
-2.386,0.001
-2.356,-1.615
-2.534,1.055
-2.669,1.873
-2.66,1.697
-2.535,1.792
-2.72,1.951
-2.613,0.577
-2.836,0.882
-2.836,0.667
-2.911,1.455
-2.891,2.098
-3.075,0.275
-3.135,-0.624
2.946,-0.481
2.896,-0.347
2.829,0.428
2.74,-1.736
2.708,-1.512
2.795,1.824
2.765,0.546
2.62,0.426
2.711,0.991
2.732,0.358
2.554,-2.146
2.232,-1.844
1.336,-2.11
0.779,-2.074
0.884,-1.886
-0.086,-1.807
-0.267,-2.163
-0.734,-2.117
-0.879,-2.221
-0.935,-1.98
-2.246,-2.058
-2.123,-2.011
-2.285,-2.145
-2.152,-1.953
-2.446,-2.039
-2.492,-1.923
-2.619,-2.138
3.033,-1.906
3.063,-1.805
2.886,-1.98
2.484,-1.799
2.321,2.438
2.195,2.55
2.156,2.52
2.049,2.504
1.866,2.454
0.981,2.267
0.449,2.333
0.216,2.162
-0.126,2.461
-0.473,2.398
-1.345,2.403
-1.57,2.455
-1.919,2.324
-2.703,2.507
-3.106,2.125
2.737,2.369
2.551,2.27
2.639,2.468
0.306,0.097
-0.89,1.307
-1.458,-0.875
-1.899,0.035
-2.143,1.791
1.611,0.635
1.428,-1.067
0.884,-1.073
0.206,-0.538
-1.614,1.656
-1.957,1.083
-1.962,0.719
-2.27,-0.036
-2.625,-1.293
-2.562,0.345
-2.903,1.085
-2.929,-0.352
-3.115,1.538
-3.134,1.735
3.096,0.639
2.406,0.545
2.221,-0.78
0.696,0.467
-0.813,0.483
-2.074,-0.854
0.645,1.972
2.324,-1.924
3.081,-2.272
-0.028,1.215
-0.274,3.637
-0.119,2.53
-0.296,1.053
-0.397,-0.086
-0.301,2.535
-0.485,1.15
-0.387,3.625
-0.447,0.902
-0.609,2.709
-0.785,1.331
-0.895,1.698
-0.842,0.335
-1.171,-0.052
-1.212,0.929
-1.235,1.438
-1.339,3.824
-1.357,2.761
-1.467,2.584
-1.515,1.445
-1.604,2.494
-1.87,0.168
-1.749,0.179
-1.831,1.047
-1.936,3.714
-1.885,1.098
-1.874,3.293
-1.907,1.004
-2.01,2.16
-2.166,2.679
-2.243,2.727
-2.269,1.264
-2.402,1.749
-2.372,0.133
-2.55,2.803
-2.685,3.621
-2.676,3.445
-2.551,3.54
-2.736,3.699
-2.629,2.325
-2.852,2.63
-2.852,2.415
-2.927,3.203
-2.907,3.846
-3.091,2.023
3.132,1.124
2.93,1.267
2.88,1.401
2.813,2.176
2.724,0.012
2.692,0.236
2.779,3.572
2.749,2.294
2.604,2.174
2.695,2.739
2.716,2.106
2.538,-0.398
2.216,-0.096
1.32,-0.362
0.763,-0.326
0.868,-0.138
-0.102,-0.059
-0.283,-0.415
-0.75,-0.369
-0.895,-0.473
-0.951,-0.232
-2.262,-0.31
-2.139,-0.263
-2.301,-0.397
-2.168,-0.205
-2.462,-0.291
-2.508,-0.175
-2.635,-0.39
3.017,-0.158
3.047,-0.057
2.87,-0.232
2.468,-0.051
2.305,4.186
2.179,4.298
2.14,4.268
2.033,4.252
1.85,4.202
0.965,4.015
0.433,4.081
0.2,3.91
-0.142,4.209
-0.489,4.146
-1.361,4.151
-1.586,4.203
-1.935,4.072
-2.719,4.255
-3.122,3.873
2.721,4.117
2.535,4.018
2.623,4.216
0.29,1.845
-0.906,3.055
-1.474,0.873
-1.915,1.783
-2.159,3.539
1.595,2.383
1.412,0.681
0.868,0.675
0.19,1.21
-1.63,3.404
-1.973,2.831
-1.978,2.467
-2.286,1.712
-2.641,0.455
-2.578,2.093
-2.919,2.833
-2.945,1.396
-3.131,3.286
3.133,3.483
3.08,2.387
2.39,2.293
2.205,0.968
0.68,2.215
-0.829,2.231
-2.09,0.894
0.629,3.72
2.308,-0.176
3.065,-0.524
-0.246,2.422
-0.091,1.315
-0.268,-0.162
-0.369,-1.301
-0.273,1.32
-0.457,-0.065
-0.359,2.41
-0.419,-0.313
-0.581,1.494
-0.757,0.116
-0.867,0.483
-0.814,-0.88
-1.143,-1.267
-1.184,-0.286
-1.207,0.223
-1.311,2.609
-1.329,1.546
-1.439,1.369
-1.487,0.23
-1.576,1.279
-1.842,-1.047
-1.721,-1.036
-1.803,-0.168
-1.908,2.499
-1.857,-0.117
-1.846,2.078
-1.879,-0.211
-1.982,0.945
-2.138,1.464
-2.215,1.512
-2.241,0.049
-2.374,0.534
-2.344,-1.082
-2.522,1.588
-2.657,2.406
-2.648,2.23
-2.523,2.325
-2.708,2.484
-2.601,1.11
-2.824,1.415
-2.824,1.2
-2.899,1.988
-2.879,2.631
-3.063,0.808
-3.123,-0.091
2.958,0.052
2.908,0.186
2.841,0.961
2.752,-1.203
2.72,-0.979
2.807,2.357
2.777,1.079
2.632,0.959
2.723,1.524
2.744,0.891
2.566,-1.613
2.244,-1.311
1.348,-1.577
0.791,-1.541
0.896,-1.353
-0.074,-1.274
-0.255,-1.63
-0.722,-1.584
-0.867,-1.688
-0.923,-1.447
-2.234,-1.525
-2.111,-1.478
-2.273,-1.612
-2.14,-1.42
-2.434,-1.506
-2.48,-1.39
-2.607,-1.605
3.045,-1.373
3.075,-1.272
2.898,-1.447
2.496,-1.266
2.333,2.971
2.207,3.083
2.168,3.053
2.061,3.037
1.878,2.987
0.993,2.8
0.461,2.866
0.228,2.695
-0.114,2.994
-0.461,2.931
-1.333,2.936
-1.558,2.988
-1.907,2.857
-2.691,3.04
-3.094,2.658
2.749,2.902
2.563,2.803
2.651,3.001
0.318,0.63
-0.878,1.84
-1.446,-0.342
-1.887,0.568
-2.131,2.324
1.623,1.168
1.44,-0.534
0.896,-0.54
0.218,-0.005
-1.602,2.189
-1.945,1.616
-1.95,1.252
-2.258,0.497
-2.613,-0.76
-2.55,0.878
-2.891,1.618
-2.917,0.181
-3.103,2.071
-3.122,2.268
3.108,1.172
2.418,1.078
2.233,-0.247
0.708,1.0
-0.801,1.016
-2.062,-0.321
0.657,2.505
2.336,-1.391
3.093,-1.739
0.155,-1.107
-0.022,-2.584
-0.123,-3.723
-0.027,-1.102
-0.211,-2.487
-0.113,-0.012
-0.173,-2.735
-0.335,-0.928
-0.511,-2.306
-0.621,-1.939
-0.568,-3.302
-0.897,-3.689
-0.938,-2.708
-0.961,-2.199
-1.065,0.187
-1.083,-0.876
-1.193,-1.053
-1.241,-2.192
-1.33,-1.143
-1.596,-3.469
-1.475,-3.458
-1.557,-2.59
-1.662,0.077
-1.611,-2.539
-1.6,-0.344
-1.633,-2.633
-1.736,-1.477
-1.892,-0.958
-1.969,-0.91
-1.995,-2.373
-2.128,-1.888
-2.098,-3.504
-2.276,-0.834
-2.411,-0.016
-2.402,-0.192
-2.277,-0.097
-2.462,0.062
-2.355,-1.312
-2.578,-1.007
-2.578,-1.222
-2.653,-0.434
-2.633,0.209
-2.817,-1.614
-2.877,-2.513
-3.079,-2.37
-3.129,-2.236
3.087,-1.461
2.998,-3.625
2.966,-3.401
3.053,-0.065
3.023,-1.343
2.878,-1.463
2.969,-0.898
2.99,-1.531
2.812,-4.035
2.49,-3.733
1.594,-3.999
1.037,-3.963
1.142,-3.775
0.172,-3.696
-0.009,-4.052
-0.476,-4.006
-0.621,-4.11
-0.677,-3.869
-1.988,-3.947
-1.865,-3.9
-2.027,-4.034
-1.894,-3.842
-2.188,-3.928
-2.234,-3.812
-2.361,-4.027
-2.992,-3.795
-2.962,-3.694
-3.139,-3.869
2.742,-3.688
2.579,0.549
2.453,0.661
2.414,0.631
2.307,0.615
2.124,0.565
1.239,0.378
0.707,0.444
0.474,0.273
0.132,0.572
-0.215,0.509
-1.087,0.514
-1.312,0.566
-1.661,0.435
-2.445,0.618
-2.848,0.236
2.995,0.48
2.809,0.381
2.897,0.579
0.564,-1.792
-0.632,-0.582
-1.2,-2.764
-1.641,-1.854
-1.885,-0.098
1.869,-1.254
1.686,-2.956
1.142,-2.962
0.464,-2.427
-1.356,-0.233
-1.699,-0.806
-1.704,-1.17
-2.012,-1.925
-2.367,-3.182
-2.304,-1.544
-2.645,-0.804
-2.671,-2.241
-2.857,-0.351
-2.876,-0.154
-2.929,-1.25
2.664,-1.344
2.479,-2.669
0.954,-1.422
-0.555,-1.406
-1.816,-2.743
0.903,0.083
2.582,-3.813
-2.944,-4.161
-0.177,-1.477
-0.278,-2.616
-0.182,0.005
-0.366,-1.38
-0.268,1.095
-0.328,-1.628
-0.49,0.179
-0.666,-1.199
-0.776,-0.832
-0.723,-2.195
-1.052,-2.582
-1.093,-1.601
-1.116,-1.092
-1.22,1.294
-1.238,0.231
-1.348,0.054
-1.396,-1.085
-1.485,-0.036
-1.751,-2.362
-1.63,-2.351
-1.712,-1.483
-1.817,1.184
-1.766,-1.432
-1.755,0.763
-1.788,-1.526
-1.891,-0.37
-2.047,0.149
-2.124,0.197
-2.15,-1.266
-2.283,-0.781
-2.253,-2.397
-2.431,0.273
-2.566,1.091
-2.557,0.915
-2.432,1.01
-2.617,1.169
-2.51,-0.205
-2.733,0.1
-2.733,-0.115
-2.808,0.673
-2.788,1.316
-2.972,-0.507
-3.032,-1.406
3.049,-1.263
2.999,-1.129
2.932,-0.354
2.843,-2.518
2.811,-2.294
2.898,1.042
2.868,-0.236
2.723,-0.356
2.814,0.209
2.835,-0.424
2.657,-2.928
2.335,-2.626
1.439,-2.892
0.882,-2.856
0.987,-2.668
0.017,-2.589
-0.164,-2.945
-0.631,-2.899
-0.776,-3.003
-0.832,-2.762
-2.143,-2.84
-2.02,-2.793
-2.182,-2.927
-2.049,-2.735
-2.343,-2.821
-2.389,-2.705
-2.516,-2.92
3.136,-2.688
-3.117,-2.587
2.989,-2.762
2.587,-2.581
2.424,1.656
2.298,1.768
2.259,1.738
2.152,1.722
1.969,1.672
1.084,1.485
0.552,1.551
0.319,1.38
-0.023,1.679
-0.37,1.616
-1.242,1.621
-1.467,1.673
-1.816,1.542
-2.6,1.725
-3.003,1.343
2.84,1.587
2.654,1.488
2.742,1.686
0.409,-0.685
-0.787,0.525
-1.355,-1.657
-1.796,-0.747
-2.04,1.009
1.714,-0.147
1.531,-1.849
0.987,-1.855
0.309,-1.32
-1.511,0.874
-1.854,0.301
-1.859,-0.063
-2.167,-0.818
-2.522,-2.075
-2.459,-0.437
-2.8,0.303
-2.826,-1.134
-3.012,0.756
-3.031,0.953
-3.084,-0.143
2.509,-0.237
2.324,-1.562
0.799,-0.315
-0.71,-0.299
-1.971,-1.636
0.748,1.19
2.427,-2.706
-3.099,-3.054
-0.101,-1.139
-0.005,1.482
-0.189,0.097
-0.091,2.572
-0.151,-0.151
-0.313,1.656
-0.489,0.278
-0.599,0.645
-0.546,-0.718
-0.875,-1.105
-0.916,-0.124
-0.939,0.385
-1.043,2.771
-1.061,1.708
-1.171,1.531
-1.219,0.392
-1.308,1.441
-1.574,-0.885
-1.453,-0.874
-1.535,-0.006
-1.64,2.661
-1.589,0.045
-1.578,2.24
-1.611,-0.049
-1.714,1.107
-1.87,1.626
-1.947,1.674
-1.973,0.211
-2.106,0.696
-2.076,-0.92
-2.254,1.75
-2.389,2.568
-2.38,2.392
-2.255,2.487
-2.44,2.646
-2.333,1.272
-2.556,1.577
-2.556,1.362
-2.631,2.15
-2.611,2.793
-2.795,0.97
-2.855,0.071
-3.057,0.214
-3.107,0.348
3.109,1.123
3.02,-1.041
2.988,-0.817
3.075,2.519
3.045,1.241
2.9,1.121
2.991,1.686
3.012,1.053
2.834,-1.451
2.512,-1.149
1.616,-1.415
1.059,-1.379
1.164,-1.191
0.194,-1.112
0.013,-1.468
-0.454,-1.422
-0.599,-1.526
-0.655,-1.285
-1.966,-1.363
-1.843,-1.316
-2.005,-1.45
-1.872,-1.258
-2.166,-1.344
-2.212,-1.228
-2.339,-1.443
-2.97,-1.211
-2.94,-1.11
-3.117,-1.285
2.764,-1.104
2.601,3.133
2.475,3.245
2.436,3.215
2.329,3.199
2.146,3.149
1.261,2.962
0.729,3.028
0.496,2.857
0.154,3.156
-0.193,3.093
-1.065,3.098
-1.29,3.15
-1.639,3.019
-2.423,3.202
-2.826,2.82
3.017,3.064
2.831,2.965
2.919,3.163
0.586,0.792
-0.61,2.002
-1.178,-0.18
-1.619,0.73
-1.863,2.486
1.891,1.33
1.708,-0.372
1.164,-0.378
0.486,0.157
-1.334,2.351
-1.677,1.778
-1.682,1.414
-1.99,0.659
-2.345,-0.598
-2.282,1.04
-2.623,1.78
-2.649,0.343
-2.835,2.233
-2.854,2.43
-2.907,1.334
2.686,1.24
2.501,-0.085
0.976,1.162
-0.533,1.178
-1.794,-0.159
0.925,2.667
2.604,-1.229
-2.922,-1.577
0.096,2.621
-0.088,1.236
0.01,3.711
-0.05,0.988
-0.212,2.795
-0.388,1.417
-0.498,1.784
-0.445,0.421
-0.774,0.034
-0.815,1.015
-0.838,1.524
-0.942,3.91
-0.96,2.847
-1.07,2.67
-1.118,1.531
-1.207,2.58
-1.473,0.254
-1.352,0.265
-1.434,1.133
-1.539,3.8
-1.488,1.184
-1.477,3.379
-1.51,1.09
-1.613,2.246
-1.769,2.765
-1.846,2.813
-1.872,1.35
-2.005,1.835
-1.975,0.219
-2.153,2.889
-2.288,3.707
-2.279,3.531
-2.154,3.626
-2.339,3.785
-2.232,2.411
-2.455,2.716
-2.455,2.501
-2.53,3.289
-2.51,3.932
-2.694,2.109
-2.754,1.21
-2.956,1.353
-3.006,1.487
-3.073,2.262
3.121,0.098
3.089,0.322
-3.107,3.658
-3.137,2.38
3.001,2.26
3.092,2.825
3.113,2.192
2.935,-0.312
2.613,-0.01
1.717,-0.276
1.16,-0.24
1.265,-0.052
0.295,0.027
0.114,-0.329
-0.353,-0.283
-0.498,-0.387
-0.554,-0.146
-1.865,-0.224
-1.742,-0.177
-1.904,-0.311
-1.771,-0.119
-2.065,-0.205
-2.111,-0.089
-2.238,-0.304
-2.869,-0.072
-2.839,0.029
-3.016,-0.146
2.865,0.035
2.702,4.272
2.576,4.384
2.537,4.354
2.43,4.338
2.247,4.288
1.362,4.101
0.83,4.167
0.597,3.996
0.255,4.295
-0.092,4.232
-0.964,4.237
-1.189,4.289
-1.538,4.158
-2.322,4.341
-2.725,3.959
3.118,4.203
2.932,4.104
3.02,4.302
0.687,1.931
-0.509,3.141
-1.077,0.959
-1.518,1.869
-1.762,3.625
1.992,2.469
1.809,0.767
1.265,0.761
0.587,1.296
-1.233,3.49
-1.576,2.917
-1.581,2.553
-1.889,1.798
-2.244,0.541
-2.181,2.179
-2.522,2.919
-2.548,1.482
-2.734,3.372
-2.753,3.569
-2.806,2.473
2.787,2.379
2.602,1.054
1.077,2.301
-0.432,2.317
-1.693,0.98
1.026,3.806
2.705,-0.09
-2.821,-0.438
-0.184,-1.385
-0.086,1.09
-0.146,-1.633
-0.308,0.174
-0.484,-1.204
-0.594,-0.837
-0.541,-2.2
-0.87,-2.587
-0.911,-1.606
-0.934,-1.097
-1.038,1.289
-1.056,0.226
-1.166,0.049
-1.214,-1.09
-1.303,-0.041
-1.569,-2.367
-1.448,-2.356
-1.53,-1.488
-1.635,1.179
-1.584,-1.437
-1.573,0.758
-1.606,-1.531
-1.709,-0.375
-1.865,0.144
-1.942,0.192
-1.968,-1.271
-2.101,-0.786
-2.071,-2.402
-2.249,0.268
-2.384,1.086
-2.375,0.91
-2.25,1.005
-2.435,1.164
-2.328,-0.21
-2.551,0.095
-2.551,-0.12
-2.626,0.668
-2.606,1.311
-2.79,-0.512
-2.85,-1.411
-3.052,-1.268
-3.102,-1.134
3.114,-0.359
3.025,-2.523
2.993,-2.299
3.08,1.037
3.05,-0.241
2.905,-0.361
2.996,0.204
3.017,-0.429
2.839,-2.933
2.517,-2.631
1.621,-2.897
1.064,-2.861
1.169,-2.673
0.199,-2.594
0.018,-2.95
-0.449,-2.904
-0.594,-3.008
-0.65,-2.767
-1.961,-2.845
-1.838,-2.798
-2.0,-2.932
-1.867,-2.74
-2.161,-2.826
-2.207,-2.71
-2.334,-2.925
-2.965,-2.693
-2.935,-2.592
-3.112,-2.767
2.769,-2.586
2.606,1.651
2.48,1.763
2.441,1.733
2.334,1.717
2.151,1.667
1.266,1.48
0.734,1.546
0.501,1.375
0.159,1.674
-0.188,1.611
-1.06,1.616
-1.285,1.668
-1.634,1.537
-2.418,1.72
-2.821,1.338
3.022,1.582
2.836,1.483
2.924,1.681
0.591,-0.69
-0.605,0.52
-1.173,-1.662
-1.614,-0.752
-1.858,1.004
1.896,-0.152
1.713,-1.854
1.169,-1.86
0.491,-1.325
-1.329,0.869
-1.672,0.296
-1.677,-0.068
-1.985,-0.823
-2.34,-2.08
-2.277,-0.442
-2.618,0.298
-2.644,-1.139
-2.83,0.751
-2.849,0.948
-2.902,-0.148
2.691,-0.242
2.506,-1.567
0.981,-0.32
-0.528,-0.304
-1.789,-1.641
0.93,1.185
2.609,-2.711
-2.917,-3.059
0.098,2.475
0.038,-0.248
-0.124,1.559
-0.3,0.181
-0.41,0.548
-0.357,-0.815
-0.686,-1.202
-0.727,-0.221
-0.75,0.288
-0.854,2.674
-0.872,1.611
-0.982,1.434
-1.03,0.295
-1.119,1.344
-1.385,-0.982
-1.264,-0.971
-1.346,-0.103
-1.451,2.564
-1.4,-0.052
-1.389,2.143
-1.422,-0.146
-1.525,1.01
-1.681,1.529
-1.758,1.577
-1.784,0.114
-1.917,0.599
-1.887,-1.017
-2.065,1.653
-2.2,2.471
-2.191,2.295
-2.066,2.39
-2.251,2.549
-2.144,1.175
-2.367,1.48
-2.367,1.265
-2.442,2.053
-2.422,2.696
-2.606,0.873
-2.666,-0.026
-2.868,0.117
-2.918,0.251
-2.985,1.026
-3.074,-1.138
-3.106,-0.914
-3.019,2.422
-3.049,1.144
3.089,1.024
-3.103,1.589
-3.082,0.956
3.023,-1.548
2.701,-1.246
1.805,-1.512
1.248,-1.476
1.353,-1.288
0.383,-1.209
0.202,-1.565
-0.265,-1.519
-0.41,-1.623
-0.466,-1.382
-1.777,-1.46
-1.654,-1.413
-1.816,-1.547
-1.683,-1.355
-1.977,-1.441
-2.023,-1.325
-2.15,-1.54
-2.781,-1.308
-2.751,-1.207
-2.928,-1.382
2.953,-1.201
2.79,3.036
2.664,3.148
2.625,3.118
2.518,3.102
2.335,3.052
1.45,2.865
0.918,2.931
0.685,2.76
0.343,3.059
-0.004,2.996
-0.876,3.001
-1.101,3.053
-1.45,2.922
-2.234,3.105
-2.637,2.723
-3.077,2.967
3.02,2.868
3.108,3.066
0.775,0.695
-0.421,1.905
-0.989,-0.277
-1.43,0.633
-1.674,2.389
2.08,1.233
1.897,-0.469
1.353,-0.475
0.675,0.06
-1.145,2.254
-1.488,1.681
-1.493,1.317
-1.801,0.562
-2.156,-0.695
-2.093,0.943
-2.434,1.683
-2.46,0.246
-2.646,2.136
-2.665,2.333
-2.718,1.237
2.875,1.143
2.69,-0.182
1.165,1.065
-0.344,1.081
-1.605,-0.256
1.114,2.57
2.793,-1.326
-2.733,-1.674
-0.06,-2.723
-0.222,-0.916
-0.398,-2.294
-0.508,-1.927
-0.455,-3.29
-0.784,-3.677
-0.825,-2.696
-0.848,-2.187
-0.952,0.199
-0.97,-0.864
-1.08,-1.041
-1.128,-2.18
-1.217,-1.131
-1.483,-3.457
-1.362,-3.446
-1.444,-2.578
-1.549,0.089
-1.498,-2.527
-1.487,-0.332
-1.52,-2.621
-1.623,-1.465
-1.779,-0.946
-1.856,-0.898
-1.882,-2.361
-2.015,-1.876
-1.985,-3.492
-2.163,-0.822
-2.298,-0.004
-2.289,-0.18
-2.164,-0.085
-2.349,0.074
-2.242,-1.3
-2.465,-0.995
-2.465,-1.21
-2.54,-0.422
-2.52,0.221
-2.704,-1.602
-2.764,-2.501
-2.966,-2.358
-3.016,-2.224
-3.083,-1.449
3.111,-3.613
3.079,-3.389
-3.117,-0.053
3.136,-1.331
2.991,-1.451
3.082,-0.886
3.103,-1.519
2.925,-4.023
2.603,-3.721
1.707,-3.987
1.15,-3.951
1.255,-3.763
0.285,-3.684
0.104,-4.04
-0.363,-3.994
-0.508,-4.098
-0.564,-3.857
-1.875,-3.935
-1.752,-3.888
-1.914,-4.022
-1.781,-3.83
-2.075,-3.916
-2.121,-3.8
-2.248,-4.015
-2.879,-3.783
-2.849,-3.682
-3.026,-3.857
2.855,-3.676
2.692,0.561
2.566,0.673
2.527,0.643
2.42,0.627
2.237,0.577
1.352,0.39
0.82,0.456
0.587,0.285
0.245,0.584
-0.102,0.521
-0.974,0.526
-1.199,0.578
-1.548,0.447
-2.332,0.63
-2.735,0.248
3.108,0.492
2.922,0.393
3.01,0.591
0.677,-1.78
-0.519,-0.57
-1.087,-2.752
-1.528,-1.842
-1.772,-0.086
1.982,-1.242
1.799,-2.944
1.255,-2.95
0.577,-2.415
-1.243,-0.221
-1.586,-0.794
-1.591,-1.158
-1.899,-1.913
-2.254,-3.17
-2.191,-1.532
-2.532,-0.792
-2.558,-2.229
-2.744,-0.339
-2.763,-0.142
-2.816,-1.238
2.777,-1.332
2.592,-2.657
1.067,-1.41
-0.442,-1.394
-1.703,-2.731
1.016,0.095
2.695,-3.801
-2.831,-4.149
-0.162,1.807
-0.338,0.429
-0.448,0.796
-0.395,-0.567
-0.724,-0.954
-0.765,0.027
-0.788,0.536
-0.892,2.922
-0.91,1.859
-1.02,1.682
-1.068,0.543
-1.157,1.592
-1.423,-0.734
-1.302,-0.723
-1.384,0.145
-1.489,2.812
-1.438,0.196
-1.427,2.391
-1.46,0.102
-1.563,1.258
-1.719,1.777
-1.796,1.825
-1.822,0.362
-1.955,0.847
-1.925,-0.769
-2.103,1.901
-2.238,2.719
-2.229,2.543
-2.104,2.638
-2.289,2.797
-2.182,1.423
-2.405,1.728
-2.405,1.513
-2.48,2.301
-2.46,2.944
-2.644,1.121
-2.704,0.222
-2.906,0.365
-2.956,0.499
-3.023,1.274
-3.112,-0.89
3.139,-0.666
-3.057,2.67
-3.087,1.392
3.051,1.272
-3.141,1.837
-3.12,1.204
2.985,-1.3
2.663,-0.998
1.767,-1.264
1.21,-1.228
1.315,-1.04
0.345,-0.961
0.164,-1.317
-0.303,-1.271
-0.448,-1.375
-0.504,-1.134
-1.815,-1.212
-1.692,-1.165
-1.854,-1.299
-1.721,-1.107
-2.015,-1.193
-2.061,-1.077
-2.188,-1.292
-2.819,-1.06
-2.789,-0.959
-2.966,-1.134
2.915,-0.953
2.752,3.284
2.626,3.396
2.587,3.366
2.48,3.35
2.297,3.3
1.412,3.113
0.88,3.179
0.647,3.008
0.305,3.307
-0.042,3.244
-0.914,3.249
-1.139,3.301
-1.488,3.17
-2.272,3.353
-2.675,2.971
-3.115,3.215
2.982,3.116
3.07,3.314
0.737,0.943
-0.459,2.153
-1.027,-0.029
-1.468,0.881
-1.712,2.637
2.042,1.481
1.859,-0.221
1.315,-0.227
0.637,0.308
-1.183,2.502
-1.526,1.929
-1.531,1.565
-1.839,0.81
-2.194,-0.447
-2.131,1.191
-2.472,1.931
-2.498,0.494
-2.684,2.384
-2.703,2.581
-2.756,1.485
2.837,1.391
2.652,0.066
1.127,1.313
-0.382,1.329
-1.643,-0.008
1.076,2.818
2.755,-1.078
-2.771,-1.426
-0.176,-1.378
-0.286,-1.011
-0.233,-2.374
-0.562,-2.761
-0.603,-1.78
-0.626,-1.271
-0.73,1.115
-0.748,0.052
-0.858,-0.125
-0.906,-1.264
-0.995,-0.215
-1.261,-2.541
-1.14,-2.53
-1.222,-1.662
-1.327,1.005
-1.276,-1.611
-1.265,0.584
-1.298,-1.705
-1.401,-0.549
-1.557,-0.03
-1.634,0.018
-1.66,-1.445
-1.793,-0.96
-1.763,-2.576
-1.941,0.094
-2.076,0.912
-2.067,0.736
-1.942,0.831
-2.127,0.99
-2.02,-0.384
-2.243,-0.079
-2.243,-0.294
-2.318,0.494
-2.298,1.137
-2.482,-0.686
-2.542,-1.585
-2.744,-1.442
-2.794,-1.308
-2.861,-0.533
-2.95,-2.697
-2.982,-2.473
-2.895,0.863
-2.925,-0.415
-3.07,-0.535
-2.979,0.03
-2.958,-0.603
-3.136,-3.107
2.825,-2.805
1.929,-3.071
1.372,-3.035
1.477,-2.847
0.507,-2.768
0.326,-3.124
-0.141,-3.078
-0.286,-3.182
-0.342,-2.941
-1.653,-3.019
-1.53,-2.972
-1.692,-3.106
-1.559,-2.914
-1.853,-3.0
-1.899,-2.884
-2.026,-3.099
-2.657,-2.867
-2.627,-2.766
-2.804,-2.941
3.077,-2.76
2.914,1.477
2.788,1.589
2.749,1.559
2.642,1.543
2.459,1.493
1.574,1.306
1.042,1.372
0.809,1.201
0.467,1.5
0.12,1.437
-0.752,1.442
-0.977,1.494
-1.326,1.363
-2.11,1.546
-2.513,1.164
-2.953,1.408
-3.139,1.309
-3.051,1.507
0.899,-0.864
-0.297,0.346
-0.865,-1.836
-1.306,-0.926
-1.55,0.83
2.204,-0.326
2.021,-2.028
1.477,-2.034
0.799,-1.499
-1.021,0.695
-1.364,0.122
-1.369,-0.242
-1.677,-0.997
-2.032,-2.254
-1.969,-0.616
-2.31,0.124
-2.336,-1.313
-2.522,0.577
-2.541,0.774
-2.594,-0.322
2.999,-0.416
2.814,-1.741
1.289,-0.494
-0.22,-0.478
-1.481,-1.815
1.238,1.011
2.917,-2.885
-2.609,-3.233
-0.11,0.367
-0.057,-0.996
-0.386,-1.383
-0.427,-0.402
-0.45,0.107
-0.554,2.493
-0.572,1.43
-0.682,1.253
-0.73,0.114
-0.819,1.163
-1.085,-1.163
-0.964,-1.152
-1.046,-0.284
-1.151,2.383
-1.1,-0.233
-1.089,1.962
-1.122,-0.327
-1.225,0.829
-1.381,1.348
-1.458,1.396
-1.484,-0.067
-1.617,0.418
-1.587,-1.198
-1.765,1.472
-1.9,2.29
-1.891,2.114
-1.766,2.209
-1.951,2.368
-1.844,0.994
-2.067,1.299
-2.067,1.084
-2.142,1.872
-2.122,2.515
-2.306,0.692
-2.366,-0.207
-2.568,-0.064
-2.618,0.07
-2.685,0.845
-2.774,-1.319
-2.806,-1.095
-2.719,2.241
-2.749,0.963
-2.894,0.843
-2.803,1.408
-2.782,0.775
-2.96,-1.729
3.001,-1.427
2.105,-1.693
1.548,-1.657
1.653,-1.469
0.683,-1.39
0.502,-1.746
0.035,-1.7
-0.11,-1.804
-0.166,-1.563
-1.477,-1.641
-1.354,-1.594
-1.516,-1.728
-1.383,-1.536
-1.677,-1.622
-1.723,-1.506
-1.85,-1.721
-2.481,-1.489
-2.451,-1.388
-2.628,-1.563
-3.03,-1.382
3.09,2.855
2.964,2.967
2.925,2.937
2.818,2.921
2.635,2.871
1.75,2.684
1.218,2.75
0.985,2.579
0.643,2.878
0.296,2.815
-0.576,2.82
-0.801,2.872
-1.15,2.741
-1.934,2.924
-2.337,2.542
-2.777,2.786
-2.963,2.687
-2.875,2.885
1.075,0.514
-0.121,1.724
-0.689,-0.458
-1.13,0.452
-1.374,2.208
2.38,1.052
2.197,-0.65
1.653,-0.656
0.975,-0.121
-0.845,2.073
-1.188,1.5
-1.193,1.136
-1.501,0.381
-1.856,-0.876
-1.793,0.762
-2.134,1.502
-2.16,0.065
-2.346,1.955
-2.365,2.152
-2.418,1.056
-3.108,0.962
2.99,-0.363
1.465,0.884
-0.044,0.9
-1.305,-0.437
1.414,2.389
3.093,-1.507
-2.433,-1.855
0.053,-1.363
-0.276,-1.75
-0.317,-0.769
-0.34,-0.26
-0.444,2.126
-0.462,1.063
-0.572,0.886
-0.62,-0.253
-0.709,0.796
-0.975,-1.53
-0.854,-1.519
-0.936,-0.651
-1.041,2.016
-0.99,-0.6
-0.979,1.595
-1.012,-0.694
-1.115,0.462
-1.271,0.981
-1.348,1.029
-1.374,-0.434
-1.507,0.051
-1.477,-1.565
-1.655,1.105
-1.79,1.923
-1.781,1.747
-1.656,1.842
-1.841,2.001
-1.734,0.627
-1.957,0.932
-1.957,0.717
-2.032,1.505
-2.012,2.148
-2.196,0.325
-2.256,-0.574
-2.458,-0.431
-2.508,-0.297
-2.575,0.478
-2.664,-1.686
-2.696,-1.462
-2.609,1.874
-2.639,0.596
-2.784,0.476
-2.693,1.041
-2.672,0.408
-2.85,-2.096
3.111,-1.794
2.215,-2.06
1.658,-2.024
1.763,-1.836
0.793,-1.757
0.612,-2.113
0.145,-2.067
0.0,-2.171
-0.056,-1.93
-1.367,-2.008
-1.244,-1.961
-1.406,-2.095
-1.273,-1.903
-1.567,-1.989
-1.613,-1.873
-1.74,-2.088
-2.371,-1.856
-2.341,-1.755
-2.518,-1.93
-2.92,-1.749
-3.083,2.488
3.074,2.6
3.035,2.57
2.928,2.554
2.745,2.504
1.86,2.317
1.328,2.383
1.095,2.212
0.753,2.511
0.406,2.448
-0.466,2.453
-0.691,2.505
-1.04,2.374
-1.824,2.557
-2.227,2.175
-2.667,2.419
-2.853,2.32
-2.765,2.518
1.185,0.147
-0.011,1.357
-0.579,-0.825
-1.02,0.085
-1.264,1.841
2.49,0.685
2.307,-1.017
1.763,-1.023
1.085,-0.488
-0.735,1.706
-1.078,1.133
-1.083,0.769
-1.391,0.014
-1.746,-1.243
-1.683,0.395
-2.024,1.135
-2.05,-0.302
-2.236,1.588
-2.255,1.785
-2.308,0.689
-2.998,0.595
3.1,-0.73
1.575,0.517
0.066,0.533
-1.195,-0.804
1.524,2.022
-3.08,-1.874
-2.323,-2.222
-0.329,-0.387
-0.37,0.594
-0.393,1.103
-0.497,3.489
-0.515,2.426
-0.625,2.249
-0.673,1.11
-0.762,2.159
-1.028,-0.167
-0.907,-0.156
-0.989,0.712
-1.094,3.379
-1.043,0.763
-1.032,2.958
-1.065,0.669
-1.168,1.825
-1.324,2.344
-1.401,2.392
-1.427,0.929
-1.56,1.414
-1.53,-0.202
-1.708,2.468
-1.843,3.286
-1.834,3.11
-1.709,3.205
-1.894,3.364
-1.787,1.99
-2.01,2.295
-2.01,2.08
-2.085,2.868
-2.065,3.511
-2.249,1.688
-2.309,0.789
-2.511,0.932
-2.561,1.066
-2.628,1.841
-2.717,-0.323
-2.749,-0.099
-2.662,3.237
-2.692,1.959
-2.837,1.839
-2.746,2.404
-2.725,1.771
-2.903,-0.733
3.058,-0.431
2.162,-0.697
1.605,-0.661
1.71,-0.473
0.74,-0.394
0.559,-0.75
0.092,-0.704
-0.053,-0.808
-0.109,-0.567
-1.42,-0.645
-1.297,-0.598
-1.459,-0.732
-1.326,-0.54
-1.62,-0.626
-1.666,-0.51
-1.793,-0.725
-2.424,-0.493
-2.394,-0.392
-2.571,-0.567
-2.973,-0.386
-3.136,3.851
3.021,3.963
2.982,3.933
2.875,3.917
2.692,3.867
1.807,3.68
1.275,3.746
1.042,3.575
0.7,3.874
0.353,3.811
-0.519,3.816
-0.744,3.868
-1.093,3.737
-1.877,3.92
-2.28,3.538
-2.72,3.782
-2.906,3.683
-2.818,3.881
1.132,1.51
-0.064,2.72
-0.632,0.538
-1.073,1.448
-1.317,3.204
2.437,2.048
2.254,0.346
1.71,0.34
1.032,0.875
-0.788,3.069
-1.131,2.496
-1.136,2.132
-1.444,1.377
-1.799,0.12
-1.736,1.758
-2.077,2.498
-2.103,1.061
-2.289,2.951
-2.308,3.148
-2.361,2.052
-3.051,1.958
3.047,0.633
1.522,1.88
0.013,1.896
-1.248,0.559
1.471,3.385
-3.133,-0.511
-2.376,-0.859
-0.041,0.981
-0.064,1.49
-0.168,3.876
-0.186,2.813
-0.296,2.636
-0.344,1.497
-0.433,2.546
-0.699,0.22
-0.578,0.231
-0.66,1.099
-0.765,3.766
-0.714,1.15
-0.703,3.345
-0.736,1.056
-0.839,2.212
-0.995,2.731
-1.072,2.779
-1.098,1.316
-1.231,1.801
-1.201,0.185
-1.379,2.855
-1.514,3.673
-1.505,3.497
-1.38,3.592
-1.565,3.751
-1.458,2.377
-1.681,2.682
-1.681,2.467
-1.756,3.255
-1.736,3.898
-1.92,2.075
-1.98,1.176
-2.182,1.319
-2.232,1.453
-2.299,2.228
-2.388,0.064
-2.42,0.288
-2.333,3.624
-2.363,2.346
-2.508,2.226
-2.417,2.791
-2.396,2.158
-2.574,-0.346
-2.896,-0.044
2.491,-0.31
1.934,-0.274
2.039,-0.086
1.069,-0.007
0.888,-0.363
0.421,-0.317
0.276,-0.421
0.22,-0.18
-1.091,-0.258
-0.968,-0.211
-1.13,-0.345
-0.997,-0.153
-1.291,-0.239
-1.337,-0.123
-1.464,-0.338
-2.095,-0.106
-2.065,-0.005
-2.242,-0.18
-2.644,0.001
-2.807,4.238
-2.933,4.35
-2.972,4.32
-3.079,4.304
3.021,4.254
2.136,4.067
1.604,4.133
1.371,3.962
1.029,4.261
0.682,4.198
-0.19,4.203
-0.415,4.255
-0.764,4.124
-1.548,4.307
-1.951,3.925
-2.391,4.169
-2.577,4.07
-2.489,4.268
1.461,1.897
0.265,3.107
-0.303,0.925
-0.744,1.835
-0.988,3.591
2.766,2.435
2.583,0.733
2.039,0.727
1.361,1.262
-0.459,3.456
-0.802,2.883
-0.807,2.519
-1.115,1.764
-1.47,0.507
-1.407,2.145
-1.748,2.885
-1.774,1.448
-1.96,3.338
-1.979,3.535
-2.032,2.439
-2.722,2.345
-2.907,1.02
1.851,2.267
0.342,2.283
-0.919,0.946
1.8,3.772
-2.804,-0.124
-2.047,-0.472
-0.023,0.509
-0.127,2.895
-0.145,1.832
-0.255,1.655
-0.303,0.516
-0.392,1.565
-0.658,-0.761
-0.537,-0.75
-0.619,0.118
-0.724,2.785
-0.673,0.169
-0.662,2.364
-0.695,0.075
-0.798,1.231
-0.954,1.75
-1.031,1.798
-1.057,0.335
-1.19,0.82
-1.16,-0.796
-1.338,1.874
-1.473,2.692
-1.464,2.516
-1.339,2.611
-1.524,2.77
-1.417,1.396
-1.64,1.701
-1.64,1.486
-1.715,2.274
-1.695,2.917
-1.879,1.094
-1.939,0.195
-2.141,0.338
-2.191,0.472
-2.258,1.247
-2.347,-0.917
-2.379,-0.693
-2.292,2.643
-2.322,1.365
-2.467,1.245
-2.376,1.81
-2.355,1.177
-2.533,-1.327
-2.855,-1.025
2.532,-1.291
1.975,-1.255
2.08,-1.067
1.11,-0.988
0.929,-1.344
0.462,-1.298
0.317,-1.402
0.261,-1.161
-1.05,-1.239
-0.927,-1.192
-1.089,-1.326
-0.956,-1.134
-1.25,-1.22
-1.296,-1.104
-1.423,-1.319
-2.054,-1.087
-2.024,-0.986
-2.201,-1.161
-2.603,-0.98
-2.766,3.257
-2.892,3.369
-2.931,3.339
-3.038,3.323
3.062,3.273
2.177,3.086
1.645,3.152
1.412,2.981
1.07,3.28
0.723,3.217
-0.149,3.222
-0.374,3.274
-0.723,3.143
-1.507,3.326
-1.91,2.944
-2.35,3.188
-2.536,3.089
-2.448,3.287
1.502,0.916
0.306,2.126
-0.262,-0.056
-0.703,0.854
-0.947,2.61
2.807,1.454
2.624,-0.248
2.08,-0.254
1.402,0.281
-0.418,2.475
-0.761,1.902
-0.766,1.538
-1.074,0.783
-1.429,-0.474
-1.366,1.164
-1.707,1.904
-1.733,0.467
-1.919,2.357
-1.938,2.554
-1.991,1.458
-2.681,1.364
-2.866,0.039
1.892,1.286
0.383,1.302
-0.878,-0.035
1.841,2.791
-2.763,-1.105
-2.006,-1.453
-0.104,2.386
-0.122,1.323
-0.232,1.146
-0.28,0.007
-0.369,1.056
-0.635,-1.27
-0.514,-1.259
-0.596,-0.391
-0.701,2.276
-0.65,-0.34
-0.639,1.855
-0.672,-0.434
-0.775,0.722
-0.931,1.241
-1.008,1.289
-1.034,-0.174
-1.167,0.311
-1.137,-1.305
-1.315,1.365
-1.45,2.183
-1.441,2.007
-1.316,2.102
-1.501,2.261
-1.394,0.887
-1.617,1.192
-1.617,0.977
-1.692,1.765
-1.672,2.408
-1.856,0.585
-1.916,-0.314
-2.118,-0.171
-2.168,-0.037
-2.235,0.738
-2.324,-1.426
-2.356,-1.202
-2.269,2.134
-2.299,0.856
-2.444,0.736
-2.353,1.301
-2.332,0.668
-2.51,-1.836
-2.832,-1.534
2.555,-1.8
1.998,-1.764
2.103,-1.576
1.133,-1.497
0.952,-1.853
0.485,-1.807
0.34,-1.911
0.284,-1.67
-1.027,-1.748
-0.904,-1.701
-1.066,-1.835
-0.933,-1.643
-1.227,-1.729
-1.273,-1.613
-1.4,-1.828
-2.031,-1.596
-2.001,-1.495
-2.178,-1.67
-2.58,-1.489
-2.743,2.748
-2.869,2.86
-2.908,2.83
-3.015,2.814
3.085,2.764
2.2,2.577
1.668,2.643
1.435,2.472
1.093,2.771
0.746,2.708
-0.126,2.713
-0.351,2.765
-0.7,2.634
-1.484,2.817
-1.887,2.435
-2.327,2.679
-2.513,2.58
-2.425,2.778
1.525,0.407
0.329,1.617
-0.239,-0.565
-0.68,0.345
-0.924,2.101
2.83,0.945
2.647,-0.757
2.103,-0.763
1.425,-0.228
-0.395,1.966
-0.738,1.393
-0.743,1.029
-1.051,0.274
-1.406,-0.983
-1.343,0.655
-1.684,1.395
-1.71,-0.042
-1.896,1.848
-1.915,2.045
-1.968,0.949
-2.658,0.855
-2.843,-0.47
1.915,0.777
0.406,0.793
-0.855,-0.544
1.864,2.282
-2.74,-1.614
-1.983,-1.962
-0.018,-1.063
-0.128,-1.24
-0.176,-2.379
-0.265,-1.33
-0.531,-3.656
-0.41,-3.645
-0.492,-2.777
-0.597,-0.11
-0.546,-2.726
-0.535,-0.531
-0.568,-2.82
-0.671,-1.664
-0.827,-1.145
-0.904,-1.097
-0.93,-2.56
-1.063,-2.075
-1.033,-3.691
-1.211,-1.021
-1.346,-0.203
-1.337,-0.379
-1.212,-0.284
-1.397,-0.125
-1.29,-1.499
-1.513,-1.194
-1.513,-1.409
-1.588,-0.621
-1.568,0.022
-1.752,-1.801
-1.812,-2.7
-2.014,-2.557
-2.064,-2.423
-2.131,-1.648
-2.22,-3.812
-2.252,-3.588
-2.165,-0.252
-2.195,-1.53
-2.34,-1.65
-2.249,-1.085
-2.228,-1.718
-2.406,-4.222
-2.728,-3.92
2.659,-4.186
2.102,-4.15
2.207,-3.962
1.237,-3.883
1.056,-4.239
0.589,-4.193
0.444,-4.297
0.388,-4.056
-0.923,-4.134
-0.8,-4.087
-0.962,-4.221
-0.829,-4.029
-1.123,-4.115
-1.169,-3.999
-1.296,-4.214
-1.927,-3.982
-1.897,-3.881
-2.074,-4.056
-2.476,-3.875
-2.639,0.362
-2.765,0.474
-2.804,0.444
-2.911,0.428
-3.094,0.378
2.304,0.191
1.772,0.257
1.539,0.086
1.197,0.385
0.85,0.322
-0.022,0.327
-0.247,0.379
-0.596,0.248
-1.38,0.431
-1.783,0.049
-2.223,0.293
-2.409,0.194
-2.321,0.392
1.629,-1.979
0.433,-0.769
-0.135,-2.951
-0.576,-2.041
-0.82,-0.285
2.934,-1.441
2.751,-3.143
2.207,-3.149
1.529,-2.614
-0.291,-0.42
-0.634,-0.993
-0.639,-1.357
-0.947,-2.112
-1.302,-3.369
-1.239,-1.731
-1.58,-0.991
-1.606,-2.428
-1.792,-0.538
-1.811,-0.341
-1.864,-1.437
-2.554,-1.531
-2.739,-2.856
2.019,-1.609
0.51,-1.593
-0.751,-2.93
1.968,-0.104
-2.636,-4.0
-1.879,-4.348
-0.11,-0.177
-0.158,-1.316
-0.247,-0.267
-0.513,-2.593
-0.392,-2.582
-0.474,-1.714
-0.579,0.953
-0.528,-1.663
-0.517,0.532
-0.55,-1.757
-0.653,-0.601
-0.809,-0.082
-0.886,-0.034
-0.912,-1.497
-1.045,-1.012
-1.015,-2.628
-1.193,0.042
-1.328,0.86
-1.319,0.684
-1.194,0.779
-1.379,0.938
-1.272,-0.436
-1.495,-0.131
-1.495,-0.346
-1.57,0.442
-1.55,1.085
-1.734,-0.738
-1.794,-1.637
-1.996,-1.494
-2.046,-1.36
-2.113,-0.585
-2.202,-2.749
-2.234,-2.525
-2.147,0.811
-2.177,-0.467
-2.322,-0.587
-2.231,-0.022
-2.21,-0.655
-2.388,-3.159
-2.71,-2.857
2.677,-3.123
2.12,-3.087
2.225,-2.899
1.255,-2.82
1.074,-3.176
0.607,-3.13
0.462,-3.234
0.406,-2.993
-0.905,-3.071
-0.782,-3.024
-0.944,-3.158
-0.811,-2.966
-1.105,-3.052
-1.151,-2.936
-1.278,-3.151
-1.909,-2.919
-1.879,-2.818
-2.056,-2.993
-2.458,-2.812
-2.621,1.425
-2.747,1.537
-2.786,1.507
-2.893,1.491
-3.076,1.441
2.322,1.254
1.79,1.32
1.557,1.149
1.215,1.448
0.868,1.385
-0.004,1.39
-0.229,1.442
-0.578,1.311
-1.362,1.494
-1.765,1.112
-2.205,1.356
-2.391,1.257
-2.303,1.455
1.647,-0.916
0.451,0.294
-0.117,-1.888
-0.558,-0.978
-0.802,0.778
2.952,-0.378
2.769,-2.08
2.225,-2.086
1.547,-1.551
-0.273,0.643
-0.616,0.07
-0.621,-0.294
-0.929,-1.049
-1.284,-2.306
-1.221,-0.668
-1.562,0.072
-1.588,-1.365
-1.774,0.525
-1.793,0.722
-1.846,-0.374
-2.536,-0.468
-2.721,-1.793
2.037,-0.546
0.528,-0.53
-0.733,-1.867
1.986,0.959
-2.618,-2.937
-1.861,-3.285
-0.048,-1.139
-0.137,-0.09
-0.403,-2.416
-0.282,-2.405
-0.364,-1.537
-0.469,1.13
-0.418,-1.486
-0.407,0.709
-0.44,-1.58
-0.543,-0.424
-0.699,0.095
-0.776,0.143
-0.802,-1.32
-0.935,-0.835
-0.905,-2.451
-1.083,0.219
-1.218,1.037
-1.209,0.861
-1.084,0.956
-1.269,1.115
-1.162,-0.259
-1.385,0.046
-1.385,-0.169
-1.46,0.619
-1.44,1.262
-1.624,-0.561
-1.684,-1.46
-1.886,-1.317
-1.936,-1.183
-2.003,-0.408
-2.092,-2.572
-2.124,-2.348
-2.037,0.988
-2.067,-0.29
-2.212,-0.41
-2.121,0.155
-2.1,-0.478
-2.278,-2.982
-2.6,-2.68
2.787,-2.946
2.23,-2.91
2.335,-2.722
1.365,-2.643
1.184,-2.999
0.717,-2.953
0.572,-3.057
0.516,-2.816
-0.795,-2.894
-0.672,-2.847
-0.834,-2.981
-0.701,-2.789
-0.995,-2.875
-1.041,-2.759
-1.168,-2.974
-1.799,-2.742
-1.769,-2.641
-1.946,-2.816
-2.348,-2.635
-2.511,1.602
-2.637,1.714
-2.676,1.684
-2.783,1.668
-2.966,1.618
2.432,1.431
1.9,1.497
1.667,1.326
1.325,1.625
0.978,1.562
0.106,1.567
-0.119,1.619
-0.468,1.488
-1.252,1.671
-1.655,1.289
-2.095,1.533
-2.281,1.434
-2.193,1.632
1.757,-0.739
0.561,0.471
-0.007,-1.711
-0.448,-0.801
-0.692,0.955
3.062,-0.201
2.879,-1.903
2.335,-1.909
1.657,-1.374
-0.163,0.82
-0.506,0.247
-0.511,-0.117
-0.819,-0.872
-1.174,-2.129
-1.111,-0.491
-1.452,0.249
-1.478,-1.188
-1.664,0.702
-1.683,0.899
-1.736,-0.197
-2.426,-0.291
-2.611,-1.616
2.147,-0.369
0.638,-0.353
-0.623,-1.69
2.096,1.136
-2.508,-2.76
-1.751,-3.108
-0.089,1.049
-0.355,-1.277
-0.234,-1.266
-0.316,-0.398
-0.421,2.269
-0.37,-0.347
-0.359,1.848
-0.392,-0.441
-0.495,0.715
-0.651,1.234
-0.728,1.282
-0.754,-0.181
-0.887,0.304
-0.857,-1.312
-1.035,1.358
-1.17,2.176
-1.161,2.0
-1.036,2.095
-1.221,2.254
-1.114,0.88
-1.337,1.185
-1.337,0.97
-1.412,1.758
-1.392,2.401
-1.576,0.578
-1.636,-0.321
-1.838,-0.178
-1.888,-0.044
-1.955,0.731
-2.044,-1.433
-2.076,-1.209
-1.989,2.127
-2.019,0.849
-2.164,0.729
-2.073,1.294
-2.052,0.661
-2.23,-1.843
-2.552,-1.541
2.835,-1.807
2.278,-1.771
2.383,-1.583
1.413,-1.504
1.232,-1.86
0.765,-1.814
0.62,-1.918
0.564,-1.677
-0.747,-1.755
-0.624,-1.708
-0.786,-1.842
-0.653,-1.65
-0.947,-1.736
-0.993,-1.62
-1.12,-1.835
-1.751,-1.603
-1.721,-1.502
-1.898,-1.677
-2.3,-1.496
-2.463,2.741
-2.589,2.853
-2.628,2.823
-2.735,2.807
-2.918,2.757
2.48,2.57
1.948,2.636
1.715,2.465
1.373,2.764
1.026,2.701
0.154,2.706
-0.071,2.758
-0.42,2.627
-1.204,2.81
-1.607,2.428
-2.047,2.672
-2.233,2.573
-2.145,2.771
1.805,0.4
0.609,1.61
0.041,-0.572
-0.4,0.338
-0.644,2.094
3.11,0.938
2.927,-0.764
2.383,-0.77
1.705,-0.235
-0.115,1.959
-0.458,1.386
-0.463,1.022
-0.771,0.267
-1.126,-0.99
-1.063,0.648
-1.404,1.388
-1.43,-0.049
-1.616,1.841
-1.635,2.038
-1.688,0.942
-2.378,0.848
-2.563,-0.477
2.195,0.77
0.686,0.786
-0.575,-0.551
2.144,2.275
-2.46,-1.621
-1.703,-1.969
-0.266,-2.326
-0.145,-2.315
-0.227,-1.447
-0.332,1.22
-0.281,-1.396
-0.27,0.799
-0.303,-1.49
-0.406,-0.334
-0.562,0.185
-0.639,0.233
-0.665,-1.23
-0.798,-0.745
-0.768,-2.361
-0.946,0.309
-1.081,1.127
-1.072,0.951
-0.947,1.046
-1.132,1.205
-1.025,-0.169
-1.248,0.136
-1.248,-0.079
-1.323,0.709
-1.303,1.352
-1.487,-0.471
-1.547,-1.37
-1.749,-1.227
-1.799,-1.093
-1.866,-0.318
-1.955,-2.482
-1.987,-2.258
-1.9,1.078
-1.93,-0.2
-2.075,-0.32
-1.984,0.245
-1.963,-0.388
-2.141,-2.892
-2.463,-2.59
2.924,-2.856
2.367,-2.82
2.472,-2.632
1.502,-2.553
1.321,-2.909
0.854,-2.863
0.709,-2.967
0.653,-2.726
-0.658,-2.804
-0.535,-2.757
-0.697,-2.891
-0.564,-2.699
-0.858,-2.785
-0.904,-2.669
-1.031,-2.884
-1.662,-2.652
-1.632,-2.551
-1.809,-2.726
-2.211,-2.545
-2.374,1.692
-2.5,1.804
-2.539,1.774
-2.646,1.758
-2.829,1.708
2.569,1.521
2.037,1.587
1.804,1.416
1.462,1.715
1.115,1.652
0.243,1.657
0.018,1.709
-0.331,1.578
-1.115,1.761
-1.518,1.379
-1.958,1.623
-2.144,1.524
-2.056,1.722
1.894,-0.649
0.698,0.561
0.13,-1.621
-0.311,-0.711
-0.555,1.045
-3.084,-0.111
3.016,-1.813
2.472,-1.819
1.794,-1.284
-0.026,0.91
-0.369,0.337
-0.374,-0.027
-0.682,-0.782
-1.037,-2.039
-0.974,-0.401
-1.315,0.339
-1.341,-1.098
-1.527,0.792
-1.546,0.989
-1.599,-0.107
-2.289,-0.201
-2.474,-1.526
2.284,-0.279
0.775,-0.263
-0.486,-1.6
2.233,1.226
-2.371,-2.67
-1.614,-3.018
0.121,0.011
0.039,0.879
-0.066,3.546
-0.015,0.93
-0.004,3.125
-0.037,0.836
-0.14,1.992
-0.296,2.511
-0.373,2.559
-0.399,1.096
-0.532,1.581
-0.502,-0.035
-0.68,2.635
-0.815,3.453
-0.806,3.277
-0.681,3.372
-0.866,3.531
-0.759,2.157
-0.982,2.462
-0.982,2.247
-1.057,3.035
-1.037,3.678
-1.221,1.855
-1.281,0.956
-1.483,1.099
-1.533,1.233
-1.6,2.008
-1.689,-0.156
-1.721,0.068
-1.634,3.404
-1.664,2.126
-1.809,2.006
-1.718,2.571
-1.697,1.938
-1.875,-0.566
-2.197,-0.264
-3.093,-0.53
2.633,-0.494
2.738,-0.306
1.768,-0.227
1.587,-0.583
1.12,-0.537
0.975,-0.641
0.919,-0.4
-0.392,-0.478
-0.269,-0.431
-0.431,-0.565
-0.298,-0.373
-0.592,-0.459
-0.638,-0.343
-0.765,-0.558
-1.396,-0.326
-1.366,-0.225
-1.543,-0.4
-1.945,-0.219
-2.108,4.018
-2.234,4.13
-2.273,4.1
-2.38,4.084
-2.563,4.034
2.835,3.847
2.303,3.913
2.07,3.742
1.728,4.041
1.381,3.978
0.509,3.983
0.284,4.035
-0.065,3.904
-0.849,4.087
-1.252,3.705
-1.692,3.949
-1.878,3.85
-1.79,4.048
2.16,1.677
0.964,2.887
0.396,0.705
-0.045,1.615
-0.289,3.371
-2.818,2.215
-3.001,0.513
2.738,0.507
2.06,1.042
0.24,3.236
-0.103,2.663
-0.108,2.299
-0.416,1.544
-0.771,0.287
-0.708,1.925
-1.049,2.665
-1.075,1.228
-1.261,3.118
-1.28,3.315
-1.333,2.219
-2.023,2.125
-2.208,0.8
2.55,2.047
1.041,2.063
-0.22,0.726
2.499,3.552
-2.105,-0.344
-1.348,-0.692
-0.082,0.868
-0.187,3.535
-0.136,0.919
-0.125,3.114
-0.158,0.825
-0.261,1.981
-0.417,2.5
-0.494,2.548
-0.52,1.085
-0.653,1.57
-0.623,-0.046
-0.801,2.624
-0.936,3.442
-0.927,3.266
-0.802,3.361
-0.987,3.52
-0.88,2.146
-1.103,2.451
-1.103,2.236
-1.178,3.024
-1.158,3.667
-1.342,1.844
-1.402,0.945
-1.604,1.088
-1.654,1.222
-1.721,1.997
-1.81,-0.167
-1.842,0.057
-1.755,3.393
-1.785,2.115
-1.93,1.995
-1.839,2.56
-1.818,1.927
-1.996,-0.577
-2.318,-0.275
3.069,-0.541
2.512,-0.505
2.617,-0.317
1.647,-0.238
1.466,-0.594
0.999,-0.548
0.854,-0.652
0.798,-0.411
-0.513,-0.489
-0.39,-0.442
-0.552,-0.576
-0.419,-0.384
-0.713,-0.47
-0.759,-0.354
-0.886,-0.569
-1.517,-0.337
-1.487,-0.236
-1.664,-0.411
-2.066,-0.23
-2.229,4.007
-2.355,4.119
-2.394,4.089
-2.501,4.073
-2.684,4.023
2.714,3.836
2.182,3.902
1.949,3.731
1.607,4.03
1.26,3.967
0.388,3.972
0.163,4.024
-0.186,3.893
-0.97,4.076
-1.373,3.694
-1.813,3.938
-1.999,3.839
-1.911,4.037
2.039,1.666
0.843,2.876
0.275,0.694
-0.166,1.604
-0.41,3.36
-2.939,2.204
-3.122,0.502
2.617,0.496
1.939,1.031
0.119,3.225
-0.224,2.652
-0.229,2.288
-0.537,1.533
-0.892,0.276
-0.829,1.914
-1.17,2.654
-1.196,1.217
-1.382,3.107
-1.401,3.304
-1.454,2.208
-2.144,2.114
-2.329,0.789
2.429,2.036
0.92,2.052
-0.341,0.715
2.378,3.541
-2.226,-0.355
-1.469,-0.703
-0.105,2.667
-0.054,0.051
-0.043,2.246
-0.076,-0.043
-0.179,1.113
-0.335,1.632
-0.412,1.68
-0.438,0.217
-0.571,0.702
-0.541,-0.914
-0.719,1.756
-0.854,2.574
-0.845,2.398
-0.72,2.493
-0.905,2.652
-0.798,1.278
-1.021,1.583
-1.021,1.368
-1.096,2.156
-1.076,2.799
-1.26,0.976
-1.32,0.077
-1.522,0.22
-1.572,0.354
-1.639,1.129
-1.728,-1.035
-1.76,-0.811
-1.673,2.525
-1.703,1.247
-1.848,1.127
-1.757,1.692
-1.736,1.059
-1.914,-1.445
-2.236,-1.143
-3.132,-1.409
2.594,-1.373
2.699,-1.185
1.729,-1.106
1.548,-1.462
1.081,-1.416
0.936,-1.52
0.88,-1.279
-0.431,-1.357
-0.308,-1.31
-0.47,-1.444
-0.337,-1.252
-0.631,-1.338
-0.677,-1.222
-0.804,-1.437
-1.435,-1.205
-1.405,-1.104
-1.582,-1.279
-1.984,-1.098
-2.147,3.139
-2.273,3.251
-2.312,3.221
-2.419,3.205
-2.602,3.155
2.796,2.968
2.264,3.034
2.031,2.863
1.689,3.162
1.342,3.099
0.47,3.104
0.245,3.156
-0.104,3.025
-0.888,3.208
-1.291,2.826
-1.731,3.07
-1.917,2.971
-1.829,3.169
2.121,0.798
0.925,2.008
0.357,-0.174
-0.084,0.736
-0.328,2.492
-2.857,1.336
-3.04,-0.366
2.699,-0.372
2.021,0.163
0.201,2.357
-0.142,1.784
-0.147,1.42
-0.455,0.665
-0.81,-0.592
-0.747,1.046
-1.088,1.786
-1.114,0.349
-1.3,2.239
-1.319,2.436
-1.372,1.34
-2.062,1.246
-2.247,-0.079
2.511,1.168
1.002,1.184
-0.259,-0.153
2.46,2.673
-2.144,-1.223
-1.387,-1.571
0.051,-2.616
0.062,-0.421
0.029,-2.71
-0.074,-1.554
-0.23,-1.035
-0.307,-0.987
-0.333,-2.45
-0.466,-1.965
-0.436,-3.581
-0.614,-0.911
-0.749,-0.093
-0.74,-0.269
-0.615,-0.174
-0.8,-0.015
-0.693,-1.389
-0.916,-1.084
-0.916,-1.299
-0.991,-0.511
-0.971,0.132
-1.155,-1.691
-1.215,-2.59
-1.417,-2.447
-1.467,-2.313
-1.534,-1.538
-1.623,-3.702
-1.655,-3.478
-1.568,-0.142
-1.598,-1.42
-1.743,-1.54
-1.652,-0.975
-1.631,-1.608
-1.809,-4.112
-2.131,-3.81
-3.027,-4.076
2.699,-4.04
2.804,-3.852
1.834,-3.773
1.653,-4.129
1.186,-4.083
1.041,-4.187
0.985,-3.946
-0.326,-4.024
-0.203,-3.977
-0.365,-4.111
-0.232,-3.919
-0.526,-4.005
-0.572,-3.889
-0.699,-4.104
-1.33,-3.872
-1.3,-3.771
-1.477,-3.946
-1.879,-3.765
-2.042,0.472
-2.168,0.584
-2.207,0.554
-2.314,0.538
-2.497,0.488
2.901,0.301
2.369,0.367
2.136,0.196
1.794,0.495
1.447,0.432
0.575,0.437
0.35,0.489
0.001,0.358
-0.783,0.541
-1.186,0.159
-1.626,0.403
-1.812,0.304
-1.724,0.502
2.226,-1.869
1.03,-0.659
0.462,-2.841
0.021,-1.931
-0.223,-0.175
-2.752,-1.331
-2.935,-3.033
2.804,-3.039
2.126,-2.504
0.306,-0.31
-0.037,-0.883
-0.042,-1.247
-0.35,-2.002
-0.705,-3.259
-0.642,-1.621
-0.983,-0.881
-1.009,-2.318
-1.195,-0.428
-1.214,-0.231
-1.267,-1.327
-1.957,-1.421
-2.142,-2.746
2.616,-1.499
1.107,-1.483
-0.154,-2.82
2.565,0.006
-2.039,-3.89
-1.282,-4.238
0.011,2.195
-0.022,-0.094
-0.125,1.062
-0.281,1.581
-0.358,1.629
-0.384,0.166
-0.517,0.651
-0.487,-0.965
-0.665,1.705
-0.8,2.523
-0.791,2.347
-0.666,2.442
-0.851,2.601
-0.744,1.227
-0.967,1.532
-0.967,1.317
-1.042,2.105
-1.022,2.748
-1.206,0.925
-1.266,0.026
-1.468,0.169
-1.518,0.303
-1.585,1.078
-1.674,-1.086
-1.706,-0.862
-1.619,2.474
-1.649,1.196
-1.794,1.076
-1.703,1.641
-1.682,1.008
-1.86,-1.496
-2.182,-1.194
-3.078,-1.46
2.648,-1.424
2.753,-1.236
1.783,-1.157
1.602,-1.513
1.135,-1.467
0.99,-1.571
0.934,-1.33
-0.377,-1.408
-0.254,-1.361
-0.416,-1.495
-0.283,-1.303
-0.577,-1.389
-0.623,-1.273
-0.75,-1.488
-1.381,-1.256
-1.351,-1.155
-1.528,-1.33
-1.93,-1.149
-2.093,3.088
-2.219,3.2
-2.258,3.17
-2.365,3.154
-2.548,3.104
2.85,2.917
2.318,2.983
2.085,2.812
1.743,3.111
1.396,3.048
0.524,3.053
0.299,3.105
-0.05,2.974
-0.834,3.157
-1.237,2.775
-1.677,3.019
-1.863,2.92
-1.775,3.118
2.175,0.747
0.979,1.957
0.411,-0.225
-0.03,0.685
-0.274,2.441
-2.803,1.285
-2.986,-0.417
2.753,-0.423
2.075,0.112
0.255,2.306
-0.088,1.733
-0.093,1.369
-0.401,0.614
-0.756,-0.643
-0.693,0.995
-1.034,1.735
-1.06,0.298
-1.246,2.188
-1.265,2.385
-1.318,1.289
-2.008,1.195
-2.193,-0.13
2.565,1.117
1.056,1.133
-0.205,-0.204
2.514,2.622
-2.09,-1.274
-1.333,-1.622
-0.033,-2.289
-0.136,-1.133
-0.292,-0.614
-0.369,-0.566
-0.395,-2.029
-0.528,-1.544
-0.498,-3.16
-0.676,-0.49
-0.811,0.328
-0.802,0.152
-0.677,0.247
-0.862,0.406
-0.755,-0.968
-0.978,-0.663
-0.978,-0.878
-1.053,-0.09
-1.033,0.553
-1.217,-1.27
-1.277,-2.169
-1.479,-2.026
-1.529,-1.892
-1.596,-1.117
-1.685,-3.281
-1.717,-3.057
-1.63,0.279
-1.66,-0.999
-1.805,-1.119
-1.714,-0.554
-1.693,-1.187
-1.871,-3.691
-2.193,-3.389
-3.089,-3.655
2.637,-3.619
2.742,-3.431
1.772,-3.352
1.591,-3.708
1.124,-3.662
0.979,-3.766
0.923,-3.525
-0.388,-3.603
-0.265,-3.556
-0.427,-3.69
-0.294,-3.498
-0.588,-3.584
-0.634,-3.468
-0.761,-3.683
-1.392,-3.451
-1.362,-3.35
-1.539,-3.525
-1.941,-3.344
-2.104,0.893
-2.23,1.005
-2.269,0.975
-2.376,0.959
-2.559,0.909
2.839,0.722
2.307,0.788
2.074,0.617
1.732,0.916
1.385,0.853
0.513,0.858
0.288,0.91
-0.061,0.779
-0.845,0.962
-1.248,0.58
-1.688,0.824
-1.874,0.725
-1.786,0.923
2.164,-1.448
0.968,-0.238
0.4,-2.42
-0.041,-1.51
-0.285,0.246
-2.814,-0.91
-2.997,-2.612
2.742,-2.618
2.064,-2.083
0.244,0.111
-0.099,-0.462
-0.104,-0.826
-0.412,-1.581
-0.767,-2.838
-0.704,-1.2
-1.045,-0.46
-1.071,-1.897
-1.257,-0.007
-1.276,0.19
-1.329,-0.906
-2.019,-1.0
-2.204,-2.325
2.554,-1.078
1.045,-1.062
-0.216,-2.399
2.503,0.427
-2.101,-3.469
-1.344,-3.817
-0.103,1.156
-0.259,1.675
-0.336,1.723
-0.362,0.26
-0.495,0.745
-0.465,-0.871
-0.643,1.799
-0.778,2.617
-0.769,2.441
-0.644,2.536
-0.829,2.695
-0.722,1.321
-0.945,1.626
-0.945,1.411
-1.02,2.199
-1.0,2.842
-1.184,1.019
-1.244,0.12
-1.446,0.263
-1.496,0.397
-1.563,1.172
-1.652,-0.992
-1.684,-0.768
-1.597,2.568
-1.627,1.29
-1.772,1.17
-1.681,1.735
-1.66,1.102
-1.838,-1.402
-2.16,-1.1
-3.056,-1.366
2.67,-1.33
2.775,-1.142
1.805,-1.063
1.624,-1.419
1.157,-1.373
1.012,-1.477
0.956,-1.236
-0.355,-1.314
-0.232,-1.267
-0.394,-1.401
-0.261,-1.209
-0.555,-1.295
-0.601,-1.179
-0.728,-1.394
-1.359,-1.162
-1.329,-1.061
-1.506,-1.236
-1.908,-1.055
-2.071,3.182
-2.197,3.294
-2.236,3.264
-2.343,3.248
-2.526,3.198
2.872,3.011
2.34,3.077
2.107,2.906
1.765,3.205
1.418,3.142
0.546,3.147
0.321,3.199
-0.028,3.068
-0.812,3.251
-1.215,2.869
-1.655,3.113
-1.841,3.014
-1.753,3.212
2.197,0.841
1.001,2.051
0.433,-0.131
-0.008,0.779
-0.252,2.535
-2.781,1.379
-2.964,-0.323
2.775,-0.329
2.097,0.206
0.277,2.4
-0.066,1.827
-0.071,1.463
-0.379,0.708
-0.734,-0.549
-0.671,1.089
-1.012,1.829
-1.038,0.392
-1.224,2.282
-1.243,2.479
-1.296,1.383
-1.986,1.289
-2.171,-0.036
2.587,1.211
1.078,1.227
-0.183,-0.11
2.536,2.716
-2.068,-1.18
-1.311,-1.528
-0.156,0.519
-0.233,0.567
-0.259,-0.896
-0.392,-0.411
-0.362,-2.027
-0.54,0.643
-0.675,1.461
-0.666,1.285
-0.541,1.38
-0.726,1.539
-0.619,0.165
-0.842,0.47
-0.842,0.255
-0.917,1.043
-0.897,1.686
-1.081,-0.137
-1.141,-1.036
-1.343,-0.893
-1.393,-0.759
-1.46,0.016
-1.549,-2.148
-1.581,-1.924
-1.494,1.412
-1.524,0.134
-1.669,0.014
-1.578,0.579
-1.557,-0.054
-1.735,-2.558
-2.057,-2.256
-2.953,-2.522
2.773,-2.486
2.878,-2.298
1.908,-2.219
1.727,-2.575
1.26,-2.529
1.115,-2.633
1.059,-2.392
-0.252,-2.47
-0.129,-2.423
-0.291,-2.557
-0.158,-2.365
-0.452,-2.451
-0.498,-2.335
-0.625,-2.55
-1.256,-2.318
-1.226,-2.217
-1.403,-2.392
-1.805,-2.211
-1.968,2.026
-2.094,2.138
-2.133,2.108
-2.24,2.092
-2.423,2.042
2.975,1.855
2.443,1.921
2.21,1.75
1.868,2.049
1.521,1.986
0.649,1.991
0.424,2.043
0.075,1.912
-0.709,2.095
-1.112,1.713
-1.552,1.957
-1.738,1.858
-1.65,2.056
2.3,-0.315
1.104,0.895
0.536,-1.287
0.095,-0.377
-0.149,1.379
-2.678,0.223
-2.861,-1.479
2.878,-1.485
2.2,-0.95
0.38,1.244
0.037,0.671
0.032,0.307
-0.276,-0.448
-0.631,-1.705
-0.568,-0.067
-0.909,0.673
-0.935,-0.764
-1.121,1.126
-1.14,1.323
-1.193,0.227
-1.883,0.133
-2.068,-1.192
2.69,0.055
1.181,0.071
-0.08,-1.266
2.639,1.56
-1.965,-2.336
-1.208,-2.684
-0.077,0.048
-0.103,-1.415
-0.236,-0.93
-0.206,-2.546
-0.384,0.124
-0.519,0.942
-0.51,0.766
-0.385,0.861
-0.57,1.02
-0.463,-0.354
-0.686,-0.049
-0.686,-0.264
-0.761,0.524
-0.741,1.167
-0.925,-0.656
-0.985,-1.555
-1.187,-1.412
-1.237,-1.278
-1.304,-0.503
-1.393,-2.667
-1.425,-2.443
-1.338,0.893
-1.368,-0.385
-1.513,-0.505
-1.422,0.06
-1.401,-0.573
-1.579,-3.077
-1.901,-2.775
-2.797,-3.041
2.929,-3.005
3.034,-2.817
2.064,-2.738
1.883,-3.094
1.416,-3.048
1.271,-3.152
1.215,-2.911
-0.096,-2.989
0.027,-2.942
-0.135,-3.076
-0.002,-2.884
-0.296,-2.97
-0.342,-2.854
-0.469,-3.069
-1.1,-2.837
-1.07,-2.736
-1.247,-2.911
-1.649,-2.73
-1.812,1.507
-1.938,1.619
-1.977,1.589
-2.084,1.573
-2.267,1.523
3.131,1.336
2.599,1.402
2.366,1.231
2.024,1.53
1.677,1.467
0.805,1.472
0.58,1.524
0.231,1.393
-0.553,1.576
-0.956,1.194
-1.396,1.438
-1.582,1.339
-1.494,1.537
2.456,-0.834
1.26,0.376
0.692,-1.806
0.251,-0.896
0.007,0.86
-2.522,-0.296
-2.705,-1.998
3.034,-2.004
2.356,-1.469
0.536,0.725
0.193,0.152
0.188,-0.212
-0.12,-0.967
-0.475,-2.224
-0.412,-0.586
-0.753,0.154
-0.779,-1.283
-0.965,0.607
-0.984,0.804
-1.037,-0.292
-1.727,-0.386
-1.912,-1.711
2.846,-0.464
1.337,-0.448
0.076,-1.785
2.795,1.041
-1.809,-2.855
-1.052,-3.203
-0.026,-1.463
-0.159,-0.978
-0.129,-2.594
-0.307,0.076
-0.442,0.894
-0.433,0.718
-0.308,0.813
-0.493,0.972
-0.386,-0.402
-0.609,-0.097
-0.609,-0.312
-0.684,0.476
-0.664,1.119
-0.848,-0.704
-0.908,-1.603
-1.11,-1.46
-1.16,-1.326
-1.227,-0.551
-1.316,-2.715
-1.348,-2.491
-1.261,0.845
-1.291,-0.433
-1.436,-0.553
-1.345,0.012
-1.324,-0.621
-1.502,-3.125
-1.824,-2.823
-2.72,-3.089
3.006,-3.053
3.111,-2.865
2.141,-2.786
1.96,-3.142
1.493,-3.096
1.348,-3.2
1.292,-2.959
-0.019,-3.037
0.104,-2.99
-0.058,-3.124
0.075,-2.932
-0.219,-3.018
-0.265,-2.902
-0.392,-3.117
-1.023,-2.885
-0.993,-2.784
-1.17,-2.959
-1.572,-2.778
-1.735,1.459
-1.861,1.571
-1.9,1.541
-2.007,1.525
-2.19,1.475
-3.075,1.288
2.676,1.354
2.443,1.183
2.101,1.482
1.754,1.419
0.882,1.424
0.657,1.476
0.308,1.345
-0.476,1.528
-0.879,1.146
-1.319,1.39
-1.505,1.291
-1.417,1.489
2.533,-0.882
1.337,0.328
0.769,-1.854
0.328,-0.944
0.084,0.812
-2.445,-0.344
-2.628,-2.046
3.111,-2.052
2.433,-1.517
0.613,0.677
0.27,0.104
0.265,-0.26
-0.043,-1.015
-0.398,-2.272
-0.335,-0.634
-0.676,0.106
-0.702,-1.331
-0.888,0.559
-0.907,0.756
-0.96,-0.34
-1.65,-0.434
-1.835,-1.759
2.923,-0.512
1.414,-0.496
0.153,-1.833
2.872,0.993
-1.732,-2.903
-0.975,-3.251
-0.133,0.485
-0.103,-1.131
-0.281,1.539
-0.416,2.357
-0.407,2.181
-0.282,2.276
-0.467,2.435
-0.36,1.061
-0.583,1.366
-0.583,1.151
-0.658,1.939
-0.638,2.582
-0.822,0.759
-0.882,-0.14
-1.084,0.003
-1.134,0.137
-1.201,0.912
-1.29,-1.252
-1.322,-1.028
-1.235,2.308
-1.265,1.03
-1.41,0.91
-1.319,1.475
-1.298,0.842
-1.476,-1.662
-1.798,-1.36
-2.694,-1.626
3.032,-1.59
3.137,-1.402
2.167,-1.323
1.986,-1.679
1.519,-1.633
1.374,-1.737
1.318,-1.496
0.007,-1.574
0.13,-1.527
-0.032,-1.661
0.101,-1.469
-0.193,-1.555
-0.239,-1.439
-0.366,-1.654
-0.997,-1.422
-0.967,-1.321
-1.144,-1.496
-1.546,-1.315
-1.709,2.922
-1.835,3.034
-1.874,3.004
-1.981,2.988
-2.164,2.938
-3.049,2.751
2.702,2.817
2.469,2.646
2.127,2.945
1.78,2.882
0.908,2.887
0.683,2.939
0.334,2.808
-0.45,2.991
-0.853,2.609
-1.293,2.853
-1.479,2.754
-1.391,2.952
2.559,0.581
1.363,1.791
0.795,-0.391
0.354,0.519
0.11,2.275
-2.419,1.119
-2.602,-0.583
3.137,-0.589
2.459,-0.054
0.639,2.14
0.296,1.567
0.291,1.203
-0.017,0.448
-0.372,-0.809
-0.309,0.829
-0.65,1.569
-0.676,0.132
-0.862,2.022
-0.881,2.219
-0.934,1.123
-1.624,1.029
-1.809,-0.296
2.949,0.951
1.44,0.967
0.179,-0.37
2.898,2.456
-1.706,-1.44
-0.949,-1.788
0.03,-1.616
-0.148,1.054
-0.283,1.872
-0.274,1.696
-0.149,1.791
-0.334,1.95
-0.227,0.576
-0.45,0.881
-0.45,0.666
-0.525,1.454
-0.505,2.097
-0.689,0.274
-0.749,-0.625
-0.951,-0.482
-1.001,-0.348
-1.068,0.427
-1.157,-1.737
-1.189,-1.513
-1.102,1.823
-1.132,0.545
-1.277,0.425
-1.186,0.99
-1.165,0.357
-1.343,-2.147
-1.665,-1.845
-2.561,-2.111
-3.118,-2.075
-3.013,-1.887
2.3,-1.808
2.119,-2.164
1.652,-2.118
1.507,-2.222
1.451,-1.981
0.14,-2.059
0.263,-2.012
0.101,-2.146
0.234,-1.954
-0.06,-2.04
-0.106,-1.924
-0.233,-2.139
-0.864,-1.907
-0.834,-1.806
-1.011,-1.981
-1.413,-1.8
-1.576,2.437
-1.702,2.549
-1.741,2.519
-1.848,2.503
-2.031,2.453
-2.916,2.266
2.835,2.332
2.602,2.161
2.26,2.46
1.913,2.397
1.041,2.402
0.816,2.454
0.467,2.323
-0.317,2.506
-0.72,2.124
-1.16,2.368
-1.346,2.269
-1.258,2.467
2.692,0.096
1.496,1.306
0.928,-0.876
0.487,0.034
0.243,1.79
-2.286,0.634
-2.469,-1.068
-3.013,-1.074
2.592,-0.539
0.772,1.655
0.429,1.082
0.424,0.718
0.116,-0.037
-0.239,-1.294
-0.176,0.344
-0.517,1.084
-0.543,-0.353
-0.729,1.537
-0.748,1.734
-0.801,0.638
-1.491,0.544
-1.676,-0.781
3.082,0.466
1.573,0.482
0.312,-0.855
3.031,1.971
-1.573,-1.925
-0.816,-2.273
-0.178,2.67
-0.313,3.488
-0.304,3.312
-0.179,3.407
-0.364,3.566
-0.257,2.192
-0.48,2.497
-0.48,2.282
-0.555,3.07
-0.535,3.713
-0.719,1.89
-0.779,0.991
-0.981,1.134
-1.031,1.268
-1.098,2.043
-1.187,-0.121
-1.219,0.103
-1.132,3.439
-1.162,2.161
-1.307,2.041
-1.216,2.606
-1.195,1.973
-1.373,-0.531
-1.695,-0.229
-2.591,-0.495
3.135,-0.459
-3.043,-0.271
2.27,-0.192
2.089,-0.548
1.622,-0.502
1.477,-0.606
1.421,-0.365
0.11,-0.443
0.233,-0.396
0.071,-0.53
0.204,-0.338
-0.09,-0.424
-0.136,-0.308
-0.263,-0.523
-0.894,-0.291
-0.864,-0.19
-1.041,-0.365
-1.443,-0.184
-1.606,4.053
-1.732,4.165
-1.771,4.135
-1.878,4.119
-2.061,4.069
-2.946,3.882
2.805,3.948
2.572,3.777
2.23,4.076
1.883,4.013
1.011,4.018
0.786,4.07
0.437,3.939
-0.347,4.122
-0.75,3.74
-1.19,3.984
-1.376,3.885
-1.288,4.083
2.662,1.712
1.466,2.922
0.898,0.74
0.457,1.65
0.213,3.406
-2.316,2.25
-2.499,0.548
-3.043,0.542
2.562,1.077
0.742,3.271
0.399,2.698
0.394,2.334
0.086,1.579
-0.269,0.322
-0.206,1.96
-0.547,2.7
-0.573,1.263
-0.759,3.153
-0.778,3.35
-0.831,2.254
-1.521,2.16
-1.706,0.835
3.052,2.082
1.543,2.098
0.282,0.761
3.001,3.587
-1.603,-0.309
-0.846,-0.657
-0.135,0.818
-0.126,0.642
-0.001,0.737
-0.186,0.896
-0.079,-0.478
-0.302,-0.173
-0.302,-0.388
-0.377,0.4
-0.357,1.043
-0.541,-0.78
-0.601,-1.679
-0.803,-1.536
-0.853,-1.402
-0.92,-0.627
-1.009,-2.791
-1.041,-2.567
-0.954,0.769
-0.984,-0.509
-1.129,-0.629
-1.038,-0.064
-1.017,-0.697
-1.195,-3.201
-1.517,-2.899
-2.413,-3.165
-2.97,-3.129
-2.865,-2.941
2.448,-2.862
2.267,-3.218
1.8,-3.172
1.655,-3.276
1.599,-3.035
0.288,-3.113
0.411,-3.066
0.249,-3.2
0.382,-3.008
0.088,-3.094
0.042,-2.978
-0.085,-3.193
-0.716,-2.961
-0.686,-2.86
-0.863,-3.035
-1.265,-2.854
-1.428,1.383
-1.554,1.495
-1.593,1.465
-1.7,1.449
-1.883,1.399
-2.768,1.212
2.983,1.278
2.75,1.107
2.408,1.406
2.061,1.343
1.189,1.348
0.964,1.4
0.615,1.269
-0.169,1.452
-0.572,1.07
-1.012,1.314
-1.198,1.215
-1.11,1.413
2.84,-0.958
1.644,0.252
1.076,-1.93
0.635,-1.02
0.391,0.736
-2.138,-0.42
-2.321,-2.122
-2.865,-2.128
2.74,-1.593
0.92,0.601
0.577,0.028
0.572,-0.336
0.264,-1.091
-0.091,-2.348
-0.028,-0.71
-0.369,0.03
-0.395,-1.407
-0.581,0.483
-0.6,0.68
-0.653,-0.416
-1.343,-0.51
-1.528,-1.835
-3.053,-0.588
1.721,-0.572
0.46,-1.909
-3.104,0.917
-1.425,-2.979
-0.668,-3.327
0.009,-0.176
0.134,-0.081
-0.051,0.078
0.056,-1.296
-0.167,-0.991
-0.167,-1.206
-0.242,-0.418
-0.222,0.225
-0.406,-1.598
-0.466,-2.497
-0.668,-2.354
-0.718,-2.22
-0.785,-1.445
-0.874,-3.609
-0.906,-3.385
-0.819,-0.049
-0.849,-1.327
-0.994,-1.447
-0.903,-0.882
-0.882,-1.515
-1.06,-4.019
-1.382,-3.717
-2.278,-3.983
-2.835,-3.947
-2.73,-3.759
2.583,-3.68
2.402,-4.036
1.935,-3.99
1.79,-4.094
1.734,-3.853
0.423,-3.931
0.546,-3.884
0.384,-4.018
0.517,-3.826
0.223,-3.912
0.177,-3.796
0.05,-4.011
-0.581,-3.779
-0.551,-3.678
-0.728,-3.853
-1.13,-3.672
-1.293,0.565
-1.419,0.677
-1.458,0.647
-1.565,0.631
-1.748,0.581
-2.633,0.394
3.118,0.46
2.885,0.289
2.543,0.588
2.196,0.525
1.324,0.53
1.099,0.582
0.75,0.451
-0.034,0.634
-0.437,0.252
-0.877,0.496
-1.063,0.397
-0.975,0.595
2.975,-1.776
1.779,-0.566
1.211,-2.748
0.77,-1.838
0.526,-0.082
-2.003,-1.238
-2.186,-2.94
-2.73,-2.946
2.875,-2.411
1.055,-0.217
0.712,-0.79
0.707,-1.154
0.399,-1.909
0.044,-3.166
0.107,-1.528
-0.234,-0.788
-0.26,-2.225
-0.446,-0.335
-0.465,-0.138
-0.518,-1.234
-1.208,-1.328
-1.393,-2.653
-2.918,-1.406
1.856,-1.39
0.595,-2.727
-2.969,0.099
-1.29,-3.797
-0.533,-4.145
0.125,0.095
-0.06,0.254
0.047,-1.12
-0.176,-0.815
-0.176,-1.03
-0.251,-0.242
-0.231,0.401
-0.415,-1.422
-0.475,-2.321
-0.677,-2.178
-0.727,-2.044
-0.794,-1.269
-0.883,-3.433
-0.915,-3.209
-0.828,0.127
-0.858,-1.151
-1.003,-1.271
-0.912,-0.706
-0.891,-1.339
-1.069,-3.843
-1.391,-3.541
-2.287,-3.807
-2.844,-3.771
-2.739,-3.583
2.574,-3.504
2.393,-3.86
1.926,-3.814
1.781,-3.918
1.725,-3.677
0.414,-3.755
0.537,-3.708
0.375,-3.842
0.508,-3.65
0.214,-3.736
0.168,-3.62
0.041,-3.835
-0.59,-3.603
-0.56,-3.502
-0.737,-3.677
-1.139,-3.496
-1.302,0.741
-1.428,0.853
-1.467,0.823
-1.574,0.807
-1.757,0.757
-2.642,0.57
3.109,0.636
2.876,0.465
2.534,0.764
2.187,0.701
1.315,0.706
1.09,0.758
0.741,0.627
-0.043,0.81
-0.446,0.428
-0.886,0.672
-1.072,0.573
-0.984,0.771
2.966,-1.6
1.77,-0.39
1.202,-2.572
0.761,-1.662
0.517,0.094
-2.012,-1.062
-2.195,-2.764
-2.739,-2.77
2.866,-2.235
1.046,-0.041
0.703,-0.614
0.698,-0.978
0.39,-1.733
0.035,-2.99
0.098,-1.352
-0.243,-0.612
-0.269,-2.049
-0.455,-0.159
-0.474,0.038
-0.527,-1.058
-1.217,-1.152
-1.402,-2.477
-2.927,-1.23
1.847,-1.214
0.586,-2.551
-2.978,0.275
-1.299,-3.621
-0.542,-3.969
-0.185,0.159
-0.078,-1.215
-0.301,-0.91
-0.301,-1.125
-0.376,-0.337
-0.356,0.306
-0.54,-1.517
-0.6,-2.416
-0.802,-2.273
-0.852,-2.139
-0.919,-1.364
-1.008,-3.528
-1.04,-3.304
-0.953,0.032
-0.983,-1.246
-1.128,-1.366
-1.037,-0.801
-1.016,-1.434
-1.194,-3.938
-1.516,-3.636
-2.412,-3.902
-2.969,-3.866
-2.864,-3.678
2.449,-3.599
2.268,-3.955
1.801,-3.909
1.656,-4.013
1.6,-3.772
0.289,-3.85
0.412,-3.803
0.25,-3.937
0.383,-3.745
0.089,-3.831
0.043,-3.715
-0.084,-3.93
-0.715,-3.698
-0.685,-3.597
-0.862,-3.772
-1.264,-3.591
-1.427,0.646
-1.553,0.758
-1.592,0.728
-1.699,0.712
-1.882,0.662
-2.767,0.475
2.984,0.541
2.751,0.37
2.409,0.669
2.062,0.606
1.19,0.611
0.965,0.663
0.616,0.532
-0.168,0.715
-0.571,0.333
-1.011,0.577
-1.197,0.478
-1.109,0.676
2.841,-1.695
1.645,-0.485
1.077,-2.667
0.636,-1.757
0.392,-0.001
-2.137,-1.157
-2.32,-2.859
-2.864,-2.865
2.741,-2.33
0.921,-0.136
0.578,-0.709
0.573,-1.073
0.265,-1.828
-0.09,-3.085
-0.027,-1.447
-0.368,-0.707
-0.394,-2.144
-0.58,-0.254
-0.599,-0.057
-0.652,-1.153
-1.342,-1.247
-1.527,-2.572
-3.052,-1.325
1.722,-1.309
0.461,-2.646
-3.103,0.18
-1.424,-3.716
-0.667,-4.064
0.107,-1.374
-0.116,-1.069
-0.116,-1.284
-0.191,-0.496
-0.171,0.147
-0.355,-1.676
-0.415,-2.575
-0.617,-2.432
-0.667,-2.298
-0.734,-1.523
-0.823,-3.687
-0.855,-3.463
-0.768,-0.127
-0.798,-1.405
-0.943,-1.525
-0.852,-0.96
-0.831,-1.593
-1.009,-4.097
-1.331,-3.795
-2.227,-4.061
-2.784,-4.025
-2.679,-3.837
2.634,-3.758
2.453,-4.114
1.986,-4.068
1.841,-4.172
1.785,-3.931
0.474,-4.009
0.597,-3.962
0.435,-4.096
0.568,-3.904
0.274,-3.99
0.228,-3.874
0.101,-4.089
-0.53,-3.857
-0.5,-3.756
-0.677,-3.931
-1.079,-3.75
-1.242,0.487
-1.368,0.599
-1.407,0.569
-1.514,0.553
-1.697,0.503
-2.582,0.316
-3.114,0.382
2.936,0.211
2.594,0.51
2.247,0.447
1.375,0.452
1.15,0.504
0.801,0.373
0.017,0.556
-0.386,0.174
-0.826,0.418
-1.012,0.319
-0.924,0.517
3.026,-1.854
1.83,-0.644
1.262,-2.826
0.821,-1.916
0.577,-0.16
-1.952,-1.316
-2.135,-3.018
-2.679,-3.024
2.926,-2.489
1.106,-0.295
0.763,-0.868
0.758,-1.232
0.45,-1.987
0.095,-3.244
0.158,-1.606
-0.183,-0.866
-0.209,-2.303
-0.395,-0.413
-0.414,-0.216
-0.467,-1.312
-1.157,-1.406
-1.342,-2.731
-2.867,-1.484
1.907,-1.468
0.646,-2.805
-2.918,0.021
-1.239,-3.875
-0.482,-4.223
-0.223,0.305
-0.223,0.09
-0.298,0.878
-0.278,1.521
-0.462,-0.302
-0.522,-1.201
-0.724,-1.058
-0.774,-0.924
-0.841,-0.149
-0.93,-2.313
-0.962,-2.089
-0.875,1.247
-0.905,-0.031
-1.05,-0.151
-0.959,0.414
-0.938,-0.219
-1.116,-2.723
-1.438,-2.421
-2.334,-2.687
-2.891,-2.651
-2.786,-2.463
2.527,-2.384
2.346,-2.74
1.879,-2.694
1.734,-2.798
1.678,-2.557
0.367,-2.635
0.49,-2.588
0.328,-2.722
0.461,-2.53
0.167,-2.616
0.121,-2.5
-0.006,-2.715
-0.637,-2.483
-0.607,-2.382
-0.784,-2.557
-1.186,-2.376
-1.349,1.861
-1.475,1.973
-1.514,1.943
-1.621,1.927
-1.804,1.877
-2.689,1.69
3.062,1.756
2.829,1.585
2.487,1.884
2.14,1.821
1.268,1.826
1.043,1.878
0.694,1.747
-0.09,1.93
-0.493,1.548
-0.933,1.792
-1.119,1.693
-1.031,1.891
2.919,-0.48
1.723,0.73
1.155,-1.452
0.714,-0.542
0.47,1.214
-2.059,0.058
-2.242,-1.644
-2.786,-1.65
2.819,-1.115
0.999,1.079
0.656,0.506
0.651,0.142
0.343,-0.613
-0.012,-1.87
0.051,-0.232
-0.29,0.508
-0.316,-0.929
-0.502,0.961
-0.521,1.158
-0.574,0.062
-1.264,-0.032
-1.449,-1.357
-2.974,-0.11
1.8,-0.094
0.539,-1.431
-3.025,1.395
-1.346,-2.501
-0.589,-2.849
0.0,-0.215
-0.075,0.573
-0.055,1.216
-0.239,-0.607
-0.299,-1.506
-0.501,-1.363
-0.551,-1.229
-0.618,-0.454
-0.707,-2.618
-0.739,-2.394
-0.652,0.942
-0.682,-0.336
-0.827,-0.456
-0.736,0.109
-0.715,-0.524
-0.893,-3.028
-1.215,-2.726
-2.111,-2.992
-2.668,-2.956
-2.563,-2.768
2.75,-2.689
2.569,-3.045
2.102,-2.999
1.957,-3.103
1.901,-2.862
0.59,-2.94
0.713,-2.893
0.551,-3.027
0.684,-2.835
0.39,-2.921
0.344,-2.805
0.217,-3.02
-0.414,-2.788
-0.384,-2.687
-0.561,-2.862
-0.963,-2.681
-1.126,1.556
-1.252,1.668
-1.291,1.638
-1.398,1.622
-1.581,1.572
-2.466,1.385
-2.998,1.451
3.052,1.28
2.71,1.579
2.363,1.516
1.491,1.521
1.266,1.573
0.917,1.442
0.133,1.625
-0.27,1.243
-0.71,1.487
-0.896,1.388
-0.808,1.586
-3.141,-0.785
1.946,0.425
1.378,-1.757
0.937,-0.847
0.693,0.909
-1.836,-0.247
-2.019,-1.949
-2.563,-1.955
3.042,-1.42
1.222,0.774
0.879,0.201
0.874,-0.163
0.566,-0.918
0.211,-2.175
0.274,-0.537
-0.067,0.203
-0.093,-1.234
-0.279,0.656
-0.298,0.853
-0.351,-0.243
-1.041,-0.337
-1.226,-1.662
-2.751,-0.415
2.023,-0.399
0.762,-1.736
-2.802,1.09
-1.123,-2.806
-0.366,-3.154
-0.075,0.788
-0.055,1.431
-0.239,-0.392
-0.299,-1.291
-0.501,-1.148
-0.551,-1.014
-0.618,-0.239
-0.707,-2.403
-0.739,-2.179
-0.652,1.157
-0.682,-0.121
-0.827,-0.241
-0.736,0.324
-0.715,-0.309
-0.893,-2.813
-1.215,-2.511
-2.111,-2.777
-2.668,-2.741
-2.563,-2.553
2.75,-2.474
2.569,-2.83
2.102,-2.784
1.957,-2.888
1.901,-2.647
0.59,-2.725
0.713,-2.678
0.551,-2.812
0.684,-2.62
0.39,-2.706
0.344,-2.59
0.217,-2.805
-0.414,-2.573
-0.384,-2.472
-0.561,-2.647
-0.963,-2.466
-1.126,1.771
-1.252,1.883
-1.291,1.853
-1.398,1.837
-1.581,1.787
-2.466,1.6
-2.998,1.666
3.052,1.495
2.71,1.794
2.363,1.731
1.491,1.736
1.266,1.788
0.917,1.657
0.133,1.84
-0.27,1.458
-0.71,1.702
-0.896,1.603
-0.808,1.801
-3.141,-0.57
1.946,0.64
1.378,-1.542
0.937,-0.632
0.693,1.124
-1.836,-0.032
-2.019,-1.734
-2.563,-1.74
3.042,-1.205
1.222,0.989
0.879,0.416
0.874,0.052
0.566,-0.703
0.211,-1.96
0.274,-0.322
-0.067,0.418
-0.093,-1.019
-0.279,0.871
-0.298,1.068
-0.351,-0.028
-1.041,-0.122
-1.226,-1.447
-2.751,-0.2
2.023,-0.184
0.762,-1.521
-2.802,1.305
-1.123,-2.591
-0.366,-2.939
0.02,0.643
-0.164,-1.18
-0.224,-2.079
-0.426,-1.936
-0.476,-1.802
-0.543,-1.027
-0.632,-3.191
-0.664,-2.967
-0.577,0.369
-0.607,-0.909
-0.752,-1.029
-0.661,-0.464
-0.64,-1.097
-0.818,-3.601
-1.14,-3.299
-2.036,-3.565
-2.593,-3.529
-2.488,-3.341
2.825,-3.262
2.644,-3.618
2.177,-3.572
2.032,-3.676
1.976,-3.435
0.665,-3.513
0.788,-3.466
0.626,-3.6
0.759,-3.408
0.465,-3.494
0.419,-3.378
0.292,-3.593
-0.339,-3.361
-0.309,-3.26
-0.486,-3.435
-0.888,-3.254
-1.051,0.983
-1.177,1.095
-1.216,1.065
-1.323,1.049
-1.506,0.999
-2.391,0.812
-2.923,0.878
3.127,0.707
2.785,1.006
2.438,0.943
1.566,0.948
1.341,1.0
0.992,0.869
0.208,1.052
-0.195,0.67
-0.635,0.914
-0.821,0.815
-0.733,1.013
-3.066,-1.358
2.021,-0.148
1.453,-2.33
1.012,-1.42
0.768,0.336
-1.761,-0.82
-1.944,-2.522
-2.488,-2.528
3.117,-1.993
1.297,0.201
0.954,-0.372
0.949,-0.736
0.641,-1.491
0.286,-2.748
0.349,-1.11
0.008,-0.37
-0.018,-1.807
-0.204,0.083
-0.223,0.28
-0.276,-0.816
-0.966,-0.91
-1.151,-2.235
-2.676,-0.988
2.098,-0.972
0.837,-2.309
-2.727,0.517
-1.048,-3.379
-0.291,-3.727
-0.184,-1.823
-0.244,-2.722
-0.446,-2.579
-0.496,-2.445
-0.563,-1.67
-0.652,-3.834
-0.684,-3.61
-0.597,-0.274
-0.627,-1.552
-0.772,-1.672
-0.681,-1.107
-0.66,-1.74
-0.838,-4.244
-1.16,-3.942
-2.056,-4.208
-2.613,-4.172
-2.508,-3.984
2.805,-3.905
2.624,-4.261
2.157,-4.215
2.012,-4.319
1.956,-4.078
0.645,-4.156
0.768,-4.109
0.606,-4.243
0.739,-4.051
0.445,-4.137
0.399,-4.021
0.272,-4.236
-0.359,-4.004
-0.329,-3.903
-0.506,-4.078
-0.908,-3.897
-1.071,0.34
-1.197,0.452
-1.236,0.422
-1.343,0.406
-1.526,0.356
-2.411,0.169
-2.943,0.235
3.107,0.064
2.765,0.363
2.418,0.3
1.546,0.305
1.321,0.357
0.972,0.226
0.188,0.409
-0.215,0.027
-0.655,0.271
-0.841,0.172
-0.753,0.37
-3.086,-2.001
2.001,-0.791
1.433,-2.973
0.992,-2.063
0.748,-0.307
-1.781,-1.463
-1.964,-3.165
-2.508,-3.171
3.097,-2.636
1.277,-0.442
0.934,-1.015
0.929,-1.379
0.621,-2.134
0.266,-3.391
0.329,-1.753
-0.012,-1.013
-0.038,-2.45
-0.224,-0.56
-0.243,-0.363
-0.296,-1.459
-0.986,-1.553
-1.171,-2.878
-2.696,-1.631
2.078,-1.615
0.817,-2.952
-2.747,-0.126
-1.068,-4.022
-0.311,-4.37
-0.06,-0.899
-0.262,-0.756
-0.312,-0.622
-0.379,0.153
-0.468,-2.011
-0.5,-1.787
-0.413,1.549
-0.443,0.271
-0.588,0.151
-0.497,0.716
-0.476,0.083
-0.654,-2.421
-0.976,-2.119
-1.872,-2.385
-2.429,-2.349
-2.324,-2.161
2.989,-2.082
2.808,-2.438
2.341,-2.392
2.196,-2.496
2.14,-2.255
0.829,-2.333
0.952,-2.286
0.79,-2.42
0.923,-2.228
0.629,-2.314
0.583,-2.198
0.456,-2.413
-0.175,-2.181
-0.145,-2.08
-0.322,-2.255
-0.724,-2.074
-0.887,2.163
-1.013,2.275
-1.052,2.245
-1.159,2.229
-1.342,2.179
-2.227,1.992
-2.759,2.058
-2.992,1.887
2.949,2.186
2.602,2.123
1.73,2.128
1.505,2.18
1.156,2.049
0.372,2.232
-0.031,1.85
-0.471,2.094
-0.657,1.995
-0.569,2.193
-2.902,-0.178
2.185,1.032
1.617,-1.15
1.176,-0.24
0.932,1.516
-1.597,0.36
-1.78,-1.342
-2.324,-1.348
-3.002,-0.813
1.461,1.381
1.118,0.808
1.113,0.444
0.805,-0.311
0.45,-1.568
0.513,0.07
0.172,0.81
0.146,-0.627
-0.04,1.263
-0.059,1.46
-0.112,0.364
-0.802,0.27
-0.987,-1.055
-2.512,0.192
2.262,0.208
1.001,-1.129
-2.563,1.697
-0.884,-2.199
-0.127,-2.547
-0.202,0.143
-0.252,0.277
-0.319,1.052
-0.408,-1.112
-0.44,-0.888
-0.353,2.448
-0.383,1.17
-0.528,1.05
-0.437,1.615
-0.416,0.982
-0.594,-1.522
-0.916,-1.22
-1.812,-1.486
-2.369,-1.45
-2.264,-1.262
3.049,-1.183
2.868,-1.539
2.401,-1.493
2.256,-1.597
2.2,-1.356
0.889,-1.434
1.012,-1.387
0.85,-1.521
0.983,-1.329
0.689,-1.415
0.643,-1.299
0.516,-1.514
-0.115,-1.282
-0.085,-1.181
-0.262,-1.356
-0.664,-1.175
-0.827,3.062
-0.953,3.174
-0.992,3.144
-1.099,3.128
-1.282,3.078
-2.167,2.891
-2.699,2.957
-2.932,2.786
3.009,3.085
2.662,3.022
1.79,3.027
1.565,3.079
1.216,2.948
0.432,3.131
0.029,2.749
-0.411,2.993
-0.597,2.894
-0.509,3.092
-2.842,0.721
2.245,1.931
1.677,-0.251
1.236,0.659
0.992,2.415
-1.537,1.259
-1.72,-0.443
-2.264,-0.449
-2.942,0.086
1.521,2.28
1.178,1.707
1.173,1.343
0.865,0.588
0.51,-0.669
0.573,0.969
0.232,1.709
0.206,0.272
0.02,2.162
0.001,2.359
-0.052,1.263
-0.742,1.169
-0.927,-0.156
-2.452,1.091
2.322,1.107
1.061,-0.23
-2.503,2.596
-0.824,-1.3
-0.067,-1.648
-0.05,0.134
-0.117,0.909
-0.206,-1.255
-0.238,-1.031
-0.151,2.305
-0.181,1.027
-0.326,0.907
-0.235,1.472
-0.214,0.839
-0.392,-1.665
-0.714,-1.363
-1.61,-1.629
-2.167,-1.593
-2.062,-1.405
-3.032,-1.326
3.07,-1.682
2.603,-1.636
2.458,-1.74
2.402,-1.499
1.091,-1.577
1.214,-1.53
1.052,-1.664
1.185,-1.472
0.891,-1.558
0.845,-1.442
0.718,-1.657
0.087,-1.425
0.117,-1.324
-0.06,-1.499
-0.462,-1.318
-0.625,2.919
-0.751,3.031
-0.79,3.001
-0.897,2.985
-1.08,2.935
-1.965,2.748
-2.497,2.814
-2.73,2.643
-3.072,2.942
2.864,2.879
1.992,2.884
1.767,2.936
1.418,2.805
0.634,2.988
0.231,2.606
-0.209,2.85
-0.395,2.751
-0.307,2.949
-2.64,0.578
2.447,1.788
1.879,-0.394
1.438,0.516
1.194,2.272
-1.335,1.116
-1.518,-0.586
-2.062,-0.592
-2.74,-0.057
1.723,2.137
1.38,1.564
1.375,1.2
1.067,0.445
0.712,-0.812
0.775,0.826
0.434,1.566
0.408,0.129
0.222,2.019
0.203,2.216
0.15,1.12
-0.54,1.026
-0.725,-0.299
-2.25,0.948
2.524,0.964
1.263,-0.373
-2.301,2.453
-0.622,-1.443
0.135,-1.791
-0.067,0.775
-0.156,-1.389
-0.188,-1.165
-0.101,2.171
-0.131,0.893
-0.276,0.773
-0.185,1.338
-0.164,0.705
-0.342,-1.799
-0.664,-1.497
-1.56,-1.763
-2.117,-1.727
-2.012,-1.539
-2.982,-1.46
3.12,-1.816
2.653,-1.77
2.508,-1.874
2.452,-1.633
1.141,-1.711
1.264,-1.664
1.102,-1.798
1.235,-1.606
0.941,-1.692
0.895,-1.576
0.768,-1.791
0.137,-1.559
0.167,-1.458
-0.01,-1.633
-0.412,-1.452
-0.575,2.785
-0.701,2.897
-0.74,2.867
-0.847,2.851
-1.03,2.801
-1.915,2.614
-2.447,2.68
-2.68,2.509
-3.022,2.808
2.914,2.745
2.042,2.75
1.817,2.802
1.468,2.671
0.684,2.854
0.281,2.472
-0.159,2.716
-0.345,2.617
-0.257,2.815
-2.59,0.444
2.497,1.654
1.929,-0.528
1.488,0.382
1.244,2.138
-1.285,0.982
-1.468,-0.72
-2.012,-0.726
-2.69,-0.191
1.773,2.003
1.43,1.43
1.425,1.066
1.117,0.311
0.762,-0.946
0.825,0.692
0.484,1.432
0.458,-0.005
0.272,1.885
0.253,2.082
0.2,0.986
-0.49,0.892
-0.675,-0.433
-2.2,0.814
2.574,0.83
1.313,-0.507
-2.251,2.319
-0.572,-1.577
0.185,-1.925
-0.089,-2.164
-0.121,-1.94
-0.034,1.396
-0.064,0.118
-0.209,-0.002
-0.118,0.563
-0.097,-0.07
-0.275,-2.574
-0.597,-2.272
-1.493,-2.538
-2.05,-2.502
-1.945,-2.314
-2.915,-2.235
-3.096,-2.591
2.72,-2.545
2.575,-2.649
2.519,-2.408
1.208,-2.486
1.331,-2.439
1.169,-2.573
1.302,-2.381
1.008,-2.467
0.962,-2.351
0.835,-2.566
0.204,-2.334
0.234,-2.233
0.057,-2.408
-0.345,-2.227
-0.508,2.01
-0.634,2.122
-0.673,2.092
-0.78,2.076
-0.963,2.026
-1.848,1.839
-2.38,1.905
-2.613,1.734
-2.955,2.033
2.981,1.97
2.109,1.975
1.884,2.027
1.535,1.896
0.751,2.079
0.348,1.697
-0.092,1.941
-0.278,1.842
-0.19,2.04
-2.523,-0.331
2.564,0.879
1.996,-1.303
1.555,-0.393
1.311,1.363
-1.218,0.207
-1.401,-1.495
-1.945,-1.501
-2.623,-0.966
1.84,1.228
1.497,0.655
1.492,0.291
1.184,-0.464
0.829,-1.721
0.892,-0.083
0.551,0.657
0.525,-0.78
0.339,1.11
0.32,1.307
0.267,0.211
-0.423,0.117
-0.608,-1.208
-2.133,0.039
2.641,0.055
1.38,-1.282
-2.184,1.544
-0.505,-2.352
0.252,-2.7
-0.032,0.224
0.055,3.56
0.025,2.282
-0.12,2.162
-0.029,2.727
-0.008,2.094
-0.186,-0.41
-0.508,-0.108
-1.404,-0.374
-1.961,-0.338
-1.856,-0.15
-2.826,-0.071
-3.007,-0.427
2.809,-0.381
2.664,-0.485
2.608,-0.244
1.297,-0.322
1.42,-0.275
1.258,-0.409
1.391,-0.217
1.097,-0.303
1.051,-0.187
0.924,-0.402
0.293,-0.17
0.323,-0.069
0.146,-0.244
-0.256,-0.063
-0.419,4.174
-0.545,4.286
-0.584,4.256
-0.691,4.24
-0.874,4.19
-1.759,4.003
-2.291,4.069
-2.524,3.898
-2.866,4.197
3.07,4.134
2.198,4.139
1.973,4.191
1.624,4.06
0.84,4.243
0.437,3.861
-0.003,4.105
-0.189,4.006
-0.101,4.204
-2.434,1.833
2.653,3.043
2.085,0.861
1.644,1.771
1.4,3.527
-1.129,2.371
-1.312,0.669
-1.856,0.663
-2.534,1.198
1.929,3.392
1.586,2.819
1.581,2.455
1.273,1.7
0.918,0.443
0.981,2.081
0.64,2.821
0.614,1.384
0.428,3.274
0.409,3.471
0.356,2.375
-0.334,2.281
-0.519,0.956
-2.044,2.203
2.73,2.219
1.469,0.882
-2.095,3.708
-0.416,-0.188
0.341,-0.536
0.087,3.336
0.057,2.058
-0.088,1.938
0.003,2.503
0.024,1.87
-0.154,-0.634
-0.476,-0.332
-1.372,-0.598
-1.929,-0.562
-1.824,-0.374
-2.794,-0.295
-2.975,-0.651
2.841,-0.605
2.696,-0.709
2.64,-0.468
1.329,-0.546
1.452,-0.499
1.29,-0.633
1.423,-0.441
1.129,-0.527
1.083,-0.411
0.956,-0.626
0.325,-0.394
0.355,-0.293
0.178,-0.468
-0.224,-0.287
-0.387,3.95
-0.513,4.062
-0.552,4.032
-0.659,4.016
-0.842,3.966
-1.727,3.779
-2.259,3.845
-2.492,3.674
-2.834,3.973
3.102,3.91
2.23,3.915
2.005,3.967
1.656,3.836
0.872,4.019
0.469,3.637
0.029,3.881
-0.157,3.782
-0.069,3.98
-2.402,1.609
2.685,2.819
2.117,0.637
1.676,1.547
1.432,3.303
-1.097,2.147
-1.28,0.445
-1.824,0.439
-2.502,0.974
1.961,3.168
1.618,2.595
1.613,2.231
1.305,1.476
0.95,0.219
1.013,1.857
0.672,2.597
0.646,1.16
0.46,3.05
0.441,3.247
0.388,2.151
-0.302,2.057
-0.487,0.732
-2.012,1.979
2.762,1.995
1.501,0.658
-2.063,3.484
-0.384,-0.412
0.373,-0.76
-0.03,-1.278
-0.175,-1.398
-0.084,-0.833
-0.063,-1.466
-0.241,-3.97
-0.563,-3.668
-1.459,-3.934
-2.016,-3.898
-1.911,-3.71
-2.881,-3.631
-3.062,-3.987
2.754,-3.941
2.609,-4.045
2.553,-3.804
1.242,-3.882
1.365,-3.835
1.203,-3.969
1.336,-3.777
1.042,-3.863
0.996,-3.747
0.869,-3.962
0.238,-3.73
0.268,-3.629
0.091,-3.804
-0.311,-3.623
-0.474,0.614
-0.6,0.726
-0.639,0.696
-0.746,0.68
-0.929,0.63
-1.814,0.443
-2.346,0.509
-2.579,0.338
-2.921,0.637
3.015,0.574
2.143,0.579
1.918,0.631
1.569,0.5
0.785,0.683
0.382,0.301
-0.058,0.545
-0.244,0.446
-0.156,0.644
-2.489,-1.727
2.598,-0.517
2.03,-2.699
1.589,-1.789
1.345,-0.033
-1.184,-1.189
-1.367,-2.891
-1.911,-2.897
-2.589,-2.362
1.874,-0.168
1.531,-0.741
1.526,-1.105
1.218,-1.86
0.863,-3.117
0.926,-1.479
0.585,-0.739
0.559,-2.176
0.373,-0.286
0.354,-0.089
0.301,-1.185
-0.389,-1.279
-0.574,-2.604
-2.099,-1.357
2.675,-1.341
1.414,-2.678
-2.15,0.148
-0.471,-3.748
0.286,-4.096
-0.145,-0.12
-0.054,0.445
-0.033,-0.188
-0.211,-2.692
-0.533,-2.39
-1.429,-2.656
-1.986,-2.62
-1.881,-2.432
-2.851,-2.353
-3.032,-2.709
2.784,-2.663
2.639,-2.767
2.583,-2.526
1.272,-2.604
1.395,-2.557
1.233,-2.691
1.366,-2.499
1.072,-2.585
1.026,-2.469
0.899,-2.684
0.268,-2.452
0.298,-2.351
0.121,-2.526
-0.281,-2.345
-0.444,1.892
-0.57,2.004
-0.609,1.974
-0.716,1.958
-0.899,1.908
-1.784,1.721
-2.316,1.787
-2.549,1.616
-2.891,1.915
3.045,1.852
2.173,1.857
1.948,1.909
1.599,1.778
0.815,1.961
0.412,1.579
-0.028,1.823
-0.214,1.724
-0.126,1.922
-2.459,-0.449
2.628,0.761
2.06,-1.421
1.619,-0.511
1.375,1.245
-1.154,0.089
-1.337,-1.613
-1.881,-1.619
-2.559,-1.084
1.904,1.11
1.561,0.537
1.556,0.173
1.248,-0.582
0.893,-1.839
0.956,-0.201
0.615,0.539
0.589,-0.898
0.403,0.992
0.384,1.189
0.331,0.093
-0.359,-0.001
-0.544,-1.326
-2.069,-0.079
2.705,-0.063
1.444,-1.4
-2.12,1.426
-0.441,-2.47
0.316,-2.818
0.091,0.565
0.112,-0.068
-0.066,-2.572
-0.388,-2.27
-1.284,-2.536
-1.841,-2.5
-1.736,-2.312
-2.706,-2.233
-2.887,-2.589
2.929,-2.543
2.784,-2.647
2.728,-2.406
1.417,-2.484
1.54,-2.437
1.378,-2.571
1.511,-2.379
1.217,-2.465
1.171,-2.349
1.044,-2.564
0.413,-2.332
0.443,-2.231
0.266,-2.406
-0.136,-2.225
-0.299,2.012
-0.425,2.124
-0.464,2.094
-0.571,2.078
-0.754,2.028
-1.639,1.841
-2.171,1.907
-2.404,1.736
-2.746,2.035
-3.093,1.972
2.318,1.977
2.093,2.029
1.744,1.898
0.96,2.081
0.557,1.699
0.117,1.943
-0.069,1.844
0.019,2.042
-2.314,-0.329
2.773,0.881
2.205,-1.301
1.764,-0.391
1.52,1.365
-1.009,0.209
-1.192,-1.493
-1.736,-1.499
-2.414,-0.964
2.049,1.23
1.706,0.657
1.701,0.293
1.393,-0.462
1.038,-1.719
1.101,-0.081
0.76,0.659
0.734,-0.778
0.548,1.112
0.529,1.309
0.476,0.213
-0.214,0.119
-0.399,-1.206
-1.924,0.041
2.85,0.057
1.589,-1.28
-1.975,1.546
-0.296,-2.35
0.461,-2.698
0.021,-0.633
-0.157,-3.137
-0.479,-2.835
-1.375,-3.101
-1.932,-3.065
-1.827,-2.877
-2.797,-2.798
-2.978,-3.154
2.838,-3.108
2.693,-3.212
2.637,-2.971
1.326,-3.049
1.449,-3.002
1.287,-3.136
1.42,-2.944
1.126,-3.03
1.08,-2.914
0.953,-3.129
0.322,-2.897
0.352,-2.796
0.175,-2.971
-0.227,-2.79
-0.39,1.447
-0.516,1.559
-0.555,1.529
-0.662,1.513
-0.845,1.463
-1.73,1.276
-2.262,1.342
-2.495,1.171
-2.837,1.47
3.099,1.407
2.227,1.412
2.002,1.464
1.653,1.333
0.869,1.516
0.466,1.134
0.026,1.378
-0.16,1.279
-0.072,1.477
-2.405,-0.894
2.682,0.316
2.114,-1.866
1.673,-0.956
1.429,0.8
-1.1,-0.356
-1.283,-2.058
-1.827,-2.064
-2.505,-1.529
1.958,0.665
1.615,0.092
1.61,-0.272
1.302,-1.027
0.947,-2.284
1.01,-0.646
0.669,0.094
0.643,-1.343
0.457,0.547
0.438,0.744
0.385,-0.352
-0.305,-0.446
-0.49,-1.771
-2.015,-0.524
2.759,-0.508
1.498,-1.845
-2.066,0.981
-0.387,-2.915
0.37,-3.263
-0.178,-2.504
-0.5,-2.202
-1.396,-2.468
-1.953,-2.432
-1.848,-2.244
-2.818,-2.165
-2.999,-2.521
2.817,-2.475
2.672,-2.579
2.616,-2.338
1.305,-2.416
1.428,-2.369
1.266,-2.503
1.399,-2.311
1.105,-2.397
1.059,-2.281
0.932,-2.496
0.301,-2.264
0.331,-2.163
0.154,-2.338
-0.248,-2.157
-0.411,2.08
-0.537,2.192
-0.576,2.162
-0.683,2.146
-0.866,2.096
-1.751,1.909
-2.283,1.975
-2.516,1.804
-2.858,2.103
3.078,2.04
2.206,2.045
1.981,2.097
1.632,1.966
0.848,2.149
0.445,1.767
0.005,2.011
-0.181,1.912
-0.093,2.11
-2.426,-0.261
2.661,0.949
2.093,-1.233
1.652,-0.323
1.408,1.433
-1.121,0.277
-1.304,-1.425
-1.848,-1.431
-2.526,-0.896
1.937,1.298
1.594,0.725
1.589,0.361
1.281,-0.394
0.926,-1.651
0.989,-0.013
0.648,0.727
0.622,-0.71
0.436,1.18
0.417,1.377
0.364,0.281
-0.326,0.187
-0.511,-1.138
-2.036,0.109
2.738,0.125
1.477,-1.212
-2.087,1.614
-0.408,-2.282
0.349,-2.63
-0.322,0.302
-1.218,0.036
-1.775,0.072
-1.67,0.26
-2.64,0.339
-2.821,-0.017
2.995,0.029
2.85,-0.075
2.794,0.166
1.483,0.088
1.606,0.135
1.444,0.001
1.577,0.193
1.283,0.107
1.237,0.223
1.11,0.008
0.479,0.24
0.509,0.341
0.332,0.166
-0.07,0.347
-0.233,4.584
-0.359,4.696
-0.398,4.666
-0.505,4.65
-0.688,4.6
-1.573,4.413
-2.105,4.479
-2.338,4.308
-2.68,4.607
-3.027,4.544
2.384,4.549
2.159,4.601
1.81,4.47
1.026,4.653
0.623,4.271
0.183,4.515
-0.003,4.416
0.085,4.614
-2.248,2.243
2.839,3.453
2.271,1.271
1.83,2.181
1.586,3.937
-0.943,2.781
-1.126,1.079
-1.67,1.073
-2.348,1.608
2.115,3.802
1.772,3.229
1.767,2.865
1.459,2.11
1.104,0.853
1.167,2.491
0.826,3.231
0.8,1.794
0.614,3.684
0.595,3.881
0.542,2.785
-0.148,2.691
-0.333,1.366
-1.858,2.613
2.916,2.629
1.655,1.292
-1.909,4.118
-0.23,0.222
0.527,-0.126
-0.896,-0.266
-1.453,-0.23
-1.348,-0.042
-2.318,0.037
-2.499,-0.319
-2.966,-0.273
-3.111,-0.377
3.116,-0.136
1.805,-0.214
1.928,-0.167
1.766,-0.301
1.899,-0.109
1.605,-0.195
1.559,-0.079
1.432,-0.294
0.801,-0.062
0.831,0.039
0.654,-0.136
0.252,0.045
0.089,4.282
-0.037,4.394
-0.076,4.364
-0.183,4.348
-0.366,4.298
-1.251,4.111
-1.783,4.177
-2.016,4.006
-2.358,4.305
-2.705,4.242
2.706,4.247
2.481,4.299
2.132,4.168
1.348,4.351
0.945,3.969
0.505,4.213
0.319,4.114
0.407,4.312
-1.926,1.941
-3.122,3.151
2.593,0.969
2.152,1.879
1.908,3.635
-0.621,2.479
-0.804,0.777
-1.348,0.771
-2.026,1.306
2.437,3.5
2.094,2.927
2.089,2.563
1.781,1.808
1.426,0.551
1.489,2.189
1.148,2.929
1.122,1.492
0.936,3.382
0.917,3.579
0.864,2.483
0.174,2.389
-0.011,1.064
-1.536,2.311
-3.045,2.327
1.977,0.99
-1.587,3.816
0.092,-0.08
0.849,-0.428
-0.557,0.036
-0.452,0.224
-1.422,0.303
-1.603,-0.053
-2.07,-0.007
-2.215,-0.111
-2.271,0.13
2.701,0.052
2.824,0.099
2.662,-0.035
2.795,0.157
2.501,0.071
2.455,0.187
2.328,-0.028
1.697,0.204
1.727,0.305
1.55,0.13
1.148,0.311
0.985,4.548
0.859,4.66
0.82,4.63
0.713,4.614
0.53,4.564
-0.355,4.377
-0.887,4.443
-1.12,4.272
-1.462,4.571
-1.809,4.508
-2.681,4.513
-2.906,4.565
3.028,4.434
2.244,4.617
1.841,4.235
1.401,4.479
1.215,4.38
1.303,4.578
-1.03,2.207
-2.226,3.417
-2.794,1.235
3.048,2.145
2.804,3.901
0.275,2.745
0.092,1.043
-0.452,1.037
-1.13,1.572
-2.95,3.766
2.99,3.193
2.985,2.829
2.677,2.074
2.322,0.817
2.385,2.455
2.044,3.195
2.018,1.758
1.832,3.648
1.813,3.845
1.76,2.749
1.07,2.655
0.885,1.33
-0.64,2.577
-2.149,2.593
2.873,1.256
-0.691,4.082
0.988,0.186
1.745,-0.162
0.105,0.188
-0.865,0.267
-1.046,-0.089
-1.513,-0.043
-1.658,-0.147
-1.714,0.094
-3.025,0.016
-2.902,0.063
-3.064,-0.071
-2.931,0.121
3.058,0.035
3.012,0.151
2.885,-0.064
2.254,0.168
2.284,0.269
2.107,0.094
1.705,0.275
1.542,4.512
1.416,4.624
1.377,4.594
1.27,4.578
1.087,4.528
0.202,4.341
-0.33,4.407
-0.563,4.236
-0.905,4.535
-1.252,4.472
-2.124,4.477
-2.349,4.529
-2.698,4.398
2.801,4.581
2.398,4.199
1.958,4.443
1.772,4.344
1.86,4.542
-0.473,2.171
-1.669,3.381
-2.237,1.199
-2.678,2.109
-2.922,3.865
0.832,2.709
0.649,1.007
0.105,1.001
-0.573,1.536
-2.393,3.73
-2.736,3.157
-2.741,2.793
-3.049,2.038
2.879,0.781
2.942,2.419
2.601,3.159
2.575,1.722
2.389,3.612
2.37,3.809
2.317,2.713
1.627,2.619
1.442,1.294
-0.083,2.541
-1.592,2.557
-2.853,1.22
-0.134,4.046
1.545,0.15
2.302,-0.198
-0.97,0.079
-1.151,-0.277
-1.618,-0.231
-1.763,-0.335
-1.819,-0.094
-3.13,-0.172
-3.007,-0.125
3.114,-0.259
-3.036,-0.067
2.953,-0.153
2.907,-0.037
2.78,-0.252
2.149,-0.02
2.179,0.081
2.002,-0.094
1.6,0.087
1.437,4.324
1.311,4.436
1.272,4.406
1.165,4.39
0.982,4.34
0.097,4.153
-0.435,4.219
-0.668,4.048
-1.01,4.347
-1.357,4.284
-2.229,4.289
-2.454,4.341
-2.803,4.21
2.696,4.393
2.293,4.011
1.853,4.255
1.667,4.156
1.755,4.354
-0.578,1.983
-1.774,3.193
-2.342,1.011
-2.783,1.921
-3.027,3.677
0.727,2.521
0.544,0.819
0.0,0.813
-0.678,1.348
-2.498,3.542
-2.841,2.969
-2.846,2.605
3.129,1.85
2.774,0.593
2.837,2.231
2.496,2.971
2.47,1.534
2.284,3.424
2.265,3.621
2.212,2.525
1.522,2.431
1.337,1.106
-0.188,2.353
-1.697,2.369
-2.958,1.032
-0.239,3.858
1.44,-0.038
2.197,-0.386
-0.181,-0.356
-0.648,-0.31
-0.793,-0.414
-0.849,-0.173
-2.16,-0.251
-2.037,-0.204
-2.199,-0.338
-2.066,-0.146
-2.36,-0.232
-2.406,-0.116
-2.533,-0.331
3.119,-0.099
-3.134,0.002
2.972,-0.173
2.57,0.008
2.407,4.245
2.281,4.357
2.242,4.327
2.135,4.311
1.952,4.261
1.067,4.074
0.535,4.14
0.302,3.969
-0.04,4.268
-0.387,4.205
-1.259,4.21
-1.484,4.262
-1.833,4.131
-2.617,4.314
-3.02,3.932
2.823,4.176
2.637,4.077
2.725,4.275
0.392,1.904
-0.804,3.114
-1.372,0.932
-1.813,1.842
-2.057,3.598
1.697,2.442
1.514,0.74
0.97,0.734
0.292,1.269
-1.528,3.463
-1.871,2.89
-1.876,2.526
-2.184,1.771
-2.539,0.514
-2.476,2.152
-2.817,2.892
-2.843,1.455
-3.029,3.345
-3.048,3.542
-3.101,2.446
2.492,2.352
2.307,1.027
0.782,2.274
-0.727,2.29
-1.988,0.953
0.731,3.779
2.41,-0.117
-3.116,-0.465
-0.467,0.046
-0.612,-0.058
-0.668,0.183
-1.979,0.105
-1.856,0.152
-2.018,0.018
-1.885,0.21
-2.179,0.124
-2.225,0.24
-2.352,0.025
-2.983,0.257
-2.953,0.358
-3.13,0.183
2.751,0.364
2.588,4.601
2.462,4.713
2.423,4.683
2.316,4.667
2.133,4.617
1.248,4.43
0.716,4.496
0.483,4.325
0.141,4.624
-0.206,4.561
-1.078,4.566
-1.303,4.618
-1.652,4.487
-2.436,4.67
-2.839,4.288
3.004,4.532
2.818,4.433
2.906,4.631
0.573,2.26
-0.623,3.47
-1.191,1.288
-1.632,2.198
-1.876,3.954
1.878,2.798
1.695,1.096
1.151,1.09
0.473,1.625
-1.347,3.819
-1.69,3.246
-1.695,2.882
-2.003,2.127
-2.358,0.87
-2.295,2.508
-2.636,3.248
-2.662,1.811
-2.848,3.701
-2.867,3.898
-2.92,2.802
2.673,2.708
2.488,1.383
0.963,2.63
-0.546,2.646
-1.807,1.309
0.912,4.135
2.591,0.239
-2.935,-0.109
-0.145,-0.104
-0.201,0.137
-1.512,0.059
-1.389,0.106
-1.551,-0.028
-1.418,0.164
-1.712,0.078
-1.758,0.194
-1.885,-0.021
-2.516,0.211
-2.486,0.312
-2.663,0.137
-3.065,0.318
3.055,4.555
2.929,4.667
2.89,4.637
2.783,4.621
2.6,4.571
1.715,4.384
1.183,4.45
0.95,4.279
0.608,4.578
0.261,4.515
-0.611,4.52
-0.836,4.572
-1.185,4.441
-1.969,4.624
-2.372,4.242
-2.812,4.486
-2.998,4.387
-2.91,4.585
1.04,2.214
-0.156,3.424
-0.724,1.242
-1.165,2.152
-1.409,3.908
2.345,2.752
2.162,1.05
1.618,1.044
0.94,1.579
-0.88,3.773
-1.223,3.2
-1.228,2.836
-1.536,2.081
-1.891,0.824
-1.828,2.462
-2.169,3.202
-2.195,1.765
-2.381,3.655
-2.4,3.852
-2.453,2.756
3.14,2.662
2.955,1.337
1.43,2.584
-0.079,2.6
-1.34,1.263
1.379,4.089
3.058,0.193
-2.468,-0.155
-0.056,0.241
-1.367,0.163
-1.244,0.21
-1.406,0.076
-1.273,0.268
-1.567,0.182
-1.613,0.298
-1.74,0.083
-2.371,0.315
-2.341,0.416
-2.518,0.241
-2.92,0.422
-3.083,4.659
3.074,4.771
3.035,4.741
2.928,4.725
2.745,4.675
1.86,4.488
1.328,4.554
1.095,4.383
0.753,4.682
0.406,4.619
-0.466,4.624
-0.691,4.676
-1.04,4.545
-1.824,4.728
-2.227,4.346
-2.667,4.59
-2.853,4.491
-2.765,4.689
1.185,2.318
-0.011,3.528
-0.579,1.346
-1.02,2.256
-1.264,4.012
2.49,2.856
2.307,1.154
1.763,1.148
1.085,1.683
-0.735,3.877
-1.078,3.304
-1.083,2.94
-1.391,2.185
-1.746,0.928
-1.683,2.566
-2.024,3.306
-2.05,1.869
-2.236,3.759
-2.255,3.956
-2.308,2.86
-2.998,2.766
3.1,1.441
1.575,2.688
0.066,2.704
-1.195,1.367
1.524,4.193
-3.08,0.297
-2.323,-0.051
-1.311,-0.078
-1.188,-0.031
-1.35,-0.165
-1.217,0.027
-1.511,-0.059
-1.557,0.057
-1.684,-0.158
-2.315,0.074
-2.285,0.175
-2.462,0.0
-2.864,0.181
-3.027,4.418
3.13,4.53
3.091,4.5
2.984,4.484
2.801,4.434
1.916,4.247
1.384,4.313
1.151,4.142
0.809,4.441
0.462,4.378
-0.41,4.383
-0.635,4.435
-0.984,4.304
-1.768,4.487
-2.171,4.105
-2.611,4.349
-2.797,4.25
-2.709,4.448
1.241,2.077
0.045,3.287
-0.523,1.105
-0.964,2.015
-1.208,3.771
2.546,2.615
2.363,0.913
1.819,0.907
1.141,1.442
-0.679,3.636
-1.022,3.063
-1.027,2.699
-1.335,1.944
-1.69,0.687
-1.627,2.325
-1.968,3.065
-1.994,1.628
-2.18,3.518
-2.199,3.715
-2.252,2.619
-2.942,2.525
-3.127,1.2
1.631,2.447
0.122,2.463
-1.139,1.126
1.58,3.952
-3.024,0.056
-2.267,-0.292
0.123,0.047
-0.039,-0.087
0.094,0.105
-0.2,0.019
-0.246,0.135
-0.373,-0.08
-1.004,0.152
-0.974,0.253
-1.151,0.078
-1.553,0.259
-1.716,4.496
-1.842,4.608
-1.881,4.578
-1.988,4.562
-2.171,4.512
-3.056,4.325
2.695,4.391
2.462,4.22
2.12,4.519
1.773,4.456
0.901,4.461
0.676,4.513
0.327,4.382
-0.457,4.565
-0.86,4.183
-1.3,4.427
-1.486,4.328
-1.398,4.526
2.552,2.155
1.356,3.365
0.788,1.183
0.347,2.093
0.103,3.849
-2.426,2.693
-2.609,0.991
3.13,0.985
2.452,1.52
0.632,3.714
0.289,3.141
0.284,2.777
-0.024,2.022
-0.379,0.765
-0.316,2.403
-0.657,3.143
-0.683,1.706
-0.869,3.596
-0.888,3.793
-0.941,2.697
-1.631,2.603
-1.816,1.278
2.942,2.525
1.433,2.541
0.172,1.204
2.891,4.03
-1.713,0.134
-0.956,-0.214
-0.162,-0.134
-0.029,0.058
-0.323,-0.028
-0.369,0.088
-0.496,-0.127
-1.127,0.105
-1.097,0.206
-1.274,0.031
-1.676,0.212
-1.839,4.449
-1.965,4.561
-2.004,4.531
-2.111,4.515
-2.294,4.465
3.104,4.278
2.572,4.344
2.339,4.173
1.997,4.472
1.65,4.409
0.778,4.414
0.553,4.466
0.204,4.335
-0.58,4.518
-0.983,4.136
-1.423,4.38
-1.609,4.281
-1.521,4.479
2.429,2.108
1.233,3.318
0.665,1.136
0.224,2.046
-0.02,3.802
-2.549,2.646
-2.732,0.944
3.007,0.938
2.329,1.473
0.509,3.667
0.166,3.094
0.161,2.73
-0.147,1.975
-0.502,0.718
-0.439,2.356
-0.78,3.096
-0.806,1.659
-0.992,3.549
-1.011,3.746
-1.064,2.65
-1.754,2.556
-1.939,1.231
2.819,2.478
1.31,2.494
0.049,1.157
2.768,3.983
-1.836,0.087
-1.079,-0.261
0.133,0.192
-0.161,0.106
-0.207,0.222
-0.334,0.007
-0.965,0.239
-0.935,0.34
-1.112,0.165
-1.514,0.346
-1.677,4.583
-1.803,4.695
-1.842,4.665
-1.949,4.649
-2.132,4.599
-3.017,4.412
2.734,4.478
2.501,4.307
2.159,4.606
1.812,4.543
0.94,4.548
0.715,4.6
0.366,4.469
-0.418,4.652
-0.821,4.27
-1.261,4.514
-1.447,4.415
-1.359,4.613
2.591,2.242
1.395,3.452
0.827,1.27
0.386,2.18
0.142,3.936
-2.387,2.78
-2.57,1.078
-3.114,1.072
2.491,1.607
0.671,3.801
0.328,3.228
0.323,2.864
0.015,2.109
-0.34,0.852
-0.277,2.49
-0.618,3.23
-0.644,1.793
-0.83,3.683
-0.849,3.88
-0.902,2.784
-1.592,2.69
-1.777,1.365
2.981,2.612
1.472,2.628
0.211,1.291
2.93,4.117
-1.674,0.221
-0.917,-0.127
-0.294,-0.086
-0.34,0.03
-0.467,-0.185
-1.098,0.047
-1.068,0.148
-1.245,-0.027
-1.647,0.154
-1.81,4.391
-1.936,4.503
-1.975,4.473
-2.082,4.457
-2.265,4.407
3.133,4.22
2.601,4.286
2.368,4.115
2.026,4.414
1.679,4.351
0.807,4.356
0.582,4.408
0.233,4.277
-0.551,4.46
-0.954,4.078
-1.394,4.322
-1.58,4.223
-1.492,4.421
2.458,2.05
1.262,3.26
0.694,1.078
0.253,1.988
0.009,3.744
-2.52,2.588
-2.703,0.886
3.036,0.88
2.358,1.415
0.538,3.609
0.195,3.036
0.19,2.672
-0.118,1.917
-0.473,0.66
-0.41,2.298
-0.751,3.038
-0.777,1.601
-0.963,3.491
-0.982,3.688
-1.035,2.592
-1.725,2.498
-1.91,1.173
2.848,2.42
1.339,2.436
0.078,1.099
2.797,3.925
-1.807,0.029
-1.05,-0.319
-0.046,0.116
-0.173,-0.099
-0.804,0.133
-0.774,0.234
-0.951,0.059
-1.353,0.24
-1.516,4.477
-1.642,4.589
-1.681,4.559
-1.788,4.543
-1.971,4.493
-2.856,4.306
2.895,4.372
2.662,4.201
2.32,4.5
1.973,4.437
1.101,4.442
0.876,4.494
0.527,4.363
-0.257,4.546
-0.66,4.164
-1.1,4.408
-1.286,4.309
-1.198,4.507
2.752,2.136
1.556,3.346
0.988,1.164
0.547,2.074
0.303,3.83
-2.226,2.674
-2.409,0.972
-2.953,0.966
2.652,1.501
0.832,3.695
0.489,3.122
0.484,2.758
0.176,2.003
-0.179,0.746
-0.116,2.384
-0.457,3.124
-0.483,1.687
-0.669,3.577
-0.688,3.774
-0.741,2.678
-1.431,2.584
-1.616,1.259
-3.141,2.506
1.633,2.522
0.372,1.185
3.091,4.011
-1.513,0.115
-0.756,-0.233
-0.127,-0.215
-0.758,0.017
-0.728,0.118
-0.905,-0.057
-1.307,0.124
-1.47,4.361
-1.596,4.473
-1.635,4.443
-1.742,4.427
-1.925,4.377
-2.81,4.19
2.941,4.256
2.708,4.085
2.366,4.384
2.019,4.321
1.147,4.326
0.922,4.378
0.573,4.247
-0.211,4.43
-0.614,4.048
-1.054,4.292
-1.24,4.193
-1.152,4.391
2.798,2.02
1.602,3.23
1.034,1.048
0.593,1.958
0.349,3.714
-2.18,2.558
-2.363,0.856
-2.907,0.85
2.698,1.385
0.878,3.579
0.535,3.006
0.53,2.642
0.222,1.887
-0.133,0.63
-0.07,2.268
-0.411,3.008
-0.437,1.571
-0.623,3.461
-0.642,3.658
-0.695,2.562
-1.385,2.468
-1.57,1.143
-3.095,2.39
1.679,2.406
0.418,1.069
3.137,3.895
-1.467,-0.001
-0.71,-0.349
-0.631,0.232
-0.601,0.333
-0.778,0.158
-1.18,0.339
-1.343,4.576
-1.469,4.688
-1.508,4.658
-1.615,4.642
-1.798,4.592
-2.683,4.405
3.068,4.471
2.835,4.3
2.493,4.599
2.146,4.536
1.274,4.541
1.049,4.593
0.7,4.462
-0.084,4.645
-0.487,4.263
-0.927,4.507
-1.113,4.408
-1.025,4.606
2.925,2.235
1.729,3.445
1.161,1.263
0.72,2.173
0.476,3.929
-2.053,2.773
-2.236,1.071
-2.78,1.065
2.825,1.6
1.005,3.794
0.662,3.221
0.657,2.857
0.349,2.102
-0.006,0.845
0.057,2.483
-0.284,3.223
-0.31,1.786
-0.496,3.676
-0.515,3.873
-0.568,2.777
-1.258,2.683
-1.443,1.358
-2.968,2.605
1.806,2.621
0.545,1.284
-3.019,4.11
-1.34,0.214
-0.583,-0.134
0.03,0.101
-0.147,-0.074
-0.549,0.107
-0.712,4.344
-0.838,4.456
-0.877,4.426
-0.984,4.41
-1.167,4.36
-2.052,4.173
-2.584,4.239
-2.817,4.068
3.124,4.367
2.777,4.304
1.905,4.309
1.68,4.361
1.331,4.23
0.547,4.413
0.144,4.031
-0.296,4.275
-0.482,4.176
-0.394,4.374
-2.727,2.003
2.36,3.213
1.792,1.031
1.351,1.941
1.107,3.697
-1.422,2.541
-1.605,0.839
-2.149,0.833
-2.827,1.368
1.636,3.562
1.293,2.989
1.288,2.625
0.98,1.87
0.625,0.613
0.688,2.251
0.347,2.991
0.321,1.554
0.135,3.444
0.116,3.641
0.063,2.545
-0.627,2.451
-0.812,1.126
-2.337,2.373
2.437,2.389
1.176,1.052
-2.388,3.878
-0.709,-0.018
0.048,-0.366
-0.177,-0.175
-0.579,0.006
-0.742,4.243
-0.868,4.355
-0.907,4.325
-1.014,4.309
-1.197,4.259
-2.082,4.072
-2.614,4.138
-2.847,3.967
3.094,4.266
2.747,4.203
1.875,4.208
1.65,4.26
1.301,4.129
0.517,4.312
0.114,3.93
-0.326,4.174
-0.512,4.075
-0.424,4.273
-2.757,1.902
2.33,3.112
1.762,0.93
1.321,1.84
1.077,3.596
-1.452,2.44
-1.635,0.738
-2.179,0.732
-2.857,1.267
1.606,3.461
1.263,2.888
1.258,2.524
0.95,1.769
0.595,0.512
0.658,2.15
0.317,2.89
0.291,1.453
0.105,3.343
0.086,3.54
0.033,2.444
-0.657,2.35
-0.842,1.025
-2.367,2.272
2.407,2.288
1.146,0.951
-2.418,3.777
-0.739,-0.119
0.018,-0.467
-0.402,0.181
-0.565,4.418
-0.691,4.53
-0.73,4.5
-0.837,4.484
-1.02,4.434
-1.905,4.247
-2.437,4.313
-2.67,4.142
-3.012,4.441
2.924,4.378
2.052,4.383
1.827,4.435
1.478,4.304
0.694,4.487
0.291,4.105
-0.149,4.349
-0.335,4.25
-0.247,4.448
-2.58,2.077
2.507,3.287
1.939,1.105
1.498,2.015
1.254,3.771
-1.275,2.615
-1.458,0.913
-2.002,0.907
-2.68,1.442
1.783,3.636
1.44,3.063
1.435,2.699
1.127,1.944
0.772,0.687
0.835,2.325
0.494,3.065
0.468,1.628
0.282,3.518
0.263,3.715
0.21,2.619
-0.48,2.525
-0.665,1.2
-2.19,2.447
2.584,2.463
1.323,1.126
-2.241,3.952
-0.562,0.056
0.195,-0.292
-0.163,4.237
-0.289,4.349
-0.328,4.319
-0.435,4.303
-0.618,4.253
-1.503,4.066
-2.035,4.132
-2.268,3.961
-2.61,4.26
-2.957,4.197
2.454,4.202
2.229,4.254
1.88,4.123
1.096,4.306
0.693,3.924
0.253,4.168
0.067,4.069
0.155,4.267
-2.178,1.896
2.909,3.106
2.341,0.924
1.9,1.834
1.656,3.59
-0.873,2.434
-1.056,0.732
-1.6,0.726
-2.278,1.261
2.185,3.455
1.842,2.882
1.837,2.518
1.529,1.763
1.174,0.506
1.237,2.144
0.896,2.884
0.87,1.447
0.684,3.337
0.665,3.534
0.612,2.438
-0.078,2.344
-0.263,1.019
-1.788,2.266
2.986,2.282
1.725,0.945
-1.839,3.771
-0.16,-0.125
0.597,-0.473
-0.126,0.112
-0.165,0.082
-0.272,0.066
-0.455,0.016
-1.34,-0.171
-1.872,-0.105
-2.105,-0.276
-2.447,0.023
-2.794,-0.04
2.617,-0.035
2.392,0.017
2.043,-0.114
1.259,0.069
0.856,-0.313
0.416,-0.069
0.23,-0.168
0.318,0.03
-2.015,-2.341
3.072,-1.131
2.504,-3.313
2.063,-2.403
1.819,-0.647
-0.71,-1.803
-0.893,-3.505
-1.437,-3.511
-2.115,-2.976
2.348,-0.782
2.005,-1.355
2.0,-1.719
1.692,-2.474
1.337,-3.731
1.4,-2.093
1.059,-1.353
1.033,-2.79
0.847,-0.9
0.828,-0.703
0.775,-1.799
0.085,-1.893
-0.1,-3.218
-1.625,-1.971
-3.134,-1.955
1.888,-3.292
-1.676,-0.466
0.003,-4.362
0.76,-4.71
-0.039,-0.03
-0.146,-0.046
-0.329,-0.096
-1.214,-0.283
-1.746,-0.217
-1.979,-0.388
-2.321,-0.089
-2.668,-0.152
2.743,-0.147
2.518,-0.095
2.169,-0.226
1.385,-0.043
0.982,-0.425
0.542,-0.181
0.356,-0.28
0.444,-0.082
-1.889,-2.453
-3.085,-1.243
2.63,-3.425
2.189,-2.515
1.945,-0.759
-0.584,-1.915
-0.767,-3.617
-1.311,-3.623
-1.989,-3.088
2.474,-0.894
2.131,-1.467
2.126,-1.831
1.818,-2.586
1.463,-3.843
1.526,-2.205
1.185,-1.465
1.159,-2.902
0.973,-1.012
0.954,-0.815
0.901,-1.911
0.211,-2.005
0.026,-3.33
-1.499,-2.083
-3.008,-2.067
2.014,-3.404
-1.55,-0.578
0.129,-4.474
0.886,-4.822
-0.107,-0.016
-0.29,-0.066
-1.175,-0.253
-1.707,-0.187
-1.94,-0.358
-2.282,-0.059
-2.629,-0.122
2.782,-0.117
2.557,-0.065
2.208,-0.196
1.424,-0.013
1.021,-0.395
0.581,-0.151
0.395,-0.25
0.483,-0.052
-1.85,-2.423
-3.046,-1.213
2.669,-3.395
2.228,-2.485
1.984,-0.729
-0.545,-1.885
-0.728,-3.587
-1.272,-3.593
-1.95,-3.058
2.513,-0.864
2.17,-1.437
2.165,-1.801
1.857,-2.556
1.502,-3.813
1.565,-2.175
1.224,-1.435
1.198,-2.872
1.012,-0.982
0.993,-0.785
0.94,-1.881
0.25,-1.975
0.065,-3.3
-1.46,-2.053
-2.969,-2.037
2.053,-3.374
-1.511,-0.548
0.168,-4.444
0.925,-4.792
-0.183,-0.05
-1.068,-0.237
-1.6,-0.171
-1.833,-0.342
-2.175,-0.043
-2.522,-0.106
2.889,-0.101
2.664,-0.049
2.315,-0.18
1.531,0.003
1.128,-0.379
0.688,-0.135
0.502,-0.234
0.59,-0.036
-1.743,-2.407
-2.939,-1.197
2.776,-3.379
2.335,-2.469
2.091,-0.713
-0.438,-1.869
-0.621,-3.571
-1.165,-3.577
-1.843,-3.042
2.62,-0.848
2.277,-1.421
2.272,-1.785
1.964,-2.54
1.609,-3.797
1.672,-2.159
1.331,-1.419
1.305,-2.856
1.119,-0.966
1.1,-0.769
1.047,-1.865
0.357,-1.959
0.172,-3.284
-1.353,-2.037
-2.862,-2.021
2.16,-3.358
-1.404,-0.532
0.275,-4.428
1.032,-4.776
-0.885,-0.187
-1.417,-0.121
-1.65,-0.292
-1.992,0.007
-2.339,-0.056
3.072,-0.051
2.847,0.001
2.498,-0.13
1.714,0.053
1.311,-0.329
0.871,-0.085
0.685,-0.184
0.773,0.014
-1.56,-2.357
-2.756,-1.147
2.959,-3.329
2.518,-2.419
2.274,-0.663
-0.255,-1.819
-0.438,-3.521
-0.982,-3.527
-1.66,-2.992
2.803,-0.798
2.46,-1.371
2.455,-1.735
2.147,-2.49
1.792,-3.747
1.855,-2.109
1.514,-1.369
1.488,-2.806
1.302,-0.916
1.283,-0.719
1.23,-1.815
0.54,-1.909
0.355,-3.234
-1.17,-1.987
-2.679,-1.971
2.343,-3.308
-1.221,-0.482
0.458,-4.378
1.215,-4.726
-0.532,0.066
-0.765,-0.105
-1.107,0.194
-1.454,0.131
-2.326,0.136
-2.551,0.188
-2.9,0.057
2.599,0.24
2.196,-0.142
1.756,0.102
1.57,0.003
1.658,0.201
-0.675,-2.17
-1.871,-0.96
-2.439,-3.142
-2.88,-2.232
-3.124,-0.476
0.63,-1.632
0.447,-3.334
-0.097,-3.34
-0.775,-2.805
-2.595,-0.611
-2.938,-1.184
-2.943,-1.548
3.032,-2.303
2.677,-3.56
2.74,-1.922
2.399,-1.182
2.373,-2.619
2.187,-0.729
2.168,-0.532
2.115,-1.628
1.425,-1.722
1.24,-3.047
-0.285,-1.8
-1.794,-1.784
-3.055,-3.121
-0.336,-0.295
1.343,-4.191
2.1,-4.539
-0.233,-0.171
-0.575,0.128
-0.922,0.065
-1.794,0.07
-2.019,0.122
-2.368,-0.009
3.131,0.174
2.728,-0.208
2.288,0.036
2.102,-0.063
2.19,0.135
-0.143,-2.236
-1.339,-1.026
-1.907,-3.208
-2.348,-2.298
-2.592,-0.542
1.162,-1.698
0.979,-3.4
0.435,-3.406
-0.243,-2.871
-2.063,-0.677
-2.406,-1.25
-2.411,-1.614
-2.719,-2.369
-3.074,-3.626
-3.011,-1.988
2.931,-1.248
2.905,-2.685
2.719,-0.795
2.7,-0.598
2.647,-1.694
1.957,-1.788
1.772,-3.113
0.247,-1.866
-1.262,-1.85
-2.523,-3.187
0.196,-0.361
1.875,-4.257
2.632,-4.605
-0.342,0.299
-0.689,0.236
-1.561,0.241
-1.786,0.293
-2.135,0.162
-2.919,0.345
2.961,-0.037
2.521,0.207
2.335,0.108
2.423,0.306
0.09,-2.065
-1.106,-0.855
-1.674,-3.037
-2.115,-2.127
-2.359,-0.371
1.395,-1.527
1.212,-3.229
0.668,-3.235
-0.01,-2.7
-1.83,-0.506
-2.173,-1.079
-2.178,-1.443
-2.486,-2.198
-2.841,-3.455
-2.778,-1.817
-3.119,-1.077
3.138,-2.514
2.952,-0.624
2.933,-0.427
2.88,-1.523
2.19,-1.617
2.005,-2.942
0.48,-1.695
-1.029,-1.679
-2.29,-3.016
0.429,-0.19
2.108,-4.086
2.865,-4.434
-0.347,-0.063
-1.219,-0.058
-1.444,-0.006
-1.793,-0.137
-2.577,0.046
-2.98,-0.336
2.863,-0.092
2.677,-0.191
2.765,0.007
0.432,-2.364
-0.764,-1.154
-1.332,-3.336
-1.773,-2.426
-2.017,-0.67
1.737,-1.826
1.554,-3.528
1.01,-3.534
0.332,-2.999
-1.488,-0.805
-1.831,-1.378
-1.836,-1.742
-2.144,-2.497
-2.499,-3.754
-2.436,-2.116
-2.777,-1.376
-2.803,-2.813
-2.989,-0.923
-3.008,-0.726
-3.061,-1.822
2.532,-1.916
2.347,-3.241
0.822,-1.994
-0.687,-1.978
-1.948,-3.315
0.771,-0.489
2.45,-4.385
-3.076,-4.733
-0.872,0.005
-1.097,0.057
-1.446,-0.074
-2.23,0.109
-2.633,-0.273
-3.073,-0.029
3.024,-0.128
3.112,0.07
0.779,-2.301
-0.417,-1.091
-0.985,-3.273
-1.426,-2.363
-1.67,-0.607
2.084,-1.763
1.901,-3.465
1.357,-3.471
0.679,-2.936
-1.141,-0.742
-1.484,-1.315
-1.489,-1.679
-1.797,-2.434
-2.152,-3.691
-2.089,-2.053
-2.43,-1.313
-2.456,-2.75
-2.642,-0.86
-2.661,-0.663
-2.714,-1.759
2.879,-1.853
2.694,-3.178
1.169,-1.931
-0.34,-1.915
-1.601,-3.252
1.118,-0.426
2.797,-4.322
-2.729,-4.67
-0.225,0.052
-0.574,-0.079
-1.358,0.104
-1.761,-0.278
-2.201,-0.034
-2.387,-0.133
-2.299,0.065
1.651,-2.306
0.455,-1.096
-0.113,-3.278
-0.554,-2.368
-0.798,-0.612
2.956,-1.768
2.773,-3.47
2.229,-3.476
1.551,-2.941
-0.269,-0.747
-0.612,-1.32
-0.617,-1.684
-0.925,-2.439
-1.28,-3.696
-1.217,-2.058
-1.558,-1.318
-1.584,-2.755
-1.77,-0.865
-1.789,-0.668
-1.842,-1.764
-2.532,-1.858
-2.717,-3.183
2.041,-1.936
0.532,-1.92
-0.729,-3.257
1.99,-0.431
-2.614,-4.327
-1.857,-4.675
-0.349,-0.131
-1.133,0.052
-1.536,-0.33
-1.976,-0.086
-2.162,-0.185
-2.074,0.013
1.876,-2.358
0.68,-1.148
0.112,-3.33
-0.329,-2.42
-0.573,-0.664
-3.102,-1.82
2.998,-3.522
2.454,-3.528
1.776,-2.993
-0.044,-0.799
-0.387,-1.372
-0.392,-1.736
-0.7,-2.491
-1.055,-3.748
-0.992,-2.11
-1.333,-1.37
-1.359,-2.807
-1.545,-0.917
-1.564,-0.72
-1.617,-1.816
-2.307,-1.91
-2.492,-3.235
2.266,-1.988
0.757,-1.972
-0.504,-3.309
2.215,-0.483
-2.389,-4.379
-1.632,-4.727
-0.784,0.183
-1.187,-0.199
-1.627,0.045
-1.813,-0.054
-1.725,0.144
2.225,-2.227
1.029,-1.017
0.461,-3.199
0.02,-2.289
-0.224,-0.533
-2.753,-1.689
-2.936,-3.391
2.803,-3.397
2.125,-2.862
0.305,-0.668
-0.038,-1.241
-0.043,-1.605
-0.351,-2.36
-0.706,-3.617
-0.643,-1.979
-0.984,-1.239
-1.01,-2.676
-1.196,-0.786
-1.215,-0.589
-1.268,-1.685
-1.958,-1.779
-2.143,-3.104
2.615,-1.857
1.106,-1.841
-0.155,-3.178
2.564,-0.352
-2.04,-4.248
-1.283,-4.596
-0.403,-0.382
-0.843,-0.138
-1.029,-0.237
-0.941,-0.039
3.009,-2.41
1.813,-1.2
1.245,-3.382
0.804,-2.472
0.56,-0.716
-1.969,-1.872
-2.152,-3.574
-2.696,-3.58
2.909,-3.045
1.089,-0.851
0.746,-1.424
0.741,-1.788
0.433,-2.543
0.078,-3.8
0.141,-2.162
-0.2,-1.422
-0.226,-2.859
-0.412,-0.969
-0.431,-0.772
-0.484,-1.868
-1.174,-1.962
-1.359,-3.287
-2.884,-2.04
1.89,-2.024
0.629,-3.361
-2.935,-0.535
-1.256,-4.431
-0.499,-4.779
-0.44,0.244
-0.626,0.145
-0.538,0.343
-2.871,-2.028
2.216,-0.818
1.648,-3.0
1.207,-2.09
0.963,-0.334
-1.566,-1.49
-1.749,-3.192
-2.293,-3.198
-2.971,-2.663
1.492,-0.469
1.149,-1.042
1.144,-1.406
0.836,-2.161
0.481,-3.418
0.544,-1.78
0.203,-1.04
0.177,-2.477
-0.009,-0.587
-0.028,-0.39
-0.081,-1.486
-0.771,-1.58
-0.956,-2.905
-2.481,-1.658
2.293,-1.642
1.032,-2.979
-2.532,-0.153
-0.853,-4.049
-0.096,-4.397
-0.186,-0.099
-0.098,0.099
-2.431,-2.272
2.656,-1.062
2.088,-3.244
1.647,-2.334
1.403,-0.578
-1.126,-1.734
-1.309,-3.436
-1.853,-3.442
-2.531,-2.907
1.932,-0.713
1.589,-1.286
1.584,-1.65
1.276,-2.405
0.921,-3.662
0.984,-2.024
0.643,-1.284
0.617,-2.721
0.431,-0.831
0.412,-0.634
0.359,-1.73
-0.331,-1.824
-0.516,-3.149
-2.041,-1.902
2.733,-1.886
1.472,-3.223
-2.092,-0.397
-0.413,-4.293
0.344,-4.641
0.088,0.198
-2.245,-2.173
2.842,-0.963
2.274,-3.145
1.833,-2.235
1.589,-0.479
-0.94,-1.635
-1.123,-3.337
-1.667,-3.343
-2.345,-2.808
2.118,-0.614
1.775,-1.187
1.77,-1.551
1.462,-2.306
1.107,-3.563
1.17,-1.925
0.829,-1.185
0.803,-2.622
0.617,-0.732
0.598,-0.535
0.545,-1.631
-0.145,-1.725
-0.33,-3.05
-1.855,-1.803
2.919,-1.787
1.658,-3.124
-1.906,-0.298
-0.227,-4.194
0.53,-4.542
-2.333,-2.371
2.754,-1.161
2.186,-3.343
1.745,-2.433
1.501,-0.677
-1.028,-1.833
-1.211,-3.535
-1.755,-3.541
-2.433,-3.006
2.03,-0.812
1.687,-1.385
1.682,-1.749
1.374,-2.504
1.019,-3.761
1.082,-2.123
0.741,-1.383
0.715,-2.82
0.529,-0.93
0.51,-0.733
0.457,-1.829
-0.233,-1.923
-0.418,-3.248
-1.943,-2.001
2.831,-1.985
1.57,-3.322
-1.994,-0.496
-0.315,-4.392
0.442,-4.74
-1.196,1.21
-1.764,-0.972
-2.205,-0.062
-2.449,1.694
1.305,0.538
1.122,-1.164
0.578,-1.17
-0.1,-0.635
-1.92,1.559
-2.263,0.986
-2.268,0.622
-2.576,-0.133
-2.931,-1.39
-2.868,0.248
3.074,0.988
3.048,-0.449
2.862,1.441
2.843,1.638
2.79,0.542
2.1,0.448
1.915,-0.877
0.39,0.37
-1.119,0.386
-2.38,-0.951
0.339,1.875
2.018,-2.021
2.775,-2.369
-0.568,-2.182
-1.009,-1.272
-1.253,0.484
2.501,-0.672
2.318,-2.374
1.774,-2.38
1.096,-1.845
-0.724,0.349
-1.067,-0.224
-1.072,-0.588
-1.38,-1.343
-1.735,-2.6
-1.672,-0.962
-2.013,-0.222
-2.039,-1.659
-2.225,0.231
-2.244,0.428
-2.297,-0.668
-2.987,-0.762
3.111,-2.087
1.586,-0.84
0.077,-0.824
-1.184,-2.161
1.535,0.665
-3.069,-3.231
-2.312,-3.579
-0.441,0.91
-0.685,2.666
3.069,1.51
2.886,-0.192
2.342,-0.198
1.664,0.337
-0.156,2.531
-0.499,1.958
-0.504,1.594
-0.812,0.839
-1.167,-0.418
-1.104,1.22
-1.445,1.96
-1.471,0.523
-1.657,2.413
-1.676,2.61
-1.729,1.514
-2.419,1.42
-2.604,0.095
2.154,1.342
0.645,1.358
-0.616,0.021
2.103,2.847
-2.501,-1.049
-1.744,-1.397
-0.244,1.756
-2.773,0.6
-2.956,-1.102
2.783,-1.108
2.105,-0.573
0.285,1.621
-0.058,1.048
-0.063,0.684
-0.371,-0.071
-0.726,-1.328
-0.663,0.31
-1.004,1.05
-1.03,-0.387
-1.216,1.503
-1.235,1.7
-1.288,0.604
-1.978,0.51
-2.163,-0.815
2.595,0.432
1.086,0.448
-0.175,-0.889
2.544,1.937
-2.06,-1.959
-1.303,-2.307
-2.529,-1.156
-2.712,-2.858
3.027,-2.864
2.349,-2.329
0.529,-0.135
0.186,-0.708
0.181,-1.072
-0.127,-1.827
-0.482,-3.084
-0.419,-1.446
-0.76,-0.706
-0.786,-2.143
-0.972,-0.253
-0.991,-0.056
-1.044,-1.152
-1.734,-1.246
-1.919,-2.571
2.839,-1.324
1.33,-1.308
0.069,-2.645
2.788,0.181
-1.816,-3.715
-1.059,-4.063
-0.183,-1.702
-0.727,-1.708
-1.405,-1.173
3.058,1.021
2.715,0.448
2.71,0.084
2.402,-0.671
2.047,-1.928
2.11,-0.29
1.769,0.45
1.743,-0.987
1.557,0.903
1.538,1.1
1.485,0.004
0.795,-0.09
0.61,-1.415
-0.915,-0.168
-2.424,-0.152
2.598,-1.489
-0.966,1.337
0.713,-2.559
1.47,-2.907
-0.544,-0.006
-1.222,0.529
-3.042,2.723
2.898,2.15
2.893,1.786
2.585,1.031
2.23,-0.226
2.293,1.412
1.952,2.152
1.926,0.715
1.74,2.605
1.721,2.802
1.668,1.706
0.978,1.612
0.793,0.287
-0.732,1.534
-2.241,1.55
2.781,0.213
-0.783,3.039
0.896,-0.857
1.653,-1.205
-0.678,0.535
-2.498,2.729
-2.841,2.156
-2.846,1.792
3.129,1.037
2.774,-0.22
2.837,1.418
2.496,2.158
2.47,0.721
2.284,2.611
2.265,2.808
2.212,1.712
1.522,1.618
1.337,0.293
-0.188,1.54
-1.697,1.556
-2.958,0.219
-0.239,3.045
1.44,-0.851
2.197,-1.199
-1.82,2.194
-2.163,1.621
-2.168,1.257
-2.476,0.502
-2.831,-0.755
-2.768,0.883
-3.109,1.623
-3.135,0.186
2.962,2.076
2.943,2.273
2.89,1.177
2.2,1.083
2.015,-0.242
0.49,1.005
-1.019,1.021
-2.28,-0.316
0.439,2.51
2.118,-1.386
2.875,-1.734
-0.343,-0.573
-0.348,-0.937
-0.656,-1.692
-1.011,-2.949
-0.948,-1.311
-1.289,-0.571
-1.315,-2.008
-1.501,-0.118
-1.52,0.079
-1.573,-1.017
-2.263,-1.111
-2.448,-2.436
2.31,-1.189
0.801,-1.173
-0.46,-2.51
2.259,0.316
-2.345,-3.58
-1.588,-3.928
-0.005,-0.364
-0.313,-1.119
-0.668,-2.376
-0.605,-0.738
-0.946,0.002
-0.972,-1.435
-1.158,0.455
-1.177,0.652
-1.23,-0.444
-1.92,-0.538
-2.105,-1.863
2.653,-0.616
1.144,-0.6
-0.117,-1.937
2.602,0.889
-2.002,-3.007
-1.245,-3.355
-0.308,-0.755
-0.663,-2.012
-0.6,-0.374
-0.941,0.366
-0.967,-1.071
-1.153,0.819
-1.172,1.016
-1.225,-0.08
-1.915,-0.174
-2.1,-1.499
2.658,-0.252
1.149,-0.236
-0.112,-1.573
2.607,1.253
-1.997,-2.643
-1.24,-2.991
-0.355,-1.257
-0.292,0.381
-0.633,1.121
-0.659,-0.316
-0.845,1.574
-0.864,1.771
-0.917,0.675
-1.607,0.581
-1.792,-0.744
2.966,0.503
1.457,0.519
0.196,-0.818
2.915,2.008
-1.689,-1.888
-0.932,-2.236
0.063,1.638
-0.278,2.378
-0.304,0.941
-0.49,2.831
-0.509,3.028
-0.562,1.932
-1.252,1.838
-1.437,0.513
-2.962,1.76
1.812,1.776
0.551,0.439
-3.013,3.265
-1.334,-0.631
-0.577,-0.979
-0.341,0.74
-0.367,-0.697
-0.553,1.193
-0.572,1.39
-0.625,0.294
-1.315,0.2
-1.5,-1.125
-3.025,0.122
1.749,0.138
0.488,-1.199
-3.076,1.627
-1.397,-2.269
-0.64,-2.617
-0.026,-1.437
-0.212,0.453
-0.231,0.65
-0.284,-0.446
-0.974,-0.54
-1.159,-1.865
-2.684,-0.618
2.09,-0.602
0.829,-1.939
-2.735,0.887
-1.056,-3.009
-0.299,-3.357
-0.186,1.89
-0.205,2.087
-0.258,0.991
-0.948,0.897
-1.133,-0.428
-2.658,0.819
2.116,0.835
0.855,-0.502
-2.709,2.324
-1.03,-1.572
-0.273,-1.92
-0.019,0.197
-0.072,-0.899
-0.762,-0.993
-0.947,-2.318
-2.472,-1.071
2.302,-1.055
1.041,-2.392
-2.523,0.434
-0.844,-3.462
-0.087,-3.81
-0.053,-1.096
-0.743,-1.19
-0.928,-2.515
-2.453,-1.268
2.321,-1.252
1.06,-2.589
-2.504,0.237
-0.825,-3.659
-0.068,-4.007
-0.69,-0.094
-0.875,-1.419
-2.4,-0.172
2.374,-0.156
1.113,-1.493
-2.451,1.333
-0.772,-2.563
-0.015,-2.911
-0.185,-1.325
-1.71,-0.078
3.064,-0.062
1.803,-1.399
-1.761,1.427
-0.082,-2.469
0.675,-2.817
-1.525,1.247
-3.034,1.263
1.988,-0.074
-1.576,2.752
0.103,-1.144
0.86,-1.492
-1.509,0.016
-2.77,-1.321
-0.051,1.505
1.628,-2.391
2.385,-2.739
-1.261,-1.337
1.458,1.489
3.137,-2.407
-2.389,-2.755
2.719,2.826
-1.885,-1.07
-1.128,-1.418
1.679,-3.896
2.436,-4.244
0.757,-0.348
