-0.032,2.832
-0.118,2.114
-0.137,1.668
-0.095,-0.021
-0.186,2.766
-0.167,-0.403
-0.265,1.088
-0.235,0.234
-0.328,-0.108
-0.319,2.853
-0.324,0.354
-0.251,0.469
-0.452,-0.119
-0.436,2.854
-0.53,-0.226
-0.537,0.132
-0.553,2.708
-0.633,0.779
-0.582,1.03
-0.663,2.38
-0.75,0.266
-0.659,0.991
-0.669,-0.548
-0.672,1.847
-0.718,0.743
-0.7,1.723
-0.724,-0.056
-0.821,2.19
-0.887,2.969
-0.822,-0.209
-0.979,2.895
-0.997,0.059
-1.021,0.894
-0.957,0.149
-0.963,0.315
-1.063,0.292
-1.052,1.279
-1.07,1.623
-1.079,0.763
-1.033,2.741
-1.13,-0.628
-1.095,2.121
-1.115,0.464
-1.251,2.309
-1.272,0.584
-1.223,1.775
-1.357,0.738
-1.364,1.593
-1.403,1.34
-1.408,0.511
-1.369,1.366
-1.441,2.328
-1.501,1.14
-1.436,1.003
-1.478,1.433
-1.485,0.836
-1.574,2.524
-1.564,1.422
-1.559,2.859
-1.627,2.839
-1.659,-0.382
-1.647,2.911
-1.653,3.008
-1.679,-0.377
-1.694,0.84
-1.678,0.523
-1.716,0.525
-1.729,0.174
-1.779,0.051
-1.838,1.034
-1.786,0.218
-1.892,0.898
-1.899,-0.251
-1.899,-0.182
-1.867,-0.684
-1.885,-0.727
-2.006,1.813
-1.964,1.118
-2.034,-0.155
-2.044,0.952
-2.106,0.089
-2.142,1.66
-2.125,1.633
-2.223,1.235
-2.273,1.975
-2.18,0.347
-2.225,0.508
-2.301,-0.097
-2.284,0.097
-2.256,3.007
-2.308,2.342
-2.267,2.756
-2.338,2.234
-2.384,0.467
-2.321,1.483
-2.47,0.813
-2.481,-0.163
-2.483,1.774
-2.524,0.218
-2.462,2.89
-2.72,0.395
-2.771,0.503
-2.79,0.699
-2.887,-0.04
-2.979,1.153
-3.123,1.16
-3.129,0.029
3.134,-0.391
-3.121,2.438
-3.111,2.337
3.14,-0.077
3.056,2.786
3.069,0.388
3.053,2.545
2.955,-0.029
3.022,0.339
2.977,0.453
2.901,0.126
2.839,2.203
2.8,0.356
2.685,0.702
2.644,0.704
2.679,2.652
2.621,0.628
2.636,1.374
2.584,1.734
2.648,2.486
2.554,1.044
2.543,1.005
2.618,2.682
2.526,-0.202
2.575,1.31
2.551,-0.052
2.456,1.365
2.473,2.727
2.306,0.149
2.362,2.262
2.354,0.164
2.253,2.332
2.26,0.434
2.288,2.341
2.217,0.119
2.225,2.211
2.17,0.736
2.143,0.296
2.187,2.899
2.192,2.781
2.166,2.014
2.167,0.9
2.065,0.064
2.128,2.265
1.999,0.088
1.987,1.22
1.986,0.087
1.971,2.12
1.989,0.92
1.906,1.548
1.939,2.458
1.939,0.955
1.87,2.718
1.906,0.673
1.892,1.145
1.792,-0.166
1.784,1.748
1.825,0.838
1.729,1.591
1.617,1.113
1.439,1.222
1.42,0.978
1.477,2.642
1.448,0.123
1.449,0.676
1.37,2.413
1.362,1.998
1.331,2.248
1.396,0.92
1.294,0.432
1.306,0.954
1.325,0.922
1.238,0.336
1.213,-0.223
1.238,2.614
1.102,0.989
1.012,0.944
1.001,1.944
0.924,1.193
0.908,-0.684
0.912,1.041
0.814,0.101
0.808,1.138
0.546,-0.706
0.605,0.232
0.522,1.525
0.52,0.169
0.543,1.359
0.551,1.641
0.424,-0.606
0.459,1.648
0.395,1.777
0.35,1.068
0.192,2.624
0.096,0.306
0.033,2.518
0.048,1.345
0.025,2.87
0.077,1.782
-0.017,0.455
-0.085,-1.149
-0.185,-1.068
-0.119,-1.049
-0.54,-0.994
-0.56,-1.079
-1.14,-0.994
-2.008,-0.971
2.45,-1.142
2.06,-1.199
1.412,-1.204
1.269,-0.974
1.102,-1.153
0.796,-1.24
0.677,-1.242
0.624,-1.114
0.232,-1.088
0.114,-1.172
-0.4,3.063
-1.146,3.15
-1.248,3.098
-1.467,3.158
-3.086,3.074
2.565,3.091
2.248,3.044
2.248,3.041
2.16,3.06
1.43,2.951
0.785,3.063
0.549,2.853
-0.572,0.383
-1.226,0.176
-1.489,2.577
-2.057,2.527
2.622,-0.651
-1.534,-1.034
-0.123,0.761
-0.112,1.182
-0.146,-0.285
-0.144,2.887
-0.351,1.633
-0.304,0.218
-0.499,0.736
-0.402,0.79
-0.548,2.609
-0.44,-0.656
-0.593,2.872
-0.583,3.063
-0.614,1.305
-0.516,1.649
-0.671,2.4
-0.692,-0.303
-0.726,-0.138
-0.786,1.174
-0.724,1.913
-0.799,2.888
-0.862,2.224
-0.9,2.931
-1.125,0.978
-1.147,2.689
-1.179,2.544
-1.068,-0.015
-1.238,2.568
-1.108,1.977
-1.293,-0.341
-1.204,0.389
-1.263,-0.68
-1.354,0.179
-1.403,0.807
-1.423,1.118
-1.692,1.996
-1.574,0.267
-1.608,1.493
-1.634,1.815
-1.672,1.994
-1.717,2.588
-1.728,1.647
-1.86,2.942
-1.768,0.873
-2.12,2.665
-2.144,2.553
-2.055,0.983
-2.22,-0.189
-2.222,0.887
-2.307,1.984
-2.188,2.724
-2.353,0.355
-2.253,0.003
-2.398,2.596
-2.366,1.566
-2.573,1.481
-2.605,-0.225
-2.64,-0.217
-2.863,0.138
-2.882,0.7
-3.054,1.117
-3.072,1.98
-3.122,-0.073
-3.011,1.907
3.123,0.64
3.118,0.231
3.091,0.723
2.944,1.174
2.88,-0.02
2.776,0.651
2.729,1.162
2.703,0.335
2.691,-0.054
2.672,0.433
2.548,1.64
2.351,2.711
2.327,1.45
2.279,2.574
2.388,1.961
2.245,2.748
2.201,2.318
2.094,1.99
2.218,1.674
2.097,-0.098
2.062,1.09
1.822,0.452
1.789,1.031
1.665,0.963
1.745,2.491
1.57,1.967
1.417,-0.074
1.32,1.559
1.37,0.141
1.215,2.414
1.273,-0.092
1.074,-0.293
0.971,2.128
1.061,1.646
0.855,2.06
0.866,0.975
0.707,2.161
0.581,0.352
0.588,1.629
0.639,1.575
0.637,0.149
0.298,2.0
0.385,-0.604
0.204,1.275
0.229,0.796
0.006,2.442
-0.352,-1.172
-1.037,-0.973
-2.121,-1.077
-2.101,-0.959
-2.696,-0.995
-2.92,-1.076
2.529,-1.122
1.777,-1.242
1.329,-0.986
0.794,-1.048
-2.424,2.816
2.905,3.108
2.196,3.114
0.759,2.843
-0.14,-0.001
-0.485,1.219
-1.184,-0.002
-1.959,0.622
-2.181,0.003
-2.53,0.029
1.979,-0.026
1.365,1.237
-0.851,0.396
-2.827,1.455
1.522,0.648
1.207,-0.238
1.102,0.176
0.662,-0.233
0.464,-0.185
0.396,0.583
-1.142,0.537
-2.138,2.226
0.74,1.155
-0.708,-0.714
-1.018,-0.765
-1.53,-0.926
-2.905,-0.97
2.789,-0.812
2.46,-0.876
2.303,-0.956
2.246,-0.883
0.89,-0.945
0.703,-0.946
-1.022,-1.167
-2.849,-1.34
2.978,-1.201
2.277,-1.397
-0.086,-0.718
-0.105,-1.164
-0.063,-2.853
-0.154,-0.066
-0.135,-3.235
-0.233,-1.744
-0.203,-2.598
-0.296,-2.94
-0.287,0.021
-0.292,-2.478
-0.219,-2.363
-0.42,-2.951
-0.404,0.022
-0.498,-3.058
-0.505,-2.7
-0.521,-0.124
-0.601,-2.053
-0.55,-1.802
-0.631,-0.452
-0.718,-2.566
-0.627,-1.841
-0.637,-3.38
-0.64,-0.985
-0.686,-2.089
-0.668,-1.109
-0.692,-2.888
-0.789,-0.642
-0.855,0.137
-0.79,-3.041
-0.947,0.063
-0.965,-2.773
-0.989,-1.938
-0.925,-2.683
-0.931,-2.517
-1.031,-2.54
-1.02,-1.553
-1.038,-1.209
-1.047,-2.069
-1.001,-0.091
-1.098,-3.46
-1.063,-0.711
-1.083,-2.368
-1.219,-0.523
-1.24,-2.248
-1.191,-1.057
-1.325,-2.094
-1.332,-1.239
-1.371,-1.492
-1.376,-2.321
-1.337,-1.466
-1.409,-0.504
-1.469,-1.692
-1.404,-1.829
-1.446,-1.399
-1.453,-1.996
-1.542,-0.308
-1.532,-1.41
-1.527,0.027
-1.595,0.007
-1.627,-3.214
-1.615,0.079
-1.621,0.176
-1.647,-3.209
-1.662,-1.992
-1.646,-2.309
-1.684,-2.307
-1.697,-2.658
-1.747,-2.781
-1.806,-1.798
-1.754,-2.614
-1.86,-1.934
-1.867,-3.083
-1.867,-3.014
-1.835,-3.516
-1.853,-3.559
-1.974,-1.019
-1.932,-1.714
-2.002,-2.987
-2.012,-1.88
-2.074,-2.743
-2.11,-1.172
-2.093,-1.199
-2.191,-1.597
-2.241,-0.857
-2.148,-2.485
-2.193,-2.324
-2.269,-2.929
-2.252,-2.735
-2.224,0.175
-2.276,-0.49
-2.235,-0.076
-2.306,-0.598
-2.352,-2.365
-2.289,-1.349
-2.438,-2.019
-2.449,-2.995
-2.451,-1.058
-2.492,-2.614
-2.43,0.058
-2.688,-2.437
-2.739,-2.329
-2.758,-2.133
-2.855,-2.872
-2.947,-1.679
-3.091,-1.672
-3.097,-2.803
-3.117,-3.223
-3.089,-0.394
-3.079,-0.495
-3.111,-2.909
3.088,-0.046
3.101,-2.444
3.085,-0.287
2.987,-2.861
3.054,-2.493
3.009,-2.379
2.933,-2.706
2.871,-0.629
2.832,-2.476
2.717,-2.13
2.676,-2.128
2.711,-0.18
2.653,-2.204
2.668,-1.458
2.616,-1.098
2.68,-0.346
2.586,-1.788
2.575,-1.827
2.65,-0.15
2.558,-3.034
2.607,-1.522
2.583,-2.884
2.488,-1.467
2.505,-0.105
2.338,-2.683
2.394,-0.57
2.386,-2.668
2.285,-0.5
2.292,-2.398
2.32,-0.491
2.249,-2.713
2.257,-0.621
2.202,-2.096
2.175,-2.536
2.219,0.067
2.224,-0.051
2.198,-0.818
2.199,-1.932
2.097,-2.768
2.16,-0.567
2.031,-2.744
2.019,-1.612
2.018,-2.745
2.003,-0.712
2.021,-1.912
1.938,-1.284
1.971,-0.374
1.971,-1.877
1.902,-0.114
1.938,-2.159
1.924,-1.687
1.824,-2.998
1.816,-1.084
1.857,-1.994
1.761,-1.241
1.649,-1.719
1.471,-1.61
1.452,-1.854
1.509,-0.19
1.48,-2.709
1.481,-2.156
1.402,-0.419
1.394,-0.834
1.363,-0.584
1.428,-1.912
1.326,-2.4
1.338,-1.878
1.357,-1.91
1.27,-2.496
1.245,-3.055
1.27,-0.218
1.134,-1.843
1.044,-1.888
1.033,-0.888
0.956,-1.639
0.94,-3.516
0.944,-1.791
0.846,-2.731
0.84,-1.694
0.578,-3.538
0.637,-2.6
0.554,-1.307
0.552,-2.663
0.575,-1.473
0.583,-1.191
0.456,-3.438
0.491,-1.184
0.427,-1.055
0.382,-1.764
0.224,-0.208
0.128,-2.526
0.065,-0.314
0.08,-1.487
0.057,0.038
0.109,-1.05
0.015,-2.377
-0.053,-3.981
-0.153,-3.9
-0.087,-3.881
-0.508,-3.826
-0.528,-3.911
-1.108,-3.826
-1.976,-3.803
2.482,-3.974
2.092,-4.031
1.444,-4.036
1.301,-3.806
1.134,-3.985
0.828,-4.072
0.709,-4.074
0.656,-3.946
0.264,-3.92
0.146,-4.004
-0.368,0.231
-1.114,0.318
-1.216,0.266
-1.435,0.326
-3.054,0.242
2.597,0.259
2.28,0.212
2.28,0.209
2.192,0.228
1.462,0.119
0.817,0.231
0.581,0.021
-0.54,-2.449
-1.194,-2.656
-1.457,-0.255
-2.025,-0.305
2.654,-3.483
-1.502,-3.866
-0.091,-2.071
-0.08,-1.65
-0.114,-3.117
-0.112,0.055
-0.319,-1.199
-0.272,-2.614
-0.467,-2.096
-0.37,-2.042
-0.516,-0.223
-0.408,-3.488
-0.561,0.04
-0.551,0.231
-0.582,-1.527
-0.484,-1.183
-0.639,-0.432
-0.66,-3.135
-0.694,-2.97
-0.754,-1.658
-0.692,-0.919
-0.767,0.056
-0.83,-0.608
-0.868,0.099
-1.093,-1.854
-1.115,-0.143
-1.147,-0.288
-1.036,-2.847
-1.206,-0.264
-1.076,-0.855
-1.261,-3.173
-1.172,-2.443
-1.231,-3.512
-1.322,-2.653
-1.371,-2.025
-1.391,-1.714
-1.66,-0.836
-1.542,-2.565
-1.576,-1.339
-1.602,-1.017
-1.64,-0.838
-1.685,-0.244
-1.696,-1.185
-1.828,0.11
-1.736,-1.959
-2.088,-0.167
-2.112,-0.279
-2.023,-1.849
-2.188,-3.021
-2.19,-1.945
-2.275,-0.848
-2.156,-0.108
-2.321,-2.477
-2.221,-2.829
-2.366,-0.236
-2.334,-1.266
-2.541,-1.351
-2.573,-3.057
-2.608,-3.049
-2.831,-2.694
-2.85,-2.132
-3.022,-1.715
-3.04,-0.852
-3.09,-2.905
-2.979,-0.925
-3.128,-2.192
-3.133,-2.601
3.123,-2.109
2.976,-1.658
2.912,-2.852
2.808,-2.181
2.761,-1.67
2.735,-2.497
2.723,-2.886
2.704,-2.399
2.58,-1.192
2.383,-0.121
2.359,-1.382
2.311,-0.258
2.42,-0.871
2.277,-0.084
2.233,-0.514
2.126,-0.842
2.25,-1.158
2.129,-2.93
2.094,-1.742
1.854,-2.38
1.821,-1.801
1.697,-1.869
1.777,-0.341
1.602,-0.865
1.449,-2.906
1.352,-1.273
1.402,-2.691
1.247,-0.418
1.305,-2.924
1.106,-3.125
1.003,-0.704
1.093,-1.186
0.887,-0.772
0.898,-1.857
0.739,-0.671
0.613,-2.48
0.62,-1.203
0.671,-1.257
0.669,-2.683
0.33,-0.832
0.417,-3.436
0.236,-1.557
0.261,-2.036
0.038,-0.39
-0.32,-4.004
-1.005,-3.805
-2.089,-3.909
-2.069,-3.791
-2.664,-3.827
-2.888,-3.908
2.561,-3.954
1.809,-4.074
1.361,-3.818
0.826,-3.88
-2.392,-0.016
2.937,0.276
2.228,0.282
0.791,0.011
-0.108,-2.833
-0.453,-1.613
-1.152,-2.834
-1.927,-2.21
-2.149,-2.829
-2.498,-2.803
2.011,-2.858
1.397,-1.595
-0.819,-2.436
-2.795,-1.377
1.554,-2.184
1.239,-3.07
1.134,-2.656
0.694,-3.065
0.496,-3.017
0.428,-2.249
-1.11,-2.295
-2.106,-0.606
0.772,-1.677
-0.676,-3.546
-0.986,-3.597
-1.498,-3.758
-2.873,-3.802
2.821,-3.644
2.492,-3.708
2.335,-3.788
2.278,-3.715
0.922,-3.777
0.735,-3.778
-0.99,-3.999
-2.817,-4.172
3.01,-4.033
2.309,-4.229
-0.019,-0.446
0.023,-2.135
-0.068,0.652
-0.049,-2.517
-0.147,-1.026
-0.117,-1.88
-0.21,-2.222
-0.201,0.739
-0.206,-1.76
-0.133,-1.645
-0.334,-2.233
-0.318,0.74
-0.412,-2.34
-0.419,-1.982
-0.435,0.594
-0.515,-1.335
-0.464,-1.084
-0.545,0.266
-0.632,-1.848
-0.541,-1.123
-0.551,-2.662
-0.554,-0.267
-0.6,-1.371
-0.582,-0.391
-0.606,-2.17
-0.703,0.076
-0.769,0.855
-0.704,-2.323
-0.861,0.781
-0.879,-2.055
-0.903,-1.22
-0.839,-1.965
-0.845,-1.799
-0.945,-1.822
-0.934,-0.835
-0.952,-0.491
-0.961,-1.351
-0.915,0.627
-1.012,-2.742
-0.977,0.007
-0.997,-1.65
-1.133,0.195
-1.154,-1.53
-1.105,-0.339
-1.239,-1.376
-1.246,-0.521
-1.285,-0.774
-1.29,-1.603
-1.251,-0.748
-1.323,0.214
-1.383,-0.974
-1.318,-1.111
-1.36,-0.681
-1.367,-1.278
-1.456,0.41
-1.446,-0.692
-1.441,0.745
-1.509,0.725
-1.541,-2.496
-1.529,0.797
-1.535,0.894
-1.561,-2.491
-1.576,-1.274
-1.56,-1.591
-1.598,-1.589
-1.611,-1.94
-1.661,-2.063
-1.72,-1.08
-1.668,-1.896
-1.774,-1.216
-1.781,-2.365
-1.781,-2.296
-1.749,-2.798
-1.767,-2.841
-1.888,-0.301
-1.846,-0.996
-1.916,-2.269
-1.926,-1.162
-1.988,-2.025
-2.024,-0.454
-2.007,-0.481
-2.105,-0.879
-2.155,-0.139
-2.062,-1.767
-2.107,-1.606
-2.183,-2.211
-2.166,-2.017
-2.138,0.893
-2.19,0.228
-2.149,0.642
-2.22,0.12
-2.266,-1.647
-2.203,-0.631
-2.352,-1.301
-2.363,-2.277
-2.365,-0.34
-2.406,-1.896
-2.344,0.776
-2.602,-1.719
-2.653,-1.611
-2.672,-1.415
-2.769,-2.154
-2.861,-0.961
-3.005,-0.954
-3.011,-2.085
-3.031,-2.505
-3.003,0.324
-2.993,0.223
-3.025,-2.191
-3.109,0.672
-3.096,-1.726
-3.112,0.431
3.073,-2.143
3.14,-1.775
3.095,-1.661
3.019,-1.988
2.957,0.089
2.918,-1.758
2.803,-1.412
2.762,-1.41
2.797,0.538
2.739,-1.486
2.754,-0.74
2.702,-0.38
2.766,0.372
2.672,-1.07
2.661,-1.109
2.736,0.568
2.644,-2.316
2.693,-0.804
2.669,-2.166
2.574,-0.749
2.591,0.613
2.424,-1.965
2.48,0.148
2.472,-1.95
2.371,0.218
2.378,-1.68
2.406,0.227
2.335,-1.995
2.343,0.097
2.288,-1.378
2.261,-1.818
2.305,0.785
2.31,0.667
2.284,-0.1
2.285,-1.214
2.183,-2.05
2.246,0.151
2.117,-2.026
2.105,-0.894
2.104,-2.027
2.089,0.006
2.107,-1.194
2.024,-0.566
2.057,0.344
2.057,-1.159
1.988,0.604
2.024,-1.441
2.01,-0.969
1.91,-2.28
1.902,-0.366
1.943,-1.276
1.847,-0.523
1.735,-1.001
1.557,-0.892
1.538,-1.136
1.595,0.528
1.566,-1.991
1.567,-1.438
1.488,0.299
1.48,-0.116
1.449,0.134
1.514,-1.194
1.412,-1.682
1.424,-1.16
1.443,-1.192
1.356,-1.778
1.331,-2.337
1.356,0.5
1.22,-1.125
1.13,-1.17
1.119,-0.17
1.042,-0.921
1.026,-2.798
1.03,-1.073
0.932,-2.013
0.926,-0.976
0.664,-2.82
0.723,-1.882
0.64,-0.589
0.638,-1.945
0.661,-0.755
0.669,-0.473
0.542,-2.72
0.577,-0.466
0.513,-0.337
0.468,-1.046
0.31,0.51
0.214,-1.808
0.151,0.404
0.166,-0.769
0.143,0.756
0.195,-0.332
0.101,-1.659
0.033,-3.263
-0.067,-3.182
-0.001,-3.163
-0.422,-3.108
-0.442,-3.193
-1.022,-3.108
-1.89,-3.085
2.568,-3.256
2.178,-3.313
1.53,-3.318
1.387,-3.088
1.22,-3.267
0.914,-3.354
0.795,-3.356
0.742,-3.228
0.35,-3.202
0.232,-3.286
-0.282,0.949
-1.028,1.036
-1.13,0.984
-1.349,1.044
-2.968,0.96
2.683,0.977
2.366,0.93
2.366,0.927
2.278,0.946
1.548,0.837
0.903,0.949
0.667,0.739
-0.454,-1.731
-1.108,-1.938
-1.371,0.463
-1.939,0.413
2.74,-2.765
-1.416,-3.148
-0.005,-1.353
0.006,-0.932
-0.028,-2.399
-0.026,0.773
-0.233,-0.481
-0.186,-1.896
-0.381,-1.378
-0.284,-1.324
-0.43,0.495
-0.322,-2.77
-0.475,0.758
-0.465,0.949
-0.496,-0.809
-0.398,-0.465
-0.553,0.286
-0.574,-2.417
-0.608,-2.252
-0.668,-0.94
-0.606,-0.201
-0.681,0.774
-0.744,0.11
-0.782,0.817
-1.007,-1.136
-1.029,0.575
-1.061,0.43
-0.95,-2.129
-1.12,0.454
-0.99,-0.137
-1.175,-2.455
-1.086,-1.725
-1.145,-2.794
-1.236,-1.935
-1.285,-1.307
-1.305,-0.996
-1.574,-0.118
-1.456,-1.847
-1.49,-0.621
-1.516,-0.299
-1.554,-0.12
-1.599,0.474
-1.61,-0.467
-1.742,0.828
-1.65,-1.241
-2.002,0.551
-2.026,0.439
-1.937,-1.131
-2.102,-2.303
-2.104,-1.227
-2.189,-0.13
-2.07,0.61
-2.235,-1.759
-2.135,-2.111
-2.28,0.482
-2.248,-0.548
-2.455,-0.633
-2.487,-2.339
-2.522,-2.331
-2.745,-1.976
-2.764,-1.414
-2.936,-0.997
-2.954,-0.134
-3.004,-2.187
-2.893,-0.207
-3.042,-1.474
-3.047,-1.883
-3.074,-1.391
3.062,-0.94
2.998,-2.134
2.894,-1.463
2.847,-0.952
2.821,-1.779
2.809,-2.168
2.79,-1.681
2.666,-0.474
2.469,0.597
2.445,-0.664
2.397,0.46
2.506,-0.153
2.363,0.634
2.319,0.204
2.212,-0.124
2.336,-0.44
2.215,-2.212
2.18,-1.024
1.94,-1.662
1.907,-1.083
1.783,-1.151
1.863,0.377
1.688,-0.147
1.535,-2.188
1.438,-0.555
1.488,-1.973
1.333,0.3
1.391,-2.206
1.192,-2.407
1.089,0.014
1.179,-0.468
0.973,-0.054
0.984,-1.139
0.825,0.047
0.699,-1.762
0.706,-0.485
0.757,-0.539
0.755,-1.965
0.416,-0.114
0.503,-2.718
0.322,-0.839
0.347,-1.318
0.124,0.328
-0.234,-3.286
-0.919,-3.087
-2.003,-3.191
-1.983,-3.073
-2.578,-3.109
-2.802,-3.19
2.647,-3.236
1.895,-3.356
1.447,-3.1
0.912,-3.162
-2.306,0.702
3.023,0.994
2.314,1.0
0.877,0.729
-0.022,-2.115
-0.367,-0.895
-1.066,-2.116
-1.841,-1.492
-2.063,-2.111
-2.412,-2.085
2.097,-2.14
1.483,-0.877
-0.733,-1.718
-2.709,-0.659
1.64,-1.466
1.325,-2.352
1.22,-1.938
0.78,-2.347
0.582,-2.299
0.514,-1.531
-1.024,-1.577
-2.02,0.112
0.858,-0.959
-0.59,-2.828
-0.9,-2.879
-1.412,-3.04
-2.787,-3.084
2.907,-2.926
2.578,-2.99
2.421,-3.07
2.364,-2.997
1.008,-3.059
0.821,-3.06
-0.904,-3.281
-2.731,-3.454
3.096,-3.315
2.395,-3.511
0.042,-1.689
-0.049,1.098
-0.03,-2.071
-0.128,-0.58
-0.098,-1.434
-0.191,-1.776
-0.182,1.185
-0.187,-1.314
-0.114,-1.199
-0.315,-1.787
-0.299,1.186
-0.393,-1.894
-0.4,-1.536
-0.416,1.04
-0.496,-0.889
-0.445,-0.638
-0.526,0.712
-0.613,-1.402
-0.522,-0.677
-0.532,-2.216
-0.535,0.179
-0.581,-0.925
-0.563,0.055
-0.587,-1.724
-0.684,0.522
-0.75,1.301
-0.685,-1.877
-0.842,1.227
-0.86,-1.609
-0.884,-0.774
-0.82,-1.519
-0.826,-1.353
-0.926,-1.376
-0.915,-0.389
-0.933,-0.045
-0.942,-0.905
-0.896,1.073
-0.993,-2.296
-0.958,0.453
-0.978,-1.204
-1.114,0.641
-1.135,-1.084
-1.086,0.107
-1.22,-0.93
-1.227,-0.075
-1.266,-0.328
-1.271,-1.157
-1.232,-0.302
-1.304,0.66
-1.364,-0.528
-1.299,-0.665
-1.341,-0.235
-1.348,-0.832
-1.437,0.856
-1.427,-0.246
-1.422,1.191
-1.49,1.171
-1.522,-2.05
-1.51,1.243
-1.516,1.34
-1.542,-2.045
-1.557,-0.828
-1.541,-1.145
-1.579,-1.143
-1.592,-1.494
-1.642,-1.617
-1.701,-0.634
-1.649,-1.45
-1.755,-0.77
-1.762,-1.919
-1.762,-1.85
-1.73,-2.352
-1.748,-2.395
-1.869,0.145
-1.827,-0.55
-1.897,-1.823
-1.907,-0.716
-1.969,-1.579
-2.005,-0.008
-1.988,-0.035
-2.086,-0.433
-2.136,0.307
-2.043,-1.321
-2.088,-1.16
-2.164,-1.765
-2.147,-1.571
-2.119,1.339
-2.171,0.674
-2.13,1.088
-2.201,0.566
-2.247,-1.201
-2.184,-0.185
-2.333,-0.855
-2.344,-1.831
-2.346,0.106
-2.387,-1.45
-2.325,1.222
-2.583,-1.273
-2.634,-1.165
-2.653,-0.969
-2.75,-1.708
-2.842,-0.515
-2.986,-0.508
-2.992,-1.639
-3.012,-2.059
-2.984,0.77
-2.974,0.669
-3.006,-1.745
-3.09,1.118
-3.077,-1.28
-3.093,0.877
3.092,-1.697
-3.124,-1.329
3.114,-1.215
3.038,-1.542
2.976,0.535
2.937,-1.312
2.822,-0.966
2.781,-0.964
2.816,0.984
2.758,-1.04
2.773,-0.294
2.721,0.066
2.785,0.818
2.691,-0.624
2.68,-0.663
2.755,1.014
2.663,-1.87
2.712,-0.358
2.688,-1.72
2.593,-0.303
2.61,1.059
2.443,-1.519
2.499,0.594
2.491,-1.504
2.39,0.664
2.397,-1.234
2.425,0.673
2.354,-1.549
2.362,0.543
2.307,-0.932
2.28,-1.372
2.324,1.231
2.329,1.113
2.303,0.346
2.304,-0.768
2.202,-1.604
2.265,0.597
2.136,-1.58
2.124,-0.448
2.123,-1.581
2.108,0.452
2.126,-0.748
2.043,-0.12
2.076,0.79
2.076,-0.713
2.007,1.05
2.043,-0.995
2.029,-0.523
1.929,-1.834
1.921,0.08
1.962,-0.83
1.866,-0.077
1.754,-0.555
1.576,-0.446
1.557,-0.69
1.614,0.974
1.585,-1.545
1.586,-0.992
1.507,0.745
1.499,0.33
1.468,0.58
1.533,-0.748
1.431,-1.236
1.443,-0.714
1.462,-0.746
1.375,-1.332
1.35,-1.891
1.375,0.946
1.239,-0.679
1.149,-0.724
1.138,0.276
1.061,-0.475
1.045,-2.352
1.049,-0.627
0.951,-1.567
0.945,-0.53
0.683,-2.374
0.742,-1.436
0.659,-0.143
0.657,-1.499
0.68,-0.309
0.688,-0.027
0.561,-2.274
0.596,-0.02
0.532,0.109
0.487,-0.6
0.329,0.956
0.233,-1.362
0.17,0.85
0.185,-0.323
0.162,1.202
0.214,0.114
0.12,-1.213
0.052,-2.817
-0.048,-2.736
0.018,-2.717
-0.403,-2.662
-0.423,-2.747
-1.003,-2.662
-1.871,-2.639
2.587,-2.81
2.197,-2.867
1.549,-2.872
1.406,-2.642
1.239,-2.821
0.933,-2.908
0.814,-2.91
0.761,-2.782
0.369,-2.756
0.251,-2.84
-0.263,1.395
-1.009,1.482
-1.111,1.43
-1.33,1.49
-2.949,1.406
2.702,1.423
2.385,1.376
2.385,1.373
2.297,1.392
1.567,1.283
0.922,1.395
0.686,1.185
-0.435,-1.285
-1.089,-1.492
-1.352,0.909
-1.92,0.859
2.759,-2.319
-1.397,-2.702
0.014,-0.907
0.025,-0.486
-0.009,-1.953
-0.007,1.219
-0.214,-0.035
-0.167,-1.45
-0.362,-0.932
-0.265,-0.878
-0.411,0.941
-0.303,-2.324
-0.456,1.204
-0.446,1.395
-0.477,-0.363
-0.379,-0.019
-0.534,0.732
-0.555,-1.971
-0.589,-1.806
-0.649,-0.494
-0.587,0.245
-0.662,1.22
-0.725,0.556
-0.763,1.263
-0.988,-0.69
-1.01,1.021
-1.042,0.876
-0.931,-1.683
-1.101,0.9
-0.971,0.309
-1.156,-2.009
-1.067,-1.279
-1.126,-2.348
-1.217,-1.489
-1.266,-0.861
-1.286,-0.55
-1.555,0.328
-1.437,-1.401
-1.471,-0.175
-1.497,0.147
-1.535,0.326
-1.58,0.92
-1.591,-0.021
-1.723,1.274
-1.631,-0.795
-1.983,0.997
-2.007,0.885
-1.918,-0.685
-2.083,-1.857
-2.085,-0.781
-2.17,0.316
-2.051,1.056
-2.216,-1.313
-2.116,-1.665
-2.261,0.928
-2.229,-0.102
-2.436,-0.187
-2.468,-1.893
-2.503,-1.885
-2.726,-1.53
-2.745,-0.968
-2.917,-0.551
-2.935,0.312
-2.985,-1.741
-2.874,0.239
-3.023,-1.028
-3.028,-1.437
-3.055,-0.945
3.081,-0.494
3.017,-1.688
2.913,-1.017
2.866,-0.506
2.84,-1.333
2.828,-1.722
2.809,-1.235
2.685,-0.028
2.488,1.043
2.464,-0.218
2.416,0.906
2.525,0.293
2.382,1.08
2.338,0.65
2.231,0.322
2.355,0.006
2.234,-1.766
2.199,-0.578
1.959,-1.216
1.926,-0.637
1.802,-0.705
1.882,0.823
1.707,0.299
1.554,-1.742
1.457,-0.109
1.507,-1.527
1.352,0.746
1.41,-1.76
1.211,-1.961
1.108,0.46
1.198,-0.022
0.992,0.392
1.003,-0.693
0.844,0.493
0.718,-1.316
0.725,-0.039
0.776,-0.093
0.774,-1.519
0.435,0.332
0.522,-2.272
0.341,-0.393
0.366,-0.872
0.143,0.774
-0.215,-2.84
-0.9,-2.641
-1.984,-2.745
-1.964,-2.627
-2.559,-2.663
-2.783,-2.744
2.666,-2.79
1.914,-2.91
1.466,-2.654
0.931,-2.716
-2.287,1.148
3.042,1.44
2.333,1.446
0.896,1.175
-0.003,-1.669
-0.348,-0.449
-1.047,-1.67
-1.822,-1.046
-2.044,-1.665
-2.393,-1.639
2.116,-1.694
1.502,-0.431
-0.714,-1.272
-2.69,-0.213
1.659,-1.02
1.344,-1.906
1.239,-1.492
0.799,-1.901
0.601,-1.853
0.533,-1.085
-1.005,-1.131
-2.001,0.558
0.877,-0.513
-0.571,-2.382
-0.881,-2.433
-1.393,-2.594
-2.768,-2.638
2.926,-2.48
2.597,-2.544
2.44,-2.624
2.383,-2.551
1.027,-2.613
0.84,-2.614
-0.885,-2.835
-2.712,-3.008
3.115,-2.869
2.414,-3.065
-0.091,2.787
-0.072,-0.382
-0.17,1.109
-0.14,0.255
-0.233,-0.087
-0.224,2.874
-0.229,0.375
-0.156,0.49
-0.357,-0.098
-0.341,2.875
-0.435,-0.205
-0.442,0.153
-0.458,2.729
-0.538,0.8
-0.487,1.051
-0.568,2.401
-0.655,0.287
-0.564,1.012
-0.574,-0.527
-0.577,1.868
-0.623,0.764
-0.605,1.744
-0.629,-0.035
-0.726,2.211
-0.792,2.99
-0.727,-0.188
-0.884,2.916
-0.902,0.08
-0.926,0.915
-0.862,0.17
-0.868,0.336
-0.968,0.313
-0.957,1.3
-0.975,1.644
-0.984,0.784
-0.938,2.762
-1.035,-0.607
-1.0,2.142
-1.02,0.485
-1.156,2.33
-1.177,0.605
-1.128,1.796
-1.262,0.759
-1.269,1.614
-1.308,1.361
-1.313,0.532
-1.274,1.387
-1.346,2.349
-1.406,1.161
-1.341,1.024
-1.383,1.454
-1.39,0.857
-1.479,2.545
-1.469,1.443
-1.464,2.88
-1.532,2.86
-1.564,-0.361
-1.552,2.932
-1.558,3.029
-1.584,-0.356
-1.599,0.861
-1.583,0.544
-1.621,0.546
-1.634,0.195
-1.684,0.072
-1.743,1.055
-1.691,0.239
-1.797,0.919
-1.804,-0.23
-1.804,-0.161
-1.772,-0.663
-1.79,-0.706
-1.911,1.834
-1.869,1.139
-1.939,-0.134
-1.949,0.973
-2.011,0.11
-2.047,1.681
-2.03,1.654
-2.128,1.256
-2.178,1.996
-2.085,0.368
-2.13,0.529
-2.206,-0.076
-2.189,0.118
-2.161,3.028
-2.213,2.363
-2.172,2.777
-2.243,2.255
-2.289,0.488
-2.226,1.504
-2.375,0.834
-2.386,-0.142
-2.388,1.795
-2.429,0.239
-2.367,2.911
-2.625,0.416
-2.676,0.524
-2.695,0.72
-2.792,-0.019
-2.884,1.174
-3.028,1.181
-3.034,0.05
-3.054,-0.37
-3.026,2.459
-3.016,2.358
-3.048,-0.056
-3.132,2.807
-3.119,0.409
-3.135,2.566
3.05,-0.008
3.117,0.36
3.072,0.474
2.996,0.147
2.934,2.224
2.895,0.377
2.78,0.723
2.739,0.725
2.774,2.673
2.716,0.649
2.731,1.395
2.679,1.755
2.743,2.507
2.649,1.065
2.638,1.026
2.713,2.703
2.621,-0.181
2.67,1.331
2.646,-0.031
2.551,1.386
2.568,2.748
2.401,0.17
2.457,2.283
2.449,0.185
2.348,2.353
2.355,0.455
2.383,2.362
2.312,0.14
2.32,2.232
2.265,0.757
2.238,0.317
2.282,2.92
2.287,2.802
2.261,2.035
2.262,0.921
2.16,0.085
2.223,2.286
2.094,0.109
2.082,1.241
2.081,0.108
2.066,2.141
2.084,0.941
2.001,1.569
2.034,2.479
2.034,0.976
1.965,2.739
2.001,0.694
1.987,1.166
1.887,-0.145
1.879,1.769
1.92,0.859
1.824,1.612
1.712,1.134
1.534,1.243
1.515,0.999
1.572,2.663
1.543,0.144
1.544,0.697
1.465,2.434
1.457,2.019
1.426,2.269
1.491,0.941
1.389,0.453
1.401,0.975
1.42,0.943
1.333,0.357
1.308,-0.202
1.333,2.635
1.197,1.01
1.107,0.965
1.096,1.965
1.019,1.214
1.003,-0.663
1.007,1.062
0.909,0.122
0.903,1.159
0.641,-0.685
0.7,0.253
0.617,1.546
0.615,0.19
0.638,1.38
0.646,1.662
0.519,-0.585
0.554,1.669
0.49,1.798
0.445,1.089
0.287,2.645
0.191,0.327
0.128,2.539
0.143,1.366
0.12,2.891
0.172,1.803
0.078,0.476
0.01,-1.128
-0.09,-1.047
-0.024,-1.028
-0.445,-0.973
-0.465,-1.058
-1.045,-0.973
-1.913,-0.95
2.545,-1.121
2.155,-1.178
1.507,-1.183
1.364,-0.953
1.197,-1.132
0.891,-1.219
0.772,-1.221
0.719,-1.093
0.327,-1.067
0.209,-1.151
-0.305,3.084
-1.051,3.171
-1.153,3.119
-1.372,3.179
-2.991,3.095
2.66,3.112
2.343,3.065
2.343,3.062
2.255,3.081
1.525,2.972
0.88,3.084
0.644,2.874
-0.477,0.404
-1.131,0.197
-1.394,2.598
-1.962,2.548
2.717,-0.63
-1.439,-1.013
-0.028,0.782
-0.017,1.203
-0.051,-0.264
-0.049,2.908
-0.256,1.654
-0.209,0.239
-0.404,0.757
-0.307,0.811
-0.453,2.63
-0.345,-0.635
-0.498,2.893
-0.488,3.084
-0.519,1.326
-0.421,1.67
-0.576,2.421
-0.597,-0.282
-0.631,-0.117
-0.691,1.195
-0.629,1.934
-0.704,2.909
-0.767,2.245
-0.805,2.952
-1.03,0.999
-1.052,2.71
-1.084,2.565
-0.973,0.006
-1.143,2.589
-1.013,1.998
-1.198,-0.32
-1.109,0.41
-1.168,-0.659
-1.259,0.2
-1.308,0.828
-1.328,1.139
-1.597,2.017
-1.479,0.288
-1.513,1.514
-1.539,1.836
-1.577,2.015
-1.622,2.609
-1.633,1.668
-1.765,2.963
-1.673,0.894
-2.025,2.686
-2.049,2.574
-1.96,1.004
-2.125,-0.168
-2.127,0.908
-2.212,2.005
-2.093,2.745
-2.258,0.376
-2.158,0.024
-2.303,2.617
-2.271,1.587
-2.478,1.502
-2.51,-0.204
-2.545,-0.196
-2.768,0.159
-2.787,0.721
-2.959,1.138
-2.977,2.001
-3.027,-0.052
-2.916,1.928
-3.065,0.661
-3.07,0.252
-3.097,0.744
3.039,1.195
2.975,0.001
2.871,0.672
2.824,1.183
2.798,0.356
2.786,-0.033
2.767,0.454
2.643,1.661
2.446,2.732
2.422,1.471
2.374,2.595
2.483,1.982
2.34,2.769
2.296,2.339
2.189,2.011
2.313,1.695
2.192,-0.077
2.157,1.111
1.917,0.473
1.884,1.052
1.76,0.984
1.84,2.512
1.665,1.988
1.512,-0.053
1.415,1.58
1.465,0.162
1.31,2.435
1.368,-0.071
1.169,-0.272
1.066,2.149
1.156,1.667
0.95,2.081
0.961,0.996
0.802,2.182
0.676,0.373
0.683,1.65
0.734,1.596
0.732,0.17
0.393,2.021
0.48,-0.583
0.299,1.296
0.324,0.817
0.101,2.463
-0.257,-1.151
-0.942,-0.952
-2.026,-1.056
-2.006,-0.938
-2.601,-0.974
-2.825,-1.055
2.624,-1.101
1.872,-1.221
1.424,-0.965
0.889,-1.027
-2.329,2.837
3.0,3.129
2.291,3.135
0.854,2.864
-0.045,0.02
-0.39,1.24
-1.089,0.019
-1.864,0.643
-2.086,0.024
-2.435,0.05
2.074,-0.005
1.46,1.258
-0.756,0.417
-2.732,1.476
1.617,0.669
1.302,-0.217
1.197,0.197
0.757,-0.212
0.559,-0.164
0.491,0.604
-1.047,0.558
-2.043,2.247
0.835,1.176
-0.613,-0.693
-0.923,-0.744
-1.435,-0.905
-2.81,-0.949
2.884,-0.791
2.555,-0.855
2.398,-0.935
2.341,-0.862
0.985,-0.924
0.798,-0.925
-0.927,-1.146
-2.754,-1.319
3.073,-1.18
2.372,-1.376
0.019,-3.169
-0.079,-1.678
-0.049,-2.532
-0.142,-2.874
-0.133,0.087
-0.138,-2.412
-0.065,-2.297
-0.266,-2.885
-0.25,0.088
-0.344,-2.992
-0.351,-2.634
-0.367,-0.058
-0.447,-1.987
-0.396,-1.736
-0.477,-0.386
-0.564,-2.5
-0.473,-1.775
-0.483,-3.314
-0.486,-0.919
-0.532,-2.023
-0.514,-1.043
-0.538,-2.822
-0.635,-0.576
-0.701,0.203
-0.636,-2.975
-0.793,0.129
-0.811,-2.707
-0.835,-1.872
-0.771,-2.617
-0.777,-2.451
-0.877,-2.474
-0.866,-1.487
-0.884,-1.143
-0.893,-2.003
-0.847,-0.025
-0.944,-3.394
-0.909,-0.645
-0.929,-2.302
-1.065,-0.457
-1.086,-2.182
-1.037,-0.991
-1.171,-2.028
-1.178,-1.173
-1.217,-1.426
-1.222,-2.255
-1.183,-1.4
-1.255,-0.438
-1.315,-1.626
-1.25,-1.763
-1.292,-1.333
-1.299,-1.93
-1.388,-0.242
-1.378,-1.344
-1.373,0.093
-1.441,0.073
-1.473,-3.148
-1.461,0.145
-1.467,0.242
-1.493,-3.143
-1.508,-1.926
-1.492,-2.243
-1.53,-2.241
-1.543,-2.592
-1.593,-2.715
-1.652,-1.732
-1.6,-2.548
-1.706,-1.868
-1.713,-3.017
-1.713,-2.948
-1.681,-3.45
-1.699,-3.493
-1.82,-0.953
-1.778,-1.648
-1.848,-2.921
-1.858,-1.814
-1.92,-2.677
-1.956,-1.106
-1.939,-1.133
-2.037,-1.531
-2.087,-0.791
-1.994,-2.419
-2.039,-2.258
-2.115,-2.863
-2.098,-2.669
-2.07,0.241
-2.122,-0.424
-2.081,-0.01
-2.152,-0.532
-2.198,-2.299
-2.135,-1.283
-2.284,-1.953
-2.295,-2.929
-2.297,-0.992
-2.338,-2.548
-2.276,0.124
-2.534,-2.371
-2.585,-2.263
-2.604,-2.067
-2.701,-2.806
-2.793,-1.613
-2.937,-1.606
-2.943,-2.737
-2.963,-3.157
-2.935,-0.328
-2.925,-0.429
-2.957,-2.843
-3.041,0.02
-3.028,-2.378
-3.044,-0.221
3.141,-2.795
-3.075,-2.427
-3.12,-2.313
3.087,-2.64
3.025,-0.563
2.986,-2.41
2.871,-2.064
2.83,-2.062
2.865,-0.114
2.807,-2.138
2.822,-1.392
2.77,-1.032
2.834,-0.28
2.74,-1.722
2.729,-1.761
2.804,-0.084
2.712,-2.968
2.761,-1.456
2.737,-2.818
2.642,-1.401
2.659,-0.039
2.492,-2.617
2.548,-0.504
2.54,-2.602
2.439,-0.434
2.446,-2.332
2.474,-0.425
2.403,-2.647
2.411,-0.555
2.356,-2.03
2.329,-2.47
2.373,0.133
2.378,0.015
2.352,-0.752
2.353,-1.866
2.251,-2.702
2.314,-0.501
2.185,-2.678
2.173,-1.546
2.172,-2.679
2.157,-0.646
2.175,-1.846
2.092,-1.218
2.125,-0.308
2.125,-1.811
2.056,-0.048
2.092,-2.093
2.078,-1.621
1.978,-2.932
1.97,-1.018
2.011,-1.928
1.915,-1.175
1.803,-1.653
1.625,-1.544
1.606,-1.788
1.663,-0.124
1.634,-2.643
1.635,-2.09
1.556,-0.353
1.548,-0.768
1.517,-0.518
1.582,-1.846
1.48,-2.334
1.492,-1.812
1.511,-1.844
1.424,-2.43
1.399,-2.989
1.424,-0.152
1.288,-1.777
1.198,-1.822
1.187,-0.822
1.11,-1.573
1.094,-3.45
1.098,-1.725
1.0,-2.665
0.994,-1.628
0.732,-3.472
0.791,-2.534
0.708,-1.241
0.706,-2.597
0.729,-1.407
0.737,-1.125
0.61,-3.372
0.645,-1.118
0.581,-0.989
0.536,-1.698
0.378,-0.142
0.282,-2.46
0.219,-0.248
0.234,-1.421
0.211,0.104
0.263,-0.984
0.169,-2.311
0.101,-3.915
0.001,-3.834
0.067,-3.815
-0.354,-3.76
-0.374,-3.845
-0.954,-3.76
-1.822,-3.737
2.636,-3.908
2.246,-3.965
1.598,-3.97
1.455,-3.74
1.288,-3.919
0.982,-4.006
0.863,-4.008
0.81,-3.88
0.418,-3.854
0.3,-3.938
-0.214,0.297
-0.96,0.384
-1.062,0.332
-1.281,0.392
-2.9,0.308
2.751,0.325
2.434,0.278
2.434,0.275
2.346,0.294
1.616,0.185
0.971,0.297
0.735,0.087
-0.386,-2.383
-1.04,-2.59
-1.303,-0.189
-1.871,-0.239
2.808,-3.417
-1.348,-3.8
0.063,-2.005
0.074,-1.584
0.04,-3.051
0.042,0.121
-0.165,-1.133
-0.118,-2.548
-0.313,-2.03
-0.216,-1.976
-0.362,-0.157
-0.254,-3.422
-0.407,0.106
-0.397,0.297
-0.428,-1.461
-0.33,-1.117
-0.485,-0.366
-0.506,-3.069
-0.54,-2.904
-0.6,-1.592
-0.538,-0.853
-0.613,0.122
-0.676,-0.542
-0.714,0.165
-0.939,-1.788
-0.961,-0.077
-0.993,-0.222
-0.882,-2.781
-1.052,-0.198
-0.922,-0.789
-1.107,-3.107
-1.018,-2.377
-1.077,-3.446
-1.168,-2.587
-1.217,-1.959
-1.237,-1.648
-1.506,-0.77
-1.388,-2.499
-1.422,-1.273
-1.448,-0.951
-1.486,-0.772
-1.531,-0.178
-1.542,-1.119
-1.674,0.176
-1.582,-1.893
-1.934,-0.101
-1.958,-0.213
-1.869,-1.783
-2.034,-2.955
-2.036,-1.879
-2.121,-0.782
-2.002,-0.042
-2.167,-2.411
-2.067,-2.763
-2.212,-0.17
-2.18,-1.2
-2.387,-1.285
-2.419,-2.991
-2.454,-2.983
-2.677,-2.628
-2.696,-2.066
-2.868,-1.649
-2.886,-0.786
-2.936,-2.839
-2.825,-0.859
-2.974,-2.126
-2.979,-2.535
-3.006,-2.043
3.13,-1.592
3.066,-2.786
2.962,-2.115
2.915,-1.604
2.889,-2.431
2.877,-2.82
2.858,-2.333
2.734,-1.126
2.537,-0.055
2.513,-1.316
2.465,-0.192
2.574,-0.805
2.431,-0.018
2.387,-0.448
2.28,-0.776
2.404,-1.092
2.283,-2.864
2.248,-1.676
2.008,-2.314
1.975,-1.735
1.851,-1.803
1.931,-0.275
1.756,-0.799
1.603,-2.84
1.506,-1.207
1.556,-2.625
1.401,-0.352
1.459,-2.858
1.26,-3.059
1.157,-0.638
1.247,-1.12
1.041,-0.706
1.052,-1.791
0.893,-0.605
0.767,-2.414
0.774,-1.137
0.825,-1.191
0.823,-2.617
0.484,-0.766
0.571,-3.37
0.39,-1.491
0.415,-1.97
0.192,-0.324
-0.166,-3.938
-0.851,-3.739
-1.935,-3.843
-1.915,-3.725
-2.51,-3.761
-2.734,-3.842
2.715,-3.888
1.963,-4.008
1.515,-3.752
0.98,-3.814
-2.238,0.05
3.091,0.342
2.382,0.348
0.945,0.077
0.046,-2.767
-0.299,-1.547
-0.998,-2.768
-1.773,-2.144
-1.995,-2.763
-2.344,-2.737
2.165,-2.792
1.551,-1.529
-0.665,-2.37
-2.641,-1.311
1.708,-2.118
1.393,-3.004
1.288,-2.59
0.848,-2.999
0.65,-2.951
0.582,-2.183
-0.956,-2.229
-1.952,-0.54
0.926,-1.611
-0.522,-3.48
-0.832,-3.531
-1.344,-3.692
-2.719,-3.736
2.975,-3.578
2.646,-3.642
2.489,-3.722
2.432,-3.649
1.076,-3.711
0.889,-3.712
-0.836,-3.933
-2.663,-4.106
-3.119,-3.967
2.463,-4.163
-0.098,1.491
-0.068,0.637
-0.161,0.295
-0.152,3.256
-0.157,0.757
-0.084,0.872
-0.285,0.284
-0.269,3.257
-0.363,0.177
-0.37,0.535
-0.386,3.111
-0.466,1.182
-0.415,1.433
-0.496,2.783
-0.583,0.669
-0.492,1.394
-0.502,-0.145
-0.505,2.25
-0.551,1.146
-0.533,2.126
-0.557,0.347
-0.654,2.593
-0.72,3.372
-0.655,0.194
-0.812,3.298
-0.83,0.462
-0.854,1.297
-0.79,0.552
-0.796,0.718
-0.896,0.695
-0.885,1.682
-0.903,2.026
-0.912,1.166
-0.866,3.144
-0.963,-0.225
-0.928,2.524
-0.948,0.867
-1.084,2.712
-1.105,0.987
-1.056,2.178
-1.19,1.141
-1.197,1.996
-1.236,1.743
-1.241,0.914
-1.202,1.769
-1.274,2.731
-1.334,1.543
-1.269,1.406
-1.311,1.836
-1.318,1.239
-1.407,2.927
-1.397,1.825
-1.392,3.262
-1.46,3.242
-1.492,0.021
-1.48,3.314
-1.486,3.411
-1.512,0.026
-1.527,1.243
-1.511,0.926
-1.549,0.928
-1.562,0.577
-1.612,0.454
-1.671,1.437
-1.619,0.621
-1.725,1.301
-1.732,0.152
-1.732,0.221
-1.7,-0.281
-1.718,-0.324
-1.839,2.216
-1.797,1.521
-1.867,0.248
-1.877,1.355
-1.939,0.492
-1.975,2.063
-1.958,2.036
-2.056,1.638
-2.106,2.378
-2.013,0.75
-2.058,0.911
-2.134,0.306
-2.117,0.5
-2.089,3.41
-2.141,2.745
-2.1,3.159
-2.171,2.637
-2.217,0.87
-2.154,1.886
-2.303,1.216
-2.314,0.24
-2.316,2.177
-2.357,0.621
-2.295,3.293
-2.553,0.798
-2.604,0.906
-2.623,1.102
-2.72,0.363
-2.812,1.556
-2.956,1.563
-2.962,0.432
-2.982,0.012
-2.954,2.841
-2.944,2.74
-2.976,0.326
-3.06,3.189
-3.047,0.791
-3.063,2.948
3.122,0.374
-3.094,0.742
-3.139,0.856
3.068,0.529
3.006,2.606
2.967,0.759
2.852,1.105
2.811,1.107
2.846,3.055
2.788,1.031
2.803,1.777
2.751,2.137
2.815,2.889
2.721,1.447
2.71,1.408
2.785,3.085
2.693,0.201
2.742,1.713
2.718,0.351
2.623,1.768
2.64,3.13
2.473,0.552
2.529,2.665
2.521,0.567
2.42,2.735
2.427,0.837
2.455,2.744
2.384,0.522
2.392,2.614
2.337,1.139
2.31,0.699
2.354,3.302
2.359,3.184
2.333,2.417
2.334,1.303
2.232,0.467
2.295,2.668
2.166,0.491
2.154,1.623
2.153,0.49
2.138,2.523
2.156,1.323
2.073,1.951
2.106,2.861
2.106,1.358
2.037,3.121
2.073,1.076
2.059,1.548
1.959,0.237
1.951,2.151
1.992,1.241
1.896,1.994
1.784,1.516
1.606,1.625
1.587,1.381
1.644,3.045
1.615,0.526
1.616,1.079
1.537,2.816
1.529,2.401
1.498,2.651
1.563,1.323
1.461,0.835
1.473,1.357
1.492,1.325
1.405,0.739
1.38,0.18
1.405,3.017
1.269,1.392
1.179,1.347
1.168,2.347
1.091,1.596
1.075,-0.281
1.079,1.444
0.981,0.504
0.975,1.541
0.713,-0.303
0.772,0.635
0.689,1.928
0.687,0.572
0.71,1.762
0.718,2.044
0.591,-0.203
0.626,2.051
0.562,2.18
0.517,1.471
0.359,3.027
0.263,0.709
0.2,2.921
0.215,1.748
0.192,3.273
0.244,2.185
0.15,0.858
0.082,-0.746
-0.018,-0.665
0.048,-0.646
-0.373,-0.591
-0.393,-0.676
-0.973,-0.591
-1.841,-0.568
2.617,-0.739
2.227,-0.796
1.579,-0.801
1.436,-0.571
1.269,-0.75
0.963,-0.837
0.844,-0.839
0.791,-0.711
0.399,-0.685
0.281,-0.769
-0.233,3.466
-0.979,3.553
-1.081,3.501
-1.3,3.561
-2.919,3.477
2.732,3.494
2.415,3.447
2.415,3.444
2.327,3.463
1.597,3.354
0.952,3.466
0.716,3.256
-0.405,0.786
-1.059,0.579
-1.322,2.98
-1.89,2.93
2.789,-0.248
-1.367,-0.631
0.044,1.164
0.055,1.585
0.021,0.118
0.023,3.29
-0.184,2.036
-0.137,0.621
-0.332,1.139
-0.235,1.193
-0.381,3.012
-0.273,-0.253
-0.426,3.275
-0.416,3.466
-0.447,1.708
-0.349,2.052
-0.504,2.803
-0.525,0.1
-0.559,0.265
-0.619,1.577
-0.557,2.316
-0.632,3.291
-0.695,2.627
-0.733,3.334
-0.958,1.381
-0.98,3.092
-1.012,2.947
-0.901,0.388
-1.071,2.971
-0.941,2.38
-1.126,0.062
-1.037,0.792
-1.096,-0.277
-1.187,0.582
-1.236,1.21
-1.256,1.521
-1.525,2.399
-1.407,0.67
-1.441,1.896
-1.467,2.218
-1.505,2.397
-1.55,2.991
-1.561,2.05
-1.693,3.345
-1.601,1.276
-1.953,3.068
-1.977,2.956
-1.888,1.386
-2.053,0.214
-2.055,1.29
-2.14,2.387
-2.021,3.127
-2.186,0.758
-2.086,0.406
-2.231,2.999
-2.199,1.969
-2.406,1.884
-2.438,0.178
-2.473,0.186
-2.696,0.541
-2.715,1.103
-2.887,1.52
-2.905,2.383
-2.955,0.33
-2.844,2.31
-2.993,1.043
-2.998,0.634
-3.025,1.126
3.111,1.577
3.047,0.383
2.943,1.054
2.896,1.565
2.87,0.738
2.858,0.349
2.839,0.836
2.715,2.043
2.518,3.114
2.494,1.853
2.446,2.977
2.555,2.364
2.412,3.151
2.368,2.721
2.261,2.393
2.385,2.077
2.264,0.305
2.229,1.493
1.989,0.855
1.956,1.434
1.832,1.366
1.912,2.894
1.737,2.37
1.584,0.329
1.487,1.962
1.537,0.544
1.382,2.817
1.44,0.311
1.241,0.11
1.138,2.531
1.228,2.049
1.022,2.463
1.033,1.378
0.874,2.564
0.748,0.755
0.755,2.032
0.806,1.978
0.804,0.552
0.465,2.403
0.552,-0.201
0.371,1.678
0.396,1.199
0.173,2.845
-0.185,-0.769
-0.87,-0.57
-1.954,-0.674
-1.934,-0.556
-2.529,-0.592
-2.753,-0.673
2.696,-0.719
1.944,-0.839
1.496,-0.583
0.961,-0.645
-2.257,3.219
3.072,3.511
2.363,3.517
0.926,3.246
0.027,0.402
-0.318,1.622
-1.017,0.401
-1.792,1.025
-2.014,0.406
-2.363,0.432
2.146,0.377
1.532,1.64
-0.684,0.799
-2.66,1.858
1.689,1.051
1.374,0.165
1.269,0.579
0.829,0.17
0.631,0.218
0.563,0.986
-0.975,0.94
-1.971,2.629
0.907,1.558
-0.541,-0.311
-0.851,-0.362
-1.363,-0.523
-2.738,-0.567
2.956,-0.409
2.627,-0.473
2.47,-0.553
2.413,-0.48
1.057,-0.542
0.87,-0.543
-0.855,-0.764
-2.682,-0.937
-3.138,-0.798
2.444,-0.994
0.03,-0.854
-0.063,-1.196
-0.054,1.765
-0.059,-0.734
0.014,-0.619
-0.187,-1.207
-0.171,1.766
-0.265,-1.314
-0.272,-0.956
-0.288,1.62
-0.368,-0.309
-0.317,-0.058
-0.398,1.292
-0.485,-0.822
-0.394,-0.097
-0.404,-1.636
-0.407,0.759
-0.453,-0.345
-0.435,0.635
-0.459,-1.144
-0.556,1.102
-0.622,1.881
-0.557,-1.297
-0.714,1.807
-0.732,-1.029
-0.756,-0.194
-0.692,-0.939
-0.698,-0.773
-0.798,-0.796
-0.787,0.191
-0.805,0.535
-0.814,-0.325
-0.768,1.653
-0.865,-1.716
-0.83,1.033
-0.85,-0.624
-0.986,1.221
-1.007,-0.504
-0.958,0.687
-1.092,-0.35
-1.099,0.505
-1.138,0.252
-1.143,-0.577
-1.104,0.278
-1.176,1.24
-1.236,0.052
-1.171,-0.085
-1.213,0.345
-1.22,-0.252
-1.309,1.436
-1.299,0.334
-1.294,1.771
-1.362,1.751
-1.394,-1.47
-1.382,1.823
-1.388,1.92
-1.414,-1.465
-1.429,-0.248
-1.413,-0.565
-1.451,-0.563
-1.464,-0.914
-1.514,-1.037
-1.573,-0.054
-1.521,-0.87
-1.627,-0.19
-1.634,-1.339
-1.634,-1.27
-1.602,-1.772
-1.62,-1.815
-1.741,0.725
-1.699,0.03
-1.769,-1.243
-1.779,-0.136
-1.841,-0.999
-1.877,0.572
-1.86,0.545
-1.958,0.147
-2.008,0.887
-1.915,-0.741
-1.96,-0.58
-2.036,-1.185
-2.019,-0.991
-1.991,1.919
-2.043,1.254
-2.002,1.668
-2.073,1.146
-2.119,-0.621
-2.056,0.395
-2.205,-0.275
-2.216,-1.251
-2.218,0.686
-2.259,-0.87
-2.197,1.802
-2.455,-0.693
-2.506,-0.585
-2.525,-0.389
-2.622,-1.128
-2.714,0.065
-2.858,0.072
-2.864,-1.059
-2.884,-1.479
-2.856,1.35
-2.846,1.249
-2.878,-1.165
-2.962,1.698
-2.949,-0.7
-2.965,1.457
-3.063,-1.117
-2.996,-0.749
-3.041,-0.635
-3.117,-0.962
3.104,1.115
3.065,-0.732
2.95,-0.386
2.909,-0.384
2.944,1.564
2.886,-0.46
2.901,0.286
2.849,0.646
2.913,1.398
2.819,-0.044
2.808,-0.083
2.883,1.594
2.791,-1.29
2.84,0.222
2.816,-1.14
2.721,0.277
2.738,1.639
2.571,-0.939
2.627,1.174
2.619,-0.924
2.518,1.244
2.525,-0.654
2.553,1.253
2.482,-0.969
2.49,1.123
2.435,-0.352
2.408,-0.792
2.452,1.811
2.457,1.693
2.431,0.926
2.432,-0.188
2.33,-1.024
2.393,1.177
2.264,-1.0
2.252,0.132
2.251,-1.001
2.236,1.032
2.254,-0.168
2.171,0.46
2.204,1.37
2.204,-0.133
2.135,1.63
2.171,-0.415
2.157,0.057
2.057,-1.254
2.049,0.66
2.09,-0.25
1.994,0.503
1.882,0.025
1.704,0.134
1.685,-0.11
1.742,1.554
1.713,-0.965
1.714,-0.412
1.635,1.325
1.627,0.91
1.596,1.16
1.661,-0.168
1.559,-0.656
1.571,-0.134
1.59,-0.166
1.503,-0.752
1.478,-1.311
1.503,1.526
1.367,-0.099
1.277,-0.144
1.266,0.856
1.189,0.105
1.173,-1.772
1.177,-0.047
1.079,-0.987
1.073,0.05
0.811,-1.794
0.87,-0.856
0.787,0.437
0.785,-0.919
0.808,0.271
0.816,0.553
0.689,-1.694
0.724,0.56
0.66,0.689
0.615,-0.02
0.457,1.536
0.361,-0.782
0.298,1.43
0.313,0.257
0.29,1.782
0.342,0.694
0.248,-0.633
0.18,-2.237
0.08,-2.156
0.146,-2.137
-0.275,-2.082
-0.295,-2.167
-0.875,-2.082
-1.743,-2.059
2.715,-2.23
2.325,-2.287
1.677,-2.292
1.534,-2.062
1.367,-2.241
1.061,-2.328
0.942,-2.33
0.889,-2.202
0.497,-2.176
0.379,-2.26
-0.135,1.975
-0.881,2.062
-0.983,2.01
-1.202,2.07
-2.821,1.986
2.83,2.003
2.513,1.956
2.513,1.953
2.425,1.972
1.695,1.863
1.05,1.975
0.814,1.765
-0.307,-0.705
-0.961,-0.912
-1.224,1.489
-1.792,1.439
2.887,-1.739
-1.269,-2.122
0.142,-0.327
0.153,0.094
0.119,-1.373
0.121,1.799
-0.086,0.545
-0.039,-0.87
-0.234,-0.352
-0.137,-0.298
-0.283,1.521
-0.175,-1.744
-0.328,1.784
-0.318,1.975
-0.349,0.217
-0.251,0.561
-0.406,1.312
-0.427,-1.391
-0.461,-1.226
-0.521,0.086
-0.459,0.825
-0.534,1.8
-0.597,1.136
-0.635,1.843
-0.86,-0.11
-0.882,1.601
-0.914,1.456
-0.803,-1.103
-0.973,1.48
-0.843,0.889
-1.028,-1.429
-0.939,-0.699
-0.998,-1.768
-1.089,-0.909
-1.138,-0.281
-1.158,0.03
-1.427,0.908
-1.309,-0.821
-1.343,0.405
-1.369,0.727
-1.407,0.906
-1.452,1.5
-1.463,0.559
-1.595,1.854
-1.503,-0.215
-1.855,1.577
-1.879,1.465
-1.79,-0.105
-1.955,-1.277
-1.957,-0.201
-2.042,0.896
-1.923,1.636
-2.088,-0.733
-1.988,-1.085
-2.133,1.508
-2.101,0.478
-2.308,0.393
-2.34,-1.313
-2.375,-1.305
-2.598,-0.95
-2.617,-0.388
-2.789,0.029
-2.807,0.892
-2.857,-1.161
-2.746,0.819
-2.895,-0.448
-2.9,-0.857
-2.927,-0.365
-3.074,0.086
-3.138,-1.108
3.041,-0.437
2.994,0.074
2.968,-0.753
2.956,-1.142
2.937,-0.655
2.813,0.552
2.616,1.623
2.592,0.362
2.544,1.486
2.653,0.873
2.51,1.66
2.466,1.23
2.359,0.902
2.483,0.586
2.362,-1.186
2.327,0.002
2.087,-0.636
2.054,-0.057
1.93,-0.125
2.01,1.403
1.835,0.879
1.682,-1.162
1.585,0.471
1.635,-0.947
1.48,1.326
1.538,-1.18
1.339,-1.381
1.236,1.04
1.326,0.558
1.12,0.972
1.131,-0.113
0.972,1.073
0.846,-0.736
0.853,0.541
0.904,0.487
0.902,-0.939
0.563,0.912
0.65,-1.692
0.469,0.187
0.494,-0.292
0.271,1.354
-0.087,-2.26
-0.772,-2.061
-1.856,-2.165
-1.836,-2.047
-2.431,-2.083
-2.655,-2.164
2.794,-2.21
2.042,-2.33
1.594,-2.074
1.059,-2.136
-2.159,1.728
-3.113,2.02
2.461,2.026
1.024,1.755
0.125,-1.089
-0.22,0.131
-0.919,-1.09
-1.694,-0.466
-1.916,-1.085
-2.265,-1.059
2.244,-1.114
1.63,0.149
-0.586,-0.692
-2.562,0.367
1.787,-0.44
1.472,-1.326
1.367,-0.912
0.927,-1.321
0.729,-1.273
0.661,-0.505
-0.877,-0.551
-1.873,1.138
1.005,0.067
-0.443,-1.802
-0.753,-1.853
-1.265,-2.014
-2.64,-2.058
3.054,-1.9
2.725,-1.964
2.568,-2.044
2.511,-1.971
1.155,-2.033
0.968,-2.034
-0.757,-2.255
-2.584,-2.428
-3.04,-2.289
2.542,-2.485
-0.093,-0.342
-0.084,2.619
-0.089,0.12
-0.016,0.235
-0.217,-0.353
-0.201,2.62
-0.295,-0.46
-0.302,-0.102
-0.318,2.474
-0.398,0.545
-0.347,0.796
-0.428,2.146
-0.515,0.032
-0.424,0.757
-0.434,-0.782
-0.437,1.613
-0.483,0.509
-0.465,1.489
-0.489,-0.29
-0.586,1.956
-0.652,2.735
-0.587,-0.443
-0.744,2.661
-0.762,-0.175
-0.786,0.66
-0.722,-0.085
-0.728,0.081
-0.828,0.058
-0.817,1.045
-0.835,1.389
-0.844,0.529
-0.798,2.507
-0.895,-0.862
-0.86,1.887
-0.88,0.23
-1.016,2.075
-1.037,0.35
-0.988,1.541
-1.122,0.504
-1.129,1.359
-1.168,1.106
-1.173,0.277
-1.134,1.132
-1.206,2.094
-1.266,0.906
-1.201,0.769
-1.243,1.199
-1.25,0.602
-1.339,2.29
-1.329,1.188
-1.324,2.625
-1.392,2.605
-1.424,-0.616
-1.412,2.677
-1.418,2.774
-1.444,-0.611
-1.459,0.606
-1.443,0.289
-1.481,0.291
-1.494,-0.06
-1.544,-0.183
-1.603,0.8
-1.551,-0.016
-1.657,0.664
-1.664,-0.485
-1.664,-0.416
-1.632,-0.918
-1.65,-0.961
-1.771,1.579
-1.729,0.884
-1.799,-0.389
-1.809,0.718
-1.871,-0.145
-1.907,1.426
-1.89,1.399
-1.988,1.001
-2.038,1.741
-1.945,0.113
-1.99,0.274
-2.066,-0.331
-2.049,-0.137
-2.021,2.773
-2.073,2.108
-2.032,2.522
-2.103,2.0
-2.149,0.233
-2.086,1.249
-2.235,0.579
-2.246,-0.397
-2.248,1.54
-2.289,-0.016
-2.227,2.656
-2.485,0.161
-2.536,0.269
-2.555,0.465
-2.652,-0.274
-2.744,0.919
-2.888,0.926
-2.894,-0.205
-2.914,-0.625
-2.886,2.204
-2.876,2.103
-2.908,-0.311
-2.992,2.552
-2.979,0.154
-2.995,2.311
-3.093,-0.263
-3.026,0.105
-3.071,0.219
3.136,-0.108
3.074,1.969
3.035,0.122
2.92,0.468
2.879,0.47
2.914,2.418
2.856,0.394
2.871,1.14
2.819,1.5
2.883,2.252
2.789,0.81
2.778,0.771
2.853,2.448
2.761,-0.436
2.81,1.076
2.786,-0.286
2.691,1.131
2.708,2.493
2.541,-0.085
2.597,2.028
2.589,-0.07
2.488,2.098
2.495,0.2
2.523,2.107
2.452,-0.115
2.46,1.977
2.405,0.502
2.378,0.062
2.422,2.665
2.427,2.547
2.401,1.78
2.402,0.666
2.3,-0.17
2.363,2.031
2.234,-0.146
2.222,0.986
2.221,-0.147
2.206,1.886
2.224,0.686
2.141,1.314
2.174,2.224
2.174,0.721
2.105,2.484
2.141,0.439
2.127,0.911
2.027,-0.4
2.019,1.514
2.06,0.604
1.964,1.357
1.852,0.879
1.674,0.988
1.655,0.744
1.712,2.408
1.683,-0.111
1.684,0.442
1.605,2.179
1.597,1.764
1.566,2.014
1.631,0.686
1.529,0.198
1.541,0.72
1.56,0.688
1.473,0.102
1.448,-0.457
1.473,2.38
1.337,0.755
1.247,0.71
1.236,1.71
1.159,0.959
1.143,-0.918
1.147,0.807
1.049,-0.133
1.043,0.904
0.781,-0.94
0.84,-0.002
0.757,1.291
0.755,-0.065
0.778,1.125
0.786,1.407
0.659,-0.84
0.694,1.414
0.63,1.543
0.585,0.834
0.427,2.39
0.331,0.072
0.268,2.284
0.283,1.111
0.26,2.636
0.312,1.548
0.218,0.221
0.15,-1.383
0.05,-1.302
0.116,-1.283
-0.305,-1.228
-0.325,-1.313
-0.905,-1.228
-1.773,-1.205
2.685,-1.376
2.295,-1.433
1.647,-1.438
1.504,-1.208
1.337,-1.387
1.031,-1.474
0.912,-1.476
0.859,-1.348
0.467,-1.322
0.349,-1.406
-0.165,2.829
-0.911,2.916
-1.013,2.864
-1.232,2.924
-2.851,2.84
2.8,2.857
2.483,2.81
2.483,2.807
2.395,2.826
1.665,2.717
1.02,2.829
0.784,2.619
-0.337,0.149
-0.991,-0.058
-1.254,2.343
-1.822,2.293
2.857,-0.885
-1.299,-1.268
0.112,0.527
0.123,0.948
0.089,-0.519
0.091,2.653
-0.116,1.399
-0.069,-0.016
-0.264,0.502
-0.167,0.556
-0.313,2.375
-0.205,-0.89
-0.358,2.638
-0.348,2.829
-0.379,1.071
-0.281,1.415
-0.436,2.166
-0.457,-0.537
-0.491,-0.372
-0.551,0.94
-0.489,1.679
-0.564,2.654
-0.627,1.99
-0.665,2.697
-0.89,0.744
-0.912,2.455
-0.944,2.31
-0.833,-0.249
-1.003,2.334
-0.873,1.743
-1.058,-0.575
-0.969,0.155
-1.028,-0.914
-1.119,-0.055
-1.168,0.573
-1.188,0.884
-1.457,1.762
-1.339,0.033
-1.373,1.259
-1.399,1.581
-1.437,1.76
-1.482,2.354
-1.493,1.413
-1.625,2.708
-1.533,0.639
-1.885,2.431
-1.909,2.319
-1.82,0.749
-1.985,-0.423
-1.987,0.653
-2.072,1.75
-1.953,2.49
-2.118,0.121
-2.018,-0.231
-2.163,2.362
-2.131,1.332
-2.338,1.247
-2.37,-0.459
-2.405,-0.451
-2.628,-0.096
-2.647,0.466
-2.819,0.883
-2.837,1.746
-2.887,-0.307
-2.776,1.673
-2.925,0.406
-2.93,-0.003
-2.957,0.489
-3.104,0.94
3.115,-0.254
3.011,0.417
2.964,0.928
2.938,0.101
2.926,-0.288
2.907,0.199
2.783,1.406
2.586,2.477
2.562,1.216
2.514,2.34
2.623,1.727
2.48,2.514
2.436,2.084
2.329,1.756
2.453,1.44
2.332,-0.332
2.297,0.856
2.057,0.218
2.024,0.797
1.9,0.729
1.98,2.257
1.805,1.733
1.652,-0.308
1.555,1.325
1.605,-0.093
1.45,2.18
1.508,-0.326
1.309,-0.527
1.206,1.894
1.296,1.412
1.09,1.826
1.101,0.741
0.942,1.927
0.816,0.118
0.823,1.395
0.874,1.341
0.872,-0.085
0.533,1.766
0.62,-0.838
0.439,1.041
0.464,0.562
0.241,2.208
-0.117,-1.406
-0.802,-1.207
-1.886,-1.311
-1.866,-1.193
-2.461,-1.229
-2.685,-1.31
2.764,-1.356
2.012,-1.476
1.564,-1.22
1.029,-1.282
-2.189,2.582
3.14,2.874
2.431,2.88
0.994,2.609
0.095,-0.235
-0.25,0.985
-0.949,-0.236
-1.724,0.388
-1.946,-0.231
-2.295,-0.205
2.214,-0.26
1.6,1.003
-0.616,0.162
-2.592,1.221
1.757,0.414
1.442,-0.472
1.337,-0.058
0.897,-0.467
0.699,-0.419
0.631,0.349
-0.907,0.303
-1.903,1.992
0.975,0.921
-0.473,-0.948
-0.783,-0.999
-1.295,-1.16
-2.67,-1.204
3.024,-1.046
2.695,-1.11
2.538,-1.19
2.481,-1.117
1.125,-1.179
0.938,-1.18
-0.787,-1.401
-2.614,-1.574
-3.07,-1.435
2.512,-1.631
0.009,2.961
0.004,0.462
0.077,0.577
-0.124,-0.011
-0.108,2.962
-0.202,-0.118
-0.209,0.24
-0.225,2.816
-0.305,0.887
-0.254,1.138
-0.335,2.488
-0.422,0.374
-0.331,1.099
-0.341,-0.44
-0.344,1.955
-0.39,0.851
-0.372,1.831
-0.396,0.052
-0.493,2.298
-0.559,3.077
-0.494,-0.101
-0.651,3.003
-0.669,0.167
-0.693,1.002
-0.629,0.257
-0.635,0.423
-0.735,0.4
-0.724,1.387
-0.742,1.731
-0.751,0.871
-0.705,2.849
-0.802,-0.52
-0.767,2.229
-0.787,0.572
-0.923,2.417
-0.944,0.692
-0.895,1.883
-1.029,0.846
-1.036,1.701
-1.075,1.448
-1.08,0.619
-1.041,1.474
-1.113,2.436
-1.173,1.248
-1.108,1.111
-1.15,1.541
-1.157,0.944
-1.246,2.632
-1.236,1.53
-1.231,2.967
-1.299,2.947
-1.331,-0.274
-1.319,3.019
-1.325,3.116
-1.351,-0.269
-1.366,0.948
-1.35,0.631
-1.388,0.633
-1.401,0.282
-1.451,0.159
-1.51,1.142
-1.458,0.326
-1.564,1.006
-1.571,-0.143
-1.571,-0.074
-1.539,-0.576
-1.557,-0.619
-1.678,1.921
-1.636,1.226
-1.706,-0.047
-1.716,1.06
-1.778,0.197
-1.814,1.768
-1.797,1.741
-1.895,1.343
-1.945,2.083
-1.852,0.455
-1.897,0.616
-1.973,0.011
-1.956,0.205
-1.928,3.115
-1.98,2.45
-1.939,2.864
-2.01,2.342
-2.056,0.575
-1.993,1.591
-2.142,0.921
-2.153,-0.055
-2.155,1.882
-2.196,0.326
-2.134,2.998
-2.392,0.503
-2.443,0.611
-2.462,0.807
-2.559,0.068
-2.651,1.261
-2.795,1.268
-2.801,0.137
-2.821,-0.283
-2.793,2.546
-2.783,2.445
-2.815,0.031
-2.899,2.894
-2.886,0.496
-2.902,2.653
-3.0,0.079
-2.933,0.447
-2.978,0.561
-3.054,0.234
-3.116,2.311
3.128,0.464
3.013,0.81
2.972,0.812
3.007,2.76
2.949,0.736
2.964,1.482
2.912,1.842
2.976,2.594
2.882,1.152
2.871,1.113
2.946,2.79
2.854,-0.094
2.903,1.418
2.879,0.056
2.784,1.473
2.801,2.835
2.634,0.257
2.69,2.37
2.682,0.272
2.581,2.44
2.588,0.542
2.616,2.449
2.545,0.227
2.553,2.319
2.498,0.844
2.471,0.404
2.515,3.007
2.52,2.889
2.494,2.122
2.495,1.008
2.393,0.172
2.456,2.373
2.327,0.196
2.315,1.328
2.314,0.195
2.299,2.228
2.317,1.028
2.234,1.656
2.267,2.566
2.267,1.063
2.198,2.826
2.234,0.781
2.22,1.253
2.12,-0.058
2.112,1.856
2.153,0.946
2.057,1.699
1.945,1.221
1.767,1.33
1.748,1.086
1.805,2.75
1.776,0.231
1.777,0.784
1.698,2.521
1.69,2.106
1.659,2.356
1.724,1.028
1.622,0.54
1.634,1.062
1.653,1.03
1.566,0.444
1.541,-0.115
1.566,2.722
1.43,1.097
1.34,1.052
1.329,2.052
1.252,1.301
1.236,-0.576
1.24,1.149
1.142,0.209
1.136,1.246
0.874,-0.598
0.933,0.34
0.85,1.633
0.848,0.277
0.871,1.467
0.879,1.749
0.752,-0.498
0.787,1.756
0.723,1.885
0.678,1.176
0.52,2.732
0.424,0.414
0.361,2.626
0.376,1.453
0.353,2.978
0.405,1.89
0.311,0.563
0.243,-1.041
0.143,-0.96
0.209,-0.941
-0.212,-0.886
-0.232,-0.971
-0.812,-0.886
-1.68,-0.863
2.778,-1.034
2.388,-1.091
1.74,-1.096
1.597,-0.866
1.43,-1.045
1.124,-1.132
1.005,-1.134
0.952,-1.006
0.56,-0.98
0.442,-1.064
-0.072,3.171
-0.818,3.258
-0.92,3.206
-1.139,3.266
-2.758,3.182
2.893,3.199
2.576,3.152
2.576,3.149
2.488,3.168
1.758,3.059
1.113,3.171
0.877,2.961
-0.244,0.491
-0.898,0.284
-1.161,2.685
-1.729,2.635
2.95,-0.543
-1.206,-0.926
0.205,0.869
0.216,1.29
0.182,-0.177
0.184,2.995
-0.023,1.741
0.024,0.326
-0.171,0.844
-0.074,0.898
-0.22,2.717
-0.112,-0.548
-0.265,2.98
-0.255,3.171
-0.286,1.413
-0.188,1.757
-0.343,2.508
-0.364,-0.195
-0.398,-0.03
-0.458,1.282
-0.396,2.021
-0.471,2.996
-0.534,2.332
-0.572,3.039
-0.797,1.086
-0.819,2.797
-0.851,2.652
-0.74,0.093
-0.91,2.676
-0.78,2.085
-0.965,-0.233
-0.876,0.497
-0.935,-0.572
-1.026,0.287
-1.075,0.915
-1.095,1.226
-1.364,2.104
-1.246,0.375
-1.28,1.601
-1.306,1.923
-1.344,2.102
-1.389,2.696
-1.4,1.755
-1.532,3.05
-1.44,0.981
-1.792,2.773
-1.816,2.661
-1.727,1.091
-1.892,-0.081
-1.894,0.995
-1.979,2.092
-1.86,2.832
-2.025,0.463
-1.925,0.111
-2.07,2.704
-2.038,1.674
-2.245,1.589
-2.277,-0.117
-2.312,-0.109
-2.535,0.246
-2.554,0.808
-2.726,1.225
-2.744,2.088
-2.794,0.035
-2.683,2.015
-2.832,0.748
-2.837,0.339
-2.864,0.831
-3.011,1.282
-3.075,0.088
3.104,0.759
3.057,1.27
3.031,0.443
3.019,0.054
3.0,0.541
2.876,1.748
2.679,2.819
2.655,1.558
2.607,2.682
2.716,2.069
2.573,2.856
2.529,2.426
2.422,2.098
2.546,1.782
2.425,0.01
2.39,1.198
2.15,0.56
2.117,1.139
1.993,1.071
2.073,2.599
1.898,2.075
1.745,0.034
1.648,1.667
1.698,0.249
1.543,2.522
1.601,0.016
1.402,-0.185
1.299,2.236
1.389,1.754
1.183,2.168
1.194,1.083
1.035,2.269
0.909,0.46
0.916,1.737
0.967,1.683
0.965,0.257
0.626,2.108
0.713,-0.496
0.532,1.383
0.557,0.904
0.334,2.55
-0.024,-1.064
-0.709,-0.865
-1.793,-0.969
-1.773,-0.851
-2.368,-0.887
-2.592,-0.968
2.857,-1.014
2.105,-1.134
1.657,-0.878
1.122,-0.94
-2.096,2.924
-3.05,3.216
2.524,3.222
1.087,2.951
0.188,0.107
-0.157,1.327
-0.856,0.106
-1.631,0.73
-1.853,0.111
-2.202,0.137
2.307,0.082
1.693,1.345
-0.523,0.504
-2.499,1.563
1.85,0.756
1.535,-0.13
1.43,0.284
0.99,-0.125
0.792,-0.077
0.724,0.691
-0.814,0.645
-1.81,2.334
1.068,1.263
-0.38,-0.606
-0.69,-0.657
-1.202,-0.818
-2.577,-0.862
3.117,-0.704
2.788,-0.768
2.631,-0.848
2.574,-0.775
1.218,-0.837
1.031,-0.838
-0.694,-1.059
-2.521,-1.232
-2.977,-1.093
2.605,-1.289
-0.005,-2.499
0.068,-2.384
-0.133,-2.972
-0.117,0.001
-0.211,-3.079
-0.218,-2.721
-0.234,-0.145
-0.314,-2.074
-0.263,-1.823
-0.344,-0.473
-0.431,-2.587
-0.34,-1.862
-0.35,-3.401
-0.353,-1.006
-0.399,-2.11
-0.381,-1.13
-0.405,-2.909
-0.502,-0.663
-0.568,0.116
-0.503,-3.062
-0.66,0.042
-0.678,-2.794
-0.702,-1.959
-0.638,-2.704
-0.644,-2.538
-0.744,-2.561
-0.733,-1.574
-0.751,-1.23
-0.76,-2.09
-0.714,-0.112
-0.811,-3.481
-0.776,-0.732
-0.796,-2.389
-0.932,-0.544
-0.953,-2.269
-0.904,-1.078
-1.038,-2.115
-1.045,-1.26
-1.084,-1.513
-1.089,-2.342
-1.05,-1.487
-1.122,-0.525
-1.182,-1.713
-1.117,-1.85
-1.159,-1.42
-1.166,-2.017
-1.255,-0.329
-1.245,-1.431
-1.24,0.006
-1.308,-0.014
-1.34,-3.235
-1.328,0.058
-1.334,0.155
-1.36,-3.23
-1.375,-2.013
-1.359,-2.33
-1.397,-2.328
-1.41,-2.679
-1.46,-2.802
-1.519,-1.819
-1.467,-2.635
-1.573,-1.955
-1.58,-3.104
-1.58,-3.035
-1.548,-3.537
-1.566,-3.58
-1.687,-1.04
-1.645,-1.735
-1.715,-3.008
-1.725,-1.901
-1.787,-2.764
-1.823,-1.193
-1.806,-1.22
-1.904,-1.618
-1.954,-0.878
-1.861,-2.506
-1.906,-2.345
-1.982,-2.95
-1.965,-2.756
-1.937,0.154
-1.989,-0.511
-1.948,-0.097
-2.019,-0.619
-2.065,-2.386
-2.002,-1.37
-2.151,-2.04
-2.162,-3.016
-2.164,-1.079
-2.205,-2.635
-2.143,0.037
-2.401,-2.458
-2.452,-2.35
-2.471,-2.154
-2.568,-2.893
-2.66,-1.7
-2.804,-1.693
-2.81,-2.824
-2.83,-3.244
-2.802,-0.415
-2.792,-0.516
-2.824,-2.93
-2.908,-0.067
-2.895,-2.465
-2.911,-0.308
-3.009,-2.882
-2.942,-2.514
-2.987,-2.4
-3.063,-2.727
-3.125,-0.65
3.119,-2.497
3.004,-2.151
2.963,-2.149
2.998,-0.201
2.94,-2.225
2.955,-1.479
2.903,-1.119
2.967,-0.367
2.873,-1.809
2.862,-1.848
2.937,-0.171
2.845,-3.055
2.894,-1.543
2.87,-2.905
2.775,-1.488
2.792,-0.126
2.625,-2.704
2.681,-0.591
2.673,-2.689
2.572,-0.521
2.579,-2.419
2.607,-0.512
2.536,-2.734
2.544,-0.642
2.489,-2.117
2.462,-2.557
2.506,0.046
2.511,-0.072
2.485,-0.839
2.486,-1.953
2.384,-2.789
2.447,-0.588
2.318,-2.765
2.306,-1.633
2.305,-2.766
2.29,-0.733
2.308,-1.933
2.225,-1.305
2.258,-0.395
2.258,-1.898
2.189,-0.135
2.225,-2.18
2.211,-1.708
2.111,-3.019
2.103,-1.105
2.144,-2.015
2.048,-1.262
1.936,-1.74
1.758,-1.631
1.739,-1.875
1.796,-0.211
1.767,-2.73
1.768,-2.177
1.689,-0.44
1.681,-0.855
1.65,-0.605
1.715,-1.933
1.613,-2.421
1.625,-1.899
1.644,-1.931
1.557,-2.517
1.532,-3.076
1.557,-0.239
1.421,-1.864
1.331,-1.909
1.32,-0.909
1.243,-1.66
1.227,-3.537
1.231,-1.812
1.133,-2.752
1.127,-1.715
0.865,-3.559
0.924,-2.621
0.841,-1.328
0.839,-2.684
0.862,-1.494
0.87,-1.212
0.743,-3.459
0.778,-1.205
0.714,-1.076
0.669,-1.785
0.511,-0.229
0.415,-2.547
0.352,-0.335
0.367,-1.508
0.344,0.017
0.396,-1.071
0.302,-2.398
0.234,-4.002
0.134,-3.921
0.2,-3.902
-0.221,-3.847
-0.241,-3.932
-0.821,-3.847
-1.689,-3.824
2.769,-3.995
2.379,-4.052
1.731,-4.057
1.588,-3.827
1.421,-4.006
1.115,-4.093
0.996,-4.095
0.943,-3.967
0.551,-3.941
0.433,-4.025
-0.081,0.21
-0.827,0.297
-0.929,0.245
-1.148,0.305
-2.767,0.221
2.884,0.238
2.567,0.191
2.567,0.188
2.479,0.207
1.749,0.098
1.104,0.21
0.868,0.0
-0.253,-2.47
-0.907,-2.677
-1.17,-0.276
-1.738,-0.326
2.941,-3.504
-1.215,-3.887
0.196,-2.092
0.207,-1.671
0.173,-3.138
0.175,0.034
-0.032,-1.22
0.015,-2.635
-0.18,-2.117
-0.083,-2.063
-0.229,-0.244
-0.121,-3.509
-0.274,0.019
-0.264,0.21
-0.295,-1.548
-0.197,-1.204
-0.352,-0.453
-0.373,-3.156
-0.407,-2.991
-0.467,-1.679
-0.405,-0.94
-0.48,0.035
-0.543,-0.629
-0.581,0.078
-0.806,-1.875
-0.828,-0.164
-0.86,-0.309
-0.749,-2.868
-0.919,-0.285
-0.789,-0.876
-0.974,-3.194
-0.885,-2.464
-0.944,-3.533
-1.035,-2.674
-1.084,-2.046
-1.104,-1.735
-1.373,-0.857
-1.255,-2.586
-1.289,-1.36
-1.315,-1.038
-1.353,-0.859
-1.398,-0.265
-1.409,-1.206
-1.541,0.089
-1.449,-1.98
-1.801,-0.188
-1.825,-0.3
-1.736,-1.87
-1.901,-3.042
-1.903,-1.966
-1.988,-0.869
-1.869,-0.129
-2.034,-2.498
-1.934,-2.85
-2.079,-0.257
-2.047,-1.287
-2.254,-1.372
-2.286,-3.078
-2.321,-3.07
-2.544,-2.715
-2.563,-2.153
-2.735,-1.736
-2.753,-0.873
-2.803,-2.926
-2.692,-0.946
-2.841,-2.213
-2.846,-2.622
-2.873,-2.13
-3.02,-1.679
-3.084,-2.873
3.095,-2.202
3.048,-1.691
3.022,-2.518
3.01,-2.907
2.991,-2.42
2.867,-1.213
2.67,-0.142
2.646,-1.403
2.598,-0.279
2.707,-0.892
2.564,-0.105
2.52,-0.535
2.413,-0.863
2.537,-1.179
2.416,-2.951
2.381,-1.763
2.141,-2.401
2.108,-1.822
1.984,-1.89
2.064,-0.362
1.889,-0.886
1.736,-2.927
1.639,-1.294
1.689,-2.712
1.534,-0.439
1.592,-2.945
1.393,-3.146
1.29,-0.725
1.38,-1.207
1.174,-0.793
1.185,-1.878
1.026,-0.692
0.9,-2.501
0.907,-1.224
0.958,-1.278
0.956,-2.704
0.617,-0.853
0.704,-3.457
0.523,-1.578
0.548,-2.057
0.325,-0.411
-0.033,-4.025
-0.718,-3.826
-1.802,-3.93
-1.782,-3.812
-2.377,-3.848
-2.601,-3.929
2.848,-3.975
2.096,-4.095
1.648,-3.839
1.113,-3.901
-2.105,-0.037
-3.059,0.255
2.515,0.261
1.078,-0.01
0.179,-2.854
-0.166,-1.634
-0.865,-2.855
-1.64,-2.231
-1.862,-2.85
-2.211,-2.824
2.298,-2.879
1.684,-1.616
-0.532,-2.457
-2.508,-1.398
1.841,-2.205
1.526,-3.091
1.421,-2.677
0.981,-3.086
0.783,-3.038
0.715,-2.27
-0.823,-2.316
-1.819,-0.627
1.059,-1.698
-0.389,-3.567
-0.699,-3.618
-1.211,-3.779
-2.586,-3.823
3.108,-3.665
2.779,-3.729
2.622,-3.809
2.565,-3.736
1.209,-3.798
1.022,-3.799
-0.703,-4.02
-2.53,-4.193
-2.986,-4.054
2.596,-4.25
0.073,0.115
-0.128,-0.473
-0.112,2.5
-0.206,-0.58
-0.213,-0.222
-0.229,2.354
-0.309,0.425
-0.258,0.676
-0.339,2.026
-0.426,-0.088
-0.335,0.637
-0.345,-0.902
-0.348,1.493
-0.394,0.389
-0.376,1.369
-0.4,-0.41
-0.497,1.836
-0.563,2.615
-0.498,-0.563
-0.655,2.541
-0.673,-0.295
-0.697,0.54
-0.633,-0.205
-0.639,-0.039
-0.739,-0.062
-0.728,0.925
-0.746,1.269
-0.755,0.409
-0.709,2.387
-0.806,-0.982
-0.771,1.767
-0.791,0.11
-0.927,1.955
-0.948,0.23
-0.899,1.421
-1.033,0.384
-1.04,1.239
-1.079,0.986
-1.084,0.157
-1.045,1.012
-1.117,1.974
-1.177,0.786
-1.112,0.649
-1.154,1.079
-1.161,0.482
-1.25,2.17
-1.24,1.068
-1.235,2.505
-1.303,2.485
-1.335,-0.736
-1.323,2.557
-1.329,2.654
-1.355,-0.731
-1.37,0.486
-1.354,0.169
-1.392,0.171
-1.405,-0.18
-1.455,-0.303
-1.514,0.68
-1.462,-0.136
-1.568,0.544
-1.575,-0.605
-1.575,-0.536
-1.543,-1.038
-1.561,-1.081
-1.682,1.459
-1.64,0.764
-1.71,-0.509
-1.72,0.598
-1.782,-0.265
-1.818,1.306
-1.801,1.279
-1.899,0.881
-1.949,1.621
-1.856,-0.007
-1.901,0.154
-1.977,-0.451
-1.96,-0.257
-1.932,2.653
-1.984,1.988
-1.943,2.402
-2.014,1.88
-2.06,0.113
-1.997,1.129
-2.146,0.459
-2.157,-0.517
-2.159,1.42
-2.2,-0.136
-2.138,2.536
-2.396,0.041
-2.447,0.149
-2.466,0.345
-2.563,-0.394
-2.655,0.799
-2.799,0.806
-2.805,-0.325
-2.825,-0.745
-2.797,2.084
-2.787,1.983
-2.819,-0.431
-2.903,2.432
-2.89,0.034
-2.906,2.191
-3.004,-0.383
-2.937,-0.015
-2.982,0.099
-3.058,-0.228
-3.12,1.849
3.124,0.002
3.009,0.348
2.968,0.35
3.003,2.298
2.945,0.274
2.96,1.02
2.908,1.38
2.972,2.132
2.878,0.69
2.867,0.651
2.942,2.328
2.85,-0.556
2.899,0.956
2.875,-0.406
2.78,1.011
2.797,2.373
2.63,-0.205
2.686,1.908
2.678,-0.19
2.577,1.978
2.584,0.08
2.612,1.987
2.541,-0.235
2.549,1.857
2.494,0.382
2.467,-0.058
2.511,2.545
2.516,2.427
2.49,1.66
2.491,0.546
2.389,-0.29
2.452,1.911
2.323,-0.266
2.311,0.866
2.31,-0.267
2.295,1.766
2.313,0.566
2.23,1.194
2.263,2.104
2.263,0.601
2.194,2.364
2.23,0.319
2.216,0.791
2.116,-0.52
2.108,1.394
2.149,0.484
2.053,1.237
1.941,0.759
1.763,0.868
1.744,0.624
1.801,2.288
1.772,-0.231
1.773,0.322
1.694,2.059
1.686,1.644
1.655,1.894
1.72,0.566
1.618,0.078
1.63,0.6
1.649,0.568
1.562,-0.018
1.537,-0.577
1.562,2.26
1.426,0.635
1.336,0.59
1.325,1.59
1.248,0.839
1.232,-1.038
1.236,0.687
1.138,-0.253
1.132,0.784
0.87,-1.06
0.929,-0.122
0.846,1.171
0.844,-0.185
0.867,1.005
0.875,1.287
0.748,-0.96
0.783,1.294
0.719,1.423
0.674,0.714
0.516,2.27
0.42,-0.048
0.357,2.164
0.372,0.991
0.349,2.516
0.401,1.428
0.307,0.101
0.239,-1.503
0.139,-1.422
0.205,-1.403
-0.216,-1.348
-0.236,-1.433
-0.816,-1.348
-1.684,-1.325
2.774,-1.496
2.384,-1.553
1.736,-1.558
1.593,-1.328
1.426,-1.507
1.12,-1.594
1.001,-1.596
0.948,-1.468
0.556,-1.442
0.438,-1.526
-0.076,2.709
-0.822,2.796
-0.924,2.744
-1.143,2.804
-2.762,2.72
2.889,2.737
2.572,2.69
2.572,2.687
2.484,2.706
1.754,2.597
1.109,2.709
0.873,2.499
-0.248,0.029
-0.902,-0.178
-1.165,2.223
-1.733,2.173
2.946,-1.005
-1.21,-1.388
0.201,0.407
0.212,0.828
0.178,-0.639
0.18,2.533
-0.027,1.279
0.02,-0.136
-0.175,0.382
-0.078,0.436
-0.224,2.255
-0.116,-1.01
-0.269,2.518
-0.259,2.709
-0.29,0.951
-0.192,1.295
-0.347,2.046
-0.368,-0.657
-0.402,-0.492
-0.462,0.82
-0.4,1.559
-0.475,2.534
-0.538,1.87
-0.576,2.577
-0.801,0.624
-0.823,2.335
-0.855,2.19
-0.744,-0.369
-0.914,2.214
-0.784,1.623
-0.969,-0.695
-0.88,0.035
-0.939,-1.034
-1.03,-0.175
-1.079,0.453
-1.099,0.764
-1.368,1.642
-1.25,-0.087
-1.284,1.139
-1.31,1.461
-1.348,1.64
-1.393,2.234
-1.404,1.293
-1.536,2.588
-1.444,0.519
-1.796,2.311
-1.82,2.199
-1.731,0.629
-1.896,-0.543
-1.898,0.533
-1.983,1.63
-1.864,2.37
-2.029,0.001
-1.929,-0.351
-2.074,2.242
-2.042,1.212
-2.249,1.127
-2.281,-0.579
-2.316,-0.571
-2.539,-0.216
-2.558,0.346
-2.73,0.763
-2.748,1.626
-2.798,-0.427
-2.687,1.553
-2.836,0.286
-2.841,-0.123
-2.868,0.369
-3.015,0.82
-3.079,-0.374
3.1,0.297
3.053,0.808
3.027,-0.019
3.015,-0.408
2.996,0.079
2.872,1.286
2.675,2.357
2.651,1.096
2.603,2.22
2.712,1.607
2.569,2.394
2.525,1.964
2.418,1.636
2.542,1.32
2.421,-0.452
2.386,0.736
2.146,0.098
2.113,0.677
1.989,0.609
2.069,2.137
1.894,1.613
1.741,-0.428
1.644,1.205
1.694,-0.213
1.539,2.06
1.597,-0.446
1.398,-0.647
1.295,1.774
1.385,1.292
1.179,1.706
1.19,0.621
1.031,1.807
0.905,-0.002
0.912,1.275
0.963,1.221
0.961,-0.205
0.622,1.646
0.709,-0.958
0.528,0.921
0.553,0.442
0.33,2.088
-0.028,-1.526
-0.713,-1.327
-1.797,-1.431
-1.777,-1.313
-2.372,-1.349
-2.596,-1.43
2.853,-1.476
2.101,-1.596
1.653,-1.34
1.118,-1.402
-2.1,2.462
-3.054,2.754
2.52,2.76
1.083,2.489
0.184,-0.355
-0.161,0.865
-0.86,-0.356
-1.635,0.268
-1.857,-0.351
-2.206,-0.325
2.303,-0.38
1.689,0.883
-0.527,0.042
-2.503,1.101
1.846,0.294
1.531,-0.592
1.426,-0.178
0.986,-0.587
0.788,-0.539
0.72,0.229
-0.818,0.183
-1.814,1.872
1.064,0.801
-0.384,-1.068
-0.694,-1.119
-1.206,-1.28
-2.581,-1.324
3.113,-1.166
2.784,-1.23
2.627,-1.31
2.57,-1.237
1.214,-1.299
1.027,-1.3
-0.698,-1.521
-2.525,-1.694
-2.981,-1.555
2.601,-1.751
-0.201,-0.588
-0.185,2.385
-0.279,-0.695
-0.286,-0.337
-0.302,2.239
-0.382,0.31
-0.331,0.561
-0.412,1.911
-0.499,-0.203
-0.408,0.522
-0.418,-1.017
-0.421,1.378
-0.467,0.274
-0.449,1.254
-0.473,-0.525
-0.57,1.721
-0.636,2.5
-0.571,-0.678
-0.728,2.426
-0.746,-0.41
-0.77,0.425
-0.706,-0.32
-0.712,-0.154
-0.812,-0.177
-0.801,0.81
-0.819,1.154
-0.828,0.294
-0.782,2.272
-0.879,-1.097
-0.844,1.652
-0.864,-0.005
-1.0,1.84
-1.021,0.115
-0.972,1.306
-1.106,0.269
-1.113,1.124
-1.152,0.871
-1.157,0.042
-1.118,0.897
-1.19,1.859
-1.25,0.671
-1.185,0.534
-1.227,0.964
-1.234,0.367
-1.323,2.055
-1.313,0.953
-1.308,2.39
-1.376,2.37
-1.408,-0.851
-1.396,2.442
-1.402,2.539
-1.428,-0.846
-1.443,0.371
-1.427,0.054
-1.465,0.056
-1.478,-0.295
-1.528,-0.418
-1.587,0.565
-1.535,-0.251
-1.641,0.429
-1.648,-0.72
-1.648,-0.651
-1.616,-1.153
-1.634,-1.196
-1.755,1.344
-1.713,0.649
-1.783,-0.624
-1.793,0.483
-1.855,-0.38
-1.891,1.191
-1.874,1.164
-1.972,0.766
-2.022,1.506
-1.929,-0.122
-1.974,0.039
-2.05,-0.566
-2.033,-0.372
-2.005,2.538
-2.057,1.873
-2.016,2.287
-2.087,1.765
-2.133,-0.002
-2.07,1.014
-2.219,0.344
-2.23,-0.632
-2.232,1.305
-2.273,-0.251
-2.211,2.421
-2.469,-0.074
-2.52,0.034
-2.539,0.23
-2.636,-0.509
-2.728,0.684
-2.872,0.691
-2.878,-0.44
-2.898,-0.86
-2.87,1.969
-2.86,1.868
-2.892,-0.546
-2.976,2.317
-2.963,-0.081
-2.979,2.076
-3.077,-0.498
-3.01,-0.13
-3.055,-0.016
-3.131,-0.343
3.09,1.734
3.051,-0.113
2.936,0.233
2.895,0.235
2.93,2.183
2.872,0.159
2.887,0.905
2.835,1.265
2.899,2.017
2.805,0.575
2.794,0.536
2.869,2.213
2.777,-0.671
2.826,0.841
2.802,-0.521
2.707,0.896
2.724,2.258
2.557,-0.32
2.613,1.793
2.605,-0.305
2.504,1.863
2.511,-0.035
2.539,1.872
2.468,-0.35
2.476,1.742
2.421,0.267
2.394,-0.173
2.438,2.43
2.443,2.312
2.417,1.545
2.418,0.431
2.316,-0.405
2.379,1.796
2.25,-0.381
2.238,0.751
2.237,-0.382
2.222,1.651
2.24,0.451
2.157,1.079
2.19,1.989
2.19,0.486
2.121,2.249
2.157,0.204
2.143,0.676
2.043,-0.635
2.035,1.279
2.076,0.369
1.98,1.122
1.868,0.644
1.69,0.753
1.671,0.509
1.728,2.173
1.699,-0.346
1.7,0.207
1.621,1.944
1.613,1.529
1.582,1.779
1.647,0.451
1.545,-0.037
1.557,0.485
1.576,0.453
1.489,-0.133
1.464,-0.692
1.489,2.145
1.353,0.52
1.263,0.475
1.252,1.475
1.175,0.724
1.159,-1.153
1.163,0.572
1.065,-0.368
1.059,0.669
0.797,-1.175
0.856,-0.237
0.773,1.056
0.771,-0.3
0.794,0.89
0.802,1.172
0.675,-1.075
0.71,1.179
0.646,1.308
0.601,0.599
0.443,2.155
0.347,-0.163
0.284,2.049
0.299,0.876
0.276,2.401
0.328,1.313
0.234,-0.014
0.166,-1.618
0.066,-1.537
0.132,-1.518
-0.289,-1.463
-0.309,-1.548
-0.889,-1.463
-1.757,-1.44
2.701,-1.611
2.311,-1.668
1.663,-1.673
1.52,-1.443
1.353,-1.622
1.047,-1.709
0.928,-1.711
0.875,-1.583
0.483,-1.557
0.365,-1.641
-0.149,2.594
-0.895,2.681
-0.997,2.629
-1.216,2.689
-2.835,2.605
2.816,2.622
2.499,2.575
2.499,2.572
2.411,2.591
1.681,2.482
1.036,2.594
0.8,2.384
-0.321,-0.086
-0.975,-0.293
-1.238,2.108
-1.806,2.058
2.873,-1.12
-1.283,-1.503
0.128,0.292
0.139,0.713
0.105,-0.754
0.107,2.418
-0.1,1.164
-0.053,-0.251
-0.248,0.267
-0.151,0.321
-0.297,2.14
-0.189,-1.125
-0.342,2.403
-0.332,2.594
-0.363,0.836
-0.265,1.18
-0.42,1.931
-0.441,-0.772
-0.475,-0.607
-0.535,0.705
-0.473,1.444
-0.548,2.419
-0.611,1.755
-0.649,2.462
-0.874,0.509
-0.896,2.22
-0.928,2.075
-0.817,-0.484
-0.987,2.099
-0.857,1.508
-1.042,-0.81
-0.953,-0.08
-1.012,-1.149
-1.103,-0.29
-1.152,0.338
-1.172,0.649
-1.441,1.527
-1.323,-0.202
-1.357,1.024
-1.383,1.346
-1.421,1.525
-1.466,2.119
-1.477,1.178
-1.609,2.473
-1.517,0.404
-1.869,2.196
-1.893,2.084
-1.804,0.514
-1.969,-0.658
-1.971,0.418
-2.056,1.515
-1.937,2.255
-2.102,-0.114
-2.002,-0.466
-2.147,2.127
-2.115,1.097
-2.322,1.012
-2.354,-0.694
-2.389,-0.686
-2.612,-0.331
-2.631,0.231
-2.803,0.648
-2.821,1.511
-2.871,-0.542
-2.76,1.438
-2.909,0.171
-2.914,-0.238
-2.941,0.254
-3.088,0.705
3.131,-0.489
3.027,0.182
2.98,0.693
2.954,-0.134
2.942,-0.523
2.923,-0.036
2.799,1.171
2.602,2.242
2.578,0.981
2.53,2.105
2.639,1.492
2.496,2.279
2.452,1.849
2.345,1.521
2.469,1.205
2.348,-0.567
2.313,0.621
2.073,-0.017
2.04,0.562
1.916,0.494
1.996,2.022
1.821,1.498
1.668,-0.543
1.571,1.09
1.621,-0.328
1.466,1.945
1.524,-0.561
1.325,-0.762
1.222,1.659
1.312,1.177
1.106,1.591
1.117,0.506
0.958,1.692
0.832,-0.117
0.839,1.16
0.89,1.106
0.888,-0.32
0.549,1.531
0.636,-1.073
0.455,0.806
0.48,0.327
0.257,1.973
-0.101,-1.641
-0.786,-1.442
-1.87,-1.546
-1.85,-1.428
-2.445,-1.464
-2.669,-1.545
2.78,-1.591
2.028,-1.711
1.58,-1.455
1.045,-1.517
-2.173,2.347
-3.127,2.639
2.447,2.645
1.01,2.374
0.111,-0.47
-0.234,0.75
-0.933,-0.471
-1.708,0.153
-1.93,-0.466
-2.279,-0.44
2.23,-0.495
1.616,0.768
-0.6,-0.073
-2.576,0.986
1.773,0.179
1.458,-0.707
1.353,-0.293
0.913,-0.702
0.715,-0.654
0.647,0.114
-0.891,0.068
-1.887,1.757
0.991,0.686
-0.457,-1.183
-0.767,-1.234
-1.279,-1.395
-2.654,-1.439
3.04,-1.281
2.711,-1.345
2.554,-1.425
2.497,-1.352
1.141,-1.414
0.954,-1.415
-0.771,-1.636
-2.598,-1.809
-3.054,-1.67
2.528,-1.866
0.016,2.973
-0.078,-0.107
-0.085,0.251
-0.101,2.827
-0.181,0.898
-0.13,1.149
-0.211,2.499
-0.298,0.385
-0.207,1.11
-0.217,-0.429
-0.22,1.966
-0.266,0.862
-0.248,1.842
-0.272,0.063
-0.369,2.309
-0.435,3.088
-0.37,-0.09
-0.527,3.014
-0.545,0.178
-0.569,1.013
-0.505,0.268
-0.511,0.434
-0.611,0.411
-0.6,1.398
-0.618,1.742
-0.627,0.882
-0.581,2.86
-0.678,-0.509
-0.643,2.24
-0.663,0.583
-0.799,2.428
-0.82,0.703
-0.771,1.894
-0.905,0.857
-0.912,1.712
-0.951,1.459
-0.956,0.63
-0.917,1.485
-0.989,2.447
-1.049,1.259
-0.984,1.122
-1.026,1.552
-1.033,0.955
-1.122,2.643
-1.112,1.541
-1.107,2.978
-1.175,2.958
-1.207,-0.263
-1.195,3.03
-1.201,3.127
-1.227,-0.258
-1.242,0.959
-1.226,0.642
-1.264,0.644
-1.277,0.293
-1.327,0.17
-1.386,1.153
-1.334,0.337
-1.44,1.017
-1.447,-0.132
-1.447,-0.063
-1.415,-0.565
-1.433,-0.608
-1.554,1.932
-1.512,1.237
-1.582,-0.036
-1.592,1.071
-1.654,0.208
-1.69,1.779
-1.673,1.752
-1.771,1.354
-1.821,2.094
-1.728,0.466
-1.773,0.627
-1.849,0.022
-1.832,0.216
-1.804,3.126
-1.856,2.461
-1.815,2.875
-1.886,2.353
-1.932,0.586
-1.869,1.602
-2.018,0.932
-2.029,-0.044
-2.031,1.893
-2.072,0.337
-2.01,3.009
-2.268,0.514
-2.319,0.622
-2.338,0.818
-2.435,0.079
-2.527,1.272
-2.671,1.279
-2.677,0.148
-2.697,-0.272
-2.669,2.557
-2.659,2.456
-2.691,0.042
-2.775,2.905
-2.762,0.507
-2.778,2.664
-2.876,0.09
-2.809,0.458
-2.854,0.572
-2.93,0.245
-2.992,2.322
-3.031,0.475
3.137,0.821
3.096,0.823
3.131,2.771
3.073,0.747
3.088,1.493
3.036,1.853
3.1,2.605
3.006,1.163
2.995,1.124
3.07,2.801
2.978,-0.083
3.027,1.429
3.003,0.067
2.908,1.484
2.925,2.846
2.758,0.268
2.814,2.381
2.806,0.283
2.705,2.451
2.712,0.553
2.74,2.46
2.669,0.238
2.677,2.33
2.622,0.855
2.595,0.415
2.639,3.018
2.644,2.9
2.618,2.133
2.619,1.019
2.517,0.183
2.58,2.384
2.451,0.207
2.439,1.339
2.438,0.206
2.423,2.239
2.441,1.039
2.358,1.667
2.391,2.577
2.391,1.074
2.322,2.837
2.358,0.792
2.344,1.264
2.244,-0.047
2.236,1.867
2.277,0.957
2.181,1.71
2.069,1.232
1.891,1.341
1.872,1.097
1.929,2.761
1.9,0.242
1.901,0.795
1.822,2.532
1.814,2.117
1.783,2.367
1.848,1.039
1.746,0.551
1.758,1.073
1.777,1.041
1.69,0.455
1.665,-0.104
1.69,2.733
1.554,1.108
1.464,1.063
1.453,2.063
1.376,1.312
1.36,-0.565
1.364,1.16
1.266,0.22
1.26,1.257
0.998,-0.587
1.057,0.351
0.974,1.644
0.972,0.288
0.995,1.478
1.003,1.76
0.876,-0.487
0.911,1.767
0.847,1.896
0.802,1.187
0.644,2.743
0.548,0.425
0.485,2.637
0.5,1.464
0.477,2.989
0.529,1.901
0.435,0.574
0.367,-1.03
0.267,-0.949
0.333,-0.93
-0.088,-0.875
-0.108,-0.96
-0.688,-0.875
-1.556,-0.852
2.902,-1.023
2.512,-1.08
1.864,-1.085
1.721,-0.855
1.554,-1.034
1.248,-1.121
1.129,-1.123
1.076,-0.995
0.684,-0.969
0.566,-1.053
0.052,3.182
-0.694,3.269
-0.796,3.217
-1.015,3.277
-2.634,3.193
3.017,3.21
2.7,3.163
2.7,3.16
2.612,3.179
1.882,3.07
1.237,3.182
1.001,2.972
-0.12,0.502
-0.774,0.295
-1.037,2.696
-1.605,2.646
3.074,-0.532
-1.082,-0.915
0.329,0.88
0.34,1.301
0.306,-0.166
0.308,3.006
0.101,1.752
0.148,0.337
-0.047,0.855
0.05,0.909
-0.096,2.728
0.012,-0.537
-0.141,2.991
-0.131,3.182
-0.162,1.424
-0.064,1.768
-0.219,2.519
-0.24,-0.184
-0.274,-0.019
-0.334,1.293
-0.272,2.032
-0.347,3.007
-0.41,2.343
-0.448,3.05
-0.673,1.097
-0.695,2.808
-0.727,2.663
-0.616,0.104
-0.786,2.687
-0.656,2.096
-0.841,-0.222
-0.752,0.508
-0.811,-0.561
-0.902,0.298
-0.951,0.926
-0.971,1.237
-1.24,2.115
-1.122,0.386
-1.156,1.612
-1.182,1.934
-1.22,2.113
-1.265,2.707
-1.276,1.766
-1.408,3.061
-1.316,0.992
-1.668,2.784
-1.692,2.672
-1.603,1.102
-1.768,-0.07
-1.77,1.006
-1.855,2.103
-1.736,2.843
-1.901,0.474
-1.801,0.122
-1.946,2.715
-1.914,1.685
-2.121,1.6
-2.153,-0.106
-2.188,-0.098
-2.411,0.257
-2.43,0.819
-2.602,1.236
-2.62,2.099
-2.67,0.046
-2.559,2.026
-2.708,0.759
-2.713,0.35
-2.74,0.842
-2.887,1.293
-2.951,0.099
-3.055,0.77
-3.102,1.281
-3.128,0.454
-3.14,0.065
3.124,0.552
3.0,1.759
2.803,2.83
2.779,1.569
2.731,2.693
2.84,2.08
2.697,2.867
2.653,2.437
2.546,2.109
2.67,1.793
2.549,0.021
2.514,1.209
2.274,0.571
2.241,1.15
2.117,1.082
2.197,2.61
2.022,2.086
1.869,0.045
1.772,1.678
1.822,0.26
1.667,2.533
1.725,0.027
1.526,-0.174
1.423,2.247
1.513,1.765
1.307,2.179
1.318,1.094
1.159,2.28
1.033,0.471
1.04,1.748
1.091,1.694
1.089,0.268
0.75,2.119
0.837,-0.485
0.656,1.394
0.681,0.915
0.458,2.561
0.1,-1.053
-0.585,-0.854
-1.669,-0.958
-1.649,-0.84
-2.244,-0.876
-2.468,-0.957
2.981,-1.003
2.229,-1.123
1.781,-0.867
1.246,-0.929
-1.972,2.935
-2.926,3.227
2.648,3.233
1.211,2.962
0.312,0.118
-0.033,1.338
-0.732,0.117
-1.507,0.741
-1.729,0.122
-2.078,0.148
2.431,0.093
1.817,1.356
-0.399,0.515
-2.375,1.574
1.974,0.767
1.659,-0.119
1.554,0.295
1.114,-0.114
0.916,-0.066
0.848,0.702
-0.69,0.656
-1.686,2.345
1.192,1.274
-0.256,-0.595
-0.566,-0.646
-1.078,-0.807
-2.453,-0.851
-3.042,-0.693
2.912,-0.757
2.755,-0.837
2.698,-0.764
1.342,-0.826
1.155,-0.827
-0.57,-1.048
-2.397,-1.221
-2.853,-1.082
2.729,-1.278
-0.094,-3.08
-0.101,-2.722
-0.117,-0.146
-0.197,-2.075
-0.146,-1.824
-0.227,-0.474
-0.314,-2.588
-0.223,-1.863
-0.233,-3.402
-0.236,-1.007
-0.282,-2.111
-0.264,-1.131
-0.288,-2.91
-0.385,-0.664
-0.451,0.115
-0.386,-3.063
-0.543,0.041
-0.561,-2.795
-0.585,-1.96
-0.521,-2.705
-0.527,-2.539
-0.627,-2.562
-0.616,-1.575
-0.634,-1.231
-0.643,-2.091
-0.597,-0.113
-0.694,-3.482
-0.659,-0.733
-0.679,-2.39
-0.815,-0.545
-0.836,-2.27
-0.787,-1.079
-0.921,-2.116
-0.928,-1.261
-0.967,-1.514
-0.972,-2.343
-0.933,-1.488
-1.005,-0.526
-1.065,-1.714
-1.0,-1.851
-1.042,-1.421
-1.049,-2.018
-1.138,-0.33
-1.128,-1.432
-1.123,0.005
-1.191,-0.015
-1.223,-3.236
-1.211,0.057
-1.217,0.154
-1.243,-3.231
-1.258,-2.014
-1.242,-2.331
-1.28,-2.329
-1.293,-2.68
-1.343,-2.803
-1.402,-1.82
-1.35,-2.636
-1.456,-1.956
-1.463,-3.105
-1.463,-3.036
-1.431,-3.538
-1.449,-3.581
-1.57,-1.041
-1.528,-1.736
-1.598,-3.009
-1.608,-1.902
-1.67,-2.765
-1.706,-1.194
-1.689,-1.221
-1.787,-1.619
-1.837,-0.879
-1.744,-2.507
-1.789,-2.346
-1.865,-2.951
-1.848,-2.757
-1.82,0.153
-1.872,-0.512
-1.831,-0.098
-1.902,-0.62
-1.948,-2.387
-1.885,-1.371
-2.034,-2.041
-2.045,-3.017
-2.047,-1.08
-2.088,-2.636
-2.026,0.036
-2.284,-2.459
-2.335,-2.351
-2.354,-2.155
-2.451,-2.894
-2.543,-1.701
-2.687,-1.694
-2.693,-2.825
-2.713,-3.245
-2.685,-0.416
-2.675,-0.517
-2.707,-2.931
-2.791,-0.068
-2.778,-2.466
-2.794,-0.309
-2.892,-2.883
-2.825,-2.515
-2.87,-2.401
-2.946,-2.728
-3.008,-0.651
-3.047,-2.498
3.121,-2.152
3.08,-2.15
3.115,-0.202
3.057,-2.226
3.072,-1.48
3.02,-1.12
3.084,-0.368
2.99,-1.81
2.979,-1.849
3.054,-0.172
2.962,-3.056
3.011,-1.544
2.987,-2.906
2.892,-1.489
2.909,-0.127
2.742,-2.705
2.798,-0.592
2.79,-2.69
2.689,-0.522
2.696,-2.42
2.724,-0.513
2.653,-2.735
2.661,-0.643
2.606,-2.118
2.579,-2.558
2.623,0.045
2.628,-0.073
2.602,-0.84
2.603,-1.954
2.501,-2.79
2.564,-0.589
2.435,-2.766
2.423,-1.634
2.422,-2.767
2.407,-0.734
2.425,-1.934
2.342,-1.306
2.375,-0.396
2.375,-1.899
2.306,-0.136
2.342,-2.181
2.328,-1.709
2.228,-3.02
2.22,-1.106
2.261,-2.016
2.165,-1.263
2.053,-1.741
1.875,-1.632
1.856,-1.876
1.913,-0.212
1.884,-2.731
1.885,-2.178
1.806,-0.441
1.798,-0.856
1.767,-0.606
1.832,-1.934
1.73,-2.422
1.742,-1.9
1.761,-1.932
1.674,-2.518
1.649,-3.077
1.674,-0.24
1.538,-1.865
1.448,-1.91
1.437,-0.91
1.36,-1.661
1.344,-3.538
1.348,-1.813
1.25,-2.753
1.244,-1.716
0.982,-3.56
1.041,-2.622
0.958,-1.329
0.956,-2.685
0.979,-1.495
0.987,-1.213
0.86,-3.46
0.895,-1.206
0.831,-1.077
0.786,-1.786
0.628,-0.23
0.532,-2.548
0.469,-0.336
0.484,-1.509
0.461,0.016
0.513,-1.072
0.419,-2.399
0.351,-4.003
0.251,-3.922
0.317,-3.903
-0.104,-3.848
-0.124,-3.933
-0.704,-3.848
-1.572,-3.825
2.886,-3.996
2.496,-4.053
1.848,-4.058
1.705,-3.828
1.538,-4.007
1.232,-4.094
1.113,-4.096
1.06,-3.968
0.668,-3.942
0.55,-4.026
0.036,0.209
-0.71,0.296
-0.812,0.244
-1.031,0.304
-2.65,0.22
3.001,0.237
2.684,0.19
2.684,0.187
2.596,0.206
1.866,0.097
1.221,0.209
0.985,-0.001
-0.136,-2.471
-0.79,-2.678
-1.053,-0.277
-1.621,-0.327
3.058,-3.505
-1.098,-3.888
0.313,-2.093
0.324,-1.672
0.29,-3.139
0.292,0.033
0.085,-1.221
0.132,-2.636
-0.063,-2.118
0.034,-2.064
-0.112,-0.245
-0.004,-3.51
-0.157,0.018
-0.147,0.209
-0.178,-1.549
-0.08,-1.205
-0.235,-0.454
-0.256,-3.157
-0.29,-2.992
-0.35,-1.68
-0.288,-0.941
-0.363,0.034
-0.426,-0.63
-0.464,0.077
-0.689,-1.876
-0.711,-0.165
-0.743,-0.31
-0.632,-2.869
-0.802,-0.286
-0.672,-0.877
-0.857,-3.195
-0.768,-2.465
-0.827,-3.534
-0.918,-2.675
-0.967,-2.047
-0.987,-1.736
-1.256,-0.858
-1.138,-2.587
-1.172,-1.361
-1.198,-1.039
-1.236,-0.86
-1.281,-0.266
-1.292,-1.207
-1.424,0.088
-1.332,-1.981
-1.684,-0.189
-1.708,-0.301
-1.619,-1.871
-1.784,-3.043
-1.786,-1.967
-1.871,-0.87
-1.752,-0.13
-1.917,-2.499
-1.817,-2.851
-1.962,-0.258
-1.93,-1.288
-2.137,-1.373
-2.169,-3.079
-2.204,-3.071
-2.427,-2.716
-2.446,-2.154
-2.618,-1.737
-2.636,-0.874
-2.686,-2.927
-2.575,-0.947
-2.724,-2.214
-2.729,-2.623
-2.756,-2.131
-2.903,-1.68
-2.967,-2.874
-3.071,-2.203
-3.118,-1.692
3.139,-2.519
3.127,-2.908
3.108,-2.421
2.984,-1.214
2.787,-0.143
2.763,-1.404
2.715,-0.28
2.824,-0.893
2.681,-0.106
2.637,-0.536
2.53,-0.864
2.654,-1.18
2.533,-2.952
2.498,-1.764
2.258,-2.402
2.225,-1.823
2.101,-1.891
2.181,-0.363
2.006,-0.887
1.853,-2.928
1.756,-1.295
1.806,-2.713
1.651,-0.44
1.709,-2.946
1.51,-3.147
1.407,-0.726
1.497,-1.208
1.291,-0.794
1.302,-1.879
1.143,-0.693
1.017,-2.502
1.024,-1.225
1.075,-1.279
1.073,-2.705
0.734,-0.854
0.821,-3.458
0.64,-1.579
0.665,-2.058
0.442,-0.412
0.084,-4.026
-0.601,-3.827
-1.685,-3.931
-1.665,-3.813
-2.26,-3.849
-2.484,-3.93
2.965,-3.976
2.213,-4.096
1.765,-3.84
1.23,-3.902
-1.988,-0.038
-2.942,0.254
2.632,0.26
1.195,-0.011
0.296,-2.855
-0.049,-1.635
-0.748,-2.856
-1.523,-2.232
-1.745,-2.851
-2.094,-2.825
2.415,-2.88
1.801,-1.617
-0.415,-2.458
-2.391,-1.399
1.958,-2.206
1.643,-3.092
1.538,-2.678
1.098,-3.087
0.9,-3.039
0.832,-2.271
-0.706,-2.317
-1.702,-0.628
1.176,-1.699
-0.272,-3.568
-0.582,-3.619
-1.094,-3.78
-2.469,-3.824
-3.058,-3.666
2.896,-3.73
2.739,-3.81
2.682,-3.737
1.326,-3.799
1.139,-3.8
-0.586,-4.021
-2.413,-4.194
-2.869,-4.055
2.713,-4.251
-0.007,0.358
-0.023,2.934
-0.103,1.005
-0.052,1.256
-0.133,2.606
-0.22,0.492
-0.129,1.217
-0.139,-0.322
-0.142,2.073
-0.188,0.969
-0.17,1.949
-0.194,0.17
-0.291,2.416
-0.357,3.195
-0.292,0.017
-0.449,3.121
-0.467,0.285
-0.491,1.12
-0.427,0.375
-0.433,0.541
-0.533,0.518
-0.522,1.505
-0.54,1.849
-0.549,0.989
-0.503,2.967
-0.6,-0.402
-0.565,2.347
-0.585,0.69
-0.721,2.535
-0.742,0.81
-0.693,2.001
-0.827,0.964
-0.834,1.819
-0.873,1.566
-0.878,0.737
-0.839,1.592
-0.911,2.554
-0.971,1.366
-0.906,1.229
-0.948,1.659
-0.955,1.062
-1.044,2.75
-1.034,1.648
-1.029,3.085
-1.097,3.065
-1.129,-0.156
-1.117,3.137
-1.123,3.234
-1.149,-0.151
-1.164,1.066
-1.148,0.749
-1.186,0.751
-1.199,0.4
-1.249,0.277
-1.308,1.26
-1.256,0.444
-1.362,1.124
-1.369,-0.025
-1.369,0.044
-1.337,-0.458
-1.355,-0.501
-1.476,2.039
-1.434,1.344
-1.504,0.071
-1.514,1.178
-1.576,0.315
-1.612,1.886
-1.595,1.859
-1.693,1.461
-1.743,2.201
-1.65,0.573
-1.695,0.734
-1.771,0.129
-1.754,0.323
-1.726,3.233
-1.778,2.568
-1.737,2.982
-1.808,2.46
-1.854,0.693
-1.791,1.709
-1.94,1.039
-1.951,0.063
-1.953,2.0
-1.994,0.444
-1.932,3.116
-2.19,0.621
-2.241,0.729
-2.26,0.925
-2.357,0.186
-2.449,1.379
-2.593,1.386
-2.599,0.255
-2.619,-0.165
-2.591,2.664
-2.581,2.563
-2.613,0.149
-2.697,3.012
-2.684,0.614
-2.7,2.771
-2.798,0.197
-2.731,0.565
-2.776,0.679
-2.852,0.352
-2.914,2.429
-2.953,0.582
-3.068,0.928
-3.109,0.93
-3.074,2.878
-3.132,0.854
-3.117,1.6
3.114,1.96
-3.105,2.712
3.084,1.27
3.073,1.231
-3.135,2.908
3.056,0.024
3.105,1.536
3.081,0.174
2.986,1.591
3.003,2.953
2.836,0.375
2.892,2.488
2.884,0.39
2.783,2.558
2.79,0.66
2.818,2.567
2.747,0.345
2.755,2.437
2.7,0.962
2.673,0.522
2.717,3.125
2.722,3.007
2.696,2.24
2.697,1.126
2.595,0.29
2.658,2.491
2.529,0.314
2.517,1.446
2.516,0.313
2.501,2.346
2.519,1.146
2.436,1.774
2.469,2.684
2.469,1.181
2.4,2.944
2.436,0.899
2.422,1.371
2.322,0.06
2.314,1.974
2.355,1.064
2.259,1.817
2.147,1.339
1.969,1.448
1.95,1.204
2.007,2.868
1.978,0.349
1.979,0.902
1.9,2.639
1.892,2.224
1.861,2.474
1.926,1.146
1.824,0.658
1.836,1.18
1.855,1.148
1.768,0.562
1.743,0.003
1.768,2.84
1.632,1.215
1.542,1.17
1.531,2.17
1.454,1.419
1.438,-0.458
1.442,1.267
1.344,0.327
1.338,1.364
1.076,-0.48
1.135,0.458
1.052,1.751
1.05,0.395
1.073,1.585
1.081,1.867
0.954,-0.38
0.989,1.874
0.925,2.003
0.88,1.294
0.722,2.85
0.626,0.532
0.563,2.744
0.578,1.571
0.555,3.096
0.607,2.008
0.513,0.681
0.445,-0.923
0.345,-0.842
0.411,-0.823
-0.01,-0.768
-0.03,-0.853
-0.61,-0.768
-1.478,-0.745
2.98,-0.916
2.59,-0.973
1.942,-0.978
1.799,-0.748
1.632,-0.927
1.326,-1.014
1.207,-1.016
1.154,-0.888
0.762,-0.862
0.644,-0.946
0.13,3.289
-0.616,3.376
-0.718,3.324
-0.937,3.384
-2.556,3.3
3.095,3.317
2.778,3.27
2.778,3.267
2.69,3.286
1.96,3.177
1.315,3.289
1.079,3.079
-0.042,0.609
-0.696,0.402
-0.959,2.803
-1.527,2.753
-3.131,-0.425
-1.004,-0.808
0.407,0.987
0.418,1.408
0.384,-0.059
0.386,3.113
0.179,1.859
0.226,0.444
0.031,0.962
0.128,1.016
-0.018,2.835
0.09,-0.43
-0.063,3.098
-0.053,3.289
-0.084,1.531
0.014,1.875
-0.141,2.626
-0.162,-0.077
-0.196,0.088
-0.256,1.4
-0.194,2.139
-0.269,3.114
-0.332,2.45
-0.37,3.157
-0.595,1.204
-0.617,2.915
-0.649,2.77
-0.538,0.211
-0.708,2.794
-0.578,2.203
-0.763,-0.115
-0.674,0.615
-0.733,-0.454
-0.824,0.405
-0.873,1.033
-0.893,1.344
-1.162,2.222
-1.044,0.493
-1.078,1.719
-1.104,2.041
-1.142,2.22
-1.187,2.814
-1.198,1.873
-1.33,3.168
-1.238,1.099
-1.59,2.891
-1.614,2.779
-1.525,1.209
-1.69,0.037
-1.692,1.113
-1.777,2.21
-1.658,2.95
-1.823,0.581
-1.723,0.229
-1.868,2.822
-1.836,1.792
-2.043,1.707
-2.075,0.001
-2.11,0.009
-2.333,0.364
-2.352,0.926
-2.524,1.343
-2.542,2.206
-2.592,0.153
-2.481,2.133
-2.63,0.866
-2.635,0.457
-2.662,0.949
-2.809,1.4
-2.873,0.206
-2.977,0.877
-3.024,1.388
-3.05,0.561
-3.062,0.172
-3.081,0.659
3.078,1.866
2.881,2.937
2.857,1.676
2.809,2.8
2.918,2.187
2.775,2.974
2.731,2.544
2.624,2.216
2.748,1.9
2.627,0.128
2.592,1.316
2.352,0.678
2.319,1.257
2.195,1.189
2.275,2.717
2.1,2.193
1.947,0.152
1.85,1.785
1.9,0.367
1.745,2.64
1.803,0.134
1.604,-0.067
1.501,2.354
1.591,1.872
1.385,2.286
1.396,1.201
1.237,2.387
1.111,0.578
1.118,1.855
1.169,1.801
1.167,0.375
0.828,2.226
0.915,-0.378
0.734,1.501
0.759,1.022
0.536,2.668
0.178,-0.946
-0.507,-0.747
-1.591,-0.851
-1.571,-0.733
-2.166,-0.769
-2.39,-0.85
3.059,-0.896
2.307,-1.016
1.859,-0.76
1.324,-0.822
-1.894,3.042
-2.848,3.334
2.726,3.34
1.289,3.069
0.39,0.225
0.045,1.445
-0.654,0.224
-1.429,0.848
-1.651,0.229
-2.0,0.255
2.509,0.2
1.895,1.463
-0.321,0.622
-2.297,1.681
2.052,0.874
1.737,-0.012
1.632,0.402
1.192,-0.007
0.994,0.041
0.926,0.809
-0.612,0.763
-1.608,2.452
1.27,1.381
-0.178,-0.488
-0.488,-0.539
-1.0,-0.7
-2.375,-0.744
-2.964,-0.586
2.99,-0.65
2.833,-0.73
2.776,-0.657
1.42,-0.719
1.233,-0.72
-0.492,-0.941
-2.319,-1.114
-2.775,-0.975
2.807,-1.171
-0.016,2.576
-0.096,0.647
-0.045,0.898
-0.126,2.248
-0.213,0.134
-0.122,0.859
-0.132,-0.68
-0.135,1.715
-0.181,0.611
-0.163,1.591
-0.187,-0.188
-0.284,2.058
-0.35,2.837
-0.285,-0.341
-0.442,2.763
-0.46,-0.073
-0.484,0.762
-0.42,0.017
-0.426,0.183
-0.526,0.16
-0.515,1.147
-0.533,1.491
-0.542,0.631
-0.496,2.609
-0.593,-0.76
-0.558,1.989
-0.578,0.332
-0.714,2.177
-0.735,0.452
-0.686,1.643
-0.82,0.606
-0.827,1.461
-0.866,1.208
-0.871,0.379
-0.832,1.234
-0.904,2.196
-0.964,1.008
-0.899,0.871
-0.941,1.301
-0.948,0.704
-1.037,2.392
-1.027,1.29
-1.022,2.727
-1.09,2.707
-1.122,-0.514
-1.11,2.779
-1.116,2.876
-1.142,-0.509
-1.157,0.708
-1.141,0.391
-1.179,0.393
-1.192,0.042
-1.242,-0.081
-1.301,0.902
-1.249,0.086
-1.355,0.766
-1.362,-0.383
-1.362,-0.314
-1.33,-0.816
-1.348,-0.859
-1.469,1.681
-1.427,0.986
-1.497,-0.287
-1.507,0.82
-1.569,-0.043
-1.605,1.528
-1.588,1.501
-1.686,1.103
-1.736,1.843
-1.643,0.215
-1.688,0.376
-1.764,-0.229
-1.747,-0.035
-1.719,2.875
-1.771,2.21
-1.73,2.624
-1.801,2.102
-1.847,0.335
-1.784,1.351
-1.933,0.681
-1.944,-0.295
-1.946,1.642
-1.987,0.086
-1.925,2.758
-2.183,0.263
-2.234,0.371
-2.253,0.567
-2.35,-0.172
-2.442,1.021
-2.586,1.028
-2.592,-0.103
-2.612,-0.523
-2.584,2.306
-2.574,2.205
-2.606,-0.209
-2.69,2.654
-2.677,0.256
-2.693,2.413
-2.791,-0.161
-2.724,0.207
-2.769,0.321
-2.845,-0.006
-2.907,2.071
-2.946,0.224
-3.061,0.57
-3.102,0.572
-3.067,2.52
-3.125,0.496
-3.11,1.242
3.121,1.602
-3.098,2.354
3.091,0.912
3.08,0.873
-3.128,2.55
3.063,-0.334
3.112,1.178
3.088,-0.184
2.993,1.233
3.01,2.595
2.843,0.017
2.899,2.13
2.891,0.032
2.79,2.2
2.797,0.302
2.825,2.209
2.754,-0.013
2.762,2.079
2.707,0.604
2.68,0.164
2.724,2.767
2.729,2.649
2.703,1.882
2.704,0.768
2.602,-0.068
2.665,2.133
2.536,-0.044
2.524,1.088
2.523,-0.045
2.508,1.988
2.526,0.788
2.443,1.416
2.476,2.326
2.476,0.823
2.407,2.586
2.443,0.541
2.429,1.013
2.329,-0.298
2.321,1.616
2.362,0.706
2.266,1.459
2.154,0.981
1.976,1.09
1.957,0.846
2.014,2.51
1.985,-0.009
1.986,0.544
1.907,2.281
1.899,1.866
1.868,2.116
1.933,0.788
1.831,0.3
1.843,0.822
1.862,0.79
1.775,0.204
1.75,-0.355
1.775,2.482
1.639,0.857
1.549,0.812
1.538,1.812
1.461,1.061
1.445,-0.816
1.449,0.909
1.351,-0.031
1.345,1.006
1.083,-0.838
1.142,0.1
1.059,1.393
1.057,0.037
1.08,1.227
1.088,1.509
0.961,-0.738
0.996,1.516
0.932,1.645
0.887,0.936
0.729,2.492
0.633,0.174
0.57,2.386
0.585,1.213
0.562,2.738
0.614,1.65
0.52,0.323
0.452,-1.281
0.352,-1.2
0.418,-1.181
-0.003,-1.126
-0.023,-1.211
-0.603,-1.126
-1.471,-1.103
2.987,-1.274
2.597,-1.331
1.949,-1.336
1.806,-1.106
1.639,-1.285
1.333,-1.372
1.214,-1.374
1.161,-1.246
0.769,-1.22
0.651,-1.304
0.137,2.931
-0.609,3.018
-0.711,2.966
-0.93,3.026
-2.549,2.942
3.102,2.959
2.785,2.912
2.785,2.909
2.697,2.928
1.967,2.819
1.322,2.931
1.086,2.721
-0.035,0.251
-0.689,0.044
-0.952,2.445
-1.52,2.395
-3.124,-0.783
-0.997,-1.166
0.414,0.629
0.425,1.05
0.391,-0.417
0.393,2.755
0.186,1.501
0.233,0.086
0.038,0.604
0.135,0.658
-0.011,2.477
0.097,-0.788
-0.056,2.74
-0.046,2.931
-0.077,1.173
0.021,1.517
-0.134,2.268
-0.155,-0.435
-0.189,-0.27
-0.249,1.042
-0.187,1.781
-0.262,2.756
-0.325,2.092
-0.363,2.799
-0.588,0.846
-0.61,2.557
-0.642,2.412
-0.531,-0.147
-0.701,2.436
-0.571,1.845
-0.756,-0.473
-0.667,0.257
-0.726,-0.812
-0.817,0.047
-0.866,0.675
-0.886,0.986
-1.155,1.864
-1.037,0.135
-1.071,1.361
-1.097,1.683
-1.135,1.862
-1.18,2.456
-1.191,1.515
-1.323,2.81
-1.231,0.741
-1.583,2.533
-1.607,2.421
-1.518,0.851
-1.683,-0.321
-1.685,0.755
-1.77,1.852
-1.651,2.592
-1.816,0.223
-1.716,-0.129
-1.861,2.464
-1.829,1.434
-2.036,1.349
-2.068,-0.357
-2.103,-0.349
-2.326,0.006
-2.345,0.568
-2.517,0.985
-2.535,1.848
-2.585,-0.205
-2.474,1.775
-2.623,0.508
-2.628,0.099
-2.655,0.591
-2.802,1.042
-2.866,-0.152
-2.97,0.519
-3.017,1.03
-3.043,0.203
-3.055,-0.186
-3.074,0.301
3.085,1.508
2.888,2.579
2.864,1.318
2.816,2.442
2.925,1.829
2.782,2.616
2.738,2.186
2.631,1.858
2.755,1.542
2.634,-0.23
2.599,0.958
2.359,0.32
2.326,0.899
2.202,0.831
2.282,2.359
2.107,1.835
1.954,-0.206
1.857,1.427
1.907,0.009
1.752,2.282
1.81,-0.224
1.611,-0.425
1.508,1.996
1.598,1.514
1.392,1.928
1.403,0.843
1.244,2.029
1.118,0.22
1.125,1.497
1.176,1.443
1.174,0.017
0.835,1.868
0.922,-0.736
0.741,1.143
0.766,0.664
0.543,2.31
0.185,-1.304
-0.5,-1.105
-1.584,-1.209
-1.564,-1.091
-2.159,-1.127
-2.383,-1.208
3.066,-1.254
2.314,-1.374
1.866,-1.118
1.331,-1.18
-1.887,2.684
-2.841,2.976
2.733,2.982
1.296,2.711
0.397,-0.133
0.052,1.087
-0.647,-0.134
-1.422,0.49
-1.644,-0.129
-1.993,-0.103
2.516,-0.158
1.902,1.105
-0.314,0.264
-2.29,1.323
2.059,0.516
1.744,-0.37
1.639,0.044
1.199,-0.365
1.001,-0.317
0.933,0.451
-0.605,0.405
-1.601,2.094
1.277,1.023
-0.171,-0.846
-0.481,-0.897
-0.993,-1.058
-2.368,-1.102
-2.957,-0.944
2.997,-1.008
2.84,-1.088
2.783,-1.015
1.427,-1.077
1.24,-1.078
-0.485,-1.299
-2.312,-1.472
-2.768,-1.333
2.814,-1.529
-0.08,-1.929
-0.029,-1.678
-0.11,-0.328
-0.197,-2.442
-0.106,-1.717
-0.116,-3.256
-0.119,-0.861
-0.165,-1.965
-0.147,-0.985
-0.171,-2.764
-0.268,-0.518
-0.334,0.261
-0.269,-2.917
-0.426,0.187
-0.444,-2.649
-0.468,-1.814
-0.404,-2.559
-0.41,-2.393
-0.51,-2.416
-0.499,-1.429
-0.517,-1.085
-0.526,-1.945
-0.48,0.033
-0.577,-3.336
-0.542,-0.587
-0.562,-2.244
-0.698,-0.399
-0.719,-2.124
-0.67,-0.933
-0.804,-1.97
-0.811,-1.115
-0.85,-1.368
-0.855,-2.197
-0.816,-1.342
-0.888,-0.38
-0.948,-1.568
-0.883,-1.705
-0.925,-1.275
-0.932,-1.872
-1.021,-0.184
-1.011,-1.286
-1.006,0.151
-1.074,0.131
-1.106,-3.09
-1.094,0.203
-1.1,0.3
-1.126,-3.085
-1.141,-1.868
-1.125,-2.185
-1.163,-2.183
-1.176,-2.534
-1.226,-2.657
-1.285,-1.674
-1.233,-2.49
-1.339,-1.81
-1.346,-2.959
-1.346,-2.89
-1.314,-3.392
-1.332,-3.435
-1.453,-0.895
-1.411,-1.59
-1.481,-2.863
-1.491,-1.756
-1.553,-2.619
-1.589,-1.048
-1.572,-1.075
-1.67,-1.473
-1.72,-0.733
-1.627,-2.361
-1.672,-2.2
-1.748,-2.805
-1.731,-2.611
-1.703,0.299
-1.755,-0.366
-1.714,0.048
-1.785,-0.474
-1.831,-2.241
-1.768,-1.225
-1.917,-1.895
-1.928,-2.871
-1.93,-0.934
-1.971,-2.49
-1.909,0.182
-2.167,-2.313
-2.218,-2.205
-2.237,-2.009
-2.334,-2.748
-2.426,-1.555
-2.57,-1.548
-2.576,-2.679
-2.596,-3.099
-2.568,-0.27
-2.558,-0.371
-2.59,-2.785
-2.674,0.078
-2.661,-2.32
-2.677,-0.163
-2.775,-2.737
-2.708,-2.369
-2.753,-2.255
-2.829,-2.582
-2.891,-0.505
-2.93,-2.352
-3.045,-2.006
-3.086,-2.004
-3.051,-0.056
-3.109,-2.08
-3.094,-1.334
3.137,-0.974
-3.082,-0.222
3.107,-1.664
3.096,-1.703
-3.112,-0.026
3.079,-2.91
3.128,-1.398
3.104,-2.76
3.009,-1.343
3.026,0.019
2.859,-2.559
2.915,-0.446
2.907,-2.544
2.806,-0.376
2.813,-2.274
2.841,-0.367
2.77,-2.589
2.778,-0.497
2.723,-1.972
2.696,-2.412
2.74,0.191
2.745,0.073
2.719,-0.694
2.72,-1.808
2.618,-2.644
2.681,-0.443
2.552,-2.62
2.54,-1.488
2.539,-2.621
2.524,-0.588
2.542,-1.788
2.459,-1.16
2.492,-0.25
2.492,-1.753
2.423,0.01
2.459,-2.035
2.445,-1.563
2.345,-2.874
2.337,-0.96
2.378,-1.87
2.282,-1.117
2.17,-1.595
1.992,-1.486
1.973,-1.73
2.03,-0.066
2.001,-2.585
2.002,-2.032
1.923,-0.295
1.915,-0.71
1.884,-0.46
1.949,-1.788
1.847,-2.276
1.859,-1.754
1.878,-1.786
1.791,-2.372
1.766,-2.931
1.791,-0.094
1.655,-1.719
1.565,-1.764
1.554,-0.764
1.477,-1.515
1.461,-3.392
1.465,-1.667
1.367,-2.607
1.361,-1.57
1.099,-3.414
1.158,-2.476
1.075,-1.183
1.073,-2.539
1.096,-1.349
1.104,-1.067
0.977,-3.314
1.012,-1.06
0.948,-0.931
0.903,-1.64
0.745,-0.084
0.649,-2.402
0.586,-0.19
0.601,-1.363
0.578,0.162
0.63,-0.926
0.536,-2.253
0.468,-3.857
0.368,-3.776
0.434,-3.757
0.013,-3.702
-0.007,-3.787
-0.587,-3.702
-1.455,-3.679
3.003,-3.85
2.613,-3.907
1.965,-3.912
1.822,-3.682
1.655,-3.861
1.349,-3.948
1.23,-3.95
1.177,-3.822
0.785,-3.796
0.667,-3.88
0.153,0.355
-0.593,0.442
-0.695,0.39
-0.914,0.45
-2.533,0.366
3.118,0.383
2.801,0.336
2.801,0.333
2.713,0.352
1.983,0.243
1.338,0.355
1.102,0.145
-0.019,-2.325
-0.673,-2.532
-0.936,-0.131
-1.504,-0.181
-3.108,-3.359
-0.981,-3.742
0.43,-1.947
0.441,-1.526
0.407,-2.993
0.409,0.179
0.202,-1.075
0.249,-2.49
0.054,-1.972
0.151,-1.918
0.005,-0.099
0.113,-3.364
-0.04,0.164
-0.03,0.355
-0.061,-1.403
0.037,-1.059
-0.118,-0.308
-0.139,-3.011
-0.173,-2.846
-0.233,-1.534
-0.171,-0.795
-0.246,0.18
-0.309,-0.484
-0.347,0.223
-0.572,-1.73
-0.594,-0.019
-0.626,-0.164
-0.515,-2.723
-0.685,-0.14
-0.555,-0.731
-0.74,-3.049
-0.651,-2.319
-0.71,-3.388
-0.801,-2.529
-0.85,-1.901
-0.87,-1.59
-1.139,-0.712
-1.021,-2.441
-1.055,-1.215
-1.081,-0.893
-1.119,-0.714
-1.164,-0.12
-1.175,-1.061
-1.307,0.234
-1.215,-1.835
-1.567,-0.043
-1.591,-0.155
-1.502,-1.725
-1.667,-2.897
-1.669,-1.821
-1.754,-0.724
-1.635,0.016
-1.8,-2.353
-1.7,-2.705
-1.845,-0.112
-1.813,-1.142
-2.02,-1.227
-2.052,-2.933
-2.087,-2.925
-2.31,-2.57
-2.329,-2.008
-2.501,-1.591
-2.519,-0.728
-2.569,-2.781
-2.458,-0.801
-2.607,-2.068
-2.612,-2.477
-2.639,-1.985
-2.786,-1.534
-2.85,-2.728
-2.954,-2.057
-3.001,-1.546
-3.027,-2.373
-3.039,-2.762
-3.058,-2.275
3.101,-1.068
2.904,0.003
2.88,-1.258
2.832,-0.134
2.941,-0.747
2.798,0.04
2.754,-0.39
2.647,-0.718
2.771,-1.034
2.65,-2.806
2.615,-1.618
2.375,-2.256
2.342,-1.677
2.218,-1.745
2.298,-0.217
2.123,-0.741
1.97,-2.782
1.873,-1.149
1.923,-2.567
1.768,-0.294
1.826,-2.8
1.627,-3.001
1.524,-0.58
1.614,-1.062
1.408,-0.648
1.419,-1.733
1.26,-0.547
1.134,-2.356
1.141,-1.079
1.192,-1.133
1.19,-2.559
0.851,-0.708
0.938,-3.312
0.757,-1.433
0.782,-1.912
0.559,-0.266
0.201,-3.88
-0.484,-3.681
-1.568,-3.785
-1.548,-3.667
-2.143,-3.703
-2.367,-3.784
3.082,-3.83
2.33,-3.95
1.882,-3.694
1.347,-3.756
-1.871,0.108
-2.825,0.4
2.749,0.406
1.312,0.135
0.413,-2.709
0.068,-1.489
-0.631,-2.71
-1.406,-2.086
-1.628,-2.705
-1.977,-2.679
2.532,-2.734
1.918,-1.471
-0.298,-2.312
-2.274,-1.253
2.075,-2.06
1.76,-2.946
1.655,-2.532
1.215,-2.941
1.017,-2.893
0.949,-2.125
-0.589,-2.171
-1.585,-0.482
1.293,-1.553
-0.155,-3.422
-0.465,-3.473
-0.977,-3.634
-2.352,-3.678
-2.941,-3.52
3.013,-3.584
2.856,-3.664
2.799,-3.591
1.443,-3.653
1.256,-3.654
-0.469,-3.875
-2.296,-4.048
-2.752,-3.909
2.83,-4.105
0.051,0.251
-0.03,1.601
-0.117,-0.513
-0.026,0.212
-0.036,-1.327
-0.039,1.068
-0.085,-0.036
-0.067,0.944
-0.091,-0.835
-0.188,1.411
-0.254,2.19
-0.189,-0.988
-0.346,2.116
-0.364,-0.72
-0.388,0.115
-0.324,-0.63
-0.33,-0.464
-0.43,-0.487
-0.419,0.5
-0.437,0.844
-0.446,-0.016
-0.4,1.962
-0.497,-1.407
-0.462,1.342
-0.482,-0.315
-0.618,1.53
-0.639,-0.195
-0.59,0.996
-0.724,-0.041
-0.731,0.814
-0.77,0.561
-0.775,-0.268
-0.736,0.587
-0.808,1.549
-0.868,0.361
-0.803,0.224
-0.845,0.654
-0.852,0.057
-0.941,1.745
-0.931,0.643
-0.926,2.08
-0.994,2.06
-1.026,-1.161
-1.014,2.132
-1.02,2.229
-1.046,-1.156
-1.061,0.061
-1.045,-0.256
-1.083,-0.254
-1.096,-0.605
-1.146,-0.728
-1.205,0.255
-1.153,-0.561
-1.259,0.119
-1.266,-1.03
-1.266,-0.961
-1.234,-1.463
-1.252,-1.506
-1.373,1.034
-1.331,0.339
-1.401,-0.934
-1.411,0.173
-1.473,-0.69
-1.509,0.881
-1.492,0.854
-1.59,0.456
-1.64,1.196
-1.547,-0.432
-1.592,-0.271
-1.668,-0.876
-1.651,-0.682
-1.623,2.228
-1.675,1.563
-1.634,1.977
-1.705,1.455
-1.751,-0.312
-1.688,0.704
-1.837,0.034
-1.848,-0.942
-1.85,0.995
-1.891,-0.561
-1.829,2.111
-2.087,-0.384
-2.138,-0.276
-2.157,-0.08
-2.254,-0.819
-2.346,0.374
-2.49,0.381
-2.496,-0.75
-2.516,-1.17
-2.488,1.659
-2.478,1.558
-2.51,-0.856
-2.594,2.007
-2.581,-0.391
-2.597,1.766
-2.695,-0.808
-2.628,-0.44
-2.673,-0.326
-2.749,-0.653
-2.811,1.424
-2.85,-0.423
-2.965,-0.077
-3.006,-0.075
-2.971,1.873
-3.029,-0.151
-3.014,0.595
-3.066,0.955
-3.002,1.707
-3.096,0.265
-3.107,0.226
-3.032,1.903
-3.124,-0.981
-3.075,0.531
-3.099,-0.831
3.089,0.586
3.106,1.948
2.939,-0.63
2.995,1.483
2.987,-0.615
2.886,1.553
2.893,-0.345
2.921,1.562
2.85,-0.66
2.858,1.432
2.803,-0.043
2.776,-0.483
2.82,2.12
2.825,2.002
2.799,1.235
2.8,0.121
2.698,-0.715
2.761,1.486
2.632,-0.691
2.62,0.441
2.619,-0.692
2.604,1.341
2.622,0.141
2.539,0.769
2.572,1.679
2.572,0.176
2.503,1.939
2.539,-0.106
2.525,0.366
2.425,-0.945
2.417,0.969
2.458,0.059
2.362,0.812
2.25,0.334
2.072,0.443
2.053,0.199
2.11,1.863
2.081,-0.656
2.082,-0.103
2.003,1.634
1.995,1.219
1.964,1.469
2.029,0.141
1.927,-0.347
1.939,0.175
1.958,0.143
1.871,-0.443
1.846,-1.002
1.871,1.835
1.735,0.21
1.645,0.165
1.634,1.165
1.557,0.414
1.541,-1.463
1.545,0.262
1.447,-0.678
1.441,0.359
1.179,-1.485
1.238,-0.547
1.155,0.746
1.153,-0.61
1.176,0.58
1.184,0.862
1.057,-1.385
1.092,0.869
1.028,0.998
0.983,0.289
0.825,1.845
0.729,-0.473
0.666,1.739
0.681,0.566
0.658,2.091
0.71,1.003
0.616,-0.324
0.548,-1.928
0.448,-1.847
0.514,-1.828
0.093,-1.773
0.073,-1.858
-0.507,-1.773
-1.375,-1.75
3.083,-1.921
2.693,-1.978
2.045,-1.983
1.902,-1.753
1.735,-1.932
1.429,-2.019
1.31,-2.021
1.257,-1.893
0.865,-1.867
0.747,-1.951
0.233,2.284
-0.513,2.371
-0.615,2.319
-0.834,2.379
-2.453,2.295
-3.085,2.312
2.881,2.265
2.881,2.262
2.793,2.281
2.063,2.172
1.418,2.284
1.182,2.074
0.061,-0.396
-0.593,-0.603
-0.856,1.798
-1.424,1.748
-3.028,-1.43
-0.901,-1.813
0.51,-0.018
0.521,0.403
0.487,-1.064
0.489,2.108
0.282,0.854
0.329,-0.561
0.134,-0.043
0.231,0.011
0.085,1.83
0.193,-1.435
0.04,2.093
0.05,2.284
0.019,0.526
0.117,0.87
-0.038,1.621
-0.059,-1.082
-0.093,-0.917
-0.153,0.395
-0.091,1.134
-0.166,2.109
-0.229,1.445
-0.267,2.152
-0.492,0.199
-0.514,1.91
-0.546,1.765
-0.435,-0.794
-0.605,1.789
-0.475,1.198
-0.66,-1.12
-0.571,-0.39
-0.63,-1.459
-0.721,-0.6
-0.77,0.028
-0.79,0.339
-1.059,1.217
-0.941,-0.512
-0.975,0.714
-1.001,1.036
-1.039,1.215
-1.084,1.809
-1.095,0.868
-1.227,2.163
-1.135,0.094
-1.487,1.886
-1.511,1.774
-1.422,0.204
-1.587,-0.968
-1.589,0.108
-1.674,1.205
-1.555,1.945
-1.72,-0.424
-1.62,-0.776
-1.765,1.817
-1.733,0.787
-1.94,0.702
-1.972,-1.004
-2.007,-0.996
-2.23,-0.641
-2.249,-0.079
-2.421,0.338
-2.439,1.201
-2.489,-0.852
-2.378,1.128
-2.527,-0.139
-2.532,-0.548
-2.559,-0.056
-2.706,0.395
-2.77,-0.799
-2.874,-0.128
-2.921,0.383
-2.947,-0.444
-2.959,-0.833
-2.978,-0.346
-3.102,0.861
2.984,1.932
2.96,0.671
2.912,1.795
3.021,1.182
2.878,1.969
2.834,1.539
2.727,1.211
2.851,0.895
2.73,-0.877
2.695,0.311
2.455,-0.327
2.422,0.252
2.298,0.184
2.378,1.712
2.203,1.188
2.05,-0.853
1.953,0.78
2.003,-0.638
1.848,1.635
1.906,-0.871
1.707,-1.072
1.604,1.349
1.694,0.867
1.488,1.281
1.499,0.196
1.34,1.382
1.214,-0.427
1.221,0.85
1.272,0.796
1.27,-0.63
0.931,1.221
1.018,-1.383
0.837,0.496
0.862,0.017
0.639,1.663
0.281,-1.951
-0.404,-1.752
-1.488,-1.856
-1.468,-1.738
-2.063,-1.774
-2.287,-1.855
-3.121,-1.901
2.41,-2.021
1.962,-1.765
1.427,-1.827
-1.791,2.037
-2.745,2.329
2.829,2.335
1.392,2.064
0.493,-0.78
0.148,0.44
-0.551,-0.781
-1.326,-0.157
-1.548,-0.776
-1.897,-0.75
2.612,-0.805
1.998,0.458
-0.218,-0.383
-2.194,0.676
2.155,-0.131
1.84,-1.017
1.735,-0.603
1.295,-1.012
1.097,-0.964
1.029,-0.196
-0.509,-0.242
-1.505,1.447
1.373,0.376
-0.075,-1.493
-0.385,-1.544
-0.897,-1.705
-2.272,-1.749
-2.861,-1.591
3.093,-1.655
2.936,-1.735
2.879,-1.662
1.523,-1.724
1.336,-1.725
-0.389,-1.946
-2.216,-2.119
-2.672,-1.98
2.91,-2.176
-0.081,1.35
-0.168,-0.764
-0.077,-0.039
-0.087,-1.578
-0.09,0.817
-0.136,-0.287
-0.118,0.693
-0.142,-1.086
-0.239,1.16
-0.305,1.939
-0.24,-1.239
-0.397,1.865
-0.415,-0.971
-0.439,-0.136
-0.375,-0.881
-0.381,-0.715
-0.481,-0.738
-0.47,0.249
-0.488,0.593
-0.497,-0.267
-0.451,1.711
-0.548,-1.658
-0.513,1.091
-0.533,-0.566
-0.669,1.279
-0.69,-0.446
-0.641,0.745
-0.775,-0.292
-0.782,0.563
-0.821,0.31
-0.826,-0.519
-0.787,0.336
-0.859,1.298
-0.919,0.11
-0.854,-0.027
-0.896,0.403
-0.903,-0.194
-0.992,1.494
-0.982,0.392
-0.977,1.829
-1.045,1.809
-1.077,-1.412
-1.065,1.881
-1.071,1.978
-1.097,-1.407
-1.112,-0.19
-1.096,-0.507
-1.134,-0.505
-1.147,-0.856
-1.197,-0.979
-1.256,0.004
-1.204,-0.812
-1.31,-0.132
-1.317,-1.281
-1.317,-1.212
-1.285,-1.714
-1.303,-1.757
-1.424,0.783
-1.382,0.088
-1.452,-1.185
-1.462,-0.078
-1.524,-0.941
-1.56,0.63
-1.543,0.603
-1.641,0.205
-1.691,0.945
-1.598,-0.683
-1.643,-0.522
-1.719,-1.127
-1.702,-0.933
-1.674,1.977
-1.726,1.312
-1.685,1.726
-1.756,1.204
-1.802,-0.563
-1.739,0.453
-1.888,-0.217
-1.899,-1.193
-1.901,0.744
-1.942,-0.812
-1.88,1.86
-2.138,-0.635
-2.189,-0.527
-2.208,-0.331
-2.305,-1.07
-2.397,0.123
-2.541,0.13
-2.547,-1.001
-2.567,-1.421
-2.539,1.408
-2.529,1.307
-2.561,-1.107
-2.645,1.756
-2.632,-0.642
-2.648,1.515
-2.746,-1.059
-2.679,-0.691
-2.724,-0.577
-2.8,-0.904
-2.862,1.173
-2.901,-0.674
-3.016,-0.328
-3.057,-0.326
-3.022,1.622
-3.08,-0.402
-3.065,0.344
-3.117,0.704
-3.053,1.456
3.136,0.014
3.125,-0.025
-3.083,1.652
3.108,-1.232
-3.126,0.28
3.133,-1.082
3.038,0.335
3.055,1.697
2.888,-0.881
2.944,1.232
2.936,-0.866
2.835,1.302
2.842,-0.596
2.87,1.311
2.799,-0.911
2.807,1.181
2.752,-0.294
2.725,-0.734
2.769,1.869
2.774,1.751
2.748,0.984
2.749,-0.13
2.647,-0.966
2.71,1.235
2.581,-0.942
2.569,0.19
2.568,-0.943
2.553,1.09
2.571,-0.11
2.488,0.518
2.521,1.428
2.521,-0.075
2.452,1.688
2.488,-0.357
2.474,0.115
2.374,-1.196
2.366,0.718
2.407,-0.192
2.311,0.561
2.199,0.083
2.021,0.192
2.002,-0.052
2.059,1.612
2.03,-0.907
2.031,-0.354
1.952,1.383
1.944,0.968
1.913,1.218
1.978,-0.11
1.876,-0.598
1.888,-0.076
1.907,-0.108
1.82,-0.694
1.795,-1.253
1.82,1.584
1.684,-0.041
1.594,-0.086
1.583,0.914
1.506,0.163
1.49,-1.714
1.494,0.011
1.396,-0.929
1.39,0.108
1.128,-1.736
1.187,-0.798
1.104,0.495
1.102,-0.861
1.125,0.329
1.133,0.611
1.006,-1.636
1.041,0.618
0.977,0.747
0.932,0.038
0.774,1.594
0.678,-0.724
0.615,1.488
0.63,0.315
0.607,1.84
0.659,0.752
0.565,-0.575
0.497,-2.179
0.397,-2.098
0.463,-2.079
0.042,-2.024
0.022,-2.109
-0.558,-2.024
-1.426,-2.001
3.032,-2.172
2.642,-2.229
1.994,-2.234
1.851,-2.004
1.684,-2.183
1.378,-2.27
1.259,-2.272
1.206,-2.144
0.814,-2.118
0.696,-2.202
0.182,2.033
-0.564,2.12
-0.666,2.068
-0.885,2.128
-2.504,2.044
-3.136,2.061
2.83,2.014
2.83,2.011
2.742,2.03
2.012,1.921
1.367,2.033
1.131,1.823
0.01,-0.647
-0.644,-0.854
-0.907,1.547
-1.475,1.497
-3.079,-1.681
-0.952,-2.064
0.459,-0.269
0.47,0.152
0.436,-1.315
0.438,1.857
0.231,0.603
0.278,-0.812
0.083,-0.294
0.18,-0.24
0.034,1.579
0.142,-1.686
-0.011,1.842
-0.001,2.033
-0.032,0.275
0.066,0.619
-0.089,1.37
-0.11,-1.333
-0.144,-1.168
-0.204,0.144
-0.142,0.883
-0.217,1.858
-0.28,1.194
-0.318,1.901
-0.543,-0.052
-0.565,1.659
-0.597,1.514
-0.486,-1.045
-0.656,1.538
-0.526,0.947
-0.711,-1.371
-0.622,-0.641
-0.681,-1.71
-0.772,-0.851
-0.821,-0.223
-0.841,0.088
-1.11,0.966
-0.992,-0.763
-1.026,0.463
-1.052,0.785
-1.09,0.964
-1.135,1.558
-1.146,0.617
-1.278,1.912
-1.186,-0.157
-1.538,1.635
-1.562,1.523
-1.473,-0.047
-1.638,-1.219
-1.64,-0.143
-1.725,0.954
-1.606,1.694
-1.771,-0.675
-1.671,-1.027
-1.816,1.566
-1.784,0.536
-1.991,0.451
-2.023,-1.255
-2.058,-1.247
-2.281,-0.892
-2.3,-0.33
-2.472,0.087
-2.49,0.95
-2.54,-1.103
-2.429,0.877
-2.578,-0.39
-2.583,-0.799
-2.61,-0.307
-2.757,0.144
-2.821,-1.05
-2.925,-0.379
-2.972,0.132
-2.998,-0.695
-3.01,-1.084
-3.029,-0.597
3.13,0.61
2.933,1.681
2.909,0.42
2.861,1.544
2.97,0.931
2.827,1.718
2.783,1.288
2.676,0.96
2.8,0.644
2.679,-1.128
2.644,0.06
2.404,-0.578
2.371,0.001
2.247,-0.067
2.327,1.461
2.152,0.937
1.999,-1.104
1.902,0.529
1.952,-0.889
1.797,1.384
1.855,-1.122
1.656,-1.323
1.553,1.098
1.643,0.616
1.437,1.03
1.448,-0.055
1.289,1.131
1.163,-0.678
1.17,0.599
1.221,0.545
1.219,-0.881
0.88,0.97
0.967,-1.634
0.786,0.245
0.811,-0.234
0.588,1.412
0.23,-2.202
-0.455,-2.003
-1.539,-2.107
-1.519,-1.989
-2.114,-2.025
-2.338,-2.106
3.111,-2.152
2.359,-2.272
1.911,-2.016
1.376,-2.078
-1.842,1.786
-2.796,2.078
2.778,2.084
1.341,1.813
0.442,-1.031
0.097,0.189
-0.602,-1.032
-1.377,-0.408
-1.599,-1.027
-1.948,-1.001
2.561,-1.056
1.947,0.207
-0.269,-0.634
-2.245,0.425
2.104,-0.382
1.789,-1.268
1.684,-0.854
1.244,-1.263
1.046,-1.215
0.978,-0.447
-0.56,-0.493
-1.556,1.196
1.322,0.125
-0.126,-1.744
-0.436,-1.795
-0.948,-1.956
-2.323,-2.0
-2.912,-1.842
3.042,-1.906
2.885,-1.986
2.828,-1.913
1.472,-1.975
1.285,-1.976
-0.44,-2.197
-2.267,-2.37
-2.723,-2.231
2.859,-2.427
-0.087,-2.114
0.004,-1.389
-0.006,-2.928
-0.009,-0.533
-0.055,-1.637
-0.037,-0.657
-0.061,-2.436
-0.158,-0.19
-0.224,0.589
-0.159,-2.589
-0.316,0.515
-0.334,-2.321
-0.358,-1.486
-0.294,-2.231
-0.3,-2.065
-0.4,-2.088
-0.389,-1.101
-0.407,-0.757
-0.416,-1.617
-0.37,0.361
-0.467,-3.008
-0.432,-0.259
-0.452,-1.916
-0.588,-0.071
-0.609,-1.796
-0.56,-0.605
-0.694,-1.642
-0.701,-0.787
-0.74,-1.04
-0.745,-1.869
-0.706,-1.014
-0.778,-0.052
-0.838,-1.24
-0.773,-1.377
-0.815,-0.947
-0.822,-1.544
-0.911,0.144
-0.901,-0.958
-0.896,0.479
-0.964,0.459
-0.996,-2.762
-0.984,0.531
-0.99,0.628
-1.016,-2.757
-1.031,-1.54
-1.015,-1.857
-1.053,-1.855
-1.066,-2.206
-1.116,-2.329
-1.175,-1.346
-1.123,-2.162
-1.229,-1.482
-1.236,-2.631
-1.236,-2.562
-1.204,-3.064
-1.222,-3.107
-1.343,-0.567
-1.301,-1.262
-1.371,-2.535
-1.381,-1.428
-1.443,-2.291
-1.479,-0.72
-1.462,-0.747
-1.56,-1.145
-1.61,-0.405
-1.517,-2.033
-1.562,-1.872
-1.638,-2.477
-1.621,-2.283
-1.593,0.627
-1.645,-0.038
-1.604,0.376
-1.675,-0.146
-1.721,-1.913
-1.658,-0.897
-1.807,-1.567
-1.818,-2.543
-1.82,-0.606
-1.861,-2.162
-1.799,0.51
-2.057,-1.985
-2.108,-1.877
-2.127,-1.681
-2.224,-2.42
-2.316,-1.227
-2.46,-1.22
-2.466,-2.351
-2.486,-2.771
-2.458,0.058
-2.448,-0.043
-2.48,-2.457
-2.564,0.406
-2.551,-1.992
-2.567,0.165
-2.665,-2.409
-2.598,-2.041
-2.643,-1.927
-2.719,-2.254
-2.781,-0.177
-2.82,-2.024
-2.935,-1.678
-2.976,-1.676
-2.941,0.272
-2.999,-1.752
-2.984,-1.006
-3.036,-0.646
-2.972,0.106
-3.066,-1.336
-3.077,-1.375
-3.002,0.302
-3.094,-2.582
-3.045,-1.07
-3.069,-2.432
3.119,-1.015
3.136,0.347
2.969,-2.231
3.025,-0.118
3.017,-2.216
2.916,-0.048
2.923,-1.946
2.951,-0.039
2.88,-2.261
2.888,-0.169
2.833,-1.644
2.806,-2.084
2.85,0.519
2.855,0.401
2.829,-0.366
2.83,-1.48
2.728,-2.316
2.791,-0.115
2.662,-2.292
2.65,-1.16
2.649,-2.293
2.634,-0.26
2.652,-1.46
2.569,-0.832
2.602,0.078
2.602,-1.425
2.533,0.338
2.569,-1.707
2.555,-1.235
2.455,-2.546
2.447,-0.632
2.488,-1.542
2.392,-0.789
2.28,-1.267
2.102,-1.158
2.083,-1.402
2.14,0.262
2.111,-2.257
2.112,-1.704
2.033,0.033
2.025,-0.382
1.994,-0.132
2.059,-1.46
1.957,-1.948
1.969,-1.426
1.988,-1.458
1.901,-2.044
1.876,-2.603
1.901,0.234
1.765,-1.391
1.675,-1.436
1.664,-0.436
1.587,-1.187
1.571,-3.064
1.575,-1.339
1.477,-2.279
1.471,-1.242
1.209,-3.086
1.268,-2.148
1.185,-0.855
1.183,-2.211
1.206,-1.021
1.214,-0.739
1.087,-2.986
1.122,-0.732
1.058,-0.603
1.013,-1.312
0.855,0.244
0.759,-2.074
0.696,0.138
0.711,-1.035
0.688,0.49
0.74,-0.598
0.646,-1.925
0.578,-3.529
0.478,-3.448
0.544,-3.429
0.123,-3.374
0.103,-3.459
-0.477,-3.374
-1.345,-3.351
3.113,-3.522
2.723,-3.579
2.075,-3.584
1.932,-3.354
1.765,-3.533
1.459,-3.62
1.34,-3.622
1.287,-3.494
0.895,-3.468
0.777,-3.552
0.263,0.683
-0.483,0.77
-0.585,0.718
-0.804,0.778
-2.423,0.694
-3.055,0.711
2.911,0.664
2.911,0.661
2.823,0.68
2.093,0.571
1.448,0.683
1.212,0.473
0.091,-1.997
-0.563,-2.204
-0.826,0.197
-1.394,0.147
-2.998,-3.031
-0.871,-3.414
0.54,-1.619
0.551,-1.198
0.517,-2.665
0.519,0.507
0.312,-0.747
0.359,-2.162
0.164,-1.644
0.261,-1.59
0.115,0.229
0.223,-3.036
0.07,0.492
0.08,0.683
0.049,-1.075
0.147,-0.731
-0.008,0.02
-0.029,-2.683
-0.063,-2.518
-0.123,-1.206
-0.061,-0.467
-0.136,0.508
-0.199,-0.156
-0.237,0.551
-0.462,-1.402
-0.484,0.309
-0.516,0.164
-0.405,-2.395
-0.575,0.188
-0.445,-0.403
-0.63,-2.721
-0.541,-1.991
-0.6,-3.06
-0.691,-2.201
-0.74,-1.573
-0.76,-1.262
-1.029,-0.384
-0.911,-2.113
-0.945,-0.887
-0.971,-0.565
-1.009,-0.386
-1.054,0.208
-1.065,-0.733
-1.197,0.562
-1.105,-1.507
-1.457,0.285
-1.481,0.173
-1.392,-1.397
-1.557,-2.569
-1.559,-1.493
-1.644,-0.396
-1.525,0.344
-1.69,-2.025
-1.59,-2.377
-1.735,0.216
-1.703,-0.814
-1.91,-0.899
-1.942,-2.605
-1.977,-2.597
-2.2,-2.242
-2.219,-1.68
-2.391,-1.263
-2.409,-0.4
-2.459,-2.453
-2.348,-0.473
-2.497,-1.74
-2.502,-2.149
-2.529,-1.657
-2.676,-1.206
-2.74,-2.4
-2.844,-1.729
-2.891,-1.218
-2.917,-2.045
-2.929,-2.434
-2.948,-1.947
-3.072,-0.74
3.014,0.331
2.99,-0.93
2.942,0.194
3.051,-0.419
2.908,0.368
2.864,-0.062
2.757,-0.39
2.881,-0.706
2.76,-2.478
2.725,-1.29
2.485,-1.928
2.452,-1.349
2.328,-1.417
2.408,0.111
2.233,-0.413
2.08,-2.454
1.983,-0.821
2.033,-2.239
1.878,0.034
1.936,-2.472
1.737,-2.673
1.634,-0.252
1.724,-0.734
1.518,-0.32
1.529,-1.405
1.37,-0.219
1.244,-2.028
1.251,-0.751
1.302,-0.805
1.3,-2.231
0.961,-0.38
1.048,-2.984
0.867,-1.105
0.892,-1.584
0.669,0.062
0.311,-3.552
-0.374,-3.353
-1.458,-3.457
-1.438,-3.339
-2.033,-3.375
-2.257,-3.456
-3.091,-3.502
2.44,-3.622
1.992,-3.366
1.457,-3.428
-1.761,0.436
-2.715,0.728
2.859,0.734
1.422,0.463
0.523,-2.381
0.178,-1.161
-0.521,-2.382
-1.296,-1.758
-1.518,-2.377
-1.867,-2.351
2.642,-2.406
2.028,-1.143
-0.188,-1.984
-2.164,-0.925
2.185,-1.732
1.87,-2.618
1.765,-2.204
1.325,-2.613
1.127,-2.565
1.059,-1.797
-0.479,-1.843
-1.475,-0.154
1.403,-1.225
-0.045,-3.094
-0.355,-3.145
-0.867,-3.306
-2.242,-3.35
-2.831,-3.192
3.123,-3.256
2.966,-3.336
2.909,-3.263
1.553,-3.325
1.366,-3.326
-0.359,-3.547
-2.186,-3.72
-2.642,-3.581
2.94,-3.777
0.091,0.725
0.081,-0.814
0.078,1.581
0.032,0.477
0.05,1.457
0.026,-0.322
-0.071,1.924
-0.137,2.703
-0.072,-0.475
-0.229,2.629
-0.247,-0.207
-0.271,0.628
-0.207,-0.117
-0.213,0.049
-0.313,0.026
-0.302,1.013
-0.32,1.357
-0.329,0.497
-0.283,2.475
-0.38,-0.894
-0.345,1.855
-0.365,0.198
-0.501,2.043
-0.522,0.318
-0.473,1.509
-0.607,0.472
-0.614,1.327
-0.653,1.074
-0.658,0.245
-0.619,1.1
-0.691,2.062
-0.751,0.874
-0.686,0.737
-0.728,1.167
-0.735,0.57
-0.824,2.258
-0.814,1.156
-0.809,2.593
-0.877,2.573
-0.909,-0.648
-0.897,2.645
-0.903,2.742
-0.929,-0.643
-0.944,0.574
-0.928,0.257
-0.966,0.259
-0.979,-0.092
-1.029,-0.215
-1.088,0.768
-1.036,-0.048
-1.142,0.632
-1.149,-0.517
-1.149,-0.448
-1.117,-0.95
-1.135,-0.993
-1.256,1.547
-1.214,0.852
-1.284,-0.421
-1.294,0.686
-1.356,-0.177
-1.392,1.394
-1.375,1.367
-1.473,0.969
-1.523,1.709
-1.43,0.081
-1.475,0.242
-1.551,-0.363
-1.534,-0.169
-1.506,2.741
-1.558,2.076
-1.517,2.49
-1.588,1.968
-1.634,0.201
-1.571,1.217
-1.72,0.547
-1.731,-0.429
-1.733,1.508
-1.774,-0.048
-1.712,2.624
-1.97,0.129
-2.021,0.237
-2.04,0.433
-2.137,-0.306
-2.229,0.887
-2.373,0.894
-2.379,-0.237
-2.399,-0.657
-2.371,2.172
-2.361,2.071
-2.393,-0.343
-2.477,2.52
-2.464,0.122
-2.48,2.279
-2.578,-0.295
-2.511,0.073
-2.556,0.187
-2.632,-0.14
-2.694,1.937
-2.733,0.09
-2.848,0.436
-2.889,0.438
-2.854,2.386
-2.912,0.362
-2.897,1.108
-2.949,1.468
-2.885,2.22
-2.979,0.778
-2.99,0.739
-2.915,2.416
-3.007,-0.468
-2.958,1.044
-2.982,-0.318
-3.077,1.099
-3.06,2.461
3.056,-0.117
3.112,1.996
3.104,-0.102
3.003,2.066
3.01,0.168
3.038,2.075
2.967,-0.147
2.975,1.945
2.92,0.47
2.893,0.03
2.937,2.633
2.942,2.515
2.916,1.748
2.917,0.634
2.815,-0.202
2.878,1.999
2.749,-0.178
2.737,0.954
2.736,-0.179
2.721,1.854
2.739,0.654
2.656,1.282
2.689,2.192
2.689,0.689
2.62,2.452
2.656,0.407
2.642,0.879
2.542,-0.432
2.534,1.482
2.575,0.572
2.479,1.325
2.367,0.847
2.189,0.956
2.17,0.712
2.227,2.376
2.198,-0.143
2.199,0.41
2.12,2.147
2.112,1.732
2.081,1.982
2.146,0.654
2.044,0.166
2.056,0.688
2.075,0.656
1.988,0.07
1.963,-0.489
1.988,2.348
1.852,0.723
1.762,0.678
1.751,1.678
1.674,0.927
1.658,-0.95
1.662,0.775
1.564,-0.165
1.558,0.872
1.296,-0.972
1.355,-0.034
1.272,1.259
1.27,-0.097
1.293,1.093
1.301,1.375
1.174,-0.872
1.209,1.382
1.145,1.511
1.1,0.802
0.942,2.358
0.846,0.04
0.783,2.252
0.798,1.079
0.775,2.604
0.827,1.516
0.733,0.189
0.665,-1.415
0.565,-1.334
0.631,-1.315
0.21,-1.26
0.19,-1.345
-0.39,-1.26
-1.258,-1.237
-3.083,-1.408
2.81,-1.465
2.162,-1.47
2.019,-1.24
1.852,-1.419
1.546,-1.506
1.427,-1.508
1.374,-1.38
0.982,-1.354
0.864,-1.438
0.35,2.797
-0.396,2.884
-0.498,2.832
-0.717,2.892
-2.336,2.808
-2.968,2.825
2.998,2.778
2.998,2.775
2.91,2.794
2.18,2.685
1.535,2.797
1.299,2.587
0.178,0.117
-0.476,-0.09
-0.739,2.311
-1.307,2.261
-2.911,-0.917
-0.784,-1.3
0.627,0.495
0.638,0.916
0.604,-0.551
0.606,2.621
0.399,1.367
0.446,-0.048
0.251,0.47
0.348,0.524
0.202,2.343
0.31,-0.922
0.157,2.606
0.167,2.797
0.136,1.039
0.234,1.383
0.079,2.134
0.058,-0.569
0.024,-0.404
-0.036,0.908
0.026,1.647
-0.049,2.622
-0.112,1.958
-0.15,2.665
-0.375,0.712
-0.397,2.423
-0.429,2.278
-0.318,-0.281
-0.488,2.302
-0.358,1.711
-0.543,-0.607
-0.454,0.123
-0.513,-0.946
-0.604,-0.087
-0.653,0.541
-0.673,0.852
-0.942,1.73
-0.824,0.001
-0.858,1.227
-0.884,1.549
-0.922,1.728
-0.967,2.322
-0.978,1.381
-1.11,2.676
-1.018,0.607
-1.37,2.399
-1.394,2.287
-1.305,0.717
-1.47,-0.455
-1.472,0.621
-1.557,1.718
-1.438,2.458
-1.603,0.089
-1.503,-0.263
-1.648,2.33
-1.616,1.3
-1.823,1.215
-1.855,-0.491
-1.89,-0.483
-2.113,-0.128
-2.132,0.434
-2.304,0.851
-2.322,1.714
-2.372,-0.339
-2.261,1.641
-2.41,0.374
-2.415,-0.035
-2.442,0.457
-2.589,0.908
-2.653,-0.286
-2.757,0.385
-2.804,0.896
-2.83,0.069
-2.842,-0.32
-2.861,0.167
-2.985,1.374
3.101,2.445
3.077,1.184
3.029,2.308
3.138,1.695
2.995,2.482
2.951,2.052
2.844,1.724
2.968,1.408
2.847,-0.364
2.812,0.824
2.572,0.186
2.539,0.765
2.415,0.697
2.495,2.225
2.32,1.701
2.167,-0.34
2.07,1.293
2.12,-0.125
1.965,2.148
2.023,-0.358
1.824,-0.559
1.721,1.862
1.811,1.38
1.605,1.794
1.616,0.709
1.457,1.895
1.331,0.086
1.338,1.363
1.389,1.309
1.387,-0.117
1.048,1.734
1.135,-0.87
0.954,1.009
0.979,0.53
0.756,2.176
0.398,-1.438
-0.287,-1.239
-1.371,-1.343
-1.351,-1.225
-1.946,-1.261
-2.17,-1.342
-3.004,-1.388
2.527,-1.508
2.079,-1.252
1.544,-1.314
-1.674,2.55
-2.628,2.842
2.946,2.848
1.509,2.577
0.61,-0.267
0.265,0.953
-0.434,-0.268
-1.209,0.356
-1.431,-0.263
-1.78,-0.237
2.729,-0.292
2.115,0.971
-0.101,0.13
-2.077,1.189
2.272,0.382
1.957,-0.504
1.852,-0.09
1.412,-0.499
1.214,-0.451
1.146,0.317
-0.392,0.271
-1.388,1.96
1.49,0.889
0.042,-0.98
-0.268,-1.031
-0.78,-1.192
-2.155,-1.236
-2.744,-1.078
-3.073,-1.142
3.053,-1.222
2.996,-1.149
1.64,-1.211
1.453,-1.212
-0.272,-1.433
-2.099,-1.606
-2.555,-1.467
3.027,-1.663
-0.01,-1.539
-0.013,0.856
-0.059,-0.248
-0.041,0.732
-0.065,-1.047
-0.162,1.199
-0.228,1.978
-0.163,-1.2
-0.32,1.904
-0.338,-0.932
-0.362,-0.097
-0.298,-0.842
-0.304,-0.676
-0.404,-0.699
-0.393,0.288
-0.411,0.632
-0.42,-0.228
-0.374,1.75
-0.471,-1.619
-0.436,1.13
-0.456,-0.527
-0.592,1.318
-0.613,-0.407
-0.564,0.784
-0.698,-0.253
-0.705,0.602
-0.744,0.349
-0.749,-0.48
-0.71,0.375
-0.782,1.337
-0.842,0.149
-0.777,0.012
-0.819,0.442
-0.826,-0.155
-0.915,1.533
-0.905,0.431
-0.9,1.868
-0.968,1.848
-1.0,-1.373
-0.988,1.92
-0.994,2.017
-1.02,-1.368
-1.035,-0.151
-1.019,-0.468
-1.057,-0.466
-1.07,-0.817
-1.12,-0.94
-1.179,0.043
-1.127,-0.773
-1.233,-0.093
-1.24,-1.242
-1.24,-1.173
-1.208,-1.675
-1.226,-1.718
-1.347,0.822
-1.305,0.127
-1.375,-1.146
-1.385,-0.039
-1.447,-0.902
-1.483,0.669
-1.466,0.642
-1.564,0.244
-1.614,0.984
-1.521,-0.644
-1.566,-0.483
-1.642,-1.088
-1.625,-0.894
-1.597,2.016
-1.649,1.351
-1.608,1.765
-1.679,1.243
-1.725,-0.524
-1.662,0.492
-1.811,-0.178
-1.822,-1.154
-1.824,0.783
-1.865,-0.773
-1.803,1.899
-2.061,-0.596
-2.112,-0.488
-2.131,-0.292
-2.228,-1.031
-2.32,0.162
-2.464,0.169
-2.47,-0.962
-2.49,-1.382
-2.462,1.447
-2.452,1.346
-2.484,-1.068
-2.568,1.795
-2.555,-0.603
-2.571,1.554
-2.669,-1.02
-2.602,-0.652
-2.647,-0.538
-2.723,-0.865
-2.785,1.212
-2.824,-0.635
-2.939,-0.289
-2.98,-0.287
-2.945,1.661
-3.003,-0.363
-2.988,0.383
-3.04,0.743
-2.976,1.495
-3.07,0.053
-3.081,0.014
-3.006,1.691
-3.098,-1.193
-3.049,0.319
-3.073,-1.043
3.115,0.374
3.132,1.736
2.965,-0.842
3.021,1.271
3.013,-0.827
2.912,1.341
2.919,-0.557
2.947,1.35
2.876,-0.872
2.884,1.22
2.829,-0.255
2.802,-0.695
2.846,1.908
2.851,1.79
2.825,1.023
2.826,-0.091
2.724,-0.927
2.787,1.274
2.658,-0.903
2.646,0.229
2.645,-0.904
2.63,1.129
2.648,-0.071
2.565,0.557
2.598,1.467
2.598,-0.036
2.529,1.727
2.565,-0.318
2.551,0.154
2.451,-1.157
2.443,0.757
2.484,-0.153
2.388,0.6
2.276,0.122
2.098,0.231
2.079,-0.013
2.136,1.651
2.107,-0.868
2.108,-0.315
2.029,1.422
2.021,1.007
1.99,1.257
2.055,-0.071
1.953,-0.559
1.965,-0.037
1.984,-0.069
1.897,-0.655
1.872,-1.214
1.897,1.623
1.761,-0.002
1.671,-0.047
1.66,0.953
1.583,0.202
1.567,-1.675
1.571,0.05
1.473,-0.89
1.467,0.147
1.205,-1.697
1.264,-0.759
1.181,0.534
1.179,-0.822
1.202,0.368
1.21,0.65
1.083,-1.597
1.118,0.657
1.054,0.786
1.009,0.077
0.851,1.633
0.755,-0.685
0.692,1.527
0.707,0.354
0.684,1.879
0.736,0.791
0.642,-0.536
0.574,-2.14
0.474,-2.059
0.54,-2.04
0.119,-1.985
0.099,-2.07
-0.481,-1.985
-1.349,-1.962
3.109,-2.133
2.719,-2.19
2.071,-2.195
1.928,-1.965
1.761,-2.144
1.455,-2.231
1.336,-2.233
1.283,-2.105
0.891,-2.079
0.773,-2.163
0.259,2.072
-0.487,2.159
-0.589,2.107
-0.808,2.167
-2.427,2.083
-3.059,2.1
2.907,2.053
2.907,2.05
2.819,2.069
2.089,1.96
1.444,2.072
1.208,1.862
0.087,-0.608
-0.567,-0.815
-0.83,1.586
-1.398,1.536
-3.002,-1.642
-0.875,-2.025
0.536,-0.23
0.547,0.191
0.513,-1.276
0.515,1.896
0.308,0.642
0.355,-0.773
0.16,-0.255
0.257,-0.201
0.111,1.618
0.219,-1.647
0.066,1.881
0.076,2.072
0.045,0.314
0.143,0.658
-0.012,1.409
-0.033,-1.294
-0.067,-1.129
-0.127,0.183
-0.065,0.922
-0.14,1.897
-0.203,1.233
-0.241,1.94
-0.466,-0.013
-0.488,1.698
-0.52,1.553
-0.409,-1.006
-0.579,1.577
-0.449,0.986
-0.634,-1.332
-0.545,-0.602
-0.604,-1.671
-0.695,-0.812
-0.744,-0.184
-0.764,0.127
-1.033,1.005
-0.915,-0.724
-0.949,0.502
-0.975,0.824
-1.013,1.003
-1.058,1.597
-1.069,0.656
-1.201,1.951
-1.109,-0.118
-1.461,1.674
-1.485,1.562
-1.396,-0.008
-1.561,-1.18
-1.563,-0.104
-1.648,0.993
-1.529,1.733
-1.694,-0.636
-1.594,-0.988
-1.739,1.605
-1.707,0.575
-1.914,0.49
-1.946,-1.216
-1.981,-1.208
-2.204,-0.853
-2.223,-0.291
-2.395,0.126
-2.413,0.989
-2.463,-1.064
-2.352,0.916
-2.501,-0.351
-2.506,-0.76
-2.533,-0.268
-2.68,0.183
-2.744,-1.011
-2.848,-0.34
-2.895,0.171
-2.921,-0.656
-2.933,-1.045
-2.952,-0.558
-3.076,0.649
3.01,1.72
2.986,0.459
2.938,1.583
3.047,0.97
2.904,1.757
2.86,1.327
2.753,0.999
2.877,0.683
2.756,-1.089
2.721,0.099
2.481,-0.539
2.448,0.04
2.324,-0.028
2.404,1.5
2.229,0.976
2.076,-1.065
1.979,0.568
2.029,-0.85
1.874,1.423
1.932,-1.083
1.733,-1.284
1.63,1.137
1.72,0.655
1.514,1.069
1.525,-0.016
1.366,1.17
1.24,-0.639
1.247,0.638
1.298,0.584
1.296,-0.842
0.957,1.009
1.044,-1.595
0.863,0.284
0.888,-0.195
0.665,1.451
0.307,-2.163
-0.378,-1.964
-1.462,-2.068
-1.442,-1.95
-2.037,-1.986
-2.261,-2.067
-3.095,-2.113
2.436,-2.233
1.988,-1.977
1.453,-2.039
-1.765,1.825
-2.719,2.117
2.855,2.123
1.418,1.852
0.519,-0.992
0.174,0.228
-0.525,-0.993
-1.3,-0.369
-1.522,-0.988
-1.871,-0.962
2.638,-1.017
2.024,0.246
-0.192,-0.595
-2.168,0.464
2.181,-0.343
1.866,-1.229
1.761,-0.815
1.321,-1.224
1.123,-1.176
1.055,-0.408
-0.483,-0.454
-1.479,1.235
1.399,0.164
-0.049,-1.705
-0.359,-1.756
-0.871,-1.917
-2.246,-1.961
-2.835,-1.803
3.119,-1.867
2.962,-1.947
2.905,-1.874
1.549,-1.936
1.362,-1.937
-0.363,-2.158
-2.19,-2.331
-2.646,-2.192
2.936,-2.388
-0.003,2.395
-0.049,1.291
-0.031,2.271
-0.055,0.492
-0.152,2.738
-0.218,3.517
-0.153,0.339
-0.31,3.443
-0.328,0.607
-0.352,1.442
-0.288,0.697
-0.294,0.863
-0.394,0.84
-0.383,1.827
-0.401,2.171
-0.41,1.311
-0.364,3.289
-0.461,-0.08
-0.426,2.669
-0.446,1.012
-0.582,2.857
-0.603,1.132
-0.554,2.323
-0.688,1.286
-0.695,2.141
-0.734,1.888
-0.739,1.059
-0.7,1.914
-0.772,2.876
-0.832,1.688
-0.767,1.551
-0.809,1.981
-0.816,1.384
-0.905,3.072
-0.895,1.97
-0.89,3.407
-0.958,3.387
-0.99,0.166
-0.978,3.459
-0.984,3.556
-1.01,0.171
-1.025,1.388
-1.009,1.071
-1.047,1.073
-1.06,0.722
-1.11,0.599
-1.169,1.582
-1.117,0.766
-1.223,1.446
-1.23,0.297
-1.23,0.366
-1.198,-0.136
-1.216,-0.179
-1.337,2.361
-1.295,1.666
-1.365,0.393
-1.375,1.5
-1.437,0.637
-1.473,2.208
-1.456,2.181
-1.554,1.783
-1.604,2.523
-1.511,0.895
-1.556,1.056
-1.632,0.451
-1.615,0.645
-1.587,3.555
-1.639,2.89
-1.598,3.304
-1.669,2.782
-1.715,1.015
-1.652,2.031
-1.801,1.361
-1.812,0.385
-1.814,2.322
-1.855,0.766
-1.793,3.438
-2.051,0.943
-2.102,1.051
-2.121,1.247
-2.218,0.508
-2.31,1.701
-2.454,1.708
-2.46,0.577
-2.48,0.157
-2.452,2.986
-2.442,2.885
-2.474,0.471
-2.558,3.334
-2.545,0.936
-2.561,3.093
-2.659,0.519
-2.592,0.887
-2.637,1.001
-2.713,0.674
-2.775,2.751
-2.814,0.904
-2.929,1.25
-2.97,1.252
-2.935,3.2
-2.993,1.176
-2.978,1.922
-3.03,2.282
-2.966,3.034
-3.06,1.592
-3.071,1.553
-2.996,3.23
-3.088,0.346
-3.039,1.858
-3.063,0.496
3.125,1.913
-3.141,3.275
2.975,0.697
3.031,2.81
3.023,0.712
2.922,2.88
2.929,0.982
2.957,2.889
2.886,0.667
2.894,2.759
2.839,1.284
2.812,0.844
2.856,3.447
2.861,3.329
2.835,2.562
2.836,1.448
2.734,0.612
2.797,2.813
2.668,0.636
2.656,1.768
2.655,0.635
2.64,2.668
2.658,1.468
2.575,2.096
2.608,3.006
2.608,1.503
2.539,3.266
2.575,1.221
2.561,1.693
2.461,0.382
2.453,2.296
2.494,1.386
2.398,2.139
2.286,1.661
2.108,1.77
2.089,1.526
2.146,3.19
2.117,0.671
2.118,1.224
2.039,2.961
2.031,2.546
2.0,2.796
2.065,1.468
1.963,0.98
1.975,1.502
1.994,1.47
1.907,0.884
1.882,0.325
1.907,3.162
1.771,1.537
1.681,1.492
1.67,2.492
1.593,1.741
1.577,-0.136
1.581,1.589
1.483,0.649
1.477,1.686
1.215,-0.158
1.274,0.78
1.191,2.073
1.189,0.717
1.212,1.907
1.22,2.189
1.093,-0.058
1.128,2.196
1.064,2.325
1.019,1.616
0.861,3.172
0.765,0.854
0.702,3.066
0.717,1.893
0.694,3.418
0.746,2.33
0.652,1.003
0.584,-0.601
0.484,-0.52
0.55,-0.501
0.129,-0.446
0.109,-0.531
-0.471,-0.446
-1.339,-0.423
3.119,-0.594
2.729,-0.651
2.081,-0.656
1.938,-0.426
1.771,-0.605
1.465,-0.692
1.346,-0.694
1.293,-0.566
0.901,-0.54
0.783,-0.624
0.269,3.611
-0.477,3.698
-0.579,3.646
-0.798,3.706
-2.417,3.622
-3.049,3.639
2.917,3.592
2.917,3.589
2.829,3.608
2.099,3.499
1.454,3.611
1.218,3.401
0.097,0.931
-0.557,0.724
-0.82,3.125
-1.388,3.075
-2.992,-0.103
-0.865,-0.486
0.546,1.309
0.557,1.73
0.523,0.263
0.525,3.435
0.318,2.181
0.365,0.766
0.17,1.284
0.267,1.338
0.121,3.157
0.229,-0.108
0.076,3.42
0.086,3.611
0.055,1.853
0.153,2.197
-0.002,2.948
-0.023,0.245
-0.057,0.41
-0.117,1.722
-0.055,2.461
-0.13,3.436
-0.193,2.772
-0.231,3.479
-0.456,1.526
-0.478,3.237
-0.51,3.092
-0.399,0.533
-0.569,3.116
-0.439,2.525
-0.624,0.207
-0.535,0.937
-0.594,-0.132
-0.685,0.727
-0.734,1.355
-0.754,1.666
-1.023,2.544
-0.905,0.815
-0.939,2.041
-0.965,2.363
-1.003,2.542
-1.048,3.136
-1.059,2.195
-1.191,3.49
-1.099,1.421
-1.451,3.213
-1.475,3.101
-1.386,1.531
-1.551,0.359
-1.553,1.435
-1.638,2.532
-1.519,3.272
-1.684,0.903
-1.584,0.551
-1.729,3.144
-1.697,2.114
-1.904,2.029
-1.936,0.323
-1.971,0.331
-2.194,0.686
-2.213,1.248
-2.385,1.665
-2.403,2.528
-2.453,0.475
-2.342,2.455
-2.491,1.188
-2.496,0.779
-2.523,1.271
-2.67,1.722
-2.734,0.528
-2.838,1.199
-2.885,1.71
-2.911,0.883
-2.923,0.494
-2.942,0.981
-3.066,2.188
3.02,3.259
2.996,1.998
2.948,3.122
3.057,2.509
2.914,3.296
2.87,2.866
2.763,2.538
2.887,2.222
2.766,0.45
2.731,1.638
2.491,1.0
2.458,1.579
2.334,1.511
2.414,3.039
2.239,2.515
2.086,0.474
1.989,2.107
2.039,0.689
1.884,2.962
1.942,0.456
1.743,0.255
1.64,2.676
1.73,2.194
1.524,2.608
1.535,1.523
1.376,2.709
1.25,0.9
1.257,2.177
1.308,2.123
1.306,0.697
0.967,2.548
1.054,-0.056
0.873,1.823
0.898,1.344
0.675,2.99
0.317,-0.624
-0.368,-0.425
-1.452,-0.529
-1.432,-0.411
-2.027,-0.447
-2.251,-0.528
-3.085,-0.574
2.446,-0.694
1.998,-0.438
1.463,-0.5
-1.755,3.364
-2.709,3.656
2.865,3.662
1.428,3.391
0.529,0.547
0.184,1.767
-0.515,0.546
-1.29,1.17
-1.512,0.551
-1.861,0.577
2.648,0.522
2.034,1.785
-0.182,0.944
-2.158,2.003
2.191,1.196
1.876,0.31
1.771,0.724
1.331,0.315
1.133,0.363
1.065,1.131
-0.473,1.085
-1.469,2.774
1.409,1.703
-0.039,-0.166
-0.349,-0.217
-0.861,-0.378
-2.236,-0.422
-2.825,-0.264
3.129,-0.328
2.972,-0.408
2.915,-0.335
1.559,-0.397
1.372,-0.398
-0.353,-0.619
-2.18,-0.792
-2.636,-0.653
2.946,-0.849
-0.046,-1.104
-0.028,-0.124
-0.052,-1.903
-0.149,0.343
-0.215,1.122
-0.15,-2.056
-0.307,1.048
-0.325,-1.788
-0.349,-0.953
-0.285,-1.698
-0.291,-1.532
-0.391,-1.555
-0.38,-0.568
-0.398,-0.224
-0.407,-1.084
-0.361,0.894
-0.458,-2.475
-0.423,0.274
-0.443,-1.383
-0.579,0.462
-0.6,-1.263
-0.551,-0.072
-0.685,-1.109
-0.692,-0.254
-0.731,-0.507
-0.736,-1.336
-0.697,-0.481
-0.769,0.481
-0.829,-0.707
-0.764,-0.844
-0.806,-0.414
-0.813,-1.011
-0.902,0.677
-0.892,-0.425
-0.887,1.012
-0.955,0.992
-0.987,-2.229
-0.975,1.064
-0.981,1.161
-1.007,-2.224
-1.022,-1.007
-1.006,-1.324
-1.044,-1.322
-1.057,-1.673
-1.107,-1.796
-1.166,-0.813
-1.114,-1.629
-1.22,-0.949
-1.227,-2.098
-1.227,-2.029
-1.195,-2.531
-1.213,-2.574
-1.334,-0.034
-1.292,-0.729
-1.362,-2.002
-1.372,-0.895
-1.434,-1.758
-1.47,-0.187
-1.453,-0.214
-1.551,-0.612
-1.601,0.128
-1.508,-1.5
-1.553,-1.339
-1.629,-1.944
-1.612,-1.75
-1.584,1.16
-1.636,0.495
-1.595,0.909
-1.666,0.387
-1.712,-1.38
-1.649,-0.364
-1.798,-1.034
-1.809,-2.01
-1.811,-0.073
-1.852,-1.629
-1.79,1.043
-2.048,-1.452
-2.099,-1.344
-2.118,-1.148
-2.215,-1.887
-2.307,-0.694
-2.451,-0.687
-2.457,-1.818
-2.477,-2.238
-2.449,0.591
-2.439,0.49
-2.471,-1.924
-2.555,0.939
-2.542,-1.459
-2.558,0.698
-2.656,-1.876
-2.589,-1.508
-2.634,-1.394
-2.71,-1.721
-2.772,0.356
-2.811,-1.491
-2.926,-1.145
-2.967,-1.143
-2.932,0.805
-2.99,-1.219
-2.975,-0.473
-3.027,-0.113
-2.963,0.639
-3.057,-0.803
-3.068,-0.842
-2.993,0.835
-3.085,-2.049
-3.036,-0.537
-3.06,-1.899
3.128,-0.482
-3.138,0.88
2.978,-1.698
3.034,0.415
3.026,-1.683
2.925,0.485
2.932,-1.413
2.96,0.494
2.889,-1.728
2.897,0.364
2.842,-1.111
2.815,-1.551
2.859,1.052
2.864,0.934
2.838,0.167
2.839,-0.947
2.737,-1.783
2.8,0.418
2.671,-1.759
2.659,-0.627
2.658,-1.76
2.643,0.273
2.661,-0.927
2.578,-0.299
2.611,0.611
2.611,-0.892
2.542,0.871
2.578,-1.174
2.564,-0.702
2.464,-2.013
2.456,-0.099
2.497,-1.009
2.401,-0.256
2.289,-0.734
2.111,-0.625
2.092,-0.869
2.149,0.795
2.12,-1.724
2.121,-1.171
2.042,0.566
2.034,0.151
2.003,0.401
2.068,-0.927
1.966,-1.415
1.978,-0.893
1.997,-0.925
1.91,-1.511
1.885,-2.07
1.91,0.767
1.774,-0.858
1.684,-0.903
1.673,0.097
1.596,-0.654
1.58,-2.531
1.584,-0.806
1.486,-1.746
1.48,-0.709
1.218,-2.553
1.277,-1.615
1.194,-0.322
1.192,-1.678
1.215,-0.488
1.223,-0.206
1.096,-2.453
1.131,-0.199
1.067,-0.07
1.022,-0.779
0.864,0.777
0.768,-1.541
0.705,0.671
0.72,-0.502
0.697,1.023
0.749,-0.065
0.655,-1.392
0.587,-2.996
0.487,-2.915
0.553,-2.896
0.132,-2.841
0.112,-2.926
-0.468,-2.841
-1.336,-2.818
3.122,-2.989
2.732,-3.046
2.084,-3.051
1.941,-2.821
1.774,-3.0
1.468,-3.087
1.349,-3.089
1.296,-2.961
0.904,-2.935
0.786,-3.019
0.272,1.216
-0.474,1.303
-0.576,1.251
-0.795,1.311
-2.414,1.227
-3.046,1.244
2.92,1.197
2.92,1.194
2.832,1.213
2.102,1.104
1.457,1.216
1.221,1.006
0.1,-1.464
-0.554,-1.671
-0.817,0.73
-1.385,0.68
-2.989,-2.498
-0.862,-2.881
0.549,-1.086
0.56,-0.665
0.526,-2.132
0.528,1.04
0.321,-0.214
0.368,-1.629
0.173,-1.111
0.27,-1.057
0.124,0.762
0.232,-2.503
0.079,1.025
0.089,1.216
0.058,-0.542
0.156,-0.198
0.001,0.553
-0.02,-2.15
-0.054,-1.985
-0.114,-0.673
-0.052,0.066
-0.127,1.041
-0.19,0.377
-0.228,1.084
-0.453,-0.869
-0.475,0.842
-0.507,0.697
-0.396,-1.862
-0.566,0.721
-0.436,0.13
-0.621,-2.188
-0.532,-1.458
-0.591,-2.527
-0.682,-1.668
-0.731,-1.04
-0.751,-0.729
-1.02,0.149
-0.902,-1.58
-0.936,-0.354
-0.962,-0.032
-1.0,0.147
-1.045,0.741
-1.056,-0.2
-1.188,1.095
-1.096,-0.974
-1.448,0.818
-1.472,0.706
-1.383,-0.864
-1.548,-2.036
-1.55,-0.96
-1.635,0.137
-1.516,0.877
-1.681,-1.492
-1.581,-1.844
-1.726,0.749
-1.694,-0.281
-1.901,-0.366
-1.933,-2.072
-1.968,-2.064
-2.191,-1.709
-2.21,-1.147
-2.382,-0.73
-2.4,0.133
-2.45,-1.92
-2.339,0.06
-2.488,-1.207
-2.493,-1.616
-2.52,-1.124
-2.667,-0.673
-2.731,-1.867
-2.835,-1.196
-2.882,-0.685
-2.908,-1.512
-2.92,-1.901
-2.939,-1.414
-3.063,-0.207
3.023,0.864
2.999,-0.397
2.951,0.727
3.06,0.114
2.917,0.901
2.873,0.471
2.766,0.143
2.89,-0.173
2.769,-1.945
2.734,-0.757
2.494,-1.395
2.461,-0.816
2.337,-0.884
2.417,0.644
2.242,0.12
2.089,-1.921
1.992,-0.288
2.042,-1.706
1.887,0.567
1.945,-1.939
1.746,-2.14
1.643,0.281
1.733,-0.201
1.527,0.213
1.538,-0.872
1.379,0.314
1.253,-1.495
1.26,-0.218
1.311,-0.272
1.309,-1.698
0.97,0.153
1.057,-2.451
0.876,-0.572
0.901,-1.051
0.678,0.595
0.32,-3.019
-0.365,-2.82
-1.449,-2.924
-1.429,-2.806
-2.024,-2.842
-2.248,-2.923
-3.082,-2.969
2.449,-3.089
2.001,-2.833
1.466,-2.895
-1.752,0.969
-2.706,1.261
2.868,1.267
1.431,0.996
0.532,-1.848
0.187,-0.628
-0.512,-1.849
-1.287,-1.225
-1.509,-1.844
-1.858,-1.818
2.651,-1.873
2.037,-0.61
-0.179,-1.451
-2.155,-0.392
2.194,-1.199
1.879,-2.085
1.774,-1.671
1.334,-2.08
1.136,-2.032
1.068,-1.264
-0.47,-1.31
-1.466,0.379
1.412,-0.692
-0.036,-2.561
-0.346,-2.612
-0.858,-2.773
-2.233,-2.817
-2.822,-2.659
3.132,-2.723
2.975,-2.803
2.918,-2.73
1.562,-2.792
1.375,-2.793
-0.35,-3.014
-2.177,-3.187
-2.633,-3.048
2.949,-3.244
0.018,0.98
-0.006,-0.799
-0.103,1.447
-0.169,2.226
-0.104,-0.952
-0.261,2.152
-0.279,-0.684
-0.303,0.151
-0.239,-0.594
-0.245,-0.428
-0.345,-0.451
-0.334,0.536
-0.352,0.88
-0.361,0.02
-0.315,1.998
-0.412,-1.371
-0.377,1.378
-0.397,-0.279
-0.533,1.566
-0.554,-0.159
-0.505,1.032
-0.639,-0.005
-0.646,0.85
-0.685,0.597
-0.69,-0.232
-0.651,0.623
-0.723,1.585
-0.783,0.397
-0.718,0.26
-0.76,0.69
-0.767,0.093
-0.856,1.781
-0.846,0.679
-0.841,2.116
-0.909,2.096
-0.941,-1.125
-0.929,2.168
-0.935,2.265
-0.961,-1.12
-0.976,0.097
-0.96,-0.22
-0.998,-0.218
-1.011,-0.569
-1.061,-0.692
-1.12,0.291
-1.068,-0.525
-1.174,0.155
-1.181,-0.994
-1.181,-0.925
-1.149,-1.427
-1.167,-1.47
-1.288,1.07
-1.246,0.375
-1.316,-0.898
-1.326,0.209
-1.388,-0.654
-1.424,0.917
-1.407,0.89
-1.505,0.492
-1.555,1.232
-1.462,-0.396
-1.507,-0.235
-1.583,-0.84
-1.566,-0.646
-1.538,2.264
-1.59,1.599
-1.549,2.013
-1.62,1.491
-1.666,-0.276
-1.603,0.74
-1.752,0.07
-1.763,-0.906
-1.765,1.031
-1.806,-0.525
-1.744,2.147
-2.002,-0.348
-2.053,-0.24
-2.072,-0.044
-2.169,-0.783
-2.261,0.41
-2.405,0.417
-2.411,-0.714
-2.431,-1.134
-2.403,1.695
-2.393,1.594
-2.425,-0.82
-2.509,2.043
-2.496,-0.355
-2.512,1.802
-2.61,-0.772
-2.543,-0.404
-2.588,-0.29
-2.664,-0.617
-2.726,1.46
-2.765,-0.387
-2.88,-0.041
-2.921,-0.039
-2.886,1.909
-2.944,-0.115
-2.929,0.631
-2.981,0.991
-2.917,1.743
-3.011,0.301
-3.022,0.262
-2.947,1.939
-3.039,-0.945
-2.99,0.567
-3.014,-0.795
-3.109,0.622
-3.092,1.984
3.024,-0.594
3.08,1.519
3.072,-0.579
2.971,1.589
2.978,-0.309
3.006,1.598
2.935,-0.624
2.943,1.468
2.888,-0.007
2.861,-0.447
2.905,2.156
2.91,2.038
2.884,1.271
2.885,0.157
2.783,-0.679
2.846,1.522
2.717,-0.655
2.705,0.477
2.704,-0.656
2.689,1.377
2.707,0.177
2.624,0.805
2.657,1.715
2.657,0.212
2.588,1.975
2.624,-0.07
2.61,0.402
2.51,-0.909
2.502,1.005
2.543,0.095
2.447,0.848
2.335,0.37
2.157,0.479
2.138,0.235
2.195,1.899
2.166,-0.62
2.167,-0.067
2.088,1.67
2.08,1.255
2.049,1.505
2.114,0.177
2.012,-0.311
2.024,0.211
2.043,0.179
1.956,-0.407
1.931,-0.966
1.956,1.871
1.82,0.246
1.73,0.201
1.719,1.201
1.642,0.45
1.626,-1.427
1.63,0.298
1.532,-0.642
1.526,0.395
1.264,-1.449
1.323,-0.511
1.24,0.782
1.238,-0.574
1.261,0.616
1.269,0.898
1.142,-1.349
1.177,0.905
1.113,1.034
1.068,0.325
0.91,1.881
0.814,-0.437
0.751,1.775
0.766,0.602
0.743,2.127
0.795,1.039
0.701,-0.288
0.633,-1.892
0.533,-1.811
0.599,-1.792
0.178,-1.737
0.158,-1.822
-0.422,-1.737
-1.29,-1.714
-3.115,-1.885
2.778,-1.942
2.13,-1.947
1.987,-1.717
1.82,-1.896
1.514,-1.983
1.395,-1.985
1.342,-1.857
0.95,-1.831
0.832,-1.915
0.318,2.32
-0.428,2.407
-0.53,2.355
-0.749,2.415
-2.368,2.331
-3.0,2.348
2.966,2.301
2.966,2.298
2.878,2.317
2.148,2.208
1.503,2.32
1.267,2.11
0.146,-0.36
-0.508,-0.567
-0.771,1.834
-1.339,1.784
-2.943,-1.394
-0.816,-1.777
0.595,0.018
0.606,0.439
0.572,-1.028
0.574,2.144
0.367,0.89
0.414,-0.525
0.219,-0.007
0.316,0.047
0.17,1.866
0.278,-1.399
0.125,2.129
0.135,2.32
0.104,0.562
0.202,0.906
0.047,1.657
0.026,-1.046
-0.008,-0.881
-0.068,0.431
-0.006,1.17
-0.081,2.145
-0.144,1.481
-0.182,2.188
-0.407,0.235
-0.429,1.946
-0.461,1.801
-0.35,-0.758
-0.52,1.825
-0.39,1.234
-0.575,-1.084
-0.486,-0.354
-0.545,-1.423
-0.636,-0.564
-0.685,0.064
-0.705,0.375
-0.974,1.253
-0.856,-0.476
-0.89,0.75
-0.916,1.072
-0.954,1.251
-0.999,1.845
-1.01,0.904
-1.142,2.199
-1.05,0.13
-1.402,1.922
-1.426,1.81
-1.337,0.24
-1.502,-0.932
-1.504,0.144
-1.589,1.241
-1.47,1.981
-1.635,-0.388
-1.535,-0.74
-1.68,1.853
-1.648,0.823
-1.855,0.738
-1.887,-0.968
-1.922,-0.96
-2.145,-0.605
-2.164,-0.043
-2.336,0.374
-2.354,1.237
-2.404,-0.816
-2.293,1.164
-2.442,-0.103
-2.447,-0.512
-2.474,-0.02
-2.621,0.431
-2.685,-0.763
-2.789,-0.092
-2.836,0.419
-2.862,-0.408
-2.874,-0.797
-2.893,-0.31
-3.017,0.897
3.069,1.968
3.045,0.707
2.997,1.831
3.106,1.218
2.963,2.005
2.919,1.575
2.812,1.247
2.936,0.931
2.815,-0.841
2.78,0.347
2.54,-0.291
2.507,0.288
2.383,0.22
2.463,1.748
2.288,1.224
2.135,-0.817
2.038,0.816
2.088,-0.602
1.933,1.671
1.991,-0.835
1.792,-1.036
1.689,1.385
1.779,0.903
1.573,1.317
1.584,0.232
1.425,1.418
1.299,-0.391
1.306,0.886
1.357,0.832
1.355,-0.594
1.016,1.257
1.103,-1.347
0.922,0.532
0.947,0.053
0.724,1.699
0.366,-1.915
-0.319,-1.716
-1.403,-1.82
-1.383,-1.702
-1.978,-1.738
-2.202,-1.819
-3.036,-1.865
2.495,-1.985
2.047,-1.729
1.512,-1.791
-1.706,2.073
-2.66,2.365
2.914,2.371
1.477,2.1
0.578,-0.744
0.233,0.476
-0.466,-0.745
-1.241,-0.121
-1.463,-0.74
-1.812,-0.714
2.697,-0.769
2.083,0.494
-0.133,-0.347
-2.109,0.712
2.24,-0.095
1.925,-0.981
1.82,-0.567
1.38,-0.976
1.182,-0.928
1.114,-0.16
-0.424,-0.206
-1.42,1.483
1.458,0.412
0.01,-1.457
-0.3,-1.508
-0.812,-1.669
-2.187,-1.713
-2.776,-1.555
-3.105,-1.619
3.021,-1.699
2.964,-1.626
1.608,-1.688
1.421,-1.689
-0.304,-1.91
-2.131,-2.083
-2.587,-1.944
2.995,-2.14
-0.024,-1.779
-0.121,0.467
-0.187,1.246
-0.122,-1.932
-0.279,1.172
-0.297,-1.664
-0.321,-0.829
-0.257,-1.574
-0.263,-1.408
-0.363,-1.431
-0.352,-0.444
-0.37,-0.1
-0.379,-0.96
-0.333,1.018
-0.43,-2.351
-0.395,0.398
-0.415,-1.259
-0.551,0.586
-0.572,-1.139
-0.523,0.052
-0.657,-0.985
-0.664,-0.13
-0.703,-0.383
-0.708,-1.212
-0.669,-0.357
-0.741,0.605
-0.801,-0.583
-0.736,-0.72
-0.778,-0.29
-0.785,-0.887
-0.874,0.801
-0.864,-0.301
-0.859,1.136
-0.927,1.116
-0.959,-2.105
-0.947,1.188
-0.953,1.285
-0.979,-2.1
-0.994,-0.883
-0.978,-1.2
-1.016,-1.198
-1.029,-1.549
-1.079,-1.672
-1.138,-0.689
-1.086,-1.505
-1.192,-0.825
-1.199,-1.974
-1.199,-1.905
-1.167,-2.407
-1.185,-2.45
-1.306,0.09
-1.264,-0.605
-1.334,-1.878
-1.344,-0.771
-1.406,-1.634
-1.442,-0.063
-1.425,-0.09
-1.523,-0.488
-1.573,0.252
-1.48,-1.376
-1.525,-1.215
-1.601,-1.82
-1.584,-1.626
-1.556,1.284
-1.608,0.619
-1.567,1.033
-1.638,0.511
-1.684,-1.256
-1.621,-0.24
-1.77,-0.91
-1.781,-1.886
-1.783,0.051
-1.824,-1.505
-1.762,1.167
-2.02,-1.328
-2.071,-1.22
-2.09,-1.024
-2.187,-1.763
-2.279,-0.57
-2.423,-0.563
-2.429,-1.694
-2.449,-2.114
-2.421,0.715
-2.411,0.614
-2.443,-1.8
-2.527,1.063
-2.514,-1.335
-2.53,0.822
-2.628,-1.752
-2.561,-1.384
-2.606,-1.27
-2.682,-1.597
-2.744,0.48
-2.783,-1.367
-2.898,-1.021
-2.939,-1.019
-2.904,0.929
-2.962,-1.095
-2.947,-0.349
-2.999,0.011
-2.935,0.763
-3.029,-0.679
-3.04,-0.718
-2.965,0.959
-3.057,-1.925
-3.008,-0.413
-3.032,-1.775
-3.127,-0.358
-3.11,1.004
3.006,-1.574
3.062,0.539
3.054,-1.559
2.953,0.609
2.96,-1.289
2.988,0.618
2.917,-1.604
2.925,0.488
2.87,-0.987
2.843,-1.427
2.887,1.176
2.892,1.058
2.866,0.291
2.867,-0.823
2.765,-1.659
2.828,0.542
2.699,-1.635
2.687,-0.503
2.686,-1.636
2.671,0.397
2.689,-0.803
2.606,-0.175
2.639,0.735
2.639,-0.768
2.57,0.995
2.606,-1.05
2.592,-0.578
2.492,-1.889
2.484,0.025
2.525,-0.885
2.429,-0.132
2.317,-0.61
2.139,-0.501
2.12,-0.745
2.177,0.919
2.148,-1.6
2.149,-1.047
2.07,0.69
2.062,0.275
2.031,0.525
2.096,-0.803
1.994,-1.291
2.006,-0.769
2.025,-0.801
1.938,-1.387
1.913,-1.946
1.938,0.891
1.802,-0.734
1.712,-0.779
1.701,0.221
1.624,-0.53
1.608,-2.407
1.612,-0.682
1.514,-1.622
1.508,-0.585
1.246,-2.429
1.305,-1.491
1.222,-0.198
1.22,-1.554
1.243,-0.364
1.251,-0.082
1.124,-2.329
1.159,-0.075
1.095,0.054
1.05,-0.655
0.892,0.901
0.796,-1.417
0.733,0.795
0.748,-0.378
0.725,1.147
0.777,0.059
0.683,-1.268
0.615,-2.872
0.515,-2.791
0.581,-2.772
0.16,-2.717
0.14,-2.802
-0.44,-2.717
-1.308,-2.694
-3.133,-2.865
2.76,-2.922
2.112,-2.927
1.969,-2.697
1.802,-2.876
1.496,-2.963
1.377,-2.965
1.324,-2.837
0.932,-2.811
0.814,-2.895
0.3,1.34
-0.446,1.427
-0.548,1.375
-0.767,1.435
-2.386,1.351
-3.018,1.368
2.948,1.321
2.948,1.318
2.86,1.337
2.13,1.228
1.485,1.34
1.249,1.13
0.128,-1.34
-0.526,-1.547
-0.789,0.854
-1.357,0.804
-2.961,-2.374
-0.834,-2.757
0.577,-0.962
0.588,-0.541
0.554,-2.008
0.556,1.164
0.349,-0.09
0.396,-1.505
0.201,-0.987
0.298,-0.933
0.152,0.886
0.26,-2.379
0.107,1.149
0.117,1.34
0.086,-0.418
0.184,-0.074
0.029,0.677
0.008,-2.026
-0.026,-1.861
-0.086,-0.549
-0.024,0.19
-0.099,1.165
-0.162,0.501
-0.2,1.208
-0.425,-0.745
-0.447,0.966
-0.479,0.821
-0.368,-1.738
-0.538,0.845
-0.408,0.254
-0.593,-2.064
-0.504,-1.334
-0.563,-2.403
-0.654,-1.544
-0.703,-0.916
-0.723,-0.605
-0.992,0.273
-0.874,-1.456
-0.908,-0.23
-0.934,0.092
-0.972,0.271
-1.017,0.865
-1.028,-0.076
-1.16,1.219
-1.068,-0.85
-1.42,0.942
-1.444,0.83
-1.355,-0.74
-1.52,-1.912
-1.522,-0.836
-1.607,0.261
-1.488,1.001
-1.653,-1.368
-1.553,-1.72
-1.698,0.873
-1.666,-0.157
-1.873,-0.242
-1.905,-1.948
-1.94,-1.94
-2.163,-1.585
-2.182,-1.023
-2.354,-0.606
-2.372,0.257
-2.422,-1.796
-2.311,0.184
-2.46,-1.083
-2.465,-1.492
-2.492,-1.0
-2.639,-0.549
-2.703,-1.743
-2.807,-1.072
-2.854,-0.561
-2.88,-1.388
-2.892,-1.777
-2.911,-1.29
-3.035,-0.083
3.051,0.988
3.027,-0.273
2.979,0.851
3.088,0.238
2.945,1.025
2.901,0.595
2.794,0.267
2.918,-0.049
2.797,-1.821
2.762,-0.633
2.522,-1.271
2.489,-0.692
2.365,-0.76
2.445,0.768
2.27,0.244
2.117,-1.797
2.02,-0.164
2.07,-1.582
1.915,0.691
1.973,-1.815
1.774,-2.016
1.671,0.405
1.761,-0.077
1.555,0.337
1.566,-0.748
1.407,0.438
1.281,-1.371
1.288,-0.094
1.339,-0.148
1.337,-1.574
0.998,0.277
1.085,-2.327
0.904,-0.448
0.929,-0.927
0.706,0.719
0.348,-2.895
-0.337,-2.696
-1.421,-2.8
-1.401,-2.682
-1.996,-2.718
-2.22,-2.799
-3.054,-2.845
2.477,-2.965
2.029,-2.709
1.494,-2.771
-1.724,1.093
-2.678,1.385
2.896,1.391
1.459,1.12
0.56,-1.724
0.215,-0.504
-0.484,-1.725
-1.259,-1.101
-1.481,-1.72
-1.83,-1.694
2.679,-1.749
2.065,-0.486
-0.151,-1.327
-2.127,-0.268
2.222,-1.075
1.907,-1.961
1.802,-1.547
1.362,-1.956
1.164,-1.908
1.096,-1.14
-0.442,-1.186
-1.438,0.503
1.44,-0.568
-0.008,-2.437
-0.318,-2.488
-0.83,-2.649
-2.205,-2.693
-2.794,-2.535
-3.123,-2.599
3.003,-2.679
2.946,-2.606
1.59,-2.668
1.403,-2.669
-0.322,-2.89
-2.149,-3.063
-2.605,-2.924
2.977,-3.12
-0.097,2.246
-0.163,3.025
-0.098,-0.153
-0.255,2.951
-0.273,0.115
-0.297,0.95
-0.233,0.205
-0.239,0.371
-0.339,0.348
-0.328,1.335
-0.346,1.679
-0.355,0.819
-0.309,2.797
-0.406,-0.572
-0.371,2.177
-0.391,0.52
-0.527,2.365
-0.548,0.64
-0.499,1.831
-0.633,0.794
-0.64,1.649
-0.679,1.396
-0.684,0.567
-0.645,1.422
-0.717,2.384
-0.777,1.196
-0.712,1.059
-0.754,1.489
-0.761,0.892
-0.85,2.58
-0.84,1.478
-0.835,2.915
-0.903,2.895
-0.935,-0.326
-0.923,2.967
-0.929,3.064
-0.955,-0.321
-0.97,0.896
-0.954,0.579
-0.992,0.581
-1.005,0.23
-1.055,0.107
-1.114,1.09
-1.062,0.274
-1.168,0.954
-1.175,-0.195
-1.175,-0.126
-1.143,-0.628
-1.161,-0.671
-1.282,1.869
-1.24,1.174
-1.31,-0.099
-1.32,1.008
-1.382,0.145
-1.418,1.716
-1.401,1.689
-1.499,1.291
-1.549,2.031
-1.456,0.403
-1.501,0.564
-1.577,-0.041
-1.56,0.153
-1.532,3.063
-1.584,2.398
-1.543,2.812
-1.614,2.29
-1.66,0.523
-1.597,1.539
-1.746,0.869
-1.757,-0.107
-1.759,1.83
-1.8,0.274
-1.738,2.946
-1.996,0.451
-2.047,0.559
-2.066,0.755
-2.163,0.016
-2.255,1.209
-2.399,1.216
-2.405,0.085
-2.425,-0.335
-2.397,2.494
-2.387,2.393
-2.419,-0.021
-2.503,2.842
-2.49,0.444
-2.506,2.601
-2.604,0.027
-2.537,0.395
-2.582,0.509
-2.658,0.182
-2.72,2.259
-2.759,0.412
-2.874,0.758
-2.915,0.76
-2.88,2.708
-2.938,0.684
-2.923,1.43
-2.975,1.79
-2.911,2.542
-3.005,1.1
-3.016,1.061
-2.941,2.738
-3.033,-0.146
-2.984,1.366
-3.008,0.004
-3.103,1.421
-3.086,2.783
3.03,0.205
3.086,2.318
3.078,0.22
2.977,2.388
2.984,0.49
3.012,2.397
2.941,0.175
2.949,2.267
2.894,0.792
2.867,0.352
2.911,2.955
2.916,2.837
2.89,2.07
2.891,0.956
2.789,0.12
2.852,2.321
2.723,0.144
2.711,1.276
2.71,0.143
2.695,2.176
2.713,0.976
2.63,1.604
2.663,2.514
2.663,1.011
2.594,2.774
2.63,0.729
2.616,1.201
2.516,-0.11
2.508,1.804
2.549,0.894
2.453,1.647
2.341,1.169
2.163,1.278
2.144,1.034
2.201,2.698
2.172,0.179
2.173,0.732
2.094,2.469
2.086,2.054
2.055,2.304
2.12,0.976
2.018,0.488
2.03,1.01
2.049,0.978
1.962,0.392
1.937,-0.167
1.962,2.67
1.826,1.045
1.736,1.0
1.725,2.0
1.648,1.249
1.632,-0.628
1.636,1.097
1.538,0.157
1.532,1.194
1.27,-0.65
1.329,0.288
1.246,1.581
1.244,0.225
1.267,1.415
1.275,1.697
1.148,-0.55
1.183,1.704
1.119,1.833
1.074,1.124
0.916,2.68
0.82,0.362
0.757,2.574
0.772,1.401
0.749,2.926
0.801,1.838
0.707,0.511
0.639,-1.093
0.539,-1.012
0.605,-0.993
0.184,-0.938
0.164,-1.023
-0.416,-0.938
-1.284,-0.915
-3.109,-1.086
2.784,-1.143
2.136,-1.148
1.993,-0.918
1.826,-1.097
1.52,-1.184
1.401,-1.186
1.348,-1.058
0.956,-1.032
0.838,-1.116
0.324,3.119
-0.422,3.206
-0.524,3.154
-0.743,3.214
-2.362,3.13
-2.994,3.147
2.972,3.1
2.972,3.097
2.884,3.116
2.154,3.007
1.509,3.119
1.273,2.909
0.152,0.439
-0.502,0.232
-0.765,2.633
-1.333,2.583
-2.937,-0.595
-0.81,-0.978
0.601,0.817
0.612,1.238
0.578,-0.229
0.58,2.943
0.373,1.689
0.42,0.274
0.225,0.792
0.322,0.846
0.176,2.665
0.284,-0.6
0.131,2.928
0.141,3.119
0.11,1.361
0.208,1.705
0.053,2.456
0.032,-0.247
-0.002,-0.082
-0.062,1.23
0.0,1.969
-0.075,2.944
-0.138,2.28
-0.176,2.987
-0.401,1.034
-0.423,2.745
-0.455,2.6
-0.344,0.041
-0.514,2.624
-0.384,2.033
-0.569,-0.285
-0.48,0.445
-0.539,-0.624
-0.63,0.235
-0.679,0.863
-0.699,1.174
-0.968,2.052
-0.85,0.323
-0.884,1.549
-0.91,1.871
-0.948,2.05
-0.993,2.644
-1.004,1.703
-1.136,2.998
-1.044,0.929
-1.396,2.721
-1.42,2.609
-1.331,1.039
-1.496,-0.133
-1.498,0.943
-1.583,2.04
-1.464,2.78
-1.629,0.411
-1.529,0.059
-1.674,2.652
-1.642,1.622
-1.849,1.537
-1.881,-0.169
-1.916,-0.161
-2.139,0.194
-2.158,0.756
-2.33,1.173
-2.348,2.036
-2.398,-0.017
-2.287,1.963
-2.436,0.696
-2.441,0.287
-2.468,0.779
-2.615,1.23
-2.679,0.036
-2.783,0.707
-2.83,1.218
-2.856,0.391
-2.868,0.002
-2.887,0.489
-3.011,1.696
3.075,2.767
3.051,1.506
3.003,2.63
3.112,2.017
2.969,2.804
2.925,2.374
2.818,2.046
2.942,1.73
2.821,-0.042
2.786,1.146
2.546,0.508
2.513,1.087
2.389,1.019
2.469,2.547
2.294,2.023
2.141,-0.018
2.044,1.615
2.094,0.197
1.939,2.47
1.997,-0.036
1.798,-0.237
1.695,2.184
1.785,1.702
1.579,2.116
1.59,1.031
1.431,2.217
1.305,0.408
1.312,1.685
1.363,1.631
1.361,0.205
1.022,2.056
1.109,-0.548
0.928,1.331
0.953,0.852
0.73,2.498
0.372,-1.116
-0.313,-0.917
-1.397,-1.021
-1.377,-0.903
-1.972,-0.939
-2.196,-1.02
-3.03,-1.066
2.501,-1.186
2.053,-0.93
1.518,-0.992
-1.7,2.872
-2.654,3.164
2.92,3.17
1.483,2.899
0.584,0.055
0.239,1.275
-0.46,0.054
-1.235,0.678
-1.457,0.059
-1.806,0.085
2.703,0.03
2.089,1.293
-0.127,0.452
-2.103,1.511
2.246,0.704
1.931,-0.182
1.826,0.232
1.386,-0.177
1.188,-0.129
1.12,0.639
-0.418,0.593
-1.414,2.282
1.464,1.211
0.016,-0.658
-0.294,-0.709
-0.806,-0.87
-2.181,-0.914
-2.77,-0.756
-3.099,-0.82
3.027,-0.9
2.97,-0.827
1.614,-0.889
1.427,-0.89
-0.298,-1.111
-2.125,-1.284
-2.581,-1.145
3.001,-1.341
-0.066,0.779
-0.001,-2.399
-0.158,0.705
-0.176,-2.131
-0.2,-1.296
-0.136,-2.041
-0.142,-1.875
-0.242,-1.898
-0.231,-0.911
-0.249,-0.567
-0.258,-1.427
-0.212,0.551
-0.309,-2.818
-0.274,-0.069
-0.294,-1.726
-0.43,0.119
-0.451,-1.606
-0.402,-0.415
-0.536,-1.452
-0.543,-0.597
-0.582,-0.85
-0.587,-1.679
-0.548,-0.824
-0.62,0.138
-0.68,-1.05
-0.615,-1.187
-0.657,-0.757
-0.664,-1.354
-0.753,0.334
-0.743,-0.768
-0.738,0.669
-0.806,0.649
-0.838,-2.572
-0.826,0.721
-0.832,0.818
-0.858,-2.567
-0.873,-1.35
-0.857,-1.667
-0.895,-1.665
-0.908,-2.016
-0.958,-2.139
-1.017,-1.156
-0.965,-1.972
-1.071,-1.292
-1.078,-2.441
-1.078,-2.372
-1.046,-2.874
-1.064,-2.917
-1.185,-0.377
-1.143,-1.072
-1.213,-2.345
-1.223,-1.238
-1.285,-2.101
-1.321,-0.53
-1.304,-0.557
-1.402,-0.955
-1.452,-0.215
-1.359,-1.843
-1.404,-1.682
-1.48,-2.287
-1.463,-2.093
-1.435,0.817
-1.487,0.152
-1.446,0.566
-1.517,0.044
-1.563,-1.723
-1.5,-0.707
-1.649,-1.377
-1.66,-2.353
-1.662,-0.416
-1.703,-1.972
-1.641,0.7
-1.899,-1.795
-1.95,-1.687
-1.969,-1.491
-2.066,-2.23
-2.158,-1.037
-2.302,-1.03
-2.308,-2.161
-2.328,-2.581
-2.3,0.248
-2.29,0.147
-2.322,-2.267
-2.406,0.596
-2.393,-1.802
-2.409,0.355
-2.507,-2.219
-2.44,-1.851
-2.485,-1.737
-2.561,-2.064
-2.623,0.013
-2.662,-1.834
-2.777,-1.488
-2.818,-1.486
-2.783,0.462
-2.841,-1.562
-2.826,-0.816
-2.878,-0.456
-2.814,0.296
-2.908,-1.146
-2.919,-1.185
-2.844,0.492
-2.936,-2.392
-2.887,-0.88
-2.911,-2.242
-3.006,-0.825
-2.989,0.537
3.127,-2.041
-3.1,0.072
-3.108,-2.026
3.074,0.142
3.081,-1.756
3.109,0.151
3.038,-2.071
3.046,0.021
2.991,-1.454
2.964,-1.894
3.008,0.709
3.013,0.591
2.987,-0.176
2.988,-1.29
2.886,-2.126
2.949,0.075
2.82,-2.102
2.808,-0.97
2.807,-2.103
2.792,-0.07
2.81,-1.27
2.727,-0.642
2.76,0.268
2.76,-1.235
2.691,0.528
2.727,-1.517
2.713,-1.045
2.613,-2.356
2.605,-0.442
2.646,-1.352
2.55,-0.599
2.438,-1.077
2.26,-0.968
2.241,-1.212
2.298,0.452
2.269,-2.067
2.27,-1.514
2.191,0.223
2.183,-0.192
2.152,0.058
2.217,-1.27
2.115,-1.758
2.127,-1.236
2.146,-1.268
2.059,-1.854
2.034,-2.413
2.059,0.424
1.923,-1.201
1.833,-1.246
1.822,-0.246
1.745,-0.997
1.729,-2.874
1.733,-1.149
1.635,-2.089
1.629,-1.052
1.367,-2.896
1.426,-1.958
1.343,-0.665
1.341,-2.021
1.364,-0.831
1.372,-0.549
1.245,-2.796
1.28,-0.542
1.216,-0.413
1.171,-1.122
1.013,0.434
0.917,-1.884
0.854,0.328
0.869,-0.845
0.846,0.68
0.898,-0.408
0.804,-1.735
0.736,-3.339
0.636,-3.258
0.702,-3.239
0.281,-3.184
0.261,-3.269
-0.319,-3.184
-1.187,-3.161
-3.012,-3.332
2.881,-3.389
2.233,-3.394
2.09,-3.164
1.923,-3.343
1.617,-3.43
1.498,-3.432
1.445,-3.304
1.053,-3.278
0.935,-3.362
0.421,0.873
-0.325,0.96
-0.427,0.908
-0.646,0.968
-2.265,0.884
-2.897,0.901
3.069,0.854
3.069,0.851
2.981,0.87
2.251,0.761
1.606,0.873
1.37,0.663
0.249,-1.807
-0.405,-2.014
-0.668,0.387
-1.236,0.337
-2.84,-2.841
-0.713,-3.224
0.698,-1.429
0.709,-1.008
0.675,-2.475
0.677,0.697
0.47,-0.557
0.517,-1.972
0.322,-1.454
0.419,-1.4
0.273,0.419
0.381,-2.846
0.228,0.682
0.238,0.873
0.207,-0.885
0.305,-0.541
0.15,0.21
0.129,-2.493
0.095,-2.328
0.035,-1.016
0.097,-0.277
0.022,0.698
-0.041,0.034
-0.079,0.741
-0.304,-1.212
-0.326,0.499
-0.358,0.354
-0.247,-2.205
-0.417,0.378
-0.287,-0.213
-0.472,-2.531
-0.383,-1.801
-0.442,-2.87
-0.533,-2.011
-0.582,-1.383
-0.602,-1.072
-0.871,-0.194
-0.753,-1.923
-0.787,-0.697
-0.813,-0.375
-0.851,-0.196
-0.896,0.398
-0.907,-0.543
-1.039,0.752
-0.947,-1.317
-1.299,0.475
-1.323,0.363
-1.234,-1.207
-1.399,-2.379
-1.401,-1.303
-1.486,-0.206
-1.367,0.534
-1.532,-1.835
-1.432,-2.187
-1.577,0.406
-1.545,-0.624
-1.752,-0.709
-1.784,-2.415
-1.819,-2.407
-2.042,-2.052
-2.061,-1.49
-2.233,-1.073
-2.251,-0.21
-2.301,-2.263
-2.19,-0.283
-2.339,-1.55
-2.344,-1.959
-2.371,-1.467
-2.518,-1.016
-2.582,-2.21
-2.686,-1.539
-2.733,-1.028
-2.759,-1.855
-2.771,-2.244
-2.79,-1.757
-2.914,-0.55
-3.111,0.521
-3.135,-0.74
3.1,0.384
-3.074,-0.229
3.066,0.558
3.022,0.128
2.915,-0.2
3.039,-0.516
2.918,-2.288
2.883,-1.1
2.643,-1.738
2.61,-1.159
2.486,-1.227
2.566,0.301
2.391,-0.223
2.238,-2.264
2.141,-0.631
2.191,-2.049
2.036,0.224
2.094,-2.282
1.895,-2.483
1.792,-0.062
1.882,-0.544
1.676,-0.13
1.687,-1.215
1.528,-0.029
1.402,-1.838
1.409,-0.561
1.46,-0.615
1.458,-2.041
1.119,-0.19
1.206,-2.794
1.025,-0.915
1.05,-1.394
0.827,0.252
0.469,-3.362
-0.216,-3.163
-1.3,-3.267
-1.28,-3.149
-1.875,-3.185
-2.099,-3.266
-2.933,-3.312
2.598,-3.432
2.15,-3.176
1.615,-3.238
-1.603,0.626
-2.557,0.918
3.017,0.924
1.58,0.653
0.681,-2.191
0.336,-0.971
-0.363,-2.192
-1.138,-1.568
-1.36,-2.187
-1.709,-2.161
2.8,-2.216
2.186,-0.953
-0.03,-1.794
-2.006,-0.735
2.343,-1.542
2.028,-2.428
1.923,-2.014
1.483,-2.423
1.285,-2.375
1.217,-1.607
-0.321,-1.653
-1.317,0.036
1.561,-1.035
0.113,-2.904
-0.197,-2.955
-0.709,-3.116
-2.084,-3.16
-2.673,-3.002
-3.002,-3.066
3.124,-3.146
3.067,-3.073
1.711,-3.135
1.524,-3.136
-0.201,-3.357
-2.028,-3.53
-2.484,-3.391
3.098,-3.587
0.065,-3.178
-0.092,-0.074
-0.11,-2.91
-0.134,-2.075
-0.07,-2.82
-0.076,-2.654
-0.176,-2.677
-0.165,-1.69
-0.183,-1.346
-0.192,-2.206
-0.146,-0.228
-0.243,-3.597
-0.208,-0.848
-0.228,-2.505
-0.364,-0.66
-0.385,-2.385
-0.336,-1.194
-0.47,-2.231
-0.477,-1.376
-0.516,-1.629
-0.521,-2.458
-0.482,-1.603
-0.554,-0.641
-0.614,-1.829
-0.549,-1.966
-0.591,-1.536
-0.598,-2.133
-0.687,-0.445
-0.677,-1.547
-0.672,-0.11
-0.74,-0.13
-0.772,-3.351
-0.76,-0.058
-0.766,0.039
-0.792,-3.346
-0.807,-2.129
-0.791,-2.446
-0.829,-2.444
-0.842,-2.795
-0.892,-2.918
-0.951,-1.935
-0.899,-2.751
-1.005,-2.071
-1.012,-3.22
-1.012,-3.151
-0.98,-3.653
-0.998,-3.696
-1.119,-1.156
-1.077,-1.851
-1.147,-3.124
-1.157,-2.017
-1.219,-2.88
-1.255,-1.309
-1.238,-1.336
-1.336,-1.734
-1.386,-0.994
-1.293,-2.622
-1.338,-2.461
-1.414,-3.066
-1.397,-2.872
-1.369,0.038
-1.421,-0.627
-1.38,-0.213
-1.451,-0.735
-1.497,-2.502
-1.434,-1.486
-1.583,-2.156
-1.594,-3.132
-1.596,-1.195
-1.637,-2.751
-1.575,-0.079
-1.833,-2.574
-1.884,-2.466
-1.903,-2.27
-2.0,-3.009
-2.092,-1.816
-2.236,-1.809
-2.242,-2.94
-2.262,-3.36
-2.234,-0.531
-2.224,-0.632
-2.256,-3.046
-2.34,-0.183
-2.327,-2.581
-2.343,-0.424
-2.441,-2.998
-2.374,-2.63
-2.419,-2.516
-2.495,-2.843
-2.557,-0.766
-2.596,-2.613
-2.711,-2.267
-2.752,-2.265
-2.717,-0.317
-2.775,-2.341
-2.76,-1.595
-2.812,-1.235
-2.748,-0.483
-2.842,-1.925
-2.853,-1.964
-2.778,-0.287
-2.87,-3.171
-2.821,-1.659
-2.845,-3.021
-2.94,-1.604
-2.923,-0.242
-3.09,-2.82
-3.034,-0.707
-3.042,-2.805
3.14,-0.637
-3.136,-2.535
-3.108,-0.628
3.104,-2.85
3.112,-0.758
3.057,-2.233
3.03,-2.673
3.074,-0.07
3.079,-0.188
3.053,-0.955
3.054,-2.069
2.952,-2.905
3.015,-0.704
2.886,-2.881
2.874,-1.749
2.873,-2.882
2.858,-0.849
2.876,-2.049
2.793,-1.421
2.826,-0.511
2.826,-2.014
2.757,-0.251
2.793,-2.296
2.779,-1.824
2.679,-3.135
2.671,-1.221
2.712,-2.131
2.616,-1.378
2.504,-1.856
2.326,-1.747
2.307,-1.991
2.364,-0.327
2.335,-2.846
2.336,-2.293
2.257,-0.556
2.249,-0.971
2.218,-0.721
2.283,-2.049
2.181,-2.537
2.193,-2.015
2.212,-2.047
2.125,-2.633
2.1,-3.192
2.125,-0.355
1.989,-1.98
1.899,-2.025
1.888,-1.025
1.811,-1.776
1.795,-3.653
1.799,-1.928
1.701,-2.868
1.695,-1.831
1.433,-3.675
1.492,-2.737
1.409,-1.444
1.407,-2.8
1.43,-1.61
1.438,-1.328
1.311,-3.575
1.346,-1.321
1.282,-1.192
1.237,-1.901
1.079,-0.345
0.983,-2.663
0.92,-0.451
0.935,-1.624
0.912,-0.099
0.964,-1.187
0.87,-2.514
0.802,-4.118
0.702,-4.037
0.768,-4.018
0.347,-3.963
0.327,-4.048
-0.253,-3.963
-1.121,-3.94
-2.946,-4.111
2.947,-4.168
2.299,-4.173
2.156,-3.943
1.989,-4.122
1.683,-4.209
1.564,-4.211
1.511,-4.083
1.119,-4.057
1.001,-4.141
0.487,0.094
-0.259,0.181
-0.361,0.129
-0.58,0.189
-2.199,0.105
-2.831,0.122
3.135,0.075
3.135,0.072
3.047,0.091
2.317,-0.018
1.672,0.094
1.436,-0.116
0.315,-2.586
-0.339,-2.793
-0.602,-0.392
-1.17,-0.442
-2.774,-3.62
-0.647,-4.003
0.764,-2.208
0.775,-1.787
0.741,-3.254
0.743,-0.082
0.536,-1.336
0.583,-2.751
0.388,-2.233
0.485,-2.179
0.339,-0.36
0.447,-3.625
0.294,-0.097
0.304,0.094
0.273,-1.664
0.371,-1.32
0.216,-0.569
0.195,-3.272
0.161,-3.107
0.101,-1.795
0.163,-1.056
0.088,-0.081
0.025,-0.745
-0.013,-0.038
-0.238,-1.991
-0.26,-0.28
-0.292,-0.425
-0.181,-2.984
-0.351,-0.401
-0.221,-0.992
-0.406,-3.31
-0.317,-2.58
-0.376,-3.649
-0.467,-2.79
-0.516,-2.162
-0.536,-1.851
-0.805,-0.973
-0.687,-2.702
-0.721,-1.476
-0.747,-1.154
-0.785,-0.975
-0.83,-0.381
-0.841,-1.322
-0.973,-0.027
-0.881,-2.096
-1.233,-0.304
-1.257,-0.416
-1.168,-1.986
-1.333,-3.158
-1.335,-2.082
-1.42,-0.985
-1.301,-0.245
-1.466,-2.614
-1.366,-2.966
-1.511,-0.373
-1.479,-1.403
-1.686,-1.488
-1.718,-3.194
-1.753,-3.186
-1.976,-2.831
-1.995,-2.269
-2.167,-1.852
-2.185,-0.989
-2.235,-3.042
-2.124,-1.062
-2.273,-2.329
-2.278,-2.738
-2.305,-2.246
-2.452,-1.795
-2.516,-2.989
-2.62,-2.318
-2.667,-1.807
-2.693,-2.634
-2.705,-3.023
-2.724,-2.536
-2.848,-1.329
-3.045,-0.258
-3.069,-1.519
-3.117,-0.395
-3.008,-1.008
3.132,-0.221
3.088,-0.651
2.981,-0.979
3.105,-1.295
2.984,-3.067
2.949,-1.879
2.709,-2.517
2.676,-1.938
2.552,-2.006
2.632,-0.478
2.457,-1.002
2.304,-3.043
2.207,-1.41
2.257,-2.828
2.102,-0.555
2.16,-3.061
1.961,-3.262
1.858,-0.841
1.948,-1.323
1.742,-0.909
1.753,-1.994
1.594,-0.808
1.468,-2.617
1.475,-1.34
1.526,-1.394
1.524,-2.82
1.185,-0.969
1.272,-3.573
1.091,-1.694
1.116,-2.173
0.893,-0.527
0.535,-4.141
-0.15,-3.942
-1.234,-4.046
-1.214,-3.928
-1.809,-3.964
-2.033,-4.045
-2.867,-4.091
2.664,-4.211
2.216,-3.955
1.681,-4.017
-1.537,-0.153
-2.491,0.139
3.083,0.145
1.646,-0.126
0.747,-2.97
0.402,-1.75
-0.297,-2.971
-1.072,-2.347
-1.294,-2.966
-1.643,-2.94
2.866,-2.995
2.252,-1.732
0.036,-2.573
-1.94,-1.514
2.409,-2.321
2.094,-3.207
1.989,-2.793
1.549,-3.202
1.351,-3.154
1.283,-2.386
-0.255,-2.432
-1.251,-0.743
1.627,-1.814
0.179,-3.683
-0.131,-3.734
-0.643,-3.895
-2.018,-3.939
-2.607,-3.781
-2.936,-3.845
-3.093,-3.925
3.133,-3.852
1.777,-3.914
1.59,-3.915
-0.135,-4.136
-1.962,-4.309
-2.418,-4.17
-3.119,-4.366
-0.157,3.104
-0.175,0.268
-0.199,1.103
-0.135,0.358
-0.141,0.524
-0.241,0.501
-0.23,1.488
-0.248,1.832
-0.257,0.972
-0.211,2.95
-0.308,-0.419
-0.273,2.33
-0.293,0.673
-0.429,2.518
-0.45,0.793
-0.401,1.984
-0.535,0.947
-0.542,1.802
-0.581,1.549
-0.586,0.72
-0.547,1.575
-0.619,2.537
-0.679,1.349
-0.614,1.212
-0.656,1.642
-0.663,1.045
-0.752,2.733
-0.742,1.631
-0.737,3.068
-0.805,3.048
-0.837,-0.173
-0.825,3.12
-0.831,3.217
-0.857,-0.168
-0.872,1.049
-0.856,0.732
-0.894,0.734
-0.907,0.383
-0.957,0.26
-1.016,1.243
-0.964,0.427
-1.07,1.107
-1.077,-0.042
-1.077,0.027
-1.045,-0.475
-1.063,-0.518
-1.184,2.022
-1.142,1.327
-1.212,0.054
-1.222,1.161
-1.284,0.298
-1.32,1.869
-1.303,1.842
-1.401,1.444
-1.451,2.184
-1.358,0.556
-1.403,0.717
-1.479,0.112
-1.462,0.306
-1.434,3.216
-1.486,2.551
-1.445,2.965
-1.516,2.443
-1.562,0.676
-1.499,1.692
-1.648,1.022
-1.659,0.046
-1.661,1.983
-1.702,0.427
-1.64,3.099
-1.898,0.604
-1.949,0.712
-1.968,0.908
-2.065,0.169
-2.157,1.362
-2.301,1.369
-2.307,0.238
-2.327,-0.182
-2.299,2.647
-2.289,2.546
-2.321,0.132
-2.405,2.995
-2.392,0.597
-2.408,2.754
-2.506,0.18
-2.439,0.548
-2.484,0.662
-2.56,0.335
-2.622,2.412
-2.661,0.565
-2.776,0.911
-2.817,0.913
-2.782,2.861
-2.84,0.837
-2.825,1.583
-2.877,1.943
-2.813,2.695
-2.907,1.253
-2.918,1.214
-2.843,2.891
-2.935,0.007
-2.886,1.519
-2.91,0.157
-3.005,1.574
-2.988,2.936
3.128,0.358
-3.099,2.471
-3.107,0.373
3.075,2.541
3.082,0.643
3.11,2.55
3.039,0.328
3.047,2.42
2.992,0.945
2.965,0.505
3.009,3.108
3.014,2.99
2.988,2.223
2.989,1.109
2.887,0.273
2.95,2.474
2.821,0.297
2.809,1.429
2.808,0.296
2.793,2.329
2.811,1.129
2.728,1.757
2.761,2.667
2.761,1.164
2.692,2.927
2.728,0.882
2.714,1.354
2.614,0.043
2.606,1.957
2.647,1.047
2.551,1.8
2.439,1.322
2.261,1.431
2.242,1.187
2.299,2.851
2.27,0.332
2.271,0.885
2.192,2.622
2.184,2.207
2.153,2.457
2.218,1.129
2.116,0.641
2.128,1.163
2.147,1.131
2.06,0.545
2.035,-0.014
2.06,2.823
1.924,1.198
1.834,1.153
1.823,2.153
1.746,1.402
1.73,-0.475
1.734,1.25
1.636,0.31
1.63,1.347
1.368,-0.497
1.427,0.441
1.344,1.734
1.342,0.378
1.365,1.568
1.373,1.85
1.246,-0.397
1.281,1.857
1.217,1.986
1.172,1.277
1.014,2.833
0.918,0.515
0.855,2.727
0.87,1.554
0.847,3.079
0.899,1.991
0.805,0.664
0.737,-0.94
0.637,-0.859
0.703,-0.84
0.282,-0.785
0.262,-0.87
-0.318,-0.785
-1.186,-0.762
-3.011,-0.933
2.882,-0.99
2.234,-0.995
2.091,-0.765
1.924,-0.944
1.618,-1.031
1.499,-1.033
1.446,-0.905
1.054,-0.879
0.936,-0.963
0.422,3.272
-0.324,3.359
-0.426,3.307
-0.645,3.367
-2.264,3.283
-2.896,3.3
3.07,3.253
3.07,3.25
2.982,3.269
2.252,3.16
1.607,3.272
1.371,3.062
0.25,0.592
-0.404,0.385
-0.667,2.786
-1.235,2.736
-2.839,-0.442
-0.712,-0.825
0.699,0.97
0.71,1.391
0.676,-0.076
0.678,3.096
0.471,1.842
0.518,0.427
0.323,0.945
0.42,0.999
0.274,2.818
0.382,-0.447
0.229,3.081
0.239,3.272
0.208,1.514
0.306,1.858
0.151,2.609
0.13,-0.094
0.096,0.071
0.036,1.383
0.098,2.122
0.023,3.097
-0.04,2.433
-0.078,3.14
-0.303,1.187
-0.325,2.898
-0.357,2.753
-0.246,0.194
-0.416,2.777
-0.286,2.186
-0.471,-0.132
-0.382,0.598
-0.441,-0.471
-0.532,0.388
-0.581,1.016
-0.601,1.327
-0.87,2.205
-0.752,0.476
-0.786,1.702
-0.812,2.024
-0.85,2.203
-0.895,2.797
-0.906,1.856
-1.038,3.151
-0.946,1.082
-1.298,2.874
-1.322,2.762
-1.233,1.192
-1.398,0.02
-1.4,1.096
-1.485,2.193
-1.366,2.933
-1.531,0.564
-1.431,0.212
-1.576,2.805
-1.544,1.775
-1.751,1.69
-1.783,-0.016
-1.818,-0.008
-2.041,0.347
-2.06,0.909
-2.232,1.326
-2.25,2.189
-2.3,0.136
-2.189,2.116
-2.338,0.849
-2.343,0.44
-2.37,0.932
-2.517,1.383
-2.581,0.189
-2.685,0.86
-2.732,1.371
-2.758,0.544
-2.77,0.155
-2.789,0.642
-2.913,1.849
-3.11,2.92
-3.134,1.659
3.101,2.783
-3.073,2.17
3.067,2.957
3.023,2.527
2.916,2.199
3.04,1.883
2.919,0.111
2.884,1.299
2.644,0.661
2.611,1.24
2.487,1.172
2.567,2.7
2.392,2.176
2.239,0.135
2.142,1.768
2.192,0.35
2.037,2.623
2.095,0.117
1.896,-0.084
1.793,2.337
1.883,1.855
1.677,2.269
1.688,1.184
1.529,2.37
1.403,0.561
1.41,1.838
1.461,1.784
1.459,0.358
1.12,2.209
1.207,-0.395
1.026,1.484
1.051,1.005
0.828,2.651
0.47,-0.963
-0.215,-0.764
-1.299,-0.868
-1.279,-0.75
-1.874,-0.786
-2.098,-0.867
-2.932,-0.913
2.599,-1.033
2.151,-0.777
1.616,-0.839
-1.602,3.025
-2.556,3.317
3.018,3.323
1.581,3.052
0.682,0.208
0.337,1.428
-0.362,0.207
-1.137,0.831
-1.359,0.212
-1.708,0.238
2.801,0.183
2.187,1.446
-0.029,0.605
-2.005,1.664
2.344,0.857
2.029,-0.029
1.924,0.385
1.484,-0.024
1.286,0.024
1.218,0.792
-0.32,0.746
-1.316,2.435
1.562,1.364
0.114,-0.505
-0.196,-0.556
-0.708,-0.717
-2.083,-0.761
-2.672,-0.603
-3.001,-0.667
3.125,-0.747
3.068,-0.674
1.712,-0.736
1.525,-0.737
-0.2,-0.958
-2.027,-1.131
-2.483,-0.992
3.099,-1.188
-0.018,-2.836
-0.042,-2.001
0.022,-2.746
0.016,-2.58
-0.084,-2.603
-0.073,-1.616
-0.091,-1.272
-0.1,-2.132
-0.054,-0.154
-0.151,-3.523
-0.116,-0.774
-0.136,-2.431
-0.272,-0.586
-0.293,-2.311
-0.244,-1.12
-0.378,-2.157
-0.385,-1.302
-0.424,-1.555
-0.429,-2.384
-0.39,-1.529
-0.462,-0.567
-0.522,-1.755
-0.457,-1.892
-0.499,-1.462
-0.506,-2.059
-0.595,-0.371
-0.585,-1.473
-0.58,-0.036
-0.648,-0.056
-0.68,-3.277
-0.668,0.016
-0.674,0.113
-0.7,-3.272
-0.715,-2.055
-0.699,-2.372
-0.737,-2.37
-0.75,-2.721
-0.8,-2.844
-0.859,-1.861
-0.807,-2.677
-0.913,-1.997
-0.92,-3.146
-0.92,-3.077
-0.888,-3.579
-0.906,-3.622
-1.027,-1.082
-0.985,-1.777
-1.055,-3.05
-1.065,-1.943
-1.127,-2.806
-1.163,-1.235
-1.146,-1.262
-1.244,-1.66
-1.294,-0.92
-1.201,-2.548
-1.246,-2.387
-1.322,-2.992
-1.305,-2.798
-1.277,0.112
-1.329,-0.553
-1.288,-0.139
-1.359,-0.661
-1.405,-2.428
-1.342,-1.412
-1.491,-2.082
-1.502,-3.058
-1.504,-1.121
-1.545,-2.677
-1.483,-0.005
-1.741,-2.5
-1.792,-2.392
-1.811,-2.196
-1.908,-2.935
-2.0,-1.742
-2.144,-1.735
-2.15,-2.866
-2.17,-3.286
-2.142,-0.457
-2.132,-0.558
-2.164,-2.972
-2.248,-0.109
-2.235,-2.507
-2.251,-0.35
-2.349,-2.924
-2.282,-2.556
-2.327,-2.442
-2.403,-2.769
-2.465,-0.692
-2.504,-2.539
-2.619,-2.193
-2.66,-2.191
-2.625,-0.243
-2.683,-2.267
-2.668,-1.521
-2.72,-1.161
-2.656,-0.409
-2.75,-1.851
-2.761,-1.89
-2.686,-0.213
-2.778,-3.097
-2.729,-1.585
-2.753,-2.947
-2.848,-1.53
-2.831,-0.168
-2.998,-2.746
-2.942,-0.633
-2.95,-2.731
-3.051,-0.563
-3.044,-2.461
-3.016,-0.554
-3.087,-2.776
-3.079,-0.684
-3.134,-2.159
3.122,-2.599
-3.117,0.004
-3.112,-0.114
-3.138,-0.881
-3.137,-1.995
3.044,-2.831
3.107,-0.63
2.978,-2.807
2.966,-1.675
2.965,-2.808
2.95,-0.775
2.968,-1.975
2.885,-1.347
2.918,-0.437
2.918,-1.94
2.849,-0.177
2.885,-2.222
2.871,-1.75
2.771,-3.061
2.763,-1.147
2.804,-2.057
2.708,-1.304
2.596,-1.782
2.418,-1.673
2.399,-1.917
2.456,-0.253
2.427,-2.772
2.428,-2.219
2.349,-0.482
2.341,-0.897
2.31,-0.647
2.375,-1.975
2.273,-2.463
2.285,-1.941
2.304,-1.973
2.217,-2.559
2.192,-3.118
2.217,-0.281
2.081,-1.906
1.991,-1.951
1.98,-0.951
1.903,-1.702
1.887,-3.579
1.891,-1.854
1.793,-2.794
1.787,-1.757
1.525,-3.601
1.584,-2.663
1.501,-1.37
1.499,-2.726
1.522,-1.536
1.53,-1.254
1.403,-3.501
1.438,-1.247
1.374,-1.118
1.329,-1.827
1.171,-0.271
1.075,-2.589
1.012,-0.377
1.027,-1.55
1.004,-0.025
1.056,-1.113
0.962,-2.44
0.894,-4.044
0.794,-3.963
0.86,-3.944
0.439,-3.889
0.419,-3.974
-0.161,-3.889
-1.029,-3.866
-2.854,-4.037
3.039,-4.094
2.391,-4.099
2.248,-3.869
2.081,-4.048
1.775,-4.135
1.656,-4.137
1.603,-4.009
1.211,-3.983
1.093,-4.067
0.579,0.168
-0.167,0.255
-0.269,0.203
-0.488,0.263
-2.107,0.179
-2.739,0.196
-3.056,0.149
-3.056,0.146
3.139,0.165
2.409,0.056
1.764,0.168
1.528,-0.042
0.407,-2.512
-0.247,-2.719
-0.51,-0.318
-1.078,-0.368
-2.682,-3.546
-0.555,-3.929
0.856,-2.134
0.867,-1.713
0.833,-3.18
0.835,-0.008
0.628,-1.262
0.675,-2.677
0.48,-2.159
0.577,-2.105
0.431,-0.286
0.539,-3.551
0.386,-0.023
0.396,0.168
0.365,-1.59
0.463,-1.246
0.308,-0.495
0.287,-3.198
0.253,-3.033
0.193,-1.721
0.255,-0.982
0.18,-0.007
0.117,-0.671
0.079,0.036
-0.146,-1.917
-0.168,-0.206
-0.2,-0.351
-0.089,-2.91
-0.259,-0.327
-0.129,-0.918
-0.314,-3.236
-0.225,-2.506
-0.284,-3.575
-0.375,-2.716
-0.424,-2.088
-0.444,-1.777
-0.713,-0.899
-0.595,-2.628
-0.629,-1.402
-0.655,-1.08
-0.693,-0.901
-0.738,-0.307
-0.749,-1.248
-0.881,0.047
-0.789,-2.022
-1.141,-0.23
-1.165,-0.342
-1.076,-1.912
-1.241,-3.084
-1.243,-2.008
-1.328,-0.911
-1.209,-0.171
-1.374,-2.54
-1.274,-2.892
-1.419,-0.299
-1.387,-1.329
-1.594,-1.414
-1.626,-3.12
-1.661,-3.112
-1.884,-2.757
-1.903,-2.195
-2.075,-1.778
-2.093,-0.915
-2.143,-2.968
-2.032,-0.988
-2.181,-2.255
-2.186,-2.664
-2.213,-2.172
-2.36,-1.721
-2.424,-2.915
-2.528,-2.244
-2.575,-1.733
-2.601,-2.56
-2.613,-2.949
-2.632,-2.462
-2.756,-1.255
-2.953,-0.184
-2.977,-1.445
-3.025,-0.321
-2.916,-0.934
-3.059,-0.147
-3.103,-0.577
3.073,-0.905
-3.086,-1.221
3.076,-2.993
3.041,-1.805
2.801,-2.443
2.768,-1.864
2.644,-1.932
2.724,-0.404
2.549,-0.928
2.396,-2.969
2.299,-1.336
2.349,-2.754
2.194,-0.481
2.252,-2.987
2.053,-3.188
1.95,-0.767
2.04,-1.249
1.834,-0.835
1.845,-1.92
1.686,-0.734
1.56,-2.543
1.567,-1.266
1.618,-1.32
1.616,-2.746
1.277,-0.895
1.364,-3.499
1.183,-1.62
1.208,-2.099
0.985,-0.453
0.627,-4.067
-0.058,-3.868
-1.142,-3.972
-1.122,-3.854
-1.717,-3.89
-1.941,-3.971
-2.775,-4.017
2.756,-4.137
2.308,-3.881
1.773,-3.943
-1.445,-0.079
-2.399,0.213
-3.108,0.219
1.738,-0.052
0.839,-2.896
0.494,-1.676
-0.205,-2.897
-0.98,-2.273
-1.202,-2.892
-1.551,-2.866
2.958,-2.921
2.344,-1.658
0.128,-2.499
-1.848,-1.44
2.501,-2.247
2.186,-3.133
2.081,-2.719
1.641,-3.128
1.443,-3.08
1.375,-2.312
-0.163,-2.358
-1.159,-0.669
1.719,-1.74
0.271,-3.609
-0.039,-3.66
-0.551,-3.821
-1.926,-3.865
-2.515,-3.707
-2.844,-3.771
-3.001,-3.851
-3.058,-3.778
1.869,-3.84
1.682,-3.841
-0.043,-4.062
-1.87,-4.235
-2.326,-4.096
-3.027,-4.292
-0.024,0.835
0.04,0.09
0.034,0.256
-0.066,0.233
-0.055,1.22
-0.073,1.564
-0.082,0.704
-0.036,2.682
-0.133,-0.687
-0.098,2.062
-0.118,0.405
-0.254,2.25
-0.275,0.525
-0.226,1.716
-0.36,0.679
-0.367,1.534
-0.406,1.281
-0.411,0.452
-0.372,1.307
-0.444,2.269
-0.504,1.081
-0.439,0.944
-0.481,1.374
-0.488,0.777
-0.577,2.465
-0.567,1.363
-0.562,2.8
-0.63,2.78
-0.662,-0.441
-0.65,2.852
-0.656,2.949
-0.682,-0.436
-0.697,0.781
-0.681,0.464
-0.719,0.466
-0.732,0.115
-0.782,-0.008
-0.841,0.975
-0.789,0.159
-0.895,0.839
-0.902,-0.31
-0.902,-0.241
-0.87,-0.743
-0.888,-0.786
-1.009,1.754
-0.967,1.059
-1.037,-0.214
-1.047,0.893
-1.109,0.03
-1.145,1.601
-1.128,1.574
-1.226,1.176
-1.276,1.916
-1.183,0.288
-1.228,0.449
-1.304,-0.156
-1.287,0.038
-1.259,2.948
-1.311,2.283
-1.27,2.697
-1.341,2.175
-1.387,0.408
-1.324,1.424
-1.473,0.754
-1.484,-0.222
-1.486,1.715
-1.527,0.159
-1.465,2.831
-1.723,0.336
-1.774,0.444
-1.793,0.64
-1.89,-0.099
-1.982,1.094
-2.126,1.101
-2.132,-0.03
-2.152,-0.45
-2.124,2.379
-2.114,2.278
-2.146,-0.136
-2.23,2.727
-2.217,0.329
-2.233,2.486
-2.331,-0.088
-2.264,0.28
-2.309,0.394
-2.385,0.067
-2.447,2.144
-2.486,0.297
-2.601,0.643
-2.642,0.645
-2.607,2.593
-2.665,0.569
-2.65,1.315
-2.702,1.675
-2.638,2.427
-2.732,0.985
-2.743,0.946
-2.668,2.623
-2.76,-0.261
-2.711,1.251
-2.735,-0.111
-2.83,1.306
-2.813,2.668
-2.98,0.09
-2.924,2.203
-2.932,0.105
-3.033,2.273
-3.026,0.375
-2.998,2.282
-3.069,0.06
-3.061,2.152
-3.116,0.677
3.14,0.237
-3.099,2.84
-3.094,2.722
-3.12,1.955
-3.119,0.841
3.062,0.005
3.125,2.206
2.996,0.029
2.984,1.161
2.983,0.028
2.968,2.061
2.986,0.861
2.903,1.489
2.936,2.399
2.936,0.896
2.867,2.659
2.903,0.614
2.889,1.086
2.789,-0.225
2.781,1.689
2.822,0.779
2.726,1.532
2.614,1.054
2.436,1.163
2.417,0.919
2.474,2.583
2.445,0.064
2.446,0.617
2.367,2.354
2.359,1.939
2.328,2.189
2.393,0.861
2.291,0.373
2.303,0.895
2.322,0.863
2.235,0.277
2.21,-0.282
2.235,2.555
2.099,0.93
2.009,0.885
1.998,1.885
1.921,1.134
1.905,-0.743
1.909,0.982
1.811,0.042
1.805,1.079
1.543,-0.765
1.602,0.173
1.519,1.466
1.517,0.11
1.54,1.3
1.548,1.582
1.421,-0.665
1.456,1.589
1.392,1.718
1.347,1.009
1.189,2.565
1.093,0.247
1.03,2.459
1.045,1.286
1.022,2.811
1.074,1.723
0.98,0.396
0.912,-1.208
0.812,-1.127
0.878,-1.108
0.457,-1.053
0.437,-1.138
-0.143,-1.053
-1.011,-1.03
-2.836,-1.201
3.057,-1.258
2.409,-1.263
2.266,-1.033
2.099,-1.212
1.793,-1.299
1.674,-1.301
1.621,-1.173
1.229,-1.147
1.111,-1.231
0.597,3.004
-0.149,3.091
-0.251,3.039
-0.47,3.099
-2.089,3.015
-2.721,3.032
-3.038,2.985
-3.038,2.982
-3.126,3.001
2.427,2.892
1.782,3.004
1.546,2.794
0.425,0.324
-0.229,0.117
-0.492,2.518
-1.06,2.468
-2.664,-0.71
-0.537,-1.093
0.874,0.702
0.885,1.123
0.851,-0.344
0.853,2.828
0.646,1.574
0.693,0.159
0.498,0.677
0.595,0.731
0.449,2.55
0.557,-0.715
0.404,2.813
0.414,3.004
0.383,1.246
0.481,1.59
0.326,2.341
0.305,-0.362
0.271,-0.197
0.211,1.115
0.273,1.854
0.198,2.829
0.135,2.165
0.097,2.872
-0.128,0.919
-0.15,2.63
-0.182,2.485
-0.071,-0.074
-0.241,2.509
-0.111,1.918
-0.296,-0.4
-0.207,0.33
-0.266,-0.739
-0.357,0.12
-0.406,0.748
-0.426,1.059
-0.695,1.937
-0.577,0.208
-0.611,1.434
-0.637,1.756
-0.675,1.935
-0.72,2.529
-0.731,1.588
-0.863,2.883
-0.771,0.814
-1.123,2.606
-1.147,2.494
-1.058,0.924
-1.223,-0.248
-1.225,0.828
-1.31,1.925
-1.191,2.665
-1.356,0.296
-1.256,-0.056
-1.401,2.537
-1.369,1.507
-1.576,1.422
-1.608,-0.284
-1.643,-0.276
-1.866,0.079
-1.885,0.641
-2.057,1.058
-2.075,1.921
-2.125,-0.132
-2.014,1.848
-2.163,0.581
-2.168,0.172
-2.195,0.664
-2.342,1.115
-2.406,-0.079
-2.51,0.592
-2.557,1.103
-2.583,0.276
-2.595,-0.113
-2.614,0.374
-2.738,1.581
-2.935,2.652
-2.959,1.391
-3.007,2.515
-2.898,1.902
-3.041,2.689
-3.085,2.259
3.091,1.931
-3.068,1.615
3.094,-0.157
3.059,1.031
2.819,0.393
2.786,0.972
2.662,0.904
2.742,2.432
2.567,1.908
2.414,-0.133
2.317,1.5
2.367,0.082
2.212,2.355
2.27,-0.151
2.071,-0.352
1.968,2.069
2.058,1.587
1.852,2.001
1.863,0.916
1.704,2.102
1.578,0.293
1.585,1.57
1.636,1.516
1.634,0.09
1.295,1.941
1.382,-0.663
1.201,1.216
1.226,0.737
1.003,2.383
0.645,-1.231
-0.04,-1.032
-1.124,-1.136
-1.104,-1.018
-1.699,-1.054
-1.923,-1.135
-2.757,-1.181
2.774,-1.301
2.326,-1.045
1.791,-1.107
-1.427,2.757
-2.381,3.049
-3.09,3.055
1.756,2.784
0.857,-0.06
0.512,1.16
-0.187,-0.061
-0.962,0.563
-1.184,-0.056
-1.533,-0.03
2.976,-0.085
2.362,1.178
0.146,0.337
-1.83,1.396
2.519,0.589
2.204,-0.297
2.099,0.117
1.659,-0.292
1.461,-0.244
1.393,0.524
-0.145,0.478
-1.141,2.167
1.737,1.096
0.289,-0.773
-0.021,-0.824
-0.533,-0.985
-1.908,-1.029
-2.497,-0.871
-2.826,-0.935
-2.983,-1.015
-3.04,-0.942
1.887,-1.004
1.7,-1.005
-0.025,-1.226
-1.852,-1.399
-2.308,-1.26
-3.009,-1.456
0.064,-0.745
0.058,-0.579
-0.042,-0.602
-0.031,0.385
-0.049,0.729
-0.058,-0.131
-0.012,1.847
-0.109,-1.522
-0.074,1.227
-0.094,-0.43
-0.23,1.415
-0.251,-0.31
-0.202,0.881
-0.336,-0.156
-0.343,0.699
-0.382,0.446
-0.387,-0.383
-0.348,0.472
-0.42,1.434
-0.48,0.246
-0.415,0.109
-0.457,0.539
-0.464,-0.058
-0.553,1.63
-0.543,0.528
-0.538,1.965
-0.606,1.945
-0.638,-1.276
-0.626,2.017
-0.632,2.114
-0.658,-1.271
-0.673,-0.054
-0.657,-0.371
-0.695,-0.369
-0.708,-0.72
-0.758,-0.843
-0.817,0.14
-0.765,-0.676
-0.871,0.004
-0.878,-1.145
-0.878,-1.076
-0.846,-1.578
-0.864,-1.621
-0.985,0.919
-0.943,0.224
-1.013,-1.049
-1.023,0.058
-1.085,-0.805
-1.121,0.766
-1.104,0.739
-1.202,0.341
-1.252,1.081
-1.159,-0.547
-1.204,-0.386
-1.28,-0.991
-1.263,-0.797
-1.235,2.113
-1.287,1.448
-1.246,1.862
-1.317,1.34
-1.363,-0.427
-1.3,0.589
-1.449,-0.081
-1.46,-1.057
-1.462,0.88
-1.503,-0.676
-1.441,1.996
-1.699,-0.499
-1.75,-0.391
-1.769,-0.195
-1.866,-0.934
-1.958,0.259
-2.102,0.266
-2.108,-0.865
-2.128,-1.285
-2.1,1.544
-2.09,1.443
-2.122,-0.971
-2.206,1.892
-2.193,-0.506
-2.209,1.651
-2.307,-0.923
-2.24,-0.555
-2.285,-0.441
-2.361,-0.768
-2.423,1.309
-2.462,-0.538
-2.577,-0.192
-2.618,-0.19
-2.583,1.758
-2.641,-0.266
-2.626,0.48
-2.678,0.84
-2.614,1.592
-2.708,0.15
-2.719,0.111
-2.644,1.788
-2.736,-1.096
-2.687,0.416
-2.711,-0.946
-2.806,0.471
-2.789,1.833
-2.956,-0.745
-2.9,1.368
-2.908,-0.73
-3.009,1.438
-3.002,-0.46
-2.974,1.447
-3.045,-0.775
-3.037,1.317
-3.092,-0.158
-3.119,-0.598
-3.075,2.005
-3.07,1.887
-3.096,1.12
-3.095,0.006
3.086,-0.83
-3.134,1.371
3.02,-0.806
3.008,0.326
3.007,-0.807
2.992,1.226
3.01,0.026
2.927,0.654
2.96,1.564
2.96,0.061
2.891,1.824
2.927,-0.221
2.913,0.251
2.813,-1.06
2.805,0.854
2.846,-0.056
2.75,0.697
2.638,0.219
2.46,0.328
2.441,0.084
2.498,1.748
2.469,-0.771
2.47,-0.218
2.391,1.519
2.383,1.104
2.352,1.354
2.417,0.026
2.315,-0.462
2.327,0.06
2.346,0.028
2.259,-0.558
2.234,-1.117
2.259,1.72
2.123,0.095
2.033,0.05
2.022,1.05
1.945,0.299
1.929,-1.578
1.933,0.147
1.835,-0.793
1.829,0.244
1.567,-1.6
1.626,-0.662
1.543,0.631
1.541,-0.725
1.564,0.465
1.572,0.747
1.445,-1.5
1.48,0.754
1.416,0.883
1.371,0.174
1.213,1.73
1.117,-0.588
1.054,1.624
1.069,0.451
1.046,1.976
1.098,0.888
1.004,-0.439
0.936,-2.043
0.836,-1.962
0.902,-1.943
0.481,-1.888
0.461,-1.973
-0.119,-1.888
-0.987,-1.865
-2.812,-2.036
3.081,-2.093
2.433,-2.098
2.29,-1.868
2.123,-2.047
1.817,-2.134
1.698,-2.136
1.645,-2.008
1.253,-1.982
1.135,-2.066
0.621,2.169
-0.125,2.256
-0.227,2.204
-0.446,2.264
-2.065,2.18
-2.697,2.197
-3.014,2.15
-3.014,2.147
-3.102,2.166
2.451,2.057
1.806,2.169
1.57,1.959
0.449,-0.511
-0.205,-0.718
-0.468,1.683
-1.036,1.633
-2.64,-1.545
-0.513,-1.928
0.898,-0.133
0.909,0.288
0.875,-1.179
0.877,1.993
0.67,0.739
0.717,-0.676
0.522,-0.158
0.619,-0.104
0.473,1.715
0.581,-1.55
0.428,1.978
0.438,2.169
0.407,0.411
0.505,0.755
0.35,1.506
0.329,-1.197
0.295,-1.032
0.235,0.28
0.297,1.019
0.222,1.994
0.159,1.33
0.121,2.037
-0.104,0.084
-0.126,1.795
-0.158,1.65
-0.047,-0.909
-0.217,1.674
-0.087,1.083
-0.272,-1.235
-0.183,-0.505
-0.242,-1.574
-0.333,-0.715
-0.382,-0.087
-0.402,0.224
-0.671,1.102
-0.553,-0.627
-0.587,0.599
-0.613,0.921
-0.651,1.1
-0.696,1.694
-0.707,0.753
-0.839,2.048
-0.747,-0.021
-1.099,1.771
-1.123,1.659
-1.034,0.089
-1.199,-1.083
-1.201,-0.007
-1.286,1.09
-1.167,1.83
-1.332,-0.539
-1.232,-0.891
-1.377,1.702
-1.345,0.672
-1.552,0.587
-1.584,-1.119
-1.619,-1.111
-1.842,-0.756
-1.861,-0.194
-2.033,0.223
-2.051,1.086
-2.101,-0.967
-1.99,1.013
-2.139,-0.254
-2.144,-0.663
-2.171,-0.171
-2.318,0.28
-2.382,-0.914
-2.486,-0.243
-2.533,0.268
-2.559,-0.559
-2.571,-0.948
-2.59,-0.461
-2.714,0.746
-2.911,1.817
-2.935,0.556
-2.983,1.68
-2.874,1.067
-3.017,1.854
-3.061,1.424
3.115,1.096
-3.044,0.78
3.118,-0.992
3.083,0.196
2.843,-0.442
2.81,0.137
2.686,0.069
2.766,1.597
2.591,1.073
2.438,-0.968
2.341,0.665
2.391,-0.753
2.236,1.52
2.294,-0.986
2.095,-1.187
1.992,1.234
2.082,0.752
1.876,1.166
1.887,0.081
1.728,1.267
1.602,-0.542
1.609,0.735
1.66,0.681
1.658,-0.745
1.319,1.106
1.406,-1.498
1.225,0.381
1.25,-0.098
1.027,1.548
0.669,-2.066
-0.016,-1.867
-1.1,-1.971
-1.08,-1.853
-1.675,-1.889
-1.899,-1.97
-2.733,-2.016
2.798,-2.136
2.35,-1.88
1.815,-1.942
-1.403,1.922
-2.357,2.214
-3.066,2.22
1.78,1.949
0.881,-0.895
0.536,0.325
-0.163,-0.896
-0.938,-0.272
-1.16,-0.891
-1.509,-0.865
3.0,-0.92
2.386,0.343
0.17,-0.498
-1.806,0.561
2.543,-0.246
2.228,-1.132
2.123,-0.718
1.683,-1.127
1.485,-1.079
1.417,-0.311
-0.121,-0.357
-1.117,1.332
1.761,0.261
0.313,-1.608
0.003,-1.659
-0.509,-1.82
-1.884,-1.864
-2.473,-1.706
-2.802,-1.77
-2.959,-1.85
-3.016,-1.777
1.911,-1.839
1.724,-1.84
-0.001,-2.061
-1.828,-2.234
-2.284,-2.095
-2.985,-2.291
-0.006,0.166
-0.106,0.143
-0.095,1.13
-0.113,1.474
-0.122,0.614
-0.076,2.592
-0.173,-0.777
-0.138,1.972
-0.158,0.315
-0.294,2.16
-0.315,0.435
-0.266,1.626
-0.4,0.589
-0.407,1.444
-0.446,1.191
-0.451,0.362
-0.412,1.217
-0.484,2.179
-0.544,0.991
-0.479,0.854
-0.521,1.284
-0.528,0.687
-0.617,2.375
-0.607,1.273
-0.602,2.71
-0.67,2.69
-0.702,-0.531
-0.69,2.762
-0.696,2.859
-0.722,-0.526
-0.737,0.691
-0.721,0.374
-0.759,0.376
-0.772,0.025
-0.822,-0.098
-0.881,0.885
-0.829,0.069
-0.935,0.749
-0.942,-0.4
-0.942,-0.331
-0.91,-0.833
-0.928,-0.876
-1.049,1.664
-1.007,0.969
-1.077,-0.304
-1.087,0.803
-1.149,-0.06
-1.185,1.511
-1.168,1.484
-1.266,1.086
-1.316,1.826
-1.223,0.198
-1.268,0.359
-1.344,-0.246
-1.327,-0.052
-1.299,2.858
-1.351,2.193
-1.31,2.607
-1.381,2.085
-1.427,0.318
-1.364,1.334
-1.513,0.664
-1.524,-0.312
-1.526,1.625
-1.567,0.069
-1.505,2.741
-1.763,0.246
-1.814,0.354
-1.833,0.55
-1.93,-0.189
-2.022,1.004
-2.166,1.011
-2.172,-0.12
-2.192,-0.54
-2.164,2.289
-2.154,2.188
-2.186,-0.226
-2.27,2.637
-2.257,0.239
-2.273,2.396
-2.371,-0.178
-2.304,0.19
-2.349,0.304
-2.425,-0.023
-2.487,2.054
-2.526,0.207
-2.641,0.553
-2.682,0.555
-2.647,2.503
-2.705,0.479
-2.69,1.225
-2.742,1.585
-2.678,2.337
-2.772,0.895
-2.783,0.856
-2.708,2.533
-2.8,-0.351
-2.751,1.161
-2.775,-0.201
-2.87,1.216
-2.853,2.578
-3.02,0.0
-2.964,2.113
-2.972,0.015
-3.073,2.183
-3.066,0.285
-3.038,2.192
-3.109,-0.03
-3.101,2.062
3.127,0.587
3.1,0.147
-3.139,2.75
-3.134,2.632
3.123,1.865
3.124,0.751
3.022,-0.085
3.085,2.116
2.956,-0.061
2.944,1.071
2.943,-0.062
2.928,1.971
2.946,0.771
2.863,1.399
2.896,2.309
2.896,0.806
2.827,2.569
2.863,0.524
2.849,0.996
2.749,-0.315
2.741,1.599
2.782,0.689
2.686,1.442
2.574,0.964
2.396,1.073
2.377,0.829
2.434,2.493
2.405,-0.026
2.406,0.527
2.327,2.264
2.319,1.849
2.288,2.099
2.353,0.771
2.251,0.283
2.263,0.805
2.282,0.773
2.195,0.187
2.17,-0.372
2.195,2.465
2.059,0.84
1.969,0.795
1.958,1.795
1.881,1.044
1.865,-0.833
1.869,0.892
1.771,-0.048
1.765,0.989
1.503,-0.855
1.562,0.083
1.479,1.376
1.477,0.02
1.5,1.21
1.508,1.492
1.381,-0.755
1.416,1.499
1.352,1.628
1.307,0.919
1.149,2.475
1.053,0.157
0.99,2.369
1.005,1.196
0.982,2.721
1.034,1.633
0.94,0.306
0.872,-1.298
0.772,-1.217
0.838,-1.198
0.417,-1.143
0.397,-1.228
-0.183,-1.143
-1.051,-1.12
-2.876,-1.291
3.017,-1.348
2.369,-1.353
2.226,-1.123
2.059,-1.302
1.753,-1.389
1.634,-1.391
1.581,-1.263
1.189,-1.237
1.071,-1.321
0.557,2.914
-0.189,3.001
-0.291,2.949
-0.51,3.009
-2.129,2.925
-2.761,2.942
-3.078,2.895
-3.078,2.892
3.117,2.911
2.387,2.802
1.742,2.914
1.506,2.704
0.385,0.234
-0.269,0.027
-0.532,2.428
-1.1,2.378
-2.704,-0.8
-0.577,-1.183
0.834,0.612
0.845,1.033
0.811,-0.434
0.813,2.738
0.606,1.484
0.653,0.069
0.458,0.587
0.555,0.641
0.409,2.46
0.517,-0.805
0.364,2.723
0.374,2.914
0.343,1.156
0.441,1.5
0.286,2.251
0.265,-0.452
0.231,-0.287
0.171,1.025
0.233,1.764
0.158,2.739
0.095,2.075
0.057,2.782
-0.168,0.829
-0.19,2.54
-0.222,2.395
-0.111,-0.164
-0.281,2.419
-0.151,1.828
-0.336,-0.49
-0.247,0.24
-0.306,-0.829
-0.397,0.03
-0.446,0.658
-0.466,0.969
-0.735,1.847
-0.617,0.118
-0.651,1.344
-0.677,1.666
-0.715,1.845
-0.76,2.439
-0.771,1.498
-0.903,2.793
-0.811,0.724
-1.163,2.516
-1.187,2.404
-1.098,0.834
-1.263,-0.338
-1.265,0.738
-1.35,1.835
-1.231,2.575
-1.396,0.206
-1.296,-0.146
-1.441,2.447
-1.409,1.417
-1.616,1.332
-1.648,-0.374
-1.683,-0.366
-1.906,-0.011
-1.925,0.551
-2.097,0.968
-2.115,1.831
-2.165,-0.222
-2.054,1.758
-2.203,0.491
-2.208,0.082
-2.235,0.574
-2.382,1.025
-2.446,-0.169
-2.55,0.502
-2.597,1.013
-2.623,0.186
-2.635,-0.203
-2.654,0.284
-2.778,1.491
-2.975,2.562
-2.999,1.301
-3.047,2.425
-2.938,1.812
-3.081,2.599
-3.125,2.169
3.051,1.841
-3.108,1.525
3.054,-0.247
3.019,0.941
2.779,0.303
2.746,0.882
2.622,0.814
2.702,2.342
2.527,1.818
2.374,-0.223
2.277,1.41
2.327,-0.008
2.172,2.265
2.23,-0.241
2.031,-0.442
1.928,1.979
2.018,1.497
1.812,1.911
1.823,0.826
1.664,2.012
1.538,0.203
1.545,1.48
1.596,1.426
1.594,0.0
1.255,1.851
1.342,-0.753
1.161,1.126
1.186,0.647
0.963,2.293
0.605,-1.321
-0.08,-1.122
-1.164,-1.226
-1.144,-1.108
-1.739,-1.144
-1.963,-1.225
-2.797,-1.271
2.734,-1.391
2.286,-1.135
1.751,-1.197
-1.467,2.667
-2.421,2.959
-3.13,2.965
1.716,2.694
0.817,-0.15
0.472,1.07
-0.227,-0.151
-1.002,0.473
-1.224,-0.146
-1.573,-0.12
2.936,-0.175
2.322,1.088
0.106,0.247
-1.87,1.306
2.479,0.499
2.164,-0.387
2.059,0.027
1.619,-0.382
1.421,-0.334
1.353,0.434
-0.185,0.388
-1.181,2.077
1.697,1.006
0.249,-0.863
-0.061,-0.914
-0.573,-1.075
-1.948,-1.119
-2.537,-0.961
-2.866,-1.025
-3.023,-1.105
-3.08,-1.032
1.847,-1.094
1.66,-1.095
-0.065,-1.316
-1.892,-1.489
-2.348,-1.35
-3.049,-1.546
-0.1,-0.023
-0.089,0.964
-0.107,1.308
-0.116,0.448
-0.07,2.426
-0.167,-0.943
-0.132,1.806
-0.152,0.149
-0.288,1.994
-0.309,0.269
-0.26,1.46
-0.394,0.423
-0.401,1.278
-0.44,1.025
-0.445,0.196
-0.406,1.051
-0.478,2.013
-0.538,0.825
-0.473,0.688
-0.515,1.118
-0.522,0.521
-0.611,2.209
-0.601,1.107
-0.596,2.544
-0.664,2.524
-0.696,-0.697
-0.684,2.596
-0.69,2.693
-0.716,-0.692
-0.731,0.525
-0.715,0.208
-0.753,0.21
-0.766,-0.141
-0.816,-0.264
-0.875,0.719
-0.823,-0.097
-0.929,0.583
-0.936,-0.566
-0.936,-0.497
-0.904,-0.999
-0.922,-1.042
-1.043,1.498
-1.001,0.803
-1.071,-0.47
-1.081,0.637
-1.143,-0.226
-1.179,1.345
-1.162,1.318
-1.26,0.92
-1.31,1.66
-1.217,0.032
-1.262,0.193
-1.338,-0.412
-1.321,-0.218
-1.293,2.692
-1.345,2.027
-1.304,2.441
-1.375,1.919
-1.421,0.152
-1.358,1.168
-1.507,0.498
-1.518,-0.478
-1.52,1.459
-1.561,-0.097
-1.499,2.575
-1.757,0.08
-1.808,0.188
-1.827,0.384
-1.924,-0.355
-2.016,0.838
-2.16,0.845
-2.166,-0.286
-2.186,-0.706
-2.158,2.123
-2.148,2.022
-2.18,-0.392
-2.264,2.471
-2.251,0.073
-2.267,2.23
-2.365,-0.344
-2.298,0.024
-2.343,0.138
-2.419,-0.189
-2.481,1.888
-2.52,0.041
-2.635,0.387
-2.676,0.389
-2.641,2.337
-2.699,0.313
-2.684,1.059
-2.736,1.419
-2.672,2.171
-2.766,0.729
-2.777,0.69
-2.702,2.367
-2.794,-0.517
-2.745,0.995
-2.769,-0.367
-2.864,1.05
-2.847,2.412
-3.014,-0.166
-2.958,1.947
-2.966,-0.151
-3.067,2.017
-3.06,0.119
-3.032,2.026
-3.103,-0.196
-3.095,1.896
3.133,0.421
3.106,-0.019
-3.133,2.584
-3.128,2.466
3.129,1.699
3.13,0.585
3.028,-0.251
3.091,1.95
2.962,-0.227
2.95,0.905
2.949,-0.228
2.934,1.805
2.952,0.605
2.869,1.233
2.902,2.143
2.902,0.64
2.833,2.403
2.869,0.358
2.855,0.83
2.755,-0.481
2.747,1.433
2.788,0.523
2.692,1.276
2.58,0.798
2.402,0.907
2.383,0.663
2.44,2.327
2.411,-0.192
2.412,0.361
2.333,2.098
2.325,1.683
2.294,1.933
2.359,0.605
2.257,0.117
2.269,0.639
2.288,0.607
2.201,0.021
2.176,-0.538
2.201,2.299
2.065,0.674
1.975,0.629
1.964,1.629
1.887,0.878
1.871,-0.999
1.875,0.726
1.777,-0.214
1.771,0.823
1.509,-1.021
1.568,-0.083
1.485,1.21
1.483,-0.146
1.506,1.044
1.514,1.326
1.387,-0.921
1.422,1.333
1.358,1.462
1.313,0.753
1.155,2.309
1.059,-0.009
0.996,2.203
1.011,1.03
0.988,2.555
1.04,1.467
0.946,0.14
0.878,-1.464
0.778,-1.383
0.844,-1.364
0.423,-1.309
0.403,-1.394
-0.177,-1.309
-1.045,-1.286
-2.87,-1.457
3.023,-1.514
2.375,-1.519
2.232,-1.289
2.065,-1.468
1.759,-1.555
1.64,-1.557
1.587,-1.429
1.195,-1.403
1.077,-1.487
0.563,2.748
-0.183,2.835
-0.285,2.783
-0.504,2.843
-2.123,2.759
-2.755,2.776
-3.072,2.729
-3.072,2.726
3.123,2.745
2.393,2.636
1.748,2.748
1.512,2.538
0.391,0.068
-0.263,-0.139
-0.526,2.262
-1.094,2.212
-2.698,-0.966
-0.571,-1.349
0.84,0.446
0.851,0.867
0.817,-0.6
0.819,2.572
0.612,1.318
0.659,-0.097
0.464,0.421
0.561,0.475
0.415,2.294
0.523,-0.971
0.37,2.557
0.38,2.748
0.349,0.99
0.447,1.334
0.292,2.085
0.271,-0.618
0.237,-0.453
0.177,0.859
0.239,1.598
0.164,2.573
0.101,1.909
0.063,2.616
-0.162,0.663
-0.184,2.374
-0.216,2.229
-0.105,-0.33
-0.275,2.253
-0.145,1.662
-0.33,-0.656
-0.241,0.074
-0.3,-0.995
-0.391,-0.136
-0.44,0.492
-0.46,0.803
-0.729,1.681
-0.611,-0.048
-0.645,1.178
-0.671,1.5
-0.709,1.679
-0.754,2.273
-0.765,1.332
-0.897,2.627
-0.805,0.558
-1.157,2.35
-1.181,2.238
-1.092,0.668
-1.257,-0.504
-1.259,0.572
-1.344,1.669
-1.225,2.409
-1.39,0.04
-1.29,-0.312
-1.435,2.281
-1.403,1.251
-1.61,1.166
-1.642,-0.54
-1.677,-0.532
-1.9,-0.177
-1.919,0.385
-2.091,0.802
-2.109,1.665
-2.159,-0.388
-2.048,1.592
-2.197,0.325
-2.202,-0.084
-2.229,0.408
-2.376,0.859
-2.44,-0.335
-2.544,0.336
-2.591,0.847
-2.617,0.02
-2.629,-0.369
-2.648,0.118
-2.772,1.325
-2.969,2.396
-2.993,1.135
-3.041,2.259
-2.932,1.646
-3.075,2.433
-3.119,2.003
3.057,1.675
-3.102,1.359
3.06,-0.413
3.025,0.775
2.785,0.137
2.752,0.716
2.628,0.648
2.708,2.176
2.533,1.652
2.38,-0.389
2.283,1.244
2.333,-0.174
2.178,2.099
2.236,-0.407
2.037,-0.608
1.934,1.813
2.024,1.331
1.818,1.745
1.829,0.66
1.67,1.846
1.544,0.037
1.551,1.314
1.602,1.26
1.6,-0.166
1.261,1.685
1.348,-0.919
1.167,0.96
1.192,0.481
0.969,2.127
0.611,-1.487
-0.074,-1.288
-1.158,-1.392
-1.138,-1.274
-1.733,-1.31
-1.957,-1.391
-2.791,-1.437
2.74,-1.557
2.292,-1.301
1.757,-1.363
-1.461,2.501
-2.415,2.793
-3.124,2.799
1.722,2.528
0.823,-0.316
0.478,0.904
-0.221,-0.317
-0.996,0.307
-1.218,-0.312
-1.567,-0.286
2.942,-0.341
2.328,0.922
0.112,0.081
-1.864,1.14
2.485,0.333
2.17,-0.553
2.065,-0.139
1.625,-0.548
1.427,-0.5
1.359,0.268
-0.179,0.222
-1.175,1.911
1.703,0.84
0.255,-1.029
-0.055,-1.08
-0.567,-1.241
-1.942,-1.285
-2.531,-1.127
-2.86,-1.191
-3.017,-1.271
-3.074,-1.198
1.853,-1.26
1.666,-1.261
-0.059,-1.482
-1.886,-1.655
-2.342,-1.516
-3.043,-1.712
0.011,0.987
-0.007,1.331
-0.016,0.471
0.03,2.449
-0.067,-0.92
-0.032,1.829
-0.052,0.172
-0.188,2.017
-0.209,0.292
-0.16,1.483
-0.294,0.446
-0.301,1.301
-0.34,1.048
-0.345,0.219
-0.306,1.074
-0.378,2.036
-0.438,0.848
-0.373,0.711
-0.415,1.141
-0.422,0.544
-0.511,2.232
-0.501,1.13
-0.496,2.567
-0.564,2.547
-0.596,-0.674
-0.584,2.619
-0.59,2.716
-0.616,-0.669
-0.631,0.548
-0.615,0.231
-0.653,0.233
-0.666,-0.118
-0.716,-0.241
-0.775,0.742
-0.723,-0.074
-0.829,0.606
-0.836,-0.543
-0.836,-0.474
-0.804,-0.976
-0.822,-1.019
-0.943,1.521
-0.901,0.826
-0.971,-0.447
-0.981,0.66
-1.043,-0.203
-1.079,1.368
-1.062,1.341
-1.16,0.943
-1.21,1.683
-1.117,0.055
-1.162,0.216
-1.238,-0.389
-1.221,-0.195
-1.193,2.715
-1.245,2.05
-1.204,2.464
-1.275,1.942
-1.321,0.175
-1.258,1.191
-1.407,0.521
-1.418,-0.455
-1.42,1.482
-1.461,-0.074
-1.399,2.598
-1.657,0.103
-1.708,0.211
-1.727,0.407
-1.824,-0.332
-1.916,0.861
-2.06,0.868
-2.066,-0.263
-2.086,-0.683
-2.058,2.146
-2.048,2.045
-2.08,-0.369
-2.164,2.494
-2.151,0.096
-2.167,2.253
-2.265,-0.321
-2.198,0.047
-2.243,0.161
-2.319,-0.166
-2.381,1.911
-2.42,0.064
-2.535,0.41
-2.576,0.412
-2.541,2.36
-2.599,0.336
-2.584,1.082
-2.636,1.442
-2.572,2.194
-2.666,0.752
-2.677,0.713
-2.602,2.39
-2.694,-0.494
-2.645,1.018
-2.669,-0.344
-2.764,1.073
-2.747,2.435
-2.914,-0.143
-2.858,1.97
-2.866,-0.128
-2.967,2.04
-2.96,0.142
-2.932,2.049
-3.003,-0.173
-2.995,1.919
-3.05,0.444
-3.077,0.004
-3.033,2.607
-3.028,2.489
-3.054,1.722
-3.053,0.608
3.128,-0.228
-3.092,1.973
3.062,-0.204
3.05,0.928
3.049,-0.205
3.034,1.828
3.052,0.628
2.969,1.256
3.002,2.166
3.002,0.663
2.933,2.426
2.969,0.381
2.955,0.853
2.855,-0.458
2.847,1.456
2.888,0.546
2.792,1.299
2.68,0.821
2.502,0.93
2.483,0.686
2.54,2.35
2.511,-0.169
2.512,0.384
2.433,2.121
2.425,1.706
2.394,1.956
2.459,0.628
2.357,0.14
2.369,0.662
2.388,0.63
2.301,0.044
2.276,-0.515
2.301,2.322
2.165,0.697
2.075,0.652
2.064,1.652
1.987,0.901
1.971,-0.976
1.975,0.749
1.877,-0.191
1.871,0.846
1.609,-0.998
1.668,-0.06
1.585,1.233
1.583,-0.123
1.606,1.067
1.614,1.349
1.487,-0.898
1.522,1.356
1.458,1.485
1.413,0.776
1.255,2.332
1.159,0.014
1.096,2.226
1.111,1.053
1.088,2.578
1.14,1.49
1.046,0.163
0.978,-1.441
0.878,-1.36
0.944,-1.341
0.523,-1.286
0.503,-1.371
-0.077,-1.286
-0.945,-1.263
-2.77,-1.434
3.123,-1.491
2.475,-1.496
2.332,-1.266
2.165,-1.445
1.859,-1.532
1.74,-1.534
1.687,-1.406
1.295,-1.38
1.177,-1.464
0.663,2.771
-0.083,2.858
-0.185,2.806
-0.404,2.866
-2.023,2.782
-2.655,2.799
-2.972,2.752
-2.972,2.749
-3.06,2.768
2.493,2.659
1.848,2.771
1.612,2.561
0.491,0.091
-0.163,-0.116
-0.426,2.285
-0.994,2.235
-2.598,-0.943
-0.471,-1.326
0.94,0.469
0.951,0.89
0.917,-0.577
0.919,2.595
0.712,1.341
0.759,-0.074
0.564,0.444
0.661,0.498
0.515,2.317
0.623,-0.948
0.47,2.58
0.48,2.771
0.449,1.013
0.547,1.357
0.392,2.108
0.371,-0.595
0.337,-0.43
0.277,0.882
0.339,1.621
0.264,2.596
0.201,1.932
0.163,2.639
-0.062,0.686
-0.084,2.397
-0.116,2.252
-0.005,-0.307
-0.175,2.276
-0.045,1.685
-0.23,-0.633
-0.141,0.097
-0.2,-0.972
-0.291,-0.113
-0.34,0.515
-0.36,0.826
-0.629,1.704
-0.511,-0.025
-0.545,1.201
-0.571,1.523
-0.609,1.702
-0.654,2.296
-0.665,1.355
-0.797,2.65
-0.705,0.581
-1.057,2.373
-1.081,2.261
-0.992,0.691
-1.157,-0.481
-1.159,0.595
-1.244,1.692
-1.125,2.432
-1.29,0.063
-1.19,-0.289
-1.335,2.304
-1.303,1.274
-1.51,1.189
-1.542,-0.517
-1.577,-0.509
-1.8,-0.154
-1.819,0.408
-1.991,0.825
-2.009,1.688
-2.059,-0.365
-1.948,1.615
-2.097,0.348
-2.102,-0.061
-2.129,0.431
-2.276,0.882
-2.34,-0.312
-2.444,0.359
-2.491,0.87
-2.517,0.043
-2.529,-0.346
-2.548,0.141
-2.672,1.348
-2.869,2.419
-2.893,1.158
-2.941,2.282
-2.832,1.669
-2.975,2.456
-3.019,2.026
-3.126,1.698
-3.002,1.382
-3.123,-0.39
3.125,0.798
2.885,0.16
2.852,0.739
2.728,0.671
2.808,2.199
2.633,1.675
2.48,-0.366
2.383,1.267
2.433,-0.151
2.278,2.122
2.336,-0.384
2.137,-0.585
2.034,1.836
2.124,1.354
1.918,1.768
1.929,0.683
1.77,1.869
1.644,0.06
1.651,1.337
1.702,1.283
1.7,-0.143
1.361,1.708
1.448,-0.896
1.267,0.983
1.292,0.504
1.069,2.15
0.711,-1.464
0.026,-1.265
-1.058,-1.369
-1.038,-1.251
-1.633,-1.287
-1.857,-1.368
-2.691,-1.414
2.84,-1.534
2.392,-1.278
1.857,-1.34
-1.361,2.524
-2.315,2.816
-3.024,2.822
1.822,2.551
0.923,-0.293
0.578,0.927
-0.121,-0.294
-0.896,0.33
-1.118,-0.289
-1.467,-0.263
3.042,-0.318
2.428,0.945
0.212,0.104
-1.764,1.163
2.585,0.356
2.27,-0.53
2.165,-0.116
1.725,-0.525
1.527,-0.477
1.459,0.291
-0.079,0.245
-1.075,1.934
1.803,0.863
0.355,-1.006
0.045,-1.057
-0.467,-1.218
-1.842,-1.262
-2.431,-1.104
-2.76,-1.168
-2.917,-1.248
-2.974,-1.175
1.953,-1.237
1.766,-1.238
0.041,-1.459
-1.786,-1.632
-2.242,-1.493
-2.943,-1.689
-0.018,0.344
-0.027,-0.516
0.019,1.462
-0.078,-1.907
-0.043,0.842
-0.063,-0.815
-0.199,1.03
-0.22,-0.695
-0.171,0.496
-0.305,-0.541
-0.312,0.314
-0.351,0.061
-0.356,-0.768
-0.317,0.087
-0.389,1.049
-0.449,-0.139
-0.384,-0.276
-0.426,0.154
-0.433,-0.443
-0.522,1.245
-0.512,0.143
-0.507,1.58
-0.575,1.56
-0.607,-1.661
-0.595,1.632
-0.601,1.729
-0.627,-1.656
-0.642,-0.439
-0.626,-0.756
-0.664,-0.754
-0.677,-1.105
-0.727,-1.228
-0.786,-0.245
-0.734,-1.061
-0.84,-0.381
-0.847,-1.53
-0.847,-1.461
-0.815,-1.963
-0.833,-2.006
-0.954,0.534
-0.912,-0.161
-0.982,-1.434
-0.992,-0.327
-1.054,-1.19
-1.09,0.381
-1.073,0.354
-1.171,-0.044
-1.221,0.696
-1.128,-0.932
-1.173,-0.771
-1.249,-1.376
-1.232,-1.182
-1.204,1.728
-1.256,1.063
-1.215,1.477
-1.286,0.955
-1.332,-0.812
-1.269,0.204
-1.418,-0.466
-1.429,-1.442
-1.431,0.495
-1.472,-1.061
-1.41,1.611
-1.668,-0.884
-1.719,-0.776
-1.738,-0.58
-1.835,-1.319
-1.927,-0.126
-2.071,-0.119
-2.077,-1.25
-2.097,-1.67
-2.069,1.159
-2.059,1.058
-2.091,-1.356
-2.175,1.507
-2.162,-0.891
-2.178,1.266
-2.276,-1.308
-2.209,-0.94
-2.254,-0.826
-2.33,-1.153
-2.392,0.924
-2.431,-0.923
-2.546,-0.577
-2.587,-0.575
-2.552,1.373
-2.61,-0.651
-2.595,0.095
-2.647,0.455
-2.583,1.207
-2.677,-0.235
-2.688,-0.274
-2.613,1.403
-2.705,-1.481
-2.656,0.031
-2.68,-1.331
-2.775,0.086
-2.758,1.448
-2.925,-1.13
-2.869,0.983
-2.877,-1.115
-2.978,1.053
-2.971,-0.845
-2.943,1.062
-3.014,-1.16
-3.006,0.932
-3.061,-0.543
-3.088,-0.983
-3.044,1.62
-3.039,1.502
-3.065,0.735
-3.064,-0.379
3.117,-1.215
-3.103,0.986
3.051,-1.191
3.039,-0.059
3.038,-1.192
3.023,0.841
3.041,-0.359
2.958,0.269
2.991,1.179
2.991,-0.324
2.922,1.439
2.958,-0.606
2.944,-0.134
2.844,-1.445
2.836,0.469
2.877,-0.441
2.781,0.312
2.669,-0.166
2.491,-0.057
2.472,-0.301
2.529,1.363
2.5,-1.156
2.501,-0.603
2.422,1.134
2.414,0.719
2.383,0.969
2.448,-0.359
2.346,-0.847
2.358,-0.325
2.377,-0.357
2.29,-0.943
2.265,-1.502
2.29,1.335
2.154,-0.29
2.064,-0.335
2.053,0.665
1.976,-0.086
1.96,-1.963
1.964,-0.238
1.866,-1.178
1.86,-0.141
1.598,-1.985
1.657,-1.047
1.574,0.246
1.572,-1.11
1.595,0.08
1.603,0.362
1.476,-1.885
1.511,0.369
1.447,0.498
1.402,-0.211
1.244,1.345
1.148,-0.973
1.085,1.239
1.1,0.066
1.077,1.591
1.129,0.503
1.035,-0.824
0.967,-2.428
0.867,-2.347
0.933,-2.328
0.512,-2.273
0.492,-2.358
-0.088,-2.273
-0.956,-2.25
-2.781,-2.421
3.112,-2.478
2.464,-2.483
2.321,-2.253
2.154,-2.432
1.848,-2.519
1.729,-2.521
1.676,-2.393
1.284,-2.367
1.166,-2.451
0.652,1.784
-0.094,1.871
-0.196,1.819
-0.415,1.879
-2.034,1.795
-2.666,1.812
-2.983,1.765
-2.983,1.762
-3.071,1.781
2.482,1.672
1.837,1.784
1.601,1.574
0.48,-0.896
-0.174,-1.103
-0.437,1.298
-1.005,1.248
-2.609,-1.93
-0.482,-2.313
0.929,-0.518
0.94,-0.097
0.906,-1.564
0.908,1.608
0.701,0.354
0.748,-1.061
0.553,-0.543
0.65,-0.489
0.504,1.33
0.612,-1.935
0.459,1.593
0.469,1.784
0.438,0.026
0.536,0.37
0.381,1.121
0.36,-1.582
0.326,-1.417
0.266,-0.105
0.328,0.634
0.253,1.609
0.19,0.945
0.152,1.652
-0.073,-0.301
-0.095,1.41
-0.127,1.265
-0.016,-1.294
-0.186,1.289
-0.056,0.698
-0.241,-1.62
-0.152,-0.89
-0.211,-1.959
-0.302,-1.1
-0.351,-0.472
-0.371,-0.161
-0.64,0.717
-0.522,-1.012
-0.556,0.214
-0.582,0.536
-0.62,0.715
-0.665,1.309
-0.676,0.368
-0.808,1.663
-0.716,-0.406
-1.068,1.386
-1.092,1.274
-1.003,-0.296
-1.168,-1.468
-1.17,-0.392
-1.255,0.705
-1.136,1.445
-1.301,-0.924
-1.201,-1.276
-1.346,1.317
-1.314,0.287
-1.521,0.202
-1.553,-1.504
-1.588,-1.496
-1.811,-1.141
-1.83,-0.579
-2.002,-0.162
-2.02,0.701
-2.07,-1.352
-1.959,0.628
-2.108,-0.639
-2.113,-1.048
-2.14,-0.556
-2.287,-0.105
-2.351,-1.299
-2.455,-0.628
-2.502,-0.117
-2.528,-0.944
-2.54,-1.333
-2.559,-0.846
-2.683,0.361
-2.88,1.432
-2.904,0.171
-2.952,1.295
-2.843,0.682
-2.986,1.469
-3.03,1.039
-3.137,0.711
-3.013,0.395
-3.134,-1.377
3.114,-0.189
2.874,-0.827
2.841,-0.248
2.717,-0.316
2.797,1.212
2.622,0.688
2.469,-1.353
2.372,0.28
2.422,-1.138
2.267,1.135
2.325,-1.371
2.126,-1.572
2.023,0.849
2.113,0.367
1.907,0.781
1.918,-0.304
1.759,0.882
1.633,-0.927
1.64,0.35
1.691,0.296
1.689,-1.13
1.35,0.721
1.437,-1.883
1.256,-0.004
1.281,-0.483
1.058,1.163
0.7,-2.451
0.015,-2.252
-1.069,-2.356
-1.049,-2.238
-1.644,-2.274
-1.868,-2.355
-2.702,-2.401
2.829,-2.521
2.381,-2.265
1.846,-2.327
-1.372,1.537
-2.326,1.829
-3.035,1.835
1.811,1.564
0.912,-1.28
0.567,-0.06
-0.132,-1.281
-0.907,-0.657
-1.129,-1.276
-1.478,-1.25
3.031,-1.305
2.417,-0.042
0.201,-0.883
-1.775,0.176
2.574,-0.631
2.259,-1.517
2.154,-1.103
1.714,-1.512
1.516,-1.464
1.448,-0.696
-0.09,-0.742
-1.086,0.947
1.792,-0.124
0.344,-1.993
0.034,-2.044
-0.478,-2.205
-1.853,-2.249
-2.442,-2.091
-2.771,-2.155
-2.928,-2.235
-2.985,-2.162
1.942,-2.224
1.755,-2.225
0.03,-2.446
-1.797,-2.619
-2.253,-2.48
-2.954,-2.676
-0.009,-0.86
0.037,1.118
-0.06,-2.251
-0.025,0.498
-0.045,-1.159
-0.181,0.686
-0.202,-1.039
-0.153,0.152
-0.287,-0.885
-0.294,-0.03
-0.333,-0.283
-0.338,-1.112
-0.299,-0.257
-0.371,0.705
-0.431,-0.483
-0.366,-0.62
-0.408,-0.19
-0.415,-0.787
-0.504,0.901
-0.494,-0.201
-0.489,1.236
-0.557,1.216
-0.589,-2.005
-0.577,1.288
-0.583,1.385
-0.609,-2.0
-0.624,-0.783
-0.608,-1.1
-0.646,-1.098
-0.659,-1.449
-0.709,-1.572
-0.768,-0.589
-0.716,-1.405
-0.822,-0.725
-0.829,-1.874
-0.829,-1.805
-0.797,-2.307
-0.815,-2.35
-0.936,0.19
-0.894,-0.505
-0.964,-1.778
-0.974,-0.671
-1.036,-1.534
-1.072,0.037
-1.055,0.01
-1.153,-0.388
-1.203,0.352
-1.11,-1.276
-1.155,-1.115
-1.231,-1.72
-1.214,-1.526
-1.186,1.384
-1.238,0.719
-1.197,1.133
-1.268,0.611
-1.314,-1.156
-1.251,-0.14
-1.4,-0.81
-1.411,-1.786
-1.413,0.151
-1.454,-1.405
-1.392,1.267
-1.65,-1.228
-1.701,-1.12
-1.72,-0.924
-1.817,-1.663
-1.909,-0.47
-2.053,-0.463
-2.059,-1.594
-2.079,-2.014
-2.051,0.815
-2.041,0.714
-2.073,-1.7
-2.157,1.163
-2.144,-1.235
-2.16,0.922
-2.258,-1.652
-2.191,-1.284
-2.236,-1.17
-2.312,-1.497
-2.374,0.58
-2.413,-1.267
-2.528,-0.921
-2.569,-0.919
-2.534,1.029
-2.592,-0.995
-2.577,-0.249
-2.629,0.111
-2.565,0.863
-2.659,-0.579
-2.67,-0.618
-2.595,1.059
-2.687,-1.825
-2.638,-0.313
-2.662,-1.675
-2.757,-0.258
-2.74,1.104
-2.907,-1.474
-2.851,0.639
-2.859,-1.459
-2.96,0.709
-2.953,-1.189
-2.925,0.718
-2.996,-1.504
-2.988,0.588
-3.043,-0.887
-3.07,-1.327
-3.026,1.276
-3.021,1.158
-3.047,0.391
-3.046,-0.723
3.135,-1.559
-3.085,0.642
3.069,-1.535
3.057,-0.403
3.056,-1.536
3.041,0.497
3.059,-0.703
2.976,-0.075
3.009,0.835
3.009,-0.668
2.94,1.095
2.976,-0.95
2.962,-0.478
2.862,-1.789
2.854,0.125
2.895,-0.785
2.799,-0.032
2.687,-0.51
2.509,-0.401
2.49,-0.645
2.547,1.019
2.518,-1.5
2.519,-0.947
2.44,0.79
2.432,0.375
2.401,0.625
2.466,-0.703
2.364,-1.191
2.376,-0.669
2.395,-0.701
2.308,-1.287
2.283,-1.846
2.308,0.991
2.172,-0.634
2.082,-0.679
2.071,0.321
1.994,-0.43
1.978,-2.307
1.982,-0.582
1.884,-1.522
1.878,-0.485
1.616,-2.329
1.675,-1.391
1.592,-0.098
1.59,-1.454
1.613,-0.264
1.621,0.018
1.494,-2.229
1.529,0.025
1.465,0.154
1.42,-0.555
1.262,1.001
1.166,-1.317
1.103,0.895
1.118,-0.278
1.095,1.247
1.147,0.159
1.053,-1.168
0.985,-2.772
0.885,-2.691
0.951,-2.672
0.53,-2.617
0.51,-2.702
-0.07,-2.617
-0.938,-2.594
-2.763,-2.765
3.13,-2.822
2.482,-2.827
2.339,-2.597
2.172,-2.776
1.866,-2.863
1.747,-2.865
1.694,-2.737
1.302,-2.711
1.184,-2.795
0.67,1.44
-0.076,1.527
-0.178,1.475
-0.397,1.535
-2.016,1.451
-2.648,1.468
-2.965,1.421
-2.965,1.418
-3.053,1.437
2.5,1.328
1.855,1.44
1.619,1.23
0.498,-1.24
-0.156,-1.447
-0.419,0.954
-0.987,0.904
-2.591,-2.274
-0.464,-2.657
0.947,-0.862
0.958,-0.441
0.924,-1.908
0.926,1.264
0.719,0.01
0.766,-1.405
0.571,-0.887
0.668,-0.833
0.522,0.986
0.63,-2.279
0.477,1.249
0.487,1.44
0.456,-0.318
0.554,0.026
0.399,0.777
0.378,-1.926
0.344,-1.761
0.284,-0.449
0.346,0.29
0.271,1.265
0.208,0.601
0.17,1.308
-0.055,-0.645
-0.077,1.066
-0.109,0.921
0.002,-1.638
-0.168,0.945
-0.038,0.354
-0.223,-1.964
-0.134,-1.234
-0.193,-2.303
-0.284,-1.444
-0.333,-0.816
-0.353,-0.505
-0.622,0.373
-0.504,-1.356
-0.538,-0.13
-0.564,0.192
-0.602,0.371
-0.647,0.965
-0.658,0.024
-0.79,1.319
-0.698,-0.75
-1.05,1.042
-1.074,0.93
-0.985,-0.64
-1.15,-1.812
-1.152,-0.736
-1.237,0.361
-1.118,1.101
-1.283,-1.268
-1.183,-1.62
-1.328,0.973
-1.296,-0.057
-1.503,-0.142
-1.535,-1.848
-1.57,-1.84
-1.793,-1.485
-1.812,-0.923
-1.984,-0.506
-2.002,0.357
-2.052,-1.696
-1.941,0.284
-2.09,-0.983
-2.095,-1.392
-2.122,-0.9
-2.269,-0.449
-2.333,-1.643
-2.437,-0.972
-2.484,-0.461
-2.51,-1.288
-2.522,-1.677
-2.541,-1.19
-2.665,0.017
-2.862,1.088
-2.886,-0.173
-2.934,0.951
-2.825,0.338
-2.968,1.125
-3.012,0.695
-3.119,0.367
-2.995,0.051
-3.116,-1.721
3.132,-0.533
2.892,-1.171
2.859,-0.592
2.735,-0.66
2.815,0.868
2.64,0.344
2.487,-1.697
2.39,-0.064
2.44,-1.482
2.285,0.791
2.343,-1.715
2.144,-1.916
2.041,0.505
2.131,0.023
1.925,0.437
1.936,-0.648
1.777,0.538
1.651,-1.271
1.658,0.006
1.709,-0.048
1.707,-1.474
1.368,0.377
1.455,-2.227
1.274,-0.348
1.299,-0.827
1.076,0.819
0.718,-2.795
0.033,-2.596
-1.051,-2.7
-1.031,-2.582
-1.626,-2.618
-1.85,-2.699
-2.684,-2.745
2.847,-2.865
2.399,-2.609
1.864,-2.671
-1.354,1.193
-2.308,1.485
-3.017,1.491
1.829,1.22
0.93,-1.624
0.585,-0.404
-0.114,-1.625
-0.889,-1.001
-1.111,-1.62
-1.46,-1.594
3.049,-1.649
2.435,-0.386
0.219,-1.227
-1.757,-0.168
2.592,-0.975
2.277,-1.861
2.172,-1.447
1.732,-1.856
1.534,-1.808
1.466,-1.04
-0.072,-1.086
-1.068,0.603
1.81,-0.468
0.362,-2.337
0.052,-2.388
-0.46,-2.549
-1.835,-2.593
-2.424,-2.435
-2.753,-2.499
-2.91,-2.579
-2.967,-2.506
1.96,-2.568
1.773,-2.569
0.048,-2.79
-1.779,-2.963
-2.235,-2.824
-2.936,-3.02
0.046,1.978
-0.051,-1.391
-0.016,1.358
-0.036,-0.299
-0.172,1.546
-0.193,-0.179
-0.144,1.012
-0.278,-0.025
-0.285,0.83
-0.324,0.577
-0.329,-0.252
-0.29,0.603
-0.362,1.565
-0.422,0.377
-0.357,0.24
-0.399,0.67
-0.406,0.073
-0.495,1.761
-0.485,0.659
-0.48,2.096
-0.548,2.076
-0.58,-1.145
-0.568,2.148
-0.574,2.245
-0.6,-1.14
-0.615,0.077
-0.599,-0.24
-0.637,-0.238
-0.65,-0.589
-0.7,-0.712
-0.759,0.271
-0.707,-0.545
-0.813,0.135
-0.82,-1.014
-0.82,-0.945
-0.788,-1.447
-0.806,-1.49
-0.927,1.05
-0.885,0.355
-0.955,-0.918
-0.965,0.189
-1.027,-0.674
-1.063,0.897
-1.046,0.87
-1.144,0.472
-1.194,1.212
-1.101,-0.416
-1.146,-0.255
-1.222,-0.86
-1.205,-0.666
-1.177,2.244
-1.229,1.579
-1.188,1.993
-1.259,1.471
-1.305,-0.296
-1.242,0.72
-1.391,0.05
-1.402,-0.926
-1.404,1.011
-1.445,-0.545
-1.383,2.127
-1.641,-0.368
-1.692,-0.26
-1.711,-0.064
-1.808,-0.803
-1.9,0.39
-2.044,0.397
-2.05,-0.734
-2.07,-1.154
-2.042,1.675
-2.032,1.574
-2.064,-0.84
-2.148,2.023
-2.135,-0.375
-2.151,1.782
-2.249,-0.792
-2.182,-0.424
-2.227,-0.31
-2.303,-0.637
-2.365,1.44
-2.404,-0.407
-2.519,-0.061
-2.56,-0.059
-2.525,1.889
-2.583,-0.135
-2.568,0.611
-2.62,0.971
-2.556,1.723
-2.65,0.281
-2.661,0.242
-2.586,1.919
-2.678,-0.965
-2.629,0.547
-2.653,-0.815
-2.748,0.602
-2.731,1.964
-2.898,-0.614
-2.842,1.499
-2.85,-0.599
-2.951,1.569
-2.944,-0.329
-2.916,1.578
-2.987,-0.644
-2.979,1.448
-3.034,-0.027
-3.061,-0.467
-3.017,2.136
-3.012,2.018
-3.038,1.251
-3.037,0.137
-3.139,-0.699
-3.076,1.502
3.078,-0.675
3.066,0.457
3.065,-0.676
3.05,1.357
3.068,0.157
2.985,0.785
3.018,1.695
3.018,0.192
2.949,1.955
2.985,-0.09
2.971,0.382
2.871,-0.929
2.863,0.985
2.904,0.075
2.808,0.828
2.696,0.35
2.518,0.459
2.499,0.215
2.556,1.879
2.527,-0.64
2.528,-0.087
2.449,1.65
2.441,1.235
2.41,1.485
2.475,0.157
2.373,-0.331
2.385,0.191
2.404,0.159
2.317,-0.427
2.292,-0.986
2.317,1.851
2.181,0.226
2.091,0.181
2.08,1.181
2.003,0.43
1.987,-1.447
1.991,0.278
1.893,-0.662
1.887,0.375
1.625,-1.469
1.684,-0.531
1.601,0.762
1.599,-0.594
1.622,0.596
1.63,0.878
1.503,-1.369
1.538,0.885
1.474,1.014
1.429,0.305
1.271,1.861
1.175,-0.457
1.112,1.755
1.127,0.582
1.104,2.107
1.156,1.019
1.062,-0.308
0.994,-1.912
0.894,-1.831
0.96,-1.812
0.539,-1.757
0.519,-1.842
-0.061,-1.757
-0.929,-1.734
-2.754,-1.905
3.139,-1.962
2.491,-1.967
2.348,-1.737
2.181,-1.916
1.875,-2.003
1.756,-2.005
1.703,-1.877
1.311,-1.851
1.193,-1.935
0.679,2.3
-0.067,2.387
-0.169,2.335
-0.388,2.395
-2.007,2.311
-2.639,2.328
-2.956,2.281
-2.956,2.278
-3.044,2.297
2.509,2.188
1.864,2.3
1.628,2.09
0.507,-0.38
-0.147,-0.587
-0.41,1.814
-0.978,1.764
-2.582,-1.414
-0.455,-1.797
0.956,-0.002
0.967,0.419
0.933,-1.048
0.935,2.124
0.728,0.87
0.775,-0.545
0.58,-0.027
0.677,0.027
0.531,1.846
0.639,-1.419
0.486,2.109
0.496,2.3
0.465,0.542
0.563,0.886
0.408,1.637
0.387,-1.066
0.353,-0.901
0.293,0.411
0.355,1.15
0.28,2.125
0.217,1.461
0.179,2.168
-0.046,0.215
-0.068,1.926
-0.1,1.781
0.011,-0.778
-0.159,1.805
-0.029,1.214
-0.214,-1.104
-0.125,-0.374
-0.184,-1.443
-0.275,-0.584
-0.324,0.044
-0.344,0.355
-0.613,1.233
-0.495,-0.496
-0.529,0.73
-0.555,1.052
-0.593,1.231
-0.638,1.825
-0.649,0.884
-0.781,2.179
-0.689,0.11
-1.041,1.902
-1.065,1.79
-0.976,0.22
-1.141,-0.952
-1.143,0.124
-1.228,1.221
-1.109,1.961
-1.274,-0.408
-1.174,-0.76
-1.319,1.833
-1.287,0.803
-1.494,0.718
-1.526,-0.988
-1.561,-0.98
-1.784,-0.625
-1.803,-0.063
-1.975,0.354
-1.993,1.217
-2.043,-0.836
-1.932,1.144
-2.081,-0.123
-2.086,-0.532
-2.113,-0.04
-2.26,0.411
-2.324,-0.783
-2.428,-0.112
-2.475,0.399
-2.501,-0.428
-2.513,-0.817
-2.532,-0.33
-2.656,0.877
-2.853,1.948
-2.877,0.687
-2.925,1.811
-2.816,1.198
-2.959,1.985
-3.003,1.555
-3.11,1.227
-2.986,0.911
-3.107,-0.861
3.141,0.327
2.901,-0.311
2.868,0.268
2.744,0.2
2.824,1.728
2.649,1.204
2.496,-0.837
2.399,0.796
2.449,-0.622
2.294,1.651
2.352,-0.855
2.153,-1.056
2.05,1.365
2.14,0.883
1.934,1.297
1.945,0.212
1.786,1.398
1.66,-0.411
1.667,0.866
1.718,0.812
1.716,-0.614
1.377,1.237
1.464,-1.367
1.283,0.512
1.308,0.033
1.085,1.679
0.727,-1.935
0.042,-1.736
-1.042,-1.84
-1.022,-1.722
-1.617,-1.758
-1.841,-1.839
-2.675,-1.885
2.856,-2.005
2.408,-1.749
1.873,-1.811
-1.345,2.053
-2.299,2.345
-3.008,2.351
1.838,2.08
0.939,-0.764
0.594,0.456
-0.105,-0.765
-0.88,-0.141
-1.102,-0.76
-1.451,-0.734
3.058,-0.789
2.444,0.474
0.228,-0.367
-1.748,0.692
2.601,-0.115
2.286,-1.001
2.181,-0.587
1.741,-0.996
1.543,-0.948
1.475,-0.18
-0.063,-0.226
-1.059,1.463
1.819,0.392
0.371,-1.477
0.061,-1.528
-0.451,-1.689
-1.826,-1.733
-2.415,-1.575
-2.744,-1.639
-2.901,-1.719
-2.958,-1.646
1.969,-1.708
1.782,-1.709
0.057,-1.93
-1.77,-2.103
-2.226,-1.964
-2.927,-2.16
-0.097,-3.369
-0.062,-0.62
-0.082,-2.277
-0.218,-0.432
-0.239,-2.157
-0.19,-0.966
-0.324,-2.003
-0.331,-1.148
-0.37,-1.401
-0.375,-2.23
-0.336,-1.375
-0.408,-0.413
-0.468,-1.601
-0.403,-1.738
-0.445,-1.308
-0.452,-1.905
-0.541,-0.217
-0.531,-1.319
-0.526,0.118
-0.594,0.098
-0.626,-3.123
-0.614,0.17
-0.62,0.267
-0.646,-3.118
-0.661,-1.901
-0.645,-2.218
-0.683,-2.216
-0.696,-2.567
-0.746,-2.69
-0.805,-1.707
-0.753,-2.523
-0.859,-1.843
-0.866,-2.992
-0.866,-2.923
-0.834,-3.425
-0.852,-3.468
-0.973,-0.928
-0.931,-1.623
-1.001,-2.896
-1.011,-1.789
-1.073,-2.652
-1.109,-1.081
-1.092,-1.108
-1.19,-1.506
-1.24,-0.766
-1.147,-2.394
-1.192,-2.233
-1.268,-2.838
-1.251,-2.644
-1.223,0.266
-1.275,-0.399
-1.234,0.015
-1.305,-0.507
-1.351,-2.274
-1.288,-1.258
-1.437,-1.928
-1.448,-2.904
-1.45,-0.967
-1.491,-2.523
-1.429,0.149
-1.687,-2.346
-1.738,-2.238
-1.757,-2.042
-1.854,-2.781
-1.946,-1.588
-2.09,-1.581
-2.096,-2.712
-2.116,-3.132
-2.088,-0.303
-2.078,-0.404
-2.11,-2.818
-2.194,0.045
-2.181,-2.353
-2.197,-0.196
-2.295,-2.77
-2.228,-2.402
-2.273,-2.288
-2.349,-2.615
-2.411,-0.538
-2.45,-2.385
-2.565,-2.039
-2.606,-2.037
-2.571,-0.089
-2.629,-2.113
-2.614,-1.367
-2.666,-1.007
-2.602,-0.255
-2.696,-1.697
-2.707,-1.736
-2.632,-0.059
-2.724,-2.943
-2.675,-1.431
-2.699,-2.793
-2.794,-1.376
-2.777,-0.014
-2.944,-2.592
-2.888,-0.479
-2.896,-2.577
-2.997,-0.409
-2.99,-2.307
-2.962,-0.4
-3.033,-2.622
-3.025,-0.53
-3.08,-2.005
-3.107,-2.445
-3.063,0.158
-3.058,0.04
-3.084,-0.727
-3.083,-1.841
3.098,-2.677
-3.122,-0.476
3.032,-2.653
3.02,-1.521
3.019,-2.654
3.004,-0.621
3.022,-1.821
2.939,-1.193
2.972,-0.283
2.972,-1.786
2.903,-0.023
2.939,-2.068
2.925,-1.596
2.825,-2.907
2.817,-0.993
2.858,-1.903
2.762,-1.15
2.65,-1.628
2.472,-1.519
2.453,-1.763
2.51,-0.099
2.481,-2.618
2.482,-2.065
2.403,-0.328
2.395,-0.743
2.364,-0.493
2.429,-1.821
2.327,-2.309
2.339,-1.787
2.358,-1.819
2.271,-2.405
2.246,-2.964
2.271,-0.127
2.135,-1.752
2.045,-1.797
2.034,-0.797
1.957,-1.548
1.941,-3.425
1.945,-1.7
1.847,-2.64
1.841,-1.603
1.579,-3.447
1.638,-2.509
1.555,-1.216
1.553,-2.572
1.576,-1.382
1.584,-1.1
1.457,-3.347
1.492,-1.093
1.428,-0.964
1.383,-1.673
1.225,-0.117
1.129,-2.435
1.066,-0.223
1.081,-1.396
1.058,0.129
1.11,-0.959
1.016,-2.286
0.948,-3.89
0.848,-3.809
0.914,-3.79
0.493,-3.735
0.473,-3.82
-0.107,-3.735
-0.975,-3.712
-2.8,-3.883
3.093,-3.94
2.445,-3.945
2.302,-3.715
2.135,-3.894
1.829,-3.981
1.71,-3.983
1.657,-3.855
1.265,-3.829
1.147,-3.913
0.633,0.322
-0.113,0.409
-0.215,0.357
-0.434,0.417
-2.053,0.333
-2.685,0.35
-3.002,0.303
-3.002,0.3
-3.09,0.319
2.463,0.21
1.818,0.322
1.582,0.112
0.461,-2.358
-0.193,-2.565
-0.456,-0.164
-1.024,-0.214
-2.628,-3.392
-0.501,-3.775
0.91,-1.98
0.921,-1.559
0.887,-3.026
0.889,0.146
0.682,-1.108
0.729,-2.523
0.534,-2.005
0.631,-1.951
0.485,-0.132
0.593,-3.397
0.44,0.131
0.45,0.322
0.419,-1.436
0.517,-1.092
0.362,-0.341
0.341,-3.044
0.307,-2.879
0.247,-1.567
0.309,-0.828
0.234,0.147
0.171,-0.517
0.133,0.19
-0.092,-1.763
-0.114,-0.052
-0.146,-0.197
-0.035,-2.756
-0.205,-0.173
-0.075,-0.764
-0.26,-3.082
-0.171,-2.352
-0.23,-3.421
-0.321,-2.562
-0.37,-1.934
-0.39,-1.623
-0.659,-0.745
-0.541,-2.474
-0.575,-1.248
-0.601,-0.926
-0.639,-0.747
-0.684,-0.153
-0.695,-1.094
-0.827,0.201
-0.735,-1.868
-1.087,-0.076
-1.111,-0.188
-1.022,-1.758
-1.187,-2.93
-1.189,-1.854
-1.274,-0.757
-1.155,-0.017
-1.32,-2.386
-1.22,-2.738
-1.365,-0.145
-1.333,-1.175
-1.54,-1.26
-1.572,-2.966
-1.607,-2.958
-1.83,-2.603
-1.849,-2.041
-2.021,-1.624
-2.039,-0.761
-2.089,-2.814
-1.978,-0.834
-2.127,-2.101
-2.132,-2.51
-2.159,-2.018
-2.306,-1.567
-2.37,-2.761
-2.474,-2.09
-2.521,-1.579
-2.547,-2.406
-2.559,-2.795
-2.578,-2.308
-2.702,-1.101
-2.899,-0.03
-2.923,-1.291
-2.971,-0.167
-2.862,-0.78
-3.005,0.007
-3.049,-0.423
3.127,-0.751
-3.032,-1.067
3.13,-2.839
3.095,-1.651
2.855,-2.289
2.822,-1.71
2.698,-1.778
2.778,-0.25
2.603,-0.774
2.45,-2.815
2.353,-1.182
2.403,-2.6
2.248,-0.327
2.306,-2.833
2.107,-3.034
2.004,-0.613
2.094,-1.095
1.888,-0.681
1.899,-1.766
1.74,-0.58
1.614,-2.389
1.621,-1.112
1.672,-1.166
1.67,-2.592
1.331,-0.741
1.418,-3.345
1.237,-1.466
1.262,-1.945
1.039,-0.299
0.681,-3.913
-0.004,-3.714
-1.088,-3.818
-1.068,-3.7
-1.663,-3.736
-1.887,-3.817
-2.721,-3.863
2.81,-3.983
2.362,-3.727
1.827,-3.789
-1.391,0.075
-2.345,0.367
-3.054,0.373
1.792,0.102
0.893,-2.742
0.548,-1.522
-0.151,-2.743
-0.926,-2.119
-1.148,-2.738
-1.497,-2.712
3.012,-2.767
2.398,-1.504
0.182,-2.345
-1.794,-1.286
2.555,-2.093
2.24,-2.979
2.135,-2.565
1.695,-2.974
1.497,-2.926
1.429,-2.158
-0.109,-2.204
-1.105,-0.515
1.773,-1.586
0.325,-3.455
0.015,-3.506
-0.497,-3.667
-1.872,-3.711
-2.461,-3.553
-2.79,-3.617
-2.947,-3.697
-3.004,-3.624
1.923,-3.686
1.736,-3.687
0.011,-3.908
-1.816,-4.081
-2.272,-3.942
-2.973,-4.138
0.035,2.749
0.015,1.092
-0.121,2.937
-0.142,1.212
-0.093,2.403
-0.227,1.366
-0.234,2.221
-0.273,1.968
-0.278,1.139
-0.239,1.994
-0.311,2.956
-0.371,1.768
-0.306,1.631
-0.348,2.061
-0.355,1.464
-0.444,3.152
-0.434,2.05
-0.429,3.487
-0.497,3.467
-0.529,0.246
-0.517,3.539
-0.523,3.636
-0.549,0.251
-0.564,1.468
-0.548,1.151
-0.586,1.153
-0.599,0.802
-0.649,0.679
-0.708,1.662
-0.656,0.846
-0.762,1.526
-0.769,0.377
-0.769,0.446
-0.737,-0.056
-0.755,-0.099
-0.876,2.441
-0.834,1.746
-0.904,0.473
-0.914,1.58
-0.976,0.717
-1.012,2.288
-0.995,2.261
-1.093,1.863
-1.143,2.603
-1.05,0.975
-1.095,1.136
-1.171,0.531
-1.154,0.725
-1.126,3.635
-1.178,2.97
-1.137,3.384
-1.208,2.862
-1.254,1.095
-1.191,2.111
-1.34,1.441
-1.351,0.465
-1.353,2.402
-1.394,0.846
-1.332,3.518
-1.59,1.023
-1.641,1.131
-1.66,1.327
-1.757,0.588
-1.849,1.781
-1.993,1.788
-1.999,0.657
-2.019,0.237
-1.991,3.066
-1.981,2.965
-2.013,0.551
-2.097,3.414
-2.084,1.016
-2.1,3.173
-2.198,0.599
-2.131,0.967
-2.176,1.081
-2.252,0.754
-2.314,2.831
-2.353,0.984
-2.468,1.33
-2.509,1.332
-2.474,3.28
-2.532,1.256
-2.517,2.002
-2.569,2.362
-2.505,3.114
-2.599,1.672
-2.61,1.633
-2.535,3.31
-2.627,0.426
-2.578,1.938
-2.602,0.576
-2.697,1.993
-2.68,3.355
-2.847,0.777
-2.791,2.89
-2.799,0.792
-2.9,2.96
-2.893,1.062
-2.865,2.969
-2.936,0.747
-2.928,2.839
-2.983,1.364
-3.01,0.924
-2.966,3.527
-2.961,3.409
-2.987,2.642
-2.986,1.528
-3.088,0.692
-3.025,2.893
3.129,0.716
3.117,1.848
3.116,0.715
3.101,2.748
3.119,1.548
3.036,2.176
3.069,3.086
3.069,1.583
3.0,3.346
3.036,1.301
3.022,1.773
2.922,0.462
2.914,2.376
2.955,1.466
2.859,2.219
2.747,1.741
2.569,1.85
2.55,1.606
2.607,3.27
2.578,0.751
2.579,1.304
2.5,3.041
2.492,2.626
2.461,2.876
2.526,1.548
2.424,1.06
2.436,1.582
2.455,1.55
2.368,0.964
2.343,0.405
2.368,3.242
2.232,1.617
2.142,1.572
2.131,2.572
2.054,1.821
2.038,-0.056
2.042,1.669
1.944,0.729
1.938,1.766
1.676,-0.078
1.735,0.86
1.652,2.153
1.65,0.797
1.673,1.987
1.681,2.269
1.554,0.022
1.589,2.276
1.525,2.405
1.48,1.696
1.322,3.252
1.226,0.934
1.163,3.146
1.178,1.973
1.155,3.498
1.207,2.41
1.113,1.083
1.045,-0.521
0.945,-0.44
1.011,-0.421
0.59,-0.366
0.57,-0.451
-0.01,-0.366
-0.878,-0.343
-2.703,-0.514
-3.093,-0.571
2.542,-0.576
2.399,-0.346
2.232,-0.525
1.926,-0.612
1.807,-0.614
1.754,-0.486
1.362,-0.46
1.244,-0.544
0.73,3.691
-0.016,3.778
-0.118,3.726
-0.337,3.786
-1.956,3.702
-2.588,3.719
-2.905,3.672
-2.905,3.669
-2.993,3.688
2.56,3.579
1.915,3.691
1.679,3.481
0.558,1.011
-0.096,0.804
-0.359,3.205
-0.927,3.155
-2.531,-0.023
-0.404,-0.406
1.007,1.389
1.018,1.81
0.984,0.343
0.986,3.515
0.779,2.261
0.826,0.846
0.631,1.364
0.728,1.418
0.582,3.237
0.69,-0.028
0.537,3.5
0.547,3.691
0.516,1.933
0.614,2.277
0.459,3.028
0.438,0.325
0.404,0.49
0.344,1.802
0.406,2.541
0.331,3.516
0.268,2.852
0.23,3.559
0.005,1.606
-0.017,3.317
-0.049,3.172
0.062,0.613
-0.108,3.196
0.022,2.605
-0.163,0.287
-0.074,1.017
-0.133,-0.052
-0.224,0.807
-0.273,1.435
-0.293,1.746
-0.562,2.624
-0.444,0.895
-0.478,2.121
-0.504,2.443
-0.542,2.622
-0.587,3.216
-0.598,2.275
-0.73,3.57
-0.638,1.501
-0.99,3.293
-1.014,3.181
-0.925,1.611
-1.09,0.439
-1.092,1.515
-1.177,2.612
-1.058,3.352
-1.223,0.983
-1.123,0.631
-1.268,3.224
-1.236,2.194
-1.443,2.109
-1.475,0.403
-1.51,0.411
-1.733,0.766
-1.752,1.328
-1.924,1.745
-1.942,2.608
-1.992,0.555
-1.881,2.535
-2.03,1.268
-2.035,0.859
-2.062,1.351
-2.209,1.802
-2.273,0.608
-2.377,1.279
-2.424,1.79
-2.45,0.963
-2.462,0.574
-2.481,1.061
-2.605,2.268
-2.802,3.339
-2.826,2.078
-2.874,3.202
-2.765,2.589
-2.908,3.376
-2.952,2.946
-3.059,2.618
-2.935,2.302
-3.056,0.53
-3.091,1.718
2.952,1.08
2.919,1.659
2.795,1.591
2.875,3.119
2.7,2.595
2.547,0.554
2.45,2.187
2.5,0.769
2.345,3.042
2.403,0.536
2.204,0.335
2.101,2.756
2.191,2.274
1.985,2.688
1.996,1.603
1.837,2.789
1.711,0.98
1.718,2.257
1.769,2.203
1.767,0.777
1.428,2.628
1.515,0.024
1.334,1.903
1.359,1.424
1.136,3.07
0.778,-0.544
0.093,-0.345
-0.991,-0.449
-0.971,-0.331
-1.566,-0.367
-1.79,-0.448
-2.624,-0.494
2.907,-0.614
2.459,-0.358
1.924,-0.42
-1.294,3.444
-2.248,3.736
-2.957,3.742
1.889,3.471
0.99,0.627
0.645,1.847
-0.054,0.626
-0.829,1.25
-1.051,0.631
-1.4,0.657
3.109,0.602
2.495,1.865
0.279,1.024
-1.697,2.083
2.652,1.276
2.337,0.39
2.232,0.804
1.792,0.395
1.594,0.443
1.526,1.211
-0.012,1.165
-1.008,2.854
1.87,1.783
0.422,-0.086
0.112,-0.137
-0.4,-0.298
-1.775,-0.342
-2.364,-0.184
-2.693,-0.248
-2.85,-0.328
-2.907,-0.255
2.02,-0.317
1.833,-0.318
0.108,-0.539
-1.719,-0.712
-2.175,-0.573
-2.876,-0.769
-0.02,-1.657
-0.156,0.188
-0.177,-1.537
-0.128,-0.346
-0.262,-1.383
-0.269,-0.528
-0.308,-0.781
-0.313,-1.61
-0.274,-0.755
-0.346,0.207
-0.406,-0.981
-0.341,-1.118
-0.383,-0.688
-0.39,-1.285
-0.479,0.403
-0.469,-0.699
-0.464,0.738
-0.532,0.718
-0.564,-2.503
-0.552,0.79
-0.558,0.887
-0.584,-2.498
-0.599,-1.281
-0.583,-1.598
-0.621,-1.596
-0.634,-1.947
-0.684,-2.07
-0.743,-1.087
-0.691,-1.903
-0.797,-1.223
-0.804,-2.372
-0.804,-2.303
-0.772,-2.805
-0.79,-2.848
-0.911,-0.308
-0.869,-1.003
-0.939,-2.276
-0.949,-1.169
-1.011,-2.032
-1.047,-0.461
-1.03,-0.488
-1.128,-0.886
-1.178,-0.146
-1.085,-1.774
-1.13,-1.613
-1.206,-2.218
-1.189,-2.024
-1.161,0.886
-1.213,0.221
-1.172,0.635
-1.243,0.113
-1.289,-1.654
-1.226,-0.638
-1.375,-1.308
-1.386,-2.284
-1.388,-0.347
-1.429,-1.903
-1.367,0.769
-1.625,-1.726
-1.676,-1.618
-1.695,-1.422
-1.792,-2.161
-1.884,-0.968
-2.028,-0.961
-2.034,-2.092
-2.054,-2.512
-2.026,0.317
-2.016,0.216
-2.048,-2.198
-2.132,0.665
-2.119,-1.733
-2.135,0.424
-2.233,-2.15
-2.166,-1.782
-2.211,-1.668
-2.287,-1.995
-2.349,0.082
-2.388,-1.765
-2.503,-1.419
-2.544,-1.417
-2.509,0.531
-2.567,-1.493
-2.552,-0.747
-2.604,-0.387
-2.54,0.365
-2.634,-1.077
-2.645,-1.116
-2.57,0.561
-2.662,-2.323
-2.613,-0.811
-2.637,-2.173
-2.732,-0.756
-2.715,0.606
-2.882,-1.972
-2.826,0.141
-2.834,-1.957
-2.935,0.211
-2.928,-1.687
-2.9,0.22
-2.971,-2.002
-2.963,0.09
-3.018,-1.385
-3.045,-1.825
-3.001,0.778
-2.996,0.66
-3.022,-0.107
-3.021,-1.221
-3.123,-2.057
-3.06,0.144
3.094,-2.033
3.082,-0.901
3.081,-2.034
3.066,-0.001
3.084,-1.201
3.001,-0.573
3.034,0.337
3.034,-1.166
2.965,0.597
3.001,-1.448
2.987,-0.976
2.887,-2.287
2.879,-0.373
2.92,-1.283
2.824,-0.53
2.712,-1.008
2.534,-0.899
2.515,-1.143
2.572,0.521
2.543,-1.998
2.544,-1.445
2.465,0.292
2.457,-0.123
2.426,0.127
2.491,-1.201
2.389,-1.689
2.401,-1.167
2.42,-1.199
2.333,-1.785
2.308,-2.344
2.333,0.493
2.197,-1.132
2.107,-1.177
2.096,-0.177
2.019,-0.928
2.003,-2.805
2.007,-1.08
1.909,-2.02
1.903,-0.983
1.641,-2.827
1.7,-1.889
1.617,-0.596
1.615,-1.952
1.638,-0.762
1.646,-0.48
1.519,-2.727
1.554,-0.473
1.49,-0.344
1.445,-1.053
1.287,0.503
1.191,-1.815
1.128,0.397
1.143,-0.776
1.12,0.749
1.172,-0.339
1.078,-1.666
1.01,-3.27
0.91,-3.189
0.976,-3.17
0.555,-3.115
0.535,-3.2
-0.045,-3.115
-0.913,-3.092
-2.738,-3.263
-3.128,-3.32
2.507,-3.325
2.364,-3.095
2.197,-3.274
1.891,-3.361
1.772,-3.363
1.719,-3.235
1.327,-3.209
1.209,-3.293
0.695,0.942
-0.051,1.029
-0.153,0.977
-0.372,1.037
-1.991,0.953
-2.623,0.97
-2.94,0.923
-2.94,0.92
-3.028,0.939
2.525,0.83
1.88,0.942
1.644,0.732
0.523,-1.738
-0.131,-1.945
-0.394,0.456
-0.962,0.406
-2.566,-2.772
-0.439,-3.155
0.972,-1.36
0.983,-0.939
0.949,-2.406
0.951,0.766
0.744,-0.488
0.791,-1.903
0.596,-1.385
0.693,-1.331
0.547,0.488
0.655,-2.777
0.502,0.751
0.512,0.942
0.481,-0.816
0.579,-0.472
0.424,0.279
0.403,-2.424
0.369,-2.259
0.309,-0.947
0.371,-0.208
0.296,0.767
0.233,0.103
0.195,0.81
-0.03,-1.143
-0.052,0.568
-0.084,0.423
0.027,-2.136
-0.143,0.447
-0.013,-0.144
-0.198,-2.462
-0.109,-1.732
-0.168,-2.801
-0.259,-1.942
-0.308,-1.314
-0.328,-1.003
-0.597,-0.125
-0.479,-1.854
-0.513,-0.628
-0.539,-0.306
-0.577,-0.127
-0.622,0.467
-0.633,-0.474
-0.765,0.821
-0.673,-1.248
-1.025,0.544
-1.049,0.432
-0.96,-1.138
-1.125,-2.31
-1.127,-1.234
-1.212,-0.137
-1.093,0.603
-1.258,-1.766
-1.158,-2.118
-1.303,0.475
-1.271,-0.555
-1.478,-0.64
-1.51,-2.346
-1.545,-2.338
-1.768,-1.983
-1.787,-1.421
-1.959,-1.004
-1.977,-0.141
-2.027,-2.194
-1.916,-0.214
-2.065,-1.481
-2.07,-1.89
-2.097,-1.398
-2.244,-0.947
-2.308,-2.141
-2.412,-1.47
-2.459,-0.959
-2.485,-1.786
-2.497,-2.175
-2.516,-1.688
-2.64,-0.481
-2.837,0.59
-2.861,-0.671
-2.909,0.453
-2.8,-0.16
-2.943,0.627
-2.987,0.197
-3.094,-0.131
-2.97,-0.447
-3.091,-2.219
-3.126,-1.031
2.917,-1.669
2.884,-1.09
2.76,-1.158
2.84,0.37
2.665,-0.154
2.512,-2.195
2.415,-0.562
2.465,-1.98
2.31,0.293
2.368,-2.213
2.169,-2.414
2.066,0.007
2.156,-0.475
1.95,-0.061
1.961,-1.146
1.802,0.04
1.676,-1.769
1.683,-0.492
1.734,-0.546
1.732,-1.972
1.393,-0.121
1.48,-2.725
1.299,-0.846
1.324,-1.325
1.101,0.321
0.743,-3.293
0.058,-3.094
-1.026,-3.198
-1.006,-3.08
-1.601,-3.116
-1.825,-3.197
-2.659,-3.243
2.872,-3.363
2.424,-3.107
1.889,-3.169
-1.329,0.695
-2.283,0.987
-2.992,0.993
1.854,0.722
0.955,-2.122
0.61,-0.902
-0.089,-2.123
-0.864,-1.499
-1.086,-2.118
-1.435,-2.092
3.074,-2.147
2.46,-0.884
0.244,-1.725
-1.732,-0.666
2.617,-1.473
2.302,-2.359
2.197,-1.945
1.757,-2.354
1.559,-2.306
1.491,-1.538
-0.047,-1.584
-1.043,0.105
1.835,-0.966
0.387,-2.835
0.077,-2.886
-0.435,-3.047
-1.81,-3.091
-2.399,-2.933
-2.728,-2.997
-2.885,-3.077
-2.942,-3.004
1.985,-3.066
1.798,-3.067
0.073,-3.288
-1.754,-3.461
-2.21,-3.322
-2.911,-3.518
-0.136,1.845
-0.157,0.12
-0.108,1.311
-0.242,0.274
-0.249,1.129
-0.288,0.876
-0.293,0.047
-0.254,0.902
-0.326,1.864
-0.386,0.676
-0.321,0.539
-0.363,0.969
-0.37,0.372
-0.459,2.06
-0.449,0.958
-0.444,2.395
-0.512,2.375
-0.544,-0.846
-0.532,2.447
-0.538,2.544
-0.564,-0.841
-0.579,0.376
-0.563,0.059
-0.601,0.061
-0.614,-0.29
-0.664,-0.413
-0.723,0.57
-0.671,-0.246
-0.777,0.434
-0.784,-0.715
-0.784,-0.646
-0.752,-1.148
-0.77,-1.191
-0.891,1.349
-0.849,0.654
-0.919,-0.619
-0.929,0.488
-0.991,-0.375
-1.027,1.196
-1.01,1.169
-1.108,0.771
-1.158,1.511
-1.065,-0.117
-1.11,0.044
-1.186,-0.561
-1.169,-0.367
-1.141,2.543
-1.193,1.878
-1.152,2.292
-1.223,1.77
-1.269,0.003
-1.206,1.019
-1.355,0.349
-1.366,-0.627
-1.368,1.31
-1.409,-0.246
-1.347,2.426
-1.605,-0.069
-1.656,0.039
-1.675,0.235
-1.772,-0.504
-1.864,0.689
-2.008,0.696
-2.014,-0.435
-2.034,-0.855
-2.006,1.974
-1.996,1.873
-2.028,-0.541
-2.112,2.322
-2.099,-0.076
-2.115,2.081
-2.213,-0.493
-2.146,-0.125
-2.191,-0.011
-2.267,-0.338
-2.329,1.739
-2.368,-0.108
-2.483,0.238
-2.524,0.24
-2.489,2.188
-2.547,0.164
-2.532,0.91
-2.584,1.27
-2.52,2.022
-2.614,0.58
-2.625,0.541
-2.55,2.218
-2.642,-0.666
-2.593,0.846
-2.617,-0.516
-2.712,0.901
-2.695,2.263
-2.862,-0.315
-2.806,1.798
-2.814,-0.3
-2.915,1.868
-2.908,-0.03
-2.88,1.877
-2.951,-0.345
-2.943,1.747
-2.998,0.272
-3.025,-0.168
-2.981,2.435
-2.976,2.317
-3.002,1.55
-3.001,0.436
-3.103,-0.4
-3.04,1.801
3.114,-0.376
3.102,0.756
3.101,-0.377
3.086,1.656
3.104,0.456
3.021,1.084
3.054,1.994
3.054,0.491
2.985,2.254
3.021,0.209
3.007,0.681
2.907,-0.63
2.899,1.284
2.94,0.374
2.844,1.127
2.732,0.649
2.554,0.758
2.535,0.514
2.592,2.178
2.563,-0.341
2.564,0.212
2.485,1.949
2.477,1.534
2.446,1.784
2.511,0.456
2.409,-0.032
2.421,0.49
2.44,0.458
2.353,-0.128
2.328,-0.687
2.353,2.15
2.217,0.525
2.127,0.48
2.116,1.48
2.039,0.729
2.023,-1.148
2.027,0.577
1.929,-0.363
1.923,0.674
1.661,-1.17
1.72,-0.232
1.637,1.061
1.635,-0.295
1.658,0.895
1.666,1.177
1.539,-1.07
1.574,1.184
1.51,1.313
1.465,0.604
1.307,2.16
1.211,-0.158
1.148,2.054
1.163,0.881
1.14,2.406
1.192,1.318
1.098,-0.009
1.03,-1.613
0.93,-1.532
0.996,-1.513
0.575,-1.458
0.555,-1.543
-0.025,-1.458
-0.893,-1.435
-2.718,-1.606
-3.108,-1.663
2.527,-1.668
2.384,-1.438
2.217,-1.617
1.911,-1.704
1.792,-1.706
1.739,-1.578
1.347,-1.552
1.229,-1.636
0.715,2.599
-0.031,2.686
-0.133,2.634
-0.352,2.694
-1.971,2.61
-2.603,2.627
-2.92,2.58
-2.92,2.577
-3.008,2.596
2.545,2.487
1.9,2.599
1.664,2.389
0.543,-0.081
-0.111,-0.288
-0.374,2.113
-0.942,2.063
-2.546,-1.115
-0.419,-1.498
0.992,0.297
1.003,0.718
0.969,-0.749
0.971,2.423
0.764,1.169
0.811,-0.246
0.616,0.272
0.713,0.326
0.567,2.145
0.675,-1.12
0.522,2.408
0.532,2.599
0.501,0.841
0.599,1.185
0.444,1.936
0.423,-0.767
0.389,-0.602
0.329,0.71
0.391,1.449
0.316,2.424
0.253,1.76
0.215,2.467
-0.01,0.514
-0.032,2.225
-0.064,2.08
0.047,-0.479
-0.123,2.104
0.007,1.513
-0.178,-0.805
-0.089,-0.075
-0.148,-1.144
-0.239,-0.285
-0.288,0.343
-0.308,0.654
-0.577,1.532
-0.459,-0.197
-0.493,1.029
-0.519,1.351
-0.557,1.53
-0.602,2.124
-0.613,1.183
-0.745,2.478
-0.653,0.409
-1.005,2.201
-1.029,2.089
-0.94,0.519
-1.105,-0.653
-1.107,0.423
-1.192,1.52
-1.073,2.26
-1.238,-0.109
-1.138,-0.461
-1.283,2.132
-1.251,1.102
-1.458,1.017
-1.49,-0.689
-1.525,-0.681
-1.748,-0.326
-1.767,0.236
-1.939,0.653
-1.957,1.516
-2.007,-0.537
-1.896,1.443
-2.045,0.176
-2.05,-0.233
-2.077,0.259
-2.224,0.71
-2.288,-0.484
-2.392,0.187
-2.439,0.698
-2.465,-0.129
-2.477,-0.518
-2.496,-0.031
-2.62,1.176
-2.817,2.247
-2.841,0.986
-2.889,2.11
-2.78,1.497
-2.923,2.284
-2.967,1.854
-3.074,1.526
-2.95,1.21
-3.071,-0.562
-3.106,0.626
2.937,-0.012
2.904,0.567
2.78,0.499
2.86,2.027
2.685,1.503
2.532,-0.538
2.435,1.095
2.485,-0.323
2.33,1.95
2.388,-0.556
2.189,-0.757
2.086,1.664
2.176,1.182
1.97,1.596
1.981,0.511
1.822,1.697
1.696,-0.112
1.703,1.165
1.754,1.111
1.752,-0.315
1.413,1.536
1.5,-1.068
1.319,0.811
1.344,0.332
1.121,1.978
0.763,-1.636
0.078,-1.437
-1.006,-1.541
-0.986,-1.423
-1.581,-1.459
-1.805,-1.54
-2.639,-1.586
2.892,-1.706
2.444,-1.45
1.909,-1.512
-1.309,2.352
-2.263,2.644
-2.972,2.65
1.874,2.379
0.975,-0.465
0.63,0.755
-0.069,-0.466
-0.844,0.158
-1.066,-0.461
-1.415,-0.435
3.094,-0.49
2.48,0.773
0.264,-0.068
-1.712,0.991
2.637,0.184
2.322,-0.702
2.217,-0.288
1.777,-0.697
1.579,-0.649
1.511,0.119
-0.027,0.073
-1.023,1.762
1.855,0.691
0.407,-1.178
0.097,-1.229
-0.415,-1.39
-1.79,-1.434
-2.379,-1.276
-2.708,-1.34
-2.865,-1.42
-2.922,-1.347
2.005,-1.409
1.818,-1.41
0.093,-1.631
-1.734,-1.804
-2.19,-1.665
-2.891,-1.861
-0.021,-1.725
0.028,-0.534
-0.106,-1.571
-0.113,-0.716
-0.152,-0.969
-0.157,-1.798
-0.118,-0.943
-0.19,0.019
-0.25,-1.169
-0.185,-1.306
-0.227,-0.876
-0.234,-1.473
-0.323,0.215
-0.313,-0.887
-0.308,0.55
-0.376,0.53
-0.408,-2.691
-0.396,0.602
-0.402,0.699
-0.428,-2.686
-0.443,-1.469
-0.427,-1.786
-0.465,-1.784
-0.478,-2.135
-0.528,-2.258
-0.587,-1.275
-0.535,-2.091
-0.641,-1.411
-0.648,-2.56
-0.648,-2.491
-0.616,-2.993
-0.634,-3.036
-0.755,-0.496
-0.713,-1.191
-0.783,-2.464
-0.793,-1.357
-0.855,-2.22
-0.891,-0.649
-0.874,-0.676
-0.972,-1.074
-1.022,-0.334
-0.929,-1.962
-0.974,-1.801
-1.05,-2.406
-1.033,-2.212
-1.005,0.698
-1.057,0.033
-1.016,0.447
-1.087,-0.075
-1.133,-1.842
-1.07,-0.826
-1.219,-1.496
-1.23,-2.472
-1.232,-0.535
-1.273,-2.091
-1.211,0.581
-1.469,-1.914
-1.52,-1.806
-1.539,-1.61
-1.636,-2.349
-1.728,-1.156
-1.872,-1.149
-1.878,-2.28
-1.898,-2.7
-1.87,0.129
-1.86,0.028
-1.892,-2.386
-1.976,0.477
-1.963,-1.921
-1.979,0.236
-2.077,-2.338
-2.01,-1.97
-2.055,-1.856
-2.131,-2.183
-2.193,-0.106
-2.232,-1.953
-2.347,-1.607
-2.388,-1.605
-2.353,0.343
-2.411,-1.681
-2.396,-0.935
-2.448,-0.575
-2.384,0.177
-2.478,-1.265
-2.489,-1.304
-2.414,0.373
-2.506,-2.511
-2.457,-0.999
-2.481,-2.361
-2.576,-0.944
-2.559,0.418
-2.726,-2.16
-2.67,-0.047
-2.678,-2.145
-2.779,0.023
-2.772,-1.875
-2.744,0.032
-2.815,-2.19
-2.807,-0.098
-2.862,-1.573
-2.889,-2.013
-2.845,0.59
-2.84,0.472
-2.866,-0.295
-2.865,-1.409
-2.967,-2.245
-2.904,-0.044
-3.033,-2.221
-3.045,-1.089
-3.046,-2.222
-3.061,-0.189
-3.043,-1.389
-3.126,-0.761
-3.093,0.149
-3.093,-1.354
3.121,0.409
-3.126,-1.636
-3.14,-1.164
3.043,-2.475
3.035,-0.561
3.076,-1.471
2.98,-0.718
2.868,-1.196
2.69,-1.087
2.671,-1.331
2.728,0.333
2.699,-2.186
2.7,-1.633
2.621,0.104
2.613,-0.311
2.582,-0.061
2.647,-1.389
2.545,-1.877
2.557,-1.355
2.576,-1.387
2.489,-1.973
2.464,-2.532
2.489,0.305
2.353,-1.32
2.263,-1.365
2.252,-0.365
2.175,-1.116
2.159,-2.993
2.163,-1.268
2.065,-2.208
2.059,-1.171
1.797,-3.015
1.856,-2.077
1.773,-0.784
1.771,-2.14
1.794,-0.95
1.802,-0.668
1.675,-2.915
1.71,-0.661
1.646,-0.532
1.601,-1.241
1.443,0.315
1.347,-2.003
1.284,0.209
1.299,-0.964
1.276,0.561
1.328,-0.527
1.234,-1.854
1.166,-3.458
1.066,-3.377
1.132,-3.358
0.711,-3.303
0.691,-3.388
0.111,-3.303
-0.757,-3.28
-2.582,-3.451
-2.972,-3.508
2.663,-3.513
2.52,-3.283
2.353,-3.462
2.047,-3.549
1.928,-3.551
1.875,-3.423
1.483,-3.397
1.365,-3.481
0.851,0.754
0.105,0.841
0.003,0.789
-0.216,0.849
-1.835,0.765
-2.467,0.782
-2.784,0.735
-2.784,0.732
-2.872,0.751
2.681,0.642
2.036,0.754
1.8,0.544
0.679,-1.926
0.025,-2.133
-0.238,0.268
-0.806,0.218
-2.41,-2.96
-0.283,-3.343
1.128,-1.548
1.139,-1.127
1.105,-2.594
1.107,0.578
0.9,-0.676
0.947,-2.091
0.752,-1.573
0.849,-1.519
0.703,0.3
0.811,-2.965
0.658,0.563
0.668,0.754
0.637,-1.004
0.735,-0.66
0.58,0.091
0.559,-2.612
0.525,-2.447
0.465,-1.135
0.527,-0.396
0.452,0.579
0.389,-0.085
0.351,0.622
0.126,-1.331
0.104,0.38
0.072,0.235
0.183,-2.324
0.013,0.259
0.143,-0.332
-0.042,-2.65
0.047,-1.92
-0.012,-2.989
-0.103,-2.13
-0.152,-1.502
-0.172,-1.191
-0.441,-0.313
-0.323,-2.042
-0.357,-0.816
-0.383,-0.494
-0.421,-0.315
-0.466,0.279
-0.477,-0.662
-0.609,0.633
-0.517,-1.436
-0.869,0.356
-0.893,0.244
-0.804,-1.326
-0.969,-2.498
-0.971,-1.422
-1.056,-0.325
-0.937,0.415
-1.102,-1.954
-1.002,-2.306
-1.147,0.287
-1.115,-0.743
-1.322,-0.828
-1.354,-2.534
-1.389,-2.526
-1.612,-2.171
-1.631,-1.609
-1.803,-1.192
-1.821,-0.329
-1.871,-2.382
-1.76,-0.402
-1.909,-1.669
-1.914,-2.078
-1.941,-1.586
-2.088,-1.135
-2.152,-2.329
-2.256,-1.658
-2.303,-1.147
-2.329,-1.974
-2.341,-2.363
-2.36,-1.876
-2.484,-0.669
-2.681,0.402
-2.705,-0.859
-2.753,0.265
-2.644,-0.348
-2.787,0.439
-2.831,0.009
-2.938,-0.319
-2.814,-0.635
-2.935,-2.407
-2.97,-1.219
3.073,-1.857
3.04,-1.278
2.916,-1.346
2.996,0.182
2.821,-0.342
2.668,-2.383
2.571,-0.75
2.621,-2.168
2.466,0.105
2.524,-2.401
2.325,-2.602
2.222,-0.181
2.312,-0.663
2.106,-0.249
2.117,-1.334
1.958,-0.148
1.832,-1.957
1.839,-0.68
1.89,-0.734
1.888,-2.16
1.549,-0.309
1.636,-2.913
1.455,-1.034
1.48,-1.513
1.257,0.133
0.899,-3.481
0.214,-3.282
-0.87,-3.386
-0.85,-3.268
-1.445,-3.304
-1.669,-3.385
-2.503,-3.431
3.028,-3.551
2.58,-3.295
2.045,-3.357
-1.173,0.507
-2.127,0.799
-2.836,0.805
2.01,0.534
1.111,-2.31
0.766,-1.09
0.067,-2.311
-0.708,-1.687
-0.93,-2.306
-1.279,-2.28
-3.053,-2.335
2.616,-1.072
0.4,-1.913
-1.576,-0.854
2.773,-1.661
2.458,-2.547
2.353,-2.133
1.913,-2.542
1.715,-2.494
1.647,-1.726
0.109,-1.772
-0.887,-0.083
1.991,-1.154
0.543,-3.023
0.233,-3.074
-0.279,-3.235
-1.654,-3.279
-2.243,-3.121
-2.572,-3.185
-2.729,-3.265
-2.786,-3.192
2.141,-3.254
1.954,-3.255
0.229,-3.476
-1.598,-3.649
-2.054,-3.51
-2.755,-3.706
0.049,1.191
-0.085,0.154
-0.092,1.009
-0.131,0.756
-0.136,-0.073
-0.097,0.782
-0.169,1.744
-0.229,0.556
-0.164,0.419
-0.206,0.849
-0.213,0.252
-0.302,1.94
-0.292,0.838
-0.287,2.275
-0.355,2.255
-0.387,-0.966
-0.375,2.327
-0.381,2.424
-0.407,-0.961
-0.422,0.256
-0.406,-0.061
-0.444,-0.059
-0.457,-0.41
-0.507,-0.533
-0.566,0.45
-0.514,-0.366
-0.62,0.314
-0.627,-0.835
-0.627,-0.766
-0.595,-1.268
-0.613,-1.311
-0.734,1.229
-0.692,0.534
-0.762,-0.739
-0.772,0.368
-0.834,-0.495
-0.87,1.076
-0.853,1.049
-0.951,0.651
-1.001,1.391
-0.908,-0.237
-0.953,-0.076
-1.029,-0.681
-1.012,-0.487
-0.984,2.423
-1.036,1.758
-0.995,2.172
-1.066,1.65
-1.112,-0.117
-1.049,0.899
-1.198,0.229
-1.209,-0.747
-1.211,1.19
-1.252,-0.366
-1.19,2.306
-1.448,-0.189
-1.499,-0.081
-1.518,0.115
-1.615,-0.624
-1.707,0.569
-1.851,0.576
-1.857,-0.555
-1.877,-0.975
-1.849,1.854
-1.839,1.753
-1.871,-0.661
-1.955,2.202
-1.942,-0.196
-1.958,1.961
-2.056,-0.613
-1.989,-0.245
-2.034,-0.131
-2.11,-0.458
-2.172,1.619
-2.211,-0.228
-2.326,0.118
-2.367,0.12
-2.332,2.068
-2.39,0.044
-2.375,0.79
-2.427,1.15
-2.363,1.902
-2.457,0.46
-2.468,0.421
-2.393,2.098
-2.485,-0.786
-2.436,0.726
-2.46,-0.636
-2.555,0.781
-2.538,2.143
-2.705,-0.435
-2.649,1.678
-2.657,-0.42
-2.758,1.748
-2.751,-0.15
-2.723,1.757
-2.794,-0.465
-2.786,1.627
-2.841,0.152
-2.868,-0.288
-2.824,2.315
-2.819,2.197
-2.845,1.43
-2.844,0.316
-2.946,-0.52
-2.883,1.681
-3.012,-0.496
-3.024,0.636
-3.025,-0.497
-3.04,1.536
-3.022,0.336
-3.105,0.964
-3.072,1.874
-3.072,0.371
-3.141,2.134
-3.105,0.089
-3.119,0.561
3.064,-0.75
3.056,1.164
3.097,0.254
3.001,1.007
2.889,0.529
2.711,0.638
2.692,0.394
2.749,2.058
2.72,-0.461
2.721,0.092
2.642,1.829
2.634,1.414
2.603,1.664
2.668,0.336
2.566,-0.152
2.578,0.37
2.597,0.338
2.51,-0.248
2.485,-0.807
2.51,2.03
2.374,0.405
2.284,0.36
2.273,1.36
2.196,0.609
2.18,-1.268
2.184,0.457
2.086,-0.483
2.08,0.554
1.818,-1.29
1.877,-0.352
1.794,0.941
1.792,-0.415
1.815,0.775
1.823,1.057
1.696,-1.19
1.731,1.064
1.667,1.193
1.622,0.484
1.464,2.04
1.368,-0.278
1.305,1.934
1.32,0.761
1.297,2.286
1.349,1.198
1.255,-0.129
1.187,-1.733
1.087,-1.652
1.153,-1.633
0.732,-1.578
0.712,-1.663
0.132,-1.578
-0.736,-1.555
-2.561,-1.726
-2.951,-1.783
2.684,-1.788
2.541,-1.558
2.374,-1.737
2.068,-1.824
1.949,-1.826
1.896,-1.698
1.504,-1.672
1.386,-1.756
0.872,2.479
0.126,2.566
0.024,2.514
-0.195,2.574
-1.814,2.49
-2.446,2.507
-2.763,2.46
-2.763,2.457
-2.851,2.476
2.702,2.367
2.057,2.479
1.821,2.269
0.7,-0.201
0.046,-0.408
-0.217,1.993
-0.785,1.943
-2.389,-1.235
-0.262,-1.618
1.149,0.177
1.16,0.598
1.126,-0.869
1.128,2.303
0.921,1.049
0.968,-0.366
0.773,0.152
0.87,0.206
0.724,2.025
0.832,-1.24
0.679,2.288
0.689,2.479
0.658,0.721
0.756,1.065
0.601,1.816
0.58,-0.887
0.546,-0.722
0.486,0.59
0.548,1.329
0.473,2.304
0.41,1.64
0.372,2.347
0.147,0.394
0.125,2.105
0.093,1.96
0.204,-0.599
0.034,1.984
0.164,1.393
-0.021,-0.925
0.068,-0.195
0.009,-1.264
-0.082,-0.405
-0.131,0.223
-0.151,0.534
-0.42,1.412
-0.302,-0.317
-0.336,0.909
-0.362,1.231
-0.4,1.41
-0.445,2.004
-0.456,1.063
-0.588,2.358
-0.496,0.289
-0.848,2.081
-0.872,1.969
-0.783,0.399
-0.948,-0.773
-0.95,0.303
-1.035,1.4
-0.916,2.14
-1.081,-0.229
-0.981,-0.581
-1.126,2.012
-1.094,0.982
-1.301,0.897
-1.333,-0.809
-1.368,-0.801
-1.591,-0.446
-1.61,0.116
-1.782,0.533
-1.8,1.396
-1.85,-0.657
-1.739,1.323
-1.888,0.056
-1.893,-0.353
-1.92,0.139
-2.067,0.59
-2.131,-0.604
-2.235,0.067
-2.282,0.578
-2.308,-0.249
-2.32,-0.638
-2.339,-0.151
-2.463,1.056
-2.66,2.127
-2.684,0.866
-2.732,1.99
-2.623,1.377
-2.766,2.164
-2.81,1.734
-2.917,1.406
-2.793,1.09
-2.914,-0.682
-2.949,0.506
3.094,-0.132
3.061,0.447
2.937,0.379
3.017,1.907
2.842,1.383
2.689,-0.658
2.592,0.975
2.642,-0.443
2.487,1.83
2.545,-0.676
2.346,-0.877
2.243,1.544
2.333,1.062
2.127,1.476
2.138,0.391
1.979,1.577
1.853,-0.232
1.86,1.045
1.911,0.991
1.909,-0.435
1.57,1.416
1.657,-1.188
1.476,0.691
1.501,0.212
1.278,1.858
0.92,-1.756
0.235,-1.557
-0.849,-1.661
-0.829,-1.543
-1.424,-1.579
-1.648,-1.66
-2.482,-1.706
3.049,-1.826
2.601,-1.57
2.066,-1.632
-1.152,2.232
-2.106,2.524
-2.815,2.53
2.031,2.259
1.132,-0.585
0.787,0.635
0.088,-0.586
-0.687,0.038
-0.909,-0.581
-1.258,-0.555
-3.032,-0.61
2.637,0.653
0.421,-0.188
-1.555,0.871
2.794,0.064
2.479,-0.822
2.374,-0.408
1.934,-0.817
1.736,-0.769
1.668,-0.001
0.13,-0.047
-0.866,1.642
2.012,0.571
0.564,-1.298
0.254,-1.349
-0.258,-1.51
-1.633,-1.554
-2.222,-1.396
-2.551,-1.46
-2.708,-1.54
-2.765,-1.467
2.162,-1.529
1.975,-1.53
0.25,-1.751
-1.577,-1.924
-2.033,-1.785
-2.734,-1.981
-0.134,-1.037
-0.141,-0.182
-0.18,-0.435
-0.185,-1.264
-0.146,-0.409
-0.218,0.553
-0.278,-0.635
-0.213,-0.772
-0.255,-0.342
-0.262,-0.939
-0.351,0.749
-0.341,-0.353
-0.336,1.084
-0.404,1.064
-0.436,-2.157
-0.424,1.136
-0.43,1.233
-0.456,-2.152
-0.471,-0.935
-0.455,-1.252
-0.493,-1.25
-0.506,-1.601
-0.556,-1.724
-0.615,-0.741
-0.563,-1.557
-0.669,-0.877
-0.676,-2.026
-0.676,-1.957
-0.644,-2.459
-0.662,-2.502
-0.783,0.038
-0.741,-0.657
-0.811,-1.93
-0.821,-0.823
-0.883,-1.686
-0.919,-0.115
-0.902,-0.142
-1.0,-0.54
-1.05,0.2
-0.957,-1.428
-1.002,-1.267
-1.078,-1.872
-1.061,-1.678
-1.033,1.232
-1.085,0.567
-1.044,0.981
-1.115,0.459
-1.161,-1.308
-1.098,-0.292
-1.247,-0.962
-1.258,-1.938
-1.26,-0.001
-1.301,-1.557
-1.239,1.115
-1.497,-1.38
-1.548,-1.272
-1.567,-1.076
-1.664,-1.815
-1.756,-0.622
-1.9,-0.615
-1.906,-1.746
-1.926,-2.166
-1.898,0.663
-1.888,0.562
-1.92,-1.852
-2.004,1.011
-1.991,-1.387
-2.007,0.77
-2.105,-1.804
-2.038,-1.436
-2.083,-1.322
-2.159,-1.649
-2.221,0.428
-2.26,-1.419
-2.375,-1.073
-2.416,-1.071
-2.381,0.877
-2.439,-1.147
-2.424,-0.401
-2.476,-0.041
-2.412,0.711
-2.506,-0.731
-2.517,-0.77
-2.442,0.907
-2.534,-1.977
-2.485,-0.465
-2.509,-1.827
-2.604,-0.41
-2.587,0.952
-2.754,-1.626
-2.698,0.487
-2.706,-1.611
-2.807,0.557
-2.8,-1.341
-2.772,0.566
-2.843,-1.656
-2.835,0.436
-2.89,-1.039
-2.917,-1.479
-2.873,1.124
-2.868,1.006
-2.894,0.239
-2.893,-0.875
-2.995,-1.711
-2.932,0.49
-3.061,-1.687
-3.073,-0.555
-3.074,-1.688
-3.089,0.345
-3.071,-0.855
3.129,-0.227
-3.121,0.683
-3.121,-0.82
3.093,0.943
3.129,-1.102
3.115,-0.63
3.015,-1.941
3.007,-0.027
3.048,-0.937
2.952,-0.184
2.84,-0.662
2.662,-0.553
2.643,-0.797
2.7,0.867
2.671,-1.652
2.672,-1.099
2.593,0.638
2.585,0.223
2.554,0.473
2.619,-0.855
2.517,-1.343
2.529,-0.821
2.548,-0.853
2.461,-1.439
2.436,-1.998
2.461,0.839
2.325,-0.786
2.235,-0.831
2.224,0.169
2.147,-0.582
2.131,-2.459
2.135,-0.734
2.037,-1.674
2.031,-0.637
1.769,-2.481
1.828,-1.543
1.745,-0.25
1.743,-1.606
1.766,-0.416
1.774,-0.134
1.647,-2.381
1.682,-0.127
1.618,0.002
1.573,-0.707
1.415,0.849
1.319,-1.469
1.256,0.743
1.271,-0.43
1.248,1.095
1.3,0.007
1.206,-1.32
1.138,-2.924
1.038,-2.843
1.104,-2.824
0.683,-2.769
0.663,-2.854
0.083,-2.769
-0.785,-2.746
-2.61,-2.917
-3.0,-2.974
2.635,-2.979
2.492,-2.749
2.325,-2.928
2.019,-3.015
1.9,-3.017
1.847,-2.889
1.455,-2.863
1.337,-2.947
0.823,1.288
0.077,1.375
-0.025,1.323
-0.244,1.383
-1.863,1.299
-2.495,1.316
-2.812,1.269
-2.812,1.266
-2.9,1.285
2.653,1.176
2.008,1.288
1.772,1.078
0.651,-1.392
-0.003,-1.599
-0.266,0.802
-0.834,0.752
-2.438,-2.426
-0.311,-2.809
1.1,-1.014
1.111,-0.593
1.077,-2.06
1.079,1.112
0.872,-0.142
0.919,-1.557
0.724,-1.039
0.821,-0.985
0.675,0.834
0.783,-2.431
0.63,1.097
0.64,1.288
0.609,-0.47
0.707,-0.126
0.552,0.625
0.531,-2.078
0.497,-1.913
0.437,-0.601
0.499,0.138
0.424,1.113
0.361,0.449
0.323,1.156
0.098,-0.797
0.076,0.914
0.044,0.769
0.155,-1.79
-0.015,0.793
0.115,0.202
-0.07,-2.116
0.019,-1.386
-0.04,-2.455
-0.131,-1.596
-0.18,-0.968
-0.2,-0.657
-0.469,0.221
-0.351,-1.508
-0.385,-0.282
-0.411,0.04
-0.449,0.219
-0.494,0.813
-0.505,-0.128
-0.637,1.167
-0.545,-0.902
-0.897,0.89
-0.921,0.778
-0.832,-0.792
-0.997,-1.964
-0.999,-0.888
-1.084,0.209
-0.965,0.949
-1.13,-1.42
-1.03,-1.772
-1.175,0.821
-1.143,-0.209
-1.35,-0.294
-1.382,-2.0
-1.417,-1.992
-1.64,-1.637
-1.659,-1.075
-1.831,-0.658
-1.849,0.205
-1.899,-1.848
-1.788,0.132
-1.937,-1.135
-1.942,-1.544
-1.969,-1.052
-2.116,-0.601
-2.18,-1.795
-2.284,-1.124
-2.331,-0.613
-2.357,-1.44
-2.369,-1.829
-2.388,-1.342
-2.512,-0.135
-2.709,0.936
-2.733,-0.325
-2.781,0.799
-2.672,0.186
-2.815,0.973
-2.859,0.543
-2.966,0.215
-2.842,-0.101
-2.963,-1.873
-2.998,-0.685
3.045,-1.323
3.012,-0.744
2.888,-0.812
2.968,0.716
2.793,0.192
2.64,-1.849
2.543,-0.216
2.593,-1.634
2.438,0.639
2.496,-1.867
2.297,-2.068
2.194,0.353
2.284,-0.129
2.078,0.285
2.089,-0.8
1.93,0.386
1.804,-1.423
1.811,-0.146
1.862,-0.2
1.86,-1.626
1.521,0.225
1.608,-2.379
1.427,-0.5
1.452,-0.979
1.229,0.667
0.871,-2.947
0.186,-2.748
-0.898,-2.852
-0.878,-2.734
-1.473,-2.77
-1.697,-2.851
-2.531,-2.897
3.0,-3.017
2.552,-2.761
2.017,-2.823
-1.201,1.041
-2.155,1.333
-2.864,1.339
1.982,1.068
1.083,-1.776
0.738,-0.556
0.039,-1.777
-0.736,-1.153
-0.958,-1.772
-1.307,-1.746
-3.081,-1.801
2.588,-0.538
0.372,-1.379
-1.604,-0.32
2.745,-1.127
2.43,-2.013
2.325,-1.599
1.885,-2.008
1.687,-1.96
1.619,-1.192
0.081,-1.238
-0.915,0.451
1.963,-0.62
0.515,-2.489
0.205,-2.54
-0.307,-2.701
-1.682,-2.745
-2.271,-2.587
-2.6,-2.651
-2.757,-2.731
-2.814,-2.658
2.113,-2.72
1.926,-2.721
0.201,-2.942
-1.626,-3.115
-2.082,-2.976
-2.783,-3.172
-0.007,0.855
-0.046,0.602
-0.051,-0.227
-0.012,0.628
-0.084,1.59
-0.144,0.402
-0.079,0.265
-0.121,0.695
-0.128,0.098
-0.217,1.786
-0.207,0.684
-0.202,2.121
-0.27,2.101
-0.302,-1.12
-0.29,2.173
-0.296,2.27
-0.322,-1.115
-0.337,0.102
-0.321,-0.215
-0.359,-0.213
-0.372,-0.564
-0.422,-0.687
-0.481,0.296
-0.429,-0.52
-0.535,0.16
-0.542,-0.989
-0.542,-0.92
-0.51,-1.422
-0.528,-1.465
-0.649,1.075
-0.607,0.38
-0.677,-0.893
-0.687,0.214
-0.749,-0.649
-0.785,0.922
-0.768,0.895
-0.866,0.497
-0.916,1.237
-0.823,-0.391
-0.868,-0.23
-0.944,-0.835
-0.927,-0.641
-0.899,2.269
-0.951,1.604
-0.91,2.018
-0.981,1.496
-1.027,-0.271
-0.964,0.745
-1.113,0.075
-1.124,-0.901
-1.126,1.036
-1.167,-0.52
-1.105,2.152
-1.363,-0.343
-1.414,-0.235
-1.433,-0.039
-1.53,-0.778
-1.622,0.415
-1.766,0.422
-1.772,-0.709
-1.792,-1.129
-1.764,1.7
-1.754,1.599
-1.786,-0.815
-1.87,2.048
-1.857,-0.35
-1.873,1.807
-1.971,-0.767
-1.904,-0.399
-1.949,-0.285
-2.025,-0.612
-2.087,1.465
-2.126,-0.382
-2.241,-0.036
-2.282,-0.034
-2.247,1.914
-2.305,-0.11
-2.29,0.636
-2.342,0.996
-2.278,1.748
-2.372,0.306
-2.383,0.267
-2.308,1.944
-2.4,-0.94
-2.351,0.572
-2.375,-0.79
-2.47,0.627
-2.453,1.989
-2.62,-0.589
-2.564,1.524
-2.572,-0.574
-2.673,1.594
-2.666,-0.304
-2.638,1.603
-2.709,-0.619
-2.701,1.473
-2.756,-0.002
-2.783,-0.442
-2.739,2.161
-2.734,2.043
-2.76,1.276
-2.759,0.162
-2.861,-0.674
-2.798,1.527
-2.927,-0.65
-2.939,0.482
-2.94,-0.651
-2.955,1.382
-2.937,0.182
-3.02,0.81
-2.987,1.72
-2.987,0.217
-3.056,1.98
-3.02,-0.065
-3.034,0.407
-3.134,-0.904
3.141,1.01
-3.101,0.1
3.086,0.853
2.974,0.375
2.796,0.484
2.777,0.24
2.834,1.904
2.805,-0.615
2.806,-0.062
2.727,1.675
2.719,1.26
2.688,1.51
2.753,0.182
2.651,-0.306
2.663,0.216
2.682,0.184
2.595,-0.402
2.57,-0.961
2.595,1.876
2.459,0.251
2.369,0.206
2.358,1.206
2.281,0.455
2.265,-1.422
2.269,0.303
2.171,-0.637
2.165,0.4
1.903,-1.444
1.962,-0.506
1.879,0.787
1.877,-0.569
1.9,0.621
1.908,0.903
1.781,-1.344
1.816,0.91
1.752,1.039
1.707,0.33
1.549,1.886
1.453,-0.432
1.39,1.78
1.405,0.607
1.382,2.132
1.434,1.044
1.34,-0.283
1.272,-1.887
1.172,-1.806
1.238,-1.787
0.817,-1.732
0.797,-1.817
0.217,-1.732
-0.651,-1.709
-2.476,-1.88
-2.866,-1.937
2.769,-1.942
2.626,-1.712
2.459,-1.891
2.153,-1.978
2.034,-1.98
1.981,-1.852
1.589,-1.826
1.471,-1.91
0.957,2.325
0.211,2.412
0.109,2.36
-0.11,2.42
-1.729,2.336
-2.361,2.353
-2.678,2.306
-2.678,2.303
-2.766,2.322
2.787,2.213
2.142,2.325
1.906,2.115
0.785,-0.355
0.131,-0.562
-0.132,1.839
-0.7,1.789
-2.304,-1.389
-0.177,-1.772
1.234,0.023
1.245,0.444
1.211,-1.023
1.213,2.149
1.006,0.895
1.053,-0.52
0.858,-0.002
0.955,0.052
0.809,1.871
0.917,-1.394
0.764,2.134
0.774,2.325
0.743,0.567
0.841,0.911
0.686,1.662
0.665,-1.041
0.631,-0.876
0.571,0.436
0.633,1.175
0.558,2.15
0.495,1.486
0.457,2.193
0.232,0.24
0.21,1.951
0.178,1.806
0.289,-0.753
0.119,1.83
0.249,1.239
0.064,-1.079
0.153,-0.349
0.094,-1.418
0.003,-0.559
-0.046,0.069
-0.066,0.38
-0.335,1.258
-0.217,-0.471
-0.251,0.755
-0.277,1.077
-0.315,1.256
-0.36,1.85
-0.371,0.909
-0.503,2.204
-0.411,0.135
-0.763,1.927
-0.787,1.815
-0.698,0.245
-0.863,-0.927
-0.865,0.149
-0.95,1.246
-0.831,1.986
-0.996,-0.383
-0.896,-0.735
-1.041,1.858
-1.009,0.828
-1.216,0.743
-1.248,-0.963
-1.283,-0.955
-1.506,-0.6
-1.525,-0.038
-1.697,0.379
-1.715,1.242
-1.765,-0.811
-1.654,1.169
-1.803,-0.098
-1.808,-0.507
-1.835,-0.015
-1.982,0.436
-2.046,-0.758
-2.15,-0.087
-2.197,0.424
-2.223,-0.403
-2.235,-0.792
-2.254,-0.305
-2.378,0.902
-2.575,1.973
-2.599,0.712
-2.647,1.836
-2.538,1.223
-2.681,2.01
-2.725,1.58
-2.832,1.252
-2.708,0.936
-2.829,-0.836
-2.864,0.352
-3.104,-0.286
-3.137,0.293
3.022,0.225
3.102,1.753
2.927,1.229
2.774,-0.812
2.677,0.821
2.727,-0.597
2.572,1.676
2.63,-0.83
2.431,-1.031
2.328,1.39
2.418,0.908
2.212,1.322
2.223,0.237
2.064,1.423
1.938,-0.386
1.945,0.891
1.996,0.837
1.994,-0.589
1.655,1.262
1.742,-1.342
1.561,0.537
1.586,0.058
1.363,1.704
1.005,-1.91
0.32,-1.711
-0.764,-1.815
-0.744,-1.697
-1.339,-1.733
-1.563,-1.814
-2.397,-1.86
3.134,-1.98
2.686,-1.724
2.151,-1.786
-1.067,2.078
-2.021,2.37
-2.73,2.376
2.116,2.105
1.217,-0.739
0.872,0.481
0.173,-0.74
-0.602,-0.116
-0.824,-0.735
-1.173,-0.709
-2.947,-0.764
2.722,0.499
0.506,-0.342
-1.47,0.717
2.879,-0.09
2.564,-0.976
2.459,-0.562
2.019,-0.971
1.821,-0.923
1.753,-0.155
0.215,-0.201
-0.781,1.488
2.097,0.417
0.649,-1.452
0.339,-1.503
-0.173,-1.664
-1.548,-1.708
-2.137,-1.55
-2.466,-1.614
-2.623,-1.694
-2.68,-1.621
2.247,-1.683
2.06,-1.684
0.335,-1.905
-1.492,-2.078
-1.948,-1.939
-2.649,-2.135
-0.039,-0.253
-0.044,-1.082
-0.005,-0.227
-0.077,0.735
-0.137,-0.453
-0.072,-0.59
-0.114,-0.16
-0.121,-0.757
-0.21,0.931
-0.2,-0.171
-0.195,1.266
-0.263,1.246
-0.295,-1.975
-0.283,1.318
-0.289,1.415
-0.315,-1.97
-0.33,-0.753
-0.314,-1.07
-0.352,-1.068
-0.365,-1.419
-0.415,-1.542
-0.474,-0.559
-0.422,-1.375
-0.528,-0.695
-0.535,-1.844
-0.535,-1.775
-0.503,-2.277
-0.521,-2.32
-0.642,0.22
-0.6,-0.475
-0.67,-1.748
-0.68,-0.641
-0.742,-1.504
-0.778,0.067
-0.761,0.04
-0.859,-0.358
-0.909,0.382
-0.816,-1.246
-0.861,-1.085
-0.937,-1.69
-0.92,-1.496
-0.892,1.414
-0.944,0.749
-0.903,1.163
-0.974,0.641
-1.02,-1.126
-0.957,-0.11
-1.106,-0.78
-1.117,-1.756
-1.119,0.181
-1.16,-1.375
-1.098,1.297
-1.356,-1.198
-1.407,-1.09
-1.426,-0.894
-1.523,-1.633
-1.615,-0.44
-1.759,-0.433
-1.765,-1.564
-1.785,-1.984
-1.757,0.845
-1.747,0.744
-1.779,-1.67
-1.863,1.193
-1.85,-1.205
-1.866,0.952
-1.964,-1.622
-1.897,-1.254
-1.942,-1.14
-2.018,-1.467
-2.08,0.61
-2.119,-1.237
-2.234,-0.891
-2.275,-0.889
-2.24,1.059
-2.298,-0.965
-2.283,-0.219
-2.335,0.141
-2.271,0.893
-2.365,-0.549
-2.376,-0.588
-2.301,1.089
-2.393,-1.795
-2.344,-0.283
-2.368,-1.645
-2.463,-0.228
-2.446,1.134
-2.613,-1.444
-2.557,0.669
-2.565,-1.429
-2.666,0.739
-2.659,-1.159
-2.631,0.748
-2.702,-1.474
-2.694,0.618
-2.749,-0.857
-2.776,-1.297
-2.732,1.306
-2.727,1.188
-2.753,0.421
-2.752,-0.693
-2.854,-1.529
-2.791,0.672
-2.92,-1.505
-2.932,-0.373
-2.933,-1.506
-2.948,0.527
-2.93,-0.673
-3.013,-0.045
-2.98,0.865
-2.98,-0.638
-3.049,1.125
-3.013,-0.92
-3.027,-0.448
-3.127,-1.759
-3.135,0.155
-3.094,-0.755
3.093,-0.002
2.981,-0.48
2.803,-0.371
2.784,-0.615
2.841,1.049
2.812,-1.47
2.813,-0.917
2.734,0.82
2.726,0.405
2.695,0.655
2.76,-0.673
2.658,-1.161
2.67,-0.639
2.689,-0.671
2.602,-1.257
2.577,-1.816
2.602,1.021
2.466,-0.604
2.376,-0.649
2.365,0.351
2.288,-0.4
2.272,-2.277
2.276,-0.552
2.178,-1.492
2.172,-0.455
1.91,-2.299
1.969,-1.361
1.886,-0.068
1.884,-1.424
1.907,-0.234
1.915,0.048
1.788,-2.199
1.823,0.055
1.759,0.184
1.714,-0.525
1.556,1.031
1.46,-1.287
1.397,0.925
1.412,-0.248
1.389,1.277
1.441,0.189
1.347,-1.138
1.279,-2.742
1.179,-2.661
1.245,-2.642
0.824,-2.587
0.804,-2.672
0.224,-2.587
-0.644,-2.564
-2.469,-2.735
-2.859,-2.792
2.776,-2.797
2.633,-2.567
2.466,-2.746
2.16,-2.833
2.041,-2.835
1.988,-2.707
1.596,-2.681
1.478,-2.765
0.964,1.47
0.218,1.557
0.116,1.505
-0.103,1.565
-1.722,1.481
-2.354,1.498
-2.671,1.451
-2.671,1.448
-2.759,1.467
2.794,1.358
2.149,1.47
1.913,1.26
0.792,-1.21
0.138,-1.417
-0.125,0.984
-0.693,0.934
-2.297,-2.244
-0.17,-2.627
1.241,-0.832
1.252,-0.411
1.218,-1.878
1.22,1.294
1.013,0.04
1.06,-1.375
0.865,-0.857
0.962,-0.803
0.816,1.016
0.924,-2.249
0.771,1.279
0.781,1.47
0.75,-0.288
0.848,0.056
0.693,0.807
0.672,-1.896
0.638,-1.731
0.578,-0.419
0.64,0.32
0.565,1.295
0.502,0.631
0.464,1.338
0.239,-0.615
0.217,1.096
0.185,0.951
0.296,-1.608
0.126,0.975
0.256,0.384
0.071,-1.934
0.16,-1.204
0.101,-2.273
0.01,-1.414
-0.039,-0.786
-0.059,-0.475
-0.328,0.403
-0.21,-1.326
-0.244,-0.1
-0.27,0.222
-0.308,0.401
-0.353,0.995
-0.364,0.054
-0.496,1.349
-0.404,-0.72
-0.756,1.072
-0.78,0.96
-0.691,-0.61
-0.856,-1.782
-0.858,-0.706
-0.943,0.391
-0.824,1.131
-0.989,-1.238
-0.889,-1.59
-1.034,1.003
-1.002,-0.027
-1.209,-0.112
-1.241,-1.818
-1.276,-1.81
-1.499,-1.455
-1.518,-0.893
-1.69,-0.476
-1.708,0.387
-1.758,-1.666
-1.647,0.314
-1.796,-0.953
-1.801,-1.362
-1.828,-0.87
-1.975,-0.419
-2.039,-1.613
-2.143,-0.942
-2.19,-0.431
-2.216,-1.258
-2.228,-1.647
-2.247,-1.16
-2.371,0.047
-2.568,1.118
-2.592,-0.143
-2.64,0.981
-2.531,0.368
-2.674,1.155
-2.718,0.725
-2.825,0.397
-2.701,0.081
-2.822,-1.691
-2.857,-0.503
-3.097,-1.141
-3.13,-0.562
3.029,-0.63
3.109,0.898
2.934,0.374
2.781,-1.667
2.684,-0.034
2.734,-1.452
2.579,0.821
2.637,-1.685
2.438,-1.886
2.335,0.535
2.425,0.053
2.219,0.467
2.23,-0.618
2.071,0.568
1.945,-1.241
1.952,0.036
2.003,-0.018
2.001,-1.444
1.662,0.407
1.749,-2.197
1.568,-0.318
1.593,-0.797
1.37,0.849
1.012,-2.765
0.327,-2.566
-0.757,-2.67
-0.737,-2.552
-1.332,-2.588
-1.556,-2.669
-2.39,-2.715
3.141,-2.835
2.693,-2.579
2.158,-2.641
-1.06,1.223
-2.014,1.515
-2.723,1.521
2.123,1.25
1.224,-1.594
0.879,-0.374
0.18,-1.595
-0.595,-0.971
-0.817,-1.59
-1.166,-1.564
-2.94,-1.619
2.729,-0.356
0.513,-1.197
-1.463,-0.138
2.886,-0.945
2.571,-1.831
2.466,-1.417
2.026,-1.826
1.828,-1.778
1.76,-1.01
0.222,-1.056
-0.774,0.633
2.104,-0.438
0.656,-2.307
0.346,-2.358
-0.166,-2.519
-1.541,-2.563
-2.13,-2.405
-2.459,-2.469
-2.616,-2.549
-2.673,-2.476
2.254,-2.538
2.067,-2.539
0.342,-2.76
-1.485,-2.933
-1.941,-2.794
-2.642,-2.99
-0.005,-0.829
0.034,0.026
-0.038,0.988
-0.098,-0.2
-0.033,-0.337
-0.075,0.093
-0.082,-0.504
-0.171,1.184
-0.161,0.082
-0.156,1.519
-0.224,1.499
-0.256,-1.722
-0.244,1.571
-0.25,1.668
-0.276,-1.717
-0.291,-0.5
-0.275,-0.817
-0.313,-0.815
-0.326,-1.166
-0.376,-1.289
-0.435,-0.306
-0.383,-1.122
-0.489,-0.442
-0.496,-1.591
-0.496,-1.522
-0.464,-2.024
-0.482,-2.067
-0.603,0.473
-0.561,-0.222
-0.631,-1.495
-0.641,-0.388
-0.703,-1.251
-0.739,0.32
-0.722,0.293
-0.82,-0.105
-0.87,0.635
-0.777,-0.993
-0.822,-0.832
-0.898,-1.437
-0.881,-1.243
-0.853,1.667
-0.905,1.002
-0.864,1.416
-0.935,0.894
-0.981,-0.873
-0.918,0.143
-1.067,-0.527
-1.078,-1.503
-1.08,0.434
-1.121,-1.122
-1.059,1.55
-1.317,-0.945
-1.368,-0.837
-1.387,-0.641
-1.484,-1.38
-1.576,-0.187
-1.72,-0.18
-1.726,-1.311
-1.746,-1.731
-1.718,1.098
-1.708,0.997
-1.74,-1.417
-1.824,1.446
-1.811,-0.952
-1.827,1.205
-1.925,-1.369
-1.858,-1.001
-1.903,-0.887
-1.979,-1.214
-2.041,0.863
-2.08,-0.984
-2.195,-0.638
-2.236,-0.636
-2.201,1.312
-2.259,-0.712
-2.244,0.034
-2.296,0.394
-2.232,1.146
-2.326,-0.296
-2.337,-0.335
-2.262,1.342
-2.354,-1.542
-2.305,-0.03
-2.329,-1.392
-2.424,0.025
-2.407,1.387
-2.574,-1.191
-2.518,0.922
-2.526,-1.176
-2.627,0.992
-2.62,-0.906
-2.592,1.001
-2.663,-1.221
-2.655,0.871
-2.71,-0.604
-2.737,-1.044
-2.693,1.559
-2.688,1.441
-2.714,0.674
-2.713,-0.44
-2.815,-1.276
-2.752,0.925
-2.881,-1.252
-2.893,-0.12
-2.894,-1.253
-2.909,0.78
-2.891,-0.42
-2.974,0.208
-2.941,1.118
-2.941,-0.385
-3.01,1.378
-2.974,-0.667
-2.988,-0.195
-3.088,-1.506
-3.096,0.408
-3.055,-0.502
3.132,0.251
3.02,-0.227
2.842,-0.118
2.823,-0.362
2.88,1.302
2.851,-1.217
2.852,-0.664
2.773,1.073
2.765,0.658
2.734,0.908
2.799,-0.42
2.697,-0.908
2.709,-0.386
2.728,-0.418
2.641,-1.004
2.616,-1.563
2.641,1.274
2.505,-0.351
2.415,-0.396
2.404,0.604
2.327,-0.147
2.311,-2.024
2.315,-0.299
2.217,-1.239
2.211,-0.202
1.949,-2.046
2.008,-1.108
1.925,0.185
1.923,-1.171
1.946,0.019
1.954,0.301
1.827,-1.946
1.862,0.308
1.798,0.437
1.753,-0.272
1.595,1.284
1.499,-1.034
1.436,1.178
1.451,0.005
1.428,1.53
1.48,0.442
1.386,-0.885
1.318,-2.489
1.218,-2.408
1.284,-2.389
0.863,-2.334
0.843,-2.419
0.263,-2.334
-0.605,-2.311
-2.43,-2.482
-2.82,-2.539
2.815,-2.544
2.672,-2.314
2.505,-2.493
2.199,-2.58
2.08,-2.582
2.027,-2.454
1.635,-2.428
1.517,-2.512
1.003,1.723
0.257,1.81
0.155,1.758
-0.064,1.818
-1.683,1.734
-2.315,1.751
-2.632,1.704
-2.632,1.701
-2.72,1.72
2.833,1.611
2.188,1.723
1.952,1.513
0.831,-0.957
0.177,-1.164
-0.086,1.237
-0.654,1.187
-2.258,-1.991
-0.131,-2.374
1.28,-0.579
1.291,-0.158
1.257,-1.625
1.259,1.547
1.052,0.293
1.099,-1.122
0.904,-0.604
1.001,-0.55
0.855,1.269
0.963,-1.996
0.81,1.532
0.82,1.723
0.789,-0.035
0.887,0.309
0.732,1.06
0.711,-1.643
0.677,-1.478
0.617,-0.166
0.679,0.573
0.604,1.548
0.541,0.884
0.503,1.591
0.278,-0.362
0.256,1.349
0.224,1.204
0.335,-1.355
0.165,1.228
0.295,0.637
0.11,-1.681
0.199,-0.951
0.14,-2.02
0.049,-1.161
0.0,-0.533
-0.02,-0.222
-0.289,0.656
-0.171,-1.073
-0.205,0.153
-0.231,0.475
-0.269,0.654
-0.314,1.248
-0.325,0.307
-0.457,1.602
-0.365,-0.467
-0.717,1.325
-0.741,1.213
-0.652,-0.357
-0.817,-1.529
-0.819,-0.453
-0.904,0.644
-0.785,1.384
-0.95,-0.985
-0.85,-1.337
-0.995,1.256
-0.963,0.226
-1.17,0.141
-1.202,-1.565
-1.237,-1.557
-1.46,-1.202
-1.479,-0.64
-1.651,-0.223
-1.669,0.64
-1.719,-1.413
-1.608,0.567
-1.757,-0.7
-1.762,-1.109
-1.789,-0.617
-1.936,-0.166
-2.0,-1.36
-2.104,-0.689
-2.151,-0.178
-2.177,-1.005
-2.189,-1.394
-2.208,-0.907
-2.332,0.3
-2.529,1.371
-2.553,0.11
-2.601,1.234
-2.492,0.621
-2.635,1.408
-2.679,0.978
-2.786,0.65
-2.662,0.334
-2.783,-1.438
-2.818,-0.25
-3.058,-0.888
-3.091,-0.309
3.068,-0.377
-3.135,1.151
2.973,0.627
2.82,-1.414
2.723,0.219
2.773,-1.199
2.618,1.074
2.676,-1.432
2.477,-1.633
2.374,0.788
2.464,0.306
2.258,0.72
2.269,-0.365
2.11,0.821
1.984,-0.988
1.991,0.289
2.042,0.235
2.04,-1.191
1.701,0.66
1.788,-1.944
1.607,-0.065
1.632,-0.544
1.409,1.102
1.051,-2.512
0.366,-2.313
-0.718,-2.417
-0.698,-2.299
-1.293,-2.335
-1.517,-2.416
-2.351,-2.462
-3.103,-2.582
2.732,-2.326
2.197,-2.388
-1.021,1.476
-1.975,1.768
-2.684,1.774
2.162,1.503
1.263,-1.341
0.918,-0.121
0.219,-1.342
-0.556,-0.718
-0.778,-1.337
-1.127,-1.311
-2.901,-1.366
2.768,-0.103
0.552,-0.944
-1.424,0.115
2.925,-0.692
2.61,-1.578
2.505,-1.164
2.065,-1.573
1.867,-1.525
1.799,-0.757
0.261,-0.803
-0.735,0.886
2.143,-0.185
0.695,-2.054
0.385,-2.105
-0.127,-2.266
-1.502,-2.31
-2.091,-2.152
-2.42,-2.216
-2.577,-2.296
-2.634,-2.223
2.293,-2.285
2.106,-2.286
0.381,-2.507
-1.446,-2.68
-1.902,-2.541
-2.603,-2.737
0.039,0.855
-0.033,1.817
-0.093,0.629
-0.028,0.492
-0.07,0.922
-0.077,0.325
-0.166,2.013
-0.156,0.911
-0.151,2.348
-0.219,2.328
-0.251,-0.893
-0.239,2.4
-0.245,2.497
-0.271,-0.888
-0.286,0.329
-0.27,0.012
-0.308,0.014
-0.321,-0.337
-0.371,-0.46
-0.43,0.523
-0.378,-0.293
-0.484,0.387
-0.491,-0.762
-0.491,-0.693
-0.459,-1.195
-0.477,-1.238
-0.598,1.302
-0.556,0.607
-0.626,-0.666
-0.636,0.441
-0.698,-0.422
-0.734,1.149
-0.717,1.122
-0.815,0.724
-0.865,1.464
-0.772,-0.164
-0.817,-0.003
-0.893,-0.608
-0.876,-0.414
-0.848,2.496
-0.9,1.831
-0.859,2.245
-0.93,1.723
-0.976,-0.044
-0.913,0.972
-1.062,0.302
-1.073,-0.674
-1.075,1.263
-1.116,-0.293
-1.054,2.379
-1.312,-0.116
-1.363,-0.008
-1.382,0.188
-1.479,-0.551
-1.571,0.642
-1.715,0.649
-1.721,-0.482
-1.741,-0.902
-1.713,1.927
-1.703,1.826
-1.735,-0.588
-1.819,2.275
-1.806,-0.123
-1.822,2.034
-1.92,-0.54
-1.853,-0.172
-1.898,-0.058
-1.974,-0.385
-2.036,1.692
-2.075,-0.155
-2.19,0.191
-2.231,0.193
-2.196,2.141
-2.254,0.117
-2.239,0.863
-2.291,1.223
-2.227,1.975
-2.321,0.533
-2.332,0.494
-2.257,2.171
-2.349,-0.713
-2.3,0.799
-2.324,-0.563
-2.419,0.854
-2.402,2.216
-2.569,-0.362
-2.513,1.751
-2.521,-0.347
-2.622,1.821
-2.615,-0.077
-2.587,1.83
-2.658,-0.392
-2.65,1.7
-2.705,0.225
-2.732,-0.215
-2.688,2.388
-2.683,2.27
-2.709,1.503
-2.708,0.389
-2.81,-0.447
-2.747,1.754
-2.876,-0.423
-2.888,0.709
-2.889,-0.424
-2.904,1.609
-2.886,0.409
-2.969,1.037
-2.936,1.947
-2.936,0.444
-3.005,2.207
-2.969,0.162
-2.983,0.634
-3.083,-0.677
-3.091,1.237
-3.05,0.327
3.137,1.08
3.025,0.602
2.847,0.711
2.828,0.467
2.885,2.131
2.856,-0.388
2.857,0.165
2.778,1.902
2.77,1.487
2.739,1.737
2.804,0.409
2.702,-0.079
2.714,0.443
2.733,0.411
2.646,-0.175
2.621,-0.734
2.646,2.103
2.51,0.478
2.42,0.433
2.409,1.433
2.332,0.682
2.316,-1.195
2.32,0.53
2.222,-0.41
2.216,0.627
1.954,-1.217
2.013,-0.279
1.93,1.014
1.928,-0.342
1.951,0.848
1.959,1.13
1.832,-1.117
1.867,1.137
1.803,1.266
1.758,0.557
1.6,2.113
1.504,-0.205
1.441,2.007
1.456,0.834
1.433,2.359
1.485,1.271
1.391,-0.056
1.323,-1.66
1.223,-1.579
1.289,-1.56
0.868,-1.505
0.848,-1.59
0.268,-1.505
-0.6,-1.482
-2.425,-1.653
-2.815,-1.71
2.82,-1.715
2.677,-1.485
2.51,-1.664
2.204,-1.751
2.085,-1.753
2.032,-1.625
1.64,-1.599
1.522,-1.683
1.008,2.552
0.262,2.639
0.16,2.587
-0.059,2.647
-1.678,2.563
-2.31,2.58
-2.627,2.533
-2.627,2.53
-2.715,2.549
2.838,2.44
2.193,2.552
1.957,2.342
0.836,-0.128
0.182,-0.335
-0.081,2.066
-0.649,2.016
-2.253,-1.162
-0.126,-1.545
1.285,0.25
1.296,0.671
1.262,-0.796
1.264,2.376
1.057,1.122
1.104,-0.293
0.909,0.225
1.006,0.279
0.86,2.098
0.968,-1.167
0.815,2.361
0.825,2.552
0.794,0.794
0.892,1.138
0.737,1.889
0.716,-0.814
0.682,-0.649
0.622,0.663
0.684,1.402
0.609,2.377
0.546,1.713
0.508,2.42
0.283,0.467
0.261,2.178
0.229,2.033
0.34,-0.526
0.17,2.057
0.3,1.466
0.115,-0.852
0.204,-0.122
0.145,-1.191
0.054,-0.332
0.005,0.296
-0.015,0.607
-0.284,1.485
-0.166,-0.244
-0.2,0.982
-0.226,1.304
-0.264,1.483
-0.309,2.077
-0.32,1.136
-0.452,2.431
-0.36,0.362
-0.712,2.154
-0.736,2.042
-0.647,0.472
-0.812,-0.7
-0.814,0.376
-0.899,1.473
-0.78,2.213
-0.945,-0.156
-0.845,-0.508
-0.99,2.085
-0.958,1.055
-1.165,0.97
-1.197,-0.736
-1.232,-0.728
-1.455,-0.373
-1.474,0.189
-1.646,0.606
-1.664,1.469
-1.714,-0.584
-1.603,1.396
-1.752,0.129
-1.757,-0.28
-1.784,0.212
-1.931,0.663
-1.995,-0.531
-2.099,0.14
-2.146,0.651
-2.172,-0.176
-2.184,-0.565
-2.203,-0.078
-2.327,1.129
-2.524,2.2
-2.548,0.939
-2.596,2.063
-2.487,1.45
-2.63,2.237
-2.674,1.807
-2.781,1.479
-2.657,1.163
-2.778,-0.609
-2.813,0.579
-3.053,-0.059
-3.086,0.52
3.073,0.452
-3.13,1.98
2.978,1.456
2.825,-0.585
2.728,1.048
2.778,-0.37
2.623,1.903
2.681,-0.603
2.482,-0.804
2.379,1.617
2.469,1.135
2.263,1.549
2.274,0.464
2.115,1.65
1.989,-0.159
1.996,1.118
2.047,1.064
2.045,-0.362
1.706,1.489
1.793,-1.115
1.612,0.764
1.637,0.285
1.414,1.931
1.056,-1.683
0.371,-1.484
-0.713,-1.588
-0.693,-1.47
-1.288,-1.506
-1.512,-1.587
-2.346,-1.633
-3.098,-1.753
2.737,-1.497
2.202,-1.559
-1.016,2.305
-1.97,2.597
-2.679,2.603
2.167,2.332
1.268,-0.512
0.923,0.708
0.224,-0.513
-0.551,0.111
-0.773,-0.508
-1.122,-0.482
-2.896,-0.537
2.773,0.726
0.557,-0.115
-1.419,0.944
2.93,0.137
2.615,-0.749
2.51,-0.335
2.07,-0.744
1.872,-0.696
1.804,0.072
0.266,0.026
-0.73,1.715
2.148,0.644
0.7,-1.225
0.39,-1.276
-0.122,-1.437
-1.497,-1.481
-2.086,-1.323
-2.415,-1.387
-2.572,-1.467
-2.629,-1.394
2.298,-1.456
2.111,-1.457
0.386,-1.678
-1.441,-1.851
-1.897,-1.712
-2.598,-1.908
-0.072,0.962
-0.132,-0.226
-0.067,-0.363
-0.109,0.067
-0.116,-0.53
-0.205,1.158
-0.195,0.056
-0.19,1.493
-0.258,1.473
-0.29,-1.748
-0.278,1.545
-0.284,1.642
-0.31,-1.743
-0.325,-0.526
-0.309,-0.843
-0.347,-0.841
-0.36,-1.192
-0.41,-1.315
-0.469,-0.332
-0.417,-1.148
-0.523,-0.468
-0.53,-1.617
-0.53,-1.548
-0.498,-2.05
-0.516,-2.093
-0.637,0.447
-0.595,-0.248
-0.665,-1.521
-0.675,-0.414
-0.737,-1.277
-0.773,0.294
-0.756,0.267
-0.854,-0.131
-0.904,0.609
-0.811,-1.019
-0.856,-0.858
-0.932,-1.463
-0.915,-1.269
-0.887,1.641
-0.939,0.976
-0.898,1.39
-0.969,0.868
-1.015,-0.899
-0.952,0.117
-1.101,-0.553
-1.112,-1.529
-1.114,0.408
-1.155,-1.148
-1.093,1.524
-1.351,-0.971
-1.402,-0.863
-1.421,-0.667
-1.518,-1.406
-1.61,-0.213
-1.754,-0.206
-1.76,-1.337
-1.78,-1.757
-1.752,1.072
-1.742,0.971
-1.774,-1.443
-1.858,1.42
-1.845,-0.978
-1.861,1.179
-1.959,-1.395
-1.892,-1.027
-1.937,-0.913
-2.013,-1.24
-2.075,0.837
-2.114,-1.01
-2.229,-0.664
-2.27,-0.662
-2.235,1.286
-2.293,-0.738
-2.278,0.008
-2.33,0.368
-2.266,1.12
-2.36,-0.322
-2.371,-0.361
-2.296,1.316
-2.388,-1.568
-2.339,-0.056
-2.363,-1.418
-2.458,-0.001
-2.441,1.361
-2.608,-1.217
-2.552,0.896
-2.56,-1.202
-2.661,0.966
-2.654,-0.932
-2.626,0.975
-2.697,-1.247
-2.689,0.845
-2.744,-0.63
-2.771,-1.07
-2.727,1.533
-2.722,1.415
-2.748,0.648
-2.747,-0.466
-2.849,-1.302
-2.786,0.899
-2.915,-1.278
-2.927,-0.146
-2.928,-1.279
-2.943,0.754
-2.925,-0.446
-3.008,0.182
-2.975,1.092
-2.975,-0.411
-3.044,1.352
-3.008,-0.693
-3.022,-0.221
-3.122,-1.532
-3.13,0.382
-3.089,-0.528
3.098,0.225
2.986,-0.253
2.808,-0.144
2.789,-0.388
2.846,1.276
2.817,-1.243
2.818,-0.69
2.739,1.047
2.731,0.632
2.7,0.882
2.765,-0.446
2.663,-0.934
2.675,-0.412
2.694,-0.444
2.607,-1.03
2.582,-1.589
2.607,1.248
2.471,-0.377
2.381,-0.422
2.37,0.578
2.293,-0.173
2.277,-2.05
2.281,-0.325
2.183,-1.265
2.177,-0.228
1.915,-2.072
1.974,-1.134
1.891,0.159
1.889,-1.197
1.912,-0.007
1.92,0.275
1.793,-1.972
1.828,0.282
1.764,0.411
1.719,-0.298
1.561,1.258
1.465,-1.06
1.402,1.152
1.417,-0.021
1.394,1.504
1.446,0.416
1.352,-0.911
1.284,-2.515
1.184,-2.434
1.25,-2.415
0.829,-2.36
0.809,-2.445
0.229,-2.36
-0.639,-2.337
-2.464,-2.508
-2.854,-2.565
2.781,-2.57
2.638,-2.34
2.471,-2.519
2.165,-2.606
2.046,-2.608
1.993,-2.48
1.601,-2.454
1.483,-2.538
0.969,1.697
0.223,1.784
0.121,1.732
-0.098,1.792
-1.717,1.708
-2.349,1.725
-2.666,1.678
-2.666,1.675
-2.754,1.694
2.799,1.585
2.154,1.697
1.918,1.487
0.797,-0.983
0.143,-1.19
-0.12,1.211
-0.688,1.161
-2.292,-2.017
-0.165,-2.4
1.246,-0.605
1.257,-0.184
1.223,-1.651
1.225,1.521
1.018,0.267
1.065,-1.148
0.87,-0.63
0.967,-0.576
0.821,1.243
0.929,-2.022
0.776,1.506
0.786,1.697
0.755,-0.061
0.853,0.283
0.698,1.034
0.677,-1.669
0.643,-1.504
0.583,-0.192
0.645,0.547
0.57,1.522
0.507,0.858
0.469,1.565
0.244,-0.388
0.222,1.323
0.19,1.178
0.301,-1.381
0.131,1.202
0.261,0.611
0.076,-1.707
0.165,-0.977
0.106,-2.046
0.015,-1.187
-0.034,-0.559
-0.054,-0.248
-0.323,0.63
-0.205,-1.099
-0.239,0.127
-0.265,0.449
-0.303,0.628
-0.348,1.222
-0.359,0.281
-0.491,1.576
-0.399,-0.493
-0.751,1.299
-0.775,1.187
-0.686,-0.383
-0.851,-1.555
-0.853,-0.479
-0.938,0.618
-0.819,1.358
-0.984,-1.011
-0.884,-1.363
-1.029,1.23
-0.997,0.2
-1.204,0.115
-1.236,-1.591
-1.271,-1.583
-1.494,-1.228
-1.513,-0.666
-1.685,-0.249
-1.703,0.614
-1.753,-1.439
-1.642,0.541
-1.791,-0.726
-1.796,-1.135
-1.823,-0.643
-1.97,-0.192
-2.034,-1.386
-2.138,-0.715
-2.185,-0.204
-2.211,-1.031
-2.223,-1.42
-2.242,-0.933
-2.366,0.274
-2.563,1.345
-2.587,0.084
-2.635,1.208
-2.526,0.595
-2.669,1.382
-2.713,0.952
-2.82,0.624
-2.696,0.308
-2.817,-1.464
-2.852,-0.276
-3.092,-0.914
-3.125,-0.335
3.034,-0.403
3.114,1.125
2.939,0.601
2.786,-1.44
2.689,0.193
2.739,-1.225
2.584,1.048
2.642,-1.458
2.443,-1.659
2.34,0.762
2.43,0.28
2.224,0.694
2.235,-0.391
2.076,0.795
1.95,-1.014
1.957,0.263
2.008,0.209
2.006,-1.217
1.667,0.634
1.754,-1.97
1.573,-0.091
1.598,-0.57
1.375,1.076
1.017,-2.538
0.332,-2.339
-0.752,-2.443
-0.732,-2.325
-1.327,-2.361
-1.551,-2.442
-2.385,-2.488
-3.137,-2.608
2.698,-2.352
2.163,-2.414
-1.055,1.45
-2.009,1.742
-2.718,1.748
2.128,1.477
1.229,-1.367
0.884,-0.147
0.185,-1.368
-0.59,-0.744
-0.812,-1.363
-1.161,-1.337
-2.935,-1.392
2.734,-0.129
0.518,-0.97
-1.458,0.089
2.891,-0.718
2.576,-1.604
2.471,-1.19
2.031,-1.599
1.833,-1.551
1.765,-0.783
0.227,-0.829
-0.769,0.86
2.109,-0.211
0.661,-2.08
0.351,-2.131
-0.161,-2.292
-1.536,-2.336
-2.125,-2.178
-2.454,-2.242
-2.611,-2.322
-2.668,-2.249
2.259,-2.311
2.072,-2.312
0.347,-2.533
-1.48,-2.706
-1.936,-2.567
-2.637,-2.763
-0.06,-1.188
0.005,-1.325
-0.037,-0.895
-0.044,-1.492
-0.133,0.196
-0.123,-0.906
-0.118,0.531
-0.186,0.511
-0.218,-2.71
-0.206,0.583
-0.212,0.68
-0.238,-2.705
-0.253,-1.488
-0.237,-1.805
-0.275,-1.803
-0.288,-2.154
-0.338,-2.277
-0.397,-1.294
-0.345,-2.11
-0.451,-1.43
-0.458,-2.579
-0.458,-2.51
-0.426,-3.012
-0.444,-3.055
-0.565,-0.515
-0.523,-1.21
-0.593,-2.483
-0.603,-1.376
-0.665,-2.239
-0.701,-0.668
-0.684,-0.695
-0.782,-1.093
-0.832,-0.353
-0.739,-1.981
-0.784,-1.82
-0.86,-2.425
-0.843,-2.231
-0.815,0.679
-0.867,0.014
-0.826,0.428
-0.897,-0.094
-0.943,-1.861
-0.88,-0.845
-1.029,-1.515
-1.04,-2.491
-1.042,-0.554
-1.083,-2.11
-1.021,0.562
-1.279,-1.933
-1.33,-1.825
-1.349,-1.629
-1.446,-2.368
-1.538,-1.175
-1.682,-1.168
-1.688,-2.299
-1.708,-2.719
-1.68,0.11
-1.67,0.009
-1.702,-2.405
-1.786,0.458
-1.773,-1.94
-1.789,0.217
-1.887,-2.357
-1.82,-1.989
-1.865,-1.875
-1.941,-2.202
-2.003,-0.125
-2.042,-1.972
-2.157,-1.626
-2.198,-1.624
-2.163,0.324
-2.221,-1.7
-2.206,-0.954
-2.258,-0.594
-2.194,0.158
-2.288,-1.284
-2.299,-1.323
-2.224,0.354
-2.316,-2.53
-2.267,-1.018
-2.291,-2.38
-2.386,-0.963
-2.369,0.399
-2.536,-2.179
-2.48,-0.066
-2.488,-2.164
-2.589,0.004
-2.582,-1.894
-2.554,0.013
-2.625,-2.209
-2.617,-0.117
-2.672,-1.592
-2.699,-2.032
-2.655,0.571
-2.65,0.453
-2.676,-0.314
-2.675,-1.428
-2.777,-2.264
-2.714,-0.063
-2.843,-2.24
-2.855,-1.108
-2.856,-2.241
-2.871,-0.208
-2.853,-1.408
-2.936,-0.78
-2.903,0.13
-2.903,-1.373
-2.972,0.39
-2.936,-1.655
-2.95,-1.183
-3.05,-2.494
-3.058,-0.58
-3.017,-1.49
-3.113,-0.737
3.058,-1.215
2.88,-1.106
2.861,-1.35
2.918,0.314
2.889,-2.205
2.89,-1.652
2.811,0.085
2.803,-0.33
2.772,-0.08
2.837,-1.408
2.735,-1.896
2.747,-1.374
2.766,-1.406
2.679,-1.992
2.654,-2.551
2.679,0.286
2.543,-1.339
2.453,-1.384
2.442,-0.384
2.365,-1.135
2.349,-3.012
2.353,-1.287
2.255,-2.227
2.249,-1.19
1.987,-3.034
2.046,-2.096
1.963,-0.803
1.961,-2.159
1.984,-0.969
1.992,-0.687
1.865,-2.934
1.9,-0.68
1.836,-0.551
1.791,-1.26
1.633,0.296
1.537,-2.022
1.474,0.19
1.489,-0.983
1.466,0.542
1.518,-0.546
1.424,-1.873
1.356,-3.477
1.256,-3.396
1.322,-3.377
0.901,-3.322
0.881,-3.407
0.301,-3.322
-0.567,-3.299
-2.392,-3.47
-2.782,-3.527
2.853,-3.532
2.71,-3.302
2.543,-3.481
2.237,-3.568
2.118,-3.57
2.065,-3.442
1.673,-3.416
1.555,-3.5
1.041,0.735
0.295,0.822
0.193,0.77
-0.026,0.83
-1.645,0.746
-2.277,0.763
-2.594,0.716
-2.594,0.713
-2.682,0.732
2.871,0.623
2.226,0.735
1.99,0.525
0.869,-1.945
0.215,-2.152
-0.048,0.249
-0.616,0.199
-2.22,-2.979
-0.093,-3.362
1.318,-1.567
1.329,-1.146
1.295,-2.613
1.297,0.559
1.09,-0.695
1.137,-2.11
0.942,-1.592
1.039,-1.538
0.893,0.281
1.001,-2.984
0.848,0.544
0.858,0.735
0.827,-1.023
0.925,-0.679
0.77,0.072
0.749,-2.631
0.715,-2.466
0.655,-1.154
0.717,-0.415
0.642,0.56
0.579,-0.104
0.541,0.603
0.316,-1.35
0.294,0.361
0.262,0.216
0.373,-2.343
0.203,0.24
0.333,-0.351
0.148,-2.669
0.237,-1.939
0.178,-3.008
0.087,-2.149
0.038,-1.521
0.018,-1.21
-0.251,-0.332
-0.133,-2.061
-0.167,-0.835
-0.193,-0.513
-0.231,-0.334
-0.276,0.26
-0.287,-0.681
-0.419,0.614
-0.327,-1.455
-0.679,0.337
-0.703,0.225
-0.614,-1.345
-0.779,-2.517
-0.781,-1.441
-0.866,-0.344
-0.747,0.396
-0.912,-1.973
-0.812,-2.325
-0.957,0.268
-0.925,-0.762
-1.132,-0.847
-1.164,-2.553
-1.199,-2.545
-1.422,-2.19
-1.441,-1.628
-1.613,-1.211
-1.631,-0.348
-1.681,-2.401
-1.57,-0.421
-1.719,-1.688
-1.724,-2.097
-1.751,-1.605
-1.898,-1.154
-1.962,-2.348
-2.066,-1.677
-2.113,-1.166
-2.139,-1.993
-2.151,-2.382
-2.17,-1.895
-2.294,-0.688
-2.491,0.383
-2.515,-0.878
-2.563,0.246
-2.454,-0.367
-2.597,0.42
-2.641,-0.01
-2.748,-0.338
-2.624,-0.654
-2.745,-2.426
-2.78,-1.238
-3.02,-1.876
-3.053,-1.297
3.106,-1.365
-3.097,0.163
3.011,-0.361
2.858,-2.402
2.761,-0.769
2.811,-2.187
2.656,0.086
2.714,-2.42
2.515,-2.621
2.412,-0.2
2.502,-0.682
2.296,-0.268
2.307,-1.353
2.148,-0.167
2.022,-1.976
2.029,-0.699
2.08,-0.753
2.078,-2.179
1.739,-0.328
1.826,-2.932
1.645,-1.053
1.67,-1.532
1.447,0.114
1.089,-3.5
0.404,-3.301
-0.68,-3.405
-0.66,-3.287
-1.255,-3.323
-1.479,-3.404
-2.313,-3.45
-3.065,-3.57
2.77,-3.314
2.235,-3.376
-0.983,0.488
-1.937,0.78
-2.646,0.786
2.2,0.515
1.301,-2.329
0.956,-1.109
0.257,-2.33
-0.518,-1.706
-0.74,-2.325
-1.089,-2.299
-2.863,-2.354
2.806,-1.091
0.59,-1.932
-1.386,-0.873
2.963,-1.68
2.648,-2.566
2.543,-2.152
2.103,-2.561
1.905,-2.513
1.837,-1.745
0.299,-1.791
-0.697,-0.102
2.181,-1.173
0.733,-3.042
0.423,-3.093
-0.089,-3.254
-1.464,-3.298
-2.053,-3.14
-2.382,-3.204
-2.539,-3.284
-2.596,-3.211
2.331,-3.273
2.144,-3.274
0.419,-3.495
-1.408,-3.668
-1.864,-3.529
-2.565,-3.725
0.065,-0.137
0.023,0.293
0.016,-0.304
-0.073,1.384
-0.063,0.282
-0.058,1.719
-0.126,1.699
-0.158,-1.522
-0.146,1.771
-0.152,1.868
-0.178,-1.517
-0.193,-0.3
-0.177,-0.617
-0.215,-0.615
-0.228,-0.966
-0.278,-1.089
-0.337,-0.106
-0.285,-0.922
-0.391,-0.242
-0.398,-1.391
-0.398,-1.322
-0.366,-1.824
-0.384,-1.867
-0.505,0.673
-0.463,-0.022
-0.533,-1.295
-0.543,-0.188
-0.605,-1.051
-0.641,0.52
-0.624,0.493
-0.722,0.095
-0.772,0.835
-0.679,-0.793
-0.724,-0.632
-0.8,-1.237
-0.783,-1.043
-0.755,1.867
-0.807,1.202
-0.766,1.616
-0.837,1.094
-0.883,-0.673
-0.82,0.343
-0.969,-0.327
-0.98,-1.303
-0.982,0.634
-1.023,-0.922
-0.961,1.75
-1.219,-0.745
-1.27,-0.637
-1.289,-0.441
-1.386,-1.18
-1.478,0.013
-1.622,0.02
-1.628,-1.111
-1.648,-1.531
-1.62,1.298
-1.61,1.197
-1.642,-1.217
-1.726,1.646
-1.713,-0.752
-1.729,1.405
-1.827,-1.169
-1.76,-0.801
-1.805,-0.687
-1.881,-1.014
-1.943,1.063
-1.982,-0.784
-2.097,-0.438
-2.138,-0.436
-2.103,1.512
-2.161,-0.512
-2.146,0.234
-2.198,0.594
-2.134,1.346
-2.228,-0.096
-2.239,-0.135
-2.164,1.542
-2.256,-1.342
-2.207,0.17
-2.231,-1.192
-2.326,0.225
-2.309,1.587
-2.476,-0.991
-2.42,1.122
-2.428,-0.976
-2.529,1.192
-2.522,-0.706
-2.494,1.201
-2.565,-1.021
-2.557,1.071
-2.612,-0.404
-2.639,-0.844
-2.595,1.759
-2.59,1.641
-2.616,0.874
-2.615,-0.24
-2.717,-1.076
-2.654,1.125
-2.783,-1.052
-2.795,0.08
-2.796,-1.053
-2.811,0.98
-2.793,-0.22
-2.876,0.408
-2.843,1.318
-2.843,-0.185
-2.912,1.578
-2.876,-0.467
-2.89,0.005
-2.99,-1.306
-2.998,0.608
-2.957,-0.302
-3.053,0.451
3.118,-0.027
2.94,0.082
2.921,-0.162
2.978,1.502
2.949,-1.017
2.95,-0.464
2.871,1.273
2.863,0.858
2.832,1.108
2.897,-0.22
2.795,-0.708
2.807,-0.186
2.826,-0.218
2.739,-0.804
2.714,-1.363
2.739,1.474
2.603,-0.151
2.513,-0.196
2.502,0.804
2.425,0.053
2.409,-1.824
2.413,-0.099
2.315,-1.039
2.309,-0.002
2.047,-1.846
2.106,-0.908
2.023,0.385
2.021,-0.971
2.044,0.219
2.052,0.501
1.925,-1.746
1.96,0.508
1.896,0.637
1.851,-0.072
1.693,1.484
1.597,-0.834
1.534,1.378
1.549,0.205
1.526,1.73
1.578,0.642
1.484,-0.685
1.416,-2.289
1.316,-2.208
1.382,-2.189
0.961,-2.134
0.941,-2.219
0.361,-2.134
-0.507,-2.111
-2.332,-2.282
-2.722,-2.339
2.913,-2.344
2.77,-2.114
2.603,-2.293
2.297,-2.38
2.178,-2.382
2.125,-2.254
1.733,-2.228
1.615,-2.312
1.101,1.923
0.355,2.01
0.253,1.958
0.034,2.018
-1.585,1.934
-2.217,1.951
-2.534,1.904
-2.534,1.901
-2.622,1.92
2.931,1.811
2.286,1.923
2.05,1.713
0.929,-0.757
0.275,-0.964
0.012,1.437
-0.556,1.387
-2.16,-1.791
-0.033,-2.174
1.378,-0.379
1.389,0.042
1.355,-1.425
1.357,1.747
1.15,0.493
1.197,-0.922
1.002,-0.404
1.099,-0.35
0.953,1.469
1.061,-1.796
0.908,1.732
0.918,1.923
0.887,0.165
0.985,0.509
0.83,1.26
0.809,-1.443
0.775,-1.278
0.715,0.034
0.777,0.773
0.702,1.748
0.639,1.084
0.601,1.791
0.376,-0.162
0.354,1.549
0.322,1.404
0.433,-1.155
0.263,1.428
0.393,0.837
0.208,-1.481
0.297,-0.751
0.238,-1.82
0.147,-0.961
0.098,-0.333
0.078,-0.022
-0.191,0.856
-0.073,-0.873
-0.107,0.353
-0.133,0.675
-0.171,0.854
-0.216,1.448
-0.227,0.507
-0.359,1.802
-0.267,-0.267
-0.619,1.525
-0.643,1.413
-0.554,-0.157
-0.719,-1.329
-0.721,-0.253
-0.806,0.844
-0.687,1.584
-0.852,-0.785
-0.752,-1.137
-0.897,1.456
-0.865,0.426
-1.072,0.341
-1.104,-1.365
-1.139,-1.357
-1.362,-1.002
-1.381,-0.44
-1.553,-0.023
-1.571,0.84
-1.621,-1.213
-1.51,0.767
-1.659,-0.5
-1.664,-0.909
-1.691,-0.417
-1.838,0.034
-1.902,-1.16
-2.006,-0.489
-2.053,0.022
-2.079,-0.805
-2.091,-1.194
-2.11,-0.707
-2.234,0.5
-2.431,1.571
-2.455,0.31
-2.503,1.434
-2.394,0.821
-2.537,1.608
-2.581,1.178
-2.688,0.85
-2.564,0.534
-2.685,-1.238
-2.72,-0.05
-2.96,-0.688
-2.993,-0.109
-3.117,-0.177
-3.037,1.351
3.071,0.827
2.918,-1.214
2.821,0.419
2.871,-0.999
2.716,1.274
2.774,-1.232
2.575,-1.433
2.472,0.988
2.562,0.506
2.356,0.92
2.367,-0.165
2.208,1.021
2.082,-0.788
2.089,0.489
2.14,0.435
2.138,-0.991
1.799,0.86
1.886,-1.744
1.705,0.135
1.73,-0.344
1.507,1.302
1.149,-2.312
0.464,-2.113
-0.62,-2.217
-0.6,-2.099
-1.195,-2.135
-1.419,-2.216
-2.253,-2.262
-3.005,-2.382
2.83,-2.126
2.295,-2.188
-0.923,1.676
-1.877,1.968
-2.586,1.974
2.26,1.703
1.361,-1.141
1.016,0.079
0.317,-1.142
-0.458,-0.518
-0.68,-1.137
-1.029,-1.111
-2.803,-1.166
2.866,0.097
0.65,-0.744
-1.326,0.315
3.023,-0.492
2.708,-1.378
2.603,-0.964
2.163,-1.373
1.965,-1.325
1.897,-0.557
0.359,-0.603
-0.637,1.086
2.241,0.015
0.793,-1.854
0.483,-1.905
-0.029,-2.066
-1.404,-2.11
-1.993,-1.952
-2.322,-2.016
-2.479,-2.096
-2.536,-2.023
2.391,-2.085
2.204,-2.086
0.479,-2.307
-1.348,-2.48
-1.804,-2.341
-2.505,-2.537
-0.042,0.43
-0.049,-0.167
-0.138,1.521
-0.128,0.419
-0.123,1.856
-0.191,1.836
-0.223,-1.385
-0.211,1.908
-0.217,2.005
-0.243,-1.38
-0.258,-0.163
-0.242,-0.48
-0.28,-0.478
-0.293,-0.829
-0.343,-0.952
-0.402,0.031
-0.35,-0.785
-0.456,-0.105
-0.463,-1.254
-0.463,-1.185
-0.431,-1.687
-0.449,-1.73
-0.57,0.81
-0.528,0.115
-0.598,-1.158
-0.608,-0.051
-0.67,-0.914
-0.706,0.657
-0.689,0.63
-0.787,0.232
-0.837,0.972
-0.744,-0.656
-0.789,-0.495
-0.865,-1.1
-0.848,-0.906
-0.82,2.004
-0.872,1.339
-0.831,1.753
-0.902,1.231
-0.948,-0.536
-0.885,0.48
-1.034,-0.19
-1.045,-1.166
-1.047,0.771
-1.088,-0.785
-1.026,1.887
-1.284,-0.608
-1.335,-0.5
-1.354,-0.304
-1.451,-1.043
-1.543,0.15
-1.687,0.157
-1.693,-0.974
-1.713,-1.394
-1.685,1.435
-1.675,1.334
-1.707,-1.08
-1.791,1.783
-1.778,-0.615
-1.794,1.542
-1.892,-1.032
-1.825,-0.664
-1.87,-0.55
-1.946,-0.877
-2.008,1.2
-2.047,-0.647
-2.162,-0.301
-2.203,-0.299
-2.168,1.649
-2.226,-0.375
-2.211,0.371
-2.263,0.731
-2.199,1.483
-2.293,0.041
-2.304,0.002
-2.229,1.679
-2.321,-1.205
-2.272,0.307
-2.296,-1.055
-2.391,0.362
-2.374,1.724
-2.541,-0.854
-2.485,1.259
-2.493,-0.839
-2.594,1.329
-2.587,-0.569
-2.559,1.338
-2.63,-0.884
-2.622,1.208
-2.677,-0.267
-2.704,-0.707
-2.66,1.896
-2.655,1.778
-2.681,1.011
-2.68,-0.103
-2.782,-0.939
-2.719,1.262
-2.848,-0.915
-2.86,0.217
-2.861,-0.916
-2.876,1.117
-2.858,-0.083
-2.941,0.545
-2.908,1.455
-2.908,-0.048
-2.977,1.715
-2.941,-0.33
-2.955,0.142
-3.055,-1.169
-3.063,0.745
-3.022,-0.165
-3.118,0.588
3.053,0.11
2.875,0.219
2.856,-0.025
2.913,1.639
2.884,-0.88
2.885,-0.327
2.806,1.41
2.798,0.995
2.767,1.245
2.832,-0.083
2.73,-0.571
2.742,-0.049
2.761,-0.081
2.674,-0.667
2.649,-1.226
2.674,1.611
2.538,-0.014
2.448,-0.059
2.437,0.941
2.36,0.19
2.344,-1.687
2.348,0.038
2.25,-0.902
2.244,0.135
1.982,-1.709
2.041,-0.771
1.958,0.522
1.956,-0.834
1.979,0.356
1.987,0.638
1.86,-1.609
1.895,0.645
1.831,0.774
1.786,0.065
1.628,1.621
1.532,-0.697
1.469,1.515
1.484,0.342
1.461,1.867
1.513,0.779
1.419,-0.548
1.351,-2.152
1.251,-2.071
1.317,-2.052
0.896,-1.997
0.876,-2.082
0.296,-1.997
-0.572,-1.974
-2.397,-2.145
-2.787,-2.202
2.848,-2.207
2.705,-1.977
2.538,-2.156
2.232,-2.243
2.113,-2.245
2.06,-2.117
1.668,-2.091
1.55,-2.175
1.036,2.06
0.29,2.147
0.188,2.095
-0.031,2.155
-1.65,2.071
-2.282,2.088
-2.599,2.041
-2.599,2.038
-2.687,2.057
2.866,1.948
2.221,2.06
1.985,1.85
0.864,-0.62
0.21,-0.827
-0.053,1.574
-0.621,1.524
-2.225,-1.654
-0.098,-2.037
1.313,-0.242
1.324,0.179
1.29,-1.288
1.292,1.884
1.085,0.63
1.132,-0.785
0.937,-0.267
1.034,-0.213
0.888,1.606
0.996,-1.659
0.843,1.869
0.853,2.06
0.822,0.302
0.92,0.646
0.765,1.397
0.744,-1.306
0.71,-1.141
0.65,0.171
0.712,0.91
0.637,1.885
0.574,1.221
0.536,1.928
0.311,-0.025
0.289,1.686
0.257,1.541
0.368,-1.018
0.198,1.565
0.328,0.974
0.143,-1.344
0.232,-0.614
0.173,-1.683
0.082,-0.824
0.033,-0.196
0.013,0.115
-0.256,0.993
-0.138,-0.736
-0.172,0.49
-0.198,0.812
-0.236,0.991
-0.281,1.585
-0.292,0.644
-0.424,1.939
-0.332,-0.13
-0.684,1.662
-0.708,1.55
-0.619,-0.02
-0.784,-1.192
-0.786,-0.116
-0.871,0.981
-0.752,1.721
-0.917,-0.648
-0.817,-1.0
-0.962,1.593
-0.93,0.563
-1.137,0.478
-1.169,-1.228
-1.204,-1.22
-1.427,-0.865
-1.446,-0.303
-1.618,0.114
-1.636,0.977
-1.686,-1.076
-1.575,0.904
-1.724,-0.363
-1.729,-0.772
-1.756,-0.28
-1.903,0.171
-1.967,-1.023
-2.071,-0.352
-2.118,0.159
-2.144,-0.668
-2.156,-1.057
-2.175,-0.57
-2.299,0.637
-2.496,1.708
-2.52,0.447
-2.568,1.571
-2.459,0.958
-2.602,1.745
-2.646,1.315
-2.753,0.987
-2.629,0.671
-2.75,-1.101
-2.785,0.087
-3.025,-0.551
-3.058,0.028
3.101,-0.04
-3.102,1.488
3.006,0.964
2.853,-1.077
2.756,0.556
2.806,-0.862
2.651,1.411
2.709,-1.095
2.51,-1.296
2.407,1.125
2.497,0.643
2.291,1.057
2.302,-0.028
2.143,1.158
2.017,-0.651
2.024,0.626
2.075,0.572
2.073,-0.854
1.734,0.997
1.821,-1.607
1.64,0.272
1.665,-0.207
1.442,1.439
1.084,-2.175
0.399,-1.976
-0.685,-2.08
-0.665,-1.962
-1.26,-1.998
-1.484,-2.079
-2.318,-2.125
-3.07,-2.245
2.765,-1.989
2.23,-2.051
-0.988,1.813
-1.942,2.105
-2.651,2.111
2.195,1.84
1.296,-1.004
0.951,0.216
0.252,-1.005
-0.523,-0.381
-0.745,-1.0
-1.094,-0.974
-2.868,-1.029
2.801,0.234
0.585,-0.607
-1.391,0.452
2.958,-0.355
2.643,-1.241
2.538,-0.827
2.098,-1.236
1.9,-1.188
1.832,-0.42
0.294,-0.466
-0.702,1.223
2.176,0.152
0.728,-1.717
0.418,-1.768
-0.094,-1.929
-1.469,-1.973
-2.058,-1.815
-2.387,-1.879
-2.544,-1.959
-2.601,-1.886
2.326,-1.948
2.139,-1.949
0.414,-2.17
-1.413,-2.343
-1.869,-2.204
-2.57,-2.4
-0.007,-0.597
-0.096,1.091
-0.086,-0.011
-0.081,1.426
-0.149,1.406
-0.181,-1.815
-0.169,1.478
-0.175,1.575
-0.201,-1.81
-0.216,-0.593
-0.2,-0.91
-0.238,-0.908
-0.251,-1.259
-0.301,-1.382
-0.36,-0.399
-0.308,-1.215
-0.414,-0.535
-0.421,-1.684
-0.421,-1.615
-0.389,-2.117
-0.407,-2.16
-0.528,0.38
-0.486,-0.315
-0.556,-1.588
-0.566,-0.481
-0.628,-1.344
-0.664,0.227
-0.647,0.2
-0.745,-0.198
-0.795,0.542
-0.702,-1.086
-0.747,-0.925
-0.823,-1.53
-0.806,-1.336
-0.778,1.574
-0.83,0.909
-0.789,1.323
-0.86,0.801
-0.906,-0.966
-0.843,0.05
-0.992,-0.62
-1.003,-1.596
-1.005,0.341
-1.046,-1.215
-0.984,1.457
-1.242,-1.038
-1.293,-0.93
-1.312,-0.734
-1.409,-1.473
-1.501,-0.28
-1.645,-0.273
-1.651,-1.404
-1.671,-1.824
-1.643,1.005
-1.633,0.904
-1.665,-1.51
-1.749,1.353
-1.736,-1.045
-1.752,1.112
-1.85,-1.462
-1.783,-1.094
-1.828,-0.98
-1.904,-1.307
-1.966,0.77
-2.005,-1.077
-2.12,-0.731
-2.161,-0.729
-2.126,1.219
-2.184,-0.805
-2.169,-0.059
-2.221,0.301
-2.157,1.053
-2.251,-0.389
-2.262,-0.428
-2.187,1.249
-2.279,-1.635
-2.23,-0.123
-2.254,-1.485
-2.349,-0.068
-2.332,1.294
-2.499,-1.284
-2.443,0.829
-2.451,-1.269
-2.552,0.899
-2.545,-0.999
-2.517,0.908
-2.588,-1.314
-2.58,0.778
-2.635,-0.697
-2.662,-1.137
-2.618,1.466
-2.613,1.348
-2.639,0.581
-2.638,-0.533
-2.74,-1.369
-2.677,0.832
-2.806,-1.345
-2.818,-0.213
-2.819,-1.346
-2.834,0.687
-2.816,-0.513
-2.899,0.115
-2.866,1.025
-2.866,-0.478
-2.935,1.285
-2.899,-0.76
-2.913,-0.288
-3.013,-1.599
-3.021,0.315
-2.98,-0.595
-3.076,0.158
3.095,-0.32
2.917,-0.211
2.898,-0.455
2.955,1.209
2.926,-1.31
2.927,-0.757
2.848,0.98
2.84,0.565
2.809,0.815
2.874,-0.513
2.772,-1.001
2.784,-0.479
2.803,-0.511
2.716,-1.097
2.691,-1.656
2.716,1.181
2.58,-0.444
2.49,-0.489
2.479,0.511
2.402,-0.24
2.386,-2.117
2.39,-0.392
2.292,-1.332
2.286,-0.295
2.024,-2.139
2.083,-1.201
2.0,0.092
1.998,-1.264
2.021,-0.074
2.029,0.208
1.902,-2.039
1.937,0.215
1.873,0.344
1.828,-0.365
1.67,1.191
1.574,-1.127
1.511,1.085
1.526,-0.088
1.503,1.437
1.555,0.349
1.461,-0.978
1.393,-2.582
1.293,-2.501
1.359,-2.482
0.938,-2.427
0.918,-2.512
0.338,-2.427
-0.53,-2.404
-2.355,-2.575
-2.745,-2.632
2.89,-2.637
2.747,-2.407
2.58,-2.586
2.274,-2.673
2.155,-2.675
2.102,-2.547
1.71,-2.521
1.592,-2.605
1.078,1.63
0.332,1.717
0.23,1.665
0.011,1.725
-1.608,1.641
-2.24,1.658
-2.557,1.611
-2.557,1.608
-2.645,1.627
2.908,1.518
2.263,1.63
2.027,1.42
0.906,-1.05
0.252,-1.257
-0.011,1.144
-0.579,1.094
-2.183,-2.084
-0.056,-2.467
1.355,-0.672
1.366,-0.251
1.332,-1.718
1.334,1.454
1.127,0.2
1.174,-1.215
0.979,-0.697
1.076,-0.643
0.93,1.176
1.038,-2.089
0.885,1.439
0.895,1.63
0.864,-0.128
0.962,0.216
0.807,0.967
0.786,-1.736
0.752,-1.571
0.692,-0.259
0.754,0.48
0.679,1.455
0.616,0.791
0.578,1.498
0.353,-0.455
0.331,1.256
0.299,1.111
0.41,-1.448
0.24,1.135
0.37,0.544
0.185,-1.774
0.274,-1.044
0.215,-2.113
0.124,-1.254
0.075,-0.626
0.055,-0.315
-0.214,0.563
-0.096,-1.166
-0.13,0.06
-0.156,0.382
-0.194,0.561
-0.239,1.155
-0.25,0.214
-0.382,1.509
-0.29,-0.56
-0.642,1.232
-0.666,1.12
-0.577,-0.45
-0.742,-1.622
-0.744,-0.546
-0.829,0.551
-0.71,1.291
-0.875,-1.078
-0.775,-1.43
-0.92,1.163
-0.888,0.133
-1.095,0.048
-1.127,-1.658
-1.162,-1.65
-1.385,-1.295
-1.404,-0.733
-1.576,-0.316
-1.594,0.547
-1.644,-1.506
-1.533,0.474
-1.682,-0.793
-1.687,-1.202
-1.714,-0.71
-1.861,-0.259
-1.925,-1.453
-2.029,-0.782
-2.076,-0.271
-2.102,-1.098
-2.114,-1.487
-2.133,-1.0
-2.257,0.207
-2.454,1.278
-2.478,0.017
-2.526,1.141
-2.417,0.528
-2.56,1.315
-2.604,0.885
-2.711,0.557
-2.587,0.241
-2.708,-1.531
-2.743,-0.343
-2.983,-0.981
-3.016,-0.402
-3.14,-0.47
-3.06,1.058
3.048,0.534
2.895,-1.507
2.798,0.126
2.848,-1.292
2.693,0.981
2.751,-1.525
2.552,-1.726
2.449,0.695
2.539,0.213
2.333,0.627
2.344,-0.458
2.185,0.728
2.059,-1.081
2.066,0.196
2.117,0.142
2.115,-1.284
1.776,0.567
1.863,-2.037
1.682,-0.158
1.707,-0.637
1.484,1.009
1.126,-2.605
0.441,-2.406
-0.643,-2.51
-0.623,-2.392
-1.218,-2.428
-1.442,-2.509
-2.276,-2.555
-3.028,-2.675
2.807,-2.419
2.272,-2.481
-0.946,1.383
-1.9,1.675
-2.609,1.681
2.237,1.41
1.338,-1.434
0.993,-0.214
0.294,-1.435
-0.481,-0.811
-0.703,-1.43
-1.052,-1.404
-2.826,-1.459
2.843,-0.196
0.627,-1.037
-1.349,0.022
3.0,-0.785
2.685,-1.671
2.58,-1.257
2.14,-1.666
1.942,-1.618
1.874,-0.85
0.336,-0.896
-0.66,0.793
2.218,-0.278
0.77,-2.147
0.46,-2.198
-0.052,-2.359
-1.427,-2.403
-2.016,-2.245
-2.345,-2.309
-2.502,-2.389
-2.559,-2.316
2.368,-2.378
2.181,-2.379
0.456,-2.6
-1.371,-2.773
-1.827,-2.634
-2.528,-2.83
-0.089,1.688
-0.079,0.586
-0.074,2.023
-0.142,2.003
-0.174,-1.218
-0.162,2.075
-0.168,2.172
-0.194,-1.213
-0.209,0.004
-0.193,-0.313
-0.231,-0.311
-0.244,-0.662
-0.294,-0.785
-0.353,0.198
-0.301,-0.618
-0.407,0.062
-0.414,-1.087
-0.414,-1.018
-0.382,-1.52
-0.4,-1.563
-0.521,0.977
-0.479,0.282
-0.549,-0.991
-0.559,0.116
-0.621,-0.747
-0.657,0.824
-0.64,0.797
-0.738,0.399
-0.788,1.139
-0.695,-0.489
-0.74,-0.328
-0.816,-0.933
-0.799,-0.739
-0.771,2.171
-0.823,1.506
-0.782,1.92
-0.853,1.398
-0.899,-0.369
-0.836,0.647
-0.985,-0.023
-0.996,-0.999
-0.998,0.938
-1.039,-0.618
-0.977,2.054
-1.235,-0.441
-1.286,-0.333
-1.305,-0.137
-1.402,-0.876
-1.494,0.317
-1.638,0.324
-1.644,-0.807
-1.664,-1.227
-1.636,1.602
-1.626,1.501
-1.658,-0.913
-1.742,1.95
-1.729,-0.448
-1.745,1.709
-1.843,-0.865
-1.776,-0.497
-1.821,-0.383
-1.897,-0.71
-1.959,1.367
-1.998,-0.48
-2.113,-0.134
-2.154,-0.132
-2.119,1.816
-2.177,-0.208
-2.162,0.538
-2.214,0.898
-2.15,1.65
-2.244,0.208
-2.255,0.169
-2.18,1.846
-2.272,-1.038
-2.223,0.474
-2.247,-0.888
-2.342,0.529
-2.325,1.891
-2.492,-0.687
-2.436,1.426
-2.444,-0.672
-2.545,1.496
-2.538,-0.402
-2.51,1.505
-2.581,-0.717
-2.573,1.375
-2.628,-0.1
-2.655,-0.54
-2.611,2.063
-2.606,1.945
-2.632,1.178
-2.631,0.064
-2.733,-0.772
-2.67,1.429
-2.799,-0.748
-2.811,0.384
-2.812,-0.749
-2.827,1.284
-2.809,0.084
-2.892,0.712
-2.859,1.622
-2.859,0.119
-2.928,1.882
-2.892,-0.163
-2.906,0.309
-3.006,-1.002
-3.014,0.912
-2.973,0.002
-3.069,0.755
3.102,0.277
2.924,0.386
2.905,0.142
2.962,1.806
2.933,-0.713
2.934,-0.16
2.855,1.577
2.847,1.162
2.816,1.412
2.881,0.084
2.779,-0.404
2.791,0.118
2.81,0.086
2.723,-0.5
2.698,-1.059
2.723,1.778
2.587,0.153
2.497,0.108
2.486,1.108
2.409,0.357
2.393,-1.52
2.397,0.205
2.299,-0.735
2.293,0.302
2.031,-1.542
2.09,-0.604
2.007,0.689
2.005,-0.667
2.028,0.523
2.036,0.805
1.909,-1.442
1.944,0.812
1.88,0.941
1.835,0.232
1.677,1.788
1.581,-0.53
1.518,1.682
1.533,0.509
1.51,2.034
1.562,0.946
1.468,-0.381
1.4,-1.985
1.3,-1.904
1.366,-1.885
0.945,-1.83
0.925,-1.915
0.345,-1.83
-0.523,-1.807
-2.348,-1.978
-2.738,-2.035
2.897,-2.04
2.754,-1.81
2.587,-1.989
2.281,-2.076
2.162,-2.078
2.109,-1.95
1.717,-1.924
1.599,-2.008
1.085,2.227
0.339,2.314
0.237,2.262
0.018,2.322
-1.601,2.238
-2.233,2.255
-2.55,2.208
-2.55,2.205
-2.638,2.224
2.915,2.115
2.27,2.227
2.034,2.017
0.913,-0.453
0.259,-0.66
-0.004,1.741
-0.572,1.691
-2.176,-1.487
-0.049,-1.87
1.362,-0.075
1.373,0.346
1.339,-1.121
1.341,2.051
1.134,0.797
1.181,-0.618
0.986,-0.1
1.083,-0.046
0.937,1.773
1.045,-1.492
0.892,2.036
0.902,2.227
0.871,0.469
0.969,0.813
0.814,1.564
0.793,-1.139
0.759,-0.974
0.699,0.338
0.761,1.077
0.686,2.052
0.623,1.388
0.585,2.095
0.36,0.142
0.338,1.853
0.306,1.708
0.417,-0.851
0.247,1.732
0.377,1.141
0.192,-1.177
0.281,-0.447
0.222,-1.516
0.131,-0.657
0.082,-0.029
0.062,0.282
-0.207,1.16
-0.089,-0.569
-0.123,0.657
-0.149,0.979
-0.187,1.158
-0.232,1.752
-0.243,0.811
-0.375,2.106
-0.283,0.037
-0.635,1.829
-0.659,1.717
-0.57,0.147
-0.735,-1.025
-0.737,0.051
-0.822,1.148
-0.703,1.888
-0.868,-0.481
-0.768,-0.833
-0.913,1.76
-0.881,0.73
-1.088,0.645
-1.12,-1.061
-1.155,-1.053
-1.378,-0.698
-1.397,-0.136
-1.569,0.281
-1.587,1.144
-1.637,-0.909
-1.526,1.071
-1.675,-0.196
-1.68,-0.605
-1.707,-0.113
-1.854,0.338
-1.918,-0.856
-2.022,-0.185
-2.069,0.326
-2.095,-0.501
-2.107,-0.89
-2.126,-0.403
-2.25,0.804
-2.447,1.875
-2.471,0.614
-2.519,1.738
-2.41,1.125
-2.553,1.912
-2.597,1.482
-2.704,1.154
-2.58,0.838
-2.701,-0.934
-2.736,0.254
-2.976,-0.384
-3.009,0.195
-3.133,0.127
-3.053,1.655
3.055,1.131
2.902,-0.91
2.805,0.723
2.855,-0.695
2.7,1.578
2.758,-0.928
2.559,-1.129
2.456,1.292
2.546,0.81
2.34,1.224
2.351,0.139
2.192,1.325
2.066,-0.484
2.073,0.793
2.124,0.739
2.122,-0.687
1.783,1.164
1.87,-1.44
1.689,0.439
1.714,-0.04
1.491,1.606
1.133,-2.008
0.448,-1.809
-0.636,-1.913
-0.616,-1.795
-1.211,-1.831
-1.435,-1.912
-2.269,-1.958
-3.021,-2.078
2.814,-1.822
2.279,-1.884
-0.939,1.98
-1.893,2.272
-2.602,2.278
2.244,2.007
1.345,-0.837
1.0,0.383
0.301,-0.838
-0.474,-0.214
-0.696,-0.833
-1.045,-0.807
-2.819,-0.862
2.85,0.401
0.634,-0.44
-1.342,0.619
3.007,-0.188
2.692,-1.074
2.587,-0.66
2.147,-1.069
1.949,-1.021
1.881,-0.253
0.343,-0.299
-0.653,1.39
2.225,0.319
0.777,-1.55
0.467,-1.601
-0.045,-1.762
-1.42,-1.806
-2.009,-1.648
-2.338,-1.712
-2.495,-1.792
-2.552,-1.719
2.375,-1.781
2.188,-1.782
0.463,-2.003
-1.364,-2.176
-1.82,-2.037
-2.521,-2.233
0.01,-1.102
0.015,0.335
-0.053,0.315
-0.085,-2.906
-0.073,0.387
-0.079,0.484
-0.105,-2.901
-0.12,-1.684
-0.104,-2.001
-0.142,-1.999
-0.155,-2.35
-0.205,-2.473
-0.264,-1.49
-0.212,-2.306
-0.318,-1.626
-0.325,-2.775
-0.325,-2.706
-0.293,-3.208
-0.311,-3.251
-0.432,-0.711
-0.39,-1.406
-0.46,-2.679
-0.47,-1.572
-0.532,-2.435
-0.568,-0.864
-0.551,-0.891
-0.649,-1.289
-0.699,-0.549
-0.606,-2.177
-0.651,-2.016
-0.727,-2.621
-0.71,-2.427
-0.682,0.483
-0.734,-0.182
-0.693,0.232
-0.764,-0.29
-0.81,-2.057
-0.747,-1.041
-0.896,-1.711
-0.907,-2.687
-0.909,-0.75
-0.95,-2.306
-0.888,0.366
-1.146,-2.129
-1.197,-2.021
-1.216,-1.825
-1.313,-2.564
-1.405,-1.371
-1.549,-1.364
-1.555,-2.495
-1.575,-2.915
-1.547,-0.086
-1.537,-0.187
-1.569,-2.601
-1.653,0.262
-1.64,-2.136
-1.656,0.021
-1.754,-2.553
-1.687,-2.185
-1.732,-2.071
-1.808,-2.398
-1.87,-0.321
-1.909,-2.168
-2.024,-1.822
-2.065,-1.82
-2.03,0.128
-2.088,-1.896
-2.073,-1.15
-2.125,-0.79
-2.061,-0.038
-2.155,-1.48
-2.166,-1.519
-2.091,0.158
-2.183,-2.726
-2.134,-1.214
-2.158,-2.576
-2.253,-1.159
-2.236,0.203
-2.403,-2.375
-2.347,-0.262
-2.355,-2.36
-2.456,-0.192
-2.449,-2.09
-2.421,-0.183
-2.492,-2.405
-2.484,-0.313
-2.539,-1.788
-2.566,-2.228
-2.522,0.375
-2.517,0.257
-2.543,-0.51
-2.542,-1.624
-2.644,-2.46
-2.581,-0.259
-2.71,-2.436
-2.722,-1.304
-2.723,-2.437
-2.738,-0.404
-2.72,-1.604
-2.803,-0.976
-2.77,-0.066
-2.77,-1.569
-2.839,0.194
-2.803,-1.851
-2.817,-1.379
-2.917,-2.69
-2.925,-0.776
-2.884,-1.686
-2.98,-0.933
-3.092,-1.411
3.013,-1.302
2.994,-1.546
3.051,0.118
3.022,-2.401
3.023,-1.848
2.944,-0.111
2.936,-0.526
2.905,-0.276
2.97,-1.604
2.868,-2.092
2.88,-1.57
2.899,-1.602
2.812,-2.188
2.787,-2.747
2.812,0.09
2.676,-1.535
2.586,-1.58
2.575,-0.58
2.498,-1.331
2.482,-3.208
2.486,-1.483
2.388,-2.423
2.382,-1.386
2.12,-3.23
2.179,-2.292
2.096,-0.999
2.094,-2.355
2.117,-1.165
2.125,-0.883
1.998,-3.13
2.033,-0.876
1.969,-0.747
1.924,-1.456
1.766,0.1
1.67,-2.218
1.607,-0.006
1.622,-1.179
1.599,0.346
1.651,-0.742
1.557,-2.069
1.489,-3.673
1.389,-3.592
1.455,-3.573
1.034,-3.518
1.014,-3.603
0.434,-3.518
-0.434,-3.495
-2.259,-3.666
-2.649,-3.723
2.986,-3.728
2.843,-3.498
2.676,-3.677
2.37,-3.764
2.251,-3.766
2.198,-3.638
1.806,-3.612
1.688,-3.696
1.174,0.539
0.428,0.626
0.326,0.574
0.107,0.634
-1.512,0.55
-2.144,0.567
-2.461,0.52
-2.461,0.517
-2.549,0.536
3.004,0.427
2.359,0.539
2.123,0.329
1.002,-2.141
0.348,-2.348
0.085,0.053
-0.483,0.003
-2.087,-3.175
0.04,-3.558
1.451,-1.763
1.462,-1.342
1.428,-2.809
1.43,0.363
1.223,-0.891
1.27,-2.306
1.075,-1.788
1.172,-1.734
1.026,0.085
1.134,-3.18
0.981,0.348
0.991,0.539
0.96,-1.219
1.058,-0.875
0.903,-0.124
0.882,-2.827
0.848,-2.662
0.788,-1.35
0.85,-0.611
0.775,0.364
0.712,-0.3
0.674,0.407
0.449,-1.546
0.427,0.165
0.395,0.02
0.506,-2.539
0.336,0.044
0.466,-0.547
0.281,-2.865
0.37,-2.135
0.311,-3.204
0.22,-2.345
0.171,-1.717
0.151,-1.406
-0.118,-0.528
0.0,-2.257
-0.034,-1.031
-0.06,-0.709
-0.098,-0.53
-0.143,0.064
-0.154,-0.877
-0.286,0.418
-0.194,-1.651
-0.546,0.141
-0.57,0.029
-0.481,-1.541
-0.646,-2.713
-0.648,-1.637
-0.733,-0.54
-0.614,0.2
-0.779,-2.169
-0.679,-2.521
-0.824,0.072
-0.792,-0.958
-0.999,-1.043
-1.031,-2.749
-1.066,-2.741
-1.289,-2.386
-1.308,-1.824
-1.48,-1.407
-1.498,-0.544
-1.548,-2.597
-1.437,-0.617
-1.586,-1.884
-1.591,-2.293
-1.618,-1.801
-1.765,-1.35
-1.829,-2.544
-1.933,-1.873
-1.98,-1.362
-2.006,-2.189
-2.018,-2.578
-2.037,-2.091
-2.161,-0.884
-2.358,0.187
-2.382,-1.074
-2.43,0.05
-2.321,-0.563
-2.464,0.224
-2.508,-0.206
-2.615,-0.534
-2.491,-0.85
-2.612,-2.622
-2.647,-1.434
-2.887,-2.072
-2.92,-1.493
-3.044,-1.561
-2.964,-0.033
-3.139,-0.557
2.991,-2.598
2.894,-0.965
2.944,-2.383
2.789,-0.11
2.847,-2.616
2.648,-2.817
2.545,-0.396
2.635,-0.878
2.429,-0.464
2.44,-1.549
2.281,-0.363
2.155,-2.172
2.162,-0.895
2.213,-0.949
2.211,-2.375
1.872,-0.524
1.959,-3.128
1.778,-1.249
1.803,-1.728
1.58,-0.082
1.222,-3.696
0.537,-3.497
-0.547,-3.601
-0.527,-3.483
-1.122,-3.519
-1.346,-3.6
-2.18,-3.646
-2.932,-3.766
2.903,-3.51
2.368,-3.572
-0.85,0.292
-1.804,0.584
-2.513,0.59
2.333,0.319
1.434,-2.525
1.089,-1.305
0.39,-2.526
-0.385,-1.902
-0.607,-2.521
-0.956,-2.495
-2.73,-2.55
2.939,-1.287
0.723,-2.128
-1.253,-1.069
3.096,-1.876
2.781,-2.762
2.676,-2.348
2.236,-2.757
2.038,-2.709
1.97,-1.941
0.432,-1.987
-0.564,-0.298
2.314,-1.369
0.866,-3.238
0.556,-3.289
0.044,-3.45
-1.331,-3.494
-1.92,-3.336
-2.249,-3.4
-2.406,-3.48
-2.463,-3.407
2.464,-3.469
2.277,-3.47
0.552,-3.691
-1.275,-3.864
-1.731,-3.725
-2.432,-3.921
0.005,1.437
-0.063,1.417
-0.095,-1.804
-0.083,1.489
-0.089,1.586
-0.115,-1.799
-0.13,-0.582
-0.114,-0.899
-0.152,-0.897
-0.165,-1.248
-0.215,-1.371
-0.274,-0.388
-0.222,-1.204
-0.328,-0.524
-0.335,-1.673
-0.335,-1.604
-0.303,-2.106
-0.321,-2.149
-0.442,0.391
-0.4,-0.304
-0.47,-1.577
-0.48,-0.47
-0.542,-1.333
-0.578,0.238
-0.561,0.211
-0.659,-0.187
-0.709,0.553
-0.616,-1.075
-0.661,-0.914
-0.737,-1.519
-0.72,-1.325
-0.692,1.585
-0.744,0.92
-0.703,1.334
-0.774,0.812
-0.82,-0.955
-0.757,0.061
-0.906,-0.609
-0.917,-1.585
-0.919,0.352
-0.96,-1.204
-0.898,1.468
-1.156,-1.027
-1.207,-0.919
-1.226,-0.723
-1.323,-1.462
-1.415,-0.269
-1.559,-0.262
-1.565,-1.393
-1.585,-1.813
-1.557,1.016
-1.547,0.915
-1.579,-1.499
-1.663,1.364
-1.65,-1.034
-1.666,1.123
-1.764,-1.451
-1.697,-1.083
-1.742,-0.969
-1.818,-1.296
-1.88,0.781
-1.919,-1.066
-2.034,-0.72
-2.075,-0.718
-2.04,1.23
-2.098,-0.794
-2.083,-0.048
-2.135,0.312
-2.071,1.064
-2.165,-0.378
-2.176,-0.417
-2.101,1.26
-2.193,-1.624
-2.144,-0.112
-2.168,-1.474
-2.263,-0.057
-2.246,1.305
-2.413,-1.273
-2.357,0.84
-2.365,-1.258
-2.466,0.91
-2.459,-0.988
-2.431,0.919
-2.502,-1.303
-2.494,0.789
-2.549,-0.686
-2.576,-1.126
-2.532,1.477
-2.527,1.359
-2.553,0.592
-2.552,-0.522
-2.654,-1.358
-2.591,0.843
-2.72,-1.334
-2.732,-0.202
-2.733,-1.335
-2.748,0.698
-2.73,-0.502
-2.813,0.126
-2.78,1.036
-2.78,-0.467
-2.849,1.296
-2.813,-0.749
-2.827,-0.277
-2.927,-1.588
-2.935,0.326
-2.894,-0.584
-2.99,0.169
-3.102,-0.309
3.003,-0.2
2.984,-0.444
3.041,1.22
3.012,-1.299
3.013,-0.746
2.934,0.991
2.926,0.576
2.895,0.826
2.96,-0.502
2.858,-0.99
2.87,-0.468
2.889,-0.5
2.802,-1.086
2.777,-1.645
2.802,1.192
2.666,-0.433
2.576,-0.478
2.565,0.522
2.488,-0.229
2.472,-2.106
2.476,-0.381
2.378,-1.321
2.372,-0.284
2.11,-2.128
2.169,-1.19
2.086,0.103
2.084,-1.253
2.107,-0.063
2.115,0.219
1.988,-2.028
2.023,0.226
1.959,0.355
1.914,-0.354
1.756,1.202
1.66,-1.116
1.597,1.096
1.612,-0.077
1.589,1.448
1.641,0.36
1.547,-0.967
1.479,-2.571
1.379,-2.49
1.445,-2.471
1.024,-2.416
1.004,-2.501
0.424,-2.416
-0.444,-2.393
-2.269,-2.564
-2.659,-2.621
2.976,-2.626
2.833,-2.396
2.666,-2.575
2.36,-2.662
2.241,-2.664
2.188,-2.536
1.796,-2.51
1.678,-2.594
1.164,1.641
0.418,1.728
0.316,1.676
0.097,1.736
-1.522,1.652
-2.154,1.669
-2.471,1.622
-2.471,1.619
-2.559,1.638
2.994,1.529
2.349,1.641
2.113,1.431
0.992,-1.039
0.338,-1.246
0.075,1.155
-0.493,1.105
-2.097,-2.073
0.03,-2.456
1.441,-0.661
1.452,-0.24
1.418,-1.707
1.42,1.465
1.213,0.211
1.26,-1.204
1.065,-0.686
1.162,-0.632
1.016,1.187
1.124,-2.078
0.971,1.45
0.981,1.641
0.95,-0.117
1.048,0.227
0.893,0.978
0.872,-1.725
0.838,-1.56
0.778,-0.248
0.84,0.491
0.765,1.466
0.702,0.802
0.664,1.509
0.439,-0.444
0.417,1.267
0.385,1.122
0.496,-1.437
0.326,1.146
0.456,0.555
0.271,-1.763
0.36,-1.033
0.301,-2.102
0.21,-1.243
0.161,-0.615
0.141,-0.304
-0.128,0.574
-0.01,-1.155
-0.044,0.071
-0.07,0.393
-0.108,0.572
-0.153,1.166
-0.164,0.225
-0.296,1.52
-0.204,-0.549
-0.556,1.243
-0.58,1.131
-0.491,-0.439
-0.656,-1.611
-0.658,-0.535
-0.743,0.562
-0.624,1.302
-0.789,-1.067
-0.689,-1.419
-0.834,1.174
-0.802,0.144
-1.009,0.059
-1.041,-1.647
-1.076,-1.639
-1.299,-1.284
-1.318,-0.722
-1.49,-0.305
-1.508,0.558
-1.558,-1.495
-1.447,0.485
-1.596,-0.782
-1.601,-1.191
-1.628,-0.699
-1.775,-0.248
-1.839,-1.442
-1.943,-0.771
-1.99,-0.26
-2.016,-1.087
-2.028,-1.476
-2.047,-0.989
-2.171,0.218
-2.368,1.289
-2.392,0.028
-2.44,1.152
-2.331,0.539
-2.474,1.326
-2.518,0.896
-2.625,0.568
-2.501,0.252
-2.622,-1.52
-2.657,-0.332
-2.897,-0.97
-2.93,-0.391
-3.054,-0.459
-2.974,1.069
3.134,0.545
2.981,-1.496
2.884,0.137
2.934,-1.281
2.779,0.992
2.837,-1.514
2.638,-1.715
2.535,0.706
2.625,0.224
2.419,0.638
2.43,-0.447
2.271,0.739
2.145,-1.07
2.152,0.207
2.203,0.153
2.201,-1.273
1.862,0.578
1.949,-2.026
1.768,-0.147
1.793,-0.626
1.57,1.02
1.212,-2.594
0.527,-2.395
-0.557,-2.499
-0.537,-2.381
-1.132,-2.417
-1.356,-2.498
-2.19,-2.544
-2.942,-2.664
2.893,-2.408
2.358,-2.47
-0.86,1.394
-1.814,1.686
-2.523,1.692
2.323,1.421
1.424,-1.423
1.079,-0.203
0.38,-1.424
-0.395,-0.8
-0.617,-1.419
-0.966,-1.393
-2.74,-1.448
2.929,-0.185
0.713,-1.026
-1.263,0.033
3.086,-0.774
2.771,-1.66
2.666,-1.246
2.226,-1.655
2.028,-1.607
1.96,-0.839
0.422,-0.885
-0.574,0.804
2.304,-0.267
0.856,-2.136
0.546,-2.187
0.034,-2.348
-1.341,-2.392
-1.93,-2.234
-2.259,-2.298
-2.416,-2.378
-2.473,-2.305
2.454,-2.367
2.267,-2.368
0.542,-2.589
-1.285,-2.762
-1.741,-2.623
-2.442,-2.819
-0.068,-0.02
-0.1,-3.241
-0.088,0.052
-0.094,0.149
-0.12,-3.236
-0.135,-2.019
-0.119,-2.336
-0.157,-2.334
-0.17,-2.685
-0.22,-2.808
-0.279,-1.825
-0.227,-2.641
-0.333,-1.961
-0.34,-3.11
-0.34,-3.041
-0.308,-3.543
-0.326,-3.586
-0.447,-1.046
-0.405,-1.741
-0.475,-3.014
-0.485,-1.907
-0.547,-2.77
-0.583,-1.199
-0.566,-1.226
-0.664,-1.624
-0.714,-0.884
-0.621,-2.512
-0.666,-2.351
-0.742,-2.956
-0.725,-2.762
-0.697,0.148
-0.749,-0.517
-0.708,-0.103
-0.779,-0.625
-0.825,-2.392
-0.762,-1.376
-0.911,-2.046
-0.922,-3.022
-0.924,-1.085
-0.965,-2.641
-0.903,0.031
-1.161,-2.464
-1.212,-2.356
-1.231,-2.16
-1.328,-2.899
-1.42,-1.706
-1.564,-1.699
-1.57,-2.83
-1.59,-3.25
-1.562,-0.421
-1.552,-0.522
-1.584,-2.936
-1.668,-0.073
-1.655,-2.471
-1.671,-0.314
-1.769,-2.888
-1.702,-2.52
-1.747,-2.406
-1.823,-2.733
-1.885,-0.656
-1.924,-2.503
-2.039,-2.157
-2.08,-2.155
-2.045,-0.207
-2.103,-2.231
-2.088,-1.485
-2.14,-1.125
-2.076,-0.373
-2.17,-1.815
-2.181,-1.854
-2.106,-0.177
-2.198,-3.061
-2.149,-1.549
-2.173,-2.911
-2.268,-1.494
-2.251,-0.132
-2.418,-2.71
-2.362,-0.597
-2.37,-2.695
-2.471,-0.527
-2.464,-2.425
-2.436,-0.518
-2.507,-2.74
-2.499,-0.648
-2.554,-2.123
-2.581,-2.563
-2.537,0.04
-2.532,-0.078
-2.558,-0.845
-2.557,-1.959
-2.659,-2.795
-2.596,-0.594
-2.725,-2.771
-2.737,-1.639
-2.738,-2.772
-2.753,-0.739
-2.735,-1.939
-2.818,-1.311
-2.785,-0.401
-2.785,-1.904
-2.854,-0.141
-2.818,-2.186
-2.832,-1.714
-2.932,-3.025
-2.94,-1.111
-2.899,-2.021
-2.995,-1.268
-3.107,-1.746
2.998,-1.637
2.979,-1.881
3.036,-0.217
3.007,-2.736
3.008,-2.183
2.929,-0.446
2.921,-0.861
2.89,-0.611
2.955,-1.939
2.853,-2.427
2.865,-1.905
2.884,-1.937
2.797,-2.523
2.772,-3.082
2.797,-0.245
2.661,-1.87
2.571,-1.915
2.56,-0.915
2.483,-1.666
2.467,-3.543
2.471,-1.818
2.373,-2.758
2.367,-1.721
2.105,-3.565
2.164,-2.627
2.081,-1.334
2.079,-2.69
2.102,-1.5
2.11,-1.218
1.983,-3.465
2.018,-1.211
1.954,-1.082
1.909,-1.791
1.751,-0.235
1.655,-2.553
1.592,-0.341
1.607,-1.514
1.584,0.011
1.636,-1.077
1.542,-2.404
1.474,-4.008
1.374,-3.927
1.44,-3.908
1.019,-3.853
0.999,-3.938
0.419,-3.853
-0.449,-3.83
-2.274,-4.001
-2.664,-4.058
2.971,-4.063
2.828,-3.833
2.661,-4.012
2.355,-4.099
2.236,-4.101
2.183,-3.973
1.791,-3.947
1.673,-4.031
1.159,0.204
0.413,0.291
0.311,0.239
0.092,0.299
-1.527,0.215
-2.159,0.232
-2.476,0.185
-2.476,0.182
-2.564,0.201
2.989,0.092
2.344,0.204
2.108,-0.006
0.987,-2.476
0.333,-2.683
0.07,-0.282
-0.498,-0.332
-2.102,-3.51
0.025,-3.893
1.436,-2.098
1.447,-1.677
1.413,-3.144
1.415,0.028
1.208,-1.226
1.255,-2.641
1.06,-2.123
1.157,-2.069
1.011,-0.25
1.119,-3.515
0.966,0.013
0.976,0.204
0.945,-1.554
1.043,-1.21
0.888,-0.459
0.867,-3.162
0.833,-2.997
0.773,-1.685
0.835,-0.946
0.76,0.029
0.697,-0.635
0.659,0.072
0.434,-1.881
0.412,-0.17
0.38,-0.315
0.491,-2.874
0.321,-0.291
0.451,-0.882
0.266,-3.2
0.355,-2.47
0.296,-3.539
0.205,-2.68
0.156,-2.052
0.136,-1.741
-0.133,-0.863
-0.015,-2.592
-0.049,-1.366
-0.075,-1.044
-0.113,-0.865
-0.158,-0.271
-0.169,-1.212
-0.301,0.083
-0.209,-1.986
-0.561,-0.194
-0.585,-0.306
-0.496,-1.876
-0.661,-3.048
-0.663,-1.972
-0.748,-0.875
-0.629,-0.135
-0.794,-2.504
-0.694,-2.856
-0.839,-0.263
-0.807,-1.293
-1.014,-1.378
-1.046,-3.084
-1.081,-3.076
-1.304,-2.721
-1.323,-2.159
-1.495,-1.742
-1.513,-0.879
-1.563,-2.932
-1.452,-0.952
-1.601,-2.219
-1.606,-2.628
-1.633,-2.136
-1.78,-1.685
-1.844,-2.879
-1.948,-2.208
-1.995,-1.697
-2.021,-2.524
-2.033,-2.913
-2.052,-2.426
-2.176,-1.219
-2.373,-0.148
-2.397,-1.409
-2.445,-0.285
-2.336,-0.898
-2.479,-0.111
-2.523,-0.541
-2.63,-0.869
-2.506,-1.185
-2.627,-2.957
-2.662,-1.769
-2.902,-2.407
-2.935,-1.828
-3.059,-1.896
-2.979,-0.368
3.129,-0.892
2.976,-2.933
2.879,-1.3
2.929,-2.718
2.774,-0.445
2.832,-2.951
2.633,-3.152
2.53,-0.731
2.62,-1.213
2.414,-0.799
2.425,-1.884
2.266,-0.698
2.14,-2.507
2.147,-1.23
2.198,-1.284
2.196,-2.71
1.857,-0.859
1.944,-3.463
1.763,-1.584
1.788,-2.063
1.565,-0.417
1.207,-4.031
0.522,-3.832
-0.562,-3.936
-0.542,-3.818
-1.137,-3.854
-1.361,-3.935
-2.195,-3.981
-2.947,-4.101
2.888,-3.845
2.353,-3.907
-0.865,-0.043
-1.819,0.249
-2.528,0.255
2.318,-0.016
1.419,-2.86
1.074,-1.64
0.375,-2.861
-0.4,-2.237
-0.622,-2.856
-0.971,-2.83
-2.745,-2.885
2.924,-1.622
0.708,-2.463
-1.268,-1.404
3.081,-2.211
2.766,-3.097
2.661,-2.683
2.221,-3.092
2.023,-3.044
1.955,-2.276
0.417,-2.322
-0.579,-0.633
2.299,-1.704
0.851,-3.573
0.541,-3.624
0.029,-3.785
-1.346,-3.829
-1.935,-3.671
-2.264,-3.735
-2.421,-3.815
-2.478,-3.742
2.449,-3.804
2.262,-3.805
0.537,-4.026
-1.29,-4.199
-1.746,-4.06
-2.447,-4.256
-0.032,-3.221
-0.02,0.072
-0.026,0.169
-0.052,-3.216
-0.067,-1.999
-0.051,-2.316
-0.089,-2.314
-0.102,-2.665
-0.152,-2.788
-0.211,-1.805
-0.159,-2.621
-0.265,-1.941
-0.272,-3.09
-0.272,-3.021
-0.24,-3.523
-0.258,-3.566
-0.379,-1.026
-0.337,-1.721
-0.407,-2.994
-0.417,-1.887
-0.479,-2.75
-0.515,-1.179
-0.498,-1.206
-0.596,-1.604
-0.646,-0.864
-0.553,-2.492
-0.598,-2.331
-0.674,-2.936
-0.657,-2.742
-0.629,0.168
-0.681,-0.497
-0.64,-0.083
-0.711,-0.605
-0.757,-2.372
-0.694,-1.356
-0.843,-2.026
-0.854,-3.002
-0.856,-1.065
-0.897,-2.621
-0.835,0.051
-1.093,-2.444
-1.144,-2.336
-1.163,-2.14
-1.26,-2.879
-1.352,-1.686
-1.496,-1.679
-1.502,-2.81
-1.522,-3.23
-1.494,-0.401
-1.484,-0.502
-1.516,-2.916
-1.6,-0.053
-1.587,-2.451
-1.603,-0.294
-1.701,-2.868
-1.634,-2.5
-1.679,-2.386
-1.755,-2.713
-1.817,-0.636
-1.856,-2.483
-1.971,-2.137
-2.012,-2.135
-1.977,-0.187
-2.035,-2.211
-2.02,-1.465
-2.072,-1.105
-2.008,-0.353
-2.102,-1.795
-2.113,-1.834
-2.038,-0.157
-2.13,-3.041
-2.081,-1.529
-2.105,-2.891
-2.2,-1.474
-2.183,-0.112
-2.35,-2.69
-2.294,-0.577
-2.302,-2.675
-2.403,-0.507
-2.396,-2.405
-2.368,-0.498
-2.439,-2.72
-2.431,-0.628
-2.486,-2.103
-2.513,-2.543
-2.469,0.06
-2.464,-0.058
-2.49,-0.825
-2.489,-1.939
-2.591,-2.775
-2.528,-0.574
-2.657,-2.751
-2.669,-1.619
-2.67,-2.752
-2.685,-0.719
-2.667,-1.919
-2.75,-1.291
-2.717,-0.381
-2.717,-1.884
-2.786,-0.121
-2.75,-2.166
-2.764,-1.694
-2.864,-3.005
-2.872,-1.091
-2.831,-2.001
-2.927,-1.248
-3.039,-1.726
3.066,-1.617
3.047,-1.861
3.104,-0.197
3.075,-2.716
3.076,-2.163
2.997,-0.426
2.989,-0.841
2.958,-0.591
3.023,-1.919
2.921,-2.407
2.933,-1.885
2.952,-1.917
2.865,-2.503
2.84,-3.062
2.865,-0.225
2.729,-1.85
2.639,-1.895
2.628,-0.895
2.551,-1.646
2.535,-3.523
2.539,-1.798
2.441,-2.738
2.435,-1.701
2.173,-3.545
2.232,-2.607
2.149,-1.314
2.147,-2.67
2.17,-1.48
2.178,-1.198
2.051,-3.445
2.086,-1.191
2.022,-1.062
1.977,-1.771
1.819,-0.215
1.723,-2.533
1.66,-0.321
1.675,-1.494
1.652,0.031
1.704,-1.057
1.61,-2.384
1.542,-3.988
1.442,-3.907
1.508,-3.888
1.087,-3.833
1.067,-3.918
0.487,-3.833
-0.381,-3.81
-2.206,-3.981
-2.596,-4.038
3.039,-4.043
2.896,-3.813
2.729,-3.992
2.423,-4.079
2.304,-4.081
2.251,-3.953
1.859,-3.927
1.741,-4.011
1.227,0.224
0.481,0.311
0.379,0.259
0.16,0.319
-1.459,0.235
-2.091,0.252
-2.408,0.205
-2.408,0.202
-2.496,0.221
3.057,0.112
2.412,0.224
2.176,0.014
1.055,-2.456
0.401,-2.663
0.138,-0.262
-0.43,-0.312
-2.034,-3.49
0.093,-3.873
1.504,-2.078
1.515,-1.657
1.481,-3.124
1.483,0.048
1.276,-1.206
1.323,-2.621
1.128,-2.103
1.225,-2.049
1.079,-0.23
1.187,-3.495
1.034,0.033
1.044,0.224
1.013,-1.534
1.111,-1.19
0.956,-0.439
0.935,-3.142
0.901,-2.977
0.841,-1.665
0.903,-0.926
0.828,0.049
0.765,-0.615
0.727,0.092
0.502,-1.861
0.48,-0.15
0.448,-0.295
0.559,-2.854
0.389,-0.271
0.519,-0.862
0.334,-3.18
0.423,-2.45
0.364,-3.519
0.273,-2.66
0.224,-2.032
0.204,-1.721
-0.065,-0.843
0.053,-2.572
0.019,-1.346
-0.007,-1.024
-0.045,-0.845
-0.09,-0.251
-0.101,-1.192
-0.233,0.103
-0.141,-1.966
-0.493,-0.174
-0.517,-0.286
-0.428,-1.856
-0.593,-3.028
-0.595,-1.952
-0.68,-0.855
-0.561,-0.115
-0.726,-2.484
-0.626,-2.836
-0.771,-0.243
-0.739,-1.273
-0.946,-1.358
-0.978,-3.064
-1.013,-3.056
-1.236,-2.701
-1.255,-2.139
-1.427,-1.722
-1.445,-0.859
-1.495,-2.912
-1.384,-0.932
-1.533,-2.199
-1.538,-2.608
-1.565,-2.116
-1.712,-1.665
-1.776,-2.859
-1.88,-2.188
-1.927,-1.677
-1.953,-2.504
-1.965,-2.893
-1.984,-2.406
-2.108,-1.199
-2.305,-0.128
-2.329,-1.389
-2.377,-0.265
-2.268,-0.878
-2.411,-0.091
-2.455,-0.521
-2.562,-0.849
-2.438,-1.165
-2.559,-2.937
-2.594,-1.749
-2.834,-2.387
-2.867,-1.808
-2.991,-1.876
-2.911,-0.348
-3.086,-0.872
3.044,-2.913
2.947,-1.28
2.997,-2.698
2.842,-0.425
2.9,-2.931
2.701,-3.132
2.598,-0.711
2.688,-1.193
2.482,-0.779
2.493,-1.864
2.334,-0.678
2.208,-2.487
2.215,-1.21
2.266,-1.264
2.264,-2.69
1.925,-0.839
2.012,-3.443
1.831,-1.564
1.856,-2.043
1.633,-0.397
1.275,-4.011
0.59,-3.812
-0.494,-3.916
-0.474,-3.798
-1.069,-3.834
-1.293,-3.915
-2.127,-3.961
-2.879,-4.081
2.956,-3.825
2.421,-3.887
-0.797,-0.023
-1.751,0.269
-2.46,0.275
2.386,0.004
1.487,-2.84
1.142,-1.62
0.443,-2.841
-0.332,-2.217
-0.554,-2.836
-0.903,-2.81
-2.677,-2.865
2.992,-1.602
0.776,-2.443
-1.2,-1.384
-3.134,-2.191
2.834,-3.077
2.729,-2.663
2.289,-3.072
2.091,-3.024
2.023,-2.256
0.485,-2.302
-0.511,-0.613
2.367,-1.684
0.919,-3.553
0.609,-3.604
0.097,-3.765
-1.278,-3.809
-1.867,-3.651
-2.196,-3.715
-2.353,-3.795
-2.41,-3.722
2.517,-3.784
2.33,-3.785
0.605,-4.006
-1.222,-4.179
-1.678,-4.04
-2.379,-4.236
0.012,3.293
0.006,3.39
-0.02,0.005
-0.035,1.222
-0.019,0.905
-0.057,0.907
-0.07,0.556
-0.12,0.433
-0.179,1.416
-0.127,0.6
-0.233,1.28
-0.24,0.131
-0.24,0.2
-0.208,-0.302
-0.226,-0.345
-0.347,2.195
-0.305,1.5
-0.375,0.227
-0.385,1.334
-0.447,0.471
-0.483,2.042
-0.466,2.015
-0.564,1.617
-0.614,2.357
-0.521,0.729
-0.566,0.89
-0.642,0.285
-0.625,0.479
-0.597,3.389
-0.649,2.724
-0.608,3.138
-0.679,2.616
-0.725,0.849
-0.662,1.865
-0.811,1.195
-0.822,0.219
-0.824,2.156
-0.865,0.6
-0.803,3.272
-1.061,0.777
-1.112,0.885
-1.131,1.081
-1.228,0.342
-1.32,1.535
-1.464,1.542
-1.47,0.411
-1.49,-0.009
-1.462,2.82
-1.452,2.719
-1.484,0.305
-1.568,3.168
-1.555,0.77
-1.571,2.927
-1.669,0.353
-1.602,0.721
-1.647,0.835
-1.723,0.508
-1.785,2.585
-1.824,0.738
-1.939,1.084
-1.98,1.086
-1.945,3.034
-2.003,1.01
-1.988,1.756
-2.04,2.116
-1.976,2.868
-2.07,1.426
-2.081,1.387
-2.006,3.064
-2.098,0.18
-2.049,1.692
-2.073,0.33
-2.168,1.747
-2.151,3.109
-2.318,0.531
-2.262,2.644
-2.27,0.546
-2.371,2.714
-2.364,0.816
-2.336,2.723
-2.407,0.501
-2.399,2.593
-2.454,1.118
-2.481,0.678
-2.437,3.281
-2.432,3.163
-2.458,2.396
-2.457,1.282
-2.559,0.446
-2.496,2.647
-2.625,0.47
-2.637,1.602
-2.638,0.469
-2.653,2.502
-2.635,1.302
-2.718,1.93
-2.685,2.84
-2.685,1.337
-2.754,3.1
-2.718,1.055
-2.732,1.527
-2.832,0.216
-2.84,2.13
-2.799,1.22
-2.895,1.973
-3.007,1.495
3.098,1.604
3.079,1.36
3.136,3.024
3.107,0.505
3.108,1.058
3.029,2.795
3.021,2.38
2.99,2.63
3.055,1.302
2.953,0.814
2.965,1.336
2.984,1.304
2.897,0.718
2.872,0.159
2.897,2.996
2.761,1.371
2.671,1.326
2.66,2.326
2.583,1.575
2.567,-0.302
2.571,1.423
2.473,0.483
2.467,1.52
2.205,-0.324
2.264,0.614
2.181,1.907
2.179,0.551
2.202,1.741
2.21,2.023
2.083,-0.224
2.118,2.03
2.054,2.159
2.009,1.45
1.851,3.006
1.755,0.688
1.692,2.9
1.707,1.727
1.684,3.252
1.736,2.164
1.642,0.837
1.574,-0.767
1.474,-0.686
1.54,-0.667
1.119,-0.612
1.099,-0.697
0.519,-0.612
-0.349,-0.589
-2.174,-0.76
-2.564,-0.817
3.071,-0.822
2.928,-0.592
2.761,-0.771
2.455,-0.858
2.336,-0.86
2.283,-0.732
1.891,-0.706
1.773,-0.79
1.259,3.445
0.513,3.532
0.411,3.48
0.192,3.54
-1.427,3.456
-2.059,3.473
-2.376,3.426
-2.376,3.423
-2.464,3.442
3.089,3.333
2.444,3.445
2.208,3.235
1.087,0.765
0.433,0.558
0.17,2.959
-0.398,2.909
-2.002,-0.269
0.125,-0.652
1.536,1.143
1.547,1.564
1.513,0.097
1.515,3.269
1.308,2.015
1.355,0.6
1.16,1.118
1.257,1.172
1.111,2.991
1.219,-0.274
1.066,3.254
1.076,3.445
1.045,1.687
1.143,2.031
0.988,2.782
0.967,0.079
0.933,0.244
0.873,1.556
0.935,2.295
0.86,3.27
0.797,2.606
0.759,3.313
0.534,1.36
0.512,3.071
0.48,2.926
0.591,0.367
0.421,2.95
0.551,2.359
0.366,0.041
0.455,0.771
0.396,-0.298
0.305,0.561
0.256,1.189
0.236,1.5
-0.033,2.378
0.085,0.649
0.051,1.875
0.025,2.197
-0.013,2.376
-0.058,2.97
-0.069,2.029
-0.201,3.324
-0.109,1.255
-0.461,3.047
-0.485,2.935
-0.396,1.365
-0.561,0.193
-0.563,1.269
-0.648,2.366
-0.529,3.106
-0.694,0.737
-0.594,0.385
-0.739,2.978
-0.707,1.948
-0.914,1.863
-0.946,0.157
-0.981,0.165
-1.204,0.52
-1.223,1.082
-1.395,1.499
-1.413,2.362
-1.463,0.309
-1.352,2.289
-1.501,1.022
-1.506,0.613
-1.533,1.105
-1.68,1.556
-1.744,0.362
-1.848,1.033
-1.895,1.544
-1.921,0.717
-1.933,0.328
-1.952,0.815
-2.076,2.022
-2.273,3.093
-2.297,1.832
-2.345,2.956
-2.236,2.343
-2.379,3.13
-2.423,2.7
-2.53,2.372
-2.406,2.056
-2.527,0.284
-2.562,1.472
-2.802,0.834
-2.835,1.413
-2.959,1.345
-2.879,2.873
-3.054,2.349
3.076,0.308
2.979,1.941
3.029,0.523
2.874,2.796
2.932,0.29
2.733,0.089
2.63,2.51
2.72,2.028
2.514,2.442
2.525,1.357
2.366,2.543
2.24,0.734
2.247,2.011
2.298,1.957
2.296,0.531
1.957,2.382
2.044,-0.222
1.863,1.657
1.888,1.178
1.665,2.824
1.307,-0.79
0.622,-0.591
-0.462,-0.695
-0.442,-0.577
-1.037,-0.613
-1.261,-0.694
-2.095,-0.74
-2.847,-0.86
2.988,-0.604
2.453,-0.666
-0.765,3.198
-1.719,3.49
-2.428,3.496
2.418,3.225
1.519,0.381
1.174,1.601
0.475,0.38
-0.3,1.004
-0.522,0.385
-0.871,0.411
-2.645,0.356
3.024,1.619
0.808,0.778
-1.168,1.837
-3.102,1.03
2.866,0.144
2.761,0.558
2.321,0.149
2.123,0.197
2.055,0.965
0.517,0.919
-0.479,2.608
2.399,1.537
0.951,-0.332
0.641,-0.383
0.129,-0.544
-1.246,-0.588
-1.835,-0.43
-2.164,-0.494
-2.321,-0.574
-2.378,-0.501
2.549,-0.563
2.362,-0.564
0.637,-0.785
-1.19,-0.958
-1.646,-0.819
-2.347,-1.015
-0.006,0.097
-0.032,-3.288
-0.047,-2.071
-0.031,-2.388
-0.069,-2.386
-0.082,-2.737
-0.132,-2.86
-0.191,-1.877
-0.139,-2.693
-0.245,-2.013
-0.252,-3.162
-0.252,-3.093
-0.22,-3.595
-0.238,-3.638
-0.359,-1.098
-0.317,-1.793
-0.387,-3.066
-0.397,-1.959
-0.459,-2.822
-0.495,-1.251
-0.478,-1.278
-0.576,-1.676
-0.626,-0.936
-0.533,-2.564
-0.578,-2.403
-0.654,-3.008
-0.637,-2.814
-0.609,0.096
-0.661,-0.569
-0.62,-0.155
-0.691,-0.677
-0.737,-2.444
-0.674,-1.428
-0.823,-2.098
-0.834,-3.074
-0.836,-1.137
-0.877,-2.693
-0.815,-0.021
-1.073,-2.516
-1.124,-2.408
-1.143,-2.212
-1.24,-2.951
-1.332,-1.758
-1.476,-1.751
-1.482,-2.882
-1.502,-3.302
-1.474,-0.473
-1.464,-0.574
-1.496,-2.988
-1.58,-0.125
-1.567,-2.523
-1.583,-0.366
-1.681,-2.94
-1.614,-2.572
-1.659,-2.458
-1.735,-2.785
-1.797,-0.708
-1.836,-2.555
-1.951,-2.209
-1.992,-2.207
-1.957,-0.259
-2.015,-2.283
-2.0,-1.537
-2.052,-1.177
-1.988,-0.425
-2.082,-1.867
-2.093,-1.906
-2.018,-0.229
-2.11,-3.113
-2.061,-1.601
-2.085,-2.963
-2.18,-1.546
-2.163,-0.184
-2.33,-2.762
-2.274,-0.649
-2.282,-2.747
-2.383,-0.579
-2.376,-2.477
-2.348,-0.57
-2.419,-2.792
-2.411,-0.7
-2.466,-2.175
-2.493,-2.615
-2.449,-0.012
-2.444,-0.13
-2.47,-0.897
-2.469,-2.011
-2.571,-2.847
-2.508,-0.646
-2.637,-2.823
-2.649,-1.691
-2.65,-2.824
-2.665,-0.791
-2.647,-1.991
-2.73,-1.363
-2.697,-0.453
-2.697,-1.956
-2.766,-0.193
-2.73,-2.238
-2.744,-1.766
-2.844,-3.077
-2.852,-1.163
-2.811,-2.073
-2.907,-1.32
-3.019,-1.798
3.086,-1.689
3.067,-1.933
3.124,-0.269
3.095,-2.788
3.096,-2.235
3.017,-0.498
3.009,-0.913
2.978,-0.663
3.043,-1.991
2.941,-2.479
2.953,-1.957
2.972,-1.989
2.885,-2.575
2.86,-3.134
2.885,-0.297
2.749,-1.922
2.659,-1.967
2.648,-0.967
2.571,-1.718
2.555,-3.595
2.559,-1.87
2.461,-2.81
2.455,-1.773
2.193,-3.617
2.252,-2.679
2.169,-1.386
2.167,-2.742
2.19,-1.552
2.198,-1.27
2.071,-3.517
2.106,-1.263
2.042,-1.134
1.997,-1.843
1.839,-0.287
1.743,-2.605
1.68,-0.393
1.695,-1.566
1.672,-0.041
1.724,-1.129
1.63,-2.456
1.562,-4.06
1.462,-3.979
1.528,-3.96
1.107,-3.905
1.087,-3.99
0.507,-3.905
-0.361,-3.882
-2.186,-4.053
-2.576,-4.11
3.059,-4.115
2.916,-3.885
2.749,-4.064
2.443,-4.151
2.324,-4.153
2.271,-4.025
1.879,-3.999
1.761,-4.083
1.247,0.152
0.501,0.239
0.399,0.187
0.18,0.247
-1.439,0.163
-2.071,0.18
-2.388,0.133
-2.388,0.13
-2.476,0.149
3.077,0.04
2.432,0.152
2.196,-0.058
1.075,-2.528
0.421,-2.735
0.158,-0.334
-0.41,-0.384
-2.014,-3.562
0.113,-3.945
1.524,-2.15
1.535,-1.729
1.501,-3.196
1.503,-0.024
1.296,-1.278
1.343,-2.693
1.148,-2.175
1.245,-2.121
1.099,-0.302
1.207,-3.567
1.054,-0.039
1.064,0.152
1.033,-1.606
1.131,-1.262
0.976,-0.511
0.955,-3.214
0.921,-3.049
0.861,-1.737
0.923,-0.998
0.848,-0.023
0.785,-0.687
0.747,0.02
0.522,-1.933
0.5,-0.222
0.468,-0.367
0.579,-2.926
0.409,-0.343
0.539,-0.934
0.354,-3.252
0.443,-2.522
0.384,-3.591
0.293,-2.732
0.244,-2.104
0.224,-1.793
-0.045,-0.915
0.073,-2.644
0.039,-1.418
0.013,-1.096
-0.025,-0.917
-0.07,-0.323
-0.081,-1.264
-0.213,0.031
-0.121,-2.038
-0.473,-0.246
-0.497,-0.358
-0.408,-1.928
-0.573,-3.1
-0.575,-2.024
-0.66,-0.927
-0.541,-0.187
-0.706,-2.556
-0.606,-2.908
-0.751,-0.315
-0.719,-1.345
-0.926,-1.43
-0.958,-3.136
-0.993,-3.128
-1.216,-2.773
-1.235,-2.211
-1.407,-1.794
-1.425,-0.931
-1.475,-2.984
-1.364,-1.004
-1.513,-2.271
-1.518,-2.68
-1.545,-2.188
-1.692,-1.737
-1.756,-2.931
-1.86,-2.26
-1.907,-1.749
-1.933,-2.576
-1.945,-2.965
-1.964,-2.478
-2.088,-1.271
-2.285,-0.2
-2.309,-1.461
-2.357,-0.337
-2.248,-0.95
-2.391,-0.163
-2.435,-0.593
-2.542,-0.921
-2.418,-1.237
-2.539,-3.009
-2.574,-1.821
-2.814,-2.459
-2.847,-1.88
-2.971,-1.948
-2.891,-0.42
-3.066,-0.944
3.064,-2.985
2.967,-1.352
3.017,-2.77
2.862,-0.497
2.92,-3.003
2.721,-3.204
2.618,-0.783
2.708,-1.265
2.502,-0.851
2.513,-1.936
2.354,-0.75
2.228,-2.559
2.235,-1.282
2.286,-1.336
2.284,-2.762
1.945,-0.911
2.032,-3.515
1.851,-1.636
1.876,-2.115
1.653,-0.469
1.295,-4.083
0.61,-3.884
-0.474,-3.988
-0.454,-3.87
-1.049,-3.906
-1.273,-3.987
-2.107,-4.033
-2.859,-4.153
2.976,-3.897
2.441,-3.959
-0.777,-0.095
-1.731,0.197
-2.44,0.203
2.406,-0.068
1.507,-2.912
1.162,-1.692
0.463,-2.913
-0.312,-2.289
-0.534,-2.908
-0.883,-2.882
-2.657,-2.937
3.012,-1.674
0.796,-2.515
-1.18,-1.456
-3.114,-2.263
2.854,-3.149
2.749,-2.735
2.309,-3.144
2.111,-3.096
2.043,-2.328
0.505,-2.374
-0.491,-0.685
2.387,-1.756
0.939,-3.625
0.629,-3.676
0.117,-3.837
-1.258,-3.881
-1.847,-3.723
-2.176,-3.787
-2.333,-3.867
-2.39,-3.794
2.537,-3.856
2.35,-3.857
0.625,-4.078
-1.202,-4.251
-1.658,-4.112
-2.359,-4.308
-0.026,-3.385
-0.041,-2.168
-0.025,-2.485
-0.063,-2.483
-0.076,-2.834
-0.126,-2.957
-0.185,-1.974
-0.133,-2.79
-0.239,-2.11
-0.246,-3.259
-0.246,-3.19
-0.214,-3.692
-0.232,-3.735
-0.353,-1.195
-0.311,-1.89
-0.381,-3.163
-0.391,-2.056
-0.453,-2.919
-0.489,-1.348
-0.472,-1.375
-0.57,-1.773
-0.62,-1.033
-0.527,-2.661
-0.572,-2.5
-0.648,-3.105
-0.631,-2.911
-0.603,-0.001
-0.655,-0.666
-0.614,-0.252
-0.685,-0.774
-0.731,-2.541
-0.668,-1.525
-0.817,-2.195
-0.828,-3.171
-0.83,-1.234
-0.871,-2.79
-0.809,-0.118
-1.067,-2.613
-1.118,-2.505
-1.137,-2.309
-1.234,-3.048
-1.326,-1.855
-1.47,-1.848
-1.476,-2.979
-1.496,-3.399
-1.468,-0.57
-1.458,-0.671
-1.49,-3.085
-1.574,-0.222
-1.561,-2.62
-1.577,-0.463
-1.675,-3.037
-1.608,-2.669
-1.653,-2.555
-1.729,-2.882
-1.791,-0.805
-1.83,-2.652
-1.945,-2.306
-1.986,-2.304
-1.951,-0.356
-2.009,-2.38
-1.994,-1.634
-2.046,-1.274
-1.982,-0.522
-2.076,-1.964
-2.087,-2.003
-2.012,-0.326
-2.104,-3.21
-2.055,-1.698
-2.079,-3.06
-2.174,-1.643
-2.157,-0.281
-2.324,-2.859
-2.268,-0.746
-2.276,-2.844
-2.377,-0.676
-2.37,-2.574
-2.342,-0.667
-2.413,-2.889
-2.405,-0.797
-2.46,-2.272
-2.487,-2.712
-2.443,-0.109
-2.438,-0.227
-2.464,-0.994
-2.463,-2.108
-2.565,-2.944
-2.502,-0.743
-2.631,-2.92
-2.643,-1.788
-2.644,-2.921
-2.659,-0.888
-2.641,-2.088
-2.724,-1.46
-2.691,-0.55
-2.691,-2.053
-2.76,-0.29
-2.724,-2.335
-2.738,-1.863
-2.838,-3.174
-2.846,-1.26
-2.805,-2.17
-2.901,-1.417
-3.013,-1.895
3.092,-1.786
3.073,-2.03
3.13,-0.366
3.101,-2.885
3.102,-2.332
3.023,-0.595
3.015,-1.01
2.984,-0.76
3.049,-2.088
2.947,-2.576
2.959,-2.054
2.978,-2.086
2.891,-2.672
2.866,-3.231
2.891,-0.394
2.755,-2.019
2.665,-2.064
2.654,-1.064
2.577,-1.815
2.561,-3.692
2.565,-1.967
2.467,-2.907
2.461,-1.87
2.199,-3.714
2.258,-2.776
2.175,-1.483
2.173,-2.839
2.196,-1.649
2.204,-1.367
2.077,-3.614
2.112,-1.36
2.048,-1.231
2.003,-1.94
1.845,-0.384
1.749,-2.702
1.686,-0.49
1.701,-1.663
1.678,-0.138
1.73,-1.226
1.636,-2.553
1.568,-4.157
1.468,-4.076
1.534,-4.057
1.113,-4.002
1.093,-4.087
0.513,-4.002
-0.355,-3.979
-2.18,-4.15
-2.57,-4.207
3.065,-4.212
2.922,-3.982
2.755,-4.161
2.449,-4.248
2.33,-4.25
2.277,-4.122
1.885,-4.096
1.767,-4.18
1.253,0.055
0.507,0.142
0.405,0.09
0.186,0.15
-1.433,0.066
-2.065,0.083
-2.382,0.036
-2.382,0.033
-2.47,0.052
3.083,-0.057
2.438,0.055
2.202,-0.155
1.081,-2.625
0.427,-2.832
0.164,-0.431
-0.404,-0.481
-2.008,-3.659
0.119,-4.042
1.53,-2.247
1.541,-1.826
1.507,-3.293
1.509,-0.121
1.302,-1.375
1.349,-2.79
1.154,-2.272
1.251,-2.218
1.105,-0.399
1.213,-3.664
1.06,-0.136
1.07,0.055
1.039,-1.703
1.137,-1.359
0.982,-0.608
0.961,-3.311
0.927,-3.146
0.867,-1.834
0.929,-1.095
0.854,-0.12
0.791,-0.784
0.753,-0.077
0.528,-2.03
0.506,-0.319
0.474,-0.464
0.585,-3.023
0.415,-0.44
0.545,-1.031
0.36,-3.349
0.449,-2.619
0.39,-3.688
0.299,-2.829
0.25,-2.201
0.23,-1.89
-0.039,-1.012
0.079,-2.741
0.045,-1.515
0.019,-1.193
-0.019,-1.014
-0.064,-0.42
-0.075,-1.361
-0.207,-0.066
-0.115,-2.135
-0.467,-0.343
-0.491,-0.455
-0.402,-2.025
-0.567,-3.197
-0.569,-2.121
-0.654,-1.024
-0.535,-0.284
-0.7,-2.653
-0.6,-3.005
-0.745,-0.412
-0.713,-1.442
-0.92,-1.527
-0.952,-3.233
-0.987,-3.225
-1.21,-2.87
-1.229,-2.308
-1.401,-1.891
-1.419,-1.028
-1.469,-3.081
-1.358,-1.101
-1.507,-2.368
-1.512,-2.777
-1.539,-2.285
-1.686,-1.834
-1.75,-3.028
-1.854,-2.357
-1.901,-1.846
-1.927,-2.673
-1.939,-3.062
-1.958,-2.575
-2.082,-1.368
-2.279,-0.297
-2.303,-1.558
-2.351,-0.434
-2.242,-1.047
-2.385,-0.26
-2.429,-0.69
-2.536,-1.018
-2.412,-1.334
-2.533,-3.106
-2.568,-1.918
-2.808,-2.556
-2.841,-1.977
-2.965,-2.045
-2.885,-0.517
-3.06,-1.041
3.07,-3.082
2.973,-1.449
3.023,-2.867
2.868,-0.594
2.926,-3.1
2.727,-3.301
2.624,-0.88
2.714,-1.362
2.508,-0.948
2.519,-2.033
2.36,-0.847
2.234,-2.656
2.241,-1.379
2.292,-1.433
2.29,-2.859
1.951,-1.008
2.038,-3.612
1.857,-1.733
1.882,-2.212
1.659,-0.566
1.301,-4.18
0.616,-3.981
-0.468,-4.085
-0.448,-3.967
-1.043,-4.003
-1.267,-4.084
-2.101,-4.13
-2.853,-4.25
2.982,-3.994
2.447,-4.056
-0.771,-0.192
-1.725,0.1
-2.434,0.106
2.412,-0.165
1.513,-3.009
1.168,-1.789
0.469,-3.01
-0.306,-2.386
-0.528,-3.005
-0.877,-2.979
-2.651,-3.034
3.018,-1.771
0.802,-2.612
-1.174,-1.553
-3.108,-2.36
2.86,-3.246
2.755,-2.832
2.315,-3.241
2.117,-3.193
2.049,-2.425
0.511,-2.471
-0.485,-0.782
2.393,-1.853
0.945,-3.722
0.635,-3.773
0.123,-3.934
-1.252,-3.978
-1.841,-3.82
-2.17,-3.884
-2.327,-3.964
-2.384,-3.891
2.543,-3.953
2.356,-3.954
0.631,-4.175
-1.196,-4.348
-1.652,-4.209
-2.353,-4.405
-0.015,1.217
0.001,0.9
-0.037,0.902
-0.05,0.551
-0.1,0.428
-0.159,1.411
-0.107,0.595
-0.213,1.275
-0.22,0.126
-0.22,0.195
-0.188,-0.307
-0.206,-0.35
-0.327,2.19
-0.285,1.495
-0.355,0.222
-0.365,1.329
-0.427,0.466
-0.463,2.037
-0.446,2.01
-0.544,1.612
-0.594,2.352
-0.501,0.724
-0.546,0.885
-0.622,0.28
-0.605,0.474
-0.577,3.384
-0.629,2.719
-0.588,3.133
-0.659,2.611
-0.705,0.844
-0.642,1.86
-0.791,1.19
-0.802,0.214
-0.804,2.151
-0.845,0.595
-0.783,3.267
-1.041,0.772
-1.092,0.88
-1.111,1.076
-1.208,0.337
-1.3,1.53
-1.444,1.537
-1.45,0.406
-1.47,-0.014
-1.442,2.815
-1.432,2.714
-1.464,0.3
-1.548,3.163
-1.535,0.765
-1.551,2.922
-1.649,0.348
-1.582,0.716
-1.627,0.83
-1.703,0.503
-1.765,2.58
-1.804,0.733
-1.919,1.079
-1.96,1.081
-1.925,3.029
-1.983,1.005
-1.968,1.751
-2.02,2.111
-1.956,2.863
-2.05,1.421
-2.061,1.382
-1.986,3.059
-2.078,0.175
-2.029,1.687
-2.053,0.325
-2.148,1.742
-2.131,3.104
-2.298,0.526
-2.242,2.639
-2.25,0.541
-2.351,2.709
-2.344,0.811
-2.316,2.718
-2.387,0.496
-2.379,2.588
-2.434,1.113
-2.461,0.673
-2.417,3.276
-2.412,3.158
-2.438,2.391
-2.437,1.277
-2.539,0.441
-2.476,2.642
-2.605,0.465
-2.617,1.597
-2.618,0.464
-2.633,2.497
-2.615,1.297
-2.698,1.925
-2.665,2.835
-2.665,1.332
-2.734,3.095
-2.698,1.05
-2.712,1.522
-2.812,0.211
-2.82,2.125
-2.779,1.215
-2.875,1.968
-2.987,1.49
3.118,1.599
3.099,1.355
-3.127,3.019
3.127,0.5
3.128,1.053
3.049,2.79
3.041,2.375
3.01,2.625
3.075,1.297
2.973,0.809
2.985,1.331
3.004,1.299
2.917,0.713
2.892,0.154
2.917,2.991
2.781,1.366
2.691,1.321
2.68,2.321
2.603,1.57
2.587,-0.307
2.591,1.418
2.493,0.478
2.487,1.515
2.225,-0.329
2.284,0.609
2.201,1.902
2.199,0.546
2.222,1.736
2.23,2.018
2.103,-0.229
2.138,2.025
2.074,2.154
2.029,1.445
1.871,3.001
1.775,0.683
1.712,2.895
1.727,1.722
1.704,3.247
1.756,2.159
1.662,0.832
1.594,-0.772
1.494,-0.691
1.56,-0.672
1.139,-0.617
1.119,-0.702
0.539,-0.617
-0.329,-0.594
-2.154,-0.765
-2.544,-0.822
3.091,-0.827
2.948,-0.597
2.781,-0.776
2.475,-0.863
2.356,-0.865
2.303,-0.737
1.911,-0.711
1.793,-0.795
1.279,3.44
0.533,3.527
0.431,3.475
0.212,3.535
-1.407,3.451
-2.039,3.468
-2.356,3.421
-2.356,3.418
-2.444,3.437
3.109,3.328
2.464,3.44
2.228,3.23
1.107,0.76
0.453,0.553
0.19,2.954
-0.378,2.904
-1.982,-0.274
0.145,-0.657
1.556,1.138
1.567,1.559
1.533,0.092
1.535,3.264
1.328,2.01
1.375,0.595
1.18,1.113
1.277,1.167
1.131,2.986
1.239,-0.279
1.086,3.249
1.096,3.44
1.065,1.682
1.163,2.026
1.008,2.777
0.987,0.074
0.953,0.239
0.893,1.551
0.955,2.29
0.88,3.265
0.817,2.601
0.779,3.308
0.554,1.355
0.532,3.066
0.5,2.921
0.611,0.362
0.441,2.945
0.571,2.354
0.386,0.036
0.475,0.766
0.416,-0.303
0.325,0.556
0.276,1.184
0.256,1.495
-0.013,2.373
0.105,0.644
0.071,1.87
0.045,2.192
0.007,2.371
-0.038,2.965
-0.049,2.024
-0.181,3.319
-0.089,1.25
-0.441,3.042
-0.465,2.93
-0.376,1.36
-0.541,0.188
-0.543,1.264
-0.628,2.361
-0.509,3.101
-0.674,0.732
-0.574,0.38
-0.719,2.973
-0.687,1.943
-0.894,1.858
-0.926,0.152
-0.961,0.16
-1.184,0.515
-1.203,1.077
-1.375,1.494
-1.393,2.357
-1.443,0.304
-1.332,2.284
-1.481,1.017
-1.486,0.608
-1.513,1.1
-1.66,1.551
-1.724,0.357
-1.828,1.028
-1.875,1.539
-1.901,0.712
-1.913,0.323
-1.932,0.81
-2.056,2.017
-2.253,3.088
-2.277,1.827
-2.325,2.951
-2.216,2.338
-2.359,3.125
-2.403,2.695
-2.51,2.367
-2.386,2.051
-2.507,0.279
-2.542,1.467
-2.782,0.829
-2.815,1.408
-2.939,1.34
-2.859,2.868
-3.034,2.344
3.096,0.303
2.999,1.936
3.049,0.518
2.894,2.791
2.952,0.285
2.753,0.084
2.65,2.505
2.74,2.023
2.534,2.437
2.545,1.352
2.386,2.538
2.26,0.729
2.267,2.006
2.318,1.952
2.316,0.526
1.977,2.377
2.064,-0.227
1.883,1.652
1.908,1.173
1.685,2.819
1.327,-0.795
0.642,-0.596
-0.442,-0.7
-0.422,-0.582
-1.017,-0.618
-1.241,-0.699
-2.075,-0.745
-2.827,-0.865
3.008,-0.609
2.473,-0.671
-0.745,3.193
-1.699,3.485
-2.408,3.491
2.438,3.22
1.539,0.376
1.194,1.596
0.495,0.375
-0.28,0.999
-0.502,0.38
-0.851,0.406
-2.625,0.351
3.044,1.614
0.828,0.773
-1.148,1.832
-3.082,1.025
2.886,0.139
2.781,0.553
2.341,0.144
2.143,0.192
2.075,0.96
0.537,0.914
-0.459,2.603
2.419,1.532
0.971,-0.337
0.661,-0.388
0.149,-0.549
-1.226,-0.593
-1.815,-0.435
-2.144,-0.499
-2.301,-0.579
-2.358,-0.506
2.569,-0.568
2.382,-0.569
0.657,-0.79
-1.17,-0.963
-1.626,-0.824
-2.327,-1.02
0.016,-0.317
-0.022,-0.315
-0.035,-0.666
-0.085,-0.789
-0.144,0.194
-0.092,-0.622
-0.198,0.058
-0.205,-1.091
-0.205,-1.022
-0.173,-1.524
-0.191,-1.567
-0.312,0.973
-0.27,0.278
-0.34,-0.995
-0.35,0.112
-0.412,-0.751
-0.448,0.82
-0.431,0.793
-0.529,0.395
-0.579,1.135
-0.486,-0.493
-0.531,-0.332
-0.607,-0.937
-0.59,-0.743
-0.562,2.167
-0.614,1.502
-0.573,1.916
-0.644,1.394
-0.69,-0.373
-0.627,0.643
-0.776,-0.027
-0.787,-1.003
-0.789,0.934
-0.83,-0.622
-0.768,2.05
-1.026,-0.445
-1.077,-0.337
-1.096,-0.141
-1.193,-0.88
-1.285,0.313
-1.429,0.32
-1.435,-0.811
-1.455,-1.231
-1.427,1.598
-1.417,1.497
-1.449,-0.917
-1.533,1.946
-1.52,-0.452
-1.536,1.705
-1.634,-0.869
-1.567,-0.501
-1.612,-0.387
-1.688,-0.714
-1.75,1.363
-1.789,-0.484
-1.904,-0.138
-1.945,-0.136
-1.91,1.812
-1.968,-0.212
-1.953,0.534
-2.005,0.894
-1.941,1.646
-2.035,0.204
-2.046,0.165
-1.971,1.842
-2.063,-1.042
-2.014,0.47
-2.038,-0.892
-2.133,0.525
-2.116,1.887
-2.283,-0.691
-2.227,1.422
-2.235,-0.676
-2.336,1.492
-2.329,-0.406
-2.301,1.501
-2.372,-0.721
-2.364,1.371
-2.419,-0.104
-2.446,-0.544
-2.402,2.059
-2.397,1.941
-2.423,1.174
-2.422,0.06
-2.524,-0.776
-2.461,1.425
-2.59,-0.752
-2.602,0.38
-2.603,-0.753
-2.618,1.28
-2.6,0.08
-2.683,0.708
-2.65,1.618
-2.65,0.115
-2.719,1.878
-2.683,-0.167
-2.697,0.305
-2.797,-1.006
-2.805,0.908
-2.764,-0.002
-2.86,0.751
-2.972,0.273
3.133,0.382
3.114,0.138
-3.112,1.802
-3.141,-0.717
-3.14,-0.164
3.064,1.573
3.056,1.158
3.025,1.408
3.09,0.08
2.988,-0.408
3.0,0.114
3.019,0.082
2.932,-0.504
2.907,-1.063
2.932,1.774
2.796,0.149
2.706,0.104
2.695,1.104
2.618,0.353
2.602,-1.524
2.606,0.201
2.508,-0.739
2.502,0.298
2.24,-1.546
2.299,-0.608
2.216,0.685
2.214,-0.671
2.237,0.519
2.245,0.801
2.118,-1.446
2.153,0.808
2.089,0.937
2.044,0.228
1.886,1.784
1.79,-0.534
1.727,1.678
1.742,0.505
1.719,2.03
1.771,0.942
1.677,-0.385
1.609,-1.989
1.509,-1.908
1.575,-1.889
1.154,-1.834
1.134,-1.919
0.554,-1.834
-0.314,-1.811
-2.139,-1.982
-2.529,-2.039
3.106,-2.044
2.963,-1.814
2.796,-1.993
2.49,-2.08
2.371,-2.082
2.318,-1.954
1.926,-1.928
1.808,-2.012
1.294,2.223
0.548,2.31
0.446,2.258
0.227,2.318
-1.392,2.234
-2.024,2.251
-2.341,2.204
-2.341,2.201
-2.429,2.22
3.124,2.111
2.479,2.223
2.243,2.013
1.122,-0.457
0.468,-0.664
0.205,1.737
-0.363,1.687
-1.967,-1.491
0.16,-1.874
1.571,-0.079
1.582,0.342
1.548,-1.125
1.55,2.047
1.343,0.793
1.39,-0.622
1.195,-0.104
1.292,-0.05
1.146,1.769
1.254,-1.496
1.101,2.032
1.111,2.223
1.08,0.465
1.178,0.809
1.023,1.56
1.002,-1.143
0.968,-0.978
0.908,0.334
0.97,1.073
0.895,2.048
0.832,1.384
0.794,2.091
0.569,0.138
0.547,1.849
0.515,1.704
0.626,-0.855
0.456,1.728
0.586,1.137
0.401,-1.181
0.49,-0.451
0.431,-1.52
0.34,-0.661
0.291,-0.033
0.271,0.278
0.002,1.156
0.12,-0.573
0.086,0.653
0.06,0.975
0.022,1.154
-0.023,1.748
-0.034,0.807
-0.166,2.102
-0.074,0.033
-0.426,1.825
-0.45,1.713
-0.361,0.143
-0.526,-1.029
-0.528,0.047
-0.613,1.144
-0.494,1.884
-0.659,-0.485
-0.559,-0.837
-0.704,1.756
-0.672,0.726
-0.879,0.641
-0.911,-1.065
-0.946,-1.057
-1.169,-0.702
-1.188,-0.14
-1.36,0.277
-1.378,1.14
-1.428,-0.913
-1.317,1.067
-1.466,-0.2
-1.471,-0.609
-1.498,-0.117
-1.645,0.334
-1.709,-0.86
-1.813,-0.189
-1.86,0.322
-1.886,-0.505
-1.898,-0.894
-1.917,-0.407
-2.041,0.8
-2.238,1.871
-2.262,0.61
-2.31,1.734
-2.201,1.121
-2.344,1.908
-2.388,1.478
-2.495,1.15
-2.371,0.834
-2.492,-0.938
-2.527,0.25
-2.767,-0.388
-2.8,0.191
-2.924,0.123
-2.844,1.651
-3.019,1.127
3.111,-0.914
3.014,0.719
3.064,-0.699
2.909,1.574
2.967,-0.932
2.768,-1.133
2.665,1.288
2.755,0.806
2.549,1.22
2.56,0.135
2.401,1.321
2.275,-0.488
2.282,0.789
2.333,0.735
2.331,-0.691
1.992,1.16
2.079,-1.444
1.898,0.435
1.923,-0.044
1.7,1.602
1.342,-2.012
0.657,-1.813
-0.427,-1.917
-0.407,-1.799
-1.002,-1.835
-1.226,-1.916
-2.06,-1.962
-2.812,-2.082
3.023,-1.826
2.488,-1.888
-0.73,1.976
-1.684,2.268
-2.393,2.274
2.453,2.003
1.554,-0.841
1.209,0.379
0.51,-0.842
-0.265,-0.218
-0.487,-0.837
-0.836,-0.811
-2.61,-0.866
3.059,0.397
0.843,-0.444
-1.133,0.615
-3.067,-0.192
2.901,-1.078
2.796,-0.664
2.356,-1.073
2.158,-1.025
2.09,-0.257
0.552,-0.303
-0.444,1.386
2.434,0.315
0.986,-1.554
0.676,-1.605
0.164,-1.766
-1.211,-1.81
-1.8,-1.652
-2.129,-1.716
-2.286,-1.796
-2.343,-1.723
2.584,-1.785
2.397,-1.786
0.672,-2.007
-1.155,-2.18
-1.611,-2.041
-2.312,-2.237
-0.038,0.002
-0.051,-0.349
-0.101,-0.472
-0.16,0.511
-0.108,-0.305
-0.214,0.375
-0.221,-0.774
-0.221,-0.705
-0.189,-1.207
-0.207,-1.25
-0.328,1.29
-0.286,0.595
-0.356,-0.678
-0.366,0.429
-0.428,-0.434
-0.464,1.137
-0.447,1.11
-0.545,0.712
-0.595,1.452
-0.502,-0.176
-0.547,-0.015
-0.623,-0.62
-0.606,-0.426
-0.578,2.484
-0.63,1.819
-0.589,2.233
-0.66,1.711
-0.706,-0.056
-0.643,0.96
-0.792,0.29
-0.803,-0.686
-0.805,1.251
-0.846,-0.305
-0.784,2.367
-1.042,-0.128
-1.093,-0.02
-1.112,0.176
-1.209,-0.563
-1.301,0.63
-1.445,0.637
-1.451,-0.494
-1.471,-0.914
-1.443,1.915
-1.433,1.814
-1.465,-0.6
-1.549,2.263
-1.536,-0.135
-1.552,2.022
-1.65,-0.552
-1.583,-0.184
-1.628,-0.07
-1.704,-0.397
-1.766,1.68
-1.805,-0.167
-1.92,0.179
-1.961,0.181
-1.926,2.129
-1.984,0.105
-1.969,0.851
-2.021,1.211
-1.957,1.963
-2.051,0.521
-2.062,0.482
-1.987,2.159
-2.079,-0.725
-2.03,0.787
-2.054,-0.575
-2.149,0.842
-2.132,2.204
-2.299,-0.374
-2.243,1.739
-2.251,-0.359
-2.352,1.809
-2.345,-0.089
-2.317,1.818
-2.388,-0.404
-2.38,1.688
-2.435,0.213
-2.462,-0.227
-2.418,2.376
-2.413,2.258
-2.439,1.491
-2.438,0.377
-2.54,-0.459
-2.477,1.742
-2.606,-0.435
-2.618,0.697
-2.619,-0.436
-2.634,1.597
-2.616,0.397
-2.699,1.025
-2.666,1.935
-2.666,0.432
-2.735,2.195
-2.699,0.15
-2.713,0.622
-2.813,-0.689
-2.821,1.225
-2.78,0.315
-2.876,1.068
-2.988,0.59
3.117,0.699
3.098,0.455
-3.128,2.119
3.126,-0.4
3.127,0.153
3.048,1.89
3.04,1.475
3.009,1.725
3.074,0.397
2.972,-0.091
2.984,0.431
3.003,0.399
2.916,-0.187
2.891,-0.746
2.916,2.091
2.78,0.466
2.69,0.421
2.679,1.421
2.602,0.67
2.586,-1.207
2.59,0.518
2.492,-0.422
2.486,0.615
2.224,-1.229
2.283,-0.291
2.2,1.002
2.198,-0.354
2.221,0.836
2.229,1.118
2.102,-1.129
2.137,1.125
2.073,1.254
2.028,0.545
1.87,2.101
1.774,-0.217
1.711,1.995
1.726,0.822
1.703,2.347
1.755,1.259
1.661,-0.068
1.593,-1.672
1.493,-1.591
1.559,-1.572
1.138,-1.517
1.118,-1.602
0.538,-1.517
-0.33,-1.494
-2.155,-1.665
-2.545,-1.722
3.09,-1.727
2.947,-1.497
2.78,-1.676
2.474,-1.763
2.355,-1.765
2.302,-1.637
1.91,-1.611
1.792,-1.695
1.278,2.54
0.532,2.627
0.43,2.575
0.211,2.635
-1.408,2.551
-2.04,2.568
-2.357,2.521
-2.357,2.518
-2.445,2.537
3.108,2.428
2.463,2.54
2.227,2.33
1.106,-0.14
0.452,-0.347
0.189,2.054
-0.379,2.004
-1.983,-1.174
0.144,-1.557
1.555,0.238
1.566,0.659
1.532,-0.808
1.534,2.364
1.327,1.11
1.374,-0.305
1.179,0.213
1.276,0.267
1.13,2.086
1.238,-1.179
1.085,2.349
1.095,2.54
1.064,0.782
1.162,1.126
1.007,1.877
0.986,-0.826
0.952,-0.661
0.892,0.651
0.954,1.39
0.879,2.365
0.816,1.701
0.778,2.408
0.553,0.455
0.531,2.166
0.499,2.021
0.61,-0.538
0.44,2.045
0.57,1.454
0.385,-0.864
0.474,-0.134
0.415,-1.203
0.324,-0.344
0.275,0.284
0.255,0.595
-0.014,1.473
0.104,-0.256
0.07,0.97
0.044,1.292
0.006,1.471
-0.039,2.065
-0.05,1.124
-0.182,2.419
-0.09,0.35
-0.442,2.142
-0.466,2.03
-0.377,0.46
-0.542,-0.712
-0.544,0.364
-0.629,1.461
-0.51,2.201
-0.675,-0.168
-0.575,-0.52
-0.72,2.073
-0.688,1.043
-0.895,0.958
-0.927,-0.748
-0.962,-0.74
-1.185,-0.385
-1.204,0.177
-1.376,0.594
-1.394,1.457
-1.444,-0.596
-1.333,1.384
-1.482,0.117
-1.487,-0.292
-1.514,0.2
-1.661,0.651
-1.725,-0.543
-1.829,0.128
-1.876,0.639
-1.902,-0.188
-1.914,-0.577
-1.933,-0.09
-2.057,1.117
-2.254,2.188
-2.278,0.927
-2.326,2.051
-2.217,1.438
-2.36,2.225
-2.404,1.795
-2.511,1.467
-2.387,1.151
-2.508,-0.621
-2.543,0.567
-2.783,-0.071
-2.816,0.508
-2.94,0.44
-2.86,1.968
-3.035,1.444
3.095,-0.597
2.998,1.036
3.048,-0.382
2.893,1.891
2.951,-0.615
2.752,-0.816
2.649,1.605
2.739,1.123
2.533,1.537
2.544,0.452
2.385,1.638
2.259,-0.171
2.266,1.106
2.317,1.052
2.315,-0.374
1.976,1.477
2.063,-1.127
1.882,0.752
1.907,0.273
1.684,1.919
1.326,-1.695
0.641,-1.496
-0.443,-1.6
-0.423,-1.482
-1.018,-1.518
-1.242,-1.599
-2.076,-1.645
-2.828,-1.765
3.007,-1.509
2.472,-1.571
-0.746,2.293
-1.7,2.585
-2.409,2.591
2.437,2.32
1.538,-0.524
1.193,0.696
0.494,-0.525
-0.281,0.099
-0.503,-0.52
-0.852,-0.494
-2.626,-0.549
3.043,0.714
0.827,-0.127
-1.149,0.932
-3.083,0.125
2.885,-0.761
2.78,-0.347
2.34,-0.756
2.142,-0.708
2.074,0.06
0.536,0.014
-0.46,1.703
2.418,0.632
0.97,-1.237
0.66,-1.288
0.148,-1.449
-1.227,-1.493
-1.816,-1.335
-2.145,-1.399
-2.302,-1.479
-2.359,-1.406
2.568,-1.468
2.381,-1.469
0.656,-1.69
-1.171,-1.863
-1.627,-1.724
-2.328,-1.92
-0.013,-0.351
-0.063,-0.474
-0.122,0.509
-0.07,-0.307
-0.176,0.373
-0.183,-0.776
-0.183,-0.707
-0.151,-1.209
-0.169,-1.252
-0.29,1.288
-0.248,0.593
-0.318,-0.68
-0.328,0.427
-0.39,-0.436
-0.426,1.135
-0.409,1.108
-0.507,0.71
-0.557,1.45
-0.464,-0.178
-0.509,-0.017
-0.585,-0.622
-0.568,-0.428
-0.54,2.482
-0.592,1.817
-0.551,2.231
-0.622,1.709
-0.668,-0.058
-0.605,0.958
-0.754,0.288
-0.765,-0.688
-0.767,1.249
-0.808,-0.307
-0.746,2.365
-1.004,-0.13
-1.055,-0.022
-1.074,0.174
-1.171,-0.565
-1.263,0.628
-1.407,0.635
-1.413,-0.496
-1.433,-0.916
-1.405,1.913
-1.395,1.812
-1.427,-0.602
-1.511,2.261
-1.498,-0.137
-1.514,2.02
-1.612,-0.554
-1.545,-0.186
-1.59,-0.072
-1.666,-0.399
-1.728,1.678
-1.767,-0.169
-1.882,0.177
-1.923,0.179
-1.888,2.127
-1.946,0.103
-1.931,0.849
-1.983,1.209
-1.919,1.961
-2.013,0.519
-2.024,0.48
-1.949,2.157
-2.041,-0.727
-1.992,0.785
-2.016,-0.577
-2.111,0.84
-2.094,2.202
-2.261,-0.376
-2.205,1.737
-2.213,-0.361
-2.314,1.807
-2.307,-0.091
-2.279,1.816
-2.35,-0.406
-2.342,1.686
-2.397,0.211
-2.424,-0.229
-2.38,2.374
-2.375,2.256
-2.401,1.489
-2.4,0.375
-2.502,-0.461
-2.439,1.74
-2.568,-0.437
-2.58,0.695
-2.581,-0.438
-2.596,1.595
-2.578,0.395
-2.661,1.023
-2.628,1.933
-2.628,0.43
-2.697,2.193
-2.661,0.148
-2.675,0.62
-2.775,-0.691
-2.783,1.223
-2.742,0.313
-2.838,1.066
-2.95,0.588
-3.128,0.697
3.136,0.453
-3.09,2.117
-3.119,-0.402
-3.118,0.151
3.086,1.888
3.078,1.473
3.047,1.723
3.112,0.395
3.01,-0.093
3.022,0.429
3.041,0.397
2.954,-0.189
2.929,-0.748
2.954,2.089
2.818,0.464
2.728,0.419
2.717,1.419
2.64,0.668
2.624,-1.209
2.628,0.516
2.53,-0.424
2.524,0.613
2.262,-1.231
2.321,-0.293
2.238,1.0
2.236,-0.356
2.259,0.834
2.267,1.116
2.14,-1.131
2.175,1.123
2.111,1.252
2.066,0.543
1.908,2.099
1.812,-0.219
1.749,1.993
1.764,0.82
1.741,2.345
1.793,1.257
1.699,-0.07
1.631,-1.674
1.531,-1.593
1.597,-1.574
1.176,-1.519
1.156,-1.604
0.576,-1.519
-0.292,-1.496
-2.117,-1.667
-2.507,-1.724
3.128,-1.729
2.985,-1.499
2.818,-1.678
2.512,-1.765
2.393,-1.767
2.34,-1.639
1.948,-1.613
1.83,-1.697
1.316,2.538
0.57,2.625
0.468,2.573
0.249,2.633
-1.37,2.549
-2.002,2.566
-2.319,2.519
-2.319,2.516
-2.407,2.535
-3.137,2.426
2.501,2.538
2.265,2.328
1.144,-0.142
0.49,-0.349
0.227,2.052
-0.341,2.002
-1.945,-1.176
0.182,-1.559
1.593,0.236
1.604,0.657
1.57,-0.81
1.572,2.362
1.365,1.108
1.412,-0.307
1.217,0.211
1.314,0.265
1.168,2.084
1.276,-1.181
1.123,2.347
1.133,2.538
1.102,0.78
1.2,1.124
1.045,1.875
1.024,-0.828
0.99,-0.663
0.93,0.649
0.992,1.388
0.917,2.363
0.854,1.699
0.816,2.406
0.591,0.453
0.569,2.164
0.537,2.019
0.648,-0.54
0.478,2.043
0.608,1.452
0.423,-0.866
0.512,-0.136
0.453,-1.205
0.362,-0.346
0.313,0.282
0.293,0.593
0.024,1.471
0.142,-0.258
0.108,0.968
0.082,1.29
0.044,1.469
-0.001,2.063
-0.012,1.122
-0.144,2.417
-0.052,0.348
-0.404,2.14
-0.428,2.028
-0.339,0.458
-0.504,-0.714
-0.506,0.362
-0.591,1.459
-0.472,2.199
-0.637,-0.17
-0.537,-0.522
-0.682,2.071
-0.65,1.041
-0.857,0.956
-0.889,-0.75
-0.924,-0.742
-1.147,-0.387
-1.166,0.175
-1.338,0.592
-1.356,1.455
-1.406,-0.598
-1.295,1.382
-1.444,0.115
-1.449,-0.294
-1.476,0.198
-1.623,0.649
-1.687,-0.545
-1.791,0.126
-1.838,0.637
-1.864,-0.19
-1.876,-0.579
-1.895,-0.092
-2.019,1.115
-2.216,2.186
-2.24,0.925
-2.288,2.049
-2.179,1.436
-2.322,2.223
-2.366,1.793
-2.473,1.465
-2.349,1.149
-2.47,-0.623
-2.505,0.565
-2.745,-0.073
-2.778,0.506
-2.902,0.438
-2.822,1.966
-2.997,1.442
3.133,-0.599
3.036,1.034
3.086,-0.384
2.931,1.889
2.989,-0.617
2.79,-0.818
2.687,1.603
2.777,1.121
2.571,1.535
2.582,0.45
2.423,1.636
2.297,-0.173
2.304,1.104
2.355,1.05
2.353,-0.376
2.014,1.475
2.101,-1.129
1.92,0.75
1.945,0.271
1.722,1.917
1.364,-1.697
0.679,-1.498
-0.405,-1.602
-0.385,-1.484
-0.98,-1.52
-1.204,-1.601
-2.038,-1.647
-2.79,-1.767
3.045,-1.511
2.51,-1.573
-0.708,2.291
-1.662,2.583
-2.371,2.589
2.475,2.318
1.576,-0.526
1.231,0.694
0.532,-0.527
-0.243,0.097
-0.465,-0.522
-0.814,-0.496
-2.588,-0.551
3.081,0.712
0.865,-0.129
-1.111,0.93
-3.045,0.123
2.923,-0.763
2.818,-0.349
2.378,-0.758
2.18,-0.71
2.112,0.058
0.574,0.012
-0.422,1.701
2.456,0.63
1.008,-1.239
0.698,-1.29
0.186,-1.451
-1.189,-1.495
-1.778,-1.337
-2.107,-1.401
-2.264,-1.481
-2.321,-1.408
2.606,-1.47
2.419,-1.471
0.694,-1.692
-1.133,-1.865
-1.589,-1.726
-2.29,-1.922
-0.05,-0.123
-0.109,0.86
-0.057,0.044
-0.163,0.724
-0.17,-0.425
-0.17,-0.356
-0.138,-0.858
-0.156,-0.901
-0.277,1.639
-0.235,0.944
-0.305,-0.329
-0.315,0.778
-0.377,-0.085
-0.413,1.486
-0.396,1.459
-0.494,1.061
-0.544,1.801
-0.451,0.173
-0.496,0.334
-0.572,-0.271
-0.555,-0.077
-0.527,2.833
-0.579,2.168
-0.538,2.582
-0.609,2.06
-0.655,0.293
-0.592,1.309
-0.741,0.639
-0.752,-0.337
-0.754,1.6
-0.795,0.044
-0.733,2.716
-0.991,0.221
-1.042,0.329
-1.061,0.525
-1.158,-0.214
-1.25,0.979
-1.394,0.986
-1.4,-0.145
-1.42,-0.565
-1.392,2.264
-1.382,2.163
-1.414,-0.251
-1.498,2.612
-1.485,0.214
-1.501,2.371
-1.599,-0.203
-1.532,0.165
-1.577,0.279
-1.653,-0.048
-1.715,2.029
-1.754,0.182
-1.869,0.528
-1.91,0.53
-1.875,2.478
-1.933,0.454
-1.918,1.2
-1.97,1.56
-1.906,2.312
-2.0,0.87
-2.011,0.831
-1.936,2.508
-2.028,-0.376
-1.979,1.136
-2.003,-0.226
-2.098,1.191
-2.081,2.553
-2.248,-0.025
-2.192,2.088
-2.2,-0.01
-2.301,2.158
-2.294,0.26
-2.266,2.167
-2.337,-0.055
-2.329,2.037
-2.384,0.562
-2.411,0.122
-2.367,2.725
-2.362,2.607
-2.388,1.84
-2.387,0.726
-2.489,-0.11
-2.426,2.091
-2.555,-0.086
-2.567,1.046
-2.568,-0.087
-2.583,1.946
-2.565,0.746
-2.648,1.374
-2.615,2.284
-2.615,0.781
-2.684,2.544
-2.648,0.499
-2.662,0.971
-2.762,-0.34
-2.77,1.574
-2.729,0.664
-2.825,1.417
-2.937,0.939
-3.115,1.048
-3.134,0.804
-3.077,2.468
-3.106,-0.051
-3.105,0.502
3.099,2.239
3.091,1.824
3.06,2.074
3.125,0.746
3.023,0.258
3.035,0.78
3.054,0.748
2.967,0.162
2.942,-0.397
2.967,2.44
2.831,0.815
2.741,0.77
2.73,1.77
2.653,1.019
2.637,-0.858
2.641,0.867
2.543,-0.073
2.537,0.964
2.275,-0.88
2.334,0.058
2.251,1.351
2.249,-0.005
2.272,1.185
2.28,1.467
2.153,-0.78
2.188,1.474
2.124,1.603
2.079,0.894
1.921,2.45
1.825,0.132
1.762,2.344
1.777,1.171
1.754,2.696
1.806,1.608
1.712,0.281
1.644,-1.323
1.544,-1.242
1.61,-1.223
1.189,-1.168
1.169,-1.253
0.589,-1.168
-0.279,-1.145
-2.104,-1.316
-2.494,-1.373
3.141,-1.378
2.998,-1.148
2.831,-1.327
2.525,-1.414
2.406,-1.416
2.353,-1.288
1.961,-1.262
1.843,-1.346
1.329,2.889
0.583,2.976
0.481,2.924
0.262,2.984
-1.357,2.9
-1.989,2.917
-2.306,2.87
-2.306,2.867
-2.394,2.886
-3.124,2.777
2.514,2.889
2.278,2.679
1.157,0.209
0.503,0.002
0.24,2.403
-0.328,2.353
-1.932,-0.825
0.195,-1.208
1.606,0.587
1.617,1.008
1.583,-0.459
1.585,2.713
1.378,1.459
1.425,0.044
1.23,0.562
1.327,0.616
1.181,2.435
1.289,-0.83
1.136,2.698
1.146,2.889
1.115,1.131
1.213,1.475
1.058,2.226
1.037,-0.477
1.003,-0.312
0.943,1.0
1.005,1.739
0.93,2.714
0.867,2.05
0.829,2.757
0.604,0.804
0.582,2.515
0.55,2.37
0.661,-0.189
0.491,2.394
0.621,1.803
0.436,-0.515
0.525,0.215
0.466,-0.854
0.375,0.005
0.326,0.633
0.306,0.944
0.037,1.822
0.155,0.093
0.121,1.319
0.095,1.641
0.057,1.82
0.012,2.414
0.001,1.473
-0.131,2.768
-0.039,0.699
-0.391,2.491
-0.415,2.379
-0.326,0.809
-0.491,-0.363
-0.493,0.713
-0.578,1.81
-0.459,2.55
-0.624,0.181
-0.524,-0.171
-0.669,2.422
-0.637,1.392
-0.844,1.307
-0.876,-0.399
-0.911,-0.391
-1.134,-0.036
-1.153,0.526
-1.325,0.943
-1.343,1.806
-1.393,-0.247
-1.282,1.733
-1.431,0.466
-1.436,0.057
-1.463,0.549
-1.61,1.0
-1.674,-0.194
-1.778,0.477
-1.825,0.988
-1.851,0.161
-1.863,-0.228
-1.882,0.259
-2.006,1.466
-2.203,2.537
-2.227,1.276
-2.275,2.4
-2.166,1.787
-2.309,2.574
-2.353,2.144
-2.46,1.816
-2.336,1.5
-2.457,-0.272
-2.492,0.916
-2.732,0.278
-2.765,0.857
-2.889,0.789
-2.809,2.317
-2.984,1.793
-3.137,-0.248
3.049,1.385
3.099,-0.033
2.944,2.24
3.002,-0.266
2.803,-0.467
2.7,1.954
2.79,1.472
2.584,1.886
2.595,0.801
2.436,1.987
2.31,0.178
2.317,1.455
2.368,1.401
2.366,-0.025
2.027,1.826
2.114,-0.778
1.933,1.101
1.958,0.622
1.735,2.268
1.377,-1.346
0.692,-1.147
-0.392,-1.251
-0.372,-1.133
-0.967,-1.169
-1.191,-1.25
-2.025,-1.296
-2.777,-1.416
3.058,-1.16
2.523,-1.222
-0.695,2.642
-1.649,2.934
-2.358,2.94
2.488,2.669
1.589,-0.175
1.244,1.045
0.545,-0.176
-0.23,0.448
-0.452,-0.171
-0.801,-0.145
-2.575,-0.2
3.094,1.063
0.878,0.222
-1.098,1.281
-3.032,0.474
2.936,-0.412
2.831,0.002
2.391,-0.407
2.193,-0.359
2.125,0.409
0.587,0.363
-0.409,2.052
2.469,0.981
1.021,-0.888
0.711,-0.939
0.199,-1.1
-1.176,-1.144
-1.765,-0.986
-2.094,-1.05
-2.251,-1.13
-2.308,-1.057
2.619,-1.119
2.432,-1.12
0.707,-1.341
-1.12,-1.514
-1.576,-1.375
-2.277,-1.571
-0.059,0.983
-0.007,0.167
-0.113,0.847
-0.12,-0.302
-0.12,-0.233
-0.088,-0.735
-0.106,-0.778
-0.227,1.762
-0.185,1.067
-0.255,-0.206
-0.265,0.901
-0.327,0.038
-0.363,1.609
-0.346,1.582
-0.444,1.184
-0.494,1.924
-0.401,0.296
-0.446,0.457
-0.522,-0.148
-0.505,0.046
-0.477,2.956
-0.529,2.291
-0.488,2.705
-0.559,2.183
-0.605,0.416
-0.542,1.432
-0.691,0.762
-0.702,-0.214
-0.704,1.723
-0.745,0.167
-0.683,2.839
-0.941,0.344
-0.992,0.452
-1.011,0.648
-1.108,-0.091
-1.2,1.102
-1.344,1.109
-1.35,-0.022
-1.37,-0.442
-1.342,2.387
-1.332,2.286
-1.364,-0.128
-1.448,2.735
-1.435,0.337
-1.451,2.494
-1.549,-0.08
-1.482,0.288
-1.527,0.402
-1.603,0.075
-1.665,2.152
-1.704,0.305
-1.819,0.651
-1.86,0.653
-1.825,2.601
-1.883,0.577
-1.868,1.323
-1.92,1.683
-1.856,2.435
-1.95,0.993
-1.961,0.954
-1.886,2.631
-1.978,-0.253
-1.929,1.259
-1.953,-0.103
-2.048,1.314
-2.031,2.676
-2.198,0.098
-2.142,2.211
-2.15,0.113
-2.251,2.281
-2.244,0.383
-2.216,2.29
-2.287,0.068
-2.279,2.16
-2.334,0.685
-2.361,0.245
-2.317,2.848
-2.312,2.73
-2.338,1.963
-2.337,0.849
-2.439,0.013
-2.376,2.214
-2.505,0.037
-2.517,1.169
-2.518,0.036
-2.533,2.069
-2.515,0.869
-2.598,1.497
-2.565,2.407
-2.565,0.904
-2.634,2.667
-2.598,0.622
-2.612,1.094
-2.712,-0.217
-2.72,1.697
-2.679,0.787
-2.775,1.54
-2.887,1.062
-3.065,1.171
-3.084,0.927
-3.027,2.591
-3.056,0.072
-3.055,0.625
-3.134,2.362
3.141,1.947
3.11,2.197
-3.108,0.869
3.073,0.381
3.085,0.903
3.104,0.871
3.017,0.285
2.992,-0.274
3.017,2.563
2.881,0.938
2.791,0.893
2.78,1.893
2.703,1.142
2.687,-0.735
2.691,0.99
2.593,0.05
2.587,1.087
2.325,-0.757
2.384,0.181
2.301,1.474
2.299,0.118
2.322,1.308
2.33,1.59
2.203,-0.657
2.238,1.597
2.174,1.726
2.129,1.017
1.971,2.573
1.875,0.255
1.812,2.467
1.827,1.294
1.804,2.819
1.856,1.731
1.762,0.404
1.694,-1.2
1.594,-1.119
1.66,-1.1
1.239,-1.045
1.219,-1.13
0.639,-1.045
-0.229,-1.022
-2.054,-1.193
-2.444,-1.25
-3.092,-1.255
3.048,-1.025
2.881,-1.204
2.575,-1.291
2.456,-1.293
2.403,-1.165
2.011,-1.139
1.893,-1.223
1.379,3.012
0.633,3.099
0.531,3.047
0.312,3.107
-1.307,3.023
-1.939,3.04
-2.256,2.993
-2.256,2.99
-2.344,3.009
-3.074,2.9
2.564,3.012
2.328,2.802
1.207,0.332
0.553,0.125
0.29,2.526
-0.278,2.476
-1.882,-0.702
0.245,-1.085
1.656,0.71
1.667,1.131
1.633,-0.336
1.635,2.836
1.428,1.582
1.475,0.167
1.28,0.685
1.377,0.739
1.231,2.558
1.339,-0.707
1.186,2.821
1.196,3.012
1.165,1.254
1.263,1.598
1.108,2.349
1.087,-0.354
1.053,-0.189
0.993,1.123
1.055,1.862
0.98,2.837
0.917,2.173
0.879,2.88
0.654,0.927
0.632,2.638
0.6,2.493
0.711,-0.066
0.541,2.517
0.671,1.926
0.486,-0.392
0.575,0.338
0.516,-0.731
0.425,0.128
0.376,0.756
0.356,1.067
0.087,1.945
0.205,0.216
0.171,1.442
0.145,1.764
0.107,1.943
0.062,2.537
0.051,1.596
-0.081,2.891
0.011,0.822
-0.341,2.614
-0.365,2.502
-0.276,0.932
-0.441,-0.24
-0.443,0.836
-0.528,1.933
-0.409,2.673
-0.574,0.304
-0.474,-0.048
-0.619,2.545
-0.587,1.515
-0.794,1.43
-0.826,-0.276
-0.861,-0.268
-1.084,0.087
-1.103,0.649
-1.275,1.066
-1.293,1.929
-1.343,-0.124
-1.232,1.856
-1.381,0.589
-1.386,0.18
-1.413,0.672
-1.56,1.123
-1.624,-0.071
-1.728,0.6
-1.775,1.111
-1.801,0.284
-1.813,-0.105
-1.832,0.382
-1.956,1.589
-2.153,2.66
-2.177,1.399
-2.225,2.523
-2.116,1.91
-2.259,2.697
-2.303,2.267
-2.41,1.939
-2.286,1.623
-2.407,-0.149
-2.442,1.039
-2.682,0.401
-2.715,0.98
-2.839,0.912
-2.759,2.44
-2.934,1.916
-3.087,-0.125
3.099,1.508
-3.134,0.09
2.994,2.363
3.052,-0.143
2.853,-0.344
2.75,2.077
2.84,1.595
2.634,2.009
2.645,0.924
2.486,2.11
2.36,0.301
2.367,1.578
2.418,1.524
2.416,0.098
2.077,1.949
2.164,-0.655
1.983,1.224
2.008,0.745
1.785,2.391
1.427,-1.223
0.742,-1.024
-0.342,-1.128
-0.322,-1.01
-0.917,-1.046
-1.141,-1.127
-1.975,-1.173
-2.727,-1.293
3.108,-1.037
2.573,-1.099
-0.645,2.765
-1.599,3.057
-2.308,3.063
2.538,2.792
1.639,-0.052
1.294,1.168
0.595,-0.053
-0.18,0.571
-0.402,-0.048
-0.751,-0.022
-2.525,-0.077
-3.139,1.186
0.928,0.345
-1.048,1.404
-2.982,0.597
2.986,-0.289
2.881,0.125
2.441,-0.284
2.243,-0.236
2.175,0.532
0.637,0.486
-0.359,2.175
2.519,1.104
1.071,-0.765
0.761,-0.816
0.249,-0.977
-1.126,-1.021
-1.715,-0.863
-2.044,-0.927
-2.201,-1.007
-2.258,-0.934
2.669,-0.996
2.482,-0.997
0.757,-1.218
-1.07,-1.391
-1.526,-1.252
-2.227,-1.448
0.052,-0.816
-0.054,-0.136
-0.061,-1.285
-0.061,-1.216
-0.029,-1.718
-0.047,-1.761
-0.168,0.779
-0.126,0.084
-0.196,-1.189
-0.206,-0.082
-0.268,-0.945
-0.304,0.626
-0.287,0.599
-0.385,0.201
-0.435,0.941
-0.342,-0.687
-0.387,-0.526
-0.463,-1.131
-0.446,-0.937
-0.418,1.973
-0.47,1.308
-0.429,1.722
-0.5,1.2
-0.546,-0.567
-0.483,0.449
-0.632,-0.221
-0.643,-1.197
-0.645,0.74
-0.686,-0.816
-0.624,1.856
-0.882,-0.639
-0.933,-0.531
-0.952,-0.335
-1.049,-1.074
-1.141,0.119
-1.285,0.126
-1.291,-1.005
-1.311,-1.425
-1.283,1.404
-1.273,1.303
-1.305,-1.111
-1.389,1.752
-1.376,-0.646
-1.392,1.511
-1.49,-1.063
-1.423,-0.695
-1.468,-0.581
-1.544,-0.908
-1.606,1.169
-1.645,-0.678
-1.76,-0.332
-1.801,-0.33
-1.766,1.618
-1.824,-0.406
-1.809,0.34
-1.861,0.7
-1.797,1.452
-1.891,0.01
-1.902,-0.029
-1.827,1.648
-1.919,-1.236
-1.87,0.276
-1.894,-1.086
-1.989,0.331
-1.972,1.693
-2.139,-0.885
-2.083,1.228
-2.091,-0.87
-2.192,1.298
-2.185,-0.6
-2.157,1.307
-2.228,-0.915
-2.22,1.177
-2.275,-0.298
-2.302,-0.738
-2.258,1.865
-2.253,1.747
-2.279,0.98
-2.278,-0.134
-2.38,-0.97
-2.317,1.231
-2.446,-0.946
-2.458,0.186
-2.459,-0.947
-2.474,1.086
-2.456,-0.114
-2.539,0.514
-2.506,1.424
-2.506,-0.079
-2.575,1.684
-2.539,-0.361
-2.553,0.111
-2.653,-1.2
-2.661,0.714
-2.62,-0.196
-2.716,0.557
-2.828,0.079
-3.006,0.188
-3.025,-0.056
-2.968,1.608
-2.997,-0.911
-2.996,-0.358
-3.075,1.379
-3.083,0.964
-3.114,1.214
-3.049,-0.114
3.132,-0.602
-3.139,-0.08
-3.12,-0.112
3.076,-0.698
3.051,-1.257
3.076,1.58
2.94,-0.045
2.85,-0.09
2.839,0.91
2.762,0.159
2.746,-1.718
2.75,0.007
2.652,-0.933
2.646,0.104
2.384,-1.74
2.443,-0.802
2.36,0.491
2.358,-0.865
2.381,0.325
2.389,0.607
2.262,-1.64
2.297,0.614
2.233,0.743
2.188,0.034
2.03,1.59
1.934,-0.728
1.871,1.484
1.886,0.311
1.863,1.836
1.915,0.748
1.821,-0.579
1.753,-2.183
1.653,-2.102
1.719,-2.083
1.298,-2.028
1.278,-2.113
0.698,-2.028
-0.17,-2.005
-1.995,-2.176
-2.385,-2.233
-3.033,-2.238
3.107,-2.008
2.94,-2.187
2.634,-2.274
2.515,-2.276
2.462,-2.148
2.07,-2.122
1.952,-2.206
1.438,2.029
0.692,2.116
0.59,2.064
0.371,2.124
-1.248,2.04
-1.88,2.057
-2.197,2.01
-2.197,2.007
-2.285,2.026
-3.015,1.917
2.623,2.029
2.387,1.819
1.266,-0.651
0.612,-0.858
0.349,1.543
-0.219,1.493
-1.823,-1.685
0.304,-2.068
1.715,-0.273
1.726,0.148
1.692,-1.319
1.694,1.853
1.487,0.599
1.534,-0.816
1.339,-0.298
1.436,-0.244
1.29,1.575
1.398,-1.69
1.245,1.838
1.255,2.029
1.224,0.271
1.322,0.615
1.167,1.366
1.146,-1.337
1.112,-1.172
1.052,0.14
1.114,0.879
1.039,1.854
0.976,1.19
0.938,1.897
0.713,-0.056
0.691,1.655
0.659,1.51
0.77,-1.049
0.6,1.534
0.73,0.943
0.545,-1.375
0.634,-0.645
0.575,-1.714
0.484,-0.855
0.435,-0.227
0.415,0.084
0.146,0.962
0.264,-0.767
0.23,0.459
0.204,0.781
0.166,0.96
0.121,1.554
0.11,0.613
-0.022,1.908
0.07,-0.161
-0.282,1.631
-0.306,1.519
-0.217,-0.051
-0.382,-1.223
-0.384,-0.147
-0.469,0.95
-0.35,1.69
-0.515,-0.679
-0.415,-1.031
-0.56,1.562
-0.528,0.532
-0.735,0.447
-0.767,-1.259
-0.802,-1.251
-1.025,-0.896
-1.044,-0.334
-1.216,0.083
-1.234,0.946
-1.284,-1.107
-1.173,0.873
-1.322,-0.394
-1.327,-0.803
-1.354,-0.311
-1.501,0.14
-1.565,-1.054
-1.669,-0.383
-1.716,0.128
-1.742,-0.699
-1.754,-1.088
-1.773,-0.601
-1.897,0.606
-2.094,1.677
-2.118,0.416
-2.166,1.54
-2.057,0.927
-2.2,1.714
-2.244,1.284
-2.351,0.956
-2.227,0.64
-2.348,-1.132
-2.383,0.056
-2.623,-0.582
-2.656,-0.003
-2.78,-0.071
-2.7,1.457
-2.875,0.933
-3.028,-1.108
-3.125,0.525
-3.075,-0.893
3.053,1.38
3.111,-1.126
2.912,-1.327
2.809,1.094
2.899,0.612
2.693,1.026
2.704,-0.059
2.545,1.127
2.419,-0.682
2.426,0.595
2.477,0.541
2.475,-0.885
2.136,0.966
2.223,-1.638
2.042,0.241
2.067,-0.238
1.844,1.408
1.486,-2.206
0.801,-2.007
-0.283,-2.111
-0.263,-1.993
-0.858,-2.029
-1.082,-2.11
-1.916,-2.156
-2.668,-2.276
-3.116,-2.02
2.632,-2.082
-0.586,1.782
-1.54,2.074
-2.249,2.08
2.597,1.809
1.698,-1.035
1.353,0.185
0.654,-1.036
-0.121,-0.412
-0.343,-1.031
-0.692,-1.005
-2.466,-1.06
-3.08,0.203
0.987,-0.638
-0.989,0.421
-2.923,-0.386
3.045,-1.272
2.94,-0.858
2.5,-1.267
2.302,-1.219
2.234,-0.451
0.696,-0.497
-0.3,1.192
2.578,0.121
1.13,-1.748
0.82,-1.799
0.308,-1.96
-1.067,-2.004
-1.656,-1.846
-1.985,-1.91
-2.142,-1.99
-2.199,-1.917
2.728,-1.979
2.541,-1.98
0.816,-2.201
-1.011,-2.374
-1.467,-2.235
-2.168,-2.431
-0.106,0.68
-0.113,-0.469
-0.113,-0.4
-0.081,-0.902
-0.099,-0.945
-0.22,1.595
-0.178,0.9
-0.248,-0.373
-0.258,0.734
-0.32,-0.129
-0.356,1.442
-0.339,1.415
-0.437,1.017
-0.487,1.757
-0.394,0.129
-0.439,0.29
-0.515,-0.315
-0.498,-0.121
-0.47,2.789
-0.522,2.124
-0.481,2.538
-0.552,2.016
-0.598,0.249
-0.535,1.265
-0.684,0.595
-0.695,-0.381
-0.697,1.556
-0.738,0.0
-0.676,2.672
-0.934,0.177
-0.985,0.285
-1.004,0.481
-1.101,-0.258
-1.193,0.935
-1.337,0.942
-1.343,-0.189
-1.363,-0.609
-1.335,2.22
-1.325,2.119
-1.357,-0.295
-1.441,2.568
-1.428,0.17
-1.444,2.327
-1.542,-0.247
-1.475,0.121
-1.52,0.235
-1.596,-0.092
-1.658,1.985
-1.697,0.138
-1.812,0.484
-1.853,0.486
-1.818,2.434
-1.876,0.41
-1.861,1.156
-1.913,1.516
-1.849,2.268
-1.943,0.826
-1.954,0.787
-1.879,2.464
-1.971,-0.42
-1.922,1.092
-1.946,-0.27
-2.041,1.147
-2.024,2.509
-2.191,-0.069
-2.135,2.044
-2.143,-0.054
-2.244,2.114
-2.237,0.216
-2.209,2.123
-2.28,-0.099
-2.272,1.993
-2.327,0.518
-2.354,0.078
-2.31,2.681
-2.305,2.563
-2.331,1.796
-2.33,0.682
-2.432,-0.154
-2.369,2.047
-2.498,-0.13
-2.51,1.002
-2.511,-0.131
-2.526,1.902
-2.508,0.702
-2.591,1.33
-2.558,2.24
-2.558,0.737
-2.627,2.5
-2.591,0.455
-2.605,0.927
-2.705,-0.384
-2.713,1.53
-2.672,0.62
-2.768,1.373
-2.88,0.895
-3.058,1.004
-3.077,0.76
-3.02,2.424
-3.049,-0.095
-3.048,0.458
-3.127,2.195
-3.135,1.78
3.117,2.03
-3.101,0.702
3.08,0.214
3.092,0.736
3.111,0.704
3.024,0.118
2.999,-0.441
3.024,2.396
2.888,0.771
2.798,0.726
2.787,1.726
2.71,0.975
2.694,-0.902
2.698,0.823
2.6,-0.117
2.594,0.92
2.332,-0.924
2.391,0.014
2.308,1.307
2.306,-0.049
2.329,1.141
2.337,1.423
2.21,-0.824
2.245,1.43
2.181,1.559
2.136,0.85
1.978,2.406
1.882,0.088
1.819,2.3
1.834,1.127
1.811,2.652
1.863,1.564
1.769,0.237
1.701,-1.367
1.601,-1.286
1.667,-1.267
1.246,-1.212
1.226,-1.297
0.646,-1.212
-0.222,-1.189
-2.047,-1.36
-2.437,-1.417
-3.085,-1.422
3.055,-1.192
2.888,-1.371
2.582,-1.458
2.463,-1.46
2.41,-1.332
2.018,-1.306
1.9,-1.39
1.386,2.845
0.64,2.932
0.538,2.88
0.319,2.94
-1.3,2.856
-1.932,2.873
-2.249,2.826
-2.249,2.823
-2.337,2.842
-3.067,2.733
2.571,2.845
2.335,2.635
1.214,0.165
0.56,-0.042
0.297,2.359
-0.271,2.309
-1.875,-0.869
0.252,-1.252
1.663,0.543
1.674,0.964
1.64,-0.503
1.642,2.669
1.435,1.415
1.482,0.0
1.287,0.518
1.384,0.572
1.238,2.391
1.346,-0.874
1.193,2.654
1.203,2.845
1.172,1.087
1.27,1.431
1.115,2.182
1.094,-0.521
1.06,-0.356
1.0,0.956
1.062,1.695
0.987,2.67
0.924,2.006
0.886,2.713
0.661,0.76
0.639,2.471
0.607,2.326
0.718,-0.233
0.548,2.35
0.678,1.759
0.493,-0.559
0.582,0.171
0.523,-0.898
0.432,-0.039
0.383,0.589
0.363,0.9
0.094,1.778
0.212,0.049
0.178,1.275
0.152,1.597
0.114,1.776
0.069,2.37
0.058,1.429
-0.074,2.724
0.018,0.655
-0.334,2.447
-0.358,2.335
-0.269,0.765
-0.434,-0.407
-0.436,0.669
-0.521,1.766
-0.402,2.506
-0.567,0.137
-0.467,-0.215
-0.612,2.378
-0.58,1.348
-0.787,1.263
-0.819,-0.443
-0.854,-0.435
-1.077,-0.08
-1.096,0.482
-1.268,0.899
-1.286,1.762
-1.336,-0.291
-1.225,1.689
-1.374,0.422
-1.379,0.013
-1.406,0.505
-1.553,0.956
-1.617,-0.238
-1.721,0.433
-1.768,0.944
-1.794,0.117
-1.806,-0.272
-1.825,0.215
-1.949,1.422
-2.146,2.493
-2.17,1.232
-2.218,2.356
-2.109,1.743
-2.252,2.53
-2.296,2.1
-2.403,1.772
-2.279,1.456
-2.4,-0.316
-2.435,0.872
-2.675,0.234
-2.708,0.813
-2.832,0.745
-2.752,2.273
-2.927,1.749
-3.08,-0.292
3.106,1.341
-3.127,-0.077
3.001,2.196
3.059,-0.31
2.86,-0.511
2.757,1.91
2.847,1.428
2.641,1.842
2.652,0.757
2.493,1.943
2.367,0.134
2.374,1.411
2.425,1.357
2.423,-0.069
2.084,1.782
2.171,-0.822
1.99,1.057
2.015,0.578
1.792,2.224
1.434,-1.39
0.749,-1.191
-0.335,-1.295
-0.315,-1.177
-0.91,-1.213
-1.134,-1.294
-1.968,-1.34
-2.72,-1.46
3.115,-1.204
2.58,-1.266
-0.638,2.598
-1.592,2.89
-2.301,2.896
2.545,2.625
1.646,-0.219
1.301,1.001
0.602,-0.22
-0.173,0.404
-0.395,-0.215
-0.744,-0.189
-2.518,-0.244
-3.132,1.019
0.935,0.178
-1.041,1.237
-2.975,0.43
2.993,-0.456
2.888,-0.042
2.448,-0.451
2.25,-0.403
2.182,0.365
0.644,0.319
-0.352,2.008
2.526,0.937
1.078,-0.932
0.768,-0.983
0.256,-1.144
-1.119,-1.188
-1.708,-1.03
-2.037,-1.094
-2.194,-1.174
-2.251,-1.101
2.676,-1.163
2.489,-1.164
0.764,-1.385
-1.063,-1.558
-1.519,-1.419
-2.22,-1.615
-0.007,-1.149
-0.007,-1.08
0.025,-1.582
0.007,-1.625
-0.114,0.915
-0.072,0.22
-0.142,-1.053
-0.152,0.054
-0.214,-0.809
-0.25,0.762
-0.233,0.735
-0.331,0.337
-0.381,1.077
-0.288,-0.551
-0.333,-0.39
-0.409,-0.995
-0.392,-0.801
-0.364,2.109
-0.416,1.444
-0.375,1.858
-0.446,1.336
-0.492,-0.431
-0.429,0.585
-0.578,-0.085
-0.589,-1.061
-0.591,0.876
-0.632,-0.68
-0.57,1.992
-0.828,-0.503
-0.879,-0.395
-0.898,-0.199
-0.995,-0.938
-1.087,0.255
-1.231,0.262
-1.237,-0.869
-1.257,-1.289
-1.229,1.54
-1.219,1.439
-1.251,-0.975
-1.335,1.888
-1.322,-0.51
-1.338,1.647
-1.436,-0.927
-1.369,-0.559
-1.414,-0.445
-1.49,-0.772
-1.552,1.305
-1.591,-0.542
-1.706,-0.196
-1.747,-0.194
-1.712,1.754
-1.77,-0.27
-1.755,0.476
-1.807,0.836
-1.743,1.588
-1.837,0.146
-1.848,0.107
-1.773,1.784
-1.865,-1.1
-1.816,0.412
-1.84,-0.95
-1.935,0.467
-1.918,1.829
-2.085,-0.749
-2.029,1.364
-2.037,-0.734
-2.138,1.434
-2.131,-0.464
-2.103,1.443
-2.174,-0.779
-2.166,1.313
-2.221,-0.162
-2.248,-0.602
-2.204,2.001
-2.199,1.883
-2.225,1.116
-2.224,0.002
-2.326,-0.834
-2.263,1.367
-2.392,-0.81
-2.404,0.322
-2.405,-0.811
-2.42,1.222
-2.402,0.022
-2.485,0.65
-2.452,1.56
-2.452,0.057
-2.521,1.82
-2.485,-0.225
-2.499,0.247
-2.599,-1.064
-2.607,0.85
-2.566,-0.06
-2.662,0.693
-2.774,0.215
-2.952,0.324
-2.971,0.08
-2.914,1.744
-2.943,-0.775
-2.942,-0.222
-3.021,1.515
-3.029,1.1
-3.06,1.35
-2.995,0.022
-3.097,-0.466
-3.085,0.056
-3.066,0.024
3.13,-0.562
3.105,-1.121
3.13,1.716
2.994,0.091
2.904,0.046
2.893,1.046
2.816,0.295
2.8,-1.582
2.804,0.143
2.706,-0.797
2.7,0.24
2.438,-1.604
2.497,-0.666
2.414,0.627
2.412,-0.729
2.435,0.461
2.443,0.743
2.316,-1.504
2.351,0.75
2.287,0.879
2.242,0.17
2.084,1.726
1.988,-0.592
1.925,1.62
1.94,0.447
1.917,1.972
1.969,0.884
1.875,-0.443
1.807,-2.047
1.707,-1.966
1.773,-1.947
1.352,-1.892
1.332,-1.977
0.752,-1.892
-0.116,-1.869
-1.941,-2.04
-2.331,-2.097
-2.979,-2.102
-3.122,-1.872
2.994,-2.051
2.688,-2.138
2.569,-2.14
2.516,-2.012
2.124,-1.986
2.006,-2.07
1.492,2.165
0.746,2.252
0.644,2.2
0.425,2.26
-1.194,2.176
-1.826,2.193
-2.143,2.146
-2.143,2.143
-2.231,2.162
-2.961,2.053
2.677,2.165
2.441,1.955
1.32,-0.515
0.666,-0.722
0.403,1.679
-0.165,1.629
-1.769,-1.549
0.358,-1.932
1.769,-0.137
1.78,0.284
1.746,-1.183
1.748,1.989
1.541,0.735
1.588,-0.68
1.393,-0.162
1.49,-0.108
1.344,1.711
1.452,-1.554
1.299,1.974
1.309,2.165
1.278,0.407
1.376,0.751
1.221,1.502
1.2,-1.201
1.166,-1.036
1.106,0.276
1.168,1.015
1.093,1.99
1.03,1.326
0.992,2.033
0.767,0.08
0.745,1.791
0.713,1.646
0.824,-0.913
0.654,1.67
0.784,1.079
0.599,-1.239
0.688,-0.509
0.629,-1.578
0.538,-0.719
0.489,-0.091
0.469,0.22
0.2,1.098
0.318,-0.631
0.284,0.595
0.258,0.917
0.22,1.096
0.175,1.69
0.164,0.749
0.032,2.044
0.124,-0.025
-0.228,1.767
-0.252,1.655
-0.163,0.085
-0.328,-1.087
-0.33,-0.011
-0.415,1.086
-0.296,1.826
-0.461,-0.543
-0.361,-0.895
-0.506,1.698
-0.474,0.668
-0.681,0.583
-0.713,-1.123
-0.748,-1.115
-0.971,-0.76
-0.99,-0.198
-1.162,0.219
-1.18,1.082
-1.23,-0.971
-1.119,1.009
-1.268,-0.258
-1.273,-0.667
-1.3,-0.175
-1.447,0.276
-1.511,-0.918
-1.615,-0.247
-1.662,0.264
-1.688,-0.563
-1.7,-0.952
-1.719,-0.465
-1.843,0.742
-2.04,1.813
-2.064,0.552
-2.112,1.676
-2.003,1.063
-2.146,1.85
-2.19,1.42
-2.297,1.092
-2.173,0.776
-2.294,-0.996
-2.329,0.192
-2.569,-0.446
-2.602,0.133
-2.726,0.065
-2.646,1.593
-2.821,1.069
-2.974,-0.972
-3.071,0.661
-3.021,-0.757
3.107,1.516
-3.118,-0.99
2.966,-1.191
2.863,1.23
2.953,0.748
2.747,1.162
2.758,0.077
2.599,1.263
2.473,-0.546
2.48,0.731
2.531,0.677
2.529,-0.749
2.19,1.102
2.277,-1.502
2.096,0.377
2.121,-0.102
1.898,1.544
1.54,-2.07
0.855,-1.871
-0.229,-1.975
-0.209,-1.857
-0.804,-1.893
-1.028,-1.974
-1.862,-2.02
-2.614,-2.14
-3.062,-1.884
2.686,-1.946
-0.532,1.918
-1.486,2.21
-2.195,2.216
2.651,1.945
1.752,-0.899
1.407,0.321
0.708,-0.9
-0.067,-0.276
-0.289,-0.895
-0.638,-0.869
-2.412,-0.924
-3.026,0.339
1.041,-0.502
-0.935,0.557
-2.869,-0.25
3.099,-1.136
2.994,-0.722
2.554,-1.131
2.356,-1.083
2.288,-0.315
0.75,-0.361
-0.246,1.328
2.632,0.257
1.184,-1.612
0.874,-1.663
0.362,-1.824
-1.013,-1.868
-1.602,-1.71
-1.931,-1.774
-2.088,-1.854
-2.145,-1.781
2.782,-1.843
2.595,-1.844
0.87,-2.065
-0.957,-2.238
-1.413,-2.099
-2.114,-2.295
0.0,0.069
0.032,-0.433
0.014,-0.476
-0.107,2.064
-0.065,1.369
-0.135,0.096
-0.145,1.203
-0.207,0.34
-0.243,1.911
-0.226,1.884
-0.324,1.486
-0.374,2.226
-0.281,0.598
-0.326,0.759
-0.402,0.154
-0.385,0.348
-0.357,3.258
-0.409,2.593
-0.368,3.007
-0.439,2.485
-0.485,0.718
-0.422,1.734
-0.571,1.064
-0.582,0.088
-0.584,2.025
-0.625,0.469
-0.563,3.141
-0.821,0.646
-0.872,0.754
-0.891,0.95
-0.988,0.211
-1.08,1.404
-1.224,1.411
-1.23,0.28
-1.25,-0.14
-1.222,2.689
-1.212,2.588
-1.244,0.174
-1.328,3.037
-1.315,0.639
-1.331,2.796
-1.429,0.222
-1.362,0.59
-1.407,0.704
-1.483,0.377
-1.545,2.454
-1.584,0.607
-1.699,0.953
-1.74,0.955
-1.705,2.903
-1.763,0.879
-1.748,1.625
-1.8,1.985
-1.736,2.737
-1.83,1.295
-1.841,1.256
-1.766,2.933
-1.858,0.049
-1.809,1.561
-1.833,0.199
-1.928,1.616
-1.911,2.978
-2.078,0.4
-2.022,2.513
-2.03,0.415
-2.131,2.583
-2.124,0.685
-2.096,2.592
-2.167,0.37
-2.159,2.462
-2.214,0.987
-2.241,0.547
-2.197,3.15
-2.192,3.032
-2.218,2.265
-2.217,1.151
-2.319,0.315
-2.256,2.516
-2.385,0.339
-2.397,1.471
-2.398,0.338
-2.413,2.371
-2.395,1.171
-2.478,1.799
-2.445,2.709
-2.445,1.206
-2.514,2.969
-2.478,0.924
-2.492,1.396
-2.592,0.085
-2.6,1.999
-2.559,1.089
-2.655,1.842
-2.767,1.364
-2.945,1.473
-2.964,1.229
-2.907,2.893
-2.936,0.374
-2.935,0.927
-3.014,2.664
-3.022,2.249
-3.053,2.499
-2.988,1.171
-3.09,0.683
-3.078,1.205
-3.059,1.173
3.137,0.587
3.112,0.028
3.137,2.865
3.001,1.24
2.911,1.195
2.9,2.195
2.823,1.444
2.807,-0.433
2.811,1.292
2.713,0.352
2.707,1.389
2.445,-0.455
2.504,0.483
2.421,1.776
2.419,0.42
2.442,1.61
2.45,1.892
2.323,-0.355
2.358,1.899
2.294,2.028
2.249,1.319
2.091,2.875
1.995,0.557
1.932,2.769
1.947,1.596
1.924,3.121
1.976,2.033
1.882,0.706
1.814,-0.898
1.714,-0.817
1.78,-0.798
1.359,-0.743
1.339,-0.828
0.759,-0.743
-0.109,-0.72
-1.934,-0.891
-2.324,-0.948
-2.972,-0.953
-3.115,-0.723
3.001,-0.902
2.695,-0.989
2.576,-0.991
2.523,-0.863
2.131,-0.837
2.013,-0.921
1.499,3.314
0.753,3.401
0.651,3.349
0.432,3.409
-1.187,3.325
-1.819,3.342
-2.136,3.295
-2.136,3.292
-2.224,3.311
-2.954,3.202
2.684,3.314
2.448,3.104
1.327,0.634
0.673,0.427
0.41,2.828
-0.158,2.778
-1.762,-0.4
0.365,-0.783
1.776,1.012
1.787,1.433
1.753,-0.034
1.755,3.138
1.548,1.884
1.595,0.469
1.4,0.987
1.497,1.041
1.351,2.86
1.459,-0.405
1.306,3.123
1.316,3.314
1.285,1.556
1.383,1.9
1.228,2.651
1.207,-0.052
1.173,0.113
1.113,1.425
1.175,2.164
1.1,3.139
1.037,2.475
0.999,3.182
0.774,1.229
0.752,2.94
0.72,2.795
0.831,0.236
0.661,2.819
0.791,2.228
0.606,-0.09
0.695,0.64
0.636,-0.429
0.545,0.43
0.496,1.058
0.476,1.369
0.207,2.247
0.325,0.518
0.291,1.744
0.265,2.066
0.227,2.245
0.182,2.839
0.171,1.898
0.039,3.193
0.131,1.124
-0.221,2.916
-0.245,2.804
-0.156,1.234
-0.321,0.062
-0.323,1.138
-0.408,2.235
-0.289,2.975
-0.454,0.606
-0.354,0.254
-0.499,2.847
-0.467,1.817
-0.674,1.732
-0.706,0.026
-0.741,0.034
-0.964,0.389
-0.983,0.951
-1.155,1.368
-1.173,2.231
-1.223,0.178
-1.112,2.158
-1.261,0.891
-1.266,0.482
-1.293,0.974
-1.44,1.425
-1.504,0.231
-1.608,0.902
-1.655,1.413
-1.681,0.586
-1.693,0.197
-1.712,0.684
-1.836,1.891
-2.033,2.962
-2.057,1.701
-2.105,2.825
-1.996,2.212
-2.139,2.999
-2.183,2.569
-2.29,2.241
-2.166,1.925
-2.287,0.153
-2.322,1.341
-2.562,0.703
-2.595,1.282
-2.719,1.214
-2.639,2.742
-2.814,2.218
-2.967,0.177
-3.064,1.81
-3.014,0.392
3.114,2.665
-3.111,0.159
2.973,-0.042
2.87,2.379
2.96,1.897
2.754,2.311
2.765,1.226
2.606,2.412
2.48,0.603
2.487,1.88
2.538,1.826
2.536,0.4
2.197,2.251
2.284,-0.353
2.103,1.526
2.128,1.047
1.905,2.693
1.547,-0.921
0.862,-0.722
-0.222,-0.826
-0.202,-0.708
-0.797,-0.744
-1.021,-0.825
-1.855,-0.871
-2.607,-0.991
-3.055,-0.735
2.693,-0.797
-0.525,3.067
-1.479,3.359
-2.188,3.365
2.658,3.094
1.759,0.25
1.414,1.47
0.715,0.249
-0.06,0.873
-0.282,0.254
-0.631,0.28
-2.405,0.225
-3.019,1.488
1.048,0.647
-0.928,1.706
-2.862,0.899
3.106,0.013
3.001,0.427
2.561,0.018
2.363,0.066
2.295,0.834
0.757,0.788
-0.239,2.477
2.639,1.406
1.191,-0.463
0.881,-0.514
0.369,-0.675
-1.006,-0.719
-1.595,-0.561
-1.924,-0.625
-2.081,-0.705
-2.138,-0.632
2.789,-0.694
2.602,-0.695
0.877,-0.916
-0.95,-1.089
-1.406,-0.95
-2.107,-1.146
0.032,-0.502
0.014,-0.545
-0.107,1.995
-0.065,1.3
-0.135,0.027
-0.145,1.134
-0.207,0.271
-0.243,1.842
-0.226,1.815
-0.324,1.417
-0.374,2.157
-0.281,0.529
-0.326,0.69
-0.402,0.085
-0.385,0.279
-0.357,3.189
-0.409,2.524
-0.368,2.938
-0.439,2.416
-0.485,0.649
-0.422,1.665
-0.571,0.995
-0.582,0.019
-0.584,1.956
-0.625,0.4
-0.563,3.072
-0.821,0.577
-0.872,0.685
-0.891,0.881
-0.988,0.142
-1.08,1.335
-1.224,1.342
-1.23,0.211
-1.25,-0.209
-1.222,2.62
-1.212,2.519
-1.244,0.105
-1.328,2.968
-1.315,0.57
-1.331,2.727
-1.429,0.153
-1.362,0.521
-1.407,0.635
-1.483,0.308
-1.545,2.385
-1.584,0.538
-1.699,0.884
-1.74,0.886
-1.705,2.834
-1.763,0.81
-1.748,1.556
-1.8,1.916
-1.736,2.668
-1.83,1.226
-1.841,1.187
-1.766,2.864
-1.858,-0.02
-1.809,1.492
-1.833,0.13
-1.928,1.547
-1.911,2.909
-2.078,0.331
-2.022,2.444
-2.03,0.346
-2.131,2.514
-2.124,0.616
-2.096,2.523
-2.167,0.301
-2.159,2.393
-2.214,0.918
-2.241,0.478
-2.197,3.081
-2.192,2.963
-2.218,2.196
-2.217,1.082
-2.319,0.246
-2.256,2.447
-2.385,0.27
-2.397,1.402
-2.398,0.269
-2.413,2.302
-2.395,1.102
-2.478,1.73
-2.445,2.64
-2.445,1.137
-2.514,2.9
-2.478,0.855
-2.492,1.327
-2.592,0.016
-2.6,1.93
-2.559,1.02
-2.655,1.773
-2.767,1.295
-2.945,1.404
-2.964,1.16
-2.907,2.824
-2.936,0.305
-2.935,0.858
-3.014,2.595
-3.022,2.18
-3.053,2.43
-2.988,1.102
-3.09,0.614
-3.078,1.136
-3.059,1.104
3.137,0.518
3.112,-0.041
3.137,2.796
3.001,1.171
2.911,1.126
2.9,2.126
2.823,1.375
2.807,-0.502
2.811,1.223
2.713,0.283
2.707,1.32
2.445,-0.524
2.504,0.414
2.421,1.707
2.419,0.351
2.442,1.541
2.45,1.823
2.323,-0.424
2.358,1.83
2.294,1.959
2.249,1.25
2.091,2.806
1.995,0.488
1.932,2.7
1.947,1.527
1.924,3.052
1.976,1.964
1.882,0.637
1.814,-0.967
1.714,-0.886
1.78,-0.867
1.359,-0.812
1.339,-0.897
0.759,-0.812
-0.109,-0.789
-1.934,-0.96
-2.324,-1.017
-2.972,-1.022
-3.115,-0.792
3.001,-0.971
2.695,-1.058
2.576,-1.06
2.523,-0.932
2.131,-0.906
2.013,-0.99
1.499,3.245
0.753,3.332
0.651,3.28
0.432,3.34
-1.187,3.256
-1.819,3.273
-2.136,3.226
-2.136,3.223
-2.224,3.242
-2.954,3.133
2.684,3.245
2.448,3.035
1.327,0.565
0.673,0.358
0.41,2.759
-0.158,2.709
-1.762,-0.469
0.365,-0.852
1.776,0.943
1.787,1.364
1.753,-0.103
1.755,3.069
1.548,1.815
1.595,0.4
1.4,0.918
1.497,0.972
1.351,2.791
1.459,-0.474
1.306,3.054
1.316,3.245
1.285,1.487
1.383,1.831
1.228,2.582
1.207,-0.121
1.173,0.044
1.113,1.356
1.175,2.095
1.1,3.07
1.037,2.406
0.999,3.113
0.774,1.16
0.752,2.871
0.72,2.726
0.831,0.167
0.661,2.75
0.791,2.159
0.606,-0.159
0.695,0.571
0.636,-0.498
0.545,0.361
0.496,0.989
0.476,1.3
0.207,2.178
0.325,0.449
0.291,1.675
0.265,1.997
0.227,2.176
0.182,2.77
0.171,1.829
0.039,3.124
0.131,1.055
-0.221,2.847
-0.245,2.735
-0.156,1.165
-0.321,-0.007
-0.323,1.069
-0.408,2.166
-0.289,2.906
-0.454,0.537
-0.354,0.185
-0.499,2.778
-0.467,1.748
-0.674,1.663
-0.706,-0.043
-0.741,-0.035
-0.964,0.32
-0.983,0.882
-1.155,1.299
-1.173,2.162
-1.223,0.109
-1.112,2.089
-1.261,0.822
-1.266,0.413
-1.293,0.905
-1.44,1.356
-1.504,0.162
-1.608,0.833
-1.655,1.344
-1.681,0.517
-1.693,0.128
-1.712,0.615
-1.836,1.822
-2.033,2.893
-2.057,1.632
-2.105,2.756
-1.996,2.143
-2.139,2.93
-2.183,2.5
-2.29,2.172
-2.166,1.856
-2.287,0.084
-2.322,1.272
-2.562,0.634
-2.595,1.213
-2.719,1.145
-2.639,2.673
-2.814,2.149
-2.967,0.108
-3.064,1.741
-3.014,0.323
3.114,2.596
-3.111,0.09
2.973,-0.111
2.87,2.31
2.96,1.828
2.754,2.242
2.765,1.157
2.606,2.343
2.48,0.534
2.487,1.811
2.538,1.757
2.536,0.331
2.197,2.182
2.284,-0.422
2.103,1.457
2.128,0.978
1.905,2.624
1.547,-0.99
0.862,-0.791
-0.222,-0.895
-0.202,-0.777
-0.797,-0.813
-1.021,-0.894
-1.855,-0.94
-2.607,-1.06
-3.055,-0.804
2.693,-0.866
-0.525,2.998
-1.479,3.29
-2.188,3.296
2.658,3.025
1.759,0.181
1.414,1.401
0.715,0.18
-0.06,0.804
-0.282,0.185
-0.631,0.211
-2.405,0.156
-3.019,1.419
1.048,0.578
-0.928,1.637
-2.862,0.83
3.106,-0.056
3.001,0.358
2.561,-0.051
2.363,-0.003
2.295,0.765
0.757,0.719
-0.239,2.408
2.639,1.337
1.191,-0.532
0.881,-0.583
0.369,-0.744
-1.006,-0.788
-1.595,-0.63
-1.924,-0.694
-2.081,-0.774
-2.138,-0.701
2.789,-0.763
2.602,-0.764
0.877,-0.985
-0.95,-1.158
-1.406,-1.019
-2.107,-1.215
-0.018,-0.043
-0.139,2.497
-0.097,1.802
-0.167,0.529
-0.177,1.636
-0.239,0.773
-0.275,2.344
-0.258,2.317
-0.356,1.919
-0.406,2.659
-0.313,1.031
-0.358,1.192
-0.434,0.587
-0.417,0.781
-0.389,3.691
-0.441,3.026
-0.4,3.44
-0.471,2.918
-0.517,1.151
-0.454,2.167
-0.603,1.497
-0.614,0.521
-0.616,2.458
-0.657,0.902
-0.595,3.574
-0.853,1.079
-0.904,1.187
-0.923,1.383
-1.02,0.644
-1.112,1.837
-1.256,1.844
-1.262,0.713
-1.282,0.293
-1.254,3.122
-1.244,3.021
-1.276,0.607
-1.36,3.47
-1.347,1.072
-1.363,3.229
-1.461,0.655
-1.394,1.023
-1.439,1.137
-1.515,0.81
-1.577,2.887
-1.616,1.04
-1.731,1.386
-1.772,1.388
-1.737,3.336
-1.795,1.312
-1.78,2.058
-1.832,2.418
-1.768,3.17
-1.862,1.728
-1.873,1.689
-1.798,3.366
-1.89,0.482
-1.841,1.994
-1.865,0.632
-1.96,2.049
-1.943,3.411
-2.11,0.833
-2.054,2.946
-2.062,0.848
-2.163,3.016
-2.156,1.118
-2.128,3.025
-2.199,0.803
-2.191,2.895
-2.246,1.42
-2.273,0.98
-2.229,3.583
-2.224,3.465
-2.25,2.698
-2.249,1.584
-2.351,0.748
-2.288,2.949
-2.417,0.772
-2.429,1.904
-2.43,0.771
-2.445,2.804
-2.427,1.604
-2.51,2.232
-2.477,3.142
-2.477,1.639
-2.546,3.402
-2.51,1.357
-2.524,1.829
-2.624,0.518
-2.632,2.432
-2.591,1.522
-2.687,2.275
-2.799,1.797
-2.977,1.906
-2.996,1.662
-2.939,3.326
-2.968,0.807
-2.967,1.36
-3.046,3.097
-3.054,2.682
-3.085,2.932
-3.02,1.604
-3.122,1.116
-3.11,1.638
-3.091,1.606
3.105,1.02
3.08,0.461
3.105,3.298
2.969,1.673
2.879,1.628
2.868,2.628
2.791,1.877
2.775,0.0
2.779,1.725
2.681,0.785
2.675,1.822
2.413,-0.022
2.472,0.916
2.389,2.209
2.387,0.853
2.41,2.043
2.418,2.325
2.291,0.078
2.326,2.332
2.262,2.461
2.217,1.752
2.059,3.308
1.963,0.99
1.9,3.202
1.915,2.029
1.892,3.554
1.944,2.466
1.85,1.139
1.782,-0.465
1.682,-0.384
1.748,-0.365
1.327,-0.31
1.307,-0.395
0.727,-0.31
-0.141,-0.287
-1.966,-0.458
-2.356,-0.515
-3.004,-0.52
3.136,-0.29
2.969,-0.469
2.663,-0.556
2.544,-0.558
2.491,-0.43
2.099,-0.404
1.981,-0.488
1.467,3.747
0.721,3.834
0.619,3.782
0.4,3.842
-1.219,3.758
-1.851,3.775
-2.168,3.728
-2.168,3.725
-2.256,3.744
-2.986,3.635
2.652,3.747
2.416,3.537
1.295,1.067
0.641,0.86
0.378,3.261
-0.19,3.211
-1.794,0.033
0.333,-0.35
1.744,1.445
1.755,1.866
1.721,0.399
1.723,3.571
1.516,2.317
1.563,0.902
1.368,1.42
1.465,1.474
1.319,3.293
1.427,0.028
1.274,3.556
1.284,3.747
1.253,1.989
1.351,2.333
1.196,3.084
1.175,0.381
1.141,0.546
1.081,1.858
1.143,2.597
1.068,3.572
1.005,2.908
0.967,3.615
0.742,1.662
0.72,3.373
0.688,3.228
0.799,0.669
0.629,3.252
0.759,2.661
0.574,0.343
0.663,1.073
0.604,0.004
0.513,0.863
0.464,1.491
0.444,1.802
0.175,2.68
0.293,0.951
0.259,2.177
0.233,2.499
0.195,2.678
0.15,3.272
0.139,2.331
0.007,3.626
0.099,1.557
-0.253,3.349
-0.277,3.237
-0.188,1.667
-0.353,0.495
-0.355,1.571
-0.44,2.668
-0.321,3.408
-0.486,1.039
-0.386,0.687
-0.531,3.28
-0.499,2.25
-0.706,2.165
-0.738,0.459
-0.773,0.467
-0.996,0.822
-1.015,1.384
-1.187,1.801
-1.205,2.664
-1.255,0.611
-1.144,2.591
-1.293,1.324
-1.298,0.915
-1.325,1.407
-1.472,1.858
-1.536,0.664
-1.64,1.335
-1.687,1.846
-1.713,1.019
-1.725,0.63
-1.744,1.117
-1.868,2.324
-2.065,3.395
-2.089,2.134
-2.137,3.258
-2.028,2.645
-2.171,3.432
-2.215,3.002
-2.322,2.674
-2.198,2.358
-2.319,0.586
-2.354,1.774
-2.594,1.136
-2.627,1.715
-2.751,1.647
-2.671,3.175
-2.846,2.651
-2.999,0.61
-3.096,2.243
-3.046,0.825
3.082,3.098
3.14,0.592
2.941,0.391
2.838,2.812
2.928,2.33
2.722,2.744
2.733,1.659
2.574,2.845
2.448,1.036
2.455,2.313
2.506,2.259
2.504,0.833
2.165,2.684
2.252,0.08
2.071,1.959
2.096,1.48
1.873,3.126
1.515,-0.488
0.83,-0.289
-0.254,-0.393
-0.234,-0.275
-0.829,-0.311
-1.053,-0.392
-1.887,-0.438
-2.639,-0.558
-3.087,-0.302
2.661,-0.364
-0.557,3.5
-1.511,3.792
-2.22,3.798
2.626,3.527
1.727,0.683
1.382,1.903
0.683,0.682
-0.092,1.306
-0.314,0.687
-0.663,0.713
-2.437,0.658
-3.051,1.921
1.016,1.08
-0.96,2.139
-2.894,1.332
3.074,0.446
2.969,0.86
2.529,0.451
2.331,0.499
2.263,1.267
0.725,1.221
-0.271,2.91
2.607,1.839
1.159,-0.03
0.849,-0.081
0.337,-0.242
-1.038,-0.286
-1.627,-0.128
-1.956,-0.192
-2.113,-0.272
-2.17,-0.199
2.757,-0.261
2.57,-0.262
0.845,-0.483
-0.982,-0.656
-1.438,-0.517
-2.139,-0.713
-0.121,2.54
-0.079,1.845
-0.149,0.572
-0.159,1.679
-0.221,0.816
-0.257,2.387
-0.24,2.36
-0.338,1.962
-0.388,2.702
-0.295,1.074
-0.34,1.235
-0.416,0.63
-0.399,0.824
-0.371,3.734
-0.423,3.069
-0.382,3.483
-0.453,2.961
-0.499,1.194
-0.436,2.21
-0.585,1.54
-0.596,0.564
-0.598,2.501
-0.639,0.945
-0.577,3.617
-0.835,1.122
-0.886,1.23
-0.905,1.426
-1.002,0.687
-1.094,1.88
-1.238,1.887
-1.244,0.756
-1.264,0.336
-1.236,3.165
-1.226,3.064
-1.258,0.65
-1.342,3.513
-1.329,1.115
-1.345,3.272
-1.443,0.698
-1.376,1.066
-1.421,1.18
-1.497,0.853
-1.559,2.93
-1.598,1.083
-1.713,1.429
-1.754,1.431
-1.719,3.379
-1.777,1.355
-1.762,2.101
-1.814,2.461
-1.75,3.213
-1.844,1.771
-1.855,1.732
-1.78,3.409
-1.872,0.525
-1.823,2.037
-1.847,0.675
-1.942,2.092
-1.925,3.454
-2.092,0.876
-2.036,2.989
-2.044,0.891
-2.145,3.059
-2.138,1.161
-2.11,3.068
-2.181,0.846
-2.173,2.938
-2.228,1.463
-2.255,1.023
-2.211,3.626
-2.206,3.508
-2.232,2.741
-2.231,1.627
-2.333,0.791
-2.27,2.992
-2.399,0.815
-2.411,1.947
-2.412,0.814
-2.427,2.847
-2.409,1.647
-2.492,2.275
-2.459,3.185
-2.459,1.682
-2.528,3.445
-2.492,1.4
-2.506,1.872
-2.606,0.561
-2.614,2.475
-2.573,1.565
-2.669,2.318
-2.781,1.84
-2.959,1.949
-2.978,1.705
-2.921,3.369
-2.95,0.85
-2.949,1.403
-3.028,3.14
-3.036,2.725
-3.067,2.975
-3.002,1.647
-3.104,1.159
-3.092,1.681
-3.073,1.649
3.123,1.063
3.098,0.504
3.123,3.341
2.987,1.716
2.897,1.671
2.886,2.671
2.809,1.92
2.793,0.043
2.797,1.768
2.699,0.828
2.693,1.865
2.431,0.021
2.49,0.959
2.407,2.252
2.405,0.896
2.428,2.086
2.436,2.368
2.309,0.121
2.344,2.375
2.28,2.504
2.235,1.795
2.077,3.351
1.981,1.033
1.918,3.245
1.933,2.072
1.91,3.597
1.962,2.509
1.868,1.182
1.8,-0.422
1.7,-0.341
1.766,-0.322
1.345,-0.267
1.325,-0.352
0.745,-0.267
-0.123,-0.244
-1.948,-0.415
-2.338,-0.472
-2.986,-0.477
-3.129,-0.247
2.987,-0.426
2.681,-0.513
2.562,-0.515
2.509,-0.387
2.117,-0.361
1.999,-0.445
1.485,3.79
0.739,3.877
0.637,3.825
0.418,3.885
-1.201,3.801
-1.833,3.818
-2.15,3.771
-2.15,3.768
-2.238,3.787
-2.968,3.678
2.67,3.79
2.434,3.58
1.313,1.11
0.659,0.903
0.396,3.304
-0.172,3.254
-1.776,0.076
0.351,-0.307
1.762,1.488
1.773,1.909
1.739,0.442
1.741,3.614
1.534,2.36
1.581,0.945
1.386,1.463
1.483,1.517
1.337,3.336
1.445,0.071
1.292,3.599
1.302,3.79
1.271,2.032
1.369,2.376
1.214,3.127
1.193,0.424
1.159,0.589
1.099,1.901
1.161,2.64
1.086,3.615
1.023,2.951
0.985,3.658
0.76,1.705
0.738,3.416
0.706,3.271
0.817,0.712
0.647,3.295
0.777,2.704
0.592,0.386
0.681,1.116
0.622,0.047
0.531,0.906
0.482,1.534
0.462,1.845
0.193,2.723
0.311,0.994
0.277,2.22
0.251,2.542
0.213,2.721
0.168,3.315
0.157,2.374
0.025,3.669
0.117,1.6
-0.235,3.392
-0.259,3.28
-0.17,1.71
-0.335,0.538
-0.337,1.614
-0.422,2.711
-0.303,3.451
-0.468,1.082
-0.368,0.73
-0.513,3.323
-0.481,2.293
-0.688,2.208
-0.72,0.502
-0.755,0.51
-0.978,0.865
-0.997,1.427
-1.169,1.844
-1.187,2.707
-1.237,0.654
-1.126,2.634
-1.275,1.367
-1.28,0.958
-1.307,1.45
-1.454,1.901
-1.518,0.707
-1.622,1.378
-1.669,1.889
-1.695,1.062
-1.707,0.673
-1.726,1.16
-1.85,2.367
-2.047,3.438
-2.071,2.177
-2.119,3.301
-2.01,2.688
-2.153,3.475
-2.197,3.045
-2.304,2.717
-2.18,2.401
-2.301,0.629
-2.336,1.817
-2.576,1.179
-2.609,1.758
-2.733,1.69
-2.653,3.218
-2.828,2.694
-2.981,0.653
-3.078,2.286
-3.028,0.868
3.1,3.141
-3.125,0.635
2.959,0.434
2.856,2.855
2.946,2.373
2.74,2.787
2.751,1.702
2.592,2.888
2.466,1.079
2.473,2.356
2.524,2.302
2.522,0.876
2.183,2.727
2.27,0.123
2.089,2.002
2.114,1.523
1.891,3.169
1.533,-0.445
0.848,-0.246
-0.236,-0.35
-0.216,-0.232
-0.811,-0.268
-1.035,-0.349
-1.869,-0.395
-2.621,-0.515
-3.069,-0.259
2.679,-0.321
-0.539,3.543
-1.493,3.835
-2.202,3.841
2.644,3.57
1.745,0.726
1.4,1.946
0.701,0.725
-0.074,1.349
-0.296,0.73
-0.645,0.756
-2.419,0.701
-3.033,1.964
1.034,1.123
-0.942,2.182
-2.876,1.375
3.092,0.489
2.987,0.903
2.547,0.494
2.349,0.542
2.281,1.31
0.743,1.264
-0.253,2.953
2.625,1.882
1.177,0.013
0.867,-0.038
0.355,-0.199
-1.02,-0.243
-1.609,-0.085
-1.938,-0.149
-2.095,-0.229
-2.152,-0.156
2.775,-0.218
2.588,-0.219
0.863,-0.44
-0.964,-0.613
-1.42,-0.474
-2.121,-0.67
0.042,-0.695
-0.028,-1.968
-0.038,-0.861
-0.1,-1.724
-0.136,-0.153
-0.119,-0.18
-0.217,-0.578
-0.267,0.162
-0.174,-1.466
-0.219,-1.305
-0.295,-1.91
-0.278,-1.716
-0.25,1.194
-0.302,0.529
-0.261,0.943
-0.332,0.421
-0.378,-1.346
-0.315,-0.33
-0.464,-1.0
-0.475,-1.976
-0.477,-0.039
-0.518,-1.595
-0.456,1.077
-0.714,-1.418
-0.765,-1.31
-0.784,-1.114
-0.881,-1.853
-0.973,-0.66
-1.117,-0.653
-1.123,-1.784
-1.143,-2.204
-1.115,0.625
-1.105,0.524
-1.137,-1.89
-1.221,0.973
-1.208,-1.425
-1.224,0.732
-1.322,-1.842
-1.255,-1.474
-1.3,-1.36
-1.376,-1.687
-1.438,0.39
-1.477,-1.457
-1.592,-1.111
-1.633,-1.109
-1.598,0.839
-1.656,-1.185
-1.641,-0.439
-1.693,-0.079
-1.629,0.673
-1.723,-0.769
-1.734,-0.808
-1.659,0.869
-1.751,-2.015
-1.702,-0.503
-1.726,-1.865
-1.821,-0.448
-1.804,0.914
-1.971,-1.664
-1.915,0.449
-1.923,-1.649
-2.024,0.519
-2.017,-1.379
-1.989,0.528
-2.06,-1.694
-2.052,0.398
-2.107,-1.077
-2.134,-1.517
-2.09,1.086
-2.085,0.968
-2.111,0.201
-2.11,-0.913
-2.212,-1.749
-2.149,0.452
-2.278,-1.725
-2.29,-0.593
-2.291,-1.726
-2.306,0.307
-2.288,-0.893
-2.371,-0.265
-2.338,0.645
-2.338,-0.858
-2.407,0.905
-2.371,-1.14
-2.385,-0.668
-2.485,-1.979
-2.493,-0.065
-2.452,-0.975
-2.548,-0.222
-2.66,-0.7
-2.838,-0.591
-2.857,-0.835
-2.8,0.829
-2.829,-1.69
-2.828,-1.137
-2.907,0.6
-2.915,0.185
-2.946,0.435
-2.881,-0.893
-2.983,-1.381
-2.971,-0.859
-2.952,-0.891
-3.039,-1.477
-3.064,-2.036
-3.039,0.801
3.108,-0.824
3.018,-0.869
3.007,0.131
2.93,-0.62
2.914,-2.497
2.918,-0.772
2.82,-1.712
2.814,-0.675
2.552,-2.519
2.611,-1.581
2.528,-0.288
2.526,-1.644
2.549,-0.454
2.557,-0.172
2.43,-2.419
2.465,-0.165
2.401,-0.036
2.356,-0.745
2.198,0.811
2.102,-1.507
2.039,0.705
2.054,-0.468
2.031,1.057
2.083,-0.031
1.989,-1.358
1.921,-2.962
1.821,-2.881
1.887,-2.862
1.466,-2.807
1.446,-2.892
0.866,-2.807
-0.002,-2.784
-1.827,-2.955
-2.217,-3.012
-2.865,-3.017
-3.008,-2.787
3.108,-2.966
2.802,-3.053
2.683,-3.055
2.63,-2.927
2.238,-2.901
2.12,-2.985
1.606,1.25
0.86,1.337
0.758,1.285
0.539,1.345
-1.08,1.261
-1.712,1.278
-2.029,1.231
-2.029,1.228
-2.117,1.247
-2.847,1.138
2.791,1.25
2.555,1.04
1.434,-1.43
0.78,-1.637
0.517,0.764
-0.051,0.714
-1.655,-2.464
0.472,-2.847
1.883,-1.052
1.894,-0.631
1.86,-2.098
1.862,1.074
1.655,-0.18
1.702,-1.595
1.507,-1.077
1.604,-1.023
1.458,0.796
1.566,-2.469
1.413,1.059
1.423,1.25
1.392,-0.508
1.49,-0.164
1.335,0.587
1.314,-2.116
1.28,-1.951
1.22,-0.639
1.282,0.1
1.207,1.075
1.144,0.411
1.106,1.118
0.881,-0.835
0.859,0.876
0.827,0.731
0.938,-1.828
0.768,0.755
0.898,0.164
0.713,-2.154
0.802,-1.424
0.743,-2.493
0.652,-1.634
0.603,-1.006
0.583,-0.695
0.314,0.183
0.432,-1.546
0.398,-0.32
0.372,0.002
0.334,0.181
0.289,0.775
0.278,-0.166
0.146,1.129
0.238,-0.94
-0.114,0.852
-0.138,0.74
-0.049,-0.83
-0.214,-2.002
-0.216,-0.926
-0.301,0.171
-0.182,0.911
-0.347,-1.458
-0.247,-1.81
-0.392,0.783
-0.36,-0.247
-0.567,-0.332
-0.599,-2.038
-0.634,-2.03
-0.857,-1.675
-0.876,-1.113
-1.048,-0.696
-1.066,0.167
-1.116,-1.886
-1.005,0.094
-1.154,-1.173
-1.159,-1.582
-1.186,-1.09
-1.333,-0.639
-1.397,-1.833
-1.501,-1.162
-1.548,-0.651
-1.574,-1.478
-1.586,-1.867
-1.605,-1.38
-1.729,-0.173
-1.926,0.898
-1.95,-0.363
-1.998,0.761
-1.889,0.148
-2.032,0.935
-2.076,0.505
-2.183,0.177
-2.059,-0.139
-2.18,-1.911
-2.215,-0.723
-2.455,-1.361
-2.488,-0.782
-2.612,-0.85
-2.532,0.678
-2.707,0.154
-2.86,-1.887
-2.957,-0.254
-2.907,-1.672
-3.062,0.601
-3.004,-1.905
3.08,-2.106
2.977,0.315
3.067,-0.167
2.861,0.247
2.872,-0.838
2.713,0.348
2.587,-1.461
2.594,-0.184
2.645,-0.238
2.643,-1.664
2.304,0.187
2.391,-2.417
2.21,-0.538
2.235,-1.017
2.012,0.629
1.654,-2.985
0.969,-2.786
-0.115,-2.89
-0.095,-2.772
-0.69,-2.808
-0.914,-2.889
-1.748,-2.935
-2.5,-3.055
-2.948,-2.799
2.8,-2.861
-0.418,1.003
-1.372,1.295
-2.081,1.301
2.765,1.03
1.866,-1.814
1.521,-0.594
0.822,-1.815
0.047,-1.191
-0.175,-1.81
-0.524,-1.784
-2.298,-1.839
-2.912,-0.576
1.155,-1.417
-0.821,-0.358
-2.755,-1.165
-3.07,-2.051
3.108,-1.637
2.668,-2.046
2.47,-1.998
2.402,-1.23
0.864,-1.276
-0.132,0.413
2.746,-0.658
1.298,-2.527
0.988,-2.578
0.476,-2.739
-0.899,-2.783
-1.488,-2.625
-1.817,-2.689
-1.974,-2.769
-2.031,-2.696
2.896,-2.758
2.709,-2.759
0.984,-2.98
-0.843,-3.153
-1.299,-3.014
-2.0,-3.21
-0.07,-1.273
-0.08,-0.166
-0.142,-1.029
-0.178,0.542
-0.161,0.515
-0.259,0.117
-0.309,0.857
-0.216,-0.771
-0.261,-0.61
-0.337,-1.215
-0.32,-1.021
-0.292,1.889
-0.344,1.224
-0.303,1.638
-0.374,1.116
-0.42,-0.651
-0.357,0.365
-0.506,-0.305
-0.517,-1.281
-0.519,0.656
-0.56,-0.9
-0.498,1.772
-0.756,-0.723
-0.807,-0.615
-0.826,-0.419
-0.923,-1.158
-1.015,0.035
-1.159,0.042
-1.165,-1.089
-1.185,-1.509
-1.157,1.32
-1.147,1.219
-1.179,-1.195
-1.263,1.668
-1.25,-0.73
-1.266,1.427
-1.364,-1.147
-1.297,-0.779
-1.342,-0.665
-1.418,-0.992
-1.48,1.085
-1.519,-0.762
-1.634,-0.416
-1.675,-0.414
-1.64,1.534
-1.698,-0.49
-1.683,0.256
-1.735,0.616
-1.671,1.368
-1.765,-0.074
-1.776,-0.113
-1.701,1.564
-1.793,-1.32
-1.744,0.192
-1.768,-1.17
-1.863,0.247
-1.846,1.609
-2.013,-0.969
-1.957,1.144
-1.965,-0.954
-2.066,1.214
-2.059,-0.684
-2.031,1.223
-2.102,-0.999
-2.094,1.093
-2.149,-0.382
-2.176,-0.822
-2.132,1.781
-2.127,1.663
-2.153,0.896
-2.152,-0.218
-2.254,-1.054
-2.191,1.147
-2.32,-1.03
-2.332,0.102
-2.333,-1.031
-2.348,1.002
-2.33,-0.198
-2.413,0.43
-2.38,1.34
-2.38,-0.163
-2.449,1.6
-2.413,-0.445
-2.427,0.027
-2.527,-1.284
-2.535,0.63
-2.494,-0.28
-2.59,0.473
-2.702,-0.005
-2.88,0.104
-2.899,-0.14
-2.842,1.524
-2.871,-0.995
-2.87,-0.442
-2.949,1.295
-2.957,0.88
-2.988,1.13
-2.923,-0.198
-3.025,-0.686
-3.013,-0.164
-2.994,-0.196
-3.081,-0.782
-3.106,-1.341
-3.081,1.496
3.066,-0.129
2.976,-0.174
2.965,0.826
2.888,0.075
2.872,-1.802
2.876,-0.077
2.778,-1.017
2.772,0.02
2.51,-1.824
2.569,-0.886
2.486,0.407
2.484,-0.949
2.507,0.241
2.515,0.523
2.388,-1.724
2.423,0.53
2.359,0.659
2.314,-0.05
2.156,1.506
2.06,-0.812
1.997,1.4
2.012,0.227
1.989,1.752
2.041,0.664
1.947,-0.663
1.879,-2.267
1.779,-2.186
1.845,-2.167
1.424,-2.112
1.404,-2.197
0.824,-2.112
-0.044,-2.089
-1.869,-2.26
-2.259,-2.317
-2.907,-2.322
-3.05,-2.092
3.066,-2.271
2.76,-2.358
2.641,-2.36
2.588,-2.232
2.196,-2.206
2.078,-2.29
1.564,1.945
0.818,2.032
0.716,1.98
0.497,2.04
-1.122,1.956
-1.754,1.973
-2.071,1.926
-2.071,1.923
-2.159,1.942
-2.889,1.833
2.749,1.945
2.513,1.735
1.392,-0.735
0.738,-0.942
0.475,1.459
-0.093,1.409
-1.697,-1.769
0.43,-2.152
1.841,-0.357
1.852,0.064
1.818,-1.403
1.82,1.769
1.613,0.515
1.66,-0.9
1.465,-0.382
1.562,-0.328
1.416,1.491
1.524,-1.774
1.371,1.754
1.381,1.945
1.35,0.187
1.448,0.531
1.293,1.282
1.272,-1.421
1.238,-1.256
1.178,0.056
1.24,0.795
1.165,1.77
1.102,1.106
1.064,1.813
0.839,-0.14
0.817,1.571
0.785,1.426
0.896,-1.133
0.726,1.45
0.856,0.859
0.671,-1.459
0.76,-0.729
0.701,-1.798
0.61,-0.939
0.561,-0.311
0.541,0.0
0.272,0.878
0.39,-0.851
0.356,0.375
0.33,0.697
0.292,0.876
0.247,1.47
0.236,0.529
0.104,1.824
0.196,-0.245
-0.156,1.547
-0.18,1.435
-0.091,-0.135
-0.256,-1.307
-0.258,-0.231
-0.343,0.866
-0.224,1.606
-0.389,-0.763
-0.289,-1.115
-0.434,1.478
-0.402,0.448
-0.609,0.363
-0.641,-1.343
-0.676,-1.335
-0.899,-0.98
-0.918,-0.418
-1.09,-0.001
-1.108,0.862
-1.158,-1.191
-1.047,0.789
-1.196,-0.478
-1.201,-0.887
-1.228,-0.395
-1.375,0.056
-1.439,-1.138
-1.543,-0.467
-1.59,0.044
-1.616,-0.783
-1.628,-1.172
-1.647,-0.685
-1.771,0.522
-1.968,1.593
-1.992,0.332
-2.04,1.456
-1.931,0.843
-2.074,1.63
-2.118,1.2
-2.225,0.872
-2.101,0.556
-2.222,-1.216
-2.257,-0.028
-2.497,-0.666
-2.53,-0.087
-2.654,-0.155
-2.574,1.373
-2.749,0.849
-2.902,-1.192
-2.999,0.441
-2.949,-0.977
-3.104,1.296
-3.046,-1.21
3.038,-1.411
2.935,1.01
3.025,0.528
2.819,0.942
2.83,-0.143
2.671,1.043
2.545,-0.766
2.552,0.511
2.603,0.457
2.601,-0.969
2.262,0.882
2.349,-1.722
2.168,0.157
2.193,-0.322
1.97,1.324
1.612,-2.29
0.927,-2.091
-0.157,-2.195
-0.137,-2.077
-0.732,-2.113
-0.956,-2.194
-1.79,-2.24
-2.542,-2.36
-2.99,-2.104
2.758,-2.166
-0.46,1.698
-1.414,1.99
-2.123,1.996
2.723,1.725
1.824,-1.119
1.479,0.101
0.78,-1.12
0.005,-0.496
-0.217,-1.115
-0.566,-1.089
-2.34,-1.144
-2.954,0.119
1.113,-0.722
-0.863,0.337
-2.797,-0.47
-3.112,-1.356
3.066,-0.942
2.626,-1.351
2.428,-1.303
2.36,-0.535
0.822,-0.581
-0.174,1.108
2.704,0.037
1.256,-1.832
0.946,-1.883
0.434,-2.044
-0.941,-2.088
-1.53,-1.93
-1.859,-1.994
-2.016,-2.074
-2.073,-2.001
2.854,-2.063
2.667,-2.064
0.942,-2.285
-0.885,-2.458
-1.341,-2.319
-2.042,-2.515
-0.01,1.107
-0.072,0.244
-0.108,1.815
-0.091,1.788
-0.189,1.39
-0.239,2.13
-0.146,0.502
-0.191,0.663
-0.267,0.058
-0.25,0.252
-0.222,3.162
-0.274,2.497
-0.233,2.911
-0.304,2.389
-0.35,0.622
-0.287,1.638
-0.436,0.968
-0.447,-0.008
-0.449,1.929
-0.49,0.373
-0.428,3.045
-0.686,0.55
-0.737,0.658
-0.756,0.854
-0.853,0.115
-0.945,1.308
-1.089,1.315
-1.095,0.184
-1.115,-0.236
-1.087,2.593
-1.077,2.492
-1.109,0.078
-1.193,2.941
-1.18,0.543
-1.196,2.7
-1.294,0.126
-1.227,0.494
-1.272,0.608
-1.348,0.281
-1.41,2.358
-1.449,0.511
-1.564,0.857
-1.605,0.859
-1.57,2.807
-1.628,0.783
-1.613,1.529
-1.665,1.889
-1.601,2.641
-1.695,1.199
-1.706,1.16
-1.631,2.837
-1.723,-0.047
-1.674,1.465
-1.698,0.103
-1.793,1.52
-1.776,2.882
-1.943,0.304
-1.887,2.417
-1.895,0.319
-1.996,2.487
-1.989,0.589
-1.961,2.496
-2.032,0.274
-2.024,2.366
-2.079,0.891
-2.106,0.451
-2.062,3.054
-2.057,2.936
-2.083,2.169
-2.082,1.055
-2.184,0.219
-2.121,2.42
-2.25,0.243
-2.262,1.375
-2.263,0.242
-2.278,2.275
-2.26,1.075
-2.343,1.703
-2.31,2.613
-2.31,1.11
-2.379,2.873
-2.343,0.828
-2.357,1.3
-2.457,-0.011
-2.465,1.903
-2.424,0.993
-2.52,1.746
-2.632,1.268
-2.81,1.377
-2.829,1.133
-2.772,2.797
-2.801,0.278
-2.8,0.831
-2.879,2.568
-2.887,2.153
-2.918,2.403
-2.853,1.075
-2.955,0.587
-2.943,1.109
-2.924,1.077
-3.011,0.491
-3.036,-0.068
-3.011,2.769
3.136,1.144
3.046,1.099
3.035,2.099
2.958,1.348
2.942,-0.529
2.946,1.196
2.848,0.256
2.842,1.293
2.58,-0.551
2.639,0.387
2.556,1.68
2.554,0.324
2.577,1.514
2.585,1.796
2.458,-0.451
2.493,1.803
2.429,1.932
2.384,1.223
2.226,2.779
2.13,0.461
2.067,2.673
2.082,1.5
2.059,3.025
2.111,1.937
2.017,0.61
1.949,-0.994
1.849,-0.913
1.915,-0.894
1.494,-0.839
1.474,-0.924
0.894,-0.839
0.026,-0.816
-1.799,-0.987
-2.189,-1.044
-2.837,-1.049
-2.98,-0.819
3.136,-0.998
2.83,-1.085
2.711,-1.087
2.658,-0.959
2.266,-0.933
2.148,-1.017
1.634,3.218
0.888,3.305
0.786,3.253
0.567,3.313
-1.052,3.229
-1.684,3.246
-2.001,3.199
-2.001,3.196
-2.089,3.215
-2.819,3.106
2.819,3.218
2.583,3.008
1.462,0.538
0.808,0.331
0.545,2.732
-0.023,2.682
-1.627,-0.496
0.5,-0.879
1.911,0.916
1.922,1.337
1.888,-0.13
1.89,3.042
1.683,1.788
1.73,0.373
1.535,0.891
1.632,0.945
1.486,2.764
1.594,-0.501
1.441,3.027
1.451,3.218
1.42,1.46
1.518,1.804
1.363,2.555
1.342,-0.148
1.308,0.017
1.248,1.329
1.31,2.068
1.235,3.043
1.172,2.379
1.134,3.086
0.909,1.133
0.887,2.844
0.855,2.699
0.966,0.14
0.796,2.723
0.926,2.132
0.741,-0.186
0.83,0.544
0.771,-0.525
0.68,0.334
0.631,0.962
0.611,1.273
0.342,2.151
0.46,0.422
0.426,1.648
0.4,1.97
0.362,2.149
0.317,2.743
0.306,1.802
0.174,3.097
0.266,1.028
-0.086,2.82
-0.11,2.708
-0.021,1.138
-0.186,-0.034
-0.188,1.042
-0.273,2.139
-0.154,2.879
-0.319,0.51
-0.219,0.158
-0.364,2.751
-0.332,1.721
-0.539,1.636
-0.571,-0.07
-0.606,-0.062
-0.829,0.293
-0.848,0.855
-1.02,1.272
-1.038,2.135
-1.088,0.082
-0.977,2.062
-1.126,0.795
-1.131,0.386
-1.158,0.878
-1.305,1.329
-1.369,0.135
-1.473,0.806
-1.52,1.317
-1.546,0.49
-1.558,0.101
-1.577,0.588
-1.701,1.795
-1.898,2.866
-1.922,1.605
-1.97,2.729
-1.861,2.116
-2.004,2.903
-2.048,2.473
-2.155,2.145
-2.031,1.829
-2.152,0.057
-2.187,1.245
-2.427,0.607
-2.46,1.186
-2.584,1.118
-2.504,2.646
-2.679,2.122
-2.832,0.081
-2.929,1.714
-2.879,0.296
-3.034,2.569
-2.976,0.063
3.108,-0.138
3.005,2.283
3.095,1.801
2.889,2.215
2.9,1.13
2.741,2.316
2.615,0.507
2.622,1.784
2.673,1.73
2.671,0.304
2.332,2.155
2.419,-0.449
2.238,1.43
2.263,0.951
2.04,2.597
1.682,-1.017
0.997,-0.818
-0.087,-0.922
-0.067,-0.804
-0.662,-0.84
-0.886,-0.921
-1.72,-0.967
-2.472,-1.087
-2.92,-0.831
2.828,-0.893
-0.39,2.971
-1.344,3.263
-2.053,3.269
2.793,2.998
1.894,0.154
1.549,1.374
0.85,0.153
0.075,0.777
-0.147,0.158
-0.496,0.184
-2.27,0.129
-2.884,1.392
1.183,0.551
-0.793,1.61
-2.727,0.803
-3.042,-0.083
3.136,0.331
2.696,-0.078
2.498,-0.03
2.43,0.738
0.892,0.692
-0.104,2.381
2.774,1.31
1.326,-0.559
1.016,-0.61
0.504,-0.771
-0.871,-0.815
-1.46,-0.657
-1.789,-0.721
-1.946,-0.801
-2.003,-0.728
2.924,-0.79
2.737,-0.791
1.012,-1.012
-0.815,-1.185
-1.271,-1.046
-1.972,-1.242
-0.062,-0.863
-0.098,0.708
-0.081,0.681
-0.179,0.283
-0.229,1.023
-0.136,-0.605
-0.181,-0.444
-0.257,-1.049
-0.24,-0.855
-0.212,2.055
-0.264,1.39
-0.223,1.804
-0.294,1.282
-0.34,-0.485
-0.277,0.531
-0.426,-0.139
-0.437,-1.115
-0.439,0.822
-0.48,-0.734
-0.418,1.938
-0.676,-0.557
-0.727,-0.449
-0.746,-0.253
-0.843,-0.992
-0.935,0.201
-1.079,0.208
-1.085,-0.923
-1.105,-1.343
-1.077,1.486
-1.067,1.385
-1.099,-1.029
-1.183,1.834
-1.17,-0.564
-1.186,1.593
-1.284,-0.981
-1.217,-0.613
-1.262,-0.499
-1.338,-0.826
-1.4,1.251
-1.439,-0.596
-1.554,-0.25
-1.595,-0.248
-1.56,1.7
-1.618,-0.324
-1.603,0.422
-1.655,0.782
-1.591,1.534
-1.685,0.092
-1.696,0.053
-1.621,1.73
-1.713,-1.154
-1.664,0.358
-1.688,-1.004
-1.783,0.413
-1.766,1.775
-1.933,-0.803
-1.877,1.31
-1.885,-0.788
-1.986,1.38
-1.979,-0.518
-1.951,1.389
-2.022,-0.833
-2.014,1.259
-2.069,-0.216
-2.096,-0.656
-2.052,1.947
-2.047,1.829
-2.073,1.062
-2.072,-0.052
-2.174,-0.888
-2.111,1.313
-2.24,-0.864
-2.252,0.268
-2.253,-0.865
-2.268,1.168
-2.25,-0.032
-2.333,0.596
-2.3,1.506
-2.3,0.003
-2.369,1.766
-2.333,-0.279
-2.347,0.193
-2.447,-1.118
-2.455,0.796
-2.414,-0.114
-2.51,0.639
-2.622,0.161
-2.8,0.27
-2.819,0.026
-2.762,1.69
-2.791,-0.829
-2.79,-0.276
-2.869,1.461
-2.877,1.046
-2.908,1.296
-2.843,-0.032
-2.945,-0.52
-2.933,0.002
-2.914,-0.03
-3.001,-0.616
-3.026,-1.175
-3.001,1.662
-3.137,0.037
3.056,-0.008
3.045,0.992
2.968,0.241
2.952,-1.636
2.956,0.089
2.858,-0.851
2.852,0.186
2.59,-1.658
2.649,-0.72
2.566,0.573
2.564,-0.783
2.587,0.407
2.595,0.689
2.468,-1.558
2.503,0.696
2.439,0.825
2.394,0.116
2.236,1.672
2.14,-0.646
2.077,1.566
2.092,0.393
2.069,1.918
2.121,0.83
2.027,-0.497
1.959,-2.101
1.859,-2.02
1.925,-2.001
1.504,-1.946
1.484,-2.031
0.904,-1.946
0.036,-1.923
-1.789,-2.094
-2.179,-2.151
-2.827,-2.156
-2.97,-1.926
-3.137,-2.105
2.84,-2.192
2.721,-2.194
2.668,-2.066
2.276,-2.04
2.158,-2.124
1.644,2.111
0.898,2.198
0.796,2.146
0.577,2.206
-1.042,2.122
-1.674,2.139
-1.991,2.092
-1.991,2.089
-2.079,2.108
-2.809,1.999
2.829,2.111
2.593,1.901
1.472,-0.569
0.818,-0.776
0.555,1.625
-0.013,1.575
-1.617,-1.603
0.51,-1.986
1.921,-0.191
1.932,0.23
1.898,-1.237
1.9,1.935
1.693,0.681
1.74,-0.734
1.545,-0.216
1.642,-0.162
1.496,1.657
1.604,-1.608
1.451,1.92
1.461,2.111
1.43,0.353
1.528,0.697
1.373,1.448
1.352,-1.255
1.318,-1.09
1.258,0.222
1.32,0.961
1.245,1.936
1.182,1.272
1.144,1.979
0.919,0.026
0.897,1.737
0.865,1.592
0.976,-0.967
0.806,1.616
0.936,1.025
0.751,-1.293
0.84,-0.563
0.781,-1.632
0.69,-0.773
0.641,-0.145
0.621,0.166
0.352,1.044
0.47,-0.685
0.436,0.541
0.41,0.863
0.372,1.042
0.327,1.636
0.316,0.695
0.184,1.99
0.276,-0.079
-0.076,1.713
-0.1,1.601
-0.011,0.031
-0.176,-1.141
-0.178,-0.065
-0.263,1.032
-0.144,1.772
-0.309,-0.597
-0.209,-0.949
-0.354,1.644
-0.322,0.614
-0.529,0.529
-0.561,-1.177
-0.596,-1.169
-0.819,-0.814
-0.838,-0.252
-1.01,0.165
-1.028,1.028
-1.078,-1.025
-0.967,0.955
-1.116,-0.312
-1.121,-0.721
-1.148,-0.229
-1.295,0.222
-1.359,-0.972
-1.463,-0.301
-1.51,0.21
-1.536,-0.617
-1.548,-1.006
-1.567,-0.519
-1.691,0.688
-1.888,1.759
-1.912,0.498
-1.96,1.622
-1.851,1.009
-1.994,1.796
-2.038,1.366
-2.145,1.038
-2.021,0.722
-2.142,-1.05
-2.177,0.138
-2.417,-0.5
-2.45,0.079
-2.574,0.011
-2.494,1.539
-2.669,1.015
-2.822,-1.026
-2.919,0.607
-2.869,-0.811
-3.024,1.462
-2.966,-1.044
3.118,-1.245
3.015,1.176
3.105,0.694
2.899,1.108
2.91,0.023
2.751,1.209
2.625,-0.6
2.632,0.677
2.683,0.623
2.681,-0.803
2.342,1.048
2.429,-1.556
2.248,0.323
2.273,-0.156
2.05,1.49
1.692,-2.124
1.007,-1.925
-0.077,-2.029
-0.057,-1.911
-0.652,-1.947
-0.876,-2.028
-1.71,-2.074
-2.462,-2.194
-2.91,-1.938
2.838,-2.0
-0.38,1.864
-1.334,2.156
-2.043,2.162
2.803,1.891
1.904,-0.953
1.559,0.267
0.86,-0.954
0.085,-0.33
-0.137,-0.949
-0.486,-0.923
-2.26,-0.978
-2.874,0.285
1.193,-0.556
-0.783,0.503
-2.717,-0.304
-3.032,-1.19
-3.137,-0.776
2.706,-1.185
2.508,-1.137
2.44,-0.369
0.902,-0.415
-0.094,1.274
2.784,0.203
1.336,-1.666
1.026,-1.717
0.514,-1.878
-0.861,-1.922
-1.45,-1.764
-1.779,-1.828
-1.936,-1.908
-1.993,-1.835
2.934,-1.897
2.747,-1.898
1.022,-2.119
-0.805,-2.292
-1.261,-2.153
-1.962,-2.349
-0.036,1.571
-0.019,1.544
-0.117,1.146
-0.167,1.886
-0.074,0.258
-0.119,0.419
-0.195,-0.186
-0.178,0.008
-0.15,2.918
-0.202,2.253
-0.161,2.667
-0.232,2.145
-0.278,0.378
-0.215,1.394
-0.364,0.724
-0.375,-0.252
-0.377,1.685
-0.418,0.129
-0.356,2.801
-0.614,0.306
-0.665,0.414
-0.684,0.61
-0.781,-0.129
-0.873,1.064
-1.017,1.071
-1.023,-0.06
-1.043,-0.48
-1.015,2.349
-1.005,2.248
-1.037,-0.166
-1.121,2.697
-1.108,0.299
-1.124,2.456
-1.222,-0.118
-1.155,0.25
-1.2,0.364
-1.276,0.037
-1.338,2.114
-1.377,0.267
-1.492,0.613
-1.533,0.615
-1.498,2.563
-1.556,0.539
-1.541,1.285
-1.593,1.645
-1.529,2.397
-1.623,0.955
-1.634,0.916
-1.559,2.593
-1.651,-0.291
-1.602,1.221
-1.626,-0.141
-1.721,1.276
-1.704,2.638
-1.871,0.06
-1.815,2.173
-1.823,0.075
-1.924,2.243
-1.917,0.345
-1.889,2.252
-1.96,0.03
-1.952,2.122
-2.007,0.647
-2.034,0.207
-1.99,2.81
-1.985,2.692
-2.011,1.925
-2.01,0.811
-2.112,-0.025
-2.049,2.176
-2.178,-0.001
-2.19,1.131
-2.191,-0.002
-2.206,2.031
-2.188,0.831
-2.271,1.459
-2.238,2.369
-2.238,0.866
-2.307,2.629
-2.271,0.584
-2.285,1.056
-2.385,-0.255
-2.393,1.659
-2.352,0.749
-2.448,1.502
-2.56,1.024
-2.738,1.133
-2.757,0.889
-2.7,2.553
-2.729,0.034
-2.728,0.587
-2.807,2.324
-2.815,1.909
-2.846,2.159
-2.781,0.831
-2.883,0.343
-2.871,0.865
-2.852,0.833
-2.939,0.247
-2.964,-0.312
-2.939,2.525
-3.075,0.9
3.118,0.855
3.107,1.855
3.03,1.104
3.014,-0.773
3.018,0.952
2.92,0.012
2.914,1.049
2.652,-0.795
2.711,0.143
2.628,1.436
2.626,0.08
2.649,1.27
2.657,1.552
2.53,-0.695
2.565,1.559
2.501,1.688
2.456,0.979
2.298,2.535
2.202,0.217
2.139,2.429
2.154,1.256
2.131,2.781
2.183,1.693
2.089,0.366
2.021,-1.238
1.921,-1.157
1.987,-1.138
1.566,-1.083
1.546,-1.168
0.966,-1.083
0.098,-1.06
-1.727,-1.231
-2.117,-1.288
-2.765,-1.293
-2.908,-1.063
-3.075,-1.242
2.902,-1.329
2.783,-1.331
2.73,-1.203
2.338,-1.177
2.22,-1.261
1.706,2.974
0.96,3.061
0.858,3.009
0.639,3.069
-0.98,2.985
-1.612,3.002
-1.929,2.955
-1.929,2.952
-2.017,2.971
-2.747,2.862
2.891,2.974
2.655,2.764
1.534,0.294
0.88,0.087
0.617,2.488
0.049,2.438
-1.555,-0.74
0.572,-1.123
1.983,0.672
1.994,1.093
1.96,-0.374
1.962,2.798
1.755,1.544
1.802,0.129
1.607,0.647
1.704,0.701
1.558,2.52
1.666,-0.745
1.513,2.783
1.523,2.974
1.492,1.216
1.59,1.56
1.435,2.311
1.414,-0.392
1.38,-0.227
1.32,1.085
1.382,1.824
1.307,2.799
1.244,2.135
1.206,2.842
0.981,0.889
0.959,2.6
0.927,2.455
1.038,-0.104
0.868,2.479
0.998,1.888
0.813,-0.43
0.902,0.3
0.843,-0.769
0.752,0.09
0.703,0.718
0.683,1.029
0.414,1.907
0.532,0.178
0.498,1.404
0.472,1.726
0.434,1.905
0.389,2.499
0.378,1.558
0.246,2.853
0.338,0.784
-0.014,2.576
-0.038,2.464
0.051,0.894
-0.114,-0.278
-0.116,0.798
-0.201,1.895
-0.082,2.635
-0.247,0.266
-0.147,-0.086
-0.292,2.507
-0.26,1.477
-0.467,1.392
-0.499,-0.314
-0.534,-0.306
-0.757,0.049
-0.776,0.611
-0.948,1.028
-0.966,1.891
-1.016,-0.162
-0.905,1.818
-1.054,0.551
-1.059,0.142
-1.086,0.634
-1.233,1.085
-1.297,-0.109
-1.401,0.562
-1.448,1.073
-1.474,0.246
-1.486,-0.143
-1.505,0.344
-1.629,1.551
-1.826,2.622
-1.85,1.361
-1.898,2.485
-1.789,1.872
-1.932,2.659
-1.976,2.229
-2.083,1.901
-1.959,1.585
-2.08,-0.187
-2.115,1.001
-2.355,0.363
-2.388,0.942
-2.512,0.874
-2.432,2.402
-2.607,1.878
-2.76,-0.163
-2.857,1.47
-2.807,0.052
-2.962,2.325
-2.904,-0.181
-3.103,-0.382
3.077,2.039
-3.116,1.557
2.961,1.971
2.972,0.886
2.813,2.072
2.687,0.263
2.694,1.54
2.745,1.486
2.743,0.06
2.404,1.911
2.491,-0.693
2.31,1.186
2.335,0.707
2.112,2.353
1.754,-1.261
1.069,-1.062
-0.015,-1.166
0.005,-1.048
-0.59,-1.084
-0.814,-1.165
-1.648,-1.211
-2.4,-1.331
-2.848,-1.075
2.9,-1.137
-0.318,2.727
-1.272,3.019
-1.981,3.025
2.865,2.754
1.966,-0.09
1.621,1.13
0.922,-0.091
0.147,0.533
-0.075,-0.086
-0.424,-0.06
-2.198,-0.115
-2.812,1.148
1.255,0.307
-0.721,1.366
-2.655,0.559
-2.97,-0.327
-3.075,0.087
2.768,-0.322
2.57,-0.274
2.502,0.494
0.964,0.448
-0.032,2.137
2.846,1.066
1.398,-0.803
1.088,-0.854
0.576,-1.015
-0.799,-1.059
-1.388,-0.901
-1.717,-0.965
-1.874,-1.045
-1.931,-0.972
2.996,-1.034
2.809,-1.035
1.084,-1.256
-0.743,-1.429
-1.199,-1.29
-1.9,-1.486
0.017,-0.027
-0.081,-0.425
-0.131,0.315
-0.038,-1.313
-0.083,-1.152
-0.159,-1.757
-0.142,-1.563
-0.114,1.347
-0.166,0.682
-0.125,1.096
-0.196,0.574
-0.242,-1.193
-0.179,-0.177
-0.328,-0.847
-0.339,-1.823
-0.341,0.114
-0.382,-1.442
-0.32,1.23
-0.578,-1.265
-0.629,-1.157
-0.648,-0.961
-0.745,-1.7
-0.837,-0.507
-0.981,-0.5
-0.987,-1.631
-1.007,-2.051
-0.979,0.778
-0.969,0.677
-1.001,-1.737
-1.085,1.126
-1.072,-1.272
-1.088,0.885
-1.186,-1.689
-1.119,-1.321
-1.164,-1.207
-1.24,-1.534
-1.302,0.543
-1.341,-1.304
-1.456,-0.958
-1.497,-0.956
-1.462,0.992
-1.52,-1.032
-1.505,-0.286
-1.557,0.074
-1.493,0.826
-1.587,-0.616
-1.598,-0.655
-1.523,1.022
-1.615,-1.862
-1.566,-0.35
-1.59,-1.712
-1.685,-0.295
-1.668,1.067
-1.835,-1.511
-1.779,0.602
-1.787,-1.496
-1.888,0.672
-1.881,-1.226
-1.853,0.681
-1.924,-1.541
-1.916,0.551
-1.971,-0.924
-1.998,-1.364
-1.954,1.239
-1.949,1.121
-1.975,0.354
-1.974,-0.76
-2.076,-1.596
-2.013,0.605
-2.142,-1.572
-2.154,-0.44
-2.155,-1.573
-2.17,0.46
-2.152,-0.74
-2.235,-0.112
-2.202,0.798
-2.202,-0.705
-2.271,1.058
-2.235,-0.987
-2.249,-0.515
-2.349,-1.826
-2.357,0.088
-2.316,-0.822
-2.412,-0.069
-2.524,-0.547
-2.702,-0.438
-2.721,-0.682
-2.664,0.982
-2.693,-1.537
-2.692,-0.984
-2.771,0.753
-2.779,0.338
-2.81,0.588
-2.745,-0.74
-2.847,-1.228
-2.835,-0.706
-2.816,-0.738
-2.903,-1.324
-2.928,-1.883
-2.903,0.954
-3.039,-0.671
-3.129,-0.716
-3.14,0.284
3.066,-0.467
3.05,-2.344
3.054,-0.619
2.956,-1.559
2.95,-0.522
2.688,-2.366
2.747,-1.428
2.664,-0.135
2.662,-1.491
2.685,-0.301
2.693,-0.019
2.566,-2.266
2.601,-0.012
2.537,0.117
2.492,-0.592
2.334,0.964
2.238,-1.354
2.175,0.858
2.19,-0.315
2.167,1.21
2.219,0.122
2.125,-1.205
2.057,-2.809
1.957,-2.728
2.023,-2.709
1.602,-2.654
1.582,-2.739
1.002,-2.654
0.134,-2.631
-1.691,-2.802
-2.081,-2.859
-2.729,-2.864
-2.872,-2.634
-3.039,-2.813
2.938,-2.9
2.819,-2.902
2.766,-2.774
2.374,-2.748
2.256,-2.832
1.742,1.403
0.996,1.49
0.894,1.438
0.675,1.498
-0.944,1.414
-1.576,1.431
-1.893,1.384
-1.893,1.381
-1.981,1.4
-2.711,1.291
2.927,1.403
2.691,1.193
1.57,-1.277
0.916,-1.484
0.653,0.917
0.085,0.867
-1.519,-2.311
0.608,-2.694
2.019,-0.899
2.03,-0.478
1.996,-1.945
1.998,1.227
1.791,-0.027
1.838,-1.442
1.643,-0.924
1.74,-0.87
1.594,0.949
1.702,-2.316
1.549,1.212
1.559,1.403
1.528,-0.355
1.626,-0.011
1.471,0.74
1.45,-1.963
1.416,-1.798
1.356,-0.486
1.418,0.253
1.343,1.228
1.28,0.564
1.242,1.271
1.017,-0.682
0.995,1.029
0.963,0.884
1.074,-1.675
0.904,0.908
1.034,0.317
0.849,-2.001
0.938,-1.271
0.879,-2.34
0.788,-1.481
0.739,-0.853
0.719,-0.542
0.45,0.336
0.568,-1.393
0.534,-0.167
0.508,0.155
0.47,0.334
0.425,0.928
0.414,-0.013
0.282,1.282
0.374,-0.787
0.022,1.005
-0.002,0.893
0.087,-0.677
-0.078,-1.849
-0.08,-0.773
-0.165,0.324
-0.046,1.064
-0.211,-1.305
-0.111,-1.657
-0.256,0.936
-0.224,-0.094
-0.431,-0.179
-0.463,-1.885
-0.498,-1.877
-0.721,-1.522
-0.74,-0.96
-0.912,-0.543
-0.93,0.32
-0.98,-1.733
-0.869,0.247
-1.018,-1.02
-1.023,-1.429
-1.05,-0.937
-1.197,-0.486
-1.261,-1.68
-1.365,-1.009
-1.412,-0.498
-1.438,-1.325
-1.45,-1.714
-1.469,-1.227
-1.593,-0.02
-1.79,1.051
-1.814,-0.21
-1.862,0.914
-1.753,0.301
-1.896,1.088
-1.94,0.658
-2.047,0.33
-1.923,0.014
-2.044,-1.758
-2.079,-0.57
-2.319,-1.208
-2.352,-0.629
-2.476,-0.697
-2.396,0.831
-2.571,0.307
-2.724,-1.734
-2.821,-0.101
-2.771,-1.519
-2.926,0.754
-2.868,-1.752
-3.067,-1.953
3.113,0.468
-3.08,-0.014
2.997,0.4
3.008,-0.685
2.849,0.501
2.723,-1.308
2.73,-0.031
2.781,-0.085
2.779,-1.511
2.44,0.34
2.527,-2.264
2.346,-0.385
2.371,-0.864
2.148,0.782
1.79,-2.832
1.105,-2.633
0.021,-2.737
0.041,-2.619
-0.554,-2.655
-0.778,-2.736
-1.612,-2.782
-2.364,-2.902
-2.812,-2.646
2.936,-2.708
-0.282,1.156
-1.236,1.448
-1.945,1.454
2.901,1.183
2.002,-1.661
1.657,-0.441
0.958,-1.662
0.183,-1.038
-0.039,-1.657
-0.388,-1.631
-2.162,-1.686
-2.776,-0.423
1.291,-1.264
-0.685,-0.205
-2.619,-1.012
-2.934,-1.898
-3.039,-1.484
2.804,-1.893
2.606,-1.845
2.538,-1.077
1.0,-1.123
0.004,0.566
2.882,-0.505
1.434,-2.374
1.124,-2.425
0.612,-2.586
-0.763,-2.63
-1.352,-2.472
-1.681,-2.536
-1.838,-2.616
-1.895,-2.543
3.032,-2.605
2.845,-2.606
1.12,-2.827
-0.707,-3.0
-1.163,-2.861
-1.864,-3.057
-0.098,-0.398
-0.148,0.342
-0.055,-1.286
-0.1,-1.125
-0.176,-1.73
-0.159,-1.536
-0.131,1.374
-0.183,0.709
-0.142,1.123
-0.213,0.601
-0.259,-1.166
-0.196,-0.15
-0.345,-0.82
-0.356,-1.796
-0.358,0.141
-0.399,-1.415
-0.337,1.257
-0.595,-1.238
-0.646,-1.13
-0.665,-0.934
-0.762,-1.673
-0.854,-0.48
-0.998,-0.473
-1.004,-1.604
-1.024,-2.024
-0.996,0.805
-0.986,0.704
-1.018,-1.71
-1.102,1.153
-1.089,-1.245
-1.105,0.912
-1.203,-1.662
-1.136,-1.294
-1.181,-1.18
-1.257,-1.507
-1.319,0.57
-1.358,-1.277
-1.473,-0.931
-1.514,-0.929
-1.479,1.019
-1.537,-1.005
-1.522,-0.259
-1.574,0.101
-1.51,0.853
-1.604,-0.589
-1.615,-0.628
-1.54,1.049
-1.632,-1.835
-1.583,-0.323
-1.607,-1.685
-1.702,-0.268
-1.685,1.094
-1.852,-1.484
-1.796,0.629
-1.804,-1.469
-1.905,0.699
-1.898,-1.199
-1.87,0.708
-1.941,-1.514
-1.933,0.578
-1.988,-0.897
-2.015,-1.337
-1.971,1.266
-1.966,1.148
-1.992,0.381
-1.991,-0.733
-2.093,-1.569
-2.03,0.632
-2.159,-1.545
-2.171,-0.413
-2.172,-1.546
-2.187,0.487
-2.169,-0.713
-2.252,-0.085
-2.219,0.825
-2.219,-0.678
-2.288,1.085
-2.252,-0.96
-2.266,-0.488
-2.366,-1.799
-2.374,0.115
-2.333,-0.795
-2.429,-0.042
-2.541,-0.52
-2.719,-0.411
-2.738,-0.655
-2.681,1.009
-2.71,-1.51
-2.709,-0.957
-2.788,0.78
-2.796,0.365
-2.827,0.615
-2.762,-0.713
-2.864,-1.201
-2.852,-0.679
-2.833,-0.711
-2.92,-1.297
-2.945,-1.856
-2.92,0.981
-3.056,-0.644
3.137,-0.689
3.126,0.311
3.049,-0.44
3.033,-2.317
3.037,-0.592
2.939,-1.532
2.933,-0.495
2.671,-2.339
2.73,-1.401
2.647,-0.108
2.645,-1.464
2.668,-0.274
2.676,0.008
2.549,-2.239
2.584,0.015
2.52,0.144
2.475,-0.565
2.317,0.991
2.221,-1.327
2.158,0.885
2.173,-0.288
2.15,1.237
2.202,0.149
2.108,-1.178
2.04,-2.782
1.94,-2.701
2.006,-2.682
1.585,-2.627
1.565,-2.712
0.985,-2.627
0.117,-2.604
-1.708,-2.775
-2.098,-2.832
-2.746,-2.837
-2.889,-2.607
-3.056,-2.786
2.921,-2.873
2.802,-2.875
2.749,-2.747
2.357,-2.721
2.239,-2.805
1.725,1.43
0.979,1.517
0.877,1.465
0.658,1.525
-0.961,1.441
-1.593,1.458
-1.91,1.411
-1.91,1.408
-1.998,1.427
-2.728,1.318
2.91,1.43
2.674,1.22
1.553,-1.25
0.899,-1.457
0.636,0.944
0.068,0.894
-1.536,-2.284
0.591,-2.667
2.002,-0.872
2.013,-0.451
1.979,-1.918
1.981,1.254
1.774,0.0
1.821,-1.415
1.626,-0.897
1.723,-0.843
1.577,0.976
1.685,-2.289
1.532,1.239
1.542,1.43
1.511,-0.328
1.609,0.016
1.454,0.767
1.433,-1.936
1.399,-1.771
1.339,-0.459
1.401,0.28
1.326,1.255
1.263,0.591
1.225,1.298
1.0,-0.655
0.978,1.056
0.946,0.911
1.057,-1.648
0.887,0.935
1.017,0.344
0.832,-1.974
0.921,-1.244
0.862,-2.313
0.771,-1.454
0.722,-0.826
0.702,-0.515
0.433,0.363
0.551,-1.366
0.517,-0.14
0.491,0.182
0.453,0.361
0.408,0.955
0.397,0.014
0.265,1.309
0.357,-0.76
0.005,1.032
-0.019,0.92
0.07,-0.65
-0.095,-1.822
-0.097,-0.746
-0.182,0.351
-0.063,1.091
-0.228,-1.278
-0.128,-1.63
-0.273,0.963
-0.241,-0.067
-0.448,-0.152
-0.48,-1.858
-0.515,-1.85
-0.738,-1.495
-0.757,-0.933
-0.929,-0.516
-0.947,0.347
-0.997,-1.706
-0.886,0.274
-1.035,-0.993
-1.04,-1.402
-1.067,-0.91
-1.214,-0.459
-1.278,-1.653
-1.382,-0.982
-1.429,-0.471
-1.455,-1.298
-1.467,-1.687
-1.486,-1.2
-1.61,0.007
-1.807,1.078
-1.831,-0.183
-1.879,0.941
-1.77,0.328
-1.913,1.115
-1.957,0.685
-2.064,0.357
-1.94,0.041
-2.061,-1.731
-2.096,-0.543
-2.336,-1.181
-2.369,-0.602
-2.493,-0.67
-2.413,0.858
-2.588,0.334
-2.741,-1.707
-2.838,-0.074
-2.788,-1.492
-2.943,0.781
-2.885,-1.725
-3.084,-1.926
3.096,0.495
-3.097,0.013
2.98,0.427
2.991,-0.658
2.832,0.528
2.706,-1.281
2.713,-0.004
2.764,-0.058
2.762,-1.484
2.423,0.367
2.51,-2.237
2.329,-0.358
2.354,-0.837
2.131,0.809
1.773,-2.805
1.088,-2.606
0.004,-2.71
0.024,-2.592
-0.571,-2.628
-0.795,-2.709
-1.629,-2.755
-2.381,-2.875
-2.829,-2.619
2.919,-2.681
-0.299,1.183
-1.253,1.475
-1.962,1.481
2.884,1.21
1.985,-1.634
1.64,-0.414
0.941,-1.635
0.166,-1.011
-0.056,-1.63
-0.405,-1.604
-2.179,-1.659
-2.793,-0.396
1.274,-1.237
-0.702,-0.178
-2.636,-0.985
-2.951,-1.871
-3.056,-1.457
2.787,-1.866
2.589,-1.818
2.521,-1.05
0.983,-1.096
-0.013,0.593
2.865,-0.478
1.417,-2.347
1.107,-2.398
0.595,-2.559
-0.78,-2.603
-1.369,-2.445
-1.698,-2.509
-1.855,-2.589
-1.912,-2.516
3.015,-2.578
2.828,-2.579
1.103,-2.8
-0.724,-2.973
-1.18,-2.834
-1.881,-3.03
-0.05,0.74
0.043,-0.888
-0.002,-0.727
-0.078,-1.332
-0.061,-1.138
-0.033,1.772
-0.085,1.107
-0.044,1.521
-0.115,0.999
-0.161,-0.768
-0.098,0.248
-0.247,-0.422
-0.258,-1.398
-0.26,0.539
-0.301,-1.017
-0.239,1.655
-0.497,-0.84
-0.548,-0.732
-0.567,-0.536
-0.664,-1.275
-0.756,-0.082
-0.9,-0.075
-0.906,-1.206
-0.926,-1.626
-0.898,1.203
-0.888,1.102
-0.92,-1.312
-1.004,1.551
-0.991,-0.847
-1.007,1.31
-1.105,-1.264
-1.038,-0.896
-1.083,-0.782
-1.159,-1.109
-1.221,0.968
-1.26,-0.879
-1.375,-0.533
-1.416,-0.531
-1.381,1.417
-1.439,-0.607
-1.424,0.139
-1.476,0.499
-1.412,1.251
-1.506,-0.191
-1.517,-0.23
-1.442,1.447
-1.534,-1.437
-1.485,0.075
-1.509,-1.287
-1.604,0.13
-1.587,1.492
-1.754,-1.086
-1.698,1.027
-1.706,-1.071
-1.807,1.097
-1.8,-0.801
-1.772,1.106
-1.843,-1.116
-1.835,0.976
-1.89,-0.499
-1.917,-0.939
-1.873,1.664
-1.868,1.546
-1.894,0.779
-1.893,-0.335
-1.995,-1.171
-1.932,1.03
-2.061,-1.147
-2.073,-0.015
-2.074,-1.148
-2.089,0.885
-2.071,-0.315
-2.154,0.313
-2.121,1.223
-2.121,-0.28
-2.19,1.483
-2.154,-0.562
-2.168,-0.09
-2.268,-1.401
-2.276,0.513
-2.235,-0.397
-2.331,0.356
-2.443,-0.122
-2.621,-0.013
-2.64,-0.257
-2.583,1.407
-2.612,-1.112
-2.611,-0.559
-2.69,1.178
-2.698,0.763
-2.729,1.013
-2.664,-0.315
-2.766,-0.803
-2.754,-0.281
-2.735,-0.313
-2.822,-0.899
-2.847,-1.458
-2.822,1.379
-2.958,-0.246
-3.048,-0.291
-3.059,0.709
-3.136,-0.042
3.131,-1.919
3.135,-0.194
3.037,-1.134
3.031,-0.097
2.769,-1.941
2.828,-1.003
2.745,0.29
2.743,-1.066
2.766,0.124
2.774,0.406
2.647,-1.841
2.682,0.413
2.618,0.542
2.573,-0.167
2.415,1.389
2.319,-0.929
2.256,1.283
2.271,0.11
2.248,1.635
2.3,0.547
2.206,-0.78
2.138,-2.384
2.038,-2.303
2.104,-2.284
1.683,-2.229
1.663,-2.314
1.083,-2.229
0.215,-2.206
-1.61,-2.377
-2.0,-2.434
-2.648,-2.439
-2.791,-2.209
-2.958,-2.388
3.019,-2.475
2.9,-2.477
2.847,-2.349
2.455,-2.323
2.337,-2.407
1.823,1.828
1.077,1.915
0.975,1.863
0.756,1.923
-0.863,1.839
-1.495,1.856
-1.812,1.809
-1.812,1.806
-1.9,1.825
-2.63,1.716
3.008,1.828
2.772,1.618
1.651,-0.852
0.997,-1.059
0.734,1.342
0.166,1.292
-1.438,-1.886
0.689,-2.269
2.1,-0.474
2.111,-0.053
2.077,-1.52
2.079,1.652
1.872,0.398
1.919,-1.017
1.724,-0.499
1.821,-0.445
1.675,1.374
1.783,-1.891
1.63,1.637
1.64,1.828
1.609,0.07
1.707,0.414
1.552,1.165
1.531,-1.538
1.497,-1.373
1.437,-0.061
1.499,0.678
1.424,1.653
1.361,0.989
1.323,1.696
1.098,-0.257
1.076,1.454
1.044,1.309
1.155,-1.25
0.985,1.333
1.115,0.742
0.93,-1.576
1.019,-0.846
0.96,-1.915
0.869,-1.056
0.82,-0.428
0.8,-0.117
0.531,0.761
0.649,-0.968
0.615,0.258
0.589,0.58
0.551,0.759
0.506,1.353
0.495,0.412
0.363,1.707
0.455,-0.362
0.103,1.43
0.079,1.318
0.168,-0.252
0.003,-1.424
0.001,-0.348
-0.084,0.749
0.035,1.489
-0.13,-0.88
-0.03,-1.232
-0.175,1.361
-0.143,0.331
-0.35,0.246
-0.382,-1.46
-0.417,-1.452
-0.64,-1.097
-0.659,-0.535
-0.831,-0.118
-0.849,0.745
-0.899,-1.308
-0.788,0.672
-0.937,-0.595
-0.942,-1.004
-0.969,-0.512
-1.116,-0.061
-1.18,-1.255
-1.284,-0.584
-1.331,-0.073
-1.357,-0.9
-1.369,-1.289
-1.388,-0.802
-1.512,0.405
-1.709,1.476
-1.733,0.215
-1.781,1.339
-1.672,0.726
-1.815,1.513
-1.859,1.083
-1.966,0.755
-1.842,0.439
-1.963,-1.333
-1.998,-0.145
-2.238,-0.783
-2.271,-0.204
-2.395,-0.272
-2.315,1.256
-2.49,0.732
-2.643,-1.309
-2.74,0.324
-2.69,-1.094
-2.845,1.179
-2.787,-1.327
-2.986,-1.528
-3.089,0.893
-2.999,0.411
3.078,0.825
3.089,-0.26
2.93,0.926
2.804,-0.883
2.811,0.394
2.862,0.34
2.86,-1.086
2.521,0.765
2.608,-1.839
2.427,0.04
2.452,-0.439
2.229,1.207
1.871,-2.407
1.186,-2.208
0.102,-2.312
0.122,-2.194
-0.473,-2.23
-0.697,-2.311
-1.531,-2.357
-2.283,-2.477
-2.731,-2.221
3.017,-2.283
-0.201,1.581
-1.155,1.873
-1.864,1.879
2.982,1.608
2.083,-1.236
1.738,-0.016
1.039,-1.237
0.264,-0.613
0.042,-1.232
-0.307,-1.206
-2.081,-1.261
-2.695,0.002
1.372,-0.839
-0.604,0.22
-2.538,-0.587
-2.853,-1.473
-2.958,-1.059
2.885,-1.468
2.687,-1.42
2.619,-0.652
1.081,-0.698
0.085,0.991
2.963,-0.08
1.515,-1.949
1.205,-2.0
0.693,-2.161
-0.682,-2.205
-1.271,-2.047
-1.6,-2.111
-1.757,-2.191
-1.814,-2.118
3.113,-2.18
2.926,-2.181
1.201,-2.402
-0.626,-2.575
-1.082,-2.436
-1.783,-2.632
0.093,-1.628
0.048,-1.467
-0.028,-2.072
-0.011,-1.878
0.017,1.032
-0.035,0.367
0.006,0.781
-0.065,0.259
-0.111,-1.508
-0.048,-0.492
-0.197,-1.162
-0.208,-2.138
-0.21,-0.201
-0.251,-1.757
-0.189,0.915
-0.447,-1.58
-0.498,-1.472
-0.517,-1.276
-0.614,-2.015
-0.706,-0.822
-0.85,-0.815
-0.856,-1.946
-0.876,-2.366
-0.848,0.463
-0.838,0.362
-0.87,-2.052
-0.954,0.811
-0.941,-1.587
-0.957,0.57
-1.055,-2.004
-0.988,-1.636
-1.033,-1.522
-1.109,-1.849
-1.171,0.228
-1.21,-1.619
-1.325,-1.273
-1.366,-1.271
-1.331,0.677
-1.389,-1.347
-1.374,-0.601
-1.426,-0.241
-1.362,0.511
-1.456,-0.931
-1.467,-0.97
-1.392,0.707
-1.484,-2.177
-1.435,-0.665
-1.459,-2.027
-1.554,-0.61
-1.537,0.752
-1.704,-1.826
-1.648,0.287
-1.656,-1.811
-1.757,0.357
-1.75,-1.541
-1.722,0.366
-1.793,-1.856
-1.785,0.236
-1.84,-1.239
-1.867,-1.679
-1.823,0.924
-1.818,0.806
-1.844,0.039
-1.843,-1.075
-1.945,-1.911
-1.882,0.29
-2.011,-1.887
-2.023,-0.755
-2.024,-1.888
-2.039,0.145
-2.021,-1.055
-2.104,-0.427
-2.071,0.483
-2.071,-1.02
-2.14,0.743
-2.104,-1.302
-2.118,-0.83
-2.218,-2.141
-2.226,-0.227
-2.185,-1.137
-2.281,-0.384
-2.393,-0.862
-2.571,-0.753
-2.59,-0.997
-2.533,0.667
-2.562,-1.852
-2.561,-1.299
-2.64,0.438
-2.648,0.023
-2.679,0.273
-2.614,-1.055
-2.716,-1.543
-2.704,-1.021
-2.685,-1.053
-2.772,-1.639
-2.797,-2.198
-2.772,0.639
-2.908,-0.986
-2.998,-1.031
-3.009,-0.031
-3.086,-0.782
-3.102,-2.659
-3.098,-0.934
3.087,-1.874
3.081,-0.837
2.819,-2.681
2.878,-1.743
2.795,-0.45
2.793,-1.806
2.816,-0.616
2.824,-0.334
2.697,-2.581
2.732,-0.327
2.668,-0.198
2.623,-0.907
2.465,0.649
2.369,-1.669
2.306,0.543
2.321,-0.63
2.298,0.895
2.35,-0.193
2.256,-1.52
2.188,-3.124
2.088,-3.043
2.154,-3.024
1.733,-2.969
1.713,-3.054
1.133,-2.969
0.265,-2.946
-1.56,-3.117
-1.95,-3.174
-2.598,-3.179
-2.741,-2.949
-2.908,-3.128
3.069,-3.215
2.95,-3.217
2.897,-3.089
2.505,-3.063
2.387,-3.147
1.873,1.088
1.127,1.175
1.025,1.123
0.806,1.183
-0.813,1.099
-1.445,1.116
-1.762,1.069
-1.762,1.066
-1.85,1.085
-2.58,0.976
3.058,1.088
2.822,0.878
1.701,-1.592
1.047,-1.799
0.784,0.602
0.216,0.552
-1.388,-2.626
0.739,-3.009
2.15,-1.214
2.161,-0.793
2.127,-2.26
2.129,0.912
1.922,-0.342
1.969,-1.757
1.774,-1.239
1.871,-1.185
1.725,0.634
1.833,-2.631
1.68,0.897
1.69,1.088
1.659,-0.67
1.757,-0.326
1.602,0.425
1.581,-2.278
1.547,-2.113
1.487,-0.801
1.549,-0.062
1.474,0.913
1.411,0.249
1.373,0.956
1.148,-0.997
1.126,0.714
1.094,0.569
1.205,-1.99
1.035,0.593
1.165,0.002
0.98,-2.316
1.069,-1.586
1.01,-2.655
0.919,-1.796
0.87,-1.168
0.85,-0.857
0.581,0.021
0.699,-1.708
0.665,-0.482
0.639,-0.16
0.601,0.019
0.556,0.613
0.545,-0.328
0.413,0.967
0.505,-1.102
0.153,0.69
0.129,0.578
0.218,-0.992
0.053,-2.164
0.051,-1.088
-0.034,0.009
0.085,0.749
-0.08,-1.62
0.02,-1.972
-0.125,0.621
-0.093,-0.409
-0.3,-0.494
-0.332,-2.2
-0.367,-2.192
-0.59,-1.837
-0.609,-1.275
-0.781,-0.858
-0.799,0.005
-0.849,-2.048
-0.738,-0.068
-0.887,-1.335
-0.892,-1.744
-0.919,-1.252
-1.066,-0.801
-1.13,-1.995
-1.234,-1.324
-1.281,-0.813
-1.307,-1.64
-1.319,-2.029
-1.338,-1.542
-1.462,-0.335
-1.659,0.736
-1.683,-0.525
-1.731,0.599
-1.622,-0.014
-1.765,0.773
-1.809,0.343
-1.916,0.015
-1.792,-0.301
-1.913,-2.073
-1.948,-0.885
-2.188,-1.523
-2.221,-0.944
-2.345,-1.012
-2.265,0.516
-2.44,-0.008
-2.593,-2.049
-2.69,-0.416
-2.64,-1.834
-2.795,0.439
-2.737,-2.067
-2.936,-2.268
-3.039,0.153
-2.949,-0.329
3.128,0.085
3.139,-1.0
2.98,0.186
2.854,-1.623
2.861,-0.346
2.912,-0.4
2.91,-1.826
2.571,0.025
2.658,-2.579
2.477,-0.7
2.502,-1.179
2.279,0.467
1.921,-3.147
1.236,-2.948
0.152,-3.052
0.172,-2.934
-0.423,-2.97
-0.647,-3.051
-1.481,-3.097
-2.233,-3.217
-2.681,-2.961
3.067,-3.023
-0.151,0.841
-1.105,1.133
-1.814,1.139
3.032,0.868
2.133,-1.976
1.788,-0.756
1.089,-1.977
0.314,-1.353
0.092,-1.972
-0.257,-1.946
-2.031,-2.001
-2.645,-0.738
1.422,-1.579
-0.554,-0.52
-2.488,-1.327
-2.803,-2.213
-2.908,-1.799
2.935,-2.208
2.737,-2.16
2.669,-1.392
1.131,-1.438
0.135,0.251
3.013,-0.82
1.565,-2.689
1.255,-2.74
0.743,-2.901
-0.632,-2.945
-1.221,-2.787
-1.55,-2.851
-1.707,-2.931
-1.764,-2.858
-3.12,-2.92
2.976,-2.921
1.251,-3.142
-0.576,-3.315
-1.032,-3.176
-1.733,-3.372
-0.045,0.161
-0.121,-0.444
-0.104,-0.25
-0.076,2.66
-0.128,1.995
-0.087,2.409
-0.158,1.887
-0.204,0.12
-0.141,1.136
-0.29,0.466
-0.301,-0.51
-0.303,1.427
-0.344,-0.129
-0.282,2.543
-0.54,0.048
-0.591,0.156
-0.61,0.352
-0.707,-0.387
-0.799,0.806
-0.943,0.813
-0.949,-0.318
-0.969,-0.738
-0.941,2.091
-0.931,1.99
-0.963,-0.424
-1.047,2.439
-1.034,0.041
-1.05,2.198
-1.148,-0.376
-1.081,-0.008
-1.126,0.106
-1.202,-0.221
-1.264,1.856
-1.303,0.009
-1.418,0.355
-1.459,0.357
-1.424,2.305
-1.482,0.281
-1.467,1.027
-1.519,1.387
-1.455,2.139
-1.549,0.697
-1.56,0.658
-1.485,2.335
-1.577,-0.549
-1.528,0.963
-1.552,-0.399
-1.647,1.018
-1.63,2.38
-1.797,-0.198
-1.741,1.915
-1.749,-0.183
-1.85,1.985
-1.843,0.087
-1.815,1.994
-1.886,-0.228
-1.878,1.864
-1.933,0.389
-1.96,-0.051
-1.916,2.552
-1.911,2.434
-1.937,1.667
-1.936,0.553
-2.038,-0.283
-1.975,1.918
-2.104,-0.259
-2.116,0.873
-2.117,-0.26
-2.132,1.773
-2.114,0.573
-2.197,1.201
-2.164,2.111
-2.164,0.608
-2.233,2.371
-2.197,0.326
-2.211,0.798
-2.311,-0.513
-2.319,1.401
-2.278,0.491
-2.374,1.244
-2.486,0.766
-2.664,0.875
-2.683,0.631
-2.626,2.295
-2.655,-0.224
-2.654,0.329
-2.733,2.066
-2.741,1.651
-2.772,1.901
-2.707,0.573
-2.809,0.085
-2.797,0.607
-2.778,0.575
-2.865,-0.011
-2.89,-0.57
-2.865,2.267
-3.001,0.642
-3.091,0.597
-3.102,1.597
3.104,0.846
3.088,-1.031
3.092,0.694
2.994,-0.246
2.988,0.791
2.726,-1.053
2.785,-0.115
2.702,1.178
2.7,-0.178
2.723,1.012
2.731,1.294
2.604,-0.953
2.639,1.301
2.575,1.43
2.53,0.721
2.372,2.277
2.276,-0.041
2.213,2.171
2.228,0.998
2.205,2.523
2.257,1.435
2.163,0.108
2.095,-1.496
1.995,-1.415
2.061,-1.396
1.64,-1.341
1.62,-1.426
1.04,-1.341
0.172,-1.318
-1.653,-1.489
-2.043,-1.546
-2.691,-1.551
-2.834,-1.321
-3.001,-1.5
2.976,-1.587
2.857,-1.589
2.804,-1.461
2.412,-1.435
2.294,-1.519
1.78,2.716
1.034,2.803
0.932,2.751
0.713,2.811
-0.906,2.727
-1.538,2.744
-1.855,2.697
-1.855,2.694
-1.943,2.713
-2.673,2.604
2.965,2.716
2.729,2.506
1.608,0.036
0.954,-0.171
0.691,2.23
0.123,2.18
-1.481,-0.998
0.646,-1.381
2.057,0.414
2.068,0.835
2.034,-0.632
2.036,2.54
1.829,1.286
1.876,-0.129
1.681,0.389
1.778,0.443
1.632,2.262
1.74,-1.003
1.587,2.525
1.597,2.716
1.566,0.958
1.664,1.302
1.509,2.053
1.488,-0.65
1.454,-0.485
1.394,0.827
1.456,1.566
1.381,2.541
1.318,1.877
1.28,2.584
1.055,0.631
1.033,2.342
1.001,2.197
1.112,-0.362
0.942,2.221
1.072,1.63
0.887,-0.688
0.976,0.042
0.917,-1.027
0.826,-0.168
0.777,0.46
0.757,0.771
0.488,1.649
0.606,-0.08
0.572,1.146
0.546,1.468
0.508,1.647
0.463,2.241
0.452,1.3
0.32,2.595
0.412,0.526
0.06,2.318
0.036,2.206
0.125,0.636
-0.04,-0.536
-0.042,0.54
-0.127,1.637
-0.008,2.377
-0.173,0.008
-0.073,-0.344
-0.218,2.249
-0.186,1.219
-0.393,1.134
-0.425,-0.572
-0.46,-0.564
-0.683,-0.209
-0.702,0.353
-0.874,0.77
-0.892,1.633
-0.942,-0.42
-0.831,1.56
-0.98,0.293
-0.985,-0.116
-1.012,0.376
-1.159,0.827
-1.223,-0.367
-1.327,0.304
-1.374,0.815
-1.4,-0.012
-1.412,-0.401
-1.431,0.086
-1.555,1.293
-1.752,2.364
-1.776,1.103
-1.824,2.227
-1.715,1.614
-1.858,2.401
-1.902,1.971
-2.009,1.643
-1.885,1.327
-2.006,-0.445
-2.041,0.743
-2.281,0.105
-2.314,0.684
-2.438,0.616
-2.358,2.144
-2.533,1.62
-2.686,-0.421
-2.783,1.212
-2.733,-0.206
-2.888,2.067
-2.83,-0.439
-3.029,-0.64
-3.132,1.781
-3.042,1.299
3.035,1.713
3.046,0.628
2.887,1.814
2.761,0.005
2.768,1.282
2.819,1.228
2.817,-0.198
2.478,1.653
2.565,-0.951
2.384,0.928
2.409,0.449
2.186,2.095
1.828,-1.519
1.143,-1.32
0.059,-1.424
0.079,-1.306
-0.516,-1.342
-0.74,-1.423
-1.574,-1.469
-2.326,-1.589
-2.774,-1.333
2.974,-1.395
-0.244,2.469
-1.198,2.761
-1.907,2.767
2.939,2.496
2.04,-0.348
1.695,0.872
0.996,-0.349
0.221,0.275
-0.001,-0.344
-0.35,-0.318
-2.124,-0.373
-2.738,0.89
1.329,0.049
-0.647,1.108
-2.581,0.301
-2.896,-0.585
-3.001,-0.171
2.842,-0.58
2.644,-0.532
2.576,0.236
1.038,0.19
0.042,1.879
2.92,0.808
1.472,-1.061
1.162,-1.112
0.65,-1.273
-0.725,-1.317
-1.314,-1.159
-1.643,-1.223
-1.8,-1.303
-1.857,-1.23
3.07,-1.292
2.883,-1.293
1.158,-1.514
-0.669,-1.687
-1.125,-1.548
-1.826,-1.744
-0.076,-0.605
-0.059,-0.411
-0.031,2.499
-0.083,1.834
-0.042,2.248
-0.113,1.726
-0.159,-0.041
-0.096,0.975
-0.245,0.305
-0.256,-0.671
-0.258,1.266
-0.299,-0.29
-0.237,2.382
-0.495,-0.113
-0.546,-0.005
-0.565,0.191
-0.662,-0.548
-0.754,0.645
-0.898,0.652
-0.904,-0.479
-0.924,-0.899
-0.896,1.93
-0.886,1.829
-0.918,-0.585
-1.002,2.278
-0.989,-0.12
-1.005,2.037
-1.103,-0.537
-1.036,-0.169
-1.081,-0.055
-1.157,-0.382
-1.219,1.695
-1.258,-0.152
-1.373,0.194
-1.414,0.196
-1.379,2.144
-1.437,0.12
-1.422,0.866
-1.474,1.226
-1.41,1.978
-1.504,0.536
-1.515,0.497
-1.44,2.174
-1.532,-0.71
-1.483,0.802
-1.507,-0.56
-1.602,0.857
-1.585,2.219
-1.752,-0.359
-1.696,1.754
-1.704,-0.344
-1.805,1.824
-1.798,-0.074
-1.77,1.833
-1.841,-0.389
-1.833,1.703
-1.888,0.228
-1.915,-0.212
-1.871,2.391
-1.866,2.273
-1.892,1.506
-1.891,0.392
-1.993,-0.444
-1.93,1.757
-2.059,-0.42
-2.071,0.712
-2.072,-0.421
-2.087,1.612
-2.069,0.412
-2.152,1.04
-2.119,1.95
-2.119,0.447
-2.188,2.21
-2.152,0.165
-2.166,0.637
-2.266,-0.674
-2.274,1.24
-2.233,0.33
-2.329,1.083
-2.441,0.605
-2.619,0.714
-2.638,0.47
-2.581,2.134
-2.61,-0.385
-2.609,0.168
-2.688,1.905
-2.696,1.49
-2.727,1.74
-2.662,0.412
-2.764,-0.076
-2.752,0.446
-2.733,0.414
-2.82,-0.172
-2.845,-0.731
-2.82,2.106
-2.956,0.481
-3.046,0.436
-3.057,1.436
-3.134,0.685
3.133,-1.192
3.137,0.533
3.039,-0.407
3.033,0.63
2.771,-1.214
2.83,-0.276
2.747,1.017
2.745,-0.339
2.768,0.851
2.776,1.133
2.649,-1.114
2.684,1.14
2.62,1.269
2.575,0.56
2.417,2.116
2.321,-0.202
2.258,2.01
2.273,0.837
2.25,2.362
2.302,1.274
2.208,-0.053
2.14,-1.657
2.04,-1.576
2.106,-1.557
1.685,-1.502
1.665,-1.587
1.085,-1.502
0.217,-1.479
-1.608,-1.65
-1.998,-1.707
-2.646,-1.712
-2.789,-1.482
-2.956,-1.661
3.021,-1.748
2.902,-1.75
2.849,-1.622
2.457,-1.596
2.339,-1.68
1.825,2.555
1.079,2.642
0.977,2.59
0.758,2.65
-0.861,2.566
-1.493,2.583
-1.81,2.536
-1.81,2.533
-1.898,2.552
-2.628,2.443
3.01,2.555
2.774,2.345
1.653,-0.125
0.999,-0.332
0.736,2.069
0.168,2.019
-1.436,-1.159
0.691,-1.542
2.102,0.253
2.113,0.674
2.079,-0.793
2.081,2.379
1.874,1.125
1.921,-0.29
1.726,0.228
1.823,0.282
1.677,2.101
1.785,-1.164
1.632,2.364
1.642,2.555
1.611,0.797
1.709,1.141
1.554,1.892
1.533,-0.811
1.499,-0.646
1.439,0.666
1.501,1.405
1.426,2.38
1.363,1.716
1.325,2.423
1.1,0.47
1.078,2.181
1.046,2.036
1.157,-0.523
0.987,2.06
1.117,1.469
0.932,-0.849
1.021,-0.119
0.962,-1.188
0.871,-0.329
0.822,0.299
0.802,0.61
0.533,1.488
0.651,-0.241
0.617,0.985
0.591,1.307
0.553,1.486
0.508,2.08
0.497,1.139
0.365,2.434
0.457,0.365
0.105,2.157
0.081,2.045
0.17,0.475
0.005,-0.697
0.003,0.379
-0.082,1.476
0.037,2.216
-0.128,-0.153
-0.028,-0.505
-0.173,2.088
-0.141,1.058
-0.348,0.973
-0.38,-0.733
-0.415,-0.725
-0.638,-0.37
-0.657,0.192
-0.829,0.609
-0.847,1.472
-0.897,-0.581
-0.786,1.399
-0.935,0.132
-0.94,-0.277
-0.967,0.215
-1.114,0.666
-1.178,-0.528
-1.282,0.143
-1.329,0.654
-1.355,-0.173
-1.367,-0.562
-1.386,-0.075
-1.51,1.132
-1.707,2.203
-1.731,0.942
-1.779,2.066
-1.67,1.453
-1.813,2.24
-1.857,1.81
-1.964,1.482
-1.84,1.166
-1.961,-0.606
-1.996,0.582
-2.236,-0.056
-2.269,0.523
-2.393,0.455
-2.313,1.983
-2.488,1.459
-2.641,-0.582
-2.738,1.051
-2.688,-0.367
-2.843,1.906
-2.785,-0.6
-2.984,-0.801
-3.087,1.62
-2.997,1.138
3.08,1.552
3.091,0.467
2.932,1.653
2.806,-0.156
2.813,1.121
2.864,1.067
2.862,-0.359
2.523,1.492
2.61,-1.112
2.429,0.767
2.454,0.288
2.231,1.934
1.873,-1.68
1.188,-1.481
0.104,-1.585
0.124,-1.467
-0.471,-1.503
-0.695,-1.584
-1.529,-1.63
-2.281,-1.75
-2.729,-1.494
3.019,-1.556
-0.199,2.308
-1.153,2.6
-1.862,2.606
2.984,2.335
2.085,-0.509
1.74,0.711
1.041,-0.51
0.266,0.114
0.044,-0.505
-0.305,-0.479
-2.079,-0.534
-2.693,0.729
1.374,-0.112
-0.602,0.947
-2.536,0.14
-2.851,-0.746
-2.956,-0.332
2.887,-0.741
2.689,-0.693
2.621,0.075
1.083,0.029
0.087,1.718
2.965,0.647
1.517,-1.222
1.207,-1.273
0.695,-1.434
-0.68,-1.478
-1.269,-1.32
-1.598,-1.384
-1.755,-1.464
-1.812,-1.391
3.115,-1.453
2.928,-1.454
1.203,-1.675
-0.624,-1.848
-1.08,-1.709
-1.781,-1.905
0.017,0.194
0.045,3.104
-0.007,2.439
0.034,2.853
-0.037,2.331
-0.083,0.564
-0.02,1.58
-0.169,0.91
-0.18,-0.066
-0.182,1.871
-0.223,0.315
-0.161,2.987
-0.419,0.492
-0.47,0.6
-0.489,0.796
-0.586,0.057
-0.678,1.25
-0.822,1.257
-0.828,0.126
-0.848,-0.294
-0.82,2.535
-0.81,2.434
-0.842,0.02
-0.926,2.883
-0.913,0.485
-0.929,2.642
-1.027,0.068
-0.96,0.436
-1.005,0.55
-1.081,0.223
-1.143,2.3
-1.182,0.453
-1.297,0.799
-1.338,0.801
-1.303,2.749
-1.361,0.725
-1.346,1.471
-1.398,1.831
-1.334,2.583
-1.428,1.141
-1.439,1.102
-1.364,2.779
-1.456,-0.105
-1.407,1.407
-1.431,0.045
-1.526,1.462
-1.509,2.824
-1.676,0.246
-1.62,2.359
-1.628,0.261
-1.729,2.429
-1.722,0.531
-1.694,2.438
-1.765,0.216
-1.757,2.308
-1.812,0.833
-1.839,0.393
-1.795,2.996
-1.79,2.878
-1.816,2.111
-1.815,0.997
-1.917,0.161
-1.854,2.362
-1.983,0.185
-1.995,1.317
-1.996,0.184
-2.011,2.217
-1.993,1.017
-2.076,1.645
-2.043,2.555
-2.043,1.052
-2.112,2.815
-2.076,0.77
-2.09,1.242
-2.19,-0.069
-2.198,1.845
-2.157,0.935
-2.253,1.688
-2.365,1.21
-2.543,1.319
-2.562,1.075
-2.505,2.739
-2.534,0.22
-2.533,0.773
-2.612,2.51
-2.62,2.095
-2.651,2.345
-2.586,1.017
-2.688,0.529
-2.676,1.051
-2.657,1.019
-2.744,0.433
-2.769,-0.126
-2.744,2.711
-2.88,1.086
-2.97,1.041
-2.981,2.041
-3.058,1.29
-3.074,-0.587
-3.07,1.138
3.115,0.198
3.109,1.235
2.847,-0.609
2.906,0.329
2.823,1.622
2.821,0.266
2.844,1.456
2.852,1.738
2.725,-0.509
2.76,1.745
2.696,1.874
2.651,1.165
2.493,2.721
2.397,0.403
2.334,2.615
2.349,1.442
2.326,2.967
2.378,1.879
2.284,0.552
2.216,-1.052
2.116,-0.971
2.182,-0.952
1.761,-0.897
1.741,-0.982
1.161,-0.897
0.293,-0.874
-1.532,-1.045
-1.922,-1.102
-2.57,-1.107
-2.713,-0.877
-2.88,-1.056
3.097,-1.143
2.978,-1.145
2.925,-1.017
2.533,-0.991
2.415,-1.075
1.901,3.16
1.155,3.247
1.053,3.195
0.834,3.255
-0.785,3.171
-1.417,3.188
-1.734,3.141
-1.734,3.138
-1.822,3.157
-2.552,3.048
3.086,3.16
2.85,2.95
1.729,0.48
1.075,0.273
0.812,2.674
0.244,2.624
-1.36,-0.554
0.767,-0.937
2.178,0.858
2.189,1.279
2.155,-0.188
2.157,2.984
1.95,1.73
1.997,0.315
1.802,0.833
1.899,0.887
1.753,2.706
1.861,-0.559
1.708,2.969
1.718,3.16
1.687,1.402
1.785,1.746
1.63,2.497
1.609,-0.206
1.575,-0.041
1.515,1.271
1.577,2.01
1.502,2.985
1.439,2.321
1.401,3.028
1.176,1.075
1.154,2.786
1.122,2.641
1.233,0.082
1.063,2.665
1.193,2.074
1.008,-0.244
1.097,0.486
1.038,-0.583
0.947,0.276
0.898,0.904
0.878,1.215
0.609,2.093
0.727,0.364
0.693,1.59
0.667,1.912
0.629,2.091
0.584,2.685
0.573,1.744
0.441,3.039
0.533,0.97
0.181,2.762
0.157,2.65
0.246,1.08
0.081,-0.092
0.079,0.984
-0.006,2.081
0.113,2.821
-0.052,0.452
0.048,0.1
-0.097,2.693
-0.065,1.663
-0.272,1.578
-0.304,-0.128
-0.339,-0.12
-0.562,0.235
-0.581,0.797
-0.753,1.214
-0.771,2.077
-0.821,0.024
-0.71,2.004
-0.859,0.737
-0.864,0.328
-0.891,0.82
-1.038,1.271
-1.102,0.077
-1.206,0.748
-1.253,1.259
-1.279,0.432
-1.291,0.043
-1.31,0.53
-1.434,1.737
-1.631,2.808
-1.655,1.547
-1.703,2.671
-1.594,2.058
-1.737,2.845
-1.781,2.415
-1.888,2.087
-1.764,1.771
-1.885,-0.001
-1.92,1.187
-2.16,0.549
-2.193,1.128
-2.317,1.06
-2.237,2.588
-2.412,2.064
-2.565,0.023
-2.662,1.656
-2.612,0.238
-2.767,2.511
-2.709,0.005
-2.908,-0.196
-3.011,2.225
-2.921,1.743
-3.127,2.157
-3.116,1.072
3.008,2.258
2.882,0.449
2.889,1.726
2.94,1.672
2.938,0.246
2.599,2.097
2.686,-0.507
2.505,1.372
2.53,0.893
2.307,2.539
1.949,-1.075
1.264,-0.876
0.18,-0.98
0.2,-0.862
-0.395,-0.898
-0.619,-0.979
-1.453,-1.025
-2.205,-1.145
-2.653,-0.889
3.095,-0.951
-0.123,2.913
-1.077,3.205
-1.786,3.211
3.06,2.94
2.161,0.096
1.816,1.316
1.117,0.095
0.342,0.719
0.12,0.1
-0.229,0.126
-2.003,0.071
-2.617,1.334
1.45,0.493
-0.526,1.552
-2.46,0.745
-2.775,-0.141
-2.88,0.273
2.963,-0.136
2.765,-0.088
2.697,0.68
1.159,0.634
0.163,2.323
3.041,1.252
1.593,-0.617
1.283,-0.668
0.771,-0.829
-0.604,-0.873
-1.193,-0.715
-1.522,-0.779
-1.679,-0.859
-1.736,-0.786
-3.092,-0.848
3.004,-0.849
1.279,-1.07
-0.548,-1.243
-1.004,-1.104
-1.705,-1.3
0.028,2.91
-0.024,2.245
0.017,2.659
-0.054,2.137
-0.1,0.37
-0.037,1.386
-0.186,0.716
-0.197,-0.26
-0.199,1.677
-0.24,0.121
-0.178,2.793
-0.436,0.298
-0.487,0.406
-0.506,0.602
-0.603,-0.137
-0.695,1.056
-0.839,1.063
-0.845,-0.068
-0.865,-0.488
-0.837,2.341
-0.827,2.24
-0.859,-0.174
-0.943,2.689
-0.93,0.291
-0.946,2.448
-1.044,-0.126
-0.977,0.242
-1.022,0.356
-1.098,0.029
-1.16,2.106
-1.199,0.259
-1.314,0.605
-1.355,0.607
-1.32,2.555
-1.378,0.531
-1.363,1.277
-1.415,1.637
-1.351,2.389
-1.445,0.947
-1.456,0.908
-1.381,2.585
-1.473,-0.299
-1.424,1.213
-1.448,-0.149
-1.543,1.268
-1.526,2.63
-1.693,0.052
-1.637,2.165
-1.645,0.067
-1.746,2.235
-1.739,0.337
-1.711,2.244
-1.782,0.022
-1.774,2.114
-1.829,0.639
-1.856,0.199
-1.812,2.802
-1.807,2.684
-1.833,1.917
-1.832,0.803
-1.934,-0.033
-1.871,2.168
-2.0,-0.009
-2.012,1.123
-2.013,-0.01
-2.028,2.023
-2.01,0.823
-2.093,1.451
-2.06,2.361
-2.06,0.858
-2.129,2.621
-2.093,0.576
-2.107,1.048
-2.207,-0.263
-2.215,1.651
-2.174,0.741
-2.27,1.494
-2.382,1.016
-2.56,1.125
-2.579,0.881
-2.522,2.545
-2.551,0.026
-2.55,0.579
-2.629,2.316
-2.637,1.901
-2.668,2.151
-2.603,0.823
-2.705,0.335
-2.693,0.857
-2.674,0.825
-2.761,0.239
-2.786,-0.32
-2.761,2.517
-2.897,0.892
-2.987,0.847
-2.998,1.847
-3.075,1.096
-3.091,-0.781
-3.087,0.944
3.098,0.004
3.092,1.041
2.83,-0.803
2.889,0.135
2.806,1.428
2.804,0.072
2.827,1.262
2.835,1.544
2.708,-0.703
2.743,1.551
2.679,1.68
2.634,0.971
2.476,2.527
2.38,0.209
2.317,2.421
2.332,1.248
2.309,2.773
2.361,1.685
2.267,0.358
2.199,-1.246
2.099,-1.165
2.165,-1.146
1.744,-1.091
1.724,-1.176
1.144,-1.091
0.276,-1.068
-1.549,-1.239
-1.939,-1.296
-2.587,-1.301
-2.73,-1.071
-2.897,-1.25
3.08,-1.337
2.961,-1.339
2.908,-1.211
2.516,-1.185
2.398,-1.269
1.884,2.966
1.138,3.053
1.036,3.001
0.817,3.061
-0.802,2.977
-1.434,2.994
-1.751,2.947
-1.751,2.944
-1.839,2.963
-2.569,2.854
3.069,2.966
2.833,2.756
1.712,0.286
1.058,0.079
0.795,2.48
0.227,2.43
-1.377,-0.748
0.75,-1.131
2.161,0.664
2.172,1.085
2.138,-0.382
2.14,2.79
1.933,1.536
1.98,0.121
1.785,0.639
1.882,0.693
1.736,2.512
1.844,-0.753
1.691,2.775
1.701,2.966
1.67,1.208
1.768,1.552
1.613,2.303
1.592,-0.4
1.558,-0.235
1.498,1.077
1.56,1.816
1.485,2.791
1.422,2.127
1.384,2.834
1.159,0.881
1.137,2.592
1.105,2.447
1.216,-0.112
1.046,2.471
1.176,1.88
0.991,-0.438
1.08,0.292
1.021,-0.777
0.93,0.082
0.881,0.71
0.861,1.021
0.592,1.899
0.71,0.17
0.676,1.396
0.65,1.718
0.612,1.897
0.567,2.491
0.556,1.55
0.424,2.845
0.516,0.776
0.164,2.568
0.14,2.456
0.229,0.886
0.064,-0.286
0.062,0.79
-0.023,1.887
0.096,2.627
-0.069,0.258
0.031,-0.094
-0.114,2.499
-0.082,1.469
-0.289,1.384
-0.321,-0.322
-0.356,-0.314
-0.579,0.041
-0.598,0.603
-0.77,1.02
-0.788,1.883
-0.838,-0.17
-0.727,1.81
-0.876,0.543
-0.881,0.134
-0.908,0.626
-1.055,1.077
-1.119,-0.117
-1.223,0.554
-1.27,1.065
-1.296,0.238
-1.308,-0.151
-1.327,0.336
-1.451,1.543
-1.648,2.614
-1.672,1.353
-1.72,2.477
-1.611,1.864
-1.754,2.651
-1.798,2.221
-1.905,1.893
-1.781,1.577
-1.902,-0.195
-1.937,0.993
-2.177,0.355
-2.21,0.934
-2.334,0.866
-2.254,2.394
-2.429,1.87
-2.582,-0.171
-2.679,1.462
-2.629,0.044
-2.784,2.317
-2.726,-0.189
-2.925,-0.39
-3.028,2.031
-2.938,1.549
3.139,1.963
-3.133,0.878
2.991,2.064
2.865,0.255
2.872,1.532
2.923,1.478
2.921,0.052
2.582,1.903
2.669,-0.701
2.488,1.178
2.513,0.699
2.29,2.345
1.932,-1.269
1.247,-1.07
0.163,-1.174
0.183,-1.056
-0.412,-1.092
-0.636,-1.173
-1.47,-1.219
-2.222,-1.339
-2.67,-1.083
3.078,-1.145
-0.14,2.719
-1.094,3.011
-1.803,3.017
3.043,2.746
2.144,-0.098
1.799,1.122
1.1,-0.099
0.325,0.525
0.103,-0.094
-0.246,-0.068
-2.02,-0.123
-2.634,1.14
1.433,0.299
-0.543,1.358
-2.477,0.551
-2.792,-0.335
-2.897,0.079
2.946,-0.33
2.748,-0.282
2.68,0.486
1.142,0.44
0.146,2.129
3.024,1.058
1.576,-0.811
1.266,-0.862
0.754,-1.023
-0.621,-1.067
-1.21,-0.909
-1.539,-0.973
-1.696,-1.053
-1.753,-0.98
-3.109,-1.042
2.987,-1.043
1.262,-1.264
-0.565,-1.437
-1.021,-1.298
-1.722,-1.494
-0.052,-0.665
-0.011,-0.251
-0.082,-0.773
-0.128,-2.54
-0.065,-1.524
-0.214,-2.194
-0.225,-3.17
-0.227,-1.233
-0.268,-2.789
-0.206,-0.117
-0.464,-2.612
-0.515,-2.504
-0.534,-2.308
-0.631,-3.047
-0.723,-1.854
-0.867,-1.847
-0.873,-2.978
-0.893,-3.398
-0.865,-0.569
-0.855,-0.67
-0.887,-3.084
-0.971,-0.221
-0.958,-2.619
-0.974,-0.462
-1.072,-3.036
-1.005,-2.668
-1.05,-2.554
-1.126,-2.881
-1.188,-0.804
-1.227,-2.651
-1.342,-2.305
-1.383,-2.303
-1.348,-0.355
-1.406,-2.379
-1.391,-1.633
-1.443,-1.273
-1.379,-0.521
-1.473,-1.963
-1.484,-2.002
-1.409,-0.325
-1.501,-3.209
-1.452,-1.697
-1.476,-3.059
-1.571,-1.642
-1.554,-0.28
-1.721,-2.858
-1.665,-0.745
-1.673,-2.843
-1.774,-0.675
-1.767,-2.573
-1.739,-0.666
-1.81,-2.888
-1.802,-0.796
-1.857,-2.271
-1.884,-2.711
-1.84,-0.108
-1.835,-0.226
-1.861,-0.993
-1.86,-2.107
-1.962,-2.943
-1.899,-0.742
-2.028,-2.919
-2.04,-1.787
-2.041,-2.92
-2.056,-0.887
-2.038,-2.087
-2.121,-1.459
-2.088,-0.549
-2.088,-2.052
-2.157,-0.289
-2.121,-2.334
-2.135,-1.862
-2.235,-3.173
-2.243,-1.259
-2.202,-2.169
-2.298,-1.416
-2.41,-1.894
-2.588,-1.785
-2.607,-2.029
-2.55,-0.365
-2.579,-2.884
-2.578,-2.331
-2.657,-0.594
-2.665,-1.009
-2.696,-0.759
-2.631,-2.087
-2.733,-2.575
-2.721,-2.053
-2.702,-2.085
-2.789,-2.671
-2.814,-3.23
-2.789,-0.393
-2.925,-2.018
-3.015,-2.063
-3.026,-1.063
-3.103,-1.814
-3.119,-3.691
-3.115,-1.966
3.07,-2.906
3.064,-1.869
2.802,-3.713
2.861,-2.775
2.778,-1.482
2.776,-2.838
2.799,-1.648
2.807,-1.366
2.68,-3.613
2.715,-1.359
2.651,-1.23
2.606,-1.939
2.448,-0.383
2.352,-2.701
2.289,-0.489
2.304,-1.662
2.281,-0.137
2.333,-1.225
2.239,-2.552
2.171,-4.156
2.071,-4.075
2.137,-4.056
1.716,-4.001
1.696,-4.086
1.116,-4.001
0.248,-3.978
-1.577,-4.149
-1.967,-4.206
-2.615,-4.211
-2.758,-3.981
-2.925,-4.16
3.052,-4.247
2.933,-4.249
2.88,-4.121
2.488,-4.095
2.37,-4.179
1.856,0.056
1.11,0.143
1.008,0.091
0.789,0.151
-0.83,0.067
-1.462,0.084
-1.779,0.037
-1.779,0.034
-1.867,0.053
-2.597,-0.056
3.041,0.056
2.805,-0.154
1.684,-2.624
1.03,-2.831
0.767,-0.43
0.199,-0.48
-1.405,-3.658
0.722,-4.041
2.133,-2.246
2.144,-1.825
2.11,-3.292
2.112,-0.12
1.905,-1.374
1.952,-2.789
1.757,-2.271
1.854,-2.217
1.708,-0.398
1.816,-3.663
1.663,-0.135
1.673,0.056
1.642,-1.702
1.74,-1.358
1.585,-0.607
1.564,-3.31
1.53,-3.145
1.47,-1.833
1.532,-1.094
1.457,-0.119
1.394,-0.783
1.356,-0.076
1.131,-2.029
1.109,-0.318
1.077,-0.463
1.188,-3.022
1.018,-0.439
1.148,-1.03
0.963,-3.348
1.052,-2.618
0.993,-3.687
0.902,-2.828
0.853,-2.2
0.833,-1.889
0.564,-1.011
0.682,-2.74
0.648,-1.514
0.622,-1.192
0.584,-1.013
0.539,-0.419
0.528,-1.36
0.396,-0.065
0.488,-2.134
0.136,-0.342
0.112,-0.454
0.201,-2.024
0.036,-3.196
0.034,-2.12
-0.051,-1.023
0.068,-0.283
-0.097,-2.652
0.003,-3.004
-0.142,-0.411
-0.11,-1.441
-0.317,-1.526
-0.349,-3.232
-0.384,-3.224
-0.607,-2.869
-0.626,-2.307
-0.798,-1.89
-0.816,-1.027
-0.866,-3.08
-0.755,-1.1
-0.904,-2.367
-0.909,-2.776
-0.936,-2.284
-1.083,-1.833
-1.147,-3.027
-1.251,-2.356
-1.298,-1.845
-1.324,-2.672
-1.336,-3.061
-1.355,-2.574
-1.479,-1.367
-1.676,-0.296
-1.7,-1.557
-1.748,-0.433
-1.639,-1.046
-1.782,-0.259
-1.826,-0.689
-1.933,-1.017
-1.809,-1.333
-1.93,-3.105
-1.965,-1.917
-2.205,-2.555
-2.238,-1.976
-2.362,-2.044
-2.282,-0.516
-2.457,-1.04
-2.61,-3.081
-2.707,-1.448
-2.657,-2.866
-2.812,-0.593
-2.754,-3.099
-2.953,-3.3
-3.056,-0.879
-2.966,-1.361
3.111,-0.947
3.122,-2.032
2.963,-0.846
2.837,-2.655
2.844,-1.378
2.895,-1.432
2.893,-2.858
2.554,-1.007
2.641,-3.611
2.46,-1.732
2.485,-2.211
2.262,-0.565
1.904,-4.179
1.219,-3.98
0.135,-4.084
0.155,-3.966
-0.44,-4.002
-0.664,-4.083
-1.498,-4.129
-2.25,-4.249
-2.698,-3.993
3.05,-4.055
-0.168,-0.191
-1.122,0.101
-1.831,0.107
3.015,-0.164
2.116,-3.008
1.771,-1.788
1.072,-3.009
0.297,-2.385
0.075,-3.004
-0.274,-2.978
-2.048,-3.033
-2.662,-1.77
1.405,-2.611
-0.571,-1.552
-2.505,-2.359
-2.82,-3.245
-2.925,-2.831
2.918,-3.24
2.72,-3.192
2.652,-2.424
1.114,-2.47
0.118,-0.781
2.996,-1.852
1.548,-3.721
1.238,-3.772
0.726,-3.933
-0.649,-3.977
-1.238,-3.819
-1.567,-3.883
-1.724,-3.963
-1.781,-3.89
-3.137,-3.952
2.959,-3.953
1.234,-4.174
-0.593,-4.347
-1.049,-4.208
-1.75,-4.404
0.041,0.414
-0.03,-0.108
-0.076,-1.875
-0.013,-0.859
-0.162,-1.529
-0.173,-2.505
-0.175,-0.568
-0.216,-2.124
-0.154,0.548
-0.412,-1.947
-0.463,-1.839
-0.482,-1.643
-0.579,-2.382
-0.671,-1.189
-0.815,-1.182
-0.821,-2.313
-0.841,-2.733
-0.813,0.096
-0.803,-0.005
-0.835,-2.419
-0.919,0.444
-0.906,-1.954
-0.922,0.203
-1.02,-2.371
-0.953,-2.003
-0.998,-1.889
-1.074,-2.216
-1.136,-0.139
-1.175,-1.986
-1.29,-1.64
-1.331,-1.638
-1.296,0.31
-1.354,-1.714
-1.339,-0.968
-1.391,-0.608
-1.327,0.144
-1.421,-1.298
-1.432,-1.337
-1.357,0.34
-1.449,-2.544
-1.4,-1.032
-1.424,-2.394
-1.519,-0.977
-1.502,0.385
-1.669,-2.193
-1.613,-0.08
-1.621,-2.178
-1.722,-0.01
-1.715,-1.908
-1.687,-0.001
-1.758,-2.223
-1.75,-0.131
-1.805,-1.606
-1.832,-2.046
-1.788,0.557
-1.783,0.439
-1.809,-0.328
-1.808,-1.442
-1.91,-2.278
-1.847,-0.077
-1.976,-2.254
-1.988,-1.122
-1.989,-2.255
-2.004,-0.222
-1.986,-1.422
-2.069,-0.794
-2.036,0.116
-2.036,-1.387
-2.105,0.376
-2.069,-1.669
-2.083,-1.197
-2.183,-2.508
-2.191,-0.594
-2.15,-1.504
-2.246,-0.751
-2.358,-1.229
-2.536,-1.12
-2.555,-1.364
-2.498,0.3
-2.527,-2.219
-2.526,-1.666
-2.605,0.071
-2.613,-0.344
-2.644,-0.094
-2.579,-1.422
-2.681,-1.91
-2.669,-1.388
-2.65,-1.42
-2.737,-2.006
-2.762,-2.565
-2.737,0.272
-2.873,-1.353
-2.963,-1.398
-2.974,-0.398
-3.051,-1.149
-3.067,-3.026
-3.063,-1.301
3.122,-2.241
3.116,-1.204
2.854,-3.048
2.913,-2.11
2.83,-0.817
2.828,-2.173
2.851,-0.983
2.859,-0.701
2.732,-2.948
2.767,-0.694
2.703,-0.565
2.658,-1.274
2.5,0.282
2.404,-2.036
2.341,0.176
2.356,-0.997
2.333,0.528
2.385,-0.56
2.291,-1.887
2.223,-3.491
2.123,-3.41
2.189,-3.391
1.768,-3.336
1.748,-3.421
1.168,-3.336
0.3,-3.313
-1.525,-3.484
-1.915,-3.541
-2.563,-3.546
-2.706,-3.316
-2.873,-3.495
3.104,-3.582
2.985,-3.584
2.932,-3.456
2.54,-3.43
2.422,-3.514
1.908,0.721
1.162,0.808
1.06,0.756
0.841,0.816
-0.778,0.732
-1.41,0.749
-1.727,0.702
-1.727,0.699
-1.815,0.718
-2.545,0.609
3.093,0.721
2.857,0.511
1.736,-1.959
1.082,-2.166
0.819,0.235
0.251,0.185
-1.353,-2.993
0.774,-3.376
2.185,-1.581
2.196,-1.16
2.162,-2.627
2.164,0.545
1.957,-0.709
2.004,-2.124
1.809,-1.606
1.906,-1.552
1.76,0.267
1.868,-2.998
1.715,0.53
1.725,0.721
1.694,-1.037
1.792,-0.693
1.637,0.058
1.616,-2.645
1.582,-2.48
1.522,-1.168
1.584,-0.429
1.509,0.546
1.446,-0.118
1.408,0.589
1.183,-1.364
1.161,0.347
1.129,0.202
1.24,-2.357
1.07,0.226
1.2,-0.365
1.015,-2.683
1.104,-1.953
1.045,-3.022
0.954,-2.163
0.905,-1.535
0.885,-1.224
0.616,-0.346
0.734,-2.075
0.7,-0.849
0.674,-0.527
0.636,-0.348
0.591,0.246
0.58,-0.695
0.448,0.6
0.54,-1.469
0.188,0.323
0.164,0.211
0.253,-1.359
0.088,-2.531
0.086,-1.455
0.001,-0.358
0.12,0.382
-0.045,-1.987
0.055,-2.339
-0.09,0.254
-0.058,-0.776
-0.265,-0.861
-0.297,-2.567
-0.332,-2.559
-0.555,-2.204
-0.574,-1.642
-0.746,-1.225
-0.764,-0.362
-0.814,-2.415
-0.703,-0.435
-0.852,-1.702
-0.857,-2.111
-0.884,-1.619
-1.031,-1.168
-1.095,-2.362
-1.199,-1.691
-1.246,-1.18
-1.272,-2.007
-1.284,-2.396
-1.303,-1.909
-1.427,-0.702
-1.624,0.369
-1.648,-0.892
-1.696,0.232
-1.587,-0.381
-1.73,0.406
-1.774,-0.024
-1.881,-0.352
-1.757,-0.668
-1.878,-2.44
-1.913,-1.252
-2.153,-1.89
-2.186,-1.311
-2.31,-1.379
-2.23,0.149
-2.405,-0.375
-2.558,-2.416
-2.655,-0.783
-2.605,-2.201
-2.76,0.072
-2.702,-2.434
-2.901,-2.635
-3.004,-0.214
-2.914,-0.696
-3.12,-0.282
-3.109,-1.367
3.015,-0.181
2.889,-1.99
2.896,-0.713
2.947,-0.767
2.945,-2.193
2.606,-0.342
2.693,-2.946
2.512,-1.067
2.537,-1.546
2.314,0.1
1.956,-3.514
1.271,-3.315
0.187,-3.419
0.207,-3.301
-0.388,-3.337
-0.612,-3.418
-1.446,-3.464
-2.198,-3.584
-2.646,-3.328
3.102,-3.39
-0.116,0.474
-1.07,0.766
-1.779,0.772
3.067,0.501
2.168,-2.343
1.823,-1.123
1.124,-2.344
0.349,-1.72
0.127,-2.339
-0.222,-2.313
-1.996,-2.368
-2.61,-1.105
1.457,-1.946
-0.519,-0.887
-2.453,-1.694
-2.768,-2.58
-2.873,-2.166
2.97,-2.575
2.772,-2.527
2.704,-1.759
1.166,-1.805
0.17,-0.116
3.048,-1.187
1.6,-3.056
1.29,-3.107
0.778,-3.268
-0.597,-3.312
-1.186,-3.154
-1.515,-3.218
-1.672,-3.298
-1.729,-3.225
-3.085,-3.287
3.011,-3.288
1.286,-3.509
-0.541,-3.682
-0.997,-3.543
-1.698,-3.739
-0.071,-0.522
-0.117,-2.289
-0.054,-1.273
-0.203,-1.943
-0.214,-2.919
-0.216,-0.982
-0.257,-2.538
-0.195,0.134
-0.453,-2.361
-0.504,-2.253
-0.523,-2.057
-0.62,-2.796
-0.712,-1.603
-0.856,-1.596
-0.862,-2.727
-0.882,-3.147
-0.854,-0.318
-0.844,-0.419
-0.876,-2.833
-0.96,0.03
-0.947,-2.368
-0.963,-0.211
-1.061,-2.785
-0.994,-2.417
-1.039,-2.303
-1.115,-2.63
-1.177,-0.553
-1.216,-2.4
-1.331,-2.054
-1.372,-2.052
-1.337,-0.104
-1.395,-2.128
-1.38,-1.382
-1.432,-1.022
-1.368,-0.27
-1.462,-1.712
-1.473,-1.751
-1.398,-0.074
-1.49,-2.958
-1.441,-1.446
-1.465,-2.808
-1.56,-1.391
-1.543,-0.029
-1.71,-2.607
-1.654,-0.494
-1.662,-2.592
-1.763,-0.424
-1.756,-2.322
-1.728,-0.415
-1.799,-2.637
-1.791,-0.545
-1.846,-2.02
-1.873,-2.46
-1.829,0.143
-1.824,0.025
-1.85,-0.742
-1.849,-1.856
-1.951,-2.692
-1.888,-0.491
-2.017,-2.668
-2.029,-1.536
-2.03,-2.669
-2.045,-0.636
-2.027,-1.836
-2.11,-1.208
-2.077,-0.298
-2.077,-1.801
-2.146,-0.038
-2.11,-2.083
-2.124,-1.611
-2.224,-2.922
-2.232,-1.008
-2.191,-1.918
-2.287,-1.165
-2.399,-1.643
-2.577,-1.534
-2.596,-1.778
-2.539,-0.114
-2.568,-2.633
-2.567,-2.08
-2.646,-0.343
-2.654,-0.758
-2.685,-0.508
-2.62,-1.836
-2.722,-2.324
-2.71,-1.802
-2.691,-1.834
-2.778,-2.42
-2.803,-2.979
-2.778,-0.142
-2.914,-1.767
-3.004,-1.812
-3.015,-0.812
-3.092,-1.563
-3.108,-3.44
-3.104,-1.715
3.081,-2.655
3.075,-1.618
2.813,-3.462
2.872,-2.524
2.789,-1.231
2.787,-2.587
2.81,-1.397
2.818,-1.115
2.691,-3.362
2.726,-1.108
2.662,-0.979
2.617,-1.688
2.459,-0.132
2.363,-2.45
2.3,-0.238
2.315,-1.411
2.292,0.114
2.344,-0.974
2.25,-2.301
2.182,-3.905
2.082,-3.824
2.148,-3.805
1.727,-3.75
1.707,-3.835
1.127,-3.75
0.259,-3.727
-1.566,-3.898
-1.956,-3.955
-2.604,-3.96
-2.747,-3.73
-2.914,-3.909
3.063,-3.996
2.944,-3.998
2.891,-3.87
2.499,-3.844
2.381,-3.928
1.867,0.307
1.121,0.394
1.019,0.342
0.8,0.402
-0.819,0.318
-1.451,0.335
-1.768,0.288
-1.768,0.285
-1.856,0.304
-2.586,0.195
3.052,0.307
2.816,0.097
1.695,-2.373
1.041,-2.58
0.778,-0.179
0.21,-0.229
-1.394,-3.407
0.733,-3.79
2.144,-1.995
2.155,-1.574
2.121,-3.041
2.123,0.131
1.916,-1.123
1.963,-2.538
1.768,-2.02
1.865,-1.966
1.719,-0.147
1.827,-3.412
1.674,0.116
1.684,0.307
1.653,-1.451
1.751,-1.107
1.596,-0.356
1.575,-3.059
1.541,-2.894
1.481,-1.582
1.543,-0.843
1.468,0.132
1.405,-0.532
1.367,0.175
1.142,-1.778
1.12,-0.067
1.088,-0.212
1.199,-2.771
1.029,-0.188
1.159,-0.779
0.974,-3.097
1.063,-2.367
1.004,-3.436
0.913,-2.577
0.864,-1.949
0.844,-1.638
0.575,-0.76
0.693,-2.489
0.659,-1.263
0.633,-0.941
0.595,-0.762
0.55,-0.168
0.539,-1.109
0.407,0.186
0.499,-1.883
0.147,-0.091
0.123,-0.203
0.212,-1.773
0.047,-2.945
0.045,-1.869
-0.04,-0.772
0.079,-0.032
-0.086,-2.401
0.014,-2.753
-0.131,-0.16
-0.099,-1.19
-0.306,-1.275
-0.338,-2.981
-0.373,-2.973
-0.596,-2.618
-0.615,-2.056
-0.787,-1.639
-0.805,-0.776
-0.855,-2.829
-0.744,-0.849
-0.893,-2.116
-0.898,-2.525
-0.925,-2.033
-1.072,-1.582
-1.136,-2.776
-1.24,-2.105
-1.287,-1.594
-1.313,-2.421
-1.325,-2.81
-1.344,-2.323
-1.468,-1.116
-1.665,-0.045
-1.689,-1.306
-1.737,-0.182
-1.628,-0.795
-1.771,-0.008
-1.815,-0.438
-1.922,-0.766
-1.798,-1.082
-1.919,-2.854
-1.954,-1.666
-2.194,-2.304
-2.227,-1.725
-2.351,-1.793
-2.271,-0.265
-2.446,-0.789
-2.599,-2.83
-2.696,-1.197
-2.646,-2.615
-2.801,-0.342
-2.743,-2.848
-2.942,-3.049
-3.045,-0.628
-2.955,-1.11
3.122,-0.696
3.133,-1.781
2.974,-0.595
2.848,-2.404
2.855,-1.127
2.906,-1.181
2.904,-2.607
2.565,-0.756
2.652,-3.36
2.471,-1.481
2.496,-1.96
2.273,-0.314
1.915,-3.928
1.23,-3.729
0.146,-3.833
0.166,-3.715
-0.429,-3.751
-0.653,-3.832
-1.487,-3.878
-2.239,-3.998
-2.687,-3.742
3.061,-3.804
-0.157,0.06
-1.111,0.352
-1.82,0.358
3.026,0.087
2.127,-2.757
1.782,-1.537
1.083,-2.758
0.308,-2.134
0.086,-2.753
-0.263,-2.727
-2.037,-2.782
-2.651,-1.519
1.416,-2.36
-0.56,-1.301
-2.494,-2.108
-2.809,-2.994
-2.914,-2.58
2.929,-2.989
2.731,-2.941
2.663,-2.173
1.125,-2.219
0.129,-0.53
3.007,-1.601
1.559,-3.47
1.249,-3.521
0.737,-3.682
-0.638,-3.726
-1.227,-3.568
-1.556,-3.632
-1.713,-3.712
-1.77,-3.639
-3.126,-3.701
2.97,-3.702
1.245,-3.923
-0.582,-4.096
-1.038,-3.957
-1.739,-4.153
-0.046,-1.767
0.017,-0.751
-0.132,-1.421
-0.143,-2.397
-0.145,-0.46
-0.186,-2.016
-0.124,0.656
-0.382,-1.839
-0.433,-1.731
-0.452,-1.535
-0.549,-2.274
-0.641,-1.081
-0.785,-1.074
-0.791,-2.205
-0.811,-2.625
-0.783,0.204
-0.773,0.103
-0.805,-2.311
-0.889,0.552
-0.876,-1.846
-0.892,0.311
-0.99,-2.263
-0.923,-1.895
-0.968,-1.781
-1.044,-2.108
-1.106,-0.031
-1.145,-1.878
-1.26,-1.532
-1.301,-1.53
-1.266,0.418
-1.324,-1.606
-1.309,-0.86
-1.361,-0.5
-1.297,0.252
-1.391,-1.19
-1.402,-1.229
-1.327,0.448
-1.419,-2.436
-1.37,-0.924
-1.394,-2.286
-1.489,-0.869
-1.472,0.493
-1.639,-2.085
-1.583,0.028
-1.591,-2.07
-1.692,0.098
-1.685,-1.8
-1.657,0.107
-1.728,-2.115
-1.72,-0.023
-1.775,-1.498
-1.802,-1.938
-1.758,0.665
-1.753,0.547
-1.779,-0.22
-1.778,-1.334
-1.88,-2.17
-1.817,0.031
-1.946,-2.146
-1.958,-1.014
-1.959,-2.147
-1.974,-0.114
-1.956,-1.314
-2.039,-0.686
-2.006,0.224
-2.006,-1.279
-2.075,0.484
-2.039,-1.561
-2.053,-1.089
-2.153,-2.4
-2.161,-0.486
-2.12,-1.396
-2.216,-0.643
-2.328,-1.121
-2.506,-1.012
-2.525,-1.256
-2.468,0.408
-2.497,-2.111
-2.496,-1.558
-2.575,0.179
-2.583,-0.236
-2.614,0.014
-2.549,-1.314
-2.651,-1.802
-2.639,-1.28
-2.62,-1.312
-2.707,-1.898
-2.732,-2.457
-2.707,0.38
-2.843,-1.245
-2.933,-1.29
-2.944,-0.29
-3.021,-1.041
-3.037,-2.918
-3.033,-1.193
-3.131,-2.133
-3.137,-1.096
2.884,-2.94
2.943,-2.002
2.86,-0.709
2.858,-2.065
2.881,-0.875
2.889,-0.593
2.762,-2.84
2.797,-0.586
2.733,-0.457
2.688,-1.166
2.53,0.39
2.434,-1.928
2.371,0.284
2.386,-0.889
2.363,0.636
2.415,-0.452
2.321,-1.779
2.253,-3.383
2.153,-3.302
2.219,-3.283
1.798,-3.228
1.778,-3.313
1.198,-3.228
0.33,-3.205
-1.495,-3.376
-1.885,-3.433
-2.533,-3.438
-2.676,-3.208
-2.843,-3.387
3.134,-3.474
3.015,-3.476
2.962,-3.348
2.57,-3.322
2.452,-3.406
1.938,0.829
1.192,0.916
1.09,0.864
0.871,0.924
-0.748,0.84
-1.38,0.857
-1.697,0.81
-1.697,0.807
-1.785,0.826
-2.515,0.717
3.123,0.829
2.887,0.619
1.766,-1.851
1.112,-2.058
0.849,0.343
0.281,0.293
-1.323,-2.885
0.804,-3.268
2.215,-1.473
2.226,-1.052
2.192,-2.519
2.194,0.653
1.987,-0.601
2.034,-2.016
1.839,-1.498
1.936,-1.444
1.79,0.375
1.898,-2.89
1.745,0.638
1.755,0.829
1.724,-0.929
1.822,-0.585
1.667,0.166
1.646,-2.537
1.612,-2.372
1.552,-1.06
1.614,-0.321
1.539,0.654
1.476,-0.01
1.438,0.697
1.213,-1.256
1.191,0.455
1.159,0.31
1.27,-2.249
1.1,0.334
1.23,-0.257
1.045,-2.575
1.134,-1.845
1.075,-2.914
0.984,-2.055
0.935,-1.427
0.915,-1.116
0.646,-0.238
0.764,-1.967
0.73,-0.741
0.704,-0.419
0.666,-0.24
0.621,0.354
0.61,-0.587
0.478,0.708
0.57,-1.361
0.218,0.431
0.194,0.319
0.283,-1.251
0.118,-2.423
0.116,-1.347
0.031,-0.25
0.15,0.49
-0.015,-1.879
0.085,-2.231
-0.06,0.362
-0.028,-0.668
-0.235,-0.753
-0.267,-2.459
-0.302,-2.451
-0.525,-2.096
-0.544,-1.534
-0.716,-1.117
-0.734,-0.254
-0.784,-2.307
-0.673,-0.327
-0.822,-1.594
-0.827,-2.003
-0.854,-1.511
-1.001,-1.06
-1.065,-2.254
-1.169,-1.583
-1.216,-1.072
-1.242,-1.899
-1.254,-2.288
-1.273,-1.801
-1.397,-0.594
-1.594,0.477
-1.618,-0.784
-1.666,0.34
-1.557,-0.273
-1.7,0.514
-1.744,0.084
-1.851,-0.244
-1.727,-0.56
-1.848,-2.332
-1.883,-1.144
-2.123,-1.782
-2.156,-1.203
-2.28,-1.271
-2.2,0.257
-2.375,-0.267
-2.528,-2.308
-2.625,-0.675
-2.575,-2.093
-2.73,0.18
-2.672,-2.326
-2.871,-2.527
-2.974,-0.106
-2.884,-0.588
-3.09,-0.174
-3.079,-1.259
3.045,-0.073
2.919,-1.882
2.926,-0.605
2.977,-0.659
2.975,-2.085
2.636,-0.234
2.723,-2.838
2.542,-0.959
2.567,-1.438
2.344,0.208
1.986,-3.406
1.301,-3.207
0.217,-3.311
0.237,-3.193
-0.358,-3.229
-0.582,-3.31
-1.416,-3.356
-2.168,-3.476
-2.616,-3.22
3.132,-3.282
-0.086,0.582
-1.04,0.874
-1.749,0.88
3.097,0.609
2.198,-2.235
1.853,-1.015
1.154,-2.236
0.379,-1.612
0.157,-2.231
-0.192,-2.205
-1.966,-2.26
-2.58,-0.997
1.487,-1.838
-0.489,-0.779
-2.423,-1.586
-2.738,-2.472
-2.843,-2.058
3.0,-2.467
2.802,-2.419
2.734,-1.651
1.196,-1.697
0.2,-0.008
3.078,-1.079
1.63,-2.948
1.32,-2.999
0.808,-3.16
-0.567,-3.204
-1.156,-3.046
-1.485,-3.11
-1.642,-3.19
-1.699,-3.117
-3.055,-3.179
3.041,-3.18
1.316,-3.401
-0.511,-3.574
-0.967,-3.435
-1.668,-3.631
0.063,1.016
-0.086,0.346
-0.097,-0.63
-0.099,1.307
-0.14,-0.249
-0.078,2.423
-0.336,-0.072
-0.387,0.036
-0.406,0.232
-0.503,-0.507
-0.595,0.686
-0.739,0.693
-0.745,-0.438
-0.765,-0.858
-0.737,1.971
-0.727,1.87
-0.759,-0.544
-0.843,2.319
-0.83,-0.079
-0.846,2.078
-0.944,-0.496
-0.877,-0.128
-0.922,-0.014
-0.998,-0.341
-1.06,1.736
-1.099,-0.111
-1.214,0.235
-1.255,0.237
-1.22,2.185
-1.278,0.161
-1.263,0.907
-1.315,1.267
-1.251,2.019
-1.345,0.577
-1.356,0.538
-1.281,2.215
-1.373,-0.669
-1.324,0.843
-1.348,-0.519
-1.443,0.898
-1.426,2.26
-1.593,-0.318
-1.537,1.795
-1.545,-0.303
-1.646,1.865
-1.639,-0.033
-1.611,1.874
-1.682,-0.348
-1.674,1.744
-1.729,0.269
-1.756,-0.171
-1.712,2.432
-1.707,2.314
-1.733,1.547
-1.732,0.433
-1.834,-0.403
-1.771,1.798
-1.9,-0.379
-1.912,0.753
-1.913,-0.38
-1.928,1.653
-1.91,0.453
-1.993,1.081
-1.96,1.991
-1.96,0.488
-2.029,2.251
-1.993,0.206
-2.007,0.678
-2.107,-0.633
-2.115,1.281
-2.074,0.371
-2.17,1.124
-2.282,0.646
-2.46,0.755
-2.479,0.511
-2.422,2.175
-2.451,-0.344
-2.45,0.209
-2.529,1.946
-2.537,1.531
-2.568,1.781
-2.503,0.453
-2.605,-0.035
-2.593,0.487
-2.574,0.455
-2.661,-0.131
-2.686,-0.69
-2.661,2.147
-2.797,0.522
-2.887,0.477
-2.898,1.477
-2.975,0.726
-2.991,-1.151
-2.987,0.574
-3.085,-0.366
-3.091,0.671
2.93,-1.173
2.989,-0.235
2.906,1.058
2.904,-0.298
2.927,0.892
2.935,1.174
2.808,-1.073
2.843,1.181
2.779,1.31
2.734,0.601
2.576,2.157
2.48,-0.161
2.417,2.051
2.432,0.878
2.409,2.403
2.461,1.315
2.367,-0.012
2.299,-1.616
2.199,-1.535
2.265,-1.516
1.844,-1.461
1.824,-1.546
1.244,-1.461
0.376,-1.438
-1.449,-1.609
-1.839,-1.666
-2.487,-1.671
-2.63,-1.441
-2.797,-1.62
-3.103,-1.707
3.061,-1.709
3.008,-1.581
2.616,-1.555
2.498,-1.639
1.984,2.596
1.238,2.683
1.136,2.631
0.917,2.691
-0.702,2.607
-1.334,2.624
-1.651,2.577
-1.651,2.574
-1.739,2.593
-2.469,2.484
-3.114,2.596
2.933,2.386
1.812,-0.084
1.158,-0.291
0.895,2.11
0.327,2.06
-1.277,-1.118
0.85,-1.501
2.261,0.294
2.272,0.715
2.238,-0.752
2.24,2.42
2.033,1.166
2.08,-0.249
1.885,0.269
1.982,0.323
1.836,2.142
1.944,-1.123
1.791,2.405
1.801,2.596
1.77,0.838
1.868,1.182
1.713,1.933
1.692,-0.77
1.658,-0.605
1.598,0.707
1.66,1.446
1.585,2.421
1.522,1.757
1.484,2.464
1.259,0.511
1.237,2.222
1.205,2.077
1.316,-0.482
1.146,2.101
1.276,1.51
1.091,-0.808
1.18,-0.078
1.121,-1.147
1.03,-0.288
0.981,0.34
0.961,0.651
0.692,1.529
0.81,-0.2
0.776,1.026
0.75,1.348
0.712,1.527
0.667,2.121
0.656,1.18
0.524,2.475
0.616,0.406
0.264,2.198
0.24,2.086
0.329,0.516
0.164,-0.656
0.162,0.42
0.077,1.517
0.196,2.257
0.031,-0.112
0.131,-0.464
-0.014,2.129
0.018,1.099
-0.189,1.014
-0.221,-0.692
-0.256,-0.684
-0.479,-0.329
-0.498,0.233
-0.67,0.65
-0.688,1.513
-0.738,-0.54
-0.627,1.44
-0.776,0.173
-0.781,-0.236
-0.808,0.256
-0.955,0.707
-1.019,-0.487
-1.123,0.184
-1.17,0.695
-1.196,-0.132
-1.208,-0.521
-1.227,-0.034
-1.351,1.173
-1.548,2.244
-1.572,0.983
-1.62,2.107
-1.511,1.494
-1.654,2.281
-1.698,1.851
-1.805,1.523
-1.681,1.207
-1.802,-0.565
-1.837,0.623
-2.077,-0.015
-2.11,0.564
-2.234,0.496
-2.154,2.024
-2.329,1.5
-2.482,-0.541
-2.579,1.092
-2.529,-0.326
-2.684,1.947
-2.626,-0.559
-2.825,-0.76
-2.928,1.661
-2.838,1.179
-3.044,1.593
-3.033,0.508
3.091,1.694
2.965,-0.115
2.972,1.162
3.023,1.108
3.021,-0.318
2.682,1.533
2.769,-1.071
2.588,0.808
2.613,0.329
2.39,1.975
2.032,-1.639
1.347,-1.44
0.263,-1.544
0.283,-1.426
-0.312,-1.462
-0.536,-1.543
-1.37,-1.589
-2.122,-1.709
-2.57,-1.453
-3.105,-1.515
-0.04,2.349
-0.994,2.641
-1.703,2.647
-3.14,2.376
2.244,-0.468
1.899,0.752
1.2,-0.469
0.425,0.155
0.203,-0.464
-0.146,-0.438
-1.92,-0.493
-2.534,0.77
1.533,-0.071
-0.443,0.988
-2.377,0.181
-2.692,-0.705
-2.797,-0.291
3.046,-0.7
2.848,-0.652
2.78,0.116
1.242,0.07
0.246,1.759
3.124,0.688
1.676,-1.181
1.366,-1.232
0.854,-1.393
-0.521,-1.437
-1.11,-1.279
-1.439,-1.343
-1.596,-1.423
-1.653,-1.35
-3.009,-1.412
3.087,-1.413
1.362,-1.634
-0.465,-1.807
-0.921,-1.668
-1.622,-1.864
-0.149,-0.67
-0.16,-1.646
-0.162,0.291
-0.203,-1.265
-0.141,1.407
-0.399,-1.088
-0.45,-0.98
-0.469,-0.784
-0.566,-1.523
-0.658,-0.33
-0.802,-0.323
-0.808,-1.454
-0.828,-1.874
-0.8,0.955
-0.79,0.854
-0.822,-1.56
-0.906,1.303
-0.893,-1.095
-0.909,1.062
-1.007,-1.512
-0.94,-1.144
-0.985,-1.03
-1.061,-1.357
-1.123,0.72
-1.162,-1.127
-1.277,-0.781
-1.318,-0.779
-1.283,1.169
-1.341,-0.855
-1.326,-0.109
-1.378,0.251
-1.314,1.003
-1.408,-0.439
-1.419,-0.478
-1.344,1.199
-1.436,-1.685
-1.387,-0.173
-1.411,-1.535
-1.506,-0.118
-1.489,1.244
-1.656,-1.334
-1.6,0.779
-1.608,-1.319
-1.709,0.849
-1.702,-1.049
-1.674,0.858
-1.745,-1.364
-1.737,0.728
-1.792,-0.747
-1.819,-1.187
-1.775,1.416
-1.77,1.298
-1.796,0.531
-1.795,-0.583
-1.897,-1.419
-1.834,0.782
-1.963,-1.395
-1.975,-0.263
-1.976,-1.396
-1.991,0.637
-1.973,-0.563
-2.056,0.065
-2.023,0.975
-2.023,-0.528
-2.092,1.235
-2.056,-0.81
-2.07,-0.338
-2.17,-1.649
-2.178,0.265
-2.137,-0.645
-2.233,0.108
-2.345,-0.37
-2.523,-0.261
-2.542,-0.505
-2.485,1.159
-2.514,-1.36
-2.513,-0.807
-2.592,0.93
-2.6,0.515
-2.631,0.765
-2.566,-0.563
-2.668,-1.051
-2.656,-0.529
-2.637,-0.561
-2.724,-1.147
-2.749,-1.706
-2.724,1.131
-2.86,-0.494
-2.95,-0.539
-2.961,0.461
-3.038,-0.29
-3.054,-2.167
-3.05,-0.442
3.135,-1.382
3.129,-0.345
2.867,-2.189
2.926,-1.251
2.843,0.042
2.841,-1.314
2.864,-0.124
2.872,0.158
2.745,-2.089
2.78,0.165
2.716,0.294
2.671,-0.415
2.513,1.141
2.417,-1.177
2.354,1.035
2.369,-0.138
2.346,1.387
2.398,0.299
2.304,-1.028
2.236,-2.632
2.136,-2.551
2.202,-2.532
1.781,-2.477
1.761,-2.562
1.181,-2.477
0.313,-2.454
-1.512,-2.625
-1.902,-2.682
-2.55,-2.687
-2.693,-2.457
-2.86,-2.636
3.117,-2.723
2.998,-2.725
2.945,-2.597
2.553,-2.571
2.435,-2.655
1.921,1.58
1.175,1.667
1.073,1.615
0.854,1.675
-0.765,1.591
-1.397,1.608
-1.714,1.561
-1.714,1.558
-1.802,1.577
-2.532,1.468
3.106,1.58
2.87,1.37
1.749,-1.1
1.095,-1.307
0.832,1.094
0.264,1.044
-1.34,-2.134
0.787,-2.517
2.198,-0.722
2.209,-0.301
2.175,-1.768
2.177,1.404
1.97,0.15
2.017,-1.265
1.822,-0.747
1.919,-0.693
1.773,1.126
1.881,-2.139
1.728,1.389
1.738,1.58
1.707,-0.178
1.805,0.166
1.65,0.917
1.629,-1.786
1.595,-1.621
1.535,-0.309
1.597,0.43
1.522,1.405
1.459,0.741
1.421,1.448
1.196,-0.505
1.174,1.206
1.142,1.061
1.253,-1.498
1.083,1.085
1.213,0.494
1.028,-1.824
1.117,-1.094
1.058,-2.163
0.967,-1.304
0.918,-0.676
0.898,-0.365
0.629,0.513
0.747,-1.216
0.713,0.01
0.687,0.332
0.649,0.511
0.604,1.105
0.593,0.164
0.461,1.459
0.553,-0.61
0.201,1.182
0.177,1.07
0.266,-0.5
0.101,-1.672
0.099,-0.596
0.014,0.501
0.133,1.241
-0.032,-1.128
0.068,-1.48
-0.077,1.113
-0.045,0.083
-0.252,-0.002
-0.284,-1.708
-0.319,-1.7
-0.542,-1.345
-0.561,-0.783
-0.733,-0.366
-0.751,0.497
-0.801,-1.556
-0.69,0.424
-0.839,-0.843
-0.844,-1.252
-0.871,-0.76
-1.018,-0.309
-1.082,-1.503
-1.186,-0.832
-1.233,-0.321
-1.259,-1.148
-1.271,-1.537
-1.29,-1.05
-1.414,0.157
-1.611,1.228
-1.635,-0.033
-1.683,1.091
-1.574,0.478
-1.717,1.265
-1.761,0.835
-1.868,0.507
-1.744,0.191
-1.865,-1.581
-1.9,-0.393
-2.14,-1.031
-2.173,-0.452
-2.297,-0.52
-2.217,1.008
-2.392,0.484
-2.545,-1.557
-2.642,0.076
-2.592,-1.342
-2.747,0.931
-2.689,-1.575
-2.888,-1.776
-2.991,0.645
-2.901,0.163
-3.107,0.577
-3.096,-0.508
3.028,0.678
2.902,-1.131
2.909,0.146
2.96,0.092
2.958,-1.334
2.619,0.517
2.706,-2.087
2.525,-0.208
2.55,-0.687
2.327,0.959
1.969,-2.655
1.284,-2.456
0.2,-2.56
0.22,-2.442
-0.375,-2.478
-0.599,-2.559
-1.433,-2.605
-2.185,-2.725
-2.633,-2.469
3.115,-2.531
-0.103,1.333
-1.057,1.625
-1.766,1.631
3.08,1.36
2.181,-1.484
1.836,-0.264
1.137,-1.485
0.362,-0.861
0.14,-1.48
-0.209,-1.454
-1.983,-1.509
-2.597,-0.246
1.47,-1.087
-0.506,-0.028
-2.44,-0.835
-2.755,-1.721
-2.86,-1.307
2.983,-1.716
2.785,-1.668
2.717,-0.9
1.179,-0.946
0.183,0.743
3.061,-0.328
1.613,-2.197
1.303,-2.248
0.791,-2.409
-0.584,-2.453
-1.173,-2.295
-1.502,-2.359
-1.659,-2.439
-1.716,-2.366
-3.072,-2.428
3.024,-2.429
1.299,-2.65
-0.528,-2.823
-0.984,-2.684
-1.685,-2.88
-0.011,-0.976
-0.013,0.961
-0.054,-0.595
0.008,2.077
-0.25,-0.418
-0.301,-0.31
-0.32,-0.114
-0.417,-0.853
-0.509,0.34
-0.653,0.347
-0.659,-0.784
-0.679,-1.204
-0.651,1.625
-0.641,1.524
-0.673,-0.89
-0.757,1.973
-0.744,-0.425
-0.76,1.732
-0.858,-0.842
-0.791,-0.474
-0.836,-0.36
-0.912,-0.687
-0.974,1.39
-1.013,-0.457
-1.128,-0.111
-1.169,-0.109
-1.134,1.839
-1.192,-0.185
-1.177,0.561
-1.229,0.921
-1.165,1.673
-1.259,0.231
-1.27,0.192
-1.195,1.869
-1.287,-1.015
-1.238,0.497
-1.262,-0.865
-1.357,0.552
-1.34,1.914
-1.507,-0.664
-1.451,1.449
-1.459,-0.649
-1.56,1.519
-1.553,-0.379
-1.525,1.528
-1.596,-0.694
-1.588,1.398
-1.643,-0.077
-1.67,-0.517
-1.626,2.086
-1.621,1.968
-1.647,1.201
-1.646,0.087
-1.748,-0.749
-1.685,1.452
-1.814,-0.725
-1.826,0.407
-1.827,-0.726
-1.842,1.307
-1.824,0.107
-1.907,0.735
-1.874,1.645
-1.874,0.142
-1.943,1.905
-1.907,-0.14
-1.921,0.332
-2.021,-0.979
-2.029,0.935
-1.988,0.025
-2.084,0.778
-2.196,0.3
-2.374,0.409
-2.393,0.165
-2.336,1.829
-2.365,-0.69
-2.364,-0.137
-2.443,1.6
-2.451,1.185
-2.482,1.435
-2.417,0.107
-2.519,-0.381
-2.507,0.141
-2.488,0.109
-2.575,-0.477
-2.6,-1.036
-2.575,1.801
-2.711,0.176
-2.801,0.131
-2.812,1.131
-2.889,0.38
-2.905,-1.497
-2.901,0.228
-2.999,-0.712
-3.005,0.325
3.016,-1.519
3.075,-0.581
2.992,0.712
2.99,-0.644
3.013,0.546
3.021,0.828
2.894,-1.419
2.929,0.835
2.865,0.964
2.82,0.255
2.662,1.811
2.566,-0.507
2.503,1.705
2.518,0.532
2.495,2.057
2.547,0.969
2.453,-0.358
2.385,-1.962
2.285,-1.881
2.351,-1.862
1.93,-1.807
1.91,-1.892
1.33,-1.807
0.462,-1.784
-1.363,-1.955
-1.753,-2.012
-2.401,-2.017
-2.544,-1.787
-2.711,-1.966
-3.017,-2.053
-3.136,-2.055
3.094,-1.927
2.702,-1.901
2.584,-1.985
2.07,2.25
1.324,2.337
1.222,2.285
1.003,2.345
-0.616,2.261
-1.248,2.278
-1.565,2.231
-1.565,2.228
-1.653,2.247
-2.383,2.138
-3.028,2.25
3.019,2.04
1.898,-0.43
1.244,-0.637
0.981,1.764
0.413,1.714
-1.191,-1.464
0.936,-1.847
2.347,-0.052
2.358,0.369
2.324,-1.098
2.326,2.074
2.119,0.82
2.166,-0.595
1.971,-0.077
2.068,-0.023
1.922,1.796
2.03,-1.469
1.877,2.059
1.887,2.25
1.856,0.492
1.954,0.836
1.799,1.587
1.778,-1.116
1.744,-0.951
1.684,0.361
1.746,1.1
1.671,2.075
1.608,1.411
1.57,2.118
1.345,0.165
1.323,1.876
1.291,1.731
1.402,-0.828
1.232,1.755
1.362,1.164
1.177,-1.154
1.266,-0.424
1.207,-1.493
1.116,-0.634
1.067,-0.006
1.047,0.305
0.778,1.183
0.896,-0.546
0.862,0.68
0.836,1.002
0.798,1.181
0.753,1.775
0.742,0.834
0.61,2.129
0.702,0.06
0.35,1.852
0.326,1.74
0.415,0.17
0.25,-1.002
0.248,0.074
0.163,1.171
0.282,1.911
0.117,-0.458
0.217,-0.81
0.072,1.783
0.104,0.753
-0.103,0.668
-0.135,-1.038
-0.17,-1.03
-0.393,-0.675
-0.412,-0.113
-0.584,0.304
-0.602,1.167
-0.652,-0.886
-0.541,1.094
-0.69,-0.173
-0.695,-0.582
-0.722,-0.09
-0.869,0.361
-0.933,-0.833
-1.037,-0.162
-1.084,0.349
-1.11,-0.478
-1.122,-0.867
-1.141,-0.38
-1.265,0.827
-1.462,1.898
-1.486,0.637
-1.534,1.761
-1.425,1.148
-1.568,1.935
-1.612,1.505
-1.719,1.177
-1.595,0.861
-1.716,-0.911
-1.751,0.277
-1.991,-0.361
-2.024,0.218
-2.148,0.15
-2.068,1.678
-2.243,1.154
-2.396,-0.887
-2.493,0.746
-2.443,-0.672
-2.598,1.601
-2.54,-0.905
-2.739,-1.106
-2.842,1.315
-2.752,0.833
-2.958,1.247
-2.947,0.162
-3.106,1.348
3.051,-0.461
3.058,0.816
3.109,0.762
3.107,-0.664
2.768,1.187
2.855,-1.417
2.674,0.462
2.699,-0.017
2.476,1.629
2.118,-1.985
1.433,-1.786
0.349,-1.89
0.369,-1.772
-0.226,-1.808
-0.45,-1.889
-1.284,-1.935
-2.036,-2.055
-2.484,-1.799
-3.019,-1.861
0.046,2.003
-0.908,2.295
-1.617,2.301
-3.054,2.03
2.33,-0.814
1.985,0.406
1.286,-0.815
0.511,-0.191
0.289,-0.81
-0.06,-0.784
-1.834,-0.839
-2.448,0.424
1.619,-0.417
-0.357,0.642
-2.291,-0.165
-2.606,-1.051
-2.711,-0.637
3.132,-1.046
2.934,-0.998
2.866,-0.23
1.328,-0.276
0.332,1.413
-3.073,0.342
1.762,-1.527
1.452,-1.578
0.94,-1.739
-0.435,-1.783
-1.024,-1.625
-1.353,-1.689
-1.51,-1.769
-1.567,-1.696
-2.923,-1.758
-3.11,-1.759
1.448,-1.98
-0.379,-2.153
-0.835,-2.014
-1.536,-2.21
-0.002,1.937
-0.043,0.381
0.019,3.053
-0.239,0.558
-0.29,0.666
-0.309,0.862
-0.406,0.123
-0.498,1.316
-0.642,1.323
-0.648,0.192
-0.668,-0.228
-0.64,2.601
-0.63,2.5
-0.662,0.086
-0.746,2.949
-0.733,0.551
-0.749,2.708
-0.847,0.134
-0.78,0.502
-0.825,0.616
-0.901,0.289
-0.963,2.366
-1.002,0.519
-1.117,0.865
-1.158,0.867
-1.123,2.815
-1.181,0.791
-1.166,1.537
-1.218,1.897
-1.154,2.649
-1.248,1.207
-1.259,1.168
-1.184,2.845
-1.276,-0.039
-1.227,1.473
-1.251,0.111
-1.346,1.528
-1.329,2.89
-1.496,0.312
-1.44,2.425
-1.448,0.327
-1.549,2.495
-1.542,0.597
-1.514,2.504
-1.585,0.282
-1.577,2.374
-1.632,0.899
-1.659,0.459
-1.615,3.062
-1.61,2.944
-1.636,2.177
-1.635,1.063
-1.737,0.227
-1.674,2.428
-1.803,0.251
-1.815,1.383
-1.816,0.25
-1.831,2.283
-1.813,1.083
-1.896,1.711
-1.863,2.621
-1.863,1.118
-1.932,2.881
-1.896,0.836
-1.91,1.308
-2.01,-0.003
-2.018,1.911
-1.977,1.001
-2.073,1.754
-2.185,1.276
-2.363,1.385
-2.382,1.141
-2.325,2.805
-2.354,0.286
-2.353,0.839
-2.432,2.576
-2.44,2.161
-2.471,2.411
-2.406,1.083
-2.508,0.595
-2.496,1.117
-2.477,1.085
-2.564,0.499
-2.589,-0.06
-2.564,2.777
-2.7,1.152
-2.79,1.107
-2.801,2.107
-2.878,1.356
-2.894,-0.521
-2.89,1.204
-2.988,0.264
-2.994,1.301
3.027,-0.543
3.086,0.395
3.003,1.688
3.001,0.332
3.024,1.522
3.032,1.804
2.905,-0.443
2.94,1.811
2.876,1.94
2.831,1.231
2.673,2.787
2.577,0.469
2.514,2.681
2.529,1.508
2.506,3.033
2.558,1.945
2.464,0.618
2.396,-0.986
2.296,-0.905
2.362,-0.886
1.941,-0.831
1.921,-0.916
1.341,-0.831
0.473,-0.808
-1.352,-0.979
-1.742,-1.036
-2.39,-1.041
-2.533,-0.811
-2.7,-0.99
-3.006,-1.077
-3.125,-1.079
3.105,-0.951
2.713,-0.925
2.595,-1.009
2.081,3.226
1.335,3.313
1.233,3.261
1.014,3.321
-0.605,3.237
-1.237,3.254
-1.554,3.207
-1.554,3.204
-1.642,3.223
-2.372,3.114
-3.017,3.226
3.03,3.016
1.909,0.546
1.255,0.339
0.992,2.74
0.424,2.69
-1.18,-0.488
0.947,-0.871
2.358,0.924
2.369,1.345
2.335,-0.122
2.337,3.05
2.13,1.796
2.177,0.381
1.982,0.899
2.079,0.953
1.933,2.772
2.041,-0.493
1.888,3.035
1.898,3.226
1.867,1.468
1.965,1.812
1.81,2.563
1.789,-0.14
1.755,0.025
1.695,1.337
1.757,2.076
1.682,3.051
1.619,2.387
1.581,3.094
1.356,1.141
1.334,2.852
1.302,2.707
1.413,0.148
1.243,2.731
1.373,2.14
1.188,-0.178
1.277,0.552
1.218,-0.517
1.127,0.342
1.078,0.97
1.058,1.281
0.789,2.159
0.907,0.43
0.873,1.656
0.847,1.978
0.809,2.157
0.764,2.751
0.753,1.81
0.621,3.105
0.713,1.036
0.361,2.828
0.337,2.716
0.426,1.146
0.261,-0.026
0.259,1.05
0.174,2.147
0.293,2.887
0.128,0.518
0.228,0.166
0.083,2.759
0.115,1.729
-0.092,1.644
-0.124,-0.062
-0.159,-0.054
-0.382,0.301
-0.401,0.863
-0.573,1.28
-0.591,2.143
-0.641,0.09
-0.53,2.07
-0.679,0.803
-0.684,0.394
-0.711,0.886
-0.858,1.337
-0.922,0.143
-1.026,0.814
-1.073,1.325
-1.099,0.498
-1.111,0.109
-1.13,0.596
-1.254,1.803
-1.451,2.874
-1.475,1.613
-1.523,2.737
-1.414,2.124
-1.557,2.911
-1.601,2.481
-1.708,2.153
-1.584,1.837
-1.705,0.065
-1.74,1.253
-1.98,0.615
-2.013,1.194
-2.137,1.126
-2.057,2.654
-2.232,2.13
-2.385,0.089
-2.482,1.722
-2.432,0.304
-2.587,2.577
-2.529,0.071
-2.728,-0.13
-2.831,2.291
-2.741,1.809
-2.947,2.223
-2.936,1.138
-3.095,2.324
3.062,0.515
3.069,1.792
3.12,1.738
3.118,0.312
2.779,2.163
2.866,-0.441
2.685,1.438
2.71,0.959
2.487,2.605
2.129,-1.009
1.444,-0.81
0.36,-0.914
0.38,-0.796
-0.215,-0.832
-0.439,-0.913
-1.273,-0.959
-2.025,-1.079
-2.473,-0.823
-3.008,-0.885
0.057,2.979
-0.897,3.271
-1.606,3.277
-3.043,3.006
2.341,0.162
1.996,1.382
1.297,0.161
0.522,0.785
0.3,0.166
-0.049,0.192
-1.823,0.137
-2.437,1.4
1.63,0.559
-0.346,1.618
-2.28,0.811
-2.595,-0.075
-2.7,0.339
-3.14,-0.07
2.945,-0.022
2.877,0.746
1.339,0.7
0.343,2.389
-3.062,1.318
1.773,-0.551
1.463,-0.602
0.951,-0.763
-0.424,-0.807
-1.013,-0.649
-1.342,-0.713
-1.499,-0.793
-1.556,-0.72
-2.912,-0.782
-3.099,-0.783
1.459,-1.004
-0.368,-1.177
-0.824,-1.038
-1.525,-1.234
-0.041,-1.556
0.021,1.116
-0.237,-1.379
-0.288,-1.271
-0.307,-1.075
-0.404,-1.814
-0.496,-0.621
-0.64,-0.614
-0.646,-1.745
-0.666,-2.165
-0.638,0.664
-0.628,0.563
-0.66,-1.851
-0.744,1.012
-0.731,-1.386
-0.747,0.771
-0.845,-1.803
-0.778,-1.435
-0.823,-1.321
-0.899,-1.648
-0.961,0.429
-1.0,-1.418
-1.115,-1.072
-1.156,-1.07
-1.121,0.878
-1.179,-1.146
-1.164,-0.4
-1.216,-0.04
-1.152,0.712
-1.246,-0.73
-1.257,-0.769
-1.182,0.908
-1.274,-1.976
-1.225,-0.464
-1.249,-1.826
-1.344,-0.409
-1.327,0.953
-1.494,-1.625
-1.438,0.488
-1.446,-1.61
-1.547,0.558
-1.54,-1.34
-1.512,0.567
-1.583,-1.655
-1.575,0.437
-1.63,-1.038
-1.657,-1.478
-1.613,1.125
-1.608,1.007
-1.634,0.24
-1.633,-0.874
-1.735,-1.71
-1.672,0.491
-1.801,-1.686
-1.813,-0.554
-1.814,-1.687
-1.829,0.346
-1.811,-0.854
-1.894,-0.226
-1.861,0.684
-1.861,-0.819
-1.93,0.944
-1.894,-1.101
-1.908,-0.629
-2.008,-1.94
-2.016,-0.026
-1.975,-0.936
-2.071,-0.183
-2.183,-0.661
-2.361,-0.552
-2.38,-0.796
-2.323,0.868
-2.352,-1.651
-2.351,-1.098
-2.43,0.639
-2.438,0.224
-2.469,0.474
-2.404,-0.854
-2.506,-1.342
-2.494,-0.82
-2.475,-0.852
-2.562,-1.438
-2.587,-1.997
-2.562,0.84
-2.698,-0.785
-2.788,-0.83
-2.799,0.17
-2.876,-0.581
-2.892,-2.458
-2.888,-0.733
-2.986,-1.673
-2.992,-0.636
3.029,-2.48
3.088,-1.542
3.005,-0.249
3.003,-1.605
3.026,-0.415
3.034,-0.133
2.907,-2.38
2.942,-0.126
2.878,0.003
2.833,-0.706
2.675,0.85
2.579,-1.468
2.516,0.744
2.531,-0.429
2.508,1.096
2.56,0.008
2.466,-1.319
2.398,-2.923
2.298,-2.842
2.364,-2.823
1.943,-2.768
1.923,-2.853
1.343,-2.768
0.475,-2.745
-1.35,-2.916
-1.74,-2.973
-2.388,-2.978
-2.531,-2.748
-2.698,-2.927
-3.004,-3.014
-3.123,-3.016
3.107,-2.888
2.715,-2.862
2.597,-2.946
2.083,1.289
1.337,1.376
1.235,1.324
1.016,1.384
-0.603,1.3
-1.235,1.317
-1.552,1.27
-1.552,1.267
-1.64,1.286
-2.37,1.177
-3.015,1.289
3.032,1.079
1.911,-1.391
1.257,-1.598
0.994,0.803
0.426,0.753
-1.178,-2.425
0.949,-2.808
2.36,-1.013
2.371,-0.592
2.337,-2.059
2.339,1.113
2.132,-0.141
2.179,-1.556
1.984,-1.038
2.081,-0.984
1.935,0.835
2.043,-2.43
1.89,1.098
1.9,1.289
1.869,-0.469
1.967,-0.125
1.812,0.626
1.791,-2.077
1.757,-1.912
1.697,-0.6
1.759,0.139
1.684,1.114
1.621,0.45
1.583,1.157
1.358,-0.796
1.336,0.915
1.304,0.77
1.415,-1.789
1.245,0.794
1.375,0.203
1.19,-2.115
1.279,-1.385
1.22,-2.454
1.129,-1.595
1.08,-0.967
1.06,-0.656
0.791,0.222
0.909,-1.507
0.875,-0.281
0.849,0.041
0.811,0.22
0.766,0.814
0.755,-0.127
0.623,1.168
0.715,-0.901
0.363,0.891
0.339,0.779
0.428,-0.791
0.263,-1.963
0.261,-0.887
0.176,0.21
0.295,0.95
0.13,-1.419
0.23,-1.771
0.085,0.822
0.117,-0.208
-0.09,-0.293
-0.122,-1.999
-0.157,-1.991
-0.38,-1.636
-0.399,-1.074
-0.571,-0.657
-0.589,0.206
-0.639,-1.847
-0.528,0.133
-0.677,-1.134
-0.682,-1.543
-0.709,-1.051
-0.856,-0.6
-0.92,-1.794
-1.024,-1.123
-1.071,-0.612
-1.097,-1.439
-1.109,-1.828
-1.128,-1.341
-1.252,-0.134
-1.449,0.937
-1.473,-0.324
-1.521,0.8
-1.412,0.187
-1.555,0.974
-1.599,0.544
-1.706,0.216
-1.582,-0.1
-1.703,-1.872
-1.738,-0.684
-1.978,-1.322
-2.011,-0.743
-2.135,-0.811
-2.055,0.717
-2.23,0.193
-2.383,-1.848
-2.48,-0.215
-2.43,-1.633
-2.585,0.64
-2.527,-1.866
-2.726,-2.067
-2.829,0.354
-2.739,-0.128
-2.945,0.286
-2.934,-0.799
-3.093,0.387
3.064,-1.422
3.071,-0.145
3.122,-0.199
3.12,-1.625
2.781,0.226
2.868,-2.378
2.687,-0.499
2.712,-0.978
2.489,0.668
2.131,-2.946
1.446,-2.747
0.362,-2.851
0.382,-2.733
-0.213,-2.769
-0.437,-2.85
-1.271,-2.896
-2.023,-3.016
-2.471,-2.76
-3.006,-2.822
0.059,1.042
-0.895,1.334
-1.604,1.34
-3.041,1.069
2.343,-1.775
1.998,-0.555
1.299,-1.776
0.524,-1.152
0.302,-1.771
-0.047,-1.745
-1.821,-1.8
-2.435,-0.537
1.632,-1.378
-0.344,-0.319
-2.278,-1.126
-2.593,-2.012
-2.698,-1.598
-3.138,-2.007
2.947,-1.959
2.879,-1.191
1.341,-1.237
0.345,0.452
-3.06,-0.619
1.775,-2.488
1.465,-2.539
0.953,-2.7
-0.422,-2.744
-1.011,-2.586
-1.34,-2.65
-1.497,-2.73
-1.554,-2.657
-2.91,-2.719
-3.097,-2.72
1.461,-2.941
-0.366,-3.114
-0.822,-2.975
-1.523,-3.171
0.062,2.672
-0.196,0.177
-0.247,0.285
-0.266,0.481
-0.363,-0.258
-0.455,0.935
-0.599,0.942
-0.605,-0.189
-0.625,-0.609
-0.597,2.22
-0.587,2.119
-0.619,-0.295
-0.703,2.568
-0.69,0.17
-0.706,2.327
-0.804,-0.247
-0.737,0.121
-0.782,0.235
-0.858,-0.092
-0.92,1.985
-0.959,0.138
-1.074,0.484
-1.115,0.486
-1.08,2.434
-1.138,0.41
-1.123,1.156
-1.175,1.516
-1.111,2.268
-1.205,0.826
-1.216,0.787
-1.141,2.464
-1.233,-0.42
-1.184,1.092
-1.208,-0.27
-1.303,1.147
-1.286,2.509
-1.453,-0.069
-1.397,2.044
-1.405,-0.054
-1.506,2.114
-1.499,0.216
-1.471,2.123
-1.542,-0.099
-1.534,1.993
-1.589,0.518
-1.616,0.078
-1.572,2.681
-1.567,2.563
-1.593,1.796
-1.592,0.682
-1.694,-0.154
-1.631,2.047
-1.76,-0.13
-1.772,1.002
-1.773,-0.131
-1.788,1.902
-1.77,0.702
-1.853,1.33
-1.82,2.24
-1.82,0.737
-1.889,2.5
-1.853,0.455
-1.867,0.927
-1.967,-0.384
-1.975,1.53
-1.934,0.62
-2.03,1.373
-2.142,0.895
-2.32,1.004
-2.339,0.76
-2.282,2.424
-2.311,-0.095
-2.31,0.458
-2.389,2.195
-2.397,1.78
-2.428,2.03
-2.363,0.702
-2.465,0.214
-2.453,0.736
-2.434,0.704
-2.521,0.118
-2.546,-0.441
-2.521,2.396
-2.657,0.771
-2.747,0.726
-2.758,1.726
-2.835,0.975
-2.851,-0.902
-2.847,0.823
-2.945,-0.117
-2.951,0.92
3.07,-0.924
3.129,0.014
3.046,1.307
3.044,-0.049
3.067,1.141
3.075,1.423
2.948,-0.824
2.983,1.43
2.919,1.559
2.874,0.85
2.716,2.406
2.62,0.088
2.557,2.3
2.572,1.127
2.549,2.652
2.601,1.564
2.507,0.237
2.439,-1.367
2.339,-1.286
2.405,-1.267
1.984,-1.212
1.964,-1.297
1.384,-1.212
0.516,-1.189
-1.309,-1.36
-1.699,-1.417
-2.347,-1.422
-2.49,-1.192
-2.657,-1.371
-2.963,-1.458
-3.082,-1.46
-3.135,-1.332
2.756,-1.306
2.638,-1.39
2.124,2.845
1.378,2.932
1.276,2.88
1.057,2.94
-0.562,2.856
-1.194,2.873
-1.511,2.826
-1.511,2.823
-1.599,2.842
-2.329,2.733
-2.974,2.845
3.073,2.635
1.952,0.165
1.298,-0.042
1.035,2.359
0.467,2.309
-1.137,-0.869
0.99,-1.252
2.401,0.543
2.412,0.964
2.378,-0.503
2.38,2.669
2.173,1.415
2.22,0.0
2.025,0.518
2.122,0.572
1.976,2.391
2.084,-0.874
1.931,2.654
1.941,2.845
1.91,1.087
2.008,1.431
1.853,2.182
1.832,-0.521
1.798,-0.356
1.738,0.956
1.8,1.695
1.725,2.67
1.662,2.006
1.624,2.713
1.399,0.76
1.377,2.471
1.345,2.326
1.456,-0.233
1.286,2.35
1.416,1.759
1.231,-0.559
1.32,0.171
1.261,-0.898
1.17,-0.039
1.121,0.589
1.101,0.9
0.832,1.778
0.95,0.049
0.916,1.275
0.89,1.597
0.852,1.776
0.807,2.37
0.796,1.429
0.664,2.724
0.756,0.655
0.404,2.447
0.38,2.335
0.469,0.765
0.304,-0.407
0.302,0.669
0.217,1.766
0.336,2.506
0.171,0.137
0.271,-0.215
0.126,2.378
0.158,1.348
-0.049,1.263
-0.081,-0.443
-0.116,-0.435
-0.339,-0.08
-0.358,0.482
-0.53,0.899
-0.548,1.762
-0.598,-0.291
-0.487,1.689
-0.636,0.422
-0.641,0.013
-0.668,0.505
-0.815,0.956
-0.879,-0.238
-0.983,0.433
-1.03,0.944
-1.056,0.117
-1.068,-0.272
-1.087,0.215
-1.211,1.422
-1.408,2.493
-1.432,1.232
-1.48,2.356
-1.371,1.743
-1.514,2.53
-1.558,2.1
-1.665,1.772
-1.541,1.456
-1.662,-0.316
-1.697,0.872
-1.937,0.234
-1.97,0.813
-2.094,0.745
-2.014,2.273
-2.189,1.749
-2.342,-0.292
-2.439,1.341
-2.389,-0.077
-2.544,2.196
-2.486,-0.31
-2.685,-0.511
-2.788,1.91
-2.698,1.428
-2.904,1.842
-2.893,0.757
-3.052,1.943
3.105,0.134
3.112,1.411
-3.12,1.357
-3.122,-0.069
2.822,1.782
2.909,-0.822
2.728,1.057
2.753,0.578
2.53,2.224
2.172,-1.39
1.487,-1.191
0.403,-1.295
0.423,-1.177
-0.172,-1.213
-0.396,-1.294
-1.23,-1.34
-1.982,-1.46
-2.43,-1.204
-2.965,-1.266
0.1,2.598
-0.854,2.89
-1.563,2.896
-3.0,2.625
2.384,-0.219
2.039,1.001
1.34,-0.22
0.565,0.404
0.343,-0.215
-0.006,-0.189
-1.78,-0.244
-2.394,1.019
1.673,0.178
-0.303,1.237
-2.237,0.43
-2.552,-0.456
-2.657,-0.042
-3.097,-0.451
2.988,-0.403
2.92,0.365
1.382,0.319
0.386,2.008
-3.019,0.937
1.816,-0.932
1.506,-0.983
0.994,-1.144
-0.381,-1.188
-0.97,-1.03
-1.299,-1.094
-1.456,-1.174
-1.513,-1.101
-2.869,-1.163
-3.056,-1.164
1.502,-1.385
-0.325,-1.558
-0.781,-1.419
-1.482,-1.615
-0.258,-2.495
-0.309,-2.387
-0.328,-2.191
-0.425,-2.93
-0.517,-1.737
-0.661,-1.73
-0.667,-2.861
-0.687,-3.281
-0.659,-0.452
-0.649,-0.553
-0.681,-2.967
-0.765,-0.104
-0.752,-2.502
-0.768,-0.345
-0.866,-2.919
-0.799,-2.551
-0.844,-2.437
-0.92,-2.764
-0.982,-0.687
-1.021,-2.534
-1.136,-2.188
-1.177,-2.186
-1.142,-0.238
-1.2,-2.262
-1.185,-1.516
-1.237,-1.156
-1.173,-0.404
-1.267,-1.846
-1.278,-1.885
-1.203,-0.208
-1.295,-3.092
-1.246,-1.58
-1.27,-2.942
-1.365,-1.525
-1.348,-0.163
-1.515,-2.741
-1.459,-0.628
-1.467,-2.726
-1.568,-0.558
-1.561,-2.456
-1.533,-0.549
-1.604,-2.771
-1.596,-0.679
-1.651,-2.154
-1.678,-2.594
-1.634,0.009
-1.629,-0.109
-1.655,-0.876
-1.654,-1.99
-1.756,-2.826
-1.693,-0.625
-1.822,-2.802
-1.834,-1.67
-1.835,-2.803
-1.85,-0.77
-1.832,-1.97
-1.915,-1.342
-1.882,-0.432
-1.882,-1.935
-1.951,-0.172
-1.915,-2.217
-1.929,-1.745
-2.029,-3.056
-2.037,-1.142
-1.996,-2.052
-2.092,-1.299
-2.204,-1.777
-2.382,-1.668
-2.401,-1.912
-2.344,-0.248
-2.373,-2.767
-2.372,-2.214
-2.451,-0.477
-2.459,-0.892
-2.49,-0.642
-2.425,-1.97
-2.527,-2.458
-2.515,-1.936
-2.496,-1.968
-2.583,-2.554
-2.608,-3.113
-2.583,-0.276
-2.719,-1.901
-2.809,-1.946
-2.82,-0.946
-2.897,-1.697
-2.913,-3.574
-2.909,-1.849
-3.007,-2.789
-3.013,-1.752
3.008,-3.596
3.067,-2.658
2.984,-1.365
2.982,-2.721
3.005,-1.531
3.013,-1.249
2.886,-3.496
2.921,-1.242
2.857,-1.113
2.812,-1.822
2.654,-0.266
2.558,-2.584
2.495,-0.372
2.51,-1.545
2.487,-0.02
2.539,-1.108
2.445,-2.435
2.377,-4.039
2.277,-3.958
2.343,-3.939
1.922,-3.884
1.902,-3.969
1.322,-3.884
0.454,-3.861
-1.371,-4.032
-1.761,-4.089
-2.409,-4.094
-2.552,-3.864
-2.719,-4.043
-3.025,-4.13
3.139,-4.132
3.086,-4.004
2.694,-3.978
2.576,-4.062
2.062,0.173
1.316,0.26
1.214,0.208
0.995,0.268
-0.624,0.184
-1.256,0.201
-1.573,0.154
-1.573,0.151
-1.661,0.17
-2.391,0.061
-3.036,0.173
3.011,-0.037
1.89,-2.507
1.236,-2.714
0.973,-0.313
0.405,-0.363
-1.199,-3.541
0.928,-3.924
2.339,-2.129
2.35,-1.708
2.316,-3.175
2.318,-0.003
2.111,-1.257
2.158,-2.672
1.963,-2.154
2.06,-2.1
1.914,-0.281
2.022,-3.546
1.869,-0.018
1.879,0.173
1.848,-1.585
1.946,-1.241
1.791,-0.49
1.77,-3.193
1.736,-3.028
1.676,-1.716
1.738,-0.977
1.663,-0.002
1.6,-0.666
1.562,0.041
1.337,-1.912
1.315,-0.201
1.283,-0.346
1.394,-2.905
1.224,-0.322
1.354,-0.913
1.169,-3.231
1.258,-2.501
1.199,-3.57
1.108,-2.711
1.059,-2.083
1.039,-1.772
0.77,-0.894
0.888,-2.623
0.854,-1.397
0.828,-1.075
0.79,-0.896
0.745,-0.302
0.734,-1.243
0.602,0.052
0.694,-2.017
0.342,-0.225
0.318,-0.337
0.407,-1.907
0.242,-3.079
0.24,-2.003
0.155,-0.906
0.274,-0.166
0.109,-2.535
0.209,-2.887
0.064,-0.294
0.096,-1.324
-0.111,-1.409
-0.143,-3.115
-0.178,-3.107
-0.401,-2.752
-0.42,-2.19
-0.592,-1.773
-0.61,-0.91
-0.66,-2.963
-0.549,-0.983
-0.698,-2.25
-0.703,-2.659
-0.73,-2.167
-0.877,-1.716
-0.941,-2.91
-1.045,-2.239
-1.092,-1.728
-1.118,-2.555
-1.13,-2.944
-1.149,-2.457
-1.273,-1.25
-1.47,-0.179
-1.494,-1.44
-1.542,-0.316
-1.433,-0.929
-1.576,-0.142
-1.62,-0.572
-1.727,-0.9
-1.603,-1.216
-1.724,-2.988
-1.759,-1.8
-1.999,-2.438
-2.032,-1.859
-2.156,-1.927
-2.076,-0.399
-2.251,-0.923
-2.404,-2.964
-2.501,-1.331
-2.451,-2.749
-2.606,-0.476
-2.548,-2.982
-2.747,-3.183
-2.85,-0.762
-2.76,-1.244
-2.966,-0.83
-2.955,-1.915
-3.114,-0.729
3.043,-2.538
3.05,-1.261
3.101,-1.315
3.099,-2.741
2.76,-0.89
2.847,-3.494
2.666,-1.615
2.691,-2.094
2.468,-0.448
2.11,-4.062
1.425,-3.863
0.341,-3.967
0.361,-3.849
-0.234,-3.885
-0.458,-3.966
-1.292,-4.012
-2.044,-4.132
-2.492,-3.876
-3.027,-3.938
0.038,-0.074
-0.916,0.218
-1.625,0.224
-3.062,-0.047
2.322,-2.891
1.977,-1.671
1.278,-2.892
0.503,-2.268
0.281,-2.887
-0.068,-2.861
-1.842,-2.916
-2.456,-1.653
1.611,-2.494
-0.365,-1.435
-2.299,-2.242
-2.614,-3.128
-2.719,-2.714
3.124,-3.123
2.926,-3.075
2.858,-2.307
1.32,-2.353
0.324,-0.664
-3.081,-1.735
1.754,-3.604
1.444,-3.655
0.932,-3.816
-0.443,-3.86
-1.032,-3.702
-1.361,-3.766
-1.518,-3.846
-1.575,-3.773
-2.931,-3.835
-3.118,-3.836
1.44,-4.057
-0.387,-4.23
-0.843,-4.091
-1.544,-4.287
-0.051,0.108
-0.07,0.304
-0.167,-0.435
-0.259,0.758
-0.403,0.765
-0.409,-0.366
-0.429,-0.786
-0.401,2.043
-0.391,1.942
-0.423,-0.472
-0.507,2.391
-0.494,-0.007
-0.51,2.15
-0.608,-0.424
-0.541,-0.056
-0.586,0.058
-0.662,-0.269
-0.724,1.808
-0.763,-0.039
-0.878,0.307
-0.919,0.309
-0.884,2.257
-0.942,0.233
-0.927,0.979
-0.979,1.339
-0.915,2.091
-1.009,0.649
-1.02,0.61
-0.945,2.287
-1.037,-0.597
-0.988,0.915
-1.012,-0.447
-1.107,0.97
-1.09,2.332
-1.257,-0.246
-1.201,1.867
-1.209,-0.231
-1.31,1.937
-1.303,0.039
-1.275,1.946
-1.346,-0.276
-1.338,1.816
-1.393,0.341
-1.42,-0.099
-1.376,2.504
-1.371,2.386
-1.397,1.619
-1.396,0.505
-1.498,-0.331
-1.435,1.87
-1.564,-0.307
-1.576,0.825
-1.577,-0.308
-1.592,1.725
-1.574,0.525
-1.657,1.153
-1.624,2.063
-1.624,0.56
-1.693,2.323
-1.657,0.278
-1.671,0.75
-1.771,-0.561
-1.779,1.353
-1.738,0.443
-1.834,1.196
-1.946,0.718
-2.124,0.827
-2.143,0.583
-2.086,2.247
-2.115,-0.272
-2.114,0.281
-2.193,2.018
-2.201,1.603
-2.232,1.853
-2.167,0.525
-2.269,0.037
-2.257,0.559
-2.238,0.527
-2.325,-0.059
-2.35,-0.618
-2.325,2.219
-2.461,0.594
-2.551,0.549
-2.562,1.549
-2.639,0.798
-2.655,-1.079
-2.651,0.646
-2.749,-0.294
-2.755,0.743
-3.017,-1.101
-2.958,-0.163
-3.041,1.13
-3.043,-0.226
-3.02,0.964
-3.012,1.246
-3.139,-1.001
-3.104,1.253
3.115,1.382
3.07,0.673
2.912,2.229
2.816,-0.089
2.753,2.123
2.768,0.95
2.745,2.475
2.797,1.387
2.703,0.06
2.635,-1.544
2.535,-1.463
2.601,-1.444
2.18,-1.389
2.16,-1.474
1.58,-1.389
0.712,-1.366
-1.113,-1.537
-1.503,-1.594
-2.151,-1.599
-2.294,-1.369
-2.461,-1.548
-2.767,-1.635
-2.886,-1.637
-2.939,-1.509
2.952,-1.483
2.834,-1.567
2.32,2.668
1.574,2.755
1.472,2.703
1.253,2.763
-0.366,2.679
-0.998,2.696
-1.315,2.649
-1.315,2.646
-1.403,2.665
-2.133,2.556
-2.778,2.668
-3.014,2.458
2.148,-0.012
1.494,-0.219
1.231,2.182
0.663,2.132
-0.941,-1.046
1.186,-1.429
2.597,0.366
2.608,0.787
2.574,-0.68
2.576,2.492
2.369,1.238
2.416,-0.177
2.221,0.341
2.318,0.395
2.172,2.214
2.28,-1.051
2.127,2.477
2.137,2.668
2.106,0.91
2.204,1.254
2.049,2.005
2.028,-0.698
1.994,-0.533
1.934,0.779
1.996,1.518
1.921,2.493
1.858,1.829
1.82,2.536
1.595,0.583
1.573,2.294
1.541,2.149
1.652,-0.41
1.482,2.173
1.612,1.582
1.427,-0.736
1.516,-0.006
1.457,-1.075
1.366,-0.216
1.317,0.412
1.297,0.723
1.028,1.601
1.146,-0.128
1.112,1.098
1.086,1.42
1.048,1.599
1.003,2.193
0.992,1.252
0.86,2.547
0.952,0.478
0.6,2.27
0.576,2.158
0.665,0.588
0.5,-0.584
0.498,0.492
0.413,1.589
0.532,2.329
0.367,-0.04
0.467,-0.392
0.322,2.201
0.354,1.171
0.147,1.086
0.115,-0.62
0.08,-0.612
-0.143,-0.257
-0.162,0.305
-0.334,0.722
-0.352,1.585
-0.402,-0.468
-0.291,1.512
-0.44,0.245
-0.445,-0.164
-0.472,0.328
-0.619,0.779
-0.683,-0.415
-0.787,0.256
-0.834,0.767
-0.86,-0.06
-0.872,-0.449
-0.891,0.038
-1.015,1.245
-1.212,2.316
-1.236,1.055
-1.284,2.179
-1.175,1.566
-1.318,2.353
-1.362,1.923
-1.469,1.595
-1.345,1.279
-1.466,-0.493
-1.501,0.695
-1.741,0.057
-1.774,0.636
-1.898,0.568
-1.818,2.096
-1.993,1.572
-2.146,-0.469
-2.243,1.164
-2.193,-0.254
-2.348,2.019
-2.29,-0.487
-2.489,-0.688
-2.592,1.733
-2.502,1.251
-2.708,1.665
-2.697,0.58
-2.856,1.766
-2.982,-0.043
-2.975,1.234
-2.924,1.18
-2.926,-0.246
3.018,1.605
3.105,-0.999
2.924,0.88
2.949,0.401
2.726,2.047
2.368,-1.567
1.683,-1.368
0.599,-1.472
0.619,-1.354
0.024,-1.39
-0.2,-1.471
-1.034,-1.517
-1.786,-1.637
-2.234,-1.381
-2.769,-1.443
0.296,2.421
-0.658,2.713
-1.367,2.719
-2.804,2.448
2.58,-0.396
2.235,0.824
1.536,-0.397
0.761,0.227
0.539,-0.392
0.19,-0.366
-1.584,-0.421
-2.198,0.842
1.869,0.001
-0.107,1.06
-2.041,0.253
-2.356,-0.633
-2.461,-0.219
-2.901,-0.628
-3.099,-0.58
3.116,0.188
1.578,0.142
0.582,1.831
-2.823,0.76
2.012,-1.109
1.702,-1.16
1.19,-1.321
-0.185,-1.365
-0.774,-1.207
-1.103,-1.271
-1.26,-1.351
-1.317,-1.278
-2.673,-1.34
-2.86,-1.341
1.698,-1.562
-0.129,-1.735
-0.585,-1.596
-1.286,-1.792
-0.019,0.196
-0.116,-0.543
-0.208,0.65
-0.352,0.657
-0.358,-0.474
-0.378,-0.894
-0.35,1.935
-0.34,1.834
-0.372,-0.58
-0.456,2.283
-0.443,-0.115
-0.459,2.042
-0.557,-0.532
-0.49,-0.164
-0.535,-0.05
-0.611,-0.377
-0.673,1.7
-0.712,-0.147
-0.827,0.199
-0.868,0.201
-0.833,2.149
-0.891,0.125
-0.876,0.871
-0.928,1.231
-0.864,1.983
-0.958,0.541
-0.969,0.502
-0.894,2.179
-0.986,-0.705
-0.937,0.807
-0.961,-0.555
-1.056,0.862
-1.039,2.224
-1.206,-0.354
-1.15,1.759
-1.158,-0.339
-1.259,1.829
-1.252,-0.069
-1.224,1.838
-1.295,-0.384
-1.287,1.708
-1.342,0.233
-1.369,-0.207
-1.325,2.396
-1.32,2.278
-1.346,1.511
-1.345,0.397
-1.447,-0.439
-1.384,1.762
-1.513,-0.415
-1.525,0.717
-1.526,-0.416
-1.541,1.617
-1.523,0.417
-1.606,1.045
-1.573,1.955
-1.573,0.452
-1.642,2.215
-1.606,0.17
-1.62,0.642
-1.72,-0.669
-1.728,1.245
-1.687,0.335
-1.783,1.088
-1.895,0.61
-2.073,0.719
-2.092,0.475
-2.035,2.139
-2.064,-0.38
-2.063,0.173
-2.142,1.91
-2.15,1.495
-2.181,1.745
-2.116,0.417
-2.218,-0.071
-2.206,0.451
-2.187,0.419
-2.274,-0.167
-2.299,-0.726
-2.274,2.111
-2.41,0.486
-2.5,0.441
-2.511,1.441
-2.588,0.69
-2.604,-1.187
-2.6,0.538
-2.698,-0.402
-2.704,0.635
-2.966,-1.209
-2.907,-0.271
-2.99,1.022
-2.992,-0.334
-2.969,0.856
-2.961,1.138
-3.088,-1.109
-3.053,1.145
-3.117,1.274
3.121,0.565
2.963,2.121
2.867,-0.197
2.804,2.015
2.819,0.842
2.796,2.367
2.848,1.279
2.754,-0.048
2.686,-1.652
2.586,-1.571
2.652,-1.552
2.231,-1.497
2.211,-1.582
1.631,-1.497
0.763,-1.474
-1.062,-1.645
-1.452,-1.702
-2.1,-1.707
-2.243,-1.477
-2.41,-1.656
-2.716,-1.743
-2.835,-1.745
-2.888,-1.617
3.003,-1.591
2.885,-1.675
2.371,2.56
1.625,2.647
1.523,2.595
1.304,2.655
-0.315,2.571
-0.947,2.588
-1.264,2.541
-1.264,2.538
-1.352,2.557
-2.082,2.448
-2.727,2.56
-2.963,2.35
2.199,-0.12
1.545,-0.327
1.282,2.074
0.714,2.024
-0.89,-1.154
1.237,-1.537
2.648,0.258
2.659,0.679
2.625,-0.788
2.627,2.384
2.42,1.13
2.467,-0.285
2.272,0.233
2.369,0.287
2.223,2.106
2.331,-1.159
2.178,2.369
2.188,2.56
2.157,0.802
2.255,1.146
2.1,1.897
2.079,-0.806
2.045,-0.641
1.985,0.671
2.047,1.41
1.972,2.385
1.909,1.721
1.871,2.428
1.646,0.475
1.624,2.186
1.592,2.041
1.703,-0.518
1.533,2.065
1.663,1.474
1.478,-0.844
1.567,-0.114
1.508,-1.183
1.417,-0.324
1.368,0.304
1.348,0.615
1.079,1.493
1.197,-0.236
1.163,0.99
1.137,1.312
1.099,1.491
1.054,2.085
1.043,1.144
0.911,2.439
1.003,0.37
0.651,2.162
0.627,2.05
0.716,0.48
0.551,-0.692
0.549,0.384
0.464,1.481
0.583,2.221
0.418,-0.148
0.518,-0.5
0.373,2.093
0.405,1.063
0.198,0.978
0.166,-0.728
0.131,-0.72
-0.092,-0.365
-0.111,0.197
-0.283,0.614
-0.301,1.477
-0.351,-0.576
-0.24,1.404
-0.389,0.137
-0.394,-0.272
-0.421,0.22
-0.568,0.671
-0.632,-0.523
-0.736,0.148
-0.783,0.659
-0.809,-0.168
-0.821,-0.557
-0.84,-0.07
-0.964,1.137
-1.161,2.208
-1.185,0.947
-1.233,2.071
-1.124,1.458
-1.267,2.245
-1.311,1.815
-1.418,1.487
-1.294,1.171
-1.415,-0.601
-1.45,0.587
-1.69,-0.051
-1.723,0.528
-1.847,0.46
-1.767,1.988
-1.942,1.464
-2.095,-0.577
-2.192,1.056
-2.142,-0.362
-2.297,1.911
-2.239,-0.595
-2.438,-0.796
-2.541,1.625
-2.451,1.143
-2.657,1.557
-2.646,0.472
-2.805,1.658
-2.931,-0.151
-2.924,1.126
-2.873,1.072
-2.875,-0.354
3.069,1.497
-3.127,-1.107
2.975,0.772
3.0,0.293
2.777,1.939
2.419,-1.675
1.734,-1.476
0.65,-1.58
0.67,-1.462
0.075,-1.498
-0.149,-1.579
-0.983,-1.625
-1.735,-1.745
-2.183,-1.489
-2.718,-1.551
0.347,2.313
-0.607,2.605
-1.316,2.611
-2.753,2.34
2.631,-0.504
2.286,0.716
1.587,-0.505
0.812,0.119
0.59,-0.5
0.241,-0.474
-1.533,-0.529
-2.147,0.734
1.92,-0.107
-0.056,0.952
-1.99,0.145
-2.305,-0.741
-2.41,-0.327
-2.85,-0.736
-3.048,-0.688
-3.116,0.08
1.629,0.034
0.633,1.723
-2.772,0.652
2.063,-1.217
1.753,-1.268
1.241,-1.429
-0.134,-1.473
-0.723,-1.315
-1.052,-1.379
-1.209,-1.459
-1.266,-1.386
-2.622,-1.448
-2.809,-1.449
1.749,-1.67
-0.078,-1.843
-0.534,-1.704
-1.235,-1.9
-0.097,-0.739
-0.189,0.454
-0.333,0.461
-0.339,-0.67
-0.359,-1.09
-0.331,1.739
-0.321,1.638
-0.353,-0.776
-0.437,2.087
-0.424,-0.311
-0.44,1.846
-0.538,-0.728
-0.471,-0.36
-0.516,-0.246
-0.592,-0.573
-0.654,1.504
-0.693,-0.343
-0.808,0.003
-0.849,0.005
-0.814,1.953
-0.872,-0.071
-0.857,0.675
-0.909,1.035
-0.845,1.787
-0.939,0.345
-0.95,0.306
-0.875,1.983
-0.967,-0.901
-0.918,0.611
-0.942,-0.751
-1.037,0.666
-1.02,2.028
-1.187,-0.55
-1.131,1.563
-1.139,-0.535
-1.24,1.633
-1.233,-0.265
-1.205,1.642
-1.276,-0.58
-1.268,1.512
-1.323,0.037
-1.35,-0.403
-1.306,2.2
-1.301,2.082
-1.327,1.315
-1.326,0.201
-1.428,-0.635
-1.365,1.566
-1.494,-0.611
-1.506,0.521
-1.507,-0.612
-1.522,1.421
-1.504,0.221
-1.587,0.849
-1.554,1.759
-1.554,0.256
-1.623,2.019
-1.587,-0.026
-1.601,0.446
-1.701,-0.865
-1.709,1.049
-1.668,0.139
-1.764,0.892
-1.876,0.414
-2.054,0.523
-2.073,0.279
-2.016,1.943
-2.045,-0.576
-2.044,-0.023
-2.123,1.714
-2.131,1.299
-2.162,1.549
-2.097,0.221
-2.199,-0.267
-2.187,0.255
-2.168,0.223
-2.255,-0.363
-2.28,-0.922
-2.255,1.915
-2.391,0.29
-2.481,0.245
-2.492,1.245
-2.569,0.494
-2.585,-1.383
-2.581,0.342
-2.679,-0.598
-2.685,0.439
-2.947,-1.405
-2.888,-0.467
-2.971,0.826
-2.973,-0.53
-2.95,0.66
-2.942,0.942
-3.069,-1.305
-3.034,0.949
-3.098,1.078
3.14,0.369
2.982,1.925
2.886,-0.393
2.823,1.819
2.838,0.646
2.815,2.171
2.867,1.083
2.773,-0.244
2.705,-1.848
2.605,-1.767
2.671,-1.748
2.25,-1.693
2.23,-1.778
1.65,-1.693
0.782,-1.67
-1.043,-1.841
-1.433,-1.898
-2.081,-1.903
-2.224,-1.673
-2.391,-1.852
-2.697,-1.939
-2.816,-1.941
-2.869,-1.813
3.022,-1.787
2.904,-1.871
2.39,2.364
1.644,2.451
1.542,2.399
1.323,2.459
-0.296,2.375
-0.928,2.392
-1.245,2.345
-1.245,2.342
-1.333,2.361
-2.063,2.252
-2.708,2.364
-2.944,2.154
2.218,-0.316
1.564,-0.523
1.301,1.878
0.733,1.828
-0.871,-1.35
1.256,-1.733
2.667,0.062
2.678,0.483
2.644,-0.984
2.646,2.188
2.439,0.934
2.486,-0.481
2.291,0.037
2.388,0.091
2.242,1.91
2.35,-1.355
2.197,2.173
2.207,2.364
2.176,0.606
2.274,0.95
2.119,1.701
2.098,-1.002
2.064,-0.837
2.004,0.475
2.066,1.214
1.991,2.189
1.928,1.525
1.89,2.232
1.665,0.279
1.643,1.99
1.611,1.845
1.722,-0.714
1.552,1.869
1.682,1.278
1.497,-1.04
1.586,-0.31
1.527,-1.379
1.436,-0.52
1.387,0.108
1.367,0.419
1.098,1.297
1.216,-0.432
1.182,0.794
1.156,1.116
1.118,1.295
1.073,1.889
1.062,0.948
0.93,2.243
1.022,0.174
0.67,1.966
0.646,1.854
0.735,0.284
0.57,-0.888
0.568,0.188
0.483,1.285
0.602,2.025
0.437,-0.344
0.537,-0.696
0.392,1.897
0.424,0.867
0.217,0.782
0.185,-0.924
0.15,-0.916
-0.073,-0.561
-0.092,0.001
-0.264,0.418
-0.282,1.281
-0.332,-0.772
-0.221,1.208
-0.37,-0.059
-0.375,-0.468
-0.402,0.024
-0.549,0.475
-0.613,-0.719
-0.717,-0.048
-0.764,0.463
-0.79,-0.364
-0.802,-0.753
-0.821,-0.266
-0.945,0.941
-1.142,2.012
-1.166,0.751
-1.214,1.875
-1.105,1.262
-1.248,2.049
-1.292,1.619
-1.399,1.291
-1.275,0.975
-1.396,-0.797
-1.431,0.391
-1.671,-0.247
-1.704,0.332
-1.828,0.264
-1.748,1.792
-1.923,1.268
-2.076,-0.773
-2.173,0.86
-2.123,-0.558
-2.278,1.715
-2.22,-0.791
-2.419,-0.992
-2.522,1.429
-2.432,0.947
-2.638,1.361
-2.627,0.276
-2.786,1.462
-2.912,-0.347
-2.905,0.93
-2.854,0.876
-2.856,-0.55
3.088,1.301
-3.108,-1.303
2.994,0.576
3.019,0.097
2.796,1.743
2.438,-1.871
1.753,-1.672
0.669,-1.776
0.689,-1.658
0.094,-1.694
-0.13,-1.775
-0.964,-1.821
-1.716,-1.941
-2.164,-1.685
-2.699,-1.747
0.366,2.117
-0.588,2.409
-1.297,2.415
-2.734,2.144
2.65,-0.7
2.305,0.52
1.606,-0.701
0.831,-0.077
0.609,-0.696
0.26,-0.67
-1.514,-0.725
-2.128,0.538
1.939,-0.303
-0.037,0.756
-1.971,-0.051
-2.286,-0.937
-2.391,-0.523
-2.831,-0.932
-3.029,-0.884
-3.097,-0.116
1.648,-0.162
0.652,1.527
-2.753,0.456
2.082,-1.413
1.772,-1.464
1.26,-1.625
-0.115,-1.669
-0.704,-1.511
-1.033,-1.575
-1.19,-1.655
-1.247,-1.582
-2.603,-1.644
-2.79,-1.645
1.768,-1.866
-0.059,-2.039
-0.515,-1.9
-1.216,-2.096
-0.092,1.193
-0.236,1.2
-0.242,0.069
-0.262,-0.351
-0.234,2.478
-0.224,2.377
-0.256,-0.037
-0.34,2.826
-0.327,0.428
-0.343,2.585
-0.441,0.011
-0.374,0.379
-0.419,0.493
-0.495,0.166
-0.557,2.243
-0.596,0.396
-0.711,0.742
-0.752,0.744
-0.717,2.692
-0.775,0.668
-0.76,1.414
-0.812,1.774
-0.748,2.526
-0.842,1.084
-0.853,1.045
-0.778,2.722
-0.87,-0.162
-0.821,1.35
-0.845,-0.012
-0.94,1.405
-0.923,2.767
-1.09,0.189
-1.034,2.302
-1.042,0.204
-1.143,2.372
-1.136,0.474
-1.108,2.381
-1.179,0.159
-1.171,2.251
-1.226,0.776
-1.253,0.336
-1.209,2.939
-1.204,2.821
-1.23,2.054
-1.229,0.94
-1.331,0.104
-1.268,2.305
-1.397,0.128
-1.409,1.26
-1.41,0.127
-1.425,2.16
-1.407,0.96
-1.49,1.588
-1.457,2.498
-1.457,0.995
-1.526,2.758
-1.49,0.713
-1.504,1.185
-1.604,-0.126
-1.612,1.788
-1.571,0.878
-1.667,1.631
-1.779,1.153
-1.957,1.262
-1.976,1.018
-1.919,2.682
-1.948,0.163
-1.947,0.716
-2.026,2.453
-2.034,2.038
-2.065,2.288
-2.0,0.96
-2.102,0.472
-2.09,0.994
-2.071,0.962
-2.158,0.376
-2.183,-0.183
-2.158,2.654
-2.294,1.029
-2.384,0.984
-2.395,1.984
-2.472,1.233
-2.488,-0.644
-2.484,1.081
-2.582,0.141
-2.588,1.178
-2.85,-0.666
-2.791,0.272
-2.874,1.565
-2.876,0.209
-2.853,1.399
-2.845,1.681
-2.972,-0.566
-2.937,1.688
-3.001,1.817
-3.046,1.108
3.079,2.664
2.983,0.346
2.92,2.558
2.935,1.385
2.912,2.91
2.964,1.822
2.87,0.495
2.802,-1.109
2.702,-1.028
2.768,-1.009
2.347,-0.954
2.327,-1.039
1.747,-0.954
0.879,-0.931
-0.946,-1.102
-1.336,-1.159
-1.984,-1.164
-2.127,-0.934
-2.294,-1.113
-2.6,-1.2
-2.719,-1.202
-2.772,-1.074
3.119,-1.048
3.001,-1.132
2.487,3.103
1.741,3.19
1.639,3.138
1.42,3.198
-0.199,3.114
-0.831,3.131
-1.148,3.084
-1.148,3.081
-1.236,3.1
-1.966,2.991
-2.611,3.103
-2.847,2.893
2.315,0.423
1.661,0.216
1.398,2.617
0.83,2.567
-0.774,-0.611
1.353,-0.994
2.764,0.801
2.775,1.222
2.741,-0.245
2.743,2.927
2.536,1.673
2.583,0.258
2.388,0.776
2.485,0.83
2.339,2.649
2.447,-0.616
2.294,2.912
2.304,3.103
2.273,1.345
2.371,1.689
2.216,2.44
2.195,-0.263
2.161,-0.098
2.101,1.214
2.163,1.953
2.088,2.928
2.025,2.264
1.987,2.971
1.762,1.018
1.74,2.729
1.708,2.584
1.819,0.025
1.649,2.608
1.779,2.017
1.594,-0.301
1.683,0.429
1.624,-0.64
1.533,0.219
1.484,0.847
1.464,1.158
1.195,2.036
1.313,0.307
1.279,1.533
1.253,1.855
1.215,2.034
1.17,2.628
1.159,1.687
1.027,2.982
1.119,0.913
0.767,2.705
0.743,2.593
0.832,1.023
0.667,-0.149
0.665,0.927
0.58,2.024
0.699,2.764
0.534,0.395
0.634,0.043
0.489,2.636
0.521,1.606
0.314,1.521
0.282,-0.185
0.247,-0.177
0.024,0.178
0.005,0.74
-0.167,1.157
-0.185,2.02
-0.235,-0.033
-0.124,1.947
-0.273,0.68
-0.278,0.271
-0.305,0.763
-0.452,1.214
-0.516,0.02
-0.62,0.691
-0.667,1.202
-0.693,0.375
-0.705,-0.014
-0.724,0.473
-0.848,1.68
-1.045,2.751
-1.069,1.49
-1.117,2.614
-1.008,2.001
-1.151,2.788
-1.195,2.358
-1.302,2.03
-1.178,1.714
-1.299,-0.058
-1.334,1.13
-1.574,0.492
-1.607,1.071
-1.731,1.003
-1.651,2.531
-1.826,2.007
-1.979,-0.034
-2.076,1.599
-2.026,0.181
-2.181,2.454
-2.123,-0.052
-2.322,-0.253
-2.425,2.168
-2.335,1.686
-2.541,2.1
-2.53,1.015
-2.689,2.201
-2.815,0.392
-2.808,1.669
-2.757,1.615
-2.759,0.189
-3.098,2.04
-3.011,-0.564
3.091,1.315
3.116,0.836
2.893,2.482
2.535,-1.132
1.85,-0.933
0.766,-1.037
0.786,-0.919
0.191,-0.955
-0.033,-1.036
-0.867,-1.082
-1.619,-1.202
-2.067,-0.946
-2.602,-1.008
0.463,2.856
-0.491,3.148
-1.2,3.154
-2.637,2.883
2.747,0.039
2.402,1.259
1.703,0.038
0.928,0.662
0.706,0.043
0.357,0.069
-1.417,0.014
-2.031,1.277
2.036,0.436
0.06,1.495
-1.874,0.688
-2.189,-0.198
-2.294,0.216
-2.734,-0.193
-2.932,-0.145
-3.0,0.623
1.745,0.577
0.749,2.266
-2.656,1.195
2.179,-0.674
1.869,-0.725
1.357,-0.886
-0.018,-0.93
-0.607,-0.772
-0.936,-0.836
-1.093,-0.916
-1.15,-0.843
-2.506,-0.905
-2.693,-0.906
1.865,-1.127
0.038,-1.3
-0.418,-1.161
-1.119,-1.357
-0.144,0.007
-0.15,-1.124
-0.17,-1.544
-0.142,1.285
-0.132,1.184
-0.164,-1.23
-0.248,1.633
-0.235,-0.765
-0.251,1.392
-0.349,-1.182
-0.282,-0.814
-0.327,-0.7
-0.403,-1.027
-0.465,1.05
-0.504,-0.797
-0.619,-0.451
-0.66,-0.449
-0.625,1.499
-0.683,-0.525
-0.668,0.221
-0.72,0.581
-0.656,1.333
-0.75,-0.109
-0.761,-0.148
-0.686,1.529
-0.778,-1.355
-0.729,0.157
-0.753,-1.205
-0.848,0.212
-0.831,1.574
-0.998,-1.004
-0.942,1.109
-0.95,-0.989
-1.051,1.179
-1.044,-0.719
-1.016,1.188
-1.087,-1.034
-1.079,1.058
-1.134,-0.417
-1.161,-0.857
-1.117,1.746
-1.112,1.628
-1.138,0.861
-1.137,-0.253
-1.239,-1.089
-1.176,1.112
-1.305,-1.065
-1.317,0.067
-1.318,-1.066
-1.333,0.967
-1.315,-0.233
-1.398,0.395
-1.365,1.305
-1.365,-0.198
-1.434,1.565
-1.398,-0.48
-1.412,-0.008
-1.512,-1.319
-1.52,0.595
-1.479,-0.315
-1.575,0.438
-1.687,-0.04
-1.865,0.069
-1.884,-0.175
-1.827,1.489
-1.856,-1.03
-1.855,-0.477
-1.934,1.26
-1.942,0.845
-1.973,1.095
-1.908,-0.233
-2.01,-0.721
-1.998,-0.199
-1.979,-0.231
-2.066,-0.817
-2.091,-1.376
-2.066,1.461
-2.202,-0.164
-2.292,-0.209
-2.303,0.791
-2.38,0.04
-2.396,-1.837
-2.392,-0.112
-2.49,-1.052
-2.496,-0.015
-2.758,-1.859
-2.699,-0.921
-2.782,0.372
-2.784,-0.984
-2.761,0.206
-2.753,0.488
-2.88,-1.759
-2.845,0.495
-2.909,0.624
-2.954,-0.085
-3.112,1.471
3.075,-0.847
3.012,1.365
3.027,0.192
3.004,1.717
3.056,0.629
2.962,-0.698
2.894,-2.302
2.794,-2.221
2.86,-2.202
2.439,-2.147
2.419,-2.232
1.839,-2.147
0.971,-2.124
-0.854,-2.295
-1.244,-2.352
-1.892,-2.357
-2.035,-2.127
-2.202,-2.306
-2.508,-2.393
-2.627,-2.395
-2.68,-2.267
-3.072,-2.241
3.093,-2.325
2.579,1.91
1.833,1.997
1.731,1.945
1.512,2.005
-0.107,1.921
-0.739,1.938
-1.056,1.891
-1.056,1.888
-1.144,1.907
-1.874,1.798
-2.519,1.91
-2.755,1.7
2.407,-0.77
1.753,-0.977
1.49,1.424
0.922,1.374
-0.682,-1.804
1.445,-2.187
2.856,-0.392
2.867,0.029
2.833,-1.438
2.835,1.734
2.628,0.48
2.675,-0.935
2.48,-0.417
2.577,-0.363
2.431,1.456
2.539,-1.809
2.386,1.719
2.396,1.91
2.365,0.152
2.463,0.496
2.308,1.247
2.287,-1.456
2.253,-1.291
2.193,0.021
2.255,0.76
2.18,1.735
2.117,1.071
2.079,1.778
1.854,-0.175
1.832,1.536
1.8,1.391
1.911,-1.168
1.741,1.415
1.871,0.824
1.686,-1.494
1.775,-0.764
1.716,-1.833
1.625,-0.974
1.576,-0.346
1.556,-0.035
1.287,0.843
1.405,-0.886
1.371,0.34
1.345,0.662
1.307,0.841
1.262,1.435
1.251,0.494
1.119,1.789
1.211,-0.28
0.859,1.512
0.835,1.4
0.924,-0.17
0.759,-1.342
0.757,-0.266
0.672,0.831
0.791,1.571
0.626,-0.798
0.726,-1.15
0.581,1.443
0.613,0.413
0.406,0.328
0.374,-1.378
0.339,-1.37
0.116,-1.015
0.097,-0.453
-0.075,-0.036
-0.093,0.827
-0.143,-1.226
-0.032,0.754
-0.181,-0.513
-0.186,-0.922
-0.213,-0.43
-0.36,0.021
-0.424,-1.173
-0.528,-0.502
-0.575,0.009
-0.601,-0.818
-0.613,-1.207
-0.632,-0.72
-0.756,0.487
-0.953,1.558
-0.977,0.297
-1.025,1.421
-0.916,0.808
-1.059,1.595
-1.103,1.165
-1.21,0.837
-1.086,0.521
-1.207,-1.251
-1.242,-0.063
-1.482,-0.701
-1.515,-0.122
-1.639,-0.19
-1.559,1.338
-1.734,0.814
-1.887,-1.227
-1.984,0.406
-1.934,-1.012
-2.089,1.261
-2.031,-1.245
-2.23,-1.446
-2.333,0.975
-2.243,0.493
-2.449,0.907
-2.438,-0.178
-2.597,1.008
-2.723,-0.801
-2.716,0.476
-2.665,0.422
-2.667,-1.004
-3.006,0.847
-2.919,-1.757
-3.1,0.122
-3.075,-0.357
2.985,1.289
2.627,-2.325
1.942,-2.126
0.858,-2.23
0.878,-2.112
0.283,-2.148
0.059,-2.229
-0.775,-2.275
-1.527,-2.395
-1.975,-2.139
-2.51,-2.201
0.555,1.663
-0.399,1.955
-1.108,1.961
-2.545,1.69
2.839,-1.154
2.494,0.066
1.795,-1.155
1.02,-0.531
0.798,-1.15
0.449,-1.124
-1.325,-1.179
-1.939,0.084
2.128,-0.757
0.152,0.302
-1.782,-0.505
-2.097,-1.391
-2.202,-0.977
-2.642,-1.386
-2.84,-1.338
-2.908,-0.57
1.837,-0.616
0.841,1.073
-2.564,0.002
2.271,-1.867
1.961,-1.918
1.449,-2.079
0.074,-2.123
-0.515,-1.965
-0.844,-2.029
-1.001,-2.109
-1.058,-2.036
-2.414,-2.098
-2.601,-2.099
1.957,-2.32
0.13,-2.493
-0.326,-2.354
-1.027,-2.55
-0.006,-1.131
-0.026,-1.551
0.002,1.278
0.012,1.177
-0.02,-1.237
-0.104,1.626
-0.091,-0.772
-0.107,1.385
-0.205,-1.189
-0.138,-0.821
-0.183,-0.707
-0.259,-1.034
-0.321,1.043
-0.36,-0.804
-0.475,-0.458
-0.516,-0.456
-0.481,1.492
-0.539,-0.532
-0.524,0.214
-0.576,0.574
-0.512,1.326
-0.606,-0.116
-0.617,-0.155
-0.542,1.522
-0.634,-1.362
-0.585,0.15
-0.609,-1.212
-0.704,0.205
-0.687,1.567
-0.854,-1.011
-0.798,1.102
-0.806,-0.996
-0.907,1.172
-0.9,-0.726
-0.872,1.181
-0.943,-1.041
-0.935,1.051
-0.99,-0.424
-1.017,-0.864
-0.973,1.739
-0.968,1.621
-0.994,0.854
-0.993,-0.26
-1.095,-1.096
-1.032,1.105
-1.161,-1.072
-1.173,0.06
-1.174,-1.073
-1.189,0.96
-1.171,-0.24
-1.254,0.388
-1.221,1.298
-1.221,-0.205
-1.29,1.558
-1.254,-0.487
-1.268,-0.015
-1.368,-1.326
-1.376,0.588
-1.335,-0.322
-1.431,0.431
-1.543,-0.047
-1.721,0.062
-1.74,-0.182
-1.683,1.482
-1.712,-1.037
-1.711,-0.484
-1.79,1.253
-1.798,0.838
-1.829,1.088
-1.764,-0.24
-1.866,-0.728
-1.854,-0.206
-1.835,-0.238
-1.922,-0.824
-1.947,-1.383
-1.922,1.454
-2.058,-0.171
-2.148,-0.216
-2.159,0.784
-2.236,0.033
-2.252,-1.844
-2.248,-0.119
-2.346,-1.059
-2.352,-0.022
-2.614,-1.866
-2.555,-0.928
-2.638,0.365
-2.64,-0.991
-2.617,0.199
-2.609,0.481
-2.736,-1.766
-2.701,0.488
-2.765,0.617
-2.81,-0.092
-2.968,1.464
-3.064,-0.854
-3.127,1.358
-3.112,0.185
-3.135,1.71
-3.083,0.622
3.106,-0.705
3.038,-2.309
2.938,-2.228
3.004,-2.209
2.583,-2.154
2.563,-2.239
1.983,-2.154
1.115,-2.131
-0.71,-2.302
-1.1,-2.359
-1.748,-2.364
-1.891,-2.134
-2.058,-2.313
-2.364,-2.4
-2.483,-2.402
-2.536,-2.274
-2.928,-2.248
-3.046,-2.332
2.723,1.903
1.977,1.99
1.875,1.938
1.656,1.998
0.037,1.914
-0.595,1.931
-0.912,1.884
-0.912,1.881
-1.0,1.9
-1.73,1.791
-2.375,1.903
-2.611,1.693
2.551,-0.777
1.897,-0.984
1.634,1.417
1.066,1.367
-0.538,-1.811
1.589,-2.194
3.0,-0.399
3.011,0.022
2.977,-1.445
2.979,1.727
2.772,0.473
2.819,-0.942
2.624,-0.424
2.721,-0.37
2.575,1.449
2.683,-1.816
2.53,1.712
2.54,1.903
2.509,0.145
2.607,0.489
2.452,1.24
2.431,-1.463
2.397,-1.298
2.337,0.014
2.399,0.753
2.324,1.728
2.261,1.064
2.223,1.771
1.998,-0.182
1.976,1.529
1.944,1.384
2.055,-1.175
1.885,1.408
2.015,0.817
1.83,-1.501
1.919,-0.771
1.86,-1.84
1.769,-0.981
1.72,-0.353
1.7,-0.042
1.431,0.836
1.549,-0.893
1.515,0.333
1.489,0.655
1.451,0.834
1.406,1.428
1.395,0.487
1.263,1.782
1.355,-0.287
1.003,1.505
0.979,1.393
1.068,-0.177
0.903,-1.349
0.901,-0.273
0.816,0.824
0.935,1.564
0.77,-0.805
0.87,-1.157
0.725,1.436
0.757,0.406
0.55,0.321
0.518,-1.385
0.483,-1.377
0.26,-1.022
0.241,-0.46
0.069,-0.043
0.051,0.82
0.001,-1.233
0.112,0.747
-0.037,-0.52
-0.042,-0.929
-0.069,-0.437
-0.216,0.014
-0.28,-1.18
-0.384,-0.509
-0.431,0.002
-0.457,-0.825
-0.469,-1.214
-0.488,-0.727
-0.612,0.48
-0.809,1.551
-0.833,0.29
-0.881,1.414
-0.772,0.801
-0.915,1.588
-0.959,1.158
-1.066,0.83
-0.942,0.514
-1.063,-1.258
-1.098,-0.07
-1.338,-0.708
-1.371,-0.129
-1.495,-0.197
-1.415,1.331
-1.59,0.807
-1.743,-1.234
-1.84,0.399
-1.79,-1.019
-1.945,1.254
-1.887,-1.252
-2.086,-1.453
-2.189,0.968
-2.099,0.486
-2.305,0.9
-2.294,-0.185
-2.453,1.001
-2.579,-0.808
-2.572,0.469
-2.521,0.415
-2.523,-1.011
-2.862,0.84
-2.775,-1.764
-2.956,0.115
-2.931,-0.364
3.129,1.282
2.771,-2.332
2.086,-2.133
1.002,-2.237
1.022,-2.119
0.427,-2.155
0.203,-2.236
-0.631,-2.282
-1.383,-2.402
-1.831,-2.146
-2.366,-2.208
0.699,1.656
-0.255,1.948
-0.964,1.954
-2.401,1.683
2.983,-1.161
2.638,0.059
1.939,-1.162
1.164,-0.538
0.942,-1.157
0.593,-1.131
-1.181,-1.186
-1.795,0.077
2.272,-0.764
0.296,0.295
-1.638,-0.512
-1.953,-1.398
-2.058,-0.984
-2.498,-1.393
-2.696,-1.345
-2.764,-0.577
1.981,-0.623
0.985,1.066
-2.42,-0.005
2.415,-1.874
2.105,-1.925
1.593,-2.086
0.218,-2.13
-0.371,-1.972
-0.7,-2.036
-0.857,-2.116
-0.914,-2.043
-2.27,-2.105
-2.457,-2.106
2.101,-2.327
0.274,-2.5
-0.182,-2.361
-0.883,-2.557
-0.02,-0.42
0.008,2.409
0.018,2.308
-0.014,-0.106
-0.098,2.757
-0.085,0.359
-0.101,2.516
-0.199,-0.058
-0.132,0.31
-0.177,0.424
-0.253,0.097
-0.315,2.174
-0.354,0.327
-0.469,0.673
-0.51,0.675
-0.475,2.623
-0.533,0.599
-0.518,1.345
-0.57,1.705
-0.506,2.457
-0.6,1.015
-0.611,0.976
-0.536,2.653
-0.628,-0.231
-0.579,1.281
-0.603,-0.081
-0.698,1.336
-0.681,2.698
-0.848,0.12
-0.792,2.233
-0.8,0.135
-0.901,2.303
-0.894,0.405
-0.866,2.312
-0.937,0.09
-0.929,2.182
-0.984,0.707
-1.011,0.267
-0.967,2.87
-0.962,2.752
-0.988,1.985
-0.987,0.871
-1.089,0.035
-1.026,2.236
-1.155,0.059
-1.167,1.191
-1.168,0.058
-1.183,2.091
-1.165,0.891
-1.248,1.519
-1.215,2.429
-1.215,0.926
-1.284,2.689
-1.248,0.644
-1.262,1.116
-1.362,-0.195
-1.37,1.719
-1.329,0.809
-1.425,1.562
-1.537,1.084
-1.715,1.193
-1.734,0.949
-1.677,2.613
-1.706,0.094
-1.705,0.647
-1.784,2.384
-1.792,1.969
-1.823,2.219
-1.758,0.891
-1.86,0.403
-1.848,0.925
-1.829,0.893
-1.916,0.307
-1.941,-0.252
-1.916,2.585
-2.052,0.96
-2.142,0.915
-2.153,1.915
-2.23,1.164
-2.246,-0.713
-2.242,1.012
-2.34,0.072
-2.346,1.109
-2.608,-0.735
-2.549,0.203
-2.632,1.496
-2.634,0.14
-2.611,1.33
-2.603,1.612
-2.73,-0.635
-2.695,1.619
-2.759,1.748
-2.804,1.039
-2.962,2.595
-3.058,0.277
-3.121,2.489
-3.106,1.316
-3.129,2.841
-3.077,1.753
3.112,0.426
3.044,-1.178
2.944,-1.097
3.01,-1.078
2.589,-1.023
2.569,-1.108
1.989,-1.023
1.121,-1.0
-0.704,-1.171
-1.094,-1.228
-1.742,-1.233
-1.885,-1.003
-2.052,-1.182
-2.358,-1.269
-2.477,-1.271
-2.53,-1.143
-2.922,-1.117
-3.04,-1.201
2.729,3.034
1.983,3.121
1.881,3.069
1.662,3.129
0.043,3.045
-0.589,3.062
-0.906,3.015
-0.906,3.012
-0.994,3.031
-1.724,2.922
-2.369,3.034
-2.605,2.824
2.557,0.354
1.903,0.147
1.64,2.548
1.072,2.498
-0.532,-0.68
1.595,-1.063
3.006,0.732
3.017,1.153
2.983,-0.314
2.985,2.858
2.778,1.604
2.825,0.189
2.63,0.707
2.727,0.761
2.581,2.58
2.689,-0.685
2.536,2.843
2.546,3.034
2.515,1.276
2.613,1.62
2.458,2.371
2.437,-0.332
2.403,-0.167
2.343,1.145
2.405,1.884
2.33,2.859
2.267,2.195
2.229,2.902
2.004,0.949
1.982,2.66
1.95,2.515
2.061,-0.044
1.891,2.539
2.021,1.948
1.836,-0.37
1.925,0.36
1.866,-0.709
1.775,0.15
1.726,0.778
1.706,1.089
1.437,1.967
1.555,0.238
1.521,1.464
1.495,1.786
1.457,1.965
1.412,2.559
1.401,1.618
1.269,2.913
1.361,0.844
1.009,2.636
0.985,2.524
1.074,0.954
0.909,-0.218
0.907,0.858
0.822,1.955
0.941,2.695
0.776,0.326
0.876,-0.026
0.731,2.567
0.763,1.537
0.556,1.452
0.524,-0.254
0.489,-0.246
0.266,0.109
0.247,0.671
0.075,1.088
0.057,1.951
0.007,-0.102
0.118,1.878
-0.031,0.611
-0.036,0.202
-0.063,0.694
-0.21,1.145
-0.274,-0.049
-0.378,0.622
-0.425,1.133
-0.451,0.306
-0.463,-0.083
-0.482,0.404
-0.606,1.611
-0.803,2.682
-0.827,1.421
-0.875,2.545
-0.766,1.932
-0.909,2.719
-0.953,2.289
-1.06,1.961
-0.936,1.645
-1.057,-0.127
-1.092,1.061
-1.332,0.423
-1.365,1.002
-1.489,0.934
-1.409,2.462
-1.584,1.938
-1.737,-0.103
-1.834,1.53
-1.784,0.112
-1.939,2.385
-1.881,-0.121
-2.08,-0.322
-2.183,2.099
-2.093,1.617
-2.299,2.031
-2.288,0.946
-2.447,2.132
-2.573,0.323
-2.566,1.6
-2.515,1.546
-2.517,0.12
-2.856,1.971
-2.769,-0.633
-2.95,1.246
-2.925,0.767
3.135,2.413
2.777,-1.201
2.092,-1.002
1.008,-1.106
1.028,-0.988
0.433,-1.024
0.209,-1.105
-0.625,-1.151
-1.377,-1.271
-1.825,-1.015
-2.36,-1.077
0.705,2.787
-0.249,3.079
-0.958,3.085
-2.395,2.814
2.989,-0.03
2.644,1.19
1.945,-0.031
1.17,0.593
0.948,-0.026
0.599,0.0
-1.175,-0.055
-1.789,1.208
2.278,0.367
0.302,1.426
-1.632,0.619
-1.947,-0.267
-2.052,0.147
-2.492,-0.262
-2.69,-0.214
-2.758,0.554
1.987,0.508
0.991,2.197
-2.414,1.126
2.421,-0.743
2.111,-0.794
1.599,-0.955
0.224,-0.999
-0.365,-0.841
-0.694,-0.905
-0.851,-0.985
-0.908,-0.912
-2.264,-0.974
-2.451,-0.975
2.107,-1.196
0.28,-1.369
-0.176,-1.23
-0.877,-1.426
0.028,2.829
0.038,2.728
0.006,0.314
-0.078,3.177
-0.065,0.779
-0.081,2.936
-0.179,0.362
-0.112,0.73
-0.157,0.844
-0.233,0.517
-0.295,2.594
-0.334,0.747
-0.449,1.093
-0.49,1.095
-0.455,3.043
-0.513,1.019
-0.498,1.765
-0.55,2.125
-0.486,2.877
-0.58,1.435
-0.591,1.396
-0.516,3.073
-0.608,0.189
-0.559,1.701
-0.583,0.339
-0.678,1.756
-0.661,3.118
-0.828,0.54
-0.772,2.653
-0.78,0.555
-0.881,2.723
-0.874,0.825
-0.846,2.732
-0.917,0.51
-0.909,2.602
-0.964,1.127
-0.991,0.687
-0.947,3.29
-0.942,3.172
-0.968,2.405
-0.967,1.291
-1.069,0.455
-1.006,2.656
-1.135,0.479
-1.147,1.611
-1.148,0.478
-1.163,2.511
-1.145,1.311
-1.228,1.939
-1.195,2.849
-1.195,1.346
-1.264,3.109
-1.228,1.064
-1.242,1.536
-1.342,0.225
-1.35,2.139
-1.309,1.229
-1.405,1.982
-1.517,1.504
-1.695,1.613
-1.714,1.369
-1.657,3.033
-1.686,0.514
-1.685,1.067
-1.764,2.804
-1.772,2.389
-1.803,2.639
-1.738,1.311
-1.84,0.823
-1.828,1.345
-1.809,1.313
-1.896,0.727
-1.921,0.168
-1.896,3.005
-2.032,1.38
-2.122,1.335
-2.133,2.335
-2.21,1.584
-2.226,-0.293
-2.222,1.432
-2.32,0.492
-2.326,1.529
-2.588,-0.315
-2.529,0.623
-2.612,1.916
-2.614,0.56
-2.591,1.75
-2.583,2.032
-2.71,-0.215
-2.675,2.039
-2.739,2.168
-2.784,1.459
-2.942,3.015
-3.038,0.697
-3.101,2.909
-3.086,1.736
-3.109,3.261
-3.057,2.173
3.132,0.846
3.064,-0.758
2.964,-0.677
3.03,-0.658
2.609,-0.603
2.589,-0.688
2.009,-0.603
1.141,-0.58
-0.684,-0.751
-1.074,-0.808
-1.722,-0.813
-1.865,-0.583
-2.032,-0.762
-2.338,-0.849
-2.457,-0.851
-2.51,-0.723
-2.902,-0.697
-3.02,-0.781
2.749,3.454
2.003,3.541
1.901,3.489
1.682,3.549
0.063,3.465
-0.569,3.482
-0.886,3.435
-0.886,3.432
-0.974,3.451
-1.704,3.342
-2.349,3.454
-2.585,3.244
2.577,0.774
1.923,0.567
1.66,2.968
1.092,2.918
-0.512,-0.26
1.615,-0.643
3.026,1.152
3.037,1.573
3.003,0.106
3.005,3.278
2.798,2.024
2.845,0.609
2.65,1.127
2.747,1.181
2.601,3.0
2.709,-0.265
2.556,3.263
2.566,3.454
2.535,1.696
2.633,2.04
2.478,2.791
2.457,0.088
2.423,0.253
2.363,1.565
2.425,2.304
2.35,3.279
2.287,2.615
2.249,3.322
2.024,1.369
2.002,3.08
1.97,2.935
2.081,0.376
1.911,2.959
2.041,2.368
1.856,0.05
1.945,0.78
1.886,-0.289
1.795,0.57
1.746,1.198
1.726,1.509
1.457,2.387
1.575,0.658
1.541,1.884
1.515,2.206
1.477,2.385
1.432,2.979
1.421,2.038
1.289,3.333
1.381,1.264
1.029,3.056
1.005,2.944
1.094,1.374
0.929,0.202
0.927,1.278
0.842,2.375
0.961,3.115
0.796,0.746
0.896,0.394
0.751,2.987
0.783,1.957
0.576,1.872
0.544,0.166
0.509,0.174
0.286,0.529
0.267,1.091
0.095,1.508
0.077,2.371
0.027,0.318
0.138,2.298
-0.011,1.031
-0.016,0.622
-0.043,1.114
-0.19,1.565
-0.254,0.371
-0.358,1.042
-0.405,1.553
-0.431,0.726
-0.443,0.337
-0.462,0.824
-0.586,2.031
-0.783,3.102
-0.807,1.841
-0.855,2.965
-0.746,2.352
-0.889,3.139
-0.933,2.709
-1.04,2.381
-0.916,2.065
-1.037,0.293
-1.072,1.481
-1.312,0.843
-1.345,1.422
-1.469,1.354
-1.389,2.882
-1.564,2.358
-1.717,0.317
-1.814,1.95
-1.764,0.532
-1.919,2.805
-1.861,0.299
-2.06,0.098
-2.163,2.519
-2.073,2.037
-2.279,2.451
-2.268,1.366
-2.427,2.552
-2.553,0.743
-2.546,2.02
-2.495,1.966
-2.497,0.54
-2.836,2.391
-2.749,-0.213
-2.93,1.666
-2.905,1.187
-3.128,2.833
2.797,-0.781
2.112,-0.582
1.028,-0.686
1.048,-0.568
0.453,-0.604
0.229,-0.685
-0.605,-0.731
-1.357,-0.851
-1.805,-0.595
-2.34,-0.657
0.725,3.207
-0.229,3.499
-0.938,3.505
-2.375,3.234
3.009,0.39
2.664,1.61
1.965,0.389
1.19,1.013
0.968,0.394
0.619,0.42
-1.155,0.365
-1.769,1.628
2.298,0.787
0.322,1.846
-1.612,1.039
-1.927,0.153
-2.032,0.567
-2.472,0.158
-2.67,0.206
-2.738,0.974
2.007,0.928
1.011,2.617
-2.394,1.546
2.441,-0.323
2.131,-0.374
1.619,-0.535
0.244,-0.579
-0.345,-0.421
-0.674,-0.485
-0.831,-0.565
-0.888,-0.492
-2.244,-0.554
-2.431,-0.555
2.127,-0.776
0.3,-0.949
-0.156,-0.81
-0.857,-1.006
0.01,-0.101
-0.022,-2.515
-0.106,0.348
-0.093,-2.05
-0.109,0.107
-0.207,-2.467
-0.14,-2.099
-0.185,-1.985
-0.261,-2.312
-0.323,-0.235
-0.362,-2.082
-0.477,-1.736
-0.518,-1.734
-0.483,0.214
-0.541,-1.81
-0.526,-1.064
-0.578,-0.704
-0.514,0.048
-0.608,-1.394
-0.619,-1.433
-0.544,0.244
-0.636,-2.64
-0.587,-1.128
-0.611,-2.49
-0.706,-1.073
-0.689,0.289
-0.856,-2.289
-0.8,-0.176
-0.808,-2.274
-0.909,-0.106
-0.902,-2.004
-0.874,-0.097
-0.945,-2.319
-0.937,-0.227
-0.992,-1.702
-1.019,-2.142
-0.975,0.461
-0.97,0.343
-0.996,-0.424
-0.995,-1.538
-1.097,-2.374
-1.034,-0.173
-1.163,-2.35
-1.175,-1.218
-1.176,-2.351
-1.191,-0.318
-1.173,-1.518
-1.256,-0.89
-1.223,0.02
-1.223,-1.483
-1.292,0.28
-1.256,-1.765
-1.27,-1.293
-1.37,-2.604
-1.378,-0.69
-1.337,-1.6
-1.433,-0.847
-1.545,-1.325
-1.723,-1.216
-1.742,-1.46
-1.685,0.204
-1.714,-2.315
-1.713,-1.762
-1.792,-0.025
-1.8,-0.44
-1.831,-0.19
-1.766,-1.518
-1.868,-2.006
-1.856,-1.484
-1.837,-1.516
-1.924,-2.102
-1.949,-2.661
-1.924,0.176
-2.06,-1.449
-2.15,-1.494
-2.161,-0.494
-2.238,-1.245
-2.254,-3.122
-2.25,-1.397
-2.348,-2.337
-2.354,-1.3
-2.616,-3.144
-2.557,-2.206
-2.64,-0.913
-2.642,-2.269
-2.619,-1.079
-2.611,-0.797
-2.738,-3.044
-2.703,-0.79
-2.767,-0.661
-2.812,-1.37
-2.97,0.186
-3.066,-2.132
-3.129,0.08
-3.114,-1.093
-3.137,0.432
-3.085,-0.656
3.104,-1.983
3.036,-3.587
2.936,-3.506
3.002,-3.487
2.581,-3.432
2.561,-3.517
1.981,-3.432
1.113,-3.409
-0.712,-3.58
-1.102,-3.637
-1.75,-3.642
-1.893,-3.412
-2.06,-3.591
-2.366,-3.678
-2.485,-3.68
-2.538,-3.552
-2.93,-3.526
-3.048,-3.61
2.721,0.625
1.975,0.712
1.873,0.66
1.654,0.72
0.035,0.636
-0.597,0.653
-0.914,0.606
-0.914,0.603
-1.002,0.622
-1.732,0.513
-2.377,0.625
-2.613,0.415
2.549,-2.055
1.895,-2.262
1.632,0.139
1.064,0.089
-0.54,-3.089
1.587,-3.472
2.998,-1.677
3.009,-1.256
2.975,-2.723
2.977,0.449
2.77,-0.805
2.817,-2.22
2.622,-1.702
2.719,-1.648
2.573,0.171
2.681,-3.094
2.528,0.434
2.538,0.625
2.507,-1.133
2.605,-0.789
2.45,-0.038
2.429,-2.741
2.395,-2.576
2.335,-1.264
2.397,-0.525
2.322,0.45
2.259,-0.214
2.221,0.493
1.996,-1.46
1.974,0.251
1.942,0.106
2.053,-2.453
1.883,0.13
2.013,-0.461
1.828,-2.779
1.917,-2.049
1.858,-3.118
1.767,-2.259
1.718,-1.631
1.698,-1.32
1.429,-0.442
1.547,-2.171
1.513,-0.945
1.487,-0.623
1.449,-0.444
1.404,0.15
1.393,-0.791
1.261,0.504
1.353,-1.565
1.001,0.227
0.977,0.115
1.066,-1.455
0.901,-2.627
0.899,-1.551
0.814,-0.454
0.933,0.286
0.768,-2.083
0.868,-2.435
0.723,0.158
0.755,-0.872
0.548,-0.957
0.516,-2.663
0.481,-2.655
0.258,-2.3
0.239,-1.738
0.067,-1.321
0.049,-0.458
-0.001,-2.511
0.11,-0.531
-0.039,-1.798
-0.044,-2.207
-0.071,-1.715
-0.218,-1.264
-0.282,-2.458
-0.386,-1.787
-0.433,-1.276
-0.459,-2.103
-0.471,-2.492
-0.49,-2.005
-0.614,-0.798
-0.811,0.273
-0.835,-0.988
-0.883,0.136
-0.774,-0.477
-0.917,0.31
-0.961,-0.12
-1.068,-0.448
-0.944,-0.764
-1.065,-2.536
-1.1,-1.348
-1.34,-1.986
-1.373,-1.407
-1.497,-1.475
-1.417,0.053
-1.592,-0.471
-1.745,-2.512
-1.842,-0.879
-1.792,-2.297
-1.947,-0.024
-1.889,-2.53
-2.088,-2.731
-2.191,-0.31
-2.101,-0.792
-2.307,-0.378
-2.296,-1.463
-2.455,-0.277
-2.581,-2.086
-2.574,-0.809
-2.523,-0.863
-2.525,-2.289
-2.864,-0.438
-2.777,-3.042
-2.958,-1.163
-2.933,-1.642
3.127,0.004
2.769,-3.61
2.084,-3.411
1.0,-3.515
1.02,-3.397
0.425,-3.433
0.201,-3.514
-0.633,-3.56
-1.385,-3.68
-1.833,-3.424
-2.368,-3.486
0.697,0.378
-0.257,0.67
-0.966,0.676
-2.403,0.405
2.981,-2.439
2.636,-1.219
1.937,-2.44
1.162,-1.816
0.94,-2.435
0.591,-2.409
-1.183,-2.464
-1.797,-1.201
2.27,-2.042
0.294,-0.983
-1.64,-1.79
-1.955,-2.676
-2.06,-2.262
-2.5,-2.671
-2.698,-2.623
-2.766,-1.855
1.979,-1.901
0.983,-0.212
-2.422,-1.283
2.413,-3.152
2.103,-3.203
1.591,-3.364
0.216,-3.408
-0.373,-3.25
-0.702,-3.314
-0.859,-3.394
-0.916,-3.321
-2.272,-3.383
-2.459,-3.384
2.099,-3.605
0.272,-3.778
-0.184,-3.639
-0.885,-3.835
-0.032,-2.414
-0.116,0.449
-0.103,-1.949
-0.119,0.208
-0.217,-2.366
-0.15,-1.998
-0.195,-1.884
-0.271,-2.211
-0.333,-0.134
-0.372,-1.981
-0.487,-1.635
-0.528,-1.633
-0.493,0.315
-0.551,-1.709
-0.536,-0.963
-0.588,-0.603
-0.524,0.149
-0.618,-1.293
-0.629,-1.332
-0.554,0.345
-0.646,-2.539
-0.597,-1.027
-0.621,-2.389
-0.716,-0.972
-0.699,0.39
-0.866,-2.188
-0.81,-0.075
-0.818,-2.173
-0.919,-0.005
-0.912,-1.903
-0.884,0.004
-0.955,-2.218
-0.947,-0.126
-1.002,-1.601
-1.029,-2.041
-0.985,0.562
-0.98,0.444
-1.006,-0.323
-1.005,-1.437
-1.107,-2.273
-1.044,-0.072
-1.173,-2.249
-1.185,-1.117
-1.186,-2.25
-1.201,-0.217
-1.183,-1.417
-1.266,-0.789
-1.233,0.121
-1.233,-1.382
-1.302,0.381
-1.266,-1.664
-1.28,-1.192
-1.38,-2.503
-1.388,-0.589
-1.347,-1.499
-1.443,-0.746
-1.555,-1.224
-1.733,-1.115
-1.752,-1.359
-1.695,0.305
-1.724,-2.214
-1.723,-1.661
-1.802,0.076
-1.81,-0.339
-1.841,-0.089
-1.776,-1.417
-1.878,-1.905
-1.866,-1.383
-1.847,-1.415
-1.934,-2.001
-1.959,-2.56
-1.934,0.277
-2.07,-1.348
-2.16,-1.393
-2.171,-0.393
-2.248,-1.144
-2.264,-3.021
-2.26,-1.296
-2.358,-2.236
-2.364,-1.199
-2.626,-3.043
-2.567,-2.105
-2.65,-0.812
-2.652,-2.168
-2.629,-0.978
-2.621,-0.696
-2.748,-2.943
-2.713,-0.689
-2.777,-0.56
-2.822,-1.269
-2.98,0.287
-3.076,-2.031
-3.139,0.181
-3.124,-0.992
3.136,0.533
-3.095,-0.555
3.094,-1.882
3.026,-3.486
2.926,-3.405
2.992,-3.386
2.571,-3.331
2.551,-3.416
1.971,-3.331
1.103,-3.308
-0.722,-3.479
-1.112,-3.536
-1.76,-3.541
-1.903,-3.311
-2.07,-3.49
-2.376,-3.577
-2.495,-3.579
-2.548,-3.451
-2.94,-3.425
-3.058,-3.509
2.711,0.726
1.965,0.813
1.863,0.761
1.644,0.821
0.025,0.737
-0.607,0.754
-0.924,0.707
-0.924,0.704
-1.012,0.723
-1.742,0.614
-2.387,0.726
-2.623,0.516
2.539,-1.954
1.885,-2.161
1.622,0.24
1.054,0.19
-0.55,-2.988
1.577,-3.371
2.988,-1.576
2.999,-1.155
2.965,-2.622
2.967,0.55
2.76,-0.704
2.807,-2.119
2.612,-1.601
2.709,-1.547
2.563,0.272
2.671,-2.993
2.518,0.535
2.528,0.726
2.497,-1.032
2.595,-0.688
2.44,0.063
2.419,-2.64
2.385,-2.475
2.325,-1.163
2.387,-0.424
2.312,0.551
2.249,-0.113
2.211,0.594
1.986,-1.359
1.964,0.352
1.932,0.207
2.043,-2.352
1.873,0.231
2.003,-0.36
1.818,-2.678
1.907,-1.948
1.848,-3.017
1.757,-2.158
1.708,-1.53
1.688,-1.219
1.419,-0.341
1.537,-2.07
1.503,-0.844
1.477,-0.522
1.439,-0.343
1.394,0.251
1.383,-0.69
1.251,0.605
1.343,-1.464
0.991,0.328
0.967,0.216
1.056,-1.354
0.891,-2.526
0.889,-1.45
0.804,-0.353
0.923,0.387
0.758,-1.982
0.858,-2.334
0.713,0.259
0.745,-0.771
0.538,-0.856
0.506,-2.562
0.471,-2.554
0.248,-2.199
0.229,-1.637
0.057,-1.22
0.039,-0.357
-0.011,-2.41
0.1,-0.43
-0.049,-1.697
-0.054,-2.106
-0.081,-1.614
-0.228,-1.163
-0.292,-2.357
-0.396,-1.686
-0.443,-1.175
-0.469,-2.002
-0.481,-2.391
-0.5,-1.904
-0.624,-0.697
-0.821,0.374
-0.845,-0.887
-0.893,0.237
-0.784,-0.376
-0.927,0.411
-0.971,-0.019
-1.078,-0.347
-0.954,-0.663
-1.075,-2.435
-1.11,-1.247
-1.35,-1.885
-1.383,-1.306
-1.507,-1.374
-1.427,0.154
-1.602,-0.37
-1.755,-2.411
-1.852,-0.778
-1.802,-2.196
-1.957,0.077
-1.899,-2.429
-2.098,-2.63
-2.201,-0.209
-2.111,-0.691
-2.317,-0.277
-2.306,-1.362
-2.465,-0.176
-2.591,-1.985
-2.584,-0.708
-2.533,-0.762
-2.535,-2.188
-2.874,-0.337
-2.787,-2.941
-2.968,-1.062
-2.943,-1.541
3.117,0.105
2.759,-3.509
2.074,-3.31
0.99,-3.414
1.01,-3.296
0.415,-3.332
0.191,-3.413
-0.643,-3.459
-1.395,-3.579
-1.843,-3.323
-2.378,-3.385
0.687,0.479
-0.267,0.771
-0.976,0.777
-2.413,0.506
2.971,-2.338
2.626,-1.118
1.927,-2.339
1.152,-1.715
0.93,-2.334
0.581,-2.308
-1.193,-2.363
-1.807,-1.1
2.26,-1.941
0.284,-0.882
-1.65,-1.689
-1.965,-2.575
-2.07,-2.161
-2.51,-2.57
-2.708,-2.522
-2.776,-1.754
1.969,-1.8
0.973,-0.111
-2.432,-1.182
2.403,-3.051
2.093,-3.102
1.581,-3.263
0.206,-3.307
-0.383,-3.149
-0.712,-3.213
-0.869,-3.293
-0.926,-3.22
-2.282,-3.282
-2.469,-3.283
2.089,-3.504
0.262,-3.677
-0.194,-3.538
-0.895,-3.734
-0.084,2.863
-0.071,0.465
-0.087,2.622
-0.185,0.048
-0.118,0.416
-0.163,0.53
-0.239,0.203
-0.301,2.28
-0.34,0.433
-0.455,0.779
-0.496,0.781
-0.461,2.729
-0.519,0.705
-0.504,1.451
-0.556,1.811
-0.492,2.563
-0.586,1.121
-0.597,1.082
-0.522,2.759
-0.614,-0.125
-0.565,1.387
-0.589,0.025
-0.684,1.442
-0.667,2.804
-0.834,0.226
-0.778,2.339
-0.786,0.241
-0.887,2.409
-0.88,0.511
-0.852,2.418
-0.923,0.196
-0.915,2.288
-0.97,0.813
-0.997,0.373
-0.953,2.976
-0.948,2.858
-0.974,2.091
-0.973,0.977
-1.075,0.141
-1.012,2.342
-1.141,0.165
-1.153,1.297
-1.154,0.164
-1.169,2.197
-1.151,0.997
-1.234,1.625
-1.201,2.535
-1.201,1.032
-1.27,2.795
-1.234,0.75
-1.248,1.222
-1.348,-0.089
-1.356,1.825
-1.315,0.915
-1.411,1.668
-1.523,1.19
-1.701,1.299
-1.72,1.055
-1.663,2.719
-1.692,0.2
-1.691,0.753
-1.77,2.49
-1.778,2.075
-1.809,2.325
-1.744,0.997
-1.846,0.509
-1.834,1.031
-1.815,0.999
-1.902,0.413
-1.927,-0.146
-1.902,2.691
-2.038,1.066
-2.128,1.021
-2.139,2.021
-2.216,1.27
-2.232,-0.607
-2.228,1.118
-2.326,0.178
-2.332,1.215
-2.594,-0.629
-2.535,0.309
-2.618,1.602
-2.62,0.246
-2.597,1.436
-2.589,1.718
-2.716,-0.529
-2.681,1.725
-2.745,1.854
-2.79,1.145
-2.948,2.701
-3.044,0.383
-3.107,2.595
-3.092,1.422
-3.115,2.947
-3.063,1.859
3.126,0.532
3.058,-1.072
2.958,-0.991
3.024,-0.972
2.603,-0.917
2.583,-1.002
2.003,-0.917
1.135,-0.894
-0.69,-1.065
-1.08,-1.122
-1.728,-1.127
-1.871,-0.897
-2.038,-1.076
-2.344,-1.163
-2.463,-1.165
-2.516,-1.037
-2.908,-1.011
-3.026,-1.095
2.743,3.14
1.997,3.227
1.895,3.175
1.676,3.235
0.057,3.151
-0.575,3.168
-0.892,3.121
-0.892,3.118
-0.98,3.137
-1.71,3.028
-2.355,3.14
-2.591,2.93
2.571,0.46
1.917,0.253
1.654,2.654
1.086,2.604
-0.518,-0.574
1.609,-0.957
3.02,0.838
3.031,1.259
2.997,-0.208
2.999,2.964
2.792,1.71
2.839,0.295
2.644,0.813
2.741,0.867
2.595,2.686
2.703,-0.579
2.55,2.949
2.56,3.14
2.529,1.382
2.627,1.726
2.472,2.477
2.451,-0.226
2.417,-0.061
2.357,1.251
2.419,1.99
2.344,2.965
2.281,2.301
2.243,3.008
2.018,1.055
1.996,2.766
1.964,2.621
2.075,0.062
1.905,2.645
2.035,2.054
1.85,-0.264
1.939,0.466
1.88,-0.603
1.789,0.256
1.74,0.884
1.72,1.195
1.451,2.073
1.569,0.344
1.535,1.57
1.509,1.892
1.471,2.071
1.426,2.665
1.415,1.724
1.283,3.019
1.375,0.95
1.023,2.742
0.999,2.63
1.088,1.06
0.923,-0.112
0.921,0.964
0.836,2.061
0.955,2.801
0.79,0.432
0.89,0.08
0.745,2.673
0.777,1.643
0.57,1.558
0.538,-0.148
0.503,-0.14
0.28,0.215
0.261,0.777
0.089,1.194
0.071,2.057
0.021,0.004
0.132,1.984
-0.017,0.717
-0.022,0.308
-0.049,0.8
-0.196,1.251
-0.26,0.057
-0.364,0.728
-0.411,1.239
-0.437,0.412
-0.449,0.023
-0.468,0.51
-0.592,1.717
-0.789,2.788
-0.813,1.527
-0.861,2.651
-0.752,2.038
-0.895,2.825
-0.939,2.395
-1.046,2.067
-0.922,1.751
-1.043,-0.021
-1.078,1.167
-1.318,0.529
-1.351,1.108
-1.475,1.04
-1.395,2.568
-1.57,2.044
-1.723,0.003
-1.82,1.636
-1.77,0.218
-1.925,2.491
-1.867,-0.015
-2.066,-0.216
-2.169,2.205
-2.079,1.723
-2.285,2.137
-2.274,1.052
-2.433,2.238
-2.559,0.429
-2.552,1.706
-2.501,1.652
-2.503,0.226
-2.842,2.077
-2.755,-0.527
-2.936,1.352
-2.911,0.873
-3.134,2.519
2.791,-1.095
2.106,-0.896
1.022,-1.0
1.042,-0.882
0.447,-0.918
0.223,-0.999
-0.611,-1.045
-1.363,-1.165
-1.811,-0.909
-2.346,-0.971
0.719,2.893
-0.235,3.185
-0.944,3.191
-2.381,2.92
3.003,0.076
2.658,1.296
1.959,0.075
1.184,0.699
0.962,0.08
0.613,0.106
-1.161,0.051
-1.775,1.314
2.292,0.473
0.316,1.532
-1.618,0.725
-1.933,-0.161
-2.038,0.253
-2.478,-0.156
-2.676,-0.108
-2.744,0.66
2.001,0.614
1.005,2.303
-2.4,1.232
2.435,-0.637
2.125,-0.688
1.613,-0.849
0.238,-0.893
-0.351,-0.735
-0.68,-0.799
-0.837,-0.879
-0.894,-0.806
-2.25,-0.868
-2.437,-0.869
2.121,-1.09
0.294,-1.263
-0.162,-1.124
-0.863,-1.32
0.013,-2.398
-0.003,-0.241
-0.101,-2.815
-0.034,-2.447
-0.079,-2.333
-0.155,-2.66
-0.217,-0.583
-0.256,-2.43
-0.371,-2.084
-0.412,-2.082
-0.377,-0.134
-0.435,-2.158
-0.42,-1.412
-0.472,-1.052
-0.408,-0.3
-0.502,-1.742
-0.513,-1.781
-0.438,-0.104
-0.53,-2.988
-0.481,-1.476
-0.505,-2.838
-0.6,-1.421
-0.583,-0.059
-0.75,-2.637
-0.694,-0.524
-0.702,-2.622
-0.803,-0.454
-0.796,-2.352
-0.768,-0.445
-0.839,-2.667
-0.831,-0.575
-0.886,-2.05
-0.913,-2.49
-0.869,0.113
-0.864,-0.005
-0.89,-0.772
-0.889,-1.886
-0.991,-2.722
-0.928,-0.521
-1.057,-2.698
-1.069,-1.566
-1.07,-2.699
-1.085,-0.666
-1.067,-1.866
-1.15,-1.238
-1.117,-0.328
-1.117,-1.831
-1.186,-0.068
-1.15,-2.113
-1.164,-1.641
-1.264,-2.952
-1.272,-1.038
-1.231,-1.948
-1.327,-1.195
-1.439,-1.673
-1.617,-1.564
-1.636,-1.808
-1.579,-0.144
-1.608,-2.663
-1.607,-2.11
-1.686,-0.373
-1.694,-0.788
-1.725,-0.538
-1.66,-1.866
-1.762,-2.354
-1.75,-1.832
-1.731,-1.864
-1.818,-2.45
-1.843,-3.009
-1.818,-0.172
-1.954,-1.797
-2.044,-1.842
-2.055,-0.842
-2.132,-1.593
-2.148,-3.47
-2.144,-1.745
-2.242,-2.685
-2.248,-1.648
-2.51,-3.492
-2.451,-2.554
-2.534,-1.261
-2.536,-2.617
-2.513,-1.427
-2.505,-1.145
-2.632,-3.392
-2.597,-1.138
-2.661,-1.009
-2.706,-1.718
-2.864,-0.162
-2.96,-2.48
-3.023,-0.268
-3.008,-1.441
-3.031,0.084
-2.979,-1.004
-3.073,-2.331
-3.141,-3.935
3.042,-3.854
3.108,-3.835
2.687,-3.78
2.667,-3.865
2.087,-3.78
1.219,-3.757
-0.606,-3.928
-0.996,-3.985
-1.644,-3.99
-1.787,-3.76
-1.954,-3.939
-2.26,-4.026
-2.379,-4.028
-2.432,-3.9
-2.824,-3.874
-2.942,-3.958
2.827,0.277
2.081,0.364
1.979,0.312
1.76,0.372
0.141,0.288
-0.491,0.305
-0.808,0.258
-0.808,0.255
-0.896,0.274
-1.626,0.165
-2.271,0.277
-2.507,0.067
2.655,-2.403
2.001,-2.61
1.738,-0.209
1.17,-0.259
-0.434,-3.437
1.693,-3.82
3.104,-2.025
3.115,-1.604
3.081,-3.071
3.083,0.101
2.876,-1.153
2.923,-2.568
2.728,-2.05
2.825,-1.996
2.679,-0.177
2.787,-3.442
2.634,0.086
2.644,0.277
2.613,-1.481
2.711,-1.137
2.556,-0.386
2.535,-3.089
2.501,-2.924
2.441,-1.612
2.503,-0.873
2.428,0.102
2.365,-0.562
2.327,0.145
2.102,-1.808
2.08,-0.097
2.048,-0.242
2.159,-2.801
1.989,-0.218
2.119,-0.809
1.934,-3.127
2.023,-2.397
1.964,-3.466
1.873,-2.607
1.824,-1.979
1.804,-1.668
1.535,-0.79
1.653,-2.519
1.619,-1.293
1.593,-0.971
1.555,-0.792
1.51,-0.198
1.499,-1.139
1.367,0.156
1.459,-1.913
1.107,-0.121
1.083,-0.233
1.172,-1.803
1.007,-2.975
1.005,-1.899
0.92,-0.802
1.039,-0.062
0.874,-2.431
0.974,-2.783
0.829,-0.19
0.861,-1.22
0.654,-1.305
0.622,-3.011
0.587,-3.003
0.364,-2.648
0.345,-2.086
0.173,-1.669
0.155,-0.806
0.105,-2.859
0.216,-0.879
0.067,-2.146
0.062,-2.555
0.035,-2.063
-0.112,-1.612
-0.176,-2.806
-0.28,-2.135
-0.327,-1.624
-0.353,-2.451
-0.365,-2.84
-0.384,-2.353
-0.508,-1.146
-0.705,-0.075
-0.729,-1.336
-0.777,-0.212
-0.668,-0.825
-0.811,-0.038
-0.855,-0.468
-0.962,-0.796
-0.838,-1.112
-0.959,-2.884
-0.994,-1.696
-1.234,-2.334
-1.267,-1.755
-1.391,-1.823
-1.311,-0.295
-1.486,-0.819
-1.639,-2.86
-1.736,-1.227
-1.686,-2.645
-1.841,-0.372
-1.783,-2.878
-1.982,-3.079
-2.085,-0.658
-1.995,-1.14
-2.201,-0.726
-2.19,-1.811
-2.349,-0.625
-2.475,-2.434
-2.468,-1.157
-2.417,-1.211
-2.419,-2.637
-2.758,-0.786
-2.671,-3.39
-2.852,-1.511
-2.827,-1.99
-3.05,-0.344
2.875,-3.958
2.19,-3.759
1.106,-3.863
1.126,-3.745
0.531,-3.781
0.307,-3.862
-0.527,-3.908
-1.279,-4.028
-1.727,-3.772
-2.262,-3.834
0.803,0.03
-0.151,0.322
-0.86,0.328
-2.297,0.057
3.087,-2.787
2.742,-1.567
2.043,-2.788
1.268,-2.164
1.046,-2.783
0.697,-2.757
-1.077,-2.812
-1.691,-1.549
2.376,-2.39
0.4,-1.331
-1.534,-2.138
-1.849,-3.024
-1.954,-2.61
-2.394,-3.019
-2.592,-2.971
-2.66,-2.203
2.085,-2.249
1.089,-0.56
-2.316,-1.631
2.519,-3.5
2.209,-3.551
1.697,-3.712
0.322,-3.756
-0.267,-3.598
-0.596,-3.662
-0.753,-3.742
-0.81,-3.669
-2.166,-3.731
-2.353,-3.732
2.205,-3.953
0.378,-4.126
-0.078,-3.987
-0.779,-4.183
-0.016,2.157
-0.114,-0.417
-0.047,-0.049
-0.092,0.065
-0.168,-0.262
-0.23,1.815
-0.269,-0.032
-0.384,0.314
-0.425,0.316
-0.39,2.264
-0.448,0.24
-0.433,0.986
-0.485,1.346
-0.421,2.098
-0.515,0.656
-0.526,0.617
-0.451,2.294
-0.543,-0.59
-0.494,0.922
-0.518,-0.44
-0.613,0.977
-0.596,2.339
-0.763,-0.239
-0.707,1.874
-0.715,-0.224
-0.816,1.944
-0.809,0.046
-0.781,1.953
-0.852,-0.269
-0.844,1.823
-0.899,0.348
-0.926,-0.092
-0.882,2.511
-0.877,2.393
-0.903,1.626
-0.902,0.512
-1.004,-0.324
-0.941,1.877
-1.07,-0.3
-1.082,0.832
-1.083,-0.301
-1.098,1.732
-1.08,0.532
-1.163,1.16
-1.13,2.07
-1.13,0.567
-1.199,2.33
-1.163,0.285
-1.177,0.757
-1.277,-0.554
-1.285,1.36
-1.244,0.45
-1.34,1.203
-1.452,0.725
-1.63,0.834
-1.649,0.59
-1.592,2.254
-1.621,-0.265
-1.62,0.288
-1.699,2.025
-1.707,1.61
-1.738,1.86
-1.673,0.532
-1.775,0.044
-1.763,0.566
-1.744,0.534
-1.831,-0.052
-1.856,-0.611
-1.831,2.226
-1.967,0.601
-2.057,0.556
-2.068,1.556
-2.145,0.805
-2.161,-1.072
-2.157,0.653
-2.255,-0.287
-2.261,0.75
-2.523,-1.094
-2.464,-0.156
-2.547,1.137
-2.549,-0.219
-2.526,0.971
-2.518,1.253
-2.645,-0.994
-2.61,1.26
-2.674,1.389
-2.719,0.68
-2.877,2.236
-2.973,-0.082
-3.036,2.13
-3.021,0.957
-3.044,2.482
-2.992,1.394
-3.086,0.067
3.129,-1.537
3.029,-1.456
3.095,-1.437
2.674,-1.382
2.654,-1.467
2.074,-1.382
1.206,-1.359
-0.619,-1.53
-1.009,-1.587
-1.657,-1.592
-1.8,-1.362
-1.967,-1.541
-2.273,-1.628
-2.392,-1.63
-2.445,-1.502
-2.837,-1.476
-2.955,-1.56
2.814,2.675
2.068,2.762
1.966,2.71
1.747,2.77
0.128,2.686
-0.504,2.703
-0.821,2.656
-0.821,2.653
-0.909,2.672
-1.639,2.563
-2.284,2.675
-2.52,2.465
2.642,-0.005
1.988,-0.212
1.725,2.189
1.157,2.139
-0.447,-1.039
1.68,-1.422
3.091,0.373
3.102,0.794
3.068,-0.673
3.07,2.499
2.863,1.245
2.91,-0.17
2.715,0.348
2.812,0.402
2.666,2.221
2.774,-1.044
2.621,2.484
2.631,2.675
2.6,0.917
2.698,1.261
2.543,2.012
2.522,-0.691
2.488,-0.526
2.428,0.786
2.49,1.525
2.415,2.5
2.352,1.836
2.314,2.543
2.089,0.59
2.067,2.301
2.035,2.156
2.146,-0.403
1.976,2.18
2.106,1.589
1.921,-0.729
2.01,0.001
1.951,-1.068
1.86,-0.209
1.811,0.419
1.791,0.73
1.522,1.608
1.64,-0.121
1.606,1.105
1.58,1.427
1.542,1.606
1.497,2.2
1.486,1.259
1.354,2.554
1.446,0.485
1.094,2.277
1.07,2.165
1.159,0.595
0.994,-0.577
0.992,0.499
0.907,1.596
1.026,2.336
0.861,-0.033
0.961,-0.385
0.816,2.208
0.848,1.178
0.641,1.093
0.609,-0.613
0.574,-0.605
0.351,-0.25
0.332,0.312
0.16,0.729
0.142,1.592
0.092,-0.461
0.203,1.519
0.054,0.252
0.049,-0.157
0.022,0.335
-0.125,0.786
-0.189,-0.408
-0.293,0.263
-0.34,0.774
-0.366,-0.053
-0.378,-0.442
-0.397,0.045
-0.521,1.252
-0.718,2.323
-0.742,1.062
-0.79,2.186
-0.681,1.573
-0.824,2.36
-0.868,1.93
-0.975,1.602
-0.851,1.286
-0.972,-0.486
-1.007,0.702
-1.247,0.064
-1.28,0.643
-1.404,0.575
-1.324,2.103
-1.499,1.579
-1.652,-0.462
-1.749,1.171
-1.699,-0.247
-1.854,2.026
-1.796,-0.48
-1.995,-0.681
-2.098,1.74
-2.008,1.258
-2.214,1.672
-2.203,0.587
-2.362,1.773
-2.488,-0.036
-2.481,1.241
-2.43,1.187
-2.432,-0.239
-2.771,1.612
-2.684,-0.992
-2.865,0.887
-2.84,0.408
-3.063,2.054
2.862,-1.56
2.177,-1.361
1.093,-1.465
1.113,-1.347
0.518,-1.383
0.294,-1.464
-0.54,-1.51
-1.292,-1.63
-1.74,-1.374
-2.275,-1.436
0.79,2.428
-0.164,2.72
-0.873,2.726
-2.31,2.455
3.074,-0.389
2.729,0.831
2.03,-0.39
1.255,0.234
1.033,-0.385
0.684,-0.359
-1.09,-0.414
-1.704,0.849
2.363,0.008
0.387,1.067
-1.547,0.26
-1.862,-0.626
-1.967,-0.212
-2.407,-0.621
-2.605,-0.573
-2.673,0.195
2.072,0.149
1.076,1.838
-2.329,0.767
2.506,-1.102
2.196,-1.153
1.684,-1.314
0.309,-1.358
-0.28,-1.2
-0.609,-1.264
-0.766,-1.344
-0.823,-1.271
-2.179,-1.333
-2.366,-1.334
2.192,-1.555
0.365,-1.728
-0.091,-1.589
-0.792,-1.785
-0.098,-2.574
-0.031,-2.206
-0.076,-2.092
-0.152,-2.419
-0.214,-0.342
-0.253,-2.189
-0.368,-1.843
-0.409,-1.841
-0.374,0.107
-0.432,-1.917
-0.417,-1.171
-0.469,-0.811
-0.405,-0.059
-0.499,-1.501
-0.51,-1.54
-0.435,0.137
-0.527,-2.747
-0.478,-1.235
-0.502,-2.597
-0.597,-1.18
-0.58,0.182
-0.747,-2.396
-0.691,-0.283
-0.699,-2.381
-0.8,-0.213
-0.793,-2.111
-0.765,-0.204
-0.836,-2.426
-0.828,-0.334
-0.883,-1.809
-0.91,-2.249
-0.866,0.354
-0.861,0.236
-0.887,-0.531
-0.886,-1.645
-0.988,-2.481
-0.925,-0.28
-1.054,-2.457
-1.066,-1.325
-1.067,-2.458
-1.082,-0.425
-1.064,-1.625
-1.147,-0.997
-1.114,-0.087
-1.114,-1.59
-1.183,0.173
-1.147,-1.872
-1.161,-1.4
-1.261,-2.711
-1.269,-0.797
-1.228,-1.707
-1.324,-0.954
-1.436,-1.432
-1.614,-1.323
-1.633,-1.567
-1.576,0.097
-1.605,-2.422
-1.604,-1.869
-1.683,-0.132
-1.691,-0.547
-1.722,-0.297
-1.657,-1.625
-1.759,-2.113
-1.747,-1.591
-1.728,-1.623
-1.815,-2.209
-1.84,-2.768
-1.815,0.069
-1.951,-1.556
-2.041,-1.601
-2.052,-0.601
-2.129,-1.352
-2.145,-3.229
-2.141,-1.504
-2.239,-2.444
-2.245,-1.407
-2.507,-3.251
-2.448,-2.313
-2.531,-1.02
-2.533,-2.376
-2.51,-1.186
-2.502,-0.904
-2.629,-3.151
-2.594,-0.897
-2.658,-0.768
-2.703,-1.477
-2.861,0.079
-2.957,-2.239
-3.02,-0.027
-3.005,-1.2
-3.028,0.325
-2.976,-0.763
-3.07,-2.09
-3.138,-3.694
3.045,-3.613
3.111,-3.594
2.69,-3.539
2.67,-3.624
2.09,-3.539
1.222,-3.516
-0.603,-3.687
-0.993,-3.744
-1.641,-3.749
-1.784,-3.519
-1.951,-3.698
-2.257,-3.785
-2.376,-3.787
-2.429,-3.659
-2.821,-3.633
-2.939,-3.717
2.83,0.518
2.084,0.605
1.982,0.553
1.763,0.613
0.144,0.529
-0.488,0.546
-0.805,0.499
-0.805,0.496
-0.893,0.515
-1.623,0.406
-2.268,0.518
-2.504,0.308
2.658,-2.162
2.004,-2.369
1.741,0.032
1.173,-0.018
-0.431,-3.196
1.696,-3.579
3.107,-1.784
3.118,-1.363
3.084,-2.83
3.086,0.342
2.879,-0.912
2.926,-2.327
2.731,-1.809
2.828,-1.755
2.682,0.064
2.79,-3.201
2.637,0.327
2.647,0.518
2.616,-1.24
2.714,-0.896
2.559,-0.145
2.538,-2.848
2.504,-2.683
2.444,-1.371
2.506,-0.632
2.431,0.343
2.368,-0.321
2.33,0.386
2.105,-1.567
2.083,0.144
2.051,-0.001
2.162,-2.56
1.992,0.023
2.122,-0.568
1.937,-2.886
2.026,-2.156
1.967,-3.225
1.876,-2.366
1.827,-1.738
1.807,-1.427
1.538,-0.549
1.656,-2.278
1.622,-1.052
1.596,-0.73
1.558,-0.551
1.513,0.043
1.502,-0.898
1.37,0.397
1.462,-1.672
1.11,0.12
1.086,0.008
1.175,-1.562
1.01,-2.734
1.008,-1.658
0.923,-0.561
1.042,0.179
0.877,-2.19
0.977,-2.542
0.832,0.051
0.864,-0.979
0.657,-1.064
0.625,-2.77
0.59,-2.762
0.367,-2.407
0.348,-1.845
0.176,-1.428
0.158,-0.565
0.108,-2.618
0.219,-0.638
0.07,-1.905
0.065,-2.314
0.038,-1.822
-0.109,-1.371
-0.173,-2.565
-0.277,-1.894
-0.324,-1.383
-0.35,-2.21
-0.362,-2.599
-0.381,-2.112
-0.505,-0.905
-0.702,0.166
-0.726,-1.095
-0.774,0.029
-0.665,-0.584
-0.808,0.203
-0.852,-0.227
-0.959,-0.555
-0.835,-0.871
-0.956,-2.643
-0.991,-1.455
-1.231,-2.093
-1.264,-1.514
-1.388,-1.582
-1.308,-0.054
-1.483,-0.578
-1.636,-2.619
-1.733,-0.986
-1.683,-2.404
-1.838,-0.131
-1.78,-2.637
-1.979,-2.838
-2.082,-0.417
-1.992,-0.899
-2.198,-0.485
-2.187,-1.57
-2.346,-0.384
-2.472,-2.193
-2.465,-0.916
-2.414,-0.97
-2.416,-2.396
-2.755,-0.545
-2.668,-3.149
-2.849,-1.27
-2.824,-1.749
-3.047,-0.103
2.878,-3.717
2.193,-3.518
1.109,-3.622
1.129,-3.504
0.534,-3.54
0.31,-3.621
-0.524,-3.667
-1.276,-3.787
-1.724,-3.531
-2.259,-3.593
0.806,0.271
-0.148,0.563
-0.857,0.569
-2.294,0.298
3.09,-2.546
2.745,-1.326
2.046,-2.547
1.271,-1.923
1.049,-2.542
0.7,-2.516
-1.074,-2.571
-1.688,-1.308
2.379,-2.149
0.403,-1.09
-1.531,-1.897
-1.846,-2.783
-1.951,-2.369
-2.391,-2.778
-2.589,-2.73
-2.657,-1.962
2.088,-2.008
1.092,-0.319
-2.313,-1.39
2.522,-3.259
2.212,-3.31
1.7,-3.471
0.325,-3.515
-0.264,-3.357
-0.593,-3.421
-0.75,-3.501
-0.807,-3.428
-2.163,-3.49
-2.35,-3.491
2.208,-3.712
0.381,-3.885
-0.075,-3.746
-0.776,-3.942
0.067,0.368
0.022,0.482
-0.054,0.155
-0.116,2.232
-0.155,0.385
-0.27,0.731
-0.311,0.733
-0.276,2.681
-0.334,0.657
-0.319,1.403
-0.371,1.763
-0.307,2.515
-0.401,1.073
-0.412,1.034
-0.337,2.711
-0.429,-0.173
-0.38,1.339
-0.404,-0.023
-0.499,1.394
-0.482,2.756
-0.649,0.178
-0.593,2.291
-0.601,0.193
-0.702,2.361
-0.695,0.463
-0.667,2.37
-0.738,0.148
-0.73,2.24
-0.785,0.765
-0.812,0.325
-0.768,2.928
-0.763,2.81
-0.789,2.043
-0.788,0.929
-0.89,0.093
-0.827,2.294
-0.956,0.117
-0.968,1.249
-0.969,0.116
-0.984,2.149
-0.966,0.949
-1.049,1.577
-1.016,2.487
-1.016,0.984
-1.085,2.747
-1.049,0.702
-1.063,1.174
-1.163,-0.137
-1.171,1.777
-1.13,0.867
-1.226,1.62
-1.338,1.142
-1.516,1.251
-1.535,1.007
-1.478,2.671
-1.507,0.152
-1.506,0.705
-1.585,2.442
-1.593,2.027
-1.624,2.277
-1.559,0.949
-1.661,0.461
-1.649,0.983
-1.63,0.951
-1.717,0.365
-1.742,-0.194
-1.717,2.643
-1.853,1.018
-1.943,0.973
-1.954,1.973
-2.031,1.222
-2.047,-0.655
-2.043,1.07
-2.141,0.13
-2.147,1.167
-2.409,-0.677
-2.35,0.261
-2.433,1.554
-2.435,0.198
-2.412,1.388
-2.404,1.67
-2.531,-0.577
-2.496,1.677
-2.56,1.806
-2.605,1.097
-2.763,2.653
-2.859,0.335
-2.922,2.547
-2.907,1.374
-2.93,2.899
-2.878,1.811
-2.972,0.484
-3.04,-1.12
-3.14,-1.039
-3.074,-1.02
2.788,-0.965
2.768,-1.05
2.188,-0.965
1.32,-0.942
-0.505,-1.113
-0.895,-1.17
-1.543,-1.175
-1.686,-0.945
-1.853,-1.124
-2.159,-1.211
-2.278,-1.213
-2.331,-1.085
-2.723,-1.059
-2.841,-1.143
2.928,3.092
2.182,3.179
2.08,3.127
1.861,3.187
0.242,3.103
-0.39,3.12
-0.707,3.073
-0.707,3.07
-0.795,3.089
-1.525,2.98
-2.17,3.092
-2.406,2.882
2.756,0.412
2.102,0.205
1.839,2.606
1.271,2.556
-0.333,-0.622
1.794,-1.005
-3.078,0.79
-3.067,1.211
-3.101,-0.256
-3.099,2.916
2.977,1.662
3.024,0.247
2.829,0.765
2.926,0.819
2.78,2.638
2.888,-0.627
2.735,2.901
2.745,3.092
2.714,1.334
2.812,1.678
2.657,2.429
2.636,-0.274
2.602,-0.109
2.542,1.203
2.604,1.942
2.529,2.917
2.466,2.253
2.428,2.96
2.203,1.007
2.181,2.718
2.149,2.573
2.26,0.014
2.09,2.597
2.22,2.006
2.035,-0.312
2.124,0.418
2.065,-0.651
1.974,0.208
1.925,0.836
1.905,1.147
1.636,2.025
1.754,0.296
1.72,1.522
1.694,1.844
1.656,2.023
1.611,2.617
1.6,1.676
1.468,2.971
1.56,0.902
1.208,2.694
1.184,2.582
1.273,1.012
1.108,-0.16
1.106,0.916
1.021,2.013
1.14,2.753
0.975,0.384
1.075,0.032
0.93,2.625
0.962,1.595
0.755,1.51
0.723,-0.196
0.688,-0.188
0.465,0.167
0.446,0.729
0.274,1.146
0.256,2.009
0.206,-0.044
0.317,1.936
0.168,0.669
0.163,0.26
0.136,0.752
-0.011,1.203
-0.075,0.009
-0.179,0.68
-0.226,1.191
-0.252,0.364
-0.264,-0.025
-0.283,0.462
-0.407,1.669
-0.604,2.74
-0.628,1.479
-0.676,2.603
-0.567,1.99
-0.71,2.777
-0.754,2.347
-0.861,2.019
-0.737,1.703
-0.858,-0.069
-0.893,1.119
-1.133,0.481
-1.166,1.06
-1.29,0.992
-1.21,2.52
-1.385,1.996
-1.538,-0.045
-1.635,1.588
-1.585,0.17
-1.74,2.443
-1.682,-0.063
-1.881,-0.264
-1.984,2.157
-1.894,1.675
-2.1,2.089
-2.089,1.004
-2.248,2.19
-2.374,0.381
-2.367,1.658
-2.316,1.604
-2.318,0.178
-2.657,2.029
-2.57,-0.575
-2.751,1.304
-2.726,0.825
-2.949,2.471
2.976,-1.143
2.291,-0.944
1.207,-1.048
1.227,-0.93
0.632,-0.966
0.408,-1.047
-0.426,-1.093
-1.178,-1.213
-1.626,-0.957
-2.161,-1.019
0.904,2.845
-0.05,3.137
-0.759,3.143
-2.196,2.872
-3.095,0.028
2.843,1.248
2.144,0.027
1.369,0.651
1.147,0.032
0.798,0.058
-0.976,0.003
-1.59,1.266
2.477,0.425
0.501,1.484
-1.433,0.677
-1.748,-0.209
-1.853,0.205
-2.293,-0.204
-2.491,-0.156
-2.559,0.612
2.186,0.566
1.19,2.255
-2.215,1.184
2.62,-0.685
2.31,-0.736
1.798,-0.897
0.423,-0.941
-0.166,-0.783
-0.495,-0.847
-0.652,-0.927
-0.709,-0.854
-2.065,-0.916
-2.252,-0.917
2.306,-1.138
0.479,-1.311
0.023,-1.172
-0.678,-1.368
-0.045,0.114
-0.121,-0.213
-0.183,1.864
-0.222,0.017
-0.337,0.363
-0.378,0.365
-0.343,2.313
-0.401,0.289
-0.386,1.035
-0.438,1.395
-0.374,2.147
-0.468,0.705
-0.479,0.666
-0.404,2.343
-0.496,-0.541
-0.447,0.971
-0.471,-0.391
-0.566,1.026
-0.549,2.388
-0.716,-0.19
-0.66,1.923
-0.668,-0.175
-0.769,1.993
-0.762,0.095
-0.734,2.002
-0.805,-0.22
-0.797,1.872
-0.852,0.397
-0.879,-0.043
-0.835,2.56
-0.83,2.442
-0.856,1.675
-0.855,0.561
-0.957,-0.275
-0.894,1.926
-1.023,-0.251
-1.035,0.881
-1.036,-0.252
-1.051,1.781
-1.033,0.581
-1.116,1.209
-1.083,2.119
-1.083,0.616
-1.152,2.379
-1.116,0.334
-1.13,0.806
-1.23,-0.505
-1.238,1.409
-1.197,0.499
-1.293,1.252
-1.405,0.774
-1.583,0.883
-1.602,0.639
-1.545,2.303
-1.574,-0.216
-1.573,0.337
-1.652,2.074
-1.66,1.659
-1.691,1.909
-1.626,0.581
-1.728,0.093
-1.716,0.615
-1.697,0.583
-1.784,-0.003
-1.809,-0.562
-1.784,2.275
-1.92,0.65
-2.01,0.605
-2.021,1.605
-2.098,0.854
-2.114,-1.023
-2.11,0.702
-2.208,-0.238
-2.214,0.799
-2.476,-1.045
-2.417,-0.107
-2.5,1.186
-2.502,-0.17
-2.479,1.02
-2.471,1.302
-2.598,-0.945
-2.563,1.309
-2.627,1.438
-2.672,0.729
-2.83,2.285
-2.926,-0.033
-2.989,2.179
-2.974,1.006
-2.997,2.531
-2.945,1.443
-3.039,0.116
-3.107,-1.488
3.076,-1.407
-3.141,-1.388
2.721,-1.333
2.701,-1.418
2.121,-1.333
1.253,-1.31
-0.572,-1.481
-0.962,-1.538
-1.61,-1.543
-1.753,-1.313
-1.92,-1.492
-2.226,-1.579
-2.345,-1.581
-2.398,-1.453
-2.79,-1.427
-2.908,-1.511
2.861,2.724
2.115,2.811
2.013,2.759
1.794,2.819
0.175,2.735
-0.457,2.752
-0.774,2.705
-0.774,2.702
-0.862,2.721
-1.592,2.612
-2.237,2.724
-2.473,2.514
2.689,0.044
2.035,-0.163
1.772,2.238
1.204,2.188
-0.4,-0.99
1.727,-1.373
3.138,0.422
-3.134,0.843
3.115,-0.624
3.117,2.548
2.91,1.294
2.957,-0.121
2.762,0.397
2.859,0.451
2.713,2.27
2.821,-0.995
2.668,2.533
2.678,2.724
2.647,0.966
2.745,1.31
2.59,2.061
2.569,-0.642
2.535,-0.477
2.475,0.835
2.537,1.574
2.462,2.549
2.399,1.885
2.361,2.592
2.136,0.639
2.114,2.35
2.082,2.205
2.193,-0.354
2.023,2.229
2.153,1.638
1.968,-0.68
2.057,0.05
1.998,-1.019
1.907,-0.16
1.858,0.468
1.838,0.779
1.569,1.657
1.687,-0.072
1.653,1.154
1.627,1.476
1.589,1.655
1.544,2.249
1.533,1.308
1.401,2.603
1.493,0.534
1.141,2.326
1.117,2.214
1.206,0.644
1.041,-0.528
1.039,0.548
0.954,1.645
1.073,2.385
0.908,0.016
1.008,-0.336
0.863,2.257
0.895,1.227
0.688,1.142
0.656,-0.564
0.621,-0.556
0.398,-0.201
0.379,0.361
0.207,0.778
0.189,1.641
0.139,-0.412
0.25,1.568
0.101,0.301
0.096,-0.108
0.069,0.384
-0.078,0.835
-0.142,-0.359
-0.246,0.312
-0.293,0.823
-0.319,-0.004
-0.331,-0.393
-0.35,0.094
-0.474,1.301
-0.671,2.372
-0.695,1.111
-0.743,2.235
-0.634,1.622
-0.777,2.409
-0.821,1.979
-0.928,1.651
-0.804,1.335
-0.925,-0.437
-0.96,0.751
-1.2,0.113
-1.233,0.692
-1.357,0.624
-1.277,2.152
-1.452,1.628
-1.605,-0.413
-1.702,1.22
-1.652,-0.198
-1.807,2.075
-1.749,-0.431
-1.948,-0.632
-2.051,1.789
-1.961,1.307
-2.167,1.721
-2.156,0.636
-2.315,1.822
-2.441,0.013
-2.434,1.29
-2.383,1.236
-2.385,-0.19
-2.724,1.661
-2.637,-0.943
-2.818,0.936
-2.793,0.457
-3.016,2.103
2.909,-1.511
2.224,-1.312
1.14,-1.416
1.16,-1.298
0.565,-1.334
0.341,-1.415
-0.493,-1.461
-1.245,-1.581
-1.693,-1.325
-2.228,-1.387
0.837,2.477
-0.117,2.769
-0.826,2.775
-2.263,2.504
3.121,-0.34
2.776,0.88
2.077,-0.341
1.302,0.283
1.08,-0.336
0.731,-0.31
-1.043,-0.365
-1.657,0.898
2.41,0.057
0.434,1.116
-1.5,0.309
-1.815,-0.577
-1.92,-0.163
-2.36,-0.572
-2.558,-0.524
-2.626,0.244
2.119,0.198
1.123,1.887
-2.282,0.816
2.553,-1.053
2.243,-1.104
1.731,-1.265
0.356,-1.309
-0.233,-1.151
-0.562,-1.215
-0.719,-1.295
-0.776,-1.222
-2.132,-1.284
-2.319,-1.285
2.239,-1.506
0.412,-1.679
-0.044,-1.54
-0.745,-1.736
-0.076,-0.327
-0.138,1.75
-0.177,-0.097
-0.292,0.249
-0.333,0.251
-0.298,2.199
-0.356,0.175
-0.341,0.921
-0.393,1.281
-0.329,2.033
-0.423,0.591
-0.434,0.552
-0.359,2.229
-0.451,-0.655
-0.402,0.857
-0.426,-0.505
-0.521,0.912
-0.504,2.274
-0.671,-0.304
-0.615,1.809
-0.623,-0.289
-0.724,1.879
-0.717,-0.019
-0.689,1.888
-0.76,-0.334
-0.752,1.758
-0.807,0.283
-0.834,-0.157
-0.79,2.446
-0.785,2.328
-0.811,1.561
-0.81,0.447
-0.912,-0.389
-0.849,1.812
-0.978,-0.365
-0.99,0.767
-0.991,-0.366
-1.006,1.667
-0.988,0.467
-1.071,1.095
-1.038,2.005
-1.038,0.502
-1.107,2.265
-1.071,0.22
-1.085,0.692
-1.185,-0.619
-1.193,1.295
-1.152,0.385
-1.248,1.138
-1.36,0.66
-1.538,0.769
-1.557,0.525
-1.5,2.189
-1.529,-0.33
-1.528,0.223
-1.607,1.96
-1.615,1.545
-1.646,1.795
-1.581,0.467
-1.683,-0.021
-1.671,0.501
-1.652,0.469
-1.739,-0.117
-1.764,-0.676
-1.739,2.161
-1.875,0.536
-1.965,0.491
-1.976,1.491
-2.053,0.74
-2.069,-1.137
-2.065,0.588
-2.163,-0.352
-2.169,0.685
-2.431,-1.159
-2.372,-0.221
-2.455,1.072
-2.457,-0.284
-2.434,0.906
-2.426,1.188
-2.553,-1.059
-2.518,1.195
-2.582,1.324
-2.627,0.615
-2.785,2.171
-2.881,-0.147
-2.944,2.065
-2.929,0.892
-2.952,2.417
-2.9,1.329
-2.994,0.002
-3.062,-1.602
3.121,-1.521
-3.096,-1.502
2.766,-1.447
2.746,-1.532
2.166,-1.447
1.298,-1.424
-0.527,-1.595
-0.917,-1.652
-1.565,-1.657
-1.708,-1.427
-1.875,-1.606
-2.181,-1.693
-2.3,-1.695
-2.353,-1.567
-2.745,-1.541
-2.863,-1.625
2.906,2.61
2.16,2.697
2.058,2.645
1.839,2.705
0.22,2.621
-0.412,2.638
-0.729,2.591
-0.729,2.588
-0.817,2.607
-1.547,2.498
-2.192,2.61
-2.428,2.4
2.734,-0.07
2.08,-0.277
1.817,2.124
1.249,2.074
-0.355,-1.104
1.772,-1.487
-3.1,0.308
-3.089,0.729
-3.123,-0.738
-3.121,2.434
2.955,1.18
3.002,-0.235
2.807,0.283
2.904,0.337
2.758,2.156
2.866,-1.109
2.713,2.419
2.723,2.61
2.692,0.852
2.79,1.196
2.635,1.947
2.614,-0.756
2.58,-0.591
2.52,0.721
2.582,1.46
2.507,2.435
2.444,1.771
2.406,2.478
2.181,0.525
2.159,2.236
2.127,2.091
2.238,-0.468
2.068,2.115
2.198,1.524
2.013,-0.794
2.102,-0.064
2.043,-1.133
1.952,-0.274
1.903,0.354
1.883,0.665
1.614,1.543
1.732,-0.186
1.698,1.04
1.672,1.362
1.634,1.541
1.589,2.135
1.578,1.194
1.446,2.489
1.538,0.42
1.186,2.212
1.162,2.1
1.251,0.53
1.086,-0.642
1.084,0.434
0.999,1.531
1.118,2.271
0.953,-0.098
1.053,-0.45
0.908,2.143
0.94,1.113
0.733,1.028
0.701,-0.678
0.666,-0.67
0.443,-0.315
0.424,0.247
0.252,0.664
0.234,1.527
0.184,-0.526
0.295,1.454
0.146,0.187
0.141,-0.222
0.114,0.27
-0.033,0.721
-0.097,-0.473
-0.201,0.198
-0.248,0.709
-0.274,-0.118
-0.286,-0.507
-0.305,-0.02
-0.429,1.187
-0.626,2.258
-0.65,0.997
-0.698,2.121
-0.589,1.508
-0.732,2.295
-0.776,1.865
-0.883,1.537
-0.759,1.221
-0.88,-0.551
-0.915,0.637
-1.155,-0.001
-1.188,0.578
-1.312,0.51
-1.232,2.038
-1.407,1.514
-1.56,-0.527
-1.657,1.106
-1.607,-0.312
-1.762,1.961
-1.704,-0.545
-1.903,-0.746
-2.006,1.675
-1.916,1.193
-2.122,1.607
-2.111,0.522
-2.27,1.708
-2.396,-0.101
-2.389,1.176
-2.338,1.122
-2.34,-0.304
-2.679,1.547
-2.592,-1.057
-2.773,0.822
-2.748,0.343
-2.971,1.989
2.954,-1.625
2.269,-1.426
1.185,-1.53
1.205,-1.412
0.61,-1.448
0.386,-1.529
-0.448,-1.575
-1.2,-1.695
-1.648,-1.439
-2.183,-1.501
0.882,2.363
-0.072,2.655
-0.781,2.661
-2.218,2.39
-3.117,-0.454
2.821,0.766
2.122,-0.455
1.347,0.169
1.125,-0.45
0.776,-0.424
-0.998,-0.479
-1.612,0.784
2.455,-0.057
0.479,1.002
-1.455,0.195
-1.77,-0.691
-1.875,-0.277
-2.315,-0.686
-2.513,-0.638
-2.581,0.13
2.164,0.084
1.168,1.773
-2.237,0.702
2.598,-1.167
2.288,-1.218
1.776,-1.379
0.401,-1.423
-0.188,-1.265
-0.517,-1.329
-0.674,-1.409
-0.731,-1.336
-2.087,-1.398
-2.274,-1.399
2.284,-1.62
0.457,-1.793
0.001,-1.654
-0.7,-1.85
-0.062,2.077
-0.101,0.23
-0.216,0.576
-0.257,0.578
-0.222,2.526
-0.28,0.502
-0.265,1.248
-0.317,1.608
-0.253,2.36
-0.347,0.918
-0.358,0.879
-0.283,2.556
-0.375,-0.328
-0.326,1.184
-0.35,-0.178
-0.445,1.239
-0.428,2.601
-0.595,0.023
-0.539,2.136
-0.547,0.038
-0.648,2.206
-0.641,0.308
-0.613,2.215
-0.684,-0.007
-0.676,2.085
-0.731,0.61
-0.758,0.17
-0.714,2.773
-0.709,2.655
-0.735,1.888
-0.734,0.774
-0.836,-0.062
-0.773,2.139
-0.902,-0.038
-0.914,1.094
-0.915,-0.039
-0.93,1.994
-0.912,0.794
-0.995,1.422
-0.962,2.332
-0.962,0.829
-1.031,2.592
-0.995,0.547
-1.009,1.019
-1.109,-0.292
-1.117,1.622
-1.076,0.712
-1.172,1.465
-1.284,0.987
-1.462,1.096
-1.481,0.852
-1.424,2.516
-1.453,-0.003
-1.452,0.55
-1.531,2.287
-1.539,1.872
-1.57,2.122
-1.505,0.794
-1.607,0.306
-1.595,0.828
-1.576,0.796
-1.663,0.21
-1.688,-0.349
-1.663,2.488
-1.799,0.863
-1.889,0.818
-1.9,1.818
-1.977,1.067
-1.993,-0.81
-1.989,0.915
-2.087,-0.025
-2.093,1.012
-2.355,-0.832
-2.296,0.106
-2.379,1.399
-2.381,0.043
-2.358,1.233
-2.35,1.515
-2.477,-0.732
-2.442,1.522
-2.506,1.651
-2.551,0.942
-2.709,2.498
-2.805,0.18
-2.868,2.392
-2.853,1.219
-2.876,2.744
-2.824,1.656
-2.918,0.329
-2.986,-1.275
-3.086,-1.194
-3.02,-1.175
2.842,-1.12
2.822,-1.205
2.242,-1.12
1.374,-1.097
-0.451,-1.268
-0.841,-1.325
-1.489,-1.33
-1.632,-1.1
-1.799,-1.279
-2.105,-1.366
-2.224,-1.368
-2.277,-1.24
-2.669,-1.214
-2.787,-1.298
2.982,2.937
2.236,3.024
2.134,2.972
1.915,3.032
0.296,2.948
-0.336,2.965
-0.653,2.918
-0.653,2.915
-0.741,2.934
-1.471,2.825
-2.116,2.937
-2.352,2.727
2.81,0.257
2.156,0.05
1.893,2.451
1.325,2.401
-0.279,-0.777
1.848,-1.16
-3.024,0.635
-3.013,1.056
-3.047,-0.411
-3.045,2.761
3.031,1.507
3.078,0.092
2.883,0.61
2.98,0.664
2.834,2.483
2.942,-0.782
2.789,2.746
2.799,2.937
2.768,1.179
2.866,1.523
2.711,2.274
2.69,-0.429
2.656,-0.264
2.596,1.048
2.658,1.787
2.583,2.762
2.52,2.098
2.482,2.805
2.257,0.852
2.235,2.563
2.203,2.418
2.314,-0.141
2.144,2.442
2.274,1.851
2.089,-0.467
2.178,0.263
2.119,-0.806
2.028,0.053
1.979,0.681
1.959,0.992
1.69,1.87
1.808,0.141
1.774,1.367
1.748,1.689
1.71,1.868
1.665,2.462
1.654,1.521
1.522,2.816
1.614,0.747
1.262,2.539
1.238,2.427
1.327,0.857
1.162,-0.315
1.16,0.761
1.075,1.858
1.194,2.598
1.029,0.229
1.129,-0.123
0.984,2.47
1.016,1.44
0.809,1.355
0.777,-0.351
0.742,-0.343
0.519,0.012
0.5,0.574
0.328,0.991
0.31,1.854
0.26,-0.199
0.371,1.781
0.222,0.514
0.217,0.105
0.19,0.597
0.043,1.048
-0.021,-0.146
-0.125,0.525
-0.172,1.036
-0.198,0.209
-0.21,-0.18
-0.229,0.307
-0.353,1.514
-0.55,2.585
-0.574,1.324
-0.622,2.448
-0.513,1.835
-0.656,2.622
-0.7,2.192
-0.807,1.864
-0.683,1.548
-0.804,-0.224
-0.839,0.964
-1.079,0.326
-1.112,0.905
-1.236,0.837
-1.156,2.365
-1.331,1.841
-1.484,-0.2
-1.581,1.433
-1.531,0.015
-1.686,2.288
-1.628,-0.218
-1.827,-0.419
-1.93,2.002
-1.84,1.52
-2.046,1.934
-2.035,0.849
-2.194,2.035
-2.32,0.226
-2.313,1.503
-2.262,1.449
-2.264,0.023
-2.603,1.874
-2.516,-0.73
-2.697,1.149
-2.672,0.67
-2.895,2.316
3.03,-1.298
2.345,-1.099
1.261,-1.203
1.281,-1.085
0.686,-1.121
0.462,-1.202
-0.372,-1.248
-1.124,-1.368
-1.572,-1.112
-2.107,-1.174
0.958,2.69
0.004,2.982
-0.705,2.988
-2.142,2.717
-3.041,-0.127
2.897,1.093
2.198,-0.128
1.423,0.496
1.201,-0.123
0.852,-0.097
-0.922,-0.152
-1.536,1.111
2.531,0.27
0.555,1.329
-1.379,0.522
-1.694,-0.364
-1.799,0.05
-2.239,-0.359
-2.437,-0.311
-2.505,0.457
2.24,0.411
1.244,2.1
-2.161,1.029
2.674,-0.84
2.364,-0.891
1.852,-1.052
0.477,-1.096
-0.112,-0.938
-0.441,-1.002
-0.598,-1.082
-0.655,-1.009
-2.011,-1.071
-2.198,-1.072
2.36,-1.293
0.533,-1.466
0.077,-1.327
-0.624,-1.523
-0.039,-1.847
-0.154,-1.501
-0.195,-1.499
-0.16,0.449
-0.218,-1.575
-0.203,-0.829
-0.255,-0.469
-0.191,0.283
-0.285,-1.159
-0.296,-1.198
-0.221,0.479
-0.313,-2.405
-0.264,-0.893
-0.288,-2.255
-0.383,-0.838
-0.366,0.524
-0.533,-2.054
-0.477,0.059
-0.485,-2.039
-0.586,0.129
-0.579,-1.769
-0.551,0.138
-0.622,-2.084
-0.614,0.008
-0.669,-1.467
-0.696,-1.907
-0.652,0.696
-0.647,0.578
-0.673,-0.189
-0.672,-1.303
-0.774,-2.139
-0.711,0.062
-0.84,-2.115
-0.852,-0.983
-0.853,-2.116
-0.868,-0.083
-0.85,-1.283
-0.933,-0.655
-0.9,0.255
-0.9,-1.248
-0.969,0.515
-0.933,-1.53
-0.947,-1.058
-1.047,-2.369
-1.055,-0.455
-1.014,-1.365
-1.11,-0.612
-1.222,-1.09
-1.4,-0.981
-1.419,-1.225
-1.362,0.439
-1.391,-2.08
-1.39,-1.527
-1.469,0.21
-1.477,-0.205
-1.508,0.045
-1.443,-1.283
-1.545,-1.771
-1.533,-1.249
-1.514,-1.281
-1.601,-1.867
-1.626,-2.426
-1.601,0.411
-1.737,-1.214
-1.827,-1.259
-1.838,-0.259
-1.915,-1.01
-1.931,-2.887
-1.927,-1.162
-2.025,-2.102
-2.031,-1.065
-2.293,-2.909
-2.234,-1.971
-2.317,-0.678
-2.319,-2.034
-2.296,-0.844
-2.288,-0.562
-2.415,-2.809
-2.38,-0.555
-2.444,-0.426
-2.489,-1.135
-2.647,0.421
-2.743,-1.897
-2.806,0.315
-2.791,-0.858
-2.814,0.667
-2.762,-0.421
-2.856,-1.748
-2.924,-3.352
-3.024,-3.271
-2.958,-3.252
2.904,-3.197
2.884,-3.282
2.304,-3.197
1.436,-3.174
-0.389,-3.345
-0.779,-3.402
-1.427,-3.407
-1.57,-3.177
-1.737,-3.356
-2.043,-3.443
-2.162,-3.445
-2.215,-3.317
-2.607,-3.291
-2.725,-3.375
3.044,0.86
2.298,0.947
2.196,0.895
1.977,0.955
0.358,0.871
-0.274,0.888
-0.591,0.841
-0.591,0.838
-0.679,0.857
-1.409,0.748
-2.054,0.86
-2.29,0.65
2.872,-1.82
2.218,-2.027
1.955,0.374
1.387,0.324
-0.217,-2.854
1.91,-3.237
-2.962,-1.442
-2.951,-1.021
-2.985,-2.488
-2.983,0.684
3.093,-0.57
3.14,-1.985
2.945,-1.467
3.042,-1.413
2.896,0.406
3.004,-2.859
2.851,0.669
2.861,0.86
2.83,-0.898
2.928,-0.554
2.773,0.197
2.752,-2.506
2.718,-2.341
2.658,-1.029
2.72,-0.29
2.645,0.685
2.582,0.021
2.544,0.728
2.319,-1.225
2.297,0.486
2.265,0.341
2.376,-2.218
2.206,0.365
2.336,-0.226
2.151,-2.544
2.24,-1.814
2.181,-2.883
2.09,-2.024
2.041,-1.396
2.021,-1.085
1.752,-0.207
1.87,-1.936
1.836,-0.71
1.81,-0.388
1.772,-0.209
1.727,0.385
1.716,-0.556
1.584,0.739
1.676,-1.33
1.324,0.462
1.3,0.35
1.389,-1.22
1.224,-2.392
1.222,-1.316
1.137,-0.219
1.256,0.521
1.091,-1.848
1.191,-2.2
1.046,0.393
1.078,-0.637
0.871,-0.722
0.839,-2.428
0.804,-2.42
0.581,-2.065
0.562,-1.503
0.39,-1.086
0.372,-0.223
0.322,-2.276
0.433,-0.296
0.284,-1.563
0.279,-1.972
0.252,-1.48
0.105,-1.029
0.041,-2.223
-0.063,-1.552
-0.11,-1.041
-0.136,-1.868
-0.148,-2.257
-0.167,-1.77
-0.291,-0.563
-0.488,0.508
-0.512,-0.753
-0.56,0.371
-0.451,-0.242
-0.594,0.545
-0.638,0.115
-0.745,-0.213
-0.621,-0.529
-0.742,-2.301
-0.777,-1.113
-1.017,-1.751
-1.05,-1.172
-1.174,-1.24
-1.094,0.288
-1.269,-0.236
-1.422,-2.277
-1.519,-0.644
-1.469,-2.062
-1.624,0.211
-1.566,-2.295
-1.765,-2.496
-1.868,-0.075
-1.778,-0.557
-1.984,-0.143
-1.973,-1.228
-2.132,-0.042
-2.258,-1.851
-2.251,-0.574
-2.2,-0.628
-2.202,-2.054
-2.541,-0.203
-2.454,-2.807
-2.635,-0.928
-2.61,-1.407
-2.833,0.239
3.092,-3.375
2.407,-3.176
1.323,-3.28
1.343,-3.162
0.748,-3.198
0.524,-3.279
-0.31,-3.325
-1.062,-3.445
-1.51,-3.189
-2.045,-3.251
1.02,0.613
0.066,0.905
-0.643,0.911
-2.08,0.64
-2.979,-2.204
2.959,-0.984
2.26,-2.205
1.485,-1.581
1.263,-2.2
0.914,-2.174
-0.86,-2.229
-1.474,-0.966
2.593,-1.807
0.617,-0.748
-1.317,-1.555
-1.632,-2.441
-1.737,-2.027
-2.177,-2.436
-2.375,-2.388
-2.443,-1.62
2.302,-1.666
1.306,0.023
-2.099,-1.048
2.736,-2.917
2.426,-2.968
1.914,-3.129
0.539,-3.173
-0.05,-3.015
-0.379,-3.079
-0.536,-3.159
-0.593,-3.086
-1.949,-3.148
-2.136,-3.149
2.422,-3.37
0.595,-3.543
0.139,-3.404
-0.562,-3.6
-0.115,0.346
-0.156,0.348
-0.121,2.296
-0.179,0.272
-0.164,1.018
-0.216,1.378
-0.152,2.13
-0.246,0.688
-0.257,0.649
-0.182,2.326
-0.274,-0.558
-0.225,0.954
-0.249,-0.408
-0.344,1.009
-0.327,2.371
-0.494,-0.207
-0.438,1.906
-0.446,-0.192
-0.547,1.976
-0.54,0.078
-0.512,1.985
-0.583,-0.237
-0.575,1.855
-0.63,0.38
-0.657,-0.06
-0.613,2.543
-0.608,2.425
-0.634,1.658
-0.633,0.544
-0.735,-0.292
-0.672,1.909
-0.801,-0.268
-0.813,0.864
-0.814,-0.269
-0.829,1.764
-0.811,0.564
-0.894,1.192
-0.861,2.102
-0.861,0.599
-0.93,2.362
-0.894,0.317
-0.908,0.789
-1.008,-0.522
-1.016,1.392
-0.975,0.482
-1.071,1.235
-1.183,0.757
-1.361,0.866
-1.38,0.622
-1.323,2.286
-1.352,-0.233
-1.351,0.32
-1.43,2.057
-1.438,1.642
-1.469,1.892
-1.404,0.564
-1.506,0.076
-1.494,0.598
-1.475,0.566
-1.562,-0.02
-1.587,-0.579
-1.562,2.258
-1.698,0.633
-1.788,0.588
-1.799,1.588
-1.876,0.837
-1.892,-1.04
-1.888,0.685
-1.986,-0.255
-1.992,0.782
-2.254,-1.062
-2.195,-0.124
-2.278,1.169
-2.28,-0.187
-2.257,1.003
-2.249,1.285
-2.376,-0.962
-2.341,1.292
-2.405,1.421
-2.45,0.712
-2.608,2.268
-2.704,-0.05
-2.767,2.162
-2.752,0.989
-2.775,2.514
-2.723,1.426
-2.817,0.099
-2.885,-1.505
-2.985,-1.424
-2.919,-1.405
2.943,-1.35
2.923,-1.435
2.343,-1.35
1.475,-1.327
-0.35,-1.498
-0.74,-1.555
-1.388,-1.56
-1.531,-1.33
-1.698,-1.509
-2.004,-1.596
-2.123,-1.598
-2.176,-1.47
-2.568,-1.444
-2.686,-1.528
3.083,2.707
2.337,2.794
2.235,2.742
2.016,2.802
0.397,2.718
-0.235,2.735
-0.552,2.688
-0.552,2.685
-0.64,2.704
-1.37,2.595
-2.015,2.707
-2.251,2.497
2.911,0.027
2.257,-0.18
1.994,2.221
1.426,2.171
-0.178,-1.007
1.949,-1.39
-2.923,0.405
-2.912,0.826
-2.946,-0.641
-2.944,2.531
3.132,1.277
-3.104,-0.138
2.984,0.38
3.081,0.434
2.935,2.253
3.043,-1.012
2.89,2.516
2.9,2.707
2.869,0.949
2.967,1.293
2.812,2.044
2.791,-0.659
2.757,-0.494
2.697,0.818
2.759,1.557
2.684,2.532
2.621,1.868
2.583,2.575
2.358,0.622
2.336,2.333
2.304,2.188
2.415,-0.371
2.245,2.212
2.375,1.621
2.19,-0.697
2.279,0.033
2.22,-1.036
2.129,-0.177
2.08,0.451
2.06,0.762
1.791,1.64
1.909,-0.089
1.875,1.137
1.849,1.459
1.811,1.638
1.766,2.232
1.755,1.291
1.623,2.586
1.715,0.517
1.363,2.309
1.339,2.197
1.428,0.627
1.263,-0.545
1.261,0.531
1.176,1.628
1.295,2.368
1.13,-0.001
1.23,-0.353
1.085,2.24
1.117,1.21
0.91,1.125
0.878,-0.581
0.843,-0.573
0.62,-0.218
0.601,0.344
0.429,0.761
0.411,1.624
0.361,-0.429
0.472,1.551
0.323,0.284
0.318,-0.125
0.291,0.367
0.144,0.818
0.08,-0.376
-0.024,0.295
-0.071,0.806
-0.097,-0.021
-0.109,-0.41
-0.128,0.077
-0.252,1.284
-0.449,2.355
-0.473,1.094
-0.521,2.218
-0.412,1.605
-0.555,2.392
-0.599,1.962
-0.706,1.634
-0.582,1.318
-0.703,-0.454
-0.738,0.734
-0.978,0.096
-1.011,0.675
-1.135,0.607
-1.055,2.135
-1.23,1.611
-1.383,-0.43
-1.48,1.203
-1.43,-0.215
-1.585,2.058
-1.527,-0.448
-1.726,-0.649
-1.829,1.772
-1.739,1.29
-1.945,1.704
-1.934,0.619
-2.093,1.805
-2.219,-0.004
-2.212,1.273
-2.161,1.219
-2.163,-0.207
-2.502,1.644
-2.415,-0.96
-2.596,0.919
-2.571,0.44
-2.794,2.086
3.131,-1.528
2.446,-1.329
1.362,-1.433
1.382,-1.315
0.787,-1.351
0.563,-1.432
-0.271,-1.478
-1.023,-1.598
-1.471,-1.342
-2.006,-1.404
1.059,2.46
0.105,2.752
-0.604,2.758
-2.041,2.487
-2.94,-0.357
2.998,0.863
2.299,-0.358
1.524,0.266
1.302,-0.353
0.953,-0.327
-0.821,-0.382
-1.435,0.881
2.632,0.04
0.656,1.099
-1.278,0.292
-1.593,-0.594
-1.698,-0.18
-2.138,-0.589
-2.336,-0.541
-2.404,0.227
2.341,0.181
1.345,1.87
-2.06,0.799
2.775,-1.07
2.465,-1.121
1.953,-1.282
0.578,-1.326
-0.011,-1.168
-0.34,-1.232
-0.497,-1.312
-0.554,-1.239
-1.91,-1.301
-2.097,-1.302
2.461,-1.523
0.634,-1.696
0.178,-1.557
-0.523,-1.753
-0.041,0.002
-0.006,1.95
-0.064,-0.074
-0.049,0.672
-0.101,1.032
-0.037,1.784
-0.131,0.342
-0.142,0.303
-0.067,1.98
-0.159,-0.904
-0.11,0.608
-0.134,-0.754
-0.229,0.663
-0.212,2.025
-0.379,-0.553
-0.323,1.56
-0.331,-0.538
-0.432,1.63
-0.425,-0.268
-0.397,1.639
-0.468,-0.583
-0.46,1.509
-0.515,0.034
-0.542,-0.406
-0.498,2.197
-0.493,2.079
-0.519,1.312
-0.518,0.198
-0.62,-0.638
-0.557,1.563
-0.686,-0.614
-0.698,0.518
-0.699,-0.615
-0.714,1.418
-0.696,0.218
-0.779,0.846
-0.746,1.756
-0.746,0.253
-0.815,2.016
-0.779,-0.029
-0.793,0.443
-0.893,-0.868
-0.901,1.046
-0.86,0.136
-0.956,0.889
-1.068,0.411
-1.246,0.52
-1.265,0.276
-1.208,1.94
-1.237,-0.579
-1.236,-0.026
-1.315,1.711
-1.323,1.296
-1.354,1.546
-1.289,0.218
-1.391,-0.27
-1.379,0.252
-1.36,0.22
-1.447,-0.366
-1.472,-0.925
-1.447,1.912
-1.583,0.287
-1.673,0.242
-1.684,1.242
-1.761,0.491
-1.777,-1.386
-1.773,0.339
-1.871,-0.601
-1.877,0.436
-2.139,-1.408
-2.08,-0.47
-2.163,0.823
-2.165,-0.533
-2.142,0.657
-2.134,0.939
-2.261,-1.308
-2.226,0.946
-2.29,1.075
-2.335,0.366
-2.493,1.922
-2.589,-0.396
-2.652,1.816
-2.637,0.643
-2.66,2.168
-2.608,1.08
-2.702,-0.247
-2.77,-1.851
-2.87,-1.77
-2.804,-1.751
3.058,-1.696
3.038,-1.781
2.458,-1.696
1.59,-1.673
-0.235,-1.844
-0.625,-1.901
-1.273,-1.906
-1.416,-1.676
-1.583,-1.855
-1.889,-1.942
-2.008,-1.944
-2.061,-1.816
-2.453,-1.79
-2.571,-1.874
-3.085,2.361
2.452,2.448
2.35,2.396
2.131,2.456
0.512,2.372
-0.12,2.389
-0.437,2.342
-0.437,2.339
-0.525,2.358
-1.255,2.249
-1.9,2.361
-2.136,2.151
3.026,-0.319
2.372,-0.526
2.109,1.875
1.541,1.825
-0.063,-1.353
2.064,-1.736
-2.808,0.059
-2.797,0.48
-2.831,-0.987
-2.829,2.185
-3.036,0.931
-2.989,-0.484
3.099,0.034
-3.087,0.088
3.05,1.907
-3.125,-1.358
3.005,2.17
3.015,2.361
2.984,0.603
3.082,0.947
2.927,1.698
2.906,-1.005
2.872,-0.84
2.812,0.472
2.874,1.211
2.799,2.186
2.736,1.522
2.698,2.229
2.473,0.276
2.451,1.987
2.419,1.842
2.53,-0.717
2.36,1.866
2.49,1.275
2.305,-1.043
2.394,-0.313
2.335,-1.382
2.244,-0.523
2.195,0.105
2.175,0.416
1.906,1.294
2.024,-0.435
1.99,0.791
1.964,1.113
1.926,1.292
1.881,1.886
1.87,0.945
1.738,2.24
1.83,0.171
1.478,1.963
1.454,1.851
1.543,0.281
1.378,-0.891
1.376,0.185
1.291,1.282
1.41,2.022
1.245,-0.347
1.345,-0.699
1.2,1.894
1.232,0.864
1.025,0.779
0.993,-0.927
0.958,-0.919
0.735,-0.564
0.716,-0.002
0.544,0.415
0.526,1.278
0.476,-0.775
0.587,1.205
0.438,-0.062
0.433,-0.471
0.406,0.021
0.259,0.472
0.195,-0.722
0.091,-0.051
0.044,0.46
0.018,-0.367
0.006,-0.756
-0.013,-0.269
-0.137,0.938
-0.334,2.009
-0.358,0.748
-0.406,1.872
-0.297,1.259
-0.44,2.046
-0.484,1.616
-0.591,1.288
-0.467,0.972
-0.588,-0.8
-0.623,0.388
-0.863,-0.25
-0.896,0.329
-1.02,0.261
-0.94,1.789
-1.115,1.265
-1.268,-0.776
-1.365,0.857
-1.315,-0.561
-1.47,1.712
-1.412,-0.794
-1.611,-0.995
-1.714,1.426
-1.624,0.944
-1.83,1.358
-1.819,0.273
-1.978,1.459
-2.104,-0.35
-2.097,0.927
-2.046,0.873
-2.048,-0.553
-2.387,1.298
-2.3,-1.306
-2.481,0.573
-2.456,0.094
-2.679,1.74
-3.037,-1.874
2.561,-1.675
1.477,-1.779
1.497,-1.661
0.902,-1.697
0.678,-1.778
-0.156,-1.824
-0.908,-1.944
-1.356,-1.688
-1.891,-1.75
1.174,2.114
0.22,2.406
-0.489,2.412
-1.926,2.141
-2.825,-0.703
3.113,0.517
2.414,-0.704
1.639,-0.08
1.417,-0.699
1.068,-0.673
-0.706,-0.728
-1.32,0.535
2.747,-0.306
0.771,0.753
-1.163,-0.054
-1.478,-0.94
-1.583,-0.526
-2.023,-0.935
-2.221,-0.887
-2.289,-0.119
2.456,-0.165
1.46,1.524
-1.945,0.453
2.89,-1.416
2.58,-1.467
2.068,-1.628
0.693,-1.672
0.104,-1.514
-0.225,-1.578
-0.382,-1.658
-0.439,-1.585
-1.795,-1.647
-1.982,-1.648
2.576,-1.869
0.749,-2.042
0.293,-1.903
-0.408,-2.099
0.035,1.948
-0.023,-0.076
-0.008,0.67
-0.06,1.03
0.004,1.782
-0.09,0.34
-0.101,0.301
-0.026,1.978
-0.118,-0.906
-0.069,0.606
-0.093,-0.756
-0.188,0.661
-0.171,2.023
-0.338,-0.555
-0.282,1.558
-0.29,-0.54
-0.391,1.628
-0.384,-0.27
-0.356,1.637
-0.427,-0.585
-0.419,1.507
-0.474,0.032
-0.501,-0.408
-0.457,2.195
-0.452,2.077
-0.478,1.31
-0.477,0.196
-0.579,-0.64
-0.516,1.561
-0.645,-0.616
-0.657,0.516
-0.658,-0.617
-0.673,1.416
-0.655,0.216
-0.738,0.844
-0.705,1.754
-0.705,0.251
-0.774,2.014
-0.738,-0.031
-0.752,0.441
-0.852,-0.87
-0.86,1.044
-0.819,0.134
-0.915,0.887
-1.027,0.409
-1.205,0.518
-1.224,0.274
-1.167,1.938
-1.196,-0.581
-1.195,-0.028
-1.274,1.709
-1.282,1.294
-1.313,1.544
-1.248,0.216
-1.35,-0.272
-1.338,0.25
-1.319,0.218
-1.406,-0.368
-1.431,-0.927
-1.406,1.91
-1.542,0.285
-1.632,0.24
-1.643,1.24
-1.72,0.489
-1.736,-1.388
-1.732,0.337
-1.83,-0.603
-1.836,0.434
-2.098,-1.41
-2.039,-0.472
-2.122,0.821
-2.124,-0.535
-2.101,0.655
-2.093,0.937
-2.22,-1.31
-2.185,0.944
-2.249,1.073
-2.294,0.364
-2.452,1.92
-2.548,-0.398
-2.611,1.814
-2.596,0.641
-2.619,2.166
-2.567,1.078
-2.661,-0.249
-2.729,-1.853
-2.829,-1.772
-2.763,-1.753
3.099,-1.698
3.079,-1.783
2.499,-1.698
1.631,-1.675
-0.194,-1.846
-0.584,-1.903
-1.232,-1.908
-1.375,-1.678
-1.542,-1.857
-1.848,-1.944
-1.967,-1.946
-2.02,-1.818
-2.412,-1.792
-2.53,-1.876
-3.044,2.359
2.493,2.446
2.391,2.394
2.172,2.454
0.553,2.37
-0.079,2.387
-0.396,2.34
-0.396,2.337
-0.484,2.356
-1.214,2.247
-1.859,2.359
-2.095,2.149
3.067,-0.321
2.413,-0.528
2.15,1.873
1.582,1.823
-0.022,-1.355
2.105,-1.738
-2.767,0.057
-2.756,0.478
-2.79,-0.989
-2.788,2.183
-2.995,0.929
-2.948,-0.486
3.14,0.032
-3.046,0.086
3.091,1.905
-3.084,-1.36
3.046,2.168
3.056,2.359
3.025,0.601
3.123,0.945
2.968,1.696
2.947,-1.007
2.913,-0.842
2.853,0.47
2.915,1.209
2.84,2.184
2.777,1.52
2.739,2.227
2.514,0.274
2.492,1.985
2.46,1.84
2.571,-0.719
2.401,1.864
2.531,1.273
2.346,-1.045
2.435,-0.315
2.376,-1.384
2.285,-0.525
2.236,0.103
2.216,0.414
1.947,1.292
2.065,-0.437
2.031,0.789
2.005,1.111
1.967,1.29
1.922,1.884
1.911,0.943
1.779,2.238
1.871,0.169
1.519,1.961
1.495,1.849
1.584,0.279
1.419,-0.893
1.417,0.183
1.332,1.28
1.451,2.02
1.286,-0.349
1.386,-0.701
1.241,1.892
1.273,0.862
1.066,0.777
1.034,-0.929
0.999,-0.921
0.776,-0.566
0.757,-0.004
0.585,0.413
0.567,1.276
0.517,-0.777
0.628,1.203
0.479,-0.064
0.474,-0.473
0.447,0.019
0.3,0.47
0.236,-0.724
0.132,-0.053
0.085,0.458
0.059,-0.369
0.047,-0.758
0.028,-0.271
-0.096,0.936
-0.293,2.007
-0.317,0.746
-0.365,1.87
-0.256,1.257
-0.399,2.044
-0.443,1.614
-0.55,1.286
-0.426,0.97
-0.547,-0.802
-0.582,0.386
-0.822,-0.252
-0.855,0.327
-0.979,0.259
-0.899,1.787
-1.074,1.263
-1.227,-0.778
-1.324,0.855
-1.274,-0.563
-1.429,1.71
-1.371,-0.796
-1.57,-0.997
-1.673,1.424
-1.583,0.942
-1.789,1.356
-1.778,0.271
-1.937,1.457
-2.063,-0.352
-2.056,0.925
-2.005,0.871
-2.007,-0.555
-2.346,1.296
-2.259,-1.308
-2.44,0.571
-2.415,0.092
-2.638,1.738
-2.996,-1.876
2.602,-1.677
1.518,-1.781
1.538,-1.663
0.943,-1.699
0.719,-1.78
-0.115,-1.826
-0.867,-1.946
-1.315,-1.69
-1.85,-1.752
1.215,2.112
0.261,2.404
-0.448,2.41
-1.885,2.139
-2.784,-0.705
-3.129,0.515
2.455,-0.706
1.68,-0.082
1.458,-0.701
1.109,-0.675
-0.665,-0.73
-1.279,0.533
2.788,-0.308
0.812,0.751
-1.122,-0.056
-1.437,-0.942
-1.542,-0.528
-1.982,-0.937
-2.18,-0.889
-2.248,-0.121
2.497,-0.167
1.501,1.522
-1.904,0.451
2.931,-1.418
2.621,-1.469
2.109,-1.63
0.734,-1.674
0.145,-1.516
-0.184,-1.58
-0.341,-1.66
-0.398,-1.587
-1.754,-1.649
-1.941,-1.65
2.617,-1.871
0.79,-2.044
0.334,-1.905
-0.367,-2.101
-0.058,-2.024
-0.043,-1.278
-0.095,-0.918
-0.031,-0.166
-0.125,-1.608
-0.136,-1.647
-0.061,0.03
-0.153,-2.854
-0.104,-1.342
-0.128,-2.704
-0.223,-1.287
-0.206,0.075
-0.373,-2.503
-0.317,-0.39
-0.325,-2.488
-0.426,-0.32
-0.419,-2.218
-0.391,-0.311
-0.462,-2.533
-0.454,-0.441
-0.509,-1.916
-0.536,-2.356
-0.492,0.247
-0.487,0.129
-0.513,-0.638
-0.512,-1.752
-0.614,-2.588
-0.551,-0.387
-0.68,-2.564
-0.692,-1.432
-0.693,-2.565
-0.708,-0.532
-0.69,-1.732
-0.773,-1.104
-0.74,-0.194
-0.74,-1.697
-0.809,0.066
-0.773,-1.979
-0.787,-1.507
-0.887,-2.818
-0.895,-0.904
-0.854,-1.814
-0.95,-1.061
-1.062,-1.539
-1.24,-1.43
-1.259,-1.674
-1.202,-0.01
-1.231,-2.529
-1.23,-1.976
-1.309,-0.239
-1.317,-0.654
-1.348,-0.404
-1.283,-1.732
-1.385,-2.22
-1.373,-1.698
-1.354,-1.73
-1.441,-2.316
-1.466,-2.875
-1.441,-0.038
-1.577,-1.663
-1.667,-1.708
-1.678,-0.708
-1.755,-1.459
-1.771,-3.336
-1.767,-1.611
-1.865,-2.551
-1.871,-1.514
-2.133,-3.358
-2.074,-2.42
-2.157,-1.127
-2.159,-2.483
-2.136,-1.293
-2.128,-1.011
-2.255,-3.258
-2.22,-1.004
-2.284,-0.875
-2.329,-1.584
-2.487,-0.028
-2.583,-2.346
-2.646,-0.134
-2.631,-1.307
-2.654,0.218
-2.602,-0.87
-2.696,-2.197
-2.764,-3.801
-2.864,-3.72
-2.798,-3.701
3.064,-3.646
3.044,-3.731
2.464,-3.646
1.596,-3.623
-0.229,-3.794
-0.619,-3.851
-1.267,-3.856
-1.41,-3.626
-1.577,-3.805
-1.883,-3.892
-2.002,-3.894
-2.055,-3.766
-2.447,-3.74
-2.565,-3.824
-3.079,0.411
2.458,0.498
2.356,0.446
2.137,0.506
0.518,0.422
-0.114,0.439
-0.431,0.392
-0.431,0.389
-0.519,0.408
-1.249,0.299
-1.894,0.411
-2.13,0.201
3.032,-2.269
2.378,-2.476
2.115,-0.075
1.547,-0.125
-0.057,-3.303
2.07,-3.686
-2.802,-1.891
-2.791,-1.47
-2.825,-2.937
-2.823,0.235
-3.03,-1.019
-2.983,-2.434
3.105,-1.916
-3.081,-1.862
3.056,-0.043
-3.119,-3.308
3.011,0.22
3.021,0.411
2.99,-1.347
3.088,-1.003
2.933,-0.252
2.912,-2.955
2.878,-2.79
2.818,-1.478
2.88,-0.739
2.805,0.236
2.742,-0.428
2.704,0.279
2.479,-1.674
2.457,0.037
2.425,-0.108
2.536,-2.667
2.366,-0.084
2.496,-0.675
2.311,-2.993
2.4,-2.263
2.341,-3.332
2.25,-2.473
2.201,-1.845
2.181,-1.534
1.912,-0.656
2.03,-2.385
1.996,-1.159
1.97,-0.837
1.932,-0.658
1.887,-0.064
1.876,-1.005
1.744,0.29
1.836,-1.779
1.484,0.013
1.46,-0.099
1.549,-1.669
1.384,-2.841
1.382,-1.765
1.297,-0.668
1.416,0.072
1.251,-2.297
1.351,-2.649
1.206,-0.056
1.238,-1.086
1.031,-1.171
0.999,-2.877
0.964,-2.869
0.741,-2.514
0.722,-1.952
0.55,-1.535
0.532,-0.672
0.482,-2.725
0.593,-0.745
0.444,-2.012
0.439,-2.421
0.412,-1.929
0.265,-1.478
0.201,-2.672
0.097,-2.001
0.05,-1.49
0.024,-2.317
0.012,-2.706
-0.007,-2.219
-0.131,-1.012
-0.328,0.059
-0.352,-1.202
-0.4,-0.078
-0.291,-0.691
-0.434,0.096
-0.478,-0.334
-0.585,-0.662
-0.461,-0.978
-0.582,-2.75
-0.617,-1.562
-0.857,-2.2
-0.89,-1.621
-1.014,-1.689
-0.934,-0.161
-1.109,-0.685
-1.262,-2.726
-1.359,-1.093
-1.309,-2.511
-1.464,-0.238
-1.406,-2.744
-1.605,-2.945
-1.708,-0.524
-1.618,-1.006
-1.824,-0.592
-1.813,-1.677
-1.972,-0.491
-2.098,-2.3
-2.091,-1.023
-2.04,-1.077
-2.042,-2.503
-2.381,-0.652
-2.294,-3.256
-2.475,-1.377
-2.45,-1.856
-2.673,-0.21
-3.031,-3.824
2.567,-3.625
1.483,-3.729
1.503,-3.611
0.908,-3.647
0.684,-3.728
-0.15,-3.774
-0.902,-3.894
-1.35,-3.638
-1.885,-3.7
1.18,0.164
0.226,0.456
-0.483,0.462
-1.92,0.191
-2.819,-2.653
3.119,-1.433
2.42,-2.654
1.645,-2.03
1.423,-2.649
1.074,-2.623
-0.7,-2.678
-1.314,-1.415
2.753,-2.256
0.777,-1.197
-1.157,-2.004
-1.472,-2.89
-1.577,-2.476
-2.017,-2.885
-2.215,-2.837
-2.283,-2.069
2.462,-2.115
1.466,-0.426
-1.939,-1.497
2.896,-3.366
2.586,-3.417
2.074,-3.578
0.699,-3.622
0.11,-3.464
-0.219,-3.528
-0.376,-3.608
-0.433,-3.535
-1.789,-3.597
-1.976,-3.598
2.582,-3.819
0.755,-3.992
0.299,-3.853
-0.402,-4.049
0.015,0.746
-0.037,1.106
0.027,1.858
-0.067,0.416
-0.078,0.377
-0.003,2.054
-0.095,-0.83
-0.046,0.682
-0.07,-0.68
-0.165,0.737
-0.148,2.099
-0.315,-0.479
-0.259,1.634
-0.267,-0.464
-0.368,1.704
-0.361,-0.194
-0.333,1.713
-0.404,-0.509
-0.396,1.583
-0.451,0.108
-0.478,-0.332
-0.434,2.271
-0.429,2.153
-0.455,1.386
-0.454,0.272
-0.556,-0.564
-0.493,1.637
-0.622,-0.54
-0.634,0.592
-0.635,-0.541
-0.65,1.492
-0.632,0.292
-0.715,0.92
-0.682,1.83
-0.682,0.327
-0.751,2.09
-0.715,0.045
-0.729,0.517
-0.829,-0.794
-0.837,1.12
-0.796,0.21
-0.892,0.963
-1.004,0.485
-1.182,0.594
-1.201,0.35
-1.144,2.014
-1.173,-0.505
-1.172,0.048
-1.251,1.785
-1.259,1.37
-1.29,1.62
-1.225,0.292
-1.327,-0.196
-1.315,0.326
-1.296,0.294
-1.383,-0.292
-1.408,-0.851
-1.383,1.986
-1.519,0.361
-1.609,0.316
-1.62,1.316
-1.697,0.565
-1.713,-1.312
-1.709,0.413
-1.807,-0.527
-1.813,0.51
-2.075,-1.334
-2.016,-0.396
-2.099,0.897
-2.101,-0.459
-2.078,0.731
-2.07,1.013
-2.197,-1.234
-2.162,1.02
-2.226,1.149
-2.271,0.44
-2.429,1.996
-2.525,-0.322
-2.588,1.89
-2.573,0.717
-2.596,2.242
-2.544,1.154
-2.638,-0.173
-2.706,-1.777
-2.806,-1.696
-2.74,-1.677
3.122,-1.622
3.102,-1.707
2.522,-1.622
1.654,-1.599
-0.171,-1.77
-0.561,-1.827
-1.209,-1.832
-1.352,-1.602
-1.519,-1.781
-1.825,-1.868
-1.944,-1.87
-1.997,-1.742
-2.389,-1.716
-2.507,-1.8
-3.021,2.435
2.516,2.522
2.414,2.47
2.195,2.53
0.576,2.446
-0.056,2.463
-0.373,2.416
-0.373,2.413
-0.461,2.432
-1.191,2.323
-1.836,2.435
-2.072,2.225
3.09,-0.245
2.436,-0.452
2.173,1.949
1.605,1.899
0.001,-1.279
2.128,-1.662
-2.744,0.133
-2.733,0.554
-2.767,-0.913
-2.765,2.259
-2.972,1.005
-2.925,-0.41
-3.12,0.108
-3.023,0.162
3.114,1.981
-3.061,-1.284
3.069,2.244
3.079,2.435
3.048,0.677
-3.137,1.021
2.991,1.772
2.97,-0.931
2.936,-0.766
2.876,0.546
2.938,1.285
2.863,2.26
2.8,1.596
2.762,2.303
2.537,0.35
2.515,2.061
2.483,1.916
2.594,-0.643
2.424,1.94
2.554,1.349
2.369,-0.969
2.458,-0.239
2.399,-1.308
2.308,-0.449
2.259,0.179
2.239,0.49
1.97,1.368
2.088,-0.361
2.054,0.865
2.028,1.187
1.99,1.366
1.945,1.96
1.934,1.019
1.802,2.314
1.894,0.245
1.542,2.037
1.518,1.925
1.607,0.355
1.442,-0.817
1.44,0.259
1.355,1.356
1.474,2.096
1.309,-0.273
1.409,-0.625
1.264,1.968
1.296,0.938
1.089,0.853
1.057,-0.853
1.022,-0.845
0.799,-0.49
0.78,0.072
0.608,0.489
0.59,1.352
0.54,-0.701
0.651,1.279
0.502,0.012
0.497,-0.397
0.47,0.095
0.323,0.546
0.259,-0.648
0.155,0.023
0.108,0.534
0.082,-0.293
0.07,-0.682
0.051,-0.195
-0.073,1.012
-0.27,2.083
-0.294,0.822
-0.342,1.946
-0.233,1.333
-0.376,2.12
-0.42,1.69
-0.527,1.362
-0.403,1.046
-0.524,-0.726
-0.559,0.462
-0.799,-0.176
-0.832,0.403
-0.956,0.335
-0.876,1.863
-1.051,1.339
-1.204,-0.702
-1.301,0.931
-1.251,-0.487
-1.406,1.786
-1.348,-0.72
-1.547,-0.921
-1.65,1.5
-1.56,1.018
-1.766,1.432
-1.755,0.347
-1.914,1.533
-2.04,-0.276
-2.033,1.001
-1.982,0.947
-1.984,-0.479
-2.323,1.372
-2.236,-1.232
-2.417,0.647
-2.392,0.168
-2.615,1.814
-2.973,-1.8
2.625,-1.601
1.541,-1.705
1.561,-1.587
0.966,-1.623
0.742,-1.704
-0.092,-1.75
-0.844,-1.87
-1.292,-1.614
-1.827,-1.676
1.238,2.188
0.284,2.48
-0.425,2.486
-1.862,2.215
-2.761,-0.629
-3.106,0.591
2.478,-0.63
1.703,-0.006
1.481,-0.625
1.132,-0.599
-0.642,-0.654
-1.256,0.609
2.811,-0.232
0.835,0.827
-1.099,0.02
-1.414,-0.866
-1.519,-0.452
-1.959,-0.861
-2.157,-0.813
-2.225,-0.045
2.52,-0.091
1.524,1.598
-1.881,0.527
2.954,-1.342
2.644,-1.393
2.132,-1.554
0.757,-1.598
0.168,-1.44
-0.161,-1.504
-0.318,-1.584
-0.375,-1.511
-1.731,-1.573
-1.918,-1.574
2.64,-1.795
0.813,-1.968
0.357,-1.829
-0.344,-2.025
-0.052,0.36
0.012,1.112
-0.082,-0.33
-0.093,-0.369
-0.018,1.308
-0.11,-1.576
-0.061,-0.064
-0.085,-1.426
-0.18,-0.009
-0.163,1.353
-0.33,-1.225
-0.274,0.888
-0.282,-1.21
-0.383,0.958
-0.376,-0.94
-0.348,0.967
-0.419,-1.255
-0.411,0.837
-0.466,-0.638
-0.493,-1.078
-0.449,1.525
-0.444,1.407
-0.47,0.64
-0.469,-0.474
-0.571,-1.31
-0.508,0.891
-0.637,-1.286
-0.649,-0.154
-0.65,-1.287
-0.665,0.746
-0.647,-0.454
-0.73,0.174
-0.697,1.084
-0.697,-0.419
-0.766,1.344
-0.73,-0.701
-0.744,-0.229
-0.844,-1.54
-0.852,0.374
-0.811,-0.536
-0.907,0.217
-1.019,-0.261
-1.197,-0.152
-1.216,-0.396
-1.159,1.268
-1.188,-1.251
-1.187,-0.698
-1.266,1.039
-1.274,0.624
-1.305,0.874
-1.24,-0.454
-1.342,-0.942
-1.33,-0.42
-1.311,-0.452
-1.398,-1.038
-1.423,-1.597
-1.398,1.24
-1.534,-0.385
-1.624,-0.43
-1.635,0.57
-1.712,-0.181
-1.728,-2.058
-1.724,-0.333
-1.822,-1.273
-1.828,-0.236
-2.09,-2.08
-2.031,-1.142
-2.114,0.151
-2.116,-1.205
-2.093,-0.015
-2.085,0.267
-2.212,-1.98
-2.177,0.274
-2.241,0.403
-2.286,-0.306
-2.444,1.25
-2.54,-1.068
-2.603,1.144
-2.588,-0.029
-2.611,1.496
-2.559,0.408
-2.653,-0.919
-2.721,-2.523
-2.821,-2.442
-2.755,-2.423
3.107,-2.368
3.087,-2.453
2.507,-2.368
1.639,-2.345
-0.186,-2.516
-0.576,-2.573
-1.224,-2.578
-1.367,-2.348
-1.534,-2.527
-1.84,-2.614
-1.959,-2.616
-2.012,-2.488
-2.404,-2.462
-2.522,-2.546
-3.036,1.689
2.501,1.776
2.399,1.724
2.18,1.784
0.561,1.7
-0.071,1.717
-0.388,1.67
-0.388,1.667
-0.476,1.686
-1.206,1.577
-1.851,1.689
-2.087,1.479
3.075,-0.991
2.421,-1.198
2.158,1.203
1.59,1.153
-0.014,-2.025
2.113,-2.408
-2.759,-0.613
-2.748,-0.192
-2.782,-1.659
-2.78,1.513
-2.987,0.259
-2.94,-1.156
-3.135,-0.638
-3.038,-0.584
3.099,1.235
-3.076,-2.03
3.054,1.498
3.064,1.689
3.033,-0.069
3.131,0.275
2.976,1.026
2.955,-1.677
2.921,-1.512
2.861,-0.2
2.923,0.539
2.848,1.514
2.785,0.85
2.747,1.557
2.522,-0.396
2.5,1.315
2.468,1.17
2.579,-1.389
2.409,1.194
2.539,0.603
2.354,-1.715
2.443,-0.985
2.384,-2.054
2.293,-1.195
2.244,-0.567
2.224,-0.256
1.955,0.622
2.073,-1.107
2.039,0.119
2.013,0.441
1.975,0.62
1.93,1.214
1.919,0.273
1.787,1.568
1.879,-0.501
1.527,1.291
1.503,1.179
1.592,-0.391
1.427,-1.563
1.425,-0.487
1.34,0.61
1.459,1.35
1.294,-1.019
1.394,-1.371
1.249,1.222
1.281,0.192
1.074,0.107
1.042,-1.599
1.007,-1.591
0.784,-1.236
0.765,-0.674
0.593,-0.257
0.575,0.606
0.525,-1.447
0.636,0.533
0.487,-0.734
0.482,-1.143
0.455,-0.651
0.308,-0.2
0.244,-1.394
0.14,-0.723
0.093,-0.212
0.067,-1.039
0.055,-1.428
0.036,-0.941
-0.088,0.266
-0.285,1.337
-0.309,0.076
-0.357,1.2
-0.248,0.587
-0.391,1.374
-0.435,0.944
-0.542,0.616
-0.418,0.3
-0.539,-1.472
-0.574,-0.284
-0.814,-0.922
-0.847,-0.343
-0.971,-0.411
-0.891,1.117
-1.066,0.593
-1.219,-1.448
-1.316,0.185
-1.266,-1.233
-1.421,1.04
-1.363,-1.466
-1.562,-1.667
-1.665,0.754
-1.575,0.272
-1.781,0.686
-1.77,-0.399
-1.929,0.787
-2.055,-1.022
-2.048,0.255
-1.997,0.201
-1.999,-1.225
-2.338,0.626
-2.251,-1.978
-2.432,-0.099
-2.407,-0.578
-2.63,1.068
-2.988,-2.546
2.61,-2.347
1.526,-2.451
1.546,-2.333
0.951,-2.369
0.727,-2.45
-0.107,-2.496
-0.859,-2.616
-1.307,-2.36
-1.842,-2.422
1.223,1.442
0.269,1.734
-0.44,1.74
-1.877,1.469
-2.776,-1.375
-3.121,-0.155
2.463,-1.376
1.688,-0.752
1.466,-1.371
1.117,-1.345
-0.657,-1.4
-1.271,-0.137
2.796,-0.978
0.82,0.081
-1.114,-0.726
-1.429,-1.612
-1.534,-1.198
-1.974,-1.607
-2.172,-1.559
-2.24,-0.791
2.505,-0.837
1.509,0.852
-1.896,-0.219
2.939,-2.088
2.629,-2.139
2.117,-2.3
0.742,-2.344
0.153,-2.186
-0.176,-2.25
-0.333,-2.33
-0.39,-2.257
-1.746,-2.319
-1.933,-2.32
2.625,-2.541
0.798,-2.714
0.342,-2.575
-0.359,-2.771
0.064,0.752
-0.03,-0.69
-0.041,-0.729
0.034,0.948
-0.058,-1.936
-0.009,-0.424
-0.033,-1.786
-0.128,-0.369
-0.111,0.993
-0.278,-1.585
-0.222,0.528
-0.23,-1.57
-0.331,0.598
-0.324,-1.3
-0.296,0.607
-0.367,-1.615
-0.359,0.477
-0.414,-0.998
-0.441,-1.438
-0.397,1.165
-0.392,1.047
-0.418,0.28
-0.417,-0.834
-0.519,-1.67
-0.456,0.531
-0.585,-1.646
-0.597,-0.514
-0.598,-1.647
-0.613,0.386
-0.595,-0.814
-0.678,-0.186
-0.645,0.724
-0.645,-0.779
-0.714,0.984
-0.678,-1.061
-0.692,-0.589
-0.792,-1.9
-0.8,0.014
-0.759,-0.896
-0.855,-0.143
-0.967,-0.621
-1.145,-0.512
-1.164,-0.756
-1.107,0.908
-1.136,-1.611
-1.135,-1.058
-1.214,0.679
-1.222,0.264
-1.253,0.514
-1.188,-0.814
-1.29,-1.302
-1.278,-0.78
-1.259,-0.812
-1.346,-1.398
-1.371,-1.957
-1.346,0.88
-1.482,-0.745
-1.572,-0.79
-1.583,0.21
-1.66,-0.541
-1.676,-2.418
-1.672,-0.693
-1.77,-1.633
-1.776,-0.596
-2.038,-2.44
-1.979,-1.502
-2.062,-0.209
-2.064,-1.565
-2.041,-0.375
-2.033,-0.093
-2.16,-2.34
-2.125,-0.086
-2.189,0.043
-2.234,-0.666
-2.392,0.89
-2.488,-1.428
-2.551,0.784
-2.536,-0.389
-2.559,1.136
-2.507,0.048
-2.601,-1.279
-2.669,-2.883
-2.769,-2.802
-2.703,-2.783
-3.124,-2.728
3.139,-2.813
2.559,-2.728
1.691,-2.705
-0.134,-2.876
-0.524,-2.933
-1.172,-2.938
-1.315,-2.708
-1.482,-2.887
-1.788,-2.974
-1.907,-2.976
-1.96,-2.848
-2.352,-2.822
-2.47,-2.906
-2.984,1.329
2.553,1.416
2.451,1.364
2.232,1.424
0.613,1.34
-0.019,1.357
-0.336,1.31
-0.336,1.307
-0.424,1.326
-1.154,1.217
-1.799,1.329
-2.035,1.119
3.127,-1.351
2.473,-1.558
2.21,0.843
1.642,0.793
0.038,-2.385
2.165,-2.768
-2.707,-0.973
-2.696,-0.552
-2.73,-2.019
-2.728,1.153
-2.935,-0.101
-2.888,-1.516
-3.083,-0.998
-2.986,-0.944
-3.132,0.875
-3.024,-2.39
3.106,1.138
3.116,1.329
3.085,-0.429
-3.1,-0.085
3.028,0.666
3.007,-2.037
2.973,-1.872
2.913,-0.56
2.975,0.179
2.9,1.154
2.837,0.49
2.799,1.197
2.574,-0.756
2.552,0.955
2.52,0.81
2.631,-1.749
2.461,0.834
2.591,0.243
2.406,-2.075
2.495,-1.345
2.436,-2.414
2.345,-1.555
2.296,-0.927
2.276,-0.616
2.007,0.262
2.125,-1.467
2.091,-0.241
2.065,0.081
2.027,0.26
1.982,0.854
1.971,-0.087
1.839,1.208
1.931,-0.861
1.579,0.931
1.555,0.819
1.644,-0.751
1.479,-1.923
1.477,-0.847
1.392,0.25
1.511,0.99
1.346,-1.379
1.446,-1.731
1.301,0.862
1.333,-0.168
1.126,-0.253
1.094,-1.959
1.059,-1.951
0.836,-1.596
0.817,-1.034
0.645,-0.617
0.627,0.246
0.577,-1.807
0.688,0.173
0.539,-1.094
0.534,-1.503
0.507,-1.011
0.36,-0.56
0.296,-1.754
0.192,-1.083
0.145,-0.572
0.119,-1.399
0.107,-1.788
0.088,-1.301
-0.036,-0.094
-0.233,0.977
-0.257,-0.284
-0.305,0.84
-0.196,0.227
-0.339,1.014
-0.383,0.584
-0.49,0.256
-0.366,-0.06
-0.487,-1.832
-0.522,-0.644
-0.762,-1.282
-0.795,-0.703
-0.919,-0.771
-0.839,0.757
-1.014,0.233
-1.167,-1.808
-1.264,-0.175
-1.214,-1.593
-1.369,0.68
-1.311,-1.826
-1.51,-2.027
-1.613,0.394
-1.523,-0.088
-1.729,0.326
-1.718,-0.759
-1.877,0.427
-2.003,-1.382
-1.996,-0.105
-1.945,-0.159
-1.947,-1.585
-2.286,0.266
-2.199,-2.338
-2.38,-0.459
-2.355,-0.938
-2.578,0.708
-2.936,-2.906
2.662,-2.707
1.578,-2.811
1.598,-2.693
1.003,-2.729
0.779,-2.81
-0.055,-2.856
-0.807,-2.976
-1.255,-2.72
-1.79,-2.782
1.275,1.082
0.321,1.374
-0.388,1.38
-1.825,1.109
-2.724,-1.735
-3.069,-0.515
2.515,-1.736
1.74,-1.112
1.518,-1.731
1.169,-1.705
-0.605,-1.76
-1.219,-0.497
2.848,-1.338
0.872,-0.279
-1.062,-1.086
-1.377,-1.972
-1.482,-1.558
-1.922,-1.967
-2.12,-1.919
-2.188,-1.151
2.557,-1.197
1.561,0.492
-1.844,-0.579
2.991,-2.448
2.681,-2.499
2.169,-2.66
0.794,-2.704
0.205,-2.546
-0.124,-2.61
-0.281,-2.69
-0.338,-2.617
-1.694,-2.679
-1.881,-2.68
2.677,-2.901
0.85,-3.074
0.394,-2.935
-0.307,-3.131
-0.094,-1.442
-0.105,-1.481
-0.03,0.196
-0.122,-2.688
-0.073,-1.176
-0.097,-2.538
-0.192,-1.121
-0.175,0.241
-0.342,-2.337
-0.286,-0.224
-0.294,-2.322
-0.395,-0.154
-0.388,-2.052
-0.36,-0.145
-0.431,-2.367
-0.423,-0.275
-0.478,-1.75
-0.505,-2.19
-0.461,0.413
-0.456,0.295
-0.482,-0.472
-0.481,-1.586
-0.583,-2.422
-0.52,-0.221
-0.649,-2.398
-0.661,-1.266
-0.662,-2.399
-0.677,-0.366
-0.659,-1.566
-0.742,-0.938
-0.709,-0.028
-0.709,-1.531
-0.778,0.232
-0.742,-1.813
-0.756,-1.341
-0.856,-2.652
-0.864,-0.738
-0.823,-1.648
-0.919,-0.895
-1.031,-1.373
-1.209,-1.264
-1.228,-1.508
-1.171,0.156
-1.2,-2.363
-1.199,-1.81
-1.278,-0.073
-1.286,-0.488
-1.317,-0.238
-1.252,-1.566
-1.354,-2.054
-1.342,-1.532
-1.323,-1.564
-1.41,-2.15
-1.435,-2.709
-1.41,0.128
-1.546,-1.497
-1.636,-1.542
-1.647,-0.542
-1.724,-1.293
-1.74,-3.17
-1.736,-1.445
-1.834,-2.385
-1.84,-1.348
-2.102,-3.192
-2.043,-2.254
-2.126,-0.961
-2.128,-2.317
-2.105,-1.127
-2.097,-0.845
-2.224,-3.092
-2.189,-0.838
-2.253,-0.709
-2.298,-1.418
-2.456,0.138
-2.552,-2.18
-2.615,0.032
-2.6,-1.141
-2.623,0.384
-2.571,-0.704
-2.665,-2.031
-2.733,-3.635
-2.833,-3.554
-2.767,-3.535
3.095,-3.48
3.075,-3.565
2.495,-3.48
1.627,-3.457
-0.198,-3.628
-0.588,-3.685
-1.236,-3.69
-1.379,-3.46
-1.546,-3.639
-1.852,-3.726
-1.971,-3.728
-2.024,-3.6
-2.416,-3.574
-2.534,-3.658
-3.048,0.577
2.489,0.664
2.387,0.612
2.168,0.672
0.549,0.588
-0.083,0.605
-0.4,0.558
-0.4,0.555
-0.488,0.574
-1.218,0.465
-1.863,0.577
-2.099,0.367
3.063,-2.103
2.409,-2.31
2.146,0.091
1.578,0.041
-0.026,-3.137
2.101,-3.52
-2.771,-1.725
-2.76,-1.304
-2.794,-2.771
-2.792,0.401
-2.999,-0.853
-2.952,-2.268
3.136,-1.75
-3.05,-1.696
3.087,0.123
-3.088,-3.142
3.042,0.386
3.052,0.577
3.021,-1.181
3.119,-0.837
2.964,-0.086
2.943,-2.789
2.909,-2.624
2.849,-1.312
2.911,-0.573
2.836,0.402
2.773,-0.262
2.735,0.445
2.51,-1.508
2.488,0.203
2.456,0.058
2.567,-2.501
2.397,0.082
2.527,-0.509
2.342,-2.827
2.431,-2.097
2.372,-3.166
2.281,-2.307
2.232,-1.679
2.212,-1.368
1.943,-0.49
2.061,-2.219
2.027,-0.993
2.001,-0.671
1.963,-0.492
1.918,0.102
1.907,-0.839
1.775,0.456
1.867,-1.613
1.515,0.179
1.491,0.067
1.58,-1.503
1.415,-2.675
1.413,-1.599
1.328,-0.502
1.447,0.238
1.282,-2.131
1.382,-2.483
1.237,0.11
1.269,-0.92
1.062,-1.005
1.03,-2.711
0.995,-2.703
0.772,-2.348
0.753,-1.786
0.581,-1.369
0.563,-0.506
0.513,-2.559
0.624,-0.579
0.475,-1.846
0.47,-2.255
0.443,-1.763
0.296,-1.312
0.232,-2.506
0.128,-1.835
0.081,-1.324
0.055,-2.151
0.043,-2.54
0.024,-2.053
-0.1,-0.846
-0.297,0.225
-0.321,-1.036
-0.369,0.088
-0.26,-0.525
-0.403,0.262
-0.447,-0.168
-0.554,-0.496
-0.43,-0.812
-0.551,-2.584
-0.586,-1.396
-0.826,-2.034
-0.859,-1.455
-0.983,-1.523
-0.903,0.005
-1.078,-0.519
-1.231,-2.56
-1.328,-0.927
-1.278,-2.345
-1.433,-0.072
-1.375,-2.578
-1.574,-2.779
-1.677,-0.358
-1.587,-0.84
-1.793,-0.426
-1.782,-1.511
-1.941,-0.325
-2.067,-2.134
-2.06,-0.857
-2.009,-0.911
-2.011,-2.337
-2.35,-0.486
-2.263,-3.09
-2.444,-1.211
-2.419,-1.69
-2.642,-0.044
-3.0,-3.658
2.598,-3.459
1.514,-3.563
1.534,-3.445
0.939,-3.481
0.715,-3.562
-0.119,-3.608
-0.871,-3.728
-1.319,-3.472
-1.854,-3.534
1.211,0.33
0.257,0.622
-0.452,0.628
-1.889,0.357
-2.788,-2.487
-3.133,-1.267
2.451,-2.488
1.676,-1.864
1.454,-2.483
1.105,-2.457
-0.669,-2.512
-1.283,-1.249
2.784,-2.09
0.808,-1.031
-1.126,-1.838
-1.441,-2.724
-1.546,-2.31
-1.986,-2.719
-2.184,-2.671
-2.252,-1.903
2.493,-1.949
1.497,-0.26
-1.908,-1.331
2.927,-3.2
2.617,-3.251
2.105,-3.412
0.73,-3.456
0.141,-3.298
-0.188,-3.362
-0.345,-3.442
-0.402,-3.369
-1.758,-3.431
-1.945,-3.432
2.613,-3.653
0.786,-3.826
0.33,-3.687
-0.371,-3.883
-0.011,-0.039
0.064,1.638
-0.028,-1.246
0.021,0.266
-0.003,-1.096
-0.098,0.321
-0.081,1.683
-0.248,-0.895
-0.192,1.218
-0.2,-0.88
-0.301,1.288
-0.294,-0.61
-0.266,1.297
-0.337,-0.925
-0.329,1.167
-0.384,-0.308
-0.411,-0.748
-0.367,1.855
-0.362,1.737
-0.388,0.97
-0.387,-0.144
-0.489,-0.98
-0.426,1.221
-0.555,-0.956
-0.567,0.176
-0.568,-0.957
-0.583,1.076
-0.565,-0.124
-0.648,0.504
-0.615,1.414
-0.615,-0.089
-0.684,1.674
-0.648,-0.371
-0.662,0.101
-0.762,-1.21
-0.77,0.704
-0.729,-0.206
-0.825,0.547
-0.937,0.069
-1.115,0.178
-1.134,-0.066
-1.077,1.598
-1.106,-0.921
-1.105,-0.368
-1.184,1.369
-1.192,0.954
-1.223,1.204
-1.158,-0.124
-1.26,-0.612
-1.248,-0.09
-1.229,-0.122
-1.316,-0.708
-1.341,-1.267
-1.316,1.57
-1.452,-0.055
-1.542,-0.1
-1.553,0.9
-1.63,0.149
-1.646,-1.728
-1.642,-0.003
-1.74,-0.943
-1.746,0.094
-2.008,-1.75
-1.949,-0.812
-2.032,0.481
-2.034,-0.875
-2.011,0.315
-2.003,0.597
-2.13,-1.65
-2.095,0.604
-2.159,0.733
-2.204,0.024
-2.362,1.58
-2.458,-0.738
-2.521,1.474
-2.506,0.301
-2.529,1.826
-2.477,0.738
-2.571,-0.589
-2.639,-2.193
-2.739,-2.112
-2.673,-2.093
-3.094,-2.038
-3.114,-2.123
2.589,-2.038
1.721,-2.015
-0.104,-2.186
-0.494,-2.243
-1.142,-2.248
-1.285,-2.018
-1.452,-2.197
-1.758,-2.284
-1.877,-2.286
-1.93,-2.158
-2.322,-2.132
-2.44,-2.216
-2.954,2.019
2.583,2.106
2.481,2.054
2.262,2.114
0.643,2.03
0.011,2.047
-0.306,2.0
-0.306,1.997
-0.394,2.016
-1.124,1.907
-1.769,2.019
-2.005,1.809
-3.126,-0.661
2.503,-0.868
2.24,1.533
1.672,1.483
0.068,-1.695
2.195,-2.078
-2.677,-0.283
-2.666,0.138
-2.7,-1.329
-2.698,1.843
-2.905,0.589
-2.858,-0.826
-3.053,-0.308
-2.956,-0.254
-3.102,1.565
-2.994,-1.7
3.136,1.828
-3.137,2.019
3.115,0.261
-3.07,0.605
3.058,1.356
3.037,-1.347
3.003,-1.182
2.943,0.13
3.005,0.869
2.93,1.844
2.867,1.18
2.829,1.887
2.604,-0.066
2.582,1.645
2.55,1.5
2.661,-1.059
2.491,1.524
2.621,0.933
2.436,-1.385
2.525,-0.655
2.466,-1.724
2.375,-0.865
2.326,-0.237
2.306,0.074
2.037,0.952
2.155,-0.777
2.121,0.449
2.095,0.771
2.057,0.95
2.012,1.544
2.001,0.603
1.869,1.898
1.961,-0.171
1.609,1.621
1.585,1.509
1.674,-0.061
1.509,-1.233
1.507,-0.157
1.422,0.94
1.541,1.68
1.376,-0.689
1.476,-1.041
1.331,1.552
1.363,0.522
1.156,0.437
1.124,-1.269
1.089,-1.261
0.866,-0.906
0.847,-0.344
0.675,0.073
0.657,0.936
0.607,-1.117
0.718,0.863
0.569,-0.404
0.564,-0.813
0.537,-0.321
0.39,0.13
0.326,-1.064
0.222,-0.393
0.175,0.118
0.149,-0.709
0.137,-1.098
0.118,-0.611
-0.006,0.596
-0.203,1.667
-0.227,0.406
-0.275,1.53
-0.166,0.917
-0.309,1.704
-0.353,1.274
-0.46,0.946
-0.336,0.63
-0.457,-1.142
-0.492,0.046
-0.732,-0.592
-0.765,-0.013
-0.889,-0.081
-0.809,1.447
-0.984,0.923
-1.137,-1.118
-1.234,0.515
-1.184,-0.903
-1.339,1.37
-1.281,-1.136
-1.48,-1.337
-1.583,1.084
-1.493,0.602
-1.699,1.016
-1.688,-0.069
-1.847,1.117
-1.973,-0.692
-1.966,0.585
-1.915,0.531
-1.917,-0.895
-2.256,0.956
-2.169,-1.648
-2.35,0.231
-2.325,-0.248
-2.548,1.398
-2.906,-2.216
2.692,-2.017
1.608,-2.121
1.628,-2.003
1.033,-2.039
0.809,-2.12
-0.025,-2.166
-0.777,-2.286
-1.225,-2.03
-1.76,-2.092
1.305,1.772
0.351,2.064
-0.358,2.07
-1.795,1.799
-2.694,-1.045
-3.039,0.175
2.545,-1.046
1.77,-0.422
1.548,-1.041
1.199,-1.015
-0.575,-1.07
-1.189,0.193
2.878,-0.648
0.902,0.411
-1.032,-0.396
-1.347,-1.282
-1.452,-0.868
-1.892,-1.277
-2.09,-1.229
-2.158,-0.461
2.587,-0.507
1.591,1.182
-1.814,0.111
3.021,-1.758
2.711,-1.809
2.199,-1.97
0.824,-2.014
0.235,-1.856
-0.094,-1.92
-0.251,-2.0
-0.308,-1.927
-1.664,-1.989
-1.851,-1.99
2.707,-2.211
0.88,-2.384
0.424,-2.245
-0.277,-2.441
0.075,1.677
-0.017,-1.207
0.032,0.305
0.008,-1.057
-0.087,0.36
-0.07,1.722
-0.237,-0.856
-0.181,1.257
-0.189,-0.841
-0.29,1.327
-0.283,-0.571
-0.255,1.336
-0.326,-0.886
-0.318,1.206
-0.373,-0.269
-0.4,-0.709
-0.356,1.894
-0.351,1.776
-0.377,1.009
-0.376,-0.105
-0.478,-0.941
-0.415,1.26
-0.544,-0.917
-0.556,0.215
-0.557,-0.918
-0.572,1.115
-0.554,-0.085
-0.637,0.543
-0.604,1.453
-0.604,-0.05
-0.673,1.713
-0.637,-0.332
-0.651,0.14
-0.751,-1.171
-0.759,0.743
-0.718,-0.167
-0.814,0.586
-0.926,0.108
-1.104,0.217
-1.123,-0.027
-1.066,1.637
-1.095,-0.882
-1.094,-0.329
-1.173,1.408
-1.181,0.993
-1.212,1.243
-1.147,-0.085
-1.249,-0.573
-1.237,-0.051
-1.218,-0.083
-1.305,-0.669
-1.33,-1.228
-1.305,1.609
-1.441,-0.016
-1.531,-0.061
-1.542,0.939
-1.619,0.188
-1.635,-1.689
-1.631,0.036
-1.729,-0.904
-1.735,0.133
-1.997,-1.711
-1.938,-0.773
-2.021,0.52
-2.023,-0.836
-2.0,0.354
-1.992,0.636
-2.119,-1.611
-2.084,0.643
-2.148,0.772
-2.193,0.063
-2.351,1.619
-2.447,-0.699
-2.51,1.513
-2.495,0.34
-2.518,1.865
-2.466,0.777
-2.56,-0.55
-2.628,-2.154
-2.728,-2.073
-2.662,-2.054
-3.083,-1.999
-3.103,-2.084
2.6,-1.999
1.732,-1.976
-0.093,-2.147
-0.483,-2.204
-1.131,-2.209
-1.274,-1.979
-1.441,-2.158
-1.747,-2.245
-1.866,-2.247
-1.919,-2.119
-2.311,-2.093
-2.429,-2.177
-2.943,2.058
2.594,2.145
2.492,2.093
2.273,2.153
0.654,2.069
0.022,2.086
-0.295,2.039
-0.295,2.036
-0.383,2.055
-1.113,1.946
-1.758,2.058
-1.994,1.848
-3.115,-0.622
2.514,-0.829
2.251,1.572
1.683,1.522
0.079,-1.656
2.206,-2.039
-2.666,-0.244
-2.655,0.177
-2.689,-1.29
-2.687,1.882
-2.894,0.628
-2.847,-0.787
-3.042,-0.269
-2.945,-0.215
-3.091,1.604
-2.983,-1.661
-3.136,1.867
-3.126,2.058
3.126,0.3
-3.059,0.644
3.069,1.395
3.048,-1.308
3.014,-1.143
2.954,0.169
3.016,0.908
2.941,1.883
2.878,1.219
2.84,1.926
2.615,-0.027
2.593,1.684
2.561,1.539
2.672,-1.02
2.502,1.563
2.632,0.972
2.447,-1.346
2.536,-0.616
2.477,-1.685
2.386,-0.826
2.337,-0.198
2.317,0.113
2.048,0.991
2.166,-0.738
2.132,0.488
2.106,0.81
2.068,0.989
2.023,1.583
2.012,0.642
1.88,1.937
1.972,-0.132
1.62,1.66
1.596,1.548
1.685,-0.022
1.52,-1.194
1.518,-0.118
1.433,0.979
1.552,1.719
1.387,-0.65
1.487,-1.002
1.342,1.591
1.374,0.561
1.167,0.476
1.135,-1.23
1.1,-1.222
0.877,-0.867
0.858,-0.305
0.686,0.112
0.668,0.975
0.618,-1.078
0.729,0.902
0.58,-0.365
0.575,-0.774
0.548,-0.282
0.401,0.169
0.337,-1.025
0.233,-0.354
0.186,0.157
0.16,-0.67
0.148,-1.059
0.129,-0.572
0.005,0.635
-0.192,1.706
-0.216,0.445
-0.264,1.569
-0.155,0.956
-0.298,1.743
-0.342,1.313
-0.449,0.985
-0.325,0.669
-0.446,-1.103
-0.481,0.085
-0.721,-0.553
-0.754,0.026
-0.878,-0.042
-0.798,1.486
-0.973,0.962
-1.126,-1.079
-1.223,0.554
-1.173,-0.864
-1.328,1.409
-1.27,-1.097
-1.469,-1.298
-1.572,1.123
-1.482,0.641
-1.688,1.055
-1.677,-0.03
-1.836,1.156
-1.962,-0.653
-1.955,0.624
-1.904,0.57
-1.906,-0.856
-2.245,0.995
-2.158,-1.609
-2.339,0.27
-2.314,-0.209
-2.537,1.437
-2.895,-2.177
2.703,-1.978
1.619,-2.082
1.639,-1.964
1.044,-2.0
0.82,-2.081
-0.014,-2.127
-0.766,-2.247
-1.214,-1.991
-1.749,-2.053
1.316,1.811
0.362,2.103
-0.347,2.109
-1.784,1.838
-2.683,-1.006
-3.028,0.214
2.556,-1.007
1.781,-0.383
1.559,-1.002
1.21,-0.976
-0.564,-1.031
-1.178,0.232
2.889,-0.609
0.913,0.45
-1.021,-0.357
-1.336,-1.243
-1.441,-0.829
-1.881,-1.238
-2.079,-1.19
-2.147,-0.422
2.598,-0.468
1.602,1.221
-1.803,0.15
3.032,-1.719
2.722,-1.77
2.21,-1.931
0.835,-1.975
0.246,-1.817
-0.083,-1.881
-0.24,-1.961
-0.297,-1.888
-1.653,-1.95
-1.84,-1.951
2.718,-2.172
0.891,-2.345
0.435,-2.206
-0.266,-2.402
-0.092,-2.884
-0.043,-1.372
-0.067,-2.734
-0.162,-1.317
-0.145,0.045
-0.312,-2.533
-0.256,-0.42
-0.264,-2.518
-0.365,-0.35
-0.358,-2.248
-0.33,-0.341
-0.401,-2.563
-0.393,-0.471
-0.448,-1.946
-0.475,-2.386
-0.431,0.217
-0.426,0.099
-0.452,-0.668
-0.451,-1.782
-0.553,-2.618
-0.49,-0.417
-0.619,-2.594
-0.631,-1.462
-0.632,-2.595
-0.647,-0.562
-0.629,-1.762
-0.712,-1.134
-0.679,-0.224
-0.679,-1.727
-0.748,0.036
-0.712,-2.009
-0.726,-1.537
-0.826,-2.848
-0.834,-0.934
-0.793,-1.844
-0.889,-1.091
-1.001,-1.569
-1.179,-1.46
-1.198,-1.704
-1.141,-0.04
-1.17,-2.559
-1.169,-2.006
-1.248,-0.269
-1.256,-0.684
-1.287,-0.434
-1.222,-1.762
-1.324,-2.25
-1.312,-1.728
-1.293,-1.76
-1.38,-2.346
-1.405,-2.905
-1.38,-0.068
-1.516,-1.693
-1.606,-1.738
-1.617,-0.738
-1.694,-1.489
-1.71,-3.366
-1.706,-1.641
-1.804,-2.581
-1.81,-1.544
-2.072,-3.388
-2.013,-2.45
-2.096,-1.157
-2.098,-2.513
-2.075,-1.323
-2.067,-1.041
-2.194,-3.288
-2.159,-1.034
-2.223,-0.905
-2.268,-1.614
-2.426,-0.058
-2.522,-2.376
-2.585,-0.164
-2.57,-1.337
-2.593,0.188
-2.541,-0.9
-2.635,-2.227
-2.703,-3.831
-2.803,-3.75
-2.737,-3.731
3.125,-3.676
3.105,-3.761
2.525,-3.676
1.657,-3.653
-0.168,-3.824
-0.558,-3.881
-1.206,-3.886
-1.349,-3.656
-1.516,-3.835
-1.822,-3.922
-1.941,-3.924
-1.994,-3.796
-2.386,-3.77
-2.504,-3.854
-3.018,0.381
2.519,0.468
2.417,0.416
2.198,0.476
0.579,0.392
-0.053,0.409
-0.37,0.362
-0.37,0.359
-0.458,0.378
-1.188,0.269
-1.833,0.381
-2.069,0.171
3.093,-2.299
2.439,-2.506
2.176,-0.105
1.608,-0.155
0.004,-3.333
2.131,-3.716
-2.741,-1.921
-2.73,-1.5
-2.764,-2.967
-2.762,0.205
-2.969,-1.049
-2.922,-2.464
-3.117,-1.946
-3.02,-1.892
3.117,-0.073
-3.058,-3.338
3.072,0.19
3.082,0.381
3.051,-1.377
-3.134,-1.033
2.994,-0.282
2.973,-2.985
2.939,-2.82
2.879,-1.508
2.941,-0.769
2.866,0.206
2.803,-0.458
2.765,0.249
2.54,-1.704
2.518,0.007
2.486,-0.138
2.597,-2.697
2.427,-0.114
2.557,-0.705
2.372,-3.023
2.461,-2.293
2.402,-3.362
2.311,-2.503
2.262,-1.875
2.242,-1.564
1.973,-0.686
2.091,-2.415
2.057,-1.189
2.031,-0.867
1.993,-0.688
1.948,-0.094
1.937,-1.035
1.805,0.26
1.897,-1.809
1.545,-0.017
1.521,-0.129
1.61,-1.699
1.445,-2.871
1.443,-1.795
1.358,-0.698
1.477,0.042
1.312,-2.327
1.412,-2.679
1.267,-0.086
1.299,-1.116
1.092,-1.201
1.06,-2.907
1.025,-2.899
0.802,-2.544
0.783,-1.982
0.611,-1.565
0.593,-0.702
0.543,-2.755
0.654,-0.775
0.505,-2.042
0.5,-2.451
0.473,-1.959
0.326,-1.508
0.262,-2.702
0.158,-2.031
0.111,-1.52
0.085,-2.347
0.073,-2.736
0.054,-2.249
-0.07,-1.042
-0.267,0.029
-0.291,-1.232
-0.339,-0.108
-0.23,-0.721
-0.373,0.066
-0.417,-0.364
-0.524,-0.692
-0.4,-1.008
-0.521,-2.78
-0.556,-1.592
-0.796,-2.23
-0.829,-1.651
-0.953,-1.719
-0.873,-0.191
-1.048,-0.715
-1.201,-2.756
-1.298,-1.123
-1.248,-2.541
-1.403,-0.268
-1.345,-2.774
-1.544,-2.975
-1.647,-0.554
-1.557,-1.036
-1.763,-0.622
-1.752,-1.707
-1.911,-0.521
-2.037,-2.33
-2.03,-1.053
-1.979,-1.107
-1.981,-2.533
-2.32,-0.682
-2.233,-3.286
-2.414,-1.407
-2.389,-1.886
-2.612,-0.24
-2.97,-3.854
2.628,-3.655
1.544,-3.759
1.564,-3.641
0.969,-3.677
0.745,-3.758
-0.089,-3.804
-0.841,-3.924
-1.289,-3.668
-1.824,-3.73
1.241,0.134
0.287,0.426
-0.422,0.432
-1.859,0.161
-2.758,-2.683
-3.103,-1.463
2.481,-2.684
1.706,-2.06
1.484,-2.679
1.135,-2.653
-0.639,-2.708
-1.253,-1.445
2.814,-2.286
0.838,-1.227
-1.096,-2.034
-1.411,-2.92
-1.516,-2.506
-1.956,-2.915
-2.154,-2.867
-2.222,-2.099
2.523,-2.145
1.527,-0.456
-1.878,-1.527
2.957,-3.396
2.647,-3.447
2.135,-3.608
0.76,-3.652
0.171,-3.494
-0.158,-3.558
-0.315,-3.638
-0.372,-3.565
-1.728,-3.627
-1.915,-3.628
2.643,-3.849
0.816,-4.022
0.36,-3.883
-0.341,-4.079
0.049,1.512
0.025,0.15
-0.07,1.567
-0.053,2.929
-0.22,0.351
-0.164,2.464
-0.172,0.366
-0.273,2.534
-0.266,0.636
-0.238,2.543
-0.309,0.321
-0.301,2.413
-0.356,0.938
-0.383,0.498
-0.339,3.101
-0.334,2.983
-0.36,2.216
-0.359,1.102
-0.461,0.266
-0.398,2.467
-0.527,0.29
-0.539,1.422
-0.54,0.289
-0.555,2.322
-0.537,1.122
-0.62,1.75
-0.587,2.66
-0.587,1.157
-0.656,2.92
-0.62,0.875
-0.634,1.347
-0.734,0.036
-0.742,1.95
-0.701,1.04
-0.797,1.793
-0.909,1.315
-1.087,1.424
-1.106,1.18
-1.049,2.844
-1.078,0.325
-1.077,0.878
-1.156,2.615
-1.164,2.2
-1.195,2.45
-1.13,1.122
-1.232,0.634
-1.22,1.156
-1.201,1.124
-1.288,0.538
-1.313,-0.021
-1.288,2.816
-1.424,1.191
-1.514,1.146
-1.525,2.146
-1.602,1.395
-1.618,-0.482
-1.614,1.243
-1.712,0.303
-1.718,1.34
-1.98,-0.504
-1.921,0.434
-2.004,1.727
-2.006,0.371
-1.983,1.561
-1.975,1.843
-2.102,-0.404
-2.067,1.85
-2.131,1.979
-2.176,1.27
-2.334,2.826
-2.43,0.508
-2.493,2.72
-2.478,1.547
-2.501,3.072
-2.449,1.984
-2.543,0.657
-2.611,-0.947
-2.711,-0.866
-2.645,-0.847
-3.066,-0.792
-3.086,-0.877
2.617,-0.792
1.749,-0.769
-0.076,-0.94
-0.466,-0.997
-1.114,-1.002
-1.257,-0.772
-1.424,-0.951
-1.73,-1.038
-1.849,-1.04
-1.902,-0.912
-2.294,-0.886
-2.412,-0.97
-2.926,3.265
2.611,3.352
2.509,3.3
2.29,3.36
0.671,3.276
0.039,3.293
-0.278,3.246
-0.278,3.243
-0.366,3.262
-1.096,3.153
-1.741,3.265
-1.977,3.055
-3.098,0.585
2.531,0.378
2.268,2.779
1.7,2.729
0.096,-0.449
2.223,-0.832
-2.649,0.963
-2.638,1.384
-2.672,-0.083
-2.67,3.089
-2.877,1.835
-2.83,0.42
-3.025,0.938
-2.928,0.992
-3.074,2.811
-2.966,-0.454
-3.119,3.074
-3.109,3.265
-3.14,1.507
-3.042,1.851
3.086,2.602
3.065,-0.101
3.031,0.064
2.971,1.376
3.033,2.115
2.958,3.09
2.895,2.426
2.857,3.133
2.632,1.18
2.61,2.891
2.578,2.746
2.689,0.187
2.519,2.77
2.649,2.179
2.464,-0.139
2.553,0.591
2.494,-0.478
2.403,0.381
2.354,1.009
2.334,1.32
2.065,2.198
2.183,0.469
2.149,1.695
2.123,2.017
2.085,2.196
2.04,2.79
2.029,1.849
1.897,3.144
1.989,1.075
1.637,2.867
1.613,2.755
1.702,1.185
1.537,0.013
1.535,1.089
1.45,2.186
1.569,2.926
1.404,0.557
1.504,0.205
1.359,2.798
1.391,1.768
1.184,1.683
1.152,-0.023
1.117,-0.015
0.894,0.34
0.875,0.902
0.703,1.319
0.685,2.182
0.635,0.129
0.746,2.109
0.597,0.842
0.592,0.433
0.565,0.925
0.418,1.376
0.354,0.182
0.25,0.853
0.203,1.364
0.177,0.537
0.165,0.148
0.146,0.635
0.022,1.842
-0.175,2.913
-0.199,1.652
-0.247,2.776
-0.138,2.163
-0.281,2.95
-0.325,2.52
-0.432,2.192
-0.308,1.876
-0.429,0.104
-0.464,1.292
-0.704,0.654
-0.737,1.233
-0.861,1.165
-0.781,2.693
-0.956,2.169
-1.109,0.128
-1.206,1.761
-1.156,0.343
-1.311,2.616
-1.253,0.11
-1.452,-0.091
-1.555,2.33
-1.465,1.848
-1.671,2.262
-1.66,1.177
-1.819,2.363
-1.945,0.554
-1.938,1.831
-1.887,1.777
-1.889,0.351
-2.228,2.202
-2.141,-0.402
-2.322,1.477
-2.297,0.998
-2.52,2.644
-2.878,-0.97
2.72,-0.771
1.636,-0.875
1.656,-0.757
1.061,-0.793
0.837,-0.874
0.003,-0.92
-0.749,-1.04
-1.197,-0.784
-1.732,-0.846
1.333,3.018
0.379,3.31
-0.33,3.316
-1.767,3.045
-2.666,0.201
-3.011,1.421
2.573,0.2
1.798,0.824
1.576,0.205
1.227,0.231
-0.547,0.176
-1.161,1.439
2.906,0.598
0.93,1.657
-1.004,0.85
-1.319,-0.036
-1.424,0.378
-1.864,-0.031
-2.062,0.017
-2.13,0.785
2.615,0.739
1.619,2.428
-1.786,1.357
3.049,-0.512
2.739,-0.563
2.227,-0.724
0.852,-0.768
0.263,-0.61
-0.066,-0.674
-0.223,-0.754
-0.28,-0.681
-1.636,-0.743
-1.823,-0.744
2.735,-0.965
0.908,-1.138
0.452,-0.999
-0.249,-1.195
-0.024,-1.362
-0.119,0.055
-0.102,1.417
-0.269,-1.161
-0.213,0.952
-0.221,-1.146
-0.322,1.022
-0.315,-0.876
-0.287,1.031
-0.358,-1.191
-0.35,0.901
-0.405,-0.574
-0.432,-1.014
-0.388,1.589
-0.383,1.471
-0.409,0.704
-0.408,-0.41
-0.51,-1.246
-0.447,0.955
-0.576,-1.222
-0.588,-0.09
-0.589,-1.223
-0.604,0.81
-0.586,-0.39
-0.669,0.238
-0.636,1.148
-0.636,-0.355
-0.705,1.408
-0.669,-0.637
-0.683,-0.165
-0.783,-1.476
-0.791,0.438
-0.75,-0.472
-0.846,0.281
-0.958,-0.197
-1.136,-0.088
-1.155,-0.332
-1.098,1.332
-1.127,-1.187
-1.126,-0.634
-1.205,1.103
-1.213,0.688
-1.244,0.938
-1.179,-0.39
-1.281,-0.878
-1.269,-0.356
-1.25,-0.388
-1.337,-0.974
-1.362,-1.533
-1.337,1.304
-1.473,-0.321
-1.563,-0.366
-1.574,0.634
-1.651,-0.117
-1.667,-1.994
-1.663,-0.269
-1.761,-1.209
-1.767,-0.172
-2.029,-2.016
-1.97,-1.078
-2.053,0.215
-2.055,-1.141
-2.032,0.049
-2.024,0.331
-2.151,-1.916
-2.116,0.338
-2.18,0.467
-2.225,-0.242
-2.383,1.314
-2.479,-1.004
-2.542,1.208
-2.527,0.035
-2.55,1.56
-2.498,0.472
-2.592,-0.855
-2.66,-2.459
-2.76,-2.378
-2.694,-2.359
-3.115,-2.304
-3.135,-2.389
2.568,-2.304
1.7,-2.281
-0.125,-2.452
-0.515,-2.509
-1.163,-2.514
-1.306,-2.284
-1.473,-2.463
-1.779,-2.55
-1.898,-2.552
-1.951,-2.424
-2.343,-2.398
-2.461,-2.482
-2.975,1.753
2.562,1.84
2.46,1.788
2.241,1.848
0.622,1.764
-0.01,1.781
-0.327,1.734
-0.327,1.731
-0.415,1.75
-1.145,1.641
-1.79,1.753
-2.026,1.543
3.136,-0.927
2.482,-1.134
2.219,1.267
1.651,1.217
0.047,-1.961
2.174,-2.344
-2.698,-0.549
-2.687,-0.128
-2.721,-1.595
-2.719,1.577
-2.926,0.323
-2.879,-1.092
-3.074,-0.574
-2.977,-0.52
-3.123,1.299
-3.015,-1.966
3.115,1.562
3.125,1.753
3.094,-0.005
-3.091,0.339
3.037,1.09
3.016,-1.613
2.982,-1.448
2.922,-0.136
2.984,0.603
2.909,1.578
2.846,0.914
2.808,1.621
2.583,-0.332
2.561,1.379
2.529,1.234
2.64,-1.325
2.47,1.258
2.6,0.667
2.415,-1.651
2.504,-0.921
2.445,-1.99
2.354,-1.131
2.305,-0.503
2.285,-0.192
2.016,0.686
2.134,-1.043
2.1,0.183
2.074,0.505
2.036,0.684
1.991,1.278
1.98,0.337
1.848,1.632
1.94,-0.437
1.588,1.355
1.564,1.243
1.653,-0.327
1.488,-1.499
1.486,-0.423
1.401,0.674
1.52,1.414
1.355,-0.955
1.455,-1.307
1.31,1.286
1.342,0.256
1.135,0.171
1.103,-1.535
1.068,-1.527
0.845,-1.172
0.826,-0.61
0.654,-0.193
0.636,0.67
0.586,-1.383
0.697,0.597
0.548,-0.67
0.543,-1.079
0.516,-0.587
0.369,-0.136
0.305,-1.33
0.201,-0.659
0.154,-0.148
0.128,-0.975
0.116,-1.364
0.097,-0.877
-0.027,0.33
-0.224,1.401
-0.248,0.14
-0.296,1.264
-0.187,0.651
-0.33,1.438
-0.374,1.008
-0.481,0.68
-0.357,0.364
-0.478,-1.408
-0.513,-0.22
-0.753,-0.858
-0.786,-0.279
-0.91,-0.347
-0.83,1.181
-1.005,0.657
-1.158,-1.384
-1.255,0.249
-1.205,-1.169
-1.36,1.104
-1.302,-1.402
-1.501,-1.603
-1.604,0.818
-1.514,0.336
-1.72,0.75
-1.709,-0.335
-1.868,0.851
-1.994,-0.958
-1.987,0.319
-1.936,0.265
-1.938,-1.161
-2.277,0.69
-2.19,-1.914
-2.371,-0.035
-2.346,-0.514
-2.569,1.132
-2.927,-2.482
2.671,-2.283
1.587,-2.387
1.607,-2.269
1.012,-2.305
0.788,-2.386
-0.046,-2.432
-0.798,-2.552
-1.246,-2.296
-1.781,-2.358
1.284,1.506
0.33,1.798
-0.379,1.804
-1.816,1.533
-2.715,-1.311
-3.06,-0.091
2.524,-1.312
1.749,-0.688
1.527,-1.307
1.178,-1.281
-0.596,-1.336
-1.21,-0.073
2.857,-0.914
0.881,0.145
-1.053,-0.662
-1.368,-1.548
-1.473,-1.134
-1.913,-1.543
-2.111,-1.495
-2.179,-0.727
2.566,-0.773
1.57,0.916
-1.835,-0.155
3.0,-2.024
2.69,-2.075
2.178,-2.236
0.803,-2.28
0.214,-2.122
-0.115,-2.186
-0.272,-2.266
-0.329,-2.193
-1.685,-2.255
-1.872,-2.256
2.686,-2.477
0.859,-2.65
0.403,-2.511
-0.298,-2.707
-0.095,1.417
-0.078,2.779
-0.245,0.201
-0.189,2.314
-0.197,0.216
-0.298,2.384
-0.291,0.486
-0.263,2.393
-0.334,0.171
-0.326,2.263
-0.381,0.788
-0.408,0.348
-0.364,2.951
-0.359,2.833
-0.385,2.066
-0.384,0.952
-0.486,0.116
-0.423,2.317
-0.552,0.14
-0.564,1.272
-0.565,0.139
-0.58,2.172
-0.562,0.972
-0.645,1.6
-0.612,2.51
-0.612,1.007
-0.681,2.77
-0.645,0.725
-0.659,1.197
-0.759,-0.114
-0.767,1.8
-0.726,0.89
-0.822,1.643
-0.934,1.165
-1.112,1.274
-1.131,1.03
-1.074,2.694
-1.103,0.175
-1.102,0.728
-1.181,2.465
-1.189,2.05
-1.22,2.3
-1.155,0.972
-1.257,0.484
-1.245,1.006
-1.226,0.974
-1.313,0.388
-1.338,-0.171
-1.313,2.666
-1.449,1.041
-1.539,0.996
-1.55,1.996
-1.627,1.245
-1.643,-0.632
-1.639,1.093
-1.737,0.153
-1.743,1.19
-2.005,-0.654
-1.946,0.284
-2.029,1.577
-2.031,0.221
-2.008,1.411
-2.0,1.693
-2.127,-0.554
-2.092,1.7
-2.156,1.829
-2.201,1.12
-2.359,2.676
-2.455,0.358
-2.518,2.57
-2.503,1.397
-2.526,2.922
-2.474,1.834
-2.568,0.507
-2.636,-1.097
-2.736,-1.016
-2.67,-0.997
-3.091,-0.942
-3.111,-1.027
2.592,-0.942
1.724,-0.919
-0.101,-1.09
-0.491,-1.147
-1.139,-1.152
-1.282,-0.922
-1.449,-1.101
-1.755,-1.188
-1.874,-1.19
-1.927,-1.062
-2.319,-1.036
-2.437,-1.12
-2.951,3.115
2.586,3.202
2.484,3.15
2.265,3.21
0.646,3.126
0.014,3.143
-0.303,3.096
-0.303,3.093
-0.391,3.112
-1.121,3.003
-1.766,3.115
-2.002,2.905
-3.123,0.435
2.506,0.228
2.243,2.629
1.675,2.579
0.071,-0.599
2.198,-0.982
-2.674,0.813
-2.663,1.234
-2.697,-0.233
-2.695,2.939
-2.902,1.685
-2.855,0.27
-3.05,0.788
-2.953,0.842
-3.099,2.661
-2.991,-0.604
3.139,2.924
-3.134,3.115
3.118,1.357
-3.067,1.701
3.061,2.452
3.04,-0.251
3.006,-0.086
2.946,1.226
3.008,1.965
2.933,2.94
2.87,2.276
2.832,2.983
2.607,1.03
2.585,2.741
2.553,2.596
2.664,0.037
2.494,2.62
2.624,2.029
2.439,-0.289
2.528,0.441
2.469,-0.628
2.378,0.231
2.329,0.859
2.309,1.17
2.04,2.048
2.158,0.319
2.124,1.545
2.098,1.867
2.06,2.046
2.015,2.64
2.004,1.699
1.872,2.994
1.964,0.925
1.612,2.717
1.588,2.605
1.677,1.035
1.512,-0.137
1.51,0.939
1.425,2.036
1.544,2.776
1.379,0.407
1.479,0.055
1.334,2.648
1.366,1.618
1.159,1.533
1.127,-0.173
1.092,-0.165
0.869,0.19
0.85,0.752
0.678,1.169
0.66,2.032
0.61,-0.021
0.721,1.959
0.572,0.692
0.567,0.283
0.54,0.775
0.393,1.226
0.329,0.032
0.225,0.703
0.178,1.214
0.152,0.387
0.14,-0.002
0.121,0.485
-0.003,1.692
-0.2,2.763
-0.224,1.502
-0.272,2.626
-0.163,2.013
-0.306,2.8
-0.35,2.37
-0.457,2.042
-0.333,1.726
-0.454,-0.046
-0.489,1.142
-0.729,0.504
-0.762,1.083
-0.886,1.015
-0.806,2.543
-0.981,2.019
-1.134,-0.022
-1.231,1.611
-1.181,0.193
-1.336,2.466
-1.278,-0.04
-1.477,-0.241
-1.58,2.18
-1.49,1.698
-1.696,2.112
-1.685,1.027
-1.844,2.213
-1.97,0.404
-1.963,1.681
-1.912,1.627
-1.914,0.201
-2.253,2.052
-2.166,-0.552
-2.347,1.327
-2.322,0.848
-2.545,2.494
-2.903,-1.12
2.695,-0.921
1.611,-1.025
1.631,-0.907
1.036,-0.943
0.812,-1.024
-0.022,-1.07
-0.774,-1.19
-1.222,-0.934
-1.757,-0.996
1.308,2.868
0.354,3.16
-0.355,3.166
-1.792,2.895
-2.691,0.051
-3.036,1.271
2.548,0.05
1.773,0.674
1.551,0.055
1.202,0.081
-0.572,0.026
-1.186,1.289
2.881,0.448
0.905,1.507
-1.029,0.7
-1.344,-0.186
-1.449,0.228
-1.889,-0.181
-2.087,-0.133
-2.155,0.635
2.59,0.589
1.594,2.278
-1.811,1.207
3.024,-0.662
2.714,-0.713
2.202,-0.874
0.827,-0.918
0.238,-0.76
-0.091,-0.824
-0.248,-0.904
-0.305,-0.831
-1.661,-0.893
-1.848,-0.894
2.71,-1.115
0.883,-1.288
0.427,-1.149
-0.274,-1.345
0.017,1.362
-0.15,-1.216
-0.094,0.897
-0.102,-1.201
-0.203,0.967
-0.196,-0.931
-0.168,0.976
-0.239,-1.246
-0.231,0.846
-0.286,-0.629
-0.313,-1.069
-0.269,1.534
-0.264,1.416
-0.29,0.649
-0.289,-0.465
-0.391,-1.301
-0.328,0.9
-0.457,-1.277
-0.469,-0.145
-0.47,-1.278
-0.485,0.755
-0.467,-0.445
-0.55,0.183
-0.517,1.093
-0.517,-0.41
-0.586,1.353
-0.55,-0.692
-0.564,-0.22
-0.664,-1.531
-0.672,0.383
-0.631,-0.527
-0.727,0.226
-0.839,-0.252
-1.017,-0.143
-1.036,-0.387
-0.979,1.277
-1.008,-1.242
-1.007,-0.689
-1.086,1.048
-1.094,0.633
-1.125,0.883
-1.06,-0.445
-1.162,-0.933
-1.15,-0.411
-1.131,-0.443
-1.218,-1.029
-1.243,-1.588
-1.218,1.249
-1.354,-0.376
-1.444,-0.421
-1.455,0.579
-1.532,-0.172
-1.548,-2.049
-1.544,-0.324
-1.642,-1.264
-1.648,-0.227
-1.91,-2.071
-1.851,-1.133
-1.934,0.16
-1.936,-1.196
-1.913,-0.006
-1.905,0.276
-2.032,-1.971
-1.997,0.283
-2.061,0.412
-2.106,-0.297
-2.264,1.259
-2.36,-1.059
-2.423,1.153
-2.408,-0.02
-2.431,1.505
-2.379,0.417
-2.473,-0.91
-2.541,-2.514
-2.641,-2.433
-2.575,-2.414
-2.996,-2.359
-3.016,-2.444
2.687,-2.359
1.819,-2.336
-0.006,-2.507
-0.396,-2.564
-1.044,-2.569
-1.187,-2.339
-1.354,-2.518
-1.66,-2.605
-1.779,-2.607
-1.832,-2.479
-2.224,-2.453
-2.342,-2.537
-2.856,1.698
2.681,1.785
2.579,1.733
2.36,1.793
0.741,1.709
0.109,1.726
-0.208,1.679
-0.208,1.676
-0.296,1.695
-1.026,1.586
-1.671,1.698
-1.907,1.488
-3.028,-0.982
2.601,-1.189
2.338,1.212
1.77,1.162
0.166,-2.016
2.293,-2.399
-2.579,-0.604
-2.568,-0.183
-2.602,-1.65
-2.6,1.522
-2.807,0.268
-2.76,-1.147
-2.955,-0.629
-2.858,-0.575
-3.004,1.244
-2.896,-2.021
-3.049,1.507
-3.039,1.698
-3.07,-0.06
-2.972,0.284
-3.127,1.035
3.135,-1.668
3.101,-1.503
3.041,-0.191
3.103,0.548
3.028,1.523
2.965,0.859
2.927,1.566
2.702,-0.387
2.68,1.324
2.648,1.179
2.759,-1.38
2.589,1.203
2.719,0.612
2.534,-1.706
2.623,-0.976
2.564,-2.045
2.473,-1.186
2.424,-0.558
2.404,-0.247
2.135,0.631
2.253,-1.098
2.219,0.128
2.193,0.45
2.155,0.629
2.11,1.223
2.099,0.282
1.967,1.577
2.059,-0.492
1.707,1.3
1.683,1.188
1.772,-0.382
1.607,-1.554
1.605,-0.478
1.52,0.619
1.639,1.359
1.474,-1.01
1.574,-1.362
1.429,1.231
1.461,0.201
1.254,0.116
1.222,-1.59
1.187,-1.582
0.964,-1.227
0.945,-0.665
0.773,-0.248
0.755,0.615
0.705,-1.438
0.816,0.542
0.667,-0.725
0.662,-1.134
0.635,-0.642
0.488,-0.191
0.424,-1.385
0.32,-0.714
0.273,-0.203
0.247,-1.03
0.235,-1.419
0.216,-0.932
0.092,0.275
-0.105,1.346
-0.129,0.085
-0.177,1.209
-0.068,0.596
-0.211,1.383
-0.255,0.953
-0.362,0.625
-0.238,0.309
-0.359,-1.463
-0.394,-0.275
-0.634,-0.913
-0.667,-0.334
-0.791,-0.402
-0.711,1.126
-0.886,0.602
-1.039,-1.439
-1.136,0.194
-1.086,-1.224
-1.241,1.049
-1.183,-1.457
-1.382,-1.658
-1.485,0.763
-1.395,0.281
-1.601,0.695
-1.59,-0.39
-1.749,0.796
-1.875,-1.013
-1.868,0.264
-1.817,0.21
-1.819,-1.216
-2.158,0.635
-2.071,-1.969
-2.252,-0.09
-2.227,-0.569
-2.45,1.077
-2.808,-2.537
2.79,-2.338
1.706,-2.442
1.726,-2.324
1.131,-2.36
0.907,-2.441
0.073,-2.487
-0.679,-2.607
-1.127,-2.351
-1.662,-2.413
1.403,1.451
0.449,1.743
-0.26,1.749
-1.697,1.478
-2.596,-1.366
-2.941,-0.146
2.643,-1.367
1.868,-0.743
1.646,-1.362
1.297,-1.336
-0.477,-1.391
-1.091,-0.128
2.976,-0.969
1.0,0.09
-0.934,-0.717
-1.249,-1.603
-1.354,-1.189
-1.794,-1.598
-1.992,-1.55
-2.06,-0.782
2.685,-0.828
1.689,0.861
-1.716,-0.21
3.119,-2.079
2.809,-2.13
2.297,-2.291
0.922,-2.335
0.333,-2.177
0.004,-2.241
-0.153,-2.321
-0.21,-2.248
-1.566,-2.31
-1.753,-2.311
2.805,-2.532
0.978,-2.705
0.522,-2.566
-0.179,-2.762
-0.167,-2.578
-0.111,-0.465
-0.119,-2.563
-0.22,-0.395
-0.213,-2.293
-0.185,-0.386
-0.256,-2.608
-0.248,-0.516
-0.303,-1.991
-0.33,-2.431
-0.286,0.172
-0.281,0.054
-0.307,-0.713
-0.306,-1.827
-0.408,-2.663
-0.345,-0.462
-0.474,-2.639
-0.486,-1.507
-0.487,-2.64
-0.502,-0.607
-0.484,-1.807
-0.567,-1.179
-0.534,-0.269
-0.534,-1.772
-0.603,-0.009
-0.567,-2.054
-0.581,-1.582
-0.681,-2.893
-0.689,-0.979
-0.648,-1.889
-0.744,-1.136
-0.856,-1.614
-1.034,-1.505
-1.053,-1.749
-0.996,-0.085
-1.025,-2.604
-1.024,-2.051
-1.103,-0.314
-1.111,-0.729
-1.142,-0.479
-1.077,-1.807
-1.179,-2.295
-1.167,-1.773
-1.148,-1.805
-1.235,-2.391
-1.26,-2.95
-1.235,-0.113
-1.371,-1.738
-1.461,-1.783
-1.472,-0.783
-1.549,-1.534
-1.565,-3.411
-1.561,-1.686
-1.659,-2.626
-1.665,-1.589
-1.927,-3.433
-1.868,-2.495
-1.951,-1.202
-1.953,-2.558
-1.93,-1.368
-1.922,-1.086
-2.049,-3.333
-2.014,-1.079
-2.078,-0.95
-2.123,-1.659
-2.281,-0.103
-2.377,-2.421
-2.44,-0.209
-2.425,-1.382
-2.448,0.143
-2.396,-0.945
-2.49,-2.272
-2.558,-3.876
-2.658,-3.795
-2.592,-3.776
-3.013,-3.721
-3.033,-3.806
2.67,-3.721
1.802,-3.698
-0.023,-3.869
-0.413,-3.926
-1.061,-3.931
-1.204,-3.701
-1.371,-3.88
-1.677,-3.967
-1.796,-3.969
-1.849,-3.841
-2.241,-3.815
-2.359,-3.899
-2.873,0.336
2.664,0.423
2.562,0.371
2.343,0.431
0.724,0.347
0.092,0.364
-0.225,0.317
-0.225,0.314
-0.313,0.333
-1.043,0.224
-1.688,0.336
-1.924,0.126
-3.045,-2.344
2.584,-2.551
2.321,-0.15
1.753,-0.2
0.149,-3.378
2.276,-3.761
-2.596,-1.966
-2.585,-1.545
-2.619,-3.012
-2.617,0.16
-2.824,-1.094
-2.777,-2.509
-2.972,-1.991
-2.875,-1.937
-3.021,-0.118
-2.913,-3.383
-3.066,0.145
-3.056,0.336
-3.087,-1.422
-2.989,-1.078
3.139,-0.327
3.118,-3.03
3.084,-2.865
3.024,-1.553
3.086,-0.814
3.011,0.161
2.948,-0.503
2.91,0.204
2.685,-1.749
2.663,-0.038
2.631,-0.183
2.742,-2.742
2.572,-0.159
2.702,-0.75
2.517,-3.068
2.606,-2.338
2.547,-3.407
2.456,-2.548
2.407,-1.92
2.387,-1.609
2.118,-0.731
2.236,-2.46
2.202,-1.234
2.176,-0.912
2.138,-0.733
2.093,-0.139
2.082,-1.08
1.95,0.215
2.042,-1.854
1.69,-0.062
1.666,-0.174
1.755,-1.744
1.59,-2.916
1.588,-1.84
1.503,-0.743
1.622,-0.003
1.457,-2.372
1.557,-2.724
1.412,-0.131
1.444,-1.161
1.237,-1.246
1.205,-2.952
1.17,-2.944
0.947,-2.589
0.928,-2.027
0.756,-1.61
0.738,-0.747
0.688,-2.8
0.799,-0.82
0.65,-2.087
0.645,-2.496
0.618,-2.004
0.471,-1.553
0.407,-2.747
0.303,-2.076
0.256,-1.565
0.23,-2.392
0.218,-2.781
0.199,-2.294
0.075,-1.087
-0.122,-0.016
-0.146,-1.277
-0.194,-0.153
-0.085,-0.766
-0.228,0.021
-0.272,-0.409
-0.379,-0.737
-0.255,-1.053
-0.376,-2.825
-0.411,-1.637
-0.651,-2.275
-0.684,-1.696
-0.808,-1.764
-0.728,-0.236
-0.903,-0.76
-1.056,-2.801
-1.153,-1.168
-1.103,-2.586
-1.258,-0.313
-1.2,-2.819
-1.399,-3.02
-1.502,-0.599
-1.412,-1.081
-1.618,-0.667
-1.607,-1.752
-1.766,-0.566
-1.892,-2.375
-1.885,-1.098
-1.834,-1.152
-1.836,-2.578
-2.175,-0.727
-2.088,-3.331
-2.269,-1.452
-2.244,-1.931
-2.467,-0.285
-2.825,-3.899
2.773,-3.7
1.689,-3.804
1.709,-3.686
1.114,-3.722
0.89,-3.803
0.056,-3.849
-0.696,-3.969
-1.144,-3.713
-1.679,-3.775
1.386,0.089
0.432,0.381
-0.277,0.387
-1.714,0.116
-2.613,-2.728
-2.958,-1.508
2.626,-2.729
1.851,-2.105
1.629,-2.724
1.28,-2.698
-0.494,-2.753
-1.108,-1.49
2.959,-2.331
0.983,-1.272
-0.951,-2.079
-1.266,-2.965
-1.371,-2.551
-1.811,-2.96
-2.009,-2.912
-2.077,-2.144
2.668,-2.19
1.672,-0.501
-1.733,-1.572
3.102,-3.441
2.792,-3.492
2.28,-3.653
0.905,-3.697
0.316,-3.539
-0.013,-3.603
-0.17,-3.683
-0.227,-3.61
-1.583,-3.672
-1.77,-3.673
2.788,-3.894
0.961,-4.067
0.505,-3.928
-0.196,-4.124
0.056,2.113
0.048,0.015
-0.053,2.183
-0.046,0.285
-0.018,2.192
-0.089,-0.03
-0.081,2.062
-0.136,0.587
-0.163,0.147
-0.119,2.75
-0.114,2.632
-0.14,1.865
-0.139,0.751
-0.241,-0.085
-0.178,2.116
-0.307,-0.061
-0.319,1.071
-0.32,-0.062
-0.335,1.971
-0.317,0.771
-0.4,1.399
-0.367,2.309
-0.367,0.806
-0.436,2.569
-0.4,0.524
-0.414,0.996
-0.514,-0.315
-0.522,1.599
-0.481,0.689
-0.577,1.442
-0.689,0.964
-0.867,1.073
-0.886,0.829
-0.829,2.493
-0.858,-0.026
-0.857,0.527
-0.936,2.264
-0.944,1.849
-0.975,2.099
-0.91,0.771
-1.012,0.283
-1.0,0.805
-0.981,0.773
-1.068,0.187
-1.093,-0.372
-1.068,2.465
-1.204,0.84
-1.294,0.795
-1.305,1.795
-1.382,1.044
-1.398,-0.833
-1.394,0.892
-1.492,-0.048
-1.498,0.989
-1.76,-0.855
-1.701,0.083
-1.784,1.376
-1.786,0.02
-1.763,1.21
-1.755,1.492
-1.882,-0.755
-1.847,1.499
-1.911,1.628
-1.956,0.919
-2.114,2.475
-2.21,0.157
-2.273,2.369
-2.258,1.196
-2.281,2.721
-2.229,1.633
-2.323,0.306
-2.391,-1.298
-2.491,-1.217
-2.425,-1.198
-2.846,-1.143
-2.866,-1.228
2.837,-1.143
1.969,-1.12
0.144,-1.291
-0.246,-1.348
-0.894,-1.353
-1.037,-1.123
-1.204,-1.302
-1.51,-1.389
-1.629,-1.391
-1.682,-1.263
-2.074,-1.237
-2.192,-1.321
-2.706,2.914
2.831,3.001
2.729,2.949
2.51,3.009
0.891,2.925
0.259,2.942
-0.058,2.895
-0.058,2.892
-0.146,2.911
-0.876,2.802
-1.521,2.914
-1.757,2.704
-2.878,0.234
2.751,0.027
2.488,2.428
1.92,2.378
0.316,-0.8
2.443,-1.183
-2.429,0.612
-2.418,1.033
-2.452,-0.434
-2.45,2.738
-2.657,1.484
-2.61,0.069
-2.805,0.587
-2.708,0.641
-2.854,2.46
-2.746,-0.805
-2.899,2.723
-2.889,2.914
-2.92,1.156
-2.822,1.5
-2.977,2.251
-2.998,-0.452
-3.032,-0.287
-3.092,1.025
-3.03,1.764
-3.105,2.739
3.115,2.075
3.077,2.782
2.852,0.829
2.83,2.54
2.798,2.395
2.909,-0.164
2.739,2.419
2.869,1.828
2.684,-0.49
2.773,0.24
2.714,-0.829
2.623,0.03
2.574,0.658
2.554,0.969
2.285,1.847
2.403,0.118
2.369,1.344
2.343,1.666
2.305,1.845
2.26,2.439
2.249,1.498
2.117,2.793
2.209,0.724
1.857,2.516
1.833,2.404
1.922,0.834
1.757,-0.338
1.755,0.738
1.67,1.835
1.789,2.575
1.624,0.206
1.724,-0.146
1.579,2.447
1.611,1.417
1.404,1.332
1.372,-0.374
1.337,-0.366
1.114,-0.011
1.095,0.551
0.923,0.968
0.905,1.831
0.855,-0.222
0.966,1.758
0.817,0.491
0.812,0.082
0.785,0.574
0.638,1.025
0.574,-0.169
0.47,0.502
0.423,1.013
0.397,0.186
0.385,-0.203
0.366,0.284
0.242,1.491
0.045,2.562
0.021,1.301
-0.027,2.425
0.082,1.812
-0.061,2.599
-0.105,2.169
-0.212,1.841
-0.088,1.525
-0.209,-0.247
-0.244,0.941
-0.484,0.303
-0.517,0.882
-0.641,0.814
-0.561,2.342
-0.736,1.818
-0.889,-0.223
-0.986,1.41
-0.936,-0.008
-1.091,2.265
-1.033,-0.241
-1.232,-0.442
-1.335,1.979
-1.245,1.497
-1.451,1.911
-1.44,0.826
-1.599,2.012
-1.725,0.203
-1.718,1.48
-1.667,1.426
-1.669,0.0
-2.008,1.851
-1.921,-0.753
-2.102,1.126
-2.077,0.647
-2.3,2.293
-2.658,-1.321
2.94,-1.122
1.856,-1.226
1.876,-1.108
1.281,-1.144
1.057,-1.225
0.223,-1.271
-0.529,-1.391
-0.977,-1.135
-1.512,-1.197
1.553,2.667
0.599,2.959
-0.11,2.965
-1.547,2.694
-2.446,-0.15
-2.791,1.07
2.793,-0.151
2.018,0.473
1.796,-0.146
1.447,-0.12
-0.327,-0.175
-0.941,1.088
3.126,0.247
1.15,1.306
-0.784,0.499
-1.099,-0.387
-1.204,0.027
-1.644,-0.382
-1.842,-0.334
-1.91,0.434
2.835,0.388
1.839,2.077
-1.566,1.006
-3.014,-0.863
2.959,-0.914
2.447,-1.075
1.072,-1.119
0.483,-0.961
0.154,-1.025
-0.003,-1.105
-0.06,-1.032
-1.416,-1.094
-1.603,-1.095
2.955,-1.316
1.128,-1.489
0.672,-1.35
-0.029,-1.546
-0.008,-2.098
-0.109,0.07
-0.102,-1.828
-0.074,0.079
-0.145,-2.143
-0.137,-0.051
-0.192,-1.526
-0.219,-1.966
-0.175,0.637
-0.17,0.519
-0.196,-0.248
-0.195,-1.362
-0.297,-2.198
-0.234,0.003
-0.363,-2.174
-0.375,-1.042
-0.376,-2.175
-0.391,-0.142
-0.373,-1.342
-0.456,-0.714
-0.423,0.196
-0.423,-1.307
-0.492,0.456
-0.456,-1.589
-0.47,-1.117
-0.57,-2.428
-0.578,-0.514
-0.537,-1.424
-0.633,-0.671
-0.745,-1.149
-0.923,-1.04
-0.942,-1.284
-0.885,0.38
-0.914,-2.139
-0.913,-1.586
-0.992,0.151
-1.0,-0.264
-1.031,-0.014
-0.966,-1.342
-1.068,-1.83
-1.056,-1.308
-1.037,-1.34
-1.124,-1.926
-1.149,-2.485
-1.124,0.352
-1.26,-1.273
-1.35,-1.318
-1.361,-0.318
-1.438,-1.069
-1.454,-2.946
-1.45,-1.221
-1.548,-2.161
-1.554,-1.124
-1.816,-2.968
-1.757,-2.03
-1.84,-0.737
-1.842,-2.093
-1.819,-0.903
-1.811,-0.621
-1.938,-2.868
-1.903,-0.614
-1.967,-0.485
-2.012,-1.194
-2.17,0.362
-2.266,-1.956
-2.329,0.256
-2.314,-0.917
-2.337,0.608
-2.285,-0.48
-2.379,-1.807
-2.447,-3.411
-2.547,-3.33
-2.481,-3.311
-2.902,-3.256
-2.922,-3.341
2.781,-3.256
1.913,-3.233
0.088,-3.404
-0.302,-3.461
-0.95,-3.466
-1.093,-3.236
-1.26,-3.415
-1.566,-3.502
-1.685,-3.504
-1.738,-3.376
-2.13,-3.35
-2.248,-3.434
-2.762,0.801
2.775,0.888
2.673,0.836
2.454,0.896
0.835,0.812
0.203,0.829
-0.114,0.782
-0.114,0.779
-0.202,0.798
-0.932,0.689
-1.577,0.801
-1.813,0.591
-2.934,-1.879
2.695,-2.086
2.432,0.315
1.864,0.265
0.26,-2.913
2.387,-3.296
-2.485,-1.501
-2.474,-1.08
-2.508,-2.547
-2.506,0.625
-2.713,-0.629
-2.666,-2.044
-2.861,-1.526
-2.764,-1.472
-2.91,0.347
-2.802,-2.918
-2.955,0.61
-2.945,0.801
-2.976,-0.957
-2.878,-0.613
-3.033,0.138
-3.054,-2.565
-3.088,-2.4
3.135,-1.088
-3.086,-0.349
3.122,0.626
3.059,-0.038
3.021,0.669
2.796,-1.284
2.774,0.427
2.742,0.282
2.853,-2.277
2.683,0.306
2.813,-0.285
2.628,-2.603
2.717,-1.873
2.658,-2.942
2.567,-2.083
2.518,-1.455
2.498,-1.144
2.229,-0.266
2.347,-1.995
2.313,-0.769
2.287,-0.447
2.249,-0.268
2.204,0.326
2.193,-0.615
2.061,0.68
2.153,-1.389
1.801,0.403
1.777,0.291
1.866,-1.279
1.701,-2.451
1.699,-1.375
1.614,-0.278
1.733,0.462
1.568,-1.907
1.668,-2.259
1.523,0.334
1.555,-0.696
1.348,-0.781
1.316,-2.487
1.281,-2.479
1.058,-2.124
1.039,-1.562
0.867,-1.145
0.849,-0.282
0.799,-2.335
0.91,-0.355
0.761,-1.622
0.756,-2.031
0.729,-1.539
0.582,-1.088
0.518,-2.282
0.414,-1.611
0.367,-1.1
0.341,-1.927
0.329,-2.316
0.31,-1.829
0.186,-0.622
-0.011,0.449
-0.035,-0.812
-0.083,0.312
0.026,-0.301
-0.117,0.486
-0.161,0.056
-0.268,-0.272
-0.144,-0.588
-0.265,-2.36
-0.3,-1.172
-0.54,-1.81
-0.573,-1.231
-0.697,-1.299
-0.617,0.229
-0.792,-0.295
-0.945,-2.336
-1.042,-0.703
-0.992,-2.121
-1.147,0.152
-1.089,-2.354
-1.288,-2.555
-1.391,-0.134
-1.301,-0.616
-1.507,-0.202
-1.496,-1.287
-1.655,-0.101
-1.781,-1.91
-1.774,-0.633
-1.723,-0.687
-1.725,-2.113
-2.064,-0.262
-1.977,-2.866
-2.158,-0.987
-2.133,-1.466
-2.356,0.18
-2.714,-3.434
2.884,-3.235
1.8,-3.339
1.82,-3.221
1.225,-3.257
1.001,-3.338
0.167,-3.384
-0.585,-3.504
-1.033,-3.248
-1.568,-3.31
1.497,0.554
0.543,0.846
-0.166,0.852
-1.603,0.581
-2.502,-2.263
-2.847,-1.043
2.737,-2.264
1.962,-1.64
1.74,-2.259
1.391,-2.233
-0.383,-2.288
-0.997,-1.025
3.07,-1.866
1.094,-0.807
-0.84,-1.614
-1.155,-2.5
-1.26,-2.086
-1.7,-2.495
-1.898,-2.447
-1.966,-1.679
2.779,-1.725
1.783,-0.036
-1.622,-1.107
-3.07,-2.976
2.903,-3.027
2.391,-3.188
1.016,-3.232
0.427,-3.074
0.098,-3.138
-0.059,-3.218
-0.116,-3.145
-1.472,-3.207
-1.659,-3.208
2.899,-3.429
1.072,-3.602
0.616,-3.463
-0.085,-3.659
-0.101,2.168
-0.094,0.27
-0.066,2.177
-0.137,-0.045
-0.129,2.047
-0.184,0.572
-0.211,0.132
-0.167,2.735
-0.162,2.617
-0.188,1.85
-0.187,0.736
-0.289,-0.1
-0.226,2.101
-0.355,-0.076
-0.367,1.056
-0.368,-0.077
-0.383,1.956
-0.365,0.756
-0.448,1.384
-0.415,2.294
-0.415,0.791
-0.484,2.554
-0.448,0.509
-0.462,0.981
-0.562,-0.33
-0.57,1.584
-0.529,0.674
-0.625,1.427
-0.737,0.949
-0.915,1.058
-0.934,0.814
-0.877,2.478
-0.906,-0.041
-0.905,0.512
-0.984,2.249
-0.992,1.834
-1.023,2.084
-0.958,0.756
-1.06,0.268
-1.048,0.79
-1.029,0.758
-1.116,0.172
-1.141,-0.387
-1.116,2.45
-1.252,0.825
-1.342,0.78
-1.353,1.78
-1.43,1.029
-1.446,-0.848
-1.442,0.877
-1.54,-0.063
-1.546,0.974
-1.808,-0.87
-1.749,0.068
-1.832,1.361
-1.834,0.005
-1.811,1.195
-1.803,1.477
-1.93,-0.77
-1.895,1.484
-1.959,1.613
-2.004,0.904
-2.162,2.46
-2.258,0.142
-2.321,2.354
-2.306,1.181
-2.329,2.706
-2.277,1.618
-2.371,0.291
-2.439,-1.313
-2.539,-1.232
-2.473,-1.213
-2.894,-1.158
-2.914,-1.243
2.789,-1.158
1.921,-1.135
0.096,-1.306
-0.294,-1.363
-0.942,-1.368
-1.085,-1.138
-1.252,-1.317
-1.558,-1.404
-1.677,-1.406
-1.73,-1.278
-2.122,-1.252
-2.24,-1.336
-2.754,2.899
2.783,2.986
2.681,2.934
2.462,2.994
0.843,2.91
0.211,2.927
-0.106,2.88
-0.106,2.877
-0.194,2.896
-0.924,2.787
-1.569,2.899
-1.805,2.689
-2.926,0.219
2.703,0.012
2.44,2.413
1.872,2.363
0.268,-0.815
2.395,-1.198
-2.477,0.597
-2.466,1.018
-2.5,-0.449
-2.498,2.723
-2.705,1.469
-2.658,0.054
-2.853,0.572
-2.756,0.626
-2.902,2.445
-2.794,-0.82
-2.947,2.708
-2.937,2.899
-2.968,1.141
-2.87,1.485
-3.025,2.236
-3.046,-0.467
-3.08,-0.302
-3.14,1.01
-3.078,1.749
3.13,2.724
3.067,2.06
3.029,2.767
2.804,0.814
2.782,2.525
2.75,2.38
2.861,-0.179
2.691,2.404
2.821,1.813
2.636,-0.505
2.725,0.225
2.666,-0.844
2.575,0.015
2.526,0.643
2.506,0.954
2.237,1.832
2.355,0.103
2.321,1.329
2.295,1.651
2.257,1.83
2.212,2.424
2.201,1.483
2.069,2.778
2.161,0.709
1.809,2.501
1.785,2.389
1.874,0.819
1.709,-0.353
1.707,0.723
1.622,1.82
1.741,2.56
1.576,0.191
1.676,-0.161
1.531,2.432
1.563,1.402
1.356,1.317
1.324,-0.389
1.289,-0.381
1.066,-0.026
1.047,0.536
0.875,0.953
0.857,1.816
0.807,-0.237
0.918,1.743
0.769,0.476
0.764,0.067
0.737,0.559
0.59,1.01
0.526,-0.184
0.422,0.487
0.375,0.998
0.349,0.171
0.337,-0.218
0.318,0.269
0.194,1.476
-0.003,2.547
-0.027,1.286
-0.075,2.41
0.034,1.797
-0.109,2.584
-0.153,2.154
-0.26,1.826
-0.136,1.51
-0.257,-0.262
-0.292,0.926
-0.532,0.288
-0.565,0.867
-0.689,0.799
-0.609,2.327
-0.784,1.803
-0.937,-0.238
-1.034,1.395
-0.984,-0.023
-1.139,2.25
-1.081,-0.256
-1.28,-0.457
-1.383,1.964
-1.293,1.482
-1.499,1.896
-1.488,0.811
-1.647,1.997
-1.773,0.188
-1.766,1.465
-1.715,1.411
-1.717,-0.015
-2.056,1.836
-1.969,-0.768
-2.15,1.111
-2.125,0.632
-2.348,2.278
-2.706,-1.336
2.892,-1.137
1.808,-1.241
1.828,-1.123
1.233,-1.159
1.009,-1.24
0.175,-1.286
-0.577,-1.406
-1.025,-1.15
-1.56,-1.212
1.505,2.652
0.551,2.944
-0.158,2.95
-1.595,2.679
-2.494,-0.165
-2.839,1.055
2.745,-0.166
1.97,0.458
1.748,-0.161
1.399,-0.135
-0.375,-0.19
-0.989,1.073
3.078,0.232
1.102,1.291
-0.832,0.484
-1.147,-0.402
-1.252,0.012
-1.692,-0.397
-1.89,-0.349
-1.958,0.419
2.787,0.373
1.791,2.062
-1.614,0.991
-3.062,-0.878
2.911,-0.929
2.399,-1.09
1.024,-1.134
0.435,-0.976
0.106,-1.04
-0.051,-1.12
-0.108,-1.047
-1.464,-1.109
-1.651,-1.11
2.907,-1.331
1.08,-1.504
0.624,-1.365
-0.077,-1.561
0.007,-1.898
0.035,0.009
-0.036,-2.213
-0.028,-0.121
-0.083,-1.596
-0.11,-2.036
-0.066,0.567
-0.061,0.449
-0.087,-0.318
-0.086,-1.432
-0.188,-2.268
-0.125,-0.067
-0.254,-2.244
-0.266,-1.112
-0.267,-2.245
-0.282,-0.212
-0.264,-1.412
-0.347,-0.784
-0.314,0.126
-0.314,-1.377
-0.383,0.386
-0.347,-1.659
-0.361,-1.187
-0.461,-2.498
-0.469,-0.584
-0.428,-1.494
-0.524,-0.741
-0.636,-1.219
-0.814,-1.11
-0.833,-1.354
-0.776,0.31
-0.805,-2.209
-0.804,-1.656
-0.883,0.081
-0.891,-0.334
-0.922,-0.084
-0.857,-1.412
-0.959,-1.9
-0.947,-1.378
-0.928,-1.41
-1.015,-1.996
-1.04,-2.555
-1.015,0.282
-1.151,-1.343
-1.241,-1.388
-1.252,-0.388
-1.329,-1.139
-1.345,-3.016
-1.341,-1.291
-1.439,-2.231
-1.445,-1.194
-1.707,-3.038
-1.648,-2.1
-1.731,-0.807
-1.733,-2.163
-1.71,-0.973
-1.702,-0.691
-1.829,-2.938
-1.794,-0.684
-1.858,-0.555
-1.903,-1.264
-2.061,0.292
-2.157,-2.026
-2.22,0.186
-2.205,-0.987
-2.228,0.538
-2.176,-0.55
-2.27,-1.877
-2.338,-3.481
-2.438,-3.4
-2.372,-3.381
-2.793,-3.326
-2.813,-3.411
2.89,-3.326
2.022,-3.303
0.197,-3.474
-0.193,-3.531
-0.841,-3.536
-0.984,-3.306
-1.151,-3.485
-1.457,-3.572
-1.576,-3.574
-1.629,-3.446
-2.021,-3.42
-2.139,-3.504
-2.653,0.731
2.884,0.818
2.782,0.766
2.563,0.826
0.944,0.742
0.312,0.759
-0.005,0.712
-0.005,0.709
-0.093,0.728
-0.823,0.619
-1.468,0.731
-1.704,0.521
-2.825,-1.949
2.804,-2.156
2.541,0.245
1.973,0.195
0.369,-2.983
2.496,-3.366
-2.376,-1.571
-2.365,-1.15
-2.399,-2.617
-2.397,0.555
-2.604,-0.699
-2.557,-2.114
-2.752,-1.596
-2.655,-1.542
-2.801,0.277
-2.693,-2.988
-2.846,0.54
-2.836,0.731
-2.867,-1.027
-2.769,-0.683
-2.924,0.068
-2.945,-2.635
-2.979,-2.47
-3.039,-1.158
-2.977,-0.419
-3.052,0.556
-3.115,-0.108
3.13,0.599
2.905,-1.354
2.883,0.357
2.851,0.212
2.962,-2.347
2.792,0.236
2.922,-0.355
2.737,-2.673
2.826,-1.943
2.767,-3.012
2.676,-2.153
2.627,-1.525
2.607,-1.214
2.338,-0.336
2.456,-2.065
2.422,-0.839
2.396,-0.517
2.358,-0.338
2.313,0.256
2.302,-0.685
2.17,0.61
2.262,-1.459
1.91,0.333
1.886,0.221
1.975,-1.349
1.81,-2.521
1.808,-1.445
1.723,-0.348
1.842,0.392
1.677,-1.977
1.777,-2.329
1.632,0.264
1.664,-0.766
1.457,-0.851
1.425,-2.557
1.39,-2.549
1.167,-2.194
1.148,-1.632
0.976,-1.215
0.958,-0.352
0.908,-2.405
1.019,-0.425
0.87,-1.692
0.865,-2.101
0.838,-1.609
0.691,-1.158
0.627,-2.352
0.523,-1.681
0.476,-1.17
0.45,-1.997
0.438,-2.386
0.419,-1.899
0.295,-0.692
0.098,0.379
0.074,-0.882
0.026,0.242
0.135,-0.371
-0.008,0.416
-0.052,-0.014
-0.159,-0.342
-0.035,-0.658
-0.156,-2.43
-0.191,-1.242
-0.431,-1.88
-0.464,-1.301
-0.588,-1.369
-0.508,0.159
-0.683,-0.365
-0.836,-2.406
-0.933,-0.773
-0.883,-2.191
-1.038,0.082
-0.98,-2.424
-1.179,-2.625
-1.282,-0.204
-1.192,-0.686
-1.398,-0.272
-1.387,-1.357
-1.546,-0.171
-1.672,-1.98
-1.665,-0.703
-1.614,-0.757
-1.616,-2.183
-1.955,-0.332
-1.868,-2.936
-2.049,-1.057
-2.024,-1.536
-2.247,0.11
-2.605,-3.504
2.993,-3.305
1.909,-3.409
1.929,-3.291
1.334,-3.327
1.11,-3.408
0.276,-3.454
-0.476,-3.574
-0.924,-3.318
-1.459,-3.38
1.606,0.484
0.652,0.776
-0.057,0.782
-1.494,0.511
-2.393,-2.333
-2.738,-1.113
2.846,-2.334
2.071,-1.71
1.849,-2.329
1.5,-2.303
-0.274,-2.358
-0.888,-1.095
-3.104,-1.936
1.203,-0.877
-0.731,-1.684
-1.046,-2.57
-1.151,-2.156
-1.591,-2.565
-1.789,-2.517
-1.857,-1.749
2.888,-1.795
1.892,-0.106
-1.513,-1.177
-2.961,-3.046
3.012,-3.097
2.5,-3.258
1.125,-3.302
0.536,-3.144
0.207,-3.208
0.05,-3.288
-0.007,-3.215
-1.363,-3.277
-1.55,-3.278
3.008,-3.499
1.181,-3.672
0.725,-3.533
0.024,-3.729
0.028,1.907
-0.043,-0.315
-0.035,1.777
-0.09,0.302
-0.117,-0.138
-0.073,2.465
-0.068,2.347
-0.094,1.58
-0.093,0.466
-0.195,-0.37
-0.132,1.831
-0.261,-0.346
-0.273,0.786
-0.274,-0.347
-0.289,1.686
-0.271,0.486
-0.354,1.114
-0.321,2.024
-0.321,0.521
-0.39,2.284
-0.354,0.239
-0.368,0.711
-0.468,-0.6
-0.476,1.314
-0.435,0.404
-0.531,1.157
-0.643,0.679
-0.821,0.788
-0.84,0.544
-0.783,2.208
-0.812,-0.311
-0.811,0.242
-0.89,1.979
-0.898,1.564
-0.929,1.814
-0.864,0.486
-0.966,-0.002
-0.954,0.52
-0.935,0.488
-1.022,-0.098
-1.047,-0.657
-1.022,2.18
-1.158,0.555
-1.248,0.51
-1.259,1.51
-1.336,0.759
-1.352,-1.118
-1.348,0.607
-1.446,-0.333
-1.452,0.704
-1.714,-1.14
-1.655,-0.202
-1.738,1.091
-1.74,-0.265
-1.717,0.925
-1.709,1.207
-1.836,-1.04
-1.801,1.214
-1.865,1.343
-1.91,0.634
-2.068,2.19
-2.164,-0.128
-2.227,2.084
-2.212,0.911
-2.235,2.436
-2.183,1.348
-2.277,0.021
-2.345,-1.583
-2.445,-1.502
-2.379,-1.483
-2.8,-1.428
-2.82,-1.513
2.883,-1.428
2.015,-1.405
0.19,-1.576
-0.2,-1.633
-0.848,-1.638
-0.991,-1.408
-1.158,-1.587
-1.464,-1.674
-1.583,-1.676
-1.636,-1.548
-2.028,-1.522
-2.146,-1.606
-2.66,2.629
2.877,2.716
2.775,2.664
2.556,2.724
0.937,2.64
0.305,2.657
-0.012,2.61
-0.012,2.607
-0.1,2.626
-0.83,2.517
-1.475,2.629
-1.711,2.419
-2.832,-0.051
2.797,-0.258
2.534,2.143
1.966,2.093
0.362,-1.085
2.489,-1.468
-2.383,0.327
-2.372,0.748
-2.406,-0.719
-2.404,2.453
-2.611,1.199
-2.564,-0.216
-2.759,0.302
-2.662,0.356
-2.808,2.175
-2.7,-1.09
-2.853,2.438
-2.843,2.629
-2.874,0.871
-2.776,1.215
-2.931,1.966
-2.952,-0.737
-2.986,-0.572
-3.046,0.74
-2.984,1.479
-3.059,2.454
-3.122,1.79
3.123,2.497
2.898,0.544
2.876,2.255
2.844,2.11
2.955,-0.449
2.785,2.134
2.915,1.543
2.73,-0.775
2.819,-0.045
2.76,-1.114
2.669,-0.255
2.62,0.373
2.6,0.684
2.331,1.562
2.449,-0.167
2.415,1.059
2.389,1.381
2.351,1.56
2.306,2.154
2.295,1.213
2.163,2.508
2.255,0.439
1.903,2.231
1.879,2.119
1.968,0.549
1.803,-0.623
1.801,0.453
1.716,1.55
1.835,2.29
1.67,-0.079
1.77,-0.431
1.625,2.162
1.657,1.132
1.45,1.047
1.418,-0.659
1.383,-0.651
1.16,-0.296
1.141,0.266
0.969,0.683
0.951,1.546
0.901,-0.507
1.012,1.473
0.863,0.206
0.858,-0.203
0.831,0.289
0.684,0.74
0.62,-0.454
0.516,0.217
0.469,0.728
0.443,-0.099
0.431,-0.488
0.412,-0.001
0.288,1.206
0.091,2.277
0.067,1.016
0.019,2.14
0.128,1.527
-0.015,2.314
-0.059,1.884
-0.166,1.556
-0.042,1.24
-0.163,-0.532
-0.198,0.656
-0.438,0.018
-0.471,0.597
-0.595,0.529
-0.515,2.057
-0.69,1.533
-0.843,-0.508
-0.94,1.125
-0.89,-0.293
-1.045,1.98
-0.987,-0.526
-1.186,-0.727
-1.289,1.694
-1.199,1.212
-1.405,1.626
-1.394,0.541
-1.553,1.727
-1.679,-0.082
-1.672,1.195
-1.621,1.141
-1.623,-0.285
-1.962,1.566
-1.875,-1.038
-2.056,0.841
-2.031,0.362
-2.254,2.008
-2.612,-1.606
2.986,-1.407
1.902,-1.511
1.922,-1.393
1.327,-1.429
1.103,-1.51
0.269,-1.556
-0.483,-1.676
-0.931,-1.42
-1.466,-1.482
1.599,2.382
0.645,2.674
-0.064,2.68
-1.501,2.409
-2.4,-0.435
-2.745,0.785
2.839,-0.436
2.064,0.188
1.842,-0.431
1.493,-0.405
-0.281,-0.46
-0.895,0.803
-3.111,-0.038
1.196,1.021
-0.738,0.214
-1.053,-0.672
-1.158,-0.258
-1.598,-0.667
-1.796,-0.619
-1.864,0.149
2.881,0.103
1.885,1.792
-1.52,0.721
-2.968,-1.148
3.005,-1.199
2.493,-1.36
1.118,-1.404
0.529,-1.246
0.2,-1.31
0.043,-1.39
-0.014,-1.317
-1.37,-1.379
-1.557,-1.38
3.001,-1.601
1.174,-1.774
0.718,-1.635
0.017,-1.831
-0.071,-2.222
-0.063,-0.13
-0.118,-1.605
-0.145,-2.045
-0.101,0.558
-0.096,0.44
-0.122,-0.327
-0.121,-1.441
-0.223,-2.277
-0.16,-0.076
-0.289,-2.253
-0.301,-1.121
-0.302,-2.254
-0.317,-0.221
-0.299,-1.421
-0.382,-0.793
-0.349,0.117
-0.349,-1.386
-0.418,0.377
-0.382,-1.668
-0.396,-1.196
-0.496,-2.507
-0.504,-0.593
-0.463,-1.503
-0.559,-0.75
-0.671,-1.228
-0.849,-1.119
-0.868,-1.363
-0.811,0.301
-0.84,-2.218
-0.839,-1.665
-0.918,0.072
-0.926,-0.343
-0.957,-0.093
-0.892,-1.421
-0.994,-1.909
-0.982,-1.387
-0.963,-1.419
-1.05,-2.005
-1.075,-2.564
-1.05,0.273
-1.186,-1.352
-1.276,-1.397
-1.287,-0.397
-1.364,-1.148
-1.38,-3.025
-1.376,-1.3
-1.474,-2.24
-1.48,-1.203
-1.742,-3.047
-1.683,-2.109
-1.766,-0.816
-1.768,-2.172
-1.745,-0.982
-1.737,-0.7
-1.864,-2.947
-1.829,-0.693
-1.893,-0.564
-1.938,-1.273
-2.096,0.283
-2.192,-2.035
-2.255,0.177
-2.24,-0.996
-2.263,0.529
-2.211,-0.559
-2.305,-1.886
-2.373,-3.49
-2.473,-3.409
-2.407,-3.39
-2.828,-3.335
-2.848,-3.42
2.855,-3.335
1.987,-3.312
0.162,-3.483
-0.228,-3.54
-0.876,-3.545
-1.019,-3.315
-1.186,-3.494
-1.492,-3.581
-1.611,-3.583
-1.664,-3.455
-2.056,-3.429
-2.174,-3.513
-2.688,0.722
2.849,0.809
2.747,0.757
2.528,0.817
0.909,0.733
0.277,0.75
-0.04,0.703
-0.04,0.7
-0.128,0.719
-0.858,0.61
-1.503,0.722
-1.739,0.512
-2.86,-1.958
2.769,-2.165
2.506,0.236
1.938,0.186
0.334,-2.992
2.461,-3.375
-2.411,-1.58
-2.4,-1.159
-2.434,-2.626
-2.432,0.546
-2.639,-0.708
-2.592,-2.123
-2.787,-1.605
-2.69,-1.551
-2.836,0.268
-2.728,-2.997
-2.881,0.531
-2.871,0.722
-2.902,-1.036
-2.804,-0.692
-2.959,0.059
-2.98,-2.644
-3.014,-2.479
-3.074,-1.167
-3.012,-0.428
-3.087,0.547
3.133,-0.117
3.095,0.59
2.87,-1.363
2.848,0.348
2.816,0.203
2.927,-2.356
2.757,0.227
2.887,-0.364
2.702,-2.682
2.791,-1.952
2.732,-3.021
2.641,-2.162
2.592,-1.534
2.572,-1.223
2.303,-0.345
2.421,-2.074
2.387,-0.848
2.361,-0.526
2.323,-0.347
2.278,0.247
2.267,-0.694
2.135,0.601
2.227,-1.468
1.875,0.324
1.851,0.212
1.94,-1.358
1.775,-2.53
1.773,-1.454
1.688,-0.357
1.807,0.383
1.642,-1.986
1.742,-2.338
1.597,0.255
1.629,-0.775
1.422,-0.86
1.39,-2.566
1.355,-2.558
1.132,-2.203
1.113,-1.641
0.941,-1.224
0.923,-0.361
0.873,-2.414
0.984,-0.434
0.835,-1.701
0.83,-2.11
0.803,-1.618
0.656,-1.167
0.592,-2.361
0.488,-1.69
0.441,-1.179
0.415,-2.006
0.403,-2.395
0.384,-1.908
0.26,-0.701
0.063,0.37
0.039,-0.891
-0.009,0.233
0.1,-0.38
-0.043,0.407
-0.087,-0.023
-0.194,-0.351
-0.07,-0.667
-0.191,-2.439
-0.226,-1.251
-0.466,-1.889
-0.499,-1.31
-0.623,-1.378
-0.543,0.15
-0.718,-0.374
-0.871,-2.415
-0.968,-0.782
-0.918,-2.2
-1.073,0.073
-1.015,-2.433
-1.214,-2.634
-1.317,-0.213
-1.227,-0.695
-1.433,-0.281
-1.422,-1.366
-1.581,-0.18
-1.707,-1.989
-1.7,-0.712
-1.649,-0.766
-1.651,-2.192
-1.99,-0.341
-1.903,-2.945
-2.084,-1.066
-2.059,-1.545
-2.282,0.101
-2.64,-3.513
2.958,-3.314
1.874,-3.418
1.894,-3.3
1.299,-3.336
1.075,-3.417
0.241,-3.463
-0.511,-3.583
-0.959,-3.327
-1.494,-3.389
1.571,0.475
0.617,0.767
-0.092,0.773
-1.529,0.502
-2.428,-2.342
-2.773,-1.122
2.811,-2.343
2.036,-1.719
1.814,-2.338
1.465,-2.312
-0.309,-2.367
-0.923,-1.104
-3.139,-1.945
1.168,-0.886
-0.766,-1.693
-1.081,-2.579
-1.186,-2.165
-1.626,-2.574
-1.824,-2.526
-1.892,-1.758
2.853,-1.804
1.857,-0.115
-1.548,-1.186
-2.996,-3.055
2.977,-3.106
2.465,-3.267
1.09,-3.311
0.501,-3.153
0.172,-3.217
0.015,-3.297
-0.042,-3.224
-1.398,-3.286
-1.585,-3.287
2.973,-3.508
1.146,-3.681
0.69,-3.542
-0.011,-3.738
0.008,2.092
-0.047,0.617
-0.074,0.177
-0.03,2.78
-0.025,2.662
-0.051,1.895
-0.05,0.781
-0.152,-0.055
-0.089,2.146
-0.218,-0.031
-0.23,1.101
-0.231,-0.032
-0.246,2.001
-0.228,0.801
-0.311,1.429
-0.278,2.339
-0.278,0.836
-0.347,2.599
-0.311,0.554
-0.325,1.026
-0.425,-0.285
-0.433,1.629
-0.392,0.719
-0.488,1.472
-0.6,0.994
-0.778,1.103
-0.797,0.859
-0.74,2.523
-0.769,0.004
-0.768,0.557
-0.847,2.294
-0.855,1.879
-0.886,2.129
-0.821,0.801
-0.923,0.313
-0.911,0.835
-0.892,0.803
-0.979,0.217
-1.004,-0.342
-0.979,2.495
-1.115,0.87
-1.205,0.825
-1.216,1.825
-1.293,1.074
-1.309,-0.803
-1.305,0.922
-1.403,-0.018
-1.409,1.019
-1.671,-0.825
-1.612,0.113
-1.695,1.406
-1.697,0.05
-1.674,1.24
-1.666,1.522
-1.793,-0.725
-1.758,1.529
-1.822,1.658
-1.867,0.949
-2.025,2.505
-2.121,0.187
-2.184,2.399
-2.169,1.226
-2.192,2.751
-2.14,1.663
-2.234,0.336
-2.302,-1.268
-2.402,-1.187
-2.336,-1.168
-2.757,-1.113
-2.777,-1.198
2.926,-1.113
2.058,-1.09
0.233,-1.261
-0.157,-1.318
-0.805,-1.323
-0.948,-1.093
-1.115,-1.272
-1.421,-1.359
-1.54,-1.361
-1.593,-1.233
-1.985,-1.207
-2.103,-1.291
-2.617,2.944
2.92,3.031
2.818,2.979
2.599,3.039
0.98,2.955
0.348,2.972
0.031,2.925
0.031,2.922
-0.057,2.941
-0.787,2.832
-1.432,2.944
-1.668,2.734
-2.789,0.264
2.84,0.057
2.577,2.458
2.009,2.408
0.405,-0.77
2.532,-1.153
-2.34,0.642
-2.329,1.063
-2.363,-0.404
-2.361,2.768
-2.568,1.514
-2.521,0.099
-2.716,0.617
-2.619,0.671
-2.765,2.49
-2.657,-0.775
-2.81,2.753
-2.8,2.944
-2.831,1.186
-2.733,1.53
-2.888,2.281
-2.909,-0.422
-2.943,-0.257
-3.003,1.055
-2.941,1.794
-3.016,2.769
-3.079,2.105
-3.117,2.812
2.941,0.859
2.919,2.57
2.887,2.425
2.998,-0.134
2.828,2.449
2.958,1.858
2.773,-0.46
2.862,0.27
2.803,-0.799
2.712,0.06
2.663,0.688
2.643,0.999
2.374,1.877
2.492,0.148
2.458,1.374
2.432,1.696
2.394,1.875
2.349,2.469
2.338,1.528
2.206,2.823
2.298,0.754
1.946,2.546
1.922,2.434
2.011,0.864
1.846,-0.308
1.844,0.768
1.759,1.865
1.878,2.605
1.713,0.236
1.813,-0.116
1.668,2.477
1.7,1.447
1.493,1.362
1.461,-0.344
1.426,-0.336
1.203,0.019
1.184,0.581
1.012,0.998
0.994,1.861
0.944,-0.192
1.055,1.788
0.906,0.521
0.901,0.112
0.874,0.604
0.727,1.055
0.663,-0.139
0.559,0.532
0.512,1.043
0.486,0.216
0.474,-0.173
0.455,0.314
0.331,1.521
0.134,2.592
0.11,1.331
0.062,2.455
0.171,1.842
0.028,2.629
-0.016,2.199
-0.123,1.871
0.001,1.555
-0.12,-0.217
-0.155,0.971
-0.395,0.333
-0.428,0.912
-0.552,0.844
-0.472,2.372
-0.647,1.848
-0.8,-0.193
-0.897,1.44
-0.847,0.022
-1.002,2.295
-0.944,-0.211
-1.143,-0.412
-1.246,2.009
-1.156,1.527
-1.362,1.941
-1.351,0.856
-1.51,2.042
-1.636,0.233
-1.629,1.51
-1.578,1.456
-1.58,0.03
-1.919,1.881
-1.832,-0.723
-2.013,1.156
-1.988,0.677
-2.211,2.323
-2.569,-1.291
3.029,-1.092
1.945,-1.196
1.965,-1.078
1.37,-1.114
1.146,-1.195
0.312,-1.241
-0.44,-1.361
-0.888,-1.105
-1.423,-1.167
1.642,2.697
0.688,2.989
-0.021,2.995
-1.458,2.724
-2.357,-0.12
-2.702,1.1
2.882,-0.121
2.107,0.503
1.885,-0.116
1.536,-0.09
-0.238,-0.145
-0.852,1.118
-3.068,0.277
1.239,1.336
-0.695,0.529
-1.01,-0.357
-1.115,0.057
-1.555,-0.352
-1.753,-0.304
-1.821,0.464
2.924,0.418
1.928,2.107
-1.477,1.036
-2.925,-0.833
3.048,-0.884
2.536,-1.045
1.161,-1.089
0.572,-0.931
0.243,-0.995
0.086,-1.075
0.029,-1.002
-1.327,-1.064
-1.514,-1.065
3.044,-1.286
1.217,-1.459
0.761,-1.32
0.06,-1.516
-0.055,-1.475
-0.082,-1.915
-0.038,0.688
-0.033,0.57
-0.059,-0.197
-0.058,-1.311
-0.16,-2.147
-0.097,0.054
-0.226,-2.123
-0.238,-0.991
-0.239,-2.124
-0.254,-0.091
-0.236,-1.291
-0.319,-0.663
-0.286,0.247
-0.286,-1.256
-0.355,0.507
-0.319,-1.538
-0.333,-1.066
-0.433,-2.377
-0.441,-0.463
-0.4,-1.373
-0.496,-0.62
-0.608,-1.098
-0.786,-0.989
-0.805,-1.233
-0.748,0.431
-0.777,-2.088
-0.776,-1.535
-0.855,0.202
-0.863,-0.213
-0.894,0.037
-0.829,-1.291
-0.931,-1.779
-0.919,-1.257
-0.9,-1.289
-0.987,-1.875
-1.012,-2.434
-0.987,0.403
-1.123,-1.222
-1.213,-1.267
-1.224,-0.267
-1.301,-1.018
-1.317,-2.895
-1.313,-1.17
-1.411,-2.11
-1.417,-1.073
-1.679,-2.917
-1.62,-1.979
-1.703,-0.686
-1.705,-2.042
-1.682,-0.852
-1.674,-0.57
-1.801,-2.817
-1.766,-0.563
-1.83,-0.434
-1.875,-1.143
-2.033,0.413
-2.129,-1.905
-2.192,0.307
-2.177,-0.866
-2.2,0.659
-2.148,-0.429
-2.242,-1.756
-2.31,-3.36
-2.41,-3.279
-2.344,-3.26
-2.765,-3.205
-2.785,-3.29
2.918,-3.205
2.05,-3.182
0.225,-3.353
-0.165,-3.41
-0.813,-3.415
-0.956,-3.185
-1.123,-3.364
-1.429,-3.451
-1.548,-3.453
-1.601,-3.325
-1.993,-3.299
-2.111,-3.383
-2.625,0.852
2.912,0.939
2.81,0.887
2.591,0.947
0.972,0.863
0.34,0.88
0.023,0.833
0.023,0.83
-0.065,0.849
-0.795,0.74
-1.44,0.852
-1.676,0.642
-2.797,-1.828
2.832,-2.035
2.569,0.366
2.001,0.316
0.397,-2.862
2.524,-3.245
-2.348,-1.45
-2.337,-1.029
-2.371,-2.496
-2.369,0.676
-2.576,-0.578
-2.529,-1.993
-2.724,-1.475
-2.627,-1.421
-2.773,0.398
-2.665,-2.867
-2.818,0.661
-2.808,0.852
-2.839,-0.906
-2.741,-0.562
-2.896,0.189
-2.917,-2.514
-2.951,-2.349
-3.011,-1.037
-2.949,-0.298
-3.024,0.677
-3.087,0.013
-3.125,0.72
2.933,-1.233
2.911,0.478
2.879,0.333
2.99,-2.226
2.82,0.357
2.95,-0.234
2.765,-2.552
2.854,-1.822
2.795,-2.891
2.704,-2.032
2.655,-1.404
2.635,-1.093
2.366,-0.215
2.484,-1.944
2.45,-0.718
2.424,-0.396
2.386,-0.217
2.341,0.377
2.33,-0.564
2.198,0.731
2.29,-1.338
1.938,0.454
1.914,0.342
2.003,-1.228
1.838,-2.4
1.836,-1.324
1.751,-0.227
1.87,0.513
1.705,-1.856
1.805,-2.208
1.66,0.385
1.692,-0.645
1.485,-0.73
1.453,-2.436
1.418,-2.428
1.195,-2.073
1.176,-1.511
1.004,-1.094
0.986,-0.231
0.936,-2.284
1.047,-0.304
0.898,-1.571
0.893,-1.98
0.866,-1.488
0.719,-1.037
0.655,-2.231
0.551,-1.56
0.504,-1.049
0.478,-1.876
0.466,-2.265
0.447,-1.778
0.323,-0.571
0.126,0.5
0.102,-0.761
0.054,0.363
0.163,-0.25
0.02,0.537
-0.024,0.107
-0.131,-0.221
-0.007,-0.537
-0.128,-2.309
-0.163,-1.121
-0.403,-1.759
-0.436,-1.18
-0.56,-1.248
-0.48,0.28
-0.655,-0.244
-0.808,-2.285
-0.905,-0.652
-0.855,-2.07
-1.01,0.203
-0.952,-2.303
-1.151,-2.504
-1.254,-0.083
-1.164,-0.565
-1.37,-0.151
-1.359,-1.236
-1.518,-0.05
-1.644,-1.859
-1.637,-0.582
-1.586,-0.636
-1.588,-2.062
-1.927,-0.211
-1.84,-2.815
-2.021,-0.936
-1.996,-1.415
-2.219,0.231
-2.577,-3.383
3.021,-3.184
1.937,-3.288
1.957,-3.17
1.362,-3.206
1.138,-3.287
0.304,-3.333
-0.448,-3.453
-0.896,-3.197
-1.431,-3.259
1.634,0.605
0.68,0.897
-0.029,0.903
-1.466,0.632
-2.365,-2.212
-2.71,-0.992
2.874,-2.213
2.099,-1.589
1.877,-2.208
1.528,-2.182
-0.246,-2.237
-0.86,-0.974
-3.076,-1.815
1.231,-0.756
-0.703,-1.563
-1.018,-2.449
-1.123,-2.035
-1.563,-2.444
-1.761,-2.396
-1.829,-1.628
2.916,-1.674
1.92,0.015
-1.485,-1.056
-2.933,-2.925
3.04,-2.976
2.528,-3.137
1.153,-3.181
0.564,-3.023
0.235,-3.087
0.078,-3.167
0.021,-3.094
-1.335,-3.156
-1.522,-3.157
3.036,-3.378
1.209,-3.551
0.753,-3.412
0.052,-3.608
-0.027,-0.44
0.017,2.163
0.022,2.045
-0.004,1.278
-0.003,0.164
-0.105,-0.672
-0.042,1.529
-0.171,-0.648
-0.183,0.484
-0.184,-0.649
-0.199,1.384
-0.181,0.184
-0.264,0.812
-0.231,1.722
-0.231,0.219
-0.3,1.982
-0.264,-0.063
-0.278,0.409
-0.378,-0.902
-0.386,1.012
-0.345,0.102
-0.441,0.855
-0.553,0.377
-0.731,0.486
-0.75,0.242
-0.693,1.906
-0.722,-0.613
-0.721,-0.06
-0.8,1.677
-0.808,1.262
-0.839,1.512
-0.774,0.184
-0.876,-0.304
-0.864,0.218
-0.845,0.186
-0.932,-0.4
-0.957,-0.959
-0.932,1.878
-1.068,0.253
-1.158,0.208
-1.169,1.208
-1.246,0.457
-1.262,-1.42
-1.258,0.305
-1.356,-0.635
-1.362,0.402
-1.624,-1.442
-1.565,-0.504
-1.648,0.789
-1.65,-0.567
-1.627,0.623
-1.619,0.905
-1.746,-1.342
-1.711,0.912
-1.775,1.041
-1.82,0.332
-1.978,1.888
-2.074,-0.43
-2.137,1.782
-2.122,0.609
-2.145,2.134
-2.093,1.046
-2.187,-0.281
-2.255,-1.885
-2.355,-1.804
-2.289,-1.785
-2.71,-1.73
-2.73,-1.815
2.973,-1.73
2.105,-1.707
0.28,-1.878
-0.11,-1.935
-0.758,-1.94
-0.901,-1.71
-1.068,-1.889
-1.374,-1.976
-1.493,-1.978
-1.546,-1.85
-1.938,-1.824
-2.056,-1.908
-2.57,2.327
2.967,2.414
2.865,2.362
2.646,2.422
1.027,2.338
0.395,2.355
0.078,2.308
0.078,2.305
-0.01,2.324
-0.74,2.215
-1.385,2.327
-1.621,2.117
-2.742,-0.353
2.887,-0.56
2.624,1.841
2.056,1.791
0.452,-1.387
2.579,-1.77
-2.293,0.025
-2.282,0.446
-2.316,-1.021
-2.314,2.151
-2.521,0.897
-2.474,-0.518
-2.669,0.0
-2.572,0.054
-2.718,1.873
-2.61,-1.392
-2.763,2.136
-2.753,2.327
-2.784,0.569
-2.686,0.913
-2.841,1.664
-2.862,-1.039
-2.896,-0.874
-2.956,0.438
-2.894,1.177
-2.969,2.152
-3.032,1.488
-3.07,2.195
2.988,0.242
2.966,1.953
2.934,1.808
3.045,-0.751
2.875,1.832
3.005,1.241
2.82,-1.077
2.909,-0.347
2.85,-1.416
2.759,-0.557
2.71,0.071
2.69,0.382
2.421,1.26
2.539,-0.469
2.505,0.757
2.479,1.079
2.441,1.258
2.396,1.852
2.385,0.911
2.253,2.206
2.345,0.137
1.993,1.929
1.969,1.817
2.058,0.247
1.893,-0.925
1.891,0.151
1.806,1.248
1.925,1.988
1.76,-0.381
1.86,-0.733
1.715,1.86
1.747,0.83
1.54,0.745
1.508,-0.961
1.473,-0.953
1.25,-0.598
1.231,-0.036
1.059,0.381
1.041,1.244
0.991,-0.809
1.102,1.171
0.953,-0.096
0.948,-0.505
0.921,-0.013
0.774,0.438
0.71,-0.756
0.606,-0.085
0.559,0.426
0.533,-0.401
0.521,-0.79
0.502,-0.303
0.378,0.904
0.181,1.975
0.157,0.714
0.109,1.838
0.218,1.225
0.075,2.012
0.031,1.582
-0.076,1.254
0.048,0.938
-0.073,-0.834
-0.108,0.354
-0.348,-0.284
-0.381,0.295
-0.505,0.227
-0.425,1.755
-0.6,1.231
-0.753,-0.81
-0.85,0.823
-0.8,-0.595
-0.955,1.678
-0.897,-0.828
-1.096,-1.029
-1.199,1.392
-1.109,0.91
-1.315,1.324
-1.304,0.239
-1.463,1.425
-1.589,-0.384
-1.582,0.893
-1.531,0.839
-1.533,-0.587
-1.872,1.264
-1.785,-1.34
-1.966,0.539
-1.941,0.06
-2.164,1.706
-2.522,-1.908
3.076,-1.709
1.992,-1.813
2.012,-1.695
1.417,-1.731
1.193,-1.812
0.359,-1.858
-0.393,-1.978
-0.841,-1.722
-1.376,-1.784
1.689,2.08
0.735,2.372
0.026,2.378
-1.411,2.107
-2.31,-0.737
-2.655,0.483
2.929,-0.738
2.154,-0.114
1.932,-0.733
1.583,-0.707
-0.191,-0.762
-0.805,0.501
-3.021,-0.34
1.286,0.719
-0.648,-0.088
-0.963,-0.974
-1.068,-0.56
-1.508,-0.969
-1.706,-0.921
-1.774,-0.153
2.971,-0.199
1.975,1.49
-1.43,0.419
-2.878,-1.45
3.095,-1.501
2.583,-1.662
1.208,-1.706
0.619,-1.548
0.29,-1.612
0.133,-1.692
0.076,-1.619
-1.28,-1.681
-1.467,-1.682
3.091,-1.903
1.264,-2.076
0.808,-1.937
0.107,-2.133
0.044,2.603
0.049,2.485
0.023,1.718
0.024,0.604
-0.078,-0.232
-0.015,1.969
-0.144,-0.208
-0.156,0.924
-0.157,-0.209
-0.172,1.824
-0.154,0.624
-0.237,1.252
-0.204,2.162
-0.204,0.659
-0.273,2.422
-0.237,0.377
-0.251,0.849
-0.351,-0.462
-0.359,1.452
-0.318,0.542
-0.414,1.295
-0.526,0.817
-0.704,0.926
-0.723,0.682
-0.666,2.346
-0.695,-0.173
-0.694,0.38
-0.773,2.117
-0.781,1.702
-0.812,1.952
-0.747,0.624
-0.849,0.136
-0.837,0.658
-0.818,0.626
-0.905,0.04
-0.93,-0.519
-0.905,2.318
-1.041,0.693
-1.131,0.648
-1.142,1.648
-1.219,0.897
-1.235,-0.98
-1.231,0.745
-1.329,-0.195
-1.335,0.842
-1.597,-1.002
-1.538,-0.064
-1.621,1.229
-1.623,-0.127
-1.6,1.063
-1.592,1.345
-1.719,-0.902
-1.684,1.352
-1.748,1.481
-1.793,0.772
-1.951,2.328
-2.047,0.01
-2.11,2.222
-2.095,1.049
-2.118,2.574
-2.066,1.486
-2.16,0.159
-2.228,-1.445
-2.328,-1.364
-2.262,-1.345
-2.683,-1.29
-2.703,-1.375
3.0,-1.29
2.132,-1.267
0.307,-1.438
-0.083,-1.495
-0.731,-1.5
-0.874,-1.27
-1.041,-1.449
-1.347,-1.536
-1.466,-1.538
-1.519,-1.41
-1.911,-1.384
-2.029,-1.468
-2.543,2.767
2.994,2.854
2.892,2.802
2.673,2.862
1.054,2.778
0.422,2.795
0.105,2.748
0.105,2.745
0.017,2.764
-0.713,2.655
-1.358,2.767
-1.594,2.557
-2.715,0.087
2.914,-0.12
2.651,2.281
2.083,2.231
0.479,-0.947
2.606,-1.33
-2.266,0.465
-2.255,0.886
-2.289,-0.581
-2.287,2.591
-2.494,1.337
-2.447,-0.078
-2.642,0.44
-2.545,0.494
-2.691,2.313
-2.583,-0.952
-2.736,2.576
-2.726,2.767
-2.757,1.009
-2.659,1.353
-2.814,2.104
-2.835,-0.599
-2.869,-0.434
-2.929,0.878
-2.867,1.617
-2.942,2.592
-3.005,1.928
-3.043,2.635
3.015,0.682
2.993,2.393
2.961,2.248
3.072,-0.311
2.902,2.272
3.032,1.681
2.847,-0.637
2.936,0.093
2.877,-0.976
2.786,-0.117
2.737,0.511
2.717,0.822
2.448,1.7
2.566,-0.029
2.532,1.197
2.506,1.519
2.468,1.698
2.423,2.292
2.412,1.351
2.28,2.646
2.372,0.577
2.02,2.369
1.996,2.257
2.085,0.687
1.92,-0.485
1.918,0.591
1.833,1.688
1.952,2.428
1.787,0.059
1.887,-0.293
1.742,2.3
1.774,1.27
1.567,1.185
1.535,-0.521
1.5,-0.513
1.277,-0.158
1.258,0.404
1.086,0.821
1.068,1.684
1.018,-0.369
1.129,1.611
0.98,0.344
0.975,-0.065
0.948,0.427
0.801,0.878
0.737,-0.316
0.633,0.355
0.586,0.866
0.56,0.039
0.548,-0.35
0.529,0.137
0.405,1.344
0.208,2.415
0.184,1.154
0.136,2.278
0.245,1.665
0.102,2.452
0.058,2.022
-0.049,1.694
0.075,1.378
-0.046,-0.394
-0.081,0.794
-0.321,0.156
-0.354,0.735
-0.478,0.667
-0.398,2.195
-0.573,1.671
-0.726,-0.37
-0.823,1.263
-0.773,-0.155
-0.928,2.118
-0.87,-0.388
-1.069,-0.589
-1.172,1.832
-1.082,1.35
-1.288,1.764
-1.277,0.679
-1.436,1.865
-1.562,0.056
-1.555,1.333
-1.504,1.279
-1.506,-0.147
-1.845,1.704
-1.758,-0.9
-1.939,0.979
-1.914,0.5
-2.137,2.146
-2.495,-1.468
3.103,-1.269
2.019,-1.373
2.039,-1.255
1.444,-1.291
1.22,-1.372
0.386,-1.418
-0.366,-1.538
-0.814,-1.282
-1.349,-1.344
1.716,2.52
0.762,2.812
0.053,2.818
-1.384,2.547
-2.283,-0.297
-2.628,0.923
2.956,-0.298
2.181,0.326
1.959,-0.293
1.61,-0.267
-0.164,-0.322
-0.778,0.941
-2.994,0.1
1.313,1.159
-0.621,0.352
-0.936,-0.534
-1.041,-0.12
-1.481,-0.529
-1.679,-0.481
-1.747,0.287
2.998,0.241
2.002,1.93
-1.403,0.859
-2.851,-1.01
3.122,-1.061
2.61,-1.222
1.235,-1.266
0.646,-1.108
0.317,-1.172
0.16,-1.252
0.103,-1.179
-1.253,-1.241
-1.44,-1.242
3.118,-1.463
1.291,-1.636
0.835,-1.497
0.134,-1.693
0.005,-0.118
-0.021,-0.885
-0.02,-1.999
-0.122,-2.835
-0.059,-0.634
-0.188,-2.811
-0.2,-1.679
-0.201,-2.812
-0.216,-0.779
-0.198,-1.979
-0.281,-1.351
-0.248,-0.441
-0.248,-1.944
-0.317,-0.181
-0.281,-2.226
-0.295,-1.754
-0.395,-3.065
-0.403,-1.151
-0.362,-2.061
-0.458,-1.308
-0.57,-1.786
-0.748,-1.677
-0.767,-1.921
-0.71,-0.257
-0.739,-2.776
-0.738,-2.223
-0.817,-0.486
-0.825,-0.901
-0.856,-0.651
-0.791,-1.979
-0.893,-2.467
-0.881,-1.945
-0.862,-1.977
-0.949,-2.563
-0.974,-3.122
-0.949,-0.285
-1.085,-1.91
-1.175,-1.955
-1.186,-0.955
-1.263,-1.706
-1.279,-3.583
-1.275,-1.858
-1.373,-2.798
-1.379,-1.761
-1.641,-3.605
-1.582,-2.667
-1.665,-1.374
-1.667,-2.73
-1.644,-1.54
-1.636,-1.258
-1.763,-3.505
-1.728,-1.251
-1.792,-1.122
-1.837,-1.831
-1.995,-0.275
-2.091,-2.593
-2.154,-0.381
-2.139,-1.554
-2.162,-0.029
-2.11,-1.117
-2.204,-2.444
-2.272,-4.048
-2.372,-3.967
-2.306,-3.948
-2.727,-3.893
-2.747,-3.978
2.956,-3.893
2.088,-3.87
0.263,-4.041
-0.127,-4.098
-0.775,-4.103
-0.918,-3.873
-1.085,-4.052
-1.391,-4.139
-1.51,-4.141
-1.563,-4.013
-1.955,-3.987
-2.073,-4.071
-2.587,0.164
2.95,0.251
2.848,0.199
2.629,0.259
1.01,0.175
0.378,0.192
0.061,0.145
0.061,0.142
-0.027,0.161
-0.757,0.052
-1.402,0.164
-1.638,-0.046
-2.759,-2.516
2.87,-2.723
2.607,-0.322
2.039,-0.372
0.435,-3.55
2.562,-3.933
-2.31,-2.138
-2.299,-1.717
-2.333,-3.184
-2.331,-0.012
-2.538,-1.266
-2.491,-2.681
-2.686,-2.163
-2.589,-2.109
-2.735,-0.29
-2.627,-3.555
-2.78,-0.027
-2.77,0.164
-2.801,-1.594
-2.703,-1.25
-2.858,-0.499
-2.879,-3.202
-2.913,-3.037
-2.973,-1.725
-2.911,-0.986
-2.986,-0.011
-3.049,-0.675
-3.087,0.032
2.971,-1.921
2.949,-0.21
2.917,-0.355
3.028,-2.914
2.858,-0.331
2.988,-0.922
2.803,-3.24
2.892,-2.51
2.833,-3.579
2.742,-2.72
2.693,-2.092
2.673,-1.781
2.404,-0.903
2.522,-2.632
2.488,-1.406
2.462,-1.084
2.424,-0.905
2.379,-0.311
2.368,-1.252
2.236,0.043
2.328,-2.026
1.976,-0.234
1.952,-0.346
2.041,-1.916
1.876,-3.088
1.874,-2.012
1.789,-0.915
1.908,-0.175
1.743,-2.544
1.843,-2.896
1.698,-0.303
1.73,-1.333
1.523,-1.418
1.491,-3.124
1.456,-3.116
1.233,-2.761
1.214,-2.199
1.042,-1.782
1.024,-0.919
0.974,-2.972
1.085,-0.992
0.936,-2.259
0.931,-2.668
0.904,-2.176
0.757,-1.725
0.693,-2.919
0.589,-2.248
0.542,-1.737
0.516,-2.564
0.504,-2.953
0.485,-2.466
0.361,-1.259
0.164,-0.188
0.14,-1.449
0.092,-0.325
0.201,-0.938
0.058,-0.151
0.014,-0.581
-0.093,-0.909
0.031,-1.225
-0.09,-2.997
-0.125,-1.809
-0.365,-2.447
-0.398,-1.868
-0.522,-1.936
-0.442,-0.408
-0.617,-0.932
-0.77,-2.973
-0.867,-1.34
-0.817,-2.758
-0.972,-0.485
-0.914,-2.991
-1.113,-3.192
-1.216,-0.771
-1.126,-1.253
-1.332,-0.839
-1.321,-1.924
-1.48,-0.738
-1.606,-2.547
-1.599,-1.27
-1.548,-1.324
-1.55,-2.75
-1.889,-0.899
-1.802,-3.503
-1.983,-1.624
-1.958,-2.103
-2.181,-0.457
-2.539,-4.071
3.059,-3.872
1.975,-3.976
1.995,-3.858
1.4,-3.894
1.176,-3.975
0.342,-4.021
-0.41,-4.141
-0.858,-3.885
-1.393,-3.947
1.672,-0.083
0.718,0.209
0.009,0.215
-1.428,-0.056
-2.327,-2.9
-2.672,-1.68
2.912,-2.901
2.137,-2.277
1.915,-2.896
1.566,-2.87
-0.208,-2.925
-0.822,-1.662
-3.038,-2.503
1.269,-1.444
-0.665,-2.251
-0.98,-3.137
-1.085,-2.723
-1.525,-3.132
-1.723,-3.084
-1.791,-2.316
2.954,-2.362
1.958,-0.673
-1.447,-1.744
-2.895,-3.613
3.078,-3.664
2.566,-3.825
1.191,-3.869
0.602,-3.711
0.273,-3.775
0.116,-3.855
0.059,-3.782
-1.297,-3.844
-1.484,-3.845
3.074,-4.066
1.247,-4.239
0.791,-4.1
0.09,-4.296
-0.026,-0.767
-0.025,-1.881
-0.127,-2.717
-0.064,-0.516
-0.193,-2.693
-0.205,-1.561
-0.206,-2.694
-0.221,-0.661
-0.203,-1.861
-0.286,-1.233
-0.253,-0.323
-0.253,-1.826
-0.322,-0.063
-0.286,-2.108
-0.3,-1.636
-0.4,-2.947
-0.408,-1.033
-0.367,-1.943
-0.463,-1.19
-0.575,-1.668
-0.753,-1.559
-0.772,-1.803
-0.715,-0.139
-0.744,-2.658
-0.743,-2.105
-0.822,-0.368
-0.83,-0.783
-0.861,-0.533
-0.796,-1.861
-0.898,-2.349
-0.886,-1.827
-0.867,-1.859
-0.954,-2.445
-0.979,-3.004
-0.954,-0.167
-1.09,-1.792
-1.18,-1.837
-1.191,-0.837
-1.268,-1.588
-1.284,-3.465
-1.28,-1.74
-1.378,-2.68
-1.384,-1.643
-1.646,-3.487
-1.587,-2.549
-1.67,-1.256
-1.672,-2.612
-1.649,-1.422
-1.641,-1.14
-1.768,-3.387
-1.733,-1.133
-1.797,-1.004
-1.842,-1.713
-2.0,-0.157
-2.096,-2.475
-2.159,-0.263
-2.144,-1.436
-2.167,0.089
-2.115,-0.999
-2.209,-2.326
-2.277,-3.93
-2.377,-3.849
-2.311,-3.83
-2.732,-3.775
-2.752,-3.86
2.951,-3.775
2.083,-3.752
0.258,-3.923
-0.132,-3.98
-0.78,-3.985
-0.923,-3.755
-1.09,-3.934
-1.396,-4.021
-1.515,-4.023
-1.568,-3.895
-1.96,-3.869
-2.078,-3.953
-2.592,0.282
2.945,0.369
2.843,0.317
2.624,0.377
1.005,0.293
0.373,0.31
0.056,0.263
0.056,0.26
-0.032,0.279
-0.762,0.17
-1.407,0.282
-1.643,0.072
-2.764,-2.398
2.865,-2.605
2.602,-0.204
2.034,-0.254
0.43,-3.432
2.557,-3.815
-2.315,-2.02
-2.304,-1.599
-2.338,-3.066
-2.336,0.106
-2.543,-1.148
-2.496,-2.563
-2.691,-2.045
-2.594,-1.991
-2.74,-0.172
-2.632,-3.437
-2.785,0.091
-2.775,0.282
-2.806,-1.476
-2.708,-1.132
-2.863,-0.381
-2.884,-3.084
-2.918,-2.919
-2.978,-1.607
-2.916,-0.868
-2.991,0.107
-3.054,-0.557
-3.092,0.15
2.966,-1.803
2.944,-0.092
2.912,-0.237
3.023,-2.796
2.853,-0.213
2.983,-0.804
2.798,-3.122
2.887,-2.392
2.828,-3.461
2.737,-2.602
2.688,-1.974
2.668,-1.663
2.399,-0.785
2.517,-2.514
2.483,-1.288
2.457,-0.966
2.419,-0.787
2.374,-0.193
2.363,-1.134
2.231,0.161
2.323,-1.908
1.971,-0.116
1.947,-0.228
2.036,-1.798
1.871,-2.97
1.869,-1.894
1.784,-0.797
1.903,-0.057
1.738,-2.426
1.838,-2.778
1.693,-0.185
1.725,-1.215
1.518,-1.3
1.486,-3.006
1.451,-2.998
1.228,-2.643
1.209,-2.081
1.037,-1.664
1.019,-0.801
0.969,-2.854
1.08,-0.874
0.931,-2.141
0.926,-2.55
0.899,-2.058
0.752,-1.607
0.688,-2.801
0.584,-2.13
0.537,-1.619
0.511,-2.446
0.499,-2.835
0.48,-2.348
0.356,-1.141
0.159,-0.07
0.135,-1.331
0.087,-0.207
0.196,-0.82
0.053,-0.033
0.009,-0.463
-0.098,-0.791
0.026,-1.107
-0.095,-2.879
-0.13,-1.691
-0.37,-2.329
-0.403,-1.75
-0.527,-1.818
-0.447,-0.29
-0.622,-0.814
-0.775,-2.855
-0.872,-1.222
-0.822,-2.64
-0.977,-0.367
-0.919,-2.873
-1.118,-3.074
-1.221,-0.653
-1.131,-1.135
-1.337,-0.721
-1.326,-1.806
-1.485,-0.62
-1.611,-2.429
-1.604,-1.152
-1.553,-1.206
-1.555,-2.632
-1.894,-0.781
-1.807,-3.385
-1.988,-1.506
-1.963,-1.985
-2.186,-0.339
-2.544,-3.953
3.054,-3.754
1.97,-3.858
1.99,-3.74
1.395,-3.776
1.171,-3.857
0.337,-3.903
-0.415,-4.023
-0.863,-3.767
-1.398,-3.829
1.667,0.035
0.713,0.327
0.004,0.333
-1.433,0.062
-2.332,-2.782
-2.677,-1.562
2.907,-2.783
2.132,-2.159
1.91,-2.778
1.561,-2.752
-0.213,-2.807
-0.827,-1.544
-3.043,-2.385
1.264,-1.326
-0.67,-2.133
-0.985,-3.019
-1.09,-2.605
-1.53,-3.014
-1.728,-2.966
-1.796,-2.198
2.949,-2.244
1.953,-0.555
-1.452,-1.626
-2.9,-3.495
3.073,-3.546
2.561,-3.707
1.186,-3.751
0.597,-3.593
0.268,-3.657
0.111,-3.737
0.054,-3.664
-1.302,-3.726
-1.489,-3.727
3.069,-3.948
1.242,-4.121
0.786,-3.982
0.085,-4.178
0.001,-1.114
-0.101,-1.95
-0.038,0.251
-0.167,-1.926
-0.179,-0.794
-0.18,-1.927
-0.195,0.106
-0.177,-1.094
-0.26,-0.466
-0.227,0.444
-0.227,-1.059
-0.296,0.704
-0.26,-1.341
-0.274,-0.869
-0.374,-2.18
-0.382,-0.266
-0.341,-1.176
-0.437,-0.423
-0.549,-0.901
-0.727,-0.792
-0.746,-1.036
-0.689,0.628
-0.718,-1.891
-0.717,-1.338
-0.796,0.399
-0.804,-0.016
-0.835,0.234
-0.77,-1.094
-0.872,-1.582
-0.86,-1.06
-0.841,-1.092
-0.928,-1.678
-0.953,-2.237
-0.928,0.6
-1.064,-1.025
-1.154,-1.07
-1.165,-0.07
-1.242,-0.821
-1.258,-2.698
-1.254,-0.973
-1.352,-1.913
-1.358,-0.876
-1.62,-2.72
-1.561,-1.782
-1.644,-0.489
-1.646,-1.845
-1.623,-0.655
-1.615,-0.373
-1.742,-2.62
-1.707,-0.366
-1.771,-0.237
-1.816,-0.946
-1.974,0.61
-2.07,-1.708
-2.133,0.504
-2.118,-0.669
-2.141,0.856
-2.089,-0.232
-2.183,-1.559
-2.251,-3.163
-2.351,-3.082
-2.285,-3.063
-2.706,-3.008
-2.726,-3.093
2.977,-3.008
2.109,-2.985
0.284,-3.156
-0.106,-3.213
-0.754,-3.218
-0.897,-2.988
-1.064,-3.167
-1.37,-3.254
-1.489,-3.256
-1.542,-3.128
-1.934,-3.102
-2.052,-3.186
-2.566,1.049
2.971,1.136
2.869,1.084
2.65,1.144
1.031,1.06
0.399,1.077
0.082,1.03
0.082,1.027
-0.006,1.046
-0.736,0.937
-1.381,1.049
-1.617,0.839
-2.738,-1.631
2.891,-1.838
2.628,0.563
2.06,0.513
0.456,-2.665
2.583,-3.048
-2.289,-1.253
-2.278,-0.832
-2.312,-2.299
-2.31,0.873
-2.517,-0.381
-2.47,-1.796
-2.665,-1.278
-2.568,-1.224
-2.714,0.595
-2.606,-2.67
-2.759,0.858
-2.749,1.049
-2.78,-0.709
-2.682,-0.365
-2.837,0.386
-2.858,-2.317
-2.892,-2.152
-2.952,-0.84
-2.89,-0.101
-2.965,0.874
-3.028,0.21
-3.066,0.917
2.992,-1.036
2.97,0.675
2.938,0.53
3.049,-2.029
2.879,0.554
3.009,-0.037
2.824,-2.355
2.913,-1.625
2.854,-2.694
2.763,-1.835
2.714,-1.207
2.694,-0.896
2.425,-0.018
2.543,-1.747
2.509,-0.521
2.483,-0.199
2.445,-0.02
2.4,0.574
2.389,-0.367
2.257,0.928
2.349,-1.141
1.997,0.651
1.973,0.539
2.062,-1.031
1.897,-2.203
1.895,-1.127
1.81,-0.03
1.929,0.71
1.764,-1.659
1.864,-2.011
1.719,0.582
1.751,-0.448
1.544,-0.533
1.512,-2.239
1.477,-2.231
1.254,-1.876
1.235,-1.314
1.063,-0.897
1.045,-0.034
0.995,-2.087
1.106,-0.107
0.957,-1.374
0.952,-1.783
0.925,-1.291
0.778,-0.84
0.714,-2.034
0.61,-1.363
0.563,-0.852
0.537,-1.679
0.525,-2.068
0.506,-1.581
0.382,-0.374
0.185,0.697
0.161,-0.564
0.113,0.56
0.222,-0.053
0.079,0.734
0.035,0.304
-0.072,-0.024
0.052,-0.34
-0.069,-2.112
-0.104,-0.924
-0.344,-1.562
-0.377,-0.983
-0.501,-1.051
-0.421,0.477
-0.596,-0.047
-0.749,-2.088
-0.846,-0.455
-0.796,-1.873
-0.951,0.4
-0.893,-2.106
-1.092,-2.307
-1.195,0.114
-1.105,-0.368
-1.311,0.046
-1.3,-1.039
-1.459,0.147
-1.585,-1.662
-1.578,-0.385
-1.527,-0.439
-1.529,-1.865
-1.868,-0.014
-1.781,-2.618
-1.962,-0.739
-1.937,-1.218
-2.16,0.428
-2.518,-3.186
3.08,-2.987
1.996,-3.091
2.016,-2.973
1.421,-3.009
1.197,-3.09
0.363,-3.136
-0.389,-3.256
-0.837,-3.0
-1.372,-3.062
1.693,0.802
0.739,1.094
0.03,1.1
-1.407,0.829
-2.306,-2.015
-2.651,-0.795
2.933,-2.016
2.158,-1.392
1.936,-2.011
1.587,-1.985
-0.187,-2.04
-0.801,-0.777
-3.017,-1.618
1.29,-0.559
-0.644,-1.366
-0.959,-2.252
-1.064,-1.838
-1.504,-2.247
-1.702,-2.199
-1.77,-1.431
2.975,-1.477
1.979,0.212
-1.426,-0.859
-2.874,-2.728
3.099,-2.779
2.587,-2.94
1.212,-2.984
0.623,-2.826
0.294,-2.89
0.137,-2.97
0.08,-2.897
-1.276,-2.959
-1.463,-2.96
3.095,-3.181
1.268,-3.354
0.812,-3.215
0.111,-3.411
-0.102,-0.836
-0.039,1.365
-0.168,-0.812
-0.18,0.32
-0.181,-0.813
-0.196,1.22
-0.178,0.02
-0.261,0.648
-0.228,1.558
-0.228,0.055
-0.297,1.818
-0.261,-0.227
-0.275,0.245
-0.375,-1.066
-0.383,0.848
-0.342,-0.062
-0.438,0.691
-0.55,0.213
-0.728,0.322
-0.747,0.078
-0.69,1.742
-0.719,-0.777
-0.718,-0.224
-0.797,1.513
-0.805,1.098
-0.836,1.348
-0.771,0.02
-0.873,-0.468
-0.861,0.054
-0.842,0.022
-0.929,-0.564
-0.954,-1.123
-0.929,1.714
-1.065,0.089
-1.155,0.044
-1.166,1.044
-1.243,0.293
-1.259,-1.584
-1.255,0.141
-1.353,-0.799
-1.359,0.238
-1.621,-1.606
-1.562,-0.668
-1.645,0.625
-1.647,-0.731
-1.624,0.459
-1.616,0.741
-1.743,-1.506
-1.708,0.748
-1.772,0.877
-1.817,0.168
-1.975,1.724
-2.071,-0.594
-2.134,1.618
-2.119,0.445
-2.142,1.97
-2.09,0.882
-2.184,-0.445
-2.252,-2.049
-2.352,-1.968
-2.286,-1.949
-2.707,-1.894
-2.727,-1.979
2.976,-1.894
2.108,-1.871
0.283,-2.042
-0.107,-2.099
-0.755,-2.104
-0.898,-1.874
-1.065,-2.053
-1.371,-2.14
-1.49,-2.142
-1.543,-2.014
-1.935,-1.988
-2.053,-2.072
-2.567,2.163
2.97,2.25
2.868,2.198
2.649,2.258
1.03,2.174
0.398,2.191
0.081,2.144
0.081,2.141
-0.007,2.16
-0.737,2.051
-1.382,2.163
-1.618,1.953
-2.739,-0.517
2.89,-0.724
2.627,1.677
2.059,1.627
0.455,-1.551
2.582,-1.934
-2.29,-0.139
-2.279,0.282
-2.313,-1.185
-2.311,1.987
-2.518,0.733
-2.471,-0.682
-2.666,-0.164
-2.569,-0.11
-2.715,1.709
-2.607,-1.556
-2.76,1.972
-2.75,2.163
-2.781,0.405
-2.683,0.749
-2.838,1.5
-2.859,-1.203
-2.893,-1.038
-2.953,0.274
-2.891,1.013
-2.966,1.988
-3.029,1.324
-3.067,2.031
2.991,0.078
2.969,1.789
2.937,1.644
3.048,-0.915
2.878,1.668
3.008,1.077
2.823,-1.241
2.912,-0.511
2.853,-1.58
2.762,-0.721
2.713,-0.093
2.693,0.218
2.424,1.096
2.542,-0.633
2.508,0.593
2.482,0.915
2.444,1.094
2.399,1.688
2.388,0.747
2.256,2.042
2.348,-0.027
1.996,1.765
1.972,1.653
2.061,0.083
1.896,-1.089
1.894,-0.013
1.809,1.084
1.928,1.824
1.763,-0.545
1.863,-0.897
1.718,1.696
1.75,0.666
1.543,0.581
1.511,-1.125
1.476,-1.117
1.253,-0.762
1.234,-0.2
1.062,0.217
1.044,1.08
0.994,-0.973
1.105,1.007
0.956,-0.26
0.951,-0.669
0.924,-0.177
0.777,0.274
0.713,-0.92
0.609,-0.249
0.562,0.262
0.536,-0.565
0.524,-0.954
0.505,-0.467
0.381,0.74
0.184,1.811
0.16,0.55
0.112,1.674
0.221,1.061
0.078,1.848
0.034,1.418
-0.073,1.09
0.051,0.774
-0.07,-0.998
-0.105,0.19
-0.345,-0.448
-0.378,0.131
-0.502,0.063
-0.422,1.591
-0.597,1.067
-0.75,-0.974
-0.847,0.659
-0.797,-0.759
-0.952,1.514
-0.894,-0.992
-1.093,-1.193
-1.196,1.228
-1.106,0.746
-1.312,1.16
-1.301,0.075
-1.46,1.261
-1.586,-0.548
-1.579,0.729
-1.528,0.675
-1.53,-0.751
-1.869,1.1
-1.782,-1.504
-1.963,0.375
-1.938,-0.104
-2.161,1.542
-2.519,-2.072
3.079,-1.873
1.995,-1.977
2.015,-1.859
1.42,-1.895
1.196,-1.976
0.362,-2.022
-0.39,-2.142
-0.838,-1.886
-1.373,-1.948
1.692,1.916
0.738,2.208
0.029,2.214
-1.408,1.943
-2.307,-0.901
-2.652,0.319
2.932,-0.902
2.157,-0.278
1.935,-0.897
1.586,-0.871
-0.188,-0.926
-0.802,0.337
-3.018,-0.504
1.289,0.555
-0.645,-0.252
-0.96,-1.138
-1.065,-0.724
-1.505,-1.133
-1.703,-1.085
-1.771,-0.317
2.974,-0.363
1.978,1.326
-1.427,0.255
-2.875,-1.614
3.098,-1.665
2.586,-1.826
1.211,-1.87
0.622,-1.712
0.293,-1.776
0.136,-1.856
0.079,-1.783
-1.277,-1.845
-1.464,-1.846
3.094,-2.067
1.267,-2.24
0.811,-2.101
0.11,-2.297
0.063,2.201
-0.066,0.024
-0.078,1.156
-0.079,0.023
-0.094,2.056
-0.076,0.856
-0.159,1.484
-0.126,2.394
-0.126,0.891
-0.195,2.654
-0.159,0.609
-0.173,1.081
-0.273,-0.23
-0.281,1.684
-0.24,0.774
-0.336,1.527
-0.448,1.049
-0.626,1.158
-0.645,0.914
-0.588,2.578
-0.617,0.059
-0.616,0.612
-0.695,2.349
-0.703,1.934
-0.734,2.184
-0.669,0.856
-0.771,0.368
-0.759,0.89
-0.74,0.858
-0.827,0.272
-0.852,-0.287
-0.827,2.55
-0.963,0.925
-1.053,0.88
-1.064,1.88
-1.141,1.129
-1.157,-0.748
-1.153,0.977
-1.251,0.037
-1.257,1.074
-1.519,-0.77
-1.46,0.168
-1.543,1.461
-1.545,0.105
-1.522,1.295
-1.514,1.577
-1.641,-0.67
-1.606,1.584
-1.67,1.713
-1.715,1.004
-1.873,2.56
-1.969,0.242
-2.032,2.454
-2.017,1.281
-2.04,2.806
-1.988,1.718
-2.082,0.391
-2.15,-1.213
-2.25,-1.132
-2.184,-1.113
-2.605,-1.058
-2.625,-1.143
3.078,-1.058
2.21,-1.035
0.385,-1.206
-0.005,-1.263
-0.653,-1.268
-0.796,-1.038
-0.963,-1.217
-1.269,-1.304
-1.388,-1.306
-1.441,-1.178
-1.833,-1.152
-1.951,-1.236
-2.465,2.999
3.072,3.086
2.97,3.034
2.751,3.094
1.132,3.01
0.5,3.027
0.183,2.98
0.183,2.977
0.095,2.996
-0.635,2.887
-1.28,2.999
-1.516,2.789
-2.637,0.319
2.992,0.112
2.729,2.513
2.161,2.463
0.557,-0.715
2.684,-1.098
-2.188,0.697
-2.177,1.118
-2.211,-0.349
-2.209,2.823
-2.416,1.569
-2.369,0.154
-2.564,0.672
-2.467,0.726
-2.613,2.545
-2.505,-0.72
-2.658,2.808
-2.648,2.999
-2.679,1.241
-2.581,1.585
-2.736,2.336
-2.757,-0.367
-2.791,-0.202
-2.851,1.11
-2.789,1.849
-2.864,2.824
-2.927,2.16
-2.965,2.867
3.093,0.914
3.071,2.625
3.039,2.48
-3.133,-0.079
2.98,2.504
3.11,1.913
2.925,-0.405
3.014,0.325
2.955,-0.744
2.864,0.115
2.815,0.743
2.795,1.054
2.526,1.932
2.644,0.203
2.61,1.429
2.584,1.751
2.546,1.93
2.501,2.524
2.49,1.583
2.358,2.878
2.45,0.809
2.098,2.601
2.074,2.489
2.163,0.919
1.998,-0.253
1.996,0.823
1.911,1.92
2.03,2.66
1.865,0.291
1.965,-0.061
1.82,2.532
1.852,1.502
1.645,1.417
1.613,-0.289
1.578,-0.281
1.355,0.074
1.336,0.636
1.164,1.053
1.146,1.916
1.096,-0.137
1.207,1.843
1.058,0.576
1.053,0.167
1.026,0.659
0.879,1.11
0.815,-0.084
0.711,0.587
0.664,1.098
0.638,0.271
0.626,-0.118
0.607,0.369
0.483,1.576
0.286,2.647
0.262,1.386
0.214,2.51
0.323,1.897
0.18,2.684
0.136,2.254
0.029,1.926
0.153,1.61
0.032,-0.162
-0.003,1.026
-0.243,0.388
-0.276,0.967
-0.4,0.899
-0.32,2.427
-0.495,1.903
-0.648,-0.138
-0.745,1.495
-0.695,0.077
-0.85,2.35
-0.792,-0.156
-0.991,-0.357
-1.094,2.064
-1.004,1.582
-1.21,1.996
-1.199,0.911
-1.358,2.097
-1.484,0.288
-1.477,1.565
-1.426,1.511
-1.428,0.085
-1.767,1.936
-1.68,-0.668
-1.861,1.211
-1.836,0.732
-2.059,2.378
-2.417,-1.236
-3.102,-1.037
2.097,-1.141
2.117,-1.023
1.522,-1.059
1.298,-1.14
0.464,-1.186
-0.288,-1.306
-0.736,-1.05
-1.271,-1.112
1.794,2.752
0.84,3.044
0.131,3.05
-1.306,2.779
-2.205,-0.065
-2.55,1.155
3.034,-0.066
2.259,0.558
2.037,-0.061
1.688,-0.035
-0.086,-0.09
-0.7,1.173
-2.916,0.332
1.391,1.391
-0.543,0.584
-0.858,-0.302
-0.963,0.112
-1.403,-0.297
-1.601,-0.249
-1.669,0.519
3.076,0.473
2.08,2.162
-1.325,1.091
-2.773,-0.778
-3.083,-0.829
2.688,-0.99
1.313,-1.034
0.724,-0.876
0.395,-0.94
0.238,-1.02
0.181,-0.947
-1.175,-1.009
-1.362,-1.01
-3.087,-1.231
1.369,-1.404
0.913,-1.265
0.212,-1.461
-0.129,-2.177
-0.141,-1.045
-0.142,-2.178
-0.157,-0.145
-0.139,-1.345
-0.222,-0.717
-0.189,0.193
-0.189,-1.31
-0.258,0.453
-0.222,-1.592
-0.236,-1.12
-0.336,-2.431
-0.344,-0.517
-0.303,-1.427
-0.399,-0.674
-0.511,-1.152
-0.689,-1.043
-0.708,-1.287
-0.651,0.377
-0.68,-2.142
-0.679,-1.589
-0.758,0.148
-0.766,-0.267
-0.797,-0.017
-0.732,-1.345
-0.834,-1.833
-0.822,-1.311
-0.803,-1.343
-0.89,-1.929
-0.915,-2.488
-0.89,0.349
-1.026,-1.276
-1.116,-1.321
-1.127,-0.321
-1.204,-1.072
-1.22,-2.949
-1.216,-1.224
-1.314,-2.164
-1.32,-1.127
-1.582,-2.971
-1.523,-2.033
-1.606,-0.74
-1.608,-2.096
-1.585,-0.906
-1.577,-0.624
-1.704,-2.871
-1.669,-0.617
-1.733,-0.488
-1.778,-1.197
-1.936,0.359
-2.032,-1.959
-2.095,0.253
-2.08,-0.92
-2.103,0.605
-2.051,-0.483
-2.145,-1.81
-2.213,-3.414
-2.313,-3.333
-2.247,-3.314
-2.668,-3.259
-2.688,-3.344
3.015,-3.259
2.147,-3.236
0.322,-3.407
-0.068,-3.464
-0.716,-3.469
-0.859,-3.239
-1.026,-3.418
-1.332,-3.505
-1.451,-3.507
-1.504,-3.379
-1.896,-3.353
-2.014,-3.437
-2.528,0.798
3.009,0.885
2.907,0.833
2.688,0.893
1.069,0.809
0.437,0.826
0.12,0.779
0.12,0.776
0.032,0.795
-0.698,0.686
-1.343,0.798
-1.579,0.588
-2.7,-1.882
2.929,-2.089
2.666,0.312
2.098,0.262
0.494,-2.916
2.621,-3.299
-2.251,-1.504
-2.24,-1.083
-2.274,-2.55
-2.272,0.622
-2.479,-0.632
-2.432,-2.047
-2.627,-1.529
-2.53,-1.475
-2.676,0.344
-2.568,-2.921
-2.721,0.607
-2.711,0.798
-2.742,-0.96
-2.644,-0.616
-2.799,0.135
-2.82,-2.568
-2.854,-2.403
-2.914,-1.091
-2.852,-0.352
-2.927,0.623
-2.99,-0.041
-3.028,0.666
3.03,-1.287
3.008,0.424
2.976,0.279
3.087,-2.28
2.917,0.303
3.047,-0.288
2.862,-2.606
2.951,-1.876
2.892,-2.945
2.801,-2.086
2.752,-1.458
2.732,-1.147
2.463,-0.269
2.581,-1.998
2.547,-0.772
2.521,-0.45
2.483,-0.271
2.438,0.323
2.427,-0.618
2.295,0.677
2.387,-1.392
2.035,0.4
2.011,0.288
2.1,-1.282
1.935,-2.454
1.933,-1.378
1.848,-0.281
1.967,0.459
1.802,-1.91
1.902,-2.262
1.757,0.331
1.789,-0.699
1.582,-0.784
1.55,-2.49
1.515,-2.482
1.292,-2.127
1.273,-1.565
1.101,-1.148
1.083,-0.285
1.033,-2.338
1.144,-0.358
0.995,-1.625
0.99,-2.034
0.963,-1.542
0.816,-1.091
0.752,-2.285
0.648,-1.614
0.601,-1.103
0.575,-1.93
0.563,-2.319
0.544,-1.832
0.42,-0.625
0.223,0.446
0.199,-0.815
0.151,0.309
0.26,-0.304
0.117,0.483
0.073,0.053
-0.034,-0.275
0.09,-0.591
-0.031,-2.363
-0.066,-1.175
-0.306,-1.813
-0.339,-1.234
-0.463,-1.302
-0.383,0.226
-0.558,-0.298
-0.711,-2.339
-0.808,-0.706
-0.758,-2.124
-0.913,0.149
-0.855,-2.357
-1.054,-2.558
-1.157,-0.137
-1.067,-0.619
-1.273,-0.205
-1.262,-1.29
-1.421,-0.104
-1.547,-1.913
-1.54,-0.636
-1.489,-0.69
-1.491,-2.116
-1.83,-0.265
-1.743,-2.869
-1.924,-0.99
-1.899,-1.469
-2.122,0.177
-2.48,-3.437
3.118,-3.238
2.034,-3.342
2.054,-3.224
1.459,-3.26
1.235,-3.341
0.401,-3.387
-0.351,-3.507
-0.799,-3.251
-1.334,-3.313
1.731,0.551
0.777,0.843
0.068,0.849
-1.369,0.578
-2.268,-2.266
-2.613,-1.046
2.971,-2.267
2.196,-1.643
1.974,-2.262
1.625,-2.236
-0.149,-2.291
-0.763,-1.028
-2.979,-1.869
1.328,-0.81
-0.606,-1.617
-0.921,-2.503
-1.026,-2.089
-1.466,-2.498
-1.664,-2.45
-1.732,-1.682
3.013,-1.728
2.017,-0.039
-1.388,-1.11
-2.836,-2.979
3.137,-3.03
2.625,-3.191
1.25,-3.235
0.661,-3.077
0.332,-3.141
0.175,-3.221
0.118,-3.148
-1.238,-3.21
-1.425,-3.211
3.133,-3.432
1.306,-3.605
0.85,-3.466
0.149,-3.662
-0.012,1.132
-0.013,-0.001
-0.028,2.032
-0.01,0.832
-0.093,1.46
-0.06,2.37
-0.06,0.867
-0.129,2.63
-0.093,0.585
-0.107,1.057
-0.207,-0.254
-0.215,1.66
-0.174,0.75
-0.27,1.503
-0.382,1.025
-0.56,1.134
-0.579,0.89
-0.522,2.554
-0.551,0.035
-0.55,0.588
-0.629,2.325
-0.637,1.91
-0.668,2.16
-0.603,0.832
-0.705,0.344
-0.693,0.866
-0.674,0.834
-0.761,0.248
-0.786,-0.311
-0.761,2.526
-0.897,0.901
-0.987,0.856
-0.998,1.856
-1.075,1.105
-1.091,-0.772
-1.087,0.953
-1.185,0.013
-1.191,1.05
-1.453,-0.794
-1.394,0.144
-1.477,1.437
-1.479,0.081
-1.456,1.271
-1.448,1.553
-1.575,-0.694
-1.54,1.56
-1.604,1.689
-1.649,0.98
-1.807,2.536
-1.903,0.218
-1.966,2.43
-1.951,1.257
-1.974,2.782
-1.922,1.694
-2.016,0.367
-2.084,-1.237
-2.184,-1.156
-2.118,-1.137
-2.539,-1.082
-2.559,-1.167
-3.139,-1.082
2.276,-1.059
0.451,-1.23
0.061,-1.287
-0.587,-1.292
-0.73,-1.062
-0.897,-1.241
-1.203,-1.328
-1.322,-1.33
-1.375,-1.202
-1.767,-1.176
-1.885,-1.26
-2.399,2.975
3.138,3.062
3.036,3.01
2.817,3.07
1.198,2.986
0.566,3.003
0.249,2.956
0.249,2.953
0.161,2.972
-0.569,2.863
-1.214,2.975
-1.45,2.765
-2.571,0.295
3.058,0.088
2.795,2.489
2.227,2.439
0.623,-0.739
2.75,-1.122
-2.122,0.673
-2.111,1.094
-2.145,-0.373
-2.143,2.799
-2.35,1.545
-2.303,0.13
-2.498,0.648
-2.401,0.702
-2.547,2.521
-2.439,-0.744
-2.592,2.784
-2.582,2.975
-2.613,1.217
-2.515,1.561
-2.67,2.312
-2.691,-0.391
-2.725,-0.226
-2.785,1.086
-2.723,1.825
-2.798,2.8
-2.861,2.136
-2.899,2.843
-3.124,0.89
3.137,2.601
3.105,2.456
-3.067,-0.103
3.046,2.48
-3.107,1.889
2.991,-0.429
3.08,0.301
3.021,-0.768
2.93,0.091
2.881,0.719
2.861,1.03
2.592,1.908
2.71,0.179
2.676,1.405
2.65,1.727
2.612,1.906
2.567,2.5
2.556,1.559
2.424,2.854
2.516,0.785
2.164,2.577
2.14,2.465
2.229,0.895
2.064,-0.277
2.062,0.799
1.977,1.896
2.096,2.636
1.931,0.267
2.031,-0.085
1.886,2.508
1.918,1.478
1.711,1.393
1.679,-0.313
1.644,-0.305
1.421,0.05
1.402,0.612
1.23,1.029
1.212,1.892
1.162,-0.161
1.273,1.819
1.124,0.552
1.119,0.143
1.092,0.635
0.945,1.086
0.881,-0.108
0.777,0.563
0.73,1.074
0.704,0.247
0.692,-0.142
0.673,0.345
0.549,1.552
0.352,2.623
0.328,1.362
0.28,2.486
0.389,1.873
0.246,2.66
0.202,2.23
0.095,1.902
0.219,1.586
0.098,-0.186
0.063,1.002
-0.177,0.364
-0.21,0.943
-0.334,0.875
-0.254,2.403
-0.429,1.879
-0.582,-0.162
-0.679,1.471
-0.629,0.053
-0.784,2.326
-0.726,-0.18
-0.925,-0.381
-1.028,2.04
-0.938,1.558
-1.144,1.972
-1.133,0.887
-1.292,2.073
-1.418,0.264
-1.411,1.541
-1.36,1.487
-1.362,0.061
-1.701,1.912
-1.614,-0.692
-1.795,1.187
-1.77,0.708
-1.993,2.354
-2.351,-1.26
-3.036,-1.061
2.163,-1.165
2.183,-1.047
1.588,-1.083
1.364,-1.164
0.53,-1.21
-0.222,-1.33
-0.67,-1.074
-1.205,-1.136
1.86,2.728
0.906,3.02
0.197,3.026
-1.24,2.755
-2.139,-0.089
-2.484,1.131
3.1,-0.09
2.325,0.534
2.103,-0.085
1.754,-0.059
-0.02,-0.114
-0.634,1.149
-2.85,0.308
1.457,1.367
-0.477,0.56
-0.792,-0.326
-0.897,0.088
-1.337,-0.321
-1.535,-0.273
-1.603,0.495
-3.141,0.449
2.146,2.138
-1.259,1.067
-2.707,-0.802
-3.017,-0.853
2.754,-1.014
1.379,-1.058
0.79,-0.9
0.461,-0.964
0.304,-1.044
0.247,-0.971
-1.109,-1.033
-1.296,-1.034
-3.021,-1.255
1.435,-1.428
0.979,-1.289
0.278,-1.485
-0.001,-1.133
-0.016,0.9
0.002,-0.3
-0.081,0.328
-0.048,1.238
-0.048,-0.265
-0.117,1.498
-0.081,-0.547
-0.095,-0.075
-0.195,-1.386
-0.203,0.528
-0.162,-0.382
-0.258,0.371
-0.37,-0.107
-0.548,0.002
-0.567,-0.242
-0.51,1.422
-0.539,-1.097
-0.538,-0.544
-0.617,1.193
-0.625,0.778
-0.656,1.028
-0.591,-0.3
-0.693,-0.788
-0.681,-0.266
-0.662,-0.298
-0.749,-0.884
-0.774,-1.443
-0.749,1.394
-0.885,-0.231
-0.975,-0.276
-0.986,0.724
-1.063,-0.027
-1.079,-1.904
-1.075,-0.179
-1.173,-1.119
-1.179,-0.082
-1.441,-1.926
-1.382,-0.988
-1.465,0.305
-1.467,-1.051
-1.444,0.139
-1.436,0.421
-1.563,-1.826
-1.528,0.428
-1.592,0.557
-1.637,-0.152
-1.795,1.404
-1.891,-0.914
-1.954,1.298
-1.939,0.125
-1.962,1.65
-1.91,0.562
-2.004,-0.765
-2.072,-2.369
-2.172,-2.288
-2.106,-2.269
-2.527,-2.214
-2.547,-2.299
-3.127,-2.214
2.288,-2.191
0.463,-2.362
0.073,-2.419
-0.575,-2.424
-0.718,-2.194
-0.885,-2.373
-1.191,-2.46
-1.31,-2.462
-1.363,-2.334
-1.755,-2.308
-1.873,-2.392
-2.387,1.843
-3.133,1.93
3.048,1.878
2.829,1.938
1.21,1.854
0.578,1.871
0.261,1.824
0.261,1.821
0.173,1.84
-0.557,1.731
-1.202,1.843
-1.438,1.633
-2.559,-0.837
3.07,-1.044
2.807,1.357
2.239,1.307
0.635,-1.871
2.762,-2.254
-2.11,-0.459
-2.099,-0.038
-2.133,-1.505
-2.131,1.667
-2.338,0.413
-2.291,-1.002
-2.486,-0.484
-2.389,-0.43
-2.535,1.389
-2.427,-1.876
-2.58,1.652
-2.57,1.843
-2.601,0.085
-2.503,0.429
-2.658,1.18
-2.679,-1.523
-2.713,-1.358
-2.773,-0.046
-2.711,0.693
-2.786,1.668
-2.849,1.004
-2.887,1.711
-3.112,-0.242
-3.134,1.469
3.117,1.324
-3.055,-1.235
3.058,1.348
-3.095,0.757
3.003,-1.561
3.092,-0.831
3.033,-1.9
2.942,-1.041
2.893,-0.413
2.873,-0.102
2.604,0.776
2.722,-0.953
2.688,0.273
2.662,0.595
2.624,0.774
2.579,1.368
2.568,0.427
2.436,1.722
2.528,-0.347
2.176,1.445
2.152,1.333
2.241,-0.237
2.076,-1.409
2.074,-0.333
1.989,0.764
2.108,1.504
1.943,-0.865
2.043,-1.217
1.898,1.376
1.93,0.346
1.723,0.261
1.691,-1.445
1.656,-1.437
1.433,-1.082
1.414,-0.52
1.242,-0.103
1.224,0.76
1.174,-1.293
1.285,0.687
1.136,-0.58
1.131,-0.989
1.104,-0.497
0.957,-0.046
0.893,-1.24
0.789,-0.569
0.742,-0.058
0.716,-0.885
0.704,-1.274
0.685,-0.787
0.561,0.42
0.364,1.491
0.34,0.23
0.292,1.354
0.401,0.741
0.258,1.528
0.214,1.098
0.107,0.77
0.231,0.454
0.11,-1.318
0.075,-0.13
-0.165,-0.768
-0.198,-0.189
-0.322,-0.257
-0.242,1.271
-0.417,0.747
-0.57,-1.294
-0.667,0.339
-0.617,-1.079
-0.772,1.194
-0.714,-1.312
-0.913,-1.513
-1.016,0.908
-0.926,0.426
-1.132,0.84
-1.121,-0.245
-1.28,0.941
-1.406,-0.868
-1.399,0.409
-1.348,0.355
-1.35,-1.071
-1.689,0.78
-1.602,-1.824
-1.783,0.055
-1.758,-0.424
-1.981,1.222
-2.339,-2.392
-3.024,-2.193
2.175,-2.297
2.195,-2.179
1.6,-2.215
1.376,-2.296
0.542,-2.342
-0.21,-2.462
-0.658,-2.206
-1.193,-2.268
1.872,1.596
0.918,1.888
0.209,1.894
-1.228,1.623
-2.127,-1.221
-2.472,-0.001
3.112,-1.222
2.337,-0.598
2.115,-1.217
1.766,-1.191
-0.008,-1.246
-0.622,0.017
-2.838,-0.824
1.469,0.235
-0.465,-0.572
-0.78,-1.458
-0.885,-1.044
-1.325,-1.453
-1.523,-1.405
-1.591,-0.637
-3.129,-0.683
2.158,1.006
-1.247,-0.065
-2.695,-1.934
-3.005,-1.985
2.766,-2.146
1.391,-2.19
0.802,-2.032
0.473,-2.096
0.316,-2.176
0.259,-2.103
-1.097,-2.165
-1.284,-2.166
-3.009,-2.387
1.447,-2.56
0.991,-2.421
0.29,-2.617
-0.015,2.033
0.003,0.833
-0.08,1.461
-0.047,2.371
-0.047,0.868
-0.116,2.631
-0.08,0.586
-0.094,1.058
-0.194,-0.253
-0.202,1.661
-0.161,0.751
-0.257,1.504
-0.369,1.026
-0.547,1.135
-0.566,0.891
-0.509,2.555
-0.538,0.036
-0.537,0.589
-0.616,2.326
-0.624,1.911
-0.655,2.161
-0.59,0.833
-0.692,0.345
-0.68,0.867
-0.661,0.835
-0.748,0.249
-0.773,-0.31
-0.748,2.527
-0.884,0.902
-0.974,0.857
-0.985,1.857
-1.062,1.106
-1.078,-0.771
-1.074,0.954
-1.172,0.014
-1.178,1.051
-1.44,-0.793
-1.381,0.145
-1.464,1.438
-1.466,0.082
-1.443,1.272
-1.435,1.554
-1.562,-0.693
-1.527,1.561
-1.591,1.69
-1.636,0.981
-1.794,2.537
-1.89,0.219
-1.953,2.431
-1.938,1.258
-1.961,2.783
-1.909,1.695
-2.003,0.368
-2.071,-1.236
-2.171,-1.155
-2.105,-1.136
-2.526,-1.081
-2.546,-1.166
-3.126,-1.081
2.289,-1.058
0.464,-1.229
0.074,-1.286
-0.574,-1.291
-0.717,-1.061
-0.884,-1.24
-1.19,-1.327
-1.309,-1.329
-1.362,-1.201
-1.754,-1.175
-1.872,-1.259
-2.386,2.976
-3.132,3.063
3.049,3.011
2.83,3.071
1.211,2.987
0.579,3.004
0.262,2.957
0.262,2.954
0.174,2.973
-0.556,2.864
-1.201,2.976
-1.437,2.766
-2.558,0.296
3.071,0.089
2.808,2.49
2.24,2.44
0.636,-0.738
2.763,-1.121
-2.109,0.674
-2.098,1.095
-2.132,-0.372
-2.13,2.8
-2.337,1.546
-2.29,0.131
-2.485,0.649
-2.388,0.703
-2.534,2.522
-2.426,-0.743
-2.579,2.785
-2.569,2.976
-2.6,1.218
-2.502,1.562
-2.657,2.313
-2.678,-0.39
-2.712,-0.225
-2.772,1.087
-2.71,1.826
-2.785,2.801
-2.848,2.137
-2.886,2.844
-3.111,0.891
-3.133,2.602
3.118,2.457
-3.054,-0.102
3.059,2.481
-3.094,1.89
3.004,-0.428
3.093,0.302
3.034,-0.767
2.943,0.092
2.894,0.72
2.874,1.031
2.605,1.909
2.723,0.18
2.689,1.406
2.663,1.728
2.625,1.907
2.58,2.501
2.569,1.56
2.437,2.855
2.529,0.786
2.177,2.578
2.153,2.466
2.242,0.896
2.077,-0.276
2.075,0.8
1.99,1.897
2.109,2.637
1.944,0.268
2.044,-0.084
1.899,2.509
1.931,1.479
1.724,1.394
1.692,-0.312
1.657,-0.304
1.434,0.051
1.415,0.613
1.243,1.03
1.225,1.893
1.175,-0.16
1.286,1.82
1.137,0.553
1.132,0.144
1.105,0.636
0.958,1.087
0.894,-0.107
0.79,0.564
0.743,1.075
0.717,0.248
0.705,-0.141
0.686,0.346
0.562,1.553
0.365,2.624
0.341,1.363
0.293,2.487
0.402,1.874
0.259,2.661
0.215,2.231
0.108,1.903
0.232,1.587
0.111,-0.185
0.076,1.003
-0.164,0.365
-0.197,0.944
-0.321,0.876
-0.241,2.404
-0.416,1.88
-0.569,-0.161
-0.666,1.472
-0.616,0.054
-0.771,2.327
-0.713,-0.179
-0.912,-0.38
-1.015,2.041
-0.925,1.559
-1.131,1.973
-1.12,0.888
-1.279,2.074
-1.405,0.265
-1.398,1.542
-1.347,1.488
-1.349,0.062
-1.688,1.913
-1.601,-0.691
-1.782,1.188
-1.757,0.709
-1.98,2.355
-2.338,-1.259
-3.023,-1.06
2.176,-1.164
2.196,-1.046
1.601,-1.082
1.377,-1.163
0.543,-1.209
-0.209,-1.329
-0.657,-1.073
-1.192,-1.135
1.873,2.729
0.919,3.021
0.21,3.027
-1.227,2.756
-2.126,-0.088
-2.471,1.132
3.113,-0.089
2.338,0.535
2.116,-0.084
1.767,-0.058
-0.007,-0.113
-0.621,1.15
-2.837,0.309
1.47,1.368
-0.464,0.561
-0.779,-0.325
-0.884,0.089
-1.324,-0.32
-1.522,-0.272
-1.59,0.496
-3.128,0.45
2.159,2.139
-1.246,1.068
-2.694,-0.801
-3.004,-0.852
2.767,-1.013
1.392,-1.057
0.803,-0.899
0.474,-0.963
0.317,-1.043
0.26,-0.97
-1.096,-1.032
-1.283,-1.033
-3.008,-1.254
1.448,-1.427
0.992,-1.288
0.291,-1.484
0.018,-1.2
-0.065,-0.572
-0.032,0.338
-0.032,-1.165
-0.101,0.598
-0.065,-1.447
-0.079,-0.975
-0.179,-2.286
-0.187,-0.372
-0.146,-1.282
-0.242,-0.529
-0.354,-1.007
-0.532,-0.898
-0.551,-1.142
-0.494,0.522
-0.523,-1.997
-0.522,-1.444
-0.601,0.293
-0.609,-0.122
-0.64,0.128
-0.575,-1.2
-0.677,-1.688
-0.665,-1.166
-0.646,-1.198
-0.733,-1.784
-0.758,-2.343
-0.733,0.494
-0.869,-1.131
-0.959,-1.176
-0.97,-0.176
-1.047,-0.927
-1.063,-2.804
-1.059,-1.079
-1.157,-2.019
-1.163,-0.982
-1.425,-2.826
-1.366,-1.888
-1.449,-0.595
-1.451,-1.951
-1.428,-0.761
-1.42,-0.479
-1.547,-2.726
-1.512,-0.472
-1.576,-0.343
-1.621,-1.052
-1.779,0.504
-1.875,-1.814
-1.938,0.398
-1.923,-0.775
-1.946,0.75
-1.894,-0.338
-1.988,-1.665
-2.056,-3.269
-2.156,-3.188
-2.09,-3.169
-2.511,-3.114
-2.531,-3.199
-3.111,-3.114
2.304,-3.091
0.479,-3.262
0.089,-3.319
-0.559,-3.324
-0.702,-3.094
-0.869,-3.273
-1.175,-3.36
-1.294,-3.362
-1.347,-3.234
-1.739,-3.208
-1.857,-3.292
-2.371,0.943
-3.117,1.03
3.064,0.978
2.845,1.038
1.226,0.954
0.594,0.971
0.277,0.924
0.277,0.921
0.189,0.94
-0.541,0.831
-1.186,0.943
-1.422,0.733
-2.543,-1.737
3.086,-1.944
2.823,0.457
2.255,0.407
0.651,-2.771
2.778,-3.154
-2.094,-1.359
-2.083,-0.938
-2.117,-2.405
-2.115,0.767
-2.322,-0.487
-2.275,-1.902
-2.47,-1.384
-2.373,-1.33
-2.519,0.489
-2.411,-2.776
-2.564,0.752
-2.554,0.943
-2.585,-0.815
-2.487,-0.471
-2.642,0.28
-2.663,-2.423
-2.697,-2.258
-2.757,-0.946
-2.695,-0.207
-2.77,0.768
-2.833,0.104
-2.871,0.811
-3.096,-1.142
-3.118,0.569
3.133,0.424
-3.039,-2.135
3.074,0.448
-3.079,-0.143
3.019,-2.461
3.108,-1.731
3.049,-2.8
2.958,-1.941
2.909,-1.313
2.889,-1.002
2.62,-0.124
2.738,-1.853
2.704,-0.627
2.678,-0.305
2.64,-0.126
2.595,0.468
2.584,-0.473
2.452,0.822
2.544,-1.247
2.192,0.545
2.168,0.433
2.257,-1.137
2.092,-2.309
2.09,-1.233
2.005,-0.136
2.124,0.604
1.959,-1.765
2.059,-2.117
1.914,0.476
1.946,-0.554
1.739,-0.639
1.707,-2.345
1.672,-2.337
1.449,-1.982
1.43,-1.42
1.258,-1.003
1.24,-0.14
1.19,-2.193
1.301,-0.213
1.152,-1.48
1.147,-1.889
1.12,-1.397
0.973,-0.946
0.909,-2.14
0.805,-1.469
0.758,-0.958
0.732,-1.785
0.72,-2.174
0.701,-1.687
0.577,-0.48
0.38,0.591
0.356,-0.67
0.308,0.454
0.417,-0.159
0.274,0.628
0.23,0.198
0.123,-0.13
0.247,-0.446
0.126,-2.218
0.091,-1.03
-0.149,-1.668
-0.182,-1.089
-0.306,-1.157
-0.226,0.371
-0.401,-0.153
-0.554,-2.194
-0.651,-0.561
-0.601,-1.979
-0.756,0.294
-0.698,-2.212
-0.897,-2.413
-1.0,0.008
-0.91,-0.474
-1.116,-0.06
-1.105,-1.145
-1.264,0.041
-1.39,-1.768
-1.383,-0.491
-1.332,-0.545
-1.334,-1.971
-1.673,-0.12
-1.586,-2.724
-1.767,-0.845
-1.742,-1.324
-1.965,0.322
-2.323,-3.292
-3.008,-3.093
2.191,-3.197
2.211,-3.079
1.616,-3.115
1.392,-3.196
0.558,-3.242
-0.194,-3.362
-0.642,-3.106
-1.177,-3.168
1.888,0.696
0.934,0.988
0.225,0.994
-1.212,0.723
-2.111,-2.121
-2.456,-0.901
3.128,-2.122
2.353,-1.498
2.131,-2.117
1.782,-2.091
0.008,-2.146
-0.606,-0.883
-2.822,-1.724
1.485,-0.665
-0.449,-1.472
-0.764,-2.358
-0.869,-1.944
-1.309,-2.353
-1.507,-2.305
-1.575,-1.537
-3.113,-1.583
2.174,0.106
-1.231,-0.965
-2.679,-2.834
-2.989,-2.885
2.782,-3.046
1.407,-3.09
0.818,-2.932
0.489,-2.996
0.332,-3.076
0.275,-3.003
-1.081,-3.065
-1.268,-3.066
-2.993,-3.287
1.463,-3.46
1.007,-3.321
0.306,-3.517
-0.083,0.628
-0.05,1.538
-0.05,0.035
-0.119,1.798
-0.083,-0.247
-0.097,0.225
-0.197,-1.086
-0.205,0.828
-0.164,-0.082
-0.26,0.671
-0.372,0.193
-0.55,0.302
-0.569,0.058
-0.512,1.722
-0.541,-0.797
-0.54,-0.244
-0.619,1.493
-0.627,1.078
-0.658,1.328
-0.593,0.0
-0.695,-0.488
-0.683,0.034
-0.664,0.002
-0.751,-0.584
-0.776,-1.143
-0.751,1.694
-0.887,0.069
-0.977,0.024
-0.988,1.024
-1.065,0.273
-1.081,-1.604
-1.077,0.121
-1.175,-0.819
-1.181,0.218
-1.443,-1.626
-1.384,-0.688
-1.467,0.605
-1.469,-0.751
-1.446,0.439
-1.438,0.721
-1.565,-1.526
-1.53,0.728
-1.594,0.857
-1.639,0.148
-1.797,1.704
-1.893,-0.614
-1.956,1.598
-1.941,0.425
-1.964,1.95
-1.912,0.862
-2.006,-0.465
-2.074,-2.069
-2.174,-1.988
-2.108,-1.969
-2.529,-1.914
-2.549,-1.999
-3.129,-1.914
2.286,-1.891
0.461,-2.062
0.071,-2.119
-0.577,-2.124
-0.72,-1.894
-0.887,-2.073
-1.193,-2.16
-1.312,-2.162
-1.365,-2.034
-1.757,-2.008
-1.875,-2.092
-2.389,2.143
-3.135,2.23
3.046,2.178
2.827,2.238
1.208,2.154
0.576,2.171
0.259,2.124
0.259,2.121
0.171,2.14
-0.559,2.031
-1.204,2.143
-1.44,1.933
-2.561,-0.537
3.068,-0.744
2.805,1.657
2.237,1.607
0.633,-1.571
2.76,-1.954
-2.112,-0.159
-2.101,0.262
-2.135,-1.205
-2.133,1.967
-2.34,0.713
-2.293,-0.702
-2.488,-0.184
-2.391,-0.13
-2.537,1.689
-2.429,-1.576
-2.582,1.952
-2.572,2.143
-2.603,0.385
-2.505,0.729
-2.66,1.48
-2.681,-1.223
-2.715,-1.058
-2.775,0.254
-2.713,0.993
-2.788,1.968
-2.851,1.304
-2.889,2.011
-3.114,0.058
-3.136,1.769
3.115,1.624
-3.057,-0.935
3.056,1.648
-3.097,1.057
3.001,-1.261
3.09,-0.531
3.031,-1.6
2.94,-0.741
2.891,-0.113
2.871,0.198
2.602,1.076
2.72,-0.653
2.686,0.573
2.66,0.895
2.622,1.074
2.577,1.668
2.566,0.727
2.434,2.022
2.526,-0.047
2.174,1.745
2.15,1.633
2.239,0.063
2.074,-1.109
2.072,-0.033
1.987,1.064
2.106,1.804
1.941,-0.565
2.041,-0.917
1.896,1.676
1.928,0.646
1.721,0.561
1.689,-1.145
1.654,-1.137
1.431,-0.782
1.412,-0.22
1.24,0.197
1.222,1.06
1.172,-0.993
1.283,0.987
1.134,-0.28
1.129,-0.689
1.102,-0.197
0.955,0.254
0.891,-0.94
0.787,-0.269
0.74,0.242
0.714,-0.585
0.702,-0.974
0.683,-0.487
0.559,0.72
0.362,1.791
0.338,0.53
0.29,1.654
0.399,1.041
0.256,1.828
0.212,1.398
0.105,1.07
0.229,0.754
0.108,-1.018
0.073,0.17
-0.167,-0.468
-0.2,0.111
-0.324,0.043
-0.244,1.571
-0.419,1.047
-0.572,-0.994
-0.669,0.639
-0.619,-0.779
-0.774,1.494
-0.716,-1.012
-0.915,-1.213
-1.018,1.208
-0.928,0.726
-1.134,1.14
-1.123,0.055
-1.282,1.241
-1.408,-0.568
-1.401,0.709
-1.35,0.655
-1.352,-0.771
-1.691,1.08
-1.604,-1.524
-1.785,0.355
-1.76,-0.124
-1.983,1.522
-2.341,-2.092
-3.026,-1.893
2.173,-1.997
2.193,-1.879
1.598,-1.915
1.374,-1.996
0.54,-2.042
-0.212,-2.162
-0.66,-1.906
-1.195,-1.968
1.87,1.896
0.916,2.188
0.207,2.194
-1.23,1.923
-2.129,-0.921
-2.474,0.299
3.11,-0.922
2.335,-0.298
2.113,-0.917
1.764,-0.891
-0.01,-0.946
-0.624,0.317
-2.84,-0.524
1.467,0.535
-0.467,-0.272
-0.782,-1.158
-0.887,-0.744
-1.327,-1.153
-1.525,-1.105
-1.593,-0.337
-3.131,-0.383
2.156,1.306
-1.249,0.235
-2.697,-1.634
-3.007,-1.685
2.764,-1.846
1.389,-1.89
0.8,-1.732
0.471,-1.796
0.314,-1.876
0.257,-1.803
-1.099,-1.865
-1.286,-1.866
-3.011,-2.087
1.445,-2.26
0.989,-2.121
0.288,-2.317
0.033,0.91
0.033,-0.593
-0.036,1.17
0.0,-0.875
-0.014,-0.403
-0.114,-1.714
-0.122,0.2
-0.081,-0.71
-0.177,0.043
-0.289,-0.435
-0.467,-0.326
-0.486,-0.57
-0.429,1.094
-0.458,-1.425
-0.457,-0.872
-0.536,0.865
-0.544,0.45
-0.575,0.7
-0.51,-0.628
-0.612,-1.116
-0.6,-0.594
-0.581,-0.626
-0.668,-1.212
-0.693,-1.771
-0.668,1.066
-0.804,-0.559
-0.894,-0.604
-0.905,0.396
-0.982,-0.355
-0.998,-2.232
-0.994,-0.507
-1.092,-1.447
-1.098,-0.41
-1.36,-2.254
-1.301,-1.316
-1.384,-0.023
-1.386,-1.379
-1.363,-0.189
-1.355,0.093
-1.482,-2.154
-1.447,0.1
-1.511,0.229
-1.556,-0.48
-1.714,1.076
-1.81,-1.242
-1.873,0.97
-1.858,-0.203
-1.881,1.322
-1.829,0.234
-1.923,-1.093
-1.991,-2.697
-2.091,-2.616
-2.025,-2.597
-2.446,-2.542
-2.466,-2.627
-3.046,-2.542
2.369,-2.519
0.544,-2.69
0.154,-2.747
-0.494,-2.752
-0.637,-2.522
-0.804,-2.701
-1.11,-2.788
-1.229,-2.79
-1.282,-2.662
-1.674,-2.636
-1.792,-2.72
-2.306,1.515
-3.052,1.602
3.129,1.55
2.91,1.61
1.291,1.526
0.659,1.543
0.342,1.496
0.342,1.493
0.254,1.512
-0.476,1.403
-1.121,1.515
-1.357,1.305
-2.478,-1.165
-3.132,-1.372
2.888,1.029
2.32,0.979
0.716,-2.199
2.843,-2.582
-2.029,-0.787
-2.018,-0.366
-2.052,-1.833
-2.05,1.339
-2.257,0.085
-2.21,-1.33
-2.405,-0.812
-2.308,-0.758
-2.454,1.061
-2.346,-2.204
-2.499,1.324
-2.489,1.515
-2.52,-0.243
-2.422,0.101
-2.577,0.852
-2.598,-1.851
-2.632,-1.686
-2.692,-0.374
-2.63,0.365
-2.705,1.34
-2.768,0.676
-2.806,1.383
-3.031,-0.57
-3.053,1.141
-3.085,0.996
-2.974,-1.563
3.139,1.02
-3.014,0.429
3.084,-1.889
-3.11,-1.159
3.114,-2.228
3.023,-1.369
2.974,-0.741
2.954,-0.43
2.685,0.448
2.803,-1.281
2.769,-0.055
2.743,0.267
2.705,0.446
2.66,1.04
2.649,0.099
2.517,1.394
2.609,-0.675
2.257,1.117
2.233,1.005
2.322,-0.565
2.157,-1.737
2.155,-0.661
2.07,0.436
2.189,1.176
2.024,-1.193
2.124,-1.545
1.979,1.048
2.011,0.018
1.804,-0.067
1.772,-1.773
1.737,-1.765
1.514,-1.41
1.495,-0.848
1.323,-0.431
1.305,0.432
1.255,-1.621
1.366,0.359
1.217,-0.908
1.212,-1.317
1.185,-0.825
1.038,-0.374
0.974,-1.568
0.87,-0.897
0.823,-0.386
0.797,-1.213
0.785,-1.602
0.766,-1.115
0.642,0.092
0.445,1.163
0.421,-0.098
0.373,1.026
0.482,0.413
0.339,1.2
0.295,0.77
0.188,0.442
0.312,0.126
0.191,-1.646
0.156,-0.458
-0.084,-1.096
-0.117,-0.517
-0.241,-0.585
-0.161,0.943
-0.336,0.419
-0.489,-1.622
-0.586,0.011
-0.536,-1.407
-0.691,0.866
-0.633,-1.64
-0.832,-1.841
-0.935,0.58
-0.845,0.098
-1.051,0.512
-1.04,-0.573
-1.199,0.613
-1.325,-1.196
-1.318,0.081
-1.267,0.027
-1.269,-1.399
-1.608,0.452
-1.521,-2.152
-1.702,-0.273
-1.677,-0.752
-1.9,0.894
-2.258,-2.72
-2.943,-2.521
2.256,-2.625
2.276,-2.507
1.681,-2.543
1.457,-2.624
0.623,-2.67
-0.129,-2.79
-0.577,-2.534
-1.112,-2.596
1.953,1.268
0.999,1.56
0.29,1.566
-1.147,1.295
-2.046,-1.549
-2.391,-0.329
-3.09,-1.55
2.418,-0.926
2.196,-1.545
1.847,-1.519
0.073,-1.574
-0.541,-0.311
-2.757,-1.152
1.55,-0.093
-0.384,-0.9
-0.699,-1.786
-0.804,-1.372
-1.244,-1.781
-1.442,-1.733
-1.51,-0.965
-3.048,-1.011
2.239,0.678
-1.166,-0.393
-2.614,-2.262
-2.924,-2.313
2.847,-2.474
1.472,-2.518
0.883,-2.36
0.554,-2.424
0.397,-2.504
0.34,-2.431
-1.016,-2.493
-1.203,-2.494
-2.928,-2.715
1.528,-2.888
1.072,-2.749
0.371,-2.945
0.0,-1.503
-0.069,0.26
-0.033,-1.785
-0.047,-1.313
-0.147,-2.624
-0.155,-0.71
-0.114,-1.62
-0.21,-0.867
-0.322,-1.345
-0.5,-1.236
-0.519,-1.48
-0.462,0.184
-0.491,-2.335
-0.49,-1.782
-0.569,-0.045
-0.577,-0.46
-0.608,-0.21
-0.543,-1.538
-0.645,-2.026
-0.633,-1.504
-0.614,-1.536
-0.701,-2.122
-0.726,-2.681
-0.701,0.156
-0.837,-1.469
-0.927,-1.514
-0.938,-0.514
-1.015,-1.265
-1.031,-3.142
-1.027,-1.417
-1.125,-2.357
-1.131,-1.32
-1.393,-3.164
-1.334,-2.226
-1.417,-0.933
-1.419,-2.289
-1.396,-1.099
-1.388,-0.817
-1.515,-3.064
-1.48,-0.81
-1.544,-0.681
-1.589,-1.39
-1.747,0.166
-1.843,-2.152
-1.906,0.06
-1.891,-1.113
-1.914,0.412
-1.862,-0.676
-1.956,-2.003
-2.024,-3.607
-2.124,-3.526
-2.058,-3.507
-2.479,-3.452
-2.499,-3.537
-3.079,-3.452
2.336,-3.429
0.511,-3.6
0.121,-3.657
-0.527,-3.662
-0.67,-3.432
-0.837,-3.611
-1.143,-3.698
-1.262,-3.7
-1.315,-3.572
-1.707,-3.546
-1.825,-3.63
-2.339,0.605
-3.085,0.692
3.096,0.64
2.877,0.7
1.258,0.616
0.626,0.633
0.309,0.586
0.309,0.583
0.221,0.602
-0.509,0.493
-1.154,0.605
-1.39,0.395
-2.511,-2.075
3.118,-2.282
2.855,0.119
2.287,0.069
0.683,-3.109
2.81,-3.492
-2.062,-1.697
-2.051,-1.276
-2.085,-2.743
-2.083,0.429
-2.29,-0.825
-2.243,-2.24
-2.438,-1.722
-2.341,-1.668
-2.487,0.151
-2.379,-3.114
-2.532,0.414
-2.522,0.605
-2.553,-1.153
-2.455,-0.809
-2.61,-0.058
-2.631,-2.761
-2.665,-2.596
-2.725,-1.284
-2.663,-0.545
-2.738,0.43
-2.801,-0.234
-2.839,0.473
-3.064,-1.48
-3.086,0.231
-3.118,0.086
-3.007,-2.473
3.106,0.11
-3.047,-0.481
3.051,-2.799
3.14,-2.069
3.081,-3.138
2.99,-2.279
2.941,-1.651
2.921,-1.34
2.652,-0.462
2.77,-2.191
2.736,-0.965
2.71,-0.643
2.672,-0.464
2.627,0.13
2.616,-0.811
2.484,0.484
2.576,-1.585
2.224,0.207
2.2,0.095
2.289,-1.475
2.124,-2.647
2.122,-1.571
2.037,-0.474
2.156,0.266
1.991,-2.103
2.091,-2.455
1.946,0.138
1.978,-0.892
1.771,-0.977
1.739,-2.683
1.704,-2.675
1.481,-2.32
1.462,-1.758
1.29,-1.341
1.272,-0.478
1.222,-2.531
1.333,-0.551
1.184,-1.818
1.179,-2.227
1.152,-1.735
1.005,-1.284
0.941,-2.478
0.837,-1.807
0.79,-1.296
0.764,-2.123
0.752,-2.512
0.733,-2.025
0.609,-0.818
0.412,0.253
0.388,-1.008
0.34,0.116
0.449,-0.497
0.306,0.29
0.262,-0.14
0.155,-0.468
0.279,-0.784
0.158,-2.556
0.123,-1.368
-0.117,-2.006
-0.15,-1.427
-0.274,-1.495
-0.194,0.033
-0.369,-0.491
-0.522,-2.532
-0.619,-0.899
-0.569,-2.317
-0.724,-0.044
-0.666,-2.55
-0.865,-2.751
-0.968,-0.33
-0.878,-0.812
-1.084,-0.398
-1.073,-1.483
-1.232,-0.297
-1.358,-2.106
-1.351,-0.829
-1.3,-0.883
-1.302,-2.309
-1.641,-0.458
-1.554,-3.062
-1.735,-1.183
-1.71,-1.662
-1.933,-0.016
-2.291,-3.63
-2.976,-3.431
2.223,-3.535
2.243,-3.417
1.648,-3.453
1.424,-3.534
0.59,-3.58
-0.162,-3.7
-0.61,-3.444
-1.145,-3.506
1.92,0.358
0.966,0.65
0.257,0.656
-1.18,0.385
-2.079,-2.459
-2.424,-1.239
-3.123,-2.46
2.385,-1.836
2.163,-2.455
1.814,-2.429
0.04,-2.484
-0.574,-1.221
-2.79,-2.062
1.517,-1.003
-0.417,-1.81
-0.732,-2.696
-0.837,-2.282
-1.277,-2.691
-1.475,-2.643
-1.543,-1.875
-3.081,-1.921
2.206,-0.232
-1.199,-1.303
-2.647,-3.172
-2.957,-3.223
2.814,-3.384
1.439,-3.428
0.85,-3.27
0.521,-3.334
0.364,-3.414
0.307,-3.341
-1.049,-3.403
-1.236,-3.404
-2.961,-3.625
1.495,-3.798
1.039,-3.659
0.338,-3.855
-0.069,1.763
-0.033,-0.282
-0.047,0.19
-0.147,-1.121
-0.155,0.793
-0.114,-0.117
-0.21,0.636
-0.322,0.158
-0.5,0.267
-0.519,0.023
-0.462,1.687
-0.491,-0.832
-0.49,-0.279
-0.569,1.458
-0.577,1.043
-0.608,1.293
-0.543,-0.035
-0.645,-0.523
-0.633,-0.001
-0.614,-0.033
-0.701,-0.619
-0.726,-1.178
-0.701,1.659
-0.837,0.034
-0.927,-0.011
-0.938,0.989
-1.015,0.238
-1.031,-1.639
-1.027,0.086
-1.125,-0.854
-1.131,0.183
-1.393,-1.661
-1.334,-0.723
-1.417,0.57
-1.419,-0.786
-1.396,0.404
-1.388,0.686
-1.515,-1.561
-1.48,0.693
-1.544,0.822
-1.589,0.113
-1.747,1.669
-1.843,-0.649
-1.906,1.563
-1.891,0.39
-1.914,1.915
-1.862,0.827
-1.956,-0.5
-2.024,-2.104
-2.124,-2.023
-2.058,-2.004
-2.479,-1.949
-2.499,-2.034
-3.079,-1.949
2.336,-1.926
0.511,-2.097
0.121,-2.154
-0.527,-2.159
-0.67,-1.929
-0.837,-2.108
-1.143,-2.195
-1.262,-2.197
-1.315,-2.069
-1.707,-2.043
-1.825,-2.127
-2.339,2.108
-3.085,2.195
3.096,2.143
2.877,2.203
1.258,2.119
0.626,2.136
0.309,2.089
0.309,2.086
0.221,2.105
-0.509,1.996
-1.154,2.108
-1.39,1.898
-2.511,-0.572
3.118,-0.779
2.855,1.622
2.287,1.572
0.683,-1.606
2.81,-1.989
-2.062,-0.194
-2.051,0.227
-2.085,-1.24
-2.083,1.932
-2.29,0.678
-2.243,-0.737
-2.438,-0.219
-2.341,-0.165
-2.487,1.654
-2.379,-1.611
-2.532,1.917
-2.522,2.108
-2.553,0.35
-2.455,0.694
-2.61,1.445
-2.631,-1.258
-2.665,-1.093
-2.725,0.219
-2.663,0.958
-2.738,1.933
-2.801,1.269
-2.839,1.976
-3.064,0.023
-3.086,1.734
-3.118,1.589
-3.007,-0.97
3.106,1.613
-3.047,1.022
3.051,-1.296
3.14,-0.566
3.081,-1.635
2.99,-0.776
2.941,-0.148
2.921,0.163
2.652,1.041
2.77,-0.688
2.736,0.538
2.71,0.86
2.672,1.039
2.627,1.633
2.616,0.692
2.484,1.987
2.576,-0.082
2.224,1.71
2.2,1.598
2.289,0.028
2.124,-1.144
2.122,-0.068
2.037,1.029
2.156,1.769
1.991,-0.6
2.091,-0.952
1.946,1.641
1.978,0.611
1.771,0.526
1.739,-1.18
1.704,-1.172
1.481,-0.817
1.462,-0.255
1.29,0.162
1.272,1.025
1.222,-1.028
1.333,0.952
1.184,-0.315
1.179,-0.724
1.152,-0.232
1.005,0.219
0.941,-0.975
0.837,-0.304
0.79,0.207
0.764,-0.62
0.752,-1.009
0.733,-0.522
0.609,0.685
0.412,1.756
0.388,0.495
0.34,1.619
0.449,1.006
0.306,1.793
0.262,1.363
0.155,1.035
0.279,0.719
0.158,-1.053
0.123,0.135
-0.117,-0.503
-0.15,0.076
-0.274,0.008
-0.194,1.536
-0.369,1.012
-0.522,-1.029
-0.619,0.604
-0.569,-0.814
-0.724,1.459
-0.666,-1.047
-0.865,-1.248
-0.968,1.173
-0.878,0.691
-1.084,1.105
-1.073,0.02
-1.232,1.206
-1.358,-0.603
-1.351,0.674
-1.3,0.62
-1.302,-0.806
-1.641,1.045
-1.554,-1.559
-1.735,0.32
-1.71,-0.159
-1.933,1.487
-2.291,-2.127
-2.976,-1.928
2.223,-2.032
2.243,-1.914
1.648,-1.95
1.424,-2.031
0.59,-2.077
-0.162,-2.197
-0.61,-1.941
-1.145,-2.003
1.92,1.861
0.966,2.153
0.257,2.159
-1.18,1.888
-2.079,-0.956
-2.424,0.264
-3.123,-0.957
2.385,-0.333
2.163,-0.952
1.814,-0.926
0.04,-0.981
-0.574,0.282
-2.79,-0.559
1.517,0.5
-0.417,-0.307
-0.732,-1.193
-0.837,-0.779
-1.277,-1.188
-1.475,-1.14
-1.543,-0.372
-3.081,-0.418
2.206,1.271
-1.199,0.2
-2.647,-1.669
-2.957,-1.72
2.814,-1.881
1.439,-1.925
0.85,-1.767
0.521,-1.831
0.364,-1.911
0.307,-1.838
-1.049,-1.9
-1.236,-1.901
-2.961,-2.122
1.495,-2.295
1.039,-2.156
0.338,-2.352
0.036,-2.045
0.022,-1.573
-0.078,-2.884
-0.086,-0.97
-0.045,-1.88
-0.141,-1.127
-0.253,-1.605
-0.431,-1.496
-0.45,-1.74
-0.393,-0.076
-0.422,-2.595
-0.421,-2.042
-0.5,-0.305
-0.508,-0.72
-0.539,-0.47
-0.474,-1.798
-0.576,-2.286
-0.564,-1.764
-0.545,-1.796
-0.632,-2.382
-0.657,-2.941
-0.632,-0.104
-0.768,-1.729
-0.858,-1.774
-0.869,-0.774
-0.946,-1.525
-0.962,-3.402
-0.958,-1.677
-1.056,-2.617
-1.062,-1.58
-1.324,-3.424
-1.265,-2.486
-1.348,-1.193
-1.35,-2.549
-1.327,-1.359
-1.319,-1.077
-1.446,-3.324
-1.411,-1.07
-1.475,-0.941
-1.52,-1.65
-1.678,-0.094
-1.774,-2.412
-1.837,-0.2
-1.822,-1.373
-1.845,0.152
-1.793,-0.936
-1.887,-2.263
-1.955,-3.867
-2.055,-3.786
-1.989,-3.767
-2.41,-3.712
-2.43,-3.797
-3.01,-3.712
2.405,-3.689
0.58,-3.86
0.19,-3.917
-0.458,-3.922
-0.601,-3.692
-0.768,-3.871
-1.074,-3.958
-1.193,-3.96
-1.246,-3.832
-1.638,-3.806
-1.756,-3.89
-2.27,0.345
-3.016,0.432
-3.118,0.38
2.946,0.44
1.327,0.356
0.695,0.373
0.378,0.326
0.378,0.323
0.29,0.342
-0.44,0.233
-1.085,0.345
-1.321,0.135
-2.442,-2.335
-3.096,-2.542
2.924,-0.141
2.356,-0.191
0.752,-3.369
2.879,-3.752
-1.993,-1.957
-1.982,-1.536
-2.016,-3.003
-2.014,0.169
-2.221,-1.085
-2.174,-2.5
-2.369,-1.982
-2.272,-1.928
-2.418,-0.109
-2.31,-3.374
-2.463,0.154
-2.453,0.345
-2.484,-1.413
-2.386,-1.069
-2.541,-0.318
-2.562,-3.021
-2.596,-2.856
-2.656,-1.544
-2.594,-0.805
-2.669,0.17
-2.732,-0.494
-2.77,0.213
-2.995,-1.74
-3.017,-0.029
-3.049,-0.174
-2.938,-2.733
-3.108,-0.15
-2.978,-0.741
3.12,-3.059
-3.074,-2.329
-3.133,-3.398
3.059,-2.539
3.01,-1.911
2.99,-1.6
2.721,-0.722
2.839,-2.451
2.805,-1.225
2.779,-0.903
2.741,-0.724
2.696,-0.13
2.685,-1.071
2.553,0.224
2.645,-1.845
2.293,-0.053
2.269,-0.165
2.358,-1.735
2.193,-2.907
2.191,-1.831
2.106,-0.734
2.225,0.006
2.06,-2.363
2.16,-2.715
2.015,-0.122
2.047,-1.152
1.84,-1.237
1.808,-2.943
1.773,-2.935
1.55,-2.58
1.531,-2.018
1.359,-1.601
1.341,-0.738
1.291,-2.791
1.402,-0.811
1.253,-2.078
1.248,-2.487
1.221,-1.995
1.074,-1.544
1.01,-2.738
0.906,-2.067
0.859,-1.556
0.833,-2.383
0.821,-2.772
0.802,-2.285
0.678,-1.078
0.481,-0.007
0.457,-1.268
0.409,-0.144
0.518,-0.757
0.375,0.03
0.331,-0.4
0.224,-0.728
0.348,-1.044
0.227,-2.816
0.192,-1.628
-0.048,-2.266
-0.081,-1.687
-0.205,-1.755
-0.125,-0.227
-0.3,-0.751
-0.453,-2.792
-0.55,-1.159
-0.5,-2.577
-0.655,-0.304
-0.597,-2.81
-0.796,-3.011
-0.899,-0.59
-0.809,-1.072
-1.015,-0.658
-1.004,-1.743
-1.163,-0.557
-1.289,-2.366
-1.282,-1.089
-1.231,-1.143
-1.233,-2.569
-1.572,-0.718
-1.485,-3.322
-1.666,-1.443
-1.641,-1.922
-1.864,-0.276
-2.222,-3.89
-2.907,-3.691
2.292,-3.795
2.312,-3.677
1.717,-3.713
1.493,-3.794
0.659,-3.84
-0.093,-3.96
-0.541,-3.704
-1.076,-3.766
1.989,0.098
1.035,0.39
0.326,0.396
-1.111,0.125
-2.01,-2.719
-2.355,-1.499
-3.054,-2.72
2.454,-2.096
2.232,-2.715
1.883,-2.689
0.109,-2.744
-0.505,-1.481
-2.721,-2.322
1.586,-1.263
-0.348,-2.07
-0.663,-2.956
-0.768,-2.542
-1.208,-2.951
-1.406,-2.903
-1.474,-2.135
-3.012,-2.181
2.275,-0.492
-1.13,-1.563
-2.578,-3.432
-2.888,-3.483
2.883,-3.644
1.508,-3.688
0.919,-3.53
0.59,-3.594
0.433,-3.674
0.376,-3.601
-0.98,-3.663
-1.167,-3.664
-2.892,-3.885
1.564,-4.058
1.108,-3.919
0.407,-4.115
-0.014,0.472
-0.114,-0.839
-0.122,1.075
-0.081,0.165
-0.177,0.918
-0.289,0.44
-0.467,0.549
-0.486,0.305
-0.429,1.969
-0.458,-0.55
-0.457,0.003
-0.536,1.74
-0.544,1.325
-0.575,1.575
-0.51,0.247
-0.612,-0.241
-0.6,0.281
-0.581,0.249
-0.668,-0.337
-0.693,-0.896
-0.668,1.941
-0.804,0.316
-0.894,0.271
-0.905,1.271
-0.982,0.52
-0.998,-1.357
-0.994,0.368
-1.092,-0.572
-1.098,0.465
-1.36,-1.379
-1.301,-0.441
-1.384,0.852
-1.386,-0.504
-1.363,0.686
-1.355,0.968
-1.482,-1.279
-1.447,0.975
-1.511,1.104
-1.556,0.395
-1.714,1.951
-1.81,-0.367
-1.873,1.845
-1.858,0.672
-1.881,2.197
-1.829,1.109
-1.923,-0.218
-1.991,-1.822
-2.091,-1.741
-2.025,-1.722
-2.446,-1.667
-2.466,-1.752
-3.046,-1.667
2.369,-1.644
0.544,-1.815
0.154,-1.872
-0.494,-1.877
-0.637,-1.647
-0.804,-1.826
-1.11,-1.913
-1.229,-1.915
-1.282,-1.787
-1.674,-1.761
-1.792,-1.845
-2.306,2.39
-3.052,2.477
3.129,2.425
2.91,2.485
1.291,2.401
0.659,2.418
0.342,2.371
0.342,2.368
0.254,2.387
-0.476,2.278
-1.121,2.39
-1.357,2.18
-2.478,-0.29
-3.132,-0.497
2.888,1.904
2.32,1.854
0.716,-1.324
2.843,-1.707
-2.029,0.088
-2.018,0.509
-2.052,-0.958
-2.05,2.214
-2.257,0.96
-2.21,-0.455
-2.405,0.063
-2.308,0.117
-2.454,1.936
-2.346,-1.329
-2.499,2.199
-2.489,2.39
-2.52,0.632
-2.422,0.976
-2.577,1.727
-2.598,-0.976
-2.632,-0.811
-2.692,0.501
-2.63,1.24
-2.705,2.215
-2.768,1.551
-2.806,2.258
-3.031,0.305
-3.053,2.016
-3.085,1.871
-2.974,-0.688
3.139,1.895
-3.014,1.304
3.084,-1.014
-3.11,-0.284
3.114,-1.353
3.023,-0.494
2.974,0.134
2.954,0.445
2.685,1.323
2.803,-0.406
2.769,0.82
2.743,1.142
2.705,1.321
2.66,1.915
2.649,0.974
2.517,2.269
2.609,0.2
2.257,1.992
2.233,1.88
2.322,0.31
2.157,-0.862
2.155,0.214
2.07,1.311
2.189,2.051
2.024,-0.318
2.124,-0.67
1.979,1.923
2.011,0.893
1.804,0.808
1.772,-0.898
1.737,-0.89
1.514,-0.535
1.495,0.027
1.323,0.444
1.305,1.307
1.255,-0.746
1.366,1.234
1.217,-0.033
1.212,-0.442
1.185,0.05
1.038,0.501
0.974,-0.693
0.87,-0.022
0.823,0.489
0.797,-0.338
0.785,-0.727
0.766,-0.24
0.642,0.967
0.445,2.038
0.421,0.777
0.373,1.901
0.482,1.288
0.339,2.075
0.295,1.645
0.188,1.317
0.312,1.001
0.191,-0.771
0.156,0.417
-0.084,-0.221
-0.117,0.358
-0.241,0.29
-0.161,1.818
-0.336,1.294
-0.489,-0.747
-0.586,0.886
-0.536,-0.532
-0.691,1.741
-0.633,-0.765
-0.832,-0.966
-0.935,1.455
-0.845,0.973
-1.051,1.387
-1.04,0.302
-1.199,1.488
-1.325,-0.321
-1.318,0.956
-1.267,0.902
-1.269,-0.524
-1.608,1.327
-1.521,-1.277
-1.702,0.602
-1.677,0.123
-1.9,1.769
-2.258,-1.845
-2.943,-1.646
2.256,-1.75
2.276,-1.632
1.681,-1.668
1.457,-1.749
0.623,-1.795
-0.129,-1.915
-0.577,-1.659
-1.112,-1.721
1.953,2.143
0.999,2.435
0.29,2.441
-1.147,2.17
-2.046,-0.674
-2.391,0.546
-3.09,-0.675
2.418,-0.051
2.196,-0.67
1.847,-0.644
0.073,-0.699
-0.541,0.564
-2.757,-0.277
1.55,0.782
-0.384,-0.025
-0.699,-0.911
-0.804,-0.497
-1.244,-0.906
-1.442,-0.858
-1.51,-0.09
-3.048,-0.136
2.239,1.553
-1.166,0.482
-2.614,-1.387
-2.924,-1.438
2.847,-1.599
1.472,-1.643
0.883,-1.485
0.554,-1.549
0.397,-1.629
0.34,-1.556
-1.016,-1.618
-1.203,-1.619
-2.928,-1.84
1.528,-2.013
1.072,-1.874
0.371,-2.07
-0.1,-1.311
-0.108,0.603
-0.067,-0.307
-0.163,0.446
-0.275,-0.032
-0.453,0.077
-0.472,-0.167
-0.415,1.497
-0.444,-1.022
-0.443,-0.469
-0.522,1.268
-0.53,0.853
-0.561,1.103
-0.496,-0.225
-0.598,-0.713
-0.586,-0.191
-0.567,-0.223
-0.654,-0.809
-0.679,-1.368
-0.654,1.469
-0.79,-0.156
-0.88,-0.201
-0.891,0.799
-0.968,0.048
-0.984,-1.829
-0.98,-0.104
-1.078,-1.044
-1.084,-0.007
-1.346,-1.851
-1.287,-0.913
-1.37,0.38
-1.372,-0.976
-1.349,0.214
-1.341,0.496
-1.468,-1.751
-1.433,0.503
-1.497,0.632
-1.542,-0.077
-1.7,1.479
-1.796,-0.839
-1.859,1.373
-1.844,0.2
-1.867,1.725
-1.815,0.637
-1.909,-0.69
-1.977,-2.294
-2.077,-2.213
-2.011,-2.194
-2.432,-2.139
-2.452,-2.224
-3.032,-2.139
2.383,-2.116
0.558,-2.287
0.168,-2.344
-0.48,-2.349
-0.623,-2.119
-0.79,-2.298
-1.096,-2.385
-1.215,-2.387
-1.268,-2.259
-1.66,-2.233
-1.778,-2.317
-2.292,1.918
-3.038,2.005
-3.14,1.953
2.924,2.013
1.305,1.929
0.673,1.946
0.356,1.899
0.356,1.896
0.268,1.915
-0.462,1.806
-1.107,1.918
-1.343,1.708
-2.464,-0.762
-3.118,-0.969
2.902,1.432
2.334,1.382
0.73,-1.796
2.857,-2.179
-2.015,-0.384
-2.004,0.037
-2.038,-1.43
-2.036,1.742
-2.243,0.488
-2.196,-0.927
-2.391,-0.409
-2.294,-0.355
-2.44,1.464
-2.332,-1.801
-2.485,1.727
-2.475,1.918
-2.506,0.16
-2.408,0.504
-2.563,1.255
-2.584,-1.448
-2.618,-1.283
-2.678,0.029
-2.616,0.768
-2.691,1.743
-2.754,1.079
-2.792,1.786
-3.017,-0.167
-3.039,1.544
-3.071,1.399
-2.96,-1.16
-3.13,1.423
-3.0,0.832
3.098,-1.486
-3.096,-0.756
3.128,-1.825
3.037,-0.966
2.988,-0.338
2.968,-0.027
2.699,0.851
2.817,-0.878
2.783,0.348
2.757,0.67
2.719,0.849
2.674,1.443
2.663,0.502
2.531,1.797
2.623,-0.272
2.271,1.52
2.247,1.408
2.336,-0.162
2.171,-1.334
2.169,-0.258
2.084,0.839
2.203,1.579
2.038,-0.79
2.138,-1.142
1.993,1.451
2.025,0.421
1.818,0.336
1.786,-1.37
1.751,-1.362
1.528,-1.007
1.509,-0.445
1.337,-0.028
1.319,0.835
1.269,-1.218
1.38,0.762
1.231,-0.505
1.226,-0.914
1.199,-0.422
1.052,0.029
0.988,-1.165
0.884,-0.494
0.837,0.017
0.811,-0.81
0.799,-1.199
0.78,-0.712
0.656,0.495
0.459,1.566
0.435,0.305
0.387,1.429
0.496,0.816
0.353,1.603
0.309,1.173
0.202,0.845
0.326,0.529
0.205,-1.243
0.17,-0.055
-0.07,-0.693
-0.103,-0.114
-0.227,-0.182
-0.147,1.346
-0.322,0.822
-0.475,-1.219
-0.572,0.414
-0.522,-1.004
-0.677,1.269
-0.619,-1.237
-0.818,-1.438
-0.921,0.983
-0.831,0.501
-1.037,0.915
-1.026,-0.17
-1.185,1.016
-1.311,-0.793
-1.304,0.484
-1.253,0.43
-1.255,-0.996
-1.594,0.855
-1.507,-1.749
-1.688,0.13
-1.663,-0.349
-1.886,1.297
-2.244,-2.317
-2.929,-2.118
2.27,-2.222
2.29,-2.104
1.695,-2.14
1.471,-2.221
0.637,-2.267
-0.115,-2.387
-0.563,-2.131
-1.098,-2.193
1.967,1.671
1.013,1.963
0.304,1.969
-1.133,1.698
-2.032,-1.146
-2.377,0.074
-3.076,-1.147
2.432,-0.523
2.21,-1.142
1.861,-1.116
0.087,-1.171
-0.527,0.092
-2.743,-0.749
1.564,0.31
-0.37,-0.497
-0.685,-1.383
-0.79,-0.969
-1.23,-1.378
-1.428,-1.33
-1.496,-0.562
-3.034,-0.608
2.253,1.081
-1.152,0.01
-2.6,-1.859
-2.91,-1.91
2.861,-2.071
1.486,-2.115
0.897,-1.957
0.568,-2.021
0.411,-2.101
0.354,-2.028
-1.002,-2.09
-1.189,-2.091
-2.914,-2.312
1.542,-2.485
1.086,-2.346
0.385,-2.542
-0.008,1.914
0.033,1.004
-0.063,1.757
-0.175,1.279
-0.353,1.388
-0.372,1.144
-0.315,2.808
-0.344,0.289
-0.343,0.842
-0.422,2.579
-0.43,2.164
-0.461,2.414
-0.396,1.086
-0.498,0.598
-0.486,1.12
-0.467,1.088
-0.554,0.502
-0.579,-0.057
-0.554,2.78
-0.69,1.155
-0.78,1.11
-0.791,2.11
-0.868,1.359
-0.884,-0.518
-0.88,1.207
-0.978,0.267
-0.984,1.304
-1.246,-0.54
-1.187,0.398
-1.27,1.691
-1.272,0.335
-1.249,1.525
-1.241,1.807
-1.368,-0.44
-1.333,1.814
-1.397,1.943
-1.442,1.234
-1.6,2.79
-1.696,0.472
-1.759,2.684
-1.744,1.511
-1.767,3.036
-1.715,1.948
-1.809,0.621
-1.877,-0.983
-1.977,-0.902
-1.911,-0.883
-2.332,-0.828
-2.352,-0.913
-2.932,-0.828
2.483,-0.805
0.658,-0.976
0.268,-1.033
-0.38,-1.038
-0.523,-0.808
-0.69,-0.987
-0.996,-1.074
-1.115,-1.076
-1.168,-0.948
-1.56,-0.922
-1.678,-1.006
-2.192,3.229
-2.938,3.316
-3.04,3.264
3.024,3.324
1.405,3.24
0.773,3.257
0.456,3.21
0.456,3.207
0.368,3.226
-0.362,3.117
-1.007,3.229
-1.243,3.019
-2.364,0.549
-3.018,0.342
3.002,2.743
2.434,2.693
0.83,-0.485
2.957,-0.868
-1.915,0.927
-1.904,1.348
-1.938,-0.119
-1.936,3.053
-2.143,1.799
-2.096,0.384
-2.291,0.902
-2.194,0.956
-2.34,2.775
-2.232,-0.49
-2.385,3.038
-2.375,3.229
-2.406,1.471
-2.308,1.815
-2.463,2.566
-2.484,-0.137
-2.518,0.028
-2.578,1.34
-2.516,2.079
-2.591,3.054
-2.654,2.39
-2.692,3.097
-2.917,1.144
-2.939,2.855
-2.971,2.71
-2.86,0.151
-3.03,2.734
-2.9,2.143
-3.085,-0.175
-2.996,0.555
-3.055,-0.514
3.137,0.345
3.088,0.973
3.068,1.284
2.799,2.162
2.917,0.433
2.883,1.659
2.857,1.981
2.819,2.16
2.774,2.754
2.763,1.813
2.631,3.108
2.723,1.039
2.371,2.831
2.347,2.719
2.436,1.149
2.271,-0.023
2.269,1.053
2.184,2.15
2.303,2.89
2.138,0.521
2.238,0.169
2.093,2.762
2.125,1.732
1.918,1.647
1.886,-0.059
1.851,-0.051
1.628,0.304
1.609,0.866
1.437,1.283
1.419,2.146
1.369,0.093
1.48,2.073
1.331,0.806
1.326,0.397
1.299,0.889
1.152,1.34
1.088,0.146
0.984,0.817
0.937,1.328
0.911,0.501
0.899,0.112
0.88,0.599
0.756,1.806
0.559,2.877
0.535,1.616
0.487,2.74
0.596,2.127
0.453,2.914
0.409,2.484
0.302,2.156
0.426,1.84
0.305,0.068
0.27,1.256
0.03,0.618
-0.003,1.197
-0.127,1.129
-0.047,2.657
-0.222,2.133
-0.375,0.092
-0.472,1.725
-0.422,0.307
-0.577,2.58
-0.519,0.074
-0.718,-0.127
-0.821,2.294
-0.731,1.812
-0.937,2.226
-0.926,1.141
-1.085,2.327
-1.211,0.518
-1.204,1.795
-1.153,1.741
-1.155,0.315
-1.494,2.166
-1.407,-0.438
-1.588,1.441
-1.563,0.962
-1.786,2.608
-2.144,-1.006
-2.829,-0.807
2.37,-0.911
2.39,-0.793
1.795,-0.829
1.571,-0.91
0.737,-0.956
-0.015,-1.076
-0.463,-0.82
-0.998,-0.882
2.067,2.982
1.113,3.274
0.404,3.28
-1.033,3.009
-1.932,0.165
-2.277,1.385
-2.976,0.164
2.532,0.788
2.31,0.169
1.961,0.195
0.187,0.14
-0.427,1.403
-2.643,0.562
1.664,1.621
-0.27,0.814
-0.585,-0.072
-0.69,0.342
-1.13,-0.067
-1.328,-0.019
-1.396,0.749
-2.934,0.703
2.353,2.392
-1.052,1.321
-2.5,-0.548
-2.81,-0.599
2.961,-0.76
1.586,-0.804
0.997,-0.646
0.668,-0.71
0.511,-0.79
0.454,-0.717
-0.902,-0.779
-1.089,-0.78
-2.814,-1.001
1.642,-1.174
1.186,-1.035
0.485,-1.231
0.041,-0.91
-0.055,-0.157
-0.167,-0.635
-0.345,-0.526
-0.364,-0.77
-0.307,0.894
-0.336,-1.625
-0.335,-1.072
-0.414,0.665
-0.422,0.25
-0.453,0.5
-0.388,-0.828
-0.49,-1.316
-0.478,-0.794
-0.459,-0.826
-0.546,-1.412
-0.571,-1.971
-0.546,0.866
-0.682,-0.759
-0.772,-0.804
-0.783,0.196
-0.86,-0.555
-0.876,-2.432
-0.872,-0.707
-0.97,-1.647
-0.976,-0.61
-1.238,-2.454
-1.179,-1.516
-1.262,-0.223
-1.264,-1.579
-1.241,-0.389
-1.233,-0.107
-1.36,-2.354
-1.325,-0.1
-1.389,0.029
-1.434,-0.68
-1.592,0.876
-1.688,-1.442
-1.751,0.77
-1.736,-0.403
-1.759,1.122
-1.707,0.034
-1.801,-1.293
-1.869,-2.897
-1.969,-2.816
-1.903,-2.797
-2.324,-2.742
-2.344,-2.827
-2.924,-2.742
2.491,-2.719
0.666,-2.89
0.276,-2.947
-0.372,-2.952
-0.515,-2.722
-0.682,-2.901
-0.988,-2.988
-1.107,-2.99
-1.16,-2.862
-1.552,-2.836
-1.67,-2.92
-2.184,1.315
-2.93,1.402
-3.032,1.35
3.032,1.41
1.413,1.326
0.781,1.343
0.464,1.296
0.464,1.293
0.376,1.312
-0.354,1.203
-0.999,1.315
-1.235,1.105
-2.356,-1.365
-3.01,-1.572
3.01,0.829
2.442,0.779
0.838,-2.399
2.965,-2.782
-1.907,-0.987
-1.896,-0.566
-1.93,-2.033
-1.928,1.139
-2.135,-0.115
-2.088,-1.53
-2.283,-1.012
-2.186,-0.958
-2.332,0.861
-2.224,-2.404
-2.377,1.124
-2.367,1.315
-2.398,-0.443
-2.3,-0.099
-2.455,0.652
-2.476,-2.051
-2.51,-1.886
-2.57,-0.574
-2.508,0.165
-2.583,1.14
-2.646,0.476
-2.684,1.183
-2.909,-0.77
-2.931,0.941
-2.963,0.796
-2.852,-1.763
-3.022,0.82
-2.892,0.229
-3.077,-2.089
-2.988,-1.359
-3.047,-2.428
-3.138,-1.569
3.096,-0.941
3.076,-0.63
2.807,0.248
2.925,-1.481
2.891,-0.255
2.865,0.067
2.827,0.246
2.782,0.84
2.771,-0.101
2.639,1.194
2.731,-0.875
2.379,0.917
2.355,0.805
2.444,-0.765
2.279,-1.937
2.277,-0.861
2.192,0.236
2.311,0.976
2.146,-1.393
2.246,-1.745
2.101,0.848
2.133,-0.182
1.926,-0.267
1.894,-1.973
1.859,-1.965
1.636,-1.61
1.617,-1.048
1.445,-0.631
1.427,0.232
1.377,-1.821
1.488,0.159
1.339,-1.108
1.334,-1.517
1.307,-1.025
1.16,-0.574
1.096,-1.768
0.992,-1.097
0.945,-0.586
0.919,-1.413
0.907,-1.802
0.888,-1.315
0.764,-0.108
0.567,0.963
0.543,-0.298
0.495,0.826
0.604,0.213
0.461,1.0
0.417,0.57
0.31,0.242
0.434,-0.074
0.313,-1.846
0.278,-0.658
0.038,-1.296
0.005,-0.717
-0.119,-0.785
-0.039,0.743
-0.214,0.219
-0.367,-1.822
-0.464,-0.189
-0.414,-1.607
-0.569,0.666
-0.511,-1.84
-0.71,-2.041
-0.813,0.38
-0.723,-0.102
-0.929,0.312
-0.918,-0.773
-1.077,0.413
-1.203,-1.396
-1.196,-0.119
-1.145,-0.173
-1.147,-1.599
-1.486,0.252
-1.399,-2.352
-1.58,-0.473
-1.555,-0.952
-1.778,0.694
-2.136,-2.92
-2.821,-2.721
2.378,-2.825
2.398,-2.707
1.803,-2.743
1.579,-2.824
0.745,-2.87
-0.007,-2.99
-0.455,-2.734
-0.99,-2.796
2.075,1.068
1.121,1.36
0.412,1.366
-1.025,1.095
-1.924,-1.749
-2.269,-0.529
-2.968,-1.75
2.54,-1.126
2.318,-1.745
1.969,-1.719
0.195,-1.774
-0.419,-0.511
-2.635,-1.352
1.672,-0.293
-0.262,-1.1
-0.577,-1.986
-0.682,-1.572
-1.122,-1.981
-1.32,-1.933
-1.388,-1.165
-2.926,-1.211
2.361,0.478
-1.044,-0.593
-2.492,-2.462
-2.802,-2.513
2.969,-2.674
1.594,-2.718
1.005,-2.56
0.676,-2.624
0.519,-2.704
0.462,-2.631
-0.894,-2.693
-1.081,-2.694
-2.806,-2.915
1.65,-3.088
1.194,-2.949
0.493,-3.145
-0.096,0.753
-0.208,0.275
-0.386,0.384
-0.405,0.14
-0.348,1.804
-0.377,-0.715
-0.376,-0.162
-0.455,1.575
-0.463,1.16
-0.494,1.41
-0.429,0.082
-0.531,-0.406
-0.519,0.116
-0.5,0.084
-0.587,-0.502
-0.612,-1.061
-0.587,1.776
-0.723,0.151
-0.813,0.106
-0.824,1.106
-0.901,0.355
-0.917,-1.522
-0.913,0.203
-1.011,-0.737
-1.017,0.3
-1.279,-1.544
-1.22,-0.606
-1.303,0.687
-1.305,-0.669
-1.282,0.521
-1.274,0.803
-1.401,-1.444
-1.366,0.81
-1.43,0.939
-1.475,0.23
-1.633,1.786
-1.729,-0.532
-1.792,1.68
-1.777,0.507
-1.8,2.032
-1.748,0.944
-1.842,-0.383
-1.91,-1.987
-2.01,-1.906
-1.944,-1.887
-2.365,-1.832
-2.385,-1.917
-2.965,-1.832
2.45,-1.809
0.625,-1.98
0.235,-2.037
-0.413,-2.042
-0.556,-1.812
-0.723,-1.991
-1.029,-2.078
-1.148,-2.08
-1.201,-1.952
-1.593,-1.926
-1.711,-2.01
-2.225,2.225
-2.971,2.312
-3.073,2.26
2.991,2.32
1.372,2.236
0.74,2.253
0.423,2.206
0.423,2.203
0.335,2.222
-0.395,2.113
-1.04,2.225
-1.276,2.015
-2.397,-0.455
-3.051,-0.662
2.969,1.739
2.401,1.689
0.797,-1.489
2.924,-1.872
-1.948,-0.077
-1.937,0.344
-1.971,-1.123
-1.969,2.049
-2.176,0.795
-2.129,-0.62
-2.324,-0.102
-2.227,-0.048
-2.373,1.771
-2.265,-1.494
-2.418,2.034
-2.408,2.225
-2.439,0.467
-2.341,0.811
-2.496,1.562
-2.517,-1.141
-2.551,-0.976
-2.611,0.336
-2.549,1.075
-2.624,2.05
-2.687,1.386
-2.725,2.093
-2.95,0.14
-2.972,1.851
-3.004,1.706
-2.893,-0.853
-3.063,1.73
-2.933,1.139
-3.118,-1.179
-3.029,-0.449
-3.088,-1.518
3.104,-0.659
3.055,-0.031
3.035,0.28
2.766,1.158
2.884,-0.571
2.85,0.655
2.824,0.977
2.786,1.156
2.741,1.75
2.73,0.809
2.598,2.104
2.69,0.035
2.338,1.827
2.314,1.715
2.403,0.145
2.238,-1.027
2.236,0.049
2.151,1.146
2.27,1.886
2.105,-0.483
2.205,-0.835
2.06,1.758
2.092,0.728
1.885,0.643
1.853,-1.063
1.818,-1.055
1.595,-0.7
1.576,-0.138
1.404,0.279
1.386,1.142
1.336,-0.911
1.447,1.069
1.298,-0.198
1.293,-0.607
1.266,-0.115
1.119,0.336
1.055,-0.858
0.951,-0.187
0.904,0.324
0.878,-0.503
0.866,-0.892
0.847,-0.405
0.723,0.802
0.526,1.873
0.502,0.612
0.454,1.736
0.563,1.123
0.42,1.91
0.376,1.48
0.269,1.152
0.393,0.836
0.272,-0.936
0.237,0.252
-0.003,-0.386
-0.036,0.193
-0.16,0.125
-0.08,1.653
-0.255,1.129
-0.408,-0.912
-0.505,0.721
-0.455,-0.697
-0.61,1.576
-0.552,-0.93
-0.751,-1.131
-0.854,1.29
-0.764,0.808
-0.97,1.222
-0.959,0.137
-1.118,1.323
-1.244,-0.486
-1.237,0.791
-1.186,0.737
-1.188,-0.689
-1.527,1.162
-1.44,-1.442
-1.621,0.437
-1.596,-0.042
-1.819,1.604
-2.177,-2.01
-2.862,-1.811
2.337,-1.915
2.357,-1.797
1.762,-1.833
1.538,-1.914
0.704,-1.96
-0.048,-2.08
-0.496,-1.824
-1.031,-1.886
2.034,1.978
1.08,2.27
0.371,2.276
-1.066,2.005
-1.965,-0.839
-2.31,0.381
-3.009,-0.84
2.499,-0.216
2.277,-0.835
1.928,-0.809
0.154,-0.864
-0.46,0.399
-2.676,-0.442
1.631,0.617
-0.303,-0.19
-0.618,-1.076
-0.723,-0.662
-1.163,-1.071
-1.361,-1.023
-1.429,-0.255
-2.967,-0.301
2.32,1.388
-1.085,0.317
-2.533,-1.552
-2.843,-1.603
2.928,-1.764
1.553,-1.808
0.964,-1.65
0.635,-1.714
0.478,-1.794
0.421,-1.721
-0.935,-1.783
-1.122,-1.784
-2.847,-2.005
1.609,-2.178
1.153,-2.039
0.452,-2.235
-0.112,-0.478
-0.29,-0.369
-0.309,-0.613
-0.252,1.051
-0.281,-1.468
-0.28,-0.915
-0.359,0.822
-0.367,0.407
-0.398,0.657
-0.333,-0.671
-0.435,-1.159
-0.423,-0.637
-0.404,-0.669
-0.491,-1.255
-0.516,-1.814
-0.491,1.023
-0.627,-0.602
-0.717,-0.647
-0.728,0.353
-0.805,-0.398
-0.821,-2.275
-0.817,-0.55
-0.915,-1.49
-0.921,-0.453
-1.183,-2.297
-1.124,-1.359
-1.207,-0.066
-1.209,-1.422
-1.186,-0.232
-1.178,0.05
-1.305,-2.197
-1.27,0.057
-1.334,0.186
-1.379,-0.523
-1.537,1.033
-1.633,-1.285
-1.696,0.927
-1.681,-0.246
-1.704,1.279
-1.652,0.191
-1.746,-1.136
-1.814,-2.74
-1.914,-2.659
-1.848,-2.64
-2.269,-2.585
-2.289,-2.67
-2.869,-2.585
2.546,-2.562
0.721,-2.733
0.331,-2.79
-0.317,-2.795
-0.46,-2.565
-0.627,-2.744
-0.933,-2.831
-1.052,-2.833
-1.105,-2.705
-1.497,-2.679
-1.615,-2.763
-2.129,1.472
-2.875,1.559
-2.977,1.507
3.087,1.567
1.468,1.483
0.836,1.5
0.519,1.453
0.519,1.45
0.431,1.469
-0.299,1.36
-0.944,1.472
-1.18,1.262
-2.301,-1.208
-2.955,-1.415
3.065,0.986
2.497,0.936
0.893,-2.242
3.02,-2.625
-1.852,-0.83
-1.841,-0.409
-1.875,-1.876
-1.873,1.296
-2.08,0.042
-2.033,-1.373
-2.228,-0.855
-2.131,-0.801
-2.277,1.018
-2.169,-2.247
-2.322,1.281
-2.312,1.472
-2.343,-0.286
-2.245,0.058
-2.4,0.809
-2.421,-1.894
-2.455,-1.729
-2.515,-0.417
-2.453,0.322
-2.528,1.297
-2.591,0.633
-2.629,1.34
-2.854,-0.613
-2.876,1.098
-2.908,0.953
-2.797,-1.606
-2.967,0.977
-2.837,0.386
-3.022,-1.932
-2.933,-1.202
-2.992,-2.271
-3.083,-1.412
-3.132,-0.784
3.131,-0.473
2.862,0.405
2.98,-1.324
2.946,-0.098
2.92,0.224
2.882,0.403
2.837,0.997
2.826,0.056
2.694,1.351
2.786,-0.718
2.434,1.074
2.41,0.962
2.499,-0.608
2.334,-1.78
2.332,-0.704
2.247,0.393
2.366,1.133
2.201,-1.236
2.301,-1.588
2.156,1.005
2.188,-0.025
1.981,-0.11
1.949,-1.816
1.914,-1.808
1.691,-1.453
1.672,-0.891
1.5,-0.474
1.482,0.389
1.432,-1.664
1.543,0.316
1.394,-0.951
1.389,-1.36
1.362,-0.868
1.215,-0.417
1.151,-1.611
1.047,-0.94
1.0,-0.429
0.974,-1.256
0.962,-1.645
0.943,-1.158
0.819,0.049
0.622,1.12
0.598,-0.141
0.55,0.983
0.659,0.37
0.516,1.157
0.472,0.727
0.365,0.399
0.489,0.083
0.368,-1.689
0.333,-0.501
0.093,-1.139
0.06,-0.56
-0.064,-0.628
0.016,0.9
-0.159,0.376
-0.312,-1.665
-0.409,-0.032
-0.359,-1.45
-0.514,0.823
-0.456,-1.683
-0.655,-1.884
-0.758,0.537
-0.668,0.055
-0.874,0.469
-0.863,-0.616
-1.022,0.57
-1.148,-1.239
-1.141,0.038
-1.09,-0.016
-1.092,-1.442
-1.431,0.409
-1.344,-2.195
-1.525,-0.316
-1.5,-0.795
-1.723,0.851
-2.081,-2.763
-2.766,-2.564
2.433,-2.668
2.453,-2.55
1.858,-2.586
1.634,-2.667
0.8,-2.713
0.048,-2.833
-0.4,-2.577
-0.935,-2.639
2.13,1.225
1.176,1.517
0.467,1.523
-0.97,1.252
-1.869,-1.592
-2.214,-0.372
-2.913,-1.593
2.595,-0.969
2.373,-1.588
2.024,-1.562
0.25,-1.617
-0.364,-0.354
-2.58,-1.195
1.727,-0.136
-0.207,-0.943
-0.522,-1.829
-0.627,-1.415
-1.067,-1.824
-1.265,-1.776
-1.333,-1.008
-2.871,-1.054
2.416,0.635
-0.989,-0.436
-2.437,-2.305
-2.747,-2.356
3.024,-2.517
1.649,-2.561
1.06,-2.403
0.731,-2.467
0.574,-2.547
0.517,-2.474
-0.839,-2.536
-1.026,-2.537
-2.751,-2.758
1.705,-2.931
1.249,-2.792
0.548,-2.988
-0.178,0.109
-0.197,-0.135
-0.14,1.529
-0.169,-0.99
-0.168,-0.437
-0.247,1.3
-0.255,0.885
-0.286,1.135
-0.221,-0.193
-0.323,-0.681
-0.311,-0.159
-0.292,-0.191
-0.379,-0.777
-0.404,-1.336
-0.379,1.501
-0.515,-0.124
-0.605,-0.169
-0.616,0.831
-0.693,0.08
-0.709,-1.797
-0.705,-0.072
-0.803,-1.012
-0.809,0.025
-1.071,-1.819
-1.012,-0.881
-1.095,0.412
-1.097,-0.944
-1.074,0.246
-1.066,0.528
-1.193,-1.719
-1.158,0.535
-1.222,0.664
-1.267,-0.045
-1.425,1.511
-1.521,-0.807
-1.584,1.405
-1.569,0.232
-1.592,1.757
-1.54,0.669
-1.634,-0.658
-1.702,-2.262
-1.802,-2.181
-1.736,-2.162
-2.157,-2.107
-2.177,-2.192
-2.757,-2.107
2.658,-2.084
0.833,-2.255
0.443,-2.312
-0.205,-2.317
-0.348,-2.087
-0.515,-2.266
-0.821,-2.353
-0.94,-2.355
-0.993,-2.227
-1.385,-2.201
-1.503,-2.285
-2.017,1.95
-2.763,2.037
-2.865,1.985
-3.084,2.045
1.58,1.961
0.948,1.978
0.631,1.931
0.631,1.928
0.543,1.947
-0.187,1.838
-0.832,1.95
-1.068,1.74
-2.189,-0.73
-2.843,-0.937
-3.106,1.464
2.609,1.414
1.005,-1.764
3.132,-2.147
-1.74,-0.352
-1.729,0.069
-1.763,-1.398
-1.761,1.774
-1.968,0.52
-1.921,-0.895
-2.116,-0.377
-2.019,-0.323
-2.165,1.496
-2.057,-1.769
-2.21,1.759
-2.2,1.95
-2.231,0.192
-2.133,0.536
-2.288,1.287
-2.309,-1.416
-2.343,-1.251
-2.403,0.061
-2.341,0.8
-2.416,1.775
-2.479,1.111
-2.517,1.818
-2.742,-0.135
-2.764,1.576
-2.796,1.431
-2.685,-1.128
-2.855,1.455
-2.725,0.864
-2.91,-1.454
-2.821,-0.724
-2.88,-1.793
-2.971,-0.934
-3.02,-0.306
-3.04,0.005
2.974,0.883
3.092,-0.846
3.058,0.38
3.032,0.702
2.994,0.881
2.949,1.475
2.938,0.534
2.806,1.829
2.898,-0.24
2.546,1.552
2.522,1.44
2.611,-0.13
2.446,-1.302
2.444,-0.226
2.359,0.871
2.478,1.611
2.313,-0.758
2.413,-1.11
2.268,1.483
2.3,0.453
2.093,0.368
2.061,-1.338
2.026,-1.33
1.803,-0.975
1.784,-0.413
1.612,0.004
1.594,0.867
1.544,-1.186
1.655,0.794
1.506,-0.473
1.501,-0.882
1.474,-0.39
1.327,0.061
1.263,-1.133
1.159,-0.462
1.112,0.049
1.086,-0.778
1.074,-1.167
1.055,-0.68
0.931,0.527
0.734,1.598
0.71,0.337
0.662,1.461
0.771,0.848
0.628,1.635
0.584,1.205
0.477,0.877
0.601,0.561
0.48,-1.211
0.445,-0.023
0.205,-0.661
0.172,-0.082
0.048,-0.15
0.128,1.378
-0.047,0.854
-0.2,-1.187
-0.297,0.446
-0.247,-0.972
-0.402,1.301
-0.344,-1.205
-0.543,-1.406
-0.646,1.015
-0.556,0.533
-0.762,0.947
-0.751,-0.138
-0.91,1.048
-1.036,-0.761
-1.029,0.516
-0.978,0.462
-0.98,-0.964
-1.319,0.887
-1.232,-1.717
-1.413,0.162
-1.388,-0.317
-1.611,1.329
-1.969,-2.285
-2.654,-2.086
2.545,-2.19
2.565,-2.072
1.97,-2.108
1.746,-2.189
0.912,-2.235
0.16,-2.355
-0.288,-2.099
-0.823,-2.161
2.242,1.703
1.288,1.995
0.579,2.001
-0.858,1.73
-1.757,-1.114
-2.102,0.106
-2.801,-1.115
2.707,-0.491
2.485,-1.11
2.136,-1.084
0.362,-1.139
-0.252,0.124
-2.468,-0.717
1.839,0.342
-0.095,-0.465
-0.41,-1.351
-0.515,-0.937
-0.955,-1.346
-1.153,-1.298
-1.221,-0.53
-2.759,-0.576
2.528,1.113
-0.877,0.042
-2.325,-1.827
-2.635,-1.878
3.136,-2.039
1.761,-2.083
1.172,-1.925
0.843,-1.989
0.686,-2.069
0.629,-1.996
-0.727,-2.058
-0.914,-2.059
-2.639,-2.28
1.817,-2.453
1.361,-2.314
0.66,-2.51
-0.019,-0.244
0.038,1.42
0.009,-1.099
0.01,-0.546
-0.069,1.191
-0.077,0.776
-0.108,1.026
-0.043,-0.302
-0.145,-0.79
-0.133,-0.268
-0.114,-0.3
-0.201,-0.886
-0.226,-1.445
-0.201,1.392
-0.337,-0.233
-0.427,-0.278
-0.438,0.722
-0.515,-0.029
-0.531,-1.906
-0.527,-0.181
-0.625,-1.121
-0.631,-0.084
-0.893,-1.928
-0.834,-0.99
-0.917,0.303
-0.919,-1.053
-0.896,0.137
-0.888,0.419
-1.015,-1.828
-0.98,0.426
-1.044,0.555
-1.089,-0.154
-1.247,1.402
-1.343,-0.916
-1.406,1.296
-1.391,0.123
-1.414,1.648
-1.362,0.56
-1.456,-0.767
-1.524,-2.371
-1.624,-2.29
-1.558,-2.271
-1.979,-2.216
-1.999,-2.301
-2.579,-2.216
2.836,-2.193
1.011,-2.364
0.621,-2.421
-0.027,-2.426
-0.17,-2.196
-0.337,-2.375
-0.643,-2.462
-0.762,-2.464
-0.815,-2.336
-1.207,-2.31
-1.325,-2.394
-1.839,1.841
-2.585,1.928
-2.687,1.876
-2.906,1.936
1.758,1.852
1.126,1.869
0.809,1.822
0.809,1.819
0.721,1.838
-0.009,1.729
-0.654,1.841
-0.89,1.631
-2.011,-0.839
-2.665,-1.046
-2.928,1.355
2.787,1.305
1.183,-1.873
-2.973,-2.256
-1.562,-0.461
-1.551,-0.04
-1.585,-1.507
-1.583,1.665
-1.79,0.411
-1.743,-1.004
-1.938,-0.486
-1.841,-0.432
-1.987,1.387
-1.879,-1.878
-2.032,1.65
-2.022,1.841
-2.053,0.083
-1.955,0.427
-2.11,1.178
-2.131,-1.525
-2.165,-1.36
-2.225,-0.048
-2.163,0.691
-2.238,1.666
-2.301,1.002
-2.339,1.709
-2.564,-0.244
-2.586,1.467
-2.618,1.322
-2.507,-1.237
-2.677,1.346
-2.547,0.755
-2.732,-1.563
-2.643,-0.833
-2.702,-1.902
-2.793,-1.043
-2.842,-0.415
-2.862,-0.104
-3.131,0.774
-3.013,-0.955
-3.047,0.271
-3.073,0.593
-3.111,0.772
3.127,1.366
3.116,0.425
2.984,1.72
3.076,-0.349
2.724,1.443
2.7,1.331
2.789,-0.239
2.624,-1.411
2.622,-0.335
2.537,0.762
2.656,1.502
2.491,-0.867
2.591,-1.219
2.446,1.374
2.478,0.344
2.271,0.259
2.239,-1.447
2.204,-1.439
1.981,-1.084
1.962,-0.522
1.79,-0.105
1.772,0.758
1.722,-1.295
1.833,0.685
1.684,-0.582
1.679,-0.991
1.652,-0.499
1.505,-0.048
1.441,-1.242
1.337,-0.571
1.29,-0.06
1.264,-0.887
1.252,-1.276
1.233,-0.789
1.109,0.418
0.912,1.489
0.888,0.228
0.84,1.352
0.949,0.739
0.806,1.526
0.762,1.096
0.655,0.768
0.779,0.452
0.658,-1.32
0.623,-0.132
0.383,-0.77
0.35,-0.191
0.226,-0.259
0.306,1.269
0.131,0.745
-0.022,-1.296
-0.119,0.337
-0.069,-1.081
-0.224,1.192
-0.166,-1.314
-0.365,-1.515
-0.468,0.906
-0.378,0.424
-0.584,0.838
-0.573,-0.247
-0.732,0.939
-0.858,-0.87
-0.851,0.407
-0.8,0.353
-0.802,-1.073
-1.141,0.778
-1.054,-1.826
-1.235,0.053
-1.21,-0.426
-1.433,1.22
-1.791,-2.394
-2.476,-2.195
2.723,-2.299
2.743,-2.181
2.148,-2.217
1.924,-2.298
1.09,-2.344
0.338,-2.464
-0.11,-2.208
-0.645,-2.27
2.42,1.594
1.466,1.886
0.757,1.892
-0.68,1.621
-1.579,-1.223
-1.924,-0.003
-2.623,-1.224
2.885,-0.6
2.663,-1.219
2.314,-1.193
0.54,-1.248
-0.074,0.015
-2.29,-0.826
2.017,0.233
0.083,-0.574
-0.232,-1.46
-0.337,-1.046
-0.777,-1.455
-0.975,-1.407
-1.043,-0.639
-2.581,-0.685
2.706,1.004
-0.699,-0.067
-2.147,-1.936
-2.457,-1.987
-2.969,-2.148
1.939,-2.192
1.35,-2.034
1.021,-2.098
0.864,-2.178
0.807,-2.105
-0.549,-2.167
-0.736,-2.168
-2.461,-2.389
1.995,-2.562
1.539,-2.423
0.838,-2.619
0.057,1.664
0.028,-0.855
0.029,-0.302
-0.05,1.435
-0.058,1.02
-0.089,1.27
-0.024,-0.058
-0.126,-0.546
-0.114,-0.024
-0.095,-0.056
-0.182,-0.642
-0.207,-1.201
-0.182,1.636
-0.318,0.011
-0.408,-0.034
-0.419,0.966
-0.496,0.215
-0.512,-1.662
-0.508,0.063
-0.606,-0.877
-0.612,0.16
-0.874,-1.684
-0.815,-0.746
-0.898,0.547
-0.9,-0.809
-0.877,0.381
-0.869,0.663
-0.996,-1.584
-0.961,0.67
-1.025,0.799
-1.07,0.09
-1.228,1.646
-1.324,-0.672
-1.387,1.54
-1.372,0.367
-1.395,1.892
-1.343,0.804
-1.437,-0.523
-1.505,-2.127
-1.605,-2.046
-1.539,-2.027
-1.96,-1.972
-1.98,-2.057
-2.56,-1.972
2.855,-1.949
1.03,-2.12
0.64,-2.177
-0.008,-2.182
-0.151,-1.952
-0.318,-2.131
-0.624,-2.218
-0.743,-2.22
-0.796,-2.092
-1.188,-2.066
-1.306,-2.15
-1.82,2.085
-2.566,2.172
-2.668,2.12
-2.887,2.18
1.777,2.096
1.145,2.113
0.828,2.066
0.828,2.063
0.74,2.082
0.01,1.973
-0.635,2.085
-0.871,1.875
-1.992,-0.595
-2.646,-0.802
-2.909,1.599
2.806,1.549
1.202,-1.629
-2.954,-2.012
-1.543,-0.217
-1.532,0.204
-1.566,-1.263
-1.564,1.909
-1.771,0.655
-1.724,-0.76
-1.919,-0.242
-1.822,-0.188
-1.968,1.631
-1.86,-1.634
-2.013,1.894
-2.003,2.085
-2.034,0.327
-1.936,0.671
-2.091,1.422
-2.112,-1.281
-2.146,-1.116
-2.206,0.196
-2.144,0.935
-2.219,1.91
-2.282,1.246
-2.32,1.953
-2.545,0.0
-2.567,1.711
-2.599,1.566
-2.488,-0.993
-2.658,1.59
-2.528,0.999
-2.713,-1.319
-2.624,-0.589
-2.683,-1.658
-2.774,-0.799
-2.823,-0.171
-2.843,0.14
-3.112,1.018
-2.994,-0.711
-3.028,0.515
-3.054,0.837
-3.092,1.016
-3.137,1.61
3.135,0.669
3.003,1.964
3.095,-0.105
2.743,1.687
2.719,1.575
2.808,0.005
2.643,-1.167
2.641,-0.091
2.556,1.006
2.675,1.746
2.51,-0.623
2.61,-0.975
2.465,1.618
2.497,0.588
2.29,0.503
2.258,-1.203
2.223,-1.195
2.0,-0.84
1.981,-0.278
1.809,0.139
1.791,1.002
1.741,-1.051
1.852,0.929
1.703,-0.338
1.698,-0.747
1.671,-0.255
1.524,0.196
1.46,-0.998
1.356,-0.327
1.309,0.184
1.283,-0.643
1.271,-1.032
1.252,-0.545
1.128,0.662
0.931,1.733
0.907,0.472
0.859,1.596
0.968,0.983
0.825,1.77
0.781,1.34
0.674,1.012
0.798,0.696
0.677,-1.076
0.642,0.112
0.402,-0.526
0.369,0.053
0.245,-0.015
0.325,1.513
0.15,0.989
-0.003,-1.052
-0.1,0.581
-0.05,-0.837
-0.205,1.436
-0.147,-1.07
-0.346,-1.271
-0.449,1.15
-0.359,0.668
-0.565,1.082
-0.554,-0.003
-0.713,1.183
-0.839,-0.626
-0.832,0.651
-0.781,0.597
-0.783,-0.829
-1.122,1.022
-1.035,-1.582
-1.216,0.297
-1.191,-0.182
-1.414,1.464
-1.772,-2.15
-2.457,-1.951
2.742,-2.055
2.762,-1.937
2.167,-1.973
1.943,-2.054
1.109,-2.1
0.357,-2.22
-0.091,-1.964
-0.626,-2.026
2.439,1.838
1.485,2.13
0.776,2.136
-0.661,1.865
-1.56,-0.979
-1.905,0.241
-2.604,-0.98
2.904,-0.356
2.682,-0.975
2.333,-0.949
0.559,-1.004
-0.055,0.259
-2.271,-0.582
2.036,0.477
0.102,-0.33
-0.213,-1.216
-0.318,-0.802
-0.758,-1.211
-0.956,-1.163
-1.024,-0.395
-2.562,-0.441
2.725,1.248
-0.68,0.177
-2.128,-1.692
-2.438,-1.743
-2.95,-1.904
1.958,-1.948
1.369,-1.79
1.04,-1.854
0.883,-1.934
0.826,-1.861
-0.53,-1.923
-0.717,-1.924
-2.442,-2.145
2.014,-2.318
1.558,-2.179
0.857,-2.375
-0.029,-2.519
-0.028,-1.966
-0.107,-0.229
-0.115,-0.644
-0.146,-0.394
-0.081,-1.722
-0.183,-2.21
-0.171,-1.688
-0.152,-1.72
-0.239,-2.306
-0.264,-2.865
-0.239,-0.028
-0.375,-1.653
-0.465,-1.698
-0.476,-0.698
-0.553,-1.449
-0.569,-3.326
-0.565,-1.601
-0.663,-2.541
-0.669,-1.504
-0.931,-3.348
-0.872,-2.41
-0.955,-1.117
-0.957,-2.473
-0.934,-1.283
-0.926,-1.001
-1.053,-3.248
-1.018,-0.994
-1.082,-0.865
-1.127,-1.574
-1.285,-0.018
-1.381,-2.336
-1.444,-0.124
-1.429,-1.297
-1.452,0.228
-1.4,-0.86
-1.494,-2.187
-1.562,-3.791
-1.662,-3.71
-1.596,-3.691
-2.017,-3.636
-2.037,-3.721
-2.617,-3.636
2.798,-3.613
0.973,-3.784
0.583,-3.841
-0.065,-3.846
-0.208,-3.616
-0.375,-3.795
-0.681,-3.882
-0.8,-3.884
-0.853,-3.756
-1.245,-3.73
-1.363,-3.814
-1.877,0.421
-2.623,0.508
-2.725,0.456
-2.944,0.516
1.72,0.432
1.088,0.449
0.771,0.402
0.771,0.399
0.683,0.418
-0.047,0.309
-0.692,0.421
-0.928,0.211
-2.049,-2.259
-2.703,-2.466
-2.966,-0.065
2.749,-0.115
1.145,-3.293
-3.011,-3.676
-1.6,-1.881
-1.589,-1.46
-1.623,-2.927
-1.621,0.245
-1.828,-1.009
-1.781,-2.424
-1.976,-1.906
-1.879,-1.852
-2.025,-0.033
-1.917,-3.298
-2.07,0.23
-2.06,0.421
-2.091,-1.337
-1.993,-0.993
-2.148,-0.242
-2.169,-2.945
-2.203,-2.78
-2.263,-1.468
-2.201,-0.729
-2.276,0.246
-2.339,-0.418
-2.377,0.289
-2.602,-1.664
-2.624,0.047
-2.656,-0.098
-2.545,-2.657
-2.715,-0.074
-2.585,-0.665
-2.77,-2.983
-2.681,-2.253
-2.74,-3.322
-2.831,-2.463
-2.88,-1.835
-2.9,-1.524
3.114,-0.646
-3.051,-2.375
-3.085,-1.149
-3.111,-0.827
3.134,-0.648
3.089,-0.054
3.078,-0.995
2.946,0.3
3.038,-1.769
2.686,0.023
2.662,-0.089
2.751,-1.659
2.586,-2.831
2.584,-1.755
2.499,-0.658
2.618,0.082
2.453,-2.287
2.553,-2.639
2.408,-0.046
2.44,-1.076
2.233,-1.161
2.201,-2.867
2.166,-2.859
1.943,-2.504
1.924,-1.942
1.752,-1.525
1.734,-0.662
1.684,-2.715
1.795,-0.735
1.646,-2.002
1.641,-2.411
1.614,-1.919
1.467,-1.468
1.403,-2.662
1.299,-1.991
1.252,-1.48
1.226,-2.307
1.214,-2.696
1.195,-2.209
1.071,-1.002
0.874,0.069
0.85,-1.192
0.802,-0.068
0.911,-0.681
0.768,0.106
0.724,-0.324
0.617,-0.652
0.741,-0.968
0.62,-2.74
0.585,-1.552
0.345,-2.19
0.312,-1.611
0.188,-1.679
0.268,-0.151
0.093,-0.675
-0.06,-2.716
-0.157,-1.083
-0.107,-2.501
-0.262,-0.228
-0.204,-2.734
-0.403,-2.935
-0.506,-0.514
-0.416,-0.996
-0.622,-0.582
-0.611,-1.667
-0.77,-0.481
-0.896,-2.29
-0.889,-1.013
-0.838,-1.067
-0.84,-2.493
-1.179,-0.642
-1.092,-3.246
-1.273,-1.367
-1.248,-1.846
-1.471,-0.2
-1.829,-3.814
-2.514,-3.615
2.685,-3.719
2.705,-3.601
2.11,-3.637
1.886,-3.718
1.052,-3.764
0.3,-3.884
-0.148,-3.628
-0.683,-3.69
2.382,0.174
1.428,0.466
0.719,0.472
-0.718,0.201
-1.617,-2.643
-1.962,-1.423
-2.661,-2.644
2.847,-2.02
2.625,-2.639
2.276,-2.613
0.502,-2.668
-0.112,-1.405
-2.328,-2.246
1.979,-1.187
0.045,-1.994
-0.27,-2.88
-0.375,-2.466
-0.815,-2.875
-1.013,-2.827
-1.081,-2.059
-2.619,-2.105
2.668,-0.416
-0.737,-1.487
-2.185,-3.356
-2.495,-3.407
-3.007,-3.568
1.901,-3.612
1.312,-3.454
0.983,-3.518
0.826,-3.598
0.769,-3.525
-0.587,-3.587
-0.774,-3.588
-2.499,-3.809
1.957,-3.982
1.501,-3.843
0.8,-4.039
0.001,0.553
-0.078,2.29
-0.086,1.875
-0.117,2.125
-0.052,0.797
-0.154,0.309
-0.142,0.831
-0.123,0.799
-0.21,0.213
-0.235,-0.346
-0.21,2.491
-0.346,0.866
-0.436,0.821
-0.447,1.821
-0.524,1.07
-0.54,-0.807
-0.536,0.918
-0.634,-0.022
-0.64,1.015
-0.902,-0.829
-0.843,0.109
-0.926,1.402
-0.928,0.046
-0.905,1.236
-0.897,1.518
-1.024,-0.729
-0.989,1.525
-1.053,1.654
-1.098,0.945
-1.256,2.501
-1.352,0.183
-1.415,2.395
-1.4,1.222
-1.423,2.747
-1.371,1.659
-1.465,0.332
-1.533,-1.272
-1.633,-1.191
-1.567,-1.172
-1.988,-1.117
-2.008,-1.202
-2.588,-1.117
2.827,-1.094
1.002,-1.265
0.612,-1.322
-0.036,-1.327
-0.179,-1.097
-0.346,-1.276
-0.652,-1.363
-0.771,-1.365
-0.824,-1.237
-1.216,-1.211
-1.334,-1.295
-1.848,2.94
-2.594,3.027
-2.696,2.975
-2.915,3.035
1.749,2.951
1.117,2.968
0.8,2.921
0.8,2.918
0.712,2.937
-0.018,2.828
-0.663,2.94
-0.899,2.73
-2.02,0.26
-2.674,0.053
-2.937,2.454
2.778,2.404
1.174,-0.774
-2.982,-1.157
-1.571,0.638
-1.56,1.059
-1.594,-0.408
-1.592,2.764
-1.799,1.51
-1.752,0.095
-1.947,0.613
-1.85,0.667
-1.996,2.486
-1.888,-0.779
-2.041,2.749
-2.031,2.94
-2.062,1.182
-1.964,1.526
-2.119,2.277
-2.14,-0.426
-2.174,-0.261
-2.234,1.051
-2.172,1.79
-2.247,2.765
-2.31,2.101
-2.348,2.808
-2.573,0.855
-2.595,2.566
-2.627,2.421
-2.516,-0.138
-2.686,2.445
-2.556,1.854
-2.741,-0.464
-2.652,0.266
-2.711,-0.803
-2.802,0.056
-2.851,0.684
-2.871,0.995
-3.14,1.873
-3.022,0.144
-3.056,1.37
-3.082,1.692
-3.12,1.871
3.118,2.465
3.107,1.524
2.975,2.819
3.067,0.75
2.715,2.542
2.691,2.43
2.78,0.86
2.615,-0.312
2.613,0.764
2.528,1.861
2.647,2.601
2.482,0.232
2.582,-0.12
2.437,2.473
2.469,1.443
2.262,1.358
2.23,-0.348
2.195,-0.34
1.972,0.015
1.953,0.577
1.781,0.994
1.763,1.857
1.713,-0.196
1.824,1.784
1.675,0.517
1.67,0.108
1.643,0.6
1.496,1.051
1.432,-0.143
1.328,0.528
1.281,1.039
1.255,0.212
1.243,-0.177
1.224,0.31
1.1,1.517
0.903,2.588
0.879,1.327
0.831,2.451
0.94,1.838
0.797,2.625
0.753,2.195
0.646,1.867
0.77,1.551
0.649,-0.221
0.614,0.967
0.374,0.329
0.341,0.908
0.217,0.84
0.297,2.368
0.122,1.844
-0.031,-0.197
-0.128,1.436
-0.078,0.018
-0.233,2.291
-0.175,-0.215
-0.374,-0.416
-0.477,2.005
-0.387,1.523
-0.593,1.937
-0.582,0.852
-0.741,2.038
-0.867,0.229
-0.86,1.506
-0.809,1.452
-0.811,0.026
-1.15,1.877
-1.063,-0.727
-1.244,1.152
-1.219,0.673
-1.442,2.319
-1.8,-1.295
-2.485,-1.096
2.714,-1.2
2.734,-1.082
2.139,-1.118
1.915,-1.199
1.081,-1.245
0.329,-1.365
-0.119,-1.109
-0.654,-1.171
2.411,2.693
1.457,2.985
0.748,2.991
-0.689,2.72
-1.588,-0.124
-1.933,1.096
-2.632,-0.125
2.876,0.499
2.654,-0.12
2.305,-0.094
0.531,-0.149
-0.083,1.114
-2.299,0.273
2.008,1.332
0.074,0.525
-0.241,-0.361
-0.346,0.053
-0.786,-0.356
-0.984,-0.308
-1.052,0.46
-2.59,0.414
2.697,2.103
-0.708,1.032
-2.156,-0.837
-2.466,-0.888
-2.978,-1.049
1.93,-1.093
1.341,-0.935
1.012,-0.999
0.855,-1.079
0.798,-1.006
-0.558,-1.068
-0.745,-1.069
-2.47,-1.29
1.986,-1.463
1.53,-1.324
0.829,-1.52
-0.079,1.737
-0.087,1.322
-0.118,1.572
-0.053,0.244
-0.155,-0.244
-0.143,0.278
-0.124,0.246
-0.211,-0.34
-0.236,-0.899
-0.211,1.938
-0.347,0.313
-0.437,0.268
-0.448,1.268
-0.525,0.517
-0.541,-1.36
-0.537,0.365
-0.635,-0.575
-0.641,0.462
-0.903,-1.382
-0.844,-0.444
-0.927,0.849
-0.929,-0.507
-0.906,0.683
-0.898,0.965
-1.025,-1.282
-0.99,0.972
-1.054,1.101
-1.099,0.392
-1.257,1.948
-1.353,-0.37
-1.416,1.842
-1.401,0.669
-1.424,2.194
-1.372,1.106
-1.466,-0.221
-1.534,-1.825
-1.634,-1.744
-1.568,-1.725
-1.989,-1.67
-2.009,-1.755
-2.589,-1.67
2.826,-1.647
1.001,-1.818
0.611,-1.875
-0.037,-1.88
-0.18,-1.65
-0.347,-1.829
-0.653,-1.916
-0.772,-1.918
-0.825,-1.79
-1.217,-1.764
-1.335,-1.848
-1.849,2.387
-2.595,2.474
-2.697,2.422
-2.916,2.482
1.748,2.398
1.116,2.415
0.799,2.368
0.799,2.365
0.711,2.384
-0.019,2.275
-0.664,2.387
-0.9,2.177
-2.021,-0.293
-2.675,-0.5
-2.938,1.901
2.777,1.851
1.173,-1.327
-2.983,-1.71
-1.572,0.085
-1.561,0.506
-1.595,-0.961
-1.593,2.211
-1.8,0.957
-1.753,-0.458
-1.948,0.06
-1.851,0.114
-1.997,1.933
-1.889,-1.332
-2.042,2.196
-2.032,2.387
-2.063,0.629
-1.965,0.973
-2.12,1.724
-2.141,-0.979
-2.175,-0.814
-2.235,0.498
-2.173,1.237
-2.248,2.212
-2.311,1.548
-2.349,2.255
-2.574,0.302
-2.596,2.013
-2.628,1.868
-2.517,-0.691
-2.687,1.892
-2.557,1.301
-2.742,-1.017
-2.653,-0.287
-2.712,-1.356
-2.803,-0.497
-2.852,0.131
-2.872,0.442
-3.141,1.32
-3.023,-0.409
-3.057,0.817
-3.083,1.139
-3.121,1.318
3.117,1.912
3.106,0.971
2.974,2.266
3.066,0.197
2.714,1.989
2.69,1.877
2.779,0.307
2.614,-0.865
2.612,0.211
2.527,1.308
2.646,2.048
2.481,-0.321
2.581,-0.673
2.436,1.92
2.468,0.89
2.261,0.805
2.229,-0.901
2.194,-0.893
1.971,-0.538
1.952,0.024
1.78,0.441
1.762,1.304
1.712,-0.749
1.823,1.231
1.674,-0.036
1.669,-0.445
1.642,0.047
1.495,0.498
1.431,-0.696
1.327,-0.025
1.28,0.486
1.254,-0.341
1.242,-0.73
1.223,-0.243
1.099,0.964
0.902,2.035
0.878,0.774
0.83,1.898
0.939,1.285
0.796,2.072
0.752,1.642
0.645,1.314
0.769,0.998
0.648,-0.774
0.613,0.414
0.373,-0.224
0.34,0.355
0.216,0.287
0.296,1.815
0.121,1.291
-0.032,-0.75
-0.129,0.883
-0.079,-0.535
-0.234,1.738
-0.176,-0.768
-0.375,-0.969
-0.478,1.452
-0.388,0.97
-0.594,1.384
-0.583,0.299
-0.742,1.485
-0.868,-0.324
-0.861,0.953
-0.81,0.899
-0.812,-0.527
-1.151,1.324
-1.064,-1.28
-1.245,0.599
-1.22,0.12
-1.443,1.766
-1.801,-1.848
-2.486,-1.649
2.713,-1.753
2.733,-1.635
2.138,-1.671
1.914,-1.752
1.08,-1.798
0.328,-1.918
-0.12,-1.662
-0.655,-1.724
2.41,2.14
1.456,2.432
0.747,2.438
-0.69,2.167
-1.589,-0.677
-1.934,0.543
-2.633,-0.678
2.875,-0.054
2.653,-0.673
2.304,-0.647
0.53,-0.702
-0.084,0.561
-2.3,-0.28
2.007,0.779
0.073,-0.028
-0.242,-0.914
-0.347,-0.5
-0.787,-0.909
-0.985,-0.861
-1.053,-0.093
-2.591,-0.139
2.696,1.55
-0.709,0.479
-2.157,-1.39
-2.467,-1.441
-2.979,-1.602
1.929,-1.646
1.34,-1.488
1.011,-1.552
0.854,-1.632
0.797,-1.559
-0.559,-1.621
-0.746,-1.622
-2.471,-1.843
1.985,-2.016
1.529,-1.877
0.828,-2.073
-0.008,-0.415
-0.039,-0.165
0.026,-1.493
-0.076,-1.981
-0.064,-1.459
-0.045,-1.491
-0.132,-2.077
-0.157,-2.636
-0.132,0.201
-0.268,-1.424
-0.358,-1.469
-0.369,-0.469
-0.446,-1.22
-0.462,-3.097
-0.458,-1.372
-0.556,-2.312
-0.562,-1.275
-0.824,-3.119
-0.765,-2.181
-0.848,-0.888
-0.85,-2.244
-0.827,-1.054
-0.819,-0.772
-0.946,-3.019
-0.911,-0.765
-0.975,-0.636
-1.02,-1.345
-1.178,0.211
-1.274,-2.107
-1.337,0.105
-1.322,-1.068
-1.345,0.457
-1.293,-0.631
-1.387,-1.958
-1.455,-3.562
-1.555,-3.481
-1.489,-3.462
-1.91,-3.407
-1.93,-3.492
-2.51,-3.407
2.905,-3.384
1.08,-3.555
0.69,-3.612
0.042,-3.617
-0.101,-3.387
-0.268,-3.566
-0.574,-3.653
-0.693,-3.655
-0.746,-3.527
-1.138,-3.501
-1.256,-3.585
-1.77,0.65
-2.516,0.737
-2.618,0.685
-2.837,0.745
1.827,0.661
1.195,0.678
0.878,0.631
0.878,0.628
0.79,0.647
0.06,0.538
-0.585,0.65
-0.821,0.44
-1.942,-2.03
-2.596,-2.237
-2.859,0.164
2.856,0.114
1.252,-3.064
-2.904,-3.447
-1.493,-1.652
-1.482,-1.231
-1.516,-2.698
-1.514,0.474
-1.721,-0.78
-1.674,-2.195
-1.869,-1.677
-1.772,-1.623
-1.918,0.196
-1.81,-3.069
-1.963,0.459
-1.953,0.65
-1.984,-1.108
-1.886,-0.764
-2.041,-0.013
-2.062,-2.716
-2.096,-2.551
-2.156,-1.239
-2.094,-0.5
-2.169,0.475
-2.232,-0.189
-2.27,0.518
-2.495,-1.435
-2.517,0.276
-2.549,0.131
-2.438,-2.428
-2.608,0.155
-2.478,-0.436
-2.663,-2.754
-2.574,-2.024
-2.633,-3.093
-2.724,-2.234
-2.773,-1.606
-2.793,-1.295
-3.062,-0.417
-2.944,-2.146
-2.978,-0.92
-3.004,-0.598
-3.042,-0.419
-3.087,0.175
-3.098,-0.766
3.053,0.529
-3.138,-1.54
2.793,0.252
2.769,0.14
2.858,-1.43
2.693,-2.602
2.691,-1.526
2.606,-0.429
2.725,0.311
2.56,-2.058
2.66,-2.41
2.515,0.183
2.547,-0.847
2.34,-0.932
2.308,-2.638
2.273,-2.63
2.05,-2.275
2.031,-1.713
1.859,-1.296
1.841,-0.433
1.791,-2.486
1.902,-0.506
1.753,-1.773
1.748,-2.182
1.721,-1.69
1.574,-1.239
1.51,-2.433
1.406,-1.762
1.359,-1.251
1.333,-2.078
1.321,-2.467
1.302,-1.98
1.178,-0.773
0.981,0.298
0.957,-0.963
0.909,0.161
1.018,-0.452
0.875,0.335
0.831,-0.095
0.724,-0.423
0.848,-0.739
0.727,-2.511
0.692,-1.323
0.452,-1.961
0.419,-1.382
0.295,-1.45
0.375,0.078
0.2,-0.446
0.047,-2.487
-0.05,-0.854
0.0,-2.272
-0.155,0.001
-0.097,-2.505
-0.296,-2.706
-0.399,-0.285
-0.309,-0.767
-0.515,-0.353
-0.504,-1.438
-0.663,-0.252
-0.789,-2.061
-0.782,-0.784
-0.731,-0.838
-0.733,-2.264
-1.072,-0.413
-0.985,-3.017
-1.166,-1.138
-1.141,-1.617
-1.364,0.029
-1.722,-3.585
-2.407,-3.386
2.792,-3.49
2.812,-3.372
2.217,-3.408
1.993,-3.489
1.159,-3.535
0.407,-3.655
-0.041,-3.399
-0.576,-3.461
2.489,0.403
1.535,0.695
0.826,0.701
-0.611,0.43
-1.51,-2.414
-1.855,-1.194
-2.554,-2.415
2.954,-1.791
2.732,-2.41
2.383,-2.384
0.609,-2.439
-0.005,-1.176
-2.221,-2.017
2.086,-0.958
0.152,-1.765
-0.163,-2.651
-0.268,-2.237
-0.708,-2.646
-0.906,-2.598
-0.974,-1.83
-2.512,-1.876
2.775,-0.187
-0.63,-1.258
-2.078,-3.127
-2.388,-3.178
-2.9,-3.339
2.008,-3.383
1.419,-3.225
1.09,-3.289
0.933,-3.369
0.876,-3.296
-0.48,-3.358
-0.667,-3.359
-2.392,-3.58
2.064,-3.753
1.608,-3.614
0.907,-3.81
-0.031,0.25
0.034,-1.078
-0.068,-1.566
-0.056,-1.044
-0.037,-1.076
-0.124,-1.662
-0.149,-2.221
-0.124,0.616
-0.26,-1.009
-0.35,-1.054
-0.361,-0.054
-0.438,-0.805
-0.454,-2.682
-0.45,-0.957
-0.548,-1.897
-0.554,-0.86
-0.816,-2.704
-0.757,-1.766
-0.84,-0.473
-0.842,-1.829
-0.819,-0.639
-0.811,-0.357
-0.938,-2.604
-0.903,-0.35
-0.967,-0.221
-1.012,-0.93
-1.17,0.626
-1.266,-1.692
-1.329,0.52
-1.314,-0.653
-1.337,0.872
-1.285,-0.216
-1.379,-1.543
-1.447,-3.147
-1.547,-3.066
-1.481,-3.047
-1.902,-2.992
-1.922,-3.077
-2.502,-2.992
2.913,-2.969
1.088,-3.14
0.698,-3.197
0.05,-3.202
-0.093,-2.972
-0.26,-3.151
-0.566,-3.238
-0.685,-3.24
-0.738,-3.112
-1.13,-3.086
-1.248,-3.17
-1.762,1.065
-2.508,1.152
-2.61,1.1
-2.829,1.16
1.835,1.076
1.203,1.093
0.886,1.046
0.886,1.043
0.798,1.062
0.068,0.953
-0.577,1.065
-0.813,0.855
-1.934,-1.615
-2.588,-1.822
-2.851,0.579
2.864,0.529
1.26,-2.649
-2.896,-3.032
-1.485,-1.237
-1.474,-0.816
-1.508,-2.283
-1.506,0.889
-1.713,-0.365
-1.666,-1.78
-1.861,-1.262
-1.764,-1.208
-1.91,0.611
-1.802,-2.654
-1.955,0.874
-1.945,1.065
-1.976,-0.693
-1.878,-0.349
-2.033,0.402
-2.054,-2.301
-2.088,-2.136
-2.148,-0.824
-2.086,-0.085
-2.161,0.89
-2.224,0.226
-2.262,0.933
-2.487,-1.02
-2.509,0.691
-2.541,0.546
-2.43,-2.013
-2.6,0.57
-2.47,-0.021
-2.655,-2.339
-2.566,-1.609
-2.625,-2.678
-2.716,-1.819
-2.765,-1.191
-2.785,-0.88
-3.054,-0.002
-2.936,-1.731
-2.97,-0.505
-2.996,-0.183
-3.034,-0.004
-3.079,0.59
-3.09,-0.351
3.061,0.944
-3.13,-1.125
2.801,0.667
2.777,0.555
2.866,-1.015
2.701,-2.187
2.699,-1.111
2.614,-0.014
2.733,0.726
2.568,-1.643
2.668,-1.995
2.523,0.598
2.555,-0.432
2.348,-0.517
2.316,-2.223
2.281,-2.215
2.058,-1.86
2.039,-1.298
1.867,-0.881
1.849,-0.018
1.799,-2.071
1.91,-0.091
1.761,-1.358
1.756,-1.767
1.729,-1.275
1.582,-0.824
1.518,-2.018
1.414,-1.347
1.367,-0.836
1.341,-1.663
1.329,-2.052
1.31,-1.565
1.186,-0.358
0.989,0.713
0.965,-0.548
0.917,0.576
1.026,-0.037
0.883,0.75
0.839,0.32
0.732,-0.008
0.856,-0.324
0.735,-2.096
0.7,-0.908
0.46,-1.546
0.427,-0.967
0.303,-1.035
0.383,0.493
0.208,-0.031
0.055,-2.072
-0.042,-0.439
0.008,-1.857
-0.147,0.416
-0.089,-2.09
-0.288,-2.291
-0.391,0.13
-0.301,-0.352
-0.507,0.062
-0.496,-1.023
-0.655,0.163
-0.781,-1.646
-0.774,-0.369
-0.723,-0.423
-0.725,-1.849
-1.064,0.002
-0.977,-2.602
-1.158,-0.723
-1.133,-1.202
-1.356,0.444
-1.714,-3.17
-2.399,-2.971
2.8,-3.075
2.82,-2.957
2.225,-2.993
2.001,-3.074
1.167,-3.12
0.415,-3.24
-0.033,-2.984
-0.568,-3.046
2.497,0.818
1.543,1.11
0.834,1.116
-0.603,0.845
-1.502,-1.999
-1.847,-0.779
-2.546,-2.0
2.962,-1.376
2.74,-1.995
2.391,-1.969
0.617,-2.024
0.003,-0.761
-2.213,-1.602
2.094,-0.543
0.16,-1.35
-0.155,-2.236
-0.26,-1.822
-0.7,-2.231
-0.898,-2.183
-0.966,-1.415
-2.504,-1.461
2.783,0.228
-0.622,-0.843
-2.07,-2.712
-2.38,-2.763
-2.892,-2.924
2.016,-2.968
1.427,-2.81
1.098,-2.874
0.941,-2.954
0.884,-2.881
-0.472,-2.943
-0.659,-2.944
-2.384,-3.165
2.072,-3.338
1.616,-3.199
0.915,-3.395
0.065,-1.328
-0.037,-1.816
-0.025,-1.294
-0.006,-1.326
-0.093,-1.912
-0.118,-2.471
-0.093,0.366
-0.229,-1.259
-0.319,-1.304
-0.33,-0.304
-0.407,-1.055
-0.423,-2.932
-0.419,-1.207
-0.517,-2.147
-0.523,-1.11
-0.785,-2.954
-0.726,-2.016
-0.809,-0.723
-0.811,-2.079
-0.788,-0.889
-0.78,-0.607
-0.907,-2.854
-0.872,-0.6
-0.936,-0.471
-0.981,-1.18
-1.139,0.376
-1.235,-1.942
-1.298,0.27
-1.283,-0.903
-1.306,0.622
-1.254,-0.466
-1.348,-1.793
-1.416,-3.397
-1.516,-3.316
-1.45,-3.297
-1.871,-3.242
-1.891,-3.327
-2.471,-3.242
2.944,-3.219
1.119,-3.39
0.729,-3.447
0.081,-3.452
-0.062,-3.222
-0.229,-3.401
-0.535,-3.488
-0.654,-3.49
-0.707,-3.362
-1.099,-3.336
-1.217,-3.42
-1.731,0.815
-2.477,0.902
-2.579,0.85
-2.798,0.91
1.866,0.826
1.234,0.843
0.917,0.796
0.917,0.793
0.829,0.812
0.099,0.703
-0.546,0.815
-0.782,0.605
-1.903,-1.865
-2.557,-2.072
-2.82,0.329
2.895,0.279
1.291,-2.899
-2.865,-3.282
-1.454,-1.487
-1.443,-1.066
-1.477,-2.533
-1.475,0.639
-1.682,-0.615
-1.635,-2.03
-1.83,-1.512
-1.733,-1.458
-1.879,0.361
-1.771,-2.904
-1.924,0.624
-1.914,0.815
-1.945,-0.943
-1.847,-0.599
-2.002,0.152
-2.023,-2.551
-2.057,-2.386
-2.117,-1.074
-2.055,-0.335
-2.13,0.64
-2.193,-0.024
-2.231,0.683
-2.456,-1.27
-2.478,0.441
-2.51,0.296
-2.399,-2.263
-2.569,0.32
-2.439,-0.271
-2.624,-2.589
-2.535,-1.859
-2.594,-2.928
-2.685,-2.069
-2.734,-1.441
-2.754,-1.13
-3.023,-0.252
-2.905,-1.981
-2.939,-0.755
-2.965,-0.433
-3.003,-0.254
-3.048,0.34
-3.059,-0.601
3.092,0.694
-3.099,-1.375
2.832,0.417
2.808,0.305
2.897,-1.265
2.732,-2.437
2.73,-1.361
2.645,-0.264
2.764,0.476
2.599,-1.893
2.699,-2.245
2.554,0.348
2.586,-0.682
2.379,-0.767
2.347,-2.473
2.312,-2.465
2.089,-2.11
2.07,-1.548
1.898,-1.131
1.88,-0.268
1.83,-2.321
1.941,-0.341
1.792,-1.608
1.787,-2.017
1.76,-1.525
1.613,-1.074
1.549,-2.268
1.445,-1.597
1.398,-1.086
1.372,-1.913
1.36,-2.302
1.341,-1.815
1.217,-0.608
1.02,0.463
0.996,-0.798
0.948,0.326
1.057,-0.287
0.914,0.5
0.87,0.07
0.763,-0.258
0.887,-0.574
0.766,-2.346
0.731,-1.158
0.491,-1.796
0.458,-1.217
0.334,-1.285
0.414,0.243
0.239,-0.281
0.086,-2.322
-0.011,-0.689
0.039,-2.107
-0.116,0.166
-0.058,-2.34
-0.257,-2.541
-0.36,-0.12
-0.27,-0.602
-0.476,-0.188
-0.465,-1.273
-0.624,-0.087
-0.75,-1.896
-0.743,-0.619
-0.692,-0.673
-0.694,-2.099
-1.033,-0.248
-0.946,-2.852
-1.127,-0.973
-1.102,-1.452
-1.325,0.194
-1.683,-3.42
-2.368,-3.221
2.831,-3.325
2.851,-3.207
2.256,-3.243
2.032,-3.324
1.198,-3.37
0.446,-3.49
-0.002,-3.234
-0.537,-3.296
2.528,0.568
1.574,0.86
0.865,0.866
-0.572,0.595
-1.471,-2.249
-1.816,-1.029
-2.515,-2.25
2.993,-1.626
2.771,-2.245
2.422,-2.219
0.648,-2.274
0.034,-1.011
-2.182,-1.852
2.125,-0.793
0.191,-1.6
-0.124,-2.486
-0.229,-2.072
-0.669,-2.481
-0.867,-2.433
-0.935,-1.665
-2.473,-1.711
2.814,-0.022
-0.591,-1.093
-2.039,-2.962
-2.349,-3.013
-2.861,-3.174
2.047,-3.218
1.458,-3.06
1.129,-3.124
0.972,-3.204
0.915,-3.131
-0.441,-3.193
-0.628,-3.194
-2.353,-3.415
2.103,-3.588
1.647,-3.449
0.946,-3.645
-0.102,-0.488
-0.09,0.034
-0.071,0.002
-0.158,-0.584
-0.183,-1.143
-0.158,1.694
-0.294,0.069
-0.384,0.024
-0.395,1.024
-0.472,0.273
-0.488,-1.604
-0.484,0.121
-0.582,-0.819
-0.588,0.218
-0.85,-1.626
-0.791,-0.688
-0.874,0.605
-0.876,-0.751
-0.853,0.439
-0.845,0.721
-0.972,-1.526
-0.937,0.728
-1.001,0.857
-1.046,0.148
-1.204,1.704
-1.3,-0.614
-1.363,1.598
-1.348,0.425
-1.371,1.95
-1.319,0.862
-1.413,-0.465
-1.481,-2.069
-1.581,-1.988
-1.515,-1.969
-1.936,-1.914
-1.956,-1.999
-2.536,-1.914
2.879,-1.891
1.054,-2.062
0.664,-2.119
0.016,-2.124
-0.127,-1.894
-0.294,-2.073
-0.6,-2.16
-0.719,-2.162
-0.772,-2.034
-1.164,-2.008
-1.282,-2.092
-1.796,2.143
-2.542,2.23
-2.644,2.178
-2.863,2.238
1.801,2.154
1.169,2.171
0.852,2.124
0.852,2.121
0.764,2.14
0.034,2.031
-0.611,2.143
-0.847,1.933
-1.968,-0.537
-2.622,-0.744
-2.885,1.657
2.83,1.607
1.226,-1.571
-2.93,-1.954
-1.519,-0.159
-1.508,0.262
-1.542,-1.205
-1.54,1.967
-1.747,0.713
-1.7,-0.702
-1.895,-0.184
-1.798,-0.13
-1.944,1.689
-1.836,-1.576
-1.989,1.952
-1.979,2.143
-2.01,0.385
-1.912,0.729
-2.067,1.48
-2.088,-1.223
-2.122,-1.058
-2.182,0.254
-2.12,0.993
-2.195,1.968
-2.258,1.304
-2.296,2.011
-2.521,0.058
-2.543,1.769
-2.575,1.624
-2.464,-0.935
-2.634,1.648
-2.504,1.057
-2.689,-1.261
-2.6,-0.531
-2.659,-1.6
-2.75,-0.741
-2.799,-0.113
-2.819,0.198
-3.088,1.076
-2.97,-0.653
-3.004,0.573
-3.03,0.895
-3.068,1.074
-3.113,1.668
-3.124,0.727
3.027,2.022
3.119,-0.047
2.767,1.745
2.743,1.633
2.832,0.063
2.667,-1.109
2.665,-0.033
2.58,1.064
2.699,1.804
2.534,-0.565
2.634,-0.917
2.489,1.676
2.521,0.646
2.314,0.561
2.282,-1.145
2.247,-1.137
2.024,-0.782
2.005,-0.22
1.833,0.197
1.815,1.06
1.765,-0.993
1.876,0.987
1.727,-0.28
1.722,-0.689
1.695,-0.197
1.548,0.254
1.484,-0.94
1.38,-0.269
1.333,0.242
1.307,-0.585
1.295,-0.974
1.276,-0.487
1.152,0.72
0.955,1.791
0.931,0.53
0.883,1.654
0.992,1.041
0.849,1.828
0.805,1.398
0.698,1.07
0.822,0.754
0.701,-1.018
0.666,0.17
0.426,-0.468
0.393,0.111
0.269,0.043
0.349,1.571
0.174,1.047
0.021,-0.994
-0.076,0.639
-0.026,-0.779
-0.181,1.494
-0.123,-1.012
-0.322,-1.213
-0.425,1.208
-0.335,0.726
-0.541,1.14
-0.53,0.055
-0.689,1.241
-0.815,-0.568
-0.808,0.709
-0.757,0.655
-0.759,-0.771
-1.098,1.08
-1.011,-1.524
-1.192,0.355
-1.167,-0.124
-1.39,1.522
-1.748,-2.092
-2.433,-1.893
2.766,-1.997
2.786,-1.879
2.191,-1.915
1.967,-1.996
1.133,-2.042
0.381,-2.162
-0.067,-1.906
-0.602,-1.968
2.463,1.896
1.509,2.188
0.8,2.194
-0.637,1.923
-1.536,-0.921
-1.881,0.299
-2.58,-0.922
2.928,-0.298
2.706,-0.917
2.357,-0.891
0.583,-0.946
-0.031,0.317
-2.247,-0.524
2.06,0.535
0.126,-0.272
-0.189,-1.158
-0.294,-0.744
-0.734,-1.153
-0.932,-1.105
-1.0,-0.337
-2.538,-0.383
2.749,1.306
-0.656,0.235
-2.104,-1.634
-2.414,-1.685
-2.926,-1.846
1.982,-1.89
1.393,-1.732
1.064,-1.796
0.907,-1.876
0.85,-1.803
-0.506,-1.865
-0.693,-1.866
-2.418,-2.087
2.038,-2.26
1.582,-2.121
0.881,-2.317
0.012,0.522
0.031,0.49
-0.056,-0.096
-0.081,-0.655
-0.056,2.182
-0.192,0.557
-0.282,0.512
-0.293,1.512
-0.37,0.761
-0.386,-1.116
-0.382,0.609
-0.48,-0.331
-0.486,0.706
-0.748,-1.138
-0.689,-0.2
-0.772,1.093
-0.774,-0.263
-0.751,0.927
-0.743,1.209
-0.87,-1.038
-0.835,1.216
-0.899,1.345
-0.944,0.636
-1.102,2.192
-1.198,-0.126
-1.261,2.086
-1.246,0.913
-1.269,2.438
-1.217,1.35
-1.311,0.023
-1.379,-1.581
-1.479,-1.5
-1.413,-1.481
-1.834,-1.426
-1.854,-1.511
-2.434,-1.426
2.981,-1.403
1.156,-1.574
0.766,-1.631
0.118,-1.636
-0.025,-1.406
-0.192,-1.585
-0.498,-1.672
-0.617,-1.674
-0.67,-1.546
-1.062,-1.52
-1.18,-1.604
-1.694,2.631
-2.44,2.718
-2.542,2.666
-2.761,2.726
1.903,2.642
1.271,2.659
0.954,2.612
0.954,2.609
0.866,2.628
0.136,2.519
-0.509,2.631
-0.745,2.421
-1.866,-0.049
-2.52,-0.256
-2.783,2.145
2.932,2.095
1.328,-1.083
-2.828,-1.466
-1.417,0.329
-1.406,0.75
-1.44,-0.717
-1.438,2.455
-1.645,1.201
-1.598,-0.214
-1.793,0.304
-1.696,0.358
-1.842,2.177
-1.734,-1.088
-1.887,2.44
-1.877,2.631
-1.908,0.873
-1.81,1.217
-1.965,1.968
-1.986,-0.735
-2.02,-0.57
-2.08,0.742
-2.018,1.481
-2.093,2.456
-2.156,1.792
-2.194,2.499
-2.419,0.546
-2.441,2.257
-2.473,2.112
-2.362,-0.447
-2.532,2.136
-2.402,1.545
-2.587,-0.773
-2.498,-0.043
-2.557,-1.112
-2.648,-0.253
-2.697,0.375
-2.717,0.686
-2.986,1.564
-2.868,-0.165
-2.902,1.061
-2.928,1.383
-2.966,1.562
-3.011,2.156
-3.022,1.215
3.129,2.51
-3.062,0.441
2.869,2.233
2.845,2.121
2.934,0.551
2.769,-0.621
2.767,0.455
2.682,1.552
2.801,2.292
2.636,-0.077
2.736,-0.429
2.591,2.164
2.623,1.134
2.416,1.049
2.384,-0.657
2.349,-0.649
2.126,-0.294
2.107,0.268
1.935,0.685
1.917,1.548
1.867,-0.505
1.978,1.475
1.829,0.208
1.824,-0.201
1.797,0.291
1.65,0.742
1.586,-0.452
1.482,0.219
1.435,0.73
1.409,-0.097
1.397,-0.486
1.378,0.001
1.254,1.208
1.057,2.279
1.033,1.018
0.985,2.142
1.094,1.529
0.951,2.316
0.907,1.886
0.8,1.558
0.924,1.242
0.803,-0.53
0.768,0.658
0.528,0.02
0.495,0.599
0.371,0.531
0.451,2.059
0.276,1.535
0.123,-0.506
0.026,1.127
0.076,-0.291
-0.079,1.982
-0.021,-0.524
-0.22,-0.725
-0.323,1.696
-0.233,1.214
-0.439,1.628
-0.428,0.543
-0.587,1.729
-0.713,-0.08
-0.706,1.197
-0.655,1.143
-0.657,-0.283
-0.996,1.568
-0.909,-1.036
-1.09,0.843
-1.065,0.364
-1.288,2.01
-1.646,-1.604
-2.331,-1.405
2.868,-1.509
2.888,-1.391
2.293,-1.427
2.069,-1.508
1.235,-1.554
0.483,-1.674
0.035,-1.418
-0.5,-1.48
2.565,2.384
1.611,2.676
0.902,2.682
-0.535,2.411
-1.434,-0.433
-1.779,0.787
-2.478,-0.434
3.03,0.19
2.808,-0.429
2.459,-0.403
0.685,-0.458
0.071,0.805
-2.145,-0.036
2.162,1.023
0.228,0.216
-0.087,-0.67
-0.192,-0.256
-0.632,-0.665
-0.83,-0.617
-0.898,0.151
-2.436,0.105
2.851,1.794
-0.554,0.723
-2.002,-1.146
-2.312,-1.197
-2.824,-1.358
2.084,-1.402
1.495,-1.244
1.166,-1.308
1.009,-1.388
0.952,-1.315
-0.404,-1.377
-0.591,-1.378
-2.316,-1.599
2.14,-1.772
1.684,-1.633
0.983,-1.829
0.019,-0.032
-0.068,-0.618
-0.093,-1.177
-0.068,1.66
-0.204,0.035
-0.294,-0.01
-0.305,0.99
-0.382,0.239
-0.398,-1.638
-0.394,0.087
-0.492,-0.853
-0.498,0.184
-0.76,-1.66
-0.701,-0.722
-0.784,0.571
-0.786,-0.785
-0.763,0.405
-0.755,0.687
-0.882,-1.56
-0.847,0.694
-0.911,0.823
-0.956,0.114
-1.114,1.67
-1.21,-0.648
-1.273,1.564
-1.258,0.391
-1.281,1.916
-1.229,0.828
-1.323,-0.499
-1.391,-2.103
-1.491,-2.022
-1.425,-2.003
-1.846,-1.948
-1.866,-2.033
-2.446,-1.948
2.969,-1.925
1.144,-2.096
0.754,-2.153
0.106,-2.158
-0.037,-1.928
-0.204,-2.107
-0.51,-2.194
-0.629,-2.196
-0.682,-2.068
-1.074,-2.042
-1.192,-2.126
-1.706,2.109
-2.452,2.196
-2.554,2.144
-2.773,2.204
1.891,2.12
1.259,2.137
0.942,2.09
0.942,2.087
0.854,2.106
0.124,1.997
-0.521,2.109
-0.757,1.899
-1.878,-0.571
-2.532,-0.778
-2.795,1.623
2.92,1.573
1.316,-1.605
-2.84,-1.988
-1.429,-0.193
-1.418,0.228
-1.452,-1.239
-1.45,1.933
-1.657,0.679
-1.61,-0.736
-1.805,-0.218
-1.708,-0.164
-1.854,1.655
-1.746,-1.61
-1.899,1.918
-1.889,2.109
-1.92,0.351
-1.822,0.695
-1.977,1.446
-1.998,-1.257
-2.032,-1.092
-2.092,0.22
-2.03,0.959
-2.105,1.934
-2.168,1.27
-2.206,1.977
-2.431,0.024
-2.453,1.735
-2.485,1.59
-2.374,-0.969
-2.544,1.614
-2.414,1.023
-2.599,-1.295
-2.51,-0.565
-2.569,-1.634
-2.66,-0.775
-2.709,-0.147
-2.729,0.164
-2.998,1.042
-2.88,-0.687
-2.914,0.539
-2.94,0.861
-2.978,1.04
-3.023,1.634
-3.034,0.693
3.117,1.988
-3.074,-0.081
2.857,1.711
2.833,1.599
2.922,0.029
2.757,-1.143
2.755,-0.067
2.67,1.03
2.789,1.77
2.624,-0.599
2.724,-0.951
2.579,1.642
2.611,0.612
2.404,0.527
2.372,-1.179
2.337,-1.171
2.114,-0.816
2.095,-0.254
1.923,0.163
1.905,1.026
1.855,-1.027
1.966,0.953
1.817,-0.314
1.812,-0.723
1.785,-0.231
1.638,0.22
1.574,-0.974
1.47,-0.303
1.423,0.208
1.397,-0.619
1.385,-1.008
1.366,-0.521
1.242,0.686
1.045,1.757
1.021,0.496
0.973,1.62
1.082,1.007
0.939,1.794
0.895,1.364
0.788,1.036
0.912,0.72
0.791,-1.052
0.756,0.136
0.516,-0.502
0.483,0.077
0.359,0.009
0.439,1.537
0.264,1.013
0.111,-1.028
0.014,0.605
0.064,-0.813
-0.091,1.46
-0.033,-1.046
-0.232,-1.247
-0.335,1.174
-0.245,0.692
-0.451,1.106
-0.44,0.021
-0.599,1.207
-0.725,-0.602
-0.718,0.675
-0.667,0.621
-0.669,-0.805
-1.008,1.046
-0.921,-1.558
-1.102,0.321
-1.077,-0.158
-1.3,1.488
-1.658,-2.126
-2.343,-1.927
2.856,-2.031
2.876,-1.913
2.281,-1.949
2.057,-2.03
1.223,-2.076
0.471,-2.196
0.023,-1.94
-0.512,-2.002
2.553,1.862
1.599,2.154
0.89,2.16
-0.547,1.889
-1.446,-0.955
-1.791,0.265
-2.49,-0.956
3.018,-0.332
2.796,-0.951
2.447,-0.925
0.673,-0.98
0.059,0.283
-2.157,-0.558
2.15,0.501
0.216,-0.306
-0.099,-1.192
-0.204,-0.778
-0.644,-1.187
-0.842,-1.139
-0.91,-0.371
-2.448,-0.417
2.839,1.272
-0.566,0.201
-2.014,-1.668
-2.324,-1.719
-2.836,-1.88
2.072,-1.924
1.483,-1.766
1.154,-1.83
0.997,-1.91
0.94,-1.837
-0.416,-1.899
-0.603,-1.9
-2.328,-2.121
2.128,-2.294
1.672,-2.155
0.971,-2.351
-0.087,-0.586
-0.112,-1.145
-0.087,1.692
-0.223,0.067
-0.313,0.022
-0.324,1.022
-0.401,0.271
-0.417,-1.606
-0.413,0.119
-0.511,-0.821
-0.517,0.216
-0.779,-1.628
-0.72,-0.69
-0.803,0.603
-0.805,-0.753
-0.782,0.437
-0.774,0.719
-0.901,-1.528
-0.866,0.726
-0.93,0.855
-0.975,0.146
-1.133,1.702
-1.229,-0.616
-1.292,1.596
-1.277,0.423
-1.3,1.948
-1.248,0.86
-1.342,-0.467
-1.41,-2.071
-1.51,-1.99
-1.444,-1.971
-1.865,-1.916
-1.885,-2.001
-2.465,-1.916
2.95,-1.893
1.125,-2.064
0.735,-2.121
0.087,-2.126
-0.056,-1.896
-0.223,-2.075
-0.529,-2.162
-0.648,-2.164
-0.701,-2.036
-1.093,-2.01
-1.211,-2.094
-1.725,2.141
-2.471,2.228
-2.573,2.176
-2.792,2.236
1.872,2.152
1.24,2.169
0.923,2.122
0.923,2.119
0.835,2.138
0.105,2.029
-0.54,2.141
-0.776,1.931
-1.897,-0.539
-2.551,-0.746
-2.814,1.655
2.901,1.605
1.297,-1.573
-2.859,-1.956
-1.448,-0.161
-1.437,0.26
-1.471,-1.207
-1.469,1.965
-1.676,0.711
-1.629,-0.704
-1.824,-0.186
-1.727,-0.132
-1.873,1.687
-1.765,-1.578
-1.918,1.95
-1.908,2.141
-1.939,0.383
-1.841,0.727
-1.996,1.478
-2.017,-1.225
-2.051,-1.06
-2.111,0.252
-2.049,0.991
-2.124,1.966
-2.187,1.302
-2.225,2.009
-2.45,0.056
-2.472,1.767
-2.504,1.622
-2.393,-0.937
-2.563,1.646
-2.433,1.055
-2.618,-1.263
-2.529,-0.533
-2.588,-1.602
-2.679,-0.743
-2.728,-0.115
-2.748,0.196
-3.017,1.074
-2.899,-0.655
-2.933,0.571
-2.959,0.893
-2.997,1.072
-3.042,1.666
-3.053,0.725
3.098,2.02
-3.093,-0.049
2.838,1.743
2.814,1.631
2.903,0.061
2.738,-1.111
2.736,-0.035
2.651,1.062
2.77,1.802
2.605,-0.567
2.705,-0.919
2.56,1.674
2.592,0.644
2.385,0.559
2.353,-1.147
2.318,-1.139
2.095,-0.784
2.076,-0.222
1.904,0.195
1.886,1.058
1.836,-0.995
1.947,0.985
1.798,-0.282
1.793,-0.691
1.766,-0.199
1.619,0.252
1.555,-0.942
1.451,-0.271
1.404,0.24
1.378,-0.587
1.366,-0.976
1.347,-0.489
1.223,0.718
1.026,1.789
1.002,0.528
0.954,1.652
1.063,1.039
0.92,1.826
0.876,1.396
0.769,1.068
0.893,0.752
0.772,-1.02
0.737,0.168
0.497,-0.47
0.464,0.109
0.34,0.041
0.42,1.569
0.245,1.045
0.092,-0.996
-0.005,0.637
0.045,-0.781
-0.11,1.492
-0.052,-1.014
-0.251,-1.215
-0.354,1.206
-0.264,0.724
-0.47,1.138
-0.459,0.053
-0.618,1.239
-0.744,-0.57
-0.737,0.707
-0.686,0.653
-0.688,-0.773
-1.027,1.078
-0.94,-1.526
-1.121,0.353
-1.096,-0.126
-1.319,1.52
-1.677,-2.094
-2.362,-1.895
2.837,-1.999
2.857,-1.881
2.262,-1.917
2.038,-1.998
1.204,-2.044
0.452,-2.164
0.004,-1.908
-0.531,-1.97
2.534,1.894
1.58,2.186
0.871,2.192
-0.566,1.921
-1.465,-0.923
-1.81,0.297
-2.509,-0.924
2.999,-0.3
2.777,-0.919
2.428,-0.893
0.654,-0.948
0.04,0.315
-2.176,-0.526
2.131,0.533
0.197,-0.274
-0.118,-1.16
-0.223,-0.746
-0.663,-1.155
-0.861,-1.107
-0.929,-0.339
-2.467,-0.385
2.82,1.304
-0.585,0.233
-2.033,-1.636
-2.343,-1.687
-2.855,-1.848
2.053,-1.892
1.464,-1.734
1.135,-1.798
0.978,-1.878
0.921,-1.805
-0.435,-1.867
-0.622,-1.868
-2.347,-2.089
2.109,-2.262
1.653,-2.123
0.952,-2.319
-0.025,-0.559
0.0,2.278
-0.136,0.653
-0.226,0.608
-0.237,1.608
-0.314,0.857
-0.33,-1.02
-0.326,0.705
-0.424,-0.235
-0.43,0.802
-0.692,-1.042
-0.633,-0.104
-0.716,1.189
-0.718,-0.167
-0.695,1.023
-0.687,1.305
-0.814,-0.942
-0.779,1.312
-0.843,1.441
-0.888,0.732
-1.046,2.288
-1.142,-0.03
-1.205,2.182
-1.19,1.009
-1.213,2.534
-1.161,1.446
-1.255,0.119
-1.323,-1.485
-1.423,-1.404
-1.357,-1.385
-1.778,-1.33
-1.798,-1.415
-2.378,-1.33
3.037,-1.307
1.212,-1.478
0.822,-1.535
0.174,-1.54
0.031,-1.31
-0.136,-1.489
-0.442,-1.576
-0.561,-1.578
-0.614,-1.45
-1.006,-1.424
-1.124,-1.508
-1.638,2.727
-2.384,2.814
-2.486,2.762
-2.705,2.822
1.959,2.738
1.327,2.755
1.01,2.708
1.01,2.705
0.922,2.724
0.192,2.615
-0.453,2.727
-0.689,2.517
-1.81,0.047
-2.464,-0.16
-2.727,2.241
2.988,2.191
1.384,-0.987
-2.772,-1.37
-1.361,0.425
-1.35,0.846
-1.384,-0.621
-1.382,2.551
-1.589,1.297
-1.542,-0.118
-1.737,0.4
-1.64,0.454
-1.786,2.273
-1.678,-0.992
-1.831,2.536
-1.821,2.727
-1.852,0.969
-1.754,1.313
-1.909,2.064
-1.93,-0.639
-1.964,-0.474
-2.024,0.838
-1.962,1.577
-2.037,2.552
-2.1,1.888
-2.138,2.595
-2.363,0.642
-2.385,2.353
-2.417,2.208
-2.306,-0.351
-2.476,2.232
-2.346,1.641
-2.531,-0.677
-2.442,0.053
-2.501,-1.016
-2.592,-0.157
-2.641,0.471
-2.661,0.782
-2.93,1.66
-2.812,-0.069
-2.846,1.157
-2.872,1.479
-2.91,1.658
-2.955,2.252
-2.966,1.311
-3.098,2.606
-3.006,0.537
2.925,2.329
2.901,2.217
2.99,0.647
2.825,-0.525
2.823,0.551
2.738,1.648
2.857,2.388
2.692,0.019
2.792,-0.333
2.647,2.26
2.679,1.23
2.472,1.145
2.44,-0.561
2.405,-0.553
2.182,-0.198
2.163,0.364
1.991,0.781
1.973,1.644
1.923,-0.409
2.034,1.571
1.885,0.304
1.88,-0.105
1.853,0.387
1.706,0.838
1.642,-0.356
1.538,0.315
1.491,0.826
1.465,-0.001
1.453,-0.39
1.434,0.097
1.31,1.304
1.113,2.375
1.089,1.114
1.041,2.238
1.15,1.625
1.007,2.412
0.963,1.982
0.856,1.654
0.98,1.338
0.859,-0.434
0.824,0.754
0.584,0.116
0.551,0.695
0.427,0.627
0.507,2.155
0.332,1.631
0.179,-0.41
0.082,1.223
0.132,-0.195
-0.023,2.078
0.035,-0.428
-0.164,-0.629
-0.267,1.792
-0.177,1.31
-0.383,1.724
-0.372,0.639
-0.531,1.825
-0.657,0.016
-0.65,1.293
-0.599,1.239
-0.601,-0.187
-0.94,1.664
-0.853,-0.94
-1.034,0.939
-1.009,0.46
-1.232,2.106
-1.59,-1.508
-2.275,-1.309
2.924,-1.413
2.944,-1.295
2.349,-1.331
2.125,-1.412
1.291,-1.458
0.539,-1.578
0.091,-1.322
-0.444,-1.384
2.621,2.48
1.667,2.772
0.958,2.778
-0.479,2.507
-1.378,-0.337
-1.723,0.883
-2.422,-0.338
3.086,0.286
2.864,-0.333
2.515,-0.307
0.741,-0.362
0.127,0.901
-2.089,0.06
2.218,1.119
0.284,0.312
-0.031,-0.574
-0.136,-0.16
-0.576,-0.569
-0.774,-0.521
-0.842,0.247
-2.38,0.201
2.907,1.89
-0.498,0.819
-1.946,-1.05
-2.256,-1.101
-2.768,-1.262
2.14,-1.306
1.551,-1.148
1.222,-1.212
1.065,-1.292
1.008,-1.219
-0.348,-1.281
-0.535,-1.282
-2.26,-1.503
2.196,-1.676
1.74,-1.537
1.039,-1.733
0.025,2.837
-0.111,1.212
-0.201,1.167
-0.212,2.167
-0.289,1.416
-0.305,-0.461
-0.301,1.264
-0.399,0.324
-0.405,1.361
-0.667,-0.483
-0.608,0.455
-0.691,1.748
-0.693,0.392
-0.67,1.582
-0.662,1.864
-0.789,-0.383
-0.754,1.871
-0.818,2.0
-0.863,1.291
-1.021,2.847
-1.117,0.529
-1.18,2.741
-1.165,1.568
-1.188,3.093
-1.136,2.005
-1.23,0.678
-1.298,-0.926
-1.398,-0.845
-1.332,-0.826
-1.753,-0.771
-1.773,-0.856
-2.353,-0.771
3.062,-0.748
1.237,-0.919
0.847,-0.976
0.199,-0.981
0.056,-0.751
-0.111,-0.93
-0.417,-1.017
-0.536,-1.019
-0.589,-0.891
-0.981,-0.865
-1.099,-0.949
-1.613,3.286
-2.359,3.373
-2.461,3.321
-2.68,3.381
1.984,3.297
1.352,3.314
1.035,3.267
1.035,3.264
0.947,3.283
0.217,3.174
-0.428,3.286
-0.664,3.076
-1.785,0.606
-2.439,0.399
-2.702,2.8
3.013,2.75
1.409,-0.428
-2.747,-0.811
-1.336,0.984
-1.325,1.405
-1.359,-0.062
-1.357,3.11
-1.564,1.856
-1.517,0.441
-1.712,0.959
-1.615,1.013
-1.761,2.832
-1.653,-0.433
-1.806,3.095
-1.796,3.286
-1.827,1.528
-1.729,1.872
-1.884,2.623
-1.905,-0.08
-1.939,0.085
-1.999,1.397
-1.937,2.136
-2.012,3.111
-2.075,2.447
-2.113,3.154
-2.338,1.201
-2.36,2.912
-2.392,2.767
-2.281,0.208
-2.451,2.791
-2.321,2.2
-2.506,-0.118
-2.417,0.612
-2.476,-0.457
-2.567,0.402
-2.616,1.03
-2.636,1.341
-2.905,2.219
-2.787,0.49
-2.821,1.716
-2.847,2.038
-2.885,2.217
-2.93,2.811
-2.941,1.87
-3.073,3.165
-2.981,1.096
2.95,2.888
2.926,2.776
3.015,1.206
2.85,0.034
2.848,1.11
2.763,2.207
2.882,2.947
2.717,0.578
2.817,0.226
2.672,2.819
2.704,1.789
2.497,1.704
2.465,-0.002
2.43,0.006
2.207,0.361
2.188,0.923
2.016,1.34
1.998,2.203
1.948,0.15
2.059,2.13
1.91,0.863
1.905,0.454
1.878,0.946
1.731,1.397
1.667,0.203
1.563,0.874
1.516,1.385
1.49,0.558
1.478,0.169
1.459,0.656
1.335,1.863
1.138,2.934
1.114,1.673
1.066,2.797
1.175,2.184
1.032,2.971
0.988,2.541
0.881,2.213
1.005,1.897
0.884,0.125
0.849,1.313
0.609,0.675
0.576,1.254
0.452,1.186
0.532,2.714
0.357,2.19
0.204,0.149
0.107,1.782
0.157,0.364
0.002,2.637
0.06,0.131
-0.139,-0.07
-0.242,2.351
-0.152,1.869
-0.358,2.283
-0.347,1.198
-0.506,2.384
-0.632,0.575
-0.625,1.852
-0.574,1.798
-0.576,0.372
-0.915,2.223
-0.828,-0.381
-1.009,1.498
-0.984,1.019
-1.207,2.665
-1.565,-0.949
-2.25,-0.75
2.949,-0.854
2.969,-0.736
2.374,-0.772
2.15,-0.853
1.316,-0.899
0.564,-1.019
0.116,-0.763
-0.419,-0.825
2.646,3.039
1.692,3.331
0.983,3.337
-0.454,3.066
-1.353,0.222
-1.698,1.442
-2.397,0.221
3.111,0.845
2.889,0.226
2.54,0.252
0.766,0.197
0.152,1.46
-2.064,0.619
2.243,1.678
0.309,0.871
-0.006,-0.015
-0.111,0.399
-0.551,-0.01
-0.749,0.038
-0.817,0.806
-2.355,0.76
2.932,2.449
-0.473,1.378
-1.921,-0.491
-2.231,-0.542
-2.743,-0.703
2.165,-0.747
1.576,-0.589
1.247,-0.653
1.09,-0.733
1.033,-0.66
-0.323,-0.722
-0.51,-0.723
-2.235,-0.944
2.221,-1.117
1.765,-0.978
1.064,-1.174
-0.136,-1.625
-0.226,-1.67
-0.237,-0.67
-0.314,-1.421
-0.33,-3.298
-0.326,-1.573
-0.424,-2.513
-0.43,-1.476
-0.692,-3.32
-0.633,-2.382
-0.716,-1.089
-0.718,-2.445
-0.695,-1.255
-0.687,-0.973
-0.814,-3.22
-0.779,-0.966
-0.843,-0.837
-0.888,-1.546
-1.046,0.01
-1.142,-2.308
-1.205,-0.096
-1.19,-1.269
-1.213,0.256
-1.161,-0.832
-1.255,-2.159
-1.323,-3.763
-1.423,-3.682
-1.357,-3.663
-1.778,-3.608
-1.798,-3.693
-2.378,-3.608
3.037,-3.585
1.212,-3.756
0.822,-3.813
0.174,-3.818
0.031,-3.588
-0.136,-3.767
-0.442,-3.854
-0.561,-3.856
-0.614,-3.728
-1.006,-3.702
-1.124,-3.786
-1.638,0.449
-2.384,0.536
-2.486,0.484
-2.705,0.544
1.959,0.46
1.327,0.477
1.01,0.43
1.01,0.427
0.922,0.446
0.192,0.337
-0.453,0.449
-0.689,0.239
-1.81,-2.231
-2.464,-2.438
-2.727,-0.037
2.988,-0.087
1.384,-3.265
-2.772,-3.648
-1.361,-1.853
-1.35,-1.432
-1.384,-2.899
-1.382,0.273
-1.589,-0.981
-1.542,-2.396
-1.737,-1.878
-1.64,-1.824
-1.786,-0.005
-1.678,-3.27
-1.831,0.258
-1.821,0.449
-1.852,-1.309
-1.754,-0.965
-1.909,-0.214
-1.93,-2.917
-1.964,-2.752
-2.024,-1.44
-1.962,-0.701
-2.037,0.274
-2.1,-0.39
-2.138,0.317
-2.363,-1.636
-2.385,0.075
-2.417,-0.07
-2.306,-2.629
-2.476,-0.046
-2.346,-0.637
-2.531,-2.955
-2.442,-2.225
-2.501,-3.294
-2.592,-2.435
-2.641,-1.807
-2.661,-1.496
-2.93,-0.618
-2.812,-2.347
-2.846,-1.121
-2.872,-0.799
-2.91,-0.62
-2.955,-0.026
-2.966,-0.967
-3.098,0.328
-3.006,-1.741
2.925,0.051
2.901,-0.061
2.99,-1.631
2.825,-2.803
2.823,-1.727
2.738,-0.63
2.857,0.11
2.692,-2.259
2.792,-2.611
2.647,-0.018
2.679,-1.048
2.472,-1.133
2.44,-2.839
2.405,-2.831
2.182,-2.476
2.163,-1.914
1.991,-1.497
1.973,-0.634
1.923,-2.687
2.034,-0.707
1.885,-1.974
1.88,-2.383
1.853,-1.891
1.706,-1.44
1.642,-2.634
1.538,-1.963
1.491,-1.452
1.465,-2.279
1.453,-2.668
1.434,-2.181
1.31,-0.974
1.113,0.097
1.089,-1.164
1.041,-0.04
1.15,-0.653
1.007,0.134
0.963,-0.296
0.856,-0.624
0.98,-0.94
0.859,-2.712
0.824,-1.524
0.584,-2.162
0.551,-1.583
0.427,-1.651
0.507,-0.123
0.332,-0.647
0.179,-2.688
0.082,-1.055
0.132,-2.473
-0.023,-0.2
0.035,-2.706
-0.164,-2.907
-0.267,-0.486
-0.177,-0.968
-0.383,-0.554
-0.372,-1.639
-0.531,-0.453
-0.657,-2.262
-0.65,-0.985
-0.599,-1.039
-0.601,-2.465
-0.94,-0.614
-0.853,-3.218
-1.034,-1.339
-1.009,-1.818
-1.232,-0.172
-1.59,-3.786
-2.275,-3.587
2.924,-3.691
2.944,-3.573
2.349,-3.609
2.125,-3.69
1.291,-3.736
0.539,-3.856
0.091,-3.6
-0.444,-3.662
2.621,0.202
1.667,0.494
0.958,0.5
-0.479,0.229
-1.378,-2.615
-1.723,-1.395
-2.422,-2.616
3.086,-1.992
2.864,-2.611
2.515,-2.585
0.741,-2.64
0.127,-1.377
-2.089,-2.218
2.218,-1.159
0.284,-1.966
-0.031,-2.852
-0.136,-2.438
-0.576,-2.847
-0.774,-2.799
-0.842,-2.031
-2.38,-2.077
2.907,-0.388
-0.498,-1.459
-1.946,-3.328
-2.256,-3.379
-2.768,-3.54
2.14,-3.584
1.551,-3.426
1.222,-3.49
1.065,-3.57
1.008,-3.497
-0.348,-3.559
-0.535,-3.56
-2.26,-3.781
2.196,-3.954
1.74,-3.815
1.039,-4.011
-0.09,-0.045
-0.101,0.955
-0.178,0.204
-0.194,-1.673
-0.19,0.052
-0.288,-0.888
-0.294,0.149
-0.556,-1.695
-0.497,-0.757
-0.58,0.536
-0.582,-0.82
-0.559,0.37
-0.551,0.652
-0.678,-1.595
-0.643,0.659
-0.707,0.788
-0.752,0.079
-0.91,1.635
-1.006,-0.683
-1.069,1.529
-1.054,0.356
-1.077,1.881
-1.025,0.793
-1.119,-0.534
-1.187,-2.138
-1.287,-2.057
-1.221,-2.038
-1.642,-1.983
-1.662,-2.068
-2.242,-1.983
-3.11,-1.96
1.348,-2.131
0.958,-2.188
0.31,-2.193
0.167,-1.963
0.0,-2.142
-0.306,-2.229
-0.425,-2.231
-0.478,-2.103
-0.87,-2.077
-0.988,-2.161
-1.502,2.074
-2.248,2.161
-2.35,2.109
-2.569,2.169
2.095,2.085
1.463,2.102
1.146,2.055
1.146,2.052
1.058,2.071
0.328,1.962
-0.317,2.074
-0.553,1.864
-1.674,-0.606
-2.328,-0.813
-2.591,1.588
3.124,1.538
1.52,-1.64
-2.636,-2.023
-1.225,-0.228
-1.214,0.193
-1.248,-1.274
-1.246,1.898
-1.453,0.644
-1.406,-0.771
-1.601,-0.253
-1.504,-0.199
-1.65,1.62
-1.542,-1.645
-1.695,1.883
-1.685,2.074
-1.716,0.316
-1.618,0.66
-1.773,1.411
-1.794,-1.292
-1.828,-1.127
-1.888,0.185
-1.826,0.924
-1.901,1.899
-1.964,1.235
-2.002,1.942
-2.227,-0.011
-2.249,1.7
-2.281,1.555
-2.17,-1.004
-2.34,1.579
-2.21,0.988
-2.395,-1.33
-2.306,-0.6
-2.365,-1.669
-2.456,-0.81
-2.505,-0.182
-2.525,0.129
-2.794,1.007
-2.676,-0.722
-2.71,0.504
-2.736,0.826
-2.774,1.005
-2.819,1.599
-2.83,0.658
-2.962,1.953
-2.87,-0.116
3.061,1.676
3.037,1.564
3.126,-0.006
2.961,-1.178
2.959,-0.102
2.874,0.995
2.993,1.735
2.828,-0.634
2.928,-0.986
2.783,1.607
2.815,0.577
2.608,0.492
2.576,-1.214
2.541,-1.206
2.318,-0.851
2.299,-0.289
2.127,0.128
2.109,0.991
2.059,-1.062
2.17,0.918
2.021,-0.349
2.016,-0.758
1.989,-0.266
1.842,0.185
1.778,-1.009
1.674,-0.338
1.627,0.173
1.601,-0.654
1.589,-1.043
1.57,-0.556
1.446,0.651
1.249,1.722
1.225,0.461
1.177,1.585
1.286,0.972
1.143,1.759
1.099,1.329
0.992,1.001
1.116,0.685
0.995,-1.087
0.96,0.101
0.72,-0.537
0.687,0.042
0.563,-0.026
0.643,1.502
0.468,0.978
0.315,-1.063
0.218,0.57
0.268,-0.848
0.113,1.425
0.171,-1.081
-0.028,-1.282
-0.131,1.139
-0.041,0.657
-0.247,1.071
-0.236,-0.014
-0.395,1.172
-0.521,-0.637
-0.514,0.64
-0.463,0.586
-0.465,-0.84
-0.804,1.011
-0.717,-1.593
-0.898,0.286
-0.873,-0.193
-1.096,1.453
-1.454,-2.161
-2.139,-1.962
3.06,-2.066
3.08,-1.948
2.485,-1.984
2.261,-2.065
1.427,-2.111
0.675,-2.231
0.227,-1.975
-0.308,-2.037
2.757,1.827
1.803,2.119
1.094,2.125
-0.343,1.854
-1.242,-0.99
-1.587,0.23
-2.286,-0.991
-3.061,-0.367
3.0,-0.986
2.651,-0.96
0.877,-1.015
0.263,0.248
-1.953,-0.593
2.354,0.466
0.42,-0.341
0.105,-1.227
0.0,-0.813
-0.44,-1.222
-0.638,-1.174
-0.706,-0.406
-2.244,-0.452
3.043,1.237
-0.362,0.166
-1.81,-1.703
-2.12,-1.754
-2.632,-1.915
2.276,-1.959
1.687,-1.801
1.358,-1.865
1.201,-1.945
1.144,-1.872
-0.212,-1.934
-0.399,-1.935
-2.124,-2.156
2.332,-2.329
1.876,-2.19
1.175,-2.386
-0.011,1.0
-0.088,0.249
-0.104,-1.628
-0.1,0.097
-0.198,-0.843
-0.204,0.194
-0.466,-1.65
-0.407,-0.712
-0.49,0.581
-0.492,-0.775
-0.469,0.415
-0.461,0.697
-0.588,-1.55
-0.553,0.704
-0.617,0.833
-0.662,0.124
-0.82,1.68
-0.916,-0.638
-0.979,1.574
-0.964,0.401
-0.987,1.926
-0.935,0.838
-1.029,-0.489
-1.097,-2.093
-1.197,-2.012
-1.131,-1.993
-1.552,-1.938
-1.572,-2.023
-2.152,-1.938
-3.02,-1.915
1.438,-2.086
1.048,-2.143
0.4,-2.148
0.257,-1.918
0.09,-2.097
-0.216,-2.184
-0.335,-2.186
-0.388,-2.058
-0.78,-2.032
-0.898,-2.116
-1.412,2.119
-2.158,2.206
-2.26,2.154
-2.479,2.214
2.185,2.13
1.553,2.147
1.236,2.1
1.236,2.097
1.148,2.116
0.418,2.007
-0.227,2.119
-0.463,1.909
-1.584,-0.561
-2.238,-0.768
-2.501,1.633
-3.069,1.583
1.61,-1.595
-2.546,-1.978
-1.135,-0.183
-1.124,0.238
-1.158,-1.229
-1.156,1.943
-1.363,0.689
-1.316,-0.726
-1.511,-0.208
-1.414,-0.154
-1.56,1.665
-1.452,-1.6
-1.605,1.928
-1.595,2.119
-1.626,0.361
-1.528,0.705
-1.683,1.456
-1.704,-1.247
-1.738,-1.082
-1.798,0.23
-1.736,0.969
-1.811,1.944
-1.874,1.28
-1.912,1.987
-2.137,0.034
-2.159,1.745
-2.191,1.6
-2.08,-0.959
-2.25,1.624
-2.12,1.033
-2.305,-1.285
-2.216,-0.555
-2.275,-1.624
-2.366,-0.765
-2.415,-0.137
-2.435,0.174
-2.704,1.052
-2.586,-0.677
-2.62,0.549
-2.646,0.871
-2.684,1.05
-2.729,1.644
-2.74,0.703
-2.872,1.998
-2.78,-0.071
-3.132,1.721
3.127,1.609
-3.067,0.039
3.051,-1.133
3.049,-0.057
2.964,1.04
3.083,1.78
2.918,-0.589
3.018,-0.941
2.873,1.652
2.905,0.622
2.698,0.537
2.666,-1.169
2.631,-1.161
2.408,-0.806
2.389,-0.244
2.217,0.173
2.199,1.036
2.149,-1.017
2.26,0.963
2.111,-0.304
2.106,-0.713
2.079,-0.221
1.932,0.23
1.868,-0.964
1.764,-0.293
1.717,0.218
1.691,-0.609
1.679,-0.998
1.66,-0.511
1.536,0.696
1.339,1.767
1.315,0.506
1.267,1.63
1.376,1.017
1.233,1.804
1.189,1.374
1.082,1.046
1.206,0.73
1.085,-1.042
1.05,0.146
0.81,-0.492
0.777,0.087
0.653,0.019
0.733,1.547
0.558,1.023
0.405,-1.018
0.308,0.615
0.358,-0.803
0.203,1.47
0.261,-1.036
0.062,-1.237
-0.041,1.184
0.049,0.702
-0.157,1.116
-0.146,0.031
-0.305,1.217
-0.431,-0.592
-0.424,0.685
-0.373,0.631
-0.375,-0.795
-0.714,1.056
-0.627,-1.548
-0.808,0.331
-0.783,-0.148
-1.006,1.498
-1.364,-2.116
-2.049,-1.917
-3.133,-2.021
-3.113,-1.903
2.575,-1.939
2.351,-2.02
1.517,-2.066
0.765,-2.186
0.317,-1.93
-0.218,-1.992
2.847,1.872
1.893,2.164
1.184,2.17
-0.253,1.899
-1.152,-0.945
-1.497,0.275
-2.196,-0.946
-2.971,-0.322
3.09,-0.941
2.741,-0.915
0.967,-0.97
0.353,0.293
-1.863,-0.548
2.444,0.511
0.51,-0.296
0.195,-1.182
0.09,-0.768
-0.35,-1.177
-0.548,-1.129
-0.616,-0.361
-2.154,-0.407
3.133,1.282
-0.272,0.211
-1.72,-1.658
-2.03,-1.709
-2.542,-1.87
2.366,-1.914
1.777,-1.756
1.448,-1.82
1.291,-1.9
1.234,-1.827
-0.122,-1.889
-0.309,-1.89
-2.034,-2.111
2.422,-2.284
1.966,-2.145
1.265,-2.341
-0.077,-0.751
-0.093,-2.628
-0.089,-0.903
-0.187,-1.843
-0.193,-0.806
-0.455,-2.65
-0.396,-1.712
-0.479,-0.419
-0.481,-1.775
-0.458,-0.585
-0.45,-0.303
-0.577,-2.55
-0.542,-0.296
-0.606,-0.167
-0.651,-0.876
-0.809,0.68
-0.905,-1.638
-0.968,0.574
-0.953,-0.599
-0.976,0.926
-0.924,-0.162
-1.018,-1.489
-1.086,-3.093
-1.186,-3.012
-1.12,-2.993
-1.541,-2.938
-1.561,-3.023
-2.141,-2.938
-3.009,-2.915
1.449,-3.086
1.059,-3.143
0.411,-3.148
0.268,-2.918
0.101,-3.097
-0.205,-3.184
-0.324,-3.186
-0.377,-3.058
-0.769,-3.032
-0.887,-3.116
-1.401,1.119
-2.147,1.206
-2.249,1.154
-2.468,1.214
2.196,1.13
1.564,1.147
1.247,1.1
1.247,1.097
1.159,1.116
0.429,1.007
-0.216,1.119
-0.452,0.909
-1.573,-1.561
-2.227,-1.768
-2.49,0.633
-3.058,0.583
1.621,-2.595
-2.535,-2.978
-1.124,-1.183
-1.113,-0.762
-1.147,-2.229
-1.145,0.943
-1.352,-0.311
-1.305,-1.726
-1.5,-1.208
-1.403,-1.154
-1.549,0.665
-1.441,-2.6
-1.594,0.928
-1.584,1.119
-1.615,-0.639
-1.517,-0.295
-1.672,0.456
-1.693,-2.247
-1.727,-2.082
-1.787,-0.77
-1.725,-0.031
-1.8,0.944
-1.863,0.28
-1.901,0.987
-2.126,-0.966
-2.148,0.745
-2.18,0.6
-2.069,-1.959
-2.239,0.624
-2.109,0.033
-2.294,-2.285
-2.205,-1.555
-2.264,-2.624
-2.355,-1.765
-2.404,-1.137
-2.424,-0.826
-2.693,0.052
-2.575,-1.677
-2.609,-0.451
-2.635,-0.129
-2.673,0.05
-2.718,0.644
-2.729,-0.297
-2.861,0.998
-2.769,-1.071
-3.121,0.721
3.138,0.609
-3.056,-0.961
3.062,-2.133
3.06,-1.057
2.975,0.04
3.094,0.78
2.929,-1.589
3.029,-1.941
2.884,0.652
2.916,-0.378
2.709,-0.463
2.677,-2.169
2.642,-2.161
2.419,-1.806
2.4,-1.244
2.228,-0.827
2.21,0.036
2.16,-2.017
2.271,-0.037
2.122,-1.304
2.117,-1.713
2.09,-1.221
1.943,-0.77
1.879,-1.964
1.775,-1.293
1.728,-0.782
1.702,-1.609
1.69,-1.998
1.671,-1.511
1.547,-0.304
1.35,0.767
1.326,-0.494
1.278,0.63
1.387,0.017
1.244,0.804
1.2,0.374
1.093,0.046
1.217,-0.27
1.096,-2.042
1.061,-0.854
0.821,-1.492
0.788,-0.913
0.664,-0.981
0.744,0.547
0.569,0.023
0.416,-2.018
0.319,-0.385
0.369,-1.803
0.214,0.47
0.272,-2.036
0.073,-2.237
-0.03,0.184
0.06,-0.298
-0.146,0.116
-0.135,-0.969
-0.294,0.217
-0.42,-1.592
-0.413,-0.315
-0.362,-0.369
-0.364,-1.795
-0.703,0.056
-0.616,-2.548
-0.797,-0.669
-0.772,-1.148
-0.995,0.498
-1.353,-3.116
-2.038,-2.917
-3.122,-3.021
-3.102,-2.903
2.586,-2.939
2.362,-3.02
1.528,-3.066
0.776,-3.186
0.328,-2.93
-0.207,-2.992
2.858,0.872
1.904,1.164
1.195,1.17
-0.242,0.899
-1.141,-1.945
-1.486,-0.725
-2.185,-1.946
-2.96,-1.322
3.101,-1.941
2.752,-1.915
0.978,-1.97
0.364,-0.707
-1.852,-1.548
2.455,-0.489
0.521,-1.296
0.206,-2.182
0.101,-1.768
-0.339,-2.177
-0.537,-2.129
-0.605,-1.361
-2.143,-1.407
-3.139,0.282
-0.261,-0.789
-1.709,-2.658
-2.019,-2.709
-2.531,-2.87
2.377,-2.914
1.788,-2.756
1.459,-2.82
1.302,-2.9
1.245,-2.827
-0.111,-2.889
-0.298,-2.89
-2.023,-3.111
2.433,-3.284
1.977,-3.145
1.276,-3.341
-0.016,-1.877
-0.012,-0.152
-0.11,-1.092
-0.116,-0.055
-0.378,-1.899
-0.319,-0.961
-0.402,0.332
-0.404,-1.024
-0.381,0.166
-0.373,0.448
-0.5,-1.799
-0.465,0.455
-0.529,0.584
-0.574,-0.125
-0.732,1.431
-0.828,-0.887
-0.891,1.325
-0.876,0.152
-0.899,1.677
-0.847,0.589
-0.941,-0.738
-1.009,-2.342
-1.109,-2.261
-1.043,-2.242
-1.464,-2.187
-1.484,-2.272
-2.064,-2.187
-2.932,-2.164
1.526,-2.335
1.136,-2.392
0.488,-2.397
0.345,-2.167
0.178,-2.346
-0.128,-2.433
-0.247,-2.435
-0.3,-2.307
-0.692,-2.281
-0.81,-2.365
-1.324,1.87
-2.07,1.957
-2.172,1.905
-2.391,1.965
2.273,1.881
1.641,1.898
1.324,1.851
1.324,1.848
1.236,1.867
0.506,1.758
-0.139,1.87
-0.375,1.66
-1.496,-0.81
-2.15,-1.017
-2.413,1.384
-2.981,1.334
1.698,-1.844
-2.458,-2.227
-1.047,-0.432
-1.036,-0.011
-1.07,-1.478
-1.068,1.694
-1.275,0.44
-1.228,-0.975
-1.423,-0.457
-1.326,-0.403
-1.472,1.416
-1.364,-1.849
-1.517,1.679
-1.507,1.87
-1.538,0.112
-1.44,0.456
-1.595,1.207
-1.616,-1.496
-1.65,-1.331
-1.71,-0.019
-1.648,0.72
-1.723,1.695
-1.786,1.031
-1.824,1.738
-2.049,-0.215
-2.071,1.496
-2.103,1.351
-1.992,-1.208
-2.162,1.375
-2.032,0.784
-2.217,-1.534
-2.128,-0.804
-2.187,-1.873
-2.278,-1.014
-2.327,-0.386
-2.347,-0.075
-2.616,0.803
-2.498,-0.926
-2.532,0.3
-2.558,0.622
-2.596,0.801
-2.641,1.395
-2.652,0.454
-2.784,1.749
-2.692,-0.32
-3.044,1.472
-3.068,1.36
-2.979,-0.21
3.139,-1.382
3.137,-0.306
3.052,0.791
-3.112,1.531
3.006,-0.838
3.106,-1.19
2.961,1.403
2.993,0.373
2.786,0.288
2.754,-1.418
2.719,-1.41
2.496,-1.055
2.477,-0.493
2.305,-0.076
2.287,0.787
2.237,-1.266
2.348,0.714
2.199,-0.553
2.194,-0.962
2.167,-0.47
2.02,-0.019
1.956,-1.213
1.852,-0.542
1.805,-0.031
1.779,-0.858
1.767,-1.247
1.748,-0.76
1.624,0.447
1.427,1.518
1.403,0.257
1.355,1.381
1.464,0.768
1.321,1.555
1.277,1.125
1.17,0.797
1.294,0.481
1.173,-1.291
1.138,-0.103
0.898,-0.741
0.865,-0.162
0.741,-0.23
0.821,1.298
0.646,0.774
0.493,-1.267
0.396,0.366
0.446,-1.052
0.291,1.221
0.349,-1.285
0.15,-1.486
0.047,0.935
0.137,0.453
-0.069,0.867
-0.058,-0.218
-0.217,0.968
-0.343,-0.841
-0.336,0.436
-0.285,0.382
-0.287,-1.044
-0.626,0.807
-0.539,-1.797
-0.72,0.082
-0.695,-0.397
-0.918,1.249
-1.276,-2.365
-1.961,-2.166
-3.045,-2.27
-3.025,-2.152
2.663,-2.188
2.439,-2.269
1.605,-2.315
0.853,-2.435
0.405,-2.179
-0.13,-2.241
2.935,1.623
1.981,1.915
1.272,1.921
-0.165,1.65
-1.064,-1.194
-1.409,0.026
-2.108,-1.195
-2.883,-0.571
-3.105,-1.19
2.829,-1.164
1.055,-1.219
0.441,0.044
-1.775,-0.797
2.532,0.262
0.598,-0.545
0.283,-1.431
0.178,-1.017
-0.262,-1.426
-0.46,-1.378
-0.528,-0.61
-2.066,-0.656
-3.062,1.033
-0.184,-0.038
-1.632,-1.907
-1.942,-1.958
-2.454,-2.119
2.454,-2.163
1.865,-2.005
1.536,-2.069
1.379,-2.149
1.322,-2.076
-0.034,-2.138
-0.221,-2.139
-1.946,-2.36
2.51,-2.533
2.054,-2.394
1.353,-2.59
0.004,1.725
-0.094,0.785
-0.1,1.822
-0.362,-0.022
-0.303,0.916
-0.386,2.209
-0.388,0.853
-0.365,2.043
-0.357,2.325
-0.484,0.078
-0.449,2.332
-0.513,2.461
-0.558,1.752
-0.716,3.308
-0.812,0.99
-0.875,3.202
-0.86,2.029
-0.883,3.554
-0.831,2.466
-0.925,1.139
-0.993,-0.465
-1.093,-0.384
-1.027,-0.365
-1.448,-0.31
-1.468,-0.395
-2.048,-0.31
-2.916,-0.287
1.542,-0.458
1.152,-0.515
0.504,-0.52
0.361,-0.29
0.194,-0.469
-0.112,-0.556
-0.231,-0.558
-0.284,-0.43
-0.676,-0.404
-0.794,-0.488
-1.308,3.747
-2.054,3.834
-2.156,3.782
-2.375,3.842
2.289,3.758
1.657,3.775
1.34,3.728
1.34,3.725
1.252,3.744
0.522,3.635
-0.123,3.747
-0.359,3.537
-1.48,1.067
-2.134,0.86
-2.397,3.261
-2.965,3.211
1.714,0.033
-2.442,-0.35
-1.031,1.445
-1.02,1.866
-1.054,0.399
-1.052,3.571
-1.259,2.317
-1.212,0.902
-1.407,1.42
-1.31,1.474
-1.456,3.293
-1.348,0.028
-1.501,3.556
-1.491,3.747
-1.522,1.989
-1.424,2.333
-1.579,3.084
-1.6,0.381
-1.634,0.546
-1.694,1.858
-1.632,2.597
-1.707,3.572
-1.77,2.908
-1.808,3.615
-2.033,1.662
-2.055,3.373
-2.087,3.228
-1.976,0.669
-2.146,3.252
-2.016,2.661
-2.201,0.343
-2.112,1.073
-2.171,0.004
-2.262,0.863
-2.311,1.491
-2.331,1.802
-2.6,2.68
-2.482,0.951
-2.516,2.177
-2.542,2.499
-2.58,2.678
-2.625,3.272
-2.636,2.331
-2.768,3.626
-2.676,1.557
-3.028,3.349
-3.052,3.237
-2.963,1.667
-3.128,0.495
-3.13,1.571
3.068,2.668
-3.096,3.408
3.022,1.039
3.122,0.687
2.977,3.28
3.009,2.25
2.802,2.165
2.77,0.459
2.735,0.467
2.512,0.822
2.493,1.384
2.321,1.801
2.303,2.664
2.253,0.611
2.364,2.591
2.215,1.324
2.21,0.915
2.183,1.407
2.036,1.858
1.972,0.664
1.868,1.335
1.821,1.846
1.795,1.019
1.783,0.63
1.764,1.117
1.64,2.324
1.443,3.395
1.419,2.134
1.371,3.258
1.48,2.645
1.337,3.432
1.293,3.002
1.186,2.674
1.31,2.358
1.189,0.586
1.154,1.774
0.914,1.136
0.881,1.715
0.757,1.647
0.837,3.175
0.662,2.651
0.509,0.61
0.412,2.243
0.462,0.825
0.307,3.098
0.365,0.592
0.166,0.391
0.063,2.812
0.153,2.33
-0.053,2.744
-0.042,1.659
-0.201,2.845
-0.327,1.036
-0.32,2.313
-0.269,2.259
-0.271,0.833
-0.61,2.684
-0.523,0.08
-0.704,1.959
-0.679,1.48
-0.902,3.126
-1.26,-0.488
-1.945,-0.289
-3.029,-0.393
-3.009,-0.275
2.679,-0.311
2.455,-0.392
1.621,-0.438
0.869,-0.558
0.421,-0.302
-0.114,-0.364
2.951,3.5
1.997,3.792
1.288,3.798
-0.149,3.527
-1.048,0.683
-1.393,1.903
-2.092,0.682
-2.867,1.306
-3.089,0.687
2.845,0.713
1.071,0.658
0.457,1.921
-1.759,1.08
2.548,2.139
0.614,1.332
0.299,0.446
0.194,0.86
-0.246,0.451
-0.444,0.499
-0.512,1.267
-2.05,1.221
-3.046,2.91
-0.168,1.839
-1.616,-0.03
-1.926,-0.081
-2.438,-0.242
2.47,-0.286
1.881,-0.128
1.552,-0.192
1.395,-0.272
1.338,-0.199
-0.018,-0.261
-0.205,-0.262
-1.93,-0.483
2.526,-0.656
2.07,-0.517
1.369,-0.713
-0.098,-0.94
-0.104,0.097
-0.366,-1.747
-0.307,-0.809
-0.39,0.484
-0.392,-0.872
-0.369,0.318
-0.361,0.6
-0.488,-1.647
-0.453,0.607
-0.517,0.736
-0.562,0.027
-0.72,1.583
-0.816,-0.735
-0.879,1.477
-0.864,0.304
-0.887,1.829
-0.835,0.741
-0.929,-0.586
-0.997,-2.19
-1.097,-2.109
-1.031,-2.09
-1.452,-2.035
-1.472,-2.12
-2.052,-2.035
-2.92,-2.012
1.538,-2.183
1.148,-2.24
0.5,-2.245
0.357,-2.015
0.19,-2.194
-0.116,-2.281
-0.235,-2.283
-0.288,-2.155
-0.68,-2.129
-0.798,-2.213
-1.312,2.022
-2.058,2.109
-2.16,2.057
-2.379,2.117
2.285,2.033
1.653,2.05
1.336,2.003
1.336,2.0
1.248,2.019
0.518,1.91
-0.127,2.022
-0.363,1.812
-1.484,-0.658
-2.138,-0.865
-2.401,1.536
-2.969,1.486
1.71,-1.692
-2.446,-2.075
-1.035,-0.28
-1.024,0.141
-1.058,-1.326
-1.056,1.846
-1.263,0.592
-1.216,-0.823
-1.411,-0.305
-1.314,-0.251
-1.46,1.568
-1.352,-1.697
-1.505,1.831
-1.495,2.022
-1.526,0.264
-1.428,0.608
-1.583,1.359
-1.604,-1.344
-1.638,-1.179
-1.698,0.133
-1.636,0.872
-1.711,1.847
-1.774,1.183
-1.812,1.89
-2.037,-0.063
-2.059,1.648
-2.091,1.503
-1.98,-1.056
-2.15,1.527
-2.02,0.936
-2.205,-1.382
-2.116,-0.652
-2.175,-1.721
-2.266,-0.862
-2.315,-0.234
-2.335,0.077
-2.604,0.955
-2.486,-0.774
-2.52,0.452
-2.546,0.774
-2.584,0.953
-2.629,1.547
-2.64,0.606
-2.772,1.901
-2.68,-0.168
-3.032,1.624
-3.056,1.512
-2.967,-0.058
-3.132,-1.23
-3.134,-0.154
3.064,0.943
-3.1,1.683
3.018,-0.686
3.118,-1.038
2.973,1.555
3.005,0.525
2.798,0.44
2.766,-1.266
2.731,-1.258
2.508,-0.903
2.489,-0.341
2.317,0.076
2.299,0.939
2.249,-1.114
2.36,0.866
2.211,-0.401
2.206,-0.81
2.179,-0.318
2.032,0.133
1.968,-1.061
1.864,-0.39
1.817,0.121
1.791,-0.706
1.779,-1.095
1.76,-0.608
1.636,0.599
1.439,1.67
1.415,0.409
1.367,1.533
1.476,0.92
1.333,1.707
1.289,1.277
1.182,0.949
1.306,0.633
1.185,-1.139
1.15,0.049
0.91,-0.589
0.877,-0.01
0.753,-0.078
0.833,1.45
0.658,0.926
0.505,-1.115
0.408,0.518
0.458,-0.9
0.303,1.373
0.361,-1.133
0.162,-1.334
0.059,1.087
0.149,0.605
-0.057,1.019
-0.046,-0.066
-0.205,1.12
-0.331,-0.689
-0.324,0.588
-0.273,0.534
-0.275,-0.892
-0.614,0.959
-0.527,-1.645
-0.708,0.234
-0.683,-0.245
-0.906,1.401
-1.264,-2.213
-1.949,-2.014
-3.033,-2.118
-3.013,-2.0
2.675,-2.036
2.451,-2.117
1.617,-2.163
0.865,-2.283
0.417,-2.027
-0.118,-2.089
2.947,1.775
1.993,2.067
1.284,2.073
-0.153,1.802
-1.052,-1.042
-1.397,0.178
-2.096,-1.043
-2.871,-0.419
-3.093,-1.038
2.841,-1.012
1.067,-1.067
0.453,0.196
-1.763,-0.645
2.544,0.414
0.61,-0.393
0.295,-1.279
0.19,-0.865
-0.25,-1.274
-0.448,-1.226
-0.516,-0.458
-2.054,-0.504
-3.05,1.185
-0.172,0.114
-1.62,-1.755
-1.93,-1.806
-2.442,-1.967
2.466,-2.011
1.877,-1.853
1.548,-1.917
1.391,-1.997
1.334,-1.924
-0.022,-1.986
-0.209,-1.987
-1.934,-2.208
2.522,-2.381
2.066,-2.242
1.365,-2.438
-0.006,1.037
-0.268,-0.807
-0.209,0.131
-0.292,1.424
-0.294,0.068
-0.271,1.258
-0.263,1.54
-0.39,-0.707
-0.355,1.547
-0.419,1.676
-0.464,0.967
-0.622,2.523
-0.718,0.205
-0.781,2.417
-0.766,1.244
-0.789,2.769
-0.737,1.681
-0.831,0.354
-0.899,-1.25
-0.999,-1.169
-0.933,-1.15
-1.354,-1.095
-1.374,-1.18
-1.954,-1.095
-2.822,-1.072
1.636,-1.243
1.246,-1.3
0.598,-1.305
0.455,-1.075
0.288,-1.254
-0.018,-1.341
-0.137,-1.343
-0.19,-1.215
-0.582,-1.189
-0.7,-1.273
-1.214,2.962
-1.96,3.049
-2.062,2.997
-2.281,3.057
2.383,2.973
1.751,2.99
1.434,2.943
1.434,2.94
1.346,2.959
0.616,2.85
-0.029,2.962
-0.265,2.752
-1.386,0.282
-2.04,0.075
-2.303,2.476
-2.871,2.426
1.808,-0.752
-2.348,-1.135
-0.937,0.66
-0.926,1.081
-0.96,-0.386
-0.958,2.786
-1.165,1.532
-1.118,0.117
-1.313,0.635
-1.216,0.689
-1.362,2.508
-1.254,-0.757
-1.407,2.771
-1.397,2.962
-1.428,1.204
-1.33,1.548
-1.485,2.299
-1.506,-0.404
-1.54,-0.239
-1.6,1.073
-1.538,1.812
-1.613,2.787
-1.676,2.123
-1.714,2.83
-1.939,0.877
-1.961,2.588
-1.993,2.443
-1.882,-0.116
-2.052,2.467
-1.922,1.876
-2.107,-0.442
-2.018,0.288
-2.077,-0.781
-2.168,0.078
-2.217,0.706
-2.237,1.017
-2.506,1.895
-2.388,0.166
-2.422,1.392
-2.448,1.714
-2.486,1.893
-2.531,2.487
-2.542,1.546
-2.674,2.841
-2.582,0.772
-2.934,2.564
-2.958,2.452
-2.869,0.882
-3.034,-0.29
-3.036,0.786
-3.121,1.883
-3.002,2.623
3.116,0.254
-3.067,-0.098
3.071,2.495
3.103,1.465
2.896,1.38
2.864,-0.326
2.829,-0.318
2.606,0.037
2.587,0.599
2.415,1.016
2.397,1.879
2.347,-0.174
2.458,1.806
2.309,0.539
2.304,0.13
2.277,0.622
2.13,1.073
2.066,-0.121
1.962,0.55
1.915,1.061
1.889,0.234
1.877,-0.155
1.858,0.332
1.734,1.539
1.537,2.61
1.513,1.349
1.465,2.473
1.574,1.86
1.431,2.647
1.387,2.217
1.28,1.889
1.404,1.573
1.283,-0.199
1.248,0.989
1.008,0.351
0.975,0.93
0.851,0.862
0.931,2.39
0.756,1.866
0.603,-0.175
0.506,1.458
0.556,0.04
0.401,2.313
0.459,-0.193
0.26,-0.394
0.157,2.027
0.247,1.545
0.041,1.959
0.052,0.874
-0.107,2.06
-0.233,0.251
-0.226,1.528
-0.175,1.474
-0.177,0.048
-0.516,1.899
-0.429,-0.705
-0.61,1.174
-0.585,0.695
-0.808,2.341
-1.166,-1.273
-1.851,-1.074
-2.935,-1.178
-2.915,-1.06
2.773,-1.096
2.549,-1.177
1.715,-1.223
0.963,-1.343
0.515,-1.087
-0.02,-1.149
3.045,2.715
2.091,3.007
1.382,3.013
-0.055,2.742
-0.954,-0.102
-1.299,1.118
-1.998,-0.103
-2.773,0.521
-2.995,-0.098
2.939,-0.072
1.165,-0.127
0.551,1.136
-1.665,0.295
2.642,1.354
0.708,0.547
0.393,-0.339
0.288,0.075
-0.152,-0.334
-0.35,-0.286
-0.418,0.482
-1.956,0.436
-2.952,2.125
-0.074,1.054
-1.522,-0.815
-1.832,-0.866
-2.344,-1.027
2.564,-1.071
1.975,-0.913
1.646,-0.977
1.489,-1.057
1.432,-0.984
0.076,-1.046
-0.111,-1.047
-1.836,-1.268
2.62,-1.441
2.164,-1.302
1.463,-1.498
-0.262,-1.844
-0.203,-0.906
-0.286,0.387
-0.288,-0.969
-0.265,0.221
-0.257,0.503
-0.384,-1.744
-0.349,0.51
-0.413,0.639
-0.458,-0.07
-0.616,1.486
-0.712,-0.832
-0.775,1.38
-0.76,0.207
-0.783,1.732
-0.731,0.644
-0.825,-0.683
-0.893,-2.287
-0.993,-2.206
-0.927,-2.187
-1.348,-2.132
-1.368,-2.217
-1.948,-2.132
-2.816,-2.109
1.642,-2.28
1.252,-2.337
0.604,-2.342
0.461,-2.112
0.294,-2.291
-0.012,-2.378
-0.131,-2.38
-0.184,-2.252
-0.576,-2.226
-0.694,-2.31
-1.208,1.925
-1.954,2.012
-2.056,1.96
-2.275,2.02
2.389,1.936
1.757,1.953
1.44,1.906
1.44,1.903
1.352,1.922
0.622,1.813
-0.023,1.925
-0.259,1.715
-1.38,-0.755
-2.034,-0.962
-2.297,1.439
-2.865,1.389
1.814,-1.789
-2.342,-2.172
-0.931,-0.377
-0.92,0.044
-0.954,-1.423
-0.952,1.749
-1.159,0.495
-1.112,-0.92
-1.307,-0.402
-1.21,-0.348
-1.356,1.471
-1.248,-1.794
-1.401,1.734
-1.391,1.925
-1.422,0.167
-1.324,0.511
-1.479,1.262
-1.5,-1.441
-1.534,-1.276
-1.594,0.036
-1.532,0.775
-1.607,1.75
-1.67,1.086
-1.708,1.793
-1.933,-0.16
-1.955,1.551
-1.987,1.406
-1.876,-1.153
-2.046,1.43
-1.916,0.839
-2.101,-1.479
-2.012,-0.749
-2.071,-1.818
-2.162,-0.959
-2.211,-0.331
-2.231,-0.02
-2.5,0.858
-2.382,-0.871
-2.416,0.355
-2.442,0.677
-2.48,0.856
-2.525,1.45
-2.536,0.509
-2.668,1.804
-2.576,-0.265
-2.928,1.527
-2.952,1.415
-2.863,-0.155
-3.028,-1.327
-3.03,-0.251
-3.115,0.846
-2.996,1.586
3.122,-0.783
-3.061,-1.135
3.077,1.458
3.109,0.428
2.902,0.343
2.87,-1.363
2.835,-1.355
2.612,-1.0
2.593,-0.438
2.421,-0.021
2.403,0.842
2.353,-1.211
2.464,0.769
2.315,-0.498
2.31,-0.907
2.283,-0.415
2.136,0.036
2.072,-1.158
1.968,-0.487
1.921,0.024
1.895,-0.803
1.883,-1.192
1.864,-0.705
1.74,0.502
1.543,1.573
1.519,0.312
1.471,1.436
1.58,0.823
1.437,1.61
1.393,1.18
1.286,0.852
1.41,0.536
1.289,-1.236
1.254,-0.048
1.014,-0.686
0.981,-0.107
0.857,-0.175
0.937,1.353
0.762,0.829
0.609,-1.212
0.512,0.421
0.562,-0.997
0.407,1.276
0.465,-1.23
0.266,-1.431
0.163,0.99
0.253,0.508
0.047,0.922
0.058,-0.163
-0.101,1.023
-0.227,-0.786
-0.22,0.491
-0.169,0.437
-0.171,-0.989
-0.51,0.862
-0.423,-1.742
-0.604,0.137
-0.579,-0.342
-0.802,1.304
-1.16,-2.31
-1.845,-2.111
-2.929,-2.215
-2.909,-2.097
2.779,-2.133
2.555,-2.214
1.721,-2.26
0.969,-2.38
0.521,-2.124
-0.014,-2.186
3.051,1.678
2.097,1.97
1.388,1.976
-0.049,1.705
-0.948,-1.139
-1.293,0.081
-1.992,-1.14
-2.767,-0.516
-2.989,-1.135
2.945,-1.109
1.171,-1.164
0.557,0.099
-1.659,-0.742
2.648,0.317
0.714,-0.49
0.399,-1.376
0.294,-0.962
-0.146,-1.371
-0.344,-1.323
-0.412,-0.555
-1.95,-0.601
-2.946,1.088
-0.068,0.017
-1.516,-1.852
-1.826,-1.903
-2.338,-2.064
2.57,-2.108
1.981,-1.95
1.652,-2.014
1.495,-2.094
1.438,-2.021
0.082,-2.083
-0.105,-2.084
-1.83,-2.305
2.626,-2.478
2.17,-2.339
1.469,-2.535
0.059,0.938
-0.024,2.231
-0.026,0.875
-0.003,2.065
0.005,2.347
-0.122,0.1
-0.087,2.354
-0.151,2.483
-0.196,1.774
-0.354,3.33
-0.45,1.012
-0.513,3.224
-0.498,2.051
-0.521,3.576
-0.469,2.488
-0.563,1.161
-0.631,-0.443
-0.731,-0.362
-0.665,-0.343
-1.086,-0.288
-1.106,-0.373
-1.686,-0.288
-2.554,-0.265
1.904,-0.436
1.514,-0.493
0.866,-0.498
0.723,-0.268
0.556,-0.447
0.25,-0.534
0.131,-0.536
0.078,-0.408
-0.314,-0.382
-0.432,-0.466
-0.946,3.769
-1.692,3.856
-1.794,3.804
-2.013,3.864
2.651,3.78
2.019,3.797
1.702,3.75
1.702,3.747
1.614,3.766
0.884,3.657
0.239,3.769
0.003,3.559
-1.118,1.089
-1.772,0.882
-2.035,3.283
-2.603,3.233
2.076,0.055
-2.08,-0.328
-0.669,1.467
-0.658,1.888
-0.692,0.421
-0.69,3.593
-0.897,2.339
-0.85,0.924
-1.045,1.442
-0.948,1.496
-1.094,3.315
-0.986,0.05
-1.139,3.578
-1.129,3.769
-1.16,2.011
-1.062,2.355
-1.217,3.106
-1.238,0.403
-1.272,0.568
-1.332,1.88
-1.27,2.619
-1.345,3.594
-1.408,2.93
-1.446,3.637
-1.671,1.684
-1.693,3.395
-1.725,3.25
-1.614,0.691
-1.784,3.274
-1.654,2.683
-1.839,0.365
-1.75,1.095
-1.809,0.026
-1.9,0.885
-1.949,1.513
-1.969,1.824
-2.238,2.702
-2.12,0.973
-2.154,2.199
-2.18,2.521
-2.218,2.7
-2.263,3.294
-2.274,2.353
-2.406,3.648
-2.314,1.579
-2.666,3.371
-2.69,3.259
-2.601,1.689
-2.766,0.517
-2.768,1.593
-2.853,2.69
-2.734,3.43
-2.899,1.061
-2.799,0.709
-2.944,3.302
-2.912,2.272
-3.119,2.187
3.132,0.481
3.097,0.489
2.874,0.844
2.855,1.406
2.683,1.823
2.665,2.686
2.615,0.633
2.726,2.613
2.577,1.346
2.572,0.937
2.545,1.429
2.398,1.88
2.334,0.686
2.23,1.357
2.183,1.868
2.157,1.041
2.145,0.652
2.126,1.139
2.002,2.346
1.805,3.417
1.781,2.156
1.733,3.28
1.842,2.667
1.699,3.454
1.655,3.024
1.548,2.696
1.672,2.38
1.551,0.608
1.516,1.796
1.276,1.158
1.243,1.737
1.119,1.669
1.199,3.197
1.024,2.673
0.871,0.632
0.774,2.265
0.824,0.847
0.669,3.12
0.727,0.614
0.528,0.413
0.425,2.834
0.515,2.352
0.309,2.766
0.32,1.681
0.161,2.867
0.035,1.058
0.042,2.335
0.093,2.281
0.091,0.855
-0.248,2.706
-0.161,0.102
-0.342,1.981
-0.317,1.502
-0.54,3.148
-0.898,-0.466
-1.583,-0.267
-2.667,-0.371
-2.647,-0.253
3.041,-0.289
2.817,-0.37
1.983,-0.416
1.231,-0.536
0.783,-0.28
0.248,-0.342
-2.97,3.522
2.359,3.814
1.65,3.82
0.213,3.549
-0.686,0.705
-1.031,1.925
-1.73,0.704
-2.505,1.328
-2.727,0.709
-3.076,0.735
1.433,0.68
0.819,1.943
-1.397,1.102
2.91,2.161
0.976,1.354
0.661,0.468
0.556,0.882
0.116,0.473
-0.082,0.521
-0.15,1.289
-1.688,1.243
-2.684,2.932
0.194,1.861
-1.254,-0.008
-1.564,-0.059
-2.076,-0.22
2.832,-0.264
2.243,-0.106
1.914,-0.17
1.757,-0.25
1.7,-0.177
0.344,-0.239
0.157,-0.24
-1.568,-0.461
2.888,-0.634
2.432,-0.495
1.731,-0.691
-0.083,1.293
-0.085,-0.063
-0.062,1.127
-0.054,1.409
-0.181,-0.838
-0.146,1.416
-0.21,1.545
-0.255,0.836
-0.413,2.392
-0.509,0.074
-0.572,2.286
-0.557,1.113
-0.58,2.638
-0.528,1.55
-0.622,0.223
-0.69,-1.381
-0.79,-1.3
-0.724,-1.281
-1.145,-1.226
-1.165,-1.311
-1.745,-1.226
-2.613,-1.203
1.845,-1.374
1.455,-1.431
0.807,-1.436
0.664,-1.206
0.497,-1.385
0.191,-1.472
0.072,-1.474
0.019,-1.346
-0.373,-1.32
-0.491,-1.404
-1.005,2.831
-1.751,2.918
-1.853,2.866
-2.072,2.926
2.592,2.842
1.96,2.859
1.643,2.812
1.643,2.809
1.555,2.828
0.825,2.719
0.18,2.831
-0.056,2.621
-1.177,0.151
-1.831,-0.056
-2.094,2.345
-2.662,2.295
2.017,-0.883
-2.139,-1.266
-0.728,0.529
-0.717,0.95
-0.751,-0.517
-0.749,2.655
-0.956,1.401
-0.909,-0.014
-1.104,0.504
-1.007,0.558
-1.153,2.377
-1.045,-0.888
-1.198,2.64
-1.188,2.831
-1.219,1.073
-1.121,1.417
-1.276,2.168
-1.297,-0.535
-1.331,-0.37
-1.391,0.942
-1.329,1.681
-1.404,2.656
-1.467,1.992
-1.505,2.699
-1.73,0.746
-1.752,2.457
-1.784,2.312
-1.673,-0.247
-1.843,2.336
-1.713,1.745
-1.898,-0.573
-1.809,0.157
-1.868,-0.912
-1.959,-0.053
-2.008,0.575
-2.028,0.886
-2.297,1.764
-2.179,0.035
-2.213,1.261
-2.239,1.583
-2.277,1.762
-2.322,2.356
-2.333,1.415
-2.465,2.71
-2.373,0.641
-2.725,2.433
-2.749,2.321
-2.66,0.751
-2.825,-0.421
-2.827,0.655
-2.912,1.752
-2.793,2.492
-2.958,0.123
-2.858,-0.229
-3.003,2.364
-2.971,1.334
3.105,1.249
3.073,-0.457
3.038,-0.449
2.815,-0.094
2.796,0.468
2.624,0.885
2.606,1.748
2.556,-0.305
2.667,1.675
2.518,0.408
2.513,-0.001
2.486,0.491
2.339,0.942
2.275,-0.252
2.171,0.419
2.124,0.93
2.098,0.103
2.086,-0.286
2.067,0.201
1.943,1.408
1.746,2.479
1.722,1.218
1.674,2.342
1.783,1.729
1.64,2.516
1.596,2.086
1.489,1.758
1.613,1.442
1.492,-0.33
1.457,0.858
1.217,0.22
1.184,0.799
1.06,0.731
1.14,2.259
0.965,1.735
0.812,-0.306
0.715,1.327
0.765,-0.091
0.61,2.182
0.668,-0.324
0.469,-0.525
0.366,1.896
0.456,1.414
0.25,1.828
0.261,0.743
0.102,1.929
-0.024,0.12
-0.017,1.397
0.034,1.343
0.032,-0.083
-0.307,1.768
-0.22,-0.836
-0.401,1.043
-0.376,0.564
-0.599,2.21
-0.957,-1.404
-1.642,-1.205
-2.726,-1.309
-2.706,-1.191
2.982,-1.227
2.758,-1.308
1.924,-1.354
1.172,-1.474
0.724,-1.218
0.189,-1.28
-3.029,2.584
2.3,2.876
1.591,2.882
0.154,2.611
-0.745,-0.233
-1.09,0.987
-1.789,-0.234
-2.564,0.39
-2.786,-0.229
-3.135,-0.203
1.374,-0.258
0.76,1.005
-1.456,0.164
2.851,1.223
0.917,0.416
0.602,-0.47
0.497,-0.056
0.057,-0.465
-0.141,-0.417
-0.209,0.351
-1.747,0.305
-2.743,1.994
0.135,0.923
-1.313,-0.946
-1.623,-0.997
-2.135,-1.158
2.773,-1.202
2.184,-1.044
1.855,-1.108
1.698,-1.188
1.641,-1.115
0.285,-1.177
0.098,-1.178
-1.627,-1.399
2.829,-1.572
2.373,-1.433
1.672,-1.629
-0.002,-1.356
0.021,-0.166
0.029,0.116
-0.098,-2.131
-0.063,0.123
-0.127,0.252
-0.172,-0.457
-0.33,1.099
-0.426,-1.219
-0.489,0.993
-0.474,-0.18
-0.497,1.345
-0.445,0.257
-0.539,-1.07
-0.607,-2.674
-0.707,-2.593
-0.641,-2.574
-1.062,-2.519
-1.082,-2.604
-1.662,-2.519
-2.53,-2.496
1.928,-2.667
1.538,-2.724
0.89,-2.729
0.747,-2.499
0.58,-2.678
0.274,-2.765
0.155,-2.767
0.102,-2.639
-0.29,-2.613
-0.408,-2.697
-0.922,1.538
-1.668,1.625
-1.77,1.573
-1.989,1.633
2.675,1.549
2.043,1.566
1.726,1.519
1.726,1.516
1.638,1.535
0.908,1.426
0.263,1.538
0.027,1.328
-1.094,-1.142
-1.748,-1.349
-2.011,1.052
-2.579,1.002
2.1,-2.176
-2.056,-2.559
-0.645,-0.764
-0.634,-0.343
-0.668,-1.81
-0.666,1.362
-0.873,0.108
-0.826,-1.307
-1.021,-0.789
-0.924,-0.735
-1.07,1.084
-0.962,-2.181
-1.115,1.347
-1.105,1.538
-1.136,-0.22
-1.038,0.124
-1.193,0.875
-1.214,-1.828
-1.248,-1.663
-1.308,-0.351
-1.246,0.388
-1.321,1.363
-1.384,0.699
-1.422,1.406
-1.647,-0.547
-1.669,1.164
-1.701,1.019
-1.59,-1.54
-1.76,1.043
-1.63,0.452
-1.815,-1.866
-1.726,-1.136
-1.785,-2.205
-1.876,-1.346
-1.925,-0.718
-1.945,-0.407
-2.214,0.471
-2.096,-1.258
-2.13,-0.032
-2.156,0.29
-2.194,0.469
-2.239,1.063
-2.25,0.122
-2.382,1.417
-2.29,-0.652
-2.642,1.14
-2.666,1.028
-2.577,-0.542
-2.742,-1.714
-2.744,-0.638
-2.829,0.459
-2.71,1.199
-2.875,-1.17
-2.775,-1.522
-2.92,1.071
-2.888,0.041
-3.095,-0.044
-3.127,-1.75
3.121,-1.742
2.898,-1.387
2.879,-0.825
2.707,-0.408
2.689,0.455
2.639,-1.598
2.75,0.382
2.601,-0.885
2.596,-1.294
2.569,-0.802
2.422,-0.351
2.358,-1.545
2.254,-0.874
2.207,-0.363
2.181,-1.19
2.169,-1.579
2.15,-1.092
2.026,0.115
1.829,1.186
1.805,-0.075
1.757,1.049
1.866,0.436
1.723,1.223
1.679,0.793
1.572,0.465
1.696,0.149
1.575,-1.623
1.54,-0.435
1.3,-1.073
1.267,-0.494
1.143,-0.562
1.223,0.966
1.048,0.442
0.895,-1.599
0.798,0.034
0.848,-1.384
0.693,0.889
0.751,-1.617
0.552,-1.818
0.449,0.603
0.539,0.121
0.333,0.535
0.344,-0.55
0.185,0.636
0.059,-1.173
0.066,0.104
0.117,0.05
0.115,-1.376
-0.224,0.475
-0.137,-2.129
-0.318,-0.25
-0.293,-0.729
-0.516,0.917
-0.874,-2.697
-1.559,-2.498
-2.643,-2.602
-2.623,-2.484
3.065,-2.52
2.841,-2.601
2.007,-2.647
1.255,-2.767
0.807,-2.511
0.272,-2.573
-2.946,1.291
2.383,1.583
1.674,1.589
0.237,1.318
-0.662,-1.526
-1.007,-0.306
-1.706,-1.527
-2.481,-0.903
-2.703,-1.522
-3.052,-1.496
1.457,-1.551
0.843,-0.288
-1.373,-1.129
2.934,-0.07
1.0,-0.877
0.685,-1.763
0.58,-1.349
0.14,-1.758
-0.058,-1.71
-0.126,-0.942
-1.664,-0.988
-2.66,0.701
0.218,-0.37
-1.23,-2.239
-1.54,-2.29
-2.052,-2.451
2.856,-2.495
2.267,-2.337
1.938,-2.401
1.781,-2.481
1.724,-2.408
0.368,-2.47
0.181,-2.471
-1.544,-2.692
2.912,-2.865
2.456,-2.726
1.755,-2.922
0.023,1.19
0.031,1.472
-0.096,-0.775
-0.061,1.479
-0.125,1.608
-0.17,0.899
-0.328,2.455
-0.424,0.137
-0.487,2.349
-0.472,1.176
-0.495,2.701
-0.443,1.613
-0.537,0.286
-0.605,-1.318
-0.705,-1.237
-0.639,-1.218
-1.06,-1.163
-1.08,-1.248
-1.66,-1.163
-2.528,-1.14
1.93,-1.311
1.54,-1.368
0.892,-1.373
0.749,-1.143
0.582,-1.322
0.276,-1.409
0.157,-1.411
0.104,-1.283
-0.288,-1.257
-0.406,-1.341
-0.92,2.894
-1.666,2.981
-1.768,2.929
-1.987,2.989
2.677,2.905
2.045,2.922
1.728,2.875
1.728,2.872
1.64,2.891
0.91,2.782
0.265,2.894
0.029,2.684
-1.092,0.214
-1.746,0.007
-2.009,2.408
-2.577,2.358
2.102,-0.82
-2.054,-1.203
-0.643,0.592
-0.632,1.013
-0.666,-0.454
-0.664,2.718
-0.871,1.464
-0.824,0.049
-1.019,0.567
-0.922,0.621
-1.068,2.44
-0.96,-0.825
-1.113,2.703
-1.103,2.894
-1.134,1.136
-1.036,1.48
-1.191,2.231
-1.212,-0.472
-1.246,-0.307
-1.306,1.005
-1.244,1.744
-1.319,2.719
-1.382,2.055
-1.42,2.762
-1.645,0.809
-1.667,2.52
-1.699,2.375
-1.588,-0.184
-1.758,2.399
-1.628,1.808
-1.813,-0.51
-1.724,0.22
-1.783,-0.849
-1.874,0.01
-1.923,0.638
-1.943,0.949
-2.212,1.827
-2.094,0.098
-2.128,1.324
-2.154,1.646
-2.192,1.825
-2.237,2.419
-2.248,1.478
-2.38,2.773
-2.288,0.704
-2.64,2.496
-2.664,2.384
-2.575,0.814
-2.74,-0.358
-2.742,0.718
-2.827,1.815
-2.708,2.555
-2.873,0.186
-2.773,-0.166
-2.918,2.427
-2.886,1.397
-3.093,1.312
-3.125,-0.394
3.123,-0.386
2.9,-0.031
2.881,0.531
2.709,0.948
2.691,1.811
2.641,-0.242
2.752,1.738
2.603,0.471
2.598,0.062
2.571,0.554
2.424,1.005
2.36,-0.189
2.256,0.482
2.209,0.993
2.183,0.166
2.171,-0.223
2.152,0.264
2.028,1.471
1.831,2.542
1.807,1.281
1.759,2.405
1.868,1.792
1.725,2.579
1.681,2.149
1.574,1.821
1.698,1.505
1.577,-0.267
1.542,0.921
1.302,0.283
1.269,0.862
1.145,0.794
1.225,2.322
1.05,1.798
0.897,-0.243
0.8,1.39
0.85,-0.028
0.695,2.245
0.753,-0.261
0.554,-0.462
0.451,1.959
0.541,1.477
0.335,1.891
0.346,0.806
0.187,1.992
0.061,0.183
0.068,1.46
0.119,1.406
0.117,-0.02
-0.222,1.831
-0.135,-0.773
-0.316,1.106
-0.291,0.627
-0.514,2.273
-0.872,-1.341
-1.557,-1.142
-2.641,-1.246
-2.621,-1.128
3.067,-1.164
2.843,-1.245
2.009,-1.291
1.257,-1.411
0.809,-1.155
0.274,-1.217
-2.944,2.647
2.385,2.939
1.676,2.945
0.239,2.674
-0.66,-0.17
-1.005,1.05
-1.704,-0.171
-2.479,0.453
-2.701,-0.166
-3.05,-0.14
1.459,-0.195
0.845,1.068
-1.371,0.227
2.936,1.286
1.002,0.479
0.687,-0.407
0.582,0.007
0.142,-0.402
-0.056,-0.354
-0.124,0.414
-1.662,0.368
-2.658,2.057
0.22,0.986
-1.228,-0.883
-1.538,-0.934
-2.05,-1.095
2.858,-1.139
2.269,-0.981
1.94,-1.045
1.783,-1.125
1.726,-1.052
0.37,-1.114
0.183,-1.115
-1.542,-1.336
2.914,-1.509
2.458,-1.37
1.757,-1.566
0.008,0.282
-0.119,-1.965
-0.084,0.289
-0.148,0.418
-0.193,-0.291
-0.351,1.265
-0.447,-1.053
-0.51,1.159
-0.495,-0.014
-0.518,1.511
-0.466,0.423
-0.56,-0.904
-0.628,-2.508
-0.728,-2.427
-0.662,-2.408
-1.083,-2.353
-1.103,-2.438
-1.683,-2.353
-2.551,-2.33
1.907,-2.501
1.517,-2.558
0.869,-2.563
0.726,-2.333
0.559,-2.512
0.253,-2.599
0.134,-2.601
0.081,-2.473
-0.311,-2.447
-0.429,-2.531
-0.943,1.704
-1.689,1.791
-1.791,1.739
-2.01,1.799
2.654,1.715
2.022,1.732
1.705,1.685
1.705,1.682
1.617,1.701
0.887,1.592
0.242,1.704
0.006,1.494
-1.115,-0.976
-1.769,-1.183
-2.032,1.218
-2.6,1.168
2.079,-2.01
-2.077,-2.393
-0.666,-0.598
-0.655,-0.177
-0.689,-1.644
-0.687,1.528
-0.894,0.274
-0.847,-1.141
-1.042,-0.623
-0.945,-0.569
-1.091,1.25
-0.983,-2.015
-1.136,1.513
-1.126,1.704
-1.157,-0.054
-1.059,0.29
-1.214,1.041
-1.235,-1.662
-1.269,-1.497
-1.329,-0.185
-1.267,0.554
-1.342,1.529
-1.405,0.865
-1.443,1.572
-1.668,-0.381
-1.69,1.33
-1.722,1.185
-1.611,-1.374
-1.781,1.209
-1.651,0.618
-1.836,-1.7
-1.747,-0.97
-1.806,-2.039
-1.897,-1.18
-1.946,-0.552
-1.966,-0.241
-2.235,0.637
-2.117,-1.092
-2.151,0.134
-2.177,0.456
-2.215,0.635
-2.26,1.229
-2.271,0.288
-2.403,1.583
-2.311,-0.486
-2.663,1.306
-2.687,1.194
-2.598,-0.376
-2.763,-1.548
-2.765,-0.472
-2.85,0.625
-2.731,1.365
-2.896,-1.004
-2.796,-1.356
-2.941,1.237
-2.909,0.207
-3.116,0.122
3.135,-1.584
3.1,-1.576
2.877,-1.221
2.858,-0.659
2.686,-0.242
2.668,0.621
2.618,-1.432
2.729,0.548
2.58,-0.719
2.575,-1.128
2.548,-0.636
2.401,-0.185
2.337,-1.379
2.233,-0.708
2.186,-0.197
2.16,-1.024
2.148,-1.413
2.129,-0.926
2.005,0.281
1.808,1.352
1.784,0.091
1.736,1.215
1.845,0.602
1.702,1.389
1.658,0.959
1.551,0.631
1.675,0.315
1.554,-1.457
1.519,-0.269
1.279,-0.907
1.246,-0.328
1.122,-0.396
1.202,1.132
1.027,0.608
0.874,-1.433
0.777,0.2
0.827,-1.218
0.672,1.055
0.73,-1.451
0.531,-1.652
0.428,0.769
0.518,0.287
0.312,0.701
0.323,-0.384
0.164,0.802
0.038,-1.007
0.045,0.27
0.096,0.216
0.094,-1.21
-0.245,0.641
-0.158,-1.963
-0.339,-0.084
-0.314,-0.563
-0.537,1.083
-0.895,-2.531
-1.58,-2.332
-2.664,-2.436
-2.644,-2.318
3.044,-2.354
2.82,-2.435
1.986,-2.481
1.234,-2.601
0.786,-2.345
0.251,-2.407
-2.967,1.457
2.362,1.749
1.653,1.755
0.216,1.484
-0.683,-1.36
-1.028,-0.14
-1.727,-1.361
-2.502,-0.737
-2.724,-1.356
-3.073,-1.33
1.436,-1.385
0.822,-0.122
-1.394,-0.963
2.913,0.096
0.979,-0.711
0.664,-1.597
0.559,-1.183
0.119,-1.592
-0.079,-1.544
-0.147,-0.776
-1.685,-0.822
-2.681,0.867
0.197,-0.204
-1.251,-2.073
-1.561,-2.124
-2.073,-2.285
2.835,-2.329
2.246,-2.171
1.917,-2.235
1.76,-2.315
1.703,-2.242
0.347,-2.304
0.16,-2.305
-1.565,-2.526
2.891,-2.699
2.435,-2.56
1.734,-2.756
-0.127,-2.247
-0.092,0.007
-0.156,0.136
-0.201,-0.573
-0.359,0.983
-0.455,-1.335
-0.518,0.877
-0.503,-0.296
-0.526,1.229
-0.474,0.141
-0.568,-1.186
-0.636,-2.79
-0.736,-2.709
-0.67,-2.69
-1.091,-2.635
-1.111,-2.72
-1.691,-2.635
-2.559,-2.612
1.899,-2.783
1.509,-2.84
0.861,-2.845
0.718,-2.615
0.551,-2.794
0.245,-2.881
0.126,-2.883
0.073,-2.755
-0.319,-2.729
-0.437,-2.813
-0.951,1.422
-1.697,1.509
-1.799,1.457
-2.018,1.517
2.646,1.433
2.014,1.45
1.697,1.403
1.697,1.4
1.609,1.419
0.879,1.31
0.234,1.422
-0.002,1.212
-1.123,-1.258
-1.777,-1.465
-2.04,0.936
-2.608,0.886
2.071,-2.292
-2.085,-2.675
-0.674,-0.88
-0.663,-0.459
-0.697,-1.926
-0.695,1.246
-0.902,-0.008
-0.855,-1.423
-1.05,-0.905
-0.953,-0.851
-1.099,0.968
-0.991,-2.297
-1.144,1.231
-1.134,1.422
-1.165,-0.336
-1.067,0.008
-1.222,0.759
-1.243,-1.944
-1.277,-1.779
-1.337,-0.467
-1.275,0.272
-1.35,1.247
-1.413,0.583
-1.451,1.29
-1.676,-0.663
-1.698,1.048
-1.73,0.903
-1.619,-1.656
-1.789,0.927
-1.659,0.336
-1.844,-1.982
-1.755,-1.252
-1.814,-2.321
-1.905,-1.462
-1.954,-0.834
-1.974,-0.523
-2.243,0.355
-2.125,-1.374
-2.159,-0.148
-2.185,0.174
-2.223,0.353
-2.268,0.947
-2.279,0.006
-2.411,1.301
-2.319,-0.768
-2.671,1.024
-2.695,0.912
-2.606,-0.658
-2.771,-1.83
-2.773,-0.754
-2.858,0.343
-2.739,1.083
-2.904,-1.286
-2.804,-1.638
-2.949,0.955
-2.917,-0.075
-3.124,-0.16
3.127,-1.866
3.092,-1.858
2.869,-1.503
2.85,-0.941
2.678,-0.524
2.66,0.339
2.61,-1.714
2.721,0.266
2.572,-1.001
2.567,-1.41
2.54,-0.918
2.393,-0.467
2.329,-1.661
2.225,-0.99
2.178,-0.479
2.152,-1.306
2.14,-1.695
2.121,-1.208
1.997,-0.001
1.8,1.07
1.776,-0.191
1.728,0.933
1.837,0.32
1.694,1.107
1.65,0.677
1.543,0.349
1.667,0.033
1.546,-1.739
1.511,-0.551
1.271,-1.189
1.238,-0.61
1.114,-0.678
1.194,0.85
1.019,0.326
0.866,-1.715
0.769,-0.082
0.819,-1.5
0.664,0.773
0.722,-1.733
0.523,-1.934
0.42,0.487
0.51,0.005
0.304,0.419
0.315,-0.666
0.156,0.52
0.03,-1.289
0.037,-0.012
0.088,-0.066
0.086,-1.492
-0.253,0.359
-0.166,-2.245
-0.347,-0.366
-0.322,-0.845
-0.545,0.801
-0.903,-2.813
-1.588,-2.614
-2.672,-2.718
-2.652,-2.6
3.036,-2.636
2.812,-2.717
1.978,-2.763
1.226,-2.883
0.778,-2.627
0.243,-2.689
-2.975,1.175
2.354,1.467
1.645,1.473
0.208,1.202
-0.691,-1.642
-1.036,-0.422
-1.735,-1.643
-2.51,-1.019
-2.732,-1.638
-3.081,-1.612
1.428,-1.667
0.814,-0.404
-1.402,-1.245
2.905,-0.186
0.971,-0.993
0.656,-1.879
0.551,-1.465
0.111,-1.874
-0.087,-1.826
-0.155,-1.058
-1.693,-1.104
-2.689,0.585
0.189,-0.486
-1.259,-2.355
-1.569,-2.406
-2.081,-2.567
2.827,-2.611
2.238,-2.453
1.909,-2.517
1.752,-2.597
1.695,-2.524
0.339,-2.586
0.152,-2.587
-1.573,-2.808
2.883,-2.981
2.427,-2.842
1.726,-3.038
0.035,2.254
-0.029,2.383
-0.074,1.674
-0.232,3.23
-0.328,0.912
-0.391,3.124
-0.376,1.951
-0.399,3.476
-0.347,2.388
-0.441,1.061
-0.509,-0.543
-0.609,-0.462
-0.543,-0.443
-0.964,-0.388
-0.984,-0.473
-1.564,-0.388
-2.432,-0.365
2.026,-0.536
1.636,-0.593
0.988,-0.598
0.845,-0.368
0.678,-0.547
0.372,-0.634
0.253,-0.636
0.2,-0.508
-0.192,-0.482
-0.31,-0.566
-0.824,3.669
-1.57,3.756
-1.672,3.704
-1.891,3.764
2.773,3.68
2.141,3.697
1.824,3.65
1.824,3.647
1.736,3.666
1.006,3.557
0.361,3.669
0.125,3.459
-0.996,0.989
-1.65,0.782
-1.913,3.183
-2.481,3.133
2.198,-0.045
-1.958,-0.428
-0.547,1.367
-0.536,1.788
-0.57,0.321
-0.568,3.493
-0.775,2.239
-0.728,0.824
-0.923,1.342
-0.826,1.396
-0.972,3.215
-0.864,-0.05
-1.017,3.478
-1.007,3.669
-1.038,1.911
-0.94,2.255
-1.095,3.006
-1.116,0.303
-1.15,0.468
-1.21,1.78
-1.148,2.519
-1.223,3.494
-1.286,2.83
-1.324,3.537
-1.549,1.584
-1.571,3.295
-1.603,3.15
-1.492,0.591
-1.662,3.174
-1.532,2.583
-1.717,0.265
-1.628,0.995
-1.687,-0.074
-1.778,0.785
-1.827,1.413
-1.847,1.724
-2.116,2.602
-1.998,0.873
-2.032,2.099
-2.058,2.421
-2.096,2.6
-2.141,3.194
-2.152,2.253
-2.284,3.548
-2.192,1.479
-2.544,3.271
-2.568,3.159
-2.479,1.589
-2.644,0.417
-2.646,1.493
-2.731,2.59
-2.612,3.33
-2.777,0.961
-2.677,0.609
-2.822,3.202
-2.79,2.172
-2.997,2.087
-3.029,0.381
-3.064,0.389
2.996,0.744
2.977,1.306
2.805,1.723
2.787,2.586
2.737,0.533
2.848,2.513
2.699,1.246
2.694,0.837
2.667,1.329
2.52,1.78
2.456,0.586
2.352,1.257
2.305,1.768
2.279,0.941
2.267,0.552
2.248,1.039
2.124,2.246
1.927,3.317
1.903,2.056
1.855,3.18
1.964,2.567
1.821,3.354
1.777,2.924
1.67,2.596
1.794,2.28
1.673,0.508
1.638,1.696
1.398,1.058
1.365,1.637
1.241,1.569
1.321,3.097
1.146,2.573
0.993,0.532
0.896,2.165
0.946,0.747
0.791,3.02
0.849,0.514
0.65,0.313
0.547,2.734
0.637,2.252
0.431,2.666
0.442,1.581
0.283,2.767
0.157,0.958
0.164,2.235
0.215,2.181
0.213,0.755
-0.126,2.606
-0.039,0.002
-0.22,1.881
-0.195,1.402
-0.418,3.048
-0.776,-0.566
-1.461,-0.367
-2.545,-0.471
-2.525,-0.353
-3.12,-0.389
2.939,-0.47
2.105,-0.516
1.353,-0.636
0.905,-0.38
0.37,-0.442
-2.848,3.422
2.481,3.714
1.772,3.72
0.335,3.449
-0.564,0.605
-0.909,1.825
-1.608,0.604
-2.383,1.228
-2.605,0.609
-2.954,0.635
1.555,0.58
0.941,1.843
-1.275,1.002
3.032,2.061
1.098,1.254
0.783,0.368
0.678,0.782
0.238,0.373
0.04,0.421
-0.028,1.189
-1.566,1.143
-2.562,2.832
0.316,1.761
-1.132,-0.108
-1.442,-0.159
-1.954,-0.32
2.954,-0.364
2.365,-0.206
2.036,-0.27
1.879,-0.35
1.822,-0.277
0.466,-0.339
0.279,-0.34
-1.446,-0.561
3.01,-0.734
2.554,-0.595
1.853,-0.791
-0.064,0.129
-0.109,-0.58
-0.267,0.976
-0.363,-1.342
-0.426,0.87
-0.411,-0.303
-0.434,1.222
-0.382,0.134
-0.476,-1.193
-0.544,-2.797
-0.644,-2.716
-0.578,-2.697
-0.999,-2.642
-1.019,-2.727
-1.599,-2.642
-2.467,-2.619
1.991,-2.79
1.601,-2.847
0.953,-2.852
0.81,-2.622
0.643,-2.801
0.337,-2.888
0.218,-2.89
0.165,-2.762
-0.227,-2.736
-0.345,-2.82
-0.859,1.415
-1.605,1.502
-1.707,1.45
-1.926,1.51
2.738,1.426
2.106,1.443
1.789,1.396
1.789,1.393
1.701,1.412
0.971,1.303
0.326,1.415
0.09,1.205
-1.031,-1.265
-1.685,-1.472
-1.948,0.929
-2.516,0.879
2.163,-2.299
-1.993,-2.682
-0.582,-0.887
-0.571,-0.466
-0.605,-1.933
-0.603,1.239
-0.81,-0.015
-0.763,-1.43
-0.958,-0.912
-0.861,-0.858
-1.007,0.961
-0.899,-2.304
-1.052,1.224
-1.042,1.415
-1.073,-0.343
-0.975,0.001
-1.13,0.752
-1.151,-1.951
-1.185,-1.786
-1.245,-0.474
-1.183,0.265
-1.258,1.24
-1.321,0.576
-1.359,1.283
-1.584,-0.67
-1.606,1.041
-1.638,0.896
-1.527,-1.663
-1.697,0.92
-1.567,0.329
-1.752,-1.989
-1.663,-1.259
-1.722,-2.328
-1.813,-1.469
-1.862,-0.841
-1.882,-0.53
-2.151,0.348
-2.033,-1.381
-2.067,-0.155
-2.093,0.167
-2.131,0.346
-2.176,0.94
-2.187,-0.001
-2.319,1.294
-2.227,-0.775
-2.579,1.017
-2.603,0.905
-2.514,-0.665
-2.679,-1.837
-2.681,-0.761
-2.766,0.336
-2.647,1.076
-2.812,-1.293
-2.712,-1.645
-2.857,0.948
-2.825,-0.082
-3.032,-0.167
-3.064,-1.873
-3.099,-1.865
2.961,-1.51
2.942,-0.948
2.77,-0.531
2.752,0.332
2.702,-1.721
2.813,0.259
2.664,-1.008
2.659,-1.417
2.632,-0.925
2.485,-0.474
2.421,-1.668
2.317,-0.997
2.27,-0.486
2.244,-1.313
2.232,-1.702
2.213,-1.215
2.089,-0.008
1.892,1.063
1.868,-0.198
1.82,0.926
1.929,0.313
1.786,1.1
1.742,0.67
1.635,0.342
1.759,0.026
1.638,-1.746
1.603,-0.558
1.363,-1.196
1.33,-0.617
1.206,-0.685
1.286,0.843
1.111,0.319
0.958,-1.722
0.861,-0.089
0.911,-1.507
0.756,0.766
0.814,-1.74
0.615,-1.941
0.512,0.48
0.602,-0.002
0.396,0.412
0.407,-0.673
0.248,0.513
0.122,-1.296
0.129,-0.019
0.18,-0.073
0.178,-1.499
-0.161,0.352
-0.074,-2.252
-0.255,-0.373
-0.23,-0.852
-0.453,0.794
-0.811,-2.82
-1.496,-2.621
-2.58,-2.725
-2.56,-2.607
3.128,-2.643
2.904,-2.724
2.07,-2.77
1.318,-2.89
0.87,-2.634
0.335,-2.696
-2.883,1.168
2.446,1.46
1.737,1.466
0.3,1.195
-0.599,-1.649
-0.944,-0.429
-1.643,-1.65
-2.418,-1.026
-2.64,-1.645
-2.989,-1.619
1.52,-1.674
0.906,-0.411
-1.31,-1.252
2.997,-0.193
1.063,-1.0
0.748,-1.886
0.643,-1.472
0.203,-1.881
0.005,-1.833
-0.063,-1.065
-1.601,-1.111
-2.597,0.578
0.281,-0.493
-1.167,-2.362
-1.477,-2.413
-1.989,-2.574
2.919,-2.618
2.33,-2.46
2.001,-2.524
1.844,-2.604
1.787,-2.531
0.431,-2.593
0.244,-2.594
-1.481,-2.815
2.975,-2.988
2.519,-2.849
1.818,-3.045
-0.045,-0.709
-0.203,0.847
-0.299,-1.471
-0.362,0.741
-0.347,-0.432
-0.37,1.093
-0.318,0.005
-0.412,-1.322
-0.48,-2.926
-0.58,-2.845
-0.514,-2.826
-0.935,-2.771
-0.955,-2.856
-1.535,-2.771
-2.403,-2.748
2.055,-2.919
1.665,-2.976
1.017,-2.981
0.874,-2.751
0.707,-2.93
0.401,-3.017
0.282,-3.019
0.229,-2.891
-0.163,-2.865
-0.281,-2.949
-0.795,1.286
-1.541,1.373
-1.643,1.321
-1.862,1.381
2.802,1.297
2.17,1.314
1.853,1.267
1.853,1.264
1.765,1.283
1.035,1.174
0.39,1.286
0.154,1.076
-0.967,-1.394
-1.621,-1.601
-1.884,0.8
-2.452,0.75
2.227,-2.428
-1.929,-2.811
-0.518,-1.016
-0.507,-0.595
-0.541,-2.062
-0.539,1.11
-0.746,-0.144
-0.699,-1.559
-0.894,-1.041
-0.797,-0.987
-0.943,0.832
-0.835,-2.433
-0.988,1.095
-0.978,1.286
-1.009,-0.472
-0.911,-0.128
-1.066,0.623
-1.087,-2.08
-1.121,-1.915
-1.181,-0.603
-1.119,0.136
-1.194,1.111
-1.257,0.447
-1.295,1.154
-1.52,-0.799
-1.542,0.912
-1.574,0.767
-1.463,-1.792
-1.633,0.791
-1.503,0.2
-1.688,-2.118
-1.599,-1.388
-1.658,-2.457
-1.749,-1.598
-1.798,-0.97
-1.818,-0.659
-2.087,0.219
-1.969,-1.51
-2.003,-0.284
-2.029,0.038
-2.067,0.217
-2.112,0.811
-2.123,-0.13
-2.255,1.165
-2.163,-0.904
-2.515,0.888
-2.539,0.776
-2.45,-0.794
-2.615,-1.966
-2.617,-0.89
-2.702,0.207
-2.583,0.947
-2.748,-1.422
-2.648,-1.774
-2.793,0.819
-2.761,-0.211
-2.968,-0.296
-3.0,-2.002
-3.035,-1.994
3.025,-1.639
3.006,-1.077
2.834,-0.66
2.816,0.203
2.766,-1.85
2.877,0.13
2.728,-1.137
2.723,-1.546
2.696,-1.054
2.549,-0.603
2.485,-1.797
2.381,-1.126
2.334,-0.615
2.308,-1.442
2.296,-1.831
2.277,-1.344
2.153,-0.137
1.956,0.934
1.932,-0.327
1.884,0.797
1.993,0.184
1.85,0.971
1.806,0.541
1.699,0.213
1.823,-0.103
1.702,-1.875
1.667,-0.687
1.427,-1.325
1.394,-0.746
1.27,-0.814
1.35,0.714
1.175,0.19
1.022,-1.851
0.925,-0.218
0.975,-1.636
0.82,0.637
0.878,-1.869
0.679,-2.07
0.576,0.351
0.666,-0.131
0.46,0.283
0.471,-0.802
0.312,0.384
0.186,-1.425
0.193,-0.148
0.244,-0.202
0.242,-1.628
-0.097,0.223
-0.01,-2.381
-0.191,-0.502
-0.166,-0.981
-0.389,0.665
-0.747,-2.949
-1.432,-2.75
-2.516,-2.854
-2.496,-2.736
-3.091,-2.772
2.968,-2.853
2.134,-2.899
1.382,-3.019
0.934,-2.763
0.399,-2.825
-2.819,1.039
2.51,1.331
1.801,1.337
0.364,1.066
-0.535,-1.778
-0.88,-0.558
-1.579,-1.779
-2.354,-1.155
-2.576,-1.774
-2.925,-1.748
1.584,-1.803
0.97,-0.54
-1.246,-1.381
3.061,-0.322
1.127,-1.129
0.812,-2.015
0.707,-1.601
0.267,-2.01
0.069,-1.962
0.001,-1.194
-1.537,-1.24
-2.533,0.449
0.345,-0.622
-1.103,-2.491
-1.413,-2.542
-1.925,-2.703
2.983,-2.747
2.394,-2.589
2.065,-2.653
1.908,-2.733
1.851,-2.66
0.495,-2.722
0.308,-2.723
-1.417,-2.944
3.039,-3.117
2.583,-2.978
1.882,-3.174
-0.158,1.556
-0.254,-0.762
-0.317,1.45
-0.302,0.277
-0.325,1.802
-0.273,0.714
-0.367,-0.613
-0.435,-2.217
-0.535,-2.136
-0.469,-2.117
-0.89,-2.062
-0.91,-2.147
-1.49,-2.062
-2.358,-2.039
2.1,-2.21
1.71,-2.267
1.062,-2.272
0.919,-2.042
0.752,-2.221
0.446,-2.308
0.327,-2.31
0.274,-2.182
-0.118,-2.156
-0.236,-2.24
-0.75,1.995
-1.496,2.082
-1.598,2.03
-1.817,2.09
2.847,2.006
2.215,2.023
1.898,1.976
1.898,1.973
1.81,1.992
1.08,1.883
0.435,1.995
0.199,1.785
-0.922,-0.685
-1.576,-0.892
-1.839,1.509
-2.407,1.459
2.272,-1.719
-1.884,-2.102
-0.473,-0.307
-0.462,0.114
-0.496,-1.353
-0.494,1.819
-0.701,0.565
-0.654,-0.85
-0.849,-0.332
-0.752,-0.278
-0.898,1.541
-0.79,-1.724
-0.943,1.804
-0.933,1.995
-0.964,0.237
-0.866,0.581
-1.021,1.332
-1.042,-1.371
-1.076,-1.206
-1.136,0.106
-1.074,0.845
-1.149,1.82
-1.212,1.156
-1.25,1.863
-1.475,-0.09
-1.497,1.621
-1.529,1.476
-1.418,-1.083
-1.588,1.5
-1.458,0.909
-1.643,-1.409
-1.554,-0.679
-1.613,-1.748
-1.704,-0.889
-1.753,-0.261
-1.773,0.05
-2.042,0.928
-1.924,-0.801
-1.958,0.425
-1.984,0.747
-2.022,0.926
-2.067,1.52
-2.078,0.579
-2.21,1.874
-2.118,-0.195
-2.47,1.597
-2.494,1.485
-2.405,-0.085
-2.57,-1.257
-2.572,-0.181
-2.657,0.916
-2.538,1.656
-2.703,-0.713
-2.603,-1.065
-2.748,1.528
-2.716,0.498
-2.923,0.413
-2.955,-1.293
-2.99,-1.285
3.07,-0.93
3.051,-0.368
2.879,0.049
2.861,0.912
2.811,-1.141
2.922,0.839
2.773,-0.428
2.768,-0.837
2.741,-0.345
2.594,0.106
2.53,-1.088
2.426,-0.417
2.379,0.094
2.353,-0.733
2.341,-1.122
2.322,-0.635
2.198,0.572
2.001,1.643
1.977,0.382
1.929,1.506
2.038,0.893
1.895,1.68
1.851,1.25
1.744,0.922
1.868,0.606
1.747,-1.166
1.712,0.022
1.472,-0.616
1.439,-0.037
1.315,-0.105
1.395,1.423
1.22,0.899
1.067,-1.142
0.97,0.491
1.02,-0.927
0.865,1.346
0.923,-1.16
0.724,-1.361
0.621,1.06
0.711,0.578
0.505,0.992
0.516,-0.093
0.357,1.093
0.231,-0.716
0.238,0.561
0.289,0.507
0.287,-0.919
-0.052,0.932
0.035,-1.672
-0.146,0.207
-0.121,-0.272
-0.344,1.374
-0.702,-2.24
-1.387,-2.041
-2.471,-2.145
-2.451,-2.027
-3.046,-2.063
3.013,-2.144
2.179,-2.19
1.427,-2.31
0.979,-2.054
0.444,-2.116
-2.774,1.748
2.555,2.04
1.846,2.046
0.409,1.775
-0.49,-1.069
-0.835,0.151
-1.534,-1.07
-2.309,-0.446
-2.531,-1.065
-2.88,-1.039
1.629,-1.094
1.015,0.169
-1.201,-0.672
3.106,0.387
1.172,-0.42
0.857,-1.306
0.752,-0.892
0.312,-1.301
0.114,-1.253
0.046,-0.485
-1.492,-0.531
-2.488,1.158
0.39,0.087
-1.058,-1.782
-1.368,-1.833
-1.88,-1.994
3.028,-2.038
2.439,-1.88
2.11,-1.944
1.953,-2.024
1.896,-1.951
0.54,-2.013
0.353,-2.014
-1.372,-2.235
3.084,-2.408
2.628,-2.269
1.927,-2.465
-0.096,-2.318
-0.159,-0.106
-0.144,-1.279
-0.167,0.246
-0.115,-0.842
-0.209,-2.169
-0.277,-3.773
-0.377,-3.692
-0.311,-3.673
-0.732,-3.618
-0.752,-3.703
-1.332,-3.618
-2.2,-3.595
2.258,-3.766
1.868,-3.823
1.22,-3.828
1.077,-3.598
0.91,-3.777
0.604,-3.864
0.485,-3.866
0.432,-3.738
0.04,-3.712
-0.078,-3.796
-0.592,0.439
-1.338,0.526
-1.44,0.474
-1.659,0.534
3.005,0.45
2.373,0.467
2.056,0.42
2.056,0.417
1.968,0.436
1.238,0.327
0.593,0.439
0.357,0.229
-0.764,-2.241
-1.418,-2.448
-1.681,-0.047
-2.249,-0.097
2.43,-3.275
-1.726,-3.658
-0.315,-1.863
-0.304,-1.442
-0.338,-2.909
-0.336,0.263
-0.543,-0.991
-0.496,-2.406
-0.691,-1.888
-0.594,-1.834
-0.74,-0.015
-0.632,-3.28
-0.785,0.248
-0.775,0.439
-0.806,-1.319
-0.708,-0.975
-0.863,-0.224
-0.884,-2.927
-0.918,-2.762
-0.978,-1.45
-0.916,-0.711
-0.991,0.264
-1.054,-0.4
-1.092,0.307
-1.317,-1.646
-1.339,0.065
-1.371,-0.08
-1.26,-2.639
-1.43,-0.056
-1.3,-0.647
-1.485,-2.965
-1.396,-2.235
-1.455,-3.304
-1.546,-2.445
-1.595,-1.817
-1.615,-1.506
-1.884,-0.628
-1.766,-2.357
-1.8,-1.131
-1.826,-0.809
-1.864,-0.63
-1.909,-0.036
-1.92,-0.977
-2.052,0.318
-1.96,-1.751
-2.312,0.041
-2.336,-0.071
-2.247,-1.641
-2.412,-2.813
-2.414,-1.737
-2.499,-0.64
-2.38,0.1
-2.545,-2.269
-2.445,-2.621
-2.59,-0.028
-2.558,-1.058
-2.765,-1.143
-2.797,-2.849
-2.832,-2.841
-3.055,-2.486
-3.074,-1.924
3.037,-1.507
3.019,-0.644
2.969,-2.697
3.08,-0.717
2.931,-1.984
2.926,-2.393
2.899,-1.901
2.752,-1.45
2.688,-2.644
2.584,-1.973
2.537,-1.462
2.511,-2.289
2.499,-2.678
2.48,-2.191
2.356,-0.984
2.159,0.087
2.135,-1.174
2.087,-0.05
2.196,-0.663
2.053,0.124
2.009,-0.306
1.902,-0.634
2.026,-0.95
1.905,-2.722
1.87,-1.534
1.63,-2.172
1.597,-1.593
1.473,-1.661
1.553,-0.133
1.378,-0.657
1.225,-2.698
1.128,-1.065
1.178,-2.483
1.023,-0.21
1.081,-2.716
0.882,-2.917
0.779,-0.496
0.869,-0.978
0.663,-0.564
0.674,-1.649
0.515,-0.463
0.389,-2.272
0.396,-0.995
0.447,-1.049
0.445,-2.475
0.106,-0.624
0.193,-3.228
0.012,-1.349
0.037,-1.828
-0.186,-0.182
-0.544,-3.796
-1.229,-3.597
-2.313,-3.701
-2.293,-3.583
-2.888,-3.619
-3.112,-3.7
2.337,-3.746
1.585,-3.866
1.137,-3.61
0.602,-3.672
-2.616,0.192
2.713,0.484
2.004,0.49
0.567,0.219
-0.332,-2.625
-0.677,-1.405
-1.376,-2.626
-2.151,-2.002
-2.373,-2.621
-2.722,-2.595
1.787,-2.65
1.173,-1.387
-1.043,-2.228
-3.019,-1.169
1.33,-1.976
1.015,-2.862
0.91,-2.448
0.47,-2.857
0.272,-2.809
0.204,-2.041
-1.334,-2.087
-2.33,-0.398
0.548,-1.469
-0.9,-3.338
-1.21,-3.389
-1.722,-3.55
-3.097,-3.594
2.597,-3.436
2.268,-3.5
2.111,-3.58
2.054,-3.507
0.698,-3.569
0.511,-3.57
-1.214,-3.791
-3.041,-3.964
2.786,-3.825
2.085,-4.021
-0.063,2.212
-0.048,1.039
-0.071,2.564
-0.019,1.476
-0.113,0.149
-0.181,-1.455
-0.281,-1.374
-0.215,-1.355
-0.636,-1.3
-0.656,-1.385
-1.236,-1.3
-2.104,-1.277
2.354,-1.448
1.964,-1.505
1.316,-1.51
1.173,-1.28
1.006,-1.459
0.7,-1.546
0.581,-1.548
0.528,-1.42
0.136,-1.394
0.018,-1.478
-0.496,2.757
-1.242,2.844
-1.344,2.792
-1.563,2.852
3.101,2.768
2.469,2.785
2.152,2.738
2.152,2.735
2.064,2.754
1.334,2.645
0.689,2.757
0.453,2.547
-0.668,0.077
-1.322,-0.13
-1.585,2.271
-2.153,2.221
2.526,-0.957
-1.63,-1.34
-0.219,0.455
-0.208,0.876
-0.242,-0.591
-0.24,2.581
-0.447,1.327
-0.4,-0.088
-0.595,0.43
-0.498,0.484
-0.644,2.303
-0.536,-0.962
-0.689,2.566
-0.679,2.757
-0.71,0.999
-0.612,1.343
-0.767,2.094
-0.788,-0.609
-0.822,-0.444
-0.882,0.868
-0.82,1.607
-0.895,2.582
-0.958,1.918
-0.996,2.625
-1.221,0.672
-1.243,2.383
-1.275,2.238
-1.164,-0.321
-1.334,2.262
-1.204,1.671
-1.389,-0.647
-1.3,0.083
-1.359,-0.986
-1.45,-0.127
-1.499,0.501
-1.519,0.812
-1.788,1.69
-1.67,-0.039
-1.704,1.187
-1.73,1.509
-1.768,1.688
-1.813,2.282
-1.824,1.341
-1.956,2.636
-1.864,0.567
-2.216,2.359
-2.24,2.247
-2.151,0.677
-2.316,-0.495
-2.318,0.581
-2.403,1.678
-2.284,2.418
-2.449,0.049
-2.349,-0.303
-2.494,2.29
-2.462,1.26
-2.669,1.175
-2.701,-0.531
-2.736,-0.523
-2.959,-0.168
-2.978,0.394
3.133,0.811
3.115,1.674
3.065,-0.379
-3.107,1.601
3.027,0.334
3.022,-0.075
2.995,0.417
2.848,0.868
2.784,-0.326
2.68,0.345
2.633,0.856
2.607,0.029
2.595,-0.36
2.576,0.127
2.452,1.334
2.255,2.405
2.231,1.144
2.183,2.268
2.292,1.655
2.149,2.442
2.105,2.012
1.998,1.684
2.122,1.368
2.001,-0.404
1.966,0.784
1.726,0.146
1.693,0.725
1.569,0.657
1.649,2.185
1.474,1.661
1.321,-0.38
1.224,1.253
1.274,-0.165
1.119,2.108
1.177,-0.398
0.978,-0.599
0.875,1.822
0.965,1.34
0.759,1.754
0.77,0.669
0.611,1.855
0.485,0.046
0.492,1.323
0.543,1.269
0.541,-0.157
0.202,1.694
0.289,-0.91
0.108,0.969
0.133,0.49
-0.09,2.136
-0.448,-1.478
-1.133,-1.279
-2.217,-1.383
-2.197,-1.265
-2.792,-1.301
-3.016,-1.382
2.433,-1.428
1.681,-1.548
1.233,-1.292
0.698,-1.354
-2.52,2.51
2.809,2.802
2.1,2.808
0.663,2.537
-0.236,-0.307
-0.581,0.913
-1.28,-0.308
-2.055,0.316
-2.277,-0.303
-2.626,-0.277
1.883,-0.332
1.269,0.931
-0.947,0.09
-2.923,1.149
1.426,0.342
1.111,-0.544
1.006,-0.13
0.566,-0.539
0.368,-0.491
0.3,0.277
-1.238,0.231
-2.234,1.92
0.644,0.849
-0.804,-1.02
-1.114,-1.071
-1.626,-1.232
-3.001,-1.276
2.693,-1.118
2.364,-1.182
2.207,-1.262
2.15,-1.189
0.794,-1.251
0.607,-1.252
-1.118,-1.473
-2.945,-1.646
2.882,-1.507
2.181,-1.703
0.015,-1.173
-0.008,0.352
0.044,-0.736
-0.05,-2.063
-0.118,-3.667
-0.218,-3.586
-0.152,-3.567
-0.573,-3.512
-0.593,-3.597
-1.173,-3.512
-2.041,-3.489
2.417,-3.66
2.027,-3.717
1.379,-3.722
1.236,-3.492
1.069,-3.671
0.763,-3.758
0.644,-3.76
0.591,-3.632
0.199,-3.606
0.081,-3.69
-0.433,0.545
-1.179,0.632
-1.281,0.58
-1.5,0.64
-3.119,0.556
2.532,0.573
2.215,0.526
2.215,0.523
2.127,0.542
1.397,0.433
0.752,0.545
0.516,0.335
-0.605,-2.135
-1.259,-2.342
-1.522,0.059
-2.09,0.009
2.589,-3.169
-1.567,-3.552
-0.156,-1.757
-0.145,-1.336
-0.179,-2.803
-0.177,0.369
-0.384,-0.885
-0.337,-2.3
-0.532,-1.782
-0.435,-1.728
-0.581,0.091
-0.473,-3.174
-0.626,0.354
-0.616,0.545
-0.647,-1.213
-0.549,-0.869
-0.704,-0.118
-0.725,-2.821
-0.759,-2.656
-0.819,-1.344
-0.757,-0.605
-0.832,0.37
-0.895,-0.294
-0.933,0.413
-1.158,-1.54
-1.18,0.171
-1.212,0.026
-1.101,-2.533
-1.271,0.05
-1.141,-0.541
-1.326,-2.859
-1.237,-2.129
-1.296,-3.198
-1.387,-2.339
-1.436,-1.711
-1.456,-1.4
-1.725,-0.522
-1.607,-2.251
-1.641,-1.025
-1.667,-0.703
-1.705,-0.524
-1.75,0.07
-1.761,-0.871
-1.893,0.424
-1.801,-1.645
-2.153,0.147
-2.177,0.035
-2.088,-1.535
-2.253,-2.707
-2.255,-1.631
-2.34,-0.534
-2.221,0.206
-2.386,-2.163
-2.286,-2.515
-2.431,0.078
-2.399,-0.952
-2.606,-1.037
-2.638,-2.743
-2.673,-2.735
-2.896,-2.38
-2.915,-1.818
-3.087,-1.401
-3.105,-0.538
3.128,-2.591
-3.044,-0.611
3.09,-1.878
3.085,-2.287
3.058,-1.795
2.911,-1.344
2.847,-2.538
2.743,-1.867
2.696,-1.356
2.67,-2.183
2.658,-2.572
2.639,-2.085
2.515,-0.878
2.318,0.193
2.294,-1.068
2.246,0.056
2.355,-0.557
2.212,0.23
2.168,-0.2
2.061,-0.528
2.185,-0.844
2.064,-2.616
2.029,-1.428
1.789,-2.066
1.756,-1.487
1.632,-1.555
1.712,-0.027
1.537,-0.551
1.384,-2.592
1.287,-0.959
1.337,-2.377
1.182,-0.104
1.24,-2.61
1.041,-2.811
0.938,-0.39
1.028,-0.872
0.822,-0.458
0.833,-1.543
0.674,-0.357
0.548,-2.166
0.555,-0.889
0.606,-0.943
0.604,-2.369
0.265,-0.518
0.352,-3.122
0.171,-1.243
0.196,-1.722
-0.027,-0.076
-0.385,-3.69
-1.07,-3.491
-2.154,-3.595
-2.134,-3.477
-2.729,-3.513
-2.953,-3.594
2.496,-3.64
1.744,-3.76
1.296,-3.504
0.761,-3.566
-2.457,0.298
2.872,0.59
2.163,0.596
0.726,0.325
-0.173,-2.519
-0.518,-1.299
-1.217,-2.52
-1.992,-1.896
-2.214,-2.515
-2.563,-2.489
1.946,-2.544
1.332,-1.281
-0.884,-2.122
-2.86,-1.063
1.489,-1.87
1.174,-2.756
1.069,-2.342
0.629,-2.751
0.431,-2.703
0.363,-1.935
-1.175,-1.981
-2.171,-0.292
0.707,-1.363
-0.741,-3.232
-1.051,-3.283
-1.563,-3.444
-2.938,-3.488
2.756,-3.33
2.427,-3.394
2.27,-3.474
2.213,-3.401
0.857,-3.463
0.67,-3.464
-1.055,-3.685
-2.882,-3.858
2.945,-3.719
2.244,-3.915
-0.023,1.525
0.029,0.437
-0.065,-0.89
-0.133,-2.494
-0.233,-2.413
-0.167,-2.394
-0.588,-2.339
-0.608,-2.424
-1.188,-2.339
-2.056,-2.316
2.402,-2.487
2.012,-2.544
1.364,-2.549
1.221,-2.319
1.054,-2.498
0.748,-2.585
0.629,-2.587
0.576,-2.459
0.184,-2.433
0.066,-2.517
-0.448,1.718
-1.194,1.805
-1.296,1.753
-1.515,1.813
-3.134,1.729
2.517,1.746
2.2,1.699
2.2,1.696
2.112,1.715
1.382,1.606
0.737,1.718
0.501,1.508
-0.62,-0.962
-1.274,-1.169
-1.537,1.232
-2.105,1.182
2.574,-1.996
-1.582,-2.379
-0.171,-0.584
-0.16,-0.163
-0.194,-1.63
-0.192,1.542
-0.399,0.288
-0.352,-1.127
-0.547,-0.609
-0.45,-0.555
-0.596,1.264
-0.488,-2.001
-0.641,1.527
-0.631,1.718
-0.662,-0.04
-0.564,0.304
-0.719,1.055
-0.74,-1.648
-0.774,-1.483
-0.834,-0.171
-0.772,0.568
-0.847,1.543
-0.91,0.879
-0.948,1.586
-1.173,-0.367
-1.195,1.344
-1.227,1.199
-1.116,-1.36
-1.286,1.223
-1.156,0.632
-1.341,-1.686
-1.252,-0.956
-1.311,-2.025
-1.402,-1.166
-1.451,-0.538
-1.471,-0.227
-1.74,0.651
-1.622,-1.078
-1.656,0.148
-1.682,0.47
-1.72,0.649
-1.765,1.243
-1.776,0.302
-1.908,1.597
-1.816,-0.472
-2.168,1.32
-2.192,1.208
-2.103,-0.362
-2.268,-1.534
-2.27,-0.458
-2.355,0.639
-2.236,1.379
-2.401,-0.99
-2.301,-1.342
-2.446,1.251
-2.414,0.221
-2.621,0.136
-2.653,-1.57
-2.688,-1.562
-2.911,-1.207
-2.93,-0.645
-3.102,-0.228
-3.12,0.635
3.113,-1.418
-3.059,0.562
3.075,-0.705
3.07,-1.114
3.043,-0.622
2.896,-0.171
2.832,-1.365
2.728,-0.694
2.681,-0.183
2.655,-1.01
2.643,-1.399
2.624,-0.912
2.5,0.295
2.303,1.366
2.279,0.105
2.231,1.229
2.34,0.616
2.197,1.403
2.153,0.973
2.046,0.645
2.17,0.329
2.049,-1.443
2.014,-0.255
1.774,-0.893
1.741,-0.314
1.617,-0.382
1.697,1.146
1.522,0.622
1.369,-1.419
1.272,0.214
1.322,-1.204
1.167,1.069
1.225,-1.437
1.026,-1.638
0.923,0.783
1.013,0.301
0.807,0.715
0.818,-0.37
0.659,0.816
0.533,-0.993
0.54,0.284
0.591,0.23
0.589,-1.196
0.25,0.655
0.337,-1.949
0.156,-0.07
0.181,-0.549
-0.042,1.097
-0.4,-2.517
-1.085,-2.318
-2.169,-2.422
-2.149,-2.304
-2.744,-2.34
-2.968,-2.421
2.481,-2.467
1.729,-2.587
1.281,-2.331
0.746,-2.393
-2.472,1.471
2.857,1.763
2.148,1.769
0.711,1.498
-0.188,-1.346
-0.533,-0.126
-1.232,-1.347
-2.007,-0.723
-2.229,-1.342
-2.578,-1.316
1.931,-1.371
1.317,-0.108
-0.899,-0.949
-2.875,0.11
1.474,-0.697
1.159,-1.583
1.054,-1.169
0.614,-1.578
0.416,-1.53
0.348,-0.762
-1.19,-0.808
-2.186,0.881
0.692,-0.19
-0.756,-2.059
-1.066,-2.11
-1.578,-2.271
-2.953,-2.315
2.741,-2.157
2.412,-2.221
2.255,-2.301
2.198,-2.228
0.842,-2.29
0.655,-2.291
-1.07,-2.512
-2.897,-2.685
2.93,-2.546
2.229,-2.742
0.052,-1.088
-0.042,-2.415
-0.11,-4.019
-0.21,-3.938
-0.144,-3.919
-0.565,-3.864
-0.585,-3.949
-1.165,-3.864
-2.033,-3.841
2.425,-4.012
2.035,-4.069
1.387,-4.074
1.244,-3.844
1.077,-4.023
0.771,-4.11
0.652,-4.112
0.599,-3.984
0.207,-3.958
0.089,-4.042
-0.425,0.193
-1.171,0.28
-1.273,0.228
-1.492,0.288
-3.111,0.204
2.54,0.221
2.223,0.174
2.223,0.171
2.135,0.19
1.405,0.081
0.76,0.193
0.524,-0.017
-0.597,-2.487
-1.251,-2.694
-1.514,-0.293
-2.082,-0.343
2.597,-3.521
-1.559,-3.904
-0.148,-2.109
-0.137,-1.688
-0.171,-3.155
-0.169,0.017
-0.376,-1.237
-0.329,-2.652
-0.524,-2.134
-0.427,-2.08
-0.573,-0.261
-0.465,-3.526
-0.618,0.002
-0.608,0.193
-0.639,-1.565
-0.541,-1.221
-0.696,-0.47
-0.717,-3.173
-0.751,-3.008
-0.811,-1.696
-0.749,-0.957
-0.824,0.018
-0.887,-0.646
-0.925,0.061
-1.15,-1.892
-1.172,-0.181
-1.204,-0.326
-1.093,-2.885
-1.263,-0.302
-1.133,-0.893
-1.318,-3.211
-1.229,-2.481
-1.288,-3.55
-1.379,-2.691
-1.428,-2.063
-1.448,-1.752
-1.717,-0.874
-1.599,-2.603
-1.633,-1.377
-1.659,-1.055
-1.697,-0.876
-1.742,-0.282
-1.753,-1.223
-1.885,0.072
-1.793,-1.997
-2.145,-0.205
-2.169,-0.317
-2.08,-1.887
-2.245,-3.059
-2.247,-1.983
-2.332,-0.886
-2.213,-0.146
-2.378,-2.515
-2.278,-2.867
-2.423,-0.274
-2.391,-1.304
-2.598,-1.389
-2.63,-3.095
-2.665,-3.087
-2.888,-2.732
-2.907,-2.17
-3.079,-1.753
-3.097,-0.89
3.136,-2.943
-3.036,-0.963
3.098,-2.23
3.093,-2.639
3.066,-2.147
2.919,-1.696
2.855,-2.89
2.751,-2.219
2.704,-1.708
2.678,-2.535
2.666,-2.924
2.647,-2.437
2.523,-1.23
2.326,-0.159
2.302,-1.42
2.254,-0.296
2.363,-0.909
2.22,-0.122
2.176,-0.552
2.069,-0.88
2.193,-1.196
2.072,-2.968
2.037,-1.78
1.797,-2.418
1.764,-1.839
1.64,-1.907
1.72,-0.379
1.545,-0.903
1.392,-2.944
1.295,-1.311
1.345,-2.729
1.19,-0.456
1.248,-2.962
1.049,-3.163
0.946,-0.742
1.036,-1.224
0.83,-0.81
0.841,-1.895
0.682,-0.709
0.556,-2.518
0.563,-1.241
0.614,-1.295
0.612,-2.721
0.273,-0.87
0.36,-3.474
0.179,-1.595
0.204,-2.074
-0.019,-0.428
-0.377,-4.042
-1.062,-3.843
-2.146,-3.947
-2.126,-3.829
-2.721,-3.865
-2.945,-3.946
2.504,-3.992
1.752,-4.112
1.304,-3.856
0.769,-3.918
-2.449,-0.054
2.88,0.238
2.171,0.244
0.734,-0.027
-0.165,-2.871
-0.51,-1.651
-1.209,-2.872
-1.984,-2.248
-2.206,-2.867
-2.555,-2.841
1.954,-2.896
1.34,-1.633
-0.876,-2.474
-2.852,-1.415
1.497,-2.222
1.182,-3.108
1.077,-2.694
0.637,-3.103
0.439,-3.055
0.371,-2.287
-1.167,-2.333
-2.163,-0.644
0.715,-1.715
-0.733,-3.584
-1.043,-3.635
-1.555,-3.796
-2.93,-3.84
2.764,-3.682
2.435,-3.746
2.278,-3.826
2.221,-3.753
0.865,-3.815
0.678,-3.816
-1.047,-4.037
-2.874,-4.21
2.953,-4.071
2.252,-4.267
-0.094,-1.327
-0.162,-2.931
-0.262,-2.85
-0.196,-2.831
-0.617,-2.776
-0.637,-2.861
-1.217,-2.776
-2.085,-2.753
2.373,-2.924
1.983,-2.981
1.335,-2.986
1.192,-2.756
1.025,-2.935
0.719,-3.022
0.6,-3.024
0.547,-2.896
0.155,-2.87
0.037,-2.954
-0.477,1.281
-1.223,1.368
-1.325,1.316
-1.544,1.376
3.12,1.292
2.488,1.309
2.171,1.262
2.171,1.259
2.083,1.278
1.353,1.169
0.708,1.281
0.472,1.071
-0.649,-1.399
-1.303,-1.606
-1.566,0.795
-2.134,0.745
2.545,-2.433
-1.611,-2.816
-0.2,-1.021
-0.189,-0.6
-0.223,-2.067
-0.221,1.105
-0.428,-0.149
-0.381,-1.564
-0.576,-1.046
-0.479,-0.992
-0.625,0.827
-0.517,-2.438
-0.67,1.09
-0.66,1.281
-0.691,-0.477
-0.593,-0.133
-0.748,0.618
-0.769,-2.085
-0.803,-1.92
-0.863,-0.608
-0.801,0.131
-0.876,1.106
-0.939,0.442
-0.977,1.149
-1.202,-0.804
-1.224,0.907
-1.256,0.762
-1.145,-1.797
-1.315,0.786
-1.185,0.195
-1.37,-2.123
-1.281,-1.393
-1.34,-2.462
-1.431,-1.603
-1.48,-0.975
-1.5,-0.664
-1.769,0.214
-1.651,-1.515
-1.685,-0.289
-1.711,0.033
-1.749,0.212
-1.794,0.806
-1.805,-0.135
-1.937,1.16
-1.845,-0.909
-2.197,0.883
-2.221,0.771
-2.132,-0.799
-2.297,-1.971
-2.299,-0.895
-2.384,0.202
-2.265,0.942
-2.43,-1.427
-2.33,-1.779
-2.475,0.814
-2.443,-0.216
-2.65,-0.301
-2.682,-2.007
-2.717,-1.999
-2.94,-1.644
-2.959,-1.082
-3.131,-0.665
3.134,0.198
3.084,-1.855
-3.088,0.125
3.046,-1.142
3.041,-1.551
3.014,-1.059
2.867,-0.608
2.803,-1.802
2.699,-1.131
2.652,-0.62
2.626,-1.447
2.614,-1.836
2.595,-1.349
2.471,-0.142
2.274,0.929
2.25,-0.332
2.202,0.792
2.311,0.179
2.168,0.966
2.124,0.536
2.017,0.208
2.141,-0.108
2.02,-1.88
1.985,-0.692
1.745,-1.33
1.712,-0.751
1.588,-0.819
1.668,0.709
1.493,0.185
1.34,-1.856
1.243,-0.223
1.293,-1.641
1.138,0.632
1.196,-1.874
0.997,-2.075
0.894,0.346
0.984,-0.136
0.778,0.278
0.789,-0.807
0.63,0.379
0.504,-1.43
0.511,-0.153
0.562,-0.207
0.56,-1.633
0.221,0.218
0.308,-2.386
0.127,-0.507
0.152,-0.986
-0.071,0.66
-0.429,-2.954
-1.114,-2.755
-2.198,-2.859
-2.178,-2.741
-2.773,-2.777
-2.997,-2.858
2.452,-2.904
1.7,-3.024
1.252,-2.768
0.717,-2.83
-2.501,1.034
2.828,1.326
2.119,1.332
0.682,1.061
-0.217,-1.783
-0.562,-0.563
-1.261,-1.784
-2.036,-1.16
-2.258,-1.779
-2.607,-1.753
1.902,-1.808
1.288,-0.545
-0.928,-1.386
-2.904,-0.327
1.445,-1.134
1.13,-2.02
1.025,-1.606
0.585,-2.015
0.387,-1.967
0.319,-1.199
-1.219,-1.245
-2.215,0.444
0.663,-0.627
-0.785,-2.496
-1.095,-2.547
-1.607,-2.708
-2.982,-2.752
2.712,-2.594
2.383,-2.658
2.226,-2.738
2.169,-2.665
0.813,-2.727
0.626,-2.728
-1.099,-2.949
-2.926,-3.122
2.901,-2.983
2.2,-3.179
-0.068,-1.604
-0.168,-1.523
-0.102,-1.504
-0.523,-1.449
-0.543,-1.534
-1.123,-1.449
-1.991,-1.426
2.467,-1.597
2.077,-1.654
1.429,-1.659
1.286,-1.429
1.119,-1.608
0.813,-1.695
0.694,-1.697
0.641,-1.569
0.249,-1.543
0.131,-1.627
-0.383,2.608
-1.129,2.695
-1.231,2.643
-1.45,2.703
-3.069,2.619
2.582,2.636
2.265,2.589
2.265,2.586
2.177,2.605
1.447,2.496
0.802,2.608
0.566,2.398
-0.555,-0.072
-1.209,-0.279
-1.472,2.122
-2.04,2.072
2.639,-1.106
-1.517,-1.489
-0.106,0.306
-0.095,0.727
-0.129,-0.74
-0.127,2.432
-0.334,1.178
-0.287,-0.237
-0.482,0.281
-0.385,0.335
-0.531,2.154
-0.423,-1.111
-0.576,2.417
-0.566,2.608
-0.597,0.85
-0.499,1.194
-0.654,1.945
-0.675,-0.758
-0.709,-0.593
-0.769,0.719
-0.707,1.458
-0.782,2.433
-0.845,1.769
-0.883,2.476
-1.108,0.523
-1.13,2.234
-1.162,2.089
-1.051,-0.47
-1.221,2.113
-1.091,1.522
-1.276,-0.796
-1.187,-0.066
-1.246,-1.135
-1.337,-0.276
-1.386,0.352
-1.406,0.663
-1.675,1.541
-1.557,-0.188
-1.591,1.038
-1.617,1.36
-1.655,1.539
-1.7,2.133
-1.711,1.192
-1.843,2.487
-1.751,0.418
-2.103,2.21
-2.127,2.098
-2.038,0.528
-2.203,-0.644
-2.205,0.432
-2.29,1.529
-2.171,2.269
-2.336,-0.1
-2.236,-0.452
-2.381,2.141
-2.349,1.111
-2.556,1.026
-2.588,-0.68
-2.623,-0.672
-2.846,-0.317
-2.865,0.245
-3.037,0.662
-3.055,1.525
-3.105,-0.528
-2.994,1.452
3.14,0.185
3.135,-0.224
3.108,0.268
2.961,0.719
2.897,-0.475
2.793,0.196
2.746,0.707
2.72,-0.12
2.708,-0.509
2.689,-0.022
2.565,1.185
2.368,2.256
2.344,0.995
2.296,2.119
2.405,1.506
2.262,2.293
2.218,1.863
2.111,1.535
2.235,1.219
2.114,-0.553
2.079,0.635
1.839,-0.003
1.806,0.576
1.682,0.508
1.762,2.036
1.587,1.512
1.434,-0.529
1.337,1.104
1.387,-0.314
1.232,1.959
1.29,-0.547
1.091,-0.748
0.988,1.673
1.078,1.191
0.872,1.605
0.883,0.52
0.724,1.706
0.598,-0.103
0.605,1.174
0.656,1.12
0.654,-0.306
0.315,1.545
0.402,-1.059
0.221,0.82
0.246,0.341
0.023,1.987
-0.335,-1.627
-1.02,-1.428
-2.104,-1.532
-2.084,-1.414
-2.679,-1.45
-2.903,-1.531
2.546,-1.577
1.794,-1.697
1.346,-1.441
0.811,-1.503
-2.407,2.361
2.922,2.653
2.213,2.659
0.776,2.388
-0.123,-0.456
-0.468,0.764
-1.167,-0.457
-1.942,0.167
-2.164,-0.452
-2.513,-0.426
1.996,-0.481
1.382,0.782
-0.834,-0.059
-2.81,1.0
1.539,0.193
1.224,-0.693
1.119,-0.279
0.679,-0.688
0.481,-0.64
0.413,0.128
-1.125,0.082
-2.121,1.771
0.757,0.7
-0.691,-1.169
-1.001,-1.22
-1.513,-1.381
-2.888,-1.425
2.806,-1.267
2.477,-1.331
2.32,-1.411
2.263,-1.338
0.907,-1.4
0.72,-1.401
-1.005,-1.622
-2.832,-1.795
2.995,-1.656
2.294,-1.852
-0.1,0.081
-0.034,0.1
-0.455,0.155
-0.475,0.07
-1.055,0.155
-1.923,0.178
2.535,0.007
2.145,-0.05
1.497,-0.055
1.354,0.175
1.187,-0.004
0.881,-0.091
0.762,-0.093
0.709,0.035
0.317,0.061
0.199,-0.023
-0.315,4.212
-1.061,4.299
-1.163,4.247
-1.382,4.307
-3.001,4.223
2.65,4.24
2.333,4.193
2.333,4.19
2.245,4.209
1.515,4.1
0.87,4.212
0.634,4.002
-0.487,1.532
-1.141,1.325
-1.404,3.726
-1.972,3.676
2.707,0.498
-1.449,0.115
-0.038,1.91
-0.027,2.331
-0.061,0.864
-0.059,4.036
-0.266,2.782
-0.219,1.367
-0.414,1.885
-0.317,1.939
-0.463,3.758
-0.355,0.493
-0.508,4.021
-0.498,4.212
-0.529,2.454
-0.431,2.798
-0.586,3.549
-0.607,0.846
-0.641,1.011
-0.701,2.323
-0.639,3.062
-0.714,4.037
-0.777,3.373
-0.815,4.08
-1.04,2.127
-1.062,3.838
-1.094,3.693
-0.983,1.134
-1.153,3.717
-1.023,3.126
-1.208,0.808
-1.119,1.538
-1.178,0.469
-1.269,1.328
-1.318,1.956
-1.338,2.267
-1.607,3.145
-1.489,1.416
-1.523,2.642
-1.549,2.964
-1.587,3.143
-1.632,3.737
-1.643,2.796
-1.775,4.091
-1.683,2.022
-2.035,3.814
-2.059,3.702
-1.97,2.132
-2.135,0.96
-2.137,2.036
-2.222,3.133
-2.103,3.873
-2.268,1.504
-2.168,1.152
-2.313,3.745
-2.281,2.715
-2.488,2.63
-2.52,0.924
-2.555,0.932
-2.778,1.287
-2.797,1.849
-2.969,2.266
-2.987,3.129
-3.037,1.076
-2.926,3.056
-3.075,1.789
-3.08,1.38
-3.107,1.872
3.029,2.323
2.965,1.129
2.861,1.8
2.814,2.311
2.788,1.484
2.776,1.095
2.757,1.582
2.633,2.789
2.436,3.86
2.412,2.599
2.364,3.723
2.473,3.11
2.33,3.897
2.286,3.467
2.179,3.139
2.303,2.823
2.182,1.051
2.147,2.239
1.907,1.601
1.874,2.18
1.75,2.112
1.83,3.64
1.655,3.116
1.502,1.075
1.405,2.708
1.455,1.29
1.3,3.563
1.358,1.057
1.159,0.856
1.056,3.277
1.146,2.795
0.94,3.209
0.951,2.124
0.792,3.31
0.666,1.501
0.673,2.778
0.724,2.724
0.722,1.298
0.383,3.149
0.47,0.545
0.289,2.424
0.314,1.945
0.091,3.591
-0.267,-0.023
-0.952,0.176
-2.036,0.072
-2.016,0.19
-2.611,0.154
-2.835,0.073
2.614,0.027
1.862,-0.093
1.414,0.163
0.879,0.101
-2.339,3.965
2.99,4.257
2.281,4.263
0.844,3.992
-0.055,1.148
-0.4,2.368
-1.099,1.147
-1.874,1.771
-2.096,1.152
-2.445,1.178
2.064,1.123
1.45,2.386
-0.766,1.545
-2.742,2.604
1.607,1.797
1.292,0.911
1.187,1.325
0.747,0.916
0.549,0.964
0.481,1.732
-1.057,1.686
-2.053,3.375
0.825,2.304
-0.623,0.435
-0.933,0.384
-1.445,0.223
-2.82,0.179
2.874,0.337
2.545,0.273
2.388,0.193
2.331,0.266
0.975,0.204
0.788,0.203
-0.937,-0.018
-2.764,-0.191
3.063,-0.052
2.362,-0.248
0.066,0.019
-0.355,0.074
-0.375,-0.011
-0.955,0.074
-1.823,0.097
2.635,-0.074
2.245,-0.131
1.597,-0.136
1.454,0.094
1.287,-0.085
0.981,-0.172
0.862,-0.174
0.809,-0.046
0.417,-0.02
0.299,-0.104
-0.215,4.131
-0.961,4.218
-1.063,4.166
-1.282,4.226
-2.901,4.142
2.75,4.159
2.433,4.112
2.433,4.109
2.345,4.128
1.615,4.019
0.97,4.131
0.734,3.921
-0.387,1.451
-1.041,1.244
-1.304,3.645
-1.872,3.595
2.807,0.417
-1.349,0.034
0.062,1.829
0.073,2.25
0.039,0.783
0.041,3.955
-0.166,2.701
-0.119,1.286
-0.314,1.804
-0.217,1.858
-0.363,3.677
-0.255,0.412
-0.408,3.94
-0.398,4.131
-0.429,2.373
-0.331,2.717
-0.486,3.468
-0.507,0.765
-0.541,0.93
-0.601,2.242
-0.539,2.981
-0.614,3.956
-0.677,3.292
-0.715,3.999
-0.94,2.046
-0.962,3.757
-0.994,3.612
-0.883,1.053
-1.053,3.636
-0.923,3.045
-1.108,0.727
-1.019,1.457
-1.078,0.388
-1.169,1.247
-1.218,1.875
-1.238,2.186
-1.507,3.064
-1.389,1.335
-1.423,2.561
-1.449,2.883
-1.487,3.062
-1.532,3.656
-1.543,2.715
-1.675,4.01
-1.583,1.941
-1.935,3.733
-1.959,3.621
-1.87,2.051
-2.035,0.879
-2.037,1.955
-2.122,3.052
-2.003,3.792
-2.168,1.423
-2.068,1.071
-2.213,3.664
-2.181,2.634
-2.388,2.549
-2.42,0.843
-2.455,0.851
-2.678,1.206
-2.697,1.768
-2.869,2.185
-2.887,3.048
-2.937,0.995
-2.826,2.975
-2.975,1.708
-2.98,1.299
-3.007,1.791
3.129,2.242
3.065,1.048
2.961,1.719
2.914,2.23
2.888,1.403
2.876,1.014
2.857,1.501
2.733,2.708
2.536,3.779
2.512,2.518
2.464,3.642
2.573,3.029
2.43,3.816
2.386,3.386
2.279,3.058
2.403,2.742
2.282,0.97
2.247,2.158
2.007,1.52
1.974,2.099
1.85,2.031
1.93,3.559
1.755,3.035
1.602,0.994
1.505,2.627
1.555,1.209
1.4,3.482
1.458,0.976
1.259,0.775
1.156,3.196
1.246,2.714
1.04,3.128
1.051,2.043
0.892,3.229
0.766,1.42
0.773,2.697
0.824,2.643
0.822,1.217
0.483,3.068
0.57,0.464
0.389,2.343
0.414,1.864
0.191,3.51
-0.167,-0.104
-0.852,0.095
-1.936,-0.009
-1.916,0.109
-2.511,0.073
-2.735,-0.008
2.714,-0.054
1.962,-0.174
1.514,0.082
0.979,0.02
-2.239,3.884
3.09,4.176
2.381,4.182
0.944,3.911
0.045,1.067
-0.3,2.287
-0.999,1.066
-1.774,1.69
-1.996,1.071
-2.345,1.097
2.164,1.042
1.55,2.305
-0.666,1.464
-2.642,2.523
1.707,1.716
1.392,0.83
1.287,1.244
0.847,0.835
0.649,0.883
0.581,1.651
-0.957,1.605
-1.953,3.294
0.925,2.223
-0.523,0.354
-0.833,0.303
-1.345,0.142
-2.72,0.098
2.974,0.256
2.645,0.192
2.488,0.112
2.431,0.185
1.075,0.123
0.888,0.122
-0.837,-0.099
-2.664,-0.272
-3.12,-0.133
2.462,-0.329
-0.421,0.055
-0.441,-0.03
-1.021,0.055
-1.889,0.078
2.569,-0.093
2.179,-0.15
1.531,-0.155
1.388,0.075
1.221,-0.104
0.915,-0.191
0.796,-0.193
0.743,-0.065
0.351,-0.039
0.233,-0.123
-0.281,4.112
-1.027,4.199
-1.129,4.147
-1.348,4.207
-2.967,4.123
2.684,4.14
2.367,4.093
2.367,4.09
2.279,4.109
1.549,4.0
0.904,4.112
0.668,3.902
-0.453,1.432
-1.107,1.225
-1.37,3.626
-1.938,3.576
2.741,0.398
-1.415,0.015
-0.004,1.81
0.007,2.231
-0.027,0.764
-0.025,3.936
-0.232,2.682
-0.185,1.267
-0.38,1.785
-0.283,1.839
-0.429,3.658
-0.321,0.393
-0.474,3.921
-0.464,4.112
-0.495,2.354
-0.397,2.698
-0.552,3.449
-0.573,0.746
-0.607,0.911
-0.667,2.223
-0.605,2.962
-0.68,3.937
-0.743,3.273
-0.781,3.98
-1.006,2.027
-1.028,3.738
-1.06,3.593
-0.949,1.034
-1.119,3.617
-0.989,3.026
-1.174,0.708
-1.085,1.438
-1.144,0.369
-1.235,1.228
-1.284,1.856
-1.304,2.167
-1.573,3.045
-1.455,1.316
-1.489,2.542
-1.515,2.864
-1.553,3.043
-1.598,3.637
-1.609,2.696
-1.741,3.991
-1.649,1.922
-2.001,3.714
-2.025,3.602
-1.936,2.032
-2.101,0.86
-2.103,1.936
-2.188,3.033
-2.069,3.773
-2.234,1.404
-2.134,1.052
-2.279,3.645
-2.247,2.615
-2.454,2.53
-2.486,0.824
-2.521,0.832
-2.744,1.187
-2.763,1.749
-2.935,2.166
-2.953,3.029
-3.003,0.976
-2.892,2.956
-3.041,1.689
-3.046,1.28
-3.073,1.772
3.063,2.223
2.999,1.029
2.895,1.7
2.848,2.211
2.822,1.384
2.81,0.995
2.791,1.482
2.667,2.689
2.47,3.76
2.446,2.499
2.398,3.623
2.507,3.01
2.364,3.797
2.32,3.367
2.213,3.039
2.337,2.723
2.216,0.951
2.181,2.139
1.941,1.501
1.908,2.08
1.784,2.012
1.864,3.54
1.689,3.016
1.536,0.975
1.439,2.608
1.489,1.19
1.334,3.463
1.392,0.957
1.193,0.756
1.09,3.177
1.18,2.695
0.974,3.109
0.985,2.024
0.826,3.21
0.7,1.401
0.707,2.678
0.758,2.624
0.756,1.198
0.417,3.049
0.504,0.445
0.323,2.324
0.348,1.845
0.125,3.491
-0.233,-0.123
-0.918,0.076
-2.002,-0.028
-1.982,0.09
-2.577,0.054
-2.801,-0.027
2.648,-0.073
1.896,-0.193
1.448,0.063
0.913,0.001
-2.305,3.865
3.024,4.157
2.315,4.163
0.878,3.892
-0.021,1.048
-0.366,2.268
-1.065,1.047
-1.84,1.671
-2.062,1.052
-2.411,1.078
2.098,1.023
1.484,2.286
-0.732,1.445
-2.708,2.504
1.641,1.697
1.326,0.811
1.221,1.225
0.781,0.816
0.583,0.864
0.515,1.632
-1.023,1.586
-2.019,3.275
0.859,2.204
-0.589,0.335
-0.899,0.284
-1.411,0.123
-2.786,0.079
2.908,0.237
2.579,0.173
2.422,0.093
2.365,0.166
1.009,0.104
0.822,0.103
-0.903,-0.118
-2.73,-0.291
3.097,-0.152
2.396,-0.348
-0.02,-0.085
-0.6,0.0
-1.468,0.023
2.99,-0.148
2.6,-0.205
1.952,-0.21
1.809,0.02
1.642,-0.159
1.336,-0.246
1.217,-0.248
1.164,-0.12
0.772,-0.094
0.654,-0.178
0.14,4.057
-0.606,4.144
-0.708,4.092
-0.927,4.152
-2.546,4.068
3.105,4.085
2.788,4.038
2.788,4.035
2.7,4.054
1.97,3.945
1.325,4.057
1.089,3.847
-0.032,1.377
-0.686,1.17
-0.949,3.571
-1.517,3.521
-3.121,0.343
-0.994,-0.04
0.417,1.755
0.428,2.176
0.394,0.709
0.396,3.881
0.189,2.627
0.236,1.212
0.041,1.73
0.138,1.784
-0.008,3.603
0.1,0.338
-0.053,3.866
-0.043,4.057
-0.074,2.299
0.024,2.643
-0.131,3.394
-0.152,0.691
-0.186,0.856
-0.246,2.168
-0.184,2.907
-0.259,3.882
-0.322,3.218
-0.36,3.925
-0.585,1.972
-0.607,3.683
-0.639,3.538
-0.528,0.979
-0.698,3.562
-0.568,2.971
-0.753,0.653
-0.664,1.383
-0.723,0.314
-0.814,1.173
-0.863,1.801
-0.883,2.112
-1.152,2.99
-1.034,1.261
-1.068,2.487
-1.094,2.809
-1.132,2.988
-1.177,3.582
-1.188,2.641
-1.32,3.936
-1.228,1.867
-1.58,3.659
-1.604,3.547
-1.515,1.977
-1.68,0.805
-1.682,1.881
-1.767,2.978
-1.648,3.718
-1.813,1.349
-1.713,0.997
-1.858,3.59
-1.826,2.56
-2.033,2.475
-2.065,0.769
-2.1,0.777
-2.323,1.132
-2.342,1.694
-2.514,2.111
-2.532,2.974
-2.582,0.921
-2.471,2.901
-2.62,1.634
-2.625,1.225
-2.652,1.717
-2.799,2.168
-2.863,0.974
-2.967,1.645
-3.014,2.156
-3.04,1.329
-3.052,0.94
-3.071,1.427
3.088,2.634
2.891,3.705
2.867,2.444
2.819,3.568
2.928,2.955
2.785,3.742
2.741,3.312
2.634,2.984
2.758,2.668
2.637,0.896
2.602,2.084
2.362,1.446
2.329,2.025
2.205,1.957
2.285,3.485
2.11,2.961
1.957,0.92
1.86,2.553
1.91,1.135
1.755,3.408
1.813,0.902
1.614,0.701
1.511,3.122
1.601,2.64
1.395,3.054
1.406,1.969
1.247,3.155
1.121,1.346
1.128,2.623
1.179,2.569
1.177,1.143
0.838,2.994
0.925,0.39
0.744,2.269
0.769,1.79
0.546,3.436
0.188,-0.178
-0.497,0.021
-1.581,-0.083
-1.561,0.035
-2.156,-0.001
-2.38,-0.082
3.069,-0.128
2.317,-0.248
1.869,0.008
1.334,-0.054
-1.884,3.81
-2.838,4.102
2.736,4.108
1.299,3.837
0.4,0.993
0.055,2.213
-0.644,0.992
-1.419,1.616
-1.641,0.997
-1.99,1.023
2.519,0.968
1.905,2.231
-0.311,1.39
-2.287,2.449
2.062,1.642
1.747,0.756
1.642,1.17
1.202,0.761
1.004,0.809
0.936,1.577
-0.602,1.531
-1.598,3.22
1.28,2.149
-0.168,0.28
-0.478,0.229
-0.99,0.068
-2.365,0.024
-2.954,0.182
3.0,0.118
2.843,0.038
2.786,0.111
1.43,0.049
1.243,0.048
-0.482,-0.173
-2.309,-0.346
-2.765,-0.207
2.817,-0.403
-0.58,0.085
-1.448,0.108
3.01,-0.063
2.62,-0.12
1.972,-0.125
1.829,0.105
1.662,-0.074
1.356,-0.161
1.237,-0.163
1.184,-0.035
0.792,-0.009
0.674,-0.093
0.16,4.142
-0.586,4.229
-0.688,4.177
-0.907,4.237
-2.526,4.153
3.125,4.17
2.808,4.123
2.808,4.12
2.72,4.139
1.99,4.03
1.345,4.142
1.109,3.932
-0.012,1.462
-0.666,1.255
-0.929,3.656
-1.497,3.606
-3.101,0.428
-0.974,0.045
0.437,1.84
0.448,2.261
0.414,0.794
0.416,3.966
0.209,2.712
0.256,1.297
0.061,1.815
0.158,1.869
0.012,3.688
0.12,0.423
-0.033,3.951
-0.023,4.142
-0.054,2.384
0.044,2.728
-0.111,3.479
-0.132,0.776
-0.166,0.941
-0.226,2.253
-0.164,2.992
-0.239,3.967
-0.302,3.303
-0.34,4.01
-0.565,2.057
-0.587,3.768
-0.619,3.623
-0.508,1.064
-0.678,3.647
-0.548,3.056
-0.733,0.738
-0.644,1.468
-0.703,0.399
-0.794,1.258
-0.843,1.886
-0.863,2.197
-1.132,3.075
-1.014,1.346
-1.048,2.572
-1.074,2.894
-1.112,3.073
-1.157,3.667
-1.168,2.726
-1.3,4.021
-1.208,1.952
-1.56,3.744
-1.584,3.632
-1.495,2.062
-1.66,0.89
-1.662,1.966
-1.747,3.063
-1.628,3.803
-1.793,1.434
-1.693,1.082
-1.838,3.675
-1.806,2.645
-2.013,2.56
-2.045,0.854
-2.08,0.862
-2.303,1.217
-2.322,1.779
-2.494,2.196
-2.512,3.059
-2.562,1.006
-2.451,2.986
-2.6,1.719
-2.605,1.31
-2.632,1.802
-2.779,2.253
-2.843,1.059
-2.947,1.73
-2.994,2.241
-3.02,1.414
-3.032,1.025
-3.051,1.512
3.108,2.719
2.911,3.79
2.887,2.529
2.839,3.653
2.948,3.04
2.805,3.827
2.761,3.397
2.654,3.069
2.778,2.753
2.657,0.981
2.622,2.169
2.382,1.531
2.349,2.11
2.225,2.042
2.305,3.57
2.13,3.046
1.977,1.005
1.88,2.638
1.93,1.22
1.775,3.493
1.833,0.987
1.634,0.786
1.531,3.207
1.621,2.725
1.415,3.139
1.426,2.054
1.267,3.24
1.141,1.431
1.148,2.708
1.199,2.654
1.197,1.228
0.858,3.079
0.945,0.475
0.764,2.354
0.789,1.875
0.566,3.521
0.208,-0.093
-0.477,0.106
-1.561,0.002
-1.541,0.12
-2.136,0.084
-2.36,0.003
3.089,-0.043
2.337,-0.163
1.889,0.093
1.354,0.031
-1.864,3.895
-2.818,4.187
2.756,4.193
1.319,3.922
0.42,1.078
0.075,2.298
-0.624,1.077
-1.399,1.701
-1.621,1.082
-1.97,1.108
2.539,1.053
1.925,2.316
-0.291,1.475
-2.267,2.534
2.082,1.727
1.767,0.841
1.662,1.255
1.222,0.846
1.024,0.894
0.956,1.662
-0.582,1.616
-1.578,3.305
1.3,2.234
-0.148,0.365
-0.458,0.314
-0.97,0.153
-2.345,0.109
-2.934,0.267
3.02,0.203
2.863,0.123
2.806,0.196
1.45,0.134
1.263,0.133
-0.462,-0.088
-2.289,-0.261
-2.745,-0.122
2.837,-0.318
-0.868,0.023
-2.693,-0.148
-3.083,-0.205
2.552,-0.21
2.409,0.02
2.242,-0.159
1.936,-0.246
1.817,-0.248
1.764,-0.12
1.372,-0.094
1.254,-0.178
0.74,4.057
-0.006,4.144
-0.108,4.092
-0.327,4.152
-1.946,4.068
-2.578,4.085
-2.895,4.038
-2.895,4.035
-2.983,4.054
2.57,3.945
1.925,4.057
1.689,3.847
0.568,1.377
-0.086,1.17
-0.349,3.571
-0.917,3.521
-2.521,0.343
-0.394,-0.04
1.017,1.755
1.028,2.176
0.994,0.709
0.996,3.881
0.789,2.627
0.836,1.212
0.641,1.73
0.738,1.784
0.592,3.603
0.7,0.338
0.547,3.866
0.557,4.057
0.526,2.299
0.624,2.643
0.469,3.394
0.448,0.691
0.414,0.856
0.354,2.168
0.416,2.907
0.341,3.882
0.278,3.218
0.24,3.925
0.015,1.972
-0.007,3.683
-0.039,3.538
0.072,0.979
-0.098,3.562
0.032,2.971
-0.153,0.653
-0.064,1.383
-0.123,0.314
-0.214,1.173
-0.263,1.801
-0.283,2.112
-0.552,2.99
-0.434,1.261
-0.468,2.487
-0.494,2.809
-0.532,2.988
-0.577,3.582
-0.588,2.641
-0.72,3.936
-0.628,1.867
-0.98,3.659
-1.004,3.547
-0.915,1.977
-1.08,0.805
-1.082,1.881
-1.167,2.978
-1.048,3.718
-1.213,1.349
-1.113,0.997
-1.258,3.59
-1.226,2.56
-1.433,2.475
-1.465,0.769
-1.5,0.777
-1.723,1.132
-1.742,1.694
-1.914,2.111
-1.932,2.974
-1.982,0.921
-1.871,2.901
-2.02,1.634
-2.025,1.225
-2.052,1.717
-2.199,2.168
-2.263,0.974
-2.367,1.645
-2.414,2.156
-2.44,1.329
-2.452,0.94
-2.471,1.427
-2.595,2.634
-2.792,3.705
-2.816,2.444
-2.864,3.568
-2.755,2.955
-2.898,3.742
-2.942,3.312
-3.049,2.984
-2.925,2.668
-3.046,0.896
-3.081,2.084
2.962,1.446
2.929,2.025
2.805,1.957
2.885,3.485
2.71,2.961
2.557,0.92
2.46,2.553
2.51,1.135
2.355,3.408
2.413,0.902
2.214,0.701
2.111,3.122
2.201,2.64
1.995,3.054
2.006,1.969
1.847,3.155
1.721,1.346
1.728,2.623
1.779,2.569
1.777,1.143
1.438,2.994
1.525,0.39
1.344,2.269
1.369,1.79
1.146,3.436
0.788,-0.178
0.103,0.021
-0.981,-0.083
-0.961,0.035
-1.556,-0.001
-1.78,-0.082
-2.614,-0.128
2.917,-0.248
2.469,0.008
1.934,-0.054
-1.284,3.81
-2.238,4.102
-2.947,4.108
1.899,3.837
1.0,0.993
0.655,2.213
-0.044,0.992
-0.819,1.616
-1.041,0.997
-1.39,1.023
3.119,0.968
2.505,2.231
0.289,1.39
-1.687,2.449
2.662,1.642
2.347,0.756
2.242,1.17
1.802,0.761
1.604,0.809
1.536,1.577
-0.002,1.531
-0.998,3.22
1.88,2.149
0.432,0.28
0.122,0.229
-0.39,0.068
-1.765,0.024
-2.354,0.182
-2.683,0.118
-2.84,0.038
-2.897,0.111
2.03,0.049
1.843,0.048
0.118,-0.173
-1.709,-0.346
-2.165,-0.207
-2.866,-0.403
-1.825,-0.171
-2.215,-0.228
-2.863,-0.233
-3.006,-0.003
3.11,-0.182
2.804,-0.269
2.685,-0.271
2.632,-0.143
2.24,-0.117
2.122,-0.201
1.608,4.034
0.862,4.121
0.76,4.069
0.541,4.129
-1.078,4.045
-1.71,4.062
-2.027,4.015
-2.027,4.012
-2.115,4.031
-2.845,3.922
2.793,4.034
2.557,3.824
1.436,1.354
0.782,1.147
0.519,3.548
-0.049,3.498
-1.653,0.32
0.474,-0.063
1.885,1.732
1.896,2.153
1.862,0.686
1.864,3.858
1.657,2.604
1.704,1.189
1.509,1.707
1.606,1.761
1.46,3.58
1.568,0.315
1.415,3.843
1.425,4.034
1.394,2.276
1.492,2.62
1.337,3.371
1.316,0.668
1.282,0.833
1.222,2.145
1.284,2.884
1.209,3.859
1.146,3.195
1.108,3.902
0.883,1.949
0.861,3.66
0.829,3.515
0.94,0.956
0.77,3.539
0.9,2.948
0.715,0.63
0.804,1.36
0.745,0.291
0.654,1.15
0.605,1.778
0.585,2.089
0.316,2.967
0.434,1.238
0.4,2.464
0.374,2.786
0.336,2.965
0.291,3.559
0.28,2.618
0.148,3.913
0.24,1.844
-0.112,3.636
-0.136,3.524
-0.047,1.954
-0.212,0.782
-0.214,1.858
-0.299,2.955
-0.18,3.695
-0.345,1.326
-0.245,0.974
-0.39,3.567
-0.358,2.537
-0.565,2.452
-0.597,0.746
-0.632,0.754
-0.855,1.109
-0.874,1.671
-1.046,2.088
-1.064,2.951
-1.114,0.898
-1.003,2.878
-1.152,1.611
-1.157,1.202
-1.184,1.694
-1.331,2.145
-1.395,0.951
-1.499,1.622
-1.546,2.133
-1.572,1.306
-1.584,0.917
-1.603,1.404
-1.727,2.611
-1.924,3.682
-1.948,2.421
-1.996,3.545
-1.887,2.932
-2.03,3.719
-2.074,3.289
-2.181,2.961
-2.057,2.645
-2.178,0.873
-2.213,2.061
-2.453,1.423
-2.486,2.002
-2.61,1.934
-2.53,3.462
-2.705,2.938
-2.858,0.897
-2.955,2.53
-2.905,1.112
-3.06,3.385
-3.002,0.879
3.082,0.678
2.979,3.099
3.069,2.617
2.863,3.031
2.874,1.946
2.715,3.132
2.589,1.323
2.596,2.6
2.647,2.546
2.645,1.12
2.306,2.971
2.393,0.367
2.212,2.246
2.237,1.767
2.014,3.413
1.656,-0.201
0.971,-0.002
-0.113,-0.106
-0.093,0.012
-0.688,-0.024
-0.912,-0.105
-1.746,-0.151
-2.498,-0.271
-2.946,-0.015
2.802,-0.077
-0.416,3.787
-1.37,4.079
-2.079,4.085
2.767,3.814
1.868,0.97
1.523,2.19
0.824,0.969
0.049,1.593
-0.173,0.974
-0.522,1.0
-2.296,0.945
-2.91,2.208
1.157,1.367
-0.819,2.426
-2.753,1.619
-3.068,0.733
3.11,1.147
2.67,0.738
2.472,0.786
2.404,1.554
0.866,1.508
-0.13,3.197
2.748,2.126
1.3,0.257
0.99,0.206
0.478,0.045
-0.897,0.001
-1.486,0.159
-1.815,0.095
-1.972,0.015
-2.029,0.088
2.898,0.026
2.711,0.025
0.986,-0.196
-0.841,-0.369
-1.297,-0.23
-1.998,-0.426
-0.39,-0.057
-1.038,-0.062
-1.181,0.168
-1.348,-0.011
-1.654,-0.098
-1.773,-0.1
-1.826,0.028
-2.218,0.054
-2.336,-0.03
-2.85,4.205
2.687,4.292
2.585,4.24
2.366,4.3
0.747,4.216
0.115,4.233
-0.202,4.186
-0.202,4.183
-0.29,4.202
-1.02,4.093
-1.665,4.205
-1.901,3.995
-3.022,1.525
2.607,1.318
2.344,3.719
1.776,3.669
0.172,0.491
2.299,0.108
-2.573,1.903
-2.562,2.324
-2.596,0.857
-2.594,4.029
-2.801,2.775
-2.754,1.36
-2.949,1.878
-2.852,1.932
-2.998,3.751
-2.89,0.486
-3.043,4.014
-3.033,4.205
-3.064,2.447
-2.966,2.791
-3.121,3.542
3.141,0.839
3.107,1.004
3.047,2.316
3.109,3.055
3.034,4.03
2.971,3.366
2.933,4.073
2.708,2.12
2.686,3.831
2.654,3.686
2.765,1.127
2.595,3.71
2.725,3.119
2.54,0.801
2.629,1.531
2.57,0.462
2.479,1.321
2.43,1.949
2.41,2.26
2.141,3.138
2.259,1.409
2.225,2.635
2.199,2.957
2.161,3.136
2.116,3.73
2.105,2.789
1.973,4.084
2.065,2.015
1.713,3.807
1.689,3.695
1.778,2.125
1.613,0.953
1.611,2.029
1.526,3.126
1.645,3.866
1.48,1.497
1.58,1.145
1.435,3.738
1.467,2.708
1.26,2.623
1.228,0.917
1.193,0.925
0.97,1.28
0.951,1.842
0.779,2.259
0.761,3.122
0.711,1.069
0.822,3.049
0.673,1.782
0.668,1.373
0.641,1.865
0.494,2.316
0.43,1.122
0.326,1.793
0.279,2.304
0.253,1.477
0.241,1.088
0.222,1.575
0.098,2.782
-0.099,3.853
-0.123,2.592
-0.171,3.716
-0.062,3.103
-0.205,3.89
-0.249,3.46
-0.356,3.132
-0.232,2.816
-0.353,1.044
-0.388,2.232
-0.628,1.594
-0.661,2.173
-0.785,2.105
-0.705,3.633
-0.88,3.109
-1.033,1.068
-1.13,2.701
-1.08,1.283
-1.235,3.556
-1.177,1.05
-1.376,0.849
-1.479,3.27
-1.389,2.788
-1.595,3.202
-1.584,2.117
-1.743,3.303
-1.869,1.494
-1.862,2.771
-1.811,2.717
-1.813,1.291
-2.152,3.142
-2.065,0.538
-2.246,2.417
-2.221,1.938
-2.444,3.584
-2.802,-0.03
2.796,0.169
1.712,0.065
1.732,0.183
1.137,0.147
0.913,0.066
0.079,0.02
-0.673,-0.1
-1.121,0.156
-1.656,0.094
1.409,3.958
0.455,4.25
-0.254,4.256
-1.691,3.985
-2.59,1.141
-2.935,2.361
2.649,1.14
1.874,1.764
1.652,1.145
1.303,1.171
-0.471,1.116
-1.085,2.379
2.982,1.538
1.006,2.597
-0.928,1.79
-1.243,0.904
-1.348,1.318
-1.788,0.909
-1.986,0.957
-2.054,1.725
2.691,1.679
1.695,3.368
-1.71,2.297
3.125,0.428
2.815,0.377
2.303,0.216
0.928,0.172
0.339,0.33
0.01,0.266
-0.147,0.186
-0.204,0.259
-1.56,0.197
-1.747,0.196
2.811,-0.025
0.984,-0.198
0.528,-0.059
-0.173,-0.255
-0.648,-0.005
-0.791,0.225
-0.958,0.046
-1.264,-0.041
-1.383,-0.043
-1.436,0.085
-1.828,0.111
-1.946,0.027
-2.46,4.262
3.077,4.349
2.975,4.297
2.756,4.357
1.137,4.273
0.505,4.29
0.188,4.243
0.188,4.24
0.1,4.259
-0.63,4.15
-1.275,4.262
-1.511,4.052
-2.632,1.582
2.997,1.375
2.734,3.776
2.166,3.726
0.562,0.548
2.689,0.165
-2.183,1.96
-2.172,2.381
-2.206,0.914
-2.204,4.086
-2.411,2.832
-2.364,1.417
-2.559,1.935
-2.462,1.989
-2.608,3.808
-2.5,0.543
-2.653,4.071
-2.643,4.262
-2.674,2.504
-2.576,2.848
-2.731,3.599
-2.752,0.896
-2.786,1.061
-2.846,2.373
-2.784,3.112
-2.859,4.087
-2.922,3.423
-2.96,4.13
3.098,2.177
3.076,3.888
3.044,3.743
-3.128,1.184
2.985,3.767
3.115,3.176
2.93,0.858
3.019,1.588
2.96,0.519
2.869,1.378
2.82,2.006
2.8,2.317
2.531,3.195
2.649,1.466
2.615,2.692
2.589,3.014
2.551,3.193
2.506,3.787
2.495,2.846
2.363,4.141
2.455,2.072
2.103,3.864
2.079,3.752
2.168,2.182
2.003,1.01
2.001,2.086
1.916,3.183
2.035,3.923
1.87,1.554
1.97,1.202
1.825,3.795
1.857,2.765
1.65,2.68
1.618,0.974
1.583,0.982
1.36,1.337
1.341,1.899
1.169,2.316
1.151,3.179
1.101,1.126
1.212,3.106
1.063,1.839
1.058,1.43
1.031,1.922
0.884,2.373
0.82,1.179
0.716,1.85
0.669,2.361
0.643,1.534
0.631,1.145
0.612,1.632
0.488,2.839
0.291,3.91
0.267,2.649
0.219,3.773
0.328,3.16
0.185,3.947
0.141,3.517
0.034,3.189
0.158,2.873
0.037,1.101
0.002,2.289
-0.238,1.651
-0.271,2.23
-0.395,2.162
-0.315,3.69
-0.49,3.166
-0.643,1.125
-0.74,2.758
-0.69,1.34
-0.845,3.613
-0.787,1.107
-0.986,0.906
-1.089,3.327
-0.999,2.845
-1.205,3.259
-1.194,2.174
-1.353,3.36
-1.479,1.551
-1.472,2.828
-1.421,2.774
-1.423,1.348
-1.762,3.199
-1.675,0.595
-1.856,2.474
-1.831,1.995
-2.054,3.641
-2.412,0.027
-3.097,0.226
2.102,0.122
2.122,0.24
1.527,0.204
1.303,0.123
0.469,0.077
-0.283,-0.043
-0.731,0.213
-1.266,0.151
1.799,4.015
0.845,4.307
0.136,4.313
-1.301,4.042
-2.2,1.198
-2.545,2.418
3.039,1.197
2.264,1.821
2.042,1.202
1.693,1.228
-0.081,1.173
-0.695,2.436
-2.911,1.595
1.396,2.654
-0.538,1.847
-0.853,0.961
-0.958,1.375
-1.398,0.966
-1.596,1.014
-1.664,1.782
3.081,1.736
2.085,3.425
-1.32,2.354
-2.768,0.485
-3.078,0.434
2.693,0.273
1.318,0.229
0.729,0.387
0.4,0.323
0.243,0.243
0.186,0.316
-1.17,0.254
-1.357,0.253
-3.082,0.032
1.374,-0.141
0.918,-0.002
0.217,-0.198
-0.143,0.23
-0.31,0.051
-0.616,-0.036
-0.735,-0.038
-0.788,0.09
-1.18,0.116
-1.298,0.032
-1.812,4.267
-2.558,4.354
-2.66,4.302
-2.879,4.362
1.785,4.278
1.153,4.295
0.836,4.248
0.836,4.245
0.748,4.264
0.018,4.155
-0.627,4.267
-0.863,4.057
-1.984,1.587
-2.638,1.38
-2.901,3.781
2.814,3.731
1.21,0.553
-2.946,0.17
-1.535,1.965
-1.524,2.386
-1.558,0.919
-1.556,4.091
-1.763,2.837
-1.716,1.422
-1.911,1.94
-1.814,1.994
-1.96,3.813
-1.852,0.548
-2.005,4.076
-1.995,4.267
-2.026,2.509
-1.928,2.853
-2.083,3.604
-2.104,0.901
-2.138,1.066
-2.198,2.378
-2.136,3.117
-2.211,4.092
-2.274,3.428
-2.312,4.135
-2.537,2.182
-2.559,3.893
-2.591,3.748
-2.48,1.189
-2.65,3.772
-2.52,3.181
-2.705,0.863
-2.616,1.593
-2.675,0.524
-2.766,1.383
-2.815,2.011
-2.835,2.322
-3.104,3.2
-2.986,1.471
-3.02,2.697
-3.046,3.019
-3.084,3.198
-3.129,3.792
-3.14,2.851
3.011,4.146
3.103,2.077
2.751,3.869
2.727,3.757
2.816,2.187
2.651,1.015
2.649,2.091
2.564,3.188
2.683,3.928
2.518,1.559
2.618,1.207
2.473,3.8
2.505,2.77
2.298,2.685
2.266,0.979
2.231,0.987
2.008,1.342
1.989,1.904
1.817,2.321
1.799,3.184
1.749,1.131
1.86,3.111
1.711,1.844
1.706,1.435
1.679,1.927
1.532,2.378
1.468,1.184
1.364,1.855
1.317,2.366
1.291,1.539
1.279,1.15
1.26,1.637
1.136,2.844
0.939,3.915
0.915,2.654
0.867,3.778
0.976,3.165
0.833,3.952
0.789,3.522
0.682,3.194
0.806,2.878
0.685,1.106
0.65,2.294
0.41,1.656
0.377,2.235
0.253,2.167
0.333,3.695
0.158,3.171
0.005,1.13
-0.092,2.763
-0.042,1.345
-0.197,3.618
-0.139,1.112
-0.338,0.911
-0.441,3.332
-0.351,2.85
-0.557,3.264
-0.546,2.179
-0.705,3.365
-0.831,1.556
-0.824,2.833
-0.773,2.779
-0.775,1.353
-1.114,3.204
-1.027,0.6
-1.208,2.479
-1.183,2.0
-1.406,3.646
-1.764,0.032
-2.449,0.231
2.75,0.127
2.77,0.245
2.175,0.209
1.951,0.128
1.117,0.082
0.365,-0.038
-0.083,0.218
-0.618,0.156
2.447,4.02
1.493,4.312
0.784,4.318
-0.653,4.047
-1.552,1.203
-1.897,2.423
-2.596,1.202
2.912,1.826
2.69,1.207
2.341,1.233
0.567,1.178
-0.047,2.441
-2.263,1.6
2.044,2.659
0.11,1.852
-0.205,0.966
-0.31,1.38
-0.75,0.971
-0.948,1.019
-1.016,1.787
-2.554,1.741
2.733,3.43
-0.672,2.359
-2.12,0.49
-2.43,0.439
-2.942,0.278
1.966,0.234
1.377,0.392
1.048,0.328
0.891,0.248
0.834,0.321
-0.522,0.259
-0.709,0.258
-2.434,0.037
2.022,-0.136
1.566,0.003
0.865,-0.193
-0.167,-0.179
-0.473,-0.266
-0.592,-0.268
-0.645,-0.14
-1.037,-0.114
-1.155,-0.198
-1.669,4.037
-2.415,4.124
-2.517,4.072
-2.736,4.132
1.928,4.048
1.296,4.065
0.979,4.018
0.979,4.015
0.891,4.034
0.161,3.925
-0.484,4.037
-0.72,3.827
-1.841,1.357
-2.495,1.15
-2.758,3.551
2.957,3.501
1.353,0.323
-2.803,-0.06
-1.392,1.735
-1.381,2.156
-1.415,0.689
-1.413,3.861
-1.62,2.607
-1.573,1.192
-1.768,1.71
-1.671,1.764
-1.817,3.583
-1.709,0.318
-1.862,3.846
-1.852,4.037
-1.883,2.279
-1.785,2.623
-1.94,3.374
-1.961,0.671
-1.995,0.836
-2.055,2.148
-1.993,2.887
-2.068,3.862
-2.131,3.198
-2.169,3.905
-2.394,1.952
-2.416,3.663
-2.448,3.518
-2.337,0.959
-2.507,3.542
-2.377,2.951
-2.562,0.633
-2.473,1.363
-2.532,0.294
-2.623,1.153
-2.672,1.781
-2.692,2.092
-2.961,2.97
-2.843,1.241
-2.877,2.467
-2.903,2.789
-2.941,2.968
-2.986,3.562
-2.997,2.621
-3.129,3.916
-3.037,1.847
2.894,3.639
2.87,3.527
2.959,1.957
2.794,0.785
2.792,1.861
2.707,2.958
2.826,3.698
2.661,1.329
2.761,0.977
2.616,3.57
2.648,2.54
2.441,2.455
2.409,0.749
2.374,0.757
2.151,1.112
2.132,1.674
1.96,2.091
1.942,2.954
1.892,0.901
2.003,2.881
1.854,1.614
1.849,1.205
1.822,1.697
1.675,2.148
1.611,0.954
1.507,1.625
1.46,2.136
1.434,1.309
1.422,0.92
1.403,1.407
1.279,2.614
1.082,3.685
1.058,2.424
1.01,3.548
1.119,2.935
0.976,3.722
0.932,3.292
0.825,2.964
0.949,2.648
0.828,0.876
0.793,2.064
0.553,1.426
0.52,2.005
0.396,1.937
0.476,3.465
0.301,2.941
0.148,0.9
0.051,2.533
0.101,1.115
-0.054,3.388
0.004,0.882
-0.195,0.681
-0.298,3.102
-0.208,2.62
-0.414,3.034
-0.403,1.949
-0.562,3.135
-0.688,1.326
-0.681,2.603
-0.63,2.549
-0.632,1.123
-0.971,2.974
-0.884,0.37
-1.065,2.249
-1.04,1.77
-1.263,3.416
-1.621,-0.198
-2.306,0.001
2.893,-0.103
2.913,0.015
2.318,-0.021
2.094,-0.102
1.26,-0.148
0.508,-0.268
0.06,-0.012
-0.475,-0.074
2.59,3.79
1.636,4.082
0.927,4.088
-0.51,3.817
-1.409,0.973
-1.754,2.193
-2.453,0.972
3.055,1.596
2.833,0.977
2.484,1.003
0.71,0.948
0.096,2.211
-2.12,1.37
2.187,2.429
0.253,1.622
-0.062,0.736
-0.167,1.15
-0.607,0.741
-0.805,0.789
-0.873,1.557
-2.411,1.511
2.876,3.2
-0.529,2.129
-1.977,0.26
-2.287,0.209
-2.799,0.048
2.109,0.004
1.52,0.162
1.191,0.098
1.034,0.018
0.977,0.091
-0.379,0.029
-0.566,0.028
-2.291,-0.193
2.165,-0.366
1.709,-0.227
1.008,-0.423
-0.306,-0.087
-0.425,-0.089
-0.478,0.039
-0.87,0.065
-0.988,-0.019
-1.502,4.216
-2.248,4.303
-2.35,4.251
-2.569,4.311
2.095,4.227
1.463,4.244
1.146,4.197
1.146,4.194
1.058,4.213
0.328,4.104
-0.317,4.216
-0.553,4.006
-1.674,1.536
-2.328,1.329
-2.591,3.73
3.124,3.68
1.52,0.502
-2.636,0.119
-1.225,1.914
-1.214,2.335
-1.248,0.868
-1.246,4.04
-1.453,2.786
-1.406,1.371
-1.601,1.889
-1.504,1.943
-1.65,3.762
-1.542,0.497
-1.695,4.025
-1.685,4.216
-1.716,2.458
-1.618,2.802
-1.773,3.553
-1.794,0.85
-1.828,1.015
-1.888,2.327
-1.826,3.066
-1.901,4.041
-1.964,3.377
-2.002,4.084
-2.227,2.131
-2.249,3.842
-2.281,3.697
-2.17,1.138
-2.34,3.721
-2.21,3.13
-2.395,0.812
-2.306,1.542
-2.365,0.473
-2.456,1.332
-2.505,1.96
-2.525,2.271
-2.794,3.149
-2.676,1.42
-2.71,2.646
-2.736,2.968
-2.774,3.147
-2.819,3.741
-2.83,2.8
-2.962,4.095
-2.87,2.026
3.061,3.818
3.037,3.706
3.126,2.136
2.961,0.964
2.959,2.04
2.874,3.137
2.993,3.877
2.828,1.508
2.928,1.156
2.783,3.749
2.815,2.719
2.608,2.634
2.576,0.928
2.541,0.936
2.318,1.291
2.299,1.853
2.127,2.27
2.109,3.133
2.059,1.08
2.17,3.06
2.021,1.793
2.016,1.384
1.989,1.876
1.842,2.327
1.778,1.133
1.674,1.804
1.627,2.315
1.601,1.488
1.589,1.099
1.57,1.586
1.446,2.793
1.249,3.864
1.225,2.603
1.177,3.727
1.286,3.114
1.143,3.901
1.099,3.471
0.992,3.143
1.116,2.827
0.995,1.055
0.96,2.243
0.72,1.605
0.687,2.184
0.563,2.116
0.643,3.644
0.468,3.12
0.315,1.079
0.218,2.712
0.268,1.294
0.113,3.567
0.171,1.061
-0.028,0.86
-0.131,3.281
-0.041,2.799
-0.247,3.213
-0.236,2.128
-0.395,3.314
-0.521,1.505
-0.514,2.782
-0.463,2.728
-0.465,1.302
-0.804,3.153
-0.717,0.549
-0.898,2.428
-0.873,1.949
-1.096,3.595
-1.454,-0.019
-2.139,0.18
3.06,0.076
3.08,0.194
2.485,0.158
2.261,0.077
1.427,0.031
0.675,-0.089
0.227,0.167
-0.308,0.105
2.757,3.969
1.803,4.261
1.094,4.267
-0.343,3.996
-1.242,1.152
-1.587,2.372
-2.286,1.151
-3.061,1.775
3.0,1.156
2.651,1.182
0.877,1.127
0.263,2.39
-1.953,1.549
2.354,2.608
0.42,1.801
0.105,0.915
0.0,1.329
-0.44,0.92
-0.638,0.968
-0.706,1.736
-2.244,1.69
3.043,3.379
-0.362,2.308
-1.81,0.439
-2.12,0.388
-2.632,0.227
2.276,0.183
1.687,0.341
1.358,0.277
1.201,0.197
1.144,0.27
-0.212,0.208
-0.399,0.207
-2.124,-0.014
2.332,-0.187
1.876,-0.048
1.175,-0.244
-0.119,-0.002
-0.172,0.126
-0.564,0.152
-0.682,0.068
-1.196,4.303
-1.942,4.39
-2.044,4.338
-2.263,4.398
2.401,4.314
1.769,4.331
1.452,4.284
1.452,4.281
1.364,4.3
0.634,4.191
-0.011,4.303
-0.247,4.093
-1.368,1.623
-2.022,1.416
-2.285,3.817
-2.853,3.767
1.826,0.589
-2.33,0.206
-0.919,2.001
-0.908,2.422
-0.942,0.955
-0.94,4.127
-1.147,2.873
-1.1,1.458
-1.295,1.976
-1.198,2.03
-1.344,3.849
-1.236,0.584
-1.389,4.112
-1.379,4.303
-1.41,2.545
-1.312,2.889
-1.467,3.64
-1.488,0.937
-1.522,1.102
-1.582,2.414
-1.52,3.153
-1.595,4.128
-1.658,3.464
-1.696,4.171
-1.921,2.218
-1.943,3.929
-1.975,3.784
-1.864,1.225
-2.034,3.808
-1.904,3.217
-2.089,0.899
-2.0,1.629
-2.059,0.56
-2.15,1.419
-2.199,2.047
-2.219,2.358
-2.488,3.236
-2.37,1.507
-2.404,2.733
-2.43,3.055
-2.468,3.234
-2.513,3.828
-2.524,2.887
-2.656,4.182
-2.564,2.113
-2.916,3.905
-2.94,3.793
-2.851,2.223
-3.016,1.051
-3.018,2.127
-3.103,3.224
-2.984,3.964
3.134,1.595
-3.049,1.243
3.089,3.836
3.121,2.806
2.914,2.721
2.882,1.015
2.847,1.023
2.624,1.378
2.605,1.94
2.433,2.357
2.415,3.22
2.365,1.167
2.476,3.147
2.327,1.88
2.322,1.471
2.295,1.963
2.148,2.414
2.084,1.22
1.98,1.891
1.933,2.402
1.907,1.575
1.895,1.186
1.876,1.673
1.752,2.88
1.555,3.951
1.531,2.69
1.483,3.814
1.592,3.201
1.449,3.988
1.405,3.558
1.298,3.23
1.422,2.914
1.301,1.142
1.266,2.33
1.026,1.692
0.993,2.271
0.869,2.203
0.949,3.731
0.774,3.207
0.621,1.166
0.524,2.799
0.574,1.381
0.419,3.654
0.477,1.148
0.278,0.947
0.175,3.368
0.265,2.886
0.059,3.3
0.07,2.215
-0.089,3.401
-0.215,1.592
-0.208,2.869
-0.157,2.815
-0.159,1.389
-0.498,3.24
-0.411,0.636
-0.592,2.515
-0.567,2.036
-0.79,3.682
-1.148,0.068
-1.833,0.267
-2.917,0.163
-2.897,0.281
2.791,0.245
2.567,0.164
1.733,0.118
0.981,-0.002
0.533,0.254
-0.002,0.192
3.063,4.056
2.109,4.348
1.4,4.354
-0.037,4.083
-0.936,1.239
-1.281,2.459
-1.98,1.238
-2.755,1.862
-2.977,1.243
2.957,1.269
1.183,1.214
0.569,2.477
-1.647,1.636
2.66,2.695
0.726,1.888
0.411,1.002
0.306,1.416
-0.134,1.007
-0.332,1.055
-0.4,1.823
-1.938,1.777
-2.934,3.466
-0.056,2.395
-1.504,0.526
-1.814,0.475
-2.326,0.314
2.582,0.27
1.993,0.428
1.664,0.364
1.507,0.284
1.45,0.357
0.094,0.295
-0.093,0.294
-1.818,0.073
2.638,-0.1
2.182,0.039
1.481,-0.157
-0.053,0.128
-0.445,0.154
-0.563,0.07
-1.077,4.305
-1.823,4.392
-1.925,4.34
-2.144,4.4
2.52,4.316
1.888,4.333
1.571,4.286
1.571,4.283
1.483,4.302
0.753,4.193
0.108,4.305
-0.128,4.095
-1.249,1.625
-1.903,1.418
-2.166,3.819
-2.734,3.769
1.945,0.591
-2.211,0.208
-0.8,2.003
-0.789,2.424
-0.823,0.957
-0.821,4.129
-1.028,2.875
-0.981,1.46
-1.176,1.978
-1.079,2.032
-1.225,3.851
-1.117,0.586
-1.27,4.114
-1.26,4.305
-1.291,2.547
-1.193,2.891
-1.348,3.642
-1.369,0.939
-1.403,1.104
-1.463,2.416
-1.401,3.155
-1.476,4.13
-1.539,3.466
-1.577,4.173
-1.802,2.22
-1.824,3.931
-1.856,3.786
-1.745,1.227
-1.915,3.81
-1.785,3.219
-1.97,0.901
-1.881,1.631
-1.94,0.562
-2.031,1.421
-2.08,2.049
-2.1,2.36
-2.369,3.238
-2.251,1.509
-2.285,2.735
-2.311,3.057
-2.349,3.236
-2.394,3.83
-2.405,2.889
-2.537,4.184
-2.445,2.115
-2.797,3.907
-2.821,3.795
-2.732,2.225
-2.897,1.053
-2.899,2.129
-2.984,3.226
-2.865,3.966
-3.03,1.597
-2.93,1.245
-3.075,3.838
-3.043,2.808
3.033,2.723
3.001,1.017
2.966,1.025
2.743,1.38
2.724,1.942
2.552,2.359
2.534,3.222
2.484,1.169
2.595,3.149
2.446,1.882
2.441,1.473
2.414,1.965
2.267,2.416
2.203,1.222
2.099,1.893
2.052,2.404
2.026,1.577
2.014,1.188
1.995,1.675
1.871,2.882
1.674,3.953
1.65,2.692
1.602,3.816
1.711,3.203
1.568,3.99
1.524,3.56
1.417,3.232
1.541,2.916
1.42,1.144
1.385,2.332
1.145,1.694
1.112,2.273
0.988,2.205
1.068,3.733
0.893,3.209
0.74,1.168
0.643,2.801
0.693,1.383
0.538,3.656
0.596,1.15
0.397,0.949
0.294,3.37
0.384,2.888
0.178,3.302
0.189,2.217
0.03,3.403
-0.096,1.594
-0.089,2.871
-0.038,2.817
-0.04,1.391
-0.379,3.242
-0.292,0.638
-0.473,2.517
-0.448,2.038
-0.671,3.684
-1.029,0.07
-1.714,0.269
-2.798,0.165
-2.778,0.283
2.91,0.247
2.686,0.166
1.852,0.12
1.1,0.0
0.652,0.256
0.117,0.194
-3.101,4.058
2.228,4.35
1.519,4.356
0.082,4.085
-0.817,1.241
-1.162,2.461
-1.861,1.24
-2.636,1.864
-2.858,1.245
3.076,1.271
1.302,1.216
0.688,2.479
-1.528,1.638
2.779,2.697
0.845,1.89
0.53,1.004
0.425,1.418
-0.015,1.009
-0.213,1.057
-0.281,1.825
-1.819,1.779
-2.815,3.468
0.063,2.397
-1.385,0.528
-1.695,0.477
-2.207,0.316
2.701,0.272
2.112,0.43
1.783,0.366
1.626,0.286
1.569,0.359
0.213,0.297
0.026,0.296
-1.699,0.075
2.757,-0.098
2.301,0.041
1.6,-0.155
-0.392,0.026
-0.51,-0.058
-1.024,4.177
-1.77,4.264
-1.872,4.212
-2.091,4.272
2.573,4.188
1.941,4.205
1.624,4.158
1.624,4.155
1.536,4.174
0.806,4.065
0.161,4.177
-0.075,3.967
-1.196,1.497
-1.85,1.29
-2.113,3.691
-2.681,3.641
1.998,0.463
-2.158,0.08
-0.747,1.875
-0.736,2.296
-0.77,0.829
-0.768,4.001
-0.975,2.747
-0.928,1.332
-1.123,1.85
-1.026,1.904
-1.172,3.723
-1.064,0.458
-1.217,3.986
-1.207,4.177
-1.238,2.419
-1.14,2.763
-1.295,3.514
-1.316,0.811
-1.35,0.976
-1.41,2.288
-1.348,3.027
-1.423,4.002
-1.486,3.338
-1.524,4.045
-1.749,2.092
-1.771,3.803
-1.803,3.658
-1.692,1.099
-1.862,3.682
-1.732,3.091
-1.917,0.773
-1.828,1.503
-1.887,0.434
-1.978,1.293
-2.027,1.921
-2.047,2.232
-2.316,3.11
-2.198,1.381
-2.232,2.607
-2.258,2.929
-2.296,3.108
-2.341,3.702
-2.352,2.761
-2.484,4.056
-2.392,1.987
-2.744,3.779
-2.768,3.667
-2.679,2.097
-2.844,0.925
-2.846,2.001
-2.931,3.098
-2.812,3.838
-2.977,1.469
-2.877,1.117
-3.022,3.71
-2.99,2.68
3.086,2.595
3.054,0.889
3.019,0.897
2.796,1.252
2.777,1.814
2.605,2.231
2.587,3.094
2.537,1.041
2.648,3.021
2.499,1.754
2.494,1.345
2.467,1.837
2.32,2.288
2.256,1.094
2.152,1.765
2.105,2.276
2.079,1.449
2.067,1.06
2.048,1.547
1.924,2.754
1.727,3.825
1.703,2.564
1.655,3.688
1.764,3.075
1.621,3.862
1.577,3.432
1.47,3.104
1.594,2.788
1.473,1.016
1.438,2.204
1.198,1.566
1.165,2.145
1.041,2.077
1.121,3.605
0.946,3.081
0.793,1.04
0.696,2.673
0.746,1.255
0.591,3.528
0.649,1.022
0.45,0.821
0.347,3.242
0.437,2.76
0.231,3.174
0.242,2.089
0.083,3.275
-0.043,1.466
-0.036,2.743
0.015,2.689
0.013,1.263
-0.326,3.114
-0.239,0.51
-0.42,2.389
-0.395,1.91
-0.618,3.556
-0.976,-0.058
-1.661,0.141
-2.745,0.037
-2.725,0.155
2.963,0.119
2.739,0.038
1.905,-0.008
1.153,-0.128
0.705,0.128
0.17,0.066
-3.048,3.93
2.281,4.222
1.572,4.228
0.135,3.957
-0.764,1.113
-1.109,2.333
-1.808,1.112
-2.583,1.736
-2.805,1.117
3.129,1.143
1.355,1.088
0.741,2.351
-1.475,1.51
2.832,2.569
0.898,1.762
0.583,0.876
0.478,1.29
0.038,0.881
-0.16,0.929
-0.228,1.697
-1.766,1.651
-2.762,3.34
0.116,2.269
-1.332,0.4
-1.642,0.349
-2.154,0.188
2.754,0.144
2.165,0.302
1.836,0.238
1.679,0.158
1.622,0.231
0.266,0.169
0.079,0.168
-1.646,-0.053
2.81,-0.226
2.354,-0.087
1.653,-0.283
-0.118,-0.084
-0.632,4.151
-1.378,4.238
-1.48,4.186
-1.699,4.246
2.965,4.162
2.333,4.179
2.016,4.132
2.016,4.129
1.928,4.148
1.198,4.039
0.553,4.151
0.317,3.941
-0.804,1.471
-1.458,1.264
-1.721,3.665
-2.289,3.615
2.39,0.437
-1.766,0.054
-0.355,1.849
-0.344,2.27
-0.378,0.803
-0.376,3.975
-0.583,2.721
-0.536,1.306
-0.731,1.824
-0.634,1.878
-0.78,3.697
-0.672,0.432
-0.825,3.96
-0.815,4.151
-0.846,2.393
-0.748,2.737
-0.903,3.488
-0.924,0.785
-0.958,0.95
-1.018,2.262
-0.956,3.001
-1.031,3.976
-1.094,3.312
-1.132,4.019
-1.357,2.066
-1.379,3.777
-1.411,3.632
-1.3,1.073
-1.47,3.656
-1.34,3.065
-1.525,0.747
-1.436,1.477
-1.495,0.408
-1.586,1.267
-1.635,1.895
-1.655,2.206
-1.924,3.084
-1.806,1.355
-1.84,2.581
-1.866,2.903
-1.904,3.082
-1.949,3.676
-1.96,2.735
-2.092,4.03
-2.0,1.961
-2.352,3.753
-2.376,3.641
-2.287,2.071
-2.452,0.899
-2.454,1.975
-2.539,3.072
-2.42,3.812
-2.585,1.443
-2.485,1.091
-2.63,3.684
-2.598,2.654
-2.805,2.569
-2.837,0.863
-2.872,0.871
-3.095,1.226
-3.114,1.788
2.997,2.205
2.979,3.068
2.929,1.015
3.04,2.995
2.891,1.728
2.886,1.319
2.859,1.811
2.712,2.262
2.648,1.068
2.544,1.739
2.497,2.25
2.471,1.423
2.459,1.034
2.44,1.521
2.316,2.728
2.119,3.799
2.095,2.538
2.047,3.662
2.156,3.049
2.013,3.836
1.969,3.406
1.862,3.078
1.986,2.762
1.865,0.99
1.83,2.178
1.59,1.54
1.557,2.119
1.433,2.051
1.513,3.579
1.338,3.055
1.185,1.014
1.088,2.647
1.138,1.229
0.983,3.502
1.041,0.996
0.842,0.795
0.739,3.216
0.829,2.734
0.623,3.148
0.634,2.063
0.475,3.249
0.349,1.44
0.356,2.717
0.407,2.663
0.405,1.237
0.066,3.088
0.153,0.484
-0.028,2.363
-0.003,1.884
-0.226,3.53
-0.584,-0.084
-1.269,0.115
-2.353,0.011
-2.333,0.129
-2.928,0.093
3.131,0.012
2.297,-0.034
1.545,-0.154
1.097,0.102
0.562,0.04
-2.656,3.904
2.673,4.196
1.964,4.202
0.527,3.931
-0.372,1.087
-0.717,2.307
-1.416,1.086
-2.191,1.71
-2.413,1.091
-2.762,1.117
1.747,1.062
1.133,2.325
-1.083,1.484
-3.059,2.543
1.29,1.736
0.975,0.85
0.87,1.264
0.43,0.855
0.232,0.903
0.164,1.671
-1.374,1.625
-2.37,3.314
0.508,2.243
-0.94,0.374
-1.25,0.323
-1.762,0.162
-3.137,0.118
2.557,0.276
2.228,0.212
2.071,0.132
2.014,0.205
0.658,0.143
0.471,0.142
-1.254,-0.079
-3.081,-0.252
2.746,-0.113
2.045,-0.309
-0.514,4.235
-1.26,4.322
-1.362,4.27
-1.581,4.33
3.083,4.246
2.451,4.263
2.134,4.216
2.134,4.213
2.046,4.232
1.316,4.123
0.671,4.235
0.435,4.025
-0.686,1.555
-1.34,1.348
-1.603,3.749
-2.171,3.699
2.508,0.521
-1.648,0.138
-0.237,1.933
-0.226,2.354
-0.26,0.887
-0.258,4.059
-0.465,2.805
-0.418,1.39
-0.613,1.908
-0.516,1.962
-0.662,3.781
-0.554,0.516
-0.707,4.044
-0.697,4.235
-0.728,2.477
-0.63,2.821
-0.785,3.572
-0.806,0.869
-0.84,1.034
-0.9,2.346
-0.838,3.085
-0.913,4.06
-0.976,3.396
-1.014,4.103
-1.239,2.15
-1.261,3.861
-1.293,3.716
-1.182,1.157
-1.352,3.74
-1.222,3.149
-1.407,0.831
-1.318,1.561
-1.377,0.492
-1.468,1.351
-1.517,1.979
-1.537,2.29
-1.806,3.168
-1.688,1.439
-1.722,2.665
-1.748,2.987
-1.786,3.166
-1.831,3.76
-1.842,2.819
-1.974,4.114
-1.882,2.045
-2.234,3.837
-2.258,3.725
-2.169,2.155
-2.334,0.983
-2.336,2.059
-2.421,3.156
-2.302,3.896
-2.467,1.527
-2.367,1.175
-2.512,3.768
-2.48,2.738
-2.687,2.653
-2.719,0.947
-2.754,0.955
-2.977,1.31
-2.996,1.872
3.115,2.289
3.097,3.152
3.047,1.099
-3.125,3.079
3.009,1.812
3.004,1.403
2.977,1.895
2.83,2.346
2.766,1.152
2.662,1.823
2.615,2.334
2.589,1.507
2.577,1.118
2.558,1.605
2.434,2.812
2.237,3.883
2.213,2.622
2.165,3.746
2.274,3.133
2.131,3.92
2.087,3.49
1.98,3.162
2.104,2.846
1.983,1.074
1.948,2.262
1.708,1.624
1.675,2.203
1.551,2.135
1.631,3.663
1.456,3.139
1.303,1.098
1.206,2.731
1.256,1.313
1.101,3.586
1.159,1.08
0.96,0.879
0.857,3.3
0.947,2.818
0.741,3.232
0.752,2.147
0.593,3.333
0.467,1.524
0.474,2.801
0.525,2.747
0.523,1.321
0.184,3.172
0.271,0.568
0.09,2.447
0.115,1.968
-0.108,3.614
-0.466,0.0
-1.151,0.199
-2.235,0.095
-2.215,0.213
-2.81,0.177
-3.034,0.096
2.415,0.05
1.663,-0.07
1.215,0.186
0.68,0.124
-2.538,3.988
2.791,4.28
2.082,4.286
0.645,4.015
-0.254,1.171
-0.599,2.391
-1.298,1.17
-2.073,1.794
-2.295,1.175
-2.644,1.201
1.865,1.146
1.251,2.409
-0.965,1.568
-2.941,2.627
1.408,1.82
1.093,0.934
0.988,1.348
0.548,0.939
0.35,0.987
0.282,1.755
-1.256,1.709
-2.252,3.398
0.626,2.327
-0.822,0.458
-1.132,0.407
-1.644,0.246
-3.019,0.202
2.675,0.36
2.346,0.296
2.189,0.216
2.132,0.289
0.776,0.227
0.589,0.226
-1.136,0.005
-2.963,-0.168
2.864,-0.029
2.163,-0.225
-0.746,0.087
-0.848,0.035
-1.067,0.095
-2.686,0.011
2.965,0.028
2.648,-0.019
2.648,-0.022
2.56,-0.003
1.83,-0.112
1.185,0.0
0.949,-0.21
-0.172,-2.68
-0.826,-2.887
-1.089,-0.486
-1.657,-0.536
3.022,-3.714
-1.134,-4.097
0.277,-2.302
0.288,-1.881
0.254,-3.348
0.256,-0.176
0.049,-1.43
0.096,-2.845
-0.099,-2.327
-0.002,-2.273
-0.148,-0.454
-0.04,-3.719
-0.193,-0.191
-0.183,0.0
-0.214,-1.758
-0.116,-1.414
-0.271,-0.663
-0.292,-3.366
-0.326,-3.201
-0.386,-1.889
-0.324,-1.15
-0.399,-0.175
-0.462,-0.839
-0.5,-0.132
-0.725,-2.085
-0.747,-0.374
-0.779,-0.519
-0.668,-3.078
-0.838,-0.495
-0.708,-1.086
-0.893,-3.404
-0.804,-2.674
-0.863,-3.743
-0.954,-2.884
-1.003,-2.256
-1.023,-1.945
-1.292,-1.067
-1.174,-2.796
-1.208,-1.57
-1.234,-1.248
-1.272,-1.069
-1.317,-0.475
-1.328,-1.416
-1.46,-0.121
-1.368,-2.19
-1.72,-0.398
-1.744,-0.51
-1.655,-2.08
-1.82,-3.252
-1.822,-2.176
-1.907,-1.079
-1.788,-0.339
-1.953,-2.708
-1.853,-3.06
-1.998,-0.467
-1.966,-1.497
-2.173,-1.582
-2.205,-3.288
-2.24,-3.28
-2.463,-2.925
-2.482,-2.363
-2.654,-1.946
-2.672,-1.083
-2.722,-3.136
-2.611,-1.156
-2.76,-2.423
-2.765,-2.832
-2.792,-2.34
-2.939,-1.889
-3.003,-3.083
-3.107,-2.412
3.129,-1.901
3.103,-2.728
3.091,-3.117
3.072,-2.63
2.948,-1.423
2.751,-0.352
2.727,-1.613
2.679,-0.489
2.788,-1.102
2.645,-0.315
2.601,-0.745
2.494,-1.073
2.618,-1.389
2.497,-3.161
2.462,-1.973
2.222,-2.611
2.189,-2.032
2.065,-2.1
2.145,-0.572
1.97,-1.096
1.817,-3.137
1.72,-1.504
1.77,-2.922
1.615,-0.649
1.673,-3.155
1.474,-3.356
1.371,-0.935
1.461,-1.417
1.255,-1.003
1.266,-2.088
1.107,-0.902
0.981,-2.711
0.988,-1.434
1.039,-1.488
1.037,-2.914
0.698,-1.063
0.785,-3.667
0.604,-1.788
0.629,-2.267
0.406,-0.621
0.048,-4.235
-0.637,-4.036
-1.721,-4.14
-1.701,-4.022
-2.296,-4.058
-2.52,-4.139
2.929,-4.185
2.177,-4.305
1.729,-4.049
1.194,-4.111
-2.024,-0.247
-2.978,0.045
2.596,0.051
1.159,-0.22
0.26,-3.064
-0.085,-1.844
-0.784,-3.065
-1.559,-2.441
-1.781,-3.06
-2.13,-3.034
2.379,-3.089
1.765,-1.826
-0.451,-2.667
-2.427,-1.608
1.922,-2.415
1.607,-3.301
1.502,-2.887
1.062,-3.296
0.864,-3.248
0.796,-2.48
-0.742,-2.526
-1.738,-0.837
1.14,-1.908
-0.308,-3.777
-0.618,-3.828
-1.13,-3.989
-2.505,-4.033
-3.094,-3.875
2.86,-3.939
2.703,-4.019
2.646,-3.946
1.29,-4.008
1.103,-4.009
-0.622,-4.23
-2.449,-4.403
-2.905,-4.264
2.677,-4.46
-0.102,-0.052
-0.321,0.008
-1.94,-0.076
-2.572,-0.059
-2.889,-0.106
-2.889,-0.109
-2.977,-0.09
2.576,-0.199
1.931,-0.087
1.695,-0.297
0.574,-2.767
-0.08,-2.974
-0.343,-0.573
-0.911,-0.623
-2.515,-3.801
-0.388,-4.184
1.023,-2.389
1.034,-1.968
1.0,-3.435
1.002,-0.263
0.795,-1.517
0.842,-2.932
0.647,-2.414
0.744,-2.36
0.598,-0.541
0.706,-3.806
0.553,-0.278
0.563,-0.087
0.532,-1.845
0.63,-1.501
0.475,-0.75
0.454,-3.453
0.42,-3.288
0.36,-1.976
0.422,-1.237
0.347,-0.262
0.284,-0.926
0.246,-0.219
0.021,-2.172
-0.001,-0.461
-0.033,-0.606
0.078,-3.165
-0.092,-0.582
0.038,-1.173
-0.147,-3.491
-0.058,-2.761
-0.117,-3.83
-0.208,-2.971
-0.257,-2.343
-0.277,-2.032
-0.546,-1.154
-0.428,-2.883
-0.462,-1.657
-0.488,-1.335
-0.526,-1.156
-0.571,-0.562
-0.582,-1.503
-0.714,-0.208
-0.622,-2.277
-0.974,-0.485
-0.998,-0.597
-0.909,-2.167
-1.074,-3.339
-1.076,-2.263
-1.161,-1.166
-1.042,-0.426
-1.207,-2.795
-1.107,-3.147
-1.252,-0.554
-1.22,-1.584
-1.427,-1.669
-1.459,-3.375
-1.494,-3.367
-1.717,-3.012
-1.736,-2.45
-1.908,-2.033
-1.926,-1.17
-1.976,-3.223
-1.865,-1.243
-2.014,-2.51
-2.019,-2.919
-2.046,-2.427
-2.193,-1.976
-2.257,-3.17
-2.361,-2.499
-2.408,-1.988
-2.434,-2.815
-2.446,-3.204
-2.465,-2.717
-2.589,-1.51
-2.786,-0.439
-2.81,-1.7
-2.858,-0.576
-2.749,-1.189
-2.892,-0.402
-2.936,-0.832
-3.043,-1.16
-2.919,-1.476
-3.04,-3.248
-3.075,-2.06
2.968,-2.698
2.935,-2.119
2.811,-2.187
2.891,-0.659
2.716,-1.183
2.563,-3.224
2.466,-1.591
2.516,-3.009
2.361,-0.736
2.419,-3.242
2.22,-3.443
2.117,-1.022
2.207,-1.504
2.001,-1.09
2.012,-2.175
1.853,-0.989
1.727,-2.798
1.734,-1.521
1.785,-1.575
1.783,-3.001
1.444,-1.15
1.531,-3.754
1.35,-1.875
1.375,-2.354
1.152,-0.708
0.794,-4.322
0.109,-4.123
-0.975,-4.227
-0.955,-4.109
-1.55,-4.145
-1.774,-4.226
-2.608,-4.272
2.923,-4.392
2.475,-4.136
1.94,-4.198
-1.278,-0.334
-2.232,-0.042
-2.941,-0.036
1.905,-0.307
1.006,-3.151
0.661,-1.931
-0.038,-3.152
-0.813,-2.528
-1.035,-3.147
-1.384,-3.121
3.125,-3.176
2.511,-1.913
0.295,-2.754
-1.681,-1.695
2.668,-2.502
2.353,-3.388
2.248,-2.974
1.808,-3.383
1.61,-3.335
1.542,-2.567
0.004,-2.613
-0.992,-0.924
1.886,-1.995
0.438,-3.864
0.128,-3.915
-0.384,-4.076
-1.759,-4.12
-2.348,-3.962
-2.677,-4.026
-2.834,-4.106
-2.891,-4.033
2.036,-4.095
1.849,-4.096
0.124,-4.317
-1.703,-4.49
-2.159,-4.351
-2.86,-4.547
-0.219,0.06
-1.838,-0.024
-2.47,-0.007
-2.787,-0.054
-2.787,-0.057
-2.875,-0.038
2.678,-0.147
2.033,-0.035
1.797,-0.245
0.676,-2.715
0.022,-2.922
-0.241,-0.521
-0.809,-0.571
-2.413,-3.749
-0.286,-4.132
1.125,-2.337
1.136,-1.916
1.102,-3.383
1.104,-0.211
0.897,-1.465
0.944,-2.88
0.749,-2.362
0.846,-2.308
0.7,-0.489
0.808,-3.754
0.655,-0.226
0.665,-0.035
0.634,-1.793
0.732,-1.449
0.577,-0.698
0.556,-3.401
0.522,-3.236
0.462,-1.924
0.524,-1.185
0.449,-0.21
0.386,-0.874
0.348,-0.167
0.123,-2.12
0.101,-0.409
0.069,-0.554
0.18,-3.113
0.01,-0.53
0.14,-1.121
-0.045,-3.439
0.044,-2.709
-0.015,-3.778
-0.106,-2.919
-0.155,-2.291
-0.175,-1.98
-0.444,-1.102
-0.326,-2.831
-0.36,-1.605
-0.386,-1.283
-0.424,-1.104
-0.469,-0.51
-0.48,-1.451
-0.612,-0.156
-0.52,-2.225
-0.872,-0.433
-0.896,-0.545
-0.807,-2.115
-0.972,-3.287
-0.974,-2.211
-1.059,-1.114
-0.94,-0.374
-1.105,-2.743
-1.005,-3.095
-1.15,-0.502
-1.118,-1.532
-1.325,-1.617
-1.357,-3.323
-1.392,-3.315
-1.615,-2.96
-1.634,-2.398
-1.806,-1.981
-1.824,-1.118
-1.874,-3.171
-1.763,-1.191
-1.912,-2.458
-1.917,-2.867
-1.944,-2.375
-2.091,-1.924
-2.155,-3.118
-2.259,-2.447
-2.306,-1.936
-2.332,-2.763
-2.344,-3.152
-2.363,-2.665
-2.487,-1.458
-2.684,-0.387
-2.708,-1.648
-2.756,-0.524
-2.647,-1.137
-2.79,-0.35
-2.834,-0.78
-2.941,-1.108
-2.817,-1.424
-2.938,-3.196
-2.973,-2.008
3.07,-2.646
3.037,-2.067
2.913,-2.135
2.993,-0.607
2.818,-1.131
2.665,-3.172
2.568,-1.539
2.618,-2.957
2.463,-0.684
2.521,-3.19
2.322,-3.391
2.219,-0.97
2.309,-1.452
2.103,-1.038
2.114,-2.123
1.955,-0.937
1.829,-2.746
1.836,-1.469
1.887,-1.523
1.885,-2.949
1.546,-1.098
1.633,-3.702
1.452,-1.823
1.477,-2.302
1.254,-0.656
0.896,-4.27
0.211,-4.071
-0.873,-4.175
-0.853,-4.057
-1.448,-4.093
-1.672,-4.174
-2.506,-4.22
3.025,-4.34
2.577,-4.084
2.042,-4.146
-1.176,-0.282
-2.13,0.01
-2.839,0.016
2.007,-0.255
1.108,-3.099
0.763,-1.879
0.064,-3.1
-0.711,-2.476
-0.933,-3.095
-1.282,-3.069
-3.056,-3.124
2.613,-1.861
0.397,-2.702
-1.579,-1.643
2.77,-2.45
2.455,-3.336
2.35,-2.922
1.91,-3.331
1.712,-3.283
1.644,-2.515
0.106,-2.561
-0.89,-0.872
1.988,-1.943
0.54,-3.812
0.23,-3.863
-0.282,-4.024
-1.657,-4.068
-2.246,-3.91
-2.575,-3.974
-2.732,-4.054
-2.789,-3.981
2.138,-4.043
1.951,-4.044
0.226,-4.265
-1.601,-4.438
-2.057,-4.299
-2.758,-4.495
-1.619,-0.084
-2.251,-0.067
-2.568,-0.114
-2.568,-0.117
-2.656,-0.098
2.897,-0.207
2.252,-0.095
2.016,-0.305
0.895,-2.775
0.241,-2.982
-0.022,-0.581
-0.59,-0.631
-2.194,-3.809
-0.067,-4.192
1.344,-2.397
1.355,-1.976
1.321,-3.443
1.323,-0.271
1.116,-1.525
1.163,-2.94
0.968,-2.422
1.065,-2.368
0.919,-0.549
1.027,-3.814
0.874,-0.286
0.884,-0.095
0.853,-1.853
0.951,-1.509
0.796,-0.758
0.775,-3.461
0.741,-3.296
0.681,-1.984
0.743,-1.245
0.668,-0.27
0.605,-0.934
0.567,-0.227
0.342,-2.18
0.32,-0.469
0.288,-0.614
0.399,-3.173
0.229,-0.59
0.359,-1.181
0.174,-3.499
0.263,-2.769
0.204,-3.838
0.113,-2.979
0.064,-2.351
0.044,-2.04
-0.225,-1.162
-0.107,-2.891
-0.141,-1.665
-0.167,-1.343
-0.205,-1.164
-0.25,-0.57
-0.261,-1.511
-0.393,-0.216
-0.301,-2.285
-0.653,-0.493
-0.677,-0.605
-0.588,-2.175
-0.753,-3.347
-0.755,-2.271
-0.84,-1.174
-0.721,-0.434
-0.886,-2.803
-0.786,-3.155
-0.931,-0.562
-0.899,-1.592
-1.106,-1.677
-1.138,-3.383
-1.173,-3.375
-1.396,-3.02
-1.415,-2.458
-1.587,-2.041
-1.605,-1.178
-1.655,-3.231
-1.544,-1.251
-1.693,-2.518
-1.698,-2.927
-1.725,-2.435
-1.872,-1.984
-1.936,-3.178
-2.04,-2.507
-2.087,-1.996
-2.113,-2.823
-2.125,-3.212
-2.144,-2.725
-2.268,-1.518
-2.465,-0.447
-2.489,-1.708
-2.537,-0.584
-2.428,-1.197
-2.571,-0.41
-2.615,-0.84
-2.722,-1.168
-2.598,-1.484
-2.719,-3.256
-2.754,-2.068
-2.994,-2.706
-3.027,-2.127
3.132,-2.195
-3.071,-0.667
3.037,-1.191
2.884,-3.232
2.787,-1.599
2.837,-3.017
2.682,-0.744
2.74,-3.25
2.541,-3.451
2.438,-1.03
2.528,-1.512
2.322,-1.098
2.333,-2.183
2.174,-0.997
2.048,-2.806
2.055,-1.529
2.106,-1.583
2.104,-3.009
1.765,-1.158
1.852,-3.762
1.671,-1.883
1.696,-2.362
1.473,-0.716
1.115,-4.33
0.43,-4.131
-0.654,-4.235
-0.634,-4.117
-1.229,-4.153
-1.453,-4.234
-2.287,-4.28
-3.039,-4.4
2.796,-4.144
2.261,-4.206
-0.957,-0.342
-1.911,-0.05
-2.62,-0.044
2.226,-0.315
1.327,-3.159
0.982,-1.939
0.283,-3.16
-0.492,-2.536
-0.714,-3.155
-1.063,-3.129
-2.837,-3.184
2.832,-1.921
0.616,-2.762
-1.36,-1.703
2.989,-2.51
2.674,-3.396
2.569,-2.982
2.129,-3.391
1.931,-3.343
1.863,-2.575
0.325,-2.621
-0.671,-0.932
2.207,-2.003
0.759,-3.872
0.449,-3.923
-0.063,-4.084
-1.438,-4.128
-2.027,-3.97
-2.356,-4.034
-2.513,-4.114
-2.57,-4.041
2.357,-4.103
2.17,-4.104
0.445,-4.325
-1.382,-4.498
-1.838,-4.359
-2.539,-4.555
-0.632,0.017
-0.949,-0.03
-0.949,-0.033
-1.037,-0.014
-1.767,-0.123
-2.412,-0.011
-2.648,-0.221
2.514,-2.691
1.86,-2.898
1.597,-0.497
1.029,-0.547
-0.575,-3.725
1.552,-4.108
2.963,-2.313
2.974,-1.892
2.94,-3.359
2.942,-0.187
2.735,-1.441
2.782,-2.856
2.587,-2.338
2.684,-2.284
2.538,-0.465
2.646,-3.73
2.493,-0.202
2.503,-0.011
2.472,-1.769
2.57,-1.425
2.415,-0.674
2.394,-3.377
2.36,-3.212
2.3,-1.9
2.362,-1.161
2.287,-0.186
2.224,-0.85
2.186,-0.143
1.961,-2.096
1.939,-0.385
1.907,-0.53
2.018,-3.089
1.848,-0.506
1.978,-1.097
1.793,-3.415
1.882,-2.685
1.823,-3.754
1.732,-2.895
1.683,-2.267
1.663,-1.956
1.394,-1.078
1.512,-2.807
1.478,-1.581
1.452,-1.259
1.414,-1.08
1.369,-0.486
1.358,-1.427
1.226,-0.132
1.318,-2.201
0.966,-0.409
0.942,-0.521
1.031,-2.091
0.866,-3.263
0.864,-2.187
0.779,-1.09
0.898,-0.35
0.733,-2.719
0.833,-3.071
0.688,-0.478
0.72,-1.508
0.513,-1.593
0.481,-3.299
0.446,-3.291
0.223,-2.936
0.204,-2.374
0.032,-1.957
0.014,-1.094
-0.036,-3.147
0.075,-1.167
-0.074,-2.434
-0.079,-2.843
-0.106,-2.351
-0.253,-1.9
-0.317,-3.094
-0.421,-2.423
-0.468,-1.912
-0.494,-2.739
-0.506,-3.128
-0.525,-2.641
-0.649,-1.434
-0.846,-0.363
-0.87,-1.624
-0.918,-0.5
-0.809,-1.113
-0.952,-0.326
-0.996,-0.756
-1.103,-1.084
-0.979,-1.4
-1.1,-3.172
-1.135,-1.984
-1.375,-2.622
-1.408,-2.043
-1.532,-2.111
-1.452,-0.583
-1.627,-1.107
-1.78,-3.148
-1.877,-1.515
-1.827,-2.933
-1.982,-0.66
-1.924,-3.166
-2.123,-3.367
-2.226,-0.946
-2.136,-1.428
-2.342,-1.014
-2.331,-2.099
-2.49,-0.913
-2.616,-2.722
-2.609,-1.445
-2.558,-1.499
-2.56,-2.925
-2.899,-1.074
-2.812,-3.678
-2.993,-1.799
-2.968,-2.278
3.092,-0.632
2.734,-4.246
2.049,-4.047
0.965,-4.151
0.985,-4.033
0.39,-4.069
0.166,-4.15
-0.668,-4.196
-1.42,-4.316
-1.868,-4.06
-2.403,-4.122
0.662,-0.258
-0.292,0.034
-1.001,0.04
-2.438,-0.231
2.946,-3.075
2.601,-1.855
1.902,-3.076
1.127,-2.452
0.905,-3.071
0.556,-3.045
-1.218,-3.1
-1.832,-1.837
2.235,-2.678
0.259,-1.619
-1.675,-2.426
-1.99,-3.312
-2.095,-2.898
-2.535,-3.307
-2.733,-3.259
-2.801,-2.491
1.944,-2.537
0.948,-0.848
-2.457,-1.919
2.378,-3.788
2.068,-3.839
1.556,-4.0
0.181,-4.044
-0.408,-3.886
-0.737,-3.95
-0.894,-4.03
-0.951,-3.957
-2.307,-4.019
-2.494,-4.02
2.064,-4.241
0.237,-4.414
-0.219,-4.275
-0.92,-4.471
-0.317,-0.047
-0.317,-0.05
-0.405,-0.031
-1.135,-0.14
-1.78,-0.028
-2.016,-0.238
-3.137,-2.708
2.492,-2.915
2.229,-0.514
1.661,-0.564
0.057,-3.742
2.184,-4.125
-2.688,-2.33
-2.677,-1.909
-2.711,-3.376
-2.709,-0.204
-2.916,-1.458
-2.869,-2.873
-3.064,-2.355
-2.967,-2.301
-3.113,-0.482
-3.005,-3.747
3.125,-0.219
3.135,-0.028
3.104,-1.786
-3.081,-1.442
3.047,-0.691
3.026,-3.394
2.992,-3.229
2.932,-1.917
2.994,-1.178
2.919,-0.203
2.856,-0.867
2.818,-0.16
2.593,-2.113
2.571,-0.402
2.539,-0.547
2.65,-3.106
2.48,-0.523
2.61,-1.114
2.425,-3.432
2.514,-2.702
2.455,-3.771
2.364,-2.912
2.315,-2.284
2.295,-1.973
2.026,-1.095
2.144,-2.824
2.11,-1.598
2.084,-1.276
2.046,-1.097
2.001,-0.503
1.99,-1.444
1.858,-0.149
1.95,-2.218
1.598,-0.426
1.574,-0.538
1.663,-2.108
1.498,-3.28
1.496,-2.204
1.411,-1.107
1.53,-0.367
1.365,-2.736
1.465,-3.088
1.32,-0.495
1.352,-1.525
1.145,-1.61
1.113,-3.316
1.078,-3.308
0.855,-2.953
0.836,-2.391
0.664,-1.974
0.646,-1.111
0.596,-3.164
0.707,-1.184
0.558,-2.451
0.553,-2.86
0.526,-2.368
0.379,-1.917
0.315,-3.111
0.211,-2.44
0.164,-1.929
0.138,-2.756
0.126,-3.145
0.107,-2.658
-0.017,-1.451
-0.214,-0.38
-0.238,-1.641
-0.286,-0.517
-0.177,-1.13
-0.32,-0.343
-0.364,-0.773
-0.471,-1.101
-0.347,-1.417
-0.468,-3.189
-0.503,-2.001
-0.743,-2.639
-0.776,-2.06
-0.9,-2.128
-0.82,-0.6
-0.995,-1.124
-1.148,-3.165
-1.245,-1.532
-1.195,-2.95
-1.35,-0.677
-1.292,-3.183
-1.491,-3.384
-1.594,-0.963
-1.504,-1.445
-1.71,-1.031
-1.699,-2.116
-1.858,-0.93
-1.984,-2.739
-1.977,-1.462
-1.926,-1.516
-1.928,-2.942
-2.267,-1.091
-2.18,-3.695
-2.361,-1.816
-2.336,-2.295
-2.559,-0.649
-2.917,-4.263
2.681,-4.064
1.597,-4.168
1.617,-4.05
1.022,-4.086
0.798,-4.167
-0.036,-4.213
-0.788,-4.333
-1.236,-4.077
-1.771,-4.139
1.294,-0.275
0.34,0.017
-0.369,0.023
-1.806,-0.248
-2.705,-3.092
-3.05,-1.872
2.534,-3.093
1.759,-2.469
1.537,-3.088
1.188,-3.062
-0.586,-3.117
-1.2,-1.854
2.867,-2.695
0.891,-1.636
-1.043,-2.443
-1.358,-3.329
-1.463,-2.915
-1.903,-3.324
-2.101,-3.276
-2.169,-2.508
2.576,-2.554
1.58,-0.865
-1.825,-1.936
3.01,-3.805
2.7,-3.856
2.188,-4.017
0.813,-4.061
0.224,-3.903
-0.105,-3.967
-0.262,-4.047
-0.319,-3.974
-1.675,-4.036
-1.862,-4.037
2.696,-4.258
0.869,-4.431
0.413,-4.292
-0.288,-4.488
0.0,-0.003
-0.088,0.016
-0.818,-0.093
-1.463,0.019
-1.699,-0.191
-2.82,-2.661
2.809,-2.868
2.546,-0.467
1.978,-0.517
0.374,-3.695
2.501,-4.078
-2.371,-2.283
-2.36,-1.862
-2.394,-3.329
-2.392,-0.157
-2.599,-1.411
-2.552,-2.826
-2.747,-2.308
-2.65,-2.254
-2.796,-0.435
-2.688,-3.7
-2.841,-0.172
-2.831,0.019
-2.862,-1.739
-2.764,-1.395
-2.919,-0.644
-2.94,-3.347
-2.974,-3.182
-3.034,-1.87
-2.972,-1.131
-3.047,-0.156
-3.11,-0.82
3.135,-0.113
2.91,-2.066
2.888,-0.355
2.856,-0.5
2.967,-3.059
2.797,-0.476
2.927,-1.067
2.742,-3.385
2.831,-2.655
2.772,-3.724
2.681,-2.865
2.632,-2.237
2.612,-1.926
2.343,-1.048
2.461,-2.777
2.427,-1.551
2.401,-1.229
2.363,-1.05
2.318,-0.456
2.307,-1.397
2.175,-0.102
2.267,-2.171
1.915,-0.379
1.891,-0.491
1.98,-2.061
1.815,-3.233
1.813,-2.157
1.728,-1.06
1.847,-0.32
1.682,-2.689
1.782,-3.041
1.637,-0.448
1.669,-1.478
1.462,-1.563
1.43,-3.269
1.395,-3.261
1.172,-2.906
1.153,-2.344
0.981,-1.927
0.963,-1.064
0.913,-3.117
1.024,-1.137
0.875,-2.404
0.87,-2.813
0.843,-2.321
0.696,-1.87
0.632,-3.064
0.528,-2.393
0.481,-1.882
0.455,-2.709
0.443,-3.098
0.424,-2.611
0.3,-1.404
0.103,-0.333
0.079,-1.594
0.031,-0.47
0.14,-1.083
-0.003,-0.296
-0.047,-0.726
-0.154,-1.054
-0.03,-1.37
-0.151,-3.142
-0.186,-1.954
-0.426,-2.592
-0.459,-2.013
-0.583,-2.081
-0.503,-0.553
-0.678,-1.077
-0.831,-3.118
-0.928,-1.485
-0.878,-2.903
-1.033,-0.63
-0.975,-3.136
-1.174,-3.337
-1.277,-0.916
-1.187,-1.398
-1.393,-0.984
-1.382,-2.069
-1.541,-0.883
-1.667,-2.692
-1.66,-1.415
-1.609,-1.469
-1.611,-2.895
-1.95,-1.044
-1.863,-3.648
-2.044,-1.769
-2.019,-2.248
-2.242,-0.602
-2.6,-4.216
2.998,-4.017
1.914,-4.121
1.934,-4.003
1.339,-4.039
1.115,-4.12
0.281,-4.166
-0.471,-4.286
-0.919,-4.03
-1.454,-4.092
1.611,-0.228
0.657,0.064
-0.052,0.07
-1.489,-0.201
-2.388,-3.045
-2.733,-1.825
2.851,-3.046
2.076,-2.422
1.854,-3.041
1.505,-3.015
-0.269,-3.07
-0.883,-1.807
-3.099,-2.648
1.208,-1.589
-0.726,-2.396
-1.041,-3.282
-1.146,-2.868
-1.586,-3.277
-1.784,-3.229
-1.852,-2.461
2.893,-2.507
1.897,-0.818
-1.508,-1.889
-2.956,-3.758
3.017,-3.809
2.505,-3.97
1.13,-4.014
0.541,-3.856
0.212,-3.92
0.055,-4.0
-0.002,-3.927
-1.358,-3.989
-1.545,-3.99
3.013,-4.211
1.186,-4.384
0.73,-4.245
0.029,-4.441
-0.088,0.019
-0.818,-0.09
-1.463,0.022
-1.699,-0.188
-2.82,-2.658
2.809,-2.865
2.546,-0.464
1.978,-0.514
0.374,-3.692
2.501,-4.075
-2.371,-2.28
-2.36,-1.859
-2.394,-3.326
-2.392,-0.154
-2.599,-1.408
-2.552,-2.823
-2.747,-2.305
-2.65,-2.251
-2.796,-0.432
-2.688,-3.697
-2.841,-0.169
-2.831,0.022
-2.862,-1.736
-2.764,-1.392
-2.919,-0.641
-2.94,-3.344
-2.974,-3.179
-3.034,-1.867
-2.972,-1.128
-3.047,-0.153
-3.11,-0.817
3.135,-0.11
2.91,-2.063
2.888,-0.352
2.856,-0.497
2.967,-3.056
2.797,-0.473
2.927,-1.064
2.742,-3.382
2.831,-2.652
2.772,-3.721
2.681,-2.862
2.632,-2.234
2.612,-1.923
2.343,-1.045
2.461,-2.774
2.427,-1.548
2.401,-1.226
2.363,-1.047
2.318,-0.453
2.307,-1.394
2.175,-0.099
2.267,-2.168
1.915,-0.376
1.891,-0.488
1.98,-2.058
1.815,-3.23
1.813,-2.154
1.728,-1.057
1.847,-0.317
1.682,-2.686
1.782,-3.038
1.637,-0.445
1.669,-1.475
1.462,-1.56
1.43,-3.266
1.395,-3.258
1.172,-2.903
1.153,-2.341
0.981,-1.924
0.963,-1.061
0.913,-3.114
1.024,-1.134
0.875,-2.401
0.87,-2.81
0.843,-2.318
0.696,-1.867
0.632,-3.061
0.528,-2.39
0.481,-1.879
0.455,-2.706
0.443,-3.095
0.424,-2.608
0.3,-1.401
0.103,-0.33
0.079,-1.591
0.031,-0.467
0.14,-1.08
-0.003,-0.293
-0.047,-0.723
-0.154,-1.051
-0.03,-1.367
-0.151,-3.139
-0.186,-1.951
-0.426,-2.589
-0.459,-2.01
-0.583,-2.078
-0.503,-0.55
-0.678,-1.074
-0.831,-3.115
-0.928,-1.482
-0.878,-2.9
-1.033,-0.627
-0.975,-3.133
-1.174,-3.334
-1.277,-0.913
-1.187,-1.395
-1.393,-0.981
-1.382,-2.066
-1.541,-0.88
-1.667,-2.689
-1.66,-1.412
-1.609,-1.466
-1.611,-2.892
-1.95,-1.041
-1.863,-3.645
-2.044,-1.766
-2.019,-2.245
-2.242,-0.599
-2.6,-4.213
2.998,-4.014
1.914,-4.118
1.934,-4.0
1.339,-4.036
1.115,-4.117
0.281,-4.163
-0.471,-4.283
-0.919,-4.027
-1.454,-4.089
1.611,-0.225
0.657,0.067
-0.052,0.073
-1.489,-0.198
-2.388,-3.042
-2.733,-1.822
2.851,-3.043
2.076,-2.419
1.854,-3.038
1.505,-3.012
-0.269,-3.067
-0.883,-1.804
-3.099,-2.645
1.208,-1.586
-0.726,-2.393
-1.041,-3.279
-1.146,-2.865
-1.586,-3.274
-1.784,-3.226
-1.852,-2.458
2.893,-2.504
1.897,-0.815
-1.508,-1.886
-2.956,-3.755
3.017,-3.806
2.505,-3.967
1.13,-4.011
0.541,-3.853
0.212,-3.917
0.055,-3.997
-0.002,-3.924
-1.358,-3.986
-1.545,-3.987
3.013,-4.208
1.186,-4.381
0.73,-4.242
0.029,-4.438
-0.73,-0.109
-1.375,0.003
-1.611,-0.207
-2.732,-2.677
2.897,-2.884
2.634,-0.483
2.066,-0.533
0.462,-3.711
2.589,-4.094
-2.283,-2.299
-2.272,-1.878
-2.306,-3.345
-2.304,-0.173
-2.511,-1.427
-2.464,-2.842
-2.659,-2.324
-2.562,-2.27
-2.708,-0.451
-2.6,-3.716
-2.753,-0.188
-2.743,0.003
-2.774,-1.755
-2.676,-1.411
-2.831,-0.66
-2.852,-3.363
-2.886,-3.198
-2.946,-1.886
-2.884,-1.147
-2.959,-0.172
-3.022,-0.836
-3.06,-0.129
2.998,-2.082
2.976,-0.371
2.944,-0.516
3.055,-3.075
2.885,-0.492
3.015,-1.083
2.83,-3.401
2.919,-2.671
2.86,-3.74
2.769,-2.881
2.72,-2.253
2.7,-1.942
2.431,-1.064
2.549,-2.793
2.515,-1.567
2.489,-1.245
2.451,-1.066
2.406,-0.472
2.395,-1.413
2.263,-0.118
2.355,-2.187
2.003,-0.395
1.979,-0.507
2.068,-2.077
1.903,-3.249
1.901,-2.173
1.816,-1.076
1.935,-0.336
1.77,-2.705
1.87,-3.057
1.725,-0.464
1.757,-1.494
1.55,-1.579
1.518,-3.285
1.483,-3.277
1.26,-2.922
1.241,-2.36
1.069,-1.943
1.051,-1.08
1.001,-3.133
1.112,-1.153
0.963,-2.42
0.958,-2.829
0.931,-2.337
0.784,-1.886
0.72,-3.08
0.616,-2.409
0.569,-1.898
0.543,-2.725
0.531,-3.114
0.512,-2.627
0.388,-1.42
0.191,-0.349
0.167,-1.61
0.119,-0.486
0.228,-1.099
0.085,-0.312
0.041,-0.742
-0.066,-1.07
0.058,-1.386
-0.063,-3.158
-0.098,-1.97
-0.338,-2.608
-0.371,-2.029
-0.495,-2.097
-0.415,-0.569
-0.59,-1.093
-0.743,-3.134
-0.84,-1.501
-0.79,-2.919
-0.945,-0.646
-0.887,-3.152
-1.086,-3.353
-1.189,-0.932
-1.099,-1.414
-1.305,-1.0
-1.294,-2.085
-1.453,-0.899
-1.579,-2.708
-1.572,-1.431
-1.521,-1.485
-1.523,-2.911
-1.862,-1.06
-1.775,-3.664
-1.956,-1.785
-1.931,-2.264
-2.154,-0.618
-2.512,-4.232
3.086,-4.033
2.002,-4.137
2.022,-4.019
1.427,-4.055
1.203,-4.136
0.369,-4.182
-0.383,-4.302
-0.831,-4.046
-1.366,-4.108
1.699,-0.244
0.745,0.048
0.036,0.054
-1.401,-0.217
-2.3,-3.061
-2.645,-1.841
2.939,-3.062
2.164,-2.438
1.942,-3.057
1.593,-3.031
-0.181,-3.086
-0.795,-1.823
-3.011,-2.664
1.296,-1.605
-0.638,-2.412
-0.953,-3.298
-1.058,-2.884
-1.498,-3.293
-1.696,-3.245
-1.764,-2.477
2.981,-2.523
1.985,-0.834
-1.42,-1.905
-2.868,-3.774
3.105,-3.825
2.593,-3.986
1.218,-4.03
0.629,-3.872
0.3,-3.936
0.143,-4.016
0.086,-3.943
-1.27,-4.005
-1.457,-4.006
3.101,-4.227
1.274,-4.4
0.818,-4.261
0.117,-4.457
-0.645,0.112
-0.881,-0.098
-2.002,-2.568
-2.656,-2.775
-2.919,-0.374
2.796,-0.424
1.192,-3.602
-2.964,-3.985
-1.553,-2.19
-1.542,-1.769
-1.576,-3.236
-1.574,-0.064
-1.781,-1.318
-1.734,-2.733
-1.929,-2.215
-1.832,-2.161
-1.978,-0.342
-1.87,-3.607
-2.023,-0.079
-2.013,0.112
-2.044,-1.646
-1.946,-1.302
-2.101,-0.551
-2.122,-3.254
-2.156,-3.089
-2.216,-1.777
-2.154,-1.038
-2.229,-0.063
-2.292,-0.727
-2.33,-0.02
-2.555,-1.973
-2.577,-0.262
-2.609,-0.407
-2.498,-2.966
-2.668,-0.383
-2.538,-0.974
-2.723,-3.292
-2.634,-2.562
-2.693,-3.631
-2.784,-2.772
-2.833,-2.144
-2.853,-1.833
-3.122,-0.955
-3.004,-2.684
-3.038,-1.458
-3.064,-1.136
-3.102,-0.957
3.136,-0.363
3.125,-1.304
2.993,-0.009
3.085,-2.078
2.733,-0.286
2.709,-0.398
2.798,-1.968
2.633,-3.14
2.631,-2.064
2.546,-0.967
2.665,-0.227
2.5,-2.596
2.6,-2.948
2.455,-0.355
2.487,-1.385
2.28,-1.47
2.248,-3.176
2.213,-3.168
1.99,-2.813
1.971,-2.251
1.799,-1.834
1.781,-0.971
1.731,-3.024
1.842,-1.044
1.693,-2.311
1.688,-2.72
1.661,-2.228
1.514,-1.777
1.45,-2.971
1.346,-2.3
1.299,-1.789
1.273,-2.616
1.261,-3.005
1.242,-2.518
1.118,-1.311
0.921,-0.24
0.897,-1.501
0.849,-0.377
0.958,-0.99
0.815,-0.203
0.771,-0.633
0.664,-0.961
0.788,-1.277
0.667,-3.049
0.632,-1.861
0.392,-2.499
0.359,-1.92
0.235,-1.988
0.315,-0.46
0.14,-0.984
-0.013,-3.025
-0.11,-1.392
-0.06,-2.81
-0.215,-0.537
-0.157,-3.043
-0.356,-3.244
-0.459,-0.823
-0.369,-1.305
-0.575,-0.891
-0.564,-1.976
-0.723,-0.79
-0.849,-2.599
-0.842,-1.322
-0.791,-1.376
-0.793,-2.802
-1.132,-0.951
-1.045,-3.555
-1.226,-1.676
-1.201,-2.155
-1.424,-0.509
-1.782,-4.123
-2.467,-3.924
2.732,-4.028
2.752,-3.91
2.157,-3.946
1.933,-4.027
1.099,-4.073
0.347,-4.193
-0.101,-3.937
-0.636,-3.999
2.429,-0.135
1.475,0.157
0.766,0.163
-0.671,-0.108
-1.57,-2.952
-1.915,-1.732
-2.614,-2.953
2.894,-2.329
2.672,-2.948
2.323,-2.922
0.549,-2.977
-0.065,-1.714
-2.281,-2.555
2.026,-1.496
0.092,-2.303
-0.223,-3.189
-0.328,-2.775
-0.768,-3.184
-0.966,-3.136
-1.034,-2.368
-2.572,-2.414
2.715,-0.725
-0.69,-1.796
-2.138,-3.665
-2.448,-3.716
-2.96,-3.877
1.948,-3.921
1.359,-3.763
1.03,-3.827
0.873,-3.907
0.816,-3.834
-0.54,-3.896
-0.727,-3.897
-2.452,-4.118
2.004,-4.291
1.548,-4.152
0.847,-4.348
-0.236,-0.21
-1.357,-2.68
-2.011,-2.887
-2.274,-0.486
-2.842,-0.536
1.837,-3.714
-2.319,-4.097
-0.908,-2.302
-0.897,-1.881
-0.931,-3.348
-0.929,-0.176
-1.136,-1.43
-1.089,-2.845
-1.284,-2.327
-1.187,-2.273
-1.333,-0.454
-1.225,-3.719
-1.378,-0.191
-1.368,0.0
-1.399,-1.758
-1.301,-1.414
-1.456,-0.663
-1.477,-3.366
-1.511,-3.201
-1.571,-1.889
-1.509,-1.15
-1.584,-0.175
-1.647,-0.839
-1.685,-0.132
-1.91,-2.085
-1.932,-0.374
-1.964,-0.519
-1.853,-3.078
-2.023,-0.495
-1.893,-1.086
-2.078,-3.404
-1.989,-2.674
-2.048,-3.743
-2.139,-2.884
-2.188,-2.256
-2.208,-1.945
-2.477,-1.067
-2.359,-2.796
-2.393,-1.57
-2.419,-1.248
-2.457,-1.069
-2.502,-0.475
-2.513,-1.416
-2.645,-0.121
-2.553,-2.19
-2.905,-0.398
-2.929,-0.51
-2.84,-2.08
-3.005,-3.252
-3.007,-2.176
-3.092,-1.079
-2.973,-0.339
-3.138,-2.708
-3.038,-3.06
3.1,-0.467
3.132,-1.497
2.925,-1.582
2.893,-3.288
2.858,-3.28
2.635,-2.925
2.616,-2.363
2.444,-1.946
2.426,-1.083
2.376,-3.136
2.487,-1.156
2.338,-2.423
2.333,-2.832
2.306,-2.34
2.159,-1.889
2.095,-3.083
1.991,-2.412
1.944,-1.901
1.918,-2.728
1.906,-3.117
1.887,-2.63
1.763,-1.423
1.566,-0.352
1.542,-1.613
1.494,-0.489
1.603,-1.102
1.46,-0.315
1.416,-0.745
1.309,-1.073
1.433,-1.389
1.312,-3.161
1.277,-1.973
1.037,-2.611
1.004,-2.032
0.88,-2.1
0.96,-0.572
0.785,-1.096
0.632,-3.137
0.535,-1.504
0.585,-2.922
0.43,-0.649
0.488,-3.155
0.289,-3.356
0.186,-0.935
0.276,-1.417
0.07,-1.003
0.081,-2.088
-0.078,-0.902
-0.204,-2.711
-0.197,-1.434
-0.146,-1.488
-0.148,-2.914
-0.487,-1.063
-0.4,-3.667
-0.581,-1.788
-0.556,-2.267
-0.779,-0.621
-1.137,-4.235
-1.822,-4.036
-2.906,-4.14
-2.886,-4.022
2.802,-4.058
2.578,-4.139
1.744,-4.185
0.992,-4.305
0.544,-4.049
0.009,-4.111
3.074,-0.247
2.12,0.045
1.411,0.051
-0.026,-0.22
-0.925,-3.064
-1.27,-1.844
-1.969,-3.065
-2.744,-2.441
-2.966,-3.06
2.968,-3.034
1.194,-3.089
0.58,-1.826
-1.636,-2.667
2.671,-1.608
0.737,-2.415
0.422,-3.301
0.317,-2.887
-0.123,-3.296
-0.321,-3.248
-0.389,-2.48
-1.927,-2.526
-2.923,-0.837
-0.045,-1.908
-1.493,-3.777
-1.803,-3.828
-2.315,-3.989
2.593,-4.033
2.004,-3.875
1.675,-3.939
1.518,-4.019
1.461,-3.946
0.105,-4.008
-0.082,-4.009
-1.807,-4.23
2.649,-4.403
2.193,-4.264
1.492,-4.46
-1.121,-2.47
-1.775,-2.677
-2.038,-0.276
-2.606,-0.326
2.073,-3.504
-2.083,-3.887
-0.672,-2.092
-0.661,-1.671
-0.695,-3.138
-0.693,0.034
-0.9,-1.22
-0.853,-2.635
-1.048,-2.117
-0.951,-2.063
-1.097,-0.244
-0.989,-3.509
-1.142,0.019
-1.132,0.21
-1.163,-1.548
-1.065,-1.204
-1.22,-0.453
-1.241,-3.156
-1.275,-2.991
-1.335,-1.679
-1.273,-0.94
-1.348,0.035
-1.411,-0.629
-1.449,0.078
-1.674,-1.875
-1.696,-0.164
-1.728,-0.309
-1.617,-2.868
-1.787,-0.285
-1.657,-0.876
-1.842,-3.194
-1.753,-2.464
-1.812,-3.533
-1.903,-2.674
-1.952,-2.046
-1.972,-1.735
-2.241,-0.857
-2.123,-2.586
-2.157,-1.36
-2.183,-1.038
-2.221,-0.859
-2.266,-0.265
-2.277,-1.206
-2.409,0.089
-2.317,-1.98
-2.669,-0.188
-2.693,-0.3
-2.604,-1.87
-2.769,-3.042
-2.771,-1.966
-2.856,-0.869
-2.737,-0.129
-2.902,-2.498
-2.802,-2.85
-2.947,-0.257
-2.915,-1.287
-3.122,-1.372
3.129,-3.078
3.094,-3.07
2.871,-2.715
2.852,-2.153
2.68,-1.736
2.662,-0.873
2.612,-2.926
2.723,-0.946
2.574,-2.213
2.569,-2.622
2.542,-2.13
2.395,-1.679
2.331,-2.873
2.227,-2.202
2.18,-1.691
2.154,-2.518
2.142,-2.907
2.123,-2.42
1.999,-1.213
1.802,-0.142
1.778,-1.403
1.73,-0.279
1.839,-0.892
1.696,-0.105
1.652,-0.535
1.545,-0.863
1.669,-1.179
1.548,-2.951
1.513,-1.763
1.273,-2.401
1.24,-1.822
1.116,-1.89
1.196,-0.362
1.021,-0.886
0.868,-2.927
0.771,-1.294
0.821,-2.712
0.666,-0.439
0.724,-2.945
0.525,-3.146
0.422,-0.725
0.512,-1.207
0.306,-0.793
0.317,-1.878
0.158,-0.692
0.032,-2.501
0.039,-1.224
0.09,-1.278
0.088,-2.704
-0.251,-0.853
-0.164,-3.457
-0.345,-1.578
-0.32,-2.057
-0.543,-0.411
-0.901,-4.025
-1.586,-3.826
-2.67,-3.93
-2.65,-3.812
3.038,-3.848
2.814,-3.929
1.98,-3.975
1.228,-4.095
0.78,-3.839
0.245,-3.901
-2.973,-0.037
2.356,0.255
1.647,0.261
0.21,-0.01
-0.689,-2.854
-1.034,-1.634
-1.733,-2.855
-2.508,-2.231
-2.73,-2.85
-3.079,-2.824
1.43,-2.879
0.816,-1.616
-1.4,-2.457
2.907,-1.398
0.973,-2.205
0.658,-3.091
0.553,-2.677
0.113,-3.086
-0.085,-3.038
-0.153,-2.27
-1.691,-2.316
-2.687,-0.627
0.191,-1.698
-1.257,-3.567
-1.567,-3.618
-2.079,-3.779
2.829,-3.823
2.24,-3.665
1.911,-3.729
1.754,-3.809
1.697,-3.736
0.341,-3.798
0.154,-3.799
-1.571,-4.02
2.885,-4.193
2.429,-4.054
1.728,-4.25
-0.654,-0.207
-0.917,2.194
-1.485,2.144
-3.089,-1.034
-0.962,-1.417
0.449,0.378
0.46,0.799
0.426,-0.668
0.428,2.504
0.221,1.25
0.268,-0.165
0.073,0.353
0.17,0.407
0.024,2.226
0.132,-1.039
-0.021,2.489
-0.011,2.68
-0.042,0.922
0.056,1.266
-0.099,2.017
-0.12,-0.686
-0.154,-0.521
-0.214,0.791
-0.152,1.53
-0.227,2.505
-0.29,1.841
-0.328,2.548
-0.553,0.595
-0.575,2.306
-0.607,2.161
-0.496,-0.398
-0.666,2.185
-0.536,1.594
-0.721,-0.724
-0.632,0.006
-0.691,-1.063
-0.782,-0.204
-0.831,0.424
-0.851,0.735
-1.12,1.613
-1.002,-0.116
-1.036,1.11
-1.062,1.432
-1.1,1.611
-1.145,2.205
-1.156,1.264
-1.288,2.559
-1.196,0.49
-1.548,2.282
-1.572,2.17
-1.483,0.6
-1.648,-0.572
-1.65,0.504
-1.735,1.601
-1.616,2.341
-1.781,-0.028
-1.681,-0.38
-1.826,2.213
-1.794,1.183
-2.001,1.098
-2.033,-0.608
-2.068,-0.6
-2.291,-0.245
-2.31,0.317
-2.482,0.734
-2.5,1.597
-2.55,-0.456
-2.439,1.524
-2.588,0.257
-2.593,-0.152
-2.62,0.34
-2.767,0.791
-2.831,-0.403
-2.935,0.268
-2.982,0.779
-3.008,-0.048
-3.02,-0.437
-3.039,0.05
3.12,1.257
2.923,2.328
2.899,1.067
2.851,2.191
2.96,1.578
2.817,2.365
2.773,1.935
2.666,1.607
2.79,1.291
2.669,-0.481
2.634,0.707
2.394,0.069
2.361,0.648
2.237,0.58
2.317,2.108
2.142,1.584
1.989,-0.457
1.892,1.176
1.942,-0.242
1.787,2.031
1.845,-0.475
1.646,-0.676
1.543,1.745
1.633,1.263
1.427,1.677
1.438,0.592
1.279,1.778
1.153,-0.031
1.16,1.246
1.211,1.192
1.209,-0.234
0.87,1.617
0.957,-0.987
0.776,0.892
0.801,0.413
0.578,2.059
0.22,-1.555
-0.465,-1.356
-1.549,-1.46
-1.529,-1.342
-2.124,-1.378
-2.348,-1.459
3.101,-1.505
2.349,-1.625
1.901,-1.369
1.366,-1.431
-1.852,2.433
-2.806,2.725
2.768,2.731
1.331,2.46
0.432,-0.384
0.087,0.836
-0.612,-0.385
-1.387,0.239
-1.609,-0.38
-1.958,-0.354
2.551,-0.409
1.937,0.854
-0.279,0.013
-2.255,1.072
2.094,0.265
1.779,-0.621
1.674,-0.207
1.234,-0.616
1.036,-0.568
0.968,0.2
-0.57,0.154
-1.566,1.843
1.312,0.772
-0.136,-1.097
-0.446,-1.148
-0.958,-1.309
-2.333,-1.353
-2.922,-1.195
3.032,-1.259
2.875,-1.339
2.818,-1.266
1.462,-1.328
1.275,-1.329
-0.45,-1.55
-2.277,-1.723
-2.733,-1.584
2.849,-1.78
-0.263,2.401
-0.831,2.351
-2.435,-0.827
-0.308,-1.21
1.103,0.585
1.114,1.006
1.08,-0.461
1.082,2.711
0.875,1.457
0.922,0.042
0.727,0.56
0.824,0.614
0.678,2.433
0.786,-0.832
0.633,2.696
0.643,2.887
0.612,1.129
0.71,1.473
0.555,2.224
0.534,-0.479
0.5,-0.314
0.44,0.998
0.502,1.737
0.427,2.712
0.364,2.048
0.326,2.755
0.101,0.802
0.079,2.513
0.047,2.368
0.158,-0.191
-0.012,2.392
0.118,1.801
-0.067,-0.517
0.022,0.213
-0.037,-0.856
-0.128,0.003
-0.177,0.631
-0.197,0.942
-0.466,1.82
-0.348,0.091
-0.382,1.317
-0.408,1.639
-0.446,1.818
-0.491,2.412
-0.502,1.471
-0.634,2.766
-0.542,0.697
-0.894,2.489
-0.918,2.377
-0.829,0.807
-0.994,-0.365
-0.996,0.711
-1.081,1.808
-0.962,2.548
-1.127,0.179
-1.027,-0.173
-1.172,2.42
-1.14,1.39
-1.347,1.305
-1.379,-0.401
-1.414,-0.393
-1.637,-0.038
-1.656,0.524
-1.828,0.941
-1.846,1.804
-1.896,-0.249
-1.785,1.731
-1.934,0.464
-1.939,0.055
-1.966,0.547
-2.113,0.998
-2.177,-0.196
-2.281,0.475
-2.328,0.986
-2.354,0.159
-2.366,-0.23
-2.385,0.257
-2.509,1.464
-2.706,2.535
-2.73,1.274
-2.778,2.398
-2.669,1.785
-2.812,2.572
-2.856,2.142
-2.963,1.814
-2.839,1.498
-2.96,-0.274
-2.995,0.914
3.048,0.276
3.015,0.855
2.891,0.787
2.971,2.315
2.796,1.791
2.643,-0.25
2.546,1.383
2.596,-0.035
2.441,2.238
2.499,-0.268
2.3,-0.469
2.197,1.952
2.287,1.47
2.081,1.884
2.092,0.799
1.933,1.985
1.807,0.176
1.814,1.453
1.865,1.399
1.863,-0.027
1.524,1.824
1.611,-0.78
1.43,1.099
1.455,0.62
1.232,2.266
0.874,-1.348
0.189,-1.149
-0.895,-1.253
-0.875,-1.135
-1.47,-1.171
-1.694,-1.252
-2.528,-1.298
3.003,-1.418
2.555,-1.162
2.02,-1.224
-1.198,2.64
-2.152,2.932
-2.861,2.938
1.985,2.667
1.086,-0.177
0.741,1.043
0.042,-0.178
-0.733,0.446
-0.955,-0.173
-1.304,-0.147
-3.078,-0.202
2.591,1.061
0.375,0.22
-1.601,1.279
2.748,0.472
2.433,-0.414
2.328,0.0
1.888,-0.409
1.69,-0.361
1.622,0.407
0.084,0.361
-0.912,2.05
1.966,0.979
0.518,-0.89
0.208,-0.941
-0.304,-1.102
-1.679,-1.146
-2.268,-0.988
-2.597,-1.052
-2.754,-1.132
-2.811,-1.059
2.116,-1.121
1.929,-1.122
0.204,-1.343
-1.623,-1.516
-2.079,-1.377
-2.78,-1.573
-0.568,-0.05
-2.172,-3.228
-0.045,-3.611
1.366,-1.816
1.377,-1.395
1.343,-2.862
1.345,0.31
1.138,-0.944
1.185,-2.359
0.99,-1.841
1.087,-1.787
0.941,0.032
1.049,-3.233
0.896,0.295
0.906,0.486
0.875,-1.272
0.973,-0.928
0.818,-0.177
0.797,-2.88
0.763,-2.715
0.703,-1.403
0.765,-0.664
0.69,0.311
0.627,-0.353
0.589,0.354
0.364,-1.599
0.342,0.112
0.31,-0.033
0.421,-2.592
0.251,-0.009
0.381,-0.6
0.196,-2.918
0.285,-2.188
0.226,-3.257
0.135,-2.398
0.086,-1.77
0.066,-1.459
-0.203,-0.581
-0.085,-2.31
-0.119,-1.084
-0.145,-0.762
-0.183,-0.583
-0.228,0.011
-0.239,-0.93
-0.371,0.365
-0.279,-1.704
-0.631,0.088
-0.655,-0.024
-0.566,-1.594
-0.731,-2.766
-0.733,-1.69
-0.818,-0.593
-0.699,0.147
-0.864,-2.222
-0.764,-2.574
-0.909,0.019
-0.877,-1.011
-1.084,-1.096
-1.116,-2.802
-1.151,-2.794
-1.374,-2.439
-1.393,-1.877
-1.565,-1.46
-1.583,-0.597
-1.633,-2.65
-1.522,-0.67
-1.671,-1.937
-1.676,-2.346
-1.703,-1.854
-1.85,-1.403
-1.914,-2.597
-2.018,-1.926
-2.065,-1.415
-2.091,-2.242
-2.103,-2.631
-2.122,-2.144
-2.246,-0.937
-2.443,0.134
-2.467,-1.127
-2.515,-0.003
-2.406,-0.616
-2.549,0.171
-2.593,-0.259
-2.7,-0.587
-2.576,-0.903
-2.697,-2.675
-2.732,-1.487
-2.972,-2.125
-3.005,-1.546
-3.129,-1.614
-3.049,-0.086
3.059,-0.61
2.906,-2.651
2.809,-1.018
2.859,-2.436
2.704,-0.163
2.762,-2.669
2.563,-2.87
2.46,-0.449
2.55,-0.931
2.344,-0.517
2.355,-1.602
2.196,-0.416
2.07,-2.225
2.077,-0.948
2.128,-1.002
2.126,-2.428
1.787,-0.577
1.874,-3.181
1.693,-1.302
1.718,-1.781
1.495,-0.135
1.137,-3.749
0.452,-3.55
-0.632,-3.654
-0.612,-3.536
-1.207,-3.572
-1.431,-3.653
-2.265,-3.699
-3.017,-3.819
2.818,-3.563
2.283,-3.625
-0.935,0.239
-1.889,0.531
-2.598,0.537
2.248,0.266
1.349,-2.578
1.004,-1.358
0.305,-2.579
-0.47,-1.955
-0.692,-2.574
-1.041,-2.548
-2.815,-2.603
2.854,-1.34
0.638,-2.181
-1.338,-1.122
3.011,-1.929
2.696,-2.815
2.591,-2.401
2.151,-2.81
1.953,-2.762
1.885,-1.994
0.347,-2.04
-0.649,-0.351
2.229,-1.422
0.781,-3.291
0.471,-3.342
-0.041,-3.503
-1.416,-3.547
-2.005,-3.389
-2.334,-3.453
-2.491,-3.533
-2.548,-3.46
2.379,-3.522
2.192,-3.523
0.467,-3.744
-1.36,-3.917
-1.816,-3.778
-2.517,-3.974
-1.604,-3.178
0.523,-3.561
1.934,-1.766
1.945,-1.345
1.911,-2.812
1.913,0.36
1.706,-0.894
1.753,-2.309
1.558,-1.791
1.655,-1.737
1.509,0.082
1.617,-3.183
1.464,0.345
1.474,0.536
1.443,-1.222
1.541,-0.878
1.386,-0.127
1.365,-2.83
1.331,-2.665
1.271,-1.353
1.333,-0.614
1.258,0.361
1.195,-0.303
1.157,0.404
0.932,-1.549
0.91,0.162
0.878,0.017
0.989,-2.542
0.819,0.041
0.949,-0.55
0.764,-2.868
0.853,-2.138
0.794,-3.207
0.703,-2.348
0.654,-1.72
0.634,-1.409
0.365,-0.531
0.483,-2.26
0.449,-1.034
0.423,-0.712
0.385,-0.533
0.34,0.061
0.329,-0.88
0.197,0.415
0.289,-1.654
-0.063,0.138
-0.087,0.026
0.002,-1.544
-0.163,-2.716
-0.165,-1.64
-0.25,-0.543
-0.131,0.197
-0.296,-2.172
-0.196,-2.524
-0.341,0.069
-0.309,-0.961
-0.516,-1.046
-0.548,-2.752
-0.583,-2.744
-0.806,-2.389
-0.825,-1.827
-0.997,-1.41
-1.015,-0.547
-1.065,-2.6
-0.954,-0.62
-1.103,-1.887
-1.108,-2.296
-1.135,-1.804
-1.282,-1.353
-1.346,-2.547
-1.45,-1.876
-1.497,-1.365
-1.523,-2.192
-1.535,-2.581
-1.554,-2.094
-1.678,-0.887
-1.875,0.184
-1.899,-1.077
-1.947,0.047
-1.838,-0.566
-1.981,0.221
-2.025,-0.209
-2.132,-0.537
-2.008,-0.853
-2.129,-2.625
-2.164,-1.437
-2.404,-2.075
-2.437,-1.496
-2.561,-1.564
-2.481,-0.036
-2.656,-0.56
-2.809,-2.601
-2.906,-0.968
-2.856,-2.386
-3.011,-0.113
-2.953,-2.619
3.131,-2.82
3.028,-0.399
3.118,-0.881
2.912,-0.467
2.923,-1.552
2.764,-0.366
2.638,-2.175
2.645,-0.898
2.696,-0.952
2.694,-2.378
2.355,-0.527
2.442,-3.131
2.261,-1.252
2.286,-1.731
2.063,-0.085
1.705,-3.699
1.02,-3.5
-0.064,-3.604
-0.044,-3.486
-0.639,-3.522
-0.863,-3.603
-1.697,-3.649
-2.449,-3.769
-2.897,-3.513
2.851,-3.575
-0.367,0.289
-1.321,0.581
-2.03,0.587
2.816,0.316
1.917,-2.528
1.572,-1.308
0.873,-2.529
0.098,-1.905
-0.124,-2.524
-0.473,-2.498
-2.247,-2.553
-2.861,-1.29
1.206,-2.131
-0.77,-1.072
-2.704,-1.879
-3.019,-2.765
-3.124,-2.351
2.719,-2.76
2.521,-2.712
2.453,-1.944
0.915,-1.99
-0.081,-0.301
2.797,-1.372
1.349,-3.241
1.039,-3.292
0.527,-3.453
-0.848,-3.497
-1.437,-3.339
-1.766,-3.403
-1.923,-3.483
-1.98,-3.41
2.947,-3.472
2.76,-3.473
1.035,-3.694
-0.792,-3.867
-1.248,-3.728
-1.949,-3.924
2.127,-0.383
-2.745,1.412
-2.734,1.833
-2.768,0.366
-2.766,3.538
-2.973,2.284
-2.926,0.869
-3.121,1.387
-3.024,1.441
3.113,3.26
-3.062,-0.005
3.068,3.523
3.078,3.714
3.047,1.956
-3.138,2.3
2.99,3.051
2.969,0.348
2.935,0.513
2.875,1.825
2.937,2.564
2.862,3.539
2.799,2.875
2.761,3.582
2.536,1.629
2.514,3.34
2.482,3.195
2.593,0.636
2.423,3.219
2.553,2.628
2.368,0.31
2.457,1.04
2.398,-0.029
2.307,0.83
2.258,1.458
2.238,1.769
1.969,2.647
2.087,0.918
2.053,2.144
2.027,2.466
1.989,2.645
1.944,3.239
1.933,2.298
1.801,3.593
1.893,1.524
1.541,3.316
1.517,3.204
1.606,1.634
1.441,0.462
1.439,1.538
1.354,2.635
1.473,3.375
1.308,1.006
1.408,0.654
1.263,3.247
1.295,2.217
1.088,2.132
1.056,0.426
1.021,0.434
0.798,0.789
0.779,1.351
0.607,1.768
0.589,2.631
0.539,0.578
0.65,2.558
0.501,1.291
0.496,0.882
0.469,1.374
0.322,1.825
0.258,0.631
0.154,1.302
0.107,1.813
0.081,0.986
0.069,0.597
0.05,1.084
-0.074,2.291
-0.271,3.362
-0.295,2.101
-0.343,3.225
-0.234,2.612
-0.377,3.399
-0.421,2.969
-0.528,2.641
-0.404,2.325
-0.525,0.553
-0.56,1.741
-0.8,1.103
-0.833,1.682
-0.957,1.614
-0.877,3.142
-1.052,2.618
-1.205,0.577
-1.302,2.21
-1.252,0.792
-1.407,3.065
-1.349,0.559
-1.548,0.358
-1.651,2.779
-1.561,2.297
-1.767,2.711
-1.756,1.626
-1.915,2.812
-2.041,1.003
-2.034,2.28
-1.983,2.226
-1.985,0.8
-2.324,2.651
-2.237,0.047
-2.418,1.926
-2.393,1.447
-2.616,3.093
-2.974,-0.521
2.624,-0.322
1.54,-0.426
1.56,-0.308
0.965,-0.344
0.741,-0.425
-0.093,-0.471
-0.845,-0.591
-1.293,-0.335
-1.828,-0.397
1.237,3.467
0.283,3.759
-0.426,3.765
-1.863,3.494
-2.762,0.65
-3.107,1.87
2.477,0.649
1.702,1.273
1.48,0.654
1.131,0.68
-0.643,0.625
-1.257,1.888
2.81,1.047
0.834,2.106
-1.1,1.299
-1.415,0.413
-1.52,0.827
-1.96,0.418
-2.158,0.466
-2.226,1.234
2.519,1.188
1.523,2.877
-1.882,1.806
2.953,-0.063
2.643,-0.114
2.131,-0.275
0.756,-0.319
0.167,-0.161
-0.162,-0.225
-0.319,-0.305
-0.376,-0.232
-1.732,-0.294
-1.919,-0.295
2.639,-0.516
0.812,-0.689
0.356,-0.55
-0.345,-0.746
1.411,1.795
1.422,2.216
1.388,0.749
1.39,3.921
1.183,2.667
1.23,1.252
1.035,1.77
1.132,1.824
0.986,3.643
1.094,0.378
0.941,3.906
0.951,4.097
0.92,2.339
1.018,2.683
0.863,3.434
0.842,0.731
0.808,0.896
0.748,2.208
0.81,2.947
0.735,3.922
0.672,3.258
0.634,3.965
0.409,2.012
0.387,3.723
0.355,3.578
0.466,1.019
0.296,3.602
0.426,3.011
0.241,0.693
0.33,1.423
0.271,0.354
0.18,1.213
0.131,1.841
0.111,2.152
-0.158,3.03
-0.04,1.301
-0.074,2.527
-0.1,2.849
-0.138,3.028
-0.183,3.622
-0.194,2.681
-0.326,3.976
-0.234,1.907
-0.586,3.699
-0.61,3.587
-0.521,2.017
-0.686,0.845
-0.688,1.921
-0.773,3.018
-0.654,3.758
-0.819,1.389
-0.719,1.037
-0.864,3.63
-0.832,2.6
-1.039,2.515
-1.071,0.809
-1.106,0.817
-1.329,1.172
-1.348,1.734
-1.52,2.151
-1.538,3.014
-1.588,0.961
-1.477,2.941
-1.626,1.674
-1.631,1.265
-1.658,1.757
-1.805,2.208
-1.869,1.014
-1.973,1.685
-2.02,2.196
-2.046,1.369
-2.058,0.98
-2.077,1.467
-2.201,2.674
-2.398,3.745
-2.422,2.484
-2.47,3.608
-2.361,2.995
-2.504,3.782
-2.548,3.352
-2.655,3.024
-2.531,2.708
-2.652,0.936
-2.687,2.124
-2.927,1.486
-2.96,2.065
-3.084,1.997
-3.004,3.525
3.104,3.001
2.951,0.96
2.854,2.593
2.904,1.175
2.749,3.448
2.807,0.942
2.608,0.741
2.505,3.162
2.595,2.68
2.389,3.094
2.4,2.009
2.241,3.195
2.115,1.386
2.122,2.663
2.173,2.609
2.171,1.183
1.832,3.034
1.919,0.43
1.738,2.309
1.763,1.83
1.54,3.476
1.182,-0.138
0.497,0.061
-0.587,-0.043
-0.567,0.075
-1.162,0.039
-1.386,-0.042
-2.22,-0.088
-2.972,-0.208
2.863,0.048
2.328,-0.014
-0.89,3.85
-1.844,4.142
-2.553,4.148
2.293,3.877
1.394,1.033
1.049,2.253
0.35,1.032
-0.425,1.656
-0.647,1.037
-0.996,1.063
-2.77,1.008
2.899,2.271
0.683,1.43
-1.293,2.489
3.056,1.682
2.741,0.796
2.636,1.21
2.196,0.801
1.998,0.849
1.93,1.617
0.392,1.571
-0.604,3.26
2.274,2.189
0.826,0.32
0.516,0.269
0.004,0.108
-1.371,0.064
-1.96,0.222
-2.289,0.158
-2.446,0.078
-2.503,0.151
2.424,0.089
2.237,0.088
0.512,-0.133
-1.315,-0.306
-1.771,-0.167
-2.472,-0.363
0.011,0.421
-0.023,-1.046
-0.021,2.126
-0.228,0.872
-0.181,-0.543
-0.376,-0.025
-0.279,0.029
-0.425,1.848
-0.317,-1.417
-0.47,2.111
-0.46,2.302
-0.491,0.544
-0.393,0.888
-0.548,1.639
-0.569,-1.064
-0.603,-0.899
-0.663,0.413
-0.601,1.152
-0.676,2.127
-0.739,1.463
-0.777,2.17
-1.002,0.217
-1.024,1.928
-1.056,1.783
-0.945,-0.776
-1.115,1.807
-0.985,1.216
-1.17,-1.102
-1.081,-0.372
-1.14,-1.441
-1.231,-0.582
-1.28,0.046
-1.3,0.357
-1.569,1.235
-1.451,-0.494
-1.485,0.732
-1.511,1.054
-1.549,1.233
-1.594,1.827
-1.605,0.886
-1.737,2.181
-1.645,0.112
-1.997,1.904
-2.021,1.792
-1.932,0.222
-2.097,-0.95
-2.099,0.126
-2.184,1.223
-2.065,1.963
-2.23,-0.406
-2.13,-0.758
-2.275,1.835
-2.243,0.805
-2.45,0.72
-2.482,-0.986
-2.517,-0.978
-2.74,-0.623
-2.759,-0.061
-2.931,0.356
-2.949,1.219
-2.999,-0.834
-2.888,1.146
-3.037,-0.121
-3.042,-0.53
-3.069,-0.038
3.067,0.413
3.003,-0.781
2.899,-0.11
2.852,0.401
2.826,-0.426
2.814,-0.815
2.795,-0.328
2.671,0.879
2.474,1.95
2.45,0.689
2.402,1.813
2.511,1.2
2.368,1.987
2.324,1.557
2.217,1.229
2.341,0.913
2.22,-0.859
2.185,0.329
1.945,-0.309
1.912,0.27
1.788,0.202
1.868,1.73
1.693,1.206
1.54,-0.835
1.443,0.798
1.493,-0.62
1.338,1.653
1.396,-0.853
1.197,-1.054
1.094,1.367
1.184,0.885
0.978,1.299
0.989,0.214
0.83,1.4
0.704,-0.409
0.711,0.868
0.762,0.814
0.76,-0.612
0.421,1.239
0.508,-1.365
0.327,0.514
0.352,0.035
0.129,1.681
-0.229,-1.933
-0.914,-1.734
-1.998,-1.838
-1.978,-1.72
-2.573,-1.756
-2.797,-1.837
2.652,-1.883
1.9,-2.003
1.452,-1.747
0.917,-1.809
-2.301,2.055
3.028,2.347
2.319,2.353
0.882,2.082
-0.017,-0.762
-0.362,0.458
-1.061,-0.763
-1.836,-0.139
-2.058,-0.758
-2.407,-0.732
2.102,-0.787
1.488,0.476
-0.728,-0.365
-2.704,0.694
1.645,-0.113
1.33,-0.999
1.225,-0.585
0.785,-0.994
0.587,-0.946
0.519,-0.178
-1.019,-0.224
-2.015,1.465
0.863,0.394
-0.585,-1.475
-0.895,-1.526
-1.407,-1.687
-2.782,-1.731
2.912,-1.573
2.583,-1.637
2.426,-1.717
2.369,-1.644
1.013,-1.706
0.826,-1.707
-0.899,-1.928
-2.726,-2.101
3.101,-1.962
2.4,-2.158
-0.034,-1.467
-0.032,1.705
-0.239,0.451
-0.192,-0.964
-0.387,-0.446
-0.29,-0.392
-0.436,1.427
-0.328,-1.838
-0.481,1.69
-0.471,1.881
-0.502,0.123
-0.404,0.467
-0.559,1.218
-0.58,-1.485
-0.614,-1.32
-0.674,-0.008
-0.612,0.731
-0.687,1.706
-0.75,1.042
-0.788,1.749
-1.013,-0.204
-1.035,1.507
-1.067,1.362
-0.956,-1.197
-1.126,1.386
-0.996,0.795
-1.181,-1.523
-1.092,-0.793
-1.151,-1.862
-1.242,-1.003
-1.291,-0.375
-1.311,-0.064
-1.58,0.814
-1.462,-0.915
-1.496,0.311
-1.522,0.633
-1.56,0.812
-1.605,1.406
-1.616,0.465
-1.748,1.76
-1.656,-0.309
-2.008,1.483
-2.032,1.371
-1.943,-0.199
-2.108,-1.371
-2.11,-0.295
-2.195,0.802
-2.076,1.542
-2.241,-0.827
-2.141,-1.179
-2.286,1.414
-2.254,0.384
-2.461,0.299
-2.493,-1.407
-2.528,-1.399
-2.751,-1.044
-2.77,-0.482
-2.942,-0.065
-2.96,0.798
-3.01,-1.255
-2.899,0.725
-3.048,-0.542
-3.053,-0.951
-3.08,-0.459
3.056,-0.008
2.992,-1.202
2.888,-0.531
2.841,-0.02
2.815,-0.847
2.803,-1.236
2.784,-0.749
2.66,0.458
2.463,1.529
2.439,0.268
2.391,1.392
2.5,0.779
2.357,1.566
2.313,1.136
2.206,0.808
2.33,0.492
2.209,-1.28
2.174,-0.092
1.934,-0.73
1.901,-0.151
1.777,-0.219
1.857,1.309
1.682,0.785
1.529,-1.256
1.432,0.377
1.482,-1.041
1.327,1.232
1.385,-1.274
1.186,-1.475
1.083,0.946
1.173,0.464
0.967,0.878
0.978,-0.207
0.819,0.979
0.693,-0.83
0.7,0.447
0.751,0.393
0.749,-1.033
0.41,0.818
0.497,-1.786
0.316,0.093
0.341,-0.386
0.118,1.26
-0.24,-2.354
-0.925,-2.155
-2.009,-2.259
-1.989,-2.141
-2.584,-2.177
-2.808,-2.258
2.641,-2.304
1.889,-2.424
1.441,-2.168
0.906,-2.23
-2.312,1.634
3.017,1.926
2.308,1.932
0.871,1.661
-0.028,-1.183
-0.373,0.037
-1.072,-1.184
-1.847,-0.56
-2.069,-1.179
-2.418,-1.153
2.091,-1.208
1.477,0.055
-0.739,-0.786
-2.715,0.273
1.634,-0.534
1.319,-1.42
1.214,-1.006
0.774,-1.415
0.576,-1.367
0.508,-0.599
-1.03,-0.645
-2.026,1.044
0.852,-0.027
-0.596,-1.896
-0.906,-1.947
-1.418,-2.108
-2.793,-2.152
2.901,-1.994
2.572,-2.058
2.415,-2.138
2.358,-2.065
1.002,-2.127
0.815,-2.128
-0.91,-2.349
-2.737,-2.522
3.09,-2.383
2.389,-2.579
0.002,3.172
-0.205,1.918
-0.158,0.503
-0.353,1.021
-0.256,1.075
-0.402,2.894
-0.294,-0.371
-0.447,3.157
-0.437,3.348
-0.468,1.59
-0.37,1.934
-0.525,2.685
-0.546,-0.018
-0.58,0.147
-0.64,1.459
-0.578,2.198
-0.653,3.173
-0.716,2.509
-0.754,3.216
-0.979,1.263
-1.001,2.974
-1.033,2.829
-0.922,0.27
-1.092,2.853
-0.962,2.262
-1.147,-0.056
-1.058,0.674
-1.117,-0.395
-1.208,0.464
-1.257,1.092
-1.277,1.403
-1.546,2.281
-1.428,0.552
-1.462,1.778
-1.488,2.1
-1.526,2.279
-1.571,2.873
-1.582,1.932
-1.714,3.227
-1.622,1.158
-1.974,2.95
-1.998,2.838
-1.909,1.268
-2.074,0.096
-2.076,1.172
-2.161,2.269
-2.042,3.009
-2.207,0.64
-2.107,0.288
-2.252,2.881
-2.22,1.851
-2.427,1.766
-2.459,0.06
-2.494,0.068
-2.717,0.423
-2.736,0.985
-2.908,1.402
-2.926,2.265
-2.976,0.212
-2.865,2.192
-3.014,0.925
-3.019,0.516
-3.046,1.008
3.09,1.459
3.026,0.265
2.922,0.936
2.875,1.447
2.849,0.62
2.837,0.231
2.818,0.718
2.694,1.925
2.497,2.996
2.473,1.735
2.425,2.859
2.534,2.246
2.391,3.033
2.347,2.603
2.24,2.275
2.364,1.959
2.243,0.187
2.208,1.375
1.968,0.737
1.935,1.316
1.811,1.248
1.891,2.776
1.716,2.252
1.563,0.211
1.466,1.844
1.516,0.426
1.361,2.699
1.419,0.193
1.22,-0.008
1.117,2.413
1.207,1.931
1.001,2.345
1.012,1.26
0.853,2.446
0.727,0.637
0.734,1.914
0.785,1.86
0.783,0.434
0.444,2.285
0.531,-0.319
0.35,1.56
0.375,1.081
0.152,2.727
-0.206,-0.887
-0.891,-0.688
-1.975,-0.792
-1.955,-0.674
-2.55,-0.71
-2.774,-0.791
2.675,-0.837
1.923,-0.957
1.475,-0.701
0.94,-0.763
-2.278,3.101
3.051,3.393
2.342,3.399
0.905,3.128
0.006,0.284
-0.339,1.504
-1.038,0.283
-1.813,0.907
-2.035,0.288
-2.384,0.314
2.125,0.259
1.511,1.522
-0.705,0.681
-2.681,1.74
1.668,0.933
1.353,0.047
1.248,0.461
0.808,0.052
0.61,0.1
0.542,0.868
-0.996,0.822
-1.992,2.511
0.886,1.44
-0.562,-0.429
-0.872,-0.48
-1.384,-0.641
-2.759,-0.685
2.935,-0.527
2.606,-0.591
2.449,-0.671
2.392,-0.598
1.036,-0.66
0.849,-0.661
-0.876,-0.882
-2.703,-1.055
3.124,-0.916
2.423,-1.112
-0.207,-1.254
-0.16,-2.669
-0.355,-2.151
-0.258,-2.097
-0.404,-0.278
-0.296,-3.543
-0.449,-0.015
-0.439,0.176
-0.47,-1.582
-0.372,-1.238
-0.527,-0.487
-0.548,-3.19
-0.582,-3.025
-0.642,-1.713
-0.58,-0.974
-0.655,0.001
-0.718,-0.663
-0.756,0.044
-0.981,-1.909
-1.003,-0.198
-1.035,-0.343
-0.924,-2.902
-1.094,-0.319
-0.964,-0.91
-1.149,-3.228
-1.06,-2.498
-1.119,-3.567
-1.21,-2.708
-1.259,-2.08
-1.279,-1.769
-1.548,-0.891
-1.43,-2.62
-1.464,-1.394
-1.49,-1.072
-1.528,-0.893
-1.573,-0.299
-1.584,-1.24
-1.716,0.055
-1.624,-2.014
-1.976,-0.222
-2.0,-0.334
-1.911,-1.904
-2.076,-3.076
-2.078,-2.0
-2.163,-0.903
-2.044,-0.163
-2.209,-2.532
-2.109,-2.884
-2.254,-0.291
-2.222,-1.321
-2.429,-1.406
-2.461,-3.112
-2.496,-3.104
-2.719,-2.749
-2.738,-2.187
-2.91,-1.77
-2.928,-0.907
-2.978,-2.96
-2.867,-0.98
-3.016,-2.247
-3.021,-2.656
-3.048,-2.164
3.088,-1.713
3.024,-2.907
2.92,-2.236
2.873,-1.725
2.847,-2.552
2.835,-2.941
2.816,-2.454
2.692,-1.247
2.495,-0.176
2.471,-1.437
2.423,-0.313
2.532,-0.926
2.389,-0.139
2.345,-0.569
2.238,-0.897
2.362,-1.213
2.241,-2.985
2.206,-1.797
1.966,-2.435
1.933,-1.856
1.809,-1.924
1.889,-0.396
1.714,-0.92
1.561,-2.961
1.464,-1.328
1.514,-2.746
1.359,-0.473
1.417,-2.979
1.218,-3.18
1.115,-0.759
1.205,-1.241
0.999,-0.827
1.01,-1.912
0.851,-0.726
0.725,-2.535
0.732,-1.258
0.783,-1.312
0.781,-2.738
0.442,-0.887
0.529,-3.491
0.348,-1.612
0.373,-2.091
0.15,-0.445
-0.208,-4.059
-0.893,-3.86
-1.977,-3.964
-1.957,-3.846
-2.552,-3.882
-2.776,-3.963
2.673,-4.009
1.921,-4.129
1.473,-3.873
0.938,-3.935
-2.28,-0.071
3.049,0.221
2.34,0.227
0.903,-0.044
0.004,-2.888
-0.341,-1.668
-1.04,-2.889
-1.815,-2.265
-2.037,-2.884
-2.386,-2.858
2.123,-2.913
1.509,-1.65
-0.707,-2.491
-2.683,-1.432
1.666,-2.239
1.351,-3.125
1.246,-2.711
0.806,-3.12
0.608,-3.072
0.54,-2.304
-0.998,-2.35
-1.994,-0.661
0.884,-1.732
-0.564,-3.601
-0.874,-3.652
-1.386,-3.813
-2.761,-3.857
2.933,-3.699
2.604,-3.763
2.447,-3.843
2.39,-3.77
1.034,-3.832
0.847,-3.833
-0.878,-4.054
-2.705,-4.227
3.122,-4.088
2.421,-4.284
0.047,-1.415
-0.148,-0.897
-0.051,-0.843
-0.197,0.976
-0.089,-2.289
-0.242,1.239
-0.232,1.43
-0.263,-0.328
-0.165,0.016
-0.32,0.767
-0.341,-1.936
-0.375,-1.771
-0.435,-0.459
-0.373,0.28
-0.448,1.255
-0.511,0.591
-0.549,1.298
-0.774,-0.655
-0.796,1.056
-0.828,0.911
-0.717,-1.648
-0.887,0.935
-0.757,0.344
-0.942,-1.974
-0.853,-1.244
-0.912,-2.313
-1.003,-1.454
-1.052,-0.826
-1.072,-0.515
-1.341,0.363
-1.223,-1.366
-1.257,-0.14
-1.283,0.182
-1.321,0.361
-1.366,0.955
-1.377,0.014
-1.509,1.309
-1.417,-0.76
-1.769,1.032
-1.793,0.92
-1.704,-0.65
-1.869,-1.822
-1.871,-0.746
-1.956,0.351
-1.837,1.091
-2.002,-1.278
-1.902,-1.63
-2.047,0.963
-2.015,-0.067
-2.222,-0.152
-2.254,-1.858
-2.289,-1.85
-2.512,-1.495
-2.531,-0.933
-2.703,-0.516
-2.721,0.347
-2.771,-1.706
-2.66,0.274
-2.809,-0.993
-2.814,-1.402
-2.841,-0.91
-2.988,-0.459
-3.052,-1.653
3.127,-0.982
3.08,-0.471
3.054,-1.298
3.042,-1.687
3.023,-1.2
2.899,0.007
2.702,1.078
2.678,-0.183
2.63,0.941
2.739,0.328
2.596,1.115
2.552,0.685
2.445,0.357
2.569,0.041
2.448,-1.731
2.413,-0.543
2.173,-1.181
2.14,-0.602
2.016,-0.67
2.096,0.858
1.921,0.334
1.768,-1.707
1.671,-0.074
1.721,-1.492
1.566,0.781
1.624,-1.725
1.425,-1.926
1.322,0.495
1.412,0.013
1.206,0.427
1.217,-0.658
1.058,0.528
0.932,-1.281
0.939,-0.004
0.99,-0.058
0.988,-1.484
0.649,0.367
0.736,-2.237
0.555,-0.358
0.58,-0.837
0.357,0.809
-0.001,-2.805
-0.686,-2.606
-1.77,-2.71
-1.75,-2.592
-2.345,-2.628
-2.569,-2.709
2.88,-2.755
2.128,-2.875
1.68,-2.619
1.145,-2.681
-2.073,1.183
-3.027,1.475
2.547,1.481
1.11,1.21
0.211,-1.634
-0.134,-0.414
-0.833,-1.635
-1.608,-1.011
-1.83,-1.63
-2.179,-1.604
2.33,-1.659
1.716,-0.396
-0.5,-1.237
-2.476,-0.178
1.873,-0.985
1.558,-1.871
1.453,-1.457
1.013,-1.866
0.815,-1.818
0.747,-1.05
-0.791,-1.096
-1.787,0.593
1.091,-0.478
-0.357,-2.347
-0.667,-2.398
-1.179,-2.559
-2.554,-2.603
3.14,-2.445
2.811,-2.509
2.654,-2.589
2.597,-2.516
1.241,-2.578
1.054,-2.579
-0.671,-2.8
-2.498,-2.973
-2.954,-2.834
2.628,-3.03
-0.195,0.518
-0.098,0.572
-0.244,2.391
-0.136,-0.874
-0.289,2.654
-0.279,2.845
-0.31,1.087
-0.212,1.431
-0.367,2.182
-0.388,-0.521
-0.422,-0.356
-0.482,0.956
-0.42,1.695
-0.495,2.67
-0.558,2.006
-0.596,2.713
-0.821,0.76
-0.843,2.471
-0.875,2.326
-0.764,-0.233
-0.934,2.35
-0.804,1.759
-0.989,-0.559
-0.9,0.171
-0.959,-0.898
-1.05,-0.039
-1.099,0.589
-1.119,0.9
-1.388,1.778
-1.27,0.049
-1.304,1.275
-1.33,1.597
-1.368,1.776
-1.413,2.37
-1.424,1.429
-1.556,2.724
-1.464,0.655
-1.816,2.447
-1.84,2.335
-1.751,0.765
-1.916,-0.407
-1.918,0.669
-2.003,1.766
-1.884,2.506
-2.049,0.137
-1.949,-0.215
-2.094,2.378
-2.062,1.348
-2.269,1.263
-2.301,-0.443
-2.336,-0.435
-2.559,-0.08
-2.578,0.482
-2.75,0.899
-2.768,1.762
-2.818,-0.291
-2.707,1.689
-2.856,0.422
-2.861,0.013
-2.888,0.505
-3.035,0.956
-3.099,-0.238
3.08,0.433
3.033,0.944
3.007,0.117
2.995,-0.272
2.976,0.215
2.852,1.422
2.655,2.493
2.631,1.232
2.583,2.356
2.692,1.743
2.549,2.53
2.505,2.1
2.398,1.772
2.522,1.456
2.401,-0.316
2.366,0.872
2.126,0.234
2.093,0.813
1.969,0.745
2.049,2.273
1.874,1.749
1.721,-0.292
1.624,1.341
1.674,-0.077
1.519,2.196
1.577,-0.31
1.378,-0.511
1.275,1.91
1.365,1.428
1.159,1.842
1.17,0.757
1.011,1.943
0.885,0.134
0.892,1.411
0.943,1.357
0.941,-0.069
0.602,1.782
0.689,-0.822
0.508,1.057
0.533,0.578
0.31,2.224
-0.048,-1.39
-0.733,-1.191
-1.817,-1.295
-1.797,-1.177
-2.392,-1.213
-2.616,-1.294
2.833,-1.34
2.081,-1.46
1.633,-1.204
1.098,-1.266
-2.12,2.598
-3.074,2.89
2.5,2.896
1.063,2.625
0.164,-0.219
-0.181,1.001
-0.88,-0.22
-1.655,0.404
-1.877,-0.215
-2.226,-0.189
2.283,-0.244
1.669,1.019
-0.547,0.178
-2.523,1.237
1.826,0.43
1.511,-0.456
1.406,-0.042
0.966,-0.451
0.768,-0.403
0.7,0.365
-0.838,0.319
-1.834,2.008
1.044,0.937
-0.404,-0.932
-0.714,-0.983
-1.226,-1.144
-2.601,-1.188
3.093,-1.03
2.764,-1.094
2.607,-1.174
2.55,-1.101
1.194,-1.163
1.007,-1.164
-0.718,-1.385
-2.545,-1.558
-3.001,-1.419
2.581,-1.615
0.097,0.054
-0.049,1.873
0.059,-1.392
-0.094,2.136
-0.084,2.327
-0.115,0.569
-0.017,0.913
-0.172,1.664
-0.193,-1.039
-0.227,-0.874
-0.287,0.438
-0.225,1.177
-0.3,2.152
-0.363,1.488
-0.401,2.195
-0.626,0.242
-0.648,1.953
-0.68,1.808
-0.569,-0.751
-0.739,1.832
-0.609,1.241
-0.794,-1.077
-0.705,-0.347
-0.764,-1.416
-0.855,-0.557
-0.904,0.071
-0.924,0.382
-1.193,1.26
-1.075,-0.469
-1.109,0.757
-1.135,1.079
-1.173,1.258
-1.218,1.852
-1.229,0.911
-1.361,2.206
-1.269,0.137
-1.621,1.929
-1.645,1.817
-1.556,0.247
-1.721,-0.925
-1.723,0.151
-1.808,1.248
-1.689,1.988
-1.854,-0.381
-1.754,-0.733
-1.899,1.86
-1.867,0.83
-2.074,0.745
-2.106,-0.961
-2.141,-0.953
-2.364,-0.598
-2.383,-0.036
-2.555,0.381
-2.573,1.244
-2.623,-0.809
-2.512,1.171
-2.661,-0.096
-2.666,-0.505
-2.693,-0.013
-2.84,0.438
-2.904,-0.756
-3.008,-0.085
-3.055,0.426
-3.081,-0.401
-3.093,-0.79
-3.112,-0.303
3.047,0.904
2.85,1.975
2.826,0.714
2.778,1.838
2.887,1.225
2.744,2.012
2.7,1.582
2.593,1.254
2.717,0.938
2.596,-0.834
2.561,0.354
2.321,-0.284
2.288,0.295
2.164,0.227
2.244,1.755
2.069,1.231
1.916,-0.81
1.819,0.823
1.869,-0.595
1.714,1.678
1.772,-0.828
1.573,-1.029
1.47,1.392
1.56,0.91
1.354,1.324
1.365,0.239
1.206,1.425
1.08,-0.384
1.087,0.893
1.138,0.839
1.136,-0.587
0.797,1.264
0.884,-1.34
0.703,0.539
0.728,0.06
0.505,1.706
0.147,-1.908
-0.538,-1.709
-1.622,-1.813
-1.602,-1.695
-2.197,-1.731
-2.421,-1.812
3.028,-1.858
2.276,-1.978
1.828,-1.722
1.293,-1.784
-1.925,2.08
-2.879,2.372
2.695,2.378
1.258,2.107
0.359,-0.737
0.014,0.483
-0.685,-0.738
-1.46,-0.114
-1.682,-0.733
-2.031,-0.707
2.478,-0.762
1.864,0.501
-0.352,-0.34
-2.328,0.719
2.021,-0.088
1.706,-0.974
1.601,-0.56
1.161,-0.969
0.963,-0.921
0.895,-0.153
-0.643,-0.199
-1.639,1.49
1.239,0.419
-0.209,-1.45
-0.519,-1.501
-1.031,-1.662
-2.406,-1.706
-2.995,-1.548
2.959,-1.612
2.802,-1.692
2.745,-1.619
1.389,-1.681
1.202,-1.682
-0.523,-1.903
-2.35,-2.076
-2.806,-1.937
2.776,-2.133
-0.146,1.819
-0.038,-1.446
-0.191,2.082
-0.181,2.273
-0.212,0.515
-0.114,0.859
-0.269,1.61
-0.29,-1.093
-0.324,-0.928
-0.384,0.384
-0.322,1.123
-0.397,2.098
-0.46,1.434
-0.498,2.141
-0.723,0.188
-0.745,1.899
-0.777,1.754
-0.666,-0.805
-0.836,1.778
-0.706,1.187
-0.891,-1.131
-0.802,-0.401
-0.861,-1.47
-0.952,-0.611
-1.001,0.017
-1.021,0.328
-1.29,1.206
-1.172,-0.523
-1.206,0.703
-1.232,1.025
-1.27,1.204
-1.315,1.798
-1.326,0.857
-1.458,2.152
-1.366,0.083
-1.718,1.875
-1.742,1.763
-1.653,0.193
-1.818,-0.979
-1.82,0.097
-1.905,1.194
-1.786,1.934
-1.951,-0.435
-1.851,-0.787
-1.996,1.806
-1.964,0.776
-2.171,0.691
-2.203,-1.015
-2.238,-1.007
-2.461,-0.652
-2.48,-0.09
-2.652,0.327
-2.67,1.19
-2.72,-0.863
-2.609,1.117
-2.758,-0.15
-2.763,-0.559
-2.79,-0.067
-2.937,0.384
-3.001,-0.81
-3.105,-0.139
3.131,0.372
3.105,-0.455
3.093,-0.844
3.074,-0.357
2.95,0.85
2.753,1.921
2.729,0.66
2.681,1.784
2.79,1.171
2.647,1.958
2.603,1.528
2.496,1.2
2.62,0.884
2.499,-0.888
2.464,0.3
2.224,-0.338
2.191,0.241
2.067,0.173
2.147,1.701
1.972,1.177
1.819,-0.864
1.722,0.769
1.772,-0.649
1.617,1.624
1.675,-0.882
1.476,-1.083
1.373,1.338
1.463,0.856
1.257,1.27
1.268,0.185
1.109,1.371
0.983,-0.438
0.99,0.839
1.041,0.785
1.039,-0.641
0.7,1.21
0.787,-1.394
0.606,0.485
0.631,0.006
0.408,1.652
0.05,-1.962
-0.635,-1.763
-1.719,-1.867
-1.699,-1.749
-2.294,-1.785
-2.518,-1.866
2.931,-1.912
2.179,-2.032
1.731,-1.776
1.196,-1.838
-2.022,2.026
-2.976,2.318
2.598,2.324
1.161,2.053
0.262,-0.791
-0.083,0.429
-0.782,-0.792
-1.557,-0.168
-1.779,-0.787
-2.128,-0.761
2.381,-0.816
1.767,0.447
-0.449,-0.394
-2.425,0.665
1.924,-0.142
1.609,-1.028
1.504,-0.614
1.064,-1.023
0.866,-0.975
0.798,-0.207
-0.74,-0.253
-1.736,1.436
1.142,0.365
-0.306,-1.504
-0.616,-1.555
-1.128,-1.716
-2.503,-1.76
-3.092,-1.602
2.862,-1.666
2.705,-1.746
2.648,-1.673
1.292,-1.735
1.105,-1.736
-0.62,-1.957
-2.447,-2.13
-2.903,-1.991
2.679,-2.187
0.108,-3.265
-0.045,0.263
-0.035,0.454
-0.066,-1.304
0.032,-0.96
-0.123,-0.209
-0.144,-2.912
-0.178,-2.747
-0.238,-1.435
-0.176,-0.696
-0.251,0.279
-0.314,-0.385
-0.352,0.322
-0.577,-1.631
-0.599,0.08
-0.631,-0.065
-0.52,-2.624
-0.69,-0.041
-0.56,-0.632
-0.745,-2.95
-0.656,-2.22
-0.715,-3.289
-0.806,-2.43
-0.855,-1.802
-0.875,-1.491
-1.144,-0.613
-1.026,-2.342
-1.06,-1.116
-1.086,-0.794
-1.124,-0.615
-1.169,-0.021
-1.18,-0.962
-1.312,0.333
-1.22,-1.736
-1.572,0.056
-1.596,-0.056
-1.507,-1.626
-1.672,-2.798
-1.674,-1.722
-1.759,-0.625
-1.64,0.115
-1.805,-2.254
-1.705,-2.606
-1.85,-0.013
-1.818,-1.043
-2.025,-1.128
-2.057,-2.834
-2.092,-2.826
-2.315,-2.471
-2.334,-1.909
-2.506,-1.492
-2.524,-0.629
-2.574,-2.682
-2.463,-0.702
-2.612,-1.969
-2.617,-2.378
-2.644,-1.886
-2.791,-1.435
-2.855,-2.629
-2.959,-1.958
-3.006,-1.447
-3.032,-2.274
-3.044,-2.663
-3.063,-2.176
3.096,-0.969
2.899,0.102
2.875,-1.159
2.827,-0.035
2.936,-0.648
2.793,0.139
2.749,-0.291
2.642,-0.619
2.766,-0.935
2.645,-2.707
2.61,-1.519
2.37,-2.157
2.337,-1.578
2.213,-1.646
2.293,-0.118
2.118,-0.642
1.965,-2.683
1.868,-1.05
1.918,-2.468
1.763,-0.195
1.821,-2.701
1.622,-2.902
1.519,-0.481
1.609,-0.963
1.403,-0.549
1.414,-1.634
1.255,-0.448
1.129,-2.257
1.136,-0.98
1.187,-1.034
1.185,-2.46
0.846,-0.609
0.933,-3.213
0.752,-1.334
0.777,-1.813
0.554,-0.167
0.196,-3.781
-0.489,-3.582
-1.573,-3.686
-1.553,-3.568
-2.148,-3.604
-2.372,-3.685
3.077,-3.731
2.325,-3.851
1.877,-3.595
1.342,-3.657
-1.876,0.207
-2.83,0.499
2.744,0.505
1.307,0.234
0.408,-2.61
0.063,-1.39
-0.636,-2.611
-1.411,-1.987
-1.633,-2.606
-1.982,-2.58
2.527,-2.635
1.913,-1.372
-0.303,-2.213
-2.279,-1.154
2.07,-1.961
1.755,-2.847
1.65,-2.433
1.21,-2.842
1.012,-2.794
0.944,-2.026
-0.594,-2.072
-1.59,-0.383
1.288,-1.454
-0.16,-3.323
-0.47,-3.374
-0.982,-3.535
-2.357,-3.579
-2.946,-3.421
3.008,-3.485
2.851,-3.565
2.794,-3.492
1.438,-3.554
1.251,-3.555
-0.474,-3.776
-2.301,-3.949
-2.757,-3.81
2.825,-4.006
-0.153,3.528
-0.143,3.719
-0.174,1.961
-0.076,2.305
-0.231,3.056
-0.252,0.353
-0.286,0.518
-0.346,1.83
-0.284,2.569
-0.359,3.544
-0.422,2.88
-0.46,3.587
-0.685,1.634
-0.707,3.345
-0.739,3.2
-0.628,0.641
-0.798,3.224
-0.668,2.633
-0.853,0.315
-0.764,1.045
-0.823,-0.024
-0.914,0.835
-0.963,1.463
-0.983,1.774
-1.252,2.652
-1.134,0.923
-1.168,2.149
-1.194,2.471
-1.232,2.65
-1.277,3.244
-1.288,2.303
-1.42,3.598
-1.328,1.529
-1.68,3.321
-1.704,3.209
-1.615,1.639
-1.78,0.467
-1.782,1.543
-1.867,2.64
-1.748,3.38
-1.913,1.011
-1.813,0.659
-1.958,3.252
-1.926,2.222
-2.133,2.137
-2.165,0.431
-2.2,0.439
-2.423,0.794
-2.442,1.356
-2.614,1.773
-2.632,2.636
-2.682,0.583
-2.571,2.563
-2.72,1.296
-2.725,0.887
-2.752,1.379
-2.899,1.83
-2.963,0.636
-3.067,1.307
-3.114,1.818
-3.14,0.991
3.131,0.602
3.112,1.089
2.988,2.296
2.791,3.367
2.767,2.106
2.719,3.23
2.828,2.617
2.685,3.404
2.641,2.974
2.534,2.646
2.658,2.33
2.537,0.558
2.502,1.746
2.262,1.108
2.229,1.687
2.105,1.619
2.185,3.147
2.01,2.623
1.857,0.582
1.76,2.215
1.81,0.797
1.655,3.07
1.713,0.564
1.514,0.363
1.411,2.784
1.501,2.302
1.295,2.716
1.306,1.631
1.147,2.817
1.021,1.008
1.028,2.285
1.079,2.231
1.077,0.805
0.738,2.656
0.825,0.052
0.644,1.931
0.669,1.452
0.446,3.098
0.088,-0.516
-0.597,-0.317
-1.681,-0.421
-1.661,-0.303
-2.256,-0.339
-2.48,-0.42
2.969,-0.466
2.217,-0.586
1.769,-0.33
1.234,-0.392
-1.984,3.472
-2.938,3.764
2.636,3.77
1.199,3.499
0.3,0.655
-0.045,1.875
-0.744,0.654
-1.519,1.278
-1.741,0.659
-2.09,0.685
2.419,0.63
1.805,1.893
-0.411,1.052
-2.387,2.111
1.962,1.304
1.647,0.418
1.542,0.832
1.102,0.423
0.904,0.471
0.836,1.239
-0.702,1.193
-1.698,2.882
1.18,1.811
-0.268,-0.058
-0.578,-0.109
-1.09,-0.27
-2.465,-0.314
-3.054,-0.156
2.9,-0.22
2.743,-0.3
2.686,-0.227
1.33,-0.289
1.143,-0.29
-0.582,-0.511
-2.409,-0.684
-2.865,-0.545
2.717,-0.741
0.01,0.191
-0.021,-1.567
0.077,-1.223
-0.078,-0.472
-0.099,-3.175
-0.133,-3.01
-0.193,-1.698
-0.131,-0.959
-0.206,0.016
-0.269,-0.648
-0.307,0.059
-0.532,-1.894
-0.554,-0.183
-0.586,-0.328
-0.475,-2.887
-0.645,-0.304
-0.515,-0.895
-0.7,-3.213
-0.611,-2.483
-0.67,-3.552
-0.761,-2.693
-0.81,-2.065
-0.83,-1.754
-1.099,-0.876
-0.981,-2.605
-1.015,-1.379
-1.041,-1.057
-1.079,-0.878
-1.124,-0.284
-1.135,-1.225
-1.267,0.07
-1.175,-1.999
-1.527,-0.207
-1.551,-0.319
-1.462,-1.889
-1.627,-3.061
-1.629,-1.985
-1.714,-0.888
-1.595,-0.148
-1.76,-2.517
-1.66,-2.869
-1.805,-0.276
-1.773,-1.306
-1.98,-1.391
-2.012,-3.097
-2.047,-3.089
-2.27,-2.734
-2.289,-2.172
-2.461,-1.755
-2.479,-0.892
-2.529,-2.945
-2.418,-0.965
-2.567,-2.232
-2.572,-2.641
-2.599,-2.149
-2.746,-1.698
-2.81,-2.892
-2.914,-2.221
-2.961,-1.71
-2.987,-2.537
-2.999,-2.926
-3.018,-2.439
3.141,-1.232
2.944,-0.161
2.92,-1.422
2.872,-0.298
2.981,-0.911
2.838,-0.124
2.794,-0.554
2.687,-0.882
2.811,-1.198
2.69,-2.97
2.655,-1.782
2.415,-2.42
2.382,-1.841
2.258,-1.909
2.338,-0.381
2.163,-0.905
2.01,-2.946
1.913,-1.313
1.963,-2.731
1.808,-0.458
1.866,-2.964
1.667,-3.165
1.564,-0.744
1.654,-1.226
1.448,-0.812
1.459,-1.897
1.3,-0.711
1.174,-2.52
1.181,-1.243
1.232,-1.297
1.23,-2.723
0.891,-0.872
0.978,-3.476
0.797,-1.597
0.822,-2.076
0.599,-0.43
0.241,-4.044
-0.444,-3.845
-1.528,-3.949
-1.508,-3.831
-2.103,-3.867
-2.327,-3.948
3.122,-3.994
2.37,-4.114
1.922,-3.858
1.387,-3.92
-1.831,-0.056
-2.785,0.236
2.789,0.242
1.352,-0.029
0.453,-2.873
0.108,-1.653
-0.591,-2.874
-1.366,-2.25
-1.588,-2.869
-1.937,-2.843
2.572,-2.898
1.958,-1.635
-0.258,-2.476
-2.234,-1.417
2.115,-2.224
1.8,-3.11
1.695,-2.696
1.255,-3.105
1.057,-3.057
0.989,-2.289
-0.549,-2.335
-1.545,-0.646
1.333,-1.717
-0.115,-3.586
-0.425,-3.637
-0.937,-3.798
-2.312,-3.842
-2.901,-3.684
3.053,-3.748
2.896,-3.828
2.839,-3.755
1.483,-3.817
1.296,-3.818
-0.429,-4.039
-2.256,-4.212
-2.712,-4.073
2.87,-4.269
-0.031,-1.758
0.067,-1.414
-0.088,-0.663
-0.109,-3.366
-0.143,-3.201
-0.203,-1.889
-0.141,-1.15
-0.216,-0.175
-0.279,-0.839
-0.317,-0.132
-0.542,-2.085
-0.564,-0.374
-0.596,-0.519
-0.485,-3.078
-0.655,-0.495
-0.525,-1.086
-0.71,-3.404
-0.621,-2.674
-0.68,-3.743
-0.771,-2.884
-0.82,-2.256
-0.84,-1.945
-1.109,-1.067
-0.991,-2.796
-1.025,-1.57
-1.051,-1.248
-1.089,-1.069
-1.134,-0.475
-1.145,-1.416
-1.277,-0.121
-1.185,-2.19
-1.537,-0.398
-1.561,-0.51
-1.472,-2.08
-1.637,-3.252
-1.639,-2.176
-1.724,-1.079
-1.605,-0.339
-1.77,-2.708
-1.67,-3.06
-1.815,-0.467
-1.783,-1.497
-1.99,-1.582
-2.022,-3.288
-2.057,-3.28
-2.28,-2.925
-2.299,-2.363
-2.471,-1.946
-2.489,-1.083
-2.539,-3.136
-2.428,-1.156
-2.577,-2.423
-2.582,-2.832
-2.609,-2.34
-2.756,-1.889
-2.82,-3.083
-2.924,-2.412
-2.971,-1.901
-2.997,-2.728
-3.009,-3.117
-3.028,-2.63
3.131,-1.423
2.934,-0.352
2.91,-1.613
2.862,-0.489
2.971,-1.102
2.828,-0.315
2.784,-0.745
2.677,-1.073
2.801,-1.389
2.68,-3.161
2.645,-1.973
2.405,-2.611
2.372,-2.032
2.248,-2.1
2.328,-0.572
2.153,-1.096
2.0,-3.137
1.903,-1.504
1.953,-2.922
1.798,-0.649
1.856,-3.155
1.657,-3.356
1.554,-0.935
1.644,-1.417
1.438,-1.003
1.449,-2.088
1.29,-0.902
1.164,-2.711
1.171,-1.434
1.222,-1.488
1.22,-2.914
0.881,-1.063
0.968,-3.667
0.787,-1.788
0.812,-2.267
0.589,-0.621
0.231,-4.235
-0.454,-4.036
-1.538,-4.14
-1.518,-4.022
-2.113,-4.058
-2.337,-4.139
3.112,-4.185
2.36,-4.305
1.912,-4.049
1.377,-4.111
-1.841,-0.247
-2.795,0.045
2.779,0.051
1.342,-0.22
0.443,-3.064
0.098,-1.844
-0.601,-3.065
-1.376,-2.441
-1.598,-3.06
-1.947,-3.034
2.562,-3.089
1.948,-1.826
-0.268,-2.667
-2.244,-1.608
2.105,-2.415
1.79,-3.301
1.685,-2.887
1.245,-3.296
1.047,-3.248
0.979,-2.48
-0.559,-2.526
-1.555,-0.837
1.323,-1.908
-0.125,-3.777
-0.435,-3.828
-0.947,-3.989
-2.322,-4.033
-2.911,-3.875
3.043,-3.939
2.886,-4.019
2.829,-3.946
1.473,-4.008
1.286,-4.009
-0.439,-4.23
-2.266,-4.403
-2.722,-4.264
2.86,-4.46
0.098,0.344
-0.057,1.095
-0.078,-1.608
-0.112,-1.443
-0.172,-0.131
-0.11,0.608
-0.185,1.583
-0.248,0.919
-0.286,1.626
-0.511,-0.327
-0.533,1.384
-0.565,1.239
-0.454,-1.32
-0.624,1.263
-0.494,0.672
-0.679,-1.646
-0.59,-0.916
-0.649,-1.985
-0.74,-1.126
-0.789,-0.498
-0.809,-0.187
-1.078,0.691
-0.96,-1.038
-0.994,0.188
-1.02,0.51
-1.058,0.689
-1.103,1.283
-1.114,0.342
-1.246,1.637
-1.154,-0.432
-1.506,1.36
-1.53,1.248
-1.441,-0.322
-1.606,-1.494
-1.608,-0.418
-1.693,0.679
-1.574,1.419
-1.739,-0.95
-1.639,-1.302
-1.784,1.291
-1.752,0.261
-1.959,0.176
-1.991,-1.53
-2.026,-1.522
-2.249,-1.167
-2.268,-0.605
-2.44,-0.188
-2.458,0.675
-2.508,-1.378
-2.397,0.602
-2.546,-0.665
-2.551,-1.074
-2.578,-0.582
-2.725,-0.131
-2.789,-1.325
-2.893,-0.654
-2.94,-0.143
-2.966,-0.97
-2.978,-1.359
-2.997,-0.872
-3.121,0.335
2.965,1.406
2.941,0.145
2.893,1.269
3.002,0.656
2.859,1.443
2.815,1.013
2.708,0.685
2.832,0.369
2.711,-1.403
2.676,-0.215
2.436,-0.853
2.403,-0.274
2.279,-0.342
2.359,1.186
2.184,0.662
2.031,-1.379
1.934,0.254
1.984,-1.164
1.829,1.109
1.887,-1.397
1.688,-1.598
1.585,0.823
1.675,0.341
1.469,0.755
1.48,-0.33
1.321,0.856
1.195,-0.953
1.202,0.324
1.253,0.27
1.251,-1.156
0.912,0.695
0.999,-1.909
0.818,-0.03
0.843,-0.509
0.62,1.137
0.262,-2.477
-0.423,-2.278
-1.507,-2.382
-1.487,-2.264
-2.082,-2.3
-2.306,-2.381
-3.14,-2.427
2.391,-2.547
1.943,-2.291
1.408,-2.353
-1.81,1.511
-2.764,1.803
2.81,1.809
1.373,1.538
0.474,-1.306
0.129,-0.086
-0.57,-1.307
-1.345,-0.683
-1.567,-1.302
-1.916,-1.276
2.593,-1.331
1.979,-0.068
-0.237,-0.909
-2.213,0.15
2.136,-0.657
1.821,-1.543
1.716,-1.129
1.276,-1.538
1.078,-1.49
1.01,-0.722
-0.528,-0.768
-1.524,0.921
1.354,-0.15
-0.094,-2.019
-0.404,-2.07
-0.916,-2.231
-2.291,-2.275
-2.88,-2.117
3.074,-2.181
2.917,-2.261
2.86,-2.188
1.504,-2.25
1.317,-2.251
-0.408,-2.472
-2.235,-2.645
-2.691,-2.506
2.891,-2.702
-0.155,0.751
-0.176,-1.952
-0.21,-1.787
-0.27,-0.475
-0.208,0.264
-0.283,1.239
-0.346,0.575
-0.384,1.282
-0.609,-0.671
-0.631,1.04
-0.663,0.895
-0.552,-1.664
-0.722,0.919
-0.592,0.328
-0.777,-1.99
-0.688,-1.26
-0.747,-2.329
-0.838,-1.47
-0.887,-0.842
-0.907,-0.531
-1.176,0.347
-1.058,-1.382
-1.092,-0.156
-1.118,0.166
-1.156,0.345
-1.201,0.939
-1.212,-0.002
-1.344,1.293
-1.252,-0.776
-1.604,1.016
-1.628,0.904
-1.539,-0.666
-1.704,-1.838
-1.706,-0.762
-1.791,0.335
-1.672,1.075
-1.837,-1.294
-1.737,-1.646
-1.882,0.947
-1.85,-0.083
-2.057,-0.168
-2.089,-1.874
-2.124,-1.866
-2.347,-1.511
-2.366,-0.949
-2.538,-0.532
-2.556,0.331
-2.606,-1.722
-2.495,0.258
-2.644,-1.009
-2.649,-1.418
-2.676,-0.926
-2.823,-0.475
-2.887,-1.669
-2.991,-0.998
-3.038,-0.487
-3.064,-1.314
-3.076,-1.703
-3.095,-1.216
3.064,-0.009
2.867,1.062
2.843,-0.199
2.795,0.925
2.904,0.312
2.761,1.099
2.717,0.669
2.61,0.341
2.734,0.025
2.613,-1.747
2.578,-0.559
2.338,-1.197
2.305,-0.618
2.181,-0.686
2.261,0.842
2.086,0.318
1.933,-1.723
1.836,-0.09
1.886,-1.508
1.731,0.765
1.789,-1.741
1.59,-1.942
1.487,0.479
1.577,-0.003
1.371,0.411
1.382,-0.674
1.223,0.512
1.097,-1.297
1.104,-0.02
1.155,-0.074
1.153,-1.5
0.814,0.351
0.901,-2.253
0.72,-0.374
0.745,-0.853
0.522,0.793
0.164,-2.821
-0.521,-2.622
-1.605,-2.726
-1.585,-2.608
-2.18,-2.644
-2.404,-2.725
3.045,-2.771
2.293,-2.891
1.845,-2.635
1.31,-2.697
-1.908,1.167
-2.862,1.459
2.712,1.465
1.275,1.194
0.376,-1.65
0.031,-0.43
-0.668,-1.651
-1.443,-1.027
-1.665,-1.646
-2.014,-1.62
2.495,-1.675
1.881,-0.412
-0.335,-1.253
-2.311,-0.194
2.038,-1.001
1.723,-1.887
1.618,-1.473
1.178,-1.882
0.98,-1.834
0.912,-1.066
-0.626,-1.112
-1.622,0.577
1.256,-0.494
-0.192,-2.363
-0.502,-2.414
-1.014,-2.575
-2.389,-2.619
-2.978,-2.461
2.976,-2.525
2.819,-2.605
2.762,-2.532
1.406,-2.594
1.219,-2.595
-0.506,-2.816
-2.333,-2.989
-2.789,-2.85
2.793,-3.046
-0.021,-2.703
-0.055,-2.538
-0.115,-1.226
-0.053,-0.487
-0.128,0.488
-0.191,-0.176
-0.229,0.531
-0.454,-1.422
-0.476,0.289
-0.508,0.144
-0.397,-2.415
-0.567,0.168
-0.437,-0.423
-0.622,-2.741
-0.533,-2.011
-0.592,-3.08
-0.683,-2.221
-0.732,-1.593
-0.752,-1.282
-1.021,-0.404
-0.903,-2.133
-0.937,-0.907
-0.963,-0.585
-1.001,-0.406
-1.046,0.188
-1.057,-0.753
-1.189,0.542
-1.097,-1.527
-1.449,0.265
-1.473,0.153
-1.384,-1.417
-1.549,-2.589
-1.551,-1.513
-1.636,-0.416
-1.517,0.324
-1.682,-2.045
-1.582,-2.397
-1.727,0.196
-1.695,-0.834
-1.902,-0.919
-1.934,-2.625
-1.969,-2.617
-2.192,-2.262
-2.211,-1.7
-2.383,-1.283
-2.401,-0.42
-2.451,-2.473
-2.34,-0.493
-2.489,-1.76
-2.494,-2.169
-2.521,-1.677
-2.668,-1.226
-2.732,-2.42
-2.836,-1.749
-2.883,-1.238
-2.909,-2.065
-2.921,-2.454
-2.94,-1.967
-3.064,-0.76
3.022,0.311
2.998,-0.95
2.95,0.174
3.059,-0.439
2.916,0.348
2.872,-0.082
2.765,-0.41
2.889,-0.726
2.768,-2.498
2.733,-1.31
2.493,-1.948
2.46,-1.369
2.336,-1.437
2.416,0.091
2.241,-0.433
2.088,-2.474
1.991,-0.841
2.041,-2.259
1.886,0.014
1.944,-2.492
1.745,-2.693
1.642,-0.272
1.732,-0.754
1.526,-0.34
1.537,-1.425
1.378,-0.239
1.252,-2.048
1.259,-0.771
1.31,-0.825
1.308,-2.251
0.969,-0.4
1.056,-3.004
0.875,-1.125
0.9,-1.604
0.677,0.042
0.319,-3.572
-0.366,-3.373
-1.45,-3.477
-1.43,-3.359
-2.025,-3.395
-2.249,-3.476
-3.083,-3.522
2.448,-3.642
2.0,-3.386
1.465,-3.448
-1.753,0.416
-2.707,0.708
2.867,0.714
1.43,0.443
0.531,-2.401
0.186,-1.181
-0.513,-2.402
-1.288,-1.778
-1.51,-2.397
-1.859,-2.371
2.65,-2.426
2.036,-1.163
-0.18,-2.004
-2.156,-0.945
2.193,-1.752
1.878,-2.638
1.773,-2.224
1.333,-2.633
1.135,-2.585
1.067,-1.817
-0.471,-1.863
-1.467,-0.174
1.411,-1.245
-0.037,-3.114
-0.347,-3.165
-0.859,-3.326
-2.234,-3.37
-2.823,-3.212
3.131,-3.276
2.974,-3.356
2.917,-3.283
1.561,-3.345
1.374,-3.346
-0.351,-3.567
-2.178,-3.74
-2.634,-3.601
2.948,-3.797
-0.034,0.165
-0.094,1.477
-0.032,2.216
-0.107,3.191
-0.17,2.527
-0.208,3.234
-0.433,1.281
-0.455,2.992
-0.487,2.847
-0.376,0.288
-0.546,2.871
-0.416,2.28
-0.601,-0.038
-0.512,0.692
-0.571,-0.377
-0.662,0.482
-0.711,1.11
-0.731,1.421
-1.0,2.299
-0.882,0.57
-0.916,1.796
-0.942,2.118
-0.98,2.297
-1.025,2.891
-1.036,1.95
-1.168,3.245
-1.076,1.176
-1.428,2.968
-1.452,2.856
-1.363,1.286
-1.528,0.114
-1.53,1.19
-1.615,2.287
-1.496,3.027
-1.661,0.658
-1.561,0.306
-1.706,2.899
-1.674,1.869
-1.881,1.784
-1.913,0.078
-1.948,0.086
-2.171,0.441
-2.19,1.003
-2.362,1.42
-2.38,2.283
-2.43,0.23
-2.319,2.21
-2.468,0.943
-2.473,0.534
-2.5,1.026
-2.647,1.477
-2.711,0.283
-2.815,0.954
-2.862,1.465
-2.888,0.638
-2.9,0.249
-2.919,0.736
-3.043,1.943
3.043,3.014
3.019,1.753
2.971,2.877
3.08,2.264
2.937,3.051
2.893,2.621
2.786,2.293
2.91,1.977
2.789,0.205
2.754,1.393
2.514,0.755
2.481,1.334
2.357,1.266
2.437,2.794
2.262,2.27
2.109,0.229
2.012,1.862
2.062,0.444
1.907,2.717
1.965,0.211
1.766,0.01
1.663,2.431
1.753,1.949
1.547,2.363
1.558,1.278
1.399,2.464
1.273,0.655
1.28,1.932
1.331,1.878
1.329,0.452
0.99,2.303
1.077,-0.301
0.896,1.578
0.921,1.099
0.698,2.745
0.34,-0.869
-0.345,-0.67
-1.429,-0.774
-1.409,-0.656
-2.004,-0.692
-2.228,-0.773
-3.062,-0.819
2.469,-0.939
2.021,-0.683
1.486,-0.745
-1.732,3.119
-2.686,3.411
2.888,3.417
1.451,3.146
0.552,0.302
0.207,1.522
-0.492,0.301
-1.267,0.925
-1.489,0.306
-1.838,0.332
2.671,0.277
2.057,1.54
-0.159,0.699
-2.135,1.758
2.214,0.951
1.899,0.065
1.794,0.479
1.354,0.07
1.156,0.118
1.088,0.886
-0.45,0.84
-1.446,2.529
1.432,1.458
-0.016,-0.411
-0.326,-0.462
-0.838,-0.623
-2.213,-0.667
-2.802,-0.509
-3.131,-0.573
2.995,-0.653
2.938,-0.58
1.582,-0.642
1.395,-0.643
-0.33,-0.864
-2.157,-1.037
-2.613,-0.898
2.969,-1.094
-0.06,1.312
0.002,2.051
-0.073,3.026
-0.136,2.362
-0.174,3.069
-0.399,1.116
-0.421,2.827
-0.453,2.682
-0.342,0.123
-0.512,2.706
-0.382,2.115
-0.567,-0.203
-0.478,0.527
-0.537,-0.542
-0.628,0.317
-0.677,0.945
-0.697,1.256
-0.966,2.134
-0.848,0.405
-0.882,1.631
-0.908,1.953
-0.946,2.132
-0.991,2.726
-1.002,1.785
-1.134,3.08
-1.042,1.011
-1.394,2.803
-1.418,2.691
-1.329,1.121
-1.494,-0.051
-1.496,1.025
-1.581,2.122
-1.462,2.862
-1.627,0.493
-1.527,0.141
-1.672,2.734
-1.64,1.704
-1.847,1.619
-1.879,-0.087
-1.914,-0.079
-2.137,0.276
-2.156,0.838
-2.328,1.255
-2.346,2.118
-2.396,0.065
-2.285,2.045
-2.434,0.778
-2.439,0.369
-2.466,0.861
-2.613,1.312
-2.677,0.118
-2.781,0.789
-2.828,1.3
-2.854,0.473
-2.866,0.084
-2.885,0.571
-3.009,1.778
3.077,2.849
3.053,1.588
3.005,2.712
3.114,2.099
2.971,2.886
2.927,2.456
2.82,2.128
2.944,1.812
2.823,0.04
2.788,1.228
2.548,0.59
2.515,1.169
2.391,1.101
2.471,2.629
2.296,2.105
2.143,0.064
2.046,1.697
2.096,0.279
1.941,2.552
1.999,0.046
1.8,-0.155
1.697,2.266
1.787,1.784
1.581,2.198
1.592,1.113
1.433,2.299
1.307,0.49
1.314,1.767
1.365,1.713
1.363,0.287
1.024,2.138
1.111,-0.466
0.93,1.413
0.955,0.934
0.732,2.58
0.374,-1.034
-0.311,-0.835
-1.395,-0.939
-1.375,-0.821
-1.97,-0.857
-2.194,-0.938
-3.028,-0.984
2.503,-1.104
2.055,-0.848
1.52,-0.91
-1.698,2.954
-2.652,3.246
2.922,3.252
1.485,2.981
0.586,0.137
0.241,1.357
-0.458,0.136
-1.233,0.76
-1.455,0.141
-1.804,0.167
2.705,0.112
2.091,1.375
-0.125,0.534
-2.101,1.593
2.248,0.786
1.933,-0.1
1.828,0.314
1.388,-0.095
1.19,-0.047
1.122,0.721
-0.416,0.675
-1.412,2.364
1.466,1.293
0.018,-0.576
-0.292,-0.627
-0.804,-0.788
-2.179,-0.832
-2.768,-0.674
-3.097,-0.738
3.029,-0.818
2.972,-0.745
1.616,-0.807
1.429,-0.808
-0.296,-1.029
-2.123,-1.202
-2.579,-1.063
3.003,-1.259
0.062,0.739
-0.013,1.714
-0.076,1.05
-0.114,1.757
-0.339,-0.196
-0.361,1.515
-0.393,1.37
-0.282,-1.189
-0.452,1.394
-0.322,0.803
-0.507,-1.515
-0.418,-0.785
-0.477,-1.854
-0.568,-0.995
-0.617,-0.367
-0.637,-0.056
-0.906,0.822
-0.788,-0.907
-0.822,0.319
-0.848,0.641
-0.886,0.82
-0.931,1.414
-0.942,0.473
-1.074,1.768
-0.982,-0.301
-1.334,1.491
-1.358,1.379
-1.269,-0.191
-1.434,-1.363
-1.436,-0.287
-1.521,0.81
-1.402,1.55
-1.567,-0.819
-1.467,-1.171
-1.612,1.422
-1.58,0.392
-1.787,0.307
-1.819,-1.399
-1.854,-1.391
-2.077,-1.036
-2.096,-0.474
-2.268,-0.057
-2.286,0.806
-2.336,-1.247
-2.225,0.733
-2.374,-0.534
-2.379,-0.943
-2.406,-0.451
-2.553,0.0
-2.617,-1.194
-2.721,-0.523
-2.768,-0.012
-2.794,-0.839
-2.806,-1.228
-2.825,-0.741
-2.949,0.466
3.137,1.537
3.113,0.276
3.065,1.4
-3.109,0.787
3.031,1.574
2.987,1.144
2.88,0.816
3.004,0.5
2.883,-1.272
2.848,-0.084
2.608,-0.722
2.575,-0.143
2.451,-0.211
2.531,1.317
2.356,0.793
2.203,-1.248
2.106,0.385
2.156,-1.033
2.001,1.24
2.059,-1.266
1.86,-1.467
1.757,0.954
1.847,0.472
1.641,0.886
1.652,-0.199
1.493,0.987
1.367,-0.822
1.374,0.455
1.425,0.401
1.423,-1.025
1.084,0.826
1.171,-1.778
0.99,0.101
1.015,-0.378
0.792,1.268
0.434,-2.346
-0.251,-2.147
-1.335,-2.251
-1.315,-2.133
-1.91,-2.169
-2.134,-2.25
-2.968,-2.296
2.563,-2.416
2.115,-2.16
1.58,-2.222
-1.638,1.642
-2.592,1.934
2.982,1.94
1.545,1.669
0.646,-1.175
0.301,0.045
-0.398,-1.176
-1.173,-0.552
-1.395,-1.171
-1.744,-1.145
2.765,-1.2
2.151,0.063
-0.065,-0.778
-2.041,0.281
2.308,-0.526
1.993,-1.412
1.888,-0.998
1.448,-1.407
1.25,-1.359
1.182,-0.591
-0.356,-0.637
-1.352,1.052
1.526,-0.019
0.078,-1.888
-0.232,-1.939
-0.744,-2.1
-2.119,-2.144
-2.708,-1.986
-3.037,-2.05
3.089,-2.13
3.032,-2.057
1.676,-2.119
1.489,-2.12
-0.236,-2.341
-2.063,-2.514
-2.519,-2.375
3.063,-2.571
-0.075,0.975
-0.138,0.311
-0.176,1.018
-0.401,-0.935
-0.423,0.776
-0.455,0.631
-0.344,-1.928
-0.514,0.655
-0.384,0.064
-0.569,-2.254
-0.48,-1.524
-0.539,-2.593
-0.63,-1.734
-0.679,-1.106
-0.699,-0.795
-0.968,0.083
-0.85,-1.646
-0.884,-0.42
-0.91,-0.098
-0.948,0.081
-0.993,0.675
-1.004,-0.266
-1.136,1.029
-1.044,-1.04
-1.396,0.752
-1.42,0.64
-1.331,-0.93
-1.496,-2.102
-1.498,-1.026
-1.583,0.071
-1.464,0.811
-1.629,-1.558
-1.529,-1.91
-1.674,0.683
-1.642,-0.347
-1.849,-0.432
-1.881,-2.138
-1.916,-2.13
-2.139,-1.775
-2.158,-1.213
-2.33,-0.796
-2.348,0.067
-2.398,-1.986
-2.287,-0.006
-2.436,-1.273
-2.441,-1.682
-2.468,-1.19
-2.615,-0.739
-2.679,-1.933
-2.783,-1.262
-2.83,-0.751
-2.856,-1.578
-2.868,-1.967
-2.887,-1.48
-3.011,-0.273
3.075,0.798
3.051,-0.463
3.003,0.661
3.112,0.048
2.969,0.835
2.925,0.405
2.818,0.077
2.942,-0.239
2.821,-2.011
2.786,-0.823
2.546,-1.461
2.513,-0.882
2.389,-0.95
2.469,0.578
2.294,0.054
2.141,-1.987
2.044,-0.354
2.094,-1.772
1.939,0.501
1.997,-2.005
1.798,-2.206
1.695,0.215
1.785,-0.267
1.579,0.147
1.59,-0.938
1.431,0.248
1.305,-1.561
1.312,-0.284
1.363,-0.338
1.361,-1.764
1.022,0.087
1.109,-2.517
0.928,-0.638
0.953,-1.117
0.73,0.529
0.372,-3.085
-0.313,-2.886
-1.397,-2.99
-1.377,-2.872
-1.972,-2.908
-2.196,-2.989
-3.03,-3.035
2.501,-3.155
2.053,-2.899
1.518,-2.961
-1.7,0.903
-2.654,1.195
2.92,1.201
1.483,0.93
0.584,-1.914
0.239,-0.694
-0.46,-1.915
-1.235,-1.291
-1.457,-1.91
-1.806,-1.884
2.703,-1.939
2.089,-0.676
-0.127,-1.517
-2.103,-0.458
2.246,-1.265
1.931,-2.151
1.826,-1.737
1.386,-2.146
1.188,-2.098
1.12,-1.33
-0.418,-1.376
-1.414,0.313
1.464,-0.758
0.016,-2.627
-0.294,-2.678
-0.806,-2.839
-2.181,-2.883
-2.77,-2.725
-3.099,-2.789
3.027,-2.869
2.97,-2.796
1.614,-2.858
1.427,-2.859
-0.298,-3.08
-2.125,-3.253
-2.581,-3.114
3.001,-3.31
-0.063,-0.664
-0.101,0.043
-0.326,-1.91
-0.348,-0.199
-0.38,-0.344
-0.269,-2.903
-0.439,-0.32
-0.309,-0.911
-0.494,-3.229
-0.405,-2.499
-0.464,-3.568
-0.555,-2.709
-0.604,-2.081
-0.624,-1.77
-0.893,-0.892
-0.775,-2.621
-0.809,-1.395
-0.835,-1.073
-0.873,-0.894
-0.918,-0.3
-0.929,-1.241
-1.061,0.054
-0.969,-2.015
-1.321,-0.223
-1.345,-0.335
-1.256,-1.905
-1.421,-3.077
-1.423,-2.001
-1.508,-0.904
-1.389,-0.164
-1.554,-2.533
-1.454,-2.885
-1.599,-0.292
-1.567,-1.322
-1.774,-1.407
-1.806,-3.113
-1.841,-3.105
-2.064,-2.75
-2.083,-2.188
-2.255,-1.771
-2.273,-0.908
-2.323,-2.961
-2.212,-0.981
-2.361,-2.248
-2.366,-2.657
-2.393,-2.165
-2.54,-1.714
-2.604,-2.908
-2.708,-2.237
-2.755,-1.726
-2.781,-2.553
-2.793,-2.942
-2.812,-2.455
-2.936,-1.248
-3.133,-0.177
3.126,-1.438
3.078,-0.314
-3.096,-0.927
3.044,-0.14
3.0,-0.57
2.893,-0.898
3.017,-1.214
2.896,-2.986
2.861,-1.798
2.621,-2.436
2.588,-1.857
2.464,-1.925
2.544,-0.397
2.369,-0.921
2.216,-2.962
2.119,-1.329
2.169,-2.747
2.014,-0.474
2.072,-2.98
1.873,-3.181
1.77,-0.76
1.86,-1.242
1.654,-0.828
1.665,-1.913
1.506,-0.727
1.38,-2.536
1.387,-1.259
1.438,-1.313
1.436,-2.739
1.097,-0.888
1.184,-3.492
1.003,-1.613
1.028,-2.092
0.805,-0.446
0.447,-4.06
-0.238,-3.861
-1.322,-3.965
-1.302,-3.847
-1.897,-3.883
-2.121,-3.964
-2.955,-4.01
2.576,-4.13
2.128,-3.874
1.593,-3.936
-1.625,-0.072
-2.579,0.22
2.995,0.226
1.558,-0.045
0.659,-2.889
0.314,-1.669
-0.385,-2.89
-1.16,-2.266
-1.382,-2.885
-1.731,-2.859
2.778,-2.914
2.164,-1.651
-0.052,-2.492
-2.028,-1.433
2.321,-2.24
2.006,-3.126
1.901,-2.712
1.461,-3.121
1.263,-3.073
1.195,-2.305
-0.343,-2.351
-1.339,-0.662
1.539,-1.733
0.091,-3.602
-0.219,-3.653
-0.731,-3.814
-2.106,-3.858
-2.695,-3.7
-3.024,-3.764
3.102,-3.844
3.045,-3.771
1.689,-3.833
1.502,-3.834
-0.223,-4.055
-2.05,-4.228
-2.506,-4.089
3.076,-4.285
-0.038,0.707
-0.263,-1.246
-0.285,0.465
-0.317,0.32
-0.206,-2.239
-0.376,0.344
-0.246,-0.247
-0.431,-2.565
-0.342,-1.835
-0.401,-2.904
-0.492,-2.045
-0.541,-1.417
-0.561,-1.106
-0.83,-0.228
-0.712,-1.957
-0.746,-0.731
-0.772,-0.409
-0.81,-0.23
-0.855,0.364
-0.866,-0.577
-0.998,0.718
-0.906,-1.351
-1.258,0.441
-1.282,0.329
-1.193,-1.241
-1.358,-2.413
-1.36,-1.337
-1.445,-0.24
-1.326,0.5
-1.491,-1.869
-1.391,-2.221
-1.536,0.372
-1.504,-0.658
-1.711,-0.743
-1.743,-2.449
-1.778,-2.441
-2.001,-2.086
-2.02,-1.524
-2.192,-1.107
-2.21,-0.244
-2.26,-2.297
-2.149,-0.317
-2.298,-1.584
-2.303,-1.993
-2.33,-1.501
-2.477,-1.05
-2.541,-2.244
-2.645,-1.573
-2.692,-1.062
-2.718,-1.889
-2.73,-2.278
-2.749,-1.791
-2.873,-0.584
-3.07,0.487
-3.094,-0.774
3.141,0.35
-3.033,-0.263
3.107,0.524
3.063,0.094
2.956,-0.234
3.08,-0.55
2.959,-2.322
2.924,-1.134
2.684,-1.772
2.651,-1.193
2.527,-1.261
2.607,0.267
2.432,-0.257
2.279,-2.298
2.182,-0.665
2.232,-2.083
2.077,0.19
2.135,-2.316
1.936,-2.517
1.833,-0.096
1.923,-0.578
1.717,-0.164
1.728,-1.249
1.569,-0.063
1.443,-1.872
1.45,-0.595
1.501,-0.649
1.499,-2.075
1.16,-0.224
1.247,-2.828
1.066,-0.949
1.091,-1.428
0.868,0.218
0.51,-3.396
-0.175,-3.197
-1.259,-3.301
-1.239,-3.183
-1.834,-3.219
-2.058,-3.3
-2.892,-3.346
2.639,-3.466
2.191,-3.21
1.656,-3.272
-1.562,0.592
-2.516,0.884
3.058,0.89
1.621,0.619
0.722,-2.225
0.377,-1.005
-0.322,-2.226
-1.097,-1.602
-1.319,-2.221
-1.668,-2.195
2.841,-2.25
2.227,-0.987
0.011,-1.828
-1.965,-0.769
2.384,-1.576
2.069,-2.462
1.964,-2.048
1.524,-2.457
1.326,-2.409
1.258,-1.641
-0.28,-1.687
-1.276,0.002
1.602,-1.069
0.154,-2.938
-0.156,-2.989
-0.668,-3.15
-2.043,-3.194
-2.632,-3.036
-2.961,-3.1
-3.118,-3.18
3.108,-3.107
1.752,-3.169
1.565,-3.17
-0.16,-3.391
-1.987,-3.564
-2.443,-3.425
3.139,-3.621
-0.225,-1.953
-0.247,-0.242
-0.279,-0.387
-0.168,-2.946
-0.338,-0.363
-0.208,-0.954
-0.393,-3.272
-0.304,-2.542
-0.363,-3.611
-0.454,-2.752
-0.503,-2.124
-0.523,-1.813
-0.792,-0.935
-0.674,-2.664
-0.708,-1.438
-0.734,-1.116
-0.772,-0.937
-0.817,-0.343
-0.828,-1.284
-0.96,0.011
-0.868,-2.058
-1.22,-0.266
-1.244,-0.378
-1.155,-1.948
-1.32,-3.12
-1.322,-2.044
-1.407,-0.947
-1.288,-0.207
-1.453,-2.576
-1.353,-2.928
-1.498,-0.335
-1.466,-1.365
-1.673,-1.45
-1.705,-3.156
-1.74,-3.148
-1.963,-2.793
-1.982,-2.231
-2.154,-1.814
-2.172,-0.951
-2.222,-3.004
-2.111,-1.024
-2.26,-2.291
-2.265,-2.7
-2.292,-2.208
-2.439,-1.757
-2.503,-2.951
-2.607,-2.28
-2.654,-1.769
-2.68,-2.596
-2.692,-2.985
-2.711,-2.498
-2.835,-1.291
-3.032,-0.22
-3.056,-1.481
-3.104,-0.357
-2.995,-0.97
-3.138,-0.183
3.101,-0.613
2.994,-0.941
3.118,-1.257
2.997,-3.029
2.962,-1.841
2.722,-2.479
2.689,-1.9
2.565,-1.968
2.645,-0.44
2.47,-0.964
2.317,-3.005
2.22,-1.372
2.27,-2.79
2.115,-0.517
2.173,-3.023
1.974,-3.224
1.871,-0.803
1.961,-1.285
1.755,-0.871
1.766,-1.956
1.607,-0.77
1.481,-2.579
1.488,-1.302
1.539,-1.356
1.537,-2.782
1.198,-0.931
1.285,-3.535
1.104,-1.656
1.129,-2.135
0.906,-0.489
0.548,-4.103
-0.137,-3.904
-1.221,-4.008
-1.201,-3.89
-1.796,-3.926
-2.02,-4.007
-2.854,-4.053
2.677,-4.173
2.229,-3.917
1.694,-3.979
-1.524,-0.115
-2.478,0.177
3.096,0.183
1.659,-0.088
0.76,-2.932
0.415,-1.712
-0.284,-2.933
-1.059,-2.309
-1.281,-2.928
-1.63,-2.902
2.879,-2.957
2.265,-1.694
0.049,-2.535
-1.927,-1.476
2.422,-2.283
2.107,-3.169
2.002,-2.755
1.562,-3.164
1.364,-3.116
1.296,-2.348
-0.242,-2.394
-1.238,-0.705
1.64,-1.776
0.192,-3.645
-0.118,-3.696
-0.63,-3.857
-2.005,-3.901
-2.594,-3.743
-2.923,-3.807
-3.08,-3.887
-3.137,-3.814
1.79,-3.876
1.603,-3.877
-0.122,-4.098
-1.949,-4.271
-2.405,-4.132
-3.106,-4.328
-0.022,1.711
-0.054,1.566
0.057,-0.993
-0.113,1.59
0.017,0.999
-0.168,-1.319
-0.079,-0.589
-0.138,-1.658
-0.229,-0.799
-0.278,-0.171
-0.298,0.14
-0.567,1.018
-0.449,-0.711
-0.483,0.515
-0.509,0.837
-0.547,1.016
-0.592,1.61
-0.603,0.669
-0.735,1.964
-0.643,-0.105
-0.995,1.687
-1.019,1.575
-0.93,0.005
-1.095,-1.167
-1.097,-0.091
-1.182,1.006
-1.063,1.746
-1.228,-0.623
-1.128,-0.975
-1.273,1.618
-1.241,0.588
-1.448,0.503
-1.48,-1.203
-1.515,-1.195
-1.738,-0.84
-1.757,-0.278
-1.929,0.139
-1.947,1.002
-1.997,-1.051
-1.886,0.929
-2.035,-0.338
-2.04,-0.747
-2.067,-0.255
-2.214,0.196
-2.278,-0.998
-2.382,-0.327
-2.429,0.184
-2.455,-0.643
-2.467,-1.032
-2.486,-0.545
-2.61,0.662
-2.807,1.733
-2.831,0.472
-2.879,1.596
-2.77,0.983
-2.913,1.77
-2.957,1.34
-3.064,1.012
-2.94,0.696
-3.061,-1.076
-3.096,0.112
2.947,-0.526
2.914,0.053
2.79,-0.015
2.87,1.513
2.695,0.989
2.542,-1.052
2.445,0.581
2.495,-0.837
2.34,1.436
2.398,-1.07
2.199,-1.271
2.096,1.15
2.186,0.668
1.98,1.082
1.991,-0.003
1.832,1.183
1.706,-0.626
1.713,0.651
1.764,0.597
1.762,-0.829
1.423,1.022
1.51,-1.582
1.329,0.297
1.354,-0.182
1.131,1.464
0.773,-2.15
0.088,-1.951
-0.996,-2.055
-0.976,-1.937
-1.571,-1.973
-1.795,-2.054
-2.629,-2.1
2.902,-2.22
2.454,-1.964
1.919,-2.026
-1.299,1.838
-2.253,2.13
-2.962,2.136
1.884,1.865
0.985,-0.979
0.64,0.241
-0.059,-0.98
-0.834,-0.356
-1.056,-0.975
-1.405,-0.949
3.104,-1.004
2.49,0.259
0.274,-0.582
-1.702,0.477
2.647,-0.33
2.332,-1.216
2.227,-0.802
1.787,-1.211
1.589,-1.163
1.521,-0.395
-0.017,-0.441
-1.013,1.248
1.865,0.177
0.417,-1.692
0.107,-1.743
-0.405,-1.904
-1.78,-1.948
-2.369,-1.79
-2.698,-1.854
-2.855,-1.934
-2.912,-1.861
2.015,-1.923
1.828,-1.924
0.103,-2.145
-1.724,-2.318
-2.18,-2.179
-2.881,-2.375
-0.032,-0.145
0.079,-2.704
-0.091,-0.121
0.039,-0.712
-0.146,-3.03
-0.057,-2.3
-0.116,-3.369
-0.207,-2.51
-0.256,-1.882
-0.276,-1.571
-0.545,-0.693
-0.427,-2.422
-0.461,-1.196
-0.487,-0.874
-0.525,-0.695
-0.57,-0.101
-0.581,-1.042
-0.713,0.253
-0.621,-1.816
-0.973,-0.024
-0.997,-0.136
-0.908,-1.706
-1.073,-2.878
-1.075,-1.802
-1.16,-0.705
-1.041,0.035
-1.206,-2.334
-1.106,-2.686
-1.251,-0.093
-1.219,-1.123
-1.426,-1.208
-1.458,-2.914
-1.493,-2.906
-1.716,-2.551
-1.735,-1.989
-1.907,-1.572
-1.925,-0.709
-1.975,-2.762
-1.864,-0.782
-2.013,-2.049
-2.018,-2.458
-2.045,-1.966
-2.192,-1.515
-2.256,-2.709
-2.36,-2.038
-2.407,-1.527
-2.433,-2.354
-2.445,-2.743
-2.464,-2.256
-2.588,-1.049
-2.785,0.022
-2.809,-1.239
-2.857,-0.115
-2.748,-0.728
-2.891,0.059
-2.935,-0.371
-3.042,-0.699
-2.918,-1.015
-3.039,-2.787
-3.074,-1.599
2.969,-2.237
2.936,-1.658
2.812,-1.726
2.892,-0.198
2.717,-0.722
2.564,-2.763
2.467,-1.13
2.517,-2.548
2.362,-0.275
2.42,-2.781
2.221,-2.982
2.118,-0.561
2.208,-1.043
2.002,-0.629
2.013,-1.714
1.854,-0.528
1.728,-2.337
1.735,-1.06
1.786,-1.114
1.784,-2.54
1.445,-0.689
1.532,-3.293
1.351,-1.414
1.376,-1.893
1.153,-0.247
0.795,-3.861
0.11,-3.662
-0.974,-3.766
-0.954,-3.648
-1.549,-3.684
-1.773,-3.765
-2.607,-3.811
2.924,-3.931
2.476,-3.675
1.941,-3.737
-1.277,0.127
-2.231,0.419
-2.94,0.425
1.906,0.154
1.007,-2.69
0.662,-1.47
-0.037,-2.691
-0.812,-2.067
-1.034,-2.686
-1.383,-2.66
3.126,-2.715
2.512,-1.452
0.296,-2.293
-1.68,-1.234
2.669,-2.041
2.354,-2.927
2.249,-2.513
1.809,-2.922
1.611,-2.874
1.543,-2.106
0.005,-2.152
-0.991,-0.463
1.887,-1.534
0.439,-3.403
0.129,-3.454
-0.383,-3.615
-1.758,-3.659
-2.347,-3.501
-2.676,-3.565
-2.833,-3.645
-2.89,-3.572
2.037,-3.634
1.85,-3.635
0.125,-3.856
-1.702,-4.029
-2.158,-3.89
-2.859,-4.086
0.111,-2.559
-0.059,0.024
0.071,-0.567
-0.114,-2.885
-0.025,-2.155
-0.084,-3.224
-0.175,-2.365
-0.224,-1.737
-0.244,-1.426
-0.513,-0.548
-0.395,-2.277
-0.429,-1.051
-0.455,-0.729
-0.493,-0.55
-0.538,0.044
-0.549,-0.897
-0.681,0.398
-0.589,-1.671
-0.941,0.121
-0.965,0.009
-0.876,-1.561
-1.041,-2.733
-1.043,-1.657
-1.128,-0.56
-1.009,0.18
-1.174,-2.189
-1.074,-2.541
-1.219,0.052
-1.187,-0.978
-1.394,-1.063
-1.426,-2.769
-1.461,-2.761
-1.684,-2.406
-1.703,-1.844
-1.875,-1.427
-1.893,-0.564
-1.943,-2.617
-1.832,-0.637
-1.981,-1.904
-1.986,-2.313
-2.013,-1.821
-2.16,-1.37
-2.224,-2.564
-2.328,-1.893
-2.375,-1.382
-2.401,-2.209
-2.413,-2.598
-2.432,-2.111
-2.556,-0.904
-2.753,0.167
-2.777,-1.094
-2.825,0.03
-2.716,-0.583
-2.859,0.204
-2.903,-0.226
-3.01,-0.554
-2.886,-0.87
-3.007,-2.642
-3.042,-1.454
3.001,-2.092
2.968,-1.513
2.844,-1.581
2.924,-0.053
2.749,-0.577
2.596,-2.618
2.499,-0.985
2.549,-2.403
2.394,-0.13
2.452,-2.636
2.253,-2.837
2.15,-0.416
2.24,-0.898
2.034,-0.484
2.045,-1.569
1.886,-0.383
1.76,-2.192
1.767,-0.915
1.818,-0.969
1.816,-2.395
1.477,-0.544
1.564,-3.148
1.383,-1.269
1.408,-1.748
1.185,-0.102
0.827,-3.716
0.142,-3.517
-0.942,-3.621
-0.922,-3.503
-1.517,-3.539
-1.741,-3.62
-2.575,-3.666
2.956,-3.786
2.508,-3.53
1.973,-3.592
-1.245,0.272
-2.199,0.564
-2.908,0.57
1.938,0.299
1.039,-2.545
0.694,-1.325
-0.005,-2.546
-0.78,-1.922
-1.002,-2.541
-1.351,-2.515
-3.125,-2.57
2.544,-1.307
0.328,-2.148
-1.648,-1.089
2.701,-1.896
2.386,-2.782
2.281,-2.368
1.841,-2.777
1.643,-2.729
1.575,-1.961
0.037,-2.007
-0.959,-0.318
1.919,-1.389
0.471,-3.258
0.161,-3.309
-0.351,-3.47
-1.726,-3.514
-2.315,-3.356
-2.644,-3.42
-2.801,-3.5
-2.858,-3.427
2.069,-3.489
1.882,-3.49
0.157,-3.711
-1.67,-3.884
-2.126,-3.745
-2.827,-3.941
-0.17,2.583
-0.04,1.992
-0.225,-0.326
-0.136,0.404
-0.195,-0.665
-0.286,0.194
-0.335,0.822
-0.355,1.133
-0.624,2.011
-0.506,0.282
-0.54,1.508
-0.566,1.83
-0.604,2.009
-0.649,2.603
-0.66,1.662
-0.792,2.957
-0.7,0.888
-1.052,2.68
-1.076,2.568
-0.987,0.998
-1.152,-0.174
-1.154,0.902
-1.239,1.999
-1.12,2.739
-1.285,0.37
-1.185,0.018
-1.33,2.611
-1.298,1.581
-1.505,1.496
-1.537,-0.21
-1.572,-0.202
-1.795,0.153
-1.814,0.715
-1.986,1.132
-2.004,1.995
-2.054,-0.058
-1.943,1.922
-2.092,0.655
-2.097,0.246
-2.124,0.738
-2.271,1.189
-2.335,-0.005
-2.439,0.666
-2.486,1.177
-2.512,0.35
-2.524,-0.039
-2.543,0.448
-2.667,1.655
-2.864,2.726
-2.888,1.465
-2.936,2.589
-2.827,1.976
-2.97,2.763
-3.014,2.333
-3.121,2.005
-2.997,1.689
-3.118,-0.083
3.13,1.105
2.89,0.467
2.857,1.046
2.733,0.978
2.813,2.506
2.638,1.982
2.485,-0.059
2.388,1.574
2.438,0.156
2.283,2.429
2.341,-0.077
2.142,-0.278
2.039,2.143
2.129,1.661
1.923,2.075
1.934,0.99
1.775,2.176
1.649,0.367
1.656,1.644
1.707,1.59
1.705,0.164
1.366,2.015
1.453,-0.589
1.272,1.29
1.297,0.811
1.074,2.457
0.716,-1.157
0.031,-0.958
-1.053,-1.062
-1.033,-0.944
-1.628,-0.98
-1.852,-1.061
-2.686,-1.107
2.845,-1.227
2.397,-0.971
1.862,-1.033
-1.356,2.831
-2.31,3.123
-3.019,3.129
1.827,2.858
0.928,0.014
0.583,1.234
-0.116,0.013
-0.891,0.637
-1.113,0.018
-1.462,0.044
3.047,-0.011
2.433,1.252
0.217,0.411
-1.759,1.47
2.59,0.663
2.275,-0.223
2.17,0.191
1.73,-0.218
1.532,-0.17
1.464,0.598
-0.074,0.552
-1.07,2.241
1.808,1.17
0.36,-0.699
0.05,-0.75
-0.462,-0.911
-1.837,-0.955
-2.426,-0.797
-2.755,-0.861
-2.912,-0.941
-2.969,-0.868
1.958,-0.93
1.771,-0.931
0.046,-1.152
-1.781,-1.325
-2.237,-1.186
-2.938,-1.382
0.13,-0.591
-0.055,-2.909
0.034,-2.179
-0.025,-3.248
-0.116,-2.389
-0.165,-1.761
-0.185,-1.45
-0.454,-0.572
-0.336,-2.301
-0.37,-1.075
-0.396,-0.753
-0.434,-0.574
-0.479,0.02
-0.49,-0.921
-0.622,0.374
-0.53,-1.695
-0.882,0.097
-0.906,-0.015
-0.817,-1.585
-0.982,-2.757
-0.984,-1.681
-1.069,-0.584
-0.95,0.156
-1.115,-2.213
-1.015,-2.565
-1.16,0.028
-1.128,-1.002
-1.335,-1.087
-1.367,-2.793
-1.402,-2.785
-1.625,-2.43
-1.644,-1.868
-1.816,-1.451
-1.834,-0.588
-1.884,-2.641
-1.773,-0.661
-1.922,-1.928
-1.927,-2.337
-1.954,-1.845
-2.101,-1.394
-2.165,-2.588
-2.269,-1.917
-2.316,-1.406
-2.342,-2.233
-2.354,-2.622
-2.373,-2.135
-2.497,-0.928
-2.694,0.143
-2.718,-1.118
-2.766,0.006
-2.657,-0.607
-2.8,0.18
-2.844,-0.25
-2.951,-0.578
-2.827,-0.894
-2.948,-2.666
-2.983,-1.478
3.06,-2.116
3.027,-1.537
2.903,-1.605
2.983,-0.077
2.808,-0.601
2.655,-2.642
2.558,-1.009
2.608,-2.427
2.453,-0.154
2.511,-2.66
2.312,-2.861
2.209,-0.44
2.299,-0.922
2.093,-0.508
2.104,-1.593
1.945,-0.407
1.819,-2.216
1.826,-0.939
1.877,-0.993
1.875,-2.419
1.536,-0.568
1.623,-3.172
1.442,-1.293
1.467,-1.772
1.244,-0.126
0.886,-3.74
0.201,-3.541
-0.883,-3.645
-0.863,-3.527
-1.458,-3.563
-1.682,-3.644
-2.516,-3.69
3.015,-3.81
2.567,-3.554
2.032,-3.616
-1.186,0.248
-2.14,0.54
-2.849,0.546
1.997,0.275
1.098,-2.569
0.753,-1.349
0.054,-2.57
-0.721,-1.946
-0.943,-2.565
-1.292,-2.539
-3.066,-2.594
2.603,-1.331
0.387,-2.172
-1.589,-1.113
2.76,-1.92
2.445,-2.806
2.34,-2.392
1.9,-2.801
1.702,-2.753
1.634,-1.985
0.096,-2.031
-0.9,-0.342
1.978,-1.413
0.53,-3.282
0.22,-3.333
-0.292,-3.494
-1.667,-3.538
-2.256,-3.38
-2.585,-3.444
-2.742,-3.524
-2.799,-3.451
2.128,-3.513
1.941,-3.514
0.216,-3.735
-1.611,-3.908
-2.067,-3.769
-2.768,-3.965
-0.185,-2.318
-0.096,-1.588
-0.155,-2.657
-0.246,-1.798
-0.295,-1.17
-0.315,-0.859
-0.584,0.019
-0.466,-1.71
-0.5,-0.484
-0.526,-0.162
-0.564,0.017
-0.609,0.611
-0.62,-0.33
-0.752,0.965
-0.66,-1.104
-1.012,0.688
-1.036,0.576
-0.947,-0.994
-1.112,-2.166
-1.114,-1.09
-1.199,0.007
-1.08,0.747
-1.245,-1.622
-1.145,-1.974
-1.29,0.619
-1.258,-0.411
-1.465,-0.496
-1.497,-2.202
-1.532,-2.194
-1.755,-1.839
-1.774,-1.277
-1.946,-0.86
-1.964,0.003
-2.014,-2.05
-1.903,-0.07
-2.052,-1.337
-2.057,-1.746
-2.084,-1.254
-2.231,-0.803
-2.295,-1.997
-2.399,-1.326
-2.446,-0.815
-2.472,-1.642
-2.484,-2.031
-2.503,-1.544
-2.627,-0.337
-2.824,0.734
-2.848,-0.527
-2.896,0.597
-2.787,-0.016
-2.93,0.771
-2.974,0.341
-3.081,0.013
-2.957,-0.303
-3.078,-2.075
-3.113,-0.887
2.93,-1.525
2.897,-0.946
2.773,-1.014
2.853,0.514
2.678,-0.01
2.525,-2.051
2.428,-0.418
2.478,-1.836
2.323,0.437
2.381,-2.069
2.182,-2.27
2.079,0.151
2.169,-0.331
1.963,0.083
1.974,-1.002
1.815,0.184
1.689,-1.625
1.696,-0.348
1.747,-0.402
1.745,-1.828
1.406,0.023
1.493,-2.581
1.312,-0.702
1.337,-1.181
1.114,0.465
0.756,-3.149
0.071,-2.95
-1.013,-3.054
-0.993,-2.936
-1.588,-2.972
-1.812,-3.053
-2.646,-3.099
2.885,-3.219
2.437,-2.963
1.902,-3.025
-1.316,0.839
-2.27,1.131
-2.979,1.137
1.867,0.866
0.968,-1.978
0.623,-0.758
-0.076,-1.979
-0.851,-1.355
-1.073,-1.974
-1.422,-1.948
3.087,-2.003
2.473,-0.74
0.257,-1.581
-1.719,-0.522
2.63,-1.329
2.315,-2.215
2.21,-1.801
1.77,-2.21
1.572,-2.162
1.504,-1.394
-0.034,-1.44
-1.03,0.249
1.848,-0.822
0.4,-2.691
0.09,-2.742
-0.422,-2.903
-1.797,-2.947
-2.386,-2.789
-2.715,-2.853
-2.872,-2.933
-2.929,-2.86
1.998,-2.922
1.811,-2.923
0.086,-3.144
-1.741,-3.317
-2.197,-3.178
-2.898,-3.374
0.089,0.73
0.03,-0.339
-0.061,0.52
-0.11,1.148
-0.13,1.459
-0.399,2.337
-0.281,0.608
-0.315,1.834
-0.341,2.156
-0.379,2.335
-0.424,2.929
-0.435,1.988
-0.567,3.283
-0.475,1.214
-0.827,3.006
-0.851,2.894
-0.762,1.324
-0.927,0.152
-0.929,1.228
-1.014,2.325
-0.895,3.065
-1.06,0.696
-0.96,0.344
-1.105,2.937
-1.073,1.907
-1.28,1.822
-1.312,0.116
-1.347,0.124
-1.57,0.479
-1.589,1.041
-1.761,1.458
-1.779,2.321
-1.829,0.268
-1.718,2.248
-1.867,0.981
-1.872,0.572
-1.899,1.064
-2.046,1.515
-2.11,0.321
-2.214,0.992
-2.261,1.503
-2.287,0.676
-2.299,0.287
-2.318,0.774
-2.442,1.981
-2.639,3.052
-2.663,1.791
-2.711,2.915
-2.602,2.302
-2.745,3.089
-2.789,2.659
-2.896,2.331
-2.772,2.015
-2.893,0.243
-2.928,1.431
3.115,0.793
3.082,1.372
2.958,1.304
3.038,2.832
2.863,2.308
2.71,0.267
2.613,1.9
2.663,0.482
2.508,2.755
2.566,0.249
2.367,0.048
2.264,2.469
2.354,1.987
2.148,2.401
2.159,1.316
2.0,2.502
1.874,0.693
1.881,1.97
1.932,1.916
1.93,0.49
1.591,2.341
1.678,-0.263
1.497,1.616
1.522,1.137
1.299,2.783
0.941,-0.831
0.256,-0.632
-0.828,-0.736
-0.808,-0.618
-1.403,-0.654
-1.627,-0.735
-2.461,-0.781
3.07,-0.901
2.622,-0.645
2.087,-0.707
-1.131,3.157
-2.085,3.449
-2.794,3.455
2.052,3.184
1.153,0.34
0.808,1.56
0.109,0.339
-0.666,0.963
-0.888,0.344
-1.237,0.37
-3.011,0.315
2.658,1.578
0.442,0.737
-1.534,1.796
2.815,0.989
2.5,0.103
2.395,0.517
1.955,0.108
1.757,0.156
1.689,0.924
0.151,0.878
-0.845,2.567
2.033,1.496
0.585,-0.373
0.275,-0.424
-0.237,-0.585
-1.612,-0.629
-2.201,-0.471
-2.53,-0.535
-2.687,-0.615
-2.744,-0.542
2.183,-0.604
1.996,-0.605
0.271,-0.826
-1.556,-0.999
-2.012,-0.86
-2.713,-1.056
-0.059,-1.069
-0.15,-0.21
-0.199,0.418
-0.219,0.729
-0.488,1.607
-0.37,-0.122
-0.404,1.104
-0.43,1.426
-0.468,1.605
-0.513,2.199
-0.524,1.258
-0.656,2.553
-0.564,0.484
-0.916,2.276
-0.94,2.164
-0.851,0.594
-1.016,-0.578
-1.018,0.498
-1.103,1.595
-0.984,2.335
-1.149,-0.034
-1.049,-0.386
-1.194,2.207
-1.162,1.177
-1.369,1.092
-1.401,-0.614
-1.436,-0.606
-1.659,-0.251
-1.678,0.311
-1.85,0.728
-1.868,1.591
-1.918,-0.462
-1.807,1.518
-1.956,0.251
-1.961,-0.158
-1.988,0.334
-2.135,0.785
-2.199,-0.409
-2.303,0.262
-2.35,0.773
-2.376,-0.054
-2.388,-0.443
-2.407,0.044
-2.531,1.251
-2.728,2.322
-2.752,1.061
-2.8,2.185
-2.691,1.572
-2.834,2.359
-2.878,1.929
-2.985,1.601
-2.861,1.285
-2.982,-0.487
-3.017,0.701
3.026,0.063
2.993,0.642
2.869,0.574
2.949,2.102
2.774,1.578
2.621,-0.463
2.524,1.17
2.574,-0.248
2.419,2.025
2.477,-0.481
2.278,-0.682
2.175,1.739
2.265,1.257
2.059,1.671
2.07,0.586
1.911,1.772
1.785,-0.037
1.792,1.24
1.843,1.186
1.841,-0.24
1.502,1.611
1.589,-0.993
1.408,0.886
1.433,0.407
1.21,2.053
0.852,-1.561
0.167,-1.362
-0.917,-1.466
-0.897,-1.348
-1.492,-1.384
-1.716,-1.465
-2.55,-1.511
2.981,-1.631
2.533,-1.375
1.998,-1.437
-1.22,2.427
-2.174,2.719
-2.883,2.725
1.963,2.454
1.064,-0.39
0.719,0.83
0.02,-0.391
-0.755,0.233
-0.977,-0.386
-1.326,-0.36
-3.1,-0.415
2.569,0.848
0.353,0.007
-1.623,1.066
2.726,0.259
2.411,-0.627
2.306,-0.213
1.866,-0.622
1.668,-0.574
1.6,0.194
0.062,0.148
-0.934,1.837
1.944,0.766
0.496,-1.103
0.186,-1.154
-0.326,-1.315
-1.701,-1.359
-2.29,-1.201
-2.619,-1.265
-2.776,-1.345
-2.833,-1.272
2.094,-1.334
1.907,-1.335
0.182,-1.556
-1.645,-1.729
-2.101,-1.59
-2.802,-1.786
-0.091,0.859
-0.14,1.487
-0.16,1.798
-0.429,2.676
-0.311,0.947
-0.345,2.173
-0.371,2.495
-0.409,2.674
-0.454,3.268
-0.465,2.327
-0.597,3.622
-0.505,1.553
-0.857,3.345
-0.881,3.233
-0.792,1.663
-0.957,0.491
-0.959,1.567
-1.044,2.664
-0.925,3.404
-1.09,1.035
-0.99,0.683
-1.135,3.276
-1.103,2.246
-1.31,2.161
-1.342,0.455
-1.377,0.463
-1.6,0.818
-1.619,1.38
-1.791,1.797
-1.809,2.66
-1.859,0.607
-1.748,2.587
-1.897,1.32
-1.902,0.911
-1.929,1.403
-2.076,1.854
-2.14,0.66
-2.244,1.331
-2.291,1.842
-2.317,1.015
-2.329,0.626
-2.348,1.113
-2.472,2.32
-2.669,3.391
-2.693,2.13
-2.741,3.254
-2.632,2.641
-2.775,3.428
-2.819,2.998
-2.926,2.67
-2.802,2.354
-2.923,0.582
-2.958,1.77
3.085,1.132
3.052,1.711
2.928,1.643
3.008,3.171
2.833,2.647
2.68,0.606
2.583,2.239
2.633,0.821
2.478,3.094
2.536,0.588
2.337,0.387
2.234,2.808
2.324,2.326
2.118,2.74
2.129,1.655
1.97,2.841
1.844,1.032
1.851,2.309
1.902,2.255
1.9,0.829
1.561,2.68
1.648,0.076
1.467,1.955
1.492,1.476
1.269,3.122
0.911,-0.492
0.226,-0.293
-0.858,-0.397
-0.838,-0.279
-1.433,-0.315
-1.657,-0.396
-2.491,-0.442
3.04,-0.562
2.592,-0.306
2.057,-0.368
-1.161,3.496
-2.115,3.788
-2.824,3.794
2.022,3.523
1.123,0.679
0.778,1.899
0.079,0.678
-0.696,1.302
-0.918,0.683
-1.267,0.709
-3.041,0.654
2.628,1.917
0.412,1.076
-1.564,2.135
2.785,1.328
2.47,0.442
2.365,0.856
1.925,0.447
1.727,0.495
1.659,1.263
0.121,1.217
-0.875,2.906
2.003,1.835
0.555,-0.034
0.245,-0.085
-0.267,-0.246
-1.642,-0.29
-2.231,-0.132
-2.56,-0.196
-2.717,-0.276
-2.774,-0.203
2.153,-0.265
1.966,-0.266
0.241,-0.487
-1.586,-0.66
-2.042,-0.521
-2.743,-0.717
-0.049,0.628
-0.069,0.939
-0.338,1.817
-0.22,0.088
-0.254,1.314
-0.28,1.636
-0.318,1.815
-0.363,2.409
-0.374,1.468
-0.506,2.763
-0.414,0.694
-0.766,2.486
-0.79,2.374
-0.701,0.804
-0.866,-0.368
-0.868,0.708
-0.953,1.805
-0.834,2.545
-0.999,0.176
-0.899,-0.176
-1.044,2.417
-1.012,1.387
-1.219,1.302
-1.251,-0.404
-1.286,-0.396
-1.509,-0.041
-1.528,0.521
-1.7,0.938
-1.718,1.801
-1.768,-0.252
-1.657,1.728
-1.806,0.461
-1.811,0.052
-1.838,0.544
-1.985,0.995
-2.049,-0.199
-2.153,0.472
-2.2,0.983
-2.226,0.156
-2.238,-0.233
-2.257,0.254
-2.381,1.461
-2.578,2.532
-2.602,1.271
-2.65,2.395
-2.541,1.782
-2.684,2.569
-2.728,2.139
-2.835,1.811
-2.711,1.495
-2.832,-0.277
-2.867,0.911
-3.107,0.273
-3.14,0.852
3.019,0.784
3.099,2.312
2.924,1.788
2.771,-0.253
2.674,1.38
2.724,-0.038
2.569,2.235
2.627,-0.271
2.428,-0.472
2.325,1.949
2.415,1.467
2.209,1.881
2.22,0.796
2.061,1.982
1.935,0.173
1.942,1.45
1.993,1.396
1.991,-0.03
1.652,1.821
1.739,-0.783
1.558,1.096
1.583,0.617
1.36,2.263
1.002,-1.351
0.317,-1.152
-0.767,-1.256
-0.747,-1.138
-1.342,-1.174
-1.566,-1.255
-2.4,-1.301
3.131,-1.421
2.683,-1.165
2.148,-1.227
-1.07,2.637
-2.024,2.929
-2.733,2.935
2.113,2.664
1.214,-0.18
0.869,1.04
0.17,-0.181
-0.605,0.443
-0.827,-0.176
-1.176,-0.15
-2.95,-0.205
2.719,1.058
0.503,0.217
-1.473,1.276
2.876,0.469
2.561,-0.417
2.456,-0.003
2.016,-0.412
1.818,-0.364
1.75,0.404
0.212,0.358
-0.784,2.047
2.094,0.976
0.646,-0.893
0.336,-0.944
-0.176,-1.105
-1.551,-1.149
-2.14,-0.991
-2.469,-1.055
-2.626,-1.135
-2.683,-1.062
2.244,-1.124
2.057,-1.125
0.332,-1.346
-1.495,-1.519
-1.951,-1.38
-2.652,-1.576
-0.02,0.311
-0.289,1.189
-0.171,-0.54
-0.205,0.686
-0.231,1.008
-0.269,1.187
-0.314,1.781
-0.325,0.84
-0.457,2.135
-0.365,0.066
-0.717,1.858
-0.741,1.746
-0.652,0.176
-0.817,-0.996
-0.819,0.08
-0.904,1.177
-0.785,1.917
-0.95,-0.452
-0.85,-0.804
-0.995,1.789
-0.963,0.759
-1.17,0.674
-1.202,-1.032
-1.237,-1.024
-1.46,-0.669
-1.479,-0.107
-1.651,0.31
-1.669,1.173
-1.719,-0.88
-1.608,1.1
-1.757,-0.167
-1.762,-0.576
-1.789,-0.084
-1.936,0.367
-2.0,-0.827
-2.104,-0.156
-2.151,0.355
-2.177,-0.472
-2.189,-0.861
-2.208,-0.374
-2.332,0.833
-2.529,1.904
-2.553,0.643
-2.601,1.767
-2.492,1.154
-2.635,1.941
-2.679,1.511
-2.786,1.183
-2.662,0.867
-2.783,-0.905
-2.818,0.283
-3.058,-0.355
-3.091,0.224
3.068,0.156
-3.135,1.684
2.973,1.16
2.82,-0.881
2.723,0.752
2.773,-0.666
2.618,1.607
2.676,-0.899
2.477,-1.1
2.374,1.321
2.464,0.839
2.258,1.253
2.269,0.168
2.11,1.354
1.984,-0.455
1.991,0.822
2.042,0.768
2.04,-0.658
1.701,1.193
1.788,-1.411
1.607,0.468
1.632,-0.011
1.409,1.635
1.051,-1.979
0.366,-1.78
-0.718,-1.884
-0.698,-1.766
-1.293,-1.802
-1.517,-1.883
-2.351,-1.929
-3.103,-2.049
2.732,-1.793
2.197,-1.855
-1.021,2.009
-1.975,2.301
-2.684,2.307
2.162,2.036
1.263,-0.808
0.918,0.412
0.219,-0.809
-0.556,-0.185
-0.778,-0.804
-1.127,-0.778
-2.901,-0.833
2.768,0.43
0.552,-0.411
-1.424,0.648
2.925,-0.159
2.61,-1.045
2.505,-0.631
2.065,-1.04
1.867,-0.992
1.799,-0.224
0.261,-0.27
-0.735,1.419
2.143,0.348
0.695,-1.521
0.385,-1.572
-0.127,-1.733
-1.502,-1.777
-2.091,-1.619
-2.42,-1.683
-2.577,-1.763
-2.634,-1.69
2.293,-1.752
2.106,-1.753
0.381,-1.974
-1.446,-2.147
-1.902,-2.008
-2.603,-2.204
-0.269,0.878
-0.151,-0.851
-0.185,0.375
-0.211,0.697
-0.249,0.876
-0.294,1.47
-0.305,0.529
-0.437,1.824
-0.345,-0.245
-0.697,1.547
-0.721,1.435
-0.632,-0.135
-0.797,-1.307
-0.799,-0.231
-0.884,0.866
-0.765,1.606
-0.93,-0.763
-0.83,-1.115
-0.975,1.478
-0.943,0.448
-1.15,0.363
-1.182,-1.343
-1.217,-1.335
-1.44,-0.98
-1.459,-0.418
-1.631,-0.001
-1.649,0.862
-1.699,-1.191
-1.588,0.789
-1.737,-0.478
-1.742,-0.887
-1.769,-0.395
-1.916,0.056
-1.98,-1.138
-2.084,-0.467
-2.131,0.044
-2.157,-0.783
-2.169,-1.172
-2.188,-0.685
-2.312,0.522
-2.509,1.593
-2.533,0.332
-2.581,1.456
-2.472,0.843
-2.615,1.63
-2.659,1.2
-2.766,0.872
-2.642,0.556
-2.763,-1.216
-2.798,-0.028
-3.038,-0.666
-3.071,-0.087
3.088,-0.155
-3.115,1.373
2.993,0.849
2.84,-1.192
2.743,0.441
2.793,-0.977
2.638,1.296
2.696,-1.21
2.497,-1.411
2.394,1.01
2.484,0.528
2.278,0.942
2.289,-0.143
2.13,1.043
2.004,-0.766
2.011,0.511
2.062,0.457
2.06,-0.969
1.721,0.882
1.808,-1.722
1.627,0.157
1.652,-0.322
1.429,1.324
1.071,-2.29
0.386,-2.091
-0.698,-2.195
-0.678,-2.077
-1.273,-2.113
-1.497,-2.194
-2.331,-2.24
-3.083,-2.36
2.752,-2.104
2.217,-2.166
-1.001,1.698
-1.955,1.99
-2.664,1.996
2.182,1.725
1.283,-1.119
0.938,0.101
0.239,-1.12
-0.536,-0.496
-0.758,-1.115
-1.107,-1.089
-2.881,-1.144
2.788,0.119
0.572,-0.722
-1.404,0.337
2.945,-0.47
2.63,-1.356
2.525,-0.942
2.085,-1.351
1.887,-1.303
1.819,-0.535
0.281,-0.581
-0.715,1.108
2.163,0.037
0.715,-1.832
0.405,-1.883
-0.107,-2.044
-1.482,-2.088
-2.071,-1.93
-2.4,-1.994
-2.557,-2.074
-2.614,-2.001
2.313,-2.063
2.126,-2.064
0.401,-2.285
-1.426,-2.458
-1.882,-2.319
-2.583,-2.515
0.118,-1.729
0.084,-0.503
0.058,-0.181
0.02,-0.002
-0.025,0.592
-0.036,-0.349
-0.168,0.946
-0.076,-1.123
-0.428,0.669
-0.452,0.557
-0.363,-1.013
-0.528,-2.185
-0.53,-1.109
-0.615,-0.012
-0.496,0.728
-0.661,-1.641
-0.561,-1.993
-0.706,0.6
-0.674,-0.43
-0.881,-0.515
-0.913,-2.221
-0.948,-2.213
-1.171,-1.858
-1.19,-1.296
-1.362,-0.879
-1.38,-0.016
-1.43,-2.069
-1.319,-0.089
-1.468,-1.356
-1.473,-1.765
-1.5,-1.273
-1.647,-0.822
-1.711,-2.016
-1.815,-1.345
-1.862,-0.834
-1.888,-1.661
-1.9,-2.05
-1.919,-1.563
-2.043,-0.356
-2.24,0.715
-2.264,-0.546
-2.312,0.578
-2.203,-0.035
-2.346,0.752
-2.39,0.322
-2.497,-0.006
-2.373,-0.322
-2.494,-2.094
-2.529,-0.906
-2.769,-1.544
-2.802,-0.965
-2.926,-1.033
-2.846,0.495
-3.021,-0.029
3.109,-2.07
3.012,-0.437
3.062,-1.855
2.907,0.418
2.965,-2.088
2.766,-2.289
2.663,0.132
2.753,-0.35
2.547,0.064
2.558,-1.021
2.399,0.165
2.273,-1.644
2.28,-0.367
2.331,-0.421
2.329,-1.847
1.99,0.004
2.077,-2.6
1.896,-0.721
1.921,-1.2
1.698,0.446
1.34,-3.168
0.655,-2.969
-0.429,-3.073
-0.409,-2.955
-1.004,-2.991
-1.228,-3.072
-2.062,-3.118
-2.814,-3.238
3.021,-2.982
2.486,-3.044
-0.732,0.82
-1.686,1.112
-2.395,1.118
2.451,0.847
1.552,-1.997
1.207,-0.777
0.508,-1.998
-0.267,-1.374
-0.489,-1.993
-0.838,-1.967
-2.612,-2.022
3.057,-0.759
0.841,-1.6
-1.135,-0.541
-3.069,-1.348
2.899,-2.234
2.794,-1.82
2.354,-2.229
2.156,-2.181
2.088,-1.413
0.55,-1.459
-0.446,0.23
2.432,-0.841
0.984,-2.71
0.674,-2.761
0.162,-2.922
-1.213,-2.966
-1.802,-2.808
-2.131,-2.872
-2.288,-2.952
-2.345,-2.879
2.582,-2.941
2.395,-2.942
0.67,-3.163
-1.157,-3.336
-1.613,-3.197
-2.314,-3.393
-0.034,1.226
-0.06,1.548
-0.098,1.727
-0.143,2.321
-0.154,1.38
-0.286,2.675
-0.194,0.606
-0.546,2.398
-0.57,2.286
-0.481,0.716
-0.646,-0.456
-0.648,0.62
-0.733,1.717
-0.614,2.457
-0.779,0.088
-0.679,-0.264
-0.824,2.329
-0.792,1.299
-0.999,1.214
-1.031,-0.492
-1.066,-0.484
-1.289,-0.129
-1.308,0.433
-1.48,0.85
-1.498,1.713
-1.548,-0.34
-1.437,1.64
-1.586,0.373
-1.591,-0.036
-1.618,0.456
-1.765,0.907
-1.829,-0.287
-1.933,0.384
-1.98,0.895
-2.006,0.068
-2.018,-0.321
-2.037,0.166
-2.161,1.373
-2.358,2.444
-2.382,1.183
-2.43,2.307
-2.321,1.694
-2.464,2.481
-2.508,2.051
-2.615,1.723
-2.491,1.407
-2.612,-0.365
-2.647,0.823
-2.887,0.185
-2.92,0.764
-3.044,0.696
-2.964,2.224
-3.139,1.7
2.991,-0.341
2.894,1.292
2.944,-0.126
2.789,2.147
2.847,-0.359
2.648,-0.56
2.545,1.861
2.635,1.379
2.429,1.793
2.44,0.708
2.281,1.894
2.155,0.085
2.162,1.362
2.213,1.308
2.211,-0.118
1.872,1.733
1.959,-0.871
1.778,1.008
1.803,0.529
1.58,2.175
1.222,-1.439
0.537,-1.24
-0.547,-1.344
-0.527,-1.226
-1.122,-1.262
-1.346,-1.343
-2.18,-1.389
-2.932,-1.509
2.903,-1.253
2.368,-1.315
-0.85,2.549
-1.804,2.841
-2.513,2.847
2.333,2.576
1.434,-0.268
1.089,0.952
0.39,-0.269
-0.385,0.355
-0.607,-0.264
-0.956,-0.238
-2.73,-0.293
2.939,0.97
0.723,0.129
-1.253,1.188
3.096,0.381
2.781,-0.505
2.676,-0.091
2.236,-0.5
2.038,-0.452
1.97,0.316
0.432,0.27
-0.564,1.959
2.314,0.888
0.866,-0.981
0.556,-1.032
0.044,-1.193
-1.331,-1.237
-1.92,-1.079
-2.249,-1.143
-2.406,-1.223
-2.463,-1.15
2.464,-1.212
2.277,-1.213
0.552,-1.434
-1.275,-1.607
-1.731,-1.468
-2.432,-1.664
-0.026,0.322
-0.064,0.501
-0.109,1.095
-0.12,0.154
-0.252,1.449
-0.16,-0.62
-0.512,1.172
-0.536,1.06
-0.447,-0.51
-0.612,-1.682
-0.614,-0.606
-0.699,0.491
-0.58,1.231
-0.745,-1.138
-0.645,-1.49
-0.79,1.103
-0.758,0.073
-0.965,-0.012
-0.997,-1.718
-1.032,-1.71
-1.255,-1.355
-1.274,-0.793
-1.446,-0.376
-1.464,0.487
-1.514,-1.566
-1.403,0.414
-1.552,-0.853
-1.557,-1.262
-1.584,-0.77
-1.731,-0.319
-1.795,-1.513
-1.899,-0.842
-1.946,-0.331
-1.972,-1.158
-1.984,-1.547
-2.003,-1.06
-2.127,0.147
-2.324,1.218
-2.348,-0.043
-2.396,1.081
-2.287,0.468
-2.43,1.255
-2.474,0.825
-2.581,0.497
-2.457,0.181
-2.578,-1.591
-2.613,-0.403
-2.853,-1.041
-2.886,-0.462
-3.01,-0.53
-2.93,0.998
-3.105,0.474
3.025,-1.567
2.928,0.066
2.978,-1.352
2.823,0.921
2.881,-1.585
2.682,-1.786
2.579,0.635
2.669,0.153
2.463,0.567
2.474,-0.518
2.315,0.668
2.189,-1.141
2.196,0.136
2.247,0.082
2.245,-1.344
1.906,0.507
1.993,-2.097
1.812,-0.218
1.837,-0.697
1.614,0.949
1.256,-2.665
0.571,-2.466
-0.513,-2.57
-0.493,-2.452
-1.088,-2.488
-1.312,-2.569
-2.146,-2.615
-2.898,-2.735
2.937,-2.479
2.402,-2.541
-0.816,1.323
-1.77,1.615
-2.479,1.621
2.367,1.35
1.468,-1.494
1.123,-0.274
0.424,-1.495
-0.351,-0.871
-0.573,-1.49
-0.922,-1.464
-2.696,-1.519
2.973,-0.256
0.757,-1.097
-1.219,-0.038
3.13,-0.845
2.815,-1.731
2.71,-1.317
2.27,-1.726
2.072,-1.678
2.004,-0.91
0.466,-0.956
-0.53,0.733
2.348,-0.338
0.9,-2.207
0.59,-2.258
0.078,-2.419
-1.297,-2.463
-1.886,-2.305
-2.215,-2.369
-2.372,-2.449
-2.429,-2.376
2.498,-2.438
2.311,-2.439
0.586,-2.66
-1.241,-2.833
-1.697,-2.694
-2.398,-2.89
-0.038,0.179
-0.083,0.773
-0.094,-0.168
-0.226,1.127
-0.134,-0.942
-0.486,0.85
-0.51,0.738
-0.421,-0.832
-0.586,-2.004
-0.588,-0.928
-0.673,0.169
-0.554,0.909
-0.719,-1.46
-0.619,-1.812
-0.764,0.781
-0.732,-0.249
-0.939,-0.334
-0.971,-2.04
-1.006,-2.032
-1.229,-1.677
-1.248,-1.115
-1.42,-0.698
-1.438,0.165
-1.488,-1.888
-1.377,0.092
-1.526,-1.175
-1.531,-1.584
-1.558,-1.092
-1.705,-0.641
-1.769,-1.835
-1.873,-1.164
-1.92,-0.653
-1.946,-1.48
-1.958,-1.869
-1.977,-1.382
-2.101,-0.175
-2.298,0.896
-2.322,-0.365
-2.37,0.759
-2.261,0.146
-2.404,0.933
-2.448,0.503
-2.555,0.175
-2.431,-0.141
-2.552,-1.913
-2.587,-0.725
-2.827,-1.363
-2.86,-0.784
-2.984,-0.852
-2.904,0.676
-3.079,0.152
3.051,-1.889
2.954,-0.256
3.004,-1.674
2.849,0.599
2.907,-1.907
2.708,-2.108
2.605,0.313
2.695,-0.169
2.489,0.245
2.5,-0.84
2.341,0.346
2.215,-1.463
2.222,-0.186
2.273,-0.24
2.271,-1.666
1.932,0.185
2.019,-2.419
1.838,-0.54
1.863,-1.019
1.64,0.627
1.282,-2.987
0.597,-2.788
-0.487,-2.892
-0.467,-2.774
-1.062,-2.81
-1.286,-2.891
-2.12,-2.937
-2.872,-3.057
2.963,-2.801
2.428,-2.863
-0.79,1.001
-1.744,1.293
-2.453,1.299
2.393,1.028
1.494,-1.816
1.149,-0.596
0.45,-1.817
-0.325,-1.193
-0.547,-1.812
-0.896,-1.786
-2.67,-1.841
2.999,-0.578
0.783,-1.419
-1.193,-0.36
-3.127,-1.167
2.841,-2.053
2.736,-1.639
2.296,-2.048
2.098,-2.0
2.03,-1.232
0.492,-1.278
-0.504,0.411
2.374,-0.66
0.926,-2.529
0.616,-2.58
0.104,-2.741
-1.271,-2.785
-1.86,-2.627
-2.189,-2.691
-2.346,-2.771
-2.403,-2.698
2.524,-2.76
2.337,-2.761
0.612,-2.982
-1.215,-3.155
-1.671,-3.016
-2.372,-3.212
-0.045,0.594
-0.056,-0.347
-0.188,0.948
-0.096,-1.121
-0.448,0.671
-0.472,0.559
-0.383,-1.011
-0.548,-2.183
-0.55,-1.107
-0.635,-0.01
-0.516,0.73
-0.681,-1.639
-0.581,-1.991
-0.726,0.602
-0.694,-0.428
-0.901,-0.513
-0.933,-2.219
-0.968,-2.211
-1.191,-1.856
-1.21,-1.294
-1.382,-0.877
-1.4,-0.014
-1.45,-2.067
-1.339,-0.087
-1.488,-1.354
-1.493,-1.763
-1.52,-1.271
-1.667,-0.82
-1.731,-2.014
-1.835,-1.343
-1.882,-0.832
-1.908,-1.659
-1.92,-2.048
-1.939,-1.561
-2.063,-0.354
-2.26,0.717
-2.284,-0.544
-2.332,0.58
-2.223,-0.033
-2.366,0.754
-2.41,0.324
-2.517,-0.004
-2.393,-0.32
-2.514,-2.092
-2.549,-0.904
-2.789,-1.542
-2.822,-0.963
-2.946,-1.031
-2.866,0.497
-3.041,-0.027
3.089,-2.068
2.992,-0.435
3.042,-1.853
2.887,0.42
2.945,-2.086
2.746,-2.287
2.643,0.134
2.733,-0.348
2.527,0.066
2.538,-1.019
2.379,0.167
2.253,-1.642
2.26,-0.365
2.311,-0.419
2.309,-1.845
1.97,0.006
2.057,-2.598
1.876,-0.719
1.901,-1.198
1.678,0.448
1.32,-3.166
0.635,-2.967
-0.449,-3.071
-0.429,-2.953
-1.024,-2.989
-1.248,-3.07
-2.082,-3.116
-2.834,-3.236
3.001,-2.98
2.466,-3.042
-0.752,0.822
-1.706,1.114
-2.415,1.12
2.431,0.849
1.532,-1.995
1.187,-0.775
0.488,-1.996
-0.287,-1.372
-0.509,-1.991
-0.858,-1.965
-2.632,-2.02
3.037,-0.757
0.821,-1.598
-1.155,-0.539
-3.089,-1.346
2.879,-2.232
2.774,-1.818
2.334,-2.227
2.136,-2.179
2.068,-1.411
0.53,-1.457
-0.466,0.232
2.412,-0.839
0.964,-2.708
0.654,-2.759
0.142,-2.92
-1.233,-2.964
-1.822,-2.806
-2.151,-2.87
-2.308,-2.95
-2.365,-2.877
2.562,-2.939
2.375,-2.94
0.65,-3.161
-1.177,-3.334
-1.633,-3.195
-2.334,-3.391
-0.011,-0.941
-0.143,0.354
-0.051,-1.715
-0.403,0.077
-0.427,-0.035
-0.338,-1.605
-0.503,-2.777
-0.505,-1.701
-0.59,-0.604
-0.471,0.136
-0.636,-2.233
-0.536,-2.585
-0.681,0.008
-0.649,-1.022
-0.856,-1.107
-0.888,-2.813
-0.923,-2.805
-1.146,-2.45
-1.165,-1.888
-1.337,-1.471
-1.355,-0.608
-1.405,-2.661
-1.294,-0.681
-1.443,-1.948
-1.448,-2.357
-1.475,-1.865
-1.622,-1.414
-1.686,-2.608
-1.79,-1.937
-1.837,-1.426
-1.863,-2.253
-1.875,-2.642
-1.894,-2.155
-2.018,-0.948
-2.215,0.123
-2.239,-1.138
-2.287,-0.014
-2.178,-0.627
-2.321,0.16
-2.365,-0.27
-2.472,-0.598
-2.348,-0.914
-2.469,-2.686
-2.504,-1.498
-2.744,-2.136
-2.777,-1.557
-2.901,-1.625
-2.821,-0.097
-2.996,-0.621
3.134,-2.662
3.037,-1.029
3.087,-2.447
2.932,-0.174
2.99,-2.68
2.791,-2.881
2.688,-0.46
2.778,-0.942
2.572,-0.528
2.583,-1.613
2.424,-0.427
2.298,-2.236
2.305,-0.959
2.356,-1.013
2.354,-2.439
2.015,-0.588
2.102,-3.192
1.921,-1.313
1.946,-1.792
1.723,-0.146
1.365,-3.76
0.68,-3.561
-0.404,-3.665
-0.384,-3.547
-0.979,-3.583
-1.203,-3.664
-2.037,-3.71
-2.789,-3.83
3.046,-3.574
2.511,-3.636
-0.707,0.228
-1.661,0.52
-2.37,0.526
2.476,0.255
1.577,-2.589
1.232,-1.369
0.533,-2.59
-0.242,-1.966
-0.464,-2.585
-0.813,-2.559
-2.587,-2.614
3.082,-1.351
0.866,-2.192
-1.11,-1.133
-3.044,-1.94
2.924,-2.826
2.819,-2.412
2.379,-2.821
2.181,-2.773
2.113,-2.005
0.575,-2.051
-0.421,-0.362
2.457,-1.433
1.009,-3.302
0.699,-3.353
0.187,-3.514
-1.188,-3.558
-1.777,-3.4
-2.106,-3.464
-2.263,-3.544
-2.32,-3.471
2.607,-3.533
2.42,-3.534
0.695,-3.755
-1.132,-3.928
-1.588,-3.789
-2.289,-3.985
-0.132,1.295
-0.04,-0.774
-0.392,1.018
-0.416,0.906
-0.327,-0.664
-0.492,-1.836
-0.494,-0.76
-0.579,0.337
-0.46,1.077
-0.625,-1.292
-0.525,-1.644
-0.67,0.949
-0.638,-0.081
-0.845,-0.166
-0.877,-1.872
-0.912,-1.864
-1.135,-1.509
-1.154,-0.947
-1.326,-0.53
-1.344,0.333
-1.394,-1.72
-1.283,0.26
-1.432,-1.007
-1.437,-1.416
-1.464,-0.924
-1.611,-0.473
-1.675,-1.667
-1.779,-0.996
-1.826,-0.485
-1.852,-1.312
-1.864,-1.701
-1.883,-1.214
-2.007,-0.007
-2.204,1.064
-2.228,-0.197
-2.276,0.927
-2.167,0.314
-2.31,1.101
-2.354,0.671
-2.461,0.343
-2.337,0.027
-2.458,-1.745
-2.493,-0.557
-2.733,-1.195
-2.766,-0.616
-2.89,-0.684
-2.81,0.844
-2.985,0.32
-3.138,-1.721
3.048,-0.088
3.098,-1.506
2.943,0.767
3.001,-1.739
2.802,-1.94
2.699,0.481
2.789,-0.001
2.583,0.413
2.594,-0.672
2.435,0.514
2.309,-1.295
2.316,-0.018
2.367,-0.072
2.365,-1.498
2.026,0.353
2.113,-2.251
1.932,-0.372
1.957,-0.851
1.734,0.795
1.376,-2.819
0.691,-2.62
-0.393,-2.724
-0.373,-2.606
-0.968,-2.642
-1.192,-2.723
-2.026,-2.769
-2.778,-2.889
3.057,-2.633
2.522,-2.695
-0.696,1.169
-1.65,1.461
-2.359,1.467
2.487,1.196
1.588,-1.648
1.243,-0.428
0.544,-1.649
-0.231,-1.025
-0.453,-1.644
-0.802,-1.618
-2.576,-1.673
3.093,-0.41
0.877,-1.251
-1.099,-0.192
-3.033,-0.999
2.935,-1.885
2.83,-1.471
2.39,-1.88
2.192,-1.832
2.124,-1.064
0.586,-1.11
-0.41,0.579
2.468,-0.492
1.02,-2.361
0.71,-2.412
0.198,-2.573
-1.177,-2.617
-1.766,-2.459
-2.095,-2.523
-2.252,-2.603
-2.309,-2.53
2.618,-2.592
2.431,-2.593
0.706,-2.814
-1.121,-2.987
-1.577,-2.848
-2.278,-3.044
0.092,-2.069
-0.26,-0.277
-0.284,-0.389
-0.195,-1.959
-0.36,-3.131
-0.362,-2.055
-0.447,-0.958
-0.328,-0.218
-0.493,-2.587
-0.393,-2.939
-0.538,-0.346
-0.506,-1.376
-0.713,-1.461
-0.745,-3.167
-0.78,-3.159
-1.003,-2.804
-1.022,-2.242
-1.194,-1.825
-1.212,-0.962
-1.262,-3.015
-1.151,-1.035
-1.3,-2.302
-1.305,-2.711
-1.332,-2.219
-1.479,-1.768
-1.543,-2.962
-1.647,-2.291
-1.694,-1.78
-1.72,-2.607
-1.732,-2.996
-1.751,-2.509
-1.875,-1.302
-2.072,-0.231
-2.096,-1.492
-2.144,-0.368
-2.035,-0.981
-2.178,-0.194
-2.222,-0.624
-2.329,-0.952
-2.205,-1.268
-2.326,-3.04
-2.361,-1.852
-2.601,-2.49
-2.634,-1.911
-2.758,-1.979
-2.678,-0.451
-2.853,-0.975
-3.006,-3.016
-3.103,-1.383
-3.053,-2.801
3.075,-0.528
3.133,-3.034
2.934,-3.235
2.831,-0.814
2.921,-1.296
2.715,-0.882
2.726,-1.967
2.567,-0.781
2.441,-2.59
2.448,-1.313
2.499,-1.367
2.497,-2.793
2.158,-0.942
2.245,-3.546
2.064,-1.667
2.089,-2.146
1.866,-0.5
1.508,-4.114
0.823,-3.915
-0.261,-4.019
-0.241,-3.901
-0.836,-3.937
-1.06,-4.018
-1.894,-4.064
-2.646,-4.184
-3.094,-3.928
2.654,-3.99
-0.564,-0.126
-1.518,0.166
-2.227,0.172
2.619,-0.099
1.72,-2.943
1.375,-1.723
0.676,-2.944
-0.099,-2.32
-0.321,-2.939
-0.67,-2.913
-2.444,-2.968
-3.058,-1.705
1.009,-2.546
-0.967,-1.487
-2.901,-2.294
3.067,-3.18
2.962,-2.766
2.522,-3.175
2.324,-3.127
2.256,-2.359
0.718,-2.405
-0.278,-0.716
2.6,-1.787
1.152,-3.656
0.842,-3.707
0.33,-3.868
-1.045,-3.912
-1.634,-3.754
-1.963,-3.818
-2.12,-3.898
-2.177,-3.825
2.75,-3.887
2.563,-3.888
0.838,-4.109
-0.989,-4.282
-1.445,-4.143
-2.146,-4.339
-0.352,1.792
-0.376,1.68
-0.287,0.11
-0.452,-1.062
-0.454,0.014
-0.539,1.111
-0.42,1.851
-0.585,-0.518
-0.485,-0.87
-0.63,1.723
-0.598,0.693
-0.805,0.608
-0.837,-1.098
-0.872,-1.09
-1.095,-0.735
-1.114,-0.173
-1.286,0.244
-1.304,1.107
-1.354,-0.946
-1.243,1.034
-1.392,-0.233
-1.397,-0.642
-1.424,-0.15
-1.571,0.301
-1.635,-0.893
-1.739,-0.222
-1.786,0.289
-1.812,-0.538
-1.824,-0.927
-1.843,-0.44
-1.967,0.767
-2.164,1.838
-2.188,0.577
-2.236,1.701
-2.127,1.088
-2.27,1.875
-2.314,1.445
-2.421,1.117
-2.297,0.801
-2.418,-0.971
-2.453,0.217
-2.693,-0.421
-2.726,0.158
-2.85,0.09
-2.77,1.618
-2.945,1.094
-3.098,-0.947
3.088,0.686
3.138,-0.732
2.983,1.541
3.041,-0.965
2.842,-1.166
2.739,1.255
2.829,0.773
2.623,1.187
2.634,0.102
2.475,1.288
2.349,-0.521
2.356,0.756
2.407,0.702
2.405,-0.724
2.066,1.127
2.153,-1.477
1.972,0.402
1.997,-0.077
1.774,1.569
1.416,-2.045
0.731,-1.846
-0.353,-1.95
-0.333,-1.832
-0.928,-1.868
-1.152,-1.949
-1.986,-1.995
-2.738,-2.115
3.097,-1.859
2.562,-1.921
-0.656,1.943
-1.61,2.235
-2.319,2.241
2.527,1.97
1.628,-0.874
1.283,0.346
0.584,-0.875
-0.191,-0.251
-0.413,-0.87
-0.762,-0.844
-2.536,-0.899
3.133,0.364
0.917,-0.477
-1.059,0.582
-2.993,-0.225
2.975,-1.111
2.87,-0.697
2.43,-1.106
2.232,-1.058
2.164,-0.29
0.626,-0.336
-0.37,1.353
2.508,0.282
1.06,-1.587
0.75,-1.638
0.238,-1.799
-1.137,-1.843
-1.726,-1.685
-2.055,-1.749
-2.212,-1.829
-2.269,-1.756
2.658,-1.818
2.471,-1.819
0.746,-2.04
-1.081,-2.213
-1.537,-2.074
-2.238,-2.27
-0.024,-0.112
0.065,-1.682
-0.1,-2.854
-0.102,-1.778
-0.187,-0.681
-0.068,0.059
-0.233,-2.31
-0.133,-2.662
-0.278,-0.069
-0.246,-1.099
-0.453,-1.184
-0.485,-2.89
-0.52,-2.882
-0.743,-2.527
-0.762,-1.965
-0.934,-1.548
-0.952,-0.685
-1.002,-2.738
-0.891,-0.758
-1.04,-2.025
-1.045,-2.434
-1.072,-1.942
-1.219,-1.491
-1.283,-2.685
-1.387,-2.014
-1.434,-1.503
-1.46,-2.33
-1.472,-2.719
-1.491,-2.232
-1.615,-1.025
-1.812,0.046
-1.836,-1.215
-1.884,-0.091
-1.775,-0.704
-1.918,0.083
-1.962,-0.347
-2.069,-0.675
-1.945,-0.991
-2.066,-2.763
-2.101,-1.575
-2.341,-2.213
-2.374,-1.634
-2.498,-1.702
-2.418,-0.174
-2.593,-0.698
-2.746,-2.739
-2.843,-1.106
-2.793,-2.524
-2.948,-0.251
-2.89,-2.757
-3.089,-2.958
3.091,-0.537
-3.102,-1.019
2.975,-0.605
2.986,-1.69
2.827,-0.504
2.701,-2.313
2.708,-1.036
2.759,-1.09
2.757,-2.516
2.418,-0.665
2.505,-3.269
2.324,-1.39
2.349,-1.869
2.126,-0.223
1.768,-3.837
1.083,-3.638
-0.001,-3.742
0.019,-3.624
-0.576,-3.66
-0.8,-3.741
-1.634,-3.787
-2.386,-3.907
-2.834,-3.651
2.914,-3.713
-0.304,0.151
-1.258,0.443
-1.967,0.449
2.879,0.178
1.98,-2.666
1.635,-1.446
0.936,-2.667
0.161,-2.043
-0.061,-2.662
-0.41,-2.636
-2.184,-2.691
-2.798,-1.428
1.269,-2.269
-0.707,-1.21
-2.641,-2.017
-2.956,-2.903
-3.061,-2.489
2.782,-2.898
2.584,-2.85
2.516,-2.082
0.978,-2.128
-0.018,-0.439
2.86,-1.51
1.412,-3.379
1.102,-3.43
0.59,-3.591
-0.785,-3.635
-1.374,-3.477
-1.703,-3.541
-1.86,-3.621
-1.917,-3.548
3.01,-3.61
2.823,-3.611
1.098,-3.832
-0.729,-4.005
-1.185,-3.866
-1.886,-4.062
0.089,-1.57
-0.076,-2.742
-0.078,-1.666
-0.163,-0.569
-0.044,0.171
-0.209,-2.198
-0.109,-2.55
-0.254,0.043
-0.222,-0.987
-0.429,-1.072
-0.461,-2.778
-0.496,-2.77
-0.719,-2.415
-0.738,-1.853
-0.91,-1.436
-0.928,-0.573
-0.978,-2.626
-0.867,-0.646
-1.016,-1.913
-1.021,-2.322
-1.048,-1.83
-1.195,-1.379
-1.259,-2.573
-1.363,-1.902
-1.41,-1.391
-1.436,-2.218
-1.448,-2.607
-1.467,-2.12
-1.591,-0.913
-1.788,0.158
-1.812,-1.103
-1.86,0.021
-1.751,-0.592
-1.894,0.195
-1.938,-0.235
-2.045,-0.563
-1.921,-0.879
-2.042,-2.651
-2.077,-1.463
-2.317,-2.101
-2.35,-1.522
-2.474,-1.59
-2.394,-0.062
-2.569,-0.586
-2.722,-2.627
-2.819,-0.994
-2.769,-2.412
-2.924,-0.139
-2.866,-2.645
-3.065,-2.846
3.115,-0.425
-3.078,-0.907
2.999,-0.493
3.01,-1.578
2.851,-0.392
2.725,-2.201
2.732,-0.924
2.783,-0.978
2.781,-2.404
2.442,-0.553
2.529,-3.157
2.348,-1.278
2.373,-1.757
2.15,-0.111
1.792,-3.725
1.107,-3.526
0.023,-3.63
0.043,-3.512
-0.552,-3.548
-0.776,-3.629
-1.61,-3.675
-2.362,-3.795
-2.81,-3.539
2.938,-3.601
-0.28,0.263
-1.234,0.555
-1.943,0.561
2.903,0.29
2.004,-2.554
1.659,-1.334
0.96,-2.555
0.185,-1.931
-0.037,-2.55
-0.386,-2.524
-2.16,-2.579
-2.774,-1.316
1.293,-2.157
-0.683,-1.098
-2.617,-1.905
-2.932,-2.791
-3.037,-2.377
2.806,-2.786
2.608,-2.738
2.54,-1.97
1.002,-2.016
0.006,-0.327
2.884,-1.398
1.436,-3.267
1.126,-3.318
0.614,-3.479
-0.761,-3.523
-1.35,-3.365
-1.679,-3.429
-1.836,-3.509
-1.893,-3.436
3.034,-3.498
2.847,-3.499
1.122,-3.72
-0.705,-3.893
-1.161,-3.754
-1.862,-3.95
-0.165,-1.172
-0.167,-0.096
-0.252,1.001
-0.133,1.741
-0.298,-0.628
-0.198,-0.98
-0.343,1.613
-0.311,0.583
-0.518,0.498
-0.55,-1.208
-0.585,-1.2
-0.808,-0.845
-0.827,-0.283
-0.999,0.134
-1.017,0.997
-1.067,-1.056
-0.956,0.924
-1.105,-0.343
-1.11,-0.752
-1.137,-0.26
-1.284,0.191
-1.348,-1.003
-1.452,-0.332
-1.499,0.179
-1.525,-0.648
-1.537,-1.037
-1.556,-0.55
-1.68,0.657
-1.877,1.728
-1.901,0.467
-1.949,1.591
-1.84,0.978
-1.983,1.765
-2.027,1.335
-2.134,1.007
-2.01,0.691
-2.131,-1.081
-2.166,0.107
-2.406,-0.531
-2.439,0.048
-2.563,-0.02
-2.483,1.508
-2.658,0.984
-2.811,-1.057
-2.908,0.576
-2.858,-0.842
-3.013,1.431
-2.955,-1.075
3.129,-1.276
3.026,1.145
3.116,0.663
2.91,1.077
2.921,-0.008
2.762,1.178
2.636,-0.631
2.643,0.646
2.694,0.592
2.692,-0.834
2.353,1.017
2.44,-1.587
2.259,0.292
2.284,-0.187
2.061,1.459
1.703,-2.155
1.018,-1.956
-0.066,-2.06
-0.046,-1.942
-0.641,-1.978
-0.865,-2.059
-1.699,-2.105
-2.451,-2.225
-2.899,-1.969
2.849,-2.031
-0.369,1.833
-1.323,2.125
-2.032,2.131
2.814,1.86
1.915,-0.984
1.57,0.236
0.871,-0.985
0.096,-0.361
-0.126,-0.98
-0.475,-0.954
-2.249,-1.009
-2.863,0.254
1.204,-0.587
-0.772,0.472
-2.706,-0.335
-3.021,-1.221
-3.126,-0.807
2.717,-1.216
2.519,-1.168
2.451,-0.4
0.913,-0.446
-0.083,1.243
2.795,0.172
1.347,-1.697
1.037,-1.748
0.525,-1.909
-0.85,-1.953
-1.439,-1.795
-1.768,-1.859
-1.925,-1.939
-1.982,-1.866
2.945,-1.928
2.758,-1.929
1.033,-2.15
-0.794,-2.323
-1.25,-2.184
-1.951,-2.38
-0.002,1.076
-0.087,2.173
0.032,2.913
-0.133,0.544
-0.033,0.192
-0.178,2.785
-0.146,1.755
-0.353,1.67
-0.385,-0.036
-0.42,-0.028
-0.643,0.327
-0.662,0.889
-0.834,1.306
-0.852,2.169
-0.902,0.116
-0.791,2.096
-0.94,0.829
-0.945,0.42
-0.972,0.912
-1.119,1.363
-1.183,0.169
-1.287,0.84
-1.334,1.351
-1.36,0.524
-1.372,0.135
-1.391,0.622
-1.515,1.829
-1.712,2.9
-1.736,1.639
-1.784,2.763
-1.675,2.15
-1.818,2.937
-1.862,2.507
-1.969,2.179
-1.845,1.863
-1.966,0.091
-2.001,1.279
-2.241,0.641
-2.274,1.22
-2.398,1.152
-2.318,2.68
-2.493,2.156
-2.646,0.115
-2.743,1.748
-2.693,0.33
-2.848,2.603
-2.79,0.097
-2.989,-0.104
-3.092,2.317
-3.002,1.835
3.075,2.249
3.086,1.164
2.927,2.35
2.801,0.541
2.808,1.818
2.859,1.764
2.857,0.338
2.518,2.189
2.605,-0.415
2.424,1.464
2.449,0.985
2.226,2.631
1.868,-0.983
1.183,-0.784
0.099,-0.888
0.119,-0.77
-0.476,-0.806
-0.7,-0.887
-1.534,-0.933
-2.286,-1.053
-2.734,-0.797
3.014,-0.859
-0.204,3.005
-1.158,3.297
-1.867,3.303
2.979,3.032
2.08,0.188
1.735,1.408
1.036,0.187
0.261,0.811
0.039,0.192
-0.31,0.218
-2.084,0.163
-2.698,1.426
1.369,0.585
-0.607,1.644
-2.541,0.837
-2.856,-0.049
-2.961,0.365
2.882,-0.044
2.684,0.004
2.616,0.772
1.078,0.726
0.082,2.415
2.96,1.344
1.512,-0.525
1.202,-0.576
0.69,-0.737
-0.685,-0.781
-1.274,-0.623
-1.603,-0.687
-1.76,-0.767
-1.817,-0.694
3.11,-0.756
2.923,-0.757
1.198,-0.978
-0.629,-1.151
-1.085,-1.012
-1.786,-1.208
-0.085,1.097
0.034,1.837
-0.131,-0.532
-0.031,-0.884
-0.176,1.709
-0.144,0.679
-0.351,0.594
-0.383,-1.112
-0.418,-1.104
-0.641,-0.749
-0.66,-0.187
-0.832,0.23
-0.85,1.093
-0.9,-0.96
-0.789,1.02
-0.938,-0.247
-0.943,-0.656
-0.97,-0.164
-1.117,0.287
-1.181,-0.907
-1.285,-0.236
-1.332,0.275
-1.358,-0.552
-1.37,-0.941
-1.389,-0.454
-1.513,0.753
-1.71,1.824
-1.734,0.563
-1.782,1.687
-1.673,1.074
-1.816,1.861
-1.86,1.431
-1.967,1.103
-1.843,0.787
-1.964,-0.985
-1.999,0.203
-2.239,-0.435
-2.272,0.144
-2.396,0.076
-2.316,1.604
-2.491,1.08
-2.644,-0.961
-2.741,0.672
-2.691,-0.746
-2.846,1.527
-2.788,-0.979
-2.987,-1.18
-3.09,1.241
-3.0,0.759
3.077,1.173
3.088,0.088
2.929,1.274
2.803,-0.535
2.81,0.742
2.861,0.688
2.859,-0.738
2.52,1.113
2.607,-1.491
2.426,0.388
2.451,-0.091
2.228,1.555
1.87,-2.059
1.185,-1.86
0.101,-1.964
0.121,-1.846
-0.474,-1.882
-0.698,-1.963
-1.532,-2.009
-2.284,-2.129
-2.732,-1.873
3.016,-1.935
-0.202,1.929
-1.156,2.221
-1.865,2.227
2.981,1.956
2.082,-0.888
1.737,0.332
1.038,-0.889
0.263,-0.265
0.041,-0.884
-0.308,-0.858
-2.082,-0.913
-2.696,0.35
1.371,-0.491
-0.605,0.568
-2.539,-0.239
-2.854,-1.125
-2.959,-0.711
2.884,-1.12
2.686,-1.072
2.618,-0.304
1.08,-0.35
0.084,1.339
2.962,0.268
1.514,-1.601
1.204,-1.652
0.692,-1.813
-0.683,-1.857
-1.272,-1.699
-1.601,-1.763
-1.758,-1.843
-1.815,-1.77
3.112,-1.832
2.925,-1.833
1.2,-2.054
-0.627,-2.227
-1.083,-2.088
-1.784,-2.284
0.119,0.74
-0.046,-1.629
0.054,-1.981
-0.091,0.612
-0.059,-0.418
-0.266,-0.503
-0.298,-2.209
-0.333,-2.201
-0.556,-1.846
-0.575,-1.284
-0.747,-0.867
-0.765,-0.004
-0.815,-2.057
-0.704,-0.077
-0.853,-1.344
-0.858,-1.753
-0.885,-1.261
-1.032,-0.81
-1.096,-2.004
-1.2,-1.333
-1.247,-0.822
-1.273,-1.649
-1.285,-2.038
-1.304,-1.551
-1.428,-0.344
-1.625,0.727
-1.649,-0.534
-1.697,0.59
-1.588,-0.023
-1.731,0.764
-1.775,0.334
-1.882,0.006
-1.758,-0.31
-1.879,-2.082
-1.914,-0.894
-2.154,-1.532
-2.187,-0.953
-2.311,-1.021
-2.231,0.507
-2.406,-0.017
-2.559,-2.058
-2.656,-0.425
-2.606,-1.843
-2.761,0.43
-2.703,-2.076
-2.902,-2.277
-3.005,0.144
-2.915,-0.338
-3.121,0.076
-3.11,-1.009
3.014,0.177
2.888,-1.632
2.895,-0.355
2.946,-0.409
2.944,-1.835
2.605,0.016
2.692,-2.588
2.511,-0.709
2.536,-1.188
2.313,0.458
1.955,-3.156
1.27,-2.957
0.186,-3.061
0.206,-2.943
-0.389,-2.979
-0.613,-3.06
-1.447,-3.106
-2.199,-3.226
-2.647,-2.97
3.101,-3.032
-0.117,0.832
-1.071,1.124
-1.78,1.13
3.066,0.859
2.167,-1.985
1.822,-0.765
1.123,-1.986
0.348,-1.362
0.126,-1.981
-0.223,-1.955
-1.997,-2.01
-2.611,-0.747
1.456,-1.588
-0.52,-0.529
-2.454,-1.336
-2.769,-2.222
-2.874,-1.808
2.969,-2.217
2.771,-2.169
2.703,-1.401
1.165,-1.447
0.169,0.242
3.047,-0.829
1.599,-2.698
1.289,-2.749
0.777,-2.91
-0.598,-2.954
-1.187,-2.796
-1.516,-2.86
-1.673,-2.94
-1.73,-2.867
-3.086,-2.929
3.01,-2.93
1.285,-3.151
-0.542,-3.324
-0.998,-3.185
-1.699,-3.381
-0.165,-2.369
-0.065,-2.721
-0.21,-0.128
-0.178,-1.158
-0.385,-1.243
-0.417,-2.949
-0.452,-2.941
-0.675,-2.586
-0.694,-2.024
-0.866,-1.607
-0.884,-0.744
-0.934,-2.797
-0.823,-0.817
-0.972,-2.084
-0.977,-2.493
-1.004,-2.001
-1.151,-1.55
-1.215,-2.744
-1.319,-2.073
-1.366,-1.562
-1.392,-2.389
-1.404,-2.778
-1.423,-2.291
-1.547,-1.084
-1.744,-0.013
-1.768,-1.274
-1.816,-0.15
-1.707,-0.763
-1.85,0.024
-1.894,-0.406
-2.001,-0.734
-1.877,-1.05
-1.998,-2.822
-2.033,-1.634
-2.273,-2.272
-2.306,-1.693
-2.43,-1.761
-2.35,-0.233
-2.525,-0.757
-2.678,-2.798
-2.775,-1.165
-2.725,-2.583
-2.88,-0.31
-2.822,-2.816
-3.021,-3.017
-3.124,-0.596
-3.034,-1.078
3.043,-0.664
3.054,-1.749
2.895,-0.563
2.769,-2.372
2.776,-1.095
2.827,-1.149
2.825,-2.575
2.486,-0.724
2.573,-3.328
2.392,-1.449
2.417,-1.928
2.194,-0.282
1.836,-3.896
1.151,-3.697
0.067,-3.801
0.087,-3.683
-0.508,-3.719
-0.732,-3.8
-1.566,-3.846
-2.318,-3.966
-2.766,-3.71
2.982,-3.772
-0.236,0.092
-1.19,0.384
-1.899,0.39
2.947,0.119
2.048,-2.725
1.703,-1.505
1.004,-2.726
0.229,-2.102
0.007,-2.721
-0.342,-2.695
-2.116,-2.75
-2.73,-1.487
1.337,-2.328
-0.639,-1.269
-2.573,-2.076
-2.888,-2.962
-2.993,-2.548
2.85,-2.957
2.652,-2.909
2.584,-2.141
1.046,-2.187
0.05,-0.498
2.928,-1.569
1.48,-3.438
1.17,-3.489
0.658,-3.65
-0.717,-3.694
-1.306,-3.536
-1.635,-3.6
-1.792,-3.68
-1.849,-3.607
3.078,-3.669
2.891,-3.67
1.166,-3.891
-0.661,-4.064
-1.117,-3.925
-1.818,-4.121
0.1,-0.352
-0.045,2.241
-0.013,1.211
-0.22,1.126
-0.252,-0.58
-0.287,-0.572
-0.51,-0.217
-0.529,0.345
-0.701,0.762
-0.719,1.625
-0.769,-0.428
-0.658,1.552
-0.807,0.285
-0.812,-0.124
-0.839,0.368
-0.986,0.819
-1.05,-0.375
-1.154,0.296
-1.201,0.807
-1.227,-0.02
-1.239,-0.409
-1.258,0.078
-1.382,1.285
-1.579,2.356
-1.603,1.095
-1.651,2.219
-1.542,1.606
-1.685,2.393
-1.729,1.963
-1.836,1.635
-1.712,1.319
-1.833,-0.453
-1.868,0.735
-2.108,0.097
-2.141,0.676
-2.265,0.608
-2.185,2.136
-2.36,1.612
-2.513,-0.429
-2.61,1.204
-2.56,-0.214
-2.715,2.059
-2.657,-0.447
-2.856,-0.648
-2.959,1.773
-2.869,1.291
-3.075,1.705
-3.064,0.62
3.06,1.806
2.934,-0.003
2.941,1.274
2.992,1.22
2.99,-0.206
2.651,1.645
2.738,-0.959
2.557,0.92
2.582,0.441
2.359,2.087
2.001,-1.527
1.316,-1.328
0.232,-1.432
0.252,-1.314
-0.343,-1.35
-0.567,-1.431
-1.401,-1.477
-2.153,-1.597
-2.601,-1.341
-3.136,-1.403
-0.071,2.461
-1.025,2.753
-1.734,2.759
3.112,2.488
2.213,-0.356
1.868,0.864
1.169,-0.357
0.394,0.267
0.172,-0.352
-0.177,-0.326
-1.951,-0.381
-2.565,0.882
1.502,0.041
-0.474,1.1
-2.408,0.293
-2.723,-0.593
-2.828,-0.179
3.015,-0.588
2.817,-0.54
2.749,0.228
1.211,0.182
0.215,1.871
3.093,0.8
1.645,-1.069
1.335,-1.12
0.823,-1.281
-0.552,-1.325
-1.141,-1.167
-1.47,-1.231
-1.627,-1.311
-1.684,-1.238
-3.04,-1.3
3.056,-1.301
1.331,-1.522
-0.496,-1.695
-0.952,-1.556
-1.653,-1.752
-0.145,2.593
-0.113,1.563
-0.32,1.478
-0.352,-0.228
-0.387,-0.22
-0.61,0.135
-0.629,0.697
-0.801,1.114
-0.819,1.977
-0.869,-0.076
-0.758,1.904
-0.907,0.637
-0.912,0.228
-0.939,0.72
-1.086,1.171
-1.15,-0.023
-1.254,0.648
-1.301,1.159
-1.327,0.332
-1.339,-0.057
-1.358,0.43
-1.482,1.637
-1.679,2.708
-1.703,1.447
-1.751,2.571
-1.642,1.958
-1.785,2.745
-1.829,2.315
-1.936,1.987
-1.812,1.671
-1.933,-0.101
-1.968,1.087
-2.208,0.449
-2.241,1.028
-2.365,0.96
-2.285,2.488
-2.46,1.964
-2.613,-0.077
-2.71,1.556
-2.66,0.138
-2.815,2.411
-2.757,-0.095
-2.956,-0.296
-3.059,2.125
-2.969,1.643
3.108,2.057
3.119,0.972
2.96,2.158
2.834,0.349
2.841,1.626
2.892,1.572
2.89,0.146
2.551,1.997
2.638,-0.607
2.457,1.272
2.482,0.793
2.259,2.439
1.901,-1.175
1.216,-0.976
0.132,-1.08
0.152,-0.962
-0.443,-0.998
-0.667,-1.079
-1.501,-1.125
-2.253,-1.245
-2.701,-0.989
3.047,-1.051
-0.171,2.813
-1.125,3.105
-1.834,3.111
3.012,2.84
2.113,-0.004
1.768,1.216
1.069,-0.005
0.294,0.619
0.072,0.0
-0.277,0.026
-2.051,-0.029
-2.665,1.234
1.402,0.393
-0.574,1.452
-2.508,0.645
-2.823,-0.241
-2.928,0.173
2.915,-0.236
2.717,-0.188
2.649,0.58
1.111,0.534
0.115,2.223
2.993,1.152
1.545,-0.717
1.235,-0.768
0.723,-0.929
-0.652,-0.973
-1.241,-0.815
-1.57,-0.879
-1.727,-0.959
-1.784,-0.886
-3.14,-0.948
2.956,-0.949
1.231,-1.17
-0.596,-1.343
-1.052,-1.204
-1.753,-1.4
0.032,-1.03
-0.175,-1.115
-0.207,-2.821
-0.242,-2.813
-0.465,-2.458
-0.484,-1.896
-0.656,-1.479
-0.674,-0.616
-0.724,-2.669
-0.613,-0.689
-0.762,-1.956
-0.767,-2.365
-0.794,-1.873
-0.941,-1.422
-1.005,-2.616
-1.109,-1.945
-1.156,-1.434
-1.182,-2.261
-1.194,-2.65
-1.213,-2.163
-1.337,-0.956
-1.534,0.115
-1.558,-1.146
-1.606,-0.022
-1.497,-0.635
-1.64,0.152
-1.684,-0.278
-1.791,-0.606
-1.667,-0.922
-1.788,-2.694
-1.823,-1.506
-2.063,-2.144
-2.096,-1.565
-2.22,-1.633
-2.14,-0.105
-2.315,-0.629
-2.468,-2.67
-2.565,-1.037
-2.515,-2.455
-2.67,-0.182
-2.612,-2.688
-2.811,-2.889
-2.914,-0.468
-2.824,-0.95
-3.03,-0.536
-3.019,-1.621
3.105,-0.435
2.979,-2.244
2.986,-0.967
3.037,-1.021
3.035,-2.447
2.696,-0.596
2.783,-3.2
2.602,-1.321
2.627,-1.8
2.404,-0.154
2.046,-3.768
1.361,-3.569
0.277,-3.673
0.297,-3.555
-0.298,-3.591
-0.522,-3.672
-1.356,-3.718
-2.108,-3.838
-2.556,-3.582
-3.091,-3.644
-0.026,0.22
-0.98,0.512
-1.689,0.518
-3.126,0.247
2.258,-2.597
1.913,-1.377
1.214,-2.598
0.439,-1.974
0.217,-2.593
-0.132,-2.567
-1.906,-2.622
-2.52,-1.359
1.547,-2.2
-0.429,-1.141
-2.363,-1.948
-2.678,-2.834
-2.783,-2.42
3.06,-2.829
2.862,-2.781
2.794,-2.013
1.256,-2.059
0.26,-0.37
3.138,-1.441
1.69,-3.31
1.38,-3.361
0.868,-3.522
-0.507,-3.566
-1.096,-3.408
-1.425,-3.472
-1.582,-3.552
-1.639,-3.479
-2.995,-3.541
3.101,-3.542
1.376,-3.763
-0.451,-3.936
-0.907,-3.797
-1.608,-3.993
-0.207,-0.085
-0.239,-1.791
-0.274,-1.783
-0.497,-1.428
-0.516,-0.866
-0.688,-0.449
-0.706,0.414
-0.756,-1.639
-0.645,0.341
-0.794,-0.926
-0.799,-1.335
-0.826,-0.843
-0.973,-0.392
-1.037,-1.586
-1.141,-0.915
-1.188,-0.404
-1.214,-1.231
-1.226,-1.62
-1.245,-1.133
-1.369,0.074
-1.566,1.145
-1.59,-0.116
-1.638,1.008
-1.529,0.395
-1.672,1.182
-1.716,0.752
-1.823,0.424
-1.699,0.108
-1.82,-1.664
-1.855,-0.476
-2.095,-1.114
-2.128,-0.535
-2.252,-0.603
-2.172,0.925
-2.347,0.401
-2.5,-1.64
-2.597,-0.007
-2.547,-1.425
-2.702,0.848
-2.644,-1.658
-2.843,-1.859
-2.946,0.562
-2.856,0.08
-3.062,0.494
-3.051,-0.591
3.073,0.595
2.947,-1.214
2.954,0.063
3.005,0.009
3.003,-1.417
2.664,0.434
2.751,-2.17
2.57,-0.291
2.595,-0.77
2.372,0.876
2.014,-2.738
1.329,-2.539
0.245,-2.643
0.265,-2.525
-0.33,-2.561
-0.554,-2.642
-1.388,-2.688
-2.14,-2.808
-2.588,-2.552
-3.123,-2.614
-0.058,1.25
-1.012,1.542
-1.721,1.548
3.125,1.277
2.226,-1.567
1.881,-0.347
1.182,-1.568
0.407,-0.944
0.185,-1.563
-0.164,-1.537
-1.938,-1.592
-2.552,-0.329
1.515,-1.17
-0.461,-0.111
-2.395,-0.918
-2.71,-1.804
-2.815,-1.39
3.028,-1.799
2.83,-1.751
2.762,-0.983
1.224,-1.029
0.228,0.66
3.106,-0.411
1.658,-2.28
1.348,-2.331
0.836,-2.492
-0.539,-2.536
-1.128,-2.378
-1.457,-2.442
-1.614,-2.522
-1.671,-2.449
-3.027,-2.511
3.069,-2.512
1.344,-2.733
-0.483,-2.906
-0.939,-2.767
-1.64,-2.963
-0.032,-1.706
-0.067,-1.698
-0.29,-1.343
-0.309,-0.781
-0.481,-0.364
-0.499,0.499
-0.549,-1.554
-0.438,0.426
-0.587,-0.841
-0.592,-1.25
-0.619,-0.758
-0.766,-0.307
-0.83,-1.501
-0.934,-0.83
-0.981,-0.319
-1.007,-1.146
-1.019,-1.535
-1.038,-1.048
-1.162,0.159
-1.359,1.23
-1.383,-0.031
-1.431,1.093
-1.322,0.48
-1.465,1.267
-1.509,0.837
-1.616,0.509
-1.492,0.193
-1.613,-1.579
-1.648,-0.391
-1.888,-1.029
-1.921,-0.45
-2.045,-0.518
-1.965,1.01
-2.14,0.486
-2.293,-1.555
-2.39,0.078
-2.34,-1.34
-2.495,0.933
-2.437,-1.573
-2.636,-1.774
-2.739,0.647
-2.649,0.165
-2.855,0.579
-2.844,-0.506
-3.003,0.68
-3.129,-1.129
-3.122,0.148
-3.071,0.094
-3.073,-1.332
2.871,0.519
2.958,-2.085
2.777,-0.206
2.802,-0.685
2.579,0.961
2.221,-2.653
1.536,-2.454
0.452,-2.558
0.472,-2.44
-0.123,-2.476
-0.347,-2.557
-1.181,-2.603
-1.933,-2.723
-2.381,-2.467
-2.916,-2.529
0.149,1.335
-0.805,1.627
-1.514,1.633
-2.951,1.362
2.433,-1.482
2.088,-0.262
1.389,-1.483
0.614,-0.859
0.392,-1.478
0.043,-1.452
-1.731,-1.507
-2.345,-0.244
1.722,-1.085
-0.254,-0.026
-2.188,-0.833
-2.503,-1.719
-2.608,-1.305
-3.048,-1.714
3.037,-1.666
2.969,-0.898
1.431,-0.944
0.435,0.745
-2.97,-0.326
1.865,-2.195
1.555,-2.246
1.043,-2.407
-0.332,-2.451
-0.921,-2.293
-1.25,-2.357
-1.407,-2.437
-1.464,-2.364
-2.82,-2.426
-3.007,-2.427
1.551,-2.648
-0.276,-2.821
-0.732,-2.682
-1.433,-2.878
-0.035,0.008
-0.258,0.363
-0.277,0.925
-0.449,1.342
-0.467,2.205
-0.517,0.152
-0.406,2.132
-0.555,0.865
-0.56,0.456
-0.587,0.948
-0.734,1.399
-0.798,0.205
-0.902,0.876
-0.949,1.387
-0.975,0.56
-0.987,0.171
-1.006,0.658
-1.13,1.865
-1.327,2.936
-1.351,1.675
-1.399,2.799
-1.29,2.186
-1.433,2.973
-1.477,2.543
-1.584,2.215
-1.46,1.899
-1.581,0.127
-1.616,1.315
-1.856,0.677
-1.889,1.256
-2.013,1.188
-1.933,2.716
-2.108,2.192
-2.261,0.151
-2.358,1.784
-2.308,0.366
-2.463,2.639
-2.405,0.133
-2.604,-0.068
-2.707,2.353
-2.617,1.871
-2.823,2.285
-2.812,1.2
-2.971,2.386
-3.097,0.577
-3.09,1.854
-3.039,1.8
-3.041,0.374
2.903,2.225
2.99,-0.379
2.809,1.5
2.834,1.021
2.611,2.667
2.253,-0.947
1.568,-0.748
0.484,-0.852
0.504,-0.734
-0.091,-0.77
-0.315,-0.851
-1.149,-0.897
-1.901,-1.017
-2.349,-0.761
-2.884,-0.823
0.181,3.041
-0.773,3.333
-1.482,3.339
-2.919,3.068
2.465,0.224
2.12,1.444
1.421,0.223
0.646,0.847
0.424,0.228
0.075,0.254
-1.699,0.199
-2.313,1.462
1.754,0.621
-0.222,1.68
-2.156,0.873
-2.471,-0.013
-2.576,0.401
-3.016,-0.008
3.069,0.04
3.001,0.808
1.463,0.762
0.467,2.451
-2.938,1.38
1.897,-0.489
1.587,-0.54
1.075,-0.701
-0.3,-0.745
-0.889,-0.587
-1.218,-0.651
-1.375,-0.731
-1.432,-0.658
-2.788,-0.72
-2.975,-0.721
1.583,-0.942
-0.244,-1.115
-0.7,-0.976
-1.401,-1.172
-0.223,0.355
-0.242,0.917
-0.414,1.334
-0.432,2.197
-0.482,0.144
-0.371,2.124
-0.52,0.857
-0.525,0.448
-0.552,0.94
-0.699,1.391
-0.763,0.197
-0.867,0.868
-0.914,1.379
-0.94,0.552
-0.952,0.163
-0.971,0.65
-1.095,1.857
-1.292,2.928
-1.316,1.667
-1.364,2.791
-1.255,2.178
-1.398,2.965
-1.442,2.535
-1.549,2.207
-1.425,1.891
-1.546,0.119
-1.581,1.307
-1.821,0.669
-1.854,1.248
-1.978,1.18
-1.898,2.708
-2.073,2.184
-2.226,0.143
-2.323,1.776
-2.273,0.358
-2.428,2.631
-2.37,0.125
-2.569,-0.076
-2.672,2.345
-2.582,1.863
-2.788,2.277
-2.777,1.192
-2.936,2.378
-3.062,0.569
-3.055,1.846
-3.004,1.792
-3.006,0.366
2.938,2.217
3.025,-0.387
2.844,1.492
2.869,1.013
2.646,2.659
2.288,-0.955
1.603,-0.756
0.519,-0.86
0.539,-0.742
-0.056,-0.778
-0.28,-0.859
-1.114,-0.905
-1.866,-1.025
-2.314,-0.769
-2.849,-0.831
0.216,3.033
-0.738,3.325
-1.447,3.331
-2.884,3.06
2.5,0.216
2.155,1.436
1.456,0.215
0.681,0.839
0.459,0.22
0.11,0.246
-1.664,0.191
-2.278,1.454
1.789,0.613
-0.187,1.672
-2.121,0.865
-2.436,-0.021
-2.541,0.393
-2.981,-0.016
3.104,0.032
3.036,0.8
1.498,0.754
0.502,2.443
-2.903,1.372
1.932,-0.497
1.622,-0.548
1.11,-0.709
-0.265,-0.753
-0.854,-0.595
-1.183,-0.659
-1.34,-0.739
-1.397,-0.666
-2.753,-0.728
-2.94,-0.729
1.618,-0.95
-0.209,-1.123
-0.665,-0.984
-1.366,-1.18
-0.019,0.562
-0.191,0.979
-0.209,1.842
-0.259,-0.211
-0.148,1.769
-0.297,0.502
-0.302,0.093
-0.329,0.585
-0.476,1.036
-0.54,-0.158
-0.644,0.513
-0.691,1.024
-0.717,0.197
-0.729,-0.192
-0.748,0.295
-0.872,1.502
-1.069,2.573
-1.093,1.312
-1.141,2.436
-1.032,1.823
-1.175,2.61
-1.219,2.18
-1.326,1.852
-1.202,1.536
-1.323,-0.236
-1.358,0.952
-1.598,0.314
-1.631,0.893
-1.755,0.825
-1.675,2.353
-1.85,1.829
-2.003,-0.212
-2.1,1.421
-2.05,0.003
-2.205,2.276
-2.147,-0.23
-2.346,-0.431
-2.449,1.99
-2.359,1.508
-2.565,1.922
-2.554,0.837
-2.713,2.023
-2.839,0.214
-2.832,1.491
-2.781,1.437
-2.783,0.011
-3.122,1.862
-3.035,-0.742
3.067,1.137
3.092,0.658
2.869,2.304
2.511,-1.31
1.826,-1.111
0.742,-1.215
0.762,-1.097
0.167,-1.133
-0.057,-1.214
-0.891,-1.26
-1.643,-1.38
-2.091,-1.124
-2.626,-1.186
0.439,2.678
-0.515,2.97
-1.224,2.976
-2.661,2.705
2.723,-0.139
2.378,1.081
1.679,-0.14
0.904,0.484
0.682,-0.135
0.333,-0.109
-1.441,-0.164
-2.055,1.099
2.012,0.258
0.036,1.317
-1.898,0.51
-2.213,-0.376
-2.318,0.038
-2.758,-0.371
-2.956,-0.323
-3.024,0.445
1.721,0.399
0.725,2.088
-2.68,1.017
2.155,-0.852
1.845,-0.903
1.333,-1.064
-0.042,-1.108
-0.631,-0.95
-0.96,-1.014
-1.117,-1.094
-1.174,-1.021
-2.53,-1.083
-2.717,-1.084
1.841,-1.305
0.014,-1.478
-0.442,-1.339
-1.143,-1.535
-0.172,0.417
-0.19,1.28
-0.24,-0.773
-0.129,1.207
-0.278,-0.06
-0.283,-0.469
-0.31,0.023
-0.457,0.474
-0.521,-0.72
-0.625,-0.049
-0.672,0.462
-0.698,-0.365
-0.71,-0.754
-0.729,-0.267
-0.853,0.94
-1.05,2.011
-1.074,0.75
-1.122,1.874
-1.013,1.261
-1.156,2.048
-1.2,1.618
-1.307,1.29
-1.183,0.974
-1.304,-0.798
-1.339,0.39
-1.579,-0.248
-1.612,0.331
-1.736,0.263
-1.656,1.791
-1.831,1.267
-1.984,-0.774
-2.081,0.859
-2.031,-0.559
-2.186,1.714
-2.128,-0.792
-2.327,-0.993
-2.43,1.428
-2.34,0.946
-2.546,1.36
-2.535,0.275
-2.694,1.461
-2.82,-0.348
-2.813,0.929
-2.762,0.875
-2.764,-0.551
-3.103,1.3
-3.016,-1.304
3.086,0.575
3.111,0.096
2.888,1.742
2.53,-1.872
1.845,-1.673
0.761,-1.777
0.781,-1.659
0.186,-1.695
-0.038,-1.776
-0.872,-1.822
-1.624,-1.942
-2.072,-1.686
-2.607,-1.748
0.458,2.116
-0.496,2.408
-1.205,2.414
-2.642,2.143
2.742,-0.701
2.397,0.519
1.698,-0.702
0.923,-0.078
0.701,-0.697
0.352,-0.671
-1.422,-0.726
-2.036,0.537
2.031,-0.304
0.055,0.755
-1.879,-0.052
-2.194,-0.938
-2.299,-0.524
-2.739,-0.933
-2.937,-0.885
-3.005,-0.117
1.74,-0.163
0.744,1.526
-2.661,0.455
2.174,-1.414
1.864,-1.465
1.352,-1.626
-0.023,-1.67
-0.612,-1.512
-0.941,-1.576
-1.098,-1.656
-1.155,-1.583
-2.511,-1.645
-2.698,-1.646
1.86,-1.867
0.033,-2.04
-0.423,-1.901
-1.124,-2.097
-0.018,0.863
-0.068,-1.19
0.043,0.79
-0.106,-0.477
-0.111,-0.886
-0.138,-0.394
-0.285,0.057
-0.349,-1.137
-0.453,-0.466
-0.5,0.045
-0.526,-0.782
-0.538,-1.171
-0.557,-0.684
-0.681,0.523
-0.878,1.594
-0.902,0.333
-0.95,1.457
-0.841,0.844
-0.984,1.631
-1.028,1.201
-1.135,0.873
-1.011,0.557
-1.132,-1.215
-1.167,-0.027
-1.407,-0.665
-1.44,-0.086
-1.564,-0.154
-1.484,1.374
-1.659,0.85
-1.812,-1.191
-1.909,0.442
-1.859,-0.976
-2.014,1.297
-1.956,-1.209
-2.155,-1.41
-2.258,1.011
-2.168,0.529
-2.374,0.943
-2.363,-0.142
-2.522,1.044
-2.648,-0.765
-2.641,0.512
-2.59,0.458
-2.592,-0.968
-2.931,0.883
-2.844,-1.721
-3.025,0.158
-3.0,-0.321
3.06,1.325
2.702,-2.289
2.017,-2.09
0.933,-2.194
0.953,-2.076
0.358,-2.112
0.134,-2.193
-0.7,-2.239
-1.452,-2.359
-1.9,-2.103
-2.435,-2.165
0.63,1.699
-0.324,1.991
-1.033,1.997
-2.47,1.726
2.914,-1.118
2.569,0.102
1.87,-1.119
1.095,-0.495
0.873,-1.114
0.524,-1.088
-1.25,-1.143
-1.864,0.12
2.203,-0.721
0.227,0.338
-1.707,-0.469
-2.022,-1.355
-2.127,-0.941
-2.567,-1.35
-2.765,-1.302
-2.833,-0.534
1.912,-0.58
0.916,1.109
-2.489,0.038
2.346,-1.831
2.036,-1.882
1.524,-2.043
0.149,-2.087
-0.44,-1.929
-0.769,-1.993
-0.926,-2.073
-0.983,-2.0
-2.339,-2.062
-2.526,-2.063
2.032,-2.284
0.205,-2.457
-0.251,-2.318
-0.952,-2.514
-0.05,-2.053
0.061,-0.073
-0.088,-1.34
-0.093,-1.749
-0.12,-1.257
-0.267,-0.806
-0.331,-2.0
-0.435,-1.329
-0.482,-0.818
-0.508,-1.645
-0.52,-2.034
-0.539,-1.547
-0.663,-0.34
-0.86,0.731
-0.884,-0.53
-0.932,0.594
-0.823,-0.019
-0.966,0.768
-1.01,0.338
-1.117,0.01
-0.993,-0.306
-1.114,-2.078
-1.149,-0.89
-1.389,-1.528
-1.422,-0.949
-1.546,-1.017
-1.466,0.511
-1.641,-0.013
-1.794,-2.054
-1.891,-0.421
-1.841,-1.839
-1.996,0.434
-1.938,-2.072
-2.137,-2.273
-2.24,0.148
-2.15,-0.334
-2.356,0.08
-2.345,-1.005
-2.504,0.181
-2.63,-1.628
-2.623,-0.351
-2.572,-0.405
-2.574,-1.831
-2.913,0.02
-2.826,-2.584
-3.007,-0.705
-2.982,-1.184
3.078,0.462
2.72,-3.152
2.035,-2.953
0.951,-3.057
0.971,-2.939
0.376,-2.975
0.152,-3.056
-0.682,-3.102
-1.434,-3.222
-1.882,-2.966
-2.417,-3.028
0.648,0.836
-0.306,1.128
-1.015,1.134
-2.452,0.863
2.932,-1.981
2.587,-0.761
1.888,-1.982
1.113,-1.358
0.891,-1.977
0.542,-1.951
-1.232,-2.006
-1.846,-0.743
2.221,-1.584
0.245,-0.525
-1.689,-1.332
-2.004,-2.218
-2.109,-1.804
-2.549,-2.213
-2.747,-2.165
-2.815,-1.397
1.93,-1.443
0.934,0.246
-2.471,-0.825
2.364,-2.694
2.054,-2.745
1.542,-2.906
0.167,-2.95
-0.422,-2.792
-0.751,-2.856
-0.908,-2.936
-0.965,-2.863
-2.321,-2.925
-2.508,-2.926
2.05,-3.147
0.223,-3.32
-0.233,-3.181
-0.934,-3.377
0.111,1.98
-0.038,0.713
-0.043,0.304
-0.07,0.796
-0.217,1.247
-0.281,0.053
-0.385,0.724
-0.432,1.235
-0.458,0.408
-0.47,0.019
-0.489,0.506
-0.613,1.713
-0.81,2.784
-0.834,1.523
-0.882,2.647
-0.773,2.034
-0.916,2.821
-0.96,2.391
-1.067,2.063
-0.943,1.747
-1.064,-0.025
-1.099,1.163
-1.339,0.525
-1.372,1.104
-1.496,1.036
-1.416,2.564
-1.591,2.04
-1.744,-0.001
-1.841,1.632
-1.791,0.214
-1.946,2.487
-1.888,-0.019
-2.087,-0.22
-2.19,2.201
-2.1,1.719
-2.306,2.133
-2.295,1.048
-2.454,2.234
-2.58,0.425
-2.573,1.702
-2.522,1.648
-2.524,0.222
-2.863,2.073
-2.776,-0.531
-2.957,1.348
-2.932,0.869
3.128,2.515
2.77,-1.099
2.085,-0.9
1.001,-1.004
1.021,-0.886
0.426,-0.922
0.202,-1.003
-0.632,-1.049
-1.384,-1.169
-1.832,-0.913
-2.367,-0.975
0.698,2.889
-0.256,3.181
-0.965,3.187
-2.402,2.916
2.982,0.072
2.637,1.292
1.938,0.071
1.163,0.695
0.941,0.076
0.592,0.102
-1.182,0.047
-1.796,1.31
2.271,0.469
0.295,1.528
-1.639,0.721
-1.954,-0.165
-2.059,0.249
-2.499,-0.16
-2.697,-0.112
-2.765,0.656
1.98,0.61
0.984,2.299
-2.421,1.228
2.414,-0.641
2.104,-0.692
1.592,-0.853
0.217,-0.897
-0.372,-0.739
-0.701,-0.803
-0.858,-0.883
-0.915,-0.81
-2.271,-0.872
-2.458,-0.873
2.1,-1.094
0.273,-1.267
-0.183,-1.128
-0.884,-1.324
-0.149,-1.267
-0.154,-1.676
-0.181,-1.184
-0.328,-0.733
-0.392,-1.927
-0.496,-1.256
-0.543,-0.745
-0.569,-1.572
-0.581,-1.961
-0.6,-1.474
-0.724,-0.267
-0.921,0.804
-0.945,-0.457
-0.993,0.667
-0.884,0.054
-1.027,0.841
-1.071,0.411
-1.178,0.083
-1.054,-0.233
-1.175,-2.005
-1.21,-0.817
-1.45,-1.455
-1.483,-0.876
-1.607,-0.944
-1.527,0.584
-1.702,0.06
-1.855,-1.981
-1.952,-0.348
-1.902,-1.766
-2.057,0.507
-1.999,-1.999
-2.198,-2.2
-2.301,0.221
-2.211,-0.261
-2.417,0.153
-2.406,-0.932
-2.565,0.254
-2.691,-1.555
-2.684,-0.278
-2.633,-0.332
-2.635,-1.758
-2.974,0.093
-2.887,-2.511
-3.068,-0.632
-3.043,-1.111
3.017,0.535
2.659,-3.079
1.974,-2.88
0.89,-2.984
0.91,-2.866
0.315,-2.902
0.091,-2.983
-0.743,-3.029
-1.495,-3.149
-1.943,-2.893
-2.478,-2.955
0.587,0.909
-0.367,1.201
-1.076,1.207
-2.513,0.936
2.871,-1.908
2.526,-0.688
1.827,-1.909
1.052,-1.285
0.83,-1.904
0.481,-1.878
-1.293,-1.933
-1.907,-0.67
2.16,-1.511
0.184,-0.452
-1.75,-1.259
-2.065,-2.145
-2.17,-1.731
-2.61,-2.14
-2.808,-2.092
-2.876,-1.324
1.869,-1.37
0.873,0.319
-2.532,-0.752
2.303,-2.621
1.993,-2.672
1.481,-2.833
0.106,-2.877
-0.483,-2.719
-0.812,-2.783
-0.969,-2.863
-1.026,-2.79
-2.382,-2.852
-2.569,-2.853
1.989,-3.074
0.162,-3.247
-0.294,-3.108
-0.995,-3.304
-0.005,-0.409
-0.032,0.083
-0.179,0.534
-0.243,-0.66
-0.347,0.011
-0.394,0.522
-0.42,-0.305
-0.432,-0.694
-0.451,-0.207
-0.575,1.0
-0.772,2.071
-0.796,0.81
-0.844,1.934
-0.735,1.321
-0.878,2.108
-0.922,1.678
-1.029,1.35
-0.905,1.034
-1.026,-0.738
-1.061,0.45
-1.301,-0.188
-1.334,0.391
-1.458,0.323
-1.378,1.851
-1.553,1.327
-1.706,-0.714
-1.803,0.919
-1.753,-0.499
-1.908,1.774
-1.85,-0.732
-2.049,-0.933
-2.152,1.488
-2.062,1.006
-2.268,1.42
-2.257,0.335
-2.416,1.521
-2.542,-0.288
-2.535,0.989
-2.484,0.935
-2.486,-0.491
-2.825,1.36
-2.738,-1.244
-2.919,0.635
-2.894,0.156
-3.117,1.802
2.808,-1.812
2.123,-1.613
1.039,-1.717
1.059,-1.599
0.464,-1.635
0.24,-1.716
-0.594,-1.762
-1.346,-1.882
-1.794,-1.626
-2.329,-1.688
0.736,2.176
-0.218,2.468
-0.927,2.474
-2.364,2.203
3.02,-0.641
2.675,0.579
1.976,-0.642
1.201,-0.018
0.979,-0.637
0.63,-0.611
-1.144,-0.666
-1.758,0.597
2.309,-0.244
0.333,0.815
-1.601,0.008
-1.916,-0.878
-2.021,-0.464
-2.461,-0.873
-2.659,-0.825
-2.727,-0.057
2.018,-0.103
1.022,1.586
-2.383,0.515
2.452,-1.354
2.142,-1.405
1.63,-1.566
0.255,-1.61
-0.334,-1.452
-0.663,-1.516
-0.82,-1.596
-0.877,-1.523
-2.233,-1.585
-2.42,-1.586
2.138,-1.807
0.311,-1.98
-0.145,-1.841
-0.846,-2.037
-0.027,0.492
-0.174,0.943
-0.238,-0.251
-0.342,0.42
-0.389,0.931
-0.415,0.104
-0.427,-0.285
-0.446,0.202
-0.57,1.409
-0.767,2.48
-0.791,1.219
-0.839,2.343
-0.73,1.73
-0.873,2.517
-0.917,2.087
-1.024,1.759
-0.9,1.443
-1.021,-0.329
-1.056,0.859
-1.296,0.221
-1.329,0.8
-1.453,0.732
-1.373,2.26
-1.548,1.736
-1.701,-0.305
-1.798,1.328
-1.748,-0.09
-1.903,2.183
-1.845,-0.323
-2.044,-0.524
-2.147,1.897
-2.057,1.415
-2.263,1.829
-2.252,0.744
-2.411,1.93
-2.537,0.121
-2.53,1.398
-2.479,1.344
-2.481,-0.082
-2.82,1.769
-2.733,-0.835
-2.914,1.044
-2.889,0.565
-3.112,2.211
2.813,-1.403
2.128,-1.204
1.044,-1.308
1.064,-1.19
0.469,-1.226
0.245,-1.307
-0.589,-1.353
-1.341,-1.473
-1.789,-1.217
-2.324,-1.279
0.741,2.585
-0.213,2.877
-0.922,2.883
-2.359,2.612
3.025,-0.232
2.68,0.988
1.981,-0.233
1.206,0.391
0.984,-0.228
0.635,-0.202
-1.139,-0.257
-1.753,1.006
2.314,0.165
0.338,1.224
-1.596,0.417
-1.911,-0.469
-2.016,-0.055
-2.456,-0.464
-2.654,-0.416
-2.722,0.352
2.023,0.306
1.027,1.995
-2.378,0.924
2.457,-0.945
2.147,-0.996
1.635,-1.157
0.26,-1.201
-0.329,-1.043
-0.658,-1.107
-0.815,-1.187
-0.872,-1.114
-2.228,-1.176
-2.415,-1.177
2.143,-1.398
0.316,-1.571
-0.14,-1.432
-0.841,-1.628
-0.147,0.451
-0.211,-0.743
-0.315,-0.072
-0.362,0.439
-0.388,-0.388
-0.4,-0.777
-0.419,-0.29
-0.543,0.917
-0.74,1.988
-0.764,0.727
-0.812,1.851
-0.703,1.238
-0.846,2.025
-0.89,1.595
-0.997,1.267
-0.873,0.951
-0.994,-0.821
-1.029,0.367
-1.269,-0.271
-1.302,0.308
-1.426,0.24
-1.346,1.768
-1.521,1.244
-1.674,-0.797
-1.771,0.836
-1.721,-0.582
-1.876,1.691
-1.818,-0.815
-2.017,-1.016
-2.12,1.405
-2.03,0.923
-2.236,1.337
-2.225,0.252
-2.384,1.438
-2.51,-0.371
-2.503,0.906
-2.452,0.852
-2.454,-0.574
-2.793,1.277
-2.706,-1.327
-2.887,0.552
-2.862,0.073
-3.085,1.719
2.84,-1.895
2.155,-1.696
1.071,-1.8
1.091,-1.682
0.496,-1.718
0.272,-1.799
-0.562,-1.845
-1.314,-1.965
-1.762,-1.709
-2.297,-1.771
0.768,2.093
-0.186,2.385
-0.895,2.391
-2.332,2.12
3.052,-0.724
2.707,0.496
2.008,-0.725
1.233,-0.101
1.011,-0.72
0.662,-0.694
-1.112,-0.749
-1.726,0.514
2.341,-0.327
0.365,0.732
-1.569,-0.075
-1.884,-0.961
-1.989,-0.547
-2.429,-0.956
-2.627,-0.908
-2.695,-0.14
2.05,-0.186
1.054,1.503
-2.351,0.432
2.484,-1.437
2.174,-1.488
1.662,-1.649
0.287,-1.693
-0.302,-1.535
-0.631,-1.599
-0.788,-1.679
-0.845,-1.606
-2.201,-1.668
-2.388,-1.669
2.17,-1.89
0.343,-2.063
-0.113,-1.924
-0.814,-2.12
-0.064,-1.194
-0.168,-0.523
-0.215,-0.012
-0.241,-0.839
-0.253,-1.228
-0.272,-0.741
-0.396,0.466
-0.593,1.537
-0.617,0.276
-0.665,1.4
-0.556,0.787
-0.699,1.574
-0.743,1.144
-0.85,0.816
-0.726,0.5
-0.847,-1.272
-0.882,-0.084
-1.122,-0.722
-1.155,-0.143
-1.279,-0.211
-1.199,1.317
-1.374,0.793
-1.527,-1.248
-1.624,0.385
-1.574,-1.033
-1.729,1.24
-1.671,-1.266
-1.87,-1.467
-1.973,0.954
-1.883,0.472
-2.089,0.886
-2.078,-0.199
-2.237,0.987
-2.363,-0.822
-2.356,0.455
-2.305,0.401
-2.307,-1.025
-2.646,0.826
-2.559,-1.778
-2.74,0.101
-2.715,-0.378
-2.938,1.268
2.987,-2.346
2.302,-2.147
1.218,-2.251
1.238,-2.133
0.643,-2.169
0.419,-2.25
-0.415,-2.296
-1.167,-2.416
-1.615,-2.16
-2.15,-2.222
0.915,1.642
-0.039,1.934
-0.748,1.94
-2.185,1.669
-3.084,-1.175
2.854,0.045
2.155,-1.176
1.38,-0.552
1.158,-1.171
0.809,-1.145
-0.965,-1.2
-1.579,0.063
2.488,-0.778
0.512,0.281
-1.422,-0.526
-1.737,-1.412
-1.842,-0.998
-2.282,-1.407
-2.48,-1.359
-2.548,-0.591
2.197,-0.637
1.201,1.052
-2.204,-0.019
2.631,-1.888
2.321,-1.939
1.809,-2.1
0.434,-2.144
-0.155,-1.986
-0.484,-2.05
-0.641,-2.13
-0.698,-2.057
-2.054,-2.119
-2.241,-2.12
2.317,-2.341
0.49,-2.514
0.034,-2.375
-0.667,-2.571
-0.104,0.671
-0.151,1.182
-0.177,0.355
-0.189,-0.034
-0.208,0.453
-0.332,1.66
-0.529,2.731
-0.553,1.47
-0.601,2.594
-0.492,1.981
-0.635,2.768
-0.679,2.338
-0.786,2.01
-0.662,1.694
-0.783,-0.078
-0.818,1.11
-1.058,0.472
-1.091,1.051
-1.215,0.983
-1.135,2.511
-1.31,1.987
-1.463,-0.054
-1.56,1.579
-1.51,0.161
-1.665,2.434
-1.607,-0.072
-1.806,-0.273
-1.909,2.148
-1.819,1.666
-2.025,2.08
-2.014,0.995
-2.173,2.181
-2.299,0.372
-2.292,1.649
-2.241,1.595
-2.243,0.169
-2.582,2.02
-2.495,-0.584
-2.676,1.295
-2.651,0.816
-2.874,2.462
3.051,-1.152
2.366,-0.953
1.282,-1.057
1.302,-0.939
0.707,-0.975
0.483,-1.056
-0.351,-1.102
-1.103,-1.222
-1.551,-0.966
-2.086,-1.028
0.979,2.836
0.025,3.128
-0.684,3.134
-2.121,2.863
-3.02,0.019
2.918,1.239
2.219,0.018
1.444,0.642
1.222,0.023
0.873,0.049
-0.901,-0.006
-1.515,1.257
2.552,0.416
0.576,1.475
-1.358,0.668
-1.673,-0.218
-1.778,0.196
-2.218,-0.213
-2.416,-0.165
-2.484,0.603
2.261,0.557
1.265,2.246
-2.14,1.175
2.695,-0.694
2.385,-0.745
1.873,-0.906
0.498,-0.95
-0.091,-0.792
-0.42,-0.856
-0.577,-0.936
-0.634,-0.863
-1.99,-0.925
-2.177,-0.926
2.381,-1.147
0.554,-1.32
0.098,-1.181
-0.603,-1.377
-0.047,0.511
-0.073,-0.316
-0.085,-0.705
-0.104,-0.218
-0.228,0.989
-0.425,2.06
-0.449,0.799
-0.497,1.923
-0.388,1.31
-0.531,2.097
-0.575,1.667
-0.682,1.339
-0.558,1.023
-0.679,-0.749
-0.714,0.439
-0.954,-0.199
-0.987,0.38
-1.111,0.312
-1.031,1.84
-1.206,1.316
-1.359,-0.725
-1.456,0.908
-1.406,-0.51
-1.561,1.763
-1.503,-0.743
-1.702,-0.944
-1.805,1.477
-1.715,0.995
-1.921,1.409
-1.91,0.324
-2.069,1.51
-2.195,-0.299
-2.188,0.978
-2.137,0.924
-2.139,-0.502
-2.478,1.349
-2.391,-1.255
-2.572,0.624
-2.547,0.145
-2.77,1.791
-3.128,-1.823
2.47,-1.624
1.386,-1.728
1.406,-1.61
0.811,-1.646
0.587,-1.727
-0.247,-1.773
-0.999,-1.893
-1.447,-1.637
-1.982,-1.699
1.083,2.165
0.129,2.457
-0.58,2.463
-2.017,2.192
-2.916,-0.652
3.022,0.568
2.323,-0.653
1.548,-0.029
1.326,-0.648
0.977,-0.622
-0.797,-0.677
-1.411,0.586
2.656,-0.255
0.68,0.804
-1.254,-0.003
-1.569,-0.889
-1.674,-0.475
-2.114,-0.884
-2.312,-0.836
-2.38,-0.068
2.365,-0.114
1.369,1.575
-2.036,0.504
2.799,-1.365
2.489,-1.416
1.977,-1.577
0.602,-1.621
0.013,-1.463
-0.316,-1.527
-0.473,-1.607
-0.53,-1.534
-1.886,-1.596
-2.073,-1.597
2.485,-1.818
0.658,-1.991
0.202,-1.852
-0.499,-2.048
-0.026,-0.827
-0.038,-1.216
-0.057,-0.729
-0.181,0.478
-0.378,1.549
-0.402,0.288
-0.45,1.412
-0.341,0.799
-0.484,1.586
-0.528,1.156
-0.635,0.828
-0.511,0.512
-0.632,-1.26
-0.667,-0.072
-0.907,-0.71
-0.94,-0.131
-1.064,-0.199
-0.984,1.329
-1.159,0.805
-1.312,-1.236
-1.409,0.397
-1.359,-1.021
-1.514,1.252
-1.456,-1.254
-1.655,-1.455
-1.758,0.966
-1.668,0.484
-1.874,0.898
-1.863,-0.187
-2.022,0.999
-2.148,-0.81
-2.141,0.467
-2.09,0.413
-2.092,-1.013
-2.431,0.838
-2.344,-1.766
-2.525,0.113
-2.5,-0.366
-2.723,1.28
-3.081,-2.334
2.517,-2.135
1.433,-2.239
1.453,-2.121
0.858,-2.157
0.634,-2.238
-0.2,-2.284
-0.952,-2.404
-1.4,-2.148
-1.935,-2.21
1.13,1.654
0.176,1.946
-0.533,1.952
-1.97,1.681
-2.869,-1.163
3.069,0.057
2.37,-1.164
1.595,-0.54
1.373,-1.159
1.024,-1.133
-0.75,-1.188
-1.364,0.075
2.703,-0.766
0.727,0.293
-1.207,-0.514
-1.522,-1.4
-1.627,-0.986
-2.067,-1.395
-2.265,-1.347
-2.333,-0.579
2.412,-0.625
1.416,1.064
-1.989,-0.007
2.846,-1.876
2.536,-1.927
2.024,-2.088
0.649,-2.132
0.06,-1.974
-0.269,-2.038
-0.426,-2.118
-0.483,-2.045
-1.839,-2.107
-2.026,-2.108
2.532,-2.329
0.705,-2.502
0.249,-2.363
-0.452,-2.559
-0.012,-0.389
-0.031,0.098
-0.155,1.305
-0.352,2.376
-0.376,1.115
-0.424,2.239
-0.315,1.626
-0.458,2.413
-0.502,1.983
-0.609,1.655
-0.485,1.339
-0.606,-0.433
-0.641,0.755
-0.881,0.117
-0.914,0.696
-1.038,0.628
-0.958,2.156
-1.133,1.632
-1.286,-0.409
-1.383,1.224
-1.333,-0.194
-1.488,2.079
-1.43,-0.427
-1.629,-0.628
-1.732,1.793
-1.642,1.311
-1.848,1.725
-1.837,0.64
-1.996,1.826
-2.122,0.017
-2.115,1.294
-2.064,1.24
-2.066,-0.186
-2.405,1.665
-2.318,-0.939
-2.499,0.94
-2.474,0.461
-2.697,2.107
-3.055,-1.507
2.543,-1.308
1.459,-1.412
1.479,-1.294
0.884,-1.33
0.66,-1.411
-0.174,-1.457
-0.926,-1.577
-1.374,-1.321
-1.909,-1.383
1.156,2.481
0.202,2.773
-0.507,2.779
-1.944,2.508
-2.843,-0.336
3.095,0.884
2.396,-0.337
1.621,0.287
1.399,-0.332
1.05,-0.306
-0.724,-0.361
-1.338,0.902
2.729,0.061
0.753,1.12
-1.181,0.313
-1.496,-0.573
-1.601,-0.159
-2.041,-0.568
-2.239,-0.52
-2.307,0.248
2.438,0.202
1.442,1.891
-1.963,0.82
2.872,-1.049
2.562,-1.1
2.05,-1.261
0.675,-1.305
0.086,-1.147
-0.243,-1.211
-0.4,-1.291
-0.457,-1.218
-1.813,-1.28
-2.0,-1.281
2.558,-1.502
0.731,-1.675
0.275,-1.536
-0.426,-1.732
-0.019,0.487
-0.143,1.694
-0.34,2.765
-0.364,1.504
-0.412,2.628
-0.303,2.015
-0.446,2.802
-0.49,2.372
-0.597,2.044
-0.473,1.728
-0.594,-0.044
-0.629,1.144
-0.869,0.506
-0.902,1.085
-1.026,1.017
-0.946,2.545
-1.121,2.021
-1.274,-0.02
-1.371,1.613
-1.321,0.195
-1.476,2.468
-1.418,-0.038
-1.617,-0.239
-1.72,2.182
-1.63,1.7
-1.836,2.114
-1.825,1.029
-1.984,2.215
-2.11,0.406
-2.103,1.683
-2.052,1.629
-2.054,0.203
-2.393,2.054
-2.306,-0.55
-2.487,1.329
-2.462,0.85
-2.685,2.496
-3.043,-1.118
2.555,-0.919
1.471,-1.023
1.491,-0.905
0.896,-0.941
0.672,-1.022
-0.162,-1.068
-0.914,-1.188
-1.362,-0.932
-1.897,-0.994
1.168,2.87
0.214,3.162
-0.495,3.168
-1.932,2.897
-2.831,0.053
3.107,1.273
2.408,0.052
1.633,0.676
1.411,0.057
1.062,0.083
-0.712,0.028
-1.326,1.291
2.741,0.45
0.765,1.509
-1.169,0.702
-1.484,-0.184
-1.589,0.23
-2.029,-0.179
-2.227,-0.131
-2.295,0.637
2.45,0.591
1.454,2.28
-1.951,1.209
2.884,-0.66
2.574,-0.711
2.062,-0.872
0.687,-0.916
0.098,-0.758
-0.231,-0.822
-0.388,-0.902
-0.445,-0.829
-1.801,-0.891
-1.988,-0.892
2.57,-1.113
0.743,-1.286
0.287,-1.147
-0.414,-1.343
-0.124,1.207
-0.321,2.278
-0.345,1.017
-0.393,2.141
-0.284,1.528
-0.427,2.315
-0.471,1.885
-0.578,1.557
-0.454,1.241
-0.575,-0.531
-0.61,0.657
-0.85,0.019
-0.883,0.598
-1.007,0.53
-0.927,2.058
-1.102,1.534
-1.255,-0.507
-1.352,1.126
-1.302,-0.292
-1.457,1.981
-1.399,-0.525
-1.598,-0.726
-1.701,1.695
-1.611,1.213
-1.817,1.627
-1.806,0.542
-1.965,1.728
-2.091,-0.081
-2.084,1.196
-2.033,1.142
-2.035,-0.284
-2.374,1.567
-2.287,-1.037
-2.468,0.842
-2.443,0.363
-2.666,2.009
-3.024,-1.605
2.574,-1.406
1.49,-1.51
1.51,-1.392
0.915,-1.428
0.691,-1.509
-0.143,-1.555
-0.895,-1.675
-1.343,-1.419
-1.878,-1.481
1.187,2.383
0.233,2.675
-0.476,2.681
-1.913,2.41
-2.812,-0.434
3.126,0.786
2.427,-0.435
1.652,0.189
1.43,-0.43
1.081,-0.404
-0.693,-0.459
-1.307,0.804
2.76,-0.037
0.784,1.022
-1.15,0.215
-1.465,-0.671
-1.57,-0.257
-2.01,-0.666
-2.208,-0.618
-2.276,0.15
2.469,0.104
1.473,1.793
-1.932,0.722
2.903,-1.147
2.593,-1.198
2.081,-1.359
0.706,-1.403
0.117,-1.245
-0.212,-1.309
-0.369,-1.389
-0.426,-1.316
-1.782,-1.378
-1.969,-1.379
2.589,-1.6
0.762,-1.773
0.306,-1.634
-0.395,-1.83
-0.197,1.071
-0.221,-0.19
-0.269,0.934
-0.16,0.321
-0.303,1.108
-0.347,0.678
-0.454,0.35
-0.33,0.034
-0.451,-1.738
-0.486,-0.55
-0.726,-1.188
-0.759,-0.609
-0.883,-0.677
-0.803,0.851
-0.978,0.327
-1.131,-1.714
-1.228,-0.081
-1.178,-1.499
-1.333,0.774
-1.275,-1.732
-1.474,-1.933
-1.577,0.488
-1.487,0.006
-1.693,0.42
-1.682,-0.665
-1.841,0.521
-1.967,-1.288
-1.96,-0.011
-1.909,-0.065
-1.911,-1.491
-2.25,0.36
-2.163,-2.244
-2.344,-0.365
-2.319,-0.844
-2.542,0.802
-2.9,-2.812
2.698,-2.613
1.614,-2.717
1.634,-2.599
1.039,-2.635
0.815,-2.716
-0.019,-2.762
-0.771,-2.882
-1.219,-2.626
-1.754,-2.688
1.311,1.176
0.357,1.468
-0.352,1.474
-1.789,1.203
-2.688,-1.641
-3.033,-0.421
2.551,-1.642
1.776,-1.018
1.554,-1.637
1.205,-1.611
-0.569,-1.666
-1.183,-0.403
2.884,-1.244
0.908,-0.185
-1.026,-0.992
-1.341,-1.878
-1.446,-1.464
-1.886,-1.873
-2.084,-1.825
-2.152,-1.057
2.593,-1.103
1.597,0.586
-1.808,-0.485
3.027,-2.354
2.717,-2.405
2.205,-2.566
0.83,-2.61
0.241,-2.452
-0.088,-2.516
-0.245,-2.596
-0.302,-2.523
-1.658,-2.585
-1.845,-2.586
2.713,-2.807
0.886,-2.98
0.43,-2.841
-0.271,-3.037
-0.024,-1.261
-0.072,-0.137
0.037,-0.75
-0.106,0.037
-0.15,-0.393
-0.257,-0.721
-0.133,-1.037
-0.254,-2.809
-0.289,-1.621
-0.529,-2.259
-0.562,-1.68
-0.686,-1.748
-0.606,-0.22
-0.781,-0.744
-0.934,-2.785
-1.031,-1.152
-0.981,-2.57
-1.136,-0.297
-1.078,-2.803
-1.277,-3.004
-1.38,-0.583
-1.29,-1.065
-1.496,-0.651
-1.485,-1.736
-1.644,-0.55
-1.77,-2.359
-1.763,-1.082
-1.712,-1.136
-1.714,-2.562
-2.053,-0.711
-1.966,-3.315
-2.147,-1.436
-2.122,-1.915
-2.345,-0.269
-2.703,-3.883
2.895,-3.684
1.811,-3.788
1.831,-3.67
1.236,-3.706
1.012,-3.787
0.178,-3.833
-0.574,-3.953
-1.022,-3.697
-1.557,-3.759
1.508,0.105
0.554,0.397
-0.155,0.403
-1.592,0.132
-2.491,-2.712
-2.836,-1.492
2.748,-2.713
1.973,-2.089
1.751,-2.708
1.402,-2.682
-0.372,-2.737
-0.986,-1.474
3.081,-2.315
1.105,-1.256
-0.829,-2.063
-1.144,-2.949
-1.249,-2.535
-1.689,-2.944
-1.887,-2.896
-1.955,-2.128
2.79,-2.174
1.794,-0.485
-1.611,-1.556
-3.059,-3.425
2.914,-3.476
2.402,-3.637
1.027,-3.681
0.438,-3.523
0.109,-3.587
-0.048,-3.667
-0.105,-3.594
-1.461,-3.656
-1.648,-3.657
2.91,-3.878
1.083,-4.051
0.627,-3.912
-0.074,-4.108
-0.048,1.124
0.061,0.511
-0.082,1.298
-0.126,0.868
-0.233,0.54
-0.109,0.224
-0.23,-1.548
-0.265,-0.36
-0.505,-0.998
-0.538,-0.419
-0.662,-0.487
-0.582,1.041
-0.757,0.517
-0.91,-1.524
-1.007,0.109
-0.957,-1.309
-1.112,0.964
-1.054,-1.542
-1.253,-1.743
-1.356,0.678
-1.266,0.196
-1.472,0.61
-1.461,-0.475
-1.62,0.711
-1.746,-1.098
-1.739,0.179
-1.688,0.125
-1.69,-1.301
-2.029,0.55
-1.942,-2.054
-2.123,-0.175
-2.098,-0.654
-2.321,0.992
-2.679,-2.622
2.919,-2.423
1.835,-2.527
1.855,-2.409
1.26,-2.445
1.036,-2.526
0.202,-2.572
-0.55,-2.692
-0.998,-2.436
-1.533,-2.498
1.532,1.366
0.578,1.658
-0.131,1.664
-1.568,1.393
-2.467,-1.451
-2.812,-0.231
2.772,-1.452
1.997,-0.828
1.775,-1.447
1.426,-1.421
-0.348,-1.476
-0.962,-0.213
3.105,-1.054
1.129,0.005
-0.805,-0.802
-1.12,-1.688
-1.225,-1.274
-1.665,-1.683
-1.863,-1.635
-1.931,-0.867
2.814,-0.913
1.818,0.776
-1.587,-0.295
-3.035,-2.164
2.938,-2.215
2.426,-2.376
1.051,-2.42
0.462,-2.262
0.133,-2.326
-0.024,-2.406
-0.081,-2.333
-1.437,-2.395
-1.624,-2.396
2.934,-2.617
1.107,-2.79
0.651,-2.651
-0.05,-2.847
0.109,-0.613
-0.034,0.174
-0.078,-0.256
-0.185,-0.584
-0.061,-0.9
-0.182,-2.672
-0.217,-1.484
-0.457,-2.122
-0.49,-1.543
-0.614,-1.611
-0.534,-0.083
-0.709,-0.607
-0.862,-2.648
-0.959,-1.015
-0.909,-2.433
-1.064,-0.16
-1.006,-2.666
-1.205,-2.867
-1.308,-0.446
-1.218,-0.928
-1.424,-0.514
-1.413,-1.599
-1.572,-0.413
-1.698,-2.222
-1.691,-0.945
-1.64,-0.999
-1.642,-2.425
-1.981,-0.574
-1.894,-3.178
-2.075,-1.299
-2.05,-1.778
-2.273,-0.132
-2.631,-3.746
2.967,-3.547
1.883,-3.651
1.903,-3.533
1.308,-3.569
1.084,-3.65
0.25,-3.696
-0.502,-3.816
-0.95,-3.56
-1.485,-3.622
1.58,0.242
0.626,0.534
-0.083,0.54
-1.52,0.269
-2.419,-2.575
-2.764,-1.355
2.82,-2.576
2.045,-1.952
1.823,-2.571
1.474,-2.545
-0.3,-2.6
-0.914,-1.337
-3.13,-2.178
1.177,-1.119
-0.757,-1.926
-1.072,-2.812
-1.177,-2.398
-1.617,-2.807
-1.815,-2.759
-1.883,-1.991
2.862,-2.037
1.866,-0.348
-1.539,-1.419
-2.987,-3.288
2.986,-3.339
2.474,-3.5
1.099,-3.544
0.51,-3.386
0.181,-3.45
0.024,-3.53
-0.033,-3.457
-1.389,-3.519
-1.576,-3.52
2.982,-3.741
1.155,-3.914
0.699,-3.775
-0.002,-3.971
-0.143,0.787
-0.187,0.357
-0.294,0.029
-0.17,-0.287
-0.291,-2.059
-0.326,-0.871
-0.566,-1.509
-0.599,-0.93
-0.723,-0.998
-0.643,0.53
-0.818,0.006
-0.971,-2.035
-1.068,-0.402
-1.018,-1.82
-1.173,0.453
-1.115,-2.053
-1.314,-2.254
-1.417,0.167
-1.327,-0.315
-1.533,0.099
-1.522,-0.986
-1.681,0.2
-1.807,-1.609
-1.8,-0.332
-1.749,-0.386
-1.751,-1.812
-2.09,0.039
-2.003,-2.565
-2.184,-0.686
-2.159,-1.165
-2.382,0.481
-2.74,-3.133
2.858,-2.934
1.774,-3.038
1.794,-2.92
1.199,-2.956
0.975,-3.037
0.141,-3.083
-0.611,-3.203
-1.059,-2.947
-1.594,-3.009
1.471,0.855
0.517,1.147
-0.192,1.153
-1.629,0.882
-2.528,-1.962
-2.873,-0.742
2.711,-1.963
1.936,-1.339
1.714,-1.958
1.365,-1.932
-0.409,-1.987
-1.023,-0.724
3.044,-1.565
1.068,-0.506
-0.866,-1.313
-1.181,-2.199
-1.286,-1.785
-1.726,-2.194
-1.924,-2.146
-1.992,-1.378
2.753,-1.424
1.757,0.265
-1.648,-0.806
-3.096,-2.675
2.877,-2.726
2.365,-2.887
0.99,-2.931
0.401,-2.773
0.072,-2.837
-0.085,-2.917
-0.142,-2.844
-1.498,-2.906
-1.685,-2.907
2.873,-3.128
1.046,-3.301
0.59,-3.162
-0.111,-3.358
-0.044,-0.43
-0.151,-0.758
-0.027,-1.074
-0.148,-2.846
-0.183,-1.658
-0.423,-2.296
-0.456,-1.717
-0.58,-1.785
-0.5,-0.257
-0.675,-0.781
-0.828,-2.822
-0.925,-1.189
-0.875,-2.607
-1.03,-0.334
-0.972,-2.84
-1.171,-3.041
-1.274,-0.62
-1.184,-1.102
-1.39,-0.688
-1.379,-1.773
-1.538,-0.587
-1.664,-2.396
-1.657,-1.119
-1.606,-1.173
-1.608,-2.599
-1.947,-0.748
-1.86,-3.352
-2.041,-1.473
-2.016,-1.952
-2.239,-0.306
-2.597,-3.92
3.001,-3.721
1.917,-3.825
1.937,-3.707
1.342,-3.743
1.118,-3.824
0.284,-3.87
-0.468,-3.99
-0.916,-3.734
-1.451,-3.796
1.614,0.068
0.66,0.36
-0.049,0.366
-1.486,0.095
-2.385,-2.749
-2.73,-1.529
2.854,-2.75
2.079,-2.126
1.857,-2.745
1.508,-2.719
-0.266,-2.774
-0.88,-1.511
-3.096,-2.352
1.211,-1.293
-0.723,-2.1
-1.038,-2.986
-1.143,-2.572
-1.583,-2.981
-1.781,-2.933
-1.849,-2.165
2.896,-2.211
1.9,-0.522
-1.505,-1.593
-2.953,-3.462
3.02,-3.513
2.508,-3.674
1.133,-3.718
0.544,-3.56
0.215,-3.624
0.058,-3.704
0.001,-3.631
-1.355,-3.693
-1.542,-3.694
3.016,-3.915
1.189,-4.088
0.733,-3.949
0.032,-4.145
-0.107,-0.328
0.017,-0.644
-0.104,-2.416
-0.139,-1.228
-0.379,-1.866
-0.412,-1.287
-0.536,-1.355
-0.456,0.173
-0.631,-0.351
-0.784,-2.392
-0.881,-0.759
-0.831,-2.177
-0.986,0.096
-0.928,-2.41
-1.127,-2.611
-1.23,-0.19
-1.14,-0.672
-1.346,-0.258
-1.335,-1.343
-1.494,-0.157
-1.62,-1.966
-1.613,-0.689
-1.562,-0.743
-1.564,-2.169
-1.903,-0.318
-1.816,-2.922
-1.997,-1.043
-1.972,-1.522
-2.195,0.124
-2.553,-3.49
3.045,-3.291
1.961,-3.395
1.981,-3.277
1.386,-3.313
1.162,-3.394
0.328,-3.44
-0.424,-3.56
-0.872,-3.304
-1.407,-3.366
1.658,0.498
0.704,0.79
-0.005,0.796
-1.442,0.525
-2.341,-2.319
-2.686,-1.099
2.898,-2.32
2.123,-1.696
1.901,-2.315
1.552,-2.289
-0.222,-2.344
-0.836,-1.081
-3.052,-1.922
1.255,-0.863
-0.679,-1.67
-0.994,-2.556
-1.099,-2.142
-1.539,-2.551
-1.737,-2.503
-1.805,-1.735
2.94,-1.781
1.944,-0.092
-1.461,-1.163
-2.909,-3.032
3.064,-3.083
2.552,-3.244
1.177,-3.288
0.588,-3.13
0.259,-3.194
0.102,-3.274
0.045,-3.201
-1.311,-3.263
-1.498,-3.264
3.06,-3.485
1.233,-3.658
0.777,-3.519
0.076,-3.715
0.124,-0.316
0.003,-2.088
-0.032,-0.9
-0.272,-1.538
-0.305,-0.959
-0.429,-1.027
-0.349,0.501
-0.524,-0.023
-0.677,-2.064
-0.774,-0.431
-0.724,-1.849
-0.879,0.424
-0.821,-2.082
-1.02,-2.283
-1.123,0.138
-1.033,-0.344
-1.239,0.07
-1.228,-1.015
-1.387,0.171
-1.513,-1.638
-1.506,-0.361
-1.455,-0.415
-1.457,-1.841
-1.796,0.01
-1.709,-2.594
-1.89,-0.715
-1.865,-1.194
-2.088,0.452
-2.446,-3.162
-3.131,-2.963
2.068,-3.067
2.088,-2.949
1.493,-2.985
1.269,-3.066
0.435,-3.112
-0.317,-3.232
-0.765,-2.976
-1.3,-3.038
1.765,0.826
0.811,1.118
0.102,1.124
-1.335,0.853
-2.234,-1.991
-2.579,-0.771
3.005,-1.992
2.23,-1.368
2.008,-1.987
1.659,-1.961
-0.115,-2.016
-0.729,-0.753
-2.945,-1.594
1.362,-0.535
-0.572,-1.342
-0.887,-2.228
-0.992,-1.814
-1.432,-2.223
-1.63,-2.175
-1.698,-1.407
3.047,-1.453
2.051,0.236
-1.354,-0.835
-2.802,-2.704
-3.112,-2.755
2.659,-2.916
1.284,-2.96
0.695,-2.802
0.366,-2.866
0.209,-2.946
0.152,-2.873
-1.204,-2.935
-1.391,-2.936
-3.116,-3.157
1.34,-3.33
0.884,-3.191
0.183,-3.387
-0.121,-1.772
-0.156,-0.584
-0.396,-1.222
-0.429,-0.643
-0.553,-0.711
-0.473,0.817
-0.648,0.293
-0.801,-1.748
-0.898,-0.115
-0.848,-1.533
-1.003,0.74
-0.945,-1.766
-1.144,-1.967
-1.247,0.454
-1.157,-0.028
-1.363,0.386
-1.352,-0.699
-1.511,0.487
-1.637,-1.322
-1.63,-0.045
-1.579,-0.099
-1.581,-1.525
-1.92,0.326
-1.833,-2.278
-2.014,-0.399
-1.989,-0.878
-2.212,0.768
-2.57,-2.846
3.028,-2.647
1.944,-2.751
1.964,-2.633
1.369,-2.669
1.145,-2.75
0.311,-2.796
-0.441,-2.916
-0.889,-2.66
-1.424,-2.722
1.641,1.142
0.687,1.434
-0.022,1.44
-1.459,1.169
-2.358,-1.675
-2.703,-0.455
2.881,-1.676
2.106,-1.052
1.884,-1.671
1.535,-1.645
-0.239,-1.7
-0.853,-0.437
-3.069,-1.278
1.238,-0.219
-0.696,-1.026
-1.011,-1.912
-1.116,-1.498
-1.556,-1.907
-1.754,-1.859
-1.822,-1.091
2.923,-1.137
1.927,0.552
-1.478,-0.519
-2.926,-2.388
3.047,-2.439
2.535,-2.6
1.16,-2.644
0.571,-2.486
0.242,-2.55
0.085,-2.63
0.028,-2.557
-1.328,-2.619
-1.515,-2.62
3.043,-2.841
1.216,-3.014
0.76,-2.875
0.059,-3.071
-0.035,1.188
-0.275,0.55
-0.308,1.129
-0.432,1.061
-0.352,2.589
-0.527,2.065
-0.68,0.024
-0.777,1.657
-0.727,0.239
-0.882,2.512
-0.824,0.006
-1.023,-0.195
-1.126,2.226
-1.036,1.744
-1.242,2.158
-1.231,1.073
-1.39,2.259
-1.516,0.45
-1.509,1.727
-1.458,1.673
-1.46,0.247
-1.799,2.098
-1.712,-0.506
-1.893,1.373
-1.868,0.894
-2.091,2.54
-2.449,-1.074
-3.134,-0.875
2.065,-0.979
2.085,-0.861
1.49,-0.897
1.266,-0.978
0.432,-1.024
-0.32,-1.144
-0.768,-0.888
-1.303,-0.95
1.762,2.914
0.808,3.206
0.099,3.212
-1.338,2.941
-2.237,0.097
-2.582,1.317
3.002,0.096
2.227,0.72
2.005,0.101
1.656,0.127
-0.118,0.072
-0.732,1.335
-2.948,0.494
1.359,1.553
-0.575,0.746
-0.89,-0.14
-0.995,0.274
-1.435,-0.135
-1.633,-0.087
-1.701,0.681
3.044,0.635
2.048,2.324
-1.357,1.253
-2.805,-0.616
-3.115,-0.667
2.656,-0.828
1.281,-0.872
0.692,-0.714
0.363,-0.778
0.206,-0.858
0.149,-0.785
-1.207,-0.847
-1.394,-0.848
-3.119,-1.069
1.337,-1.242
0.881,-1.103
0.18,-1.299
-0.24,-0.638
-0.273,-0.059
-0.397,-0.127
-0.317,1.401
-0.492,0.877
-0.645,-1.164
-0.742,0.469
-0.692,-0.949
-0.847,1.324
-0.789,-1.182
-0.988,-1.383
-1.091,1.038
-1.001,0.556
-1.207,0.97
-1.196,-0.115
-1.355,1.071
-1.481,-0.738
-1.474,0.539
-1.423,0.485
-1.425,-0.941
-1.764,0.91
-1.677,-1.694
-1.858,0.185
-1.833,-0.294
-2.056,1.352
-2.414,-2.262
-3.099,-2.063
2.1,-2.167
2.12,-2.049
1.525,-2.085
1.301,-2.166
0.467,-2.212
-0.285,-2.332
-0.733,-2.076
-1.268,-2.138
1.797,1.726
0.843,2.018
0.134,2.024
-1.303,1.753
-2.202,-1.091
-2.547,0.129
3.037,-1.092
2.262,-0.468
2.04,-1.087
1.691,-1.061
-0.083,-1.116
-0.697,0.147
-2.913,-0.694
1.394,0.365
-0.54,-0.442
-0.855,-1.328
-0.96,-0.914
-1.4,-1.323
-1.598,-1.275
-1.666,-0.507
3.079,-0.553
2.083,1.136
-1.322,0.065
-2.77,-1.804
-3.08,-1.855
2.691,-2.016
1.316,-2.06
0.727,-1.902
0.398,-1.966
0.241,-2.046
0.184,-1.973
-1.172,-2.035
-1.359,-2.036
-3.084,-2.257
1.372,-2.43
0.916,-2.291
0.215,-2.487
-0.033,0.579
-0.157,0.511
-0.077,2.039
-0.252,1.515
-0.405,-0.526
-0.502,1.107
-0.452,-0.311
-0.607,1.962
-0.549,-0.544
-0.748,-0.745
-0.851,1.676
-0.761,1.194
-0.967,1.608
-0.956,0.523
-1.115,1.709
-1.241,-0.1
-1.234,1.177
-1.183,1.123
-1.185,-0.303
-1.524,1.548
-1.437,-1.056
-1.618,0.823
-1.593,0.344
-1.816,1.99
-2.174,-1.624
-2.859,-1.425
2.34,-1.529
2.36,-1.411
1.765,-1.447
1.541,-1.528
0.707,-1.574
-0.045,-1.694
-0.493,-1.438
-1.028,-1.5
2.037,2.364
1.083,2.656
0.374,2.662
-1.063,2.391
-1.962,-0.453
-2.307,0.767
-3.006,-0.454
2.502,0.17
2.28,-0.449
1.931,-0.423
0.157,-0.478
-0.457,0.785
-2.673,-0.056
1.634,1.003
-0.3,0.196
-0.615,-0.69
-0.72,-0.276
-1.16,-0.685
-1.358,-0.637
-1.426,0.131
-2.964,0.085
2.323,1.774
-1.082,0.703
-2.53,-1.166
-2.84,-1.217
2.931,-1.378
1.556,-1.422
0.967,-1.264
0.638,-1.328
0.481,-1.408
0.424,-1.335
-0.932,-1.397
-1.119,-1.398
-2.844,-1.619
1.612,-1.792
1.156,-1.653
0.455,-1.849
-0.124,-0.068
-0.044,1.46
-0.219,0.936
-0.372,-1.105
-0.469,0.528
-0.419,-0.89
-0.574,1.383
-0.516,-1.123
-0.715,-1.324
-0.818,1.097
-0.728,0.615
-0.934,1.029
-0.923,-0.056
-1.082,1.13
-1.208,-0.679
-1.201,0.598
-1.15,0.544
-1.152,-0.882
-1.491,0.969
-1.404,-1.635
-1.585,0.244
-1.56,-0.235
-1.783,1.411
-2.141,-2.203
-2.826,-2.004
2.373,-2.108
2.393,-1.99
1.798,-2.026
1.574,-2.107
0.74,-2.153
-0.012,-2.273
-0.46,-2.017
-0.995,-2.079
2.07,1.785
1.116,2.077
0.407,2.083
-1.03,1.812
-1.929,-1.032
-2.274,0.188
-2.973,-1.033
2.535,-0.409
2.313,-1.028
1.964,-1.002
0.19,-1.057
-0.424,0.206
-2.64,-0.635
1.667,0.424
-0.267,-0.383
-0.582,-1.269
-0.687,-0.855
-1.127,-1.264
-1.325,-1.216
-1.393,-0.448
-2.931,-0.494
2.356,1.195
-1.049,0.124
-2.497,-1.745
-2.807,-1.796
2.964,-1.957
1.589,-2.001
1.0,-1.843
0.671,-1.907
0.514,-1.987
0.457,-1.914
-0.899,-1.976
-1.086,-1.977
-2.811,-2.198
1.645,-2.371
1.189,-2.232
0.488,-2.428
0.08,1.528
-0.095,1.004
-0.248,-1.037
-0.345,0.596
-0.295,-0.822
-0.45,1.451
-0.392,-1.055
-0.591,-1.256
-0.694,1.165
-0.604,0.683
-0.81,1.097
-0.799,0.012
-0.958,1.198
-1.084,-0.611
-1.077,0.666
-1.026,0.612
-1.028,-0.814
-1.367,1.037
-1.28,-1.567
-1.461,0.312
-1.436,-0.167
-1.659,1.479
-2.017,-2.135
-2.702,-1.936
2.497,-2.04
2.517,-1.922
1.922,-1.958
1.698,-2.039
0.864,-2.085
0.112,-2.205
-0.336,-1.949
-0.871,-2.011
2.194,1.853
1.24,2.145
0.531,2.151
-0.906,1.88
-1.805,-0.964
-2.15,0.256
-2.849,-0.965
2.659,-0.341
2.437,-0.96
2.088,-0.934
0.314,-0.989
-0.3,0.274
-2.516,-0.567
1.791,0.492
-0.143,-0.315
-0.458,-1.201
-0.563,-0.787
-1.003,-1.196
-1.201,-1.148
-1.269,-0.38
-2.807,-0.426
2.48,1.263
-0.925,0.192
-2.373,-1.677
-2.683,-1.728
3.088,-1.889
1.713,-1.933
1.124,-1.775
0.795,-1.839
0.638,-1.919
0.581,-1.846
-0.775,-1.908
-0.962,-1.909
-2.687,-2.13
1.769,-2.303
1.313,-2.164
0.612,-2.36
-0.175,-0.524
-0.328,-2.565
-0.425,-0.932
-0.375,-2.35
-0.53,-0.077
-0.472,-2.583
-0.671,-2.784
-0.774,-0.363
-0.684,-0.845
-0.89,-0.431
-0.879,-1.516
-1.038,-0.33
-1.164,-2.139
-1.157,-0.862
-1.106,-0.916
-1.108,-2.342
-1.447,-0.491
-1.36,-3.095
-1.541,-1.216
-1.516,-1.695
-1.739,-0.049
-2.097,-3.663
-2.782,-3.464
2.417,-3.568
2.437,-3.45
1.842,-3.486
1.618,-3.567
0.784,-3.613
0.032,-3.733
-0.416,-3.477
-0.951,-3.539
2.114,0.325
1.16,0.617
0.451,0.623
-0.986,0.352
-1.885,-2.492
-2.23,-1.272
-2.929,-2.493
2.579,-1.869
2.357,-2.488
2.008,-2.462
0.234,-2.517
-0.38,-1.254
-2.596,-2.095
1.711,-1.036
-0.223,-1.843
-0.538,-2.729
-0.643,-2.315
-1.083,-2.724
-1.281,-2.676
-1.349,-1.908
-2.887,-1.954
2.4,-0.265
-1.005,-1.336
-2.453,-3.205
-2.763,-3.256
3.008,-3.417
1.633,-3.461
1.044,-3.303
0.715,-3.367
0.558,-3.447
0.501,-3.374
-0.855,-3.436
-1.042,-3.437
-2.767,-3.658
1.689,-3.831
1.233,-3.692
0.532,-3.888
-0.153,-2.041
-0.25,-0.408
-0.2,-1.826
-0.355,0.447
-0.297,-2.059
-0.496,-2.26
-0.599,0.161
-0.509,-0.321
-0.715,0.093
-0.704,-0.992
-0.863,0.194
-0.989,-1.615
-0.982,-0.338
-0.931,-0.392
-0.933,-1.818
-1.272,0.033
-1.185,-2.571
-1.366,-0.692
-1.341,-1.171
-1.564,0.475
-1.922,-3.139
-2.607,-2.94
2.592,-3.044
2.612,-2.926
2.017,-2.962
1.793,-3.043
0.959,-3.089
0.207,-3.209
-0.241,-2.953
-0.776,-3.015
2.289,0.849
1.335,1.141
0.626,1.147
-0.811,0.876
-1.71,-1.968
-2.055,-0.748
-2.754,-1.969
2.754,-1.345
2.532,-1.964
2.183,-1.938
0.409,-1.993
-0.205,-0.73
-2.421,-1.571
1.886,-0.512
-0.048,-1.319
-0.363,-2.205
-0.468,-1.791
-0.908,-2.2
-1.106,-2.152
-1.174,-1.384
-2.712,-1.43
2.575,0.259
-0.83,-0.812
-2.278,-2.681
-2.588,-2.732
-3.1,-2.893
1.808,-2.937
1.219,-2.779
0.89,-2.843
0.733,-2.923
0.676,-2.85
-0.68,-2.912
-0.867,-2.913
-2.592,-3.134
1.864,-3.307
1.408,-3.168
0.707,-3.364
-0.097,1.633
-0.047,0.215
-0.202,2.488
-0.144,-0.018
-0.343,-0.219
-0.446,2.202
-0.356,1.72
-0.562,2.134
-0.551,1.049
-0.71,2.235
-0.836,0.426
-0.829,1.703
-0.778,1.649
-0.78,0.223
-1.119,2.074
-1.032,-0.53
-1.213,1.349
-1.188,0.87
-1.411,2.516
-1.769,-1.098
-2.454,-0.899
2.745,-1.003
2.765,-0.885
2.17,-0.921
1.946,-1.002
1.112,-1.048
0.36,-1.168
-0.088,-0.912
-0.623,-0.974
2.442,2.89
1.488,3.182
0.779,3.188
-0.658,2.917
-1.557,0.073
-1.902,1.293
-2.601,0.072
2.907,0.696
2.685,0.077
2.336,0.103
0.562,0.048
-0.052,1.311
-2.268,0.47
2.039,1.529
0.105,0.722
-0.21,-0.164
-0.315,0.25
-0.755,-0.159
-0.953,-0.111
-1.021,0.657
-2.559,0.611
2.728,2.3
-0.677,1.229
-2.125,-0.64
-2.435,-0.691
-2.947,-0.852
1.961,-0.896
1.372,-0.738
1.043,-0.802
0.886,-0.882
0.829,-0.809
-0.527,-0.871
-0.714,-0.872
-2.439,-1.093
2.017,-1.266
1.561,-1.127
0.86,-1.323
0.05,-1.418
-0.105,0.855
-0.047,-1.651
-0.246,-1.852
-0.349,0.569
-0.259,0.087
-0.465,0.501
-0.454,-0.584
-0.613,0.602
-0.739,-1.207
-0.732,0.07
-0.681,0.016
-0.683,-1.41
-1.022,0.441
-0.935,-2.163
-1.116,-0.284
-1.091,-0.763
-1.314,0.883
-1.672,-2.731
-2.357,-2.532
2.842,-2.636
2.862,-2.518
2.267,-2.554
2.043,-2.635
1.209,-2.681
0.457,-2.801
0.009,-2.545
-0.526,-2.607
2.539,1.257
1.585,1.549
0.876,1.555
-0.561,1.284
-1.46,-1.56
-1.805,-0.34
-2.504,-1.561
3.004,-0.937
2.782,-1.556
2.433,-1.53
0.659,-1.585
0.045,-0.322
-2.171,-1.163
2.136,-0.104
0.202,-0.911
-0.113,-1.797
-0.218,-1.383
-0.658,-1.792
-0.856,-1.744
-0.924,-0.976
-2.462,-1.022
2.825,0.667
-0.58,-0.404
-2.028,-2.273
-2.338,-2.324
-2.85,-2.485
2.058,-2.529
1.469,-2.371
1.14,-2.435
0.983,-2.515
0.926,-2.442
-0.43,-2.504
-0.617,-2.505
-2.342,-2.726
2.114,-2.899
1.658,-2.76
0.957,-2.956
-0.155,2.273
-0.097,-0.233
-0.296,-0.434
-0.399,1.987
-0.309,1.505
-0.515,1.919
-0.504,0.834
-0.663,2.02
-0.789,0.211
-0.782,1.488
-0.731,1.434
-0.733,0.008
-1.072,1.859
-0.985,-0.745
-1.166,1.134
-1.141,0.655
-1.364,2.301
-1.722,-1.313
-2.407,-1.114
2.792,-1.218
2.812,-1.1
2.217,-1.136
1.993,-1.217
1.159,-1.263
0.407,-1.383
-0.041,-1.127
-0.576,-1.189
2.489,2.675
1.535,2.967
0.826,2.973
-0.611,2.702
-1.51,-0.142
-1.855,1.078
-2.554,-0.143
2.954,0.481
2.732,-0.138
2.383,-0.112
0.609,-0.167
-0.005,1.096
-2.221,0.255
2.086,1.314
0.152,0.507
-0.163,-0.379
-0.268,0.035
-0.708,-0.374
-0.906,-0.326
-0.974,0.442
-2.512,0.396
2.775,2.085
-0.63,1.014
-2.078,-0.855
-2.388,-0.906
-2.9,-1.067
2.008,-1.111
1.419,-0.953
1.09,-1.017
0.933,-1.097
0.876,-1.024
-0.48,-1.086
-0.667,-1.087
-2.392,-1.308
2.064,-1.481
1.608,-1.342
0.907,-1.538
0.058,-2.506
-0.141,-2.707
-0.244,-0.286
-0.154,-0.768
-0.36,-0.354
-0.349,-1.439
-0.508,-0.253
-0.634,-2.062
-0.627,-0.785
-0.576,-0.839
-0.578,-2.265
-0.917,-0.414
-0.83,-3.018
-1.011,-1.139
-0.986,-1.618
-1.209,0.028
-1.567,-3.586
-2.252,-3.387
2.947,-3.491
2.967,-3.373
2.372,-3.409
2.148,-3.49
1.314,-3.536
0.562,-3.656
0.114,-3.4
-0.421,-3.462
2.644,0.402
1.69,0.694
0.981,0.7
-0.456,0.429
-1.355,-2.415
-1.7,-1.195
-2.399,-2.416
3.109,-1.792
2.887,-2.411
2.538,-2.385
0.764,-2.44
0.15,-1.177
-2.066,-2.018
2.241,-0.959
0.307,-1.766
-0.008,-2.652
-0.113,-2.238
-0.553,-2.647
-0.751,-2.599
-0.819,-1.831
-2.357,-1.877
2.93,-0.188
-0.475,-1.259
-1.923,-3.128
-2.233,-3.179
-2.745,-3.34
2.163,-3.384
1.574,-3.226
1.245,-3.29
1.088,-3.37
1.031,-3.297
-0.325,-3.359
-0.512,-3.36
-2.237,-3.581
2.219,-3.754
1.763,-3.615
1.062,-3.811
-0.199,-0.201
-0.302,2.22
-0.212,1.738
-0.418,2.152
-0.407,1.067
-0.566,2.253
-0.692,0.444
-0.685,1.721
-0.634,1.667
-0.636,0.241
-0.975,2.092
-0.888,-0.512
-1.069,1.367
-1.044,0.888
-1.267,2.534
-1.625,-1.08
-2.31,-0.881
2.889,-0.985
2.909,-0.867
2.314,-0.903
2.09,-0.984
1.256,-1.03
0.504,-1.15
0.056,-0.894
-0.479,-0.956
2.586,2.908
1.632,3.2
0.923,3.206
-0.514,2.935
-1.413,0.091
-1.758,1.311
-2.457,0.09
3.051,0.714
2.829,0.095
2.48,0.121
0.706,0.066
0.092,1.329
-2.124,0.488
2.183,1.547
0.249,0.74
-0.066,-0.146
-0.171,0.268
-0.611,-0.141
-0.809,-0.093
-0.877,0.675
-2.415,0.629
2.872,2.318
-0.533,1.247
-1.981,-0.622
-2.291,-0.673
-2.803,-0.834
2.105,-0.878
1.516,-0.72
1.187,-0.784
1.03,-0.864
0.973,-0.791
-0.383,-0.853
-0.57,-0.854
-2.295,-1.075
2.161,-1.248
1.705,-1.109
1.004,-1.305
-0.103,2.421
-0.013,1.939
-0.219,2.353
-0.208,1.268
-0.367,2.454
-0.493,0.645
-0.486,1.922
-0.435,1.868
-0.437,0.442
-0.776,2.293
-0.689,-0.311
-0.87,1.568
-0.845,1.089
-1.068,2.735
-1.426,-0.879
-2.111,-0.68
3.088,-0.784
3.108,-0.666
2.513,-0.702
2.289,-0.783
1.455,-0.829
0.703,-0.949
0.255,-0.693
-0.28,-0.755
2.785,3.109
1.831,3.401
1.122,3.407
-0.315,3.136
-1.214,0.292
-1.559,1.512
-2.258,0.291
-3.033,0.915
3.028,0.296
2.679,0.322
0.905,0.267
0.291,1.53
-1.925,0.689
2.382,1.748
0.448,0.941
0.133,0.055
0.028,0.469
-0.412,0.06
-0.61,0.108
-0.678,0.876
-2.216,0.83
3.071,2.519
-0.334,1.448
-1.782,-0.421
-2.092,-0.472
-2.604,-0.633
2.304,-0.677
1.715,-0.519
1.386,-0.583
1.229,-0.663
1.172,-0.59
-0.184,-0.652
-0.371,-0.653
-2.096,-0.874
2.36,-1.047
1.904,-0.908
1.203,-1.104
0.09,-0.482
-0.116,-0.068
-0.105,-1.153
-0.264,0.033
-0.39,-1.776
-0.383,-0.499
-0.332,-0.553
-0.334,-1.979
-0.673,-0.128
-0.586,-2.732
-0.767,-0.853
-0.742,-1.332
-0.965,0.314
-1.323,-3.3
-2.008,-3.101
-3.092,-3.205
-3.072,-3.087
2.616,-3.123
2.392,-3.204
1.558,-3.25
0.806,-3.37
0.358,-3.114
-0.177,-3.176
2.888,0.688
1.934,0.98
1.225,0.986
-0.212,0.715
-1.111,-2.129
-1.456,-0.909
-2.155,-2.13
-2.93,-1.506
3.131,-2.125
2.782,-2.099
1.008,-2.154
0.394,-0.891
-1.822,-1.732
2.485,-0.673
0.551,-1.48
0.236,-2.366
0.131,-1.952
-0.309,-2.361
-0.507,-2.313
-0.575,-1.545
-2.113,-1.591
-3.109,0.098
-0.231,-0.973
-1.679,-2.842
-1.989,-2.893
-2.501,-3.054
2.407,-3.098
1.818,-2.94
1.489,-3.004
1.332,-3.084
1.275,-3.011
-0.081,-3.073
-0.268,-3.074
-1.993,-3.295
2.463,-3.468
2.007,-3.329
1.306,-3.525
-0.206,0.414
-0.195,-0.671
-0.354,0.515
-0.48,-1.294
-0.473,-0.017
-0.422,-0.071
-0.424,-1.497
-0.763,0.354
-0.676,-2.25
-0.857,-0.371
-0.832,-0.85
-1.055,0.796
-1.413,-2.818
-2.098,-2.619
3.101,-2.723
3.121,-2.605
2.526,-2.641
2.302,-2.722
1.468,-2.768
0.716,-2.888
0.268,-2.632
-0.267,-2.694
2.798,1.17
1.844,1.462
1.135,1.468
-0.302,1.197
-1.201,-1.647
-1.546,-0.427
-2.245,-1.648
-3.02,-1.024
3.041,-1.643
2.692,-1.617
0.918,-1.672
0.304,-0.409
-1.912,-1.25
2.395,-0.191
0.461,-0.998
0.146,-1.884
0.041,-1.47
-0.399,-1.879
-0.597,-1.831
-0.665,-1.063
-2.203,-1.109
3.084,0.58
-0.321,-0.491
-1.769,-2.36
-2.079,-2.411
-2.591,-2.572
2.317,-2.616
1.728,-2.458
1.399,-2.522
1.242,-2.602
1.185,-2.529
-0.171,-2.591
-0.358,-2.592
-2.083,-2.813
2.373,-2.986
1.917,-2.847
1.216,-3.043
0.011,-1.085
-0.148,0.101
-0.274,-1.708
-0.267,-0.431
-0.216,-0.485
-0.218,-1.911
-0.557,-0.06
-0.47,-2.664
-0.651,-0.785
-0.626,-1.264
-0.849,0.382
-1.207,-3.232
-1.892,-3.033
-2.976,-3.137
-2.956,-3.019
2.732,-3.055
2.508,-3.136
1.674,-3.182
0.922,-3.302
0.474,-3.046
-0.061,-3.108
3.004,0.756
2.05,1.048
1.341,1.054
-0.096,0.783
-0.995,-2.061
-1.34,-0.841
-2.039,-2.062
-2.814,-1.438
-3.036,-2.057
2.898,-2.031
1.124,-2.086
0.51,-0.823
-1.706,-1.664
2.601,-0.605
0.667,-1.412
0.352,-2.298
0.247,-1.884
-0.193,-2.293
-0.391,-2.245
-0.459,-1.477
-1.997,-1.523
-2.993,0.166
-0.115,-0.905
-1.563,-2.774
-1.873,-2.825
-2.385,-2.986
2.523,-3.03
1.934,-2.872
1.605,-2.936
1.448,-3.016
1.391,-2.943
0.035,-3.005
-0.152,-3.006
-1.877,-3.227
2.579,-3.4
2.123,-3.261
1.422,-3.457
-0.159,1.186
-0.285,-0.623
-0.278,0.654
-0.227,0.6
-0.229,-0.826
-0.568,1.025
-0.481,-1.579
-0.662,0.3
-0.637,-0.179
-0.86,1.467
-1.218,-2.147
-1.903,-1.948
-2.987,-2.052
-2.967,-1.934
2.721,-1.97
2.497,-2.051
1.663,-2.097
0.911,-2.217
0.463,-1.961
-0.072,-2.023
2.993,1.841
2.039,2.133
1.33,2.139
-0.107,1.868
-1.006,-0.976
-1.351,0.244
-2.05,-0.977
-2.825,-0.353
-3.047,-0.972
2.887,-0.946
1.113,-1.001
0.499,0.262
-1.717,-0.579
2.59,0.48
0.656,-0.327
0.341,-1.213
0.236,-0.799
-0.204,-1.208
-0.402,-1.16
-0.47,-0.392
-2.008,-0.438
-3.004,1.251
-0.126,0.18
-1.574,-1.689
-1.884,-1.74
-2.396,-1.901
2.512,-1.945
1.923,-1.787
1.594,-1.851
1.437,-1.931
1.38,-1.858
0.024,-1.92
-0.163,-1.921
-1.888,-2.142
2.568,-2.315
2.112,-2.176
1.411,-2.372
-0.126,-1.809
-0.119,-0.532
-0.068,-0.586
-0.07,-2.012
-0.409,-0.161
-0.322,-2.765
-0.503,-0.886
-0.478,-1.365
-0.701,0.281
-1.059,-3.333
-1.744,-3.134
-2.828,-3.238
-2.808,-3.12
2.88,-3.156
2.656,-3.237
1.822,-3.283
1.07,-3.403
0.622,-3.147
0.087,-3.209
-3.131,0.655
2.198,0.947
1.489,0.953
0.052,0.682
-0.847,-2.162
-1.192,-0.942
-1.891,-2.163
-2.666,-1.539
-2.888,-2.158
3.046,-2.132
1.272,-2.187
0.658,-0.924
-1.558,-1.765
2.749,-0.706
0.815,-1.513
0.5,-2.399
0.395,-1.985
-0.045,-2.394
-0.243,-2.346
-0.311,-1.578
-1.849,-1.624
-2.845,0.065
0.033,-1.006
-1.415,-2.875
-1.725,-2.926
-2.237,-3.087
2.671,-3.131
2.082,-2.973
1.753,-3.037
1.596,-3.117
1.539,-3.044
0.183,-3.106
-0.004,-3.107
-1.729,-3.328
2.727,-3.501
2.271,-3.362
1.57,-3.558
0.007,1.277
0.058,1.223
0.056,-0.203
-0.283,1.648
-0.196,-0.956
-0.377,0.923
-0.352,0.444
-0.575,2.09
-0.933,-1.524
-1.618,-1.325
-2.702,-1.429
-2.682,-1.311
3.006,-1.347
2.782,-1.428
1.948,-1.474
1.196,-1.594
0.748,-1.338
0.213,-1.4
-3.005,2.464
2.324,2.756
1.615,2.762
0.178,2.491
-0.721,-0.353
-1.066,0.867
-1.765,-0.354
-2.54,0.27
-2.762,-0.349
-3.111,-0.323
1.398,-0.378
0.784,0.885
-1.432,0.044
2.875,1.103
0.941,0.296
0.626,-0.59
0.521,-0.176
0.081,-0.585
-0.117,-0.537
-0.185,0.231
-1.723,0.185
-2.719,1.874
0.159,0.803
-1.289,-1.066
-1.599,-1.117
-2.111,-1.278
2.797,-1.322
2.208,-1.164
1.879,-1.228
1.722,-1.308
1.665,-1.235
0.309,-1.297
0.122,-1.298
-1.603,-1.519
2.853,-1.692
2.397,-1.553
1.696,-1.749
0.051,-0.054
0.049,-1.48
-0.29,0.371
-0.203,-2.233
-0.384,-0.354
-0.359,-0.833
-0.582,0.813
-0.94,-2.801
-1.625,-2.602
-2.709,-2.706
-2.689,-2.588
2.999,-2.624
2.775,-2.705
1.941,-2.751
1.189,-2.871
0.741,-2.615
0.206,-2.677
-3.012,1.187
2.317,1.479
1.608,1.485
0.171,1.214
-0.728,-1.63
-1.073,-0.41
-1.772,-1.631
-2.547,-1.007
-2.769,-1.626
-3.118,-1.6
1.391,-1.655
0.777,-0.392
-1.439,-1.233
2.868,-0.174
0.934,-0.981
0.619,-1.867
0.514,-1.453
0.074,-1.862
-0.124,-1.814
-0.192,-1.046
-1.73,-1.092
-2.726,0.597
0.152,-0.474
-1.296,-2.343
-1.606,-2.394
-2.118,-2.555
2.79,-2.599
2.201,-2.441
1.872,-2.505
1.715,-2.585
1.658,-2.512
0.302,-2.574
0.115,-2.575
-1.61,-2.796
2.846,-2.969
2.39,-2.83
1.689,-3.026
-0.002,-1.426
-0.341,0.425
-0.254,-2.179
-0.435,-0.3
-0.41,-0.779
-0.633,0.867
-0.991,-2.747
-1.676,-2.548
-2.76,-2.652
-2.74,-2.534
2.948,-2.57
2.724,-2.651
1.89,-2.697
1.138,-2.817
0.69,-2.561
0.155,-2.623
-3.063,1.241
2.266,1.533
1.557,1.539
0.12,1.268
-0.779,-1.576
-1.124,-0.356
-1.823,-1.577
-2.598,-0.953
-2.82,-1.572
3.114,-1.546
1.34,-1.601
0.726,-0.338
-1.49,-1.179
2.817,-0.12
0.883,-0.927
0.568,-1.813
0.463,-1.399
0.023,-1.808
-0.175,-1.76
-0.243,-0.992
-1.781,-1.038
-2.777,0.651
0.101,-0.42
-1.347,-2.289
-1.657,-2.34
-2.169,-2.501
2.739,-2.545
2.15,-2.387
1.821,-2.451
1.664,-2.531
1.607,-2.458
0.251,-2.52
0.064,-2.521
-1.661,-2.742
2.795,-2.915
2.339,-2.776
1.638,-2.972
-0.339,1.851
-0.252,-0.753
-0.433,1.126
-0.408,0.647
-0.631,2.293
-0.989,-1.321
-1.674,-1.122
-2.758,-1.226
-2.738,-1.108
2.95,-1.144
2.726,-1.225
1.892,-1.271
1.14,-1.391
0.692,-1.135
0.157,-1.197
-3.061,2.667
2.268,2.959
1.559,2.965
0.122,2.694
-0.777,-0.15
-1.122,1.07
-1.821,-0.151
-2.596,0.473
-2.818,-0.146
3.116,-0.12
1.342,-0.175
0.728,1.088
-1.488,0.247
2.819,1.306
0.885,0.499
0.57,-0.387
0.465,0.027
0.025,-0.382
-0.173,-0.334
-0.241,0.434
-1.779,0.388
-2.775,2.077
0.103,1.006
-1.345,-0.863
-1.655,-0.914
-2.167,-1.075
2.741,-1.119
2.152,-0.961
1.823,-1.025
1.666,-1.105
1.609,-1.032
0.253,-1.094
0.066,-1.095
-1.659,-1.316
2.797,-1.489
2.341,-1.35
1.64,-1.546
0.087,-2.604
-0.094,-0.725
-0.069,-1.204
-0.292,0.442
-0.65,-3.172
-1.335,-2.973
-2.419,-3.077
-2.399,-2.959
-2.994,-2.995
3.065,-3.076
2.231,-3.122
1.479,-3.242
1.031,-2.986
0.496,-3.048
-2.722,0.816
2.607,1.108
1.898,1.114
0.461,0.843
-0.438,-2.001
-0.783,-0.781
-1.482,-2.002
-2.257,-1.378
-2.479,-1.997
-2.828,-1.971
1.681,-2.026
1.067,-0.763
-1.149,-1.604
-3.125,-0.545
1.224,-1.352
0.909,-2.238
0.804,-1.824
0.364,-2.233
0.166,-2.185
0.098,-1.417
-1.44,-1.463
-2.436,0.226
0.442,-0.845
-1.006,-2.714
-1.316,-2.765
-1.828,-2.926
3.08,-2.97
2.491,-2.812
2.162,-2.876
2.005,-2.956
1.948,-2.883
0.592,-2.945
0.405,-2.946
-1.32,-3.167
3.136,-3.34
2.68,-3.201
1.979,-3.397
-0.181,1.879
-0.156,1.4
-0.379,3.046
-0.737,-0.568
-1.422,-0.369
-2.506,-0.473
-2.486,-0.355
-3.081,-0.391
2.978,-0.472
2.144,-0.518
1.392,-0.638
0.944,-0.382
0.409,-0.444
-2.809,3.42
2.52,3.712
1.811,3.718
0.374,3.447
-0.525,0.603
-0.87,1.823
-1.569,0.602
-2.344,1.226
-2.566,0.607
-2.915,0.633
1.594,0.578
0.98,1.841
-1.236,1.0
3.071,2.059
1.137,1.252
0.822,0.366
0.717,0.78
0.277,0.371
0.079,0.419
0.011,1.187
-1.527,1.141
-2.523,2.83
0.355,1.759
-1.093,-0.11
-1.403,-0.161
-1.915,-0.322
2.993,-0.366
2.404,-0.208
2.075,-0.272
1.918,-0.352
1.861,-0.279
0.505,-0.341
0.318,-0.342
-1.407,-0.563
3.049,-0.736
2.593,-0.597
1.892,-0.793
0.025,-0.479
-0.198,1.167
-0.556,-2.447
-1.241,-2.248
-2.325,-2.352
-2.305,-2.234
-2.9,-2.27
-3.124,-2.351
2.325,-2.397
1.573,-2.517
1.125,-2.261
0.59,-2.323
-2.628,1.541
2.701,1.833
1.992,1.839
0.555,1.568
-0.344,-1.276
-0.689,-0.056
-1.388,-1.277
-2.163,-0.653
-2.385,-1.272
-2.734,-1.246
1.775,-1.301
1.161,-0.038
-1.055,-0.879
-3.031,0.18
1.318,-0.627
1.003,-1.513
0.898,-1.099
0.458,-1.508
0.26,-1.46
0.192,-0.692
-1.346,-0.738
-2.342,0.951
0.536,-0.12
-0.912,-1.989
-1.222,-2.04
-1.734,-2.201
-3.109,-2.245
2.585,-2.087
2.256,-2.151
2.099,-2.231
2.042,-2.158
0.686,-2.22
0.499,-2.221
-1.226,-2.442
-3.053,-2.615
2.774,-2.476
2.073,-2.672
-0.223,1.646
-0.581,-1.968
-1.266,-1.769
-2.35,-1.873
-2.33,-1.755
-2.925,-1.791
3.134,-1.872
2.3,-1.918
1.548,-2.038
1.1,-1.782
0.565,-1.844
-2.653,2.02
2.676,2.312
1.967,2.318
0.53,2.047
-0.369,-0.797
-0.714,0.423
-1.413,-0.798
-2.188,-0.174
-2.41,-0.793
-2.759,-0.767
1.75,-0.822
1.136,0.441
-1.08,-0.4
-3.056,0.659
1.293,-0.148
0.978,-1.034
0.873,-0.62
0.433,-1.029
0.235,-0.981
0.167,-0.213
-1.371,-0.259
-2.367,1.43
0.511,0.359
-0.937,-1.51
-1.247,-1.561
-1.759,-1.722
-3.134,-1.766
2.56,-1.608
2.231,-1.672
2.074,-1.752
2.017,-1.679
0.661,-1.741
0.474,-1.742
-1.251,-1.963
-3.078,-2.136
2.749,-1.997
2.048,-2.193
-0.358,-3.614
-1.043,-3.415
-2.127,-3.519
-2.107,-3.401
-2.702,-3.437
-2.926,-3.518
2.523,-3.564
1.771,-3.684
1.323,-3.428
0.788,-3.49
-2.43,0.374
2.899,0.666
2.19,0.672
0.753,0.401
-0.146,-2.443
-0.491,-1.223
-1.19,-2.444
-1.965,-1.82
-2.187,-2.439
-2.536,-2.413
1.973,-2.468
1.359,-1.205
-0.857,-2.046
-2.833,-0.987
1.516,-1.794
1.201,-2.68
1.096,-2.266
0.656,-2.675
0.458,-2.627
0.39,-1.859
-1.148,-1.905
-2.144,-0.216
0.734,-1.287
-0.714,-3.156
-1.024,-3.207
-1.536,-3.368
-2.911,-3.412
2.783,-3.254
2.454,-3.318
2.297,-3.398
2.24,-3.325
0.884,-3.387
0.697,-3.388
-1.028,-3.609
-2.855,-3.782
2.972,-3.643
2.271,-3.839
-0.685,0.199
-1.769,0.095
-1.749,0.213
-2.344,0.177
-2.568,0.096
2.881,0.05
2.129,-0.07
1.681,0.186
1.146,0.124
-2.072,3.988
-3.026,4.28
2.548,4.286
1.111,4.015
0.212,1.171
-0.133,2.391
-0.832,1.17
-1.607,1.794
-1.829,1.175
-2.178,1.201
2.331,1.146
1.717,2.409
-0.499,1.568
-2.475,2.627
1.874,1.82
1.559,0.934
1.454,1.348
1.014,0.939
0.816,0.987
0.748,1.755
-0.79,1.709
-1.786,3.398
1.092,2.327
-0.356,0.458
-0.666,0.407
-1.178,0.246
-2.553,0.202
3.141,0.36
2.812,0.296
2.655,0.216
2.598,0.289
1.242,0.227
1.055,0.226
-0.67,0.005
-2.497,-0.168
-2.953,-0.029
2.629,-0.225
-1.084,-0.104
-1.064,0.014
-1.659,-0.022
-1.883,-0.103
-2.717,-0.149
2.814,-0.269
2.366,-0.013
1.831,-0.075
-1.387,3.789
-2.341,4.081
-3.05,4.087
1.796,3.816
0.897,0.972
0.552,2.192
-0.147,0.971
-0.922,1.595
-1.144,0.976
-1.493,1.002
3.016,0.947
2.402,2.21
0.186,1.369
-1.79,2.428
2.559,1.621
2.244,0.735
2.139,1.149
1.699,0.74
1.501,0.788
1.433,1.556
-0.105,1.51
-1.101,3.199
1.777,2.128
0.329,0.259
0.019,0.208
-0.493,0.047
-1.868,0.003
-2.457,0.161
-2.786,0.097
-2.943,0.017
-3.0,0.09
1.927,0.028
1.74,0.027
0.015,-0.194
-1.812,-0.367
-2.268,-0.228
-2.969,-0.424
0.02,0.118
-0.575,0.082
-0.799,0.001
-1.633,-0.045
-2.385,-0.165
-2.833,0.091
2.915,0.029
-0.303,3.893
-1.257,4.185
-1.966,4.191
2.88,3.92
1.981,1.076
1.636,2.296
0.937,1.075
0.162,1.699
-0.06,1.08
-0.409,1.106
-2.183,1.051
-2.797,2.314
1.27,1.473
-0.706,2.532
-2.64,1.725
-2.955,0.839
-3.06,1.253
2.783,0.844
2.585,0.892
2.517,1.66
0.979,1.614
-0.017,3.303
2.861,2.232
1.413,0.363
1.103,0.312
0.591,0.151
-0.784,0.107
-1.373,0.265
-1.702,0.201
-1.859,0.121
-1.916,0.194
3.011,0.132
2.824,0.131
1.099,-0.09
-0.728,-0.263
-1.184,-0.124
-1.885,-0.32
-0.595,-0.036
-0.819,-0.117
-1.653,-0.163
-2.405,-0.283
-2.853,-0.027
2.895,-0.089
-0.323,3.775
-1.277,4.067
-1.986,4.073
2.86,3.802
1.961,0.958
1.616,2.178
0.917,0.957
0.142,1.581
-0.08,0.962
-0.429,0.988
-2.203,0.933
-2.817,2.196
1.25,1.355
-0.726,2.414
-2.66,1.607
-2.975,0.721
-3.08,1.135
2.763,0.726
2.565,0.774
2.497,1.542
0.959,1.496
-0.037,3.185
2.841,2.114
1.393,0.245
1.083,0.194
0.571,0.033
-0.804,-0.011
-1.393,0.147
-1.722,0.083
-1.879,0.003
-1.936,0.076
2.991,0.014
2.804,0.013
1.079,-0.208
-0.748,-0.381
-1.204,-0.242
-1.905,-0.438
-0.224,-0.081
-1.058,-0.127
-1.81,-0.247
-2.258,0.009
-2.793,-0.053
0.272,3.811
-0.682,4.103
-1.391,4.109
-2.828,3.838
2.556,0.994
2.211,2.214
1.512,0.993
0.737,1.617
0.515,0.998
0.166,1.024
-1.608,0.969
-2.222,2.232
1.845,1.391
-0.131,2.45
-2.065,1.643
-2.38,0.757
-2.485,1.171
-2.925,0.762
-3.123,0.81
3.092,1.578
1.554,1.532
0.558,3.221
-2.847,2.15
1.988,0.281
1.678,0.23
1.166,0.069
-0.209,0.025
-0.798,0.183
-1.127,0.119
-1.284,0.039
-1.341,0.112
-2.697,0.05
-2.884,0.049
1.674,-0.172
-0.153,-0.345
-0.609,-0.206
-1.31,-0.402
-0.834,-0.046
-1.586,-0.166
-2.034,0.09
-2.569,0.028
0.496,3.892
-0.458,4.184
-1.167,4.19
-2.604,3.919
2.78,1.075
2.435,2.295
1.736,1.074
0.961,1.698
0.739,1.079
0.39,1.105
-1.384,1.05
-1.998,2.313
2.069,1.472
0.093,2.531
-1.841,1.724
-2.156,0.838
-2.261,1.252
-2.701,0.843
-2.899,0.891
-2.967,1.659
1.778,1.613
0.782,3.302
-2.623,2.231
2.212,0.362
1.902,0.311
1.39,0.15
0.015,0.106
-0.574,0.264
-0.903,0.2
-1.06,0.12
-1.117,0.193
-2.473,0.131
-2.66,0.13
1.898,-0.091
0.071,-0.264
-0.385,-0.125
-1.086,-0.321
-0.752,-0.12
-1.2,0.136
-1.735,0.074
1.33,3.938
0.376,4.23
-0.333,4.236
-1.77,3.965
-2.669,1.121
-3.014,2.341
2.57,1.12
1.795,1.744
1.573,1.125
1.224,1.151
-0.55,1.096
-1.164,2.359
2.903,1.518
0.927,2.577
-1.007,1.77
-1.322,0.884
-1.427,1.298
-1.867,0.889
-2.065,0.937
-2.133,1.705
2.612,1.659
1.616,3.348
-1.789,2.277
3.046,0.408
2.736,0.357
2.224,0.196
0.849,0.152
0.26,0.31
-0.069,0.246
-0.226,0.166
-0.283,0.239
-1.639,0.177
-1.826,0.176
2.732,-0.045
0.905,-0.218
0.449,-0.079
-0.252,-0.275
-0.448,0.256
-0.983,0.194
2.082,4.058
1.128,4.35
0.419,4.356
-1.018,4.085
-1.917,1.241
-2.262,2.461
-2.961,1.24
2.547,1.864
2.325,1.245
1.976,1.271
0.202,1.216
-0.412,2.479
-2.628,1.638
1.679,2.697
-0.255,1.89
-0.57,1.004
-0.675,1.418
-1.115,1.009
-1.313,1.057
-1.381,1.825
-2.919,1.779
2.368,3.468
-1.037,2.397
-2.485,0.528
-2.795,0.477
2.976,0.316
1.601,0.272
1.012,0.43
0.683,0.366
0.526,0.286
0.469,0.359
-0.887,0.297
-1.074,0.296
-2.799,0.075
1.657,-0.098
1.201,0.041
0.5,-0.155
-0.535,-0.062
2.53,3.802
1.576,4.094
0.867,4.1
-0.57,3.829
-1.469,0.985
-1.814,2.205
-2.513,0.984
2.995,1.608
2.773,0.989
2.424,1.015
0.65,0.96
0.036,2.223
-2.18,1.382
2.127,2.441
0.193,1.634
-0.122,0.748
-0.227,1.162
-0.667,0.753
-0.865,0.801
-0.933,1.569
-2.471,1.523
2.816,3.212
-0.589,2.141
-2.037,0.272
-2.347,0.221
-2.859,0.06
2.049,0.016
1.46,0.174
1.131,0.11
0.974,0.03
0.917,0.103
-0.439,0.041
-0.626,0.04
-2.351,-0.181
2.105,-0.354
1.649,-0.215
0.948,-0.411
3.065,3.864
2.111,4.156
1.402,4.162
-0.035,3.891
-0.934,1.047
-1.279,2.267
-1.978,1.046
-2.753,1.67
-2.975,1.051
2.959,1.077
1.185,1.022
0.571,2.285
-1.645,1.444
2.662,2.503
0.728,1.696
0.413,0.81
0.308,1.224
-0.132,0.815
-0.33,0.863
-0.398,1.631
-1.936,1.585
-2.932,3.274
-0.054,2.203
-1.502,0.334
-1.812,0.283
-2.324,0.122
2.584,0.078
1.995,0.236
1.666,0.172
1.509,0.092
1.452,0.165
0.096,0.103
-0.091,0.102
-1.816,-0.119
2.64,-0.292
2.184,-0.153
1.483,-0.349
-0.954,0.292
-1.663,0.298
-3.1,0.027
2.284,-2.817
1.939,-1.597
1.24,-2.818
0.465,-2.194
0.243,-2.813
-0.106,-2.787
-1.88,-2.842
-2.494,-1.579
1.573,-2.42
-0.403,-1.361
-2.337,-2.168
-2.652,-3.054
-2.757,-2.64
3.086,-3.049
2.888,-3.001
2.82,-2.233
1.282,-2.279
0.286,-0.59
-3.119,-1.661
1.716,-3.53
1.406,-3.581
0.894,-3.742
-0.481,-3.786
-1.07,-3.628
-1.399,-3.692
-1.556,-3.772
-1.613,-3.699
-2.969,-3.761
3.127,-3.762
1.402,-3.983
-0.425,-4.156
-0.881,-4.017
-1.582,-4.213
-0.709,0.006
-2.146,-0.265
-3.045,-3.109
2.893,-1.889
2.194,-3.11
1.419,-2.486
1.197,-3.105
0.848,-3.079
-0.926,-3.134
-1.54,-1.871
2.527,-2.712
0.551,-1.653
-1.383,-2.46
-1.698,-3.346
-1.803,-2.932
-2.243,-3.341
-2.441,-3.293
-2.509,-2.525
2.236,-2.571
1.24,-0.882
-2.165,-1.953
2.67,-3.822
2.36,-3.873
1.848,-4.034
0.473,-4.078
-0.116,-3.92
-0.445,-3.984
-0.602,-4.064
-0.659,-3.991
-2.015,-4.053
-2.202,-4.054
2.356,-4.275
0.529,-4.448
0.073,-4.309
-0.628,-4.505
-1.437,-0.271
-2.336,-3.115
-2.681,-1.895
2.903,-3.116
2.128,-2.492
1.906,-3.111
1.557,-3.085
-0.217,-3.14
-0.831,-1.877
-3.047,-2.718
1.26,-1.659
-0.674,-2.466
-0.989,-3.352
-1.094,-2.938
-1.534,-3.347
-1.732,-3.299
-1.8,-2.531
2.945,-2.577
1.949,-0.888
-1.456,-1.959
-2.904,-3.828
3.069,-3.879
2.557,-4.04
1.182,-4.084
0.593,-3.926
0.264,-3.99
0.107,-4.07
0.05,-3.997
-1.306,-4.059
-1.493,-4.06
3.065,-4.281
1.238,-4.454
0.782,-4.315
0.081,-4.511
-0.899,-2.844
-1.244,-1.624
-1.943,-2.845
-2.718,-2.221
-2.94,-2.84
2.994,-2.814
1.22,-2.869
0.606,-1.606
-1.61,-2.447
2.697,-1.388
0.763,-2.195
0.448,-3.081
0.343,-2.667
-0.097,-3.076
-0.295,-3.028
-0.363,-2.26
-1.901,-2.306
-2.897,-0.617
-0.019,-1.688
-1.467,-3.557
-1.777,-3.608
-2.289,-3.769
2.619,-3.813
2.03,-3.655
1.701,-3.719
1.544,-3.799
1.487,-3.726
0.131,-3.788
-0.056,-3.789
-1.781,-4.01
2.675,-4.183
2.219,-4.044
1.518,-4.24
-0.345,1.22
-1.044,-0.001
-1.819,0.623
-2.041,0.004
-2.39,0.03
2.119,-0.025
1.505,1.238
-0.711,0.397
-2.687,1.456
1.662,0.649
1.347,-0.237
1.242,0.177
0.802,-0.232
0.604,-0.184
0.536,0.584
-1.002,0.538
-1.998,2.227
0.88,1.156
-0.568,-0.713
-0.878,-0.764
-1.39,-0.925
-2.765,-0.969
2.929,-0.811
2.6,-0.875
2.443,-0.955
2.386,-0.882
1.03,-0.944
0.843,-0.945
-0.882,-1.166
-2.709,-1.339
3.118,-1.2
2.417,-1.396
-0.699,-1.221
-1.474,-0.597
-1.696,-1.216
-2.045,-1.19
2.464,-1.245
1.85,0.018
-0.366,-0.823
-2.342,0.236
2.007,-0.571
1.692,-1.457
1.587,-1.043
1.147,-1.452
0.949,-1.404
0.881,-0.636
-0.657,-0.682
-1.653,1.007
1.225,-0.064
-0.223,-1.933
-0.533,-1.984
-1.045,-2.145
-2.42,-2.189
-3.009,-2.031
2.945,-2.095
2.788,-2.175
2.731,-2.102
1.375,-2.164
1.188,-2.165
-0.537,-2.386
-2.364,-2.559
-2.82,-2.42
2.762,-2.616
-0.775,0.624
-0.997,0.005
-1.346,0.031
-3.12,-0.024
2.549,1.239
0.333,0.398
-1.643,1.457
2.706,0.65
2.391,-0.236
2.286,0.178
1.846,-0.231
1.648,-0.183
1.58,0.585
0.042,0.539
-0.954,2.228
1.924,1.157
0.476,-0.712
0.166,-0.763
-0.346,-0.924
-1.721,-0.968
-2.31,-0.81
-2.639,-0.874
-2.796,-0.954
-2.853,-0.881
2.074,-0.943
1.887,-0.944
0.162,-1.165
-1.665,-1.338
-2.121,-1.199
-2.822,-1.395
-0.222,-0.619
-0.571,-0.593
-2.345,-0.648
-2.959,0.615
1.108,-0.226
-0.868,0.833
-2.802,0.026
-3.117,-0.86
3.061,-0.446
2.621,-0.855
2.423,-0.807
2.355,-0.039
0.817,-0.085
-0.179,1.604
2.699,0.533
1.251,-1.336
0.941,-1.387
0.429,-1.548
-0.946,-1.592
-1.535,-1.434
-1.864,-1.498
-2.021,-1.578
-2.078,-1.505
2.849,-1.567
2.662,-1.568
0.937,-1.789
-0.89,-1.962
-1.346,-1.823
-2.047,-2.019
-0.349,0.026
-2.123,-0.029
-2.737,1.234
1.33,0.393
-0.646,1.452
-2.58,0.645
-2.895,-0.241
-3.0,0.173
2.843,-0.236
2.645,-0.188
2.577,0.58
1.039,0.534
0.043,2.223
2.921,1.152
1.473,-0.717
1.163,-0.768
0.651,-0.929
-0.724,-0.973
-1.313,-0.815
-1.642,-0.879
-1.799,-0.959
-1.856,-0.886
3.071,-0.948
2.884,-0.949
1.159,-1.17
-0.668,-1.343
-1.124,-1.204
-1.825,-1.4
-1.774,-0.055
-2.388,1.208
1.679,0.367
-0.297,1.426
-2.231,0.619
-2.546,-0.267
-2.651,0.147
-3.091,-0.262
2.994,-0.214
2.926,0.554
1.388,0.508
0.392,2.197
-3.013,1.126
1.822,-0.743
1.512,-0.794
1.0,-0.955
-0.375,-0.999
-0.964,-0.841
-1.293,-0.905
-1.45,-0.985
-1.507,-0.912
-2.863,-0.974
-3.05,-0.975
1.508,-1.196
-0.319,-1.369
-0.775,-1.23
-1.476,-1.426
-0.614,1.263
-2.83,0.422
1.477,1.481
-0.457,0.674
-0.772,-0.212
-0.877,0.202
-1.317,-0.207
-1.515,-0.159
-1.583,0.609
-3.121,0.563
2.166,2.252
-1.239,1.181
-2.687,-0.688
-2.997,-0.739
2.774,-0.9
1.399,-0.944
0.81,-0.786
0.481,-0.85
0.324,-0.93
0.267,-0.857
-1.089,-0.919
-1.276,-0.92
-3.001,-1.141
1.455,-1.314
0.999,-1.175
0.298,-1.371
-2.216,-0.841
2.091,0.218
0.157,-0.589
-0.158,-1.475
-0.263,-1.061
-0.703,-1.47
-0.901,-1.422
-0.969,-0.654
-2.507,-0.7
2.78,0.989
-0.625,-0.082
-2.073,-1.951
-2.383,-2.002
-2.895,-2.163
2.013,-2.207
1.424,-2.049
1.095,-2.113
0.938,-2.193
0.881,-2.12
-0.475,-2.182
-0.662,-2.183
-2.387,-2.404
2.069,-2.577
1.613,-2.438
0.912,-2.634
-1.976,1.059
2.373,0.252
2.058,-0.634
1.953,-0.22
1.513,-0.629
1.315,-0.581
1.247,0.187
-0.291,0.141
-1.287,1.83
1.591,0.759
0.143,-1.11
-0.167,-1.161
-0.679,-1.322
-2.054,-1.366
-2.643,-1.208
-2.972,-1.272
-3.129,-1.352
3.097,-1.279
1.741,-1.341
1.554,-1.342
-0.171,-1.563
-1.998,-1.736
-2.454,-1.597
3.128,-1.793
-1.934,-0.807
-2.249,-1.693
-2.354,-1.279
-2.794,-1.688
-2.992,-1.64
-3.06,-0.872
1.685,-0.918
0.689,0.771
-2.716,-0.3
2.119,-2.169
1.809,-2.22
1.297,-2.381
-0.078,-2.425
-0.667,-2.267
-0.996,-2.331
-1.153,-2.411
-1.21,-2.338
-2.566,-2.4
-2.753,-2.401
1.805,-2.622
-0.022,-2.795
-0.478,-2.656
-1.179,-2.852
-0.315,-0.886
-0.42,-0.472
-0.86,-0.881
-1.058,-0.833
-1.126,-0.065
-2.664,-0.111
2.623,1.578
-0.782,0.507
-2.23,-1.362
-2.54,-1.413
-3.052,-1.574
1.856,-1.618
1.267,-1.46
0.938,-1.524
0.781,-1.604
0.724,-1.531
-0.632,-1.593
-0.819,-1.594
-2.544,-1.815
1.912,-1.988
1.456,-1.849
0.755,-2.045
-0.105,0.414
-0.545,0.005
-0.743,0.053
-0.811,0.821
-2.349,0.775
2.938,2.464
-0.467,1.393
-1.915,-0.476
-2.225,-0.527
-2.737,-0.688
2.171,-0.732
1.582,-0.574
1.253,-0.638
1.096,-0.718
1.039,-0.645
-0.317,-0.707
-0.504,-0.708
-2.229,-0.929
2.227,-1.102
1.771,-0.963
1.07,-1.159
-0.44,-0.409
-0.638,-0.361
-0.706,0.407
-2.244,0.361
3.043,2.05
-0.362,0.979
-1.81,-0.89
-2.12,-0.941
-2.632,-1.102
2.276,-1.146
1.687,-0.988
1.358,-1.052
1.201,-1.132
1.144,-1.059
-0.212,-1.121
-0.399,-1.122
-2.124,-1.343
2.332,-1.516
1.876,-1.377
1.175,-1.573
-0.198,0.048
-0.266,0.816
-1.804,0.77
-2.8,2.459
0.078,1.388
-1.37,-0.481
-1.68,-0.532
-2.192,-0.693
2.716,-0.737
2.127,-0.579
1.798,-0.643
1.641,-0.723
1.584,-0.65
0.228,-0.712
0.041,-0.713
-1.684,-0.934
2.772,-1.107
2.316,-0.968
1.615,-1.164
-0.068,0.768
-1.606,0.722
-2.602,2.411
0.276,1.34
-1.172,-0.529
-1.482,-0.58
-1.994,-0.741
2.914,-0.785
2.325,-0.627
1.996,-0.691
1.839,-0.771
1.782,-0.698
0.426,-0.76
0.239,-0.761
-1.486,-0.982
2.97,-1.155
2.514,-1.016
1.813,-1.212
-1.538,-0.046
-2.534,1.643
0.344,0.572
-1.104,-1.297
-1.414,-1.348
-1.926,-1.509
2.982,-1.553
2.393,-1.395
2.064,-1.459
1.907,-1.539
1.85,-1.466
0.494,-1.528
0.307,-1.529
-1.418,-1.75
3.038,-1.923
2.582,-1.784
1.881,-1.98
-0.996,1.689
1.882,0.618
0.434,-1.251
0.124,-1.302
-0.388,-1.463
-1.763,-1.507
-2.352,-1.349
-2.681,-1.413
-2.838,-1.493
-2.895,-1.42
2.032,-1.482
1.845,-1.483
0.12,-1.704
-1.707,-1.877
-2.163,-1.738
-2.864,-1.934
2.878,-1.071
1.43,-2.94
1.12,-2.991
0.608,-3.152
-0.767,-3.196
-1.356,-3.038
-1.685,-3.102
-1.842,-3.182
-1.899,-3.109
3.028,-3.171
2.841,-3.172
1.116,-3.393
-0.711,-3.566
-1.167,-3.427
-1.868,-3.623
-1.448,-1.869
-1.758,-1.92
-2.27,-2.081
2.638,-2.125
2.049,-1.967
1.72,-2.031
1.563,-2.111
1.506,-2.038
0.15,-2.1
-0.037,-2.101
-1.762,-2.322
2.694,-2.495
2.238,-2.356
1.537,-2.552
-0.31,-0.051
-0.822,-0.212
-2.197,-0.256
-2.786,-0.098
-3.115,-0.162
3.011,-0.242
2.954,-0.169
1.598,-0.231
1.411,-0.232
-0.314,-0.453
-2.141,-0.626
-2.597,-0.487
2.985,-0.683
-0.512,-0.161
-1.887,-0.205
-2.476,-0.047
-2.805,-0.111
-2.962,-0.191
-3.019,-0.118
1.908,-0.18
1.721,-0.181
-0.004,-0.402
-1.831,-0.575
-2.287,-0.436
-2.988,-0.632
-1.375,-0.044
-1.964,0.114
-2.293,0.05
-2.45,-0.03
-2.507,0.043
2.42,-0.019
2.233,-0.02
0.508,-0.241
-1.319,-0.414
-1.775,-0.275
-2.476,-0.471
-0.589,0.158
-0.918,0.094
-1.075,0.014
-1.132,0.087
-2.488,0.025
-2.675,0.024
1.883,-0.197
0.056,-0.37
-0.4,-0.231
-1.101,-0.427
-0.329,-0.064
-0.486,-0.144
-0.543,-0.071
-1.899,-0.133
-2.086,-0.134
2.472,-0.355
0.645,-0.528
0.189,-0.389
-0.512,-0.585
-0.157,-0.08
-0.214,-0.007
-1.57,-0.069
-1.757,-0.07
2.801,-0.291
0.974,-0.464
0.518,-0.325
-0.183,-0.521
-0.057,0.073
-1.413,0.011
-1.6,0.01
2.958,-0.211
1.131,-0.384
0.675,-0.245
-0.026,-0.441
-1.356,-0.062
-1.543,-0.063
3.015,-0.284
1.188,-0.457
0.732,-0.318
0.031,-0.514
-0.187,-0.001
-1.912,-0.222
2.544,-0.395
2.088,-0.256
1.387,-0.452
-1.725,-0.221
2.731,-0.394
2.275,-0.255
1.574,-0.451
-1.827,-0.173
-2.283,-0.034
-2.984,-0.23
-0.456,0.139
-1.157,-0.057
-0.701,-0.196
