-0.042,2.195
-0.155,1.214
-0.151,1.341
-0.13,-1.146
-0.212,1.399
-0.22,0.864
-0.281,0.354
-0.33,-0.457
-0.294,0.463
-0.464,-0.188
-0.458,-0.388
-0.385,-0.765
-0.492,-0.019
-0.426,0.304
-0.45,-0.717
-0.505,-0.566
-0.538,1.638
-0.556,-0.976
-0.476,2.462
-0.548,-0.168
-0.647,2.238
-0.673,1.038
-0.689,1.494
-0.679,1.821
-0.62,0.446
-0.712,1.12
-0.672,0.987
-0.759,0.103
-0.702,1.954
-0.85,2.342
-0.868,1.073
-0.876,1.424
-0.829,1.749
-0.964,0.902
-1.059,0.297
-1.174,0.283
-1.174,0.196
-1.223,1.454
-1.249,-0.103
-1.38,0.602
-1.366,2.108
-1.479,0.945
-1.43,1.142
-1.551,0.723
-1.642,-0.117
-1.658,0.779
-1.608,2.226
-1.678,2.045
-1.813,-0.307
-1.863,2.139
-1.951,1.486
-2.035,-0.626
-1.991,-0.096
-2.071,0.268
-2.051,-0.342
-2.153,1.453
-2.179,1.297
-2.386,-0.005
-2.411,1.553
-2.377,0.751
-2.448,-0.622
-2.452,0.476
-2.42,1.304
-2.523,2.075
-2.586,1.644
-2.588,1.262
-2.62,0.04
-2.529,-1.04
-2.7,0.673
-2.654,0.377
-2.765,-0.825
-2.835,-0.41
-2.788,1.47
-2.991,-0.923
-3.025,-0.356
3.138,2.147
-3.085,-0.085
-3.133,1.209
3.128,0.749
3.118,0.187
3.109,0.543
3.015,0.671
3.065,-0.273
2.976,2.569
3.021,0.536
3.021,-0.35
2.928,-0.185
2.816,1.23
2.801,-0.273
2.743,0.912
2.806,1.771
2.761,0.925
2.627,2.508
2.692,-0.724
2.662,0.34
2.64,1.34
2.611,0.243
2.538,0.839
2.496,0.308
2.542,0.356
2.442,2.005
2.499,0.495
2.425,0.212
2.394,1.329
2.363,-0.037
2.362,2.064
2.419,1.97
2.29,1.813
2.164,2.528
2.125,1.687
2.183,0.781
2.172,0.661
2.093,1.914
2.032,0.881
2.085,1.033
1.966,2.305
1.975,0.614
1.915,2.408
1.9,-0.476
1.907,1.054
1.717,-0.39
1.615,0.779
1.636,2.05
1.442,0.535
1.374,-1.031
1.35,1.145
1.268,2.078
1.3,0.901
1.213,-0.41
1.152,1.046
1.126,0.253
1.024,2.021
0.987,-0.018
0.936,1.619
0.874,2.1
0.914,-0.652
0.847,2.276
0.839,-0.023
0.542,-0.513
0.57,0.79
0.476,0.197
0.485,-0.417
0.458,1.496
0.338,0.213
0.191,-0.85
0.165,-0.499
0.163,-0.815
0.035,0.808
-0.025,1.643
-0.014,0.594
-0.022,0.194
-0.051,0.919
0.023,-0.125
-0.06,1.748
-2.338,-1.579
-2.652,-1.458
-2.98,-1.48
3.033,-1.62
0.896,-1.517
0.832,-1.461
0.493,-1.558
0.491,-1.528
0.158,-1.582
0.029,-1.501
-0.455,2.651
-0.807,2.689
-1.301,2.694
-2.207,2.561
-2.335,2.435
-2.944,2.489
2.668,2.511
1.675,2.495
1.56,2.679
0.71,2.537
0.515,2.4
1.265,2.552
3.095,-1.407
-0.033,-0.147
-0.027,-0.856
-0.189,1.94
-0.195,1.324
-0.242,-0.715
-0.303,-0.133
-0.3,2.441
-0.202,0.937
-0.397,2.074
-0.25,2.117
-0.399,0.589
-0.452,-0.768
-0.447,2.352
-0.328,0.104
-0.444,1.721
-0.374,0.71
-0.378,-0.527
-0.575,2.312
-0.45,0.72
-0.525,0.886
-0.517,2.078
-0.683,2.565
-0.536,0.568
-0.692,-0.864
-0.743,-0.165
-0.753,2.19
-0.642,1.04
-0.852,0.594
-0.765,1.537
-0.719,-0.454
-0.81,-0.581
-0.962,2.502
-0.831,1.806
-0.922,1.405
-1.055,1.171
-1.084,0.008
-1.203,-0.031
-1.425,1.124
-1.474,-0.491
-1.371,1.022
-1.448,-0.254
-1.742,2.449
-1.715,1.074
-1.864,-0.304
-1.857,0.927
-2.042,-1.17
-2.051,0.24
-1.939,1.449
-2.102,-0.557
-1.983,2.188
-1.998,-0.632
-2.017,-0.263
-2.098,0.993
-2.262,0.851
-2.224,1.142
-2.357,2.02
-2.454,0.26
-2.619,0.709
-2.521,2.199
-2.544,1.134
-2.662,0.762
-2.917,1.74
-2.826,1.518
-2.86,-0.202
-2.942,-0.707
-2.965,1.765
-3.084,2.217
3.048,2.541
3.115,0.833
3.13,2.512
3.115,-0.348
2.864,1.041
2.979,1.753
2.806,0.005
2.911,2.317
2.879,-0.572
2.719,2.449
2.703,2.119
2.813,1.933
2.777,1.913
2.649,1.654
2.601,0.592
2.523,0.194
2.515,0.265
2.461,1.157
2.379,-0.364
2.211,0.884
2.296,2.053
2.183,2.637
2.276,0.737
2.143,-0.446
2.214,-0.338
1.925,0.573
1.775,-0.54
1.744,-0.124
1.84,2.129
1.548,0.094
1.383,2.381
1.198,1.478
1.207,-0.334
1.186,-0.705
1.021,2.015
0.823,1.55
0.558,0.601
0.318,-0.551
0.237,0.791
0.216,2.506
-1.587,-1.37
-2.207,-1.498
-2.229,-1.599
-2.217,-1.692
2.903,-1.411
2.75,-1.535
1.058,-1.581
0.288,-1.475
-1.667,2.556
-1.778,2.567
-2.045,2.613
-2.22,2.661
-2.368,2.548
0.559,2.457
-0.165,-0.421
-0.158,0.8
-1.531,-0.278
-2.375,2.539
1.861,1.071
1.595,-0.302
1.107,-0.439
0.123,-1.122
1.529,1.841
1.143,0.011
0.967,-0.644
0.738,2.159
0.174,1.002
3.078,1.048
1.513,0.136
1.551,-0.429
-0.722,-1.328
-2.105,-1.307
1.159,-1.316
0.452,-1.3
0.058,-1.34
-1.454,-1.585
-2.408,-1.694
2.959,-1.633
2.366,-1.892
1.771,-1.866
0.121,-1.79
-0.113,-0.981
-0.109,-0.854
-0.088,-3.341
-0.17,-0.796
-0.178,-1.331
-0.239,-1.841
-0.288,-2.652
-0.252,-1.732
-0.422,-2.383
-0.416,-2.583
-0.343,-2.96
-0.45,-2.214
-0.384,-1.891
-0.408,-2.912
-0.463,-2.761
-0.496,-0.557
-0.514,-3.171
-0.434,0.267
-0.506,-2.363
-0.605,0.043
-0.631,-1.157
-0.647,-0.701
-0.637,-0.374
-0.578,-1.749
-0.67,-1.075
-0.63,-1.208
-0.717,-2.092
-0.66,-0.241
-0.808,0.147
-0.826,-1.122
-0.834,-0.771
-0.787,-0.446
-0.922,-1.293
-1.017,-1.898
-1.132,-1.912
-1.132,-1.999
-1.181,-0.741
-1.207,-2.298
-1.338,-1.593
-1.324,-0.087
-1.437,-1.25
-1.388,-1.053
-1.509,-1.472
-1.6,-2.312
-1.616,-1.416
-1.566,0.031
-1.636,-0.15
-1.771,-2.502
-1.821,-0.056
-1.909,-0.709
-1.993,-2.821
-1.949,-2.291
-2.029,-1.927
-2.009,-2.537
-2.111,-0.742
-2.137,-0.898
-2.344,-2.2
-2.369,-0.642
-2.335,-1.444
-2.406,-2.817
-2.41,-1.719
-2.378,-0.891
-2.481,-0.12
-2.544,-0.551
-2.546,-0.933
-2.578,-2.155
-2.487,-3.235
-2.658,-1.522
-2.612,-1.818
-2.723,-3.02
-2.793,-2.605
-2.746,-0.725
-2.949,-3.118
-2.983,-2.551
-3.103,-0.048
-3.043,-2.28
-3.091,-0.986
-3.113,-1.446
-3.123,-2.008
-3.132,-1.652
3.057,-1.524
3.107,-2.468
3.018,0.374
3.063,-1.659
3.063,-2.545
2.97,-2.38
2.858,-0.965
2.843,-2.468
2.785,-1.283
2.848,-0.424
2.803,-1.27
2.669,0.313
2.734,-2.919
2.704,-1.855
2.682,-0.855
2.653,-1.952
2.58,-1.356
2.538,-1.887
2.584,-1.839
2.484,-0.19
2.541,-1.7
2.467,-1.983
2.436,-0.866
2.405,-2.232
2.404,-0.131
2.461,-0.225
2.332,-0.382
2.206,0.333
2.167,-0.508
2.225,-1.414
2.214,-1.534
2.135,-0.281
2.074,-1.314
2.127,-1.162
2.008,0.11
2.017,-1.581
1.957,0.213
1.942,-2.671
1.949,-1.141
1.759,-2.585
1.657,-1.416
1.678,-0.145
1.484,-1.66
1.416,-3.226
1.392,-1.05
1.31,-0.117
1.342,-1.294
1.255,-2.605
1.194,-1.149
1.168,-1.942
1.066,-0.174
1.029,-2.213
0.978,-0.576
0.916,-0.095
0.956,-2.847
0.889,0.081
0.881,-2.218
0.584,-2.708
0.612,-1.405
0.518,-1.998
0.527,-2.612
0.5,-0.699
0.38,-1.982
0.233,-3.045
0.207,-2.694
0.205,-3.01
0.077,-1.387
0.017,-0.552
0.028,-1.601
0.02,-2.001
-0.009,-1.276
0.065,-2.32
-0.018,-0.447
-2.296,-3.774
-2.61,-3.653
-2.938,-3.675
3.075,-3.815
0.938,-3.712
0.874,-3.656
0.535,-3.753
0.533,-3.723
0.2,-3.777
0.071,-3.696
-0.413,0.456
-0.765,0.494
-1.259,0.499
-2.165,0.366
-2.293,0.24
-2.902,0.294
2.71,0.316
1.717,0.3
1.602,0.484
0.752,0.342
0.557,0.205
1.307,0.357
3.137,-3.602
0.009,-2.342
0.015,-3.051
-0.147,-0.255
-0.153,-0.871
-0.2,-2.91
-0.261,-2.328
-0.258,0.246
-0.16,-1.258
-0.355,-0.121
-0.208,-0.078
-0.357,-1.606
-0.41,-2.963
-0.405,0.157
-0.286,-2.091
-0.402,-0.474
-0.332,-1.485
-0.336,-2.722
-0.533,0.117
-0.408,-1.475
-0.483,-1.309
-0.475,-0.117
-0.641,0.37
-0.494,-1.627
-0.65,-3.059
-0.701,-2.36
-0.711,-0.005
-0.6,-1.155
-0.81,-1.601
-0.723,-0.658
-0.677,-2.649
-0.768,-2.776
-0.92,0.307
-0.789,-0.389
-0.88,-0.79
-1.013,-1.024
-1.042,-2.187
-1.161,-2.226
-1.383,-1.071
-1.432,-2.686
-1.329,-1.173
-1.406,-2.449
-1.7,0.254
-1.673,-1.121
-1.822,-2.499
-1.815,-1.268
-2.0,-3.365
-2.009,-1.955
-1.897,-0.746
-2.06,-2.752
-1.941,-0.007
-1.956,-2.827
-1.975,-2.458
-2.056,-1.202
-2.22,-1.344
-2.182,-1.053
-2.315,-0.175
-2.412,-1.935
-2.577,-1.486
-2.479,0.004
-2.502,-1.061
-2.62,-1.433
-2.875,-0.455
-2.784,-0.677
-2.818,-2.397
-2.9,-2.902
-2.923,-0.43
-3.042,0.022
3.09,0.346
-3.126,-1.362
-3.111,0.317
-3.126,-2.543
2.906,-1.154
3.021,-0.442
2.848,-2.19
2.953,0.122
2.921,-2.767
2.761,0.254
2.745,-0.076
2.855,-0.262
2.819,-0.282
2.691,-0.541
2.643,-1.603
2.565,-2.001
2.557,-1.93
2.503,-1.038
2.421,-2.559
2.253,-1.311
2.338,-0.142
2.225,0.442
2.318,-1.458
2.185,-2.641
2.256,-2.533
1.967,-1.622
1.817,-2.735
1.786,-2.319
1.882,-0.066
1.59,-2.101
1.425,0.186
1.24,-0.717
1.249,-2.529
1.228,-2.9
1.063,-0.18
0.865,-0.645
0.6,-1.594
0.36,-2.746
0.279,-1.404
0.258,0.311
-1.545,-3.565
-2.165,-3.693
-2.187,-3.794
-2.175,-3.887
2.945,-3.606
2.792,-3.73
1.1,-3.776
0.33,-3.67
-1.625,0.361
-1.736,0.372
-2.003,0.418
-2.178,0.466
-2.326,0.353
0.601,0.262
-0.123,-2.616
-0.116,-1.395
-1.489,-2.473
-2.333,0.344
1.903,-1.124
1.637,-2.497
1.149,-2.634
0.165,-3.317
1.571,-0.354
1.185,-2.184
1.009,-2.839
0.78,-0.036
0.216,-1.193
3.12,-1.147
1.555,-2.059
1.593,-2.624
-0.68,-3.523
-2.063,-3.502
1.201,-3.511
0.494,-3.495
0.1,-3.535
-1.412,-3.78
-2.366,-3.889
3.001,-3.828
2.408,-4.087
1.813,-4.061
0.163,-3.985
0.004,0.127
0.025,-2.36
-0.057,0.185
-0.065,-0.35
-0.126,-0.86
-0.175,-1.671
-0.139,-0.751
-0.309,-1.402
-0.303,-1.602
-0.23,-1.979
-0.337,-1.233
-0.271,-0.91
-0.295,-1.931
-0.35,-1.78
-0.383,0.424
-0.401,-2.19
-0.321,1.248
-0.393,-1.382
-0.492,1.024
-0.518,-0.176
-0.534,0.28
-0.524,0.607
-0.465,-0.768
-0.557,-0.094
-0.517,-0.227
-0.604,-1.111
-0.547,0.74
-0.695,1.128
-0.713,-0.141
-0.721,0.21
-0.674,0.535
-0.809,-0.312
-0.904,-0.917
-1.019,-0.931
-1.019,-1.018
-1.068,0.24
-1.094,-1.317
-1.225,-0.612
-1.211,0.894
-1.324,-0.269
-1.275,-0.072
-1.396,-0.491
-1.487,-1.331
-1.503,-0.435
-1.453,1.012
-1.523,0.831
-1.658,-1.521
-1.708,0.925
-1.796,0.272
-1.88,-1.84
-1.836,-1.31
-1.916,-0.946
-1.896,-1.556
-1.998,0.239
-2.024,0.083
-2.231,-1.219
-2.256,0.339
-2.222,-0.463
-2.293,-1.836
-2.297,-0.738
-2.265,0.09
-2.368,0.861
-2.431,0.43
-2.433,0.048
-2.465,-1.174
-2.374,-2.254
-2.545,-0.541
-2.499,-0.837
-2.61,-2.039
-2.68,-1.624
-2.633,0.256
-2.836,-2.137
-2.87,-1.57
-2.99,0.933
-2.93,-1.299
-2.978,-0.005
-3.0,-0.465
-3.01,-1.027
-3.019,-0.671
-3.113,-0.543
-3.063,-1.487
3.131,1.355
-3.107,-0.678
-3.107,-1.564
3.083,-1.399
2.971,0.016
2.956,-1.487
2.898,-0.302
2.961,0.557
2.916,-0.289
2.782,1.294
2.847,-1.938
2.817,-0.874
2.795,0.126
2.766,-0.971
2.693,-0.375
2.651,-0.906
2.697,-0.858
2.597,0.791
2.654,-0.719
2.58,-1.002
2.549,0.115
2.518,-1.251
2.517,0.85
2.574,0.756
2.445,0.599
2.319,1.314
2.28,0.473
2.338,-0.433
2.327,-0.553
2.248,0.7
2.187,-0.333
2.24,-0.181
2.121,1.091
2.13,-0.6
2.07,1.194
2.055,-1.69
2.062,-0.16
1.872,-1.604
1.77,-0.435
1.791,0.836
1.597,-0.679
1.529,-2.245
1.505,-0.069
1.423,0.864
1.455,-0.313
1.368,-1.624
1.307,-0.168
1.281,-0.961
1.179,0.807
1.142,-1.232
1.091,0.405
1.029,0.886
1.069,-1.866
1.002,1.062
0.994,-1.237
0.697,-1.727
0.725,-0.424
0.631,-1.017
0.64,-1.631
0.613,0.282
0.493,-1.001
0.346,-2.064
0.32,-1.713
0.318,-2.029
0.19,-0.406
0.13,0.429
0.141,-0.62
0.133,-1.02
0.104,-0.295
0.178,-1.339
0.095,0.534
-2.183,-2.793
-2.497,-2.672
-2.825,-2.694
-3.095,-2.834
1.051,-2.731
0.987,-2.675
0.648,-2.772
0.646,-2.742
0.313,-2.796
0.184,-2.715
-0.3,1.437
-0.652,1.475
-1.146,1.48
-2.052,1.347
-2.18,1.221
-2.789,1.275
2.823,1.297
1.83,1.281
1.715,1.465
0.865,1.323
0.67,1.186
1.42,1.338
-3.033,-2.621
0.122,-1.361
0.128,-2.07
-0.034,0.726
-0.04,0.11
-0.087,-1.929
-0.148,-1.347
-0.145,1.227
-0.047,-0.277
-0.242,0.86
-0.095,0.903
-0.244,-0.625
-0.297,-1.982
-0.292,1.138
-0.173,-1.11
-0.289,0.507
-0.219,-0.504
-0.223,-1.741
-0.42,1.098
-0.295,-0.494
-0.37,-0.328
-0.362,0.864
-0.528,1.351
-0.381,-0.646
-0.537,-2.078
-0.588,-1.379
-0.598,0.976
-0.487,-0.174
-0.697,-0.62
-0.61,0.323
-0.564,-1.668
-0.655,-1.795
-0.807,1.288
-0.676,0.592
-0.767,0.191
-0.9,-0.043
-0.929,-1.206
-1.048,-1.245
-1.27,-0.09
-1.319,-1.705
-1.216,-0.192
-1.293,-1.468
-1.587,1.235
-1.56,-0.14
-1.709,-1.518
-1.702,-0.287
-1.887,-2.384
-1.896,-0.974
-1.784,0.235
-1.947,-1.771
-1.828,0.974
-1.843,-1.846
-1.862,-1.477
-1.943,-0.221
-2.107,-0.363
-2.069,-0.072
-2.202,0.806
-2.299,-0.954
-2.464,-0.505
-2.366,0.985
-2.389,-0.08
-2.507,-0.452
-2.762,0.526
-2.671,0.304
-2.705,-1.416
-2.787,-1.921
-2.81,0.551
-2.929,1.003
-3.08,1.327
-3.013,-0.381
-2.998,1.298
-3.013,-1.562
3.019,-0.173
3.134,0.539
2.961,-1.209
3.066,1.103
3.034,-1.786
2.874,1.235
2.858,0.905
2.968,0.719
2.932,0.699
2.804,0.44
2.756,-0.622
2.678,-1.02
2.67,-0.949
2.616,-0.057
2.534,-1.578
2.366,-0.33
2.451,0.839
2.338,1.423
2.431,-0.477
2.298,-1.66
2.369,-1.552
2.08,-0.641
1.93,-1.754
1.899,-1.338
1.995,0.915
1.703,-1.12
1.538,1.167
1.353,0.264
1.362,-1.548
1.341,-1.919
1.176,0.801
0.978,0.336
0.713,-0.613
0.473,-1.765
0.392,-0.423
0.371,1.292
-1.432,-2.584
-2.052,-2.712
-2.074,-2.813
-2.062,-2.906
3.058,-2.625
2.905,-2.749
1.213,-2.795
0.443,-2.689
-1.512,1.342
-1.623,1.353
-1.89,1.399
-2.065,1.447
-2.213,1.334
0.714,1.243
-0.01,-1.635
-0.003,-0.414
-1.376,-1.492
-2.22,1.325
2.016,-0.143
1.75,-1.516
1.262,-1.653
0.278,-2.336
1.684,0.627
1.298,-1.203
1.122,-1.858
0.893,0.945
0.329,-0.212
-3.05,-0.166
1.668,-1.078
1.706,-1.643
-0.567,-2.542
-1.95,-2.521
1.314,-2.53
0.607,-2.514
0.213,-2.554
-1.299,-2.799
-2.253,-2.908
3.114,-2.847
2.521,-3.106
1.926,-3.08
0.276,-3.004
0.021,-2.487
-0.061,0.058
-0.069,-0.477
-0.13,-0.987
-0.179,-1.798
-0.143,-0.878
-0.313,-1.529
-0.307,-1.729
-0.234,-2.106
-0.341,-1.36
-0.275,-1.037
-0.299,-2.058
-0.354,-1.907
-0.387,0.297
-0.405,-2.317
-0.325,1.121
-0.397,-1.509
-0.496,0.897
-0.522,-0.303
-0.538,0.153
-0.528,0.48
-0.469,-0.895
-0.561,-0.221
-0.521,-0.354
-0.608,-1.238
-0.551,0.613
-0.699,1.001
-0.717,-0.268
-0.725,0.083
-0.678,0.408
-0.813,-0.439
-0.908,-1.044
-1.023,-1.058
-1.023,-1.145
-1.072,0.113
-1.098,-1.444
-1.229,-0.739
-1.215,0.767
-1.328,-0.396
-1.279,-0.199
-1.4,-0.618
-1.491,-1.458
-1.507,-0.562
-1.457,0.885
-1.527,0.704
-1.662,-1.648
-1.712,0.798
-1.8,0.145
-1.884,-1.967
-1.84,-1.437
-1.92,-1.073
-1.9,-1.683
-2.002,0.112
-2.028,-0.044
-2.235,-1.346
-2.26,0.212
-2.226,-0.59
-2.297,-1.963
-2.301,-0.865
-2.269,-0.037
-2.372,0.734
-2.435,0.303
-2.437,-0.079
-2.469,-1.301
-2.378,-2.381
-2.549,-0.668
-2.503,-0.964
-2.614,-2.166
-2.684,-1.751
-2.637,0.129
-2.84,-2.264
-2.874,-1.697
-2.994,0.806
-2.934,-1.426
-2.982,-0.132
-3.004,-0.592
-3.014,-1.154
-3.023,-0.798
-3.117,-0.67
-3.067,-1.614
3.127,1.228
-3.111,-0.805
-3.111,-1.691
3.079,-1.526
2.967,-0.111
2.952,-1.614
2.894,-0.429
2.957,0.43
2.912,-0.416
2.778,1.167
2.843,-2.065
2.813,-1.001
2.791,-0.001
2.762,-1.098
2.689,-0.502
2.647,-1.033
2.693,-0.985
2.593,0.664
2.65,-0.846
2.576,-1.129
2.545,-0.012
2.514,-1.378
2.513,0.723
2.57,0.629
2.441,0.472
2.315,1.187
2.276,0.346
2.334,-0.56
2.323,-0.68
2.244,0.573
2.183,-0.46
2.236,-0.308
2.117,0.964
2.126,-0.727
2.066,1.067
2.051,-1.817
2.058,-0.287
1.868,-1.731
1.766,-0.562
1.787,0.709
1.593,-0.806
1.525,-2.372
1.501,-0.196
1.419,0.737
1.451,-0.44
1.364,-1.751
1.303,-0.295
1.277,-1.088
1.175,0.68
1.138,-1.359
1.087,0.278
1.025,0.759
1.065,-1.993
0.998,0.935
0.99,-1.364
0.693,-1.854
0.721,-0.551
0.627,-1.144
0.636,-1.758
0.609,0.155
0.489,-1.128
0.342,-2.191
0.316,-1.84
0.314,-2.156
0.186,-0.533
0.126,0.302
0.137,-0.747
0.129,-1.147
0.1,-0.422
0.174,-1.466
0.091,0.407
-2.187,-2.92
-2.501,-2.799
-2.829,-2.821
-3.099,-2.961
1.047,-2.858
0.983,-2.802
0.644,-2.899
0.642,-2.869
0.309,-2.923
0.18,-2.842
-0.304,1.31
-0.656,1.348
-1.15,1.353
-2.056,1.22
-2.184,1.094
-2.793,1.148
2.819,1.17
1.826,1.154
1.711,1.338
0.861,1.196
0.666,1.059
1.416,1.211
-3.037,-2.748
0.118,-1.488
0.124,-2.197
-0.038,0.599
-0.044,-0.017
-0.091,-2.056
-0.152,-1.474
-0.149,1.1
-0.051,-0.404
-0.246,0.733
-0.099,0.776
-0.248,-0.752
-0.301,-2.109
-0.296,1.011
-0.177,-1.237
-0.293,0.38
-0.223,-0.631
-0.227,-1.868
-0.424,0.971
-0.299,-0.621
-0.374,-0.455
-0.366,0.737
-0.532,1.224
-0.385,-0.773
-0.541,-2.205
-0.592,-1.506
-0.602,0.849
-0.491,-0.301
-0.701,-0.747
-0.614,0.196
-0.568,-1.795
-0.659,-1.922
-0.811,1.161
-0.68,0.465
-0.771,0.064
-0.904,-0.17
-0.933,-1.333
-1.052,-1.372
-1.274,-0.217
-1.323,-1.832
-1.22,-0.319
-1.297,-1.595
-1.591,1.108
-1.564,-0.267
-1.713,-1.645
-1.706,-0.414
-1.891,-2.511
-1.9,-1.101
-1.788,0.108
-1.951,-1.898
-1.832,0.847
-1.847,-1.973
-1.866,-1.604
-1.947,-0.348
-2.111,-0.49
-2.073,-0.199
-2.206,0.679
-2.303,-1.081
-2.468,-0.632
-2.37,0.858
-2.393,-0.207
-2.511,-0.579
-2.766,0.399
-2.675,0.177
-2.709,-1.543
-2.791,-2.048
-2.814,0.424
-2.933,0.876
-3.084,1.2
-3.017,-0.508
-3.002,1.171
-3.017,-1.689
3.015,-0.3
3.13,0.412
2.957,-1.336
3.062,0.976
3.03,-1.913
2.87,1.108
2.854,0.778
2.964,0.592
2.928,0.572
2.8,0.313
2.752,-0.749
2.674,-1.147
2.666,-1.076
2.612,-0.184
2.53,-1.705
2.362,-0.457
2.447,0.712
2.334,1.296
2.427,-0.604
2.294,-1.787
2.365,-1.679
2.076,-0.768
1.926,-1.881
1.895,-1.465
1.991,0.788
1.699,-1.247
1.534,1.04
1.349,0.137
1.358,-1.675
1.337,-2.046
1.172,0.674
0.974,0.209
0.709,-0.74
0.469,-1.892
0.388,-0.55
0.367,1.165
-1.436,-2.711
-2.056,-2.839
-2.078,-2.94
-2.066,-3.033
3.054,-2.752
2.901,-2.876
1.209,-2.922
0.439,-2.816
-1.516,1.215
-1.627,1.226
-1.894,1.272
-2.069,1.32
-2.217,1.207
0.71,1.116
-0.014,-1.762
-0.007,-0.541
-1.38,-1.619
-2.224,1.198
2.012,-0.27
1.746,-1.643
1.258,-1.78
0.274,-2.463
1.68,0.5
1.294,-1.33
1.118,-1.985
0.889,0.818
0.325,-0.339
-3.054,-0.293
1.664,-1.205
1.702,-1.77
-0.571,-2.669
-1.954,-2.648
1.31,-2.657
0.603,-2.641
0.209,-2.681
-1.303,-2.926
-2.257,-3.035
3.11,-2.974
2.517,-3.233
1.922,-3.207
0.272,-3.131
-0.082,2.545
-0.09,2.01
-0.151,1.5
-0.2,0.689
-0.164,1.609
-0.334,0.958
-0.328,0.758
-0.255,0.381
-0.362,1.127
-0.296,1.45
-0.32,0.429
-0.375,0.58
-0.408,2.784
-0.426,0.17
-0.346,3.608
-0.418,0.978
-0.517,3.384
-0.543,2.184
-0.559,2.64
-0.549,2.967
-0.49,1.592
-0.582,2.266
-0.542,2.133
-0.629,1.249
-0.572,3.1
-0.72,3.488
-0.738,2.219
-0.746,2.57
-0.699,2.895
-0.834,2.048
-0.929,1.443
-1.044,1.429
-1.044,1.342
-1.093,2.6
-1.119,1.043
-1.25,1.748
-1.236,3.254
-1.349,2.091
-1.3,2.288
-1.421,1.869
-1.512,1.029
-1.528,1.925
-1.478,3.372
-1.548,3.191
-1.683,0.839
-1.733,3.285
-1.821,2.632
-1.905,0.52
-1.861,1.05
-1.941,1.414
-1.921,0.804
-2.023,2.599
-2.049,2.443
-2.256,1.141
-2.281,2.699
-2.247,1.897
-2.318,0.524
-2.322,1.622
-2.29,2.45
-2.393,3.221
-2.456,2.79
-2.458,2.408
-2.49,1.186
-2.399,0.106
-2.57,1.819
-2.524,1.523
-2.635,0.321
-2.705,0.736
-2.658,2.616
-2.861,0.223
-2.895,0.79
-3.015,3.293
-2.955,1.061
-3.003,2.355
-3.025,1.895
-3.035,1.333
-3.044,1.689
-3.138,1.817
-3.088,0.873
3.106,3.715
-3.132,1.682
-3.132,0.796
3.058,0.961
2.946,2.376
2.931,0.873
2.873,2.058
2.936,2.917
2.891,2.071
2.757,3.654
2.822,0.422
2.792,1.486
2.77,2.486
2.741,1.389
2.668,1.985
2.626,1.454
2.672,1.502
2.572,3.151
2.629,1.641
2.555,1.358
2.524,2.475
2.493,1.109
2.492,3.21
2.549,3.116
2.42,2.959
2.294,3.674
2.255,2.833
2.313,1.927
2.302,1.807
2.223,3.06
2.162,2.027
2.215,2.179
2.096,3.451
2.105,1.76
2.045,3.554
2.03,0.67
2.037,2.2
1.847,0.756
1.745,1.925
1.766,3.196
1.572,1.681
1.504,0.115
1.48,2.291
1.398,3.224
1.43,2.047
1.343,0.736
1.282,2.192
1.256,1.399
1.154,3.167
1.117,1.128
1.066,2.765
1.004,3.246
1.044,0.494
0.977,3.422
0.969,1.123
0.672,0.633
0.7,1.936
0.606,1.343
0.615,0.729
0.588,2.642
0.468,1.359
0.321,0.296
0.295,0.647
0.293,0.331
0.165,1.954
0.105,2.789
0.116,1.74
0.108,1.34
0.079,2.065
0.153,1.021
0.07,2.894
-2.208,-0.433
-2.522,-0.312
-2.85,-0.334
-3.12,-0.474
1.026,-0.371
0.962,-0.315
0.623,-0.412
0.621,-0.382
0.288,-0.436
0.159,-0.355
-0.325,3.797
-0.677,3.835
-1.171,3.84
-2.077,3.707
-2.205,3.581
-2.814,3.635
2.798,3.657
1.805,3.641
1.69,3.825
0.84,3.683
0.645,3.546
1.395,3.698
-3.058,-0.261
0.097,0.999
0.103,0.29
-0.059,3.086
-0.065,2.47
-0.112,0.431
-0.173,1.013
-0.17,3.587
-0.072,2.083
-0.267,3.22
-0.12,3.263
-0.269,1.735
-0.322,0.378
-0.317,3.498
-0.198,1.25
-0.314,2.867
-0.244,1.856
-0.248,0.619
-0.445,3.458
-0.32,1.866
-0.395,2.032
-0.387,3.224
-0.553,3.711
-0.406,1.714
-0.562,0.282
-0.613,0.981
-0.623,3.336
-0.512,2.186
-0.722,1.74
-0.635,2.683
-0.589,0.692
-0.68,0.565
-0.832,3.648
-0.701,2.952
-0.792,2.551
-0.925,2.317
-0.954,1.154
-1.073,1.115
-1.295,2.27
-1.344,0.655
-1.241,2.168
-1.318,0.892
-1.612,3.595
-1.585,2.22
-1.734,0.842
-1.727,2.073
-1.912,-0.024
-1.921,1.386
-1.809,2.595
-1.972,0.589
-1.853,3.334
-1.868,0.514
-1.887,0.883
-1.968,2.139
-2.132,1.997
-2.094,2.288
-2.227,3.166
-2.324,1.406
-2.489,1.855
-2.391,3.345
-2.414,2.28
-2.532,1.908
-2.787,2.886
-2.696,2.664
-2.73,0.944
-2.812,0.439
-2.835,2.911
-2.954,3.363
-3.105,3.687
-3.038,1.979
-3.023,3.658
-3.038,0.798
2.994,2.187
3.109,2.899
2.936,1.151
3.041,3.463
3.009,0.574
2.849,3.595
2.833,3.265
2.943,3.079
2.907,3.059
2.779,2.8
2.731,1.738
2.653,1.34
2.645,1.411
2.591,2.303
2.509,0.782
2.341,2.03
2.426,3.199
2.313,3.783
2.406,1.883
2.273,0.7
2.344,0.808
2.055,1.719
1.905,0.606
1.874,1.022
1.97,3.275
1.678,1.24
1.513,3.527
1.328,2.624
1.337,0.812
1.316,0.441
1.151,3.161
0.953,2.696
0.688,1.747
0.448,0.595
0.367,1.937
0.346,3.652
-1.457,-0.224
-2.077,-0.352
-2.099,-0.453
-2.087,-0.546
3.033,-0.265
2.88,-0.389
1.188,-0.435
0.418,-0.329
-1.537,3.702
-1.648,3.713
-1.915,3.759
-2.09,3.807
-2.238,3.694
0.689,3.603
-0.035,0.725
-0.028,1.946
-1.401,0.868
-2.245,3.685
1.991,2.217
1.725,0.844
1.237,0.707
0.253,0.024
1.659,2.987
1.273,1.157
1.097,0.502
0.868,3.305
0.304,2.148
-3.075,2.194
1.643,1.282
1.681,0.717
-0.592,-0.182
-1.975,-0.161
1.289,-0.17
0.582,-0.154
0.188,-0.194
-1.324,-0.439
-2.278,-0.548
3.089,-0.487
2.496,-0.746
1.901,-0.72
0.251,-0.644
-0.008,-0.535
-0.069,-1.045
-0.118,-1.856
-0.082,-0.936
-0.252,-1.587
-0.246,-1.787
-0.173,-2.164
-0.28,-1.418
-0.214,-1.095
-0.238,-2.116
-0.293,-1.965
-0.326,0.239
-0.344,-2.375
-0.264,1.063
-0.336,-1.567
-0.435,0.839
-0.461,-0.361
-0.477,0.095
-0.467,0.422
-0.408,-0.953
-0.5,-0.279
-0.46,-0.412
-0.547,-1.296
-0.49,0.555
-0.638,0.943
-0.656,-0.326
-0.664,0.025
-0.617,0.35
-0.752,-0.497
-0.847,-1.102
-0.962,-1.116
-0.962,-1.203
-1.011,0.055
-1.037,-1.502
-1.168,-0.797
-1.154,0.709
-1.267,-0.454
-1.218,-0.257
-1.339,-0.676
-1.43,-1.516
-1.446,-0.62
-1.396,0.827
-1.466,0.646
-1.601,-1.706
-1.651,0.74
-1.739,0.087
-1.823,-2.025
-1.779,-1.495
-1.859,-1.131
-1.839,-1.741
-1.941,0.054
-1.967,-0.102
-2.174,-1.404
-2.199,0.154
-2.165,-0.648
-2.236,-2.021
-2.24,-0.923
-2.208,-0.095
-2.311,0.676
-2.374,0.245
-2.376,-0.137
-2.408,-1.359
-2.317,-2.439
-2.488,-0.726
-2.442,-1.022
-2.553,-2.224
-2.623,-1.809
-2.576,0.071
-2.779,-2.322
-2.813,-1.755
-2.933,0.748
-2.873,-1.484
-2.921,-0.19
-2.943,-0.65
-2.953,-1.212
-2.962,-0.856
-3.056,-0.728
-3.006,-1.672
-3.095,1.17
-3.05,-0.863
-3.05,-1.749
3.14,-1.584
3.028,-0.169
3.013,-1.672
2.955,-0.487
3.018,0.372
2.973,-0.474
2.839,1.109
2.904,-2.123
2.874,-1.059
2.852,-0.059
2.823,-1.156
2.75,-0.56
2.708,-1.091
2.754,-1.043
2.654,0.606
2.711,-0.904
2.637,-1.187
2.606,-0.07
2.575,-1.436
2.574,0.665
2.631,0.571
2.502,0.414
2.376,1.129
2.337,0.288
2.395,-0.618
2.384,-0.738
2.305,0.515
2.244,-0.518
2.297,-0.366
2.178,0.906
2.187,-0.785
2.127,1.009
2.112,-1.875
2.119,-0.345
1.929,-1.789
1.827,-0.62
1.848,0.651
1.654,-0.864
1.586,-2.43
1.562,-0.254
1.48,0.679
1.512,-0.498
1.425,-1.809
1.364,-0.353
1.338,-1.146
1.236,0.622
1.199,-1.417
1.148,0.22
1.086,0.701
1.126,-2.051
1.059,0.877
1.051,-1.422
0.754,-1.912
0.782,-0.609
0.688,-1.202
0.697,-1.816
0.67,0.097
0.55,-1.186
0.403,-2.249
0.377,-1.898
0.375,-2.214
0.247,-0.591
0.187,0.244
0.198,-0.805
0.19,-1.205
0.161,-0.48
0.235,-1.524
0.152,0.349
-2.126,-2.978
-2.44,-2.857
-2.768,-2.879
-3.038,-3.019
1.108,-2.916
1.044,-2.86
0.705,-2.957
0.703,-2.927
0.37,-2.981
0.241,-2.9
-0.243,1.252
-0.595,1.29
-1.089,1.295
-1.995,1.162
-2.123,1.036
-2.732,1.09
2.88,1.112
1.887,1.096
1.772,1.28
0.922,1.138
0.727,1.001
1.477,1.153
-2.976,-2.806
0.179,-1.546
0.185,-2.255
0.023,0.541
0.017,-0.075
-0.03,-2.114
-0.091,-1.532
-0.088,1.042
0.01,-0.462
-0.185,0.675
-0.038,0.718
-0.187,-0.81
-0.24,-2.167
-0.235,0.953
-0.116,-1.295
-0.232,0.322
-0.162,-0.689
-0.166,-1.926
-0.363,0.913
-0.238,-0.679
-0.313,-0.513
-0.305,0.679
-0.471,1.166
-0.324,-0.831
-0.48,-2.263
-0.531,-1.564
-0.541,0.791
-0.43,-0.359
-0.64,-0.805
-0.553,0.138
-0.507,-1.853
-0.598,-1.98
-0.75,1.103
-0.619,0.407
-0.71,0.006
-0.843,-0.228
-0.872,-1.391
-0.991,-1.43
-1.213,-0.275
-1.262,-1.89
-1.159,-0.377
-1.236,-1.653
-1.53,1.05
-1.503,-0.325
-1.652,-1.703
-1.645,-0.472
-1.83,-2.569
-1.839,-1.159
-1.727,0.05
-1.89,-1.956
-1.771,0.789
-1.786,-2.031
-1.805,-1.662
-1.886,-0.406
-2.05,-0.548
-2.012,-0.257
-2.145,0.621
-2.242,-1.139
-2.407,-0.69
-2.309,0.8
-2.332,-0.265
-2.45,-0.637
-2.705,0.341
-2.614,0.119
-2.648,-1.601
-2.73,-2.106
-2.753,0.366
-2.872,0.818
-3.023,1.142
-2.956,-0.566
-2.941,1.113
-2.956,-1.747
3.076,-0.358
-3.092,0.354
3.018,-1.394
3.123,0.918
3.091,-1.971
2.931,1.05
2.915,0.72
3.025,0.534
2.989,0.514
2.861,0.255
2.813,-0.807
2.735,-1.205
2.727,-1.134
2.673,-0.242
2.591,-1.763
2.423,-0.515
2.508,0.654
2.395,1.238
2.488,-0.662
2.355,-1.845
2.426,-1.737
2.137,-0.826
1.987,-1.939
1.956,-1.523
2.052,0.73
1.76,-1.305
1.595,0.982
1.41,0.079
1.419,-1.733
1.398,-2.104
1.233,0.616
1.035,0.151
0.77,-0.798
0.53,-1.95
0.449,-0.608
0.428,1.107
-1.375,-2.769
-1.995,-2.897
-2.017,-2.998
-2.005,-3.091
3.115,-2.81
2.962,-2.934
1.27,-2.98
0.5,-2.874
-1.455,1.157
-1.566,1.168
-1.833,1.214
-2.008,1.262
-2.156,1.149
0.771,1.058
0.047,-1.82
0.054,-0.599
-1.319,-1.677
-2.163,1.14
2.073,-0.328
1.807,-1.701
1.319,-1.838
0.335,-2.521
1.741,0.442
1.355,-1.388
1.179,-2.043
0.95,0.76
0.386,-0.397
-2.993,-0.351
1.725,-1.263
1.763,-1.828
-0.51,-2.727
-1.893,-2.706
1.371,-2.715
0.664,-2.699
0.27,-2.739
-1.242,-2.984
-2.196,-3.093
-3.112,-3.032
2.578,-3.291
1.983,-3.265
0.333,-3.189
-0.061,-0.51
-0.11,-1.321
-0.074,-0.401
-0.244,-1.052
-0.238,-1.252
-0.165,-1.629
-0.272,-0.883
-0.206,-0.56
-0.23,-1.581
-0.285,-1.43
-0.318,0.774
-0.336,-1.84
-0.256,1.598
-0.328,-1.032
-0.427,1.374
-0.453,0.174
-0.469,0.63
-0.459,0.957
-0.4,-0.418
-0.492,0.256
-0.452,0.123
-0.539,-0.761
-0.482,1.09
-0.63,1.478
-0.648,0.209
-0.656,0.56
-0.609,0.885
-0.744,0.038
-0.839,-0.567
-0.954,-0.581
-0.954,-0.668
-1.003,0.59
-1.029,-0.967
-1.16,-0.262
-1.146,1.244
-1.259,0.081
-1.21,0.278
-1.331,-0.141
-1.422,-0.981
-1.438,-0.085
-1.388,1.362
-1.458,1.181
-1.593,-1.171
-1.643,1.275
-1.731,0.622
-1.815,-1.49
-1.771,-0.96
-1.851,-0.596
-1.831,-1.206
-1.933,0.589
-1.959,0.433
-2.166,-0.869
-2.191,0.689
-2.157,-0.113
-2.228,-1.486
-2.232,-0.388
-2.2,0.44
-2.303,1.211
-2.366,0.78
-2.368,0.398
-2.4,-0.824
-2.309,-1.904
-2.48,-0.191
-2.434,-0.487
-2.545,-1.689
-2.615,-1.274
-2.568,0.606
-2.771,-1.787
-2.805,-1.22
-2.925,1.283
-2.865,-0.949
-2.913,0.345
-2.935,-0.115
-2.945,-0.677
-2.954,-0.321
-3.048,-0.193
-2.998,-1.137
-3.087,1.705
-3.042,-0.328
-3.042,-1.214
-3.135,-1.049
3.036,0.366
3.021,-1.137
2.963,0.048
3.026,0.907
2.981,0.061
2.847,1.644
2.912,-1.588
2.882,-0.524
2.86,0.476
2.831,-0.621
2.758,-0.025
2.716,-0.556
2.762,-0.508
2.662,1.141
2.719,-0.369
2.645,-0.652
2.614,0.465
2.583,-0.901
2.582,1.2
2.639,1.106
2.51,0.949
2.384,1.664
2.345,0.823
2.403,-0.083
2.392,-0.203
2.313,1.05
2.252,0.017
2.305,0.169
2.186,1.441
2.195,-0.25
2.135,1.544
2.12,-1.34
2.127,0.19
1.937,-1.254
1.835,-0.085
1.856,1.186
1.662,-0.329
1.594,-1.895
1.57,0.281
1.488,1.214
1.52,0.037
1.433,-1.274
1.372,0.182
1.346,-0.611
1.244,1.157
1.207,-0.882
1.156,0.755
1.094,1.236
1.134,-1.516
1.067,1.412
1.059,-0.887
0.762,-1.377
0.79,-0.074
0.696,-0.667
0.705,-1.281
0.678,0.632
0.558,-0.651
0.411,-1.714
0.385,-1.363
0.383,-1.679
0.255,-0.056
0.195,0.779
0.206,-0.27
0.198,-0.67
0.169,0.055
0.243,-0.989
0.16,0.884
-2.118,-2.443
-2.432,-2.322
-2.76,-2.344
-3.03,-2.484
1.116,-2.381
1.052,-2.325
0.713,-2.422
0.711,-2.392
0.378,-2.446
0.249,-2.365
-0.235,1.787
-0.587,1.825
-1.081,1.83
-1.987,1.697
-2.115,1.571
-2.724,1.625
2.888,1.647
1.895,1.631
1.78,1.815
0.93,1.673
0.735,1.536
1.485,1.688
-2.968,-2.271
0.187,-1.011
0.193,-1.72
0.031,1.076
0.025,0.46
-0.022,-1.579
-0.083,-0.997
-0.08,1.577
0.018,0.073
-0.177,1.21
-0.03,1.253
-0.179,-0.275
-0.232,-1.632
-0.227,1.488
-0.108,-0.76
-0.224,0.857
-0.154,-0.154
-0.158,-1.391
-0.355,1.448
-0.23,-0.144
-0.305,0.022
-0.297,1.214
-0.463,1.701
-0.316,-0.296
-0.472,-1.728
-0.523,-1.029
-0.533,1.326
-0.422,0.176
-0.632,-0.27
-0.545,0.673
-0.499,-1.318
-0.59,-1.445
-0.742,1.638
-0.611,0.942
-0.702,0.541
-0.835,0.307
-0.864,-0.856
-0.983,-0.895
-1.205,0.26
-1.254,-1.355
-1.151,0.158
-1.228,-1.118
-1.522,1.585
-1.495,0.21
-1.644,-1.168
-1.637,0.063
-1.822,-2.034
-1.831,-0.624
-1.719,0.585
-1.882,-1.421
-1.763,1.324
-1.778,-1.496
-1.797,-1.127
-1.878,0.129
-2.042,-0.013
-2.004,0.278
-2.137,1.156
-2.234,-0.604
-2.399,-0.155
-2.301,1.335
-2.324,0.27
-2.442,-0.102
-2.697,0.876
-2.606,0.654
-2.64,-1.066
-2.722,-1.571
-2.745,0.901
-2.864,1.353
-3.015,1.677
-2.948,-0.031
-2.933,1.648
-2.948,-1.212
3.084,0.177
-3.084,0.889
3.026,-0.859
3.131,1.453
3.099,-1.436
2.939,1.585
2.923,1.255
3.033,1.069
2.997,1.049
2.869,0.79
2.821,-0.272
2.743,-0.67
2.735,-0.599
2.681,0.293
2.599,-1.228
2.431,0.02
2.516,1.189
2.403,1.773
2.496,-0.127
2.363,-1.31
2.434,-1.202
2.145,-0.291
1.995,-1.404
1.964,-0.988
2.06,1.265
1.768,-0.77
1.603,1.517
1.418,0.614
1.427,-1.198
1.406,-1.569
1.241,1.151
1.043,0.686
0.778,-0.263
0.538,-1.415
0.457,-0.073
0.436,1.642
-1.367,-2.234
-1.987,-2.362
-2.009,-2.463
-1.997,-2.556
3.123,-2.275
2.97,-2.399
1.278,-2.445
0.508,-2.339
-1.447,1.692
-1.558,1.703
-1.825,1.749
-2.0,1.797
-2.148,1.684
0.779,1.593
0.055,-1.285
0.062,-0.064
-1.311,-1.142
-2.155,1.675
2.081,0.207
1.815,-1.166
1.327,-1.303
0.343,-1.986
1.749,0.977
1.363,-0.853
1.187,-1.508
0.958,1.295
0.394,0.138
-2.985,0.184
1.733,-0.728
1.771,-1.293
-0.502,-2.192
-1.885,-2.171
1.379,-2.18
0.672,-2.164
0.278,-2.204
-1.234,-2.449
-2.188,-2.558
-3.104,-2.497
2.586,-2.756
1.991,-2.73
0.341,-2.654
-0.049,-0.811
-0.013,0.109
-0.183,-0.542
-0.177,-0.742
-0.104,-1.119
-0.211,-0.373
-0.145,-0.05
-0.169,-1.071
-0.224,-0.92
-0.257,1.284
-0.275,-1.33
-0.195,2.108
-0.267,-0.522
-0.366,1.884
-0.392,0.684
-0.408,1.14
-0.398,1.467
-0.339,0.092
-0.431,0.766
-0.391,0.633
-0.478,-0.251
-0.421,1.6
-0.569,1.988
-0.587,0.719
-0.595,1.07
-0.548,1.395
-0.683,0.548
-0.778,-0.057
-0.893,-0.071
-0.893,-0.158
-0.942,1.1
-0.968,-0.457
-1.099,0.248
-1.085,1.754
-1.198,0.591
-1.149,0.788
-1.27,0.369
-1.361,-0.471
-1.377,0.425
-1.327,1.872
-1.397,1.691
-1.532,-0.661
-1.582,1.785
-1.67,1.132
-1.754,-0.98
-1.71,-0.45
-1.79,-0.086
-1.77,-0.696
-1.872,1.099
-1.898,0.943
-2.105,-0.359
-2.13,1.199
-2.096,0.397
-2.167,-0.976
-2.171,0.122
-2.139,0.95
-2.242,1.721
-2.305,1.29
-2.307,0.908
-2.339,-0.314
-2.248,-1.394
-2.419,0.319
-2.373,0.023
-2.484,-1.179
-2.554,-0.764
-2.507,1.116
-2.71,-1.277
-2.744,-0.71
-2.864,1.793
-2.804,-0.439
-2.852,0.855
-2.874,0.395
-2.884,-0.167
-2.893,0.189
-2.987,0.317
-2.937,-0.627
-3.026,2.215
-2.981,0.182
-2.981,-0.704
-3.074,-0.539
3.097,0.876
3.082,-0.627
3.024,0.558
3.087,1.417
3.042,0.571
2.908,2.154
2.973,-1.078
2.943,-0.014
2.921,0.986
2.892,-0.111
2.819,0.485
2.777,-0.046
2.823,0.002
2.723,1.651
2.78,0.141
2.706,-0.142
2.675,0.975
2.644,-0.391
2.643,1.71
2.7,1.616
2.571,1.459
2.445,2.174
2.406,1.333
2.464,0.427
2.453,0.307
2.374,1.56
2.313,0.527
2.366,0.679
2.247,1.951
2.256,0.26
2.196,2.054
2.181,-0.83
2.188,0.7
1.998,-0.744
1.896,0.425
1.917,1.696
1.723,0.181
1.655,-1.385
1.631,0.791
1.549,1.724
1.581,0.547
1.494,-0.764
1.433,0.692
1.407,-0.101
1.305,1.667
1.268,-0.372
1.217,1.265
1.155,1.746
1.195,-1.006
1.128,1.922
1.12,-0.377
0.823,-0.867
0.851,0.436
0.757,-0.157
0.766,-0.771
0.739,1.142
0.619,-0.141
0.472,-1.204
0.446,-0.853
0.444,-1.169
0.316,0.454
0.256,1.289
0.267,0.24
0.259,-0.16
0.23,0.565
0.304,-0.479
0.221,1.394
-2.057,-1.933
-2.371,-1.812
-2.699,-1.834
-2.969,-1.974
1.177,-1.871
1.113,-1.815
0.774,-1.912
0.772,-1.882
0.439,-1.936
0.31,-1.855
-0.174,2.297
-0.526,2.335
-1.02,2.34
-1.926,2.207
-2.054,2.081
-2.663,2.135
2.949,2.157
1.956,2.141
1.841,2.325
0.991,2.183
0.796,2.046
1.546,2.198
-2.907,-1.761
0.248,-0.501
0.254,-1.21
0.092,1.586
0.086,0.97
0.039,-1.069
-0.022,-0.487
-0.019,2.087
0.079,0.583
-0.116,1.72
0.031,1.763
-0.118,0.235
-0.171,-1.122
-0.166,1.998
-0.047,-0.25
-0.163,1.367
-0.093,0.356
-0.097,-0.881
-0.294,1.958
-0.169,0.366
-0.244,0.532
-0.236,1.724
-0.402,2.211
-0.255,0.214
-0.411,-1.218
-0.462,-0.519
-0.472,1.836
-0.361,0.686
-0.571,0.24
-0.484,1.183
-0.438,-0.808
-0.529,-0.935
-0.681,2.148
-0.55,1.452
-0.641,1.051
-0.774,0.817
-0.803,-0.346
-0.922,-0.385
-1.144,0.77
-1.193,-0.845
-1.09,0.668
-1.167,-0.608
-1.461,2.095
-1.434,0.72
-1.583,-0.658
-1.576,0.573
-1.761,-1.524
-1.77,-0.114
-1.658,1.095
-1.821,-0.911
-1.702,1.834
-1.717,-0.986
-1.736,-0.617
-1.817,0.639
-1.981,0.497
-1.943,0.788
-2.076,1.666
-2.173,-0.094
-2.338,0.355
-2.24,1.845
-2.263,0.78
-2.381,0.408
-2.636,1.386
-2.545,1.164
-2.579,-0.556
-2.661,-1.061
-2.684,1.411
-2.803,1.863
-2.954,2.187
-2.887,0.479
-2.872,2.158
-2.887,-0.702
-3.138,0.687
-3.023,1.399
3.087,-0.349
-3.091,1.963
-3.123,-0.926
3.0,2.095
2.984,1.765
3.094,1.579
3.058,1.559
2.93,1.3
2.882,0.238
2.804,-0.16
2.796,-0.089
2.742,0.803
2.66,-0.718
2.492,0.53
2.577,1.699
2.464,2.283
2.557,0.383
2.424,-0.8
2.495,-0.692
2.206,0.219
2.056,-0.894
2.025,-0.478
2.121,1.775
1.829,-0.26
1.664,2.027
1.479,1.124
1.488,-0.688
1.467,-1.059
1.302,1.661
1.104,1.196
0.839,0.247
0.599,-0.905
0.518,0.437
0.497,2.152
-1.306,-1.724
-1.926,-1.852
-1.948,-1.953
-1.936,-2.046
-3.099,-1.765
3.031,-1.889
1.339,-1.935
0.569,-1.829
-1.386,2.202
-1.497,2.213
-1.764,2.259
-1.939,2.307
-2.087,2.194
0.84,2.103
0.116,-0.775
0.123,0.446
-1.25,-0.632
-2.094,2.185
2.142,0.717
1.876,-0.656
1.388,-0.793
0.404,-1.476
1.81,1.487
1.424,-0.343
1.248,-0.998
1.019,1.805
0.455,0.648
-2.924,0.694
1.794,-0.218
1.832,-0.783
-0.441,-1.682
-1.824,-1.661
1.44,-1.67
0.733,-1.654
0.339,-1.694
-1.173,-1.939
-2.127,-2.048
-3.043,-1.987
2.647,-2.246
2.052,-2.22
0.402,-2.144
0.036,0.92
-0.134,0.269
-0.128,0.069
-0.055,-0.308
-0.162,0.438
-0.096,0.761
-0.12,-0.26
-0.175,-0.109
-0.208,2.095
-0.226,-0.519
-0.146,2.919
-0.218,0.289
-0.317,2.695
-0.343,1.495
-0.359,1.951
-0.349,2.278
-0.29,0.903
-0.382,1.577
-0.342,1.444
-0.429,0.56
-0.372,2.411
-0.52,2.799
-0.538,1.53
-0.546,1.881
-0.499,2.206
-0.634,1.359
-0.729,0.754
-0.844,0.74
-0.844,0.653
-0.893,1.911
-0.919,0.354
-1.05,1.059
-1.036,2.565
-1.149,1.402
-1.1,1.599
-1.221,1.18
-1.312,0.34
-1.328,1.236
-1.278,2.683
-1.348,2.502
-1.483,0.15
-1.533,2.596
-1.621,1.943
-1.705,-0.169
-1.661,0.361
-1.741,0.725
-1.721,0.115
-1.823,1.91
-1.849,1.754
-2.056,0.452
-2.081,2.01
-2.047,1.208
-2.118,-0.165
-2.122,0.933
-2.09,1.761
-2.193,2.532
-2.256,2.101
-2.258,1.719
-2.29,0.497
-2.199,-0.583
-2.37,1.13
-2.324,0.834
-2.435,-0.368
-2.505,0.047
-2.458,1.927
-2.661,-0.466
-2.695,0.101
-2.815,2.604
-2.755,0.372
-2.803,1.666
-2.825,1.206
-2.835,0.644
-2.844,1.0
-2.938,1.128
-2.888,0.184
-2.977,3.026
-2.932,0.993
-2.932,0.107
-3.025,0.272
-3.137,1.687
3.131,0.184
3.073,1.369
3.136,2.228
3.091,1.382
2.957,2.965
3.022,-0.267
2.992,0.797
2.97,1.797
2.941,0.7
2.868,1.296
2.826,0.765
2.872,0.813
2.772,2.462
2.829,0.952
2.755,0.669
2.724,1.786
2.693,0.42
2.692,2.521
2.749,2.427
2.62,2.27
2.494,2.985
2.455,2.144
2.513,1.238
2.502,1.118
2.423,2.371
2.362,1.338
2.415,1.49
2.296,2.762
2.305,1.071
2.245,2.865
2.23,-0.019
2.237,1.511
2.047,0.067
1.945,1.236
1.966,2.507
1.772,0.992
1.704,-0.574
1.68,1.602
1.598,2.535
1.63,1.358
1.543,0.047
1.482,1.503
1.456,0.71
1.354,2.478
1.317,0.439
1.266,2.076
1.204,2.557
1.244,-0.195
1.177,2.733
1.169,0.434
0.872,-0.056
0.9,1.247
0.806,0.654
0.815,0.04
0.788,1.953
0.668,0.67
0.521,-0.393
0.495,-0.042
0.493,-0.358
0.365,1.265
0.305,2.1
0.316,1.051
0.308,0.651
0.279,1.376
0.353,0.332
0.27,2.205
-2.008,-1.122
-2.322,-1.001
-2.65,-1.023
-2.92,-1.163
1.226,-1.06
1.162,-1.004
0.823,-1.101
0.821,-1.071
0.488,-1.125
0.359,-1.044
-0.125,3.108
-0.477,3.146
-0.971,3.151
-1.877,3.018
-2.005,2.892
-2.614,2.946
2.998,2.968
2.005,2.952
1.89,3.136
1.04,2.994
0.845,2.857
1.595,3.009
-2.858,-0.95
0.297,0.31
0.303,-0.399
0.141,2.397
0.135,1.781
0.088,-0.258
0.027,0.324
0.03,2.898
0.128,1.394
-0.067,2.531
0.08,2.574
-0.069,1.046
-0.122,-0.311
-0.117,2.809
0.002,0.561
-0.114,2.178
-0.044,1.167
-0.048,-0.07
-0.245,2.769
-0.12,1.177
-0.195,1.343
-0.187,2.535
-0.353,3.022
-0.206,1.025
-0.362,-0.407
-0.413,0.292
-0.423,2.647
-0.312,1.497
-0.522,1.051
-0.435,1.994
-0.389,0.003
-0.48,-0.124
-0.632,2.959
-0.501,2.263
-0.592,1.862
-0.725,1.628
-0.754,0.465
-0.873,0.426
-1.095,1.581
-1.144,-0.034
-1.041,1.479
-1.118,0.203
-1.412,2.906
-1.385,1.531
-1.534,0.153
-1.527,1.384
-1.712,-0.713
-1.721,0.697
-1.609,1.906
-1.772,-0.1
-1.653,2.645
-1.668,-0.175
-1.687,0.194
-1.768,1.45
-1.932,1.308
-1.894,1.599
-2.027,2.477
-2.124,0.717
-2.289,1.166
-2.191,2.656
-2.214,1.591
-2.332,1.219
-2.587,2.197
-2.496,1.975
-2.53,0.255
-2.612,-0.25
-2.635,2.222
-2.754,2.674
-2.905,2.998
-2.838,1.29
-2.823,2.969
-2.838,0.109
-3.089,1.498
-2.974,2.21
3.136,0.462
-3.042,2.774
-3.074,-0.115
3.049,2.906
3.033,2.576
-3.14,2.39
3.107,2.37
2.979,2.111
2.931,1.049
2.853,0.651
2.845,0.722
2.791,1.614
2.709,0.093
2.541,1.341
2.626,2.51
2.513,3.094
2.606,1.194
2.473,0.011
2.544,0.119
2.255,1.03
2.105,-0.083
2.074,0.333
2.17,2.586
1.878,0.551
1.713,2.838
1.528,1.935
1.537,0.123
1.516,-0.248
1.351,2.472
1.153,2.007
0.888,1.058
0.648,-0.094
0.567,1.248
0.546,2.963
-1.257,-0.913
-1.877,-1.041
-1.899,-1.142
-1.887,-1.235
-3.05,-0.954
3.08,-1.078
1.388,-1.124
0.618,-1.018
-1.337,3.013
-1.448,3.024
-1.715,3.07
-1.89,3.118
-2.038,3.005
0.889,2.914
0.165,0.036
0.172,1.257
-1.201,0.179
-2.045,2.996
2.191,1.528
1.925,0.155
1.437,0.018
0.453,-0.665
1.859,2.298
1.473,0.468
1.297,-0.187
1.068,2.616
0.504,1.459
-2.875,1.505
1.843,0.593
1.881,0.028
-0.392,-0.871
-1.775,-0.85
1.489,-0.859
0.782,-0.843
0.388,-0.883
-1.124,-1.128
-2.078,-1.237
-2.994,-1.176
2.696,-1.435
2.101,-1.409
0.451,-1.333
-0.17,-0.651
-0.164,-0.851
-0.091,-1.228
-0.198,-0.482
-0.132,-0.159
-0.156,-1.18
-0.211,-1.029
-0.244,1.175
-0.262,-1.439
-0.182,1.999
-0.254,-0.631
-0.353,1.775
-0.379,0.575
-0.395,1.031
-0.385,1.358
-0.326,-0.017
-0.418,0.657
-0.378,0.524
-0.465,-0.36
-0.408,1.491
-0.556,1.879
-0.574,0.61
-0.582,0.961
-0.535,1.286
-0.67,0.439
-0.765,-0.166
-0.88,-0.18
-0.88,-0.267
-0.929,0.991
-0.955,-0.566
-1.086,0.139
-1.072,1.645
-1.185,0.482
-1.136,0.679
-1.257,0.26
-1.348,-0.58
-1.364,0.316
-1.314,1.763
-1.384,1.582
-1.519,-0.77
-1.569,1.676
-1.657,1.023
-1.741,-1.089
-1.697,-0.559
-1.777,-0.195
-1.757,-0.805
-1.859,0.99
-1.885,0.834
-2.092,-0.468
-2.117,1.09
-2.083,0.288
-2.154,-1.085
-2.158,0.013
-2.126,0.841
-2.229,1.612
-2.292,1.181
-2.294,0.799
-2.326,-0.423
-2.235,-1.503
-2.406,0.21
-2.36,-0.086
-2.471,-1.288
-2.541,-0.873
-2.494,1.007
-2.697,-1.386
-2.731,-0.819
-2.851,1.684
-2.791,-0.548
-2.839,0.746
-2.861,0.286
-2.871,-0.276
-2.88,0.08
-2.974,0.208
-2.924,-0.736
-3.013,2.106
-2.968,0.073
-2.968,-0.813
-3.061,-0.648
3.11,0.767
3.095,-0.736
3.037,0.449
3.1,1.308
3.055,0.462
2.921,2.045
2.986,-1.187
2.956,-0.123
2.934,0.877
2.905,-0.22
2.832,0.376
2.79,-0.155
2.836,-0.107
2.736,1.542
2.793,0.032
2.719,-0.251
2.688,0.866
2.657,-0.5
2.656,1.601
2.713,1.507
2.584,1.35
2.458,2.065
2.419,1.224
2.477,0.318
2.466,0.198
2.387,1.451
2.326,0.418
2.379,0.57
2.26,1.842
2.269,0.151
2.209,1.945
2.194,-0.939
2.201,0.591
2.011,-0.853
1.909,0.316
1.93,1.587
1.736,0.072
1.668,-1.494
1.644,0.682
1.562,1.615
1.594,0.438
1.507,-0.873
1.446,0.583
1.42,-0.21
1.318,1.558
1.281,-0.481
1.23,1.156
1.168,1.637
1.208,-1.115
1.141,1.813
1.133,-0.486
0.836,-0.976
0.864,0.327
0.77,-0.266
0.779,-0.88
0.752,1.033
0.632,-0.25
0.485,-1.313
0.459,-0.962
0.457,-1.278
0.329,0.345
0.269,1.18
0.28,0.131
0.272,-0.269
0.243,0.456
0.317,-0.588
0.234,1.285
-2.044,-2.042
-2.358,-1.921
-2.686,-1.943
-2.956,-2.083
1.19,-1.98
1.126,-1.924
0.787,-2.021
0.785,-1.991
0.452,-2.045
0.323,-1.964
-0.161,2.188
-0.513,2.226
-1.007,2.231
-1.913,2.098
-2.041,1.972
-2.65,2.026
2.962,2.048
1.969,2.032
1.854,2.216
1.004,2.074
0.809,1.937
1.559,2.089
-2.894,-1.87
0.261,-0.61
0.267,-1.319
0.105,1.477
0.099,0.861
0.052,-1.178
-0.009,-0.596
-0.006,1.978
0.092,0.474
-0.103,1.611
0.044,1.654
-0.105,0.126
-0.158,-1.231
-0.153,1.889
-0.034,-0.359
-0.15,1.258
-0.08,0.247
-0.084,-0.99
-0.281,1.849
-0.156,0.257
-0.231,0.423
-0.223,1.615
-0.389,2.102
-0.242,0.105
-0.398,-1.327
-0.449,-0.628
-0.459,1.727
-0.348,0.577
-0.558,0.131
-0.471,1.074
-0.425,-0.917
-0.516,-1.044
-0.668,2.039
-0.537,1.343
-0.628,0.942
-0.761,0.708
-0.79,-0.455
-0.909,-0.494
-1.131,0.661
-1.18,-0.954
-1.077,0.559
-1.154,-0.717
-1.448,1.986
-1.421,0.611
-1.57,-0.767
-1.563,0.464
-1.748,-1.633
-1.757,-0.223
-1.645,0.986
-1.808,-1.02
-1.689,1.725
-1.704,-1.095
-1.723,-0.726
-1.804,0.53
-1.968,0.388
-1.93,0.679
-2.063,1.557
-2.16,-0.203
-2.325,0.246
-2.227,1.736
-2.25,0.671
-2.368,0.299
-2.623,1.277
-2.532,1.055
-2.566,-0.665
-2.648,-1.17
-2.671,1.302
-2.79,1.754
-2.941,2.078
-2.874,0.37
-2.859,2.049
-2.874,-0.811
-3.125,0.578
-3.01,1.29
3.1,-0.458
-3.078,1.854
-3.11,-1.035
3.013,1.986
2.997,1.656
3.107,1.47
3.071,1.45
2.943,1.191
2.895,0.129
2.817,-0.269
2.809,-0.198
2.755,0.694
2.673,-0.827
2.505,0.421
2.59,1.59
2.477,2.174
2.57,0.274
2.437,-0.909
2.508,-0.801
2.219,0.11
2.069,-1.003
2.038,-0.587
2.134,1.666
1.842,-0.369
1.677,1.918
1.492,1.015
1.501,-0.797
1.48,-1.168
1.315,1.552
1.117,1.087
0.852,0.138
0.612,-1.014
0.531,0.328
0.51,2.043
-1.293,-1.833
-1.913,-1.961
-1.935,-2.062
-1.923,-2.155
-3.086,-1.874
3.044,-1.998
1.352,-2.044
0.582,-1.938
-1.373,2.093
-1.484,2.104
-1.751,2.15
-1.926,2.198
-2.074,2.085
0.853,1.994
0.129,-0.884
0.136,0.337
-1.237,-0.741
-2.081,2.076
2.155,0.608
1.889,-0.765
1.401,-0.902
0.417,-1.585
1.823,1.378
1.437,-0.452
1.261,-1.107
1.032,1.696
0.468,0.539
-2.911,0.585
1.807,-0.327
1.845,-0.892
-0.428,-1.791
-1.811,-1.77
1.453,-1.779
0.746,-1.763
0.352,-1.803
-1.16,-2.048
-2.114,-2.157
-3.03,-2.096
2.66,-2.355
2.065,-2.329
0.415,-2.253
0.006,-0.2
0.079,-0.577
-0.028,0.169
0.038,0.492
0.014,-0.529
-0.041,-0.378
-0.074,1.826
-0.092,-0.788
-0.012,2.65
-0.084,0.02
-0.183,2.426
-0.209,1.226
-0.225,1.682
-0.215,2.009
-0.156,0.634
-0.248,1.308
-0.208,1.175
-0.295,0.291
-0.238,2.142
-0.386,2.53
-0.404,1.261
-0.412,1.612
-0.365,1.937
-0.5,1.09
-0.595,0.485
-0.71,0.471
-0.71,0.384
-0.759,1.642
-0.785,0.085
-0.916,0.79
-0.902,2.296
-1.015,1.133
-0.966,1.33
-1.087,0.911
-1.178,0.071
-1.194,0.967
-1.144,2.414
-1.214,2.233
-1.349,-0.119
-1.399,2.327
-1.487,1.674
-1.571,-0.438
-1.527,0.092
-1.607,0.456
-1.587,-0.154
-1.689,1.641
-1.715,1.485
-1.922,0.183
-1.947,1.741
-1.913,0.939
-1.984,-0.434
-1.988,0.664
-1.956,1.492
-2.059,2.263
-2.122,1.832
-2.124,1.45
-2.156,0.228
-2.065,-0.852
-2.236,0.861
-2.19,0.565
-2.301,-0.637
-2.371,-0.222
-2.324,1.658
-2.527,-0.735
-2.561,-0.168
-2.681,2.335
-2.621,0.103
-2.669,1.397
-2.691,0.937
-2.701,0.375
-2.71,0.731
-2.804,0.859
-2.754,-0.085
-2.843,2.757
-2.798,0.724
-2.798,-0.162
-2.891,0.003
-3.003,1.418
-3.018,-0.085
-3.076,1.1
-3.013,1.959
-3.058,1.113
3.091,2.696
-3.127,-0.536
3.126,0.528
3.104,1.528
3.075,0.431
3.002,1.027
2.96,0.496
3.006,0.544
2.906,2.193
2.963,0.683
2.889,0.4
2.858,1.517
2.827,0.151
2.826,2.252
2.883,2.158
2.754,2.001
2.628,2.716
2.589,1.875
2.647,0.969
2.636,0.849
2.557,2.102
2.496,1.069
2.549,1.221
2.43,2.493
2.439,0.802
2.379,2.596
2.364,-0.288
2.371,1.242
2.181,-0.202
2.079,0.967
2.1,2.238
1.906,0.723
1.838,-0.843
1.814,1.333
1.732,2.266
1.764,1.089
1.677,-0.222
1.616,1.234
1.59,0.441
1.488,2.209
1.451,0.17
1.4,1.807
1.338,2.288
1.378,-0.464
1.311,2.464
1.303,0.165
1.006,-0.325
1.034,0.978
0.94,0.385
0.949,-0.229
0.922,1.684
0.802,0.401
0.655,-0.662
0.629,-0.311
0.627,-0.627
0.499,0.996
0.439,1.831
0.45,0.782
0.442,0.382
0.413,1.107
0.487,0.063
0.404,1.936
-1.874,-1.391
-2.188,-1.27
-2.516,-1.292
-2.786,-1.432
1.36,-1.329
1.296,-1.273
0.957,-1.37
0.955,-1.34
0.622,-1.394
0.493,-1.313
0.009,2.839
-0.343,2.877
-0.837,2.882
-1.743,2.749
-1.871,2.623
-2.48,2.677
3.132,2.699
2.139,2.683
2.024,2.867
1.174,2.725
0.979,2.588
1.729,2.74
-2.724,-1.219
0.431,0.041
0.437,-0.668
0.275,2.128
0.269,1.512
0.222,-0.527
0.161,0.055
0.164,2.629
0.262,1.125
0.067,2.262
0.214,2.305
0.065,0.777
0.012,-0.58
0.017,2.54
0.136,0.292
0.02,1.909
0.09,0.898
0.086,-0.339
-0.111,2.5
0.014,0.908
-0.061,1.074
-0.053,2.266
-0.219,2.753
-0.072,0.756
-0.228,-0.676
-0.279,0.023
-0.289,2.378
-0.178,1.228
-0.388,0.782
-0.301,1.725
-0.255,-0.266
-0.346,-0.393
-0.498,2.69
-0.367,1.994
-0.458,1.593
-0.591,1.359
-0.62,0.196
-0.739,0.157
-0.961,1.312
-1.01,-0.303
-0.907,1.21
-0.984,-0.066
-1.278,2.637
-1.251,1.262
-1.4,-0.116
-1.393,1.115
-1.578,-0.982
-1.587,0.428
-1.475,1.637
-1.638,-0.369
-1.519,2.376
-1.534,-0.444
-1.553,-0.075
-1.634,1.181
-1.798,1.039
-1.76,1.33
-1.893,2.208
-1.99,0.448
-2.155,0.897
-2.057,2.387
-2.08,1.322
-2.198,0.95
-2.453,1.928
-2.362,1.706
-2.396,-0.014
-2.478,-0.519
-2.501,1.953
-2.62,2.405
-2.771,2.729
-2.704,1.021
-2.689,2.7
-2.704,-0.16
-2.955,1.229
-2.84,1.941
-3.013,0.193
-2.908,2.505
-2.94,-0.384
-3.1,2.637
-3.116,2.307
-3.006,2.121
-3.042,2.101
3.113,1.842
3.065,0.78
2.987,0.382
2.979,0.453
2.925,1.345
2.843,-0.176
2.675,1.072
2.76,2.241
2.647,2.825
2.74,0.925
2.607,-0.258
2.678,-0.15
2.389,0.761
2.239,-0.352
2.208,0.064
2.304,2.317
2.012,0.282
1.847,2.569
1.662,1.666
1.671,-0.146
1.65,-0.517
1.485,2.203
1.287,1.738
1.022,0.789
0.782,-0.363
0.701,0.979
0.68,2.694
-1.123,-1.182
-1.743,-1.31
-1.765,-1.411
-1.753,-1.504
-2.916,-1.223
-3.069,-1.347
1.522,-1.393
0.752,-1.287
-1.203,2.744
-1.314,2.755
-1.581,2.801
-1.756,2.849
-1.904,2.736
1.023,2.645
0.299,-0.233
0.306,0.988
-1.067,-0.09
-1.911,2.727
2.325,1.259
2.059,-0.114
1.571,-0.251
0.587,-0.934
1.993,2.029
1.607,0.199
1.431,-0.456
1.202,2.347
0.638,1.19
-2.741,1.236
1.977,0.324
2.015,-0.241
-0.258,-1.14
-1.641,-1.119
1.623,-1.128
0.916,-1.112
0.522,-1.152
-0.99,-1.397
-1.944,-1.506
-2.86,-1.445
2.83,-1.704
2.235,-1.678
0.585,-1.602
0.073,-0.377
-0.034,0.369
0.032,0.692
0.008,-0.329
-0.047,-0.178
-0.08,2.026
-0.098,-0.588
-0.018,2.85
-0.09,0.22
-0.189,2.626
-0.215,1.426
-0.231,1.882
-0.221,2.209
-0.162,0.834
-0.254,1.508
-0.214,1.375
-0.301,0.491
-0.244,2.342
-0.392,2.73
-0.41,1.461
-0.418,1.812
-0.371,2.137
-0.506,1.29
-0.601,0.685
-0.716,0.671
-0.716,0.584
-0.765,1.842
-0.791,0.285
-0.922,0.99
-0.908,2.496
-1.021,1.333
-0.972,1.53
-1.093,1.111
-1.184,0.271
-1.2,1.167
-1.15,2.614
-1.22,2.433
-1.355,0.081
-1.405,2.527
-1.493,1.874
-1.577,-0.238
-1.533,0.292
-1.613,0.656
-1.593,0.046
-1.695,1.841
-1.721,1.685
-1.928,0.383
-1.953,1.941
-1.919,1.139
-1.99,-0.234
-1.994,0.864
-1.962,1.692
-2.065,2.463
-2.128,2.032
-2.13,1.65
-2.162,0.428
-2.071,-0.652
-2.242,1.061
-2.196,0.765
-2.307,-0.437
-2.377,-0.022
-2.33,1.858
-2.533,-0.535
-2.567,0.032
-2.687,2.535
-2.627,0.303
-2.675,1.597
-2.697,1.137
-2.707,0.575
-2.716,0.931
-2.81,1.059
-2.76,0.115
-2.849,2.957
-2.804,0.924
-2.804,0.038
-2.897,0.203
-3.009,1.618
-3.024,0.115
-3.082,1.3
-3.019,2.159
-3.064,1.313
3.085,2.896
-3.133,-0.336
3.12,0.728
3.098,1.728
3.069,0.631
2.996,1.227
2.954,0.696
3.0,0.744
2.9,2.393
2.957,0.883
2.883,0.6
2.852,1.717
2.821,0.351
2.82,2.452
2.877,2.358
2.748,2.201
2.622,2.916
2.583,2.075
2.641,1.169
2.63,1.049
2.551,2.302
2.49,1.269
2.543,1.421
2.424,2.693
2.433,1.002
2.373,2.796
2.358,-0.088
2.365,1.442
2.175,-0.002
2.073,1.167
2.094,2.438
1.9,0.923
1.832,-0.643
1.808,1.533
1.726,2.466
1.758,1.289
1.671,-0.022
1.61,1.434
1.584,0.641
1.482,2.409
1.445,0.37
1.394,2.007
1.332,2.488
1.372,-0.264
1.305,2.664
1.297,0.365
1.0,-0.125
1.028,1.178
0.934,0.585
0.943,-0.029
0.916,1.884
0.796,0.601
0.649,-0.462
0.623,-0.111
0.621,-0.427
0.493,1.196
0.433,2.031
0.444,0.982
0.436,0.582
0.407,1.307
0.481,0.263
0.398,2.136
-1.88,-1.191
-2.194,-1.07
-2.522,-1.092
-2.792,-1.232
1.354,-1.129
1.29,-1.073
0.951,-1.17
0.949,-1.14
0.616,-1.194
0.487,-1.113
0.003,3.039
-0.349,3.077
-0.843,3.082
-1.749,2.949
-1.877,2.823
-2.486,2.877
3.126,2.899
2.133,2.883
2.018,3.067
1.168,2.925
0.973,2.788
1.723,2.94
-2.73,-1.019
0.425,0.241
0.431,-0.468
0.269,2.328
0.263,1.712
0.216,-0.327
0.155,0.255
0.158,2.829
0.256,1.325
0.061,2.462
0.208,2.505
0.059,0.977
0.006,-0.38
0.011,2.74
0.13,0.492
0.014,2.109
0.084,1.098
0.08,-0.139
-0.117,2.7
0.008,1.108
-0.067,1.274
-0.059,2.466
-0.225,2.953
-0.078,0.956
-0.234,-0.476
-0.285,0.223
-0.295,2.578
-0.184,1.428
-0.394,0.982
-0.307,1.925
-0.261,-0.066
-0.352,-0.193
-0.504,2.89
-0.373,2.194
-0.464,1.793
-0.597,1.559
-0.626,0.396
-0.745,0.357
-0.967,1.512
-1.016,-0.103
-0.913,1.41
-0.99,0.134
-1.284,2.837
-1.257,1.462
-1.406,0.084
-1.399,1.315
-1.584,-0.782
-1.593,0.628
-1.481,1.837
-1.644,-0.169
-1.525,2.576
-1.54,-0.244
-1.559,0.125
-1.64,1.381
-1.804,1.239
-1.766,1.53
-1.899,2.408
-1.996,0.648
-2.161,1.097
-2.063,2.587
-2.086,1.522
-2.204,1.15
-2.459,2.128
-2.368,1.906
-2.402,0.186
-2.484,-0.319
-2.507,2.153
-2.626,2.605
-2.777,2.929
-2.71,1.221
-2.695,2.9
-2.71,0.04
-2.961,1.429
-2.846,2.141
-3.019,0.393
-2.914,2.705
-2.946,-0.184
-3.106,2.837
-3.122,2.507
-3.012,2.321
-3.048,2.301
3.107,2.042
3.059,0.98
2.981,0.582
2.973,0.653
2.919,1.545
2.837,0.024
2.669,1.272
2.754,2.441
2.641,3.025
2.734,1.125
2.601,-0.058
2.672,0.05
2.383,0.961
2.233,-0.152
2.202,0.264
2.298,2.517
2.006,0.482
1.841,2.769
1.656,1.866
1.665,0.054
1.644,-0.317
1.479,2.403
1.281,1.938
1.016,0.989
0.776,-0.163
0.695,1.179
0.674,2.894
-1.129,-0.982
-1.749,-1.11
-1.771,-1.211
-1.759,-1.304
-2.922,-1.023
-3.075,-1.147
1.516,-1.193
0.746,-1.087
-1.209,2.944
-1.32,2.955
-1.587,3.001
-1.762,3.049
-1.91,2.936
1.017,2.845
0.293,-0.033
0.3,1.188
-1.073,0.11
-1.917,2.927
2.319,1.459
2.053,0.086
1.565,-0.051
0.581,-0.734
1.987,2.229
1.601,0.399
1.425,-0.256
1.196,2.547
0.632,1.39
-2.747,1.436
1.971,0.524
2.009,-0.041
-0.264,-0.94
-1.647,-0.919
1.617,-0.928
0.91,-0.912
0.516,-0.952
-0.996,-1.197
-1.95,-1.306
-2.866,-1.245
2.824,-1.504
2.229,-1.478
0.579,-1.402
-0.107,0.746
-0.041,1.069
-0.065,0.048
-0.12,0.199
-0.153,2.403
-0.171,-0.211
-0.091,3.227
-0.163,0.597
-0.262,3.003
-0.288,1.803
-0.304,2.259
-0.294,2.586
-0.235,1.211
-0.327,1.885
-0.287,1.752
-0.374,0.868
-0.317,2.719
-0.465,3.107
-0.483,1.838
-0.491,2.189
-0.444,2.514
-0.579,1.667
-0.674,1.062
-0.789,1.048
-0.789,0.961
-0.838,2.219
-0.864,0.662
-0.995,1.367
-0.981,2.873
-1.094,1.71
-1.045,1.907
-1.166,1.488
-1.257,0.648
-1.273,1.544
-1.223,2.991
-1.293,2.81
-1.428,0.458
-1.478,2.904
-1.566,2.251
-1.65,0.139
-1.606,0.669
-1.686,1.033
-1.666,0.423
-1.768,2.218
-1.794,2.062
-2.001,0.76
-2.026,2.318
-1.992,1.516
-2.063,0.143
-2.067,1.241
-2.035,2.069
-2.138,2.84
-2.201,2.409
-2.203,2.027
-2.235,0.805
-2.144,-0.275
-2.315,1.438
-2.269,1.142
-2.38,-0.06
-2.45,0.355
-2.403,2.235
-2.606,-0.158
-2.64,0.409
-2.76,2.912
-2.7,0.68
-2.748,1.974
-2.77,1.514
-2.78,0.952
-2.789,1.308
-2.883,1.436
-2.833,0.492
-2.922,3.334
-2.877,1.301
-2.877,0.415
-2.97,0.58
-3.082,1.995
-3.097,0.492
3.128,1.677
-3.092,2.536
-3.137,1.69
3.012,3.273
3.077,0.041
3.047,1.105
3.025,2.105
2.996,1.008
2.923,1.604
2.881,1.073
2.927,1.121
2.827,2.77
2.884,1.26
2.81,0.977
2.779,2.094
2.748,0.728
2.747,2.829
2.804,2.735
2.675,2.578
2.549,3.293
2.51,2.452
2.568,1.546
2.557,1.426
2.478,2.679
2.417,1.646
2.47,1.798
2.351,3.07
2.36,1.379
2.3,3.173
2.285,0.289
2.292,1.819
2.102,0.375
2.0,1.544
2.021,2.815
1.827,1.3
1.759,-0.266
1.735,1.91
1.653,2.843
1.685,1.666
1.598,0.355
1.537,1.811
1.511,1.018
1.409,2.786
1.372,0.747
1.321,2.384
1.259,2.865
1.299,0.113
1.232,3.041
1.224,0.742
0.927,0.252
0.955,1.555
0.861,0.962
0.87,0.348
0.843,2.261
0.723,0.978
0.576,-0.085
0.55,0.266
0.548,-0.05
0.42,1.573
0.36,2.408
0.371,1.359
0.363,0.959
0.334,1.684
0.408,0.64
0.325,2.513
-1.953,-0.814
-2.267,-0.693
-2.595,-0.715
-2.865,-0.855
1.281,-0.752
1.217,-0.696
0.878,-0.793
0.876,-0.763
0.543,-0.817
0.414,-0.736
-0.07,3.416
-0.422,3.454
-0.916,3.459
-1.822,3.326
-1.95,3.2
-2.559,3.254
3.053,3.276
2.06,3.26
1.945,3.444
1.095,3.302
0.9,3.165
1.65,3.317
-2.803,-0.642
0.352,0.618
0.358,-0.091
0.196,2.705
0.19,2.089
0.143,0.05
0.082,0.632
0.085,3.206
0.183,1.702
-0.012,2.839
0.135,2.882
-0.014,1.354
-0.067,-0.003
-0.062,3.117
0.057,0.869
-0.059,2.486
0.011,1.475
0.007,0.238
-0.19,3.077
-0.065,1.485
-0.14,1.651
-0.132,2.843
-0.298,3.33
-0.151,1.333
-0.307,-0.099
-0.358,0.6
-0.368,2.955
-0.257,1.805
-0.467,1.359
-0.38,2.302
-0.334,0.311
-0.425,0.184
-0.577,3.267
-0.446,2.571
-0.537,2.17
-0.67,1.936
-0.699,0.773
-0.818,0.734
-1.04,1.889
-1.089,0.274
-0.986,1.787
-1.063,0.511
-1.357,3.214
-1.33,1.839
-1.479,0.461
-1.472,1.692
-1.657,-0.405
-1.666,1.005
-1.554,2.214
-1.717,0.208
-1.598,2.953
-1.613,0.133
-1.632,0.502
-1.713,1.758
-1.877,1.616
-1.839,1.907
-1.972,2.785
-2.069,1.025
-2.234,1.474
-2.136,2.964
-2.159,1.899
-2.277,1.527
-2.532,2.505
-2.441,2.283
-2.475,0.563
-2.557,0.058
-2.58,2.53
-2.699,2.982
-2.85,3.306
-2.783,1.598
-2.768,3.277
-2.783,0.417
-3.034,1.806
-2.919,2.518
-3.092,0.77
-2.987,3.082
-3.019,0.193
3.104,3.214
3.088,2.884
-3.085,2.698
-3.121,2.678
3.034,2.419
2.986,1.357
2.908,0.959
2.9,1.03
2.846,1.922
2.764,0.401
2.596,1.649
2.681,2.818
2.568,3.402
2.661,1.502
2.528,0.319
2.599,0.427
2.31,1.338
2.16,0.225
2.129,0.641
2.225,2.894
1.933,0.859
1.768,3.146
1.583,2.243
1.592,0.431
1.571,0.06
1.406,2.78
1.208,2.315
0.943,1.366
0.703,0.214
0.622,1.556
0.601,3.271
-1.202,-0.605
-1.822,-0.733
-1.844,-0.834
-1.832,-0.927
-2.995,-0.646
3.135,-0.77
1.443,-0.816
0.673,-0.71
-1.282,3.321
-1.393,3.332
-1.66,3.378
-1.835,3.426
-1.983,3.313
0.944,3.222
0.22,0.344
0.227,1.565
-1.146,0.487
-1.99,3.304
2.246,1.836
1.98,0.463
1.492,0.326
0.508,-0.357
1.914,2.606
1.528,0.776
1.352,0.121
1.123,2.924
0.559,1.767
-2.82,1.813
1.898,0.901
1.936,0.336
-0.337,-0.563
-1.72,-0.542
1.544,-0.551
0.837,-0.535
0.443,-0.575
-1.069,-0.82
-2.023,-0.929
-2.939,-0.868
2.751,-1.127
2.156,-1.101
0.506,-1.025
0.066,0.323
0.042,-0.698
-0.013,-0.547
-0.046,1.657
-0.064,-0.957
0.016,2.481
-0.056,-0.149
-0.155,2.257
-0.181,1.057
-0.197,1.513
-0.187,1.84
-0.128,0.465
-0.22,1.139
-0.18,1.006
-0.267,0.122
-0.21,1.973
-0.358,2.361
-0.376,1.092
-0.384,1.443
-0.337,1.768
-0.472,0.921
-0.567,0.316
-0.682,0.302
-0.682,0.215
-0.731,1.473
-0.757,-0.084
-0.888,0.621
-0.874,2.127
-0.987,0.964
-0.938,1.161
-1.059,0.742
-1.15,-0.098
-1.166,0.798
-1.116,2.245
-1.186,2.064
-1.321,-0.288
-1.371,2.158
-1.459,1.505
-1.543,-0.607
-1.499,-0.077
-1.579,0.287
-1.559,-0.323
-1.661,1.472
-1.687,1.316
-1.894,0.014
-1.919,1.572
-1.885,0.77
-1.956,-0.603
-1.96,0.495
-1.928,1.323
-2.031,2.094
-2.094,1.663
-2.096,1.281
-2.128,0.059
-2.037,-1.021
-2.208,0.692
-2.162,0.396
-2.273,-0.806
-2.343,-0.391
-2.296,1.489
-2.499,-0.904
-2.533,-0.337
-2.653,2.166
-2.593,-0.066
-2.641,1.228
-2.663,0.768
-2.673,0.206
-2.682,0.562
-2.776,0.69
-2.726,-0.254
-2.815,2.588
-2.77,0.555
-2.77,-0.331
-2.863,-0.166
-2.975,1.249
-2.99,-0.254
-3.048,0.931
-2.985,1.79
-3.03,0.944
3.119,2.527
-3.099,-0.705
-3.129,0.359
3.132,1.359
3.103,0.262
3.03,0.858
2.988,0.327
3.034,0.375
2.934,2.024
2.991,0.514
2.917,0.231
2.886,1.348
2.855,-0.018
2.854,2.083
2.911,1.989
2.782,1.832
2.656,2.547
2.617,1.706
2.675,0.8
2.664,0.68
2.585,1.933
2.524,0.9
2.577,1.052
2.458,2.324
2.467,0.633
2.407,2.427
2.392,-0.457
2.399,1.073
2.209,-0.371
2.107,0.798
2.128,2.069
1.934,0.554
1.866,-1.012
1.842,1.164
1.76,2.097
1.792,0.92
1.705,-0.391
1.644,1.065
1.618,0.272
1.516,2.04
1.479,0.001
1.428,1.638
1.366,2.119
1.406,-0.633
1.339,2.295
1.331,-0.004
1.034,-0.494
1.062,0.809
0.968,0.216
0.977,-0.398
0.95,1.515
0.83,0.232
0.683,-0.831
0.657,-0.48
0.655,-0.796
0.527,0.827
0.467,1.662
0.478,0.613
0.47,0.213
0.441,0.938
0.515,-0.106
0.432,1.767
-1.846,-1.56
-2.16,-1.439
-2.488,-1.461
-2.758,-1.601
1.388,-1.498
1.324,-1.442
0.985,-1.539
0.983,-1.509
0.65,-1.563
0.521,-1.482
0.037,2.67
-0.315,2.708
-0.809,2.713
-1.715,2.58
-1.843,2.454
-2.452,2.508
-3.123,2.53
2.167,2.514
2.052,2.698
1.202,2.556
1.007,2.419
1.757,2.571
-2.696,-1.388
0.459,-0.128
0.465,-0.837
0.303,1.959
0.297,1.343
0.25,-0.696
0.189,-0.114
0.192,2.46
0.29,0.956
0.095,2.093
0.242,2.136
0.093,0.608
0.04,-0.749
0.045,2.371
0.164,0.123
0.048,1.74
0.118,0.729
0.114,-0.508
-0.083,2.331
0.042,0.739
-0.033,0.905
-0.025,2.097
-0.191,2.584
-0.044,0.587
-0.2,-0.845
-0.251,-0.146
-0.261,2.209
-0.15,1.059
-0.36,0.613
-0.273,1.556
-0.227,-0.435
-0.318,-0.562
-0.47,2.521
-0.339,1.825
-0.43,1.424
-0.563,1.19
-0.592,0.027
-0.711,-0.012
-0.933,1.143
-0.982,-0.472
-0.879,1.041
-0.956,-0.235
-1.25,2.468
-1.223,1.093
-1.372,-0.285
-1.365,0.946
-1.55,-1.151
-1.559,0.259
-1.447,1.468
-1.61,-0.538
-1.491,2.207
-1.506,-0.613
-1.525,-0.244
-1.606,1.012
-1.77,0.87
-1.732,1.161
-1.865,2.039
-1.962,0.279
-2.127,0.728
-2.029,2.218
-2.052,1.153
-2.17,0.781
-2.425,1.759
-2.334,1.537
-2.368,-0.183
-2.45,-0.688
-2.473,1.784
-2.592,2.236
-2.743,2.56
-2.676,0.852
-2.661,2.531
-2.676,-0.329
-2.927,1.06
-2.812,1.772
-2.985,0.024
-2.88,2.336
-2.912,-0.553
-3.072,2.468
-3.088,2.138
-2.978,1.952
-3.014,1.932
3.141,1.673
3.093,0.611
3.015,0.213
3.007,0.284
2.953,1.176
2.871,-0.345
2.703,0.903
2.788,2.072
2.675,2.656
2.768,0.756
2.635,-0.427
2.706,-0.319
2.417,0.592
2.267,-0.521
2.236,-0.105
2.332,2.148
2.04,0.113
1.875,2.4
1.69,1.497
1.699,-0.315
1.678,-0.686
1.513,2.034
1.315,1.569
1.05,0.62
0.81,-0.532
0.729,0.81
0.708,2.525
-1.095,-1.351
-1.715,-1.479
-1.737,-1.58
-1.725,-1.673
-2.888,-1.392
-3.041,-1.516
1.55,-1.562
0.78,-1.456
-1.175,2.575
-1.286,2.586
-1.553,2.632
-1.728,2.68
-1.876,2.567
1.051,2.476
0.327,-0.402
0.334,0.819
-1.039,-0.259
-1.883,2.558
2.353,1.09
2.087,-0.283
1.599,-0.42
0.615,-1.103
2.021,1.86
1.635,0.03
1.459,-0.625
1.23,2.178
0.666,1.021
-2.713,1.067
2.005,0.155
2.043,-0.41
-0.23,-1.309
-1.613,-1.288
1.651,-1.297
0.944,-1.281
0.55,-1.321
-0.962,-1.566
-1.916,-1.675
-2.832,-1.614
2.858,-1.873
2.263,-1.847
0.613,-1.771
-0.024,-1.021
-0.079,-0.87
-0.112,1.334
-0.13,-1.28
-0.05,2.158
-0.122,-0.472
-0.221,1.934
-0.247,0.734
-0.263,1.19
-0.253,1.517
-0.194,0.142
-0.286,0.816
-0.246,0.683
-0.333,-0.201
-0.276,1.65
-0.424,2.038
-0.442,0.769
-0.45,1.12
-0.403,1.445
-0.538,0.598
-0.633,-0.007
-0.748,-0.021
-0.748,-0.108
-0.797,1.15
-0.823,-0.407
-0.954,0.298
-0.94,1.804
-1.053,0.641
-1.004,0.838
-1.125,0.419
-1.216,-0.421
-1.232,0.475
-1.182,1.922
-1.252,1.741
-1.387,-0.611
-1.437,1.835
-1.525,1.182
-1.609,-0.93
-1.565,-0.4
-1.645,-0.036
-1.625,-0.646
-1.727,1.149
-1.753,0.993
-1.96,-0.309
-1.985,1.249
-1.951,0.447
-2.022,-0.926
-2.026,0.172
-1.994,1.0
-2.097,1.771
-2.16,1.34
-2.162,0.958
-2.194,-0.264
-2.103,-1.344
-2.274,0.369
-2.228,0.073
-2.339,-1.129
-2.409,-0.714
-2.362,1.166
-2.565,-1.227
-2.599,-0.66
-2.719,1.843
-2.659,-0.389
-2.707,0.905
-2.729,0.445
-2.739,-0.117
-2.748,0.239
-2.842,0.367
-2.792,-0.577
-2.881,2.265
-2.836,0.232
-2.836,-0.654
-2.929,-0.489
-3.041,0.926
-3.056,-0.577
-3.114,0.608
-3.051,1.467
-3.096,0.621
3.053,2.204
3.118,-1.028
3.088,0.036
3.066,1.036
3.037,-0.061
2.964,0.535
2.922,0.004
2.968,0.052
2.868,1.701
2.925,0.191
2.851,-0.092
2.82,1.025
2.789,-0.341
2.788,1.76
2.845,1.666
2.716,1.509
2.59,2.224
2.551,1.383
2.609,0.477
2.598,0.357
2.519,1.61
2.458,0.577
2.511,0.729
2.392,2.001
2.401,0.31
2.341,2.104
2.326,-0.78
2.333,0.75
2.143,-0.694
2.041,0.475
2.062,1.746
1.868,0.231
1.8,-1.335
1.776,0.841
1.694,1.774
1.726,0.597
1.639,-0.714
1.578,0.742
1.552,-0.051
1.45,1.717
1.413,-0.322
1.362,1.315
1.3,1.796
1.34,-0.956
1.273,1.972
1.265,-0.327
0.968,-0.817
0.996,0.486
0.902,-0.107
0.911,-0.721
0.884,1.192
0.764,-0.091
0.617,-1.154
0.591,-0.803
0.589,-1.119
0.461,0.504
0.401,1.339
0.412,0.29
0.404,-0.11
0.375,0.615
0.449,-0.429
0.366,1.444
-1.912,-1.883
-2.226,-1.762
-2.554,-1.784
-2.824,-1.924
1.322,-1.821
1.258,-1.765
0.919,-1.862
0.917,-1.832
0.584,-1.886
0.455,-1.805
-0.029,2.347
-0.381,2.385
-0.875,2.39
-1.781,2.257
-1.909,2.131
-2.518,2.185
3.094,2.207
2.101,2.191
1.986,2.375
1.136,2.233
0.941,2.096
1.691,2.248
-2.762,-1.711
0.393,-0.451
0.399,-1.16
0.237,1.636
0.231,1.02
0.184,-1.019
0.123,-0.437
0.126,2.137
0.224,0.633
0.029,1.77
0.176,1.813
0.027,0.285
-0.026,-1.072
-0.021,2.048
0.098,-0.2
-0.018,1.417
0.052,0.406
0.048,-0.831
-0.149,2.008
-0.024,0.416
-0.099,0.582
-0.091,1.774
-0.257,2.261
-0.11,0.264
-0.266,-1.168
-0.317,-0.469
-0.327,1.886
-0.216,0.736
-0.426,0.29
-0.339,1.233
-0.293,-0.758
-0.384,-0.885
-0.536,2.198
-0.405,1.502
-0.496,1.101
-0.629,0.867
-0.658,-0.296
-0.777,-0.335
-0.999,0.82
-1.048,-0.795
-0.945,0.718
-1.022,-0.558
-1.316,2.145
-1.289,0.77
-1.438,-0.608
-1.431,0.623
-1.616,-1.474
-1.625,-0.064
-1.513,1.145
-1.676,-0.861
-1.557,1.884
-1.572,-0.936
-1.591,-0.567
-1.672,0.689
-1.836,0.547
-1.798,0.838
-1.931,1.716
-2.028,-0.044
-2.193,0.405
-2.095,1.895
-2.118,0.83
-2.236,0.458
-2.491,1.436
-2.4,1.214
-2.434,-0.506
-2.516,-1.011
-2.539,1.461
-2.658,1.913
-2.809,2.237
-2.742,0.529
-2.727,2.208
-2.742,-0.652
-2.993,0.737
-2.878,1.449
-3.051,-0.299
-2.946,2.013
-2.978,-0.876
-3.138,2.145
3.129,1.815
-3.044,1.629
-3.08,1.609
3.075,1.35
3.027,0.288
2.949,-0.11
2.941,-0.039
2.887,0.853
2.805,-0.668
2.637,0.58
2.722,1.749
2.609,2.333
2.702,0.433
2.569,-0.75
2.64,-0.642
2.351,0.269
2.201,-0.844
2.17,-0.428
2.266,1.825
1.974,-0.21
1.809,2.077
1.624,1.174
1.633,-0.638
1.612,-1.009
1.447,1.711
1.249,1.246
0.984,0.297
0.744,-0.855
0.663,0.487
0.642,2.202
-1.161,-1.674
-1.781,-1.802
-1.803,-1.903
-1.791,-1.996
-2.954,-1.715
-3.107,-1.839
1.484,-1.885
0.714,-1.779
-1.241,2.252
-1.352,2.263
-1.619,2.309
-1.794,2.357
-1.942,2.244
0.985,2.153
0.261,-0.725
0.268,0.496
-1.105,-0.582
-1.949,2.235
2.287,0.767
2.021,-0.606
1.533,-0.743
0.549,-1.426
1.955,1.537
1.569,-0.293
1.393,-0.948
1.164,1.855
0.6,0.698
-2.779,0.744
1.939,-0.168
1.977,-0.733
-0.296,-1.632
-1.679,-1.611
1.585,-1.62
0.878,-1.604
0.484,-1.644
-1.028,-1.889
-1.982,-1.998
-2.898,-1.937
2.792,-2.196
2.197,-2.17
0.547,-2.094
-0.055,0.151
-0.088,2.355
-0.106,-0.259
-0.026,3.179
-0.098,0.549
-0.197,2.955
-0.223,1.755
-0.239,2.211
-0.229,2.538
-0.17,1.163
-0.262,1.837
-0.222,1.704
-0.309,0.82
-0.252,2.671
-0.4,3.059
-0.418,1.79
-0.426,2.141
-0.379,2.466
-0.514,1.619
-0.609,1.014
-0.724,1.0
-0.724,0.913
-0.773,2.171
-0.799,0.614
-0.93,1.319
-0.916,2.825
-1.029,1.662
-0.98,1.859
-1.101,1.44
-1.192,0.6
-1.208,1.496
-1.158,2.943
-1.228,2.762
-1.363,0.41
-1.413,2.856
-1.501,2.203
-1.585,0.091
-1.541,0.621
-1.621,0.985
-1.601,0.375
-1.703,2.17
-1.729,2.014
-1.936,0.712
-1.961,2.27
-1.927,1.468
-1.998,0.095
-2.002,1.193
-1.97,2.021
-2.073,2.792
-2.136,2.361
-2.138,1.979
-2.17,0.757
-2.079,-0.323
-2.25,1.39
-2.204,1.094
-2.315,-0.108
-2.385,0.307
-2.338,2.187
-2.541,-0.206
-2.575,0.361
-2.695,2.864
-2.635,0.632
-2.683,1.926
-2.705,1.466
-2.715,0.904
-2.724,1.26
-2.818,1.388
-2.768,0.444
-2.857,3.286
-2.812,1.253
-2.812,0.367
-2.905,0.532
-3.017,1.947
-3.032,0.444
-3.09,1.629
-3.027,2.488
-3.072,1.642
3.077,3.225
-3.141,-0.007
3.112,1.057
3.09,2.057
3.061,0.96
2.988,1.556
2.946,1.025
2.992,1.073
2.892,2.722
2.949,1.212
2.875,0.929
2.844,2.046
2.813,0.68
2.812,2.781
2.869,2.687
2.74,2.53
2.614,3.245
2.575,2.404
2.633,1.498
2.622,1.378
2.543,2.631
2.482,1.598
2.535,1.75
2.416,3.022
2.425,1.331
2.365,3.125
2.35,0.241
2.357,1.771
2.167,0.327
2.065,1.496
2.086,2.767
1.892,1.252
1.824,-0.314
1.8,1.862
1.718,2.795
1.75,1.618
1.663,0.307
1.602,1.763
1.576,0.97
1.474,2.738
1.437,0.699
1.386,2.336
1.324,2.817
1.364,0.065
1.297,2.993
1.289,0.694
0.992,0.204
1.02,1.507
0.926,0.914
0.935,0.3
0.908,2.213
0.788,0.93
0.641,-0.133
0.615,0.218
0.613,-0.098
0.485,1.525
0.425,2.36
0.436,1.311
0.428,0.911
0.399,1.636
0.473,0.592
0.39,2.465
-1.888,-0.862
-2.202,-0.741
-2.53,-0.763
-2.8,-0.903
1.346,-0.8
1.282,-0.744
0.943,-0.841
0.941,-0.811
0.608,-0.865
0.479,-0.784
-0.005,3.368
-0.357,3.406
-0.851,3.411
-1.757,3.278
-1.885,3.152
-2.494,3.206
3.118,3.228
2.125,3.212
2.01,3.396
1.16,3.254
0.965,3.117
1.715,3.269
-2.738,-0.69
0.417,0.57
0.423,-0.139
0.261,2.657
0.255,2.041
0.208,0.002
0.147,0.584
0.15,3.158
0.248,1.654
0.053,2.791
0.2,2.834
0.051,1.306
-0.002,-0.051
0.003,3.069
0.122,0.821
0.006,2.438
0.076,1.427
0.072,0.19
-0.125,3.029
0.0,1.437
-0.075,1.603
-0.067,2.795
-0.233,3.282
-0.086,1.285
-0.242,-0.147
-0.293,0.552
-0.303,2.907
-0.192,1.757
-0.402,1.311
-0.315,2.254
-0.269,0.263
-0.36,0.136
-0.512,3.219
-0.381,2.523
-0.472,2.122
-0.605,1.888
-0.634,0.725
-0.753,0.686
-0.975,1.841
-1.024,0.226
-0.921,1.739
-0.998,0.463
-1.292,3.166
-1.265,1.791
-1.414,0.413
-1.407,1.644
-1.592,-0.453
-1.601,0.957
-1.489,2.166
-1.652,0.16
-1.533,2.905
-1.548,0.085
-1.567,0.454
-1.648,1.71
-1.812,1.568
-1.774,1.859
-1.907,2.737
-2.004,0.977
-2.169,1.426
-2.071,2.916
-2.094,1.851
-2.212,1.479
-2.467,2.457
-2.376,2.235
-2.41,0.515
-2.492,0.01
-2.515,2.482
-2.634,2.934
-2.785,3.258
-2.718,1.55
-2.703,3.229
-2.718,0.369
-2.969,1.758
-2.854,2.47
-3.027,0.722
-2.922,3.034
-2.954,0.145
-3.114,3.166
-3.13,2.836
-3.02,2.65
-3.056,2.63
3.099,2.371
3.051,1.309
2.973,0.911
2.965,0.982
2.911,1.874
2.829,0.353
2.661,1.601
2.746,2.77
2.633,3.354
2.726,1.454
2.593,0.271
2.664,0.379
2.375,1.29
2.225,0.177
2.194,0.593
2.29,2.846
1.998,0.811
1.833,3.098
1.648,2.195
1.657,0.383
1.636,0.012
1.471,2.732
1.273,2.267
1.008,1.318
0.768,0.166
0.687,1.508
0.666,3.223
-1.137,-0.653
-1.757,-0.781
-1.779,-0.882
-1.767,-0.975
-2.93,-0.694
-3.083,-0.818
1.508,-0.864
0.738,-0.758
-1.217,3.273
-1.328,3.284
-1.595,3.33
-1.77,3.378
-1.918,3.265
1.009,3.174
0.285,0.296
0.292,1.517
-1.081,0.439
-1.925,3.256
2.311,1.788
2.045,0.415
1.557,0.278
0.573,-0.405
1.979,2.558
1.593,0.728
1.417,0.073
1.188,2.876
0.624,1.719
-2.755,1.765
1.963,0.853
2.001,0.288
-0.272,-0.611
-1.655,-0.59
1.609,-0.599
0.902,-0.583
0.508,-0.623
-1.004,-0.868
-1.958,-0.977
-2.874,-0.916
2.816,-1.175
2.221,-1.149
0.571,-1.073
-0.033,2.204
-0.051,-0.41
0.029,3.028
-0.043,0.398
-0.142,2.804
-0.168,1.604
-0.184,2.06
-0.174,2.387
-0.115,1.012
-0.207,1.686
-0.167,1.553
-0.254,0.669
-0.197,2.52
-0.345,2.908
-0.363,1.639
-0.371,1.99
-0.324,2.315
-0.459,1.468
-0.554,0.863
-0.669,0.849
-0.669,0.762
-0.718,2.02
-0.744,0.463
-0.875,1.168
-0.861,2.674
-0.974,1.511
-0.925,1.708
-1.046,1.289
-1.137,0.449
-1.153,1.345
-1.103,2.792
-1.173,2.611
-1.308,0.259
-1.358,2.705
-1.446,2.052
-1.53,-0.06
-1.486,0.47
-1.566,0.834
-1.546,0.224
-1.648,2.019
-1.674,1.863
-1.881,0.561
-1.906,2.119
-1.872,1.317
-1.943,-0.056
-1.947,1.042
-1.915,1.87
-2.018,2.641
-2.081,2.21
-2.083,1.828
-2.115,0.606
-2.024,-0.474
-2.195,1.239
-2.149,0.943
-2.26,-0.259
-2.33,0.156
-2.283,2.036
-2.486,-0.357
-2.52,0.21
-2.64,2.713
-2.58,0.481
-2.628,1.775
-2.65,1.315
-2.66,0.753
-2.669,1.109
-2.763,1.237
-2.713,0.293
-2.802,3.135
-2.757,1.102
-2.757,0.216
-2.85,0.381
-2.962,1.796
-2.977,0.293
-3.035,1.478
-2.972,2.337
-3.017,1.491
3.132,3.074
-3.086,-0.158
-3.116,0.906
-3.138,1.906
3.116,0.809
3.043,1.405
3.001,0.874
3.047,0.922
2.947,2.571
3.004,1.061
2.93,0.778
2.899,1.895
2.868,0.529
2.867,2.63
2.924,2.536
2.795,2.379
2.669,3.094
2.63,2.253
2.688,1.347
2.677,1.227
2.598,2.48
2.537,1.447
2.59,1.599
2.471,2.871
2.48,1.18
2.42,2.974
2.405,0.09
2.412,1.62
2.222,0.176
2.12,1.345
2.141,2.616
1.947,1.101
1.879,-0.465
1.855,1.711
1.773,2.644
1.805,1.467
1.718,0.156
1.657,1.612
1.631,0.819
1.529,2.587
1.492,0.548
1.441,2.185
1.379,2.666
1.419,-0.086
1.352,2.842
1.344,0.543
1.047,0.053
1.075,1.356
0.981,0.763
0.99,0.149
0.963,2.062
0.843,0.779
0.696,-0.284
0.67,0.067
0.668,-0.249
0.54,1.374
0.48,2.209
0.491,1.16
0.483,0.76
0.454,1.485
0.528,0.441
0.445,2.314
-1.833,-1.013
-2.147,-0.892
-2.475,-0.914
-2.745,-1.054
1.401,-0.951
1.337,-0.895
0.998,-0.992
0.996,-0.962
0.663,-1.016
0.534,-0.935
0.05,3.217
-0.302,3.255
-0.796,3.26
-1.702,3.127
-1.83,3.001
-2.439,3.055
-3.11,3.077
2.18,3.061
2.065,3.245
1.215,3.103
1.02,2.966
1.77,3.118
-2.683,-0.841
0.472,0.419
0.478,-0.29
0.316,2.506
0.31,1.89
0.263,-0.149
0.202,0.433
0.205,3.007
0.303,1.503
0.108,2.64
0.255,2.683
0.106,1.155
0.053,-0.202
0.058,2.918
0.177,0.67
0.061,2.287
0.131,1.276
0.127,0.039
-0.07,2.878
0.055,1.286
-0.02,1.452
-0.012,2.644
-0.178,3.131
-0.031,1.134
-0.187,-0.298
-0.238,0.401
-0.248,2.756
-0.137,1.606
-0.347,1.16
-0.26,2.103
-0.214,0.112
-0.305,-0.015
-0.457,3.068
-0.326,2.372
-0.417,1.971
-0.55,1.737
-0.579,0.574
-0.698,0.535
-0.92,1.69
-0.969,0.075
-0.866,1.588
-0.943,0.312
-1.237,3.015
-1.21,1.64
-1.359,0.262
-1.352,1.493
-1.537,-0.604
-1.546,0.806
-1.434,2.015
-1.597,0.009
-1.478,2.754
-1.493,-0.066
-1.512,0.303
-1.593,1.559
-1.757,1.417
-1.719,1.708
-1.852,2.586
-1.949,0.826
-2.114,1.275
-2.016,2.765
-2.039,1.7
-2.157,1.328
-2.412,2.306
-2.321,2.084
-2.355,0.364
-2.437,-0.141
-2.46,2.331
-2.579,2.783
-2.73,3.107
-2.663,1.399
-2.648,3.078
-2.663,0.218
-2.914,1.607
-2.799,2.319
-2.972,0.571
-2.867,2.883
-2.899,-0.006
-3.059,3.015
-3.075,2.685
-2.965,2.499
-3.001,2.479
-3.129,2.22
3.106,1.158
3.028,0.76
3.02,0.831
2.966,1.723
2.884,0.202
2.716,1.45
2.801,2.619
2.688,3.203
2.781,1.303
2.648,0.12
2.719,0.228
2.43,1.139
2.28,0.026
2.249,0.442
2.345,2.695
2.053,0.66
1.888,2.947
1.703,2.044
1.712,0.232
1.691,-0.139
1.526,2.581
1.328,2.116
1.063,1.167
0.823,0.015
0.742,1.357
0.721,3.072
-1.082,-0.804
-1.702,-0.932
-1.724,-1.033
-1.712,-1.126
-2.875,-0.845
-3.028,-0.969
1.563,-1.015
0.793,-0.909
-1.162,3.122
-1.273,3.133
-1.54,3.179
-1.715,3.227
-1.863,3.114
1.064,3.023
0.34,0.145
0.347,1.366
-1.026,0.288
-1.87,3.105
2.366,1.637
2.1,0.264
1.612,0.127
0.628,-0.556
2.034,2.407
1.648,0.577
1.472,-0.078
1.243,2.725
0.679,1.568
-2.7,1.614
2.018,0.702
2.056,0.137
-0.217,-0.762
-1.6,-0.741
1.664,-0.75
0.957,-0.734
0.563,-0.774
-0.949,-1.019
-1.903,-1.128
-2.819,-1.067
2.871,-1.326
2.276,-1.3
0.626,-1.224
-0.018,-2.614
0.062,0.824
-0.01,-1.806
-0.109,0.6
-0.135,-0.6
-0.151,-0.144
-0.141,0.183
-0.082,-1.192
-0.174,-0.518
-0.134,-0.651
-0.221,-1.535
-0.164,0.316
-0.312,0.704
-0.33,-0.565
-0.338,-0.214
-0.291,0.111
-0.426,-0.736
-0.521,-1.341
-0.636,-1.355
-0.636,-1.442
-0.685,-0.184
-0.711,-1.741
-0.842,-1.036
-0.828,0.47
-0.941,-0.693
-0.892,-0.496
-1.013,-0.915
-1.104,-1.755
-1.12,-0.859
-1.07,0.588
-1.14,0.407
-1.275,-1.945
-1.325,0.501
-1.413,-0.152
-1.497,-2.264
-1.453,-1.734
-1.533,-1.37
-1.513,-1.98
-1.615,-0.185
-1.641,-0.341
-1.848,-1.643
-1.873,-0.085
-1.839,-0.887
-1.91,-2.26
-1.914,-1.162
-1.882,-0.334
-1.985,0.437
-2.048,0.006
-2.05,-0.376
-2.082,-1.598
-1.991,-2.678
-2.162,-0.965
-2.116,-1.261
-2.227,-2.463
-2.297,-2.048
-2.25,-0.168
-2.453,-2.561
-2.487,-1.994
-2.607,0.509
-2.547,-1.723
-2.595,-0.429
-2.617,-0.889
-2.627,-1.451
-2.636,-1.095
-2.73,-0.967
-2.68,-1.911
-2.769,0.931
-2.724,-1.102
-2.724,-1.988
-2.817,-1.823
-2.929,-0.408
-2.944,-1.911
-3.002,-0.726
-2.939,0.133
-2.984,-0.713
-3.118,0.87
-3.053,-2.362
-3.083,-1.298
-3.105,-0.298
-3.134,-1.395
3.076,-0.799
3.034,-1.33
3.08,-1.282
2.98,0.367
3.037,-1.143
2.963,-1.426
2.932,-0.309
2.901,-1.675
2.9,0.426
2.957,0.332
2.828,0.175
2.702,0.89
2.663,0.049
2.721,-0.857
2.71,-0.977
2.631,0.276
2.57,-0.757
2.623,-0.605
2.504,0.667
2.513,-1.024
2.453,0.77
2.438,-2.114
2.445,-0.584
2.255,-2.028
2.153,-0.859
2.174,0.412
1.98,-1.103
1.912,-2.669
1.888,-0.493
1.806,0.44
1.838,-0.737
1.751,-2.048
1.69,-0.592
1.664,-1.385
1.562,0.383
1.525,-1.656
1.474,-0.019
1.412,0.462
1.452,-2.29
1.385,0.638
1.377,-1.661
1.08,-2.151
1.108,-0.848
1.014,-1.441
1.023,-2.055
0.996,-0.142
0.876,-1.425
0.729,-2.488
0.703,-2.137
0.701,-2.453
0.573,-0.83
0.513,0.005
0.524,-1.044
0.516,-1.444
0.487,-0.719
0.561,-1.763
0.478,0.11
-1.8,-3.217
-2.114,-3.096
-2.442,-3.118
-2.712,-3.258
1.434,-3.155
1.37,-3.099
1.031,-3.196
1.029,-3.166
0.696,-3.22
0.567,-3.139
0.083,1.013
-0.269,1.051
-0.763,1.056
-1.669,0.923
-1.797,0.797
-2.406,0.851
-3.077,0.873
2.213,0.857
2.098,1.041
1.248,0.899
1.053,0.762
1.803,0.914
-2.65,-3.045
0.505,-1.785
0.511,-2.494
0.349,0.302
0.343,-0.314
0.296,-2.353
0.235,-1.771
0.238,0.803
0.336,-0.701
0.141,0.436
0.288,0.479
0.139,-1.049
0.086,-2.406
0.091,0.714
0.21,-1.534
0.094,0.083
0.164,-0.928
0.16,-2.165
-0.037,0.674
0.088,-0.918
0.013,-0.752
0.021,0.44
-0.145,0.927
0.002,-1.07
-0.154,-2.502
-0.205,-1.803
-0.215,0.552
-0.104,-0.598
-0.314,-1.044
-0.227,-0.101
-0.181,-2.092
-0.272,-2.219
-0.424,0.864
-0.293,0.168
-0.384,-0.233
-0.517,-0.467
-0.546,-1.63
-0.665,-1.669
-0.887,-0.514
-0.936,-2.129
-0.833,-0.616
-0.91,-1.892
-1.204,0.811
-1.177,-0.564
-1.326,-1.942
-1.319,-0.711
-1.504,-2.808
-1.513,-1.398
-1.401,-0.189
-1.564,-2.195
-1.445,0.55
-1.46,-2.27
-1.479,-1.901
-1.56,-0.645
-1.724,-0.787
-1.686,-0.496
-1.819,0.382
-1.916,-1.378
-2.081,-0.929
-1.983,0.561
-2.006,-0.504
-2.124,-0.876
-2.379,0.102
-2.288,-0.12
-2.322,-1.84
-2.404,-2.345
-2.427,0.127
-2.546,0.579
-2.697,0.903
-2.63,-0.805
-2.615,0.874
-2.63,-1.986
-2.881,-0.597
-2.766,0.115
-2.939,-1.633
-2.834,0.679
-2.866,-2.21
-3.026,0.811
-3.042,0.481
-2.932,0.295
-2.968,0.275
-3.096,0.016
3.139,-1.046
3.061,-1.444
3.053,-1.373
2.999,-0.481
2.917,-2.002
2.749,-0.754
2.834,0.415
2.721,0.999
2.814,-0.901
2.681,-2.084
2.752,-1.976
2.463,-1.065
2.313,-2.178
2.282,-1.762
2.378,0.491
2.086,-1.544
1.921,0.743
1.736,-0.16
1.745,-1.972
1.724,-2.343
1.559,0.377
1.361,-0.088
1.096,-1.037
0.856,-2.189
0.775,-0.847
0.754,0.868
-1.049,-3.008
-1.669,-3.136
-1.691,-3.237
-1.679,-3.33
-2.842,-3.049
-2.995,-3.173
1.596,-3.219
0.826,-3.113
-1.129,0.918
-1.24,0.929
-1.507,0.975
-1.682,1.023
-1.83,0.91
1.097,0.819
0.373,-2.059
0.38,-0.838
-0.993,-1.916
-1.837,0.901
2.399,-0.567
2.133,-1.94
1.645,-2.077
0.661,-2.76
2.067,0.203
1.681,-1.627
1.505,-2.282
1.276,0.521
0.712,-0.636
-2.667,-0.59
2.051,-1.502
2.089,-2.067
-0.184,-2.966
-1.567,-2.945
1.697,-2.954
0.99,-2.938
0.596,-2.978
-0.916,-3.223
-1.87,-3.332
-2.786,-3.271
2.904,-3.53
2.309,-3.504
0.659,-3.428
0.08,3.438
0.008,0.808
-0.091,3.214
-0.117,2.014
-0.133,2.47
-0.123,2.797
-0.064,1.422
-0.156,2.096
-0.116,1.963
-0.203,1.079
-0.146,2.93
-0.294,3.318
-0.312,2.049
-0.32,2.4
-0.273,2.725
-0.408,1.878
-0.503,1.273
-0.618,1.259
-0.618,1.172
-0.667,2.43
-0.693,0.873
-0.824,1.578
-0.81,3.084
-0.923,1.921
-0.874,2.118
-0.995,1.699
-1.086,0.859
-1.102,1.755
-1.052,3.202
-1.122,3.021
-1.257,0.669
-1.307,3.115
-1.395,2.462
-1.479,0.35
-1.435,0.88
-1.515,1.244
-1.495,0.634
-1.597,2.429
-1.623,2.273
-1.83,0.971
-1.855,2.529
-1.821,1.727
-1.892,0.354
-1.896,1.452
-1.864,2.28
-1.967,3.051
-2.03,2.62
-2.032,2.238
-2.064,1.016
-1.973,-0.064
-2.144,1.649
-2.098,1.353
-2.209,0.151
-2.279,0.566
-2.232,2.446
-2.435,0.053
-2.469,0.62
-2.589,3.123
-2.529,0.891
-2.577,2.185
-2.599,1.725
-2.609,1.163
-2.618,1.519
-2.712,1.647
-2.662,0.703
-2.751,3.545
-2.706,1.512
-2.706,0.626
-2.799,0.791
-2.911,2.206
-2.926,0.703
-2.984,1.888
-2.921,2.747
-2.966,1.901
-3.1,3.484
-3.035,0.252
-3.065,1.316
-3.087,2.316
-3.116,1.219
3.094,1.815
3.052,1.284
3.098,1.332
2.998,2.981
3.055,1.471
2.981,1.188
2.95,2.305
2.919,0.939
2.918,3.04
2.975,2.946
2.846,2.789
2.72,3.504
2.681,2.663
2.739,1.757
2.728,1.637
2.649,2.89
2.588,1.857
2.641,2.009
2.522,3.281
2.531,1.59
2.471,3.384
2.456,0.5
2.463,2.03
2.273,0.586
2.171,1.755
2.192,3.026
1.998,1.511
1.93,-0.055
1.906,2.121
1.824,3.054
1.856,1.877
1.769,0.566
1.708,2.022
1.682,1.229
1.58,2.997
1.543,0.958
1.492,2.595
1.43,3.076
1.47,0.324
1.403,3.252
1.395,0.953
1.098,0.463
1.126,1.766
1.032,1.173
1.041,0.559
1.014,2.472
0.894,1.189
0.747,0.126
0.721,0.477
0.719,0.161
0.591,1.784
0.531,2.619
0.542,1.57
0.534,1.17
0.505,1.895
0.579,0.851
0.496,2.724
-1.782,-0.603
-2.096,-0.482
-2.424,-0.504
-2.694,-0.644
1.452,-0.541
1.388,-0.485
1.049,-0.582
1.047,-0.552
0.714,-0.606
0.585,-0.525
0.101,3.627
-0.251,3.665
-0.745,3.67
-1.651,3.537
-1.779,3.411
-2.388,3.465
-3.059,3.487
2.231,3.471
2.116,3.655
1.266,3.513
1.071,3.376
1.821,3.528
-2.632,-0.431
0.523,0.829
0.529,0.12
0.367,2.916
0.361,2.3
0.314,0.261
0.253,0.843
0.256,3.417
0.354,1.913
0.159,3.05
0.306,3.093
0.157,1.565
0.104,0.208
0.109,3.328
0.228,1.08
0.112,2.697
0.182,1.686
0.178,0.449
-0.019,3.288
0.106,1.696
0.031,1.862
0.039,3.054
-0.127,3.541
0.02,1.544
-0.136,0.112
-0.187,0.811
-0.197,3.166
-0.086,2.016
-0.296,1.57
-0.209,2.513
-0.163,0.522
-0.254,0.395
-0.406,3.478
-0.275,2.782
-0.366,2.381
-0.499,2.147
-0.528,0.984
-0.647,0.945
-0.869,2.1
-0.918,0.485
-0.815,1.998
-0.892,0.722
-1.186,3.425
-1.159,2.05
-1.308,0.672
-1.301,1.903
-1.486,-0.194
-1.495,1.216
-1.383,2.425
-1.546,0.419
-1.427,3.164
-1.442,0.344
-1.461,0.713
-1.542,1.969
-1.706,1.827
-1.668,2.118
-1.801,2.996
-1.898,1.236
-2.063,1.685
-1.965,3.175
-1.988,2.11
-2.106,1.738
-2.361,2.716
-2.27,2.494
-2.304,0.774
-2.386,0.269
-2.409,2.741
-2.528,3.193
-2.679,3.517
-2.612,1.809
-2.597,3.488
-2.612,0.628
-2.863,2.017
-2.748,2.729
-2.921,0.981
-2.816,3.293
-2.848,0.404
-3.008,3.425
-3.024,3.095
-2.914,2.909
-2.95,2.889
-3.078,2.63
-3.126,1.568
3.079,1.17
3.071,1.241
3.017,2.133
2.935,0.612
2.767,1.86
2.852,3.029
2.739,3.613
2.832,1.713
2.699,0.53
2.77,0.638
2.481,1.549
2.331,0.436
2.3,0.852
2.396,3.105
2.104,1.07
1.939,3.357
1.754,2.454
1.763,0.642
1.742,0.271
1.577,2.991
1.379,2.526
1.114,1.577
0.874,0.425
0.793,1.767
0.772,3.482
-1.031,-0.394
-1.651,-0.522
-1.673,-0.623
-1.661,-0.716
-2.824,-0.435
-2.977,-0.559
1.614,-0.605
0.844,-0.499
-1.111,3.532
-1.222,3.543
-1.489,3.589
-1.664,3.637
-1.812,3.524
1.115,3.433
0.391,0.555
0.398,1.776
-0.975,0.698
-1.819,3.515
2.417,2.047
2.151,0.674
1.663,0.537
0.679,-0.146
2.085,2.817
1.699,0.987
1.523,0.332
1.294,3.135
0.73,1.978
-2.649,2.024
2.069,1.112
2.107,0.547
-0.166,-0.352
-1.549,-0.331
1.715,-0.34
1.008,-0.324
0.614,-0.364
-0.898,-0.609
-1.852,-0.718
-2.768,-0.657
2.922,-0.916
2.327,-0.89
0.677,-0.814
-0.072,-2.63
-0.171,-0.224
-0.197,-1.424
-0.213,-0.968
-0.203,-0.641
-0.144,-2.016
-0.236,-1.342
-0.196,-1.475
-0.283,-2.359
-0.226,-0.508
-0.374,-0.12
-0.392,-1.389
-0.4,-1.038
-0.353,-0.713
-0.488,-1.56
-0.583,-2.165
-0.698,-2.179
-0.698,-2.266
-0.747,-1.008
-0.773,-2.565
-0.904,-1.86
-0.89,-0.354
-1.003,-1.517
-0.954,-1.32
-1.075,-1.739
-1.166,-2.579
-1.182,-1.683
-1.132,-0.236
-1.202,-0.417
-1.337,-2.769
-1.387,-0.323
-1.475,-0.976
-1.559,-3.088
-1.515,-2.558
-1.595,-2.194
-1.575,-2.804
-1.677,-1.009
-1.703,-1.165
-1.91,-2.467
-1.935,-0.909
-1.901,-1.711
-1.972,-3.084
-1.976,-1.986
-1.944,-1.158
-2.047,-0.387
-2.11,-0.818
-2.112,-1.2
-2.144,-2.422
-2.053,-3.502
-2.224,-1.789
-2.178,-2.085
-2.289,-3.287
-2.359,-2.872
-2.312,-0.992
-2.515,-3.385
-2.549,-2.818
-2.669,-0.315
-2.609,-2.547
-2.657,-1.253
-2.679,-1.713
-2.689,-2.275
-2.698,-1.919
-2.792,-1.791
-2.742,-2.735
-2.831,0.107
-2.786,-1.926
-2.786,-2.812
-2.879,-2.647
-2.991,-1.232
-3.006,-2.735
-3.064,-1.55
-3.001,-0.691
-3.046,-1.537
3.103,0.046
-3.115,-3.186
3.138,-2.122
3.116,-1.122
3.087,-2.219
3.014,-1.623
2.972,-2.154
3.018,-2.106
2.918,-0.457
2.975,-1.967
2.901,-2.25
2.87,-1.133
2.839,-2.499
2.838,-0.398
2.895,-0.492
2.766,-0.649
2.64,0.066
2.601,-0.775
2.659,-1.681
2.648,-1.801
2.569,-0.548
2.508,-1.581
2.561,-1.429
2.442,-0.157
2.451,-1.848
2.391,-0.054
2.376,-2.938
2.383,-1.408
2.193,-2.852
2.091,-1.683
2.112,-0.412
1.918,-1.927
1.85,-3.493
1.826,-1.317
1.744,-0.384
1.776,-1.561
1.689,-2.872
1.628,-1.416
1.602,-2.209
1.5,-0.441
1.463,-2.48
1.412,-0.843
1.35,-0.362
1.39,-3.114
1.323,-0.186
1.315,-2.485
1.018,-2.975
1.046,-1.672
0.952,-2.265
0.961,-2.879
0.934,-0.966
0.814,-2.249
0.667,-3.312
0.641,-2.961
0.639,-3.277
0.511,-1.654
0.451,-0.819
0.462,-1.868
0.454,-2.268
0.425,-1.543
0.499,-2.587
0.416,-0.714
-1.862,-4.041
-2.176,-3.92
-2.504,-3.942
-2.774,-4.082
1.372,-3.979
1.308,-3.923
0.969,-4.02
0.967,-3.99
0.634,-4.044
0.505,-3.963
0.021,0.189
-0.331,0.227
-0.825,0.232
-1.731,0.099
-1.859,-0.027
-2.468,0.027
-3.139,0.049
2.151,0.033
2.036,0.217
1.186,0.075
0.991,-0.062
1.741,0.09
-2.712,-3.869
0.443,-2.609
0.449,-3.318
0.287,-0.522
0.281,-1.138
0.234,-3.177
0.173,-2.595
0.176,-0.021
0.274,-1.525
0.079,-0.388
0.226,-0.345
0.077,-1.873
0.024,-3.23
0.029,-0.11
0.148,-2.358
0.032,-0.741
0.102,-1.752
0.098,-2.989
-0.099,-0.15
0.026,-1.742
-0.049,-1.576
-0.041,-0.384
-0.207,0.103
-0.06,-1.894
-0.216,-3.326
-0.267,-2.627
-0.277,-0.272
-0.166,-1.422
-0.376,-1.868
-0.289,-0.925
-0.243,-2.916
-0.334,-3.043
-0.486,0.04
-0.355,-0.656
-0.446,-1.057
-0.579,-1.291
-0.608,-2.454
-0.727,-2.493
-0.949,-1.338
-0.998,-2.953
-0.895,-1.44
-0.972,-2.716
-1.266,-0.013
-1.239,-1.388
-1.388,-2.766
-1.381,-1.535
-1.566,-3.632
-1.575,-2.222
-1.463,-1.013
-1.626,-3.019
-1.507,-0.274
-1.522,-3.094
-1.541,-2.725
-1.622,-1.469
-1.786,-1.611
-1.748,-1.32
-1.881,-0.442
-1.978,-2.202
-2.143,-1.753
-2.045,-0.263
-2.068,-1.328
-2.186,-1.7
-2.441,-0.722
-2.35,-0.944
-2.384,-2.664
-2.466,-3.169
-2.489,-0.697
-2.608,-0.245
-2.759,0.079
-2.692,-1.629
-2.677,0.05
-2.692,-2.81
-2.943,-1.421
-2.828,-0.709
-3.001,-2.457
-2.896,-0.145
-2.928,-3.034
-3.088,-0.013
-3.104,-0.343
-2.994,-0.529
-3.03,-0.549
3.125,-0.808
3.077,-1.87
2.999,-2.268
2.991,-2.197
2.937,-1.305
2.855,-2.826
2.687,-1.578
2.772,-0.409
2.659,0.175
2.752,-1.725
2.619,-2.908
2.69,-2.8
2.401,-1.889
2.251,-3.002
2.22,-2.586
2.316,-0.333
2.024,-2.368
1.859,-0.081
1.674,-0.984
1.683,-2.796
1.662,-3.167
1.497,-0.447
1.299,-0.912
1.034,-1.861
0.794,-3.013
0.713,-1.671
0.692,0.044
-1.111,-3.832
-1.731,-3.96
-1.753,-4.061
-1.741,-4.154
-2.904,-3.873
-3.057,-3.997
1.534,-4.043
0.764,-3.937
-1.191,0.094
-1.302,0.105
-1.569,0.151
-1.744,0.199
-1.892,0.086
1.035,-0.005
0.311,-2.883
0.318,-1.662
-1.055,-2.74
-1.899,0.077
2.337,-1.391
2.071,-2.764
1.583,-2.901
0.599,-3.584
2.005,-0.621
1.619,-2.451
1.443,-3.106
1.214,-0.303
0.65,-1.46
-2.729,-1.414
1.989,-2.326
2.027,-2.891
-0.246,-3.79
-1.629,-3.769
1.635,-3.778
0.928,-3.762
0.534,-3.802
-0.978,-4.047
-1.932,-4.156
-2.848,-4.095
2.842,-4.354
2.247,-4.328
0.597,-4.252
-0.099,2.406
-0.125,1.206
-0.141,1.662
-0.131,1.989
-0.072,0.614
-0.164,1.288
-0.124,1.155
-0.211,0.271
-0.154,2.122
-0.302,2.51
-0.32,1.241
-0.328,1.592
-0.281,1.917
-0.416,1.07
-0.511,0.465
-0.626,0.451
-0.626,0.364
-0.675,1.622
-0.701,0.065
-0.832,0.77
-0.818,2.276
-0.931,1.113
-0.882,1.31
-1.003,0.891
-1.094,0.051
-1.11,0.947
-1.06,2.394
-1.13,2.213
-1.265,-0.139
-1.315,2.307
-1.403,1.654
-1.487,-0.458
-1.443,0.072
-1.523,0.436
-1.503,-0.174
-1.605,1.621
-1.631,1.465
-1.838,0.163
-1.863,1.721
-1.829,0.919
-1.9,-0.454
-1.904,0.644
-1.872,1.472
-1.975,2.243
-2.038,1.812
-2.04,1.43
-2.072,0.208
-1.981,-0.872
-2.152,0.841
-2.106,0.545
-2.217,-0.657
-2.287,-0.242
-2.24,1.638
-2.443,-0.755
-2.477,-0.188
-2.597,2.315
-2.537,0.083
-2.585,1.377
-2.607,0.917
-2.617,0.355
-2.626,0.711
-2.72,0.839
-2.67,-0.105
-2.759,2.737
-2.714,0.704
-2.714,-0.182
-2.807,-0.017
-2.919,1.398
-2.934,-0.105
-2.992,1.08
-2.929,1.939
-2.974,1.093
-3.108,2.676
-3.043,-0.556
-3.073,0.508
-3.095,1.508
-3.124,0.411
3.086,1.007
3.044,0.476
3.09,0.524
2.99,2.173
3.047,0.663
2.973,0.38
2.942,1.497
2.911,0.131
2.91,2.232
2.967,2.138
2.838,1.981
2.712,2.696
2.673,1.855
2.731,0.949
2.72,0.829
2.641,2.082
2.58,1.049
2.633,1.201
2.514,2.473
2.523,0.782
2.463,2.576
2.448,-0.308
2.455,1.222
2.265,-0.222
2.163,0.947
2.184,2.218
1.99,0.703
1.922,-0.863
1.898,1.313
1.816,2.246
1.848,1.069
1.761,-0.242
1.7,1.214
1.674,0.421
1.572,2.189
1.535,0.15
1.484,1.787
1.422,2.268
1.462,-0.484
1.395,2.444
1.387,0.145
1.09,-0.345
1.118,0.958
1.024,0.365
1.033,-0.249
1.006,1.664
0.886,0.381
0.739,-0.682
0.713,-0.331
0.711,-0.647
0.583,0.976
0.523,1.811
0.534,0.762
0.526,0.362
0.497,1.087
0.571,0.043
0.488,1.916
-1.79,-1.411
-2.104,-1.29
-2.432,-1.312
-2.702,-1.452
1.444,-1.349
1.38,-1.293
1.041,-1.39
1.039,-1.36
0.706,-1.414
0.577,-1.333
0.093,2.819
-0.259,2.857
-0.753,2.862
-1.659,2.729
-1.787,2.603
-2.396,2.657
-3.067,2.679
2.223,2.663
2.108,2.847
1.258,2.705
1.063,2.568
1.813,2.72
-2.64,-1.239
0.515,0.021
0.521,-0.688
0.359,2.108
0.353,1.492
0.306,-0.547
0.245,0.035
0.248,2.609
0.346,1.105
0.151,2.242
0.298,2.285
0.149,0.757
0.096,-0.6
0.101,2.52
0.22,0.272
0.104,1.889
0.174,0.878
0.17,-0.359
-0.027,2.48
0.098,0.888
0.023,1.054
0.031,2.246
-0.135,2.733
0.012,0.736
-0.144,-0.696
-0.195,0.003
-0.205,2.358
-0.094,1.208
-0.304,0.762
-0.217,1.705
-0.171,-0.286
-0.262,-0.413
-0.414,2.67
-0.283,1.974
-0.374,1.573
-0.507,1.339
-0.536,0.176
-0.655,0.137
-0.877,1.292
-0.926,-0.323
-0.823,1.19
-0.9,-0.086
-1.194,2.617
-1.167,1.242
-1.316,-0.136
-1.309,1.095
-1.494,-1.002
-1.503,0.408
-1.391,1.617
-1.554,-0.389
-1.435,2.356
-1.45,-0.464
-1.469,-0.095
-1.55,1.161
-1.714,1.019
-1.676,1.31
-1.809,2.188
-1.906,0.428
-2.071,0.877
-1.973,2.367
-1.996,1.302
-2.114,0.93
-2.369,1.908
-2.278,1.686
-2.312,-0.034
-2.394,-0.539
-2.417,1.933
-2.536,2.385
-2.687,2.709
-2.62,1.001
-2.605,2.68
-2.62,-0.18
-2.871,1.209
-2.756,1.921
-2.929,0.173
-2.824,2.485
-2.856,-0.404
-3.016,2.617
-3.032,2.287
-2.922,2.101
-2.958,2.081
-3.086,1.822
-3.134,0.76
3.071,0.362
3.063,0.433
3.009,1.325
2.927,-0.196
2.759,1.052
2.844,2.221
2.731,2.805
2.824,0.905
2.691,-0.278
2.762,-0.17
2.473,0.741
2.323,-0.372
2.292,0.044
2.388,2.297
2.096,0.262
1.931,2.549
1.746,1.646
1.755,-0.166
1.734,-0.537
1.569,2.183
1.371,1.718
1.106,0.769
0.866,-0.383
0.785,0.959
0.764,2.674
-1.039,-1.202
-1.659,-1.33
-1.681,-1.431
-1.669,-1.524
-2.832,-1.243
-2.985,-1.367
1.606,-1.413
0.836,-1.307
-1.119,2.724
-1.23,2.735
-1.497,2.781
-1.672,2.829
-1.82,2.716
1.107,2.625
0.383,-0.253
0.39,0.968
-0.983,-0.11
-1.827,2.707
2.409,1.239
2.143,-0.134
1.655,-0.271
0.671,-0.954
2.077,2.009
1.691,0.179
1.515,-0.476
1.286,2.327
0.722,1.17
-2.657,1.216
2.061,0.304
2.099,-0.261
-0.174,-1.16
-1.557,-1.139
1.707,-1.148
1.0,-1.132
0.606,-1.172
-0.906,-1.417
-1.86,-1.526
-2.776,-1.465
2.914,-1.724
2.319,-1.698
0.669,-1.622
-0.026,-1.2
-0.042,-0.744
-0.032,-0.417
0.027,-1.792
-0.065,-1.118
-0.025,-1.251
-0.112,-2.135
-0.055,-0.284
-0.203,0.104
-0.221,-1.165
-0.229,-0.814
-0.182,-0.489
-0.317,-1.336
-0.412,-1.941
-0.527,-1.955
-0.527,-2.042
-0.576,-0.784
-0.602,-2.341
-0.733,-1.636
-0.719,-0.13
-0.832,-1.293
-0.783,-1.096
-0.904,-1.515
-0.995,-2.355
-1.011,-1.459
-0.961,-0.012
-1.031,-0.193
-1.166,-2.545
-1.216,-0.099
-1.304,-0.752
-1.388,-2.864
-1.344,-2.334
-1.424,-1.97
-1.404,-2.58
-1.506,-0.785
-1.532,-0.941
-1.739,-2.243
-1.764,-0.685
-1.73,-1.487
-1.801,-2.86
-1.805,-1.762
-1.773,-0.934
-1.876,-0.163
-1.939,-0.594
-1.941,-0.976
-1.973,-2.198
-1.882,-3.278
-2.053,-1.565
-2.007,-1.861
-2.118,-3.063
-2.188,-2.648
-2.141,-0.768
-2.344,-3.161
-2.378,-2.594
-2.498,-0.091
-2.438,-2.323
-2.486,-1.029
-2.508,-1.489
-2.518,-2.051
-2.527,-1.695
-2.621,-1.567
-2.571,-2.511
-2.66,0.331
-2.615,-1.702
-2.615,-2.588
-2.708,-2.423
-2.82,-1.008
-2.835,-2.511
-2.893,-1.326
-2.83,-0.467
-2.875,-1.313
-3.009,0.27
-2.944,-2.962
-2.974,-1.898
-2.996,-0.898
-3.025,-1.995
-3.098,-1.399
-3.14,-1.93
-3.094,-1.882
3.089,-0.233
-3.137,-1.743
3.072,-2.026
3.041,-0.909
3.01,-2.275
3.009,-0.174
3.066,-0.268
2.937,-0.425
2.811,0.29
2.772,-0.551
2.83,-1.457
2.819,-1.577
2.74,-0.324
2.679,-1.357
2.732,-1.205
2.613,0.067
2.622,-1.624
2.562,0.17
2.547,-2.714
2.554,-1.184
2.364,-2.628
2.262,-1.459
2.283,-0.188
2.089,-1.703
2.021,-3.269
1.997,-1.093
1.915,-0.16
1.947,-1.337
1.86,-2.648
1.799,-1.192
1.773,-1.985
1.671,-0.217
1.634,-2.256
1.583,-0.619
1.521,-0.138
1.561,-2.89
1.494,0.038
1.486,-2.261
1.189,-2.751
1.217,-1.448
1.123,-2.041
1.132,-2.655
1.105,-0.742
0.985,-2.025
0.838,-3.088
0.812,-2.737
0.81,-3.053
0.682,-1.43
0.622,-0.595
0.633,-1.644
0.625,-2.044
0.596,-1.319
0.67,-2.363
0.587,-0.49
-1.691,-3.817
-2.005,-3.696
-2.333,-3.718
-2.603,-3.858
1.543,-3.755
1.479,-3.699
1.14,-3.796
1.138,-3.766
0.805,-3.82
0.676,-3.739
0.192,0.413
-0.16,0.451
-0.654,0.456
-1.56,0.323
-1.688,0.197
-2.297,0.251
-2.968,0.273
2.322,0.257
2.207,0.441
1.357,0.299
1.162,0.162
1.912,0.314
-2.541,-3.645
0.614,-2.385
0.62,-3.094
0.458,-0.298
0.452,-0.914
0.405,-2.953
0.344,-2.371
0.347,0.203
0.445,-1.301
0.25,-0.164
0.397,-0.121
0.248,-1.649
0.195,-3.006
0.2,0.114
0.319,-2.134
0.203,-0.517
0.273,-1.528
0.269,-2.765
0.072,0.074
0.197,-1.518
0.122,-1.352
0.13,-0.16
-0.036,0.327
0.111,-1.67
-0.045,-3.102
-0.096,-2.403
-0.106,-0.048
0.005,-1.198
-0.205,-1.644
-0.118,-0.701
-0.072,-2.692
-0.163,-2.819
-0.315,0.264
-0.184,-0.432
-0.275,-0.833
-0.408,-1.067
-0.437,-2.23
-0.556,-2.269
-0.778,-1.114
-0.827,-2.729
-0.724,-1.216
-0.801,-2.492
-1.095,0.211
-1.068,-1.164
-1.217,-2.542
-1.21,-1.311
-1.395,-3.408
-1.404,-1.998
-1.292,-0.789
-1.455,-2.795
-1.336,-0.05
-1.351,-2.87
-1.37,-2.501
-1.451,-1.245
-1.615,-1.387
-1.577,-1.096
-1.71,-0.218
-1.807,-1.978
-1.972,-1.529
-1.874,-0.039
-1.897,-1.104
-2.015,-1.476
-2.27,-0.498
-2.179,-0.72
-2.213,-2.44
-2.295,-2.945
-2.318,-0.473
-2.437,-0.021
-2.588,0.303
-2.521,-1.405
-2.506,0.274
-2.521,-2.586
-2.772,-1.197
-2.657,-0.485
-2.83,-2.233
-2.725,0.079
-2.757,-2.81
-2.917,0.211
-2.933,-0.119
-2.823,-0.305
-2.859,-0.325
-2.987,-0.584
-3.035,-1.646
-3.113,-2.044
-3.121,-1.973
3.108,-1.081
3.026,-2.602
2.858,-1.354
2.943,-0.185
2.83,0.399
2.923,-1.501
2.79,-2.684
2.861,-2.576
2.572,-1.665
2.422,-2.778
2.391,-2.362
2.487,-0.109
2.195,-2.144
2.03,0.143
1.845,-0.76
1.854,-2.572
1.833,-2.943
1.668,-0.223
1.47,-0.688
1.205,-1.637
0.965,-2.789
0.884,-1.447
0.863,0.268
-0.94,-3.608
-1.56,-3.736
-1.582,-3.837
-1.57,-3.93
-2.733,-3.649
-2.886,-3.773
1.705,-3.819
0.935,-3.713
-1.02,0.318
-1.131,0.329
-1.398,0.375
-1.573,0.423
-1.721,0.31
1.206,0.219
0.482,-2.659
0.489,-1.438
-0.884,-2.516
-1.728,0.301
2.508,-1.167
2.242,-2.54
1.754,-2.677
0.77,-3.36
2.176,-0.397
1.79,-2.227
1.614,-2.882
1.385,-0.079
0.821,-1.236
-2.558,-1.19
2.16,-2.102
2.198,-2.667
-0.075,-3.566
-1.458,-3.545
1.806,-3.554
1.099,-3.538
0.705,-3.578
-0.807,-3.823
-1.761,-3.932
-2.677,-3.871
3.013,-4.13
2.418,-4.104
0.768,-4.028
-0.016,0.456
-0.006,0.783
0.053,-0.592
-0.039,0.082
0.001,-0.051
-0.086,-0.935
-0.029,0.916
-0.177,1.304
-0.195,0.035
-0.203,0.386
-0.156,0.711
-0.291,-0.136
-0.386,-0.741
-0.501,-0.755
-0.501,-0.842
-0.55,0.416
-0.576,-1.141
-0.707,-0.436
-0.693,1.07
-0.806,-0.093
-0.757,0.104
-0.878,-0.315
-0.969,-1.155
-0.985,-0.259
-0.935,1.188
-1.005,1.007
-1.14,-1.345
-1.19,1.101
-1.278,0.448
-1.362,-1.664
-1.318,-1.134
-1.398,-0.77
-1.378,-1.38
-1.48,0.415
-1.506,0.259
-1.713,-1.043
-1.738,0.515
-1.704,-0.287
-1.775,-1.66
-1.779,-0.562
-1.747,0.266
-1.85,1.037
-1.913,0.606
-1.915,0.224
-1.947,-0.998
-1.856,-2.078
-2.027,-0.365
-1.981,-0.661
-2.092,-1.863
-2.162,-1.448
-2.115,0.432
-2.318,-1.961
-2.352,-1.394
-2.472,1.109
-2.412,-1.123
-2.46,0.171
-2.482,-0.289
-2.492,-0.851
-2.501,-0.495
-2.595,-0.367
-2.545,-1.311
-2.634,1.531
-2.589,-0.502
-2.589,-1.388
-2.682,-1.223
-2.794,0.192
-2.809,-1.311
-2.867,-0.126
-2.804,0.733
-2.849,-0.113
-2.983,1.47
-2.918,-1.762
-2.948,-0.698
-2.97,0.302
-2.999,-0.795
-3.072,-0.199
-3.114,-0.73
-3.068,-0.682
3.115,0.967
-3.111,-0.543
3.098,-0.826
3.067,0.291
3.036,-1.075
3.035,1.026
3.092,0.932
2.963,0.775
2.837,1.49
2.798,0.649
2.856,-0.257
2.845,-0.377
2.766,0.876
2.705,-0.157
2.758,-0.005
2.639,1.267
2.648,-0.424
2.588,1.37
2.573,-1.514
2.58,0.016
2.39,-1.428
2.288,-0.259
2.309,1.012
2.115,-0.503
2.047,-2.069
2.023,0.107
1.941,1.04
1.973,-0.137
1.886,-1.448
1.825,0.008
1.799,-0.785
1.697,0.983
1.66,-1.056
1.609,0.581
1.547,1.062
1.587,-1.69
1.52,1.238
1.512,-1.061
1.215,-1.551
1.243,-0.248
1.149,-0.841
1.158,-1.455
1.131,0.458
1.011,-0.825
0.864,-1.888
0.838,-1.537
0.836,-1.853
0.708,-0.23
0.648,0.605
0.659,-0.444
0.651,-0.844
0.622,-0.119
0.696,-1.163
0.613,0.71
-1.665,-2.617
-1.979,-2.496
-2.307,-2.518
-2.577,-2.658
1.569,-2.555
1.505,-2.499
1.166,-2.596
1.164,-2.566
0.831,-2.62
0.702,-2.539
0.218,1.613
-0.134,1.651
-0.628,1.656
-1.534,1.523
-1.662,1.397
-2.271,1.451
-2.942,1.473
2.348,1.457
2.233,1.641
1.383,1.499
1.188,1.362
1.938,1.514
-2.515,-2.445
0.64,-1.185
0.646,-1.894
0.484,0.902
0.478,0.286
0.431,-1.753
0.37,-1.171
0.373,1.403
0.471,-0.101
0.276,1.036
0.423,1.079
0.274,-0.449
0.221,-1.806
0.226,1.314
0.345,-0.934
0.229,0.683
0.299,-0.328
0.295,-1.565
0.098,1.274
0.223,-0.318
0.148,-0.152
0.156,1.04
-0.01,1.527
0.137,-0.47
-0.019,-1.902
-0.07,-1.203
-0.08,1.152
0.031,0.002
-0.179,-0.444
-0.092,0.499
-0.046,-1.492
-0.137,-1.619
-0.289,1.464
-0.158,0.768
-0.249,0.367
-0.382,0.133
-0.411,-1.03
-0.53,-1.069
-0.752,0.086
-0.801,-1.529
-0.698,-0.016
-0.775,-1.292
-1.069,1.411
-1.042,0.036
-1.191,-1.342
-1.184,-0.111
-1.369,-2.208
-1.378,-0.798
-1.266,0.411
-1.429,-1.595
-1.31,1.15
-1.325,-1.67
-1.344,-1.301
-1.425,-0.045
-1.589,-0.187
-1.551,0.104
-1.684,0.982
-1.781,-0.778
-1.946,-0.329
-1.848,1.161
-1.871,0.096
-1.989,-0.276
-2.244,0.702
-2.153,0.48
-2.187,-1.24
-2.269,-1.745
-2.292,0.727
-2.411,1.179
-2.562,1.503
-2.495,-0.205
-2.48,1.474
-2.495,-1.386
-2.746,0.003
-2.631,0.715
-2.804,-1.033
-2.699,1.279
-2.731,-1.61
-2.891,1.411
-2.907,1.081
-2.797,0.895
-2.833,0.875
-2.961,0.616
-3.009,-0.446
-3.087,-0.844
-3.095,-0.773
3.134,0.119
3.052,-1.402
2.884,-0.154
2.969,1.015
2.856,1.599
2.949,-0.301
2.816,-1.484
2.887,-1.376
2.598,-0.465
2.448,-1.578
2.417,-1.162
2.513,1.091
2.221,-0.944
2.056,1.343
1.871,0.44
1.88,-1.372
1.859,-1.743
1.694,0.977
1.496,0.512
1.231,-0.437
0.991,-1.589
0.91,-0.247
0.889,1.468
-0.914,-2.408
-1.534,-2.536
-1.556,-2.637
-1.544,-2.73
-2.707,-2.449
-2.86,-2.573
1.731,-2.619
0.961,-2.513
-0.994,1.518
-1.105,1.529
-1.372,1.575
-1.547,1.623
-1.695,1.51
1.232,1.419
0.508,-1.459
0.515,-0.238
-0.858,-1.316
-1.702,1.501
2.534,0.033
2.268,-1.34
1.78,-1.477
0.796,-2.16
2.202,0.803
1.816,-1.027
1.64,-1.682
1.411,1.121
0.847,-0.036
-2.532,0.01
2.186,-0.902
2.224,-1.467
-0.049,-2.366
-1.432,-2.345
1.832,-2.354
1.125,-2.338
0.731,-2.378
-0.781,-2.623
-1.735,-2.732
-2.651,-2.671
3.039,-2.93
2.444,-2.904
0.794,-2.828
0.01,0.327
0.069,-1.048
-0.023,-0.374
0.017,-0.507
-0.07,-1.391
-0.013,0.46
-0.161,0.848
-0.179,-0.421
-0.187,-0.07
-0.14,0.255
-0.275,-0.592
-0.37,-1.197
-0.485,-1.211
-0.485,-1.298
-0.534,-0.04
-0.56,-1.597
-0.691,-0.892
-0.677,0.614
-0.79,-0.549
-0.741,-0.352
-0.862,-0.771
-0.953,-1.611
-0.969,-0.715
-0.919,0.732
-0.989,0.551
-1.124,-1.801
-1.174,0.645
-1.262,-0.008
-1.346,-2.12
-1.302,-1.59
-1.382,-1.226
-1.362,-1.836
-1.464,-0.041
-1.49,-0.197
-1.697,-1.499
-1.722,0.059
-1.688,-0.743
-1.759,-2.116
-1.763,-1.018
-1.731,-0.19
-1.834,0.581
-1.897,0.15
-1.899,-0.232
-1.931,-1.454
-1.84,-2.534
-2.011,-0.821
-1.965,-1.117
-2.076,-2.319
-2.146,-1.904
-2.099,-0.024
-2.302,-2.417
-2.336,-1.85
-2.456,0.653
-2.396,-1.579
-2.444,-0.285
-2.466,-0.745
-2.476,-1.307
-2.485,-0.951
-2.579,-0.823
-2.529,-1.767
-2.618,1.075
-2.573,-0.958
-2.573,-1.844
-2.666,-1.679
-2.778,-0.264
-2.793,-1.767
-2.851,-0.582
-2.788,0.277
-2.833,-0.569
-2.967,1.014
-2.902,-2.218
-2.932,-1.154
-2.954,-0.154
-2.983,-1.251
-3.056,-0.655
-3.098,-1.186
-3.052,-1.138
3.131,0.511
-3.095,-0.999
3.114,-1.282
3.083,-0.165
3.052,-1.531
3.051,0.57
3.108,0.476
2.979,0.319
2.853,1.034
2.814,0.193
2.872,-0.713
2.861,-0.833
2.782,0.42
2.721,-0.613
2.774,-0.461
2.655,0.811
2.664,-0.88
2.604,0.914
2.589,-1.97
2.596,-0.44
2.406,-1.884
2.304,-0.715
2.325,0.556
2.131,-0.959
2.063,-2.525
2.039,-0.349
1.957,0.584
1.989,-0.593
1.902,-1.904
1.841,-0.448
1.815,-1.241
1.713,0.527
1.676,-1.512
1.625,0.125
1.563,0.606
1.603,-2.146
1.536,0.782
1.528,-1.517
1.231,-2.007
1.259,-0.704
1.165,-1.297
1.174,-1.911
1.147,0.002
1.027,-1.281
0.88,-2.344
0.854,-1.993
0.852,-2.309
0.724,-0.686
0.664,0.149
0.675,-0.9
0.667,-1.3
0.638,-0.575
0.712,-1.619
0.629,0.254
-1.649,-3.073
-1.963,-2.952
-2.291,-2.974
-2.561,-3.114
1.585,-3.011
1.521,-2.955
1.182,-3.052
1.18,-3.022
0.847,-3.076
0.718,-2.995
0.234,1.157
-0.118,1.195
-0.612,1.2
-1.518,1.067
-1.646,0.941
-2.255,0.995
-2.926,1.017
2.364,1.001
2.249,1.185
1.399,1.043
1.204,0.906
1.954,1.058
-2.499,-2.901
0.656,-1.641
0.662,-2.35
0.5,0.446
0.494,-0.17
0.447,-2.209
0.386,-1.627
0.389,0.947
0.487,-0.557
0.292,0.58
0.439,0.623
0.29,-0.905
0.237,-2.262
0.242,0.858
0.361,-1.39
0.245,0.227
0.315,-0.784
0.311,-2.021
0.114,0.818
0.239,-0.774
0.164,-0.608
0.172,0.584
0.006,1.071
0.153,-0.926
-0.003,-2.358
-0.054,-1.659
-0.064,0.696
0.047,-0.454
-0.163,-0.9
-0.076,0.043
-0.03,-1.948
-0.121,-2.075
-0.273,1.008
-0.142,0.312
-0.233,-0.089
-0.366,-0.323
-0.395,-1.486
-0.514,-1.525
-0.736,-0.37
-0.785,-1.985
-0.682,-0.472
-0.759,-1.748
-1.053,0.955
-1.026,-0.42
-1.175,-1.798
-1.168,-0.567
-1.353,-2.664
-1.362,-1.254
-1.25,-0.045
-1.413,-2.051
-1.294,0.694
-1.309,-2.126
-1.328,-1.757
-1.409,-0.501
-1.573,-0.643
-1.535,-0.352
-1.668,0.526
-1.765,-1.234
-1.93,-0.785
-1.832,0.705
-1.855,-0.36
-1.973,-0.732
-2.228,0.246
-2.137,0.024
-2.171,-1.696
-2.253,-2.201
-2.276,0.271
-2.395,0.723
-2.546,1.047
-2.479,-0.661
-2.464,1.018
-2.479,-1.842
-2.73,-0.453
-2.615,0.259
-2.788,-1.489
-2.683,0.823
-2.715,-2.066
-2.875,0.955
-2.891,0.625
-2.781,0.439
-2.817,0.419
-2.945,0.16
-2.993,-0.902
-3.071,-1.3
-3.079,-1.229
-3.133,-0.337
3.068,-1.858
2.9,-0.61
2.985,0.559
2.872,1.143
2.965,-0.757
2.832,-1.94
2.903,-1.832
2.614,-0.921
2.464,-2.034
2.433,-1.618
2.529,0.635
2.237,-1.4
2.072,0.887
1.887,-0.016
1.896,-1.828
1.875,-2.199
1.71,0.521
1.512,0.056
1.247,-0.893
1.007,-2.045
0.926,-0.703
0.905,1.012
-0.898,-2.864
-1.518,-2.992
-1.54,-3.093
-1.528,-3.186
-2.691,-2.905
-2.844,-3.029
1.747,-3.075
0.977,-2.969
-0.978,1.062
-1.089,1.073
-1.356,1.119
-1.531,1.167
-1.679,1.054
1.248,0.963
0.524,-1.915
0.531,-0.694
-0.842,-1.772
-1.686,1.045
2.55,-0.423
2.284,-1.796
1.796,-1.933
0.812,-2.616
2.218,0.347
1.832,-1.483
1.656,-2.138
1.427,0.665
0.863,-0.492
-2.516,-0.446
2.202,-1.358
2.24,-1.923
-0.033,-2.822
-1.416,-2.801
1.848,-2.81
1.141,-2.794
0.747,-2.834
-0.765,-3.079
-1.719,-3.188
-2.635,-3.127
3.055,-3.386
2.46,-3.36
0.81,-3.284
0.059,-1.375
-0.033,-0.701
0.007,-0.834
-0.08,-1.718
-0.023,0.133
-0.171,0.521
-0.189,-0.748
-0.197,-0.397
-0.15,-0.072
-0.285,-0.919
-0.38,-1.524
-0.495,-1.538
-0.495,-1.625
-0.544,-0.367
-0.57,-1.924
-0.701,-1.219
-0.687,0.287
-0.8,-0.876
-0.751,-0.679
-0.872,-1.098
-0.963,-1.938
-0.979,-1.042
-0.929,0.405
-0.999,0.224
-1.134,-2.128
-1.184,0.318
-1.272,-0.335
-1.356,-2.447
-1.312,-1.917
-1.392,-1.553
-1.372,-2.163
-1.474,-0.368
-1.5,-0.524
-1.707,-1.826
-1.732,-0.268
-1.698,-1.07
-1.769,-2.443
-1.773,-1.345
-1.741,-0.517
-1.844,0.254
-1.907,-0.177
-1.909,-0.559
-1.941,-1.781
-1.85,-2.861
-2.021,-1.148
-1.975,-1.444
-2.086,-2.646
-2.156,-2.231
-2.109,-0.351
-2.312,-2.744
-2.346,-2.177
-2.466,0.326
-2.406,-1.906
-2.454,-0.612
-2.476,-1.072
-2.486,-1.634
-2.495,-1.278
-2.589,-1.15
-2.539,-2.094
-2.628,0.748
-2.583,-1.285
-2.583,-2.171
-2.676,-2.006
-2.788,-0.591
-2.803,-2.094
-2.861,-0.909
-2.798,-0.05
-2.843,-0.896
-2.977,0.687
-2.912,-2.545
-2.942,-1.481
-2.964,-0.481
-2.993,-1.578
-3.066,-0.982
-3.108,-1.513
-3.062,-1.465
3.121,0.184
-3.105,-1.326
3.104,-1.609
3.073,-0.492
3.042,-1.858
3.041,0.243
3.098,0.149
2.969,-0.008
2.843,0.707
2.804,-0.134
2.862,-1.04
2.851,-1.16
2.772,0.093
2.711,-0.94
2.764,-0.788
2.645,0.484
2.654,-1.207
2.594,0.587
2.579,-2.297
2.586,-0.767
2.396,-2.211
2.294,-1.042
2.315,0.229
2.121,-1.286
2.053,-2.852
2.029,-0.676
1.947,0.257
1.979,-0.92
1.892,-2.231
1.831,-0.775
1.805,-1.568
1.703,0.2
1.666,-1.839
1.615,-0.202
1.553,0.279
1.593,-2.473
1.526,0.455
1.518,-1.844
1.221,-2.334
1.249,-1.031
1.155,-1.624
1.164,-2.238
1.137,-0.325
1.017,-1.608
0.87,-2.671
0.844,-2.32
0.842,-2.636
0.714,-1.013
0.654,-0.178
0.665,-1.227
0.657,-1.627
0.628,-0.902
0.702,-1.946
0.619,-0.073
-1.659,-3.4
-1.973,-3.279
-2.301,-3.301
-2.571,-3.441
1.575,-3.338
1.511,-3.282
1.172,-3.379
1.17,-3.349
0.837,-3.403
0.708,-3.322
0.224,0.83
-0.128,0.868
-0.622,0.873
-1.528,0.74
-1.656,0.614
-2.265,0.668
-2.936,0.69
2.354,0.674
2.239,0.858
1.389,0.716
1.194,0.579
1.944,0.731
-2.509,-3.228
0.646,-1.968
0.652,-2.677
0.49,0.119
0.484,-0.497
0.437,-2.536
0.376,-1.954
0.379,0.62
0.477,-0.884
0.282,0.253
0.429,0.296
0.28,-1.232
0.227,-2.589
0.232,0.531
0.351,-1.717
0.235,-0.1
0.305,-1.111
0.301,-2.348
0.104,0.491
0.229,-1.101
0.154,-0.935
0.162,0.257
-0.004,0.744
0.143,-1.253
-0.013,-2.685
-0.064,-1.986
-0.074,0.369
0.037,-0.781
-0.173,-1.227
-0.086,-0.284
-0.04,-2.275
-0.131,-2.402
-0.283,0.681
-0.152,-0.015
-0.243,-0.416
-0.376,-0.65
-0.405,-1.813
-0.524,-1.852
-0.746,-0.697
-0.795,-2.312
-0.692,-0.799
-0.769,-2.075
-1.063,0.628
-1.036,-0.747
-1.185,-2.125
-1.178,-0.894
-1.363,-2.991
-1.372,-1.581
-1.26,-0.372
-1.423,-2.378
-1.304,0.367
-1.319,-2.453
-1.338,-2.084
-1.419,-0.828
-1.583,-0.97
-1.545,-0.679
-1.678,0.199
-1.775,-1.561
-1.94,-1.112
-1.842,0.378
-1.865,-0.687
-1.983,-1.059
-2.238,-0.081
-2.147,-0.303
-2.181,-2.023
-2.263,-2.528
-2.286,-0.056
-2.405,0.396
-2.556,0.72
-2.489,-0.988
-2.474,0.691
-2.489,-2.169
-2.74,-0.78
-2.625,-0.068
-2.798,-1.816
-2.693,0.496
-2.725,-2.393
-2.885,0.628
-2.901,0.298
-2.791,0.112
-2.827,0.092
-2.955,-0.167
-3.003,-1.229
-3.081,-1.627
-3.089,-1.556
3.14,-0.664
3.058,-2.185
2.89,-0.937
2.975,0.232
2.862,0.816
2.955,-1.084
2.822,-2.267
2.893,-2.159
2.604,-1.248
2.454,-2.361
2.423,-1.945
2.519,0.308
2.227,-1.727
2.062,0.56
1.877,-0.343
1.886,-2.155
1.865,-2.526
1.7,0.194
1.502,-0.271
1.237,-1.22
0.997,-2.372
0.916,-1.03
0.895,0.685
-0.908,-3.191
-1.528,-3.319
-1.55,-3.42
-1.538,-3.513
-2.701,-3.232
-2.854,-3.356
1.737,-3.402
0.967,-3.296
-0.988,0.735
-1.099,0.746
-1.366,0.792
-1.541,0.84
-1.689,0.727
1.238,0.636
0.514,-2.242
0.521,-1.021
-0.852,-2.099
-1.696,0.718
2.54,-0.75
2.274,-2.123
1.786,-2.26
0.802,-2.943
2.208,0.02
1.822,-1.81
1.646,-2.465
1.417,0.338
0.853,-0.819
-2.526,-0.773
2.192,-1.685
2.23,-2.25
-0.043,-3.149
-1.426,-3.128
1.838,-3.137
1.131,-3.121
0.737,-3.161
-0.775,-3.406
-1.729,-3.515
-2.645,-3.454
3.045,-3.713
2.45,-3.687
0.8,-3.611
-0.092,0.674
-0.052,0.541
-0.139,-0.343
-0.082,1.508
-0.23,1.896
-0.248,0.627
-0.256,0.978
-0.209,1.303
-0.344,0.456
-0.439,-0.149
-0.554,-0.163
-0.554,-0.25
-0.603,1.008
-0.629,-0.549
-0.76,0.156
-0.746,1.662
-0.859,0.499
-0.81,0.696
-0.931,0.277
-1.022,-0.563
-1.038,0.333
-0.988,1.78
-1.058,1.599
-1.193,-0.753
-1.243,1.693
-1.331,1.04
-1.415,-1.072
-1.371,-0.542
-1.451,-0.178
-1.431,-0.788
-1.533,1.007
-1.559,0.851
-1.766,-0.451
-1.791,1.107
-1.757,0.305
-1.828,-1.068
-1.832,0.03
-1.8,0.858
-1.903,1.629
-1.966,1.198
-1.968,0.816
-2.0,-0.406
-1.909,-1.486
-2.08,0.227
-2.034,-0.069
-2.145,-1.271
-2.215,-0.856
-2.168,1.024
-2.371,-1.369
-2.405,-0.802
-2.525,1.701
-2.465,-0.531
-2.513,0.763
-2.535,0.303
-2.545,-0.259
-2.554,0.097
-2.648,0.225
-2.598,-0.719
-2.687,2.123
-2.642,0.09
-2.642,-0.796
-2.735,-0.631
-2.847,0.784
-2.862,-0.719
-2.92,0.466
-2.857,1.325
-2.902,0.479
-3.036,2.062
-2.971,-1.17
-3.001,-0.106
-3.023,0.894
-3.052,-0.203
-3.125,0.393
3.116,-0.138
-3.121,-0.09
3.062,1.559
3.119,0.049
3.045,-0.234
3.014,0.883
2.983,-0.483
2.982,1.618
3.039,1.524
2.91,1.367
2.784,2.082
2.745,1.241
2.803,0.335
2.792,0.215
2.713,1.468
2.652,0.435
2.705,0.587
2.586,1.859
2.595,0.168
2.535,1.962
2.52,-0.922
2.527,0.608
2.337,-0.836
2.235,0.333
2.256,1.604
2.062,0.089
1.994,-1.477
1.97,0.699
1.888,1.632
1.92,0.455
1.833,-0.856
1.772,0.6
1.746,-0.193
1.644,1.575
1.607,-0.464
1.556,1.173
1.494,1.654
1.534,-1.098
1.467,1.83
1.459,-0.469
1.162,-0.959
1.19,0.344
1.096,-0.249
1.105,-0.863
1.078,1.05
0.958,-0.233
0.811,-1.296
0.785,-0.945
0.783,-1.261
0.655,0.362
0.595,1.197
0.606,0.148
0.598,-0.252
0.569,0.473
0.643,-0.571
0.56,1.302
-1.718,-2.025
-2.032,-1.904
-2.36,-1.926
-2.63,-2.066
1.516,-1.963
1.452,-1.907
1.113,-2.004
1.111,-1.974
0.778,-2.028
0.649,-1.947
0.165,2.205
-0.187,2.243
-0.681,2.248
-1.587,2.115
-1.715,1.989
-2.324,2.043
-2.995,2.065
2.295,2.049
2.18,2.233
1.33,2.091
1.135,1.954
1.885,2.106
-2.568,-1.853
0.587,-0.593
0.593,-1.302
0.431,1.494
0.425,0.878
0.378,-1.161
0.317,-0.579
0.32,1.995
0.418,0.491
0.223,1.628
0.37,1.671
0.221,0.143
0.168,-1.214
0.173,1.906
0.292,-0.342
0.176,1.275
0.246,0.264
0.242,-0.973
0.045,1.866
0.17,0.274
0.095,0.44
0.103,1.632
-0.063,2.119
0.084,0.122
-0.072,-1.31
-0.123,-0.611
-0.133,1.744
-0.022,0.594
-0.232,0.148
-0.145,1.091
-0.099,-0.9
-0.19,-1.027
-0.342,2.056
-0.211,1.36
-0.302,0.959
-0.435,0.725
-0.464,-0.438
-0.583,-0.477
-0.805,0.678
-0.854,-0.937
-0.751,0.576
-0.828,-0.7
-1.122,2.003
-1.095,0.628
-1.244,-0.75
-1.237,0.481
-1.422,-1.616
-1.431,-0.206
-1.319,1.003
-1.482,-1.003
-1.363,1.742
-1.378,-1.078
-1.397,-0.709
-1.478,0.547
-1.642,0.405
-1.604,0.696
-1.737,1.574
-1.834,-0.186
-1.999,0.263
-1.901,1.753
-1.924,0.688
-2.042,0.316
-2.297,1.294
-2.206,1.072
-2.24,-0.648
-2.322,-1.153
-2.345,1.319
-2.464,1.771
-2.615,2.095
-2.548,0.387
-2.533,2.066
-2.548,-0.794
-2.799,0.595
-2.684,1.307
-2.857,-0.441
-2.752,1.871
-2.784,-1.018
-2.944,2.003
-2.96,1.673
-2.85,1.487
-2.886,1.467
-3.014,1.208
-3.062,0.146
-3.14,-0.252
3.135,-0.181
3.081,0.711
2.999,-0.81
2.831,0.438
2.916,1.607
2.803,2.191
2.896,0.291
2.763,-0.892
2.834,-0.784
2.545,0.127
2.395,-0.986
2.364,-0.57
2.46,1.683
2.168,-0.352
2.003,1.935
1.818,1.032
1.827,-0.78
1.806,-1.151
1.641,1.569
1.443,1.104
1.178,0.155
0.938,-0.997
0.857,0.345
0.836,2.06
-0.967,-1.816
-1.587,-1.944
-1.609,-2.045
-1.597,-2.138
-2.76,-1.857
-2.913,-1.981
1.678,-2.027
0.908,-1.921
-1.047,2.11
-1.158,2.121
-1.425,2.167
-1.6,2.215
-1.748,2.102
1.179,2.011
0.455,-0.867
0.462,0.354
-0.911,-0.724
-1.755,2.093
2.481,0.625
2.215,-0.748
1.727,-0.885
0.743,-1.568
2.149,1.395
1.763,-0.435
1.587,-1.09
1.358,1.713
0.794,0.556
-2.585,0.602
2.133,-0.31
2.171,-0.875
-0.102,-1.774
-1.485,-1.753
1.779,-1.762
1.072,-1.746
0.678,-1.786
-0.834,-2.031
-1.788,-2.14
-2.704,-2.079
2.986,-2.338
2.391,-2.312
0.741,-2.236
0.04,-0.133
-0.047,-1.017
0.01,0.834
-0.138,1.222
-0.156,-0.047
-0.164,0.304
-0.117,0.629
-0.252,-0.218
-0.347,-0.823
-0.462,-0.837
-0.462,-0.924
-0.511,0.334
-0.537,-1.223
-0.668,-0.518
-0.654,0.988
-0.767,-0.175
-0.718,0.022
-0.839,-0.397
-0.93,-1.237
-0.946,-0.341
-0.896,1.106
-0.966,0.925
-1.101,-1.427
-1.151,1.019
-1.239,0.366
-1.323,-1.746
-1.279,-1.216
-1.359,-0.852
-1.339,-1.462
-1.441,0.333
-1.467,0.177
-1.674,-1.125
-1.699,0.433
-1.665,-0.369
-1.736,-1.742
-1.74,-0.644
-1.708,0.184
-1.811,0.955
-1.874,0.524
-1.876,0.142
-1.908,-1.08
-1.817,-2.16
-1.988,-0.447
-1.942,-0.743
-2.053,-1.945
-2.123,-1.53
-2.076,0.35
-2.279,-2.043
-2.313,-1.476
-2.433,1.027
-2.373,-1.205
-2.421,0.089
-2.443,-0.371
-2.453,-0.933
-2.462,-0.577
-2.556,-0.449
-2.506,-1.393
-2.595,1.449
-2.55,-0.584
-2.55,-1.47
-2.643,-1.305
-2.755,0.11
-2.77,-1.393
-2.828,-0.208
-2.765,0.651
-2.81,-0.195
-2.944,1.388
-2.879,-1.844
-2.909,-0.78
-2.931,0.22
-2.96,-0.877
-3.033,-0.281
-3.075,-0.812
-3.029,-0.764
-3.129,0.885
-3.072,-0.625
3.137,-0.908
3.106,0.209
3.075,-1.157
3.074,0.944
3.131,0.85
3.002,0.693
2.876,1.408
2.837,0.567
2.895,-0.339
2.884,-0.459
2.805,0.794
2.744,-0.239
2.797,-0.087
2.678,1.185
2.687,-0.506
2.627,1.288
2.612,-1.596
2.619,-0.066
2.429,-1.51
2.327,-0.341
2.348,0.93
2.154,-0.585
2.086,-2.151
2.062,0.025
1.98,0.958
2.012,-0.219
1.925,-1.53
1.864,-0.074
1.838,-0.867
1.736,0.901
1.699,-1.138
1.648,0.499
1.586,0.98
1.626,-1.772
1.559,1.156
1.551,-1.143
1.254,-1.633
1.282,-0.33
1.188,-0.923
1.197,-1.537
1.17,0.376
1.05,-0.907
0.903,-1.97
0.877,-1.619
0.875,-1.935
0.747,-0.312
0.687,0.523
0.698,-0.526
0.69,-0.926
0.661,-0.201
0.735,-1.245
0.652,0.628
-1.626,-2.699
-1.94,-2.578
-2.268,-2.6
-2.538,-2.74
1.608,-2.637
1.544,-2.581
1.205,-2.678
1.203,-2.648
0.87,-2.702
0.741,-2.621
0.257,1.531
-0.095,1.569
-0.589,1.574
-1.495,1.441
-1.623,1.315
-2.232,1.369
-2.903,1.391
2.387,1.375
2.272,1.559
1.422,1.417
1.227,1.28
1.977,1.432
-2.476,-2.527
0.679,-1.267
0.685,-1.976
0.523,0.82
0.517,0.204
0.47,-1.835
0.409,-1.253
0.412,1.321
0.51,-0.183
0.315,0.954
0.462,0.997
0.313,-0.531
0.26,-1.888
0.265,1.232
0.384,-1.016
0.268,0.601
0.338,-0.41
0.334,-1.647
0.137,1.192
0.262,-0.4
0.187,-0.234
0.195,0.958
0.029,1.445
0.176,-0.552
0.02,-1.984
-0.031,-1.285
-0.041,1.07
0.07,-0.08
-0.14,-0.526
-0.053,0.417
-0.007,-1.574
-0.098,-1.701
-0.25,1.382
-0.119,0.686
-0.21,0.285
-0.343,0.051
-0.372,-1.112
-0.491,-1.151
-0.713,0.004
-0.762,-1.611
-0.659,-0.098
-0.736,-1.374
-1.03,1.329
-1.003,-0.046
-1.152,-1.424
-1.145,-0.193
-1.33,-2.29
-1.339,-0.88
-1.227,0.329
-1.39,-1.677
-1.271,1.068
-1.286,-1.752
-1.305,-1.383
-1.386,-0.127
-1.55,-0.269
-1.512,0.022
-1.645,0.9
-1.742,-0.86
-1.907,-0.411
-1.809,1.079
-1.832,0.014
-1.95,-0.358
-2.205,0.62
-2.114,0.398
-2.148,-1.322
-2.23,-1.827
-2.253,0.645
-2.372,1.097
-2.523,1.421
-2.456,-0.287
-2.441,1.392
-2.456,-1.468
-2.707,-0.079
-2.592,0.633
-2.765,-1.115
-2.66,1.197
-2.692,-1.692
-2.852,1.329
-2.868,0.999
-2.758,0.813
-2.794,0.793
-2.922,0.534
-2.97,-0.528
-3.048,-0.926
-3.056,-0.855
-3.11,0.037
3.091,-1.484
2.923,-0.236
3.008,0.933
2.895,1.517
2.988,-0.383
2.855,-1.566
2.926,-1.458
2.637,-0.547
2.487,-1.66
2.456,-1.244
2.552,1.009
2.26,-1.026
2.095,1.261
1.91,0.358
1.919,-1.454
1.898,-1.825
1.733,0.895
1.535,0.43
1.27,-0.519
1.03,-1.671
0.949,-0.329
0.928,1.386
-0.875,-2.49
-1.495,-2.618
-1.517,-2.719
-1.505,-2.812
-2.668,-2.531
-2.821,-2.655
1.77,-2.701
1.0,-2.595
-0.955,1.436
-1.066,1.447
-1.333,1.493
-1.508,1.541
-1.656,1.428
1.271,1.337
0.547,-1.541
0.554,-0.32
-0.819,-1.398
-1.663,1.419
2.573,-0.049
2.307,-1.422
1.819,-1.559
0.835,-2.242
2.241,0.721
1.855,-1.109
1.679,-1.764
1.45,1.039
0.886,-0.118
-2.493,-0.072
2.225,-0.984
2.263,-1.549
-0.01,-2.448
-1.393,-2.427
1.871,-2.436
1.164,-2.42
0.77,-2.46
-0.742,-2.705
-1.696,-2.814
-2.612,-2.753
3.078,-3.012
2.483,-2.986
0.833,-2.91
-0.087,-0.884
-0.03,0.967
-0.178,1.355
-0.196,0.086
-0.204,0.437
-0.157,0.762
-0.292,-0.085
-0.387,-0.69
-0.502,-0.704
-0.502,-0.791
-0.551,0.467
-0.577,-1.09
-0.708,-0.385
-0.694,1.121
-0.807,-0.042
-0.758,0.155
-0.879,-0.264
-0.97,-1.104
-0.986,-0.208
-0.936,1.239
-1.006,1.058
-1.141,-1.294
-1.191,1.152
-1.279,0.499
-1.363,-1.613
-1.319,-1.083
-1.399,-0.719
-1.379,-1.329
-1.481,0.466
-1.507,0.31
-1.714,-0.992
-1.739,0.566
-1.705,-0.236
-1.776,-1.609
-1.78,-0.511
-1.748,0.317
-1.851,1.088
-1.914,0.657
-1.916,0.275
-1.948,-0.947
-1.857,-2.027
-2.028,-0.314
-1.982,-0.61
-2.093,-1.812
-2.163,-1.397
-2.116,0.483
-2.319,-1.91
-2.353,-1.343
-2.473,1.16
-2.413,-1.072
-2.461,0.222
-2.483,-0.238
-2.493,-0.8
-2.502,-0.444
-2.596,-0.316
-2.546,-1.26
-2.635,1.582
-2.59,-0.451
-2.59,-1.337
-2.683,-1.172
-2.795,0.243
-2.81,-1.26
-2.868,-0.075
-2.805,0.784
-2.85,-0.062
-2.984,1.521
-2.919,-1.711
-2.949,-0.647
-2.971,0.353
-3.0,-0.744
-3.073,-0.148
-3.115,-0.679
-3.069,-0.631
3.114,1.018
-3.112,-0.492
3.097,-0.775
3.066,0.342
3.035,-1.024
3.034,1.077
3.091,0.983
2.962,0.826
2.836,1.541
2.797,0.7
2.855,-0.206
2.844,-0.326
2.765,0.927
2.704,-0.106
2.757,0.046
2.638,1.318
2.647,-0.373
2.587,1.421
2.572,-1.463
2.579,0.067
2.389,-1.377
2.287,-0.208
2.308,1.063
2.114,-0.452
2.046,-2.018
2.022,0.158
1.94,1.091
1.972,-0.086
1.885,-1.397
1.824,0.059
1.798,-0.734
1.696,1.034
1.659,-1.005
1.608,0.632
1.546,1.113
1.586,-1.639
1.519,1.289
1.511,-1.01
1.214,-1.5
1.242,-0.197
1.148,-0.79
1.157,-1.404
1.13,0.509
1.01,-0.774
0.863,-1.837
0.837,-1.486
0.835,-1.802
0.707,-0.179
0.647,0.656
0.658,-0.393
0.65,-0.793
0.621,-0.068
0.695,-1.112
0.612,0.761
-1.666,-2.566
-1.98,-2.445
-2.308,-2.467
-2.578,-2.607
1.568,-2.504
1.504,-2.448
1.165,-2.545
1.163,-2.515
0.83,-2.569
0.701,-2.488
0.217,1.664
-0.135,1.702
-0.629,1.707
-1.535,1.574
-1.663,1.448
-2.272,1.502
-2.943,1.524
2.347,1.508
2.232,1.692
1.382,1.55
1.187,1.413
1.937,1.565
-2.516,-2.394
0.639,-1.134
0.645,-1.843
0.483,0.953
0.477,0.337
0.43,-1.702
0.369,-1.12
0.372,1.454
0.47,-0.05
0.275,1.087
0.422,1.13
0.273,-0.398
0.22,-1.755
0.225,1.365
0.344,-0.883
0.228,0.734
0.298,-0.277
0.294,-1.514
0.097,1.325
0.222,-0.267
0.147,-0.101
0.155,1.091
-0.011,1.578
0.136,-0.419
-0.02,-1.851
-0.071,-1.152
-0.081,1.203
0.03,0.053
-0.18,-0.393
-0.093,0.55
-0.047,-1.441
-0.138,-1.568
-0.29,1.515
-0.159,0.819
-0.25,0.418
-0.383,0.184
-0.412,-0.979
-0.531,-1.018
-0.753,0.137
-0.802,-1.478
-0.699,0.035
-0.776,-1.241
-1.07,1.462
-1.043,0.087
-1.192,-1.291
-1.185,-0.06
-1.37,-2.157
-1.379,-0.747
-1.267,0.462
-1.43,-1.544
-1.311,1.201
-1.326,-1.619
-1.345,-1.25
-1.426,0.006
-1.59,-0.136
-1.552,0.155
-1.685,1.033
-1.782,-0.727
-1.947,-0.278
-1.849,1.212
-1.872,0.147
-1.99,-0.225
-2.245,0.753
-2.154,0.531
-2.188,-1.189
-2.27,-1.694
-2.293,0.778
-2.412,1.23
-2.563,1.554
-2.496,-0.154
-2.481,1.525
-2.496,-1.335
-2.747,0.054
-2.632,0.766
-2.805,-0.982
-2.7,1.33
-2.732,-1.559
-2.892,1.462
-2.908,1.132
-2.798,0.946
-2.834,0.926
-2.962,0.667
-3.01,-0.395
-3.088,-0.793
-3.096,-0.722
3.133,0.17
3.051,-1.351
2.883,-0.103
2.968,1.066
2.855,1.65
2.948,-0.25
2.815,-1.433
2.886,-1.325
2.597,-0.414
2.447,-1.527
2.416,-1.111
2.512,1.142
2.22,-0.893
2.055,1.394
1.87,0.491
1.879,-1.321
1.858,-1.692
1.693,1.028
1.495,0.563
1.23,-0.386
0.99,-1.538
0.909,-0.196
0.888,1.519
-0.915,-2.357
-1.535,-2.485
-1.557,-2.586
-1.545,-2.679
-2.708,-2.398
-2.861,-2.522
1.73,-2.568
0.96,-2.462
-0.995,1.569
-1.106,1.58
-1.373,1.626
-1.548,1.674
-1.696,1.561
1.231,1.47
0.507,-1.408
0.514,-0.187
-0.859,-1.265
-1.703,1.552
2.533,0.084
2.267,-1.289
1.779,-1.426
0.795,-2.109
2.201,0.854
1.815,-0.976
1.639,-1.631
1.41,1.172
0.846,0.015
-2.533,0.061
2.185,-0.851
2.223,-1.416
-0.05,-2.315
-1.433,-2.294
1.831,-2.303
1.124,-2.287
0.73,-2.327
-0.782,-2.572
-1.736,-2.681
-2.652,-2.62
3.038,-2.879
2.443,-2.853
0.793,-2.777
0.057,1.851
-0.091,2.239
-0.109,0.97
-0.117,1.321
-0.07,1.646
-0.205,0.799
-0.3,0.194
-0.415,0.18
-0.415,0.093
-0.464,1.351
-0.49,-0.206
-0.621,0.499
-0.607,2.005
-0.72,0.842
-0.671,1.039
-0.792,0.62
-0.883,-0.22
-0.899,0.676
-0.849,2.123
-0.919,1.942
-1.054,-0.41
-1.104,2.036
-1.192,1.383
-1.276,-0.729
-1.232,-0.199
-1.312,0.165
-1.292,-0.445
-1.394,1.35
-1.42,1.194
-1.627,-0.108
-1.652,1.45
-1.618,0.648
-1.689,-0.725
-1.693,0.373
-1.661,1.201
-1.764,1.972
-1.827,1.541
-1.829,1.159
-1.861,-0.063
-1.77,-1.143
-1.941,0.57
-1.895,0.274
-2.006,-0.928
-2.076,-0.513
-2.029,1.367
-2.232,-1.026
-2.266,-0.459
-2.386,2.044
-2.326,-0.188
-2.374,1.106
-2.396,0.646
-2.406,0.084
-2.415,0.44
-2.509,0.568
-2.459,-0.376
-2.548,2.466
-2.503,0.433
-2.503,-0.453
-2.596,-0.288
-2.708,1.127
-2.723,-0.376
-2.781,0.809
-2.718,1.668
-2.763,0.822
-2.897,2.405
-2.832,-0.827
-2.862,0.237
-2.884,1.237
-2.913,0.14
-2.986,0.736
-3.028,0.205
-2.982,0.253
-3.082,1.902
-3.025,0.392
-3.099,0.109
-3.13,1.226
3.122,-0.14
3.121,1.961
-3.105,1.867
3.049,1.71
2.923,2.425
2.884,1.584
2.942,0.678
2.931,0.558
2.852,1.811
2.791,0.778
2.844,0.93
2.725,2.202
2.734,0.511
2.674,2.305
2.659,-0.579
2.666,0.951
2.476,-0.493
2.374,0.676
2.395,1.947
2.201,0.432
2.133,-1.134
2.109,1.042
2.027,1.975
2.059,0.798
1.972,-0.513
1.911,0.943
1.885,0.15
1.783,1.918
1.746,-0.121
1.695,1.516
1.633,1.997
1.673,-0.755
1.606,2.173
1.598,-0.126
1.301,-0.616
1.329,0.687
1.235,0.094
1.244,-0.52
1.217,1.393
1.097,0.11
0.95,-0.953
0.924,-0.602
0.922,-0.918
0.794,0.705
0.734,1.54
0.745,0.491
0.737,0.091
0.708,0.816
0.782,-0.228
0.699,1.645
-1.579,-1.682
-1.893,-1.561
-2.221,-1.583
-2.491,-1.723
1.655,-1.62
1.591,-1.564
1.252,-1.661
1.25,-1.631
0.917,-1.685
0.788,-1.604
0.304,2.548
-0.048,2.586
-0.542,2.591
-1.448,2.458
-1.576,2.332
-2.185,2.386
-2.856,2.408
2.434,2.392
2.319,2.576
1.469,2.434
1.274,2.297
2.024,2.449
-2.429,-1.51
0.726,-0.25
0.732,-0.959
0.57,1.837
0.564,1.221
0.517,-0.818
0.456,-0.236
0.459,2.338
0.557,0.834
0.362,1.971
0.509,2.014
0.36,0.486
0.307,-0.871
0.312,2.249
0.431,0.001
0.315,1.618
0.385,0.607
0.381,-0.63
0.184,2.209
0.309,0.617
0.234,0.783
0.242,1.975
0.076,2.462
0.223,0.465
0.067,-0.967
0.016,-0.268
0.006,2.087
0.117,0.937
-0.093,0.491
-0.006,1.434
0.04,-0.557
-0.051,-0.684
-0.203,2.399
-0.072,1.703
-0.163,1.302
-0.296,1.068
-0.325,-0.095
-0.444,-0.134
-0.666,1.021
-0.715,-0.594
-0.612,0.919
-0.689,-0.357
-0.983,2.346
-0.956,0.971
-1.105,-0.407
-1.098,0.824
-1.283,-1.273
-1.292,0.137
-1.18,1.346
-1.343,-0.66
-1.224,2.085
-1.239,-0.735
-1.258,-0.366
-1.339,0.89
-1.503,0.748
-1.465,1.039
-1.598,1.917
-1.695,0.157
-1.86,0.606
-1.762,2.096
-1.785,1.031
-1.903,0.659
-2.158,1.637
-2.067,1.415
-2.101,-0.305
-2.183,-0.81
-2.206,1.662
-2.325,2.114
-2.476,2.438
-2.409,0.73
-2.394,2.409
-2.409,-0.451
-2.66,0.938
-2.545,1.65
-2.718,-0.098
-2.613,2.214
-2.645,-0.675
-2.805,2.346
-2.821,2.016
-2.711,1.83
-2.747,1.81
-2.875,1.551
-2.923,0.489
-3.001,0.091
-3.009,0.162
-3.063,1.054
3.138,-0.467
2.97,0.781
3.055,1.95
2.942,2.534
3.035,0.634
2.902,-0.549
2.973,-0.441
2.684,0.47
2.534,-0.643
2.503,-0.227
2.599,2.026
2.307,-0.009
2.142,2.278
1.957,1.375
1.966,-0.437
1.945,-0.808
1.78,1.912
1.582,1.447
1.317,0.498
1.077,-0.654
0.996,0.688
0.975,2.403
-0.828,-1.473
-1.448,-1.601
-1.47,-1.702
-1.458,-1.795
-2.621,-1.514
-2.774,-1.638
1.817,-1.684
1.047,-1.578
-0.908,2.453
-1.019,2.464
-1.286,2.51
-1.461,2.558
-1.609,2.445
1.318,2.354
0.594,-0.524
0.601,0.697
-0.772,-0.381
-1.616,2.436
2.62,0.968
2.354,-0.405
1.866,-0.542
0.882,-1.225
2.288,1.738
1.902,-0.092
1.726,-0.747
1.497,2.056
0.933,0.899
-2.446,0.945
2.272,0.033
2.31,-0.532
0.037,-1.431
-1.346,-1.41
1.918,-1.419
1.211,-1.403
0.817,-1.443
-0.695,-1.688
-1.649,-1.797
-2.565,-1.736
3.125,-1.995
2.53,-1.969
0.88,-1.893
-0.148,0.388
-0.166,-0.881
-0.174,-0.53
-0.127,-0.205
-0.262,-1.052
-0.357,-1.657
-0.472,-1.671
-0.472,-1.758
-0.521,-0.5
-0.547,-2.057
-0.678,-1.352
-0.664,0.154
-0.777,-1.009
-0.728,-0.812
-0.849,-1.231
-0.94,-2.071
-0.956,-1.175
-0.906,0.272
-0.976,0.091
-1.111,-2.261
-1.161,0.185
-1.249,-0.468
-1.333,-2.58
-1.289,-2.05
-1.369,-1.686
-1.349,-2.296
-1.451,-0.501
-1.477,-0.657
-1.684,-1.959
-1.709,-0.401
-1.675,-1.203
-1.746,-2.576
-1.75,-1.478
-1.718,-0.65
-1.821,0.121
-1.884,-0.31
-1.886,-0.692
-1.918,-1.914
-1.827,-2.994
-1.998,-1.281
-1.952,-1.577
-2.063,-2.779
-2.133,-2.364
-2.086,-0.484
-2.289,-2.877
-2.323,-2.31
-2.443,0.193
-2.383,-2.039
-2.431,-0.745
-2.453,-1.205
-2.463,-1.767
-2.472,-1.411
-2.566,-1.283
-2.516,-2.227
-2.605,0.615
-2.56,-1.418
-2.56,-2.304
-2.653,-2.139
-2.765,-0.724
-2.78,-2.227
-2.838,-1.042
-2.775,-0.183
-2.82,-1.029
-2.954,0.554
-2.889,-2.678
-2.919,-1.614
-2.941,-0.614
-2.97,-1.711
-3.043,-1.115
-3.085,-1.646
-3.039,-1.598
-3.139,0.051
-3.082,-1.459
3.127,-1.742
3.096,-0.625
3.065,-1.991
3.064,0.11
3.121,0.016
2.992,-0.141
2.866,0.574
2.827,-0.267
2.885,-1.173
2.874,-1.293
2.795,-0.04
2.734,-1.073
2.787,-0.921
2.668,0.351
2.677,-1.34
2.617,0.454
2.602,-2.43
2.609,-0.9
2.419,-2.344
2.317,-1.175
2.338,0.096
2.144,-1.419
2.076,-2.985
2.052,-0.809
1.97,0.124
2.002,-1.053
1.915,-2.364
1.854,-0.908
1.828,-1.701
1.726,0.067
1.689,-1.972
1.638,-0.335
1.576,0.146
1.616,-2.606
1.549,0.322
1.541,-1.977
1.244,-2.467
1.272,-1.164
1.178,-1.757
1.187,-2.371
1.16,-0.458
1.04,-1.741
0.893,-2.804
0.867,-2.453
0.865,-2.769
0.737,-1.146
0.677,-0.311
0.688,-1.36
0.68,-1.76
0.651,-1.035
0.725,-2.079
0.642,-0.206
-1.636,-3.533
-1.95,-3.412
-2.278,-3.434
-2.548,-3.574
1.598,-3.471
1.534,-3.415
1.195,-3.512
1.193,-3.482
0.86,-3.536
0.731,-3.455
0.247,0.697
-0.105,0.735
-0.599,0.74
-1.505,0.607
-1.633,0.481
-2.242,0.535
-2.913,0.557
2.377,0.541
2.262,0.725
1.412,0.583
1.217,0.446
1.967,0.598
-2.486,-3.361
0.669,-2.101
0.675,-2.81
0.513,-0.014
0.507,-0.63
0.46,-2.669
0.399,-2.087
0.402,0.487
0.5,-1.017
0.305,0.12
0.452,0.163
0.303,-1.365
0.25,-2.722
0.255,0.398
0.374,-1.85
0.258,-0.233
0.328,-1.244
0.324,-2.481
0.127,0.358
0.252,-1.234
0.177,-1.068
0.185,0.124
0.019,0.611
0.166,-1.386
0.01,-2.818
-0.041,-2.119
-0.051,0.236
0.06,-0.914
-0.15,-1.36
-0.063,-0.417
-0.017,-2.408
-0.108,-2.535
-0.26,0.548
-0.129,-0.148
-0.22,-0.549
-0.353,-0.783
-0.382,-1.946
-0.501,-1.985
-0.723,-0.83
-0.772,-2.445
-0.669,-0.932
-0.746,-2.208
-1.04,0.495
-1.013,-0.88
-1.162,-2.258
-1.155,-1.027
-1.34,-3.124
-1.349,-1.714
-1.237,-0.505
-1.4,-2.511
-1.281,0.234
-1.296,-2.586
-1.315,-2.217
-1.396,-0.961
-1.56,-1.103
-1.522,-0.812
-1.655,0.066
-1.752,-1.694
-1.917,-1.245
-1.819,0.245
-1.842,-0.82
-1.96,-1.192
-2.215,-0.214
-2.124,-0.436
-2.158,-2.156
-2.24,-2.661
-2.263,-0.189
-2.382,0.263
-2.533,0.587
-2.466,-1.121
-2.451,0.558
-2.466,-2.302
-2.717,-0.913
-2.602,-0.201
-2.775,-1.949
-2.67,0.363
-2.702,-2.526
-2.862,0.495
-2.878,0.165
-2.768,-0.021
-2.804,-0.041
-2.932,-0.3
-2.98,-1.362
-3.058,-1.76
-3.066,-1.689
-3.12,-0.797
3.081,-2.318
2.913,-1.07
2.998,0.099
2.885,0.683
2.978,-1.217
2.845,-2.4
2.916,-2.292
2.627,-1.381
2.477,-2.494
2.446,-2.078
2.542,0.175
2.25,-1.86
2.085,0.427
1.9,-0.476
1.909,-2.288
1.888,-2.659
1.723,0.061
1.525,-0.404
1.26,-1.353
1.02,-2.505
0.939,-1.163
0.918,0.552
-0.885,-3.324
-1.505,-3.452
-1.527,-3.553
-1.515,-3.646
-2.678,-3.365
-2.831,-3.489
1.76,-3.535
0.99,-3.429
-0.965,0.602
-1.076,0.613
-1.343,0.659
-1.518,0.707
-1.666,0.594
1.261,0.503
0.537,-2.375
0.544,-1.154
-0.829,-2.232
-1.673,0.585
2.563,-0.883
2.297,-2.256
1.809,-2.393
0.825,-3.076
2.231,-0.113
1.845,-1.943
1.669,-2.598
1.44,0.205
0.876,-0.952
-2.503,-0.906
2.215,-1.818
2.253,-2.383
-0.02,-3.282
-1.403,-3.261
1.861,-3.27
1.154,-3.254
0.76,-3.294
-0.752,-3.539
-1.706,-3.648
-2.622,-3.587
3.068,-3.846
2.473,-3.82
0.823,-3.744
-0.018,-1.269
-0.026,-0.918
0.021,-0.593
-0.114,-1.44
-0.209,-2.045
-0.324,-2.059
-0.324,-2.146
-0.373,-0.888
-0.399,-2.445
-0.53,-1.74
-0.516,-0.234
-0.629,-1.397
-0.58,-1.2
-0.701,-1.619
-0.792,-2.459
-0.808,-1.563
-0.758,-0.116
-0.828,-0.297
-0.963,-2.649
-1.013,-0.203
-1.101,-0.856
-1.185,-2.968
-1.141,-2.438
-1.221,-2.074
-1.201,-2.684
-1.303,-0.889
-1.329,-1.045
-1.536,-2.347
-1.561,-0.789
-1.527,-1.591
-1.598,-2.964
-1.602,-1.866
-1.57,-1.038
-1.673,-0.267
-1.736,-0.698
-1.738,-1.08
-1.77,-2.302
-1.679,-3.382
-1.85,-1.669
-1.804,-1.965
-1.915,-3.167
-1.985,-2.752
-1.938,-0.872
-2.141,-3.265
-2.175,-2.698
-2.295,-0.195
-2.235,-2.427
-2.283,-1.133
-2.305,-1.593
-2.315,-2.155
-2.324,-1.799
-2.418,-1.671
-2.368,-2.615
-2.457,0.227
-2.412,-1.806
-2.412,-2.692
-2.505,-2.527
-2.617,-1.112
-2.632,-2.615
-2.69,-1.43
-2.627,-0.571
-2.672,-1.417
-2.806,0.166
-2.741,-3.066
-2.771,-2.002
-2.793,-1.002
-2.822,-2.099
-2.895,-1.503
-2.937,-2.034
-2.891,-1.986
-2.991,-0.337
-2.934,-1.847
-3.008,-2.13
-3.039,-1.013
-3.07,-2.379
-3.071,-0.278
-3.014,-0.372
3.14,-0.529
3.014,0.186
2.975,-0.655
3.033,-1.561
3.022,-1.681
2.943,-0.428
2.882,-1.461
2.935,-1.309
2.816,-0.037
2.825,-1.728
2.765,0.066
2.75,-2.818
2.757,-1.288
2.567,-2.732
2.465,-1.563
2.486,-0.292
2.292,-1.807
2.224,-3.373
2.2,-1.197
2.118,-0.264
2.15,-1.441
2.063,-2.752
2.002,-1.296
1.976,-2.089
1.874,-0.321
1.837,-2.36
1.786,-0.723
1.724,-0.242
1.764,-2.994
1.697,-0.066
1.689,-2.365
1.392,-2.855
1.42,-1.552
1.326,-2.145
1.335,-2.759
1.308,-0.846
1.188,-2.129
1.041,-3.192
1.015,-2.841
1.013,-3.157
0.885,-1.534
0.825,-0.699
0.836,-1.748
0.828,-2.148
0.799,-1.423
0.873,-2.467
0.79,-0.594
-1.488,-3.921
-1.802,-3.8
-2.13,-3.822
-2.4,-3.962
1.746,-3.859
1.682,-3.803
1.343,-3.9
1.341,-3.87
1.008,-3.924
0.879,-3.843
0.395,0.309
0.043,0.347
-0.451,0.352
-1.357,0.219
-1.485,0.093
-2.094,0.147
-2.765,0.169
2.525,0.153
2.41,0.337
1.56,0.195
1.365,0.058
2.115,0.21
-2.338,-3.749
0.817,-2.489
0.823,-3.198
0.661,-0.402
0.655,-1.018
0.608,-3.057
0.547,-2.475
0.55,0.099
0.648,-1.405
0.453,-0.268
0.6,-0.225
0.451,-1.753
0.398,-3.11
0.403,0.01
0.522,-2.238
0.406,-0.621
0.476,-1.632
0.472,-2.869
0.275,-0.03
0.4,-1.622
0.325,-1.456
0.333,-0.264
0.167,0.223
0.314,-1.774
0.158,-3.206
0.107,-2.507
0.097,-0.152
0.208,-1.302
-0.002,-1.748
0.085,-0.805
0.131,-2.796
0.04,-2.923
-0.112,0.16
0.019,-0.536
-0.072,-0.937
-0.205,-1.171
-0.234,-2.334
-0.353,-2.373
-0.575,-1.218
-0.624,-2.833
-0.521,-1.32
-0.598,-2.596
-0.892,0.107
-0.865,-1.268
-1.014,-2.646
-1.007,-1.415
-1.192,-3.512
-1.201,-2.102
-1.089,-0.893
-1.252,-2.899
-1.133,-0.154
-1.148,-2.974
-1.167,-2.605
-1.248,-1.349
-1.412,-1.491
-1.374,-1.2
-1.507,-0.322
-1.604,-2.082
-1.769,-1.633
-1.671,-0.143
-1.694,-1.208
-1.812,-1.58
-2.067,-0.602
-1.976,-0.824
-2.01,-2.544
-2.092,-3.049
-2.115,-0.577
-2.234,-0.125
-2.385,0.199
-2.318,-1.509
-2.303,0.17
-2.318,-2.69
-2.569,-1.301
-2.454,-0.589
-2.627,-2.337
-2.522,-0.025
-2.554,-2.914
-2.714,0.107
-2.73,-0.223
-2.62,-0.409
-2.656,-0.429
-2.784,-0.688
-2.832,-1.75
-2.91,-2.148
-2.918,-2.077
-2.972,-1.185
-3.054,-2.706
3.061,-1.458
-3.137,-0.289
3.033,0.295
3.126,-1.605
2.993,-2.788
3.064,-2.68
2.775,-1.769
2.625,-2.882
2.594,-2.466
2.69,-0.213
2.398,-2.248
2.233,0.039
2.048,-0.864
2.057,-2.676
2.036,-3.047
1.871,-0.327
1.673,-0.792
1.408,-1.741
1.168,-2.893
1.087,-1.551
1.066,0.164
-0.737,-3.712
-1.357,-3.84
-1.379,-3.941
-1.367,-4.034
-2.53,-3.753
-2.683,-3.877
1.908,-3.923
1.138,-3.817
-0.817,0.214
-0.928,0.225
-1.195,0.271
-1.37,0.319
-1.518,0.206
1.409,0.115
0.685,-2.763
0.692,-1.542
-0.681,-2.62
-1.525,0.197
2.711,-1.271
2.445,-2.644
1.957,-2.781
0.973,-3.464
2.379,-0.501
1.993,-2.331
1.817,-2.986
1.588,-0.183
1.024,-1.34
-2.355,-1.294
2.363,-2.206
2.401,-2.771
0.128,-3.67
-1.255,-3.649
2.009,-3.658
1.302,-3.642
0.908,-3.682
-0.604,-3.927
-1.558,-4.036
-2.474,-3.975
-3.067,-4.234
2.621,-4.208
0.971,-4.132
-0.008,0.351
0.039,0.676
-0.096,-0.171
-0.191,-0.776
-0.306,-0.79
-0.306,-0.877
-0.355,0.381
-0.381,-1.176
-0.512,-0.471
-0.498,1.035
-0.611,-0.128
-0.562,0.069
-0.683,-0.35
-0.774,-1.19
-0.79,-0.294
-0.74,1.153
-0.81,0.972
-0.945,-1.38
-0.995,1.066
-1.083,0.413
-1.167,-1.699
-1.123,-1.169
-1.203,-0.805
-1.183,-1.415
-1.285,0.38
-1.311,0.224
-1.518,-1.078
-1.543,0.48
-1.509,-0.322
-1.58,-1.695
-1.584,-0.597
-1.552,0.231
-1.655,1.002
-1.718,0.571
-1.72,0.189
-1.752,-1.033
-1.661,-2.113
-1.832,-0.4
-1.786,-0.696
-1.897,-1.898
-1.967,-1.483
-1.92,0.397
-2.123,-1.996
-2.157,-1.429
-2.277,1.074
-2.217,-1.158
-2.265,0.136
-2.287,-0.324
-2.297,-0.886
-2.306,-0.53
-2.4,-0.402
-2.35,-1.346
-2.439,1.496
-2.394,-0.537
-2.394,-1.423
-2.487,-1.258
-2.599,0.157
-2.614,-1.346
-2.672,-0.161
-2.609,0.698
-2.654,-0.148
-2.788,1.435
-2.723,-1.797
-2.753,-0.733
-2.775,0.267
-2.804,-0.83
-2.877,-0.234
-2.919,-0.765
-2.873,-0.717
-2.973,0.932
-2.916,-0.578
-2.99,-0.861
-3.021,0.256
-3.052,-1.11
-3.053,0.991
-2.996,0.897
-3.125,0.74
3.032,1.455
2.993,0.614
3.051,-0.292
3.04,-0.412
2.961,0.841
2.9,-0.192
2.953,-0.04
2.834,1.232
2.843,-0.459
2.783,1.335
2.768,-1.549
2.775,-0.019
2.585,-1.463
2.483,-0.294
2.504,0.977
2.31,-0.538
2.242,-2.104
2.218,0.072
2.136,1.005
2.168,-0.172
2.081,-1.483
2.02,-0.027
1.994,-0.82
1.892,0.948
1.855,-1.091
1.804,0.546
1.742,1.027
1.782,-1.725
1.715,1.203
1.707,-1.096
1.41,-1.586
1.438,-0.283
1.344,-0.876
1.353,-1.49
1.326,0.423
1.206,-0.86
1.059,-1.923
1.033,-1.572
1.031,-1.888
0.903,-0.265
0.843,0.57
0.854,-0.479
0.846,-0.879
0.817,-0.154
0.891,-1.198
0.808,0.675
-1.47,-2.652
-1.784,-2.531
-2.112,-2.553
-2.382,-2.693
1.764,-2.59
1.7,-2.534
1.361,-2.631
1.359,-2.601
1.026,-2.655
0.897,-2.574
0.413,1.578
0.061,1.616
-0.433,1.621
-1.339,1.488
-1.467,1.362
-2.076,1.416
-2.747,1.438
2.543,1.422
2.428,1.606
1.578,1.464
1.383,1.327
2.133,1.479
-2.32,-2.48
0.835,-1.22
0.841,-1.929
0.679,0.867
0.673,0.251
0.626,-1.788
0.565,-1.206
0.568,1.368
0.666,-0.136
0.471,1.001
0.618,1.044
0.469,-0.484
0.416,-1.841
0.421,1.279
0.54,-0.969
0.424,0.648
0.494,-0.363
0.49,-1.6
0.293,1.239
0.418,-0.353
0.343,-0.187
0.351,1.005
0.185,1.492
0.332,-0.505
0.176,-1.937
0.125,-1.238
0.115,1.117
0.226,-0.033
0.016,-0.479
0.103,0.464
0.149,-1.527
0.058,-1.654
-0.094,1.429
0.037,0.733
-0.054,0.332
-0.187,0.098
-0.216,-1.065
-0.335,-1.104
-0.557,0.051
-0.606,-1.564
-0.503,-0.051
-0.58,-1.327
-0.874,1.376
-0.847,0.001
-0.996,-1.377
-0.989,-0.146
-1.174,-2.243
-1.183,-0.833
-1.071,0.376
-1.234,-1.63
-1.115,1.115
-1.13,-1.705
-1.149,-1.336
-1.23,-0.08
-1.394,-0.222
-1.356,0.069
-1.489,0.947
-1.586,-0.813
-1.751,-0.364
-1.653,1.126
-1.676,0.061
-1.794,-0.311
-2.049,0.667
-1.958,0.445
-1.992,-1.275
-2.074,-1.78
-2.097,0.692
-2.216,1.144
-2.367,1.468
-2.3,-0.24
-2.285,1.439
-2.3,-1.421
-2.551,-0.032
-2.436,0.68
-2.609,-1.068
-2.504,1.244
-2.536,-1.645
-2.696,1.376
-2.712,1.046
-2.602,0.86
-2.638,0.84
-2.766,0.581
-2.814,-0.481
-2.892,-0.879
-2.9,-0.808
-2.954,0.084
-3.036,-1.437
3.079,-0.189
-3.119,0.98
3.051,1.564
-3.139,-0.336
3.011,-1.519
3.082,-1.411
2.793,-0.5
2.643,-1.613
2.612,-1.197
2.708,1.056
2.416,-0.979
2.251,1.308
2.066,0.405
2.075,-1.407
2.054,-1.778
1.889,0.942
1.691,0.477
1.426,-0.472
1.186,-1.624
1.105,-0.282
1.084,1.433
-0.719,-2.443
-1.339,-2.571
-1.361,-2.672
-1.349,-2.765
-2.512,-2.484
-2.665,-2.608
1.926,-2.654
1.156,-2.548
-0.799,1.483
-0.91,1.494
-1.177,1.54
-1.352,1.588
-1.5,1.475
1.427,1.384
0.703,-1.494
0.71,-0.273
-0.663,-1.351
-1.507,1.466
2.729,-0.002
2.463,-1.375
1.975,-1.512
0.991,-2.195
2.397,0.768
2.011,-1.062
1.835,-1.717
1.606,1.086
1.042,-0.071
-2.337,-0.025
2.381,-0.937
2.419,-1.502
0.146,-2.401
-1.237,-2.38
2.027,-2.389
1.32,-2.373
0.926,-2.413
-0.586,-2.658
-1.54,-2.767
-2.456,-2.706
-3.049,-2.965
2.639,-2.939
0.989,-2.863
0.047,0.325
-0.088,-0.522
-0.183,-1.127
-0.298,-1.141
-0.298,-1.228
-0.347,0.03
-0.373,-1.527
-0.504,-0.822
-0.49,0.684
-0.603,-0.479
-0.554,-0.282
-0.675,-0.701
-0.766,-1.541
-0.782,-0.645
-0.732,0.802
-0.802,0.621
-0.937,-1.731
-0.987,0.715
-1.075,0.062
-1.159,-2.05
-1.115,-1.52
-1.195,-1.156
-1.175,-1.766
-1.277,0.029
-1.303,-0.127
-1.51,-1.429
-1.535,0.129
-1.501,-0.673
-1.572,-2.046
-1.576,-0.948
-1.544,-0.12
-1.647,0.651
-1.71,0.22
-1.712,-0.162
-1.744,-1.384
-1.653,-2.464
-1.824,-0.751
-1.778,-1.047
-1.889,-2.249
-1.959,-1.834
-1.912,0.046
-2.115,-2.347
-2.149,-1.78
-2.269,0.723
-2.209,-1.509
-2.257,-0.215
-2.279,-0.675
-2.289,-1.237
-2.298,-0.881
-2.392,-0.753
-2.342,-1.697
-2.431,1.145
-2.386,-0.888
-2.386,-1.774
-2.479,-1.609
-2.591,-0.194
-2.606,-1.697
-2.664,-0.512
-2.601,0.347
-2.646,-0.499
-2.78,1.084
-2.715,-2.148
-2.745,-1.084
-2.767,-0.084
-2.796,-1.181
-2.869,-0.585
-2.911,-1.116
-2.865,-1.068
-2.965,0.581
-2.908,-0.929
-2.982,-1.212
-3.013,-0.095
-3.044,-1.461
-3.045,0.64
-2.988,0.546
-3.117,0.389
3.04,1.104
3.001,0.263
3.059,-0.643
3.048,-0.763
2.969,0.49
2.908,-0.543
2.961,-0.391
2.842,0.881
2.851,-0.81
2.791,0.984
2.776,-1.9
2.783,-0.37
2.593,-1.814
2.491,-0.645
2.512,0.626
2.318,-0.889
2.25,-2.455
2.226,-0.279
2.144,0.654
2.176,-0.523
2.089,-1.834
2.028,-0.378
2.002,-1.171
1.9,0.597
1.863,-1.442
1.812,0.195
1.75,0.676
1.79,-2.076
1.723,0.852
1.715,-1.447
1.418,-1.937
1.446,-0.634
1.352,-1.227
1.361,-1.841
1.334,0.072
1.214,-1.211
1.067,-2.274
1.041,-1.923
1.039,-2.239
0.911,-0.616
0.851,0.219
0.862,-0.83
0.854,-1.23
0.825,-0.505
0.899,-1.549
0.816,0.324
-1.462,-3.003
-1.776,-2.882
-2.104,-2.904
-2.374,-3.044
1.772,-2.941
1.708,-2.885
1.369,-2.982
1.367,-2.952
1.034,-3.006
0.905,-2.925
0.421,1.227
0.069,1.265
-0.425,1.27
-1.331,1.137
-1.459,1.011
-2.068,1.065
-2.739,1.087
2.551,1.071
2.436,1.255
1.586,1.113
1.391,0.976
2.141,1.128
-2.312,-2.831
0.843,-1.571
0.849,-2.28
0.687,0.516
0.681,-0.1
0.634,-2.139
0.573,-1.557
0.576,1.017
0.674,-0.487
0.479,0.65
0.626,0.693
0.477,-0.835
0.424,-2.192
0.429,0.928
0.548,-1.32
0.432,0.297
0.502,-0.714
0.498,-1.951
0.301,0.888
0.426,-0.704
0.351,-0.538
0.359,0.654
0.193,1.141
0.34,-0.856
0.184,-2.288
0.133,-1.589
0.123,0.766
0.234,-0.384
0.024,-0.83
0.111,0.113
0.157,-1.878
0.066,-2.005
-0.086,1.078
0.045,0.382
-0.046,-0.019
-0.179,-0.253
-0.208,-1.416
-0.327,-1.455
-0.549,-0.3
-0.598,-1.915
-0.495,-0.402
-0.572,-1.678
-0.866,1.025
-0.839,-0.35
-0.988,-1.728
-0.981,-0.497
-1.166,-2.594
-1.175,-1.184
-1.063,0.025
-1.226,-1.981
-1.107,0.764
-1.122,-2.056
-1.141,-1.687
-1.222,-0.431
-1.386,-0.573
-1.348,-0.282
-1.481,0.596
-1.578,-1.164
-1.743,-0.715
-1.645,0.775
-1.668,-0.29
-1.786,-0.662
-2.041,0.316
-1.95,0.094
-1.984,-1.626
-2.066,-2.131
-2.089,0.341
-2.208,0.793
-2.359,1.117
-2.292,-0.591
-2.277,1.088
-2.292,-1.772
-2.543,-0.383
-2.428,0.329
-2.601,-1.419
-2.496,0.893
-2.528,-1.996
-2.688,1.025
-2.704,0.695
-2.594,0.509
-2.63,0.489
-2.758,0.23
-2.806,-0.832
-2.884,-1.23
-2.892,-1.159
-2.946,-0.267
-3.028,-1.788
3.087,-0.54
-3.111,0.629
3.059,1.213
-3.131,-0.687
3.019,-1.87
3.09,-1.762
2.801,-0.851
2.651,-1.964
2.62,-1.548
2.716,0.705
2.424,-1.33
2.259,0.957
2.074,0.054
2.083,-1.758
2.062,-2.129
1.897,0.591
1.699,0.126
1.434,-0.823
1.194,-1.975
1.113,-0.633
1.092,1.082
-0.711,-2.794
-1.331,-2.922
-1.353,-3.023
-1.341,-3.116
-2.504,-2.835
-2.657,-2.959
1.934,-3.005
1.164,-2.899
-0.791,1.132
-0.902,1.143
-1.169,1.189
-1.344,1.237
-1.492,1.124
1.435,1.033
0.711,-1.845
0.718,-0.624
-0.655,-1.702
-1.499,1.115
2.737,-0.353
2.471,-1.726
1.983,-1.863
0.999,-2.546
2.405,0.417
2.019,-1.413
1.843,-2.068
1.614,0.735
1.05,-0.422
-2.329,-0.376
2.389,-1.288
2.427,-1.853
0.154,-2.752
-1.229,-2.731
2.035,-2.74
1.328,-2.724
0.934,-2.764
-0.578,-3.009
-1.532,-3.118
-2.448,-3.057
-3.041,-3.316
2.647,-3.29
0.997,-3.214
-0.135,-0.847
-0.23,-1.452
-0.345,-1.466
-0.345,-1.553
-0.394,-0.295
-0.42,-1.852
-0.551,-1.147
-0.537,0.359
-0.65,-0.804
-0.601,-0.607
-0.722,-1.026
-0.813,-1.866
-0.829,-0.97
-0.779,0.477
-0.849,0.296
-0.984,-2.056
-1.034,0.39
-1.122,-0.263
-1.206,-2.375
-1.162,-1.845
-1.242,-1.481
-1.222,-2.091
-1.324,-0.296
-1.35,-0.452
-1.557,-1.754
-1.582,-0.196
-1.548,-0.998
-1.619,-2.371
-1.623,-1.273
-1.591,-0.445
-1.694,0.326
-1.757,-0.105
-1.759,-0.487
-1.791,-1.709
-1.7,-2.789
-1.871,-1.076
-1.825,-1.372
-1.936,-2.574
-2.006,-2.159
-1.959,-0.279
-2.162,-2.672
-2.196,-2.105
-2.316,0.398
-2.256,-1.834
-2.304,-0.54
-2.326,-1.0
-2.336,-1.562
-2.345,-1.206
-2.439,-1.078
-2.389,-2.022
-2.478,0.82
-2.433,-1.213
-2.433,-2.099
-2.526,-1.934
-2.638,-0.519
-2.653,-2.022
-2.711,-0.837
-2.648,0.022
-2.693,-0.824
-2.827,0.759
-2.762,-2.473
-2.792,-1.409
-2.814,-0.409
-2.843,-1.506
-2.916,-0.91
-2.958,-1.441
-2.912,-1.393
-3.012,0.256
-2.955,-1.254
-3.029,-1.537
-3.06,-0.42
-3.091,-1.786
-3.092,0.315
-3.035,0.221
3.119,0.064
2.993,0.779
2.954,-0.062
3.012,-0.968
3.001,-1.088
2.922,0.165
2.861,-0.868
2.914,-0.716
2.795,0.556
2.804,-1.135
2.744,0.659
2.729,-2.225
2.736,-0.695
2.546,-2.139
2.444,-0.97
2.465,0.301
2.271,-1.214
2.203,-2.78
2.179,-0.604
2.097,0.329
2.129,-0.848
2.042,-2.159
1.981,-0.703
1.955,-1.496
1.853,0.272
1.816,-1.767
1.765,-0.13
1.703,0.351
1.743,-2.401
1.676,0.527
1.668,-1.772
1.371,-2.262
1.399,-0.959
1.305,-1.552
1.314,-2.166
1.287,-0.253
1.167,-1.536
1.02,-2.599
0.994,-2.248
0.992,-2.564
0.864,-0.941
0.804,-0.106
0.815,-1.155
0.807,-1.555
0.778,-0.83
0.852,-1.874
0.769,-0.001
-1.509,-3.328
-1.823,-3.207
-2.151,-3.229
-2.421,-3.369
1.725,-3.266
1.661,-3.21
1.322,-3.307
1.32,-3.277
0.987,-3.331
0.858,-3.25
0.374,0.902
0.022,0.94
-0.472,0.945
-1.378,0.812
-1.506,0.686
-2.115,0.74
-2.786,0.762
2.504,0.746
2.389,0.93
1.539,0.788
1.344,0.651
2.094,0.803
-2.359,-3.156
0.796,-1.896
0.802,-2.605
0.64,0.191
0.634,-0.425
0.587,-2.464
0.526,-1.882
0.529,0.692
0.627,-0.812
0.432,0.325
0.579,0.368
0.43,-1.16
0.377,-2.517
0.382,0.603
0.501,-1.645
0.385,-0.028
0.455,-1.039
0.451,-2.276
0.254,0.563
0.379,-1.029
0.304,-0.863
0.312,0.329
0.146,0.816
0.293,-1.181
0.137,-2.613
0.086,-1.914
0.076,0.441
0.187,-0.709
-0.023,-1.155
0.064,-0.212
0.11,-2.203
0.019,-2.33
-0.133,0.753
-0.002,0.057
-0.093,-0.344
-0.226,-0.578
-0.255,-1.741
-0.374,-1.78
-0.596,-0.625
-0.645,-2.24
-0.542,-0.727
-0.619,-2.003
-0.913,0.7
-0.886,-0.675
-1.035,-2.053
-1.028,-0.822
-1.213,-2.919
-1.222,-1.509
-1.11,-0.3
-1.273,-2.306
-1.154,0.439
-1.169,-2.381
-1.188,-2.012
-1.269,-0.756
-1.433,-0.898
-1.395,-0.607
-1.528,0.271
-1.625,-1.489
-1.79,-1.04
-1.692,0.45
-1.715,-0.615
-1.833,-0.987
-2.088,-0.009
-1.997,-0.231
-2.031,-1.951
-2.113,-2.456
-2.136,0.016
-2.255,0.468
-2.406,0.792
-2.339,-0.916
-2.324,0.763
-2.339,-2.097
-2.59,-0.708
-2.475,0.004
-2.648,-1.744
-2.543,0.568
-2.575,-2.321
-2.735,0.7
-2.751,0.37
-2.641,0.184
-2.677,0.164
-2.805,-0.095
-2.853,-1.157
-2.931,-1.555
-2.939,-1.484
-2.993,-0.592
-3.075,-2.113
3.04,-0.865
3.125,0.304
3.012,0.888
3.105,-1.012
2.972,-2.195
3.043,-2.087
2.754,-1.176
2.604,-2.289
2.573,-1.873
2.669,0.38
2.377,-1.655
2.212,0.632
2.027,-0.271
2.036,-2.083
2.015,-2.454
1.85,0.266
1.652,-0.199
1.387,-1.148
1.147,-2.3
1.066,-0.958
1.045,0.757
-0.758,-3.119
-1.378,-3.247
-1.4,-3.348
-1.388,-3.441
-2.551,-3.16
-2.704,-3.284
1.887,-3.33
1.117,-3.224
-0.838,0.807
-0.949,0.818
-1.216,0.864
-1.391,0.912
-1.539,0.799
1.388,0.708
0.664,-2.17
0.671,-0.949
-0.702,-2.027
-1.546,0.79
2.69,-0.678
2.424,-2.051
1.936,-2.188
0.952,-2.871
2.358,0.092
1.972,-1.738
1.796,-2.393
1.567,0.41
1.003,-0.747
-2.376,-0.701
2.342,-1.613
2.38,-2.178
0.107,-3.077
-1.276,-3.056
1.988,-3.065
1.281,-3.049
0.887,-3.089
-0.625,-3.334
-1.579,-3.443
-2.495,-3.382
-3.088,-3.641
2.6,-3.615
0.95,-3.539
-0.095,-0.605
-0.21,-0.619
-0.21,-0.706
-0.259,0.552
-0.285,-1.005
-0.416,-0.3
-0.402,1.206
-0.515,0.043
-0.466,0.24
-0.587,-0.179
-0.678,-1.019
-0.694,-0.123
-0.644,1.324
-0.714,1.143
-0.849,-1.209
-0.899,1.237
-0.987,0.584
-1.071,-1.528
-1.027,-0.998
-1.107,-0.634
-1.087,-1.244
-1.189,0.551
-1.215,0.395
-1.422,-0.907
-1.447,0.651
-1.413,-0.151
-1.484,-1.524
-1.488,-0.426
-1.456,0.402
-1.559,1.173
-1.622,0.742
-1.624,0.36
-1.656,-0.862
-1.565,-1.942
-1.736,-0.229
-1.69,-0.525
-1.801,-1.727
-1.871,-1.312
-1.824,0.568
-2.027,-1.825
-2.061,-1.258
-2.181,1.245
-2.121,-0.987
-2.169,0.307
-2.191,-0.153
-2.201,-0.715
-2.21,-0.359
-2.304,-0.231
-2.254,-1.175
-2.343,1.667
-2.298,-0.366
-2.298,-1.252
-2.391,-1.087
-2.503,0.328
-2.518,-1.175
-2.576,0.01
-2.513,0.869
-2.558,0.023
-2.692,1.606
-2.627,-1.626
-2.657,-0.562
-2.679,0.438
-2.708,-0.659
-2.781,-0.063
-2.823,-0.594
-2.777,-0.546
-2.877,1.103
-2.82,-0.407
-2.894,-0.69
-2.925,0.427
-2.956,-0.939
-2.957,1.162
-2.9,1.068
-3.029,0.911
3.128,1.626
3.089,0.785
-3.136,-0.121
3.136,-0.241
3.057,1.012
2.996,-0.021
3.049,0.131
2.93,1.403
2.939,-0.288
2.879,1.506
2.864,-1.378
2.871,0.152
2.681,-1.292
2.579,-0.123
2.6,1.148
2.406,-0.367
2.338,-1.933
2.314,0.243
2.232,1.176
2.264,-0.001
2.177,-1.312
2.116,0.144
2.09,-0.649
1.988,1.119
1.951,-0.92
1.9,0.717
1.838,1.198
1.878,-1.554
1.811,1.374
1.803,-0.925
1.506,-1.415
1.534,-0.112
1.44,-0.705
1.449,-1.319
1.422,0.594
1.302,-0.689
1.155,-1.752
1.129,-1.401
1.127,-1.717
0.999,-0.094
0.939,0.741
0.95,-0.308
0.942,-0.708
0.913,0.017
0.987,-1.027
0.904,0.846
-1.374,-2.481
-1.688,-2.36
-2.016,-2.382
-2.286,-2.522
1.86,-2.419
1.796,-2.363
1.457,-2.46
1.455,-2.43
1.122,-2.484
0.993,-2.403
0.509,1.749
0.157,1.787
-0.337,1.792
-1.243,1.659
-1.371,1.533
-1.98,1.587
-2.651,1.609
2.639,1.593
2.524,1.777
1.674,1.635
1.479,1.498
2.229,1.65
-2.224,-2.309
0.931,-1.049
0.937,-1.758
0.775,1.038
0.769,0.422
0.722,-1.617
0.661,-1.035
0.664,1.539
0.762,0.035
0.567,1.172
0.714,1.215
0.565,-0.313
0.512,-1.67
0.517,1.45
0.636,-0.798
0.52,0.819
0.59,-0.192
0.586,-1.429
0.389,1.41
0.514,-0.182
0.439,-0.016
0.447,1.176
0.281,1.663
0.428,-0.334
0.272,-1.766
0.221,-1.067
0.211,1.288
0.322,0.138
0.112,-0.308
0.199,0.635
0.245,-1.356
0.154,-1.483
0.002,1.6
0.133,0.904
0.042,0.503
-0.091,0.269
-0.12,-0.894
-0.239,-0.933
-0.461,0.222
-0.51,-1.393
-0.407,0.12
-0.484,-1.156
-0.778,1.547
-0.751,0.172
-0.9,-1.206
-0.893,0.025
-1.078,-2.072
-1.087,-0.662
-0.975,0.547
-1.138,-1.459
-1.019,1.286
-1.034,-1.534
-1.053,-1.165
-1.134,0.091
-1.298,-0.051
-1.26,0.24
-1.393,1.118
-1.49,-0.642
-1.655,-0.193
-1.557,1.297
-1.58,0.232
-1.698,-0.14
-1.953,0.838
-1.862,0.616
-1.896,-1.104
-1.978,-1.609
-2.001,0.863
-2.12,1.315
-2.271,1.639
-2.204,-0.069
-2.189,1.61
-2.204,-1.25
-2.455,0.139
-2.34,0.851
-2.513,-0.897
-2.408,1.415
-2.44,-1.474
-2.6,1.547
-2.616,1.217
-2.506,1.031
-2.542,1.011
-2.67,0.752
-2.718,-0.31
-2.796,-0.708
-2.804,-0.637
-2.858,0.255
-2.94,-1.266
-3.108,-0.018
-3.023,1.151
-3.136,1.735
-3.043,-0.165
3.107,-1.348
-3.105,-1.24
2.889,-0.329
2.739,-1.442
2.708,-1.026
2.804,1.227
2.512,-0.808
2.347,1.479
2.162,0.576
2.171,-1.236
2.15,-1.607
1.985,1.113
1.787,0.648
1.522,-0.301
1.282,-1.453
1.201,-0.111
1.18,1.604
-0.623,-2.272
-1.243,-2.4
-1.265,-2.501
-1.253,-2.594
-2.416,-2.313
-2.569,-2.437
2.022,-2.483
1.252,-2.377
-0.703,1.654
-0.814,1.665
-1.081,1.711
-1.256,1.759
-1.404,1.646
1.523,1.555
0.799,-1.323
0.806,-0.102
-0.567,-1.18
-1.411,1.637
2.825,0.169
2.559,-1.204
2.071,-1.341
1.087,-2.024
2.493,0.939
2.107,-0.891
1.931,-1.546
1.702,1.257
1.138,0.1
-2.241,0.146
2.477,-0.766
2.515,-1.331
0.242,-2.23
-1.141,-2.209
2.123,-2.218
1.416,-2.202
1.022,-2.242
-0.49,-2.487
-1.444,-2.596
-2.36,-2.535
-2.953,-2.794
2.735,-2.768
1.085,-2.692
-0.115,-0.014
-0.115,-0.101
-0.164,1.157
-0.19,-0.4
-0.321,0.305
-0.307,1.811
-0.42,0.648
-0.371,0.845
-0.492,0.426
-0.583,-0.414
-0.599,0.482
-0.549,1.929
-0.619,1.748
-0.754,-0.604
-0.804,1.842
-0.892,1.189
-0.976,-0.923
-0.932,-0.393
-1.012,-0.029
-0.992,-0.639
-1.094,1.156
-1.12,1.0
-1.327,-0.302
-1.352,1.256
-1.318,0.454
-1.389,-0.919
-1.393,0.179
-1.361,1.007
-1.464,1.778
-1.527,1.347
-1.529,0.965
-1.561,-0.257
-1.47,-1.337
-1.641,0.376
-1.595,0.08
-1.706,-1.122
-1.776,-0.707
-1.729,1.173
-1.932,-1.22
-1.966,-0.653
-2.086,1.85
-2.026,-0.382
-2.074,0.912
-2.096,0.452
-2.106,-0.11
-2.115,0.246
-2.209,0.374
-2.159,-0.57
-2.248,2.272
-2.203,0.239
-2.203,-0.647
-2.296,-0.482
-2.408,0.933
-2.423,-0.57
-2.481,0.615
-2.418,1.474
-2.463,0.628
-2.597,2.211
-2.532,-1.021
-2.562,0.043
-2.584,1.043
-2.613,-0.054
-2.686,0.542
-2.728,0.011
-2.682,0.059
-2.782,1.708
-2.725,0.198
-2.799,-0.085
-2.83,1.032
-2.861,-0.334
-2.862,1.767
-2.805,1.673
-2.934,1.516
-3.06,2.231
-3.099,1.39
-3.041,0.484
-3.052,0.364
-3.131,1.617
3.091,0.584
-3.139,0.736
3.025,2.008
3.034,0.317
2.974,2.111
2.959,-0.773
2.966,0.757
2.776,-0.687
2.674,0.482
2.695,1.753
2.501,0.238
2.433,-1.328
2.409,0.848
2.327,1.781
2.359,0.604
2.272,-0.707
2.211,0.749
2.185,-0.044
2.083,1.724
2.046,-0.315
1.995,1.322
1.933,1.803
1.973,-0.949
1.906,1.979
1.898,-0.32
1.601,-0.81
1.629,0.493
1.535,-0.1
1.544,-0.714
1.517,1.199
1.397,-0.084
1.25,-1.147
1.224,-0.796
1.222,-1.112
1.094,0.511
1.034,1.346
1.045,0.297
1.037,-0.103
1.008,0.622
1.082,-0.422
0.999,1.451
-1.279,-1.876
-1.593,-1.755
-1.921,-1.777
-2.191,-1.917
1.955,-1.814
1.891,-1.758
1.552,-1.855
1.55,-1.825
1.217,-1.879
1.088,-1.798
0.604,2.354
0.252,2.392
-0.242,2.397
-1.148,2.264
-1.276,2.138
-1.885,2.192
-2.556,2.214
2.734,2.198
2.619,2.382
1.769,2.24
1.574,2.103
2.324,2.255
-2.129,-1.704
1.026,-0.444
1.032,-1.153
0.87,1.643
0.864,1.027
0.817,-1.012
0.756,-0.43
0.759,2.144
0.857,0.64
0.662,1.777
0.809,1.82
0.66,0.292
0.607,-1.065
0.612,2.055
0.731,-0.193
0.615,1.424
0.685,0.413
0.681,-0.824
0.484,2.015
0.609,0.423
0.534,0.589
0.542,1.781
0.376,2.268
0.523,0.271
0.367,-1.161
0.316,-0.462
0.306,1.893
0.417,0.743
0.207,0.297
0.294,1.24
0.34,-0.751
0.249,-0.878
0.097,2.205
0.228,1.509
0.137,1.108
0.004,0.874
-0.025,-0.289
-0.144,-0.328
-0.366,0.827
-0.415,-0.788
-0.312,0.725
-0.389,-0.551
-0.683,2.152
-0.656,0.777
-0.805,-0.601
-0.798,0.63
-0.983,-1.467
-0.992,-0.057
-0.88,1.152
-1.043,-0.854
-0.924,1.891
-0.939,-0.929
-0.958,-0.56
-1.039,0.696
-1.203,0.554
-1.165,0.845
-1.298,1.723
-1.395,-0.037
-1.56,0.412
-1.462,1.902
-1.485,0.837
-1.603,0.465
-1.858,1.443
-1.767,1.221
-1.801,-0.499
-1.883,-1.004
-1.906,1.468
-2.025,1.92
-2.176,2.244
-2.109,0.536
-2.094,2.215
-2.109,-0.645
-2.36,0.744
-2.245,1.456
-2.418,-0.292
-2.313,2.02
-2.345,-0.869
-2.505,2.152
-2.521,1.822
-2.411,1.636
-2.447,1.616
-2.575,1.357
-2.623,0.295
-2.701,-0.103
-2.709,-0.032
-2.763,0.86
-2.845,-0.661
-3.013,0.587
-2.928,1.756
-3.041,2.34
-2.948,0.44
-3.081,-0.743
-3.01,-0.635
2.984,0.276
2.834,-0.837
2.803,-0.421
2.899,1.832
2.607,-0.203
2.442,2.084
2.257,1.181
2.266,-0.631
2.245,-1.002
2.08,1.718
1.882,1.253
1.617,0.304
1.377,-0.848
1.296,0.494
1.275,2.209
-0.528,-1.667
-1.148,-1.795
-1.17,-1.896
-1.158,-1.989
-2.321,-1.708
-2.474,-1.832
2.117,-1.878
1.347,-1.772
-0.608,2.259
-0.719,2.27
-0.986,2.316
-1.161,2.364
-1.309,2.251
1.618,2.16
0.894,-0.718
0.901,0.503
-0.472,-0.575
-1.316,2.242
2.92,0.774
2.654,-0.599
2.166,-0.736
1.182,-1.419
2.588,1.544
2.202,-0.286
2.026,-0.941
1.797,1.862
1.233,0.705
-2.146,0.751
2.572,-0.161
2.61,-0.726
0.337,-1.625
-1.046,-1.604
2.218,-1.613
1.511,-1.597
1.117,-1.637
-0.395,-1.882
-1.349,-1.991
-2.265,-1.93
-2.858,-2.189
2.83,-2.163
1.18,-2.087
0.0,-0.087
-0.049,1.171
-0.075,-0.386
-0.206,0.319
-0.192,1.825
-0.305,0.662
-0.256,0.859
-0.377,0.44
-0.468,-0.4
-0.484,0.496
-0.434,1.943
-0.504,1.762
-0.639,-0.59
-0.689,1.856
-0.777,1.203
-0.861,-0.909
-0.817,-0.379
-0.897,-0.015
-0.877,-0.625
-0.979,1.17
-1.005,1.014
-1.212,-0.288
-1.237,1.27
-1.203,0.468
-1.274,-0.905
-1.278,0.193
-1.246,1.021
-1.349,1.792
-1.412,1.361
-1.414,0.979
-1.446,-0.243
-1.355,-1.323
-1.526,0.39
-1.48,0.094
-1.591,-1.108
-1.661,-0.693
-1.614,1.187
-1.817,-1.206
-1.851,-0.639
-1.971,1.864
-1.911,-0.368
-1.959,0.926
-1.981,0.466
-1.991,-0.096
-2.0,0.26
-2.094,0.388
-2.044,-0.556
-2.133,2.286
-2.088,0.253
-2.088,-0.633
-2.181,-0.468
-2.293,0.947
-2.308,-0.556
-2.366,0.629
-2.303,1.488
-2.348,0.642
-2.482,2.225
-2.417,-1.007
-2.447,0.057
-2.469,1.057
-2.498,-0.04
-2.571,0.556
-2.613,0.025
-2.567,0.073
-2.667,1.722
-2.61,0.212
-2.684,-0.071
-2.715,1.046
-2.746,-0.32
-2.747,1.781
-2.69,1.687
-2.819,1.53
-2.945,2.245
-2.984,1.404
-2.926,0.498
-2.937,0.378
-3.016,1.631
-3.077,0.598
-3.024,0.75
3.14,2.022
-3.134,0.331
3.089,2.125
3.074,-0.759
3.081,0.771
2.891,-0.673
2.789,0.496
2.81,1.767
2.616,0.252
2.548,-1.314
2.524,0.862
2.442,1.795
2.474,0.618
2.387,-0.693
2.326,0.763
2.3,-0.03
2.198,1.738
2.161,-0.301
2.11,1.336
2.048,1.817
2.088,-0.935
2.021,1.993
2.013,-0.306
1.716,-0.796
1.744,0.507
1.65,-0.086
1.659,-0.7
1.632,1.213
1.512,-0.07
1.365,-1.133
1.339,-0.782
1.337,-1.098
1.209,0.525
1.149,1.36
1.16,0.311
1.152,-0.089
1.123,0.636
1.197,-0.408
1.114,1.465
-1.164,-1.862
-1.478,-1.741
-1.806,-1.763
-2.076,-1.903
2.07,-1.8
2.006,-1.744
1.667,-1.841
1.665,-1.811
1.332,-1.865
1.203,-1.784
0.719,2.368
0.367,2.406
-0.127,2.411
-1.033,2.278
-1.161,2.152
-1.77,2.206
-2.441,2.228
2.849,2.212
2.734,2.396
1.884,2.254
1.689,2.117
2.439,2.269
-2.014,-1.69
1.141,-0.43
1.147,-1.139
0.985,1.657
0.979,1.041
0.932,-0.998
0.871,-0.416
0.874,2.158
0.972,0.654
0.777,1.791
0.924,1.834
0.775,0.306
0.722,-1.051
0.727,2.069
0.846,-0.179
0.73,1.438
0.8,0.427
0.796,-0.81
0.599,2.029
0.724,0.437
0.649,0.603
0.657,1.795
0.491,2.282
0.638,0.285
0.482,-1.147
0.431,-0.448
0.421,1.907
0.532,0.757
0.322,0.311
0.409,1.254
0.455,-0.737
0.364,-0.864
0.212,2.219
0.343,1.523
0.252,1.122
0.119,0.888
0.09,-0.275
-0.029,-0.314
-0.251,0.841
-0.3,-0.774
-0.197,0.739
-0.274,-0.537
-0.568,2.166
-0.541,0.791
-0.69,-0.587
-0.683,0.644
-0.868,-1.453
-0.877,-0.043
-0.765,1.166
-0.928,-0.84
-0.809,1.905
-0.824,-0.915
-0.843,-0.546
-0.924,0.71
-1.088,0.568
-1.05,0.859
-1.183,1.737
-1.28,-0.023
-1.445,0.426
-1.347,1.916
-1.37,0.851
-1.488,0.479
-1.743,1.457
-1.652,1.235
-1.686,-0.485
-1.768,-0.99
-1.791,1.482
-1.91,1.934
-2.061,2.258
-1.994,0.55
-1.979,2.229
-1.994,-0.631
-2.245,0.758
-2.13,1.47
-2.303,-0.278
-2.198,2.034
-2.23,-0.855
-2.39,2.166
-2.406,1.836
-2.296,1.65
-2.332,1.63
-2.46,1.371
-2.508,0.309
-2.586,-0.089
-2.594,-0.018
-2.648,0.874
-2.73,-0.647
-2.898,0.601
-2.813,1.77
-2.926,2.354
-2.833,0.454
-2.966,-0.729
-2.895,-0.621
3.099,0.29
2.949,-0.823
2.918,-0.407
3.014,1.846
2.722,-0.189
2.557,2.098
2.372,1.195
2.381,-0.617
2.36,-0.988
2.195,1.732
1.997,1.267
1.732,0.318
1.492,-0.834
1.411,0.508
1.39,2.223
-0.413,-1.653
-1.033,-1.781
-1.055,-1.882
-1.043,-1.975
-2.206,-1.694
-2.359,-1.818
2.232,-1.864
1.462,-1.758
-0.493,2.273
-0.604,2.284
-0.871,2.33
-1.046,2.378
-1.194,2.265
1.733,2.174
1.009,-0.704
1.016,0.517
-0.357,-0.561
-1.201,2.256
3.035,0.788
2.769,-0.585
2.281,-0.722
1.297,-1.405
2.703,1.558
2.317,-0.272
2.141,-0.927
1.912,1.876
1.348,0.719
-2.031,0.765
2.687,-0.147
2.725,-0.712
0.452,-1.611
-0.931,-1.59
2.333,-1.599
1.626,-1.583
1.232,-1.623
-0.28,-1.868
-1.234,-1.977
-2.15,-1.916
-2.743,-2.175
2.945,-2.149
1.295,-2.073
-0.049,1.258
-0.075,-0.299
-0.206,0.406
-0.192,1.912
-0.305,0.749
-0.256,0.946
-0.377,0.527
-0.468,-0.313
-0.484,0.583
-0.434,2.03
-0.504,1.849
-0.639,-0.503
-0.689,1.943
-0.777,1.29
-0.861,-0.822
-0.817,-0.292
-0.897,0.072
-0.877,-0.538
-0.979,1.257
-1.005,1.101
-1.212,-0.201
-1.237,1.357
-1.203,0.555
-1.274,-0.818
-1.278,0.28
-1.246,1.108
-1.349,1.879
-1.412,1.448
-1.414,1.066
-1.446,-0.156
-1.355,-1.236
-1.526,0.477
-1.48,0.181
-1.591,-1.021
-1.661,-0.606
-1.614,1.274
-1.817,-1.119
-1.851,-0.552
-1.971,1.951
-1.911,-0.281
-1.959,1.013
-1.981,0.553
-1.991,-0.009
-2.0,0.347
-2.094,0.475
-2.044,-0.469
-2.133,2.373
-2.088,0.34
-2.088,-0.546
-2.181,-0.381
-2.293,1.034
-2.308,-0.469
-2.366,0.716
-2.303,1.575
-2.348,0.729
-2.482,2.312
-2.417,-0.92
-2.447,0.144
-2.469,1.144
-2.498,0.047
-2.571,0.643
-2.613,0.112
-2.567,0.16
-2.667,1.809
-2.61,0.299
-2.684,0.016
-2.715,1.133
-2.746,-0.233
-2.747,1.868
-2.69,1.774
-2.819,1.617
-2.945,2.332
-2.984,1.491
-2.926,0.585
-2.937,0.465
-3.016,1.718
-3.077,0.685
-3.024,0.837
3.14,2.109
-3.134,0.418
3.089,2.212
3.074,-0.672
3.081,0.858
2.891,-0.586
2.789,0.583
2.81,1.854
2.616,0.339
2.548,-1.227
2.524,0.949
2.442,1.882
2.474,0.705
2.387,-0.606
2.326,0.85
2.3,0.057
2.198,1.825
2.161,-0.214
2.11,1.423
2.048,1.904
2.088,-0.848
2.021,2.08
2.013,-0.219
1.716,-0.709
1.744,0.594
1.65,0.001
1.659,-0.613
1.632,1.3
1.512,0.017
1.365,-1.046
1.339,-0.695
1.337,-1.011
1.209,0.612
1.149,1.447
1.16,0.398
1.152,-0.002
1.123,0.723
1.197,-0.321
1.114,1.552
-1.164,-1.775
-1.478,-1.654
-1.806,-1.676
-2.076,-1.816
2.07,-1.713
2.006,-1.657
1.667,-1.754
1.665,-1.724
1.332,-1.778
1.203,-1.697
0.719,2.455
0.367,2.493
-0.127,2.498
-1.033,2.365
-1.161,2.239
-1.77,2.293
-2.441,2.315
2.849,2.299
2.734,2.483
1.884,2.341
1.689,2.204
2.439,2.356
-2.014,-1.603
1.141,-0.343
1.147,-1.052
0.985,1.744
0.979,1.128
0.932,-0.911
0.871,-0.329
0.874,2.245
0.972,0.741
0.777,1.878
0.924,1.921
0.775,0.393
0.722,-0.964
0.727,2.156
0.846,-0.092
0.73,1.525
0.8,0.514
0.796,-0.723
0.599,2.116
0.724,0.524
0.649,0.69
0.657,1.882
0.491,2.369
0.638,0.372
0.482,-1.06
0.431,-0.361
0.421,1.994
0.532,0.844
0.322,0.398
0.409,1.341
0.455,-0.65
0.364,-0.777
0.212,2.306
0.343,1.61
0.252,1.209
0.119,0.975
0.09,-0.188
-0.029,-0.227
-0.251,0.928
-0.3,-0.687
-0.197,0.826
-0.274,-0.45
-0.568,2.253
-0.541,0.878
-0.69,-0.5
-0.683,0.731
-0.868,-1.366
-0.877,0.044
-0.765,1.253
-0.928,-0.753
-0.809,1.992
-0.824,-0.828
-0.843,-0.459
-0.924,0.797
-1.088,0.655
-1.05,0.946
-1.183,1.824
-1.28,0.064
-1.445,0.513
-1.347,2.003
-1.37,0.938
-1.488,0.566
-1.743,1.544
-1.652,1.322
-1.686,-0.398
-1.768,-0.903
-1.791,1.569
-1.91,2.021
-2.061,2.345
-1.994,0.637
-1.979,2.316
-1.994,-0.544
-2.245,0.845
-2.13,1.557
-2.303,-0.191
-2.198,2.121
-2.23,-0.768
-2.39,2.253
-2.406,1.923
-2.296,1.737
-2.332,1.717
-2.46,1.458
-2.508,0.396
-2.586,-0.002
-2.594,0.069
-2.648,0.961
-2.73,-0.56
-2.898,0.688
-2.813,1.857
-2.926,2.441
-2.833,0.541
-2.966,-0.642
-2.895,-0.534
3.099,0.377
2.949,-0.736
2.918,-0.32
3.014,1.933
2.722,-0.102
2.557,2.185
2.372,1.282
2.381,-0.53
2.36,-0.901
2.195,1.819
1.997,1.354
1.732,0.405
1.492,-0.747
1.411,0.595
1.39,2.31
-0.413,-1.566
-1.033,-1.694
-1.055,-1.795
-1.043,-1.888
-2.206,-1.607
-2.359,-1.731
2.232,-1.777
1.462,-1.671
-0.493,2.36
-0.604,2.371
-0.871,2.417
-1.046,2.465
-1.194,2.352
1.733,2.261
1.009,-0.617
1.016,0.604
-0.357,-0.474
-1.201,2.343
3.035,0.875
2.769,-0.498
2.281,-0.635
1.297,-1.318
2.703,1.645
2.317,-0.185
2.141,-0.84
1.912,1.963
1.348,0.806
-2.031,0.852
2.687,-0.06
2.725,-0.625
0.452,-1.524
-0.931,-1.503
2.333,-1.512
1.626,-1.496
1.232,-1.536
-0.28,-1.781
-1.234,-1.89
-2.15,-1.829
-2.743,-2.088
2.945,-2.062
1.295,-1.986
-0.026,-1.557
-0.157,-0.852
-0.143,0.654
-0.256,-0.509
-0.207,-0.312
-0.328,-0.731
-0.419,-1.571
-0.435,-0.675
-0.385,0.772
-0.455,0.591
-0.59,-1.761
-0.64,0.685
-0.728,0.032
-0.812,-2.08
-0.768,-1.55
-0.848,-1.186
-0.828,-1.796
-0.93,-0.001
-0.956,-0.157
-1.163,-1.459
-1.188,0.099
-1.154,-0.703
-1.225,-2.076
-1.229,-0.978
-1.197,-0.15
-1.3,0.621
-1.363,0.19
-1.365,-0.192
-1.397,-1.414
-1.306,-2.494
-1.477,-0.781
-1.431,-1.077
-1.542,-2.279
-1.612,-1.864
-1.565,0.016
-1.768,-2.377
-1.802,-1.81
-1.922,0.693
-1.862,-1.539
-1.91,-0.245
-1.932,-0.705
-1.942,-1.267
-1.951,-0.911
-2.045,-0.783
-1.995,-1.727
-2.084,1.115
-2.039,-0.918
-2.039,-1.804
-2.132,-1.639
-2.244,-0.224
-2.259,-1.727
-2.317,-0.542
-2.254,0.317
-2.299,-0.529
-2.433,1.054
-2.368,-2.178
-2.398,-1.114
-2.42,-0.114
-2.449,-1.211
-2.522,-0.615
-2.564,-1.146
-2.518,-1.098
-2.618,0.551
-2.561,-0.959
-2.635,-1.242
-2.666,-0.125
-2.697,-1.491
-2.698,0.61
-2.641,0.516
-2.77,0.359
-2.896,1.074
-2.935,0.233
-2.877,-0.673
-2.888,-0.793
-2.967,0.46
-3.028,-0.573
-2.975,-0.421
-3.094,0.851
-3.085,-0.84
3.138,0.954
3.123,-1.93
3.13,-0.4
2.94,-1.844
2.838,-0.675
2.859,0.596
2.665,-0.919
2.597,-2.485
2.573,-0.309
2.491,0.624
2.523,-0.553
2.436,-1.864
2.375,-0.408
2.349,-1.201
2.247,0.567
2.21,-1.472
2.159,0.165
2.097,0.646
2.137,-2.106
2.07,0.822
2.062,-1.477
1.765,-1.967
1.793,-0.664
1.699,-1.257
1.708,-1.871
1.681,0.042
1.561,-1.241
1.414,-2.304
1.388,-1.953
1.386,-2.269
1.258,-0.646
1.198,0.189
1.209,-0.86
1.201,-1.26
1.172,-0.535
1.246,-1.579
1.163,0.294
-1.115,-3.033
-1.429,-2.912
-1.757,-2.934
-2.027,-3.074
2.119,-2.971
2.055,-2.915
1.716,-3.012
1.714,-2.982
1.381,-3.036
1.252,-2.955
0.768,1.197
0.416,1.235
-0.078,1.24
-0.984,1.107
-1.112,0.981
-1.721,1.035
-2.392,1.057
2.898,1.041
2.783,1.225
1.933,1.083
1.738,0.946
2.488,1.098
-1.965,-2.861
1.19,-1.601
1.196,-2.31
1.034,0.486
1.028,-0.13
0.981,-2.169
0.92,-1.587
0.923,0.987
1.021,-0.517
0.826,0.62
0.973,0.663
0.824,-0.865
0.771,-2.222
0.776,0.898
0.895,-1.35
0.779,0.267
0.849,-0.744
0.845,-1.981
0.648,0.858
0.773,-0.734
0.698,-0.568
0.706,0.624
0.54,1.111
0.687,-0.886
0.531,-2.318
0.48,-1.619
0.47,0.736
0.581,-0.414
0.371,-0.86
0.458,0.083
0.504,-1.908
0.413,-2.035
0.261,1.048
0.392,0.352
0.301,-0.049
0.168,-0.283
0.139,-1.446
0.02,-1.485
-0.202,-0.33
-0.251,-1.945
-0.148,-0.432
-0.225,-1.708
-0.519,0.995
-0.492,-0.38
-0.641,-1.758
-0.634,-0.527
-0.819,-2.624
-0.828,-1.214
-0.716,-0.005
-0.879,-2.011
-0.76,0.734
-0.775,-2.086
-0.794,-1.717
-0.875,-0.461
-1.039,-0.603
-1.001,-0.312
-1.134,0.566
-1.231,-1.194
-1.396,-0.745
-1.298,0.745
-1.321,-0.32
-1.439,-0.692
-1.694,0.286
-1.603,0.064
-1.637,-1.656
-1.719,-2.161
-1.742,0.311
-1.861,0.763
-2.012,1.087
-1.945,-0.621
-1.93,1.058
-1.945,-1.802
-2.196,-0.413
-2.081,0.299
-2.254,-1.449
-2.149,0.863
-2.181,-2.026
-2.341,0.995
-2.357,0.665
-2.247,0.479
-2.283,0.459
-2.411,0.2
-2.459,-0.862
-2.537,-1.26
-2.545,-1.189
-2.599,-0.297
-2.681,-1.818
-2.849,-0.57
-2.764,0.599
-2.877,1.183
-2.784,-0.717
-2.917,-1.9
-2.846,-1.792
-3.135,-0.881
2.998,-1.994
2.967,-1.578
3.063,0.675
2.771,-1.36
2.606,0.927
2.421,0.024
2.43,-1.788
2.409,-2.159
2.244,0.561
2.046,0.096
1.781,-0.853
1.541,-2.005
1.46,-0.663
1.439,1.052
-0.364,-2.824
-0.984,-2.952
-1.006,-3.053
-0.994,-3.146
-2.157,-2.865
-2.31,-2.989
2.281,-3.035
1.511,-2.929
-0.444,1.102
-0.555,1.113
-0.822,1.159
-0.997,1.207
-1.145,1.094
1.782,1.003
1.058,-1.875
1.065,-0.654
-0.308,-1.732
-1.152,1.085
3.084,-0.383
2.818,-1.756
2.33,-1.893
1.346,-2.576
2.752,0.387
2.366,-1.443
2.19,-2.098
1.961,0.705
1.397,-0.452
-1.982,-0.406
2.736,-1.318
2.774,-1.883
0.501,-2.782
-0.882,-2.761
2.382,-2.77
1.675,-2.754
1.281,-2.794
-0.231,-3.039
-1.185,-3.148
-2.101,-3.087
-2.694,-3.346
2.994,-3.32
1.344,-3.244
-0.131,0.705
-0.117,2.211
-0.23,1.048
-0.181,1.245
-0.302,0.826
-0.393,-0.014
-0.409,0.882
-0.359,2.329
-0.429,2.148
-0.564,-0.204
-0.614,2.242
-0.702,1.589
-0.786,-0.523
-0.742,0.007
-0.822,0.371
-0.802,-0.239
-0.904,1.556
-0.93,1.4
-1.137,0.098
-1.162,1.656
-1.128,0.854
-1.199,-0.519
-1.203,0.579
-1.171,1.407
-1.274,2.178
-1.337,1.747
-1.339,1.365
-1.371,0.143
-1.28,-0.937
-1.451,0.776
-1.405,0.48
-1.516,-0.722
-1.586,-0.307
-1.539,1.573
-1.742,-0.82
-1.776,-0.253
-1.896,2.25
-1.836,0.018
-1.884,1.312
-1.906,0.852
-1.916,0.29
-1.925,0.646
-2.019,0.774
-1.969,-0.17
-2.058,2.672
-2.013,0.639
-2.013,-0.247
-2.106,-0.082
-2.218,1.333
-2.233,-0.17
-2.291,1.015
-2.228,1.874
-2.273,1.028
-2.407,2.611
-2.342,-0.621
-2.372,0.443
-2.394,1.443
-2.423,0.346
-2.496,0.942
-2.538,0.411
-2.492,0.459
-2.592,2.108
-2.535,0.598
-2.609,0.315
-2.64,1.432
-2.671,0.066
-2.672,2.167
-2.615,2.073
-2.744,1.916
-2.87,2.631
-2.909,1.79
-2.851,0.884
-2.862,0.764
-2.941,2.017
-3.002,0.984
-2.949,1.136
-3.068,2.408
-3.059,0.717
-3.119,2.511
-3.134,-0.373
-3.127,1.157
2.966,-0.287
2.864,0.882
2.885,2.153
2.691,0.638
2.623,-0.928
2.599,1.248
2.517,2.181
2.549,1.004
2.462,-0.307
2.401,1.149
2.375,0.356
2.273,2.124
2.236,0.085
2.185,1.722
2.123,2.203
2.163,-0.549
2.096,2.379
2.088,0.08
1.791,-0.41
1.819,0.893
1.725,0.3
1.734,-0.314
1.707,1.599
1.587,0.316
1.44,-0.747
1.414,-0.396
1.412,-0.712
1.284,0.911
1.224,1.746
1.235,0.697
1.227,0.297
1.198,1.022
1.272,-0.022
1.189,1.851
-1.089,-1.476
-1.403,-1.355
-1.731,-1.377
-2.001,-1.517
2.145,-1.414
2.081,-1.358
1.742,-1.455
1.74,-1.425
1.407,-1.479
1.278,-1.398
0.794,2.754
0.442,2.792
-0.052,2.797
-0.958,2.664
-1.086,2.538
-1.695,2.592
-2.366,2.614
2.924,2.598
2.809,2.782
1.959,2.64
1.764,2.503
2.514,2.655
-1.939,-1.304
1.216,-0.044
1.222,-0.753
1.06,2.043
1.054,1.427
1.007,-0.612
0.946,-0.03
0.949,2.544
1.047,1.04
0.852,2.177
0.999,2.22
0.85,0.692
0.797,-0.665
0.802,2.455
0.921,0.207
0.805,1.824
0.875,0.813
0.871,-0.424
0.674,2.415
0.799,0.823
0.724,0.989
0.732,2.181
0.566,2.668
0.713,0.671
0.557,-0.761
0.506,-0.062
0.496,2.293
0.607,1.143
0.397,0.697
0.484,1.64
0.53,-0.351
0.439,-0.478
0.287,2.605
0.418,1.909
0.327,1.508
0.194,1.274
0.165,0.111
0.046,0.072
-0.176,1.227
-0.225,-0.388
-0.122,1.125
-0.199,-0.151
-0.493,2.552
-0.466,1.177
-0.615,-0.201
-0.608,1.03
-0.793,-1.067
-0.802,0.343
-0.69,1.552
-0.853,-0.454
-0.734,2.291
-0.749,-0.529
-0.768,-0.16
-0.849,1.096
-1.013,0.954
-0.975,1.245
-1.108,2.123
-1.205,0.363
-1.37,0.812
-1.272,2.302
-1.295,1.237
-1.413,0.865
-1.668,1.843
-1.577,1.621
-1.611,-0.099
-1.693,-0.604
-1.716,1.868
-1.835,2.32
-1.986,2.644
-1.919,0.936
-1.904,2.615
-1.919,-0.245
-2.17,1.144
-2.055,1.856
-2.228,0.108
-2.123,2.42
-2.155,-0.469
-2.315,2.552
-2.331,2.222
-2.221,2.036
-2.257,2.016
-2.385,1.757
-2.433,0.695
-2.511,0.297
-2.519,0.368
-2.573,1.26
-2.655,-0.261
-2.823,0.987
-2.738,2.156
-2.851,2.74
-2.758,0.84
-2.891,-0.343
-2.82,-0.235
-3.109,0.676
3.024,-0.437
2.993,-0.021
3.089,2.232
2.797,0.197
2.632,2.484
2.447,1.581
2.456,-0.231
2.435,-0.602
2.27,2.118
2.072,1.653
1.807,0.704
1.567,-0.448
1.486,0.894
1.465,2.609
-0.338,-1.267
-0.958,-1.395
-0.98,-1.496
-0.968,-1.589
-2.131,-1.308
-2.284,-1.432
2.307,-1.478
1.537,-1.372
-0.418,2.659
-0.529,2.67
-0.796,2.716
-0.971,2.764
-1.119,2.651
1.808,2.56
1.084,-0.318
1.091,0.903
-0.282,-0.175
-1.126,2.642
3.11,1.174
2.844,-0.199
2.356,-0.336
1.372,-1.019
2.778,1.944
2.392,0.114
2.216,-0.541
1.987,2.262
1.423,1.105
-1.956,1.151
2.762,0.239
2.8,-0.326
0.527,-1.225
-0.856,-1.204
2.408,-1.213
1.701,-1.197
1.307,-1.237
-0.205,-1.482
-1.159,-1.591
-2.075,-1.53
-2.668,-1.789
3.02,-1.763
1.37,-1.687
0.014,1.506
-0.099,0.343
-0.05,0.54
-0.171,0.121
-0.262,-0.719
-0.278,0.177
-0.228,1.624
-0.298,1.443
-0.433,-0.909
-0.483,1.537
-0.571,0.884
-0.655,-1.228
-0.611,-0.698
-0.691,-0.334
-0.671,-0.944
-0.773,0.851
-0.799,0.695
-1.006,-0.607
-1.031,0.951
-0.997,0.149
-1.068,-1.224
-1.072,-0.126
-1.04,0.702
-1.143,1.473
-1.206,1.042
-1.208,0.66
-1.24,-0.562
-1.149,-1.642
-1.32,0.071
-1.274,-0.225
-1.385,-1.427
-1.455,-1.012
-1.408,0.868
-1.611,-1.525
-1.645,-0.958
-1.765,1.545
-1.705,-0.687
-1.753,0.607
-1.775,0.147
-1.785,-0.415
-1.794,-0.059
-1.888,0.069
-1.838,-0.875
-1.927,1.967
-1.882,-0.066
-1.882,-0.952
-1.975,-0.787
-2.087,0.628
-2.102,-0.875
-2.16,0.31
-2.097,1.169
-2.142,0.323
-2.276,1.906
-2.211,-1.326
-2.241,-0.262
-2.263,0.738
-2.292,-0.359
-2.365,0.237
-2.407,-0.294
-2.361,-0.246
-2.461,1.403
-2.404,-0.107
-2.478,-0.39
-2.509,0.727
-2.54,-0.639
-2.541,1.462
-2.484,1.368
-2.613,1.211
-2.739,1.926
-2.778,1.085
-2.72,0.179
-2.731,0.059
-2.81,1.312
-2.871,0.279
-2.818,0.431
-2.937,1.703
-2.928,0.012
-2.988,1.806
-3.003,-1.078
-2.996,0.452
3.097,-0.992
2.995,0.177
3.016,1.448
2.822,-0.067
2.754,-1.633
2.73,0.543
2.648,1.476
2.68,0.299
2.593,-1.012
2.532,0.444
2.506,-0.349
2.404,1.419
2.367,-0.62
2.316,1.017
2.254,1.498
2.294,-1.254
2.227,1.674
2.219,-0.625
1.922,-1.115
1.95,0.188
1.856,-0.405
1.865,-1.019
1.838,0.894
1.718,-0.389
1.571,-1.452
1.545,-1.101
1.543,-1.417
1.415,0.206
1.355,1.041
1.366,-0.008
1.358,-0.408
1.329,0.317
1.403,-0.727
1.32,1.146
-0.958,-2.181
-1.272,-2.06
-1.6,-2.082
-1.87,-2.222
2.276,-2.119
2.212,-2.063
1.873,-2.16
1.871,-2.13
1.538,-2.184
1.409,-2.103
0.925,2.049
0.573,2.087
0.079,2.092
-0.827,1.959
-0.955,1.833
-1.564,1.887
-2.235,1.909
3.055,1.893
2.94,2.077
2.09,1.935
1.895,1.798
2.645,1.95
-1.808,-2.009
1.347,-0.749
1.353,-1.458
1.191,1.338
1.185,0.722
1.138,-1.317
1.077,-0.735
1.08,1.839
1.178,0.335
0.983,1.472
1.13,1.515
0.981,-0.013
0.928,-1.37
0.933,1.75
1.052,-0.498
0.936,1.119
1.006,0.108
1.002,-1.129
0.805,1.71
0.93,0.118
0.855,0.284
0.863,1.476
0.697,1.963
0.844,-0.034
0.688,-1.466
0.637,-0.767
0.627,1.588
0.738,0.438
0.528,-0.008
0.615,0.935
0.661,-1.056
0.57,-1.183
0.418,1.9
0.549,1.204
0.458,0.803
0.325,0.569
0.296,-0.594
0.177,-0.633
-0.045,0.522
-0.094,-1.093
0.009,0.42
-0.068,-0.856
-0.362,1.847
-0.335,0.472
-0.484,-0.906
-0.477,0.325
-0.662,-1.772
-0.671,-0.362
-0.559,0.847
-0.722,-1.159
-0.603,1.586
-0.618,-1.234
-0.637,-0.865
-0.718,0.391
-0.882,0.249
-0.844,0.54
-0.977,1.418
-1.074,-0.342
-1.239,0.107
-1.141,1.597
-1.164,0.532
-1.282,0.16
-1.537,1.138
-1.446,0.916
-1.48,-0.804
-1.562,-1.309
-1.585,1.163
-1.704,1.615
-1.855,1.939
-1.788,0.231
-1.773,1.91
-1.788,-0.95
-2.039,0.439
-1.924,1.151
-2.097,-0.597
-1.992,1.715
-2.024,-1.174
-2.184,1.847
-2.2,1.517
-2.09,1.331
-2.126,1.311
-2.254,1.052
-2.302,-0.01
-2.38,-0.408
-2.388,-0.337
-2.442,0.555
-2.524,-0.966
-2.692,0.282
-2.607,1.451
-2.72,2.035
-2.627,0.135
-2.76,-1.048
-2.689,-0.94
-2.978,-0.029
-3.128,-1.142
3.124,-0.726
-3.063,1.527
2.928,-0.508
2.763,1.779
2.578,0.876
2.587,-0.936
2.566,-1.307
2.401,1.413
2.203,0.948
1.938,-0.001
1.698,-1.153
1.617,0.189
1.596,1.904
-0.207,-1.972
-0.827,-2.1
-0.849,-2.201
-0.837,-2.294
-2.0,-2.013
-2.153,-2.137
2.438,-2.183
1.668,-2.077
-0.287,1.954
-0.398,1.965
-0.665,2.011
-0.84,2.059
-0.988,1.946
1.939,1.855
1.215,-1.023
1.222,0.198
-0.151,-0.88
-0.995,1.937
-3.042,0.469
2.975,-0.904
2.487,-1.041
1.503,-1.724
2.909,1.239
2.523,-0.591
2.347,-1.246
2.118,1.557
1.554,0.4
-1.825,0.446
2.893,-0.466
2.931,-1.031
0.658,-1.93
-0.725,-1.909
2.539,-1.918
1.832,-1.902
1.438,-1.942
-0.074,-2.187
-1.028,-2.296
-1.944,-2.235
-2.537,-2.494
-3.132,-2.468
1.501,-2.392
-0.113,-1.163
-0.064,-0.966
-0.185,-1.385
-0.276,-2.225
-0.292,-1.329
-0.242,0.118
-0.312,-0.063
-0.447,-2.415
-0.497,0.031
-0.585,-0.622
-0.669,-2.734
-0.625,-2.204
-0.705,-1.84
-0.685,-2.45
-0.787,-0.655
-0.813,-0.811
-1.02,-2.113
-1.045,-0.555
-1.011,-1.357
-1.082,-2.73
-1.086,-1.632
-1.054,-0.804
-1.157,-0.033
-1.22,-0.464
-1.222,-0.846
-1.254,-2.068
-1.163,-3.148
-1.334,-1.435
-1.288,-1.731
-1.399,-2.933
-1.469,-2.518
-1.422,-0.638
-1.625,-3.031
-1.659,-2.464
-1.779,0.039
-1.719,-2.193
-1.767,-0.899
-1.789,-1.359
-1.799,-1.921
-1.808,-1.565
-1.902,-1.437
-1.852,-2.381
-1.941,0.461
-1.896,-1.572
-1.896,-2.458
-1.989,-2.293
-2.101,-0.878
-2.116,-2.381
-2.174,-1.196
-2.111,-0.337
-2.156,-1.183
-2.29,0.4
-2.225,-2.832
-2.255,-1.768
-2.277,-0.768
-2.306,-1.865
-2.379,-1.269
-2.421,-1.8
-2.375,-1.752
-2.475,-0.103
-2.418,-1.613
-2.492,-1.896
-2.523,-0.779
-2.554,-2.145
-2.555,-0.044
-2.498,-0.138
-2.627,-0.295
-2.753,0.42
-2.792,-0.421
-2.734,-1.327
-2.745,-1.447
-2.824,-0.194
-2.885,-1.227
-2.832,-1.075
-2.951,0.197
-2.942,-1.494
-3.002,0.3
-3.017,-2.584
-3.01,-1.054
3.083,-2.498
2.981,-1.329
3.002,-0.058
2.808,-1.573
2.74,-3.139
2.716,-0.963
2.634,-0.03
2.666,-1.207
2.579,-2.518
2.518,-1.062
2.492,-1.855
2.39,-0.087
2.353,-2.126
2.302,-0.489
2.24,-0.008
2.28,-2.76
2.213,0.168
2.205,-2.131
1.908,-2.621
1.936,-1.318
1.842,-1.911
1.851,-2.525
1.824,-0.612
1.704,-1.895
1.557,-2.958
1.531,-2.607
1.529,-2.923
1.401,-1.3
1.341,-0.465
1.352,-1.514
1.344,-1.914
1.315,-1.189
1.389,-2.233
1.306,-0.36
-0.972,-3.687
-1.286,-3.566
-1.614,-3.588
-1.884,-3.728
2.262,-3.625
2.198,-3.569
1.859,-3.666
1.857,-3.636
1.524,-3.69
1.395,-3.609
0.911,0.543
0.559,0.581
0.065,0.586
-0.841,0.453
-0.969,0.327
-1.578,0.381
-2.249,0.403
3.041,0.387
2.926,0.571
2.076,0.429
1.881,0.292
2.631,0.444
-1.822,-3.515
1.333,-2.255
1.339,-2.964
1.177,-0.168
1.171,-0.784
1.124,-2.823
1.063,-2.241
1.066,0.333
1.164,-1.171
0.969,-0.034
1.116,0.009
0.967,-1.519
0.914,-2.876
0.919,0.244
1.038,-2.004
0.922,-0.387
0.992,-1.398
0.988,-2.635
0.791,0.204
0.916,-1.388
0.841,-1.222
0.849,-0.03
0.683,0.457
0.83,-1.54
0.674,-2.972
0.623,-2.273
0.613,0.082
0.724,-1.068
0.514,-1.514
0.601,-0.571
0.647,-2.562
0.556,-2.689
0.404,0.394
0.535,-0.302
0.444,-0.703
0.311,-0.937
0.282,-2.1
0.163,-2.139
-0.059,-0.984
-0.108,-2.599
-0.005,-1.086
-0.082,-2.362
-0.376,0.341
-0.349,-1.034
-0.498,-2.412
-0.491,-1.181
-0.676,-3.278
-0.685,-1.868
-0.573,-0.659
-0.736,-2.665
-0.617,0.08
-0.632,-2.74
-0.651,-2.371
-0.732,-1.115
-0.896,-1.257
-0.858,-0.966
-0.991,-0.088
-1.088,-1.848
-1.253,-1.399
-1.155,0.091
-1.178,-0.974
-1.296,-1.346
-1.551,-0.368
-1.46,-0.59
-1.494,-2.31
-1.576,-2.815
-1.599,-0.343
-1.718,0.109
-1.869,0.433
-1.802,-1.275
-1.787,0.404
-1.802,-2.456
-2.053,-1.067
-1.938,-0.355
-2.111,-2.103
-2.006,0.209
-2.038,-2.68
-2.198,0.341
-2.214,0.011
-2.104,-0.175
-2.14,-0.195
-2.268,-0.454
-2.316,-1.516
-2.394,-1.914
-2.402,-1.843
-2.456,-0.951
-2.538,-2.472
-2.706,-1.224
-2.621,-0.055
-2.734,0.529
-2.641,-1.371
-2.774,-2.554
-2.703,-2.446
-2.992,-1.535
3.141,-2.648
3.11,-2.232
-3.077,0.021
2.914,-2.014
2.749,0.273
2.564,-0.63
2.573,-2.442
2.552,-2.813
2.387,-0.093
2.189,-0.558
1.924,-1.507
1.684,-2.659
1.603,-1.317
1.582,0.398
-0.221,-3.478
-0.841,-3.606
-0.863,-3.707
-0.851,-3.8
-2.014,-3.519
-2.167,-3.643
2.424,-3.689
1.654,-3.583
-0.301,0.448
-0.412,0.459
-0.679,0.505
-0.854,0.553
-1.002,0.44
1.925,0.349
1.201,-2.529
1.208,-1.308
-0.165,-2.386
-1.009,0.431
-3.056,-1.037
2.961,-2.41
2.473,-2.547
1.489,-3.23
2.895,-0.267
2.509,-2.097
2.333,-2.752
2.104,0.051
1.54,-1.106
-1.839,-1.06
2.879,-1.972
2.917,-2.537
0.644,-3.436
-0.739,-3.415
2.525,-3.424
1.818,-3.408
1.424,-3.448
-0.088,-3.693
-1.042,-3.802
-1.958,-3.741
-2.551,-4.0
3.137,-3.974
1.487,-3.898
0.049,0.197
-0.072,-0.222
-0.163,-1.062
-0.179,-0.166
-0.129,1.281
-0.199,1.1
-0.334,-1.252
-0.384,1.194
-0.472,0.541
-0.556,-1.571
-0.512,-1.041
-0.592,-0.677
-0.572,-1.287
-0.674,0.508
-0.7,0.352
-0.907,-0.95
-0.932,0.608
-0.898,-0.194
-0.969,-1.567
-0.973,-0.469
-0.941,0.359
-1.044,1.13
-1.107,0.699
-1.109,0.317
-1.141,-0.905
-1.05,-1.985
-1.221,-0.272
-1.175,-0.568
-1.286,-1.77
-1.356,-1.355
-1.309,0.525
-1.512,-1.868
-1.546,-1.301
-1.666,1.202
-1.606,-1.03
-1.654,0.264
-1.676,-0.196
-1.686,-0.758
-1.695,-0.402
-1.789,-0.274
-1.739,-1.218
-1.828,1.624
-1.783,-0.409
-1.783,-1.295
-1.876,-1.13
-1.988,0.285
-2.003,-1.218
-2.061,-0.033
-1.998,0.826
-2.043,-0.02
-2.177,1.563
-2.112,-1.669
-2.142,-0.605
-2.164,0.395
-2.193,-0.702
-2.266,-0.106
-2.308,-0.637
-2.262,-0.589
-2.362,1.06
-2.305,-0.45
-2.379,-0.733
-2.41,0.384
-2.441,-0.982
-2.442,1.119
-2.385,1.025
-2.514,0.868
-2.64,1.583
-2.679,0.742
-2.621,-0.164
-2.632,-0.284
-2.711,0.969
-2.772,-0.064
-2.719,0.088
-2.838,1.36
-2.829,-0.331
-2.889,1.463
-2.904,-1.421
-2.897,0.109
-3.087,-1.335
3.094,-0.166
3.115,1.105
2.921,-0.41
2.853,-1.976
2.829,0.2
2.747,1.133
2.779,-0.044
2.692,-1.355
2.631,0.101
2.605,-0.692
2.503,1.076
2.466,-0.963
2.415,0.674
2.353,1.155
2.393,-1.597
2.326,1.331
2.318,-0.968
2.021,-1.458
2.049,-0.155
1.955,-0.748
1.964,-1.362
1.937,0.551
1.817,-0.732
1.67,-1.795
1.644,-1.444
1.642,-1.76
1.514,-0.137
1.454,0.698
1.465,-0.351
1.457,-0.751
1.428,-0.026
1.502,-1.07
1.419,0.803
-0.859,-2.524
-1.173,-2.403
-1.501,-2.425
-1.771,-2.565
2.375,-2.462
2.311,-2.406
1.972,-2.503
1.97,-2.473
1.637,-2.527
1.508,-2.446
1.024,1.706
0.672,1.744
0.178,1.749
-0.728,1.616
-0.856,1.49
-1.465,1.544
-2.136,1.566
-3.129,1.55
3.039,1.734
2.189,1.592
1.994,1.455
2.744,1.607
-1.709,-2.352
1.446,-1.092
1.452,-1.801
1.29,0.995
1.284,0.379
1.237,-1.66
1.176,-1.078
1.179,1.496
1.277,-0.008
1.082,1.129
1.229,1.172
1.08,-0.356
1.027,-1.713
1.032,1.407
1.151,-0.841
1.035,0.776
1.105,-0.235
1.101,-1.472
0.904,1.367
1.029,-0.225
0.954,-0.059
0.962,1.133
0.796,1.62
0.943,-0.377
0.787,-1.809
0.736,-1.11
0.726,1.245
0.837,0.095
0.627,-0.351
0.714,0.592
0.76,-1.399
0.669,-1.526
0.517,1.557
0.648,0.861
0.557,0.46
0.424,0.226
0.395,-0.937
0.276,-0.976
0.054,0.179
0.005,-1.436
0.108,0.077
0.031,-1.199
-0.263,1.504
-0.236,0.129
-0.385,-1.249
-0.378,-0.018
-0.563,-2.115
-0.572,-0.705
-0.46,0.504
-0.623,-1.502
-0.504,1.243
-0.519,-1.577
-0.538,-1.208
-0.619,0.048
-0.783,-0.094
-0.745,0.197
-0.878,1.075
-0.975,-0.685
-1.14,-0.236
-1.042,1.254
-1.065,0.189
-1.183,-0.183
-1.438,0.795
-1.347,0.573
-1.381,-1.147
-1.463,-1.652
-1.486,0.82
-1.605,1.272
-1.756,1.596
-1.689,-0.112
-1.674,1.567
-1.689,-1.293
-1.94,0.096
-1.825,0.808
-1.998,-0.94
-1.893,1.372
-1.925,-1.517
-2.085,1.504
-2.101,1.174
-1.991,0.988
-2.027,0.968
-2.155,0.709
-2.203,-0.353
-2.281,-0.751
-2.289,-0.68
-2.343,0.212
-2.425,-1.309
-2.593,-0.061
-2.508,1.108
-2.621,1.692
-2.528,-0.208
-2.661,-1.391
-2.59,-1.283
-2.879,-0.372
-3.029,-1.485
-3.06,-1.069
-2.964,1.184
3.027,-0.851
2.862,1.436
2.677,0.533
2.686,-1.279
2.665,-1.65
2.5,1.07
2.302,0.605
2.037,-0.344
1.797,-1.496
1.716,-0.154
1.695,1.561
-0.108,-2.315
-0.728,-2.443
-0.75,-2.544
-0.738,-2.637
-1.901,-2.356
-2.054,-2.48
2.537,-2.526
1.767,-2.42
-0.188,1.611
-0.299,1.622
-0.566,1.668
-0.741,1.716
-0.889,1.603
2.038,1.512
1.314,-1.366
1.321,-0.145
-0.052,-1.223
-0.896,1.594
-2.943,0.126
3.074,-1.247
2.586,-1.384
1.602,-2.067
3.008,0.896
2.622,-0.934
2.446,-1.589
2.217,1.214
1.653,0.057
-1.726,0.103
2.992,-0.809
3.03,-1.374
0.757,-2.273
-0.626,-2.252
2.638,-2.261
1.931,-2.245
1.537,-2.285
0.025,-2.53
-0.929,-2.639
-1.845,-2.578
-2.438,-2.837
-3.033,-2.811
1.6,-2.735
-0.121,-0.419
-0.212,-1.259
-0.228,-0.363
-0.178,1.084
-0.248,0.903
-0.383,-1.449
-0.433,0.997
-0.521,0.344
-0.605,-1.768
-0.561,-1.238
-0.641,-0.874
-0.621,-1.484
-0.723,0.311
-0.749,0.155
-0.956,-1.147
-0.981,0.411
-0.947,-0.391
-1.018,-1.764
-1.022,-0.666
-0.99,0.162
-1.093,0.933
-1.156,0.502
-1.158,0.12
-1.19,-1.102
-1.099,-2.182
-1.27,-0.469
-1.224,-0.765
-1.335,-1.967
-1.405,-1.552
-1.358,0.328
-1.561,-2.065
-1.595,-1.498
-1.715,1.005
-1.655,-1.227
-1.703,0.067
-1.725,-0.393
-1.735,-0.955
-1.744,-0.599
-1.838,-0.471
-1.788,-1.415
-1.877,1.427
-1.832,-0.606
-1.832,-1.492
-1.925,-1.327
-2.037,0.088
-2.052,-1.415
-2.11,-0.23
-2.047,0.629
-2.092,-0.217
-2.226,1.366
-2.161,-1.866
-2.191,-0.802
-2.213,0.198
-2.242,-0.899
-2.315,-0.303
-2.357,-0.834
-2.311,-0.786
-2.411,0.863
-2.354,-0.647
-2.428,-0.93
-2.459,0.187
-2.49,-1.179
-2.491,0.922
-2.434,0.828
-2.563,0.671
-2.689,1.386
-2.728,0.545
-2.67,-0.361
-2.681,-0.481
-2.76,0.772
-2.821,-0.261
-2.768,-0.109
-2.887,1.163
-2.878,-0.528
-2.938,1.266
-2.953,-1.618
-2.946,-0.088
-3.136,-1.532
3.045,-0.363
3.066,0.908
2.872,-0.607
2.804,-2.173
2.78,0.003
2.698,0.936
2.73,-0.241
2.643,-1.552
2.582,-0.096
2.556,-0.889
2.454,0.879
2.417,-1.16
2.366,0.477
2.304,0.958
2.344,-1.794
2.277,1.134
2.269,-1.165
1.972,-1.655
2.0,-0.352
1.906,-0.945
1.915,-1.559
1.888,0.354
1.768,-0.929
1.621,-1.992
1.595,-1.641
1.593,-1.957
1.465,-0.334
1.405,0.501
1.416,-0.548
1.408,-0.948
1.379,-0.223
1.453,-1.267
1.37,0.606
-0.908,-2.721
-1.222,-2.6
-1.55,-2.622
-1.82,-2.762
2.326,-2.659
2.262,-2.603
1.923,-2.7
1.921,-2.67
1.588,-2.724
1.459,-2.643
0.975,1.509
0.623,1.547
0.129,1.552
-0.777,1.419
-0.905,1.293
-1.514,1.347
-2.185,1.369
3.105,1.353
2.99,1.537
2.14,1.395
1.945,1.258
2.695,1.41
-1.758,-2.549
1.397,-1.289
1.403,-1.998
1.241,0.798
1.235,0.182
1.188,-1.857
1.127,-1.275
1.13,1.299
1.228,-0.205
1.033,0.932
1.18,0.975
1.031,-0.553
0.978,-1.91
0.983,1.21
1.102,-1.038
0.986,0.579
1.056,-0.432
1.052,-1.669
0.855,1.17
0.98,-0.422
0.905,-0.256
0.913,0.936
0.747,1.423
0.894,-0.574
0.738,-2.006
0.687,-1.307
0.677,1.048
0.788,-0.102
0.578,-0.548
0.665,0.395
0.711,-1.596
0.62,-1.723
0.468,1.36
0.599,0.664
0.508,0.263
0.375,0.029
0.346,-1.134
0.227,-1.173
0.005,-0.018
-0.044,-1.633
0.059,-0.12
-0.018,-1.396
-0.312,1.307
-0.285,-0.068
-0.434,-1.446
-0.427,-0.215
-0.612,-2.312
-0.621,-0.902
-0.509,0.307
-0.672,-1.699
-0.553,1.046
-0.568,-1.774
-0.587,-1.405
-0.668,-0.149
-0.832,-0.291
-0.794,0.0
-0.927,0.878
-1.024,-0.882
-1.189,-0.433
-1.091,1.057
-1.114,-0.008
-1.232,-0.38
-1.487,0.598
-1.396,0.376
-1.43,-1.344
-1.512,-1.849
-1.535,0.623
-1.654,1.075
-1.805,1.399
-1.738,-0.309
-1.723,1.37
-1.738,-1.49
-1.989,-0.101
-1.874,0.611
-2.047,-1.137
-1.942,1.175
-1.974,-1.714
-2.134,1.307
-2.15,0.977
-2.04,0.791
-2.076,0.771
-2.204,0.512
-2.252,-0.55
-2.33,-0.948
-2.338,-0.877
-2.392,0.015
-2.474,-1.506
-2.642,-0.258
-2.557,0.911
-2.67,1.495
-2.577,-0.405
-2.71,-1.588
-2.639,-1.48
-2.928,-0.569
-3.078,-1.682
-3.109,-1.266
-3.013,0.987
2.978,-1.048
2.813,1.239
2.628,0.336
2.637,-1.476
2.616,-1.847
2.451,0.873
2.253,0.408
1.988,-0.541
1.748,-1.693
1.667,-0.351
1.646,1.364
-0.157,-2.512
-0.777,-2.64
-0.799,-2.741
-0.787,-2.834
-1.95,-2.553
-2.103,-2.677
2.488,-2.723
1.718,-2.617
-0.237,1.414
-0.348,1.425
-0.615,1.471
-0.79,1.519
-0.938,1.406
1.989,1.315
1.265,-1.563
1.272,-0.342
-0.101,-1.42
-0.945,1.397
-2.992,-0.071
3.025,-1.444
2.537,-1.581
1.553,-2.264
2.959,0.699
2.573,-1.131
2.397,-1.786
2.168,1.017
1.604,-0.14
-1.775,-0.094
2.943,-1.006
2.981,-1.571
0.708,-2.47
-0.675,-2.449
2.589,-2.458
1.882,-2.442
1.488,-2.482
-0.024,-2.727
-0.978,-2.836
-1.894,-2.775
-2.487,-3.034
-3.082,-3.008
1.551,-2.932
-0.091,-0.84
-0.107,0.056
-0.057,1.503
-0.127,1.322
-0.262,-1.03
-0.312,1.416
-0.4,0.763
-0.484,-1.349
-0.44,-0.819
-0.52,-0.455
-0.5,-1.065
-0.602,0.73
-0.628,0.574
-0.835,-0.728
-0.86,0.83
-0.826,0.028
-0.897,-1.345
-0.901,-0.247
-0.869,0.581
-0.972,1.352
-1.035,0.921
-1.037,0.539
-1.069,-0.683
-0.978,-1.763
-1.149,-0.05
-1.103,-0.346
-1.214,-1.548
-1.284,-1.133
-1.237,0.747
-1.44,-1.646
-1.474,-1.079
-1.594,1.424
-1.534,-0.808
-1.582,0.486
-1.604,0.026
-1.614,-0.536
-1.623,-0.18
-1.717,-0.052
-1.667,-0.996
-1.756,1.846
-1.711,-0.187
-1.711,-1.073
-1.804,-0.908
-1.916,0.507
-1.931,-0.996
-1.989,0.189
-1.926,1.048
-1.971,0.202
-2.105,1.785
-2.04,-1.447
-2.07,-0.383
-2.092,0.617
-2.121,-0.48
-2.194,0.116
-2.236,-0.415
-2.19,-0.367
-2.29,1.282
-2.233,-0.228
-2.307,-0.511
-2.338,0.606
-2.369,-0.76
-2.37,1.341
-2.313,1.247
-2.442,1.09
-2.568,1.805
-2.607,0.964
-2.549,0.058
-2.56,-0.062
-2.639,1.191
-2.7,0.158
-2.647,0.31
-2.766,1.582
-2.757,-0.109
-2.817,1.685
-2.832,-1.199
-2.825,0.331
-3.015,-1.113
-3.117,0.056
-3.096,1.327
2.993,-0.188
2.925,-1.754
2.901,0.422
2.819,1.355
2.851,0.178
2.764,-1.133
2.703,0.323
2.677,-0.47
2.575,1.298
2.538,-0.741
2.487,0.896
2.425,1.377
2.465,-1.375
2.398,1.553
2.39,-0.746
2.093,-1.236
2.121,0.067
2.027,-0.526
2.036,-1.14
2.009,0.773
1.889,-0.51
1.742,-1.573
1.716,-1.222
1.714,-1.538
1.586,0.085
1.526,0.92
1.537,-0.129
1.529,-0.529
1.5,0.196
1.574,-0.848
1.491,1.025
-0.787,-2.302
-1.101,-2.181
-1.429,-2.203
-1.699,-2.343
2.447,-2.24
2.383,-2.184
2.044,-2.281
2.042,-2.251
1.709,-2.305
1.58,-2.224
1.096,1.928
0.744,1.966
0.25,1.971
-0.656,1.838
-0.784,1.712
-1.393,1.766
-2.064,1.788
-3.057,1.772
3.111,1.956
2.261,1.814
2.066,1.677
2.816,1.829
-1.637,-2.13
1.518,-0.87
1.524,-1.579
1.362,1.217
1.356,0.601
1.309,-1.438
1.248,-0.856
1.251,1.718
1.349,0.214
1.154,1.351
1.301,1.394
1.152,-0.134
1.099,-1.491
1.104,1.629
1.223,-0.619
1.107,0.998
1.177,-0.013
1.173,-1.25
0.976,1.589
1.101,-0.003
1.026,0.163
1.034,1.355
0.868,1.842
1.015,-0.155
0.859,-1.587
0.808,-0.888
0.798,1.467
0.909,0.317
0.699,-0.129
0.786,0.814
0.832,-1.177
0.741,-1.304
0.589,1.779
0.72,1.083
0.629,0.682
0.496,0.448
0.467,-0.715
0.348,-0.754
0.126,0.401
0.077,-1.214
0.18,0.299
0.103,-0.977
-0.191,1.726
-0.164,0.351
-0.313,-1.027
-0.306,0.204
-0.491,-1.893
-0.5,-0.483
-0.388,0.726
-0.551,-1.28
-0.432,1.465
-0.447,-1.355
-0.466,-0.986
-0.547,0.27
-0.711,0.128
-0.673,0.419
-0.806,1.297
-0.903,-0.463
-1.068,-0.014
-0.97,1.476
-0.993,0.411
-1.111,0.039
-1.366,1.017
-1.275,0.795
-1.309,-0.925
-1.391,-1.43
-1.414,1.042
-1.533,1.494
-1.684,1.818
-1.617,0.11
-1.602,1.789
-1.617,-1.071
-1.868,0.318
-1.753,1.03
-1.926,-0.718
-1.821,1.594
-1.853,-1.295
-2.013,1.726
-2.029,1.396
-1.919,1.21
-1.955,1.19
-2.083,0.931
-2.131,-0.131
-2.209,-0.529
-2.217,-0.458
-2.271,0.434
-2.353,-1.087
-2.521,0.161
-2.436,1.33
-2.549,1.914
-2.456,0.014
-2.589,-1.169
-2.518,-1.061
-2.807,-0.15
-2.957,-1.263
-2.988,-0.847
-2.892,1.406
3.099,-0.629
2.934,1.658
2.749,0.755
2.758,-1.057
2.737,-1.428
2.572,1.292
2.374,0.827
2.109,-0.122
1.869,-1.274
1.788,0.068
1.767,1.783
-0.036,-2.093
-0.656,-2.221
-0.678,-2.322
-0.666,-2.415
-1.829,-2.134
-1.982,-2.258
2.609,-2.304
1.839,-2.198
-0.116,1.833
-0.227,1.844
-0.494,1.89
-0.669,1.938
-0.817,1.825
2.11,1.734
1.386,-1.144
1.393,0.077
0.02,-1.001
-0.824,1.816
-2.871,0.348
-3.137,-1.025
2.658,-1.162
1.674,-1.845
3.08,1.118
2.694,-0.712
2.518,-1.367
2.289,1.436
1.725,0.279
-1.654,0.325
3.064,-0.587
3.102,-1.152
0.829,-2.051
-0.554,-2.03
2.71,-2.039
2.003,-2.023
1.609,-2.063
0.097,-2.308
-0.857,-2.417
-1.773,-2.356
-2.366,-2.615
-2.961,-2.589
1.672,-2.513
-0.016,0.896
0.034,2.343
-0.036,2.162
-0.171,-0.19
-0.221,2.256
-0.309,1.603
-0.393,-0.509
-0.349,0.021
-0.429,0.385
-0.409,-0.225
-0.511,1.57
-0.537,1.414
-0.744,0.112
-0.769,1.67
-0.735,0.868
-0.806,-0.505
-0.81,0.593
-0.778,1.421
-0.881,2.192
-0.944,1.761
-0.946,1.379
-0.978,0.157
-0.887,-0.923
-1.058,0.79
-1.012,0.494
-1.123,-0.708
-1.193,-0.293
-1.146,1.587
-1.349,-0.806
-1.383,-0.239
-1.503,2.264
-1.443,0.032
-1.491,1.326
-1.513,0.866
-1.523,0.304
-1.532,0.66
-1.626,0.788
-1.576,-0.156
-1.665,2.686
-1.62,0.653
-1.62,-0.233
-1.713,-0.068
-1.825,1.347
-1.84,-0.156
-1.898,1.029
-1.835,1.888
-1.88,1.042
-2.014,2.625
-1.949,-0.607
-1.979,0.457
-2.001,1.457
-2.03,0.36
-2.103,0.956
-2.145,0.425
-2.099,0.473
-2.199,2.122
-2.142,0.612
-2.216,0.329
-2.247,1.446
-2.278,0.08
-2.279,2.181
-2.222,2.087
-2.351,1.93
-2.477,2.645
-2.516,1.804
-2.458,0.898
-2.469,0.778
-2.548,2.031
-2.609,0.998
-2.556,1.15
-2.675,2.422
-2.666,0.731
-2.726,2.525
-2.741,-0.359
-2.734,1.171
-2.924,-0.273
-3.026,0.896
-3.005,2.167
3.084,0.652
3.016,-0.914
2.992,1.262
2.91,2.195
2.942,1.018
2.855,-0.293
2.794,1.163
2.768,0.37
2.666,2.138
2.629,0.099
2.578,1.736
2.516,2.217
2.556,-0.535
2.489,2.393
2.481,0.094
2.184,-0.396
2.212,0.907
2.118,0.314
2.127,-0.3
2.1,1.613
1.98,0.33
1.833,-0.733
1.807,-0.382
1.805,-0.698
1.677,0.925
1.617,1.76
1.628,0.711
1.62,0.311
1.591,1.036
1.665,-0.008
1.582,1.865
-0.696,-1.462
-1.01,-1.341
-1.338,-1.363
-1.608,-1.503
2.538,-1.4
2.474,-1.344
2.135,-1.441
2.133,-1.411
1.8,-1.465
1.671,-1.384
1.187,2.768
0.835,2.806
0.341,2.811
-0.565,2.678
-0.693,2.552
-1.302,2.606
-1.973,2.628
-2.966,2.612
-3.081,2.796
2.352,2.654
2.157,2.517
2.907,2.669
-1.546,-1.29
1.609,-0.03
1.615,-0.739
1.453,2.057
1.447,1.441
1.4,-0.598
1.339,-0.016
1.342,2.558
1.44,1.054
1.245,2.191
1.392,2.234
1.243,0.706
1.19,-0.651
1.195,2.469
1.314,0.221
1.198,1.838
1.268,0.827
1.264,-0.41
1.067,2.429
1.192,0.837
1.117,1.003
1.125,2.195
0.959,2.682
1.106,0.685
0.95,-0.747
0.899,-0.048
0.889,2.307
1.0,1.157
0.79,0.711
0.877,1.654
0.923,-0.337
0.832,-0.464
0.68,2.619
0.811,1.923
0.72,1.522
0.587,1.288
0.558,0.125
0.439,0.086
0.217,1.241
0.168,-0.374
0.271,1.139
0.194,-0.137
-0.1,2.566
-0.073,1.191
-0.222,-0.187
-0.215,1.044
-0.4,-1.053
-0.409,0.357
-0.297,1.566
-0.46,-0.44
-0.341,2.305
-0.356,-0.515
-0.375,-0.146
-0.456,1.11
-0.62,0.968
-0.582,1.259
-0.715,2.137
-0.812,0.377
-0.977,0.826
-0.879,2.316
-0.902,1.251
-1.02,0.879
-1.275,1.857
-1.184,1.635
-1.218,-0.085
-1.3,-0.59
-1.323,1.882
-1.442,2.334
-1.593,2.658
-1.526,0.95
-1.511,2.629
-1.526,-0.231
-1.777,1.158
-1.662,1.87
-1.835,0.122
-1.73,2.434
-1.762,-0.455
-1.922,2.566
-1.938,2.236
-1.828,2.05
-1.864,2.03
-1.992,1.771
-2.04,0.709
-2.118,0.311
-2.126,0.382
-2.18,1.274
-2.262,-0.247
-2.43,1.001
-2.345,2.17
-2.458,2.754
-2.365,0.854
-2.498,-0.329
-2.427,-0.221
-2.716,0.69
-2.866,-0.423
-2.897,-0.007
-2.801,2.246
-3.093,0.211
3.025,2.498
2.84,1.595
2.849,-0.217
2.828,-0.588
2.663,2.132
2.465,1.667
2.2,0.718
1.96,-0.434
1.879,0.908
1.858,2.623
0.055,-1.253
-0.565,-1.381
-0.587,-1.482
-0.575,-1.575
-1.738,-1.294
-1.891,-1.418
2.7,-1.464
1.93,-1.358
-0.025,2.673
-0.136,2.684
-0.403,2.73
-0.578,2.778
-0.726,2.665
2.201,2.574
1.477,-0.304
1.484,0.917
0.111,-0.161
-0.733,2.656
-2.78,1.188
-3.046,-0.185
2.749,-0.322
1.765,-1.005
-3.112,1.958
2.785,0.128
2.609,-0.527
2.38,2.276
1.816,1.119
-1.563,1.165
-3.128,0.253
-3.09,-0.312
0.92,-1.211
-0.463,-1.19
2.801,-1.199
2.094,-1.183
1.7,-1.223
0.188,-1.468
-0.766,-1.577
-1.682,-1.516
-2.275,-1.775
-2.87,-1.749
1.763,-1.673
0.05,1.447
-0.02,1.266
-0.155,-1.086
-0.205,1.36
-0.293,0.707
-0.377,-1.405
-0.333,-0.875
-0.413,-0.511
-0.393,-1.121
-0.495,0.674
-0.521,0.518
-0.728,-0.784
-0.753,0.774
-0.719,-0.028
-0.79,-1.401
-0.794,-0.303
-0.762,0.525
-0.865,1.296
-0.928,0.865
-0.93,0.483
-0.962,-0.739
-0.871,-1.819
-1.042,-0.106
-0.996,-0.402
-1.107,-1.604
-1.177,-1.189
-1.13,0.691
-1.333,-1.702
-1.367,-1.135
-1.487,1.368
-1.427,-0.864
-1.475,0.43
-1.497,-0.03
-1.507,-0.592
-1.516,-0.236
-1.61,-0.108
-1.56,-1.052
-1.649,1.79
-1.604,-0.243
-1.604,-1.129
-1.697,-0.964
-1.809,0.451
-1.824,-1.052
-1.882,0.133
-1.819,0.992
-1.864,0.146
-1.998,1.729
-1.933,-1.503
-1.963,-0.439
-1.985,0.561
-2.014,-0.536
-2.087,0.06
-2.129,-0.471
-2.083,-0.423
-2.183,1.226
-2.126,-0.284
-2.2,-0.567
-2.231,0.55
-2.262,-0.816
-2.263,1.285
-2.206,1.191
-2.335,1.034
-2.461,1.749
-2.5,0.908
-2.442,0.002
-2.453,-0.118
-2.532,1.135
-2.593,0.102
-2.54,0.254
-2.659,1.526
-2.65,-0.165
-2.71,1.629
-2.725,-1.255
-2.718,0.275
-2.908,-1.169
-3.01,0.0
-2.989,1.271
3.1,-0.244
3.032,-1.81
3.008,0.366
2.926,1.299
2.958,0.122
2.871,-1.189
2.81,0.267
2.784,-0.526
2.682,1.242
2.645,-0.797
2.594,0.84
2.532,1.321
2.572,-1.431
2.505,1.497
2.497,-0.802
2.2,-1.292
2.228,0.011
2.134,-0.582
2.143,-1.196
2.116,0.717
1.996,-0.566
1.849,-1.629
1.823,-1.278
1.821,-1.594
1.693,0.029
1.633,0.864
1.644,-0.185
1.636,-0.585
1.607,0.14
1.681,-0.904
1.598,0.969
-0.68,-2.358
-0.994,-2.237
-1.322,-2.259
-1.592,-2.399
2.554,-2.296
2.49,-2.24
2.151,-2.337
2.149,-2.307
1.816,-2.361
1.687,-2.28
1.203,1.872
0.851,1.91
0.357,1.915
-0.549,1.782
-0.677,1.656
-1.286,1.71
-1.957,1.732
-2.95,1.716
-3.065,1.9
2.368,1.758
2.173,1.621
2.923,1.773
-1.53,-2.186
1.625,-0.926
1.631,-1.635
1.469,1.161
1.463,0.545
1.416,-1.494
1.355,-0.912
1.358,1.662
1.456,0.158
1.261,1.295
1.408,1.338
1.259,-0.19
1.206,-1.547
1.211,1.573
1.33,-0.675
1.214,0.942
1.284,-0.069
1.28,-1.306
1.083,1.533
1.208,-0.059
1.133,0.107
1.141,1.299
0.975,1.786
1.122,-0.211
0.966,-1.643
0.915,-0.944
0.905,1.411
1.016,0.261
0.806,-0.185
0.893,0.758
0.939,-1.233
0.848,-1.36
0.696,1.723
0.827,1.027
0.736,0.626
0.603,0.392
0.574,-0.771
0.455,-0.81
0.233,0.345
0.184,-1.27
0.287,0.243
0.21,-1.033
-0.084,1.67
-0.057,0.295
-0.206,-1.083
-0.199,0.148
-0.384,-1.949
-0.393,-0.539
-0.281,0.67
-0.444,-1.336
-0.325,1.409
-0.34,-1.411
-0.359,-1.042
-0.44,0.214
-0.604,0.072
-0.566,0.363
-0.699,1.241
-0.796,-0.519
-0.961,-0.07
-0.863,1.42
-0.886,0.355
-1.004,-0.017
-1.259,0.961
-1.168,0.739
-1.202,-0.981
-1.284,-1.486
-1.307,0.986
-1.426,1.438
-1.577,1.762
-1.51,0.054
-1.495,1.733
-1.51,-1.127
-1.761,0.262
-1.646,0.974
-1.819,-0.774
-1.714,1.538
-1.746,-1.351
-1.906,1.67
-1.922,1.34
-1.812,1.154
-1.848,1.134
-1.976,0.875
-2.024,-0.187
-2.102,-0.585
-2.11,-0.514
-2.164,0.378
-2.246,-1.143
-2.414,0.105
-2.329,1.274
-2.442,1.858
-2.349,-0.042
-2.482,-1.225
-2.411,-1.117
-2.7,-0.206
-2.85,-1.319
-2.881,-0.903
-2.785,1.35
-3.077,-0.685
3.041,1.602
2.856,0.699
2.865,-1.113
2.844,-1.484
2.679,1.236
2.481,0.771
2.216,-0.178
1.976,-1.33
1.895,0.012
1.874,1.727
0.071,-2.149
-0.549,-2.277
-0.571,-2.378
-0.559,-2.471
-1.722,-2.19
-1.875,-2.314
2.716,-2.36
1.946,-2.254
-0.009,1.777
-0.12,1.788
-0.387,1.834
-0.562,1.882
-0.71,1.769
2.217,1.678
1.493,-1.2
1.5,0.021
0.127,-1.057
-0.717,1.76
-2.764,0.292
-3.03,-1.081
2.765,-1.218
1.781,-1.901
-3.096,1.062
2.801,-0.768
2.625,-1.423
2.396,1.38
1.832,0.223
-1.547,0.269
-3.112,-0.643
-3.074,-1.208
0.936,-2.107
-0.447,-2.086
2.817,-2.095
2.11,-2.079
1.716,-2.119
0.204,-2.364
-0.75,-2.473
-1.666,-2.412
-2.259,-2.671
-2.854,-2.645
1.779,-2.569
-0.07,-0.181
-0.205,-2.533
-0.255,-0.087
-0.343,-0.74
-0.427,-2.852
-0.383,-2.322
-0.463,-1.958
-0.443,-2.568
-0.545,-0.773
-0.571,-0.929
-0.778,-2.231
-0.803,-0.673
-0.769,-1.475
-0.84,-2.848
-0.844,-1.75
-0.812,-0.922
-0.915,-0.151
-0.978,-0.582
-0.98,-0.964
-1.012,-2.186
-0.921,-3.266
-1.092,-1.553
-1.046,-1.849
-1.157,-3.051
-1.227,-2.636
-1.18,-0.756
-1.383,-3.149
-1.417,-2.582
-1.537,-0.079
-1.477,-2.311
-1.525,-1.017
-1.547,-1.477
-1.557,-2.039
-1.566,-1.683
-1.66,-1.555
-1.61,-2.499
-1.699,0.343
-1.654,-1.69
-1.654,-2.576
-1.747,-2.411
-1.859,-0.996
-1.874,-2.499
-1.932,-1.314
-1.869,-0.455
-1.914,-1.301
-2.048,0.282
-1.983,-2.95
-2.013,-1.886
-2.035,-0.886
-2.064,-1.983
-2.137,-1.387
-2.179,-1.918
-2.133,-1.87
-2.233,-0.221
-2.176,-1.731
-2.25,-2.014
-2.281,-0.897
-2.312,-2.263
-2.313,-0.162
-2.256,-0.256
-2.385,-0.413
-2.511,0.302
-2.55,-0.539
-2.492,-1.445
-2.503,-1.565
-2.582,-0.312
-2.643,-1.345
-2.59,-1.193
-2.709,0.079
-2.7,-1.612
-2.76,0.182
-2.775,-2.702
-2.768,-1.172
-2.958,-2.616
-3.06,-1.447
-3.039,-0.176
3.05,-1.691
2.982,-3.257
2.958,-1.081
2.876,-0.148
2.908,-1.325
2.821,-2.636
2.76,-1.18
2.734,-1.973
2.632,-0.205
2.595,-2.244
2.544,-0.607
2.482,-0.126
2.522,-2.878
2.455,0.05
2.447,-2.249
2.15,-2.739
2.178,-1.436
2.084,-2.029
2.093,-2.643
2.066,-0.73
1.946,-2.013
1.799,-3.076
1.773,-2.725
1.771,-3.041
1.643,-1.418
1.583,-0.583
1.594,-1.632
1.586,-2.032
1.557,-1.307
1.631,-2.351
1.548,-0.478
-0.73,-3.805
-1.044,-3.684
-1.372,-3.706
-1.642,-3.846
2.504,-3.743
2.44,-3.687
2.101,-3.784
2.099,-3.754
1.766,-3.808
1.637,-3.727
1.153,0.425
0.801,0.463
0.307,0.468
-0.599,0.335
-0.727,0.209
-1.336,0.263
-2.007,0.285
-3.0,0.269
-3.115,0.453
2.318,0.311
2.123,0.174
2.873,0.326
-1.58,-3.633
1.575,-2.373
1.581,-3.082
1.419,-0.286
1.413,-0.902
1.366,-2.941
1.305,-2.359
1.308,0.215
1.406,-1.289
1.211,-0.152
1.358,-0.109
1.209,-1.637
1.156,-2.994
1.161,0.126
1.28,-2.122
1.164,-0.505
1.234,-1.516
1.23,-2.753
1.033,0.086
1.158,-1.506
1.083,-1.34
1.091,-0.148
0.925,0.339
1.072,-1.658
0.916,-3.09
0.865,-2.391
0.855,-0.036
0.966,-1.186
0.756,-1.632
0.843,-0.689
0.889,-2.68
0.798,-2.807
0.646,0.276
0.777,-0.42
0.686,-0.821
0.553,-1.055
0.524,-2.218
0.405,-2.257
0.183,-1.102
0.134,-2.717
0.237,-1.204
0.16,-2.48
-0.134,0.223
-0.107,-1.152
-0.256,-2.53
-0.249,-1.299
-0.434,-3.396
-0.443,-1.986
-0.331,-0.777
-0.494,-2.783
-0.375,-0.038
-0.39,-2.858
-0.409,-2.489
-0.49,-1.233
-0.654,-1.375
-0.616,-1.084
-0.749,-0.206
-0.846,-1.966
-1.011,-1.517
-0.913,-0.027
-0.936,-1.092
-1.054,-1.464
-1.309,-0.486
-1.218,-0.708
-1.252,-2.428
-1.334,-2.933
-1.357,-0.461
-1.476,-0.009
-1.627,0.315
-1.56,-1.393
-1.545,0.286
-1.56,-2.574
-1.811,-1.185
-1.696,-0.473
-1.869,-2.221
-1.764,0.091
-1.796,-2.798
-1.956,0.223
-1.972,-0.107
-1.862,-0.293
-1.898,-0.313
-2.026,-0.572
-2.074,-1.634
-2.152,-2.032
-2.16,-1.961
-2.214,-1.069
-2.296,-2.59
-2.464,-1.342
-2.379,-0.173
-2.492,0.411
-2.399,-1.489
-2.532,-2.672
-2.461,-2.564
-2.75,-1.653
-2.9,-2.766
-2.931,-2.35
-2.835,-0.097
-3.127,-2.132
2.991,0.155
2.806,-0.748
2.815,-2.56
2.794,-2.931
2.629,-0.211
2.431,-0.676
2.166,-1.625
1.926,-2.777
1.845,-1.435
1.824,0.28
0.021,-3.596
-0.599,-3.724
-0.621,-3.825
-0.609,-3.918
-1.772,-3.637
-1.925,-3.761
2.666,-3.807
1.896,-3.701
-0.059,0.33
-0.17,0.341
-0.437,0.387
-0.612,0.435
-0.76,0.322
2.167,0.231
1.443,-2.647
1.45,-1.426
0.077,-2.504
-0.767,0.313
-2.814,-1.155
-3.08,-2.528
2.715,-2.665
1.731,-3.348
3.137,-0.385
2.751,-2.215
2.575,-2.87
2.346,-0.067
1.782,-1.224
-1.597,-1.178
3.121,-2.09
-3.124,-2.655
0.886,-3.554
-0.497,-3.533
2.767,-3.542
2.06,-3.526
1.666,-3.566
0.154,-3.811
-0.8,-3.92
-1.716,-3.859
-2.309,-4.118
-2.904,-4.092
1.729,-4.016
-0.135,-2.352
-0.185,0.094
-0.273,-0.559
-0.357,-2.671
-0.313,-2.141
-0.393,-1.777
-0.373,-2.387
-0.475,-0.592
-0.501,-0.748
-0.708,-2.05
-0.733,-0.492
-0.699,-1.294
-0.77,-2.667
-0.774,-1.569
-0.742,-0.741
-0.845,0.03
-0.908,-0.401
-0.91,-0.783
-0.942,-2.005
-0.851,-3.085
-1.022,-1.372
-0.976,-1.668
-1.087,-2.87
-1.157,-2.455
-1.11,-0.575
-1.313,-2.968
-1.347,-2.401
-1.467,0.102
-1.407,-2.13
-1.455,-0.836
-1.477,-1.296
-1.487,-1.858
-1.496,-1.502
-1.59,-1.374
-1.54,-2.318
-1.629,0.524
-1.584,-1.509
-1.584,-2.395
-1.677,-2.23
-1.789,-0.815
-1.804,-2.318
-1.862,-1.133
-1.799,-0.274
-1.844,-1.12
-1.978,0.463
-1.913,-2.769
-1.943,-1.705
-1.965,-0.705
-1.994,-1.802
-2.067,-1.206
-2.109,-1.737
-2.063,-1.689
-2.163,-0.04
-2.106,-1.55
-2.18,-1.833
-2.211,-0.716
-2.242,-2.082
-2.243,0.019
-2.186,-0.075
-2.315,-0.232
-2.441,0.483
-2.48,-0.358
-2.422,-1.264
-2.433,-1.384
-2.512,-0.131
-2.573,-1.164
-2.52,-1.012
-2.639,0.26
-2.63,-1.431
-2.69,0.363
-2.705,-2.521
-2.698,-0.991
-2.888,-2.435
-2.99,-1.266
-2.969,0.005
3.12,-1.51
3.052,-3.076
3.028,-0.9
2.946,0.033
2.978,-1.144
2.891,-2.455
2.83,-0.999
2.804,-1.792
2.702,-0.024
2.665,-2.063
2.614,-0.426
2.552,0.055
2.592,-2.697
2.525,0.231
2.517,-2.068
2.22,-2.558
2.248,-1.255
2.154,-1.848
2.163,-2.462
2.136,-0.549
2.016,-1.832
1.869,-2.895
1.843,-2.544
1.841,-2.86
1.713,-1.237
1.653,-0.402
1.664,-1.451
1.656,-1.851
1.627,-1.126
1.701,-2.17
1.618,-0.297
-0.66,-3.624
-0.974,-3.503
-1.302,-3.525
-1.572,-3.665
2.574,-3.562
2.51,-3.506
2.171,-3.603
2.169,-3.573
1.836,-3.627
1.707,-3.546
1.223,0.606
0.871,0.644
0.377,0.649
-0.529,0.516
-0.657,0.39
-1.266,0.444
-1.937,0.466
-2.93,0.45
-3.045,0.634
2.388,0.492
2.193,0.355
2.943,0.507
-1.51,-3.452
1.645,-2.192
1.651,-2.901
1.489,-0.105
1.483,-0.721
1.436,-2.76
1.375,-2.178
1.378,0.396
1.476,-1.108
1.281,0.029
1.428,0.072
1.279,-1.456
1.226,-2.813
1.231,0.307
1.35,-1.941
1.234,-0.324
1.304,-1.335
1.3,-2.572
1.103,0.267
1.228,-1.325
1.153,-1.159
1.161,0.033
0.995,0.52
1.142,-1.477
0.986,-2.909
0.935,-2.21
0.925,0.145
1.036,-1.005
0.826,-1.451
0.913,-0.508
0.959,-2.499
0.868,-2.626
0.716,0.457
0.847,-0.239
0.756,-0.64
0.623,-0.874
0.594,-2.037
0.475,-2.076
0.253,-0.921
0.204,-2.536
0.307,-1.023
0.23,-2.299
-0.064,0.404
-0.037,-0.971
-0.186,-2.349
-0.179,-1.118
-0.364,-3.215
-0.373,-1.805
-0.261,-0.596
-0.424,-2.602
-0.305,0.143
-0.32,-2.677
-0.339,-2.308
-0.42,-1.052
-0.584,-1.194
-0.546,-0.903
-0.679,-0.025
-0.776,-1.785
-0.941,-1.336
-0.843,0.154
-0.866,-0.911
-0.984,-1.283
-1.239,-0.305
-1.148,-0.527
-1.182,-2.247
-1.264,-2.752
-1.287,-0.28
-1.406,0.172
-1.557,0.496
-1.49,-1.212
-1.475,0.467
-1.49,-2.393
-1.741,-1.004
-1.626,-0.292
-1.799,-2.04
-1.694,0.272
-1.726,-2.617
-1.886,0.404
-1.902,0.074
-1.792,-0.112
-1.828,-0.132
-1.956,-0.391
-2.004,-1.453
-2.082,-1.851
-2.09,-1.78
-2.144,-0.888
-2.226,-2.409
-2.394,-1.161
-2.309,0.008
-2.422,0.592
-2.329,-1.308
-2.462,-2.491
-2.391,-2.383
-2.68,-1.472
-2.83,-2.585
-2.861,-2.169
-2.765,0.084
-3.057,-1.951
3.061,0.336
2.876,-0.567
2.885,-2.379
2.864,-2.75
2.699,-0.03
2.501,-0.495
2.236,-1.444
1.996,-2.596
1.915,-1.254
1.894,0.461
0.091,-3.415
-0.529,-3.543
-0.551,-3.644
-0.539,-3.737
-1.702,-3.456
-1.855,-3.58
2.736,-3.626
1.966,-3.52
0.011,0.511
-0.1,0.522
-0.367,0.568
-0.542,0.616
-0.69,0.503
2.237,0.412
1.513,-2.466
1.52,-1.245
0.147,-2.323
-0.697,0.494
-2.744,-0.974
-3.01,-2.347
2.785,-2.484
1.801,-3.167
-3.076,-0.204
2.821,-2.034
2.645,-2.689
2.416,0.114
1.852,-1.043
-1.527,-0.997
-3.092,-1.909
-3.054,-2.474
0.956,-3.373
-0.427,-3.352
2.837,-3.361
2.13,-3.345
1.736,-3.385
0.224,-3.63
-0.73,-3.739
-1.646,-3.678
-2.239,-3.937
-2.834,-3.911
1.799,-3.835
-0.05,2.446
-0.138,1.793
-0.222,-0.319
-0.178,0.211
-0.258,0.575
-0.238,-0.035
-0.34,1.76
-0.366,1.604
-0.573,0.302
-0.598,1.86
-0.564,1.058
-0.635,-0.315
-0.639,0.783
-0.607,1.611
-0.71,2.382
-0.773,1.951
-0.775,1.569
-0.807,0.347
-0.716,-0.733
-0.887,0.98
-0.841,0.684
-0.952,-0.518
-1.022,-0.103
-0.975,1.777
-1.178,-0.616
-1.212,-0.049
-1.332,2.454
-1.272,0.222
-1.32,1.516
-1.342,1.056
-1.352,0.494
-1.361,0.85
-1.455,0.978
-1.405,0.034
-1.494,2.876
-1.449,0.843
-1.449,-0.043
-1.542,0.122
-1.654,1.537
-1.669,0.034
-1.727,1.219
-1.664,2.078
-1.709,1.232
-1.843,2.815
-1.778,-0.417
-1.808,0.647
-1.83,1.647
-1.859,0.55
-1.932,1.146
-1.974,0.615
-1.928,0.663
-2.028,2.312
-1.971,0.802
-2.045,0.519
-2.076,1.636
-2.107,0.27
-2.108,2.371
-2.051,2.277
-2.18,2.12
-2.306,2.835
-2.345,1.994
-2.287,1.088
-2.298,0.968
-2.377,2.221
-2.438,1.188
-2.385,1.34
-2.504,2.612
-2.495,0.921
-2.555,2.715
-2.57,-0.169
-2.563,1.361
-2.753,-0.083
-2.855,1.086
-2.834,2.357
-3.028,0.842
-3.096,-0.724
-3.12,1.452
3.081,2.385
3.113,1.208
3.026,-0.103
2.965,1.353
2.939,0.56
2.837,2.328
2.8,0.289
2.749,1.926
2.687,2.407
2.727,-0.345
2.66,2.583
2.652,0.284
2.355,-0.206
2.383,1.097
2.289,0.504
2.298,-0.11
2.271,1.803
2.151,0.52
2.004,-0.543
1.978,-0.192
1.976,-0.508
1.848,1.115
1.788,1.95
1.799,0.901
1.791,0.501
1.762,1.226
1.836,0.182
1.753,2.055
-0.525,-1.272
-0.839,-1.151
-1.167,-1.173
-1.437,-1.313
2.709,-1.21
2.645,-1.154
2.306,-1.251
2.304,-1.221
1.971,-1.275
1.842,-1.194
1.358,2.958
1.006,2.996
0.512,3.001
-0.394,2.868
-0.522,2.742
-1.131,2.796
-1.802,2.818
-2.795,2.802
-2.91,2.986
2.523,2.844
2.328,2.707
3.078,2.859
-1.375,-1.1
1.78,0.16
1.786,-0.549
1.624,2.247
1.618,1.631
1.571,-0.408
1.51,0.174
1.513,2.748
1.611,1.244
1.416,2.381
1.563,2.424
1.414,0.896
1.361,-0.461
1.366,2.659
1.485,0.411
1.369,2.028
1.439,1.017
1.435,-0.22
1.238,2.619
1.363,1.027
1.288,1.193
1.296,2.385
1.13,2.872
1.277,0.875
1.121,-0.557
1.07,0.142
1.06,2.497
1.171,1.347
0.961,0.901
1.048,1.844
1.094,-0.147
1.003,-0.274
0.851,2.809
0.982,2.113
0.891,1.712
0.758,1.478
0.729,0.315
0.61,0.276
0.388,1.431
0.339,-0.184
0.442,1.329
0.365,0.053
0.071,2.756
0.098,1.381
-0.051,0.003
-0.044,1.234
-0.229,-0.863
-0.238,0.547
-0.126,1.756
-0.289,-0.25
-0.17,2.495
-0.185,-0.325
-0.204,0.044
-0.285,1.3
-0.449,1.158
-0.411,1.449
-0.544,2.327
-0.641,0.567
-0.806,1.016
-0.708,2.506
-0.731,1.441
-0.849,1.069
-1.104,2.047
-1.013,1.825
-1.047,0.105
-1.129,-0.4
-1.152,2.072
-1.271,2.524
-1.422,2.848
-1.355,1.14
-1.34,2.819
-1.355,-0.041
-1.606,1.348
-1.491,2.06
-1.664,0.312
-1.559,2.624
-1.591,-0.265
-1.751,2.756
-1.767,2.426
-1.657,2.24
-1.693,2.22
-1.821,1.961
-1.869,0.899
-1.947,0.501
-1.955,0.572
-2.009,1.464
-2.091,-0.057
-2.259,1.191
-2.174,2.36
-2.287,2.944
-2.194,1.044
-2.327,-0.139
-2.256,-0.031
-2.545,0.88
-2.695,-0.233
-2.726,0.183
-2.63,2.436
-2.922,0.401
-3.087,2.688
3.011,1.785
3.02,-0.027
2.999,-0.398
2.834,2.322
2.636,1.857
2.371,0.908
2.131,-0.244
2.05,1.098
2.029,2.813
0.226,-1.063
-0.394,-1.191
-0.416,-1.292
-0.404,-1.385
-1.567,-1.104
-1.72,-1.228
2.871,-1.274
2.101,-1.168
0.146,2.863
0.035,2.874
-0.232,2.92
-0.407,2.968
-0.555,2.855
2.372,2.764
1.648,-0.114
1.655,1.107
0.282,0.029
-0.562,2.846
-2.609,1.378
-2.875,0.005
2.92,-0.132
1.936,-0.815
-2.941,2.148
2.956,0.318
2.78,-0.337
2.551,2.466
1.987,1.309
-1.392,1.355
-2.957,0.443
-2.919,-0.122
1.091,-1.021
-0.292,-1.0
2.972,-1.009
2.265,-0.993
1.871,-1.033
0.359,-1.278
-0.595,-1.387
-1.511,-1.326
-2.104,-1.585
-2.699,-1.559
1.934,-1.483
-0.088,-0.653
-0.172,-2.765
-0.128,-2.235
-0.208,-1.871
-0.188,-2.481
-0.29,-0.686
-0.316,-0.842
-0.523,-2.144
-0.548,-0.586
-0.514,-1.388
-0.585,-2.761
-0.589,-1.663
-0.557,-0.835
-0.66,-0.064
-0.723,-0.495
-0.725,-0.877
-0.757,-2.099
-0.666,-3.179
-0.837,-1.466
-0.791,-1.762
-0.902,-2.964
-0.972,-2.549
-0.925,-0.669
-1.128,-3.062
-1.162,-2.495
-1.282,0.008
-1.222,-2.224
-1.27,-0.93
-1.292,-1.39
-1.302,-1.952
-1.311,-1.596
-1.405,-1.468
-1.355,-2.412
-1.444,0.43
-1.399,-1.603
-1.399,-2.489
-1.492,-2.324
-1.604,-0.909
-1.619,-2.412
-1.677,-1.227
-1.614,-0.368
-1.659,-1.214
-1.793,0.369
-1.728,-2.863
-1.758,-1.799
-1.78,-0.799
-1.809,-1.896
-1.882,-1.3
-1.924,-1.831
-1.878,-1.783
-1.978,-0.134
-1.921,-1.644
-1.995,-1.927
-2.026,-0.81
-2.057,-2.176
-2.058,-0.075
-2.001,-0.169
-2.13,-0.326
-2.256,0.389
-2.295,-0.452
-2.237,-1.358
-2.248,-1.478
-2.327,-0.225
-2.388,-1.258
-2.335,-1.106
-2.454,0.166
-2.445,-1.525
-2.505,0.269
-2.52,-2.615
-2.513,-1.085
-2.703,-2.529
-2.805,-1.36
-2.784,-0.089
-2.978,-1.604
-3.046,-3.17
-3.07,-0.994
3.131,-0.061
-3.12,-1.238
3.076,-2.549
3.015,-1.093
2.989,-1.886
2.887,-0.118
2.85,-2.157
2.799,-0.52
2.737,-0.039
2.777,-2.791
2.71,0.137
2.702,-2.162
2.405,-2.652
2.433,-1.349
2.339,-1.942
2.348,-2.556
2.321,-0.643
2.201,-1.926
2.054,-2.989
2.028,-2.638
2.026,-2.954
1.898,-1.331
1.838,-0.496
1.849,-1.545
1.841,-1.945
1.812,-1.22
1.886,-2.264
1.803,-0.391
-0.475,-3.718
-0.789,-3.597
-1.117,-3.619
-1.387,-3.759
2.759,-3.656
2.695,-3.6
2.356,-3.697
2.354,-3.667
2.021,-3.721
1.892,-3.64
1.408,0.512
1.056,0.55
0.562,0.555
-0.344,0.422
-0.472,0.296
-1.081,0.35
-1.752,0.372
-2.745,0.356
-2.86,0.54
2.573,0.398
2.378,0.261
3.128,0.413
-1.325,-3.546
1.83,-2.286
1.836,-2.995
1.674,-0.199
1.668,-0.815
1.621,-2.854
1.56,-2.272
1.563,0.302
1.661,-1.202
1.466,-0.065
1.613,-0.022
1.464,-1.55
1.411,-2.907
1.416,0.213
1.535,-2.035
1.419,-0.418
1.489,-1.429
1.485,-2.666
1.288,0.173
1.413,-1.419
1.338,-1.253
1.346,-0.061
1.18,0.426
1.327,-1.571
1.171,-3.003
1.12,-2.304
1.11,0.051
1.221,-1.099
1.011,-1.545
1.098,-0.602
1.144,-2.593
1.053,-2.72
0.901,0.363
1.032,-0.333
0.941,-0.734
0.808,-0.968
0.779,-2.131
0.66,-2.17
0.438,-1.015
0.389,-2.63
0.492,-1.117
0.415,-2.393
0.121,0.31
0.148,-1.065
-0.001,-2.443
0.006,-1.212
-0.179,-3.309
-0.188,-1.899
-0.076,-0.69
-0.239,-2.696
-0.12,0.049
-0.135,-2.771
-0.154,-2.402
-0.235,-1.146
-0.399,-1.288
-0.361,-0.997
-0.494,-0.119
-0.591,-1.879
-0.756,-1.43
-0.658,0.06
-0.681,-1.005
-0.799,-1.377
-1.054,-0.399
-0.963,-0.621
-0.997,-2.341
-1.079,-2.846
-1.102,-0.374
-1.221,0.078
-1.372,0.402
-1.305,-1.306
-1.29,0.373
-1.305,-2.487
-1.556,-1.098
-1.441,-0.386
-1.614,-2.134
-1.509,0.178
-1.541,-2.711
-1.701,0.31
-1.717,-0.02
-1.607,-0.206
-1.643,-0.226
-1.771,-0.485
-1.819,-1.547
-1.897,-1.945
-1.905,-1.874
-1.959,-0.982
-2.041,-2.503
-2.209,-1.255
-2.124,-0.086
-2.237,0.498
-2.144,-1.402
-2.277,-2.585
-2.206,-2.477
-2.495,-1.566
-2.645,-2.679
-2.676,-2.263
-2.58,-0.01
-2.872,-2.045
-3.037,0.242
3.061,-0.661
3.07,-2.473
3.049,-2.844
2.884,-0.124
2.686,-0.589
2.421,-1.538
2.181,-2.69
2.1,-1.348
2.079,0.367
0.276,-3.509
-0.344,-3.637
-0.366,-3.738
-0.354,-3.831
-1.517,-3.55
-1.67,-3.674
2.921,-3.72
2.151,-3.614
0.196,0.417
0.085,0.428
-0.182,0.474
-0.357,0.522
-0.505,0.409
2.422,0.318
1.698,-2.56
1.705,-1.339
0.332,-2.417
-0.512,0.4
-2.559,-1.068
-2.825,-2.441
2.97,-2.578
1.986,-3.261
-2.891,-0.298
3.006,-2.128
2.83,-2.783
2.601,0.02
2.037,-1.137
-1.342,-1.091
-2.907,-2.003
-2.869,-2.568
1.141,-3.467
-0.242,-3.446
3.022,-3.455
2.315,-3.439
1.921,-3.479
0.409,-3.724
-0.545,-3.833
-1.461,-3.772
-2.054,-4.031
-2.649,-4.005
1.984,-3.929
-0.084,-2.112
-0.04,-1.582
-0.12,-1.218
-0.1,-1.828
-0.202,-0.033
-0.228,-0.189
-0.435,-1.491
-0.46,0.067
-0.426,-0.735
-0.497,-2.108
-0.501,-1.01
-0.469,-0.182
-0.572,0.589
-0.635,0.158
-0.637,-0.224
-0.669,-1.446
-0.578,-2.526
-0.749,-0.813
-0.703,-1.109
-0.814,-2.311
-0.884,-1.896
-0.837,-0.016
-1.04,-2.409
-1.074,-1.842
-1.194,0.661
-1.134,-1.571
-1.182,-0.277
-1.204,-0.737
-1.214,-1.299
-1.223,-0.943
-1.317,-0.815
-1.267,-1.759
-1.356,1.083
-1.311,-0.95
-1.311,-1.836
-1.404,-1.671
-1.516,-0.256
-1.531,-1.759
-1.589,-0.574
-1.526,0.285
-1.571,-0.561
-1.705,1.022
-1.64,-2.21
-1.67,-1.146
-1.692,-0.146
-1.721,-1.243
-1.794,-0.647
-1.836,-1.178
-1.79,-1.13
-1.89,0.519
-1.833,-0.991
-1.907,-1.274
-1.938,-0.157
-1.969,-1.523
-1.97,0.578
-1.913,0.484
-2.042,0.327
-2.168,1.042
-2.207,0.201
-2.149,-0.705
-2.16,-0.825
-2.239,0.428
-2.3,-0.605
-2.247,-0.453
-2.366,0.819
-2.357,-0.872
-2.417,0.922
-2.432,-1.962
-2.425,-0.432
-2.615,-1.876
-2.717,-0.707
-2.696,0.564
-2.89,-0.951
-2.958,-2.517
-2.982,-0.341
-3.064,0.592
-3.032,-0.585
-3.119,-1.896
3.103,-0.44
3.077,-1.233
2.975,0.535
2.938,-1.504
2.887,0.133
2.825,0.614
2.865,-2.138
2.798,0.79
2.79,-1.509
2.493,-1.999
2.521,-0.696
2.427,-1.289
2.436,-1.903
2.409,0.01
2.289,-1.273
2.142,-2.336
2.116,-1.985
2.114,-2.301
1.986,-0.678
1.926,0.157
1.937,-0.892
1.929,-1.292
1.9,-0.567
1.974,-1.611
1.891,0.262
-0.387,-3.065
-0.701,-2.944
-1.029,-2.966
-1.299,-3.106
2.847,-3.003
2.783,-2.947
2.444,-3.044
2.442,-3.014
2.109,-3.068
1.98,-2.987
1.496,1.165
1.144,1.203
0.65,1.208
-0.256,1.075
-0.384,0.949
-0.993,1.003
-1.664,1.025
-2.657,1.009
-2.772,1.193
2.661,1.051
2.466,0.914
-3.067,1.066
-1.237,-2.893
1.918,-1.633
1.924,-2.342
1.762,0.454
1.756,-0.162
1.709,-2.201
1.648,-1.619
1.651,0.955
1.749,-0.549
1.554,0.588
1.701,0.631
1.552,-0.897
1.499,-2.254
1.504,0.866
1.623,-1.382
1.507,0.235
1.577,-0.776
1.573,-2.013
1.376,0.826
1.501,-0.766
1.426,-0.6
1.434,0.592
1.268,1.079
1.415,-0.918
1.259,-2.35
1.208,-1.651
1.198,0.704
1.309,-0.446
1.099,-0.892
1.186,0.051
1.232,-1.94
1.141,-2.067
0.989,1.016
1.12,0.32
1.029,-0.081
0.896,-0.315
0.867,-1.478
0.748,-1.517
0.526,-0.362
0.477,-1.977
0.58,-0.464
0.503,-1.74
0.209,0.963
0.236,-0.412
0.087,-1.79
0.094,-0.559
-0.091,-2.656
-0.1,-1.246
0.012,-0.037
-0.151,-2.043
-0.032,0.702
-0.047,-2.118
-0.066,-1.749
-0.147,-0.493
-0.311,-0.635
-0.273,-0.344
-0.406,0.534
-0.503,-1.226
-0.668,-0.777
-0.57,0.713
-0.593,-0.352
-0.711,-0.724
-0.966,0.254
-0.875,0.032
-0.909,-1.688
-0.991,-2.193
-1.014,0.279
-1.133,0.731
-1.284,1.055
-1.217,-0.653
-1.202,1.026
-1.217,-1.834
-1.468,-0.445
-1.353,0.267
-1.526,-1.481
-1.421,0.831
-1.453,-2.058
-1.613,0.963
-1.629,0.633
-1.519,0.447
-1.555,0.427
-1.683,0.168
-1.731,-0.894
-1.809,-1.292
-1.817,-1.221
-1.871,-0.329
-1.953,-1.85
-2.121,-0.602
-2.036,0.567
-2.149,1.151
-2.056,-0.749
-2.189,-1.932
-2.118,-1.824
-2.407,-0.913
-2.557,-2.026
-2.588,-1.61
-2.492,0.643
-2.784,-1.392
-2.949,0.895
-3.134,-0.008
-3.125,-1.82
3.137,-2.191
2.972,0.529
2.774,0.064
2.509,-0.885
2.269,-2.037
2.188,-0.695
2.167,1.02
0.364,-2.856
-0.256,-2.984
-0.278,-3.085
-0.266,-3.178
-1.429,-2.897
-1.582,-3.021
3.009,-3.067
2.239,-2.961
0.284,1.07
0.173,1.081
-0.094,1.127
-0.269,1.175
-0.417,1.062
2.51,0.971
1.786,-1.907
1.793,-0.686
0.42,-1.764
-0.424,1.053
-2.471,-0.415
-2.737,-1.788
3.058,-1.925
2.074,-2.608
-2.803,0.355
3.094,-1.475
2.918,-2.13
2.689,0.673
2.125,-0.484
-1.254,-0.438
-2.819,-1.35
-2.781,-1.915
1.229,-2.814
-0.154,-2.793
3.11,-2.802
2.403,-2.786
2.009,-2.826
0.497,-3.071
-0.457,-3.18
-1.373,-3.119
-1.966,-3.378
-2.561,-3.352
2.072,-3.276
0.044,0.53
-0.036,0.894
-0.016,0.284
-0.118,2.079
-0.144,1.923
-0.351,0.621
-0.376,2.179
-0.342,1.377
-0.413,0.004
-0.417,1.102
-0.385,1.93
-0.488,2.701
-0.551,2.27
-0.553,1.888
-0.585,0.666
-0.494,-0.414
-0.665,1.299
-0.619,1.003
-0.73,-0.199
-0.8,0.216
-0.753,2.096
-0.956,-0.297
-0.99,0.27
-1.11,2.773
-1.05,0.541
-1.098,1.835
-1.12,1.375
-1.13,0.813
-1.139,1.169
-1.233,1.297
-1.183,0.353
-1.272,3.195
-1.227,1.162
-1.227,0.276
-1.32,0.441
-1.432,1.856
-1.447,0.353
-1.505,1.538
-1.442,2.397
-1.487,1.551
-1.621,3.134
-1.556,-0.098
-1.586,0.966
-1.608,1.966
-1.637,0.869
-1.71,1.465
-1.752,0.934
-1.706,0.982
-1.806,2.631
-1.749,1.121
-1.823,0.838
-1.854,1.955
-1.885,0.589
-1.886,2.69
-1.829,2.596
-1.958,2.439
-2.084,3.154
-2.123,2.313
-2.065,1.407
-2.076,1.287
-2.155,2.54
-2.216,1.507
-2.163,1.659
-2.282,2.931
-2.273,1.24
-2.333,3.034
-2.348,0.15
-2.341,1.68
-2.531,0.236
-2.633,1.405
-2.612,2.676
-2.806,1.161
-2.874,-0.405
-2.898,1.771
-2.98,2.704
-2.948,1.527
-3.035,0.216
-3.096,1.672
-3.122,0.879
3.059,2.647
3.022,0.608
2.971,2.245
2.909,2.726
2.949,-0.026
2.882,2.902
2.874,0.603
2.577,0.113
2.605,1.416
2.511,0.823
2.52,0.209
2.493,2.122
2.373,0.839
2.226,-0.224
2.2,0.127
2.198,-0.189
2.07,1.434
2.01,2.269
2.021,1.22
2.013,0.82
1.984,1.545
2.058,0.501
1.975,2.374
-0.303,-0.953
-0.617,-0.832
-0.945,-0.854
-1.215,-0.994
2.931,-0.891
2.867,-0.835
2.528,-0.932
2.526,-0.902
2.193,-0.956
2.064,-0.875
1.58,3.277
1.228,3.315
0.734,3.32
-0.172,3.187
-0.3,3.061
-0.909,3.115
-1.58,3.137
-2.573,3.121
-2.688,3.305
2.745,3.163
2.55,3.026
-2.983,3.178
-1.153,-0.781
2.002,0.479
2.008,-0.23
1.846,2.566
1.84,1.95
1.793,-0.089
1.732,0.493
1.735,3.067
1.833,1.563
1.638,2.7
1.785,2.743
1.636,1.215
1.583,-0.142
1.588,2.978
1.707,0.73
1.591,2.347
1.661,1.336
1.657,0.099
1.46,2.938
1.585,1.346
1.51,1.512
1.518,2.704
1.352,3.191
1.499,1.194
1.343,-0.238
1.292,0.461
1.282,2.816
1.393,1.666
1.183,1.22
1.27,2.163
1.316,0.172
1.225,0.045
1.073,3.128
1.204,2.432
1.113,2.031
0.98,1.797
0.951,0.634
0.832,0.595
0.61,1.75
0.561,0.135
0.664,1.648
0.587,0.372
0.293,3.075
0.32,1.7
0.171,0.322
0.178,1.553
-0.007,-0.544
-0.016,0.866
0.096,2.075
-0.067,0.069
0.052,2.814
0.037,-0.006
0.018,0.363
-0.063,1.619
-0.227,1.477
-0.189,1.768
-0.322,2.646
-0.419,0.886
-0.584,1.335
-0.486,2.825
-0.509,1.76
-0.627,1.388
-0.882,2.366
-0.791,2.144
-0.825,0.424
-0.907,-0.081
-0.93,2.391
-1.049,2.843
-1.2,3.167
-1.133,1.459
-1.118,3.138
-1.133,0.278
-1.384,1.667
-1.269,2.379
-1.442,0.631
-1.337,2.943
-1.369,0.054
-1.529,3.075
-1.545,2.745
-1.435,2.559
-1.471,2.539
-1.599,2.28
-1.647,1.218
-1.725,0.82
-1.733,0.891
-1.787,1.783
-1.869,0.262
-2.037,1.51
-1.952,2.679
-2.065,3.263
-1.972,1.363
-2.105,0.18
-2.034,0.288
-2.323,1.199
-2.473,0.086
-2.504,0.502
-2.408,2.755
-2.7,0.72
-2.865,3.007
-3.05,2.104
-3.041,0.292
-3.062,-0.079
3.056,2.641
2.858,2.176
2.593,1.227
2.353,0.075
2.272,1.417
2.251,3.132
0.448,-0.744
-0.172,-0.872
-0.194,-0.973
-0.182,-1.066
-1.345,-0.785
-1.498,-0.909
3.093,-0.955
2.323,-0.849
0.368,3.182
0.257,3.193
-0.01,3.239
-0.185,3.287
-0.333,3.174
2.594,3.083
1.87,0.205
1.877,1.426
0.504,0.348
-0.34,3.165
-2.387,1.697
-2.653,0.324
-3.141,0.187
2.158,-0.496
-2.719,2.467
-3.105,0.637
3.002,-0.018
2.773,2.785
2.209,1.628
-1.17,1.674
-2.735,0.762
-2.697,0.197
1.313,-0.702
-0.07,-0.681
-3.089,-0.69
2.487,-0.674
2.093,-0.714
0.581,-0.959
-0.373,-1.068
-1.289,-1.007
-1.882,-1.266
-2.477,-1.24
2.156,-1.164
-0.08,0.364
-0.06,-0.246
-0.162,1.549
-0.188,1.393
-0.395,0.091
-0.42,1.649
-0.386,0.847
-0.457,-0.526
-0.461,0.572
-0.429,1.4
-0.532,2.171
-0.595,1.74
-0.597,1.358
-0.629,0.136
-0.538,-0.944
-0.709,0.769
-0.663,0.473
-0.774,-0.729
-0.844,-0.314
-0.797,1.566
-1.0,-0.827
-1.034,-0.26
-1.154,2.243
-1.094,0.011
-1.142,1.305
-1.164,0.845
-1.174,0.283
-1.183,0.639
-1.277,0.767
-1.227,-0.177
-1.316,2.665
-1.271,0.632
-1.271,-0.254
-1.364,-0.089
-1.476,1.326
-1.491,-0.177
-1.549,1.008
-1.486,1.867
-1.531,1.021
-1.665,2.604
-1.6,-0.628
-1.63,0.436
-1.652,1.436
-1.681,0.339
-1.754,0.935
-1.796,0.404
-1.75,0.452
-1.85,2.101
-1.793,0.591
-1.867,0.308
-1.898,1.425
-1.929,0.059
-1.93,2.16
-1.873,2.066
-2.002,1.909
-2.128,2.624
-2.167,1.783
-2.109,0.877
-2.12,0.757
-2.199,2.01
-2.26,0.977
-2.207,1.129
-2.326,2.401
-2.317,0.71
-2.377,2.504
-2.392,-0.38
-2.385,1.15
-2.575,-0.294
-2.677,0.875
-2.656,2.146
-2.85,0.631
-2.918,-0.935
-2.942,1.241
-3.024,2.174
-2.992,0.997
-3.079,-0.314
-3.14,1.142
3.117,0.349
3.015,2.117
2.978,0.078
2.927,1.715
2.865,2.196
2.905,-0.556
2.838,2.372
2.83,0.073
2.533,-0.417
2.561,0.886
2.467,0.293
2.476,-0.321
2.449,1.592
2.329,0.309
2.182,-0.754
2.156,-0.403
2.154,-0.719
2.026,0.904
1.966,1.739
1.977,0.69
1.969,0.29
1.94,1.015
2.014,-0.029
1.931,1.844
-0.347,-1.483
-0.661,-1.362
-0.989,-1.384
-1.259,-1.524
2.887,-1.421
2.823,-1.365
2.484,-1.462
2.482,-1.432
2.149,-1.486
2.02,-1.405
1.536,2.747
1.184,2.785
0.69,2.79
-0.216,2.657
-0.344,2.531
-0.953,2.585
-1.624,2.607
-2.617,2.591
-2.732,2.775
2.701,2.633
2.506,2.496
-3.027,2.648
-1.197,-1.311
1.958,-0.051
1.964,-0.76
1.802,2.036
1.796,1.42
1.749,-0.619
1.688,-0.037
1.691,2.537
1.789,1.033
1.594,2.17
1.741,2.213
1.592,0.685
1.539,-0.672
1.544,2.448
1.663,0.2
1.547,1.817
1.617,0.806
1.613,-0.431
1.416,2.408
1.541,0.816
1.466,0.982
1.474,2.174
1.308,2.661
1.455,0.664
1.299,-0.768
1.248,-0.069
1.238,2.286
1.349,1.136
1.139,0.69
1.226,1.633
1.272,-0.358
1.181,-0.485
1.029,2.598
1.16,1.902
1.069,1.501
0.936,1.267
0.907,0.104
0.788,0.065
0.566,1.22
0.517,-0.395
0.62,1.118
0.543,-0.158
0.249,2.545
0.276,1.17
0.127,-0.208
0.134,1.023
-0.051,-1.074
-0.06,0.336
0.052,1.545
-0.111,-0.461
0.008,2.284
-0.007,-0.536
-0.026,-0.167
-0.107,1.089
-0.271,0.947
-0.233,1.238
-0.366,2.116
-0.463,0.356
-0.628,0.805
-0.53,2.295
-0.553,1.23
-0.671,0.858
-0.926,1.836
-0.835,1.614
-0.869,-0.106
-0.951,-0.611
-0.974,1.861
-1.093,2.313
-1.244,2.637
-1.177,0.929
-1.162,2.608
-1.177,-0.252
-1.428,1.137
-1.313,1.849
-1.486,0.101
-1.381,2.413
-1.413,-0.476
-1.573,2.545
-1.589,2.215
-1.479,2.029
-1.515,2.009
-1.643,1.75
-1.691,0.688
-1.769,0.29
-1.777,0.361
-1.831,1.253
-1.913,-0.268
-2.081,0.98
-1.996,2.149
-2.109,2.733
-2.016,0.833
-2.149,-0.35
-2.078,-0.242
-2.367,0.669
-2.517,-0.444
-2.548,-0.028
-2.452,2.225
-2.744,0.19
-2.909,2.477
-3.094,1.574
-3.085,-0.238
-3.106,-0.609
3.012,2.111
2.814,1.646
2.549,0.697
2.309,-0.455
2.228,0.887
2.207,2.602
0.404,-1.274
-0.216,-1.402
-0.238,-1.503
-0.226,-1.596
-1.389,-1.315
-1.542,-1.439
3.049,-1.485
2.279,-1.379
0.324,2.652
0.213,2.663
-0.054,2.709
-0.229,2.757
-0.377,2.644
2.55,2.553
1.826,-0.325
1.833,0.896
0.46,-0.182
-0.384,2.635
-2.431,1.167
-2.697,-0.206
3.098,-0.343
2.114,-1.026
-2.763,1.937
3.134,0.107
2.958,-0.548
2.729,2.255
2.165,1.098
-1.214,1.144
-2.779,0.232
-2.741,-0.333
1.269,-1.232
-0.114,-1.211
-3.133,-1.22
2.443,-1.204
2.049,-1.244
0.537,-1.489
-0.417,-1.598
-1.333,-1.537
-1.926,-1.796
-2.521,-1.77
2.112,-1.694
0.02,-0.61
-0.082,1.185
-0.108,1.029
-0.315,-0.273
-0.34,1.285
-0.306,0.483
-0.377,-0.89
-0.381,0.208
-0.349,1.036
-0.452,1.807
-0.515,1.376
-0.517,0.994
-0.549,-0.228
-0.458,-1.308
-0.629,0.405
-0.583,0.109
-0.694,-1.093
-0.764,-0.678
-0.717,1.202
-0.92,-1.191
-0.954,-0.624
-1.074,1.879
-1.014,-0.353
-1.062,0.941
-1.084,0.481
-1.094,-0.081
-1.103,0.275
-1.197,0.403
-1.147,-0.541
-1.236,2.301
-1.191,0.268
-1.191,-0.618
-1.284,-0.453
-1.396,0.962
-1.411,-0.541
-1.469,0.644
-1.406,1.503
-1.451,0.657
-1.585,2.24
-1.52,-0.992
-1.55,0.072
-1.572,1.072
-1.601,-0.025
-1.674,0.571
-1.716,0.04
-1.67,0.088
-1.77,1.737
-1.713,0.227
-1.787,-0.056
-1.818,1.061
-1.849,-0.305
-1.85,1.796
-1.793,1.702
-1.922,1.545
-2.048,2.26
-2.087,1.419
-2.029,0.513
-2.04,0.393
-2.119,1.646
-2.18,0.613
-2.127,0.765
-2.246,2.037
-2.237,0.346
-2.297,2.14
-2.312,-0.744
-2.305,0.786
-2.495,-0.658
-2.597,0.511
-2.576,1.782
-2.77,0.267
-2.838,-1.299
-2.862,0.877
-2.944,1.81
-2.912,0.633
-2.999,-0.678
-3.06,0.778
-3.086,-0.015
3.095,1.753
3.058,-0.286
3.007,1.351
2.945,1.832
2.985,-0.92
2.918,2.008
2.91,-0.291
2.613,-0.781
2.641,0.522
2.547,-0.071
2.556,-0.685
2.529,1.228
2.409,-0.055
2.262,-1.118
2.236,-0.767
2.234,-1.083
2.106,0.54
2.046,1.375
2.057,0.326
2.049,-0.074
2.02,0.651
2.094,-0.393
2.011,1.48
-0.267,-1.847
-0.581,-1.726
-0.909,-1.748
-1.179,-1.888
2.967,-1.785
2.903,-1.729
2.564,-1.826
2.562,-1.796
2.229,-1.85
2.1,-1.769
1.616,2.383
1.264,2.421
0.77,2.426
-0.136,2.293
-0.264,2.167
-0.873,2.221
-1.544,2.243
-2.537,2.227
-2.652,2.411
2.781,2.269
2.586,2.132
-2.947,2.284
-1.117,-1.675
2.038,-0.415
2.044,-1.124
1.882,1.672
1.876,1.056
1.829,-0.983
1.768,-0.401
1.771,2.173
1.869,0.669
1.674,1.806
1.821,1.849
1.672,0.321
1.619,-1.036
1.624,2.084
1.743,-0.164
1.627,1.453
1.697,0.442
1.693,-0.795
1.496,2.044
1.621,0.452
1.546,0.618
1.554,1.81
1.388,2.297
1.535,0.3
1.379,-1.132
1.328,-0.433
1.318,1.922
1.429,0.772
1.219,0.326
1.306,1.269
1.352,-0.722
1.261,-0.849
1.109,2.234
1.24,1.538
1.149,1.137
1.016,0.903
0.987,-0.26
0.868,-0.299
0.646,0.856
0.597,-0.759
0.7,0.754
0.623,-0.522
0.329,2.181
0.356,0.806
0.207,-0.572
0.214,0.659
0.029,-1.438
0.02,-0.028
0.132,1.181
-0.031,-0.825
0.088,1.92
0.073,-0.9
0.054,-0.531
-0.027,0.725
-0.191,0.583
-0.153,0.874
-0.286,1.752
-0.383,-0.008
-0.548,0.441
-0.45,1.931
-0.473,0.866
-0.591,0.494
-0.846,1.472
-0.755,1.25
-0.789,-0.47
-0.871,-0.975
-0.894,1.497
-1.013,1.949
-1.164,2.273
-1.097,0.565
-1.082,2.244
-1.097,-0.616
-1.348,0.773
-1.233,1.485
-1.406,-0.263
-1.301,2.049
-1.333,-0.84
-1.493,2.181
-1.509,1.851
-1.399,1.665
-1.435,1.645
-1.563,1.386
-1.611,0.324
-1.689,-0.074
-1.697,-0.003
-1.751,0.889
-1.833,-0.632
-2.001,0.616
-1.916,1.785
-2.029,2.369
-1.936,0.469
-2.069,-0.714
-1.998,-0.606
-2.287,0.305
-2.437,-0.808
-2.468,-0.392
-2.372,1.861
-2.664,-0.174
-2.829,2.113
-3.014,1.21
-3.005,-0.602
-3.026,-0.973
3.092,1.747
2.894,1.282
2.629,0.333
2.389,-0.819
2.308,0.523
2.287,2.238
0.484,-1.638
-0.136,-1.766
-0.158,-1.867
-0.146,-1.96
-1.309,-1.679
-1.462,-1.803
3.129,-1.849
2.359,-1.743
0.404,2.288
0.293,2.299
0.026,2.345
-0.149,2.393
-0.297,2.28
2.63,2.189
1.906,-0.689
1.913,0.532
0.54,-0.546
-0.304,2.271
-2.351,0.803
-2.617,-0.57
-3.105,-0.707
2.194,-1.39
-2.683,1.573
-3.069,-0.257
3.038,-0.912
2.809,1.891
2.245,0.734
-1.134,0.78
-2.699,-0.132
-2.661,-0.697
1.349,-1.596
-0.034,-1.575
-3.053,-1.584
2.523,-1.568
2.129,-1.608
0.617,-1.853
-0.337,-1.962
-1.253,-1.901
-1.846,-2.16
-2.441,-2.134
2.192,-2.058
-0.102,1.795
-0.128,1.639
-0.335,0.337
-0.36,1.895
-0.326,1.093
-0.397,-0.28
-0.401,0.818
-0.369,1.646
-0.472,2.417
-0.535,1.986
-0.537,1.604
-0.569,0.382
-0.478,-0.698
-0.649,1.015
-0.603,0.719
-0.714,-0.483
-0.784,-0.068
-0.737,1.812
-0.94,-0.581
-0.974,-0.014
-1.094,2.489
-1.034,0.257
-1.082,1.551
-1.104,1.091
-1.114,0.529
-1.123,0.885
-1.217,1.013
-1.167,0.069
-1.256,2.911
-1.211,0.878
-1.211,-0.008
-1.304,0.157
-1.416,1.572
-1.431,0.069
-1.489,1.254
-1.426,2.113
-1.471,1.267
-1.605,2.85
-1.54,-0.382
-1.57,0.682
-1.592,1.682
-1.621,0.585
-1.694,1.181
-1.736,0.65
-1.69,0.698
-1.79,2.347
-1.733,0.837
-1.807,0.554
-1.838,1.671
-1.869,0.305
-1.87,2.406
-1.813,2.312
-1.942,2.155
-2.068,2.87
-2.107,2.029
-2.049,1.123
-2.06,1.003
-2.139,2.256
-2.2,1.223
-2.147,1.375
-2.266,2.647
-2.257,0.956
-2.317,2.75
-2.332,-0.134
-2.325,1.396
-2.515,-0.048
-2.617,1.121
-2.596,2.392
-2.79,0.877
-2.858,-0.689
-2.882,1.487
-2.964,2.42
-2.932,1.243
-3.019,-0.068
-3.08,1.388
-3.106,0.595
3.075,2.363
3.038,0.324
2.987,1.961
2.925,2.442
2.965,-0.31
2.898,2.618
2.89,0.319
2.593,-0.171
2.621,1.132
2.527,0.539
2.536,-0.075
2.509,1.838
2.389,0.555
2.242,-0.508
2.216,-0.157
2.214,-0.473
2.086,1.15
2.026,1.985
2.037,0.936
2.029,0.536
2.0,1.261
2.074,0.217
1.991,2.09
-0.287,-1.237
-0.601,-1.116
-0.929,-1.138
-1.199,-1.278
2.947,-1.175
2.883,-1.119
2.544,-1.216
2.542,-1.186
2.209,-1.24
2.08,-1.159
1.596,2.993
1.244,3.031
0.75,3.036
-0.156,2.903
-0.284,2.777
-0.893,2.831
-1.564,2.853
-2.557,2.837
-2.672,3.021
2.761,2.879
2.566,2.742
-2.967,2.894
-1.137,-1.065
2.018,0.195
2.024,-0.514
1.862,2.282
1.856,1.666
1.809,-0.373
1.748,0.209
1.751,2.783
1.849,1.279
1.654,2.416
1.801,2.459
1.652,0.931
1.599,-0.426
1.604,2.694
1.723,0.446
1.607,2.063
1.677,1.052
1.673,-0.185
1.476,2.654
1.601,1.062
1.526,1.228
1.534,2.42
1.368,2.907
1.515,0.91
1.359,-0.522
1.308,0.177
1.298,2.532
1.409,1.382
1.199,0.936
1.286,1.879
1.332,-0.112
1.241,-0.239
1.089,2.844
1.22,2.148
1.129,1.747
0.996,1.513
0.967,0.35
0.848,0.311
0.626,1.466
0.577,-0.149
0.68,1.364
0.603,0.088
0.309,2.791
0.336,1.416
0.187,0.038
0.194,1.269
0.009,-0.828
0.0,0.582
0.112,1.791
-0.051,-0.215
0.068,2.53
0.053,-0.29
0.034,0.079
-0.047,1.335
-0.211,1.193
-0.173,1.484
-0.306,2.362
-0.403,0.602
-0.568,1.051
-0.47,2.541
-0.493,1.476
-0.611,1.104
-0.866,2.082
-0.775,1.86
-0.809,0.14
-0.891,-0.365
-0.914,2.107
-1.033,2.559
-1.184,2.883
-1.117,1.175
-1.102,2.854
-1.117,-0.006
-1.368,1.383
-1.253,2.095
-1.426,0.347
-1.321,2.659
-1.353,-0.23
-1.513,2.791
-1.529,2.461
-1.419,2.275
-1.455,2.255
-1.583,1.996
-1.631,0.934
-1.709,0.536
-1.717,0.607
-1.771,1.499
-1.853,-0.022
-2.021,1.226
-1.936,2.395
-2.049,2.979
-1.956,1.079
-2.089,-0.104
-2.018,0.004
-2.307,0.915
-2.457,-0.198
-2.488,0.218
-2.392,2.471
-2.684,0.436
-2.849,2.723
-3.034,1.82
-3.025,0.008
-3.046,-0.363
3.072,2.357
2.874,1.892
2.609,0.943
2.369,-0.209
2.288,1.133
2.267,2.848
0.464,-1.028
-0.156,-1.156
-0.178,-1.257
-0.166,-1.35
-1.329,-1.069
-1.482,-1.193
3.109,-1.239
2.339,-1.133
0.384,2.898
0.273,2.909
0.006,2.955
-0.169,3.003
-0.317,2.89
2.61,2.799
1.886,-0.079
1.893,1.142
0.52,0.064
-0.324,2.881
-2.371,1.413
-2.637,0.04
-3.125,-0.097
2.174,-0.78
-2.703,2.183
-3.089,0.353
3.018,-0.302
2.789,2.501
2.225,1.344
-1.154,1.39
-2.719,0.478
-2.681,-0.087
1.329,-0.986
-0.054,-0.965
-3.073,-0.974
2.503,-0.958
2.109,-0.998
0.597,-1.243
-0.357,-1.352
-1.273,-1.291
-1.866,-1.55
-2.461,-1.524
2.172,-1.448
-0.026,-0.156
-0.233,-1.458
-0.258,0.1
-0.224,-0.702
-0.295,-2.075
-0.299,-0.977
-0.267,-0.149
-0.37,0.622
-0.433,0.191
-0.435,-0.191
-0.467,-1.413
-0.376,-2.493
-0.547,-0.78
-0.501,-1.076
-0.612,-2.278
-0.682,-1.863
-0.635,0.017
-0.838,-2.376
-0.872,-1.809
-0.992,0.694
-0.932,-1.538
-0.98,-0.244
-1.002,-0.704
-1.012,-1.266
-1.021,-0.91
-1.115,-0.782
-1.065,-1.726
-1.154,1.116
-1.109,-0.917
-1.109,-1.803
-1.202,-1.638
-1.314,-0.223
-1.329,-1.726
-1.387,-0.541
-1.324,0.318
-1.369,-0.528
-1.503,1.055
-1.438,-2.177
-1.468,-1.113
-1.49,-0.113
-1.519,-1.21
-1.592,-0.614
-1.634,-1.145
-1.588,-1.097
-1.688,0.552
-1.631,-0.958
-1.705,-1.241
-1.736,-0.124
-1.767,-1.49
-1.768,0.611
-1.711,0.517
-1.84,0.36
-1.966,1.075
-2.005,0.234
-1.947,-0.672
-1.958,-0.792
-2.037,0.461
-2.098,-0.572
-2.045,-0.42
-2.164,0.852
-2.155,-0.839
-2.215,0.955
-2.23,-1.929
-2.223,-0.399
-2.413,-1.843
-2.515,-0.674
-2.494,0.597
-2.688,-0.918
-2.756,-2.484
-2.78,-0.308
-2.862,0.625
-2.83,-0.552
-2.917,-1.863
-2.978,-0.407
-3.004,-1.2
-3.106,0.568
3.14,-1.471
3.089,0.166
3.027,0.647
3.067,-2.105
3.0,0.823
2.992,-1.476
2.695,-1.966
2.723,-0.663
2.629,-1.256
2.638,-1.87
2.611,0.043
2.491,-1.24
2.344,-2.303
2.318,-1.952
2.316,-2.268
2.188,-0.645
2.128,0.19
2.139,-0.859
2.131,-1.259
2.102,-0.534
2.176,-1.578
2.093,0.295
-0.185,-3.032
-0.499,-2.911
-0.827,-2.933
-1.097,-3.073
3.049,-2.97
2.985,-2.914
2.646,-3.011
2.644,-2.981
2.311,-3.035
2.182,-2.954
1.698,1.198
1.346,1.236
0.852,1.241
-0.054,1.108
-0.182,0.982
-0.791,1.036
-1.462,1.058
-2.455,1.042
-2.57,1.226
2.863,1.084
2.668,0.947
-2.865,1.099
-1.035,-2.86
2.12,-1.6
2.126,-2.309
1.964,0.487
1.958,-0.129
1.911,-2.168
1.85,-1.586
1.853,0.988
1.951,-0.516
1.756,0.621
1.903,0.664
1.754,-0.864
1.701,-2.221
1.706,0.899
1.825,-1.349
1.709,0.268
1.779,-0.743
1.775,-1.98
1.578,0.859
1.703,-0.733
1.628,-0.567
1.636,0.625
1.47,1.112
1.617,-0.885
1.461,-2.317
1.41,-1.618
1.4,0.737
1.511,-0.413
1.301,-0.859
1.388,0.084
1.434,-1.907
1.343,-2.034
1.191,1.049
1.322,0.353
1.231,-0.048
1.098,-0.282
1.069,-1.445
0.95,-1.484
0.728,-0.329
0.679,-1.944
0.782,-0.431
0.705,-1.707
0.411,0.996
0.438,-0.379
0.289,-1.757
0.296,-0.526
0.111,-2.623
0.102,-1.213
0.214,-0.004
0.051,-2.01
0.17,0.735
0.155,-2.085
0.136,-1.716
0.055,-0.46
-0.109,-0.602
-0.071,-0.311
-0.204,0.567
-0.301,-1.193
-0.466,-0.744
-0.368,0.746
-0.391,-0.319
-0.509,-0.691
-0.764,0.287
-0.673,0.065
-0.707,-1.655
-0.789,-2.16
-0.812,0.312
-0.931,0.764
-1.082,1.088
-1.015,-0.62
-1.0,1.059
-1.015,-1.801
-1.266,-0.412
-1.151,0.3
-1.324,-1.448
-1.219,0.864
-1.251,-2.025
-1.411,0.996
-1.427,0.666
-1.317,0.48
-1.353,0.46
-1.481,0.201
-1.529,-0.861
-1.607,-1.259
-1.615,-1.188
-1.669,-0.296
-1.751,-1.817
-1.919,-0.569
-1.834,0.6
-1.947,1.184
-1.854,-0.716
-1.987,-1.899
-1.916,-1.791
-2.205,-0.88
-2.355,-1.993
-2.386,-1.577
-2.29,0.676
-2.582,-1.359
-2.747,0.928
-2.932,0.025
-2.923,-1.787
-2.944,-2.158
-3.109,0.562
2.976,0.097
2.711,-0.852
2.471,-2.004
2.39,-0.662
2.369,1.053
0.566,-2.823
-0.054,-2.951
-0.076,-3.052
-0.064,-3.145
-1.227,-2.864
-1.38,-2.988
-3.072,-3.034
2.441,-2.928
0.486,1.103
0.375,1.114
0.108,1.16
-0.067,1.208
-0.215,1.095
2.712,1.004
1.988,-1.874
1.995,-0.653
0.622,-1.731
-0.222,1.086
-2.269,-0.382
-2.535,-1.755
-3.023,-1.892
2.276,-2.575
-2.601,0.388
-2.987,-1.442
3.12,-2.097
2.891,0.706
2.327,-0.451
-1.052,-0.405
-2.617,-1.317
-2.579,-1.882
1.431,-2.781
0.048,-2.76
-2.971,-2.769
2.605,-2.753
2.211,-2.793
0.699,-3.038
-0.255,-3.147
-1.171,-3.086
-1.764,-3.345
-2.359,-3.319
2.274,-3.243
-0.207,-1.302
-0.232,0.256
-0.198,-0.546
-0.269,-1.919
-0.273,-0.821
-0.241,0.007
-0.344,0.778
-0.407,0.347
-0.409,-0.035
-0.441,-1.257
-0.35,-2.337
-0.521,-0.624
-0.475,-0.92
-0.586,-2.122
-0.656,-1.707
-0.609,0.173
-0.812,-2.22
-0.846,-1.653
-0.966,0.85
-0.906,-1.382
-0.954,-0.088
-0.976,-0.548
-0.986,-1.11
-0.995,-0.754
-1.089,-0.626
-1.039,-1.57
-1.128,1.272
-1.083,-0.761
-1.083,-1.647
-1.176,-1.482
-1.288,-0.067
-1.303,-1.57
-1.361,-0.385
-1.298,0.474
-1.343,-0.372
-1.477,1.211
-1.412,-2.021
-1.442,-0.957
-1.464,0.043
-1.493,-1.054
-1.566,-0.458
-1.608,-0.989
-1.562,-0.941
-1.662,0.708
-1.605,-0.802
-1.679,-1.085
-1.71,0.032
-1.741,-1.334
-1.742,0.767
-1.685,0.673
-1.814,0.516
-1.94,1.231
-1.979,0.39
-1.921,-0.516
-1.932,-0.636
-2.011,0.617
-2.072,-0.416
-2.019,-0.264
-2.138,1.008
-2.129,-0.683
-2.189,1.111
-2.204,-1.773
-2.197,-0.243
-2.387,-1.687
-2.489,-0.518
-2.468,0.753
-2.662,-0.762
-2.73,-2.328
-2.754,-0.152
-2.836,0.781
-2.804,-0.396
-2.891,-1.707
-2.952,-0.251
-2.978,-1.044
-3.08,0.724
-3.117,-1.315
3.115,0.322
3.053,0.803
3.093,-1.949
3.026,0.979
3.018,-1.32
2.721,-1.81
2.749,-0.507
2.655,-1.1
2.664,-1.714
2.637,0.199
2.517,-1.084
2.37,-2.147
2.344,-1.796
2.342,-2.112
2.214,-0.489
2.154,0.346
2.165,-0.703
2.157,-1.103
2.128,-0.378
2.202,-1.422
2.119,0.451
-0.159,-2.876
-0.473,-2.755
-0.801,-2.777
-1.071,-2.917
3.075,-2.814
3.011,-2.758
2.672,-2.855
2.67,-2.825
2.337,-2.879
2.208,-2.798
1.724,1.354
1.372,1.392
0.878,1.397
-0.028,1.264
-0.156,1.138
-0.765,1.192
-1.436,1.214
-2.429,1.198
-2.544,1.382
2.889,1.24
2.694,1.103
-2.839,1.255
-1.009,-2.704
2.146,-1.444
2.152,-2.153
1.99,0.643
1.984,0.027
1.937,-2.012
1.876,-1.43
1.879,1.144
1.977,-0.36
1.782,0.777
1.929,0.82
1.78,-0.708
1.727,-2.065
1.732,1.055
1.851,-1.193
1.735,0.424
1.805,-0.587
1.801,-1.824
1.604,1.015
1.729,-0.577
1.654,-0.411
1.662,0.781
1.496,1.268
1.643,-0.729
1.487,-2.161
1.436,-1.462
1.426,0.893
1.537,-0.257
1.327,-0.703
1.414,0.24
1.46,-1.751
1.369,-1.878
1.217,1.205
1.348,0.509
1.257,0.108
1.124,-0.126
1.095,-1.289
0.976,-1.328
0.754,-0.173
0.705,-1.788
0.808,-0.275
0.731,-1.551
0.437,1.152
0.464,-0.223
0.315,-1.601
0.322,-0.37
0.137,-2.467
0.128,-1.057
0.24,0.152
0.077,-1.854
0.196,0.891
0.181,-1.929
0.162,-1.56
0.081,-0.304
-0.083,-0.446
-0.045,-0.155
-0.178,0.723
-0.275,-1.037
-0.44,-0.588
-0.342,0.902
-0.365,-0.163
-0.483,-0.535
-0.738,0.443
-0.647,0.221
-0.681,-1.499
-0.763,-2.004
-0.786,0.468
-0.905,0.92
-1.056,1.244
-0.989,-0.464
-0.974,1.215
-0.989,-1.645
-1.24,-0.256
-1.125,0.456
-1.298,-1.292
-1.193,1.02
-1.225,-1.869
-1.385,1.152
-1.401,0.822
-1.291,0.636
-1.327,0.616
-1.455,0.357
-1.503,-0.705
-1.581,-1.103
-1.589,-1.032
-1.643,-0.14
-1.725,-1.661
-1.893,-0.413
-1.808,0.756
-1.921,1.34
-1.828,-0.56
-1.961,-1.743
-1.89,-1.635
-2.179,-0.724
-2.329,-1.837
-2.36,-1.421
-2.264,0.832
-2.556,-1.203
-2.721,1.084
-2.906,0.181
-2.897,-1.631
-2.918,-2.002
-3.083,0.718
3.002,0.253
2.737,-0.696
2.497,-1.848
2.416,-0.506
2.395,1.209
0.592,-2.667
-0.028,-2.795
-0.05,-2.896
-0.038,-2.989
-1.201,-2.708
-1.354,-2.832
-3.046,-2.878
2.467,-2.772
0.512,1.259
0.401,1.27
0.134,1.316
-0.041,1.364
-0.189,1.251
2.738,1.16
2.014,-1.718
2.021,-0.497
0.648,-1.575
-0.196,1.242
-2.243,-0.226
-2.509,-1.599
-2.997,-1.736
2.302,-2.419
-2.575,0.544
-2.961,-1.286
-3.137,-1.941
2.917,0.862
2.353,-0.295
-1.026,-0.249
-2.591,-1.161
-2.553,-1.726
1.457,-2.625
0.074,-2.604
-2.945,-2.613
2.631,-2.597
2.237,-2.637
0.725,-2.882
-0.229,-2.991
-1.145,-2.93
-1.738,-3.189
-2.333,-3.163
2.3,-3.087
-0.025,1.558
0.009,0.756
-0.062,-0.617
-0.066,0.481
-0.034,1.309
-0.137,2.08
-0.2,1.649
-0.202,1.267
-0.234,0.045
-0.143,-1.035
-0.314,0.678
-0.268,0.382
-0.379,-0.82
-0.449,-0.405
-0.402,1.475
-0.605,-0.918
-0.639,-0.351
-0.759,2.152
-0.699,-0.08
-0.747,1.214
-0.769,0.754
-0.779,0.192
-0.788,0.548
-0.882,0.676
-0.832,-0.268
-0.921,2.574
-0.876,0.541
-0.876,-0.345
-0.969,-0.18
-1.081,1.235
-1.096,-0.268
-1.154,0.917
-1.091,1.776
-1.136,0.93
-1.27,2.513
-1.205,-0.719
-1.235,0.345
-1.257,1.345
-1.286,0.248
-1.359,0.844
-1.401,0.313
-1.355,0.361
-1.455,2.01
-1.398,0.5
-1.472,0.217
-1.503,1.334
-1.534,-0.032
-1.535,2.069
-1.478,1.975
-1.607,1.818
-1.733,2.533
-1.772,1.692
-1.714,0.786
-1.725,0.666
-1.804,1.919
-1.865,0.886
-1.812,1.038
-1.931,2.31
-1.922,0.619
-1.982,2.413
-1.997,-0.471
-1.99,1.059
-2.18,-0.385
-2.282,0.784
-2.261,2.055
-2.455,0.54
-2.523,-1.026
-2.547,1.15
-2.629,2.083
-2.597,0.906
-2.684,-0.405
-2.745,1.051
-2.771,0.258
-2.873,2.026
-2.91,-0.013
-2.961,1.624
-3.023,2.105
-2.983,-0.647
-3.05,2.281
-3.058,-0.018
2.928,-0.508
2.956,0.795
2.862,0.202
2.871,-0.412
2.844,1.501
2.724,0.218
2.577,-0.845
2.551,-0.494
2.549,-0.81
2.421,0.813
2.361,1.648
2.372,0.599
2.364,0.199
2.335,0.924
2.409,-0.12
2.326,1.753
0.048,-1.574
-0.266,-1.453
-0.594,-1.475
-0.864,-1.615
-3.001,-1.512
-3.065,-1.456
2.879,-1.553
2.877,-1.523
2.544,-1.577
2.415,-1.496
1.931,2.656
1.579,2.694
1.085,2.699
0.179,2.566
0.051,2.44
-0.558,2.494
-1.229,2.516
-2.222,2.5
-2.337,2.684
3.096,2.542
2.901,2.405
-2.632,2.557
-0.802,-1.402
2.353,-0.142
2.359,-0.851
2.197,1.945
2.191,1.329
2.144,-0.71
2.083,-0.128
2.086,2.446
2.184,0.942
1.989,2.079
2.136,2.122
1.987,0.594
1.934,-0.763
1.939,2.357
2.058,0.109
1.942,1.726
2.012,0.715
2.008,-0.522
1.811,2.317
1.936,0.725
1.861,0.891
1.869,2.083
1.703,2.57
1.85,0.573
1.694,-0.859
1.643,-0.16
1.633,2.195
1.744,1.045
1.534,0.599
1.621,1.542
1.667,-0.449
1.576,-0.576
1.424,2.507
1.555,1.811
1.464,1.41
1.331,1.176
1.302,0.013
1.183,-0.026
0.961,1.129
0.912,-0.486
1.015,1.027
0.938,-0.249
0.644,2.454
0.671,1.079
0.522,-0.299
0.529,0.932
0.344,-1.165
0.335,0.245
0.447,1.454
0.284,-0.552
0.403,2.193
0.388,-0.627
0.369,-0.258
0.288,0.998
0.124,0.856
0.162,1.147
0.029,2.025
-0.068,0.265
-0.233,0.714
-0.135,2.204
-0.158,1.139
-0.276,0.767
-0.531,1.745
-0.44,1.523
-0.474,-0.197
-0.556,-0.702
-0.579,1.77
-0.698,2.222
-0.849,2.546
-0.782,0.838
-0.767,2.517
-0.782,-0.343
-1.033,1.046
-0.918,1.758
-1.091,0.01
-0.986,2.322
-1.018,-0.567
-1.178,2.454
-1.194,2.124
-1.084,1.938
-1.12,1.918
-1.248,1.659
-1.296,0.597
-1.374,0.199
-1.382,0.27
-1.436,1.162
-1.518,-0.359
-1.686,0.889
-1.601,2.058
-1.714,2.642
-1.621,0.742
-1.754,-0.441
-1.683,-0.333
-1.972,0.578
-2.122,-0.535
-2.153,-0.119
-2.057,2.134
-2.349,0.099
-2.514,2.386
-2.699,1.483
-2.69,-0.329
-2.711,-0.7
-2.876,2.02
-3.074,1.555
2.944,0.606
2.704,-0.546
2.623,0.796
2.602,2.511
0.799,-1.365
0.179,-1.493
0.157,-1.594
0.169,-1.687
-0.994,-1.406
-1.147,-1.53
-2.839,-1.576
2.674,-1.47
0.719,2.561
0.608,2.572
0.341,2.618
0.166,2.666
0.018,2.553
2.945,2.462
2.221,-0.416
2.228,0.805
0.855,-0.273
0.011,2.544
-2.036,1.076
-2.302,-0.297
-2.79,-0.434
2.509,-1.117
-2.368,1.846
-2.754,0.016
-2.93,-0.639
3.124,2.164
2.56,1.007
-0.819,1.053
-2.384,0.141
-2.346,-0.424
1.664,-1.323
0.281,-1.302
-2.738,-1.311
2.838,-1.295
2.444,-1.335
0.932,-1.58
-0.022,-1.689
-0.938,-1.628
-1.531,-1.887
-2.126,-1.861
2.507,-1.785
0.034,-0.802
-0.037,-2.175
-0.041,-1.077
-0.009,-0.249
-0.112,0.522
-0.175,0.091
-0.177,-0.291
-0.209,-1.513
-0.118,-2.593
-0.289,-0.88
-0.243,-1.176
-0.354,-2.378
-0.424,-1.963
-0.377,-0.083
-0.58,-2.476
-0.614,-1.909
-0.734,0.594
-0.674,-1.638
-0.722,-0.344
-0.744,-0.804
-0.754,-1.366
-0.763,-1.01
-0.857,-0.882
-0.807,-1.826
-0.896,1.016
-0.851,-1.017
-0.851,-1.903
-0.944,-1.738
-1.056,-0.323
-1.071,-1.826
-1.129,-0.641
-1.066,0.218
-1.111,-0.628
-1.245,0.955
-1.18,-2.277
-1.21,-1.213
-1.232,-0.213
-1.261,-1.31
-1.334,-0.714
-1.376,-1.245
-1.33,-1.197
-1.43,0.452
-1.373,-1.058
-1.447,-1.341
-1.478,-0.224
-1.509,-1.59
-1.51,0.511
-1.453,0.417
-1.582,0.26
-1.708,0.975
-1.747,0.134
-1.689,-0.772
-1.7,-0.892
-1.779,0.361
-1.84,-0.672
-1.787,-0.52
-1.906,0.752
-1.897,-0.939
-1.957,0.855
-1.972,-2.029
-1.965,-0.499
-2.155,-1.943
-2.257,-0.774
-2.236,0.497
-2.43,-1.018
-2.498,-2.584
-2.522,-0.408
-2.604,0.525
-2.572,-0.652
-2.659,-1.963
-2.72,-0.507
-2.746,-1.3
-2.848,0.468
-2.885,-1.571
-2.936,0.066
-2.998,0.547
-2.958,-2.205
-3.025,0.723
-3.033,-1.576
2.953,-2.066
2.981,-0.763
2.887,-1.356
2.896,-1.97
2.869,-0.057
2.749,-1.34
2.602,-2.403
2.576,-2.052
2.574,-2.368
2.446,-0.745
2.386,0.09
2.397,-0.959
2.389,-1.359
2.36,-0.634
2.434,-1.678
2.351,0.195
0.073,-3.132
-0.241,-3.011
-0.569,-3.033
-0.839,-3.173
-2.976,-3.07
-3.04,-3.014
2.904,-3.111
2.902,-3.081
2.569,-3.135
2.44,-3.054
1.956,1.098
1.604,1.136
1.11,1.141
0.204,1.008
0.076,0.882
-0.533,0.936
-1.204,0.958
-2.197,0.942
-2.312,1.126
3.121,0.984
2.926,0.847
-2.607,0.999
-0.777,-2.96
2.378,-1.7
2.384,-2.409
2.222,0.387
2.216,-0.229
2.169,-2.268
2.108,-1.686
2.111,0.888
2.209,-0.616
2.014,0.521
2.161,0.564
2.012,-0.964
1.959,-2.321
1.964,0.799
2.083,-1.449
1.967,0.168
2.037,-0.843
2.033,-2.08
1.836,0.759
1.961,-0.833
1.886,-0.667
1.894,0.525
1.728,1.012
1.875,-0.985
1.719,-2.417
1.668,-1.718
1.658,0.637
1.769,-0.513
1.559,-0.959
1.646,-0.016
1.692,-2.007
1.601,-2.134
1.449,0.949
1.58,0.253
1.489,-0.148
1.356,-0.382
1.327,-1.545
1.208,-1.584
0.986,-0.429
0.937,-2.044
1.04,-0.531
0.963,-1.807
0.669,0.896
0.696,-0.479
0.547,-1.857
0.554,-0.626
0.369,-2.723
0.36,-1.313
0.472,-0.104
0.309,-2.11
0.428,0.635
0.413,-2.185
0.394,-1.816
0.313,-0.56
0.149,-0.702
0.187,-0.411
0.054,0.467
-0.043,-1.293
-0.208,-0.844
-0.11,0.646
-0.133,-0.419
-0.251,-0.791
-0.506,0.187
-0.415,-0.035
-0.449,-1.755
-0.531,-2.26
-0.554,0.212
-0.673,0.664
-0.824,0.988
-0.757,-0.72
-0.742,0.959
-0.757,-1.901
-1.008,-0.512
-0.893,0.2
-1.066,-1.548
-0.961,0.764
-0.993,-2.125
-1.153,0.896
-1.169,0.566
-1.059,0.38
-1.095,0.36
-1.223,0.101
-1.271,-0.961
-1.349,-1.359
-1.357,-1.288
-1.411,-0.396
-1.493,-1.917
-1.661,-0.669
-1.576,0.5
-1.689,1.084
-1.596,-0.816
-1.729,-1.999
-1.658,-1.891
-1.947,-0.98
-2.097,-2.093
-2.128,-1.677
-2.032,0.576
-2.324,-1.459
-2.489,0.828
-2.674,-0.075
-2.665,-1.887
-2.686,-2.258
-2.851,0.462
-3.049,-0.003
2.969,-0.952
2.729,-2.104
2.648,-0.762
2.627,0.953
0.824,-2.923
0.204,-3.051
0.182,-3.152
0.194,-3.245
-0.969,-2.964
-1.122,-3.088
-2.814,-3.134
2.699,-3.028
0.744,1.003
0.633,1.014
0.366,1.06
0.191,1.108
0.043,0.995
2.97,0.904
2.246,-1.974
2.253,-0.753
0.88,-1.831
0.036,0.986
-2.011,-0.482
-2.277,-1.855
-2.765,-1.992
2.534,-2.675
-2.343,0.288
-2.729,-1.542
-2.905,-2.197
-3.134,0.606
2.585,-0.551
-0.794,-0.505
-2.359,-1.417
-2.321,-1.982
1.689,-2.881
0.306,-2.86
-2.713,-2.869
2.863,-2.853
2.469,-2.893
0.957,-3.138
0.003,-3.247
-0.913,-3.186
-1.506,-3.445
-2.101,-3.419
2.532,-3.343
-0.071,-1.373
-0.075,-0.275
-0.043,0.553
-0.146,1.324
-0.209,0.893
-0.211,0.511
-0.243,-0.711
-0.152,-1.791
-0.323,-0.078
-0.277,-0.374
-0.388,-1.576
-0.458,-1.161
-0.411,0.719
-0.614,-1.674
-0.648,-1.107
-0.768,1.396
-0.708,-0.836
-0.756,0.458
-0.778,-0.002
-0.788,-0.564
-0.797,-0.208
-0.891,-0.08
-0.841,-1.024
-0.93,1.818
-0.885,-0.215
-0.885,-1.101
-0.978,-0.936
-1.09,0.479
-1.105,-1.024
-1.163,0.161
-1.1,1.02
-1.145,0.174
-1.279,1.757
-1.214,-1.475
-1.244,-0.411
-1.266,0.589
-1.295,-0.508
-1.368,0.088
-1.41,-0.443
-1.364,-0.395
-1.464,1.254
-1.407,-0.256
-1.481,-0.539
-1.512,0.578
-1.543,-0.788
-1.544,1.313
-1.487,1.219
-1.616,1.062
-1.742,1.777
-1.781,0.936
-1.723,0.03
-1.734,-0.09
-1.813,1.163
-1.874,0.13
-1.821,0.282
-1.94,1.554
-1.931,-0.137
-1.991,1.657
-2.006,-1.227
-1.999,0.303
-2.189,-1.141
-2.291,0.028
-2.27,1.299
-2.464,-0.216
-2.532,-1.782
-2.556,0.394
-2.638,1.327
-2.606,0.15
-2.693,-1.161
-2.754,0.295
-2.78,-0.498
-2.882,1.27
-2.919,-0.769
-2.97,0.868
-3.032,1.349
-2.992,-1.403
-3.059,1.525
-3.067,-0.774
2.919,-1.264
2.947,0.039
2.853,-0.554
2.862,-1.168
2.835,0.745
2.715,-0.538
2.568,-1.601
2.542,-1.25
2.54,-1.566
2.412,0.057
2.352,0.892
2.363,-0.157
2.355,-0.557
2.326,0.168
2.4,-0.876
2.317,0.997
0.039,-2.33
-0.275,-2.209
-0.603,-2.231
-0.873,-2.371
-3.01,-2.268
-3.074,-2.212
2.87,-2.309
2.868,-2.279
2.535,-2.333
2.406,-2.252
1.922,1.9
1.57,1.938
1.076,1.943
0.17,1.81
0.042,1.684
-0.567,1.738
-1.238,1.76
-2.231,1.744
-2.346,1.928
3.087,1.786
2.892,1.649
-2.641,1.801
-0.811,-2.158
2.344,-0.898
2.35,-1.607
2.188,1.189
2.182,0.573
2.135,-1.466
2.074,-0.884
2.077,1.69
2.175,0.186
1.98,1.323
2.127,1.366
1.978,-0.162
1.925,-1.519
1.93,1.601
2.049,-0.647
1.933,0.97
2.003,-0.041
1.999,-1.278
1.802,1.561
1.927,-0.031
1.852,0.135
1.86,1.327
1.694,1.814
1.841,-0.183
1.685,-1.615
1.634,-0.916
1.624,1.439
1.735,0.289
1.525,-0.157
1.612,0.786
1.658,-1.205
1.567,-1.332
1.415,1.751
1.546,1.055
1.455,0.654
1.322,0.42
1.293,-0.743
1.174,-0.782
0.952,0.373
0.903,-1.242
1.006,0.271
0.929,-1.005
0.635,1.698
0.662,0.323
0.513,-1.055
0.52,0.176
0.335,-1.921
0.326,-0.511
0.438,0.698
0.275,-1.308
0.394,1.437
0.379,-1.383
0.36,-1.014
0.279,0.242
0.115,0.1
0.153,0.391
0.02,1.269
-0.077,-0.491
-0.242,-0.042
-0.144,1.448
-0.167,0.383
-0.285,0.011
-0.54,0.989
-0.449,0.767
-0.483,-0.953
-0.565,-1.458
-0.588,1.014
-0.707,1.466
-0.858,1.79
-0.791,0.082
-0.776,1.761
-0.791,-1.099
-1.042,0.29
-0.927,1.002
-1.1,-0.746
-0.995,1.566
-1.027,-1.323
-1.187,1.698
-1.203,1.368
-1.093,1.182
-1.129,1.162
-1.257,0.903
-1.305,-0.159
-1.383,-0.557
-1.391,-0.486
-1.445,0.406
-1.527,-1.115
-1.695,0.133
-1.61,1.302
-1.723,1.886
-1.63,-0.014
-1.763,-1.197
-1.692,-1.089
-1.981,-0.178
-2.131,-1.291
-2.162,-0.875
-2.066,1.378
-2.358,-0.657
-2.523,1.63
-2.708,0.727
-2.699,-1.085
-2.72,-1.456
-2.885,1.264
-3.083,0.799
2.935,-0.15
2.695,-1.302
2.614,0.04
2.593,1.755
0.79,-2.121
0.17,-2.249
0.148,-2.35
0.16,-2.443
-1.003,-2.162
-1.156,-2.286
-2.848,-2.332
2.665,-2.226
0.71,1.805
0.599,1.816
0.332,1.862
0.157,1.91
0.009,1.797
2.936,1.706
2.212,-1.172
2.219,0.049
0.846,-1.029
0.002,1.788
-2.045,0.32
-2.311,-1.053
-2.799,-1.19
2.5,-1.873
-2.377,1.09
-2.763,-0.74
-2.939,-1.395
3.115,1.408
2.551,0.251
-0.828,0.297
-2.393,-0.615
-2.355,-1.18
1.655,-2.079
0.272,-2.058
-2.747,-2.067
2.829,-2.051
2.435,-2.091
0.923,-2.336
-0.031,-2.445
-0.947,-2.384
-1.54,-2.643
-2.135,-2.617
2.498,-2.541
-0.004,1.098
0.028,1.926
-0.075,2.697
-0.138,2.266
-0.14,1.884
-0.172,0.662
-0.081,-0.418
-0.252,1.295
-0.206,0.999
-0.317,-0.203
-0.387,0.212
-0.34,2.092
-0.543,-0.301
-0.577,0.266
-0.697,2.769
-0.637,0.537
-0.685,1.831
-0.707,1.371
-0.717,0.809
-0.726,1.165
-0.82,1.293
-0.77,0.349
-0.859,3.191
-0.814,1.158
-0.814,0.272
-0.907,0.437
-1.019,1.852
-1.034,0.349
-1.092,1.534
-1.029,2.393
-1.074,1.547
-1.208,3.13
-1.143,-0.102
-1.173,0.962
-1.195,1.962
-1.224,0.865
-1.297,1.461
-1.339,0.93
-1.293,0.978
-1.393,2.627
-1.336,1.117
-1.41,0.834
-1.441,1.951
-1.472,0.585
-1.473,2.686
-1.416,2.592
-1.545,2.435
-1.671,3.15
-1.71,2.309
-1.652,1.403
-1.663,1.283
-1.742,2.536
-1.803,1.503
-1.75,1.655
-1.869,2.927
-1.86,1.236
-1.92,3.03
-1.935,0.146
-1.928,1.676
-2.118,0.232
-2.22,1.401
-2.199,2.672
-2.393,1.157
-2.461,-0.409
-2.485,1.767
-2.567,2.7
-2.535,1.523
-2.622,0.212
-2.683,1.668
-2.709,0.875
-2.811,2.643
-2.848,0.604
-2.899,2.241
-2.961,2.722
-2.921,-0.03
-2.988,2.898
-2.996,0.599
2.99,0.109
3.018,1.412
2.924,0.819
2.933,0.205
2.906,2.118
2.786,0.835
2.639,-0.228
2.613,0.123
2.611,-0.193
2.483,1.43
2.423,2.265
2.434,1.216
2.426,0.816
2.397,1.541
2.471,0.497
2.388,2.37
0.11,-0.957
-0.204,-0.836
-0.532,-0.858
-0.802,-0.998
-2.939,-0.895
-3.003,-0.839
2.941,-0.936
2.939,-0.906
2.606,-0.96
2.477,-0.879
1.993,3.273
1.641,3.311
1.147,3.316
0.241,3.183
0.113,3.057
-0.496,3.111
-1.167,3.133
-2.16,3.117
-2.275,3.301
-3.125,3.159
2.963,3.022
-2.57,3.174
-0.74,-0.785
2.415,0.475
2.421,-0.234
2.259,2.562
2.253,1.946
2.206,-0.093
2.145,0.489
2.148,3.063
2.246,1.559
2.051,2.696
2.198,2.739
2.049,1.211
1.996,-0.146
2.001,2.974
2.12,0.726
2.004,2.343
2.074,1.332
2.07,0.095
1.873,2.934
1.998,1.342
1.923,1.508
1.931,2.7
1.765,3.187
1.912,1.19
1.756,-0.242
1.705,0.457
1.695,2.812
1.806,1.662
1.596,1.216
1.683,2.159
1.729,0.168
1.638,0.041
1.486,3.124
1.617,2.428
1.526,2.027
1.393,1.793
1.364,0.63
1.245,0.591
1.023,1.746
0.974,0.131
1.077,1.644
1.0,0.368
0.706,3.071
0.733,1.696
0.584,0.318
0.591,1.549
0.406,-0.548
0.397,0.862
0.509,2.071
0.346,0.065
0.465,2.81
0.45,-0.01
0.431,0.359
0.35,1.615
0.186,1.473
0.224,1.764
0.091,2.642
-0.006,0.882
-0.171,1.331
-0.073,2.821
-0.096,1.756
-0.214,1.384
-0.469,2.362
-0.378,2.14
-0.412,0.42
-0.494,-0.085
-0.517,2.387
-0.636,2.839
-0.787,3.163
-0.72,1.455
-0.705,3.134
-0.72,0.274
-0.971,1.663
-0.856,2.375
-1.029,0.627
-0.924,2.939
-0.956,0.05
-1.116,3.071
-1.132,2.741
-1.022,2.555
-1.058,2.535
-1.186,2.276
-1.234,1.214
-1.312,0.816
-1.32,0.887
-1.374,1.779
-1.456,0.258
-1.624,1.506
-1.539,2.675
-1.652,3.259
-1.559,1.359
-1.692,0.176
-1.621,0.284
-1.91,1.195
-2.06,0.082
-2.091,0.498
-1.995,2.751
-2.287,0.716
-2.452,3.003
-2.637,2.1
-2.628,0.288
-2.649,-0.083
-2.814,2.637
-3.012,2.172
3.006,1.223
2.766,0.071
2.685,1.413
2.664,3.128
0.861,-0.748
0.241,-0.876
0.219,-0.977
0.231,-1.07
-0.932,-0.789
-1.085,-0.913
-2.777,-0.959
2.736,-0.853
0.781,3.178
0.67,3.189
0.403,3.235
0.228,3.283
0.08,3.17
3.007,3.079
2.283,0.201
2.29,1.422
0.917,0.344
0.073,3.161
-1.974,1.693
-2.24,0.32
-2.728,0.183
2.571,-0.5
-2.306,2.463
-2.692,0.633
-2.868,-0.022
-3.097,2.781
2.622,1.624
-0.757,1.67
-2.322,0.758
-2.284,0.193
1.726,-0.706
0.343,-0.685
-2.676,-0.694
2.9,-0.678
2.506,-0.718
0.994,-0.963
0.04,-1.072
-0.876,-1.011
-1.469,-1.27
-2.064,-1.244
2.569,-1.168
0.032,0.828
-0.071,1.599
-0.134,1.168
-0.136,0.786
-0.168,-0.436
-0.077,-1.516
-0.248,0.197
-0.202,-0.099
-0.313,-1.301
-0.383,-0.886
-0.336,0.994
-0.539,-1.399
-0.573,-0.832
-0.693,1.671
-0.633,-0.561
-0.681,0.733
-0.703,0.273
-0.713,-0.289
-0.722,0.067
-0.816,0.195
-0.766,-0.749
-0.855,2.093
-0.81,0.06
-0.81,-0.826
-0.903,-0.661
-1.015,0.754
-1.03,-0.749
-1.088,0.436
-1.025,1.295
-1.07,0.449
-1.204,2.032
-1.139,-1.2
-1.169,-0.136
-1.191,0.864
-1.22,-0.233
-1.293,0.363
-1.335,-0.168
-1.289,-0.12
-1.389,1.529
-1.332,0.019
-1.406,-0.264
-1.437,0.853
-1.468,-0.513
-1.469,1.588
-1.412,1.494
-1.541,1.337
-1.667,2.052
-1.706,1.211
-1.648,0.305
-1.659,0.185
-1.738,1.438
-1.799,0.405
-1.746,0.557
-1.865,1.829
-1.856,0.138
-1.916,1.932
-1.931,-0.952
-1.924,0.578
-2.114,-0.866
-2.216,0.303
-2.195,1.574
-2.389,0.059
-2.457,-1.507
-2.481,0.669
-2.563,1.602
-2.531,0.425
-2.618,-0.886
-2.679,0.57
-2.705,-0.223
-2.807,1.545
-2.844,-0.494
-2.895,1.143
-2.957,1.624
-2.917,-1.128
-2.984,1.8
-2.992,-0.499
2.994,-0.989
3.022,0.314
2.928,-0.279
2.937,-0.893
2.91,1.02
2.79,-0.263
2.643,-1.326
2.617,-0.975
2.615,-1.291
2.487,0.332
2.427,1.167
2.438,0.118
2.43,-0.282
2.401,0.443
2.475,-0.601
2.392,1.272
0.114,-2.055
-0.2,-1.934
-0.528,-1.956
-0.798,-2.096
-2.935,-1.993
-2.999,-1.937
2.945,-2.034
2.943,-2.004
2.61,-2.058
2.481,-1.977
1.997,2.175
1.645,2.213
1.151,2.218
0.245,2.085
0.117,1.959
-0.492,2.013
-1.163,2.035
-2.156,2.019
-2.271,2.203
-3.121,2.061
2.967,1.924
-2.566,2.076
-0.736,-1.883
2.419,-0.623
2.425,-1.332
2.263,1.464
2.257,0.848
2.21,-1.191
2.149,-0.609
2.152,1.965
2.25,0.461
2.055,1.598
2.202,1.641
2.053,0.113
2.0,-1.244
2.005,1.876
2.124,-0.372
2.008,1.245
2.078,0.234
2.074,-1.003
1.877,1.836
2.002,0.244
1.927,0.41
1.935,1.602
1.769,2.089
1.916,0.092
1.76,-1.34
1.709,-0.641
1.699,1.714
1.81,0.564
1.6,0.118
1.687,1.061
1.733,-0.93
1.642,-1.057
1.49,2.026
1.621,1.33
1.53,0.929
1.397,0.695
1.368,-0.468
1.249,-0.507
1.027,0.648
0.978,-0.967
1.081,0.546
1.004,-0.73
0.71,1.973
0.737,0.598
0.588,-0.78
0.595,0.451
0.41,-1.646
0.401,-0.236
0.513,0.973
0.35,-1.033
0.469,1.712
0.454,-1.108
0.435,-0.739
0.354,0.517
0.19,0.375
0.228,0.666
0.095,1.544
-0.002,-0.216
-0.167,0.233
-0.069,1.723
-0.092,0.658
-0.21,0.286
-0.465,1.264
-0.374,1.042
-0.408,-0.678
-0.49,-1.183
-0.513,1.289
-0.632,1.741
-0.783,2.065
-0.716,0.357
-0.701,2.036
-0.716,-0.824
-0.967,0.565
-0.852,1.277
-1.025,-0.471
-0.92,1.841
-0.952,-1.048
-1.112,1.973
-1.128,1.643
-1.018,1.457
-1.054,1.437
-1.182,1.178
-1.23,0.116
-1.308,-0.282
-1.316,-0.211
-1.37,0.681
-1.452,-0.84
-1.62,0.408
-1.535,1.577
-1.648,2.161
-1.555,0.261
-1.688,-0.922
-1.617,-0.814
-1.906,0.097
-2.056,-1.016
-2.087,-0.6
-1.991,1.653
-2.283,-0.382
-2.448,1.905
-2.633,1.002
-2.624,-0.81
-2.645,-1.181
-2.81,1.539
-3.008,1.074
3.01,0.125
2.77,-1.027
2.689,0.315
2.668,2.03
0.865,-1.846
0.245,-1.974
0.223,-2.075
0.235,-2.168
-0.928,-1.887
-1.081,-2.011
-2.773,-2.057
2.74,-1.951
0.785,2.08
0.674,2.091
0.407,2.137
0.232,2.185
0.084,2.072
3.011,1.981
2.287,-0.897
2.294,0.324
0.921,-0.754
0.077,2.063
-1.97,0.595
-2.236,-0.778
-2.724,-0.915
2.575,-1.598
-2.302,1.365
-2.688,-0.465
-2.864,-1.12
-3.093,1.683
2.626,0.526
-0.753,0.572
-2.318,-0.34
-2.28,-0.905
1.73,-1.804
0.347,-1.783
-2.672,-1.792
2.904,-1.776
2.51,-1.816
0.998,-2.061
0.044,-2.17
-0.872,-2.109
-1.465,-2.368
-2.06,-2.342
2.573,-2.266
-0.103,0.771
-0.166,0.34
-0.168,-0.042
-0.2,-1.264
-0.109,-2.344
-0.28,-0.631
-0.234,-0.927
-0.345,-2.129
-0.415,-1.714
-0.368,0.166
-0.571,-2.227
-0.605,-1.66
-0.725,0.843
-0.665,-1.389
-0.713,-0.095
-0.735,-0.555
-0.745,-1.117
-0.754,-0.761
-0.848,-0.633
-0.798,-1.577
-0.887,1.265
-0.842,-0.768
-0.842,-1.654
-0.935,-1.489
-1.047,-0.074
-1.062,-1.577
-1.12,-0.392
-1.057,0.467
-1.102,-0.379
-1.236,1.204
-1.171,-2.028
-1.201,-0.964
-1.223,0.036
-1.252,-1.061
-1.325,-0.465
-1.367,-0.996
-1.321,-0.948
-1.421,0.701
-1.364,-0.809
-1.438,-1.092
-1.469,0.025
-1.5,-1.341
-1.501,0.76
-1.444,0.666
-1.573,0.509
-1.699,1.224
-1.738,0.383
-1.68,-0.523
-1.691,-0.643
-1.77,0.61
-1.831,-0.423
-1.778,-0.271
-1.897,1.001
-1.888,-0.69
-1.948,1.104
-1.963,-1.78
-1.956,-0.25
-2.146,-1.694
-2.248,-0.525
-2.227,0.746
-2.421,-0.769
-2.489,-2.335
-2.513,-0.159
-2.595,0.774
-2.563,-0.403
-2.65,-1.714
-2.711,-0.258
-2.737,-1.051
-2.839,0.717
-2.876,-1.322
-2.927,0.315
-2.989,0.796
-2.949,-1.956
-3.016,0.972
-3.024,-1.327
2.962,-1.817
2.99,-0.514
2.896,-1.107
2.905,-1.721
2.878,0.192
2.758,-1.091
2.611,-2.154
2.585,-1.803
2.583,-2.119
2.455,-0.496
2.395,0.339
2.406,-0.71
2.398,-1.11
2.369,-0.385
2.443,-1.429
2.36,0.444
0.082,-2.883
-0.232,-2.762
-0.56,-2.784
-0.83,-2.924
-2.967,-2.821
-3.031,-2.765
2.913,-2.862
2.911,-2.832
2.578,-2.886
2.449,-2.805
1.965,1.347
1.613,1.385
1.119,1.39
0.213,1.257
0.085,1.131
-0.524,1.185
-1.195,1.207
-2.188,1.191
-2.303,1.375
3.13,1.233
2.935,1.096
-2.598,1.248
-0.768,-2.711
2.387,-1.451
2.393,-2.16
2.231,0.636
2.225,0.02
2.178,-2.019
2.117,-1.437
2.12,1.137
2.218,-0.367
2.023,0.77
2.17,0.813
2.021,-0.715
1.968,-2.072
1.973,1.048
2.092,-1.2
1.976,0.417
2.046,-0.594
2.042,-1.831
1.845,1.008
1.97,-0.584
1.895,-0.418
1.903,0.774
1.737,1.261
1.884,-0.736
1.728,-2.168
1.677,-1.469
1.667,0.886
1.778,-0.264
1.568,-0.71
1.655,0.233
1.701,-1.758
1.61,-1.885
1.458,1.198
1.589,0.502
1.498,0.101
1.365,-0.133
1.336,-1.296
1.217,-1.335
0.995,-0.18
0.946,-1.795
1.049,-0.282
0.972,-1.558
0.678,1.145
0.705,-0.23
0.556,-1.608
0.563,-0.377
0.378,-2.474
0.369,-1.064
0.481,0.145
0.318,-1.861
0.437,0.884
0.422,-1.936
0.403,-1.567
0.322,-0.311
0.158,-0.453
0.196,-0.162
0.063,0.716
-0.034,-1.044
-0.199,-0.595
-0.101,0.895
-0.124,-0.17
-0.242,-0.542
-0.497,0.436
-0.406,0.214
-0.44,-1.506
-0.522,-2.011
-0.545,0.461
-0.664,0.913
-0.815,1.237
-0.748,-0.471
-0.733,1.208
-0.748,-1.652
-0.999,-0.263
-0.884,0.449
-1.057,-1.299
-0.952,1.013
-0.984,-1.876
-1.144,1.145
-1.16,0.815
-1.05,0.629
-1.086,0.609
-1.214,0.35
-1.262,-0.712
-1.34,-1.11
-1.348,-1.039
-1.402,-0.147
-1.484,-1.668
-1.652,-0.42
-1.567,0.749
-1.68,1.333
-1.587,-0.567
-1.72,-1.75
-1.649,-1.642
-1.938,-0.731
-2.088,-1.844
-2.119,-1.428
-2.023,0.825
-2.315,-1.21
-2.48,1.077
-2.665,0.174
-2.656,-1.638
-2.677,-2.009
-2.842,0.711
-3.04,0.246
2.978,-0.703
2.738,-1.855
2.657,-0.513
2.636,1.202
0.833,-2.674
0.213,-2.802
0.191,-2.903
0.203,-2.996
-0.96,-2.715
-1.113,-2.839
-2.805,-2.885
2.708,-2.779
0.753,1.252
0.642,1.263
0.375,1.309
0.2,1.357
0.052,1.244
2.979,1.153
2.255,-1.725
2.262,-0.504
0.889,-1.582
0.045,1.235
-2.002,-0.233
-2.268,-1.606
-2.756,-1.743
2.543,-2.426
-2.334,0.537
-2.72,-1.293
-2.896,-1.948
-3.125,0.855
2.594,-0.302
-0.785,-0.256
-2.35,-1.168
-2.312,-1.733
1.698,-2.632
0.315,-2.611
-2.704,-2.62
2.872,-2.604
2.478,-2.644
0.966,-2.889
0.012,-2.998
-0.904,-2.937
-1.497,-3.196
-2.092,-3.17
2.541,-3.094
-0.063,-0.431
-0.065,-0.813
-0.097,-2.035
-0.006,-3.115
-0.177,-1.402
-0.131,-1.698
-0.242,-2.9
-0.312,-2.485
-0.265,-0.605
-0.468,-2.998
-0.502,-2.431
-0.622,0.072
-0.562,-2.16
-0.61,-0.866
-0.632,-1.326
-0.642,-1.888
-0.651,-1.532
-0.745,-1.404
-0.695,-2.348
-0.784,0.494
-0.739,-1.539
-0.739,-2.425
-0.832,-2.26
-0.944,-0.845
-0.959,-2.348
-1.017,-1.163
-0.954,-0.304
-0.999,-1.15
-1.133,0.433
-1.068,-2.799
-1.098,-1.735
-1.12,-0.735
-1.149,-1.832
-1.222,-1.236
-1.264,-1.767
-1.218,-1.719
-1.318,-0.07
-1.261,-1.58
-1.335,-1.863
-1.366,-0.746
-1.397,-2.112
-1.398,-0.011
-1.341,-0.105
-1.47,-0.262
-1.596,0.453
-1.635,-0.388
-1.577,-1.294
-1.588,-1.414
-1.667,-0.161
-1.728,-1.194
-1.675,-1.042
-1.794,0.23
-1.785,-1.461
-1.845,0.333
-1.86,-2.551
-1.853,-1.021
-2.043,-2.465
-2.145,-1.296
-2.124,-0.025
-2.318,-1.54
-2.386,-3.106
-2.41,-0.93
-2.492,0.003
-2.46,-1.174
-2.547,-2.485
-2.608,-1.029
-2.634,-1.822
-2.736,-0.054
-2.773,-2.093
-2.824,-0.456
-2.886,0.025
-2.846,-2.727
-2.913,0.201
-2.921,-2.098
3.065,-2.588
3.093,-1.285
2.999,-1.878
3.008,-2.492
2.981,-0.579
2.861,-1.862
2.714,-2.925
2.688,-2.574
2.686,-2.89
2.558,-1.267
2.498,-0.432
2.509,-1.481
2.501,-1.881
2.472,-1.156
2.546,-2.2
2.463,-0.327
0.185,-3.654
-0.129,-3.533
-0.457,-3.555
-0.727,-3.695
-2.864,-3.592
-2.928,-3.536
3.016,-3.633
3.014,-3.603
2.681,-3.657
2.552,-3.576
2.068,0.576
1.716,0.614
1.222,0.619
0.316,0.486
0.188,0.36
-0.421,0.414
-1.092,0.436
-2.085,0.42
-2.2,0.604
-3.05,0.462
3.038,0.325
-2.495,0.477
-0.665,-3.482
2.49,-2.222
2.496,-2.931
2.334,-0.135
2.328,-0.751
2.281,-2.79
2.22,-2.208
2.223,0.366
2.321,-1.138
2.126,-0.001
2.273,0.042
2.124,-1.486
2.071,-2.843
2.076,0.277
2.195,-1.971
2.079,-0.354
2.149,-1.365
2.145,-2.602
1.948,0.237
2.073,-1.355
1.998,-1.189
2.006,0.003
1.84,0.49
1.987,-1.507
1.831,-2.939
1.78,-2.24
1.77,0.115
1.881,-1.035
1.671,-1.481
1.758,-0.538
1.804,-2.529
1.713,-2.656
1.561,0.427
1.692,-0.269
1.601,-0.67
1.468,-0.904
1.439,-2.067
1.32,-2.106
1.098,-0.951
1.049,-2.566
1.152,-1.053
1.075,-2.329
0.781,0.374
0.808,-1.001
0.659,-2.379
0.666,-1.148
0.481,-3.245
0.472,-1.835
0.584,-0.626
0.421,-2.632
0.54,0.113
0.525,-2.707
0.506,-2.338
0.425,-1.082
0.261,-1.224
0.299,-0.933
0.166,-0.055
0.069,-1.815
-0.096,-1.366
0.002,0.124
-0.021,-0.941
-0.139,-1.313
-0.394,-0.335
-0.303,-0.557
-0.337,-2.277
-0.419,-2.782
-0.442,-0.31
-0.561,0.142
-0.712,0.466
-0.645,-1.242
-0.63,0.437
-0.645,-2.423
-0.896,-1.034
-0.781,-0.322
-0.954,-2.07
-0.849,0.242
-0.881,-2.647
-1.041,0.374
-1.057,0.044
-0.947,-0.142
-0.983,-0.162
-1.111,-0.421
-1.159,-1.483
-1.237,-1.881
-1.245,-1.81
-1.299,-0.918
-1.381,-2.439
-1.549,-1.191
-1.464,-0.022
-1.577,0.562
-1.484,-1.338
-1.617,-2.521
-1.546,-2.413
-1.835,-1.502
-1.985,-2.615
-2.016,-2.199
-1.92,0.054
-2.212,-1.981
-2.377,0.306
-2.562,-0.597
-2.553,-2.409
-2.574,-2.78
-2.739,-0.06
-2.937,-0.525
3.081,-1.474
2.841,-2.626
2.76,-1.284
2.739,0.431
0.936,-3.445
0.316,-3.573
0.294,-3.674
0.306,-3.767
-0.857,-3.486
-1.01,-3.61
-2.702,-3.656
2.811,-3.55
0.856,0.481
0.745,0.492
0.478,0.538
0.303,0.586
0.155,0.473
3.082,0.382
2.358,-2.496
2.365,-1.275
0.992,-2.353
0.148,0.464
-1.899,-1.004
-2.165,-2.377
-2.653,-2.514
2.646,-3.197
-2.231,-0.234
-2.617,-2.064
-2.793,-2.719
-3.022,0.084
2.697,-1.073
-0.682,-1.027
-2.247,-1.939
-2.209,-2.504
1.801,-3.403
0.418,-3.382
-2.601,-3.391
2.975,-3.375
2.581,-3.415
1.069,-3.66
0.115,-3.769
-0.801,-3.708
-1.394,-3.967
-1.989,-3.941
2.644,-3.865
-0.002,-0.382
-0.034,-1.604
0.057,-2.684
-0.114,-0.971
-0.068,-1.267
-0.179,-2.469
-0.249,-2.054
-0.202,-0.174
-0.405,-2.567
-0.439,-2.0
-0.559,0.503
-0.499,-1.729
-0.547,-0.435
-0.569,-0.895
-0.579,-1.457
-0.588,-1.101
-0.682,-0.973
-0.632,-1.917
-0.721,0.925
-0.676,-1.108
-0.676,-1.994
-0.769,-1.829
-0.881,-0.414
-0.896,-1.917
-0.954,-0.732
-0.891,0.127
-0.936,-0.719
-1.07,0.864
-1.005,-2.368
-1.035,-1.304
-1.057,-0.304
-1.086,-1.401
-1.159,-0.805
-1.201,-1.336
-1.155,-1.288
-1.255,0.361
-1.198,-1.149
-1.272,-1.432
-1.303,-0.315
-1.334,-1.681
-1.335,0.42
-1.278,0.326
-1.407,0.169
-1.533,0.884
-1.572,0.043
-1.514,-0.863
-1.525,-0.983
-1.604,0.27
-1.665,-0.763
-1.612,-0.611
-1.731,0.661
-1.722,-1.03
-1.782,0.764
-1.797,-2.12
-1.79,-0.59
-1.98,-2.034
-2.082,-0.865
-2.061,0.406
-2.255,-1.109
-2.323,-2.675
-2.347,-0.499
-2.429,0.434
-2.397,-0.743
-2.484,-2.054
-2.545,-0.598
-2.571,-1.391
-2.673,0.377
-2.71,-1.662
-2.761,-0.025
-2.823,0.456
-2.783,-2.296
-2.85,0.632
-2.858,-1.667
3.128,-2.157
-3.127,-0.854
3.062,-1.447
3.071,-2.061
3.044,-0.148
2.924,-1.431
2.777,-2.494
2.751,-2.143
2.749,-2.459
2.621,-0.836
2.561,-0.001
2.572,-1.05
2.564,-1.45
2.535,-0.725
2.609,-1.769
2.526,0.104
0.248,-3.223
-0.066,-3.102
-0.394,-3.124
-0.664,-3.264
-2.801,-3.161
-2.865,-3.105
3.079,-3.202
3.077,-3.172
2.744,-3.226
2.615,-3.145
2.131,1.007
1.779,1.045
1.285,1.05
0.379,0.917
0.251,0.791
-0.358,0.845
-1.029,0.867
-2.022,0.851
-2.137,1.035
-2.987,0.893
3.101,0.756
-2.432,0.908
-0.602,-3.051
2.553,-1.791
2.559,-2.5
2.397,0.296
2.391,-0.32
2.344,-2.359
2.283,-1.777
2.286,0.797
2.384,-0.707
2.189,0.43
2.336,0.473
2.187,-1.055
2.134,-2.412
2.139,0.708
2.258,-1.54
2.142,0.077
2.212,-0.934
2.208,-2.171
2.011,0.668
2.136,-0.924
2.061,-0.758
2.069,0.434
1.903,0.921
2.05,-1.076
1.894,-2.508
1.843,-1.809
1.833,0.546
1.944,-0.604
1.734,-1.05
1.821,-0.107
1.867,-2.098
1.776,-2.225
1.624,0.858
1.755,0.162
1.664,-0.239
1.531,-0.473
1.502,-1.636
1.383,-1.675
1.161,-0.52
1.112,-2.135
1.215,-0.622
1.138,-1.898
0.844,0.805
0.871,-0.57
0.722,-1.948
0.729,-0.717
0.544,-2.814
0.535,-1.404
0.647,-0.195
0.484,-2.201
0.603,0.544
0.588,-2.276
0.569,-1.907
0.488,-0.651
0.324,-0.793
0.362,-0.502
0.229,0.376
0.132,-1.384
-0.033,-0.935
0.065,0.555
0.042,-0.51
-0.076,-0.882
-0.331,0.096
-0.24,-0.126
-0.274,-1.846
-0.356,-2.351
-0.379,0.121
-0.498,0.573
-0.649,0.897
-0.582,-0.811
-0.567,0.868
-0.582,-1.992
-0.833,-0.603
-0.718,0.109
-0.891,-1.639
-0.786,0.673
-0.818,-2.216
-0.978,0.805
-0.994,0.475
-0.884,0.289
-0.92,0.269
-1.048,0.01
-1.096,-1.052
-1.174,-1.45
-1.182,-1.379
-1.236,-0.487
-1.318,-2.008
-1.486,-0.76
-1.401,0.409
-1.514,0.993
-1.421,-0.907
-1.554,-2.09
-1.483,-1.982
-1.772,-1.071
-1.922,-2.184
-1.953,-1.768
-1.857,0.485
-2.149,-1.55
-2.314,0.737
-2.499,-0.166
-2.49,-1.978
-2.511,-2.349
-2.676,0.371
-2.874,-0.094
-3.139,-1.043
2.904,-2.195
2.823,-0.853
2.802,0.862
0.999,-3.014
0.379,-3.142
0.357,-3.243
0.369,-3.336
-0.794,-3.055
-0.947,-3.179
-2.639,-3.225
2.874,-3.119
0.919,0.912
0.808,0.923
0.541,0.969
0.366,1.017
0.218,0.904
-3.138,0.813
2.421,-2.065
2.428,-0.844
1.055,-1.922
0.211,0.895
-1.836,-0.573
-2.102,-1.946
-2.59,-2.083
2.709,-2.766
-2.168,0.197
-2.554,-1.633
-2.73,-2.288
-2.959,0.515
2.76,-0.642
-0.619,-0.596
-2.184,-1.508
-2.146,-2.073
1.864,-2.972
0.481,-2.951
-2.538,-2.96
3.038,-2.944
2.644,-2.984
1.132,-3.229
0.178,-3.338
-0.738,-3.277
-1.331,-3.536
-1.926,-3.51
2.707,-3.434
-0.032,-1.222
0.059,-2.302
-0.112,-0.589
-0.066,-0.885
-0.177,-2.087
-0.247,-1.672
-0.2,0.208
-0.403,-2.185
-0.437,-1.618
-0.557,0.885
-0.497,-1.347
-0.545,-0.053
-0.567,-0.513
-0.577,-1.075
-0.586,-0.719
-0.68,-0.591
-0.63,-1.535
-0.719,1.307
-0.674,-0.726
-0.674,-1.612
-0.767,-1.447
-0.879,-0.032
-0.894,-1.535
-0.952,-0.35
-0.889,0.509
-0.934,-0.337
-1.068,1.246
-1.003,-1.986
-1.033,-0.922
-1.055,0.078
-1.084,-1.019
-1.157,-0.423
-1.199,-0.954
-1.153,-0.906
-1.253,0.743
-1.196,-0.767
-1.27,-1.05
-1.301,0.067
-1.332,-1.299
-1.333,0.802
-1.276,0.708
-1.405,0.551
-1.531,1.266
-1.57,0.425
-1.512,-0.481
-1.523,-0.601
-1.602,0.652
-1.663,-0.381
-1.61,-0.229
-1.729,1.043
-1.72,-0.648
-1.78,1.146
-1.795,-1.738
-1.788,-0.208
-1.978,-1.652
-2.08,-0.483
-2.059,0.788
-2.253,-0.727
-2.321,-2.293
-2.345,-0.117
-2.427,0.816
-2.395,-0.361
-2.482,-1.672
-2.543,-0.216
-2.569,-1.009
-2.671,0.759
-2.708,-1.28
-2.759,0.357
-2.821,0.838
-2.781,-1.914
-2.848,1.014
-2.856,-1.285
3.13,-1.775
-3.125,-0.472
3.064,-1.065
3.073,-1.679
3.046,0.234
2.926,-1.049
2.779,-2.112
2.753,-1.761
2.751,-2.077
2.623,-0.454
2.563,0.381
2.574,-0.668
2.566,-1.068
2.537,-0.343
2.611,-1.387
2.528,0.486
0.25,-2.841
-0.064,-2.72
-0.392,-2.742
-0.662,-2.882
-2.799,-2.779
-2.863,-2.723
3.081,-2.82
3.079,-2.79
2.746,-2.844
2.617,-2.763
2.133,1.389
1.781,1.427
1.287,1.432
0.381,1.299
0.253,1.173
-0.356,1.227
-1.027,1.249
-2.02,1.233
-2.135,1.417
-2.985,1.275
3.103,1.138
-2.43,1.29
-0.6,-2.669
2.555,-1.409
2.561,-2.118
2.399,0.678
2.393,0.062
2.346,-1.977
2.285,-1.395
2.288,1.179
2.386,-0.325
2.191,0.812
2.338,0.855
2.189,-0.673
2.136,-2.03
2.141,1.09
2.26,-1.158
2.144,0.459
2.214,-0.552
2.21,-1.789
2.013,1.05
2.138,-0.542
2.063,-0.376
2.071,0.816
1.905,1.303
2.052,-0.694
1.896,-2.126
1.845,-1.427
1.835,0.928
1.946,-0.222
1.736,-0.668
1.823,0.275
1.869,-1.716
1.778,-1.843
1.626,1.24
1.757,0.544
1.666,0.143
1.533,-0.091
1.504,-1.254
1.385,-1.293
1.163,-0.138
1.114,-1.753
1.217,-0.24
1.14,-1.516
0.846,1.187
0.873,-0.188
0.724,-1.566
0.731,-0.335
0.546,-2.432
0.537,-1.022
0.649,0.187
0.486,-1.819
0.605,0.926
0.59,-1.894
0.571,-1.525
0.49,-0.269
0.326,-0.411
0.364,-0.12
0.231,0.758
0.134,-1.002
-0.031,-0.553
0.067,0.937
0.044,-0.128
-0.074,-0.5
-0.329,0.478
-0.238,0.256
-0.272,-1.464
-0.354,-1.969
-0.377,0.503
-0.496,0.955
-0.647,1.279
-0.58,-0.429
-0.565,1.25
-0.58,-1.61
-0.831,-0.221
-0.716,0.491
-0.889,-1.257
-0.784,1.055
-0.816,-1.834
-0.976,1.187
-0.992,0.857
-0.882,0.671
-0.918,0.651
-1.046,0.392
-1.094,-0.67
-1.172,-1.068
-1.18,-0.997
-1.234,-0.105
-1.316,-1.626
-1.484,-0.378
-1.399,0.791
-1.512,1.375
-1.419,-0.525
-1.552,-1.708
-1.481,-1.6
-1.77,-0.689
-1.92,-1.802
-1.951,-1.386
-1.855,0.867
-2.147,-1.168
-2.312,1.119
-2.497,0.216
-2.488,-1.596
-2.509,-1.967
-2.674,0.753
-2.872,0.288
-3.137,-0.661
2.906,-1.813
2.825,-0.471
2.804,1.244
1.001,-2.632
0.381,-2.76
0.359,-2.861
0.371,-2.954
-0.792,-2.673
-0.945,-2.797
-2.637,-2.843
2.876,-2.737
0.921,1.294
0.81,1.305
0.543,1.351
0.368,1.399
0.22,1.286
-3.136,1.195
2.423,-1.683
2.43,-0.462
1.057,-1.54
0.213,1.277
-1.834,-0.191
-2.1,-1.564
-2.588,-1.701
2.711,-2.384
-2.166,0.579
-2.552,-1.251
-2.728,-1.906
-2.957,0.897
2.762,-0.26
-0.617,-0.214
-2.182,-1.126
-2.144,-1.691
1.866,-2.59
0.483,-2.569
-2.536,-2.578
3.04,-2.562
2.646,-2.602
1.134,-2.847
0.18,-2.956
-0.736,-2.895
-1.329,-3.154
-1.924,-3.128
2.709,-3.052
0.091,-1.08
-0.08,0.633
-0.034,0.337
-0.145,-0.865
-0.215,-0.45
-0.168,1.43
-0.371,-0.963
-0.405,-0.396
-0.525,2.107
-0.465,-0.125
-0.513,1.169
-0.535,0.709
-0.545,0.147
-0.554,0.503
-0.648,0.631
-0.598,-0.313
-0.687,2.529
-0.642,0.496
-0.642,-0.39
-0.735,-0.225
-0.847,1.19
-0.862,-0.313
-0.92,0.872
-0.857,1.731
-0.902,0.885
-1.036,2.468
-0.971,-0.764
-1.001,0.3
-1.023,1.3
-1.052,0.203
-1.125,0.799
-1.167,0.268
-1.121,0.316
-1.221,1.965
-1.164,0.455
-1.238,0.172
-1.269,1.289
-1.3,-0.077
-1.301,2.024
-1.244,1.93
-1.373,1.773
-1.499,2.488
-1.538,1.647
-1.48,0.741
-1.491,0.621
-1.57,1.874
-1.631,0.841
-1.578,0.993
-1.697,2.265
-1.688,0.574
-1.748,2.368
-1.763,-0.516
-1.756,1.014
-1.946,-0.43
-2.048,0.739
-2.027,2.01
-2.221,0.495
-2.289,-1.071
-2.313,1.105
-2.395,2.038
-2.363,0.861
-2.45,-0.45
-2.511,1.006
-2.537,0.213
-2.639,1.981
-2.676,-0.058
-2.727,1.579
-2.789,2.06
-2.749,-0.692
-2.816,2.236
-2.824,-0.063
-3.121,-0.553
-3.093,0.75
3.096,0.157
3.105,-0.457
3.078,1.456
2.958,0.173
2.811,-0.89
2.785,-0.539
2.783,-0.855
2.655,0.768
2.595,1.603
2.606,0.554
2.598,0.154
2.569,0.879
2.643,-0.165
2.56,1.708
0.282,-1.619
-0.032,-1.498
-0.36,-1.52
-0.63,-1.66
-2.767,-1.557
-2.831,-1.501
3.113,-1.598
3.111,-1.568
2.778,-1.622
2.649,-1.541
2.165,2.611
1.813,2.649
1.319,2.654
0.413,2.521
0.285,2.395
-0.324,2.449
-0.995,2.471
-1.988,2.455
-2.103,2.639
-2.953,2.497
3.135,2.36
-2.398,2.512
-0.568,-1.447
2.587,-0.187
2.593,-0.896
2.431,1.9
2.425,1.284
2.378,-0.755
2.317,-0.173
2.32,2.401
2.418,0.897
2.223,2.034
2.37,2.077
2.221,0.549
2.168,-0.808
2.173,2.312
2.292,0.064
2.176,1.681
2.246,0.67
2.242,-0.567
2.045,2.272
2.17,0.68
2.095,0.846
2.103,2.038
1.937,2.525
2.084,0.528
1.928,-0.904
1.877,-0.205
1.867,2.15
1.978,1.0
1.768,0.554
1.855,1.497
1.901,-0.494
1.81,-0.621
1.658,2.462
1.789,1.766
1.698,1.365
1.565,1.131
1.536,-0.032
1.417,-0.071
1.195,1.084
1.146,-0.531
1.249,0.982
1.172,-0.294
0.878,2.409
0.905,1.034
0.756,-0.344
0.763,0.887
0.578,-1.21
0.569,0.2
0.681,1.409
0.518,-0.597
0.637,2.148
0.622,-0.672
0.603,-0.303
0.522,0.953
0.358,0.811
0.396,1.102
0.263,1.98
0.166,0.22
0.001,0.669
0.099,2.159
0.076,1.094
-0.042,0.722
-0.297,1.7
-0.206,1.478
-0.24,-0.242
-0.322,-0.747
-0.345,1.725
-0.464,2.177
-0.615,2.501
-0.548,0.793
-0.533,2.472
-0.548,-0.388
-0.799,1.001
-0.684,1.713
-0.857,-0.035
-0.752,2.277
-0.784,-0.612
-0.944,2.409
-0.96,2.079
-0.85,1.893
-0.886,1.873
-1.014,1.614
-1.062,0.552
-1.14,0.154
-1.148,0.225
-1.202,1.117
-1.284,-0.404
-1.452,0.844
-1.367,2.013
-1.48,2.597
-1.387,0.697
-1.52,-0.486
-1.449,-0.378
-1.738,0.533
-1.888,-0.58
-1.919,-0.164
-1.823,2.089
-2.115,0.054
-2.28,2.341
-2.465,1.438
-2.456,-0.374
-2.477,-0.745
-2.642,1.975
-2.84,1.51
-3.105,0.561
2.938,-0.591
2.857,0.751
2.836,2.466
1.033,-1.41
0.413,-1.538
0.391,-1.639
0.403,-1.732
-0.76,-1.451
-0.913,-1.575
-2.605,-1.621
2.908,-1.515
0.953,2.516
0.842,2.527
0.575,2.573
0.4,2.621
0.252,2.508
-3.104,2.417
2.455,-0.461
2.462,0.76
1.089,-0.318
0.245,2.499
-1.802,1.031
-2.068,-0.342
-2.556,-0.479
2.743,-1.162
-2.134,1.801
-2.52,-0.029
-2.696,-0.684
-2.925,2.119
2.794,0.962
-0.585,1.008
-2.15,0.096
-2.112,-0.469
1.898,-1.368
0.515,-1.347
-2.504,-1.356
3.072,-1.34
2.678,-1.38
1.166,-1.625
0.212,-1.734
-0.704,-1.673
-1.297,-1.932
-1.892,-1.906
2.741,-1.83
-0.171,1.713
-0.125,1.417
-0.236,0.215
-0.306,0.63
-0.259,2.51
-0.462,0.117
-0.496,0.684
-0.616,3.187
-0.556,0.955
-0.604,2.249
-0.626,1.789
-0.636,1.227
-0.645,1.583
-0.739,1.711
-0.689,0.767
-0.778,3.609
-0.733,1.576
-0.733,0.69
-0.826,0.855
-0.938,2.27
-0.953,0.767
-1.011,1.952
-0.948,2.811
-0.993,1.965
-1.127,3.548
-1.062,0.316
-1.092,1.38
-1.114,2.38
-1.143,1.283
-1.216,1.879
-1.258,1.348
-1.212,1.396
-1.312,3.045
-1.255,1.535
-1.329,1.252
-1.36,2.369
-1.391,1.003
-1.392,3.104
-1.335,3.01
-1.464,2.853
-1.59,3.568
-1.629,2.727
-1.571,1.821
-1.582,1.701
-1.661,2.954
-1.722,1.921
-1.669,2.073
-1.788,3.345
-1.779,1.654
-1.839,3.448
-1.854,0.564
-1.847,2.094
-2.037,0.65
-2.139,1.819
-2.118,3.09
-2.312,1.575
-2.38,0.009
-2.404,2.185
-2.486,3.118
-2.454,1.941
-2.541,0.63
-2.602,2.086
-2.628,1.293
-2.73,3.061
-2.767,1.022
-2.818,2.659
-2.88,3.14
-2.84,0.388
-2.907,3.316
-2.915,1.017
3.071,0.527
3.099,1.83
3.005,1.237
3.014,0.623
2.987,2.536
2.867,1.253
2.72,0.19
2.694,0.541
2.692,0.225
2.564,1.848
2.504,2.683
2.515,1.634
2.507,1.234
2.478,1.959
2.552,0.915
2.469,2.788
0.191,-0.539
-0.123,-0.418
-0.451,-0.44
-0.721,-0.58
-2.858,-0.477
-2.922,-0.421
3.022,-0.518
3.02,-0.488
2.687,-0.542
2.558,-0.461
2.074,3.691
1.722,3.729
1.228,3.734
0.322,3.601
0.194,3.475
-0.415,3.529
-1.086,3.551
-2.079,3.535
-2.194,3.719
-3.044,3.577
3.044,3.44
-2.489,3.592
-0.659,-0.367
2.496,0.893
2.502,0.184
2.34,2.98
2.334,2.364
2.287,0.325
2.226,0.907
2.229,3.481
2.327,1.977
2.132,3.114
2.279,3.157
2.13,1.629
2.077,0.272
2.082,3.392
2.201,1.144
2.085,2.761
2.155,1.75
2.151,0.513
1.954,3.352
2.079,1.76
2.004,1.926
2.012,3.118
1.846,3.605
1.993,1.608
1.837,0.176
1.786,0.875
1.776,3.23
1.887,2.08
1.677,1.634
1.764,2.577
1.81,0.586
1.719,0.459
1.567,3.542
1.698,2.846
1.607,2.445
1.474,2.211
1.445,1.048
1.326,1.009
1.104,2.164
1.055,0.549
1.158,2.062
1.081,0.786
0.787,3.489
0.814,2.114
0.665,0.736
0.672,1.967
0.487,-0.13
0.478,1.28
0.59,2.489
0.427,0.483
0.546,3.228
0.531,0.408
0.512,0.777
0.431,2.033
0.267,1.891
0.305,2.182
0.172,3.06
0.075,1.3
-0.09,1.749
0.008,3.239
-0.015,2.174
-0.133,1.802
-0.388,2.78
-0.297,2.558
-0.331,0.838
-0.413,0.333
-0.436,2.805
-0.555,3.257
-0.706,3.581
-0.639,1.873
-0.624,3.552
-0.639,0.692
-0.89,2.081
-0.775,2.793
-0.948,1.045
-0.843,3.357
-0.875,0.468
-1.035,3.489
-1.051,3.159
-0.941,2.973
-0.977,2.953
-1.105,2.694
-1.153,1.632
-1.231,1.234
-1.239,1.305
-1.293,2.197
-1.375,0.676
-1.543,1.924
-1.458,3.093
-1.571,3.677
-1.478,1.777
-1.611,0.594
-1.54,0.702
-1.829,1.613
-1.979,0.5
-2.01,0.916
-1.914,3.169
-2.206,1.134
-2.371,3.421
-2.556,2.518
-2.547,0.706
-2.568,0.335
-2.733,3.055
-2.931,2.59
3.087,1.641
2.847,0.489
2.766,1.831
2.745,3.546
0.942,-0.33
0.322,-0.458
0.3,-0.559
0.312,-0.652
-0.851,-0.371
-1.004,-0.495
-2.696,-0.541
2.817,-0.435
0.862,3.596
0.751,3.607
0.484,3.653
0.309,3.701
0.161,3.588
3.088,3.497
2.364,0.619
2.371,1.84
0.998,0.762
0.154,3.579
-1.893,2.111
-2.159,0.738
-2.647,0.601
2.652,-0.082
-2.225,2.881
-2.611,1.051
-2.787,0.396
-3.016,3.199
2.703,2.042
-0.676,2.088
-2.241,1.176
-2.203,0.611
1.807,-0.288
0.424,-0.267
-2.595,-0.276
2.981,-0.26
2.587,-0.3
1.075,-0.545
0.121,-0.654
-0.795,-0.593
-1.388,-0.852
-1.983,-0.826
2.65,-0.75
0.046,-0.296
-0.065,-1.498
-0.135,-1.083
-0.088,0.797
-0.291,-1.596
-0.325,-1.029
-0.445,1.474
-0.385,-0.758
-0.433,0.536
-0.455,0.076
-0.465,-0.486
-0.474,-0.13
-0.568,-0.002
-0.518,-0.946
-0.607,1.896
-0.562,-0.137
-0.562,-1.023
-0.655,-0.858
-0.767,0.557
-0.782,-0.946
-0.84,0.239
-0.777,1.098
-0.822,0.252
-0.956,1.835
-0.891,-1.397
-0.921,-0.333
-0.943,0.667
-0.972,-0.43
-1.045,0.166
-1.087,-0.365
-1.041,-0.317
-1.141,1.332
-1.084,-0.178
-1.158,-0.461
-1.189,0.656
-1.22,-0.71
-1.221,1.391
-1.164,1.297
-1.293,1.14
-1.419,1.855
-1.458,1.014
-1.4,0.108
-1.411,-0.012
-1.49,1.241
-1.551,0.208
-1.498,0.36
-1.617,1.632
-1.608,-0.059
-1.668,1.735
-1.683,-1.149
-1.676,0.381
-1.866,-1.063
-1.968,0.106
-1.947,1.377
-2.141,-0.138
-2.209,-1.704
-2.233,0.472
-2.315,1.405
-2.283,0.228
-2.37,-1.083
-2.431,0.373
-2.457,-0.42
-2.559,1.348
-2.596,-0.691
-2.647,0.946
-2.709,1.427
-2.669,-1.325
-2.736,1.603
-2.744,-0.696
-3.041,-1.186
-3.013,0.117
-3.107,-0.476
-3.098,-1.09
-3.125,0.823
3.038,-0.46
2.891,-1.523
2.865,-1.172
2.863,-1.488
2.735,0.135
2.675,0.97
2.686,-0.079
2.678,-0.479
2.649,0.246
2.723,-0.798
2.64,1.075
0.362,-2.252
0.048,-2.131
-0.28,-2.153
-0.55,-2.293
-2.687,-2.19
-2.751,-2.134
-3.09,-2.231
-3.092,-2.201
2.858,-2.255
2.729,-2.174
2.245,1.978
1.893,2.016
1.399,2.021
0.493,1.888
0.365,1.762
-0.244,1.816
-0.915,1.838
-1.908,1.822
-2.023,2.006
-2.873,1.864
-3.068,1.727
-2.318,1.879
-0.488,-2.08
2.667,-0.82
2.673,-1.529
2.511,1.267
2.505,0.651
2.458,-1.388
2.397,-0.806
2.4,1.768
2.498,0.264
2.303,1.401
2.45,1.444
2.301,-0.084
2.248,-1.441
2.253,1.679
2.372,-0.569
2.256,1.048
2.326,0.037
2.322,-1.2
2.125,1.639
2.25,0.047
2.175,0.213
2.183,1.405
2.017,1.892
2.164,-0.105
2.008,-1.537
1.957,-0.838
1.947,1.517
2.058,0.367
1.848,-0.079
1.935,0.864
1.981,-1.127
1.89,-1.254
1.738,1.829
1.869,1.133
1.778,0.732
1.645,0.498
1.616,-0.665
1.497,-0.704
1.275,0.451
1.226,-1.164
1.329,0.349
1.252,-0.927
0.958,1.776
0.985,0.401
0.836,-0.977
0.843,0.254
0.658,-1.843
0.649,-0.433
0.761,0.776
0.598,-1.23
0.717,1.515
0.702,-1.305
0.683,-0.936
0.602,0.32
0.438,0.178
0.476,0.469
0.343,1.347
0.246,-0.413
0.081,0.036
0.179,1.526
0.156,0.461
0.038,0.089
-0.217,1.067
-0.126,0.845
-0.16,-0.875
-0.242,-1.38
-0.265,1.092
-0.384,1.544
-0.535,1.868
-0.468,0.16
-0.453,1.839
-0.468,-1.021
-0.719,0.368
-0.604,1.08
-0.777,-0.668
-0.672,1.644
-0.704,-1.245
-0.864,1.776
-0.88,1.446
-0.77,1.26
-0.806,1.24
-0.934,0.981
-0.982,-0.081
-1.06,-0.479
-1.068,-0.408
-1.122,0.484
-1.204,-1.037
-1.372,0.211
-1.287,1.38
-1.4,1.964
-1.307,0.064
-1.44,-1.119
-1.369,-1.011
-1.658,-0.1
-1.808,-1.213
-1.839,-0.797
-1.743,1.456
-2.035,-0.579
-2.2,1.708
-2.385,0.805
-2.376,-1.007
-2.397,-1.378
-2.562,1.342
-2.76,0.877
-3.025,-0.072
3.018,-1.224
2.937,0.118
2.916,1.833
1.113,-2.043
0.493,-2.171
0.471,-2.272
0.483,-2.365
-0.68,-2.084
-0.833,-2.208
-2.525,-2.254
2.988,-2.148
1.033,1.883
0.922,1.894
0.655,1.94
0.48,1.988
0.332,1.875
-3.024,1.784
2.535,-1.094
2.542,0.127
1.169,-0.951
0.325,1.866
-1.722,0.398
-1.988,-0.975
-2.476,-1.112
2.823,-1.795
-2.054,1.168
-2.44,-0.662
-2.616,-1.317
-2.845,1.486
2.874,0.329
-0.505,0.375
-2.07,-0.537
-2.032,-1.102
1.978,-2.001
0.595,-1.98
-2.424,-1.989
-3.131,-1.973
2.758,-2.013
1.246,-2.258
0.292,-2.367
-0.624,-2.306
-1.217,-2.565
-1.812,-2.539
2.821,-2.463
-0.111,-1.202
-0.181,-0.787
-0.134,1.093
-0.337,-1.3
-0.371,-0.733
-0.491,1.77
-0.431,-0.462
-0.479,0.832
-0.501,0.372
-0.511,-0.19
-0.52,0.166
-0.614,0.294
-0.564,-0.65
-0.653,2.192
-0.608,0.159
-0.608,-0.727
-0.701,-0.562
-0.813,0.853
-0.828,-0.65
-0.886,0.535
-0.823,1.394
-0.868,0.548
-1.002,2.131
-0.937,-1.101
-0.967,-0.037
-0.989,0.963
-1.018,-0.134
-1.091,0.462
-1.133,-0.069
-1.087,-0.021
-1.187,1.628
-1.13,0.118
-1.204,-0.165
-1.235,0.952
-1.266,-0.414
-1.267,1.687
-1.21,1.593
-1.339,1.436
-1.465,2.151
-1.504,1.31
-1.446,0.404
-1.457,0.284
-1.536,1.537
-1.597,0.504
-1.544,0.656
-1.663,1.928
-1.654,0.237
-1.714,2.031
-1.729,-0.853
-1.722,0.677
-1.912,-0.767
-2.014,0.402
-1.993,1.673
-2.187,0.158
-2.255,-1.408
-2.279,0.768
-2.361,1.701
-2.329,0.524
-2.416,-0.787
-2.477,0.669
-2.503,-0.124
-2.605,1.644
-2.642,-0.395
-2.693,1.242
-2.755,1.723
-2.715,-1.029
-2.782,1.899
-2.79,-0.4
-3.087,-0.89
-3.059,0.413
3.13,-0.18
3.139,-0.794
3.112,1.119
2.992,-0.164
2.845,-1.227
2.819,-0.876
2.817,-1.192
2.689,0.431
2.629,1.266
2.64,0.217
2.632,-0.183
2.603,0.542
2.677,-0.502
2.594,1.371
0.316,-1.956
0.002,-1.835
-0.326,-1.857
-0.596,-1.997
-2.733,-1.894
-2.797,-1.838
-3.136,-1.935
-3.138,-1.905
2.812,-1.959
2.683,-1.878
2.199,2.274
1.847,2.312
1.353,2.317
0.447,2.184
0.319,2.058
-0.29,2.112
-0.961,2.134
-1.954,2.118
-2.069,2.302
-2.919,2.16
-3.114,2.023
-2.364,2.175
-0.534,-1.784
2.621,-0.524
2.627,-1.233
2.465,1.563
2.459,0.947
2.412,-1.092
2.351,-0.51
2.354,2.064
2.452,0.56
2.257,1.697
2.404,1.74
2.255,0.212
2.202,-1.145
2.207,1.975
2.326,-0.273
2.21,1.344
2.28,0.333
2.276,-0.904
2.079,1.935
2.204,0.343
2.129,0.509
2.137,1.701
1.971,2.188
2.118,0.191
1.962,-1.241
1.911,-0.542
1.901,1.813
2.012,0.663
1.802,0.217
1.889,1.16
1.935,-0.831
1.844,-0.958
1.692,2.125
1.823,1.429
1.732,1.028
1.599,0.794
1.57,-0.369
1.451,-0.408
1.229,0.747
1.18,-0.868
1.283,0.645
1.206,-0.631
0.912,2.072
0.939,0.697
0.79,-0.681
0.797,0.55
0.612,-1.547
0.603,-0.137
0.715,1.072
0.552,-0.934
0.671,1.811
0.656,-1.009
0.637,-0.64
0.556,0.616
0.392,0.474
0.43,0.765
0.297,1.643
0.2,-0.117
0.035,0.332
0.133,1.822
0.11,0.757
-0.008,0.385
-0.263,1.363
-0.172,1.141
-0.206,-0.579
-0.288,-1.084
-0.311,1.388
-0.43,1.84
-0.581,2.164
-0.514,0.456
-0.499,2.135
-0.514,-0.725
-0.765,0.664
-0.65,1.376
-0.823,-0.372
-0.718,1.94
-0.75,-0.949
-0.91,2.072
-0.926,1.742
-0.816,1.556
-0.852,1.536
-0.98,1.277
-1.028,0.215
-1.106,-0.183
-1.114,-0.112
-1.168,0.78
-1.25,-0.741
-1.418,0.507
-1.333,1.676
-1.446,2.26
-1.353,0.36
-1.486,-0.823
-1.415,-0.715
-1.704,0.196
-1.854,-0.917
-1.885,-0.501
-1.789,1.752
-2.081,-0.283
-2.246,2.004
-2.431,1.101
-2.422,-0.711
-2.443,-1.082
-2.608,1.638
-2.806,1.173
-3.071,0.224
2.972,-0.928
2.891,0.414
2.87,2.129
1.067,-1.747
0.447,-1.875
0.425,-1.976
0.437,-2.069
-0.726,-1.788
-0.879,-1.912
-2.571,-1.958
2.942,-1.852
0.987,2.179
0.876,2.19
0.609,2.236
0.434,2.284
0.286,2.171
-3.07,2.08
2.489,-0.798
2.496,0.423
1.123,-0.655
0.279,2.162
-1.768,0.694
-2.034,-0.679
-2.522,-0.816
2.777,-1.499
-2.1,1.464
-2.486,-0.366
-2.662,-1.021
-2.891,1.782
2.828,0.625
-0.551,0.671
-2.116,-0.241
-2.078,-0.806
1.932,-1.705
0.549,-1.684
-2.47,-1.693
3.106,-1.677
2.712,-1.717
1.2,-1.962
0.246,-2.071
-0.67,-2.01
-1.263,-2.269
-1.858,-2.243
2.775,-2.167
-0.07,0.415
-0.023,2.295
-0.226,-0.098
-0.26,0.469
-0.38,2.972
-0.32,0.74
-0.368,2.034
-0.39,1.574
-0.4,1.012
-0.409,1.368
-0.503,1.496
-0.453,0.552
-0.542,3.394
-0.497,1.361
-0.497,0.475
-0.59,0.64
-0.702,2.055
-0.717,0.552
-0.775,1.737
-0.712,2.596
-0.757,1.75
-0.891,3.333
-0.826,0.101
-0.856,1.165
-0.878,2.165
-0.907,1.068
-0.98,1.664
-1.022,1.133
-0.976,1.181
-1.076,2.83
-1.019,1.32
-1.093,1.037
-1.124,2.154
-1.155,0.788
-1.156,2.889
-1.099,2.795
-1.228,2.638
-1.354,3.353
-1.393,2.512
-1.335,1.606
-1.346,1.486
-1.425,2.739
-1.486,1.706
-1.433,1.858
-1.552,3.13
-1.543,1.439
-1.603,3.233
-1.618,0.349
-1.611,1.879
-1.801,0.435
-1.903,1.604
-1.882,2.875
-2.076,1.36
-2.144,-0.206
-2.168,1.97
-2.25,2.903
-2.218,1.726
-2.305,0.415
-2.366,1.871
-2.392,1.078
-2.494,2.846
-2.531,0.807
-2.582,2.444
-2.644,2.925
-2.604,0.173
-2.671,3.101
-2.679,0.802
-2.976,0.312
-2.948,1.615
-3.042,1.022
-3.033,0.408
-3.06,2.321
3.103,1.038
2.956,-0.025
2.93,0.326
2.928,0.01
2.8,1.633
2.74,2.468
2.751,1.419
2.743,1.019
2.714,1.744
2.788,0.7
2.705,2.573
0.427,-0.754
0.113,-0.633
-0.215,-0.655
-0.485,-0.795
-2.622,-0.692
-2.686,-0.636
-3.025,-0.733
-3.027,-0.703
2.923,-0.757
2.794,-0.676
2.31,3.476
1.958,3.514
1.464,3.519
0.558,3.386
0.43,3.26
-0.179,3.314
-0.85,3.336
-1.843,3.32
-1.958,3.504
-2.808,3.362
-3.003,3.225
-2.253,3.377
-0.423,-0.582
2.732,0.678
2.738,-0.031
2.576,2.765
2.57,2.149
2.523,0.11
2.462,0.692
2.465,3.266
2.563,1.762
2.368,2.899
2.515,2.942
2.366,1.414
2.313,0.057
2.318,3.177
2.437,0.929
2.321,2.546
2.391,1.535
2.387,0.298
2.19,3.137
2.315,1.545
2.24,1.711
2.248,2.903
2.082,3.39
2.229,1.393
2.073,-0.039
2.022,0.66
2.012,3.015
2.123,1.865
1.913,1.419
2.0,2.362
2.046,0.371
1.955,0.244
1.803,3.327
1.934,2.631
1.843,2.23
1.71,1.996
1.681,0.833
1.562,0.794
1.34,1.949
1.291,0.334
1.394,1.847
1.317,0.571
1.023,3.274
1.05,1.899
0.901,0.521
0.908,1.752
0.723,-0.345
0.714,1.065
0.826,2.274
0.663,0.268
0.782,3.013
0.767,0.193
0.748,0.562
0.667,1.818
0.503,1.676
0.541,1.967
0.408,2.845
0.311,1.085
0.146,1.534
0.244,3.024
0.221,1.959
0.103,1.587
-0.152,2.565
-0.061,2.343
-0.095,0.623
-0.177,0.118
-0.2,2.59
-0.319,3.042
-0.47,3.366
-0.403,1.658
-0.388,3.337
-0.403,0.477
-0.654,1.866
-0.539,2.578
-0.712,0.83
-0.607,3.142
-0.639,0.253
-0.799,3.274
-0.815,2.944
-0.705,2.758
-0.741,2.738
-0.869,2.479
-0.917,1.417
-0.995,1.019
-1.003,1.09
-1.057,1.982
-1.139,0.461
-1.307,1.709
-1.222,2.878
-1.335,3.462
-1.242,1.562
-1.375,0.379
-1.304,0.487
-1.593,1.398
-1.743,0.285
-1.774,0.701
-1.678,2.954
-1.97,0.919
-2.135,3.206
-2.32,2.303
-2.311,0.491
-2.332,0.12
-2.497,2.84
-2.695,2.375
-2.96,1.426
3.083,0.274
3.002,1.616
2.981,3.331
1.178,-0.545
0.558,-0.673
0.536,-0.774
0.548,-0.867
-0.615,-0.586
-0.768,-0.71
-2.46,-0.756
3.053,-0.65
1.098,3.381
0.987,3.392
0.72,3.438
0.545,3.486
0.397,3.373
-2.959,3.282
2.6,0.404
2.607,1.625
1.234,0.547
0.39,3.364
-1.657,1.896
-1.923,0.523
-2.411,0.386
2.888,-0.297
-1.989,2.666
-2.375,0.836
-2.551,0.181
-2.78,2.984
2.939,1.827
-0.44,1.873
-2.005,0.961
-1.967,0.396
2.043,-0.503
0.66,-0.482
-2.359,-0.491
-3.066,-0.475
2.823,-0.515
1.311,-0.76
0.357,-0.869
-0.559,-0.808
-1.152,-1.067
-1.747,-1.041
2.886,-0.965
0.047,1.88
-0.156,-0.513
-0.19,0.054
-0.31,2.557
-0.25,0.325
-0.298,1.619
-0.32,1.159
-0.33,0.597
-0.339,0.953
-0.433,1.081
-0.383,0.137
-0.472,2.979
-0.427,0.946
-0.427,0.06
-0.52,0.225
-0.632,1.64
-0.647,0.137
-0.705,1.322
-0.642,2.181
-0.687,1.335
-0.821,2.918
-0.756,-0.314
-0.786,0.75
-0.808,1.75
-0.837,0.653
-0.91,1.249
-0.952,0.718
-0.906,0.766
-1.006,2.415
-0.949,0.905
-1.023,0.622
-1.054,1.739
-1.085,0.373
-1.086,2.474
-1.029,2.38
-1.158,2.223
-1.284,2.938
-1.323,2.097
-1.265,1.191
-1.276,1.071
-1.355,2.324
-1.416,1.291
-1.363,1.443
-1.482,2.715
-1.473,1.024
-1.533,2.818
-1.548,-0.066
-1.541,1.464
-1.731,0.02
-1.833,1.189
-1.812,2.46
-2.006,0.945
-2.074,-0.621
-2.098,1.555
-2.18,2.488
-2.148,1.311
-2.235,0.0
-2.296,1.456
-2.322,0.663
-2.424,2.431
-2.461,0.392
-2.512,2.029
-2.574,2.51
-2.534,-0.242
-2.601,2.686
-2.609,0.387
-2.906,-0.103
-2.878,1.2
-2.972,0.607
-2.963,-0.007
-2.99,1.906
-3.11,0.623
3.026,-0.44
3.0,-0.089
2.998,-0.405
2.87,1.218
2.81,2.053
2.821,1.004
2.813,0.604
2.784,1.329
2.858,0.285
2.775,2.158
0.497,-1.169
0.183,-1.048
-0.145,-1.07
-0.415,-1.21
-2.552,-1.107
-2.616,-1.051
-2.955,-1.148
-2.957,-1.118
2.993,-1.172
2.864,-1.091
2.38,3.061
2.028,3.099
1.534,3.104
0.628,2.971
0.5,2.845
-0.109,2.899
-0.78,2.921
-1.773,2.905
-1.888,3.089
-2.738,2.947
-2.933,2.81
-2.183,2.962
-0.353,-0.997
2.802,0.263
2.808,-0.446
2.646,2.35
2.64,1.734
2.593,-0.305
2.532,0.277
2.535,2.851
2.633,1.347
2.438,2.484
2.585,2.527
2.436,0.999
2.383,-0.358
2.388,2.762
2.507,0.514
2.391,2.131
2.461,1.12
2.457,-0.117
2.26,2.722
2.385,1.13
2.31,1.296
2.318,2.488
2.152,2.975
2.299,0.978
2.143,-0.454
2.092,0.245
2.082,2.6
2.193,1.45
1.983,1.004
2.07,1.947
2.116,-0.044
2.025,-0.171
1.873,2.912
2.004,2.216
1.913,1.815
1.78,1.581
1.751,0.418
1.632,0.379
1.41,1.534
1.361,-0.081
1.464,1.432
1.387,0.156
1.093,2.859
1.12,1.484
0.971,0.106
0.978,1.337
0.793,-0.76
0.784,0.65
0.896,1.859
0.733,-0.147
0.852,2.598
0.837,-0.222
0.818,0.147
0.737,1.403
0.573,1.261
0.611,1.552
0.478,2.43
0.381,0.67
0.216,1.119
0.314,2.609
0.291,1.544
0.173,1.172
-0.082,2.15
0.009,1.928
-0.025,0.208
-0.107,-0.297
-0.13,2.175
-0.249,2.627
-0.4,2.951
-0.333,1.243
-0.318,2.922
-0.333,0.062
-0.584,1.451
-0.469,2.163
-0.642,0.415
-0.537,2.727
-0.569,-0.162
-0.729,2.859
-0.745,2.529
-0.635,2.343
-0.671,2.323
-0.799,2.064
-0.847,1.002
-0.925,0.604
-0.933,0.675
-0.987,1.567
-1.069,0.046
-1.237,1.294
-1.152,2.463
-1.265,3.047
-1.172,1.147
-1.305,-0.036
-1.234,0.072
-1.523,0.983
-1.673,-0.13
-1.704,0.286
-1.608,2.539
-1.9,0.504
-2.065,2.791
-2.25,1.888
-2.241,0.076
-2.262,-0.295
-2.427,2.425
-2.625,1.96
-2.89,1.011
-3.13,-0.141
3.072,1.201
3.051,2.916
1.248,-0.96
0.628,-1.088
0.606,-1.189
0.618,-1.282
-0.545,-1.001
-0.698,-1.125
-2.39,-1.171
3.123,-1.065
1.168,2.966
1.057,2.977
0.79,3.023
0.615,3.071
0.467,2.958
-2.889,2.867
2.67,-0.011
2.677,1.21
1.304,0.132
0.46,2.949
-1.587,1.481
-1.853,0.108
-2.341,-0.029
2.958,-0.712
-1.919,2.251
-2.305,0.421
-2.481,-0.234
-2.71,2.569
3.009,1.412
-0.37,1.458
-1.935,0.546
-1.897,-0.019
2.113,-0.918
0.73,-0.897
-2.289,-0.906
-2.996,-0.89
2.893,-0.93
1.381,-1.175
0.427,-1.284
-0.489,-1.223
-1.082,-1.482
-1.677,-1.456
2.956,-1.38
-0.203,-2.393
-0.237,-1.826
-0.357,0.677
-0.297,-1.555
-0.345,-0.261
-0.367,-0.721
-0.377,-1.283
-0.386,-0.927
-0.48,-0.799
-0.43,-1.743
-0.519,1.099
-0.474,-0.934
-0.474,-1.82
-0.567,-1.655
-0.679,-0.24
-0.694,-1.743
-0.752,-0.558
-0.689,0.301
-0.734,-0.545
-0.868,1.038
-0.803,-2.194
-0.833,-1.13
-0.855,-0.13
-0.884,-1.227
-0.957,-0.631
-0.999,-1.162
-0.953,-1.114
-1.053,0.535
-0.996,-0.975
-1.07,-1.258
-1.101,-0.141
-1.132,-1.507
-1.133,0.594
-1.076,0.5
-1.205,0.343
-1.331,1.058
-1.37,0.217
-1.312,-0.689
-1.323,-0.809
-1.402,0.444
-1.463,-0.589
-1.41,-0.437
-1.529,0.835
-1.52,-0.856
-1.58,0.938
-1.595,-1.946
-1.588,-0.416
-1.778,-1.86
-1.88,-0.691
-1.859,0.58
-2.053,-0.935
-2.121,-2.501
-2.145,-0.325
-2.227,0.608
-2.195,-0.569
-2.282,-1.88
-2.343,-0.424
-2.369,-1.217
-2.471,0.551
-2.508,-1.488
-2.559,0.149
-2.621,0.63
-2.581,-2.122
-2.648,0.806
-2.656,-1.493
-2.953,-1.983
-2.925,-0.68
-3.019,-1.273
-3.01,-1.887
-3.037,0.026
3.126,-1.257
2.979,-2.32
2.953,-1.969
2.951,-2.285
2.823,-0.662
2.763,0.173
2.774,-0.876
2.766,-1.276
2.737,-0.551
2.811,-1.595
2.728,0.278
0.45,-3.049
0.136,-2.928
-0.192,-2.95
-0.462,-3.09
-2.599,-2.987
-2.663,-2.931
-3.002,-3.028
-3.004,-2.998
2.946,-3.052
2.817,-2.971
2.333,1.181
1.981,1.219
1.487,1.224
0.581,1.091
0.453,0.965
-0.156,1.019
-0.827,1.041
-1.82,1.025
-1.935,1.209
-2.785,1.067
-2.98,0.93
-2.23,1.082
-0.4,-2.877
2.755,-1.617
2.761,-2.326
2.599,0.47
2.593,-0.146
2.546,-2.185
2.485,-1.603
2.488,0.971
2.586,-0.533
2.391,0.604
2.538,0.647
2.389,-0.881
2.336,-2.238
2.341,0.882
2.46,-1.366
2.344,0.251
2.414,-0.76
2.41,-1.997
2.213,0.842
2.338,-0.75
2.263,-0.584
2.271,0.608
2.105,1.095
2.252,-0.902
2.096,-2.334
2.045,-1.635
2.035,0.72
2.146,-0.43
1.936,-0.876
2.023,0.067
2.069,-1.924
1.978,-2.051
1.826,1.032
1.957,0.336
1.866,-0.065
1.733,-0.299
1.704,-1.462
1.585,-1.501
1.363,-0.346
1.314,-1.961
1.417,-0.448
1.34,-1.724
1.046,0.979
1.073,-0.396
0.924,-1.774
0.931,-0.543
0.746,-2.64
0.737,-1.23
0.849,-0.021
0.686,-2.027
0.805,0.718
0.79,-2.102
0.771,-1.733
0.69,-0.477
0.526,-0.619
0.564,-0.328
0.431,0.55
0.334,-1.21
0.169,-0.761
0.267,0.729
0.244,-0.336
0.126,-0.708
-0.129,0.27
-0.038,0.048
-0.072,-1.672
-0.154,-2.177
-0.177,0.295
-0.296,0.747
-0.447,1.071
-0.38,-0.637
-0.365,1.042
-0.38,-1.818
-0.631,-0.429
-0.516,0.283
-0.689,-1.465
-0.584,0.847
-0.616,-2.042
-0.776,0.979
-0.792,0.649
-0.682,0.463
-0.718,0.443
-0.846,0.184
-0.894,-0.878
-0.972,-1.276
-0.98,-1.205
-1.034,-0.313
-1.116,-1.834
-1.284,-0.586
-1.199,0.583
-1.312,1.167
-1.219,-0.733
-1.352,-1.916
-1.281,-1.808
-1.57,-0.897
-1.72,-2.01
-1.751,-1.594
-1.655,0.659
-1.947,-1.376
-2.112,0.911
-2.297,0.008
-2.288,-1.804
-2.309,-2.175
-2.474,0.545
-2.672,0.08
-2.937,-0.869
3.106,-2.021
3.025,-0.679
3.004,1.036
1.201,-2.84
0.581,-2.968
0.559,-3.069
0.571,-3.162
-0.592,-2.881
-0.745,-3.005
-2.437,-3.051
3.076,-2.945
1.121,1.086
1.01,1.097
0.743,1.143
0.568,1.191
0.42,1.078
-2.936,0.987
2.623,-1.891
2.63,-0.67
1.257,-1.748
0.413,1.069
-1.634,-0.399
-1.9,-1.772
-2.388,-1.909
2.911,-2.592
-1.966,0.371
-2.352,-1.459
-2.528,-2.114
-2.757,0.689
2.962,-0.468
-0.417,-0.422
-1.982,-1.334
-1.944,-1.899
2.066,-2.798
0.683,-2.777
-2.336,-2.786
-3.043,-2.77
2.846,-2.81
1.334,-3.055
0.38,-3.164
-0.536,-3.103
-1.129,-3.362
-1.724,-3.336
2.909,-3.26
-0.034,0.567
-0.154,3.07
-0.094,0.838
-0.142,2.132
-0.164,1.672
-0.174,1.11
-0.183,1.466
-0.277,1.594
-0.227,0.65
-0.316,3.492
-0.271,1.459
-0.271,0.573
-0.364,0.738
-0.476,2.153
-0.491,0.65
-0.549,1.835
-0.486,2.694
-0.531,1.848
-0.665,3.431
-0.6,0.199
-0.63,1.263
-0.652,2.263
-0.681,1.166
-0.754,1.762
-0.796,1.231
-0.75,1.279
-0.85,2.928
-0.793,1.418
-0.867,1.135
-0.898,2.252
-0.929,0.886
-0.93,2.987
-0.873,2.893
-1.002,2.736
-1.128,3.451
-1.167,2.61
-1.109,1.704
-1.12,1.584
-1.199,2.837
-1.26,1.804
-1.207,1.956
-1.326,3.228
-1.317,1.537
-1.377,3.331
-1.392,0.447
-1.385,1.977
-1.575,0.533
-1.677,1.702
-1.656,2.973
-1.85,1.458
-1.918,-0.108
-1.942,2.068
-2.024,3.001
-1.992,1.824
-2.079,0.513
-2.14,1.969
-2.166,1.176
-2.268,2.944
-2.305,0.905
-2.356,2.542
-2.418,3.023
-2.378,0.271
-2.445,3.199
-2.453,0.9
-2.75,0.41
-2.722,1.713
-2.816,1.12
-2.807,0.506
-2.834,2.419
-2.954,1.136
-3.101,0.073
-3.127,0.424
-3.129,0.108
3.026,1.731
2.966,2.566
2.977,1.517
2.969,1.117
2.94,1.842
3.014,0.798
2.931,2.671
0.653,-0.656
0.339,-0.535
0.011,-0.557
-0.259,-0.697
-2.396,-0.594
-2.46,-0.538
-2.799,-0.635
-2.801,-0.605
-3.134,-0.659
3.02,-0.578
2.536,3.574
2.184,3.612
1.69,3.617
0.784,3.484
0.656,3.358
0.047,3.412
-0.624,3.434
-1.617,3.418
-1.732,3.602
-2.582,3.46
-2.777,3.323
-2.027,3.475
-0.197,-0.484
2.958,0.776
2.964,0.067
2.802,2.863
2.796,2.247
2.749,0.208
2.688,0.79
2.691,3.364
2.789,1.86
2.594,2.997
2.741,3.04
2.592,1.512
2.539,0.155
2.544,3.275
2.663,1.027
2.547,2.644
2.617,1.633
2.613,0.396
2.416,3.235
2.541,1.643
2.466,1.809
2.474,3.001
2.308,3.488
2.455,1.491
2.299,0.059
2.248,0.758
2.238,3.113
2.349,1.963
2.139,1.517
2.226,2.46
2.272,0.469
2.181,0.342
2.029,3.425
2.16,2.729
2.069,2.328
1.936,2.094
1.907,0.931
1.788,0.892
1.566,2.047
1.517,0.432
1.62,1.945
1.543,0.669
1.249,3.372
1.276,1.997
1.127,0.619
1.134,1.85
0.949,-0.247
0.94,1.163
1.052,2.372
0.889,0.366
1.008,3.111
0.993,0.291
0.974,0.66
0.893,1.916
0.729,1.774
0.767,2.065
0.634,2.943
0.537,1.183
0.372,1.632
0.47,3.122
0.447,2.057
0.329,1.685
0.074,2.663
0.165,2.441
0.131,0.721
0.049,0.216
0.026,2.688
-0.093,3.14
-0.244,3.464
-0.177,1.756
-0.162,3.435
-0.177,0.575
-0.428,1.964
-0.313,2.676
-0.486,0.928
-0.381,3.24
-0.413,0.351
-0.573,3.372
-0.589,3.042
-0.479,2.856
-0.515,2.836
-0.643,2.577
-0.691,1.515
-0.769,1.117
-0.777,1.188
-0.831,2.08
-0.913,0.559
-1.081,1.807
-0.996,2.976
-1.109,3.56
-1.016,1.66
-1.149,0.477
-1.078,0.585
-1.367,1.496
-1.517,0.383
-1.548,0.799
-1.452,3.052
-1.744,1.017
-1.909,3.304
-2.094,2.401
-2.085,0.589
-2.106,0.218
-2.271,2.938
-2.469,2.473
-2.734,1.524
-2.974,0.372
-3.055,1.714
-3.076,3.429
1.404,-0.447
0.784,-0.575
0.762,-0.676
0.774,-0.769
-0.389,-0.488
-0.542,-0.612
-2.234,-0.658
-3.004,-0.552
1.324,3.479
1.213,3.49
0.946,3.536
0.771,3.584
0.623,3.471
-2.733,3.38
2.826,0.502
2.833,1.723
1.46,0.645
0.616,3.462
-1.431,1.994
-1.697,0.621
-2.185,0.484
3.114,-0.199
-1.763,2.764
-2.149,0.934
-2.325,0.279
-2.554,3.082
-3.118,1.925
-0.214,1.971
-1.779,1.059
-1.741,0.494
2.269,-0.405
0.886,-0.384
-2.133,-0.393
-2.84,-0.377
3.049,-0.417
1.537,-0.662
0.583,-0.771
-0.333,-0.71
-0.926,-0.969
-1.521,-0.943
3.112,-0.867
-0.12,2.503
-0.06,0.271
-0.108,1.565
-0.13,1.105
-0.14,0.543
-0.149,0.899
-0.243,1.027
-0.193,0.083
-0.282,2.925
-0.237,0.892
-0.237,0.006
-0.33,0.171
-0.442,1.586
-0.457,0.083
-0.515,1.268
-0.452,2.127
-0.497,1.281
-0.631,2.864
-0.566,-0.368
-0.596,0.696
-0.618,1.696
-0.647,0.599
-0.72,1.195
-0.762,0.664
-0.716,0.712
-0.816,2.361
-0.759,0.851
-0.833,0.568
-0.864,1.685
-0.895,0.319
-0.896,2.42
-0.839,2.326
-0.968,2.169
-1.094,2.884
-1.133,2.043
-1.075,1.137
-1.086,1.017
-1.165,2.27
-1.226,1.237
-1.173,1.389
-1.292,2.661
-1.283,0.97
-1.343,2.764
-1.358,-0.12
-1.351,1.41
-1.541,-0.034
-1.643,1.135
-1.622,2.406
-1.816,0.891
-1.884,-0.675
-1.908,1.501
-1.99,2.434
-1.958,1.257
-2.045,-0.054
-2.106,1.402
-2.132,0.609
-2.234,2.377
-2.271,0.338
-2.322,1.975
-2.384,2.456
-2.344,-0.296
-2.411,2.632
-2.419,0.333
-2.716,-0.157
-2.688,1.146
-2.782,0.553
-2.773,-0.061
-2.8,1.852
-2.92,0.569
-3.067,-0.494
-3.093,-0.143
-3.095,-0.459
3.06,1.164
3.0,1.999
3.011,0.95
3.003,0.55
2.974,1.275
3.048,0.231
2.965,2.104
0.687,-1.223
0.373,-1.102
0.045,-1.124
-0.225,-1.264
-2.362,-1.161
-2.426,-1.105
-2.765,-1.202
-2.767,-1.172
-3.1,-1.226
3.054,-1.145
2.57,3.007
2.218,3.045
1.724,3.05
0.818,2.917
0.69,2.791
0.081,2.845
-0.59,2.867
-1.583,2.851
-1.698,3.035
-2.548,2.893
-2.743,2.756
-1.993,2.908
-0.163,-1.051
2.992,0.209
2.998,-0.5
2.836,2.296
2.83,1.68
2.783,-0.359
2.722,0.223
2.725,2.797
2.823,1.293
2.628,2.43
2.775,2.473
2.626,0.945
2.573,-0.412
2.578,2.708
2.697,0.46
2.581,2.077
2.651,1.066
2.647,-0.171
2.45,2.668
2.575,1.076
2.5,1.242
2.508,2.434
2.342,2.921
2.489,0.924
2.333,-0.508
2.282,0.191
2.272,2.546
2.383,1.396
2.173,0.95
2.26,1.893
2.306,-0.098
2.215,-0.225
2.063,2.858
2.194,2.162
2.103,1.761
1.97,1.527
1.941,0.364
1.822,0.325
1.6,1.48
1.551,-0.135
1.654,1.378
1.577,0.102
1.283,2.805
1.31,1.43
1.161,0.052
1.168,1.283
0.983,-0.814
0.974,0.596
1.086,1.805
0.923,-0.201
1.042,2.544
1.027,-0.276
1.008,0.093
0.927,1.349
0.763,1.207
0.801,1.498
0.668,2.376
0.571,0.616
0.406,1.065
0.504,2.555
0.481,1.49
0.363,1.118
0.108,2.096
0.199,1.874
0.165,0.154
0.083,-0.351
0.06,2.121
-0.059,2.573
-0.21,2.897
-0.143,1.189
-0.128,2.868
-0.143,0.008
-0.394,1.397
-0.279,2.109
-0.452,0.361
-0.347,2.673
-0.379,-0.216
-0.539,2.805
-0.555,2.475
-0.445,2.289
-0.481,2.269
-0.609,2.01
-0.657,0.948
-0.735,0.55
-0.743,0.621
-0.797,1.513
-0.879,-0.008
-1.047,1.24
-0.962,2.409
-1.075,2.993
-0.982,1.093
-1.115,-0.09
-1.044,0.018
-1.333,0.929
-1.483,-0.184
-1.514,0.232
-1.418,2.485
-1.71,0.45
-1.875,2.737
-2.06,1.834
-2.051,0.022
-2.072,-0.349
-2.237,2.371
-2.435,1.906
-2.7,0.957
-2.94,-0.195
-3.021,1.147
-3.042,2.862
1.438,-1.014
0.818,-1.142
0.796,-1.243
0.808,-1.336
-0.355,-1.055
-0.508,-1.179
-2.2,-1.225
-2.97,-1.119
1.358,2.912
1.247,2.923
0.98,2.969
0.805,3.017
0.657,2.904
-2.699,2.813
2.86,-0.065
2.867,1.156
1.494,0.078
0.65,2.895
-1.397,1.427
-1.663,0.054
-2.151,-0.083
-3.135,-0.766
-1.729,2.197
-2.115,0.367
-2.291,-0.288
-2.52,2.515
-3.084,1.358
-0.18,1.404
-1.745,0.492
-1.707,-0.073
2.303,-0.972
0.92,-0.951
-2.099,-0.96
-2.806,-0.944
3.083,-0.984
1.571,-1.229
0.617,-1.338
-0.299,-1.277
-0.892,-1.536
-1.487,-1.51
-3.137,-1.434
0.06,-2.232
0.012,-0.938
-0.01,-1.398
-0.02,-1.96
-0.029,-1.604
-0.123,-1.476
-0.073,-2.42
-0.162,0.422
-0.117,-1.611
-0.117,-2.497
-0.21,-2.332
-0.322,-0.917
-0.337,-2.42
-0.395,-1.235
-0.332,-0.376
-0.377,-1.222
-0.511,0.361
-0.446,-2.871
-0.476,-1.807
-0.498,-0.807
-0.527,-1.904
-0.6,-1.308
-0.642,-1.839
-0.596,-1.791
-0.696,-0.142
-0.639,-1.652
-0.713,-1.935
-0.744,-0.818
-0.775,-2.184
-0.776,-0.083
-0.719,-0.177
-0.848,-0.334
-0.974,0.381
-1.013,-0.46
-0.955,-1.366
-0.966,-1.486
-1.045,-0.233
-1.106,-1.266
-1.053,-1.114
-1.172,0.158
-1.163,-1.533
-1.223,0.261
-1.238,-2.623
-1.231,-1.093
-1.421,-2.537
-1.523,-1.368
-1.502,-0.097
-1.696,-1.612
-1.764,-3.178
-1.788,-1.002
-1.87,-0.069
-1.838,-1.246
-1.925,-2.557
-1.986,-1.101
-2.012,-1.894
-2.114,-0.126
-2.151,-2.165
-2.202,-0.528
-2.264,-0.047
-2.224,-2.799
-2.291,0.129
-2.299,-2.17
-2.596,-2.66
-2.568,-1.357
-2.662,-1.95
-2.653,-2.564
-2.68,-0.651
-2.8,-1.934
-2.947,-2.997
-2.973,-2.646
-2.975,-2.962
-3.103,-1.339
3.12,-0.504
3.131,-1.553
3.123,-1.953
3.094,-1.228
-3.115,-2.272
3.085,-0.399
0.807,-3.726
0.493,-3.605
0.165,-3.627
-0.105,-3.767
-2.242,-3.664
-2.306,-3.608
-2.645,-3.705
-2.647,-3.675
-2.98,-3.729
-3.109,-3.648
2.69,0.504
2.338,0.542
1.844,0.547
0.938,0.414
0.81,0.288
0.201,0.342
-0.47,0.364
-1.463,0.348
-1.578,0.532
-2.428,0.39
-2.623,0.253
-1.873,0.405
-0.043,-3.554
3.112,-2.294
3.118,-3.003
2.956,-0.207
2.95,-0.823
2.903,-2.862
2.842,-2.28
2.845,0.294
2.943,-1.21
2.748,-0.073
2.895,-0.03
2.746,-1.558
2.693,-2.915
2.698,0.205
2.817,-2.043
2.701,-0.426
2.771,-1.437
2.767,-2.674
2.57,0.165
2.695,-1.427
2.62,-1.261
2.628,-0.069
2.462,0.418
2.609,-1.579
2.453,-3.011
2.402,-2.312
2.392,0.043
2.503,-1.107
2.293,-1.553
2.38,-0.61
2.426,-2.601
2.335,-2.728
2.183,0.355
2.314,-0.341
2.223,-0.742
2.09,-0.976
2.061,-2.139
1.942,-2.178
1.72,-1.023
1.671,-2.638
1.774,-1.125
1.697,-2.401
1.403,0.302
1.43,-1.073
1.281,-2.451
1.288,-1.22
1.103,-3.317
1.094,-1.907
1.206,-0.698
1.043,-2.704
1.162,0.041
1.147,-2.779
1.128,-2.41
1.047,-1.154
0.883,-1.296
0.921,-1.005
0.788,-0.127
0.691,-1.887
0.526,-1.438
0.624,0.052
0.601,-1.013
0.483,-1.385
0.228,-0.407
0.319,-0.629
0.285,-2.349
0.203,-2.854
0.18,-0.382
0.061,0.07
-0.09,0.394
-0.023,-1.314
-0.008,0.365
-0.023,-2.495
-0.274,-1.106
-0.159,-0.394
-0.332,-2.142
-0.227,0.17
-0.259,-2.719
-0.419,0.302
-0.435,-0.028
-0.325,-0.214
-0.361,-0.234
-0.489,-0.493
-0.537,-1.555
-0.615,-1.953
-0.623,-1.882
-0.677,-0.99
-0.759,-2.511
-0.927,-1.263
-0.842,-0.094
-0.955,0.49
-0.862,-1.41
-0.995,-2.593
-0.924,-2.485
-1.213,-1.574
-1.363,-2.687
-1.394,-2.271
-1.298,-0.018
-1.59,-2.053
-1.755,0.234
-1.94,-0.669
-1.931,-2.481
-1.952,-2.852
-2.117,-0.132
-2.315,-0.597
-2.58,-1.546
-2.82,-2.698
-2.901,-1.356
-2.922,0.359
1.558,-3.517
0.938,-3.645
0.916,-3.746
0.928,-3.839
-0.235,-3.558
-0.388,-3.682
-2.08,-3.728
-2.85,-3.622
1.478,0.409
1.367,0.42
1.1,0.466
0.925,0.514
0.777,0.401
-2.579,0.31
2.98,-2.568
2.987,-1.347
1.614,-2.425
0.77,0.392
-1.277,-1.076
-1.543,-2.449
-2.031,-2.586
-3.015,-3.269
-1.609,-0.306
-1.995,-2.136
-2.171,-2.791
-2.4,0.012
-2.964,-1.145
-0.06,-1.099
-1.625,-2.011
-1.587,-2.576
2.423,-3.475
1.04,-3.454
-1.979,-3.463
-2.686,-3.447
-3.08,-3.487
1.691,-3.732
0.737,-3.841
-0.179,-3.78
-0.772,-4.039
-1.367,-4.013
-3.017,-3.937
-0.048,1.294
-0.07,0.834
-0.08,0.272
-0.089,0.628
-0.183,0.756
-0.133,-0.188
-0.222,2.654
-0.177,0.621
-0.177,-0.265
-0.27,-0.1
-0.382,1.315
-0.397,-0.188
-0.455,0.997
-0.392,1.856
-0.437,1.01
-0.571,2.593
-0.506,-0.639
-0.536,0.425
-0.558,1.425
-0.587,0.328
-0.66,0.924
-0.702,0.393
-0.656,0.441
-0.756,2.09
-0.699,0.58
-0.773,0.297
-0.804,1.414
-0.835,0.048
-0.836,2.149
-0.779,2.055
-0.908,1.898
-1.034,2.613
-1.073,1.772
-1.015,0.866
-1.026,0.746
-1.105,1.999
-1.166,0.966
-1.113,1.118
-1.232,2.39
-1.223,0.699
-1.283,2.493
-1.298,-0.391
-1.291,1.139
-1.481,-0.305
-1.583,0.864
-1.562,2.135
-1.756,0.62
-1.824,-0.946
-1.848,1.23
-1.93,2.163
-1.898,0.986
-1.985,-0.325
-2.046,1.131
-2.072,0.338
-2.174,2.106
-2.211,0.067
-2.262,1.704
-2.324,2.185
-2.284,-0.567
-2.351,2.361
-2.359,0.062
-2.656,-0.428
-2.628,0.875
-2.722,0.282
-2.713,-0.332
-2.74,1.581
-2.86,0.298
-3.007,-0.765
-3.033,-0.414
-3.035,-0.73
3.12,0.893
3.06,1.728
3.071,0.679
3.063,0.279
3.034,1.004
3.108,-0.04
3.025,1.833
0.747,-1.494
0.433,-1.373
0.105,-1.395
-0.165,-1.535
-2.302,-1.432
-2.366,-1.376
-2.705,-1.473
-2.707,-1.443
-3.04,-1.497
3.114,-1.416
2.63,2.736
2.278,2.774
1.784,2.779
0.878,2.646
0.75,2.52
0.141,2.574
-0.53,2.596
-1.523,2.58
-1.638,2.764
-2.488,2.622
-2.683,2.485
-1.933,2.637
-0.103,-1.322
3.052,-0.062
3.058,-0.771
2.896,2.025
2.89,1.409
2.843,-0.63
2.782,-0.048
2.785,2.526
2.883,1.022
2.688,2.159
2.835,2.202
2.686,0.674
2.633,-0.683
2.638,2.437
2.757,0.189
2.641,1.806
2.711,0.795
2.707,-0.442
2.51,2.397
2.635,0.805
2.56,0.971
2.568,2.163
2.402,2.65
2.549,0.653
2.393,-0.779
2.342,-0.08
2.332,2.275
2.443,1.125
2.233,0.679
2.32,1.622
2.366,-0.369
2.275,-0.496
2.123,2.587
2.254,1.891
2.163,1.49
2.03,1.256
2.001,0.093
1.882,0.054
1.66,1.209
1.611,-0.406
1.714,1.107
1.637,-0.169
1.343,2.534
1.37,1.159
1.221,-0.219
1.228,1.012
1.043,-1.085
1.034,0.325
1.146,1.534
0.983,-0.472
1.102,2.273
1.087,-0.547
1.068,-0.178
0.987,1.078
0.823,0.936
0.861,1.227
0.728,2.105
0.631,0.345
0.466,0.794
0.564,2.284
0.541,1.219
0.423,0.847
0.168,1.825
0.259,1.603
0.225,-0.117
0.143,-0.622
0.12,1.85
0.001,2.302
-0.15,2.626
-0.083,0.918
-0.068,2.597
-0.083,-0.263
-0.334,1.126
-0.219,1.838
-0.392,0.09
-0.287,2.402
-0.319,-0.487
-0.479,2.534
-0.495,2.204
-0.385,2.018
-0.421,1.998
-0.549,1.739
-0.597,0.677
-0.675,0.279
-0.683,0.35
-0.737,1.242
-0.819,-0.279
-0.987,0.969
-0.902,2.138
-1.015,2.722
-0.922,0.822
-1.055,-0.361
-0.984,-0.253
-1.273,0.658
-1.423,-0.455
-1.454,-0.039
-1.358,2.214
-1.65,0.179
-1.815,2.466
-2.0,1.563
-1.991,-0.249
-2.012,-0.62
-2.177,2.1
-2.375,1.635
-2.64,0.686
-2.88,-0.466
-2.961,0.876
-2.982,2.591
1.498,-1.285
0.878,-1.413
0.856,-1.514
0.868,-1.607
-0.295,-1.326
-0.448,-1.45
-2.14,-1.496
-2.91,-1.39
1.418,2.641
1.307,2.652
1.04,2.698
0.865,2.746
0.717,2.633
-2.639,2.542
2.92,-0.336
2.927,0.885
1.554,-0.193
0.71,2.624
-1.337,1.156
-1.603,-0.217
-2.091,-0.354
-3.075,-1.037
-1.669,1.926
-2.055,0.096
-2.231,-0.559
-2.46,2.244
-3.024,1.087
-0.12,1.133
-1.685,0.221
-1.647,-0.344
2.363,-1.243
0.98,-1.222
-2.039,-1.231
-2.746,-1.215
-3.14,-1.255
1.631,-1.5
0.677,-1.609
-0.239,-1.548
-0.832,-1.807
-1.427,-1.781
-3.077,-1.705
-0.022,-0.46
-0.032,-1.022
-0.041,-0.666
-0.135,-0.538
-0.085,-1.482
-0.174,1.36
-0.129,-0.673
-0.129,-1.559
-0.222,-1.394
-0.334,0.021
-0.349,-1.482
-0.407,-0.297
-0.344,0.562
-0.389,-0.284
-0.523,1.299
-0.458,-1.933
-0.488,-0.869
-0.51,0.131
-0.539,-0.966
-0.612,-0.37
-0.654,-0.901
-0.608,-0.853
-0.708,0.796
-0.651,-0.714
-0.725,-0.997
-0.756,0.12
-0.787,-1.246
-0.788,0.855
-0.731,0.761
-0.86,0.604
-0.986,1.319
-1.025,0.478
-0.967,-0.428
-0.978,-0.548
-1.057,0.705
-1.118,-0.328
-1.065,-0.176
-1.184,1.096
-1.175,-0.595
-1.235,1.199
-1.25,-1.685
-1.243,-0.155
-1.433,-1.599
-1.535,-0.43
-1.514,0.841
-1.708,-0.674
-1.776,-2.24
-1.8,-0.064
-1.882,0.869
-1.85,-0.308
-1.937,-1.619
-1.998,-0.163
-2.024,-0.956
-2.126,0.812
-2.163,-1.227
-2.214,0.41
-2.276,0.891
-2.236,-1.861
-2.303,1.067
-2.311,-1.232
-2.608,-1.722
-2.58,-0.419
-2.674,-1.012
-2.665,-1.626
-2.692,0.287
-2.812,-0.996
-2.959,-2.059
-2.985,-1.708
-2.987,-2.024
-3.115,-0.401
3.108,0.434
3.119,-0.615
3.111,-1.015
3.082,-0.29
-3.127,-1.334
3.073,0.539
0.795,-2.788
0.481,-2.667
0.153,-2.689
-0.117,-2.829
-2.254,-2.726
-2.318,-2.67
-2.657,-2.767
-2.659,-2.737
-2.992,-2.791
-3.121,-2.71
2.678,1.442
2.326,1.48
1.832,1.485
0.926,1.352
0.798,1.226
0.189,1.28
-0.482,1.302
-1.475,1.286
-1.59,1.47
-2.44,1.328
-2.635,1.191
-1.885,1.343
-0.055,-2.616
3.1,-1.356
3.106,-2.065
2.944,0.731
2.938,0.115
2.891,-1.924
2.83,-1.342
2.833,1.232
2.931,-0.272
2.736,0.865
2.883,0.908
2.734,-0.62
2.681,-1.977
2.686,1.143
2.805,-1.105
2.689,0.512
2.759,-0.499
2.755,-1.736
2.558,1.103
2.683,-0.489
2.608,-0.323
2.616,0.869
2.45,1.356
2.597,-0.641
2.441,-2.073
2.39,-1.374
2.38,0.981
2.491,-0.169
2.281,-0.615
2.368,0.328
2.414,-1.663
2.323,-1.79
2.171,1.293
2.302,0.597
2.211,0.196
2.078,-0.038
2.049,-1.201
1.93,-1.24
1.708,-0.085
1.659,-1.7
1.762,-0.187
1.685,-1.463
1.391,1.24
1.418,-0.135
1.269,-1.513
1.276,-0.282
1.091,-2.379
1.082,-0.969
1.194,0.24
1.031,-1.766
1.15,0.979
1.135,-1.841
1.116,-1.472
1.035,-0.216
0.871,-0.358
0.909,-0.067
0.776,0.811
0.679,-0.949
0.514,-0.5
0.612,0.99
0.589,-0.075
0.471,-0.447
0.216,0.531
0.307,0.309
0.273,-1.411
0.191,-1.916
0.168,0.556
0.049,1.008
-0.102,1.332
-0.035,-0.376
-0.02,1.303
-0.035,-1.557
-0.286,-0.168
-0.171,0.544
-0.344,-1.204
-0.239,1.108
-0.271,-1.781
-0.431,1.24
-0.447,0.91
-0.337,0.724
-0.373,0.704
-0.501,0.445
-0.549,-0.617
-0.627,-1.015
-0.635,-0.944
-0.689,-0.052
-0.771,-1.573
-0.939,-0.325
-0.854,0.844
-0.967,1.428
-0.874,-0.472
-1.007,-1.655
-0.936,-1.547
-1.225,-0.636
-1.375,-1.749
-1.406,-1.333
-1.31,0.92
-1.602,-1.115
-1.767,1.172
-1.952,0.269
-1.943,-1.543
-1.964,-1.914
-2.129,0.806
-2.327,0.341
-2.592,-0.608
-2.832,-1.76
-2.913,-0.418
-2.934,1.297
1.546,-2.579
0.926,-2.707
0.904,-2.808
0.916,-2.901
-0.247,-2.62
-0.4,-2.744
-2.092,-2.79
-2.862,-2.684
1.466,1.347
1.355,1.358
1.088,1.404
0.913,1.452
0.765,1.339
-2.591,1.248
2.968,-1.63
2.975,-0.409
1.602,-1.487
0.758,1.33
-1.289,-0.138
-1.555,-1.511
-2.043,-1.648
-3.027,-2.331
-1.621,0.632
-2.007,-1.198
-2.183,-1.853
-2.412,0.95
-2.976,-0.207
-0.072,-0.161
-1.637,-1.073
-1.599,-1.638
2.411,-2.537
1.028,-2.516
-1.991,-2.525
-2.698,-2.509
-3.092,-2.549
1.679,-2.794
0.725,-2.903
-0.191,-2.842
-0.784,-3.101
-1.379,-3.075
-3.029,-2.999
-0.01,-0.562
-0.019,-0.206
-0.113,-0.078
-0.063,-1.022
-0.152,1.82
-0.107,-0.213
-0.107,-1.099
-0.2,-0.934
-0.312,0.481
-0.327,-1.022
-0.385,0.163
-0.322,1.022
-0.367,0.176
-0.501,1.759
-0.436,-1.473
-0.466,-0.409
-0.488,0.591
-0.517,-0.506
-0.59,0.09
-0.632,-0.441
-0.586,-0.393
-0.686,1.256
-0.629,-0.254
-0.703,-0.537
-0.734,0.58
-0.765,-0.786
-0.766,1.315
-0.709,1.221
-0.838,1.064
-0.964,1.779
-1.003,0.938
-0.945,0.032
-0.956,-0.088
-1.035,1.165
-1.096,0.132
-1.043,0.284
-1.162,1.556
-1.153,-0.135
-1.213,1.659
-1.228,-1.225
-1.221,0.305
-1.411,-1.139
-1.513,0.03
-1.492,1.301
-1.686,-0.214
-1.754,-1.78
-1.778,0.396
-1.86,1.329
-1.828,0.152
-1.915,-1.159
-1.976,0.297
-2.002,-0.496
-2.104,1.272
-2.141,-0.767
-2.192,0.87
-2.254,1.351
-2.214,-1.401
-2.281,1.527
-2.289,-0.772
-2.586,-1.262
-2.558,0.041
-2.652,-0.552
-2.643,-1.166
-2.67,0.747
-2.79,-0.536
-2.937,-1.599
-2.963,-1.248
-2.965,-1.564
-3.093,0.059
3.13,0.894
3.141,-0.155
3.133,-0.555
3.104,0.17
-3.105,-0.874
3.095,0.999
0.817,-2.328
0.503,-2.207
0.175,-2.229
-0.095,-2.369
-2.232,-2.266
-2.296,-2.21
-2.635,-2.307
-2.637,-2.277
-2.97,-2.331
-3.099,-2.25
2.7,1.902
2.348,1.94
1.854,1.945
0.948,1.812
0.82,1.686
0.211,1.74
-0.46,1.762
-1.453,1.746
-1.568,1.93
-2.418,1.788
-2.613,1.651
-1.863,1.803
-0.033,-2.156
3.122,-0.896
3.128,-1.605
2.966,1.191
2.96,0.575
2.913,-1.464
2.852,-0.882
2.855,1.692
2.953,0.188
2.758,1.325
2.905,1.368
2.756,-0.16
2.703,-1.517
2.708,1.603
2.827,-0.645
2.711,0.972
2.781,-0.039
2.777,-1.276
2.58,1.563
2.705,-0.029
2.63,0.137
2.638,1.329
2.472,1.816
2.619,-0.181
2.463,-1.613
2.412,-0.914
2.402,1.441
2.513,0.291
2.303,-0.155
2.39,0.788
2.436,-1.203
2.345,-1.33
2.193,1.753
2.324,1.057
2.233,0.656
2.1,0.422
2.071,-0.741
1.952,-0.78
1.73,0.375
1.681,-1.24
1.784,0.273
1.707,-1.003
1.413,1.7
1.44,0.325
1.291,-1.053
1.298,0.178
1.113,-1.919
1.104,-0.509
1.216,0.7
1.053,-1.306
1.172,1.439
1.157,-1.381
1.138,-1.012
1.057,0.244
0.893,0.102
0.931,0.393
0.798,1.271
0.701,-0.489
0.536,-0.04
0.634,1.45
0.611,0.385
0.493,0.013
0.238,0.991
0.329,0.769
0.295,-0.951
0.213,-1.456
0.19,1.016
0.071,1.468
-0.08,1.792
-0.013,0.084
0.002,1.763
-0.013,-1.097
-0.264,0.292
-0.149,1.004
-0.322,-0.744
-0.217,1.568
-0.249,-1.321
-0.409,1.7
-0.425,1.37
-0.315,1.184
-0.351,1.164
-0.479,0.905
-0.527,-0.157
-0.605,-0.555
-0.613,-0.484
-0.667,0.408
-0.749,-1.113
-0.917,0.135
-0.832,1.304
-0.945,1.888
-0.852,-0.012
-0.985,-1.195
-0.914,-1.087
-1.203,-0.176
-1.353,-1.289
-1.384,-0.873
-1.288,1.38
-1.58,-0.655
-1.745,1.632
-1.93,0.729
-1.921,-1.083
-1.942,-1.454
-2.107,1.266
-2.305,0.801
-2.57,-0.148
-2.81,-1.3
-2.891,0.042
-2.912,1.757
1.568,-2.119
0.948,-2.247
0.926,-2.348
0.938,-2.441
-0.225,-2.16
-0.378,-2.284
-2.07,-2.33
-2.84,-2.224
1.488,1.807
1.377,1.818
1.11,1.864
0.935,1.912
0.787,1.799
-2.569,1.708
2.99,-1.17
2.997,0.051
1.624,-1.027
0.78,1.79
-1.267,0.322
-1.533,-1.051
-2.021,-1.188
-3.005,-1.871
-1.599,1.092
-1.985,-0.738
-2.161,-1.393
-2.39,1.41
-2.954,0.253
-0.05,0.299
-1.615,-0.613
-1.577,-1.178
2.433,-2.077
1.05,-2.056
-1.969,-2.065
-2.676,-2.049
-3.07,-2.089
1.701,-2.334
0.747,-2.443
-0.169,-2.382
-0.762,-2.641
-1.357,-2.615
-3.007,-2.539
-0.009,0.356
-0.103,0.484
-0.053,-0.46
-0.142,2.382
-0.097,0.349
-0.097,-0.537
-0.19,-0.372
-0.302,1.043
-0.317,-0.46
-0.375,0.725
-0.312,1.584
-0.357,0.738
-0.491,2.321
-0.426,-0.911
-0.456,0.153
-0.478,1.153
-0.507,0.056
-0.58,0.652
-0.622,0.121
-0.576,0.169
-0.676,1.818
-0.619,0.308
-0.693,0.025
-0.724,1.142
-0.755,-0.224
-0.756,1.877
-0.699,1.783
-0.828,1.626
-0.954,2.341
-0.993,1.5
-0.935,0.594
-0.946,0.474
-1.025,1.727
-1.086,0.694
-1.033,0.846
-1.152,2.118
-1.143,0.427
-1.203,2.221
-1.218,-0.663
-1.211,0.867
-1.401,-0.577
-1.503,0.592
-1.482,1.863
-1.676,0.348
-1.744,-1.218
-1.768,0.958
-1.85,1.891
-1.818,0.714
-1.905,-0.597
-1.966,0.859
-1.992,0.066
-2.094,1.834
-2.131,-0.205
-2.182,1.432
-2.244,1.913
-2.204,-0.839
-2.271,2.089
-2.279,-0.21
-2.576,-0.7
-2.548,0.603
-2.642,0.01
-2.633,-0.604
-2.66,1.309
-2.78,0.026
-2.927,-1.037
-2.953,-0.686
-2.955,-1.002
-3.083,0.621
3.14,1.456
-3.132,0.407
-3.14,0.007
3.114,0.732
-3.095,-0.312
3.105,1.561
0.827,-1.766
0.513,-1.645
0.185,-1.667
-0.085,-1.807
-2.222,-1.704
-2.286,-1.648
-2.625,-1.745
-2.627,-1.715
-2.96,-1.769
-3.089,-1.688
2.71,2.464
2.358,2.502
1.864,2.507
0.958,2.374
0.83,2.248
0.221,2.302
-0.45,2.324
-1.443,2.308
-1.558,2.492
-2.408,2.35
-2.603,2.213
-1.853,2.365
-0.023,-1.594
3.132,-0.334
3.138,-1.043
2.976,1.753
2.97,1.137
2.923,-0.902
2.862,-0.32
2.865,2.254
2.963,0.75
2.768,1.887
2.915,1.93
2.766,0.402
2.713,-0.955
2.718,2.165
2.837,-0.083
2.721,1.534
2.791,0.523
2.787,-0.714
2.59,2.125
2.715,0.533
2.64,0.699
2.648,1.891
2.482,2.378
2.629,0.381
2.473,-1.051
2.422,-0.352
2.412,2.003
2.523,0.853
2.313,0.407
2.4,1.35
2.446,-0.641
2.355,-0.768
2.203,2.315
2.334,1.619
2.243,1.218
2.11,0.984
2.081,-0.179
1.962,-0.218
1.74,0.937
1.691,-0.678
1.794,0.835
1.717,-0.441
1.423,2.262
1.45,0.887
1.301,-0.491
1.308,0.74
1.123,-1.357
1.114,0.053
1.226,1.262
1.063,-0.744
1.182,2.001
1.167,-0.819
1.148,-0.45
1.067,0.806
0.903,0.664
0.941,0.955
0.808,1.833
0.711,0.073
0.546,0.522
0.644,2.012
0.621,0.947
0.503,0.575
0.248,1.553
0.339,1.331
0.305,-0.389
0.223,-0.894
0.2,1.578
0.081,2.03
-0.07,2.354
-0.003,0.646
0.012,2.325
-0.003,-0.535
-0.254,0.854
-0.139,1.566
-0.312,-0.182
-0.207,2.13
-0.239,-0.759
-0.399,2.262
-0.415,1.932
-0.305,1.746
-0.341,1.726
-0.469,1.467
-0.517,0.405
-0.595,0.007
-0.603,0.078
-0.657,0.97
-0.739,-0.551
-0.907,0.697
-0.822,1.866
-0.935,2.45
-0.842,0.55
-0.975,-0.633
-0.904,-0.525
-1.193,0.386
-1.343,-0.727
-1.374,-0.311
-1.278,1.942
-1.57,-0.093
-1.735,2.194
-1.92,1.291
-1.911,-0.521
-1.932,-0.892
-2.097,1.828
-2.295,1.363
-2.56,0.414
-2.8,-0.738
-2.881,0.604
-2.902,2.319
1.578,-1.557
0.958,-1.685
0.936,-1.786
0.948,-1.879
-0.215,-1.598
-0.368,-1.722
-2.06,-1.768
-2.83,-1.662
1.498,2.369
1.387,2.38
1.12,2.426
0.945,2.474
0.797,2.361
-2.559,2.27
3.0,-0.608
3.007,0.613
1.634,-0.465
0.79,2.352
-1.257,0.884
-1.523,-0.489
-2.011,-0.626
-2.995,-1.309
-1.589,1.654
-1.975,-0.176
-2.151,-0.831
-2.38,1.972
-2.944,0.815
-0.04,0.861
-1.605,-0.051
-1.567,-0.616
2.443,-1.515
1.06,-1.494
-1.959,-1.503
-2.666,-1.487
-3.06,-1.527
1.711,-1.772
0.757,-1.881
-0.159,-1.82
-0.752,-2.079
-1.347,-2.053
-2.997,-1.977
-0.094,0.128
-0.044,-0.816
-0.133,2.026
-0.088,-0.007
-0.088,-0.893
-0.181,-0.728
-0.293,0.687
-0.308,-0.816
-0.366,0.369
-0.303,1.228
-0.348,0.382
-0.482,1.965
-0.417,-1.267
-0.447,-0.203
-0.469,0.797
-0.498,-0.3
-0.571,0.296
-0.613,-0.235
-0.567,-0.187
-0.667,1.462
-0.61,-0.048
-0.684,-0.331
-0.715,0.786
-0.746,-0.58
-0.747,1.521
-0.69,1.427
-0.819,1.27
-0.945,1.985
-0.984,1.144
-0.926,0.238
-0.937,0.118
-1.016,1.371
-1.077,0.338
-1.024,0.49
-1.143,1.762
-1.134,0.071
-1.194,1.865
-1.209,-1.019
-1.202,0.511
-1.392,-0.933
-1.494,0.236
-1.473,1.507
-1.667,-0.008
-1.735,-1.574
-1.759,0.602
-1.841,1.535
-1.809,0.358
-1.896,-0.953
-1.957,0.503
-1.983,-0.29
-2.085,1.478
-2.122,-0.561
-2.173,1.076
-2.235,1.557
-2.195,-1.195
-2.262,1.733
-2.27,-0.566
-2.567,-1.056
-2.539,0.247
-2.633,-0.346
-2.624,-0.96
-2.651,0.953
-2.771,-0.33
-2.918,-1.393
-2.944,-1.042
-2.946,-1.358
-3.074,0.265
-3.134,1.1
-3.123,0.051
-3.131,-0.349
3.123,0.376
-3.086,-0.668
3.114,1.205
0.836,-2.122
0.522,-2.001
0.194,-2.023
-0.076,-2.163
-2.213,-2.06
-2.277,-2.004
-2.616,-2.101
-2.618,-2.071
-2.951,-2.125
-3.08,-2.044
2.719,2.108
2.367,2.146
1.873,2.151
0.967,2.018
0.839,1.892
0.23,1.946
-0.441,1.968
-1.434,1.952
-1.549,2.136
-2.399,1.994
-2.594,1.857
-1.844,2.009
-0.014,-1.95
3.141,-0.69
-3.136,-1.399
2.985,1.397
2.979,0.781
2.932,-1.258
2.871,-0.676
2.874,1.898
2.972,0.394
2.777,1.531
2.924,1.574
2.775,0.046
2.722,-1.311
2.727,1.809
2.846,-0.439
2.73,1.178
2.8,0.167
2.796,-1.07
2.599,1.769
2.724,0.177
2.649,0.343
2.657,1.535
2.491,2.022
2.638,0.025
2.482,-1.407
2.431,-0.708
2.421,1.647
2.532,0.497
2.322,0.051
2.409,0.994
2.455,-0.997
2.364,-1.124
2.212,1.959
2.343,1.263
2.252,0.862
2.119,0.628
2.09,-0.535
1.971,-0.574
1.749,0.581
1.7,-1.034
1.803,0.479
1.726,-0.797
1.432,1.906
1.459,0.531
1.31,-0.847
1.317,0.384
1.132,-1.713
1.123,-0.303
1.235,0.906
1.072,-1.1
1.191,1.645
1.176,-1.175
1.157,-0.806
1.076,0.45
0.912,0.308
0.95,0.599
0.817,1.477
0.72,-0.283
0.555,0.166
0.653,1.656
0.63,0.591
0.512,0.219
0.257,1.197
0.348,0.975
0.314,-0.745
0.232,-1.25
0.209,1.222
0.09,1.674
-0.061,1.998
0.006,0.29
0.021,1.969
0.006,-0.891
-0.245,0.498
-0.13,1.21
-0.303,-0.538
-0.198,1.774
-0.23,-1.115
-0.39,1.906
-0.406,1.576
-0.296,1.39
-0.332,1.37
-0.46,1.111
-0.508,0.049
-0.586,-0.349
-0.594,-0.278
-0.648,0.614
-0.73,-0.907
-0.898,0.341
-0.813,1.51
-0.926,2.094
-0.833,0.194
-0.966,-0.989
-0.895,-0.881
-1.184,0.03
-1.334,-1.083
-1.365,-0.667
-1.269,1.586
-1.561,-0.449
-1.726,1.838
-1.911,0.935
-1.902,-0.877
-1.923,-1.248
-2.088,1.472
-2.286,1.007
-2.551,0.058
-2.791,-1.094
-2.872,0.248
-2.893,1.963
1.587,-1.913
0.967,-2.041
0.945,-2.142
0.957,-2.235
-0.206,-1.954
-0.359,-2.078
-2.051,-2.124
-2.821,-2.018
1.507,2.013
1.396,2.024
1.129,2.07
0.954,2.118
0.806,2.005
-2.55,1.914
3.009,-0.964
3.016,0.257
1.643,-0.821
0.799,1.996
-1.248,0.528
-1.514,-0.845
-2.002,-0.982
-2.986,-1.665
-1.58,1.298
-1.966,-0.532
-2.142,-1.187
-2.371,1.616
-2.935,0.459
-0.031,0.505
-1.596,-0.407
-1.558,-0.972
2.452,-1.871
1.069,-1.85
-1.95,-1.859
-2.657,-1.843
-3.051,-1.883
1.72,-2.128
0.766,-2.237
-0.15,-2.176
-0.743,-2.435
-1.338,-2.409
-2.988,-2.333
0.05,-0.944
-0.039,1.898
0.006,-0.135
0.006,-1.021
-0.087,-0.856
-0.199,0.559
-0.214,-0.944
-0.272,0.241
-0.209,1.1
-0.254,0.254
-0.388,1.837
-0.323,-1.395
-0.353,-0.331
-0.375,0.669
-0.404,-0.428
-0.477,0.168
-0.519,-0.363
-0.473,-0.315
-0.573,1.334
-0.516,-0.176
-0.59,-0.459
-0.621,0.658
-0.652,-0.708
-0.653,1.393
-0.596,1.299
-0.725,1.142
-0.851,1.857
-0.89,1.016
-0.832,0.11
-0.843,-0.01
-0.922,1.243
-0.983,0.21
-0.93,0.362
-1.049,1.634
-1.04,-0.057
-1.1,1.737
-1.115,-1.147
-1.108,0.383
-1.298,-1.061
-1.4,0.108
-1.379,1.379
-1.573,-0.136
-1.641,-1.702
-1.665,0.474
-1.747,1.407
-1.715,0.23
-1.802,-1.081
-1.863,0.375
-1.889,-0.418
-1.991,1.35
-2.028,-0.689
-2.079,0.948
-2.141,1.429
-2.101,-1.323
-2.168,1.605
-2.176,-0.694
-2.473,-1.184
-2.445,0.119
-2.539,-0.474
-2.53,-1.088
-2.557,0.825
-2.677,-0.458
-2.824,-1.521
-2.85,-1.17
-2.852,-1.486
-2.98,0.137
-3.04,0.972
-3.029,-0.077
-3.037,-0.477
-3.066,0.248
-2.992,-0.796
-3.075,1.077
0.93,-2.25
0.616,-2.129
0.288,-2.151
0.018,-2.291
-2.119,-2.188
-2.183,-2.132
-2.522,-2.229
-2.524,-2.199
-2.857,-2.253
-2.986,-2.172
2.813,1.98
2.461,2.018
1.967,2.023
1.061,1.89
0.933,1.764
0.324,1.818
-0.347,1.84
-1.34,1.824
-1.455,2.008
-2.305,1.866
-2.5,1.729
-1.75,1.881
0.08,-2.078
-3.048,-0.818
-3.042,-1.527
3.079,1.269
3.073,0.653
3.026,-1.386
2.965,-0.804
2.968,1.77
3.066,0.266
2.871,1.403
3.018,1.446
2.869,-0.082
2.816,-1.439
2.821,1.681
2.94,-0.567
2.824,1.05
2.894,0.039
2.89,-1.198
2.693,1.641
2.818,0.049
2.743,0.215
2.751,1.407
2.585,1.894
2.732,-0.103
2.576,-1.535
2.525,-0.836
2.515,1.519
2.626,0.369
2.416,-0.077
2.503,0.866
2.549,-1.125
2.458,-1.252
2.306,1.831
2.437,1.135
2.346,0.734
2.213,0.5
2.184,-0.663
2.065,-0.702
1.843,0.453
1.794,-1.162
1.897,0.351
1.82,-0.925
1.526,1.778
1.553,0.403
1.404,-0.975
1.411,0.256
1.226,-1.841
1.217,-0.431
1.329,0.778
1.166,-1.228
1.285,1.517
1.27,-1.303
1.251,-0.934
1.17,0.322
1.006,0.18
1.044,0.471
0.911,1.349
0.814,-0.411
0.649,0.038
0.747,1.528
0.724,0.463
0.606,0.091
0.351,1.069
0.442,0.847
0.408,-0.873
0.326,-1.378
0.303,1.094
0.184,1.546
0.033,1.87
0.1,0.162
0.115,1.841
0.1,-1.019
-0.151,0.37
-0.036,1.082
-0.209,-0.666
-0.104,1.646
-0.136,-1.243
-0.296,1.778
-0.312,1.448
-0.202,1.262
-0.238,1.242
-0.366,0.983
-0.414,-0.079
-0.492,-0.477
-0.5,-0.406
-0.554,0.486
-0.636,-1.035
-0.804,0.213
-0.719,1.382
-0.832,1.966
-0.739,0.066
-0.872,-1.117
-0.801,-1.009
-1.09,-0.098
-1.24,-1.211
-1.271,-0.795
-1.175,1.458
-1.467,-0.577
-1.632,1.71
-1.817,0.807
-1.808,-1.005
-1.829,-1.376
-1.994,1.344
-2.192,0.879
-2.457,-0.07
-2.697,-1.222
-2.778,0.12
-2.799,1.835
1.681,-2.041
1.061,-2.169
1.039,-2.27
1.051,-2.363
-0.112,-2.082
-0.265,-2.206
-1.957,-2.252
-2.727,-2.146
1.601,1.885
1.49,1.896
1.223,1.942
1.048,1.99
0.9,1.877
-2.456,1.786
3.103,-1.092
3.11,0.129
1.737,-0.949
0.893,1.868
-1.154,0.4
-1.42,-0.973
-1.908,-1.11
-2.892,-1.793
-1.486,1.17
-1.872,-0.66
-2.048,-1.315
-2.277,1.488
-2.841,0.331
0.063,0.377
-1.502,-0.535
-1.464,-1.1
2.546,-1.999
1.163,-1.978
-1.856,-1.987
-2.563,-1.971
-2.957,-2.011
1.814,-2.256
0.86,-2.365
-0.056,-2.304
-0.649,-2.563
-1.244,-2.537
-2.894,-2.461
-0.089,2.842
-0.044,0.809
-0.044,-0.077
-0.137,0.088
-0.249,1.503
-0.264,0.0
-0.322,1.185
-0.259,2.044
-0.304,1.198
-0.438,2.781
-0.373,-0.451
-0.403,0.613
-0.425,1.613
-0.454,0.516
-0.527,1.112
-0.569,0.581
-0.523,0.629
-0.623,2.278
-0.566,0.768
-0.64,0.485
-0.671,1.602
-0.702,0.236
-0.703,2.337
-0.646,2.243
-0.775,2.086
-0.901,2.801
-0.94,1.96
-0.882,1.054
-0.893,0.934
-0.972,2.187
-1.033,1.154
-0.98,1.306
-1.099,2.578
-1.09,0.887
-1.15,2.681
-1.165,-0.203
-1.158,1.327
-1.348,-0.117
-1.45,1.052
-1.429,2.323
-1.623,0.808
-1.691,-0.758
-1.715,1.418
-1.797,2.351
-1.765,1.174
-1.852,-0.137
-1.913,1.319
-1.939,0.526
-2.041,2.294
-2.078,0.255
-2.129,1.892
-2.191,2.373
-2.151,-0.379
-2.218,2.549
-2.226,0.25
-2.523,-0.24
-2.495,1.063
-2.589,0.47
-2.58,-0.144
-2.607,1.769
-2.727,0.486
-2.874,-0.577
-2.9,-0.226
-2.902,-0.542
-3.03,1.081
-3.09,1.916
-3.079,0.867
-3.087,0.467
-3.116,1.192
-3.042,0.148
-3.125,2.021
0.88,-1.306
0.566,-1.185
0.238,-1.207
-0.032,-1.347
-2.169,-1.244
-2.233,-1.188
-2.572,-1.285
-2.574,-1.255
-2.907,-1.309
-3.036,-1.228
2.763,2.924
2.411,2.962
1.917,2.967
1.011,2.834
0.883,2.708
0.274,2.762
-0.397,2.784
-1.39,2.768
-1.505,2.952
-2.355,2.81
-2.55,2.673
-1.8,2.825
0.03,-1.134
-3.098,0.126
-3.092,-0.583
3.029,2.213
3.023,1.597
2.976,-0.442
2.915,0.14
2.918,2.714
3.016,1.21
2.821,2.347
2.968,2.39
2.819,0.862
2.766,-0.495
2.771,2.625
2.89,0.377
2.774,1.994
2.844,0.983
2.84,-0.254
2.643,2.585
2.768,0.993
2.693,1.159
2.701,2.351
2.535,2.838
2.682,0.841
2.526,-0.591
2.475,0.108
2.465,2.463
2.576,1.313
2.366,0.867
2.453,1.81
2.499,-0.181
2.408,-0.308
2.256,2.775
2.387,2.079
2.296,1.678
2.163,1.444
2.134,0.281
2.015,0.242
1.793,1.397
1.744,-0.218
1.847,1.295
1.77,0.019
1.476,2.722
1.503,1.347
1.354,-0.031
1.361,1.2
1.176,-0.897
1.167,0.513
1.279,1.722
1.116,-0.284
1.235,2.461
1.22,-0.359
1.201,0.01
1.12,1.266
0.956,1.124
0.994,1.415
0.861,2.293
0.764,0.533
0.599,0.982
0.697,2.472
0.674,1.407
0.556,1.035
0.301,2.013
0.392,1.791
0.358,0.071
0.276,-0.434
0.253,2.038
0.134,2.49
-0.017,2.814
0.05,1.106
0.065,2.785
0.05,-0.075
-0.201,1.314
-0.086,2.026
-0.259,0.278
-0.154,2.59
-0.186,-0.299
-0.346,2.722
-0.362,2.392
-0.252,2.206
-0.288,2.186
-0.416,1.927
-0.464,0.865
-0.542,0.467
-0.55,0.538
-0.604,1.43
-0.686,-0.091
-0.854,1.157
-0.769,2.326
-0.882,2.91
-0.789,1.01
-0.922,-0.173
-0.851,-0.065
-1.14,0.846
-1.29,-0.267
-1.321,0.149
-1.225,2.402
-1.517,0.367
-1.682,2.654
-1.867,1.751
-1.858,-0.061
-1.879,-0.432
-2.044,2.288
-2.242,1.823
-2.507,0.874
-2.747,-0.278
-2.828,1.064
-2.849,2.779
1.631,-1.097
1.011,-1.225
0.989,-1.326
1.001,-1.419
-0.162,-1.138
-0.315,-1.262
-2.007,-1.308
-2.777,-1.202
1.551,2.829
1.44,2.84
1.173,2.886
0.998,2.934
0.85,2.821
-2.506,2.73
3.053,-0.148
3.06,1.073
1.687,-0.005
0.843,2.812
-1.204,1.344
-1.47,-0.029
-1.958,-0.166
-2.942,-0.849
-1.536,2.114
-1.922,0.284
-2.098,-0.371
-2.327,2.432
-2.891,1.275
0.013,1.321
-1.552,0.409
-1.514,-0.156
2.496,-1.055
1.113,-1.034
-1.906,-1.043
-2.613,-1.027
-3.007,-1.067
1.764,-1.312
0.81,-1.421
-0.106,-1.36
-0.699,-1.619
-1.294,-1.593
-2.944,-1.517
0.045,-2.033
0.045,-2.919
-0.048,-2.754
-0.16,-1.339
-0.175,-2.842
-0.233,-1.657
-0.17,-0.798
-0.215,-1.644
-0.349,-0.061
-0.284,-3.293
-0.314,-2.229
-0.336,-1.229
-0.365,-2.326
-0.438,-1.73
-0.48,-2.261
-0.434,-2.213
-0.534,-0.564
-0.477,-2.074
-0.551,-2.357
-0.582,-1.24
-0.613,-2.606
-0.614,-0.505
-0.557,-0.599
-0.686,-0.756
-0.812,-0.041
-0.851,-0.882
-0.793,-1.788
-0.804,-1.908
-0.883,-0.655
-0.944,-1.688
-0.891,-1.536
-1.01,-0.264
-1.001,-1.955
-1.061,-0.161
-1.076,-3.045
-1.069,-1.515
-1.259,-2.959
-1.361,-1.79
-1.34,-0.519
-1.534,-2.034
-1.602,-3.6
-1.626,-1.424
-1.708,-0.491
-1.676,-1.668
-1.763,-2.979
-1.824,-1.523
-1.85,-2.316
-1.952,-0.548
-1.989,-2.587
-2.04,-0.95
-2.102,-0.469
-2.062,-3.221
-2.129,-0.293
-2.137,-2.592
-2.434,-3.082
-2.406,-1.779
-2.5,-2.372
-2.491,-2.986
-2.518,-1.073
-2.638,-2.356
-2.785,-3.419
-2.811,-3.068
-2.813,-3.384
-2.941,-1.761
-3.001,-0.926
-2.99,-1.975
-2.998,-2.375
-3.027,-1.65
-2.953,-2.694
-3.036,-0.821
0.969,-4.148
0.655,-4.027
0.327,-4.049
0.057,-4.189
-2.08,-4.086
-2.144,-4.03
-2.483,-4.127
-2.485,-4.097
-2.818,-4.151
-2.947,-4.07
2.852,0.082
2.5,0.12
2.006,0.125
1.1,-0.008
0.972,-0.134
0.363,-0.08
-0.308,-0.058
-1.301,-0.074
-1.416,0.11
-2.266,-0.032
-2.461,-0.169
-1.711,-0.017
0.119,-3.976
-3.009,-2.716
-3.003,-3.425
3.118,-0.629
3.112,-1.245
3.065,-3.284
3.004,-2.702
3.007,-0.128
3.105,-1.632
2.91,-0.495
3.057,-0.452
2.908,-1.98
2.855,-3.337
2.86,-0.217
2.979,-2.465
2.863,-0.848
2.933,-1.859
2.929,-3.096
2.732,-0.257
2.857,-1.849
2.782,-1.683
2.79,-0.491
2.624,-0.004
2.771,-2.001
2.615,-3.433
2.564,-2.734
2.554,-0.379
2.665,-1.529
2.455,-1.975
2.542,-1.032
2.588,-3.023
2.497,-3.15
2.345,-0.067
2.476,-0.763
2.385,-1.164
2.252,-1.398
2.223,-2.561
2.104,-2.6
1.882,-1.445
1.833,-3.06
1.936,-1.547
1.859,-2.823
1.565,-0.12
1.592,-1.495
1.443,-2.873
1.45,-1.642
1.265,-3.739
1.256,-2.329
1.368,-1.12
1.205,-3.126
1.324,-0.381
1.309,-3.201
1.29,-2.832
1.209,-1.576
1.045,-1.718
1.083,-1.427
0.95,-0.549
0.853,-2.309
0.688,-1.86
0.786,-0.37
0.763,-1.435
0.645,-1.807
0.39,-0.829
0.481,-1.051
0.447,-2.771
0.365,-3.276
0.342,-0.804
0.223,-0.352
0.072,-0.028
0.139,-1.736
0.154,-0.057
0.139,-2.917
-0.112,-1.528
0.003,-0.816
-0.17,-2.564
-0.065,-0.252
-0.097,-3.141
-0.257,-0.12
-0.273,-0.45
-0.163,-0.636
-0.199,-0.656
-0.327,-0.915
-0.375,-1.977
-0.453,-2.375
-0.461,-2.304
-0.515,-1.412
-0.597,-2.933
-0.765,-1.685
-0.68,-0.516
-0.793,0.068
-0.7,-1.832
-0.833,-3.015
-0.762,-2.907
-1.051,-1.996
-1.201,-3.109
-1.232,-2.693
-1.136,-0.44
-1.428,-2.475
-1.593,-0.188
-1.778,-1.091
-1.769,-2.903
-1.79,-3.274
-1.955,-0.554
-2.153,-1.019
-2.418,-1.968
-2.658,-3.12
-2.739,-1.778
-2.76,-0.063
1.72,-3.939
1.1,-4.067
1.078,-4.168
1.09,-4.261
-0.073,-3.98
-0.226,-4.104
-1.918,-4.15
-2.688,-4.044
1.64,-0.013
1.529,-0.002
1.262,0.044
1.087,0.092
0.939,-0.021
-2.417,-0.112
-3.141,-2.99
-3.134,-1.769
1.776,-2.847
0.932,-0.03
-1.115,-1.498
-1.381,-2.871
-1.869,-3.008
-2.853,-3.691
-1.447,-0.728
-1.833,-2.558
-2.009,-3.213
-2.238,-0.41
-2.802,-1.567
0.102,-1.521
-1.463,-2.433
-1.425,-2.998
2.585,-3.897
1.202,-3.876
-1.817,-3.885
-2.524,-3.869
-2.918,-3.909
1.853,-4.154
0.899,-4.263
-0.017,-4.202
-0.61,-4.461
-1.205,-4.435
-2.855,-4.359
0.0,-0.886
-0.093,-0.721
-0.205,0.694
-0.22,-0.809
-0.278,0.376
-0.215,1.235
-0.26,0.389
-0.394,1.972
-0.329,-1.26
-0.359,-0.196
-0.381,0.804
-0.41,-0.293
-0.483,0.303
-0.525,-0.228
-0.479,-0.18
-0.579,1.469
-0.522,-0.041
-0.596,-0.324
-0.627,0.793
-0.658,-0.573
-0.659,1.528
-0.602,1.434
-0.731,1.277
-0.857,1.992
-0.896,1.151
-0.838,0.245
-0.849,0.125
-0.928,1.378
-0.989,0.345
-0.936,0.497
-1.055,1.769
-1.046,0.078
-1.106,1.872
-1.121,-1.012
-1.114,0.518
-1.304,-0.926
-1.406,0.243
-1.385,1.514
-1.579,-0.001
-1.647,-1.567
-1.671,0.609
-1.753,1.542
-1.721,0.365
-1.808,-0.946
-1.869,0.51
-1.895,-0.283
-1.997,1.485
-2.034,-0.554
-2.085,1.083
-2.147,1.564
-2.107,-1.188
-2.174,1.74
-2.182,-0.559
-2.479,-1.049
-2.451,0.254
-2.545,-0.339
-2.536,-0.953
-2.563,0.96
-2.683,-0.323
-2.83,-1.386
-2.856,-1.035
-2.858,-1.351
-2.986,0.272
-3.046,1.107
-3.035,0.058
-3.043,-0.342
-3.072,0.383
-2.998,-0.661
-3.081,1.212
0.924,-2.115
0.61,-1.994
0.282,-2.016
0.012,-2.156
-2.125,-2.053
-2.189,-1.997
-2.528,-2.094
-2.53,-2.064
-2.863,-2.118
-2.992,-2.037
2.807,2.115
2.455,2.153
1.961,2.158
1.055,2.025
0.927,1.899
0.318,1.953
-0.353,1.975
-1.346,1.959
-1.461,2.143
-2.311,2.001
-2.506,1.864
-1.756,2.016
0.074,-1.943
-3.054,-0.683
-3.048,-1.392
3.073,1.404
3.067,0.788
3.02,-1.251
2.959,-0.669
2.962,1.905
3.06,0.401
2.865,1.538
3.012,1.581
2.863,0.053
2.81,-1.304
2.815,1.816
2.934,-0.432
2.818,1.185
2.888,0.174
2.884,-1.063
2.687,1.776
2.812,0.184
2.737,0.35
2.745,1.542
2.579,2.029
2.726,0.032
2.57,-1.4
2.519,-0.701
2.509,1.654
2.62,0.504
2.41,0.058
2.497,1.001
2.543,-0.99
2.452,-1.117
2.3,1.966
2.431,1.27
2.34,0.869
2.207,0.635
2.178,-0.528
2.059,-0.567
1.837,0.588
1.788,-1.027
1.891,0.486
1.814,-0.79
1.52,1.913
1.547,0.538
1.398,-0.84
1.405,0.391
1.22,-1.706
1.211,-0.296
1.323,0.913
1.16,-1.093
1.279,1.652
1.264,-1.168
1.245,-0.799
1.164,0.457
1.0,0.315
1.038,0.606
0.905,1.484
0.808,-0.276
0.643,0.173
0.741,1.663
0.718,0.598
0.6,0.226
0.345,1.204
0.436,0.982
0.402,-0.738
0.32,-1.243
0.297,1.229
0.178,1.681
0.027,2.005
0.094,0.297
0.109,1.976
0.094,-0.884
-0.157,0.505
-0.042,1.217
-0.215,-0.531
-0.11,1.781
-0.142,-1.108
-0.302,1.913
-0.318,1.583
-0.208,1.397
-0.244,1.377
-0.372,1.118
-0.42,0.056
-0.498,-0.342
-0.506,-0.271
-0.56,0.621
-0.642,-0.9
-0.81,0.348
-0.725,1.517
-0.838,2.101
-0.745,0.201
-0.878,-0.982
-0.807,-0.874
-1.096,0.037
-1.246,-1.076
-1.277,-0.66
-1.181,1.593
-1.473,-0.442
-1.638,1.845
-1.823,0.942
-1.814,-0.87
-1.835,-1.241
-2.0,1.479
-2.198,1.014
-2.463,0.065
-2.703,-1.087
-2.784,0.255
-2.805,1.97
1.675,-1.906
1.055,-2.034
1.033,-2.135
1.045,-2.228
-0.118,-1.947
-0.271,-2.071
-1.963,-2.117
-2.733,-2.011
1.595,2.02
1.484,2.031
1.217,2.077
1.042,2.125
0.894,2.012
-2.462,1.921
3.097,-0.957
3.104,0.264
1.731,-0.814
0.887,2.003
-1.16,0.535
-1.426,-0.838
-1.914,-0.975
-2.898,-1.658
-1.492,1.305
-1.878,-0.525
-2.054,-1.18
-2.283,1.623
-2.847,0.466
0.057,0.512
-1.508,-0.4
-1.47,-0.965
2.54,-1.864
1.157,-1.843
-1.862,-1.852
-2.569,-1.836
-2.963,-1.876
1.808,-2.121
0.854,-2.23
-0.062,-2.169
-0.655,-2.428
-1.25,-2.402
-2.9,-2.326
-0.093,0.165
-0.205,1.58
-0.22,0.077
-0.278,1.262
-0.215,2.121
-0.26,1.275
-0.394,2.858
-0.329,-0.374
-0.359,0.69
-0.381,1.69
-0.41,0.593
-0.483,1.189
-0.525,0.658
-0.479,0.706
-0.579,2.355
-0.522,0.845
-0.596,0.562
-0.627,1.679
-0.658,0.313
-0.659,2.414
-0.602,2.32
-0.731,2.163
-0.857,2.878
-0.896,2.037
-0.838,1.131
-0.849,1.011
-0.928,2.264
-0.989,1.231
-0.936,1.383
-1.055,2.655
-1.046,0.964
-1.106,2.758
-1.121,-0.126
-1.114,1.404
-1.304,-0.04
-1.406,1.129
-1.385,2.4
-1.579,0.885
-1.647,-0.681
-1.671,1.495
-1.753,2.428
-1.721,1.251
-1.808,-0.06
-1.869,1.396
-1.895,0.603
-1.997,2.371
-2.034,0.332
-2.085,1.969
-2.147,2.45
-2.107,-0.302
-2.174,2.626
-2.182,0.327
-2.479,-0.163
-2.451,1.14
-2.545,0.547
-2.536,-0.067
-2.563,1.846
-2.683,0.563
-2.83,-0.5
-2.856,-0.149
-2.858,-0.465
-2.986,1.158
-3.046,1.993
-3.035,0.944
-3.043,0.544
-3.072,1.269
-2.998,0.225
-3.081,2.098
0.924,-1.229
0.61,-1.108
0.282,-1.13
0.012,-1.27
-2.125,-1.167
-2.189,-1.111
-2.528,-1.208
-2.53,-1.178
-2.863,-1.232
-2.992,-1.151
2.807,3.001
2.455,3.039
1.961,3.044
1.055,2.911
0.927,2.785
0.318,2.839
-0.353,2.861
-1.346,2.845
-1.461,3.029
-2.311,2.887
-2.506,2.75
-1.756,2.902
0.074,-1.057
-3.054,0.203
-3.048,-0.506
3.073,2.29
3.067,1.674
3.02,-0.365
2.959,0.217
2.962,2.791
3.06,1.287
2.865,2.424
3.012,2.467
2.863,0.939
2.81,-0.418
2.815,2.702
2.934,0.454
2.818,2.071
2.888,1.06
2.884,-0.177
2.687,2.662
2.812,1.07
2.737,1.236
2.745,2.428
2.579,2.915
2.726,0.918
2.57,-0.514
2.519,0.185
2.509,2.54
2.62,1.39
2.41,0.944
2.497,1.887
2.543,-0.104
2.452,-0.231
2.3,2.852
2.431,2.156
2.34,1.755
2.207,1.521
2.178,0.358
2.059,0.319
1.837,1.474
1.788,-0.141
1.891,1.372
1.814,0.096
1.52,2.799
1.547,1.424
1.398,0.046
1.405,1.277
1.22,-0.82
1.211,0.59
1.323,1.799
1.16,-0.207
1.279,2.538
1.264,-0.282
1.245,0.087
1.164,1.343
1.0,1.201
1.038,1.492
0.905,2.37
0.808,0.61
0.643,1.059
0.741,2.549
0.718,1.484
0.6,1.112
0.345,2.09
0.436,1.868
0.402,0.148
0.32,-0.357
0.297,2.115
0.178,2.567
0.027,2.891
0.094,1.183
0.109,2.862
0.094,0.002
-0.157,1.391
-0.042,2.103
-0.215,0.355
-0.11,2.667
-0.142,-0.222
-0.302,2.799
-0.318,2.469
-0.208,2.283
-0.244,2.263
-0.372,2.004
-0.42,0.942
-0.498,0.544
-0.506,0.615
-0.56,1.507
-0.642,-0.014
-0.81,1.234
-0.725,2.403
-0.838,2.987
-0.745,1.087
-0.878,-0.096
-0.807,0.012
-1.096,0.923
-1.246,-0.19
-1.277,0.226
-1.181,2.479
-1.473,0.444
-1.638,2.731
-1.823,1.828
-1.814,0.016
-1.835,-0.355
-2.0,2.365
-2.198,1.9
-2.463,0.951
-2.703,-0.201
-2.784,1.141
-2.805,2.856
1.675,-1.02
1.055,-1.148
1.033,-1.249
1.045,-1.342
-0.118,-1.061
-0.271,-1.185
-1.963,-1.231
-2.733,-1.125
1.595,2.906
1.484,2.917
1.217,2.963
1.042,3.011
0.894,2.898
-2.462,2.807
3.097,-0.071
3.104,1.15
1.731,0.072
0.887,2.889
-1.16,1.421
-1.426,0.048
-1.914,-0.089
-2.898,-0.772
-1.492,2.191
-1.878,0.361
-2.054,-0.294
-2.283,2.509
-2.847,1.352
0.057,1.398
-1.508,0.486
-1.47,-0.079
2.54,-0.978
1.157,-0.957
-1.862,-0.966
-2.569,-0.95
-2.963,-0.99
1.808,-1.235
0.854,-1.344
-0.062,-1.283
-0.655,-1.542
-1.25,-1.516
-2.9,-1.44
-0.112,1.415
-0.127,-0.088
-0.185,1.097
-0.122,1.956
-0.167,1.11
-0.301,2.693
-0.236,-0.539
-0.266,0.525
-0.288,1.525
-0.317,0.428
-0.39,1.024
-0.432,0.493
-0.386,0.541
-0.486,2.19
-0.429,0.68
-0.503,0.397
-0.534,1.514
-0.565,0.148
-0.566,2.249
-0.509,2.155
-0.638,1.998
-0.764,2.713
-0.803,1.872
-0.745,0.966
-0.756,0.846
-0.835,2.099
-0.896,1.066
-0.843,1.218
-0.962,2.49
-0.953,0.799
-1.013,2.593
-1.028,-0.291
-1.021,1.239
-1.211,-0.205
-1.313,0.964
-1.292,2.235
-1.486,0.72
-1.554,-0.846
-1.578,1.33
-1.66,2.263
-1.628,1.086
-1.715,-0.225
-1.776,1.231
-1.802,0.438
-1.904,2.206
-1.941,0.167
-1.992,1.804
-2.054,2.285
-2.014,-0.467
-2.081,2.461
-2.089,0.162
-2.386,-0.328
-2.358,0.975
-2.452,0.382
-2.443,-0.232
-2.47,1.681
-2.59,0.398
-2.737,-0.665
-2.763,-0.314
-2.765,-0.63
-2.893,0.993
-2.953,1.828
-2.942,0.779
-2.95,0.379
-2.979,1.104
-2.905,0.06
-2.988,1.933
1.017,-1.394
0.703,-1.273
0.375,-1.295
0.105,-1.435
-2.032,-1.332
-2.096,-1.276
-2.435,-1.373
-2.437,-1.343
-2.77,-1.397
-2.899,-1.316
2.9,2.836
2.548,2.874
2.054,2.879
1.148,2.746
1.02,2.62
0.411,2.674
-0.26,2.696
-1.253,2.68
-1.368,2.864
-2.218,2.722
-2.413,2.585
-1.663,2.737
0.167,-1.222
-2.961,0.038
-2.955,-0.671
-3.117,2.125
-3.123,1.509
3.113,-0.53
3.052,0.052
3.055,2.626
-3.13,1.122
2.958,2.259
3.105,2.302
2.956,0.774
2.903,-0.583
2.908,2.537
3.027,0.289
2.911,1.906
2.981,0.895
2.977,-0.342
2.78,2.497
2.905,0.905
2.83,1.071
2.838,2.263
2.672,2.75
2.819,0.753
2.663,-0.679
2.612,0.02
2.602,2.375
2.713,1.225
2.503,0.779
2.59,1.722
2.636,-0.269
2.545,-0.396
2.393,2.687
2.524,1.991
2.433,1.59
2.3,1.356
2.271,0.193
2.152,0.154
1.93,1.309
1.881,-0.306
1.984,1.207
1.907,-0.069
1.613,2.634
1.64,1.259
1.491,-0.119
1.498,1.112
1.313,-0.985
1.304,0.425
1.416,1.634
1.253,-0.372
1.372,2.373
1.357,-0.447
1.338,-0.078
1.257,1.178
1.093,1.036
1.131,1.327
0.998,2.205
0.901,0.445
0.736,0.894
0.834,2.384
0.811,1.319
0.693,0.947
0.438,1.925
0.529,1.703
0.495,-0.017
0.413,-0.522
0.39,1.95
0.271,2.402
0.12,2.726
0.187,1.018
0.202,2.697
0.187,-0.163
-0.064,1.226
0.051,1.938
-0.122,0.19
-0.017,2.502
-0.049,-0.387
-0.209,2.634
-0.225,2.304
-0.115,2.118
-0.151,2.098
-0.279,1.839
-0.327,0.777
-0.405,0.379
-0.413,0.45
-0.467,1.342
-0.549,-0.179
-0.717,1.069
-0.632,2.238
-0.745,2.822
-0.652,0.922
-0.785,-0.261
-0.714,-0.153
-1.003,0.758
-1.153,-0.355
-1.184,0.061
-1.088,2.314
-1.38,0.279
-1.545,2.566
-1.73,1.663
-1.721,-0.149
-1.742,-0.52
-1.907,2.2
-2.105,1.735
-2.37,0.786
-2.61,-0.366
-2.691,0.976
-2.712,2.691
1.768,-1.185
1.148,-1.313
1.126,-1.414
1.138,-1.507
-0.025,-1.226
-0.178,-1.35
-1.87,-1.396
-2.64,-1.29
1.688,2.741
1.577,2.752
1.31,2.798
1.135,2.846
0.987,2.733
-2.369,2.642
-3.093,-0.236
-3.086,0.985
1.824,-0.093
0.98,2.724
-1.067,1.256
-1.333,-0.117
-1.821,-0.254
-2.805,-0.937
-1.399,2.026
-1.785,0.196
-1.961,-0.459
-2.19,2.344
-2.754,1.187
0.15,1.233
-1.415,0.321
-1.377,-0.244
2.633,-1.143
1.25,-1.122
-1.769,-1.131
-2.476,-1.115
-2.87,-1.155
1.901,-1.4
0.947,-1.509
0.031,-1.448
-0.562,-1.707
-1.157,-1.681
-2.807,-1.605
-0.015,-1.503
-0.073,-0.318
-0.01,0.541
-0.055,-0.305
-0.189,1.278
-0.124,-1.954
-0.154,-0.89
-0.176,0.11
-0.205,-0.987
-0.278,-0.391
-0.32,-0.922
-0.274,-0.874
-0.374,0.775
-0.317,-0.735
-0.391,-1.018
-0.422,0.099
-0.453,-1.267
-0.454,0.834
-0.397,0.74
-0.526,0.583
-0.652,1.298
-0.691,0.457
-0.633,-0.449
-0.644,-0.569
-0.723,0.684
-0.784,-0.349
-0.731,-0.197
-0.85,1.075
-0.841,-0.616
-0.901,1.178
-0.916,-1.706
-0.909,-0.176
-1.099,-1.62
-1.201,-0.451
-1.18,0.82
-1.374,-0.695
-1.442,-2.261
-1.466,-0.085
-1.548,0.848
-1.516,-0.329
-1.603,-1.64
-1.664,-0.184
-1.69,-0.977
-1.792,0.791
-1.829,-1.248
-1.88,0.389
-1.942,0.87
-1.902,-1.882
-1.969,1.046
-1.977,-1.253
-2.274,-1.743
-2.246,-0.44
-2.34,-1.033
-2.331,-1.647
-2.358,0.266
-2.478,-1.017
-2.625,-2.08
-2.651,-1.729
-2.653,-2.045
-2.781,-0.422
-2.841,0.413
-2.83,-0.636
-2.838,-1.036
-2.867,-0.311
-2.793,-1.355
-2.876,0.518
1.129,-2.809
0.815,-2.688
0.487,-2.71
0.217,-2.85
-1.92,-2.747
-1.984,-2.691
-2.323,-2.788
-2.325,-2.758
-2.658,-2.812
-2.787,-2.731
3.012,1.421
2.66,1.459
2.166,1.464
1.26,1.331
1.132,1.205
0.523,1.259
-0.148,1.281
-1.141,1.265
-1.256,1.449
-2.106,1.307
-2.301,1.17
-1.551,1.322
0.279,-2.637
-2.849,-1.377
-2.843,-2.086
-3.005,0.71
-3.011,0.094
-3.058,-1.945
-3.119,-1.363
-3.116,1.211
-3.018,-0.293
3.07,0.844
-3.066,0.887
3.068,-0.641
3.015,-1.998
3.02,1.122
3.139,-1.126
3.023,0.491
3.093,-0.52
3.089,-1.757
2.892,1.082
3.017,-0.51
2.942,-0.344
2.95,0.848
2.784,1.335
2.931,-0.662
2.775,-2.094
2.724,-1.395
2.714,0.96
2.825,-0.19
2.615,-0.636
2.702,0.307
2.748,-1.684
2.657,-1.811
2.505,1.272
2.636,0.576
2.545,0.175
2.412,-0.059
2.383,-1.222
2.264,-1.261
2.042,-0.106
1.993,-1.721
2.096,-0.208
2.019,-1.484
1.725,1.219
1.752,-0.156
1.603,-1.534
1.61,-0.303
1.425,-2.4
1.416,-0.99
1.528,0.219
1.365,-1.787
1.484,0.958
1.469,-1.862
1.45,-1.493
1.369,-0.237
1.205,-0.379
1.243,-0.088
1.11,0.79
1.013,-0.97
0.848,-0.521
0.946,0.969
0.923,-0.096
0.805,-0.468
0.55,0.51
0.641,0.288
0.607,-1.432
0.525,-1.937
0.502,0.535
0.383,0.987
0.232,1.311
0.299,-0.397
0.314,1.282
0.299,-1.578
0.048,-0.189
0.163,0.523
-0.01,-1.225
0.095,1.087
0.063,-1.802
-0.097,1.219
-0.113,0.889
-0.003,0.703
-0.039,0.683
-0.167,0.424
-0.215,-0.638
-0.293,-1.036
-0.301,-0.965
-0.355,-0.073
-0.437,-1.594
-0.605,-0.346
-0.52,0.823
-0.633,1.407
-0.54,-0.493
-0.673,-1.676
-0.602,-1.568
-0.891,-0.657
-1.041,-1.77
-1.072,-1.354
-0.976,0.899
-1.268,-1.136
-1.433,1.151
-1.618,0.248
-1.609,-1.564
-1.63,-1.935
-1.795,0.785
-1.993,0.32
-2.258,-0.629
-2.498,-1.781
-2.579,-0.439
-2.6,1.276
1.88,-2.6
1.26,-2.728
1.238,-2.829
1.25,-2.922
0.087,-2.641
-0.066,-2.765
-1.758,-2.811
-2.528,-2.705
1.8,1.326
1.689,1.337
1.422,1.383
1.247,1.431
1.099,1.318
-2.257,1.227
-2.981,-1.651
-2.974,-0.43
1.936,-1.508
1.092,1.309
-0.955,-0.159
-1.221,-1.532
-1.709,-1.669
-2.693,-2.352
-1.287,0.611
-1.673,-1.219
-1.849,-1.874
-2.078,0.929
-2.642,-0.228
0.262,-0.182
-1.303,-1.094
-1.265,-1.659
2.745,-2.558
1.362,-2.537
-1.657,-2.546
-2.364,-2.53
-2.758,-2.57
2.013,-2.815
1.059,-2.924
0.143,-2.863
-0.45,-3.122
-1.045,-3.096
-2.695,-3.02
-0.058,1.185
0.005,2.044
-0.04,1.198
-0.174,2.781
-0.109,-0.451
-0.139,0.613
-0.161,1.613
-0.19,0.516
-0.263,1.112
-0.305,0.581
-0.259,0.629
-0.359,2.278
-0.302,0.768
-0.376,0.485
-0.407,1.602
-0.438,0.236
-0.439,2.337
-0.382,2.243
-0.511,2.086
-0.637,2.801
-0.676,1.96
-0.618,1.054
-0.629,0.934
-0.708,2.187
-0.769,1.154
-0.716,1.306
-0.835,2.578
-0.826,0.887
-0.886,2.681
-0.901,-0.203
-0.894,1.327
-1.084,-0.117
-1.186,1.052
-1.165,2.323
-1.359,0.808
-1.427,-0.758
-1.451,1.418
-1.533,2.351
-1.501,1.174
-1.588,-0.137
-1.649,1.319
-1.675,0.526
-1.777,2.294
-1.814,0.255
-1.865,1.892
-1.927,2.373
-1.887,-0.379
-1.954,2.549
-1.962,0.25
-2.259,-0.24
-2.231,1.063
-2.325,0.47
-2.316,-0.144
-2.343,1.769
-2.463,0.486
-2.61,-0.577
-2.636,-0.226
-2.638,-0.542
-2.766,1.081
-2.826,1.916
-2.815,0.867
-2.823,0.467
-2.852,1.192
-2.778,0.148
-2.861,2.021
1.144,-1.306
0.83,-1.185
0.502,-1.207
0.232,-1.347
-1.905,-1.244
-1.969,-1.188
-2.308,-1.285
-2.31,-1.255
-2.643,-1.309
-2.772,-1.228
3.027,2.924
2.675,2.962
2.181,2.967
1.275,2.834
1.147,2.708
0.538,2.762
-0.133,2.784
-1.126,2.768
-1.241,2.952
-2.091,2.81
-2.286,2.673
-1.536,2.825
0.294,-1.134
-2.834,0.126
-2.828,-0.583
-2.99,2.213
-2.996,1.597
-3.043,-0.442
-3.104,0.14
-3.101,2.714
-3.003,1.21
3.085,2.347
-3.051,2.39
3.083,0.862
3.03,-0.495
3.035,2.625
-3.129,0.377
3.038,1.994
3.108,0.983
3.104,-0.254
2.907,2.585
3.032,0.993
2.957,1.159
2.965,2.351
2.799,2.838
2.946,0.841
2.79,-0.591
2.739,0.108
2.729,2.463
2.84,1.313
2.63,0.867
2.717,1.81
2.763,-0.181
2.672,-0.308
2.52,2.775
2.651,2.079
2.56,1.678
2.427,1.444
2.398,0.281
2.279,0.242
2.057,1.397
2.008,-0.218
2.111,1.295
2.034,0.019
1.74,2.722
1.767,1.347
1.618,-0.031
1.625,1.2
1.44,-0.897
1.431,0.513
1.543,1.722
1.38,-0.284
1.499,2.461
1.484,-0.359
1.465,0.01
1.384,1.266
1.22,1.124
1.258,1.415
1.125,2.293
1.028,0.533
0.863,0.982
0.961,2.472
0.938,1.407
0.82,1.035
0.565,2.013
0.656,1.791
0.622,0.071
0.54,-0.434
0.517,2.038
0.398,2.49
0.247,2.814
0.314,1.106
0.329,2.785
0.314,-0.075
0.063,1.314
0.178,2.026
0.005,0.278
0.11,2.59
0.078,-0.299
-0.082,2.722
-0.098,2.392
0.012,2.206
-0.024,2.186
-0.152,1.927
-0.2,0.865
-0.278,0.467
-0.286,0.538
-0.34,1.43
-0.422,-0.091
-0.59,1.157
-0.505,2.326
-0.618,2.91
-0.525,1.01
-0.658,-0.173
-0.587,-0.065
-0.876,0.846
-1.026,-0.267
-1.057,0.149
-0.961,2.402
-1.253,0.367
-1.418,2.654
-1.603,1.751
-1.594,-0.061
-1.615,-0.432
-1.78,2.288
-1.978,1.823
-2.243,0.874
-2.483,-0.278
-2.564,1.064
-2.585,2.779
1.895,-1.097
1.275,-1.225
1.253,-1.326
1.265,-1.419
0.102,-1.138
-0.051,-1.262
-1.743,-1.308
-2.513,-1.202
1.815,2.829
1.704,2.84
1.437,2.886
1.262,2.934
1.114,2.821
-2.242,2.73
-2.966,-0.148
-2.959,1.073
1.951,-0.005
1.107,2.812
-0.94,1.344
-1.206,-0.029
-1.694,-0.166
-2.678,-0.849
-1.272,2.114
-1.658,0.284
-1.834,-0.371
-2.063,2.432
-2.627,1.275
0.277,1.321
-1.288,0.409
-1.25,-0.156
2.76,-1.055
1.377,-1.034
-1.642,-1.043
-2.349,-1.027
-2.743,-1.067
2.028,-1.312
1.074,-1.421
0.158,-1.36
-0.435,-1.619
-1.03,-1.593
-2.68,-1.517
0.063,0.859
0.018,0.013
-0.116,1.596
-0.051,-1.636
-0.081,-0.572
-0.103,0.428
-0.132,-0.669
-0.205,-0.073
-0.247,-0.604
-0.201,-0.556
-0.301,1.093
-0.244,-0.417
-0.318,-0.7
-0.349,0.417
-0.38,-0.949
-0.381,1.152
-0.324,1.058
-0.453,0.901
-0.579,1.616
-0.618,0.775
-0.56,-0.131
-0.571,-0.251
-0.65,1.002
-0.711,-0.031
-0.658,0.121
-0.777,1.393
-0.768,-0.298
-0.828,1.496
-0.843,-1.388
-0.836,0.142
-1.026,-1.302
-1.128,-0.133
-1.107,1.138
-1.301,-0.377
-1.369,-1.943
-1.393,0.233
-1.475,1.166
-1.443,-0.011
-1.53,-1.322
-1.591,0.134
-1.617,-0.659
-1.719,1.109
-1.756,-0.93
-1.807,0.707
-1.869,1.188
-1.829,-1.564
-1.896,1.364
-1.904,-0.935
-2.201,-1.425
-2.173,-0.122
-2.267,-0.715
-2.258,-1.329
-2.285,0.584
-2.405,-0.699
-2.552,-1.762
-2.578,-1.411
-2.58,-1.727
-2.708,-0.104
-2.768,0.731
-2.757,-0.318
-2.765,-0.718
-2.794,0.007
-2.72,-1.037
-2.803,0.836
1.202,-2.491
0.888,-2.37
0.56,-2.392
0.29,-2.532
-1.847,-2.429
-1.911,-2.373
-2.25,-2.47
-2.252,-2.44
-2.585,-2.494
-2.714,-2.413
3.085,1.739
2.733,1.777
2.239,1.782
1.333,1.649
1.205,1.523
0.596,1.577
-0.075,1.599
-1.068,1.583
-1.183,1.767
-2.033,1.625
-2.228,1.488
-1.478,1.64
0.352,-2.319
-2.776,-1.059
-2.77,-1.768
-2.932,1.028
-2.938,0.412
-2.985,-1.627
-3.046,-1.045
-3.043,1.529
-2.945,0.025
-3.14,1.162
-2.993,1.205
3.141,-0.323
3.088,-1.68
3.093,1.44
-3.071,-0.808
3.096,0.809
-3.117,-0.202
-3.121,-1.439
2.965,1.4
3.09,-0.192
3.015,-0.026
3.023,1.166
2.857,1.653
3.004,-0.344
2.848,-1.776
2.797,-1.077
2.787,1.278
2.898,0.128
2.688,-0.318
2.775,0.625
2.821,-1.366
2.73,-1.493
2.578,1.59
2.709,0.894
2.618,0.493
2.485,0.259
2.456,-0.904
2.337,-0.943
2.115,0.212
2.066,-1.403
2.169,0.11
2.092,-1.166
1.798,1.537
1.825,0.162
1.676,-1.216
1.683,0.015
1.498,-2.082
1.489,-0.672
1.601,0.537
1.438,-1.469
1.557,1.276
1.542,-1.544
1.523,-1.175
1.442,0.081
1.278,-0.061
1.316,0.23
1.183,1.108
1.086,-0.652
0.921,-0.203
1.019,1.287
0.996,0.222
0.878,-0.15
0.623,0.828
0.714,0.606
0.68,-1.114
0.598,-1.619
0.575,0.853
0.456,1.305
0.305,1.629
0.372,-0.079
0.387,1.6
0.372,-1.26
0.121,0.129
0.236,0.841
0.063,-0.907
0.168,1.405
0.136,-1.484
-0.024,1.537
-0.04,1.207
0.07,1.021
0.034,1.001
-0.094,0.742
-0.142,-0.32
-0.22,-0.718
-0.228,-0.647
-0.282,0.245
-0.364,-1.276
-0.532,-0.028
-0.447,1.141
-0.56,1.725
-0.467,-0.175
-0.6,-1.358
-0.529,-1.25
-0.818,-0.339
-0.968,-1.452
-0.999,-1.036
-0.903,1.217
-1.195,-0.818
-1.36,1.469
-1.545,0.566
-1.536,-1.246
-1.557,-1.617
-1.722,1.103
-1.92,0.638
-2.185,-0.311
-2.425,-1.463
-2.506,-0.121
-2.527,1.594
1.953,-2.282
1.333,-2.41
1.311,-2.511
1.323,-2.604
0.16,-2.323
0.007,-2.447
-1.685,-2.493
-2.455,-2.387
1.873,1.644
1.762,1.655
1.495,1.701
1.32,1.749
1.172,1.636
-2.184,1.545
-2.908,-1.333
-2.901,-0.112
2.009,-1.19
1.165,1.627
-0.882,0.159
-1.148,-1.214
-1.636,-1.351
-2.62,-2.034
-1.214,0.929
-1.6,-0.901
-1.776,-1.556
-2.005,1.247
-2.569,0.09
0.335,0.136
-1.23,-0.776
-1.192,-1.341
2.818,-2.24
1.435,-2.219
-1.584,-2.228
-2.291,-2.212
-2.685,-2.252
2.086,-2.497
1.132,-2.606
0.216,-2.545
-0.377,-2.804
-0.972,-2.778
-2.622,-2.702
-0.045,-0.846
-0.179,0.737
-0.114,-2.495
-0.144,-1.431
-0.166,-0.431
-0.195,-1.528
-0.268,-0.932
-0.31,-1.463
-0.264,-1.415
-0.364,0.234
-0.307,-1.276
-0.381,-1.559
-0.412,-0.442
-0.443,-1.808
-0.444,0.293
-0.387,0.199
-0.516,0.042
-0.642,0.757
-0.681,-0.084
-0.623,-0.99
-0.634,-1.11
-0.713,0.143
-0.774,-0.89
-0.721,-0.738
-0.84,0.534
-0.831,-1.157
-0.891,0.637
-0.906,-2.247
-0.899,-0.717
-1.089,-2.161
-1.191,-0.992
-1.17,0.279
-1.364,-1.236
-1.432,-2.802
-1.456,-0.626
-1.538,0.307
-1.506,-0.87
-1.593,-2.181
-1.654,-0.725
-1.68,-1.518
-1.782,0.25
-1.819,-1.789
-1.87,-0.152
-1.932,0.329
-1.892,-2.423
-1.959,0.505
-1.967,-1.794
-2.264,-2.284
-2.236,-0.981
-2.33,-1.574
-2.321,-2.188
-2.348,-0.275
-2.468,-1.558
-2.615,-2.621
-2.641,-2.27
-2.643,-2.586
-2.771,-0.963
-2.831,-0.128
-2.82,-1.177
-2.828,-1.577
-2.857,-0.852
-2.783,-1.896
-2.866,-0.023
1.139,-3.35
0.825,-3.229
0.497,-3.251
0.227,-3.391
-1.91,-3.288
-1.974,-3.232
-2.313,-3.329
-2.315,-3.299
-2.648,-3.353
-2.777,-3.272
3.022,0.88
2.67,0.918
2.176,0.923
1.27,0.79
1.142,0.664
0.533,0.718
-0.138,0.74
-1.131,0.724
-1.246,0.908
-2.096,0.766
-2.291,0.629
-1.541,0.781
0.289,-3.178
-2.839,-1.918
-2.833,-2.627
-2.995,0.169
-3.001,-0.447
-3.048,-2.486
-3.109,-1.904
-3.106,0.67
-3.008,-0.834
3.08,0.303
-3.056,0.346
3.078,-1.182
3.025,-2.539
3.03,0.581
-3.134,-1.667
3.033,-0.05
3.103,-1.061
3.099,-2.298
2.902,0.541
3.027,-1.051
2.952,-0.885
2.96,0.307
2.794,0.794
2.941,-1.203
2.785,-2.635
2.734,-1.936
2.724,0.419
2.835,-0.731
2.625,-1.177
2.712,-0.234
2.758,-2.225
2.667,-2.352
2.515,0.731
2.646,0.035
2.555,-0.366
2.422,-0.6
2.393,-1.763
2.274,-1.802
2.052,-0.647
2.003,-2.262
2.106,-0.749
2.029,-2.025
1.735,0.678
1.762,-0.697
1.613,-2.075
1.62,-0.844
1.435,-2.941
1.426,-1.531
1.538,-0.322
1.375,-2.328
1.494,0.417
1.479,-2.403
1.46,-2.034
1.379,-0.778
1.215,-0.92
1.253,-0.629
1.12,0.249
1.023,-1.511
0.858,-1.062
0.956,0.428
0.933,-0.637
0.815,-1.009
0.56,-0.031
0.651,-0.253
0.617,-1.973
0.535,-2.478
0.512,-0.006
0.393,0.446
0.242,0.77
0.309,-0.938
0.324,0.741
0.309,-2.119
0.058,-0.73
0.173,-0.018
0.0,-1.766
0.105,0.546
0.073,-2.343
-0.087,0.678
-0.103,0.348
0.007,0.162
-0.029,0.142
-0.157,-0.117
-0.205,-1.179
-0.283,-1.577
-0.291,-1.506
-0.345,-0.614
-0.427,-2.135
-0.595,-0.887
-0.51,0.282
-0.623,0.866
-0.53,-1.034
-0.663,-2.217
-0.592,-2.109
-0.881,-1.198
-1.031,-2.311
-1.062,-1.895
-0.966,0.358
-1.258,-1.677
-1.423,0.61
-1.608,-0.293
-1.599,-2.105
-1.62,-2.476
-1.785,0.244
-1.983,-0.221
-2.248,-1.17
-2.488,-2.322
-2.569,-0.98
-2.59,0.735
1.89,-3.141
1.27,-3.269
1.248,-3.37
1.26,-3.463
0.097,-3.182
-0.056,-3.306
-1.748,-3.352
-2.518,-3.246
1.81,0.785
1.699,0.796
1.432,0.842
1.257,0.89
1.109,0.777
-2.247,0.686
-2.971,-2.192
-2.964,-0.971
1.946,-2.049
1.102,0.768
-0.945,-0.7
-1.211,-2.073
-1.699,-2.21
-2.683,-2.893
-1.277,0.07
-1.663,-1.76
-1.839,-2.415
-2.068,0.388
-2.632,-0.769
0.272,-0.723
-1.293,-1.635
-1.255,-2.2
2.755,-3.099
1.372,-3.078
-1.647,-3.087
-2.354,-3.071
-2.748,-3.111
2.023,-3.356
1.069,-3.465
0.153,-3.404
-0.44,-3.663
-1.035,-3.637
-2.685,-3.561
-0.134,1.583
-0.069,-1.649
-0.099,-0.585
-0.121,0.415
-0.15,-0.682
-0.223,-0.086
-0.265,-0.617
-0.219,-0.569
-0.319,1.08
-0.262,-0.43
-0.336,-0.713
-0.367,0.404
-0.398,-0.962
-0.399,1.139
-0.342,1.045
-0.471,0.888
-0.597,1.603
-0.636,0.762
-0.578,-0.144
-0.589,-0.264
-0.668,0.989
-0.729,-0.044
-0.676,0.108
-0.795,1.38
-0.786,-0.311
-0.846,1.483
-0.861,-1.401
-0.854,0.129
-1.044,-1.315
-1.146,-0.146
-1.125,1.125
-1.319,-0.39
-1.387,-1.956
-1.411,0.22
-1.493,1.153
-1.461,-0.024
-1.548,-1.335
-1.609,0.121
-1.635,-0.672
-1.737,1.096
-1.774,-0.943
-1.825,0.694
-1.887,1.175
-1.847,-1.577
-1.914,1.351
-1.922,-0.948
-2.219,-1.438
-2.191,-0.135
-2.285,-0.728
-2.276,-1.342
-2.303,0.571
-2.423,-0.712
-2.57,-1.775
-2.596,-1.424
-2.598,-1.74
-2.726,-0.117
-2.786,0.718
-2.775,-0.331
-2.783,-0.731
-2.812,-0.006
-2.738,-1.05
-2.821,0.823
1.184,-2.504
0.87,-2.383
0.542,-2.405
0.272,-2.545
-1.865,-2.442
-1.929,-2.386
-2.268,-2.483
-2.27,-2.453
-2.603,-2.507
-2.732,-2.426
3.067,1.726
2.715,1.764
2.221,1.769
1.315,1.636
1.187,1.51
0.578,1.564
-0.093,1.586
-1.086,1.57
-1.201,1.754
-2.051,1.612
-2.246,1.475
-1.496,1.627
0.334,-2.332
-2.794,-1.072
-2.788,-1.781
-2.95,1.015
-2.956,0.399
-3.003,-1.64
-3.064,-1.058
-3.061,1.516
-2.963,0.012
3.125,1.149
-3.011,1.192
3.123,-0.336
3.07,-1.693
3.075,1.427
-3.089,-0.821
3.078,0.796
-3.135,-0.215
-3.139,-1.452
2.947,1.387
3.072,-0.205
2.997,-0.039
3.005,1.153
2.839,1.64
2.986,-0.357
2.83,-1.789
2.779,-1.09
2.769,1.265
2.88,0.115
2.67,-0.331
2.757,0.612
2.803,-1.379
2.712,-1.506
2.56,1.577
2.691,0.881
2.6,0.48
2.467,0.246
2.438,-0.917
2.319,-0.956
2.097,0.199
2.048,-1.416
2.151,0.097
2.074,-1.179
1.78,1.524
1.807,0.149
1.658,-1.229
1.665,0.002
1.48,-2.095
1.471,-0.685
1.583,0.524
1.42,-1.482
1.539,1.263
1.524,-1.557
1.505,-1.188
1.424,0.068
1.26,-0.074
1.298,0.217
1.165,1.095
1.068,-0.665
0.903,-0.216
1.001,1.274
0.978,0.209
0.86,-0.163
0.605,0.815
0.696,0.593
0.662,-1.127
0.58,-1.632
0.557,0.84
0.438,1.292
0.287,1.616
0.354,-0.092
0.369,1.587
0.354,-1.273
0.103,0.116
0.218,0.828
0.045,-0.92
0.15,1.392
0.118,-1.497
-0.042,1.524
-0.058,1.194
0.052,1.008
0.016,0.988
-0.112,0.729
-0.16,-0.333
-0.238,-0.731
-0.246,-0.66
-0.3,0.232
-0.382,-1.289
-0.55,-0.041
-0.465,1.128
-0.578,1.712
-0.485,-0.188
-0.618,-1.371
-0.547,-1.263
-0.836,-0.352
-0.986,-1.465
-1.017,-1.049
-0.921,1.204
-1.213,-0.831
-1.378,1.456
-1.563,0.553
-1.554,-1.259
-1.575,-1.63
-1.74,1.09
-1.938,0.625
-2.203,-0.324
-2.443,-1.476
-2.524,-0.134
-2.545,1.581
1.935,-2.295
1.315,-2.423
1.293,-2.524
1.305,-2.617
0.142,-2.336
-0.011,-2.46
-1.703,-2.506
-2.473,-2.4
1.855,1.631
1.744,1.642
1.477,1.688
1.302,1.736
1.154,1.623
-2.202,1.532
-2.926,-1.346
-2.919,-0.125
1.991,-1.203
1.147,1.614
-0.9,0.146
-1.166,-1.227
-1.654,-1.364
-2.638,-2.047
-1.232,0.916
-1.618,-0.914
-1.794,-1.569
-2.023,1.234
-2.587,0.077
0.317,0.123
-1.248,-0.789
-1.21,-1.354
2.8,-2.253
1.417,-2.232
-1.602,-2.241
-2.309,-2.225
-2.703,-2.265
2.068,-2.51
1.114,-2.619
0.198,-2.558
-0.395,-2.817
-0.99,-2.791
-2.64,-2.715
0.065,-3.232
0.035,-2.168
0.013,-1.168
-0.016,-2.265
-0.089,-1.669
-0.131,-2.2
-0.085,-2.152
-0.185,-0.503
-0.128,-2.013
-0.202,-2.296
-0.233,-1.179
-0.264,-2.545
-0.265,-0.444
-0.208,-0.538
-0.337,-0.695
-0.463,0.02
-0.502,-0.821
-0.444,-1.727
-0.455,-1.847
-0.534,-0.594
-0.595,-1.627
-0.542,-1.475
-0.661,-0.203
-0.652,-1.894
-0.712,-0.1
-0.727,-2.984
-0.72,-1.454
-0.91,-2.898
-1.012,-1.729
-0.991,-0.458
-1.185,-1.973
-1.253,-3.539
-1.277,-1.363
-1.359,-0.43
-1.327,-1.607
-1.414,-2.918
-1.475,-1.462
-1.501,-2.255
-1.603,-0.487
-1.64,-2.526
-1.691,-0.889
-1.753,-0.408
-1.713,-3.16
-1.78,-0.232
-1.788,-2.531
-2.085,-3.021
-2.057,-1.718
-2.151,-2.311
-2.142,-2.925
-2.169,-1.012
-2.289,-2.295
-2.436,-3.358
-2.462,-3.007
-2.464,-3.323
-2.592,-1.7
-2.652,-0.865
-2.641,-1.914
-2.649,-2.314
-2.678,-1.589
-2.604,-2.633
-2.687,-0.76
1.318,-4.087
1.004,-3.966
0.676,-3.988
0.406,-4.128
-1.731,-4.025
-1.795,-3.969
-2.134,-4.066
-2.136,-4.036
-2.469,-4.09
-2.598,-4.009
-3.082,0.143
2.849,0.181
2.355,0.186
1.449,0.053
1.321,-0.073
0.712,-0.019
0.041,0.003
-0.952,-0.013
-1.067,0.171
-1.917,0.029
-2.112,-0.108
-1.362,0.044
0.468,-3.915
-2.66,-2.655
-2.654,-3.364
-2.816,-0.568
-2.822,-1.184
-2.869,-3.223
-2.93,-2.641
-2.927,-0.067
-2.829,-1.571
-3.024,-0.434
-2.877,-0.391
-3.026,-1.919
-3.079,-3.276
-3.074,-0.156
-2.955,-2.404
-3.071,-0.787
-3.001,-1.798
-3.005,-3.035
3.081,-0.196
-3.077,-1.788
3.131,-1.622
3.139,-0.43
2.973,0.057
3.12,-1.94
2.964,-3.372
2.913,-2.673
2.903,-0.318
3.014,-1.468
2.804,-1.914
2.891,-0.971
2.937,-2.962
2.846,-3.089
2.694,-0.006
2.825,-0.702
2.734,-1.103
2.601,-1.337
2.572,-2.5
2.453,-2.539
2.231,-1.384
2.182,-2.999
2.285,-1.486
2.208,-2.762
1.914,-0.059
1.941,-1.434
1.792,-2.812
1.799,-1.581
1.614,-3.678
1.605,-2.268
1.717,-1.059
1.554,-3.065
1.673,-0.32
1.658,-3.14
1.639,-2.771
1.558,-1.515
1.394,-1.657
1.432,-1.366
1.299,-0.488
1.202,-2.248
1.037,-1.799
1.135,-0.309
1.112,-1.374
0.994,-1.746
0.739,-0.768
0.83,-0.99
0.796,-2.71
0.714,-3.215
0.691,-0.743
0.572,-0.291
0.421,0.033
0.488,-1.675
0.503,0.004
0.488,-2.856
0.237,-1.467
0.352,-0.755
0.179,-2.503
0.284,-0.191
0.252,-3.08
0.092,-0.059
0.076,-0.389
0.186,-0.575
0.15,-0.595
0.022,-0.854
-0.026,-1.916
-0.104,-2.314
-0.112,-2.243
-0.166,-1.351
-0.248,-2.872
-0.416,-1.624
-0.331,-0.455
-0.444,0.129
-0.351,-1.771
-0.484,-2.954
-0.413,-2.846
-0.702,-1.935
-0.852,-3.048
-0.883,-2.632
-0.787,-0.379
-1.079,-2.414
-1.244,-0.127
-1.429,-1.03
-1.42,-2.842
-1.441,-3.213
-1.606,-0.493
-1.804,-0.958
-2.069,-1.907
-2.309,-3.059
-2.39,-1.717
-2.411,-0.002
2.069,-3.878
1.449,-4.006
1.427,-4.107
1.439,-4.2
0.276,-3.919
0.123,-4.043
-1.569,-4.089
-2.339,-3.983
1.989,0.048
1.878,0.059
1.611,0.105
1.436,0.153
1.288,0.04
-2.068,-0.051
-2.792,-2.929
-2.785,-1.708
2.125,-2.786
1.281,0.031
-0.766,-1.437
-1.032,-2.81
-1.52,-2.947
-2.504,-3.63
-1.098,-0.667
-1.484,-2.497
-1.66,-3.152
-1.889,-0.349
-2.453,-1.506
0.451,-1.46
-1.114,-2.372
-1.076,-2.937
2.934,-3.836
1.551,-3.815
-1.468,-3.824
-2.175,-3.808
-2.569,-3.848
2.202,-4.093
1.248,-4.202
0.332,-4.141
-0.261,-4.4
-0.856,-4.374
-2.506,-4.298
-0.03,1.064
-0.052,2.064
-0.081,0.967
-0.154,1.563
-0.196,1.032
-0.15,1.08
-0.25,2.729
-0.193,1.219
-0.267,0.936
-0.298,2.053
-0.329,0.687
-0.33,2.788
-0.273,2.694
-0.402,2.537
-0.528,3.252
-0.567,2.411
-0.509,1.505
-0.52,1.385
-0.599,2.638
-0.66,1.605
-0.607,1.757
-0.726,3.029
-0.717,1.338
-0.777,3.132
-0.792,0.248
-0.785,1.778
-0.975,0.334
-1.077,1.503
-1.056,2.774
-1.25,1.259
-1.318,-0.307
-1.342,1.869
-1.424,2.802
-1.392,1.625
-1.479,0.314
-1.54,1.77
-1.566,0.977
-1.668,2.745
-1.705,0.706
-1.756,2.343
-1.818,2.824
-1.778,0.072
-1.845,3.0
-1.853,0.701
-2.15,0.211
-2.122,1.514
-2.216,0.921
-2.207,0.307
-2.234,2.22
-2.354,0.937
-2.501,-0.126
-2.527,0.225
-2.529,-0.091
-2.657,1.532
-2.717,2.367
-2.706,1.318
-2.714,0.918
-2.743,1.643
-2.669,0.599
-2.752,2.472
1.253,-0.855
0.939,-0.734
0.611,-0.756
0.341,-0.896
-1.796,-0.793
-1.86,-0.737
-2.199,-0.834
-2.201,-0.804
-2.534,-0.858
-2.663,-0.777
3.136,3.375
2.784,3.413
2.29,3.418
1.384,3.285
1.256,3.159
0.647,3.213
-0.024,3.235
-1.017,3.219
-1.132,3.403
-1.982,3.261
-2.177,3.124
-1.427,3.276
0.403,-0.683
-2.725,0.577
-2.719,-0.132
-2.881,2.664
-2.887,2.048
-2.934,0.009
-2.995,0.591
-2.992,3.165
-2.894,1.661
-3.089,2.798
-2.942,2.841
-3.091,1.313
3.139,-0.044
-3.139,3.076
-3.02,0.828
-3.136,2.445
-3.066,1.434
-3.07,0.197
3.016,3.036
3.141,1.444
3.066,1.61
3.074,2.802
2.908,3.289
3.055,1.292
2.899,-0.14
2.848,0.559
2.838,2.914
2.949,1.764
2.739,1.318
2.826,2.261
2.872,0.27
2.781,0.143
2.629,3.226
2.76,2.53
2.669,2.129
2.536,1.895
2.507,0.732
2.388,0.693
2.166,1.848
2.117,0.233
2.22,1.746
2.143,0.47
1.849,3.173
1.876,1.798
1.727,0.42
1.734,1.651
1.549,-0.446
1.54,0.964
1.652,2.173
1.489,0.167
1.608,2.912
1.593,0.092
1.574,0.461
1.493,1.717
1.329,1.575
1.367,1.866
1.234,2.744
1.137,0.984
0.972,1.433
1.07,2.923
1.047,1.858
0.929,1.486
0.674,2.464
0.765,2.242
0.731,0.522
0.649,0.017
0.626,2.489
0.507,2.941
0.356,3.265
0.423,1.557
0.438,3.236
0.423,0.376
0.172,1.765
0.287,2.477
0.114,0.729
0.219,3.041
0.187,0.152
0.027,3.173
0.011,2.843
0.121,2.657
0.085,2.637
-0.043,2.378
-0.091,1.316
-0.169,0.918
-0.177,0.989
-0.231,1.881
-0.313,0.36
-0.481,1.608
-0.396,2.777
-0.509,3.361
-0.416,1.461
-0.549,0.278
-0.478,0.386
-0.767,1.297
-0.917,0.184
-0.948,0.6
-0.852,2.853
-1.144,0.818
-1.309,3.105
-1.494,2.202
-1.485,0.39
-1.506,0.019
-1.671,2.739
-1.869,2.274
-2.134,1.325
-2.374,0.173
-2.455,1.515
-2.476,3.23
2.004,-0.646
1.384,-0.774
1.362,-0.875
1.374,-0.968
0.211,-0.687
0.058,-0.811
-1.634,-0.857
-2.404,-0.751
1.924,3.28
1.813,3.291
1.546,3.337
1.371,3.385
1.223,3.272
-2.133,3.181
-2.857,0.303
-2.85,1.524
2.06,0.446
1.216,3.263
-0.831,1.795
-1.097,0.422
-1.585,0.285
-2.569,-0.398
-1.163,2.565
-1.549,0.735
-1.725,0.08
-1.954,2.883
-2.518,1.726
0.386,1.772
-1.179,0.86
-1.141,0.295
2.869,-0.604
1.486,-0.583
-1.533,-0.592
-2.24,-0.576
-2.634,-0.616
2.137,-0.861
1.183,-0.97
0.267,-0.909
-0.326,-1.168
-0.921,-1.142
-2.571,-1.066
-0.022,1.0
-0.051,-0.097
-0.124,0.499
-0.166,-0.032
-0.12,0.016
-0.22,1.665
-0.163,0.155
-0.237,-0.128
-0.268,0.989
-0.299,-0.377
-0.3,1.724
-0.243,1.63
-0.372,1.473
-0.498,2.188
-0.537,1.347
-0.479,0.441
-0.49,0.321
-0.569,1.574
-0.63,0.541
-0.577,0.693
-0.696,1.965
-0.687,0.274
-0.747,2.068
-0.762,-0.816
-0.755,0.714
-0.945,-0.73
-1.047,0.439
-1.026,1.71
-1.22,0.195
-1.288,-1.371
-1.312,0.805
-1.394,1.738
-1.362,0.561
-1.449,-0.75
-1.51,0.706
-1.536,-0.087
-1.638,1.681
-1.675,-0.358
-1.726,1.279
-1.788,1.76
-1.748,-0.992
-1.815,1.936
-1.823,-0.363
-2.12,-0.853
-2.092,0.45
-2.186,-0.143
-2.177,-0.757
-2.204,1.156
-2.324,-0.127
-2.471,-1.19
-2.497,-0.839
-2.499,-1.155
-2.627,0.468
-2.687,1.303
-2.676,0.254
-2.684,-0.146
-2.713,0.579
-2.639,-0.465
-2.722,1.408
1.283,-1.919
0.969,-1.798
0.641,-1.82
0.371,-1.96
-1.766,-1.857
-1.83,-1.801
-2.169,-1.898
-2.171,-1.868
-2.504,-1.922
-2.633,-1.841
-3.117,2.311
2.814,2.349
2.32,2.354
1.414,2.221
1.286,2.095
0.677,2.149
0.006,2.171
-0.987,2.155
-1.102,2.339
-1.952,2.197
-2.147,2.06
-1.397,2.212
0.433,-1.747
-2.695,-0.487
-2.689,-1.196
-2.851,1.6
-2.857,0.984
-2.904,-1.055
-2.965,-0.473
-2.962,2.101
-2.864,0.597
-3.059,1.734
-2.912,1.777
-3.061,0.249
-3.114,-1.108
-3.109,2.012
-2.99,-0.236
-3.106,1.381
-3.036,0.37
-3.04,-0.867
3.046,1.972
-3.112,0.38
3.096,0.546
3.104,1.738
2.938,2.225
3.085,0.228
2.929,-1.204
2.878,-0.505
2.868,1.85
2.979,0.7
2.769,0.254
2.856,1.197
2.902,-0.794
2.811,-0.921
2.659,2.162
2.79,1.466
2.699,1.065
2.566,0.831
2.537,-0.332
2.418,-0.371
2.196,0.784
2.147,-0.831
2.25,0.682
2.173,-0.594
1.879,2.109
1.906,0.734
1.757,-0.644
1.764,0.587
1.579,-1.51
1.57,-0.1
1.682,1.109
1.519,-0.897
1.638,1.848
1.623,-0.972
1.604,-0.603
1.523,0.653
1.359,0.511
1.397,0.802
1.264,1.68
1.167,-0.08
1.002,0.369
1.1,1.859
1.077,0.794
0.959,0.422
0.704,1.4
0.795,1.178
0.761,-0.542
0.679,-1.047
0.656,1.425
0.537,1.877
0.386,2.201
0.453,0.493
0.468,2.172
0.453,-0.688
0.202,0.701
0.317,1.413
0.144,-0.335
0.249,1.977
0.217,-0.912
0.057,2.109
0.041,1.779
0.151,1.593
0.115,1.573
-0.013,1.314
-0.061,0.252
-0.139,-0.146
-0.147,-0.075
-0.201,0.817
-0.283,-0.704
-0.451,0.544
-0.366,1.713
-0.479,2.297
-0.386,0.397
-0.519,-0.786
-0.448,-0.678
-0.737,0.233
-0.887,-0.88
-0.918,-0.464
-0.822,1.789
-1.114,-0.246
-1.279,2.041
-1.464,1.138
-1.455,-0.674
-1.476,-1.045
-1.641,1.675
-1.839,1.21
-2.104,0.261
-2.344,-0.891
-2.425,0.451
-2.446,2.166
2.034,-1.71
1.414,-1.838
1.392,-1.939
1.404,-2.032
0.241,-1.751
0.088,-1.875
-1.604,-1.921
-2.374,-1.815
1.954,2.216
1.843,2.227
1.576,2.273
1.401,2.321
1.253,2.208
-2.103,2.117
-2.827,-0.761
-2.82,0.46
2.09,-0.618
1.246,2.199
-0.801,0.731
-1.067,-0.642
-1.555,-0.779
-2.539,-1.462
-1.133,1.501
-1.519,-0.329
-1.695,-0.984
-1.924,1.819
-2.488,0.662
0.416,0.708
-1.149,-0.204
-1.111,-0.769
2.899,-1.668
1.516,-1.647
-1.503,-1.656
-2.21,-1.64
-2.604,-1.68
2.167,-1.925
1.213,-2.034
0.297,-1.973
-0.296,-2.232
-0.891,-2.206
-2.541,-2.13
-0.029,-1.097
-0.102,-0.501
-0.144,-1.032
-0.098,-0.984
-0.198,0.665
-0.141,-0.845
-0.215,-1.128
-0.246,-0.011
-0.277,-1.377
-0.278,0.724
-0.221,0.63
-0.35,0.473
-0.476,1.188
-0.515,0.347
-0.457,-0.559
-0.468,-0.679
-0.547,0.574
-0.608,-0.459
-0.555,-0.307
-0.674,0.965
-0.665,-0.726
-0.725,1.068
-0.74,-1.816
-0.733,-0.286
-0.923,-1.73
-1.025,-0.561
-1.004,0.71
-1.198,-0.805
-1.266,-2.371
-1.29,-0.195
-1.372,0.738
-1.34,-0.439
-1.427,-1.75
-1.488,-0.294
-1.514,-1.087
-1.616,0.681
-1.653,-1.358
-1.704,0.279
-1.766,0.76
-1.726,-1.992
-1.793,0.936
-1.801,-1.363
-2.098,-1.853
-2.07,-0.55
-2.164,-1.143
-2.155,-1.757
-2.182,0.156
-2.302,-1.127
-2.449,-2.19
-2.475,-1.839
-2.477,-2.155
-2.605,-0.532
-2.665,0.303
-2.654,-0.746
-2.662,-1.146
-2.691,-0.421
-2.617,-1.465
-2.7,0.408
1.305,-2.919
0.991,-2.798
0.663,-2.82
0.393,-2.96
-1.744,-2.857
-1.808,-2.801
-2.147,-2.898
-2.149,-2.868
-2.482,-2.922
-2.611,-2.841
-3.095,1.311
2.836,1.349
2.342,1.354
1.436,1.221
1.308,1.095
0.699,1.149
0.028,1.171
-0.965,1.155
-1.08,1.339
-1.93,1.197
-2.125,1.06
-1.375,1.212
0.455,-2.747
-2.673,-1.487
-2.667,-2.196
-2.829,0.6
-2.835,-0.016
-2.882,-2.055
-2.943,-1.473
-2.94,1.101
-2.842,-0.403
-3.037,0.734
-2.89,0.777
-3.039,-0.751
-3.092,-2.108
-3.087,1.012
-2.968,-1.236
-3.084,0.381
-3.014,-0.63
-3.018,-1.867
3.068,0.972
-3.09,-0.62
3.118,-0.454
3.126,0.738
2.96,1.225
3.107,-0.772
2.951,-2.204
2.9,-1.505
2.89,0.85
3.001,-0.3
2.791,-0.746
2.878,0.197
2.924,-1.794
2.833,-1.921
2.681,1.162
2.812,0.466
2.721,0.065
2.588,-0.169
2.559,-1.332
2.44,-1.371
2.218,-0.216
2.169,-1.831
2.272,-0.318
2.195,-1.594
1.901,1.109
1.928,-0.266
1.779,-1.644
1.786,-0.413
1.601,-2.51
1.592,-1.1
1.704,0.109
1.541,-1.897
1.66,0.848
1.645,-1.972
1.626,-1.603
1.545,-0.347
1.381,-0.489
1.419,-0.198
1.286,0.68
1.189,-1.08
1.024,-0.631
1.122,0.859
1.099,-0.206
0.981,-0.578
0.726,0.4
0.817,0.178
0.783,-1.542
0.701,-2.047
0.678,0.425
0.559,0.877
0.408,1.201
0.475,-0.507
0.49,1.172
0.475,-1.688
0.224,-0.299
0.339,0.413
0.166,-1.335
0.271,0.977
0.239,-1.912
0.079,1.109
0.063,0.779
0.173,0.593
0.137,0.573
0.009,0.314
-0.039,-0.748
-0.117,-1.146
-0.125,-1.075
-0.179,-0.183
-0.261,-1.704
-0.429,-0.456
-0.344,0.713
-0.457,1.297
-0.364,-0.603
-0.497,-1.786
-0.426,-1.678
-0.715,-0.767
-0.865,-1.88
-0.896,-1.464
-0.8,0.789
-1.092,-1.246
-1.257,1.041
-1.442,0.138
-1.433,-1.674
-1.454,-2.045
-1.619,0.675
-1.817,0.21
-2.082,-0.739
-2.322,-1.891
-2.403,-0.549
-2.424,1.166
2.056,-2.71
1.436,-2.838
1.414,-2.939
1.426,-3.032
0.263,-2.751
0.11,-2.875
-1.582,-2.921
-2.352,-2.815
1.976,1.216
1.865,1.227
1.598,1.273
1.423,1.321
1.275,1.208
-2.081,1.117
-2.805,-1.761
-2.798,-0.54
2.112,-1.618
1.268,1.199
-0.779,-0.269
-1.045,-1.642
-1.533,-1.779
-2.517,-2.462
-1.111,0.501
-1.497,-1.329
-1.673,-1.984
-1.902,0.819
-2.466,-0.338
0.438,-0.292
-1.127,-1.204
-1.089,-1.769
2.921,-2.668
1.538,-2.647
-1.481,-2.656
-2.188,-2.64
-2.582,-2.68
2.189,-2.925
1.235,-3.034
0.319,-2.973
-0.274,-3.232
-0.869,-3.206
-2.519,-3.13
-0.073,0.596
-0.115,0.065
-0.069,0.113
-0.169,1.762
-0.112,0.252
-0.186,-0.031
-0.217,1.086
-0.248,-0.28
-0.249,1.821
-0.192,1.727
-0.321,1.57
-0.447,2.285
-0.486,1.444
-0.428,0.538
-0.439,0.418
-0.518,1.671
-0.579,0.638
-0.526,0.79
-0.645,2.062
-0.636,0.371
-0.696,2.165
-0.711,-0.719
-0.704,0.811
-0.894,-0.633
-0.996,0.536
-0.975,1.807
-1.169,0.292
-1.237,-1.274
-1.261,0.902
-1.343,1.835
-1.311,0.658
-1.398,-0.653
-1.459,0.803
-1.485,0.01
-1.587,1.778
-1.624,-0.261
-1.675,1.376
-1.737,1.857
-1.697,-0.895
-1.764,2.033
-1.772,-0.266
-2.069,-0.756
-2.041,0.547
-2.135,-0.046
-2.126,-0.66
-2.153,1.253
-2.273,-0.03
-2.42,-1.093
-2.446,-0.742
-2.448,-1.058
-2.576,0.565
-2.636,1.4
-2.625,0.351
-2.633,-0.049
-2.662,0.676
-2.588,-0.368
-2.671,1.505
1.334,-1.822
1.02,-1.701
0.692,-1.723
0.422,-1.863
-1.715,-1.76
-1.779,-1.704
-2.118,-1.801
-2.12,-1.771
-2.453,-1.825
-2.582,-1.744
-3.066,2.408
2.865,2.446
2.371,2.451
1.465,2.318
1.337,2.192
0.728,2.246
0.057,2.268
-0.936,2.252
-1.051,2.436
-1.901,2.294
-2.096,2.157
-1.346,2.309
0.484,-1.65
-2.644,-0.39
-2.638,-1.099
-2.8,1.697
-2.806,1.081
-2.853,-0.958
-2.914,-0.376
-2.911,2.198
-2.813,0.694
-3.008,1.831
-2.861,1.874
-3.01,0.346
-3.063,-1.011
-3.058,2.109
-2.939,-0.139
-3.055,1.478
-2.985,0.467
-2.989,-0.77
3.097,2.069
-3.061,0.477
-3.136,0.643
-3.128,1.835
2.989,2.322
3.136,0.325
2.98,-1.107
2.929,-0.408
2.919,1.947
3.03,0.797
2.82,0.351
2.907,1.294
2.953,-0.697
2.862,-0.824
2.71,2.259
2.841,1.563
2.75,1.162
2.617,0.928
2.588,-0.235
2.469,-0.274
2.247,0.881
2.198,-0.734
2.301,0.779
2.224,-0.497
1.93,2.206
1.957,0.831
1.808,-0.547
1.815,0.684
1.63,-1.413
1.621,-0.003
1.733,1.206
1.57,-0.8
1.689,1.945
1.674,-0.875
1.655,-0.506
1.574,0.75
1.41,0.608
1.448,0.899
1.315,1.777
1.218,0.017
1.053,0.466
1.151,1.956
1.128,0.891
1.01,0.519
0.755,1.497
0.846,1.275
0.812,-0.445
0.73,-0.95
0.707,1.522
0.588,1.974
0.437,2.298
0.504,0.59
0.519,2.269
0.504,-0.591
0.253,0.798
0.368,1.51
0.195,-0.238
0.3,2.074
0.268,-0.815
0.108,2.206
0.092,1.876
0.202,1.69
0.166,1.67
0.038,1.411
-0.01,0.349
-0.088,-0.049
-0.096,0.022
-0.15,0.914
-0.232,-0.607
-0.4,0.641
-0.315,1.81
-0.428,2.394
-0.335,0.494
-0.468,-0.689
-0.397,-0.581
-0.686,0.33
-0.836,-0.783
-0.867,-0.367
-0.771,1.886
-1.063,-0.149
-1.228,2.138
-1.413,1.235
-1.404,-0.577
-1.425,-0.948
-1.59,1.772
-1.788,1.307
-2.053,0.358
-2.293,-0.794
-2.374,0.548
-2.395,2.263
2.085,-1.613
1.465,-1.741
1.443,-1.842
1.455,-1.935
0.292,-1.654
0.139,-1.778
-1.553,-1.824
-2.323,-1.718
2.005,2.313
1.894,2.324
1.627,2.37
1.452,2.418
1.304,2.305
-2.052,2.214
-2.776,-0.664
-2.769,0.557
2.141,-0.521
1.297,2.296
-0.75,0.828
-1.016,-0.545
-1.504,-0.682
-2.488,-1.365
-1.082,1.598
-1.468,-0.232
-1.644,-0.887
-1.873,1.916
-2.437,0.759
0.467,0.805
-1.098,-0.107
-1.06,-0.672
2.95,-1.571
1.567,-1.55
-1.452,-1.559
-2.159,-1.543
-2.553,-1.583
2.218,-1.828
1.264,-1.937
0.348,-1.876
-0.245,-2.135
-0.84,-2.109
-2.49,-2.033
-0.042,-0.531
0.004,-0.483
-0.096,1.166
-0.039,-0.344
-0.113,-0.627
-0.144,0.49
-0.175,-0.876
-0.176,1.225
-0.119,1.131
-0.248,0.974
-0.374,1.689
-0.413,0.848
-0.355,-0.058
-0.366,-0.178
-0.445,1.075
-0.506,0.042
-0.453,0.194
-0.572,1.466
-0.563,-0.225
-0.623,1.569
-0.638,-1.315
-0.631,0.215
-0.821,-1.229
-0.923,-0.06
-0.902,1.211
-1.096,-0.304
-1.164,-1.87
-1.188,0.306
-1.27,1.239
-1.238,0.062
-1.325,-1.249
-1.386,0.207
-1.412,-0.586
-1.514,1.182
-1.551,-0.857
-1.602,0.78
-1.664,1.261
-1.624,-1.491
-1.691,1.437
-1.699,-0.862
-1.996,-1.352
-1.968,-0.049
-2.062,-0.642
-2.053,-1.256
-2.08,0.657
-2.2,-0.626
-2.347,-1.689
-2.373,-1.338
-2.375,-1.654
-2.503,-0.031
-2.563,0.804
-2.552,-0.245
-2.56,-0.645
-2.589,0.08
-2.515,-0.964
-2.598,0.909
1.407,-2.418
1.093,-2.297
0.765,-2.319
0.495,-2.459
-1.642,-2.356
-1.706,-2.3
-2.045,-2.397
-2.047,-2.367
-2.38,-2.421
-2.509,-2.34
-2.993,1.812
2.938,1.85
2.444,1.855
1.538,1.722
1.41,1.596
0.801,1.65
0.13,1.672
-0.863,1.656
-0.978,1.84
-1.828,1.698
-2.023,1.561
-1.273,1.713
0.557,-2.246
-2.571,-0.986
-2.565,-1.695
-2.727,1.101
-2.733,0.485
-2.78,-1.554
-2.841,-0.972
-2.838,1.602
-2.74,0.098
-2.935,1.235
-2.788,1.278
-2.937,-0.25
-2.99,-1.607
-2.985,1.513
-2.866,-0.735
-2.982,0.882
-2.912,-0.129
-2.916,-1.366
-3.113,1.473
-2.988,-0.119
-3.063,0.047
-3.055,1.239
3.062,1.726
-3.074,-0.271
3.053,-1.703
3.002,-1.004
2.992,1.351
3.103,0.201
2.893,-0.245
2.98,0.698
3.026,-1.293
2.935,-1.42
2.783,1.663
2.914,0.967
2.823,0.566
2.69,0.332
2.661,-0.831
2.542,-0.87
2.32,0.285
2.271,-1.33
2.374,0.183
2.297,-1.093
2.003,1.61
2.03,0.235
1.881,-1.143
1.888,0.088
1.703,-2.009
1.694,-0.599
1.806,0.61
1.643,-1.396
1.762,1.349
1.747,-1.471
1.728,-1.102
1.647,0.154
1.483,0.012
1.521,0.303
1.388,1.181
1.291,-0.579
1.126,-0.13
1.224,1.36
1.201,0.295
1.083,-0.077
0.828,0.901
0.919,0.679
0.885,-1.041
0.803,-1.546
0.78,0.926
0.661,1.378
0.51,1.702
0.577,-0.006
0.592,1.673
0.577,-1.187
0.326,0.202
0.441,0.914
0.268,-0.834
0.373,1.478
0.341,-1.411
0.181,1.61
0.165,1.28
0.275,1.094
0.239,1.074
0.111,0.815
0.063,-0.247
-0.015,-0.645
-0.023,-0.574
-0.077,0.318
-0.159,-1.203
-0.327,0.045
-0.242,1.214
-0.355,1.798
-0.262,-0.102
-0.395,-1.285
-0.324,-1.177
-0.613,-0.266
-0.763,-1.379
-0.794,-0.963
-0.698,1.29
-0.99,-0.745
-1.155,1.542
-1.34,0.639
-1.331,-1.173
-1.352,-1.544
-1.517,1.176
-1.715,0.711
-1.98,-0.238
-2.22,-1.39
-2.301,-0.048
-2.322,1.667
2.158,-2.209
1.538,-2.337
1.516,-2.438
1.528,-2.531
0.365,-2.25
0.212,-2.374
-1.48,-2.42
-2.25,-2.314
2.078,1.717
1.967,1.728
1.7,1.774
1.525,1.822
1.377,1.709
-1.979,1.618
-2.703,-1.26
-2.696,-0.039
2.214,-1.117
1.37,1.7
-0.677,0.232
-0.943,-1.141
-1.431,-1.278
-2.415,-1.961
-1.009,1.002
-1.395,-0.828
-1.571,-1.483
-1.8,1.32
-2.364,0.163
0.54,0.209
-1.025,-0.703
-0.987,-1.268
3.023,-2.167
1.64,-2.146
-1.379,-2.155
-2.086,-2.139
-2.48,-2.179
2.291,-2.424
1.337,-2.533
0.421,-2.472
-0.172,-2.731
-0.767,-2.705
-2.417,-2.629
0.046,0.048
-0.054,1.697
0.003,0.187
-0.071,-0.096
-0.102,1.021
-0.133,-0.345
-0.134,1.756
-0.077,1.662
-0.206,1.505
-0.332,2.22
-0.371,1.379
-0.313,0.473
-0.324,0.353
-0.403,1.606
-0.464,0.573
-0.411,0.725
-0.53,1.997
-0.521,0.306
-0.581,2.1
-0.596,-0.784
-0.589,0.746
-0.779,-0.698
-0.881,0.471
-0.86,1.742
-1.054,0.227
-1.122,-1.339
-1.146,0.837
-1.228,1.77
-1.196,0.593
-1.283,-0.718
-1.344,0.738
-1.37,-0.055
-1.472,1.713
-1.509,-0.326
-1.56,1.311
-1.622,1.792
-1.582,-0.96
-1.649,1.968
-1.657,-0.331
-1.954,-0.821
-1.926,0.482
-2.02,-0.111
-2.011,-0.725
-2.038,1.188
-2.158,-0.095
-2.305,-1.158
-2.331,-0.807
-2.333,-1.123
-2.461,0.5
-2.521,1.335
-2.51,0.286
-2.518,-0.114
-2.547,0.611
-2.473,-0.433
-2.556,1.44
1.449,-1.887
1.135,-1.766
0.807,-1.788
0.537,-1.928
-1.6,-1.825
-1.664,-1.769
-2.003,-1.866
-2.005,-1.836
-2.338,-1.89
-2.467,-1.809
-2.951,2.343
2.98,2.381
2.486,2.386
1.58,2.253
1.452,2.127
0.843,2.181
0.172,2.203
-0.821,2.187
-0.936,2.371
-1.786,2.229
-1.981,2.092
-1.231,2.244
0.599,-1.715
-2.529,-0.455
-2.523,-1.164
-2.685,1.632
-2.691,1.016
-2.738,-1.023
-2.799,-0.441
-2.796,2.133
-2.698,0.629
-2.893,1.766
-2.746,1.809
-2.895,0.281
-2.948,-1.076
-2.943,2.044
-2.824,-0.204
-2.94,1.413
-2.87,0.402
-2.874,-0.835
-3.071,2.004
-2.946,0.412
-3.021,0.578
-3.013,1.77
3.104,2.257
-3.032,0.26
3.095,-1.172
3.044,-0.473
3.034,1.882
-3.138,0.732
2.935,0.286
3.022,1.229
3.068,-0.762
2.977,-0.889
2.825,2.194
2.956,1.498
2.865,1.097
2.732,0.863
2.703,-0.3
2.584,-0.339
2.362,0.816
2.313,-0.799
2.416,0.714
2.339,-0.562
2.045,2.141
2.072,0.766
1.923,-0.612
1.93,0.619
1.745,-1.478
1.736,-0.068
1.848,1.141
1.685,-0.865
1.804,1.88
1.789,-0.94
1.77,-0.571
1.689,0.685
1.525,0.543
1.563,0.834
1.43,1.712
1.333,-0.048
1.168,0.401
1.266,1.891
1.243,0.826
1.125,0.454
0.87,1.432
0.961,1.21
0.927,-0.51
0.845,-1.015
0.822,1.457
0.703,1.909
0.552,2.233
0.619,0.525
0.634,2.204
0.619,-0.656
0.368,0.733
0.483,1.445
0.31,-0.303
0.415,2.009
0.383,-0.88
0.223,2.141
0.207,1.811
0.317,1.625
0.281,1.605
0.153,1.346
0.105,0.284
0.027,-0.114
0.019,-0.043
-0.035,0.849
-0.117,-0.672
-0.285,0.576
-0.2,1.745
-0.313,2.329
-0.22,0.429
-0.353,-0.754
-0.282,-0.646
-0.571,0.265
-0.721,-0.848
-0.752,-0.432
-0.656,1.821
-0.948,-0.214
-1.113,2.073
-1.298,1.17
-1.289,-0.642
-1.31,-1.013
-1.475,1.707
-1.673,1.242
-1.938,0.293
-2.178,-0.859
-2.259,0.483
-2.28,2.198
2.2,-1.678
1.58,-1.806
1.558,-1.907
1.57,-2.0
0.407,-1.719
0.254,-1.843
-1.438,-1.889
-2.208,-1.783
2.12,2.248
2.009,2.259
1.742,2.305
1.567,2.353
1.419,2.24
-1.937,2.149
-2.661,-0.729
-2.654,0.492
2.256,-0.586
1.412,2.231
-0.635,0.763
-0.901,-0.61
-1.389,-0.747
-2.373,-1.43
-0.967,1.533
-1.353,-0.297
-1.529,-0.952
-1.758,1.851
-2.322,0.694
0.582,0.74
-0.983,-0.172
-0.945,-0.737
3.065,-1.636
1.682,-1.615
-1.337,-1.624
-2.044,-1.608
-2.438,-1.648
2.333,-1.893
1.379,-2.002
0.463,-1.941
-0.13,-2.2
-0.725,-2.174
-2.375,-2.098
-0.1,1.649
-0.043,0.139
-0.117,-0.144
-0.148,0.973
-0.179,-0.393
-0.18,1.708
-0.123,1.614
-0.252,1.457
-0.378,2.172
-0.417,1.331
-0.359,0.425
-0.37,0.305
-0.449,1.558
-0.51,0.525
-0.457,0.677
-0.576,1.949
-0.567,0.258
-0.627,2.052
-0.642,-0.832
-0.635,0.698
-0.825,-0.746
-0.927,0.423
-0.906,1.694
-1.1,0.179
-1.168,-1.387
-1.192,0.789
-1.274,1.722
-1.242,0.545
-1.329,-0.766
-1.39,0.69
-1.416,-0.103
-1.518,1.665
-1.555,-0.374
-1.606,1.263
-1.668,1.744
-1.628,-1.008
-1.695,1.92
-1.703,-0.379
-2.0,-0.869
-1.972,0.434
-2.066,-0.159
-2.057,-0.773
-2.084,1.14
-2.204,-0.143
-2.351,-1.206
-2.377,-0.855
-2.379,-1.171
-2.507,0.452
-2.567,1.287
-2.556,0.238
-2.564,-0.162
-2.593,0.563
-2.519,-0.481
-2.602,1.392
1.403,-1.935
1.089,-1.814
0.761,-1.836
0.491,-1.976
-1.646,-1.873
-1.71,-1.817
-2.049,-1.914
-2.051,-1.884
-2.384,-1.938
-2.513,-1.857
-2.997,2.295
2.934,2.333
2.44,2.338
1.534,2.205
1.406,2.079
0.797,2.133
0.126,2.155
-0.867,2.139
-0.982,2.323
-1.832,2.181
-2.027,2.044
-1.277,2.196
0.553,-1.763
-2.575,-0.503
-2.569,-1.212
-2.731,1.584
-2.737,0.968
-2.784,-1.071
-2.845,-0.489
-2.842,2.085
-2.744,0.581
-2.939,1.718
-2.792,1.761
-2.941,0.233
-2.994,-1.124
-2.989,1.996
-2.87,-0.252
-2.986,1.365
-2.916,0.354
-2.92,-0.883
-3.117,1.956
-2.992,0.364
-3.067,0.53
-3.059,1.722
3.058,2.209
-3.078,0.212
3.049,-1.22
2.998,-0.521
2.988,1.834
3.099,0.684
2.889,0.238
2.976,1.181
3.022,-0.81
2.931,-0.937
2.779,2.146
2.91,1.45
2.819,1.049
2.686,0.815
2.657,-0.348
2.538,-0.387
2.316,0.768
2.267,-0.847
2.37,0.666
2.293,-0.61
1.999,2.093
2.026,0.718
1.877,-0.66
1.884,0.571
1.699,-1.526
1.69,-0.116
1.802,1.093
1.639,-0.913
1.758,1.832
1.743,-0.988
1.724,-0.619
1.643,0.637
1.479,0.495
1.517,0.786
1.384,1.664
1.287,-0.096
1.122,0.353
1.22,1.843
1.197,0.778
1.079,0.406
0.824,1.384
0.915,1.162
0.881,-0.558
0.799,-1.063
0.776,1.409
0.657,1.861
0.506,2.185
0.573,0.477
0.588,2.156
0.573,-0.704
0.322,0.685
0.437,1.397
0.264,-0.351
0.369,1.961
0.337,-0.928
0.177,2.093
0.161,1.763
0.271,1.577
0.235,1.557
0.107,1.298
0.059,0.236
-0.019,-0.162
-0.027,-0.091
-0.081,0.801
-0.163,-0.72
-0.331,0.528
-0.246,1.697
-0.359,2.281
-0.266,0.381
-0.399,-0.802
-0.328,-0.694
-0.617,0.217
-0.767,-0.896
-0.798,-0.48
-0.702,1.773
-0.994,-0.262
-1.159,2.025
-1.344,1.122
-1.335,-0.69
-1.356,-1.061
-1.521,1.659
-1.719,1.194
-1.984,0.245
-2.224,-0.907
-2.305,0.435
-2.326,2.15
2.154,-1.726
1.534,-1.854
1.512,-1.955
1.524,-2.048
0.361,-1.767
0.208,-1.891
-1.484,-1.937
-2.254,-1.831
2.074,2.2
1.963,2.211
1.696,2.257
1.521,2.305
1.373,2.192
-1.983,2.101
-2.707,-0.777
-2.7,0.444
2.21,-0.634
1.366,2.183
-0.681,0.715
-0.947,-0.658
-1.435,-0.795
-2.419,-1.478
-1.013,1.485
-1.399,-0.345
-1.575,-1.0
-1.804,1.803
-2.368,0.646
0.536,0.692
-1.029,-0.22
-0.991,-0.785
3.019,-1.684
1.636,-1.663
-1.383,-1.672
-2.09,-1.656
-2.484,-1.696
2.287,-1.941
1.333,-2.05
0.417,-1.989
-0.176,-2.248
-0.771,-2.222
-2.421,-2.146
0.057,-1.51
-0.017,-1.793
-0.048,-0.676
-0.079,-2.042
-0.08,0.059
-0.023,-0.035
-0.152,-0.192
-0.278,0.523
-0.317,-0.318
-0.259,-1.224
-0.27,-1.344
-0.349,-0.091
-0.41,-1.124
-0.357,-0.972
-0.476,0.3
-0.467,-1.391
-0.527,0.403
-0.542,-2.481
-0.535,-0.951
-0.725,-2.395
-0.827,-1.226
-0.806,0.045
-1.0,-1.47
-1.068,-3.036
-1.092,-0.86
-1.174,0.073
-1.142,-1.104
-1.229,-2.415
-1.29,-0.959
-1.316,-1.752
-1.418,0.016
-1.455,-2.023
-1.506,-0.386
-1.568,0.095
-1.528,-2.657
-1.595,0.271
-1.603,-2.028
-1.9,-2.518
-1.872,-1.215
-1.966,-1.808
-1.957,-2.422
-1.984,-0.509
-2.104,-1.792
-2.251,-2.855
-2.277,-2.504
-2.279,-2.82
-2.407,-1.197
-2.467,-0.362
-2.456,-1.411
-2.464,-1.811
-2.493,-1.086
-2.419,-2.13
-2.502,-0.257
1.503,-3.584
1.189,-3.463
0.861,-3.485
0.591,-3.625
-1.546,-3.522
-1.61,-3.466
-1.949,-3.563
-1.951,-3.533
-2.284,-3.587
-2.413,-3.506
-2.897,0.646
3.034,0.684
2.54,0.689
1.634,0.556
1.506,0.43
0.897,0.484
0.226,0.506
-0.767,0.49
-0.882,0.674
-1.732,0.532
-1.927,0.395
-1.177,0.547
0.653,-3.412
-2.475,-2.152
-2.469,-2.861
-2.631,-0.065
-2.637,-0.681
-2.684,-2.72
-2.745,-2.138
-2.742,0.436
-2.644,-1.068
-2.839,0.069
-2.692,0.112
-2.841,-1.416
-2.894,-2.773
-2.889,0.347
-2.77,-1.901
-2.886,-0.284
-2.816,-1.295
-2.82,-2.532
-3.017,0.307
-2.892,-1.285
-2.967,-1.119
-2.959,0.073
-3.125,0.56
-2.978,-1.437
-3.134,-2.869
3.098,-2.17
3.088,0.185
-3.084,-0.965
2.989,-1.411
3.076,-0.468
3.122,-2.459
3.031,-2.586
2.879,0.497
3.01,-0.199
2.919,-0.6
2.786,-0.834
2.757,-1.997
2.638,-2.036
2.416,-0.881
2.367,-2.496
2.47,-0.983
2.393,-2.259
2.099,0.444
2.126,-0.931
1.977,-2.309
1.984,-1.078
1.799,-3.175
1.79,-1.765
1.902,-0.556
1.739,-2.562
1.858,0.183
1.843,-2.637
1.824,-2.268
1.743,-1.012
1.579,-1.154
1.617,-0.863
1.484,0.015
1.387,-1.745
1.222,-1.296
1.32,0.194
1.297,-0.871
1.179,-1.243
0.924,-0.265
1.015,-0.487
0.981,-2.207
0.899,-2.712
0.876,-0.24
0.757,0.212
0.606,0.536
0.673,-1.172
0.688,0.507
0.673,-2.353
0.422,-0.964
0.537,-0.252
0.364,-2.0
0.469,0.312
0.437,-2.577
0.277,0.444
0.261,0.114
0.371,-0.072
0.335,-0.092
0.207,-0.351
0.159,-1.413
0.081,-1.811
0.073,-1.74
0.019,-0.848
-0.063,-2.369
-0.231,-1.121
-0.146,0.048
-0.259,0.632
-0.166,-1.268
-0.299,-2.451
-0.228,-2.343
-0.517,-1.432
-0.667,-2.545
-0.698,-2.129
-0.602,0.124
-0.894,-1.911
-1.059,0.376
-1.244,-0.527
-1.235,-2.339
-1.256,-2.71
-1.421,0.01
-1.619,-0.455
-1.884,-1.404
-2.124,-2.556
-2.205,-1.214
-2.226,0.501
2.254,-3.375
1.634,-3.503
1.612,-3.604
1.624,-3.697
0.461,-3.416
0.308,-3.54
-1.384,-3.586
-2.154,-3.48
2.174,0.551
2.063,0.562
1.796,0.608
1.621,0.656
1.473,0.543
-1.883,0.452
-2.607,-2.426
-2.6,-1.205
2.31,-2.283
1.466,0.534
-0.581,-0.934
-0.847,-2.307
-1.335,-2.444
-2.319,-3.127
-0.913,-0.164
-1.299,-1.994
-1.475,-2.649
-1.704,0.154
-2.268,-1.003
0.636,-0.957
-0.929,-1.869
-0.891,-2.434
3.119,-3.333
1.736,-3.312
-1.283,-3.321
-1.99,-3.305
-2.384,-3.345
2.387,-3.59
1.433,-3.699
0.517,-3.638
-0.076,-3.897
-0.671,-3.871
-2.321,-3.795
-0.074,-0.283
-0.105,0.834
-0.136,-0.532
-0.137,1.569
-0.08,1.475
-0.209,1.318
-0.335,2.033
-0.374,1.192
-0.316,0.286
-0.327,0.166
-0.406,1.419
-0.467,0.386
-0.414,0.538
-0.533,1.81
-0.524,0.119
-0.584,1.913
-0.599,-0.971
-0.592,0.559
-0.782,-0.885
-0.884,0.284
-0.863,1.555
-1.057,0.04
-1.125,-1.526
-1.149,0.65
-1.231,1.583
-1.199,0.406
-1.286,-0.905
-1.347,0.551
-1.373,-0.242
-1.475,1.526
-1.512,-0.513
-1.563,1.124
-1.625,1.605
-1.585,-1.147
-1.652,1.781
-1.66,-0.518
-1.957,-1.008
-1.929,0.295
-2.023,-0.298
-2.014,-0.912
-2.041,1.001
-2.161,-0.282
-2.308,-1.345
-2.334,-0.994
-2.336,-1.31
-2.464,0.313
-2.524,1.148
-2.513,0.099
-2.521,-0.301
-2.55,0.424
-2.476,-0.62
-2.559,1.253
1.446,-2.074
1.132,-1.953
0.804,-1.975
0.534,-2.115
-1.603,-2.012
-1.667,-1.956
-2.006,-2.053
-2.008,-2.023
-2.341,-2.077
-2.47,-1.996
-2.954,2.156
2.977,2.194
2.483,2.199
1.577,2.066
1.449,1.94
0.84,1.994
0.169,2.016
-0.824,2.0
-0.939,2.184
-1.789,2.042
-1.984,1.905
-1.234,2.057
0.596,-1.902
-2.532,-0.642
-2.526,-1.351
-2.688,1.445
-2.694,0.829
-2.741,-1.21
-2.802,-0.628
-2.799,1.946
-2.701,0.442
-2.896,1.579
-2.749,1.622
-2.898,0.094
-2.951,-1.263
-2.946,1.857
-2.827,-0.391
-2.943,1.226
-2.873,0.215
-2.877,-1.022
-3.074,1.817
-2.949,0.225
-3.024,0.391
-3.016,1.583
3.101,2.07
-3.035,0.073
3.092,-1.359
3.041,-0.66
3.031,1.695
-3.141,0.545
2.932,0.099
3.019,1.042
3.065,-0.949
2.974,-1.076
2.822,2.007
2.953,1.311
2.862,0.91
2.729,0.676
2.7,-0.487
2.581,-0.526
2.359,0.629
2.31,-0.986
2.413,0.527
2.336,-0.749
2.042,1.954
2.069,0.579
1.92,-0.799
1.927,0.432
1.742,-1.665
1.733,-0.255
1.845,0.954
1.682,-1.052
1.801,1.693
1.786,-1.127
1.767,-0.758
1.686,0.498
1.522,0.356
1.56,0.647
1.427,1.525
1.33,-0.235
1.165,0.214
1.263,1.704
1.24,0.639
1.122,0.267
0.867,1.245
0.958,1.023
0.924,-0.697
0.842,-1.202
0.819,1.27
0.7,1.722
0.549,2.046
0.616,0.338
0.631,2.017
0.616,-0.843
0.365,0.546
0.48,1.258
0.307,-0.49
0.412,1.822
0.38,-1.067
0.22,1.954
0.204,1.624
0.314,1.438
0.278,1.418
0.15,1.159
0.102,0.097
0.024,-0.301
0.016,-0.23
-0.038,0.662
-0.12,-0.859
-0.288,0.389
-0.203,1.558
-0.316,2.142
-0.223,0.242
-0.356,-0.941
-0.285,-0.833
-0.574,0.078
-0.724,-1.035
-0.755,-0.619
-0.659,1.634
-0.951,-0.401
-1.116,1.886
-1.301,0.983
-1.292,-0.829
-1.313,-1.2
-1.478,1.52
-1.676,1.055
-1.941,0.106
-2.181,-1.046
-2.262,0.296
-2.283,2.011
2.197,-1.865
1.577,-1.993
1.555,-2.094
1.567,-2.187
0.404,-1.906
0.251,-2.03
-1.441,-2.076
-2.211,-1.97
2.117,2.061
2.006,2.072
1.739,2.118
1.564,2.166
1.416,2.053
-1.94,1.962
-2.664,-0.916
-2.657,0.305
2.253,-0.773
1.409,2.044
-0.638,0.576
-0.904,-0.797
-1.392,-0.934
-2.376,-1.617
-0.97,1.346
-1.356,-0.484
-1.532,-1.139
-1.761,1.664
-2.325,0.507
0.579,0.553
-0.986,-0.359
-0.948,-0.924
3.062,-1.823
1.679,-1.802
-1.34,-1.811
-2.047,-1.795
-2.441,-1.835
2.33,-2.08
1.376,-2.189
0.46,-2.128
-0.133,-2.387
-0.728,-2.361
-2.378,-2.285
-0.031,1.117
-0.062,-0.249
-0.063,1.852
-0.006,1.758
-0.135,1.601
-0.261,2.316
-0.3,1.475
-0.242,0.569
-0.253,0.449
-0.332,1.702
-0.393,0.669
-0.34,0.821
-0.459,2.093
-0.45,0.402
-0.51,2.196
-0.525,-0.688
-0.518,0.842
-0.708,-0.602
-0.81,0.567
-0.789,1.838
-0.983,0.323
-1.051,-1.243
-1.075,0.933
-1.157,1.866
-1.125,0.689
-1.212,-0.622
-1.273,0.834
-1.299,0.041
-1.401,1.809
-1.438,-0.23
-1.489,1.407
-1.551,1.888
-1.511,-0.864
-1.578,2.064
-1.586,-0.235
-1.883,-0.725
-1.855,0.578
-1.949,-0.015
-1.94,-0.629
-1.967,1.284
-2.087,0.001
-2.234,-1.062
-2.26,-0.711
-2.262,-1.027
-2.39,0.596
-2.45,1.431
-2.439,0.382
-2.447,-0.018
-2.476,0.707
-2.402,-0.337
-2.485,1.536
1.52,-1.791
1.206,-1.67
0.878,-1.692
0.608,-1.832
-1.529,-1.729
-1.593,-1.673
-1.932,-1.77
-1.934,-1.74
-2.267,-1.794
-2.396,-1.713
-2.88,2.439
3.051,2.477
2.557,2.482
1.651,2.349
1.523,2.223
0.914,2.277
0.243,2.299
-0.75,2.283
-0.865,2.467
-1.715,2.325
-1.91,2.188
-1.16,2.34
0.67,-1.619
-2.458,-0.359
-2.452,-1.068
-2.614,1.728
-2.62,1.112
-2.667,-0.927
-2.728,-0.345
-2.725,2.229
-2.627,0.725
-2.822,1.862
-2.675,1.905
-2.824,0.377
-2.877,-0.98
-2.872,2.14
-2.753,-0.108
-2.869,1.509
-2.799,0.498
-2.803,-0.739
-3.0,2.1
-2.875,0.508
-2.95,0.674
-2.942,1.866
-3.108,2.353
-2.961,0.356
-3.117,-1.076
3.115,-0.377
3.105,1.978
-3.067,0.828
3.006,0.382
3.093,1.325
3.139,-0.666
3.048,-0.793
2.896,2.29
3.027,1.594
2.936,1.193
2.803,0.959
2.774,-0.204
2.655,-0.243
2.433,0.912
2.384,-0.703
2.487,0.81
2.41,-0.466
2.116,2.237
2.143,0.862
1.994,-0.516
2.001,0.715
1.816,-1.382
1.807,0.028
1.919,1.237
1.756,-0.769
1.875,1.976
1.86,-0.844
1.841,-0.475
1.76,0.781
1.596,0.639
1.634,0.93
1.501,1.808
1.404,0.048
1.239,0.497
1.337,1.987
1.314,0.922
1.196,0.55
0.941,1.528
1.032,1.306
0.998,-0.414
0.916,-0.919
0.893,1.553
0.774,2.005
0.623,2.329
0.69,0.621
0.705,2.3
0.69,-0.56
0.439,0.829
0.554,1.541
0.381,-0.207
0.486,2.105
0.454,-0.784
0.294,2.237
0.278,1.907
0.388,1.721
0.352,1.701
0.224,1.442
0.176,0.38
0.098,-0.018
0.09,0.053
0.036,0.945
-0.046,-0.576
-0.214,0.672
-0.129,1.841
-0.242,2.425
-0.149,0.525
-0.282,-0.658
-0.211,-0.55
-0.5,0.361
-0.65,-0.752
-0.681,-0.336
-0.585,1.917
-0.877,-0.118
-1.042,2.169
-1.227,1.266
-1.218,-0.546
-1.239,-0.917
-1.404,1.803
-1.602,1.338
-1.867,0.389
-2.107,-0.763
-2.188,0.579
-2.209,2.294
2.271,-1.582
1.651,-1.71
1.629,-1.811
1.641,-1.904
0.478,-1.623
0.325,-1.747
-1.367,-1.793
-2.137,-1.687
2.191,2.344
2.08,2.355
1.813,2.401
1.638,2.449
1.49,2.336
-1.866,2.245
-2.59,-0.633
-2.583,0.588
2.327,-0.49
1.483,2.327
-0.564,0.859
-0.83,-0.514
-1.318,-0.651
-2.302,-1.334
-0.896,1.629
-1.282,-0.201
-1.458,-0.856
-1.687,1.947
-2.251,0.79
0.653,0.836
-0.912,-0.076
-0.874,-0.641
3.136,-1.54
1.753,-1.519
-1.266,-1.528
-1.973,-1.512
-2.367,-1.552
2.404,-1.797
1.45,-1.906
0.534,-1.845
-0.059,-2.104
-0.654,-2.078
-2.304,-2.002
-0.031,-1.366
-0.032,0.735
0.025,0.641
-0.104,0.484
-0.23,1.199
-0.269,0.358
-0.211,-0.548
-0.222,-0.668
-0.301,0.585
-0.362,-0.448
-0.309,-0.296
-0.428,0.976
-0.419,-0.715
-0.479,1.079
-0.494,-1.805
-0.487,-0.275
-0.677,-1.719
-0.779,-0.55
-0.758,0.721
-0.952,-0.794
-1.02,-2.36
-1.044,-0.184
-1.126,0.749
-1.094,-0.428
-1.181,-1.739
-1.242,-0.283
-1.268,-1.076
-1.37,0.692
-1.407,-1.347
-1.458,0.29
-1.52,0.771
-1.48,-1.981
-1.547,0.947
-1.555,-1.352
-1.852,-1.842
-1.824,-0.539
-1.918,-1.132
-1.909,-1.746
-1.936,0.167
-2.056,-1.116
-2.203,-2.179
-2.229,-1.828
-2.231,-2.144
-2.359,-0.521
-2.419,0.314
-2.408,-0.735
-2.416,-1.135
-2.445,-0.41
-2.371,-1.454
-2.454,0.419
1.551,-2.908
1.237,-2.787
0.909,-2.809
0.639,-2.949
-1.498,-2.846
-1.562,-2.79
-1.901,-2.887
-1.903,-2.857
-2.236,-2.911
-2.365,-2.83
-2.849,1.322
3.082,1.36
2.588,1.365
1.682,1.232
1.554,1.106
0.945,1.16
0.274,1.182
-0.719,1.166
-0.834,1.35
-1.684,1.208
-1.879,1.071
-1.129,1.223
0.701,-2.736
-2.427,-1.476
-2.421,-2.185
-2.583,0.611
-2.589,-0.005
-2.636,-2.044
-2.697,-1.462
-2.694,1.112
-2.596,-0.392
-2.791,0.745
-2.644,0.788
-2.793,-0.74
-2.846,-2.097
-2.841,1.023
-2.722,-1.225
-2.838,0.392
-2.768,-0.619
-2.772,-1.856
-2.969,0.983
-2.844,-0.609
-2.919,-0.443
-2.911,0.749
-3.077,1.236
-2.93,-0.761
-3.086,-2.193
-3.137,-1.494
3.136,0.861
-3.036,-0.289
3.037,-0.735
3.124,0.208
-3.113,-1.783
3.079,-1.91
2.927,1.173
3.058,0.477
2.967,0.076
2.834,-0.158
2.805,-1.321
2.686,-1.36
2.464,-0.205
2.415,-1.82
2.518,-0.307
2.441,-1.583
2.147,1.12
2.174,-0.255
2.025,-1.633
2.032,-0.402
1.847,-2.499
1.838,-1.089
1.95,0.12
1.787,-1.886
1.906,0.859
1.891,-1.961
1.872,-1.592
1.791,-0.336
1.627,-0.478
1.665,-0.187
1.532,0.691
1.435,-1.069
1.27,-0.62
1.368,0.87
1.345,-0.195
1.227,-0.567
0.972,0.411
1.063,0.189
1.029,-1.531
0.947,-2.036
0.924,0.436
0.805,0.888
0.654,1.212
0.721,-0.496
0.736,1.183
0.721,-1.677
0.47,-0.288
0.585,0.424
0.412,-1.324
0.517,0.988
0.485,-1.901
0.325,1.12
0.309,0.79
0.419,0.604
0.383,0.584
0.255,0.325
0.207,-0.737
0.129,-1.135
0.121,-1.064
0.067,-0.172
-0.015,-1.693
-0.183,-0.445
-0.098,0.724
-0.211,1.308
-0.118,-0.592
-0.251,-1.775
-0.18,-1.667
-0.469,-0.756
-0.619,-1.869
-0.65,-1.453
-0.554,0.8
-0.846,-1.235
-1.011,1.052
-1.196,0.149
-1.187,-1.663
-1.208,-2.034
-1.373,0.686
-1.571,0.221
-1.836,-0.728
-2.076,-1.88
-2.157,-0.538
-2.178,1.177
2.302,-2.699
1.682,-2.827
1.66,-2.928
1.672,-3.021
0.509,-2.74
0.356,-2.864
-1.336,-2.91
-2.106,-2.804
2.222,1.227
2.111,1.238
1.844,1.284
1.669,1.332
1.521,1.219
-1.835,1.128
-2.559,-1.75
-2.552,-0.529
2.358,-1.607
1.514,1.21
-0.533,-0.258
-0.799,-1.631
-1.287,-1.768
-2.271,-2.451
-0.865,0.512
-1.251,-1.318
-1.427,-1.973
-1.656,0.83
-2.22,-0.327
0.684,-0.281
-0.881,-1.193
-0.843,-1.758
-3.116,-2.657
1.784,-2.636
-1.235,-2.645
-1.942,-2.629
-2.336,-2.669
2.435,-2.914
1.481,-3.023
0.565,-2.962
-0.028,-3.221
-0.623,-3.195
-2.273,-3.119
-0.001,2.101
0.056,2.007
-0.073,1.85
-0.199,2.565
-0.238,1.724
-0.18,0.818
-0.191,0.698
-0.27,1.951
-0.331,0.918
-0.278,1.07
-0.397,2.342
-0.388,0.651
-0.448,2.445
-0.463,-0.439
-0.456,1.091
-0.646,-0.353
-0.748,0.816
-0.727,2.087
-0.921,0.572
-0.989,-0.994
-1.013,1.182
-1.095,2.115
-1.063,0.938
-1.15,-0.373
-1.211,1.083
-1.237,0.29
-1.339,2.058
-1.376,0.019
-1.427,1.656
-1.489,2.137
-1.449,-0.615
-1.516,2.313
-1.524,0.014
-1.821,-0.476
-1.793,0.827
-1.887,0.234
-1.878,-0.38
-1.905,1.533
-2.025,0.25
-2.172,-0.813
-2.198,-0.462
-2.2,-0.778
-2.328,0.845
-2.388,1.68
-2.377,0.631
-2.385,0.231
-2.414,0.956
-2.34,-0.088
-2.423,1.785
1.582,-1.542
1.268,-1.421
0.94,-1.443
0.67,-1.583
-1.467,-1.48
-1.531,-1.424
-1.87,-1.521
-1.872,-1.491
-2.205,-1.545
-2.334,-1.464
-2.818,2.688
3.113,2.726
2.619,2.731
1.713,2.598
1.585,2.472
0.976,2.526
0.305,2.548
-0.688,2.532
-0.803,2.716
-1.653,2.574
-1.848,2.437
-1.098,2.589
0.732,-1.37
-2.396,-0.11
-2.39,-0.819
-2.552,1.977
-2.558,1.361
-2.605,-0.678
-2.666,-0.096
-2.663,2.478
-2.565,0.974
-2.76,2.111
-2.613,2.154
-2.762,0.626
-2.815,-0.731
-2.81,2.389
-2.691,0.141
-2.807,1.758
-2.737,0.747
-2.741,-0.49
-2.938,2.349
-2.813,0.757
-2.888,0.923
-2.88,2.115
-3.046,2.602
-2.899,0.605
-3.055,-0.827
-3.106,-0.128
-3.116,2.227
-3.005,1.077
3.068,0.631
-3.128,1.574
-3.082,-0.417
3.11,-0.544
2.958,2.539
3.089,1.843
2.998,1.442
2.865,1.208
2.836,0.045
2.717,0.006
2.495,1.161
2.446,-0.454
2.549,1.059
2.472,-0.217
2.178,2.486
2.205,1.111
2.056,-0.267
2.063,0.964
1.878,-1.133
1.869,0.277
1.981,1.486
1.818,-0.52
1.937,2.225
1.922,-0.595
1.903,-0.226
1.822,1.03
1.658,0.888
1.696,1.179
1.563,2.057
1.466,0.297
1.301,0.746
1.399,2.236
1.376,1.171
1.258,0.799
1.003,1.777
1.094,1.555
1.06,-0.165
0.978,-0.67
0.955,1.802
0.836,2.254
0.685,2.578
0.752,0.87
0.767,2.549
0.752,-0.311
0.501,1.078
0.616,1.79
0.443,0.042
0.548,2.354
0.516,-0.535
0.356,2.486
0.34,2.156
0.45,1.97
0.414,1.95
0.286,1.691
0.238,0.629
0.16,0.231
0.152,0.302
0.098,1.194
0.016,-0.327
-0.152,0.921
-0.067,2.09
-0.18,2.674
-0.087,0.774
-0.22,-0.409
-0.149,-0.301
-0.438,0.61
-0.588,-0.503
-0.619,-0.087
-0.523,2.166
-0.815,0.131
-0.98,2.418
-1.165,1.515
-1.156,-0.297
-1.177,-0.668
-1.342,2.052
-1.54,1.587
-1.805,0.638
-2.045,-0.514
-2.126,0.828
-2.147,2.543
2.333,-1.333
1.713,-1.461
1.691,-1.562
1.703,-1.655
0.54,-1.374
0.387,-1.498
-1.305,-1.544
-2.075,-1.438
2.253,2.593
2.142,2.604
1.875,2.65
1.7,2.698
1.552,2.585
-1.804,2.494
-2.528,-0.384
-2.521,0.837
2.389,-0.241
1.545,2.576
-0.502,1.108
-0.768,-0.265
-1.256,-0.402
-2.24,-1.085
-0.834,1.878
-1.22,0.048
-1.396,-0.607
-1.625,2.196
-2.189,1.039
0.715,1.085
-0.85,0.173
-0.812,-0.392
-3.085,-1.291
1.815,-1.27
-1.204,-1.279
-1.911,-1.263
-2.305,-1.303
2.466,-1.548
1.512,-1.657
0.596,-1.596
0.003,-1.855
-0.592,-1.829
-2.242,-1.753
0.057,-0.094
-0.072,-0.251
-0.198,0.464
-0.237,-0.377
-0.179,-1.283
-0.19,-1.403
-0.269,-0.15
-0.33,-1.183
-0.277,-1.031
-0.396,0.241
-0.387,-1.45
-0.447,0.344
-0.462,-2.54
-0.455,-1.01
-0.645,-2.454
-0.747,-1.285
-0.726,-0.014
-0.92,-1.529
-0.988,-3.095
-1.012,-0.919
-1.094,0.014
-1.062,-1.163
-1.149,-2.474
-1.21,-1.018
-1.236,-1.811
-1.338,-0.043
-1.375,-2.082
-1.426,-0.445
-1.488,0.036
-1.448,-2.716
-1.515,0.212
-1.523,-2.087
-1.82,-2.577
-1.792,-1.274
-1.886,-1.867
-1.877,-2.481
-1.904,-0.568
-2.024,-1.851
-2.171,-2.914
-2.197,-2.563
-2.199,-2.879
-2.327,-1.256
-2.387,-0.421
-2.376,-1.47
-2.384,-1.87
-2.413,-1.145
-2.339,-2.189
-2.422,-0.316
1.583,-3.643
1.269,-3.522
0.941,-3.544
0.671,-3.684
-1.466,-3.581
-1.53,-3.525
-1.869,-3.622
-1.871,-3.592
-2.204,-3.646
-2.333,-3.565
-2.817,0.587
3.114,0.625
2.62,0.63
1.714,0.497
1.586,0.371
0.977,0.425
0.306,0.447
-0.687,0.431
-0.802,0.615
-1.652,0.473
-1.847,0.336
-1.097,0.488
0.733,-3.471
-2.395,-2.211
-2.389,-2.92
-2.551,-0.124
-2.557,-0.74
-2.604,-2.779
-2.665,-2.197
-2.662,0.377
-2.564,-1.127
-2.759,0.01
-2.612,0.053
-2.761,-1.475
-2.814,-2.832
-2.809,0.288
-2.69,-1.96
-2.806,-0.343
-2.736,-1.354
-2.74,-2.591
-2.937,0.248
-2.812,-1.344
-2.887,-1.178
-2.879,0.014
-3.045,0.501
-2.898,-1.496
-3.054,-2.928
-3.105,-2.229
-3.115,0.126
-3.004,-1.024
3.069,-1.47
-3.127,-0.527
-3.081,-2.518
3.111,-2.645
2.959,0.438
3.09,-0.258
2.999,-0.659
2.866,-0.893
2.837,-2.056
2.718,-2.095
2.496,-0.94
2.447,-2.555
2.55,-1.042
2.473,-2.318
2.179,0.385
2.206,-0.99
2.057,-2.368
2.064,-1.137
1.879,-3.234
1.87,-1.824
1.982,-0.615
1.819,-2.621
1.938,0.124
1.923,-2.696
1.904,-2.327
1.823,-1.071
1.659,-1.213
1.697,-0.922
1.564,-0.044
1.467,-1.804
1.302,-1.355
1.4,0.135
1.377,-0.93
1.259,-1.302
1.004,-0.324
1.095,-0.546
1.061,-2.266
0.979,-2.771
0.956,-0.299
0.837,0.153
0.686,0.477
0.753,-1.231
0.768,0.448
0.753,-2.412
0.502,-1.023
0.617,-0.311
0.444,-2.059
0.549,0.253
0.517,-2.636
0.357,0.385
0.341,0.055
0.451,-0.131
0.415,-0.151
0.287,-0.41
0.239,-1.472
0.161,-1.87
0.153,-1.799
0.099,-0.907
0.017,-2.428
-0.151,-1.18
-0.066,-0.011
-0.179,0.573
-0.086,-1.327
-0.219,-2.51
-0.148,-2.402
-0.437,-1.491
-0.587,-2.604
-0.618,-2.188
-0.522,0.065
-0.814,-1.97
-0.979,0.317
-1.164,-0.586
-1.155,-2.398
-1.176,-2.769
-1.341,-0.049
-1.539,-0.514
-1.804,-1.463
-2.044,-2.615
-2.125,-1.273
-2.146,0.442
2.334,-3.434
1.714,-3.562
1.692,-3.663
1.704,-3.756
0.541,-3.475
0.388,-3.599
-1.304,-3.645
-2.074,-3.539
2.254,0.492
2.143,0.503
1.876,0.549
1.701,0.597
1.553,0.484
-1.803,0.393
-2.527,-2.485
-2.52,-1.264
2.39,-2.342
1.546,0.475
-0.501,-0.993
-0.767,-2.366
-1.255,-2.503
-2.239,-3.186
-0.833,-0.223
-1.219,-2.053
-1.395,-2.708
-1.624,0.095
-2.188,-1.062
0.716,-1.016
-0.849,-1.928
-0.811,-2.493
-3.084,-3.392
1.816,-3.371
-1.203,-3.38
-1.91,-3.364
-2.304,-3.404
2.467,-3.649
1.513,-3.758
0.597,-3.697
0.004,-3.956
-0.591,-3.93
-2.241,-3.854
-0.129,-0.157
-0.255,0.558
-0.294,-0.283
-0.236,-1.189
-0.247,-1.309
-0.326,-0.056
-0.387,-1.089
-0.334,-0.937
-0.453,0.335
-0.444,-1.356
-0.504,0.438
-0.519,-2.446
-0.512,-0.916
-0.702,-2.36
-0.804,-1.191
-0.783,0.08
-0.977,-1.435
-1.045,-3.001
-1.069,-0.825
-1.151,0.108
-1.119,-1.069
-1.206,-2.38
-1.267,-0.924
-1.293,-1.717
-1.395,0.051
-1.432,-1.988
-1.483,-0.351
-1.545,0.13
-1.505,-2.622
-1.572,0.306
-1.58,-1.993
-1.877,-2.483
-1.849,-1.18
-1.943,-1.773
-1.934,-2.387
-1.961,-0.474
-2.081,-1.757
-2.228,-2.82
-2.254,-2.469
-2.256,-2.785
-2.384,-1.162
-2.444,-0.327
-2.433,-1.376
-2.441,-1.776
-2.47,-1.051
-2.396,-2.095
-2.479,-0.222
1.526,-3.549
1.212,-3.428
0.884,-3.45
0.614,-3.59
-1.523,-3.487
-1.587,-3.431
-1.926,-3.528
-1.928,-3.498
-2.261,-3.552
-2.39,-3.471
-2.874,0.681
3.057,0.719
2.563,0.724
1.657,0.591
1.529,0.465
0.92,0.519
0.249,0.541
-0.744,0.525
-0.859,0.709
-1.709,0.567
-1.904,0.43
-1.154,0.582
0.676,-3.377
-2.452,-2.117
-2.446,-2.826
-2.608,-0.03
-2.614,-0.646
-2.661,-2.685
-2.722,-2.103
-2.719,0.471
-2.621,-1.033
-2.816,0.104
-2.669,0.147
-2.818,-1.381
-2.871,-2.738
-2.866,0.382
-2.747,-1.866
-2.863,-0.249
-2.793,-1.26
-2.797,-2.497
-2.994,0.342
-2.869,-1.25
-2.944,-1.084
-2.936,0.108
-3.102,0.595
-2.955,-1.402
-3.111,-2.834
3.121,-2.135
3.111,0.22
-3.061,-0.93
3.012,-1.376
3.099,-0.433
-3.138,-2.424
3.054,-2.551
2.902,0.532
3.033,-0.164
2.942,-0.565
2.809,-0.799
2.78,-1.962
2.661,-2.001
2.439,-0.846
2.39,-2.461
2.493,-0.948
2.416,-2.224
2.122,0.479
2.149,-0.896
2.0,-2.274
2.007,-1.043
1.822,-3.14
1.813,-1.73
1.925,-0.521
1.762,-2.527
1.881,0.218
1.866,-2.602
1.847,-2.233
1.766,-0.977
1.602,-1.119
1.64,-0.828
1.507,0.05
1.41,-1.71
1.245,-1.261
1.343,0.229
1.32,-0.836
1.202,-1.208
0.947,-0.23
1.038,-0.452
1.004,-2.172
0.922,-2.677
0.899,-0.205
0.78,0.247
0.629,0.571
0.696,-1.137
0.711,0.542
0.696,-2.318
0.445,-0.929
0.56,-0.217
0.387,-1.965
0.492,0.347
0.46,-2.542
0.3,0.479
0.284,0.149
0.394,-0.037
0.358,-0.057
0.23,-0.316
0.182,-1.378
0.104,-1.776
0.096,-1.705
0.042,-0.813
-0.04,-2.334
-0.208,-1.086
-0.123,0.083
-0.236,0.667
-0.143,-1.233
-0.276,-2.416
-0.205,-2.308
-0.494,-1.397
-0.644,-2.51
-0.675,-2.094
-0.579,0.159
-0.871,-1.876
-1.036,0.411
-1.221,-0.492
-1.212,-2.304
-1.233,-2.675
-1.398,0.045
-1.596,-0.42
-1.861,-1.369
-2.101,-2.521
-2.182,-1.179
-2.203,0.536
2.277,-3.34
1.657,-3.468
1.635,-3.569
1.647,-3.662
0.484,-3.381
0.331,-3.505
-1.361,-3.551
-2.131,-3.445
2.197,0.586
2.086,0.597
1.819,0.643
1.644,0.691
1.496,0.578
-1.86,0.487
-2.584,-2.391
-2.577,-1.17
2.333,-2.248
1.489,0.569
-0.558,-0.899
-0.824,-2.272
-1.312,-2.409
-2.296,-3.092
-0.89,-0.129
-1.276,-1.959
-1.452,-2.614
-1.681,0.189
-2.245,-0.968
0.659,-0.922
-0.906,-1.834
-0.868,-2.399
-3.141,-3.298
1.759,-3.277
-1.26,-3.286
-1.967,-3.27
-2.361,-3.31
2.41,-3.555
1.456,-3.664
0.54,-3.603
-0.053,-3.862
-0.648,-3.836
-2.298,-3.76
-0.126,0.715
-0.165,-0.126
-0.107,-1.032
-0.118,-1.152
-0.197,0.101
-0.258,-0.932
-0.205,-0.78
-0.324,0.492
-0.315,-1.199
-0.375,0.595
-0.39,-2.289
-0.383,-0.759
-0.573,-2.203
-0.675,-1.034
-0.654,0.237
-0.848,-1.278
-0.916,-2.844
-0.94,-0.668
-1.022,0.265
-0.99,-0.912
-1.077,-2.223
-1.138,-0.767
-1.164,-1.56
-1.266,0.208
-1.303,-1.831
-1.354,-0.194
-1.416,0.287
-1.376,-2.465
-1.443,0.463
-1.451,-1.836
-1.748,-2.326
-1.72,-1.023
-1.814,-1.616
-1.805,-2.23
-1.832,-0.317
-1.952,-1.6
-2.099,-2.663
-2.125,-2.312
-2.127,-2.628
-2.255,-1.005
-2.315,-0.17
-2.304,-1.219
-2.312,-1.619
-2.341,-0.894
-2.267,-1.938
-2.35,-0.065
1.655,-3.392
1.341,-3.271
1.013,-3.293
0.743,-3.433
-1.394,-3.33
-1.458,-3.274
-1.797,-3.371
-1.799,-3.341
-2.132,-3.395
-2.261,-3.314
-2.745,0.838
-3.097,0.876
2.692,0.881
1.786,0.748
1.658,0.622
1.049,0.676
0.378,0.698
-0.615,0.682
-0.73,0.866
-1.58,0.724
-1.775,0.587
-1.025,0.739
0.805,-3.22
-2.323,-1.96
-2.317,-2.669
-2.479,0.127
-2.485,-0.489
-2.532,-2.528
-2.593,-1.946
-2.59,0.628
-2.492,-0.876
-2.687,0.261
-2.54,0.304
-2.689,-1.224
-2.742,-2.581
-2.737,0.539
-2.618,-1.709
-2.734,-0.092
-2.664,-1.103
-2.668,-2.34
-2.865,0.499
-2.74,-1.093
-2.815,-0.927
-2.807,0.265
-2.973,0.752
-2.826,-1.245
-2.982,-2.677
-3.033,-1.978
-3.043,0.377
-2.932,-0.773
3.141,-1.219
-3.055,-0.276
-3.009,-2.267
-3.1,-2.394
3.031,0.689
-3.121,-0.007
3.071,-0.408
2.938,-0.642
2.909,-1.805
2.79,-1.844
2.568,-0.689
2.519,-2.304
2.622,-0.791
2.545,-2.067
2.251,0.636
2.278,-0.739
2.129,-2.117
2.136,-0.886
1.951,-2.983
1.942,-1.573
2.054,-0.364
1.891,-2.37
2.01,0.375
1.995,-2.445
1.976,-2.076
1.895,-0.82
1.731,-0.962
1.769,-0.671
1.636,0.207
1.539,-1.553
1.374,-1.104
1.472,0.386
1.449,-0.679
1.331,-1.051
1.076,-0.073
1.167,-0.295
1.133,-2.015
1.051,-2.52
1.028,-0.048
0.909,0.404
0.758,0.728
0.825,-0.98
0.84,0.699
0.825,-2.161
0.574,-0.772
0.689,-0.06
0.516,-1.808
0.621,0.504
0.589,-2.385
0.429,0.636
0.413,0.306
0.523,0.12
0.487,0.1
0.359,-0.159
0.311,-1.221
0.233,-1.619
0.225,-1.548
0.171,-0.656
0.089,-2.177
-0.079,-0.929
0.006,0.24
-0.107,0.824
-0.014,-1.076
-0.147,-2.259
-0.076,-2.151
-0.365,-1.24
-0.515,-2.353
-0.546,-1.937
-0.45,0.316
-0.742,-1.719
-0.907,0.568
-1.092,-0.335
-1.083,-2.147
-1.104,-2.518
-1.269,0.202
-1.467,-0.263
-1.732,-1.212
-1.972,-2.364
-2.053,-1.022
-2.074,0.693
2.406,-3.183
1.786,-3.311
1.764,-3.412
1.776,-3.505
0.613,-3.224
0.46,-3.348
-1.232,-3.394
-2.002,-3.288
2.326,0.743
2.215,0.754
1.948,0.8
1.773,0.848
1.625,0.735
-1.731,0.644
-2.455,-2.234
-2.448,-1.013
2.462,-2.091
1.618,0.726
-0.429,-0.742
-0.695,-2.115
-1.183,-2.252
-2.167,-2.935
-0.761,0.028
-1.147,-1.802
-1.323,-2.457
-1.552,0.346
-2.116,-0.811
0.788,-0.765
-0.777,-1.677
-0.739,-2.242
-3.012,-3.141
1.888,-3.12
-1.131,-3.129
-1.838,-3.113
-2.232,-3.153
2.539,-3.398
1.585,-3.507
0.669,-3.446
0.076,-3.705
-0.519,-3.679
-2.169,-3.603
-0.039,-0.841
0.019,-1.747
0.008,-1.867
-0.071,-0.614
-0.132,-1.647
-0.079,-1.495
-0.198,-0.223
-0.189,-1.914
-0.249,-0.12
-0.264,-3.004
-0.257,-1.474
-0.447,-2.918
-0.549,-1.749
-0.528,-0.478
-0.722,-1.993
-0.79,-3.559
-0.814,-1.383
-0.896,-0.45
-0.864,-1.627
-0.951,-2.938
-1.012,-1.482
-1.038,-2.275
-1.14,-0.507
-1.177,-2.546
-1.228,-0.909
-1.29,-0.428
-1.25,-3.18
-1.317,-0.252
-1.325,-2.551
-1.622,-3.041
-1.594,-1.738
-1.688,-2.331
-1.679,-2.945
-1.706,-1.032
-1.826,-2.315
-1.973,-3.378
-1.999,-3.027
-2.001,-3.343
-2.129,-1.72
-2.189,-0.885
-2.178,-1.934
-2.186,-2.334
-2.215,-1.609
-2.141,-2.653
-2.224,-0.78
1.781,-4.107
1.467,-3.986
1.139,-4.008
0.869,-4.148
-1.268,-4.045
-1.332,-3.989
-1.671,-4.086
-1.673,-4.056
-2.006,-4.11
-2.135,-4.029
-2.619,0.123
-2.971,0.161
2.818,0.166
1.912,0.033
1.784,-0.093
1.175,-0.039
0.504,-0.017
-0.489,-0.033
-0.604,0.151
-1.454,0.009
-1.649,-0.128
-0.899,0.024
0.931,-3.935
-2.197,-2.675
-2.191,-3.384
-2.353,-0.588
-2.359,-1.204
-2.406,-3.243
-2.467,-2.661
-2.464,-0.087
-2.366,-1.591
-2.561,-0.454
-2.414,-0.411
-2.563,-1.939
-2.616,-3.296
-2.611,-0.176
-2.492,-2.424
-2.608,-0.807
-2.538,-1.818
-2.542,-3.055
-2.739,-0.216
-2.614,-1.808
-2.689,-1.642
-2.681,-0.45
-2.847,0.037
-2.7,-1.96
-2.856,-3.392
-2.907,-2.693
-2.917,-0.338
-2.806,-1.488
-3.016,-1.934
-2.929,-0.991
-2.883,-2.982
-2.974,-3.109
-3.126,-0.026
-2.995,-0.722
-3.086,-1.123
3.064,-1.357
3.035,-2.52
2.916,-2.559
2.694,-1.404
2.645,-3.019
2.748,-1.506
2.671,-2.782
2.377,-0.079
2.404,-1.454
2.255,-2.832
2.262,-1.601
2.077,-3.698
2.068,-2.288
2.18,-1.079
2.017,-3.085
2.136,-0.34
2.121,-3.16
2.102,-2.791
2.021,-1.535
1.857,-1.677
1.895,-1.386
1.762,-0.508
1.665,-2.268
1.5,-1.819
1.598,-0.329
1.575,-1.394
1.457,-1.766
1.202,-0.788
1.293,-1.01
1.259,-2.73
1.177,-3.235
1.154,-0.763
1.035,-0.311
0.884,0.013
0.951,-1.695
0.966,-0.016
0.951,-2.876
0.7,-1.487
0.815,-0.775
0.642,-2.523
0.747,-0.211
0.715,-3.1
0.555,-0.079
0.539,-0.409
0.649,-0.595
0.613,-0.615
0.485,-0.874
0.437,-1.936
0.359,-2.334
0.351,-2.263
0.297,-1.371
0.215,-2.892
0.047,-1.644
0.132,-0.475
0.019,0.109
0.112,-1.791
-0.021,-2.974
0.05,-2.866
-0.239,-1.955
-0.389,-3.068
-0.42,-2.652
-0.324,-0.399
-0.616,-2.434
-0.781,-0.147
-0.966,-1.05
-0.957,-2.862
-0.978,-3.233
-1.143,-0.513
-1.341,-0.978
-1.606,-1.927
-1.846,-3.079
-1.927,-1.737
-1.948,-0.022
2.532,-3.898
1.912,-4.026
1.89,-4.127
1.902,-4.22
0.739,-3.939
0.586,-4.063
-1.106,-4.109
-1.876,-4.003
2.452,0.028
2.341,0.039
2.074,0.085
1.899,0.133
1.751,0.02
-1.605,-0.071
-2.329,-2.949
-2.322,-1.728
2.588,-2.806
1.744,0.011
-0.303,-1.457
-0.569,-2.83
-1.057,-2.967
-2.041,-3.65
-0.635,-0.687
-1.021,-2.517
-1.197,-3.172
-1.426,-0.369
-1.99,-1.526
0.914,-1.48
-0.651,-2.392
-0.613,-2.957
-2.886,-3.856
2.014,-3.835
-1.005,-3.844
-1.712,-3.828
-2.106,-3.868
2.665,-4.113
1.711,-4.222
0.795,-4.161
0.202,-4.42
-0.393,-4.394
-2.043,-4.318
0.058,-0.906
0.047,-1.026
-0.032,0.227
-0.093,-0.806
-0.04,-0.654
-0.159,0.618
-0.15,-1.073
-0.21,0.721
-0.225,-2.163
-0.218,-0.633
-0.408,-2.077
-0.51,-0.908
-0.489,0.363
-0.683,-1.152
-0.751,-2.718
-0.775,-0.542
-0.857,0.391
-0.825,-0.786
-0.912,-2.097
-0.973,-0.641
-0.999,-1.434
-1.101,0.334
-1.138,-1.705
-1.189,-0.068
-1.251,0.413
-1.211,-2.339
-1.278,0.589
-1.286,-1.71
-1.583,-2.2
-1.555,-0.897
-1.649,-1.49
-1.64,-2.104
-1.667,-0.191
-1.787,-1.474
-1.934,-2.537
-1.96,-2.186
-1.962,-2.502
-2.09,-0.879
-2.15,-0.044
-2.139,-1.093
-2.147,-1.493
-2.176,-0.768
-2.102,-1.812
-2.185,0.061
1.82,-3.266
1.506,-3.145
1.178,-3.167
0.908,-3.307
-1.229,-3.204
-1.293,-3.148
-1.632,-3.245
-1.634,-3.215
-1.967,-3.269
-2.096,-3.188
-2.58,0.964
-2.932,1.002
2.857,1.007
1.951,0.874
1.823,0.748
1.214,0.802
0.543,0.824
-0.45,0.808
-0.565,0.992
-1.415,0.85
-1.61,0.713
-0.86,0.865
0.97,-3.094
-2.158,-1.834
-2.152,-2.543
-2.314,0.253
-2.32,-0.363
-2.367,-2.402
-2.428,-1.82
-2.425,0.754
-2.327,-0.75
-2.522,0.387
-2.375,0.43
-2.524,-1.098
-2.577,-2.455
-2.572,0.665
-2.453,-1.583
-2.569,0.034
-2.499,-0.977
-2.503,-2.214
-2.7,0.625
-2.575,-0.967
-2.65,-0.801
-2.642,0.391
-2.808,0.878
-2.661,-1.119
-2.817,-2.551
-2.868,-1.852
-2.878,0.503
-2.767,-0.647
-2.977,-1.093
-2.89,-0.15
-2.844,-2.141
-2.935,-2.268
-3.087,0.815
-2.956,0.119
-3.047,-0.282
3.103,-0.516
3.074,-1.679
2.955,-1.718
2.733,-0.563
2.684,-2.178
2.787,-0.665
2.71,-1.941
2.416,0.762
2.443,-0.613
2.294,-1.991
2.301,-0.76
2.116,-2.857
2.107,-1.447
2.219,-0.238
2.056,-2.244
2.175,0.501
2.16,-2.319
2.141,-1.95
2.06,-0.694
1.896,-0.836
1.934,-0.545
1.801,0.333
1.704,-1.427
1.539,-0.978
1.637,0.512
1.614,-0.553
1.496,-0.925
1.241,0.053
1.332,-0.169
1.298,-1.889
1.216,-2.394
1.193,0.078
1.074,0.53
0.923,0.854
0.99,-0.854
1.005,0.825
0.99,-2.035
0.739,-0.646
0.854,0.066
0.681,-1.682
0.786,0.63
0.754,-2.259
0.594,0.762
0.578,0.432
0.688,0.246
0.652,0.226
0.524,-0.033
0.476,-1.095
0.398,-1.493
0.39,-1.422
0.336,-0.53
0.254,-2.051
0.086,-0.803
0.171,0.366
0.058,0.95
0.151,-0.95
0.018,-2.133
0.089,-2.025
-0.2,-1.114
-0.35,-2.227
-0.381,-1.811
-0.285,0.442
-0.577,-1.593
-0.742,0.694
-0.927,-0.209
-0.918,-2.021
-0.939,-2.392
-1.104,0.328
-1.302,-0.137
-1.567,-1.086
-1.807,-2.238
-1.888,-0.896
-1.909,0.819
2.571,-3.057
1.951,-3.185
1.929,-3.286
1.941,-3.379
0.778,-3.098
0.625,-3.222
-1.067,-3.268
-1.837,-3.162
2.491,0.869
2.38,0.88
2.113,0.926
1.938,0.974
1.79,0.861
-1.566,0.77
-2.29,-2.108
-2.283,-0.887
2.627,-1.965
1.783,0.852
-0.264,-0.616
-0.53,-1.989
-1.018,-2.126
-2.002,-2.809
-0.596,0.154
-0.982,-1.676
-1.158,-2.331
-1.387,0.472
-1.951,-0.685
0.953,-0.639
-0.612,-1.551
-0.574,-2.116
-2.847,-3.015
2.053,-2.994
-0.966,-3.003
-1.673,-2.987
-2.067,-3.027
2.704,-3.272
1.75,-3.381
0.834,-3.32
0.241,-3.579
-0.354,-3.553
-2.004,-3.477
-0.011,-0.12
-0.09,1.133
-0.151,0.1
-0.098,0.252
-0.217,1.524
-0.208,-0.167
-0.268,1.627
-0.283,-1.257
-0.276,0.273
-0.466,-1.171
-0.568,-0.002
-0.547,1.269
-0.741,-0.246
-0.809,-1.812
-0.833,0.364
-0.915,1.297
-0.883,0.12
-0.97,-1.191
-1.031,0.265
-1.057,-0.528
-1.159,1.24
-1.196,-0.799
-1.247,0.838
-1.309,1.319
-1.269,-1.433
-1.336,1.495
-1.344,-0.804
-1.641,-1.294
-1.613,0.009
-1.707,-0.584
-1.698,-1.198
-1.725,0.715
-1.845,-0.568
-1.992,-1.631
-2.018,-1.28
-2.02,-1.596
-2.148,0.027
-2.208,0.862
-2.197,-0.187
-2.205,-0.587
-2.234,0.138
-2.16,-0.906
-2.243,0.967
1.762,-2.36
1.448,-2.239
1.12,-2.261
0.85,-2.401
-1.287,-2.298
-1.351,-2.242
-1.69,-2.339
-1.692,-2.309
-2.025,-2.363
-2.154,-2.282
-2.638,1.87
-2.99,1.908
2.799,1.913
1.893,1.78
1.765,1.654
1.156,1.708
0.485,1.73
-0.508,1.714
-0.623,1.898
-1.473,1.756
-1.668,1.619
-0.918,1.771
0.912,-2.188
-2.216,-0.928
-2.21,-1.637
-2.372,1.159
-2.378,0.543
-2.425,-1.496
-2.486,-0.914
-2.483,1.66
-2.385,0.156
-2.58,1.293
-2.433,1.336
-2.582,-0.192
-2.635,-1.549
-2.63,1.571
-2.511,-0.677
-2.627,0.94
-2.557,-0.071
-2.561,-1.308
-2.758,1.531
-2.633,-0.061
-2.708,0.105
-2.7,1.297
-2.866,1.784
-2.719,-0.213
-2.875,-1.645
-2.926,-0.946
-2.936,1.409
-2.825,0.259
-3.035,-0.187
-2.948,0.756
-2.902,-1.235
-2.993,-1.362
3.138,1.721
-3.014,1.025
-3.105,0.624
3.045,0.39
3.016,-0.773
2.897,-0.812
2.675,0.343
2.626,-1.272
2.729,0.241
2.652,-1.035
2.358,1.668
2.385,0.293
2.236,-1.085
2.243,0.146
2.058,-1.951
2.049,-0.541
2.161,0.668
1.998,-1.338
2.117,1.407
2.102,-1.413
2.083,-1.044
2.002,0.212
1.838,0.07
1.876,0.361
1.743,1.239
1.646,-0.521
1.481,-0.072
1.579,1.418
1.556,0.353
1.438,-0.019
1.183,0.959
1.274,0.737
1.24,-0.983
1.158,-1.488
1.135,0.984
1.016,1.436
0.865,1.76
0.932,0.052
0.947,1.731
0.932,-1.129
0.681,0.26
0.796,0.972
0.623,-0.776
0.728,1.536
0.696,-1.353
0.536,1.668
0.52,1.338
0.63,1.152
0.594,1.132
0.466,0.873
0.418,-0.189
0.34,-0.587
0.332,-0.516
0.278,0.376
0.196,-1.145
0.028,0.103
0.113,1.272
0.0,1.856
0.093,-0.044
-0.04,-1.227
0.031,-1.119
-0.258,-0.208
-0.408,-1.321
-0.439,-0.905
-0.343,1.348
-0.635,-0.687
-0.8,1.6
-0.985,0.697
-0.976,-1.115
-0.997,-1.486
-1.162,1.234
-1.36,0.769
-1.625,-0.18
-1.865,-1.332
-1.946,0.01
-1.967,1.725
2.513,-2.151
1.893,-2.279
1.871,-2.38
1.883,-2.473
0.72,-2.192
0.567,-2.316
-1.125,-2.362
-1.895,-2.256
2.433,1.775
2.322,1.786
2.055,1.832
1.88,1.88
1.732,1.767
-1.624,1.676
-2.348,-1.202
-2.341,0.019
2.569,-1.059
1.725,1.758
-0.322,0.29
-0.588,-1.083
-1.076,-1.22
-2.06,-1.903
-0.654,1.06
-1.04,-0.77
-1.216,-1.425
-1.445,1.378
-2.009,0.221
0.895,0.267
-0.67,-0.645
-0.632,-1.21
-2.905,-2.109
1.995,-2.088
-1.024,-2.097
-1.731,-2.081
-2.125,-2.121
2.646,-2.366
1.692,-2.475
0.776,-2.414
0.183,-2.673
-0.412,-2.647
-2.062,-2.571
-0.079,1.253
-0.14,0.22
-0.087,0.372
-0.206,1.644
-0.197,-0.047
-0.257,1.747
-0.272,-1.137
-0.265,0.393
-0.455,-1.051
-0.557,0.118
-0.536,1.389
-0.73,-0.126
-0.798,-1.692
-0.822,0.484
-0.904,1.417
-0.872,0.24
-0.959,-1.071
-1.02,0.385
-1.046,-0.408
-1.148,1.36
-1.185,-0.679
-1.236,0.958
-1.298,1.439
-1.258,-1.313
-1.325,1.615
-1.333,-0.684
-1.63,-1.174
-1.602,0.129
-1.696,-0.464
-1.687,-1.078
-1.714,0.835
-1.834,-0.448
-1.981,-1.511
-2.007,-1.16
-2.009,-1.476
-2.137,0.147
-2.197,0.982
-2.186,-0.067
-2.194,-0.467
-2.223,0.258
-2.149,-0.786
-2.232,1.087
1.773,-2.24
1.459,-2.119
1.131,-2.141
0.861,-2.281
-1.276,-2.178
-1.34,-2.122
-1.679,-2.219
-1.681,-2.189
-2.014,-2.243
-2.143,-2.162
-2.627,1.99
-2.979,2.028
2.81,2.033
1.904,1.9
1.776,1.774
1.167,1.828
0.496,1.85
-0.497,1.834
-0.612,2.018
-1.462,1.876
-1.657,1.739
-0.907,1.891
0.923,-2.068
-2.205,-0.808
-2.199,-1.517
-2.361,1.279
-2.367,0.663
-2.414,-1.376
-2.475,-0.794
-2.472,1.78
-2.374,0.276
-2.569,1.413
-2.422,1.456
-2.571,-0.072
-2.624,-1.429
-2.619,1.691
-2.5,-0.557
-2.616,1.06
-2.546,0.049
-2.55,-1.188
-2.747,1.651
-2.622,0.059
-2.697,0.225
-2.689,1.417
-2.855,1.904
-2.708,-0.093
-2.864,-1.525
-2.915,-0.826
-2.925,1.529
-2.814,0.379
-3.024,-0.067
-2.937,0.876
-2.891,-1.115
-2.982,-1.242
-3.134,1.841
-3.003,1.145
-3.094,0.744
3.056,0.51
3.027,-0.653
2.908,-0.692
2.686,0.463
2.637,-1.152
2.74,0.361
2.663,-0.915
2.369,1.788
2.396,0.413
2.247,-0.965
2.254,0.266
2.069,-1.831
2.06,-0.421
2.172,0.788
2.009,-1.218
2.128,1.527
2.113,-1.293
2.094,-0.924
2.013,0.332
1.849,0.19
1.887,0.481
1.754,1.359
1.657,-0.401
1.492,0.048
1.59,1.538
1.567,0.473
1.449,0.101
1.194,1.079
1.285,0.857
1.251,-0.863
1.169,-1.368
1.146,1.104
1.027,1.556
0.876,1.88
0.943,0.172
0.958,1.851
0.943,-1.009
0.692,0.38
0.807,1.092
0.634,-0.656
0.739,1.656
0.707,-1.233
0.547,1.788
0.531,1.458
0.641,1.272
0.605,1.252
0.477,0.993
0.429,-0.069
0.351,-0.467
0.343,-0.396
0.289,0.496
0.207,-1.025
0.039,0.223
0.124,1.392
0.011,1.976
0.104,0.076
-0.029,-1.107
0.042,-0.999
-0.247,-0.088
-0.397,-1.201
-0.428,-0.785
-0.332,1.468
-0.624,-0.567
-0.789,1.72
-0.974,0.817
-0.965,-0.995
-0.986,-1.366
-1.151,1.354
-1.349,0.889
-1.614,-0.06
-1.854,-1.212
-1.935,0.13
-1.956,1.845
2.524,-2.031
1.904,-2.159
1.882,-2.26
1.894,-2.353
0.731,-2.072
0.578,-2.196
-1.114,-2.242
-1.884,-2.136
2.444,1.895
2.333,1.906
2.066,1.952
1.891,2.0
1.743,1.887
-1.613,1.796
-2.337,-1.082
-2.33,0.139
2.58,-0.939
1.736,1.878
-0.311,0.41
-0.577,-0.963
-1.065,-1.1
-2.049,-1.783
-0.643,1.18
-1.029,-0.65
-1.205,-1.305
-1.434,1.498
-1.998,0.341
0.906,0.387
-0.659,-0.525
-0.621,-1.09
-2.894,-1.989
2.006,-1.968
-1.013,-1.977
-1.72,-1.961
-2.114,-2.001
2.657,-2.246
1.703,-2.355
0.787,-2.294
0.194,-2.553
-0.401,-2.527
-2.051,-2.451
-0.061,-1.033
-0.008,-0.881
-0.127,0.391
-0.118,-1.3
-0.178,0.494
-0.193,-2.39
-0.186,-0.86
-0.376,-2.304
-0.478,-1.135
-0.457,0.136
-0.651,-1.379
-0.719,-2.945
-0.743,-0.769
-0.825,0.164
-0.793,-1.013
-0.88,-2.324
-0.941,-0.868
-0.967,-1.661
-1.069,0.107
-1.106,-1.932
-1.157,-0.295
-1.219,0.186
-1.179,-2.566
-1.246,0.362
-1.254,-1.937
-1.551,-2.427
-1.523,-1.124
-1.617,-1.717
-1.608,-2.331
-1.635,-0.418
-1.755,-1.701
-1.902,-2.764
-1.928,-2.413
-1.93,-2.729
-2.058,-1.106
-2.118,-0.271
-2.107,-1.32
-2.115,-1.72
-2.144,-0.995
-2.07,-2.039
-2.153,-0.166
1.852,-3.493
1.538,-3.372
1.21,-3.394
0.94,-3.534
-1.197,-3.431
-1.261,-3.375
-1.6,-3.472
-1.602,-3.442
-1.935,-3.496
-2.064,-3.415
-2.548,0.737
-2.9,0.775
2.889,0.78
1.983,0.647
1.855,0.521
1.246,0.575
0.575,0.597
-0.418,0.581
-0.533,0.765
-1.383,0.623
-1.578,0.486
-0.828,0.638
1.002,-3.321
-2.126,-2.061
-2.12,-2.77
-2.282,0.026
-2.288,-0.59
-2.335,-2.629
-2.396,-2.047
-2.393,0.527
-2.295,-0.977
-2.49,0.16
-2.343,0.203
-2.492,-1.325
-2.545,-2.682
-2.54,0.438
-2.421,-1.81
-2.537,-0.193
-2.467,-1.204
-2.471,-2.441
-2.668,0.398
-2.543,-1.194
-2.618,-1.028
-2.61,0.164
-2.776,0.651
-2.629,-1.346
-2.785,-2.778
-2.836,-2.079
-2.846,0.276
-2.735,-0.874
-2.945,-1.32
-2.858,-0.377
-2.812,-2.368
-2.903,-2.495
-3.055,0.588
-2.924,-0.108
-3.015,-0.509
3.135,-0.743
3.106,-1.906
2.987,-1.945
2.765,-0.79
2.716,-2.405
2.819,-0.892
2.742,-2.168
2.448,0.535
2.475,-0.84
2.326,-2.218
2.333,-0.987
2.148,-3.084
2.139,-1.674
2.251,-0.465
2.088,-2.471
2.207,0.274
2.192,-2.546
2.173,-2.177
2.092,-0.921
1.928,-1.063
1.966,-0.772
1.833,0.106
1.736,-1.654
1.571,-1.205
1.669,0.285
1.646,-0.78
1.528,-1.152
1.273,-0.174
1.364,-0.396
1.33,-2.116
1.248,-2.621
1.225,-0.149
1.106,0.303
0.955,0.627
1.022,-1.081
1.037,0.598
1.022,-2.262
0.771,-0.873
0.886,-0.161
0.713,-1.909
0.818,0.403
0.786,-2.486
0.626,0.535
0.61,0.205
0.72,0.019
0.684,-0.001
0.556,-0.26
0.508,-1.322
0.43,-1.72
0.422,-1.649
0.368,-0.757
0.286,-2.278
0.118,-1.03
0.203,0.139
0.09,0.723
0.183,-1.177
0.05,-2.36
0.121,-2.252
-0.168,-1.341
-0.318,-2.454
-0.349,-2.038
-0.253,0.215
-0.545,-1.82
-0.71,0.467
-0.895,-0.436
-0.886,-2.248
-0.907,-2.619
-1.072,0.101
-1.27,-0.364
-1.535,-1.313
-1.775,-2.465
-1.856,-1.123
-1.877,0.592
2.603,-3.284
1.983,-3.412
1.961,-3.513
1.973,-3.606
0.81,-3.325
0.657,-3.449
-1.035,-3.495
-1.805,-3.389
2.523,0.642
2.412,0.653
2.145,0.699
1.97,0.747
1.822,0.634
-1.534,0.543
-2.258,-2.335
-2.251,-1.114
2.659,-2.192
1.815,0.625
-0.232,-0.843
-0.498,-2.216
-0.986,-2.353
-1.97,-3.036
-0.564,-0.073
-0.95,-1.903
-1.126,-2.558
-1.355,0.245
-1.919,-0.912
0.985,-0.866
-0.58,-1.778
-0.542,-2.343
-2.815,-3.242
2.085,-3.221
-0.934,-3.23
-1.641,-3.214
-2.035,-3.254
2.736,-3.499
1.782,-3.608
0.866,-3.547
0.273,-3.806
-0.322,-3.78
-1.972,-3.704
0.053,0.152
-0.066,1.424
-0.057,-0.267
-0.117,1.527
-0.132,-1.357
-0.125,0.173
-0.315,-1.271
-0.417,-0.102
-0.396,1.169
-0.59,-0.346
-0.658,-1.912
-0.682,0.264
-0.764,1.197
-0.732,0.02
-0.819,-1.291
-0.88,0.165
-0.906,-0.628
-1.008,1.14
-1.045,-0.899
-1.096,0.738
-1.158,1.219
-1.118,-1.533
-1.185,1.395
-1.193,-0.904
-1.49,-1.394
-1.462,-0.091
-1.556,-0.684
-1.547,-1.298
-1.574,0.615
-1.694,-0.668
-1.841,-1.731
-1.867,-1.38
-1.869,-1.696
-1.997,-0.073
-2.057,0.762
-2.046,-0.287
-2.054,-0.687
-2.083,0.038
-2.009,-1.006
-2.092,0.867
1.913,-2.46
1.599,-2.339
1.271,-2.361
1.001,-2.501
-1.136,-2.398
-1.2,-2.342
-1.539,-2.439
-1.541,-2.409
-1.874,-2.463
-2.003,-2.382
-2.487,1.77
-2.839,1.808
2.95,1.813
2.044,1.68
1.916,1.554
1.307,1.608
0.636,1.63
-0.357,1.614
-0.472,1.798
-1.322,1.656
-1.517,1.519
-0.767,1.671
1.063,-2.288
-2.065,-1.028
-2.059,-1.737
-2.221,1.059
-2.227,0.443
-2.274,-1.596
-2.335,-1.014
-2.332,1.56
-2.234,0.056
-2.429,1.193
-2.282,1.236
-2.431,-0.292
-2.484,-1.649
-2.479,1.471
-2.36,-0.777
-2.476,0.84
-2.406,-0.171
-2.41,-1.408
-2.607,1.431
-2.482,-0.161
-2.557,0.005
-2.549,1.197
-2.715,1.684
-2.568,-0.313
-2.724,-1.745
-2.775,-1.046
-2.785,1.309
-2.674,0.159
-2.884,-0.287
-2.797,0.656
-2.751,-1.335
-2.842,-1.462
-2.994,1.621
-2.863,0.925
-2.954,0.524
-3.087,0.29
-3.116,-0.873
3.048,-0.912
2.826,0.243
2.777,-1.372
2.88,0.141
2.803,-1.135
2.509,1.568
2.536,0.193
2.387,-1.185
2.394,0.046
2.209,-2.051
2.2,-0.641
2.312,0.568
2.149,-1.438
2.268,1.307
2.253,-1.513
2.234,-1.144
2.153,0.112
1.989,-0.03
2.027,0.261
1.894,1.139
1.797,-0.621
1.632,-0.172
1.73,1.318
1.707,0.253
1.589,-0.119
1.334,0.859
1.425,0.637
1.391,-1.083
1.309,-1.588
1.286,0.884
1.167,1.336
1.016,1.66
1.083,-0.048
1.098,1.631
1.083,-1.229
0.832,0.16
0.947,0.872
0.774,-0.876
0.879,1.436
0.847,-1.453
0.687,1.568
0.671,1.238
0.781,1.052
0.745,1.032
0.617,0.773
0.569,-0.289
0.491,-0.687
0.483,-0.616
0.429,0.276
0.347,-1.245
0.179,0.003
0.264,1.172
0.151,1.756
0.244,-0.144
0.111,-1.327
0.182,-1.219
-0.107,-0.308
-0.257,-1.421
-0.288,-1.005
-0.192,1.248
-0.484,-0.787
-0.649,1.5
-0.834,0.597
-0.825,-1.215
-0.846,-1.586
-1.011,1.134
-1.209,0.669
-1.474,-0.28
-1.714,-1.432
-1.795,-0.09
-1.816,1.625
2.664,-2.251
2.044,-2.379
2.022,-2.48
2.034,-2.573
0.871,-2.292
0.718,-2.416
-0.974,-2.462
-1.744,-2.356
2.584,1.675
2.473,1.686
2.206,1.732
2.031,1.78
1.883,1.667
-1.473,1.576
-2.197,-1.302
-2.19,-0.081
2.72,-1.159
1.876,1.658
-0.171,0.19
-0.437,-1.183
-0.925,-1.32
-1.909,-2.003
-0.503,0.96
-0.889,-0.87
-1.065,-1.525
-1.294,1.278
-1.858,0.121
1.046,0.167
-0.519,-0.745
-0.481,-1.31
-2.754,-2.209
2.146,-2.188
-0.873,-2.197
-1.58,-2.181
-1.974,-2.221
2.797,-2.466
1.843,-2.575
0.927,-2.514
0.334,-2.773
-0.261,-2.747
-1.911,-2.671
-0.119,1.272
-0.11,-0.419
-0.17,1.375
-0.185,-1.509
-0.178,0.021
-0.368,-1.423
-0.47,-0.254
-0.449,1.017
-0.643,-0.498
-0.711,-2.064
-0.735,0.112
-0.817,1.045
-0.785,-0.132
-0.872,-1.443
-0.933,0.013
-0.959,-0.78
-1.061,0.988
-1.098,-1.051
-1.149,0.586
-1.211,1.067
-1.171,-1.685
-1.238,1.243
-1.246,-1.056
-1.543,-1.546
-1.515,-0.243
-1.609,-0.836
-1.6,-1.45
-1.627,0.463
-1.747,-0.82
-1.894,-1.883
-1.92,-1.532
-1.922,-1.848
-2.05,-0.225
-2.11,0.61
-2.099,-0.439
-2.107,-0.839
-2.136,-0.114
-2.062,-1.158
-2.145,0.715
1.86,-2.612
1.546,-2.491
1.218,-2.513
0.948,-2.653
-1.189,-2.55
-1.253,-2.494
-1.592,-2.591
-1.594,-2.561
-1.927,-2.615
-2.056,-2.534
-2.54,1.618
-2.892,1.656
2.897,1.661
1.991,1.528
1.863,1.402
1.254,1.456
0.583,1.478
-0.41,1.462
-0.525,1.646
-1.375,1.504
-1.57,1.367
-0.82,1.519
1.01,-2.44
-2.118,-1.18
-2.112,-1.889
-2.274,0.907
-2.28,0.291
-2.327,-1.748
-2.388,-1.166
-2.385,1.408
-2.287,-0.096
-2.482,1.041
-2.335,1.084
-2.484,-0.444
-2.537,-1.801
-2.532,1.319
-2.413,-0.929
-2.529,0.688
-2.459,-0.323
-2.463,-1.56
-2.66,1.279
-2.535,-0.313
-2.61,-0.147
-2.602,1.045
-2.768,1.532
-2.621,-0.465
-2.777,-1.897
-2.828,-1.198
-2.838,1.157
-2.727,0.007
-2.937,-0.439
-2.85,0.504
-2.804,-1.487
-2.895,-1.614
-3.047,1.469
-2.916,0.773
-3.007,0.372
-3.14,0.138
3.114,-1.025
2.995,-1.064
2.773,0.091
2.724,-1.524
2.827,-0.011
2.75,-1.287
2.456,1.416
2.483,0.041
2.334,-1.337
2.341,-0.106
2.156,-2.203
2.147,-0.793
2.259,0.416
2.096,-1.59
2.215,1.155
2.2,-1.665
2.181,-1.296
2.1,-0.04
1.936,-0.182
1.974,0.109
1.841,0.987
1.744,-0.773
1.579,-0.324
1.677,1.166
1.654,0.101
1.536,-0.271
1.281,0.707
1.372,0.485
1.338,-1.235
1.256,-1.74
1.233,0.732
1.114,1.184
0.963,1.508
1.03,-0.2
1.045,1.479
1.03,-1.381
0.779,0.008
0.894,0.72
0.721,-1.028
0.826,1.284
0.794,-1.605
0.634,1.416
0.618,1.086
0.728,0.9
0.692,0.88
0.564,0.621
0.516,-0.441
0.438,-0.839
0.43,-0.768
0.376,0.124
0.294,-1.397
0.126,-0.149
0.211,1.02
0.098,1.604
0.191,-0.296
0.058,-1.479
0.129,-1.371
-0.16,-0.46
-0.31,-1.573
-0.341,-1.157
-0.245,1.096
-0.537,-0.939
-0.702,1.348
-0.887,0.445
-0.878,-1.367
-0.899,-1.738
-1.064,0.982
-1.262,0.517
-1.527,-0.432
-1.767,-1.584
-1.848,-0.242
-1.869,1.473
2.611,-2.403
1.991,-2.531
1.969,-2.632
1.981,-2.725
0.818,-2.444
0.665,-2.568
-1.027,-2.614
-1.797,-2.508
2.531,1.523
2.42,1.534
2.153,1.58
1.978,1.628
1.83,1.515
-1.526,1.424
-2.25,-1.454
-2.243,-0.233
2.667,-1.311
1.823,1.506
-0.224,0.038
-0.49,-1.335
-0.978,-1.472
-1.962,-2.155
-0.556,0.808
-0.942,-1.022
-1.118,-1.677
-1.347,1.126
-1.911,-0.031
0.993,0.015
-0.572,-0.897
-0.534,-1.462
-2.807,-2.361
2.093,-2.34
-0.926,-2.349
-1.633,-2.333
-2.027,-2.373
2.744,-2.618
1.79,-2.727
0.874,-2.666
0.281,-2.925
-0.314,-2.899
-1.964,-2.823
0.009,-1.691
-0.051,0.103
-0.066,-2.781
-0.059,-1.251
-0.249,-2.695
-0.351,-1.526
-0.33,-0.255
-0.524,-1.77
-0.592,-3.336
-0.616,-1.16
-0.698,-0.227
-0.666,-1.404
-0.753,-2.715
-0.814,-1.259
-0.84,-2.052
-0.942,-0.284
-0.979,-2.323
-1.03,-0.686
-1.092,-0.205
-1.052,-2.957
-1.119,-0.029
-1.127,-2.328
-1.424,-2.818
-1.396,-1.515
-1.49,-2.108
-1.481,-2.722
-1.508,-0.809
-1.628,-2.092
-1.775,-3.155
-1.801,-2.804
-1.803,-3.12
-1.931,-1.497
-1.991,-0.662
-1.98,-1.711
-1.988,-2.111
-2.017,-1.386
-1.943,-2.43
-2.026,-0.557
1.979,-3.884
1.665,-3.763
1.337,-3.785
1.067,-3.925
-1.07,-3.822
-1.134,-3.766
-1.473,-3.863
-1.475,-3.833
-1.808,-3.887
-1.937,-3.806
-2.421,0.346
-2.773,0.384
3.016,0.389
2.11,0.256
1.982,0.13
1.373,0.184
0.702,0.206
-0.291,0.19
-0.406,0.374
-1.256,0.232
-1.451,0.095
-0.701,0.247
1.129,-3.712
-1.999,-2.452
-1.993,-3.161
-2.155,-0.365
-2.161,-0.981
-2.208,-3.02
-2.269,-2.438
-2.266,0.136
-2.168,-1.368
-2.363,-0.231
-2.216,-0.188
-2.365,-1.716
-2.418,-3.073
-2.413,0.047
-2.294,-2.201
-2.41,-0.584
-2.34,-1.595
-2.344,-2.832
-2.541,0.007
-2.416,-1.585
-2.491,-1.419
-2.483,-0.227
-2.649,0.26
-2.502,-1.737
-2.658,-3.169
-2.709,-2.47
-2.719,-0.115
-2.608,-1.265
-2.818,-1.711
-2.731,-0.768
-2.685,-2.759
-2.776,-2.886
-2.928,0.197
-2.797,-0.499
-2.888,-0.9
-3.021,-1.134
-3.05,-2.297
3.114,-2.336
2.892,-1.181
2.843,-2.796
2.946,-1.283
2.869,-2.559
2.575,0.144
2.602,-1.231
2.453,-2.609
2.46,-1.378
2.275,-3.475
2.266,-2.065
2.378,-0.856
2.215,-2.862
2.334,-0.117
2.319,-2.937
2.3,-2.568
2.219,-1.312
2.055,-1.454
2.093,-1.163
1.96,-0.285
1.863,-2.045
1.698,-1.596
1.796,-0.106
1.773,-1.171
1.655,-1.543
1.4,-0.565
1.491,-0.787
1.457,-2.507
1.375,-3.012
1.352,-0.54
1.233,-0.088
1.082,0.236
1.149,-1.472
1.164,0.207
1.149,-2.653
0.898,-1.264
1.013,-0.552
0.84,-2.3
0.945,0.012
0.913,-2.877
0.753,0.144
0.737,-0.186
0.847,-0.372
0.811,-0.392
0.683,-0.651
0.635,-1.713
0.557,-2.111
0.549,-2.04
0.495,-1.148
0.413,-2.669
0.245,-1.421
0.33,-0.252
0.217,0.332
0.31,-1.568
0.177,-2.751
0.248,-2.643
-0.041,-1.732
-0.191,-2.845
-0.222,-2.429
-0.126,-0.176
-0.418,-2.211
-0.583,0.076
-0.768,-0.827
-0.759,-2.639
-0.78,-3.01
-0.945,-0.29
-1.143,-0.755
-1.408,-1.704
-1.648,-2.856
-1.729,-1.514
-1.75,0.201
2.73,-3.675
2.11,-3.803
2.088,-3.904
2.1,-3.997
0.937,-3.716
0.784,-3.84
-0.908,-3.886
-1.678,-3.78
2.65,0.251
2.539,0.262
2.272,0.308
2.097,0.356
1.949,0.243
-1.407,0.152
-2.131,-2.726
-2.124,-1.505
2.786,-2.583
1.942,0.234
-0.105,-1.234
-0.371,-2.607
-0.859,-2.744
-1.843,-3.427
-0.437,-0.464
-0.823,-2.294
-0.999,-2.949
-1.228,-0.146
-1.792,-1.303
1.112,-1.257
-0.453,-2.169
-0.415,-2.734
-2.688,-3.633
2.212,-3.612
-0.807,-3.621
-1.514,-3.605
-1.908,-3.645
2.863,-3.89
1.909,-3.999
0.993,-3.938
0.4,-4.197
-0.195,-4.171
-1.845,-4.095
-0.06,1.794
-0.075,-1.09
-0.068,0.44
-0.258,-1.004
-0.36,0.165
-0.339,1.436
-0.533,-0.079
-0.601,-1.645
-0.625,0.531
-0.707,1.464
-0.675,0.287
-0.762,-1.024
-0.823,0.432
-0.849,-0.361
-0.951,1.407
-0.988,-0.632
-1.039,1.005
-1.101,1.486
-1.061,-1.266
-1.128,1.662
-1.136,-0.637
-1.433,-1.127
-1.405,0.176
-1.499,-0.417
-1.49,-1.031
-1.517,0.882
-1.637,-0.401
-1.784,-1.464
-1.81,-1.113
-1.812,-1.429
-1.94,0.194
-2.0,1.029
-1.989,-0.02
-1.997,-0.42
-2.026,0.305
-1.952,-0.739
-2.035,1.134
1.97,-2.193
1.656,-2.072
1.328,-2.094
1.058,-2.234
-1.079,-2.131
-1.143,-2.075
-1.482,-2.172
-1.484,-2.142
-1.817,-2.196
-1.946,-2.115
-2.43,2.037
-2.782,2.075
3.007,2.08
2.101,1.947
1.973,1.821
1.364,1.875
0.693,1.897
-0.3,1.881
-0.415,2.065
-1.265,1.923
-1.46,1.786
-0.71,1.938
1.12,-2.021
-2.008,-0.761
-2.002,-1.47
-2.164,1.326
-2.17,0.71
-2.217,-1.329
-2.278,-0.747
-2.275,1.827
-2.177,0.323
-2.372,1.46
-2.225,1.503
-2.374,-0.025
-2.427,-1.382
-2.422,1.738
-2.303,-0.51
-2.419,1.107
-2.349,0.096
-2.353,-1.141
-2.55,1.698
-2.425,0.106
-2.5,0.272
-2.492,1.464
-2.658,1.951
-2.511,-0.046
-2.667,-1.478
-2.718,-0.779
-2.728,1.576
-2.617,0.426
-2.827,-0.02
-2.74,0.923
-2.694,-1.068
-2.785,-1.195
-2.937,1.888
-2.806,1.192
-2.897,0.791
-3.03,0.557
-3.059,-0.606
3.105,-0.645
2.883,0.51
2.834,-1.105
2.937,0.408
2.86,-0.868
2.566,1.835
2.593,0.46
2.444,-0.918
2.451,0.313
2.266,-1.784
2.257,-0.374
2.369,0.835
2.206,-1.171
2.325,1.574
2.31,-1.246
2.291,-0.877
2.21,0.379
2.046,0.237
2.084,0.528
1.951,1.406
1.854,-0.354
1.689,0.095
1.787,1.585
1.764,0.52
1.646,0.148
1.391,1.126
1.482,0.904
1.448,-0.816
1.366,-1.321
1.343,1.151
1.224,1.603
1.073,1.927
1.14,0.219
1.155,1.898
1.14,-0.962
0.889,0.427
1.004,1.139
0.831,-0.609
0.936,1.703
0.904,-1.186
0.744,1.835
0.728,1.505
0.838,1.319
0.802,1.299
0.674,1.04
0.626,-0.022
0.548,-0.42
0.54,-0.349
0.486,0.543
0.404,-0.978
0.236,0.27
0.321,1.439
0.208,2.023
0.301,0.123
0.168,-1.06
0.239,-0.952
-0.05,-0.041
-0.2,-1.154
-0.231,-0.738
-0.135,1.515
-0.427,-0.52
-0.592,1.767
-0.777,0.864
-0.768,-0.948
-0.789,-1.319
-0.954,1.401
-1.152,0.936
-1.417,-0.013
-1.657,-1.165
-1.738,0.177
-1.759,1.892
2.721,-1.984
2.101,-2.112
2.079,-2.213
2.091,-2.306
0.928,-2.025
0.775,-2.149
-0.917,-2.195
-1.687,-2.089
2.641,1.942
2.53,1.953
2.263,1.999
2.088,2.047
1.94,1.934
-1.416,1.843
-2.14,-1.035
-2.133,0.186
2.777,-0.892
1.933,1.925
-0.114,0.457
-0.38,-0.916
-0.868,-1.053
-1.852,-1.736
-0.446,1.227
-0.832,-0.603
-1.008,-1.258
-1.237,1.545
-1.801,0.388
1.103,0.434
-0.462,-0.478
-0.424,-1.043
-2.697,-1.942
2.203,-1.921
-0.816,-1.93
-1.523,-1.914
-1.917,-1.954
2.854,-2.199
1.9,-2.308
0.984,-2.247
0.391,-2.506
-0.204,-2.48
-1.854,-2.404
-0.015,-2.884
-0.008,-1.354
-0.198,-2.798
-0.3,-1.629
-0.279,-0.358
-0.473,-1.873
-0.541,-3.439
-0.565,-1.263
-0.647,-0.33
-0.615,-1.507
-0.702,-2.818
-0.763,-1.362
-0.789,-2.155
-0.891,-0.387
-0.928,-2.426
-0.979,-0.789
-1.041,-0.308
-1.001,-3.06
-1.068,-0.132
-1.076,-2.431
-1.373,-2.921
-1.345,-1.618
-1.439,-2.211
-1.43,-2.825
-1.457,-0.912
-1.577,-2.195
-1.724,-3.258
-1.75,-2.907
-1.752,-3.223
-1.88,-1.6
-1.94,-0.765
-1.929,-1.814
-1.937,-2.214
-1.966,-1.489
-1.892,-2.533
-1.975,-0.66
2.03,-3.987
1.716,-3.866
1.388,-3.888
1.118,-4.028
-1.019,-3.925
-1.083,-3.869
-1.422,-3.966
-1.424,-3.936
-1.757,-3.99
-1.886,-3.909
-2.37,0.243
-2.722,0.281
3.067,0.286
2.161,0.153
2.033,0.027
1.424,0.081
0.753,0.103
-0.24,0.087
-0.355,0.271
-1.205,0.129
-1.4,-0.008
-0.65,0.144
1.18,-3.815
-1.948,-2.555
-1.942,-3.264
-2.104,-0.468
-2.11,-1.084
-2.157,-3.123
-2.218,-2.541
-2.215,0.033
-2.117,-1.471
-2.312,-0.334
-2.165,-0.291
-2.314,-1.819
-2.367,-3.176
-2.362,-0.056
-2.243,-2.304
-2.359,-0.687
-2.289,-1.698
-2.293,-2.935
-2.49,-0.096
-2.365,-1.688
-2.44,-1.522
-2.432,-0.33
-2.598,0.157
-2.451,-1.84
-2.607,-3.272
-2.658,-2.573
-2.668,-0.218
-2.557,-1.368
-2.767,-1.814
-2.68,-0.871
-2.634,-2.862
-2.725,-2.989
-2.877,0.094
-2.746,-0.602
-2.837,-1.003
-2.97,-1.237
-2.999,-2.4
-3.118,-2.439
2.943,-1.284
2.894,-2.899
2.997,-1.386
2.92,-2.662
2.626,0.041
2.653,-1.334
2.504,-2.712
2.511,-1.481
2.326,-3.578
2.317,-2.168
2.429,-0.959
2.266,-2.965
2.385,-0.22
2.37,-3.04
2.351,-2.671
2.27,-1.415
2.106,-1.557
2.144,-1.266
2.011,-0.388
1.914,-2.148
1.749,-1.699
1.847,-0.209
1.824,-1.274
1.706,-1.646
1.451,-0.668
1.542,-0.89
1.508,-2.61
1.426,-3.115
1.403,-0.643
1.284,-0.191
1.133,0.133
1.2,-1.575
1.215,0.104
1.2,-2.756
0.949,-1.367
1.064,-0.655
0.891,-2.403
0.996,-0.091
0.964,-2.98
0.804,0.041
0.788,-0.289
0.898,-0.475
0.862,-0.495
0.734,-0.754
0.686,-1.816
0.608,-2.214
0.6,-2.143
0.546,-1.251
0.464,-2.772
0.296,-1.524
0.381,-0.355
0.268,0.229
0.361,-1.671
0.228,-2.854
0.299,-2.746
0.01,-1.835
-0.14,-2.948
-0.171,-2.532
-0.075,-0.279
-0.367,-2.314
-0.532,-0.027
-0.717,-0.93
-0.708,-2.742
-0.729,-3.113
-0.894,-0.393
-1.092,-0.858
-1.357,-1.807
-1.597,-2.959
-1.678,-1.617
-1.699,0.098
2.781,-3.778
2.161,-3.906
2.139,-4.007
2.151,-4.1
0.988,-3.819
0.835,-3.943
-0.857,-3.989
-1.627,-3.883
2.701,0.148
2.59,0.159
2.323,0.205
2.148,0.253
2.0,0.14
-1.356,0.049
-2.08,-2.829
-2.073,-1.608
2.837,-2.686
1.993,0.131
-0.054,-1.337
-0.32,-2.71
-0.808,-2.847
-1.792,-3.53
-0.386,-0.567
-0.772,-2.397
-0.948,-3.052
-1.177,-0.249
-1.741,-1.406
1.163,-1.36
-0.402,-2.272
-0.364,-2.837
-2.637,-3.736
2.263,-3.715
-0.756,-3.724
-1.463,-3.708
-1.857,-3.748
2.914,-3.993
1.96,-4.102
1.044,-4.041
0.451,-4.3
-0.144,-4.274
-1.794,-4.198
0.007,1.53
-0.183,0.086
-0.285,1.255
-0.264,2.526
-0.458,1.011
-0.526,-0.555
-0.55,1.621
-0.632,2.554
-0.6,1.377
-0.687,0.066
-0.748,1.522
-0.774,0.729
-0.876,2.497
-0.913,0.458
-0.964,2.095
-1.026,2.576
-0.986,-0.176
-1.053,2.752
-1.061,0.453
-1.358,-0.037
-1.33,1.266
-1.424,0.673
-1.415,0.059
-1.442,1.972
-1.562,0.689
-1.709,-0.374
-1.735,-0.023
-1.737,-0.339
-1.865,1.284
-1.925,2.119
-1.914,1.07
-1.922,0.67
-1.951,1.395
-1.877,0.351
-1.96,2.224
2.045,-1.103
1.731,-0.982
1.403,-1.004
1.133,-1.144
-1.004,-1.041
-1.068,-0.985
-1.407,-1.082
-1.409,-1.052
-1.742,-1.106
-1.871,-1.025
-2.355,3.127
-2.707,3.165
3.082,3.17
2.176,3.037
2.048,2.911
1.439,2.965
0.768,2.987
-0.225,2.971
-0.34,3.155
-1.19,3.013
-1.385,2.876
-0.635,3.028
1.195,-0.931
-1.933,0.329
-1.927,-0.38
-2.089,2.416
-2.095,1.8
-2.142,-0.239
-2.203,0.343
-2.2,2.917
-2.102,1.413
-2.297,2.55
-2.15,2.593
-2.299,1.065
-2.352,-0.292
-2.347,2.828
-2.228,0.58
-2.344,2.197
-2.274,1.186
-2.278,-0.051
-2.475,2.788
-2.35,1.196
-2.425,1.362
-2.417,2.554
-2.583,3.041
-2.436,1.044
-2.592,-0.388
-2.643,0.311
-2.653,2.666
-2.542,1.516
-2.752,1.07
-2.665,2.013
-2.619,0.022
-2.71,-0.105
-2.862,2.978
-2.731,2.282
-2.822,1.881
-2.955,1.647
-2.984,0.484
-3.103,0.445
2.958,1.6
2.909,-0.015
3.012,1.498
2.935,0.222
2.641,2.925
2.668,1.55
2.519,0.172
2.526,1.403
2.341,-0.694
2.332,0.716
2.444,1.925
2.281,-0.081
2.4,2.664
2.385,-0.156
2.366,0.213
2.285,1.469
2.121,1.327
2.159,1.618
2.026,2.496
1.929,0.736
1.764,1.185
1.862,2.675
1.839,1.61
1.721,1.238
1.466,2.216
1.557,1.994
1.523,0.274
1.441,-0.231
1.418,2.241
1.299,2.693
1.148,3.017
1.215,1.309
1.23,2.988
1.215,0.128
0.964,1.517
1.079,2.229
0.906,0.481
1.011,2.793
0.979,-0.096
0.819,2.925
0.803,2.595
0.913,2.409
0.877,2.389
0.749,2.13
0.701,1.068
0.623,0.67
0.615,0.741
0.561,1.633
0.479,0.112
0.311,1.36
0.396,2.529
0.283,3.113
0.376,1.213
0.243,0.03
0.314,0.138
0.025,1.049
-0.125,-0.064
-0.156,0.352
-0.06,2.605
-0.352,0.57
-0.517,2.857
-0.702,1.954
-0.693,0.142
-0.714,-0.229
-0.879,2.491
-1.077,2.026
-1.342,1.077
-1.582,-0.075
-1.663,1.267
-1.684,2.982
2.796,-0.894
2.176,-1.022
2.154,-1.123
2.166,-1.216
1.003,-0.935
0.85,-1.059
-0.842,-1.105
-1.612,-0.999
2.716,3.032
2.605,3.043
2.338,3.089
2.163,3.137
2.015,3.024
-1.341,2.933
-2.065,0.055
-2.058,1.276
2.852,0.198
2.008,3.015
-0.039,1.547
-0.305,0.174
-0.793,0.037
-1.777,-0.646
-0.371,2.317
-0.757,0.487
-0.933,-0.168
-1.162,2.635
-1.726,1.478
1.178,1.524
-0.387,0.612
-0.349,0.047
-2.622,-0.852
2.278,-0.831
-0.741,-0.84
-1.448,-0.824
-1.842,-0.864
2.929,-1.109
1.975,-1.218
1.059,-1.157
0.466,-1.416
-0.129,-1.39
-1.779,-1.314
-0.19,-1.444
-0.292,-0.275
-0.271,0.996
-0.465,-0.519
-0.533,-2.085
-0.557,0.091
-0.639,1.024
-0.607,-0.153
-0.694,-1.464
-0.755,-0.008
-0.781,-0.801
-0.883,0.967
-0.92,-1.072
-0.971,0.565
-1.033,1.046
-0.993,-1.706
-1.06,1.222
-1.068,-1.077
-1.365,-1.567
-1.337,-0.264
-1.431,-0.857
-1.422,-1.471
-1.449,0.442
-1.569,-0.841
-1.716,-1.904
-1.742,-1.553
-1.744,-1.869
-1.872,-0.246
-1.932,0.589
-1.921,-0.46
-1.929,-0.86
-1.958,-0.135
-1.884,-1.179
-1.967,0.694
2.038,-2.633
1.724,-2.512
1.396,-2.534
1.126,-2.674
-1.011,-2.571
-1.075,-2.515
-1.414,-2.612
-1.416,-2.582
-1.749,-2.636
-1.878,-2.555
-2.362,1.597
-2.714,1.635
3.075,1.64
2.169,1.507
2.041,1.381
1.432,1.435
0.761,1.457
-0.232,1.441
-0.347,1.625
-1.197,1.483
-1.392,1.346
-0.642,1.498
1.188,-2.461
-1.94,-1.201
-1.934,-1.91
-2.096,0.886
-2.102,0.27
-2.149,-1.769
-2.21,-1.187
-2.207,1.387
-2.109,-0.117
-2.304,1.02
-2.157,1.063
-2.306,-0.465
-2.359,-1.822
-2.354,1.298
-2.235,-0.95
-2.351,0.667
-2.281,-0.344
-2.285,-1.581
-2.482,1.258
-2.357,-0.334
-2.432,-0.168
-2.424,1.024
-2.59,1.511
-2.443,-0.486
-2.599,-1.918
-2.65,-1.219
-2.66,1.136
-2.549,-0.014
-2.759,-0.46
-2.672,0.483
-2.626,-1.508
-2.717,-1.635
-2.869,1.448
-2.738,0.752
-2.829,0.351
-2.962,0.117
-2.991,-1.046
-3.11,-1.085
2.951,0.07
2.902,-1.545
3.005,-0.032
2.928,-1.308
2.634,1.395
2.661,0.02
2.512,-1.358
2.519,-0.127
2.334,-2.224
2.325,-0.814
2.437,0.395
2.274,-1.611
2.393,1.134
2.378,-1.686
2.359,-1.317
2.278,-0.061
2.114,-0.203
2.152,0.088
2.019,0.966
1.922,-0.794
1.757,-0.345
1.855,1.145
1.832,0.08
1.714,-0.292
1.459,0.686
1.55,0.464
1.516,-1.256
1.434,-1.761
1.411,0.711
1.292,1.163
1.141,1.487
1.208,-0.221
1.223,1.458
1.208,-1.402
0.957,-0.013
1.072,0.699
0.899,-1.049
1.004,1.263
0.972,-1.626
0.812,1.395
0.796,1.065
0.906,0.879
0.87,0.859
0.742,0.6
0.694,-0.462
0.616,-0.86
0.608,-0.789
0.554,0.103
0.472,-1.418
0.304,-0.17
0.389,0.999
0.276,1.583
0.369,-0.317
0.236,-1.5
0.307,-1.392
0.018,-0.481
-0.132,-1.594
-0.163,-1.178
-0.067,1.075
-0.359,-0.96
-0.524,1.327
-0.709,0.424
-0.7,-1.388
-0.721,-1.759
-0.886,0.961
-1.084,0.496
-1.349,-0.453
-1.589,-1.605
-1.67,-0.263
-1.691,1.452
2.789,-2.424
2.169,-2.552
2.147,-2.653
2.159,-2.746
0.996,-2.465
0.843,-2.589
-0.849,-2.635
-1.619,-2.529
2.709,1.502
2.598,1.513
2.331,1.559
2.156,1.607
2.008,1.494
-1.348,1.403
-2.072,-1.475
-2.065,-0.254
2.845,-1.332
2.001,1.485
-0.046,0.017
-0.312,-1.356
-0.8,-1.493
-1.784,-2.176
-0.378,0.787
-0.764,-1.043
-0.94,-1.698
-1.169,1.105
-1.733,-0.052
1.171,-0.006
-0.394,-0.918
-0.356,-1.483
-2.629,-2.382
2.271,-2.361
-0.748,-2.37
-1.455,-2.354
-1.849,-2.394
2.922,-2.639
1.968,-2.748
1.052,-2.687
0.459,-2.946
-0.136,-2.92
-1.786,-2.844
-0.102,1.169
-0.081,2.44
-0.275,0.925
-0.343,-0.641
-0.367,1.535
-0.449,2.468
-0.417,1.291
-0.504,-0.02
-0.565,1.436
-0.591,0.643
-0.693,2.411
-0.73,0.372
-0.781,2.009
-0.843,2.49
-0.803,-0.262
-0.87,2.666
-0.878,0.367
-1.175,-0.123
-1.147,1.18
-1.241,0.587
-1.232,-0.027
-1.259,1.886
-1.379,0.603
-1.526,-0.46
-1.552,-0.109
-1.554,-0.425
-1.682,1.198
-1.742,2.033
-1.731,0.984
-1.739,0.584
-1.768,1.309
-1.694,0.265
-1.777,2.138
2.228,-1.189
1.914,-1.068
1.586,-1.09
1.316,-1.23
-0.821,-1.127
-0.885,-1.071
-1.224,-1.168
-1.226,-1.138
-1.559,-1.192
-1.688,-1.111
-2.172,3.041
-2.524,3.079
-3.018,3.084
2.359,2.951
2.231,2.825
1.622,2.879
0.951,2.901
-0.042,2.885
-0.157,3.069
-1.007,2.927
-1.202,2.79
-0.452,2.942
1.378,-1.017
-1.75,0.243
-1.744,-0.466
-1.906,2.33
-1.912,1.714
-1.959,-0.325
-2.02,0.257
-2.017,2.831
-1.919,1.327
-2.114,2.464
-1.967,2.507
-2.116,0.979
-2.169,-0.378
-2.164,2.742
-2.045,0.494
-2.161,2.111
-2.091,1.1
-2.095,-0.137
-2.292,2.702
-2.167,1.11
-2.242,1.276
-2.234,2.468
-2.4,2.955
-2.253,0.958
-2.409,-0.474
-2.46,0.225
-2.47,2.58
-2.359,1.43
-2.569,0.984
-2.482,1.927
-2.436,-0.064
-2.527,-0.191
-2.679,2.892
-2.548,2.196
-2.639,1.795
-2.772,1.561
-2.801,0.398
-2.92,0.359
3.141,1.514
3.092,-0.101
-3.088,1.412
3.118,0.136
2.824,2.839
2.851,1.464
2.702,0.086
2.709,1.317
2.524,-0.78
2.515,0.63
2.627,1.839
2.464,-0.167
2.583,2.578
2.568,-0.242
2.549,0.127
2.468,1.383
2.304,1.241
2.342,1.532
2.209,2.41
2.112,0.65
1.947,1.099
2.045,2.589
2.022,1.524
1.904,1.152
1.649,2.13
1.74,1.908
1.706,0.188
1.624,-0.317
1.601,2.155
1.482,2.607
1.331,2.931
1.398,1.223
1.413,2.902
1.398,0.042
1.147,1.431
1.262,2.143
1.089,0.395
1.194,2.707
1.162,-0.182
1.002,2.839
0.986,2.509
1.096,2.323
1.06,2.303
0.932,2.044
0.884,0.982
0.806,0.584
0.798,0.655
0.744,1.547
0.662,0.026
0.494,1.274
0.579,2.443
0.466,3.027
0.559,1.127
0.426,-0.056
0.497,0.052
0.208,0.963
0.058,-0.15
0.027,0.266
0.123,2.519
-0.169,0.484
-0.334,2.771
-0.519,1.868
-0.51,0.056
-0.531,-0.315
-0.696,2.405
-0.894,1.94
-1.159,0.991
-1.399,-0.161
-1.48,1.181
-1.501,2.896
2.979,-0.98
2.359,-1.108
2.337,-1.209
2.349,-1.302
1.186,-1.021
1.033,-1.145
-0.659,-1.191
-1.429,-1.085
2.899,2.946
2.788,2.957
2.521,3.003
2.346,3.051
2.198,2.938
-1.158,2.847
-1.882,-0.031
-1.875,1.19
3.035,0.112
2.191,2.929
0.144,1.461
-0.122,0.088
-0.61,-0.049
-1.594,-0.732
-0.188,2.231
-0.574,0.401
-0.75,-0.254
-0.979,2.549
-1.543,1.392
1.361,1.438
-0.204,0.526
-0.166,-0.039
-2.439,-0.938
2.461,-0.917
-0.558,-0.926
-1.265,-0.91
-1.659,-0.95
3.112,-1.195
2.158,-1.304
1.242,-1.243
0.649,-1.502
0.054,-1.476
-1.596,-1.4
0.021,1.271
-0.173,-0.244
-0.241,-1.81
-0.265,0.366
-0.347,1.299
-0.315,0.122
-0.402,-1.189
-0.463,0.267
-0.489,-0.526
-0.591,1.242
-0.628,-0.797
-0.679,0.84
-0.741,1.321
-0.701,-1.431
-0.768,1.497
-0.776,-0.802
-1.073,-1.292
-1.045,0.011
-1.139,-0.582
-1.13,-1.196
-1.157,0.717
-1.277,-0.566
-1.424,-1.629
-1.45,-1.278
-1.452,-1.594
-1.58,0.029
-1.64,0.864
-1.629,-0.185
-1.637,-0.585
-1.666,0.14
-1.592,-0.904
-1.675,0.969
2.33,-2.358
2.016,-2.237
1.688,-2.259
1.418,-2.399
-0.719,-2.296
-0.783,-2.24
-1.122,-2.337
-1.124,-2.307
-1.457,-2.361
-1.586,-2.28
-2.07,1.872
-2.422,1.91
-2.916,1.915
2.461,1.782
2.333,1.656
1.724,1.71
1.053,1.732
0.06,1.716
-0.055,1.9
-0.905,1.758
-1.1,1.621
-0.35,1.773
1.48,-2.186
-1.648,-0.926
-1.642,-1.635
-1.804,1.161
-1.81,0.545
-1.857,-1.494
-1.918,-0.912
-1.915,1.662
-1.817,0.158
-2.012,1.295
-1.865,1.338
-2.014,-0.19
-2.067,-1.547
-2.062,1.573
-1.943,-0.675
-2.059,0.942
-1.989,-0.069
-1.993,-1.306
-2.19,1.533
-2.065,-0.059
-2.14,0.107
-2.132,1.299
-2.298,1.786
-2.151,-0.211
-2.307,-1.643
-2.358,-0.944
-2.368,1.411
-2.257,0.261
-2.467,-0.185
-2.38,0.758
-2.334,-1.233
-2.425,-1.36
-2.577,1.723
-2.446,1.027
-2.537,0.626
-2.67,0.392
-2.699,-0.771
-2.818,-0.81
-3.04,0.345
-3.089,-1.27
-2.986,0.243
-3.063,-1.033
2.926,1.67
2.953,0.295
2.804,-1.083
2.811,0.148
2.626,-1.949
2.617,-0.539
2.729,0.67
2.566,-1.336
2.685,1.409
2.67,-1.411
2.651,-1.042
2.57,0.214
2.406,0.072
2.444,0.363
2.311,1.241
2.214,-0.519
2.049,-0.07
2.147,1.42
2.124,0.355
2.006,-0.017
1.751,0.961
1.842,0.739
1.808,-0.981
1.726,-1.486
1.703,0.986
1.584,1.438
1.433,1.762
1.5,0.054
1.515,1.733
1.5,-1.127
1.249,0.262
1.364,0.974
1.191,-0.774
1.296,1.538
1.264,-1.351
1.104,1.67
1.088,1.34
1.198,1.154
1.162,1.134
1.034,0.875
0.986,-0.187
0.908,-0.585
0.9,-0.514
0.846,0.378
0.764,-1.143
0.596,0.105
0.681,1.274
0.568,1.858
0.661,-0.042
0.528,-1.225
0.599,-1.117
0.31,-0.206
0.16,-1.319
0.129,-0.903
0.225,1.35
-0.067,-0.685
-0.232,1.602
-0.417,0.699
-0.408,-1.113
-0.429,-1.484
-0.594,1.236
-0.792,0.771
-1.057,-0.178
-1.297,-1.33
-1.378,0.012
-1.399,1.727
3.081,-2.149
2.461,-2.277
2.439,-2.378
2.451,-2.471
1.288,-2.19
1.135,-2.314
-0.557,-2.36
-1.327,-2.254
3.001,1.777
2.89,1.788
2.623,1.834
2.448,1.882
2.3,1.769
-1.056,1.678
-1.78,-1.2
-1.773,0.021
3.137,-1.057
2.293,1.76
0.246,0.292
-0.02,-1.081
-0.508,-1.218
-1.492,-1.901
-0.086,1.062
-0.472,-0.768
-0.648,-1.423
-0.877,1.38
-1.441,0.223
1.463,0.269
-0.102,-0.643
-0.064,-1.208
-2.337,-2.107
2.563,-2.086
-0.456,-2.095
-1.163,-2.079
-1.557,-2.119
-3.069,-2.364
2.26,-2.473
1.344,-2.412
0.751,-2.671
0.156,-2.645
-1.494,-2.569
-0.194,-1.515
-0.262,-3.081
-0.286,-0.905
-0.368,0.028
-0.336,-1.149
-0.423,-2.46
-0.484,-1.004
-0.51,-1.797
-0.612,-0.029
-0.649,-2.068
-0.7,-0.431
-0.762,0.05
-0.722,-2.702
-0.789,0.226
-0.797,-2.073
-1.094,-2.563
-1.066,-1.26
-1.16,-1.853
-1.151,-2.467
-1.178,-0.554
-1.298,-1.837
-1.445,-2.9
-1.471,-2.549
-1.473,-2.865
-1.601,-1.242
-1.661,-0.407
-1.65,-1.456
-1.658,-1.856
-1.687,-1.131
-1.613,-2.175
-1.696,-0.302
2.309,-3.629
1.995,-3.508
1.667,-3.53
1.397,-3.67
-0.74,-3.567
-0.804,-3.511
-1.143,-3.608
-1.145,-3.578
-1.478,-3.632
-1.607,-3.551
-2.091,0.601
-2.443,0.639
-2.937,0.644
2.44,0.511
2.312,0.385
1.703,0.439
1.032,0.461
0.039,0.445
-0.076,0.629
-0.926,0.487
-1.121,0.35
-0.371,0.502
1.459,-3.457
-1.669,-2.197
-1.663,-2.906
-1.825,-0.11
-1.831,-0.726
-1.878,-2.765
-1.939,-2.183
-1.936,0.391
-1.838,-1.113
-2.033,0.024
-1.886,0.067
-2.035,-1.461
-2.088,-2.818
-2.083,0.302
-1.964,-1.946
-2.08,-0.329
-2.01,-1.34
-2.014,-2.577
-2.211,0.262
-2.086,-1.33
-2.161,-1.164
-2.153,0.028
-2.319,0.515
-2.172,-1.482
-2.328,-2.914
-2.379,-2.215
-2.389,0.14
-2.278,-1.01
-2.488,-1.456
-2.401,-0.513
-2.355,-2.504
-2.446,-2.631
-2.598,0.452
-2.467,-0.244
-2.558,-0.645
-2.691,-0.879
-2.72,-2.042
-2.839,-2.081
-3.061,-0.926
-3.11,-2.541
-3.007,-1.028
-3.084,-2.304
2.905,0.399
2.932,-0.976
2.783,-2.354
2.79,-1.123
2.605,-3.22
2.596,-1.81
2.708,-0.601
2.545,-2.607
2.664,0.138
2.649,-2.682
2.63,-2.313
2.549,-1.057
2.385,-1.199
2.423,-0.908
2.29,-0.03
2.193,-1.79
2.028,-1.341
2.126,0.149
2.103,-0.916
1.985,-1.288
1.73,-0.31
1.821,-0.532
1.787,-2.252
1.705,-2.757
1.682,-0.285
1.563,0.167
1.412,0.491
1.479,-1.217
1.494,0.462
1.479,-2.398
1.228,-1.009
1.343,-0.297
1.17,-2.045
1.275,0.267
1.243,-2.622
1.083,0.399
1.067,0.069
1.177,-0.117
1.141,-0.137
1.013,-0.396
0.965,-1.458
0.887,-1.856
0.879,-1.785
0.825,-0.893
0.743,-2.414
0.575,-1.166
0.66,0.003
0.547,0.587
0.64,-1.313
0.507,-2.496
0.578,-2.388
0.289,-1.477
0.139,-2.59
0.108,-2.174
0.204,0.079
-0.088,-1.956
-0.253,0.331
-0.438,-0.572
-0.429,-2.384
-0.45,-2.755
-0.615,-0.035
-0.813,-0.5
-1.078,-1.449
-1.318,-2.601
-1.399,-1.259
-1.42,0.456
3.06,-3.42
2.44,-3.548
2.418,-3.649
2.43,-3.742
1.267,-3.461
1.114,-3.585
-0.578,-3.631
-1.348,-3.525
2.98,0.506
2.869,0.517
2.602,0.563
2.427,0.611
2.279,0.498
-1.077,0.407
-1.801,-2.471
-1.794,-1.25
3.116,-2.328
2.272,0.489
0.225,-0.979
-0.041,-2.352
-0.529,-2.489
-1.513,-3.172
-0.107,-0.209
-0.493,-2.039
-0.669,-2.694
-0.898,0.109
-1.462,-1.048
1.442,-1.002
-0.123,-1.914
-0.085,-2.479
-2.358,-3.378
2.542,-3.357
-0.477,-3.366
-1.184,-3.35
-1.578,-3.39
-3.09,-3.635
2.239,-3.744
1.323,-3.683
0.73,-3.942
0.135,-3.916
-1.515,-3.84
-0.068,-1.566
-0.092,0.61
-0.174,1.543
-0.142,0.366
-0.229,-0.945
-0.29,0.511
-0.316,-0.282
-0.418,1.486
-0.455,-0.553
-0.506,1.084
-0.568,1.565
-0.528,-1.187
-0.595,1.741
-0.603,-0.558
-0.9,-1.048
-0.872,0.255
-0.966,-0.338
-0.957,-0.952
-0.984,0.961
-1.104,-0.322
-1.251,-1.385
-1.277,-1.034
-1.279,-1.35
-1.407,0.273
-1.467,1.108
-1.456,0.059
-1.464,-0.341
-1.493,0.384
-1.419,-0.66
-1.502,1.213
2.503,-2.114
2.189,-1.993
1.861,-2.015
1.591,-2.155
-0.546,-2.052
-0.61,-1.996
-0.949,-2.093
-0.951,-2.063
-1.284,-2.117
-1.413,-2.036
-1.897,2.116
-2.249,2.154
-2.743,2.159
2.634,2.026
2.506,1.9
1.897,1.954
1.226,1.976
0.233,1.96
0.118,2.144
-0.732,2.002
-0.927,1.865
-0.177,2.017
1.653,-1.942
-1.475,-0.682
-1.469,-1.391
-1.631,1.405
-1.637,0.789
-1.684,-1.25
-1.745,-0.668
-1.742,1.906
-1.644,0.402
-1.839,1.539
-1.692,1.582
-1.841,0.054
-1.894,-1.303
-1.889,1.817
-1.77,-0.431
-1.886,1.186
-1.816,0.175
-1.82,-1.062
-2.017,1.777
-1.892,0.185
-1.967,0.351
-1.959,1.543
-2.125,2.03
-1.978,0.033
-2.134,-1.399
-2.185,-0.7
-2.195,1.655
-2.084,0.505
-2.294,0.059
-2.207,1.002
-2.161,-0.989
-2.252,-1.116
-2.404,1.967
-2.273,1.271
-2.364,0.87
-2.497,0.636
-2.526,-0.527
-2.645,-0.566
-2.867,0.589
-2.916,-1.026
-2.813,0.487
-2.89,-0.789
3.099,1.914
3.126,0.539
2.977,-0.839
2.984,0.392
2.799,-1.705
2.79,-0.295
2.902,0.914
2.739,-1.092
2.858,1.653
2.843,-1.167
2.824,-0.798
2.743,0.458
2.579,0.316
2.617,0.607
2.484,1.485
2.387,-0.275
2.222,0.174
2.32,1.664
2.297,0.599
2.179,0.227
1.924,1.205
2.015,0.983
1.981,-0.737
1.899,-1.242
1.876,1.23
1.757,1.682
1.606,2.006
1.673,0.298
1.688,1.977
1.673,-0.883
1.422,0.506
1.537,1.218
1.364,-0.53
1.469,1.782
1.437,-1.107
1.277,1.914
1.261,1.584
1.371,1.398
1.335,1.378
1.207,1.119
1.159,0.057
1.081,-0.341
1.073,-0.27
1.019,0.622
0.937,-0.899
0.769,0.349
0.854,1.518
0.741,2.102
0.834,0.202
0.701,-0.981
0.772,-0.873
0.483,0.038
0.333,-1.075
0.302,-0.659
0.398,1.594
0.106,-0.441
-0.059,1.846
-0.244,0.943
-0.235,-0.869
-0.256,-1.24
-0.421,1.48
-0.619,1.015
-0.884,0.066
-1.124,-1.086
-1.205,0.256
-1.226,1.971
-3.029,-1.905
2.634,-2.033
2.612,-2.134
2.624,-2.227
1.461,-1.946
1.308,-2.07
-0.384,-2.116
-1.154,-2.01
-3.109,2.021
3.063,2.032
2.796,2.078
2.621,2.126
2.473,2.013
-0.883,1.922
-1.607,-0.956
-1.6,0.265
-2.973,-0.813
2.466,2.004
0.419,0.536
0.153,-0.837
-0.335,-0.974
-1.319,-1.657
0.087,1.306
-0.299,-0.524
-0.475,-1.179
-0.704,1.624
-1.268,0.467
1.636,0.513
0.071,-0.399
0.109,-0.964
-2.164,-1.863
2.736,-1.842
-0.283,-1.851
-0.99,-1.835
-1.384,-1.875
-2.896,-2.12
2.433,-2.229
1.517,-2.168
0.924,-2.427
0.329,-2.401
-1.321,-2.325
-0.024,2.176
-0.106,3.109
-0.074,1.932
-0.161,0.621
-0.222,2.077
-0.248,1.284
-0.35,3.052
-0.387,1.013
-0.438,2.65
-0.5,3.131
-0.46,0.379
-0.527,3.307
-0.535,1.008
-0.832,0.518
-0.804,1.821
-0.898,1.228
-0.889,0.614
-0.916,2.527
-1.036,1.244
-1.183,0.181
-1.209,0.532
-1.211,0.216
-1.339,1.839
-1.399,2.674
-1.388,1.625
-1.396,1.225
-1.425,1.95
-1.351,0.906
-1.434,2.779
2.571,-0.548
2.257,-0.427
1.929,-0.449
1.659,-0.589
-0.478,-0.486
-0.542,-0.43
-0.881,-0.527
-0.883,-0.497
-1.216,-0.551
-1.345,-0.47
-1.829,3.682
-2.181,3.72
-2.675,3.725
2.702,3.592
2.574,3.466
1.965,3.52
1.294,3.542
0.301,3.526
0.186,3.71
-0.664,3.568
-0.859,3.431
-0.109,3.583
1.721,-0.376
-1.407,0.884
-1.401,0.175
-1.563,2.971
-1.569,2.355
-1.616,0.316
-1.677,0.898
-1.674,3.472
-1.576,1.968
-1.771,3.105
-1.624,3.148
-1.773,1.62
-1.826,0.263
-1.821,3.383
-1.702,1.135
-1.818,2.752
-1.748,1.741
-1.752,0.504
-1.949,3.343
-1.824,1.751
-1.899,1.917
-1.891,3.109
-2.057,3.596
-1.91,1.599
-2.066,0.167
-2.117,0.866
-2.127,3.221
-2.016,2.071
-2.226,1.625
-2.139,2.568
-2.093,0.577
-2.184,0.45
-2.336,3.533
-2.205,2.837
-2.296,2.436
-2.429,2.202
-2.458,1.039
-2.577,1.0
-2.799,2.155
-2.848,0.54
-2.745,2.053
-2.822,0.777
-3.116,3.48
-3.089,2.105
3.045,0.727
3.052,1.958
2.867,-0.139
2.858,1.271
2.97,2.48
2.807,0.474
2.926,3.219
2.911,0.399
2.892,0.768
2.811,2.024
2.647,1.882
2.685,2.173
2.552,3.051
2.455,1.291
2.29,1.74
2.388,3.23
2.365,2.165
2.247,1.793
1.992,2.771
2.083,2.549
2.049,0.829
1.967,0.324
1.944,2.796
1.825,3.248
1.674,3.572
1.741,1.864
1.756,3.543
1.741,0.683
1.49,2.072
1.605,2.784
1.432,1.036
1.537,3.348
1.505,0.459
1.345,3.48
1.329,3.15
1.439,2.964
1.403,2.944
1.275,2.685
1.227,1.623
1.149,1.225
1.141,1.296
1.087,2.188
1.005,0.667
0.837,1.915
0.922,3.084
0.809,3.668
0.902,1.768
0.769,0.585
0.84,0.693
0.551,1.604
0.401,0.491
0.37,0.907
0.466,3.16
0.174,1.125
0.009,3.412
-0.176,2.509
-0.167,0.697
-0.188,0.326
-0.353,3.046
-0.551,2.581
-0.816,1.632
-1.056,0.48
-1.137,1.822
-1.158,3.537
-2.961,-0.339
2.702,-0.467
2.68,-0.568
2.692,-0.661
1.529,-0.38
1.376,-0.504
-0.316,-0.55
-1.086,-0.444
-3.041,3.587
3.131,3.598
2.864,3.644
2.689,3.692
2.541,3.579
-0.815,3.488
-1.539,0.61
-1.532,1.831
-2.905,0.753
2.534,3.57
0.487,2.102
0.221,0.729
-0.267,0.592
-1.251,-0.091
0.155,2.872
-0.231,1.042
-0.407,0.387
-0.636,3.19
-1.2,2.033
1.704,2.079
0.139,1.167
0.177,0.602
-2.096,-0.297
2.804,-0.276
-0.215,-0.285
-0.922,-0.269
-1.316,-0.309
-2.828,-0.554
2.501,-0.663
1.585,-0.602
0.992,-0.861
0.397,-0.835
-1.253,-0.759
-0.082,0.933
-0.05,-0.244
-0.137,-1.555
-0.198,-0.099
-0.224,-0.892
-0.326,0.876
-0.363,-1.163
-0.414,0.474
-0.476,0.955
-0.436,-1.797
-0.503,1.131
-0.511,-1.168
-0.808,-1.658
-0.78,-0.355
-0.874,-0.948
-0.865,-1.562
-0.892,0.351
-1.012,-0.932
-1.159,-1.995
-1.185,-1.644
-1.187,-1.96
-1.315,-0.337
-1.375,0.498
-1.364,-0.551
-1.372,-0.951
-1.401,-0.226
-1.327,-1.27
-1.41,0.603
2.595,-2.724
2.281,-2.603
1.953,-2.625
1.683,-2.765
-0.454,-2.662
-0.518,-2.606
-0.857,-2.703
-0.859,-2.673
-1.192,-2.727
-1.321,-2.646
-1.805,1.506
-2.157,1.544
-2.651,1.549
2.726,1.416
2.598,1.29
1.989,1.344
1.318,1.366
0.325,1.35
0.21,1.534
-0.64,1.392
-0.835,1.255
-0.085,1.407
1.745,-2.552
-1.383,-1.292
-1.377,-2.001
-1.539,0.795
-1.545,0.179
-1.592,-1.86
-1.653,-1.278
-1.65,1.296
-1.552,-0.208
-1.747,0.929
-1.6,0.972
-1.749,-0.556
-1.802,-1.913
-1.797,1.207
-1.678,-1.041
-1.794,0.576
-1.724,-0.435
-1.728,-1.672
-1.925,1.167
-1.8,-0.425
-1.875,-0.259
-1.867,0.933
-2.033,1.42
-1.886,-0.577
-2.042,-2.009
-2.093,-1.31
-2.103,1.045
-1.992,-0.105
-2.202,-0.551
-2.115,0.392
-2.069,-1.599
-2.16,-1.726
-2.312,1.357
-2.181,0.661
-2.272,0.26
-2.405,0.026
-2.434,-1.137
-2.553,-1.176
-2.775,-0.021
-2.824,-1.636
-2.721,-0.123
-2.798,-1.399
-3.092,1.304
-3.065,-0.071
3.069,-1.449
3.076,-0.218
2.891,-2.315
2.882,-0.905
2.994,0.304
2.831,-1.702
2.95,1.043
2.935,-1.777
2.916,-1.408
2.835,-0.152
2.671,-0.294
2.709,-0.003
2.576,0.875
2.479,-0.885
2.314,-0.436
2.412,1.054
2.389,-0.011
2.271,-0.383
2.016,0.595
2.107,0.373
2.073,-1.347
1.991,-1.852
1.968,0.62
1.849,1.072
1.698,1.396
1.765,-0.312
1.78,1.367
1.765,-1.493
1.514,-0.104
1.629,0.608
1.456,-1.14
1.561,1.172
1.529,-1.717
1.369,1.304
1.353,0.974
1.463,0.788
1.427,0.768
1.299,0.509
1.251,-0.553
1.173,-0.951
1.165,-0.88
1.111,0.012
1.029,-1.509
0.861,-0.261
0.946,0.908
0.833,1.492
0.926,-0.408
0.793,-1.591
0.864,-1.483
0.575,-0.572
0.425,-1.685
0.394,-1.269
0.49,0.984
0.198,-1.051
0.033,1.236
-0.152,0.333
-0.143,-1.479
-0.164,-1.85
-0.329,0.87
-0.527,0.405
-0.792,-0.544
-1.032,-1.696
-1.113,-0.354
-1.134,1.361
-2.937,-2.515
2.726,-2.643
2.704,-2.744
2.716,-2.837
1.553,-2.556
1.4,-2.68
-0.292,-2.726
-1.062,-2.62
-3.017,1.411
-3.128,1.422
2.888,1.468
2.713,1.516
2.565,1.403
-0.791,1.312
-1.515,-1.566
-1.508,-0.345
-2.881,-1.423
2.558,1.394
0.511,-0.074
0.245,-1.447
-0.243,-1.584
-1.227,-2.267
0.179,0.696
-0.207,-1.134
-0.383,-1.789
-0.612,1.014
-1.176,-0.143
1.728,-0.097
0.163,-1.009
0.201,-1.574
-2.072,-2.473
2.828,-2.452
-0.191,-2.461
-0.898,-2.445
-1.292,-2.485
-2.804,-2.73
2.525,-2.839
1.609,-2.778
1.016,-3.037
0.421,-3.011
-1.229,-2.935
0.032,-1.177
-0.055,-2.488
-0.116,-1.032
-0.142,-1.825
-0.244,-0.057
-0.281,-2.096
-0.332,-0.459
-0.394,0.022
-0.354,-2.73
-0.421,0.198
-0.429,-2.101
-0.726,-2.591
-0.698,-1.288
-0.792,-1.881
-0.783,-2.495
-0.81,-0.582
-0.93,-1.865
-1.077,-2.928
-1.103,-2.577
-1.105,-2.893
-1.233,-1.27
-1.293,-0.435
-1.282,-1.484
-1.29,-1.884
-1.319,-1.159
-1.245,-2.203
-1.328,-0.33
2.677,-3.657
2.363,-3.536
2.035,-3.558
1.765,-3.698
-0.372,-3.595
-0.436,-3.539
-0.775,-3.636
-0.777,-3.606
-1.11,-3.66
-1.239,-3.579
-1.723,0.573
-2.075,0.611
-2.569,0.616
2.808,0.483
2.68,0.357
2.071,0.411
1.4,0.433
0.407,0.417
0.292,0.601
-0.558,0.459
-0.753,0.322
-0.003,0.474
1.827,-3.485
-1.301,-2.225
-1.295,-2.934
-1.457,-0.138
-1.463,-0.754
-1.51,-2.793
-1.571,-2.211
-1.568,0.363
-1.47,-1.141
-1.665,-0.004
-1.518,0.039
-1.667,-1.489
-1.72,-2.846
-1.715,0.274
-1.596,-1.974
-1.712,-0.357
-1.642,-1.368
-1.646,-2.605
-1.843,0.234
-1.718,-1.358
-1.793,-1.192
-1.785,0.0
-1.951,0.487
-1.804,-1.51
-1.96,-2.942
-2.011,-2.243
-2.021,0.112
-1.91,-1.038
-2.12,-1.484
-2.033,-0.541
-1.987,-2.532
-2.078,-2.659
-2.23,0.424
-2.099,-0.272
-2.19,-0.673
-2.323,-0.907
-2.352,-2.07
-2.471,-2.109
-2.693,-0.954
-2.742,-2.569
-2.639,-1.056
-2.716,-2.332
-3.01,0.371
-2.983,-1.004
-3.132,-2.382
-3.125,-1.151
2.973,-3.248
2.964,-1.838
3.076,-0.629
2.913,-2.635
3.032,0.11
3.017,-2.71
2.998,-2.341
2.917,-1.085
2.753,-1.227
2.791,-0.936
2.658,-0.058
2.561,-1.818
2.396,-1.369
2.494,0.121
2.471,-0.944
2.353,-1.316
2.098,-0.338
2.189,-0.56
2.155,-2.28
2.073,-2.785
2.05,-0.313
1.931,0.139
1.78,0.463
1.847,-1.245
1.862,0.434
1.847,-2.426
1.596,-1.037
1.711,-0.325
1.538,-2.073
1.643,0.239
1.611,-2.65
1.451,0.371
1.435,0.041
1.545,-0.145
1.509,-0.165
1.381,-0.424
1.333,-1.486
1.255,-1.884
1.247,-1.813
1.193,-0.921
1.111,-2.442
0.943,-1.194
1.028,-0.025
0.915,0.559
1.008,-1.341
0.875,-2.524
0.946,-2.416
0.657,-1.505
0.507,-2.618
0.476,-2.202
0.572,0.051
0.28,-1.984
0.115,0.303
-0.07,-0.6
-0.061,-2.412
-0.082,-2.783
-0.247,-0.063
-0.445,-0.528
-0.71,-1.477
-0.95,-2.629
-1.031,-1.287
-1.052,0.428
-2.855,-3.448
2.808,-3.576
2.786,-3.677
2.798,-3.77
1.635,-3.489
1.482,-3.613
-0.21,-3.659
-0.98,-3.553
-2.935,0.478
-3.046,0.489
2.97,0.535
2.795,0.583
2.647,0.47
-0.709,0.379
-1.433,-2.499
-1.426,-1.278
-2.799,-2.356
2.64,0.461
0.593,-1.007
0.327,-2.38
-0.161,-2.517
-1.145,-3.2
0.261,-0.237
-0.125,-2.067
-0.301,-2.722
-0.53,0.081
-1.094,-1.076
1.81,-1.03
0.245,-1.942
0.283,-2.507
-1.99,-3.406
2.91,-3.385
-0.109,-3.394
-0.816,-3.378
-1.21,-3.418
-2.722,-3.663
2.607,-3.772
1.691,-3.711
1.098,-3.97
0.503,-3.944
-1.147,-3.868
-0.087,-1.311
-0.148,0.145
-0.174,-0.648
-0.276,1.12
-0.313,-0.919
-0.364,0.718
-0.426,1.199
-0.386,-1.553
-0.453,1.375
-0.461,-0.924
-0.758,-1.414
-0.73,-0.111
-0.824,-0.704
-0.815,-1.318
-0.842,0.595
-0.962,-0.688
-1.109,-1.751
-1.135,-1.4
-1.137,-1.716
-1.265,-0.093
-1.325,0.742
-1.314,-0.307
-1.322,-0.707
-1.351,0.018
-1.277,-1.026
-1.36,0.847
2.645,-2.48
2.331,-2.359
2.003,-2.381
1.733,-2.521
-0.404,-2.418
-0.468,-2.362
-0.807,-2.459
-0.809,-2.429
-1.142,-2.483
-1.271,-2.402
-1.755,1.75
-2.107,1.788
-2.601,1.793
2.776,1.66
2.648,1.534
2.039,1.588
1.368,1.61
0.375,1.594
0.26,1.778
-0.59,1.636
-0.785,1.499
-0.035,1.651
1.795,-2.308
-1.333,-1.048
-1.327,-1.757
-1.489,1.039
-1.495,0.423
-1.542,-1.616
-1.603,-1.034
-1.6,1.54
-1.502,0.036
-1.697,1.173
-1.55,1.216
-1.699,-0.312
-1.752,-1.669
-1.747,1.451
-1.628,-0.797
-1.744,0.82
-1.674,-0.191
-1.678,-1.428
-1.875,1.411
-1.75,-0.181
-1.825,-0.015
-1.817,1.177
-1.983,1.664
-1.836,-0.333
-1.992,-1.765
-2.043,-1.066
-2.053,1.289
-1.942,0.139
-2.152,-0.307
-2.065,0.636
-2.019,-1.355
-2.11,-1.482
-2.262,1.601
-2.131,0.905
-2.222,0.504
-2.355,0.27
-2.384,-0.893
-2.503,-0.932
-2.725,0.223
-2.774,-1.392
-2.671,0.121
-2.748,-1.155
-3.042,1.548
-3.015,0.173
3.119,-1.205
3.126,0.026
2.941,-2.071
2.932,-0.661
3.044,0.548
2.881,-1.458
3.0,1.287
2.985,-1.533
2.966,-1.164
2.885,0.092
2.721,-0.05
2.759,0.241
2.626,1.119
2.529,-0.641
2.364,-0.192
2.462,1.298
2.439,0.233
2.321,-0.139
2.066,0.839
2.157,0.617
2.123,-1.103
2.041,-1.608
2.018,0.864
1.899,1.316
1.748,1.64
1.815,-0.068
1.83,1.611
1.815,-1.249
1.564,0.14
1.679,0.852
1.506,-0.896
1.611,1.416
1.579,-1.473
1.419,1.548
1.403,1.218
1.513,1.032
1.477,1.012
1.349,0.753
1.301,-0.309
1.223,-0.707
1.215,-0.636
1.161,0.256
1.079,-1.265
0.911,-0.017
0.996,1.152
0.883,1.736
0.976,-0.164
0.843,-1.347
0.914,-1.239
0.625,-0.328
0.475,-1.441
0.444,-1.025
0.54,1.228
0.248,-0.807
0.083,1.48
-0.102,0.577
-0.093,-1.235
-0.114,-1.606
-0.279,1.114
-0.477,0.649
-0.742,-0.3
-0.982,-1.452
-1.063,-0.11
-1.084,1.605
-2.887,-2.271
2.776,-2.399
2.754,-2.5
2.766,-2.593
1.603,-2.312
1.45,-2.436
-0.242,-2.482
-1.012,-2.376
-2.967,1.655
-3.078,1.666
2.938,1.712
2.763,1.76
2.615,1.647
-0.741,1.556
-1.465,-1.322
-1.458,-0.101
-2.831,-1.179
2.608,1.638
0.561,0.17
0.295,-1.203
-0.193,-1.34
-1.177,-2.023
0.229,0.94
-0.157,-0.89
-0.333,-1.545
-0.562,1.258
-1.126,0.101
1.778,0.147
0.213,-0.765
0.251,-1.33
-2.022,-2.229
2.878,-2.208
-0.141,-2.217
-0.848,-2.201
-1.242,-2.241
-2.754,-2.486
2.575,-2.595
1.659,-2.534
1.066,-2.793
0.471,-2.767
-1.179,-2.691
-0.061,1.456
-0.087,0.663
-0.189,2.431
-0.226,0.392
-0.277,2.029
-0.339,2.51
-0.299,-0.242
-0.366,2.686
-0.374,0.387
-0.671,-0.103
-0.643,1.2
-0.737,0.607
-0.728,-0.007
-0.755,1.906
-0.875,0.623
-1.022,-0.44
-1.048,-0.089
-1.05,-0.405
-1.178,1.218
-1.238,2.053
-1.227,1.004
-1.235,0.604
-1.264,1.329
-1.19,0.285
-1.273,2.158
2.732,-1.169
2.418,-1.048
2.09,-1.07
1.82,-1.21
-0.317,-1.107
-0.381,-1.051
-0.72,-1.148
-0.722,-1.118
-1.055,-1.172
-1.184,-1.091
-1.668,3.061
-2.02,3.099
-2.514,3.104
2.863,2.971
2.735,2.845
2.126,2.899
1.455,2.921
0.462,2.905
0.347,3.089
-0.503,2.947
-0.698,2.81
0.052,2.962
1.882,-0.997
-1.246,0.263
-1.24,-0.446
-1.402,2.35
-1.408,1.734
-1.455,-0.305
-1.516,0.277
-1.513,2.851
-1.415,1.347
-1.61,2.484
-1.463,2.527
-1.612,0.999
-1.665,-0.358
-1.66,2.762
-1.541,0.514
-1.657,2.131
-1.587,1.12
-1.591,-0.117
-1.788,2.722
-1.663,1.13
-1.738,1.296
-1.73,2.488
-1.896,2.975
-1.749,0.978
-1.905,-0.454
-1.956,0.245
-1.966,2.6
-1.855,1.45
-2.065,1.004
-1.978,1.947
-1.932,-0.044
-2.023,-0.171
-2.175,2.912
-2.044,2.216
-2.135,1.815
-2.268,1.581
-2.297,0.418
-2.416,0.379
-2.638,1.534
-2.687,-0.081
-2.584,1.432
-2.661,0.156
-2.955,2.859
-2.928,1.484
-3.077,0.106
-3.07,1.337
3.028,-0.76
3.019,0.65
3.131,1.859
2.968,-0.147
3.087,2.598
3.072,-0.222
3.053,0.147
2.972,1.403
2.808,1.261
2.846,1.552
2.713,2.43
2.616,0.67
2.451,1.119
2.549,2.609
2.526,1.544
2.408,1.172
2.153,2.15
2.244,1.928
2.21,0.208
2.128,-0.297
2.105,2.175
1.986,2.627
1.835,2.951
1.902,1.243
1.917,2.922
1.902,0.062
1.651,1.451
1.766,2.163
1.593,0.415
1.698,2.727
1.666,-0.162
1.506,2.859
1.49,2.529
1.6,2.343
1.564,2.323
1.436,2.064
1.388,1.002
1.31,0.604
1.302,0.675
1.248,1.567
1.166,0.046
0.998,1.294
1.083,2.463
0.97,3.047
1.063,1.147
0.93,-0.036
1.001,0.072
0.712,0.983
0.562,-0.13
0.531,0.286
0.627,2.539
0.335,0.504
0.17,2.791
-0.015,1.888
-0.006,0.076
-0.027,-0.295
-0.192,2.425
-0.39,1.96
-0.655,1.011
-0.895,-0.141
-0.976,1.201
-0.997,2.916
-2.8,-0.96
2.863,-1.088
2.841,-1.189
2.853,-1.282
1.69,-1.001
1.537,-1.125
-0.155,-1.171
-0.925,-1.065
-2.88,2.966
-2.991,2.977
3.025,3.023
2.85,3.071
2.702,2.958
-0.654,2.867
-1.378,-0.011
-1.371,1.21
-2.744,0.132
2.695,2.949
0.648,1.481
0.382,0.108
-0.106,-0.029
-1.09,-0.712
0.316,2.251
-0.07,0.421
-0.246,-0.234
-0.475,2.569
-1.039,1.412
1.865,1.458
0.3,0.546
0.338,-0.019
-1.935,-0.918
2.965,-0.897
-0.054,-0.906
-0.761,-0.89
-1.155,-0.93
-2.667,-1.175
2.662,-1.284
1.746,-1.223
1.153,-1.482
0.558,-1.456
-1.092,-1.38
-0.026,-0.793
-0.128,0.975
-0.165,-1.064
-0.216,0.573
-0.278,1.054
-0.238,-1.698
-0.305,1.23
-0.313,-1.069
-0.61,-1.559
-0.582,-0.256
-0.676,-0.849
-0.667,-1.463
-0.694,0.45
-0.814,-0.833
-0.961,-1.896
-0.987,-1.545
-0.989,-1.861
-1.117,-0.238
-1.177,0.597
-1.166,-0.452
-1.174,-0.852
-1.203,-0.127
-1.129,-1.171
-1.212,0.702
2.793,-2.625
2.479,-2.504
2.151,-2.526
1.881,-2.666
-0.256,-2.563
-0.32,-2.507
-0.659,-2.604
-0.661,-2.574
-0.994,-2.628
-1.123,-2.547
-1.607,1.605
-1.959,1.643
-2.453,1.648
2.924,1.515
2.796,1.389
2.187,1.443
1.516,1.465
0.523,1.449
0.408,1.633
-0.442,1.491
-0.637,1.354
0.113,1.506
1.943,-2.453
-1.185,-1.193
-1.179,-1.902
-1.341,0.894
-1.347,0.278
-1.394,-1.761
-1.455,-1.179
-1.452,1.395
-1.354,-0.109
-1.549,1.028
-1.402,1.071
-1.551,-0.457
-1.604,-1.814
-1.599,1.306
-1.48,-0.942
-1.596,0.675
-1.526,-0.336
-1.53,-1.573
-1.727,1.266
-1.602,-0.326
-1.677,-0.16
-1.669,1.032
-1.835,1.519
-1.688,-0.478
-1.844,-1.91
-1.895,-1.211
-1.905,1.144
-1.794,-0.006
-2.004,-0.452
-1.917,0.491
-1.871,-1.5
-1.962,-1.627
-2.114,1.456
-1.983,0.76
-2.074,0.359
-2.207,0.125
-2.236,-1.038
-2.355,-1.077
-2.577,0.078
-2.626,-1.537
-2.523,-0.024
-2.6,-1.3
-2.894,1.403
-2.867,0.028
-3.016,-1.35
-3.009,-0.119
3.089,-2.216
3.08,-0.806
-3.091,0.403
3.029,-1.603
-3.135,1.142
3.133,-1.678
3.114,-1.309
3.033,-0.053
2.869,-0.195
2.907,0.096
2.774,0.974
2.677,-0.786
2.512,-0.337
2.61,1.153
2.587,0.088
2.469,-0.284
2.214,0.694
2.305,0.472
2.271,-1.248
2.189,-1.753
2.166,0.719
2.047,1.171
1.896,1.495
1.963,-0.213
1.978,1.466
1.963,-1.394
1.712,-0.005
1.827,0.707
1.654,-1.041
1.759,1.271
1.727,-1.618
1.567,1.403
1.551,1.073
1.661,0.887
1.625,0.867
1.497,0.608
1.449,-0.454
1.371,-0.852
1.363,-0.781
1.309,0.111
1.227,-1.41
1.059,-0.162
1.144,1.007
1.031,1.591
1.124,-0.309
0.991,-1.492
1.062,-1.384
0.773,-0.473
0.623,-1.586
0.592,-1.17
0.688,1.083
0.396,-0.952
0.231,1.335
0.046,0.432
0.055,-1.38
0.034,-1.751
-0.131,0.969
-0.329,0.504
-0.594,-0.445
-0.834,-1.597
-0.915,-0.255
-0.936,1.46
-2.739,-2.416
2.924,-2.544
2.902,-2.645
2.914,-2.738
1.751,-2.457
1.598,-2.581
-0.094,-2.627
-0.864,-2.521
-2.819,1.51
-2.93,1.521
3.086,1.567
2.911,1.615
2.763,1.502
-0.593,1.411
-1.317,-1.467
-1.31,-0.246
-2.683,-1.324
2.756,1.493
0.709,0.025
0.443,-1.348
-0.045,-1.485
-1.029,-2.168
0.377,0.795
-0.009,-1.035
-0.185,-1.69
-0.414,1.113
-0.978,-0.044
1.926,0.002
0.361,-0.91
0.399,-1.475
-1.874,-2.374
3.026,-2.353
0.007,-2.362
-0.7,-2.346
-1.094,-2.386
-2.606,-2.631
2.723,-2.74
1.807,-2.679
1.214,-2.938
0.619,-2.912
-1.031,-2.836
-0.102,1.768
-0.139,-0.271
-0.19,1.366
-0.252,1.847
-0.212,-0.905
-0.279,2.023
-0.287,-0.276
-0.584,-0.766
-0.556,0.537
-0.65,-0.056
-0.641,-0.67
-0.668,1.243
-0.788,-0.04
-0.935,-1.103
-0.961,-0.752
-0.963,-1.068
-1.091,0.555
-1.151,1.39
-1.14,0.341
-1.148,-0.059
-1.177,0.666
-1.103,-0.378
-1.186,1.495
2.819,-1.832
2.505,-1.711
2.177,-1.733
1.907,-1.873
-0.23,-1.77
-0.294,-1.714
-0.633,-1.811
-0.635,-1.781
-0.968,-1.835
-1.097,-1.754
-1.581,2.398
-1.933,2.436
-2.427,2.441
2.95,2.308
2.822,2.182
2.213,2.236
1.542,2.258
0.549,2.242
0.434,2.426
-0.416,2.284
-0.611,2.147
0.139,2.299
1.969,-1.66
-1.159,-0.4
-1.153,-1.109
-1.315,1.687
-1.321,1.071
-1.368,-0.968
-1.429,-0.386
-1.426,2.188
-1.328,0.684
-1.523,1.821
-1.376,1.864
-1.525,0.336
-1.578,-1.021
-1.573,2.099
-1.454,-0.149
-1.57,1.468
-1.5,0.457
-1.504,-0.78
-1.701,2.059
-1.576,0.467
-1.651,0.633
-1.643,1.825
-1.809,2.312
-1.662,0.315
-1.818,-1.117
-1.869,-0.418
-1.879,1.937
-1.768,0.787
-1.978,0.341
-1.891,1.284
-1.845,-0.707
-1.936,-0.834
-2.088,2.249
-1.957,1.553
-2.048,1.152
-2.181,0.918
-2.21,-0.245
-2.329,-0.284
-2.551,0.871
-2.6,-0.744
-2.497,0.769
-2.574,-0.507
-2.868,2.196
-2.841,0.821
-2.99,-0.557
-2.983,0.674
3.115,-1.423
3.106,-0.013
-3.065,1.196
3.055,-0.81
-3.109,1.935
-3.124,-0.885
3.14,-0.516
3.059,0.74
2.895,0.598
2.933,0.889
2.8,1.767
2.703,0.007
2.538,0.456
2.636,1.946
2.613,0.881
2.495,0.509
2.24,1.487
2.331,1.265
2.297,-0.455
2.215,-0.96
2.192,1.512
2.073,1.964
1.922,2.288
1.989,0.58
2.004,2.259
1.989,-0.601
1.738,0.788
1.853,1.5
1.68,-0.248
1.785,2.064
1.753,-0.825
1.593,2.196
1.577,1.866
1.687,1.68
1.651,1.66
1.523,1.401
1.475,0.339
1.397,-0.059
1.389,0.012
1.335,0.904
1.253,-0.617
1.085,0.631
1.17,1.8
1.057,2.384
1.15,0.484
1.017,-0.699
1.088,-0.591
0.799,0.32
0.649,-0.793
0.618,-0.377
0.714,1.876
0.422,-0.159
0.257,2.128
0.072,1.225
0.081,-0.587
0.06,-0.958
-0.105,1.762
-0.303,1.297
-0.568,0.348
-0.808,-0.804
-0.889,0.538
-0.91,2.253
-2.713,-1.623
2.95,-1.751
2.928,-1.852
2.94,-1.945
1.777,-1.664
1.624,-1.788
-0.068,-1.834
-0.838,-1.728
-2.793,2.303
-2.904,2.314
3.112,2.36
2.937,2.408
2.789,2.295
-0.567,2.204
-1.291,-0.674
-1.284,0.547
-2.657,-0.531
2.782,2.286
0.735,0.818
0.469,-0.555
-0.019,-0.692
-1.003,-1.375
0.403,1.588
0.017,-0.242
-0.159,-0.897
-0.388,1.906
-0.952,0.749
1.952,0.795
0.387,-0.117
0.425,-0.682
-1.848,-1.581
3.052,-1.56
0.033,-1.569
-0.674,-1.553
-1.068,-1.593
-2.58,-1.838
2.749,-1.947
1.833,-1.886
1.24,-2.145
0.645,-2.119
-1.005,-2.043
-0.037,-2.039
-0.088,-0.402
-0.15,0.079
-0.11,-2.673
-0.177,0.255
-0.185,-2.044
-0.482,-2.534
-0.454,-1.231
-0.548,-1.824
-0.539,-2.438
-0.566,-0.525
-0.686,-1.808
-0.833,-2.871
-0.859,-2.52
-0.861,-2.836
-0.989,-1.213
-1.049,-0.378
-1.038,-1.427
-1.046,-1.827
-1.075,-1.102
-1.001,-2.146
-1.084,-0.273
2.921,-3.6
2.607,-3.479
2.279,-3.501
2.009,-3.641
-0.128,-3.538
-0.192,-3.482
-0.531,-3.579
-0.533,-3.549
-0.866,-3.603
-0.995,-3.522
-1.479,0.63
-1.831,0.668
-2.325,0.673
3.052,0.54
2.924,0.414
2.315,0.468
1.644,0.49
0.651,0.474
0.536,0.658
-0.314,0.516
-0.509,0.379
0.241,0.531
2.071,-3.428
-1.057,-2.168
-1.051,-2.877
-1.213,-0.081
-1.219,-0.697
-1.266,-2.736
-1.327,-2.154
-1.324,0.42
-1.226,-1.084
-1.421,0.053
-1.274,0.096
-1.423,-1.432
-1.476,-2.789
-1.471,0.331
-1.352,-1.917
-1.468,-0.3
-1.398,-1.311
-1.402,-2.548
-1.599,0.291
-1.474,-1.301
-1.549,-1.135
-1.541,0.057
-1.707,0.544
-1.56,-1.453
-1.716,-2.885
-1.767,-2.186
-1.777,0.169
-1.666,-0.981
-1.876,-1.427
-1.789,-0.484
-1.743,-2.475
-1.834,-2.602
-1.986,0.481
-1.855,-0.215
-1.946,-0.616
-2.079,-0.85
-2.108,-2.013
-2.227,-2.052
-2.449,-0.897
-2.498,-2.512
-2.395,-0.999
-2.472,-2.275
-2.766,0.428
-2.739,-0.947
-2.888,-2.325
-2.881,-1.094
-3.066,-3.191
-3.075,-1.781
-2.963,-0.572
-3.126,-2.578
-3.007,0.167
-3.022,-2.653
-3.041,-2.284
-3.122,-1.028
2.997,-1.17
3.035,-0.879
2.902,-0.001
2.805,-1.761
2.64,-1.312
2.738,0.178
2.715,-0.887
2.597,-1.259
2.342,-0.281
2.433,-0.503
2.399,-2.223
2.317,-2.728
2.294,-0.256
2.175,0.196
2.024,0.52
2.091,-1.188
2.106,0.491
2.091,-2.369
1.84,-0.98
1.955,-0.268
1.782,-2.016
1.887,0.296
1.855,-2.593
1.695,0.428
1.679,0.098
1.789,-0.088
1.753,-0.108
1.625,-0.367
1.577,-1.429
1.499,-1.827
1.491,-1.756
1.437,-0.864
1.355,-2.385
1.187,-1.137
1.272,0.032
1.159,0.616
1.252,-1.284
1.119,-2.467
1.19,-2.359
0.901,-1.448
0.751,-2.561
0.72,-2.145
0.816,0.108
0.524,-1.927
0.359,0.36
0.174,-0.543
0.183,-2.355
0.162,-2.726
-0.003,-0.006
-0.201,-0.471
-0.466,-1.42
-0.706,-2.572
-0.787,-1.23
-0.808,0.485
-2.611,-3.391
3.052,-3.519
3.03,-3.62
3.042,-3.713
1.879,-3.432
1.726,-3.556
0.034,-3.602
-0.736,-3.496
-2.691,0.535
-2.802,0.546
-3.069,0.592
3.039,0.64
2.891,0.527
-0.465,0.436
-1.189,-2.442
-1.182,-1.221
-2.555,-2.299
2.884,0.518
0.837,-0.95
0.571,-2.323
0.083,-2.46
-0.901,-3.143
0.505,-0.18
0.119,-2.01
-0.057,-2.665
-0.286,0.138
-0.85,-1.019
2.054,-0.973
0.489,-1.885
0.527,-2.45
-1.746,-3.349
-3.129,-3.328
0.135,-3.337
-0.572,-3.321
-0.966,-3.361
-2.478,-3.606
2.851,-3.715
1.935,-3.654
1.342,-3.913
0.747,-3.887
-0.903,-3.811
-0.051,1.637
-0.113,2.118
-0.073,-0.634
-0.14,2.294
-0.148,-0.005
-0.445,-0.495
-0.417,0.808
-0.511,0.215
-0.502,-0.399
-0.529,1.514
-0.649,0.231
-0.796,-0.832
-0.822,-0.481
-0.824,-0.797
-0.952,0.826
-1.012,1.661
-1.001,0.612
-1.009,0.212
-1.038,0.937
-0.964,-0.107
-1.047,1.766
2.958,-1.561
2.644,-1.44
2.316,-1.462
2.046,-1.602
-0.091,-1.499
-0.155,-1.443
-0.494,-1.54
-0.496,-1.51
-0.829,-1.564
-0.958,-1.483
-1.442,2.669
-1.794,2.707
-2.288,2.712
3.089,2.579
2.961,2.453
2.352,2.507
1.681,2.529
0.688,2.513
0.573,2.697
-0.277,2.555
-0.472,2.418
0.278,2.57
2.108,-1.389
-1.02,-0.129
-1.014,-0.838
-1.176,1.958
-1.182,1.342
-1.229,-0.697
-1.29,-0.115
-1.287,2.459
-1.189,0.955
-1.384,2.092
-1.237,2.135
-1.386,0.607
-1.439,-0.75
-1.434,2.37
-1.315,0.122
-1.431,1.739
-1.361,0.728
-1.365,-0.509
-1.562,2.33
-1.437,0.738
-1.512,0.904
-1.504,2.096
-1.67,2.583
-1.523,0.586
-1.679,-0.846
-1.73,-0.147
-1.74,2.208
-1.629,1.058
-1.839,0.612
-1.752,1.555
-1.706,-0.436
-1.797,-0.563
-1.949,2.52
-1.818,1.824
-1.909,1.423
-2.042,1.189
-2.071,0.026
-2.19,-0.013
-2.412,1.142
-2.461,-0.473
-2.358,1.04
-2.435,-0.236
-2.729,2.467
-2.702,1.092
-2.851,-0.286
-2.844,0.945
-3.029,-1.152
-3.038,0.258
-2.926,1.467
-3.089,-0.539
-2.97,2.206
-2.985,-0.614
-3.004,-0.245
-3.085,1.011
3.034,0.869
3.072,1.16
2.939,2.038
2.842,0.278
2.677,0.727
2.775,2.217
2.752,1.152
2.634,0.78
2.379,1.758
2.47,1.536
2.436,-0.184
2.354,-0.689
2.331,1.783
2.212,2.235
2.061,2.559
2.128,0.851
2.143,2.53
2.128,-0.33
1.877,1.059
1.992,1.771
1.819,0.023
1.924,2.335
1.892,-0.554
1.732,2.467
1.716,2.137
1.826,1.951
1.79,1.931
1.662,1.672
1.614,0.61
1.536,0.212
1.528,0.283
1.474,1.175
1.392,-0.346
1.224,0.902
1.309,2.071
1.196,2.655
1.289,0.755
1.156,-0.428
1.227,-0.32
0.938,0.591
0.788,-0.522
0.757,-0.106
0.853,2.147
0.561,0.112
0.396,2.399
0.211,1.496
0.22,-0.316
0.199,-0.687
0.034,2.033
-0.164,1.568
-0.429,0.619
-0.669,-0.533
-0.75,0.809
-0.771,2.524
-2.574,-1.352
3.089,-1.48
3.067,-1.581
3.079,-1.674
1.916,-1.393
1.763,-1.517
0.071,-1.563
-0.699,-1.457
-2.654,2.574
-2.765,2.585
-3.032,2.631
3.076,2.679
2.928,2.566
-0.428,2.475
-1.152,-0.403
-1.145,0.818
-2.518,-0.26
2.921,2.557
0.874,1.089
0.608,-0.284
0.12,-0.421
-0.864,-1.104
0.542,1.859
0.156,0.029
-0.02,-0.626
-0.249,2.177
-0.813,1.02
2.091,1.066
0.526,0.154
0.564,-0.411
-1.709,-1.31
-3.092,-1.289
0.172,-1.298
-0.535,-1.282
-0.929,-1.322
-2.441,-1.567
2.888,-1.676
1.972,-1.615
1.379,-1.874
0.784,-1.848
-0.866,-1.772
-0.062,0.481
-0.022,-2.271
-0.089,0.657
-0.097,-1.642
-0.394,-2.132
-0.366,-0.829
-0.46,-1.422
-0.451,-2.036
-0.478,-0.123
-0.598,-1.406
-0.745,-2.469
-0.771,-2.118
-0.773,-2.434
-0.901,-0.811
-0.961,0.024
-0.95,-1.025
-0.958,-1.425
-0.987,-0.7
-0.913,-1.744
-0.996,0.129
3.009,-3.198
2.695,-3.077
2.367,-3.099
2.097,-3.239
-0.04,-3.136
-0.104,-3.08
-0.443,-3.177
-0.445,-3.147
-0.778,-3.201
-0.907,-3.12
-1.391,1.032
-1.743,1.07
-2.237,1.075
3.14,0.942
3.012,0.816
2.403,0.87
1.732,0.892
0.739,0.876
0.624,1.06
-0.226,0.918
-0.421,0.781
0.329,0.933
2.159,-3.026
-0.969,-1.766
-0.963,-2.475
-1.125,0.321
-1.131,-0.295
-1.178,-2.334
-1.239,-1.752
-1.236,0.822
-1.138,-0.682
-1.333,0.455
-1.186,0.498
-1.335,-1.03
-1.388,-2.387
-1.383,0.733
-1.264,-1.515
-1.38,0.102
-1.31,-0.909
-1.314,-2.146
-1.511,0.693
-1.386,-0.899
-1.461,-0.733
-1.453,0.459
-1.619,0.946
-1.472,-1.051
-1.628,-2.483
-1.679,-1.784
-1.689,0.571
-1.578,-0.579
-1.788,-1.025
-1.701,-0.082
-1.655,-2.073
-1.746,-2.2
-1.898,0.883
-1.767,0.187
-1.858,-0.214
-1.991,-0.448
-2.02,-1.611
-2.139,-1.65
-2.361,-0.495
-2.41,-2.11
-2.307,-0.597
-2.384,-1.873
-2.678,0.83
-2.651,-0.545
-2.8,-1.923
-2.793,-0.692
-2.978,-2.789
-2.987,-1.379
-2.875,-0.17
-3.038,-2.176
-2.919,0.569
-2.934,-2.251
-2.953,-1.882
-3.034,-0.626
3.085,-0.768
3.123,-0.477
2.99,0.401
2.893,-1.359
2.728,-0.91
2.826,0.58
2.803,-0.485
2.685,-0.857
2.43,0.121
2.521,-0.101
2.487,-1.821
2.405,-2.326
2.382,0.146
2.263,0.598
2.112,0.922
2.179,-0.786
2.194,0.893
2.179,-1.967
1.928,-0.578
2.043,0.134
1.87,-1.614
1.975,0.698
1.943,-2.191
1.783,0.83
1.767,0.5
1.877,0.314
1.841,0.294
1.713,0.035
1.665,-1.027
1.587,-1.425
1.579,-1.354
1.525,-0.462
1.443,-1.983
1.275,-0.735
1.36,0.434
1.247,1.018
1.34,-0.882
1.207,-2.065
1.278,-1.957
0.989,-1.046
0.839,-2.159
0.808,-1.743
0.904,0.51
0.612,-1.525
0.447,0.762
0.262,-0.141
0.271,-1.953
0.25,-2.324
0.085,0.396
-0.113,-0.069
-0.378,-1.018
-0.618,-2.17
-0.699,-0.828
-0.72,0.887
-2.523,-2.989
3.14,-3.117
3.118,-3.218
3.13,-3.311
1.967,-3.03
1.814,-3.154
0.122,-3.2
-0.648,-3.094
-2.603,0.937
-2.714,0.948
-2.981,0.994
3.127,1.042
2.979,0.929
-0.377,0.838
-1.101,-2.04
-1.094,-0.819
-2.467,-1.897
2.972,0.92
0.925,-0.548
0.659,-1.921
0.171,-2.058
-0.813,-2.741
0.593,0.222
0.207,-1.608
0.031,-2.263
-0.198,0.54
-0.762,-0.617
2.142,-0.571
0.577,-1.483
0.615,-2.048
-1.658,-2.947
-3.041,-2.926
0.223,-2.935
-0.484,-2.919
-0.878,-2.959
-2.39,-3.204
2.939,-3.313
2.023,-3.252
1.43,-3.511
0.835,-3.485
-0.815,-3.409
0.04,-2.752
-0.027,0.176
-0.035,-2.123
-0.332,-2.613
-0.304,-1.31
-0.398,-1.903
-0.389,-2.517
-0.416,-0.604
-0.536,-1.887
-0.683,-2.95
-0.709,-2.599
-0.711,-2.915
-0.839,-1.292
-0.899,-0.457
-0.888,-1.506
-0.896,-1.906
-0.925,-1.181
-0.851,-2.225
-0.934,-0.352
3.071,-3.679
2.757,-3.558
2.429,-3.58
2.159,-3.72
0.022,-3.617
-0.042,-3.561
-0.381,-3.658
-0.383,-3.628
-0.716,-3.682
-0.845,-3.601
-1.329,0.551
-1.681,0.589
-2.175,0.594
-3.081,0.461
3.074,0.335
2.465,0.389
1.794,0.411
0.801,0.395
0.686,0.579
-0.164,0.437
-0.359,0.3
0.391,0.452
2.221,-3.507
-0.907,-2.247
-0.901,-2.956
-1.063,-0.16
-1.069,-0.776
-1.116,-2.815
-1.177,-2.233
-1.174,0.341
-1.076,-1.163
-1.271,-0.026
-1.124,0.017
-1.273,-1.511
-1.326,-2.868
-1.321,0.252
-1.202,-1.996
-1.318,-0.379
-1.248,-1.39
-1.252,-2.627
-1.449,0.212
-1.324,-1.38
-1.399,-1.214
-1.391,-0.022
-1.557,0.465
-1.41,-1.532
-1.566,-2.964
-1.617,-2.265
-1.627,0.09
-1.516,-1.06
-1.726,-1.506
-1.639,-0.563
-1.593,-2.554
-1.684,-2.681
-1.836,0.402
-1.705,-0.294
-1.796,-0.695
-1.929,-0.929
-1.958,-2.092
-2.077,-2.131
-2.299,-0.976
-2.348,-2.591
-2.245,-1.078
-2.322,-2.354
-2.616,0.349
-2.589,-1.026
-2.738,-2.404
-2.731,-1.173
-2.916,-3.27
-2.925,-1.86
-2.813,-0.651
-2.976,-2.657
-2.857,0.088
-2.872,-2.732
-2.891,-2.363
-2.972,-1.107
-3.136,-1.249
-3.098,-0.958
3.052,-0.08
2.955,-1.84
2.79,-1.391
2.888,0.099
2.865,-0.966
2.747,-1.338
2.492,-0.36
2.583,-0.582
2.549,-2.302
2.467,-2.807
2.444,-0.335
2.325,0.117
2.174,0.441
2.241,-1.267
2.256,0.412
2.241,-2.448
1.99,-1.059
2.105,-0.347
1.932,-2.095
2.037,0.217
2.005,-2.672
1.845,0.349
1.829,0.019
1.939,-0.167
1.903,-0.187
1.775,-0.446
1.727,-1.508
1.649,-1.906
1.641,-1.835
1.587,-0.943
1.505,-2.464
1.337,-1.216
1.422,-0.047
1.309,0.537
1.402,-1.363
1.269,-2.546
1.34,-2.438
1.051,-1.527
0.901,-2.64
0.87,-2.224
0.966,0.029
0.674,-2.006
0.509,0.281
0.324,-0.622
0.333,-2.434
0.312,-2.805
0.147,-0.085
-0.051,-0.55
-0.316,-1.499
-0.556,-2.651
-0.637,-1.309
-0.658,0.406
-2.461,-3.47
-3.081,-3.598
-3.103,-3.699
-3.091,-3.792
2.029,-3.511
1.876,-3.635
0.184,-3.681
-0.586,-3.575
-2.541,0.456
-2.652,0.467
-2.919,0.513
-3.094,0.561
3.041,0.448
-0.315,0.357
-1.039,-2.521
-1.032,-1.3
-2.405,-2.378
3.034,0.439
0.987,-1.029
0.721,-2.402
0.233,-2.539
-0.751,-3.222
0.655,-0.259
0.269,-2.089
0.093,-2.744
-0.136,0.059
-0.7,-1.098
2.204,-1.052
0.639,-1.964
0.677,-2.529
-1.596,-3.428
-2.979,-3.407
0.285,-3.416
-0.422,-3.4
-0.816,-3.44
-2.328,-3.685
3.001,-3.794
2.085,-3.733
1.492,-3.992
0.897,-3.966
-0.753,-3.89
-0.067,2.928
-0.075,0.629
-0.372,0.139
-0.344,1.442
-0.438,0.849
-0.429,0.235
-0.456,2.148
-0.576,0.865
-0.723,-0.198
-0.749,0.153
-0.751,-0.163
-0.879,1.46
-0.939,2.295
-0.928,1.246
-0.936,0.846
-0.965,1.571
-0.891,0.527
-0.974,2.4
3.031,-0.927
2.717,-0.806
2.389,-0.828
2.119,-0.968
-0.018,-0.865
-0.082,-0.809
-0.421,-0.906
-0.423,-0.876
-0.756,-0.93
-0.885,-0.849
-1.369,3.303
-1.721,3.341
-2.215,3.346
-3.121,3.213
3.034,3.087
2.425,3.141
1.754,3.163
0.761,3.147
0.646,3.331
-0.204,3.189
-0.399,3.052
0.351,3.204
2.181,-0.755
-0.947,0.505
-0.941,-0.204
-1.103,2.592
-1.109,1.976
-1.156,-0.063
-1.217,0.519
-1.214,3.093
-1.116,1.589
-1.311,2.726
-1.164,2.769
-1.313,1.241
-1.366,-0.116
-1.361,3.004
-1.242,0.756
-1.358,2.373
-1.288,1.362
-1.292,0.125
-1.489,2.964
-1.364,1.372
-1.439,1.538
-1.431,2.73
-1.597,3.217
-1.45,1.22
-1.606,-0.212
-1.657,0.487
-1.667,2.842
-1.556,1.692
-1.766,1.246
-1.679,2.189
-1.633,0.198
-1.724,0.071
-1.876,3.154
-1.745,2.458
-1.836,2.057
-1.969,1.823
-1.998,0.66
-2.117,0.621
-2.339,1.776
-2.388,0.161
-2.285,1.674
-2.362,0.398
-2.656,3.101
-2.629,1.726
-2.778,0.348
-2.771,1.579
-2.956,-0.518
-2.965,0.892
-2.853,2.101
-3.016,0.095
-2.897,2.84
-2.912,0.02
-2.931,0.389
-3.012,1.645
3.107,1.503
-3.138,1.794
3.012,2.672
2.915,0.912
2.75,1.361
2.848,2.851
2.825,1.786
2.707,1.414
2.452,2.392
2.543,2.17
2.509,0.45
2.427,-0.055
2.404,2.417
2.285,2.869
2.134,3.193
2.201,1.485
2.216,3.164
2.201,0.304
1.95,1.693
2.065,2.405
1.892,0.657
1.997,2.969
1.965,0.08
1.805,3.101
1.789,2.771
1.899,2.585
1.863,2.565
1.735,2.306
1.687,1.244
1.609,0.846
1.601,0.917
1.547,1.809
1.465,0.288
1.297,1.536
1.382,2.705
1.269,3.289
1.362,1.389
1.229,0.206
1.3,0.314
1.011,1.225
0.861,0.112
0.83,0.528
0.926,2.781
0.634,0.746
0.469,3.033
0.284,2.13
0.293,0.318
0.272,-0.053
0.107,2.667
-0.091,2.202
-0.356,1.253
-0.596,0.101
-0.677,1.443
-0.698,3.158
-2.501,-0.718
-3.121,-0.846
3.14,-0.947
-3.131,-1.04
1.989,-0.759
1.836,-0.883
0.144,-0.929
-0.626,-0.823
-2.581,3.208
-2.692,3.219
-2.959,3.265
-3.134,3.313
3.001,3.2
-0.355,3.109
-1.079,0.231
-1.072,1.452
-2.445,0.374
2.994,3.191
0.947,1.723
0.681,0.35
0.193,0.213
-0.791,-0.47
0.615,2.493
0.229,0.663
0.053,0.008
-0.176,2.811
-0.74,1.654
2.164,1.7
0.599,0.788
0.637,0.223
-1.636,-0.676
-3.019,-0.655
0.245,-0.664
-0.462,-0.648
-0.856,-0.688
-2.368,-0.933
2.961,-1.042
2.045,-0.981
1.452,-1.24
0.857,-1.214
-0.793,-1.138
-0.008,-2.299
-0.305,-2.789
-0.277,-1.486
-0.371,-2.079
-0.362,-2.693
-0.389,-0.78
-0.509,-2.063
-0.656,-3.126
-0.682,-2.775
-0.684,-3.091
-0.812,-1.468
-0.872,-0.633
-0.861,-1.682
-0.869,-2.082
-0.898,-1.357
-0.824,-2.401
-0.907,-0.528
3.098,-3.855
2.784,-3.734
2.456,-3.756
2.186,-3.896
0.049,-3.793
-0.015,-3.737
-0.354,-3.834
-0.356,-3.804
-0.689,-3.858
-0.818,-3.777
-1.302,0.375
-1.654,0.413
-2.148,0.418
-3.054,0.285
3.101,0.159
2.492,0.213
1.821,0.235
0.828,0.219
0.713,0.403
-0.137,0.261
-0.332,0.124
0.418,0.276
2.248,-3.683
-0.88,-2.423
-0.874,-3.132
-1.036,-0.336
-1.042,-0.952
-1.089,-2.991
-1.15,-2.409
-1.147,0.165
-1.049,-1.339
-1.244,-0.202
-1.097,-0.159
-1.246,-1.687
-1.299,-3.044
-1.294,0.076
-1.175,-2.172
-1.291,-0.555
-1.221,-1.566
-1.225,-2.803
-1.422,0.036
-1.297,-1.556
-1.372,-1.39
-1.364,-0.198
-1.53,0.289
-1.383,-1.708
-1.539,-3.14
-1.59,-2.441
-1.6,-0.086
-1.489,-1.236
-1.699,-1.682
-1.612,-0.739
-1.566,-2.73
-1.657,-2.857
-1.809,0.226
-1.678,-0.47
-1.769,-0.871
-1.902,-1.105
-1.931,-2.268
-2.05,-2.307
-2.272,-1.152
-2.321,-2.767
-2.218,-1.254
-2.295,-2.53
-2.589,0.173
-2.562,-1.202
-2.711,-2.58
-2.704,-1.349
-2.889,-3.446
-2.898,-2.036
-2.786,-0.827
-2.949,-2.833
-2.83,-0.088
-2.845,-2.908
-2.864,-2.539
-2.945,-1.283
-3.109,-1.425
-3.071,-1.134
3.079,-0.256
2.982,-2.016
2.817,-1.567
2.915,-0.077
2.892,-1.142
2.774,-1.514
2.519,-0.536
2.61,-0.758
2.576,-2.478
2.494,-2.983
2.471,-0.511
2.352,-0.059
2.201,0.265
2.268,-1.443
2.283,0.236
2.268,-2.624
2.017,-1.235
2.132,-0.523
1.959,-2.271
2.064,0.041
2.032,-2.848
1.872,0.173
1.856,-0.157
1.966,-0.343
1.93,-0.363
1.802,-0.622
1.754,-1.684
1.676,-2.082
1.668,-2.011
1.614,-1.119
1.532,-2.64
1.364,-1.392
1.449,-0.223
1.336,0.361
1.429,-1.539
1.296,-2.722
1.367,-2.614
1.078,-1.703
0.928,-2.816
0.897,-2.4
0.993,-0.147
0.701,-2.182
0.536,0.105
0.351,-0.798
0.36,-2.61
0.339,-2.981
0.174,-0.261
-0.024,-0.726
-0.289,-1.675
-0.529,-2.827
-0.61,-1.485
-0.631,0.23
-2.434,-3.646
-3.054,-3.774
-3.076,-3.875
-3.064,-3.968
2.056,-3.687
1.903,-3.811
0.211,-3.857
-0.559,-3.751
-2.514,0.28
-2.625,0.291
-2.892,0.337
-3.067,0.385
3.068,0.272
-0.288,0.181
-1.012,-2.697
-1.005,-1.476
-2.378,-2.554
3.061,0.263
1.014,-1.205
0.748,-2.578
0.26,-2.715
-0.724,-3.398
0.682,-0.435
0.296,-2.265
0.12,-2.92
-0.109,-0.117
-0.673,-1.274
2.231,-1.228
0.666,-2.14
0.704,-2.705
-1.569,-3.604
-2.952,-3.583
0.312,-3.592
-0.395,-3.576
-0.789,-3.616
-2.301,-3.861
3.028,-3.97
2.112,-3.909
1.519,-4.168
0.924,-4.142
-0.726,-4.066
-0.297,-0.49
-0.269,0.813
-0.363,0.22
-0.354,-0.394
-0.381,1.519
-0.501,0.236
-0.648,-0.827
-0.674,-0.476
-0.676,-0.792
-0.804,0.831
-0.864,1.666
-0.853,0.617
-0.861,0.217
-0.89,0.942
-0.816,-0.102
-0.899,1.771
3.106,-1.556
2.792,-1.435
2.464,-1.457
2.194,-1.597
0.057,-1.494
-0.007,-1.438
-0.346,-1.535
-0.348,-1.505
-0.681,-1.559
-0.81,-1.478
-1.294,2.674
-1.646,2.712
-2.14,2.717
-3.046,2.584
3.109,2.458
2.5,2.512
1.829,2.534
0.836,2.518
0.721,2.702
-0.129,2.56
-0.324,2.423
0.426,2.575
2.256,-1.384
-0.872,-0.124
-0.866,-0.833
-1.028,1.963
-1.034,1.347
-1.081,-0.692
-1.142,-0.11
-1.139,2.464
-1.041,0.96
-1.236,2.097
-1.089,2.14
-1.238,0.612
-1.291,-0.745
-1.286,2.375
-1.167,0.127
-1.283,1.744
-1.213,0.733
-1.217,-0.504
-1.414,2.335
-1.289,0.743
-1.364,0.909
-1.356,2.101
-1.522,2.588
-1.375,0.591
-1.531,-0.841
-1.582,-0.142
-1.592,2.213
-1.481,1.063
-1.691,0.617
-1.604,1.56
-1.558,-0.431
-1.649,-0.558
-1.801,2.525
-1.67,1.829
-1.761,1.428
-1.894,1.194
-1.923,0.031
-2.042,-0.008
-2.264,1.147
-2.313,-0.468
-2.21,1.045
-2.287,-0.231
-2.581,2.472
-2.554,1.097
-2.703,-0.281
-2.696,0.95
-2.881,-1.147
-2.89,0.263
-2.778,1.472
-2.941,-0.534
-2.822,2.211
-2.837,-0.609
-2.856,-0.24
-2.937,1.016
-3.101,0.874
-3.063,1.165
3.087,2.043
2.99,0.283
2.825,0.732
2.923,2.222
2.9,1.157
2.782,0.785
2.527,1.763
2.618,1.541
2.584,-0.179
2.502,-0.684
2.479,1.788
2.36,2.24
2.209,2.564
2.276,0.856
2.291,2.535
2.276,-0.325
2.025,1.064
2.14,1.776
1.967,0.028
2.072,2.34
2.04,-0.549
1.88,2.472
1.864,2.142
1.974,1.956
1.938,1.936
1.81,1.677
1.762,0.615
1.684,0.217
1.676,0.288
1.622,1.18
1.54,-0.341
1.372,0.907
1.457,2.076
1.344,2.66
1.437,0.76
1.304,-0.423
1.375,-0.315
1.086,0.596
0.936,-0.517
0.905,-0.101
1.001,2.152
0.709,0.117
0.544,2.404
0.359,1.501
0.368,-0.311
0.347,-0.682
0.182,2.038
-0.016,1.573
-0.281,0.624
-0.521,-0.528
-0.602,0.814
-0.623,2.529
-2.426,-1.347
-3.046,-1.475
-3.068,-1.576
-3.056,-1.669
2.064,-1.388
1.911,-1.512
0.219,-1.558
-0.551,-1.452
-2.506,2.579
-2.617,2.59
-2.884,2.636
-3.059,2.684
3.076,2.571
-0.28,2.48
-1.004,-0.398
-0.997,0.823
-2.37,-0.255
3.069,2.562
1.022,1.094
0.756,-0.279
0.268,-0.416
-0.716,-1.099
0.69,1.864
0.304,0.034
0.128,-0.621
-0.101,2.182
-0.665,1.025
2.239,1.071
0.674,0.159
0.712,-0.406
-1.561,-1.305
-2.944,-1.284
0.32,-1.293
-0.387,-1.277
-0.781,-1.317
-2.293,-1.562
3.036,-1.671
2.12,-1.61
1.527,-1.869
0.932,-1.843
-0.718,-1.767
0.028,1.303
-0.066,0.71
-0.057,0.096
-0.084,2.009
-0.204,0.726
-0.351,-0.337
-0.377,0.014
-0.379,-0.302
-0.507,1.321
-0.567,2.156
-0.556,1.107
-0.564,0.707
-0.593,1.432
-0.519,0.388
-0.602,2.261
-2.88,-1.066
3.089,-0.945
2.761,-0.967
2.491,-1.107
0.354,-1.004
0.29,-0.948
-0.049,-1.045
-0.051,-1.015
-0.384,-1.069
-0.513,-0.988
-0.997,3.164
-1.349,3.202
-1.843,3.207
-2.749,3.074
-2.877,2.948
2.797,3.002
2.126,3.024
1.133,3.008
1.018,3.192
0.168,3.05
-0.027,2.913
0.723,3.065
2.553,-0.894
-0.575,0.366
-0.569,-0.343
-0.731,2.453
-0.737,1.837
-0.784,-0.202
-0.845,0.38
-0.842,2.954
-0.744,1.45
-0.939,2.587
-0.792,2.63
-0.941,1.102
-0.994,-0.255
-0.989,2.865
-0.87,0.617
-0.986,2.234
-0.916,1.223
-0.92,-0.014
-1.117,2.825
-0.992,1.233
-1.067,1.399
-1.059,2.591
-1.225,3.078
-1.078,1.081
-1.234,-0.351
-1.285,0.348
-1.295,2.703
-1.184,1.553
-1.394,1.107
-1.307,2.05
-1.261,0.059
-1.352,-0.068
-1.504,3.015
-1.373,2.319
-1.464,1.918
-1.597,1.684
-1.626,0.521
-1.745,0.482
-1.967,1.637
-2.016,0.022
-1.913,1.535
-1.99,0.259
-2.284,2.962
-2.257,1.587
-2.406,0.209
-2.399,1.44
-2.584,-0.657
-2.593,0.753
-2.481,1.962
-2.644,-0.044
-2.525,2.701
-2.54,-0.119
-2.559,0.25
-2.64,1.506
-2.804,1.364
-2.766,1.655
-2.899,2.533
-2.996,0.773
3.122,1.222
-3.063,2.712
-3.086,1.647
3.079,1.275
2.824,2.253
2.915,2.031
2.881,0.311
2.799,-0.194
2.776,2.278
2.657,2.73
2.506,3.054
2.573,1.346
2.588,3.025
2.573,0.165
2.322,1.554
2.437,2.266
2.264,0.518
2.369,2.83
2.337,-0.059
2.177,2.962
2.161,2.632
2.271,2.446
2.235,2.426
2.107,2.167
2.059,1.105
1.981,0.707
1.973,0.778
1.919,1.67
1.837,0.149
1.669,1.397
1.754,2.566
1.641,3.15
1.734,1.25
1.601,0.067
1.672,0.175
1.383,1.086
1.233,-0.027
1.202,0.389
1.298,2.642
1.006,0.607
0.841,2.894
0.656,1.991
0.665,0.179
0.644,-0.192
0.479,2.528
0.281,2.063
0.016,1.114
-0.224,-0.038
-0.305,1.304
-0.326,3.019
-2.129,-0.857
-2.749,-0.985
-2.771,-1.086
-2.759,-1.179
2.361,-0.898
2.208,-1.022
0.516,-1.068
-0.254,-0.962
-2.209,3.069
-2.32,3.08
-2.587,3.126
-2.762,3.174
-2.91,3.061
0.017,2.97
-0.707,0.092
-0.7,1.313
-2.073,0.235
-2.917,3.052
1.319,1.584
1.053,0.211
0.565,0.074
-0.419,-0.609
0.987,2.354
0.601,0.524
0.425,-0.131
0.196,2.672
-0.368,1.515
2.536,1.561
0.971,0.649
1.009,0.084
-1.264,-0.815
-2.647,-0.794
0.617,-0.803
-0.09,-0.787
-0.484,-0.827
-1.996,-1.072
-2.95,-1.181
2.417,-1.12
1.824,-1.379
1.229,-1.353
-0.421,-1.277
-0.094,-0.593
-0.085,-1.207
-0.112,0.706
-0.232,-0.577
-0.379,-1.64
-0.405,-1.289
-0.407,-1.605
-0.535,0.018
-0.595,0.853
-0.584,-0.196
-0.592,-0.596
-0.621,0.129
-0.547,-0.915
-0.63,0.958
-2.908,-2.369
3.061,-2.248
2.733,-2.27
2.463,-2.41
0.326,-2.307
0.262,-2.251
-0.077,-2.348
-0.079,-2.318
-0.412,-2.372
-0.541,-2.291
-1.025,1.861
-1.377,1.899
-1.871,1.904
-2.777,1.771
-2.905,1.645
2.769,1.699
2.098,1.721
1.105,1.705
0.99,1.889
0.14,1.747
-0.055,1.61
0.695,1.762
2.525,-2.197
-0.603,-0.937
-0.597,-1.646
-0.759,1.15
-0.765,0.534
-0.812,-1.505
-0.873,-0.923
-0.87,1.651
-0.772,0.147
-0.967,1.284
-0.82,1.327
-0.969,-0.201
-1.022,-1.558
-1.017,1.562
-0.898,-0.686
-1.014,0.931
-0.944,-0.08
-0.948,-1.317
-1.145,1.522
-1.02,-0.07
-1.095,0.096
-1.087,1.288
-1.253,1.775
-1.106,-0.222
-1.262,-1.654
-1.313,-0.955
-1.323,1.4
-1.212,0.25
-1.422,-0.196
-1.335,0.747
-1.289,-1.244
-1.38,-1.371
-1.532,1.712
-1.401,1.016
-1.492,0.615
-1.625,0.381
-1.654,-0.782
-1.773,-0.821
-1.995,0.334
-2.044,-1.281
-1.941,0.232
-2.018,-1.044
-2.312,1.659
-2.285,0.284
-2.434,-1.094
-2.427,0.137
-2.612,-1.96
-2.621,-0.55
-2.509,0.659
-2.672,-1.347
-2.553,1.398
-2.568,-1.422
-2.587,-1.053
-2.668,0.203
-2.832,0.061
-2.794,0.352
-2.927,1.23
-3.024,-0.53
3.094,-0.081
-3.091,1.409
-3.114,0.344
3.051,-0.028
2.796,0.95
2.887,0.728
2.853,-0.992
2.771,-1.497
2.748,0.975
2.629,1.427
2.478,1.751
2.545,0.043
2.56,1.722
2.545,-1.138
2.294,0.251
2.409,0.963
2.236,-0.785
2.341,1.527
2.309,-1.362
2.149,1.659
2.133,1.329
2.243,1.143
2.207,1.123
2.079,0.864
2.031,-0.198
1.953,-0.596
1.945,-0.525
1.891,0.367
1.809,-1.154
1.641,0.094
1.726,1.263
1.613,1.847
1.706,-0.053
1.573,-1.236
1.644,-1.128
1.355,-0.217
1.205,-1.33
1.174,-0.914
1.27,1.339
0.978,-0.696
0.813,1.591
0.628,0.688
0.637,-1.124
0.616,-1.495
0.451,1.225
0.253,0.76
-0.012,-0.189
-0.252,-1.341
-0.333,0.001
-0.354,1.716
-2.157,-2.16
-2.777,-2.288
-2.799,-2.389
-2.787,-2.482
2.333,-2.201
2.18,-2.325
0.488,-2.371
-0.282,-2.265
-2.237,1.766
-2.348,1.777
-2.615,1.823
-2.79,1.871
-2.938,1.758
-0.011,1.667
-0.735,-1.211
-0.728,0.01
-2.101,-1.068
-2.945,1.749
1.291,0.281
1.025,-1.092
0.537,-1.229
-0.447,-1.912
0.959,1.051
0.573,-0.779
0.397,-1.434
0.168,1.369
-0.396,0.212
2.508,0.258
0.943,-0.654
0.981,-1.219
-1.292,-2.118
-2.675,-2.097
0.589,-2.106
-0.118,-2.09
-0.512,-2.13
-2.024,-2.375
-2.978,-2.484
2.389,-2.423
1.796,-2.682
1.201,-2.656
-0.449,-2.58
0.009,-0.614
-0.018,1.299
-0.138,0.016
-0.285,-1.047
-0.311,-0.696
-0.313,-1.012
-0.441,0.611
-0.501,1.446
-0.49,0.397
-0.498,-0.003
-0.527,0.722
-0.453,-0.322
-0.536,1.551
-2.814,-1.776
-3.128,-1.655
2.827,-1.677
2.557,-1.817
0.42,-1.714
0.356,-1.658
0.017,-1.755
0.015,-1.725
-0.318,-1.779
-0.447,-1.698
-0.931,2.454
-1.283,2.492
-1.777,2.497
-2.683,2.364
-2.811,2.238
2.863,2.292
2.192,2.314
1.199,2.298
1.084,2.482
0.234,2.34
0.039,2.203
0.789,2.355
2.619,-1.604
-0.509,-0.344
-0.503,-1.053
-0.665,1.743
-0.671,1.127
-0.718,-0.912
-0.779,-0.33
-0.776,2.244
-0.678,0.74
-0.873,1.877
-0.726,1.92
-0.875,0.392
-0.928,-0.965
-0.923,2.155
-0.804,-0.093
-0.92,1.524
-0.85,0.513
-0.854,-0.724
-1.051,2.115
-0.926,0.523
-1.001,0.689
-0.993,1.881
-1.159,2.368
-1.012,0.371
-1.168,-1.061
-1.219,-0.362
-1.229,1.993
-1.118,0.843
-1.328,0.397
-1.241,1.34
-1.195,-0.651
-1.286,-0.778
-1.438,2.305
-1.307,1.609
-1.398,1.208
-1.531,0.974
-1.56,-0.189
-1.679,-0.228
-1.901,0.927
-1.95,-0.688
-1.847,0.825
-1.924,-0.451
-2.218,2.252
-2.191,0.877
-2.34,-0.501
-2.333,0.73
-2.518,-1.367
-2.527,0.043
-2.415,1.252
-2.578,-0.754
-2.459,1.991
-2.474,-0.829
-2.493,-0.46
-2.574,0.796
-2.738,0.654
-2.7,0.945
-2.833,1.823
-2.93,0.063
-3.095,0.512
-2.997,2.002
-3.02,0.937
-3.138,0.565
2.89,1.543
2.981,1.321
2.947,-0.399
2.865,-0.904
2.842,1.568
2.723,2.02
2.572,2.344
2.639,0.636
2.654,2.315
2.639,-0.545
2.388,0.844
2.503,1.556
2.33,-0.192
2.435,2.12
2.403,-0.769
2.243,2.252
2.227,1.922
2.337,1.736
2.301,1.716
2.173,1.457
2.125,0.395
2.047,-0.003
2.039,0.068
1.985,0.96
1.903,-0.561
1.735,0.687
1.82,1.856
1.707,2.44
1.8,0.54
1.667,-0.643
1.738,-0.535
1.449,0.376
1.299,-0.737
1.268,-0.321
1.364,1.932
1.072,-0.103
0.907,2.184
0.722,1.281
0.731,-0.531
0.71,-0.902
0.545,1.818
0.347,1.353
0.082,0.404
-0.158,-0.748
-0.239,0.594
-0.26,2.309
-2.063,-1.567
-2.683,-1.695
-2.705,-1.796
-2.693,-1.889
2.427,-1.608
2.274,-1.732
0.582,-1.778
-0.188,-1.672
-2.143,2.359
-2.254,2.37
-2.521,2.416
-2.696,2.464
-2.844,2.351
0.083,2.26
-0.641,-0.618
-0.634,0.603
-2.007,-0.475
-2.851,2.342
1.385,0.874
1.119,-0.499
0.631,-0.636
-0.353,-1.319
1.053,1.644
0.667,-0.186
0.491,-0.841
0.262,1.962
-0.302,0.805
2.602,0.851
1.037,-0.061
1.075,-0.626
-1.198,-1.525
-2.581,-1.504
0.683,-1.513
-0.024,-1.497
-0.418,-1.537
-1.93,-1.782
-2.884,-1.891
2.483,-1.83
1.89,-2.089
1.295,-2.063
-0.355,-1.987
-0.027,1.913
-0.147,0.63
-0.294,-0.433
-0.32,-0.082
-0.322,-0.398
-0.45,1.225
-0.51,2.06
-0.499,1.011
-0.507,0.611
-0.536,1.336
-0.462,0.292
-0.545,2.165
-2.823,-1.162
-3.137,-1.041
2.818,-1.063
2.548,-1.203
0.411,-1.1
0.347,-1.044
0.008,-1.141
0.006,-1.111
-0.327,-1.165
-0.456,-1.084
-0.94,3.068
-1.292,3.106
-1.786,3.111
-2.692,2.978
-2.82,2.852
2.854,2.906
2.183,2.928
1.19,2.912
1.075,3.096
0.225,2.954
0.03,2.817
0.78,2.969
2.61,-0.99
-0.518,0.27
-0.512,-0.439
-0.674,2.357
-0.68,1.741
-0.727,-0.298
-0.788,0.284
-0.785,2.858
-0.687,1.354
-0.882,2.491
-0.735,2.534
-0.884,1.006
-0.937,-0.351
-0.932,2.769
-0.813,0.521
-0.929,2.138
-0.859,1.127
-0.863,-0.11
-1.06,2.729
-0.935,1.137
-1.01,1.303
-1.002,2.495
-1.168,2.982
-1.021,0.985
-1.177,-0.447
-1.228,0.252
-1.238,2.607
-1.127,1.457
-1.337,1.011
-1.25,1.954
-1.204,-0.037
-1.295,-0.164
-1.447,2.919
-1.316,2.223
-1.407,1.822
-1.54,1.588
-1.569,0.425
-1.688,0.386
-1.91,1.541
-1.959,-0.074
-1.856,1.439
-1.933,0.163
-2.227,2.866
-2.2,1.491
-2.349,0.113
-2.342,1.344
-2.527,-0.753
-2.536,0.657
-2.424,1.866
-2.587,-0.14
-2.468,2.605
-2.483,-0.215
-2.502,0.154
-2.583,1.41
-2.747,1.268
-2.709,1.559
-2.842,2.437
-2.939,0.677
-3.104,1.126
-3.006,2.616
-3.029,1.551
3.136,1.179
2.881,2.157
2.972,1.935
2.938,0.215
2.856,-0.29
2.833,2.182
2.714,2.634
2.563,2.958
2.63,1.25
2.645,2.929
2.63,0.069
2.379,1.458
2.494,2.17
2.321,0.422
2.426,2.734
2.394,-0.155
2.234,2.866
2.218,2.536
2.328,2.35
2.292,2.33
2.164,2.071
2.116,1.009
2.038,0.611
2.03,0.682
1.976,1.574
1.894,0.053
1.726,1.301
1.811,2.47
1.698,3.054
1.791,1.154
1.658,-0.029
1.729,0.079
1.44,0.99
1.29,-0.123
1.259,0.293
1.355,2.546
1.063,0.511
0.898,2.798
0.713,1.895
0.722,0.083
0.701,-0.288
0.536,2.432
0.338,1.967
0.073,1.018
-0.167,-0.134
-0.248,1.208
-0.269,2.923
-2.072,-0.953
-2.692,-1.081
-2.714,-1.182
-2.702,-1.275
2.418,-0.994
2.265,-1.118
0.573,-1.164
-0.197,-1.058
-2.152,2.973
-2.263,2.984
-2.53,3.03
-2.705,3.078
-2.853,2.965
0.074,2.874
-0.65,-0.004
-0.643,1.217
-2.016,0.139
-2.86,2.956
1.376,1.488
1.11,0.115
0.622,-0.022
-0.362,-0.705
1.044,2.258
0.658,0.428
0.482,-0.227
0.253,2.576
-0.311,1.419
2.593,1.465
1.028,0.553
1.066,-0.012
-1.207,-0.911
-2.59,-0.89
0.674,-0.899
-0.033,-0.883
-0.427,-0.923
-1.939,-1.168
-2.893,-1.277
2.474,-1.216
1.881,-1.475
1.286,-1.449
-0.364,-1.373
-0.12,-1.283
-0.267,-2.346
-0.293,-1.995
-0.295,-2.311
-0.423,-0.688
-0.483,0.147
-0.472,-0.902
-0.48,-1.302
-0.509,-0.577
-0.435,-1.621
-0.518,0.252
-2.796,-3.075
-3.11,-2.954
2.845,-2.976
2.575,-3.116
0.438,-3.013
0.374,-2.957
0.035,-3.054
0.033,-3.024
-0.3,-3.078
-0.429,-2.997
-0.913,1.155
-1.265,1.193
-1.759,1.198
-2.665,1.065
-2.793,0.939
2.881,0.993
2.21,1.015
1.217,0.999
1.102,1.183
0.252,1.041
0.057,0.904
0.807,1.056
2.637,-2.903
-0.491,-1.643
-0.485,-2.352
-0.647,0.444
-0.653,-0.172
-0.7,-2.211
-0.761,-1.629
-0.758,0.945
-0.66,-0.559
-0.855,0.578
-0.708,0.621
-0.857,-0.907
-0.91,-2.264
-0.905,0.856
-0.786,-1.392
-0.902,0.225
-0.832,-0.786
-0.836,-2.023
-1.033,0.816
-0.908,-0.776
-0.983,-0.61
-0.975,0.582
-1.141,1.069
-0.994,-0.928
-1.15,-2.36
-1.201,-1.661
-1.211,0.694
-1.1,-0.456
-1.31,-0.902
-1.223,0.041
-1.177,-1.95
-1.268,-2.077
-1.42,1.006
-1.289,0.31
-1.38,-0.091
-1.513,-0.325
-1.542,-1.488
-1.661,-1.527
-1.883,-0.372
-1.932,-1.987
-1.829,-0.474
-1.906,-1.75
-2.2,0.953
-2.173,-0.422
-2.322,-1.8
-2.315,-0.569
-2.5,-2.666
-2.509,-1.256
-2.397,-0.047
-2.56,-2.053
-2.441,0.692
-2.456,-2.128
-2.475,-1.759
-2.556,-0.503
-2.72,-0.645
-2.682,-0.354
-2.815,0.524
-2.912,-1.236
-3.077,-0.787
-2.979,0.703
-3.002,-0.362
-3.12,-0.734
2.908,0.244
2.999,0.022
2.965,-1.698
2.883,-2.203
2.86,0.269
2.741,0.721
2.59,1.045
2.657,-0.663
2.672,1.016
2.657,-1.844
2.406,-0.455
2.521,0.257
2.348,-1.491
2.453,0.821
2.421,-2.068
2.261,0.953
2.245,0.623
2.355,0.437
2.319,0.417
2.191,0.158
2.143,-0.904
2.065,-1.302
2.057,-1.231
2.003,-0.339
1.921,-1.86
1.753,-0.612
1.838,0.557
1.725,1.141
1.818,-0.759
1.685,-1.942
1.756,-1.834
1.467,-0.923
1.317,-2.036
1.286,-1.62
1.382,0.633
1.09,-1.402
0.925,0.885
0.74,-0.018
0.749,-1.83
0.728,-2.201
0.563,0.519
0.365,0.054
0.1,-0.895
-0.14,-2.047
-0.221,-0.705
-0.242,1.01
-2.045,-2.866
-2.665,-2.994
-2.687,-3.095
-2.675,-3.188
2.445,-2.907
2.292,-3.031
0.6,-3.077
-0.17,-2.971
-2.125,1.06
-2.236,1.071
-2.503,1.117
-2.678,1.165
-2.826,1.052
0.101,0.961
-0.623,-1.917
-0.616,-0.696
-1.989,-1.774
-2.833,1.043
1.403,-0.425
1.137,-1.798
0.649,-1.935
-0.335,-2.618
1.071,0.345
0.685,-1.485
0.509,-2.14
0.28,0.663
-0.284,-0.494
2.62,-0.448
1.055,-1.36
1.093,-1.925
-1.18,-2.824
-2.563,-2.803
0.701,-2.812
-0.006,-2.796
-0.4,-2.836
-1.912,-3.081
-2.866,-3.19
2.501,-3.129
1.908,-3.388
1.313,-3.362
-0.337,-3.286
-0.147,-1.063
-0.173,-0.712
-0.175,-1.028
-0.303,0.595
-0.363,1.43
-0.352,0.381
-0.36,-0.019
-0.389,0.706
-0.315,-0.338
-0.398,1.535
-2.676,-1.792
-2.99,-1.671
2.965,-1.693
2.695,-1.833
0.558,-1.73
0.494,-1.674
0.155,-1.771
0.153,-1.741
-0.18,-1.795
-0.309,-1.714
-0.793,2.438
-1.145,2.476
-1.639,2.481
-2.545,2.348
-2.673,2.222
3.001,2.276
2.33,2.298
1.337,2.282
1.222,2.466
0.372,2.324
0.177,2.187
0.927,2.339
2.757,-1.62
-0.371,-0.36
-0.365,-1.069
-0.527,1.727
-0.533,1.111
-0.58,-0.928
-0.641,-0.346
-0.638,2.228
-0.54,0.724
-0.735,1.861
-0.588,1.904
-0.737,0.376
-0.79,-0.981
-0.785,2.139
-0.666,-0.109
-0.782,1.508
-0.712,0.497
-0.716,-0.74
-0.913,2.099
-0.788,0.507
-0.863,0.673
-0.855,1.865
-1.021,2.352
-0.874,0.355
-1.03,-1.077
-1.081,-0.378
-1.091,1.977
-0.98,0.827
-1.19,0.381
-1.103,1.324
-1.057,-0.667
-1.148,-0.794
-1.3,2.289
-1.169,1.593
-1.26,1.192
-1.393,0.958
-1.422,-0.205
-1.541,-0.244
-1.763,0.911
-1.812,-0.704
-1.709,0.809
-1.786,-0.467
-2.08,2.236
-2.053,0.861
-2.202,-0.517
-2.195,0.714
-2.38,-1.383
-2.389,0.027
-2.277,1.236
-2.44,-0.77
-2.321,1.975
-2.336,-0.845
-2.355,-0.476
-2.436,0.78
-2.6,0.638
-2.562,0.929
-2.695,1.807
-2.792,0.047
-2.957,0.496
-2.859,1.986
-2.882,0.921
-3.0,0.549
3.028,1.527
3.119,1.305
3.085,-0.415
3.003,-0.92
2.98,1.552
2.861,2.004
2.71,2.328
2.777,0.62
2.792,2.299
2.777,-0.561
2.526,0.828
2.641,1.54
2.468,-0.208
2.573,2.104
2.541,-0.785
2.381,2.236
2.365,1.906
2.475,1.72
2.439,1.7
2.311,1.441
2.263,0.379
2.185,-0.019
2.177,0.052
2.123,0.944
2.041,-0.577
1.873,0.671
1.958,1.84
1.845,2.424
1.938,0.524
1.805,-0.659
1.876,-0.551
1.587,0.36
1.437,-0.753
1.406,-0.337
1.502,1.916
1.21,-0.119
1.045,2.168
0.86,1.265
0.869,-0.547
0.848,-0.918
0.683,1.802
0.485,1.337
0.22,0.388
-0.02,-0.764
-0.101,0.578
-0.122,2.293
-1.925,-1.583
-2.545,-1.711
-2.567,-1.812
-2.555,-1.905
2.565,-1.624
2.412,-1.748
0.72,-1.794
-0.05,-1.688
-2.005,2.343
-2.116,2.354
-2.383,2.4
-2.558,2.448
-2.706,2.335
0.221,2.244
-0.503,-0.634
-0.496,0.587
-1.869,-0.491
-2.713,2.326
1.523,0.858
1.257,-0.515
0.769,-0.652
-0.215,-1.335
1.191,1.628
0.805,-0.202
0.629,-0.857
0.4,1.946
-0.164,0.789
2.74,0.835
1.175,-0.077
1.213,-0.642
-1.06,-1.541
-2.443,-1.52
0.821,-1.529
0.114,-1.513
-0.28,-1.553
-1.792,-1.798
-2.746,-1.907
2.621,-1.846
2.028,-2.105
1.433,-2.079
-0.217,-2.003
-0.026,0.351
-0.028,0.035
-0.156,1.658
-0.216,2.493
-0.205,1.444
-0.213,1.044
-0.242,1.769
-0.168,0.725
-0.251,2.598
-2.529,-0.729
-2.843,-0.608
3.112,-0.63
2.842,-0.77
0.705,-0.667
0.641,-0.611
0.302,-0.708
0.3,-0.678
-0.033,-0.732
-0.162,-0.651
-0.646,3.501
-0.998,3.539
-1.492,3.544
-2.398,3.411
-2.526,3.285
-3.135,3.339
2.477,3.361
1.484,3.345
1.369,3.529
0.519,3.387
0.324,3.25
1.074,3.402
2.904,-0.557
-0.224,0.703
-0.218,-0.006
-0.38,2.79
-0.386,2.174
-0.433,0.135
-0.494,0.717
-0.491,3.291
-0.393,1.787
-0.588,2.924
-0.441,2.967
-0.59,1.439
-0.643,0.082
-0.638,3.202
-0.519,0.954
-0.635,2.571
-0.565,1.56
-0.569,0.323
-0.766,3.162
-0.641,1.57
-0.716,1.736
-0.708,2.928
-0.874,3.415
-0.727,1.418
-0.883,-0.014
-0.934,0.685
-0.944,3.04
-0.833,1.89
-1.043,1.444
-0.956,2.387
-0.91,0.396
-1.001,0.269
-1.153,3.352
-1.022,2.656
-1.113,2.255
-1.246,2.021
-1.275,0.858
-1.394,0.819
-1.616,1.974
-1.665,0.359
-1.562,1.872
-1.639,0.596
-1.933,3.299
-1.906,1.924
-2.055,0.546
-2.048,1.777
-2.233,-0.32
-2.242,1.09
-2.13,2.299
-2.293,0.293
-2.174,3.038
-2.189,0.218
-2.208,0.587
-2.289,1.843
-2.453,1.701
-2.415,1.992
-2.548,2.87
-2.645,1.11
-2.81,1.559
-2.712,3.049
-2.735,1.984
-2.853,1.612
-3.108,2.59
-3.017,2.368
-3.051,0.648
-3.133,0.143
3.127,2.615
3.008,3.067
2.857,3.391
2.924,1.683
2.939,3.362
2.924,0.502
2.673,1.891
2.788,2.603
2.615,0.855
2.72,3.167
2.688,0.278
2.528,3.299
2.512,2.969
2.622,2.783
2.586,2.763
2.458,2.504
2.41,1.442
2.332,1.044
2.324,1.115
2.27,2.007
2.188,0.486
2.02,1.734
2.105,2.903
1.992,3.487
2.085,1.587
1.952,0.404
2.023,0.512
1.734,1.423
1.584,0.31
1.553,0.726
1.649,2.979
1.357,0.944
1.192,3.231
1.007,2.328
1.016,0.516
0.995,0.145
0.83,2.865
0.632,2.4
0.367,1.451
0.127,0.299
0.046,1.641
0.025,3.356
-1.778,-0.52
-2.398,-0.648
-2.42,-0.749
-2.408,-0.842
2.712,-0.561
2.559,-0.685
0.867,-0.731
0.097,-0.625
-1.858,3.406
-1.969,3.417
-2.236,3.463
-2.411,3.511
-2.559,3.398
0.368,3.307
-0.356,0.429
-0.349,1.65
-1.722,0.572
-2.566,3.389
1.67,1.921
1.404,0.548
0.916,0.411
-0.068,-0.272
1.338,2.691
0.952,0.861
0.776,0.206
0.547,3.009
-0.017,1.852
2.887,1.898
1.322,0.986
1.36,0.421
-0.913,-0.478
-2.296,-0.457
0.968,-0.466
0.261,-0.45
-0.133,-0.49
-1.645,-0.735
-2.599,-0.844
2.768,-0.783
2.175,-1.042
1.58,-1.016
-0.07,-0.94
-0.002,-0.316
-0.13,1.307
-0.19,2.142
-0.179,1.093
-0.187,0.693
-0.216,1.418
-0.142,0.374
-0.225,2.247
-2.503,-1.08
-2.817,-0.959
3.138,-0.981
2.868,-1.121
0.731,-1.018
0.667,-0.962
0.328,-1.059
0.326,-1.029
-0.007,-1.083
-0.136,-1.002
-0.62,3.15
-0.972,3.188
-1.466,3.193
-2.372,3.06
-2.5,2.934
-3.109,2.988
2.503,3.01
1.51,2.994
1.395,3.178
0.545,3.036
0.35,2.899
1.1,3.051
2.93,-0.908
-0.198,0.352
-0.192,-0.357
-0.354,2.439
-0.36,1.823
-0.407,-0.216
-0.468,0.366
-0.465,2.94
-0.367,1.436
-0.562,2.573
-0.415,2.616
-0.564,1.088
-0.617,-0.269
-0.612,2.851
-0.493,0.603
-0.609,2.22
-0.539,1.209
-0.543,-0.028
-0.74,2.811
-0.615,1.219
-0.69,1.385
-0.682,2.577
-0.848,3.064
-0.701,1.067
-0.857,-0.365
-0.908,0.334
-0.918,2.689
-0.807,1.539
-1.017,1.093
-0.93,2.036
-0.884,0.045
-0.975,-0.082
-1.127,3.001
-0.996,2.305
-1.087,1.904
-1.22,1.67
-1.249,0.507
-1.368,0.468
-1.59,1.623
-1.639,0.008
-1.536,1.521
-1.613,0.245
-1.907,2.948
-1.88,1.573
-2.029,0.195
-2.022,1.426
-2.207,-0.671
-2.216,0.739
-2.104,1.948
-2.267,-0.058
-2.148,2.687
-2.163,-0.133
-2.182,0.236
-2.263,1.492
-2.427,1.35
-2.389,1.641
-2.522,2.519
-2.619,0.759
-2.784,1.208
-2.686,2.698
-2.709,1.633
-2.827,1.261
-3.082,2.239
-2.991,2.017
-3.025,0.297
-3.107,-0.208
-3.13,2.264
3.034,2.716
2.883,3.04
2.95,1.332
2.965,3.011
2.95,0.151
2.699,1.54
2.814,2.252
2.641,0.504
2.746,2.816
2.714,-0.073
2.554,2.948
2.538,2.618
2.648,2.432
2.612,2.412
2.484,2.153
2.436,1.091
2.358,0.693
2.35,0.764
2.296,1.656
2.214,0.135
2.046,1.383
2.131,2.552
2.018,3.136
2.111,1.236
1.978,0.053
2.049,0.161
1.76,1.072
1.61,-0.041
1.579,0.375
1.675,2.628
1.383,0.593
1.218,2.88
1.033,1.977
1.042,0.165
1.021,-0.206
0.856,2.514
0.658,2.049
0.393,1.1
0.153,-0.052
0.072,1.29
0.051,3.005
-1.752,-0.871
-2.372,-0.999
-2.394,-1.1
-2.382,-1.193
2.738,-0.912
2.585,-1.036
0.893,-1.082
0.123,-0.976
-1.832,3.055
-1.943,3.066
-2.21,3.112
-2.385,3.16
-2.533,3.047
0.394,2.956
-0.33,0.078
-0.323,1.299
-1.696,0.221
-2.54,3.038
1.696,1.57
1.43,0.197
0.942,0.06
-0.042,-0.623
1.364,2.34
0.978,0.51
0.802,-0.145
0.573,2.658
0.009,1.501
2.913,1.547
1.348,0.635
1.386,0.07
-0.887,-0.829
-2.27,-0.808
0.994,-0.817
0.287,-0.801
-0.107,-0.841
-1.619,-1.086
-2.573,-1.195
2.794,-1.134
2.201,-1.393
1.606,-1.367
-0.044,-1.291
-0.128,1.623
-0.188,2.458
-0.177,1.409
-0.185,1.009
-0.214,1.734
-0.14,0.69
-0.223,2.563
-2.501,-0.764
-2.815,-0.643
3.14,-0.665
2.87,-0.805
0.733,-0.702
0.669,-0.646
0.33,-0.743
0.328,-0.713
-0.005,-0.767
-0.134,-0.686
-0.618,3.466
-0.97,3.504
-1.464,3.509
-2.37,3.376
-2.498,3.25
-3.107,3.304
2.505,3.326
1.512,3.31
1.397,3.494
0.547,3.352
0.352,3.215
1.102,3.367
2.932,-0.592
-0.196,0.668
-0.19,-0.041
-0.352,2.755
-0.358,2.139
-0.405,0.1
-0.466,0.682
-0.463,3.256
-0.365,1.752
-0.56,2.889
-0.413,2.932
-0.562,1.404
-0.615,0.047
-0.61,3.167
-0.491,0.919
-0.607,2.536
-0.537,1.525
-0.541,0.288
-0.738,3.127
-0.613,1.535
-0.688,1.701
-0.68,2.893
-0.846,3.38
-0.699,1.383
-0.855,-0.049
-0.906,0.65
-0.916,3.005
-0.805,1.855
-1.015,1.409
-0.928,2.352
-0.882,0.361
-0.973,0.234
-1.125,3.317
-0.994,2.621
-1.085,2.22
-1.218,1.986
-1.247,0.823
-1.366,0.784
-1.588,1.939
-1.637,0.324
-1.534,1.837
-1.611,0.561
-1.905,3.264
-1.878,1.889
-2.027,0.511
-2.02,1.742
-2.205,-0.355
-2.214,1.055
-2.102,2.264
-2.265,0.258
-2.146,3.003
-2.161,0.183
-2.18,0.552
-2.261,1.808
-2.425,1.666
-2.387,1.957
-2.52,2.835
-2.617,1.075
-2.782,1.524
-2.684,3.014
-2.707,1.949
-2.825,1.577
-3.08,2.555
-2.989,2.333
-3.023,0.613
-3.105,0.108
-3.128,2.58
3.036,3.032
2.885,3.356
2.952,1.648
2.967,3.327
2.952,0.467
2.701,1.856
2.816,2.568
2.643,0.82
2.748,3.132
2.716,0.243
2.556,3.264
2.54,2.934
2.65,2.748
2.614,2.728
2.486,2.469
2.438,1.407
2.36,1.009
2.352,1.08
2.298,1.972
2.216,0.451
2.048,1.699
2.133,2.868
2.02,3.452
2.113,1.552
1.98,0.369
2.051,0.477
1.762,1.388
1.612,0.275
1.581,0.691
1.677,2.944
1.385,0.909
1.22,3.196
1.035,2.293
1.044,0.481
1.023,0.11
0.858,2.83
0.66,2.365
0.395,1.416
0.155,0.264
0.074,1.606
0.053,3.321
-1.75,-0.555
-2.37,-0.683
-2.392,-0.784
-2.38,-0.877
2.74,-0.596
2.587,-0.72
0.895,-0.766
0.125,-0.66
-1.83,3.371
-1.941,3.382
-2.208,3.428
-2.383,3.476
-2.531,3.363
0.396,3.272
-0.328,0.394
-0.321,1.615
-1.694,0.537
-2.538,3.354
1.698,1.886
1.432,0.513
0.944,0.376
-0.04,-0.307
1.366,2.656
0.98,0.826
0.804,0.171
0.575,2.974
0.011,1.817
2.915,1.863
1.35,0.951
1.388,0.386
-0.885,-0.513
-2.268,-0.492
0.996,-0.501
0.289,-0.485
-0.105,-0.525
-1.617,-0.77
-2.571,-0.879
2.796,-0.818
2.203,-1.077
1.608,-1.051
-0.042,-0.975
-0.06,0.835
-0.049,-0.214
-0.057,-0.614
-0.086,0.111
-0.012,-0.933
-0.095,0.94
-2.373,-2.387
-2.687,-2.266
-3.015,-2.288
2.998,-2.428
0.861,-2.325
0.797,-2.269
0.458,-2.366
0.456,-2.336
0.123,-2.39
-0.006,-2.309
-0.49,1.843
-0.842,1.881
-1.336,1.886
-2.242,1.753
-2.37,1.627
-2.979,1.681
2.633,1.703
1.64,1.687
1.525,1.871
0.675,1.729
0.48,1.592
1.23,1.744
3.06,-2.215
-0.068,-0.955
-0.062,-1.664
-0.224,1.132
-0.23,0.516
-0.277,-1.523
-0.338,-0.941
-0.335,1.633
-0.237,0.129
-0.432,1.266
-0.285,1.309
-0.434,-0.219
-0.487,-1.576
-0.482,1.544
-0.363,-0.704
-0.479,0.913
-0.409,-0.098
-0.413,-1.335
-0.61,1.504
-0.485,-0.088
-0.56,0.078
-0.552,1.27
-0.718,1.757
-0.571,-0.24
-0.727,-1.672
-0.778,-0.973
-0.788,1.382
-0.677,0.232
-0.887,-0.214
-0.8,0.729
-0.754,-1.262
-0.845,-1.389
-0.997,1.694
-0.866,0.998
-0.957,0.597
-1.09,0.363
-1.119,-0.8
-1.238,-0.839
-1.46,0.316
-1.509,-1.299
-1.406,0.214
-1.483,-1.062
-1.777,1.641
-1.75,0.266
-1.899,-1.112
-1.892,0.119
-2.077,-1.978
-2.086,-0.568
-1.974,0.641
-2.137,-1.365
-2.018,1.38
-2.033,-1.44
-2.052,-1.071
-2.133,0.185
-2.297,0.043
-2.259,0.334
-2.392,1.212
-2.489,-0.548
-2.654,-0.099
-2.556,1.391
-2.579,0.326
-2.697,-0.046
-2.952,0.932
-2.861,0.71
-2.895,-1.01
-2.977,-1.515
-3.0,0.957
-3.119,1.409
3.013,1.733
3.08,0.025
3.095,1.704
3.08,-1.156
2.829,0.233
2.944,0.945
2.771,-0.803
2.876,1.509
2.844,-1.38
2.684,1.641
2.668,1.311
2.778,1.125
2.742,1.105
2.614,0.846
2.566,-0.216
2.488,-0.614
2.48,-0.543
2.426,0.349
2.344,-1.172
2.176,0.076
2.261,1.245
2.148,1.829
2.241,-0.071
2.108,-1.254
2.179,-1.146
1.89,-0.235
1.74,-1.348
1.709,-0.932
1.805,1.321
1.513,-0.714
1.348,1.573
1.163,0.67
1.172,-1.142
1.151,-1.513
0.986,1.207
0.788,0.742
0.523,-0.207
0.283,-1.359
0.202,-0.017
0.181,1.698
-1.622,-2.178
-2.242,-2.306
-2.264,-2.407
-2.252,-2.5
2.868,-2.219
2.715,-2.343
1.023,-2.389
0.253,-2.283
-1.702,1.748
-1.813,1.759
-2.08,1.805
-2.255,1.853
-2.403,1.74
0.524,1.649
-0.2,-1.229
-0.193,-0.008
-1.566,-1.086
-2.41,1.731
1.826,0.263
1.56,-1.11
1.072,-1.247
0.088,-1.93
1.494,1.033
1.108,-0.797
0.932,-1.452
0.703,1.351
0.139,0.194
3.043,0.24
1.478,-0.672
1.516,-1.237
-0.757,-2.136
-2.14,-2.115
1.124,-2.124
0.417,-2.108
0.023,-2.148
-1.489,-2.393
-2.443,-2.502
2.924,-2.441
2.331,-2.7
1.736,-2.674
0.086,-2.598
0.011,-1.049
0.003,-1.449
-0.026,-0.724
0.048,-1.768
-0.035,0.105
-2.313,-3.222
-2.627,-3.101
-2.955,-3.123
3.058,-3.263
0.921,-3.16
0.857,-3.104
0.518,-3.201
0.516,-3.171
0.183,-3.225
0.054,-3.144
-0.43,1.008
-0.782,1.046
-1.276,1.051
-2.182,0.918
-2.31,0.792
-2.919,0.846
2.693,0.868
1.7,0.852
1.585,1.036
0.735,0.894
0.54,0.757
1.29,0.909
3.12,-3.05
-0.008,-1.79
-0.002,-2.499
-0.164,0.297
-0.17,-0.319
-0.217,-2.358
-0.278,-1.776
-0.275,0.798
-0.177,-0.706
-0.372,0.431
-0.225,0.474
-0.374,-1.054
-0.427,-2.411
-0.422,0.709
-0.303,-1.539
-0.419,0.078
-0.349,-0.933
-0.353,-2.17
-0.55,0.669
-0.425,-0.923
-0.5,-0.757
-0.492,0.435
-0.658,0.922
-0.511,-1.075
-0.667,-2.507
-0.718,-1.808
-0.728,0.547
-0.617,-0.603
-0.827,-1.049
-0.74,-0.106
-0.694,-2.097
-0.785,-2.224
-0.937,0.859
-0.806,0.163
-0.897,-0.238
-1.03,-0.472
-1.059,-1.635
-1.178,-1.674
-1.4,-0.519
-1.449,-2.134
-1.346,-0.621
-1.423,-1.897
-1.717,0.806
-1.69,-0.569
-1.839,-1.947
-1.832,-0.716
-2.017,-2.813
-2.026,-1.403
-1.914,-0.194
-2.077,-2.2
-1.958,0.545
-1.973,-2.275
-1.992,-1.906
-2.073,-0.65
-2.237,-0.792
-2.199,-0.501
-2.332,0.377
-2.429,-1.383
-2.594,-0.934
-2.496,0.556
-2.519,-0.509
-2.637,-0.881
-2.892,0.097
-2.801,-0.125
-2.835,-1.845
-2.917,-2.35
-2.94,0.122
-3.059,0.574
3.073,0.898
3.14,-0.81
-3.128,0.869
3.14,-1.991
2.889,-0.602
3.004,0.11
2.831,-1.638
2.936,0.674
2.904,-2.215
2.744,0.806
2.728,0.476
2.838,0.29
2.802,0.27
2.674,0.011
2.626,-1.051
2.548,-1.449
2.54,-1.378
2.486,-0.486
2.404,-2.007
2.236,-0.759
2.321,0.41
2.208,0.994
2.301,-0.906
2.168,-2.089
2.239,-1.981
1.95,-1.07
1.8,-2.183
1.769,-1.767
1.865,0.486
1.573,-1.549
1.408,0.738
1.223,-0.165
1.232,-1.977
1.211,-2.348
1.046,0.372
0.848,-0.093
0.583,-1.042
0.343,-2.194
0.262,-0.852
0.241,0.863
-1.562,-3.013
-2.182,-3.141
-2.204,-3.242
-2.192,-3.335
2.928,-3.054
2.775,-3.178
1.083,-3.224
0.313,-3.118
-1.642,0.913
-1.753,0.924
-2.02,0.97
-2.195,1.018
-2.343,0.905
0.584,0.814
-0.14,-2.064
-0.133,-0.843
-1.506,-1.921
-2.35,0.896
1.886,-0.572
1.62,-1.945
1.132,-2.082
0.148,-2.765
1.554,0.198
1.168,-1.632
0.992,-2.287
0.763,0.516
0.199,-0.641
3.103,-0.595
1.538,-1.507
1.576,-2.072
-0.697,-2.971
-2.08,-2.95
1.184,-2.959
0.477,-2.943
0.083,-2.983
-1.429,-3.228
-2.383,-3.337
2.984,-3.276
2.391,-3.535
1.796,-3.509
0.146,-3.433
-0.008,-0.4
-0.037,0.325
0.037,-0.719
-0.046,1.154
-2.324,-2.173
-2.638,-2.052
-2.966,-2.074
3.047,-2.214
0.91,-2.111
0.846,-2.055
0.507,-2.152
0.505,-2.122
0.172,-2.176
0.043,-2.095
-0.441,2.057
-0.793,2.095
-1.287,2.1
-2.193,1.967
-2.321,1.841
-2.93,1.895
2.682,1.917
1.689,1.901
1.574,2.085
0.724,1.943
0.529,1.806
1.279,1.958
3.109,-2.001
-0.019,-0.741
-0.013,-1.45
-0.175,1.346
-0.181,0.73
-0.228,-1.309
-0.289,-0.727
-0.286,1.847
-0.188,0.343
-0.383,1.48
-0.236,1.523
-0.385,-0.005
-0.438,-1.362
-0.433,1.758
-0.314,-0.49
-0.43,1.127
-0.36,0.116
-0.364,-1.121
-0.561,1.718
-0.436,0.126
-0.511,0.292
-0.503,1.484
-0.669,1.971
-0.522,-0.026
-0.678,-1.458
-0.729,-0.759
-0.739,1.596
-0.628,0.446
-0.838,0.0
-0.751,0.943
-0.705,-1.048
-0.796,-1.175
-0.948,1.908
-0.817,1.212
-0.908,0.811
-1.041,0.577
-1.07,-0.586
-1.189,-0.625
-1.411,0.53
-1.46,-1.085
-1.357,0.428
-1.434,-0.848
-1.728,1.855
-1.701,0.48
-1.85,-0.898
-1.843,0.333
-2.028,-1.764
-2.037,-0.354
-1.925,0.855
-2.088,-1.151
-1.969,1.594
-1.984,-1.226
-2.003,-0.857
-2.084,0.399
-2.248,0.257
-2.21,0.548
-2.343,1.426
-2.44,-0.334
-2.605,0.115
-2.507,1.605
-2.53,0.54
-2.648,0.168
-2.903,1.146
-2.812,0.924
-2.846,-0.796
-2.928,-1.301
-2.951,1.171
-3.07,1.623
3.062,1.947
3.129,0.239
-3.139,1.918
3.129,-0.942
2.878,0.447
2.993,1.159
2.82,-0.589
2.925,1.723
2.893,-1.166
2.733,1.855
2.717,1.525
2.827,1.339
2.791,1.319
2.663,1.06
2.615,-0.002
2.537,-0.4
2.529,-0.329
2.475,0.563
2.393,-0.958
2.225,0.29
2.31,1.459
2.197,2.043
2.29,0.143
2.157,-1.04
2.228,-0.932
1.939,-0.021
1.789,-1.134
1.758,-0.718
1.854,1.535
1.562,-0.5
1.397,1.787
1.212,0.884
1.221,-0.928
1.2,-1.299
1.035,1.421
0.837,0.956
0.572,0.007
0.332,-1.145
0.251,0.197
0.23,1.912
-1.573,-1.964
-2.193,-2.092
-2.215,-2.193
-2.203,-2.286
2.917,-2.005
2.764,-2.129
1.072,-2.175
0.302,-2.069
-1.653,1.962
-1.764,1.973
-2.031,2.019
-2.206,2.067
-2.354,1.954
0.573,1.863
-0.151,-1.015
-0.144,0.206
-1.517,-0.872
-2.361,1.945
1.875,0.477
1.609,-0.896
1.121,-1.033
0.137,-1.716
1.543,1.247
1.157,-0.583
0.981,-1.238
0.752,1.565
0.188,0.408
3.092,0.454
1.527,-0.458
1.565,-1.023
-0.708,-1.922
-2.091,-1.901
1.173,-1.91
0.466,-1.894
0.072,-1.934
-1.44,-2.179
-2.394,-2.288
2.973,-2.227
2.38,-2.486
1.785,-2.46
0.135,-2.384
-0.029,0.725
0.045,-0.319
-0.038,1.554
-2.316,-1.773
-2.63,-1.652
-2.958,-1.674
3.055,-1.814
0.918,-1.711
0.854,-1.655
0.515,-1.752
0.513,-1.722
0.18,-1.776
0.051,-1.695
-0.433,2.457
-0.785,2.495
-1.279,2.5
-2.185,2.367
-2.313,2.241
-2.922,2.295
2.69,2.317
1.697,2.301
1.582,2.485
0.732,2.343
0.537,2.206
1.287,2.358
3.117,-1.601
-0.011,-0.341
-0.005,-1.05
-0.167,1.746
-0.173,1.13
-0.22,-0.909
-0.281,-0.327
-0.278,2.247
-0.18,0.743
-0.375,1.88
-0.228,1.923
-0.377,0.395
-0.43,-0.962
-0.425,2.158
-0.306,-0.09
-0.422,1.527
-0.352,0.516
-0.356,-0.721
-0.553,2.118
-0.428,0.526
-0.503,0.692
-0.495,1.884
-0.661,2.371
-0.514,0.374
-0.67,-1.058
-0.721,-0.359
-0.731,1.996
-0.62,0.846
-0.83,0.4
-0.743,1.343
-0.697,-0.648
-0.788,-0.775
-0.94,2.308
-0.809,1.612
-0.9,1.211
-1.033,0.977
-1.062,-0.186
-1.181,-0.225
-1.403,0.93
-1.452,-0.685
-1.349,0.828
-1.426,-0.448
-1.72,2.255
-1.693,0.88
-1.842,-0.498
-1.835,0.733
-2.02,-1.364
-2.029,0.046
-1.917,1.255
-2.08,-0.751
-1.961,1.994
-1.976,-0.826
-1.995,-0.457
-2.076,0.799
-2.24,0.657
-2.202,0.948
-2.335,1.826
-2.432,0.066
-2.597,0.515
-2.499,2.005
-2.522,0.94
-2.64,0.568
-2.895,1.546
-2.804,1.324
-2.838,-0.396
-2.92,-0.901
-2.943,1.571
-3.062,2.023
3.07,2.347
3.137,0.639
-3.131,2.318
3.137,-0.542
2.886,0.847
3.001,1.559
2.828,-0.189
2.933,2.123
2.901,-0.766
2.741,2.255
2.725,1.925
2.835,1.739
2.799,1.719
2.671,1.46
2.623,0.398
2.545,0.0
2.537,0.071
2.483,0.963
2.401,-0.558
2.233,0.69
2.318,1.859
2.205,2.443
2.298,0.543
2.165,-0.64
2.236,-0.532
1.947,0.379
1.797,-0.734
1.766,-0.318
1.862,1.935
1.57,-0.1
1.405,2.187
1.22,1.284
1.229,-0.528
1.208,-0.899
1.043,1.821
0.845,1.356
0.58,0.407
0.34,-0.745
0.259,0.597
0.238,2.312
-1.565,-1.564
-2.185,-1.692
-2.207,-1.793
-2.195,-1.886
2.925,-1.605
2.772,-1.729
1.08,-1.775
0.31,-1.669
-1.645,2.362
-1.756,2.373
-2.023,2.419
-2.198,2.467
-2.346,2.354
0.581,2.263
-0.143,-0.615
-0.136,0.606
-1.509,-0.472
-2.353,2.345
1.883,0.877
1.617,-0.496
1.129,-0.633
0.145,-1.316
1.551,1.647
1.165,-0.183
0.989,-0.838
0.76,1.965
0.196,0.808
3.1,0.854
1.535,-0.058
1.573,-0.623
-0.7,-1.522
-2.083,-1.501
1.181,-1.51
0.474,-1.494
0.08,-1.534
-1.432,-1.779
-2.386,-1.888
2.981,-1.827
2.388,-2.086
1.793,-2.06
0.143,-1.984
0.074,-1.044
-0.009,0.829
-2.287,-2.498
-2.601,-2.377
-2.929,-2.399
3.084,-2.539
0.947,-2.436
0.883,-2.38
0.544,-2.477
0.542,-2.447
0.209,-2.501
0.08,-2.42
-0.404,1.732
-0.756,1.77
-1.25,1.775
-2.156,1.642
-2.284,1.516
-2.893,1.57
2.719,1.592
1.726,1.576
1.611,1.76
0.761,1.618
0.566,1.481
1.316,1.633
-3.137,-2.326
0.018,-1.066
0.024,-1.775
-0.138,1.021
-0.144,0.405
-0.191,-1.634
-0.252,-1.052
-0.249,1.522
-0.151,0.018
-0.346,1.155
-0.199,1.198
-0.348,-0.33
-0.401,-1.687
-0.396,1.433
-0.277,-0.815
-0.393,0.802
-0.323,-0.209
-0.327,-1.446
-0.524,1.393
-0.399,-0.199
-0.474,-0.033
-0.466,1.159
-0.632,1.646
-0.485,-0.351
-0.641,-1.783
-0.692,-1.084
-0.702,1.271
-0.591,0.121
-0.801,-0.325
-0.714,0.618
-0.668,-1.373
-0.759,-1.5
-0.911,1.583
-0.78,0.887
-0.871,0.486
-1.004,0.252
-1.033,-0.911
-1.152,-0.95
-1.374,0.205
-1.423,-1.41
-1.32,0.103
-1.397,-1.173
-1.691,1.53
-1.664,0.155
-1.813,-1.223
-1.806,0.008
-1.991,-2.089
-2.0,-0.679
-1.888,0.53
-2.051,-1.476
-1.932,1.269
-1.947,-1.551
-1.966,-1.182
-2.047,0.074
-2.211,-0.068
-2.173,0.223
-2.306,1.101
-2.403,-0.659
-2.568,-0.21
-2.47,1.28
-2.493,0.215
-2.611,-0.157
-2.866,0.821
-2.775,0.599
-2.809,-1.121
-2.891,-1.626
-2.914,0.846
-3.033,1.298
3.099,1.622
-3.117,-0.086
-3.102,1.593
-3.117,-1.267
2.915,0.122
3.03,0.834
2.857,-0.914
2.962,1.398
2.93,-1.491
2.77,1.53
2.754,1.2
2.864,1.014
2.828,0.994
2.7,0.735
2.652,-0.327
2.574,-0.725
2.566,-0.654
2.512,0.238
2.43,-1.283
2.262,-0.035
2.347,1.134
2.234,1.718
2.327,-0.182
2.194,-1.365
2.265,-1.257
1.976,-0.346
1.826,-1.459
1.795,-1.043
1.891,1.21
1.599,-0.825
1.434,1.462
1.249,0.559
1.258,-1.253
1.237,-1.624
1.072,1.096
0.874,0.631
0.609,-0.318
0.369,-1.47
0.288,-0.128
0.267,1.587
-1.536,-2.289
-2.156,-2.417
-2.178,-2.518
-2.166,-2.611
2.954,-2.33
2.801,-2.454
1.109,-2.5
0.339,-2.394
-1.616,1.637
-1.727,1.648
-1.994,1.694
-2.169,1.742
-2.317,1.629
0.61,1.538
-0.114,-1.34
-0.107,-0.119
-1.48,-1.197
-2.324,1.62
1.912,0.152
1.646,-1.221
1.158,-1.358
0.174,-2.041
1.58,0.922
1.194,-0.908
1.018,-1.563
0.789,1.24
0.225,0.083
3.129,0.129
1.564,-0.783
1.602,-1.348
-0.671,-2.247
-2.054,-2.226
1.21,-2.235
0.503,-2.219
0.109,-2.259
-1.403,-2.504
-2.357,-2.613
3.01,-2.552
2.417,-2.811
1.822,-2.785
0.172,-2.709
-0.083,1.873
-2.361,-1.454
-2.675,-1.333
-3.003,-1.355
3.01,-1.495
0.873,-1.392
0.809,-1.336
0.47,-1.433
0.468,-1.403
0.135,-1.457
0.006,-1.376
-0.478,2.776
-0.83,2.814
-1.324,2.819
-2.23,2.686
-2.358,2.56
-2.967,2.614
2.645,2.636
1.652,2.62
1.537,2.804
0.687,2.662
0.492,2.525
1.242,2.677
3.072,-1.282
-0.056,-0.022
-0.05,-0.731
-0.212,2.065
-0.218,1.449
-0.265,-0.59
-0.326,-0.008
-0.323,2.566
-0.225,1.062
-0.42,2.199
-0.273,2.242
-0.422,0.714
-0.475,-0.643
-0.47,2.477
-0.351,0.229
-0.467,1.846
-0.397,0.835
-0.401,-0.402
-0.598,2.437
-0.473,0.845
-0.548,1.011
-0.54,2.203
-0.706,2.69
-0.559,0.693
-0.715,-0.739
-0.766,-0.04
-0.776,2.315
-0.665,1.165
-0.875,0.719
-0.788,1.662
-0.742,-0.329
-0.833,-0.456
-0.985,2.627
-0.854,1.931
-0.945,1.53
-1.078,1.296
-1.107,0.133
-1.226,0.094
-1.448,1.249
-1.497,-0.366
-1.394,1.147
-1.471,-0.129
-1.765,2.574
-1.738,1.199
-1.887,-0.179
-1.88,1.052
-2.065,-1.045
-2.074,0.365
-1.962,1.574
-2.125,-0.432
-2.006,2.313
-2.021,-0.507
-2.04,-0.138
-2.121,1.118
-2.285,0.976
-2.247,1.267
-2.38,2.145
-2.477,0.385
-2.642,0.834
-2.544,2.324
-2.567,1.259
-2.685,0.887
-2.94,1.865
-2.849,1.643
-2.883,-0.077
-2.965,-0.582
-2.988,1.89
-3.107,2.342
3.025,2.666
3.092,0.958
3.107,2.637
3.092,-0.223
2.841,1.166
2.956,1.878
2.783,0.13
2.888,2.442
2.856,-0.447
2.696,2.574
2.68,2.244
2.79,2.058
2.754,2.038
2.626,1.779
2.578,0.717
2.5,0.319
2.492,0.39
2.438,1.282
2.356,-0.239
2.188,1.009
2.273,2.178
2.16,2.762
2.253,0.862
2.12,-0.321
2.191,-0.213
1.902,0.698
1.752,-0.415
1.721,0.001
1.817,2.254
1.525,0.219
1.36,2.506
1.175,1.603
1.184,-0.209
1.163,-0.58
0.998,2.14
0.8,1.675
0.535,0.726
0.295,-0.426
0.214,0.916
0.193,2.631
-1.61,-1.245
-2.23,-1.373
-2.252,-1.474
-2.24,-1.567
2.88,-1.286
2.727,-1.41
1.035,-1.456
0.265,-1.35
-1.69,2.681
-1.801,2.692
-2.068,2.738
-2.243,2.786
-2.391,2.673
0.536,2.582
-0.188,-0.296
-0.181,0.925
-1.554,-0.153
-2.398,2.664
1.838,1.196
1.572,-0.177
1.084,-0.314
0.1,-0.997
1.506,1.966
1.12,0.136
0.944,-0.519
0.715,2.284
0.151,1.127
3.055,1.173
1.49,0.261
1.528,-0.304
-0.745,-1.203
-2.128,-1.182
1.136,-1.191
0.429,-1.175
0.035,-1.215
-1.477,-1.46
-2.431,-1.569
2.936,-1.508
2.343,-1.767
1.748,-1.741
0.098,-1.665
-2.278,-3.327
-2.592,-3.206
-2.92,-3.228
3.093,-3.368
0.956,-3.265
0.892,-3.209
0.553,-3.306
0.551,-3.276
0.218,-3.33
0.089,-3.249
-0.395,0.903
-0.747,0.941
-1.241,0.946
-2.147,0.813
-2.275,0.687
-2.884,0.741
2.728,0.763
1.735,0.747
1.62,0.931
0.77,0.789
0.575,0.652
1.325,0.804
-3.128,-3.155
0.027,-1.895
0.033,-2.604
-0.129,0.192
-0.135,-0.424
-0.182,-2.463
-0.243,-1.881
-0.24,0.693
-0.142,-0.811
-0.337,0.326
-0.19,0.369
-0.339,-1.159
-0.392,-2.516
-0.387,0.604
-0.268,-1.644
-0.384,-0.027
-0.314,-1.038
-0.318,-2.275
-0.515,0.564
-0.39,-1.028
-0.465,-0.862
-0.457,0.33
-0.623,0.817
-0.476,-1.18
-0.632,-2.612
-0.683,-1.913
-0.693,0.442
-0.582,-0.708
-0.792,-1.154
-0.705,-0.211
-0.659,-2.202
-0.75,-2.329
-0.902,0.754
-0.771,0.058
-0.862,-0.343
-0.995,-0.577
-1.024,-1.74
-1.143,-1.779
-1.365,-0.624
-1.414,-2.239
-1.311,-0.726
-1.388,-2.002
-1.682,0.701
-1.655,-0.674
-1.804,-2.052
-1.797,-0.821
-1.982,-2.918
-1.991,-1.508
-1.879,-0.299
-2.042,-2.305
-1.923,0.44
-1.938,-2.38
-1.957,-2.011
-2.038,-0.755
-2.202,-0.897
-2.164,-0.606
-2.297,0.272
-2.394,-1.488
-2.559,-1.039
-2.461,0.451
-2.484,-0.614
-2.602,-0.986
-2.857,-0.008
-2.766,-0.23
-2.8,-1.95
-2.882,-2.455
-2.905,0.017
-3.024,0.469
3.108,0.793
-3.108,-0.915
-3.093,0.764
-3.108,-2.096
2.924,-0.707
3.039,0.005
2.866,-1.743
2.971,0.569
2.939,-2.32
2.779,0.701
2.763,0.371
2.873,0.185
2.837,0.165
2.709,-0.094
2.661,-1.156
2.583,-1.554
2.575,-1.483
2.521,-0.591
2.439,-2.112
2.271,-0.864
2.356,0.305
2.243,0.889
2.336,-1.011
2.203,-2.194
2.274,-2.086
1.985,-1.175
1.835,-2.288
1.804,-1.872
1.9,0.381
1.608,-1.654
1.443,0.633
1.258,-0.27
1.267,-2.082
1.246,-2.453
1.081,0.267
0.883,-0.198
0.618,-1.147
0.378,-2.299
0.297,-0.957
0.276,0.758
-1.527,-3.118
-2.147,-3.246
-2.169,-3.347
-2.157,-3.44
2.963,-3.159
2.81,-3.283
1.118,-3.329
0.348,-3.223
-1.607,0.808
-1.718,0.819
-1.985,0.865
-2.16,0.913
-2.308,0.8
0.619,0.709
-0.105,-2.169
-0.098,-0.948
-1.471,-2.026
-2.315,0.791
1.921,-0.677
1.655,-2.05
1.167,-2.187
0.183,-2.87
1.589,0.093
1.203,-1.737
1.027,-2.392
0.798,0.411
0.234,-0.746
3.138,-0.7
1.573,-1.612
1.611,-2.177
-0.662,-3.076
-2.045,-3.055
1.219,-3.064
0.512,-3.048
0.118,-3.088
-1.394,-3.333
-2.348,-3.442
3.019,-3.381
2.426,-3.64
1.831,-3.614
0.181,-3.538
-0.314,0.121
-0.642,0.099
-0.912,-0.041
-3.049,0.062
-3.113,0.118
2.831,0.021
2.829,0.051
2.496,-0.003
2.367,0.078
1.883,4.23
1.531,4.268
1.037,4.273
0.131,4.14
0.003,4.014
-0.606,4.068
-1.277,4.09
-2.27,4.074
-2.385,4.258
3.048,4.116
2.853,3.979
-2.68,4.131
-0.85,0.172
2.305,1.432
2.311,0.723
2.149,3.519
2.143,2.903
2.096,0.864
2.035,1.446
2.038,4.02
2.136,2.516
1.941,3.653
2.088,3.696
1.939,2.168
1.886,0.811
1.891,3.931
2.01,1.683
1.894,3.3
1.964,2.289
1.96,1.052
1.763,3.891
1.888,2.299
1.813,2.465
1.821,3.657
1.655,4.144
1.802,2.147
1.646,0.715
1.595,1.414
1.585,3.769
1.696,2.619
1.486,2.173
1.573,3.116
1.619,1.125
1.528,0.998
1.376,4.081
1.507,3.385
1.416,2.984
1.283,2.75
1.254,1.587
1.135,1.548
0.913,2.703
0.864,1.088
0.967,2.601
0.89,1.325
0.596,4.028
0.623,2.653
0.474,1.275
0.481,2.506
0.296,0.409
0.287,1.819
0.399,3.028
0.236,1.022
0.355,3.767
0.34,0.947
0.321,1.316
0.24,2.572
0.076,2.43
0.114,2.721
-0.019,3.599
-0.116,1.839
-0.281,2.288
-0.183,3.778
-0.206,2.713
-0.324,2.341
-0.579,3.319
-0.488,3.097
-0.522,1.377
-0.604,0.872
-0.627,3.344
-0.746,3.796
-0.897,4.12
-0.83,2.412
-0.815,4.091
-0.83,1.231
-1.081,2.62
-0.966,3.332
-1.139,1.584
-1.034,3.896
-1.066,1.007
-1.226,4.028
-1.242,3.698
-1.132,3.512
-1.168,3.492
-1.296,3.233
-1.344,2.171
-1.422,1.773
-1.43,1.844
-1.484,2.736
-1.566,1.215
-1.734,2.463
-1.649,3.632
-1.762,4.216
-1.669,2.316
-1.802,1.133
-1.731,1.241
-2.02,2.152
-2.17,1.039
-2.201,1.455
-2.105,3.708
-2.397,1.673
-2.562,3.96
-2.747,3.057
-2.738,1.245
-2.759,0.874
-2.924,3.594
-3.122,3.129
2.896,2.18
2.656,1.028
2.575,2.37
2.554,4.085
0.751,0.209
0.131,0.081
0.109,-0.02
0.121,-0.113
-1.042,0.168
-1.195,0.044
-2.887,-0.002
2.626,0.104
0.671,4.135
0.56,4.146
0.293,4.192
0.118,4.24
-0.03,4.127
2.897,4.036
2.173,1.158
2.18,2.379
0.807,1.301
-0.037,4.118
-2.084,2.65
-2.35,1.277
-2.838,1.14
2.461,0.457
-2.416,3.42
-2.802,1.59
-2.978,0.935
3.076,3.738
2.512,2.581
-0.867,2.627
-2.432,1.715
-2.394,1.15
1.616,0.251
0.233,0.272
-2.786,0.263
2.79,0.279
2.396,0.239
0.884,-0.006
-0.07,-0.115
-0.986,-0.054
-1.579,-0.313
-2.174,-0.287
2.459,-0.211
-0.328,-0.022
-0.598,-0.162
-2.735,-0.059
-2.799,-0.003
-3.138,-0.1
-3.14,-0.07
2.81,-0.124
2.681,-0.043
2.197,4.109
1.845,4.147
1.351,4.152
0.445,4.019
0.317,3.893
-0.292,3.947
-0.963,3.969
-1.956,3.953
-2.071,4.137
-2.921,3.995
-3.116,3.858
-2.366,4.01
-0.536,0.051
2.619,1.311
2.625,0.602
2.463,3.398
2.457,2.782
2.41,0.743
2.349,1.325
2.352,3.899
2.45,2.395
2.255,3.532
2.402,3.575
2.253,2.047
2.2,0.69
2.205,3.81
2.324,1.562
2.208,3.179
2.278,2.168
2.274,0.931
2.077,3.77
2.202,2.178
2.127,2.344
2.135,3.536
1.969,4.023
2.116,2.026
1.96,0.594
1.909,1.293
1.899,3.648
2.01,2.498
1.8,2.052
1.887,2.995
1.933,1.004
1.842,0.877
1.69,3.96
1.821,3.264
1.73,2.863
1.597,2.629
1.568,1.466
1.449,1.427
1.227,2.582
1.178,0.967
1.281,2.48
1.204,1.204
0.91,3.907
0.937,2.532
0.788,1.154
0.795,2.385
0.61,0.288
0.601,1.698
0.713,2.907
0.55,0.901
0.669,3.646
0.654,0.826
0.635,1.195
0.554,2.451
0.39,2.309
0.428,2.6
0.295,3.478
0.198,1.718
0.033,2.167
0.131,3.657
0.108,2.592
-0.01,2.22
-0.265,3.198
-0.174,2.976
-0.208,1.256
-0.29,0.751
-0.313,3.223
-0.432,3.675
-0.583,3.999
-0.516,2.291
-0.501,3.97
-0.516,1.11
-0.767,2.499
-0.652,3.211
-0.825,1.463
-0.72,3.775
-0.752,0.886
-0.912,3.907
-0.928,3.577
-0.818,3.391
-0.854,3.371
-0.982,3.112
-1.03,2.05
-1.108,1.652
-1.116,1.723
-1.17,2.615
-1.252,1.094
-1.42,2.342
-1.335,3.511
-1.448,4.095
-1.355,2.195
-1.488,1.012
-1.417,1.12
-1.706,2.031
-1.856,0.918
-1.887,1.334
-1.791,3.587
-2.083,1.552
-2.248,3.839
-2.433,2.936
-2.424,1.124
-2.445,0.753
-2.61,3.473
-2.808,3.008
-3.073,2.059
2.97,0.907
2.889,2.249
2.868,3.964
1.065,0.088
0.445,-0.04
0.423,-0.141
0.435,-0.234
-0.728,0.047
-0.881,-0.077
-2.573,-0.123
2.94,-0.017
0.985,4.014
0.874,4.025
0.607,4.071
0.432,4.119
0.284,4.006
-3.072,3.915
2.487,1.037
2.494,2.258
1.121,1.18
0.277,3.997
-1.77,2.529
-2.036,1.156
-2.524,1.019
2.775,0.336
-2.102,3.299
-2.488,1.469
-2.664,0.814
-2.893,3.617
2.826,2.46
-0.553,2.506
-2.118,1.594
-2.08,1.029
1.93,0.13
0.547,0.151
-2.472,0.142
3.104,0.158
2.71,0.118
1.198,-0.127
0.244,-0.236
-0.672,-0.175
-1.265,-0.434
-1.86,-0.408
2.773,-0.332
-0.27,-0.14
-2.407,-0.037
-2.471,0.019
-2.81,-0.078
-2.812,-0.048
3.138,-0.102
3.009,-0.021
2.525,4.131
2.173,4.169
1.679,4.174
0.773,4.041
0.645,3.915
0.036,3.969
-0.635,3.991
-1.628,3.975
-1.743,4.159
-2.593,4.017
-2.788,3.88
-2.038,4.032
-0.208,0.073
2.947,1.333
2.953,0.624
2.791,3.42
2.785,2.804
2.738,0.765
2.677,1.347
2.68,3.921
2.778,2.417
2.583,3.554
2.73,3.597
2.581,2.069
2.528,0.712
2.533,3.832
2.652,1.584
2.536,3.201
2.606,2.19
2.602,0.953
2.405,3.792
2.53,2.2
2.455,2.366
2.463,3.558
2.297,4.045
2.444,2.048
2.288,0.616
2.237,1.315
2.227,3.67
2.338,2.52
2.128,2.074
2.215,3.017
2.261,1.026
2.17,0.899
2.018,3.982
2.149,3.286
2.058,2.885
1.925,2.651
1.896,1.488
1.777,1.449
1.555,2.604
1.506,0.989
1.609,2.502
1.532,1.226
1.238,3.929
1.265,2.554
1.116,1.176
1.123,2.407
0.938,0.31
0.929,1.72
1.041,2.929
0.878,0.923
0.997,3.668
0.982,0.848
0.963,1.217
0.882,2.473
0.718,2.331
0.756,2.622
0.623,3.5
0.526,1.74
0.361,2.189
0.459,3.679
0.436,2.614
0.318,2.242
0.063,3.22
0.154,2.998
0.12,1.278
0.038,0.773
0.015,3.245
-0.104,3.697
-0.255,4.021
-0.188,2.313
-0.173,3.992
-0.188,1.132
-0.439,2.521
-0.324,3.233
-0.497,1.485
-0.392,3.797
-0.424,0.908
-0.584,3.929
-0.6,3.599
-0.49,3.413
-0.526,3.393
-0.654,3.134
-0.702,2.072
-0.78,1.674
-0.788,1.745
-0.842,2.637
-0.924,1.116
-1.092,2.364
-1.007,3.533
-1.12,4.117
-1.027,2.217
-1.16,1.034
-1.089,1.142
-1.378,2.053
-1.528,0.94
-1.559,1.356
-1.463,3.609
-1.755,1.574
-1.92,3.861
-2.105,2.958
-2.096,1.146
-2.117,0.775
-2.282,3.495
-2.48,3.03
-2.745,2.081
-2.985,0.929
-3.066,2.271
-3.087,3.986
1.393,0.11
0.773,-0.018
0.751,-0.119
0.763,-0.212
-0.4,0.069
-0.553,-0.055
-2.245,-0.101
-3.015,0.005
1.313,4.036
1.202,4.047
0.935,4.093
0.76,4.141
0.612,4.028
-2.744,3.937
2.815,1.059
2.822,2.28
1.449,1.202
0.605,4.019
-1.442,2.551
-1.708,1.178
-2.196,1.041
3.103,0.358
-1.774,3.321
-2.16,1.491
-2.336,0.836
-2.565,3.639
-3.129,2.482
-0.225,2.528
-1.79,1.616
-1.752,1.051
2.258,0.152
0.875,0.173
-2.144,0.164
-2.851,0.18
3.038,0.14
1.526,-0.105
0.572,-0.214
-0.344,-0.153
-0.937,-0.412
-1.532,-0.386
3.101,-0.31
-2.137,0.103
-2.201,0.159
-2.54,0.062
-2.542,0.092
-2.875,0.038
-3.004,0.119
2.795,4.271
2.443,4.309
1.949,4.314
1.043,4.181
0.915,4.055
0.306,4.109
-0.365,4.131
-1.358,4.115
-1.473,4.299
-2.323,4.157
-2.518,4.02
-1.768,4.172
0.062,0.213
-3.066,1.473
-3.06,0.764
3.061,3.56
3.055,2.944
3.008,0.905
2.947,1.487
2.95,4.061
3.048,2.557
2.853,3.694
3.0,3.737
2.851,2.209
2.798,0.852
2.803,3.972
2.922,1.724
2.806,3.341
2.876,2.33
2.872,1.093
2.675,3.932
2.8,2.34
2.725,2.506
2.733,3.698
2.567,4.185
2.714,2.188
2.558,0.756
2.507,1.455
2.497,3.81
2.608,2.66
2.398,2.214
2.485,3.157
2.531,1.166
2.44,1.039
2.288,4.122
2.419,3.426
2.328,3.025
2.195,2.791
2.166,1.628
2.047,1.589
1.825,2.744
1.776,1.129
1.879,2.642
1.802,1.366
1.508,4.069
1.535,2.694
1.386,1.316
1.393,2.547
1.208,0.45
1.199,1.86
1.311,3.069
1.148,1.063
1.267,3.808
1.252,0.988
1.233,1.357
1.152,2.613
0.988,2.471
1.026,2.762
0.893,3.64
0.796,1.88
0.631,2.329
0.729,3.819
0.706,2.754
0.588,2.382
0.333,3.36
0.424,3.138
0.39,1.418
0.308,0.913
0.285,3.385
0.166,3.837
0.015,4.161
0.082,2.453
0.097,4.132
0.082,1.272
-0.169,2.661
-0.054,3.373
-0.227,1.625
-0.122,3.937
-0.154,1.048
-0.314,4.069
-0.33,3.739
-0.22,3.553
-0.256,3.533
-0.384,3.274
-0.432,2.212
-0.51,1.814
-0.518,1.885
-0.572,2.777
-0.654,1.256
-0.822,2.504
-0.737,3.673
-0.85,4.257
-0.757,2.357
-0.89,1.174
-0.819,1.282
-1.108,2.193
-1.258,1.08
-1.289,1.496
-1.193,3.749
-1.485,1.714
-1.65,4.001
-1.835,3.098
-1.826,1.286
-1.847,0.915
-2.012,3.635
-2.21,3.17
-2.475,2.221
-2.715,1.069
-2.796,2.411
-2.817,4.126
1.663,0.25
1.043,0.122
1.021,0.021
1.033,-0.072
-0.13,0.209
-0.283,0.085
-1.975,0.039
-2.745,0.145
1.583,4.176
1.472,4.187
1.205,4.233
1.03,4.281
0.882,4.168
-2.474,4.077
3.085,1.199
3.092,2.42
1.719,1.342
0.875,4.159
-1.172,2.691
-1.438,1.318
-1.926,1.181
-2.91,0.498
-1.504,3.461
-1.89,1.631
-2.066,0.976
-2.295,3.779
-2.859,2.622
0.045,2.668
-1.52,1.756
-1.482,1.191
2.528,0.292
1.145,0.313
-1.874,0.304
-2.581,0.32
-2.975,0.28
1.796,0.035
0.842,-0.074
-0.074,-0.013
-0.667,-0.272
-1.262,-0.246
-2.912,-0.17
-0.064,0.056
-0.403,-0.041
-0.405,-0.011
-0.738,-0.065
-0.867,0.016
-1.351,4.168
-1.703,4.206
-2.197,4.211
-3.103,4.078
3.052,3.952
2.443,4.006
1.772,4.028
0.779,4.012
0.664,4.196
-0.186,4.054
-0.381,3.917
0.369,4.069
2.199,0.11
-0.929,1.37
-0.923,0.661
-1.085,3.457
-1.091,2.841
-1.138,0.802
-1.199,1.384
-1.196,3.958
-1.098,2.454
-1.293,3.591
-1.146,3.634
-1.295,2.106
-1.348,0.749
-1.343,3.869
-1.224,1.621
-1.34,3.238
-1.27,2.227
-1.274,0.99
-1.471,3.829
-1.346,2.237
-1.421,2.403
-1.413,3.595
-1.579,4.082
-1.432,2.085
-1.588,0.653
-1.639,1.352
-1.649,3.707
-1.538,2.557
-1.748,2.111
-1.661,3.054
-1.615,1.063
-1.706,0.936
-1.858,4.019
-1.727,3.323
-1.818,2.922
-1.951,2.688
-1.98,1.525
-2.099,1.486
-2.321,2.641
-2.37,1.026
-2.267,2.539
-2.344,1.263
-2.638,3.966
-2.611,2.591
-2.76,1.213
-2.753,2.444
-2.938,0.347
-2.947,1.757
-2.835,2.966
-2.998,0.96
-2.879,3.705
-2.894,0.885
-2.913,1.254
-2.994,2.51
3.125,2.368
-3.12,2.659
3.03,3.537
2.933,1.777
2.768,2.226
2.866,3.716
2.843,2.651
2.725,2.279
2.47,3.257
2.561,3.035
2.527,1.315
2.445,0.81
2.422,3.282
2.303,3.734
2.152,4.058
2.219,2.35
2.234,4.029
2.219,1.169
1.968,2.558
2.083,3.27
1.91,1.522
2.015,3.834
1.983,0.945
1.823,3.966
1.807,3.636
1.917,3.45
1.881,3.43
1.753,3.171
1.705,2.109
1.627,1.711
1.619,1.782
1.565,2.674
1.483,1.153
1.315,2.401
1.4,3.57
1.287,4.154
1.38,2.254
1.247,1.071
1.318,1.179
1.029,2.09
0.879,0.977
0.848,1.393
0.944,3.646
0.652,1.611
0.487,3.898
0.302,2.995
0.311,1.183
0.29,0.812
0.125,3.532
-0.073,3.067
-0.338,2.118
-0.578,0.966
-0.659,2.308
-0.68,4.023
-2.483,0.147
-3.103,0.019
-3.125,-0.082
-3.113,-0.175
2.007,0.106
1.854,-0.018
0.162,-0.064
-0.608,0.042
-2.563,4.073
-2.674,4.084
-2.941,4.13
-3.116,4.178
3.019,4.065
-0.337,3.974
-1.061,1.096
-1.054,2.317
-2.427,1.239
3.012,4.056
0.965,2.588
0.699,1.215
0.211,1.078
-0.773,0.395
0.633,3.358
0.247,1.528
0.071,0.873
-0.158,3.676
-0.722,2.519
2.182,2.565
0.617,1.653
0.655,1.088
-1.618,0.189
-3.001,0.21
0.263,0.201
-0.444,0.217
-0.838,0.177
-2.35,-0.068
2.979,-0.177
2.063,-0.116
1.47,-0.375
0.875,-0.349
-0.775,-0.273
-0.339,-0.097
-0.341,-0.067
-0.674,-0.121
-0.803,-0.04
-1.287,4.112
-1.639,4.15
-2.133,4.155
-3.039,4.022
3.116,3.896
2.507,3.95
1.836,3.972
0.843,3.956
0.728,4.14
-0.122,3.998
-0.317,3.861
0.433,4.013
2.263,0.054
-0.865,1.314
-0.859,0.605
-1.021,3.401
-1.027,2.785
-1.074,0.746
-1.135,1.328
-1.132,3.902
-1.034,2.398
-1.229,3.535
-1.082,3.578
-1.231,2.05
-1.284,0.693
-1.279,3.813
-1.16,1.565
-1.276,3.182
-1.206,2.171
-1.21,0.934
-1.407,3.773
-1.282,2.181
-1.357,2.347
-1.349,3.539
-1.515,4.026
-1.368,2.029
-1.524,0.597
-1.575,1.296
-1.585,3.651
-1.474,2.501
-1.684,2.055
-1.597,2.998
-1.551,1.007
-1.642,0.88
-1.794,3.963
-1.663,3.267
-1.754,2.866
-1.887,2.632
-1.916,1.469
-2.035,1.43
-2.257,2.585
-2.306,0.97
-2.203,2.483
-2.28,1.207
-2.574,3.91
-2.547,2.535
-2.696,1.157
-2.689,2.388
-2.874,0.291
-2.883,1.701
-2.771,2.91
-2.934,0.904
-2.815,3.649
-2.83,0.829
-2.849,1.198
-2.93,2.454
-3.094,2.312
-3.056,2.603
3.094,3.481
2.997,1.721
2.832,2.17
2.93,3.66
2.907,2.595
2.789,2.223
2.534,3.201
2.625,2.979
2.591,1.259
2.509,0.754
2.486,3.226
2.367,3.678
2.216,4.002
2.283,2.294
2.298,3.973
2.283,1.113
2.032,2.502
2.147,3.214
1.974,1.466
2.079,3.778
2.047,0.889
1.887,3.91
1.871,3.58
1.981,3.394
1.945,3.374
1.817,3.115
1.769,2.053
1.691,1.655
1.683,1.726
1.629,2.618
1.547,1.097
1.379,2.345
1.464,3.514
1.351,4.098
1.444,2.198
1.311,1.015
1.382,1.123
1.093,2.034
0.943,0.921
0.912,1.337
1.008,3.59
0.716,1.555
0.551,3.842
0.366,2.939
0.375,1.127
0.354,0.756
0.189,3.476
-0.009,3.011
-0.274,2.062
-0.514,0.91
-0.595,2.252
-0.616,3.967
-2.419,0.091
-3.039,-0.037
-3.061,-0.138
-3.049,-0.231
2.071,0.05
1.918,-0.074
0.226,-0.12
-0.544,-0.014
-2.499,4.017
-2.61,4.028
-2.877,4.074
-3.052,4.122
3.083,4.009
-0.273,3.918
-0.997,1.04
-0.99,2.261
-2.363,1.183
3.076,4.0
1.029,2.532
0.763,1.159
0.275,1.022
-0.709,0.339
0.697,3.302
0.311,1.472
0.135,0.817
-0.094,3.62
-0.658,2.463
2.246,2.509
0.681,1.597
0.719,1.032
-1.554,0.133
-2.937,0.154
0.327,0.145
-0.38,0.161
-0.774,0.121
-2.286,-0.124
3.043,-0.233
2.127,-0.172
1.534,-0.431
0.939,-0.405
-0.711,-0.329
-0.002,0.03
-0.335,-0.024
-0.464,0.057
-0.948,4.209
-1.3,4.247
-1.794,4.252
-2.7,4.119
-2.828,3.993
2.846,4.047
2.175,4.069
1.182,4.053
1.067,4.237
0.217,4.095
0.022,3.958
0.772,4.11
2.602,0.151
-0.526,1.411
-0.52,0.702
-0.682,3.498
-0.688,2.882
-0.735,0.843
-0.796,1.425
-0.793,3.999
-0.695,2.495
-0.89,3.632
-0.743,3.675
-0.892,2.147
-0.945,0.79
-0.94,3.91
-0.821,1.662
-0.937,3.279
-0.867,2.268
-0.871,1.031
-1.068,3.87
-0.943,2.278
-1.018,2.444
-1.01,3.636
-1.176,4.123
-1.029,2.126
-1.185,0.694
-1.236,1.393
-1.246,3.748
-1.135,2.598
-1.345,2.152
-1.258,3.095
-1.212,1.104
-1.303,0.977
-1.455,4.06
-1.324,3.364
-1.415,2.963
-1.548,2.729
-1.577,1.566
-1.696,1.527
-1.918,2.682
-1.967,1.067
-1.864,2.58
-1.941,1.304
-2.235,4.007
-2.208,2.632
-2.357,1.254
-2.35,2.485
-2.535,0.388
-2.544,1.798
-2.432,3.007
-2.595,1.001
-2.476,3.746
-2.491,0.926
-2.51,1.295
-2.591,2.551
-2.755,2.409
-2.717,2.7
-2.85,3.578
-2.947,1.818
-3.112,2.267
-3.014,3.757
-3.037,2.692
3.128,2.32
2.873,3.298
2.964,3.076
2.93,1.356
2.848,0.851
2.825,3.323
2.706,3.775
2.555,4.099
2.622,2.391
2.637,4.07
2.622,1.21
2.371,2.599
2.486,3.311
2.313,1.563
2.418,3.875
2.386,0.986
2.226,4.007
2.21,3.677
2.32,3.491
2.284,3.471
2.156,3.212
2.108,2.15
2.03,1.752
2.022,1.823
1.968,2.715
1.886,1.194
1.718,2.442
1.803,3.611
1.69,4.195
1.783,2.295
1.65,1.112
1.721,1.22
1.432,2.131
1.282,1.018
1.251,1.434
1.347,3.687
1.055,1.652
0.89,3.939
0.705,3.036
0.714,1.224
0.693,0.853
0.528,3.573
0.33,3.108
0.065,2.159
-0.175,1.007
-0.256,2.349
-0.277,4.064
-2.08,0.188
-2.7,0.06
-2.722,-0.041
-2.71,-0.134
2.41,0.147
2.257,0.023
0.565,-0.023
-0.205,0.083
-2.16,4.114
-2.271,4.125
-2.538,4.171
-2.713,4.219
-2.861,4.106
0.066,4.015
-0.658,1.137
-0.651,2.358
-2.024,1.28
-2.868,4.097
1.368,2.629
1.102,1.256
0.614,1.119
-0.37,0.436
1.036,3.399
0.65,1.569
0.474,0.914
0.245,3.717
-0.319,2.56
2.585,2.606
1.02,1.694
1.058,1.129
-1.215,0.23
-2.598,0.251
0.666,0.242
-0.041,0.258
-0.435,0.218
-1.947,-0.027
-2.901,-0.136
2.466,-0.075
1.873,-0.334
1.278,-0.308
-0.372,-0.232
-0.333,-0.054
-0.462,0.027
-0.946,4.179
-1.298,4.217
-1.792,4.222
-2.698,4.089
-2.826,3.963
2.848,4.017
2.177,4.039
1.184,4.023
1.069,4.207
0.219,4.065
0.024,3.928
0.774,4.08
2.604,0.121
-0.524,1.381
-0.518,0.672
-0.68,3.468
-0.686,2.852
-0.733,0.813
-0.794,1.395
-0.791,3.969
-0.693,2.465
-0.888,3.602
-0.741,3.645
-0.89,2.117
-0.943,0.76
-0.938,3.88
-0.819,1.632
-0.935,3.249
-0.865,2.238
-0.869,1.001
-1.066,3.84
-0.941,2.248
-1.016,2.414
-1.008,3.606
-1.174,4.093
-1.027,2.096
-1.183,0.664
-1.234,1.363
-1.244,3.718
-1.133,2.568
-1.343,2.122
-1.256,3.065
-1.21,1.074
-1.301,0.947
-1.453,4.03
-1.322,3.334
-1.413,2.933
-1.546,2.699
-1.575,1.536
-1.694,1.497
-1.916,2.652
-1.965,1.037
-1.862,2.55
-1.939,1.274
-2.233,3.977
-2.206,2.602
-2.355,1.224
-2.348,2.455
-2.533,0.358
-2.542,1.768
-2.43,2.977
-2.593,0.971
-2.474,3.716
-2.489,0.896
-2.508,1.265
-2.589,2.521
-2.753,2.379
-2.715,2.67
-2.848,3.548
-2.945,1.788
-3.11,2.237
-3.012,3.727
-3.035,2.662
3.13,2.29
2.875,3.268
2.966,3.046
2.932,1.326
2.85,0.821
2.827,3.293
2.708,3.745
2.557,4.069
2.624,2.361
2.639,4.04
2.624,1.18
2.373,2.569
2.488,3.281
2.315,1.533
2.42,3.845
2.388,0.956
2.228,3.977
2.212,3.647
2.322,3.461
2.286,3.441
2.158,3.182
2.11,2.12
2.032,1.722
2.024,1.793
1.97,2.685
1.888,1.164
1.72,2.412
1.805,3.581
1.692,4.165
1.785,2.265
1.652,1.082
1.723,1.19
1.434,2.101
1.284,0.988
1.253,1.404
1.349,3.657
1.057,1.622
0.892,3.909
0.707,3.006
0.716,1.194
0.695,0.823
0.53,3.543
0.332,3.078
0.067,2.129
-0.173,0.977
-0.254,2.319
-0.275,4.034
-2.078,0.158
-2.698,0.03
-2.72,-0.071
-2.708,-0.164
2.412,0.117
2.259,-0.007
0.567,-0.053
-0.203,0.053
-2.158,4.084
-2.269,4.095
-2.536,4.141
-2.711,4.189
-2.859,4.076
0.068,3.985
-0.656,1.107
-0.649,2.328
-2.022,1.25
-2.866,4.067
1.37,2.599
1.104,1.226
0.616,1.089
-0.368,0.406
1.038,3.369
0.652,1.539
0.476,0.884
0.247,3.687
-0.317,2.53
2.587,2.576
1.022,1.664
1.06,1.099
-1.213,0.2
-2.596,0.221
0.668,0.212
-0.039,0.228
-0.433,0.188
-1.945,-0.057
-2.899,-0.166
2.468,-0.105
1.875,-0.364
1.28,-0.338
-0.37,-0.262
-0.129,0.081
-0.613,4.233
-0.965,4.271
-1.459,4.276
-2.365,4.143
-2.493,4.017
-3.102,4.071
2.51,4.093
1.517,4.077
1.402,4.261
0.552,4.119
0.357,3.982
1.107,4.134
2.937,0.175
-0.191,1.435
-0.185,0.726
-0.347,3.522
-0.353,2.906
-0.4,0.867
-0.461,1.449
-0.458,4.023
-0.36,2.519
-0.555,3.656
-0.408,3.699
-0.557,2.171
-0.61,0.814
-0.605,3.934
-0.486,1.686
-0.602,3.303
-0.532,2.292
-0.536,1.055
-0.733,3.894
-0.608,2.302
-0.683,2.468
-0.675,3.66
-0.841,4.147
-0.694,2.15
-0.85,0.718
-0.901,1.417
-0.911,3.772
-0.8,2.622
-1.01,2.176
-0.923,3.119
-0.877,1.128
-0.968,1.001
-1.12,4.084
-0.989,3.388
-1.08,2.987
-1.213,2.753
-1.242,1.59
-1.361,1.551
-1.583,2.706
-1.632,1.091
-1.529,2.604
-1.606,1.328
-1.9,4.031
-1.873,2.656
-2.022,1.278
-2.015,2.509
-2.2,0.412
-2.209,1.822
-2.097,3.031
-2.26,1.025
-2.141,3.77
-2.156,0.95
-2.175,1.319
-2.256,2.575
-2.42,2.433
-2.382,2.724
-2.515,3.602
-2.612,1.842
-2.777,2.291
-2.679,3.781
-2.702,2.716
-2.82,2.344
-3.075,3.322
-2.984,3.1
-3.018,1.38
-3.1,0.875
-3.123,3.347
3.041,3.799
2.89,4.123
2.957,2.415
2.972,4.094
2.957,1.234
2.706,2.623
2.821,3.335
2.648,1.587
2.753,3.899
2.721,1.01
2.561,4.031
2.545,3.701
2.655,3.515
2.619,3.495
2.491,3.236
2.443,2.174
2.365,1.776
2.357,1.847
2.303,2.739
2.221,1.218
2.053,2.466
2.138,3.635
2.025,4.219
2.118,2.319
1.985,1.136
2.056,1.244
1.767,2.155
1.617,1.042
1.586,1.458
1.682,3.711
1.39,1.676
1.225,3.963
1.04,3.06
1.049,1.248
1.028,0.877
0.863,3.597
0.665,3.132
0.4,2.183
0.16,1.031
0.079,2.373
0.058,4.088
-1.745,0.212
-2.365,0.084
-2.387,-0.017
-2.375,-0.11
2.745,0.171
2.592,0.047
0.9,0.001
0.13,0.107
-1.825,4.138
-1.936,4.149
-2.203,4.195
-2.378,4.243
-2.526,4.13
0.401,4.039
-0.323,1.161
-0.316,2.382
-1.689,1.304
-2.533,4.121
1.703,2.653
1.437,1.28
0.949,1.143
-0.035,0.46
1.371,3.423
0.985,1.593
0.809,0.938
0.58,3.741
0.016,2.584
2.92,2.63
1.355,1.718
1.393,1.153
-0.88,0.254
-2.263,0.275
1.001,0.266
0.294,0.282
-0.1,0.242
-1.612,-0.003
-2.566,-0.112
2.801,-0.051
2.208,-0.31
1.613,-0.284
-0.037,-0.208
-0.484,4.152
-0.836,4.19
-1.33,4.195
-2.236,4.062
-2.364,3.936
-2.973,3.99
2.639,4.012
1.646,3.996
1.531,4.18
0.681,4.038
0.486,3.901
1.236,4.053
3.066,0.094
-0.062,1.354
-0.056,0.645
-0.218,3.441
-0.224,2.825
-0.271,0.786
-0.332,1.368
-0.329,3.942
-0.231,2.438
-0.426,3.575
-0.279,3.618
-0.428,2.09
-0.481,0.733
-0.476,3.853
-0.357,1.605
-0.473,3.222
-0.403,2.211
-0.407,0.974
-0.604,3.813
-0.479,2.221
-0.554,2.387
-0.546,3.579
-0.712,4.066
-0.565,2.069
-0.721,0.637
-0.772,1.336
-0.782,3.691
-0.671,2.541
-0.881,2.095
-0.794,3.038
-0.748,1.047
-0.839,0.92
-0.991,4.003
-0.86,3.307
-0.951,2.906
-1.084,2.672
-1.113,1.509
-1.232,1.47
-1.454,2.625
-1.503,1.01
-1.4,2.523
-1.477,1.247
-1.771,3.95
-1.744,2.575
-1.893,1.197
-1.886,2.428
-2.071,0.331
-2.08,1.741
-1.968,2.95
-2.131,0.944
-2.012,3.689
-2.027,0.869
-2.046,1.238
-2.127,2.494
-2.291,2.352
-2.253,2.643
-2.386,3.521
-2.483,1.761
-2.648,2.21
-2.55,3.7
-2.573,2.635
-2.691,2.263
-2.946,3.241
-2.855,3.019
-2.889,1.299
-2.971,0.794
-2.994,3.266
-3.113,3.718
3.019,4.042
3.086,2.334
3.101,4.013
3.086,1.153
2.835,2.542
2.95,3.254
2.777,1.506
2.882,3.818
2.85,0.929
2.69,3.95
2.674,3.62
2.784,3.434
2.748,3.414
2.62,3.155
2.572,2.093
2.494,1.695
2.486,1.766
2.432,2.658
2.35,1.137
2.182,2.385
2.267,3.554
2.154,4.138
2.247,2.238
2.114,1.055
2.185,1.163
1.896,2.074
1.746,0.961
1.715,1.377
1.811,3.63
1.519,1.595
1.354,3.882
1.169,2.979
1.178,1.167
1.157,0.796
0.992,3.516
0.794,3.051
0.529,2.102
0.289,0.95
0.208,2.292
0.187,4.007
-1.616,0.131
-2.236,0.003
-2.258,-0.098
-2.246,-0.191
2.874,0.09
2.721,-0.034
1.029,-0.08
0.259,0.026
-1.696,4.057
-1.807,4.068
-2.074,4.114
-2.249,4.162
-2.397,4.049
0.53,3.958
-0.194,1.08
-0.187,2.301
-1.56,1.223
-2.404,4.04
1.832,2.572
1.566,1.199
1.078,1.062
0.094,0.379
1.5,3.342
1.114,1.512
0.938,0.857
0.709,3.66
0.145,2.503
3.049,2.549
1.484,1.637
1.522,1.072
-0.751,0.173
-2.134,0.194
1.13,0.185
0.423,0.201
0.029,0.161
-1.483,-0.084
-2.437,-0.193
2.93,-0.132
2.337,-0.391
1.742,-0.365
0.092,-0.289
-0.352,0.038
-0.846,0.043
-1.752,-0.09
-1.88,-0.216
-2.489,-0.162
3.123,-0.14
2.13,-0.156
2.015,0.028
1.165,-0.114
0.97,-0.251
1.72,-0.099
-2.733,-4.058
0.422,-2.798
0.428,-3.507
0.266,-0.711
0.26,-1.327
0.213,-3.366
0.152,-2.784
0.155,-0.21
0.253,-1.714
0.058,-0.577
0.205,-0.534
0.056,-2.062
0.003,-3.419
0.008,-0.299
0.127,-2.547
0.011,-0.93
0.081,-1.941
0.077,-3.178
-0.12,-0.339
0.005,-1.931
-0.07,-1.765
-0.062,-0.573
-0.228,-0.086
-0.081,-2.083
-0.237,-3.515
-0.288,-2.816
-0.298,-0.461
-0.187,-1.611
-0.397,-2.057
-0.31,-1.114
-0.264,-3.105
-0.355,-3.232
-0.507,-0.149
-0.376,-0.845
-0.467,-1.246
-0.6,-1.48
-0.629,-2.643
-0.748,-2.682
-0.97,-1.527
-1.019,-3.142
-0.916,-1.629
-0.993,-2.905
-1.287,-0.202
-1.26,-1.577
-1.409,-2.955
-1.402,-1.724
-1.587,-3.821
-1.596,-2.411
-1.484,-1.202
-1.647,-3.208
-1.528,-0.463
-1.543,-3.283
-1.562,-2.914
-1.643,-1.658
-1.807,-1.8
-1.769,-1.509
-1.902,-0.631
-1.999,-2.391
-2.164,-1.942
-2.066,-0.452
-2.089,-1.517
-2.207,-1.889
-2.462,-0.911
-2.371,-1.133
-2.405,-2.853
-2.487,-3.358
-2.51,-0.886
-2.629,-0.434
-2.78,-0.11
-2.713,-1.818
-2.698,-0.139
-2.713,-2.999
-2.964,-1.61
-2.849,-0.898
-3.022,-2.646
-2.917,-0.334
-2.949,-3.223
-3.109,-0.202
-3.125,-0.532
-3.015,-0.718
-3.051,-0.738
3.104,-0.997
3.056,-2.059
2.978,-2.457
2.97,-2.386
2.916,-1.494
2.834,-3.015
2.666,-1.767
2.751,-0.598
2.638,-0.014
2.731,-1.914
2.598,-3.097
2.669,-2.989
2.38,-2.078
2.23,-3.191
2.199,-2.775
2.295,-0.522
2.003,-2.557
1.838,-0.27
1.653,-1.173
1.662,-2.985
1.641,-3.356
1.476,-0.636
1.278,-1.101
1.013,-2.05
0.773,-3.202
0.692,-1.86
0.671,-0.145
-1.132,-4.021
-1.752,-4.149
-1.774,-4.25
-1.762,-4.343
-2.925,-4.062
-3.078,-4.186
1.513,-4.232
0.743,-4.126
-1.212,-0.095
-1.323,-0.084
-1.59,-0.038
-1.765,0.01
-1.913,-0.103
1.014,-0.194
0.29,-3.072
0.297,-1.851
-1.076,-2.929
-1.92,-0.112
2.316,-1.58
2.05,-2.953
1.562,-3.09
0.578,-3.773
1.984,-0.81
1.598,-2.64
1.422,-3.295
1.193,-0.492
0.629,-1.649
-2.75,-1.603
1.968,-2.515
2.006,-3.08
-0.267,-3.979
-1.65,-3.958
1.614,-3.967
0.907,-3.951
0.513,-3.991
-0.999,-4.236
-1.953,-4.345
-2.869,-4.284
2.821,-4.543
2.226,-4.517
0.576,-4.441
-0.494,0.005
-1.4,-0.128
-1.528,-0.254
-2.137,-0.2
-2.808,-0.178
2.482,-0.194
2.367,-0.01
1.517,-0.152
1.322,-0.289
2.072,-0.137
-2.381,-4.096
0.774,-2.836
0.78,-3.545
0.618,-0.749
0.612,-1.365
0.565,-3.404
0.504,-2.822
0.507,-0.248
0.605,-1.752
0.41,-0.615
0.557,-0.572
0.408,-2.1
0.355,-3.457
0.36,-0.337
0.479,-2.585
0.363,-0.968
0.433,-1.979
0.429,-3.216
0.232,-0.377
0.357,-1.969
0.282,-1.803
0.29,-0.611
0.124,-0.124
0.271,-2.121
0.115,-3.553
0.064,-2.854
0.054,-0.499
0.165,-1.649
-0.045,-2.095
0.042,-1.152
0.088,-3.143
-0.003,-3.27
-0.155,-0.187
-0.024,-0.883
-0.115,-1.284
-0.248,-1.518
-0.277,-2.681
-0.396,-2.72
-0.618,-1.565
-0.667,-3.18
-0.564,-1.667
-0.641,-2.943
-0.935,-0.24
-0.908,-1.615
-1.057,-2.993
-1.05,-1.762
-1.235,-3.859
-1.244,-2.449
-1.132,-1.24
-1.295,-3.246
-1.176,-0.501
-1.191,-3.321
-1.21,-2.952
-1.291,-1.696
-1.455,-1.838
-1.417,-1.547
-1.55,-0.669
-1.647,-2.429
-1.812,-1.98
-1.714,-0.49
-1.737,-1.555
-1.855,-1.927
-2.11,-0.949
-2.019,-1.171
-2.053,-2.891
-2.135,-3.396
-2.158,-0.924
-2.277,-0.472
-2.428,-0.148
-2.361,-1.856
-2.346,-0.177
-2.361,-3.037
-2.612,-1.648
-2.497,-0.936
-2.67,-2.684
-2.565,-0.372
-2.597,-3.261
-2.757,-0.24
-2.773,-0.57
-2.663,-0.756
-2.699,-0.776
-2.827,-1.035
-2.875,-2.097
-2.953,-2.495
-2.961,-2.424
-3.015,-1.532
-3.097,-3.053
3.018,-1.805
3.103,-0.636
2.99,-0.052
3.083,-1.952
2.95,-3.135
3.021,-3.027
2.732,-2.116
2.582,-3.229
2.551,-2.813
2.647,-0.56
2.355,-2.595
2.19,-0.308
2.005,-1.211
2.014,-3.023
1.993,-3.394
1.828,-0.674
1.63,-1.139
1.365,-2.088
1.125,-3.24
1.044,-1.898
1.023,-0.183
-0.78,-4.059
-1.4,-4.187
-1.422,-4.288
-1.41,-4.381
-2.573,-4.1
-2.726,-4.224
1.865,-4.27
1.095,-4.164
-0.86,-0.133
-0.971,-0.122
-1.238,-0.076
-1.413,-0.028
-1.561,-0.141
1.366,-0.232
0.642,-3.11
0.649,-1.889
-0.724,-2.967
-1.568,-0.15
2.668,-1.618
2.402,-2.991
1.914,-3.128
0.93,-3.811
2.336,-0.848
1.95,-2.678
1.774,-3.333
1.545,-0.53
0.981,-1.687
-2.398,-1.641
2.32,-2.553
2.358,-3.118
0.085,-4.017
-1.298,-3.996
1.966,-4.005
1.259,-3.989
0.865,-4.029
-0.647,-4.274
-1.601,-4.383
-2.517,-4.322
-3.11,-4.581
2.578,-4.555
0.928,-4.479
-0.906,-0.133
-1.034,-0.259
-1.643,-0.205
-2.314,-0.183
2.976,-0.199
2.861,-0.015
2.011,-0.157
1.816,-0.294
2.566,-0.142
-1.887,-4.101
1.268,-2.841
1.274,-3.55
1.112,-0.754
1.106,-1.37
1.059,-3.409
0.998,-2.827
1.001,-0.253
1.099,-1.757
0.904,-0.62
1.051,-0.577
0.902,-2.105
0.849,-3.462
0.854,-0.342
0.973,-2.59
0.857,-0.973
0.927,-1.984
0.923,-3.221
0.726,-0.382
0.851,-1.974
0.776,-1.808
0.784,-0.616
0.618,-0.129
0.765,-2.126
0.609,-3.558
0.558,-2.859
0.548,-0.504
0.659,-1.654
0.449,-2.1
0.536,-1.157
0.582,-3.148
0.491,-3.275
0.339,-0.192
0.47,-0.888
0.379,-1.289
0.246,-1.523
0.217,-2.686
0.098,-2.725
-0.124,-1.57
-0.173,-3.185
-0.07,-1.672
-0.147,-2.948
-0.441,-0.245
-0.414,-1.62
-0.563,-2.998
-0.556,-1.767
-0.741,-3.864
-0.75,-2.454
-0.638,-1.245
-0.801,-3.251
-0.682,-0.506
-0.697,-3.326
-0.716,-2.957
-0.797,-1.701
-0.961,-1.843
-0.923,-1.552
-1.056,-0.674
-1.153,-2.434
-1.318,-1.985
-1.22,-0.495
-1.243,-1.56
-1.361,-1.932
-1.616,-0.954
-1.525,-1.176
-1.559,-2.896
-1.641,-3.401
-1.664,-0.929
-1.783,-0.477
-1.934,-0.153
-1.867,-1.861
-1.852,-0.182
-1.867,-3.042
-2.118,-1.653
-2.003,-0.941
-2.176,-2.689
-2.071,-0.377
-2.103,-3.266
-2.263,-0.245
-2.279,-0.575
-2.169,-0.761
-2.205,-0.781
-2.333,-1.04
-2.381,-2.102
-2.459,-2.5
-2.467,-2.429
-2.521,-1.537
-2.603,-3.058
-2.771,-1.81
-2.686,-0.641
-2.799,-0.057
-2.706,-1.957
-2.839,-3.14
-2.768,-3.032
-3.057,-2.121
3.076,-3.234
3.045,-2.818
3.141,-0.565
2.849,-2.6
2.684,-0.313
2.499,-1.216
2.508,-3.028
2.487,-3.399
2.322,-0.679
2.124,-1.144
1.859,-2.093
1.619,-3.245
1.538,-1.903
1.517,-0.188
-0.286,-4.064
-0.906,-4.192
-0.928,-4.293
-0.916,-4.386
-2.079,-4.105
-2.232,-4.229
2.359,-4.275
1.589,-4.169
-0.366,-0.138
-0.477,-0.127
-0.744,-0.081
-0.919,-0.033
-1.067,-0.146
1.86,-0.237
1.136,-3.115
1.143,-1.894
-0.23,-2.972
-1.074,-0.155
-3.121,-1.623
2.896,-2.996
2.408,-3.133
1.424,-3.816
2.83,-0.853
2.444,-2.683
2.268,-3.338
2.039,-0.535
1.475,-1.692
-1.904,-1.646
2.814,-2.558
2.852,-3.123
0.579,-4.022
-0.804,-4.001
2.46,-4.01
1.753,-3.994
1.359,-4.034
-0.153,-4.279
-1.107,-4.388
-2.023,-4.327
-2.616,-4.586
3.072,-4.56
1.422,-4.484
-0.128,-0.126
-0.737,-0.072
-1.408,-0.05
-2.401,-0.066
-2.516,0.118
2.917,-0.024
2.722,-0.161
-2.811,-0.009
-0.981,-3.968
2.174,-2.708
2.18,-3.417
2.018,-0.621
2.012,-1.237
1.965,-3.276
1.904,-2.694
1.907,-0.12
2.005,-1.624
1.81,-0.487
1.957,-0.444
1.808,-1.972
1.755,-3.329
1.76,-0.209
1.879,-2.457
1.763,-0.84
1.833,-1.851
1.829,-3.088
1.632,-0.249
1.757,-1.841
1.682,-1.675
1.69,-0.483
1.524,0.004
1.671,-1.993
1.515,-3.425
1.464,-2.726
1.454,-0.371
1.565,-1.521
1.355,-1.967
1.442,-1.024
1.488,-3.015
1.397,-3.142
1.245,-0.059
1.376,-0.755
1.285,-1.156
1.152,-1.39
1.123,-2.553
1.004,-2.592
0.782,-1.437
0.733,-3.052
0.836,-1.539
0.759,-2.815
0.465,-0.112
0.492,-1.487
0.343,-2.865
0.35,-1.634
0.165,-3.731
0.156,-2.321
0.268,-1.112
0.105,-3.118
0.224,-0.373
0.209,-3.193
0.19,-2.824
0.109,-1.568
-0.055,-1.71
-0.017,-1.419
-0.15,-0.541
-0.247,-2.301
-0.412,-1.852
-0.314,-0.362
-0.337,-1.427
-0.455,-1.799
-0.71,-0.821
-0.619,-1.043
-0.653,-2.763
-0.735,-3.268
-0.758,-0.796
-0.877,-0.344
-1.028,-0.02
-0.961,-1.728
-0.946,-0.049
-0.961,-2.909
-1.212,-1.52
-1.097,-0.808
-1.27,-2.556
-1.165,-0.244
-1.197,-3.133
-1.357,-0.112
-1.373,-0.442
-1.263,-0.628
-1.299,-0.648
-1.427,-0.907
-1.475,-1.969
-1.553,-2.367
-1.561,-2.296
-1.615,-1.404
-1.697,-2.925
-1.865,-1.677
-1.78,-0.508
-1.893,0.076
-1.8,-1.824
-1.933,-3.007
-1.862,-2.899
-2.151,-1.988
-2.301,-3.101
-2.332,-2.685
-2.236,-0.432
-2.528,-2.467
-2.693,-0.18
-2.878,-1.083
-2.869,-2.895
-2.89,-3.266
-3.055,-0.546
3.03,-1.011
2.765,-1.96
2.525,-3.112
2.444,-1.77
2.423,-0.055
0.62,-3.931
0.0,-4.059
-0.022,-4.16
-0.01,-4.253
-1.173,-3.972
-1.326,-4.096
-3.018,-4.142
2.495,-4.036
0.54,-0.005
0.429,0.006
0.162,0.052
-0.013,0.1
-0.161,-0.013
2.766,-0.104
2.042,-2.982
2.049,-1.761
0.676,-2.839
-0.168,-0.022
-2.215,-1.49
-2.481,-2.863
-2.969,-3.0
2.33,-3.683
-2.547,-0.72
-2.933,-2.55
-3.109,-3.205
2.945,-0.402
2.381,-1.559
-0.998,-1.513
-2.563,-2.425
-2.525,-2.99
1.485,-3.889
0.102,-3.868
-2.917,-3.877
2.659,-3.861
2.265,-3.901
0.753,-4.146
-0.201,-4.255
-1.117,-4.194
-1.71,-4.453
-2.305,-4.427
2.328,-4.351
-0.609,0.054
-1.28,0.076
-2.273,0.06
-2.388,0.244
3.045,0.102
2.85,-0.035
-2.683,0.117
-0.853,-3.842
2.302,-2.582
2.308,-3.291
2.146,-0.495
2.14,-1.111
2.093,-3.15
2.032,-2.568
2.035,0.006
2.133,-1.498
1.938,-0.361
2.085,-0.318
1.936,-1.846
1.883,-3.203
1.888,-0.083
2.007,-2.331
1.891,-0.714
1.961,-1.725
1.957,-2.962
1.76,-0.123
1.885,-1.715
1.81,-1.549
1.818,-0.357
1.652,0.13
1.799,-1.867
1.643,-3.299
1.592,-2.6
1.582,-0.245
1.693,-1.395
1.483,-1.841
1.57,-0.898
1.616,-2.889
1.525,-3.016
1.373,0.067
1.504,-0.629
1.413,-1.03
1.28,-1.264
1.251,-2.427
1.132,-2.466
0.91,-1.311
0.861,-2.926
0.964,-1.413
0.887,-2.689
0.593,0.014
0.62,-1.361
0.471,-2.739
0.478,-1.508
0.293,-3.605
0.284,-2.195
0.396,-0.986
0.233,-2.992
0.352,-0.247
0.337,-3.067
0.318,-2.698
0.237,-1.442
0.073,-1.584
0.111,-1.293
-0.022,-0.415
-0.119,-2.175
-0.284,-1.726
-0.186,-0.236
-0.209,-1.301
-0.327,-1.673
-0.582,-0.695
-0.491,-0.917
-0.525,-2.637
-0.607,-3.142
-0.63,-0.67
-0.749,-0.218
-0.9,0.106
-0.833,-1.602
-0.818,0.077
-0.833,-2.783
-1.084,-1.394
-0.969,-0.682
-1.142,-2.43
-1.037,-0.118
-1.069,-3.007
-1.229,0.014
-1.245,-0.316
-1.135,-0.502
-1.171,-0.522
-1.299,-0.781
-1.347,-1.843
-1.425,-2.241
-1.433,-2.17
-1.487,-1.278
-1.569,-2.799
-1.737,-1.551
-1.652,-0.382
-1.765,0.202
-1.672,-1.698
-1.805,-2.881
-1.734,-2.773
-2.023,-1.862
-2.173,-2.975
-2.204,-2.559
-2.108,-0.306
-2.4,-2.341
-2.565,-0.054
-2.75,-0.957
-2.741,-2.769
-2.762,-3.14
-2.927,-0.42
-3.125,-0.885
2.893,-1.834
2.653,-2.986
2.572,-1.644
2.551,0.071
0.748,-3.805
0.128,-3.933
0.106,-4.034
0.118,-4.127
-1.045,-3.846
-1.198,-3.97
-2.89,-4.016
2.623,-3.91
0.668,0.121
0.557,0.132
0.29,0.178
0.115,0.226
-0.033,0.113
2.894,0.022
2.17,-2.856
2.177,-1.635
0.804,-2.713
-0.04,0.104
-2.087,-1.364
-2.353,-2.737
-2.841,-2.874
2.458,-3.557
-2.419,-0.594
-2.805,-2.424
-2.981,-3.079
3.073,-0.276
2.509,-1.433
-0.87,-1.387
-2.435,-2.299
-2.397,-2.864
1.613,-3.763
0.23,-3.742
-2.789,-3.751
2.787,-3.735
2.393,-3.775
0.881,-4.02
-0.073,-4.129
-0.989,-4.068
-1.582,-4.327
-2.177,-4.301
2.456,-4.225
-0.671,0.022
-1.664,0.006
-1.779,0.19
-2.629,0.048
-2.824,-0.089
-2.074,0.063
-0.244,-3.896
2.911,-2.636
2.917,-3.345
2.755,-0.549
2.749,-1.165
2.702,-3.204
2.641,-2.622
2.644,-0.048
2.742,-1.552
2.547,-0.415
2.694,-0.372
2.545,-1.9
2.492,-3.257
2.497,-0.137
2.616,-2.385
2.5,-0.768
2.57,-1.779
2.566,-3.016
2.369,-0.177
2.494,-1.769
2.419,-1.603
2.427,-0.411
2.261,0.076
2.408,-1.921
2.252,-3.353
2.201,-2.654
2.191,-0.299
2.302,-1.449
2.092,-1.895
2.179,-0.952
2.225,-2.943
2.134,-3.07
1.982,0.013
2.113,-0.683
2.022,-1.084
1.889,-1.318
1.86,-2.481
1.741,-2.52
1.519,-1.365
1.47,-2.98
1.573,-1.467
1.496,-2.743
1.202,-0.04
1.229,-1.415
1.08,-2.793
1.087,-1.562
0.902,-3.659
0.893,-2.249
1.005,-1.04
0.842,-3.046
0.961,-0.301
0.946,-3.121
0.927,-2.752
0.846,-1.496
0.682,-1.638
0.72,-1.347
0.587,-0.469
0.49,-2.229
0.325,-1.78
0.423,-0.29
0.4,-1.355
0.282,-1.727
0.027,-0.749
0.118,-0.971
0.084,-2.691
0.002,-3.196
-0.021,-0.724
-0.14,-0.272
-0.291,0.052
-0.224,-1.656
-0.209,0.023
-0.224,-2.837
-0.475,-1.448
-0.36,-0.736
-0.533,-2.484
-0.428,-0.172
-0.46,-3.061
-0.62,-0.04
-0.636,-0.37
-0.526,-0.556
-0.562,-0.576
-0.69,-0.835
-0.738,-1.897
-0.816,-2.295
-0.824,-2.224
-0.878,-1.332
-0.96,-2.853
-1.128,-1.605
-1.043,-0.436
-1.156,0.148
-1.063,-1.752
-1.196,-2.935
-1.125,-2.827
-1.414,-1.916
-1.564,-3.029
-1.595,-2.613
-1.499,-0.36
-1.791,-2.395
-1.956,-0.108
-2.141,-1.011
-2.132,-2.823
-2.153,-3.194
-2.318,-0.474
-2.516,-0.939
-2.781,-1.888
-3.021,-3.04
-3.102,-1.698
-3.123,0.017
1.357,-3.859
0.737,-3.987
0.715,-4.088
0.727,-4.181
-0.436,-3.9
-0.589,-4.024
-2.281,-4.07
-3.051,-3.964
1.277,0.067
1.166,0.078
0.899,0.124
0.724,0.172
0.576,0.059
-2.78,-0.032
2.779,-2.91
2.786,-1.689
1.413,-2.767
0.569,0.05
-1.478,-1.418
-1.744,-2.791
-2.232,-2.928
3.067,-3.611
-1.81,-0.648
-2.196,-2.478
-2.372,-3.133
-2.601,-0.33
3.118,-1.487
-0.261,-1.441
-1.826,-2.353
-1.788,-2.918
2.222,-3.817
0.839,-3.796
-2.18,-3.805
-2.887,-3.789
3.002,-3.829
1.49,-4.074
0.536,-4.183
-0.38,-4.122
-0.973,-4.381
-1.568,-4.355
3.065,-4.279
-0.993,-0.016
-1.108,0.168
-1.958,0.026
-2.153,-0.111
-1.403,0.041
0.427,-3.918
-2.701,-2.658
-2.695,-3.367
-2.857,-0.571
-2.863,-1.187
-2.91,-3.226
-2.971,-2.644
-2.968,-0.07
-2.87,-1.574
-3.065,-0.437
-2.918,-0.394
-3.067,-1.922
-3.12,-3.279
-3.115,-0.159
-2.996,-2.407
-3.112,-0.79
-3.042,-1.801
-3.046,-3.038
3.04,-0.199
-3.118,-1.791
3.09,-1.625
3.098,-0.433
2.932,0.054
3.079,-1.943
2.923,-3.375
2.872,-2.676
2.862,-0.321
2.973,-1.471
2.763,-1.917
2.85,-0.974
2.896,-2.965
2.805,-3.092
2.653,-0.009
2.784,-0.705
2.693,-1.106
2.56,-1.34
2.531,-2.503
2.412,-2.542
2.19,-1.387
2.141,-3.002
2.244,-1.489
2.167,-2.765
1.873,-0.062
1.9,-1.437
1.751,-2.815
1.758,-1.584
1.573,-3.681
1.564,-2.271
1.676,-1.062
1.513,-3.068
1.632,-0.323
1.617,-3.143
1.598,-2.774
1.517,-1.518
1.353,-1.66
1.391,-1.369
1.258,-0.491
1.161,-2.251
0.996,-1.802
1.094,-0.312
1.071,-1.377
0.953,-1.749
0.698,-0.771
0.789,-0.993
0.755,-2.713
0.673,-3.218
0.65,-0.746
0.531,-0.294
0.38,0.03
0.447,-1.678
0.462,0.001
0.447,-2.859
0.196,-1.47
0.311,-0.758
0.138,-2.506
0.243,-0.194
0.211,-3.083
0.051,-0.062
0.035,-0.392
0.145,-0.578
0.109,-0.598
-0.019,-0.857
-0.067,-1.919
-0.145,-2.317
-0.153,-2.246
-0.207,-1.354
-0.289,-2.875
-0.457,-1.627
-0.372,-0.458
-0.485,0.126
-0.392,-1.774
-0.525,-2.957
-0.454,-2.849
-0.743,-1.938
-0.893,-3.051
-0.924,-2.635
-0.828,-0.382
-1.12,-2.417
-1.285,-0.13
-1.47,-1.033
-1.461,-2.845
-1.482,-3.216
-1.647,-0.496
-1.845,-0.961
-2.11,-1.91
-2.35,-3.062
-2.431,-1.72
-2.452,-0.005
2.028,-3.881
1.408,-4.009
1.386,-4.11
1.398,-4.203
0.235,-3.922
0.082,-4.046
-1.61,-4.092
-2.38,-3.986
1.948,0.045
1.837,0.056
1.57,0.102
1.395,0.15
1.247,0.037
-2.109,-0.054
-2.833,-2.932
-2.826,-1.711
2.084,-2.789
1.24,0.028
-0.807,-1.44
-1.073,-2.813
-1.561,-2.95
-2.545,-3.633
-1.139,-0.67
-1.525,-2.5
-1.701,-3.155
-1.93,-0.352
-2.494,-1.509
0.41,-1.463
-1.155,-2.375
-1.117,-2.94
2.893,-3.839
1.51,-3.818
-1.509,-3.827
-2.216,-3.811
-2.61,-3.851
2.161,-4.096
1.207,-4.205
0.291,-4.144
-0.302,-4.403
-0.897,-4.377
-2.547,-4.301
-0.115,0.184
-0.965,0.042
-1.16,-0.095
-0.41,0.057
1.42,-3.902
-1.708,-2.642
-1.702,-3.351
-1.864,-0.555
-1.87,-1.171
-1.917,-3.21
-1.978,-2.628
-1.975,-0.054
-1.877,-1.558
-2.072,-0.421
-1.925,-0.378
-2.074,-1.906
-2.127,-3.263
-2.122,-0.143
-2.003,-2.391
-2.119,-0.774
-2.049,-1.785
-2.053,-3.022
-2.25,-0.183
-2.125,-1.775
-2.2,-1.609
-2.192,-0.417
-2.358,0.07
-2.211,-1.927
-2.367,-3.359
-2.418,-2.66
-2.428,-0.305
-2.317,-1.455
-2.527,-1.901
-2.44,-0.958
-2.394,-2.949
-2.485,-3.076
-2.637,0.007
-2.506,-0.689
-2.597,-1.09
-2.73,-1.324
-2.759,-2.487
-2.878,-2.526
-3.1,-1.371
3.134,-2.986
-3.046,-1.473
-3.123,-2.749
2.866,-0.046
2.893,-1.421
2.744,-2.799
2.751,-1.568
2.566,-3.665
2.557,-2.255
2.669,-1.046
2.506,-3.052
2.625,-0.307
2.61,-3.127
2.591,-2.758
2.51,-1.502
2.346,-1.644
2.384,-1.353
2.251,-0.475
2.154,-2.235
1.989,-1.786
2.087,-0.296
2.064,-1.361
1.946,-1.733
1.691,-0.755
1.782,-0.977
1.748,-2.697
1.666,-3.202
1.643,-0.73
1.524,-0.278
1.373,0.046
1.44,-1.662
1.455,0.017
1.44,-2.843
1.189,-1.454
1.304,-0.742
1.131,-2.49
1.236,-0.178
1.204,-3.067
1.044,-0.046
1.028,-0.376
1.138,-0.562
1.102,-0.582
0.974,-0.841
0.926,-1.903
0.848,-2.301
0.84,-2.23
0.786,-1.338
0.704,-2.859
0.536,-1.611
0.621,-0.442
0.508,0.142
0.601,-1.758
0.468,-2.941
0.539,-2.833
0.25,-1.922
0.1,-3.035
0.069,-2.619
0.165,-0.366
-0.127,-2.401
-0.292,-0.114
-0.477,-1.017
-0.468,-2.829
-0.489,-3.2
-0.654,-0.48
-0.852,-0.945
-1.117,-1.894
-1.357,-3.046
-1.438,-1.704
-1.459,0.011
3.021,-3.865
2.401,-3.993
2.379,-4.094
2.391,-4.187
1.228,-3.906
1.075,-4.03
-0.617,-4.076
-1.387,-3.97
2.941,0.061
2.83,0.072
2.563,0.118
2.388,0.166
2.24,0.053
-1.116,-0.038
-1.84,-2.916
-1.833,-1.695
3.077,-2.773
2.233,0.044
0.186,-1.424
-0.08,-2.797
-0.568,-2.934
-1.552,-3.617
-0.146,-0.654
-0.532,-2.484
-0.708,-3.139
-0.937,-0.336
-1.501,-1.493
1.403,-1.447
-0.162,-2.359
-0.124,-2.924
-2.397,-3.823
2.503,-3.802
-0.516,-3.811
-1.223,-3.795
-1.617,-3.835
-3.129,-4.08
2.2,-4.189
1.284,-4.128
0.691,-4.387
0.096,-4.361
-1.554,-4.285
-0.85,-0.142
-1.045,-0.279
-0.295,-0.127
1.535,-4.086
-1.593,-2.826
-1.587,-3.535
-1.749,-0.739
-1.755,-1.355
-1.802,-3.394
-1.863,-2.812
-1.86,-0.238
-1.762,-1.742
-1.957,-0.605
-1.81,-0.562
-1.959,-2.09
-2.012,-3.447
-2.007,-0.327
-1.888,-2.575
-2.004,-0.958
-1.934,-1.969
-1.938,-3.206
-2.135,-0.367
-2.01,-1.959
-2.085,-1.793
-2.077,-0.601
-2.243,-0.114
-2.096,-2.111
-2.252,-3.543
-2.303,-2.844
-2.313,-0.489
-2.202,-1.639
-2.412,-2.085
-2.325,-1.142
-2.279,-3.133
-2.37,-3.26
-2.522,-0.177
-2.391,-0.873
-2.482,-1.274
-2.615,-1.508
-2.644,-2.671
-2.763,-2.71
-2.985,-1.555
-3.034,-3.17
-2.931,-1.657
-3.008,-2.933
2.981,-0.23
3.008,-1.605
2.859,-2.983
2.866,-1.752
2.681,-3.849
2.672,-2.439
2.784,-1.23
2.621,-3.236
2.74,-0.491
2.725,-3.311
2.706,-2.942
2.625,-1.686
2.461,-1.828
2.499,-1.537
2.366,-0.659
2.269,-2.419
2.104,-1.97
2.202,-0.48
2.179,-1.545
2.061,-1.917
1.806,-0.939
1.897,-1.161
1.863,-2.881
1.781,-3.386
1.758,-0.914
1.639,-0.462
1.488,-0.138
1.555,-1.846
1.57,-0.167
1.555,-3.027
1.304,-1.638
1.419,-0.926
1.246,-2.674
1.351,-0.362
1.319,-3.251
1.159,-0.23
1.143,-0.56
1.253,-0.746
1.217,-0.766
1.089,-1.025
1.041,-2.087
0.963,-2.485
0.955,-2.414
0.901,-1.522
0.819,-3.043
0.651,-1.795
0.736,-0.626
0.623,-0.042
0.716,-1.942
0.583,-3.125
0.654,-3.017
0.365,-2.106
0.215,-3.219
0.184,-2.803
0.28,-0.55
-0.012,-2.585
-0.177,-0.298
-0.362,-1.201
-0.353,-3.013
-0.374,-3.384
-0.539,-0.664
-0.737,-1.129
-1.002,-2.078
-1.242,-3.23
-1.323,-1.888
-1.344,-0.173
3.136,-4.049
2.516,-4.177
2.494,-4.278
2.506,-4.371
1.343,-4.09
1.19,-4.214
-0.502,-4.26
-1.272,-4.154
3.056,-0.123
2.945,-0.112
2.678,-0.066
2.503,-0.018
2.355,-0.131
-1.001,-0.222
-1.725,-3.1
-1.718,-1.879
-3.091,-2.957
2.348,-0.14
0.301,-1.608
0.035,-2.981
-0.453,-3.118
-1.437,-3.801
-0.031,-0.838
-0.417,-2.668
-0.593,-3.323
-0.822,-0.52
-1.386,-1.677
1.518,-1.631
-0.047,-2.543
-0.009,-3.108
-2.282,-4.007
2.618,-3.986
-0.401,-3.995
-1.108,-3.979
-1.502,-4.019
-3.014,-4.264
2.315,-4.373
1.399,-4.312
0.806,-4.571
0.211,-4.545
-1.439,-4.469
-0.195,-0.137
0.555,0.015
2.385,-3.944
-0.743,-2.684
-0.737,-3.393
-0.899,-0.597
-0.905,-1.213
-0.952,-3.252
-1.013,-2.67
-1.01,-0.096
-0.912,-1.6
-1.107,-0.463
-0.96,-0.42
-1.109,-1.948
-1.162,-3.305
-1.157,-0.185
-1.038,-2.433
-1.154,-0.816
-1.084,-1.827
-1.088,-3.064
-1.285,-0.225
-1.16,-1.817
-1.235,-1.651
-1.227,-0.459
-1.393,0.028
-1.246,-1.969
-1.402,-3.401
-1.453,-2.702
-1.463,-0.347
-1.352,-1.497
-1.562,-1.943
-1.475,-1.0
-1.429,-2.991
-1.52,-3.118
-1.672,-0.035
-1.541,-0.731
-1.632,-1.132
-1.765,-1.366
-1.794,-2.529
-1.913,-2.568
-2.135,-1.413
-2.184,-3.028
-2.081,-1.515
-2.158,-2.791
-2.452,-0.088
-2.425,-1.463
-2.574,-2.841
-2.567,-1.61
-2.752,-3.707
-2.761,-2.297
-2.649,-1.088
-2.812,-3.094
-2.693,-0.349
-2.708,-3.169
-2.727,-2.8
-2.808,-1.544
-2.972,-1.686
-2.934,-1.395
-3.067,-0.517
3.119,-2.277
2.954,-1.828
3.052,-0.338
3.029,-1.403
2.911,-1.775
2.656,-0.797
2.747,-1.019
2.713,-2.739
2.631,-3.244
2.608,-0.772
2.489,-0.32
2.338,0.004
2.405,-1.704
2.42,-0.025
2.405,-2.885
2.154,-1.496
2.269,-0.784
2.096,-2.532
2.201,-0.22
2.169,-3.109
2.009,-0.088
1.993,-0.418
2.103,-0.604
2.067,-0.624
1.939,-0.883
1.891,-1.945
1.813,-2.343
1.805,-2.272
1.751,-1.38
1.669,-2.901
1.501,-1.653
1.586,-0.484
1.473,0.1
1.566,-1.8
1.433,-2.983
1.504,-2.875
1.215,-1.964
1.065,-3.077
1.034,-2.661
1.13,-0.408
0.838,-2.443
0.673,-0.156
0.488,-1.059
0.497,-2.871
0.476,-3.242
0.311,-0.522
0.113,-0.987
-0.152,-1.936
-0.392,-3.088
-0.473,-1.746
-0.494,-0.031
-2.297,-3.907
-2.917,-4.035
-2.939,-4.136
-2.927,-4.229
2.193,-3.948
2.04,-4.072
0.348,-4.118
-0.422,-4.012
-2.377,0.019
-2.488,0.03
-2.755,0.076
-2.93,0.124
-3.078,0.011
-0.151,-0.08
-0.875,-2.958
-0.868,-1.737
-2.241,-2.815
-3.085,0.002
1.151,-1.466
0.885,-2.839
0.397,-2.976
-0.587,-3.659
0.819,-0.696
0.433,-2.526
0.257,-3.181
0.028,-0.378
-0.536,-1.535
2.368,-1.489
0.803,-2.401
0.841,-2.966
-1.432,-3.865
-2.815,-3.844
0.449,-3.853
-0.258,-3.837
-0.652,-3.877
-2.164,-4.122
-3.118,-4.231
2.249,-4.17
1.656,-4.429
1.061,-4.403
-0.589,-4.327
0.75,0.152
2.58,-3.807
-0.548,-2.547
-0.542,-3.256
-0.704,-0.46
-0.71,-1.076
-0.757,-3.115
-0.818,-2.533
-0.815,0.041
-0.717,-1.463
-0.912,-0.326
-0.765,-0.283
-0.914,-1.811
-0.967,-3.168
-0.962,-0.048
-0.843,-2.296
-0.959,-0.679
-0.889,-1.69
-0.893,-2.927
-1.09,-0.088
-0.965,-1.68
-1.04,-1.514
-1.032,-0.322
-1.198,0.165
-1.051,-1.832
-1.207,-3.264
-1.258,-2.565
-1.268,-0.21
-1.157,-1.36
-1.367,-1.806
-1.28,-0.863
-1.234,-2.854
-1.325,-2.981
-1.477,0.102
-1.346,-0.594
-1.437,-0.995
-1.57,-1.229
-1.599,-2.392
-1.718,-2.431
-1.94,-1.276
-1.989,-2.891
-1.886,-1.378
-1.963,-2.654
-2.257,0.049
-2.23,-1.326
-2.379,-2.704
-2.372,-1.473
-2.557,-3.57
-2.566,-2.16
-2.454,-0.951
-2.617,-2.957
-2.498,-0.212
-2.513,-3.032
-2.532,-2.663
-2.613,-1.407
-2.777,-1.549
-2.739,-1.258
-2.872,-0.38
-2.969,-2.14
-3.134,-1.691
-3.036,-0.201
-3.059,-1.266
3.106,-1.638
2.851,-0.66
2.942,-0.882
2.908,-2.602
2.826,-3.107
2.803,-0.635
2.684,-0.183
2.533,0.141
2.6,-1.567
2.615,0.112
2.6,-2.748
2.349,-1.359
2.464,-0.647
2.291,-2.395
2.396,-0.083
2.364,-2.972
2.204,0.049
2.188,-0.281
2.298,-0.467
2.262,-0.487
2.134,-0.746
2.086,-1.808
2.008,-2.206
2.0,-2.135
1.946,-1.243
1.864,-2.764
1.696,-1.516
1.781,-0.347
1.668,0.237
1.761,-1.663
1.628,-2.846
1.699,-2.738
1.41,-1.827
1.26,-2.94
1.229,-2.524
1.325,-0.271
1.033,-2.306
0.868,-0.019
0.683,-0.922
0.692,-2.734
0.671,-3.105
0.506,-0.385
0.308,-0.85
0.043,-1.799
-0.197,-2.951
-0.278,-1.609
-0.299,0.106
-2.102,-3.77
-2.722,-3.898
-2.744,-3.999
-2.732,-4.092
2.388,-3.811
2.235,-3.935
0.543,-3.981
-0.227,-3.875
-2.182,0.156
-2.293,0.167
-2.56,0.213
-2.735,0.261
-2.883,0.148
0.044,0.057
-0.68,-2.821
-0.673,-1.6
-2.046,-2.678
-2.89,0.139
1.346,-1.329
1.08,-2.702
0.592,-2.839
-0.392,-3.522
1.014,-0.559
0.628,-2.389
0.452,-3.044
0.223,-0.241
-0.341,-1.398
2.563,-1.352
0.998,-2.264
1.036,-2.829
-1.237,-3.728
-2.62,-3.707
0.644,-3.716
-0.063,-3.7
-0.457,-3.74
-1.969,-3.985
-2.923,-4.094
2.444,-4.033
1.851,-4.292
1.256,-4.266
-0.394,-4.19
1.83,-3.959
-1.298,-2.699
-1.292,-3.408
-1.454,-0.612
-1.46,-1.228
-1.507,-3.267
-1.568,-2.685
-1.565,-0.111
-1.467,-1.615
-1.662,-0.478
-1.515,-0.435
-1.664,-1.963
-1.717,-3.32
-1.712,-0.2
-1.593,-2.448
-1.709,-0.831
-1.639,-1.842
-1.643,-3.079
-1.84,-0.24
-1.715,-1.832
-1.79,-1.666
-1.782,-0.474
-1.948,0.013
-1.801,-1.984
-1.957,-3.416
-2.008,-2.717
-2.018,-0.362
-1.907,-1.512
-2.117,-1.958
-2.03,-1.015
-1.984,-3.006
-2.075,-3.133
-2.227,-0.05
-2.096,-0.746
-2.187,-1.147
-2.32,-1.381
-2.349,-2.544
-2.468,-2.583
-2.69,-1.428
-2.739,-3.043
-2.636,-1.53
-2.713,-2.806
-3.007,-0.103
-2.98,-1.478
-3.129,-2.856
-3.122,-1.625
2.976,-3.722
2.967,-2.312
3.079,-1.103
2.916,-3.109
3.035,-0.364
3.02,-3.184
3.001,-2.815
2.92,-1.559
2.756,-1.701
2.794,-1.41
2.661,-0.532
2.564,-2.292
2.399,-1.843
2.497,-0.353
2.474,-1.418
2.356,-1.79
2.101,-0.812
2.192,-1.034
2.158,-2.754
2.076,-3.259
2.053,-0.787
1.934,-0.335
1.783,-0.011
1.85,-1.719
1.865,-0.04
1.85,-2.9
1.599,-1.511
1.714,-0.799
1.541,-2.547
1.646,-0.235
1.614,-3.124
1.454,-0.103
1.438,-0.433
1.548,-0.619
1.512,-0.639
1.384,-0.898
1.336,-1.96
1.258,-2.358
1.25,-2.287
1.196,-1.395
1.114,-2.916
0.946,-1.668
1.031,-0.499
0.918,0.085
1.011,-1.815
0.878,-2.998
0.949,-2.89
0.66,-1.979
0.51,-3.092
0.479,-2.676
0.575,-0.423
0.283,-2.458
0.118,-0.171
-0.067,-1.074
-0.058,-2.886
-0.079,-3.257
-0.244,-0.537
-0.442,-1.002
-0.707,-1.951
-0.947,-3.103
-1.028,-1.761
-1.049,-0.046
-2.852,-3.922
2.811,-4.05
2.789,-4.151
2.801,-4.244
1.638,-3.963
1.485,-4.087
-0.207,-4.133
-0.977,-4.027
-2.932,0.004
-3.043,0.015
2.973,0.061
2.798,0.109
2.65,-0.004
-0.706,-0.095
-1.43,-2.973
-1.423,-1.752
-2.796,-2.83
2.643,-0.013
0.596,-1.481
0.33,-2.854
-0.158,-2.991
-1.142,-3.674
0.264,-0.711
-0.122,-2.541
-0.298,-3.196
-0.527,-0.393
-1.091,-1.55
1.813,-1.504
0.248,-2.416
0.286,-2.981
-1.987,-3.88
2.913,-3.859
-0.106,-3.868
-0.813,-3.852
-1.207,-3.892
-2.719,-4.137
2.61,-4.246
1.694,-4.185
1.101,-4.444
0.506,-4.418
-1.144,-4.342
-3.128,1.26
-3.122,0.551
2.999,3.347
2.993,2.731
2.946,0.692
2.885,1.274
2.888,3.848
2.986,2.344
2.791,3.481
2.938,3.524
2.789,1.996
2.736,0.639
2.741,3.759
2.86,1.511
2.744,3.128
2.814,2.117
2.81,0.88
2.613,3.719
2.738,2.127
2.663,2.293
2.671,3.485
2.505,3.972
2.652,1.975
2.496,0.543
2.445,1.242
2.435,3.597
2.546,2.447
2.336,2.001
2.423,2.944
2.469,0.953
2.378,0.826
2.226,3.909
2.357,3.213
2.266,2.812
2.133,2.578
2.104,1.415
1.985,1.376
1.763,2.531
1.714,0.916
1.817,2.429
1.74,1.153
1.446,3.856
1.473,2.481
1.324,1.103
1.331,2.334
1.146,0.237
1.137,1.647
1.249,2.856
1.086,0.85
1.205,3.595
1.19,0.775
1.171,1.144
1.09,2.4
0.926,2.258
0.964,2.549
0.831,3.427
0.734,1.667
0.569,2.116
0.667,3.606
0.644,2.541
0.526,2.169
0.271,3.147
0.362,2.925
0.328,1.205
0.246,0.7
0.223,3.172
0.104,3.624
-0.047,3.948
0.02,2.24
0.035,3.919
0.02,1.059
-0.231,2.448
-0.116,3.16
-0.289,1.412
-0.184,3.724
-0.216,0.835
-0.376,3.856
-0.392,3.526
-0.282,3.34
-0.318,3.32
-0.446,3.061
-0.494,1.999
-0.572,1.601
-0.58,1.672
-0.634,2.564
-0.716,1.043
-0.884,2.291
-0.799,3.46
-0.912,4.044
-0.819,2.144
-0.952,0.961
-0.881,1.069
-1.17,1.98
-1.32,0.867
-1.351,1.283
-1.255,3.536
-1.547,1.501
-1.712,3.788
-1.897,2.885
-1.888,1.073
-1.909,0.702
-2.074,3.422
-2.272,2.957
-2.537,2.008
-2.777,0.856
-2.858,2.198
-2.879,3.913
1.601,0.037
0.981,-0.091
0.959,-0.192
0.971,-0.285
-0.192,-0.004
-0.345,-0.128
-2.037,-0.174
-2.807,-0.068
1.521,3.963
1.41,3.974
1.143,4.02
0.968,4.068
0.82,3.955
-2.536,3.864
3.023,0.986
3.03,2.207
1.657,1.129
0.813,3.946
-1.234,2.478
-1.5,1.105
-1.988,0.968
-2.972,0.285
-1.566,3.248
-1.952,1.418
-2.128,0.763
-2.357,3.566
-2.921,2.409
-0.017,2.455
-1.582,1.543
-1.544,0.978
2.466,0.079
1.083,0.1
-1.936,0.091
-2.643,0.107
-3.037,0.067
1.734,-0.178
0.78,-0.287
-0.136,-0.226
-0.729,-0.485
-1.324,-0.459
-2.974,-0.383
0.006,-0.709
-0.156,2.087
-0.162,1.471
-0.209,-0.568
-0.27,0.014
-0.267,2.588
-0.169,1.084
-0.364,2.221
-0.217,2.264
-0.366,0.736
-0.419,-0.621
-0.414,2.499
-0.295,0.251
-0.411,1.868
-0.341,0.857
-0.345,-0.38
-0.542,2.459
-0.417,0.867
-0.492,1.033
-0.484,2.225
-0.65,2.712
-0.503,0.715
-0.659,-0.717
-0.71,-0.018
-0.72,2.337
-0.609,1.187
-0.819,0.741
-0.732,1.684
-0.686,-0.307
-0.777,-0.434
-0.929,2.649
-0.798,1.953
-0.889,1.552
-1.022,1.318
-1.051,0.155
-1.17,0.116
-1.392,1.271
-1.441,-0.344
-1.338,1.169
-1.415,-0.107
-1.709,2.596
-1.682,1.221
-1.831,-0.157
-1.824,1.074
-2.009,-1.023
-2.018,0.387
-1.906,1.596
-2.069,-0.41
-1.95,2.335
-1.965,-0.485
-1.984,-0.116
-2.065,1.14
-2.229,0.998
-2.191,1.289
-2.324,2.167
-2.421,0.407
-2.586,0.856
-2.488,2.346
-2.511,1.281
-2.629,0.909
-2.884,1.887
-2.793,1.665
-2.827,-0.055
-2.909,-0.56
-2.932,1.912
-3.051,2.364
3.081,2.688
-3.135,0.98
-3.12,2.659
-3.135,-0.201
2.897,1.188
3.012,1.9
2.839,0.152
2.944,2.464
2.912,-0.425
2.752,2.596
2.736,2.266
2.846,2.08
2.81,2.06
2.682,1.801
2.634,0.739
2.556,0.341
2.548,0.412
2.494,1.304
2.412,-0.217
2.244,1.031
2.329,2.2
2.216,2.784
2.309,0.884
2.176,-0.299
2.247,-0.191
1.958,0.72
1.808,-0.393
1.777,0.023
1.873,2.276
1.581,0.241
1.416,2.528
1.231,1.625
1.24,-0.187
1.219,-0.558
1.054,2.162
0.856,1.697
0.591,0.748
0.351,-0.404
0.27,0.938
0.249,2.653
-1.554,-1.223
-2.174,-1.351
-2.196,-1.452
-2.184,-1.545
2.936,-1.264
2.783,-1.388
1.091,-1.434
0.321,-1.328
-1.634,2.703
-1.745,2.714
-2.012,2.76
-2.187,2.808
-2.335,2.695
0.592,2.604
-0.132,-0.274
-0.125,0.947
-1.498,-0.131
-2.342,2.686
1.894,1.218
1.628,-0.155
1.14,-0.292
0.156,-0.975
1.562,1.988
1.176,0.158
1.0,-0.497
0.771,2.306
0.207,1.149
3.111,1.195
1.546,0.283
1.584,-0.282
-0.689,-1.181
-2.072,-1.16
1.192,-1.169
0.485,-1.153
0.091,-1.193
-1.421,-1.438
-2.375,-1.547
2.992,-1.486
2.399,-1.745
1.804,-1.719
0.154,-1.643
-0.162,2.796
-0.168,2.18
-0.215,0.141
-0.276,0.723
-0.273,3.297
-0.175,1.793
-0.37,2.93
-0.223,2.973
-0.372,1.445
-0.425,0.088
-0.42,3.208
-0.301,0.96
-0.417,2.577
-0.347,1.566
-0.351,0.329
-0.548,3.168
-0.423,1.576
-0.498,1.742
-0.49,2.934
-0.656,3.421
-0.509,1.424
-0.665,-0.008
-0.716,0.691
-0.726,3.046
-0.615,1.896
-0.825,1.45
-0.738,2.393
-0.692,0.402
-0.783,0.275
-0.935,3.358
-0.804,2.662
-0.895,2.261
-1.028,2.027
-1.057,0.864
-1.176,0.825
-1.398,1.98
-1.447,0.365
-1.344,1.878
-1.421,0.602
-1.715,3.305
-1.688,1.93
-1.837,0.552
-1.83,1.783
-2.015,-0.314
-2.024,1.096
-1.912,2.305
-2.075,0.299
-1.956,3.044
-1.971,0.224
-1.99,0.593
-2.071,1.849
-2.235,1.707
-2.197,1.998
-2.33,2.876
-2.427,1.116
-2.592,1.565
-2.494,3.055
-2.517,1.99
-2.635,1.618
-2.89,2.596
-2.799,2.374
-2.833,0.654
-2.915,0.149
-2.938,2.621
-3.057,3.073
3.075,3.397
-3.141,1.689
-3.126,3.368
-3.141,0.508
2.891,1.897
3.006,2.609
2.833,0.861
2.938,3.173
2.906,0.284
2.746,3.305
2.73,2.975
2.84,2.789
2.804,2.769
2.676,2.51
2.628,1.448
2.55,1.05
2.542,1.121
2.488,2.013
2.406,0.492
2.238,1.74
2.323,2.909
2.21,3.493
2.303,1.593
2.17,0.41
2.241,0.518
1.952,1.429
1.802,0.316
1.771,0.732
1.867,2.985
1.575,0.95
1.41,3.237
1.225,2.334
1.234,0.522
1.213,0.151
1.048,2.871
0.85,2.406
0.585,1.457
0.345,0.305
0.264,1.647
0.243,3.362
-1.56,-0.514
-2.18,-0.642
-2.202,-0.743
-2.19,-0.836
2.93,-0.555
2.777,-0.679
1.085,-0.725
0.315,-0.619
-1.64,3.412
-1.751,3.423
-2.018,3.469
-2.193,3.517
-2.341,3.404
0.586,3.313
-0.138,0.435
-0.131,1.656
-1.504,0.578
-2.348,3.395
1.888,1.927
1.622,0.554
1.134,0.417
0.15,-0.266
1.556,2.697
1.17,0.867
0.994,0.212
0.765,3.015
0.201,1.858
3.105,1.904
1.54,0.992
1.578,0.427
-0.695,-0.472
-2.078,-0.451
1.186,-0.46
0.479,-0.444
0.085,-0.484
-1.427,-0.729
-2.381,-0.838
2.986,-0.777
2.393,-1.036
1.798,-1.01
0.148,-0.934
-0.006,-0.616
-0.053,-2.655
-0.114,-2.073
-0.111,0.501
-0.013,-1.003
-0.208,0.134
-0.061,0.177
-0.21,-1.351
-0.263,-2.708
-0.258,0.412
-0.139,-1.836
-0.255,-0.219
-0.185,-1.23
-0.189,-2.467
-0.386,0.372
-0.261,-1.22
-0.336,-1.054
-0.328,0.138
-0.494,0.625
-0.347,-1.372
-0.503,-2.804
-0.554,-2.105
-0.564,0.25
-0.453,-0.9
-0.663,-1.346
-0.576,-0.403
-0.53,-2.394
-0.621,-2.521
-0.773,0.562
-0.642,-0.134
-0.733,-0.535
-0.866,-0.769
-0.895,-1.932
-1.014,-1.971
-1.236,-0.816
-1.285,-2.431
-1.182,-0.918
-1.259,-2.194
-1.553,0.509
-1.526,-0.866
-1.675,-2.244
-1.668,-1.013
-1.853,-3.11
-1.862,-1.7
-1.75,-0.491
-1.913,-2.497
-1.794,0.248
-1.809,-2.572
-1.828,-2.203
-1.909,-0.947
-2.073,-1.089
-2.035,-0.798
-2.168,0.08
-2.265,-1.68
-2.43,-1.231
-2.332,0.259
-2.355,-0.806
-2.473,-1.178
-2.728,-0.2
-2.637,-0.422
-2.671,-2.142
-2.753,-2.647
-2.776,-0.175
-2.895,0.277
-3.046,0.601
-2.979,-1.107
-2.964,0.572
-2.979,-2.288
3.053,-0.899
-3.115,-0.187
2.995,-1.935
3.1,0.377
3.068,-2.512
2.908,0.509
2.892,0.179
3.002,-0.007
2.966,-0.027
2.838,-0.286
2.79,-1.348
2.712,-1.746
2.704,-1.675
2.65,-0.783
2.568,-2.304
2.4,-1.056
2.485,0.113
2.372,0.697
2.465,-1.203
2.332,-2.386
2.403,-2.278
2.114,-1.367
1.964,-2.48
1.933,-2.064
2.029,0.189
1.737,-1.846
1.572,0.441
1.387,-0.462
1.396,-2.274
1.375,-2.645
1.21,0.075
1.012,-0.39
0.747,-1.339
0.507,-2.491
0.426,-1.149
0.405,0.566
-1.398,-3.31
-2.018,-3.438
-2.04,-3.539
-2.028,-3.632
3.092,-3.351
2.939,-3.475
1.247,-3.521
0.477,-3.415
-1.478,0.616
-1.589,0.627
-1.856,0.673
-2.031,0.721
-2.179,0.608
0.748,0.517
0.024,-2.361
0.031,-1.14
-1.342,-2.218
-2.186,0.599
2.05,-0.869
1.784,-2.242
1.296,-2.379
0.312,-3.062
1.718,-0.099
1.332,-1.929
1.156,-2.584
0.927,0.219
0.363,-0.938
-3.016,-0.892
1.702,-1.804
1.74,-2.369
-0.533,-3.268
-1.916,-3.247
1.348,-3.256
0.641,-3.24
0.247,-3.28
-1.265,-3.525
-2.219,-3.634
-3.135,-3.573
2.555,-3.832
1.96,-3.806
0.31,-3.73
-0.047,-2.039
-0.108,-1.457
-0.105,1.117
-0.007,-0.387
-0.202,0.75
-0.055,0.793
-0.204,-0.735
-0.257,-2.092
-0.252,1.028
-0.133,-1.22
-0.249,0.397
-0.179,-0.614
-0.183,-1.851
-0.38,0.988
-0.255,-0.604
-0.33,-0.438
-0.322,0.754
-0.488,1.241
-0.341,-0.756
-0.497,-2.188
-0.548,-1.489
-0.558,0.866
-0.447,-0.284
-0.657,-0.73
-0.57,0.213
-0.524,-1.778
-0.615,-1.905
-0.767,1.178
-0.636,0.482
-0.727,0.081
-0.86,-0.153
-0.889,-1.316
-1.008,-1.355
-1.23,-0.2
-1.279,-1.815
-1.176,-0.302
-1.253,-1.578
-1.547,1.125
-1.52,-0.25
-1.669,-1.628
-1.662,-0.397
-1.847,-2.494
-1.856,-1.084
-1.744,0.125
-1.907,-1.881
-1.788,0.864
-1.803,-1.956
-1.822,-1.587
-1.903,-0.331
-2.067,-0.473
-2.029,-0.182
-2.162,0.696
-2.259,-1.064
-2.424,-0.615
-2.326,0.875
-2.349,-0.19
-2.467,-0.562
-2.722,0.416
-2.631,0.194
-2.665,-1.526
-2.747,-2.031
-2.77,0.441
-2.889,0.893
-3.04,1.217
-2.973,-0.491
-2.958,1.188
-2.973,-1.672
3.059,-0.283
-3.109,0.429
3.001,-1.319
3.106,0.993
3.074,-1.896
2.914,1.125
2.898,0.795
3.008,0.609
2.972,0.589
2.844,0.33
2.796,-0.732
2.718,-1.13
2.71,-1.059
2.656,-0.167
2.574,-1.688
2.406,-0.44
2.491,0.729
2.378,1.313
2.471,-0.587
2.338,-1.77
2.409,-1.662
2.12,-0.751
1.97,-1.864
1.939,-1.448
2.035,0.805
1.743,-1.23
1.578,1.057
1.393,0.154
1.402,-1.658
1.381,-2.029
1.216,0.691
1.018,0.226
0.753,-0.723
0.513,-1.875
0.432,-0.533
0.411,1.182
-1.392,-2.694
-2.012,-2.822
-2.034,-2.923
-2.022,-3.016
3.098,-2.735
2.945,-2.859
1.253,-2.905
0.483,-2.799
-1.472,1.232
-1.583,1.243
-1.85,1.289
-2.025,1.337
-2.173,1.224
0.754,1.133
0.03,-1.745
0.037,-0.524
-1.336,-1.602
-2.18,1.215
2.056,-0.253
1.79,-1.626
1.302,-1.763
0.318,-2.446
1.724,0.517
1.338,-1.313
1.162,-1.968
0.933,0.835
0.369,-0.322
-3.01,-0.276
1.708,-1.188
1.746,-1.753
-0.527,-2.652
-1.91,-2.631
1.354,-2.64
0.647,-2.624
0.253,-2.664
-1.259,-2.909
-2.213,-3.018
-3.129,-2.957
2.561,-3.216
1.966,-3.19
0.316,-3.114
-0.061,0.582
-0.058,3.156
0.04,1.652
-0.155,2.789
-0.008,2.832
-0.157,1.304
-0.21,-0.053
-0.205,3.067
-0.086,0.819
-0.202,2.436
-0.132,1.425
-0.136,0.188
-0.333,3.027
-0.208,1.435
-0.283,1.601
-0.275,2.793
-0.441,3.28
-0.294,1.283
-0.45,-0.149
-0.501,0.55
-0.511,2.905
-0.4,1.755
-0.61,1.309
-0.523,2.252
-0.477,0.261
-0.568,0.134
-0.72,3.217
-0.589,2.521
-0.68,2.12
-0.813,1.886
-0.842,0.723
-0.961,0.684
-1.183,1.839
-1.232,0.224
-1.129,1.737
-1.206,0.461
-1.5,3.164
-1.473,1.789
-1.622,0.411
-1.615,1.642
-1.8,-0.455
-1.809,0.955
-1.697,2.164
-1.86,0.158
-1.741,2.903
-1.756,0.083
-1.775,0.452
-1.856,1.708
-2.02,1.566
-1.982,1.857
-2.115,2.735
-2.212,0.975
-2.377,1.424
-2.279,2.914
-2.302,1.849
-2.42,1.477
-2.675,2.455
-2.584,2.233
-2.618,0.513
-2.7,0.008
-2.723,2.48
-2.842,2.932
-2.993,3.256
-2.926,1.548
-2.911,3.227
-2.926,0.367
3.106,1.756
-3.062,2.468
3.048,0.72
-3.13,3.032
3.121,0.143
2.961,3.164
2.945,2.834
3.055,2.648
3.019,2.628
2.891,2.369
2.843,1.307
2.765,0.909
2.757,0.98
2.703,1.872
2.621,0.351
2.453,1.599
2.538,2.768
2.425,3.352
2.518,1.452
2.385,0.269
2.456,0.377
2.167,1.288
2.017,0.175
1.986,0.591
2.082,2.844
1.79,0.809
1.625,3.096
1.44,2.193
1.449,0.381
1.428,0.01
1.263,2.73
1.065,2.265
0.8,1.316
0.56,0.164
0.479,1.506
0.458,3.221
-1.345,-0.655
-1.965,-0.783
-1.987,-0.884
-1.975,-0.977
-3.138,-0.696
2.992,-0.82
1.3,-0.866
0.53,-0.76
-1.425,3.271
-1.536,3.282
-1.803,3.328
-1.978,3.376
-2.126,3.263
0.801,3.172
0.077,0.294
0.084,1.515
-1.289,0.437
-2.133,3.254
2.103,1.786
1.837,0.413
1.349,0.276
0.365,-0.407
1.771,2.556
1.385,0.726
1.209,0.071
0.98,2.874
0.416,1.717
-2.963,1.763
1.755,0.851
1.793,0.286
-0.48,-0.613
-1.863,-0.592
1.401,-0.601
0.694,-0.585
0.3,-0.625
-1.212,-0.87
-2.166,-0.979
-3.082,-0.918
2.608,-1.177
2.013,-1.151
0.363,-1.075
0.003,2.574
0.101,1.07
-0.094,2.207
0.053,2.25
-0.096,0.722
-0.149,-0.635
-0.144,2.485
-0.025,0.237
-0.141,1.854
-0.071,0.843
-0.075,-0.394
-0.272,2.445
-0.147,0.853
-0.222,1.019
-0.214,2.211
-0.38,2.698
-0.233,0.701
-0.389,-0.731
-0.44,-0.032
-0.45,2.323
-0.339,1.173
-0.549,0.727
-0.462,1.67
-0.416,-0.321
-0.507,-0.448
-0.659,2.635
-0.528,1.939
-0.619,1.538
-0.752,1.304
-0.781,0.141
-0.9,0.102
-1.122,1.257
-1.171,-0.358
-1.068,1.155
-1.145,-0.121
-1.439,2.582
-1.412,1.207
-1.561,-0.171
-1.554,1.06
-1.739,-1.037
-1.748,0.373
-1.636,1.582
-1.799,-0.424
-1.68,2.321
-1.695,-0.499
-1.714,-0.13
-1.795,1.126
-1.959,0.984
-1.921,1.275
-2.054,2.153
-2.151,0.393
-2.316,0.842
-2.218,2.332
-2.241,1.267
-2.359,0.895
-2.614,1.873
-2.523,1.651
-2.557,-0.069
-2.639,-0.574
-2.662,1.898
-2.781,2.35
-2.932,2.674
-2.865,0.966
-2.85,2.645
-2.865,-0.215
-3.116,1.174
-3.001,1.886
3.109,0.138
-3.069,2.45
-3.101,-0.439
3.022,2.582
3.006,2.252
3.116,2.066
3.08,2.046
2.952,1.787
2.904,0.725
2.826,0.327
2.818,0.398
2.764,1.29
2.682,-0.231
2.514,1.017
2.599,2.186
2.486,2.77
2.579,0.87
2.446,-0.313
2.517,-0.205
2.228,0.706
2.078,-0.407
2.047,0.009
2.143,2.262
1.851,0.227
1.686,2.514
1.501,1.611
1.51,-0.201
1.489,-0.572
1.324,2.148
1.126,1.683
0.861,0.734
0.621,-0.418
0.54,0.924
0.519,2.639
-1.284,-1.237
-1.904,-1.365
-1.926,-1.466
-1.914,-1.559
-3.077,-1.278
3.053,-1.402
1.361,-1.448
0.591,-1.342
-1.364,2.689
-1.475,2.7
-1.742,2.746
-1.917,2.794
-2.065,2.681
0.862,2.59
0.138,-0.288
0.145,0.933
-1.228,-0.145
-2.072,2.672
2.164,1.204
1.898,-0.169
1.41,-0.306
0.426,-0.989
1.832,1.974
1.446,0.144
1.27,-0.511
1.041,2.292
0.477,1.135
-2.902,1.181
1.816,0.269
1.854,-0.296
-0.419,-1.195
-1.802,-1.174
1.462,-1.183
0.755,-1.167
0.361,-1.207
-1.151,-1.452
-2.105,-1.561
-3.021,-1.5
2.669,-1.759
2.074,-1.733
0.424,-1.657
0.098,-1.504
-0.097,-0.367
0.05,-0.324
-0.099,-1.852
-0.152,-3.209
-0.147,-0.089
-0.028,-2.337
-0.144,-0.72
-0.074,-1.731
-0.078,-2.968
-0.275,-0.129
-0.15,-1.721
-0.225,-1.555
-0.217,-0.363
-0.383,0.124
-0.236,-1.873
-0.392,-3.305
-0.443,-2.606
-0.453,-0.251
-0.342,-1.401
-0.552,-1.847
-0.465,-0.904
-0.419,-2.895
-0.51,-3.022
-0.662,0.061
-0.531,-0.635
-0.622,-1.036
-0.755,-1.27
-0.784,-2.433
-0.903,-2.472
-1.125,-1.317
-1.174,-2.932
-1.071,-1.419
-1.148,-2.695
-1.442,0.008
-1.415,-1.367
-1.564,-2.745
-1.557,-1.514
-1.742,-3.611
-1.751,-2.201
-1.639,-0.992
-1.802,-2.998
-1.683,-0.253
-1.698,-3.073
-1.717,-2.704
-1.798,-1.448
-1.962,-1.59
-1.924,-1.299
-2.057,-0.421
-2.154,-2.181
-2.319,-1.732
-2.221,-0.242
-2.244,-1.307
-2.362,-1.679
-2.617,-0.701
-2.526,-0.923
-2.56,-2.643
-2.642,-3.148
-2.665,-0.676
-2.784,-0.224
-2.935,0.1
-2.868,-1.608
-2.853,0.071
-2.868,-2.789
-3.119,-1.4
-3.004,-0.688
3.106,-2.436
-3.072,-0.124
-3.104,-3.013
3.019,0.008
3.003,-0.322
3.113,-0.508
3.077,-0.528
2.949,-0.787
2.901,-1.849
2.823,-2.247
2.815,-2.176
2.761,-1.284
2.679,-2.805
2.511,-1.557
2.596,-0.388
2.483,0.196
2.576,-1.704
2.443,-2.887
2.514,-2.779
2.225,-1.868
2.075,-2.981
2.044,-2.565
2.14,-0.312
1.848,-2.347
1.683,-0.06
1.498,-0.963
1.507,-2.775
1.486,-3.146
1.321,-0.426
1.123,-0.891
0.858,-1.84
0.618,-2.992
0.537,-1.65
0.516,0.065
-1.287,-3.811
-1.907,-3.939
-1.929,-4.04
-1.917,-4.133
-3.08,-3.852
3.05,-3.976
1.358,-4.022
0.588,-3.916
-1.367,0.115
-1.478,0.126
-1.745,0.172
-1.92,0.22
-2.068,0.107
0.859,0.016
0.135,-2.862
0.142,-1.641
-1.231,-2.719
-2.075,0.098
2.161,-1.37
1.895,-2.743
1.407,-2.88
0.423,-3.563
1.829,-0.6
1.443,-2.43
1.267,-3.085
1.038,-0.282
0.474,-1.439
-2.905,-1.393
1.813,-2.305
1.851,-2.87
-0.422,-3.769
-1.805,-3.748
1.459,-3.757
0.752,-3.741
0.358,-3.781
-1.154,-4.026
-2.108,-4.135
-3.024,-4.074
2.666,-4.333
2.071,-4.307
0.421,-4.231
-0.195,1.137
-0.048,1.18
-0.197,-0.348
-0.25,-1.705
-0.245,1.415
-0.126,-0.833
-0.242,0.784
-0.172,-0.227
-0.176,-1.464
-0.373,1.375
-0.248,-0.217
-0.323,-0.051
-0.315,1.141
-0.481,1.628
-0.334,-0.369
-0.49,-1.801
-0.541,-1.102
-0.551,1.253
-0.44,0.103
-0.65,-0.343
-0.563,0.6
-0.517,-1.391
-0.608,-1.518
-0.76,1.565
-0.629,0.869
-0.72,0.468
-0.853,0.234
-0.882,-0.929
-1.001,-0.968
-1.223,0.187
-1.272,-1.428
-1.169,0.085
-1.246,-1.191
-1.54,1.512
-1.513,0.137
-1.662,-1.241
-1.655,-0.01
-1.84,-2.107
-1.849,-0.697
-1.737,0.512
-1.9,-1.494
-1.781,1.251
-1.796,-1.569
-1.815,-1.2
-1.896,0.056
-2.06,-0.086
-2.022,0.205
-2.155,1.083
-2.252,-0.677
-2.417,-0.228
-2.319,1.262
-2.342,0.197
-2.46,-0.175
-2.715,0.803
-2.624,0.581
-2.658,-1.139
-2.74,-1.644
-2.763,0.828
-2.882,1.28
-3.033,1.604
-2.966,-0.104
-2.951,1.575
-2.966,-1.285
3.066,0.104
-3.102,0.816
3.008,-0.932
3.113,1.38
3.081,-1.509
2.921,1.512
2.905,1.182
3.015,0.996
2.979,0.976
2.851,0.717
2.803,-0.345
2.725,-0.743
2.717,-0.672
2.663,0.22
2.581,-1.301
2.413,-0.053
2.498,1.116
2.385,1.7
2.478,-0.2
2.345,-1.383
2.416,-1.275
2.127,-0.364
1.977,-1.477
1.946,-1.061
2.042,1.192
1.75,-0.843
1.585,1.444
1.4,0.541
1.409,-1.271
1.388,-1.642
1.223,1.078
1.025,0.613
0.76,-0.336
0.52,-1.488
0.439,-0.146
0.418,1.569
-1.385,-2.307
-2.005,-2.435
-2.027,-2.536
-2.015,-2.629
3.105,-2.348
2.952,-2.472
1.26,-2.518
0.49,-2.412
-1.465,1.619
-1.576,1.63
-1.843,1.676
-2.018,1.724
-2.166,1.611
0.761,1.52
0.037,-1.358
0.044,-0.137
-1.329,-1.215
-2.173,1.602
2.063,0.134
1.797,-1.239
1.309,-1.376
0.325,-2.059
1.731,0.904
1.345,-0.926
1.169,-1.581
0.94,1.222
0.376,0.065
-3.003,0.111
1.715,-0.801
1.753,-1.366
-0.52,-2.265
-1.903,-2.244
1.361,-2.253
0.654,-2.237
0.26,-2.277
-1.252,-2.522
-2.206,-2.631
-3.122,-2.57
2.568,-2.829
1.973,-2.803
0.323,-2.727
0.147,0.043
-0.002,-1.485
-0.055,-2.842
-0.05,0.278
0.069,-1.97
-0.047,-0.353
0.023,-1.364
0.019,-2.601
-0.178,0.238
-0.053,-1.354
-0.128,-1.188
-0.12,0.004
-0.286,0.491
-0.139,-1.506
-0.295,-2.938
-0.346,-2.239
-0.356,0.116
-0.245,-1.034
-0.455,-1.48
-0.368,-0.537
-0.322,-2.528
-0.413,-2.655
-0.565,0.428
-0.434,-0.268
-0.525,-0.669
-0.658,-0.903
-0.687,-2.066
-0.806,-2.105
-1.028,-0.95
-1.077,-2.565
-0.974,-1.052
-1.051,-2.328
-1.345,0.375
-1.318,-1.0
-1.467,-2.378
-1.46,-1.147
-1.645,-3.244
-1.654,-1.834
-1.542,-0.625
-1.705,-2.631
-1.586,0.114
-1.601,-2.706
-1.62,-2.337
-1.701,-1.081
-1.865,-1.223
-1.827,-0.932
-1.96,-0.054
-2.057,-1.814
-2.222,-1.365
-2.124,0.125
-2.147,-0.94
-2.265,-1.312
-2.52,-0.334
-2.429,-0.556
-2.463,-2.276
-2.545,-2.781
-2.568,-0.309
-2.687,0.143
-2.838,0.467
-2.771,-1.241
-2.756,0.438
-2.771,-2.422
-3.022,-1.033
-2.907,-0.321
-3.08,-2.069
-2.975,0.243
-3.007,-2.646
3.116,0.375
3.1,0.045
-3.073,-0.141
-3.109,-0.161
3.046,-0.42
2.998,-1.482
2.92,-1.88
2.912,-1.809
2.858,-0.917
2.776,-2.438
2.608,-1.19
2.693,-0.021
2.58,0.563
2.673,-1.337
2.54,-2.52
2.611,-2.412
2.322,-1.501
2.172,-2.614
2.141,-2.198
2.237,0.055
1.945,-1.98
1.78,0.307
1.595,-0.596
1.604,-2.408
1.583,-2.779
1.418,-0.059
1.22,-0.524
0.955,-1.473
0.715,-2.625
0.634,-1.283
0.613,0.432
-1.19,-3.444
-1.81,-3.572
-1.832,-3.673
-1.82,-3.766
-2.983,-3.485
-3.136,-3.609
1.455,-3.655
0.685,-3.549
-1.27,0.482
-1.381,0.493
-1.648,0.539
-1.823,0.587
-1.971,0.474
0.956,0.383
0.232,-2.495
0.239,-1.274
-1.134,-2.352
-1.978,0.465
2.258,-1.003
1.992,-2.376
1.504,-2.513
0.52,-3.196
1.926,-0.233
1.54,-2.063
1.364,-2.718
1.135,0.085
0.571,-1.072
-2.808,-1.026
1.91,-1.938
1.948,-2.503
-0.325,-3.402
-1.708,-3.381
1.556,-3.39
0.849,-3.374
0.455,-3.414
-1.057,-3.659
-2.011,-3.768
-2.927,-3.707
2.763,-3.966
2.168,-3.94
0.518,-3.864
-0.149,-1.528
-0.202,-2.885
-0.197,0.235
-0.078,-2.013
-0.194,-0.396
-0.124,-1.407
-0.128,-2.644
-0.325,0.195
-0.2,-1.397
-0.275,-1.231
-0.267,-0.039
-0.433,0.448
-0.286,-1.549
-0.442,-2.981
-0.493,-2.282
-0.503,0.073
-0.392,-1.077
-0.602,-1.523
-0.515,-0.58
-0.469,-2.571
-0.56,-2.698
-0.712,0.385
-0.581,-0.311
-0.672,-0.712
-0.805,-0.946
-0.834,-2.109
-0.953,-2.148
-1.175,-0.993
-1.224,-2.608
-1.121,-1.095
-1.198,-2.371
-1.492,0.332
-1.465,-1.043
-1.614,-2.421
-1.607,-1.19
-1.792,-3.287
-1.801,-1.877
-1.689,-0.668
-1.852,-2.674
-1.733,0.071
-1.748,-2.749
-1.767,-2.38
-1.848,-1.124
-2.012,-1.266
-1.974,-0.975
-2.107,-0.097
-2.204,-1.857
-2.369,-1.408
-2.271,0.082
-2.294,-0.983
-2.412,-1.355
-2.667,-0.377
-2.576,-0.599
-2.61,-2.319
-2.692,-2.824
-2.715,-0.352
-2.834,0.1
-2.985,0.424
-2.918,-1.284
-2.903,0.395
-2.918,-2.465
3.114,-1.076
-3.054,-0.364
3.056,-2.112
-3.122,0.2
3.129,-2.689
2.969,0.332
2.953,0.002
3.063,-0.184
3.027,-0.204
2.899,-0.463
2.851,-1.525
2.773,-1.923
2.765,-1.852
2.711,-0.96
2.629,-2.481
2.461,-1.233
2.546,-0.064
2.433,0.52
2.526,-1.38
2.393,-2.563
2.464,-2.455
2.175,-1.544
2.025,-2.657
1.994,-2.241
2.09,0.012
1.798,-2.023
1.633,0.264
1.448,-0.639
1.457,-2.451
1.436,-2.822
1.271,-0.102
1.073,-0.567
0.808,-1.516
0.568,-2.668
0.487,-1.326
0.466,0.389
-1.337,-3.487
-1.957,-3.615
-1.979,-3.716
-1.967,-3.809
-3.13,-3.528
3.0,-3.652
1.308,-3.698
0.538,-3.592
-1.417,0.439
-1.528,0.45
-1.795,0.496
-1.97,0.544
-2.118,0.431
0.809,0.34
0.085,-2.538
0.092,-1.317
-1.281,-2.395
-2.125,0.422
2.111,-1.046
1.845,-2.419
1.357,-2.556
0.373,-3.239
1.779,-0.276
1.393,-2.106
1.217,-2.761
0.988,0.042
0.424,-1.115
-2.955,-1.069
1.763,-1.981
1.801,-2.546
-0.472,-3.445
-1.855,-3.424
1.409,-3.433
0.702,-3.417
0.308,-3.457
-1.204,-3.702
-2.158,-3.811
-3.074,-3.75
2.616,-4.009
2.021,-3.983
0.371,-3.907
-0.053,-1.357
-0.048,1.763
0.071,-0.485
-0.045,1.132
0.025,0.121
0.021,-1.116
-0.176,1.723
-0.051,0.131
-0.126,0.297
-0.118,1.489
-0.284,1.976
-0.137,-0.021
-0.293,-1.453
-0.344,-0.754
-0.354,1.601
-0.243,0.451
-0.453,0.005
-0.366,0.948
-0.32,-1.043
-0.411,-1.17
-0.563,1.913
-0.432,1.217
-0.523,0.816
-0.656,0.582
-0.685,-0.581
-0.804,-0.62
-1.026,0.535
-1.075,-1.08
-0.972,0.433
-1.049,-0.843
-1.343,1.86
-1.316,0.485
-1.465,-0.893
-1.458,0.338
-1.643,-1.759
-1.652,-0.349
-1.54,0.86
-1.703,-1.146
-1.584,1.599
-1.599,-1.221
-1.618,-0.852
-1.699,0.404
-1.863,0.262
-1.825,0.553
-1.958,1.431
-2.055,-0.329
-2.22,0.12
-2.122,1.61
-2.145,0.545
-2.263,0.173
-2.518,1.151
-2.427,0.929
-2.461,-0.791
-2.543,-1.296
-2.566,1.176
-2.685,1.628
-2.836,1.952
-2.769,0.244
-2.754,1.923
-2.769,-0.937
-3.02,0.452
-2.905,1.164
-3.078,-0.584
-2.973,1.728
-3.005,-1.161
3.118,1.86
3.102,1.53
-3.071,1.344
-3.107,1.324
3.048,1.065
3.0,0.003
2.922,-0.395
2.914,-0.324
2.86,0.568
2.778,-0.953
2.61,0.295
2.695,1.464
2.582,2.048
2.675,0.148
2.542,-1.035
2.613,-0.927
2.324,-0.016
2.174,-1.129
2.143,-0.713
2.239,1.54
1.947,-0.495
1.782,1.792
1.597,0.889
1.606,-0.923
1.585,-1.294
1.42,1.426
1.222,0.961
0.957,0.012
0.717,-1.14
0.636,0.202
0.615,1.917
-1.188,-1.959
-1.808,-2.087
-1.83,-2.188
-1.818,-2.281
-2.981,-2.0
-3.134,-2.124
1.457,-2.17
0.687,-2.064
-1.268,1.967
-1.379,1.978
-1.646,2.024
-1.821,2.072
-1.969,1.959
0.958,1.868
0.234,-1.01
0.241,0.211
-1.132,-0.867
-1.976,1.95
2.26,0.482
1.994,-0.891
1.506,-1.028
0.522,-1.711
1.928,1.252
1.542,-0.578
1.366,-1.233
1.137,1.57
0.573,0.413
-2.806,0.459
1.912,-0.453
1.95,-1.018
-0.323,-1.917
-1.706,-1.896
1.558,-1.905
0.851,-1.889
0.457,-1.929
-1.055,-2.174
-2.009,-2.283
-2.925,-2.222
2.765,-2.481
2.17,-2.455
0.52,-2.379
0.005,3.12
0.124,0.872
0.008,2.489
0.078,1.478
0.074,0.241
-0.123,3.08
0.002,1.488
-0.073,1.654
-0.065,2.846
-0.231,3.333
-0.084,1.336
-0.24,-0.096
-0.291,0.603
-0.301,2.958
-0.19,1.808
-0.4,1.362
-0.313,2.305
-0.267,0.314
-0.358,0.187
-0.51,3.27
-0.379,2.574
-0.47,2.173
-0.603,1.939
-0.632,0.776
-0.751,0.737
-0.973,1.892
-1.022,0.277
-0.919,1.79
-0.996,0.514
-1.29,3.217
-1.263,1.842
-1.412,0.464
-1.405,1.695
-1.59,-0.402
-1.599,1.008
-1.487,2.217
-1.65,0.211
-1.531,2.956
-1.546,0.136
-1.565,0.505
-1.646,1.761
-1.81,1.619
-1.772,1.91
-1.905,2.788
-2.002,1.028
-2.167,1.477
-2.069,2.967
-2.092,1.902
-2.21,1.53
-2.465,2.508
-2.374,2.286
-2.408,0.566
-2.49,0.061
-2.513,2.533
-2.632,2.985
-2.783,3.309
-2.716,1.601
-2.701,3.28
-2.716,0.42
-2.967,1.809
-2.852,2.521
-3.025,0.773
-2.92,3.085
-2.952,0.196
-3.112,3.217
-3.128,2.887
-3.018,2.701
-3.054,2.681
3.101,2.422
3.053,1.36
2.975,0.962
2.967,1.033
2.913,1.925
2.831,0.404
2.663,1.652
2.748,2.821
2.635,3.405
2.728,1.505
2.595,0.322
2.666,0.43
2.377,1.341
2.227,0.228
2.196,0.644
2.292,2.897
2.0,0.862
1.835,3.149
1.65,2.246
1.659,0.434
1.638,0.063
1.473,2.783
1.275,2.318
1.01,1.369
0.77,0.217
0.689,1.559
0.668,3.274
-1.135,-0.602
-1.755,-0.73
-1.777,-0.831
-1.765,-0.924
-2.928,-0.643
-3.081,-0.767
1.51,-0.813
0.74,-0.707
-1.215,3.324
-1.326,3.335
-1.593,3.381
-1.768,3.429
-1.916,3.316
1.011,3.225
0.287,0.347
0.294,1.568
-1.079,0.49
-1.923,3.307
2.313,1.839
2.047,0.466
1.559,0.329
0.575,-0.354
1.981,2.609
1.595,0.779
1.419,0.124
1.19,2.927
0.626,1.77
-2.753,1.816
1.965,0.904
2.003,0.339
-0.27,-0.56
-1.653,-0.539
1.611,-0.548
0.904,-0.532
0.51,-0.572
-1.002,-0.817
-1.956,-0.926
-2.872,-0.865
2.818,-1.124
2.223,-1.098
0.573,-1.022
0.119,-2.248
0.003,-0.631
0.073,-1.642
0.069,-2.879
-0.128,-0.04
-0.003,-1.632
-0.078,-1.466
-0.07,-0.274
-0.236,0.213
-0.089,-1.784
-0.245,-3.216
-0.296,-2.517
-0.306,-0.162
-0.195,-1.312
-0.405,-1.758
-0.318,-0.815
-0.272,-2.806
-0.363,-2.933
-0.515,0.15
-0.384,-0.546
-0.475,-0.947
-0.608,-1.181
-0.637,-2.344
-0.756,-2.383
-0.978,-1.228
-1.027,-2.843
-0.924,-1.33
-1.001,-2.606
-1.295,0.097
-1.268,-1.278
-1.417,-2.656
-1.41,-1.425
-1.595,-3.522
-1.604,-2.112
-1.492,-0.903
-1.655,-2.909
-1.536,-0.164
-1.551,-2.984
-1.57,-2.615
-1.651,-1.359
-1.815,-1.501
-1.777,-1.21
-1.91,-0.332
-2.007,-2.092
-2.172,-1.643
-2.074,-0.153
-2.097,-1.218
-2.215,-1.59
-2.47,-0.612
-2.379,-0.834
-2.413,-2.554
-2.495,-3.059
-2.518,-0.587
-2.637,-0.135
-2.788,0.189
-2.721,-1.519
-2.706,0.16
-2.721,-2.7
-2.972,-1.311
-2.857,-0.599
-3.03,-2.347
-2.925,-0.035
-2.957,-2.924
-3.117,0.097
-3.133,-0.233
-3.023,-0.419
-3.059,-0.439
3.096,-0.698
3.048,-1.76
2.97,-2.158
2.962,-2.087
2.908,-1.195
2.826,-2.716
2.658,-1.468
2.743,-0.299
2.63,0.285
2.723,-1.615
2.59,-2.798
2.661,-2.69
2.372,-1.779
2.222,-2.892
2.191,-2.476
2.287,-0.223
1.995,-2.258
1.83,0.029
1.645,-0.874
1.654,-2.686
1.633,-3.057
1.468,-0.337
1.27,-0.802
1.005,-1.751
0.765,-2.903
0.684,-1.561
0.663,0.154
-1.14,-3.722
-1.76,-3.85
-1.782,-3.951
-1.77,-4.044
-2.933,-3.763
-3.086,-3.887
1.505,-3.933
0.735,-3.827
-1.22,0.204
-1.331,0.215
-1.598,0.261
-1.773,0.309
-1.921,0.196
1.006,0.105
0.282,-2.773
0.289,-1.552
-1.084,-2.63
-1.928,0.187
2.308,-1.281
2.042,-2.654
1.554,-2.791
0.57,-3.474
1.976,-0.511
1.59,-2.341
1.414,-2.996
1.185,-0.193
0.621,-1.35
-2.758,-1.304
1.96,-2.216
1.998,-2.781
-0.275,-3.68
-1.658,-3.659
1.606,-3.668
0.899,-3.652
0.505,-3.692
-1.007,-3.937
-1.961,-4.046
-2.877,-3.985
2.813,-4.244
2.218,-4.218
0.568,-4.142
-0.116,1.617
-0.046,0.606
-0.05,-0.631
-0.247,2.208
-0.122,0.616
-0.197,0.782
-0.189,1.974
-0.355,2.461
-0.208,0.464
-0.364,-0.968
-0.415,-0.269
-0.425,2.086
-0.314,0.936
-0.524,0.49
-0.437,1.433
-0.391,-0.558
-0.482,-0.685
-0.634,2.398
-0.503,1.702
-0.594,1.301
-0.727,1.067
-0.756,-0.096
-0.875,-0.135
-1.097,1.02
-1.146,-0.595
-1.043,0.918
-1.12,-0.358
-1.414,2.345
-1.387,0.97
-1.536,-0.408
-1.529,0.823
-1.714,-1.274
-1.723,0.136
-1.611,1.345
-1.774,-0.661
-1.655,2.084
-1.67,-0.736
-1.689,-0.367
-1.77,0.889
-1.934,0.747
-1.896,1.038
-2.029,1.916
-2.126,0.156
-2.291,0.605
-2.193,2.095
-2.216,1.03
-2.334,0.658
-2.589,1.636
-2.498,1.414
-2.532,-0.306
-2.614,-0.811
-2.637,1.661
-2.756,2.113
-2.907,2.437
-2.84,0.729
-2.825,2.408
-2.84,-0.452
-3.091,0.937
-2.976,1.649
3.134,-0.099
-3.044,2.213
-3.076,-0.676
3.047,2.345
3.031,2.015
3.141,1.829
3.105,1.809
2.977,1.55
2.929,0.488
2.851,0.09
2.843,0.161
2.789,1.053
2.707,-0.468
2.539,0.78
2.624,1.949
2.511,2.533
2.604,0.633
2.471,-0.55
2.542,-0.442
2.253,0.469
2.103,-0.644
2.072,-0.228
2.168,2.025
1.876,-0.01
1.711,2.277
1.526,1.374
1.535,-0.438
1.514,-0.809
1.349,1.911
1.151,1.446
0.886,0.497
0.646,-0.655
0.565,0.687
0.544,2.402
-1.259,-1.474
-1.879,-1.602
-1.901,-1.703
-1.889,-1.796
-3.052,-1.515
3.078,-1.639
1.386,-1.685
0.616,-1.579
-1.339,2.452
-1.45,2.463
-1.717,2.509
-1.892,2.557
-2.04,2.444
0.887,2.353
0.163,-0.525
0.17,0.696
-1.203,-0.382
-2.047,2.435
2.189,0.967
1.923,-0.406
1.435,-0.543
0.451,-1.226
1.857,1.737
1.471,-0.093
1.295,-0.748
1.066,2.055
0.502,0.898
-2.877,0.944
1.841,0.032
1.879,-0.533
-0.394,-1.432
-1.777,-1.411
1.487,-1.42
0.78,-1.404
0.386,-1.444
-1.126,-1.689
-2.08,-1.798
-2.996,-1.737
2.694,-1.996
2.099,-1.97
0.449,-1.894
0.07,-1.011
0.066,-2.248
-0.131,0.591
-0.006,-1.001
-0.081,-0.835
-0.073,0.357
-0.239,0.844
-0.092,-1.153
-0.248,-2.585
-0.299,-1.886
-0.309,0.469
-0.198,-0.681
-0.408,-1.127
-0.321,-0.184
-0.275,-2.175
-0.366,-2.302
-0.518,0.781
-0.387,0.085
-0.478,-0.316
-0.611,-0.55
-0.64,-1.713
-0.759,-1.752
-0.981,-0.597
-1.03,-2.212
-0.927,-0.699
-1.004,-1.975
-1.298,0.728
-1.271,-0.647
-1.42,-2.025
-1.413,-0.794
-1.598,-2.891
-1.607,-1.481
-1.495,-0.272
-1.658,-2.278
-1.539,0.467
-1.554,-2.353
-1.573,-1.984
-1.654,-0.728
-1.818,-0.87
-1.78,-0.579
-1.913,0.299
-2.01,-1.461
-2.175,-1.012
-2.077,0.478
-2.1,-0.587
-2.218,-0.959
-2.473,0.019
-2.382,-0.203
-2.416,-1.923
-2.498,-2.428
-2.521,0.044
-2.64,0.496
-2.791,0.82
-2.724,-0.888
-2.709,0.791
-2.724,-2.069
-2.975,-0.68
-2.86,0.032
-3.033,-1.716
-2.928,0.596
-2.96,-2.293
-3.12,0.728
-3.136,0.398
-3.026,0.212
-3.062,0.192
3.093,-0.067
3.045,-1.129
2.967,-1.527
2.959,-1.456
2.905,-0.564
2.823,-2.085
2.655,-0.837
2.74,0.332
2.627,0.916
2.72,-0.984
2.587,-2.167
2.658,-2.059
2.369,-1.148
2.219,-2.261
2.188,-1.845
2.284,0.408
1.992,-1.627
1.827,0.66
1.642,-0.243
1.651,-2.055
1.63,-2.426
1.465,0.294
1.267,-0.171
1.002,-1.12
0.762,-2.272
0.681,-0.93
0.66,0.785
-1.143,-3.091
-1.763,-3.219
-1.785,-3.32
-1.773,-3.413
-2.936,-3.132
-3.089,-3.256
1.502,-3.302
0.732,-3.196
-1.223,0.835
-1.334,0.846
-1.601,0.892
-1.776,0.94
-1.924,0.827
1.003,0.736
0.279,-2.142
0.286,-0.921
-1.087,-1.999
-1.931,0.818
2.305,-0.65
2.039,-2.023
1.551,-2.16
0.567,-2.843
1.973,0.12
1.587,-1.71
1.411,-2.365
1.182,0.438
0.618,-0.719
-2.761,-0.673
1.957,-1.585
1.995,-2.15
-0.278,-3.049
-1.661,-3.028
1.603,-3.037
0.896,-3.021
0.502,-3.061
-1.01,-3.306
-1.964,-3.415
-2.88,-3.354
2.81,-3.613
2.215,-3.587
0.565,-3.511
-0.004,-1.237
-0.201,1.602
-0.076,0.01
-0.151,0.176
-0.143,1.368
-0.309,1.855
-0.162,-0.142
-0.318,-1.574
-0.369,-0.875
-0.379,1.48
-0.268,0.33
-0.478,-0.116
-0.391,0.827
-0.345,-1.164
-0.436,-1.291
-0.588,1.792
-0.457,1.096
-0.548,0.695
-0.681,0.461
-0.71,-0.702
-0.829,-0.741
-1.051,0.414
-1.1,-1.201
-0.997,0.312
-1.074,-0.964
-1.368,1.739
-1.341,0.364
-1.49,-1.014
-1.483,0.217
-1.668,-1.88
-1.677,-0.47
-1.565,0.739
-1.728,-1.267
-1.609,1.478
-1.624,-1.342
-1.643,-0.973
-1.724,0.283
-1.888,0.141
-1.85,0.432
-1.983,1.31
-2.08,-0.45
-2.245,-0.001
-2.147,1.489
-2.17,0.424
-2.288,0.052
-2.543,1.03
-2.452,0.808
-2.486,-0.912
-2.568,-1.417
-2.591,1.055
-2.71,1.507
-2.861,1.831
-2.794,0.123
-2.779,1.802
-2.794,-1.058
-3.045,0.331
-2.93,1.043
-3.103,-0.705
-2.998,1.607
-3.03,-1.282
3.093,1.739
3.077,1.409
-3.096,1.223
-3.132,1.203
3.023,0.944
2.975,-0.118
2.897,-0.516
2.889,-0.445
2.835,0.447
2.753,-1.074
2.585,0.174
2.67,1.343
2.557,1.927
2.65,0.027
2.517,-1.156
2.588,-1.048
2.299,-0.137
2.149,-1.25
2.118,-0.834
2.214,1.419
1.922,-0.616
1.757,1.671
1.572,0.768
1.581,-1.044
1.56,-1.415
1.395,1.305
1.197,0.84
0.932,-0.109
0.692,-1.261
0.611,0.081
0.59,1.796
-1.213,-2.08
-1.833,-2.208
-1.855,-2.309
-1.843,-2.402
-3.006,-2.121
3.124,-2.245
1.432,-2.291
0.662,-2.185
-1.293,1.846
-1.404,1.857
-1.671,1.903
-1.846,1.951
-1.994,1.838
0.933,1.747
0.209,-1.131
0.216,0.09
-1.157,-0.988
-2.001,1.829
2.235,0.361
1.969,-1.012
1.481,-1.149
0.497,-1.832
1.903,1.131
1.517,-0.699
1.341,-1.354
1.112,1.449
0.548,0.292
-2.831,0.338
1.887,-0.574
1.925,-1.139
-0.348,-2.038
-1.731,-2.017
1.533,-2.026
0.826,-2.01
0.432,-2.05
-1.08,-2.295
-2.034,-2.404
-2.95,-2.343
2.74,-2.602
2.145,-2.576
0.495,-2.5
-0.197,2.839
-0.072,1.247
-0.147,1.413
-0.139,2.605
-0.305,3.092
-0.158,1.095
-0.314,-0.337
-0.365,0.362
-0.375,2.717
-0.264,1.567
-0.474,1.121
-0.387,2.064
-0.341,0.073
-0.432,-0.054
-0.584,3.029
-0.453,2.333
-0.544,1.932
-0.677,1.698
-0.706,0.535
-0.825,0.496
-1.047,1.651
-1.096,0.036
-0.993,1.549
-1.07,0.273
-1.364,2.976
-1.337,1.601
-1.486,0.223
-1.479,1.454
-1.664,-0.643
-1.673,0.767
-1.561,1.976
-1.724,-0.03
-1.605,2.715
-1.62,-0.105
-1.639,0.264
-1.72,1.52
-1.884,1.378
-1.846,1.669
-1.979,2.547
-2.076,0.787
-2.241,1.236
-2.143,2.726
-2.166,1.661
-2.284,1.289
-2.539,2.267
-2.448,2.045
-2.482,0.325
-2.564,-0.18
-2.587,2.292
-2.706,2.744
-2.857,3.068
-2.79,1.36
-2.775,3.039
-2.79,0.179
-3.041,1.568
-2.926,2.28
-3.099,0.532
-2.994,2.844
-3.026,-0.045
3.097,2.976
3.081,2.646
-3.092,2.46
-3.128,2.44
3.027,2.181
2.979,1.119
2.901,0.721
2.893,0.792
2.839,1.684
2.757,0.163
2.589,1.411
2.674,2.58
2.561,3.164
2.654,1.264
2.521,0.081
2.592,0.189
2.303,1.1
2.153,-0.013
2.122,0.403
2.218,2.656
1.926,0.621
1.761,2.908
1.576,2.005
1.585,0.193
1.564,-0.178
1.399,2.542
1.201,2.077
0.936,1.128
0.696,-0.024
0.615,1.318
0.594,3.033
-1.209,-0.843
-1.829,-0.971
-1.851,-1.072
-1.839,-1.165
-3.002,-0.884
3.128,-1.008
1.436,-1.054
0.666,-0.948
-1.289,3.083
-1.4,3.094
-1.667,3.14
-1.842,3.188
-1.99,3.075
0.937,2.984
0.213,0.106
0.22,1.327
-1.153,0.249
-1.997,3.066
2.239,1.598
1.973,0.225
1.485,0.088
0.501,-0.595
1.907,2.368
1.521,0.538
1.345,-0.117
1.116,2.686
0.552,1.529
-2.827,1.575
1.891,0.663
1.929,0.098
-0.344,-0.801
-1.727,-0.78
1.537,-0.789
0.83,-0.773
0.436,-0.813
-1.076,-1.058
-2.03,-1.167
-2.946,-1.106
2.744,-1.365
2.149,-1.339
0.499,-1.263
0.125,-1.592
0.05,-1.426
0.058,-0.234
-0.108,0.253
0.039,-1.744
-0.117,-3.176
-0.168,-2.477
-0.178,-0.122
-0.067,-1.272
-0.277,-1.718
-0.19,-0.775
-0.144,-2.766
-0.235,-2.893
-0.387,0.19
-0.256,-0.506
-0.347,-0.907
-0.48,-1.141
-0.509,-2.304
-0.628,-2.343
-0.85,-1.188
-0.899,-2.803
-0.796,-1.29
-0.873,-2.566
-1.167,0.137
-1.14,-1.238
-1.289,-2.616
-1.282,-1.385
-1.467,-3.482
-1.476,-2.072
-1.364,-0.863
-1.527,-2.869
-1.408,-0.124
-1.423,-2.944
-1.442,-2.575
-1.523,-1.319
-1.687,-1.461
-1.649,-1.17
-1.782,-0.292
-1.879,-2.052
-2.044,-1.603
-1.946,-0.113
-1.969,-1.178
-2.087,-1.55
-2.342,-0.572
-2.251,-0.794
-2.285,-2.514
-2.367,-3.019
-2.39,-0.547
-2.509,-0.095
-2.66,0.229
-2.593,-1.479
-2.578,0.2
-2.593,-2.66
-2.844,-1.271
-2.729,-0.559
-2.902,-2.307
-2.797,0.005
-2.829,-2.884
-2.989,0.137
-3.005,-0.193
-2.895,-0.379
-2.931,-0.399
-3.059,-0.658
-3.107,-1.72
3.098,-2.118
3.09,-2.047
3.036,-1.155
2.954,-2.676
2.786,-1.428
2.871,-0.259
2.758,0.325
2.851,-1.575
2.718,-2.758
2.789,-2.65
2.5,-1.739
2.35,-2.852
2.319,-2.436
2.415,-0.183
2.123,-2.218
1.958,0.069
1.773,-0.834
1.782,-2.646
1.761,-3.017
1.596,-0.297
1.398,-0.762
1.133,-1.711
0.893,-2.863
0.812,-1.521
0.791,0.194
-1.012,-3.682
-1.632,-3.81
-1.654,-3.911
-1.642,-4.004
-2.805,-3.723
-2.958,-3.847
1.633,-3.893
0.863,-3.787
-1.092,0.244
-1.203,0.255
-1.47,0.301
-1.645,0.349
-1.793,0.236
1.134,0.145
0.41,-2.733
0.417,-1.512
-0.956,-2.59
-1.8,0.227
2.436,-1.241
2.17,-2.614
1.682,-2.751
0.698,-3.434
2.104,-0.471
1.718,-2.301
1.542,-2.956
1.313,-0.153
0.749,-1.31
-2.63,-1.264
2.088,-2.176
2.126,-2.741
-0.147,-3.64
-1.53,-3.619
1.734,-3.628
1.027,-3.612
0.633,-3.652
-0.879,-3.897
-1.833,-4.006
-2.749,-3.945
2.941,-4.204
2.346,-4.178
0.696,-4.102
-0.075,0.166
-0.067,1.358
-0.233,1.845
-0.086,-0.152
-0.242,-1.584
-0.293,-0.885
-0.303,1.47
-0.192,0.32
-0.402,-0.126
-0.315,0.817
-0.269,-1.174
-0.36,-1.301
-0.512,1.782
-0.381,1.086
-0.472,0.685
-0.605,0.451
-0.634,-0.712
-0.753,-0.751
-0.975,0.404
-1.024,-1.211
-0.921,0.302
-0.998,-0.974
-1.292,1.729
-1.265,0.354
-1.414,-1.024
-1.407,0.207
-1.592,-1.89
-1.601,-0.48
-1.489,0.729
-1.652,-1.277
-1.533,1.468
-1.548,-1.352
-1.567,-0.983
-1.648,0.273
-1.812,0.131
-1.774,0.422
-1.907,1.3
-2.004,-0.46
-2.169,-0.011
-2.071,1.479
-2.094,0.414
-2.212,0.042
-2.467,1.02
-2.376,0.798
-2.41,-0.922
-2.492,-1.427
-2.515,1.045
-2.634,1.497
-2.785,1.821
-2.718,0.113
-2.703,1.792
-2.718,-1.068
-2.969,0.321
-2.854,1.033
-3.027,-0.715
-2.922,1.597
-2.954,-1.292
-3.114,1.729
-3.13,1.399
-3.02,1.213
-3.056,1.193
3.099,0.934
3.051,-0.128
2.973,-0.526
2.965,-0.455
2.911,0.437
2.829,-1.084
2.661,0.164
2.746,1.333
2.633,1.917
2.726,0.017
2.593,-1.166
2.664,-1.058
2.375,-0.147
2.225,-1.26
2.194,-0.844
2.29,1.409
1.998,-0.626
1.833,1.661
1.648,0.758
1.657,-1.054
1.636,-1.425
1.471,1.295
1.273,0.83
1.008,-0.119
0.768,-1.271
0.687,0.071
0.666,1.786
-1.137,-2.09
-1.757,-2.218
-1.779,-2.319
-1.767,-2.412
-2.93,-2.131
-3.083,-2.255
1.508,-2.301
0.738,-2.195
-1.217,1.836
-1.328,1.847
-1.595,1.893
-1.77,1.941
-1.918,1.828
1.009,1.737
0.285,-1.141
0.292,0.08
-1.081,-0.998
-1.925,1.819
2.311,0.351
2.045,-1.022
1.557,-1.159
0.573,-1.842
1.979,1.121
1.593,-0.709
1.417,-1.364
1.188,1.439
0.624,0.282
-2.755,0.328
1.963,-0.584
2.001,-1.149
-0.272,-2.048
-1.655,-2.027
1.609,-2.036
0.902,-2.02
0.508,-2.06
-1.004,-2.305
-1.958,-2.414
-2.874,-2.353
2.816,-2.612
2.221,-2.586
0.571,-2.51
0.008,1.192
-0.158,1.679
-0.011,-0.318
-0.167,-1.75
-0.218,-1.051
-0.228,1.304
-0.117,0.154
-0.327,-0.292
-0.24,0.651
-0.194,-1.34
-0.285,-1.467
-0.437,1.616
-0.306,0.92
-0.397,0.519
-0.53,0.285
-0.559,-0.878
-0.678,-0.917
-0.9,0.238
-0.949,-1.377
-0.846,0.136
-0.923,-1.14
-1.217,1.563
-1.19,0.188
-1.339,-1.19
-1.332,0.041
-1.517,-2.056
-1.526,-0.646
-1.414,0.563
-1.577,-1.443
-1.458,1.302
-1.473,-1.518
-1.492,-1.149
-1.573,0.107
-1.737,-0.035
-1.699,0.256
-1.832,1.134
-1.929,-0.626
-2.094,-0.177
-1.996,1.313
-2.019,0.248
-2.137,-0.124
-2.392,0.854
-2.301,0.632
-2.335,-1.088
-2.417,-1.593
-2.44,0.879
-2.559,1.331
-2.71,1.655
-2.643,-0.053
-2.628,1.626
-2.643,-1.234
-2.894,0.155
-2.779,0.867
-2.952,-0.881
-2.847,1.431
-2.879,-1.458
-3.039,1.563
-3.055,1.233
-2.945,1.047
-2.981,1.027
-3.109,0.768
3.126,-0.294
3.048,-0.692
3.04,-0.621
2.986,0.271
2.904,-1.25
2.736,-0.002
2.821,1.167
2.708,1.751
2.801,-0.149
2.668,-1.332
2.739,-1.224
2.45,-0.313
2.3,-1.426
2.269,-1.01
2.365,1.243
2.073,-0.792
1.908,1.495
1.723,0.592
1.732,-1.22
1.711,-1.591
1.546,1.129
1.348,0.664
1.083,-0.285
0.843,-1.437
0.762,-0.095
0.741,1.62
-1.062,-2.256
-1.682,-2.384
-1.704,-2.485
-1.692,-2.578
-2.855,-2.297
-3.008,-2.421
1.583,-2.467
0.813,-2.361
-1.142,1.67
-1.253,1.681
-1.52,1.727
-1.695,1.775
-1.843,1.662
1.084,1.571
0.36,-1.307
0.367,-0.086
-1.006,-1.164
-1.85,1.653
2.386,0.185
2.12,-1.188
1.632,-1.325
0.648,-2.008
2.054,0.955
1.668,-0.875
1.492,-1.53
1.263,1.273
0.699,0.116
-2.68,0.162
2.038,-0.75
2.076,-1.315
-0.197,-2.214
-1.58,-2.193
1.684,-2.202
0.977,-2.186
0.583,-2.226
-0.929,-2.471
-1.883,-2.58
-2.799,-2.519
2.891,-2.778
2.296,-2.752
0.646,-2.676
-0.166,0.487
-0.019,-1.51
-0.175,-2.942
-0.226,-2.243
-0.236,0.112
-0.125,-1.038
-0.335,-1.484
-0.248,-0.541
-0.202,-2.532
-0.293,-2.659
-0.445,0.424
-0.314,-0.272
-0.405,-0.673
-0.538,-0.907
-0.567,-2.07
-0.686,-2.109
-0.908,-0.954
-0.957,-2.569
-0.854,-1.056
-0.931,-2.332
-1.225,0.371
-1.198,-1.004
-1.347,-2.382
-1.34,-1.151
-1.525,-3.248
-1.534,-1.838
-1.422,-0.629
-1.585,-2.635
-1.466,0.11
-1.481,-2.71
-1.5,-2.341
-1.581,-1.085
-1.745,-1.227
-1.707,-0.936
-1.84,-0.058
-1.937,-1.818
-2.102,-1.369
-2.004,0.121
-2.027,-0.944
-2.145,-1.316
-2.4,-0.338
-2.309,-0.56
-2.343,-2.28
-2.425,-2.785
-2.448,-0.313
-2.567,0.139
-2.718,0.463
-2.651,-1.245
-2.636,0.434
-2.651,-2.426
-2.902,-1.037
-2.787,-0.325
-2.96,-2.073
-2.855,0.239
-2.887,-2.65
-3.047,0.371
-3.063,0.041
-2.953,-0.145
-2.989,-0.165
-3.117,-0.424
3.118,-1.486
3.04,-1.884
3.032,-1.813
2.978,-0.921
2.896,-2.442
2.728,-1.194
2.813,-0.025
2.7,0.559
2.793,-1.341
2.66,-2.524
2.731,-2.416
2.442,-1.505
2.292,-2.618
2.261,-2.202
2.357,0.051
2.065,-1.984
1.9,0.303
1.715,-0.6
1.724,-2.412
1.703,-2.783
1.538,-0.063
1.34,-0.528
1.075,-1.477
0.835,-2.629
0.754,-1.287
0.733,0.428
-1.07,-3.448
-1.69,-3.576
-1.712,-3.677
-1.7,-3.77
-2.863,-3.489
-3.016,-3.613
1.575,-3.659
0.805,-3.553
-1.15,0.478
-1.261,0.489
-1.528,0.535
-1.703,0.583
-1.851,0.47
1.076,0.379
0.352,-2.499
0.359,-1.278
-1.014,-2.356
-1.858,0.461
2.378,-1.007
2.112,-2.38
1.624,-2.517
0.64,-3.2
2.046,-0.237
1.66,-2.067
1.484,-2.722
1.255,0.081
0.691,-1.076
-2.688,-1.03
2.03,-1.942
2.068,-2.507
-0.205,-3.406
-1.588,-3.385
1.676,-3.394
0.969,-3.378
0.575,-3.418
-0.937,-3.663
-1.891,-3.772
-2.807,-3.711
2.883,-3.97
2.288,-3.944
0.638,-3.868
0.147,-1.997
-0.009,-3.429
-0.06,-2.73
-0.07,-0.375
0.041,-1.525
-0.169,-1.971
-0.082,-1.028
-0.036,-3.019
-0.127,-3.146
-0.279,-0.063
-0.148,-0.759
-0.239,-1.16
-0.372,-1.394
-0.401,-2.557
-0.52,-2.596
-0.742,-1.441
-0.791,-3.056
-0.688,-1.543
-0.765,-2.819
-1.059,-0.116
-1.032,-1.491
-1.181,-2.869
-1.174,-1.638
-1.359,-3.735
-1.368,-2.325
-1.256,-1.116
-1.419,-3.122
-1.3,-0.377
-1.315,-3.197
-1.334,-2.828
-1.415,-1.572
-1.579,-1.714
-1.541,-1.423
-1.674,-0.545
-1.771,-2.305
-1.936,-1.856
-1.838,-0.366
-1.861,-1.431
-1.979,-1.803
-2.234,-0.825
-2.143,-1.047
-2.177,-2.767
-2.259,-3.272
-2.282,-0.8
-2.401,-0.348
-2.552,-0.024
-2.485,-1.732
-2.47,-0.053
-2.485,-2.913
-2.736,-1.524
-2.621,-0.812
-2.794,-2.56
-2.689,-0.248
-2.721,-3.137
-2.881,-0.116
-2.897,-0.446
-2.787,-0.632
-2.823,-0.652
-2.951,-0.911
-2.999,-1.973
-3.077,-2.371
-3.085,-2.3
-3.139,-1.408
3.062,-2.929
2.894,-1.681
2.979,-0.512
2.866,0.072
2.959,-1.828
2.826,-3.011
2.897,-2.903
2.608,-1.992
2.458,-3.105
2.427,-2.689
2.523,-0.436
2.231,-2.471
2.066,-0.184
1.881,-1.087
1.89,-2.899
1.869,-3.27
1.704,-0.55
1.506,-1.015
1.241,-1.964
1.001,-3.116
0.92,-1.774
0.899,-0.059
-0.904,-3.935
-1.524,-4.063
-1.546,-4.164
-1.534,-4.257
-2.697,-3.976
-2.85,-4.1
1.741,-4.146
0.971,-4.04
-0.984,-0.009
-1.095,0.002
-1.362,0.048
-1.537,0.096
-1.685,-0.017
1.242,-0.108
0.518,-2.986
0.525,-1.765
-0.848,-2.843
-1.692,-0.026
2.544,-1.494
2.278,-2.867
1.79,-3.004
0.806,-3.687
2.212,-0.724
1.826,-2.554
1.65,-3.209
1.421,-0.406
0.857,-1.563
-2.522,-1.517
2.196,-2.429
2.234,-2.994
-0.039,-3.893
-1.422,-3.872
1.842,-3.881
1.135,-3.865
0.741,-3.905
-0.771,-4.15
-1.725,-4.259
-2.641,-4.198
3.049,-4.457
2.454,-4.431
0.804,-4.355
-0.156,-1.432
-0.207,-0.733
-0.217,1.622
-0.106,0.472
-0.316,0.026
-0.229,0.969
-0.183,-1.022
-0.274,-1.149
-0.426,1.934
-0.295,1.238
-0.386,0.837
-0.519,0.603
-0.548,-0.56
-0.667,-0.599
-0.889,0.556
-0.938,-1.059
-0.835,0.454
-0.912,-0.822
-1.206,1.881
-1.179,0.506
-1.328,-0.872
-1.321,0.359
-1.506,-1.738
-1.515,-0.328
-1.403,0.881
-1.566,-1.125
-1.447,1.62
-1.462,-1.2
-1.481,-0.831
-1.562,0.425
-1.726,0.283
-1.688,0.574
-1.821,1.452
-1.918,-0.308
-2.083,0.141
-1.985,1.631
-2.008,0.566
-2.126,0.194
-2.381,1.172
-2.29,0.95
-2.324,-0.77
-2.406,-1.275
-2.429,1.197
-2.548,1.649
-2.699,1.973
-2.632,0.265
-2.617,1.944
-2.632,-0.916
-2.883,0.473
-2.768,1.185
-2.941,-0.563
-2.836,1.749
-2.868,-1.14
-3.028,1.881
-3.044,1.551
-2.934,1.365
-2.97,1.345
-3.098,1.086
3.137,0.024
3.059,-0.374
3.051,-0.303
2.997,0.589
2.915,-0.932
2.747,0.316
2.832,1.485
2.719,2.069
2.812,0.169
2.679,-1.014
2.75,-0.906
2.461,0.005
2.311,-1.108
2.28,-0.692
2.376,1.561
2.084,-0.474
1.919,1.813
1.734,0.91
1.743,-0.902
1.722,-1.273
1.557,1.447
1.359,0.982
1.094,0.033
0.854,-1.119
0.773,0.223
0.752,1.938
-1.051,-1.938
-1.671,-2.066
-1.693,-2.167
-1.681,-2.26
-2.844,-1.979
-2.997,-2.103
1.594,-2.149
0.824,-2.043
-1.131,1.988
-1.242,1.999
-1.509,2.045
-1.684,2.093
-1.832,1.98
1.095,1.889
0.371,-0.989
0.378,0.232
-0.995,-0.846
-1.839,1.971
2.397,0.503
2.131,-0.87
1.643,-1.007
0.659,-1.69
2.065,1.273
1.679,-0.557
1.503,-1.212
1.274,1.591
0.71,0.434
-2.669,0.48
2.049,-0.432
2.087,-0.997
-0.186,-1.896
-1.569,-1.875
1.695,-1.884
0.988,-1.868
0.594,-1.908
-0.918,-2.153
-1.872,-2.262
-2.788,-2.201
2.902,-2.46
2.307,-2.434
0.657,-2.358
-0.051,0.699
-0.061,3.054
0.05,1.904
-0.16,1.458
-0.073,2.401
-0.027,0.41
-0.118,0.283
-0.27,3.366
-0.139,2.67
-0.23,2.269
-0.363,2.035
-0.392,0.872
-0.511,0.833
-0.733,1.988
-0.782,0.373
-0.679,1.886
-0.756,0.61
-1.05,3.313
-1.023,1.938
-1.172,0.56
-1.165,1.791
-1.35,-0.306
-1.359,1.104
-1.247,2.313
-1.41,0.307
-1.291,3.052
-1.306,0.232
-1.325,0.601
-1.406,1.857
-1.57,1.715
-1.532,2.006
-1.665,2.884
-1.762,1.124
-1.927,1.573
-1.829,3.063
-1.852,1.998
-1.97,1.626
-2.225,2.604
-2.134,2.382
-2.168,0.662
-2.25,0.157
-2.273,2.629
-2.392,3.081
-2.543,3.405
-2.476,1.697
-2.461,3.376
-2.476,0.516
-2.727,1.905
-2.612,2.617
-2.785,0.869
-2.68,3.181
-2.712,0.292
-2.872,3.313
-2.888,2.983
-2.778,2.797
-2.814,2.777
-2.942,2.518
-2.99,1.456
-3.068,1.058
-3.076,1.129
-3.13,2.021
3.071,0.5
2.903,1.748
2.988,2.917
2.875,3.501
2.968,1.601
2.835,0.418
2.906,0.526
2.617,1.437
2.467,0.324
2.436,0.74
2.532,2.993
2.24,0.958
2.075,3.245
1.89,2.342
1.899,0.53
1.878,0.159
1.713,2.879
1.515,2.414
1.25,1.465
1.01,0.313
0.929,1.655
0.908,3.37
-0.895,-0.506
-1.515,-0.634
-1.537,-0.735
-1.525,-0.828
-2.688,-0.547
-2.841,-0.671
1.75,-0.717
0.98,-0.611
-0.975,3.42
-1.086,3.431
-1.353,3.477
-1.528,3.525
-1.676,3.412
1.251,3.321
0.527,0.443
0.534,1.664
-0.839,0.586
-1.683,3.403
2.553,1.935
2.287,0.562
1.799,0.425
0.815,-0.258
2.221,2.705
1.835,0.875
1.659,0.22
1.43,3.023
0.866,1.866
-2.513,1.912
2.205,1.0
2.243,0.435
-0.03,-0.464
-1.413,-0.443
1.851,-0.452
1.144,-0.436
0.75,-0.476
-0.762,-0.721
-1.716,-0.83
-2.632,-0.769
3.058,-1.028
2.463,-1.002
0.813,-0.926
-0.01,2.355
0.101,1.205
-0.109,0.759
-0.022,1.702
0.024,-0.289
-0.067,-0.416
-0.219,2.667
-0.088,1.971
-0.179,1.57
-0.312,1.336
-0.341,0.173
-0.46,0.134
-0.682,1.289
-0.731,-0.326
-0.628,1.187
-0.705,-0.089
-0.999,2.614
-0.972,1.239
-1.121,-0.139
-1.114,1.092
-1.299,-1.005
-1.308,0.405
-1.196,1.614
-1.359,-0.392
-1.24,2.353
-1.255,-0.467
-1.274,-0.098
-1.355,1.158
-1.519,1.016
-1.481,1.307
-1.614,2.185
-1.711,0.425
-1.876,0.874
-1.778,2.364
-1.801,1.299
-1.919,0.927
-2.174,1.905
-2.083,1.683
-2.117,-0.037
-2.199,-0.542
-2.222,1.93
-2.341,2.382
-2.492,2.706
-2.425,0.998
-2.41,2.677
-2.425,-0.183
-2.676,1.206
-2.561,1.918
-2.734,0.17
-2.629,2.482
-2.661,-0.407
-2.821,2.614
-2.837,2.284
-2.727,2.098
-2.763,2.078
-2.891,1.819
-2.939,0.757
-3.017,0.359
-3.025,0.43
-3.079,1.322
3.122,-0.199
2.954,1.049
3.039,2.218
2.926,2.802
3.019,0.902
2.886,-0.281
2.957,-0.173
2.668,0.738
2.518,-0.375
2.487,0.041
2.583,2.294
2.291,0.259
2.126,2.546
1.941,1.643
1.95,-0.169
1.929,-0.54
1.764,2.18
1.566,1.715
1.301,0.766
1.061,-0.386
0.98,0.956
0.959,2.671
-0.844,-1.205
-1.464,-1.333
-1.486,-1.434
-1.474,-1.527
-2.637,-1.246
-2.79,-1.37
1.801,-1.416
1.031,-1.31
-0.924,2.721
-1.035,2.732
-1.302,2.778
-1.477,2.826
-1.625,2.713
1.302,2.622
0.578,-0.256
0.585,0.965
-0.788,-0.113
-1.632,2.704
2.604,1.236
2.338,-0.137
1.85,-0.274
0.866,-0.957
2.272,2.006
1.886,0.176
1.71,-0.479
1.481,2.324
0.917,1.167
-2.462,1.213
2.256,0.301
2.294,-0.264
0.021,-1.163
-1.362,-1.142
1.902,-1.151
1.195,-1.135
0.801,-1.175
-0.711,-1.42
-1.665,-1.529
-2.581,-1.468
3.109,-1.727
2.514,-1.701
0.864,-1.625
0.111,-1.15
-0.099,-1.596
-0.012,-0.653
0.034,-2.644
-0.057,-2.771
-0.209,0.312
-0.078,-0.384
-0.169,-0.785
-0.302,-1.019
-0.331,-2.182
-0.45,-2.221
-0.672,-1.066
-0.721,-2.681
-0.618,-1.168
-0.695,-2.444
-0.989,0.259
-0.962,-1.116
-1.111,-2.494
-1.104,-1.263
-1.289,-3.36
-1.298,-1.95
-1.186,-0.741
-1.349,-2.747
-1.23,-0.002
-1.245,-2.822
-1.264,-2.453
-1.345,-1.197
-1.509,-1.339
-1.471,-1.048
-1.604,-0.17
-1.701,-1.93
-1.866,-1.481
-1.768,0.009
-1.791,-1.056
-1.909,-1.428
-2.164,-0.45
-2.073,-0.672
-2.107,-2.392
-2.189,-2.897
-2.212,-0.425
-2.331,0.027
-2.482,0.351
-2.415,-1.357
-2.4,0.322
-2.415,-2.538
-2.666,-1.149
-2.551,-0.437
-2.724,-2.185
-2.619,0.127
-2.651,-2.762
-2.811,0.259
-2.827,-0.071
-2.717,-0.257
-2.753,-0.277
-2.881,-0.536
-2.929,-1.598
-3.007,-1.996
-3.015,-1.925
-3.069,-1.033
3.132,-2.554
2.964,-1.306
3.049,-0.137
2.936,0.447
3.029,-1.453
2.896,-2.636
2.967,-2.528
2.678,-1.617
2.528,-2.73
2.497,-2.314
2.593,-0.061
2.301,-2.096
2.136,0.191
1.951,-0.712
1.96,-2.524
1.939,-2.895
1.774,-0.175
1.576,-0.64
1.311,-1.589
1.071,-2.741
0.99,-1.399
0.969,0.316
-0.834,-3.56
-1.454,-3.688
-1.476,-3.789
-1.464,-3.882
-2.627,-3.601
-2.78,-3.725
1.811,-3.771
1.041,-3.665
-0.914,0.366
-1.025,0.377
-1.292,0.423
-1.467,0.471
-1.615,0.358
1.312,0.267
0.588,-2.611
0.595,-1.39
-0.778,-2.468
-1.622,0.349
2.614,-1.119
2.348,-2.492
1.86,-2.629
0.876,-3.312
2.282,-0.349
1.896,-2.179
1.72,-2.834
1.491,-0.031
0.927,-1.188
-2.452,-1.142
2.266,-2.054
2.304,-2.619
0.031,-3.518
-1.352,-3.497
1.912,-3.506
1.205,-3.49
0.811,-3.53
-0.701,-3.775
-1.655,-3.884
-2.571,-3.823
3.119,-4.082
2.524,-4.056
0.874,-3.98
-0.21,-0.446
-0.123,0.497
-0.077,-1.494
-0.168,-1.621
-0.32,1.462
-0.189,0.766
-0.28,0.365
-0.413,0.131
-0.442,-1.032
-0.561,-1.071
-0.783,0.084
-0.832,-1.531
-0.729,-0.018
-0.806,-1.294
-1.1,1.409
-1.073,0.034
-1.222,-1.344
-1.215,-0.113
-1.4,-2.21
-1.409,-0.8
-1.297,0.409
-1.46,-1.597
-1.341,1.148
-1.356,-1.672
-1.375,-1.303
-1.456,-0.047
-1.62,-0.189
-1.582,0.102
-1.715,0.98
-1.812,-0.78
-1.977,-0.331
-1.879,1.159
-1.902,0.094
-2.02,-0.278
-2.275,0.7
-2.184,0.478
-2.218,-1.242
-2.3,-1.747
-2.323,0.725
-2.442,1.177
-2.593,1.501
-2.526,-0.207
-2.511,1.472
-2.526,-1.388
-2.777,0.001
-2.662,0.713
-2.835,-1.035
-2.73,1.277
-2.762,-1.612
-2.922,1.409
-2.938,1.079
-2.828,0.893
-2.864,0.873
-2.992,0.614
-3.04,-0.448
-3.118,-0.846
-3.126,-0.775
3.103,0.117
3.021,-1.404
2.853,-0.156
2.938,1.013
2.825,1.597
2.918,-0.303
2.785,-1.486
2.856,-1.378
2.567,-0.467
2.417,-1.58
2.386,-1.164
2.482,1.089
2.19,-0.946
2.025,1.341
1.84,0.438
1.849,-1.374
1.828,-1.745
1.663,0.975
1.465,0.51
1.2,-0.439
0.96,-1.591
0.879,-0.249
0.858,1.466
-0.945,-2.41
-1.565,-2.538
-1.587,-2.639
-1.575,-2.732
-2.738,-2.451
-2.891,-2.575
1.7,-2.621
0.93,-2.515
-1.025,1.516
-1.136,1.527
-1.403,1.573
-1.578,1.621
-1.726,1.508
1.201,1.417
0.477,-1.461
0.484,-0.24
-0.889,-1.318
-1.733,1.499
2.503,0.031
2.237,-1.342
1.749,-1.479
0.765,-2.162
2.171,0.801
1.785,-1.029
1.609,-1.684
1.38,1.119
0.816,-0.038
-2.563,0.008
2.155,-0.904
2.193,-1.469
-0.08,-2.368
-1.463,-2.347
1.801,-2.356
1.094,-2.34
0.7,-2.38
-0.812,-2.625
-1.766,-2.734
-2.682,-2.673
3.008,-2.932
2.413,-2.906
0.763,-2.83
0.087,0.943
0.133,-1.048
0.042,-1.175
-0.11,1.908
0.021,1.212
-0.07,0.811
-0.203,0.577
-0.232,-0.586
-0.351,-0.625
-0.573,0.53
-0.622,-1.085
-0.519,0.428
-0.596,-0.848
-0.89,1.855
-0.863,0.48
-1.012,-0.898
-1.005,0.333
-1.19,-1.764
-1.199,-0.354
-1.087,0.855
-1.25,-1.151
-1.131,1.594
-1.146,-1.226
-1.165,-0.857
-1.246,0.399
-1.41,0.257
-1.372,0.548
-1.505,1.426
-1.602,-0.334
-1.767,0.115
-1.669,1.605
-1.692,0.54
-1.81,0.168
-2.065,1.146
-1.974,0.924
-2.008,-0.796
-2.09,-1.301
-2.113,1.171
-2.232,1.623
-2.383,1.947
-2.316,0.239
-2.301,1.918
-2.316,-0.942
-2.567,0.447
-2.452,1.159
-2.625,-0.589
-2.52,1.723
-2.552,-1.166
-2.712,1.855
-2.728,1.525
-2.618,1.339
-2.654,1.319
-2.782,1.06
-2.83,-0.002
-2.908,-0.4
-2.916,-0.329
-2.97,0.563
-3.052,-0.958
3.063,0.29
-3.135,1.459
3.035,2.043
3.128,0.143
2.995,-1.04
3.066,-0.932
2.777,-0.021
2.627,-1.134
2.596,-0.718
2.692,1.535
2.4,-0.5
2.235,1.787
2.05,0.884
2.059,-0.928
2.038,-1.299
1.873,1.421
1.675,0.956
1.41,0.007
1.17,-1.145
1.089,0.197
1.068,1.912
-0.735,-1.964
-1.355,-2.092
-1.377,-2.193
-1.365,-2.286
-2.528,-2.005
-2.681,-2.129
1.91,-2.175
1.14,-2.069
-0.815,1.962
-0.926,1.973
-1.193,2.019
-1.368,2.067
-1.516,1.954
1.411,1.863
0.687,-1.015
0.694,0.206
-0.679,-0.872
-1.523,1.945
2.713,0.477
2.447,-0.896
1.959,-1.033
0.975,-1.716
2.381,1.247
1.995,-0.583
1.819,-1.238
1.59,1.565
1.026,0.408
-2.353,0.454
2.365,-0.458
2.403,-1.023
0.13,-1.922
-1.253,-1.901
2.011,-1.91
1.304,-1.894
0.91,-1.934
-0.602,-2.179
-1.556,-2.288
-2.472,-2.227
-3.065,-2.486
2.623,-2.46
0.973,-2.384
0.046,-1.991
-0.045,-2.118
-0.197,0.965
-0.066,0.269
-0.157,-0.132
-0.29,-0.366
-0.319,-1.529
-0.438,-1.568
-0.66,-0.413
-0.709,-2.028
-0.606,-0.515
-0.683,-1.791
-0.977,0.912
-0.95,-0.463
-1.099,-1.841
-1.092,-0.61
-1.277,-2.707
-1.286,-1.297
-1.174,-0.088
-1.337,-2.094
-1.218,0.651
-1.233,-2.169
-1.252,-1.8
-1.333,-0.544
-1.497,-0.686
-1.459,-0.395
-1.592,0.483
-1.689,-1.277
-1.854,-0.828
-1.756,0.662
-1.779,-0.403
-1.897,-0.775
-2.152,0.203
-2.061,-0.019
-2.095,-1.739
-2.177,-2.244
-2.2,0.228
-2.319,0.68
-2.47,1.004
-2.403,-0.704
-2.388,0.975
-2.403,-1.885
-2.654,-0.496
-2.539,0.216
-2.712,-1.532
-2.607,0.78
-2.639,-2.109
-2.799,0.912
-2.815,0.582
-2.705,0.396
-2.741,0.376
-2.869,0.117
-2.917,-0.945
-2.995,-1.343
-3.003,-1.272
-3.057,-0.38
-3.139,-1.901
2.976,-0.653
3.061,0.516
2.948,1.1
3.041,-0.8
2.908,-1.983
2.979,-1.875
2.69,-0.964
2.54,-2.077
2.509,-1.661
2.605,0.592
2.313,-1.443
2.148,0.844
1.963,-0.059
1.972,-1.871
1.951,-2.242
1.786,0.478
1.588,0.013
1.323,-0.936
1.083,-2.088
1.002,-0.746
0.981,0.969
-0.822,-2.907
-1.442,-3.035
-1.464,-3.136
-1.452,-3.229
-2.615,-2.948
-2.768,-3.072
1.823,-3.118
1.053,-3.012
-0.902,1.019
-1.013,1.03
-1.28,1.076
-1.455,1.124
-1.603,1.011
1.324,0.92
0.6,-1.958
0.607,-0.737
-0.766,-1.815
-1.61,1.002
2.626,-0.466
2.36,-1.839
1.872,-1.976
0.888,-2.659
2.294,0.304
1.908,-1.526
1.732,-2.181
1.503,0.622
0.939,-0.535
-2.44,-0.489
2.278,-1.401
2.316,-1.966
0.043,-2.865
-1.34,-2.844
1.924,-2.853
1.217,-2.837
0.823,-2.877
-0.689,-3.122
-1.643,-3.231
-2.559,-3.17
3.131,-3.429
2.536,-3.403
0.886,-3.327
-0.091,-0.127
-0.243,2.956
-0.112,2.26
-0.203,1.859
-0.336,1.625
-0.365,0.462
-0.484,0.423
-0.706,1.578
-0.755,-0.037
-0.652,1.476
-0.729,0.2
-1.023,2.903
-0.996,1.528
-1.145,0.15
-1.138,1.381
-1.323,-0.716
-1.332,0.694
-1.22,1.903
-1.383,-0.103
-1.264,2.642
-1.279,-0.178
-1.298,0.191
-1.379,1.447
-1.543,1.305
-1.505,1.596
-1.638,2.474
-1.735,0.714
-1.9,1.163
-1.802,2.653
-1.825,1.588
-1.943,1.216
-2.198,2.194
-2.107,1.972
-2.141,0.252
-2.223,-0.253
-2.246,2.219
-2.365,2.671
-2.516,2.995
-2.449,1.287
-2.434,2.966
-2.449,0.106
-2.7,1.495
-2.585,2.207
-2.758,0.459
-2.653,2.771
-2.685,-0.118
-2.845,2.903
-2.861,2.573
-2.751,2.387
-2.787,2.367
-2.915,2.108
-2.963,1.046
-3.041,0.648
-3.049,0.719
-3.103,1.611
3.098,0.09
2.93,1.338
3.015,2.507
2.902,3.091
2.995,1.191
2.862,0.008
2.933,0.116
2.644,1.027
2.494,-0.086
2.463,0.33
2.559,2.583
2.267,0.548
2.102,2.835
1.917,1.932
1.926,0.12
1.905,-0.251
1.74,2.469
1.542,2.004
1.277,1.055
1.037,-0.097
0.956,1.245
0.935,2.96
-0.868,-0.916
-1.488,-1.044
-1.51,-1.145
-1.498,-1.238
-2.661,-0.957
-2.814,-1.081
1.777,-1.127
1.007,-1.021
-0.948,3.01
-1.059,3.021
-1.326,3.067
-1.501,3.115
-1.649,3.002
1.278,2.911
0.554,0.033
0.561,1.254
-0.812,0.176
-1.656,2.993
2.58,1.525
2.314,0.152
1.826,0.015
0.842,-0.668
2.248,2.295
1.862,0.465
1.686,-0.19
1.457,2.613
0.893,1.456
-2.486,1.502
2.232,0.59
2.27,0.025
-0.003,-0.874
-1.386,-0.853
1.878,-0.862
1.171,-0.846
0.777,-0.886
-0.735,-1.131
-1.689,-1.24
-2.605,-1.179
3.085,-1.438
2.49,-1.412
0.84,-1.336
-0.152,3.083
-0.021,2.387
-0.112,1.986
-0.245,1.752
-0.274,0.589
-0.393,0.55
-0.615,1.705
-0.664,0.09
-0.561,1.603
-0.638,0.327
-0.932,3.03
-0.905,1.655
-1.054,0.277
-1.047,1.508
-1.232,-0.589
-1.241,0.821
-1.129,2.03
-1.292,0.024
-1.173,2.769
-1.188,-0.051
-1.207,0.318
-1.288,1.574
-1.452,1.432
-1.414,1.723
-1.547,2.601
-1.644,0.841
-1.809,1.29
-1.711,2.78
-1.734,1.715
-1.852,1.343
-2.107,2.321
-2.016,2.099
-2.05,0.379
-2.132,-0.126
-2.155,2.346
-2.274,2.798
-2.425,3.122
-2.358,1.414
-2.343,3.093
-2.358,0.233
-2.609,1.622
-2.494,2.334
-2.667,0.586
-2.562,2.898
-2.594,0.009
-2.754,3.03
-2.77,2.7
-2.66,2.514
-2.696,2.494
-2.824,2.235
-2.872,1.173
-2.95,0.775
-2.958,0.846
-3.012,1.738
-3.094,0.217
3.021,1.465
3.106,2.634
2.993,3.218
3.086,1.318
2.953,0.135
3.024,0.243
2.735,1.154
2.585,0.041
2.554,0.457
2.65,2.71
2.358,0.675
2.193,2.962
2.008,2.059
2.017,0.247
1.996,-0.124
1.831,2.596
1.633,2.131
1.368,1.182
1.128,0.03
1.047,1.372
1.026,3.087
-0.777,-0.789
-1.397,-0.917
-1.419,-1.018
-1.407,-1.111
-2.57,-0.83
-2.723,-0.954
1.868,-1.0
1.098,-0.894
-0.857,3.137
-0.968,3.148
-1.235,3.194
-1.41,3.242
-1.558,3.129
1.369,3.038
0.645,0.16
0.652,1.381
-0.721,0.303
-1.565,3.12
2.671,1.652
2.405,0.279
1.917,0.142
0.933,-0.541
2.339,2.422
1.953,0.592
1.777,-0.063
1.548,2.74
0.984,1.583
-2.395,1.629
2.323,0.717
2.361,0.152
0.088,-0.747
-1.295,-0.726
1.969,-0.735
1.262,-0.719
0.868,-0.759
-0.644,-1.004
-1.598,-1.113
-2.514,-1.052
-3.107,-1.311
2.581,-1.285
0.931,-1.209
0.131,-0.696
0.04,-1.097
-0.093,-1.331
-0.122,-2.494
-0.241,-2.533
-0.463,-1.378
-0.512,-2.993
-0.409,-1.48
-0.486,-2.756
-0.78,-0.053
-0.753,-1.428
-0.902,-2.806
-0.895,-1.575
-1.08,-3.672
-1.089,-2.262
-0.977,-1.053
-1.14,-3.059
-1.021,-0.314
-1.036,-3.134
-1.055,-2.765
-1.136,-1.509
-1.3,-1.651
-1.262,-1.36
-1.395,-0.482
-1.492,-2.242
-1.657,-1.793
-1.559,-0.303
-1.582,-1.368
-1.7,-1.74
-1.955,-0.762
-1.864,-0.984
-1.898,-2.704
-1.98,-3.209
-2.003,-0.737
-2.122,-0.285
-2.273,0.039
-2.206,-1.669
-2.191,0.01
-2.206,-2.85
-2.457,-1.461
-2.342,-0.749
-2.515,-2.497
-2.41,-0.185
-2.442,-3.074
-2.602,-0.053
-2.618,-0.383
-2.508,-0.569
-2.544,-0.589
-2.672,-0.848
-2.72,-1.91
-2.798,-2.308
-2.806,-2.237
-2.86,-1.345
-2.942,-2.866
-3.11,-1.618
-3.025,-0.449
-3.138,0.135
-3.045,-1.765
3.105,-2.948
-3.107,-2.84
2.887,-1.929
2.737,-3.042
2.706,-2.626
2.802,-0.373
2.51,-2.408
2.345,-0.121
2.16,-1.024
2.169,-2.836
2.148,-3.207
1.983,-0.487
1.785,-0.952
1.52,-1.901
1.28,-3.053
1.199,-1.711
1.178,0.004
-0.625,-3.872
-1.245,-4.0
-1.267,-4.101
-1.255,-4.194
-2.418,-3.913
-2.571,-4.037
2.02,-4.083
1.25,-3.977
-0.705,0.054
-0.816,0.065
-1.083,0.111
-1.258,0.159
-1.406,0.046
1.521,-0.045
0.797,-2.923
0.804,-1.702
-0.569,-2.78
-1.413,0.037
2.823,-1.431
2.557,-2.804
2.069,-2.941
1.085,-3.624
2.491,-0.661
2.105,-2.491
1.929,-3.146
1.7,-0.343
1.136,-1.5
-2.243,-1.454
2.475,-2.366
2.513,-2.931
0.24,-3.83
-1.143,-3.809
2.121,-3.818
1.414,-3.802
1.02,-3.842
-0.492,-4.087
-1.446,-4.196
-2.362,-4.135
-2.955,-4.394
2.733,-4.368
1.083,-4.292
-0.091,-0.401
-0.224,-0.635
-0.253,-1.798
-0.372,-1.837
-0.594,-0.682
-0.643,-2.297
-0.54,-0.784
-0.617,-2.06
-0.911,0.643
-0.884,-0.732
-1.033,-2.11
-1.026,-0.879
-1.211,-2.976
-1.22,-1.566
-1.108,-0.357
-1.271,-2.363
-1.152,0.382
-1.167,-2.438
-1.186,-2.069
-1.267,-0.813
-1.431,-0.955
-1.393,-0.664
-1.526,0.214
-1.623,-1.546
-1.788,-1.097
-1.69,0.393
-1.713,-0.672
-1.831,-1.044
-2.086,-0.066
-1.995,-0.288
-2.029,-2.008
-2.111,-2.513
-2.134,-0.041
-2.253,0.411
-2.404,0.735
-2.337,-0.973
-2.322,0.706
-2.337,-2.154
-2.588,-0.765
-2.473,-0.053
-2.646,-1.801
-2.541,0.511
-2.573,-2.378
-2.733,0.643
-2.749,0.313
-2.639,0.127
-2.675,0.107
-2.803,-0.152
-2.851,-1.214
-2.929,-1.612
-2.937,-1.541
-2.991,-0.649
-3.073,-2.17
3.042,-0.922
3.127,0.247
3.014,0.831
3.107,-1.069
2.974,-2.252
3.045,-2.144
2.756,-1.233
2.606,-2.346
2.575,-1.93
2.671,0.323
2.379,-1.712
2.214,0.575
2.029,-0.328
2.038,-2.14
2.017,-2.511
1.852,0.209
1.654,-0.256
1.389,-1.205
1.149,-2.357
1.068,-1.015
1.047,0.7
-0.756,-3.176
-1.376,-3.304
-1.398,-3.405
-1.386,-3.498
-2.549,-3.217
-2.702,-3.341
1.889,-3.387
1.119,-3.281
-0.836,0.75
-0.947,0.761
-1.214,0.807
-1.389,0.855
-1.537,0.742
1.39,0.651
0.666,-2.227
0.673,-1.006
-0.7,-2.084
-1.544,0.733
2.692,-0.735
2.426,-2.108
1.938,-2.245
0.954,-2.928
2.36,0.035
1.974,-1.795
1.798,-2.45
1.569,0.353
1.005,-0.804
-2.374,-0.758
2.344,-1.67
2.382,-2.235
0.109,-3.134
-1.274,-3.113
1.99,-3.122
1.283,-3.106
0.889,-3.146
-0.623,-3.391
-1.577,-3.5
-2.493,-3.439
-3.086,-3.698
2.602,-3.672
0.952,-3.596
-0.133,-0.234
-0.162,-1.397
-0.281,-1.436
-0.503,-0.281
-0.552,-1.896
-0.449,-0.383
-0.526,-1.659
-0.82,1.044
-0.793,-0.331
-0.942,-1.709
-0.935,-0.478
-1.12,-2.575
-1.129,-1.165
-1.017,0.044
-1.18,-1.962
-1.061,0.783
-1.076,-2.037
-1.095,-1.668
-1.176,-0.412
-1.34,-0.554
-1.302,-0.263
-1.435,0.615
-1.532,-1.145
-1.697,-0.696
-1.599,0.794
-1.622,-0.271
-1.74,-0.643
-1.995,0.335
-1.904,0.113
-1.938,-1.607
-2.02,-2.112
-2.043,0.36
-2.162,0.812
-2.313,1.136
-2.246,-0.572
-2.231,1.107
-2.246,-1.753
-2.497,-0.364
-2.382,0.348
-2.555,-1.4
-2.45,0.912
-2.482,-1.977
-2.642,1.044
-2.658,0.714
-2.548,0.528
-2.584,0.508
-2.712,0.249
-2.76,-0.813
-2.838,-1.211
-2.846,-1.14
-2.9,-0.248
-2.982,-1.769
3.133,-0.521
-3.065,0.648
3.105,1.232
-3.085,-0.668
3.065,-1.851
3.136,-1.743
2.847,-0.832
2.697,-1.945
2.666,-1.529
2.762,0.724
2.47,-1.311
2.305,0.976
2.12,0.073
2.129,-1.739
2.108,-2.11
1.943,0.61
1.745,0.145
1.48,-0.804
1.24,-1.956
1.159,-0.614
1.138,1.101
-0.665,-2.775
-1.285,-2.903
-1.307,-3.004
-1.295,-3.097
-2.458,-2.816
-2.611,-2.94
1.98,-2.986
1.21,-2.88
-0.745,1.151
-0.856,1.162
-1.123,1.208
-1.298,1.256
-1.446,1.143
1.481,1.052
0.757,-1.826
0.764,-0.605
-0.609,-1.683
-1.453,1.134
2.783,-0.334
2.517,-1.707
2.029,-1.844
1.045,-2.527
2.451,0.436
2.065,-1.394
1.889,-2.049
1.66,0.754
1.096,-0.403
-2.283,-0.357
2.435,-1.269
2.473,-1.834
0.2,-2.733
-1.183,-2.712
2.081,-2.721
1.374,-2.705
0.98,-2.745
-0.532,-2.99
-1.486,-3.099
-2.402,-3.038
-2.995,-3.297
2.693,-3.271
1.043,-3.195
-0.029,-1.163
-0.148,-1.202
-0.37,-0.047
-0.419,-1.662
-0.316,-0.149
-0.393,-1.425
-0.687,1.278
-0.66,-0.097
-0.809,-1.475
-0.802,-0.244
-0.987,-2.341
-0.996,-0.931
-0.884,0.278
-1.047,-1.728
-0.928,1.017
-0.943,-1.803
-0.962,-1.434
-1.043,-0.178
-1.207,-0.32
-1.169,-0.029
-1.302,0.849
-1.399,-0.911
-1.564,-0.462
-1.466,1.028
-1.489,-0.037
-1.607,-0.409
-1.862,0.569
-1.771,0.347
-1.805,-1.373
-1.887,-1.878
-1.91,0.594
-2.029,1.046
-2.18,1.37
-2.113,-0.338
-2.098,1.341
-2.113,-1.519
-2.364,-0.13
-2.249,0.582
-2.422,-1.166
-2.317,1.146
-2.349,-1.743
-2.509,1.278
-2.525,0.948
-2.415,0.762
-2.451,0.742
-2.579,0.483
-2.627,-0.579
-2.705,-0.977
-2.713,-0.906
-2.767,-0.014
-2.849,-1.535
-3.017,-0.287
-2.932,0.882
-3.045,1.466
-2.952,-0.434
-3.085,-1.617
-3.014,-1.509
2.98,-0.598
2.83,-1.711
2.799,-1.295
2.895,0.958
2.603,-1.077
2.438,1.21
2.253,0.307
2.262,-1.505
2.241,-1.876
2.076,0.844
1.878,0.379
1.613,-0.57
1.373,-1.722
1.292,-0.38
1.271,1.335
-0.532,-2.541
-1.152,-2.669
-1.174,-2.77
-1.162,-2.863
-2.325,-2.582
-2.478,-2.706
2.113,-2.752
1.343,-2.646
-0.612,1.385
-0.723,1.396
-0.99,1.442
-1.165,1.49
-1.313,1.377
1.614,1.286
0.89,-1.592
0.897,-0.371
-0.476,-1.449
-1.32,1.368
2.916,-0.1
2.65,-1.473
2.162,-1.61
1.178,-2.293
2.584,0.67
2.198,-1.16
2.022,-1.815
1.793,0.988
1.229,-0.169
-2.15,-0.123
2.568,-1.035
2.606,-1.6
0.333,-2.499
-1.05,-2.478
2.214,-2.487
1.507,-2.471
1.113,-2.511
-0.399,-2.756
-1.353,-2.865
-2.269,-2.804
-2.862,-3.063
2.826,-3.037
1.176,-2.961
-0.119,-0.039
-0.341,1.116
-0.39,-0.499
-0.287,1.014
-0.364,-0.262
-0.658,2.441
-0.631,1.066
-0.78,-0.312
-0.773,0.919
-0.958,-1.178
-0.967,0.232
-0.855,1.441
-1.018,-0.565
-0.899,2.18
-0.914,-0.64
-0.933,-0.271
-1.014,0.985
-1.178,0.843
-1.14,1.134
-1.273,2.012
-1.37,0.252
-1.535,0.701
-1.437,2.191
-1.46,1.126
-1.578,0.754
-1.833,1.732
-1.742,1.51
-1.776,-0.21
-1.858,-0.715
-1.881,1.757
-2.0,2.209
-2.151,2.533
-2.084,0.825
-2.069,2.504
-2.084,-0.356
-2.335,1.033
-2.22,1.745
-2.393,-0.003
-2.288,2.309
-2.32,-0.58
-2.48,2.441
-2.496,2.111
-2.386,1.925
-2.422,1.905
-2.55,1.646
-2.598,0.584
-2.676,0.186
-2.684,0.257
-2.738,1.149
-2.82,-0.372
-2.988,0.876
-2.903,2.045
-3.016,2.629
-2.923,0.729
-3.056,-0.454
-2.985,-0.346
3.009,0.565
2.859,-0.548
2.828,-0.132
2.924,2.121
2.632,0.086
2.467,2.373
2.282,1.47
2.291,-0.342
2.27,-0.713
2.105,2.007
1.907,1.542
1.642,0.593
1.402,-0.559
1.321,0.783
1.3,2.498
-0.503,-1.378
-1.123,-1.506
-1.145,-1.607
-1.133,-1.7
-2.296,-1.419
-2.449,-1.543
2.142,-1.589
1.372,-1.483
-0.583,2.548
-0.694,2.559
-0.961,2.605
-1.136,2.653
-1.284,2.54
1.643,2.449
0.919,-0.429
0.926,0.792
-0.447,-0.286
-1.291,2.531
2.945,1.063
2.679,-0.31
2.191,-0.447
1.207,-1.13
2.613,1.833
2.227,0.003
2.051,-0.652
1.822,2.151
1.258,0.994
-2.121,1.04
2.597,0.128
2.635,-0.437
0.362,-1.336
-1.021,-1.315
2.243,-1.324
1.536,-1.308
1.142,-1.348
-0.37,-1.593
-1.324,-1.702
-2.24,-1.641
-2.833,-1.9
2.855,-1.874
1.205,-1.798
-0.222,1.155
-0.271,-0.46
-0.168,1.053
-0.245,-0.223
-0.539,2.48
-0.512,1.105
-0.661,-0.273
-0.654,0.958
-0.839,-1.139
-0.848,0.271
-0.736,1.48
-0.899,-0.526
-0.78,2.219
-0.795,-0.601
-0.814,-0.232
-0.895,1.024
-1.059,0.882
-1.021,1.173
-1.154,2.051
-1.251,0.291
-1.416,0.74
-1.318,2.23
-1.341,1.165
-1.459,0.793
-1.714,1.771
-1.623,1.549
-1.657,-0.171
-1.739,-0.676
-1.762,1.796
-1.881,2.248
-2.032,2.572
-1.965,0.864
-1.95,2.543
-1.965,-0.317
-2.216,1.072
-2.101,1.784
-2.274,0.036
-2.169,2.348
-2.201,-0.541
-2.361,2.48
-2.377,2.15
-2.267,1.964
-2.303,1.944
-2.431,1.685
-2.479,0.623
-2.557,0.225
-2.565,0.296
-2.619,1.188
-2.701,-0.333
-2.869,0.915
-2.784,2.084
-2.897,2.668
-2.804,0.768
-2.937,-0.415
-2.866,-0.307
3.128,0.604
2.978,-0.509
2.947,-0.093
3.043,2.16
2.751,0.125
2.586,2.412
2.401,1.509
2.41,-0.303
2.389,-0.674
2.224,2.046
2.026,1.581
1.761,0.632
1.521,-0.52
1.44,0.822
1.419,2.537
-0.384,-1.339
-1.004,-1.467
-1.026,-1.568
-1.014,-1.661
-2.177,-1.38
-2.33,-1.504
2.261,-1.55
1.491,-1.444
-0.464,2.587
-0.575,2.598
-0.842,2.644
-1.017,2.692
-1.165,2.579
1.762,2.488
1.038,-0.39
1.045,0.831
-0.328,-0.247
-1.172,2.57
3.064,1.102
2.798,-0.271
2.31,-0.408
1.326,-1.091
2.732,1.872
2.346,0.042
2.17,-0.613
1.941,2.19
1.377,1.033
-2.002,1.079
2.716,0.167
2.754,-0.398
0.481,-1.297
-0.902,-1.276
2.362,-1.285
1.655,-1.269
1.261,-1.309
-0.251,-1.554
-1.205,-1.663
-2.121,-1.602
-2.714,-1.861
2.974,-1.835
1.324,-1.759
-0.049,-1.615
0.054,-0.102
-0.023,-1.378
-0.317,1.325
-0.29,-0.05
-0.439,-1.428
-0.432,-0.197
-0.617,-2.294
-0.626,-0.884
-0.514,0.325
-0.677,-1.681
-0.558,1.064
-0.573,-1.756
-0.592,-1.387
-0.673,-0.131
-0.837,-0.273
-0.799,0.018
-0.932,0.896
-1.029,-0.864
-1.194,-0.415
-1.096,1.075
-1.119,0.01
-1.237,-0.362
-1.492,0.616
-1.401,0.394
-1.435,-1.326
-1.517,-1.831
-1.54,0.641
-1.659,1.093
-1.81,1.417
-1.743,-0.291
-1.728,1.388
-1.743,-1.472
-1.994,-0.083
-1.879,0.629
-2.052,-1.119
-1.947,1.193
-1.979,-1.696
-2.139,1.325
-2.155,0.995
-2.045,0.809
-2.081,0.789
-2.209,0.53
-2.257,-0.532
-2.335,-0.93
-2.343,-0.859
-2.397,0.033
-2.479,-1.488
-2.647,-0.24
-2.562,0.929
-2.675,1.513
-2.582,-0.387
-2.715,-1.57
-2.644,-1.462
-2.933,-0.551
-3.083,-1.664
-3.114,-1.248
-3.018,1.005
2.973,-1.03
2.808,1.257
2.623,0.354
2.632,-1.458
2.611,-1.829
2.446,0.891
2.248,0.426
1.983,-0.523
1.743,-1.675
1.662,-0.333
1.641,1.382
-0.162,-2.494
-0.782,-2.622
-0.804,-2.723
-0.792,-2.816
-1.955,-2.535
-2.108,-2.659
2.483,-2.705
1.713,-2.599
-0.242,1.432
-0.353,1.443
-0.62,1.489
-0.795,1.537
-0.943,1.424
1.984,1.333
1.26,-1.545
1.267,-0.324
-0.106,-1.402
-0.95,1.415
-2.997,-0.053
3.02,-1.426
2.532,-1.563
1.548,-2.246
2.954,0.717
2.568,-1.113
2.392,-1.768
2.163,1.035
1.599,-0.122
-1.78,-0.076
2.938,-0.988
2.976,-1.553
0.703,-2.452
-0.68,-2.431
2.584,-2.44
1.877,-2.424
1.483,-2.464
-0.029,-2.709
-0.983,-2.818
-1.899,-2.757
-2.492,-3.016
-3.087,-2.99
1.546,-2.914
0.103,1.513
0.026,0.237
-0.268,2.94
-0.241,1.565
-0.39,0.187
-0.383,1.418
-0.568,-0.679
-0.577,0.731
-0.465,1.94
-0.628,-0.066
-0.509,2.679
-0.524,-0.141
-0.543,0.228
-0.624,1.484
-0.788,1.342
-0.75,1.633
-0.883,2.511
-0.98,0.751
-1.145,1.2
-1.047,2.69
-1.07,1.625
-1.188,1.253
-1.443,2.231
-1.352,2.009
-1.386,0.289
-1.468,-0.216
-1.491,2.256
-1.61,2.708
-1.761,3.032
-1.694,1.324
-1.679,3.003
-1.694,0.143
-1.945,1.532
-1.83,2.244
-2.003,0.496
-1.898,2.808
-1.93,-0.081
-2.09,2.94
-2.106,2.61
-1.996,2.424
-2.032,2.404
-2.16,2.145
-2.208,1.083
-2.286,0.685
-2.294,0.756
-2.348,1.648
-2.43,0.127
-2.598,1.375
-2.513,2.544
-2.626,3.128
-2.533,1.228
-2.666,0.045
-2.595,0.153
-2.884,1.064
-3.034,-0.049
-3.065,0.367
-2.969,2.62
3.022,0.585
2.857,2.872
2.672,1.969
2.681,0.157
2.66,-0.214
2.495,2.506
2.297,2.041
2.032,1.092
1.792,-0.06
1.711,1.282
1.69,2.997
-0.113,-0.879
-0.733,-1.007
-0.755,-1.108
-0.743,-1.201
-1.906,-0.92
-2.059,-1.044
2.532,-1.09
1.762,-0.984
-0.193,3.047
-0.304,3.058
-0.571,3.104
-0.746,3.152
-0.894,3.039
2.033,2.948
1.309,0.07
1.316,1.291
-0.057,0.213
-0.901,3.03
-2.948,1.562
3.069,0.189
2.581,0.052
1.597,-0.631
3.003,2.332
2.617,0.502
2.441,-0.153
2.212,2.65
1.648,1.493
-1.731,1.539
2.987,0.627
3.025,0.062
0.752,-0.837
-0.631,-0.816
2.633,-0.825
1.926,-0.809
1.532,-0.849
0.02,-1.094
-0.934,-1.203
-1.85,-1.142
-2.443,-1.401
-3.038,-1.375
1.595,-1.299
-0.077,-1.276
-0.371,1.427
-0.344,0.052
-0.493,-1.326
-0.486,-0.095
-0.671,-2.192
-0.68,-0.782
-0.568,0.427
-0.731,-1.579
-0.612,1.166
-0.627,-1.654
-0.646,-1.285
-0.727,-0.029
-0.891,-0.171
-0.853,0.12
-0.986,0.998
-1.083,-0.762
-1.248,-0.313
-1.15,1.177
-1.173,0.112
-1.291,-0.26
-1.546,0.718
-1.455,0.496
-1.489,-1.224
-1.571,-1.729
-1.594,0.743
-1.713,1.195
-1.864,1.519
-1.797,-0.189
-1.782,1.49
-1.797,-1.37
-2.048,0.019
-1.933,0.731
-2.106,-1.017
-2.001,1.295
-2.033,-1.594
-2.193,1.427
-2.209,1.097
-2.099,0.911
-2.135,0.891
-2.263,0.632
-2.311,-0.43
-2.389,-0.828
-2.397,-0.757
-2.451,0.135
-2.533,-1.386
-2.701,-0.138
-2.616,1.031
-2.729,1.615
-2.636,-0.285
-2.769,-1.468
-2.698,-1.36
-2.987,-0.449
-3.137,-1.562
3.115,-1.146
-3.072,1.107
2.919,-0.928
2.754,1.359
2.569,0.456
2.578,-1.356
2.557,-1.727
2.392,0.993
2.194,0.528
1.929,-0.421
1.689,-1.573
1.608,-0.231
1.587,1.484
-0.216,-2.392
-0.836,-2.52
-0.858,-2.621
-0.846,-2.714
-2.009,-2.433
-2.162,-2.557
2.429,-2.603
1.659,-2.497
-0.296,1.534
-0.407,1.545
-0.674,1.591
-0.849,1.639
-0.997,1.526
1.93,1.435
1.206,-1.443
1.213,-0.222
-0.16,-1.3
-1.004,1.517
-3.051,0.049
2.966,-1.324
2.478,-1.461
1.494,-2.144
2.9,0.819
2.514,-1.011
2.338,-1.666
2.109,1.137
1.545,-0.02
-1.834,0.026
2.884,-0.886
2.922,-1.451
0.649,-2.35
-0.734,-2.329
2.53,-2.338
1.823,-2.322
1.429,-2.362
-0.083,-2.607
-1.037,-2.716
-1.953,-2.655
-2.546,-2.914
-3.141,-2.888
1.492,-2.812
-0.294,2.703
-0.267,1.328
-0.416,-0.05
-0.409,1.181
-0.594,-0.916
-0.603,0.494
-0.491,1.703
-0.654,-0.303
-0.535,2.442
-0.55,-0.378
-0.569,-0.009
-0.65,1.247
-0.814,1.105
-0.776,1.396
-0.909,2.274
-1.006,0.514
-1.171,0.963
-1.073,2.453
-1.096,1.388
-1.214,1.016
-1.469,1.994
-1.378,1.772
-1.412,0.052
-1.494,-0.453
-1.517,2.019
-1.636,2.471
-1.787,2.795
-1.72,1.087
-1.705,2.766
-1.72,-0.094
-1.971,1.295
-1.856,2.007
-2.029,0.259
-1.924,2.571
-1.956,-0.318
-2.116,2.703
-2.132,2.373
-2.022,2.187
-2.058,2.167
-2.186,1.908
-2.234,0.846
-2.312,0.448
-2.32,0.519
-2.374,1.411
-2.456,-0.11
-2.624,1.138
-2.539,2.307
-2.652,2.891
-2.559,0.991
-2.692,-0.192
-2.621,-0.084
-2.91,0.827
-3.06,-0.286
-3.091,0.13
-2.995,2.383
2.996,0.348
2.831,2.635
2.646,1.732
2.655,-0.08
2.634,-0.451
2.469,2.269
2.271,1.804
2.006,0.855
1.766,-0.297
1.685,1.045
1.664,2.76
-0.139,-1.116
-0.759,-1.244
-0.781,-1.345
-0.769,-1.438
-1.932,-1.157
-2.085,-1.281
2.506,-1.327
1.736,-1.221
-0.219,2.81
-0.33,2.821
-0.597,2.867
-0.772,2.915
-0.92,2.802
2.007,2.711
1.283,-0.167
1.29,1.054
-0.083,-0.024
-0.927,2.793
-2.974,1.325
3.043,-0.048
2.555,-0.185
1.571,-0.868
2.977,2.095
2.591,0.265
2.415,-0.39
2.186,2.413
1.622,1.256
-1.757,1.302
2.961,0.39
2.999,-0.175
0.726,-1.074
-0.657,-1.053
2.607,-1.062
1.9,-1.046
1.506,-1.086
-0.006,-1.331
-0.96,-1.44
-1.876,-1.379
-2.469,-1.638
-3.064,-1.612
1.569,-1.536
0.027,-1.375
-0.122,-2.753
-0.115,-1.522
-0.3,-3.619
-0.309,-2.209
-0.197,-1.0
-0.36,-3.006
-0.241,-0.261
-0.256,-3.081
-0.275,-2.712
-0.356,-1.456
-0.52,-1.598
-0.482,-1.307
-0.615,-0.429
-0.712,-2.189
-0.877,-1.74
-0.779,-0.25
-0.802,-1.315
-0.92,-1.687
-1.175,-0.709
-1.084,-0.931
-1.118,-2.651
-1.2,-3.156
-1.223,-0.684
-1.342,-0.232
-1.493,0.092
-1.426,-1.616
-1.411,0.063
-1.426,-2.797
-1.677,-1.408
-1.562,-0.696
-1.735,-2.444
-1.63,-0.132
-1.662,-3.021
-1.822,0.0
-1.838,-0.33
-1.728,-0.516
-1.764,-0.536
-1.892,-0.795
-1.94,-1.857
-2.018,-2.255
-2.026,-2.184
-2.08,-1.292
-2.162,-2.813
-2.33,-1.565
-2.245,-0.396
-2.358,0.188
-2.265,-1.712
-2.398,-2.895
-2.327,-2.787
-2.616,-1.876
-2.766,-2.989
-2.797,-2.573
-2.701,-0.32
-2.993,-2.355
3.125,-0.068
2.94,-0.971
2.949,-2.783
2.928,-3.154
2.763,-0.434
2.565,-0.899
2.3,-1.848
2.06,-3.0
1.979,-1.658
1.958,0.057
0.155,-3.819
-0.465,-3.947
-0.487,-4.048
-0.475,-4.141
-1.638,-3.86
-1.791,-3.984
2.8,-4.03
2.03,-3.924
0.075,0.107
-0.036,0.118
-0.303,0.164
-0.478,0.212
-0.626,0.099
2.301,0.008
1.577,-2.87
1.584,-1.649
0.211,-2.727
-0.633,0.09
-2.68,-1.378
-2.946,-2.751
2.849,-2.888
1.865,-3.571
-3.012,-0.608
2.885,-2.438
2.709,-3.093
2.48,-0.29
1.916,-1.447
-1.463,-1.401
-3.028,-2.313
-2.99,-2.878
1.02,-3.777
-0.363,-3.756
2.901,-3.765
2.194,-3.749
1.8,-3.789
0.288,-4.034
-0.666,-4.143
-1.582,-4.082
-2.175,-4.341
-2.77,-4.315
1.863,-4.239
-0.149,-1.378
-0.142,-0.147
-0.327,-2.244
-0.336,-0.834
-0.224,0.375
-0.387,-1.631
-0.268,1.114
-0.283,-1.706
-0.302,-1.337
-0.383,-0.081
-0.547,-0.223
-0.509,0.068
-0.642,0.946
-0.739,-0.814
-0.904,-0.365
-0.806,1.125
-0.829,0.06
-0.947,-0.312
-1.202,0.666
-1.111,0.444
-1.145,-1.276
-1.227,-1.781
-1.25,0.691
-1.369,1.143
-1.52,1.467
-1.453,-0.241
-1.438,1.438
-1.453,-1.422
-1.704,-0.033
-1.589,0.679
-1.762,-1.069
-1.657,1.243
-1.689,-1.646
-1.849,1.375
-1.865,1.045
-1.755,0.859
-1.791,0.839
-1.919,0.58
-1.967,-0.482
-2.045,-0.88
-2.053,-0.809
-2.107,0.083
-2.189,-1.438
-2.357,-0.19
-2.272,0.979
-2.385,1.563
-2.292,-0.337
-2.425,-1.52
-2.354,-1.412
-2.643,-0.501
-2.793,-1.614
-2.824,-1.198
-2.728,1.055
-3.02,-0.98
3.098,1.307
2.913,0.404
2.922,-1.408
2.901,-1.779
2.736,0.941
2.538,0.476
2.273,-0.473
2.033,-1.625
1.952,-0.283
1.931,1.432
0.128,-2.444
-0.492,-2.572
-0.514,-2.673
-0.502,-2.766
-1.665,-2.485
-1.818,-2.609
2.773,-2.655
2.003,-2.549
0.048,1.482
-0.063,1.493
-0.33,1.539
-0.505,1.587
-0.653,1.474
2.274,1.383
1.55,-1.495
1.557,-0.274
0.184,-1.352
-0.66,1.465
-2.707,-0.003
-2.973,-1.376
2.822,-1.513
1.838,-2.196
-3.039,0.767
2.858,-1.063
2.682,-1.718
2.453,1.085
1.889,-0.072
-1.49,-0.026
-3.055,-0.938
-3.017,-1.503
0.993,-2.402
-0.39,-2.381
2.874,-2.39
2.167,-2.374
1.773,-2.414
0.261,-2.659
-0.693,-2.768
-1.609,-2.707
-2.202,-2.966
-2.797,-2.94
1.836,-2.864
0.007,1.231
-0.178,-0.866
-0.187,0.544
-0.075,1.753
-0.238,-0.253
-0.119,2.492
-0.134,-0.328
-0.153,0.041
-0.234,1.297
-0.398,1.155
-0.36,1.446
-0.493,2.324
-0.59,0.564
-0.755,1.013
-0.657,2.503
-0.68,1.438
-0.798,1.066
-1.053,2.044
-0.962,1.822
-0.996,0.102
-1.078,-0.403
-1.101,2.069
-1.22,2.521
-1.371,2.845
-1.304,1.137
-1.289,2.816
-1.304,-0.044
-1.555,1.345
-1.44,2.057
-1.613,0.309
-1.508,2.621
-1.54,-0.268
-1.7,2.753
-1.716,2.423
-1.606,2.237
-1.642,2.217
-1.77,1.958
-1.818,0.896
-1.896,0.498
-1.904,0.569
-1.958,1.461
-2.04,-0.06
-2.208,1.188
-2.123,2.357
-2.236,2.941
-2.143,1.041
-2.276,-0.142
-2.205,-0.034
-2.494,0.877
-2.644,-0.236
-2.675,0.18
-2.579,2.433
-2.871,0.398
-3.036,2.685
3.062,1.782
3.071,-0.03
3.05,-0.401
2.885,2.319
2.687,1.854
2.422,0.905
2.182,-0.247
2.101,1.095
2.08,2.81
0.277,-1.066
-0.343,-1.194
-0.365,-1.295
-0.353,-1.388
-1.516,-1.107
-1.669,-1.231
2.922,-1.277
2.152,-1.171
0.197,2.86
0.086,2.871
-0.181,2.917
-0.356,2.965
-0.504,2.852
2.423,2.761
1.699,-0.117
1.706,1.104
0.333,0.026
-0.511,2.843
-2.558,1.375
-2.824,0.002
2.971,-0.135
1.987,-0.818
-2.89,2.145
3.007,0.315
2.831,-0.34
2.602,2.463
2.038,1.306
-1.341,1.352
-2.906,0.44
-2.868,-0.125
1.142,-1.024
-0.241,-1.003
3.023,-1.012
2.316,-0.996
1.922,-1.036
0.41,-1.281
-0.544,-1.39
-1.46,-1.329
-2.053,-1.588
-2.648,-1.562
1.985,-1.486
-0.185,-2.097
-0.194,-0.687
-0.082,0.522
-0.245,-1.484
-0.126,1.261
-0.141,-1.559
-0.16,-1.19
-0.241,0.066
-0.405,-0.076
-0.367,0.215
-0.5,1.093
-0.597,-0.667
-0.762,-0.218
-0.664,1.272
-0.687,0.207
-0.805,-0.165
-1.06,0.813
-0.969,0.591
-1.003,-1.129
-1.085,-1.634
-1.108,0.838
-1.227,1.29
-1.378,1.614
-1.311,-0.094
-1.296,1.585
-1.311,-1.275
-1.562,0.114
-1.447,0.826
-1.62,-0.922
-1.515,1.39
-1.547,-1.499
-1.707,1.522
-1.723,1.192
-1.613,1.006
-1.649,0.986
-1.777,0.727
-1.825,-0.335
-1.903,-0.733
-1.911,-0.662
-1.965,0.23
-2.047,-1.291
-2.215,-0.043
-2.13,1.126
-2.243,1.71
-2.15,-0.19
-2.283,-1.373
-2.212,-1.265
-2.501,-0.354
-2.651,-1.467
-2.682,-1.051
-2.586,1.202
-2.878,-0.833
-3.043,1.454
3.055,0.551
3.064,-1.261
3.043,-1.632
2.878,1.088
2.68,0.623
2.415,-0.326
2.175,-1.478
2.094,-0.136
2.073,1.579
0.27,-2.297
-0.35,-2.425
-0.372,-2.526
-0.36,-2.619
-1.523,-2.338
-1.676,-2.462
2.915,-2.508
2.145,-2.402
0.19,1.629
0.079,1.64
-0.188,1.686
-0.363,1.734
-0.511,1.621
2.416,1.53
1.692,-1.348
1.699,-0.127
0.326,-1.205
-0.518,1.612
-2.565,0.144
-2.831,-1.229
2.964,-1.366
1.98,-2.049
-2.897,0.914
3.0,-0.916
2.824,-1.571
2.595,1.232
2.031,0.075
-1.348,0.121
-2.913,-0.791
-2.875,-1.356
1.135,-2.255
-0.248,-2.234
3.016,-2.243
2.309,-2.227
1.915,-2.267
0.403,-2.512
-0.551,-2.621
-1.467,-2.56
-2.06,-2.819
-2.655,-2.793
1.978,-2.717
-0.009,1.41
0.103,2.619
-0.06,0.613
0.059,3.358
0.044,0.538
0.025,0.907
-0.056,2.163
-0.22,2.021
-0.182,2.312
-0.315,3.19
-0.412,1.43
-0.577,1.879
-0.479,3.369
-0.502,2.304
-0.62,1.932
-0.875,2.91
-0.784,2.688
-0.818,0.968
-0.9,0.463
-0.923,2.935
-1.042,3.387
-1.193,3.711
-1.126,2.003
-1.111,3.682
-1.126,0.822
-1.377,2.211
-1.262,2.923
-1.435,1.175
-1.33,3.487
-1.362,0.598
-1.522,3.619
-1.538,3.289
-1.428,3.103
-1.464,3.083
-1.592,2.824
-1.64,1.762
-1.718,1.364
-1.726,1.435
-1.78,2.327
-1.862,0.806
-2.03,2.054
-1.945,3.223
-2.058,3.807
-1.965,1.907
-2.098,0.724
-2.027,0.832
-2.316,1.743
-2.466,0.63
-2.497,1.046
-2.401,3.299
-2.693,1.264
-2.858,3.551
-3.043,2.648
-3.034,0.836
-3.055,0.465
3.063,3.185
2.865,2.72
2.6,1.771
2.36,0.619
2.279,1.961
2.258,3.676
0.455,-0.2
-0.165,-0.328
-0.187,-0.429
-0.175,-0.522
-1.338,-0.241
-1.491,-0.365
3.1,-0.411
2.33,-0.305
0.375,3.726
0.264,3.737
-0.003,3.783
-0.178,3.831
-0.326,3.718
2.601,3.627
1.877,0.749
1.884,1.97
0.511,0.892
-0.333,3.709
-2.38,2.241
-2.646,0.868
-3.134,0.731
2.165,0.048
-2.712,3.011
-3.098,1.181
3.009,0.526
2.78,3.329
2.216,2.172
-1.163,2.218
-2.728,1.306
-2.69,0.741
1.32,-0.158
-0.063,-0.137
-3.082,-0.146
2.494,-0.13
2.1,-0.17
0.588,-0.415
-0.366,-0.524
-1.282,-0.463
-1.875,-0.722
-2.47,-0.696
2.163,-0.62
0.112,1.209
-0.051,-0.797
0.068,1.948
0.053,-0.872
0.034,-0.503
-0.047,0.753
-0.211,0.611
-0.173,0.902
-0.306,1.78
-0.403,0.02
-0.568,0.469
-0.47,1.959
-0.493,0.894
-0.611,0.522
-0.866,1.5
-0.775,1.278
-0.809,-0.442
-0.891,-0.947
-0.914,1.525
-1.033,1.977
-1.184,2.301
-1.117,0.593
-1.102,2.272
-1.117,-0.588
-1.368,0.801
-1.253,1.513
-1.426,-0.235
-1.321,2.077
-1.353,-0.812
-1.513,2.209
-1.529,1.879
-1.419,1.693
-1.455,1.673
-1.583,1.414
-1.631,0.352
-1.709,-0.046
-1.717,0.025
-1.771,0.917
-1.853,-0.604
-2.021,0.644
-1.936,1.813
-2.049,2.397
-1.956,0.497
-2.089,-0.686
-2.018,-0.578
-2.307,0.333
-2.457,-0.78
-2.488,-0.364
-2.392,1.889
-2.684,-0.146
-2.849,2.141
-3.034,1.238
-3.025,-0.574
-3.046,-0.945
3.072,1.775
2.874,1.31
2.609,0.361
2.369,-0.791
2.288,0.551
2.267,2.266
0.464,-1.61
-0.156,-1.738
-0.178,-1.839
-0.166,-1.932
-1.329,-1.651
-1.482,-1.775
3.109,-1.821
2.339,-1.715
0.384,2.316
0.273,2.327
0.006,2.373
-0.169,2.421
-0.317,2.308
2.61,2.217
1.886,-0.661
1.893,0.56
0.52,-0.518
-0.324,2.299
-2.371,0.831
-2.637,-0.542
-3.125,-0.679
2.174,-1.362
-2.703,1.601
-3.089,-0.229
3.018,-0.884
2.789,1.919
2.225,0.762
-1.154,0.808
-2.719,-0.104
-2.681,-0.669
1.329,-1.568
-0.054,-1.547
-3.073,-1.556
2.503,-1.54
2.109,-1.58
0.597,-1.825
-0.357,-1.934
-1.273,-1.873
-1.866,-2.132
-2.461,-2.106
2.172,-2.03
-0.163,-2.006
-0.044,0.739
-0.059,-2.081
-0.078,-1.712
-0.159,-0.456
-0.323,-0.598
-0.285,-0.307
-0.418,0.571
-0.515,-1.189
-0.68,-0.74
-0.582,0.75
-0.605,-0.315
-0.723,-0.687
-0.978,0.291
-0.887,0.069
-0.921,-1.651
-1.003,-2.156
-1.026,0.316
-1.145,0.768
-1.296,1.092
-1.229,-0.616
-1.214,1.063
-1.229,-1.797
-1.48,-0.408
-1.365,0.304
-1.538,-1.444
-1.433,0.868
-1.465,-2.021
-1.625,1.0
-1.641,0.67
-1.531,0.484
-1.567,0.464
-1.695,0.205
-1.743,-0.857
-1.821,-1.255
-1.829,-1.184
-1.883,-0.292
-1.965,-1.813
-2.133,-0.565
-2.048,0.604
-2.161,1.188
-2.068,-0.712
-2.201,-1.895
-2.13,-1.787
-2.419,-0.876
-2.569,-1.989
-2.6,-1.573
-2.504,0.68
-2.796,-1.355
-2.961,0.932
3.137,0.029
-3.137,-1.783
3.125,-2.154
2.96,0.566
2.762,0.101
2.497,-0.848
2.257,-2.0
2.176,-0.658
2.155,1.057
0.352,-2.819
-0.268,-2.947
-0.29,-3.048
-0.278,-3.141
-1.441,-2.86
-1.594,-2.984
2.997,-3.03
2.227,-2.924
0.272,1.107
0.161,1.118
-0.106,1.164
-0.281,1.212
-0.429,1.099
2.498,1.008
1.774,-1.87
1.781,-0.649
0.408,-1.727
-0.436,1.09
-2.483,-0.378
-2.749,-1.751
3.046,-1.888
2.062,-2.571
-2.815,0.392
3.082,-1.438
2.906,-2.093
2.677,0.71
2.113,-0.447
-1.266,-0.401
-2.831,-1.313
-2.793,-1.878
1.217,-2.777
-0.166,-2.756
3.098,-2.765
2.391,-2.749
1.997,-2.789
0.485,-3.034
-0.469,-3.143
-1.385,-3.082
-1.978,-3.341
-2.573,-3.315
2.06,-3.239
0.119,2.745
0.104,-0.075
0.085,0.294
0.004,1.55
-0.16,1.408
-0.122,1.699
-0.255,2.577
-0.352,0.817
-0.517,1.266
-0.419,2.756
-0.442,1.691
-0.56,1.319
-0.815,2.297
-0.724,2.075
-0.758,0.355
-0.84,-0.15
-0.863,2.322
-0.982,2.774
-1.133,3.098
-1.066,1.39
-1.051,3.069
-1.066,0.209
-1.317,1.598
-1.202,2.31
-1.375,0.562
-1.27,2.874
-1.302,-0.015
-1.462,3.006
-1.478,2.676
-1.368,2.49
-1.404,2.47
-1.532,2.211
-1.58,1.149
-1.658,0.751
-1.666,0.822
-1.72,1.714
-1.802,0.193
-1.97,1.441
-1.885,2.61
-1.998,3.194
-1.905,1.294
-2.038,0.111
-1.967,0.219
-2.256,1.13
-2.406,0.017
-2.437,0.433
-2.341,2.686
-2.633,0.651
-2.798,2.938
-2.983,2.035
-2.974,0.223
-2.995,-0.148
3.123,2.572
2.925,2.107
2.66,1.158
2.42,0.006
2.339,1.348
2.318,3.063
0.515,-0.813
-0.105,-0.941
-0.127,-1.042
-0.115,-1.135
-1.278,-0.854
-1.431,-0.978
-3.123,-1.024
2.39,-0.918
0.435,3.113
0.324,3.124
0.057,3.17
-0.118,3.218
-0.266,3.105
2.661,3.014
1.937,0.136
1.944,1.357
0.571,0.279
-0.273,3.096
-2.32,1.628
-2.586,0.255
-3.074,0.118
2.225,-0.565
-2.652,2.398
-3.038,0.568
3.069,-0.087
2.84,2.716
2.276,1.559
-1.103,1.605
-2.668,0.693
-2.63,0.128
1.38,-0.771
-0.003,-0.75
-3.022,-0.759
2.554,-0.743
2.16,-0.783
0.648,-1.028
-0.306,-1.137
-1.222,-1.076
-1.815,-1.335
-2.41,-1.309
2.223,-1.233
-0.015,-2.82
-0.034,-2.451
-0.115,-1.195
-0.279,-1.337
-0.241,-1.046
-0.374,-0.168
-0.471,-1.928
-0.636,-1.479
-0.538,0.011
-0.561,-1.054
-0.679,-1.426
-0.934,-0.448
-0.843,-0.67
-0.877,-2.39
-0.959,-2.895
-0.982,-0.423
-1.101,0.029
-1.252,0.353
-1.185,-1.355
-1.17,0.324
-1.185,-2.536
-1.436,-1.147
-1.321,-0.435
-1.494,-2.183
-1.389,0.129
-1.421,-2.76
-1.581,0.261
-1.597,-0.069
-1.487,-0.255
-1.523,-0.275
-1.651,-0.534
-1.699,-1.596
-1.777,-1.994
-1.785,-1.923
-1.839,-1.031
-1.921,-2.552
-2.089,-1.304
-2.004,-0.135
-2.117,0.449
-2.024,-1.451
-2.157,-2.634
-2.086,-2.526
-2.375,-1.615
-2.525,-2.728
-2.556,-2.312
-2.46,-0.059
-2.752,-2.094
-2.917,0.193
-3.102,-0.71
-3.093,-2.522
-3.114,-2.893
3.004,-0.173
2.806,-0.638
2.541,-1.587
2.301,-2.739
2.22,-1.397
2.199,0.318
0.396,-3.558
-0.224,-3.686
-0.246,-3.787
-0.234,-3.88
-1.397,-3.599
-1.55,-3.723
3.041,-3.769
2.271,-3.663
0.316,0.368
0.205,0.379
-0.062,0.425
-0.237,0.473
-0.385,0.36
2.542,0.269
1.818,-2.609
1.825,-1.388
0.452,-2.466
-0.392,0.351
-2.439,-1.117
-2.705,-2.49
3.09,-2.627
2.106,-3.31
-2.771,-0.347
3.126,-2.177
2.95,-2.832
2.721,-0.029
2.157,-1.186
-1.222,-1.14
-2.787,-2.052
-2.749,-2.617
1.261,-3.516
-0.122,-3.495
-3.141,-3.504
2.435,-3.488
2.041,-3.528
0.529,-3.773
-0.425,-3.882
-1.341,-3.821
-1.934,-4.08
-2.529,-4.054
2.104,-3.978
-0.019,0.369
-0.1,1.625
-0.264,1.483
-0.226,1.774
-0.359,2.652
-0.456,0.892
-0.621,1.341
-0.523,2.831
-0.546,1.766
-0.664,1.394
-0.919,2.372
-0.828,2.15
-0.862,0.43
-0.944,-0.075
-0.967,2.397
-1.086,2.849
-1.237,3.173
-1.17,1.465
-1.155,3.144
-1.17,0.284
-1.421,1.673
-1.306,2.385
-1.479,0.637
-1.374,2.949
-1.406,0.06
-1.566,3.081
-1.582,2.751
-1.472,2.565
-1.508,2.545
-1.636,2.286
-1.684,1.224
-1.762,0.826
-1.77,0.897
-1.824,1.789
-1.906,0.268
-2.074,1.516
-1.989,2.685
-2.102,3.269
-2.009,1.369
-2.142,0.186
-2.071,0.294
-2.36,1.205
-2.51,0.092
-2.541,0.508
-2.445,2.761
-2.737,0.726
-2.902,3.013
-3.087,2.11
-3.078,0.298
-3.099,-0.073
3.019,2.647
2.821,2.182
2.556,1.233
2.316,0.081
2.235,1.423
2.214,3.138
0.411,-0.738
-0.209,-0.866
-0.231,-0.967
-0.219,-1.06
-1.382,-0.779
-1.535,-0.903
3.056,-0.949
2.286,-0.843
0.331,3.188
0.22,3.199
-0.047,3.245
-0.222,3.293
-0.37,3.18
2.557,3.089
1.833,0.211
1.84,1.432
0.467,0.354
-0.377,3.171
-2.424,1.703
-2.69,0.33
3.105,0.193
2.121,-0.49
-2.756,2.473
3.141,0.643
2.965,-0.012
2.736,2.791
2.172,1.634
-1.207,1.68
-2.772,0.768
-2.734,0.203
1.276,-0.696
-0.107,-0.675
-3.126,-0.684
2.45,-0.668
2.056,-0.708
0.544,-0.953
-0.41,-1.062
-1.326,-1.001
-1.919,-1.26
-2.514,-1.234
2.119,-1.158
-0.081,1.256
-0.245,1.114
-0.207,1.405
-0.34,2.283
-0.437,0.523
-0.602,0.972
-0.504,2.462
-0.527,1.397
-0.645,1.025
-0.9,2.003
-0.809,1.781
-0.843,0.061
-0.925,-0.444
-0.948,2.028
-1.067,2.48
-1.218,2.804
-1.151,1.096
-1.136,2.775
-1.151,-0.085
-1.402,1.304
-1.287,2.016
-1.46,0.268
-1.355,2.58
-1.387,-0.309
-1.547,2.712
-1.563,2.382
-1.453,2.196
-1.489,2.176
-1.617,1.917
-1.665,0.855
-1.743,0.457
-1.751,0.528
-1.805,1.42
-1.887,-0.101
-2.055,1.147
-1.97,2.316
-2.083,2.9
-1.99,1.0
-2.123,-0.183
-2.052,-0.075
-2.341,0.836
-2.491,-0.277
-2.522,0.139
-2.426,2.392
-2.718,0.357
-2.883,2.644
-3.068,1.741
-3.059,-0.071
-3.08,-0.442
3.038,2.278
2.84,1.813
2.575,0.864
2.335,-0.288
2.254,1.054
2.233,2.769
0.43,-1.107
-0.19,-1.235
-0.212,-1.336
-0.2,-1.429
-1.363,-1.148
-1.516,-1.272
3.075,-1.318
2.305,-1.212
0.35,2.819
0.239,2.83
-0.028,2.876
-0.203,2.924
-0.351,2.811
2.576,2.72
1.852,-0.158
1.859,1.063
0.486,-0.015
-0.358,2.802
-2.405,1.334
-2.671,-0.039
3.124,-0.176
2.14,-0.859
-2.737,2.104
-3.123,0.274
2.984,-0.381
2.755,2.422
2.191,1.265
-1.188,1.311
-2.753,0.399
-2.715,-0.166
1.295,-1.065
-0.088,-1.044
-3.107,-1.053
2.469,-1.037
2.075,-1.077
0.563,-1.322
-0.391,-1.431
-1.307,-1.37
-1.9,-1.629
-2.495,-1.603
2.138,-1.527
-0.164,-0.142
-0.126,0.149
-0.259,1.027
-0.356,-0.733
-0.521,-0.284
-0.423,1.206
-0.446,0.141
-0.564,-0.231
-0.819,0.747
-0.728,0.525
-0.762,-1.195
-0.844,-1.7
-0.867,0.772
-0.986,1.224
-1.137,1.548
-1.07,-0.16
-1.055,1.519
-1.07,-1.341
-1.321,0.048
-1.206,0.76
-1.379,-0.988
-1.274,1.324
-1.306,-1.565
-1.466,1.456
-1.482,1.126
-1.372,0.94
-1.408,0.92
-1.536,0.661
-1.584,-0.401
-1.662,-0.799
-1.67,-0.728
-1.724,0.164
-1.806,-1.357
-1.974,-0.109
-1.889,1.06
-2.002,1.644
-1.909,-0.256
-2.042,-1.439
-1.971,-1.331
-2.26,-0.42
-2.41,-1.533
-2.441,-1.117
-2.345,1.136
-2.637,-0.899
-2.802,1.388
-2.987,0.485
-2.978,-1.327
-2.999,-1.698
3.119,1.022
2.921,0.557
2.656,-0.392
2.416,-1.544
2.335,-0.202
2.314,1.513
0.511,-2.363
-0.109,-2.491
-0.131,-2.592
-0.119,-2.685
-1.282,-2.404
-1.435,-2.528
-3.127,-2.574
2.386,-2.468
0.431,1.563
0.32,1.574
0.053,1.62
-0.122,1.668
-0.27,1.555
2.657,1.464
1.933,-1.414
1.94,-0.193
0.567,-1.271
-0.277,1.546
-2.324,0.078
-2.59,-1.295
-3.078,-1.432
2.221,-2.115
-2.656,0.848
-3.042,-0.982
3.065,-1.637
2.836,1.166
2.272,0.009
-1.107,0.055
-2.672,-0.857
-2.634,-1.422
1.376,-2.321
-0.007,-2.3
-3.026,-2.309
2.55,-2.293
2.156,-2.333
0.644,-2.578
-0.31,-2.687
-1.226,-2.626
-1.819,-2.885
-2.414,-2.859
2.219,-2.783
0.038,0.291
-0.095,1.169
-0.192,-0.591
-0.357,-0.142
-0.259,1.348
-0.282,0.283
-0.4,-0.089
-0.655,0.889
-0.564,0.667
-0.598,-1.053
-0.68,-1.558
-0.703,0.914
-0.822,1.366
-0.973,1.69
-0.906,-0.018
-0.891,1.661
-0.906,-1.199
-1.157,0.19
-1.042,0.902
-1.215,-0.846
-1.11,1.466
-1.142,-1.423
-1.302,1.598
-1.318,1.268
-1.208,1.082
-1.244,1.062
-1.372,0.803
-1.42,-0.259
-1.498,-0.657
-1.506,-0.586
-1.56,0.306
-1.642,-1.215
-1.81,0.033
-1.725,1.202
-1.838,1.786
-1.745,-0.114
-1.878,-1.297
-1.807,-1.189
-2.096,-0.278
-2.246,-1.391
-2.277,-0.975
-2.181,1.278
-2.473,-0.757
-2.638,1.53
-2.823,0.627
-2.814,-1.185
-2.835,-1.556
-3.0,1.164
3.085,0.699
2.82,-0.25
2.58,-1.402
2.499,-0.06
2.478,1.655
0.675,-2.221
0.055,-2.349
0.033,-2.45
0.045,-2.543
-1.118,-2.262
-1.271,-2.386
-2.963,-2.432
2.55,-2.326
0.595,1.705
0.484,1.716
0.217,1.762
0.042,1.81
-0.106,1.697
2.821,1.606
2.097,-1.272
2.104,-0.051
0.731,-1.129
-0.113,1.688
-2.16,0.22
-2.426,-1.153
-2.914,-1.29
2.385,-1.973
-2.492,0.99
-2.878,-0.84
-3.054,-1.495
3.0,1.308
2.436,0.151
-0.943,0.197
-2.508,-0.715
-2.47,-1.28
1.54,-2.179
0.157,-2.158
-2.862,-2.167
2.714,-2.151
2.32,-2.191
0.808,-2.436
-0.146,-2.545
-1.062,-2.484
-1.655,-2.743
-2.25,-2.717
2.383,-2.641
-0.133,0.878
-0.23,-0.882
-0.395,-0.433
-0.297,1.057
-0.32,-0.008
-0.438,-0.38
-0.693,0.598
-0.602,0.376
-0.636,-1.344
-0.718,-1.849
-0.741,0.623
-0.86,1.075
-1.011,1.399
-0.944,-0.309
-0.929,1.37
-0.944,-1.49
-1.195,-0.101
-1.08,0.611
-1.253,-1.137
-1.148,1.175
-1.18,-1.714
-1.34,1.307
-1.356,0.977
-1.246,0.791
-1.282,0.771
-1.41,0.512
-1.458,-0.55
-1.536,-0.948
-1.544,-0.877
-1.598,0.015
-1.68,-1.506
-1.848,-0.258
-1.763,0.911
-1.876,1.495
-1.783,-0.405
-1.916,-1.588
-1.845,-1.48
-2.134,-0.569
-2.284,-1.682
-2.315,-1.266
-2.219,0.987
-2.511,-1.048
-2.676,1.239
-2.861,0.336
-2.852,-1.476
-2.873,-1.847
-3.038,0.873
3.047,0.408
2.782,-0.541
2.542,-1.693
2.461,-0.351
2.44,1.364
0.637,-2.512
0.017,-2.64
-0.005,-2.741
0.007,-2.834
-1.156,-2.553
-1.309,-2.677
-3.001,-2.723
2.512,-2.617
0.557,1.414
0.446,1.425
0.179,1.471
0.004,1.519
-0.144,1.406
2.783,1.315
2.059,-1.563
2.066,-0.342
0.693,-1.42
-0.151,1.397
-2.198,-0.071
-2.464,-1.444
-2.952,-1.581
2.347,-2.264
-2.53,0.699
-2.916,-1.131
-3.092,-1.786
2.962,1.017
2.398,-0.14
-0.981,-0.094
-2.546,-1.006
-2.508,-1.571
1.502,-2.47
0.119,-2.449
-2.9,-2.458
2.676,-2.442
2.282,-2.482
0.77,-2.727
-0.184,-2.836
-1.1,-2.775
-1.693,-3.034
-2.288,-3.008
2.345,-2.932
-0.097,-1.76
-0.262,-1.311
-0.164,0.179
-0.187,-0.886
-0.305,-1.258
-0.56,-0.28
-0.469,-0.502
-0.503,-2.222
-0.585,-2.727
-0.608,-0.255
-0.727,0.197
-0.878,0.521
-0.811,-1.187
-0.796,0.492
-0.811,-2.368
-1.062,-0.979
-0.947,-0.267
-1.12,-2.015
-1.015,0.297
-1.047,-2.592
-1.207,0.429
-1.223,0.099
-1.113,-0.087
-1.149,-0.107
-1.277,-0.366
-1.325,-1.428
-1.403,-1.826
-1.411,-1.755
-1.465,-0.863
-1.547,-2.384
-1.715,-1.136
-1.63,0.033
-1.743,0.617
-1.65,-1.283
-1.783,-2.466
-1.712,-2.358
-2.001,-1.447
-2.151,-2.56
-2.182,-2.144
-2.086,0.109
-2.378,-1.926
-2.543,0.361
-2.728,-0.542
-2.719,-2.354
-2.74,-2.725
-2.905,-0.005
-3.103,-0.47
2.915,-1.419
2.675,-2.571
2.594,-1.229
2.573,0.486
0.77,-3.39
0.15,-3.518
0.128,-3.619
0.14,-3.712
-1.023,-3.431
-1.176,-3.555
-2.868,-3.601
2.645,-3.495
0.69,0.536
0.579,0.547
0.312,0.593
0.137,0.641
-0.011,0.528
2.916,0.437
2.192,-2.441
2.199,-1.22
0.826,-2.298
-0.018,0.519
-2.065,-0.949
-2.331,-2.322
-2.819,-2.459
2.48,-3.142
-2.397,-0.179
-2.783,-2.009
-2.959,-2.664
3.095,0.139
2.531,-1.018
-0.848,-0.972
-2.413,-1.884
-2.375,-2.449
1.635,-3.348
0.252,-3.327
-2.767,-3.336
2.809,-3.32
2.415,-3.36
0.903,-3.605
-0.051,-3.714
-0.967,-3.653
-1.56,-3.912
-2.155,-3.886
2.478,-3.81
-0.165,0.449
-0.067,1.939
-0.09,0.874
-0.208,0.502
-0.463,1.48
-0.372,1.258
-0.406,-0.462
-0.488,-0.967
-0.511,1.505
-0.63,1.957
-0.781,2.281
-0.714,0.573
-0.699,2.252
-0.714,-0.608
-0.965,0.781
-0.85,1.493
-1.023,-0.255
-0.918,2.057
-0.95,-0.832
-1.11,2.189
-1.126,1.859
-1.016,1.673
-1.052,1.653
-1.18,1.394
-1.228,0.332
-1.306,-0.066
-1.314,0.005
-1.368,0.897
-1.45,-0.624
-1.618,0.624
-1.533,1.793
-1.646,2.377
-1.553,0.477
-1.686,-0.706
-1.615,-0.598
-1.904,0.313
-2.054,-0.8
-2.085,-0.384
-1.989,1.869
-2.281,-0.166
-2.446,2.121
-2.631,1.218
-2.622,-0.594
-2.643,-0.965
-2.808,1.755
-3.006,1.29
3.012,0.341
2.772,-0.811
2.691,0.531
2.67,2.246
0.867,-1.63
0.247,-1.758
0.225,-1.859
0.237,-1.952
-0.926,-1.671
-1.079,-1.795
-2.771,-1.841
2.742,-1.735
0.787,2.296
0.676,2.307
0.409,2.353
0.234,2.401
0.086,2.288
3.013,2.197
2.289,-0.681
2.296,0.54
0.923,-0.538
0.079,2.279
-1.968,0.811
-2.234,-0.562
-2.722,-0.699
2.577,-1.382
-2.3,1.581
-2.686,-0.249
-2.862,-0.904
-3.091,1.899
2.628,0.742
-0.751,0.788
-2.316,-0.124
-2.278,-0.689
1.732,-1.588
0.349,-1.567
-2.67,-1.576
2.906,-1.56
2.512,-1.6
1.0,-1.845
0.046,-1.954
-0.87,-1.893
-1.463,-2.152
-2.058,-2.126
2.575,-2.05
0.098,1.49
0.075,0.425
-0.043,0.053
-0.298,1.031
-0.207,0.809
-0.241,-0.911
-0.323,-1.416
-0.346,1.056
-0.465,1.508
-0.616,1.832
-0.549,0.124
-0.534,1.803
-0.549,-1.057
-0.8,0.332
-0.685,1.044
-0.858,-0.704
-0.753,1.608
-0.785,-1.281
-0.945,1.74
-0.961,1.41
-0.851,1.224
-0.887,1.204
-1.015,0.945
-1.063,-0.117
-1.141,-0.515
-1.149,-0.444
-1.203,0.448
-1.285,-1.073
-1.453,0.175
-1.368,1.344
-1.481,1.928
-1.388,0.028
-1.521,-1.155
-1.45,-1.047
-1.739,-0.136
-1.889,-1.249
-1.92,-0.833
-1.824,1.42
-2.116,-0.615
-2.281,1.672
-2.466,0.769
-2.457,-1.043
-2.478,-1.414
-2.643,1.306
-2.841,0.841
-3.106,-0.108
2.937,-1.26
2.856,0.082
2.835,1.797
1.032,-2.079
0.412,-2.207
0.39,-2.308
0.402,-2.401
-0.761,-2.12
-0.914,-2.244
-2.606,-2.29
2.907,-2.184
0.952,1.847
0.841,1.858
0.574,1.904
0.399,1.952
0.251,1.839
-3.105,1.748
2.454,-1.13
2.461,0.091
1.088,-0.987
0.244,1.83
-1.803,0.362
-2.069,-1.011
-2.557,-1.148
2.742,-1.831
-2.135,1.132
-2.521,-0.698
-2.697,-1.353
-2.926,1.45
2.793,0.293
-0.586,0.339
-2.151,-0.573
-2.113,-1.138
1.897,-2.037
0.514,-2.016
-2.505,-2.025
3.071,-2.009
2.677,-2.049
1.165,-2.294
0.211,-2.403
-0.705,-2.342
-1.298,-2.601
-1.893,-2.575
2.74,-2.499
-0.023,-1.065
-0.141,-1.437
-0.396,-0.459
-0.305,-0.681
-0.339,-2.401
-0.421,-2.906
-0.444,-0.434
-0.563,0.018
-0.714,0.342
-0.647,-1.366
-0.632,0.313
-0.647,-2.547
-0.898,-1.158
-0.783,-0.446
-0.956,-2.194
-0.851,0.118
-0.883,-2.771
-1.043,0.25
-1.059,-0.08
-0.949,-0.266
-0.985,-0.286
-1.113,-0.545
-1.161,-1.607
-1.239,-2.005
-1.247,-1.934
-1.301,-1.042
-1.383,-2.563
-1.551,-1.315
-1.466,-0.146
-1.579,0.438
-1.486,-1.462
-1.619,-2.645
-1.548,-2.537
-1.837,-1.626
-1.987,-2.739
-2.018,-2.323
-1.922,-0.07
-2.214,-2.105
-2.379,0.182
-2.564,-0.721
-2.555,-2.533
-2.576,-2.904
-2.741,-0.184
-2.939,-0.649
3.079,-1.598
2.839,-2.75
2.758,-1.408
2.737,0.307
0.934,-3.569
0.314,-3.697
0.292,-3.798
0.304,-3.891
-0.859,-3.61
-1.012,-3.734
-2.704,-3.78
2.809,-3.674
0.854,0.357
0.743,0.368
0.476,0.414
0.301,0.462
0.153,0.349
3.08,0.258
2.356,-2.62
2.363,-1.399
0.99,-2.477
0.146,0.34
-1.901,-1.128
-2.167,-2.501
-2.655,-2.638
2.644,-3.321
-2.233,-0.358
-2.619,-2.188
-2.795,-2.843
-3.024,-0.04
2.695,-1.197
-0.684,-1.151
-2.249,-2.063
-2.211,-2.628
1.799,-3.527
0.416,-3.506
-2.603,-3.515
2.973,-3.499
2.579,-3.539
1.067,-3.784
0.113,-3.893
-0.803,-3.832
-1.396,-4.091
-1.991,-4.065
2.642,-3.989
-0.118,-0.372
-0.373,0.606
-0.282,0.384
-0.316,-1.336
-0.398,-1.841
-0.421,0.631
-0.54,1.083
-0.691,1.407
-0.624,-0.301
-0.609,1.378
-0.624,-1.482
-0.875,-0.093
-0.76,0.619
-0.933,-1.129
-0.828,1.183
-0.86,-1.706
-1.02,1.315
-1.036,0.985
-0.926,0.799
-0.962,0.779
-1.09,0.52
-1.138,-0.542
-1.216,-0.94
-1.224,-0.869
-1.278,0.023
-1.36,-1.498
-1.528,-0.25
-1.443,0.919
-1.556,1.503
-1.463,-0.397
-1.596,-1.58
-1.525,-1.472
-1.814,-0.561
-1.964,-1.674
-1.995,-1.258
-1.899,0.995
-2.191,-1.04
-2.356,1.247
-2.541,0.344
-2.532,-1.468
-2.553,-1.839
-2.718,0.881
-2.916,0.416
3.102,-0.533
2.862,-1.685
2.781,-0.343
2.76,1.372
0.957,-2.504
0.337,-2.632
0.315,-2.733
0.327,-2.826
-0.836,-2.545
-0.989,-2.669
-2.681,-2.715
2.832,-2.609
0.877,1.422
0.766,1.433
0.499,1.479
0.324,1.527
0.176,1.414
3.103,1.323
2.379,-1.555
2.386,-0.334
1.013,-1.412
0.169,1.405
-1.878,-0.063
-2.144,-1.436
-2.632,-1.573
2.667,-2.256
-2.21,0.707
-2.596,-1.123
-2.772,-1.778
-3.001,1.025
2.718,-0.132
-0.661,-0.086
-2.226,-0.998
-2.188,-1.563
1.822,-2.462
0.439,-2.441
-2.58,-2.45
2.996,-2.434
2.602,-2.474
1.09,-2.719
0.136,-2.828
-0.78,-2.767
-1.373,-3.026
-1.968,-3.0
2.665,-2.924
-0.255,0.978
-0.164,0.756
-0.198,-0.964
-0.28,-1.469
-0.303,1.003
-0.422,1.455
-0.573,1.779
-0.506,0.071
-0.491,1.75
-0.506,-1.11
-0.757,0.279
-0.642,0.991
-0.815,-0.757
-0.71,1.555
-0.742,-1.334
-0.902,1.687
-0.918,1.357
-0.808,1.171
-0.844,1.151
-0.972,0.892
-1.02,-0.17
-1.098,-0.568
-1.106,-0.497
-1.16,0.395
-1.242,-1.126
-1.41,0.122
-1.325,1.291
-1.438,1.875
-1.345,-0.025
-1.478,-1.208
-1.407,-1.1
-1.696,-0.189
-1.846,-1.302
-1.877,-0.886
-1.781,1.367
-2.073,-0.668
-2.238,1.619
-2.423,0.716
-2.414,-1.096
-2.435,-1.467
-2.6,1.253
-2.798,0.788
-3.063,-0.161
2.98,-1.313
2.899,0.029
2.878,1.744
1.075,-2.132
0.455,-2.26
0.433,-2.361
0.445,-2.454
-0.718,-2.173
-0.871,-2.297
-2.563,-2.343
2.95,-2.237
0.995,1.794
0.884,1.805
0.617,1.851
0.442,1.899
0.294,1.786
-3.062,1.695
2.497,-1.183
2.504,0.038
1.131,-1.04
0.287,1.777
-1.76,0.309
-2.026,-1.064
-2.514,-1.201
2.785,-1.884
-2.092,1.079
-2.478,-0.751
-2.654,-1.406
-2.883,1.397
2.836,0.24
-0.543,0.286
-2.108,-0.626
-2.07,-1.191
1.94,-2.09
0.557,-2.069
-2.462,-2.078
3.114,-2.062
2.72,-2.102
1.208,-2.347
0.254,-2.456
-0.662,-2.395
-1.255,-2.654
-1.85,-2.628
2.783,-2.552
0.091,-0.222
0.057,-1.942
-0.025,-2.447
-0.048,0.025
-0.167,0.477
-0.318,0.801
-0.251,-0.907
-0.236,0.772
-0.251,-2.088
-0.502,-0.699
-0.387,0.013
-0.56,-1.735
-0.455,0.577
-0.487,-2.312
-0.647,0.709
-0.663,0.379
-0.553,0.193
-0.589,0.173
-0.717,-0.086
-0.765,-1.148
-0.843,-1.546
-0.851,-1.475
-0.905,-0.583
-0.987,-2.104
-1.155,-0.856
-1.07,0.313
-1.183,0.897
-1.09,-1.003
-1.223,-2.186
-1.152,-2.078
-1.441,-1.167
-1.591,-2.28
-1.622,-1.864
-1.526,0.389
-1.818,-1.646
-1.983,0.641
-2.168,-0.262
-2.159,-2.074
-2.18,-2.445
-2.345,0.275
-2.543,-0.19
-2.808,-1.139
-3.048,-2.291
-3.129,-0.949
3.133,0.766
1.33,-3.11
0.71,-3.238
0.688,-3.339
0.7,-3.432
-0.463,-3.151
-0.616,-3.275
-2.308,-3.321
-3.078,-3.215
1.25,0.816
1.139,0.827
0.872,0.873
0.697,0.921
0.549,0.808
-2.807,0.717
2.752,-2.161
2.759,-0.94
1.386,-2.018
0.542,0.799
-1.505,-0.669
-1.771,-2.042
-2.259,-2.179
3.04,-2.862
-1.837,0.101
-2.223,-1.729
-2.399,-2.384
-2.628,0.419
3.091,-0.738
-0.288,-0.692
-1.853,-1.604
-1.815,-2.169
2.195,-3.068
0.812,-3.047
-2.207,-3.056
-2.914,-3.04
2.975,-3.08
1.463,-3.325
0.509,-3.434
-0.407,-3.373
-1.0,-3.632
-1.595,-3.606
3.038,-3.53
-0.034,-1.72
-0.116,-2.225
-0.139,0.247
-0.258,0.699
-0.409,1.023
-0.342,-0.685
-0.327,0.994
-0.342,-1.866
-0.593,-0.477
-0.478,0.235
-0.651,-1.513
-0.546,0.799
-0.578,-2.09
-0.738,0.931
-0.754,0.601
-0.644,0.415
-0.68,0.395
-0.808,0.136
-0.856,-0.926
-0.934,-1.324
-0.942,-1.253
-0.996,-0.361
-1.078,-1.882
-1.246,-0.634
-1.161,0.535
-1.274,1.119
-1.181,-0.781
-1.314,-1.964
-1.243,-1.856
-1.532,-0.945
-1.682,-2.058
-1.713,-1.642
-1.617,0.611
-1.909,-1.424
-2.074,0.863
-2.259,-0.04
-2.25,-1.852
-2.271,-2.223
-2.436,0.497
-2.634,0.032
-2.899,-0.917
-3.139,-2.069
3.063,-0.727
3.042,0.988
1.239,-2.888
0.619,-3.016
0.597,-3.117
0.609,-3.21
-0.554,-2.929
-0.707,-3.053
-2.399,-3.099
3.114,-2.993
1.159,1.038
1.048,1.049
0.781,1.095
0.606,1.143
0.458,1.03
-2.898,0.939
2.661,-1.939
2.668,-0.718
1.295,-1.796
0.451,1.021
-1.596,-0.447
-1.862,-1.82
-2.35,-1.957
2.949,-2.64
-1.928,0.323
-2.314,-1.507
-2.49,-2.162
-2.719,0.641
3.0,-0.516
-0.379,-0.47
-1.944,-1.382
-1.906,-1.947
2.104,-2.846
0.721,-2.825
-2.298,-2.834
-3.005,-2.818
2.884,-2.858
1.372,-3.103
0.418,-3.212
-0.498,-3.151
-1.091,-3.41
-1.686,-3.384
2.947,-3.308
-0.082,-0.505
-0.105,1.967
-0.224,2.419
-0.375,2.743
-0.308,1.035
-0.293,2.714
-0.308,-0.146
-0.559,1.243
-0.444,1.955
-0.617,0.207
-0.512,2.519
-0.544,-0.37
-0.704,2.651
-0.72,2.321
-0.61,2.135
-0.646,2.115
-0.774,1.856
-0.822,0.794
-0.9,0.396
-0.908,0.467
-0.962,1.359
-1.044,-0.162
-1.212,1.086
-1.127,2.255
-1.24,2.839
-1.147,0.939
-1.28,-0.244
-1.209,-0.136
-1.498,0.775
-1.648,-0.338
-1.679,0.078
-1.583,2.331
-1.875,0.296
-2.04,2.583
-2.225,1.68
-2.216,-0.132
-2.237,-0.503
-2.402,2.217
-2.6,1.752
-2.865,0.803
-3.105,-0.349
3.097,0.993
3.076,2.708
1.273,-1.168
0.653,-1.296
0.631,-1.397
0.643,-1.49
-0.52,-1.209
-0.673,-1.333
-2.365,-1.379
-3.135,-1.273
1.193,2.758
1.082,2.769
0.815,2.815
0.64,2.863
0.492,2.75
-2.864,2.659
2.695,-0.219
2.702,1.002
1.329,-0.076
0.485,2.741
-1.562,1.273
-1.828,-0.1
-2.316,-0.237
2.983,-0.92
-1.894,2.043
-2.28,0.213
-2.456,-0.442
-2.685,2.361
3.034,1.204
-0.345,1.25
-1.91,0.338
-1.872,-0.227
2.138,-1.126
0.755,-1.105
-2.264,-1.114
-2.971,-1.098
2.918,-1.138
1.406,-1.383
0.452,-1.492
-0.464,-1.431
-1.057,-1.69
-1.652,-1.664
2.981,-1.588
-0.023,2.472
-0.142,2.924
-0.293,3.248
-0.226,1.54
-0.211,3.219
-0.226,0.359
-0.477,1.748
-0.362,2.46
-0.535,0.712
-0.43,3.024
-0.462,0.135
-0.622,3.156
-0.638,2.826
-0.528,2.64
-0.564,2.62
-0.692,2.361
-0.74,1.299
-0.818,0.901
-0.826,0.972
-0.88,1.864
-0.962,0.343
-1.13,1.591
-1.045,2.76
-1.158,3.344
-1.065,1.444
-1.198,0.261
-1.127,0.369
-1.416,1.28
-1.566,0.167
-1.597,0.583
-1.501,2.836
-1.793,0.801
-1.958,3.088
-2.143,2.185
-2.134,0.373
-2.155,0.002
-2.32,2.722
-2.518,2.257
-2.783,1.308
-3.023,0.156
-3.104,1.498
-3.125,3.213
1.355,-0.663
0.735,-0.791
0.713,-0.892
0.725,-0.985
-0.438,-0.704
-0.591,-0.828
-2.283,-0.874
-3.053,-0.768
1.275,3.263
1.164,3.274
0.897,3.32
0.722,3.368
0.574,3.255
-2.782,3.164
2.777,0.286
2.784,1.507
1.411,0.429
0.567,3.246
-1.48,1.778
-1.746,0.405
-2.234,0.268
3.065,-0.415
-1.812,2.548
-2.198,0.718
-2.374,0.063
-2.603,2.866
3.116,1.709
-0.263,1.755
-1.828,0.843
-1.79,0.278
2.22,-0.621
0.837,-0.6
-2.182,-0.609
-2.889,-0.593
3.0,-0.633
1.488,-0.878
0.534,-0.987
-0.382,-0.926
-0.975,-1.185
-1.57,-1.159
3.063,-1.083
-0.119,0.452
-0.27,0.776
-0.203,-0.932
-0.188,0.747
-0.203,-2.113
-0.454,-0.724
-0.339,-0.012
-0.512,-1.76
-0.407,0.552
-0.439,-2.337
-0.599,0.684
-0.615,0.354
-0.505,0.168
-0.541,0.148
-0.669,-0.111
-0.717,-1.173
-0.795,-1.571
-0.803,-1.5
-0.857,-0.608
-0.939,-2.129
-1.107,-0.881
-1.022,0.288
-1.135,0.872
-1.042,-1.028
-1.175,-2.211
-1.104,-2.103
-1.393,-1.192
-1.543,-2.305
-1.574,-1.889
-1.478,0.364
-1.77,-1.671
-1.935,0.616
-2.12,-0.287
-2.111,-2.099
-2.132,-2.47
-2.297,0.25
-2.495,-0.215
-2.76,-1.164
-3.0,-2.316
-3.081,-0.974
-3.102,0.741
1.378,-3.135
0.758,-3.263
0.736,-3.364
0.748,-3.457
-0.415,-3.176
-0.568,-3.3
-2.26,-3.346
-3.03,-3.24
1.298,0.791
1.187,0.802
0.92,0.848
0.745,0.896
0.597,0.783
-2.759,0.692
2.8,-2.186
2.807,-0.965
1.434,-2.043
0.59,0.774
-1.457,-0.694
-1.723,-2.067
-2.211,-2.204
3.088,-2.887
-1.789,0.076
-2.175,-1.754
-2.351,-2.409
-2.58,0.394
3.139,-0.763
-0.24,-0.717
-1.805,-1.629
-1.767,-2.194
2.243,-3.093
0.86,-3.072
-2.159,-3.081
-2.866,-3.065
3.023,-3.105
1.511,-3.35
0.557,-3.459
-0.359,-3.398
-0.952,-3.657
-1.547,-3.631
3.086,-3.555
-0.151,0.324
-0.084,-1.384
-0.069,0.295
-0.084,-2.565
-0.335,-1.176
-0.22,-0.464
-0.393,-2.212
-0.288,0.1
-0.32,-2.789
-0.48,0.232
-0.496,-0.098
-0.386,-0.284
-0.422,-0.304
-0.55,-0.563
-0.598,-1.625
-0.676,-2.023
-0.684,-1.952
-0.738,-1.06
-0.82,-2.581
-0.988,-1.333
-0.903,-0.164
-1.016,0.42
-0.923,-1.48
-1.056,-2.663
-0.985,-2.555
-1.274,-1.644
-1.424,-2.757
-1.455,-2.341
-1.359,-0.088
-1.651,-2.123
-1.816,0.164
-2.001,-0.739
-1.992,-2.551
-2.013,-2.922
-2.178,-0.202
-2.376,-0.667
-2.641,-1.616
-2.881,-2.768
-2.962,-1.426
-2.983,0.289
1.497,-3.587
0.877,-3.715
0.855,-3.816
0.867,-3.909
-0.296,-3.628
-0.449,-3.752
-2.141,-3.798
-2.911,-3.692
1.417,0.339
1.306,0.35
1.039,0.396
0.864,0.444
0.716,0.331
-2.64,0.24
2.919,-2.638
2.926,-1.417
1.553,-2.495
0.709,0.322
-1.338,-1.146
-1.604,-2.519
-2.092,-2.656
-3.076,-3.339
-1.67,-0.376
-2.056,-2.206
-2.232,-2.861
-2.461,-0.058
-3.025,-1.215
-0.121,-1.169
-1.686,-2.081
-1.648,-2.646
2.362,-3.545
0.979,-3.524
-2.04,-3.533
-2.747,-3.517
-3.141,-3.557
1.63,-3.802
0.676,-3.911
-0.24,-3.85
-0.833,-4.109
-1.428,-4.083
-3.078,-4.007
0.067,-1.708
0.082,-0.029
0.067,-2.889
-0.184,-1.5
-0.069,-0.788
-0.242,-2.536
-0.137,-0.224
-0.169,-3.113
-0.329,-0.092
-0.345,-0.422
-0.235,-0.608
-0.271,-0.628
-0.399,-0.887
-0.447,-1.949
-0.525,-2.347
-0.533,-2.276
-0.587,-1.384
-0.669,-2.905
-0.837,-1.657
-0.752,-0.488
-0.865,0.096
-0.772,-1.804
-0.905,-2.987
-0.834,-2.879
-1.123,-1.968
-1.273,-3.081
-1.304,-2.665
-1.208,-0.412
-1.5,-2.447
-1.665,-0.16
-1.85,-1.063
-1.841,-2.875
-1.862,-3.246
-2.027,-0.526
-2.225,-0.991
-2.49,-1.94
-2.73,-3.092
-2.811,-1.75
-2.832,-0.035
1.648,-3.911
1.028,-4.039
1.006,-4.14
1.018,-4.233
-0.145,-3.952
-0.298,-4.076
-1.99,-4.122
-2.76,-4.016
1.568,0.015
1.457,0.026
1.19,0.072
1.015,0.12
0.867,0.007
-2.489,-0.084
3.07,-2.962
3.077,-1.741
1.704,-2.819
0.86,-0.002
-1.187,-1.47
-1.453,-2.843
-1.941,-2.98
-2.925,-3.663
-1.519,-0.7
-1.905,-2.53
-2.081,-3.185
-2.31,-0.382
-2.874,-1.539
0.03,-1.493
-1.535,-2.405
-1.497,-2.97
2.513,-3.869
1.13,-3.848
-1.889,-3.857
-2.596,-3.841
-2.99,-3.881
1.781,-4.126
0.827,-4.235
-0.089,-4.174
-0.682,-4.433
-1.277,-4.407
-2.927,-4.331
0.015,1.679
0.0,-1.181
-0.251,0.208
-0.136,0.92
-0.309,-0.828
-0.204,1.484
-0.236,-1.405
-0.396,1.616
-0.412,1.286
-0.302,1.1
-0.338,1.08
-0.466,0.821
-0.514,-0.241
-0.592,-0.639
-0.6,-0.568
-0.654,0.324
-0.736,-1.197
-0.904,0.051
-0.819,1.22
-0.932,1.804
-0.839,-0.096
-0.972,-1.279
-0.901,-1.171
-1.19,-0.26
-1.34,-1.373
-1.371,-0.957
-1.275,1.296
-1.567,-0.739
-1.732,1.548
-1.917,0.645
-1.908,-1.167
-1.929,-1.538
-2.094,1.182
-2.292,0.717
-2.557,-0.232
-2.797,-1.384
-2.878,-0.042
-2.899,1.673
1.581,-2.203
0.961,-2.331
0.939,-2.432
0.951,-2.525
-0.212,-2.244
-0.365,-2.368
-2.057,-2.414
-2.827,-2.308
1.501,1.723
1.39,1.734
1.123,1.78
0.948,1.828
0.8,1.715
-2.556,1.624
3.003,-1.254
3.01,-0.033
1.637,-1.111
0.793,1.706
-1.254,0.238
-1.52,-1.135
-2.008,-1.272
-2.992,-1.955
-1.586,1.008
-1.972,-0.822
-2.148,-1.477
-2.377,1.326
-2.941,0.169
-0.037,0.215
-1.602,-0.697
-1.564,-1.262
2.446,-2.161
1.063,-2.14
-1.956,-2.149
-2.663,-2.133
-3.057,-2.173
1.714,-2.418
0.76,-2.527
-0.156,-2.466
-0.749,-2.725
-1.344,-2.699
-2.994,-2.623
-0.015,-2.86
-0.266,-1.471
-0.151,-0.759
-0.324,-2.507
-0.219,-0.195
-0.251,-3.084
-0.411,-0.063
-0.427,-0.393
-0.317,-0.579
-0.353,-0.599
-0.481,-0.858
-0.529,-1.92
-0.607,-2.318
-0.615,-2.247
-0.669,-1.355
-0.751,-2.876
-0.919,-1.628
-0.834,-0.459
-0.947,0.125
-0.854,-1.775
-0.987,-2.958
-0.916,-2.85
-1.205,-1.939
-1.355,-3.052
-1.386,-2.636
-1.29,-0.383
-1.582,-2.418
-1.747,-0.131
-1.932,-1.034
-1.923,-2.846
-1.944,-3.217
-2.109,-0.497
-2.307,-0.962
-2.572,-1.911
-2.812,-3.063
-2.893,-1.721
-2.914,-0.006
1.566,-3.882
0.946,-4.01
0.924,-4.111
0.936,-4.204
-0.227,-3.923
-0.38,-4.047
-2.072,-4.093
-2.842,-3.987
1.486,0.044
1.375,0.055
1.108,0.101
0.933,0.149
0.785,0.036
-2.571,-0.055
2.988,-2.933
2.995,-1.712
1.622,-2.79
0.778,0.027
-1.269,-1.441
-1.535,-2.814
-2.023,-2.951
-3.007,-3.634
-1.601,-0.671
-1.987,-2.501
-2.163,-3.156
-2.392,-0.353
-2.956,-1.51
-0.052,-1.464
-1.617,-2.376
-1.579,-2.941
2.431,-3.84
1.048,-3.819
-1.971,-3.828
-2.678,-3.812
-3.072,-3.852
1.699,-4.097
0.745,-4.206
-0.171,-4.145
-0.764,-4.404
-1.359,-4.378
-3.009,-4.302
-0.251,1.389
-0.136,2.101
-0.309,0.353
-0.204,2.665
-0.236,-0.224
-0.396,2.797
-0.412,2.467
-0.302,2.281
-0.338,2.261
-0.466,2.002
-0.514,0.94
-0.592,0.542
-0.6,0.613
-0.654,1.505
-0.736,-0.016
-0.904,1.232
-0.819,2.401
-0.932,2.985
-0.839,1.085
-0.972,-0.098
-0.901,0.01
-1.19,0.921
-1.34,-0.192
-1.371,0.224
-1.275,2.477
-1.567,0.442
-1.732,2.729
-1.917,1.826
-1.908,0.014
-1.929,-0.357
-2.094,2.363
-2.292,1.898
-2.557,0.949
-2.797,-0.203
-2.878,1.139
-2.899,2.854
1.581,-1.022
0.961,-1.15
0.939,-1.251
0.951,-1.344
-0.212,-1.063
-0.365,-1.187
-2.057,-1.233
-2.827,-1.127
1.501,2.904
1.39,2.915
1.123,2.961
0.948,3.009
0.8,2.896
-2.556,2.805
3.003,-0.073
3.01,1.148
1.637,0.07
0.793,2.887
-1.254,1.419
-1.52,0.046
-2.008,-0.091
-2.992,-0.774
-1.586,2.189
-1.972,0.359
-2.148,-0.296
-2.377,2.507
-2.941,1.35
-0.037,1.396
-1.602,0.484
-1.564,-0.081
2.446,-0.98
1.063,-0.959
-1.956,-0.968
-2.663,-0.952
-3.057,-0.992
1.714,-1.237
0.76,-1.346
-0.156,-1.285
-0.749,-1.544
-1.344,-1.518
-2.994,-1.442
0.115,0.712
-0.058,-1.036
0.047,1.276
0.015,-1.613
-0.145,1.408
-0.161,1.078
-0.051,0.892
-0.087,0.872
-0.215,0.613
-0.263,-0.449
-0.341,-0.847
-0.349,-0.776
-0.403,0.116
-0.485,-1.405
-0.653,-0.157
-0.568,1.012
-0.681,1.596
-0.588,-0.304
-0.721,-1.487
-0.65,-1.379
-0.939,-0.468
-1.089,-1.581
-1.12,-1.165
-1.024,1.088
-1.316,-0.947
-1.481,1.34
-1.666,0.437
-1.657,-1.375
-1.678,-1.746
-1.843,0.974
-2.041,0.509
-2.306,-0.44
-2.546,-1.592
-2.627,-0.25
-2.648,1.465
1.832,-2.411
1.212,-2.539
1.19,-2.64
1.202,-2.733
0.039,-2.452
-0.114,-2.576
-1.806,-2.622
-2.576,-2.516
1.752,1.515
1.641,1.526
1.374,1.572
1.199,1.62
1.051,1.507
-2.305,1.416
-3.029,-1.462
-3.022,-0.241
1.888,-1.319
1.044,1.498
-1.003,0.03
-1.269,-1.343
-1.757,-1.48
-2.741,-2.163
-1.335,0.8
-1.721,-1.03
-1.897,-1.685
-2.126,1.118
-2.69,-0.039
0.214,0.007
-1.351,-0.905
-1.313,-1.47
2.697,-2.369
1.314,-2.348
-1.705,-2.357
-2.412,-2.341
-2.806,-2.381
1.965,-2.626
1.011,-2.735
0.095,-2.674
-0.498,-2.933
-1.093,-2.907
-2.743,-2.831
-0.173,-1.748
-0.068,0.564
-0.1,-2.325
-0.26,0.696
-0.276,0.366
-0.166,0.18
-0.202,0.16
-0.33,-0.099
-0.378,-1.161
-0.456,-1.559
-0.464,-1.488
-0.518,-0.596
-0.6,-2.117
-0.768,-0.869
-0.683,0.3
-0.796,0.884
-0.703,-1.016
-0.836,-2.199
-0.765,-2.091
-1.054,-1.18
-1.204,-2.293
-1.235,-1.877
-1.139,0.376
-1.431,-1.659
-1.596,0.628
-1.781,-0.275
-1.772,-2.087
-1.793,-2.458
-1.958,0.262
-2.156,-0.203
-2.421,-1.152
-2.661,-2.304
-2.742,-0.962
-2.763,0.753
1.717,-3.123
1.097,-3.251
1.075,-3.352
1.087,-3.445
-0.076,-3.164
-0.229,-3.288
-1.921,-3.334
-2.691,-3.228
1.637,0.803
1.526,0.814
1.259,0.86
1.084,0.908
0.936,0.795
-2.42,0.704
3.139,-2.174
-3.137,-0.953
1.773,-2.031
0.929,0.786
-1.118,-0.682
-1.384,-2.055
-1.872,-2.192
-2.856,-2.875
-1.45,0.088
-1.836,-1.742
-2.012,-2.397
-2.241,0.406
-2.805,-0.751
0.099,-0.705
-1.466,-1.617
-1.428,-2.182
2.582,-3.081
1.199,-3.06
-1.82,-3.069
-2.527,-3.053
-2.921,-3.093
1.85,-3.338
0.896,-3.447
-0.02,-3.386
-0.613,-3.645
-1.208,-3.619
-2.858,-3.543
0.105,2.312
0.073,-0.577
-0.087,2.444
-0.103,2.114
0.007,1.928
-0.029,1.908
-0.157,1.649
-0.205,0.587
-0.283,0.189
-0.291,0.26
-0.345,1.152
-0.427,-0.369
-0.595,0.879
-0.51,2.048
-0.623,2.632
-0.53,0.732
-0.663,-0.451
-0.592,-0.343
-0.881,0.568
-1.031,-0.545
-1.062,-0.129
-0.966,2.124
-1.258,0.089
-1.423,2.376
-1.608,1.473
-1.599,-0.339
-1.62,-0.71
-1.785,2.01
-1.983,1.545
-2.248,0.596
-2.488,-0.556
-2.569,0.786
-2.59,2.501
1.89,-1.375
1.27,-1.503
1.248,-1.604
1.26,-1.697
0.097,-1.416
-0.056,-1.54
-1.748,-1.586
-2.518,-1.48
1.81,2.551
1.699,2.562
1.432,2.608
1.257,2.656
1.109,2.543
-2.247,2.452
-2.971,-0.426
-2.964,0.795
1.946,-0.283
1.102,2.534
-0.945,1.066
-1.211,-0.307
-1.699,-0.444
-2.683,-1.127
-1.277,1.836
-1.663,0.006
-1.839,-0.649
-2.068,2.154
-2.632,0.997
0.272,1.043
-1.293,0.131
-1.255,-0.434
2.755,-1.333
1.372,-1.312
-1.647,-1.321
-2.354,-1.305
-2.748,-1.345
2.023,-1.59
1.069,-1.699
0.153,-1.638
-0.44,-1.897
-1.035,-1.871
-2.685,-1.795
-0.032,-2.889
-0.192,0.132
-0.208,-0.198
-0.098,-0.384
-0.134,-0.404
-0.262,-0.663
-0.31,-1.725
-0.388,-2.123
-0.396,-2.052
-0.45,-1.16
-0.532,-2.681
-0.7,-1.433
-0.615,-0.264
-0.728,0.32
-0.635,-1.58
-0.768,-2.763
-0.697,-2.655
-0.986,-1.744
-1.136,-2.857
-1.167,-2.441
-1.071,-0.188
-1.363,-2.223
-1.528,0.064
-1.713,-0.839
-1.704,-2.651
-1.725,-3.022
-1.89,-0.302
-2.088,-0.767
-2.353,-1.716
-2.593,-2.868
-2.674,-1.526
-2.695,0.189
1.785,-3.687
1.165,-3.815
1.143,-3.916
1.155,-4.009
-0.008,-3.728
-0.161,-3.852
-1.853,-3.898
-2.623,-3.792
1.705,0.239
1.594,0.25
1.327,0.296
1.152,0.344
1.004,0.231
-2.352,0.14
-3.076,-2.738
-3.069,-1.517
1.841,-2.595
0.997,0.222
-1.05,-1.246
-1.316,-2.619
-1.804,-2.756
-2.788,-3.439
-1.382,-0.476
-1.768,-2.306
-1.944,-2.961
-2.173,-0.158
-2.737,-1.315
0.167,-1.269
-1.398,-2.181
-1.36,-2.746
2.65,-3.645
1.267,-3.624
-1.752,-3.633
-2.459,-3.617
-2.853,-3.657
1.918,-3.902
0.964,-4.011
0.048,-3.95
-0.545,-4.209
-1.14,-4.183
-2.79,-4.107
-0.16,3.021
-0.176,2.691
-0.066,2.505
-0.102,2.485
-0.23,2.226
-0.278,1.164
-0.356,0.766
-0.364,0.837
-0.418,1.729
-0.5,0.208
-0.668,1.456
-0.583,2.625
-0.696,3.209
-0.603,1.309
-0.736,0.126
-0.665,0.234
-0.954,1.145
-1.104,0.032
-1.135,0.448
-1.039,2.701
-1.331,0.666
-1.496,2.953
-1.681,2.05
-1.672,0.238
-1.693,-0.133
-1.858,2.587
-2.056,2.122
-2.321,1.173
-2.561,0.021
-2.642,1.363
-2.663,3.078
1.817,-0.798
1.197,-0.926
1.175,-1.027
1.187,-1.12
0.024,-0.839
-0.129,-0.963
-1.821,-1.009
-2.591,-0.903
1.737,3.128
1.626,3.139
1.359,3.185
1.184,3.233
1.036,3.12
-2.32,3.029
-3.044,0.151
-3.037,1.372
1.873,0.294
1.029,3.111
-1.018,1.643
-1.284,0.27
-1.772,0.133
-2.756,-0.55
-1.35,2.413
-1.736,0.583
-1.912,-0.072
-2.141,2.731
-2.705,1.574
0.199,1.62
-1.366,0.708
-1.328,0.143
2.682,-0.756
1.299,-0.735
-1.72,-0.744
-2.427,-0.728
-2.821,-0.768
1.95,-1.013
0.996,-1.122
0.08,-1.061
-0.513,-1.32
-1.108,-1.294
-2.758,-1.218
-0.016,-0.33
0.094,-0.516
0.058,-0.536
-0.07,-0.795
-0.118,-1.857
-0.196,-2.255
-0.204,-2.184
-0.258,-1.292
-0.34,-2.813
-0.508,-1.565
-0.423,-0.396
-0.536,0.188
-0.443,-1.712
-0.576,-2.895
-0.505,-2.787
-0.794,-1.876
-0.944,-2.989
-0.975,-2.573
-0.879,-0.32
-1.171,-2.355
-1.336,-0.068
-1.521,-0.971
-1.512,-2.783
-1.533,-3.154
-1.698,-0.434
-1.896,-0.899
-2.161,-1.848
-2.401,-3.0
-2.482,-1.658
-2.503,0.057
1.977,-3.819
1.357,-3.947
1.335,-4.048
1.347,-4.141
0.184,-3.86
0.031,-3.984
-1.661,-4.03
-2.431,-3.924
1.897,0.107
1.786,0.118
1.519,0.164
1.344,0.212
1.196,0.099
-2.16,0.008
-2.884,-2.87
-2.877,-1.649
2.033,-2.727
1.189,0.09
-0.858,-1.378
-1.124,-2.751
-1.612,-2.888
-2.596,-3.571
-1.19,-0.608
-1.576,-2.438
-1.752,-3.093
-1.981,-0.29
-2.545,-1.447
0.359,-1.401
-1.206,-2.313
-1.168,-2.878
2.842,-3.777
1.459,-3.756
-1.56,-3.765
-2.267,-3.749
-2.661,-3.789
2.11,-4.034
1.156,-4.143
0.24,-4.082
-0.353,-4.341
-0.948,-4.315
-2.598,-4.239
0.11,-0.186
0.074,-0.206
-0.054,-0.465
-0.102,-1.527
-0.18,-1.925
-0.188,-1.854
-0.242,-0.962
-0.324,-2.483
-0.492,-1.235
-0.407,-0.066
-0.52,0.518
-0.427,-1.382
-0.56,-2.565
-0.489,-2.457
-0.778,-1.546
-0.928,-2.659
-0.959,-2.243
-0.863,0.01
-1.155,-2.025
-1.32,0.262
-1.505,-0.641
-1.496,-2.453
-1.517,-2.824
-1.682,-0.104
-1.88,-0.569
-2.145,-1.518
-2.385,-2.67
-2.466,-1.328
-2.487,0.387
1.993,-3.489
1.373,-3.617
1.351,-3.718
1.363,-3.811
0.2,-3.53
0.047,-3.654
-1.645,-3.7
-2.415,-3.594
1.913,0.437
1.802,0.448
1.535,0.494
1.36,0.542
1.212,0.429
-2.144,0.338
-2.868,-2.54
-2.861,-1.319
2.049,-2.397
1.205,0.42
-0.842,-1.048
-1.108,-2.421
-1.596,-2.558
-2.58,-3.241
-1.174,-0.278
-1.56,-2.108
-1.736,-2.763
-1.965,0.04
-2.529,-1.117
0.375,-1.071
-1.19,-1.983
-1.152,-2.548
2.858,-3.447
1.475,-3.426
-1.544,-3.435
-2.251,-3.419
-2.645,-3.459
2.126,-3.704
1.172,-3.813
0.256,-3.752
-0.337,-4.011
-0.932,-3.985
-2.582,-3.909
-0.036,-0.02
-0.164,-0.279
-0.212,-1.341
-0.29,-1.739
-0.298,-1.668
-0.352,-0.776
-0.434,-2.297
-0.602,-1.049
-0.517,0.12
-0.63,0.704
-0.537,-1.196
-0.67,-2.379
-0.599,-2.271
-0.888,-1.36
-1.038,-2.473
-1.069,-2.057
-0.973,0.196
-1.265,-1.839
-1.43,0.448
-1.615,-0.455
-1.606,-2.267
-1.627,-2.638
-1.792,0.082
-1.99,-0.383
-2.255,-1.332
-2.495,-2.484
-2.576,-1.142
-2.597,0.573
1.883,-3.303
1.263,-3.431
1.241,-3.532
1.253,-3.625
0.09,-3.344
-0.063,-3.468
-1.755,-3.514
-2.525,-3.408
1.803,0.623
1.692,0.634
1.425,0.68
1.25,0.728
1.102,0.615
-2.254,0.524
-2.978,-2.354
-2.971,-1.133
1.939,-2.211
1.095,0.606
-0.952,-0.862
-1.218,-2.235
-1.706,-2.372
-2.69,-3.055
-1.284,-0.092
-1.67,-1.922
-1.846,-2.577
-2.075,0.226
-2.639,-0.931
0.265,-0.885
-1.3,-1.797
-1.262,-2.362
2.748,-3.261
1.365,-3.24
-1.654,-3.249
-2.361,-3.233
-2.755,-3.273
2.016,-3.518
1.062,-3.627
0.146,-3.566
-0.447,-3.825
-1.042,-3.799
-2.692,-3.723
-0.128,-0.259
-0.176,-1.321
-0.254,-1.719
-0.262,-1.648
-0.316,-0.756
-0.398,-2.277
-0.566,-1.029
-0.481,0.14
-0.594,0.724
-0.501,-1.176
-0.634,-2.359
-0.563,-2.251
-0.852,-1.34
-1.002,-2.453
-1.033,-2.037
-0.937,0.216
-1.229,-1.819
-1.394,0.468
-1.579,-0.435
-1.57,-2.247
-1.591,-2.618
-1.756,0.102
-1.954,-0.363
-2.219,-1.312
-2.459,-2.464
-2.54,-1.122
-2.561,0.593
1.919,-3.283
1.299,-3.411
1.277,-3.512
1.289,-3.605
0.126,-3.324
-0.027,-3.448
-1.719,-3.494
-2.489,-3.388
1.839,0.643
1.728,0.654
1.461,0.7
1.286,0.748
1.138,0.635
-2.218,0.544
-2.942,-2.334
-2.935,-1.113
1.975,-2.191
1.131,0.626
-0.916,-0.842
-1.182,-2.215
-1.67,-2.352
-2.654,-3.035
-1.248,-0.072
-1.634,-1.902
-1.81,-2.557
-2.039,0.246
-2.603,-0.911
0.301,-0.865
-1.264,-1.777
-1.226,-2.342
2.784,-3.241
1.401,-3.22
-1.618,-3.229
-2.325,-3.213
-2.719,-3.253
2.052,-3.498
1.098,-3.607
0.182,-3.546
-0.411,-3.805
-1.006,-3.779
-2.656,-3.703
-0.048,-1.062
-0.126,-1.46
-0.134,-1.389
-0.188,-0.497
-0.27,-2.018
-0.438,-0.77
-0.353,0.399
-0.466,0.983
-0.373,-0.917
-0.506,-2.1
-0.435,-1.992
-0.724,-1.081
-0.874,-2.194
-0.905,-1.778
-0.809,0.475
-1.101,-1.56
-1.266,0.727
-1.451,-0.176
-1.442,-1.988
-1.463,-2.359
-1.628,0.361
-1.826,-0.104
-2.091,-1.053
-2.331,-2.205
-2.412,-0.863
-2.433,0.852
2.047,-3.024
1.427,-3.152
1.405,-3.253
1.417,-3.346
0.254,-3.065
0.101,-3.189
-1.591,-3.235
-2.361,-3.129
1.967,0.902
1.856,0.913
1.589,0.959
1.414,1.007
1.266,0.894
-2.09,0.803
-2.814,-2.075
-2.807,-0.854
2.103,-1.932
1.259,0.885
-0.788,-0.583
-1.054,-1.956
-1.542,-2.093
-2.526,-2.776
-1.12,0.187
-1.506,-1.643
-1.682,-2.298
-1.911,0.505
-2.475,-0.652
0.429,-0.606
-1.136,-1.518
-1.098,-2.083
2.912,-2.982
1.529,-2.961
-1.49,-2.97
-2.197,-2.954
-2.591,-2.994
2.18,-3.239
1.226,-3.348
0.31,-3.287
-0.283,-3.546
-0.878,-3.52
-2.528,-3.444
-0.078,-0.398
-0.086,-0.327
-0.14,0.565
-0.222,-0.956
-0.39,0.292
-0.305,1.461
-0.418,2.045
-0.325,0.145
-0.458,-1.038
-0.387,-0.93
-0.676,-0.019
-0.826,-1.132
-0.857,-0.716
-0.761,1.537
-1.053,-0.498
-1.218,1.789
-1.403,0.886
-1.394,-0.926
-1.415,-1.297
-1.58,1.423
-1.778,0.958
-2.043,0.009
-2.283,-1.143
-2.364,0.199
-2.385,1.914
2.095,-1.962
1.475,-2.09
1.453,-2.191
1.465,-2.284
0.302,-2.003
0.149,-2.127
-1.543,-2.173
-2.313,-2.067
2.015,1.964
1.904,1.975
1.637,2.021
1.462,2.069
1.314,1.956
-2.042,1.865
-2.766,-1.013
-2.759,0.208
2.151,-0.87
1.307,1.947
-0.74,0.479
-1.006,-0.894
-1.494,-1.031
-2.478,-1.714
-1.072,1.249
-1.458,-0.581
-1.634,-1.236
-1.863,1.567
-2.427,0.41
0.477,0.456
-1.088,-0.456
-1.05,-1.021
2.96,-1.92
1.577,-1.899
-1.442,-1.908
-2.149,-1.892
-2.543,-1.932
2.228,-2.177
1.274,-2.286
0.358,-2.225
-0.235,-2.484
-0.83,-2.458
-2.48,-2.382
-0.008,0.071
-0.062,0.963
-0.144,-0.558
-0.312,0.69
-0.227,1.859
-0.34,2.443
-0.247,0.543
-0.38,-0.64
-0.309,-0.532
-0.598,0.379
-0.748,-0.734
-0.779,-0.318
-0.683,1.935
-0.975,-0.1
-1.14,2.187
-1.325,1.284
-1.316,-0.528
-1.337,-0.899
-1.502,1.821
-1.7,1.356
-1.965,0.407
-2.205,-0.745
-2.286,0.597
-2.307,2.312
2.173,-1.564
1.553,-1.692
1.531,-1.793
1.543,-1.886
0.38,-1.605
0.227,-1.729
-1.465,-1.775
-2.235,-1.669
2.093,2.362
1.982,2.373
1.715,2.419
1.54,2.467
1.392,2.354
-1.964,2.263
-2.688,-0.615
-2.681,0.606
2.229,-0.472
1.385,2.345
-0.662,0.877
-0.928,-0.496
-1.416,-0.633
-2.4,-1.316
-0.994,1.647
-1.38,-0.183
-1.556,-0.838
-1.785,1.965
-2.349,0.808
0.555,0.854
-1.01,-0.058
-0.972,-0.623
3.038,-1.522
1.655,-1.501
-1.364,-1.51
-2.071,-1.494
-2.465,-1.534
2.306,-1.779
1.352,-1.888
0.436,-1.827
-0.157,-2.086
-0.752,-2.06
-2.402,-1.984
-0.054,0.892
-0.136,-0.629
-0.304,0.619
-0.219,1.788
-0.332,2.372
-0.239,0.472
-0.372,-0.711
-0.301,-0.603
-0.59,0.308
-0.74,-0.805
-0.771,-0.389
-0.675,1.864
-0.967,-0.171
-1.132,2.116
-1.317,1.213
-1.308,-0.599
-1.329,-0.97
-1.494,1.75
-1.692,1.285
-1.957,0.336
-2.197,-0.816
-2.278,0.526
-2.299,2.241
2.181,-1.635
1.561,-1.763
1.539,-1.864
1.551,-1.957
0.388,-1.676
0.235,-1.8
-1.457,-1.846
-2.227,-1.74
2.101,2.291
1.99,2.302
1.723,2.348
1.548,2.396
1.4,2.283
-1.956,2.192
-2.68,-0.686
-2.673,0.535
2.237,-0.543
1.393,2.274
-0.654,0.806
-0.92,-0.567
-1.408,-0.704
-2.392,-1.387
-0.986,1.576
-1.372,-0.254
-1.548,-0.909
-1.777,1.894
-2.341,0.737
0.563,0.783
-1.002,-0.129
-0.964,-0.694
3.046,-1.593
1.663,-1.572
-1.356,-1.581
-2.063,-1.565
-2.457,-1.605
2.314,-1.85
1.36,-1.959
0.444,-1.898
-0.149,-2.157
-0.744,-2.131
-2.394,-2.055
-0.082,-1.521
-0.25,-0.273
-0.165,0.896
-0.278,1.48
-0.185,-0.42
-0.318,-1.603
-0.247,-1.495
-0.536,-0.584
-0.686,-1.697
-0.717,-1.281
-0.621,0.972
-0.913,-1.063
-1.078,1.224
-1.263,0.321
-1.254,-1.491
-1.275,-1.862
-1.44,0.858
-1.638,0.393
-1.903,-0.556
-2.143,-1.708
-2.224,-0.366
-2.245,1.349
2.235,-2.527
1.615,-2.655
1.593,-2.756
1.605,-2.849
0.442,-2.568
0.289,-2.692
-1.403,-2.738
-2.173,-2.632
2.155,1.399
2.044,1.41
1.777,1.456
1.602,1.504
1.454,1.391
-1.902,1.3
-2.626,-1.578
-2.619,-0.357
2.291,-1.435
1.447,1.382
-0.6,-0.086
-0.866,-1.459
-1.354,-1.596
-2.338,-2.279
-0.932,0.684
-1.318,-1.146
-1.494,-1.801
-1.723,1.002
-2.287,-0.155
0.617,-0.109
-0.948,-1.021
-0.91,-1.586
3.1,-2.485
1.717,-2.464
-1.302,-2.473
-2.009,-2.457
-2.403,-2.497
2.368,-2.742
1.414,-2.851
0.498,-2.79
-0.095,-3.049
-0.69,-3.023
-2.34,-2.947
-0.168,1.248
-0.083,2.417
-0.196,3.001
-0.103,1.101
-0.236,-0.082
-0.165,0.026
-0.454,0.937
-0.604,-0.176
-0.635,0.24
-0.539,2.493
-0.831,0.458
-0.996,2.745
-1.181,1.842
-1.172,0.03
-1.193,-0.341
-1.358,2.379
-1.556,1.914
-1.821,0.965
-2.061,-0.187
-2.142,1.155
-2.163,2.87
2.317,-1.006
1.697,-1.134
1.675,-1.235
1.687,-1.328
0.524,-1.047
0.371,-1.171
-1.321,-1.217
-2.091,-1.111
2.237,2.92
2.126,2.931
1.859,2.977
1.684,3.025
1.536,2.912
-1.82,2.821
-2.544,-0.057
-2.537,1.164
2.373,0.086
1.529,2.903
-0.518,1.435
-0.784,0.062
-1.272,-0.075
-2.256,-0.758
-0.85,2.205
-1.236,0.375
-1.412,-0.28
-1.641,2.523
-2.205,1.366
0.699,1.412
-0.866,0.5
-0.828,-0.065
-3.101,-0.964
1.799,-0.943
-1.22,-0.952
-1.927,-0.936
-2.321,-0.976
2.45,-1.221
1.496,-1.33
0.58,-1.269
-0.013,-1.528
-0.608,-1.502
-2.258,-1.426
0.085,1.169
-0.028,1.753
0.065,-0.147
-0.068,-1.33
0.003,-1.222
-0.286,-0.311
-0.436,-1.424
-0.467,-1.008
-0.371,1.245
-0.663,-0.79
-0.828,1.497
-1.013,0.594
-1.004,-1.218
-1.025,-1.589
-1.19,1.131
-1.388,0.666
-1.653,-0.283
-1.893,-1.435
-1.974,-0.093
-1.995,1.622
2.485,-2.254
1.865,-2.382
1.843,-2.483
1.855,-2.576
0.692,-2.295
0.539,-2.419
-1.153,-2.465
-1.923,-2.359
2.405,1.672
2.294,1.683
2.027,1.729
1.852,1.777
1.704,1.664
-1.652,1.573
-2.376,-1.305
-2.369,-0.084
2.541,-1.162
1.697,1.655
-0.35,0.187
-0.616,-1.186
-1.104,-1.323
-2.088,-2.006
-0.682,0.957
-1.068,-0.873
-1.244,-1.528
-1.473,1.275
-2.037,0.118
0.867,0.164
-0.698,-0.748
-0.66,-1.313
-2.933,-2.212
1.967,-2.191
-1.052,-2.2
-1.759,-2.184
-2.153,-2.224
2.618,-2.469
1.664,-2.578
0.748,-2.517
0.155,-2.776
-0.44,-2.75
-2.09,-2.674
-0.113,0.584
-0.02,-1.316
-0.153,-2.499
-0.082,-2.391
-0.371,-1.48
-0.521,-2.593
-0.552,-2.177
-0.456,0.076
-0.748,-1.959
-0.913,0.328
-1.098,-0.575
-1.089,-2.387
-1.11,-2.758
-1.275,-0.038
-1.473,-0.503
-1.738,-1.452
-1.978,-2.604
-2.059,-1.262
-2.08,0.453
2.4,-3.423
1.78,-3.551
1.758,-3.652
1.77,-3.745
0.607,-3.464
0.454,-3.588
-1.238,-3.634
-2.008,-3.528
2.32,0.503
2.209,0.514
1.942,0.56
1.767,0.608
1.619,0.495
-1.737,0.404
-2.461,-2.474
-2.454,-1.253
2.456,-2.331
1.612,0.486
-0.435,-0.982
-0.701,-2.355
-1.189,-2.492
-2.173,-3.175
-0.767,-0.212
-1.153,-2.042
-1.329,-2.697
-1.558,0.106
-2.122,-1.051
0.782,-1.005
-0.783,-1.917
-0.745,-2.482
-3.018,-3.381
1.882,-3.36
-1.137,-3.369
-1.844,-3.353
-2.238,-3.393
2.533,-3.638
1.579,-3.747
0.663,-3.686
0.07,-3.945
-0.525,-3.919
-2.175,-3.843
0.093,-1.9
-0.04,-3.083
0.031,-2.975
-0.258,-2.064
-0.408,-3.177
-0.439,-2.761
-0.343,-0.508
-0.635,-2.543
-0.8,-0.256
-0.985,-1.159
-0.976,-2.971
-0.997,-3.342
-1.162,-0.622
-1.36,-1.087
-1.625,-2.036
-1.865,-3.188
-1.946,-1.846
-1.967,-0.131
2.513,-4.007
1.893,-4.135
1.871,-4.236
1.883,-4.329
0.72,-4.048
0.567,-4.172
-1.125,-4.218
-1.895,-4.112
2.433,-0.081
2.322,-0.07
2.055,-0.024
1.88,0.024
1.732,-0.089
-1.624,-0.18
-2.348,-3.058
-2.341,-1.837
2.569,-2.915
1.725,-0.098
-0.322,-1.566
-0.588,-2.939
-1.076,-3.076
-2.06,-3.759
-0.654,-0.796
-1.04,-2.626
-1.216,-3.281
-1.445,-0.478
-2.009,-1.635
0.895,-1.589
-0.67,-2.501
-0.632,-3.066
-2.905,-3.965
1.995,-3.944
-1.024,-3.953
-1.731,-3.937
-2.125,-3.977
2.646,-4.222
1.692,-4.331
0.776,-4.27
0.183,-4.529
-0.412,-4.503
-2.062,-4.427
-0.133,-1.183
-0.062,-1.075
-0.351,-0.164
-0.501,-1.277
-0.532,-0.861
-0.436,1.392
-0.728,-0.643
-0.893,1.644
-1.078,0.741
-1.069,-1.071
-1.09,-1.442
-1.255,1.278
-1.453,0.813
-1.718,-0.136
-1.958,-1.288
-2.039,0.054
-2.06,1.769
2.42,-2.107
1.8,-2.235
1.778,-2.336
1.79,-2.429
0.627,-2.148
0.474,-2.272
-1.218,-2.318
-1.988,-2.212
2.34,1.819
2.229,1.83
1.962,1.876
1.787,1.924
1.639,1.811
-1.717,1.72
-2.441,-1.158
-2.434,0.063
2.476,-1.015
1.632,1.802
-0.415,0.334
-0.681,-1.039
-1.169,-1.176
-2.153,-1.859
-0.747,1.104
-1.133,-0.726
-1.309,-1.381
-1.538,1.422
-2.102,0.265
0.802,0.311
-0.763,-0.601
-0.725,-1.166
-2.998,-2.065
1.902,-2.044
-1.117,-2.053
-1.824,-2.037
-2.218,-2.077
2.553,-2.322
1.599,-2.431
0.683,-2.37
0.09,-2.629
-0.505,-2.603
-2.155,-2.527
0.071,0.108
-0.218,1.019
-0.368,-0.094
-0.399,0.322
-0.303,2.575
-0.595,0.54
-0.76,2.827
-0.945,1.924
-0.936,0.112
-0.957,-0.259
-1.122,2.461
-1.32,1.996
-1.585,1.047
-1.825,-0.105
-1.906,1.237
-1.927,2.952
2.553,-0.924
1.933,-1.052
1.911,-1.153
1.923,-1.246
0.76,-0.965
0.607,-1.089
-1.085,-1.135
-1.855,-1.029
2.473,3.002
2.362,3.013
2.095,3.059
1.92,3.107
1.772,2.994
-1.584,2.903
-2.308,0.025
-2.301,1.246
2.609,0.168
1.765,2.985
-0.282,1.517
-0.548,0.144
-1.036,0.007
-2.02,-0.676
-0.614,2.287
-1.0,0.457
-1.176,-0.198
-1.405,2.605
-1.969,1.448
0.935,1.494
-0.63,0.582
-0.592,0.017
-2.865,-0.882
2.035,-0.861
-0.984,-0.87
-1.691,-0.854
-2.085,-0.894
2.686,-1.139
1.732,-1.248
0.816,-1.187
0.223,-1.446
-0.372,-1.42
-2.022,-1.344
-0.289,0.911
-0.439,-0.202
-0.47,0.214
-0.374,2.467
-0.666,0.432
-0.831,2.719
-1.016,1.816
-1.007,0.004
-1.028,-0.367
-1.193,2.353
-1.391,1.888
-1.656,0.939
-1.896,-0.213
-1.977,1.129
-1.998,2.844
2.482,-1.032
1.862,-1.16
1.84,-1.261
1.852,-1.354
0.689,-1.073
0.536,-1.197
-1.156,-1.243
-1.926,-1.137
2.402,2.894
2.291,2.905
2.024,2.951
1.849,2.999
1.701,2.886
-1.655,2.795
-2.379,-0.083
-2.372,1.138
2.538,0.06
1.694,2.877
-0.353,1.409
-0.619,0.036
-1.107,-0.101
-2.091,-0.784
-0.685,2.179
-1.071,0.349
-1.247,-0.306
-1.476,2.497
-2.04,1.34
0.864,1.386
-0.701,0.474
-0.663,-0.091
-2.936,-0.99
1.964,-0.969
-1.055,-0.978
-1.762,-0.962
-2.156,-1.002
2.615,-1.247
1.661,-1.356
0.745,-1.295
0.152,-1.554
-0.443,-1.528
-2.093,-1.452
-0.15,-1.113
-0.181,-0.697
-0.085,1.556
-0.377,-0.479
-0.542,1.808
-0.727,0.905
-0.718,-0.907
-0.739,-1.278
-0.904,1.442
-1.102,0.977
-1.367,0.028
-1.607,-1.124
-1.688,0.218
-1.709,1.933
2.771,-1.943
2.151,-2.071
2.129,-2.172
2.141,-2.265
0.978,-1.984
0.825,-2.108
-0.867,-2.154
-1.637,-2.048
2.691,1.983
2.58,1.994
2.313,2.04
2.138,2.088
1.99,1.975
-1.366,1.884
-2.09,-0.994
-2.083,0.227
2.827,-0.851
1.983,1.966
-0.064,0.498
-0.33,-0.875
-0.818,-1.012
-1.802,-1.695
-0.396,1.268
-0.782,-0.562
-0.958,-1.217
-1.187,1.586
-1.751,0.429
1.153,0.475
-0.412,-0.437
-0.374,-1.002
-2.647,-1.901
2.253,-1.88
-0.766,-1.889
-1.473,-1.873
-1.867,-1.913
2.904,-2.158
1.95,-2.267
1.034,-2.206
0.441,-2.465
-0.154,-2.439
-1.804,-2.363
-0.031,0.416
0.065,2.669
-0.227,0.634
-0.392,2.921
-0.577,2.018
-0.568,0.206
-0.589,-0.165
-0.754,2.555
-0.952,2.09
-1.217,1.141
-1.457,-0.011
-1.538,1.331
-1.559,3.046
2.921,-0.83
2.301,-0.958
2.279,-1.059
2.291,-1.152
1.128,-0.871
0.975,-0.995
-0.717,-1.041
-1.487,-0.935
2.841,3.096
2.73,3.107
2.463,3.153
2.288,3.201
2.14,3.088
-1.216,2.997
-1.94,0.119
-1.933,1.34
2.977,0.262
2.133,3.079
0.086,1.611
-0.18,0.238
-0.668,0.101
-1.652,-0.582
-0.246,2.381
-0.632,0.551
-0.808,-0.104
-1.037,2.699
-1.601,1.542
1.303,1.588
-0.262,0.676
-0.224,0.111
-2.497,-0.788
2.403,-0.767
-0.616,-0.776
-1.323,-0.76
-1.717,-0.8
3.054,-1.045
2.1,-1.154
1.184,-1.093
0.591,-1.352
-0.004,-1.326
-1.654,-1.25
0.096,2.253
-0.196,0.218
-0.361,2.505
-0.546,1.602
-0.537,-0.21
-0.558,-0.581
-0.723,2.139
-0.921,1.674
-1.186,0.725
-1.426,-0.427
-1.507,0.915
-1.528,2.63
2.952,-1.246
2.332,-1.374
2.31,-1.475
2.322,-1.568
1.159,-1.287
1.006,-1.411
-0.686,-1.457
-1.456,-1.351
2.872,2.68
2.761,2.691
2.494,2.737
2.319,2.785
2.171,2.672
-1.185,2.581
-1.909,-0.297
-1.902,0.924
3.008,-0.154
2.164,2.663
0.117,1.195
-0.149,-0.178
-0.637,-0.315
-1.621,-0.998
-0.215,1.965
-0.601,0.135
-0.777,-0.52
-1.006,2.283
-1.57,1.126
1.334,1.172
-0.231,0.26
-0.193,-0.305
-2.466,-1.204
2.434,-1.183
-0.585,-1.192
-1.292,-1.176
-1.686,-1.216
3.085,-1.461
2.131,-1.57
1.215,-1.509
0.622,-1.768
0.027,-1.742
-1.623,-1.666
-0.292,-2.035
-0.457,0.252
-0.642,-0.651
-0.633,-2.463
-0.654,-2.834
-0.819,-0.114
-1.017,-0.579
-1.282,-1.528
-1.522,-2.68
-1.603,-1.338
-1.624,0.377
2.856,-3.499
2.236,-3.627
2.214,-3.728
2.226,-3.821
1.063,-3.54
0.91,-3.664
-0.782,-3.71
-1.552,-3.604
2.776,0.427
2.665,0.438
2.398,0.484
2.223,0.532
2.075,0.419
-1.281,0.328
-2.005,-2.55
-1.998,-1.329
2.912,-2.407
2.068,0.41
0.021,-1.058
-0.245,-2.431
-0.733,-2.568
-1.717,-3.251
-0.311,-0.288
-0.697,-2.118
-0.873,-2.773
-1.102,0.03
-1.666,-1.127
1.238,-1.081
-0.327,-1.993
-0.289,-2.558
-2.562,-3.457
2.338,-3.436
-0.681,-3.445
-1.388,-3.429
-1.782,-3.469
2.989,-3.714
2.035,-3.823
1.119,-3.762
0.526,-4.021
-0.069,-3.995
-1.719,-3.919
-0.165,2.287
-0.35,1.384
-0.341,-0.428
-0.362,-0.799
-0.527,1.921
-0.725,1.456
-0.99,0.507
-1.23,-0.645
-1.311,0.697
-1.332,2.412
-3.135,-1.464
2.528,-1.592
2.506,-1.693
2.518,-1.786
1.355,-1.505
1.202,-1.629
-0.49,-1.675
-1.26,-1.569
3.068,2.462
2.957,2.473
2.69,2.519
2.515,2.567
2.367,2.454
-0.989,2.363
-1.713,-0.515
-1.706,0.706
-3.079,-0.372
2.36,2.445
0.313,0.977
0.047,-0.396
-0.441,-0.533
-1.425,-1.216
-0.019,1.747
-0.405,-0.083
-0.581,-0.738
-0.81,2.065
-1.374,0.908
1.53,0.954
-0.035,0.042
0.003,-0.523
-2.27,-1.422
2.63,-1.401
-0.389,-1.41
-1.096,-1.394
-1.49,-1.434
-3.002,-1.679
2.327,-1.788
1.411,-1.727
0.818,-1.986
0.223,-1.96
-1.427,-1.884
-0.185,-0.903
-0.176,-2.715
-0.197,-3.086
-0.362,-0.366
-0.56,-0.831
-0.825,-1.78
-1.065,-2.932
-1.146,-1.59
-1.167,0.125
-2.97,-3.751
2.693,-3.879
2.671,-3.98
2.683,-4.073
1.52,-3.792
1.367,-3.916
-0.325,-3.962
-1.095,-3.856
-3.05,0.175
3.122,0.186
2.855,0.232
2.68,0.28
2.532,0.167
-0.824,0.076
-1.548,-2.802
-1.541,-1.581
-2.914,-2.659
2.525,0.158
0.478,-1.31
0.212,-2.683
-0.276,-2.82
-1.26,-3.503
0.146,-0.54
-0.24,-2.37
-0.416,-3.025
-0.645,-0.222
-1.209,-1.379
1.695,-1.333
0.13,-2.245
0.168,-2.81
-2.105,-3.709
2.795,-3.688
-0.224,-3.697
-0.931,-3.681
-1.325,-3.721
-2.837,-3.966
2.492,-4.075
1.576,-4.014
0.983,-4.273
0.388,-4.247
-1.262,-4.171
0.009,-1.812
-0.012,-2.183
-0.177,0.537
-0.375,0.072
-0.64,-0.877
-0.88,-2.029
-0.961,-0.687
-0.982,1.028
-2.785,-2.848
2.878,-2.976
2.856,-3.077
2.868,-3.17
1.705,-2.889
1.552,-3.013
-0.14,-3.059
-0.91,-2.953
-2.865,1.078
-2.976,1.089
3.04,1.135
2.865,1.183
2.717,1.07
-0.639,0.979
-1.363,-1.899
-1.356,-0.678
-2.729,-1.756
2.71,1.061
0.663,-0.407
0.397,-1.78
-0.091,-1.917
-1.075,-2.6
0.331,0.363
-0.055,-1.467
-0.231,-2.122
-0.46,0.681
-1.024,-0.476
1.88,-0.43
0.315,-1.342
0.353,-1.907
-1.92,-2.806
2.98,-2.785
-0.039,-2.794
-0.746,-2.778
-1.14,-2.818
-2.652,-3.063
2.677,-3.172
1.761,-3.111
1.168,-3.37
0.573,-3.344
-1.077,-3.268
-0.021,-0.371
-0.186,2.349
-0.384,1.884
-0.649,0.935
-0.889,-0.217
-0.97,1.125
-0.991,2.84
-2.794,-1.036
2.869,-1.164
2.847,-1.265
2.859,-1.358
1.696,-1.077
1.543,-1.201
-0.149,-1.247
-0.919,-1.141
-2.874,2.89
-2.985,2.901
3.031,2.947
2.856,2.995
2.708,2.882
-0.648,2.791
-1.372,-0.087
-1.365,1.134
-2.738,0.056
2.701,2.873
0.654,1.405
0.388,0.032
-0.1,-0.105
-1.084,-0.788
0.322,2.175
-0.064,0.345
-0.24,-0.31
-0.469,2.493
-1.033,1.336
1.871,1.382
0.306,0.47
0.344,-0.095
-1.929,-0.994
2.971,-0.973
-0.048,-0.982
-0.755,-0.966
-1.149,-1.006
-2.661,-1.251
2.668,-1.36
1.752,-1.299
1.159,-1.558
0.564,-1.532
-1.086,-1.456
-0.165,2.72
-0.363,2.255
-0.628,1.306
-0.868,0.154
-0.949,1.496
-0.97,3.211
-2.773,-0.665
2.89,-0.793
2.868,-0.894
2.88,-0.987
1.717,-0.706
1.564,-0.83
-0.128,-0.876
-0.898,-0.77
-2.853,3.261
-2.964,3.272
3.052,3.318
2.877,3.366
2.729,3.253
-0.627,3.162
-1.351,0.284
-1.344,1.505
-2.717,0.427
2.722,3.244
0.675,1.776
0.409,0.403
-0.079,0.266
-1.063,-0.417
0.343,2.546
-0.043,0.716
-0.219,0.061
-0.448,2.864
-1.012,1.707
1.892,1.753
0.327,0.841
0.365,0.276
-1.908,-0.623
2.992,-0.602
-0.027,-0.611
-0.734,-0.595
-1.128,-0.635
-2.64,-0.88
2.689,-0.989
1.773,-0.928
1.18,-1.187
0.585,-1.161
-1.065,-1.085
-0.198,-0.465
-0.463,-1.414
-0.703,-2.566
-0.784,-1.224
-0.805,0.491
-2.608,-3.385
3.055,-3.513
3.033,-3.614
3.045,-3.707
1.882,-3.426
1.729,-3.55
0.037,-3.596
-0.733,-3.49
-2.688,0.541
-2.799,0.552
-3.066,0.598
3.042,0.646
2.894,0.533
-0.462,0.442
-1.186,-2.436
-1.179,-1.215
-2.552,-2.293
2.887,0.524
0.84,-0.944
0.574,-2.317
0.086,-2.454
-0.898,-3.137
0.508,-0.174
0.122,-2.004
-0.054,-2.659
-0.283,0.144
-0.847,-1.013
2.057,-0.967
0.492,-1.879
0.53,-2.444
-1.743,-3.343
-3.126,-3.322
0.138,-3.331
-0.569,-3.315
-0.963,-3.355
-2.475,-3.6
2.854,-3.709
1.938,-3.648
1.345,-3.907
0.75,-3.881
-0.9,-3.805
-0.265,-0.949
-0.505,-2.101
-0.586,-0.759
-0.607,0.956
-2.41,-2.92
-3.03,-3.048
-3.052,-3.149
-3.04,-3.242
2.08,-2.961
1.927,-3.085
0.235,-3.131
-0.535,-3.025
-2.49,1.006
-2.601,1.017
-2.868,1.063
-3.043,1.111
3.092,0.998
-0.264,0.907
-0.988,-1.971
-0.981,-0.75
-2.354,-1.828
3.085,0.989
1.038,-0.479
0.772,-1.852
0.284,-1.989
-0.7,-2.672
0.706,0.291
0.32,-1.539
0.144,-2.194
-0.085,0.609
-0.649,-0.548
2.255,-0.502
0.69,-1.414
0.728,-1.979
-1.545,-2.878
-2.928,-2.857
0.336,-2.866
-0.371,-2.85
-0.765,-2.89
-2.277,-3.135
3.052,-3.244
2.136,-3.183
1.543,-3.442
0.948,-3.416
-0.702,-3.34
-0.24,-1.152
-0.321,0.19
-0.342,1.905
-2.145,-1.971
-2.765,-2.099
-2.787,-2.2
-2.775,-2.293
2.345,-2.012
2.192,-2.136
0.5,-2.182
-0.27,-2.076
-2.225,1.955
-2.336,1.966
-2.603,2.012
-2.778,2.06
-2.926,1.947
0.001,1.856
-0.723,-1.022
-0.716,0.199
-2.089,-0.879
-2.933,1.938
1.303,0.47
1.037,-0.903
0.549,-1.04
-0.435,-1.723
0.971,1.24
0.585,-0.59
0.409,-1.245
0.18,1.558
-0.384,0.401
2.52,0.447
0.955,-0.465
0.993,-1.03
-1.28,-1.929
-2.663,-1.908
0.601,-1.917
-0.106,-1.901
-0.5,-1.941
-2.012,-2.186
-2.966,-2.295
2.401,-2.234
1.808,-2.493
1.213,-2.467
-0.437,-2.391
-0.081,1.342
-0.102,3.057
-1.905,-0.819
-2.525,-0.947
-2.547,-1.048
-2.535,-1.141
2.585,-0.86
2.432,-0.984
0.74,-1.03
-0.03,-0.924
-1.985,3.107
-2.096,3.118
-2.363,3.164
-2.538,3.212
-2.686,3.099
0.241,3.008
-0.483,0.13
-0.476,1.351
-1.849,0.273
-2.693,3.09
1.543,1.622
1.277,0.249
0.789,0.112
-0.195,-0.571
1.211,2.392
0.825,0.562
0.649,-0.093
0.42,2.71
-0.144,1.553
2.76,1.599
1.195,0.687
1.233,0.122
-1.04,-0.777
-2.423,-0.756
0.841,-0.765
0.134,-0.749
-0.26,-0.789
-1.772,-1.034
-2.726,-1.143
2.641,-1.082
2.048,-1.341
1.453,-1.315
-0.197,-1.239
-0.021,1.715
-1.824,-2.161
-2.444,-2.289
-2.466,-2.39
-2.454,-2.483
2.666,-2.202
2.513,-2.326
0.821,-2.372
0.051,-2.266
-1.904,1.765
-2.015,1.776
-2.282,1.822
-2.457,1.87
-2.605,1.757
0.322,1.666
-0.402,-1.212
-0.395,0.009
-1.768,-1.069
-2.612,1.748
1.624,0.28
1.358,-1.093
0.87,-1.23
-0.114,-1.913
1.292,1.05
0.906,-0.78
0.73,-1.435
0.501,1.368
-0.063,0.211
2.841,0.257
1.276,-0.655
1.314,-1.22
-0.959,-2.119
-2.342,-2.098
0.922,-2.107
0.215,-2.091
-0.179,-2.131
-1.691,-2.376
-2.645,-2.485
2.722,-2.424
2.129,-2.683
1.534,-2.657
-0.116,-2.581
-1.803,-3.876
-2.423,-4.004
-2.445,-4.105
-2.433,-4.198
2.687,-3.917
2.534,-4.041
0.842,-4.087
0.072,-3.981
-1.883,0.05
-1.994,0.061
-2.261,0.107
-2.436,0.155
-2.584,0.042
0.343,-0.049
-0.381,-2.927
-0.374,-1.706
-1.747,-2.784
-2.591,0.033
1.645,-1.435
1.379,-2.808
0.891,-2.945
-0.093,-3.628
1.313,-0.665
0.927,-2.495
0.751,-3.15
0.522,-0.347
-0.042,-1.504
2.862,-1.458
1.297,-2.37
1.335,-2.935
-0.938,-3.834
-2.321,-3.813
0.943,-3.822
0.236,-3.806
-0.158,-3.846
-1.67,-4.091
-2.624,-4.2
2.743,-4.139
2.15,-4.398
1.555,-4.372
-0.095,-4.296
-0.62,-0.128
-0.642,-0.229
-0.63,-0.322
-1.793,-0.041
-1.946,-0.165
2.645,-0.211
1.875,-0.105
-0.08,3.926
-0.191,3.937
-0.458,3.983
-0.633,4.031
-0.781,3.918
2.146,3.827
1.422,0.949
1.429,2.17
0.056,1.092
-0.788,3.909
-2.835,2.441
-3.101,1.068
2.694,0.931
1.71,0.248
3.116,3.211
2.73,1.381
2.554,0.726
2.325,3.529
1.761,2.372
-1.618,2.418
3.1,1.506
3.138,0.941
0.865,0.042
-0.518,0.063
2.746,0.054
2.039,0.07
1.645,0.03
0.133,-0.215
-0.821,-0.324
-1.737,-0.263
-2.33,-0.522
-2.925,-0.496
1.708,-0.42
-0.022,-0.101
-0.01,-0.194
-1.173,0.087
-1.326,-0.037
-3.018,-0.083
2.495,0.023
0.54,4.054
0.429,4.065
0.162,4.111
-0.013,4.159
-0.161,4.046
2.766,3.955
2.042,1.077
2.049,2.298
0.676,1.22
-0.168,4.037
-2.215,2.569
-2.481,1.196
-2.969,1.059
2.33,0.376
-2.547,3.339
-2.933,1.509
-3.109,0.854
2.945,3.657
2.381,2.5
-0.998,2.546
-2.563,1.634
-2.525,1.069
1.485,0.17
0.102,0.191
-2.917,0.182
2.659,0.198
2.265,0.158
0.753,-0.087
-0.201,-0.196
-1.117,-0.135
-1.71,-0.394
-2.305,-0.368
2.328,-0.292
0.012,-0.093
-1.151,0.188
-1.304,0.064
-2.996,0.018
2.517,0.124
0.562,4.155
0.451,4.166
0.184,4.212
0.009,4.26
-0.139,4.147
2.788,4.056
2.064,1.178
2.071,2.399
0.698,1.321
-0.146,4.138
-2.193,2.67
-2.459,1.297
-2.947,1.16
2.352,0.477
-2.525,3.44
-2.911,1.61
-3.087,0.955
2.967,3.758
2.403,2.601
-0.976,2.647
-2.541,1.735
-2.503,1.17
1.507,0.271
0.124,0.292
-2.895,0.283
2.681,0.299
2.287,0.259
0.775,0.014
-0.179,-0.095
-1.095,-0.034
-1.688,-0.293
-2.283,-0.267
2.35,-0.191
-1.163,0.281
-1.316,0.157
-3.008,0.111
2.505,0.217
0.55,4.248
0.439,4.259
0.172,4.305
-0.003,4.353
-0.151,4.24
2.776,4.149
2.052,1.271
2.059,2.492
0.686,1.414
-0.158,4.231
-2.205,2.763
-2.471,1.39
-2.959,1.253
2.34,0.57
-2.537,3.533
-2.923,1.703
-3.099,1.048
2.955,3.851
2.391,2.694
-0.988,2.74
-2.553,1.828
-2.515,1.263
1.495,0.364
0.112,0.385
-2.907,0.376
2.669,0.392
2.275,0.352
0.763,0.107
-0.191,-0.002
-1.107,0.059
-1.7,-0.2
-2.295,-0.174
2.338,-0.098
-0.153,-0.124
-1.845,-0.17
-2.615,-0.064
1.713,3.967
1.602,3.978
1.335,4.024
1.16,4.072
1.012,3.959
-2.344,3.868
-3.068,0.99
-3.061,2.211
1.849,1.133
1.005,3.95
-1.042,2.482
-1.308,1.109
-1.796,0.972
-2.78,0.289
-1.374,3.252
-1.76,1.422
-1.936,0.767
-2.165,3.57
-2.729,2.413
0.175,2.459
-1.39,1.547
-1.352,0.982
2.658,0.083
1.275,0.104
-1.744,0.095
-2.451,0.111
-2.845,0.071
1.926,-0.174
0.972,-0.283
0.056,-0.222
-0.537,-0.481
-1.132,-0.455
-2.782,-0.379
-1.692,-0.046
-2.462,0.06
1.866,4.091
1.755,4.102
1.488,4.148
1.313,4.196
1.165,4.083
-2.191,3.992
-2.915,1.114
-2.908,2.335
2.002,1.257
1.158,4.074
-0.889,2.606
-1.155,1.233
-1.643,1.096
-2.627,0.413
-1.221,3.376
-1.607,1.546
-1.783,0.891
-2.012,3.694
-2.576,2.537
0.328,2.583
-1.237,1.671
-1.199,1.106
2.811,0.207
1.428,0.228
-1.591,0.219
-2.298,0.235
-2.692,0.195
2.079,-0.05
1.125,-0.159
0.209,-0.098
-0.384,-0.357
-0.979,-0.331
-2.629,-0.255
-0.77,0.106
-2.725,4.137
-2.836,4.148
-3.103,4.194
3.005,4.242
2.857,4.129
-0.499,4.038
-1.223,1.16
-1.216,2.381
-2.589,1.303
2.85,4.12
0.803,2.652
0.537,1.279
0.049,1.142
-0.935,0.459
0.471,3.422
0.085,1.592
-0.091,0.937
-0.32,3.74
-0.884,2.583
2.02,2.629
0.455,1.717
0.493,1.152
-1.78,0.253
3.12,0.274
0.101,0.265
-0.606,0.281
-1.0,0.241
-2.512,-0.004
2.817,-0.113
1.901,-0.052
1.308,-0.311
0.713,-0.285
-0.937,-0.209
-1.955,4.031
-2.066,4.042
-2.333,4.088
-2.508,4.136
-2.656,4.023
0.271,3.932
-0.453,1.054
-0.446,2.275
-1.819,1.197
-2.663,4.014
1.573,2.546
1.307,1.173
0.819,1.036
-0.165,0.353
1.241,3.316
0.855,1.486
0.679,0.831
0.45,3.634
-0.114,2.477
2.79,2.523
1.225,1.611
1.263,1.046
-1.01,0.147
-2.393,0.168
0.871,0.159
0.164,0.175
-0.23,0.135
-1.742,-0.11
-2.696,-0.219
2.671,-0.158
2.078,-0.417
1.483,-0.391
-0.167,-0.315
-0.111,0.011
-0.378,0.057
-0.553,0.105
-0.701,-0.008
2.226,-0.099
1.502,-2.977
1.509,-1.756
0.136,-2.834
-0.708,-0.017
-2.755,-1.485
-3.021,-2.858
2.774,-2.995
1.79,-3.678
-3.087,-0.715
2.81,-2.545
2.634,-3.2
2.405,-0.397
1.841,-1.554
-1.538,-1.508
-3.103,-2.42
-3.065,-2.985
0.945,-3.884
-0.438,-3.863
2.826,-3.872
2.119,-3.856
1.725,-3.896
0.213,-4.141
-0.741,-4.25
-1.657,-4.189
-2.25,-4.448
-2.845,-4.422
1.788,-4.346
-0.267,0.046
-0.442,0.094
-0.59,-0.019
2.337,-0.11
1.613,-2.988
1.62,-1.767
0.247,-2.845
-0.597,-0.028
-2.644,-1.496
-2.91,-2.869
2.885,-3.006
1.901,-3.689
-2.976,-0.726
2.921,-2.556
2.745,-3.211
2.516,-0.408
1.952,-1.565
-1.427,-1.519
-2.992,-2.431
-2.954,-2.996
1.056,-3.895
-0.327,-3.874
2.937,-3.883
2.23,-3.867
1.836,-3.907
0.324,-4.152
-0.63,-4.261
-1.546,-4.2
-2.139,-4.459
-2.734,-4.433
1.899,-4.357
-0.175,0.048
-0.323,-0.065
2.604,-0.156
1.88,-3.034
1.887,-1.813
0.514,-2.891
-0.33,-0.074
-2.377,-1.542
-2.643,-2.915
-3.131,-3.052
2.168,-3.735
-2.709,-0.772
-3.095,-2.602
3.012,-3.257
2.783,-0.454
2.219,-1.611
-1.16,-1.565
-2.725,-2.477
-2.687,-3.042
1.323,-3.941
-0.06,-3.92
-3.079,-3.929
2.497,-3.913
2.103,-3.953
0.591,-4.198
-0.363,-4.307
-1.279,-4.246
-1.872,-4.505
-2.467,-4.479
2.166,-4.403
-0.148,-0.113
2.779,-0.204
2.055,-3.082
2.062,-1.861
0.689,-2.939
-0.155,-0.122
-2.202,-1.59
-2.468,-2.963
-2.956,-3.1
2.343,-3.783
-2.534,-0.82
-2.92,-2.65
-3.096,-3.305
2.958,-0.502
2.394,-1.659
-0.985,-1.613
-2.55,-2.525
-2.512,-3.09
1.498,-3.989
0.115,-3.968
-2.904,-3.977
2.672,-3.961
2.278,-4.001
0.766,-4.246
-0.188,-4.355
-1.104,-4.294
-1.697,-4.553
-2.292,-4.527
2.341,-4.451
2.927,-0.091
2.203,-2.969
2.21,-1.748
0.837,-2.826
-0.007,-0.009
-2.054,-1.477
-2.32,-2.85
-2.808,-2.987
2.491,-3.67
-2.386,-0.707
-2.772,-2.537
-2.948,-3.192
3.106,-0.389
2.542,-1.546
-0.837,-1.5
-2.402,-2.412
-2.364,-2.977
1.646,-3.876
0.263,-3.855
-2.756,-3.864
2.82,-3.848
2.426,-3.888
0.914,-4.133
-0.04,-4.242
-0.956,-4.181
-1.549,-4.44
-2.144,-4.414
2.489,-4.338
-0.724,-2.878
-0.717,-1.657
-2.09,-2.735
-2.934,0.082
1.302,-1.386
1.036,-2.759
0.548,-2.896
-0.436,-3.579
0.97,-0.616
0.584,-2.446
0.408,-3.101
0.179,-0.298
-0.385,-1.455
2.519,-1.409
0.954,-2.321
0.992,-2.886
-1.281,-3.785
-2.664,-3.764
0.6,-3.773
-0.107,-3.757
-0.501,-3.797
-2.013,-4.042
-2.967,-4.151
2.4,-4.09
1.807,-4.349
1.212,-4.323
-0.438,-4.247
0.007,1.221
-1.366,0.143
-2.21,2.96
2.026,1.492
1.76,0.119
1.272,-0.018
0.288,-0.701
1.694,2.262
1.308,0.432
1.132,-0.223
0.903,2.58
0.339,1.423
-3.04,1.469
1.678,0.557
1.716,-0.008
-0.557,-0.907
-1.94,-0.886
1.324,-0.895
0.617,-0.879
0.223,-0.919
-1.289,-1.164
-2.243,-1.273
3.124,-1.212
2.531,-1.471
1.936,-1.445
0.286,-1.369
-1.373,-1.078
-2.217,1.739
2.019,0.271
1.753,-1.102
1.265,-1.239
0.281,-1.922
1.687,1.041
1.301,-0.789
1.125,-1.444
0.896,1.359
0.332,0.202
-3.047,0.248
1.671,-0.664
1.709,-1.229
-0.564,-2.128
-1.947,-2.107
1.317,-2.116
0.61,-2.1
0.216,-2.14
-1.296,-2.385
-2.25,-2.494
3.117,-2.433
2.524,-2.692
1.929,-2.666
0.279,-2.59
-0.844,2.817
-2.891,1.349
3.126,-0.024
2.638,-0.161
1.654,-0.844
3.06,2.119
2.674,0.289
2.498,-0.366
2.269,2.437
1.705,1.28
-1.674,1.326
3.044,0.414
3.082,-0.151
0.809,-1.05
-0.574,-1.029
2.69,-1.038
1.983,-1.022
1.589,-1.062
0.077,-1.307
-0.877,-1.416
-1.793,-1.355
-2.386,-1.614
-2.981,-1.588
1.652,-1.512
-2.047,-1.468
-2.313,-2.841
-2.801,-2.978
2.498,-3.661
-2.379,-0.698
-2.765,-2.528
-2.941,-3.183
3.113,-0.38
2.549,-1.537
-0.83,-1.491
-2.395,-2.403
-2.357,-2.968
1.653,-3.867
0.27,-3.846
-2.749,-3.855
2.827,-3.839
2.433,-3.879
0.921,-4.124
-0.033,-4.233
-0.949,-4.172
-1.542,-4.431
-2.137,-4.405
2.496,-4.329
-0.266,-1.373
-0.754,-1.51
-1.738,-2.193
-0.332,0.77
-0.718,-1.06
-0.894,-1.715
-1.123,1.088
-1.687,-0.069
1.217,-0.023
-0.348,-0.935
-0.31,-1.5
-2.583,-2.399
2.317,-2.378
-0.702,-2.387
-1.409,-2.371
-1.803,-2.411
2.968,-2.656
2.014,-2.765
1.098,-2.704
0.505,-2.963
-0.09,-2.937
-1.74,-2.861
-0.488,-0.137
-1.472,-0.82
-0.066,2.143
-0.452,0.313
-0.628,-0.342
-0.857,2.461
-1.421,1.304
1.483,1.35
-0.082,0.438
-0.044,-0.127
-2.317,-1.026
2.583,-1.005
-0.436,-1.014
-1.143,-0.998
-1.537,-1.038
-3.049,-1.283
2.28,-1.392
1.364,-1.331
0.771,-1.59
0.176,-1.564
-1.474,-1.488
-0.984,-0.683
0.422,2.28
0.036,0.45
-0.14,-0.205
-0.369,2.598
-0.933,1.441
1.971,1.487
0.406,0.575
0.444,0.01
-1.829,-0.889
3.071,-0.868
0.052,-0.877
-0.655,-0.861
-1.049,-0.901
-2.561,-1.146
2.768,-1.255
1.852,-1.194
1.259,-1.453
0.664,-1.427
-0.986,-1.351
1.406,2.963
1.02,1.133
0.844,0.478
0.615,3.281
0.051,2.124
2.955,2.17
1.39,1.258
1.428,0.693
-0.845,-0.206
-2.228,-0.185
1.036,-0.194
0.329,-0.178
-0.065,-0.218
-1.577,-0.463
-2.531,-0.572
2.836,-0.511
2.243,-0.77
1.648,-0.744
-0.002,-0.668
-0.386,-1.83
-0.562,-2.485
-0.791,0.318
-1.355,-0.839
1.549,-0.793
-0.016,-1.705
0.022,-2.27
-2.251,-3.169
2.649,-3.148
-0.37,-3.157
-1.077,-3.141
-1.471,-3.181
-2.983,-3.426
2.346,-3.535
1.43,-3.474
0.837,-3.733
0.242,-3.707
-1.408,-3.631
-0.176,-0.655
-0.405,2.148
-0.969,0.991
1.935,1.037
0.37,0.125
0.408,-0.44
-1.865,-1.339
3.035,-1.318
0.016,-1.327
-0.691,-1.311
-1.085,-1.351
-2.597,-1.596
2.732,-1.705
1.816,-1.644
1.223,-1.903
0.628,-1.877
-1.022,-1.801
-0.229,2.803
-0.793,1.646
2.111,1.692
0.546,0.78
0.584,0.215
-1.689,-0.684
-3.072,-0.663
0.192,-0.672
-0.515,-0.656
-0.909,-0.696
-2.421,-0.941
2.908,-1.05
1.992,-0.989
1.399,-1.248
0.804,-1.222
-0.846,-1.146
-0.564,-1.157
2.34,-1.111
0.775,-2.023
0.813,-2.588
-1.46,-3.487
-2.843,-3.466
0.421,-3.475
-0.286,-3.459
-0.68,-3.499
-2.192,-3.744
3.137,-3.853
2.221,-3.792
1.628,-4.051
1.033,-4.025
-0.617,-3.949
2.904,0.046
1.339,-0.866
1.377,-1.431
-0.896,-2.33
-2.279,-2.309
0.985,-2.318
0.278,-2.302
-0.116,-2.342
-1.628,-2.587
-2.582,-2.696
2.785,-2.635
2.192,-2.894
1.597,-2.868
-0.053,-2.792
-1.565,-0.912
-1.527,-1.477
2.483,-2.376
1.1,-2.355
-1.919,-2.364
-2.626,-2.348
-3.02,-2.388
1.751,-2.633
0.797,-2.742
-0.119,-2.681
-0.712,-2.94
-1.307,-2.914
-2.957,-2.838
0.038,-0.565
-2.235,-1.464
2.665,-1.443
-0.354,-1.452
-1.061,-1.436
-1.455,-1.476
-2.967,-1.721
2.362,-1.83
1.446,-1.769
0.853,-2.028
0.258,-2.002
-1.392,-1.926
-2.273,-0.899
2.627,-0.878
-0.392,-0.887
-1.099,-0.871
-1.493,-0.911
-3.005,-1.156
2.324,-1.265
1.408,-1.204
0.815,-1.463
0.22,-1.437
-1.43,-1.361
-1.383,0.021
1.881,0.012
1.174,0.028
0.78,-0.012
-0.732,-0.257
-1.686,-0.366
-2.602,-0.305
3.088,-0.564
2.493,-0.538
0.843,-0.462
-3.019,-0.009
2.557,0.007
2.163,-0.033
0.651,-0.278
-0.303,-0.387
-1.219,-0.326
-1.812,-0.585
-2.407,-0.559
2.226,-0.483
-0.707,0.016
-1.101,-0.024
-2.613,-0.269
2.716,-0.378
1.8,-0.317
1.207,-0.576
0.612,-0.55
-1.038,-0.474
-0.394,-0.04
-1.906,-0.285
-2.86,-0.394
2.507,-0.333
1.914,-0.592
1.319,-0.566
-0.331,-0.49
-1.512,-0.245
-2.466,-0.354
2.901,-0.293
2.308,-0.552
1.713,-0.526
0.063,-0.45
-0.954,-0.109
-1.87,-0.048
-2.463,-0.307
-3.058,-0.281
1.575,-0.205
-0.916,0.061
-1.509,-0.198
-2.104,-0.172
2.529,-0.096
-0.593,-0.259
-1.188,-0.233
-2.838,-0.157
-0.595,0.026
-2.245,0.102
-1.65,0.076
