-0.094,-1.163
-0.13,-0.107
-0.086,2.697
-0.104,-0.023
-0.143,1.616
-0.193,-0.359
-0.189,2.057
-0.305,2.579
-0.315,0.65
-0.341,0.462
-0.367,2.092
-0.541,0.051
-0.61,2.265
-0.636,0.303
-0.625,0.578
-0.68,-0.149
-0.75,-0.267
-0.684,0.634
-0.825,1.179
-0.801,2.19
-0.888,0.943
-0.92,0.294
-0.984,0.978
-0.922,1.294
-0.936,0.955
-0.956,-1.205
-0.944,2.726
-1.087,2.017
-1.281,0.349
-1.215,0.889
-1.229,0.479
-1.279,1.364
-1.352,-0.068
-1.38,0.308
-1.367,2.128
-1.366,2.219
-1.435,-0.373
-1.433,0.213
-1.468,0.002
-1.548,0.275
-1.621,1.374
-1.665,2.668
-1.77,2.094
-1.898,1.677
-1.909,0.62
-1.888,-1.117
-2.05,0.943
-2.043,2.696
-2.188,0.102
-2.192,1.878
-2.139,0.88
-2.205,1.55
-2.239,-0.042
-2.209,-0.773
-2.418,0.507
-2.546,2.39
-2.693,2.274
-2.801,2.018
-2.882,2.583
-2.913,-0.951
-2.858,-0.931
-3.118,2.615
3.117,-0.375
3.06,1.857
2.913,1.674
2.849,0.889
2.846,2.238
2.793,1.968
2.679,0.94
2.656,-0.129
2.663,0.249
2.61,-1.131
2.585,-0.077
2.632,2.607
2.595,-0.585
2.6,2.484
2.365,0.236
2.428,0.672
2.365,-0.675
2.371,-0.111
2.246,0.161
2.174,0.397
2.081,0.924
2.018,-0.137
1.974,-0.95
1.891,-1.064
1.947,-0.358
1.904,1.617
1.895,1.217
1.798,1.737
1.674,-0.814
1.67,1.785
1.608,2.292
1.644,-0.08
1.631,1.653
1.543,2.02
1.585,1.753
1.473,1.904
1.544,2.182
1.514,0.137
1.52,1.783
1.496,0.63
1.456,1.248
1.43,2.719
1.368,1.324
1.429,1.247
1.35,1.295
1.312,0.021
1.146,-0.112
1.191,-0.042
1.061,1.531
0.989,-0.504
0.832,0.653
0.886,0.073
0.867,0.387
0.817,-0.645
0.479,-0.979
0.36,2.301
0.37,0.593
0.302,-0.254
0.251,0.456
0.199,0.418
0.181,-1.081
0.065,0.464
-0.028,2.307
-0.033,-0.511
0.042,1.755
-0.512,-1.496
-0.919,-1.295
-1.203,-1.411
-1.968,-1.075
-2.602,-1.581
-3.1,-1.428
2.673,-1.316
-0.017,2.991
-0.699,2.841
-0.911,2.766
-0.927,2.933
-1.084,2.865
-1.407,2.926
-1.978,2.725
-2.198,2.938
2.249,3.098
2.125,3.132
1.749,2.941
1.22,3.044
0.945,2.842
0.705,3.074
0.577,3.101
-2.138,0.574
2.541,0.161
2.159,1.881
1.635,0.006
-2.155,2.859
1.974,2.942
0.021,-0.002
-0.182,-0.925
-0.137,0.183
-0.134,0.448
-0.308,-1.148
-0.223,2.44
-0.309,1.819
-0.504,1.238
-0.532,0.704
-0.563,-0.105
-0.708,0.288
-0.737,0.121
-0.736,-0.721
-1.0,2.345
-0.992,1.51
-1.01,-1.132
-1.074,-1.039
-1.164,-0.658
-1.122,0.302
-1.276,-0.978
-1.348,1.281
-1.324,-0.734
-1.416,-0.155
-1.556,1.046
-1.74,0.334
-1.689,0.636
-1.825,0.443
-1.851,1.26
-1.891,0.846
-2.046,0.986
-2.025,1.641
-2.107,2.632
-2.23,-1.118
-2.295,-0.041
-2.415,2.532
-2.411,-1.248
-2.384,0.225
-2.511,1.486
-2.711,-0.094
-2.81,0.807
-2.81,-0.768
-2.962,0.044
-2.982,0.654
-3.101,2.722
3.05,1.525
2.663,2.416
2.565,0.243
2.568,2.477
2.422,1.392
2.311,2.411
2.061,1.056
2.16,0.68
1.965,1.332
2.013,-0.081
1.905,-1.181
1.776,1.109
1.623,1.569
1.455,0.272
1.152,-0.717
1.138,-0.681
1.246,1.889
1.015,0.025
1.011,1.444
0.88,0.584
1.023,2.488
0.831,0.842
0.608,-0.037
0.476,-0.503
0.326,0.079
0.157,-0.091
0.213,1.83
0.137,0.256
0.101,0.403
-0.536,-1.416
-1.355,-1.313
-2.589,-1.479
-2.509,-1.369
0.268,-1.333
0.019,-1.33
-0.167,2.96
-0.759,3.13
2.875,2.833
2.5,2.865
2.545,2.849
1.87,2.81
1.256,2.724
1.189,2.87
0.953,3.126
0.833,2.891
0.943,2.797
-1.147,1.137
-1.165,2.434
-1.531,-0.756
-2.683,0.481
1.253,1.88
-0.826,0.333
-1.107,-0.251
1.738,1.156
1.601,0.605
1.673,0.968
1.597,0.399
1.253,-0.933
0.974,-0.705
0.758,1.032
0.841,0.259
0.79,0.981
0.74,0.977
0.604,1.94
-2.314,0.001
1.929,-0.857
0.575,-0.706
-0.036,1.056
0.008,3.86
-0.01,1.14
-0.049,2.779
-0.099,0.804
-0.095,3.22
-0.211,3.742
-0.221,1.813
-0.247,1.625
-0.273,3.255
-0.447,1.214
-0.516,3.428
-0.542,1.466
-0.531,1.741
-0.586,1.014
-0.656,0.896
-0.59,1.797
-0.731,2.342
-0.707,3.353
-0.794,2.106
-0.826,1.457
-0.89,2.141
-0.828,2.457
-0.842,2.118
-0.862,-0.042
-0.85,3.889
-0.993,3.18
-1.187,1.512
-1.121,2.052
-1.135,1.642
-1.185,2.527
-1.258,1.095
-1.286,1.471
-1.273,3.291
-1.272,3.382
-1.341,0.79
-1.339,1.376
-1.374,1.165
-1.454,1.438
-1.527,2.537
-1.571,3.831
-1.676,3.257
-1.804,2.84
-1.815,1.783
-1.794,0.046
-1.956,2.106
-1.949,3.859
-2.094,1.265
-2.098,3.041
-2.045,2.043
-2.111,2.713
-2.145,1.121
-2.115,0.39
-2.324,1.67
-2.452,3.553
-2.599,3.437
-2.707,3.181
-2.788,3.746
-2.819,0.212
-2.764,0.232
-3.024,3.778
-3.072,0.788
-3.129,3.02
3.007,2.837
2.943,2.052
2.94,3.401
2.887,3.131
2.773,2.103
2.75,1.034
2.757,1.412
2.704,0.032
2.679,1.086
2.726,3.77
2.689,0.578
2.694,3.647
2.459,1.399
2.522,1.835
2.459,0.488
2.465,1.052
2.34,1.324
2.268,1.56
2.175,2.087
2.112,1.026
2.068,0.213
1.985,0.099
2.041,0.805
1.998,2.78
1.989,2.38
1.892,2.9
1.768,0.349
1.764,2.948
1.702,3.455
1.738,1.083
1.725,2.816
1.637,3.183
1.679,2.916
1.567,3.067
1.638,3.345
1.608,1.3
1.614,2.946
1.59,1.793
1.55,2.411
1.524,3.882
1.462,2.487
1.523,2.41
1.444,2.458
1.406,1.184
1.24,1.051
1.285,1.121
1.155,2.694
1.083,0.659
0.926,1.816
0.98,1.236
0.961,1.55
0.911,0.518
0.573,0.184
0.454,3.464
0.464,1.756
0.396,0.909
0.345,1.619
0.293,1.581
0.275,0.082
0.159,1.627
0.066,3.47
0.061,0.652
0.136,2.918
-0.418,-0.333
-0.825,-0.132
-1.109,-0.248
-1.874,0.088
-2.508,-0.418
-3.006,-0.265
2.767,-0.153
0.077,4.154
-0.605,4.004
-0.817,3.929
-0.833,4.096
-0.99,4.028
-1.313,4.089
-1.884,3.888
-2.104,4.101
2.343,4.261
2.219,4.295
1.843,4.104
1.314,4.207
1.039,4.005
0.799,4.237
0.671,4.264
-2.044,1.737
2.635,1.324
2.253,3.044
1.729,1.169
-2.061,4.022
2.068,4.105
0.115,1.161
-0.088,0.238
-0.043,1.346
-0.04,1.611
-0.214,0.015
-0.129,3.603
-0.215,2.982
-0.41,2.401
-0.438,1.867
-0.469,1.058
-0.614,1.451
-0.643,1.284
-0.642,0.442
-0.906,3.508
-0.898,2.673
-0.916,0.031
-0.98,0.124
-1.07,0.505
-1.028,1.465
-1.182,0.185
-1.254,2.444
-1.23,0.429
-1.322,1.008
-1.462,2.209
-1.646,1.497
-1.595,1.799
-1.731,1.606
-1.757,2.423
-1.797,2.009
-1.952,2.149
-1.931,2.804
-2.013,3.795
-2.136,0.045
-2.201,1.122
-2.321,3.695
-2.317,-0.085
-2.29,1.388
-2.417,2.649
-2.617,1.069
-2.716,1.97
-2.716,0.395
-2.868,1.207
-2.888,1.817
-3.007,3.885
-3.139,2.688
2.757,3.579
2.659,1.406
2.662,3.64
2.516,2.555
2.405,3.574
2.155,2.219
2.254,1.843
2.059,2.495
2.107,1.082
1.999,-0.018
1.87,2.272
1.717,2.732
1.549,1.435
1.246,0.446
1.232,0.482
1.34,3.052
1.109,1.188
1.105,2.607
0.974,1.747
1.117,3.651
0.925,2.005
0.702,1.126
0.57,0.66
0.42,1.242
0.251,1.072
0.307,2.993
0.231,1.419
0.195,1.566
-0.442,-0.253
-1.261,-0.15
-2.495,-0.316
-2.415,-0.206
0.362,-0.17
0.113,-0.167
-0.073,4.123
-0.665,4.293
2.969,3.996
2.594,4.028
2.639,4.012
1.964,3.973
1.35,3.887
1.283,4.033
1.047,4.289
0.927,4.054
1.037,3.96
-1.053,2.3
-1.071,3.597
-1.437,0.407
-2.589,1.644
1.347,3.043
-0.732,1.496
-1.013,0.912
1.832,2.319
1.695,1.768
1.767,2.131
1.691,1.562
1.347,0.23
1.068,0.458
0.852,2.195
0.935,1.422
0.884,2.144
0.834,2.14
0.698,3.103
-2.22,1.164
2.023,0.306
0.669,0.457
0.044,2.804
0.026,0.084
-0.013,1.723
-0.063,-0.252
-0.059,2.164
-0.175,2.686
-0.185,0.757
-0.211,0.569
-0.237,2.199
-0.411,0.158
-0.48,2.372
-0.506,0.41
-0.495,0.685
-0.55,-0.042
-0.62,-0.16
-0.554,0.741
-0.695,1.286
-0.671,2.297
-0.758,1.05
-0.79,0.401
-0.854,1.085
-0.792,1.401
-0.806,1.062
-0.826,-1.098
-0.814,2.833
-0.957,2.124
-1.151,0.456
-1.085,0.996
-1.099,0.586
-1.149,1.471
-1.222,0.039
-1.25,0.415
-1.237,2.235
-1.236,2.326
-1.305,-0.266
-1.303,0.32
-1.338,0.109
-1.418,0.382
-1.491,1.481
-1.535,2.775
-1.64,2.201
-1.768,1.784
-1.779,0.727
-1.758,-1.01
-1.92,1.05
-1.913,2.803
-2.058,0.209
-2.062,1.985
-2.009,0.987
-2.075,1.657
-2.109,0.065
-2.079,-0.666
-2.288,0.614
-2.416,2.497
-2.563,2.381
-2.671,2.125
-2.752,2.69
-2.783,-0.844
-2.728,-0.824
-2.988,2.722
-3.036,-0.268
-3.093,1.964
3.043,1.781
2.979,0.996
2.976,2.345
2.923,2.075
2.809,1.047
2.786,-0.022
2.793,0.356
2.74,-1.024
2.715,0.03
2.762,2.714
2.725,-0.478
2.73,2.591
2.495,0.343
2.558,0.779
2.495,-0.568
2.501,-0.004
2.376,0.268
2.304,0.504
2.211,1.031
2.148,-0.03
2.104,-0.843
2.021,-0.957
2.077,-0.251
2.034,1.724
2.025,1.324
1.928,1.844
1.804,-0.707
1.8,1.892
1.738,2.399
1.774,0.027
1.761,1.76
1.673,2.127
1.715,1.86
1.603,2.011
1.674,2.289
1.644,0.244
1.65,1.89
1.626,0.737
1.586,1.355
1.56,2.826
1.498,1.431
1.559,1.354
1.48,1.402
1.442,0.128
1.276,-0.005
1.321,0.065
1.191,1.638
1.119,-0.397
0.962,0.76
1.016,0.18
0.997,0.494
0.947,-0.538
0.609,-0.872
0.49,2.408
0.5,0.7
0.432,-0.147
0.381,0.563
0.329,0.525
0.311,-0.974
0.195,0.571
0.102,2.414
0.097,-0.404
0.172,1.862
-0.382,-1.389
-0.789,-1.188
-1.073,-1.304
-1.838,-0.968
-2.472,-1.474
-2.97,-1.321
2.803,-1.209
0.113,3.098
-0.569,2.948
-0.781,2.873
-0.797,3.04
-0.954,2.972
-1.277,3.033
-1.848,2.832
-2.068,3.045
2.379,3.205
2.255,3.239
1.879,3.048
1.35,3.151
1.075,2.949
0.835,3.181
0.707,3.208
-2.008,0.681
2.671,0.268
2.289,1.988
1.765,0.113
-2.025,2.966
2.104,3.049
0.151,0.105
-0.052,-0.818
-0.007,0.29
-0.004,0.555
-0.178,-1.041
-0.093,2.547
-0.179,1.926
-0.374,1.345
-0.402,0.811
-0.433,0.002
-0.578,0.395
-0.607,0.228
-0.606,-0.614
-0.87,2.452
-0.862,1.617
-0.88,-1.025
-0.944,-0.932
-1.034,-0.551
-0.992,0.409
-1.146,-0.871
-1.218,1.388
-1.194,-0.627
-1.286,-0.048
-1.426,1.153
-1.61,0.441
-1.559,0.743
-1.695,0.55
-1.721,1.367
-1.761,0.953
-1.916,1.093
-1.895,1.748
-1.977,2.739
-2.1,-1.011
-2.165,0.066
-2.285,2.639
-2.281,-1.141
-2.254,0.332
-2.381,1.593
-2.581,0.013
-2.68,0.914
-2.68,-0.661
-2.832,0.151
-2.852,0.761
-2.971,2.829
-3.103,1.632
2.793,2.523
2.695,0.35
2.698,2.584
2.552,1.499
2.441,2.518
2.191,1.163
2.29,0.787
2.095,1.439
2.143,0.026
2.035,-1.074
1.906,1.216
1.753,1.676
1.585,0.379
1.282,-0.61
1.268,-0.574
1.376,1.996
1.145,0.132
1.141,1.551
1.01,0.691
1.153,2.595
0.961,0.949
0.738,0.07
0.606,-0.396
0.456,0.186
0.287,0.016
0.343,1.937
0.267,0.363
0.231,0.51
-0.406,-1.309
-1.225,-1.206
-2.459,-1.372
-2.379,-1.262
0.398,-1.226
0.149,-1.223
-0.037,3.067
-0.629,3.237
3.005,2.94
2.63,2.972
2.675,2.956
2.0,2.917
1.386,2.831
1.319,2.977
1.083,3.233
0.963,2.998
1.073,2.904
-1.017,1.244
-1.035,2.541
-1.401,-0.649
-2.553,0.588
1.383,1.987
-0.696,0.44
-0.977,-0.144
1.868,1.263
1.731,0.712
1.803,1.075
1.727,0.506
1.383,-0.826
1.104,-0.598
0.888,1.139
0.971,0.366
0.92,1.088
0.87,1.084
0.734,2.047
-2.184,0.108
2.059,-0.75
0.705,-0.599
-0.018,-2.72
-0.057,-1.081
-0.107,-3.056
-0.103,-0.64
-0.219,-0.118
-0.229,-2.047
-0.255,-2.235
-0.281,-0.605
-0.455,-2.646
-0.524,-0.432
-0.55,-2.394
-0.539,-2.119
-0.594,-2.846
-0.664,-2.964
-0.598,-2.063
-0.739,-1.518
-0.715,-0.507
-0.802,-1.754
-0.834,-2.403
-0.898,-1.719
-0.836,-1.403
-0.85,-1.742
-0.87,-3.902
-0.858,0.029
-1.001,-0.68
-1.195,-2.348
-1.129,-1.808
-1.143,-2.218
-1.193,-1.333
-1.266,-2.765
-1.294,-2.389
-1.281,-0.569
-1.28,-0.478
-1.349,-3.07
-1.347,-2.484
-1.382,-2.695
-1.462,-2.422
-1.535,-1.323
-1.579,-0.029
-1.684,-0.603
-1.812,-1.02
-1.823,-2.077
-1.802,-3.814
-1.964,-1.754
-1.957,-0.001
-2.102,-2.595
-2.106,-0.819
-2.053,-1.817
-2.119,-1.147
-2.153,-2.739
-2.123,-3.47
-2.332,-2.19
-2.46,-0.307
-2.607,-0.423
-2.715,-0.679
-2.796,-0.114
-2.827,-3.648
-2.772,-3.628
-3.032,-0.082
-3.08,-3.072
-3.137,-0.84
2.999,-1.023
2.935,-1.808
2.932,-0.459
2.879,-0.729
2.765,-1.757
2.742,-2.826
2.749,-2.448
2.696,-3.828
2.671,-2.774
2.718,-0.09
2.681,-3.282
2.686,-0.213
2.451,-2.461
2.514,-2.025
2.451,-3.372
2.457,-2.808
2.332,-2.536
2.26,-2.3
2.167,-1.773
2.104,-2.834
2.06,-3.647
1.977,-3.761
2.033,-3.055
1.99,-1.08
1.981,-1.48
1.884,-0.96
1.76,-3.511
1.756,-0.912
1.694,-0.405
1.73,-2.777
1.717,-1.044
1.629,-0.677
1.671,-0.944
1.559,-0.793
1.63,-0.515
1.6,-2.56
1.606,-0.914
1.582,-2.067
1.542,-1.449
1.516,0.022
1.454,-1.373
1.515,-1.45
1.436,-1.402
1.398,-2.676
1.232,-2.809
1.277,-2.739
1.147,-1.166
1.075,-3.201
0.918,-2.044
0.972,-2.624
0.953,-2.31
0.903,-3.342
0.565,-3.676
0.446,-0.396
0.456,-2.104
0.388,-2.951
0.337,-2.241
0.285,-2.279
0.267,-3.778
0.151,-2.233
0.058,-0.39
0.053,-3.208
0.128,-0.942
-0.426,-4.193
-0.833,-3.992
-1.117,-4.108
-1.882,-3.772
-2.516,-4.278
-3.014,-4.125
2.759,-4.013
0.069,0.294
-0.613,0.144
-0.825,0.069
-0.841,0.236
-0.998,0.168
-1.321,0.229
-1.892,0.028
-2.112,0.241
2.335,0.401
2.211,0.435
1.835,0.244
1.306,0.347
1.031,0.145
0.791,0.377
0.663,0.404
-2.052,-2.123
2.627,-2.536
2.245,-0.816
1.721,-2.691
-2.069,0.162
2.06,0.245
0.107,-2.699
-0.096,-3.622
-0.051,-2.514
-0.048,-2.249
-0.222,-3.845
-0.137,-0.257
-0.223,-0.878
-0.418,-1.459
-0.446,-1.993
-0.477,-2.802
-0.622,-2.409
-0.651,-2.576
-0.65,-3.418
-0.914,-0.352
-0.906,-1.187
-0.924,-3.829
-0.988,-3.736
-1.078,-3.355
-1.036,-2.395
-1.19,-3.675
-1.262,-1.416
-1.238,-3.431
-1.33,-2.852
-1.47,-1.651
-1.654,-2.363
-1.603,-2.061
-1.739,-2.254
-1.765,-1.437
-1.805,-1.851
-1.96,-1.711
-1.939,-1.056
-2.021,-0.065
-2.144,-3.815
-2.209,-2.738
-2.329,-0.165
-2.325,-3.945
-2.298,-2.472
-2.425,-1.211
-2.625,-2.791
-2.724,-1.89
-2.724,-3.465
-2.876,-2.653
-2.896,-2.043
-3.015,0.025
3.136,-1.172
2.749,-0.281
2.651,-2.454
2.654,-0.22
2.508,-1.305
2.397,-0.286
2.147,-1.641
2.246,-2.017
2.051,-1.365
2.099,-2.778
1.991,-3.878
1.862,-1.588
1.709,-1.128
1.541,-2.425
1.238,-3.414
1.224,-3.378
1.332,-0.808
1.101,-2.672
1.097,-1.253
0.966,-2.113
1.109,-0.209
0.917,-1.855
0.694,-2.734
0.562,-3.2
0.412,-2.618
0.243,-2.788
0.299,-0.867
0.223,-2.441
0.187,-2.294
-0.45,-4.113
-1.269,-4.01
-2.503,-4.176
-2.423,-4.066
0.354,-4.03
0.105,-4.027
-0.081,0.263
-0.673,0.433
2.961,0.136
2.586,0.168
2.631,0.152
1.956,0.113
1.342,0.027
1.275,0.173
1.039,0.429
0.919,0.194
1.029,0.1
-1.061,-1.56
-1.079,-0.263
-1.445,-3.453
-2.597,-2.216
1.339,-0.817
-0.74,-2.364
-1.021,-2.948
1.824,-1.541
1.687,-2.092
1.759,-1.729
1.683,-2.298
1.339,-3.63
1.06,-3.402
0.844,-1.665
0.927,-2.438
0.876,-1.716
0.826,-1.72
0.69,-0.757
-2.228,-2.696
2.015,-3.554
0.661,-3.403
-0.039,1.639
-0.089,-0.336
-0.085,2.08
-0.201,2.602
-0.211,0.673
-0.237,0.485
-0.263,2.115
-0.437,0.074
-0.506,2.288
-0.532,0.326
-0.521,0.601
-0.576,-0.126
-0.646,-0.244
-0.58,0.657
-0.721,1.202
-0.697,2.213
-0.784,0.966
-0.816,0.317
-0.88,1.001
-0.818,1.317
-0.832,0.978
-0.852,-1.182
-0.84,2.749
-0.983,2.04
-1.177,0.372
-1.111,0.912
-1.125,0.502
-1.175,1.387
-1.248,-0.045
-1.276,0.331
-1.263,2.151
-1.262,2.242
-1.331,-0.35
-1.329,0.236
-1.364,0.025
-1.444,0.298
-1.517,1.397
-1.561,2.691
-1.666,2.117
-1.794,1.7
-1.805,0.643
-1.784,-1.094
-1.946,0.966
-1.939,2.719
-2.084,0.125
-2.088,1.901
-2.035,0.903
-2.101,1.573
-2.135,-0.019
-2.105,-0.75
-2.314,0.53
-2.442,2.413
-2.589,2.297
-2.697,2.041
-2.778,2.606
-2.809,-0.928
-2.754,-0.908
-3.014,2.638
-3.062,-0.352
-3.119,1.88
3.017,1.697
2.953,0.912
2.95,2.261
2.897,1.991
2.783,0.963
2.76,-0.106
2.767,0.272
2.714,-1.108
2.689,-0.054
2.736,2.63
2.699,-0.562
2.704,2.507
2.469,0.259
2.532,0.695
2.469,-0.652
2.475,-0.088
2.35,0.184
2.278,0.42
2.185,0.947
2.122,-0.114
2.078,-0.927
1.995,-1.041
2.051,-0.335
2.008,1.64
1.999,1.24
1.902,1.76
1.778,-0.791
1.774,1.808
1.712,2.315
1.748,-0.057
1.735,1.676
1.647,2.043
1.689,1.776
1.577,1.927
1.648,2.205
1.618,0.16
1.624,1.806
1.6,0.653
1.56,1.271
1.534,2.742
1.472,1.347
1.533,1.27
1.454,1.318
1.416,0.044
1.25,-0.089
1.295,-0.019
1.165,1.554
1.093,-0.481
0.936,0.676
0.99,0.096
0.971,0.41
0.921,-0.622
0.583,-0.956
0.464,2.324
0.474,0.616
0.406,-0.231
0.355,0.479
0.303,0.441
0.285,-1.058
0.169,0.487
0.076,2.33
0.071,-0.488
0.146,1.778
-0.408,-1.473
-0.815,-1.272
-1.099,-1.388
-1.864,-1.052
-2.498,-1.558
-2.996,-1.405
2.777,-1.293
0.087,3.014
-0.595,2.864
-0.807,2.789
-0.823,2.956
-0.98,2.888
-1.303,2.949
-1.874,2.748
-2.094,2.961
2.353,3.121
2.229,3.155
1.853,2.964
1.324,3.067
1.049,2.865
0.809,3.097
0.681,3.124
-2.034,0.597
2.645,0.184
2.263,1.904
1.739,0.029
-2.051,2.882
2.078,2.965
0.125,0.021
-0.078,-0.902
-0.033,0.206
-0.03,0.471
-0.204,-1.125
-0.119,2.463
-0.205,1.842
-0.4,1.261
-0.428,0.727
-0.459,-0.082
-0.604,0.311
-0.633,0.144
-0.632,-0.698
-0.896,2.368
-0.888,1.533
-0.906,-1.109
-0.97,-1.016
-1.06,-0.635
-1.018,0.325
-1.172,-0.955
-1.244,1.304
-1.22,-0.711
-1.312,-0.132
-1.452,1.069
-1.636,0.357
-1.585,0.659
-1.721,0.466
-1.747,1.283
-1.787,0.869
-1.942,1.009
-1.921,1.664
-2.003,2.655
-2.126,-1.095
-2.191,-0.018
-2.311,2.555
-2.307,-1.225
-2.28,0.248
-2.407,1.509
-2.607,-0.071
-2.706,0.83
-2.706,-0.745
-2.858,0.067
-2.878,0.677
-2.997,2.745
-3.129,1.548
2.767,2.439
2.669,0.266
2.672,2.5
2.526,1.415
2.415,2.434
2.165,1.079
2.264,0.703
2.069,1.355
2.117,-0.058
2.009,-1.158
1.88,1.132
1.727,1.592
1.559,0.295
1.256,-0.694
1.242,-0.658
1.35,1.912
1.119,0.048
1.115,1.467
0.984,0.607
1.127,2.511
0.935,0.865
0.712,-0.014
0.58,-0.48
0.43,0.102
0.261,-0.068
0.317,1.853
0.241,0.279
0.205,0.426
-0.432,-1.393
-1.251,-1.29
-2.485,-1.456
-2.405,-1.346
0.372,-1.31
0.123,-1.307
-0.063,2.983
-0.655,3.153
2.979,2.856
2.604,2.888
2.649,2.872
1.974,2.833
1.36,2.747
1.293,2.893
1.057,3.149
0.937,2.914
1.047,2.82
-1.043,1.16
-1.061,2.457
-1.427,-0.733
-2.579,0.504
1.357,1.903
-0.722,0.356
-1.003,-0.228
1.842,1.179
1.705,0.628
1.777,0.991
1.701,0.422
1.357,-0.91
1.078,-0.682
0.862,1.055
0.945,0.282
0.894,1.004
0.844,1.0
0.708,1.963
-2.21,0.024
2.033,-0.834
0.679,-0.683
-0.05,-1.975
-0.046,0.441
-0.162,0.963
-0.172,-0.966
-0.198,-1.154
-0.224,0.476
-0.398,-1.565
-0.467,0.649
-0.493,-1.313
-0.482,-1.038
-0.537,-1.765
-0.607,-1.883
-0.541,-0.982
-0.682,-0.437
-0.658,0.574
-0.745,-0.673
-0.777,-1.322
-0.841,-0.638
-0.779,-0.322
-0.793,-0.661
-0.813,-2.821
-0.801,1.11
-0.944,0.401
-1.138,-1.267
-1.072,-0.727
-1.086,-1.137
-1.136,-0.252
-1.209,-1.684
-1.237,-1.308
-1.224,0.512
-1.223,0.603
-1.292,-1.989
-1.29,-1.403
-1.325,-1.614
-1.405,-1.341
-1.478,-0.242
-1.522,1.052
-1.627,0.478
-1.755,0.061
-1.766,-0.996
-1.745,-2.733
-1.907,-0.673
-1.9,1.08
-2.045,-1.514
-2.049,0.262
-1.996,-0.736
-2.062,-0.066
-2.096,-1.658
-2.066,-2.389
-2.275,-1.109
-2.403,0.774
-2.55,0.658
-2.658,0.402
-2.739,0.967
-2.77,-2.567
-2.715,-2.547
-2.975,0.999
-3.023,-1.991
-3.08,0.241
3.056,0.058
2.992,-0.727
2.989,0.622
2.936,0.352
2.822,-0.676
2.799,-1.745
2.806,-1.367
2.753,-2.747
2.728,-1.693
2.775,0.991
2.738,-2.201
2.743,0.868
2.508,-1.38
2.571,-0.944
2.508,-2.291
2.514,-1.727
2.389,-1.455
2.317,-1.219
2.224,-0.692
2.161,-1.753
2.117,-2.566
2.034,-2.68
2.09,-1.974
2.047,0.001
2.038,-0.399
1.941,0.121
1.817,-2.43
1.813,0.169
1.751,0.676
1.787,-1.696
1.774,0.037
1.686,0.404
1.728,0.137
1.616,0.288
1.687,0.566
1.657,-1.479
1.663,0.167
1.639,-0.986
1.599,-0.368
1.573,1.103
1.511,-0.292
1.572,-0.369
1.493,-0.321
1.455,-1.595
1.289,-1.728
1.334,-1.658
1.204,-0.085
1.132,-2.12
0.975,-0.963
1.029,-1.543
1.01,-1.229
0.96,-2.261
0.622,-2.595
0.503,0.685
0.513,-1.023
0.445,-1.87
0.394,-1.16
0.342,-1.198
0.324,-2.697
0.208,-1.152
0.115,0.691
0.11,-2.127
0.185,0.139
-0.369,-3.112
-0.776,-2.911
-1.06,-3.027
-1.825,-2.691
-2.459,-3.197
-2.957,-3.044
2.816,-2.932
0.126,1.375
-0.556,1.225
-0.768,1.15
-0.784,1.317
-0.941,1.249
-1.264,1.31
-1.835,1.109
-2.055,1.322
2.392,1.482
2.268,1.516
1.892,1.325
1.363,1.428
1.088,1.226
0.848,1.458
0.72,1.485
-1.995,-1.042
2.684,-1.455
2.302,0.265
1.778,-1.61
-2.012,1.243
2.117,1.326
0.164,-1.618
-0.039,-2.541
0.006,-1.433
0.009,-1.168
-0.165,-2.764
-0.08,0.824
-0.166,0.203
-0.361,-0.378
-0.389,-0.912
-0.42,-1.721
-0.565,-1.328
-0.594,-1.495
-0.593,-2.337
-0.857,0.729
-0.849,-0.106
-0.867,-2.748
-0.931,-2.655
-1.021,-2.274
-0.979,-1.314
-1.133,-2.594
-1.205,-0.335
-1.181,-2.35
-1.273,-1.771
-1.413,-0.57
-1.597,-1.282
-1.546,-0.98
-1.682,-1.173
-1.708,-0.356
-1.748,-0.77
-1.903,-0.63
-1.882,0.025
-1.964,1.016
-2.087,-2.734
-2.152,-1.657
-2.272,0.916
-2.268,-2.864
-2.241,-1.391
-2.368,-0.13
-2.568,-1.71
-2.667,-0.809
-2.667,-2.384
-2.819,-1.572
-2.839,-0.962
-2.958,1.106
-3.09,-0.091
2.806,0.8
2.708,-1.373
2.711,0.861
2.565,-0.224
2.454,0.795
2.204,-0.56
2.303,-0.936
2.108,-0.284
2.156,-1.697
2.048,-2.797
1.919,-0.507
1.766,-0.047
1.598,-1.344
1.295,-2.333
1.281,-2.297
1.389,0.273
1.158,-1.591
1.154,-0.172
1.023,-1.032
1.166,0.872
0.974,-0.774
0.751,-1.653
0.619,-2.119
0.469,-1.537
0.3,-1.707
0.356,0.214
0.28,-1.36
0.244,-1.213
-0.393,-3.032
-1.212,-2.929
-2.446,-3.095
-2.366,-2.985
0.411,-2.949
0.162,-2.946
-0.024,1.344
-0.616,1.514
3.018,1.217
2.643,1.249
2.688,1.233
2.013,1.194
1.399,1.108
1.332,1.254
1.096,1.51
0.976,1.275
1.086,1.181
-1.004,-0.479
-1.022,0.818
-1.388,-2.372
-2.54,-1.135
1.396,0.264
-0.683,-1.283
-0.964,-1.867
1.881,-0.46
1.744,-1.011
1.816,-0.648
1.74,-1.217
1.396,-2.549
1.117,-2.321
0.901,-0.584
0.984,-1.357
0.933,-0.635
0.883,-0.639
0.747,0.324
-2.171,-1.615
2.072,-2.473
0.718,-2.322
0.004,2.416
-0.112,2.938
-0.122,1.009
-0.148,0.821
-0.174,2.451
-0.348,0.41
-0.417,2.624
-0.443,0.662
-0.432,0.937
-0.487,0.21
-0.557,0.092
-0.491,0.993
-0.632,1.538
-0.608,2.549
-0.695,1.302
-0.727,0.653
-0.791,1.337
-0.729,1.653
-0.743,1.314
-0.763,-0.846
-0.751,3.085
-0.894,2.376
-1.088,0.708
-1.022,1.248
-1.036,0.838
-1.086,1.723
-1.159,0.291
-1.187,0.667
-1.174,2.487
-1.173,2.578
-1.242,-0.014
-1.24,0.572
-1.275,0.361
-1.355,0.634
-1.428,1.733
-1.472,3.027
-1.577,2.453
-1.705,2.036
-1.716,0.979
-1.695,-0.758
-1.857,1.302
-1.85,3.055
-1.995,0.461
-1.999,2.237
-1.946,1.239
-2.012,1.909
-2.046,0.317
-2.016,-0.414
-2.225,0.866
-2.353,2.749
-2.5,2.633
-2.608,2.377
-2.689,2.942
-2.72,-0.592
-2.665,-0.572
-2.925,2.974
-2.973,-0.016
-3.03,2.216
3.106,2.033
3.042,1.248
3.039,2.597
2.986,2.327
2.872,1.299
2.849,0.23
2.856,0.608
2.803,-0.772
2.778,0.282
2.825,2.966
2.788,-0.226
2.793,2.843
2.558,0.595
2.621,1.031
2.558,-0.316
2.564,0.248
2.439,0.52
2.367,0.756
2.274,1.283
2.211,0.222
2.167,-0.591
2.084,-0.705
2.14,0.001
2.097,1.976
2.088,1.576
1.991,2.096
1.867,-0.455
1.863,2.144
1.801,2.651
1.837,0.279
1.824,2.012
1.736,2.379
1.778,2.112
1.666,2.263
1.737,2.541
1.707,0.496
1.713,2.142
1.689,0.989
1.649,1.607
1.623,3.078
1.561,1.683
1.622,1.606
1.543,1.654
1.505,0.38
1.339,0.247
1.384,0.317
1.254,1.89
1.182,-0.145
1.025,1.012
1.079,0.432
1.06,0.746
1.01,-0.286
0.672,-0.62
0.553,2.66
0.563,0.952
0.495,0.105
0.444,0.815
0.392,0.777
0.374,-0.722
0.258,0.823
0.165,2.666
0.16,-0.152
0.235,2.114
-0.319,-1.137
-0.726,-0.936
-1.01,-1.052
-1.775,-0.716
-2.409,-1.222
-2.907,-1.069
2.866,-0.957
0.176,3.35
-0.506,3.2
-0.718,3.125
-0.734,3.292
-0.891,3.224
-1.214,3.285
-1.785,3.084
-2.005,3.297
2.442,3.457
2.318,3.491
1.942,3.3
1.413,3.403
1.138,3.201
0.898,3.433
0.77,3.46
-1.945,0.933
2.734,0.52
2.352,2.24
1.828,0.365
-1.962,3.218
2.167,3.301
0.214,0.357
0.011,-0.566
0.056,0.542
0.059,0.807
-0.115,-0.789
-0.03,2.799
-0.116,2.178
-0.311,1.597
-0.339,1.063
-0.37,0.254
-0.515,0.647
-0.544,0.48
-0.543,-0.362
-0.807,2.704
-0.799,1.869
-0.817,-0.773
-0.881,-0.68
-0.971,-0.299
-0.929,0.661
-1.083,-0.619
-1.155,1.64
-1.131,-0.375
-1.223,0.204
-1.363,1.405
-1.547,0.693
-1.496,0.995
-1.632,0.802
-1.658,1.619
-1.698,1.205
-1.853,1.345
-1.832,2.0
-1.914,2.991
-2.037,-0.759
-2.102,0.318
-2.222,2.891
-2.218,-0.889
-2.191,0.584
-2.318,1.845
-2.518,0.265
-2.617,1.166
-2.617,-0.409
-2.769,0.403
-2.789,1.013
-2.908,3.081
-3.04,1.884
2.856,2.775
2.758,0.602
2.761,2.836
2.615,1.751
2.504,2.77
2.254,1.415
2.353,1.039
2.158,1.691
2.206,0.278
2.098,-0.822
1.969,1.468
1.816,1.928
1.648,0.631
1.345,-0.358
1.331,-0.322
1.439,2.248
1.208,0.384
1.204,1.803
1.073,0.943
1.216,2.847
1.024,1.201
0.801,0.322
0.669,-0.144
0.519,0.438
0.35,0.268
0.406,2.189
0.33,0.615
0.294,0.762
-0.343,-1.057
-1.162,-0.954
-2.396,-1.12
-2.316,-1.01
0.461,-0.974
0.212,-0.971
0.026,3.319
-0.566,3.489
3.068,3.192
2.693,3.224
2.738,3.208
2.063,3.169
1.449,3.083
1.382,3.229
1.146,3.485
1.026,3.25
1.136,3.156
-0.954,1.496
-0.972,2.793
-1.338,-0.397
-2.49,0.84
1.446,2.239
-0.633,0.692
-0.914,0.108
1.931,1.515
1.794,0.964
1.866,1.327
1.79,0.758
1.446,-0.574
1.167,-0.346
0.951,1.391
1.034,0.618
0.983,1.34
0.933,1.336
0.797,2.299
-2.121,0.36
2.122,-0.498
0.768,-0.347
-0.116,0.522
-0.126,-1.407
-0.152,-1.595
-0.178,0.035
-0.352,-2.006
-0.421,0.208
-0.447,-1.754
-0.436,-1.479
-0.491,-2.206
-0.561,-2.324
-0.495,-1.423
-0.636,-0.878
-0.612,0.133
-0.699,-1.114
-0.731,-1.763
-0.795,-1.079
-0.733,-0.763
-0.747,-1.102
-0.767,-3.262
-0.755,0.669
-0.898,-0.04
-1.092,-1.708
-1.026,-1.168
-1.04,-1.578
-1.09,-0.693
-1.163,-2.125
-1.191,-1.749
-1.178,0.071
-1.177,0.162
-1.246,-2.43
-1.244,-1.844
-1.279,-2.055
-1.359,-1.782
-1.432,-0.683
-1.476,0.611
-1.581,0.037
-1.709,-0.38
-1.72,-1.437
-1.699,-3.174
-1.861,-1.114
-1.854,0.639
-1.999,-1.955
-2.003,-0.179
-1.95,-1.177
-2.016,-0.507
-2.05,-2.099
-2.02,-2.83
-2.229,-1.55
-2.357,0.333
-2.504,0.217
-2.612,-0.039
-2.693,0.526
-2.724,-3.008
-2.669,-2.988
-2.929,0.558
-2.977,-2.432
-3.034,-0.2
3.102,-0.383
3.038,-1.168
3.035,0.181
2.982,-0.089
2.868,-1.117
2.845,-2.186
2.852,-1.808
2.799,-3.188
2.774,-2.134
2.821,0.55
2.784,-2.642
2.789,0.427
2.554,-1.821
2.617,-1.385
2.554,-2.732
2.56,-2.168
2.435,-1.896
2.363,-1.66
2.27,-1.133
2.207,-2.194
2.163,-3.007
2.08,-3.121
2.136,-2.415
2.093,-0.44
2.084,-0.84
1.987,-0.32
1.863,-2.871
1.859,-0.272
1.797,0.235
1.833,-2.137
1.82,-0.404
1.732,-0.037
1.774,-0.304
1.662,-0.153
1.733,0.125
1.703,-1.92
1.709,-0.274
1.685,-1.427
1.645,-0.809
1.619,0.662
1.557,-0.733
1.618,-0.81
1.539,-0.762
1.501,-2.036
1.335,-2.169
1.38,-2.099
1.25,-0.526
1.178,-2.561
1.021,-1.404
1.075,-1.984
1.056,-1.67
1.006,-2.702
0.668,-3.036
0.549,0.244
0.559,-1.464
0.491,-2.311
0.44,-1.601
0.388,-1.639
0.37,-3.138
0.254,-1.593
0.161,0.25
0.156,-2.568
0.231,-0.302
-0.323,-3.553
-0.73,-3.352
-1.014,-3.468
-1.779,-3.132
-2.413,-3.638
-2.911,-3.485
2.862,-3.373
0.172,0.934
-0.51,0.784
-0.722,0.709
-0.738,0.876
-0.895,0.808
-1.218,0.869
-1.789,0.668
-2.009,0.881
2.438,1.041
2.314,1.075
1.938,0.884
1.409,0.987
1.134,0.785
0.894,1.017
0.766,1.044
-1.949,-1.483
2.73,-1.896
2.348,-0.176
1.824,-2.051
-1.966,0.802
2.163,0.885
0.21,-2.059
0.007,-2.982
0.052,-1.874
0.055,-1.609
-0.119,-3.205
-0.034,0.383
-0.12,-0.238
-0.315,-0.819
-0.343,-1.353
-0.374,-2.162
-0.519,-1.769
-0.548,-1.936
-0.547,-2.778
-0.811,0.288
-0.803,-0.547
-0.821,-3.189
-0.885,-3.096
-0.975,-2.715
-0.933,-1.755
-1.087,-3.035
-1.159,-0.776
-1.135,-2.791
-1.227,-2.212
-1.367,-1.011
-1.551,-1.723
-1.5,-1.421
-1.636,-1.614
-1.662,-0.797
-1.702,-1.211
-1.857,-1.071
-1.836,-0.416
-1.918,0.575
-2.041,-3.175
-2.106,-2.098
-2.226,0.475
-2.222,-3.305
-2.195,-1.832
-2.322,-0.571
-2.522,-2.151
-2.621,-1.25
-2.621,-2.825
-2.773,-2.013
-2.793,-1.403
-2.912,0.665
-3.044,-0.532
2.852,0.359
2.754,-1.814
2.757,0.42
2.611,-0.665
2.5,0.354
2.25,-1.001
2.349,-1.377
2.154,-0.725
2.202,-2.138
2.094,-3.238
1.965,-0.948
1.812,-0.488
1.644,-1.785
1.341,-2.774
1.327,-2.738
1.435,-0.168
1.204,-2.032
1.2,-0.613
1.069,-1.473
1.212,0.431
1.02,-1.215
0.797,-2.094
0.665,-2.56
0.515,-1.978
0.346,-2.148
0.402,-0.227
0.326,-1.801
0.29,-1.654
-0.347,-3.473
-1.166,-3.37
-2.4,-3.536
-2.32,-3.426
0.457,-3.39
0.208,-3.387
0.022,0.903
-0.57,1.073
3.064,0.776
2.689,0.808
2.734,0.792
2.059,0.753
1.445,0.667
1.378,0.813
1.142,1.069
1.022,0.834
1.132,0.74
-0.958,-0.92
-0.976,0.377
-1.342,-2.813
-2.494,-1.576
1.442,-0.177
-0.637,-1.724
-0.918,-2.308
1.927,-0.901
1.79,-1.452
1.862,-1.089
1.786,-1.658
1.442,-2.99
1.163,-2.762
0.947,-1.025
1.03,-1.798
0.979,-1.076
0.929,-1.08
0.793,-0.117
-2.125,-2.056
2.118,-2.914
0.764,-2.763
-0.01,-1.929
-0.036,-2.117
-0.062,-0.487
-0.236,-2.528
-0.305,-0.314
-0.331,-2.276
-0.32,-2.001
-0.375,-2.728
-0.445,-2.846
-0.379,-1.945
-0.52,-1.4
-0.496,-0.389
-0.583,-1.636
-0.615,-2.285
-0.679,-1.601
-0.617,-1.285
-0.631,-1.624
-0.651,-3.784
-0.639,0.147
-0.782,-0.562
-0.976,-2.23
-0.91,-1.69
-0.924,-2.1
-0.974,-1.215
-1.047,-2.647
-1.075,-2.271
-1.062,-0.451
-1.061,-0.36
-1.13,-2.952
-1.128,-2.366
-1.163,-2.577
-1.243,-2.304
-1.316,-1.205
-1.36,0.089
-1.465,-0.485
-1.593,-0.902
-1.604,-1.959
-1.583,-3.696
-1.745,-1.636
-1.738,0.117
-1.883,-2.477
-1.887,-0.701
-1.834,-1.699
-1.9,-1.029
-1.934,-2.621
-1.904,-3.352
-2.113,-2.072
-2.241,-0.189
-2.388,-0.305
-2.496,-0.561
-2.577,0.004
-2.608,-3.53
-2.553,-3.51
-2.813,0.036
-2.861,-2.954
-2.918,-0.722
-3.065,-0.905
-3.129,-1.69
-3.132,-0.341
3.098,-0.611
2.984,-1.639
2.961,-2.708
2.968,-2.33
2.915,-3.71
2.89,-2.656
2.937,0.028
2.9,-3.164
2.905,-0.095
2.67,-2.343
2.733,-1.907
2.67,-3.254
2.676,-2.69
2.551,-2.418
2.479,-2.182
2.386,-1.655
2.323,-2.716
2.279,-3.529
2.196,-3.643
2.252,-2.937
2.209,-0.962
2.2,-1.362
2.103,-0.842
1.979,-3.393
1.975,-0.794
1.913,-0.287
1.949,-2.659
1.936,-0.926
1.848,-0.559
1.89,-0.826
1.778,-0.675
1.849,-0.397
1.819,-2.442
1.825,-0.796
1.801,-1.949
1.761,-1.331
1.735,0.14
1.673,-1.255
1.734,-1.332
1.655,-1.284
1.617,-2.558
1.451,-2.691
1.496,-2.621
1.366,-1.048
1.294,-3.083
1.137,-1.926
1.191,-2.506
1.172,-2.192
1.122,-3.224
0.784,-3.558
0.665,-0.278
0.675,-1.986
0.607,-2.833
0.556,-2.123
0.504,-2.161
0.486,-3.66
0.37,-2.115
0.277,-0.272
0.272,-3.09
0.347,-0.824
-0.207,-4.075
-0.614,-3.874
-0.898,-3.99
-1.663,-3.654
-2.297,-4.16
-2.795,-4.007
2.978,-3.895
0.288,0.412
-0.394,0.262
-0.606,0.187
-0.622,0.354
-0.779,0.286
-1.102,0.347
-1.673,0.146
-1.893,0.359
2.554,0.519
2.43,0.553
2.054,0.362
1.525,0.465
1.25,0.263
1.01,0.495
0.882,0.522
-1.833,-2.005
2.846,-2.418
2.464,-0.698
1.94,-2.573
-1.85,0.28
2.279,0.363
0.326,-2.581
0.123,-3.504
0.168,-2.396
0.171,-2.131
-0.003,-3.727
0.082,-0.139
-0.004,-0.76
-0.199,-1.341
-0.227,-1.875
-0.258,-2.684
-0.403,-2.291
-0.432,-2.458
-0.431,-3.3
-0.695,-0.234
-0.687,-1.069
-0.705,-3.711
-0.769,-3.618
-0.859,-3.237
-0.817,-2.277
-0.971,-3.557
-1.043,-1.298
-1.019,-3.313
-1.111,-2.734
-1.251,-1.533
-1.435,-2.245
-1.384,-1.943
-1.52,-2.136
-1.546,-1.319
-1.586,-1.733
-1.741,-1.593
-1.72,-0.938
-1.802,0.053
-1.925,-3.697
-1.99,-2.62
-2.11,-0.047
-2.106,-3.827
-2.079,-2.354
-2.206,-1.093
-2.406,-2.673
-2.505,-1.772
-2.505,-3.347
-2.657,-2.535
-2.677,-1.925
-2.796,0.143
-2.928,-1.054
2.968,-0.163
2.87,-2.336
2.873,-0.102
2.727,-1.187
2.616,-0.168
2.366,-1.523
2.465,-1.899
2.27,-1.247
2.318,-2.66
2.21,-3.76
2.081,-1.47
1.928,-1.01
1.76,-2.307
1.457,-3.296
1.443,-3.26
1.551,-0.69
1.32,-2.554
1.316,-1.135
1.185,-1.995
1.328,-0.091
1.136,-1.737
0.913,-2.616
0.781,-3.082
0.631,-2.5
0.462,-2.67
0.518,-0.749
0.442,-2.323
0.406,-2.176
-0.231,-3.995
-1.05,-3.892
-2.284,-4.058
-2.204,-3.948
0.573,-3.912
0.324,-3.909
0.138,0.381
-0.454,0.551
-3.103,0.254
2.805,0.286
2.85,0.27
2.175,0.231
1.561,0.145
1.494,0.291
1.258,0.547
1.138,0.312
1.248,0.218
-0.842,-1.442
-0.86,-0.145
-1.226,-3.335
-2.378,-2.098
1.558,-0.699
-0.521,-2.246
-0.802,-2.83
2.043,-1.423
1.906,-1.974
1.978,-1.611
1.902,-2.18
1.558,-3.512
1.279,-3.284
1.063,-1.547
1.146,-2.32
1.095,-1.598
1.045,-1.602
0.909,-0.639
-2.009,-2.578
2.234,-3.436
0.88,-3.285
-0.026,-0.188
-0.052,1.442
-0.226,-0.599
-0.295,1.615
-0.321,-0.347
-0.31,-0.072
-0.365,-0.799
-0.435,-0.917
-0.369,-0.016
-0.51,0.529
-0.486,1.54
-0.573,0.293
-0.605,-0.356
-0.669,0.328
-0.607,0.644
-0.621,0.305
-0.641,-1.855
-0.629,2.076
-0.772,1.367
-0.966,-0.301
-0.9,0.239
-0.914,-0.171
-0.964,0.714
-1.037,-0.718
-1.065,-0.342
-1.052,1.478
-1.051,1.569
-1.12,-1.023
-1.118,-0.437
-1.153,-0.648
-1.233,-0.375
-1.306,0.724
-1.35,2.018
-1.455,1.444
-1.583,1.027
-1.594,-0.03
-1.573,-1.767
-1.735,0.293
-1.728,2.046
-1.873,-0.548
-1.877,1.228
-1.824,0.23
-1.89,0.9
-1.924,-0.692
-1.894,-1.423
-2.103,-0.143
-2.231,1.74
-2.378,1.624
-2.486,1.368
-2.567,1.933
-2.598,-1.601
-2.543,-1.581
-2.803,1.965
-2.851,-1.025
-2.908,1.207
-3.055,1.024
-3.119,0.239
-3.122,1.588
3.108,1.318
2.994,0.29
2.971,-0.779
2.978,-0.401
2.925,-1.781
2.9,-0.727
2.947,1.957
2.91,-1.235
2.915,1.834
2.68,-0.414
2.743,0.022
2.68,-1.325
2.686,-0.761
2.561,-0.489
2.489,-0.253
2.396,0.274
2.333,-0.787
2.289,-1.6
2.206,-1.714
2.262,-1.008
2.219,0.967
2.21,0.567
2.113,1.087
1.989,-1.464
1.985,1.135
1.923,1.642
1.959,-0.73
1.946,1.003
1.858,1.37
1.9,1.103
1.788,1.254
1.859,1.532
1.829,-0.513
1.835,1.133
1.811,-0.02
1.771,0.598
1.745,2.069
1.683,0.674
1.744,0.597
1.665,0.645
1.627,-0.629
1.461,-0.762
1.506,-0.692
1.376,0.881
1.304,-1.154
1.147,0.003
1.201,-0.577
1.182,-0.263
1.132,-1.295
0.794,-1.629
0.675,1.651
0.685,-0.057
0.617,-0.904
0.566,-0.194
0.514,-0.232
0.496,-1.731
0.38,-0.186
0.287,1.657
0.282,-1.161
0.357,1.105
-0.197,-2.146
-0.604,-1.945
-0.888,-2.061
-1.653,-1.725
-2.287,-2.231
-2.785,-2.078
2.988,-1.966
0.298,2.341
-0.384,2.191
-0.596,2.116
-0.612,2.283
-0.769,2.215
-1.092,2.276
-1.663,2.075
-1.883,2.288
2.564,2.448
2.44,2.482
2.064,2.291
1.535,2.394
1.26,2.192
1.02,2.424
0.892,2.451
-1.823,-0.076
2.856,-0.489
2.474,1.231
1.95,-0.644
-1.84,2.209
2.289,2.292
0.336,-0.652
0.133,-1.575
0.178,-0.467
0.181,-0.202
0.007,-1.798
0.092,1.79
0.006,1.169
-0.189,0.588
-0.217,0.054
-0.248,-0.755
-0.393,-0.362
-0.422,-0.529
-0.421,-1.371
-0.685,1.695
-0.677,0.86
-0.695,-1.782
-0.759,-1.689
-0.849,-1.308
-0.807,-0.348
-0.961,-1.628
-1.033,0.631
-1.009,-1.384
-1.101,-0.805
-1.241,0.396
-1.425,-0.316
-1.374,-0.014
-1.51,-0.207
-1.536,0.61
-1.576,0.196
-1.731,0.336
-1.71,0.991
-1.792,1.982
-1.915,-1.768
-1.98,-0.691
-2.1,1.882
-2.096,-1.898
-2.069,-0.425
-2.196,0.836
-2.396,-0.744
-2.495,0.157
-2.495,-1.418
-2.647,-0.606
-2.667,0.004
-2.786,2.072
-2.918,0.875
2.978,1.766
2.88,-0.407
2.883,1.827
2.737,0.742
2.626,1.761
2.376,0.406
2.475,0.03
2.28,0.682
2.328,-0.731
2.22,-1.831
2.091,0.459
1.938,0.919
1.77,-0.378
1.467,-1.367
1.453,-1.331
1.561,1.239
1.33,-0.625
1.326,0.794
1.195,-0.066
1.338,1.838
1.146,0.192
0.923,-0.687
0.791,-1.153
0.641,-0.571
0.472,-0.741
0.528,1.18
0.452,-0.394
0.416,-0.247
-0.221,-2.066
-1.04,-1.963
-2.274,-2.129
-2.194,-2.019
0.583,-1.983
0.334,-1.98
0.148,2.31
-0.444,2.48
-3.093,2.183
2.815,2.215
2.86,2.199
2.185,2.16
1.571,2.074
1.504,2.22
1.268,2.476
1.148,2.241
1.258,2.147
-0.832,0.487
-0.85,1.784
-1.216,-1.406
-2.368,-0.169
1.568,1.23
-0.511,-0.317
-0.792,-0.901
2.053,0.506
1.916,-0.045
1.988,0.318
1.912,-0.251
1.568,-1.583
1.289,-1.355
1.073,0.382
1.156,-0.391
1.105,0.331
1.055,0.327
0.919,1.29
-1.999,-0.649
2.244,-1.507
0.89,-1.356
-0.026,1.63
-0.2,-0.411
-0.269,1.803
-0.295,-0.159
-0.284,0.116
-0.339,-0.611
-0.409,-0.729
-0.343,0.172
-0.484,0.717
-0.46,1.728
-0.547,0.481
-0.579,-0.168
-0.643,0.516
-0.581,0.832
-0.595,0.493
-0.615,-1.667
-0.603,2.264
-0.746,1.555
-0.94,-0.113
-0.874,0.427
-0.888,0.017
-0.938,0.902
-1.011,-0.53
-1.039,-0.154
-1.026,1.666
-1.025,1.757
-1.094,-0.835
-1.092,-0.249
-1.127,-0.46
-1.207,-0.187
-1.28,0.912
-1.324,2.206
-1.429,1.632
-1.557,1.215
-1.568,0.158
-1.547,-1.579
-1.709,0.481
-1.702,2.234
-1.847,-0.36
-1.851,1.416
-1.798,0.418
-1.864,1.088
-1.898,-0.504
-1.868,-1.235
-2.077,0.045
-2.205,1.928
-2.352,1.812
-2.46,1.556
-2.541,2.121
-2.572,-1.413
-2.517,-1.393
-2.777,2.153
-2.825,-0.837
-2.882,1.395
-3.029,1.212
-3.093,0.427
-3.096,1.776
3.134,1.506
3.02,0.478
2.997,-0.591
3.004,-0.213
2.951,-1.593
2.926,-0.539
2.973,2.145
2.936,-1.047
2.941,2.022
2.706,-0.226
2.769,0.21
2.706,-1.137
2.712,-0.573
2.587,-0.301
2.515,-0.065
2.422,0.462
2.359,-0.599
2.315,-1.412
2.232,-1.526
2.288,-0.82
2.245,1.155
2.236,0.755
2.139,1.275
2.015,-1.276
2.011,1.323
1.949,1.83
1.985,-0.542
1.972,1.191
1.884,1.558
1.926,1.291
1.814,1.442
1.885,1.72
1.855,-0.325
1.861,1.321
1.837,0.168
1.797,0.786
1.771,2.257
1.709,0.862
1.77,0.785
1.691,0.833
1.653,-0.441
1.487,-0.574
1.532,-0.504
1.402,1.069
1.33,-0.966
1.173,0.191
1.227,-0.389
1.208,-0.075
1.158,-1.107
0.82,-1.441
0.701,1.839
0.711,0.131
0.643,-0.716
0.592,-0.006
0.54,-0.044
0.522,-1.543
0.406,0.002
0.313,1.845
0.308,-0.973
0.383,1.293
-0.171,-1.958
-0.578,-1.757
-0.862,-1.873
-1.627,-1.537
-2.261,-2.043
-2.759,-1.89
3.014,-1.778
0.324,2.529
-0.358,2.379
-0.57,2.304
-0.586,2.471
-0.743,2.403
-1.066,2.464
-1.637,2.263
-1.857,2.476
2.59,2.636
2.466,2.67
2.09,2.479
1.561,2.582
1.286,2.38
1.046,2.612
0.918,2.639
-1.797,0.112
2.882,-0.301
2.5,1.419
1.976,-0.456
-1.814,2.397
2.315,2.48
0.362,-0.464
0.159,-1.387
0.204,-0.279
0.207,-0.014
0.033,-1.61
0.118,1.978
0.032,1.357
-0.163,0.776
-0.191,0.242
-0.222,-0.567
-0.367,-0.174
-0.396,-0.341
-0.395,-1.183
-0.659,1.883
-0.651,1.048
-0.669,-1.594
-0.733,-1.501
-0.823,-1.12
-0.781,-0.16
-0.935,-1.44
-1.007,0.819
-0.983,-1.196
-1.075,-0.617
-1.215,0.584
-1.399,-0.128
-1.348,0.174
-1.484,-0.019
-1.51,0.798
-1.55,0.384
-1.705,0.524
-1.684,1.179
-1.766,2.17
-1.889,-1.58
-1.954,-0.503
-2.074,2.07
-2.07,-1.71
-2.043,-0.237
-2.17,1.024
-2.37,-0.556
-2.469,0.345
-2.469,-1.23
-2.621,-0.418
-2.641,0.192
-2.76,2.26
-2.892,1.063
3.004,1.954
2.906,-0.219
2.909,2.015
2.763,0.93
2.652,1.949
2.402,0.594
2.501,0.218
2.306,0.87
2.354,-0.543
2.246,-1.643
2.117,0.647
1.964,1.107
1.796,-0.19
1.493,-1.179
1.479,-1.143
1.587,1.427
1.356,-0.437
1.352,0.982
1.221,0.122
1.364,2.026
1.172,0.38
0.949,-0.499
0.817,-0.965
0.667,-0.383
0.498,-0.553
0.554,1.368
0.478,-0.206
0.442,-0.059
-0.195,-1.878
-1.014,-1.775
-2.248,-1.941
-2.168,-1.831
0.609,-1.795
0.36,-1.792
0.174,2.498
-0.418,2.668
-3.067,2.371
2.841,2.403
2.886,2.387
2.211,2.348
1.597,2.262
1.53,2.408
1.294,2.664
1.174,2.429
1.284,2.335
-0.806,0.675
-0.824,1.972
-1.19,-1.218
-2.342,0.019
1.594,1.418
-0.485,-0.129
-0.766,-0.713
2.079,0.694
1.942,0.143
2.014,0.506
1.938,-0.063
1.594,-1.395
1.315,-1.167
1.099,0.57
1.182,-0.203
1.131,0.519
1.081,0.515
0.945,1.478
-1.973,-0.461
2.27,-1.319
0.916,-1.168
-0.174,-2.041
-0.243,0.173
-0.269,-1.789
-0.258,-1.514
-0.313,-2.241
-0.383,-2.359
-0.317,-1.458
-0.458,-0.913
-0.434,0.098
-0.521,-1.149
-0.553,-1.798
-0.617,-1.114
-0.555,-0.798
-0.569,-1.137
-0.589,-3.297
-0.577,0.634
-0.72,-0.075
-0.914,-1.743
-0.848,-1.203
-0.862,-1.613
-0.912,-0.728
-0.985,-2.16
-1.013,-1.784
-1.0,0.036
-0.999,0.127
-1.068,-2.465
-1.066,-1.879
-1.101,-2.09
-1.181,-1.817
-1.254,-0.718
-1.298,0.576
-1.403,0.002
-1.531,-0.415
-1.542,-1.472
-1.521,-3.209
-1.683,-1.149
-1.676,0.604
-1.821,-1.99
-1.825,-0.214
-1.772,-1.212
-1.838,-0.542
-1.872,-2.134
-1.842,-2.865
-2.051,-1.585
-2.179,0.298
-2.326,0.182
-2.434,-0.074
-2.515,0.491
-2.546,-3.043
-2.491,-3.023
-2.751,0.523
-2.799,-2.467
-2.856,-0.235
-3.003,-0.418
-3.067,-1.203
-3.07,0.146
-3.123,-0.124
3.046,-1.152
3.023,-2.221
3.03,-1.843
2.977,-3.223
2.952,-2.169
2.999,0.515
2.962,-2.677
2.967,0.392
2.732,-1.856
2.795,-1.42
2.732,-2.767
2.738,-2.203
2.613,-1.931
2.541,-1.695
2.448,-1.168
2.385,-2.229
2.341,-3.042
2.258,-3.156
2.314,-2.45
2.271,-0.475
2.262,-0.875
2.165,-0.355
2.041,-2.906
2.037,-0.307
1.975,0.2
2.011,-2.172
1.998,-0.439
1.91,-0.072
1.952,-0.339
1.84,-0.188
1.911,0.09
1.881,-1.955
1.887,-0.309
1.863,-1.462
1.823,-0.844
1.797,0.627
1.735,-0.768
1.796,-0.845
1.717,-0.797
1.679,-2.071
1.513,-2.204
1.558,-2.134
1.428,-0.561
1.356,-2.596
1.199,-1.439
1.253,-2.019
1.234,-1.705
1.184,-2.737
0.846,-3.071
0.727,0.209
0.737,-1.499
0.669,-2.346
0.618,-1.636
0.566,-1.674
0.548,-3.173
0.432,-1.628
0.339,0.215
0.334,-2.603
0.409,-0.337
-0.145,-3.588
-0.552,-3.387
-0.836,-3.503
-1.601,-3.167
-2.235,-3.673
-2.733,-3.52
3.04,-3.408
0.35,0.899
-0.332,0.749
-0.544,0.674
-0.56,0.841
-0.717,0.773
-1.04,0.834
-1.611,0.633
-1.831,0.846
2.616,1.006
2.492,1.04
2.116,0.849
1.587,0.952
1.312,0.75
1.072,0.982
0.944,1.009
-1.771,-1.518
2.908,-1.931
2.526,-0.211
2.002,-2.086
-1.788,0.767
2.341,0.85
0.388,-2.094
0.185,-3.017
0.23,-1.909
0.233,-1.644
0.059,-3.24
0.144,0.348
0.058,-0.273
-0.137,-0.854
-0.165,-1.388
-0.196,-2.197
-0.341,-1.804
-0.37,-1.971
-0.369,-2.813
-0.633,0.253
-0.625,-0.582
-0.643,-3.224
-0.707,-3.131
-0.797,-2.75
-0.755,-1.79
-0.909,-3.07
-0.981,-0.811
-0.957,-2.826
-1.049,-2.247
-1.189,-1.046
-1.373,-1.758
-1.322,-1.456
-1.458,-1.649
-1.484,-0.832
-1.524,-1.246
-1.679,-1.106
-1.658,-0.451
-1.74,0.54
-1.863,-3.21
-1.928,-2.133
-2.048,0.44
-2.044,-3.34
-2.017,-1.867
-2.144,-0.606
-2.344,-2.186
-2.443,-1.285
-2.443,-2.86
-2.595,-2.048
-2.615,-1.438
-2.734,0.63
-2.866,-0.567
3.03,0.324
2.932,-1.849
2.935,0.385
2.789,-0.7
2.678,0.319
2.428,-1.036
2.527,-1.412
2.332,-0.76
2.38,-2.173
2.272,-3.273
2.143,-0.983
1.99,-0.523
1.822,-1.82
1.519,-2.809
1.505,-2.773
1.613,-0.203
1.382,-2.067
1.378,-0.648
1.247,-1.508
1.39,0.396
1.198,-1.25
0.975,-2.129
0.843,-2.595
0.693,-2.013
0.524,-2.183
0.58,-0.262
0.504,-1.836
0.468,-1.689
-0.169,-3.508
-0.988,-3.405
-2.222,-3.571
-2.142,-3.461
0.635,-3.425
0.386,-3.422
0.2,0.868
-0.392,1.038
-3.041,0.741
2.867,0.773
2.912,0.757
2.237,0.718
1.623,0.632
1.556,0.778
1.32,1.034
1.2,0.799
1.31,0.705
-0.78,-0.955
-0.798,0.342
-1.164,-2.848
-2.316,-1.611
1.62,-0.212
-0.459,-1.759
-0.74,-2.343
2.105,-0.936
1.968,-1.487
2.04,-1.124
1.964,-1.693
1.62,-3.025
1.341,-2.797
1.125,-1.06
1.208,-1.833
1.157,-1.111
1.107,-1.115
0.971,-0.152
-1.947,-2.091
2.296,-2.949
0.942,-2.798
-0.069,2.214
-0.095,0.252
-0.084,0.527
-0.139,-0.2
-0.209,-0.318
-0.143,0.583
-0.284,1.128
-0.26,2.139
-0.347,0.892
-0.379,0.243
-0.443,0.927
-0.381,1.243
-0.395,0.904
-0.415,-1.256
-0.403,2.675
-0.546,1.966
-0.74,0.298
-0.674,0.838
-0.688,0.428
-0.738,1.313
-0.811,-0.119
-0.839,0.257
-0.826,2.077
-0.825,2.168
-0.894,-0.424
-0.892,0.162
-0.927,-0.049
-1.007,0.224
-1.08,1.323
-1.124,2.617
-1.229,2.043
-1.357,1.626
-1.368,0.569
-1.347,-1.168
-1.509,0.892
-1.502,2.645
-1.647,0.051
-1.651,1.827
-1.598,0.829
-1.664,1.499
-1.698,-0.093
-1.668,-0.824
-1.877,0.456
-2.005,2.339
-2.152,2.223
-2.26,1.967
-2.341,2.532
-2.372,-1.002
-2.317,-0.982
-2.577,2.564
-2.625,-0.426
-2.682,1.806
-2.829,1.623
-2.893,0.838
-2.896,2.187
-2.949,1.917
-3.063,0.889
-3.086,-0.18
-3.079,0.198
-3.132,-1.182
3.126,-0.128
-3.11,2.556
3.136,-0.636
3.141,2.433
2.906,0.185
2.969,0.621
2.906,-0.726
2.912,-0.162
2.787,0.11
2.715,0.346
2.622,0.873
2.559,-0.188
2.515,-1.001
2.432,-1.115
2.488,-0.409
2.445,1.566
2.436,1.166
2.339,1.686
2.215,-0.865
2.211,1.734
2.149,2.241
2.185,-0.131
2.172,1.602
2.084,1.969
2.126,1.702
2.014,1.853
2.085,2.131
2.055,0.086
2.061,1.732
2.037,0.579
1.997,1.197
1.971,2.668
1.909,1.273
1.97,1.196
1.891,1.244
1.853,-0.03
1.687,-0.163
1.732,-0.093
1.602,1.48
1.53,-0.555
1.373,0.602
1.427,0.022
1.408,0.336
1.358,-0.696
1.02,-1.03
0.901,2.25
0.911,0.542
0.843,-0.305
0.792,0.405
0.74,0.367
0.722,-1.132
0.606,0.413
0.513,2.256
0.508,-0.562
0.583,1.704
0.029,-1.547
-0.378,-1.346
-0.662,-1.462
-1.427,-1.126
-2.061,-1.632
-2.559,-1.479
-3.069,-1.367
0.524,2.94
-0.158,2.79
-0.37,2.715
-0.386,2.882
-0.543,2.814
-0.866,2.875
-1.437,2.674
-1.657,2.887
2.79,3.047
2.666,3.081
2.29,2.89
1.761,2.993
1.486,2.791
1.246,3.023
1.118,3.05
-1.597,0.523
3.082,0.11
2.7,1.83
2.176,-0.045
-1.614,2.808
2.515,2.891
0.562,-0.053
0.359,-0.976
0.404,0.132
0.407,0.397
0.233,-1.199
0.318,2.389
0.232,1.768
0.037,1.187
0.009,0.653
-0.022,-0.156
-0.167,0.237
-0.196,0.07
-0.195,-0.772
-0.459,2.294
-0.451,1.459
-0.469,-1.183
-0.533,-1.09
-0.623,-0.709
-0.581,0.251
-0.735,-1.029
-0.807,1.23
-0.783,-0.785
-0.875,-0.206
-1.015,0.995
-1.199,0.283
-1.148,0.585
-1.284,0.392
-1.31,1.209
-1.35,0.795
-1.505,0.935
-1.484,1.59
-1.566,2.581
-1.689,-1.169
-1.754,-0.092
-1.874,2.481
-1.87,-1.299
-1.843,0.174
-1.97,1.435
-2.17,-0.145
-2.269,0.756
-2.269,-0.819
-2.421,-0.007
-2.441,0.603
-2.56,2.671
-2.692,1.474
-3.079,2.365
3.106,0.192
3.109,2.426
2.963,1.341
2.852,2.36
2.602,1.005
2.701,0.629
2.506,1.281
2.554,-0.132
2.446,-1.232
2.317,1.058
2.164,1.518
1.996,0.221
1.693,-0.768
1.679,-0.732
1.787,1.838
1.556,-0.026
1.552,1.393
1.421,0.533
1.564,2.437
1.372,0.791
1.149,-0.088
1.017,-0.554
0.867,0.028
0.698,-0.142
0.754,1.779
0.678,0.205
0.642,0.352
0.005,-1.467
-0.814,-1.364
-2.048,-1.53
-1.968,-1.42
0.809,-1.384
0.56,-1.381
0.374,2.909
-0.218,3.079
-2.867,2.782
3.041,2.814
3.086,2.798
2.411,2.759
1.797,2.673
1.73,2.819
1.494,3.075
1.374,2.84
1.484,2.746
-0.606,1.086
-0.624,2.383
-0.99,-0.807
-2.142,0.43
1.794,1.829
-0.285,0.282
-0.566,-0.302
2.279,1.105
2.142,0.554
2.214,0.917
2.138,0.348
1.794,-0.984
1.515,-0.756
1.299,0.981
1.382,0.208
1.331,0.93
1.281,0.926
1.145,1.889
-1.773,-0.05
2.47,-0.908
1.116,-0.757
-0.026,-1.962
-0.015,-1.687
-0.07,-2.414
-0.14,-2.532
-0.074,-1.631
-0.215,-1.086
-0.191,-0.075
-0.278,-1.322
-0.31,-1.971
-0.374,-1.287
-0.312,-0.971
-0.326,-1.31
-0.346,-3.47
-0.334,0.461
-0.477,-0.248
-0.671,-1.916
-0.605,-1.376
-0.619,-1.786
-0.669,-0.901
-0.742,-2.333
-0.77,-1.957
-0.757,-0.137
-0.756,-0.046
-0.825,-2.638
-0.823,-2.052
-0.858,-2.263
-0.938,-1.99
-1.011,-0.891
-1.055,0.403
-1.16,-0.171
-1.288,-0.588
-1.299,-1.645
-1.278,-3.382
-1.44,-1.322
-1.433,0.431
-1.578,-2.163
-1.582,-0.387
-1.529,-1.385
-1.595,-0.715
-1.629,-2.307
-1.599,-3.038
-1.808,-1.758
-1.936,0.125
-2.083,0.009
-2.191,-0.247
-2.272,0.318
-2.303,-3.216
-2.248,-3.196
-2.508,0.35
-2.556,-2.64
-2.613,-0.408
-2.76,-0.591
-2.824,-1.376
-2.827,-0.027
-2.88,-0.297
-2.994,-1.325
-3.017,-2.394
-3.01,-2.016
-3.063,-3.396
-3.088,-2.342
-3.041,0.342
-3.078,-2.85
-3.073,0.219
2.975,-2.029
3.038,-1.593
2.975,-2.94
2.981,-2.376
2.856,-2.104
2.784,-1.868
2.691,-1.341
2.628,-2.402
2.584,-3.215
2.501,-3.329
2.557,-2.623
2.514,-0.648
2.505,-1.048
2.408,-0.528
2.284,-3.079
2.28,-0.48
2.218,0.027
2.254,-2.345
2.241,-0.612
2.153,-0.245
2.195,-0.512
2.083,-0.361
2.154,-0.083
2.124,-2.128
2.13,-0.482
2.106,-1.635
2.066,-1.017
2.04,0.454
1.978,-0.941
2.039,-1.018
1.96,-0.97
1.922,-2.244
1.756,-2.377
1.801,-2.307
1.671,-0.734
1.599,-2.769
1.442,-1.612
1.496,-2.192
1.477,-1.878
1.427,-2.91
1.089,-3.244
0.97,0.036
0.98,-1.672
0.912,-2.519
0.861,-1.809
0.809,-1.847
0.791,-3.346
0.675,-1.801
0.582,0.042
0.577,-2.776
0.652,-0.51
0.098,-3.761
-0.309,-3.56
-0.593,-3.676
-1.358,-3.34
-1.992,-3.846
-2.49,-3.693
-3.0,-3.581
0.593,0.726
-0.089,0.576
-0.301,0.501
-0.317,0.668
-0.474,0.6
-0.797,0.661
-1.368,0.46
-1.588,0.673
2.859,0.833
2.735,0.867
2.359,0.676
1.83,0.779
1.555,0.577
1.315,0.809
1.187,0.836
-1.528,-1.691
-3.132,-2.104
2.769,-0.384
2.245,-2.259
-1.545,0.594
2.584,0.677
0.631,-2.267
0.428,-3.19
0.473,-2.082
0.476,-1.817
0.302,-3.413
0.387,0.175
0.301,-0.446
0.106,-1.027
0.078,-1.561
0.047,-2.37
-0.098,-1.977
-0.127,-2.144
-0.126,-2.986
-0.39,0.08
-0.382,-0.755
-0.4,-3.397
-0.464,-3.304
-0.554,-2.923
-0.512,-1.963
-0.666,-3.243
-0.738,-0.984
-0.714,-2.999
-0.806,-2.42
-0.946,-1.219
-1.13,-1.931
-1.079,-1.629
-1.215,-1.822
-1.241,-1.005
-1.281,-1.419
-1.436,-1.279
-1.415,-0.624
-1.497,0.367
-1.62,-3.383
-1.685,-2.306
-1.805,0.267
-1.801,-3.513
-1.774,-2.04
-1.901,-0.779
-2.101,-2.359
-2.2,-1.458
-2.2,-3.033
-2.352,-2.221
-2.372,-1.611
-2.491,0.457
-2.623,-0.74
-3.01,0.151
-3.108,-2.022
-3.105,0.212
3.032,-0.873
2.921,0.146
2.671,-1.209
2.77,-1.585
2.575,-0.933
2.623,-2.346
2.515,-3.446
2.386,-1.156
2.233,-0.696
2.065,-1.993
1.762,-2.982
1.748,-2.946
1.856,-0.376
1.625,-2.24
1.621,-0.821
1.49,-1.681
1.633,0.223
1.441,-1.423
1.218,-2.302
1.086,-2.768
0.936,-2.186
0.767,-2.356
0.823,-0.435
0.747,-2.009
0.711,-1.862
0.074,-3.681
-0.745,-3.578
-1.979,-3.744
-1.899,-3.634
0.878,-3.598
0.629,-3.595
0.443,0.695
-0.149,0.865
-2.798,0.568
3.11,0.6
-3.128,0.584
2.48,0.545
1.866,0.459
1.799,0.605
1.563,0.861
1.443,0.626
1.553,0.532
-0.537,-1.128
-0.555,0.169
-0.921,-3.021
-2.073,-1.784
1.863,-0.385
-0.216,-1.932
-0.497,-2.516
2.348,-1.109
2.211,-1.66
2.283,-1.297
2.207,-1.866
1.863,-3.198
1.584,-2.97
1.368,-1.233
1.451,-2.006
1.4,-1.284
1.35,-1.288
1.214,-0.325
-1.704,-2.264
2.539,-3.122
1.185,-2.971
0.011,0.275
-0.044,-0.452
-0.114,-0.57
-0.048,0.331
-0.189,0.876
-0.165,1.887
-0.252,0.64
-0.284,-0.009
-0.348,0.675
-0.286,0.991
-0.3,0.652
-0.32,-1.508
-0.308,2.423
-0.451,1.714
-0.645,0.046
-0.579,0.586
-0.593,0.176
-0.643,1.061
-0.716,-0.371
-0.744,0.005
-0.731,1.825
-0.73,1.916
-0.799,-0.676
-0.797,-0.09
-0.832,-0.301
-0.912,-0.028
-0.985,1.071
-1.029,2.365
-1.134,1.791
-1.262,1.374
-1.273,0.317
-1.252,-1.42
-1.414,0.64
-1.407,2.393
-1.552,-0.201
-1.556,1.575
-1.503,0.577
-1.569,1.247
-1.603,-0.345
-1.573,-1.076
-1.782,0.204
-1.91,2.087
-2.057,1.971
-2.165,1.715
-2.246,2.28
-2.277,-1.254
-2.222,-1.234
-2.482,2.312
-2.53,-0.678
-2.587,1.554
-2.734,1.371
-2.798,0.586
-2.801,1.935
-2.854,1.665
-2.968,0.637
-2.991,-0.432
-2.984,-0.054
-3.037,-1.434
-3.062,-0.38
-3.015,2.304
-3.052,-0.888
-3.047,2.181
3.001,-0.067
3.064,0.369
3.001,-0.978
3.007,-0.414
2.882,-0.142
2.81,0.094
2.717,0.621
2.654,-0.44
2.61,-1.253
2.527,-1.367
2.583,-0.661
2.54,1.314
2.531,0.914
2.434,1.434
2.31,-1.117
2.306,1.482
2.244,1.989
2.28,-0.383
2.267,1.35
2.179,1.717
2.221,1.45
2.109,1.601
2.18,1.879
2.15,-0.166
2.156,1.48
2.132,0.327
2.092,0.945
2.066,2.416
2.004,1.021
2.065,0.944
1.986,0.992
1.948,-0.282
1.782,-0.415
1.827,-0.345
1.697,1.228
1.625,-0.807
1.468,0.35
1.522,-0.23
1.503,0.084
1.453,-0.948
1.115,-1.282
0.996,1.998
1.006,0.29
0.938,-0.557
0.887,0.153
0.835,0.115
0.817,-1.384
0.701,0.161
0.608,2.004
0.603,-0.814
0.678,1.452
0.124,-1.799
-0.283,-1.598
-0.567,-1.714
-1.332,-1.378
-1.966,-1.884
-2.464,-1.731
-2.974,-1.619
0.619,2.688
-0.063,2.538
-0.275,2.463
-0.291,2.63
-0.448,2.562
-0.771,2.623
-1.342,2.422
-1.562,2.635
2.885,2.795
2.761,2.829
2.385,2.638
1.856,2.741
1.581,2.539
1.341,2.771
1.213,2.798
-1.502,0.271
-3.106,-0.142
2.795,1.578
2.271,-0.297
-1.519,2.556
2.61,2.639
0.657,-0.305
0.454,-1.228
0.499,-0.12
0.502,0.145
0.328,-1.451
0.413,2.137
0.327,1.516
0.132,0.935
0.104,0.401
0.073,-0.408
-0.072,-0.015
-0.101,-0.182
-0.1,-1.024
-0.364,2.042
-0.356,1.207
-0.374,-1.435
-0.438,-1.342
-0.528,-0.961
-0.486,-0.001
-0.64,-1.281
-0.712,0.978
-0.688,-1.037
-0.78,-0.458
-0.92,0.743
-1.104,0.031
-1.053,0.333
-1.189,0.14
-1.215,0.957
-1.255,0.543
-1.41,0.683
-1.389,1.338
-1.471,2.329
-1.594,-1.421
-1.659,-0.344
-1.779,2.229
-1.775,-1.551
-1.748,-0.078
-1.875,1.183
-2.075,-0.397
-2.174,0.504
-2.174,-1.071
-2.326,-0.259
-2.346,0.351
-2.465,2.419
-2.597,1.222
-2.984,2.113
-3.082,-0.06
-3.079,2.174
3.058,1.089
2.947,2.108
2.697,0.753
2.796,0.377
2.601,1.029
2.649,-0.384
2.541,-1.484
2.412,0.806
2.259,1.266
2.091,-0.031
1.788,-1.02
1.774,-0.984
1.882,1.586
1.651,-0.278
1.647,1.141
1.516,0.281
1.659,2.185
1.467,0.539
1.244,-0.34
1.112,-0.806
0.962,-0.224
0.793,-0.394
0.849,1.527
0.773,-0.047
0.737,0.1
0.1,-1.719
-0.719,-1.616
-1.953,-1.782
-1.873,-1.672
0.904,-1.636
0.655,-1.633
0.469,2.657
-0.123,2.827
-2.772,2.53
3.136,2.562
-3.102,2.546
2.506,2.507
1.892,2.421
1.825,2.567
1.589,2.823
1.469,2.588
1.579,2.494
-0.511,0.834
-0.529,2.131
-0.895,-1.059
-2.047,0.178
1.889,1.577
-0.19,0.03
-0.471,-0.554
2.374,0.853
2.237,0.302
2.309,0.665
2.233,0.096
1.889,-1.236
1.61,-1.008
1.394,0.729
1.477,-0.044
1.426,0.678
1.376,0.674
1.24,1.637
-1.678,-0.302
2.565,-1.16
1.211,-1.009
-0.055,-0.727
-0.125,-0.845
-0.059,0.056
-0.2,0.601
-0.176,1.612
-0.263,0.365
-0.295,-0.284
-0.359,0.4
-0.297,0.716
-0.311,0.377
-0.331,-1.783
-0.319,2.148
-0.462,1.439
-0.656,-0.229
-0.59,0.311
-0.604,-0.099
-0.654,0.786
-0.727,-0.646
-0.755,-0.27
-0.742,1.55
-0.741,1.641
-0.81,-0.951
-0.808,-0.365
-0.843,-0.576
-0.923,-0.303
-0.996,0.796
-1.04,2.09
-1.145,1.516
-1.273,1.099
-1.284,0.042
-1.263,-1.695
-1.425,0.365
-1.418,2.118
-1.563,-0.476
-1.567,1.3
-1.514,0.302
-1.58,0.972
-1.614,-0.62
-1.584,-1.351
-1.793,-0.071
-1.921,1.812
-2.068,1.696
-2.176,1.44
-2.257,2.005
-2.288,-1.529
-2.233,-1.509
-2.493,2.037
-2.541,-0.953
-2.598,1.279
-2.745,1.096
-2.809,0.311
-2.812,1.66
-2.865,1.39
-2.979,0.362
-3.002,-0.707
-2.995,-0.329
-3.048,-1.709
-3.073,-0.655
-3.026,2.029
-3.063,-1.163
-3.058,1.906
2.99,-0.342
3.053,0.094
2.99,-1.253
2.996,-0.689
2.871,-0.417
2.799,-0.181
2.706,0.346
2.643,-0.715
2.599,-1.528
2.516,-1.642
2.572,-0.936
2.529,1.039
2.52,0.639
2.423,1.159
2.299,-1.392
2.295,1.207
2.233,1.714
2.269,-0.658
2.256,1.075
2.168,1.442
2.21,1.175
2.098,1.326
2.169,1.604
2.139,-0.441
2.145,1.205
2.121,0.052
2.081,0.67
2.055,2.141
1.993,0.746
2.054,0.669
1.975,0.717
1.937,-0.557
1.771,-0.69
1.816,-0.62
1.686,0.953
1.614,-1.082
1.457,0.075
1.511,-0.505
1.492,-0.191
1.442,-1.223
1.104,-1.557
0.985,1.723
0.995,0.015
0.927,-0.832
0.876,-0.122
0.824,-0.16
0.806,-1.659
0.69,-0.114
0.597,1.729
0.592,-1.089
0.667,1.177
0.113,-2.074
-0.294,-1.873
-0.578,-1.989
-1.343,-1.653
-1.977,-2.159
-2.475,-2.006
-2.985,-1.894
0.608,2.413
-0.074,2.263
-0.286,2.188
-0.302,2.355
-0.459,2.287
-0.782,2.348
-1.353,2.147
-1.573,2.36
2.874,2.52
2.75,2.554
2.374,2.363
1.845,2.466
1.57,2.264
1.33,2.496
1.202,2.523
-1.513,-0.004
-3.117,-0.417
2.784,1.303
2.26,-0.572
-1.53,2.281
2.599,2.364
0.646,-0.58
0.443,-1.503
0.488,-0.395
0.491,-0.13
0.317,-1.726
0.402,1.862
0.316,1.241
0.121,0.66
0.093,0.126
0.062,-0.683
-0.083,-0.29
-0.112,-0.457
-0.111,-1.299
-0.375,1.767
-0.367,0.932
-0.385,-1.71
-0.449,-1.617
-0.539,-1.236
-0.497,-0.276
-0.651,-1.556
-0.723,0.703
-0.699,-1.312
-0.791,-0.733
-0.931,0.468
-1.115,-0.244
-1.064,0.058
-1.2,-0.135
-1.226,0.682
-1.266,0.268
-1.421,0.408
-1.4,1.063
-1.482,2.054
-1.605,-1.696
-1.67,-0.619
-1.79,1.954
-1.786,-1.826
-1.759,-0.353
-1.886,0.908
-2.086,-0.672
-2.185,0.229
-2.185,-1.346
-2.337,-0.534
-2.357,0.076
-2.476,2.144
-2.608,0.947
-2.995,1.838
-3.093,-0.335
-3.09,1.899
3.047,0.814
2.936,1.833
2.686,0.478
2.785,0.102
2.59,0.754
2.638,-0.659
2.53,-1.759
2.401,0.531
2.248,0.991
2.08,-0.306
1.777,-1.295
1.763,-1.259
1.871,1.311
1.64,-0.553
1.636,0.866
1.505,0.006
1.648,1.91
1.456,0.264
1.233,-0.615
1.101,-1.081
0.951,-0.499
0.782,-0.669
0.838,1.252
0.762,-0.322
0.726,-0.175
0.089,-1.994
-0.73,-1.891
-1.964,-2.057
-1.884,-1.947
0.893,-1.911
0.644,-1.908
0.458,2.382
-0.134,2.552
-2.783,2.255
3.125,2.287
-3.113,2.271
2.495,2.232
1.881,2.146
1.814,2.292
1.578,2.548
1.458,2.313
1.568,2.219
-0.522,0.559
-0.54,1.856
-0.906,-1.334
-2.058,-0.097
1.878,1.302
-0.201,-0.245
-0.482,-0.829
2.363,0.578
2.226,0.027
2.298,0.39
2.222,-0.179
1.878,-1.511
1.599,-1.283
1.383,0.454
1.466,-0.319
1.415,0.403
1.365,0.399
1.229,1.362
-1.689,-0.577
2.554,-1.435
1.2,-1.284
-0.07,-0.118
-0.004,0.783
-0.145,1.328
-0.121,2.339
-0.208,1.092
-0.24,0.443
-0.304,1.127
-0.242,1.443
-0.256,1.104
-0.276,-1.056
-0.264,2.875
-0.407,2.166
-0.601,0.498
-0.535,1.038
-0.549,0.628
-0.599,1.513
-0.672,0.081
-0.7,0.457
-0.687,2.277
-0.686,2.368
-0.755,-0.224
-0.753,0.362
-0.788,0.151
-0.868,0.424
-0.941,1.523
-0.985,2.817
-1.09,2.243
-1.218,1.826
-1.229,0.769
-1.208,-0.968
-1.37,1.092
-1.363,2.845
-1.508,0.251
-1.512,2.027
-1.459,1.029
-1.525,1.699
-1.559,0.107
-1.529,-0.624
-1.738,0.656
-1.866,2.539
-2.013,2.423
-2.121,2.167
-2.202,2.732
-2.233,-0.802
-2.178,-0.782
-2.438,2.764
-2.486,-0.226
-2.543,2.006
-2.69,1.823
-2.754,1.038
-2.757,2.387
-2.81,2.117
-2.924,1.089
-2.947,0.02
-2.94,0.398
-2.993,-0.982
-3.018,0.072
-2.971,2.756
-3.008,-0.436
-3.003,2.633
3.045,0.385
3.108,0.821
3.045,-0.526
3.051,0.038
2.926,0.31
2.854,0.546
2.761,1.073
2.698,0.012
2.654,-0.801
2.571,-0.915
2.627,-0.209
2.584,1.766
2.575,1.366
2.478,1.886
2.354,-0.665
2.35,1.934
2.288,2.441
2.324,0.069
2.311,1.802
2.223,2.169
2.265,1.902
2.153,2.053
2.224,2.331
2.194,0.286
2.2,1.932
2.176,0.779
2.136,1.397
2.11,2.868
2.048,1.473
2.109,1.396
2.03,1.444
1.992,0.17
1.826,0.037
1.871,0.107
1.741,1.68
1.669,-0.355
1.512,0.802
1.566,0.222
1.547,0.536
1.497,-0.496
1.159,-0.83
1.04,2.45
1.05,0.742
0.982,-0.105
0.931,0.605
0.879,0.567
0.861,-0.932
0.745,0.613
0.652,2.456
0.647,-0.362
0.722,1.904
0.168,-1.347
-0.239,-1.146
-0.523,-1.262
-1.288,-0.926
-1.922,-1.432
-2.42,-1.279
-2.93,-1.167
0.663,3.14
-0.019,2.99
-0.231,2.915
-0.247,3.082
-0.404,3.014
-0.727,3.075
-1.298,2.874
-1.518,3.087
2.929,3.247
2.805,3.281
2.429,3.09
1.9,3.193
1.625,2.991
1.385,3.223
1.257,3.25
-1.458,0.723
-3.062,0.31
2.839,2.03
2.315,0.155
-1.475,3.008
2.654,3.091
0.701,0.147
0.498,-0.776
0.543,0.332
0.546,0.597
0.372,-0.999
0.457,2.589
0.371,1.968
0.176,1.387
0.148,0.853
0.117,0.044
-0.028,0.437
-0.057,0.27
-0.056,-0.572
-0.32,2.494
-0.312,1.659
-0.33,-0.983
-0.394,-0.89
-0.484,-0.509
-0.442,0.451
-0.596,-0.829
-0.668,1.43
-0.644,-0.585
-0.736,-0.006
-0.876,1.195
-1.06,0.483
-1.009,0.785
-1.145,0.592
-1.171,1.409
-1.211,0.995
-1.366,1.135
-1.345,1.79
-1.427,2.781
-1.55,-0.969
-1.615,0.108
-1.735,2.681
-1.731,-1.099
-1.704,0.374
-1.831,1.635
-2.031,0.055
-2.13,0.956
-2.13,-0.619
-2.282,0.193
-2.302,0.803
-2.421,2.871
-2.553,1.674
-2.94,2.565
-3.038,0.392
-3.035,2.626
3.102,1.541
2.991,2.56
2.741,1.205
2.84,0.829
2.645,1.481
2.693,0.068
2.585,-1.032
2.456,1.258
2.303,1.718
2.135,0.421
1.832,-0.568
1.818,-0.532
1.926,2.038
1.695,0.174
1.691,1.593
1.56,0.733
1.703,2.637
1.511,0.991
1.288,0.112
1.156,-0.354
1.006,0.228
0.837,0.058
0.893,1.979
0.817,0.405
0.781,0.552
0.144,-1.267
-0.675,-1.164
-1.909,-1.33
-1.829,-1.22
0.948,-1.184
0.699,-1.181
0.513,3.109
-0.079,3.279
-2.728,2.982
-3.103,3.014
-3.058,2.998
2.55,2.959
1.936,2.873
1.869,3.019
1.633,3.275
1.513,3.04
1.623,2.946
-0.467,1.286
-0.485,2.583
-0.851,-0.607
-2.003,0.63
1.933,2.029
-0.146,0.482
-0.427,-0.102
2.418,1.305
2.281,0.754
2.353,1.117
2.277,0.548
1.933,-0.784
1.654,-0.556
1.438,1.181
1.521,0.408
1.47,1.13
1.42,1.126
1.284,2.089
-1.634,0.15
2.609,-0.708
1.255,-0.557
0.066,0.901
-0.075,1.446
-0.051,2.457
-0.138,1.21
-0.17,0.561
-0.234,1.245
-0.172,1.561
-0.186,1.222
-0.206,-0.938
-0.194,2.993
-0.337,2.284
-0.531,0.616
-0.465,1.156
-0.479,0.746
-0.529,1.631
-0.602,0.199
-0.63,0.575
-0.617,2.395
-0.616,2.486
-0.685,-0.106
-0.683,0.48
-0.718,0.269
-0.798,0.542
-0.871,1.641
-0.915,2.935
-1.02,2.361
-1.148,1.944
-1.159,0.887
-1.138,-0.85
-1.3,1.21
-1.293,2.963
-1.438,0.369
-1.442,2.145
-1.389,1.147
-1.455,1.817
-1.489,0.225
-1.459,-0.506
-1.668,0.774
-1.796,2.657
-1.943,2.541
-2.051,2.285
-2.132,2.85
-2.163,-0.684
-2.108,-0.664
-2.368,2.882
-2.416,-0.108
-2.473,2.124
-2.62,1.941
-2.684,1.156
-2.687,2.505
-2.74,2.235
-2.854,1.207
-2.877,0.138
-2.87,0.516
-2.923,-0.864
-2.948,0.19
-2.901,2.874
-2.938,-0.318
-2.933,2.751
3.115,0.503
-3.105,0.939
3.115,-0.408
3.121,0.156
2.996,0.428
2.924,0.664
2.831,1.191
2.768,0.13
2.724,-0.683
2.641,-0.797
2.697,-0.091
2.654,1.884
2.645,1.484
2.548,2.004
2.424,-0.547
2.42,2.052
2.358,2.559
2.394,0.187
2.381,1.92
2.293,2.287
2.335,2.02
2.223,2.171
2.294,2.449
2.264,0.404
2.27,2.05
2.246,0.897
2.206,1.515
2.18,2.986
2.118,1.591
2.179,1.514
2.1,1.562
2.062,0.288
1.896,0.155
1.941,0.225
1.811,1.798
1.739,-0.237
1.582,0.92
1.636,0.34
1.617,0.654
1.567,-0.378
1.229,-0.712
1.11,2.568
1.12,0.86
1.052,0.013
1.001,0.723
0.949,0.685
0.931,-0.814
0.815,0.731
0.722,2.574
0.717,-0.244
0.792,2.022
0.238,-1.229
-0.169,-1.028
-0.453,-1.144
-1.218,-0.808
-1.852,-1.314
-2.35,-1.161
-2.86,-1.049
0.733,3.258
0.051,3.108
-0.161,3.033
-0.177,3.2
-0.334,3.132
-0.657,3.193
-1.228,2.992
-1.448,3.205
2.999,3.365
2.875,3.399
2.499,3.208
1.97,3.311
1.695,3.109
1.455,3.341
1.327,3.368
-1.388,0.841
-2.992,0.428
2.909,2.148
2.385,0.273
-1.405,3.126
2.724,3.209
0.771,0.265
0.568,-0.658
0.613,0.45
0.616,0.715
0.442,-0.881
0.527,2.707
0.441,2.086
0.246,1.505
0.218,0.971
0.187,0.162
0.042,0.555
0.013,0.388
0.014,-0.454
-0.25,2.612
-0.242,1.777
-0.26,-0.865
-0.324,-0.772
-0.414,-0.391
-0.372,0.569
-0.526,-0.711
-0.598,1.548
-0.574,-0.467
-0.666,0.112
-0.806,1.313
-0.99,0.601
-0.939,0.903
-1.075,0.71
-1.101,1.527
-1.141,1.113
-1.296,1.253
-1.275,1.908
-1.357,2.899
-1.48,-0.851
-1.545,0.226
-1.665,2.799
-1.661,-0.981
-1.634,0.492
-1.761,1.753
-1.961,0.173
-2.06,1.074
-2.06,-0.501
-2.212,0.311
-2.232,0.921
-2.351,2.989
-2.483,1.792
-2.87,2.683
-2.968,0.51
-2.965,2.744
-3.111,1.659
3.061,2.678
2.811,1.323
2.91,0.947
2.715,1.599
2.763,0.186
2.655,-0.914
2.526,1.376
2.373,1.836
2.205,0.539
1.902,-0.45
1.888,-0.414
1.996,2.156
1.765,0.292
1.761,1.711
1.63,0.851
1.773,2.755
1.581,1.109
1.358,0.23
1.226,-0.236
1.076,0.346
0.907,0.176
0.963,2.097
0.887,0.523
0.851,0.67
0.214,-1.149
-0.605,-1.046
-1.839,-1.212
-1.759,-1.102
1.018,-1.066
0.769,-1.063
0.583,3.227
-0.009,3.397
-2.658,3.1
-3.033,3.132
-2.988,3.116
2.62,3.077
2.006,2.991
1.939,3.137
1.703,3.393
1.583,3.158
1.693,3.064
-0.397,1.404
-0.415,2.701
-0.781,-0.489
-1.933,0.748
2.003,2.147
-0.076,0.6
-0.357,0.016
2.488,1.423
2.351,0.872
2.423,1.235
2.347,0.666
2.003,-0.666
1.724,-0.438
1.508,1.299
1.591,0.526
1.54,1.248
1.49,1.244
1.354,2.207
-1.564,0.268
2.679,-0.59
1.325,-0.439
-0.141,0.545
-0.117,1.556
-0.204,0.309
-0.236,-0.34
-0.3,0.344
-0.238,0.66
-0.252,0.321
-0.272,-1.839
-0.26,2.092
-0.403,1.383
-0.597,-0.285
-0.531,0.255
-0.545,-0.155
-0.595,0.73
-0.668,-0.702
-0.696,-0.326
-0.683,1.494
-0.682,1.585
-0.751,-1.007
-0.749,-0.421
-0.784,-0.632
-0.864,-0.359
-0.937,0.74
-0.981,2.034
-1.086,1.46
-1.214,1.043
-1.225,-0.014
-1.204,-1.751
-1.366,0.309
-1.359,2.062
-1.504,-0.532
-1.508,1.244
-1.455,0.246
-1.521,0.916
-1.555,-0.676
-1.525,-1.407
-1.734,-0.127
-1.862,1.756
-2.009,1.64
-2.117,1.384
-2.198,1.949
-2.229,-1.585
-2.174,-1.565
-2.434,1.981
-2.482,-1.009
-2.539,1.223
-2.686,1.04
-2.75,0.255
-2.753,1.604
-2.806,1.334
-2.92,0.306
-2.943,-0.763
-2.936,-0.385
-2.989,-1.765
-3.014,-0.711
-2.967,1.973
-3.004,-1.219
-2.999,1.85
3.049,-0.398
3.112,0.038
3.049,-1.309
3.055,-0.745
2.93,-0.473
2.858,-0.237
2.765,0.29
2.702,-0.771
2.658,-1.584
2.575,-1.698
2.631,-0.992
2.588,0.983
2.579,0.583
2.482,1.103
2.358,-1.448
2.354,1.151
2.292,1.658
2.328,-0.714
2.315,1.019
2.227,1.386
2.269,1.119
2.157,1.27
2.228,1.548
2.198,-0.497
2.204,1.149
2.18,-0.004
2.14,0.614
2.114,2.085
2.052,0.69
2.113,0.613
2.034,0.661
1.996,-0.613
1.83,-0.746
1.875,-0.676
1.745,0.897
1.673,-1.138
1.516,0.019
1.57,-0.561
1.551,-0.247
1.501,-1.279
1.163,-1.613
1.044,1.667
1.054,-0.041
0.986,-0.888
0.935,-0.178
0.883,-0.216
0.865,-1.715
0.749,-0.17
0.656,1.673
0.651,-1.145
0.726,1.121
0.172,-2.13
-0.235,-1.929
-0.519,-2.045
-1.284,-1.709
-1.918,-2.215
-2.416,-2.062
-2.926,-1.95
0.667,2.357
-0.015,2.207
-0.227,2.132
-0.243,2.299
-0.4,2.231
-0.723,2.292
-1.294,2.091
-1.514,2.304
2.933,2.464
2.809,2.498
2.433,2.307
1.904,2.41
1.629,2.208
1.389,2.44
1.261,2.467
-1.454,-0.06
-3.058,-0.473
2.843,1.247
2.319,-0.628
-1.471,2.225
2.658,2.308
0.705,-0.636
0.502,-1.559
0.547,-0.451
0.55,-0.186
0.376,-1.782
0.461,1.806
0.375,1.185
0.18,0.604
0.152,0.07
0.121,-0.739
-0.024,-0.346
-0.053,-0.513
-0.052,-1.355
-0.316,1.711
-0.308,0.876
-0.326,-1.766
-0.39,-1.673
-0.48,-1.292
-0.438,-0.332
-0.592,-1.612
-0.664,0.647
-0.64,-1.368
-0.732,-0.789
-0.872,0.412
-1.056,-0.3
-1.005,0.002
-1.141,-0.191
-1.167,0.626
-1.207,0.212
-1.362,0.352
-1.341,1.007
-1.423,1.998
-1.546,-1.752
-1.611,-0.675
-1.731,1.898
-1.727,-1.882
-1.7,-0.409
-1.827,0.852
-2.027,-0.728
-2.126,0.173
-2.126,-1.402
-2.278,-0.59
-2.298,0.02
-2.417,2.088
-2.549,0.891
-2.936,1.782
-3.034,-0.391
-3.031,1.843
3.106,0.758
2.995,1.777
2.745,0.422
2.844,0.046
2.649,0.698
2.697,-0.715
2.589,-1.815
2.46,0.475
2.307,0.935
2.139,-0.362
1.836,-1.351
1.822,-1.315
1.93,1.255
1.699,-0.609
1.695,0.81
1.564,-0.05
1.707,1.854
1.515,0.208
1.292,-0.671
1.16,-1.137
1.01,-0.555
0.841,-0.725
0.897,1.196
0.821,-0.378
0.785,-0.231
0.148,-2.05
-0.671,-1.947
-1.905,-2.113
-1.825,-2.003
0.952,-1.967
0.703,-1.964
0.517,2.326
-0.075,2.496
-2.724,2.199
-3.099,2.231
-3.054,2.215
2.554,2.176
1.94,2.09
1.873,2.236
1.637,2.492
1.517,2.257
1.627,2.163
-0.463,0.503
-0.481,1.8
-0.847,-1.39
-1.999,-0.153
1.937,1.246
-0.142,-0.301
-0.423,-0.885
2.422,0.522
2.285,-0.029
2.357,0.334
2.281,-0.235
1.937,-1.567
1.658,-1.339
1.442,0.398
1.525,-0.375
1.474,0.347
1.424,0.343
1.288,1.306
-1.63,-0.633
2.613,-1.491
1.259,-1.34
0.024,1.011
-0.063,-0.236
-0.095,-0.885
-0.159,-0.201
-0.097,0.115
-0.111,-0.224
-0.131,-2.384
-0.119,1.547
-0.262,0.838
-0.456,-0.83
-0.39,-0.29
-0.404,-0.7
-0.454,0.185
-0.527,-1.247
-0.555,-0.871
-0.542,0.949
-0.541,1.04
-0.61,-1.552
-0.608,-0.966
-0.643,-1.177
-0.723,-0.904
-0.796,0.195
-0.84,1.489
-0.945,0.915
-1.073,0.498
-1.084,-0.559
-1.063,-2.296
-1.225,-0.236
-1.218,1.517
-1.363,-1.077
-1.367,0.699
-1.314,-0.299
-1.38,0.371
-1.414,-1.221
-1.384,-1.952
-1.593,-0.672
-1.721,1.211
-1.868,1.095
-1.976,0.839
-2.057,1.404
-2.088,-2.13
-2.033,-2.11
-2.293,1.436
-2.341,-1.554
-2.398,0.678
-2.545,0.495
-2.609,-0.29
-2.612,1.059
-2.665,0.789
-2.779,-0.239
-2.802,-1.308
-2.795,-0.93
-2.848,-2.31
-2.873,-1.256
-2.826,1.428
-2.863,-1.764
-2.858,1.305
-3.093,-0.943
-3.03,-0.507
-3.093,-1.854
-3.087,-1.29
3.071,-1.018
2.999,-0.782
2.906,-0.255
2.843,-1.316
2.799,-2.129
2.716,-2.243
2.772,-1.537
2.729,0.438
2.72,0.038
2.623,0.558
2.499,-1.993
2.495,0.606
2.433,1.113
2.469,-1.259
2.456,0.474
2.368,0.841
2.41,0.574
2.298,0.725
2.369,1.003
2.339,-1.042
2.345,0.604
2.321,-0.549
2.281,0.069
2.255,1.54
2.193,0.145
2.254,0.068
2.175,0.116
2.137,-1.158
1.971,-1.291
2.016,-1.221
1.886,0.352
1.814,-1.683
1.657,-0.526
1.711,-1.106
1.692,-0.792
1.642,-1.824
1.304,-2.158
1.185,1.122
1.195,-0.586
1.127,-1.433
1.076,-0.723
1.024,-0.761
1.006,-2.26
0.89,-0.715
0.797,1.128
0.792,-1.69
0.867,0.576
0.313,-2.675
-0.094,-2.474
-0.378,-2.59
-1.143,-2.254
-1.777,-2.76
-2.275,-2.607
-2.785,-2.495
0.808,1.812
0.126,1.662
-0.086,1.587
-0.102,1.754
-0.259,1.686
-0.582,1.747
-1.153,1.546
-1.373,1.759
3.074,1.919
2.95,1.953
2.574,1.762
2.045,1.865
1.77,1.663
1.53,1.895
1.402,1.922
-1.313,-0.605
-2.917,-1.018
2.984,0.702
2.46,-1.173
-1.33,1.68
2.799,1.763
0.846,-1.181
0.643,-2.104
0.688,-0.996
0.691,-0.731
0.517,-2.327
0.602,1.261
0.516,0.64
0.321,0.059
0.293,-0.475
0.262,-1.284
0.117,-0.891
0.088,-1.058
0.089,-1.9
-0.175,1.166
-0.167,0.331
-0.185,-2.311
-0.249,-2.218
-0.339,-1.837
-0.297,-0.877
-0.451,-2.157
-0.523,0.102
-0.499,-1.913
-0.591,-1.334
-0.731,-0.133
-0.915,-0.845
-0.864,-0.543
-1.0,-0.736
-1.026,0.081
-1.066,-0.333
-1.221,-0.193
-1.2,0.462
-1.282,1.453
-1.405,-2.297
-1.47,-1.22
-1.59,1.353
-1.586,-2.427
-1.559,-0.954
-1.686,0.307
-1.886,-1.273
-1.985,-0.372
-1.985,-1.947
-2.137,-1.135
-2.157,-0.525
-2.276,1.543
-2.408,0.346
-2.795,1.237
-2.893,-0.936
-2.89,1.298
-3.036,0.213
3.136,1.232
2.886,-0.123
2.985,-0.499
2.79,0.153
2.838,-1.26
2.73,-2.36
2.601,-0.07
2.448,0.39
2.28,-0.907
1.977,-1.896
1.963,-1.86
2.071,0.71
1.84,-1.154
1.836,0.265
1.705,-0.595
1.848,1.309
1.656,-0.337
1.433,-1.216
1.301,-1.682
1.151,-1.1
0.982,-1.27
1.038,0.651
0.962,-0.923
0.926,-0.776
0.289,-2.595
-0.53,-2.492
-1.764,-2.658
-1.684,-2.548
1.093,-2.512
0.844,-2.509
0.658,1.781
0.066,1.951
-2.583,1.654
-2.958,1.686
-2.913,1.67
2.695,1.631
2.081,1.545
2.014,1.691
1.778,1.947
1.658,1.712
1.768,1.618
-0.322,-0.042
-0.34,1.255
-0.706,-1.935
-1.858,-0.698
2.078,0.701
-0.001,-0.846
-0.282,-1.43
2.563,-0.023
2.426,-0.574
2.498,-0.211
2.422,-0.78
2.078,-2.112
1.799,-1.884
1.583,-0.147
1.666,-0.92
1.615,-0.198
1.565,-0.202
1.429,0.761
-1.489,-1.178
2.754,-2.036
1.4,-1.885
-0.087,-1.247
-0.119,-1.896
-0.183,-1.212
-0.121,-0.896
-0.135,-1.235
-0.155,-3.395
-0.143,0.536
-0.286,-0.173
-0.48,-1.841
-0.414,-1.301
-0.428,-1.711
-0.478,-0.826
-0.551,-2.258
-0.579,-1.882
-0.566,-0.062
-0.565,0.029
-0.634,-2.563
-0.632,-1.977
-0.667,-2.188
-0.747,-1.915
-0.82,-0.816
-0.864,0.478
-0.969,-0.096
-1.097,-0.513
-1.108,-1.57
-1.087,-3.307
-1.249,-1.247
-1.242,0.506
-1.387,-2.088
-1.391,-0.312
-1.338,-1.31
-1.404,-0.64
-1.438,-2.232
-1.408,-2.963
-1.617,-1.683
-1.745,0.2
-1.892,0.084
-2.0,-0.172
-2.081,0.393
-2.112,-3.141
-2.057,-3.121
-2.317,0.425
-2.365,-2.565
-2.422,-0.333
-2.569,-0.516
-2.633,-1.301
-2.636,0.048
-2.689,-0.222
-2.803,-1.25
-2.826,-2.319
-2.819,-1.941
-2.872,-3.321
-2.897,-2.267
-2.85,0.417
-2.887,-2.775
-2.882,0.294
-3.117,-1.954
-3.054,-1.518
-3.117,-2.865
-3.111,-2.301
3.047,-2.029
2.975,-1.793
2.882,-1.266
2.819,-2.327
2.775,-3.14
2.692,-3.254
2.748,-2.548
2.705,-0.573
2.696,-0.973
2.599,-0.453
2.475,-3.004
2.471,-0.405
2.409,0.102
2.445,-2.27
2.432,-0.537
2.344,-0.17
2.386,-0.437
2.274,-0.286
2.345,-0.008
2.315,-2.053
2.321,-0.407
2.297,-1.56
2.257,-0.942
2.231,0.529
2.169,-0.866
2.23,-0.943
2.151,-0.895
2.113,-2.169
1.947,-2.302
1.992,-2.232
1.862,-0.659
1.79,-2.694
1.633,-1.537
1.687,-2.117
1.668,-1.803
1.618,-2.835
1.28,-3.169
1.161,0.111
1.171,-1.597
1.103,-2.444
1.052,-1.734
1.0,-1.772
0.982,-3.271
0.866,-1.726
0.773,0.117
0.768,-2.701
0.843,-0.435
0.289,-3.686
-0.118,-3.485
-0.402,-3.601
-1.167,-3.265
-1.801,-3.771
-2.299,-3.618
-2.809,-3.506
0.784,0.801
0.102,0.651
-0.11,0.576
-0.126,0.743
-0.283,0.675
-0.606,0.736
-1.177,0.535
-1.397,0.748
3.05,0.908
2.926,0.942
2.55,0.751
2.021,0.854
1.746,0.652
1.506,0.884
1.378,0.911
-1.337,-1.616
-2.941,-2.029
2.96,-0.309
2.436,-2.184
-1.354,0.669
2.775,0.752
0.822,-2.192
0.619,-3.115
0.664,-2.007
0.667,-1.742
0.493,-3.338
0.578,0.25
0.492,-0.371
0.297,-0.952
0.269,-1.486
0.238,-2.295
0.093,-1.902
0.064,-2.069
0.065,-2.911
-0.199,0.155
-0.191,-0.68
-0.209,-3.322
-0.273,-3.229
-0.363,-2.848
-0.321,-1.888
-0.475,-3.168
-0.547,-0.909
-0.523,-2.924
-0.615,-2.345
-0.755,-1.144
-0.939,-1.856
-0.888,-1.554
-1.024,-1.747
-1.05,-0.93
-1.09,-1.344
-1.245,-1.204
-1.224,-0.549
-1.306,0.442
-1.429,-3.308
-1.494,-2.231
-1.614,0.342
-1.61,-3.438
-1.583,-1.965
-1.71,-0.704
-1.91,-2.284
-2.009,-1.383
-2.009,-2.958
-2.161,-2.146
-2.181,-1.536
-2.3,0.532
-2.432,-0.665
-2.819,0.226
-2.917,-1.947
-2.914,0.287
-3.06,-0.798
3.112,0.221
2.862,-1.134
2.961,-1.51
2.766,-0.858
2.814,-2.271
2.706,-3.371
2.577,-1.081
2.424,-0.621
2.256,-1.918
1.953,-2.907
1.939,-2.871
2.047,-0.301
1.816,-2.165
1.812,-0.746
1.681,-1.606
1.824,0.298
1.632,-1.348
1.409,-2.227
1.277,-2.693
1.127,-2.111
0.958,-2.281
1.014,-0.36
0.938,-1.934
0.902,-1.787
0.265,-3.606
-0.554,-3.503
-1.788,-3.669
-1.708,-3.559
1.069,-3.523
0.82,-3.52
0.634,0.77
0.042,0.94
-2.607,0.643
-2.982,0.675
-2.937,0.659
2.671,0.62
2.057,0.534
1.99,0.68
1.754,0.936
1.634,0.701
1.744,0.607
-0.346,-1.053
-0.364,0.244
-0.73,-2.946
-1.882,-1.709
2.054,-0.31
-0.025,-1.857
-0.306,-2.441
2.539,-1.034
2.402,-1.585
2.474,-1.222
2.398,-1.791
2.054,-3.123
1.775,-2.895
1.559,-1.158
1.642,-1.931
1.591,-1.209
1.541,-1.213
1.405,-0.25
-1.513,-2.189
2.73,-3.047
1.376,-2.896
-0.032,-0.649
-0.096,0.035
-0.034,0.351
-0.048,0.012
-0.068,-2.148
-0.056,1.783
-0.199,1.074
-0.393,-0.594
-0.327,-0.054
-0.341,-0.464
-0.391,0.421
-0.464,-1.011
-0.492,-0.635
-0.479,1.185
-0.478,1.276
-0.547,-1.316
-0.545,-0.73
-0.58,-0.941
-0.66,-0.668
-0.733,0.431
-0.777,1.725
-0.882,1.151
-1.01,0.734
-1.021,-0.323
-1.0,-2.06
-1.162,0.0
-1.155,1.753
-1.3,-0.841
-1.304,0.935
-1.251,-0.063
-1.317,0.607
-1.351,-0.985
-1.321,-1.716
-1.53,-0.436
-1.658,1.447
-1.805,1.331
-1.913,1.075
-1.994,1.64
-2.025,-1.894
-1.97,-1.874
-2.23,1.672
-2.278,-1.318
-2.335,0.914
-2.482,0.731
-2.546,-0.054
-2.549,1.295
-2.602,1.025
-2.716,-0.003
-2.739,-1.072
-2.732,-0.694
-2.785,-2.074
-2.81,-1.02
-2.763,1.664
-2.8,-1.528
-2.795,1.541
-3.03,-0.707
-2.967,-0.271
-3.03,-1.618
-3.024,-1.054
3.134,-0.782
3.062,-0.546
2.969,-0.019
2.906,-1.08
2.862,-1.893
2.779,-2.007
2.835,-1.301
2.792,0.674
2.783,0.274
2.686,0.794
2.562,-1.757
2.558,0.842
2.496,1.349
2.532,-1.023
2.519,0.71
2.431,1.077
2.473,0.81
2.361,0.961
2.432,1.239
2.402,-0.806
2.408,0.84
2.384,-0.313
2.344,0.305
2.318,1.776
2.256,0.381
2.317,0.304
2.238,0.352
2.2,-0.922
2.034,-1.055
2.079,-0.985
1.949,0.588
1.877,-1.447
1.72,-0.29
1.774,-0.87
1.755,-0.556
1.705,-1.588
1.367,-1.922
1.248,1.358
1.258,-0.35
1.19,-1.197
1.139,-0.487
1.087,-0.525
1.069,-2.024
0.953,-0.479
0.86,1.364
0.855,-1.454
0.93,0.812
0.376,-2.439
-0.031,-2.238
-0.315,-2.354
-1.08,-2.018
-1.714,-2.524
-2.212,-2.371
-2.722,-2.259
0.871,2.048
0.189,1.898
-0.023,1.823
-0.039,1.99
-0.196,1.922
-0.519,1.983
-1.09,1.782
-1.31,1.995
3.137,2.155
3.013,2.189
2.637,1.998
2.108,2.101
1.833,1.899
1.593,2.131
1.465,2.158
-1.25,-0.369
-2.854,-0.782
3.047,0.938
2.523,-0.937
-1.267,1.916
2.862,1.999
0.909,-0.945
0.706,-1.868
0.751,-0.76
0.754,-0.495
0.58,-2.091
0.665,1.497
0.579,0.876
0.384,0.295
0.356,-0.239
0.325,-1.048
0.18,-0.655
0.151,-0.822
0.152,-1.664
-0.112,1.402
-0.104,0.567
-0.122,-2.075
-0.186,-1.982
-0.276,-1.601
-0.234,-0.641
-0.388,-1.921
-0.46,0.338
-0.436,-1.677
-0.528,-1.098
-0.668,0.103
-0.852,-0.609
-0.801,-0.307
-0.937,-0.5
-0.963,0.317
-1.003,-0.097
-1.158,0.043
-1.137,0.698
-1.219,1.689
-1.342,-2.061
-1.407,-0.984
-1.527,1.589
-1.523,-2.191
-1.496,-0.718
-1.623,0.543
-1.823,-1.037
-1.922,-0.136
-1.922,-1.711
-2.074,-0.899
-2.094,-0.289
-2.213,1.779
-2.345,0.582
-2.732,1.473
-2.83,-0.7
-2.827,1.534
-2.973,0.449
-3.084,1.468
2.949,0.113
3.048,-0.263
2.853,0.389
2.901,-1.024
2.793,-2.124
2.664,0.166
2.511,0.626
2.343,-0.671
2.04,-1.66
2.026,-1.624
2.134,0.946
1.903,-0.918
1.899,0.501
1.768,-0.359
1.911,1.545
1.719,-0.101
1.496,-0.98
1.364,-1.446
1.214,-0.864
1.045,-1.034
1.101,0.887
1.025,-0.687
0.989,-0.54
0.352,-2.359
-0.467,-2.256
-1.701,-2.422
-1.621,-2.312
1.156,-2.276
0.907,-2.273
0.721,2.017
0.129,2.187
-2.52,1.89
-2.895,1.922
-2.85,1.906
2.758,1.867
2.144,1.781
2.077,1.927
1.841,2.183
1.721,1.948
1.831,1.854
-0.259,0.194
-0.277,1.491
-0.643,-1.699
-1.795,-0.462
2.141,0.937
0.062,-0.61
-0.219,-1.194
2.626,0.213
2.489,-0.338
2.561,0.025
2.485,-0.544
2.141,-1.876
1.862,-1.648
1.646,0.089
1.729,-0.684
1.678,0.038
1.628,0.034
1.492,0.997
-1.426,-0.942
2.817,-1.8
1.463,-1.649
-0.064,0.684
-0.002,1.0
-0.016,0.661
-0.036,-1.499
-0.024,2.432
-0.167,1.723
-0.361,0.055
-0.295,0.595
-0.309,0.185
-0.359,1.07
-0.432,-0.362
-0.46,0.014
-0.447,1.834
-0.446,1.925
-0.515,-0.667
-0.513,-0.081
-0.548,-0.292
-0.628,-0.019
-0.701,1.08
-0.745,2.374
-0.85,1.8
-0.978,1.383
-0.989,0.326
-0.968,-1.411
-1.13,0.649
-1.123,2.402
-1.268,-0.192
-1.272,1.584
-1.219,0.586
-1.285,1.256
-1.319,-0.336
-1.289,-1.067
-1.498,0.213
-1.626,2.096
-1.773,1.98
-1.881,1.724
-1.962,2.289
-1.993,-1.245
-1.938,-1.225
-2.198,2.321
-2.246,-0.669
-2.303,1.563
-2.45,1.38
-2.514,0.595
-2.517,1.944
-2.57,1.674
-2.684,0.646
-2.707,-0.423
-2.7,-0.045
-2.753,-1.425
-2.778,-0.371
-2.731,2.313
-2.768,-0.879
-2.763,2.19
-2.998,-0.058
-2.935,0.378
-2.998,-0.969
-2.992,-0.405
-3.117,-0.133
3.094,0.103
3.001,0.63
2.938,-0.431
2.894,-1.244
2.811,-1.358
2.867,-0.652
2.824,1.323
2.815,0.923
2.718,1.443
2.594,-1.108
2.59,1.491
2.528,1.998
2.564,-0.374
2.551,1.359
2.463,1.726
2.505,1.459
2.393,1.61
2.464,1.888
2.434,-0.157
2.44,1.489
2.416,0.336
2.376,0.954
2.35,2.425
2.288,1.03
2.349,0.953
2.27,1.001
2.232,-0.273
2.066,-0.406
2.111,-0.336
1.981,1.237
1.909,-0.798
1.752,0.359
1.806,-0.221
1.787,0.093
1.737,-0.939
1.399,-1.273
1.28,2.007
1.29,0.299
1.222,-0.548
1.171,0.162
1.119,0.124
1.101,-1.375
0.985,0.17
0.892,2.013
0.887,-0.805
0.962,1.461
0.408,-1.79
0.001,-1.589
-0.283,-1.705
-1.048,-1.369
-1.682,-1.875
-2.18,-1.722
-2.69,-1.61
0.903,2.697
0.221,2.547
0.009,2.472
-0.007,2.639
-0.164,2.571
-0.487,2.632
-1.058,2.431
-1.278,2.644
-3.114,2.804
3.045,2.838
2.669,2.647
2.14,2.75
1.865,2.548
1.625,2.78
1.497,2.807
-1.218,0.28
-2.822,-0.133
3.079,1.587
2.555,-0.288
-1.235,2.565
2.894,2.648
0.941,-0.296
0.738,-1.219
0.783,-0.111
0.786,0.154
0.612,-1.442
0.697,2.146
0.611,1.525
0.416,0.944
0.388,0.41
0.357,-0.399
0.212,-0.006
0.183,-0.173
0.184,-1.015
-0.08,2.051
-0.072,1.216
-0.09,-1.426
-0.154,-1.333
-0.244,-0.952
-0.202,0.008
-0.356,-1.272
-0.428,0.987
-0.404,-1.028
-0.496,-0.449
-0.636,0.752
-0.82,0.04
-0.769,0.342
-0.905,0.149
-0.931,0.966
-0.971,0.552
-1.126,0.692
-1.105,1.347
-1.187,2.338
-1.31,-1.412
-1.375,-0.335
-1.495,2.238
-1.491,-1.542
-1.464,-0.069
-1.591,1.192
-1.791,-0.388
-1.89,0.513
-1.89,-1.062
-2.042,-0.25
-2.062,0.36
-2.181,2.428
-2.313,1.231
-2.7,2.122
-2.798,-0.051
-2.795,2.183
-2.941,1.098
-3.052,2.117
2.981,0.762
3.08,0.386
2.885,1.038
2.933,-0.375
2.825,-1.475
2.696,0.815
2.543,1.275
2.375,-0.022
2.072,-1.011
2.058,-0.975
2.166,1.595
1.935,-0.269
1.931,1.15
1.8,0.29
1.943,2.194
1.751,0.548
1.528,-0.331
1.396,-0.797
1.246,-0.215
1.077,-0.385
1.133,1.536
1.057,-0.038
1.021,0.109
0.384,-1.71
-0.435,-1.607
-1.669,-1.773
-1.589,-1.663
1.188,-1.627
0.939,-1.624
0.753,2.666
0.161,2.836
-2.488,2.539
-2.863,2.571
-2.818,2.555
2.79,2.516
2.176,2.43
2.109,2.576
1.873,2.832
1.753,2.597
1.863,2.503
-0.227,0.843
-0.245,2.14
-0.611,-1.05
-1.763,0.187
2.173,1.586
0.094,0.039
-0.187,-0.545
2.658,0.862
2.521,0.311
2.593,0.674
2.517,0.105
2.173,-1.227
1.894,-0.999
1.678,0.738
1.761,-0.035
1.71,0.687
1.66,0.683
1.524,1.646
-1.394,-0.293
2.849,-1.151
1.495,-1.0
0.062,0.316
0.048,-0.023
0.028,-2.183
0.04,1.748
-0.103,1.039
-0.297,-0.629
-0.231,-0.089
-0.245,-0.499
-0.295,0.386
-0.368,-1.046
-0.396,-0.67
-0.383,1.15
-0.382,1.241
-0.451,-1.351
-0.449,-0.765
-0.484,-0.976
-0.564,-0.703
-0.637,0.396
-0.681,1.69
-0.786,1.116
-0.914,0.699
-0.925,-0.358
-0.904,-2.095
-1.066,-0.035
-1.059,1.718
-1.204,-0.876
-1.208,0.9
-1.155,-0.098
-1.221,0.572
-1.255,-1.02
-1.225,-1.751
-1.434,-0.471
-1.562,1.412
-1.709,1.296
-1.817,1.04
-1.898,1.605
-1.929,-1.929
-1.874,-1.909
-2.134,1.637
-2.182,-1.353
-2.239,0.879
-2.386,0.696
-2.45,-0.089
-2.453,1.26
-2.506,0.99
-2.62,-0.038
-2.643,-1.107
-2.636,-0.729
-2.689,-2.109
-2.714,-1.055
-2.667,1.629
-2.704,-1.563
-2.699,1.506
-2.934,-0.742
-2.871,-0.306
-2.934,-1.653
-2.928,-1.089
-3.053,-0.817
-3.125,-0.581
3.065,-0.054
3.002,-1.115
2.958,-1.928
2.875,-2.042
2.931,-1.336
2.888,0.639
2.879,0.239
2.782,0.759
2.658,-1.792
2.654,0.807
2.592,1.314
2.628,-1.058
2.615,0.675
2.527,1.042
2.569,0.775
2.457,0.926
2.528,1.204
2.498,-0.841
2.504,0.805
2.48,-0.348
2.44,0.27
2.414,1.741
2.352,0.346
2.413,0.269
2.334,0.317
2.296,-0.957
2.13,-1.09
2.175,-1.02
2.045,0.553
1.973,-1.482
1.816,-0.325
1.87,-0.905
1.851,-0.591
1.801,-1.623
1.463,-1.957
1.344,1.323
1.354,-0.385
1.286,-1.232
1.235,-0.522
1.183,-0.56
1.165,-2.059
1.049,-0.514
0.956,1.329
0.951,-1.489
1.026,0.777
0.472,-2.474
0.065,-2.273
-0.219,-2.389
-0.984,-2.053
-1.618,-2.559
-2.116,-2.406
-2.626,-2.294
0.967,2.013
0.285,1.863
0.073,1.788
0.057,1.955
-0.1,1.887
-0.423,1.948
-0.994,1.747
-1.214,1.96
-3.05,2.12
3.109,2.154
2.733,1.963
2.204,2.066
1.929,1.864
1.689,2.096
1.561,2.123
-1.154,-0.404
-2.758,-0.817
-3.14,0.903
2.619,-0.972
-1.171,1.881
2.958,1.964
1.005,-0.98
0.802,-1.903
0.847,-0.795
0.85,-0.53
0.676,-2.126
0.761,1.462
0.675,0.841
0.48,0.26
0.452,-0.274
0.421,-1.083
0.276,-0.69
0.247,-0.857
0.248,-1.699
-0.016,1.367
-0.008,0.532
-0.026,-2.11
-0.09,-2.017
-0.18,-1.636
-0.138,-0.676
-0.292,-1.956
-0.364,0.303
-0.34,-1.712
-0.432,-1.133
-0.572,0.068
-0.756,-0.644
-0.705,-0.342
-0.841,-0.535
-0.867,0.282
-0.907,-0.132
-1.062,0.008
-1.041,0.663
-1.123,1.654
-1.246,-2.096
-1.311,-1.019
-1.431,1.554
-1.427,-2.226
-1.4,-0.753
-1.527,0.508
-1.727,-1.072
-1.826,-0.171
-1.826,-1.746
-1.978,-0.934
-1.998,-0.324
-2.117,1.744
-2.249,0.547
-2.636,1.438
-2.734,-0.735
-2.731,1.499
-2.877,0.414
-2.988,1.433
3.045,0.078
-3.139,-0.298
2.949,0.354
2.997,-1.059
2.889,-2.159
2.76,0.131
2.607,0.591
2.439,-0.706
2.136,-1.695
2.122,-1.659
2.23,0.911
1.999,-0.953
1.995,0.466
1.864,-0.394
2.007,1.51
1.815,-0.136
1.592,-1.015
1.46,-1.481
1.31,-0.899
1.141,-1.069
1.197,0.852
1.121,-0.722
1.085,-0.575
0.448,-2.394
-0.371,-2.291
-1.605,-2.457
-1.525,-2.347
1.252,-2.311
1.003,-2.308
0.817,1.982
0.225,2.152
-2.424,1.855
-2.799,1.887
-2.754,1.871
2.854,1.832
2.24,1.746
2.173,1.892
1.937,2.148
1.817,1.913
1.927,1.819
-0.163,0.159
-0.181,1.456
-0.547,-1.734
-1.699,-0.497
2.237,0.902
0.158,-0.645
-0.123,-1.229
2.722,0.178
2.585,-0.373
2.657,-0.01
2.581,-0.579
2.237,-1.911
1.958,-1.683
1.742,0.054
1.825,-0.719
1.774,0.003
1.724,-0.001
1.588,0.962
-1.33,-0.977
2.913,-1.835
1.559,-1.684
-0.014,-0.339
-0.034,-2.499
-0.022,1.432
-0.165,0.723
-0.359,-0.945
-0.293,-0.405
-0.307,-0.815
-0.357,0.07
-0.43,-1.362
-0.458,-0.986
-0.445,0.834
-0.444,0.925
-0.513,-1.667
-0.511,-1.081
-0.546,-1.292
-0.626,-1.019
-0.699,0.08
-0.743,1.374
-0.848,0.8
-0.976,0.383
-0.987,-0.674
-0.966,-2.411
-1.128,-0.351
-1.121,1.402
-1.266,-1.192
-1.27,0.584
-1.217,-0.414
-1.283,0.256
-1.317,-1.336
-1.287,-2.067
-1.496,-0.787
-1.624,1.096
-1.771,0.98
-1.879,0.724
-1.96,1.289
-1.991,-2.245
-1.936,-2.225
-2.196,1.321
-2.244,-1.669
-2.301,0.563
-2.448,0.38
-2.512,-0.405
-2.515,0.944
-2.568,0.674
-2.682,-0.354
-2.705,-1.423
-2.698,-1.045
-2.751,-2.425
-2.776,-1.371
-2.729,1.313
-2.766,-1.879
-2.761,1.19
-2.996,-1.058
-2.933,-0.622
-2.996,-1.969
-2.99,-1.405
-3.115,-1.133
3.096,-0.897
3.003,-0.37
2.94,-1.431
2.896,-2.244
2.813,-2.358
2.869,-1.652
2.826,0.323
2.817,-0.077
2.72,0.443
2.596,-2.108
2.592,0.491
2.53,0.998
2.566,-1.374
2.553,0.359
2.465,0.726
2.507,0.459
2.395,0.61
2.466,0.888
2.436,-1.157
2.442,0.489
2.418,-0.664
2.378,-0.046
2.352,1.425
2.29,0.03
2.351,-0.047
2.272,0.001
2.234,-1.273
2.068,-1.406
2.113,-1.336
1.983,0.237
1.911,-1.798
1.754,-0.641
1.808,-1.221
1.789,-0.907
1.739,-1.939
1.401,-2.273
1.282,1.007
1.292,-0.701
1.224,-1.548
1.173,-0.838
1.121,-0.876
1.103,-2.375
0.987,-0.83
0.894,1.013
0.889,-1.805
0.964,0.461
0.41,-2.79
0.003,-2.589
-0.281,-2.705
-1.046,-2.369
-1.68,-2.875
-2.178,-2.722
-2.688,-2.61
0.905,1.697
0.223,1.547
0.011,1.472
-0.005,1.639
-0.162,1.571
-0.485,1.632
-1.056,1.431
-1.276,1.644
-3.112,1.804
3.047,1.838
2.671,1.647
2.142,1.75
1.867,1.548
1.627,1.78
1.499,1.807
-1.216,-0.72
-2.82,-1.133
3.081,0.587
2.557,-1.288
-1.233,1.565
2.896,1.648
0.943,-1.296
0.74,-2.219
0.785,-1.111
0.788,-0.846
0.614,-2.442
0.699,1.146
0.613,0.525
0.418,-0.056
0.39,-0.59
0.359,-1.399
0.214,-1.006
0.185,-1.173
0.186,-2.015
-0.078,1.051
-0.07,0.216
-0.088,-2.426
-0.152,-2.333
-0.242,-1.952
-0.2,-0.992
-0.354,-2.272
-0.426,-0.013
-0.402,-2.028
-0.494,-1.449
-0.634,-0.248
-0.818,-0.96
-0.767,-0.658
-0.903,-0.851
-0.929,-0.034
-0.969,-0.448
-1.124,-0.308
-1.103,0.347
-1.185,1.338
-1.308,-2.412
-1.373,-1.335
-1.493,1.238
-1.489,-2.542
-1.462,-1.069
-1.589,0.192
-1.789,-1.388
-1.888,-0.487
-1.888,-2.062
-2.04,-1.25
-2.06,-0.64
-2.179,1.428
-2.311,0.231
-2.698,1.122
-2.796,-1.051
-2.793,1.183
-2.939,0.098
-3.05,1.117
2.983,-0.238
3.082,-0.614
2.887,0.038
2.935,-1.375
2.827,-2.475
2.698,-0.185
2.545,0.275
2.377,-1.022
2.074,-2.011
2.06,-1.975
2.168,0.595
1.937,-1.269
1.933,0.15
1.802,-0.71
1.945,1.194
1.753,-0.452
1.53,-1.331
1.398,-1.797
1.248,-1.215
1.079,-1.385
1.135,0.536
1.059,-1.038
1.023,-0.891
0.386,-2.71
-0.433,-2.607
-1.667,-2.773
-1.587,-2.663
1.19,-2.627
0.941,-2.624
0.755,1.666
0.163,1.836
-2.486,1.539
-2.861,1.571
-2.816,1.555
2.792,1.516
2.178,1.43
2.111,1.576
1.875,1.832
1.755,1.597
1.865,1.503
-0.225,-0.157
-0.243,1.14
-0.609,-2.05
-1.761,-0.813
2.175,0.586
0.096,-0.961
-0.185,-1.545
2.66,-0.138
2.523,-0.689
2.595,-0.326
2.519,-0.895
2.175,-2.227
1.896,-1.999
1.68,-0.262
1.763,-1.035
1.712,-0.313
1.662,-0.317
1.526,0.646
-1.392,-1.293
2.851,-2.151
1.497,-2.0
-0.02,-2.16
-0.008,1.771
-0.151,1.062
-0.345,-0.606
-0.279,-0.066
-0.293,-0.476
-0.343,0.409
-0.416,-1.023
-0.444,-0.647
-0.431,1.173
-0.43,1.264
-0.499,-1.328
-0.497,-0.742
-0.532,-0.953
-0.612,-0.68
-0.685,0.419
-0.729,1.713
-0.834,1.139
-0.962,0.722
-0.973,-0.335
-0.952,-2.072
-1.114,-0.012
-1.107,1.741
-1.252,-0.853
-1.256,0.923
-1.203,-0.075
-1.269,0.595
-1.303,-0.997
-1.273,-1.728
-1.482,-0.448
-1.61,1.435
-1.757,1.319
-1.865,1.063
-1.946,1.628
-1.977,-1.906
-1.922,-1.886
-2.182,1.66
-2.23,-1.33
-2.287,0.902
-2.434,0.719
-2.498,-0.066
-2.501,1.283
-2.554,1.013
-2.668,-0.015
-2.691,-1.084
-2.684,-0.706
-2.737,-2.086
-2.762,-1.032
-2.715,1.652
-2.752,-1.54
-2.747,1.529
-2.982,-0.719
-2.919,-0.283
-2.982,-1.63
-2.976,-1.066
-3.101,-0.794
3.11,-0.558
3.017,-0.031
2.954,-1.092
2.91,-1.905
2.827,-2.019
2.883,-1.313
2.84,0.662
2.831,0.262
2.734,0.782
2.61,-1.769
2.606,0.83
2.544,1.337
2.58,-1.035
2.567,0.698
2.479,1.065
2.521,0.798
2.409,0.949
2.48,1.227
2.45,-0.818
2.456,0.828
2.432,-0.325
2.392,0.293
2.366,1.764
2.304,0.369
2.365,0.292
2.286,0.34
2.248,-0.934
2.082,-1.067
2.127,-0.997
1.997,0.576
1.925,-1.459
1.768,-0.302
1.822,-0.882
1.803,-0.568
1.753,-1.6
1.415,-1.934
1.296,1.346
1.306,-0.362
1.238,-1.209
1.187,-0.499
1.135,-0.537
1.117,-2.036
1.001,-0.491
0.908,1.352
0.903,-1.466
0.978,0.8
0.424,-2.451
0.017,-2.25
-0.267,-2.366
-1.032,-2.03
-1.666,-2.536
-2.164,-2.383
-2.674,-2.271
0.919,2.036
0.237,1.886
0.025,1.811
0.009,1.978
-0.148,1.91
-0.471,1.971
-1.042,1.77
-1.262,1.983
-3.098,2.143
3.061,2.177
2.685,1.986
2.156,2.089
1.881,1.887
1.641,2.119
1.513,2.146
-1.202,-0.381
-2.806,-0.794
3.095,0.926
2.571,-0.949
-1.219,1.904
2.91,1.987
0.957,-0.957
0.754,-1.88
0.799,-0.772
0.802,-0.507
0.628,-2.103
0.713,1.485
0.627,0.864
0.432,0.283
0.404,-0.251
0.373,-1.06
0.228,-0.667
0.199,-0.834
0.2,-1.676
-0.064,1.39
-0.056,0.555
-0.074,-2.087
-0.138,-1.994
-0.228,-1.613
-0.186,-0.653
-0.34,-1.933
-0.412,0.326
-0.388,-1.689
-0.48,-1.11
-0.62,0.091
-0.804,-0.621
-0.753,-0.319
-0.889,-0.512
-0.915,0.305
-0.955,-0.109
-1.11,0.031
-1.089,0.686
-1.171,1.677
-1.294,-2.073
-1.359,-0.996
-1.479,1.577
-1.475,-2.203
-1.448,-0.73
-1.575,0.531
-1.775,-1.049
-1.874,-0.148
-1.874,-1.723
-2.026,-0.911
-2.046,-0.301
-2.165,1.767
-2.297,0.57
-2.684,1.461
-2.782,-0.712
-2.779,1.522
-2.925,0.437
-3.036,1.456
2.997,0.101
3.096,-0.275
2.901,0.377
2.949,-1.036
2.841,-2.136
2.712,0.154
2.559,0.614
2.391,-0.683
2.088,-1.672
2.074,-1.636
2.182,0.934
1.951,-0.93
1.947,0.489
1.816,-0.371
1.959,1.533
1.767,-0.113
1.544,-0.992
1.412,-1.458
1.262,-0.876
1.093,-1.046
1.149,0.875
1.073,-0.699
1.037,-0.552
0.4,-2.371
-0.419,-2.268
-1.653,-2.434
-1.573,-2.324
1.204,-2.288
0.955,-2.285
0.769,2.005
0.177,2.175
-2.472,1.878
-2.847,1.91
-2.802,1.894
2.806,1.855
2.192,1.769
2.125,1.915
1.889,2.171
1.769,1.936
1.879,1.842
-0.211,0.182
-0.229,1.479
-0.595,-1.711
-1.747,-0.474
2.189,0.925
0.11,-0.622
-0.171,-1.206
2.674,0.201
2.537,-0.35
2.609,0.013
2.533,-0.556
2.189,-1.888
1.91,-1.66
1.694,0.077
1.777,-0.696
1.726,0.026
1.676,0.022
1.54,0.985
-1.378,-0.954
2.865,-1.812
1.511,-1.661
0.012,3.931
-0.131,3.222
-0.325,1.554
-0.259,2.094
-0.273,1.684
-0.323,2.569
-0.396,1.137
-0.424,1.513
-0.411,3.333
-0.41,3.424
-0.479,0.832
-0.477,1.418
-0.512,1.207
-0.592,1.48
-0.665,2.579
-0.709,3.873
-0.814,3.299
-0.942,2.882
-0.953,1.825
-0.932,0.088
-1.094,2.148
-1.087,3.901
-1.232,1.307
-1.236,3.083
-1.183,2.085
-1.249,2.755
-1.283,1.163
-1.253,0.432
-1.462,1.712
-1.59,3.595
-1.737,3.479
-1.845,3.223
-1.926,3.788
-1.957,0.254
-1.902,0.274
-2.162,3.82
-2.21,0.83
-2.267,3.062
-2.414,2.879
-2.478,2.094
-2.481,3.443
-2.534,3.173
-2.648,2.145
-2.671,1.076
-2.664,1.454
-2.717,0.074
-2.742,1.128
-2.695,3.812
-2.732,0.62
-2.727,3.689
-2.962,1.441
-2.899,1.877
-2.962,0.53
-2.956,1.094
-3.081,1.366
3.13,1.602
3.037,2.129
2.974,1.068
2.93,0.255
2.847,0.141
2.903,0.847
2.86,2.822
2.851,2.422
2.754,2.942
2.63,0.391
2.626,2.99
2.564,3.497
2.6,1.125
2.587,2.858
2.499,3.225
2.541,2.958
2.429,3.109
2.5,3.387
2.47,1.342
2.476,2.988
2.452,1.835
2.412,2.453
2.386,3.924
2.324,2.529
2.385,2.452
2.306,2.5
2.268,1.226
2.102,1.093
2.147,1.163
2.017,2.736
1.945,0.701
1.788,1.858
1.842,1.278
1.823,1.592
1.773,0.56
1.435,0.226
1.316,3.506
1.326,1.798
1.258,0.951
1.207,1.661
1.155,1.623
1.137,0.124
1.021,1.669
0.928,3.512
0.923,0.694
0.998,2.96
0.444,-0.291
0.037,-0.09
-0.247,-0.206
-1.012,0.13
-1.646,-0.376
-2.144,-0.223
-2.654,-0.111
0.939,4.196
0.257,4.046
0.045,3.971
0.029,4.138
-0.128,4.07
-0.451,4.131
-1.022,3.93
-1.242,4.143
-3.078,4.303
3.081,4.337
2.705,4.146
2.176,4.249
1.901,4.047
1.661,4.279
1.533,4.306
-1.182,1.779
-2.786,1.366
3.115,3.086
2.591,1.211
-1.199,4.064
2.93,4.147
0.977,1.203
0.774,0.28
0.819,1.388
0.822,1.653
0.648,0.057
0.733,3.645
0.647,3.024
0.452,2.443
0.424,1.909
0.393,1.1
0.248,1.493
0.219,1.326
0.22,0.484
-0.044,3.55
-0.036,2.715
-0.054,0.073
-0.118,0.166
-0.208,0.547
-0.166,1.507
-0.32,0.227
-0.392,2.486
-0.368,0.471
-0.46,1.05
-0.6,2.251
-0.784,1.539
-0.733,1.841
-0.869,1.648
-0.895,2.465
-0.935,2.051
-1.09,2.191
-1.069,2.846
-1.151,3.837
-1.274,0.087
-1.339,1.164
-1.459,3.737
-1.455,-0.043
-1.428,1.43
-1.555,2.691
-1.755,1.111
-1.854,2.012
-1.854,0.437
-2.006,1.249
-2.026,1.859
-2.145,3.927
-2.277,2.73
-2.664,3.621
-2.762,1.448
-2.759,3.682
-2.905,2.597
-3.016,3.616
3.017,2.261
3.116,1.885
2.921,2.537
2.969,1.124
2.861,0.024
2.732,2.314
2.579,2.774
2.411,1.477
2.108,0.488
2.094,0.524
2.202,3.094
1.971,1.23
1.967,2.649
1.836,1.789
1.979,3.693
1.787,2.047
1.564,1.168
1.432,0.702
1.282,1.284
1.113,1.114
1.169,3.035
1.093,1.461
1.057,1.608
0.42,-0.211
-0.399,-0.108
-1.633,-0.274
-1.553,-0.164
1.224,-0.128
0.975,-0.125
0.789,4.165
0.197,4.335
-2.452,4.038
-2.827,4.07
-2.782,4.054
2.826,4.015
2.212,3.929
2.145,4.075
1.909,4.331
1.789,4.096
1.899,4.002
-0.191,2.342
-0.209,3.639
-0.575,0.449
-1.727,1.686
2.209,3.085
0.13,1.538
-0.151,0.954
2.694,2.361
2.557,1.81
2.629,2.173
2.553,1.604
2.209,0.272
1.93,0.5
1.714,2.237
1.797,1.464
1.746,2.186
1.696,2.182
1.56,3.145
-1.358,1.206
2.885,0.348
1.531,0.499
-0.143,-0.709
-0.337,-2.377
-0.271,-1.837
-0.285,-2.247
-0.335,-1.362
-0.408,-2.794
-0.436,-2.418
-0.423,-0.598
-0.422,-0.507
-0.491,-3.099
-0.489,-2.513
-0.524,-2.724
-0.604,-2.451
-0.677,-1.352
-0.721,-0.058
-0.826,-0.632
-0.954,-1.049
-0.965,-2.106
-0.944,-3.843
-1.106,-1.783
-1.099,-0.03
-1.244,-2.624
-1.248,-0.848
-1.195,-1.846
-1.261,-1.176
-1.295,-2.768
-1.265,-3.499
-1.474,-2.219
-1.602,-0.336
-1.749,-0.452
-1.857,-0.708
-1.938,-0.143
-1.969,-3.677
-1.914,-3.657
-2.174,-0.111
-2.222,-3.101
-2.279,-0.869
-2.426,-1.052
-2.49,-1.837
-2.493,-0.488
-2.546,-0.758
-2.66,-1.786
-2.683,-2.855
-2.676,-2.477
-2.729,-3.857
-2.754,-2.803
-2.707,-0.119
-2.744,-3.311
-2.739,-0.242
-2.974,-2.49
-2.911,-2.054
-2.974,-3.401
-2.968,-2.837
-3.093,-2.565
3.118,-2.329
3.025,-1.802
2.962,-2.863
2.918,-3.676
2.835,-3.79
2.891,-3.084
2.848,-1.109
2.839,-1.509
2.742,-0.989
2.618,-3.54
2.614,-0.941
2.552,-0.434
2.588,-2.806
2.575,-1.073
2.487,-0.706
2.529,-0.973
2.417,-0.822
2.488,-0.544
2.458,-2.589
2.464,-0.943
2.44,-2.096
2.4,-1.478
2.374,-0.007
2.312,-1.402
2.373,-1.479
2.294,-1.431
2.256,-2.705
2.09,-2.838
2.135,-2.768
2.005,-1.195
1.933,-3.23
1.776,-2.073
1.83,-2.653
1.811,-2.339
1.761,-3.371
1.423,-3.705
1.304,-0.425
1.314,-2.133
1.246,-2.98
1.195,-2.27
1.143,-2.308
1.125,-3.807
1.009,-2.262
0.916,-0.419
0.911,-3.237
0.986,-0.971
0.432,-4.222
0.025,-4.021
-0.259,-4.137
-1.024,-3.801
-1.658,-4.307
-2.156,-4.154
-2.666,-4.042
0.927,0.265
0.245,0.115
0.033,0.04
0.017,0.207
-0.14,0.139
-0.463,0.2
-1.034,-0.001
-1.254,0.212
-3.09,0.372
3.069,0.406
2.693,0.215
2.164,0.318
1.889,0.116
1.649,0.348
1.521,0.375
-1.194,-2.152
-2.798,-2.565
3.103,-0.845
2.579,-2.72
-1.211,0.133
2.918,0.216
0.965,-2.728
0.762,-3.651
0.807,-2.543
0.81,-2.278
0.636,-3.874
0.721,-0.286
0.635,-0.907
0.44,-1.488
0.412,-2.022
0.381,-2.831
0.236,-2.438
0.207,-2.605
0.208,-3.447
-0.056,-0.381
-0.048,-1.216
-0.066,-3.858
-0.13,-3.765
-0.22,-3.384
-0.178,-2.424
-0.332,-3.704
-0.404,-1.445
-0.38,-3.46
-0.472,-2.881
-0.612,-1.68
-0.796,-2.392
-0.745,-2.09
-0.881,-2.283
-0.907,-1.466
-0.947,-1.88
-1.102,-1.74
-1.081,-1.085
-1.163,-0.094
-1.286,-3.844
-1.351,-2.767
-1.471,-0.194
-1.467,-3.974
-1.44,-2.501
-1.567,-1.24
-1.767,-2.82
-1.866,-1.919
-1.866,-3.494
-2.018,-2.682
-2.038,-2.072
-2.157,-0.004
-2.289,-1.201
-2.676,-0.31
-2.774,-2.483
-2.771,-0.249
-2.917,-1.334
-3.028,-0.315
3.005,-1.67
3.104,-2.046
2.909,-1.394
2.957,-2.807
2.849,-3.907
2.72,-1.617
2.567,-1.157
2.399,-2.454
2.096,-3.443
2.082,-3.407
2.19,-0.837
1.959,-2.701
1.955,-1.282
1.824,-2.142
1.967,-0.238
1.775,-1.884
1.552,-2.763
1.42,-3.229
1.27,-2.647
1.101,-2.817
1.157,-0.896
1.081,-2.47
1.045,-2.323
0.408,-4.142
-0.411,-4.039
-1.645,-4.205
-1.565,-4.095
1.212,-4.059
0.963,-4.056
0.777,0.234
0.185,0.404
-2.464,0.107
-2.839,0.139
-2.794,0.123
2.814,0.084
2.2,-0.002
2.133,0.144
1.897,0.4
1.777,0.165
1.887,0.071
-0.203,-1.589
-0.221,-0.292
-0.587,-3.482
-1.739,-2.245
2.197,-0.846
0.118,-2.393
-0.163,-2.977
2.682,-1.57
2.545,-2.121
2.617,-1.758
2.541,-2.327
2.197,-3.659
1.918,-3.431
1.702,-1.694
1.785,-2.467
1.734,-1.745
1.684,-1.749
1.548,-0.786
-1.37,-2.725
2.873,-3.583
1.519,-3.432
-0.194,-1.668
-0.128,-1.128
-0.142,-1.538
-0.192,-0.653
-0.265,-2.085
-0.293,-1.709
-0.28,0.111
-0.279,0.202
-0.348,-2.39
-0.346,-1.804
-0.381,-2.015
-0.461,-1.742
-0.534,-0.643
-0.578,0.651
-0.683,0.077
-0.811,-0.34
-0.822,-1.397
-0.801,-3.134
-0.963,-1.074
-0.956,0.679
-1.101,-1.915
-1.105,-0.139
-1.052,-1.137
-1.118,-0.467
-1.152,-2.059
-1.122,-2.79
-1.331,-1.51
-1.459,0.373
-1.606,0.257
-1.714,0.001
-1.795,0.566
-1.826,-2.968
-1.771,-2.948
-2.031,0.598
-2.079,-2.392
-2.136,-0.16
-2.283,-0.343
-2.347,-1.128
-2.35,0.221
-2.403,-0.049
-2.517,-1.077
-2.54,-2.146
-2.533,-1.768
-2.586,-3.148
-2.611,-2.094
-2.564,0.59
-2.601,-2.602
-2.596,0.467
-2.831,-1.781
-2.768,-1.345
-2.831,-2.692
-2.825,-2.128
-2.95,-1.856
-3.022,-1.62
-3.115,-1.093
3.105,-2.154
3.061,-2.967
2.978,-3.081
3.034,-2.375
2.991,-0.4
2.982,-0.8
2.885,-0.28
2.761,-2.831
2.757,-0.232
2.695,0.275
2.731,-2.097
2.718,-0.364
2.63,0.003
2.672,-0.264
2.56,-0.113
2.631,0.165
2.601,-1.88
2.607,-0.234
2.583,-1.387
2.543,-0.769
2.517,0.702
2.455,-0.693
2.516,-0.77
2.437,-0.722
2.399,-1.996
2.233,-2.129
2.278,-2.059
2.148,-0.486
2.076,-2.521
1.919,-1.364
1.973,-1.944
1.954,-1.63
1.904,-2.662
1.566,-2.996
1.447,0.284
1.457,-1.424
1.389,-2.271
1.338,-1.561
1.286,-1.599
1.268,-3.098
1.152,-1.553
1.059,0.29
1.054,-2.528
1.129,-0.262
0.575,-3.513
0.168,-3.312
-0.116,-3.428
-0.881,-3.092
-1.515,-3.598
-2.013,-3.445
-2.523,-3.333
1.07,0.974
0.388,0.824
0.176,0.749
0.16,0.916
0.003,0.848
-0.32,0.909
-0.891,0.708
-1.111,0.921
-2.947,1.081
-3.071,1.115
2.836,0.924
2.307,1.027
2.032,0.825
1.792,1.057
1.664,1.084
-1.051,-1.443
-2.655,-1.856
-3.037,-0.136
2.722,-2.011
-1.068,0.842
3.061,0.925
1.108,-2.019
0.905,-2.942
0.95,-1.834
0.953,-1.569
0.779,-3.165
0.864,0.423
0.778,-0.198
0.583,-0.779
0.555,-1.313
0.524,-2.122
0.379,-1.729
0.35,-1.896
0.351,-2.738
0.087,0.328
0.095,-0.507
0.077,-3.149
0.013,-3.056
-0.077,-2.675
-0.035,-1.715
-0.189,-2.995
-0.261,-0.736
-0.237,-2.751
-0.329,-2.172
-0.469,-0.971
-0.653,-1.683
-0.602,-1.381
-0.738,-1.574
-0.764,-0.757
-0.804,-1.171
-0.959,-1.031
-0.938,-0.376
-1.02,0.615
-1.143,-3.135
-1.208,-2.058
-1.328,0.515
-1.324,-3.265
-1.297,-1.792
-1.424,-0.531
-1.624,-2.111
-1.723,-1.21
-1.723,-2.785
-1.875,-1.973
-1.895,-1.363
-2.014,0.705
-2.146,-0.492
-2.533,0.399
-2.631,-1.774
-2.628,0.46
-2.774,-0.625
-2.885,0.394
-3.135,-0.961
-3.036,-1.337
3.052,-0.685
3.1,-2.098
2.992,-3.198
2.863,-0.908
2.71,-0.448
2.542,-1.745
2.239,-2.734
2.225,-2.698
2.333,-0.128
2.102,-1.992
2.098,-0.573
1.967,-1.433
2.11,0.471
1.918,-1.175
1.695,-2.054
1.563,-2.52
1.413,-1.938
1.244,-2.108
1.3,-0.187
1.224,-1.761
1.188,-1.614
0.551,-3.433
-0.268,-3.33
-1.502,-3.496
-1.422,-3.386
1.355,-3.35
1.106,-3.347
0.92,0.943
0.328,1.113
-2.321,0.816
-2.696,0.848
-2.651,0.832
2.957,0.793
2.343,0.707
2.276,0.853
2.04,1.109
1.92,0.874
2.03,0.78
-0.06,-0.88
-0.078,0.417
-0.444,-2.773
-1.596,-1.536
2.34,-0.137
0.261,-1.684
-0.02,-2.268
2.825,-0.861
2.688,-1.412
2.76,-1.049
2.684,-1.618
2.34,-2.95
2.061,-2.722
1.845,-0.985
1.928,-1.758
1.877,-1.036
1.827,-1.04
1.691,-0.077
-1.227,-2.016
3.016,-2.874
1.662,-2.723
0.066,0.54
0.052,0.13
0.002,1.015
-0.071,-0.417
-0.099,-0.041
-0.086,1.779
-0.085,1.87
-0.154,-0.722
-0.152,-0.136
-0.187,-0.347
-0.267,-0.074
-0.34,1.025
-0.384,2.319
-0.489,1.745
-0.617,1.328
-0.628,0.271
-0.607,-1.466
-0.769,0.594
-0.762,2.347
-0.907,-0.247
-0.911,1.529
-0.858,0.531
-0.924,1.201
-0.958,-0.391
-0.928,-1.122
-1.137,0.158
-1.265,2.041
-1.412,1.925
-1.52,1.669
-1.601,2.234
-1.632,-1.3
-1.577,-1.28
-1.837,2.266
-1.885,-0.724
-1.942,1.508
-2.089,1.325
-2.153,0.54
-2.156,1.889
-2.209,1.619
-2.323,0.591
-2.346,-0.478
-2.339,-0.1
-2.392,-1.48
-2.417,-0.426
-2.37,2.258
-2.407,-0.934
-2.402,2.135
-2.637,-0.113
-2.574,0.323
-2.637,-1.024
-2.631,-0.46
-2.756,-0.188
-2.828,0.048
-2.921,0.575
-2.984,-0.486
-3.028,-1.299
-3.111,-1.413
-3.055,-0.707
-3.098,1.268
-3.107,0.868
3.079,1.388
2.955,-1.163
2.951,1.436
2.889,1.943
2.925,-0.429
2.912,1.304
2.824,1.671
2.866,1.404
2.754,1.555
2.825,1.833
2.795,-0.212
2.801,1.434
2.777,0.281
2.737,0.899
2.711,2.37
2.649,0.975
2.71,0.898
2.631,0.946
2.593,-0.328
2.427,-0.461
2.472,-0.391
2.342,1.182
2.27,-0.853
2.113,0.304
2.167,-0.276
2.148,0.038
2.098,-0.994
1.76,-1.328
1.641,1.952
1.651,0.244
1.583,-0.603
1.532,0.107
1.48,0.069
1.462,-1.43
1.346,0.115
1.253,1.958
1.248,-0.86
1.323,1.406
0.769,-1.845
0.362,-1.644
0.078,-1.76
-0.687,-1.424
-1.321,-1.93
-1.819,-1.777
-2.329,-1.665
1.264,2.642
0.582,2.492
0.37,2.417
0.354,2.584
0.197,2.516
-0.126,2.577
-0.697,2.376
-0.917,2.589
-2.753,2.749
-2.877,2.783
3.03,2.592
2.501,2.695
2.226,2.493
1.986,2.725
1.858,2.752
-0.857,0.225
-2.461,-0.188
-2.843,1.532
2.916,-0.343
-0.874,2.51
-3.028,2.593
1.302,-0.351
1.099,-1.274
1.144,-0.166
1.147,0.099
0.973,-1.497
1.058,2.091
0.972,1.47
0.777,0.889
0.749,0.355
0.718,-0.454
0.573,-0.061
0.544,-0.228
0.545,-1.07
0.281,1.996
0.289,1.161
0.271,-1.481
0.207,-1.388
0.117,-1.007
0.159,-0.047
0.005,-1.327
-0.067,0.932
-0.043,-1.083
-0.135,-0.504
-0.275,0.697
-0.459,-0.015
-0.408,0.287
-0.544,0.094
-0.57,0.911
-0.61,0.497
-0.765,0.637
-0.744,1.292
-0.826,2.283
-0.949,-1.467
-1.014,-0.39
-1.134,2.183
-1.13,-1.597
-1.103,-0.124
-1.23,1.137
-1.43,-0.443
-1.529,0.458
-1.529,-1.117
-1.681,-0.305
-1.701,0.305
-1.82,2.373
-1.952,1.176
-2.339,2.067
-2.437,-0.106
-2.434,2.128
-2.58,1.043
-2.691,2.062
-2.941,0.707
-2.842,0.331
-3.037,0.983
-2.989,-0.43
-3.097,-1.53
3.057,0.76
2.904,1.22
2.736,-0.077
2.433,-1.066
2.419,-1.03
2.527,1.54
2.296,-0.324
2.292,1.095
2.161,0.235
2.304,2.139
2.112,0.493
1.889,-0.386
1.757,-0.852
1.607,-0.27
1.438,-0.44
1.494,1.481
1.418,-0.093
1.382,0.054
0.745,-1.765
-0.074,-1.662
-1.308,-1.828
-1.228,-1.718
1.549,-1.682
1.3,-1.679
1.114,2.611
0.522,2.781
-2.127,2.484
-2.502,2.516
-2.457,2.5
-3.132,2.461
2.537,2.375
2.47,2.521
2.234,2.777
2.114,2.542
2.224,2.448
0.134,0.788
0.116,2.085
-0.25,-1.105
-1.402,0.132
2.534,1.531
0.455,-0.016
0.174,-0.6
3.019,0.807
2.882,0.256
2.954,0.619
2.878,0.05
2.534,-1.282
2.255,-1.054
2.039,0.683
2.122,-0.09
2.071,0.632
2.021,0.628
1.885,1.591
-1.033,-0.348
-3.073,-1.206
1.856,-1.055
-0.014,-0.41
-0.064,0.475
-0.137,-0.957
-0.165,-0.581
-0.152,1.239
-0.151,1.33
-0.22,-1.262
-0.218,-0.676
-0.253,-0.887
-0.333,-0.614
-0.406,0.485
-0.45,1.779
-0.555,1.205
-0.683,0.788
-0.694,-0.269
-0.673,-2.006
-0.835,0.054
-0.828,1.807
-0.973,-0.787
-0.977,0.989
-0.924,-0.009
-0.99,0.661
-1.024,-0.931
-0.994,-1.662
-1.203,-0.382
-1.331,1.501
-1.478,1.385
-1.586,1.129
-1.667,1.694
-1.698,-1.84
-1.643,-1.82
-1.903,1.726
-1.951,-1.264
-2.008,0.968
-2.155,0.785
-2.219,0.0
-2.222,1.349
-2.275,1.079
-2.389,0.051
-2.412,-1.018
-2.405,-0.64
-2.458,-2.02
-2.483,-0.966
-2.436,1.718
-2.473,-1.474
-2.468,1.595
-2.703,-0.653
-2.64,-0.217
-2.703,-1.564
-2.697,-1.0
-2.822,-0.728
-2.894,-0.492
-2.987,0.035
-3.05,-1.026
-3.094,-1.839
3.106,-1.953
-3.121,-1.247
3.119,0.728
3.11,0.328
3.013,0.848
2.889,-1.703
2.885,0.896
2.823,1.403
2.859,-0.969
2.846,0.764
2.758,1.131
2.8,0.864
2.688,1.015
2.759,1.293
2.729,-0.752
2.735,0.894
2.711,-0.259
2.671,0.359
2.645,1.83
2.583,0.435
2.644,0.358
2.565,0.406
2.527,-0.868
2.361,-1.001
2.406,-0.931
2.276,0.642
2.204,-1.393
2.047,-0.236
2.101,-0.816
2.082,-0.502
2.032,-1.534
1.694,-1.868
1.575,1.412
1.585,-0.296
1.517,-1.143
1.466,-0.433
1.414,-0.471
1.396,-1.97
1.28,-0.425
1.187,1.418
1.182,-1.4
1.257,0.866
0.703,-2.385
0.296,-2.184
0.012,-2.3
-0.753,-1.964
-1.387,-2.47
-1.885,-2.317
-2.395,-2.205
1.198,2.102
0.516,1.952
0.304,1.877
0.288,2.044
0.131,1.976
-0.192,2.037
-0.763,1.836
-0.983,2.049
-2.819,2.209
-2.943,2.243
2.964,2.052
2.435,2.155
2.16,1.953
1.92,2.185
1.792,2.212
-0.923,-0.315
-2.527,-0.728
-2.909,0.992
2.85,-0.883
-0.94,1.97
-3.094,2.053
1.236,-0.891
1.033,-1.814
1.078,-0.706
1.081,-0.441
0.907,-2.037
0.992,1.551
0.906,0.93
0.711,0.349
0.683,-0.185
0.652,-0.994
0.507,-0.601
0.478,-0.768
0.479,-1.61
0.215,1.456
0.223,0.621
0.205,-2.021
0.141,-1.928
0.051,-1.547
0.093,-0.587
-0.061,-1.867
-0.133,0.392
-0.109,-1.623
-0.201,-1.044
-0.341,0.157
-0.525,-0.555
-0.474,-0.253
-0.61,-0.446
-0.636,0.371
-0.676,-0.043
-0.831,0.097
-0.81,0.752
-0.892,1.743
-1.015,-2.007
-1.08,-0.93
-1.2,1.643
-1.196,-2.137
-1.169,-0.664
-1.296,0.597
-1.496,-0.983
-1.595,-0.082
-1.595,-1.657
-1.747,-0.845
-1.767,-0.235
-1.886,1.833
-2.018,0.636
-2.405,1.527
-2.503,-0.646
-2.5,1.588
-2.646,0.503
-2.757,1.522
-3.007,0.167
-2.908,-0.209
-3.103,0.443
-3.055,-0.97
3.12,-2.07
2.991,0.22
2.838,0.68
2.67,-0.617
2.367,-1.606
2.353,-1.57
2.461,1.0
2.23,-0.864
2.226,0.555
2.095,-0.305
2.238,1.599
2.046,-0.047
1.823,-0.926
1.691,-1.392
1.541,-0.81
1.372,-0.98
1.428,0.941
1.352,-0.633
1.316,-0.486
0.679,-2.305
-0.14,-2.202
-1.374,-2.368
-1.294,-2.258
1.483,-2.222
1.234,-2.219
1.048,2.071
0.456,2.241
-2.193,1.944
-2.568,1.976
-2.523,1.96
3.085,1.921
2.471,1.835
2.404,1.981
2.168,2.237
2.048,2.002
2.158,1.908
0.068,0.248
0.05,1.545
-0.316,-1.645
-1.468,-0.408
2.468,0.991
0.389,-0.556
0.108,-1.14
2.953,0.267
2.816,-0.284
2.888,0.079
2.812,-0.49
2.468,-1.822
2.189,-1.594
1.973,0.143
2.056,-0.63
2.005,0.092
1.955,0.088
1.819,1.051
-1.099,-0.888
-3.139,-1.746
1.79,-1.595
-0.05,0.885
-0.123,-0.547
-0.151,-0.171
-0.138,1.649
-0.137,1.74
-0.206,-0.852
-0.204,-0.266
-0.239,-0.477
-0.319,-0.204
-0.392,0.895
-0.436,2.189
-0.541,1.615
-0.669,1.198
-0.68,0.141
-0.659,-1.596
-0.821,0.464
-0.814,2.217
-0.959,-0.377
-0.963,1.399
-0.91,0.401
-0.976,1.071
-1.01,-0.521
-0.98,-1.252
-1.189,0.028
-1.317,1.911
-1.464,1.795
-1.572,1.539
-1.653,2.104
-1.684,-1.43
-1.629,-1.41
-1.889,2.136
-1.937,-0.854
-1.994,1.378
-2.141,1.195
-2.205,0.41
-2.208,1.759
-2.261,1.489
-2.375,0.461
-2.398,-0.608
-2.391,-0.23
-2.444,-1.61
-2.469,-0.556
-2.422,2.128
-2.459,-1.064
-2.454,2.005
-2.689,-0.243
-2.626,0.193
-2.689,-1.154
-2.683,-0.59
-2.808,-0.318
-2.88,-0.082
-2.973,0.445
-3.036,-0.616
-3.08,-1.429
3.12,-1.543
-3.107,-0.837
3.133,1.138
3.124,0.738
3.027,1.258
2.903,-1.293
2.899,1.306
2.837,1.813
2.873,-0.559
2.86,1.174
2.772,1.541
2.814,1.274
2.702,1.425
2.773,1.703
2.743,-0.342
2.749,1.304
2.725,0.151
2.685,0.769
2.659,2.24
2.597,0.845
2.658,0.768
2.579,0.816
2.541,-0.458
2.375,-0.591
2.42,-0.521
2.29,1.052
2.218,-0.983
2.061,0.174
2.115,-0.406
2.096,-0.092
2.046,-1.124
1.708,-1.458
1.589,1.822
1.599,0.114
1.531,-0.733
1.48,-0.023
1.428,-0.061
1.41,-1.56
1.294,-0.015
1.201,1.828
1.196,-0.99
1.271,1.276
0.717,-1.975
0.31,-1.774
0.026,-1.89
-0.739,-1.554
-1.373,-2.06
-1.871,-1.907
-2.381,-1.795
1.212,2.512
0.53,2.362
0.318,2.287
0.302,2.454
0.145,2.386
-0.178,2.447
-0.749,2.246
-0.969,2.459
-2.805,2.619
-2.929,2.653
2.978,2.462
2.449,2.565
2.174,2.363
1.934,2.595
1.806,2.622
-0.909,0.095
-2.513,-0.318
-2.895,1.402
2.864,-0.473
-0.926,2.38
-3.08,2.463
1.25,-0.481
1.047,-1.404
1.092,-0.296
1.095,-0.031
0.921,-1.627
1.006,1.961
0.92,1.34
0.725,0.759
0.697,0.225
0.666,-0.584
0.521,-0.191
0.492,-0.358
0.493,-1.2
0.229,1.866
0.237,1.031
0.219,-1.611
0.155,-1.518
0.065,-1.137
0.107,-0.177
-0.047,-1.457
-0.119,0.802
-0.095,-1.213
-0.187,-0.634
-0.327,0.567
-0.511,-0.145
-0.46,0.157
-0.596,-0.036
-0.622,0.781
-0.662,0.367
-0.817,0.507
-0.796,1.162
-0.878,2.153
-1.001,-1.597
-1.066,-0.52
-1.186,2.053
-1.182,-1.727
-1.155,-0.254
-1.282,1.007
-1.482,-0.573
-1.581,0.328
-1.581,-1.247
-1.733,-0.435
-1.753,0.175
-1.872,2.243
-2.004,1.046
-2.391,1.937
-2.489,-0.236
-2.486,1.998
-2.632,0.913
-2.743,1.932
-2.993,0.577
-2.894,0.201
-3.089,0.853
-3.041,-0.56
3.134,-1.66
3.005,0.63
2.852,1.09
2.684,-0.207
2.381,-1.196
2.367,-1.16
2.475,1.41
2.244,-0.454
2.24,0.965
2.109,0.105
2.252,2.009
2.06,0.363
1.837,-0.516
1.705,-0.982
1.555,-0.4
1.386,-0.57
1.442,1.351
1.366,-0.223
1.33,-0.076
0.693,-1.895
-0.126,-1.792
-1.36,-1.958
-1.28,-1.848
1.497,-1.812
1.248,-1.809
1.062,2.481
0.47,2.651
-2.179,2.354
-2.554,2.386
-2.509,2.37
3.099,2.331
2.485,2.245
2.418,2.391
2.182,2.647
2.062,2.412
2.172,2.318
0.082,0.658
0.064,1.955
-0.302,-1.235
-1.454,0.002
2.482,1.401
0.403,-0.146
0.122,-0.73
2.967,0.677
2.83,0.126
2.902,0.489
2.826,-0.08
2.482,-1.412
2.203,-1.184
1.987,0.553
2.07,-0.22
2.019,0.502
1.969,0.498
1.833,1.461
-1.085,-0.478
-3.125,-1.336
1.804,-1.185
-0.073,-1.432
-0.101,-1.056
-0.088,0.764
-0.087,0.855
-0.156,-1.737
-0.154,-1.151
-0.189,-1.362
-0.269,-1.089
-0.342,0.01
-0.386,1.304
-0.491,0.73
-0.619,0.313
-0.63,-0.744
-0.609,-2.481
-0.771,-0.421
-0.764,1.332
-0.909,-1.262
-0.913,0.514
-0.86,-0.484
-0.926,0.186
-0.96,-1.406
-0.93,-2.137
-1.139,-0.857
-1.267,1.026
-1.414,0.91
-1.522,0.654
-1.603,1.219
-1.634,-2.315
-1.579,-2.295
-1.839,1.251
-1.887,-1.739
-1.944,0.493
-2.091,0.31
-2.155,-0.475
-2.158,0.874
-2.211,0.604
-2.325,-0.424
-2.348,-1.493
-2.341,-1.115
-2.394,-2.495
-2.419,-1.441
-2.372,1.243
-2.409,-1.949
-2.404,1.12
-2.639,-1.128
-2.576,-0.692
-2.639,-2.039
-2.633,-1.475
-2.758,-1.203
-2.83,-0.967
-2.923,-0.44
-2.986,-1.501
-3.03,-2.314
-3.113,-2.428
-3.057,-1.722
-3.1,0.253
-3.109,-0.147
3.077,0.373
2.953,-2.178
2.949,0.421
2.887,0.928
2.923,-1.444
2.91,0.289
2.822,0.656
2.864,0.389
2.752,0.54
2.823,0.818
2.793,-1.227
2.799,0.419
2.775,-0.734
2.735,-0.116
2.709,1.355
2.647,-0.04
2.708,-0.117
2.629,-0.069
2.591,-1.343
2.425,-1.476
2.47,-1.406
2.34,0.167
2.268,-1.868
2.111,-0.711
2.165,-1.291
2.146,-0.977
2.096,-2.009
1.758,-2.343
1.639,0.937
1.649,-0.771
1.581,-1.618
1.53,-0.908
1.478,-0.946
1.46,-2.445
1.344,-0.9
1.251,0.943
1.246,-1.875
1.321,0.391
0.767,-2.86
0.36,-2.659
0.076,-2.775
-0.689,-2.439
-1.323,-2.945
-1.821,-2.792
-2.331,-2.68
1.262,1.627
0.58,1.477
0.368,1.402
0.352,1.569
0.195,1.501
-0.128,1.562
-0.699,1.361
-0.919,1.574
-2.755,1.734
-2.879,1.768
3.028,1.577
2.499,1.68
2.224,1.478
1.984,1.71
1.856,1.737
-0.859,-0.79
-2.463,-1.203
-2.845,0.517
2.914,-1.358
-0.876,1.495
-3.03,1.578
1.3,-1.366
1.097,-2.289
1.142,-1.181
1.145,-0.916
0.971,-2.512
1.056,1.076
0.97,0.455
0.775,-0.126
0.747,-0.66
0.716,-1.469
0.571,-1.076
0.542,-1.243
0.543,-2.085
0.279,0.981
0.287,0.146
0.269,-2.496
0.205,-2.403
0.115,-2.022
0.157,-1.062
0.003,-2.342
-0.069,-0.083
-0.045,-2.098
-0.137,-1.519
-0.277,-0.318
-0.461,-1.03
-0.41,-0.728
-0.546,-0.921
-0.572,-0.104
-0.612,-0.518
-0.767,-0.378
-0.746,0.277
-0.828,1.268
-0.951,-2.482
-1.016,-1.405
-1.136,1.168
-1.132,-2.612
-1.105,-1.139
-1.232,0.122
-1.432,-1.458
-1.531,-0.557
-1.531,-2.132
-1.683,-1.32
-1.703,-0.71
-1.822,1.358
-1.954,0.161
-2.341,1.052
-2.439,-1.121
-2.436,1.113
-2.582,0.028
-2.693,1.047
-2.943,-0.308
-2.844,-0.684
-3.039,-0.032
-2.991,-1.445
-3.099,-2.545
3.055,-0.255
2.902,0.205
2.734,-1.092
2.431,-2.081
2.417,-2.045
2.525,0.525
2.294,-1.339
2.29,0.08
2.159,-0.78
2.302,1.124
2.11,-0.522
1.887,-1.401
1.755,-1.867
1.605,-1.285
1.436,-1.455
1.492,0.466
1.416,-1.108
1.38,-0.961
0.743,-2.78
-0.076,-2.677
-1.31,-2.843
-1.23,-2.733
1.547,-2.697
1.298,-2.694
1.112,1.596
0.52,1.766
-2.129,1.469
-2.504,1.501
-2.459,1.485
-3.134,1.446
2.535,1.36
2.468,1.506
2.232,1.762
2.112,1.527
2.222,1.433
0.132,-0.227
0.114,1.07
-0.252,-2.12
-1.404,-0.883
2.532,0.516
0.453,-1.031
0.172,-1.615
3.017,-0.208
2.88,-0.759
2.952,-0.396
2.876,-0.965
2.532,-2.297
2.253,-2.069
2.037,-0.332
2.12,-1.105
2.069,-0.383
2.019,-0.387
1.883,0.576
-1.035,-1.363
-3.075,-2.221
1.854,-2.07
-0.028,0.376
-0.015,2.196
-0.014,2.287
-0.083,-0.305
-0.081,0.281
-0.116,0.07
-0.196,0.343
-0.269,1.442
-0.313,2.736
-0.418,2.162
-0.546,1.745
-0.557,0.688
-0.536,-1.049
-0.698,1.011
-0.691,2.764
-0.836,0.17
-0.84,1.946
-0.787,0.948
-0.853,1.618
-0.887,0.026
-0.857,-0.705
-1.066,0.575
-1.194,2.458
-1.341,2.342
-1.449,2.086
-1.53,2.651
-1.561,-0.883
-1.506,-0.863
-1.766,2.683
-1.814,-0.307
-1.871,1.925
-2.018,1.742
-2.082,0.957
-2.085,2.306
-2.138,2.036
-2.252,1.008
-2.275,-0.061
-2.268,0.317
-2.321,-1.063
-2.346,-0.009
-2.299,2.675
-2.336,-0.517
-2.331,2.552
-2.566,0.304
-2.503,0.74
-2.566,-0.607
-2.56,-0.043
-2.685,0.229
-2.757,0.465
-2.85,0.992
-2.913,-0.069
-2.957,-0.882
-3.04,-0.996
-2.984,-0.29
-3.027,1.685
-3.036,1.285
-3.133,1.805
3.026,-0.746
3.022,1.853
2.96,2.36
2.996,-0.012
2.983,1.721
2.895,2.088
2.937,1.821
2.825,1.972
2.896,2.25
2.866,0.205
2.872,1.851
2.848,0.698
2.808,1.316
2.782,2.787
2.72,1.392
2.781,1.315
2.702,1.363
2.664,0.089
2.498,-0.044
2.543,0.026
2.413,1.599
2.341,-0.436
2.184,0.721
2.238,0.141
2.219,0.455
2.169,-0.577
1.831,-0.911
1.712,2.369
1.722,0.661
1.654,-0.186
1.603,0.524
1.551,0.486
1.533,-1.013
1.417,0.532
1.324,2.375
1.319,-0.443
1.394,1.823
0.84,-1.428
0.433,-1.227
0.149,-1.343
-0.616,-1.007
-1.25,-1.513
-1.748,-1.36
-2.258,-1.248
1.335,3.059
0.653,2.909
0.441,2.834
0.425,3.001
0.268,2.933
-0.055,2.994
-0.626,2.793
-0.846,3.006
-2.682,3.166
-2.806,3.2
3.101,3.009
2.572,3.112
2.297,2.91
2.057,3.142
1.929,3.169
-0.786,0.642
-2.39,0.229
-2.772,1.949
2.987,0.074
-0.803,2.927
-2.957,3.01
1.373,0.066
1.17,-0.857
1.215,0.251
1.218,0.516
1.044,-1.08
1.129,2.508
1.043,1.887
0.848,1.306
0.82,0.772
0.789,-0.037
0.644,0.356
0.615,0.189
0.616,-0.653
0.352,2.413
0.36,1.578
0.342,-1.064
0.278,-0.971
0.188,-0.59
0.23,0.37
0.076,-0.91
0.004,1.349
0.028,-0.666
-0.064,-0.087
-0.204,1.114
-0.388,0.402
-0.337,0.704
-0.473,0.511
-0.499,1.328
-0.539,0.914
-0.694,1.054
-0.673,1.709
-0.755,2.7
-0.878,-1.05
-0.943,0.027
-1.063,2.6
-1.059,-1.18
-1.032,0.293
-1.159,1.554
-1.359,-0.026
-1.458,0.875
-1.458,-0.7
-1.61,0.112
-1.63,0.722
-1.749,2.79
-1.881,1.593
-2.268,2.484
-2.366,0.311
-2.363,2.545
-2.509,1.46
-2.62,2.479
-2.87,1.124
-2.771,0.748
-2.966,1.4
-2.918,-0.013
-3.026,-1.113
3.128,1.177
2.975,1.637
2.807,0.34
2.504,-0.649
2.49,-0.613
2.598,1.957
2.367,0.093
2.363,1.512
2.232,0.652
2.375,2.556
2.183,0.91
1.96,0.031
1.828,-0.435
1.678,0.147
1.509,-0.023
1.565,1.898
1.489,0.324
1.453,0.471
0.816,-1.348
-0.003,-1.245
-1.237,-1.411
-1.157,-1.301
1.62,-1.265
1.371,-1.262
1.185,3.028
0.593,3.198
-2.056,2.901
-2.431,2.933
-2.386,2.917
-3.061,2.878
2.608,2.792
2.541,2.938
2.305,3.194
2.185,2.959
2.295,2.865
0.205,1.205
0.187,2.502
-0.179,-0.688
-1.331,0.549
2.605,1.948
0.526,0.401
0.245,-0.183
3.09,1.224
2.953,0.673
3.025,1.036
2.949,0.467
2.605,-0.865
2.326,-0.637
2.11,1.1
2.193,0.327
2.142,1.049
2.092,1.045
1.956,2.008
-0.962,0.069
-3.002,-0.789
1.927,-0.638
0.013,1.82
0.014,1.911
-0.055,-0.681
-0.053,-0.095
-0.088,-0.306
-0.168,-0.033
-0.241,1.066
-0.285,2.36
-0.39,1.786
-0.518,1.369
-0.529,0.312
-0.508,-1.425
-0.67,0.635
-0.663,2.388
-0.808,-0.206
-0.812,1.57
-0.759,0.572
-0.825,1.242
-0.859,-0.35
-0.829,-1.081
-1.038,0.199
-1.166,2.082
-1.313,1.966
-1.421,1.71
-1.502,2.275
-1.533,-1.259
-1.478,-1.239
-1.738,2.307
-1.786,-0.683
-1.843,1.549
-1.99,1.366
-2.054,0.581
-2.057,1.93
-2.11,1.66
-2.224,0.632
-2.247,-0.437
-2.24,-0.059
-2.293,-1.439
-2.318,-0.385
-2.271,2.299
-2.308,-0.893
-2.303,2.176
-2.538,-0.072
-2.475,0.364
-2.538,-0.983
-2.532,-0.419
-2.657,-0.147
-2.729,0.089
-2.822,0.616
-2.885,-0.445
-2.929,-1.258
-3.012,-1.372
-2.956,-0.666
-2.999,1.309
-3.008,0.909
-3.105,1.429
3.054,-1.122
3.05,1.477
2.988,1.984
3.024,-0.388
3.011,1.345
2.923,1.712
2.965,1.445
2.853,1.596
2.924,1.874
2.894,-0.171
2.9,1.475
2.876,0.322
2.836,0.94
2.81,2.411
2.748,1.016
2.809,0.939
2.73,0.987
2.692,-0.287
2.526,-0.42
2.571,-0.35
2.441,1.223
2.369,-0.812
2.212,0.345
2.266,-0.235
2.247,0.079
2.197,-0.953
1.859,-1.287
1.74,1.993
1.75,0.285
1.682,-0.562
1.631,0.148
1.579,0.11
1.561,-1.389
1.445,0.156
1.352,1.999
1.347,-0.819
1.422,1.447
0.868,-1.804
0.461,-1.603
0.177,-1.719
-0.588,-1.383
-1.222,-1.889
-1.72,-1.736
-2.23,-1.624
1.363,2.683
0.681,2.533
0.469,2.458
0.453,2.625
0.296,2.557
-0.027,2.618
-0.598,2.417
-0.818,2.63
-2.654,2.79
-2.778,2.824
3.129,2.633
2.6,2.736
2.325,2.534
2.085,2.766
1.957,2.793
-0.758,0.266
-2.362,-0.147
-2.744,1.573
3.015,-0.302
-0.775,2.551
-2.929,2.634
1.401,-0.31
1.198,-1.233
1.243,-0.125
1.246,0.14
1.072,-1.456
1.157,2.132
1.071,1.511
0.876,0.93
0.848,0.396
0.817,-0.413
0.672,-0.02
0.643,-0.187
0.644,-1.029
0.38,2.037
0.388,1.202
0.37,-1.44
0.306,-1.347
0.216,-0.966
0.258,-0.006
0.104,-1.286
0.032,0.973
0.056,-1.042
-0.036,-0.463
-0.176,0.738
-0.36,0.026
-0.309,0.328
-0.445,0.135
-0.471,0.952
-0.511,0.538
-0.666,0.678
-0.645,1.333
-0.727,2.324
-0.85,-1.426
-0.915,-0.349
-1.035,2.224
-1.031,-1.556
-1.004,-0.083
-1.131,1.178
-1.331,-0.402
-1.43,0.499
-1.43,-1.076
-1.582,-0.264
-1.602,0.346
-1.721,2.414
-1.853,1.217
-2.24,2.108
-2.338,-0.065
-2.335,2.169
-2.481,1.084
-2.592,2.103
-2.842,0.748
-2.743,0.372
-2.938,1.024
-2.89,-0.389
-2.998,-1.489
-3.127,0.801
3.003,1.261
2.835,-0.036
2.532,-1.025
2.518,-0.989
2.626,1.581
2.395,-0.283
2.391,1.136
2.26,0.276
2.403,2.18
2.211,0.534
1.988,-0.345
1.856,-0.811
1.706,-0.229
1.537,-0.399
1.593,1.522
1.517,-0.052
1.481,0.095
0.844,-1.724
0.025,-1.621
-1.209,-1.787
-1.129,-1.677
1.648,-1.641
1.399,-1.638
1.213,2.652
0.621,2.822
-2.028,2.525
-2.403,2.557
-2.358,2.541
-3.033,2.502
2.636,2.416
2.569,2.562
2.333,2.818
2.213,2.583
2.323,2.489
0.233,0.829
0.215,2.126
-0.151,-1.064
-1.303,0.173
2.633,1.572
0.554,0.025
0.273,-0.559
3.118,0.848
2.981,0.297
3.053,0.66
2.977,0.091
2.633,-1.241
2.354,-1.013
2.138,0.724
2.221,-0.049
2.17,0.673
2.12,0.669
1.984,1.632
-0.934,-0.307
-2.974,-1.165
1.955,-1.014
0.001,0.091
-0.068,-2.501
-0.066,-1.915
-0.101,-2.126
-0.181,-1.853
-0.254,-0.754
-0.298,0.54
-0.403,-0.034
-0.531,-0.451
-0.542,-1.508
-0.521,-3.245
-0.683,-1.185
-0.676,0.568
-0.821,-2.026
-0.825,-0.25
-0.772,-1.248
-0.838,-0.578
-0.872,-2.17
-0.842,-2.901
-1.051,-1.621
-1.179,0.262
-1.326,0.146
-1.434,-0.11
-1.515,0.455
-1.546,-3.079
-1.491,-3.059
-1.751,0.487
-1.799,-2.503
-1.856,-0.271
-2.003,-0.454
-2.067,-1.239
-2.07,0.11
-2.123,-0.16
-2.237,-1.188
-2.26,-2.257
-2.253,-1.879
-2.306,-3.259
-2.331,-2.205
-2.284,0.479
-2.321,-2.713
-2.316,0.356
-2.551,-1.892
-2.488,-1.456
-2.551,-2.803
-2.545,-2.239
-2.67,-1.967
-2.742,-1.731
-2.835,-1.204
-2.898,-2.265
-2.942,-3.078
-3.025,-3.192
-2.969,-2.486
-3.012,-0.511
-3.021,-0.911
-3.118,-0.391
3.041,-2.942
3.037,-0.343
2.975,0.164
3.011,-2.208
2.998,-0.475
2.91,-0.108
2.952,-0.375
2.84,-0.224
2.911,0.054
2.881,-1.991
2.887,-0.345
2.863,-1.498
2.823,-0.88
2.797,0.591
2.735,-0.804
2.796,-0.881
2.717,-0.833
2.679,-2.107
2.513,-2.24
2.558,-2.17
2.428,-0.597
2.356,-2.632
2.199,-1.475
2.253,-2.055
2.234,-1.741
2.184,-2.773
1.846,-3.107
1.727,0.173
1.737,-1.535
1.669,-2.382
1.618,-1.672
1.566,-1.71
1.548,-3.209
1.432,-1.664
1.339,0.179
1.334,-2.639
1.409,-0.373
0.855,-3.624
0.448,-3.423
0.164,-3.539
-0.601,-3.203
-1.235,-3.709
-1.733,-3.556
-2.243,-3.444
1.35,0.863
0.668,0.713
0.456,0.638
0.44,0.805
0.283,0.737
-0.04,0.798
-0.611,0.597
-0.831,0.81
-2.667,0.97
-2.791,1.004
3.116,0.813
2.587,0.916
2.312,0.714
2.072,0.946
1.944,0.973
-0.771,-1.554
-2.375,-1.967
-2.757,-0.247
3.002,-2.122
-0.788,0.731
-2.942,0.814
1.388,-2.13
1.185,-3.053
1.23,-1.945
1.233,-1.68
1.059,-3.276
1.144,0.312
1.058,-0.309
0.863,-0.89
0.835,-1.424
0.804,-2.233
0.659,-1.84
0.63,-2.007
0.631,-2.849
0.367,0.217
0.375,-0.618
0.357,-3.26
0.293,-3.167
0.203,-2.786
0.245,-1.826
0.091,-3.106
0.019,-0.847
0.043,-2.862
-0.049,-2.283
-0.189,-1.082
-0.373,-1.794
-0.322,-1.492
-0.458,-1.685
-0.484,-0.868
-0.524,-1.282
-0.679,-1.142
-0.658,-0.487
-0.74,0.504
-0.863,-3.246
-0.928,-2.169
-1.048,0.404
-1.044,-3.376
-1.017,-1.903
-1.144,-0.642
-1.344,-2.222
-1.443,-1.321
-1.443,-2.896
-1.595,-2.084
-1.615,-1.474
-1.734,0.594
-1.866,-0.603
-2.253,0.288
-2.351,-1.885
-2.348,0.349
-2.494,-0.736
-2.605,0.283
-2.855,-1.072
-2.756,-1.448
-2.951,-0.796
-2.903,-2.209
-3.011,-3.309
-3.14,-1.019
2.99,-0.559
2.822,-1.856
2.519,-2.845
2.505,-2.809
2.613,-0.239
2.382,-2.103
2.378,-0.684
2.247,-1.544
2.39,0.36
2.198,-1.286
1.975,-2.165
1.843,-2.631
1.693,-2.049
1.524,-2.219
1.58,-0.298
1.504,-1.872
1.468,-1.725
0.831,-3.544
0.012,-3.441
-1.222,-3.607
-1.142,-3.497
1.635,-3.461
1.386,-3.458
1.2,0.832
0.608,1.002
-2.041,0.705
-2.416,0.737
-2.371,0.721
-3.046,0.682
2.623,0.596
2.556,0.742
2.32,0.998
2.2,0.763
2.31,0.669
0.22,-0.991
0.202,0.306
-0.164,-2.884
-1.316,-1.647
2.62,-0.248
0.541,-1.795
0.26,-2.379
3.105,-0.972
2.968,-1.523
3.04,-1.16
2.964,-1.729
2.62,-3.061
2.341,-2.833
2.125,-1.096
2.208,-1.869
2.157,-1.147
2.107,-1.151
1.971,-0.188
-0.947,-2.127
-2.987,-2.985
1.942,-2.834
-0.069,-2.592
-0.067,-2.006
-0.102,-2.217
-0.182,-1.944
-0.255,-0.845
-0.299,0.449
-0.404,-0.125
-0.532,-0.542
-0.543,-1.599
-0.522,-3.336
-0.684,-1.276
-0.677,0.477
-0.822,-2.117
-0.826,-0.341
-0.773,-1.339
-0.839,-0.669
-0.873,-2.261
-0.843,-2.992
-1.052,-1.712
-1.18,0.171
-1.327,0.055
-1.435,-0.201
-1.516,0.364
-1.547,-3.17
-1.492,-3.15
-1.752,0.396
-1.8,-2.594
-1.857,-0.362
-2.004,-0.545
-2.068,-1.33
-2.071,0.019
-2.124,-0.251
-2.238,-1.279
-2.261,-2.348
-2.254,-1.97
-2.307,-3.35
-2.332,-2.296
-2.285,0.388
-2.322,-2.804
-2.317,0.265
-2.552,-1.983
-2.489,-1.547
-2.552,-2.894
-2.546,-2.33
-2.671,-2.058
-2.743,-1.822
-2.836,-1.295
-2.899,-2.356
-2.943,-3.169
-3.026,-3.283
-2.97,-2.577
-3.013,-0.602
-3.022,-1.002
-3.119,-0.482
3.04,-3.033
3.036,-0.434
2.974,0.073
3.01,-2.299
2.997,-0.566
2.909,-0.199
2.951,-0.466
2.839,-0.315
2.91,-0.037
2.88,-2.082
2.886,-0.436
2.862,-1.589
2.822,-0.971
2.796,0.5
2.734,-0.895
2.795,-0.972
2.716,-0.924
2.678,-2.198
2.512,-2.331
2.557,-2.261
2.427,-0.688
2.355,-2.723
2.198,-1.566
2.252,-2.146
2.233,-1.832
2.183,-2.864
1.845,-3.198
1.726,0.082
1.736,-1.626
1.668,-2.473
1.617,-1.763
1.565,-1.801
1.547,-3.3
1.431,-1.755
1.338,0.088
1.333,-2.73
1.408,-0.464
0.854,-3.715
0.447,-3.514
0.163,-3.63
-0.602,-3.294
-1.236,-3.8
-1.734,-3.647
-2.244,-3.535
1.349,0.772
0.667,0.622
0.455,0.547
0.439,0.714
0.282,0.646
-0.041,0.707
-0.612,0.506
-0.832,0.719
-2.668,0.879
-2.792,0.913
3.115,0.722
2.586,0.825
2.311,0.623
2.071,0.855
1.943,0.882
-0.772,-1.645
-2.376,-2.058
-2.758,-0.338
3.001,-2.213
-0.789,0.64
-2.943,0.723
1.387,-2.221
1.184,-3.144
1.229,-2.036
1.232,-1.771
1.058,-3.367
1.143,0.221
1.057,-0.4
0.862,-0.981
0.834,-1.515
0.803,-2.324
0.658,-1.931
0.629,-2.098
0.63,-2.94
0.366,0.126
0.374,-0.709
0.356,-3.351
0.292,-3.258
0.202,-2.877
0.244,-1.917
0.09,-3.197
0.018,-0.938
0.042,-2.953
-0.05,-2.374
-0.19,-1.173
-0.374,-1.885
-0.323,-1.583
-0.459,-1.776
-0.485,-0.959
-0.525,-1.373
-0.68,-1.233
-0.659,-0.578
-0.741,0.413
-0.864,-3.337
-0.929,-2.26
-1.049,0.313
-1.045,-3.467
-1.018,-1.994
-1.145,-0.733
-1.345,-2.313
-1.444,-1.412
-1.444,-2.987
-1.596,-2.175
-1.616,-1.565
-1.735,0.503
-1.867,-0.694
-2.254,0.197
-2.352,-1.976
-2.349,0.258
-2.495,-0.827
-2.606,0.192
-2.856,-1.163
-2.757,-1.539
-2.952,-0.887
-2.904,-2.3
-3.012,-3.4
-3.141,-1.11
2.989,-0.65
2.821,-1.947
2.518,-2.936
2.504,-2.9
2.612,-0.33
2.381,-2.194
2.377,-0.775
2.246,-1.635
2.389,0.269
2.197,-1.377
1.974,-2.256
1.842,-2.722
1.692,-2.14
1.523,-2.31
1.579,-0.389
1.503,-1.963
1.467,-1.816
0.83,-3.635
0.011,-3.532
-1.223,-3.698
-1.143,-3.588
1.634,-3.552
1.385,-3.549
1.199,0.741
0.607,0.911
-2.042,0.614
-2.417,0.646
-2.372,0.63
-3.047,0.591
2.622,0.505
2.555,0.651
2.319,0.907
2.199,0.672
2.309,0.578
0.219,-1.082
0.201,0.215
-0.165,-2.975
-1.317,-1.738
2.619,-0.339
0.54,-1.886
0.259,-2.47
3.104,-1.063
2.967,-1.614
3.039,-1.251
2.963,-1.82
2.619,-3.152
2.34,-2.924
2.124,-1.187
2.207,-1.96
2.156,-1.238
2.106,-1.242
1.97,-0.279
-0.948,-2.218
-2.988,-3.076
1.941,-2.925
0.002,0.586
-0.033,0.375
-0.113,0.648
-0.186,1.747
-0.23,3.041
-0.335,2.467
-0.463,2.05
-0.474,0.993
-0.453,-0.744
-0.615,1.316
-0.608,3.069
-0.753,0.475
-0.757,2.251
-0.704,1.253
-0.77,1.923
-0.804,0.331
-0.774,-0.4
-0.983,0.88
-1.111,2.763
-1.258,2.647
-1.366,2.391
-1.447,2.956
-1.478,-0.578
-1.423,-0.558
-1.683,2.988
-1.731,-0.002
-1.788,2.23
-1.935,2.047
-1.999,1.262
-2.002,2.611
-2.055,2.341
-2.169,1.313
-2.192,0.244
-2.185,0.622
-2.238,-0.758
-2.263,0.296
-2.216,2.98
-2.253,-0.212
-2.248,2.857
-2.483,0.609
-2.42,1.045
-2.483,-0.302
-2.477,0.262
-2.602,0.534
-2.674,0.77
-2.767,1.297
-2.83,0.236
-2.874,-0.577
-2.957,-0.691
-2.901,0.015
-2.944,1.99
-2.953,1.59
-3.05,2.11
3.109,-0.441
3.105,2.158
3.043,2.665
3.079,0.293
3.066,2.026
2.978,2.393
3.02,2.126
2.908,2.277
2.979,2.555
2.949,0.51
2.955,2.156
2.931,1.003
2.891,1.621
2.865,3.092
2.803,1.697
2.864,1.62
2.785,1.668
2.747,0.394
2.581,0.261
2.626,0.331
2.496,1.904
2.424,-0.131
2.267,1.026
2.321,0.446
2.302,0.76
2.252,-0.272
1.914,-0.606
1.795,2.674
1.805,0.966
1.737,0.119
1.686,0.829
1.634,0.791
1.616,-0.708
1.5,0.837
1.407,2.68
1.402,-0.138
1.477,2.128
0.923,-1.123
0.516,-0.922
0.232,-1.038
-0.533,-0.702
-1.167,-1.208
-1.665,-1.055
-2.175,-0.943
1.418,3.364
0.736,3.214
0.524,3.139
0.508,3.306
0.351,3.238
0.028,3.299
-0.543,3.098
-0.763,3.311
-2.599,3.471
-2.723,3.505
-3.099,3.314
2.655,3.417
2.38,3.215
2.14,3.447
2.012,3.474
-0.703,0.947
-2.307,0.534
-2.689,2.254
3.07,0.379
-0.72,3.232
-2.874,3.315
1.456,0.371
1.253,-0.552
1.298,0.556
1.301,0.821
1.127,-0.775
1.212,2.813
1.126,2.192
0.931,1.611
0.903,1.077
0.872,0.268
0.727,0.661
0.698,0.494
0.699,-0.348
0.435,2.718
0.443,1.883
0.425,-0.759
0.361,-0.666
0.271,-0.285
0.313,0.675
0.159,-0.605
0.087,1.654
0.111,-0.361
0.019,0.218
-0.121,1.419
-0.305,0.707
-0.254,1.009
-0.39,0.816
-0.416,1.633
-0.456,1.219
-0.611,1.359
-0.59,2.014
-0.672,3.005
-0.795,-0.745
-0.86,0.332
-0.98,2.905
-0.976,-0.875
-0.949,0.598
-1.076,1.859
-1.276,0.279
-1.375,1.18
-1.375,-0.395
-1.527,0.417
-1.547,1.027
-1.666,3.095
-1.798,1.898
-2.185,2.789
-2.283,0.616
-2.28,2.85
-2.426,1.765
-2.537,2.784
-2.787,1.429
-2.688,1.053
-2.883,1.705
-2.835,0.292
-2.943,-0.808
-3.072,1.482
3.058,1.942
2.89,0.645
2.587,-0.344
2.573,-0.308
2.681,2.262
2.45,0.398
2.446,1.817
2.315,0.957
2.458,2.861
2.266,1.215
2.043,0.336
1.911,-0.13
1.761,0.452
1.592,0.282
1.648,2.203
1.572,0.629
1.536,0.776
0.899,-1.043
0.08,-0.94
-1.154,-1.106
-1.074,-0.996
1.703,-0.96
1.454,-0.957
1.268,3.333
0.676,3.503
-1.973,3.206
-2.348,3.238
-2.303,3.222
-2.978,3.183
2.691,3.097
2.624,3.243
2.388,3.499
2.268,3.264
2.378,3.17
0.288,1.51
0.27,2.807
-0.096,-0.383
-1.248,0.854
2.688,2.253
0.609,0.706
0.328,0.122
-3.11,1.529
3.036,0.978
3.108,1.341
3.032,0.772
2.688,-0.56
2.409,-0.332
2.193,1.405
2.276,0.632
2.225,1.354
2.175,1.35
2.039,2.313
-0.879,0.374
-2.919,-0.484
2.01,-0.333
-0.035,-0.211
-0.115,0.062
-0.188,1.161
-0.232,2.455
-0.337,1.881
-0.465,1.464
-0.476,0.407
-0.455,-1.33
-0.617,0.73
-0.61,2.483
-0.755,-0.111
-0.759,1.665
-0.706,0.667
-0.772,1.337
-0.806,-0.255
-0.776,-0.986
-0.985,0.294
-1.113,2.177
-1.26,2.061
-1.368,1.805
-1.449,2.37
-1.48,-1.164
-1.425,-1.144
-1.685,2.402
-1.733,-0.588
-1.79,1.644
-1.937,1.461
-2.001,0.676
-2.004,2.025
-2.057,1.755
-2.171,0.727
-2.194,-0.342
-2.187,0.036
-2.24,-1.344
-2.265,-0.29
-2.218,2.394
-2.255,-0.798
-2.25,2.271
-2.485,0.023
-2.422,0.459
-2.485,-0.888
-2.479,-0.324
-2.604,-0.052
-2.676,0.184
-2.769,0.711
-2.832,-0.35
-2.876,-1.163
-2.959,-1.277
-2.903,-0.571
-2.946,1.404
-2.955,1.004
-3.052,1.524
3.107,-1.027
3.103,1.572
3.041,2.079
3.077,-0.293
3.064,1.44
2.976,1.807
3.018,1.54
2.906,1.691
2.977,1.969
2.947,-0.076
2.953,1.57
2.929,0.417
2.889,1.035
2.863,2.506
2.801,1.111
2.862,1.034
2.783,1.082
2.745,-0.192
2.579,-0.325
2.624,-0.255
2.494,1.318
2.422,-0.717
2.265,0.44
2.319,-0.14
2.3,0.174
2.25,-0.858
1.912,-1.192
1.793,2.088
1.803,0.38
1.735,-0.467
1.684,0.243
1.632,0.205
1.614,-1.294
1.498,0.251
1.405,2.094
1.4,-0.724
1.475,1.542
0.921,-1.709
0.514,-1.508
0.23,-1.624
-0.535,-1.288
-1.169,-1.794
-1.667,-1.641
-2.177,-1.529
1.416,2.778
0.734,2.628
0.522,2.553
0.506,2.72
0.349,2.652
0.026,2.713
-0.545,2.512
-0.765,2.725
-2.601,2.885
-2.725,2.919
-3.101,2.728
2.653,2.831
2.378,2.629
2.138,2.861
2.01,2.888
-0.705,0.361
-2.309,-0.052
-2.691,1.668
3.068,-0.207
-0.722,2.646
-2.876,2.729
1.454,-0.215
1.251,-1.138
1.296,-0.03
1.299,0.235
1.125,-1.361
1.21,2.227
1.124,1.606
0.929,1.025
0.901,0.491
0.87,-0.318
0.725,0.075
0.696,-0.092
0.697,-0.934
0.433,2.132
0.441,1.297
0.423,-1.345
0.359,-1.252
0.269,-0.871
0.311,0.089
0.157,-1.191
0.085,1.068
0.109,-0.947
0.017,-0.368
-0.123,0.833
-0.307,0.121
-0.256,0.423
-0.392,0.23
-0.418,1.047
-0.458,0.633
-0.613,0.773
-0.592,1.428
-0.674,2.419
-0.797,-1.331
-0.862,-0.254
-0.982,2.319
-0.978,-1.461
-0.951,0.012
-1.078,1.273
-1.278,-0.307
-1.377,0.594
-1.377,-0.981
-1.529,-0.169
-1.549,0.441
-1.668,2.509
-1.8,1.312
-2.187,2.203
-2.285,0.03
-2.282,2.264
-2.428,1.179
-2.539,2.198
-2.789,0.843
-2.69,0.467
-2.885,1.119
-2.837,-0.294
-2.945,-1.394
-3.074,0.896
3.056,1.356
2.888,0.059
2.585,-0.93
2.571,-0.894
2.679,1.676
2.448,-0.188
2.444,1.231
2.313,0.371
2.456,2.275
2.264,0.629
2.041,-0.25
1.909,-0.716
1.759,-0.134
1.59,-0.304
1.646,1.617
1.57,0.043
1.534,0.19
0.897,-1.629
0.078,-1.526
-1.156,-1.692
-1.076,-1.582
1.701,-1.546
1.452,-1.543
1.266,2.747
0.674,2.917
-1.975,2.62
-2.35,2.652
-2.305,2.636
-2.98,2.597
2.689,2.511
2.622,2.657
2.386,2.913
2.266,2.678
2.376,2.584
0.286,0.924
0.268,2.221
-0.098,-0.969
-1.25,0.268
2.686,1.667
0.607,0.12
0.326,-0.464
-3.112,0.943
3.034,0.392
3.106,0.755
3.03,0.186
2.686,-1.146
2.407,-0.918
2.191,0.819
2.274,0.046
2.223,0.768
2.173,0.764
2.037,1.727
-0.881,-0.212
-2.921,-1.07
2.008,-0.919
-0.08,0.273
-0.153,1.372
-0.197,2.666
-0.302,2.092
-0.43,1.675
-0.441,0.618
-0.42,-1.119
-0.582,0.941
-0.575,2.694
-0.72,0.1
-0.724,1.876
-0.671,0.878
-0.737,1.548
-0.771,-0.044
-0.741,-0.775
-0.95,0.505
-1.078,2.388
-1.225,2.272
-1.333,2.016
-1.414,2.581
-1.445,-0.953
-1.39,-0.933
-1.65,2.613
-1.698,-0.377
-1.755,1.855
-1.902,1.672
-1.966,0.887
-1.969,2.236
-2.022,1.966
-2.136,0.938
-2.159,-0.131
-2.152,0.247
-2.205,-1.133
-2.23,-0.079
-2.183,2.605
-2.22,-0.587
-2.215,2.482
-2.45,0.234
-2.387,0.67
-2.45,-0.677
-2.444,-0.113
-2.569,0.159
-2.641,0.395
-2.734,0.922
-2.797,-0.139
-2.841,-0.952
-2.924,-1.066
-2.868,-0.36
-2.911,1.615
-2.92,1.215
-3.017,1.735
-3.141,-0.816
3.138,1.783
3.076,2.29
3.112,-0.082
3.099,1.651
3.011,2.018
3.053,1.751
2.941,1.902
3.012,2.18
2.982,0.135
2.988,1.781
2.964,0.628
2.924,1.246
2.898,2.717
2.836,1.322
2.897,1.245
2.818,1.293
2.78,0.019
2.614,-0.114
2.659,-0.044
2.529,1.529
2.457,-0.506
2.3,0.651
2.354,0.071
2.335,0.385
2.285,-0.647
1.947,-0.981
1.828,2.299
1.838,0.591
1.77,-0.256
1.719,0.454
1.667,0.416
1.649,-1.083
1.533,0.462
1.44,2.305
1.435,-0.513
1.51,1.753
0.956,-1.498
0.549,-1.297
0.265,-1.413
-0.5,-1.077
-1.134,-1.583
-1.632,-1.43
-2.142,-1.318
1.451,2.989
0.769,2.839
0.557,2.764
0.541,2.931
0.384,2.863
0.061,2.924
-0.51,2.723
-0.73,2.936
-2.566,3.096
-2.69,3.13
-3.066,2.939
2.688,3.042
2.413,2.84
2.173,3.072
2.045,3.099
-0.67,0.572
-2.274,0.159
-2.656,1.879
3.103,0.004
-0.687,2.857
-2.841,2.94
1.489,-0.004
1.286,-0.927
1.331,0.181
1.334,0.446
1.16,-1.15
1.245,2.438
1.159,1.817
0.964,1.236
0.936,0.702
0.905,-0.107
0.76,0.286
0.731,0.119
0.732,-0.723
0.468,2.343
0.476,1.508
0.458,-1.134
0.394,-1.041
0.304,-0.66
0.346,0.3
0.192,-0.98
0.12,1.279
0.144,-0.736
0.052,-0.157
-0.088,1.044
-0.272,0.332
-0.221,0.634
-0.357,0.441
-0.383,1.258
-0.423,0.844
-0.578,0.984
-0.557,1.639
-0.639,2.63
-0.762,-1.12
-0.827,-0.043
-0.947,2.53
-0.943,-1.25
-0.916,0.223
-1.043,1.484
-1.243,-0.096
-1.342,0.805
-1.342,-0.77
-1.494,0.042
-1.514,0.652
-1.633,2.72
-1.765,1.523
-2.152,2.414
-2.25,0.241
-2.247,2.475
-2.393,1.39
-2.504,2.409
-2.754,1.054
-2.655,0.678
-2.85,1.33
-2.802,-0.083
-2.91,-1.183
-3.039,1.107
3.091,1.567
2.923,0.27
2.62,-0.719
2.606,-0.683
2.714,1.887
2.483,0.023
2.479,1.442
2.348,0.582
2.491,2.486
2.299,0.84
2.076,-0.039
1.944,-0.505
1.794,0.077
1.625,-0.093
1.681,1.828
1.605,0.254
1.569,0.401
0.932,-1.418
0.113,-1.315
-1.121,-1.481
-1.041,-1.371
1.736,-1.335
1.487,-1.332
1.301,2.958
0.709,3.128
-1.94,2.831
-2.315,2.863
-2.27,2.847
-2.945,2.808
2.724,2.722
2.657,2.868
2.421,3.124
2.301,2.889
2.411,2.795
0.321,1.135
0.303,2.432
-0.063,-0.758
-1.215,0.479
2.721,1.878
0.642,0.331
0.361,-0.253
-3.077,1.154
3.069,0.603
3.141,0.966
3.065,0.397
2.721,-0.935
2.442,-0.707
2.226,1.03
2.309,0.257
2.258,0.979
2.208,0.975
2.072,1.938
-0.846,-0.001
-2.886,-0.859
2.043,-0.708
-0.073,1.099
-0.117,2.393
-0.222,1.819
-0.35,1.402
-0.361,0.345
-0.34,-1.392
-0.502,0.668
-0.495,2.421
-0.64,-0.173
-0.644,1.603
-0.591,0.605
-0.657,1.275
-0.691,-0.317
-0.661,-1.048
-0.87,0.232
-0.998,2.115
-1.145,1.999
-1.253,1.743
-1.334,2.308
-1.365,-1.226
-1.31,-1.206
-1.57,2.34
-1.618,-0.65
-1.675,1.582
-1.822,1.399
-1.886,0.614
-1.889,1.963
-1.942,1.693
-2.056,0.665
-2.079,-0.404
-2.072,-0.026
-2.125,-1.406
-2.15,-0.352
-2.103,2.332
-2.14,-0.86
-2.135,2.209
-2.37,-0.039
-2.307,0.397
-2.37,-0.95
-2.364,-0.386
-2.489,-0.114
-2.561,0.122
-2.654,0.649
-2.717,-0.412
-2.761,-1.225
-2.844,-1.339
-2.788,-0.633
-2.831,1.342
-2.84,0.942
-2.937,1.462
-3.061,-1.089
-3.065,1.51
-3.127,2.017
-3.091,-0.355
-3.104,1.378
3.091,1.745
3.133,1.478
3.021,1.629
3.092,1.907
3.062,-0.138
3.068,1.508
3.044,0.355
3.004,0.973
2.978,2.444
2.916,1.049
2.977,0.972
2.898,1.02
2.86,-0.254
2.694,-0.387
2.739,-0.317
2.609,1.256
2.537,-0.779
2.38,0.378
2.434,-0.202
2.415,0.112
2.365,-0.92
2.027,-1.254
1.908,2.026
1.918,0.318
1.85,-0.529
1.799,0.181
1.747,0.143
1.729,-1.356
1.613,0.189
1.52,2.032
1.515,-0.786
1.59,1.48
1.036,-1.771
0.629,-1.57
0.345,-1.686
-0.42,-1.35
-1.054,-1.856
-1.552,-1.703
-2.062,-1.591
1.531,2.716
0.849,2.566
0.637,2.491
0.621,2.658
0.464,2.59
0.141,2.651
-0.43,2.45
-0.65,2.663
-2.486,2.823
-2.61,2.857
-2.986,2.666
2.768,2.769
2.493,2.567
2.253,2.799
2.125,2.826
-0.59,0.299
-2.194,-0.114
-2.576,1.606
-3.1,-0.269
-0.607,2.584
-2.761,2.667
1.569,-0.277
1.366,-1.2
1.411,-0.092
1.414,0.173
1.24,-1.423
1.325,2.165
1.239,1.544
1.044,0.963
1.016,0.429
0.985,-0.38
0.84,0.013
0.811,-0.154
0.812,-0.996
0.548,2.07
0.556,1.235
0.538,-1.407
0.474,-1.314
0.384,-0.933
0.426,0.027
0.272,-1.253
0.2,1.006
0.224,-1.009
0.132,-0.43
-0.008,0.771
-0.192,0.059
-0.141,0.361
-0.277,0.168
-0.303,0.985
-0.343,0.571
-0.498,0.711
-0.477,1.366
-0.559,2.357
-0.682,-1.393
-0.747,-0.316
-0.867,2.257
-0.863,-1.523
-0.836,-0.05
-0.963,1.211
-1.163,-0.369
-1.262,0.532
-1.262,-1.043
-1.414,-0.231
-1.434,0.379
-1.553,2.447
-1.685,1.25
-2.072,2.141
-2.17,-0.032
-2.167,2.202
-2.313,1.117
-2.424,2.136
-2.674,0.781
-2.575,0.405
-2.77,1.057
-2.722,-0.356
-2.83,-1.456
-2.959,0.834
-3.112,1.294
3.003,-0.003
2.7,-0.992
2.686,-0.956
2.794,1.614
2.563,-0.25
2.559,1.169
2.428,0.309
2.571,2.213
2.379,0.567
2.156,-0.312
2.024,-0.778
1.874,-0.196
1.705,-0.366
1.761,1.555
1.685,-0.019
1.649,0.128
1.012,-1.691
0.193,-1.588
-1.041,-1.754
-0.961,-1.644
1.816,-1.608
1.567,-1.605
1.381,2.685
0.789,2.855
-1.86,2.558
-2.235,2.59
-2.19,2.574
-2.865,2.535
2.804,2.449
2.737,2.595
2.501,2.851
2.381,2.616
2.491,2.522
0.401,0.862
0.383,2.159
0.017,-1.031
-1.135,0.206
2.801,1.605
0.722,0.058
0.441,-0.526
-2.997,0.881
-3.134,0.33
-3.062,0.693
-3.138,0.124
2.801,-1.208
2.522,-0.98
2.306,0.757
2.389,-0.016
2.338,0.706
2.288,0.702
2.152,1.665
-0.766,-0.274
-2.806,-1.132
2.123,-0.981
-0.044,1.294
-0.149,0.72
-0.277,0.303
-0.288,-0.754
-0.267,-2.491
-0.429,-0.431
-0.422,1.322
-0.567,-1.272
-0.571,0.504
-0.518,-0.494
-0.584,0.176
-0.618,-1.416
-0.588,-2.147
-0.797,-0.867
-0.925,1.016
-1.072,0.9
-1.18,0.644
-1.261,1.209
-1.292,-2.325
-1.237,-2.305
-1.497,1.241
-1.545,-1.749
-1.602,0.483
-1.749,0.3
-1.813,-0.485
-1.816,0.864
-1.869,0.594
-1.983,-0.434
-2.006,-1.503
-1.999,-1.125
-2.052,-2.505
-2.077,-1.451
-2.03,1.233
-2.067,-1.959
-2.062,1.11
-2.297,-1.138
-2.234,-0.702
-2.297,-2.049
-2.291,-1.485
-2.416,-1.213
-2.488,-0.977
-2.581,-0.45
-2.644,-1.511
-2.688,-2.324
-2.771,-2.438
-2.715,-1.732
-2.758,0.243
-2.767,-0.157
-2.864,0.363
-2.988,-2.188
-2.992,0.411
-3.054,0.918
-3.018,-1.454
-3.031,0.279
-3.119,0.646
-3.077,0.379
3.094,0.53
-3.118,0.808
3.135,-1.237
3.141,0.409
3.117,-0.744
3.077,-0.126
3.051,1.345
2.989,-0.05
3.05,-0.127
2.971,-0.079
2.933,-1.353
2.767,-1.486
2.812,-1.416
2.682,0.157
2.61,-1.878
2.453,-0.721
2.507,-1.301
2.488,-0.987
2.438,-2.019
2.1,-2.353
1.981,0.927
1.991,-0.781
1.923,-1.628
1.872,-0.918
1.82,-0.956
1.802,-2.455
1.686,-0.91
1.593,0.933
1.588,-1.885
1.663,0.381
1.109,-2.87
0.702,-2.669
0.418,-2.785
-0.347,-2.449
-0.981,-2.955
-1.479,-2.802
-1.989,-2.69
1.604,1.617
0.922,1.467
0.71,1.392
0.694,1.559
0.537,1.491
0.214,1.552
-0.357,1.351
-0.577,1.564
-2.413,1.724
-2.537,1.758
-2.913,1.567
2.841,1.67
2.566,1.468
2.326,1.7
2.198,1.727
-0.517,-0.8
-2.121,-1.213
-2.503,0.507
-3.027,-1.368
-0.534,1.485
-2.688,1.568
1.642,-1.376
1.439,-2.299
1.484,-1.191
1.487,-0.926
1.313,-2.522
1.398,1.066
1.312,0.445
1.117,-0.136
1.089,-0.67
1.058,-1.479
0.913,-1.086
0.884,-1.253
0.885,-2.095
0.621,0.971
0.629,0.136
0.611,-2.506
0.547,-2.413
0.457,-2.032
0.499,-1.072
0.345,-2.352
0.273,-0.093
0.297,-2.108
0.205,-1.529
0.065,-0.328
-0.119,-1.04
-0.068,-0.738
-0.204,-0.931
-0.23,-0.114
-0.27,-0.528
-0.425,-0.388
-0.404,0.267
-0.486,1.258
-0.609,-2.492
-0.674,-1.415
-0.794,1.158
-0.79,-2.622
-0.763,-1.149
-0.89,0.112
-1.09,-1.468
-1.189,-0.567
-1.189,-2.142
-1.341,-1.33
-1.361,-0.72
-1.48,1.348
-1.612,0.151
-1.999,1.042
-2.097,-1.131
-2.094,1.103
-2.24,0.018
-2.351,1.037
-2.601,-0.318
-2.502,-0.694
-2.697,-0.042
-2.649,-1.455
-2.757,-2.555
-2.886,-0.265
-3.039,0.195
3.076,-1.102
2.773,-2.091
2.759,-2.055
2.867,0.515
2.636,-1.349
2.632,0.07
2.501,-0.79
2.644,1.114
2.452,-0.532
2.229,-1.411
2.097,-1.877
1.947,-1.295
1.778,-1.465
1.834,0.456
1.758,-1.118
1.722,-0.971
1.085,-2.79
0.266,-2.687
-0.968,-2.853
-0.888,-2.743
1.889,-2.707
1.64,-2.704
1.454,1.586
0.862,1.756
-1.787,1.459
-2.162,1.491
-2.117,1.475
-2.792,1.436
2.877,1.35
2.81,1.496
2.574,1.752
2.454,1.517
2.564,1.423
0.474,-0.237
0.456,1.06
0.09,-2.13
-1.062,-0.893
2.874,0.506
0.795,-1.041
0.514,-1.625
-2.924,-0.218
-3.061,-0.769
-2.989,-0.406
-3.065,-0.975
2.874,-2.307
2.595,-2.079
2.379,-0.342
2.462,-1.115
2.411,-0.393
2.361,-0.397
2.225,0.566
-0.693,-1.373
-2.733,-2.231
2.196,-2.08
-0.105,-0.574
-0.233,-0.991
-0.244,-2.048
-0.223,-3.785
-0.385,-1.725
-0.378,0.028
-0.523,-2.566
-0.527,-0.79
-0.474,-1.788
-0.54,-1.118
-0.574,-2.71
-0.544,-3.441
-0.753,-2.161
-0.881,-0.278
-1.028,-0.394
-1.136,-0.65
-1.217,-0.085
-1.248,-3.619
-1.193,-3.599
-1.453,-0.053
-1.501,-3.043
-1.558,-0.811
-1.705,-0.994
-1.769,-1.779
-1.772,-0.43
-1.825,-0.7
-1.939,-1.728
-1.962,-2.797
-1.955,-2.419
-2.008,-3.799
-2.033,-2.745
-1.986,-0.061
-2.023,-3.253
-2.018,-0.184
-2.253,-2.432
-2.19,-1.996
-2.253,-3.343
-2.247,-2.779
-2.372,-2.507
-2.444,-2.271
-2.537,-1.744
-2.6,-2.805
-2.644,-3.618
-2.727,-3.732
-2.671,-3.026
-2.714,-1.051
-2.723,-1.451
-2.82,-0.931
-2.944,-3.482
-2.948,-0.883
-3.01,-0.376
-2.974,-2.748
-2.987,-1.015
-3.075,-0.648
-3.033,-0.915
3.138,-0.764
-3.074,-0.486
-3.104,-2.531
-3.098,-0.885
-3.122,-2.038
3.121,-1.42
3.095,0.051
3.033,-1.344
3.094,-1.421
3.015,-1.373
2.977,-2.647
2.811,-2.78
2.856,-2.71
2.726,-1.137
2.654,-3.172
2.497,-2.015
2.551,-2.595
2.532,-2.281
2.482,-3.313
2.144,-3.647
2.025,-0.367
2.035,-2.075
1.967,-2.922
1.916,-2.212
1.864,-2.25
1.846,-3.749
1.73,-2.204
1.637,-0.361
1.632,-3.179
1.707,-0.913
1.153,-4.164
0.746,-3.963
0.462,-4.079
-0.303,-3.743
-0.937,-4.249
-1.435,-4.096
-1.945,-3.984
1.648,0.323
0.966,0.173
0.754,0.098
0.738,0.265
0.581,0.197
0.258,0.258
-0.313,0.057
-0.533,0.27
-2.369,0.43
-2.493,0.464
-2.869,0.273
2.885,0.376
2.61,0.174
2.37,0.406
2.242,0.433
-0.473,-2.094
-2.077,-2.507
-2.459,-0.787
-2.983,-2.662
-0.49,0.191
-2.644,0.274
1.686,-2.67
1.483,-3.593
1.528,-2.485
1.531,-2.22
1.357,-3.816
1.442,-0.228
1.356,-0.849
1.161,-1.43
1.133,-1.964
1.102,-2.773
0.957,-2.38
0.928,-2.547
0.929,-3.389
0.665,-0.323
0.673,-1.158
0.655,-3.8
0.591,-3.707
0.501,-3.326
0.543,-2.366
0.389,-3.646
0.317,-1.387
0.341,-3.402
0.249,-2.823
0.109,-1.622
-0.075,-2.334
-0.024,-2.032
-0.16,-2.225
-0.186,-1.408
-0.226,-1.822
-0.381,-1.682
-0.36,-1.027
-0.442,-0.036
-0.565,-3.786
-0.63,-2.709
-0.75,-0.136
-0.746,-3.916
-0.719,-2.443
-0.846,-1.182
-1.046,-2.762
-1.145,-1.861
-1.145,-3.436
-1.297,-2.624
-1.317,-2.014
-1.436,0.054
-1.568,-1.143
-1.955,-0.252
-2.053,-2.425
-2.05,-0.191
-2.196,-1.276
-2.307,-0.257
-2.557,-1.612
-2.458,-1.988
-2.653,-1.336
-2.605,-2.749
-2.713,-3.849
-2.842,-1.559
-2.995,-1.099
3.12,-2.396
2.817,-3.385
2.803,-3.349
2.911,-0.779
2.68,-2.643
2.676,-1.224
2.545,-2.084
2.688,-0.18
2.496,-1.826
2.273,-2.705
2.141,-3.171
1.991,-2.589
1.822,-2.759
1.878,-0.838
1.802,-2.412
1.766,-2.265
1.129,-4.084
0.31,-3.981
-0.924,-4.147
-0.844,-4.037
1.933,-4.001
1.684,-3.998
1.498,0.292
0.906,0.462
-1.743,0.165
-2.118,0.197
-2.073,0.181
-2.748,0.142
2.921,0.056
2.854,0.202
2.618,0.458
2.498,0.223
2.608,0.129
0.518,-1.531
0.5,-0.234
0.134,-3.424
-1.018,-2.187
2.918,-0.788
0.839,-2.335
0.558,-2.919
-2.88,-1.512
-3.017,-2.063
-2.945,-1.7
-3.021,-2.269
2.918,-3.601
2.639,-3.373
2.423,-1.636
2.506,-2.409
2.455,-1.687
2.405,-1.691
2.269,-0.728
-0.649,-2.667
-2.689,-3.525
2.24,-3.374
-0.128,-0.417
-0.139,-1.474
-0.118,-3.211
-0.28,-1.151
-0.273,0.602
-0.418,-1.992
-0.422,-0.216
-0.369,-1.214
-0.435,-0.544
-0.469,-2.136
-0.439,-2.867
-0.648,-1.587
-0.776,0.296
-0.923,0.18
-1.031,-0.076
-1.112,0.489
-1.143,-3.045
-1.088,-3.025
-1.348,0.521
-1.396,-2.469
-1.453,-0.237
-1.6,-0.42
-1.664,-1.205
-1.667,0.144
-1.72,-0.126
-1.834,-1.154
-1.857,-2.223
-1.85,-1.845
-1.903,-3.225
-1.928,-2.171
-1.881,0.513
-1.918,-2.679
-1.913,0.39
-2.148,-1.858
-2.085,-1.422
-2.148,-2.769
-2.142,-2.205
-2.267,-1.933
-2.339,-1.697
-2.432,-1.17
-2.495,-2.231
-2.539,-3.044
-2.622,-3.158
-2.566,-2.452
-2.609,-0.477
-2.618,-0.877
-2.715,-0.357
-2.839,-2.908
-2.843,-0.309
-2.905,0.198
-2.869,-2.174
-2.882,-0.441
-2.97,-0.074
-2.928,-0.341
-3.04,-0.19
-2.969,0.088
-2.999,-1.957
-2.993,-0.311
-3.017,-1.464
-3.057,-0.846
-3.083,0.625
3.138,-0.77
-3.084,-0.847
3.12,-0.799
3.082,-2.073
2.916,-2.206
2.961,-2.136
2.831,-0.563
2.759,-2.598
2.602,-1.441
2.656,-2.021
2.637,-1.707
2.587,-2.739
2.249,-3.073
2.13,0.207
2.14,-1.501
2.072,-2.348
2.021,-1.638
1.969,-1.676
1.951,-3.175
1.835,-1.63
1.742,0.213
1.737,-2.605
1.812,-0.339
1.258,-3.59
0.851,-3.389
0.567,-3.505
-0.198,-3.169
-0.832,-3.675
-1.33,-3.522
-1.84,-3.41
1.753,0.897
1.071,0.747
0.859,0.672
0.843,0.839
0.686,0.771
0.363,0.832
-0.208,0.631
-0.428,0.844
-2.264,1.004
-2.388,1.038
-2.764,0.847
2.99,0.95
2.715,0.748
2.475,0.98
2.347,1.007
-0.368,-1.52
-1.972,-1.933
-2.354,-0.213
-2.878,-2.088
-0.385,0.765
-2.539,0.848
1.791,-2.096
1.588,-3.019
1.633,-1.911
1.636,-1.646
1.462,-3.242
1.547,0.346
1.461,-0.275
1.266,-0.856
1.238,-1.39
1.207,-2.199
1.062,-1.806
1.033,-1.973
1.034,-2.815
0.77,0.251
0.778,-0.584
0.76,-3.226
0.696,-3.133
0.606,-2.752
0.648,-1.792
0.494,-3.072
0.422,-0.813
0.446,-2.828
0.354,-2.249
0.214,-1.048
0.03,-1.76
0.081,-1.458
-0.055,-1.651
-0.081,-0.834
-0.121,-1.248
-0.276,-1.108
-0.255,-0.453
-0.337,0.538
-0.46,-3.212
-0.525,-2.135
-0.645,0.438
-0.641,-3.342
-0.614,-1.869
-0.741,-0.608
-0.941,-2.188
-1.04,-1.287
-1.04,-2.862
-1.192,-2.05
-1.212,-1.44
-1.331,0.628
-1.463,-0.569
-1.85,0.322
-1.948,-1.851
-1.945,0.383
-2.091,-0.702
-2.202,0.317
-2.452,-1.038
-2.353,-1.414
-2.548,-0.762
-2.5,-2.175
-2.608,-3.275
-2.737,-0.985
-2.89,-0.525
-3.058,-1.822
2.922,-2.811
2.908,-2.775
3.016,-0.205
2.785,-2.069
2.781,-0.65
2.65,-1.51
2.793,0.394
2.601,-1.252
2.378,-2.131
2.246,-2.597
2.096,-2.015
1.927,-2.185
1.983,-0.264
1.907,-1.838
1.871,-1.691
1.234,-3.51
0.415,-3.407
-0.819,-3.573
-0.739,-3.463
2.038,-3.427
1.789,-3.424
1.603,0.866
1.011,1.036
-1.638,0.739
-2.013,0.771
-1.968,0.755
-2.643,0.716
3.026,0.63
2.959,0.776
2.723,1.032
2.603,0.797
2.713,0.703
0.623,-0.957
0.605,0.34
0.239,-2.85
-0.913,-1.613
3.023,-0.214
0.944,-1.761
0.663,-2.345
-2.775,-0.938
-2.912,-1.489
-2.84,-1.126
-2.916,-1.695
3.023,-3.027
2.744,-2.799
2.528,-1.062
2.611,-1.835
2.56,-1.113
2.51,-1.117
2.374,-0.154
-0.544,-2.093
-2.584,-2.951
2.345,-2.8
-0.011,-1.057
0.01,-2.794
-0.152,-0.734
-0.145,1.019
-0.29,-1.575
-0.294,0.201
-0.241,-0.797
-0.307,-0.127
-0.341,-1.719
-0.311,-2.45
-0.52,-1.17
-0.648,0.713
-0.795,0.597
-0.903,0.341
-0.984,0.906
-1.015,-2.628
-0.96,-2.608
-1.22,0.938
-1.268,-2.052
-1.325,0.18
-1.472,-0.003
-1.536,-0.788
-1.539,0.561
-1.592,0.291
-1.706,-0.737
-1.729,-1.806
-1.722,-1.428
-1.775,-2.808
-1.8,-1.754
-1.753,0.93
-1.79,-2.262
-1.785,0.807
-2.02,-1.441
-1.957,-1.005
-2.02,-2.352
-2.014,-1.788
-2.139,-1.516
-2.211,-1.28
-2.304,-0.753
-2.367,-1.814
-2.411,-2.627
-2.494,-2.741
-2.438,-2.035
-2.481,-0.06
-2.49,-0.46
-2.587,0.06
-2.711,-2.491
-2.715,0.108
-2.777,0.615
-2.741,-1.757
-2.754,-0.024
-2.842,0.343
-2.8,0.076
-2.912,0.227
-2.841,0.505
-2.871,-1.54
-2.865,0.106
-2.889,-1.047
-2.929,-0.429
-2.955,1.042
-3.017,-0.353
-2.956,-0.43
-3.035,-0.382
-3.073,-1.656
3.044,-1.789
3.089,-1.719
2.959,-0.146
2.887,-2.181
2.73,-1.024
2.784,-1.604
2.765,-1.29
2.715,-2.322
2.377,-2.656
2.258,0.624
2.268,-1.084
2.2,-1.931
2.149,-1.221
2.097,-1.259
2.079,-2.758
1.963,-1.213
1.87,0.63
1.865,-2.188
1.94,0.078
1.386,-3.173
0.979,-2.972
0.695,-3.088
-0.07,-2.752
-0.704,-3.258
-1.202,-3.105
-1.712,-2.993
1.881,1.314
1.199,1.164
0.987,1.089
0.971,1.256
0.814,1.188
0.491,1.249
-0.08,1.048
-0.3,1.261
-2.136,1.421
-2.26,1.455
-2.636,1.264
3.118,1.367
2.843,1.165
2.603,1.397
2.475,1.424
-0.24,-1.103
-1.844,-1.516
-2.226,0.204
-2.75,-1.671
-0.257,1.182
-2.411,1.265
1.919,-1.679
1.716,-2.602
1.761,-1.494
1.764,-1.229
1.59,-2.825
1.675,0.763
1.589,0.142
1.394,-0.439
1.366,-0.973
1.335,-1.782
1.19,-1.389
1.161,-1.556
1.162,-2.398
0.898,0.668
0.906,-0.167
0.888,-2.809
0.824,-2.716
0.734,-2.335
0.776,-1.375
0.622,-2.655
0.55,-0.396
0.574,-2.411
0.482,-1.832
0.342,-0.631
0.158,-1.343
0.209,-1.041
0.073,-1.234
0.047,-0.417
0.007,-0.831
-0.148,-0.691
-0.127,-0.036
-0.209,0.955
-0.332,-2.795
-0.397,-1.718
-0.517,0.855
-0.513,-2.925
-0.486,-1.452
-0.613,-0.191
-0.813,-1.771
-0.912,-0.87
-0.912,-2.445
-1.064,-1.633
-1.084,-1.023
-1.203,1.045
-1.335,-0.152
-1.722,0.739
-1.82,-1.434
-1.817,0.8
-1.963,-0.285
-2.074,0.734
-2.324,-0.621
-2.225,-0.997
-2.42,-0.345
-2.372,-1.758
-2.48,-2.858
-2.609,-0.568
-2.762,-0.108
-2.93,-1.405
3.05,-2.394
3.036,-2.358
-3.139,0.212
2.913,-1.652
2.909,-0.233
2.778,-1.093
2.921,0.811
2.729,-0.835
2.506,-1.714
2.374,-2.18
2.224,-1.598
2.055,-1.768
2.111,0.153
2.035,-1.421
1.999,-1.274
1.362,-3.093
0.543,-2.99
-0.691,-3.156
-0.611,-3.046
2.166,-3.01
1.917,-3.007
1.731,1.283
1.139,1.453
-1.51,1.156
-1.885,1.188
-1.84,1.172
-2.515,1.133
-3.129,1.047
3.087,1.193
2.851,1.449
2.731,1.214
2.841,1.12
0.751,-0.54
0.733,0.757
0.367,-2.433
-0.785,-1.196
-3.132,0.203
1.072,-1.344
0.791,-1.928
-2.647,-0.521
-2.784,-1.072
-2.712,-0.709
-2.788,-1.278
-3.132,-2.61
2.872,-2.382
2.656,-0.645
2.739,-1.418
2.688,-0.696
2.638,-0.7
2.502,0.263
-0.416,-1.676
-2.456,-2.534
2.473,-2.383
0.021,-1.737
-0.141,0.323
-0.134,2.076
-0.279,-0.518
-0.283,1.258
-0.23,0.26
-0.296,0.93
-0.33,-0.662
-0.3,-1.393
-0.509,-0.113
-0.637,1.77
-0.784,1.654
-0.892,1.398
-0.973,1.963
-1.004,-1.571
-0.949,-1.551
-1.209,1.995
-1.257,-0.995
-1.314,1.237
-1.461,1.054
-1.525,0.269
-1.528,1.618
-1.581,1.348
-1.695,0.32
-1.718,-0.749
-1.711,-0.371
-1.764,-1.751
-1.789,-0.697
-1.742,1.987
-1.779,-1.205
-1.774,1.864
-2.009,-0.384
-1.946,0.052
-2.009,-1.295
-2.003,-0.731
-2.128,-0.459
-2.2,-0.223
-2.293,0.304
-2.356,-0.757
-2.4,-1.57
-2.483,-1.684
-2.427,-0.978
-2.47,0.997
-2.479,0.597
-2.576,1.117
-2.7,-1.434
-2.704,1.165
-2.766,1.672
-2.73,-0.7
-2.743,1.033
-2.831,1.4
-2.789,1.133
-2.901,1.284
-2.83,1.562
-2.86,-0.483
-2.854,1.163
-2.878,0.01
-2.918,0.628
-2.944,2.099
-3.006,0.704
-2.945,0.627
-3.024,0.675
-3.062,-0.599
3.055,-0.732
3.1,-0.662
2.97,0.911
2.898,-1.124
2.741,0.033
2.795,-0.547
2.776,-0.233
2.726,-1.265
2.388,-1.599
2.269,1.681
2.279,-0.027
2.211,-0.874
2.16,-0.164
2.108,-0.202
2.09,-1.701
1.974,-0.156
1.881,1.687
1.876,-1.131
1.951,1.135
1.397,-2.116
0.99,-1.915
0.706,-2.031
-0.059,-1.695
-0.693,-2.201
-1.191,-2.048
-1.701,-1.936
1.892,2.371
1.21,2.221
0.998,2.146
0.982,2.313
0.825,2.245
0.502,2.306
-0.069,2.105
-0.289,2.318
-2.125,2.478
-2.249,2.512
-2.625,2.321
3.129,2.424
2.854,2.222
2.614,2.454
2.486,2.481
-0.229,-0.046
-1.833,-0.459
-2.215,1.261
-2.739,-0.614
-0.246,2.239
-2.4,2.322
1.93,-0.622
1.727,-1.545
1.772,-0.437
1.775,-0.172
1.601,-1.768
1.686,1.82
1.6,1.199
1.405,0.618
1.377,0.084
1.346,-0.725
1.201,-0.332
1.172,-0.499
1.173,-1.341
0.909,1.725
0.917,0.89
0.899,-1.752
0.835,-1.659
0.745,-1.278
0.787,-0.318
0.633,-1.598
0.561,0.661
0.585,-1.354
0.493,-0.775
0.353,0.426
0.169,-0.286
0.22,0.016
0.084,-0.177
0.058,0.64
0.018,0.226
-0.137,0.366
-0.116,1.021
-0.198,2.012
-0.321,-1.738
-0.386,-0.661
-0.506,1.912
-0.502,-1.868
-0.475,-0.395
-0.602,0.866
-0.802,-0.714
-0.901,0.187
-0.901,-1.388
-1.053,-0.576
-1.073,0.034
-1.192,2.102
-1.324,0.905
-1.711,1.796
-1.809,-0.377
-1.806,1.857
-1.952,0.772
-2.063,1.791
-2.313,0.436
-2.214,0.06
-2.409,0.712
-2.361,-0.701
-2.469,-1.801
-2.598,0.489
-2.751,0.949
-2.919,-0.348
3.061,-1.337
3.047,-1.301
-3.128,1.269
2.924,-0.595
2.92,0.824
2.789,-0.036
2.932,1.868
2.74,0.222
2.517,-0.657
2.385,-1.123
2.235,-0.541
2.066,-0.711
2.122,1.21
2.046,-0.364
2.01,-0.217
1.373,-2.036
0.554,-1.933
-0.68,-2.099
-0.6,-1.989
2.177,-1.953
1.928,-1.95
1.742,2.34
1.15,2.51
-1.499,2.213
-1.874,2.245
-1.829,2.229
-2.504,2.19
-3.118,2.104
3.098,2.25
2.862,2.506
2.742,2.271
2.852,2.177
0.762,0.517
0.744,1.814
0.378,-1.376
-0.774,-0.139
-3.121,1.26
1.083,-0.287
0.802,-0.871
-2.636,0.536
-2.773,-0.015
-2.701,0.348
-2.777,-0.221
-3.121,-1.553
2.883,-1.325
2.667,0.412
2.75,-0.361
2.699,0.361
2.649,0.357
2.513,1.32
-0.405,-0.619
-2.445,-1.477
2.484,-1.326
-0.162,2.06
-0.155,3.813
-0.3,1.219
-0.304,2.995
-0.251,1.997
-0.317,2.667
-0.351,1.075
-0.321,0.344
-0.53,1.624
-0.658,3.507
-0.805,3.391
-0.913,3.135
-0.994,3.7
-1.025,0.166
-0.97,0.186
-1.23,3.732
-1.278,0.742
-1.335,2.974
-1.482,2.791
-1.546,2.006
-1.549,3.355
-1.602,3.085
-1.716,2.057
-1.739,0.988
-1.732,1.366
-1.785,-0.014
-1.81,1.04
-1.763,3.724
-1.8,0.532
-1.795,3.601
-2.03,1.353
-1.967,1.789
-2.03,0.442
-2.024,1.006
-2.149,1.278
-2.221,1.514
-2.314,2.041
-2.377,0.98
-2.421,0.167
-2.504,0.053
-2.448,0.759
-2.491,2.734
-2.5,2.334
-2.597,2.854
-2.721,0.303
-2.725,2.902
-2.787,3.409
-2.751,1.037
-2.764,2.77
-2.852,3.137
-2.81,2.87
-2.922,3.021
-2.851,3.299
-2.881,1.254
-2.875,2.9
-2.899,1.747
-2.939,2.365
-2.965,3.836
-3.027,2.441
-2.966,2.364
-3.045,2.412
-3.083,1.138
3.034,1.005
3.079,1.075
2.949,2.648
2.877,0.613
2.72,1.77
2.774,1.19
2.755,1.504
2.705,0.472
2.367,0.138
2.248,3.418
2.258,1.71
2.19,0.863
2.139,1.573
2.087,1.535
2.069,0.036
1.953,1.581
1.86,3.424
1.855,0.606
1.93,2.872
1.376,-0.379
0.969,-0.178
0.685,-0.294
-0.08,0.042
-0.714,-0.464
-1.212,-0.311
-1.722,-0.199
1.871,4.108
1.189,3.958
0.977,3.883
0.961,4.05
0.804,3.982
0.481,4.043
-0.09,3.842
-0.31,4.055
-2.146,4.215
-2.27,4.249
-2.646,4.058
3.108,4.161
2.833,3.959
2.593,4.191
2.465,4.218
-0.25,1.691
-1.854,1.278
-2.236,2.998
-2.76,1.123
-0.267,3.976
-2.421,4.059
1.909,1.115
1.706,0.192
1.751,1.3
1.754,1.565
1.58,-0.031
1.665,3.557
1.579,2.936
1.384,2.355
1.356,1.821
1.325,1.012
1.18,1.405
1.151,1.238
1.152,0.396
0.888,3.462
0.896,2.627
0.878,-0.015
0.814,0.078
0.724,0.459
0.766,1.419
0.612,0.139
0.54,2.398
0.564,0.383
0.472,0.962
0.332,2.163
0.148,1.451
0.199,1.753
0.063,1.56
0.037,2.377
-0.003,1.963
-0.158,2.103
-0.137,2.758
-0.219,3.749
-0.342,-0.001
-0.407,1.076
-0.527,3.649
-0.523,-0.131
-0.496,1.342
-0.623,2.603
-0.823,1.023
-0.922,1.924
-0.922,0.349
-1.074,1.161
-1.094,1.771
-1.213,3.839
-1.345,2.642
-1.732,3.533
-1.83,1.36
-1.827,3.594
-1.973,2.509
-2.084,3.528
-2.334,2.173
-2.235,1.797
-2.43,2.449
-2.382,1.036
-2.49,-0.064
-2.619,2.226
-2.772,2.686
-2.94,1.389
3.04,0.4
3.026,0.436
3.134,3.006
2.903,1.142
2.899,2.561
2.768,1.701
2.911,3.605
2.719,1.959
2.496,1.08
2.364,0.614
2.214,1.196
2.045,1.026
2.101,2.947
2.025,1.373
1.989,1.52
1.352,-0.299
0.533,-0.196
-0.701,-0.362
-0.621,-0.252
2.156,-0.216
1.907,-0.213
1.721,4.077
1.129,4.247
-1.52,3.95
-1.895,3.982
-1.85,3.966
-2.525,3.927
-3.139,3.841
3.077,3.987
2.841,4.243
2.721,4.008
2.831,3.914
0.741,2.254
0.723,3.551
0.357,0.361
-0.795,1.598
3.141,2.997
1.062,1.45
0.781,0.866
-2.657,2.273
-2.794,1.722
-2.722,2.085
-2.798,1.516
3.141,0.184
2.862,0.412
2.646,2.149
2.729,1.376
2.678,2.098
2.628,2.094
2.492,3.057
-0.426,1.118
-2.466,0.26
2.463,0.411
0.007,1.753
-0.138,-0.841
-0.142,0.935
-0.089,-0.063
-0.155,0.607
-0.189,-0.985
-0.159,-1.716
-0.368,-0.436
-0.496,1.447
-0.643,1.331
-0.751,1.075
-0.832,1.64
-0.863,-1.894
-0.808,-1.874
-1.068,1.672
-1.116,-1.318
-1.173,0.914
-1.32,0.731
-1.384,-0.054
-1.387,1.295
-1.44,1.025
-1.554,-0.003
-1.577,-1.072
-1.57,-0.694
-1.623,-2.074
-1.648,-1.02
-1.601,1.664
-1.638,-1.528
-1.633,1.541
-1.868,-0.707
-1.805,-0.271
-1.868,-1.618
-1.862,-1.054
-1.987,-0.782
-2.059,-0.546
-2.152,-0.019
-2.215,-1.08
-2.259,-1.893
-2.342,-2.007
-2.286,-1.301
-2.329,0.674
-2.338,0.274
-2.435,0.794
-2.559,-1.757
-2.563,0.842
-2.625,1.349
-2.589,-1.023
-2.602,0.71
-2.69,1.077
-2.648,0.81
-2.76,0.961
-2.689,1.239
-2.719,-0.806
-2.713,0.84
-2.737,-0.313
-2.777,0.305
-2.803,1.776
-2.865,0.381
-2.804,0.304
-2.883,0.352
-2.921,-0.922
-3.087,-1.055
-3.042,-0.985
3.111,0.588
3.039,-1.447
2.882,-0.29
2.936,-0.87
2.917,-0.556
2.867,-1.588
2.529,-1.922
2.41,1.358
2.42,-0.35
2.352,-1.197
2.301,-0.487
2.249,-0.525
2.231,-2.024
2.115,-0.479
2.022,1.364
2.017,-1.454
2.092,0.812
1.538,-2.439
1.131,-2.238
0.847,-2.354
0.082,-2.018
-0.552,-2.524
-1.05,-2.371
-1.56,-2.259
2.033,2.048
1.351,1.898
1.139,1.823
1.123,1.99
0.966,1.922
0.643,1.983
0.072,1.782
-0.148,1.995
-1.984,2.155
-2.108,2.189
-2.484,1.998
-3.013,2.101
2.995,1.899
2.755,2.131
2.627,2.158
-0.088,-0.369
-1.692,-0.782
-2.074,0.938
-2.598,-0.937
-0.105,1.916
-2.259,1.999
2.071,-0.945
1.868,-1.868
1.913,-0.76
1.916,-0.495
1.742,-2.091
1.827,1.497
1.741,0.876
1.546,0.295
1.518,-0.239
1.487,-1.048
1.342,-0.655
1.313,-0.822
1.314,-1.664
1.05,1.402
1.058,0.567
1.04,-2.075
0.976,-1.982
0.886,-1.601
0.928,-0.641
0.774,-1.921
0.702,0.338
0.726,-1.677
0.634,-1.098
0.494,0.103
0.31,-0.609
0.361,-0.307
0.225,-0.5
0.199,0.317
0.159,-0.097
0.004,0.043
0.025,0.698
-0.057,1.689
-0.18,-2.061
-0.245,-0.984
-0.365,1.589
-0.361,-2.191
-0.334,-0.718
-0.461,0.543
-0.661,-1.037
-0.76,-0.136
-0.76,-1.711
-0.912,-0.899
-0.932,-0.289
-1.051,1.779
-1.183,0.582
-1.57,1.473
-1.668,-0.7
-1.665,1.534
-1.811,0.449
-1.922,1.468
-2.172,0.113
-2.073,-0.263
-2.268,0.389
-2.22,-1.024
-2.328,-2.124
-2.457,0.166
-2.61,0.626
-2.778,-0.671
-3.081,-1.66
-3.095,-1.624
-2.987,0.946
3.065,-0.918
3.061,0.501
2.93,-0.359
3.073,1.545
2.881,-0.101
2.658,-0.98
2.526,-1.446
2.376,-0.864
2.207,-1.034
2.263,0.887
2.187,-0.687
2.151,-0.54
1.514,-2.359
0.695,-2.256
-0.539,-2.422
-0.459,-2.312
2.318,-2.276
2.069,-2.273
1.883,2.017
1.291,2.187
-1.358,1.89
-1.733,1.922
-1.688,1.906
-2.363,1.867
-2.977,1.781
-3.044,1.927
3.003,2.183
2.883,1.948
2.993,1.854
0.903,0.194
0.885,1.491
0.519,-1.699
-0.633,-0.462
-2.98,0.937
1.224,-0.61
0.943,-1.194
-2.495,0.213
-2.632,-0.338
-2.56,0.025
-2.636,-0.544
-2.98,-1.876
3.024,-1.648
2.808,0.089
2.891,-0.684
2.84,0.038
2.79,0.034
2.654,0.997
-0.264,-0.942
-2.304,-1.8
2.625,-1.649
-0.145,-2.594
-0.149,-0.818
-0.096,-1.816
-0.162,-1.146
-0.196,-2.738
-0.166,-3.469
-0.375,-2.189
-0.503,-0.306
-0.65,-0.422
-0.758,-0.678
-0.839,-0.113
-0.87,-3.647
-0.815,-3.627
-1.075,-0.081
-1.123,-3.071
-1.18,-0.839
-1.327,-1.022
-1.391,-1.807
-1.394,-0.458
-1.447,-0.728
-1.561,-1.756
-1.584,-2.825
-1.577,-2.447
-1.63,-3.827
-1.655,-2.773
-1.608,-0.089
-1.645,-3.281
-1.64,-0.212
-1.875,-2.46
-1.812,-2.024
-1.875,-3.371
-1.869,-2.807
-1.994,-2.535
-2.066,-2.299
-2.159,-1.772
-2.222,-2.833
-2.266,-3.646
-2.349,-3.76
-2.293,-3.054
-2.336,-1.079
-2.345,-1.479
-2.442,-0.959
-2.566,-3.51
-2.57,-0.911
-2.632,-0.404
-2.596,-2.776
-2.609,-1.043
-2.697,-0.676
-2.655,-0.943
-2.767,-0.792
-2.696,-0.514
-2.726,-2.559
-2.72,-0.913
-2.744,-2.066
-2.784,-1.448
-2.81,0.023
-2.872,-1.372
-2.811,-1.449
-2.89,-1.401
-2.928,-2.675
-3.094,-2.808
-3.049,-2.738
3.104,-1.165
3.032,-3.2
2.875,-2.043
2.929,-2.623
2.91,-2.309
2.86,-3.341
2.522,-3.675
2.403,-0.395
2.413,-2.103
2.345,-2.95
2.294,-2.24
2.242,-2.278
2.224,-3.777
2.108,-2.232
2.015,-0.389
2.01,-3.207
2.085,-0.941
1.531,-4.192
1.124,-3.991
0.84,-4.107
0.075,-3.771
-0.559,-4.277
-1.057,-4.124
-1.567,-4.012
2.026,0.295
1.344,0.145
1.132,0.07
1.116,0.237
0.959,0.169
0.636,0.23
0.065,0.029
-0.155,0.242
-1.991,0.402
-2.115,0.436
-2.491,0.245
-3.02,0.348
2.988,0.146
2.748,0.378
2.62,0.405
-0.095,-2.122
-1.699,-2.535
-2.081,-0.815
-2.605,-2.69
-0.112,0.163
-2.266,0.246
2.064,-2.698
1.861,-3.621
1.906,-2.513
1.909,-2.248
1.735,-3.844
1.82,-0.256
1.734,-0.877
1.539,-1.458
1.511,-1.992
1.48,-2.801
1.335,-2.408
1.306,-2.575
1.307,-3.417
1.043,-0.351
1.051,-1.186
1.033,-3.828
0.969,-3.735
0.879,-3.354
0.921,-2.394
0.767,-3.674
0.695,-1.415
0.719,-3.43
0.627,-2.851
0.487,-1.65
0.303,-2.362
0.354,-2.06
0.218,-2.253
0.192,-1.436
0.152,-1.85
-0.003,-1.71
0.018,-1.055
-0.064,-0.064
-0.187,-3.814
-0.252,-2.737
-0.372,-0.164
-0.368,-3.944
-0.341,-2.471
-0.468,-1.21
-0.668,-2.79
-0.767,-1.889
-0.767,-3.464
-0.919,-2.652
-0.939,-2.042
-1.058,0.026
-1.19,-1.171
-1.577,-0.28
-1.675,-2.453
-1.672,-0.219
-1.818,-1.304
-1.929,-0.285
-2.179,-1.64
-2.08,-2.016
-2.275,-1.364
-2.227,-2.777
-2.335,-3.877
-2.464,-1.587
-2.617,-1.127
-2.785,-2.424
-3.088,-3.413
-3.102,-3.377
-2.994,-0.807
3.058,-2.671
3.054,-1.252
2.923,-2.112
3.066,-0.208
2.874,-1.854
2.651,-2.733
2.519,-3.199
2.369,-2.617
2.2,-2.787
2.256,-0.866
2.18,-2.44
2.144,-2.293
1.507,-4.112
0.688,-4.009
-0.546,-4.175
-0.466,-4.065
2.311,-4.029
2.062,-4.026
1.876,0.264
1.284,0.434
-1.365,0.137
-1.74,0.169
-1.695,0.153
-2.37,0.114
-2.984,0.028
-3.051,0.174
2.996,0.43
2.876,0.195
2.986,0.101
0.896,-1.559
0.878,-0.262
0.512,-3.452
-0.64,-2.215
-2.987,-0.816
1.217,-2.363
0.936,-2.947
-2.502,-1.54
-2.639,-2.091
-2.567,-1.728
-2.643,-2.297
-2.987,-3.629
3.017,-3.401
2.801,-1.664
2.884,-2.437
2.833,-1.715
2.783,-1.719
2.647,-0.756
-0.271,-2.695
-2.311,-3.553
2.618,-3.402
-0.004,1.776
0.049,0.778
-0.017,1.448
-0.051,-0.144
-0.021,-0.875
-0.23,0.405
-0.358,2.288
-0.505,2.172
-0.613,1.916
-0.694,2.481
-0.725,-1.053
-0.67,-1.033
-0.93,2.513
-0.978,-0.477
-1.035,1.755
-1.182,1.572
-1.246,0.787
-1.249,2.136
-1.302,1.866
-1.416,0.838
-1.439,-0.231
-1.432,0.147
-1.485,-1.233
-1.51,-0.179
-1.463,2.505
-1.5,-0.687
-1.495,2.382
-1.73,0.134
-1.667,0.57
-1.73,-0.777
-1.724,-0.213
-1.849,0.059
-1.921,0.295
-2.014,0.822
-2.077,-0.239
-2.121,-1.052
-2.204,-1.166
-2.148,-0.46
-2.191,1.515
-2.2,1.115
-2.297,1.635
-2.421,-0.916
-2.425,1.683
-2.487,2.19
-2.451,-0.182
-2.464,1.551
-2.552,1.918
-2.51,1.651
-2.622,1.802
-2.551,2.08
-2.581,0.035
-2.575,1.681
-2.599,0.528
-2.639,1.146
-2.665,2.617
-2.727,1.222
-2.666,1.145
-2.745,1.193
-2.783,-0.081
-2.949,-0.214
-2.904,-0.144
-3.034,1.429
-3.106,-0.606
3.02,0.551
3.074,-0.029
3.055,0.285
3.005,-0.747
2.667,-1.081
2.548,2.199
2.558,0.491
2.49,-0.356
2.439,0.354
2.387,0.316
2.369,-1.183
2.253,0.362
2.16,2.205
2.155,-0.613
2.23,1.653
1.676,-1.598
1.269,-1.397
0.985,-1.513
0.22,-1.177
-0.414,-1.683
-0.912,-1.53
-1.422,-1.418
2.171,2.889
1.489,2.739
1.277,2.664
1.261,2.831
1.104,2.763
0.781,2.824
0.21,2.623
-0.01,2.836
-1.846,2.996
-1.97,3.03
-2.346,2.839
-2.875,2.942
3.133,2.74
2.893,2.972
2.765,2.999
0.05,0.472
-1.554,0.059
-1.936,1.779
-2.46,-0.096
0.033,2.757
-2.121,2.84
2.209,-0.104
2.006,-1.027
2.051,0.081
2.054,0.346
1.88,-1.25
1.965,2.338
1.879,1.717
1.684,1.136
1.656,0.602
1.625,-0.207
1.48,0.186
1.451,0.019
1.452,-0.823
1.188,2.243
1.196,1.408
1.178,-1.234
1.114,-1.141
1.024,-0.76
1.066,0.2
0.912,-1.08
0.84,1.179
0.864,-0.836
0.772,-0.257
0.632,0.944
0.448,0.232
0.499,0.534
0.363,0.341
0.337,1.158
0.297,0.744
0.142,0.884
0.163,1.539
0.081,2.53
-0.042,-1.22
-0.107,-0.143
-0.227,2.43
-0.223,-1.35
-0.196,0.123
-0.323,1.384
-0.523,-0.196
-0.622,0.705
-0.622,-0.87
-0.774,-0.058
-0.794,0.552
-0.913,2.62
-1.045,1.423
-1.432,2.314
-1.53,0.141
-1.527,2.375
-1.673,1.29
-1.784,2.309
-2.034,0.954
-1.935,0.578
-2.13,1.23
-2.082,-0.183
-2.19,-1.283
-2.319,1.007
-2.472,1.467
-2.64,0.17
-2.943,-0.819
-2.957,-0.783
-2.849,1.787
-3.08,-0.077
-3.084,1.342
3.068,0.482
-3.072,2.386
3.019,0.74
2.796,-0.139
2.664,-0.605
2.514,-0.023
2.345,-0.193
2.401,1.728
2.325,0.154
2.289,0.301
1.652,-1.518
0.833,-1.415
-0.401,-1.581
-0.321,-1.471
2.456,-1.435
2.207,-1.432
2.021,2.858
1.429,3.028
-1.22,2.731
-1.595,2.763
-1.55,2.747
-2.225,2.708
-2.839,2.622
-2.906,2.768
3.141,3.024
3.021,2.789
3.131,2.695
1.041,1.035
1.023,2.332
0.657,-0.858
-0.495,0.379
-2.842,1.778
1.362,0.231
1.081,-0.353
-2.357,1.054
-2.494,0.503
-2.422,0.866
-2.498,0.297
-2.842,-1.035
-3.121,-0.807
2.946,0.93
3.029,0.157
2.978,0.879
2.928,0.875
2.792,1.838
-0.126,-0.101
-2.166,-0.959
2.763,-0.808
0.053,-0.998
-0.013,-0.328
-0.047,-1.92
-0.017,-2.651
-0.226,-1.371
-0.354,0.512
-0.501,0.396
-0.609,0.14
-0.69,0.705
-0.721,-2.829
-0.666,-2.809
-0.926,0.737
-0.974,-2.253
-1.031,-0.021
-1.178,-0.204
-1.242,-0.989
-1.245,0.36
-1.298,0.09
-1.412,-0.938
-1.435,-2.007
-1.428,-1.629
-1.481,-3.009
-1.506,-1.955
-1.459,0.729
-1.496,-2.463
-1.491,0.606
-1.726,-1.642
-1.663,-1.206
-1.726,-2.553
-1.72,-1.989
-1.845,-1.717
-1.917,-1.481
-2.01,-0.954
-2.073,-2.015
-2.117,-2.828
-2.2,-2.942
-2.144,-2.236
-2.187,-0.261
-2.196,-0.661
-2.293,-0.141
-2.417,-2.692
-2.421,-0.093
-2.483,0.414
-2.447,-1.958
-2.46,-0.225
-2.548,0.142
-2.506,-0.125
-2.618,0.026
-2.547,0.304
-2.577,-1.741
-2.571,-0.095
-2.595,-1.248
-2.635,-0.63
-2.661,0.841
-2.723,-0.554
-2.662,-0.631
-2.741,-0.583
-2.779,-1.857
-2.945,-1.99
-2.9,-1.92
-3.03,-0.347
-3.102,-2.382
3.024,-1.225
3.078,-1.805
3.059,-1.491
3.009,-2.523
2.671,-2.857
2.552,0.423
2.562,-1.285
2.494,-2.132
2.443,-1.422
2.391,-1.46
2.373,-2.959
2.257,-1.414
2.164,0.429
2.159,-2.389
2.234,-0.123
1.68,-3.374
1.273,-3.173
0.989,-3.289
0.224,-2.953
-0.41,-3.459
-0.908,-3.306
-1.418,-3.194
2.175,1.113
1.493,0.963
1.281,0.888
1.265,1.055
1.108,0.987
0.785,1.048
0.214,0.847
-0.006,1.06
-1.842,1.22
-1.966,1.254
-2.342,1.063
-2.871,1.166
3.137,0.964
2.897,1.196
2.769,1.223
0.054,-1.304
-1.55,-1.717
-1.932,0.003
-2.456,-1.872
0.037,0.981
-2.117,1.064
2.213,-1.88
2.01,-2.803
2.055,-1.695
2.058,-1.43
1.884,-3.026
1.969,0.562
1.883,-0.059
1.688,-0.64
1.66,-1.174
1.629,-1.983
1.484,-1.59
1.455,-1.757
1.456,-2.599
1.192,0.467
1.2,-0.368
1.182,-3.01
1.118,-2.917
1.028,-2.536
1.07,-1.576
0.916,-2.856
0.844,-0.597
0.868,-2.612
0.776,-2.033
0.636,-0.832
0.452,-1.544
0.503,-1.242
0.367,-1.435
0.341,-0.618
0.301,-1.032
0.146,-0.892
0.167,-0.237
0.085,0.754
-0.038,-2.996
-0.103,-1.919
-0.223,0.654
-0.219,-3.126
-0.192,-1.653
-0.319,-0.392
-0.519,-1.972
-0.618,-1.071
-0.618,-2.646
-0.77,-1.834
-0.79,-1.224
-0.909,0.844
-1.041,-0.353
-1.428,0.538
-1.526,-1.635
-1.523,0.599
-1.669,-0.486
-1.78,0.533
-2.03,-0.822
-1.931,-1.198
-2.126,-0.546
-2.078,-1.959
-2.186,-3.059
-2.315,-0.769
-2.468,-0.309
-2.636,-1.606
-2.939,-2.595
-2.953,-2.559
-2.845,0.011
-3.076,-1.853
-3.08,-0.434
3.072,-1.294
-3.068,0.61
3.023,-1.036
2.8,-1.915
2.668,-2.381
2.518,-1.799
2.349,-1.969
2.405,-0.048
2.329,-1.622
2.293,-1.475
1.656,-3.294
0.837,-3.191
-0.397,-3.357
-0.317,-3.247
2.46,-3.211
2.211,-3.208
2.025,1.082
1.433,1.252
-1.216,0.955
-1.591,0.987
-1.546,0.971
-2.221,0.932
-2.835,0.846
-2.902,0.992
-3.138,1.248
3.025,1.013
3.135,0.919
1.045,-0.741
1.027,0.556
0.661,-2.634
-0.491,-1.397
-2.838,0.002
1.366,-1.545
1.085,-2.129
-2.353,-0.722
-2.49,-1.273
-2.418,-0.91
-2.494,-1.479
-2.838,-2.811
-3.117,-2.583
2.95,-0.846
3.033,-1.619
2.982,-0.897
2.932,-0.901
2.796,0.062
-0.122,-1.877
-2.162,-2.735
2.767,-2.584
-0.066,0.67
-0.1,-0.922
-0.07,-1.653
-0.279,-0.373
-0.407,1.51
-0.554,1.394
-0.662,1.138
-0.743,1.703
-0.774,-1.831
-0.719,-1.811
-0.979,1.735
-1.027,-1.255
-1.084,0.977
-1.231,0.794
-1.295,0.009
-1.298,1.358
-1.351,1.088
-1.465,0.06
-1.488,-1.009
-1.481,-0.631
-1.534,-2.011
-1.559,-0.957
-1.512,1.727
-1.549,-1.465
-1.544,1.604
-1.779,-0.644
-1.716,-0.208
-1.779,-1.555
-1.773,-0.991
-1.898,-0.719
-1.97,-0.483
-2.063,0.044
-2.126,-1.017
-2.17,-1.83
-2.253,-1.944
-2.197,-1.238
-2.24,0.737
-2.249,0.337
-2.346,0.857
-2.47,-1.694
-2.474,0.905
-2.536,1.412
-2.5,-0.96
-2.513,0.773
-2.601,1.14
-2.559,0.873
-2.671,1.024
-2.6,1.302
-2.63,-0.743
-2.624,0.903
-2.648,-0.25
-2.688,0.368
-2.714,1.839
-2.776,0.444
-2.715,0.367
-2.794,0.415
-2.832,-0.859
-2.998,-0.992
-2.953,-0.922
-3.083,0.651
3.128,-1.384
2.971,-0.227
3.025,-0.807
3.006,-0.493
2.956,-1.525
2.618,-1.859
2.499,1.421
2.509,-0.287
2.441,-1.134
2.39,-0.424
2.338,-0.462
2.32,-1.961
2.204,-0.416
2.111,1.427
2.106,-1.391
2.181,0.875
1.627,-2.376
1.22,-2.175
0.936,-2.291
0.171,-1.955
-0.463,-2.461
-0.961,-2.308
-1.471,-2.196
2.122,2.111
1.44,1.961
1.228,1.886
1.212,2.053
1.055,1.985
0.732,2.046
0.161,1.845
-0.059,2.058
-1.895,2.218
-2.019,2.252
-2.395,2.061
-2.924,2.164
3.084,1.962
2.844,2.194
2.716,2.221
0.001,-0.306
-1.603,-0.719
-1.985,1.001
-2.509,-0.874
-0.016,1.979
-2.17,2.062
2.16,-0.882
1.957,-1.805
2.002,-0.697
2.005,-0.432
1.831,-2.028
1.916,1.56
1.83,0.939
1.635,0.358
1.607,-0.176
1.576,-0.985
1.431,-0.592
1.402,-0.759
1.403,-1.601
1.139,1.465
1.147,0.63
1.129,-2.012
1.065,-1.919
0.975,-1.538
1.017,-0.578
0.863,-1.858
0.791,0.401
0.815,-1.614
0.723,-1.035
0.583,0.166
0.399,-0.546
0.45,-0.244
0.314,-0.437
0.288,0.38
0.248,-0.034
0.093,0.106
0.114,0.761
0.032,1.752
-0.091,-1.998
-0.156,-0.921
-0.276,1.652
-0.272,-2.128
-0.245,-0.655
-0.372,0.606
-0.572,-0.974
-0.671,-0.073
-0.671,-1.648
-0.823,-0.836
-0.843,-0.226
-0.962,1.842
-1.094,0.645
-1.481,1.536
-1.579,-0.637
-1.576,1.597
-1.722,0.512
-1.833,1.531
-2.083,0.176
-1.984,-0.2
-2.179,0.452
-2.131,-0.961
-2.239,-2.061
-2.368,0.229
-2.521,0.689
-2.689,-0.608
-2.992,-1.597
-3.006,-1.561
-2.898,1.009
-3.129,-0.855
-3.133,0.564
3.019,-0.296
-3.121,1.608
2.97,-0.038
2.747,-0.917
2.615,-1.383
2.465,-0.801
2.296,-0.971
2.352,0.95
2.276,-0.624
2.24,-0.477
1.603,-2.296
0.784,-2.193
-0.45,-2.359
-0.37,-2.249
2.407,-2.213
2.158,-2.21
1.972,2.08
1.38,2.25
-1.269,1.953
-1.644,1.985
-1.599,1.969
-2.274,1.93
-2.888,1.844
-2.955,1.99
3.092,2.246
2.972,2.011
3.082,1.917
0.992,0.257
0.974,1.554
0.608,-1.636
-0.544,-0.399
-2.891,1.0
1.313,-0.547
1.032,-1.131
-2.406,0.276
-2.543,-0.275
-2.471,0.088
-2.547,-0.481
-2.891,-1.813
3.113,-1.585
2.897,0.152
2.98,-0.621
2.929,0.101
2.879,0.097
2.743,1.06
-0.175,-0.879
-2.215,-1.737
2.714,-1.586
-0.034,-1.592
-0.004,-2.323
-0.213,-1.043
-0.341,0.84
-0.488,0.724
-0.596,0.468
-0.677,1.033
-0.708,-2.501
-0.653,-2.481
-0.913,1.065
-0.961,-1.925
-1.018,0.307
-1.165,0.124
-1.229,-0.661
-1.232,0.688
-1.285,0.418
-1.399,-0.61
-1.422,-1.679
-1.415,-1.301
-1.468,-2.681
-1.493,-1.627
-1.446,1.057
-1.483,-2.135
-1.478,0.934
-1.713,-1.314
-1.65,-0.878
-1.713,-2.225
-1.707,-1.661
-1.832,-1.389
-1.904,-1.153
-1.997,-0.626
-2.06,-1.687
-2.104,-2.5
-2.187,-2.614
-2.131,-1.908
-2.174,0.067
-2.183,-0.333
-2.28,0.187
-2.404,-2.364
-2.408,0.235
-2.47,0.742
-2.434,-1.63
-2.447,0.103
-2.535,0.47
-2.493,0.203
-2.605,0.354
-2.534,0.632
-2.564,-1.413
-2.558,0.233
-2.582,-0.92
-2.622,-0.302
-2.648,1.169
-2.71,-0.226
-2.649,-0.303
-2.728,-0.255
-2.766,-1.529
-2.932,-1.662
-2.887,-1.592
-3.017,-0.019
-3.089,-2.054
3.037,-0.897
3.091,-1.477
3.072,-1.163
3.022,-2.195
2.684,-2.529
2.565,0.751
2.575,-0.957
2.507,-1.804
2.456,-1.094
2.404,-1.132
2.386,-2.631
2.27,-1.086
2.177,0.757
2.172,-2.061
2.247,0.205
1.693,-3.046
1.286,-2.845
1.002,-2.961
0.237,-2.625
-0.397,-3.131
-0.895,-2.978
-1.405,-2.866
2.188,1.441
1.506,1.291
1.294,1.216
1.278,1.383
1.121,1.315
0.798,1.376
0.227,1.175
0.007,1.388
-1.829,1.548
-1.953,1.582
-2.329,1.391
-2.858,1.494
-3.133,1.292
2.91,1.524
2.782,1.551
0.067,-0.976
-1.537,-1.389
-1.919,0.331
-2.443,-1.544
0.05,1.309
-2.104,1.392
2.226,-1.552
2.023,-2.475
2.068,-1.367
2.071,-1.102
1.897,-2.698
1.982,0.89
1.896,0.269
1.701,-0.312
1.673,-0.846
1.642,-1.655
1.497,-1.262
1.468,-1.429
1.469,-2.271
1.205,0.795
1.213,-0.04
1.195,-2.682
1.131,-2.589
1.041,-2.208
1.083,-1.248
0.929,-2.528
0.857,-0.269
0.881,-2.284
0.789,-1.705
0.649,-0.504
0.465,-1.216
0.516,-0.914
0.38,-1.107
0.354,-0.29
0.314,-0.704
0.159,-0.564
0.18,0.091
0.098,1.082
-0.025,-2.668
-0.09,-1.591
-0.21,0.982
-0.206,-2.798
-0.179,-1.325
-0.306,-0.064
-0.506,-1.644
-0.605,-0.743
-0.605,-2.318
-0.757,-1.506
-0.777,-0.896
-0.896,1.172
-1.028,-0.025
-1.415,0.866
-1.513,-1.307
-1.51,0.927
-1.656,-0.158
-1.767,0.861
-2.017,-0.494
-1.918,-0.87
-2.113,-0.218
-2.065,-1.631
-2.173,-2.731
-2.302,-0.441
-2.455,0.019
-2.623,-1.278
-2.926,-2.267
-2.94,-2.231
-2.832,0.339
-3.063,-1.525
-3.067,-0.106
3.085,-0.966
-3.055,0.938
3.036,-0.708
2.813,-1.587
2.681,-2.053
2.531,-1.471
2.362,-1.641
2.418,0.28
2.342,-1.294
2.306,-1.147
1.669,-2.966
0.85,-2.863
-0.384,-3.029
-0.304,-2.919
2.473,-2.883
2.224,-2.88
2.038,1.41
1.446,1.58
-1.203,1.283
-1.578,1.315
-1.533,1.299
-2.208,1.26
-2.822,1.174
-2.889,1.32
-3.125,1.576
3.038,1.341
-3.135,1.247
1.058,-0.413
1.04,0.884
0.674,-2.306
-0.478,-1.069
-2.825,0.33
1.379,-1.217
1.098,-1.801
-2.34,-0.394
-2.477,-0.945
-2.405,-0.582
-2.481,-1.151
-2.825,-2.483
-3.104,-2.255
2.963,-0.518
3.046,-1.291
2.995,-0.569
2.945,-0.573
2.809,0.39
-0.109,-1.549
-2.149,-2.407
2.78,-2.256
0.03,-0.731
-0.179,0.549
-0.307,2.432
-0.454,2.316
-0.562,2.06
-0.643,2.625
-0.674,-0.909
-0.619,-0.889
-0.879,2.657
-0.927,-0.333
-0.984,1.899
-1.131,1.716
-1.195,0.931
-1.198,2.28
-1.251,2.01
-1.365,0.982
-1.388,-0.087
-1.381,0.291
-1.434,-1.089
-1.459,-0.035
-1.412,2.649
-1.449,-0.543
-1.444,2.526
-1.679,0.278
-1.616,0.714
-1.679,-0.633
-1.673,-0.069
-1.798,0.203
-1.87,0.439
-1.963,0.966
-2.026,-0.095
-2.07,-0.908
-2.153,-1.022
-2.097,-0.316
-2.14,1.659
-2.149,1.259
-2.246,1.779
-2.37,-0.772
-2.374,1.827
-2.436,2.334
-2.4,-0.038
-2.413,1.695
-2.501,2.062
-2.459,1.795
-2.571,1.946
-2.5,2.224
-2.53,0.179
-2.524,1.825
-2.548,0.672
-2.588,1.29
-2.614,2.761
-2.676,1.366
-2.615,1.289
-2.694,1.337
-2.732,0.063
-2.898,-0.07
-2.853,0.0
-2.983,1.573
-3.055,-0.462
3.071,0.695
3.125,0.115
3.106,0.429
3.056,-0.603
2.718,-0.937
2.599,2.343
2.609,0.635
2.541,-0.212
2.49,0.498
2.438,0.46
2.42,-1.039
2.304,0.506
2.211,2.349
2.206,-0.469
2.281,1.797
1.727,-1.454
1.32,-1.253
1.036,-1.369
0.271,-1.033
-0.363,-1.539
-0.861,-1.386
-1.371,-1.274
2.222,3.033
1.54,2.883
1.328,2.808
1.312,2.975
1.155,2.907
0.832,2.968
0.261,2.767
0.041,2.98
-1.795,3.14
-1.919,3.174
-2.295,2.983
-2.824,3.086
-3.099,2.884
2.944,3.116
2.816,3.143
0.101,0.616
-1.503,0.203
-1.885,1.923
-2.409,0.048
0.084,2.901
-2.07,2.984
2.26,0.04
2.057,-0.883
2.102,0.225
2.105,0.49
1.931,-1.106
2.016,2.482
1.93,1.861
1.735,1.28
1.707,0.746
1.676,-0.063
1.531,0.33
1.502,0.163
1.503,-0.679
1.239,2.387
1.247,1.552
1.229,-1.09
1.165,-0.997
1.075,-0.616
1.117,0.344
0.963,-0.936
0.891,1.323
0.915,-0.692
0.823,-0.113
0.683,1.088
0.499,0.376
0.55,0.678
0.414,0.485
0.388,1.302
0.348,0.888
0.193,1.028
0.214,1.683
0.132,2.674
0.009,-1.076
-0.056,0.001
-0.176,2.574
-0.172,-1.206
-0.145,0.267
-0.272,1.528
-0.472,-0.052
-0.571,0.849
-0.571,-0.726
-0.723,0.086
-0.743,0.696
-0.862,2.764
-0.994,1.567
-1.381,2.458
-1.479,0.285
-1.476,2.519
-1.622,1.434
-1.733,2.453
-1.983,1.098
-1.884,0.722
-2.079,1.374
-2.031,-0.039
-2.139,-1.139
-2.268,1.151
-2.421,1.611
-2.589,0.314
-2.892,-0.675
-2.906,-0.639
-2.798,1.931
-3.029,0.067
-3.033,1.486
3.119,0.626
-3.021,2.53
3.07,0.884
2.847,0.005
2.715,-0.461
2.565,0.121
2.396,-0.049
2.452,1.872
2.376,0.298
2.34,0.445
1.703,-1.374
0.884,-1.271
-0.35,-1.437
-0.27,-1.327
2.507,-1.291
2.258,-1.288
2.072,3.002
1.48,3.172
-1.169,2.875
-1.544,2.907
-1.499,2.891
-2.174,2.852
-2.788,2.766
-2.855,2.912
-3.091,3.168
3.072,2.933
-3.101,2.839
1.092,1.179
1.074,2.476
0.708,-0.714
-0.444,0.523
-2.791,1.922
1.413,0.375
1.132,-0.209
-2.306,1.198
-2.443,0.647
-2.371,1.01
-2.447,0.441
-2.791,-0.891
-3.07,-0.663
2.997,1.074
3.08,0.301
3.029,1.023
2.979,1.019
2.843,1.982
-0.075,0.043
-2.115,-0.815
2.814,-0.664
-0.209,1.28
-0.337,3.163
-0.484,3.047
-0.592,2.791
-0.673,3.356
-0.704,-0.178
-0.649,-0.158
-0.909,3.388
-0.957,0.398
-1.014,2.63
-1.161,2.447
-1.225,1.662
-1.228,3.011
-1.281,2.741
-1.395,1.713
-1.418,0.644
-1.411,1.022
-1.464,-0.358
-1.489,0.696
-1.442,3.38
-1.479,0.188
-1.474,3.257
-1.709,1.009
-1.646,1.445
-1.709,0.098
-1.703,0.662
-1.828,0.934
-1.9,1.17
-1.993,1.697
-2.056,0.636
-2.1,-0.177
-2.183,-0.291
-2.127,0.415
-2.17,2.39
-2.179,1.99
-2.276,2.51
-2.4,-0.041
-2.404,2.558
-2.466,3.065
-2.43,0.693
-2.443,2.426
-2.531,2.793
-2.489,2.526
-2.601,2.677
-2.53,2.955
-2.56,0.91
-2.554,2.556
-2.578,1.403
-2.618,2.021
-2.644,3.492
-2.706,2.097
-2.645,2.02
-2.724,2.068
-2.762,0.794
-2.928,0.661
-2.883,0.731
-3.013,2.304
-3.085,0.269
3.041,1.426
3.095,0.846
3.076,1.16
3.026,0.128
2.688,-0.206
2.569,3.074
2.579,1.366
2.511,0.519
2.46,1.229
2.408,1.191
2.39,-0.308
2.274,1.237
2.181,3.08
2.176,0.262
2.251,2.528
1.697,-0.723
1.29,-0.522
1.006,-0.638
0.241,-0.302
-0.393,-0.808
-0.891,-0.655
-1.401,-0.543
2.192,3.764
1.51,3.614
1.298,3.539
1.282,3.706
1.125,3.638
0.802,3.699
0.231,3.498
0.011,3.711
-1.825,3.871
-1.949,3.905
-2.325,3.714
-2.854,3.817
-3.129,3.615
2.914,3.847
2.786,3.874
0.071,1.347
-1.533,0.934
-1.915,2.654
-2.439,0.779
0.054,3.632
-2.1,3.715
2.23,0.771
2.027,-0.152
2.072,0.956
2.075,1.221
1.901,-0.375
1.986,3.213
1.9,2.592
1.705,2.011
1.677,1.477
1.646,0.668
1.501,1.061
1.472,0.894
1.473,0.052
1.209,3.118
1.217,2.283
1.199,-0.359
1.135,-0.266
1.045,0.115
1.087,1.075
0.933,-0.205
0.861,2.054
0.885,0.039
0.793,0.618
0.653,1.819
0.469,1.107
0.52,1.409
0.384,1.216
0.358,2.033
0.318,1.619
0.163,1.759
0.184,2.414
0.102,3.405
-0.021,-0.345
-0.086,0.732
-0.206,3.305
-0.202,-0.475
-0.175,0.998
-0.302,2.259
-0.502,0.679
-0.601,1.58
-0.601,0.005
-0.753,0.817
-0.773,1.427
-0.892,3.495
-1.024,2.298
-1.411,3.189
-1.509,1.016
-1.506,3.25
-1.652,2.165
-1.763,3.184
-2.013,1.829
-1.914,1.453
-2.109,2.105
-2.061,0.692
-2.169,-0.408
-2.298,1.882
-2.451,2.342
-2.619,1.045
-2.922,0.056
-2.936,0.092
-2.828,2.662
-3.059,0.798
-3.063,2.217
3.089,1.357
-3.051,3.261
3.04,1.615
2.817,0.736
2.685,0.27
2.535,0.852
2.366,0.682
2.422,2.603
2.346,1.029
2.31,1.176
1.673,-0.643
0.854,-0.54
-0.38,-0.706
-0.3,-0.596
2.477,-0.56
2.228,-0.557
2.042,3.733
1.45,3.903
-1.199,3.606
-1.574,3.638
-1.529,3.622
-2.204,3.583
-2.818,3.497
-2.885,3.643
-3.121,3.899
3.042,3.664
-3.131,3.57
1.062,1.91
1.044,3.207
0.678,0.017
-0.474,1.254
-2.821,2.653
1.383,1.106
1.102,0.522
-2.336,1.929
-2.473,1.378
-2.401,1.741
-2.477,1.172
-2.821,-0.16
-3.1,0.068
2.967,1.805
3.05,1.032
2.999,1.754
2.949,1.75
2.813,2.713
-0.105,0.774
-2.145,-0.084
2.784,0.067
-0.128,1.883
-0.275,1.767
-0.383,1.511
-0.464,2.076
-0.495,-1.458
-0.44,-1.438
-0.7,2.108
-0.748,-0.882
-0.805,1.35
-0.952,1.167
-1.016,0.382
-1.019,1.731
-1.072,1.461
-1.186,0.433
-1.209,-0.636
-1.202,-0.258
-1.255,-1.638
-1.28,-0.584
-1.233,2.1
-1.27,-1.092
-1.265,1.977
-1.5,-0.271
-1.437,0.165
-1.5,-1.182
-1.494,-0.618
-1.619,-0.346
-1.691,-0.11
-1.784,0.417
-1.847,-0.644
-1.891,-1.457
-1.974,-1.571
-1.918,-0.865
-1.961,1.11
-1.97,0.71
-2.067,1.23
-2.191,-1.321
-2.195,1.278
-2.257,1.785
-2.221,-0.587
-2.234,1.146
-2.322,1.513
-2.28,1.246
-2.392,1.397
-2.321,1.675
-2.351,-0.37
-2.345,1.276
-2.369,0.123
-2.409,0.741
-2.435,2.212
-2.497,0.817
-2.436,0.74
-2.515,0.788
-2.553,-0.486
-2.719,-0.619
-2.674,-0.549
-2.804,1.024
-2.876,-1.011
-3.033,0.146
-2.979,-0.434
-2.998,-0.12
-3.048,-1.152
2.897,-1.486
2.778,1.794
2.788,0.086
2.72,-0.761
2.669,-0.051
2.617,-0.089
2.599,-1.588
2.483,-0.043
2.39,1.8
2.385,-1.018
2.46,1.248
1.906,-2.003
1.499,-1.802
1.215,-1.918
0.45,-1.582
-0.184,-2.088
-0.682,-1.935
-1.192,-1.823
2.401,2.484
1.719,2.334
1.507,2.259
1.491,2.426
1.334,2.358
1.011,2.419
0.44,2.218
0.22,2.431
-1.616,2.591
-1.74,2.625
-2.116,2.434
-2.645,2.537
-2.92,2.335
3.123,2.567
2.995,2.594
0.28,0.067
-1.324,-0.346
-1.706,1.374
-2.23,-0.501
0.263,2.352
-1.891,2.435
2.439,-0.509
2.236,-1.432
2.281,-0.324
2.284,-0.059
2.11,-1.655
2.195,1.933
2.109,1.312
1.914,0.731
1.886,0.197
1.855,-0.612
1.71,-0.219
1.681,-0.386
1.682,-1.228
1.418,1.838
1.426,1.003
1.408,-1.639
1.344,-1.546
1.254,-1.165
1.296,-0.205
1.142,-1.485
1.07,0.774
1.094,-1.241
1.002,-0.662
0.862,0.539
0.678,-0.173
0.729,0.129
0.593,-0.064
0.567,0.753
0.527,0.339
0.372,0.479
0.393,1.134
0.311,2.125
0.188,-1.625
0.123,-0.548
0.003,2.025
0.007,-1.755
0.034,-0.282
-0.093,0.979
-0.293,-0.601
-0.392,0.3
-0.392,-1.275
-0.544,-0.463
-0.564,0.147
-0.683,2.215
-0.815,1.018
-1.202,1.909
-1.3,-0.264
-1.297,1.97
-1.443,0.885
-1.554,1.904
-1.804,0.549
-1.705,0.173
-1.9,0.825
-1.852,-0.588
-1.96,-1.688
-2.089,0.602
-2.242,1.062
-2.41,-0.235
-2.713,-1.224
-2.727,-1.188
-2.619,1.382
-2.85,-0.482
-2.854,0.937
-2.985,0.077
-2.842,1.981
-3.034,0.335
3.026,-0.544
2.894,-1.01
2.744,-0.428
2.575,-0.598
2.631,1.323
2.555,-0.251
2.519,-0.104
1.882,-1.923
1.063,-1.82
-0.171,-1.986
-0.091,-1.876
2.686,-1.84
2.437,-1.837
2.251,2.453
1.659,2.623
-0.99,2.326
-1.365,2.358
-1.32,2.342
-1.995,2.303
-2.609,2.217
-2.676,2.363
-2.912,2.619
-3.032,2.384
-2.922,2.29
1.271,0.63
1.253,1.927
0.887,-1.263
-0.265,-0.026
-2.612,1.373
1.592,-0.174
1.311,-0.758
-2.127,0.649
-2.264,0.098
-2.192,0.461
-2.268,-0.108
-2.612,-1.44
-2.891,-1.212
-3.107,0.525
-3.024,-0.248
-3.075,0.474
-3.125,0.47
3.022,1.433
0.104,-0.506
-1.936,-1.364
2.993,-1.213
-0.147,-0.116
-0.255,-0.372
-0.336,0.193
-0.367,-3.341
-0.312,-3.321
-0.572,0.225
-0.62,-2.765
-0.677,-0.533
-0.824,-0.716
-0.888,-1.501
-0.891,-0.152
-0.944,-0.422
-1.058,-1.45
-1.081,-2.519
-1.074,-2.141
-1.127,-3.521
-1.152,-2.467
-1.105,0.217
-1.142,-2.975
-1.137,0.094
-1.372,-2.154
-1.309,-1.718
-1.372,-3.065
-1.366,-2.501
-1.491,-2.229
-1.563,-1.993
-1.656,-1.466
-1.719,-2.527
-1.763,-3.34
-1.846,-3.454
-1.79,-2.748
-1.833,-0.773
-1.842,-1.173
-1.939,-0.653
-2.063,-3.204
-2.067,-0.605
-2.129,-0.098
-2.093,-2.47
-2.106,-0.737
-2.194,-0.37
-2.152,-0.637
-2.264,-0.486
-2.193,-0.208
-2.223,-2.253
-2.217,-0.607
-2.241,-1.76
-2.281,-1.142
-2.307,0.329
-2.369,-1.066
-2.308,-1.143
-2.387,-1.095
-2.425,-2.369
-2.591,-2.502
-2.546,-2.432
-2.676,-0.859
-2.748,-2.894
-2.905,-1.737
-2.851,-2.317
-2.87,-2.003
-2.92,-3.035
3.025,-3.369
2.906,-0.089
2.916,-1.797
2.848,-2.644
2.797,-1.934
2.745,-1.972
2.727,-3.471
2.611,-1.926
2.518,-0.083
2.513,-2.901
2.588,-0.635
2.034,-3.886
1.627,-3.685
1.343,-3.801
0.578,-3.465
-0.056,-3.971
-0.554,-3.818
-1.064,-3.706
2.529,0.601
1.847,0.451
1.635,0.376
1.619,0.543
1.462,0.475
1.139,0.536
0.568,0.335
0.348,0.548
-1.488,0.708
-1.612,0.742
-1.988,0.551
-2.517,0.654
-2.792,0.452
-3.032,0.684
3.123,0.711
0.408,-1.816
-1.196,-2.229
-1.578,-0.509
-2.102,-2.384
0.391,0.469
-1.763,0.552
2.567,-2.392
2.364,-3.315
2.409,-2.207
2.412,-1.942
2.238,-3.538
2.323,0.05
2.237,-0.571
2.042,-1.152
2.014,-1.686
1.983,-2.495
1.838,-2.102
1.809,-2.269
1.81,-3.111
1.546,-0.045
1.554,-0.88
1.536,-3.522
1.472,-3.429
1.382,-3.048
1.424,-2.088
1.27,-3.368
1.198,-1.109
1.222,-3.124
1.13,-2.545
0.99,-1.344
0.806,-2.056
0.857,-1.754
0.721,-1.947
0.695,-1.13
0.655,-1.544
0.5,-1.404
0.521,-0.749
0.439,0.242
0.316,-3.508
0.251,-2.431
0.131,0.142
0.135,-3.638
0.162,-2.165
0.035,-0.904
-0.165,-2.484
-0.264,-1.583
-0.264,-3.158
-0.416,-2.346
-0.436,-1.736
-0.555,0.332
-0.687,-0.865
-1.074,0.026
-1.172,-2.147
-1.169,0.087
-1.315,-0.998
-1.426,0.021
-1.676,-1.334
-1.577,-1.71
-1.772,-1.058
-1.724,-2.471
-1.832,-3.571
-1.961,-1.281
-2.114,-0.821
-2.282,-2.118
-2.585,-3.107
-2.599,-3.071
-2.491,-0.501
-2.722,-2.365
-2.726,-0.946
-2.857,-1.806
-2.714,0.098
-2.906,-1.548
-3.129,-2.427
3.022,-2.893
2.872,-2.311
2.703,-2.481
2.759,-0.56
2.683,-2.134
2.647,-1.987
2.01,-3.806
1.191,-3.703
-0.043,-3.869
0.037,-3.759
2.814,-3.723
2.565,-3.72
2.379,0.57
1.787,0.74
-0.862,0.443
-1.237,0.475
-1.192,0.459
-1.867,0.42
-2.481,0.334
-2.548,0.48
-2.784,0.736
-2.904,0.501
-2.794,0.407
1.399,-1.253
1.381,0.044
1.015,-3.146
-0.137,-1.909
-2.484,-0.51
1.72,-2.057
1.439,-2.641
-1.999,-1.234
-2.136,-1.785
-2.064,-1.422
-2.14,-1.991
-2.484,-3.323
-2.763,-3.095
-2.979,-1.358
-2.896,-2.131
-2.947,-1.409
-2.997,-1.413
-3.133,-0.45
0.232,-2.389
-1.808,-3.247
3.121,-3.096
-0.108,-0.256
-0.189,0.309
-0.22,-3.225
-0.165,-3.205
-0.425,0.341
-0.473,-2.649
-0.53,-0.417
-0.677,-0.6
-0.741,-1.385
-0.744,-0.036
-0.797,-0.306
-0.911,-1.334
-0.934,-2.403
-0.927,-2.025
-0.98,-3.405
-1.005,-2.351
-0.958,0.333
-0.995,-2.859
-0.99,0.21
-1.225,-2.038
-1.162,-1.602
-1.225,-2.949
-1.219,-2.385
-1.344,-2.113
-1.416,-1.877
-1.509,-1.35
-1.572,-2.411
-1.616,-3.224
-1.699,-3.338
-1.643,-2.632
-1.686,-0.657
-1.695,-1.057
-1.792,-0.537
-1.916,-3.088
-1.92,-0.489
-1.982,0.018
-1.946,-2.354
-1.959,-0.621
-2.047,-0.254
-2.005,-0.521
-2.117,-0.37
-2.046,-0.092
-2.076,-2.137
-2.07,-0.491
-2.094,-1.644
-2.134,-1.026
-2.16,0.445
-2.222,-0.95
-2.161,-1.027
-2.24,-0.979
-2.278,-2.253
-2.444,-2.386
-2.399,-2.316
-2.529,-0.743
-2.601,-2.778
-2.758,-1.621
-2.704,-2.201
-2.723,-1.887
-2.773,-2.919
-3.111,-3.253
3.053,0.027
3.063,-1.681
2.995,-2.528
2.944,-1.818
2.892,-1.856
2.874,-3.355
2.758,-1.81
2.665,0.033
2.66,-2.785
2.735,-0.519
2.181,-3.77
1.774,-3.569
1.49,-3.685
0.725,-3.349
0.091,-3.855
-0.407,-3.702
-0.917,-3.59
2.676,0.717
1.994,0.567
1.782,0.492
1.766,0.659
1.609,0.591
1.286,0.652
0.715,0.451
0.495,0.664
-1.341,0.824
-1.465,0.858
-1.841,0.667
-2.37,0.77
-2.645,0.568
-2.885,0.8
-3.013,0.827
0.555,-1.7
-1.049,-2.113
-1.431,-0.393
-1.955,-2.268
0.538,0.585
-1.616,0.668
2.714,-2.276
2.511,-3.199
2.556,-2.091
2.559,-1.826
2.385,-3.422
2.47,0.166
2.384,-0.455
2.189,-1.036
2.161,-1.57
2.13,-2.379
1.985,-1.986
1.956,-2.153
1.957,-2.995
1.693,0.071
1.701,-0.764
1.683,-3.406
1.619,-3.313
1.529,-2.932
1.571,-1.972
1.417,-3.252
1.345,-0.993
1.369,-3.008
1.277,-2.429
1.137,-1.228
0.953,-1.94
1.004,-1.638
0.868,-1.831
0.842,-1.014
0.802,-1.428
0.647,-1.288
0.668,-0.633
0.586,0.358
0.463,-3.392
0.398,-2.315
0.278,0.258
0.282,-3.522
0.309,-2.049
0.182,-0.788
-0.018,-2.368
-0.117,-1.467
-0.117,-3.042
-0.269,-2.23
-0.289,-1.62
-0.408,0.448
-0.54,-0.749
-0.927,0.142
-1.025,-2.031
-1.022,0.203
-1.168,-0.882
-1.279,0.137
-1.529,-1.218
-1.43,-1.594
-1.625,-0.942
-1.577,-2.355
-1.685,-3.455
-1.814,-1.165
-1.967,-0.705
-2.135,-2.002
-2.438,-2.991
-2.452,-2.955
-2.344,-0.385
-2.575,-2.249
-2.579,-0.83
-2.71,-1.69
-2.567,0.214
-2.759,-1.432
-2.982,-2.311
-3.114,-2.777
3.019,-2.195
2.85,-2.365
2.906,-0.444
2.83,-2.018
2.794,-1.871
2.157,-3.69
1.338,-3.587
0.104,-3.753
0.184,-3.643
2.961,-3.607
2.712,-3.604
2.526,0.686
1.934,0.856
-0.715,0.559
-1.09,0.591
-1.045,0.575
-1.72,0.536
-2.334,0.45
-2.401,0.596
-2.637,0.852
-2.757,0.617
-2.647,0.523
1.546,-1.137
1.528,0.16
1.162,-3.03
0.01,-1.793
-2.337,-0.394
1.867,-1.941
1.586,-2.525
-1.852,-1.118
-1.989,-1.669
-1.917,-1.306
-1.993,-1.875
-2.337,-3.207
-2.616,-2.979
-2.832,-1.242
-2.749,-2.015
-2.8,-1.293
-2.85,-1.297
-2.986,-0.334
0.379,-2.273
-1.661,-3.131
-3.015,-2.98
-0.081,0.565
-0.112,-2.969
-0.057,-2.949
-0.317,0.597
-0.365,-2.393
-0.422,-0.161
-0.569,-0.344
-0.633,-1.129
-0.636,0.22
-0.689,-0.05
-0.803,-1.078
-0.826,-2.147
-0.819,-1.769
-0.872,-3.149
-0.897,-2.095
-0.85,0.589
-0.887,-2.603
-0.882,0.466
-1.117,-1.782
-1.054,-1.346
-1.117,-2.693
-1.111,-2.129
-1.236,-1.857
-1.308,-1.621
-1.401,-1.094
-1.464,-2.155
-1.508,-2.968
-1.591,-3.082
-1.535,-2.376
-1.578,-0.401
-1.587,-0.801
-1.684,-0.281
-1.808,-2.832
-1.812,-0.233
-1.874,0.274
-1.838,-2.098
-1.851,-0.365
-1.939,0.002
-1.897,-0.265
-2.009,-0.114
-1.938,0.164
-1.968,-1.881
-1.962,-0.235
-1.986,-1.388
-2.026,-0.77
-2.052,0.701
-2.114,-0.694
-2.053,-0.771
-2.132,-0.723
-2.17,-1.997
-2.336,-2.13
-2.291,-2.06
-2.421,-0.487
-2.493,-2.522
-2.65,-1.365
-2.596,-1.945
-2.615,-1.631
-2.665,-2.663
-3.003,-2.997
-3.122,0.283
-3.112,-1.425
3.103,-2.272
3.052,-1.562
3.0,-1.6
2.982,-3.099
2.866,-1.554
2.773,0.289
2.768,-2.529
2.843,-0.263
2.289,-3.514
1.882,-3.313
1.598,-3.429
0.833,-3.093
0.199,-3.599
-0.299,-3.446
-0.809,-3.334
2.784,0.973
2.102,0.823
1.89,0.748
1.874,0.915
1.717,0.847
1.394,0.908
0.823,0.707
0.603,0.92
-1.233,1.08
-1.357,1.114
-1.733,0.923
-2.262,1.026
-2.537,0.824
-2.777,1.056
-2.905,1.083
0.663,-1.444
-0.941,-1.857
-1.323,-0.137
-1.847,-2.012
0.646,0.841
-1.508,0.924
2.822,-2.02
2.619,-2.943
2.664,-1.835
2.667,-1.57
2.493,-3.166
2.578,0.422
2.492,-0.199
2.297,-0.78
2.269,-1.314
2.238,-2.123
2.093,-1.73
2.064,-1.897
2.065,-2.739
1.801,0.327
1.809,-0.508
1.791,-3.15
1.727,-3.057
1.637,-2.676
1.679,-1.716
1.525,-2.996
1.453,-0.737
1.477,-2.752
1.385,-2.173
1.245,-0.972
1.061,-1.684
1.112,-1.382
0.976,-1.575
0.95,-0.758
0.91,-1.172
0.755,-1.032
0.776,-0.377
0.694,0.614
0.571,-3.136
0.506,-2.059
0.386,0.514
0.39,-3.266
0.417,-1.793
0.29,-0.532
0.09,-2.112
-0.009,-1.211
-0.009,-2.786
-0.161,-1.974
-0.181,-1.364
-0.3,0.704
-0.432,-0.493
-0.819,0.398
-0.917,-1.775
-0.914,0.459
-1.06,-0.626
-1.171,0.393
-1.421,-0.962
-1.322,-1.338
-1.517,-0.686
-1.469,-2.099
-1.577,-3.199
-1.706,-0.909
-1.859,-0.449
-2.027,-1.746
-2.33,-2.735
-2.344,-2.699
-2.236,-0.129
-2.467,-1.993
-2.471,-0.574
-2.602,-1.434
-2.459,0.47
-2.651,-1.176
-2.874,-2.055
-3.006,-2.521
3.127,-1.939
2.958,-2.109
3.014,-0.188
2.938,-1.762
2.902,-1.615
2.265,-3.434
1.446,-3.331
0.212,-3.497
0.292,-3.387
3.069,-3.351
2.82,-3.348
2.634,0.942
2.042,1.112
-0.607,0.815
-0.982,0.847
-0.937,0.831
-1.612,0.792
-2.226,0.706
-2.293,0.852
-2.529,1.108
-2.649,0.873
-2.539,0.779
1.654,-0.881
1.636,0.416
1.27,-2.774
0.118,-1.537
-2.229,-0.138
1.975,-1.685
1.694,-2.269
-1.744,-0.862
-1.881,-1.413
-1.809,-1.05
-1.885,-1.619
-2.229,-2.951
-2.508,-2.723
-2.724,-0.986
-2.641,-1.759
-2.692,-1.037
-2.742,-1.041
-2.878,-0.078
0.487,-2.017
-1.553,-2.875
-2.907,-2.724
-0.031,-3.534
0.024,-3.514
-0.236,0.032
-0.284,-2.958
-0.341,-0.726
-0.488,-0.909
-0.552,-1.694
-0.555,-0.345
-0.608,-0.615
-0.722,-1.643
-0.745,-2.712
-0.738,-2.334
-0.791,-3.714
-0.816,-2.66
-0.769,0.024
-0.806,-3.168
-0.801,-0.099
-1.036,-2.347
-0.973,-1.911
-1.036,-3.258
-1.03,-2.694
-1.155,-2.422
-1.227,-2.186
-1.32,-1.659
-1.383,-2.72
-1.427,-3.533
-1.51,-3.647
-1.454,-2.941
-1.497,-0.966
-1.506,-1.366
-1.603,-0.846
-1.727,-3.397
-1.731,-0.798
-1.793,-0.291
-1.757,-2.663
-1.77,-0.93
-1.858,-0.563
-1.816,-0.83
-1.928,-0.679
-1.857,-0.401
-1.887,-2.446
-1.881,-0.8
-1.905,-1.953
-1.945,-1.335
-1.971,0.136
-2.033,-1.259
-1.972,-1.336
-2.051,-1.288
-2.089,-2.562
-2.255,-2.695
-2.21,-2.625
-2.34,-1.052
-2.412,-3.087
-2.569,-1.93
-2.515,-2.51
-2.534,-2.196
-2.584,-3.228
-2.922,-3.562
-3.041,-0.282
-3.031,-1.99
-3.099,-2.837
3.133,-2.127
3.081,-2.165
3.063,-3.664
2.947,-2.119
2.854,-0.276
2.849,-3.094
2.924,-0.828
2.37,-4.079
1.963,-3.878
1.679,-3.994
0.914,-3.658
0.28,-4.164
-0.218,-4.011
-0.728,-3.899
2.865,0.408
2.183,0.258
1.971,0.183
1.955,0.35
1.798,0.282
1.475,0.343
0.904,0.142
0.684,0.355
-1.152,0.515
-1.276,0.549
-1.652,0.358
-2.181,0.461
-2.456,0.259
-2.696,0.491
-2.824,0.518
0.744,-2.009
-0.86,-2.422
-1.242,-0.702
-1.766,-2.577
0.727,0.276
-1.427,0.359
2.903,-2.585
2.7,-3.508
2.745,-2.4
2.748,-2.135
2.574,-3.731
2.659,-0.143
2.573,-0.764
2.378,-1.345
2.35,-1.879
2.319,-2.688
2.174,-2.295
2.145,-2.462
2.146,-3.304
1.882,-0.238
1.89,-1.073
1.872,-3.715
1.808,-3.622
1.718,-3.241
1.76,-2.281
1.606,-3.561
1.534,-1.302
1.558,-3.317
1.466,-2.738
1.326,-1.537
1.142,-2.249
1.193,-1.947
1.057,-2.14
1.031,-1.323
0.991,-1.737
0.836,-1.597
0.857,-0.942
0.775,0.049
0.652,-3.701
0.587,-2.624
0.467,-0.051
0.471,-3.831
0.498,-2.358
0.371,-1.097
0.171,-2.677
0.072,-1.776
0.072,-3.351
-0.08,-2.539
-0.1,-1.929
-0.219,0.139
-0.351,-1.058
-0.738,-0.167
-0.836,-2.34
-0.833,-0.106
-0.979,-1.191
-1.09,-0.172
-1.34,-1.527
-1.241,-1.903
-1.436,-1.251
-1.388,-2.664
-1.496,-3.764
-1.625,-1.474
-1.778,-1.014
-1.946,-2.311
-2.249,-3.3
-2.263,-3.264
-2.155,-0.694
-2.386,-2.558
-2.39,-1.139
-2.521,-1.999
-2.378,-0.095
-2.57,-1.741
-2.793,-2.62
-2.925,-3.086
-3.075,-2.504
3.039,-2.674
3.095,-0.753
3.019,-2.327
2.983,-2.18
2.346,-3.999
1.527,-3.896
0.293,-4.062
0.373,-3.952
-3.133,-3.916
2.901,-3.913
2.715,0.377
2.123,0.547
-0.526,0.25
-0.901,0.282
-0.856,0.266
-1.531,0.227
-2.145,0.141
-2.212,0.287
-2.448,0.543
-2.568,0.308
-2.458,0.214
1.735,-1.446
1.717,-0.149
1.351,-3.339
0.199,-2.102
-2.148,-0.703
2.056,-2.25
1.775,-2.834
-1.663,-1.427
-1.8,-1.978
-1.728,-1.615
-1.804,-2.184
-2.148,-3.516
-2.427,-3.288
-2.643,-1.551
-2.56,-2.324
-2.611,-1.602
-2.661,-1.606
-2.797,-0.643
0.568,-2.582
-1.472,-3.44
-2.826,-3.289
0.055,0.02
-0.205,3.566
-0.253,0.576
-0.31,2.808
-0.457,2.625
-0.521,1.84
-0.524,3.189
-0.577,2.919
-0.691,1.891
-0.714,0.822
-0.707,1.2
-0.76,-0.18
-0.785,0.874
-0.738,3.558
-0.775,0.366
-0.77,3.435
-1.005,1.187
-0.942,1.623
-1.005,0.276
-0.999,0.84
-1.124,1.112
-1.196,1.348
-1.289,1.875
-1.352,0.814
-1.396,0.001
-1.479,-0.113
-1.423,0.593
-1.466,2.568
-1.475,2.168
-1.572,2.688
-1.696,0.137
-1.7,2.736
-1.762,3.243
-1.726,0.871
-1.739,2.604
-1.827,2.971
-1.785,2.704
-1.897,2.855
-1.826,3.133
-1.856,1.088
-1.85,2.734
-1.874,1.581
-1.914,2.199
-1.94,3.67
-2.002,2.275
-1.941,2.198
-2.02,2.246
-2.058,0.972
-2.224,0.839
-2.179,0.909
-2.309,2.482
-2.381,0.447
-2.538,1.604
-2.484,1.024
-2.503,1.338
-2.553,0.306
-2.891,-0.028
-3.01,3.252
-3.0,1.544
-3.068,0.697
-3.119,1.407
3.112,1.369
3.094,-0.13
2.978,1.415
2.885,3.258
2.88,0.44
2.955,2.706
2.401,-0.545
1.994,-0.344
1.71,-0.46
0.945,-0.124
0.311,-0.63
-0.187,-0.477
-0.697,-0.365
2.896,3.942
2.214,3.792
2.002,3.717
1.986,3.884
1.829,3.816
1.506,3.877
0.935,3.676
0.715,3.889
-1.121,4.049
-1.245,4.083
-1.621,3.892
-2.15,3.995
-2.425,3.793
-2.665,4.025
-2.793,4.052
0.775,1.525
-0.829,1.112
-1.211,2.832
-1.735,0.957
0.758,3.81
-1.396,3.893
2.934,0.949
2.731,0.026
2.776,1.134
2.779,1.399
2.605,-0.197
2.69,3.391
2.604,2.77
2.409,2.189
2.381,1.655
2.35,0.846
2.205,1.239
2.176,1.072
2.177,0.23
1.913,3.296
1.921,2.461
1.903,-0.181
1.839,-0.088
1.749,0.293
1.791,1.253
1.637,-0.027
1.565,2.232
1.589,0.217
1.497,0.796
1.357,1.997
1.173,1.285
1.224,1.587
1.088,1.394
1.062,2.211
1.022,1.797
0.867,1.937
0.888,2.592
0.806,3.583
0.683,-0.167
0.618,0.91
0.498,3.483
0.502,-0.297
0.529,1.176
0.402,2.437
0.202,0.857
0.103,1.758
0.103,0.183
-0.049,0.995
-0.069,1.605
-0.188,3.673
-0.32,2.476
-0.707,3.367
-0.805,1.194
-0.802,3.428
-0.948,2.343
-1.059,3.362
-1.309,2.007
-1.21,1.631
-1.405,2.283
-1.357,0.87
-1.465,-0.23
-1.594,2.06
-1.747,2.52
-1.915,1.223
-2.218,0.234
-2.232,0.27
-2.124,2.84
-2.355,0.976
-2.359,2.395
-2.49,1.535
-2.347,3.439
-2.539,1.793
-2.762,0.914
-2.894,0.448
-3.044,1.03
3.07,0.86
3.126,2.781
3.05,1.207
3.014,1.354
2.377,-0.465
1.558,-0.362
0.324,-0.528
0.404,-0.418
-3.102,-0.382
2.932,-0.379
2.746,3.911
2.154,4.081
-0.495,3.784
-0.87,3.816
-0.825,3.8
-1.5,3.761
-2.114,3.675
-2.181,3.821
-2.417,4.077
-2.537,3.842
-2.427,3.748
1.766,2.088
1.748,3.385
1.382,0.195
0.23,1.432
-2.117,2.831
2.087,1.284
1.806,0.7
-1.632,2.107
-1.769,1.556
-1.697,1.919
-1.773,1.35
-2.117,0.018
-2.396,0.246
-2.612,1.983
-2.529,1.21
-2.58,1.932
-2.63,1.928
-2.766,2.891
0.599,0.952
-1.441,0.094
-2.795,0.245
-0.26,3.546
-0.308,0.556
-0.365,2.788
-0.512,2.605
-0.576,1.82
-0.579,3.169
-0.632,2.899
-0.746,1.871
-0.769,0.802
-0.762,1.18
-0.815,-0.2
-0.84,0.854
-0.793,3.538
-0.83,0.346
-0.825,3.415
-1.06,1.167
-0.997,1.603
-1.06,0.256
-1.054,0.82
-1.179,1.092
-1.251,1.328
-1.344,1.855
-1.407,0.794
-1.451,-0.019
-1.534,-0.133
-1.478,0.573
-1.521,2.548
-1.53,2.148
-1.627,2.668
-1.751,0.117
-1.755,2.716
-1.817,3.223
-1.781,0.851
-1.794,2.584
-1.882,2.951
-1.84,2.684
-1.952,2.835
-1.881,3.113
-1.911,1.068
-1.905,2.714
-1.929,1.561
-1.969,2.179
-1.995,3.65
-2.057,2.255
-1.996,2.178
-2.075,2.226
-2.113,0.952
-2.279,0.819
-2.234,0.889
-2.364,2.462
-2.436,0.427
-2.593,1.584
-2.539,1.004
-2.558,1.318
-2.608,0.286
-2.946,-0.048
-3.065,3.232
-3.055,1.524
-3.123,0.677
3.109,1.387
3.057,1.349
3.039,-0.15
2.923,1.395
2.83,3.238
2.825,0.42
2.9,2.686
2.346,-0.565
1.939,-0.364
1.655,-0.48
0.89,-0.144
0.256,-0.65
-0.242,-0.497
-0.752,-0.385
2.841,3.922
2.159,3.772
1.947,3.697
1.931,3.864
1.774,3.796
1.451,3.857
0.88,3.656
0.66,3.869
-1.176,4.029
-1.3,4.063
-1.676,3.872
-2.205,3.975
-2.48,3.773
-2.72,4.005
-2.848,4.032
0.72,1.505
-0.884,1.092
-1.266,2.812
-1.79,0.937
0.703,3.79
-1.451,3.873
2.879,0.929
2.676,0.006
2.721,1.114
2.724,1.379
2.55,-0.217
2.635,3.371
2.549,2.75
2.354,2.169
2.326,1.635
2.295,0.826
2.15,1.219
2.121,1.052
2.122,0.21
1.858,3.276
1.866,2.441
1.848,-0.201
1.784,-0.108
1.694,0.273
1.736,1.233
1.582,-0.047
1.51,2.212
1.534,0.197
1.442,0.776
1.302,1.977
1.118,1.265
1.169,1.567
1.033,1.374
1.007,2.191
0.967,1.777
0.812,1.917
0.833,2.572
0.751,3.563
0.628,-0.187
0.563,0.89
0.443,3.463
0.447,-0.317
0.474,1.156
0.347,2.417
0.147,0.837
0.048,1.738
0.048,0.163
-0.104,0.975
-0.124,1.585
-0.243,3.653
-0.375,2.456
-0.762,3.347
-0.86,1.174
-0.857,3.408
-1.003,2.323
-1.114,3.342
-1.364,1.987
-1.265,1.611
-1.46,2.263
-1.412,0.85
-1.52,-0.25
-1.649,2.04
-1.802,2.5
-1.97,1.203
-2.273,0.214
-2.287,0.25
-2.179,2.82
-2.41,0.956
-2.414,2.375
-2.545,1.515
-2.402,3.419
-2.594,1.773
-2.817,0.894
-2.949,0.428
-3.099,1.01
3.015,0.84
3.071,2.761
2.995,1.187
2.959,1.334
2.322,-0.485
1.503,-0.382
0.269,-0.548
0.349,-0.438
3.126,-0.402
2.877,-0.399
2.691,3.891
2.099,4.061
-0.55,3.764
-0.925,3.796
-0.88,3.78
-1.555,3.741
-2.169,3.655
-2.236,3.801
-2.472,4.057
-2.592,3.822
-2.482,3.728
1.711,2.068
1.693,3.365
1.327,0.175
0.175,1.412
-2.172,2.811
2.032,1.264
1.751,0.68
-1.687,2.087
-1.824,1.536
-1.752,1.899
-1.828,1.33
-2.172,-0.002
-2.451,0.226
-2.667,1.963
-2.584,1.19
-2.635,1.912
-2.685,1.908
-2.821,2.871
0.544,0.932
-1.496,0.074
-2.85,0.225
-0.048,-2.99
-0.105,-0.758
-0.252,-0.941
-0.316,-1.726
-0.319,-0.377
-0.372,-0.647
-0.486,-1.675
-0.509,-2.744
-0.502,-2.366
-0.555,-3.746
-0.58,-2.692
-0.533,-0.008
-0.57,-3.2
-0.565,-0.131
-0.8,-2.379
-0.737,-1.943
-0.8,-3.29
-0.794,-2.726
-0.919,-2.454
-0.991,-2.218
-1.084,-1.691
-1.147,-2.752
-1.191,-3.565
-1.274,-3.679
-1.218,-2.973
-1.261,-0.998
-1.27,-1.398
-1.367,-0.878
-1.491,-3.429
-1.495,-0.83
-1.557,-0.323
-1.521,-2.695
-1.534,-0.962
-1.622,-0.595
-1.58,-0.862
-1.692,-0.711
-1.621,-0.433
-1.651,-2.478
-1.645,-0.832
-1.669,-1.985
-1.709,-1.367
-1.735,0.104
-1.797,-1.291
-1.736,-1.368
-1.815,-1.32
-1.853,-2.594
-2.019,-2.727
-1.974,-2.657
-2.104,-1.084
-2.176,-3.119
-2.333,-1.962
-2.279,-2.542
-2.298,-2.228
-2.348,-3.26
-2.686,-3.594
-2.805,-0.314
-2.795,-2.022
-2.863,-2.869
-2.914,-2.159
-2.966,-2.197
-2.984,-3.696
-3.1,-2.151
3.09,-0.308
3.085,-3.126
-3.123,-0.86
2.606,-4.111
2.199,-3.91
1.915,-4.026
1.15,-3.69
0.516,-4.196
0.018,-4.043
-0.492,-3.931
3.101,0.376
2.419,0.226
2.207,0.151
2.191,0.318
2.034,0.25
1.711,0.311
1.14,0.11
0.92,0.323
-0.916,0.483
-1.04,0.517
-1.416,0.326
-1.945,0.429
-2.22,0.227
-2.46,0.459
-2.588,0.486
0.98,-2.041
-0.624,-2.454
-1.006,-0.734
-1.53,-2.609
0.963,0.244
-1.191,0.327
3.139,-2.617
2.936,-3.54
2.981,-2.432
2.984,-2.167
2.81,-3.763
2.895,-0.175
2.809,-0.796
2.614,-1.377
2.586,-1.911
2.555,-2.72
2.41,-2.327
2.381,-2.494
2.382,-3.336
2.118,-0.27
2.126,-1.105
2.108,-3.747
2.044,-3.654
1.954,-3.273
1.996,-2.313
1.842,-3.593
1.77,-1.334
1.794,-3.349
1.702,-2.77
1.562,-1.569
1.378,-2.281
1.429,-1.979
1.293,-2.172
1.267,-1.355
1.227,-1.769
1.072,-1.629
1.093,-0.974
1.011,0.017
0.888,-3.733
0.823,-2.656
0.703,-0.083
0.707,-3.863
0.734,-2.39
0.607,-1.129
0.407,-2.709
0.308,-1.808
0.308,-3.383
0.156,-2.571
0.136,-1.961
0.017,0.107
-0.115,-1.09
-0.502,-0.199
-0.6,-2.372
-0.597,-0.138
-0.743,-1.223
-0.854,-0.204
-1.104,-1.559
-1.005,-1.935
-1.2,-1.283
-1.152,-2.696
-1.26,-3.796
-1.389,-1.506
-1.542,-1.046
-1.71,-2.343
-2.013,-3.332
-2.027,-3.296
-1.919,-0.726
-2.15,-2.59
-2.154,-1.171
-2.285,-2.031
-2.142,-0.127
-2.334,-1.773
-2.557,-2.652
-2.689,-3.118
-2.839,-2.536
-3.008,-2.706
-2.952,-0.785
-3.028,-2.359
-3.064,-2.212
2.582,-4.031
1.763,-3.928
0.529,-4.094
0.609,-3.984
-2.897,-3.948
3.137,-3.945
2.951,0.345
2.359,0.515
-0.29,0.218
-0.665,0.25
-0.62,0.234
-1.295,0.195
-1.909,0.109
-1.976,0.255
-2.212,0.511
-2.332,0.276
-2.222,0.182
1.971,-1.478
1.953,-0.181
1.587,-3.371
0.435,-2.134
-1.912,-0.735
2.292,-2.282
2.011,-2.866
-1.427,-1.459
-1.564,-2.01
-1.492,-1.647
-1.568,-2.216
-1.912,-3.548
-2.191,-3.32
-2.407,-1.583
-2.324,-2.356
-2.375,-1.634
-2.425,-1.638
-2.561,-0.675
0.804,-2.614
-1.236,-3.472
-2.59,-3.321
-0.057,2.232
-0.204,2.049
-0.268,1.264
-0.271,2.613
-0.324,2.343
-0.438,1.315
-0.461,0.246
-0.454,0.624
-0.507,-0.756
-0.532,0.298
-0.485,2.982
-0.522,-0.21
-0.517,2.859
-0.752,0.611
-0.689,1.047
-0.752,-0.3
-0.746,0.264
-0.871,0.536
-0.943,0.772
-1.036,1.299
-1.099,0.238
-1.143,-0.575
-1.226,-0.689
-1.17,0.017
-1.213,1.992
-1.222,1.592
-1.319,2.112
-1.443,-0.439
-1.447,2.16
-1.509,2.667
-1.473,0.295
-1.486,2.028
-1.574,2.395
-1.532,2.128
-1.644,2.279
-1.573,2.557
-1.603,0.512
-1.597,2.158
-1.621,1.005
-1.661,1.623
-1.687,3.094
-1.749,1.699
-1.688,1.622
-1.767,1.67
-1.805,0.396
-1.971,0.263
-1.926,0.333
-2.056,1.906
-2.128,-0.129
-2.285,1.028
-2.231,0.448
-2.25,0.762
-2.3,-0.27
-2.638,-0.604
-2.757,2.676
-2.747,0.968
-2.815,0.121
-2.866,0.831
-2.918,0.793
-2.936,-0.706
-3.052,0.839
3.138,2.682
3.133,-0.136
-3.075,2.13
2.654,-1.121
2.247,-0.92
1.963,-1.036
1.198,-0.7
0.564,-1.206
0.066,-1.053
-0.444,-0.941
-3.134,3.366
2.467,3.216
2.255,3.141
2.239,3.308
2.082,3.24
1.759,3.301
1.188,3.1
0.968,3.313
-0.868,3.473
-0.992,3.507
-1.368,3.316
-1.897,3.419
-2.172,3.217
-2.412,3.449
-2.54,3.476
1.028,0.949
-0.576,0.536
-0.958,2.256
-1.482,0.381
1.011,3.234
-1.143,3.317
-3.096,0.373
2.984,-0.55
3.029,0.558
3.032,0.823
2.858,-0.773
2.943,2.815
2.857,2.194
2.662,1.613
2.634,1.079
2.603,0.27
2.458,0.663
2.429,0.496
2.43,-0.346
2.166,2.72
2.174,1.885
2.156,-0.757
2.092,-0.664
2.002,-0.283
2.044,0.677
1.89,-0.603
1.818,1.656
1.842,-0.359
1.75,0.22
1.61,1.421
1.426,0.709
1.477,1.011
1.341,0.818
1.315,1.635
1.275,1.221
1.12,1.361
1.141,2.016
1.059,3.007
0.936,-0.743
0.871,0.334
0.751,2.907
0.755,-0.873
0.782,0.6
0.655,1.861
0.455,0.281
0.356,1.182
0.356,-0.393
0.204,0.419
0.184,1.029
0.065,3.097
-0.067,1.9
-0.454,2.791
-0.552,0.618
-0.549,2.852
-0.695,1.767
-0.806,2.786
-1.056,1.431
-0.957,1.055
-1.152,1.707
-1.104,0.294
-1.212,-0.806
-1.341,1.484
-1.494,1.944
-1.662,0.647
-1.965,-0.342
-1.979,-0.306
-1.871,2.264
-2.102,0.4
-2.106,1.819
-2.237,0.959
-2.094,2.863
-2.286,1.217
-2.509,0.338
-2.641,-0.128
-2.791,0.454
-2.96,0.284
-2.904,2.205
-2.98,0.631
-3.016,0.778
2.63,-1.041
1.811,-0.938
0.577,-1.104
0.657,-0.994
-2.849,-0.958
-3.098,-0.955
2.999,3.335
2.407,3.505
-0.242,3.208
-0.617,3.24
-0.572,3.224
-1.247,3.185
-1.861,3.099
-1.928,3.245
-2.164,3.501
-2.284,3.266
-2.174,3.172
2.019,1.512
2.001,2.809
1.635,-0.381
0.483,0.856
-1.864,2.255
2.34,0.708
2.059,0.124
-1.379,1.531
-1.516,0.98
-1.444,1.343
-1.52,0.774
-1.864,-0.558
-2.143,-0.33
-2.359,1.407
-2.276,0.634
-2.327,1.356
-2.377,1.352
-2.513,2.315
0.852,0.376
-1.188,-0.482
-2.542,-0.331
-0.147,-0.183
-0.211,-0.968
-0.214,0.381
-0.267,0.111
-0.381,-0.917
-0.404,-1.986
-0.397,-1.608
-0.45,-2.988
-0.475,-1.934
-0.428,0.75
-0.465,-2.442
-0.46,0.627
-0.695,-1.621
-0.632,-1.185
-0.695,-2.532
-0.689,-1.968
-0.814,-1.696
-0.886,-1.46
-0.979,-0.933
-1.042,-1.994
-1.086,-2.807
-1.169,-2.921
-1.113,-2.215
-1.156,-0.24
-1.165,-0.64
-1.262,-0.12
-1.386,-2.671
-1.39,-0.072
-1.452,0.435
-1.416,-1.937
-1.429,-0.204
-1.517,0.163
-1.475,-0.104
-1.587,0.047
-1.516,0.325
-1.546,-1.72
-1.54,-0.074
-1.564,-1.227
-1.604,-0.609
-1.63,0.862
-1.692,-0.533
-1.631,-0.61
-1.71,-0.562
-1.748,-1.836
-1.914,-1.969
-1.869,-1.899
-1.999,-0.326
-2.071,-2.361
-2.228,-1.204
-2.174,-1.784
-2.193,-1.47
-2.243,-2.502
-2.581,-2.836
-2.7,0.444
-2.69,-1.264
-2.758,-2.111
-2.809,-1.401
-2.861,-1.439
-2.879,-2.938
-2.995,-1.393
-3.088,0.45
-3.093,-2.368
-3.018,-0.102
2.711,-3.353
2.304,-3.152
2.02,-3.268
1.255,-2.932
0.621,-3.438
0.123,-3.285
-0.387,-3.173
-3.077,1.134
2.524,0.984
2.312,0.909
2.296,1.076
2.139,1.008
1.816,1.069
1.245,0.868
1.025,1.081
-0.811,1.241
-0.935,1.275
-1.311,1.084
-1.84,1.187
-2.115,0.985
-2.355,1.217
-2.483,1.244
1.085,-1.283
-0.519,-1.696
-0.901,0.024
-1.425,-1.851
1.068,1.002
-1.086,1.085
-3.039,-1.859
3.041,-2.782
3.086,-1.674
3.089,-1.409
2.915,-3.005
3.0,0.583
2.914,-0.038
2.719,-0.619
2.691,-1.153
2.66,-1.962
2.515,-1.569
2.486,-1.736
2.487,-2.578
2.223,0.488
2.231,-0.347
2.213,-2.989
2.149,-2.896
2.059,-2.515
2.101,-1.555
1.947,-2.835
1.875,-0.576
1.899,-2.591
1.807,-2.012
1.667,-0.811
1.483,-1.523
1.534,-1.221
1.398,-1.414
1.372,-0.597
1.332,-1.011
1.177,-0.871
1.198,-0.216
1.116,0.775
0.993,-2.975
0.928,-1.898
0.808,0.675
0.812,-3.105
0.839,-1.632
0.712,-0.371
0.512,-1.951
0.413,-1.05
0.413,-2.625
0.261,-1.813
0.241,-1.203
0.122,0.865
-0.01,-0.332
-0.397,0.559
-0.495,-1.614
-0.492,0.62
-0.638,-0.465
-0.749,0.554
-0.999,-0.801
-0.9,-1.177
-1.095,-0.525
-1.047,-1.938
-1.155,-3.038
-1.284,-0.748
-1.437,-0.288
-1.605,-1.585
-1.908,-2.574
-1.922,-2.538
-1.814,0.032
-2.045,-1.832
-2.049,-0.413
-2.18,-1.273
-2.037,0.631
-2.229,-1.015
-2.452,-1.894
-2.584,-2.36
-2.734,-1.778
-2.903,-1.948
-2.847,-0.027
-2.923,-1.601
-2.959,-1.454
2.687,-3.273
1.868,-3.17
0.634,-3.336
0.714,-3.226
-2.792,-3.19
-3.041,-3.187
3.056,1.103
2.464,1.273
-0.185,0.976
-0.56,1.008
-0.515,0.992
-1.19,0.953
-1.804,0.867
-1.871,1.013
-2.107,1.269
-2.227,1.034
-2.117,0.94
2.076,-0.72
2.058,0.577
1.692,-2.613
0.54,-1.376
-1.807,0.023
2.397,-1.524
2.116,-2.108
-1.322,-0.701
-1.459,-1.252
-1.387,-0.889
-1.463,-1.458
-1.807,-2.79
-2.086,-2.562
-2.302,-0.825
-2.219,-1.598
-2.27,-0.876
-2.32,-0.88
-2.456,0.083
0.909,-1.856
-1.131,-2.714
-2.485,-2.563
-0.064,-0.785
-0.067,0.564
-0.12,0.294
-0.234,-0.734
-0.257,-1.803
-0.25,-1.425
-0.303,-2.805
-0.328,-1.751
-0.281,0.933
-0.318,-2.259
-0.313,0.81
-0.548,-1.438
-0.485,-1.002
-0.548,-2.349
-0.542,-1.785
-0.667,-1.513
-0.739,-1.277
-0.832,-0.75
-0.895,-1.811
-0.939,-2.624
-1.022,-2.738
-0.966,-2.032
-1.009,-0.057
-1.018,-0.457
-1.115,0.063
-1.239,-2.488
-1.243,0.111
-1.305,0.618
-1.269,-1.754
-1.282,-0.021
-1.37,0.346
-1.328,0.079
-1.44,0.23
-1.369,0.508
-1.399,-1.537
-1.393,0.109
-1.417,-1.044
-1.457,-0.426
-1.483,1.045
-1.545,-0.35
-1.484,-0.427
-1.563,-0.379
-1.601,-1.653
-1.767,-1.786
-1.722,-1.716
-1.852,-0.143
-1.924,-2.178
-2.081,-1.021
-2.027,-1.601
-2.046,-1.287
-2.096,-2.319
-2.434,-2.653
-2.553,0.627
-2.543,-1.081
-2.611,-1.928
-2.662,-1.218
-2.714,-1.256
-2.732,-2.755
-2.848,-1.21
-2.941,0.633
-2.946,-2.185
-2.871,0.081
2.858,-3.17
2.451,-2.969
2.167,-3.085
1.402,-2.749
0.768,-3.255
0.27,-3.102
-0.24,-2.99
-2.93,1.317
2.671,1.167
2.459,1.092
2.443,1.259
2.286,1.191
1.963,1.252
1.392,1.051
1.172,1.264
-0.664,1.424
-0.788,1.458
-1.164,1.267
-1.693,1.37
-1.968,1.168
-2.208,1.4
-2.336,1.427
1.232,-1.1
-0.372,-1.513
-0.754,0.207
-1.278,-1.668
1.215,1.185
-0.939,1.268
-2.892,-1.676
-3.095,-2.599
-3.05,-1.491
-3.047,-1.226
3.062,-2.822
-3.136,0.766
3.061,0.145
2.866,-0.436
2.838,-0.97
2.807,-1.779
2.662,-1.386
2.633,-1.553
2.634,-2.395
2.37,0.671
2.378,-0.164
2.36,-2.806
2.296,-2.713
2.206,-2.332
2.248,-1.372
2.094,-2.652
2.022,-0.393
2.046,-2.408
1.954,-1.829
1.814,-0.628
1.63,-1.34
1.681,-1.038
1.545,-1.231
1.519,-0.414
1.479,-0.828
1.324,-0.688
1.345,-0.033
1.263,0.958
1.14,-2.792
1.075,-1.715
0.955,0.858
0.959,-2.922
0.986,-1.449
0.859,-0.188
0.659,-1.768
0.56,-0.867
0.56,-2.442
0.408,-1.63
0.388,-1.02
0.269,1.048
0.137,-0.149
-0.25,0.742
-0.348,-1.431
-0.345,0.803
-0.491,-0.282
-0.602,0.737
-0.852,-0.618
-0.753,-0.994
-0.948,-0.342
-0.9,-1.755
-1.008,-2.855
-1.137,-0.565
-1.29,-0.105
-1.458,-1.402
-1.761,-2.391
-1.775,-2.355
-1.667,0.215
-1.898,-1.649
-1.902,-0.23
-2.033,-1.09
-1.89,0.814
-2.082,-0.832
-2.305,-1.711
-2.437,-2.177
-2.587,-1.595
-2.756,-1.765
-2.7,0.156
-2.776,-1.418
-2.812,-1.271
2.834,-3.09
2.015,-2.987
0.781,-3.153
0.861,-3.043
-2.645,-3.007
-2.894,-3.004
-3.08,1.286
2.611,1.456
-0.038,1.159
-0.413,1.191
-0.368,1.175
-1.043,1.136
-1.657,1.05
-1.724,1.196
-1.96,1.452
-2.08,1.217
-1.97,1.123
2.223,-0.537
2.205,0.76
1.839,-2.43
0.687,-1.193
-1.66,0.206
2.544,-1.341
2.263,-1.925
-1.175,-0.518
-1.312,-1.069
-1.24,-0.706
-1.316,-1.275
-1.66,-2.607
-1.939,-2.379
-2.155,-0.642
-2.072,-1.415
-2.123,-0.693
-2.173,-0.697
-2.309,0.266
1.056,-1.673
-0.984,-2.531
-2.338,-2.38
-0.003,1.349
-0.056,1.079
-0.17,0.051
-0.193,-1.018
-0.186,-0.64
-0.239,-2.02
-0.264,-0.966
-0.217,1.718
-0.254,-1.474
-0.249,1.595
-0.484,-0.653
-0.421,-0.217
-0.484,-1.564
-0.478,-1.0
-0.603,-0.728
-0.675,-0.492
-0.768,0.035
-0.831,-1.026
-0.875,-1.839
-0.958,-1.953
-0.902,-1.247
-0.945,0.728
-0.954,0.328
-1.051,0.848
-1.175,-1.703
-1.179,0.896
-1.241,1.403
-1.205,-0.969
-1.218,0.764
-1.306,1.131
-1.264,0.864
-1.376,1.015
-1.305,1.293
-1.335,-0.752
-1.329,0.894
-1.353,-0.259
-1.393,0.359
-1.419,1.83
-1.481,0.435
-1.42,0.358
-1.499,0.406
-1.537,-0.868
-1.703,-1.001
-1.658,-0.931
-1.788,0.642
-1.86,-1.393
-2.017,-0.236
-1.963,-0.816
-1.982,-0.502
-2.032,-1.534
-2.37,-1.868
-2.489,1.412
-2.479,-0.296
-2.547,-1.143
-2.598,-0.433
-2.65,-0.471
-2.668,-1.97
-2.784,-0.425
-2.877,1.418
-2.882,-1.4
-2.807,0.866
2.922,-2.385
2.515,-2.184
2.231,-2.3
1.466,-1.964
0.832,-2.47
0.334,-2.317
-0.176,-2.205
-2.866,2.102
2.735,1.952
2.523,1.877
2.507,2.044
2.35,1.976
2.027,2.037
1.456,1.836
1.236,2.049
-0.6,2.209
-0.724,2.243
-1.1,2.052
-1.629,2.155
-1.904,1.953
-2.144,2.185
-2.272,2.212
1.296,-0.315
-0.308,-0.728
-0.69,0.992
-1.214,-0.883
1.279,1.97
-0.875,2.053
-2.828,-0.891
-3.031,-1.814
-2.986,-0.706
-2.983,-0.441
3.126,-2.037
-3.072,1.551
3.125,0.93
2.93,0.349
2.902,-0.185
2.871,-0.994
2.726,-0.601
2.697,-0.768
2.698,-1.61
2.434,1.456
2.442,0.621
2.424,-2.021
2.36,-1.928
2.27,-1.547
2.312,-0.587
2.158,-1.867
2.086,0.392
2.11,-1.623
2.018,-1.044
1.878,0.157
1.694,-0.555
1.745,-0.253
1.609,-0.446
1.583,0.371
1.543,-0.043
1.388,0.097
1.409,0.752
1.327,1.743
1.204,-2.007
1.139,-0.93
1.019,1.643
1.023,-2.137
1.05,-0.664
0.923,0.597
0.723,-0.983
0.624,-0.082
0.624,-1.657
0.472,-0.845
0.452,-0.235
0.333,1.833
0.201,0.636
-0.186,1.527
-0.284,-0.646
-0.281,1.588
-0.427,0.503
-0.538,1.522
-0.788,0.167
-0.689,-0.209
-0.884,0.443
-0.836,-0.97
-0.944,-2.07
-1.073,0.22
-1.226,0.68
-1.394,-0.617
-1.697,-1.606
-1.711,-1.57
-1.603,1.0
-1.834,-0.864
-1.838,0.555
-1.969,-0.305
-1.826,1.599
-2.018,-0.047
-2.241,-0.926
-2.373,-1.392
-2.523,-0.81
-2.692,-0.98
-2.636,0.941
-2.712,-0.633
-2.748,-0.486
2.898,-2.305
2.079,-2.202
0.845,-2.368
0.925,-2.258
-2.581,-2.222
-2.83,-2.219
-3.016,2.071
2.675,2.241
0.026,1.944
-0.349,1.976
-0.304,1.96
-0.979,1.921
-1.593,1.835
-1.66,1.981
-1.896,2.237
-2.016,2.002
-1.906,1.908
2.287,0.248
2.269,1.545
1.903,-1.645
0.751,-0.408
-1.596,0.991
2.608,-0.556
2.327,-1.14
-1.111,0.267
-1.248,-0.284
-1.176,0.079
-1.252,-0.49
-1.596,-1.822
-1.875,-1.594
-2.091,0.143
-2.008,-0.63
-2.059,0.092
-2.109,0.088
-2.245,1.051
1.12,-0.888
-0.92,-1.746
-2.274,-1.595
-0.053,-0.27
-0.167,-1.298
-0.19,-2.367
-0.183,-1.989
-0.236,-3.369
-0.261,-2.315
-0.214,0.369
-0.251,-2.823
-0.246,0.246
-0.481,-2.002
-0.418,-1.566
-0.481,-2.913
-0.475,-2.349
-0.6,-2.077
-0.672,-1.841
-0.765,-1.314
-0.828,-2.375
-0.872,-3.188
-0.955,-3.302
-0.899,-2.596
-0.942,-0.621
-0.951,-1.021
-1.048,-0.501
-1.172,-3.052
-1.176,-0.453
-1.238,0.054
-1.202,-2.318
-1.215,-0.585
-1.303,-0.218
-1.261,-0.485
-1.373,-0.334
-1.302,-0.056
-1.332,-2.101
-1.326,-0.455
-1.35,-1.608
-1.39,-0.99
-1.416,0.481
-1.478,-0.914
-1.417,-0.991
-1.496,-0.943
-1.534,-2.217
-1.7,-2.35
-1.655,-2.28
-1.785,-0.707
-1.857,-2.742
-2.014,-1.585
-1.96,-2.165
-1.979,-1.851
-2.029,-2.883
-2.367,-3.217
-2.486,0.063
-2.476,-1.645
-2.544,-2.492
-2.595,-1.782
-2.647,-1.82
-2.665,-3.319
-2.781,-1.774
-2.874,0.069
-2.879,-2.749
-2.804,-0.483
2.925,-3.734
2.518,-3.533
2.234,-3.649
1.469,-3.313
0.835,-3.819
0.337,-3.666
-0.173,-3.554
-2.863,0.753
2.738,0.603
2.526,0.528
2.51,0.695
2.353,0.627
2.03,0.688
1.459,0.487
1.239,0.7
-0.597,0.86
-0.721,0.894
-1.097,0.703
-1.626,0.806
-1.901,0.604
-2.141,0.836
-2.269,0.863
1.299,-1.664
-0.305,-2.077
-0.687,-0.357
-1.211,-2.232
1.282,0.621
-0.872,0.704
-2.825,-2.24
-3.028,-3.163
-2.983,-2.055
-2.98,-1.79
3.129,-3.386
-3.069,0.202
3.128,-0.419
2.933,-1.0
2.905,-1.534
2.874,-2.343
2.729,-1.95
2.7,-2.117
2.701,-2.959
2.437,0.107
2.445,-0.728
2.427,-3.37
2.363,-3.277
2.273,-2.896
2.315,-1.936
2.161,-3.216
2.089,-0.957
2.113,-2.972
2.021,-2.393
1.881,-1.192
1.697,-1.904
1.748,-1.602
1.612,-1.795
1.586,-0.978
1.546,-1.392
1.391,-1.252
1.412,-0.597
1.33,0.394
1.207,-3.356
1.142,-2.279
1.022,0.294
1.026,-3.486
1.053,-2.013
0.926,-0.752
0.726,-2.332
0.627,-1.431
0.627,-3.006
0.475,-2.194
0.455,-1.584
0.336,0.484
0.204,-0.713
-0.183,0.178
-0.281,-1.995
-0.278,0.239
-0.424,-0.846
-0.535,0.173
-0.785,-1.182
-0.686,-1.558
-0.881,-0.906
-0.833,-2.319
-0.941,-3.419
-1.07,-1.129
-1.223,-0.669
-1.391,-1.966
-1.694,-2.955
-1.708,-2.919
-1.6,-0.349
-1.831,-2.213
-1.835,-0.794
-1.966,-1.654
-1.823,0.25
-2.015,-1.396
-2.238,-2.275
-2.37,-2.741
-2.52,-2.159
-2.689,-2.329
-2.633,-0.408
-2.709,-1.982
-2.745,-1.835
2.901,-3.654
2.082,-3.551
0.848,-3.717
0.928,-3.607
-2.578,-3.571
-2.827,-3.568
-3.013,0.722
2.678,0.892
0.029,0.595
-0.346,0.627
-0.301,0.611
-0.976,0.572
-1.59,0.486
-1.657,0.632
-1.893,0.888
-2.013,0.653
-1.903,0.559
2.29,-1.101
2.272,0.196
1.906,-2.994
0.754,-1.757
-1.593,-0.358
2.611,-1.905
2.33,-2.489
-1.108,-1.082
-1.245,-1.633
-1.173,-1.27
-1.249,-1.839
-1.593,-3.171
-1.872,-2.943
-2.088,-1.206
-2.005,-1.979
-2.056,-1.257
-2.106,-1.261
-2.242,-0.298
1.123,-2.237
-0.917,-3.095
-2.271,-2.944
-0.114,-1.028
-0.137,-2.097
-0.13,-1.719
-0.183,-3.099
-0.208,-2.045
-0.161,0.639
-0.198,-2.553
-0.193,0.516
-0.428,-1.732
-0.365,-1.296
-0.428,-2.643
-0.422,-2.079
-0.547,-1.807
-0.619,-1.571
-0.712,-1.044
-0.775,-2.105
-0.819,-2.918
-0.902,-3.032
-0.846,-2.326
-0.889,-0.351
-0.898,-0.751
-0.995,-0.231
-1.119,-2.782
-1.123,-0.183
-1.185,0.324
-1.149,-2.048
-1.162,-0.315
-1.25,0.052
-1.208,-0.215
-1.32,-0.064
-1.249,0.214
-1.279,-1.831
-1.273,-0.185
-1.297,-1.338
-1.337,-0.72
-1.363,0.751
-1.425,-0.644
-1.364,-0.721
-1.443,-0.673
-1.481,-1.947
-1.647,-2.08
-1.602,-2.01
-1.732,-0.437
-1.804,-2.472
-1.961,-1.315
-1.907,-1.895
-1.926,-1.581
-1.976,-2.613
-2.314,-2.947
-2.433,0.333
-2.423,-1.375
-2.491,-2.222
-2.542,-1.512
-2.594,-1.55
-2.612,-3.049
-2.728,-1.504
-2.821,0.339
-2.826,-2.479
-2.751,-0.213
2.978,-3.464
2.571,-3.263
2.287,-3.379
1.522,-3.043
0.888,-3.549
0.39,-3.396
-0.12,-3.284
-2.81,1.023
2.791,0.873
2.579,0.798
2.563,0.965
2.406,0.897
2.083,0.958
1.512,0.757
1.292,0.97
-0.544,1.13
-0.668,1.164
-1.044,0.973
-1.573,1.076
-1.848,0.874
-2.088,1.106
-2.216,1.133
1.352,-1.394
-0.252,-1.807
-0.634,-0.087
-1.158,-1.962
1.335,0.891
-0.819,0.974
-2.772,-1.97
-2.975,-2.893
-2.93,-1.785
-2.927,-1.52
-3.101,-3.116
-3.016,0.472
-3.102,-0.149
2.986,-0.73
2.958,-1.264
2.927,-2.073
2.782,-1.68
2.753,-1.847
2.754,-2.689
2.49,0.377
2.498,-0.458
2.48,-3.1
2.416,-3.007
2.326,-2.626
2.368,-1.666
2.214,-2.946
2.142,-0.687
2.166,-2.702
2.074,-2.123
1.934,-0.922
1.75,-1.634
1.801,-1.332
1.665,-1.525
1.639,-0.708
1.599,-1.122
1.444,-0.982
1.465,-0.327
1.383,0.664
1.26,-3.086
1.195,-2.009
1.075,0.564
1.079,-3.216
1.106,-1.743
0.979,-0.482
0.779,-2.062
0.68,-1.161
0.68,-2.736
0.528,-1.924
0.508,-1.314
0.389,0.754
0.257,-0.443
-0.13,0.448
-0.228,-1.725
-0.225,0.509
-0.371,-0.576
-0.482,0.443
-0.732,-0.912
-0.633,-1.288
-0.828,-0.636
-0.78,-2.049
-0.888,-3.149
-1.017,-0.859
-1.17,-0.399
-1.338,-1.696
-1.641,-2.685
-1.655,-2.649
-1.547,-0.079
-1.778,-1.943
-1.782,-0.524
-1.913,-1.384
-1.77,0.52
-1.962,-1.126
-2.185,-2.005
-2.317,-2.471
-2.467,-1.889
-2.636,-2.059
-2.58,-0.138
-2.656,-1.712
-2.692,-1.565
2.954,-3.384
2.135,-3.281
0.901,-3.447
0.981,-3.337
-2.525,-3.301
-2.774,-3.298
-2.96,0.992
2.731,1.162
0.082,0.865
-0.293,0.897
-0.248,0.881
-0.923,0.842
-1.537,0.756
-1.604,0.902
-1.84,1.158
-1.96,0.923
-1.85,0.829
2.343,-0.831
2.325,0.466
1.959,-2.724
0.807,-1.487
-1.54,-0.088
2.664,-1.635
2.383,-2.219
-1.055,-0.812
-1.192,-1.363
-1.12,-1.0
-1.196,-1.569
-1.54,-2.901
-1.819,-2.673
-2.035,-0.936
-1.952,-1.709
-2.003,-0.987
-2.053,-0.991
-2.189,-0.028
1.176,-1.967
-0.864,-2.825
-2.218,-2.674
-0.023,-1.069
-0.016,-0.691
-0.069,-2.071
-0.094,-1.017
-0.047,1.667
-0.084,-1.525
-0.079,1.544
-0.314,-0.704
-0.251,-0.268
-0.314,-1.615
-0.308,-1.051
-0.433,-0.779
-0.505,-0.543
-0.598,-0.016
-0.661,-1.077
-0.705,-1.89
-0.788,-2.004
-0.732,-1.298
-0.775,0.677
-0.784,0.277
-0.881,0.797
-1.005,-1.754
-1.009,0.845
-1.071,1.352
-1.035,-1.02
-1.048,0.713
-1.136,1.08
-1.094,0.813
-1.206,0.964
-1.135,1.242
-1.165,-0.803
-1.159,0.843
-1.183,-0.31
-1.223,0.308
-1.249,1.779
-1.311,0.384
-1.25,0.307
-1.329,0.355
-1.367,-0.919
-1.533,-1.052
-1.488,-0.982
-1.618,0.591
-1.69,-1.444
-1.847,-0.287
-1.793,-0.867
-1.812,-0.553
-1.862,-1.585
-2.2,-1.919
-2.319,1.361
-2.309,-0.347
-2.377,-1.194
-2.428,-0.484
-2.48,-0.522
-2.498,-2.021
-2.614,-0.476
-2.707,1.367
-2.712,-1.451
-2.637,0.815
3.092,-2.436
2.685,-2.235
2.401,-2.351
1.636,-2.015
1.002,-2.521
0.504,-2.368
-0.006,-2.256
-2.696,2.051
2.905,1.901
2.693,1.826
2.677,1.993
2.52,1.925
2.197,1.986
1.626,1.785
1.406,1.998
-0.43,2.158
-0.554,2.192
-0.93,2.001
-1.459,2.104
-1.734,1.902
-1.974,2.134
-2.102,2.161
1.466,-0.366
-0.138,-0.779
-0.52,0.941
-1.044,-0.934
1.449,1.919
-0.705,2.002
-2.658,-0.942
-2.861,-1.865
-2.816,-0.757
-2.813,-0.492
-2.987,-2.088
-2.902,1.5
-2.988,0.879
3.1,0.298
3.072,-0.236
3.041,-1.045
2.896,-0.652
2.867,-0.819
2.868,-1.661
2.604,1.405
2.612,0.57
2.594,-2.072
2.53,-1.979
2.44,-1.598
2.482,-0.638
2.328,-1.918
2.256,0.341
2.28,-1.674
2.188,-1.095
2.048,0.106
1.864,-0.606
1.915,-0.304
1.779,-0.497
1.753,0.32
1.713,-0.094
1.558,0.046
1.579,0.701
1.497,1.692
1.374,-2.058
1.309,-0.981
1.189,1.592
1.193,-2.188
1.22,-0.715
1.093,0.546
0.893,-1.034
0.794,-0.133
0.794,-1.708
0.642,-0.896
0.622,-0.286
0.503,1.782
0.371,0.585
-0.016,1.476
-0.114,-0.697
-0.111,1.537
-0.257,0.452
-0.368,1.471
-0.618,0.116
-0.519,-0.26
-0.714,0.392
-0.666,-1.021
-0.774,-2.121
-0.903,0.169
-1.056,0.629
-1.224,-0.668
-1.527,-1.657
-1.541,-1.621
-1.433,0.949
-1.664,-0.915
-1.668,0.504
-1.799,-0.356
-1.656,1.548
-1.848,-0.098
-2.071,-0.977
-2.203,-1.443
-2.353,-0.861
-2.522,-1.031
-2.466,0.89
-2.542,-0.684
-2.578,-0.537
3.068,-2.356
2.249,-2.253
1.015,-2.419
1.095,-2.309
-2.411,-2.273
-2.66,-2.27
-2.846,2.02
2.845,2.19
0.196,1.893
-0.179,1.925
-0.134,1.909
-0.809,1.87
-1.423,1.784
-1.49,1.93
-1.726,2.186
-1.846,1.951
-1.736,1.857
2.457,0.197
2.439,1.494
2.073,-1.696
0.921,-0.459
-1.426,0.94
2.778,-0.607
2.497,-1.191
-0.941,0.216
-1.078,-0.335
-1.006,0.028
-1.082,-0.541
-1.426,-1.873
-1.705,-1.645
-1.921,0.092
-1.838,-0.681
-1.889,0.041
-1.939,0.037
-2.075,1.0
1.29,-0.939
-0.75,-1.797
-2.104,-1.646
0.007,0.378
-0.046,-1.002
-0.071,0.052
-0.024,2.736
-0.061,-0.456
-0.056,2.613
-0.291,0.365
-0.228,0.801
-0.291,-0.546
-0.285,0.018
-0.41,0.29
-0.482,0.526
-0.575,1.053
-0.638,-0.008
-0.682,-0.821
-0.765,-0.935
-0.709,-0.229
-0.752,1.746
-0.761,1.346
-0.858,1.866
-0.982,-0.685
-0.986,1.914
-1.048,2.421
-1.012,0.049
-1.025,1.782
-1.113,2.149
-1.071,1.882
-1.183,2.033
-1.112,2.311
-1.142,0.266
-1.136,1.912
-1.16,0.759
-1.2,1.377
-1.226,2.848
-1.288,1.453
-1.227,1.376
-1.306,1.424
-1.344,0.15
-1.51,0.017
-1.465,0.087
-1.595,1.66
-1.667,-0.375
-1.824,0.782
-1.77,0.202
-1.789,0.516
-1.839,-0.516
-2.177,-0.85
-2.296,2.43
-2.286,0.722
-2.354,-0.125
-2.405,0.585
-2.457,0.547
-2.475,-0.952
-2.591,0.593
-2.684,2.436
-2.689,-0.382
-2.614,1.884
3.115,-1.367
2.708,-1.166
2.424,-1.282
1.659,-0.946
1.025,-1.452
0.527,-1.299
0.017,-1.187
-2.673,3.12
2.928,2.97
2.716,2.895
2.7,3.062
2.543,2.994
2.22,3.055
1.649,2.854
1.429,3.067
-0.407,3.227
-0.531,3.261
-0.907,3.07
-1.436,3.173
-1.711,2.971
-1.951,3.203
-2.079,3.23
1.489,0.703
-0.115,0.29
-0.497,2.01
-1.021,0.135
1.472,2.988
-0.682,3.071
-2.635,0.127
-2.838,-0.796
-2.793,0.312
-2.79,0.577
-2.964,-1.019
-2.879,2.569
-2.965,1.948
3.123,1.367
3.095,0.833
3.064,0.024
2.919,0.417
2.89,0.25
2.891,-0.592
2.627,2.474
2.635,1.639
2.617,-1.003
2.553,-0.91
2.463,-0.529
2.505,0.431
2.351,-0.849
2.279,1.41
2.303,-0.605
2.211,-0.026
2.071,1.175
1.887,0.463
1.938,0.765
1.802,0.572
1.776,1.389
1.736,0.975
1.581,1.115
1.602,1.77
1.52,2.761
1.397,-0.989
1.332,0.088
1.212,2.661
1.216,-1.119
1.243,0.354
1.116,1.615
0.916,0.035
0.817,0.936
0.817,-0.639
0.665,0.173
0.645,0.783
0.526,2.851
0.394,1.654
0.007,2.545
-0.091,0.372
-0.088,2.606
-0.234,1.521
-0.345,2.54
-0.595,1.185
-0.496,0.809
-0.691,1.461
-0.643,0.048
-0.751,-1.052
-0.88,1.238
-1.033,1.698
-1.201,0.401
-1.504,-0.588
-1.518,-0.552
-1.41,2.018
-1.641,0.154
-1.645,1.573
-1.776,0.713
-1.633,2.617
-1.825,0.971
-2.048,0.092
-2.18,-0.374
-2.33,0.208
-2.499,0.038
-2.443,1.959
-2.519,0.385
-2.555,0.532
3.091,-1.287
2.272,-1.184
1.038,-1.35
1.118,-1.24
-2.388,-1.204
-2.637,-1.201
-2.823,3.089
2.868,3.259
0.219,2.962
-0.156,2.994
-0.111,2.978
-0.786,2.939
-1.4,2.853
-1.467,2.999
-1.703,3.255
-1.823,3.02
-1.713,2.926
2.48,1.266
2.462,2.563
2.096,-0.627
0.944,0.61
-1.403,2.009
2.801,0.462
2.52,-0.122
-0.918,1.285
-1.055,0.734
-0.983,1.097
-1.059,0.528
-1.403,-0.804
-1.682,-0.576
-1.898,1.161
-1.815,0.388
-1.866,1.11
-1.916,1.106
-2.052,2.069
1.313,0.13
-0.727,-0.728
-2.081,-0.577
-0.053,-1.38
-0.078,-0.326
-0.031,2.358
-0.068,-0.834
-0.063,2.235
-0.298,-0.013
-0.235,0.423
-0.298,-0.924
-0.292,-0.36
-0.417,-0.088
-0.489,0.148
-0.582,0.675
-0.645,-0.386
-0.689,-1.199
-0.772,-1.313
-0.716,-0.607
-0.759,1.368
-0.768,0.968
-0.865,1.488
-0.989,-1.063
-0.993,1.536
-1.055,2.043
-1.019,-0.329
-1.032,1.404
-1.12,1.771
-1.078,1.504
-1.19,1.655
-1.119,1.933
-1.149,-0.112
-1.143,1.534
-1.167,0.381
-1.207,0.999
-1.233,2.47
-1.295,1.075
-1.234,0.998
-1.313,1.046
-1.351,-0.228
-1.517,-0.361
-1.472,-0.291
-1.602,1.282
-1.674,-0.753
-1.831,0.404
-1.777,-0.176
-1.796,0.138
-1.846,-0.894
-2.184,-1.228
-2.303,2.052
-2.293,0.344
-2.361,-0.503
-2.412,0.207
-2.464,0.169
-2.482,-1.33
-2.598,0.215
-2.691,2.058
-2.696,-0.76
-2.621,1.506
3.108,-1.745
2.701,-1.544
2.417,-1.66
1.652,-1.324
1.018,-1.83
0.52,-1.677
0.01,-1.565
-2.68,2.742
2.921,2.592
2.709,2.517
2.693,2.684
2.536,2.616
2.213,2.677
1.642,2.476
1.422,2.689
-0.414,2.849
-0.538,2.883
-0.914,2.692
-1.443,2.795
-1.718,2.593
-1.958,2.825
-2.086,2.852
1.482,0.325
-0.122,-0.088
-0.504,1.632
-1.028,-0.243
1.465,2.61
-0.689,2.693
-2.642,-0.251
-2.845,-1.174
-2.8,-0.066
-2.797,0.199
-2.971,-1.397
-2.886,2.191
-2.972,1.57
3.116,0.989
3.088,0.455
3.057,-0.354
2.912,0.039
2.883,-0.128
2.884,-0.97
2.62,2.096
2.628,1.261
2.61,-1.381
2.546,-1.288
2.456,-0.907
2.498,0.053
2.344,-1.227
2.272,1.032
2.296,-0.983
2.204,-0.404
2.064,0.797
1.88,0.085
1.931,0.387
1.795,0.194
1.769,1.011
1.729,0.597
1.574,0.737
1.595,1.392
1.513,2.383
1.39,-1.367
1.325,-0.29
1.205,2.283
1.209,-1.497
1.236,-0.024
1.109,1.237
0.909,-0.343
0.81,0.558
0.81,-1.017
0.658,-0.205
0.638,0.405
0.519,2.473
0.387,1.276
0.0,2.167
-0.098,-0.006
-0.095,2.228
-0.241,1.143
-0.352,2.162
-0.602,0.807
-0.503,0.431
-0.698,1.083
-0.65,-0.33
-0.758,-1.43
-0.887,0.86
-1.04,1.32
-1.208,0.023
-1.511,-0.966
-1.525,-0.93
-1.417,1.64
-1.648,-0.224
-1.652,1.195
-1.783,0.335
-1.64,2.239
-1.832,0.593
-2.055,-0.286
-2.187,-0.752
-2.337,-0.17
-2.506,-0.34
-2.45,1.581
-2.526,0.007
-2.562,0.154
3.084,-1.665
2.265,-1.562
1.031,-1.728
1.111,-1.618
-2.395,-1.582
-2.644,-1.579
-2.83,2.711
2.861,2.881
0.212,2.584
-0.163,2.616
-0.118,2.6
-0.793,2.561
-1.407,2.475
-1.474,2.621
-1.71,2.877
-1.83,2.642
-1.72,2.548
2.473,0.888
2.455,2.185
2.089,-1.005
0.937,0.232
-1.41,1.631
2.794,0.084
2.513,-0.5
-0.925,0.907
-1.062,0.356
-0.99,0.719
-1.066,0.15
-1.41,-1.182
-1.689,-0.954
-1.905,0.783
-1.822,0.01
-1.873,0.732
-1.923,0.728
-2.059,1.691
1.306,-0.248
-0.734,-1.106
-2.088,-0.955
-0.025,1.054
0.022,3.738
-0.015,0.546
-0.01,3.615
-0.245,1.367
-0.182,1.803
-0.245,0.456
-0.239,1.02
-0.364,1.292
-0.436,1.528
-0.529,2.055
-0.592,0.994
-0.636,0.181
-0.719,0.067
-0.663,0.773
-0.706,2.748
-0.715,2.348
-0.812,2.868
-0.936,0.317
-0.94,2.916
-1.002,3.423
-0.966,1.051
-0.979,2.784
-1.067,3.151
-1.025,2.884
-1.137,3.035
-1.066,3.313
-1.096,1.268
-1.09,2.914
-1.114,1.761
-1.154,2.379
-1.18,3.85
-1.242,2.455
-1.181,2.378
-1.26,2.426
-1.298,1.152
-1.464,1.019
-1.419,1.089
-1.549,2.662
-1.621,0.627
-1.778,1.784
-1.724,1.204
-1.743,1.518
-1.793,0.486
-2.131,0.152
-2.25,3.432
-2.24,1.724
-2.308,0.877
-2.359,1.587
-2.411,1.549
-2.429,0.05
-2.545,1.595
-2.638,3.438
-2.643,0.62
-2.568,2.886
-3.122,-0.365
2.754,-0.164
2.47,-0.28
1.705,0.056
1.071,-0.45
0.573,-0.297
0.063,-0.185
-2.627,4.122
2.974,3.972
2.762,3.897
2.746,4.064
2.589,3.996
2.266,4.057
1.695,3.856
1.475,4.069
-0.361,4.229
-0.485,4.263
-0.861,4.072
-1.39,4.175
-1.665,3.973
-1.905,4.205
-2.033,4.232
1.535,1.705
-0.069,1.292
-0.451,3.012
-0.975,1.137
1.518,3.99
-0.636,4.073
-2.589,1.129
-2.792,0.206
-2.747,1.314
-2.744,1.579
-2.918,-0.017
-2.833,3.571
-2.919,2.95
-3.114,2.369
3.141,1.835
3.11,1.026
2.965,1.419
2.936,1.252
2.937,0.41
2.673,3.476
2.681,2.641
2.663,-0.001
2.599,0.092
2.509,0.473
2.551,1.433
2.397,0.153
2.325,2.412
2.349,0.397
2.257,0.976
2.117,2.177
1.933,1.465
1.984,1.767
1.848,1.574
1.822,2.391
1.782,1.977
1.627,2.117
1.648,2.772
1.566,3.763
1.443,0.013
1.378,1.09
1.258,3.663
1.262,-0.117
1.289,1.356
1.162,2.617
0.962,1.037
0.863,1.938
0.863,0.363
0.711,1.175
0.691,1.785
0.572,3.853
0.44,2.656
0.053,3.547
-0.045,1.374
-0.042,3.608
-0.188,2.523
-0.299,3.542
-0.549,2.187
-0.45,1.811
-0.645,2.463
-0.597,1.05
-0.705,-0.05
-0.834,2.24
-0.987,2.7
-1.155,1.403
-1.458,0.414
-1.472,0.45
-1.364,3.02
-1.595,1.156
-1.599,2.575
-1.73,1.715
-1.587,3.619
-1.779,1.973
-2.002,1.094
-2.134,0.628
-2.284,1.21
-2.453,1.04
-2.397,2.961
-2.473,1.387
-2.509,1.534
3.137,-0.285
2.318,-0.182
1.084,-0.348
1.164,-0.238
-2.342,-0.202
-2.591,-0.199
-2.777,4.091
2.914,4.261
0.265,3.964
-0.11,3.996
-0.065,3.98
-0.74,3.941
-1.354,3.855
-1.421,4.001
-1.657,4.257
-1.777,4.022
-1.667,3.928
2.526,2.268
2.508,3.565
2.142,0.375
0.99,1.612
-1.357,3.011
2.847,1.464
2.566,0.88
-0.872,2.287
-1.009,1.736
-0.937,2.099
-1.013,1.53
-1.357,0.198
-1.636,0.426
-1.852,2.163
-1.769,1.39
-1.82,2.112
-1.87,2.108
-2.006,3.071
1.359,1.132
-0.681,0.274
-2.035,0.425
0.047,2.684
0.01,-0.508
0.015,2.561
-0.22,0.313
-0.157,0.749
-0.22,-0.598
-0.214,-0.034
-0.339,0.238
-0.411,0.474
-0.504,1.001
-0.567,-0.06
-0.611,-0.873
-0.694,-0.987
-0.638,-0.281
-0.681,1.694
-0.69,1.294
-0.787,1.814
-0.911,-0.737
-0.915,1.862
-0.977,2.369
-0.941,-0.003
-0.954,1.73
-1.042,2.097
-1.0,1.83
-1.112,1.981
-1.041,2.259
-1.071,0.214
-1.065,1.86
-1.089,0.707
-1.129,1.325
-1.155,2.796
-1.217,1.401
-1.156,1.324
-1.235,1.372
-1.273,0.098
-1.439,-0.035
-1.394,0.035
-1.524,1.608
-1.596,-0.427
-1.753,0.73
-1.699,0.15
-1.718,0.464
-1.768,-0.568
-2.106,-0.902
-2.225,2.378
-2.215,0.67
-2.283,-0.177
-2.334,0.533
-2.386,0.495
-2.404,-1.004
-2.52,0.541
-2.613,2.384
-2.618,-0.434
-2.543,1.832
-3.097,-1.419
2.779,-1.218
2.495,-1.334
1.73,-0.998
1.096,-1.504
0.598,-1.351
0.088,-1.239
-2.602,3.068
2.999,2.918
2.787,2.843
2.771,3.01
2.614,2.942
2.291,3.003
1.72,2.802
1.5,3.015
-0.336,3.175
-0.46,3.209
-0.836,3.018
-1.365,3.121
-1.64,2.919
-1.88,3.151
-2.008,3.178
1.56,0.651
-0.044,0.238
-0.426,1.958
-0.95,0.083
1.543,2.936
-0.611,3.019
-2.564,0.075
-2.767,-0.848
-2.722,0.26
-2.719,0.525
-2.893,-1.071
-2.808,2.517
-2.894,1.896
-3.089,1.315
-3.117,0.781
3.135,-0.028
2.99,0.365
2.961,0.198
2.962,-0.644
2.698,2.422
2.706,1.587
2.688,-1.055
2.624,-0.962
2.534,-0.581
2.576,0.379
2.422,-0.901
2.35,1.358
2.374,-0.657
2.282,-0.078
2.142,1.123
1.958,0.411
2.009,0.713
1.873,0.52
1.847,1.337
1.807,0.923
1.652,1.063
1.673,1.718
1.591,2.709
1.468,-1.041
1.403,0.036
1.283,2.609
1.287,-1.171
1.314,0.302
1.187,1.563
0.987,-0.017
0.888,0.884
0.888,-0.691
0.736,0.121
0.716,0.731
0.597,2.799
0.465,1.602
0.078,2.493
-0.02,0.32
-0.017,2.554
-0.163,1.469
-0.274,2.488
-0.524,1.133
-0.425,0.757
-0.62,1.409
-0.572,-0.004
-0.68,-1.104
-0.809,1.186
-0.962,1.646
-1.13,0.349
-1.433,-0.64
-1.447,-0.604
-1.339,1.966
-1.57,0.102
-1.574,1.521
-1.705,0.661
-1.562,2.565
-1.754,0.919
-1.977,0.04
-2.109,-0.426
-2.259,0.156
-2.428,-0.014
-2.372,1.907
-2.448,0.333
-2.484,0.48
-3.121,-1.339
2.343,-1.236
1.109,-1.402
1.189,-1.292
-2.317,-1.256
-2.566,-1.253
-2.752,3.037
2.939,3.207
0.29,2.91
-0.085,2.942
-0.04,2.926
-0.715,2.887
-1.329,2.801
-1.396,2.947
-1.632,3.203
-1.752,2.968
-1.642,2.874
2.551,1.214
2.533,2.511
2.167,-0.679
1.015,0.558
-1.332,1.957
2.872,0.41
2.591,-0.174
-0.847,1.233
-0.984,0.682
-0.912,1.045
-0.988,0.476
-1.332,-0.856
-1.611,-0.628
-1.827,1.109
-1.744,0.336
-1.795,1.058
-1.845,1.054
-1.981,2.017
1.384,0.078
-0.656,-0.78
-2.01,-0.629
-0.037,-3.192
-0.032,-0.123
-0.267,-2.371
-0.204,-1.935
-0.267,-3.282
-0.261,-2.718
-0.386,-2.446
-0.458,-2.21
-0.551,-1.683
-0.614,-2.744
-0.658,-3.557
-0.741,-3.671
-0.685,-2.965
-0.728,-0.99
-0.737,-1.39
-0.834,-0.87
-0.958,-3.421
-0.962,-0.822
-1.024,-0.315
-0.988,-2.687
-1.001,-0.954
-1.089,-0.587
-1.047,-0.854
-1.159,-0.703
-1.088,-0.425
-1.118,-2.47
-1.112,-0.824
-1.136,-1.977
-1.176,-1.359
-1.202,0.112
-1.264,-1.283
-1.203,-1.36
-1.282,-1.312
-1.32,-2.586
-1.486,-2.719
-1.441,-2.649
-1.571,-1.076
-1.643,-3.111
-1.8,-1.954
-1.746,-2.534
-1.765,-2.22
-1.815,-3.252
-2.153,-3.586
-2.272,-0.306
-2.262,-2.014
-2.33,-2.861
-2.381,-2.151
-2.433,-2.189
-2.451,-3.688
-2.567,-2.143
-2.66,-0.3
-2.665,-3.118
-2.59,-0.852
3.139,-4.103
2.732,-3.902
2.448,-4.018
1.683,-3.682
1.049,-4.188
0.551,-4.035
0.041,-3.923
-2.649,0.384
2.952,0.234
2.74,0.159
2.724,0.326
2.567,0.258
2.244,0.319
1.673,0.118
1.453,0.331
-0.383,0.491
-0.507,0.525
-0.883,0.334
-1.412,0.437
-1.687,0.235
-1.927,0.467
-2.055,0.494
1.513,-2.033
-0.091,-2.446
-0.473,-0.726
-0.997,-2.601
1.496,0.252
-0.658,0.335
-2.611,-2.609
-2.814,-3.532
-2.769,-2.424
-2.766,-2.159
-2.94,-3.755
-2.855,-0.167
-2.941,-0.788
-3.136,-1.369
3.119,-1.903
3.088,-2.712
2.943,-2.319
2.914,-2.486
2.915,-3.328
2.651,-0.262
2.659,-1.097
2.641,-3.739
2.577,-3.646
2.487,-3.265
2.529,-2.305
2.375,-3.585
2.303,-1.326
2.327,-3.341
2.235,-2.762
2.095,-1.561
1.911,-2.273
1.962,-1.971
1.826,-2.164
1.8,-1.347
1.76,-1.761
1.605,-1.621
1.626,-0.966
1.544,0.025
1.421,-3.725
1.356,-2.648
1.236,-0.075
1.24,-3.855
1.267,-2.382
1.14,-1.121
0.94,-2.701
0.841,-1.8
0.841,-3.375
0.689,-2.563
0.669,-1.953
0.55,0.115
0.418,-1.082
0.031,-0.191
-0.067,-2.364
-0.064,-0.13
-0.21,-1.215
-0.321,-0.196
-0.571,-1.551
-0.472,-1.927
-0.667,-1.275
-0.619,-2.688
-0.727,-3.788
-0.856,-1.498
-1.009,-1.038
-1.177,-2.335
-1.48,-3.324
-1.494,-3.288
-1.386,-0.718
-1.617,-2.582
-1.621,-1.163
-1.752,-2.023
-1.609,-0.119
-1.801,-1.765
-2.024,-2.644
-2.156,-3.11
-2.306,-2.528
-2.475,-2.698
-2.419,-0.777
-2.495,-2.351
-2.531,-2.204
3.115,-4.023
2.296,-3.92
1.062,-4.086
1.142,-3.976
-2.364,-3.94
-2.613,-3.937
-2.799,0.353
2.892,0.523
0.243,0.226
-0.132,0.258
-0.087,0.242
-0.762,0.203
-1.376,0.117
-1.443,0.263
-1.679,0.519
-1.799,0.284
-1.689,0.19
2.504,-1.47
2.486,-0.173
2.12,-3.363
0.968,-2.126
-1.379,-0.727
2.825,-2.274
2.544,-2.858
-0.894,-1.451
-1.031,-2.002
-0.959,-1.639
-1.035,-2.208
-1.379,-3.54
-1.658,-3.312
-1.874,-1.575
-1.791,-2.348
-1.842,-1.626
-1.892,-1.63
-2.028,-0.667
1.337,-2.606
-0.703,-3.464
-2.057,-3.313
0.005,3.069
-0.23,0.821
-0.167,1.257
-0.23,-0.09
-0.224,0.474
-0.349,0.746
-0.421,0.982
-0.514,1.509
-0.577,0.448
-0.621,-0.365
-0.704,-0.479
-0.648,0.227
-0.691,2.202
-0.7,1.802
-0.797,2.322
-0.921,-0.229
-0.925,2.37
-0.987,2.877
-0.951,0.505
-0.964,2.238
-1.052,2.605
-1.01,2.338
-1.122,2.489
-1.051,2.767
-1.081,0.722
-1.075,2.368
-1.099,1.215
-1.139,1.833
-1.165,3.304
-1.227,1.909
-1.166,1.832
-1.245,1.88
-1.283,0.606
-1.449,0.473
-1.404,0.543
-1.534,2.116
-1.606,0.081
-1.763,1.238
-1.709,0.658
-1.728,0.972
-1.778,-0.06
-2.116,-0.394
-2.235,2.886
-2.225,1.178
-2.293,0.331
-2.344,1.041
-2.396,1.003
-2.414,-0.496
-2.53,1.049
-2.623,2.892
-2.628,0.074
-2.553,2.34
-3.107,-0.911
2.769,-0.71
2.485,-0.826
1.72,-0.49
1.086,-0.996
0.588,-0.843
0.078,-0.731
-2.612,3.576
2.989,3.426
2.777,3.351
2.761,3.518
2.604,3.45
2.281,3.511
1.71,3.31
1.49,3.523
-0.346,3.683
-0.47,3.717
-0.846,3.526
-1.375,3.629
-1.65,3.427
-1.89,3.659
-2.018,3.686
1.55,1.159
-0.054,0.746
-0.436,2.466
-0.96,0.591
1.533,3.444
-0.621,3.527
-2.574,0.583
-2.777,-0.34
-2.732,0.768
-2.729,1.033
-2.903,-0.563
-2.818,3.025
-2.904,2.404
-3.099,1.823
-3.127,1.289
3.125,0.48
2.98,0.873
2.951,0.706
2.952,-0.136
2.688,2.93
2.696,2.095
2.678,-0.547
2.614,-0.454
2.524,-0.073
2.566,0.887
2.412,-0.393
2.34,1.866
2.364,-0.149
2.272,0.43
2.132,1.631
1.948,0.919
1.999,1.221
1.863,1.028
1.837,1.845
1.797,1.431
1.642,1.571
1.663,2.226
1.581,3.217
1.458,-0.533
1.393,0.544
1.273,3.117
1.277,-0.663
1.304,0.81
1.177,2.071
0.977,0.491
0.878,1.392
0.878,-0.183
0.726,0.629
0.706,1.239
0.587,3.307
0.455,2.11
0.068,3.001
-0.03,0.828
-0.027,3.062
-0.173,1.977
-0.284,2.996
-0.534,1.641
-0.435,1.265
-0.63,1.917
-0.582,0.504
-0.69,-0.596
-0.819,1.694
-0.972,2.154
-1.14,0.857
-1.443,-0.132
-1.457,-0.096
-1.349,2.474
-1.58,0.61
-1.584,2.029
-1.715,1.169
-1.572,3.073
-1.764,1.427
-1.987,0.548
-2.119,0.082
-2.269,0.664
-2.438,0.494
-2.382,2.415
-2.458,0.841
-2.494,0.988
-3.131,-0.831
2.333,-0.728
1.099,-0.894
1.179,-0.784
-2.327,-0.748
-2.576,-0.745
-2.762,3.545
2.929,3.715
0.28,3.418
-0.095,3.45
-0.05,3.434
-0.725,3.395
-1.339,3.309
-1.406,3.455
-1.642,3.711
-1.762,3.476
-1.652,3.382
2.541,1.722
2.523,3.019
2.157,-0.171
1.005,1.066
-1.342,2.465
2.862,0.918
2.581,0.334
-0.857,1.741
-0.994,1.19
-0.922,1.553
-0.998,0.984
-1.342,-0.348
-1.621,-0.12
-1.837,1.617
-1.754,0.844
-1.805,1.566
-1.855,1.562
-1.991,2.525
1.374,0.586
-0.666,-0.272
-2.02,-0.121
-0.235,-2.248
-0.172,-1.812
-0.235,-3.159
-0.229,-2.595
-0.354,-2.323
-0.426,-2.087
-0.519,-1.56
-0.582,-2.621
-0.626,-3.434
-0.709,-3.548
-0.653,-2.842
-0.696,-0.867
-0.705,-1.267
-0.802,-0.747
-0.926,-3.298
-0.93,-0.699
-0.992,-0.192
-0.956,-2.564
-0.969,-0.831
-1.057,-0.464
-1.015,-0.731
-1.127,-0.58
-1.056,-0.302
-1.086,-2.347
-1.08,-0.701
-1.104,-1.854
-1.144,-1.236
-1.17,0.235
-1.232,-1.16
-1.171,-1.237
-1.25,-1.189
-1.288,-2.463
-1.454,-2.596
-1.409,-2.526
-1.539,-0.953
-1.611,-2.988
-1.768,-1.831
-1.714,-2.411
-1.733,-2.097
-1.783,-3.129
-2.121,-3.463
-2.24,-0.183
-2.23,-1.891
-2.298,-2.738
-2.349,-2.028
-2.401,-2.066
-2.419,-3.565
-2.535,-2.02
-2.628,-0.177
-2.633,-2.995
-2.558,-0.729
-3.112,-3.98
2.764,-3.779
2.48,-3.895
1.715,-3.559
1.081,-4.065
0.583,-3.912
0.073,-3.8
-2.617,0.507
2.984,0.357
2.772,0.282
2.756,0.449
2.599,0.381
2.276,0.442
1.705,0.241
1.485,0.454
-0.351,0.614
-0.475,0.648
-0.851,0.457
-1.38,0.56
-1.655,0.358
-1.895,0.59
-2.023,0.617
1.545,-1.91
-0.059,-2.323
-0.441,-0.603
-0.965,-2.478
1.528,0.375
-0.626,0.458
-2.579,-2.486
-2.782,-3.409
-2.737,-2.301
-2.734,-2.036
-2.908,-3.632
-2.823,-0.044
-2.909,-0.665
-3.104,-1.246
-3.132,-1.78
3.12,-2.589
2.975,-2.196
2.946,-2.363
2.947,-3.205
2.683,-0.139
2.691,-0.974
2.673,-3.616
2.609,-3.523
2.519,-3.142
2.561,-2.182
2.407,-3.462
2.335,-1.203
2.359,-3.218
2.267,-2.639
2.127,-1.438
1.943,-2.15
1.994,-1.848
1.858,-2.041
1.832,-1.224
1.792,-1.638
1.637,-1.498
1.658,-0.843
1.576,0.148
1.453,-3.602
1.388,-2.525
1.268,0.048
1.272,-3.732
1.299,-2.259
1.172,-0.998
0.972,-2.578
0.873,-1.677
0.873,-3.252
0.721,-2.44
0.701,-1.83
0.582,0.238
0.45,-0.959
0.063,-0.068
-0.035,-2.241
-0.032,-0.007
-0.178,-1.092
-0.289,-0.073
-0.539,-1.428
-0.44,-1.804
-0.635,-1.152
-0.587,-2.565
-0.695,-3.665
-0.824,-1.375
-0.977,-0.915
-1.145,-2.212
-1.448,-3.201
-1.462,-3.165
-1.354,-0.595
-1.585,-2.459
-1.589,-1.04
-1.72,-1.9
-1.577,0.004
-1.769,-1.642
-1.992,-2.521
-2.124,-2.987
-2.274,-2.405
-2.443,-2.575
-2.387,-0.654
-2.463,-2.228
-2.499,-2.081
-3.136,-3.9
2.328,-3.797
1.094,-3.963
1.174,-3.853
-2.332,-3.817
-2.581,-3.814
-2.767,0.476
2.924,0.646
0.275,0.349
-0.1,0.381
-0.055,0.365
-0.73,0.326
-1.344,0.24
-1.411,0.386
-1.647,0.642
-1.767,0.407
-1.657,0.313
2.536,-1.347
2.518,-0.05
2.152,-3.24
1.0,-2.003
-1.347,-0.604
2.857,-2.151
2.576,-2.735
-0.862,-1.328
-0.999,-1.879
-0.927,-1.516
-1.003,-2.085
-1.347,-3.417
-1.626,-3.189
-1.842,-1.452
-1.759,-2.225
-1.81,-1.503
-1.86,-1.507
-1.996,-0.544
1.369,-2.483
-0.671,-3.341
-2.025,-3.19
0.063,0.436
0.0,-0.911
0.006,-0.347
-0.119,-0.075
-0.191,0.161
-0.284,0.688
-0.347,-0.373
-0.391,-1.186
-0.474,-1.3
-0.418,-0.594
-0.461,1.381
-0.47,0.981
-0.567,1.501
-0.691,-1.05
-0.695,1.549
-0.757,2.056
-0.721,-0.316
-0.734,1.417
-0.822,1.784
-0.78,1.517
-0.892,1.668
-0.821,1.946
-0.851,-0.099
-0.845,1.547
-0.869,0.394
-0.909,1.012
-0.935,2.483
-0.997,1.088
-0.936,1.011
-1.015,1.059
-1.053,-0.215
-1.219,-0.348
-1.174,-0.278
-1.304,1.295
-1.376,-0.74
-1.533,0.417
-1.479,-0.163
-1.498,0.151
-1.548,-0.881
-1.886,-1.215
-2.005,2.065
-1.995,0.357
-2.063,-0.49
-2.114,0.22
-2.166,0.182
-2.184,-1.317
-2.3,0.228
-2.393,2.071
-2.398,-0.747
-2.323,1.519
-2.877,-1.732
2.999,-1.531
2.715,-1.647
1.95,-1.311
1.316,-1.817
0.818,-1.664
0.308,-1.552
-2.382,2.755
-3.064,2.605
3.007,2.53
2.991,2.697
2.834,2.629
2.511,2.69
1.94,2.489
1.72,2.702
-0.116,2.862
-0.24,2.896
-0.616,2.705
-1.145,2.808
-1.42,2.606
-1.66,2.838
-1.788,2.865
1.78,0.338
0.176,-0.075
-0.206,1.645
-0.73,-0.23
1.763,2.623
-0.391,2.706
-2.344,-0.238
-2.547,-1.161
-2.502,-0.053
-2.499,0.212
-2.673,-1.384
-2.588,2.204
-2.674,1.583
-2.869,1.002
-2.897,0.468
-2.928,-0.341
-3.073,0.052
-3.102,-0.115
-3.101,-0.957
2.918,2.109
2.926,1.274
2.908,-1.368
2.844,-1.275
2.754,-0.894
2.796,0.066
2.642,-1.214
2.57,1.045
2.594,-0.97
2.502,-0.391
2.362,0.81
2.178,0.098
2.229,0.4
2.093,0.207
2.067,1.024
2.027,0.61
1.872,0.75
1.893,1.405
1.811,2.396
1.688,-1.354
1.623,-0.277
1.503,2.296
1.507,-1.484
1.534,-0.011
1.407,1.25
1.207,-0.33
1.108,0.571
1.108,-1.004
0.956,-0.192
0.936,0.418
0.817,2.486
0.685,1.289
0.298,2.18
0.2,0.007
0.203,2.241
0.057,1.156
-0.054,2.175
-0.304,0.82
-0.205,0.444
-0.4,1.096
-0.352,-0.317
-0.46,-1.417
-0.589,0.873
-0.742,1.333
-0.91,0.036
-1.213,-0.953
-1.227,-0.917
-1.119,1.653
-1.35,-0.211
-1.354,1.208
-1.485,0.348
-1.342,2.252
-1.534,0.606
-1.757,-0.273
-1.889,-0.739
-2.039,-0.157
-2.208,-0.327
-2.152,1.594
-2.228,0.02
-2.264,0.167
-2.901,-1.652
2.563,-1.549
1.329,-1.715
1.409,-1.605
-2.097,-1.569
-2.346,-1.566
-2.532,2.724
-3.124,2.894
0.51,2.597
0.135,2.629
0.18,2.613
-0.495,2.574
-1.109,2.488
-1.176,2.634
-1.412,2.89
-1.532,2.655
-1.422,2.561
2.771,0.901
2.753,2.198
2.387,-0.992
1.235,0.245
-1.112,1.644
3.092,0.097
2.811,-0.487
-0.627,0.92
-0.764,0.369
-0.692,0.732
-0.768,0.163
-1.112,-1.169
-1.391,-0.941
-1.607,0.796
-1.524,0.023
-1.575,0.745
-1.625,0.741
-1.761,1.704
1.604,-0.235
-0.436,-1.093
-1.79,-0.942
-0.063,-1.347
-0.057,-0.783
-0.182,-0.511
-0.254,-0.275
-0.347,0.252
-0.41,-0.809
-0.454,-1.622
-0.537,-1.736
-0.481,-1.03
-0.524,0.945
-0.533,0.545
-0.63,1.065
-0.754,-1.486
-0.758,1.113
-0.82,1.62
-0.784,-0.752
-0.797,0.981
-0.885,1.348
-0.843,1.081
-0.955,1.232
-0.884,1.51
-0.914,-0.535
-0.908,1.111
-0.932,-0.042
-0.972,0.576
-0.998,2.047
-1.06,0.652
-0.999,0.575
-1.078,0.623
-1.116,-0.651
-1.282,-0.784
-1.237,-0.714
-1.367,0.859
-1.439,-1.176
-1.596,-0.019
-1.542,-0.599
-1.561,-0.285
-1.611,-1.317
-1.949,-1.651
-2.068,1.629
-2.058,-0.079
-2.126,-0.926
-2.177,-0.216
-2.229,-0.254
-2.247,-1.753
-2.363,-0.208
-2.456,1.635
-2.461,-1.183
-2.386,1.083
-2.94,-2.168
2.936,-1.967
2.652,-2.083
1.887,-1.747
1.253,-2.253
0.755,-2.1
0.245,-1.988
-2.445,2.319
-3.127,2.169
2.944,2.094
2.928,2.261
2.771,2.193
2.448,2.254
1.877,2.053
1.657,2.266
-0.179,2.426
-0.303,2.46
-0.679,2.269
-1.208,2.372
-1.483,2.17
-1.723,2.402
-1.851,2.429
1.717,-0.098
0.113,-0.511
-0.269,1.209
-0.793,-0.666
1.7,2.187
-0.454,2.27
-2.407,-0.674
-2.61,-1.597
-2.565,-0.489
-2.562,-0.224
-2.736,-1.82
-2.651,1.768
-2.737,1.147
-2.932,0.566
-2.96,0.032
-2.991,-0.777
-3.136,-0.384
3.118,-0.551
3.119,-1.393
2.855,1.673
2.863,0.838
2.845,-1.804
2.781,-1.711
2.691,-1.33
2.733,-0.37
2.579,-1.65
2.507,0.609
2.531,-1.406
2.439,-0.827
2.299,0.374
2.115,-0.338
2.166,-0.036
2.03,-0.229
2.004,0.588
1.964,0.174
1.809,0.314
1.83,0.969
1.748,1.96
1.625,-1.79
1.56,-0.713
1.44,1.86
1.444,-1.92
1.471,-0.447
1.344,0.814
1.144,-0.766
1.045,0.135
1.045,-1.44
0.893,-0.628
0.873,-0.018
0.754,2.05
0.622,0.853
0.235,1.744
0.137,-0.429
0.14,1.805
-0.006,0.72
-0.117,1.739
-0.367,0.384
-0.268,0.008
-0.463,0.66
-0.415,-0.753
-0.523,-1.853
-0.652,0.437
-0.805,0.897
-0.973,-0.4
-1.276,-1.389
-1.29,-1.353
-1.182,1.217
-1.413,-0.647
-1.417,0.772
-1.548,-0.088
-1.405,1.816
-1.597,0.17
-1.82,-0.709
-1.952,-1.175
-2.102,-0.593
-2.271,-0.763
-2.215,1.158
-2.291,-0.416
-2.327,-0.269
-2.964,-2.088
2.5,-1.985
1.266,-2.151
1.346,-2.041
-2.16,-2.005
-2.409,-2.002
-2.595,2.288
3.096,2.458
0.447,2.161
0.072,2.193
0.117,2.177
-0.558,2.138
-1.172,2.052
-1.239,2.198
-1.475,2.454
-1.595,2.219
-1.485,2.125
2.708,0.465
2.69,1.762
2.324,-1.428
1.172,-0.191
-1.175,1.208
3.029,-0.339
2.748,-0.923
-0.69,0.484
-0.827,-0.067
-0.755,0.296
-0.831,-0.273
-1.175,-1.605
-1.454,-1.377
-1.67,0.36
-1.587,-0.413
-1.638,0.309
-1.688,0.305
-1.824,1.268
1.541,-0.671
-0.499,-1.529
-1.853,-1.378
0.006,0.564
-0.119,0.836
-0.191,1.072
-0.284,1.599
-0.347,0.538
-0.391,-0.275
-0.474,-0.389
-0.418,0.317
-0.461,2.292
-0.47,1.892
-0.567,2.412
-0.691,-0.139
-0.695,2.46
-0.757,2.967
-0.721,0.595
-0.734,2.328
-0.822,2.695
-0.78,2.428
-0.892,2.579
-0.821,2.857
-0.851,0.812
-0.845,2.458
-0.869,1.305
-0.909,1.923
-0.935,3.394
-0.997,1.999
-0.936,1.922
-1.015,1.97
-1.053,0.696
-1.219,0.563
-1.174,0.633
-1.304,2.206
-1.376,0.171
-1.533,1.328
-1.479,0.748
-1.498,1.062
-1.548,0.03
-1.886,-0.304
-2.005,2.976
-1.995,1.268
-2.063,0.421
-2.114,1.131
-2.166,1.093
-2.184,-0.406
-2.3,1.139
-2.393,2.982
-2.398,0.164
-2.323,2.43
-2.877,-0.821
2.999,-0.62
2.715,-0.736
1.95,-0.4
1.316,-0.906
0.818,-0.753
0.308,-0.641
-2.382,3.666
-3.064,3.516
3.007,3.441
2.991,3.608
2.834,3.54
2.511,3.601
1.94,3.4
1.72,3.613
-0.116,3.773
-0.24,3.807
-0.616,3.616
-1.145,3.719
-1.42,3.517
-1.66,3.749
-1.788,3.776
1.78,1.249
0.176,0.836
-0.206,2.556
-0.73,0.681
1.763,3.534
-0.391,3.617
-2.344,0.673
-2.547,-0.25
-2.502,0.858
-2.499,1.123
-2.673,-0.473
-2.588,3.115
-2.674,2.494
-2.869,1.913
-2.897,1.379
-2.928,0.57
-3.073,0.963
-3.102,0.796
-3.101,-0.046
2.918,3.02
2.926,2.185
2.908,-0.457
2.844,-0.364
2.754,0.017
2.796,0.977
2.642,-0.303
2.57,1.956
2.594,-0.059
2.502,0.52
2.362,1.721
2.178,1.009
2.229,1.311
2.093,1.118
2.067,1.935
2.027,1.521
1.872,1.661
1.893,2.316
1.811,3.307
1.688,-0.443
1.623,0.634
1.503,3.207
1.507,-0.573
1.534,0.9
1.407,2.161
1.207,0.581
1.108,1.482
1.108,-0.093
0.956,0.719
0.936,1.329
0.817,3.397
0.685,2.2
0.298,3.091
0.2,0.918
0.203,3.152
0.057,2.067
-0.054,3.086
-0.304,1.731
-0.205,1.355
-0.4,2.007
-0.352,0.594
-0.46,-0.506
-0.589,1.784
-0.742,2.244
-0.91,0.947
-1.213,-0.042
-1.227,-0.006
-1.119,2.564
-1.35,0.7
-1.354,2.119
-1.485,1.259
-1.342,3.163
-1.534,1.517
-1.757,0.638
-1.889,0.172
-2.039,0.754
-2.208,0.584
-2.152,2.505
-2.228,0.931
-2.264,1.078
-2.901,-0.741
2.563,-0.638
1.329,-0.804
1.409,-0.694
-2.097,-0.658
-2.346,-0.655
-2.532,3.635
-3.124,3.805
0.51,3.508
0.135,3.54
0.18,3.524
-0.495,3.485
-1.109,3.399
-1.176,3.545
-1.412,3.801
-1.532,3.566
-1.422,3.472
2.771,1.812
2.753,3.109
2.387,-0.081
1.235,1.156
-1.112,2.555
3.092,1.008
2.811,0.424
-0.627,1.831
-0.764,1.28
-0.692,1.643
-0.768,1.074
-1.112,-0.258
-1.391,-0.03
-1.607,1.707
-1.524,0.934
-1.575,1.656
-1.625,1.652
-1.761,2.615
1.604,0.676
-0.436,-0.182
-1.79,-0.031
-0.125,0.272
-0.197,0.508
-0.29,1.035
-0.353,-0.026
-0.397,-0.839
-0.48,-0.953
-0.424,-0.247
-0.467,1.728
-0.476,1.328
-0.573,1.848
-0.697,-0.703
-0.701,1.896
-0.763,2.403
-0.727,0.031
-0.74,1.764
-0.828,2.131
-0.786,1.864
-0.898,2.015
-0.827,2.293
-0.857,0.248
-0.851,1.894
-0.875,0.741
-0.915,1.359
-0.941,2.83
-1.003,1.435
-0.942,1.358
-1.021,1.406
-1.059,0.132
-1.225,-0.001
-1.18,0.069
-1.31,1.642
-1.382,-0.393
-1.539,0.764
-1.485,0.184
-1.504,0.498
-1.554,-0.534
-1.892,-0.868
-2.011,2.412
-2.001,0.704
-2.069,-0.143
-2.12,0.567
-2.172,0.529
-2.19,-0.97
-2.306,0.575
-2.399,2.418
-2.404,-0.4
-2.329,1.866
-2.883,-1.385
2.993,-1.184
2.709,-1.3
1.944,-0.964
1.31,-1.47
0.812,-1.317
0.302,-1.205
-2.388,3.102
-3.07,2.952
3.001,2.877
2.985,3.044
2.828,2.976
2.505,3.037
1.934,2.836
1.714,3.049
-0.122,3.209
-0.246,3.243
-0.622,3.052
-1.151,3.155
-1.426,2.953
-1.666,3.185
-1.794,3.212
1.774,0.685
0.17,0.272
-0.212,1.992
-0.736,0.117
1.757,2.97
-0.397,3.053
-2.35,0.109
-2.553,-0.814
-2.508,0.294
-2.505,0.559
-2.679,-1.037
-2.594,2.551
-2.68,1.93
-2.875,1.349
-2.903,0.815
-2.934,0.006
-3.079,0.399
-3.108,0.232
-3.107,-0.61
2.912,2.456
2.92,1.621
2.902,-1.021
2.838,-0.928
2.748,-0.547
2.79,0.413
2.636,-0.867
2.564,1.392
2.588,-0.623
2.496,-0.044
2.356,1.157
2.172,0.445
2.223,0.747
2.087,0.554
2.061,1.371
2.021,0.957
1.866,1.097
1.887,1.752
1.805,2.743
1.682,-1.007
1.617,0.07
1.497,2.643
1.501,-1.137
1.528,0.336
1.401,1.597
1.201,0.017
1.102,0.918
1.102,-0.657
0.95,0.155
0.93,0.765
0.811,2.833
0.679,1.636
0.292,2.527
0.194,0.354
0.197,2.588
0.051,1.503
-0.06,2.522
-0.31,1.167
-0.211,0.791
-0.406,1.443
-0.358,0.03
-0.466,-1.07
-0.595,1.22
-0.748,1.68
-0.916,0.383
-1.219,-0.606
-1.233,-0.57
-1.125,2.0
-1.356,0.136
-1.36,1.555
-1.491,0.695
-1.348,2.599
-1.54,0.953
-1.763,0.074
-1.895,-0.392
-2.045,0.19
-2.214,0.02
-2.158,1.941
-2.234,0.367
-2.27,0.514
-2.907,-1.305
2.557,-1.202
1.323,-1.368
1.403,-1.258
-2.103,-1.222
-2.352,-1.219
-2.538,3.071
-3.13,3.241
0.504,2.944
0.129,2.976
0.174,2.96
-0.501,2.921
-1.115,2.835
-1.182,2.981
-1.418,3.237
-1.538,3.002
-1.428,2.908
2.765,1.248
2.747,2.545
2.381,-0.645
1.229,0.592
-1.118,1.991
3.086,0.444
2.805,-0.14
-0.633,1.267
-0.77,0.716
-0.698,1.079
-0.774,0.51
-1.118,-0.822
-1.397,-0.594
-1.613,1.143
-1.53,0.37
-1.581,1.092
-1.631,1.088
-1.767,2.051
1.598,0.112
-0.442,-0.746
-1.796,-0.595
-0.072,0.236
-0.165,0.763
-0.228,-0.298
-0.272,-1.111
-0.355,-1.225
-0.299,-0.519
-0.342,1.456
-0.351,1.056
-0.448,1.576
-0.572,-0.975
-0.576,1.624
-0.638,2.131
-0.602,-0.241
-0.615,1.492
-0.703,1.859
-0.661,1.592
-0.773,1.743
-0.702,2.021
-0.732,-0.024
-0.726,1.622
-0.75,0.469
-0.79,1.087
-0.816,2.558
-0.878,1.163
-0.817,1.086
-0.896,1.134
-0.934,-0.14
-1.1,-0.273
-1.055,-0.203
-1.185,1.37
-1.257,-0.665
-1.414,0.492
-1.36,-0.088
-1.379,0.226
-1.429,-0.806
-1.767,-1.14
-1.886,2.14
-1.876,0.432
-1.944,-0.415
-1.995,0.295
-2.047,0.257
-2.065,-1.242
-2.181,0.303
-2.274,2.146
-2.279,-0.672
-2.204,1.594
-2.758,-1.657
3.118,-1.456
2.834,-1.572
2.069,-1.236
1.435,-1.742
0.937,-1.589
0.427,-1.477
-2.263,2.83
-2.945,2.68
3.126,2.605
3.11,2.772
2.953,2.704
2.63,2.765
2.059,2.564
1.839,2.777
0.003,2.937
-0.121,2.971
-0.497,2.78
-1.026,2.883
-1.301,2.681
-1.541,2.913
-1.669,2.94
1.899,0.413
0.295,0.0
-0.087,1.72
-0.611,-0.155
1.882,2.698
-0.272,2.781
-2.225,-0.163
-2.428,-1.086
-2.383,0.022
-2.38,0.287
-2.554,-1.309
-2.469,2.279
-2.555,1.658
-2.75,1.077
-2.778,0.543
-2.809,-0.266
-2.954,0.127
-2.983,-0.04
-2.982,-0.882
3.037,2.184
3.045,1.349
3.027,-1.293
2.963,-1.2
2.873,-0.819
2.915,0.141
2.761,-1.139
2.689,1.12
2.713,-0.895
2.621,-0.316
2.481,0.885
2.297,0.173
2.348,0.475
2.212,0.282
2.186,1.099
2.146,0.685
1.991,0.825
2.012,1.48
1.93,2.471
1.807,-1.279
1.742,-0.202
1.622,2.371
1.626,-1.409
1.653,0.064
1.526,1.325
1.326,-0.255
1.227,0.646
1.227,-0.929
1.075,-0.117
1.055,0.493
0.936,2.561
0.804,1.364
0.417,2.255
0.319,0.082
0.322,2.316
0.176,1.231
0.065,2.25
-0.185,0.895
-0.086,0.519
-0.281,1.171
-0.233,-0.242
-0.341,-1.342
-0.47,0.948
-0.623,1.408
-0.791,0.111
-1.094,-0.878
-1.108,-0.842
-1.0,1.728
-1.231,-0.136
-1.235,1.283
-1.366,0.423
-1.223,2.327
-1.415,0.681
-1.638,-0.198
-1.77,-0.664
-1.92,-0.082
-2.089,-0.252
-2.033,1.669
-2.109,0.095
-2.145,0.242
-2.782,-1.577
2.682,-1.474
1.448,-1.64
1.528,-1.53
-1.978,-1.494
-2.227,-1.491
-2.413,2.799
-3.005,2.969
0.629,2.672
0.254,2.704
0.299,2.688
-0.376,2.649
-0.99,2.563
-1.057,2.709
-1.293,2.965
-1.413,2.73
-1.303,2.636
2.89,0.976
2.872,2.273
2.506,-0.917
1.354,0.32
-0.993,1.719
-3.072,0.172
2.93,-0.412
-0.508,0.995
-0.645,0.444
-0.573,0.807
-0.649,0.238
-0.993,-1.094
-1.272,-0.866
-1.488,0.871
-1.405,0.098
-1.456,0.82
-1.506,0.816
-1.642,1.779
1.723,-0.16
-0.317,-1.018
-1.671,-0.867
-0.093,0.527
-0.156,-0.534
-0.2,-1.347
-0.283,-1.461
-0.227,-0.755
-0.27,1.22
-0.279,0.82
-0.376,1.34
-0.5,-1.211
-0.504,1.388
-0.566,1.895
-0.53,-0.477
-0.543,1.256
-0.631,1.623
-0.589,1.356
-0.701,1.507
-0.63,1.785
-0.66,-0.26
-0.654,1.386
-0.678,0.233
-0.718,0.851
-0.744,2.322
-0.806,0.927
-0.745,0.85
-0.824,0.898
-0.862,-0.376
-1.028,-0.509
-0.983,-0.439
-1.113,1.134
-1.185,-0.901
-1.342,0.256
-1.288,-0.324
-1.307,-0.01
-1.357,-1.042
-1.695,-1.376
-1.814,1.904
-1.804,0.196
-1.872,-0.651
-1.923,0.059
-1.975,0.021
-1.993,-1.478
-2.109,0.067
-2.202,1.91
-2.207,-0.908
-2.132,1.358
-2.686,-1.893
-3.093,-1.692
2.906,-1.808
2.141,-1.472
1.507,-1.978
1.009,-1.825
0.499,-1.713
-2.191,2.594
-2.873,2.444
-3.085,2.369
-3.101,2.536
3.025,2.468
2.702,2.529
2.131,2.328
1.911,2.541
0.075,2.701
-0.049,2.735
-0.425,2.544
-0.954,2.647
-1.229,2.445
-1.469,2.677
-1.597,2.704
1.971,0.177
0.367,-0.236
-0.015,1.484
-0.539,-0.391
1.954,2.462
-0.2,2.545
-2.153,-0.399
-2.356,-1.322
-2.311,-0.214
-2.308,0.051
-2.482,-1.545
-2.397,2.043
-2.483,1.422
-2.678,0.841
-2.706,0.307
-2.737,-0.502
-2.882,-0.109
-2.911,-0.276
-2.91,-1.118
3.109,1.948
3.117,1.113
3.099,-1.529
3.035,-1.436
2.945,-1.055
2.987,-0.095
2.833,-1.375
2.761,0.884
2.785,-1.131
2.693,-0.552
2.553,0.649
2.369,-0.063
2.42,0.239
2.284,0.046
2.258,0.863
2.218,0.449
2.063,0.589
2.084,1.244
2.002,2.235
1.879,-1.515
1.814,-0.438
1.694,2.135
1.698,-1.645
1.725,-0.172
1.598,1.089
1.398,-0.491
1.299,0.41
1.299,-1.165
1.147,-0.353
1.127,0.257
1.008,2.325
0.876,1.128
0.489,2.019
0.391,-0.154
0.394,2.08
0.248,0.995
0.137,2.014
-0.113,0.659
-0.014,0.283
-0.209,0.935
-0.161,-0.478
-0.269,-1.578
-0.398,0.712
-0.551,1.172
-0.719,-0.125
-1.022,-1.114
-1.036,-1.078
-0.928,1.492
-1.159,-0.372
-1.163,1.047
-1.294,0.187
-1.151,2.091
-1.343,0.445
-1.566,-0.434
-1.698,-0.9
-1.848,-0.318
-2.017,-0.488
-1.961,1.433
-2.037,-0.141
-2.073,0.006
-2.71,-1.813
2.754,-1.71
1.52,-1.876
1.6,-1.766
-1.906,-1.73
-2.155,-1.727
-2.341,2.563
-2.933,2.733
0.701,2.436
0.326,2.468
0.371,2.452
-0.304,2.413
-0.918,2.327
-0.985,2.473
-1.221,2.729
-1.341,2.494
-1.231,2.4
2.962,0.74
2.944,2.037
2.578,-1.153
1.426,0.084
-0.921,1.483
-3.0,-0.064
3.002,-0.648
-0.436,0.759
-0.573,0.208
-0.501,0.571
-0.577,0.002
-0.921,-1.33
-1.2,-1.102
-1.416,0.635
-1.333,-0.138
-1.384,0.584
-1.434,0.58
-1.57,1.543
1.795,-0.396
-0.245,-1.254
-1.599,-1.103
-0.063,-1.061
-0.107,-1.874
-0.19,-1.988
-0.134,-1.282
-0.177,0.693
-0.186,0.293
-0.283,0.813
-0.407,-1.738
-0.411,0.861
-0.473,1.368
-0.437,-1.004
-0.45,0.729
-0.538,1.096
-0.496,0.829
-0.608,0.98
-0.537,1.258
-0.567,-0.787
-0.561,0.859
-0.585,-0.294
-0.625,0.324
-0.651,1.795
-0.713,0.4
-0.652,0.323
-0.731,0.371
-0.769,-0.903
-0.935,-1.036
-0.89,-0.966
-1.02,0.607
-1.092,-1.428
-1.249,-0.271
-1.195,-0.851
-1.214,-0.537
-1.264,-1.569
-1.602,-1.903
-1.721,1.377
-1.711,-0.331
-1.779,-1.178
-1.83,-0.468
-1.882,-0.506
-1.9,-2.005
-2.016,-0.46
-2.109,1.383
-2.114,-1.435
-2.039,0.831
-2.593,-2.42
-3.0,-2.219
2.999,-2.335
2.234,-1.999
1.6,-2.505
1.102,-2.352
0.592,-2.24
-2.098,2.067
-2.78,1.917
-2.992,1.842
-3.008,2.009
3.118,1.941
2.795,2.002
2.224,1.801
2.004,2.014
0.168,2.174
0.044,2.208
-0.332,2.017
-0.861,2.12
-1.136,1.918
-1.376,2.15
-1.504,2.177
2.064,-0.35
0.46,-0.763
0.078,0.957
-0.446,-0.918
2.047,1.935
-0.107,2.018
-2.06,-0.926
-2.263,-1.849
-2.218,-0.741
-2.215,-0.476
-2.389,-2.072
-2.304,1.516
-2.39,0.895
-2.585,0.314
-2.613,-0.22
-2.644,-1.029
-2.789,-0.636
-2.818,-0.803
-2.817,-1.645
-3.081,1.421
-3.073,0.586
-3.091,-2.056
3.128,-1.963
3.038,-1.582
3.08,-0.622
2.926,-1.902
2.854,0.357
2.878,-1.658
2.786,-1.079
2.646,0.122
2.462,-0.59
2.513,-0.288
2.377,-0.481
2.351,0.336
2.311,-0.078
2.156,0.062
2.177,0.717
2.095,1.708
1.972,-2.042
1.907,-0.965
1.787,1.608
1.791,-2.172
1.818,-0.699
1.691,0.562
1.491,-1.018
1.392,-0.117
1.392,-1.692
1.24,-0.88
1.22,-0.27
1.101,1.798
0.969,0.601
0.582,1.492
0.484,-0.681
0.487,1.553
0.341,0.468
0.23,1.487
-0.02,0.132
0.079,-0.244
-0.116,0.408
-0.068,-1.005
-0.176,-2.105
-0.305,0.185
-0.458,0.645
-0.626,-0.652
-0.929,-1.641
-0.943,-1.605
-0.835,0.965
-1.066,-0.899
-1.07,0.52
-1.201,-0.34
-1.058,1.564
-1.25,-0.082
-1.473,-0.961
-1.605,-1.427
-1.755,-0.845
-1.924,-1.015
-1.868,0.906
-1.944,-0.668
-1.98,-0.521
-2.617,-2.34
2.847,-2.237
1.613,-2.403
1.693,-2.293
-1.813,-2.257
-2.062,-2.254
-2.248,2.036
-2.84,2.206
0.794,1.909
0.419,1.941
0.464,1.925
-0.211,1.886
-0.825,1.8
-0.892,1.946
-1.128,2.202
-1.248,1.967
-1.138,1.873
3.055,0.213
3.037,1.51
2.671,-1.68
1.519,-0.443
-0.828,0.956
-2.907,-0.591
3.095,-1.175
-0.343,0.232
-0.48,-0.319
-0.408,0.044
-0.484,-0.525
-0.828,-1.857
-1.107,-1.629
-1.323,0.108
-1.24,-0.665
-1.291,0.057
-1.341,0.053
-1.477,1.016
1.888,-0.923
-0.152,-1.781
-1.506,-1.63
-0.044,-0.813
-0.127,-0.927
-0.071,-0.221
-0.114,1.754
-0.123,1.354
-0.22,1.874
-0.344,-0.677
-0.348,1.922
-0.41,2.429
-0.374,0.057
-0.387,1.79
-0.475,2.157
-0.433,1.89
-0.545,2.041
-0.474,2.319
-0.504,0.274
-0.498,1.92
-0.522,0.767
-0.562,1.385
-0.588,2.856
-0.65,1.461
-0.589,1.384
-0.668,1.432
-0.706,0.158
-0.872,0.025
-0.827,0.095
-0.957,1.668
-1.029,-0.367
-1.186,0.79
-1.132,0.21
-1.151,0.524
-1.201,-0.508
-1.539,-0.842
-1.658,2.438
-1.648,0.73
-1.716,-0.117
-1.767,0.593
-1.819,0.555
-1.837,-0.944
-1.953,0.601
-2.046,2.444
-2.051,-0.374
-1.976,1.892
-2.53,-1.359
-2.937,-1.158
3.062,-1.274
2.297,-0.938
1.663,-1.444
1.165,-1.291
0.655,-1.179
-2.035,3.128
-2.717,2.978
-2.929,2.903
-2.945,3.07
-3.102,3.002
2.858,3.063
2.287,2.862
2.067,3.075
0.231,3.235
0.107,3.269
-0.269,3.078
-0.798,3.181
-1.073,2.979
-1.313,3.211
-1.441,3.238
2.127,0.711
0.523,0.298
0.141,2.018
-0.383,0.143
2.11,2.996
-0.044,3.079
-1.997,0.135
-2.2,-0.788
-2.155,0.32
-2.152,0.585
-2.326,-1.011
-2.241,2.577
-2.327,1.956
-2.522,1.375
-2.55,0.841
-2.581,0.032
-2.726,0.425
-2.755,0.258
-2.754,-0.584
-3.018,2.482
-3.01,1.647
-3.028,-0.995
-3.092,-0.902
3.101,-0.521
-3.14,0.439
2.989,-0.841
2.917,1.418
2.941,-0.597
2.849,-0.018
2.709,1.183
2.525,0.471
2.576,0.773
2.44,0.58
2.414,1.397
2.374,0.983
2.219,1.123
2.24,1.778
2.158,2.769
2.035,-0.981
1.97,0.096
1.85,2.669
1.854,-1.111
1.881,0.362
1.754,1.623
1.554,0.043
1.455,0.944
1.455,-0.631
1.303,0.181
1.283,0.791
1.164,2.859
1.032,1.662
0.645,2.553
0.547,0.38
0.55,2.614
0.404,1.529
0.293,2.548
0.043,1.193
0.142,0.817
-0.053,1.469
-0.005,0.056
-0.113,-1.044
-0.242,1.246
-0.395,1.706
-0.563,0.409
-0.866,-0.58
-0.88,-0.544
-0.772,2.026
-1.003,0.162
-1.007,1.581
-1.138,0.721
-0.995,2.625
-1.187,0.979
-1.41,0.1
-1.542,-0.366
-1.692,0.216
-1.861,0.046
-1.805,1.967
-1.881,0.393
-1.917,0.54
-2.554,-1.279
2.91,-1.176
1.676,-1.342
1.756,-1.232
-1.75,-1.196
-1.999,-1.193
-2.185,3.097
-2.777,3.267
0.857,2.97
0.482,3.002
0.527,2.986
-0.148,2.947
-0.762,2.861
-0.829,3.007
-1.065,3.263
-1.185,3.028
-1.075,2.934
3.118,1.274
3.1,2.571
2.734,-0.619
1.582,0.618
-0.765,2.017
-2.844,0.47
-3.125,-0.114
-0.28,1.293
-0.417,0.742
-0.345,1.105
-0.421,0.536
-0.765,-0.796
-1.044,-0.568
-1.26,1.169
-1.177,0.396
-1.228,1.118
-1.278,1.114
-1.414,2.077
1.951,0.138
-0.089,-0.72
-1.443,-0.569
-0.083,-0.114
-0.027,0.592
-0.07,2.567
-0.079,2.167
-0.176,2.687
-0.3,0.136
-0.304,2.735
-0.366,3.242
-0.33,0.87
-0.343,2.603
-0.431,2.97
-0.389,2.703
-0.501,2.854
-0.43,3.132
-0.46,1.087
-0.454,2.733
-0.478,1.58
-0.518,2.198
-0.544,3.669
-0.606,2.274
-0.545,2.197
-0.624,2.245
-0.662,0.971
-0.828,0.838
-0.783,0.908
-0.913,2.481
-0.985,0.446
-1.142,1.603
-1.088,1.023
-1.107,1.337
-1.157,0.305
-1.495,-0.029
-1.614,3.251
-1.604,1.543
-1.672,0.696
-1.723,1.406
-1.775,1.368
-1.793,-0.131
-1.909,1.414
-2.002,3.257
-2.007,0.439
-1.932,2.705
-2.486,-0.546
-2.893,-0.345
3.106,-0.461
2.341,-0.125
1.707,-0.631
1.209,-0.478
0.699,-0.366
-1.991,3.941
-2.673,3.791
-2.885,3.716
-2.901,3.883
-3.058,3.815
2.902,3.876
2.331,3.675
2.111,3.888
0.275,4.048
0.151,4.082
-0.225,3.891
-0.754,3.994
-1.029,3.792
-1.269,4.024
-1.397,4.051
2.171,1.524
0.567,1.111
0.185,2.831
-0.339,0.956
2.154,3.809
0.0,3.892
-1.953,0.948
-2.156,0.025
-2.111,1.133
-2.108,1.398
-2.282,-0.198
-2.197,3.39
-2.283,2.769
-2.478,2.188
-2.506,1.654
-2.537,0.845
-2.682,1.238
-2.711,1.071
-2.71,0.229
-2.974,3.295
-2.966,2.46
-2.984,-0.182
-3.048,-0.089
-3.138,0.292
-3.096,1.252
3.033,-0.028
2.961,2.231
2.985,0.216
2.893,0.795
2.753,1.996
2.569,1.284
2.62,1.586
2.484,1.393
2.458,2.21
2.418,1.796
2.263,1.936
2.284,2.591
2.202,3.582
2.079,-0.168
2.014,0.909
1.894,3.482
1.898,-0.298
1.925,1.175
1.798,2.436
1.598,0.856
1.499,1.757
1.499,0.182
1.347,0.994
1.327,1.604
1.208,3.672
1.076,2.475
0.689,3.366
0.591,1.193
0.594,3.427
0.448,2.342
0.337,3.361
0.087,2.006
0.186,1.63
-0.009,2.282
0.039,0.869
-0.069,-0.231
-0.198,2.059
-0.351,2.519
-0.519,1.222
-0.822,0.233
-0.836,0.269
-0.728,2.839
-0.959,0.975
-0.963,2.394
-1.094,1.534
-0.951,3.438
-1.143,1.792
-1.366,0.913
-1.498,0.447
-1.648,1.029
-1.817,0.859
-1.761,2.78
-1.837,1.206
-1.873,1.353
-2.51,-0.466
2.954,-0.363
1.72,-0.529
1.8,-0.419
-1.706,-0.383
-1.955,-0.38
-2.141,3.91
-2.733,4.08
0.901,3.783
0.526,3.815
0.571,3.799
-0.104,3.76
-0.718,3.674
-0.785,3.82
-1.021,4.076
-1.141,3.841
-1.031,3.747
-3.121,2.087
-3.139,3.384
2.778,0.194
1.626,1.431
-0.721,2.83
-2.8,1.283
-3.081,0.699
-0.236,2.106
-0.373,1.555
-0.301,1.918
-0.377,1.349
-0.721,0.017
-1.0,0.245
-1.216,1.982
-1.133,1.209
-1.184,1.931
-1.234,1.927
-1.37,2.89
1.995,0.951
-0.045,0.093
-1.399,0.244
0.056,0.706
0.013,2.681
0.004,2.281
-0.093,2.801
-0.217,0.25
-0.221,2.849
-0.283,3.356
-0.247,0.984
-0.26,2.717
-0.348,3.084
-0.306,2.817
-0.418,2.968
-0.347,3.246
-0.377,1.201
-0.371,2.847
-0.395,1.694
-0.435,2.312
-0.461,3.783
-0.523,2.388
-0.462,2.311
-0.541,2.359
-0.579,1.085
-0.745,0.952
-0.7,1.022
-0.83,2.595
-0.902,0.56
-1.059,1.717
-1.005,1.137
-1.024,1.451
-1.074,0.419
-1.412,0.085
-1.531,3.365
-1.521,1.657
-1.589,0.81
-1.64,1.52
-1.692,1.482
-1.71,-0.017
-1.826,1.528
-1.919,3.371
-1.924,0.553
-1.849,2.819
-2.403,-0.432
-2.81,-0.231
-3.094,-0.347
2.424,-0.011
1.79,-0.517
1.292,-0.364
0.782,-0.252
-1.908,4.055
-2.59,3.905
-2.802,3.83
-2.818,3.997
-2.975,3.929
2.985,3.99
2.414,3.789
2.194,4.002
0.358,4.162
0.234,4.196
-0.142,4.005
-0.671,4.108
-0.946,3.906
-1.186,4.138
-1.314,4.165
2.254,1.638
0.65,1.225
0.268,2.945
-0.256,1.07
2.237,3.923
0.083,4.006
-1.87,1.062
-2.073,0.139
-2.028,1.247
-2.025,1.512
-2.199,-0.084
-2.114,3.504
-2.2,2.883
-2.395,2.302
-2.423,1.768
-2.454,0.959
-2.599,1.352
-2.628,1.185
-2.627,0.343
-2.891,3.409
-2.883,2.574
-2.901,-0.068
-2.965,0.025
-3.055,0.406
-3.013,1.366
3.116,0.086
3.044,2.345
3.068,0.33
2.976,0.909
2.836,2.11
2.652,1.398
2.703,1.7
2.567,1.507
2.541,2.324
2.501,1.91
2.346,2.05
2.367,2.705
2.285,3.696
2.162,-0.054
2.097,1.023
1.977,3.596
1.981,-0.184
2.008,1.289
1.881,2.55
1.681,0.97
1.582,1.871
1.582,0.296
1.43,1.108
1.41,1.718
1.291,3.786
1.159,2.589
0.772,3.48
0.674,1.307
0.677,3.541
0.531,2.456
0.42,3.475
0.17,2.12
0.269,1.744
0.074,2.396
0.122,0.983
0.014,-0.117
-0.115,2.173
-0.268,2.633
-0.436,1.336
-0.739,0.347
-0.753,0.383
-0.645,2.953
-0.876,1.089
-0.88,2.508
-1.011,1.648
-0.868,3.552
-1.06,1.906
-1.283,1.027
-1.415,0.561
-1.565,1.143
-1.734,0.973
-1.678,2.894
-1.754,1.32
-1.79,1.467
-2.427,-0.352
3.037,-0.249
1.803,-0.415
1.883,-0.305
-1.623,-0.269
-1.872,-0.266
-2.058,4.024
-2.65,4.194
0.984,3.897
0.609,3.929
0.654,3.913
-0.021,3.874
-0.635,3.788
-0.702,3.934
-0.938,4.19
-1.058,3.955
-0.948,3.861
-3.038,2.201
-3.056,3.498
2.861,0.308
1.709,1.545
-0.638,2.944
-2.717,1.397
-2.998,0.813
-0.153,2.22
-0.29,1.669
-0.218,2.032
-0.294,1.463
-0.638,0.131
-0.917,0.359
-1.133,2.096
-1.05,1.323
-1.101,2.045
-1.151,2.041
-1.287,3.004
2.078,1.065
0.038,0.207
-1.316,0.358
-0.043,1.975
-0.052,1.575
-0.149,2.095
-0.273,-0.456
-0.277,2.143
-0.339,2.65
-0.303,0.278
-0.316,2.011
-0.404,2.378
-0.362,2.111
-0.474,2.262
-0.403,2.54
-0.433,0.495
-0.427,2.141
-0.451,0.988
-0.491,1.606
-0.517,3.077
-0.579,1.682
-0.518,1.605
-0.597,1.653
-0.635,0.379
-0.801,0.246
-0.756,0.316
-0.886,1.889
-0.958,-0.146
-1.115,1.011
-1.061,0.431
-1.08,0.745
-1.13,-0.287
-1.468,-0.621
-1.587,2.659
-1.577,0.951
-1.645,0.104
-1.696,0.814
-1.748,0.776
-1.766,-0.723
-1.882,0.822
-1.975,2.665
-1.98,-0.153
-1.905,2.113
-2.459,-1.138
-2.866,-0.937
3.133,-1.053
2.368,-0.717
1.734,-1.223
1.236,-1.07
0.726,-0.958
-1.964,3.349
-2.646,3.199
-2.858,3.124
-2.874,3.291
-3.031,3.223
2.929,3.284
2.358,3.083
2.138,3.296
0.302,3.456
0.178,3.49
-0.198,3.299
-0.727,3.402
-1.002,3.2
-1.242,3.432
-1.37,3.459
2.198,0.932
0.594,0.519
0.212,2.239
-0.312,0.364
2.181,3.217
0.027,3.3
-1.926,0.356
-2.129,-0.567
-2.084,0.541
-2.081,0.806
-2.255,-0.79
-2.17,2.798
-2.256,2.177
-2.451,1.596
-2.479,1.062
-2.51,0.253
-2.655,0.646
-2.684,0.479
-2.683,-0.363
-2.947,2.703
-2.939,1.868
-2.957,-0.774
-3.021,-0.681
-3.111,-0.3
-3.069,0.66
3.06,-0.62
2.988,1.639
3.012,-0.376
2.92,0.203
2.78,1.404
2.596,0.692
2.647,0.994
2.511,0.801
2.485,1.618
2.445,1.204
2.29,1.344
2.311,1.999
2.229,2.99
2.106,-0.76
2.041,0.317
1.921,2.89
1.925,-0.89
1.952,0.583
1.825,1.844
1.625,0.264
1.526,1.165
1.526,-0.41
1.374,0.402
1.354,1.012
1.235,3.08
1.103,1.883
0.716,2.774
0.618,0.601
0.621,2.835
0.475,1.75
0.364,2.769
0.114,1.414
0.213,1.038
0.018,1.69
0.066,0.277
-0.042,-0.823
-0.171,1.467
-0.324,1.927
-0.492,0.63
-0.795,-0.359
-0.809,-0.323
-0.701,2.247
-0.932,0.383
-0.936,1.802
-1.067,0.942
-0.924,2.846
-1.116,1.2
-1.339,0.321
-1.471,-0.145
-1.621,0.437
-1.79,0.267
-1.734,2.188
-1.81,0.614
-1.846,0.761
-2.483,-1.058
2.981,-0.955
1.747,-1.121
1.827,-1.011
-1.679,-0.975
-1.928,-0.972
-2.114,3.318
-2.706,3.488
0.928,3.191
0.553,3.223
0.598,3.207
-0.077,3.168
-0.691,3.082
-0.758,3.228
-0.994,3.484
-1.114,3.249
-1.004,3.155
-3.094,1.495
-3.112,2.792
2.805,-0.398
1.653,0.839
-0.694,2.238
-2.773,0.691
-3.054,0.107
-0.209,1.514
-0.346,0.963
-0.274,1.326
-0.35,0.757
-0.694,-0.575
-0.973,-0.347
-1.189,1.39
-1.106,0.617
-1.157,1.339
-1.207,1.335
-1.343,2.298
2.022,0.359
-0.018,-0.499
-1.372,-0.348
-0.009,-0.4
-0.106,0.12
-0.23,-2.431
-0.234,0.168
-0.296,0.675
-0.26,-1.697
-0.273,0.036
-0.361,0.403
-0.319,0.136
-0.431,0.287
-0.36,0.565
-0.39,-1.48
-0.384,0.166
-0.408,-0.987
-0.448,-0.369
-0.474,1.102
-0.536,-0.293
-0.475,-0.37
-0.554,-0.322
-0.592,-1.596
-0.758,-1.729
-0.713,-1.659
-0.843,-0.086
-0.915,-2.121
-1.072,-0.964
-1.018,-1.544
-1.037,-1.23
-1.087,-2.262
-1.425,-2.596
-1.544,0.684
-1.534,-1.024
-1.602,-1.871
-1.653,-1.161
-1.705,-1.199
-1.723,-2.698
-1.839,-1.153
-1.932,0.69
-1.937,-2.128
-1.862,0.138
-2.416,-3.113
-2.823,-2.912
-3.107,-3.028
2.411,-2.692
1.777,-3.198
1.279,-3.045
0.769,-2.933
-1.921,1.374
-2.603,1.224
-2.815,1.149
-2.831,1.316
-2.988,1.248
2.972,1.309
2.401,1.108
2.181,1.321
0.345,1.481
0.221,1.515
-0.155,1.324
-0.684,1.427
-0.959,1.225
-1.199,1.457
-1.327,1.484
2.241,-1.043
0.637,-1.456
0.255,0.264
-0.269,-1.611
2.224,1.242
0.07,1.325
-1.883,-1.619
-2.086,-2.542
-2.041,-1.434
-2.038,-1.169
-2.212,-2.765
-2.127,0.823
-2.213,0.202
-2.408,-0.379
-2.436,-0.913
-2.467,-1.722
-2.612,-1.329
-2.641,-1.496
-2.64,-2.338
-2.904,0.728
-2.896,-0.107
-2.914,-2.749
-2.978,-2.656
-3.068,-2.275
-3.026,-1.315
3.103,-2.595
3.031,-0.336
3.055,-2.351
2.963,-1.772
2.823,-0.571
2.639,-1.283
2.69,-0.981
2.554,-1.174
2.528,-0.357
2.488,-0.771
2.333,-0.631
2.354,0.024
2.272,1.015
2.149,-2.735
2.084,-1.658
1.964,0.915
1.968,-2.865
1.995,-1.392
1.868,-0.131
1.668,-1.711
1.569,-0.81
1.569,-2.385
1.417,-1.573
1.397,-0.963
1.278,1.105
1.146,-0.092
0.759,0.799
0.661,-1.374
0.664,0.86
0.518,-0.225
0.407,0.794
0.157,-0.561
0.256,-0.937
0.061,-0.285
0.109,-1.698
0.001,-2.798
-0.128,-0.508
-0.281,-0.048
-0.449,-1.345
-0.752,-2.334
-0.766,-2.298
-0.658,0.272
-0.889,-1.592
-0.893,-0.173
-1.024,-1.033
-0.881,0.871
-1.073,-0.775
-1.296,-1.654
-1.428,-2.12
-1.578,-1.538
-1.747,-1.708
-1.691,0.213
-1.767,-1.361
-1.803,-1.214
-2.44,-3.033
3.024,-2.93
1.79,-3.096
1.87,-2.986
-1.636,-2.95
-1.885,-2.947
-2.071,1.343
-2.663,1.513
0.971,1.216
0.596,1.248
0.641,1.232
-0.034,1.193
-0.648,1.107
-0.715,1.253
-0.951,1.509
-1.071,1.274
-0.961,1.18
-3.051,-0.48
-3.069,0.817
2.848,-2.373
1.696,-1.136
-0.651,0.263
-2.73,-1.284
-3.011,-1.868
-0.166,-0.461
-0.303,-1.012
-0.231,-0.649
-0.307,-1.218
-0.651,-2.55
-0.93,-2.322
-1.146,-0.585
-1.063,-1.358
-1.114,-0.636
-1.164,-0.64
-1.3,0.323
2.065,-1.616
0.025,-2.474
-1.329,-2.323
-0.097,0.52
-0.221,-2.031
-0.225,0.568
-0.287,1.075
-0.251,-1.297
-0.264,0.436
-0.352,0.803
-0.31,0.536
-0.422,0.687
-0.351,0.965
-0.381,-1.08
-0.375,0.566
-0.399,-0.587
-0.439,0.031
-0.465,1.502
-0.527,0.107
-0.466,0.03
-0.545,0.078
-0.583,-1.196
-0.749,-1.329
-0.704,-1.259
-0.834,0.314
-0.906,-1.721
-1.063,-0.564
-1.009,-1.144
-1.028,-0.83
-1.078,-1.862
-1.416,-2.196
-1.535,1.084
-1.525,-0.624
-1.593,-1.471
-1.644,-0.761
-1.696,-0.799
-1.714,-2.298
-1.83,-0.753
-1.923,1.09
-1.928,-1.728
-1.853,0.538
-2.407,-2.713
-2.814,-2.512
-3.098,-2.628
2.42,-2.292
1.786,-2.798
1.288,-2.645
0.778,-2.533
-1.912,1.774
-2.594,1.624
-2.806,1.549
-2.822,1.716
-2.979,1.648
2.981,1.709
2.41,1.508
2.19,1.721
0.354,1.881
0.23,1.915
-0.146,1.724
-0.675,1.827
-0.95,1.625
-1.19,1.857
-1.318,1.884
2.25,-0.643
0.646,-1.056
0.264,0.664
-0.26,-1.211
2.233,1.642
0.079,1.725
-1.874,-1.219
-2.077,-2.142
-2.032,-1.034
-2.029,-0.769
-2.203,-2.365
-2.118,1.223
-2.204,0.602
-2.399,0.021
-2.427,-0.513
-2.458,-1.322
-2.603,-0.929
-2.632,-1.096
-2.631,-1.938
-2.895,1.128
-2.887,0.293
-2.905,-2.349
-2.969,-2.256
-3.059,-1.875
-3.017,-0.915
3.112,-2.195
3.04,0.064
3.064,-1.951
2.972,-1.372
2.832,-0.171
2.648,-0.883
2.699,-0.581
2.563,-0.774
2.537,0.043
2.497,-0.371
2.342,-0.231
2.363,0.424
2.281,1.415
2.158,-2.335
2.093,-1.258
1.973,1.315
1.977,-2.465
2.004,-0.992
1.877,0.269
1.677,-1.311
1.578,-0.41
1.578,-1.985
1.426,-1.173
1.406,-0.563
1.287,1.505
1.155,0.308
0.768,1.199
0.67,-0.974
0.673,1.26
0.527,0.175
0.416,1.194
0.166,-0.161
0.265,-0.537
0.07,0.115
0.118,-1.298
0.01,-2.398
-0.119,-0.108
-0.272,0.352
-0.44,-0.945
-0.743,-1.934
-0.757,-1.898
-0.649,0.672
-0.88,-1.192
-0.884,0.227
-1.015,-0.633
-0.872,1.271
-1.064,-0.375
-1.287,-1.254
-1.419,-1.72
-1.569,-1.138
-1.738,-1.308
-1.682,0.613
-1.758,-0.961
-1.794,-0.814
-2.431,-2.633
3.033,-2.53
1.799,-2.696
1.879,-2.586
-1.627,-2.55
-1.876,-2.547
-2.062,1.743
-2.654,1.913
0.98,1.616
0.605,1.648
0.65,1.632
-0.025,1.593
-0.639,1.507
-0.706,1.653
-0.942,1.909
-1.062,1.674
-0.952,1.58
-3.042,-0.08
-3.06,1.217
2.857,-1.973
1.705,-0.736
-0.642,0.663
-2.721,-0.884
-3.002,-1.468
-0.157,-0.061
-0.294,-0.612
-0.222,-0.249
-0.298,-0.818
-0.642,-2.15
-0.921,-1.922
-1.137,-0.185
-1.054,-0.958
-1.105,-0.236
-1.155,-0.24
-1.291,0.723
2.074,-1.216
0.034,-2.074
-1.32,-1.923
-0.124,-2.551
-0.128,0.048
-0.19,0.555
-0.154,-1.817
-0.167,-0.084
-0.255,0.283
-0.213,0.016
-0.325,0.167
-0.254,0.445
-0.284,-1.6
-0.278,0.046
-0.302,-1.107
-0.342,-0.489
-0.368,0.982
-0.43,-0.413
-0.369,-0.49
-0.448,-0.442
-0.486,-1.716
-0.652,-1.849
-0.607,-1.779
-0.737,-0.206
-0.809,-2.241
-0.966,-1.084
-0.912,-1.664
-0.931,-1.35
-0.981,-2.382
-1.319,-2.716
-1.438,0.564
-1.428,-1.144
-1.496,-1.991
-1.547,-1.281
-1.599,-1.319
-1.617,-2.818
-1.733,-1.273
-1.826,0.57
-1.831,-2.248
-1.756,0.018
-2.31,-3.233
-2.717,-3.032
-3.001,-3.148
2.517,-2.812
1.883,-3.318
1.385,-3.165
0.875,-3.053
-1.815,1.254
-2.497,1.104
-2.709,1.029
-2.725,1.196
-2.882,1.128
3.078,1.189
2.507,0.988
2.287,1.201
0.451,1.361
0.327,1.395
-0.049,1.204
-0.578,1.307
-0.853,1.105
-1.093,1.337
-1.221,1.364
2.347,-1.163
0.743,-1.576
0.361,0.144
-0.163,-1.731
2.33,1.122
0.176,1.205
-1.777,-1.739
-1.98,-2.662
-1.935,-1.554
-1.932,-1.289
-2.106,-2.885
-2.021,0.703
-2.107,0.082
-2.302,-0.499
-2.33,-1.033
-2.361,-1.842
-2.506,-1.449
-2.535,-1.616
-2.534,-2.458
-2.798,0.608
-2.79,-0.227
-2.808,-2.869
-2.872,-2.776
-2.962,-2.395
-2.92,-1.435
-3.074,-2.715
3.137,-0.456
-3.122,-2.471
3.069,-1.892
2.929,-0.691
2.745,-1.403
2.796,-1.101
2.66,-1.294
2.634,-0.477
2.594,-0.891
2.439,-0.751
2.46,-0.096
2.378,0.895
2.255,-2.855
2.19,-1.778
2.07,0.795
2.074,-2.985
2.101,-1.512
1.974,-0.251
1.774,-1.831
1.675,-0.93
1.675,-2.505
1.523,-1.693
1.503,-1.083
1.384,0.985
1.252,-0.212
0.865,0.679
0.767,-1.494
0.77,0.74
0.624,-0.345
0.513,0.674
0.263,-0.681
0.362,-1.057
0.167,-0.405
0.215,-1.818
0.107,-2.918
-0.022,-0.628
-0.175,-0.168
-0.343,-1.465
-0.646,-2.454
-0.66,-2.418
-0.552,0.152
-0.783,-1.712
-0.787,-0.293
-0.918,-1.153
-0.775,0.751
-0.967,-0.895
-1.19,-1.774
-1.322,-2.24
-1.472,-1.658
-1.641,-1.828
-1.585,0.093
-1.661,-1.481
-1.697,-1.334
-2.334,-3.153
3.13,-3.05
1.896,-3.216
1.976,-3.106
-1.53,-3.07
-1.779,-3.067
-1.965,1.223
-2.557,1.393
1.077,1.096
0.702,1.128
0.747,1.112
0.072,1.073
-0.542,0.987
-0.609,1.133
-0.845,1.389
-0.965,1.154
-0.855,1.06
-2.945,-0.6
-2.963,0.697
2.954,-2.493
1.802,-1.256
-0.545,0.143
-2.624,-1.404
-2.905,-1.988
-0.06,-0.581
-0.197,-1.132
-0.125,-0.769
-0.201,-1.338
-0.545,-2.67
-0.824,-2.442
-1.04,-0.705
-0.957,-1.478
-1.008,-0.756
-1.058,-0.76
-1.194,0.203
2.171,-1.736
0.131,-2.594
-1.223,-2.443
-0.004,2.599
-0.066,3.106
-0.03,0.734
-0.043,2.467
-0.131,2.834
-0.089,2.567
-0.201,2.718
-0.13,2.996
-0.16,0.951
-0.154,2.597
-0.178,1.444
-0.218,2.062
-0.244,3.533
-0.306,2.138
-0.245,2.061
-0.324,2.109
-0.362,0.835
-0.528,0.702
-0.483,0.772
-0.613,2.345
-0.685,0.31
-0.842,1.467
-0.788,0.887
-0.807,1.201
-0.857,0.169
-1.195,-0.165
-1.314,3.115
-1.304,1.407
-1.372,0.56
-1.423,1.27
-1.475,1.232
-1.493,-0.267
-1.609,1.278
-1.702,3.121
-1.707,0.303
-1.632,2.569
-2.186,-0.682
-2.593,-0.481
-2.877,-0.597
2.641,-0.261
2.007,-0.767
1.509,-0.614
0.999,-0.502
-1.691,3.805
-2.373,3.655
-2.585,3.58
-2.601,3.747
-2.758,3.679
-3.081,3.74
2.631,3.539
2.411,3.752
0.575,3.912
0.451,3.946
0.075,3.755
-0.454,3.858
-0.729,3.656
-0.969,3.888
-1.097,3.915
2.471,1.388
0.867,0.975
0.485,2.695
-0.039,0.82
2.454,3.673
0.3,3.756
-1.653,0.812
-1.856,-0.111
-1.811,0.997
-1.808,1.262
-1.982,-0.334
-1.897,3.254
-1.983,2.633
-2.178,2.052
-2.206,1.518
-2.237,0.709
-2.382,1.102
-2.411,0.935
-2.41,0.093
-2.674,3.159
-2.666,2.324
-2.684,-0.318
-2.748,-0.225
-2.838,0.156
-2.796,1.116
-2.95,-0.164
-3.022,2.095
-2.998,0.08
-3.09,0.659
3.053,1.86
2.869,1.148
2.92,1.45
2.784,1.257
2.758,2.074
2.718,1.66
2.563,1.8
2.584,2.455
2.502,3.446
2.379,-0.304
2.314,0.773
2.194,3.346
2.198,-0.434
2.225,1.039
2.098,2.3
1.898,0.72
1.799,1.621
1.799,0.046
1.647,0.858
1.627,1.468
1.508,3.536
1.376,2.339
0.989,3.23
0.891,1.057
0.894,3.291
0.748,2.206
0.637,3.225
0.387,1.87
0.486,1.494
0.291,2.146
0.339,0.733
0.231,-0.367
0.102,1.923
-0.051,2.383
-0.219,1.086
-0.522,0.097
-0.536,0.133
-0.428,2.703
-0.659,0.839
-0.663,2.258
-0.794,1.398
-0.651,3.302
-0.843,1.656
-1.066,0.777
-1.198,0.311
-1.348,0.893
-1.517,0.723
-1.461,2.644
-1.537,1.07
-1.573,1.217
-2.21,-0.602
-3.029,-0.499
2.02,-0.665
2.1,-0.555
-1.406,-0.519
-1.655,-0.516
-1.841,3.774
-2.433,3.944
1.201,3.647
0.826,3.679
0.871,3.663
0.196,3.624
-0.418,3.538
-0.485,3.684
-0.721,3.94
-0.841,3.705
-0.731,3.611
-2.821,1.951
-2.839,3.248
3.078,0.058
1.926,1.295
-0.421,2.694
-2.5,1.147
-2.781,0.563
0.064,1.97
-0.073,1.419
-0.001,1.782
-0.077,1.213
-0.421,-0.119
-0.7,0.109
-0.916,1.846
-0.833,1.073
-0.884,1.795
-0.934,1.791
-1.07,2.754
2.295,0.815
0.255,-0.043
-1.099,0.108
-0.062,0.507
-0.026,-1.865
-0.039,-0.132
-0.127,0.235
-0.085,-0.032
-0.197,0.119
-0.126,0.397
-0.156,-1.648
-0.15,-0.002
-0.174,-1.155
-0.214,-0.537
-0.24,0.934
-0.302,-0.461
-0.241,-0.538
-0.32,-0.49
-0.358,-1.764
-0.524,-1.897
-0.479,-1.827
-0.609,-0.254
-0.681,-2.289
-0.838,-1.132
-0.784,-1.712
-0.803,-1.398
-0.853,-2.43
-1.191,-2.764
-1.31,0.516
-1.3,-1.192
-1.368,-2.039
-1.419,-1.329
-1.471,-1.367
-1.489,-2.866
-1.605,-1.321
-1.698,0.522
-1.703,-2.296
-1.628,-0.03
-2.182,-3.281
-2.589,-3.08
-2.873,-3.196
2.645,-2.86
2.011,-3.366
1.513,-3.213
1.003,-3.101
-1.687,1.206
-2.369,1.056
-2.581,0.981
-2.597,1.148
-2.754,1.08
-3.077,1.141
2.635,0.94
2.415,1.153
0.579,1.313
0.455,1.347
0.079,1.156
-0.45,1.259
-0.725,1.057
-0.965,1.289
-1.093,1.316
2.475,-1.211
0.871,-1.624
0.489,0.096
-0.035,-1.779
2.458,1.074
0.304,1.157
-1.649,-1.787
-1.852,-2.71
-1.807,-1.602
-1.804,-1.337
-1.978,-2.933
-1.893,0.655
-1.979,0.034
-2.174,-0.547
-2.202,-1.081
-2.233,-1.89
-2.378,-1.497
-2.407,-1.664
-2.406,-2.506
-2.67,0.56
-2.662,-0.275
-2.68,-2.917
-2.744,-2.824
-2.834,-2.443
-2.792,-1.483
-2.946,-2.763
-3.018,-0.504
-2.994,-2.519
-3.086,-1.94
3.057,-0.739
2.873,-1.451
2.924,-1.149
2.788,-1.342
2.762,-0.525
2.722,-0.939
2.567,-0.799
2.588,-0.144
2.506,0.847
2.383,-2.903
2.318,-1.826
2.198,0.747
2.202,-3.033
2.229,-1.56
2.102,-0.299
1.902,-1.879
1.803,-0.978
1.803,-2.553
1.651,-1.741
1.631,-1.131
1.512,0.937
1.38,-0.26
0.993,0.631
0.895,-1.542
0.898,0.692
0.752,-0.393
0.641,0.626
0.391,-0.729
0.49,-1.105
0.295,-0.453
0.343,-1.866
0.235,-2.966
0.106,-0.676
-0.047,-0.216
-0.215,-1.513
-0.518,-2.502
-0.532,-2.466
-0.424,0.104
-0.655,-1.76
-0.659,-0.341
-0.79,-1.201
-0.647,0.703
-0.839,-0.943
-1.062,-1.822
-1.194,-2.288
-1.344,-1.706
-1.513,-1.876
-1.457,0.045
-1.533,-1.529
-1.569,-1.382
-2.206,-3.201
-3.025,-3.098
2.024,-3.264
2.104,-3.154
-1.402,-3.118
-1.651,-3.115
-1.837,1.175
-2.429,1.345
1.205,1.048
0.83,1.08
0.875,1.064
0.2,1.025
-0.414,0.939
-0.481,1.085
-0.717,1.341
-0.837,1.106
-0.727,1.012
-2.817,-0.648
-2.835,0.649
3.082,-2.541
1.93,-1.304
-0.417,0.095
-2.496,-1.452
-2.777,-2.036
0.068,-0.629
-0.069,-1.18
0.003,-0.817
-0.073,-1.386
-0.417,-2.718
-0.696,-2.49
-0.912,-0.753
-0.829,-1.526
-0.88,-0.804
-0.93,-0.808
-1.066,0.155
2.299,-1.784
0.259,-2.642
-1.095,-2.491
0.036,-2.372
0.023,-0.639
-0.065,-0.272
-0.023,-0.539
-0.135,-0.388
-0.064,-0.11
-0.094,-2.155
-0.088,-0.509
-0.112,-1.662
-0.152,-1.044
-0.178,0.427
-0.24,-0.968
-0.179,-1.045
-0.258,-0.997
-0.296,-2.271
-0.462,-2.404
-0.417,-2.334
-0.547,-0.761
-0.619,-2.796
-0.776,-1.639
-0.722,-2.219
-0.741,-1.905
-0.791,-2.937
-1.129,-3.271
-1.248,0.009
-1.238,-1.699
-1.306,-2.546
-1.357,-1.836
-1.409,-1.874
-1.427,-3.373
-1.543,-1.828
-1.636,0.015
-1.641,-2.803
-1.566,-0.537
-2.12,-3.788
-2.527,-3.587
-2.811,-3.703
2.707,-3.367
2.073,-3.873
1.575,-3.72
1.065,-3.608
-1.625,0.699
-2.307,0.549
-2.519,0.474
-2.535,0.641
-2.692,0.573
-3.015,0.634
2.697,0.433
2.477,0.646
0.641,0.806
0.517,0.84
0.141,0.649
-0.388,0.752
-0.663,0.55
-0.903,0.782
-1.031,0.809
2.537,-1.718
0.933,-2.131
0.551,-0.411
0.027,-2.286
2.52,0.567
0.366,0.65
-1.587,-2.294
-1.79,-3.217
-1.745,-2.109
-1.742,-1.844
-1.916,-3.44
-1.831,0.148
-1.917,-0.473
-2.112,-1.054
-2.14,-1.588
-2.171,-2.397
-2.316,-2.004
-2.345,-2.171
-2.344,-3.013
-2.608,0.053
-2.6,-0.782
-2.618,-3.424
-2.682,-3.331
-2.772,-2.95
-2.73,-1.99
-2.884,-3.27
-2.956,-1.011
-2.932,-3.026
-3.024,-2.447
3.119,-1.246
2.935,-1.958
2.986,-1.656
2.85,-1.849
2.824,-1.032
2.784,-1.446
2.629,-1.306
2.65,-0.651
2.568,0.34
2.445,-3.41
2.38,-2.333
2.26,0.24
2.264,-3.54
2.291,-2.067
2.164,-0.806
1.964,-2.386
1.865,-1.485
1.865,-3.06
1.713,-2.248
1.693,-1.638
1.574,0.43
1.442,-0.767
1.055,0.124
0.957,-2.049
0.96,0.185
0.814,-0.9
0.703,0.119
0.453,-1.236
0.552,-1.612
0.357,-0.96
0.405,-2.373
0.297,-3.473
0.168,-1.183
0.015,-0.723
-0.153,-2.02
-0.456,-3.009
-0.47,-2.973
-0.362,-0.403
-0.593,-2.267
-0.597,-0.848
-0.728,-1.708
-0.585,0.196
-0.777,-1.45
-1.0,-2.329
-1.132,-2.795
-1.282,-2.213
-1.451,-2.383
-1.395,-0.462
-1.471,-2.036
-1.507,-1.889
-2.144,-3.708
-2.963,-3.605
2.086,-3.771
2.166,-3.661
-1.34,-3.625
-1.589,-3.622
-1.775,0.668
-2.367,0.838
1.267,0.541
0.892,0.573
0.937,0.557
0.262,0.518
-0.352,0.432
-0.419,0.578
-0.655,0.834
-0.775,0.599
-0.665,0.505
-2.755,-1.155
-2.773,0.142
-3.139,-3.048
1.992,-1.811
-0.355,-0.412
-2.434,-1.959
-2.715,-2.543
0.13,-1.136
-0.007,-1.687
0.065,-1.324
-0.011,-1.893
-0.355,-3.225
-0.634,-2.997
-0.85,-1.26
-0.767,-2.033
-0.818,-1.311
-0.868,-1.315
-1.004,-0.352
2.361,-2.291
0.321,-3.149
-1.033,-2.998
-0.013,1.733
-0.101,2.1
-0.059,1.833
-0.171,1.984
-0.1,2.262
-0.13,0.217
-0.124,1.863
-0.148,0.71
-0.188,1.328
-0.214,2.799
-0.276,1.404
-0.215,1.327
-0.294,1.375
-0.332,0.101
-0.498,-0.032
-0.453,0.038
-0.583,1.611
-0.655,-0.424
-0.812,0.733
-0.758,0.153
-0.777,0.467
-0.827,-0.565
-1.165,-0.899
-1.284,2.381
-1.274,0.673
-1.342,-0.174
-1.393,0.536
-1.445,0.498
-1.463,-1.001
-1.579,0.544
-1.672,2.387
-1.677,-0.431
-1.602,1.835
-2.156,-1.416
-2.563,-1.215
-2.847,-1.331
2.671,-0.995
2.037,-1.501
1.539,-1.348
1.029,-1.236
-1.661,3.071
-2.343,2.921
-2.555,2.846
-2.571,3.013
-2.728,2.945
-3.051,3.006
2.661,2.805
2.441,3.018
0.605,3.178
0.481,3.212
0.105,3.021
-0.424,3.124
-0.699,2.922
-0.939,3.154
-1.067,3.181
2.501,0.654
0.897,0.241
0.515,1.961
-0.009,0.086
2.484,2.939
0.33,3.022
-1.623,0.078
-1.826,-0.845
-1.781,0.263
-1.778,0.528
-1.952,-1.068
-1.867,2.52
-1.953,1.899
-2.148,1.318
-2.176,0.784
-2.207,-0.025
-2.352,0.368
-2.381,0.201
-2.38,-0.641
-2.644,2.425
-2.636,1.59
-2.654,-1.052
-2.718,-0.959
-2.808,-0.578
-2.766,0.382
-2.92,-0.898
-2.992,1.361
-2.968,-0.654
-3.06,-0.075
3.083,1.126
2.899,0.414
2.95,0.716
2.814,0.523
2.788,1.34
2.748,0.926
2.593,1.066
2.614,1.721
2.532,2.712
2.409,-1.038
2.344,0.039
2.224,2.612
2.228,-1.168
2.255,0.305
2.128,1.566
1.928,-0.014
1.829,0.887
1.829,-0.688
1.677,0.124
1.657,0.734
1.538,2.802
1.406,1.605
1.019,2.496
0.921,0.323
0.924,2.557
0.778,1.472
0.667,2.491
0.417,1.136
0.516,0.76
0.321,1.412
0.369,-0.001
0.261,-1.101
0.132,1.189
-0.021,1.649
-0.189,0.352
-0.492,-0.637
-0.506,-0.601
-0.398,1.969
-0.629,0.105
-0.633,1.524
-0.764,0.664
-0.621,2.568
-0.813,0.922
-1.036,0.043
-1.168,-0.423
-1.318,0.159
-1.487,-0.011
-1.431,1.91
-1.507,0.336
-1.543,0.483
-2.18,-1.336
-2.999,-1.233
2.05,-1.399
2.13,-1.289
-1.376,-1.253
-1.625,-1.25
-1.811,3.04
-2.403,3.21
1.231,2.913
0.856,2.945
0.901,2.929
0.226,2.89
-0.388,2.804
-0.455,2.95
-0.691,3.206
-0.811,2.971
-0.701,2.877
-2.791,1.217
-2.809,2.514
3.108,-0.676
1.956,0.561
-0.391,1.96
-2.47,0.413
-2.751,-0.171
0.094,1.236
-0.043,0.685
0.029,1.048
-0.047,0.479
-0.391,-0.853
-0.67,-0.625
-0.886,1.112
-0.803,0.339
-0.854,1.061
-0.904,1.057
-1.04,2.02
2.325,0.081
0.285,-0.777
-1.069,-0.626
-0.088,0.367
-0.046,0.1
-0.158,0.251
-0.087,0.529
-0.117,-1.516
-0.111,0.13
-0.135,-1.023
-0.175,-0.405
-0.201,1.066
-0.263,-0.329
-0.202,-0.406
-0.281,-0.358
-0.319,-1.632
-0.485,-1.765
-0.44,-1.695
-0.57,-0.122
-0.642,-2.157
-0.799,-1.0
-0.745,-1.58
-0.764,-1.266
-0.814,-2.298
-1.152,-2.632
-1.271,0.648
-1.261,-1.06
-1.329,-1.907
-1.38,-1.197
-1.432,-1.235
-1.45,-2.734
-1.566,-1.189
-1.659,0.654
-1.664,-2.164
-1.589,0.102
-2.143,-3.149
-2.55,-2.948
-2.834,-3.064
2.684,-2.728
2.05,-3.234
1.552,-3.081
1.042,-2.969
-1.648,1.338
-2.33,1.188
-2.542,1.113
-2.558,1.28
-2.715,1.212
-3.038,1.273
2.674,1.072
2.454,1.285
0.618,1.445
0.494,1.479
0.118,1.288
-0.411,1.391
-0.686,1.189
-0.926,1.421
-1.054,1.448
2.514,-1.079
0.91,-1.492
0.528,0.228
0.004,-1.647
2.497,1.206
0.343,1.289
-1.61,-1.655
-1.813,-2.578
-1.768,-1.47
-1.765,-1.205
-1.939,-2.801
-1.854,0.787
-1.94,0.166
-2.135,-0.415
-2.163,-0.949
-2.194,-1.758
-2.339,-1.365
-2.368,-1.532
-2.367,-2.374
-2.631,0.692
-2.623,-0.143
-2.641,-2.785
-2.705,-2.692
-2.795,-2.311
-2.753,-1.351
-2.907,-2.631
-2.979,-0.372
-2.955,-2.387
-3.047,-1.808
3.096,-0.607
2.912,-1.319
2.963,-1.017
2.827,-1.21
2.801,-0.393
2.761,-0.807
2.606,-0.667
2.627,-0.012
2.545,0.979
2.422,-2.771
2.357,-1.694
2.237,0.879
2.241,-2.901
2.268,-1.428
2.141,-0.167
1.941,-1.747
1.842,-0.846
1.842,-2.421
1.69,-1.609
1.67,-0.999
1.551,1.069
1.419,-0.128
1.032,0.763
0.934,-1.41
0.937,0.824
0.791,-0.261
0.68,0.758
0.43,-0.597
0.529,-0.973
0.334,-0.321
0.382,-1.734
0.274,-2.834
0.145,-0.544
-0.008,-0.084
-0.176,-1.381
-0.479,-2.37
-0.493,-2.334
-0.385,0.236
-0.616,-1.628
-0.62,-0.209
-0.751,-1.069
-0.608,0.835
-0.8,-0.811
-1.023,-1.69
-1.155,-2.156
-1.305,-1.574
-1.474,-1.744
-1.418,0.177
-1.494,-1.397
-1.53,-1.25
-2.167,-3.069
-2.986,-2.966
2.063,-3.132
2.143,-3.022
-1.363,-2.986
-1.612,-2.983
-1.798,1.307
-2.39,1.477
1.244,1.18
0.869,1.212
0.914,1.196
0.239,1.157
-0.375,1.071
-0.442,1.217
-0.678,1.473
-0.798,1.238
-0.688,1.144
-2.778,-0.516
-2.796,0.781
3.121,-2.409
1.969,-1.172
-0.378,0.227
-2.457,-1.32
-2.738,-1.904
0.107,-0.497
-0.03,-1.048
0.042,-0.685
-0.034,-1.254
-0.378,-2.586
-0.657,-2.358
-0.873,-0.621
-0.79,-1.394
-0.841,-0.672
-0.891,-0.676
-1.027,0.287
2.338,-1.652
0.298,-2.51
-1.056,-2.359
0.042,-0.267
-0.07,-0.116
0.001,0.162
-0.029,-1.883
-0.023,-0.237
-0.047,-1.39
-0.087,-0.772
-0.113,0.699
-0.175,-0.696
-0.114,-0.773
-0.193,-0.725
-0.231,-1.999
-0.397,-2.132
-0.352,-2.062
-0.482,-0.489
-0.554,-2.524
-0.711,-1.367
-0.657,-1.947
-0.676,-1.633
-0.726,-2.665
-1.064,-2.999
-1.183,0.281
-1.173,-1.427
-1.241,-2.274
-1.292,-1.564
-1.344,-1.602
-1.362,-3.101
-1.478,-1.556
-1.571,0.287
-1.576,-2.531
-1.501,-0.265
-2.055,-3.516
-2.462,-3.315
-2.746,-3.431
2.772,-3.095
2.138,-3.601
1.64,-3.448
1.13,-3.336
-1.56,0.971
-2.242,0.821
-2.454,0.746
-2.47,0.913
-2.627,0.845
-2.95,0.906
2.762,0.705
2.542,0.918
0.706,1.078
0.582,1.112
0.206,0.921
-0.323,1.024
-0.598,0.822
-0.838,1.054
-0.966,1.081
2.602,-1.446
0.998,-1.859
0.616,-0.139
0.092,-2.014
2.585,0.839
0.431,0.922
-1.522,-2.022
-1.725,-2.945
-1.68,-1.837
-1.677,-1.572
-1.851,-3.168
-1.766,0.42
-1.852,-0.201
-2.047,-0.782
-2.075,-1.316
-2.106,-2.125
-2.251,-1.732
-2.28,-1.899
-2.279,-2.741
-2.543,0.325
-2.535,-0.51
-2.553,-3.152
-2.617,-3.059
-2.707,-2.678
-2.665,-1.718
-2.819,-2.998
-2.891,-0.739
-2.867,-2.754
-2.959,-2.175
-3.099,-0.974
3.0,-1.686
3.051,-1.384
2.915,-1.577
2.889,-0.76
2.849,-1.174
2.694,-1.034
2.715,-0.379
2.633,0.612
2.51,-3.138
2.445,-2.061
2.325,0.512
2.329,-3.268
2.356,-1.795
2.229,-0.534
2.029,-2.114
1.93,-1.213
1.93,-2.788
1.778,-1.976
1.758,-1.366
1.639,0.702
1.507,-0.495
1.12,0.396
1.022,-1.777
1.025,0.457
0.879,-0.628
0.768,0.391
0.518,-0.964
0.617,-1.34
0.422,-0.688
0.47,-2.101
0.362,-3.201
0.233,-0.911
0.08,-0.451
-0.088,-1.748
-0.391,-2.737
-0.405,-2.701
-0.297,-0.131
-0.528,-1.995
-0.532,-0.576
-0.663,-1.436
-0.52,0.468
-0.712,-1.178
-0.935,-2.057
-1.067,-2.523
-1.217,-1.941
-1.386,-2.111
-1.33,-0.19
-1.406,-1.764
-1.442,-1.617
-2.079,-3.436
-2.898,-3.333
2.151,-3.499
2.231,-3.389
-1.275,-3.353
-1.524,-3.35
-1.71,0.94
-2.302,1.11
1.332,0.813
0.957,0.845
1.002,0.829
0.327,0.79
-0.287,0.704
-0.354,0.85
-0.59,1.106
-0.71,0.871
-0.6,0.777
-2.69,-0.883
-2.708,0.414
-3.074,-2.776
2.057,-1.539
-0.29,-0.14
-2.369,-1.687
-2.65,-2.271
0.195,-0.864
0.058,-1.415
0.13,-1.052
0.054,-1.621
-0.29,-2.953
-0.569,-2.725
-0.785,-0.988
-0.702,-1.761
-0.753,-1.039
-0.803,-1.043
-0.939,-0.08
2.426,-2.019
0.386,-2.877
-0.968,-2.726
-0.112,0.151
-0.041,0.429
-0.071,-1.616
-0.065,0.03
-0.089,-1.123
-0.129,-0.505
-0.155,0.966
-0.217,-0.429
-0.156,-0.506
-0.235,-0.458
-0.273,-1.732
-0.439,-1.865
-0.394,-1.795
-0.524,-0.222
-0.596,-2.257
-0.753,-1.1
-0.699,-1.68
-0.718,-1.366
-0.768,-2.398
-1.106,-2.732
-1.225,0.548
-1.215,-1.16
-1.283,-2.007
-1.334,-1.297
-1.386,-1.335
-1.404,-2.834
-1.52,-1.289
-1.613,0.554
-1.618,-2.264
-1.543,0.002
-2.097,-3.249
-2.504,-3.048
-2.788,-3.164
2.73,-2.828
2.096,-3.334
1.598,-3.181
1.088,-3.069
-1.602,1.238
-2.284,1.088
-2.496,1.013
-2.512,1.18
-2.669,1.112
-2.992,1.173
2.72,0.972
2.5,1.185
0.664,1.345
0.54,1.379
0.164,1.188
-0.365,1.291
-0.64,1.089
-0.88,1.321
-1.008,1.348
2.56,-1.179
0.956,-1.592
0.574,0.128
0.05,-1.747
2.543,1.106
0.389,1.189
-1.564,-1.755
-1.767,-2.678
-1.722,-1.57
-1.719,-1.305
-1.893,-2.901
-1.808,0.687
-1.894,0.066
-2.089,-0.515
-2.117,-1.049
-2.148,-1.858
-2.293,-1.465
-2.322,-1.632
-2.321,-2.474
-2.585,0.592
-2.577,-0.243
-2.595,-2.885
-2.659,-2.792
-2.749,-2.411
-2.707,-1.451
-2.861,-2.731
-2.933,-0.472
-2.909,-2.487
-3.001,-1.908
-3.141,-0.707
2.958,-1.419
3.009,-1.117
2.873,-1.31
2.847,-0.493
2.807,-0.907
2.652,-0.767
2.673,-0.112
2.591,0.879
2.468,-2.871
2.403,-1.794
2.283,0.779
2.287,-3.001
2.314,-1.528
2.187,-0.267
1.987,-1.847
1.888,-0.946
1.888,-2.521
1.736,-1.709
1.716,-1.099
1.597,0.969
1.465,-0.228
1.078,0.663
0.98,-1.51
0.983,0.724
0.837,-0.361
0.726,0.658
0.476,-0.697
0.575,-1.073
0.38,-0.421
0.428,-1.834
0.32,-2.934
0.191,-0.644
0.038,-0.184
-0.13,-1.481
-0.433,-2.47
-0.447,-2.434
-0.339,0.136
-0.57,-1.728
-0.574,-0.309
-0.705,-1.169
-0.562,0.735
-0.754,-0.911
-0.977,-1.79
-1.109,-2.256
-1.259,-1.674
-1.428,-1.844
-1.372,0.077
-1.448,-1.497
-1.484,-1.35
-2.121,-3.169
-2.94,-3.066
2.109,-3.232
2.189,-3.122
-1.317,-3.086
-1.566,-3.083
-1.752,1.207
-2.344,1.377
1.29,1.08
0.915,1.112
0.96,1.096
0.285,1.057
-0.329,0.971
-0.396,1.117
-0.632,1.373
-0.752,1.138
-0.642,1.044
-2.732,-0.616
-2.75,0.681
-3.116,-2.509
2.015,-1.272
-0.332,0.127
-2.411,-1.42
-2.692,-2.004
0.153,-0.597
0.016,-1.148
0.088,-0.785
0.012,-1.354
-0.332,-2.686
-0.611,-2.458
-0.827,-0.721
-0.744,-1.494
-0.795,-0.772
-0.845,-0.776
-0.981,0.187
2.384,-1.752
0.344,-2.61
-1.01,-2.459
0.071,0.278
0.041,-1.767
0.047,-0.121
0.023,-1.274
-0.017,-0.656
-0.043,0.815
-0.105,-0.58
-0.044,-0.657
-0.123,-0.609
-0.161,-1.883
-0.327,-2.016
-0.282,-1.946
-0.412,-0.373
-0.484,-2.408
-0.641,-1.251
-0.587,-1.831
-0.606,-1.517
-0.656,-2.549
-0.994,-2.883
-1.113,0.397
-1.103,-1.311
-1.171,-2.158
-1.222,-1.448
-1.274,-1.486
-1.292,-2.985
-1.408,-1.44
-1.501,0.403
-1.506,-2.415
-1.431,-0.149
-1.985,-3.4
-2.392,-3.199
-2.676,-3.315
2.842,-2.979
2.208,-3.485
1.71,-3.332
1.2,-3.22
-1.49,1.087
-2.172,0.937
-2.384,0.862
-2.4,1.029
-2.557,0.961
-2.88,1.022
2.832,0.821
2.612,1.034
0.776,1.194
0.652,1.228
0.276,1.037
-0.253,1.14
-0.528,0.938
-0.768,1.17
-0.896,1.197
2.672,-1.33
1.068,-1.743
0.686,-0.023
0.162,-1.898
2.655,0.955
0.501,1.038
-1.452,-1.906
-1.655,-2.829
-1.61,-1.721
-1.607,-1.456
-1.781,-3.052
-1.696,0.536
-1.782,-0.085
-1.977,-0.666
-2.005,-1.2
-2.036,-2.009
-2.181,-1.616
-2.21,-1.783
-2.209,-2.625
-2.473,0.441
-2.465,-0.394
-2.483,-3.036
-2.547,-2.943
-2.637,-2.562
-2.595,-1.602
-2.749,-2.882
-2.821,-0.623
-2.797,-2.638
-2.889,-2.059
-3.029,-0.858
3.07,-1.57
3.121,-1.268
2.985,-1.461
2.959,-0.644
2.919,-1.058
2.764,-0.918
2.785,-0.263
2.703,0.728
2.58,-3.022
2.515,-1.945
2.395,0.628
2.399,-3.152
2.426,-1.679
2.299,-0.418
2.099,-1.998
2.0,-1.097
2.0,-2.672
1.848,-1.86
1.828,-1.25
1.709,0.818
1.577,-0.379
1.19,0.512
1.092,-1.661
1.095,0.573
0.949,-0.512
0.838,0.507
0.588,-0.848
0.687,-1.224
0.492,-0.572
0.54,-1.985
0.432,-3.085
0.303,-0.795
0.15,-0.335
-0.018,-1.632
-0.321,-2.621
-0.335,-2.585
-0.227,-0.015
-0.458,-1.879
-0.462,-0.46
-0.593,-1.32
-0.45,0.584
-0.642,-1.062
-0.865,-1.941
-0.997,-2.407
-1.147,-1.825
-1.316,-1.995
-1.26,-0.074
-1.336,-1.648
-1.372,-1.501
-2.009,-3.32
-2.828,-3.217
2.221,-3.383
2.301,-3.273
-1.205,-3.237
-1.454,-3.234
-1.64,1.056
-2.232,1.226
1.402,0.929
1.027,0.961
1.072,0.945
0.397,0.906
-0.217,0.82
-0.284,0.966
-0.52,1.222
-0.64,0.987
-0.53,0.893
-2.62,-0.767
-2.638,0.53
-3.004,-2.66
2.127,-1.423
-0.22,-0.024
-2.299,-1.571
-2.58,-2.155
0.265,-0.748
0.128,-1.299
0.2,-0.936
0.124,-1.505
-0.22,-2.837
-0.499,-2.609
-0.715,-0.872
-0.632,-1.645
-0.683,-0.923
-0.733,-0.927
-0.869,0.036
2.496,-1.903
0.456,-2.761
-0.898,-2.61
-0.03,-2.045
-0.024,-0.399
-0.048,-1.552
-0.088,-0.934
-0.114,0.537
-0.176,-0.858
-0.115,-0.935
-0.194,-0.887
-0.232,-2.161
-0.398,-2.294
-0.353,-2.224
-0.483,-0.651
-0.555,-2.686
-0.712,-1.529
-0.658,-2.109
-0.677,-1.795
-0.727,-2.827
-1.065,-3.161
-1.184,0.119
-1.174,-1.589
-1.242,-2.436
-1.293,-1.726
-1.345,-1.764
-1.363,-3.263
-1.479,-1.718
-1.572,0.125
-1.577,-2.693
-1.502,-0.427
-2.056,-3.678
-2.463,-3.477
-2.747,-3.593
2.771,-3.257
2.137,-3.763
1.639,-3.61
1.129,-3.498
-1.561,0.809
-2.243,0.659
-2.455,0.584
-2.471,0.751
-2.628,0.683
-2.951,0.744
2.761,0.543
2.541,0.756
0.705,0.916
0.581,0.95
0.205,0.759
-0.324,0.862
-0.599,0.66
-0.839,0.892
-0.967,0.919
2.601,-1.608
0.997,-2.021
0.615,-0.301
0.091,-2.176
2.584,0.677
0.43,0.76
-1.523,-2.184
-1.726,-3.107
-1.681,-1.999
-1.678,-1.734
-1.852,-3.33
-1.767,0.258
-1.853,-0.363
-2.048,-0.944
-2.076,-1.478
-2.107,-2.287
-2.252,-1.894
-2.281,-2.061
-2.28,-2.903
-2.544,0.163
-2.536,-0.672
-2.554,-3.314
-2.618,-3.221
-2.708,-2.84
-2.666,-1.88
-2.82,-3.16
-2.892,-0.901
-2.868,-2.916
-2.96,-2.337
-3.1,-1.136
2.999,-1.848
3.05,-1.546
2.914,-1.739
2.888,-0.922
2.848,-1.336
2.693,-1.196
2.714,-0.541
2.632,0.45
2.509,-3.3
2.444,-2.223
2.324,0.35
2.328,-3.43
2.355,-1.957
2.228,-0.696
2.028,-2.276
1.929,-1.375
1.929,-2.95
1.777,-2.138
1.757,-1.528
1.638,0.54
1.506,-0.657
1.119,0.234
1.021,-1.939
1.024,0.295
0.878,-0.79
0.767,0.229
0.517,-1.126
0.616,-1.502
0.421,-0.85
0.469,-2.263
0.361,-3.363
0.232,-1.073
0.079,-0.613
-0.089,-1.91
-0.392,-2.899
-0.406,-2.863
-0.298,-0.293
-0.529,-2.157
-0.533,-0.738
-0.664,-1.598
-0.521,0.306
-0.713,-1.34
-0.936,-2.219
-1.068,-2.685
-1.218,-2.103
-1.387,-2.273
-1.331,-0.352
-1.407,-1.926
-1.443,-1.779
-2.08,-3.598
-2.899,-3.495
2.15,-3.661
2.23,-3.551
-1.276,-3.515
-1.525,-3.512
-1.711,0.778
-2.303,0.948
1.331,0.651
0.956,0.683
1.001,0.667
0.326,0.628
-0.288,0.542
-0.355,0.688
-0.591,0.944
-0.711,0.709
-0.601,0.615
-2.691,-1.045
-2.709,0.252
-3.075,-2.938
2.056,-1.701
-0.291,-0.302
-2.37,-1.849
-2.651,-2.433
0.194,-1.026
0.057,-1.577
0.129,-1.214
0.053,-1.783
-0.291,-3.115
-0.57,-2.887
-0.786,-1.15
-0.703,-1.923
-0.754,-1.201
-0.804,-1.205
-0.94,-0.242
2.425,-2.181
0.385,-3.039
-0.969,-2.888
0.006,1.646
-0.018,0.493
-0.058,1.111
-0.084,2.582
-0.146,1.187
-0.085,1.11
-0.164,1.158
-0.202,-0.116
-0.368,-0.249
-0.323,-0.179
-0.453,1.394
-0.525,-0.641
-0.682,0.516
-0.628,-0.064
-0.647,0.25
-0.697,-0.782
-1.035,-1.116
-1.154,2.164
-1.144,0.456
-1.212,-0.391
-1.263,0.319
-1.315,0.281
-1.333,-1.218
-1.449,0.327
-1.542,2.17
-1.547,-0.648
-1.472,1.618
-2.026,-1.633
-2.433,-1.432
-2.717,-1.548
2.801,-1.212
2.167,-1.718
1.669,-1.565
1.159,-1.453
-1.531,2.854
-2.213,2.704
-2.425,2.629
-2.441,2.796
-2.598,2.728
-2.921,2.789
2.791,2.588
2.571,2.801
0.735,2.961
0.611,2.995
0.235,2.804
-0.294,2.907
-0.569,2.705
-0.809,2.937
-0.937,2.964
2.631,0.437
1.027,0.024
0.645,1.744
0.121,-0.131
2.614,2.722
0.46,2.805
-1.493,-0.139
-1.696,-1.062
-1.651,0.046
-1.648,0.311
-1.822,-1.285
-1.737,2.303
-1.823,1.682
-2.018,1.101
-2.046,0.567
-2.077,-0.242
-2.222,0.151
-2.251,-0.016
-2.25,-0.858
-2.514,2.208
-2.506,1.373
-2.524,-1.269
-2.588,-1.176
-2.678,-0.795
-2.636,0.165
-2.79,-1.115
-2.862,1.144
-2.838,-0.871
-2.93,-0.292
-3.07,0.909
3.029,0.197
3.08,0.499
2.944,0.306
2.918,1.123
2.878,0.709
2.723,0.849
2.744,1.504
2.662,2.495
2.539,-1.255
2.474,-0.178
2.354,2.395
2.358,-1.385
2.385,0.088
2.258,1.349
2.058,-0.231
1.959,0.67
1.959,-0.905
1.807,-0.093
1.787,0.517
1.668,2.585
1.536,1.388
1.149,2.279
1.051,0.106
1.054,2.34
0.908,1.255
0.797,2.274
0.547,0.919
0.646,0.543
0.451,1.195
0.499,-0.218
0.391,-1.318
0.262,0.972
0.109,1.432
-0.059,0.135
-0.362,-0.854
-0.376,-0.818
-0.268,1.752
-0.499,-0.112
-0.503,1.307
-0.634,0.447
-0.491,2.351
-0.683,0.705
-0.906,-0.174
-1.038,-0.64
-1.188,-0.058
-1.357,-0.228
-1.301,1.693
-1.377,0.119
-1.413,0.266
-2.05,-1.553
-2.869,-1.45
2.18,-1.616
2.26,-1.506
-1.246,-1.47
-1.495,-1.467
-1.681,2.823
-2.273,2.993
1.361,2.696
0.986,2.728
1.031,2.712
0.356,2.673
-0.258,2.587
-0.325,2.733
-0.561,2.989
-0.681,2.754
-0.571,2.66
-2.661,1.0
-2.679,2.297
-3.045,-0.893
2.086,0.344
-0.261,1.743
-2.34,0.196
-2.621,-0.388
0.224,1.019
0.087,0.468
0.159,0.831
0.083,0.262
-0.261,-1.07
-0.54,-0.842
-0.756,0.895
-0.673,0.122
-0.724,0.844
-0.774,0.84
-0.91,1.803
2.455,-0.136
0.415,-0.994
-0.939,-0.843
-0.024,-1.153
-0.064,-0.535
-0.09,0.936
-0.152,-0.459
-0.091,-0.536
-0.17,-0.488
-0.208,-1.762
-0.374,-1.895
-0.329,-1.825
-0.459,-0.252
-0.531,-2.287
-0.688,-1.13
-0.634,-1.71
-0.653,-1.396
-0.703,-2.428
-1.041,-2.762
-1.16,0.518
-1.15,-1.19
-1.218,-2.037
-1.269,-1.327
-1.321,-1.365
-1.339,-2.864
-1.455,-1.319
-1.548,0.524
-1.553,-2.294
-1.478,-0.028
-2.032,-3.279
-2.439,-3.078
-2.723,-3.194
2.795,-2.858
2.161,-3.364
1.663,-3.211
1.153,-3.099
-1.537,1.208
-2.219,1.058
-2.431,0.983
-2.447,1.15
-2.604,1.082
-2.927,1.143
2.785,0.942
2.565,1.155
0.729,1.315
0.605,1.349
0.229,1.158
-0.3,1.261
-0.575,1.059
-0.815,1.291
-0.943,1.318
2.625,-1.209
1.021,-1.622
0.639,0.098
0.115,-1.777
2.608,1.076
0.454,1.159
-1.499,-1.785
-1.702,-2.708
-1.657,-1.6
-1.654,-1.335
-1.828,-2.931
-1.743,0.657
-1.829,0.036
-2.024,-0.545
-2.052,-1.079
-2.083,-1.888
-2.228,-1.495
-2.257,-1.662
-2.256,-2.504
-2.52,0.562
-2.512,-0.273
-2.53,-2.915
-2.594,-2.822
-2.684,-2.441
-2.642,-1.481
-2.796,-2.761
-2.868,-0.502
-2.844,-2.517
-2.936,-1.938
-3.076,-0.737
3.023,-1.449
3.074,-1.147
2.938,-1.34
2.912,-0.523
2.872,-0.937
2.717,-0.797
2.738,-0.142
2.656,0.849
2.533,-2.901
2.468,-1.824
2.348,0.749
2.352,-3.031
2.379,-1.558
2.252,-0.297
2.052,-1.877
1.953,-0.976
1.953,-2.551
1.801,-1.739
1.781,-1.129
1.662,0.939
1.53,-0.258
1.143,0.633
1.045,-1.54
1.048,0.694
0.902,-0.391
0.791,0.628
0.541,-0.727
0.64,-1.103
0.445,-0.451
0.493,-1.864
0.385,-2.964
0.256,-0.674
0.103,-0.214
-0.065,-1.511
-0.368,-2.5
-0.382,-2.464
-0.274,0.106
-0.505,-1.758
-0.509,-0.339
-0.64,-1.199
-0.497,0.705
-0.689,-0.941
-0.912,-1.82
-1.044,-2.286
-1.194,-1.704
-1.363,-1.874
-1.307,0.047
-1.383,-1.527
-1.419,-1.38
-2.056,-3.199
-2.875,-3.096
2.174,-3.262
2.254,-3.152
-1.252,-3.116
-1.501,-3.113
-1.687,1.177
-2.279,1.347
1.355,1.05
0.98,1.082
1.025,1.066
0.35,1.027
-0.264,0.941
-0.331,1.087
-0.567,1.343
-0.687,1.108
-0.577,1.014
-2.667,-0.646
-2.685,0.651
-3.051,-2.539
2.08,-1.302
-0.267,0.097
-2.346,-1.45
-2.627,-2.034
0.218,-0.627
0.081,-1.178
0.153,-0.815
0.077,-1.384
-0.267,-2.716
-0.546,-2.488
-0.762,-0.751
-0.679,-1.524
-0.73,-0.802
-0.78,-0.806
-0.916,0.157
2.449,-1.782
0.409,-2.64
-0.945,-2.489
-0.04,0.618
-0.066,2.089
-0.128,0.694
-0.067,0.617
-0.146,0.665
-0.184,-0.609
-0.35,-0.742
-0.305,-0.672
-0.435,0.901
-0.507,-1.134
-0.664,0.023
-0.61,-0.557
-0.629,-0.243
-0.679,-1.275
-1.017,-1.609
-1.136,1.671
-1.126,-0.037
-1.194,-0.884
-1.245,-0.174
-1.297,-0.212
-1.315,-1.711
-1.431,-0.166
-1.524,1.677
-1.529,-1.141
-1.454,1.125
-2.008,-2.126
-2.415,-1.925
-2.699,-2.041
2.819,-1.705
2.185,-2.211
1.687,-2.058
1.177,-1.946
-1.513,2.361
-2.195,2.211
-2.407,2.136
-2.423,2.303
-2.58,2.235
-2.903,2.296
2.809,2.095
2.589,2.308
0.753,2.468
0.629,2.502
0.253,2.311
-0.276,2.414
-0.551,2.212
-0.791,2.444
-0.919,2.471
2.649,-0.056
1.045,-0.469
0.663,1.251
0.139,-0.624
2.632,2.229
0.478,2.312
-1.475,-0.632
-1.678,-1.555
-1.633,-0.447
-1.63,-0.182
-1.804,-1.778
-1.719,1.81
-1.805,1.189
-2.0,0.608
-2.028,0.074
-2.059,-0.735
-2.204,-0.342
-2.233,-0.509
-2.232,-1.351
-2.496,1.715
-2.488,0.88
-2.506,-1.762
-2.57,-1.669
-2.66,-1.288
-2.618,-0.328
-2.772,-1.608
-2.844,0.651
-2.82,-1.364
-2.912,-0.785
-3.052,0.416
3.047,-0.296
3.098,0.006
2.962,-0.187
2.936,0.63
2.896,0.216
2.741,0.356
2.762,1.011
2.68,2.002
2.557,-1.748
2.492,-0.671
2.372,1.902
2.376,-1.878
2.403,-0.405
2.276,0.856
2.076,-0.724
1.977,0.177
1.977,-1.398
1.825,-0.586
1.805,0.024
1.686,2.092
1.554,0.895
1.167,1.786
1.069,-0.387
1.072,1.847
0.926,0.762
0.815,1.781
0.565,0.426
0.664,0.05
0.469,0.702
0.517,-0.711
0.409,-1.811
0.28,0.479
0.127,0.939
-0.041,-0.358
-0.344,-1.347
-0.358,-1.311
-0.25,1.259
-0.481,-0.605
-0.485,0.814
-0.616,-0.046
-0.473,1.858
-0.665,0.212
-0.888,-0.667
-1.02,-1.133
-1.17,-0.551
-1.339,-0.721
-1.283,1.2
-1.359,-0.374
-1.395,-0.227
-2.032,-2.046
-2.851,-1.943
2.198,-2.109
2.278,-1.999
-1.228,-1.963
-1.477,-1.96
-1.663,2.33
-2.255,2.5
1.379,2.203
1.004,2.235
1.049,2.219
0.374,2.18
-0.24,2.094
-0.307,2.24
-0.543,2.496
-0.663,2.261
-0.553,2.167
-2.643,0.507
-2.661,1.804
-3.027,-1.386
2.104,-0.149
-0.243,1.25
-2.322,-0.297
-2.603,-0.881
0.242,0.526
0.105,-0.025
0.177,0.338
0.101,-0.231
-0.243,-1.563
-0.522,-1.335
-0.738,0.402
-0.655,-0.371
-0.706,0.351
-0.756,0.347
-0.892,1.31
2.473,-0.629
0.433,-1.487
-0.921,-1.336
-0.026,1.471
-0.088,0.076
-0.027,-0.001
-0.106,0.047
-0.144,-1.227
-0.31,-1.36
-0.265,-1.29
-0.395,0.283
-0.467,-1.752
-0.624,-0.595
-0.57,-1.175
-0.589,-0.861
-0.639,-1.893
-0.977,-2.227
-1.096,1.053
-1.086,-0.655
-1.154,-1.502
-1.205,-0.792
-1.257,-0.83
-1.275,-2.329
-1.391,-0.784
-1.484,1.059
-1.489,-1.759
-1.414,0.507
-1.968,-2.744
-2.375,-2.543
-2.659,-2.659
2.859,-2.323
2.225,-2.829
1.727,-2.676
1.217,-2.564
-1.473,1.743
-2.155,1.593
-2.367,1.518
-2.383,1.685
-2.54,1.617
-2.863,1.678
2.849,1.477
2.629,1.69
0.793,1.85
0.669,1.884
0.293,1.693
-0.236,1.796
-0.511,1.594
-0.751,1.826
-0.879,1.853
2.689,-0.674
1.085,-1.087
0.703,0.633
0.179,-1.242
2.672,1.611
0.518,1.694
-1.435,-1.25
-1.638,-2.173
-1.593,-1.065
-1.59,-0.8
-1.764,-2.396
-1.679,1.192
-1.765,0.571
-1.96,-0.01
-1.988,-0.544
-2.019,-1.353
-2.164,-0.96
-2.193,-1.127
-2.192,-1.969
-2.456,1.097
-2.448,0.262
-2.466,-2.38
-2.53,-2.287
-2.62,-1.906
-2.578,-0.946
-2.732,-2.226
-2.804,0.033
-2.78,-1.982
-2.872,-1.403
-3.012,-0.202
3.087,-0.914
3.138,-0.612
3.002,-0.805
2.976,0.012
2.936,-0.402
2.781,-0.262
2.802,0.393
2.72,1.384
2.597,-2.366
2.532,-1.289
2.412,1.284
2.416,-2.496
2.443,-1.023
2.316,0.238
2.116,-1.342
2.017,-0.441
2.017,-2.016
1.865,-1.204
1.845,-0.594
1.726,1.474
1.594,0.277
1.207,1.168
1.109,-1.005
1.112,1.229
0.966,0.144
0.855,1.163
0.605,-0.192
0.704,-0.568
0.509,0.084
0.557,-1.329
0.449,-2.429
0.32,-0.139
0.167,0.321
-0.001,-0.976
-0.304,-1.965
-0.318,-1.929
-0.21,0.641
-0.441,-1.223
-0.445,0.196
-0.576,-0.664
-0.433,1.24
-0.625,-0.406
-0.848,-1.285
-0.98,-1.751
-1.13,-1.169
-1.299,-1.339
-1.243,0.582
-1.319,-0.992
-1.355,-0.845
-1.992,-2.664
-2.811,-2.561
2.238,-2.727
2.318,-2.617
-1.188,-2.581
-1.437,-2.578
-1.623,1.712
-2.215,1.882
1.419,1.585
1.044,1.617
1.089,1.601
0.414,1.562
-0.2,1.476
-0.267,1.622
-0.503,1.878
-0.623,1.643
-0.513,1.549
-2.603,-0.111
-2.621,1.186
-2.987,-2.004
2.144,-0.767
-0.203,0.632
-2.282,-0.915
-2.563,-1.499
0.282,-0.092
0.145,-0.643
0.217,-0.28
0.141,-0.849
-0.203,-2.181
-0.482,-1.953
-0.698,-0.216
-0.615,-0.989
-0.666,-0.267
-0.716,-0.271
-0.852,0.692
2.513,-1.247
0.473,-2.105
-0.881,-1.954
-0.062,-1.395
-0.001,-1.472
-0.08,-1.424
-0.118,-2.698
-0.284,-2.831
-0.239,-2.761
-0.369,-1.188
-0.441,-3.223
-0.598,-2.066
-0.544,-2.646
-0.563,-2.332
-0.613,-3.364
-0.951,-3.698
-1.07,-0.418
-1.06,-2.126
-1.128,-2.973
-1.179,-2.263
-1.231,-2.301
-1.249,-3.8
-1.365,-2.255
-1.458,-0.412
-1.463,-3.23
-1.388,-0.964
-1.942,-4.215
-2.349,-4.014
-2.633,-4.13
2.885,-3.794
2.251,-4.3
1.753,-4.147
1.243,-4.035
-1.447,0.272
-2.129,0.122
-2.341,0.047
-2.357,0.214
-2.514,0.146
-2.837,0.207
2.875,0.006
2.655,0.219
0.819,0.379
0.695,0.413
0.319,0.222
-0.21,0.325
-0.485,0.123
-0.725,0.355
-0.853,0.382
2.715,-2.145
1.111,-2.558
0.729,-0.838
0.205,-2.713
2.698,0.14
0.544,0.223
-1.409,-2.721
-1.612,-3.644
-1.567,-2.536
-1.564,-2.271
-1.738,-3.867
-1.653,-0.279
-1.739,-0.9
-1.934,-1.481
-1.962,-2.015
-1.993,-2.824
-2.138,-2.431
-2.167,-2.598
-2.166,-3.44
-2.43,-0.374
-2.422,-1.209
-2.44,-3.851
-2.504,-3.758
-2.594,-3.377
-2.552,-2.417
-2.706,-3.697
-2.778,-1.438
-2.754,-3.453
-2.846,-2.874
-2.986,-1.673
3.113,-2.385
-3.119,-2.083
3.028,-2.276
3.002,-1.459
2.962,-1.873
2.807,-1.733
2.828,-1.078
2.746,-0.087
2.623,-3.837
2.558,-2.76
2.438,-0.187
2.442,-3.967
2.469,-2.494
2.342,-1.233
2.142,-2.813
2.043,-1.912
2.043,-3.487
1.891,-2.675
1.871,-2.065
1.752,0.003
1.62,-1.194
1.233,-0.303
1.135,-2.476
1.138,-0.242
0.992,-1.327
0.881,-0.308
0.631,-1.663
0.73,-2.039
0.535,-1.387
0.583,-2.8
0.475,-3.9
0.346,-1.61
0.193,-1.15
0.025,-2.447
-0.278,-3.436
-0.292,-3.4
-0.184,-0.83
-0.415,-2.694
-0.419,-1.275
-0.55,-2.135
-0.407,-0.231
-0.599,-1.877
-0.822,-2.756
-0.954,-3.222
-1.104,-2.64
-1.273,-2.81
-1.217,-0.889
-1.293,-2.463
-1.329,-2.316
-1.966,-4.135
-2.785,-4.032
2.264,-4.198
2.344,-4.088
-1.162,-4.052
-1.411,-4.049
-1.597,0.241
-2.189,0.411
1.445,0.114
1.07,0.146
1.115,0.13
0.44,0.091
-0.174,0.005
-0.241,0.151
-0.477,0.407
-0.597,0.172
-0.487,0.078
-2.577,-1.582
-2.595,-0.285
-2.961,-3.475
2.17,-2.238
-0.177,-0.839
-2.256,-2.386
-2.537,-2.97
0.308,-1.563
0.171,-2.114
0.243,-1.751
0.167,-2.32
-0.177,-3.652
-0.456,-3.424
-0.672,-1.687
-0.589,-2.46
-0.64,-1.738
-0.69,-1.742
-0.826,-0.779
2.539,-2.718
0.499,-3.576
-0.855,-3.425
0.061,-0.077
-0.018,-0.029
-0.056,-1.303
-0.222,-1.436
-0.177,-1.366
-0.307,0.207
-0.379,-1.828
-0.536,-0.671
-0.482,-1.251
-0.501,-0.937
-0.551,-1.969
-0.889,-2.303
-1.008,0.977
-0.998,-0.731
-1.066,-1.578
-1.117,-0.868
-1.169,-0.906
-1.187,-2.405
-1.303,-0.86
-1.396,0.983
-1.401,-1.835
-1.326,0.431
-1.88,-2.82
-2.287,-2.619
-2.571,-2.735
2.947,-2.399
2.313,-2.905
1.815,-2.752
1.305,-2.64
-1.385,1.667
-2.067,1.517
-2.279,1.442
-2.295,1.609
-2.452,1.541
-2.775,1.602
2.937,1.401
2.717,1.614
0.881,1.774
0.757,1.808
0.381,1.617
-0.148,1.72
-0.423,1.518
-0.663,1.75
-0.791,1.777
2.777,-0.75
1.173,-1.163
0.791,0.557
0.267,-1.318
2.76,1.535
0.606,1.618
-1.347,-1.326
-1.55,-2.249
-1.505,-1.141
-1.502,-0.876
-1.676,-2.472
-1.591,1.116
-1.677,0.495
-1.872,-0.086
-1.9,-0.62
-1.931,-1.429
-2.076,-1.036
-2.105,-1.203
-2.104,-2.045
-2.368,1.021
-2.36,0.186
-2.378,-2.456
-2.442,-2.363
-2.532,-1.982
-2.49,-1.022
-2.644,-2.302
-2.716,-0.043
-2.692,-2.058
-2.784,-1.479
-2.924,-0.278
-3.108,-0.99
-3.057,-0.688
3.09,-0.881
3.064,-0.064
3.024,-0.478
2.869,-0.338
2.89,0.317
2.808,1.308
2.685,-2.442
2.62,-1.365
2.5,1.208
2.504,-2.572
2.531,-1.099
2.404,0.162
2.204,-1.418
2.105,-0.517
2.105,-2.092
1.953,-1.28
1.933,-0.67
1.814,1.398
1.682,0.201
1.295,1.092
1.197,-1.081
1.2,1.153
1.054,0.068
0.943,1.087
0.693,-0.268
0.792,-0.644
0.597,0.008
0.645,-1.405
0.537,-2.505
0.408,-0.215
0.255,0.245
0.087,-1.052
-0.216,-2.041
-0.23,-2.005
-0.122,0.565
-0.353,-1.299
-0.357,0.12
-0.488,-0.74
-0.345,1.164
-0.537,-0.482
-0.76,-1.361
-0.892,-1.827
-1.042,-1.245
-1.211,-1.415
-1.155,0.506
-1.231,-1.068
-1.267,-0.921
-1.904,-2.74
-2.723,-2.637
2.326,-2.803
2.406,-2.693
-1.1,-2.657
-1.349,-2.654
-1.535,1.636
-2.127,1.806
1.507,1.509
1.132,1.541
1.177,1.525
0.502,1.486
-0.112,1.4
-0.179,1.546
-0.415,1.802
-0.535,1.567
-0.425,1.473
-2.515,-0.187
-2.533,1.11
-2.899,-2.08
2.232,-0.843
-0.115,0.556
-2.194,-0.991
-2.475,-1.575
0.37,-0.168
0.233,-0.719
0.305,-0.356
0.229,-0.925
-0.115,-2.257
-0.394,-2.029
-0.61,-0.292
-0.527,-1.065
-0.578,-0.343
-0.628,-0.347
-0.764,0.616
2.601,-1.323
0.561,-2.181
-0.793,-2.03
-0.079,0.048
-0.117,-1.226
-0.283,-1.359
-0.238,-1.289
-0.368,0.284
-0.44,-1.751
-0.597,-0.594
-0.543,-1.174
-0.562,-0.86
-0.612,-1.892
-0.95,-2.226
-1.069,1.054
-1.059,-0.654
-1.127,-1.501
-1.178,-0.791
-1.23,-0.829
-1.248,-2.328
-1.364,-0.783
-1.457,1.06
-1.462,-1.758
-1.387,0.508
-1.941,-2.743
-2.348,-2.542
-2.632,-2.658
2.886,-2.322
2.252,-2.828
1.754,-2.675
1.244,-2.563
-1.446,1.744
-2.128,1.594
-2.34,1.519
-2.356,1.686
-2.513,1.618
-2.836,1.679
2.876,1.478
2.656,1.691
0.82,1.851
0.696,1.885
0.32,1.694
-0.209,1.797
-0.484,1.595
-0.724,1.827
-0.852,1.854
2.716,-0.673
1.112,-1.086
0.73,0.634
0.206,-1.241
2.699,1.612
0.545,1.695
-1.408,-1.249
-1.611,-2.172
-1.566,-1.064
-1.563,-0.799
-1.737,-2.395
-1.652,1.193
-1.738,0.572
-1.933,-0.009
-1.961,-0.543
-1.992,-1.352
-2.137,-0.959
-2.166,-1.126
-2.165,-1.968
-2.429,1.098
-2.421,0.263
-2.439,-2.379
-2.503,-2.286
-2.593,-1.905
-2.551,-0.945
-2.705,-2.225
-2.777,0.034
-2.753,-1.981
-2.845,-1.402
-2.985,-0.201
3.114,-0.913
-3.118,-0.611
3.029,-0.804
3.003,0.013
2.963,-0.401
2.808,-0.261
2.829,0.394
2.747,1.385
2.624,-2.365
2.559,-1.288
2.439,1.285
2.443,-2.495
2.47,-1.022
2.343,0.239
2.143,-1.341
2.044,-0.44
2.044,-2.015
1.892,-1.203
1.872,-0.593
1.753,1.475
1.621,0.278
1.234,1.169
1.136,-1.004
1.139,1.23
0.993,0.145
0.882,1.164
0.632,-0.191
0.731,-0.567
0.536,0.085
0.584,-1.328
0.476,-2.428
0.347,-0.138
0.194,0.322
0.026,-0.975
-0.277,-1.964
-0.291,-1.928
-0.183,0.642
-0.414,-1.222
-0.418,0.197
-0.549,-0.663
-0.406,1.241
-0.598,-0.405
-0.821,-1.284
-0.953,-1.75
-1.103,-1.168
-1.272,-1.338
-1.216,0.583
-1.292,-0.991
-1.328,-0.844
-1.965,-2.663
-2.784,-2.56
2.265,-2.726
2.345,-2.616
-1.161,-2.58
-1.41,-2.577
-1.596,1.713
-2.188,1.883
1.446,1.586
1.071,1.618
1.116,1.602
0.441,1.563
-0.173,1.477
-0.24,1.623
-0.476,1.879
-0.596,1.644
-0.486,1.55
-2.576,-0.11
-2.594,1.187
-2.96,-2.003
2.171,-0.766
-0.176,0.633
-2.255,-0.914
-2.536,-1.498
0.309,-0.091
0.172,-0.642
0.244,-0.279
0.168,-0.848
-0.176,-2.18
-0.455,-1.952
-0.671,-0.215
-0.588,-0.988
-0.639,-0.266
-0.689,-0.27
-0.825,0.693
2.54,-1.246
0.5,-2.104
-0.854,-1.953
-0.038,-1.274
-0.204,-1.407
-0.159,-1.337
-0.289,0.236
-0.361,-1.799
-0.518,-0.642
-0.464,-1.222
-0.483,-0.908
-0.533,-1.94
-0.871,-2.274
-0.99,1.006
-0.98,-0.702
-1.048,-1.549
-1.099,-0.839
-1.151,-0.877
-1.169,-2.376
-1.285,-0.831
-1.378,1.012
-1.383,-1.806
-1.308,0.46
-1.862,-2.791
-2.269,-2.59
-2.553,-2.706
2.965,-2.37
2.331,-2.876
1.833,-2.723
1.323,-2.611
-1.367,1.696
-2.049,1.546
-2.261,1.471
-2.277,1.638
-2.434,1.57
-2.757,1.631
2.955,1.43
2.735,1.643
0.899,1.803
0.775,1.837
0.399,1.646
-0.13,1.749
-0.405,1.547
-0.645,1.779
-0.773,1.806
2.795,-0.721
1.191,-1.134
0.809,0.586
0.285,-1.289
2.778,1.564
0.624,1.647
-1.329,-1.297
-1.532,-2.22
-1.487,-1.112
-1.484,-0.847
-1.658,-2.443
-1.573,1.145
-1.659,0.524
-1.854,-0.057
-1.882,-0.591
-1.913,-1.4
-2.058,-1.007
-2.087,-1.174
-2.086,-2.016
-2.35,1.05
-2.342,0.215
-2.36,-2.427
-2.424,-2.334
-2.514,-1.953
-2.472,-0.993
-2.626,-2.273
-2.698,-0.014
-2.674,-2.029
-2.766,-1.45
-2.906,-0.249
-3.09,-0.961
-3.039,-0.659
3.108,-0.852
3.082,-0.035
3.042,-0.449
2.887,-0.309
2.908,0.346
2.826,1.337
2.703,-2.413
2.638,-1.336
2.518,1.237
2.522,-2.543
2.549,-1.07
2.422,0.191
2.222,-1.389
2.123,-0.488
2.123,-2.063
1.971,-1.251
1.951,-0.641
1.832,1.427
1.7,0.23
1.313,1.121
1.215,-1.052
1.218,1.182
1.072,0.097
0.961,1.116
0.711,-0.239
0.81,-0.615
0.615,0.037
0.663,-1.376
0.555,-2.476
0.426,-0.186
0.273,0.274
0.105,-1.023
-0.198,-2.012
-0.212,-1.976
-0.104,0.594
-0.335,-1.27
-0.339,0.149
-0.47,-0.711
-0.327,1.193
-0.519,-0.453
-0.742,-1.332
-0.874,-1.798
-1.024,-1.216
-1.193,-1.386
-1.137,0.535
-1.213,-1.039
-1.249,-0.892
-1.886,-2.711
-2.705,-2.608
2.344,-2.774
2.424,-2.664
-1.082,-2.628
-1.331,-2.625
-1.517,1.665
-2.109,1.835
1.525,1.538
1.15,1.57
1.195,1.554
0.52,1.515
-0.094,1.429
-0.161,1.575
-0.397,1.831
-0.517,1.596
-0.407,1.502
-2.497,-0.158
-2.515,1.139
-2.881,-2.051
2.25,-0.814
-0.097,0.585
-2.176,-0.962
-2.457,-1.546
0.388,-0.139
0.251,-0.69
0.323,-0.327
0.247,-0.896
-0.097,-2.228
-0.376,-2.0
-0.592,-0.263
-0.509,-1.036
-0.56,-0.314
-0.61,-0.318
-0.746,0.645
2.619,-1.294
0.579,-2.152
-0.775,-2.001
-0.166,-0.133
-0.121,-0.063
-0.251,1.51
-0.323,-0.525
-0.48,0.632
-0.426,0.052
-0.445,0.366
-0.495,-0.666
-0.833,-1.0
-0.952,2.28
-0.942,0.572
-1.01,-0.275
-1.061,0.435
-1.113,0.397
-1.131,-1.102
-1.247,0.443
-1.34,2.286
-1.345,-0.532
-1.27,1.734
-1.824,-1.517
-2.231,-1.316
-2.515,-1.432
3.003,-1.096
2.369,-1.602
1.871,-1.449
1.361,-1.337
-1.329,2.97
-2.011,2.82
-2.223,2.745
-2.239,2.912
-2.396,2.844
-2.719,2.905
2.993,2.704
2.773,2.917
0.937,3.077
0.813,3.111
0.437,2.92
-0.092,3.023
-0.367,2.821
-0.607,3.053
-0.735,3.08
2.833,0.553
1.229,0.14
0.847,1.86
0.323,-0.015
2.816,2.838
0.662,2.921
-1.291,-0.023
-1.494,-0.946
-1.449,0.162
-1.446,0.427
-1.62,-1.169
-1.535,2.419
-1.621,1.798
-1.816,1.217
-1.844,0.683
-1.875,-0.126
-2.02,0.267
-2.049,0.1
-2.048,-0.742
-2.312,2.324
-2.304,1.489
-2.322,-1.153
-2.386,-1.06
-2.476,-0.679
-2.434,0.281
-2.588,-0.999
-2.66,1.26
-2.636,-0.755
-2.728,-0.176
-2.868,1.025
-3.052,0.313
-3.001,0.615
-3.137,0.422
3.12,1.239
3.08,0.825
2.925,0.965
2.946,1.62
2.864,2.611
2.741,-1.139
2.676,-0.062
2.556,2.511
2.56,-1.269
2.587,0.204
2.46,1.465
2.26,-0.115
2.161,0.786
2.161,-0.789
2.009,0.023
1.989,0.633
1.87,2.701
1.738,1.504
1.351,2.395
1.253,0.222
1.256,2.456
1.11,1.371
0.999,2.39
0.749,1.035
0.848,0.659
0.653,1.311
0.701,-0.102
0.593,-1.202
0.464,1.088
0.311,1.548
0.143,0.251
-0.16,-0.738
-0.174,-0.702
-0.066,1.868
-0.297,0.004
-0.301,1.423
-0.432,0.563
-0.289,2.467
-0.481,0.821
-0.704,-0.058
-0.836,-0.524
-0.986,0.058
-1.155,-0.112
-1.099,1.809
-1.175,0.235
-1.211,0.382
-1.848,-1.437
-2.667,-1.334
2.382,-1.5
2.462,-1.39
-1.044,-1.354
-1.293,-1.351
-1.479,2.939
-2.071,3.109
1.563,2.812
1.188,2.844
1.233,2.828
0.558,2.789
-0.056,2.703
-0.123,2.849
-0.359,3.105
-0.479,2.87
-0.369,2.776
-2.459,1.116
-2.477,2.413
-2.843,-0.777
2.288,0.46
-0.059,1.859
-2.138,0.312
-2.419,-0.272
0.426,1.135
0.289,0.584
0.361,0.947
0.285,0.378
-0.059,-0.954
-0.338,-0.726
-0.554,1.011
-0.471,0.238
-0.522,0.96
-0.572,0.956
-0.708,1.919
2.657,-0.02
0.617,-0.878
-0.737,-0.727
0.045,0.07
-0.085,1.643
-0.157,-0.392
-0.314,0.765
-0.26,0.185
-0.279,0.499
-0.329,-0.533
-0.667,-0.867
-0.786,2.413
-0.776,0.705
-0.844,-0.142
-0.895,0.568
-0.947,0.53
-0.965,-0.969
-1.081,0.576
-1.174,2.419
-1.179,-0.399
-1.104,1.867
-1.658,-1.384
-2.065,-1.183
-2.349,-1.299
-3.114,-0.963
2.535,-1.469
2.037,-1.316
1.527,-1.204
-1.163,3.103
-1.845,2.953
-2.057,2.878
-2.073,3.045
-2.23,2.977
-2.553,3.038
-3.124,2.837
2.939,3.05
1.103,3.21
0.979,3.244
0.603,3.053
0.074,3.156
-0.201,2.954
-0.441,3.186
-0.569,3.213
2.999,0.686
1.395,0.273
1.013,1.993
0.489,0.118
2.982,2.971
0.828,3.054
-1.125,0.11
-1.328,-0.813
-1.283,0.295
-1.28,0.56
-1.454,-1.036
-1.369,2.552
-1.455,1.931
-1.65,1.35
-1.678,0.816
-1.709,0.007
-1.854,0.4
-1.883,0.233
-1.882,-0.609
-2.146,2.457
-2.138,1.622
-2.156,-1.02
-2.22,-0.927
-2.31,-0.546
-2.268,0.414
-2.422,-0.866
-2.494,1.393
-2.47,-0.622
-2.562,-0.043
-2.702,1.158
-2.886,0.446
-2.835,0.748
-2.971,0.555
-2.997,1.372
-3.037,0.958
3.091,1.098
3.112,1.753
3.03,2.744
2.907,-1.006
2.842,0.071
2.722,2.644
2.726,-1.136
2.753,0.337
2.626,1.598
2.426,0.018
2.327,0.919
2.327,-0.656
2.175,0.156
2.155,0.766
2.036,2.834
1.904,1.637
1.517,2.528
1.419,0.355
1.422,2.589
1.276,1.504
1.165,2.523
0.915,1.168
1.014,0.792
0.819,1.444
0.867,0.031
0.759,-1.069
0.63,1.221
0.477,1.681
0.309,0.384
0.006,-0.605
-0.008,-0.569
0.1,2.001
-0.131,0.137
-0.135,1.556
-0.266,0.696
-0.123,2.6
-0.315,0.954
-0.538,0.075
-0.67,-0.391
-0.82,0.191
-0.989,0.021
-0.933,1.942
-1.009,0.368
-1.045,0.515
-1.682,-1.304
-2.501,-1.201
2.548,-1.367
2.628,-1.257
-0.878,-1.221
-1.127,-1.218
-1.313,3.072
-1.905,3.242
1.729,2.945
1.354,2.977
1.399,2.961
0.724,2.922
0.11,2.836
0.043,2.982
-0.193,3.238
-0.313,3.003
-0.203,2.909
-2.293,1.249
-2.311,2.546
-2.677,-0.644
2.454,0.593
0.107,1.992
-1.972,0.445
-2.253,-0.139
0.592,1.268
0.455,0.717
0.527,1.08
0.451,0.511
0.107,-0.821
-0.172,-0.593
-0.388,1.144
-0.305,0.371
-0.356,1.093
-0.406,1.089
-0.542,2.052
2.823,0.113
0.783,-0.745
-0.571,-0.594
-0.13,1.573
-0.202,-0.462
-0.359,0.695
-0.305,0.115
-0.324,0.429
-0.374,-0.603
-0.712,-0.937
-0.831,2.343
-0.821,0.635
-0.889,-0.212
-0.94,0.498
-0.992,0.46
-1.01,-1.039
-1.126,0.506
-1.219,2.349
-1.224,-0.469
-1.149,1.797
-1.703,-1.454
-2.11,-1.253
-2.394,-1.369
3.124,-1.033
2.49,-1.539
1.992,-1.386
1.482,-1.274
-1.208,3.033
-1.89,2.883
-2.102,2.808
-2.118,2.975
-2.275,2.907
-2.598,2.968
3.114,2.767
2.894,2.98
1.058,3.14
0.934,3.174
0.558,2.983
0.029,3.086
-0.246,2.884
-0.486,3.116
-0.614,3.143
2.954,0.616
1.35,0.203
0.968,1.923
0.444,0.048
2.937,2.901
0.783,2.984
-1.17,0.04
-1.373,-0.883
-1.328,0.225
-1.325,0.49
-1.499,-1.106
-1.414,2.482
-1.5,1.861
-1.695,1.28
-1.723,0.746
-1.754,-0.063
-1.899,0.33
-1.928,0.163
-1.927,-0.679
-2.191,2.387
-2.183,1.552
-2.201,-1.09
-2.265,-0.997
-2.355,-0.616
-2.313,0.344
-2.467,-0.936
-2.539,1.323
-2.515,-0.692
-2.607,-0.113
-2.747,1.088
-2.931,0.376
-2.88,0.678
-3.016,0.485
-3.042,1.302
-3.082,0.888
3.046,1.028
3.067,1.683
2.985,2.674
2.862,-1.076
2.797,0.001
2.677,2.574
2.681,-1.206
2.708,0.267
2.581,1.528
2.381,-0.052
2.282,0.849
2.282,-0.726
2.13,0.086
2.11,0.696
1.991,2.764
1.859,1.567
1.472,2.458
1.374,0.285
1.377,2.519
1.231,1.434
1.12,2.453
0.87,1.098
0.969,0.722
0.774,1.374
0.822,-0.039
0.714,-1.139
0.585,1.151
0.432,1.611
0.264,0.314
-0.039,-0.675
-0.053,-0.639
0.055,1.931
-0.176,0.067
-0.18,1.486
-0.311,0.626
-0.168,2.53
-0.36,0.884
-0.583,0.005
-0.715,-0.461
-0.865,0.121
-1.034,-0.049
-0.978,1.872
-1.054,0.298
-1.09,0.445
-1.727,-1.374
-2.546,-1.271
2.503,-1.437
2.583,-1.327
-0.923,-1.291
-1.172,-1.288
-1.358,3.002
-1.95,3.172
1.684,2.875
1.309,2.907
1.354,2.891
0.679,2.852
0.065,2.766
-0.002,2.912
-0.238,3.168
-0.358,2.933
-0.248,2.839
-2.338,1.179
-2.356,2.476
-2.722,-0.714
2.409,0.523
0.062,1.922
-2.017,0.375
-2.298,-0.209
0.547,1.198
0.41,0.647
0.482,1.01
0.406,0.441
0.062,-0.891
-0.217,-0.663
-0.433,1.074
-0.35,0.301
-0.401,1.023
-0.451,1.019
-0.587,1.982
2.778,0.043
0.738,-0.815
-0.616,-0.664
-0.072,-2.035
-0.229,-0.878
-0.175,-1.458
-0.194,-1.144
-0.244,-2.176
-0.582,-2.51
-0.701,0.77
-0.691,-0.938
-0.759,-1.785
-0.81,-1.075
-0.862,-1.113
-0.88,-2.612
-0.996,-1.067
-1.089,0.776
-1.094,-2.042
-1.019,0.224
-1.573,-3.027
-1.98,-2.826
-2.264,-2.942
-3.029,-2.606
2.62,-3.112
2.122,-2.959
1.612,-2.847
-1.078,1.46
-1.76,1.31
-1.972,1.235
-1.988,1.402
-2.145,1.334
-2.468,1.395
-3.039,1.194
3.024,1.407
1.188,1.567
1.064,1.601
0.688,1.41
0.159,1.513
-0.116,1.311
-0.356,1.543
-0.484,1.57
3.084,-0.957
1.48,-1.37
1.098,0.35
0.574,-1.525
3.067,1.328
0.913,1.411
-1.04,-1.533
-1.243,-2.456
-1.198,-1.348
-1.195,-1.083
-1.369,-2.679
-1.284,0.909
-1.37,0.288
-1.565,-0.293
-1.593,-0.827
-1.624,-1.636
-1.769,-1.243
-1.798,-1.41
-1.797,-2.252
-2.061,0.814
-2.053,-0.021
-2.071,-2.663
-2.135,-2.57
-2.225,-2.189
-2.183,-1.229
-2.337,-2.509
-2.409,-0.25
-2.385,-2.265
-2.477,-1.686
-2.617,-0.485
-2.801,-1.197
-2.75,-0.895
-2.886,-1.088
-2.912,-0.271
-2.952,-0.685
-3.107,-0.545
-3.086,0.11
3.115,1.101
2.992,-2.649
2.927,-1.572
2.807,1.001
2.811,-2.779
2.838,-1.306
2.711,-0.045
2.511,-1.625
2.412,-0.724
2.412,-2.299
2.26,-1.487
2.24,-0.877
2.121,1.191
1.989,-0.006
1.602,0.885
1.504,-1.288
1.507,0.946
1.361,-0.139
1.25,0.88
1.0,-0.475
1.099,-0.851
0.904,-0.199
0.952,-1.612
0.844,-2.712
0.715,-0.422
0.562,0.038
0.394,-1.259
0.091,-2.248
0.077,-2.212
0.185,0.358
-0.046,-1.506
-0.05,-0.087
-0.181,-0.947
-0.038,0.957
-0.23,-0.689
-0.453,-1.568
-0.585,-2.034
-0.735,-1.452
-0.904,-1.622
-0.848,0.299
-0.924,-1.275
-0.96,-1.128
-1.597,-2.947
-2.416,-2.844
2.633,-3.01
2.713,-2.9
-0.793,-2.864
-1.042,-2.861
-1.228,1.429
-1.82,1.599
1.814,1.302
1.439,1.334
1.484,1.318
0.809,1.279
0.195,1.193
0.128,1.339
-0.108,1.595
-0.228,1.36
-0.118,1.266
-2.208,-0.394
-2.226,0.903
-2.592,-2.287
2.539,-1.05
0.192,0.349
-1.887,-1.198
-2.168,-1.782
0.677,-0.375
0.54,-0.926
0.612,-0.563
0.536,-1.132
0.192,-2.464
-0.087,-2.236
-0.303,-0.499
-0.22,-1.272
-0.271,-0.55
-0.321,-0.554
-0.457,0.409
2.908,-1.53
0.868,-2.388
-0.486,-2.237
-0.157,1.157
-0.103,0.577
-0.122,0.891
-0.172,-0.141
-0.51,-0.475
-0.629,2.805
-0.619,1.097
-0.687,0.25
-0.738,0.96
-0.79,0.922
-0.808,-0.577
-0.924,0.968
-1.017,2.811
-1.022,-0.007
-0.947,2.259
-1.501,-0.992
-1.908,-0.791
-2.192,-0.907
-2.957,-0.571
2.692,-1.077
2.194,-0.924
1.684,-0.812
-1.006,3.495
-1.688,3.345
-1.9,3.27
-1.916,3.437
-2.073,3.369
-2.396,3.43
-2.967,3.229
3.096,3.442
1.26,3.602
1.136,3.636
0.76,3.445
0.231,3.548
-0.044,3.346
-0.284,3.578
-0.412,3.605
-3.127,1.078
1.552,0.665
1.17,2.385
0.646,0.51
3.139,3.363
0.985,3.446
-0.968,0.502
-1.171,-0.421
-1.126,0.687
-1.123,0.952
-1.297,-0.644
-1.212,2.944
-1.298,2.323
-1.493,1.742
-1.521,1.208
-1.552,0.399
-1.697,0.792
-1.726,0.625
-1.725,-0.217
-1.989,2.849
-1.981,2.014
-1.999,-0.628
-2.063,-0.535
-2.153,-0.154
-2.111,0.806
-2.265,-0.474
-2.337,1.785
-2.313,-0.23
-2.405,0.349
-2.545,1.55
-2.729,0.838
-2.678,1.14
-2.814,0.947
-2.84,1.764
-2.88,1.35
-3.035,1.49
-3.014,2.145
-3.096,3.136
3.064,-0.614
2.999,0.463
2.879,3.036
2.883,-0.744
2.91,0.729
2.783,1.99
2.583,0.41
2.484,1.311
2.484,-0.264
2.332,0.548
2.312,1.158
2.193,3.226
2.061,2.029
1.674,2.92
1.576,0.747
1.579,2.981
1.433,1.896
1.322,2.915
1.072,1.56
1.171,1.184
0.976,1.836
1.024,0.423
0.916,-0.677
0.787,1.613
0.634,2.073
0.466,0.776
0.163,-0.213
0.149,-0.177
0.257,2.393
0.026,0.529
0.022,1.948
-0.109,1.088
0.034,2.992
-0.158,1.346
-0.381,0.467
-0.513,0.001
-0.663,0.583
-0.832,0.413
-0.776,2.334
-0.852,0.76
-0.888,0.907
-1.525,-0.912
-2.344,-0.809
2.705,-0.975
2.785,-0.865
-0.721,-0.829
-0.97,-0.826
-1.156,3.464
-1.748,3.634
1.886,3.337
1.511,3.369
1.556,3.353
0.881,3.314
0.267,3.228
0.2,3.374
-0.036,3.63
-0.156,3.395
-0.046,3.301
-2.136,1.641
-2.154,2.938
-2.52,-0.252
2.611,0.985
0.264,2.384
-1.815,0.837
-2.096,0.253
0.749,1.66
0.612,1.109
0.684,1.472
0.608,0.903
0.264,-0.429
-0.015,-0.201
-0.231,1.536
-0.148,0.763
-0.199,1.485
-0.249,1.481
-0.385,2.444
2.98,0.505
0.94,-0.353
-0.414,-0.202
0.054,-0.58
0.035,-0.266
-0.015,-1.298
-0.353,-1.632
-0.472,1.648
-0.462,-0.06
-0.53,-0.907
-0.581,-0.197
-0.633,-0.235
-0.651,-1.734
-0.767,-0.189
-0.86,1.654
-0.865,-1.164
-0.79,1.102
-1.344,-2.149
-1.751,-1.948
-2.035,-2.064
-2.8,-1.728
2.849,-2.234
2.351,-2.081
1.841,-1.969
-0.849,2.338
-1.531,2.188
-1.743,2.113
-1.759,2.28
-1.916,2.212
-2.239,2.273
-2.81,2.072
-3.03,2.285
1.417,2.445
1.293,2.479
0.917,2.288
0.388,2.391
0.113,2.189
-0.127,2.421
-0.255,2.448
-2.97,-0.079
1.709,-0.492
1.327,1.228
0.803,-0.647
-2.987,2.206
1.142,2.289
-0.811,-0.655
-1.014,-1.578
-0.969,-0.47
-0.966,-0.205
-1.14,-1.801
-1.055,1.787
-1.141,1.166
-1.336,0.585
-1.364,0.051
-1.395,-0.758
-1.54,-0.365
-1.569,-0.532
-1.568,-1.374
-1.832,1.692
-1.824,0.857
-1.842,-1.785
-1.906,-1.692
-1.996,-1.311
-1.954,-0.351
-2.108,-1.631
-2.18,0.628
-2.156,-1.387
-2.248,-0.808
-2.388,0.393
-2.572,-0.319
-2.521,-0.017
-2.657,-0.21
-2.683,0.607
-2.723,0.193
-2.878,0.333
-2.857,0.988
-2.939,1.979
-3.062,-1.771
-3.127,-0.694
3.036,1.879
3.04,-1.901
3.067,-0.428
2.94,0.833
2.74,-0.747
2.641,0.154
2.641,-1.421
2.489,-0.609
2.469,0.001
2.35,2.069
2.218,0.872
1.831,1.763
1.733,-0.41
1.736,1.824
1.59,0.739
1.479,1.758
1.229,0.403
1.328,0.027
1.133,0.679
1.181,-0.734
1.073,-1.834
0.944,0.456
0.791,0.916
0.623,-0.381
0.32,-1.37
0.306,-1.334
0.414,1.236
0.183,-0.628
0.179,0.791
0.048,-0.069
0.191,1.835
-0.001,0.189
-0.224,-0.69
-0.356,-1.156
-0.506,-0.574
-0.675,-0.744
-0.619,1.177
-0.695,-0.397
-0.731,-0.25
-1.368,-2.069
-2.187,-1.966
2.862,-2.132
2.942,-2.022
-0.564,-1.986
-0.813,-1.983
-0.999,2.307
-1.591,2.477
2.043,2.18
1.668,2.212
1.713,2.196
1.038,2.157
0.424,2.071
0.357,2.217
0.121,2.473
0.001,2.238
0.111,2.144
-1.979,0.484
-1.997,1.781
-2.363,-1.409
2.768,-0.172
0.421,1.227
-1.658,-0.32
-1.939,-0.904
0.906,0.503
0.769,-0.048
0.841,0.315
0.765,-0.254
0.421,-1.586
0.142,-1.358
-0.074,0.379
0.009,-0.394
-0.042,0.328
-0.092,0.324
-0.228,1.287
3.137,-0.652
1.097,-1.51
-0.257,-1.359
-0.019,0.314
-0.069,-0.718
-0.407,-1.052
-0.526,2.228
-0.516,0.52
-0.584,-0.327
-0.635,0.383
-0.687,0.345
-0.705,-1.154
-0.821,0.391
-0.914,2.234
-0.919,-0.584
-0.844,1.682
-1.398,-1.569
-1.805,-1.368
-2.089,-1.484
-2.854,-1.148
2.795,-1.654
2.297,-1.501
1.787,-1.389
-0.903,2.918
-1.585,2.768
-1.797,2.693
-1.813,2.86
-1.97,2.792
-2.293,2.853
-2.864,2.652
-3.084,2.865
1.363,3.025
1.239,3.059
0.863,2.868
0.334,2.971
0.059,2.769
-0.181,3.001
-0.309,3.028
-3.024,0.501
1.655,0.088
1.273,1.808
0.749,-0.067
-3.041,2.786
1.088,2.869
-0.865,-0.075
-1.068,-0.998
-1.023,0.11
-1.02,0.375
-1.194,-1.221
-1.109,2.367
-1.195,1.746
-1.39,1.165
-1.418,0.631
-1.449,-0.178
-1.594,0.215
-1.623,0.048
-1.622,-0.794
-1.886,2.272
-1.878,1.437
-1.896,-1.205
-1.96,-1.112
-2.05,-0.731
-2.008,0.229
-2.162,-1.051
-2.234,1.208
-2.21,-0.807
-2.302,-0.228
-2.442,0.973
-2.626,0.261
-2.575,0.563
-2.711,0.37
-2.737,1.187
-2.777,0.773
-2.932,0.913
-2.911,1.568
-2.993,2.559
-3.116,-1.191
3.102,-0.114
2.982,2.459
2.986,-1.321
3.013,0.152
2.886,1.413
2.686,-0.167
2.587,0.734
2.587,-0.841
2.435,-0.029
2.415,0.581
2.296,2.649
2.164,1.452
1.777,2.343
1.679,0.17
1.682,2.404
1.536,1.319
1.425,2.338
1.175,0.983
1.274,0.607
1.079,1.259
1.127,-0.154
1.019,-1.254
0.89,1.036
0.737,1.496
0.569,0.199
0.266,-0.79
0.252,-0.754
0.36,1.816
0.129,-0.048
0.125,1.371
-0.006,0.511
0.137,2.415
-0.055,0.769
-0.278,-0.11
-0.41,-0.576
-0.56,0.006
-0.729,-0.164
-0.673,1.757
-0.749,0.183
-0.785,0.33
-1.422,-1.489
-2.241,-1.386
2.808,-1.552
2.888,-1.442
-0.618,-1.406
-0.867,-1.403
-1.053,2.887
-1.645,3.057
1.989,2.76
1.614,2.792
1.659,2.776
0.984,2.737
0.37,2.651
0.303,2.797
0.067,3.053
-0.053,2.818
0.057,2.724
-2.033,1.064
-2.051,2.361
-2.417,-0.829
2.714,0.408
0.367,1.807
-1.712,0.26
-1.993,-0.324
0.852,1.083
0.715,0.532
0.787,0.895
0.711,0.326
0.367,-1.006
0.088,-0.778
-0.128,0.959
-0.045,0.186
-0.096,0.908
-0.146,0.904
-0.282,1.867
3.083,-0.072
1.043,-0.93
-0.311,-0.779
-0.05,-1.032
-0.388,-1.366
-0.507,1.914
-0.497,0.206
-0.565,-0.641
-0.616,0.069
-0.668,0.031
-0.686,-1.468
-0.802,0.077
-0.895,1.92
-0.9,-0.898
-0.825,1.368
-1.379,-1.883
-1.786,-1.682
-2.07,-1.798
-2.835,-1.462
2.814,-1.968
2.316,-1.815
1.806,-1.703
-0.884,2.604
-1.566,2.454
-1.778,2.379
-1.794,2.546
-1.951,2.478
-2.274,2.539
-2.845,2.338
-3.065,2.551
1.382,2.711
1.258,2.745
0.882,2.554
0.353,2.657
0.078,2.455
-0.162,2.687
-0.29,2.714
-3.005,0.187
1.674,-0.226
1.292,1.494
0.768,-0.381
-3.022,2.472
1.107,2.555
-0.846,-0.389
-1.049,-1.312
-1.004,-0.204
-1.001,0.061
-1.175,-1.535
-1.09,2.053
-1.176,1.432
-1.371,0.851
-1.399,0.317
-1.43,-0.492
-1.575,-0.099
-1.604,-0.266
-1.603,-1.108
-1.867,1.958
-1.859,1.123
-1.877,-1.519
-1.941,-1.426
-2.031,-1.045
-1.989,-0.085
-2.143,-1.365
-2.215,0.894
-2.191,-1.121
-2.283,-0.542
-2.423,0.659
-2.607,-0.053
-2.556,0.249
-2.692,0.056
-2.718,0.873
-2.758,0.459
-2.913,0.599
-2.892,1.254
-2.974,2.245
-3.097,-1.505
3.121,-0.428
3.001,2.145
3.005,-1.635
3.032,-0.162
2.905,1.099
2.705,-0.481
2.606,0.42
2.606,-1.155
2.454,-0.343
2.434,0.267
2.315,2.335
2.183,1.138
1.796,2.029
1.698,-0.144
1.701,2.09
1.555,1.005
1.444,2.024
1.194,0.669
1.293,0.293
1.098,0.945
1.146,-0.468
1.038,-1.568
0.909,0.722
0.756,1.182
0.588,-0.115
0.285,-1.104
0.271,-1.068
0.379,1.502
0.148,-0.362
0.144,1.057
0.013,0.197
0.156,2.101
-0.036,0.455
-0.259,-0.424
-0.391,-0.89
-0.541,-0.308
-0.71,-0.478
-0.654,1.443
-0.73,-0.131
-0.766,0.016
-1.403,-1.803
-2.222,-1.7
2.827,-1.866
2.907,-1.756
-0.599,-1.72
-0.848,-1.717
-1.034,2.573
-1.626,2.743
2.008,2.446
1.633,2.478
1.678,2.462
1.003,2.423
0.389,2.337
0.322,2.483
0.086,2.739
-0.034,2.504
0.076,2.41
-2.014,0.75
-2.032,2.047
-2.398,-1.143
2.733,0.094
0.386,1.493
-1.693,-0.054
-1.974,-0.638
0.871,0.769
0.734,0.218
0.806,0.581
0.73,0.012
0.386,-1.32
0.107,-1.092
-0.109,0.645
-0.026,-0.128
-0.077,0.594
-0.127,0.59
-0.263,1.553
3.102,-0.386
1.062,-1.244
-0.292,-1.093
-0.338,-0.334
-0.457,2.946
-0.447,1.238
-0.515,0.391
-0.566,1.101
-0.618,1.063
-0.636,-0.436
-0.752,1.109
-0.845,2.952
-0.85,0.134
-0.775,2.4
-1.329,-0.851
-1.736,-0.65
-2.02,-0.766
-2.785,-0.43
2.864,-0.936
2.366,-0.783
1.856,-0.671
-0.834,3.636
-1.516,3.486
-1.728,3.411
-1.744,3.578
-1.901,3.51
-2.224,3.571
-2.795,3.37
-3.015,3.583
1.432,3.743
1.308,3.777
0.932,3.586
0.403,3.689
0.128,3.487
-0.112,3.719
-0.24,3.746
-2.955,1.219
1.724,0.806
1.342,2.526
0.818,0.651
-2.972,3.504
1.157,3.587
-0.796,0.643
-0.999,-0.28
-0.954,0.828
-0.951,1.093
-1.125,-0.503
-1.04,3.085
-1.126,2.464
-1.321,1.883
-1.349,1.349
-1.38,0.54
-1.525,0.933
-1.554,0.766
-1.553,-0.076
-1.817,2.99
-1.809,2.155
-1.827,-0.487
-1.891,-0.394
-1.981,-0.013
-1.939,0.947
-2.093,-0.333
-2.165,1.926
-2.141,-0.089
-2.233,0.49
-2.373,1.691
-2.557,0.979
-2.506,1.281
-2.642,1.088
-2.668,1.905
-2.708,1.491
-2.863,1.631
-2.842,2.286
-2.924,3.277
-3.047,-0.473
-3.112,0.604
3.051,3.177
3.055,-0.603
3.082,0.87
2.955,2.131
2.755,0.551
2.656,1.452
2.656,-0.123
2.504,0.689
2.484,1.299
2.365,3.367
2.233,2.17
1.846,3.061
1.748,0.888
1.751,3.122
1.605,2.037
1.494,3.056
1.244,1.701
1.343,1.325
1.148,1.977
1.196,0.564
1.088,-0.536
0.959,1.754
0.806,2.214
0.638,0.917
0.335,-0.072
0.321,-0.036
0.429,2.534
0.198,0.67
0.194,2.089
0.063,1.229
0.206,3.133
0.014,1.487
-0.209,0.608
-0.341,0.142
-0.491,0.724
-0.66,0.554
-0.604,2.475
-0.68,0.901
-0.716,1.048
-1.353,-0.771
-2.172,-0.668
2.877,-0.834
2.957,-0.724
-0.549,-0.688
-0.798,-0.685
-0.984,3.605
-1.576,3.775
2.058,3.478
1.683,3.51
1.728,3.494
1.053,3.455
0.439,3.369
0.372,3.515
0.136,3.771
0.016,3.536
0.126,3.442
-1.964,1.782
-1.982,3.079
-2.348,-0.111
2.783,1.126
0.436,2.525
-1.643,0.978
-1.924,0.394
0.921,1.801
0.784,1.25
0.856,1.613
0.78,1.044
0.436,-0.288
0.157,-0.06
-0.059,1.677
0.024,0.904
-0.027,1.626
-0.077,1.622
-0.213,2.585
-3.131,0.646
1.112,-0.212
-0.242,-0.061
-0.119,3.28
-0.109,1.572
-0.177,0.725
-0.228,1.435
-0.28,1.397
-0.298,-0.102
-0.414,1.443
-0.507,3.286
-0.512,0.468
-0.437,2.734
-0.991,-0.517
-1.398,-0.316
-1.682,-0.432
-2.447,-0.096
-3.081,-0.602
2.704,-0.449
2.194,-0.337
-0.496,3.97
-1.178,3.82
-1.39,3.745
-1.406,3.912
-1.563,3.844
-1.886,3.905
-2.457,3.704
-2.677,3.917
1.77,4.077
1.646,4.111
1.27,3.92
0.741,4.023
0.466,3.821
0.226,4.053
0.098,4.08
-2.617,1.553
2.062,1.14
1.68,2.86
1.156,0.985
-2.634,3.838
1.495,3.921
-0.458,0.977
-0.661,0.054
-0.616,1.162
-0.613,1.427
-0.787,-0.169
-0.702,3.419
-0.788,2.798
-0.983,2.217
-1.011,1.683
-1.042,0.874
-1.187,1.267
-1.216,1.1
-1.215,0.258
-1.479,3.324
-1.471,2.489
-1.489,-0.153
-1.553,-0.06
-1.643,0.321
-1.601,1.281
-1.755,0.001
-1.827,2.26
-1.803,0.245
-1.895,0.824
-2.035,2.025
-2.219,1.313
-2.168,1.615
-2.304,1.422
-2.33,2.239
-2.37,1.825
-2.525,1.965
-2.504,2.62
-2.586,3.611
-2.709,-0.139
-2.774,0.938
-2.894,3.511
-2.89,-0.269
-2.863,1.204
-2.99,2.465
3.093,0.885
2.994,1.786
2.994,0.211
2.842,1.023
2.822,1.633
2.703,3.701
2.571,2.504
2.184,3.395
2.086,1.222
2.089,3.456
1.943,2.371
1.832,3.39
1.582,2.035
1.681,1.659
1.486,2.311
1.534,0.898
1.426,-0.202
1.297,2.088
1.144,2.548
0.976,1.251
0.673,0.262
0.659,0.298
0.767,2.868
0.536,1.004
0.532,2.423
0.401,1.563
0.544,3.467
0.352,1.821
0.129,0.942
-0.003,0.476
-0.153,1.058
-0.322,0.888
-0.266,2.809
-0.342,1.235
-0.378,1.382
-1.015,-0.437
-1.834,-0.334
-3.068,-0.5
-2.988,-0.39
-0.211,-0.354
-0.46,-0.351
-0.646,3.939
-1.238,4.109
2.396,3.812
2.021,3.844
2.066,3.828
1.391,3.789
0.777,3.703
0.71,3.849
0.474,4.105
0.354,3.87
0.464,3.776
-1.626,2.116
-1.644,3.413
-2.01,0.223
3.121,1.46
0.774,2.859
-1.305,1.312
-1.586,0.728
1.259,2.135
1.122,1.584
1.194,1.947
1.118,1.378
0.774,0.046
0.495,0.274
0.279,2.011
0.362,1.238
0.311,1.96
0.261,1.956
0.125,2.919
-2.793,0.98
1.45,0.122
0.096,0.273
0.01,-1.708
-0.058,-2.555
-0.109,-1.845
-0.161,-1.883
-0.179,-3.382
-0.295,-1.837
-0.388,0.006
-0.393,-2.812
-0.318,-0.546
-0.872,-3.797
-1.279,-3.596
-1.563,-3.712
-2.328,-3.376
-2.962,-3.882
2.823,-3.729
2.313,-3.617
-0.377,0.69
-1.059,0.54
-1.271,0.465
-1.287,0.632
-1.444,0.564
-1.767,0.625
-2.338,0.424
-2.558,0.637
1.889,0.797
1.765,0.831
1.389,0.64
0.86,0.743
0.585,0.541
0.345,0.773
0.217,0.8
-2.498,-1.727
2.181,-2.14
1.799,-0.42
1.275,-2.295
-2.515,0.558
1.614,0.641
-0.339,-2.303
-0.542,-3.226
-0.497,-2.118
-0.494,-1.853
-0.668,-3.449
-0.583,0.139
-0.669,-0.482
-0.864,-1.063
-0.892,-1.597
-0.923,-2.406
-1.068,-2.013
-1.097,-2.18
-1.096,-3.022
-1.36,0.044
-1.352,-0.791
-1.37,-3.433
-1.434,-3.34
-1.524,-2.959
-1.482,-1.999
-1.636,-3.279
-1.708,-1.02
-1.684,-3.035
-1.776,-2.456
-1.916,-1.255
-2.1,-1.967
-2.049,-1.665
-2.185,-1.858
-2.211,-1.041
-2.251,-1.455
-2.406,-1.315
-2.385,-0.66
-2.467,0.331
-2.59,-3.419
-2.655,-2.342
-2.775,0.231
-2.771,-3.549
-2.744,-2.076
-2.871,-0.815
-3.071,-2.395
3.113,-1.494
3.113,-3.069
2.961,-2.257
2.941,-1.647
2.822,0.421
2.69,-0.776
2.303,0.115
2.205,-2.058
2.208,0.176
2.062,-0.909
1.951,0.11
1.701,-1.245
1.8,-1.621
1.605,-0.969
1.653,-2.382
1.545,-3.482
1.416,-1.192
1.263,-0.732
1.095,-2.029
0.792,-3.018
0.778,-2.982
0.886,-0.412
0.655,-2.276
0.651,-0.857
0.52,-1.717
0.663,0.187
0.471,-1.459
0.248,-2.338
0.116,-2.804
-0.034,-2.222
-0.203,-2.392
-0.147,-0.471
-0.223,-2.045
-0.259,-1.898
-0.896,-3.717
-1.715,-3.614
-2.949,-3.78
-2.869,-3.67
-0.092,-3.634
-0.341,-3.631
-0.527,0.659
-1.119,0.829
2.515,0.532
2.14,0.564
2.185,0.548
1.51,0.509
0.896,0.423
0.829,0.569
0.593,0.825
0.473,0.59
0.583,0.496
-1.507,-1.164
-1.525,0.133
-1.891,-3.057
-3.043,-1.82
0.893,-0.421
-1.186,-1.968
-1.467,-2.552
1.378,-1.145
1.241,-1.696
1.313,-1.333
1.237,-1.902
0.893,-3.234
0.614,-3.006
0.398,-1.269
0.481,-2.042
0.43,-1.32
0.38,-1.324
0.244,-0.361
-2.674,-2.3
1.569,-3.158
0.215,-3.007
-0.068,-0.847
-0.119,-0.137
-0.171,-0.175
-0.189,-1.674
-0.305,-0.129
-0.398,1.714
-0.403,-1.104
-0.328,1.162
-0.882,-2.089
-1.289,-1.888
-1.573,-2.004
-2.338,-1.668
-2.972,-2.174
2.813,-2.021
2.303,-1.909
-0.387,2.398
-1.069,2.248
-1.281,2.173
-1.297,2.34
-1.454,2.272
-1.777,2.333
-2.348,2.132
-2.568,2.345
1.879,2.505
1.755,2.539
1.379,2.348
0.85,2.451
0.575,2.249
0.335,2.481
0.207,2.508
-2.508,-0.019
2.171,-0.432
1.789,1.288
1.265,-0.587
-2.525,2.266
1.604,2.349
-0.349,-0.595
-0.552,-1.518
-0.507,-0.41
-0.504,-0.145
-0.678,-1.741
-0.593,1.847
-0.679,1.226
-0.874,0.645
-0.902,0.111
-0.933,-0.698
-1.078,-0.305
-1.107,-0.472
-1.106,-1.314
-1.37,1.752
-1.362,0.917
-1.38,-1.725
-1.444,-1.632
-1.534,-1.251
-1.492,-0.291
-1.646,-1.571
-1.718,0.688
-1.694,-1.327
-1.786,-0.748
-1.926,0.453
-2.11,-0.259
-2.059,0.043
-2.195,-0.15
-2.221,0.667
-2.261,0.253
-2.416,0.393
-2.395,1.048
-2.477,2.039
-2.6,-1.711
-2.665,-0.634
-2.785,1.939
-2.781,-1.841
-2.754,-0.368
-2.881,0.893
-3.081,-0.687
3.103,0.214
3.103,-1.361
2.951,-0.549
2.931,0.061
2.812,2.129
2.68,0.932
2.293,1.823
2.195,-0.35
2.198,1.884
2.052,0.799
1.941,1.818
1.691,0.463
1.79,0.087
1.595,0.739
1.643,-0.674
1.535,-1.774
1.406,0.516
1.253,0.976
1.085,-0.321
0.782,-1.31
0.768,-1.274
0.876,1.296
0.645,-0.568
0.641,0.851
0.51,-0.009
0.653,1.895
0.461,0.249
0.238,-0.63
0.106,-1.096
-0.044,-0.514
-0.213,-0.684
-0.157,1.237
-0.233,-0.337
-0.269,-0.19
-0.906,-2.009
-1.725,-1.906
-2.959,-2.072
-2.879,-1.962
-0.102,-1.926
-0.351,-1.923
-0.537,2.367
-1.129,2.537
2.505,2.24
2.13,2.272
2.175,2.256
1.5,2.217
0.886,2.131
0.819,2.277
0.583,2.533
0.463,2.298
0.573,2.204
-1.517,0.544
-1.535,1.841
-1.901,-1.349
-3.053,-0.112
0.883,1.287
-1.196,-0.26
-1.477,-0.844
1.368,0.563
1.231,0.012
1.303,0.375
1.227,-0.194
0.883,-1.526
0.604,-1.298
0.388,0.439
0.471,-0.334
0.42,0.388
0.37,0.384
0.234,1.347
-2.684,-0.592
1.559,-1.45
0.205,-1.299
-0.051,0.71
-0.103,0.672
-0.121,-0.827
-0.237,0.718
-0.33,2.561
-0.335,-0.257
-0.26,2.009
-0.814,-1.242
-1.221,-1.041
-1.505,-1.157
-2.27,-0.821
-2.904,-1.327
2.881,-1.174
2.371,-1.062
-0.319,3.245
-1.001,3.095
-1.213,3.02
-1.229,3.187
-1.386,3.119
-1.709,3.18
-2.28,2.979
-2.5,3.192
1.947,3.352
1.823,3.386
1.447,3.195
0.918,3.298
0.643,3.096
0.403,3.328
0.275,3.355
-2.44,0.828
2.239,0.415
1.857,2.135
1.333,0.26
-2.457,3.113
1.672,3.196
-0.281,0.252
-0.484,-0.671
-0.439,0.437
-0.436,0.702
-0.61,-0.894
-0.525,2.694
-0.611,2.073
-0.806,1.492
-0.834,0.958
-0.865,0.149
-1.01,0.542
-1.039,0.375
-1.038,-0.467
-1.302,2.599
-1.294,1.764
-1.312,-0.878
-1.376,-0.785
-1.466,-0.404
-1.424,0.556
-1.578,-0.724
-1.65,1.535
-1.626,-0.48
-1.718,0.099
-1.858,1.3
-2.042,0.588
-1.991,0.89
-2.127,0.697
-2.153,1.514
-2.193,1.1
-2.348,1.24
-2.327,1.895
-2.409,2.886
-2.532,-0.864
-2.597,0.213
-2.717,2.786
-2.713,-0.994
-2.686,0.479
-2.813,1.74
-3.013,0.16
-3.112,1.061
-3.112,-0.514
3.019,0.298
2.999,0.908
2.88,2.976
2.748,1.779
2.361,2.67
2.263,0.497
2.266,2.731
2.12,1.646
2.009,2.665
1.759,1.31
1.858,0.934
1.663,1.586
1.711,0.173
1.603,-0.927
1.474,1.363
1.321,1.823
1.153,0.526
0.85,-0.463
0.836,-0.427
0.944,2.143
0.713,0.279
0.709,1.698
0.578,0.838
0.721,2.742
0.529,1.096
0.306,0.217
0.174,-0.249
0.024,0.333
-0.145,0.163
-0.089,2.084
-0.165,0.51
-0.201,0.657
-0.838,-1.162
-1.657,-1.059
-2.891,-1.225
-2.811,-1.115
-0.034,-1.079
-0.283,-1.076
-0.469,3.214
-1.061,3.384
2.573,3.087
2.198,3.119
2.243,3.103
1.568,3.064
0.954,2.978
0.887,3.124
0.651,3.38
0.531,3.145
0.641,3.051
-1.449,1.391
-1.467,2.688
-1.833,-0.502
-2.985,0.735
0.951,2.134
-1.128,0.587
-1.409,0.003
1.436,1.41
1.299,0.859
1.371,1.222
1.295,0.653
0.951,-0.679
0.672,-0.451
0.456,1.286
0.539,0.513
0.488,1.235
0.438,1.231
0.302,2.194
-2.616,0.255
1.627,-0.603
0.273,-0.452
-0.052,-0.038
-0.07,-1.537
-0.186,0.008
-0.279,1.851
-0.284,-0.967
-0.209,1.299
-0.763,-1.952
-1.17,-1.751
-1.454,-1.867
-2.219,-1.531
-2.853,-2.037
2.932,-1.884
2.422,-1.772
-0.268,2.535
-0.95,2.385
-1.162,2.31
-1.178,2.477
-1.335,2.409
-1.658,2.47
-2.229,2.269
-2.449,2.482
1.998,2.642
1.874,2.676
1.498,2.485
0.969,2.588
0.694,2.386
0.454,2.618
0.326,2.645
-2.389,0.118
2.29,-0.295
1.908,1.425
1.384,-0.45
-2.406,2.403
1.723,2.486
-0.23,-0.458
-0.433,-1.381
-0.388,-0.273
-0.385,-0.008
-0.559,-1.604
-0.474,1.984
-0.56,1.363
-0.755,0.782
-0.783,0.248
-0.814,-0.561
-0.959,-0.168
-0.988,-0.335
-0.987,-1.177
-1.251,1.889
-1.243,1.054
-1.261,-1.588
-1.325,-1.495
-1.415,-1.114
-1.373,-0.154
-1.527,-1.434
-1.599,0.825
-1.575,-1.19
-1.667,-0.611
-1.807,0.59
-1.991,-0.122
-1.94,0.18
-2.076,-0.013
-2.102,0.804
-2.142,0.39
-2.297,0.53
-2.276,1.185
-2.358,2.176
-2.481,-1.574
-2.546,-0.497
-2.666,2.076
-2.662,-1.704
-2.635,-0.231
-2.762,1.03
-2.962,-0.55
-3.061,0.351
-3.061,-1.224
3.07,-0.412
3.05,0.198
2.931,2.266
2.799,1.069
2.412,1.96
2.314,-0.213
2.317,2.021
2.171,0.936
2.06,1.955
1.81,0.6
1.909,0.224
1.714,0.876
1.762,-0.537
1.654,-1.637
1.525,0.653
1.372,1.113
1.204,-0.184
0.901,-1.173
0.887,-1.137
0.995,1.433
0.764,-0.431
0.76,0.988
0.629,0.128
0.772,2.032
0.58,0.386
0.357,-0.493
0.225,-0.959
0.075,-0.377
-0.094,-0.547
-0.038,1.374
-0.114,-0.2
-0.15,-0.053
-0.787,-1.872
-1.606,-1.769
-2.84,-1.935
-2.76,-1.825
0.017,-1.789
-0.232,-1.786
-0.418,2.504
-1.01,2.674
2.624,2.377
2.249,2.409
2.294,2.393
1.619,2.354
1.005,2.268
0.938,2.414
0.702,2.67
0.582,2.435
0.692,2.341
-1.398,0.681
-1.416,1.978
-1.782,-1.212
-2.934,0.025
1.002,1.424
-1.077,-0.123
-1.358,-0.707
1.487,0.7
1.35,0.149
1.422,0.512
1.346,-0.057
1.002,-1.389
0.723,-1.161
0.507,0.576
0.59,-0.197
0.539,0.525
0.489,0.521
0.353,1.484
-2.565,-0.455
1.678,-1.313
0.324,-1.162
-0.018,-1.499
-0.134,0.046
-0.227,1.889
-0.232,-0.929
-0.157,1.337
-0.711,-1.914
-1.118,-1.713
-1.402,-1.829
-2.167,-1.493
-2.801,-1.999
2.984,-1.846
2.474,-1.734
-0.216,2.573
-0.898,2.423
-1.11,2.348
-1.126,2.515
-1.283,2.447
-1.606,2.508
-2.177,2.307
-2.397,2.52
2.05,2.68
1.926,2.714
1.55,2.523
1.021,2.626
0.746,2.424
0.506,2.656
0.378,2.683
-2.337,0.156
2.342,-0.257
1.96,1.463
1.436,-0.412
-2.354,2.441
1.775,2.524
-0.178,-0.42
-0.381,-1.343
-0.336,-0.235
-0.333,0.03
-0.507,-1.566
-0.422,2.022
-0.508,1.401
-0.703,0.82
-0.731,0.286
-0.762,-0.523
-0.907,-0.13
-0.936,-0.297
-0.935,-1.139
-1.199,1.927
-1.191,1.092
-1.209,-1.55
-1.273,-1.457
-1.363,-1.076
-1.321,-0.116
-1.475,-1.396
-1.547,0.863
-1.523,-1.152
-1.615,-0.573
-1.755,0.628
-1.939,-0.084
-1.888,0.218
-2.024,0.025
-2.05,0.842
-2.09,0.428
-2.245,0.568
-2.224,1.223
-2.306,2.214
-2.429,-1.536
-2.494,-0.459
-2.614,2.114
-2.61,-1.666
-2.583,-0.193
-2.71,1.068
-2.91,-0.512
-3.009,0.389
-3.009,-1.186
3.122,-0.374
3.102,0.236
2.983,2.304
2.851,1.107
2.464,1.998
2.366,-0.175
2.369,2.059
2.223,0.974
2.112,1.993
1.862,0.638
1.961,0.262
1.766,0.914
1.814,-0.499
1.706,-1.599
1.577,0.691
1.424,1.151
1.256,-0.146
0.953,-1.135
0.939,-1.099
1.047,1.471
0.816,-0.393
0.812,1.026
0.681,0.166
0.824,2.07
0.632,0.424
0.409,-0.455
0.277,-0.921
0.127,-0.339
-0.042,-0.509
0.014,1.412
-0.062,-0.162
-0.098,-0.015
-0.735,-1.834
-1.554,-1.731
-2.788,-1.897
-2.708,-1.787
0.069,-1.751
-0.18,-1.748
-0.366,2.542
-0.958,2.712
2.676,2.415
2.301,2.447
2.346,2.431
1.671,2.392
1.057,2.306
0.99,2.452
0.754,2.708
0.634,2.473
0.744,2.379
-1.346,0.719
-1.364,2.016
-1.73,-1.174
-2.882,0.063
1.054,1.462
-1.025,-0.085
-1.306,-0.669
1.539,0.738
1.402,0.187
1.474,0.55
1.398,-0.019
1.054,-1.351
0.775,-1.123
0.559,0.614
0.642,-0.159
0.591,0.563
0.541,0.559
0.405,1.522
-2.513,-0.417
1.73,-1.275
0.376,-1.124
-0.116,1.545
-0.209,3.388
-0.214,0.57
-0.139,2.836
-0.693,-0.415
-1.1,-0.214
-1.384,-0.33
-2.149,0.006
-2.783,-0.5
3.002,-0.347
2.492,-0.235
-0.198,4.072
-0.88,3.922
-1.092,3.847
-1.108,4.014
-1.265,3.946
-1.588,4.007
-2.159,3.806
-2.379,4.019
2.068,4.179
1.944,4.213
1.568,4.022
1.039,4.125
0.764,3.923
0.524,4.155
0.396,4.182
-2.319,1.655
2.36,1.242
1.978,2.962
1.454,1.087
-2.336,3.94
1.793,4.023
-0.16,1.079
-0.363,0.156
-0.318,1.264
-0.315,1.529
-0.489,-0.067
-0.404,3.521
-0.49,2.9
-0.685,2.319
-0.713,1.785
-0.744,0.976
-0.889,1.369
-0.918,1.202
-0.917,0.36
-1.181,3.426
-1.173,2.591
-1.191,-0.051
-1.255,0.042
-1.345,0.423
-1.303,1.383
-1.457,0.103
-1.529,2.362
-1.505,0.347
-1.597,0.926
-1.737,2.127
-1.921,1.415
-1.87,1.717
-2.006,1.524
-2.032,2.341
-2.072,1.927
-2.227,2.067
-2.206,2.722
-2.288,3.713
-2.411,-0.037
-2.476,1.04
-2.596,3.613
-2.592,-0.167
-2.565,1.306
-2.692,2.567
-2.892,0.987
-2.991,1.888
-2.991,0.313
3.14,1.125
3.12,1.735
3.001,3.803
2.869,2.606
2.482,3.497
2.384,1.324
2.387,3.558
2.241,2.473
2.13,3.492
1.88,2.137
1.979,1.761
1.784,2.413
1.832,1.0
1.724,-0.1
1.595,2.19
1.442,2.65
1.274,1.353
0.971,0.364
0.957,0.4
1.065,2.97
0.834,1.106
0.83,2.525
0.699,1.665
0.842,3.569
0.65,1.923
0.427,1.044
0.295,0.578
0.145,1.16
-0.024,0.99
0.032,2.911
-0.044,1.337
-0.08,1.484
-0.717,-0.335
-1.536,-0.232
-2.77,-0.398
-2.69,-0.288
0.087,-0.252
-0.162,-0.249
-0.348,4.041
-0.94,4.211
2.694,3.914
2.319,3.946
2.364,3.93
1.689,3.891
1.075,3.805
1.008,3.951
0.772,4.207
0.652,3.972
0.762,3.878
-1.328,2.218
-1.346,3.515
-1.712,0.325
-2.864,1.562
1.072,2.961
-1.007,1.414
-1.288,0.83
1.557,2.237
1.42,1.686
1.492,2.049
1.416,1.48
1.072,0.148
0.793,0.376
0.577,2.113
0.66,1.34
0.609,2.062
0.559,2.058
0.423,3.021
-2.495,1.082
1.748,0.224
0.394,0.375
-0.093,1.843
-0.098,-0.975
-0.023,1.291
-0.577,-1.96
-0.984,-1.759
-1.268,-1.875
-2.033,-1.539
-2.667,-2.045
3.118,-1.892
2.608,-1.78
-0.082,2.527
-0.764,2.377
-0.976,2.302
-0.992,2.469
-1.149,2.401
-1.472,2.462
-2.043,2.261
-2.263,2.474
2.184,2.634
2.06,2.668
1.684,2.477
1.155,2.58
0.88,2.378
0.64,2.61
0.512,2.637
-2.203,0.11
2.476,-0.303
2.094,1.417
1.57,-0.458
-2.22,2.395
1.909,2.478
-0.044,-0.466
-0.247,-1.389
-0.202,-0.281
-0.199,-0.016
-0.373,-1.612
-0.288,1.976
-0.374,1.355
-0.569,0.774
-0.597,0.24
-0.628,-0.569
-0.773,-0.176
-0.802,-0.343
-0.801,-1.185
-1.065,1.881
-1.057,1.046
-1.075,-1.596
-1.139,-1.503
-1.229,-1.122
-1.187,-0.162
-1.341,-1.442
-1.413,0.817
-1.389,-1.198
-1.481,-0.619
-1.621,0.582
-1.805,-0.13
-1.754,0.172
-1.89,-0.021
-1.916,0.796
-1.956,0.382
-2.111,0.522
-2.09,1.177
-2.172,2.168
-2.295,-1.582
-2.36,-0.505
-2.48,2.068
-2.476,-1.712
-2.449,-0.239
-2.576,1.022
-2.776,-0.558
-2.875,0.343
-2.875,-1.232
-3.027,-0.42
-3.047,0.19
3.117,2.258
2.985,1.061
2.598,1.952
2.5,-0.221
2.503,2.013
2.357,0.928
2.246,1.947
1.996,0.592
2.095,0.216
1.9,0.868
1.948,-0.545
1.84,-1.645
1.711,0.645
1.558,1.105
1.39,-0.192
1.087,-1.181
1.073,-1.145
1.181,1.425
0.95,-0.439
0.946,0.98
0.815,0.12
0.958,2.024
0.766,0.378
0.543,-0.501
0.411,-0.967
0.261,-0.385
0.092,-0.555
0.148,1.366
0.072,-0.208
0.036,-0.061
-0.601,-1.88
-1.42,-1.777
-2.654,-1.943
-2.574,-1.833
0.203,-1.797
-0.046,-1.794
-0.232,2.496
-0.824,2.666
2.81,2.369
2.435,2.401
2.48,2.385
1.805,2.346
1.191,2.26
1.124,2.406
0.888,2.662
0.768,2.427
0.878,2.333
-1.212,0.673
-1.23,1.97
-1.596,-1.22
-2.748,0.017
1.188,1.416
-0.891,-0.131
-1.172,-0.715
1.673,0.692
1.536,0.141
1.608,0.504
1.532,-0.065
1.188,-1.397
0.909,-1.169
0.693,0.568
0.776,-0.205
0.725,0.517
0.675,0.513
0.539,1.476
-2.379,-0.463
1.864,-1.321
0.51,-1.17
-0.005,-2.818
0.07,-0.552
-0.484,-3.803
-0.891,-3.602
-1.175,-3.718
-1.94,-3.382
-2.574,-3.888
-3.072,-3.735
2.701,-3.623
0.011,0.684
-0.671,0.534
-0.883,0.459
-0.899,0.626
-1.056,0.558
-1.379,0.619
-1.95,0.418
-2.17,0.631
2.277,0.791
2.153,0.825
1.777,0.634
1.248,0.737
0.973,0.535
0.733,0.767
0.605,0.794
-2.11,-1.733
2.569,-2.146
2.187,-0.426
1.663,-2.301
-2.127,0.552
2.002,0.635
0.049,-2.309
-0.154,-3.232
-0.109,-2.124
-0.106,-1.859
-0.28,-3.455
-0.195,0.133
-0.281,-0.488
-0.476,-1.069
-0.504,-1.603
-0.535,-2.412
-0.68,-2.019
-0.709,-2.186
-0.708,-3.028
-0.972,0.038
-0.964,-0.797
-0.982,-3.439
-1.046,-3.346
-1.136,-2.965
-1.094,-2.005
-1.248,-3.285
-1.32,-1.026
-1.296,-3.041
-1.388,-2.462
-1.528,-1.261
-1.712,-1.973
-1.661,-1.671
-1.797,-1.864
-1.823,-1.047
-1.863,-1.461
-2.018,-1.321
-1.997,-0.666
-2.079,0.325
-2.202,-3.425
-2.267,-2.348
-2.387,0.225
-2.383,-3.555
-2.356,-2.082
-2.483,-0.821
-2.683,-2.401
-2.782,-1.5
-2.782,-3.075
-2.934,-2.263
-2.954,-1.653
-3.073,0.415
3.078,-0.782
2.691,0.109
2.593,-2.064
2.596,0.17
2.45,-0.915
2.339,0.104
2.089,-1.251
2.188,-1.627
1.993,-0.975
2.041,-2.388
1.933,-3.488
1.804,-1.198
1.651,-0.738
1.483,-2.035
1.18,-3.024
1.166,-2.988
1.274,-0.418
1.043,-2.282
1.039,-0.863
0.908,-1.723
1.051,0.181
0.859,-1.465
0.636,-2.344
0.504,-2.81
0.354,-2.228
0.185,-2.398
0.241,-0.477
0.165,-2.051
0.129,-1.904
-0.508,-3.723
-1.327,-3.62
-2.561,-3.786
-2.481,-3.676
0.296,-3.64
0.047,-3.637
-0.139,0.653
-0.731,0.823
2.903,0.526
2.528,0.558
2.573,0.542
1.898,0.503
1.284,0.417
1.217,0.563
0.981,0.819
0.861,0.584
0.971,0.49
-1.119,-1.17
-1.137,0.127
-1.503,-3.063
-2.655,-1.826
1.281,-0.427
-0.798,-1.974
-1.079,-2.558
1.766,-1.151
1.629,-1.702
1.701,-1.339
1.625,-1.908
1.281,-3.24
1.002,-3.012
0.786,-1.275
0.869,-2.048
0.818,-1.326
0.768,-1.33
0.632,-0.367
-2.286,-2.306
1.957,-3.164
0.603,-3.013
0.075,2.266
-0.479,-0.985
-0.886,-0.784
-1.17,-0.9
-1.935,-0.564
-2.569,-1.07
-3.067,-0.917
2.706,-0.805
0.016,3.502
-0.666,3.352
-0.878,3.277
-0.894,3.444
-1.051,3.376
-1.374,3.437
-1.945,3.236
-2.165,3.449
2.282,3.609
2.158,3.643
1.782,3.452
1.253,3.555
0.978,3.353
0.738,3.585
0.61,3.612
-2.105,1.085
2.574,0.672
2.192,2.392
1.668,0.517
-2.122,3.37
2.007,3.453
0.054,0.509
-0.149,-0.414
-0.104,0.694
-0.101,0.959
-0.275,-0.637
-0.19,2.951
-0.276,2.33
-0.471,1.749
-0.499,1.215
-0.53,0.406
-0.675,0.799
-0.704,0.632
-0.703,-0.21
-0.967,2.856
-0.959,2.021
-0.977,-0.621
-1.041,-0.528
-1.131,-0.147
-1.089,0.813
-1.243,-0.467
-1.315,1.792
-1.291,-0.223
-1.383,0.356
-1.523,1.557
-1.707,0.845
-1.656,1.147
-1.792,0.954
-1.818,1.771
-1.858,1.357
-2.013,1.497
-1.992,2.152
-2.074,3.143
-2.197,-0.607
-2.262,0.47
-2.382,3.043
-2.378,-0.737
-2.351,0.736
-2.478,1.997
-2.678,0.417
-2.777,1.318
-2.777,-0.257
-2.929,0.555
-2.949,1.165
-3.068,3.233
3.083,2.036
2.696,2.927
2.598,0.754
2.601,2.988
2.455,1.903
2.344,2.922
2.094,1.567
2.193,1.191
1.998,1.843
2.046,0.43
1.938,-0.67
1.809,1.62
1.656,2.08
1.488,0.783
1.185,-0.206
1.171,-0.17
1.279,2.4
1.048,0.536
1.044,1.955
0.913,1.095
1.056,2.999
0.864,1.353
0.641,0.474
0.509,0.008
0.359,0.59
0.19,0.42
0.246,2.341
0.17,0.767
0.134,0.914
-0.503,-0.905
-1.322,-0.802
-2.556,-0.968
-2.476,-0.858
0.301,-0.822
0.052,-0.819
-0.134,3.471
-0.726,3.641
2.908,3.344
2.533,3.376
2.578,3.36
1.903,3.321
1.289,3.235
1.222,3.381
0.986,3.637
0.866,3.402
0.976,3.308
-1.114,1.648
-1.132,2.945
-1.498,-0.245
-2.65,0.992
1.286,2.391
-0.793,0.844
-1.074,0.26
1.771,1.667
1.634,1.116
1.706,1.479
1.63,0.91
1.286,-0.422
1.007,-0.194
0.791,1.543
0.874,0.77
0.823,1.492
0.773,1.488
0.637,2.451
-2.281,0.512
1.962,-0.346
0.608,-0.195
-0.554,-3.251
-0.961,-3.05
-1.245,-3.166
-2.01,-2.83
-2.644,-3.336
3.141,-3.183
2.631,-3.071
-0.059,1.236
-0.741,1.086
-0.953,1.011
-0.969,1.178
-1.126,1.11
-1.449,1.171
-2.02,0.97
-2.24,1.183
2.207,1.343
2.083,1.377
1.707,1.186
1.178,1.289
0.903,1.087
0.663,1.319
0.535,1.346
-2.18,-1.181
2.499,-1.594
2.117,0.126
1.593,-1.749
-2.197,1.104
1.932,1.187
-0.021,-1.757
-0.224,-2.68
-0.179,-1.572
-0.176,-1.307
-0.35,-2.903
-0.265,0.685
-0.351,0.064
-0.546,-0.517
-0.574,-1.051
-0.605,-1.86
-0.75,-1.467
-0.779,-1.634
-0.778,-2.476
-1.042,0.59
-1.034,-0.245
-1.052,-2.887
-1.116,-2.794
-1.206,-2.413
-1.164,-1.453
-1.318,-2.733
-1.39,-0.474
-1.366,-2.489
-1.458,-1.91
-1.598,-0.709
-1.782,-1.421
-1.731,-1.119
-1.867,-1.312
-1.893,-0.495
-1.933,-0.909
-2.088,-0.769
-2.067,-0.114
-2.149,0.877
-2.272,-2.873
-2.337,-1.796
-2.457,0.777
-2.453,-3.003
-2.426,-1.53
-2.553,-0.269
-2.753,-1.849
-2.852,-0.948
-2.852,-2.523
-3.004,-1.711
-3.024,-1.101
3.14,0.967
3.008,-0.23
2.621,0.661
2.523,-1.512
2.526,0.722
2.38,-0.363
2.269,0.656
2.019,-0.699
2.118,-1.075
1.923,-0.423
1.971,-1.836
1.863,-2.936
1.734,-0.646
1.581,-0.186
1.413,-1.483
1.11,-2.472
1.096,-2.436
1.204,0.134
0.973,-1.73
0.969,-0.311
0.838,-1.171
0.981,0.733
0.789,-0.913
0.566,-1.792
0.434,-2.258
0.284,-1.676
0.115,-1.846
0.171,0.075
0.095,-1.499
0.059,-1.352
-0.578,-3.171
-1.397,-3.068
-2.631,-3.234
-2.551,-3.124
0.226,-3.088
-0.023,-3.085
-0.209,1.205
-0.801,1.375
2.833,1.078
2.458,1.11
2.503,1.094
1.828,1.055
1.214,0.969
1.147,1.115
0.911,1.371
0.791,1.136
0.901,1.042
-1.189,-0.618
-1.207,0.679
-1.573,-2.511
-2.725,-1.274
1.211,0.125
-0.868,-1.422
-1.149,-2.006
1.696,-0.599
1.559,-1.15
1.631,-0.787
1.555,-1.356
1.211,-2.688
0.932,-2.46
0.716,-0.723
0.799,-1.496
0.748,-0.774
0.698,-0.778
0.562,0.185
-2.356,-1.754
1.887,-2.612
0.533,-2.461
-0.407,0.201
-0.691,0.085
-1.456,0.421
-2.09,-0.085
-2.588,0.068
-3.098,0.18
0.495,4.487
-0.187,4.337
-0.399,4.262
-0.415,4.429
-0.572,4.361
-0.895,4.422
-1.466,4.221
-1.686,4.434
2.761,4.594
2.637,4.628
2.261,4.437
1.732,4.54
1.457,4.338
1.217,4.57
1.089,4.597
-1.626,2.07
3.053,1.657
2.671,3.377
2.147,1.502
-1.643,4.355
2.486,4.438
0.533,1.494
0.33,0.571
0.375,1.679
0.378,1.944
0.204,0.348
0.289,3.936
0.203,3.315
0.008,2.734
-0.02,2.2
-0.051,1.391
-0.196,1.784
-0.225,1.617
-0.224,0.775
-0.488,3.841
-0.48,3.006
-0.498,0.364
-0.562,0.457
-0.652,0.838
-0.61,1.798
-0.764,0.518
-0.836,2.777
-0.812,0.762
-0.904,1.341
-1.044,2.542
-1.228,1.83
-1.177,2.132
-1.313,1.939
-1.339,2.756
-1.379,2.342
-1.534,2.482
-1.513,3.137
-1.595,4.128
-1.718,0.378
-1.783,1.455
-1.903,4.028
-1.899,0.248
-1.872,1.721
-1.999,2.982
-2.199,1.402
-2.298,2.303
-2.298,0.728
-2.45,1.54
-2.47,2.15
-2.589,4.218
-2.721,3.021
-3.108,3.912
3.077,1.739
3.08,3.973
2.934,2.888
2.823,3.907
2.573,2.552
2.672,2.176
2.477,2.828
2.525,1.415
2.417,0.315
2.288,2.605
2.135,3.065
1.967,1.768
1.664,0.779
1.65,0.815
1.758,3.385
1.527,1.521
1.523,2.94
1.392,2.08
1.535,3.984
1.343,2.338
1.12,1.459
0.988,0.993
0.838,1.575
0.669,1.405
0.725,3.326
0.649,1.752
0.613,1.899
-0.024,0.08
-0.843,0.183
-2.077,0.017
-1.997,0.127
0.78,0.163
0.531,0.166
0.345,4.456
-0.247,4.626
-2.896,4.329
3.012,4.361
3.057,4.345
2.382,4.306
1.768,4.22
1.701,4.366
1.465,4.622
1.345,4.387
1.455,4.293
-0.635,2.633
-0.653,3.93
-1.019,0.74
-2.171,1.977
1.765,3.376
-0.314,1.829
-0.595,1.245
2.25,2.652
2.113,2.101
2.185,2.464
2.109,1.895
1.765,0.563
1.486,0.791
1.27,2.528
1.353,1.755
1.302,2.477
1.252,2.473
1.116,3.436
-1.802,1.497
2.441,0.639
1.087,0.79
-0.284,-0.116
-1.049,0.22
-1.683,-0.286
-2.181,-0.133
-2.691,-0.021
0.902,4.286
0.22,4.136
0.008,4.061
-0.008,4.228
-0.165,4.16
-0.488,4.221
-1.059,4.02
-1.279,4.233
-3.115,4.393
3.044,4.427
2.668,4.236
2.139,4.339
1.864,4.137
1.624,4.369
1.496,4.396
-1.219,1.869
-2.823,1.456
3.078,3.176
2.554,1.301
-1.236,4.154
2.893,4.237
0.94,1.293
0.737,0.37
0.782,1.478
0.785,1.743
0.611,0.147
0.696,3.735
0.61,3.114
0.415,2.533
0.387,1.999
0.356,1.19
0.211,1.583
0.182,1.416
0.183,0.574
-0.081,3.64
-0.073,2.805
-0.091,0.163
-0.155,0.256
-0.245,0.637
-0.203,1.597
-0.357,0.317
-0.429,2.576
-0.405,0.561
-0.497,1.14
-0.637,2.341
-0.821,1.629
-0.77,1.931
-0.906,1.738
-0.932,2.555
-0.972,2.141
-1.127,2.281
-1.106,2.936
-1.188,3.927
-1.311,0.177
-1.376,1.254
-1.496,3.827
-1.492,0.047
-1.465,1.52
-1.592,2.781
-1.792,1.201
-1.891,2.102
-1.891,0.527
-2.043,1.339
-2.063,1.949
-2.182,4.017
-2.314,2.82
-2.701,3.711
-2.799,1.538
-2.796,3.772
-2.942,2.687
-3.053,3.706
2.98,2.351
3.079,1.975
2.884,2.627
2.932,1.214
2.824,0.114
2.695,2.404
2.542,2.864
2.374,1.567
2.071,0.578
2.057,0.614
2.165,3.184
1.934,1.32
1.93,2.739
1.799,1.879
1.942,3.783
1.75,2.137
1.527,1.258
1.395,0.792
1.245,1.374
1.076,1.204
1.132,3.125
1.056,1.551
1.02,1.698
0.383,-0.121
-0.436,-0.018
-1.67,-0.184
-1.59,-0.074
1.187,-0.038
0.938,-0.035
0.752,4.255
0.16,4.425
-2.489,4.128
-2.864,4.16
-2.819,4.144
2.789,4.105
2.175,4.019
2.108,4.165
1.872,4.421
1.752,4.186
1.862,4.092
-0.228,2.432
-0.246,3.729
-0.612,0.539
-1.764,1.776
2.172,3.175
0.093,1.628
-0.188,1.044
2.657,2.451
2.52,1.9
2.592,2.263
2.516,1.694
2.172,0.362
1.893,0.59
1.677,2.327
1.76,1.554
1.709,2.276
1.659,2.272
1.523,3.235
-1.395,1.296
2.848,0.438
1.494,0.589
-0.765,0.336
-1.399,-0.17
-1.897,-0.017
-2.407,0.095
1.186,4.402
0.504,4.252
0.292,4.177
0.276,4.344
0.119,4.276
-0.204,4.337
-0.775,4.136
-0.995,4.349
-2.831,4.509
-2.955,4.543
2.952,4.352
2.423,4.455
2.148,4.253
1.908,4.485
1.78,4.512
-0.935,1.985
-2.539,1.572
-2.921,3.292
2.838,1.417
-0.952,4.27
-3.106,4.353
1.224,1.409
1.021,0.486
1.066,1.594
1.069,1.859
0.895,0.263
0.98,3.851
0.894,3.23
0.699,2.649
0.671,2.115
0.64,1.306
0.495,1.699
0.466,1.532
0.467,0.69
0.203,3.756
0.211,2.921
0.193,0.279
0.129,0.372
0.039,0.753
0.081,1.713
-0.073,0.433
-0.145,2.692
-0.121,0.677
-0.213,1.256
-0.353,2.457
-0.537,1.745
-0.486,2.047
-0.622,1.854
-0.648,2.671
-0.688,2.257
-0.843,2.397
-0.822,3.052
-0.904,4.043
-1.027,0.293
-1.092,1.37
-1.212,3.943
-1.208,0.163
-1.181,1.636
-1.308,2.897
-1.508,1.317
-1.607,2.218
-1.607,0.643
-1.759,1.455
-1.779,2.065
-1.898,4.133
-2.03,2.936
-2.417,3.827
-2.515,1.654
-2.512,3.888
-2.658,2.803
-2.769,3.822
-3.019,2.467
-2.92,2.091
-3.115,2.743
-3.067,1.33
3.108,0.23
2.979,2.52
2.826,2.98
2.658,1.683
2.355,0.694
2.341,0.73
2.449,3.3
2.218,1.436
2.214,2.855
2.083,1.995
2.226,3.899
2.034,2.253
1.811,1.374
1.679,0.908
1.529,1.49
1.36,1.32
1.416,3.241
1.34,1.667
1.304,1.814
0.667,-0.005
-0.152,0.098
-1.386,-0.068
-1.306,0.042
1.471,0.078
1.222,0.081
1.036,4.371
0.444,4.541
-2.205,4.244
-2.58,4.276
-2.535,4.26
3.073,4.221
2.459,4.135
2.392,4.281
2.156,4.537
2.036,4.302
2.146,4.208
0.056,2.548
0.038,3.845
-0.328,0.655
-1.48,1.892
2.456,3.291
0.377,1.744
0.096,1.16
2.941,2.567
2.804,2.016
2.876,2.379
2.8,1.81
2.456,0.478
2.177,0.706
1.961,2.443
2.044,1.67
1.993,2.392
1.943,2.388
1.807,3.351
-1.111,1.412
3.132,0.554
1.778,0.705
-0.634,-0.506
-1.132,-0.353
-1.642,-0.241
1.951,4.066
1.269,3.916
1.057,3.841
1.041,4.008
0.884,3.94
0.561,4.001
-0.01,3.8
-0.23,4.013
-2.066,4.173
-2.19,4.207
-2.566,4.016
-3.095,4.119
2.913,3.917
2.673,4.149
2.545,4.176
-0.17,1.649
-1.774,1.236
-2.156,2.956
-2.68,1.081
-0.187,3.934
-2.341,4.017
1.989,1.073
1.786,0.15
1.831,1.258
1.834,1.523
1.66,-0.073
1.745,3.515
1.659,2.894
1.464,2.313
1.436,1.779
1.405,0.97
1.26,1.363
1.231,1.196
1.232,0.354
0.968,3.42
0.976,2.585
0.958,-0.057
0.894,0.036
0.804,0.417
0.846,1.377
0.692,0.097
0.62,2.356
0.644,0.341
0.552,0.92
0.412,2.121
0.228,1.409
0.279,1.711
0.143,1.518
0.117,2.335
0.077,1.921
-0.078,2.061
-0.057,2.716
-0.139,3.707
-0.262,-0.043
-0.327,1.034
-0.447,3.607
-0.443,-0.173
-0.416,1.3
-0.543,2.561
-0.743,0.981
-0.842,1.882
-0.842,0.307
-0.994,1.119
-1.014,1.729
-1.133,3.797
-1.265,2.6
-1.652,3.491
-1.75,1.318
-1.747,3.552
-1.893,2.467
-2.004,3.486
-2.254,2.131
-2.155,1.755
-2.35,2.407
-2.302,0.994
-2.41,-0.106
-2.539,2.184
-2.692,2.644
-2.86,1.347
3.12,0.358
3.106,0.394
-3.069,2.964
2.983,1.1
2.979,2.519
2.848,1.659
2.991,3.563
2.799,1.917
2.576,1.038
2.444,0.572
2.294,1.154
2.125,0.984
2.181,2.905
2.105,1.331
2.069,1.478
1.432,-0.341
0.613,-0.238
-0.621,-0.404
-0.541,-0.294
2.236,-0.258
1.987,-0.255
1.801,4.035
1.209,4.205
-1.44,3.908
-1.815,3.94
-1.77,3.924
-2.445,3.885
-3.059,3.799
-3.126,3.945
2.921,4.201
2.801,3.966
2.911,3.872
0.821,2.212
0.803,3.509
0.437,0.319
-0.715,1.556
-3.062,2.955
1.142,1.408
0.861,0.824
-2.577,2.231
-2.714,1.68
-2.642,2.043
-2.718,1.474
-3.062,0.142
2.942,0.37
2.726,2.107
2.809,1.334
2.758,2.056
2.708,2.052
2.572,3.015
-0.346,1.076
-2.386,0.218
2.543,0.369
-0.498,0.153
-1.008,0.265
2.585,4.572
1.903,4.422
1.691,4.347
1.675,4.514
1.518,4.446
1.195,4.507
0.624,4.306
0.404,4.519
-1.432,4.679
-1.556,4.713
-1.932,4.522
-2.461,4.625
-2.736,4.423
-2.976,4.655
-3.104,4.682
0.464,2.155
-1.14,1.742
-1.522,3.462
-2.046,1.587
0.447,4.44
-1.707,4.523
2.623,1.579
2.42,0.656
2.465,1.764
2.468,2.029
2.294,0.433
2.379,4.021
2.293,3.4
2.098,2.819
2.07,2.285
2.039,1.476
1.894,1.869
1.865,1.702
1.866,0.86
1.602,3.926
1.61,3.091
1.592,0.449
1.528,0.542
1.438,0.923
1.48,1.883
1.326,0.603
1.254,2.862
1.278,0.847
1.186,1.426
1.046,2.627
0.862,1.915
0.913,2.217
0.777,2.024
0.751,2.841
0.711,2.427
0.556,2.567
0.577,3.222
0.495,4.213
0.372,0.463
0.307,1.54
0.187,4.113
0.191,0.333
0.218,1.806
0.091,3.067
-0.109,1.487
-0.208,2.388
-0.208,0.813
-0.36,1.625
-0.38,2.235
-0.499,4.303
-0.631,3.106
-1.018,3.997
-1.116,1.824
-1.113,4.058
-1.259,2.973
-1.37,3.992
-1.62,2.637
-1.521,2.261
-1.716,2.913
-1.668,1.5
-1.776,0.4
-1.905,2.69
-2.058,3.15
-2.226,1.853
-2.529,0.864
-2.543,0.9
-2.435,3.47
-2.666,1.606
-2.67,3.025
-2.801,2.165
-2.658,4.069
-2.85,2.423
-3.073,1.544
3.078,1.078
2.928,1.66
2.759,1.49
2.815,3.411
2.739,1.837
2.703,1.984
2.066,0.165
1.247,0.268
0.013,0.102
0.093,0.212
2.87,0.248
2.621,0.251
2.435,4.541
1.843,4.711
-0.806,4.414
-1.181,4.446
-1.136,4.43
-1.811,4.391
-2.425,4.305
-2.492,4.451
-2.728,4.707
-2.848,4.472
-2.738,4.378
1.455,2.718
1.437,4.015
1.071,0.825
-0.081,2.062
-2.428,3.461
1.776,1.914
1.495,1.33
-1.943,2.737
-2.08,2.186
-2.008,2.549
-2.084,1.98
-2.428,0.648
-2.707,0.876
-2.923,2.613
-2.84,1.84
-2.891,2.562
-2.941,2.558
-3.077,3.521
0.288,1.582
-1.752,0.724
-3.106,0.875
-0.51,0.112
3.083,4.419
2.401,4.269
2.189,4.194
2.173,4.361
2.016,4.293
1.693,4.354
1.122,4.153
0.902,4.366
-0.934,4.526
-1.058,4.56
-1.434,4.369
-1.963,4.472
-2.238,4.27
-2.478,4.502
-2.606,4.529
0.962,2.002
-0.642,1.589
-1.024,3.309
-1.548,1.434
0.945,4.287
-1.209,4.37
3.121,1.426
2.918,0.503
2.963,1.611
2.966,1.876
2.792,0.28
2.877,3.868
2.791,3.247
2.596,2.666
2.568,2.132
2.537,1.323
2.392,1.716
2.363,1.549
2.364,0.707
2.1,3.773
2.108,2.938
2.09,0.296
2.026,0.389
1.936,0.77
1.978,1.73
1.824,0.45
1.752,2.709
1.776,0.694
1.684,1.273
1.544,2.474
1.36,1.762
1.411,2.064
1.275,1.871
1.249,2.688
1.209,2.274
1.054,2.414
1.075,3.069
0.993,4.06
0.87,0.31
0.805,1.387
0.685,3.96
0.689,0.18
0.716,1.653
0.589,2.914
0.389,1.334
0.29,2.235
0.29,0.66
0.138,1.472
0.118,2.082
-0.001,4.15
-0.133,2.953
-0.52,3.844
-0.618,1.671
-0.615,3.905
-0.761,2.82
-0.872,3.839
-1.122,2.484
-1.023,2.108
-1.218,2.76
-1.17,1.347
-1.278,0.247
-1.407,2.537
-1.56,2.997
-1.728,1.7
-2.031,0.711
-2.045,0.747
-1.937,3.317
-2.168,1.453
-2.172,2.872
-2.303,2.012
-2.16,3.916
-2.352,2.27
-2.575,1.391
-2.707,0.925
-2.857,1.507
-3.026,1.337
-2.97,3.258
-3.046,1.684
-3.082,1.831
2.564,0.012
1.745,0.115
0.511,-0.051
0.591,0.059
-2.915,0.095
3.119,0.098
2.933,4.388
2.341,4.558
-0.308,4.261
-0.683,4.293
-0.638,4.277
-1.313,4.238
-1.927,4.152
-1.994,4.298
-2.23,4.554
-2.35,4.319
-2.24,4.225
1.953,2.565
1.935,3.862
1.569,0.672
0.417,1.909
-1.93,3.308
2.274,1.761
1.993,1.177
-1.445,2.584
-1.582,2.033
-1.51,2.396
-1.586,1.827
-1.93,0.495
-2.209,0.723
-2.425,2.46
-2.342,1.687
-2.393,2.409
-2.443,2.405
-2.579,3.368
0.786,1.429
-1.254,0.571
-2.608,0.722
-2.69,4.307
2.911,4.157
2.699,4.082
2.683,4.249
2.526,4.181
2.203,4.242
1.632,4.041
1.412,4.254
-0.424,4.414
-0.548,4.448
-0.924,4.257
-1.453,4.36
-1.728,4.158
-1.968,4.39
-2.096,4.417
1.472,1.89
-0.132,1.477
-0.514,3.197
-1.038,1.322
1.455,4.175
-0.699,4.258
-2.652,1.314
-2.855,0.391
-2.81,1.499
-2.807,1.764
-2.981,0.168
-2.896,3.756
-2.982,3.135
3.106,2.554
3.078,2.02
3.047,1.211
2.902,1.604
2.873,1.437
2.874,0.595
2.61,3.661
2.618,2.826
2.6,0.184
2.536,0.277
2.446,0.658
2.488,1.618
2.334,0.338
2.262,2.597
2.286,0.582
2.194,1.161
2.054,2.362
1.87,1.65
1.921,1.952
1.785,1.759
1.759,2.576
1.719,2.162
1.564,2.302
1.585,2.957
1.503,3.948
1.38,0.198
1.315,1.275
1.195,3.848
1.199,0.068
1.226,1.541
1.099,2.802
0.899,1.222
0.8,2.123
0.8,0.548
0.648,1.36
0.628,1.97
0.509,4.038
0.377,2.841
-0.01,3.732
-0.108,1.559
-0.105,3.793
-0.251,2.708
-0.362,3.727
-0.612,2.372
-0.513,1.996
-0.708,2.648
-0.66,1.235
-0.768,0.135
-0.897,2.425
-1.05,2.885
-1.218,1.588
-1.521,0.599
-1.535,0.635
-1.427,3.205
-1.658,1.341
-1.662,2.76
-1.793,1.9
-1.65,3.804
-1.842,2.158
-2.065,1.279
-2.197,0.813
-2.347,1.395
-2.516,1.225
-2.46,3.146
-2.536,1.572
-2.572,1.719
3.074,-0.1
2.255,0.003
1.021,-0.163
1.101,-0.053
-2.405,-0.017
-2.654,-0.014
-2.84,4.276
2.851,4.446
0.202,4.149
-0.173,4.181
-0.128,4.165
-0.803,4.126
-1.417,4.04
-1.484,4.186
-1.72,4.442
-1.84,4.207
-1.73,4.113
2.463,2.453
2.445,3.75
2.079,0.56
0.927,1.797
-1.42,3.196
2.784,1.649
2.503,1.065
-0.935,2.472
-1.072,1.921
-1.0,2.284
-1.076,1.715
-1.42,0.383
-1.699,0.611
-1.915,2.348
-1.832,1.575
-1.883,2.297
-1.933,2.293
-2.069,3.256
1.296,1.317
-0.744,0.459
-2.098,0.61
-0.682,-0.15
-0.894,-0.225
-0.91,-0.058
-1.067,-0.126
-1.39,-0.065
-1.961,-0.266
-2.181,-0.053
2.266,0.107
2.142,0.141
1.766,-0.05
1.237,0.053
0.962,-0.149
0.722,0.083
0.594,0.11
-2.121,-2.417
2.558,-2.83
2.176,-1.11
1.652,-2.985
-2.138,-0.132
1.991,-0.049
0.038,-2.993
-0.165,-3.916
-0.12,-2.808
-0.117,-2.543
-0.291,-4.139
-0.206,-0.551
-0.292,-1.172
-0.487,-1.753
-0.515,-2.287
-0.546,-3.096
-0.691,-2.703
-0.72,-2.87
-0.719,-3.712
-0.983,-0.646
-0.975,-1.481
-0.993,-4.123
-1.057,-4.03
-1.147,-3.649
-1.105,-2.689
-1.259,-3.969
-1.331,-1.71
-1.307,-3.725
-1.399,-3.146
-1.539,-1.945
-1.723,-2.657
-1.672,-2.355
-1.808,-2.548
-1.834,-1.731
-1.874,-2.145
-2.029,-2.005
-2.008,-1.35
-2.09,-0.359
-2.213,-4.109
-2.278,-3.032
-2.398,-0.459
-2.394,-4.239
-2.367,-2.766
-2.494,-1.505
-2.694,-3.085
-2.793,-2.184
-2.793,-3.759
-2.945,-2.947
-2.965,-2.337
-3.084,-0.269
3.067,-1.466
2.68,-0.575
2.582,-2.748
2.585,-0.514
2.439,-1.599
2.328,-0.58
2.078,-1.935
2.177,-2.311
1.982,-1.659
2.03,-3.072
1.922,-4.172
1.793,-1.882
1.64,-1.422
1.472,-2.719
1.169,-3.708
1.155,-3.672
1.263,-1.102
1.032,-2.966
1.028,-1.547
0.897,-2.407
1.04,-0.503
0.848,-2.149
0.625,-3.028
0.493,-3.494
0.343,-2.912
0.174,-3.082
0.23,-1.161
0.154,-2.735
0.118,-2.588
-0.519,-4.407
-1.338,-4.304
-2.572,-4.47
-2.492,-4.36
0.285,-4.324
0.036,-4.321
-0.15,-0.031
-0.742,0.139
2.892,-0.158
2.517,-0.126
2.562,-0.142
1.887,-0.181
1.273,-0.267
1.206,-0.121
0.97,0.135
0.85,-0.1
0.96,-0.194
-1.13,-1.854
-1.148,-0.557
-1.514,-3.747
-2.666,-2.51
1.27,-1.111
-0.809,-2.658
-1.09,-3.242
1.755,-1.835
1.618,-2.386
1.69,-2.023
1.614,-2.592
1.27,-3.924
0.991,-3.696
0.775,-1.959
0.858,-2.732
0.807,-2.01
0.757,-2.014
0.621,-1.051
-2.297,-2.99
1.946,-3.848
0.592,-3.697
-0.212,-0.075
-0.228,0.092
-0.385,0.024
-0.708,0.085
-1.279,-0.116
-1.499,0.097
2.948,0.257
2.824,0.291
2.448,0.1
1.919,0.203
1.644,0.001
1.404,0.233
1.276,0.26
-1.439,-2.267
-3.043,-2.68
2.858,-0.96
2.334,-2.835
-1.456,0.018
2.673,0.101
0.72,-2.843
0.517,-3.766
0.562,-2.658
0.565,-2.393
0.391,-3.989
0.476,-0.401
0.39,-1.022
0.195,-1.603
0.167,-2.137
0.136,-2.946
-0.009,-2.553
-0.038,-2.72
-0.037,-3.562
-0.301,-0.496
-0.293,-1.331
-0.311,-3.973
-0.375,-3.88
-0.465,-3.499
-0.423,-2.539
-0.577,-3.819
-0.649,-1.56
-0.625,-3.575
-0.717,-2.996
-0.857,-1.795
-1.041,-2.507
-0.99,-2.205
-1.126,-2.398
-1.152,-1.581
-1.192,-1.995
-1.347,-1.855
-1.326,-1.2
-1.408,-0.209
-1.531,-3.959
-1.596,-2.882
-1.716,-0.309
-1.712,-4.089
-1.685,-2.616
-1.812,-1.355
-2.012,-2.935
-2.111,-2.034
-2.111,-3.609
-2.263,-2.797
-2.283,-2.187
-2.402,-0.119
-2.534,-1.316
-2.921,-0.425
-3.019,-2.598
-3.016,-0.364
3.121,-1.449
3.01,-0.43
2.76,-1.785
2.859,-2.161
2.664,-1.509
2.712,-2.922
2.604,-4.022
2.475,-1.732
2.322,-1.272
2.154,-2.569
1.851,-3.558
1.837,-3.522
1.945,-0.952
1.714,-2.816
1.71,-1.397
1.579,-2.257
1.722,-0.353
1.53,-1.999
1.307,-2.878
1.175,-3.344
1.025,-2.762
0.856,-2.932
0.912,-1.011
0.836,-2.585
0.8,-2.438
0.163,-4.257
-0.656,-4.154
-1.89,-4.32
-1.81,-4.21
0.967,-4.174
0.718,-4.171
0.532,0.119
-0.06,0.289
-2.709,-0.008
-3.084,0.024
-3.039,0.008
2.569,-0.031
1.955,-0.117
1.888,0.029
1.652,0.285
1.532,0.05
1.642,-0.044
-0.448,-1.704
-0.466,-0.407
-0.832,-3.597
-1.984,-2.36
1.952,-0.961
-0.127,-2.508
-0.408,-3.092
2.437,-1.685
2.3,-2.236
2.372,-1.873
2.296,-2.442
1.952,-3.774
1.673,-3.546
1.457,-1.809
1.54,-2.582
1.489,-1.86
1.439,-1.864
1.303,-0.901
-1.615,-2.84
2.628,-3.698
1.274,-3.547
-0.016,0.167
-0.173,0.099
-0.496,0.16
-1.067,-0.041
-1.287,0.172
-3.123,0.332
3.036,0.366
2.66,0.175
2.131,0.278
1.856,0.076
1.616,0.308
1.488,0.335
-1.227,-2.192
-2.831,-2.605
3.07,-0.885
2.546,-2.76
-1.244,0.093
2.885,0.176
0.932,-2.768
0.729,-3.691
0.774,-2.583
0.777,-2.318
0.603,-3.914
0.688,-0.326
0.602,-0.947
0.407,-1.528
0.379,-2.062
0.348,-2.871
0.203,-2.478
0.174,-2.645
0.175,-3.487
-0.089,-0.421
-0.081,-1.256
-0.099,-3.898
-0.163,-3.805
-0.253,-3.424
-0.211,-2.464
-0.365,-3.744
-0.437,-1.485
-0.413,-3.5
-0.505,-2.921
-0.645,-1.72
-0.829,-2.432
-0.778,-2.13
-0.914,-2.323
-0.94,-1.506
-0.98,-1.92
-1.135,-1.78
-1.114,-1.125
-1.196,-0.134
-1.319,-3.884
-1.384,-2.807
-1.504,-0.234
-1.5,-4.014
-1.473,-2.541
-1.6,-1.28
-1.8,-2.86
-1.899,-1.959
-1.899,-3.534
-2.051,-2.722
-2.071,-2.112
-2.19,-0.044
-2.322,-1.241
-2.709,-0.35
-2.807,-2.523
-2.804,-0.289
-2.95,-1.374
-3.061,-0.355
2.972,-1.71
3.071,-2.086
2.876,-1.434
2.924,-2.847
2.816,-3.947
2.687,-1.657
2.534,-1.197
2.366,-2.494
2.063,-3.483
2.049,-3.447
2.157,-0.877
1.926,-2.741
1.922,-1.322
1.791,-2.182
1.934,-0.278
1.742,-1.924
1.519,-2.803
1.387,-3.269
1.237,-2.687
1.068,-2.857
1.124,-0.936
1.048,-2.51
1.012,-2.363
0.375,-4.182
-0.444,-4.079
-1.678,-4.245
-1.598,-4.135
1.179,-4.099
0.93,-4.096
0.744,0.194
0.152,0.364
-2.497,0.067
-2.872,0.099
-2.827,0.083
2.781,0.044
2.167,-0.042
2.1,0.104
1.864,0.36
1.744,0.125
1.854,0.031
-0.236,-1.629
-0.254,-0.332
-0.62,-3.522
-1.772,-2.285
2.164,-0.886
0.085,-2.433
-0.196,-3.017
2.649,-1.61
2.512,-2.161
2.584,-1.798
2.508,-2.367
2.164,-3.699
1.885,-3.471
1.669,-1.734
1.752,-2.507
1.701,-1.785
1.651,-1.789
1.515,-0.826
-1.403,-2.765
2.84,-3.623
1.486,-3.472
-0.157,-0.068
-0.48,-0.007
-1.051,-0.208
-1.271,0.005
-3.107,0.165
3.052,0.199
2.676,0.008
2.147,0.111
1.872,-0.091
1.632,0.141
1.504,0.168
-1.211,-2.359
-2.815,-2.772
3.086,-1.052
2.562,-2.927
-1.228,-0.074
2.901,0.009
0.948,-2.935
0.745,-3.858
0.79,-2.75
0.793,-2.485
0.619,-4.081
0.704,-0.493
0.618,-1.114
0.423,-1.695
0.395,-2.229
0.364,-3.038
0.219,-2.645
0.19,-2.812
0.191,-3.654
-0.073,-0.588
-0.065,-1.423
-0.083,-4.065
-0.147,-3.972
-0.237,-3.591
-0.195,-2.631
-0.349,-3.911
-0.421,-1.652
-0.397,-3.667
-0.489,-3.088
-0.629,-1.887
-0.813,-2.599
-0.762,-2.297
-0.898,-2.49
-0.924,-1.673
-0.964,-2.087
-1.119,-1.947
-1.098,-1.292
-1.18,-0.301
-1.303,-4.051
-1.368,-2.974
-1.488,-0.401
-1.484,-4.181
-1.457,-2.708
-1.584,-1.447
-1.784,-3.027
-1.883,-2.126
-1.883,-3.701
-2.035,-2.889
-2.055,-2.279
-2.174,-0.211
-2.306,-1.408
-2.693,-0.517
-2.791,-2.69
-2.788,-0.456
-2.934,-1.541
-3.045,-0.522
2.988,-1.877
3.087,-2.253
2.892,-1.601
2.94,-3.014
2.832,-4.114
2.703,-1.824
2.55,-1.364
2.382,-2.661
2.079,-3.65
2.065,-3.614
2.173,-1.044
1.942,-2.908
1.938,-1.489
1.807,-2.349
1.95,-0.445
1.758,-2.091
1.535,-2.97
1.403,-3.436
1.253,-2.854
1.084,-3.024
1.14,-1.103
1.064,-2.677
1.028,-2.53
0.391,-4.349
-0.428,-4.246
-1.662,-4.412
-1.582,-4.302
1.195,-4.266
0.946,-4.263
0.76,0.027
0.168,0.197
-2.481,-0.1
-2.856,-0.068
-2.811,-0.084
2.797,-0.123
2.183,-0.209
2.116,-0.063
1.88,0.193
1.76,-0.042
1.87,-0.136
-0.22,-1.796
-0.238,-0.499
-0.604,-3.689
-1.756,-2.452
2.18,-1.053
0.101,-2.6
-0.18,-3.184
2.665,-1.777
2.528,-2.328
2.6,-1.965
2.524,-2.534
2.18,-3.866
1.901,-3.638
1.685,-1.901
1.768,-2.674
1.717,-1.952
1.667,-1.956
1.531,-0.993
-1.387,-2.932
2.856,-3.79
1.502,-3.639
-0.323,0.061
-0.894,-0.14
-1.114,0.073
-2.95,0.233
-3.074,0.267
2.833,0.076
2.304,0.179
2.029,-0.023
1.789,0.209
1.661,0.236
-1.054,-2.291
-2.658,-2.704
-3.04,-0.984
2.719,-2.859
-1.071,-0.006
3.058,0.077
1.105,-2.867
0.902,-3.79
0.947,-2.682
0.95,-2.417
0.776,-4.013
0.861,-0.425
0.775,-1.046
0.58,-1.627
0.552,-2.161
0.521,-2.97
0.376,-2.577
0.347,-2.744
0.348,-3.586
0.084,-0.52
0.092,-1.355
0.074,-3.997
0.01,-3.904
-0.08,-3.523
-0.038,-2.563
-0.192,-3.843
-0.264,-1.584
-0.24,-3.599
-0.332,-3.02
-0.472,-1.819
-0.656,-2.531
-0.605,-2.229
-0.741,-2.422
-0.767,-1.605
-0.807,-2.019
-0.962,-1.879
-0.941,-1.224
-1.023,-0.233
-1.146,-3.983
-1.211,-2.906
-1.331,-0.333
-1.327,-4.113
-1.3,-2.64
-1.427,-1.379
-1.627,-2.959
-1.726,-2.058
-1.726,-3.633
-1.878,-2.821
-1.898,-2.211
-2.017,-0.143
-2.149,-1.34
-2.536,-0.449
-2.634,-2.622
-2.631,-0.388
-2.777,-1.473
-2.888,-0.454
-3.138,-1.809
-3.039,-2.185
3.049,-1.533
3.097,-2.946
2.989,-4.046
2.86,-1.756
2.707,-1.296
2.539,-2.593
2.236,-3.582
2.222,-3.546
2.33,-0.976
2.099,-2.84
2.095,-1.421
1.964,-2.281
2.107,-0.377
1.915,-2.023
1.692,-2.902
1.56,-3.368
1.41,-2.786
1.241,-2.956
1.297,-1.035
1.221,-2.609
1.185,-2.462
0.548,-4.281
-0.271,-4.178
-1.505,-4.344
-1.425,-4.234
1.352,-4.198
1.103,-4.195
0.917,0.095
0.325,0.265
-2.324,-0.032
-2.699,0.0
-2.654,-0.016
2.954,-0.055
2.34,-0.141
2.273,0.005
2.037,0.261
1.917,0.026
2.027,-0.068
-0.063,-1.728
-0.081,-0.431
-0.447,-3.621
-1.599,-2.384
2.337,-0.985
0.258,-2.532
-0.023,-3.116
2.822,-1.709
2.685,-2.26
2.757,-1.897
2.681,-2.466
2.337,-3.798
2.058,-3.57
1.842,-1.833
1.925,-2.606
1.874,-1.884
1.824,-1.888
1.688,-0.925
-1.23,-2.864
3.013,-3.722
1.659,-3.571
-0.571,-0.201
-0.791,0.012
-2.627,0.172
-2.751,0.206
-3.127,0.015
2.627,0.118
2.352,-0.084
2.112,0.148
1.984,0.175
-0.731,-2.352
-2.335,-2.765
-2.717,-1.045
3.042,-2.92
-0.748,-0.067
-2.902,0.016
1.428,-2.928
1.225,-3.851
1.27,-2.743
1.273,-2.478
1.099,-4.074
1.184,-0.486
1.098,-1.107
0.903,-1.688
0.875,-2.222
0.844,-3.031
0.699,-2.638
0.67,-2.805
0.671,-3.647
0.407,-0.581
0.415,-1.416
0.397,-4.058
0.333,-3.965
0.243,-3.584
0.285,-2.624
0.131,-3.904
0.059,-1.645
0.083,-3.66
-0.009,-3.081
-0.149,-1.88
-0.333,-2.592
-0.282,-2.29
-0.418,-2.483
-0.444,-1.666
-0.484,-2.08
-0.639,-1.94
-0.618,-1.285
-0.7,-0.294
-0.823,-4.044
-0.888,-2.967
-1.008,-0.394
-1.004,-4.174
-0.977,-2.701
-1.104,-1.44
-1.304,-3.02
-1.403,-2.119
-1.403,-3.694
-1.555,-2.882
-1.575,-2.272
-1.694,-0.204
-1.826,-1.401
-2.213,-0.51
-2.311,-2.683
-2.308,-0.449
-2.454,-1.534
-2.565,-0.515
-2.815,-1.87
-2.716,-2.246
-2.911,-1.594
-2.863,-3.007
-2.971,-4.107
-3.1,-1.817
3.03,-1.357
2.862,-2.654
2.559,-3.643
2.545,-3.607
2.653,-1.037
2.422,-2.901
2.418,-1.482
2.287,-2.342
2.43,-0.438
2.238,-2.084
2.015,-2.963
1.883,-3.429
1.733,-2.847
1.564,-3.017
1.62,-1.096
1.544,-2.67
1.508,-2.523
0.871,-4.342
0.052,-4.239
-1.182,-4.405
-1.102,-4.295
1.675,-4.259
1.426,-4.256
1.24,0.034
0.648,0.204
-2.001,-0.093
-2.376,-0.061
-2.331,-0.077
-3.006,-0.116
2.663,-0.202
2.596,-0.056
2.36,0.2
2.24,-0.035
2.35,-0.129
0.26,-1.789
0.242,-0.492
-0.124,-3.682
-1.276,-2.445
2.66,-1.046
0.581,-2.593
0.3,-3.177
-3.138,-1.77
3.008,-2.321
3.08,-1.958
3.004,-2.527
2.66,-3.859
2.381,-3.631
2.165,-1.894
2.248,-2.667
2.197,-1.945
2.147,-1.949
2.011,-0.986
-0.907,-2.925
-2.947,-3.783
1.982,-3.632
-0.22,0.213
-2.056,0.373
-2.18,0.407
-2.556,0.216
-3.085,0.319
2.923,0.117
2.683,0.349
2.555,0.376
-0.16,-2.151
-1.764,-2.564
-2.146,-0.844
-2.67,-2.719
-0.177,0.134
-2.331,0.217
1.999,-2.727
1.796,-3.65
1.841,-2.542
1.844,-2.277
1.67,-3.873
1.755,-0.285
1.669,-0.906
1.474,-1.487
1.446,-2.021
1.415,-2.83
1.27,-2.437
1.241,-2.604
1.242,-3.446
0.978,-0.38
0.986,-1.215
0.968,-3.857
0.904,-3.764
0.814,-3.383
0.856,-2.423
0.702,-3.703
0.63,-1.444
0.654,-3.459
0.562,-2.88
0.422,-1.679
0.238,-2.391
0.289,-2.089
0.153,-2.282
0.127,-1.465
0.087,-1.879
-0.068,-1.739
-0.047,-1.084
-0.129,-0.093
-0.252,-3.843
-0.317,-2.766
-0.437,-0.193
-0.433,-3.973
-0.406,-2.5
-0.533,-1.239
-0.733,-2.819
-0.832,-1.918
-0.832,-3.493
-0.984,-2.681
-1.004,-2.071
-1.123,-0.003
-1.255,-1.2
-1.642,-0.309
-1.74,-2.482
-1.737,-0.248
-1.883,-1.333
-1.994,-0.314
-2.244,-1.669
-2.145,-2.045
-2.34,-1.393
-2.292,-2.806
-2.4,-3.906
-2.529,-1.616
-2.682,-1.156
-2.85,-2.453
3.13,-3.442
3.116,-3.406
-3.059,-0.836
2.993,-2.7
2.989,-1.281
2.858,-2.141
3.001,-0.237
2.809,-1.883
2.586,-2.762
2.454,-3.228
2.304,-2.646
2.135,-2.816
2.191,-0.895
2.115,-2.469
2.079,-2.322
1.442,-4.141
0.623,-4.038
-0.611,-4.204
-0.531,-4.094
2.246,-4.058
1.997,-4.055
1.811,0.235
1.219,0.405
-1.43,0.108
-1.805,0.14
-1.76,0.124
-2.435,0.085
-3.049,-0.001
-3.116,0.145
2.931,0.401
2.811,0.166
2.921,0.072
0.831,-1.588
0.813,-0.291
0.447,-3.481
-0.705,-2.244
-3.052,-0.845
1.152,-2.392
0.871,-2.976
-2.567,-1.569
-2.704,-2.12
-2.632,-1.757
-2.708,-2.326
-3.052,-3.658
2.952,-3.43
2.736,-1.693
2.819,-2.466
2.768,-1.744
2.718,-1.748
2.582,-0.785
-0.336,-2.724
-2.376,-3.582
2.553,-3.431
-1.836,0.16
-1.96,0.194
-2.336,0.003
-2.865,0.106
-3.14,-0.096
2.903,0.136
2.775,0.163
0.06,-2.364
-1.544,-2.777
-1.926,-1.057
-2.45,-2.932
0.043,-0.079
-2.111,0.004
2.219,-2.94
2.016,-3.863
2.061,-2.755
2.064,-2.49
1.89,-4.086
1.975,-0.498
1.889,-1.119
1.694,-1.7
1.666,-2.234
1.635,-3.043
1.49,-2.65
1.461,-2.817
1.462,-3.659
1.198,-0.593
1.206,-1.428
1.188,-4.07
1.124,-3.977
1.034,-3.596
1.076,-2.636
0.922,-3.916
0.85,-1.657
0.874,-3.672
0.782,-3.093
0.642,-1.892
0.458,-2.604
0.509,-2.302
0.373,-2.495
0.347,-1.678
0.307,-2.092
0.152,-1.952
0.173,-1.297
0.091,-0.306
-0.032,-4.056
-0.097,-2.979
-0.217,-0.406
-0.213,-4.186
-0.186,-2.713
-0.313,-1.452
-0.513,-3.032
-0.612,-2.131
-0.612,-3.706
-0.764,-2.894
-0.784,-2.284
-0.903,-0.216
-1.035,-1.413
-1.422,-0.522
-1.52,-2.695
-1.517,-0.461
-1.663,-1.546
-1.774,-0.527
-2.024,-1.882
-1.925,-2.258
-2.12,-1.606
-2.072,-3.019
-2.18,-4.119
-2.309,-1.829
-2.462,-1.369
-2.63,-2.666
-2.933,-3.655
-2.947,-3.619
-2.839,-1.049
-3.07,-2.913
-3.074,-1.494
3.078,-2.354
-3.062,-0.45
3.029,-2.096
2.806,-2.975
2.674,-3.441
2.524,-2.859
2.355,-3.029
2.411,-1.108
2.335,-2.682
2.299,-2.535
1.662,-4.354
0.843,-4.251
-0.391,-4.417
-0.311,-4.307
2.466,-4.271
2.217,-4.268
2.031,0.022
1.439,0.192
-1.21,-0.105
-1.585,-0.073
-1.54,-0.089
-2.215,-0.128
-2.829,-0.214
-2.896,-0.068
-3.132,0.188
3.031,-0.047
3.141,-0.141
1.051,-1.801
1.033,-0.504
0.667,-3.694
-0.485,-2.457
-2.832,-1.058
1.372,-2.605
1.091,-3.189
-2.347,-1.782
-2.484,-2.333
-2.412,-1.97
-2.488,-2.539
-2.832,-3.871
-3.111,-3.643
2.956,-1.906
3.039,-2.679
2.988,-1.957
2.938,-1.961
2.802,-0.998
-0.116,-2.937
-2.156,-3.795
2.773,-3.644
-0.124,0.034
-0.5,-0.157
-1.029,-0.054
-1.304,-0.256
-1.544,-0.024
-1.672,0.003
1.896,-2.524
0.292,-2.937
-0.09,-1.217
-0.614,-3.092
1.879,-0.239
-0.275,-0.156
-2.228,-3.1
-2.431,-4.023
-2.386,-2.915
-2.383,-2.65
-2.557,-4.246
-2.472,-0.658
-2.558,-1.279
-2.753,-1.86
-2.781,-2.394
-2.812,-3.203
-2.957,-2.81
-2.986,-2.977
-2.985,-3.819
3.034,-0.753
3.042,-1.588
3.024,-4.23
2.96,-4.137
2.87,-3.756
2.912,-2.796
2.758,-4.076
2.686,-1.817
2.71,-3.832
2.618,-3.253
2.478,-2.052
2.294,-2.764
2.345,-2.462
2.209,-2.655
2.183,-1.838
2.143,-2.252
1.988,-2.112
2.009,-1.457
1.927,-0.466
1.804,-4.216
1.739,-3.139
1.619,-0.566
1.623,-4.346
1.65,-2.873
1.523,-1.612
1.323,-3.192
1.224,-2.291
1.224,-3.866
1.072,-3.054
1.052,-2.444
0.933,-0.376
0.801,-1.573
0.414,-0.682
0.316,-2.855
0.319,-0.621
0.173,-1.706
0.062,-0.687
-0.188,-2.042
-0.089,-2.418
-0.284,-1.766
-0.236,-3.179
-0.344,-4.279
-0.473,-1.989
-0.626,-1.529
-0.794,-2.826
-1.097,-3.815
-1.111,-3.779
-1.003,-1.209
-1.234,-3.073
-1.238,-1.654
-1.369,-2.514
-1.226,-0.61
-1.418,-2.256
-1.641,-3.135
-1.773,-3.601
-1.923,-3.019
-2.092,-3.189
-2.036,-1.268
-2.112,-2.842
-2.148,-2.695
-2.785,-4.514
2.679,-4.411
1.445,-4.577
1.525,-4.467
-1.981,-4.431
-2.23,-4.428
-2.416,-0.138
-3.008,0.032
0.626,-0.265
0.251,-0.233
0.296,-0.249
-0.379,-0.288
-0.993,-0.374
-1.06,-0.228
-1.296,0.028
-1.416,-0.207
-1.306,-0.301
2.887,-1.961
2.869,-0.664
2.503,-3.854
1.351,-2.617
-0.996,-1.218
-3.075,-2.765
2.927,-3.349
-0.511,-1.942
-0.648,-2.493
-0.576,-2.13
-0.652,-2.699
-0.996,-4.031
-1.275,-3.803
-1.491,-2.066
-1.408,-2.839
-1.459,-2.117
-1.509,-2.121
-1.645,-1.158
1.72,-3.097
-0.32,-3.955
-1.674,-3.804
-0.376,-0.191
-0.905,-0.088
-1.18,-0.29
-1.42,-0.058
-1.548,-0.031
2.02,-2.558
0.416,-2.971
0.034,-1.251
-0.49,-3.126
2.003,-0.273
-0.151,-0.19
-2.104,-3.134
-2.307,-4.057
-2.262,-2.949
-2.259,-2.684
-2.433,-4.28
-2.348,-0.692
-2.434,-1.313
-2.629,-1.894
-2.657,-2.428
-2.688,-3.237
-2.833,-2.844
-2.862,-3.011
-2.861,-3.853
-3.125,-0.787
-3.117,-1.622
-3.135,-4.264
3.084,-4.171
2.994,-3.79
3.036,-2.83
2.882,-4.11
2.81,-1.851
2.834,-3.866
2.742,-3.287
2.602,-2.086
2.418,-2.798
2.469,-2.496
2.333,-2.689
2.307,-1.872
2.267,-2.286
2.112,-2.146
2.133,-1.491
2.051,-0.5
1.928,-4.25
1.863,-3.173
1.743,-0.6
1.747,-4.38
1.774,-2.907
1.647,-1.646
1.447,-3.226
1.348,-2.325
1.348,-3.9
1.196,-3.088
1.176,-2.478
1.057,-0.41
0.925,-1.607
0.538,-0.716
0.44,-2.889
0.443,-0.655
0.297,-1.74
0.186,-0.721
-0.064,-2.076
0.035,-2.452
-0.16,-1.8
-0.112,-3.213
-0.22,-4.313
-0.349,-2.023
-0.502,-1.563
-0.67,-2.86
-0.973,-3.849
-0.987,-3.813
-0.879,-1.243
-1.11,-3.107
-1.114,-1.688
-1.245,-2.548
-1.102,-0.644
-1.294,-2.29
-1.517,-3.169
-1.649,-3.635
-1.799,-3.053
-1.968,-3.223
-1.912,-1.302
-1.988,-2.876
-2.024,-2.729
-2.661,-4.548
2.803,-4.445
1.569,-4.611
1.649,-4.501
-1.857,-4.465
-2.106,-4.462
-2.292,-0.172
-2.884,-0.002
0.75,-0.299
0.375,-0.267
0.42,-0.283
-0.255,-0.322
-0.869,-0.408
-0.936,-0.262
-1.172,-0.006
-1.292,-0.241
-1.182,-0.335
3.011,-1.995
2.993,-0.698
2.627,-3.888
1.475,-2.651
-0.872,-1.252
-2.951,-2.799
3.051,-3.383
-0.387,-1.976
-0.524,-2.527
-0.452,-2.164
-0.528,-2.733
-0.872,-4.065
-1.151,-3.837
-1.367,-2.1
-1.284,-2.873
-1.335,-2.151
-1.385,-2.155
-1.521,-1.192
1.844,-3.131
-0.196,-3.989
-1.55,-3.838
-0.529,0.103
-0.804,-0.099
-1.044,0.133
-1.172,0.16
2.396,-2.367
0.792,-2.78
0.41,-1.06
-0.114,-2.935
2.379,-0.082
0.225,0.001
-1.728,-2.943
-1.931,-3.866
-1.886,-2.758
-1.883,-2.493
-2.057,-4.089
-1.972,-0.501
-2.058,-1.122
-2.253,-1.703
-2.281,-2.237
-2.312,-3.046
-2.457,-2.653
-2.486,-2.82
-2.485,-3.662
-2.749,-0.596
-2.741,-1.431
-2.759,-4.073
-2.823,-3.98
-2.913,-3.599
-2.871,-2.639
-3.025,-3.919
-3.097,-1.66
-3.073,-3.675
3.118,-3.096
2.978,-1.895
2.794,-2.607
2.845,-2.305
2.709,-2.498
2.683,-1.681
2.643,-2.095
2.488,-1.955
2.509,-1.3
2.427,-0.309
2.304,-4.059
2.239,-2.982
2.119,-0.409
2.123,-4.189
2.15,-2.716
2.023,-1.455
1.823,-3.035
1.724,-2.134
1.724,-3.709
1.572,-2.897
1.552,-2.287
1.433,-0.219
1.301,-1.416
0.914,-0.525
0.816,-2.698
0.819,-0.464
0.673,-1.549
0.562,-0.53
0.312,-1.885
0.411,-2.261
0.216,-1.609
0.264,-3.022
0.156,-4.122
0.027,-1.832
-0.126,-1.372
-0.294,-2.669
-0.597,-3.658
-0.611,-3.622
-0.503,-1.052
-0.734,-2.916
-0.738,-1.497
-0.869,-2.357
-0.726,-0.453
-0.918,-2.099
-1.141,-2.978
-1.273,-3.444
-1.423,-2.862
-1.592,-3.032
-1.536,-1.111
-1.612,-2.685
-1.648,-2.538
-2.285,-4.357
-3.104,-4.254
1.945,-4.42
2.025,-4.31
-1.481,-4.274
-1.73,-4.271
-1.916,0.019
-2.508,0.189
1.126,-0.108
0.751,-0.076
0.796,-0.092
0.121,-0.131
-0.493,-0.217
-0.56,-0.071
-0.796,0.185
-0.916,-0.05
-0.806,-0.144
-2.896,-1.804
-2.914,-0.507
3.003,-3.697
1.851,-2.46
-0.496,-1.061
-2.575,-2.608
-2.856,-3.192
-0.011,-1.785
-0.148,-2.336
-0.076,-1.973
-0.152,-2.542
-0.496,-3.874
-0.775,-3.646
-0.991,-1.909
-0.908,-2.682
-0.959,-1.96
-1.009,-1.964
-1.145,-1.001
2.22,-2.94
0.18,-3.798
-1.174,-3.647
-0.275,-0.202
-0.515,0.03
-0.643,0.057
2.925,-2.47
1.321,-2.883
0.939,-1.163
0.415,-3.038
2.908,-0.185
0.754,-0.102
-1.199,-3.046
-1.402,-3.969
-1.357,-2.861
-1.354,-2.596
-1.528,-4.192
-1.443,-0.604
-1.529,-1.225
-1.724,-1.806
-1.752,-2.34
-1.783,-3.149
-1.928,-2.756
-1.957,-2.923
-1.956,-3.765
-2.22,-0.699
-2.212,-1.534
-2.23,-4.176
-2.294,-4.083
-2.384,-3.702
-2.342,-2.742
-2.496,-4.022
-2.568,-1.763
-2.544,-3.778
-2.636,-3.199
-2.776,-1.998
-2.96,-2.71
-2.909,-2.408
-3.045,-2.601
-3.071,-1.784
-3.111,-2.198
3.017,-2.058
3.038,-1.403
2.956,-0.412
2.833,-4.162
2.768,-3.085
2.648,-0.512
2.652,-4.292
2.679,-2.819
2.552,-1.558
2.352,-3.138
2.253,-2.237
2.253,-3.812
2.101,-3.0
2.081,-2.39
1.962,-0.322
1.83,-1.519
1.443,-0.628
1.345,-2.801
1.348,-0.567
1.202,-1.652
1.091,-0.633
0.841,-1.988
0.94,-2.364
0.745,-1.712
0.793,-3.125
0.685,-4.225
0.556,-1.935
0.403,-1.475
0.235,-2.772
-0.068,-3.761
-0.082,-3.725
0.026,-1.155
-0.205,-3.019
-0.209,-1.6
-0.34,-2.46
-0.197,-0.556
-0.389,-2.202
-0.612,-3.081
-0.744,-3.547
-0.894,-2.965
-1.063,-3.135
-1.007,-1.214
-1.083,-2.788
-1.119,-2.641
-1.756,-4.46
-2.575,-4.357
2.474,-4.523
2.554,-4.413
-0.952,-4.377
-1.201,-4.374
-1.387,-0.084
-1.979,0.086
1.655,-0.211
1.28,-0.179
1.325,-0.195
0.65,-0.234
0.036,-0.32
-0.031,-0.174
-0.267,0.082
-0.387,-0.153
-0.277,-0.247
-2.367,-1.907
-2.385,-0.61
-2.751,-3.8
2.38,-2.563
0.033,-1.164
-2.046,-2.711
-2.327,-3.295
0.518,-1.888
0.381,-2.439
0.453,-2.076
0.377,-2.645
0.033,-3.977
-0.246,-3.749
-0.462,-2.012
-0.379,-2.785
-0.43,-2.063
-0.48,-2.067
-0.616,-1.104
2.749,-3.043
0.709,-3.901
-0.645,-3.75
-0.24,0.232
-0.368,0.259
-3.083,-2.268
1.596,-2.681
1.214,-0.961
0.69,-2.836
-3.1,0.017
1.029,0.1
-0.924,-2.844
-1.127,-3.767
-1.082,-2.659
-1.079,-2.394
-1.253,-3.99
-1.168,-0.402
-1.254,-1.023
-1.449,-1.604
-1.477,-2.138
-1.508,-2.947
-1.653,-2.554
-1.682,-2.721
-1.681,-3.563
-1.945,-0.497
-1.937,-1.332
-1.955,-3.974
-2.019,-3.881
-2.109,-3.5
-2.067,-2.54
-2.221,-3.82
-2.293,-1.561
-2.269,-3.576
-2.361,-2.997
-2.501,-1.796
-2.685,-2.508
-2.634,-2.206
-2.77,-2.399
-2.796,-1.582
-2.836,-1.996
-2.991,-1.856
-2.97,-1.201
-3.052,-0.21
3.108,-3.96
3.043,-2.883
2.923,-0.31
2.927,-4.09
2.954,-2.617
2.827,-1.356
2.627,-2.936
2.528,-2.035
2.528,-3.61
2.376,-2.798
2.356,-2.188
2.237,-0.12
2.105,-1.317
1.718,-0.426
1.62,-2.599
1.623,-0.365
1.477,-1.45
1.366,-0.431
1.116,-1.786
1.215,-2.162
1.02,-1.51
1.068,-2.923
0.96,-4.023
0.831,-1.733
0.678,-1.273
0.51,-2.57
0.207,-3.559
0.193,-3.523
0.301,-0.953
0.07,-2.817
0.066,-1.398
-0.065,-2.258
0.078,-0.354
-0.114,-2.0
-0.337,-2.879
-0.469,-3.345
-0.619,-2.763
-0.788,-2.933
-0.732,-1.012
-0.808,-2.586
-0.844,-2.439
-1.481,-4.258
-2.3,-4.155
2.749,-4.321
2.829,-4.211
-0.677,-4.175
-0.926,-4.172
-1.112,0.118
-1.704,0.288
1.93,-0.009
1.555,0.023
1.6,0.007
0.925,-0.032
0.311,-0.118
0.244,0.028
0.008,0.284
-0.112,0.049
-0.002,-0.045
-2.092,-1.705
-2.11,-0.408
-2.476,-3.598
2.655,-2.361
0.308,-0.962
-1.771,-2.509
-2.052,-3.093
0.793,-1.686
0.656,-2.237
0.728,-1.874
0.652,-2.443
0.308,-3.775
0.029,-3.547
-0.187,-1.81
-0.104,-2.583
-0.155,-1.861
-0.205,-1.865
-0.341,-0.902
3.024,-2.841
0.984,-3.699
-0.37,-3.548
-0.128,0.027
-2.843,-2.5
1.836,-2.913
1.454,-1.193
0.93,-3.068
-2.86,-0.215
1.269,-0.132
-0.684,-3.076
-0.887,-3.999
-0.842,-2.891
-0.839,-2.626
-1.013,-4.222
-0.928,-0.634
-1.014,-1.255
-1.209,-1.836
-1.237,-2.37
-1.268,-3.179
-1.413,-2.786
-1.442,-2.953
-1.441,-3.795
-1.705,-0.729
-1.697,-1.564
-1.715,-4.206
-1.779,-4.113
-1.869,-3.732
-1.827,-2.772
-1.981,-4.052
-2.053,-1.793
-2.029,-3.808
-2.121,-3.229
-2.261,-2.028
-2.445,-2.74
-2.394,-2.438
-2.53,-2.631
-2.556,-1.814
-2.596,-2.228
-2.751,-2.088
-2.73,-1.433
-2.812,-0.442
-2.935,-4.192
-3.0,-3.115
-3.12,-0.542
-3.116,-4.322
-3.089,-2.849
3.067,-1.588
2.867,-3.168
2.768,-2.267
2.768,-3.842
2.616,-3.03
2.596,-2.42
2.477,-0.352
2.345,-1.549
1.958,-0.658
1.86,-2.831
1.863,-0.597
1.717,-1.682
1.606,-0.663
1.356,-2.018
1.455,-2.394
1.26,-1.742
1.308,-3.155
1.2,-4.255
1.071,-1.965
0.918,-1.505
0.75,-2.802
0.447,-3.791
0.433,-3.755
0.541,-1.185
0.31,-3.049
0.306,-1.63
0.175,-2.49
0.318,-0.586
0.126,-2.232
-0.097,-3.111
-0.229,-3.577
-0.379,-2.995
-0.548,-3.165
-0.492,-1.244
-0.568,-2.818
-0.604,-2.671
-1.241,-4.49
-2.06,-4.387
2.989,-4.553
3.069,-4.443
-0.437,-4.407
-0.686,-4.404
-0.872,-0.114
-1.464,0.056
2.17,-0.241
1.795,-0.209
1.84,-0.225
1.165,-0.264
0.551,-0.35
0.484,-0.204
0.248,0.052
0.128,-0.183
0.238,-0.277
-1.852,-1.937
-1.87,-0.64
-2.236,-3.83
2.895,-2.593
0.548,-1.194
-1.531,-2.741
-1.812,-3.325
1.033,-1.918
0.896,-2.469
0.968,-2.106
0.892,-2.675
0.548,-4.007
0.269,-3.779
0.053,-2.042
0.136,-2.815
0.085,-2.093
0.035,-2.097
-0.101,-1.134
-3.019,-3.073
1.224,-3.931
-0.13,-3.78
-2.715,-2.527
1.964,-2.94
1.582,-1.22
1.058,-3.095
-2.732,-0.242
1.397,-0.159
-0.556,-3.103
-0.759,-4.026
-0.714,-2.918
-0.711,-2.653
-0.885,-4.249
-0.8,-0.661
-0.886,-1.282
-1.081,-1.863
-1.109,-2.397
-1.14,-3.206
-1.285,-2.813
-1.314,-2.98
-1.313,-3.822
-1.577,-0.756
-1.569,-1.591
-1.587,-4.233
-1.651,-4.14
-1.741,-3.759
-1.699,-2.799
-1.853,-4.079
-1.925,-1.82
-1.901,-3.835
-1.993,-3.256
-2.133,-2.055
-2.317,-2.767
-2.266,-2.465
-2.402,-2.658
-2.428,-1.841
-2.468,-2.255
-2.623,-2.115
-2.602,-1.46
-2.684,-0.469
-2.807,-4.219
-2.872,-3.142
-2.992,-0.569
-2.988,-4.349
-2.961,-2.876
-3.088,-1.615
2.995,-3.195
2.896,-2.294
2.896,-3.869
2.744,-3.057
2.724,-2.447
2.605,-0.379
2.473,-1.576
2.086,-0.685
1.988,-2.858
1.991,-0.624
1.845,-1.709
1.734,-0.69
1.484,-2.045
1.583,-2.421
1.388,-1.769
1.436,-3.182
1.328,-4.282
1.199,-1.992
1.046,-1.532
0.878,-2.829
0.575,-3.818
0.561,-3.782
0.669,-1.212
0.438,-3.076
0.434,-1.657
0.303,-2.517
0.446,-0.613
0.254,-2.259
0.031,-3.138
-0.101,-3.604
-0.251,-3.022
-0.42,-3.192
-0.364,-1.271
-0.44,-2.845
-0.476,-2.698
-1.113,-4.517
-1.932,-4.414
3.117,-4.58
-3.086,-4.47
-0.309,-4.434
-0.558,-4.431
-0.744,-0.141
-1.336,0.029
2.298,-0.268
1.923,-0.236
1.968,-0.252
1.293,-0.291
0.679,-0.377
0.612,-0.231
0.376,0.025
0.256,-0.21
0.366,-0.304
-1.724,-1.964
-1.742,-0.667
-2.108,-3.857
3.023,-2.62
0.676,-1.221
-1.403,-2.768
-1.684,-3.352
1.161,-1.945
1.024,-2.496
1.096,-2.133
1.02,-2.702
0.676,-4.034
0.397,-3.806
0.181,-2.069
0.264,-2.842
0.213,-2.12
0.163,-2.124
0.027,-1.161
-2.891,-3.1
1.352,-3.958
-0.002,-3.807
-1.604,-0.413
-1.986,1.307
-2.51,-0.568
-0.017,2.285
-2.171,2.368
2.159,-0.576
1.956,-1.499
2.001,-0.391
2.004,-0.126
1.83,-1.722
1.915,1.866
1.829,1.245
1.634,0.664
1.606,0.13
1.575,-0.679
1.43,-0.286
1.401,-0.453
1.402,-1.295
1.138,1.771
1.146,0.936
1.128,-1.706
1.064,-1.613
0.974,-1.232
1.016,-0.272
0.862,-1.552
0.79,0.707
0.814,-1.308
0.722,-0.729
0.582,0.472
0.398,-0.24
0.449,0.062
0.313,-0.131
0.287,0.686
0.247,0.272
0.092,0.412
0.113,1.067
0.031,2.058
-0.092,-1.692
-0.157,-0.615
-0.277,1.958
-0.273,-1.822
-0.246,-0.349
-0.373,0.912
-0.573,-0.668
-0.672,0.233
-0.672,-1.342
-0.824,-0.53
-0.844,0.08
-0.963,2.148
-1.095,0.951
-1.482,1.842
-1.58,-0.331
-1.577,1.903
-1.723,0.818
-1.834,1.837
-2.084,0.482
-1.985,0.106
-2.18,0.758
-2.132,-0.655
-2.24,-1.755
-2.369,0.535
-2.522,0.995
-2.69,-0.302
-2.993,-1.291
-3.007,-1.255
-2.899,1.315
-3.13,-0.549
-3.134,0.87
3.018,0.01
-3.122,1.914
2.969,0.268
2.746,-0.611
2.614,-1.077
2.464,-0.495
2.295,-0.665
2.351,1.256
2.275,-0.318
2.239,-0.171
1.602,-1.99
0.783,-1.887
-0.451,-2.053
-0.371,-1.943
2.406,-1.907
2.157,-1.904
1.971,2.386
1.379,2.556
-1.27,2.259
-1.645,2.291
-1.6,2.275
-2.275,2.236
-2.889,2.15
-2.956,2.296
3.091,2.552
2.971,2.317
3.081,2.223
0.991,0.563
0.973,1.86
0.607,-1.33
-0.545,-0.093
-2.892,1.306
1.312,-0.241
1.031,-0.825
-2.407,0.582
-2.544,0.031
-2.472,0.394
-2.548,-0.175
-2.892,-1.507
3.112,-1.279
2.896,0.458
2.979,-0.315
2.928,0.407
2.878,0.403
2.742,1.366
-0.176,-0.573
-2.216,-1.431
2.713,-1.28
-0.382,1.72
-0.906,-0.155
1.587,2.698
-0.567,2.781
-2.52,-0.163
-2.723,-1.086
-2.678,0.022
-2.675,0.287
-2.849,-1.309
-2.764,2.279
-2.85,1.658
-3.045,1.077
-3.073,0.543
-3.104,-0.266
3.034,0.127
3.005,-0.04
3.006,-0.882
2.742,2.184
2.75,1.349
2.732,-1.293
2.668,-1.2
2.578,-0.819
2.62,0.141
2.466,-1.139
2.394,1.12
2.418,-0.895
2.326,-0.316
2.186,0.885
2.002,0.173
2.053,0.475
1.917,0.282
1.891,1.099
1.851,0.685
1.696,0.825
1.717,1.48
1.635,2.471
1.512,-1.279
1.447,-0.202
1.327,2.371
1.331,-1.409
1.358,0.064
1.231,1.325
1.031,-0.255
0.932,0.646
0.932,-0.929
0.78,-0.117
0.76,0.493
0.641,2.561
0.509,1.364
0.122,2.255
0.024,0.082
0.027,2.316
-0.119,1.231
-0.23,2.25
-0.48,0.895
-0.381,0.519
-0.576,1.171
-0.528,-0.242
-0.636,-1.342
-0.765,0.948
-0.918,1.408
-1.086,0.111
-1.389,-0.878
-1.403,-0.842
-1.295,1.728
-1.526,-0.136
-1.53,1.283
-1.661,0.423
-1.518,2.327
-1.71,0.681
-1.933,-0.198
-2.065,-0.664
-2.215,-0.082
-2.384,-0.252
-2.328,1.669
-2.404,0.095
-2.44,0.242
-3.077,-1.577
2.387,-1.474
1.153,-1.64
1.233,-1.53
-2.273,-1.494
-2.522,-1.491
-2.708,2.799
2.983,2.969
0.334,2.672
-0.041,2.704
0.004,2.688
-0.671,2.649
-1.285,2.563
-1.352,2.709
-1.588,2.965
-1.708,2.73
-1.598,2.636
2.595,0.976
2.577,2.273
2.211,-0.917
1.059,0.32
-1.288,1.719
2.916,0.172
2.635,-0.412
-0.803,0.995
-0.94,0.444
-0.868,0.807
-0.944,0.238
-1.288,-1.094
-1.567,-0.866
-1.783,0.871
-1.7,0.098
-1.751,0.82
-1.801,0.816
-1.937,1.779
1.428,-0.16
-0.612,-1.018
-1.966,-0.867
-0.524,-1.875
1.969,0.978
-0.185,1.061
-2.138,-1.883
-2.341,-2.806
-2.296,-1.698
-2.293,-1.433
-2.467,-3.029
-2.382,0.559
-2.468,-0.062
-2.663,-0.643
-2.691,-1.177
-2.722,-1.986
-2.867,-1.593
-2.896,-1.76
-2.895,-2.602
3.124,0.464
3.132,-0.371
3.114,-3.013
3.05,-2.92
2.96,-2.539
3.002,-1.579
2.848,-2.859
2.776,-0.6
2.8,-2.615
2.708,-2.036
2.568,-0.835
2.384,-1.547
2.435,-1.245
2.299,-1.438
2.273,-0.621
2.233,-1.035
2.078,-0.895
2.099,-0.24
2.017,0.751
1.894,-2.999
1.829,-1.922
1.709,0.651
1.713,-3.129
1.74,-1.656
1.613,-0.395
1.413,-1.975
1.314,-1.074
1.314,-2.649
1.162,-1.837
1.142,-1.227
1.023,0.841
0.891,-0.356
0.504,0.535
0.406,-1.638
0.409,0.596
0.263,-0.489
0.152,0.53
-0.098,-0.825
0.001,-1.201
-0.194,-0.549
-0.146,-1.962
-0.254,-3.062
-0.383,-0.772
-0.536,-0.312
-0.704,-1.609
-1.007,-2.598
-1.021,-2.562
-0.913,0.008
-1.144,-1.856
-1.148,-0.437
-1.279,-1.297
-1.136,0.607
-1.328,-1.039
-1.551,-1.918
-1.683,-2.384
-1.833,-1.802
-2.002,-1.972
-1.946,-0.051
-2.022,-1.625
-2.058,-1.478
-2.695,-3.297
2.769,-3.194
1.535,-3.36
1.615,-3.25
-1.891,-3.214
-2.14,-3.211
-2.326,1.079
-2.918,1.249
0.716,0.952
0.341,0.984
0.386,0.968
-0.289,0.929
-0.903,0.843
-0.97,0.989
-1.206,1.245
-1.326,1.01
-1.216,0.916
2.977,-0.744
2.959,0.553
2.593,-2.637
1.441,-1.4
-0.906,-0.001
-2.985,-1.548
3.017,-2.132
-0.421,-0.725
-0.558,-1.276
-0.486,-0.913
-0.562,-1.482
-0.906,-2.814
-1.185,-2.586
-1.401,-0.849
-1.318,-1.622
-1.369,-0.9
-1.419,-0.904
-1.555,0.059
1.81,-1.88
-0.23,-2.738
-1.584,-2.587
2.493,2.853
0.339,2.936
-1.614,-0.008
-1.817,-0.931
-1.772,0.177
-1.769,0.442
-1.943,-1.154
-1.858,2.434
-1.944,1.813
-2.139,1.232
-2.167,0.698
-2.198,-0.111
-2.343,0.282
-2.372,0.115
-2.371,-0.727
-2.635,2.339
-2.627,1.504
-2.645,-1.138
-2.709,-1.045
-2.799,-0.664
-2.757,0.296
-2.911,-0.984
-2.983,1.275
-2.959,-0.74
-3.051,-0.161
3.092,1.04
2.908,0.328
2.959,0.63
2.823,0.437
2.797,1.254
2.757,0.84
2.602,0.98
2.623,1.635
2.541,2.626
2.418,-1.124
2.353,-0.047
2.233,2.526
2.237,-1.254
2.264,0.219
2.137,1.48
1.937,-0.1
1.838,0.801
1.838,-0.774
1.686,0.038
1.666,0.648
1.547,2.716
1.415,1.519
1.028,2.41
0.93,0.237
0.933,2.471
0.787,1.386
0.676,2.405
0.426,1.05
0.525,0.674
0.33,1.326
0.378,-0.087
0.27,-1.187
0.141,1.103
-0.012,1.563
-0.18,0.266
-0.483,-0.723
-0.497,-0.687
-0.389,1.883
-0.62,0.019
-0.624,1.438
-0.755,0.578
-0.612,2.482
-0.804,0.836
-1.027,-0.043
-1.159,-0.509
-1.309,0.073
-1.478,-0.097
-1.422,1.824
-1.498,0.25
-1.534,0.397
-2.171,-1.422
-2.99,-1.319
2.059,-1.485
2.139,-1.375
-1.367,-1.339
-1.616,-1.336
-1.802,2.954
-2.394,3.124
1.24,2.827
0.865,2.859
0.91,2.843
0.235,2.804
-0.379,2.718
-0.446,2.864
-0.682,3.12
-0.802,2.885
-0.692,2.791
-2.782,1.131
-2.8,2.428
3.117,-0.762
1.965,0.475
-0.382,1.874
-2.461,0.327
-2.742,-0.257
0.103,1.15
-0.034,0.599
0.038,0.962
-0.038,0.393
-0.382,-0.939
-0.661,-0.711
-0.877,1.026
-0.794,0.253
-0.845,0.975
-0.895,0.971
-1.031,1.934
2.334,-0.005
0.294,-0.863
-1.06,-0.712
-2.154,0.083
2.176,-2.861
1.973,-3.784
2.018,-2.676
2.021,-2.411
1.847,-4.007
1.932,-0.419
1.846,-1.04
1.651,-1.621
1.623,-2.155
1.592,-2.964
1.447,-2.571
1.418,-2.738
1.419,-3.58
1.155,-0.514
1.163,-1.349
1.145,-3.991
1.081,-3.898
0.991,-3.517
1.033,-2.557
0.879,-3.837
0.807,-1.578
0.831,-3.593
0.739,-3.014
0.599,-1.813
0.415,-2.525
0.466,-2.223
0.33,-2.416
0.304,-1.599
0.264,-2.013
0.109,-1.873
0.13,-1.218
0.048,-0.227
-0.075,-3.977
-0.14,-2.9
-0.26,-0.327
-0.256,-4.107
-0.229,-2.634
-0.356,-1.373
-0.556,-2.953
-0.655,-2.052
-0.655,-3.627
-0.807,-2.815
-0.827,-2.205
-0.946,-0.137
-1.078,-1.334
-1.465,-0.443
-1.563,-2.616
-1.56,-0.382
-1.706,-1.467
-1.817,-0.448
-2.067,-1.803
-1.968,-2.179
-2.163,-1.527
-2.115,-2.94
-2.223,-4.04
-2.352,-1.75
-2.505,-1.29
-2.673,-2.587
-2.976,-3.576
-2.99,-3.54
-2.882,-0.97
-3.113,-2.834
-3.117,-1.415
3.035,-2.275
-3.105,-0.371
2.986,-2.017
2.763,-2.896
2.631,-3.362
2.481,-2.78
2.312,-2.95
2.368,-1.029
2.292,-2.603
2.256,-2.456
1.619,-4.275
0.8,-4.172
-0.434,-4.338
-0.354,-4.228
2.423,-4.192
2.174,-4.189
1.988,0.101
1.396,0.271
-1.253,-0.026
-1.628,0.006
-1.583,-0.01
-2.258,-0.049
-2.872,-0.135
-2.939,0.011
3.108,0.267
2.988,0.032
3.098,-0.062
1.008,-1.722
0.99,-0.425
0.624,-3.615
-0.528,-2.378
-2.875,-0.979
1.329,-2.526
1.048,-3.11
-2.39,-1.703
-2.527,-2.254
-2.455,-1.891
-2.531,-2.46
-2.875,-3.792
3.129,-3.564
2.913,-1.827
2.996,-2.6
2.945,-1.878
2.895,-1.882
2.759,-0.919
-0.159,-2.858
-2.199,-3.716
2.73,-3.565
-1.953,-2.944
-2.156,-3.867
-2.111,-2.759
-2.108,-2.494
-2.282,-4.09
-2.197,-0.502
-2.283,-1.123
-2.478,-1.704
-2.506,-2.238
-2.537,-3.047
-2.682,-2.654
-2.711,-2.821
-2.71,-3.663
-2.974,-0.597
-2.966,-1.432
-2.984,-4.074
-3.048,-3.981
-3.138,-3.6
-3.096,-2.64
3.033,-3.92
2.961,-1.661
2.985,-3.676
2.893,-3.097
2.753,-1.896
2.569,-2.608
2.62,-2.306
2.484,-2.499
2.458,-1.682
2.418,-2.096
2.263,-1.956
2.284,-1.301
2.202,-0.31
2.079,-4.06
2.014,-2.983
1.894,-0.41
1.898,-4.19
1.925,-2.717
1.798,-1.456
1.598,-3.036
1.499,-2.135
1.499,-3.71
1.347,-2.898
1.327,-2.288
1.208,-0.22
1.076,-1.417
0.689,-0.526
0.591,-2.699
0.594,-0.465
0.448,-1.55
0.337,-0.531
0.087,-1.886
0.186,-2.262
-0.009,-1.61
0.039,-3.023
-0.069,-4.123
-0.198,-1.833
-0.351,-1.373
-0.519,-2.67
-0.822,-3.659
-0.836,-3.623
-0.728,-1.053
-0.959,-2.917
-0.963,-1.498
-1.094,-2.358
-0.951,-0.454
-1.143,-2.1
-1.366,-2.979
-1.498,-3.445
-1.648,-2.863
-1.817,-3.033
-1.761,-1.112
-1.837,-2.686
-1.873,-2.539
-2.51,-4.358
2.954,-4.255
1.72,-4.421
1.8,-4.311
-1.706,-4.275
-1.955,-4.272
-2.141,0.018
-2.733,0.188
0.901,-0.109
0.526,-0.077
0.571,-0.093
-0.104,-0.132
-0.718,-0.218
-0.785,-0.072
-1.021,0.184
-1.141,-0.051
-1.031,-0.145
-3.121,-1.805
-3.139,-0.508
2.778,-3.698
1.626,-2.461
-0.721,-1.062
-2.8,-2.609
-3.081,-3.193
-0.236,-1.786
-0.373,-2.337
-0.301,-1.974
-0.377,-2.543
-0.721,-3.875
-1.0,-3.647
-1.216,-1.91
-1.133,-2.683
-1.184,-1.961
-1.234,-1.965
-1.37,-1.002
1.995,-2.941
-0.045,-3.799
-1.399,-3.648
-0.203,-0.923
-0.158,0.185
-0.155,0.45
-0.329,-1.146
-0.244,2.442
-0.33,1.821
-0.525,1.24
-0.553,0.706
-0.584,-0.103
-0.729,0.29
-0.758,0.123
-0.757,-0.719
-1.021,2.347
-1.013,1.512
-1.031,-1.13
-1.095,-1.037
-1.185,-0.656
-1.143,0.304
-1.297,-0.976
-1.369,1.283
-1.345,-0.732
-1.437,-0.153
-1.577,1.048
-1.761,0.336
-1.71,0.638
-1.846,0.445
-1.872,1.262
-1.912,0.848
-2.067,0.988
-2.046,1.643
-2.128,2.634
-2.251,-1.116
-2.316,-0.039
-2.436,2.534
-2.432,-1.246
-2.405,0.227
-2.532,1.488
-2.732,-0.092
-2.831,0.809
-2.831,-0.766
-2.983,0.046
-3.003,0.656
-3.122,2.724
3.029,1.527
2.642,2.418
2.544,0.245
2.547,2.479
2.401,1.394
2.29,2.413
2.04,1.058
2.139,0.682
1.944,1.334
1.992,-0.079
1.884,-1.179
1.755,1.111
1.602,1.571
1.434,0.274
1.131,-0.715
1.117,-0.679
1.225,1.891
0.994,0.027
0.99,1.446
0.859,0.586
1.002,2.49
0.81,0.844
0.587,-0.035
0.455,-0.501
0.305,0.081
0.136,-0.089
0.192,1.832
0.116,0.258
0.08,0.405
-0.557,-1.414
-1.376,-1.311
-2.61,-1.477
-2.53,-1.367
0.247,-1.331
-0.002,-1.328
-0.188,2.962
-0.78,3.132
2.854,2.835
2.479,2.867
2.524,2.851
1.849,2.812
1.235,2.726
1.168,2.872
0.932,3.128
0.812,2.893
0.922,2.799
-1.168,1.139
-1.186,2.436
-1.552,-0.754
-2.704,0.483
1.232,1.882
-0.847,0.335
-1.128,-0.249
1.717,1.158
1.58,0.607
1.652,0.97
1.576,0.401
1.232,-0.931
0.953,-0.703
0.737,1.034
0.82,0.261
0.769,0.983
0.719,0.979
0.583,1.942
-2.335,0.003
1.908,-0.855
0.554,-0.704
0.045,1.108
0.048,1.373
-0.126,-0.223
-0.041,3.365
-0.127,2.744
-0.322,2.163
-0.35,1.629
-0.381,0.82
-0.526,1.213
-0.555,1.046
-0.554,0.204
-0.818,3.27
-0.81,2.435
-0.828,-0.207
-0.892,-0.114
-0.982,0.267
-0.94,1.227
-1.094,-0.053
-1.166,2.206
-1.142,0.191
-1.234,0.77
-1.374,1.971
-1.558,1.259
-1.507,1.561
-1.643,1.368
-1.669,2.185
-1.709,1.771
-1.864,1.911
-1.843,2.566
-1.925,3.557
-2.048,-0.193
-2.113,0.884
-2.233,3.457
-2.229,-0.323
-2.202,1.15
-2.329,2.411
-2.529,0.831
-2.628,1.732
-2.628,0.157
-2.78,0.969
-2.8,1.579
-2.919,3.647
-3.051,2.45
2.845,3.341
2.747,1.168
2.75,3.402
2.604,2.317
2.493,3.336
2.243,1.981
2.342,1.605
2.147,2.257
2.195,0.844
2.087,-0.256
1.958,2.034
1.805,2.494
1.637,1.197
1.334,0.208
1.32,0.244
1.428,2.814
1.197,0.95
1.193,2.369
1.062,1.509
1.205,3.413
1.013,1.767
0.79,0.888
0.658,0.422
0.508,1.004
0.339,0.834
0.395,2.755
0.319,1.181
0.283,1.328
-0.354,-0.491
-1.173,-0.388
-2.407,-0.554
-2.327,-0.444
0.45,-0.408
0.201,-0.405
0.015,3.885
-0.577,4.055
3.057,3.758
2.682,3.79
2.727,3.774
2.052,3.735
1.438,3.649
1.371,3.795
1.135,4.051
1.015,3.816
1.125,3.722
-0.965,2.062
-0.983,3.359
-1.349,0.169
-2.501,1.406
1.435,2.805
-0.644,1.258
-0.925,0.674
1.92,2.081
1.783,1.53
1.855,1.893
1.779,1.324
1.435,-0.008
1.156,0.22
0.94,1.957
1.023,1.184
0.972,1.906
0.922,1.902
0.786,2.865
-2.132,0.926
2.111,0.068
0.757,0.219
0.003,0.265
-0.171,-1.331
-0.086,2.257
-0.172,1.636
-0.367,1.055
-0.395,0.521
-0.426,-0.288
-0.571,0.105
-0.6,-0.062
-0.599,-0.904
-0.863,2.162
-0.855,1.327
-0.873,-1.315
-0.937,-1.222
-1.027,-0.841
-0.985,0.119
-1.139,-1.161
-1.211,1.098
-1.187,-0.917
-1.279,-0.338
-1.419,0.863
-1.603,0.151
-1.552,0.453
-1.688,0.26
-1.714,1.077
-1.754,0.663
-1.909,0.803
-1.888,1.458
-1.97,2.449
-2.093,-1.301
-2.158,-0.224
-2.278,2.349
-2.274,-1.431
-2.247,0.042
-2.374,1.303
-2.574,-0.277
-2.673,0.624
-2.673,-0.951
-2.825,-0.139
-2.845,0.471
-2.964,2.539
-3.096,1.342
2.8,2.233
2.702,0.06
2.705,2.294
2.559,1.209
2.448,2.228
2.198,0.873
2.297,0.497
2.102,1.149
2.15,-0.264
2.042,-1.364
1.913,0.926
1.76,1.386
1.592,0.089
1.289,-0.9
1.275,-0.864
1.383,1.706
1.152,-0.158
1.148,1.261
1.017,0.401
1.16,2.305
0.968,0.659
0.745,-0.22
0.613,-0.686
0.463,-0.104
0.294,-0.274
0.35,1.647
0.274,0.073
0.238,0.22
-0.399,-1.599
-1.218,-1.496
-2.452,-1.662
-2.372,-1.552
0.405,-1.516
0.156,-1.513
-0.03,2.777
-0.622,2.947
3.012,2.65
2.637,2.682
2.682,2.666
2.007,2.627
1.393,2.541
1.326,2.687
1.09,2.943
0.97,2.708
1.08,2.614
-1.01,0.954
-1.028,2.251
-1.394,-0.939
-2.546,0.298
1.39,1.697
-0.689,0.15
-0.97,-0.434
1.875,0.973
1.738,0.422
1.81,0.785
1.734,0.216
1.39,-1.116
1.111,-0.888
0.895,0.849
0.978,0.076
0.927,0.798
0.877,0.794
0.741,1.757
-2.177,-0.182
2.066,-1.04
0.712,-0.889
-0.174,-1.596
-0.089,1.992
-0.175,1.371
-0.37,0.79
-0.398,0.256
-0.429,-0.553
-0.574,-0.16
-0.603,-0.327
-0.602,-1.169
-0.866,1.897
-0.858,1.062
-0.876,-1.58
-0.94,-1.487
-1.03,-1.106
-0.988,-0.146
-1.142,-1.426
-1.214,0.833
-1.19,-1.182
-1.282,-0.603
-1.422,0.598
-1.606,-0.114
-1.555,0.188
-1.691,-0.005
-1.717,0.812
-1.757,0.398
-1.912,0.538
-1.891,1.193
-1.973,2.184
-2.096,-1.566
-2.161,-0.489
-2.281,2.084
-2.277,-1.696
-2.25,-0.223
-2.377,1.038
-2.577,-0.542
-2.676,0.359
-2.676,-1.216
-2.828,-0.404
-2.848,0.206
-2.967,2.274
-3.099,1.077
2.797,1.968
2.699,-0.205
2.702,2.029
2.556,0.944
2.445,1.963
2.195,0.608
2.294,0.232
2.099,0.884
2.147,-0.529
2.039,-1.629
1.91,0.661
1.757,1.121
1.589,-0.176
1.286,-1.165
1.272,-1.129
1.38,1.441
1.149,-0.423
1.145,0.996
1.014,0.136
1.157,2.04
0.965,0.394
0.742,-0.485
0.61,-0.951
0.46,-0.369
0.291,-0.539
0.347,1.382
0.271,-0.192
0.235,-0.045
-0.402,-1.864
-1.221,-1.761
-2.455,-1.927
-2.375,-1.817
0.402,-1.781
0.153,-1.778
-0.033,2.512
-0.625,2.682
3.009,2.385
2.634,2.417
2.679,2.401
2.004,2.362
1.39,2.276
1.323,2.422
1.087,2.678
0.967,2.443
1.077,2.349
-1.013,0.689
-1.031,1.986
-1.397,-1.204
-2.549,0.033
1.387,1.432
-0.692,-0.115
-0.973,-0.699
1.872,0.708
1.735,0.157
1.807,0.52
1.731,-0.049
1.387,-1.381
1.108,-1.153
0.892,0.584
0.975,-0.189
0.924,0.533
0.874,0.529
0.738,1.492
-2.18,-0.447
2.063,-1.305
0.709,-1.154
0.085,3.588
-0.001,2.967
-0.196,2.386
-0.224,1.852
-0.255,1.043
-0.4,1.436
-0.429,1.269
-0.428,0.427
-0.692,3.493
-0.684,2.658
-0.702,0.016
-0.766,0.109
-0.856,0.49
-0.814,1.45
-0.968,0.17
-1.04,2.429
-1.016,0.414
-1.108,0.993
-1.248,2.194
-1.432,1.482
-1.381,1.784
-1.517,1.591
-1.543,2.408
-1.583,1.994
-1.738,2.134
-1.717,2.789
-1.799,3.78
-1.922,0.03
-1.987,1.107
-2.107,3.68
-2.103,-0.1
-2.076,1.373
-2.203,2.634
-2.403,1.054
-2.502,1.955
-2.502,0.38
-2.654,1.192
-2.674,1.802
-2.793,3.87
-2.925,2.673
2.971,3.564
2.873,1.391
2.876,3.625
2.73,2.54
2.619,3.559
2.369,2.204
2.468,1.828
2.273,2.48
2.321,1.067
2.213,-0.033
2.084,2.257
1.931,2.717
1.763,1.42
1.46,0.431
1.446,0.467
1.554,3.037
1.323,1.173
1.319,2.592
1.188,1.732
1.331,3.636
1.139,1.99
0.916,1.111
0.784,0.645
0.634,1.227
0.465,1.057
0.521,2.978
0.445,1.404
0.409,1.551
-0.228,-0.268
-1.047,-0.165
-2.281,-0.331
-2.201,-0.221
0.576,-0.185
0.327,-0.182
0.141,4.108
-0.451,4.278
-3.1,3.981
2.808,4.013
2.853,3.997
2.178,3.958
1.564,3.872
1.497,4.018
1.261,4.274
1.141,4.039
1.251,3.945
-0.839,2.285
-0.857,3.582
-1.223,0.392
-2.375,1.629
1.561,3.028
-0.518,1.481
-0.799,0.897
2.046,2.304
1.909,1.753
1.981,2.116
1.905,1.547
1.561,0.215
1.282,0.443
1.066,2.18
1.149,1.407
1.098,2.129
1.048,2.125
0.912,3.088
-2.006,1.149
2.237,0.291
0.883,0.442
-0.086,-0.621
-0.281,-1.202
-0.309,-1.736
-0.34,-2.545
-0.485,-2.152
-0.514,-2.319
-0.513,-3.161
-0.777,-0.095
-0.769,-0.93
-0.787,-3.572
-0.851,-3.479
-0.941,-3.098
-0.899,-2.138
-1.053,-3.418
-1.125,-1.159
-1.101,-3.174
-1.193,-2.595
-1.333,-1.394
-1.517,-2.106
-1.466,-1.804
-1.602,-1.997
-1.628,-1.18
-1.668,-1.594
-1.823,-1.454
-1.802,-0.799
-1.884,0.192
-2.007,-3.558
-2.072,-2.481
-2.192,0.092
-2.188,-3.688
-2.161,-2.215
-2.288,-0.954
-2.488,-2.534
-2.587,-1.633
-2.587,-3.208
-2.739,-2.396
-2.759,-1.786
-2.878,0.282
-3.01,-0.915
2.886,-0.024
2.788,-2.197
2.791,0.037
2.645,-1.048
2.534,-0.029
2.284,-1.384
2.383,-1.76
2.188,-1.108
2.236,-2.521
2.128,-3.621
1.999,-1.331
1.846,-0.871
1.678,-2.168
1.375,-3.157
1.361,-3.121
1.469,-0.551
1.238,-2.415
1.234,-0.996
1.103,-1.856
1.246,0.048
1.054,-1.598
0.831,-2.477
0.699,-2.943
0.549,-2.361
0.38,-2.531
0.436,-0.61
0.36,-2.184
0.324,-2.037
-0.313,-3.856
-1.132,-3.753
-2.366,-3.919
-2.286,-3.809
0.491,-3.773
0.242,-3.77
0.056,0.52
-0.536,0.69
3.098,0.393
2.723,0.425
2.768,0.409
2.093,0.37
1.479,0.284
1.412,0.43
1.176,0.686
1.056,0.451
1.166,0.357
-0.924,-1.303
-0.942,-0.006
-1.308,-3.196
-2.46,-1.959
1.476,-0.56
-0.603,-2.107
-0.884,-2.691
1.961,-1.284
1.824,-1.835
1.896,-1.472
1.82,-2.041
1.476,-3.373
1.197,-3.145
0.981,-1.408
1.064,-2.181
1.013,-1.459
0.963,-1.463
0.827,-0.5
-2.091,-2.439
2.152,-3.297
0.798,-3.146
-0.195,-0.581
-0.223,-1.115
-0.254,-1.924
-0.399,-1.531
-0.428,-1.698
-0.427,-2.54
-0.691,0.526
-0.683,-0.309
-0.701,-2.951
-0.765,-2.858
-0.855,-2.477
-0.813,-1.517
-0.967,-2.797
-1.039,-0.538
-1.015,-2.553
-1.107,-1.974
-1.247,-0.773
-1.431,-1.485
-1.38,-1.183
-1.516,-1.376
-1.542,-0.559
-1.582,-0.973
-1.737,-0.833
-1.716,-0.178
-1.798,0.813
-1.921,-2.937
-1.986,-1.86
-2.106,0.713
-2.102,-3.067
-2.075,-1.594
-2.202,-0.333
-2.402,-1.913
-2.501,-1.012
-2.501,-2.587
-2.653,-1.775
-2.673,-1.165
-2.792,0.903
-2.924,-0.294
2.972,0.597
2.874,-1.576
2.877,0.658
2.731,-0.427
2.62,0.592
2.37,-0.763
2.469,-1.139
2.274,-0.487
2.322,-1.9
2.214,-3.0
2.085,-0.71
1.932,-0.25
1.764,-1.547
1.461,-2.536
1.447,-2.5
1.555,0.07
1.324,-1.794
1.32,-0.375
1.189,-1.235
1.332,0.669
1.14,-0.977
0.917,-1.856
0.785,-2.322
0.635,-1.74
0.466,-1.91
0.522,0.011
0.446,-1.563
0.41,-1.416
-0.227,-3.235
-1.046,-3.132
-2.28,-3.298
-2.2,-3.188
0.577,-3.152
0.328,-3.149
0.142,1.141
-0.45,1.311
-3.099,1.014
2.809,1.046
2.854,1.03
2.179,0.991
1.565,0.905
1.498,1.051
1.262,1.307
1.142,1.072
1.252,0.978
-0.838,-0.682
-0.856,0.615
-1.222,-2.575
-2.374,-1.338
1.562,0.061
-0.517,-1.486
-0.798,-2.07
2.047,-0.663
1.91,-1.214
1.982,-0.851
1.906,-1.42
1.562,-2.752
1.283,-2.524
1.067,-0.787
1.15,-1.56
1.099,-0.838
1.049,-0.842
0.913,0.121
-2.005,-1.818
2.238,-2.676
0.884,-2.525
-0.028,-0.534
-0.059,-1.343
-0.204,-0.95
-0.233,-1.117
-0.232,-1.959
-0.496,1.107
-0.488,0.272
-0.506,-2.37
-0.57,-2.277
-0.66,-1.896
-0.618,-0.936
-0.772,-2.216
-0.844,0.043
-0.82,-1.972
-0.912,-1.393
-1.052,-0.192
-1.236,-0.904
-1.185,-0.602
-1.321,-0.795
-1.347,0.022
-1.387,-0.392
-1.542,-0.252
-1.521,0.403
-1.603,1.394
-1.726,-2.356
-1.791,-1.279
-1.911,1.294
-1.907,-2.486
-1.88,-1.013
-2.007,0.248
-2.207,-1.332
-2.306,-0.431
-2.306,-2.006
-2.458,-1.194
-2.478,-0.584
-2.597,1.484
-2.729,0.287
-3.116,1.178
3.069,-0.995
3.072,1.239
2.926,0.154
2.815,1.173
2.565,-0.182
2.664,-0.558
2.469,0.094
2.517,-1.319
2.409,-2.419
2.28,-0.129
2.127,0.331
1.959,-0.966
1.656,-1.955
1.642,-1.919
1.75,0.651
1.519,-1.213
1.515,0.206
1.384,-0.654
1.527,1.25
1.335,-0.396
1.112,-1.275
0.98,-1.741
0.83,-1.159
0.661,-1.329
0.717,0.592
0.641,-0.982
0.605,-0.835
-0.032,-2.654
-0.851,-2.551
-2.085,-2.717
-2.005,-2.607
0.772,-2.571
0.523,-2.568
0.337,1.722
-0.255,1.892
-2.904,1.595
3.004,1.627
3.049,1.611
2.374,1.572
1.76,1.486
1.693,1.632
1.457,1.888
1.337,1.653
1.447,1.559
-0.643,-0.101
-0.661,1.196
-1.027,-1.994
-2.179,-0.757
1.757,0.642
-0.322,-0.905
-0.603,-1.489
2.242,-0.082
2.105,-0.633
2.177,-0.27
2.101,-0.839
1.757,-2.171
1.478,-1.943
1.262,-0.206
1.345,-0.979
1.294,-0.257
1.244,-0.261
1.108,0.702
-1.81,-1.237
2.433,-2.095
1.079,-1.944
-0.031,-0.809
-0.176,-0.416
-0.205,-0.583
-0.204,-1.425
-0.468,1.641
-0.46,0.806
-0.478,-1.836
-0.542,-1.743
-0.632,-1.362
-0.59,-0.402
-0.744,-1.682
-0.816,0.577
-0.792,-1.438
-0.884,-0.859
-1.024,0.342
-1.208,-0.37
-1.157,-0.068
-1.293,-0.261
-1.319,0.556
-1.359,0.142
-1.514,0.282
-1.493,0.937
-1.575,1.928
-1.698,-1.822
-1.763,-0.745
-1.883,1.828
-1.879,-1.952
-1.852,-0.479
-1.979,0.782
-2.179,-0.798
-2.278,0.103
-2.278,-1.472
-2.43,-0.66
-2.45,-0.05
-2.569,2.018
-2.701,0.821
-3.088,1.712
3.097,-0.461
3.1,1.773
2.954,0.688
2.843,1.707
2.593,0.352
2.692,-0.024
2.497,0.628
2.545,-0.785
2.437,-1.885
2.308,0.405
2.155,0.865
1.987,-0.432
1.684,-1.421
1.67,-1.385
1.778,1.185
1.547,-0.679
1.543,0.74
1.412,-0.12
1.555,1.784
1.363,0.138
1.14,-0.741
1.008,-1.207
0.858,-0.625
0.689,-0.795
0.745,1.126
0.669,-0.448
0.633,-0.301
-0.004,-2.12
-0.823,-2.017
-2.057,-2.183
-1.977,-2.073
0.8,-2.037
0.551,-2.034
0.365,2.256
-0.227,2.426
-2.876,2.129
3.032,2.161
3.077,2.145
2.402,2.106
1.788,2.02
1.721,2.166
1.485,2.422
1.365,2.187
1.475,2.093
-0.615,0.433
-0.633,1.73
-0.999,-1.46
-2.151,-0.223
1.785,1.176
-0.294,-0.371
-0.575,-0.955
2.27,0.452
2.133,-0.099
2.205,0.264
2.129,-0.305
1.785,-1.637
1.506,-1.409
1.29,0.328
1.373,-0.445
1.322,0.277
1.272,0.273
1.136,1.236
-1.782,-0.703
2.461,-1.561
1.107,-1.41
-0.145,0.393
-0.174,0.226
-0.173,-0.616
-0.437,2.45
-0.429,1.615
-0.447,-1.027
-0.511,-0.934
-0.601,-0.553
-0.559,0.407
-0.713,-0.873
-0.785,1.386
-0.761,-0.629
-0.853,-0.05
-0.993,1.151
-1.177,0.439
-1.126,0.741
-1.262,0.548
-1.288,1.365
-1.328,0.951
-1.483,1.091
-1.462,1.746
-1.544,2.737
-1.667,-1.013
-1.732,0.064
-1.852,2.637
-1.848,-1.143
-1.821,0.33
-1.948,1.591
-2.148,0.011
-2.247,0.912
-2.247,-0.663
-2.399,0.149
-2.419,0.759
-2.538,2.827
-2.67,1.63
-3.057,2.521
3.128,0.348
3.131,2.582
2.985,1.497
2.874,2.516
2.624,1.161
2.723,0.785
2.528,1.437
2.576,0.024
2.468,-1.076
2.339,1.214
2.186,1.674
2.018,0.377
1.715,-0.612
1.701,-0.576
1.809,1.994
1.578,0.13
1.574,1.549
1.443,0.689
1.586,2.593
1.394,0.947
1.171,0.068
1.039,-0.398
0.889,0.184
0.72,0.014
0.776,1.935
0.7,0.361
0.664,0.508
0.027,-1.311
-0.792,-1.208
-2.026,-1.374
-1.946,-1.264
0.831,-1.228
0.582,-1.225
0.396,3.065
-0.196,3.235
-2.845,2.938
3.063,2.97
3.108,2.954
2.433,2.915
1.819,2.829
1.752,2.975
1.516,3.231
1.396,2.996
1.506,2.902
-0.584,1.242
-0.602,2.539
-0.968,-0.651
-2.12,0.586
1.816,1.985
-0.263,0.438
-0.544,-0.146
2.301,1.261
2.164,0.71
2.236,1.073
2.16,0.504
1.816,-0.828
1.537,-0.6
1.321,1.137
1.404,0.364
1.353,1.086
1.303,1.082
1.167,2.045
-1.751,0.106
2.492,-0.752
1.138,-0.601
-0.029,-0.167
-0.028,-1.009
-0.292,2.057
-0.284,1.222
-0.302,-1.42
-0.366,-1.327
-0.456,-0.946
-0.414,0.014
-0.568,-1.266
-0.64,0.993
-0.616,-1.022
-0.708,-0.443
-0.848,0.758
-1.032,0.046
-0.981,0.348
-1.117,0.155
-1.143,0.972
-1.183,0.558
-1.338,0.698
-1.317,1.353
-1.399,2.344
-1.522,-1.406
-1.587,-0.329
-1.707,2.244
-1.703,-1.536
-1.676,-0.063
-1.803,1.198
-2.003,-0.382
-2.102,0.519
-2.102,-1.056
-2.254,-0.244
-2.274,0.366
-2.393,2.434
-2.525,1.237
-2.912,2.128
-3.01,-0.045
-3.007,2.189
3.13,1.104
3.019,2.123
2.769,0.768
2.868,0.392
2.673,1.044
2.721,-0.369
2.613,-1.469
2.484,0.821
2.331,1.281
2.163,-0.016
1.86,-1.005
1.846,-0.969
1.954,1.601
1.723,-0.263
1.719,1.156
1.588,0.296
1.731,2.2
1.539,0.554
1.316,-0.325
1.184,-0.791
1.034,-0.209
0.865,-0.379
0.921,1.542
0.845,-0.032
0.809,0.115
0.172,-1.704
-0.647,-1.601
-1.881,-1.767
-1.801,-1.657
0.976,-1.621
0.727,-1.618
0.541,2.672
-0.051,2.842
-2.7,2.545
-3.075,2.577
-3.03,2.561
2.578,2.522
1.964,2.436
1.897,2.582
1.661,2.838
1.541,2.603
1.651,2.509
-0.439,0.849
-0.457,2.146
-0.823,-1.044
-1.975,0.193
1.961,1.592
-0.118,0.045
-0.399,-0.539
2.446,0.868
2.309,0.317
2.381,0.68
2.305,0.111
1.961,-1.221
1.682,-0.993
1.466,0.744
1.549,-0.029
1.498,0.693
1.448,0.689
1.312,1.652
-1.606,-0.287
2.637,-1.145
1.283,-0.994
0.001,-0.842
-0.263,2.224
-0.255,1.389
-0.273,-1.253
-0.337,-1.16
-0.427,-0.779
-0.385,0.181
-0.539,-1.099
-0.611,1.16
-0.587,-0.855
-0.679,-0.276
-0.819,0.925
-1.003,0.213
-0.952,0.515
-1.088,0.322
-1.114,1.139
-1.154,0.725
-1.309,0.865
-1.288,1.52
-1.37,2.511
-1.493,-1.239
-1.558,-0.162
-1.678,2.411
-1.674,-1.369
-1.647,0.104
-1.774,1.365
-1.974,-0.215
-2.073,0.686
-2.073,-0.889
-2.225,-0.077
-2.245,0.533
-2.364,2.601
-2.496,1.404
-2.883,2.295
-2.981,0.122
-2.978,2.356
-3.124,1.271
3.048,2.29
2.798,0.935
2.897,0.559
2.702,1.211
2.75,-0.202
2.642,-1.302
2.513,0.988
2.36,1.448
2.192,0.151
1.889,-0.838
1.875,-0.802
1.983,1.768
1.752,-0.096
1.748,1.323
1.617,0.463
1.76,2.367
1.568,0.721
1.345,-0.158
1.213,-0.624
1.063,-0.042
0.894,-0.212
0.95,1.709
0.874,0.135
0.838,0.282
0.201,-1.537
-0.618,-1.434
-1.852,-1.6
-1.772,-1.49
1.005,-1.454
0.756,-1.451
0.57,2.839
-0.022,3.009
-2.671,2.712
-3.046,2.744
-3.001,2.728
2.607,2.689
1.993,2.603
1.926,2.749
1.69,3.005
1.57,2.77
1.68,2.676
-0.41,1.016
-0.428,2.313
-0.794,-0.877
-1.946,0.36
1.99,1.759
-0.089,0.212
-0.37,-0.372
2.475,1.035
2.338,0.484
2.41,0.847
2.334,0.278
1.99,-1.054
1.711,-0.826
1.495,0.911
1.578,0.138
1.527,0.86
1.477,0.856
1.341,1.819
-1.577,-0.12
2.666,-0.978
1.312,-0.827
-0.264,3.066
-0.256,2.231
-0.274,-0.411
-0.338,-0.318
-0.428,0.063
-0.386,1.023
-0.54,-0.257
-0.612,2.002
-0.588,-0.013
-0.68,0.566
-0.82,1.767
-1.004,1.055
-0.953,1.357
-1.089,1.164
-1.115,1.981
-1.155,1.567
-1.31,1.707
-1.289,2.362
-1.371,3.353
-1.494,-0.397
-1.559,0.68
-1.679,3.253
-1.675,-0.527
-1.648,0.946
-1.775,2.207
-1.975,0.627
-2.074,1.528
-2.074,-0.047
-2.226,0.765
-2.246,1.375
-2.365,3.443
-2.497,2.246
-2.884,3.137
-2.982,0.964
-2.979,3.198
-3.125,2.113
3.047,3.132
2.797,1.777
2.896,1.401
2.701,2.053
2.749,0.64
2.641,-0.46
2.512,1.83
2.359,2.29
2.191,0.993
1.888,0.004
1.874,0.04
1.982,2.61
1.751,0.746
1.747,2.165
1.616,1.305
1.759,3.209
1.567,1.563
1.344,0.684
1.212,0.218
1.062,0.8
0.893,0.63
0.949,2.551
0.873,0.977
0.837,1.124
0.2,-0.695
-0.619,-0.592
-1.853,-0.758
-1.773,-0.648
1.004,-0.612
0.755,-0.609
0.569,3.681
-0.023,3.851
-2.672,3.554
-3.047,3.586
-3.002,3.57
2.606,3.531
1.992,3.445
1.925,3.591
1.689,3.847
1.569,3.612
1.679,3.518
-0.411,1.858
-0.429,3.155
-0.795,-0.035
-1.947,1.202
1.989,2.601
-0.09,1.054
-0.371,0.47
2.474,1.877
2.337,1.326
2.409,1.689
2.333,1.12
1.989,-0.212
1.71,0.016
1.494,1.753
1.577,0.98
1.526,1.702
1.476,1.698
1.34,2.661
-1.578,0.722
2.665,-0.136
1.311,0.015
0.008,-0.835
-0.01,-3.477
-0.074,-3.384
-0.164,-3.003
-0.122,-2.043
-0.276,-3.323
-0.348,-1.064
-0.324,-3.079
-0.416,-2.5
-0.556,-1.299
-0.74,-2.011
-0.689,-1.709
-0.825,-1.902
-0.851,-1.085
-0.891,-1.499
-1.046,-1.359
-1.025,-0.704
-1.107,0.287
-1.23,-3.463
-1.295,-2.386
-1.415,0.187
-1.411,-3.593
-1.384,-2.12
-1.511,-0.859
-1.711,-2.439
-1.81,-1.538
-1.81,-3.113
-1.962,-2.301
-1.982,-1.691
-2.101,0.377
-2.233,-0.82
-2.62,0.071
-2.718,-2.102
-2.715,0.132
-2.861,-0.953
-2.972,0.066
3.061,-1.289
-3.123,-1.665
2.965,-1.013
3.013,-2.426
2.905,-3.526
2.776,-1.236
2.623,-0.776
2.455,-2.073
2.152,-3.062
2.138,-3.026
2.246,-0.456
2.015,-2.32
2.011,-0.901
1.88,-1.761
2.023,0.143
1.831,-1.503
1.608,-2.382
1.476,-2.848
1.326,-2.266
1.157,-2.436
1.213,-0.515
1.137,-2.089
1.101,-1.942
0.464,-3.761
-0.355,-3.658
-1.589,-3.824
-1.509,-3.714
1.268,-3.678
1.019,-3.675
0.833,0.615
0.241,0.785
-2.408,0.488
-2.783,0.52
-2.738,0.504
2.87,0.465
2.256,0.379
2.189,0.525
1.953,0.781
1.833,0.546
1.943,0.452
-0.147,-1.208
-0.165,0.089
-0.531,-3.101
-1.683,-1.864
2.253,-0.465
0.174,-2.012
-0.107,-2.596
2.738,-1.189
2.601,-1.74
2.673,-1.377
2.597,-1.946
2.253,-3.278
1.974,-3.05
1.758,-1.313
1.841,-2.086
1.79,-1.364
1.74,-1.368
1.604,-0.405
-1.314,-2.344
2.929,-3.202
1.575,-3.051
-0.018,-2.642
-0.082,-2.549
-0.172,-2.168
-0.13,-1.208
-0.284,-2.488
-0.356,-0.229
-0.332,-2.244
-0.424,-1.665
-0.564,-0.464
-0.748,-1.176
-0.697,-0.874
-0.833,-1.067
-0.859,-0.25
-0.899,-0.664
-1.054,-0.524
-1.033,0.131
-1.115,1.122
-1.238,-2.628
-1.303,-1.551
-1.423,1.022
-1.419,-2.758
-1.392,-1.285
-1.519,-0.024
-1.719,-1.604
-1.818,-0.703
-1.818,-2.278
-1.97,-1.466
-1.99,-0.856
-2.109,1.212
-2.241,0.015
-2.628,0.906
-2.726,-1.267
-2.723,0.967
-2.869,-0.118
-2.98,0.901
3.053,-0.454
-3.131,-0.83
2.957,-0.178
3.005,-1.591
2.897,-2.691
2.768,-0.401
2.615,0.059
2.447,-1.238
2.144,-2.227
2.13,-2.191
2.238,0.379
2.007,-1.485
2.003,-0.066
1.872,-0.926
2.015,0.978
1.823,-0.668
1.6,-1.547
1.468,-2.013
1.318,-1.431
1.149,-1.601
1.205,0.32
1.129,-1.254
1.093,-1.107
0.456,-2.926
-0.363,-2.823
-1.597,-2.989
-1.517,-2.879
1.26,-2.843
1.011,-2.84
0.825,1.45
0.233,1.62
-2.416,1.323
-2.791,1.355
-2.746,1.339
2.862,1.3
2.248,1.214
2.181,1.36
1.945,1.616
1.825,1.381
1.935,1.287
-0.155,-0.373
-0.173,0.924
-0.539,-2.266
-1.691,-1.029
2.245,0.37
0.166,-1.177
-0.115,-1.761
2.73,-0.354
2.593,-0.905
2.665,-0.542
2.589,-1.111
2.245,-2.443
1.966,-2.215
1.75,-0.478
1.833,-1.251
1.782,-0.529
1.732,-0.533
1.596,0.43
-1.322,-1.509
2.921,-2.367
1.567,-2.216
-0.064,0.093
-0.154,0.474
-0.112,1.434
-0.266,0.154
-0.338,2.413
-0.314,0.398
-0.406,0.977
-0.546,2.178
-0.73,1.466
-0.679,1.768
-0.815,1.575
-0.841,2.392
-0.881,1.978
-1.036,2.118
-1.015,2.773
-1.097,3.764
-1.22,0.014
-1.285,1.091
-1.405,3.664
-1.401,-0.116
-1.374,1.357
-1.501,2.618
-1.701,1.038
-1.8,1.939
-1.8,0.364
-1.952,1.176
-1.972,1.786
-2.091,3.854
-2.223,2.657
-2.61,3.548
-2.708,1.375
-2.705,3.609
-2.851,2.524
-2.962,3.543
3.071,2.188
-3.113,1.812
2.975,2.464
3.023,1.051
2.915,-0.049
2.786,2.241
2.633,2.701
2.465,1.404
2.162,0.415
2.148,0.451
2.256,3.021
2.025,1.157
2.021,2.576
1.89,1.716
2.033,3.62
1.841,1.974
1.618,1.095
1.486,0.629
1.336,1.211
1.167,1.041
1.223,2.962
1.147,1.388
1.111,1.535
0.474,-0.284
-0.345,-0.181
-1.579,-0.347
-1.499,-0.237
1.278,-0.201
1.029,-0.198
0.843,4.092
0.251,4.262
-2.398,3.965
-2.773,3.997
-2.728,3.981
2.88,3.942
2.266,3.856
2.199,4.002
1.963,4.258
1.843,4.023
1.953,3.929
-0.137,2.269
-0.155,3.566
-0.521,0.376
-1.673,1.613
2.263,3.012
0.184,1.465
-0.097,0.881
2.748,2.288
2.611,1.737
2.683,2.1
2.607,1.531
2.263,0.199
1.984,0.427
1.768,2.164
1.851,1.391
1.8,2.113
1.75,2.109
1.614,3.072
-1.304,1.133
2.939,0.275
1.585,0.426
-0.09,0.381
-0.048,1.341
-0.202,0.061
-0.274,2.32
-0.25,0.305
-0.342,0.884
-0.482,2.085
-0.666,1.373
-0.615,1.675
-0.751,1.482
-0.777,2.299
-0.817,1.885
-0.972,2.025
-0.951,2.68
-1.033,3.671
-1.156,-0.079
-1.221,0.998
-1.341,3.571
-1.337,-0.209
-1.31,1.264
-1.437,2.525
-1.637,0.945
-1.736,1.846
-1.736,0.271
-1.888,1.083
-1.908,1.693
-2.027,3.761
-2.159,2.564
-2.546,3.455
-2.644,1.282
-2.641,3.516
-2.787,2.431
-2.898,3.45
3.135,2.095
-3.049,1.719
3.039,2.371
3.087,0.958
2.979,-0.142
2.85,2.148
2.697,2.608
2.529,1.311
2.226,0.322
2.212,0.358
2.32,2.928
2.089,1.064
2.085,2.483
1.954,1.623
2.097,3.527
1.905,1.881
1.682,1.002
1.55,0.536
1.4,1.118
1.231,0.948
1.287,2.869
1.211,1.295
1.175,1.442
0.538,-0.377
-0.281,-0.274
-1.515,-0.44
-1.435,-0.33
1.342,-0.294
1.093,-0.291
0.907,3.999
0.315,4.169
-2.334,3.872
-2.709,3.904
-2.664,3.888
2.944,3.849
2.33,3.763
2.263,3.909
2.027,4.165
1.907,3.93
2.017,3.836
-0.073,2.176
-0.091,3.473
-0.457,0.283
-1.609,1.52
2.327,2.919
0.248,1.372
-0.033,0.788
2.812,2.195
2.675,1.644
2.747,2.007
2.671,1.438
2.327,0.106
2.048,0.334
1.832,2.071
1.915,1.298
1.864,2.02
1.814,2.016
1.678,2.979
-1.24,1.04
3.003,0.182
1.649,0.333
0.042,0.96
-0.112,-0.32
-0.184,1.939
-0.16,-0.076
-0.252,0.503
-0.392,1.704
-0.576,0.992
-0.525,1.294
-0.661,1.101
-0.687,1.918
-0.727,1.504
-0.882,1.644
-0.861,2.299
-0.943,3.29
-1.066,-0.46
-1.131,0.617
-1.251,3.19
-1.247,-0.59
-1.22,0.883
-1.347,2.144
-1.547,0.564
-1.646,1.465
-1.646,-0.11
-1.798,0.702
-1.818,1.312
-1.937,3.38
-2.069,2.183
-2.456,3.074
-2.554,0.901
-2.551,3.135
-2.697,2.05
-2.808,3.069
-3.058,1.714
-2.959,1.338
3.129,1.99
-3.106,0.577
3.069,-0.523
2.94,1.767
2.787,2.227
2.619,0.93
2.316,-0.059
2.302,-0.023
2.41,2.547
2.179,0.683
2.175,2.102
2.044,1.242
2.187,3.146
1.995,1.5
1.772,0.621
1.64,0.155
1.49,0.737
1.321,0.567
1.377,2.488
1.301,0.914
1.265,1.061
0.628,-0.758
-0.191,-0.655
-1.425,-0.821
-1.345,-0.711
1.432,-0.675
1.183,-0.672
0.997,3.618
0.405,3.788
-2.244,3.491
-2.619,3.523
-2.574,3.507
3.034,3.468
2.42,3.382
2.353,3.528
2.117,3.784
1.997,3.549
2.107,3.455
0.017,1.795
-0.001,3.092
-0.367,-0.098
-1.519,1.139
2.417,2.538
0.338,0.991
0.057,0.407
2.902,1.814
2.765,1.263
2.837,1.626
2.761,1.057
2.417,-0.275
2.138,-0.047
1.922,1.69
2.005,0.917
1.954,1.639
1.904,1.635
1.768,2.598
-1.15,0.659
3.093,-0.199
1.739,-0.048
-0.154,-1.28
-0.226,0.979
-0.202,-1.036
-0.294,-0.457
-0.434,0.744
-0.618,0.032
-0.567,0.334
-0.703,0.141
-0.729,0.958
-0.769,0.544
-0.924,0.684
-0.903,1.339
-0.985,2.33
-1.108,-1.42
-1.173,-0.343
-1.293,2.23
-1.289,-1.55
-1.262,-0.077
-1.389,1.184
-1.589,-0.396
-1.688,0.505
-1.688,-1.07
-1.84,-0.258
-1.86,0.352
-1.979,2.42
-2.111,1.223
-2.498,2.114
-2.596,-0.059
-2.593,2.175
-2.739,1.09
-2.85,2.109
-3.1,0.754
-3.001,0.378
3.087,1.03
3.135,-0.383
3.027,-1.483
2.898,0.807
2.745,1.267
2.577,-0.03
2.274,-1.019
2.26,-0.983
2.368,1.587
2.137,-0.277
2.133,1.142
2.002,0.282
2.145,2.186
1.953,0.54
1.73,-0.339
1.598,-0.805
1.448,-0.223
1.279,-0.393
1.335,1.528
1.259,-0.046
1.223,0.101
0.586,-1.718
-0.233,-1.615
-1.467,-1.781
-1.387,-1.671
1.39,-1.635
1.141,-1.632
0.955,2.658
0.363,2.828
-2.286,2.531
-2.661,2.563
-2.616,2.547
2.992,2.508
2.378,2.422
2.311,2.568
2.075,2.824
1.955,2.589
2.065,2.495
-0.025,0.835
-0.043,2.132
-0.409,-1.058
-1.561,0.179
2.375,1.578
0.296,0.031
0.015,-0.553
2.86,0.854
2.723,0.303
2.795,0.666
2.719,0.097
2.375,-1.235
2.096,-1.007
1.88,0.73
1.963,-0.043
1.912,0.679
1.862,0.675
1.726,1.638
-1.192,-0.301
3.051,-1.159
1.697,-1.008
-0.072,2.259
-0.048,0.244
-0.14,0.823
-0.28,2.024
-0.464,1.312
-0.413,1.614
-0.549,1.421
-0.575,2.238
-0.615,1.824
-0.77,1.964
-0.749,2.619
-0.831,3.61
-0.954,-0.14
-1.019,0.937
-1.139,3.51
-1.135,-0.27
-1.108,1.203
-1.235,2.464
-1.435,0.884
-1.534,1.785
-1.534,0.21
-1.686,1.022
-1.706,1.632
-1.825,3.7
-1.957,2.503
-2.344,3.394
-2.442,1.221
-2.439,3.455
-2.585,2.37
-2.696,3.389
-2.946,2.034
-2.847,1.658
-3.042,2.31
-2.994,0.897
-3.102,-0.203
3.052,2.087
2.899,2.547
2.731,1.25
2.428,0.261
2.414,0.297
2.522,2.867
2.291,1.003
2.287,2.422
2.156,1.562
2.299,3.466
2.107,1.82
1.884,0.941
1.752,0.475
1.602,1.057
1.433,0.887
1.489,2.808
1.413,1.234
1.377,1.381
0.74,-0.438
-0.079,-0.335
-1.313,-0.501
-1.233,-0.391
1.544,-0.355
1.295,-0.352
1.109,3.938
0.517,4.108
-2.132,3.811
-2.507,3.843
-2.462,3.827
-3.137,3.788
2.532,3.702
2.465,3.848
2.229,4.104
2.109,3.869
2.219,3.775
0.129,2.115
0.111,3.412
-0.255,0.222
-1.407,1.459
2.529,2.858
0.45,1.311
0.169,0.727
3.014,2.134
2.877,1.583
2.949,1.946
2.873,1.377
2.529,0.045
2.25,0.273
2.034,2.01
2.117,1.237
2.066,1.959
2.016,1.955
1.88,2.918
-1.038,0.979
-3.078,0.121
1.851,0.272
0.024,-2.015
-0.068,-1.436
-0.208,-0.235
-0.392,-0.947
-0.341,-0.645
-0.477,-0.838
-0.503,-0.021
-0.543,-0.435
-0.698,-0.295
-0.677,0.36
-0.759,1.351
-0.882,-2.399
-0.947,-1.322
-1.067,1.251
-1.063,-2.529
-1.036,-1.056
-1.163,0.205
-1.363,-1.375
-1.462,-0.474
-1.462,-2.049
-1.614,-1.237
-1.634,-0.627
-1.753,1.441
-1.885,0.244
-2.272,1.135
-2.37,-1.038
-2.367,1.196
-2.513,0.111
-2.624,1.13
-2.874,-0.225
-2.775,-0.601
-2.97,0.051
-2.922,-1.362
-3.03,-2.462
3.124,-0.172
2.971,0.288
2.803,-1.009
2.5,-1.998
2.486,-1.962
2.594,0.608
2.363,-1.256
2.359,0.163
2.228,-0.697
2.371,1.207
2.179,-0.439
1.956,-1.318
1.824,-1.784
1.674,-1.202
1.505,-1.372
1.561,0.549
1.485,-1.025
1.449,-0.878
0.812,-2.697
-0.007,-2.594
-1.241,-2.76
-1.161,-2.65
1.616,-2.614
1.367,-2.611
1.181,1.679
0.589,1.849
-2.06,1.552
-2.435,1.584
-2.39,1.568
-3.065,1.529
2.604,1.443
2.537,1.589
2.301,1.845
2.181,1.61
2.291,1.516
0.201,-0.144
0.183,1.153
-0.183,-2.037
-1.335,-0.8
2.601,0.599
0.522,-0.948
0.241,-1.532
3.086,-0.125
2.949,-0.676
3.021,-0.313
2.945,-0.882
2.601,-2.214
2.322,-1.986
2.106,-0.249
2.189,-1.022
2.138,-0.3
2.088,-0.304
1.952,0.659
-0.966,-1.28
-3.006,-2.138
1.923,-1.987
-0.092,0.579
-0.232,1.78
-0.416,1.068
-0.365,1.37
-0.501,1.177
-0.527,1.994
-0.567,1.58
-0.722,1.72
-0.701,2.375
-0.783,3.366
-0.906,-0.384
-0.971,0.693
-1.091,3.266
-1.087,-0.514
-1.06,0.959
-1.187,2.22
-1.387,0.64
-1.486,1.541
-1.486,-0.034
-1.638,0.778
-1.658,1.388
-1.777,3.456
-1.909,2.259
-2.296,3.15
-2.394,0.977
-2.391,3.211
-2.537,2.126
-2.648,3.145
-2.898,1.79
-2.799,1.414
-2.994,2.066
-2.946,0.653
-3.054,-0.447
3.1,1.843
2.947,2.303
2.779,1.006
2.476,0.017
2.462,0.053
2.57,2.623
2.339,0.759
2.335,2.178
2.204,1.318
2.347,3.222
2.155,1.576
1.932,0.697
1.8,0.231
1.65,0.813
1.481,0.643
1.537,2.564
1.461,0.99
1.425,1.137
0.788,-0.682
-0.031,-0.579
-1.265,-0.745
-1.185,-0.635
1.592,-0.599
1.343,-0.596
1.157,3.694
0.565,3.864
-2.084,3.567
-2.459,3.599
-2.414,3.583
-3.089,3.544
2.58,3.458
2.513,3.604
2.277,3.86
2.157,3.625
2.267,3.531
0.177,1.871
0.159,3.168
-0.207,-0.022
-1.359,1.215
2.577,2.614
0.498,1.067
0.217,0.483
3.062,1.89
2.925,1.339
2.997,1.702
2.921,1.133
2.577,-0.199
2.298,0.029
2.082,1.766
2.165,0.993
2.114,1.715
2.064,1.711
1.928,2.674
-0.99,0.735
-3.03,-0.123
1.899,0.028
-0.14,1.201
-0.324,0.489
-0.273,0.791
-0.409,0.598
-0.435,1.415
-0.475,1.001
-0.63,1.141
-0.609,1.796
-0.691,2.787
-0.814,-0.963
-0.879,0.114
-0.999,2.687
-0.995,-1.093
-0.968,0.38
-1.095,1.641
-1.295,0.061
-1.394,0.962
-1.394,-0.613
-1.546,0.199
-1.566,0.809
-1.685,2.877
-1.817,1.68
-2.204,2.571
-2.302,0.398
-2.299,2.632
-2.445,1.547
-2.556,2.566
-2.806,1.211
-2.707,0.835
-2.902,1.487
-2.854,0.074
-2.962,-1.026
-3.091,1.264
3.039,1.724
2.871,0.427
2.568,-0.562
2.554,-0.526
2.662,2.044
2.431,0.18
2.427,1.599
2.296,0.739
2.439,2.643
2.247,0.997
2.024,0.118
1.892,-0.348
1.742,0.234
1.573,0.064
1.629,1.985
1.553,0.411
1.517,0.558
0.88,-1.261
0.061,-1.158
-1.173,-1.324
-1.093,-1.214
1.684,-1.178
1.435,-1.175
1.249,3.115
0.657,3.285
-1.992,2.988
-2.367,3.02
-2.322,3.004
-2.997,2.965
2.672,2.879
2.605,3.025
2.369,3.281
2.249,3.046
2.359,2.952
0.269,1.292
0.251,2.589
-0.115,-0.601
-1.267,0.636
2.669,2.035
0.59,0.488
0.309,-0.096
-3.129,1.311
3.017,0.76
3.089,1.123
3.013,0.554
2.669,-0.778
2.39,-0.55
2.174,1.187
2.257,0.414
2.206,1.136
2.156,1.132
2.02,2.095
-0.898,0.156
-2.938,-0.702
1.991,-0.551
-0.184,-0.712
-0.133,-0.41
-0.269,-0.603
-0.295,0.214
-0.335,-0.2
-0.49,-0.06
-0.469,0.595
-0.551,1.586
-0.674,-2.164
-0.739,-1.087
-0.859,1.486
-0.855,-2.294
-0.828,-0.821
-0.955,0.44
-1.155,-1.14
-1.254,-0.239
-1.254,-1.814
-1.406,-1.002
-1.426,-0.392
-1.545,1.676
-1.677,0.479
-2.064,1.37
-2.162,-0.803
-2.159,1.431
-2.305,0.346
-2.416,1.365
-2.666,0.01
-2.567,-0.366
-2.762,0.286
-2.714,-1.127
-2.822,-2.227
-2.951,0.063
-3.104,0.523
3.011,-0.774
2.708,-1.763
2.694,-1.727
2.802,0.843
2.571,-1.021
2.567,0.398
2.436,-0.462
2.579,1.442
2.387,-0.204
2.164,-1.083
2.032,-1.549
1.882,-0.967
1.713,-1.137
1.769,0.784
1.693,-0.79
1.657,-0.643
1.02,-2.462
0.201,-2.359
-1.033,-2.525
-0.953,-2.415
1.824,-2.379
1.575,-2.376
1.389,1.914
0.797,2.084
-1.852,1.787
-2.227,1.819
-2.182,1.803
-2.857,1.764
2.812,1.678
2.745,1.824
2.509,2.08
2.389,1.845
2.499,1.751
0.409,0.091
0.391,1.388
0.025,-1.802
-1.127,-0.565
2.809,0.834
0.73,-0.713
0.449,-1.297
-2.989,0.11
-3.126,-0.441
-3.054,-0.078
-3.13,-0.647
2.809,-1.979
2.53,-1.751
2.314,-0.014
2.397,-0.787
2.346,-0.065
2.296,-0.069
2.16,0.894
-0.758,-1.045
-2.798,-1.903
2.131,-1.752
0.051,0.302
-0.085,0.109
-0.111,0.926
-0.151,0.512
-0.306,0.652
-0.285,1.307
-0.367,2.298
-0.49,-1.452
-0.555,-0.375
-0.675,2.198
-0.671,-1.582
-0.644,-0.109
-0.771,1.152
-0.971,-0.428
-1.07,0.473
-1.07,-1.102
-1.222,-0.29
-1.242,0.32
-1.361,2.388
-1.493,1.191
-1.88,2.082
-1.978,-0.091
-1.975,2.143
-2.121,1.058
-2.232,2.077
-2.482,0.722
-2.383,0.346
-2.578,0.998
-2.53,-0.415
-2.638,-1.515
-2.767,0.775
-2.92,1.235
-3.088,-0.062
2.892,-1.051
2.878,-1.015
2.986,1.555
2.755,-0.309
2.751,1.11
2.62,0.25
2.763,2.154
2.571,0.508
2.348,-0.371
2.216,-0.837
2.066,-0.255
1.897,-0.425
1.953,1.496
1.877,-0.078
1.841,0.069
1.204,-1.75
0.385,-1.647
-0.849,-1.813
-0.769,-1.703
2.008,-1.667
1.759,-1.664
1.573,2.626
0.981,2.796
-1.668,2.499
-2.043,2.531
-1.998,2.515
-2.673,2.476
2.996,2.39
2.929,2.536
2.693,2.792
2.573,2.557
2.683,2.463
0.593,0.803
0.575,2.1
0.209,-1.09
-0.943,0.147
2.993,1.546
0.914,-0.001
0.633,-0.585
-2.805,0.822
-2.942,0.271
-2.87,0.634
-2.946,0.065
2.993,-1.267
2.714,-1.039
2.498,0.698
2.581,-0.075
2.53,0.647
2.48,0.643
2.344,1.606
-0.574,-0.333
-2.614,-1.191
2.315,-1.04
-0.136,-0.193
-0.162,0.624
-0.202,0.21
-0.357,0.35
-0.336,1.005
-0.418,1.996
-0.541,-1.754
-0.606,-0.677
-0.726,1.896
-0.722,-1.884
-0.695,-0.411
-0.822,0.85
-1.022,-0.73
-1.121,0.171
-1.121,-1.404
-1.273,-0.592
-1.293,0.018
-1.412,2.086
-1.544,0.889
-1.931,1.78
-2.029,-0.393
-2.026,1.841
-2.172,0.756
-2.283,1.775
-2.533,0.42
-2.434,0.044
-2.629,0.696
-2.581,-0.717
-2.689,-1.817
-2.818,0.473
-2.971,0.933
-3.139,-0.364
2.841,-1.353
2.827,-1.317
2.935,1.253
2.704,-0.611
2.7,0.808
2.569,-0.052
2.712,1.852
2.52,0.206
2.297,-0.673
2.165,-1.139
2.015,-0.557
1.846,-0.727
1.902,1.194
1.826,-0.38
1.79,-0.233
1.153,-2.052
0.334,-1.949
-0.9,-2.115
-0.82,-2.005
1.957,-1.969
1.708,-1.966
1.522,2.324
0.93,2.494
-1.719,2.197
-2.094,2.229
-2.049,2.213
-2.724,2.174
2.945,2.088
2.878,2.234
2.642,2.49
2.522,2.255
2.632,2.161
0.542,0.501
0.524,1.798
0.158,-1.392
-0.994,-0.155
2.942,1.244
0.863,-0.303
0.582,-0.887
-2.856,0.52
-2.993,-0.031
-2.921,0.332
-2.997,-0.237
2.942,-1.569
2.663,-1.341
2.447,0.396
2.53,-0.377
2.479,0.345
2.429,0.341
2.293,1.304
-0.625,-0.635
-2.665,-1.493
2.264,-1.342
-0.026,0.817
-0.066,0.403
-0.221,0.543
-0.2,1.198
-0.282,2.189
-0.405,-1.561
-0.47,-0.484
-0.59,2.089
-0.586,-1.691
-0.559,-0.218
-0.686,1.043
-0.886,-0.537
-0.985,0.364
-0.985,-1.211
-1.137,-0.399
-1.157,0.211
-1.276,2.279
-1.408,1.082
-1.795,1.973
-1.893,-0.2
-1.89,2.034
-2.036,0.949
-2.147,1.968
-2.397,0.613
-2.298,0.237
-2.493,0.889
-2.445,-0.524
-2.553,-1.624
-2.682,0.666
-2.835,1.126
-3.003,-0.171
2.977,-1.16
2.963,-1.124
3.071,1.446
2.84,-0.418
2.836,1.001
2.705,0.141
2.848,2.045
2.656,0.399
2.433,-0.48
2.301,-0.946
2.151,-0.364
1.982,-0.534
2.038,1.387
1.962,-0.187
1.926,-0.04
1.289,-1.859
0.47,-1.756
-0.764,-1.922
-0.684,-1.812
2.093,-1.776
1.844,-1.773
1.658,2.517
1.066,2.687
-1.583,2.39
-1.958,2.422
-1.913,2.406
-2.588,2.367
3.081,2.281
3.014,2.427
2.778,2.683
2.658,2.448
2.768,2.354
0.678,0.694
0.66,1.991
0.294,-1.199
-0.858,0.038
3.078,1.437
0.999,-0.11
0.718,-0.694
-2.72,0.713
-2.857,0.162
-2.785,0.525
-2.861,-0.044
3.078,-1.376
2.799,-1.148
2.583,0.589
2.666,-0.184
2.615,0.538
2.565,0.534
2.429,1.497
-0.489,-0.442
-2.529,-1.3
2.4,-1.149
-0.04,-0.414
-0.195,-0.274
-0.174,0.381
-0.256,1.372
-0.379,-2.378
-0.444,-1.301
-0.564,1.272
-0.56,-2.508
-0.533,-1.035
-0.66,0.226
-0.86,-1.354
-0.959,-0.453
-0.959,-2.028
-1.111,-1.216
-1.131,-0.606
-1.25,1.462
-1.382,0.265
-1.769,1.156
-1.867,-1.017
-1.864,1.217
-2.01,0.132
-2.121,1.151
-2.371,-0.204
-2.272,-0.58
-2.467,0.072
-2.419,-1.341
-2.527,-2.441
-2.656,-0.151
-2.809,0.309
-2.977,-0.988
3.003,-1.977
2.989,-1.941
3.097,0.629
2.866,-1.235
2.862,0.184
2.731,-0.676
2.874,1.228
2.682,-0.418
2.459,-1.297
2.327,-1.763
2.177,-1.181
2.008,-1.351
2.064,0.57
1.988,-1.004
1.952,-0.857
1.315,-2.676
0.496,-2.573
-0.738,-2.739
-0.658,-2.629
2.119,-2.593
1.87,-2.59
1.684,1.7
1.092,1.87
-1.557,1.573
-1.932,1.605
-1.887,1.589
-2.562,1.55
3.107,1.464
3.04,1.61
2.804,1.866
2.684,1.631
2.794,1.537
0.704,-0.123
0.686,1.174
0.32,-2.016
-0.832,-0.779
3.104,0.62
1.025,-0.927
0.744,-1.511
-2.694,-0.104
-2.831,-0.655
-2.759,-0.292
-2.835,-0.861
3.104,-2.193
2.825,-1.965
2.609,-0.228
2.692,-1.001
2.641,-0.279
2.591,-0.283
2.455,0.68
-0.463,-1.259
-2.503,-2.117
2.426,-1.966
-0.155,0.14
-0.134,0.795
-0.216,1.786
-0.339,-1.964
-0.404,-0.887
-0.524,1.686
-0.52,-2.094
-0.493,-0.621
-0.62,0.64
-0.82,-0.94
-0.919,-0.039
-0.919,-1.614
-1.071,-0.802
-1.091,-0.192
-1.21,1.876
-1.342,0.679
-1.729,1.57
-1.827,-0.603
-1.824,1.631
-1.97,0.546
-2.081,1.565
-2.331,0.21
-2.232,-0.166
-2.427,0.486
-2.379,-0.927
-2.487,-2.027
-2.616,0.263
-2.769,0.723
-2.937,-0.574
3.043,-1.563
3.029,-1.527
3.137,1.043
2.906,-0.821
2.902,0.598
2.771,-0.262
2.914,1.642
2.722,-0.004
2.499,-0.883
2.367,-1.349
2.217,-0.767
2.048,-0.937
2.104,0.984
2.028,-0.59
1.992,-0.443
1.355,-2.262
0.536,-2.159
-0.698,-2.325
-0.618,-2.215
2.159,-2.179
1.91,-2.176
1.724,2.114
1.132,2.284
-1.517,1.987
-1.892,2.019
-1.847,2.003
-2.522,1.964
-3.136,1.878
3.08,2.024
2.844,2.28
2.724,2.045
2.834,1.951
0.744,0.291
0.726,1.588
0.36,-1.602
-0.792,-0.365
-3.139,1.034
1.065,-0.513
0.784,-1.097
-2.654,0.31
-2.791,-0.241
-2.719,0.122
-2.795,-0.447
-3.139,-1.779
2.865,-1.551
2.649,0.186
2.732,-0.587
2.681,0.135
2.631,0.131
2.495,1.094
-0.423,-0.845
-2.463,-1.703
2.466,-1.552
0.021,0.655
-0.061,1.646
-0.184,-2.104
-0.249,-1.027
-0.369,1.546
-0.365,-2.234
-0.338,-0.761
-0.465,0.5
-0.665,-1.08
-0.764,-0.179
-0.764,-1.754
-0.916,-0.942
-0.936,-0.332
-1.055,1.736
-1.187,0.539
-1.574,1.43
-1.672,-0.743
-1.669,1.491
-1.815,0.406
-1.926,1.425
-2.176,0.07
-2.077,-0.306
-2.272,0.346
-2.224,-1.067
-2.332,-2.167
-2.461,0.123
-2.614,0.583
-2.782,-0.714
-3.085,-1.703
-3.099,-1.667
-2.991,0.903
3.061,-0.961
3.057,0.458
2.926,-0.402
3.069,1.502
2.877,-0.144
2.654,-1.023
2.522,-1.489
2.372,-0.907
2.203,-1.077
2.259,0.844
2.183,-0.73
2.147,-0.583
1.51,-2.402
0.691,-2.299
-0.543,-2.465
-0.463,-2.355
2.314,-2.319
2.065,-2.316
1.879,1.974
1.287,2.144
-1.362,1.847
-1.737,1.879
-1.692,1.863
-2.367,1.824
-2.981,1.738
-3.048,1.884
2.999,2.14
2.879,1.905
2.989,1.811
0.899,0.151
0.881,1.448
0.515,-1.742
-0.637,-0.505
-2.984,0.894
1.22,-0.653
0.939,-1.237
-2.499,0.17
-2.636,-0.381
-2.564,-0.018
-2.64,-0.587
-2.984,-1.919
3.02,-1.691
2.804,0.046
2.887,-0.727
2.836,-0.005
2.786,-0.009
2.65,0.954
-0.268,-0.985
-2.308,-1.843
2.621,-1.692
-0.082,0.991
-0.205,-2.759
-0.27,-1.682
-0.39,0.891
-0.386,-2.889
-0.359,-1.416
-0.486,-0.155
-0.686,-1.735
-0.785,-0.834
-0.785,-2.409
-0.937,-1.597
-0.957,-0.987
-1.076,1.081
-1.208,-0.116
-1.595,0.775
-1.693,-1.398
-1.69,0.836
-1.836,-0.249
-1.947,0.77
-2.197,-0.585
-2.098,-0.961
-2.293,-0.309
-2.245,-1.722
-2.353,-2.822
-2.482,-0.532
-2.635,-0.072
-2.803,-1.369
-3.106,-2.358
-3.12,-2.322
-3.012,0.248
3.04,-1.616
3.036,-0.197
2.905,-1.057
3.048,0.847
2.856,-0.799
2.633,-1.678
2.501,-2.144
2.351,-1.562
2.182,-1.732
2.238,0.189
2.162,-1.385
2.126,-1.238
1.489,-3.057
0.67,-2.954
-0.564,-3.12
-0.484,-3.01
2.293,-2.974
2.044,-2.971
1.858,1.319
1.266,1.489
-1.383,1.192
-1.758,1.224
-1.713,1.208
-2.388,1.169
-3.002,1.083
-3.069,1.229
2.978,1.485
2.858,1.25
2.968,1.156
0.878,-0.504
0.86,0.793
0.494,-2.397
-0.658,-1.16
-3.005,0.239
1.199,-1.308
0.918,-1.892
-2.52,-0.485
-2.657,-1.036
-2.585,-0.673
-2.661,-1.242
-3.005,-2.574
2.999,-2.346
2.783,-0.609
2.866,-1.382
2.815,-0.66
2.765,-0.664
2.629,0.299
-0.289,-1.64
-2.329,-2.498
2.6,-2.347
-0.123,-3.75
-0.188,-2.673
-0.308,-0.1
-0.304,-3.88
-0.277,-2.407
-0.404,-1.146
-0.604,-2.726
-0.703,-1.825
-0.703,-3.4
-0.855,-2.588
-0.875,-1.978
-0.994,0.09
-1.126,-1.107
-1.513,-0.216
-1.611,-2.389
-1.608,-0.155
-1.754,-1.24
-1.865,-0.221
-2.115,-1.576
-2.016,-1.952
-2.211,-1.3
-2.163,-2.713
-2.271,-3.813
-2.4,-1.523
-2.553,-1.063
-2.721,-2.36
-3.024,-3.349
-3.038,-3.313
-2.93,-0.743
3.122,-2.607
3.118,-1.188
2.987,-2.048
3.13,-0.144
2.938,-1.79
2.715,-2.669
2.583,-3.135
2.433,-2.553
2.264,-2.723
2.32,-0.802
2.244,-2.376
2.208,-2.229
1.571,-4.048
0.752,-3.945
-0.482,-4.111
-0.402,-4.001
2.375,-3.965
2.126,-3.962
1.94,0.328
1.348,0.498
-1.301,0.201
-1.676,0.233
-1.631,0.217
-2.306,0.178
-2.92,0.092
-2.987,0.238
3.06,0.494
2.94,0.259
3.05,0.165
0.96,-1.495
0.942,-0.198
0.576,-3.388
-0.576,-2.151
-2.923,-0.752
1.281,-2.299
1.0,-2.883
-2.438,-1.476
-2.575,-2.027
-2.503,-1.664
-2.579,-2.233
-2.923,-3.565
3.081,-3.337
2.865,-1.6
2.948,-2.373
2.897,-1.651
2.847,-1.655
2.711,-0.692
-0.207,-2.631
-2.247,-3.489
2.682,-3.338
-0.065,1.077
-0.185,3.65
-0.181,-0.13
-0.154,1.343
-0.281,2.604
-0.481,1.024
-0.58,1.925
-0.58,0.35
-0.732,1.162
-0.752,1.772
-0.871,3.84
-1.003,2.643
-1.39,3.534
-1.488,1.361
-1.485,3.595
-1.631,2.51
-1.742,3.529
-1.992,2.174
-1.893,1.798
-2.088,2.45
-2.04,1.037
-2.148,-0.063
-2.277,2.227
-2.43,2.687
-2.598,1.39
-2.901,0.401
-2.915,0.437
-2.807,3.007
-3.038,1.143
-3.042,2.562
3.11,1.702
-3.03,3.606
3.061,1.96
2.838,1.081
2.706,0.615
2.556,1.197
2.387,1.027
2.443,2.948
2.367,1.374
2.331,1.521
1.694,-0.298
0.875,-0.195
-0.359,-0.361
-0.279,-0.251
2.498,-0.215
2.249,-0.212
2.063,4.078
1.471,4.248
-1.178,3.951
-1.553,3.983
-1.508,3.967
-2.183,3.928
-2.797,3.842
-2.864,3.988
-3.1,4.244
3.063,4.009
-3.11,3.915
1.083,2.255
1.065,3.552
0.699,0.362
-0.453,1.599
-2.8,2.998
1.404,1.451
1.123,0.867
-2.315,2.274
-2.452,1.723
-2.38,2.086
-2.456,1.517
-2.8,0.185
-3.079,0.413
2.988,2.15
3.071,1.377
3.02,2.099
2.97,2.095
2.834,3.058
-0.084,1.119
-2.124,0.261
2.805,0.412
-0.12,2.573
-0.116,-1.207
-0.089,0.266
-0.216,1.527
-0.416,-0.053
-0.515,0.848
-0.515,-0.727
-0.667,0.085
-0.687,0.695
-0.806,2.763
-0.938,1.566
-1.325,2.457
-1.423,0.284
-1.42,2.518
-1.566,1.433
-1.677,2.452
-1.927,1.097
-1.828,0.721
-2.023,1.373
-1.975,-0.04
-2.083,-1.14
-2.212,1.15
-2.365,1.61
-2.533,0.313
-2.836,-0.676
-2.85,-0.64
-2.742,1.93
-2.973,0.066
-2.977,1.485
-3.108,0.625
-2.965,2.529
3.126,0.883
2.903,0.004
2.771,-0.462
2.621,0.12
2.452,-0.05
2.508,1.871
2.432,0.297
2.396,0.444
1.759,-1.375
0.94,-1.272
-0.294,-1.438
-0.214,-1.328
2.563,-1.292
2.314,-1.289
2.128,3.001
1.536,3.171
-1.113,2.874
-1.488,2.906
-1.443,2.89
-2.118,2.851
-2.732,2.765
-2.799,2.911
-3.035,3.167
3.128,2.932
-3.045,2.838
1.148,1.178
1.13,2.475
0.764,-0.715
-0.388,0.522
-2.735,1.921
1.469,0.374
1.188,-0.21
-2.25,1.197
-2.387,0.646
-2.315,1.009
-2.391,0.44
-2.735,-0.892
-3.014,-0.664
3.053,1.073
3.136,0.3
3.085,1.022
3.035,1.018
2.899,1.981
-0.019,0.042
-2.059,-0.816
2.87,-0.665
0.004,-3.78
0.031,-2.307
-0.096,-1.046
-0.296,-2.626
-0.395,-1.725
-0.395,-3.3
-0.547,-2.488
-0.567,-1.878
-0.686,0.19
-0.818,-1.007
-1.205,-0.116
-1.303,-2.289
-1.3,-0.055
-1.446,-1.14
-1.557,-0.121
-1.807,-1.476
-1.708,-1.852
-1.903,-1.2
-1.855,-2.613
-1.963,-3.713
-2.092,-1.423
-2.245,-0.963
-2.413,-2.26
-2.716,-3.249
-2.73,-3.213
-2.622,-0.643
-2.853,-2.507
-2.857,-1.088
-2.988,-1.948
-2.845,-0.044
-3.037,-1.69
3.023,-2.569
2.891,-3.035
2.741,-2.453
2.572,-2.623
2.628,-0.702
2.552,-2.276
2.516,-2.129
1.879,-3.948
1.06,-3.845
-0.174,-4.011
-0.094,-3.901
2.683,-3.865
2.434,-3.862
2.248,0.428
1.656,0.598
-0.993,0.301
-1.368,0.333
-1.323,0.317
-1.998,0.278
-2.612,0.192
-2.679,0.338
-2.915,0.594
-3.035,0.359
-2.925,0.265
1.268,-1.395
1.25,-0.098
0.884,-3.288
-0.268,-2.051
-2.615,-0.652
1.589,-2.199
1.308,-2.783
-2.13,-1.376
-2.267,-1.927
-2.195,-1.564
-2.271,-2.133
-2.615,-3.465
-2.894,-3.237
-3.11,-1.5
-3.027,-2.273
-3.078,-1.551
-3.128,-1.555
3.019,-0.592
0.101,-2.531
-1.939,-3.389
2.99,-3.238
0.027,1.473
-0.1,2.734
-0.3,1.154
-0.399,2.055
-0.399,0.48
-0.551,1.292
-0.571,1.902
-0.69,3.97
-0.822,2.773
-1.209,3.664
-1.307,1.491
-1.304,3.725
-1.45,2.64
-1.561,3.659
-1.811,2.304
-1.712,1.928
-1.907,2.58
-1.859,1.167
-1.967,0.067
-2.096,2.357
-2.249,2.817
-2.417,1.52
-2.72,0.531
-2.734,0.567
-2.626,3.137
-2.857,1.273
-2.861,2.692
-2.992,1.832
-2.849,3.736
-3.041,2.09
3.019,1.211
2.887,0.745
2.737,1.327
2.568,1.157
2.624,3.078
2.548,1.504
2.512,1.651
1.875,-0.168
1.056,-0.065
-0.178,-0.231
-0.098,-0.121
2.679,-0.085
2.43,-0.082
2.244,4.208
1.652,4.378
-0.997,4.081
-1.372,4.113
-1.327,4.097
-2.002,4.058
-2.616,3.972
-2.683,4.118
-2.919,4.374
-3.039,4.139
-2.929,4.045
1.264,2.385
1.246,3.682
0.88,0.492
-0.272,1.729
-2.619,3.128
1.585,1.581
1.304,0.997
-2.134,2.404
-2.271,1.853
-2.199,2.216
-2.275,1.647
-2.619,0.315
-2.898,0.543
-3.114,2.28
-3.031,1.507
-3.082,2.229
-3.132,2.225
3.015,3.188
0.097,1.249
-1.943,0.391
2.986,0.542
-0.127,1.261
-0.327,-0.319
-0.426,0.582
-0.426,-0.993
-0.578,-0.181
-0.598,0.429
-0.717,2.497
-0.849,1.3
-1.236,2.191
-1.334,0.018
-1.331,2.252
-1.477,1.167
-1.588,2.186
-1.838,0.831
-1.739,0.455
-1.934,1.107
-1.886,-0.306
-1.994,-1.406
-2.123,0.884
-2.276,1.344
-2.444,0.047
-2.747,-0.942
-2.761,-0.906
-2.653,1.664
-2.884,-0.2
-2.888,1.219
-3.019,0.359
-2.876,2.263
-3.068,0.617
2.992,-0.262
2.86,-0.728
2.71,-0.146
2.541,-0.316
2.597,1.605
2.521,0.031
2.485,0.178
1.848,-1.641
1.029,-1.538
-0.205,-1.704
-0.125,-1.594
2.652,-1.558
2.403,-1.555
2.217,2.735
1.625,2.905
-1.024,2.608
-1.399,2.64
-1.354,2.624
-2.029,2.585
-2.643,2.499
-2.71,2.645
-2.946,2.901
-3.066,2.666
-2.956,2.572
1.237,0.912
1.219,2.209
0.853,-0.981
-0.299,0.256
-2.646,1.655
1.558,0.108
1.277,-0.476
-2.161,0.931
-2.298,0.38
-2.226,0.743
-2.302,0.174
-2.646,-1.158
-2.925,-0.93
-3.141,0.807
-3.058,0.034
-3.109,0.756
3.124,0.752
2.988,1.715
0.07,-0.224
-1.97,-1.082
2.959,-0.931
-0.2,-1.58
-0.299,-0.679
-0.299,-2.254
-0.451,-1.442
-0.471,-0.832
-0.59,1.236
-0.722,0.039
-1.109,0.93
-1.207,-1.243
-1.204,0.991
-1.35,-0.094
-1.461,0.925
-1.711,-0.43
-1.612,-0.806
-1.807,-0.154
-1.759,-1.567
-1.867,-2.667
-1.996,-0.377
-2.149,0.083
-2.317,-1.214
-2.62,-2.203
-2.634,-2.167
-2.526,0.403
-2.757,-1.461
-2.761,-0.042
-2.892,-0.902
-2.749,1.002
-2.941,-0.644
3.119,-1.523
2.987,-1.989
2.837,-1.407
2.668,-1.577
2.724,0.344
2.648,-1.23
2.612,-1.083
1.975,-2.902
1.156,-2.799
-0.078,-2.965
0.002,-2.855
2.779,-2.819
2.53,-2.816
2.344,1.474
1.752,1.644
-0.897,1.347
-1.272,1.379
-1.227,1.363
-1.902,1.324
-2.516,1.238
-2.583,1.384
-2.819,1.64
-2.939,1.405
-2.829,1.311
1.364,-0.349
1.346,0.948
0.98,-2.242
-0.172,-1.005
-2.519,0.394
1.685,-1.153
1.404,-1.737
-2.034,-0.33
-2.171,-0.881
-2.099,-0.518
-2.175,-1.087
-2.519,-2.419
-2.798,-2.191
-3.014,-0.454
-2.931,-1.227
-2.982,-0.505
-3.032,-0.509
3.115,0.454
0.197,-1.485
-1.843,-2.343
3.086,-2.192
-0.099,0.901
-0.099,-0.674
-0.251,0.138
-0.271,0.748
-0.39,2.816
-0.522,1.619
-0.909,2.51
-1.007,0.337
-1.004,2.571
-1.15,1.486
-1.261,2.505
-1.511,1.15
-1.412,0.774
-1.607,1.426
-1.559,0.013
-1.667,-1.087
-1.796,1.203
-1.949,1.663
-2.117,0.366
-2.42,-0.623
-2.434,-0.587
-2.326,1.983
-2.557,0.119
-2.561,1.538
-2.692,0.678
-2.549,2.582
-2.741,0.936
-2.964,0.057
-3.096,-0.409
3.037,0.173
2.868,0.003
2.924,1.924
2.848,0.35
2.812,0.497
2.175,-1.322
1.356,-1.219
0.122,-1.385
0.202,-1.275
2.979,-1.239
2.73,-1.236
2.544,3.054
1.952,3.224
-0.697,2.927
-1.072,2.959
-1.027,2.943
-1.702,2.904
-2.316,2.818
-2.383,2.964
-2.619,3.22
-2.739,2.985
-2.629,2.891
1.564,1.231
1.546,2.528
1.18,-0.662
0.028,0.575
-2.319,1.974
1.885,0.427
1.604,-0.157
-1.834,1.25
-1.971,0.699
-1.899,1.062
-1.975,0.493
-2.319,-0.839
-2.598,-0.611
-2.814,1.126
-2.731,0.353
-2.782,1.075
-2.832,1.071
-2.968,2.034
0.397,0.095
-1.643,-0.763
-2.997,-0.612
0.0,-1.575
-0.152,-0.763
-0.172,-0.153
-0.291,1.915
-0.423,0.718
-0.81,1.609
-0.908,-0.564
-0.905,1.67
-1.051,0.585
-1.162,1.604
-1.412,0.249
-1.313,-0.127
-1.508,0.525
-1.46,-0.888
-1.568,-1.988
-1.697,0.302
-1.85,0.762
-2.018,-0.535
-2.321,-1.524
-2.335,-1.488
-2.227,1.082
-2.458,-0.782
-2.462,0.637
-2.593,-0.223
-2.45,1.681
-2.642,0.035
-2.865,-0.844
-2.997,-1.31
3.136,-0.728
2.967,-0.898
3.023,1.023
2.947,-0.551
2.911,-0.404
2.274,-2.223
1.455,-2.12
0.221,-2.286
0.301,-2.176
3.078,-2.14
2.829,-2.137
2.643,2.153
2.051,2.323
-0.598,2.026
-0.973,2.058
-0.928,2.042
-1.603,2.003
-2.217,1.917
-2.284,2.063
-2.52,2.319
-2.64,2.084
-2.53,1.99
1.663,0.33
1.645,1.627
1.279,-1.563
0.127,-0.326
-2.22,1.073
1.984,-0.474
1.703,-1.058
-1.735,0.349
-1.872,-0.202
-1.8,0.161
-1.876,-0.408
-2.22,-1.74
-2.499,-1.512
-2.715,0.225
-2.632,-0.548
-2.683,0.174
-2.733,0.17
-2.869,1.133
0.496,-0.806
-1.544,-1.664
-2.898,-1.513
-0.152,0.812
-0.172,1.422
-0.291,3.49
-0.423,2.293
-0.81,3.184
-0.908,1.011
-0.905,3.245
-1.051,2.16
-1.162,3.179
-1.412,1.824
-1.313,1.448
-1.508,2.1
-1.46,0.687
-1.568,-0.413
-1.697,1.877
-1.85,2.337
-2.018,1.04
-2.321,0.051
-2.335,0.087
-2.227,2.657
-2.458,0.793
-2.462,2.212
-2.593,1.352
-2.45,3.256
-2.642,1.61
-2.865,0.731
-2.997,0.265
3.136,0.847
2.967,0.677
3.023,2.598
2.947,1.024
2.911,1.171
2.274,-0.648
1.455,-0.545
0.221,-0.711
0.301,-0.601
3.078,-0.565
2.829,-0.562
2.643,3.728
2.051,3.898
-0.598,3.601
-0.973,3.633
-0.928,3.617
-1.603,3.578
-2.217,3.492
-2.284,3.638
-2.52,3.894
-2.64,3.659
-2.53,3.565
1.663,1.905
1.645,3.202
1.279,0.012
0.127,1.249
-2.22,2.648
1.984,1.101
1.703,0.517
-1.735,1.924
-1.872,1.373
-1.8,1.736
-1.876,1.167
-2.22,-0.165
-2.499,0.063
-2.715,1.8
-2.632,1.027
-2.683,1.749
-2.733,1.745
-2.869,2.708
0.496,0.769
-1.544,-0.089
-2.898,0.062
-0.02,0.61
-0.139,2.678
-0.271,1.481
-0.658,2.372
-0.756,0.199
-0.753,2.433
-0.899,1.348
-1.01,2.367
-1.26,1.012
-1.161,0.636
-1.356,1.288
-1.308,-0.125
-1.416,-1.225
-1.545,1.065
-1.698,1.525
-1.866,0.228
-2.169,-0.761
-2.183,-0.725
-2.075,1.845
-2.306,-0.019
-2.31,1.4
-2.441,0.54
-2.298,2.444
-2.49,0.798
-2.713,-0.081
-2.845,-0.547
-2.995,0.035
3.119,-0.135
-3.108,1.786
3.099,0.212
3.063,0.359
2.426,-1.46
1.607,-1.357
0.373,-1.523
0.453,-1.413
-3.053,-1.377
2.981,-1.374
2.795,2.916
2.203,3.086
-0.446,2.789
-0.821,2.821
-0.776,2.805
-1.451,2.766
-2.065,2.68
-2.132,2.826
-2.368,3.082
-2.488,2.847
-2.378,2.753
1.815,1.093
1.797,2.39
1.431,-0.8
0.279,0.437
-2.068,1.836
2.136,0.289
1.855,-0.295
-1.583,1.112
-1.72,0.561
-1.648,0.924
-1.724,0.355
-2.068,-0.977
-2.347,-0.749
-2.563,0.988
-2.48,0.215
-2.531,0.937
-2.581,0.933
-2.717,1.896
0.648,-0.043
-1.392,-0.901
-2.746,-0.75
-0.119,2.068
-0.251,0.871
-0.638,1.762
-0.736,-0.411
-0.733,1.823
-0.879,0.738
-0.99,1.757
-1.24,0.402
-1.141,0.026
-1.336,0.678
-1.288,-0.735
-1.396,-1.835
-1.525,0.455
-1.678,0.915
-1.846,-0.382
-2.149,-1.371
-2.163,-1.335
-2.055,1.235
-2.286,-0.629
-2.29,0.79
-2.421,-0.07
-2.278,1.834
-2.47,0.188
-2.693,-0.691
-2.825,-1.157
-2.975,-0.575
3.139,-0.745
-3.088,1.176
3.119,-0.398
3.083,-0.251
2.446,-2.07
1.627,-1.967
0.393,-2.133
0.473,-2.023
-3.033,-1.987
3.001,-1.984
2.815,2.306
2.223,2.476
-0.426,2.179
-0.801,2.211
-0.756,2.195
-1.431,2.156
-2.045,2.07
-2.112,2.216
-2.348,2.472
-2.468,2.237
-2.358,2.143
1.835,0.483
1.817,1.78
1.451,-1.41
0.299,-0.173
-2.048,1.226
2.156,-0.321
1.875,-0.905
-1.563,0.502
-1.7,-0.049
-1.628,0.314
-1.704,-0.255
-2.048,-1.587
-2.327,-1.359
-2.543,0.378
-2.46,-0.395
-2.511,0.327
-2.561,0.323
-2.697,1.286
0.668,-0.653
-1.372,-1.511
-2.726,-1.36
-0.132,-1.197
-0.519,-0.306
-0.617,-2.479
-0.614,-0.245
-0.76,-1.33
-0.871,-0.311
-1.121,-1.666
-1.022,-2.042
-1.217,-1.39
-1.169,-2.803
-1.277,-3.903
-1.406,-1.613
-1.559,-1.153
-1.727,-2.45
-2.03,-3.439
-2.044,-3.403
-1.936,-0.833
-2.167,-2.697
-2.171,-1.278
-2.302,-2.138
-2.159,-0.234
-2.351,-1.88
-2.574,-2.759
-2.706,-3.225
-2.856,-2.643
-3.025,-2.813
-2.969,-0.892
-3.045,-2.466
-3.081,-2.319
2.565,-4.138
1.746,-4.035
0.512,-4.201
0.592,-4.091
-2.914,-4.055
3.12,-4.052
2.934,0.238
2.342,0.408
-0.307,0.111
-0.682,0.143
-0.637,0.127
-1.312,0.088
-1.926,0.002
-1.993,0.148
-2.229,0.404
-2.349,0.169
-2.239,0.075
1.954,-1.585
1.936,-0.288
1.57,-3.478
0.418,-2.241
-1.929,-0.842
2.275,-2.389
1.994,-2.973
-1.444,-1.566
-1.581,-2.117
-1.509,-1.754
-1.585,-2.323
-1.929,-3.655
-2.208,-3.427
-2.424,-1.69
-2.341,-2.463
-2.392,-1.741
-2.442,-1.745
-2.578,-0.782
0.787,-2.721
-1.253,-3.579
-2.607,-3.428
-0.387,0.891
-0.485,-1.282
-0.482,0.952
-0.628,-0.133
-0.739,0.886
-0.989,-0.469
-0.89,-0.845
-1.085,-0.193
-1.037,-1.606
-1.145,-2.706
-1.274,-0.416
-1.427,0.044
-1.595,-1.253
-1.898,-2.242
-1.912,-2.206
-1.804,0.364
-2.035,-1.5
-2.039,-0.081
-2.17,-0.941
-2.027,0.963
-2.219,-0.683
-2.442,-1.562
-2.574,-2.028
-2.724,-1.446
-2.893,-1.616
-2.837,0.305
-2.913,-1.269
-2.949,-1.122
2.697,-2.941
1.878,-2.838
0.644,-3.004
0.724,-2.894
-2.782,-2.858
-3.031,-2.855
3.066,1.435
2.474,1.605
-0.175,1.308
-0.55,1.34
-0.505,1.324
-1.18,1.285
-1.794,1.199
-1.861,1.345
-2.097,1.601
-2.217,1.366
-2.107,1.272
2.086,-0.388
2.068,0.909
1.702,-2.281
0.55,-1.044
-1.797,0.355
2.407,-1.192
2.126,-1.776
-1.312,-0.369
-1.449,-0.92
-1.377,-0.557
-1.453,-1.126
-1.797,-2.458
-2.076,-2.23
-2.292,-0.493
-2.209,-1.266
-2.26,-0.544
-2.31,-0.548
-2.446,0.415
0.919,-1.524
-1.121,-2.382
-2.475,-2.231
-0.098,-2.173
-0.095,0.061
-0.241,-1.024
-0.352,-0.005
-0.602,-1.36
-0.503,-1.736
-0.698,-1.084
-0.65,-2.497
-0.758,-3.597
-0.887,-1.307
-1.04,-0.847
-1.208,-2.144
-1.511,-3.133
-1.525,-3.097
-1.417,-0.527
-1.648,-2.391
-1.652,-0.972
-1.783,-1.832
-1.64,0.072
-1.832,-1.574
-2.055,-2.453
-2.187,-2.919
-2.337,-2.337
-2.506,-2.507
-2.45,-0.586
-2.526,-2.16
-2.562,-2.013
3.084,-3.832
2.265,-3.729
1.031,-3.895
1.111,-3.785
-2.395,-3.749
-2.644,-3.746
-2.83,0.544
2.861,0.714
0.212,0.417
-0.163,0.449
-0.118,0.433
-0.793,0.394
-1.407,0.308
-1.474,0.454
-1.71,0.71
-1.83,0.475
-1.72,0.381
2.473,-1.279
2.455,0.018
2.089,-3.172
0.937,-1.935
-1.41,-0.536
2.794,-2.083
2.513,-2.667
-0.925,-1.26
-1.062,-1.811
-0.99,-1.448
-1.066,-2.017
-1.41,-3.349
-1.689,-3.121
-1.905,-1.384
-1.822,-2.157
-1.873,-1.435
-1.923,-1.439
-2.059,-0.476
1.306,-2.415
-0.734,-3.273
-2.088,-3.122
0.003,2.234
-0.143,1.149
-0.254,2.168
-0.504,0.813
-0.405,0.437
-0.6,1.089
-0.552,-0.324
-0.66,-1.424
-0.789,0.866
-0.942,1.326
-1.11,0.029
-1.413,-0.96
-1.427,-0.924
-1.319,1.646
-1.55,-0.218
-1.554,1.201
-1.685,0.341
-1.542,2.245
-1.734,0.599
-1.957,-0.28
-2.089,-0.746
-2.239,-0.164
-2.408,-0.334
-2.352,1.587
-2.428,0.013
-2.464,0.16
-3.101,-1.659
2.363,-1.556
1.129,-1.722
1.209,-1.612
-2.297,-1.576
-2.546,-1.573
-2.732,2.717
2.959,2.887
0.31,2.59
-0.065,2.622
-0.02,2.606
-0.695,2.567
-1.309,2.481
-1.376,2.627
-1.612,2.883
-1.732,2.648
-1.622,2.554
2.571,0.894
2.553,2.191
2.187,-0.999
1.035,0.238
-1.312,1.637
2.892,0.09
2.611,-0.494
-0.827,0.913
-0.964,0.362
-0.892,0.725
-0.968,0.156
-1.312,-1.176
-1.591,-0.948
-1.807,0.789
-1.724,0.016
-1.775,0.738
-1.825,0.734
-1.961,1.697
1.404,-0.242
-0.636,-1.1
-1.99,-0.949
-0.146,-1.085
-0.257,-0.066
-0.507,-1.421
-0.408,-1.797
-0.603,-1.145
-0.555,-2.558
-0.663,-3.658
-0.792,-1.368
-0.945,-0.908
-1.113,-2.205
-1.416,-3.194
-1.43,-3.158
-1.322,-0.588
-1.553,-2.452
-1.557,-1.033
-1.688,-1.893
-1.545,0.011
-1.737,-1.635
-1.96,-2.514
-2.092,-2.98
-2.242,-2.398
-2.411,-2.568
-2.355,-0.647
-2.431,-2.221
-2.467,-2.074
-3.104,-3.893
2.36,-3.79
1.126,-3.956
1.206,-3.846
-2.3,-3.81
-2.549,-3.807
-2.735,0.483
2.956,0.653
0.307,0.356
-0.068,0.388
-0.023,0.372
-0.698,0.333
-1.312,0.247
-1.379,0.393
-1.615,0.649
-1.735,0.414
-1.625,0.32
2.568,-1.34
2.55,-0.043
2.184,-3.233
1.032,-1.996
-1.315,-0.597
2.889,-2.144
2.608,-2.728
-0.83,-1.321
-0.967,-1.872
-0.895,-1.509
-0.971,-2.078
-1.315,-3.41
-1.594,-3.182
-1.81,-1.445
-1.727,-2.218
-1.778,-1.496
-1.828,-1.5
-1.964,-0.537
1.401,-2.476
-0.639,-3.334
-1.993,-3.183
-0.111,1.019
-0.361,-0.336
-0.262,-0.712
-0.457,-0.06
-0.409,-1.473
-0.517,-2.573
-0.646,-0.283
-0.799,0.177
-0.967,-1.12
-1.27,-2.109
-1.284,-2.073
-1.176,0.497
-1.407,-1.367
-1.411,0.052
-1.542,-0.808
-1.399,1.096
-1.591,-0.55
-1.814,-1.429
-1.946,-1.895
-2.096,-1.313
-2.265,-1.483
-2.209,0.438
-2.285,-1.136
-2.321,-0.989
-2.958,-2.808
2.506,-2.705
1.272,-2.871
1.352,-2.761
-2.154,-2.725
-2.403,-2.722
-2.589,1.568
3.102,1.738
0.453,1.441
0.078,1.473
0.123,1.457
-0.552,1.418
-1.166,1.332
-1.233,1.478
-1.469,1.734
-1.589,1.499
-1.479,1.405
2.714,-0.255
2.696,1.042
2.33,-2.148
1.178,-0.911
-1.169,0.488
3.035,-1.059
2.754,-1.643
-0.684,-0.236
-0.821,-0.787
-0.749,-0.424
-0.825,-0.993
-1.169,-2.325
-1.448,-2.097
-1.664,-0.36
-1.581,-1.133
-1.632,-0.411
-1.682,-0.415
-1.818,0.548
1.547,-1.391
-0.493,-2.249
-1.847,-2.098
-0.25,-1.355
-0.151,-1.731
-0.346,-1.079
-0.298,-2.492
-0.406,-3.592
-0.535,-1.302
-0.688,-0.842
-0.856,-2.139
-1.159,-3.128
-1.173,-3.092
-1.065,-0.522
-1.296,-2.386
-1.3,-0.967
-1.431,-1.827
-1.288,0.077
-1.48,-1.569
-1.703,-2.448
-1.835,-2.914
-1.985,-2.332
-2.154,-2.502
-2.098,-0.581
-2.174,-2.155
-2.21,-2.008
-2.847,-3.827
2.617,-3.724
1.383,-3.89
1.463,-3.78
-2.043,-3.744
-2.292,-3.741
-2.478,0.549
-3.07,0.719
0.564,0.422
0.189,0.454
0.234,0.438
-0.441,0.399
-1.055,0.313
-1.122,0.459
-1.358,0.715
-1.478,0.48
-1.368,0.386
2.825,-1.274
2.807,0.023
2.441,-3.167
1.289,-1.93
-1.058,-0.531
-3.137,-2.078
2.865,-2.662
-0.573,-1.255
-0.71,-1.806
-0.638,-1.443
-0.714,-2.012
-1.058,-3.344
-1.337,-3.116
-1.553,-1.379
-1.47,-2.152
-1.521,-1.43
-1.571,-1.434
-1.707,-0.471
1.658,-2.41
-0.382,-3.268
-1.736,-3.117
0.099,-0.376
-0.096,0.276
-0.048,-1.137
-0.156,-2.237
-0.285,0.053
-0.438,0.513
-0.606,-0.784
-0.909,-1.773
-0.923,-1.737
-0.815,0.833
-1.046,-1.031
-1.05,0.388
-1.181,-0.472
-1.038,1.432
-1.23,-0.214
-1.453,-1.093
-1.585,-1.559
-1.735,-0.977
-1.904,-1.147
-1.848,0.774
-1.924,-0.8
-1.96,-0.653
-2.597,-2.472
2.867,-2.369
1.633,-2.535
1.713,-2.425
-1.793,-2.389
-2.042,-2.386
-2.228,1.904
-2.82,2.074
0.814,1.777
0.439,1.809
0.484,1.793
-0.191,1.754
-0.805,1.668
-0.872,1.814
-1.108,2.07
-1.228,1.835
-1.118,1.741
3.075,0.081
3.057,1.378
2.691,-1.812
1.539,-0.575
-0.808,0.824
-2.887,-0.723
3.115,-1.307
-0.323,0.1
-0.46,-0.451
-0.388,-0.088
-0.464,-0.657
-0.808,-1.989
-1.087,-1.761
-1.303,-0.024
-1.22,-0.797
-1.271,-0.075
-1.321,-0.079
-1.457,0.884
1.908,-1.055
-0.132,-1.913
-1.486,-1.762
-0.195,0.652
-0.147,-0.761
-0.255,-1.861
-0.384,0.429
-0.537,0.889
-0.705,-0.408
-1.008,-1.397
-1.022,-1.361
-0.914,1.209
-1.145,-0.655
-1.149,0.764
-1.28,-0.096
-1.137,1.808
-1.329,0.162
-1.552,-0.717
-1.684,-1.183
-1.834,-0.601
-2.003,-0.771
-1.947,1.15
-2.023,-0.424
-2.059,-0.277
-2.696,-2.096
2.768,-1.993
1.534,-2.159
1.614,-2.049
-1.892,-2.013
-2.141,-2.01
-2.327,2.28
-2.919,2.45
0.715,2.153
0.34,2.185
0.385,2.169
-0.29,2.13
-0.904,2.044
-0.971,2.19
-1.207,2.446
-1.327,2.211
-1.217,2.117
2.976,0.457
2.958,1.754
2.592,-1.436
1.44,-0.199
-0.907,1.2
-2.986,-0.347
3.016,-0.931
-0.422,0.476
-0.559,-0.075
-0.487,0.288
-0.563,-0.281
-0.907,-1.613
-1.186,-1.385
-1.402,0.352
-1.319,-0.421
-1.37,0.301
-1.42,0.297
-1.556,1.26
1.809,-0.679
-0.231,-1.537
-1.585,-1.386
0.048,-1.413
-0.06,-2.513
-0.189,-0.223
-0.342,0.237
-0.51,-1.06
-0.813,-2.049
-0.827,-2.013
-0.719,0.557
-0.95,-1.307
-0.954,0.112
-1.085,-0.748
-0.942,1.156
-1.134,-0.49
-1.357,-1.369
-1.489,-1.835
-1.639,-1.253
-1.808,-1.423
-1.752,0.498
-1.828,-1.076
-1.864,-0.929
-2.501,-2.748
2.963,-2.645
1.729,-2.811
1.809,-2.701
-1.697,-2.665
-1.946,-2.662
-2.132,1.628
-2.724,1.798
0.91,1.501
0.535,1.533
0.58,1.517
-0.095,1.478
-0.709,1.392
-0.776,1.538
-1.012,1.794
-1.132,1.559
-1.022,1.465
-3.112,-0.195
-3.13,1.102
2.787,-2.088
1.635,-0.851
-0.712,0.548
-2.791,-0.999
-3.072,-1.583
-0.227,-0.176
-0.364,-0.727
-0.292,-0.364
-0.368,-0.933
-0.712,-2.265
-0.991,-2.037
-1.207,-0.3
-1.124,-1.073
-1.175,-0.351
-1.225,-0.355
-1.361,0.608
2.004,-1.331
-0.036,-2.189
-1.39,-2.038
-0.108,-1.1
-0.237,1.19
-0.39,1.65
-0.558,0.353
-0.861,-0.636
-0.875,-0.6
-0.767,1.97
-0.998,0.106
-1.002,1.525
-1.133,0.665
-0.99,2.569
-1.182,0.923
-1.405,0.044
-1.537,-0.422
-1.687,0.16
-1.856,-0.01
-1.8,1.911
-1.876,0.337
-1.912,0.484
-2.549,-1.335
2.915,-1.232
1.681,-1.398
1.761,-1.288
-1.745,-1.252
-1.994,-1.249
-2.18,3.041
-2.772,3.211
0.862,2.914
0.487,2.946
0.532,2.93
-0.143,2.891
-0.757,2.805
-0.824,2.951
-1.06,3.207
-1.18,2.972
-1.07,2.878
3.123,1.218
3.105,2.515
2.739,-0.675
1.587,0.562
-0.76,1.961
-2.839,0.414
-3.12,-0.17
-0.275,1.237
-0.412,0.686
-0.34,1.049
-0.416,0.48
-0.76,-0.852
-1.039,-0.624
-1.255,1.113
-1.172,0.34
-1.223,1.062
-1.273,1.058
-1.409,2.021
1.956,0.082
-0.084,-0.776
-1.438,-0.625
-0.129,2.29
-0.282,2.75
-0.45,1.453
-0.753,0.464
-0.767,0.5
-0.659,3.07
-0.89,1.206
-0.894,2.625
-1.025,1.765
-0.882,3.669
-1.074,2.023
-1.297,1.144
-1.429,0.678
-1.579,1.26
-1.748,1.09
-1.692,3.011
-1.768,1.437
-1.804,1.584
-2.441,-0.235
3.023,-0.132
1.789,-0.298
1.869,-0.188
-1.637,-0.152
-1.886,-0.149
-2.072,4.141
-2.664,4.311
0.97,4.014
0.595,4.046
0.64,4.03
-0.035,3.991
-0.649,3.905
-0.716,4.051
-0.952,4.307
-1.072,4.072
-0.962,3.978
-3.052,2.318
-3.07,3.615
2.847,0.425
1.695,1.662
-0.652,3.061
-2.731,1.514
-3.012,0.93
-0.167,2.337
-0.304,1.786
-0.232,2.149
-0.308,1.58
-0.652,0.248
-0.931,0.476
-1.147,2.213
-1.064,1.44
-1.115,2.162
-1.165,2.158
-1.301,3.121
2.064,1.182
0.024,0.324
-1.33,0.475
-0.153,0.46
-0.321,-0.837
-0.624,-1.826
-0.638,-1.79
-0.53,0.78
-0.761,-1.084
-0.765,0.335
-0.896,-0.525
-0.753,1.379
-0.945,-0.267
-1.168,-1.146
-1.3,-1.612
-1.45,-1.03
-1.619,-1.2
-1.563,0.721
-1.639,-0.853
-1.675,-0.706
-2.312,-2.525
-3.131,-2.422
1.918,-2.588
1.998,-2.478
-1.508,-2.442
-1.757,-2.439
-1.943,1.851
-2.535,2.021
1.099,1.724
0.724,1.756
0.769,1.74
0.094,1.701
-0.52,1.615
-0.587,1.761
-0.823,2.017
-0.943,1.782
-0.833,1.688
-2.923,0.028
-2.941,1.325
2.976,-1.865
1.824,-0.628
-0.523,0.771
-2.602,-0.776
-2.883,-1.36
-0.038,0.047
-0.175,-0.504
-0.103,-0.141
-0.179,-0.71
-0.523,-2.042
-0.802,-1.814
-1.018,-0.077
-0.935,-0.85
-0.986,-0.128
-1.036,-0.132
-1.172,0.831
2.193,-1.108
0.153,-1.966
-1.201,-1.815
-0.168,-1.297
-0.471,-2.286
-0.485,-2.25
-0.377,0.32
-0.608,-1.544
-0.612,-0.125
-0.743,-0.985
-0.6,0.919
-0.792,-0.727
-1.015,-1.606
-1.147,-2.072
-1.297,-1.49
-1.466,-1.66
-1.41,0.261
-1.486,-1.313
-1.522,-1.166
-2.159,-2.985
-2.978,-2.882
2.071,-3.048
2.151,-2.938
-1.355,-2.902
-1.604,-2.899
-1.79,1.391
-2.382,1.561
1.252,1.264
0.877,1.296
0.922,1.28
0.247,1.241
-0.367,1.155
-0.434,1.301
-0.67,1.557
-0.79,1.322
-0.68,1.228
-2.77,-0.432
-2.788,0.865
3.129,-2.325
1.977,-1.088
-0.37,0.311
-2.449,-1.236
-2.73,-1.82
0.115,-0.413
-0.022,-0.964
0.05,-0.601
-0.026,-1.17
-0.37,-2.502
-0.649,-2.274
-0.865,-0.537
-0.782,-1.31
-0.833,-0.588
-0.883,-0.592
-1.019,0.371
2.346,-1.568
0.306,-2.426
-1.048,-2.275
-0.303,-0.989
-0.317,-0.953
-0.209,1.617
-0.44,-0.247
-0.444,1.172
-0.575,0.312
-0.432,2.216
-0.624,0.57
-0.847,-0.309
-0.979,-0.775
-1.129,-0.193
-1.298,-0.363
-1.242,1.558
-1.318,-0.016
-1.354,0.131
-1.991,-1.688
-2.81,-1.585
2.239,-1.751
2.319,-1.641
-1.187,-1.605
-1.436,-1.602
-1.622,2.688
-2.214,2.858
1.42,2.561
1.045,2.593
1.09,2.577
0.415,2.538
-0.199,2.452
-0.266,2.598
-0.502,2.854
-0.622,2.619
-0.512,2.525
-2.602,0.865
-2.62,2.162
-2.986,-1.028
2.145,0.209
-0.202,1.608
-2.281,0.061
-2.562,-0.523
0.283,0.884
0.146,0.333
0.218,0.696
0.142,0.127
-0.202,-1.205
-0.481,-0.977
-0.697,0.76
-0.614,-0.013
-0.665,0.709
-0.715,0.705
-0.851,1.668
2.514,-0.271
0.474,-1.129
-0.88,-0.978
-0.014,0.036
0.094,2.606
-0.137,0.742
-0.141,2.161
-0.272,1.301
-0.129,3.205
-0.321,1.559
-0.544,0.68
-0.676,0.214
-0.826,0.796
-0.995,0.626
-0.939,2.547
-1.015,0.973
-1.051,1.12
-1.688,-0.699
-2.507,-0.596
2.542,-0.762
2.622,-0.652
-0.884,-0.616
-1.133,-0.613
-1.319,3.677
-1.911,3.847
1.723,3.55
1.348,3.582
1.393,3.566
0.718,3.527
0.104,3.441
0.037,3.587
-0.199,3.843
-0.319,3.608
-0.209,3.514
-2.299,1.854
-2.317,3.151
-2.683,-0.039
2.448,1.198
0.101,2.597
-1.978,1.05
-2.259,0.466
0.586,1.873
0.449,1.322
0.521,1.685
0.445,1.116
0.101,-0.216
-0.178,0.012
-0.394,1.749
-0.311,0.976
-0.362,1.698
-0.412,1.694
-0.548,2.657
2.817,0.718
0.777,-0.14
-0.577,0.011
0.108,2.57
-0.123,0.706
-0.127,2.125
-0.258,1.265
-0.115,3.169
-0.307,1.523
-0.53,0.644
-0.662,0.178
-0.812,0.76
-0.981,0.59
-0.925,2.511
-1.001,0.937
-1.037,1.084
-1.674,-0.735
-2.493,-0.632
2.556,-0.798
2.636,-0.688
-0.87,-0.652
-1.119,-0.649
-1.305,3.641
-1.897,3.811
1.737,3.514
1.362,3.546
1.407,3.53
0.732,3.491
0.118,3.405
0.051,3.551
-0.185,3.807
-0.305,3.572
-0.195,3.478
-2.285,1.818
-2.303,3.115
-2.669,-0.075
2.462,1.162
0.115,2.561
-1.964,1.014
-2.245,0.43
0.6,1.837
0.463,1.286
0.535,1.649
0.459,1.08
0.115,-0.252
-0.164,-0.024
-0.38,1.713
-0.297,0.94
-0.348,1.662
-0.398,1.658
-0.534,2.621
2.831,0.682
0.791,-0.176
-0.563,-0.025
-0.231,-1.864
-0.235,-0.445
-0.366,-1.305
-0.223,0.599
-0.415,-1.047
-0.638,-1.926
-0.77,-2.392
-0.92,-1.81
-1.089,-1.98
-1.033,-0.059
-1.109,-1.633
-1.145,-1.486
-1.782,-3.305
-2.601,-3.202
2.448,-3.368
2.528,-3.258
-0.978,-3.222
-1.227,-3.219
-1.413,1.071
-2.005,1.241
1.629,0.944
1.254,0.976
1.299,0.96
0.624,0.921
0.01,0.835
-0.057,0.981
-0.293,1.237
-0.413,1.002
-0.303,0.908
-2.393,-0.752
-2.411,0.545
-2.777,-2.645
2.354,-1.408
0.007,-0.009
-2.072,-1.556
-2.353,-2.14
0.492,-0.733
0.355,-1.284
0.427,-0.921
0.351,-1.49
0.007,-2.822
-0.272,-2.594
-0.488,-0.857
-0.405,-1.63
-0.456,-0.908
-0.506,-0.912
-0.642,0.051
2.723,-1.888
0.683,-2.746
-0.671,-2.595
-0.004,1.419
-0.135,0.559
0.008,2.463
-0.184,0.817
-0.407,-0.062
-0.539,-0.528
-0.689,0.054
-0.858,-0.116
-0.802,1.805
-0.878,0.231
-0.914,0.378
-1.551,-1.441
-2.37,-1.338
2.679,-1.504
2.759,-1.394
-0.747,-1.358
-0.996,-1.355
-1.182,2.935
-1.774,3.105
1.86,2.808
1.485,2.84
1.53,2.824
0.855,2.785
0.241,2.699
0.174,2.845
-0.062,3.101
-0.182,2.866
-0.072,2.772
-2.162,1.112
-2.18,2.409
-2.546,-0.781
2.585,0.456
0.238,1.855
-1.841,0.308
-2.122,-0.276
0.723,1.131
0.586,0.58
0.658,0.943
0.582,0.374
0.238,-0.958
-0.041,-0.73
-0.257,1.007
-0.174,0.234
-0.225,0.956
-0.275,0.952
-0.411,1.915
2.954,-0.024
0.914,-0.882
-0.44,-0.731
-0.131,-0.86
0.012,1.044
-0.18,-0.602
-0.403,-1.481
-0.535,-1.947
-0.685,-1.365
-0.854,-1.535
-0.798,0.386
-0.874,-1.188
-0.91,-1.041
-1.547,-2.86
-2.366,-2.757
2.683,-2.923
2.763,-2.813
-0.743,-2.777
-0.992,-2.774
-1.178,1.516
-1.77,1.686
1.864,1.389
1.489,1.421
1.534,1.405
0.859,1.366
0.245,1.28
0.178,1.426
-0.058,1.682
-0.178,1.447
-0.068,1.353
-2.158,-0.307
-2.176,0.99
-2.542,-2.2
2.589,-0.963
0.242,0.436
-1.837,-1.111
-2.118,-1.695
0.727,-0.288
0.59,-0.839
0.662,-0.476
0.586,-1.045
0.242,-2.377
-0.037,-2.149
-0.253,-0.412
-0.17,-1.185
-0.221,-0.463
-0.271,-0.467
-0.407,0.496
2.958,-1.443
0.918,-2.301
-0.436,-2.15
0.143,1.904
-0.049,0.258
-0.272,-0.621
-0.404,-1.087
-0.554,-0.505
-0.723,-0.675
-0.667,1.246
-0.743,-0.328
-0.779,-0.181
-1.416,-2.0
-2.235,-1.897
2.814,-2.063
2.894,-1.953
-0.612,-1.917
-0.861,-1.914
-1.047,2.376
-1.639,2.546
1.995,2.249
1.62,2.281
1.665,2.265
0.99,2.226
0.376,2.14
0.309,2.286
0.073,2.542
-0.047,2.307
0.063,2.213
-2.027,0.553
-2.045,1.85
-2.411,-1.34
2.72,-0.103
0.373,1.296
-1.706,-0.251
-1.987,-0.835
0.858,0.572
0.721,0.021
0.793,0.384
0.717,-0.185
0.373,-1.517
0.094,-1.289
-0.122,0.448
-0.039,-0.325
-0.09,0.397
-0.14,0.393
-0.276,1.356
3.089,-0.583
1.049,-1.441
-0.305,-1.29
-0.192,-1.646
-0.415,-2.525
-0.547,-2.991
-0.697,-2.409
-0.866,-2.579
-0.81,-0.658
-0.886,-2.232
-0.922,-2.085
-1.559,-3.904
-2.378,-3.801
2.671,-3.967
2.751,-3.857
-0.755,-3.821
-1.004,-3.818
-1.19,0.472
-1.782,0.642
1.852,0.345
1.477,0.377
1.522,0.361
0.847,0.322
0.233,0.236
0.166,0.382
-0.07,0.638
-0.19,0.403
-0.08,0.309
-2.17,-1.351
-2.188,-0.054
-2.554,-3.244
2.577,-2.007
0.23,-0.608
-1.849,-2.155
-2.13,-2.739
0.715,-1.332
0.578,-1.883
0.65,-1.52
0.574,-2.089
0.23,-3.421
-0.049,-3.193
-0.265,-1.456
-0.182,-2.229
-0.233,-1.507
-0.283,-1.511
-0.419,-0.548
2.946,-2.487
0.906,-3.345
-0.448,-3.194
-0.223,-0.879
-0.355,-1.345
-0.505,-0.763
-0.674,-0.933
-0.618,0.988
-0.694,-0.586
-0.73,-0.439
-1.367,-2.258
-2.186,-2.155
2.863,-2.321
2.943,-2.211
-0.563,-2.175
-0.812,-2.172
-0.998,2.118
-1.59,2.288
2.044,1.991
1.669,2.023
1.714,2.007
1.039,1.968
0.425,1.882
0.358,2.028
0.122,2.284
0.002,2.049
0.112,1.955
-1.978,0.295
-1.996,1.592
-2.362,-1.598
2.769,-0.361
0.422,1.038
-1.657,-0.509
-1.938,-1.093
0.907,0.314
0.77,-0.237
0.842,0.126
0.766,-0.443
0.422,-1.775
0.143,-1.547
-0.073,0.19
0.01,-0.583
-0.041,0.139
-0.091,0.135
-0.227,1.098
3.138,-0.841
1.098,-1.699
-0.256,-1.548
-0.132,-0.466
-0.282,0.116
-0.451,-0.054
-0.395,1.867
-0.471,0.293
-0.507,0.44
-1.144,-1.379
-1.963,-1.276
3.086,-1.442
-3.117,-1.332
-0.34,-1.296
-0.589,-1.293
-0.775,2.997
-1.367,3.167
2.267,2.87
1.892,2.902
1.937,2.886
1.262,2.847
0.648,2.761
0.581,2.907
0.345,3.163
0.225,2.928
0.335,2.834
-1.755,1.174
-1.773,2.471
-2.139,-0.719
2.992,0.518
0.645,1.917
-1.434,0.37
-1.715,-0.214
1.13,1.193
0.993,0.642
1.065,1.005
0.989,0.436
0.645,-0.896
0.366,-0.668
0.15,1.069
0.233,0.296
0.182,1.018
0.132,1.014
-0.004,1.977
-2.922,0.038
1.321,-0.82
-0.033,-0.669
-0.15,0.582
-0.319,0.412
-0.263,2.333
-0.339,0.759
-0.375,0.906
-1.012,-0.913
-1.831,-0.81
-3.065,-0.976
-2.985,-0.866
-0.208,-0.83
-0.457,-0.827
-0.643,3.463
-1.235,3.633
2.399,3.336
2.024,3.368
2.069,3.352
1.394,3.313
0.78,3.227
0.713,3.373
0.477,3.629
0.357,3.394
0.467,3.3
-1.623,1.64
-1.641,2.937
-2.007,-0.253
3.124,0.984
0.777,2.383
-1.302,0.836
-1.583,0.252
1.262,1.659
1.125,1.108
1.197,1.471
1.121,0.902
0.777,-0.43
0.498,-0.202
0.282,1.535
0.365,0.762
0.314,1.484
0.264,1.48
0.128,2.443
-2.79,0.504
1.453,-0.354
0.099,-0.203
-0.169,-0.17
-0.113,1.751
-0.189,0.177
-0.225,0.324
-0.862,-1.495
-1.681,-1.392
-2.915,-1.558
-2.835,-1.448
-0.058,-1.412
-0.307,-1.409
-0.493,2.881
-1.085,3.051
2.549,2.754
2.174,2.786
2.219,2.77
1.544,2.731
0.93,2.645
0.863,2.791
0.627,3.047
0.507,2.812
0.617,2.718
-1.473,1.058
-1.491,2.355
-1.857,-0.835
-3.009,0.402
0.927,1.801
-1.152,0.254
-1.433,-0.33
1.412,1.077
1.275,0.526
1.347,0.889
1.271,0.32
0.927,-1.012
0.648,-0.784
0.432,0.953
0.515,0.18
0.464,0.902
0.414,0.898
0.278,1.861
-2.64,-0.078
1.603,-0.936
0.249,-0.785
0.056,1.921
-0.02,0.347
-0.056,0.494
-0.693,-1.325
-1.512,-1.222
-2.746,-1.388
-2.666,-1.278
0.111,-1.242
-0.138,-1.239
-0.324,3.051
-0.916,3.221
2.718,2.924
2.343,2.956
2.388,2.94
1.713,2.901
1.099,2.815
1.032,2.961
0.796,3.217
0.676,2.982
0.786,2.888
-1.304,1.228
-1.322,2.525
-1.688,-0.665
-2.84,0.572
1.096,1.971
-0.983,0.424
-1.264,-0.16
1.581,1.247
1.444,0.696
1.516,1.059
1.44,0.49
1.096,-0.842
0.817,-0.614
0.601,1.123
0.684,0.35
0.633,1.072
0.583,1.068
0.447,2.031
-2.471,0.092
1.772,-0.766
0.418,-0.615
-0.076,-1.574
-0.112,-1.427
-0.749,-3.246
-1.568,-3.143
-2.802,-3.309
-2.722,-3.199
0.055,-3.163
-0.194,-3.16
-0.38,1.13
-0.972,1.3
2.662,1.003
2.287,1.035
2.332,1.019
1.657,0.98
1.043,0.894
0.976,1.04
0.74,1.296
0.62,1.061
0.73,0.967
-1.36,-0.693
-1.378,0.604
-1.744,-2.586
-2.896,-1.349
1.04,0.05
-1.039,-1.497
-1.32,-2.081
1.525,-0.674
1.388,-1.225
1.46,-0.862
1.384,-1.431
1.04,-2.763
0.761,-2.535
0.545,-0.798
0.628,-1.571
0.577,-0.849
0.527,-0.853
0.391,0.11
-2.527,-1.829
1.716,-2.687
0.362,-2.536
-0.036,0.147
-0.673,-1.672
-1.492,-1.569
-2.726,-1.735
-2.646,-1.625
0.131,-1.589
-0.118,-1.586
-0.304,2.704
-0.896,2.874
2.738,2.577
2.363,2.609
2.408,2.593
1.733,2.554
1.119,2.468
1.052,2.614
0.816,2.87
0.696,2.635
0.806,2.541
-1.284,0.881
-1.302,2.178
-1.668,-1.012
-2.82,0.225
1.116,1.624
-0.963,0.077
-1.244,-0.507
1.601,0.9
1.464,0.349
1.536,0.712
1.46,0.143
1.116,-1.189
0.837,-0.961
0.621,0.776
0.704,0.003
0.653,0.725
0.603,0.721
0.467,1.684
-2.451,-0.255
1.792,-1.113
0.438,-0.962
-0.637,-1.819
-1.456,-1.716
-2.69,-1.882
-2.61,-1.772
0.167,-1.736
-0.082,-1.733
-0.268,2.557
-0.86,2.727
2.774,2.43
2.399,2.462
2.444,2.446
1.769,2.407
1.155,2.321
1.088,2.467
0.852,2.723
0.732,2.488
0.842,2.394
-1.248,0.734
-1.266,2.031
-1.632,-1.159
-2.784,0.078
1.152,1.477
-0.927,-0.07
-1.208,-0.654
1.637,0.753
1.5,0.202
1.572,0.565
1.496,-0.004
1.152,-1.336
0.873,-1.108
0.657,0.629
0.74,-0.144
0.689,0.578
0.639,0.574
0.503,1.537
-2.415,-0.402
1.828,-1.26
0.474,-1.109
-0.819,0.103
-2.053,-0.063
-1.973,0.047
0.804,0.083
0.555,0.086
0.369,4.376
-0.223,4.546
-2.872,4.249
3.036,4.281
3.081,4.265
2.406,4.226
1.792,4.14
1.725,4.286
1.489,4.542
1.369,4.307
1.479,4.213
-0.611,2.553
-0.629,3.85
-0.995,0.66
-2.147,1.897
1.789,3.296
-0.29,1.749
-0.571,1.165
2.274,2.572
2.137,2.021
2.209,2.384
2.133,1.815
1.789,0.483
1.51,0.711
1.294,2.448
1.377,1.675
1.326,2.397
1.276,2.393
1.14,3.356
-1.778,1.417
2.465,0.559
1.111,0.71
-1.234,-0.166
-1.154,-0.056
1.623,-0.02
1.374,-0.017
1.188,4.273
0.596,4.443
-2.053,4.146
-2.428,4.178
-2.383,4.162
-3.058,4.123
2.611,4.037
2.544,4.183
2.308,4.439
2.188,4.204
2.298,4.11
0.208,2.45
0.19,3.747
-0.176,0.557
-1.328,1.794
2.608,3.193
0.529,1.646
0.248,1.062
3.093,2.469
2.956,1.918
3.028,2.281
2.952,1.712
2.608,0.38
2.329,0.608
2.113,2.345
2.196,1.572
2.145,2.294
2.095,2.29
1.959,3.253
-0.959,1.314
-2.999,0.456
1.93,0.607
0.08,0.11
2.857,0.146
2.608,0.149
2.422,4.439
1.83,4.609
-0.819,4.312
-1.194,4.344
-1.149,4.328
-1.824,4.289
-2.438,4.203
-2.505,4.349
-2.741,4.605
-2.861,4.37
-2.751,4.276
1.442,2.616
1.424,3.913
1.058,0.723
-0.094,1.96
-2.441,3.359
1.763,1.812
1.482,1.228
-1.956,2.635
-2.093,2.084
-2.021,2.447
-2.097,1.878
-2.441,0.546
-2.72,0.774
-2.936,2.511
-2.853,1.738
-2.904,2.46
-2.954,2.456
-3.09,3.419
0.275,1.48
-1.765,0.622
-3.119,0.773
2.777,0.036
2.528,0.039
2.342,4.329
1.75,4.499
-0.899,4.202
-1.274,4.234
-1.229,4.218
-1.904,4.179
-2.518,4.093
-2.585,4.239
-2.821,4.495
-2.941,4.26
-2.831,4.166
1.362,2.506
1.344,3.803
0.978,0.613
-0.174,1.85
-2.521,3.249
1.683,1.702
1.402,1.118
-2.036,2.525
-2.173,1.974
-2.101,2.337
-2.177,1.768
-2.521,0.436
-2.8,0.664
-3.016,2.401
-2.933,1.628
-2.984,2.35
-3.034,2.346
3.113,3.309
0.195,1.37
-1.845,0.512
3.084,0.663
-0.249,0.003
-0.435,4.293
-1.027,4.463
2.607,4.166
2.232,4.198
2.277,4.182
1.602,4.143
0.988,4.057
0.921,4.203
0.685,4.459
0.565,4.224
0.675,4.13
-1.415,2.47
-1.433,3.767
-1.799,0.577
-2.951,1.814
0.985,3.213
-1.094,1.666
-1.375,1.082
1.47,2.489
1.333,1.938
1.405,2.301
1.329,1.732
0.985,0.4
0.706,0.628
0.49,2.365
0.573,1.592
0.522,2.314
0.472,2.31
0.336,3.273
-2.582,1.334
1.661,0.476
0.307,0.627
-0.186,4.29
-0.778,4.46
2.856,4.163
2.481,4.195
2.526,4.179
1.851,4.14
1.237,4.054
1.17,4.2
0.934,4.456
0.814,4.221
0.924,4.127
-1.166,2.467
-1.184,3.764
-1.55,0.574
-2.702,1.811
1.234,3.21
-0.845,1.663
-1.126,1.079
1.719,2.486
1.582,1.935
1.654,2.298
1.578,1.729
1.234,0.397
0.955,0.625
0.739,2.362
0.822,1.589
0.771,2.311
0.721,2.307
0.585,3.27
-2.333,1.331
1.91,0.473
0.556,0.624
-0.592,0.17
3.042,-0.127
2.667,-0.095
2.712,-0.111
2.037,-0.15
1.423,-0.236
1.356,-0.09
1.12,0.166
1.0,-0.069
1.11,-0.163
-0.98,-1.823
-0.998,-0.526
-1.364,-3.716
-2.516,-2.479
1.42,-1.08
-0.659,-2.627
-0.94,-3.211
1.905,-1.804
1.768,-2.355
1.84,-1.992
1.764,-2.561
1.42,-3.893
1.141,-3.665
0.925,-1.928
1.008,-2.701
0.957,-1.979
0.907,-1.983
0.771,-1.02
-2.147,-2.959
2.096,-3.817
0.742,-3.666
-2.649,-0.297
-3.024,-0.265
-2.979,-0.281
2.629,-0.32
2.015,-0.406
1.948,-0.26
1.712,-0.004
1.592,-0.239
1.702,-0.333
-0.388,-1.993
-0.406,-0.696
-0.772,-3.886
-1.924,-2.649
2.012,-1.25
-0.067,-2.797
-0.348,-3.381
2.497,-1.974
2.36,-2.525
2.432,-2.162
2.356,-2.731
2.012,-4.063
1.733,-3.835
1.517,-2.098
1.6,-2.871
1.549,-2.149
1.499,-2.153
1.363,-1.19
-1.555,-3.129
2.688,-3.987
1.334,-3.836
-0.375,0.032
-0.33,0.016
-1.005,-0.023
-1.619,-0.109
-1.686,0.037
-1.922,0.293
-2.042,0.058
-1.932,-0.036
2.261,-1.696
2.243,-0.399
1.877,-3.589
0.725,-2.352
-1.622,-0.953
2.582,-2.5
2.301,-3.084
-1.137,-1.677
-1.274,-2.228
-1.202,-1.865
-1.278,-2.434
-1.622,-3.766
-1.901,-3.538
-2.117,-1.801
-2.034,-2.574
-2.085,-1.852
-2.135,-1.856
-2.271,-0.893
1.094,-2.832
-0.946,-3.69
-2.3,-3.539
0.045,-0.016
-0.63,-0.055
-1.244,-0.141
-1.311,0.005
-1.547,0.261
-1.667,0.026
-1.557,-0.068
2.636,-1.728
2.618,-0.431
2.252,-3.621
1.1,-2.384
-1.247,-0.985
2.957,-2.532
2.676,-3.116
-0.762,-1.709
-0.899,-2.26
-0.827,-1.897
-0.903,-2.466
-1.247,-3.798
-1.526,-3.57
-1.742,-1.833
-1.659,-2.606
-1.71,-1.884
-1.76,-1.888
-1.896,-0.925
1.469,-2.864
-0.571,-3.722
-1.925,-3.571
-0.675,-0.039
-1.289,-0.125
-1.356,0.021
-1.592,0.277
-1.712,0.042
-1.602,-0.052
2.591,-1.712
2.573,-0.415
2.207,-3.605
1.055,-2.368
-1.292,-0.969
2.912,-2.516
2.631,-3.1
-0.807,-1.693
-0.944,-2.244
-0.872,-1.881
-0.948,-2.45
-1.292,-3.782
-1.571,-3.554
-1.787,-1.817
-1.704,-2.59
-1.755,-1.868
-1.805,-1.872
-1.941,-0.909
1.424,-2.848
-0.616,-3.706
-1.97,-3.555
-0.614,-0.086
-0.681,0.06
-0.917,0.316
-1.037,0.081
-0.927,-0.013
-3.017,-1.673
-3.035,-0.376
2.882,-3.566
1.73,-2.329
-0.617,-0.93
-2.696,-2.477
-2.977,-3.061
-0.132,-1.654
-0.269,-2.205
-0.197,-1.842
-0.273,-2.411
-0.617,-3.743
-0.896,-3.515
-1.112,-1.778
-1.029,-2.551
-1.08,-1.829
-1.13,-1.833
-1.266,-0.87
2.099,-2.809
0.059,-3.667
-1.295,-3.516
-0.067,0.146
-0.303,0.402
-0.423,0.167
-0.313,0.073
-2.403,-1.587
-2.421,-0.29
-2.787,-3.48
2.344,-2.243
-0.003,-0.844
-2.082,-2.391
-2.363,-2.975
0.482,-1.568
0.345,-2.119
0.417,-1.756
0.341,-2.325
-0.003,-3.657
-0.282,-3.429
-0.498,-1.692
-0.415,-2.465
-0.466,-1.743
-0.516,-1.747
-0.652,-0.784
2.713,-2.723
0.673,-3.581
-0.681,-3.43
-0.236,0.256
-0.356,0.021
-0.246,-0.073
-2.336,-1.733
-2.354,-0.436
-2.72,-3.626
2.411,-2.389
0.064,-0.99
-2.015,-2.537
-2.296,-3.121
0.549,-1.714
0.412,-2.265
0.484,-1.902
0.408,-2.471
0.064,-3.803
-0.215,-3.575
-0.431,-1.838
-0.348,-2.611
-0.399,-1.889
-0.449,-1.893
-0.585,-0.93
2.78,-2.869
0.74,-3.727
-0.614,-3.576
-0.12,-0.235
-0.01,-0.329
-2.1,-1.989
-2.118,-0.692
-2.484,-3.882
2.647,-2.645
0.3,-1.246
-1.779,-2.793
-2.06,-3.377
0.785,-1.97
0.648,-2.521
0.72,-2.158
0.644,-2.727
0.3,-4.059
0.021,-3.831
-0.195,-2.094
-0.112,-2.867
-0.163,-2.145
-0.213,-2.149
-0.349,-1.186
3.016,-3.125
0.976,-3.983
-0.378,-3.832
0.11,-0.094
-1.98,-1.754
-1.998,-0.457
-2.364,-3.647
2.767,-2.41
0.42,-1.011
-1.659,-2.558
-1.94,-3.142
0.905,-1.735
0.768,-2.286
0.84,-1.923
0.764,-2.492
0.42,-3.824
0.141,-3.596
-0.075,-1.859
0.008,-2.632
-0.043,-1.91
-0.093,-1.914
-0.229,-0.951
3.136,-2.89
1.096,-3.748
-0.258,-3.597
-2.09,-1.66
-2.108,-0.363
-2.474,-3.553
2.657,-2.316
0.31,-0.917
-1.769,-2.464
-2.05,-3.048
0.795,-1.641
0.658,-2.192
0.73,-1.829
0.654,-2.398
0.31,-3.73
0.031,-3.502
-0.185,-1.765
-0.102,-2.538
-0.153,-1.816
-0.203,-1.82
-0.339,-0.857
3.026,-2.796
0.986,-3.654
-0.368,-3.503
-0.018,1.297
-0.384,-1.893
-1.536,-0.656
2.4,0.743
0.321,-0.804
0.04,-1.388
2.885,0.019
2.748,-0.532
2.82,-0.169
2.744,-0.738
2.4,-2.07
2.121,-1.842
1.905,-0.105
1.988,-0.878
1.937,-0.156
1.887,-0.16
1.751,0.803
-1.167,-1.136
3.076,-1.994
1.722,-1.843
-0.366,-3.19
-1.518,-1.953
2.418,-0.554
0.339,-2.101
0.058,-2.685
2.903,-1.278
2.766,-1.829
2.838,-1.466
2.762,-2.035
2.418,-3.367
2.139,-3.139
1.923,-1.402
2.006,-2.175
1.955,-1.453
1.905,-1.457
1.769,-0.494
-1.149,-2.433
3.094,-3.291
1.74,-3.14
-1.152,1.237
2.784,2.636
0.705,1.089
0.424,0.505
-3.014,1.912
3.132,1.361
-3.079,1.724
3.128,1.155
2.784,-0.177
2.505,0.051
2.289,1.788
2.372,1.015
2.321,1.737
2.271,1.733
2.135,2.696
-0.783,0.757
-2.823,-0.101
2.106,0.05
-2.347,1.399
1.857,-0.148
1.576,-0.732
-1.862,0.675
-1.999,0.124
-1.927,0.487
-2.003,-0.082
-2.347,-1.414
-2.626,-1.186
-2.842,0.551
-2.759,-0.222
-2.81,0.5
-2.86,0.496
-2.996,1.459
0.369,-0.48
-1.671,-1.338
-3.025,-1.187
-2.079,-1.547
-2.36,-2.131
0.485,-0.724
0.348,-1.275
0.42,-0.912
0.344,-1.481
0.0,-2.813
-0.279,-2.585
-0.495,-0.848
-0.412,-1.621
-0.463,-0.899
-0.513,-0.903
-0.649,0.06
2.716,-1.879
0.676,-2.737
-0.678,-2.586
-0.281,-0.584
2.564,0.823
2.427,0.272
2.499,0.635
2.423,0.066
2.079,-1.266
1.8,-1.038
1.584,0.699
1.667,-0.074
1.616,0.648
1.566,0.644
1.43,1.607
-1.488,-0.332
2.755,-1.19
1.401,-1.039
2.845,1.407
2.708,0.856
2.78,1.219
2.704,0.65
2.36,-0.682
2.081,-0.454
1.865,1.283
1.948,0.51
1.897,1.232
1.847,1.228
1.711,2.191
-1.207,0.252
3.036,-0.606
1.682,-0.455
-0.137,-0.551
-0.065,-0.188
-0.141,-0.757
-0.485,-2.089
-0.764,-1.861
-0.98,-0.124
-0.897,-0.897
-0.948,-0.175
-0.998,-0.179
-1.134,0.784
2.231,-1.155
0.191,-2.013
-1.163,-1.862
0.072,0.363
-0.004,-0.206
-0.348,-1.538
-0.627,-1.31
-0.843,0.427
-0.76,-0.346
-0.811,0.376
-0.861,0.372
-0.997,1.335
2.368,-0.604
0.328,-1.462
-1.026,-1.311
-0.076,-0.569
-0.42,-1.901
-0.699,-1.673
-0.915,0.064
-0.832,-0.709
-0.883,0.013
-0.933,0.009
-1.069,0.972
2.296,-0.967
0.256,-1.825
-1.098,-1.674
-0.344,-1.332
-0.623,-1.104
-0.839,0.633
-0.756,-0.14
-0.807,0.582
-0.857,0.578
-0.993,1.541
2.372,-0.398
0.332,-1.256
-1.022,-1.105
-0.279,0.228
-0.495,1.965
-0.412,1.192
-0.463,1.914
-0.513,1.91
-0.649,2.873
2.716,0.934
0.676,0.076
-0.678,0.227
-0.216,1.737
-0.133,0.964
-0.184,1.686
-0.234,1.682
-0.37,2.645
2.995,0.706
0.955,-0.152
-0.399,-0.001
0.083,-0.773
0.032,-0.051
-0.018,-0.055
-0.154,0.908
-3.072,-1.031
1.171,-1.889
-0.183,-1.738
-0.051,0.722
-0.101,0.718
-0.237,1.681
3.128,-0.258
1.088,-1.116
-0.266,-0.965
-0.05,-0.004
-0.186,0.959
-3.104,-0.98
1.139,-1.838
-0.215,-1.687
-0.136,0.963
-3.054,-0.976
1.189,-1.834
-0.165,-1.683
-2.918,-1.939
1.325,-2.797
-0.029,-2.646
-2.04,-0.858
2.889,-0.707
-1.354,0.151
