-0.088,-3.828
-0.187,-0.064
-0.196,-3.48
-0.237,-0.723
-0.267,-1.756
-0.296,-1.575
-0.432,-1.467
-0.357,-2.755
-0.364,-2.335
-0.385,-3.062
-0.482,-2.544
-0.464,-2.323
-0.55,-1.08
-0.558,-3.488
-0.52,-2.366
-0.602,-1.166
-0.555,-1.319
-0.571,-3.212
-0.659,-1.326
-0.667,-1.414
-0.626,-0.896
-0.692,-2.815
-0.782,-0.484
-0.756,-3.796
-0.823,-0.735
-0.792,-1.643
-0.885,-1.721
-0.861,-1.322
-0.964,-2.178
-0.919,-2.109
-0.956,-0.45
-0.972,-0.992
-1.04,-3.82
-1.073,-1.381
-1.069,-2.123
-1.05,-1.203
-1.055,-2.414
-1.132,-1.329
-1.164,-2.624
-1.095,-1.801
-1.146,-2.31
-1.195,-2.857
-1.174,-3.296
-1.278,-3.688
-1.435,-2.092
-1.533,-2.838
-1.546,-2.552
-1.636,-3.777
-1.582,-3.364
-1.691,-2.081
-1.679,-0.249
-1.715,-3.276
-1.679,-3.163
-1.737,-2.744
-1.775,-2.375
-1.752,-2.739
-1.86,-3.727
-1.81,-3.507
-1.823,-2.665
-1.914,-2.026
-1.817,-3.221
-1.906,-3.584
-2.031,-2.747
-2.091,-1.398
-2.029,-1.251
-2.104,-0.769
-2.088,-2.091
-2.155,-0.96
-2.14,-3.558
-2.247,-1.002
-2.253,-3.091
-2.272,-2.345
-2.338,-0.694
-2.33,-1.609
-2.331,-3.594
-2.426,-3.733
-2.458,-1.643
-2.388,-2.609
-2.432,-2.429
-2.463,-3.356
-2.536,-2.294
-2.545,-1.304
-2.542,0.003
-2.475,-1.83
-2.568,-3.066
-2.596,-0.248
-2.542,-0.849
-2.63,-1.613
-2.615,-1.628
-2.69,-2.234
-2.709,-1.562
-2.64,-1.793
-2.742,-3.317
-2.689,-0.959
-2.739,-1.398
-2.813,-1.499
-2.825,-2.881
-2.789,-1.138
-2.792,-0.599
-2.793,-3.329
-2.825,-1.206
-2.904,-2.063
-2.869,-2.901
-2.918,-1.951
-2.969,-2.602
-2.989,-3.73
-2.941,-1.756
-2.961,-2.241
-3.041,-3.872
-3.083,-1.59
-3.037,-3.671
-3.036,-0.479
-3.138,-0.736
3.097,-1.408
3.028,-1.032
2.963,-0.866
3.022,-1.19
2.973,-2.748
2.962,-0.761
2.831,-1.087
2.827,-0.203
2.875,-2.183
2.774,0.016
2.689,-2.216
2.642,-2.952
2.631,-3.655
2.637,-0.957
2.589,-1.154
2.628,-0.688
2.58,-0.526
2.444,-2.034
2.495,-2.306
2.498,-1.151
2.384,-3.816
2.427,-3.364
2.333,-1.778
2.407,-0.413
2.313,-1.689
2.347,-3.877
2.301,-0.85
2.365,-0.502
2.29,-1.397
2.28,-1.179
2.253,-4.009
2.192,-1.581
2.216,-3.83
2.192,-0.045
2.102,-3.054
1.958,-1.723
2.001,-2.423
1.915,-0.393
1.872,-1.818
1.89,-2.821
1.776,-1.376
1.776,-3.343
1.707,-2.28
1.64,-0.352
1.555,-0.116
1.452,-2.003
1.461,-3.302
1.444,-1.565
1.355,-2.848
1.296,-2.578
1.258,-3.294
1.235,-2.65
1.309,-1.832
1.296,-1.915
1.2,-0.961
1.238,-2.353
1.169,-0.982
1.134,-1.772
1.139,-0.776
1.079,-2.063
1.129,-0.355
1.127,-3.903
1.033,-2.1
1.081,-0.614
1.067,-2.738
1.093,-0.445
1.019,-0.698
1.026,-2.146
1.014,-0.84
1.03,-2.188
0.963,-0.843
1.02,-2.05
0.912,-0.112
0.977,-2.087
0.977,-3.878
0.911,-0.804
0.871,-1.365
0.833,-2.748
0.884,-0.615
0.881,-1.14
0.878,-2.561
0.767,-1.907
0.826,-2.511
0.835,-2.596
0.739,-2.813
0.705,-2.963
0.546,-2.73
0.603,-1.992
0.536,-2.549
0.45,-3.234
0.331,-1.717
0.301,-1.06
0.313,-1.901
0.284,-0.089
0.308,-1.022
0.253,-0.633
0.232,-0.174
0.176,-3.938
0.24,-1.424
0.191,-0.119
0.156,-0.728
0.122,-3.204
0.0,-1.12
0.059,-0.278
0.033,-0.696
-0.043,-3.341
-1.002,-3.987
-1.681,-3.952
-1.708,-4.012
-2.131,-4.272
-2.177,-4.081
-2.459,-4.377
-2.463,-4.275
-2.616,-4.0
-2.879,-4.027
2.925,-4.286
2.923,-4.023
2.571,-4.457
2.542,-4.226
2.301,-4.201
1.875,-4.386
1.708,-4.127
1.146,-4.105
1.061,-4.037
0.475,-4.059
0.499,-4.124
0.055,-3.934
-0.196,0.062
-0.44,0.274
-0.683,0.046
-1.519,0.233
-1.784,0.194
-1.981,0.174
-2.053,0.102
-2.175,0.336
-2.387,0.38
-2.551,0.165
-2.583,0.066
-2.93,0.387
1.415,0.315
1.464,0.157
1.294,0.365
1.266,0.361
1.187,0.339
0.99,0.022
0.455,0.326
0.212,0.436
0.072,0.108
-1.842,-3.748
-2.398,-0.233
-2.728,-3.52
3.109,-0.074
1.229,-0.344
1.233,-2.443
1.184,-0.191
0.474,-3.62
0.232,-0.684
0.314,-0.956
-0.7,-4.115
2.269,-4.41
0.591,-4.343
-1.693,0.045
0.967,0.321
-0.248,-3.674
-0.28,-2.234
-0.32,-0.407
-0.438,-2.658
-0.292,-3.728
-0.447,-1.936
-0.541,-2.362
-0.552,-0.504
-0.736,-3.913
-0.793,-2.281
-0.717,-1.383
-0.735,-0.219
-0.979,-1.341
-1.143,-1.283
-1.026,-3.959
-1.034,-2.588
-1.032,-2.59
-1.077,-3.175
-1.047,-0.114
-1.142,-3.61
-1.296,-1.935
-1.332,-2.625
-1.354,-2.405
-1.292,-3.675
-1.445,-2.211
-1.369,-1.577
-1.383,-2.552
-1.515,-2.147
-1.635,-1.21
-1.894,-2.991
-1.747,-2.291
-1.959,-0.238
-1.986,-3.777
-2.021,-0.429
-1.969,-1.504
-2.131,-2.224
-2.135,-3.896
-2.026,-1.218
-2.159,-0.896
-2.189,-1.755
-2.19,-2.204
-2.219,-2.973
-2.124,-2.838
-2.112,-0.164
-2.235,-2.49
-2.157,-3.28
-2.288,-0.327
-2.303,-1.619
-2.349,-3.282
-2.331,-3.791
-2.531,-3.829
-2.589,-3.715
-2.591,-0.635
-2.485,-0.175
-2.562,-1.94
-2.579,-1.853
-2.658,-2.071
-2.632,-3.775
-2.803,-2.502
-2.843,-0.299
-2.982,-3.623
-2.961,-1.167
-3.003,-0.222
-2.875,-3.242
3.107,-2.909
-3.04,-3.888
3.106,-3.885
3.112,-1.261
3.044,-1.908
3.041,-2.955
2.798,-2.96
2.952,-0.225
2.782,-1.096
2.771,-0.039
2.902,-3.633
2.743,-2.44
2.715,-3.615
2.53,-0.438
2.523,-2.828
2.544,-1.824
2.567,-1.216
2.564,-1.549
2.401,-1.836
2.491,-1.981
2.366,-2.836
2.383,-1.187
2.167,-0.541
2.093,-0.033
2.151,-0.258
2.01,-3.47
2.054,-0.514
1.875,-3.695
1.708,-1.583
1.633,-0.903
1.62,-3.849
1.652,-3.735
1.653,-0.011
1.595,-1.844
1.428,-1.316
1.398,-3.797
1.264,-2.704
1.075,-2.116
1.101,-4.023
1.041,-4.023
1.147,-1.469
1.114,-2.035
1.129,-1.344
0.585,-3.056
0.577,-2.831
0.43,-1.835
0.454,-3.001
0.336,-2.915
0.428,-1.25
0.276,-1.97
0.387,-2.309
0.387,-1.409
0.249,-2.546
0.32,-2.214
0.121,-1.23
0.235,-3.65
0.018,-3.856
-0.639,-4.023
-0.522,-4.064
-0.725,-3.969
-1.184,-4.302
-1.156,-4.373
-1.419,-4.221
-1.339,-4.024
-1.451,-4.061
-2.133,-4.232
-2.067,-3.98
-2.041,-4.098
-2.378,-4.091
-2.54,-4.33
2.936,-4.191
2.941,-4.4
2.678,-4.174
2.672,-4.195
0.548,-4.288
0.063,-4.119
0.008,0.126
-0.167,0.357
-0.966,0.412
-1.274,0.189
-1.933,0.092
-2.133,0.05
-3.137,0.178
3.128,0.086
3.011,0.094
2.586,0.221
2.183,0.09
1.509,0.265
1.052,0.119
0.79,0.103
-0.881,-1.868
-1.265,-1.867
-2.11,-2.492
2.107,-1.867
1.925,-1.251
1.205,-0.501
0.936,-0.288
0.344,-3.401
2.383,-1.558
1.696,-1.195
0.814,-1.263
0.797,-0.379
0.801,-0.945
0.737,-0.378
0.746,-1.945
0.718,-0.538
0.634,-1.153
0.596,-1.12
0.516,-1.802
0.484,-0.58
0.56,-0.471
0.428,-1.378
0.336,-1.811
-1.584,-2.762
-2.875,-1.633
0.754,-3.158
0.328,-1.701
0.072,-1.644
-1.654,-3.993
-1.772,-3.863
3.066,-3.746
-2.204,-0.059
-1.585,-3.932
-2.184,-4.108
-0.099,3.764
-0.108,0.348
-0.149,3.105
-0.179,2.072
-0.208,2.253
-0.344,2.361
-0.269,1.073
-0.276,1.493
-0.297,0.766
-0.394,1.284
-0.376,1.505
-0.462,2.748
-0.47,0.34
-0.432,1.462
-0.514,2.662
-0.467,2.509
-0.483,0.616
-0.571,2.502
-0.579,2.414
-0.538,2.932
-0.604,1.013
-0.694,3.344
-0.668,0.032
-0.735,3.093
-0.704,2.185
-0.797,2.107
-0.773,2.506
-0.876,1.65
-0.831,1.719
-0.868,3.378
-0.884,2.836
-0.952,0.008
-0.985,2.447
-0.981,1.705
-0.962,2.625
-0.967,1.414
-1.044,2.499
-1.076,1.204
-1.007,2.027
-1.058,1.518
-1.107,0.971
-1.086,0.532
-1.19,0.14
-1.347,1.736
-1.445,0.99
-1.458,1.276
-1.548,0.051
-1.494,0.464
-1.603,1.747
-1.591,3.579
-1.627,0.552
-1.591,0.665
-1.649,1.084
-1.687,1.453
-1.664,1.089
-1.772,0.101
-1.722,0.321
-1.735,1.163
-1.826,1.802
-1.729,0.607
-1.818,0.244
-1.943,1.081
-2.003,2.43
-1.941,2.577
-2.016,3.059
-2.0,1.737
-2.067,2.868
-2.052,0.27
-2.159,2.826
-2.165,0.737
-2.184,1.483
-2.25,3.134
-2.242,2.219
-2.243,0.234
-2.338,0.095
-2.37,2.185
-2.3,1.219
-2.344,1.399
-2.375,0.472
-2.448,1.534
-2.457,2.524
-2.454,3.831
-2.387,1.998
-2.48,0.762
-2.508,3.58
-2.454,2.979
-2.542,2.215
-2.527,2.2
-2.602,1.594
-2.621,2.266
-2.552,2.035
-2.654,0.511
-2.601,2.869
-2.651,2.43
-2.725,2.329
-2.737,0.947
-2.701,2.69
-2.704,3.229
-2.705,0.499
-2.737,2.622
-2.816,1.765
-2.781,0.927
-2.83,1.877
-2.881,1.226
-2.901,0.098
-2.853,2.072
-2.873,1.587
-2.953,-0.044
-2.995,2.238
-2.949,0.157
-2.948,3.349
-3.05,3.092
-3.098,2.42
3.116,2.796
3.051,2.962
3.11,2.638
3.061,1.08
3.05,3.067
2.919,2.741
2.915,3.625
2.963,1.645
2.862,3.844
2.777,1.612
2.73,0.876
2.719,0.173
2.725,2.871
2.677,2.674
2.716,3.14
2.668,3.302
2.532,1.794
2.583,1.522
2.586,2.677
2.472,0.012
2.515,0.464
2.421,2.05
2.495,3.415
2.401,2.139
2.435,-0.049
2.389,2.978
2.453,3.326
2.378,2.431
2.368,2.649
2.341,-0.181
2.28,2.247
2.304,-0.002
2.28,3.783
2.19,0.774
2.046,2.105
2.089,1.405
2.003,3.435
1.96,2.01
1.978,1.007
1.864,2.452
1.864,0.485
1.795,1.548
1.728,3.476
1.643,3.712
1.54,1.825
1.549,0.526
1.532,2.263
1.443,0.98
1.384,1.25
1.346,0.534
1.323,1.178
1.397,1.996
1.384,1.913
1.288,2.867
1.326,1.475
1.257,2.846
1.222,2.056
1.227,3.052
1.167,1.765
1.217,3.473
1.215,-0.075
1.121,1.728
1.169,3.214
1.155,1.09
1.181,3.383
1.107,3.13
1.114,1.682
1.102,2.988
1.118,1.64
1.051,2.985
1.108,1.778
1.0,3.716
1.065,1.741
1.065,-0.05
0.999,3.024
0.959,2.463
0.921,1.08
0.972,3.213
0.969,2.688
0.966,1.267
0.855,1.921
0.914,1.317
0.923,1.232
0.827,1.015
0.793,0.865
0.634,1.098
0.691,1.836
0.624,1.279
0.538,0.594
0.419,2.111
0.389,2.768
0.401,1.927
0.372,3.739
0.396,2.806
0.341,3.195
0.32,3.654
0.264,-0.11
0.328,2.404
0.279,3.709
0.244,3.1
0.21,0.624
0.088,2.708
0.147,3.55
0.121,3.132
0.045,0.487
-0.914,-0.159
-1.593,-0.124
-1.62,-0.184
-2.043,-0.444
-2.089,-0.253
-2.371,-0.549
-2.375,-0.447
-2.528,-0.172
-2.791,-0.199
3.013,-0.458
3.011,-0.195
2.659,-0.629
2.63,-0.398
2.389,-0.373
1.963,-0.558
1.796,-0.299
1.234,-0.277
1.149,-0.209
0.563,-0.231
0.587,-0.296
0.143,-0.106
-0.108,3.89
-0.352,4.102
-0.595,3.874
-1.431,4.061
-1.696,4.022
-1.893,4.002
-1.965,3.93
-2.087,4.164
-2.299,4.208
-2.463,3.993
-2.495,3.894
-2.842,4.215
1.503,4.143
1.552,3.985
1.382,4.193
1.354,4.189
1.275,4.167
1.078,3.85
0.543,4.154
0.3,4.264
0.16,3.936
-1.754,0.08
-2.31,3.595
-2.64,0.308
-3.086,3.754
1.317,3.484
1.321,1.385
1.272,3.637
0.562,0.208
0.32,3.144
0.402,2.872
-0.612,-0.287
2.357,-0.582
0.679,-0.515
-1.605,3.873
1.055,4.149
-0.16,0.154
-0.192,1.594
-0.232,3.421
-0.35,1.17
-0.204,0.1
-0.359,1.892
-0.453,1.466
-0.464,3.324
-0.648,-0.085
-0.705,1.547
-0.629,2.445
-0.647,3.609
-0.891,2.487
-1.055,2.545
-0.938,-0.131
-0.946,1.24
-0.944,1.238
-0.989,0.653
-0.959,3.714
-1.054,0.218
-1.208,1.893
-1.244,1.203
-1.266,1.423
-1.204,0.153
-1.357,1.617
-1.281,2.251
-1.295,1.276
-1.427,1.681
-1.547,2.618
-1.806,0.837
-1.659,1.537
-1.871,3.59
-1.898,0.051
-1.933,3.399
-1.881,2.324
-2.043,1.604
-2.047,-0.068
-1.938,2.61
-2.071,2.932
-2.101,2.073
-2.102,1.624
-2.131,0.855
-2.036,0.99
-2.024,3.664
-2.147,1.338
-2.069,0.548
-2.2,3.501
-2.215,2.209
-2.261,0.546
-2.243,0.037
-2.443,-0.001
-2.501,0.113
-2.503,3.193
-2.397,3.653
-2.474,1.888
-2.491,1.975
-2.57,1.757
-2.544,0.053
-2.715,1.326
-2.755,3.529
-2.894,0.205
-2.873,2.661
-2.915,3.606
-2.787,0.586
-3.088,0.919
-2.952,-0.06
-3.089,-0.057
-3.083,2.567
3.132,1.92
3.129,0.873
2.886,0.868
3.04,3.603
2.87,2.732
2.859,3.789
2.99,0.195
2.831,1.388
2.803,0.213
2.618,3.39
2.611,1.0
2.632,2.004
2.655,2.612
2.652,2.279
2.489,1.992
2.579,1.847
2.454,0.992
2.471,2.641
2.255,3.287
2.181,3.795
2.239,3.57
2.098,0.358
2.142,3.314
1.963,0.133
1.796,2.245
1.721,2.925
1.708,-0.021
1.74,0.093
1.741,3.817
1.683,1.984
1.516,2.512
1.486,0.031
1.352,1.124
1.163,1.712
1.189,-0.195
1.129,-0.195
1.235,2.359
1.202,1.793
1.217,2.484
0.673,0.772
0.665,0.997
0.518,1.993
0.542,0.827
0.424,0.913
0.516,2.578
0.364,1.858
0.475,1.519
0.475,2.419
0.337,1.282
0.408,1.614
0.209,2.598
0.323,0.178
0.106,-0.028
-0.551,-0.195
-0.434,-0.236
-0.637,-0.141
-1.096,-0.474
-1.068,-0.545
-1.331,-0.393
-1.251,-0.196
-1.363,-0.233
-2.045,-0.404
-1.979,-0.152
-1.953,-0.27
-2.29,-0.263
-2.452,-0.502
3.024,-0.363
3.029,-0.572
2.766,-0.346
2.76,-0.367
0.636,-0.46
0.151,-0.291
0.096,3.954
-0.079,4.185
-0.878,4.24
-1.186,4.017
-1.845,3.92
-2.045,3.878
-3.049,4.006
-3.067,3.914
3.099,3.922
2.674,4.049
2.271,3.918
1.597,4.093
1.14,3.947
0.878,3.931
-0.793,1.96
-1.177,1.961
-2.022,1.336
2.195,1.961
2.013,2.577
1.293,3.327
1.024,3.54
0.432,0.427
2.471,2.27
1.784,2.633
0.902,2.565
0.885,3.449
0.889,2.883
0.825,3.45
0.834,1.883
0.806,3.29
0.722,2.675
0.684,2.708
0.604,2.026
0.572,3.248
0.648,3.357
0.516,2.45
0.424,2.017
-1.496,1.066
-2.787,2.195
0.842,0.67
0.416,2.127
0.16,2.184
-1.566,-0.165
-1.684,-0.035
-3.129,0.082
-2.116,3.769
-1.497,-0.104
-2.096,-0.28
-0.009,-3.416
-0.05,-0.659
-0.08,-1.692
-0.109,-1.511
-0.245,-1.403
-0.17,-2.691
-0.177,-2.271
-0.198,-2.998
-0.295,-2.48
-0.277,-2.259
-0.363,-1.016
-0.371,-3.424
-0.333,-2.302
-0.415,-1.102
-0.368,-1.255
-0.384,-3.148
-0.472,-1.262
-0.48,-1.35
-0.439,-0.832
-0.505,-2.751
-0.595,-0.42
-0.569,-3.732
-0.636,-0.671
-0.605,-1.579
-0.698,-1.657
-0.674,-1.258
-0.777,-2.114
-0.732,-2.045
-0.769,-0.386
-0.785,-0.928
-0.853,-3.756
-0.886,-1.317
-0.882,-2.059
-0.863,-1.139
-0.868,-2.35
-0.945,-1.265
-0.977,-2.56
-0.908,-1.737
-0.959,-2.246
-1.008,-2.793
-0.987,-3.232
-1.091,-3.624
-1.248,-2.028
-1.346,-2.774
-1.359,-2.488
-1.449,-3.713
-1.395,-3.3
-1.504,-2.017
-1.492,-0.185
-1.528,-3.212
-1.492,-3.099
-1.55,-2.68
-1.588,-2.311
-1.565,-2.675
-1.673,-3.663
-1.623,-3.443
-1.636,-2.601
-1.727,-1.962
-1.63,-3.157
-1.719,-3.52
-1.844,-2.683
-1.904,-1.334
-1.842,-1.187
-1.917,-0.705
-1.901,-2.027
-1.968,-0.896
-1.953,-3.494
-2.06,-0.938
-2.066,-3.027
-2.085,-2.281
-2.151,-0.63
-2.143,-1.545
-2.144,-3.53
-2.239,-3.669
-2.271,-1.579
-2.201,-2.545
-2.245,-2.365
-2.276,-3.292
-2.349,-2.23
-2.358,-1.24
-2.355,0.067
-2.288,-1.766
-2.381,-3.002
-2.409,-0.184
-2.355,-0.785
-2.443,-1.549
-2.428,-1.564
-2.503,-2.17
-2.522,-1.498
-2.453,-1.729
-2.555,-3.253
-2.502,-0.895
-2.552,-1.334
-2.626,-1.435
-2.638,-2.817
-2.602,-1.074
-2.605,-0.535
-2.606,-3.265
-2.638,-1.142
-2.717,-1.999
-2.682,-2.837
-2.731,-1.887
-2.782,-2.538
-2.802,-3.666
-2.754,-1.692
-2.774,-2.177
-2.854,-3.808
-2.896,-1.526
-2.85,-3.607
-2.849,-0.415
-2.951,-0.672
-2.999,-1.344
-3.068,-0.968
-3.133,-0.802
-3.074,-1.126
-3.123,-2.684
-3.134,-0.697
3.018,-1.023
3.014,-0.139
3.062,-2.119
2.961,0.08
2.876,-2.152
2.829,-2.888
2.818,-3.591
2.824,-0.893
2.776,-1.09
2.815,-0.624
2.767,-0.462
2.631,-1.97
2.682,-2.242
2.685,-1.087
2.571,-3.752
2.614,-3.3
2.52,-1.714
2.594,-0.349
2.5,-1.625
2.534,-3.813
2.488,-0.786
2.552,-0.438
2.477,-1.333
2.467,-1.115
2.44,-3.945
2.379,-1.517
2.403,-3.766
2.379,0.019
2.289,-2.99
2.145,-1.659
2.188,-2.359
2.102,-0.329
2.059,-1.754
2.077,-2.757
1.963,-1.312
1.963,-3.279
1.894,-2.216
1.827,-0.288
1.742,-0.052
1.639,-1.939
1.648,-3.238
1.631,-1.501
1.542,-2.784
1.483,-2.514
1.445,-3.23
1.422,-2.586
1.496,-1.768
1.483,-1.851
1.387,-0.897
1.425,-2.289
1.356,-0.918
1.321,-1.708
1.326,-0.712
1.266,-1.999
1.316,-0.291
1.314,-3.839
1.22,-2.036
1.268,-0.55
1.254,-2.674
1.28,-0.381
1.206,-0.634
1.213,-2.082
1.201,-0.776
1.217,-2.124
1.15,-0.779
1.207,-1.986
1.099,-0.048
1.164,-2.023
1.164,-3.814
1.098,-0.74
1.058,-1.301
1.02,-2.684
1.071,-0.551
1.068,-1.076
1.065,-2.497
0.954,-1.843
1.013,-2.447
1.022,-2.532
0.926,-2.749
0.892,-2.899
0.733,-2.666
0.79,-1.928
0.723,-2.485
0.637,-3.17
0.518,-1.653
0.488,-0.996
0.5,-1.837
0.471,-0.025
0.495,-0.958
0.44,-0.569
0.419,-0.11
0.363,-3.874
0.427,-1.36
0.378,-0.055
0.343,-0.664
0.309,-3.14
0.187,-1.056
0.246,-0.214
0.22,-0.632
0.144,-3.277
-0.815,-3.923
-1.494,-3.888
-1.521,-3.948
-1.944,-4.208
-1.99,-4.017
-2.272,-4.313
-2.276,-4.211
-2.429,-3.936
-2.692,-3.963
3.112,-4.222
3.11,-3.959
2.758,-4.393
2.729,-4.162
2.488,-4.137
2.062,-4.322
1.895,-4.063
1.333,-4.041
1.248,-3.973
0.662,-3.995
0.686,-4.06
0.242,-3.87
-0.009,0.126
-0.253,0.338
-0.496,0.11
-1.332,0.297
-1.597,0.258
-1.794,0.238
-1.866,0.166
-1.988,0.4
-2.2,0.444
-2.364,0.229
-2.396,0.13
-2.743,0.451
1.602,0.379
1.651,0.221
1.481,0.429
1.453,0.425
1.374,0.403
1.177,0.086
0.642,0.39
0.399,0.5
0.259,0.172
-1.655,-3.684
-2.211,-0.169
-2.541,-3.456
-2.987,-0.01
1.416,-0.28
1.42,-2.379
1.371,-0.127
0.661,-3.556
0.419,-0.62
0.501,-0.892
-0.513,-4.051
2.456,-4.346
0.778,-4.279
-1.506,0.109
1.154,0.385
-0.061,-3.61
-0.093,-2.17
-0.133,-0.343
-0.251,-2.594
-0.105,-3.664
-0.26,-1.872
-0.354,-2.298
-0.365,-0.44
-0.549,-3.849
-0.606,-2.217
-0.53,-1.319
-0.548,-0.155
-0.792,-1.277
-0.956,-1.219
-0.839,-3.895
-0.847,-2.524
-0.845,-2.526
-0.89,-3.111
-0.86,-0.05
-0.955,-3.546
-1.109,-1.871
-1.145,-2.561
-1.167,-2.341
-1.105,-3.611
-1.258,-2.147
-1.182,-1.513
-1.196,-2.488
-1.328,-2.083
-1.448,-1.146
-1.707,-2.927
-1.56,-2.227
-1.772,-0.174
-1.799,-3.713
-1.834,-0.365
-1.782,-1.44
-1.944,-2.16
-1.948,-3.832
-1.839,-1.154
-1.972,-0.832
-2.002,-1.691
-2.003,-2.14
-2.032,-2.909
-1.937,-2.774
-1.925,-0.1
-2.048,-2.426
-1.97,-3.216
-2.101,-0.263
-2.116,-1.555
-2.162,-3.218
-2.144,-3.727
-2.344,-3.765
-2.402,-3.651
-2.404,-0.571
-2.298,-0.111
-2.375,-1.876
-2.392,-1.789
-2.471,-2.007
-2.445,-3.711
-2.616,-2.438
-2.656,-0.235
-2.795,-3.559
-2.774,-1.103
-2.816,-0.158
-2.688,-3.178
-2.989,-2.845
-2.853,-3.824
-2.99,-3.821
-2.984,-1.197
-3.052,-1.844
-3.055,-2.891
2.985,-2.896
3.139,-0.161
2.969,-1.032
2.958,0.025
3.089,-3.569
2.93,-2.376
2.902,-3.551
2.717,-0.374
2.71,-2.764
2.731,-1.76
2.754,-1.152
2.751,-1.485
2.588,-1.772
2.678,-1.917
2.553,-2.772
2.57,-1.123
2.354,-0.477
2.28,0.031
2.338,-0.194
2.197,-3.406
2.241,-0.45
2.062,-3.631
1.895,-1.519
1.82,-0.839
1.807,-3.785
1.839,-3.671
1.84,0.053
1.782,-1.78
1.615,-1.252
1.585,-3.733
1.451,-2.64
1.262,-2.052
1.288,-3.959
1.228,-3.959
1.334,-1.405
1.301,-1.971
1.316,-1.28
0.772,-2.992
0.764,-2.767
0.617,-1.771
0.641,-2.937
0.523,-2.851
0.615,-1.186
0.463,-1.906
0.574,-2.245
0.574,-1.345
0.436,-2.482
0.507,-2.15
0.308,-1.166
0.422,-3.586
0.205,-3.792
-0.452,-3.959
-0.335,-4.0
-0.538,-3.905
-0.997,-4.238
-0.969,-4.309
-1.232,-4.157
-1.152,-3.96
-1.264,-3.997
-1.946,-4.168
-1.88,-3.916
-1.854,-4.034
-2.191,-4.027
-2.353,-4.266
3.123,-4.127
3.128,-4.336
2.865,-4.11
2.859,-4.131
0.735,-4.224
0.25,-4.055
0.195,0.19
0.02,0.421
-0.779,0.476
-1.087,0.253
-1.746,0.156
-1.946,0.114
-2.95,0.242
-2.968,0.15
-3.085,0.158
2.773,0.285
2.37,0.154
1.696,0.329
1.239,0.183
0.977,0.167
-0.694,-1.804
-1.078,-1.803
-1.923,-2.428
2.294,-1.803
2.112,-1.187
1.392,-0.437
1.123,-0.224
0.531,-3.337
2.57,-1.494
1.883,-1.131
1.001,-1.199
0.984,-0.315
0.988,-0.881
0.924,-0.314
0.933,-1.881
0.905,-0.474
0.821,-1.089
0.783,-1.056
0.703,-1.738
0.671,-0.516
0.747,-0.407
0.615,-1.314
0.523,-1.747
-1.397,-2.698
-2.688,-1.569
0.941,-3.094
0.515,-1.637
0.259,-1.58
-1.467,-3.929
-1.585,-3.799
-3.03,-3.682
-2.017,0.005
-1.398,-3.868
-1.997,-4.044
-0.041,2.757
-0.071,1.724
-0.1,1.905
-0.236,2.013
-0.161,0.725
-0.168,1.145
-0.189,0.418
-0.286,0.936
-0.268,1.157
-0.354,2.4
-0.362,-0.008
-0.324,1.114
-0.406,2.314
-0.359,2.161
-0.375,0.268
-0.463,2.154
-0.471,2.066
-0.43,2.584
-0.496,0.665
-0.586,2.996
-0.56,-0.316
-0.627,2.745
-0.596,1.837
-0.689,1.759
-0.665,2.158
-0.768,1.302
-0.723,1.371
-0.76,3.03
-0.776,2.488
-0.844,-0.34
-0.877,2.099
-0.873,1.357
-0.854,2.277
-0.859,1.066
-0.936,2.151
-0.968,0.856
-0.899,1.679
-0.95,1.17
-0.999,0.623
-0.978,0.184
-1.082,-0.208
-1.239,1.388
-1.337,0.642
-1.35,0.928
-1.44,-0.297
-1.386,0.116
-1.495,1.399
-1.483,3.231
-1.519,0.204
-1.483,0.317
-1.541,0.736
-1.579,1.105
-1.556,0.741
-1.664,-0.247
-1.614,-0.027
-1.627,0.815
-1.718,1.454
-1.621,0.259
-1.71,-0.104
-1.835,0.733
-1.895,2.082
-1.833,2.229
-1.908,2.711
-1.892,1.389
-1.959,2.52
-1.944,-0.078
-2.051,2.478
-2.057,0.389
-2.076,1.135
-2.142,2.786
-2.134,1.871
-2.135,-0.114
-2.23,-0.253
-2.262,1.837
-2.192,0.871
-2.236,1.051
-2.267,0.124
-2.34,1.186
-2.349,2.176
-2.346,3.483
-2.279,1.65
-2.372,0.414
-2.4,3.232
-2.346,2.631
-2.434,1.867
-2.419,1.852
-2.494,1.246
-2.513,1.918
-2.444,1.687
-2.546,0.163
-2.493,2.521
-2.543,2.082
-2.617,1.981
-2.629,0.599
-2.593,2.342
-2.596,2.881
-2.597,0.151
-2.629,2.274
-2.708,1.417
-2.673,0.579
-2.722,1.529
-2.773,0.878
-2.793,-0.25
-2.745,1.724
-2.765,1.239
-2.845,-0.392
-2.887,1.89
-2.841,-0.191
-2.84,3.001
-2.942,2.744
-2.99,2.072
-3.059,2.448
-3.124,2.614
-3.065,2.29
-3.114,0.732
-3.125,2.719
3.027,2.393
3.023,3.277
3.071,1.297
2.97,3.496
2.885,1.264
2.838,0.528
2.827,-0.175
2.833,2.523
2.785,2.326
2.824,2.792
2.776,2.954
2.64,1.446
2.691,1.174
2.694,2.329
2.58,-0.336
2.623,0.116
2.529,1.702
2.603,3.067
2.509,1.791
2.543,-0.397
2.497,2.63
2.561,2.978
2.486,2.083
2.476,2.301
2.449,-0.529
2.388,1.899
2.412,-0.35
2.388,3.435
2.298,0.426
2.154,1.757
2.197,1.057
2.111,3.087
2.068,1.662
2.086,0.659
1.972,2.104
1.972,0.137
1.903,1.2
1.836,3.128
1.751,3.364
1.648,1.477
1.657,0.178
1.64,1.915
1.551,0.632
1.492,0.902
1.454,0.186
1.431,0.83
1.505,1.648
1.492,1.565
1.396,2.519
1.434,1.127
1.365,2.498
1.33,1.708
1.335,2.704
1.275,1.417
1.325,3.125
1.323,-0.423
1.229,1.38
1.277,2.866
1.263,0.742
1.289,3.035
1.215,2.782
1.222,1.334
1.21,2.64
1.226,1.292
1.159,2.637
1.216,1.43
1.108,3.368
1.173,1.393
1.173,-0.398
1.107,2.676
1.067,2.115
1.029,0.732
1.08,2.865
1.077,2.34
1.074,0.919
0.963,1.573
1.022,0.969
1.031,0.884
0.935,0.667
0.901,0.517
0.742,0.75
0.799,1.488
0.732,0.931
0.646,0.246
0.527,1.763
0.497,2.42
0.509,1.579
0.48,3.391
0.504,2.458
0.449,2.847
0.428,3.306
0.372,-0.458
0.436,2.056
0.387,3.361
0.352,2.752
0.318,0.276
0.196,2.36
0.255,3.202
0.229,2.784
0.153,0.139
-0.806,-0.507
-1.485,-0.472
-1.512,-0.532
-1.935,-0.792
-1.981,-0.601
-2.263,-0.897
-2.267,-0.795
-2.42,-0.52
-2.683,-0.547
3.121,-0.806
3.119,-0.543
2.767,-0.977
2.738,-0.746
2.497,-0.721
2.071,-0.906
1.904,-0.647
1.342,-0.625
1.257,-0.557
0.671,-0.579
0.695,-0.644
0.251,-0.454
0.0,3.542
-0.244,3.754
-0.487,3.526
-1.323,3.713
-1.588,3.674
-1.785,3.654
-1.857,3.582
-1.979,3.816
-2.191,3.86
-2.355,3.645
-2.387,3.546
-2.734,3.867
1.611,3.795
1.66,3.637
1.49,3.845
1.462,3.841
1.383,3.819
1.186,3.502
0.651,3.806
0.408,3.916
0.268,3.588
-1.646,-0.268
-2.202,3.247
-2.532,-0.04
-2.978,3.406
1.425,3.136
1.429,1.037
1.38,3.289
0.67,-0.14
0.428,2.796
0.51,2.524
-0.504,-0.635
2.465,-0.93
0.787,-0.863
-1.497,3.525
1.163,3.801
-0.052,-0.194
-0.084,1.246
-0.124,3.073
-0.242,0.822
-0.096,-0.248
-0.251,1.544
-0.345,1.118
-0.356,2.976
-0.54,-0.433
-0.597,1.199
-0.521,2.097
-0.539,3.261
-0.783,2.139
-0.947,2.197
-0.83,-0.479
-0.838,0.892
-0.836,0.89
-0.881,0.305
-0.851,3.366
-0.946,-0.13
-1.1,1.545
-1.136,0.855
-1.158,1.075
-1.096,-0.195
-1.249,1.269
-1.173,1.903
-1.187,0.928
-1.319,1.333
-1.439,2.27
-1.698,0.489
-1.551,1.189
-1.763,3.242
-1.79,-0.297
-1.825,3.051
-1.773,1.976
-1.935,1.256
-1.939,-0.416
-1.83,2.262
-1.963,2.584
-1.993,1.725
-1.994,1.276
-2.023,0.507
-1.928,0.642
-1.916,3.316
-2.039,0.99
-1.961,0.2
-2.092,3.153
-2.107,1.861
-2.153,0.198
-2.135,-0.311
-2.335,-0.349
-2.393,-0.235
-2.395,2.845
-2.289,3.305
-2.366,1.54
-2.383,1.627
-2.462,1.409
-2.436,-0.295
-2.607,0.978
-2.647,3.181
-2.786,-0.143
-2.765,2.313
-2.807,3.258
-2.679,0.238
-2.98,0.571
-2.844,-0.408
-2.981,-0.405
-2.975,2.219
-3.043,1.572
-3.046,0.525
2.994,0.52
-3.135,3.255
2.978,2.384
2.967,3.441
3.098,-0.153
2.939,1.04
2.911,-0.135
2.726,3.042
2.719,0.652
2.74,1.656
2.763,2.264
2.76,1.931
2.597,1.644
2.687,1.499
2.562,0.644
2.579,2.293
2.363,2.939
2.289,3.447
2.347,3.222
2.206,0.01
2.25,2.966
2.071,-0.215
1.904,1.897
1.829,2.577
1.816,-0.369
1.848,-0.255
1.849,3.469
1.791,1.636
1.624,2.164
1.594,-0.317
1.46,0.776
1.271,1.364
1.297,-0.543
1.237,-0.543
1.343,2.011
1.31,1.445
1.325,2.136
0.781,0.424
0.773,0.649
0.626,1.645
0.65,0.479
0.532,0.565
0.624,2.23
0.472,1.51
0.583,1.171
0.583,2.071
0.445,0.934
0.516,1.266
0.317,2.25
0.431,-0.17
0.214,-0.376
-0.443,-0.543
-0.326,-0.584
-0.529,-0.489
-0.988,-0.822
-0.96,-0.893
-1.223,-0.741
-1.143,-0.544
-1.255,-0.581
-1.937,-0.752
-1.871,-0.5
-1.845,-0.618
-2.182,-0.611
-2.344,-0.85
3.132,-0.711
3.137,-0.92
2.874,-0.694
2.868,-0.715
0.744,-0.808
0.259,-0.639
0.204,3.606
0.029,3.837
-0.77,3.892
-1.078,3.669
-1.737,3.572
-1.937,3.53
-2.941,3.658
-2.959,3.566
-3.076,3.574
2.782,3.701
2.379,3.57
1.705,3.745
1.248,3.599
0.986,3.583
-0.685,1.612
-1.069,1.613
-1.914,0.988
2.303,1.613
2.121,2.229
1.401,2.979
1.132,3.192
0.54,0.079
2.579,1.922
1.892,2.285
1.01,2.217
0.993,3.101
0.997,2.535
0.933,3.102
0.942,1.535
0.914,2.942
0.83,2.327
0.792,2.36
0.712,1.678
0.68,2.9
0.756,3.009
0.624,2.102
0.532,1.669
-1.388,0.718
-2.679,1.847
0.95,0.322
0.524,1.779
0.268,1.836
-1.458,-0.513
-1.576,-0.383
-3.021,-0.266
-2.008,3.421
-1.389,-0.452
-1.988,-0.628
-0.03,-1.033
-0.059,-0.852
-0.195,-0.744
-0.12,-2.032
-0.127,-1.612
-0.148,-2.339
-0.245,-1.821
-0.227,-1.6
-0.313,-0.357
-0.321,-2.765
-0.283,-1.643
-0.365,-0.443
-0.318,-0.596
-0.334,-2.489
-0.422,-0.603
-0.43,-0.691
-0.389,-0.173
-0.455,-2.092
-0.545,0.239
-0.519,-3.073
-0.586,-0.012
-0.555,-0.92
-0.648,-0.998
-0.624,-0.599
-0.727,-1.455
-0.682,-1.386
-0.719,0.273
-0.735,-0.269
-0.803,-3.097
-0.836,-0.658
-0.832,-1.4
-0.813,-0.48
-0.818,-1.691
-0.895,-0.606
-0.927,-1.901
-0.858,-1.078
-0.909,-1.587
-0.958,-2.134
-0.937,-2.573
-1.041,-2.965
-1.198,-1.369
-1.296,-2.115
-1.309,-1.829
-1.399,-3.054
-1.345,-2.641
-1.454,-1.358
-1.442,0.474
-1.478,-2.553
-1.442,-2.44
-1.5,-2.021
-1.538,-1.652
-1.515,-2.016
-1.623,-3.004
-1.573,-2.784
-1.586,-1.942
-1.677,-1.303
-1.58,-2.498
-1.669,-2.861
-1.794,-2.024
-1.854,-0.675
-1.792,-0.528
-1.867,-0.046
-1.851,-1.368
-1.918,-0.237
-1.903,-2.835
-2.01,-0.279
-2.016,-2.368
-2.035,-1.622
-2.101,0.029
-2.093,-0.886
-2.094,-2.871
-2.189,-3.01
-2.221,-0.92
-2.151,-1.886
-2.195,-1.706
-2.226,-2.633
-2.299,-1.571
-2.308,-0.581
-2.305,0.726
-2.238,-1.107
-2.331,-2.343
-2.359,0.475
-2.305,-0.126
-2.393,-0.89
-2.378,-0.905
-2.453,-1.511
-2.472,-0.839
-2.403,-1.07
-2.505,-2.594
-2.452,-0.236
-2.502,-0.675
-2.576,-0.776
-2.588,-2.158
-2.552,-0.415
-2.555,0.124
-2.556,-2.606
-2.588,-0.483
-2.667,-1.34
-2.632,-2.178
-2.681,-1.228
-2.732,-1.879
-2.752,-3.007
-2.704,-1.033
-2.724,-1.518
-2.804,-3.149
-2.846,-0.867
-2.8,-2.948
-2.799,0.244
-2.901,-0.013
-2.949,-0.685
-3.018,-0.309
-3.083,-0.143
-3.024,-0.467
-3.073,-2.025
-3.084,-0.038
3.068,-0.364
3.064,0.52
3.112,-1.46
3.011,0.739
2.926,-1.493
2.879,-2.229
2.868,-2.932
2.874,-0.234
2.826,-0.431
2.865,0.035
2.817,0.197
2.681,-1.311
2.732,-1.583
2.735,-0.428
2.621,-3.093
2.664,-2.641
2.57,-1.055
2.644,0.31
2.55,-0.966
2.584,-3.154
2.538,-0.127
2.602,0.221
2.527,-0.674
2.517,-0.456
2.49,-3.286
2.429,-0.858
2.453,-3.107
2.429,0.678
2.339,-2.331
2.195,-1.0
2.238,-1.7
2.152,0.33
2.109,-1.095
2.127,-2.098
2.013,-0.653
2.013,-2.62
1.944,-1.557
1.877,0.371
1.792,0.607
1.689,-1.28
1.698,-2.579
1.681,-0.842
1.592,-2.125
1.533,-1.855
1.495,-2.571
1.472,-1.927
1.546,-1.109
1.533,-1.192
1.437,-0.238
1.475,-1.63
1.406,-0.259
1.371,-1.049
1.376,-0.053
1.316,-1.34
1.366,0.368
1.364,-3.18
1.27,-1.377
1.318,0.109
1.304,-2.015
1.33,0.278
1.256,0.025
1.263,-1.423
1.251,-0.117
1.267,-1.465
1.2,-0.12
1.257,-1.327
1.149,0.611
1.214,-1.364
1.214,-3.155
1.148,-0.081
1.108,-0.642
1.07,-2.025
1.121,0.108
1.118,-0.417
1.115,-1.838
1.004,-1.184
1.063,-1.788
1.072,-1.873
0.976,-2.09
0.942,-2.24
0.783,-2.007
0.84,-1.269
0.773,-1.826
0.687,-2.511
0.568,-0.994
0.538,-0.337
0.55,-1.178
0.521,0.634
0.545,-0.299
0.49,0.09
0.469,0.549
0.413,-3.215
0.477,-0.701
0.428,0.604
0.393,-0.005
0.359,-2.481
0.237,-0.397
0.296,0.445
0.27,0.027
0.194,-2.618
-0.765,-3.264
-1.444,-3.229
-1.471,-3.289
-1.894,-3.549
-1.94,-3.358
-2.222,-3.654
-2.226,-3.552
-2.379,-3.277
-2.642,-3.304
-3.121,-3.563
-3.123,-3.3
2.808,-3.734
2.779,-3.503
2.538,-3.478
2.112,-3.663
1.945,-3.404
1.383,-3.382
1.298,-3.314
0.712,-3.336
0.736,-3.401
0.292,-3.211
0.041,0.785
-0.203,0.997
-0.446,0.769
-1.282,0.956
-1.547,0.917
-1.744,0.897
-1.816,0.825
-1.938,1.059
-2.15,1.103
-2.314,0.888
-2.346,0.789
-2.693,1.11
1.652,1.038
1.701,0.88
1.531,1.088
1.503,1.084
1.424,1.062
1.227,0.745
0.692,1.049
0.449,1.159
0.309,0.831
-1.605,-3.025
-2.161,0.49
-2.491,-2.797
-2.937,0.649
1.466,0.379
1.47,-1.72
1.421,0.532
0.711,-2.897
0.469,0.039
0.551,-0.233
-0.463,-3.392
2.506,-3.687
0.828,-3.62
-1.456,0.768
1.204,1.044
-0.011,-2.951
-0.043,-1.511
-0.083,0.316
-0.201,-1.935
-0.055,-3.005
-0.21,-1.213
-0.304,-1.639
-0.315,0.219
-0.499,-3.19
-0.556,-1.558
-0.48,-0.66
-0.498,0.504
-0.742,-0.618
-0.906,-0.56
-0.789,-3.236
-0.797,-1.865
-0.795,-1.867
-0.84,-2.452
-0.81,0.609
-0.905,-2.887
-1.059,-1.212
-1.095,-1.902
-1.117,-1.682
-1.055,-2.952
-1.208,-1.488
-1.132,-0.854
-1.146,-1.829
-1.278,-1.424
-1.398,-0.487
-1.657,-2.268
-1.51,-1.568
-1.722,0.485
-1.749,-3.054
-1.784,0.294
-1.732,-0.781
-1.894,-1.501
-1.898,-3.173
-1.789,-0.495
-1.922,-0.173
-1.952,-1.032
-1.953,-1.481
-1.982,-2.25
-1.887,-2.115
-1.875,0.559
-1.998,-1.767
-1.92,-2.557
-2.051,0.396
-2.066,-0.896
-2.112,-2.559
-2.094,-3.068
-2.294,-3.106
-2.352,-2.992
-2.354,0.088
-2.248,0.548
-2.325,-1.217
-2.342,-1.13
-2.421,-1.348
-2.395,-3.052
-2.566,-1.779
-2.606,0.424
-2.745,-2.9
-2.724,-0.444
-2.766,0.501
-2.638,-2.519
-2.939,-2.186
-2.803,-3.165
-2.94,-3.162
-2.934,-0.538
-3.002,-1.185
-3.005,-2.232
3.035,-2.237
-3.094,0.498
3.019,-0.373
3.008,0.684
3.139,-2.91
2.98,-1.717
2.952,-2.892
2.767,0.285
2.76,-2.105
2.781,-1.101
2.804,-0.493
2.801,-0.826
2.638,-1.113
2.728,-1.258
2.603,-2.113
2.62,-0.464
2.404,0.182
2.33,0.69
2.388,0.465
2.247,-2.747
2.291,0.209
2.112,-2.972
1.945,-0.86
1.87,-0.18
1.857,-3.126
1.889,-3.012
1.89,0.712
1.832,-1.121
1.665,-0.593
1.635,-3.074
1.501,-1.981
1.312,-1.393
1.338,-3.3
1.278,-3.3
1.384,-0.746
1.351,-1.312
1.366,-0.621
0.822,-2.333
0.814,-2.108
0.667,-1.112
0.691,-2.278
0.573,-2.192
0.665,-0.527
0.513,-1.247
0.624,-1.586
0.624,-0.686
0.486,-1.823
0.557,-1.491
0.358,-0.507
0.472,-2.927
0.255,-3.133
-0.402,-3.3
-0.285,-3.341
-0.488,-3.246
-0.947,-3.579
-0.919,-3.65
-1.182,-3.498
-1.102,-3.301
-1.214,-3.338
-1.896,-3.509
-1.83,-3.257
-1.804,-3.375
-2.141,-3.368
-2.303,-3.607
-3.11,-3.468
-3.105,-3.677
2.915,-3.451
2.909,-3.472
0.785,-3.565
0.3,-3.396
0.245,0.849
0.07,1.08
-0.729,1.135
-1.037,0.912
-1.696,0.815
-1.896,0.773
-2.9,0.901
-2.918,0.809
-3.035,0.817
2.823,0.944
2.42,0.813
1.746,0.988
1.289,0.842
1.027,0.826
-0.644,-1.145
-1.028,-1.144
-1.873,-1.769
2.344,-1.144
2.162,-0.528
1.442,0.222
1.173,0.435
0.581,-2.678
2.62,-0.835
1.933,-0.472
1.051,-0.54
1.034,0.344
1.038,-0.222
0.974,0.345
0.983,-1.222
0.955,0.185
0.871,-0.43
0.833,-0.397
0.753,-1.079
0.721,0.143
0.797,0.252
0.665,-0.655
0.573,-1.088
-1.347,-2.039
-2.638,-0.91
0.991,-2.435
0.565,-0.978
0.309,-0.921
-1.417,-3.27
-1.535,-3.14
-2.98,-3.023
-1.967,0.664
-1.348,-3.209
-1.947,-3.385
-0.029,0.181
-0.165,0.289
-0.09,-0.999
-0.097,-0.579
-0.118,-1.306
-0.215,-0.788
-0.197,-0.567
-0.283,0.676
-0.291,-1.732
-0.253,-0.61
-0.335,0.59
-0.288,0.437
-0.304,-1.456
-0.392,0.43
-0.4,0.342
-0.359,0.86
-0.425,-1.059
-0.515,1.272
-0.489,-2.04
-0.556,1.021
-0.525,0.113
-0.618,0.035
-0.594,0.434
-0.697,-0.422
-0.652,-0.353
-0.689,1.306
-0.705,0.764
-0.773,-2.064
-0.806,0.375
-0.802,-0.367
-0.783,0.553
-0.788,-0.658
-0.865,0.427
-0.897,-0.868
-0.828,-0.045
-0.879,-0.554
-0.928,-1.101
-0.907,-1.54
-1.011,-1.932
-1.168,-0.336
-1.266,-1.082
-1.279,-0.796
-1.369,-2.021
-1.315,-1.608
-1.424,-0.325
-1.412,1.507
-1.448,-1.52
-1.412,-1.407
-1.47,-0.988
-1.508,-0.619
-1.485,-0.983
-1.593,-1.971
-1.543,-1.751
-1.556,-0.909
-1.647,-0.27
-1.55,-1.465
-1.639,-1.828
-1.764,-0.991
-1.824,0.358
-1.762,0.505
-1.837,0.987
-1.821,-0.335
-1.888,0.796
-1.873,-1.802
-1.98,0.754
-1.986,-1.335
-2.005,-0.589
-2.071,1.062
-2.063,0.147
-2.064,-1.838
-2.159,-1.977
-2.191,0.113
-2.121,-0.853
-2.165,-0.673
-2.196,-1.6
-2.269,-0.538
-2.278,0.452
-2.275,1.759
-2.208,-0.074
-2.301,-1.31
-2.329,1.508
-2.275,0.907
-2.363,0.143
-2.348,0.128
-2.423,-0.478
-2.442,0.194
-2.373,-0.037
-2.475,-1.561
-2.422,0.797
-2.472,0.358
-2.546,0.257
-2.558,-1.125
-2.522,0.618
-2.525,1.157
-2.526,-1.573
-2.558,0.55
-2.637,-0.307
-2.602,-1.145
-2.651,-0.195
-2.702,-0.846
-2.722,-1.974
-2.674,0.0
-2.694,-0.485
-2.774,-2.116
-2.816,0.166
-2.77,-1.915
-2.769,1.277
-2.871,1.02
-2.919,0.348
-2.988,0.724
-3.053,0.89
-2.994,0.566
-3.043,-0.992
-3.054,0.995
3.098,0.669
3.094,1.553
-3.141,-0.427
3.041,1.772
2.956,-0.46
2.909,-1.196
2.898,-1.899
2.904,0.799
2.856,0.602
2.895,1.068
2.847,1.23
2.711,-0.278
2.762,-0.55
2.765,0.605
2.651,-2.06
2.694,-1.608
2.6,-0.022
2.674,1.343
2.58,0.067
2.614,-2.121
2.568,0.906
2.632,1.254
2.557,0.359
2.547,0.577
2.52,-2.253
2.459,0.175
2.483,-2.074
2.459,1.711
2.369,-1.298
2.225,0.033
2.268,-0.667
2.182,1.363
2.139,-0.062
2.157,-1.065
2.043,0.38
2.043,-1.587
1.974,-0.524
1.907,1.404
1.822,1.64
1.719,-0.247
1.728,-1.546
1.711,0.191
1.622,-1.092
1.563,-0.822
1.525,-1.538
1.502,-0.894
1.576,-0.076
1.563,-0.159
1.467,0.795
1.505,-0.597
1.436,0.774
1.401,-0.016
1.406,0.98
1.346,-0.307
1.396,1.401
1.394,-2.147
1.3,-0.344
1.348,1.142
1.334,-0.982
1.36,1.311
1.286,1.058
1.293,-0.39
1.281,0.916
1.297,-0.432
1.23,0.913
1.287,-0.294
1.179,1.644
1.244,-0.331
1.244,-2.122
1.178,0.952
1.138,0.391
1.1,-0.992
1.151,1.141
1.148,0.616
1.145,-0.805
1.034,-0.151
1.093,-0.755
1.102,-0.84
1.006,-1.057
0.972,-1.207
0.813,-0.974
0.87,-0.236
0.803,-0.793
0.717,-1.478
0.598,0.039
0.568,0.696
0.58,-0.145
0.551,1.667
0.575,0.734
0.52,1.123
0.499,1.582
0.443,-2.182
0.507,0.332
0.458,1.637
0.423,1.028
0.389,-1.448
0.267,0.636
0.326,1.478
0.3,1.06
0.224,-1.585
-0.735,-2.231
-1.414,-2.196
-1.441,-2.256
-1.864,-2.516
-1.91,-2.325
-2.192,-2.621
-2.196,-2.519
-2.349,-2.244
-2.612,-2.271
-3.091,-2.53
-3.093,-2.267
2.838,-2.701
2.809,-2.47
2.568,-2.445
2.142,-2.63
1.975,-2.371
1.413,-2.349
1.328,-2.281
0.742,-2.303
0.766,-2.368
0.322,-2.178
0.071,1.818
-0.173,2.03
-0.416,1.802
-1.252,1.989
-1.517,1.95
-1.714,1.93
-1.786,1.858
-1.908,2.092
-2.12,2.136
-2.284,1.921
-2.316,1.822
-2.663,2.143
1.682,2.071
1.731,1.913
1.561,2.121
1.533,2.117
1.454,2.095
1.257,1.778
0.722,2.082
0.479,2.192
0.339,1.864
-1.575,-1.992
-2.131,1.523
-2.461,-1.764
-2.907,1.682
1.496,1.412
1.5,-0.687
1.451,1.565
0.741,-1.864
0.499,1.072
0.581,0.8
-0.433,-2.359
2.536,-2.654
0.858,-2.587
-1.426,1.801
1.234,2.077
0.019,-1.918
-0.013,-0.478
-0.053,1.349
-0.171,-0.902
-0.025,-1.972
-0.18,-0.18
-0.274,-0.606
-0.285,1.252
-0.469,-2.157
-0.526,-0.525
-0.45,0.373
-0.468,1.537
-0.712,0.415
-0.876,0.473
-0.759,-2.203
-0.767,-0.832
-0.765,-0.834
-0.81,-1.419
-0.78,1.642
-0.875,-1.854
-1.029,-0.179
-1.065,-0.869
-1.087,-0.649
-1.025,-1.919
-1.178,-0.455
-1.102,0.179
-1.116,-0.796
-1.248,-0.391
-1.368,0.546
-1.627,-1.235
-1.48,-0.535
-1.692,1.518
-1.719,-2.021
-1.754,1.327
-1.702,0.252
-1.864,-0.468
-1.868,-2.14
-1.759,0.538
-1.892,0.86
-1.922,0.001
-1.923,-0.448
-1.952,-1.217
-1.857,-1.082
-1.845,1.592
-1.968,-0.734
-1.89,-1.524
-2.021,1.429
-2.036,0.137
-2.082,-1.526
-2.064,-2.035
-2.264,-2.073
-2.322,-1.959
-2.324,1.121
-2.218,1.581
-2.295,-0.184
-2.312,-0.097
-2.391,-0.315
-2.365,-2.019
-2.536,-0.746
-2.576,1.457
-2.715,-1.867
-2.694,0.589
-2.736,1.534
-2.608,-1.486
-2.909,-1.153
-2.773,-2.132
-2.91,-2.129
-2.904,0.495
-2.972,-0.152
-2.975,-1.199
3.065,-1.204
-3.064,1.531
3.049,0.66
3.038,1.717
-3.114,-1.877
3.01,-0.684
2.982,-1.859
2.797,1.318
2.79,-1.072
2.811,-0.068
2.834,0.54
2.831,0.207
2.668,-0.08
2.758,-0.225
2.633,-1.08
2.65,0.569
2.434,1.215
2.36,1.723
2.418,1.498
2.277,-1.714
2.321,1.242
2.142,-1.939
1.975,0.173
1.9,0.853
1.887,-2.093
1.919,-1.979
1.92,1.745
1.862,-0.088
1.695,0.44
1.665,-2.041
1.531,-0.948
1.342,-0.36
1.368,-2.267
1.308,-2.267
1.414,0.287
1.381,-0.279
1.396,0.412
0.852,-1.3
0.844,-1.075
0.697,-0.079
0.721,-1.245
0.603,-1.159
0.695,0.506
0.543,-0.214
0.654,-0.553
0.654,0.347
0.516,-0.79
0.587,-0.458
0.388,0.526
0.502,-1.894
0.285,-2.1
-0.372,-2.267
-0.255,-2.308
-0.458,-2.213
-0.917,-2.546
-0.889,-2.617
-1.152,-2.465
-1.072,-2.268
-1.184,-2.305
-1.866,-2.476
-1.8,-2.224
-1.774,-2.342
-2.111,-2.335
-2.273,-2.574
-3.08,-2.435
-3.075,-2.644
2.945,-2.418
2.939,-2.439
0.815,-2.532
0.33,-2.363
0.275,1.882
0.1,2.113
-0.699,2.168
-1.007,1.945
-1.666,1.848
-1.866,1.806
-2.87,1.934
-2.888,1.842
-3.005,1.85
2.853,1.977
2.45,1.846
1.776,2.021
1.319,1.875
1.057,1.859
-0.614,-0.112
-0.998,-0.111
-1.843,-0.736
2.374,-0.111
2.192,0.505
1.472,1.255
1.203,1.468
0.611,-1.645
2.65,0.198
1.963,0.561
1.081,0.493
1.064,1.377
1.068,0.811
1.004,1.378
1.013,-0.189
0.985,1.218
0.901,0.603
0.863,0.636
0.783,-0.046
0.751,1.176
0.827,1.285
0.695,0.378
0.603,-0.055
-1.317,-1.006
-2.608,0.123
1.021,-1.402
0.595,0.055
0.339,0.112
-1.387,-2.237
-1.505,-2.107
-2.95,-1.99
-1.937,1.697
-1.318,-2.176
-1.917,-2.352
-0.136,0.108
-0.061,-1.18
-0.068,-0.76
-0.089,-1.487
-0.186,-0.969
-0.168,-0.748
-0.254,0.495
-0.262,-1.913
-0.224,-0.791
-0.306,0.409
-0.259,0.256
-0.275,-1.637
-0.363,0.249
-0.371,0.161
-0.33,0.679
-0.396,-1.24
-0.486,1.091
-0.46,-2.221
-0.527,0.84
-0.496,-0.068
-0.589,-0.146
-0.565,0.253
-0.668,-0.603
-0.623,-0.534
-0.66,1.125
-0.676,0.583
-0.744,-2.245
-0.777,0.194
-0.773,-0.548
-0.754,0.372
-0.759,-0.839
-0.836,0.246
-0.868,-1.049
-0.799,-0.226
-0.85,-0.735
-0.899,-1.282
-0.878,-1.721
-0.982,-2.113
-1.139,-0.517
-1.237,-1.263
-1.25,-0.977
-1.34,-2.202
-1.286,-1.789
-1.395,-0.506
-1.383,1.326
-1.419,-1.701
-1.383,-1.588
-1.441,-1.169
-1.479,-0.8
-1.456,-1.164
-1.564,-2.152
-1.514,-1.932
-1.527,-1.09
-1.618,-0.451
-1.521,-1.646
-1.61,-2.009
-1.735,-1.172
-1.795,0.177
-1.733,0.324
-1.808,0.806
-1.792,-0.516
-1.859,0.615
-1.844,-1.983
-1.951,0.573
-1.957,-1.516
-1.976,-0.77
-2.042,0.881
-2.034,-0.034
-2.035,-2.019
-2.13,-2.158
-2.162,-0.068
-2.092,-1.034
-2.136,-0.854
-2.167,-1.781
-2.24,-0.719
-2.249,0.271
-2.246,1.578
-2.179,-0.255
-2.272,-1.491
-2.3,1.327
-2.246,0.726
-2.334,-0.038
-2.319,-0.053
-2.394,-0.659
-2.413,0.013
-2.344,-0.218
-2.446,-1.742
-2.393,0.616
-2.443,0.177
-2.517,0.076
-2.529,-1.306
-2.493,0.437
-2.496,0.976
-2.497,-1.754
-2.529,0.369
-2.608,-0.488
-2.573,-1.326
-2.622,-0.376
-2.673,-1.027
-2.693,-2.155
-2.645,-0.181
-2.665,-0.666
-2.745,-2.297
-2.787,-0.015
-2.741,-2.096
-2.74,1.096
-2.842,0.839
-2.89,0.167
-2.959,0.543
-3.024,0.709
-2.965,0.385
-3.014,-1.173
-3.025,0.814
3.127,0.488
3.123,1.372
-3.112,-0.608
3.07,1.591
2.985,-0.641
2.938,-1.377
2.927,-2.08
2.933,0.618
2.885,0.421
2.924,0.887
2.876,1.049
2.74,-0.459
2.791,-0.731
2.794,0.424
2.68,-2.241
2.723,-1.789
2.629,-0.203
2.703,1.162
2.609,-0.114
2.643,-2.302
2.597,0.725
2.661,1.073
2.586,0.178
2.576,0.396
2.549,-2.434
2.488,-0.006
2.512,-2.255
2.488,1.53
2.398,-1.479
2.254,-0.148
2.297,-0.848
2.211,1.182
2.168,-0.243
2.186,-1.246
2.072,0.199
2.072,-1.768
2.003,-0.705
1.936,1.223
1.851,1.459
1.748,-0.428
1.757,-1.727
1.74,0.01
1.651,-1.273
1.592,-1.003
1.554,-1.719
1.531,-1.075
1.605,-0.257
1.592,-0.34
1.496,0.614
1.534,-0.778
1.465,0.593
1.43,-0.197
1.435,0.799
1.375,-0.488
1.425,1.22
1.423,-2.328
1.329,-0.525
1.377,0.961
1.363,-1.163
1.389,1.13
1.315,0.877
1.322,-0.571
1.31,0.735
1.326,-0.613
1.259,0.732
1.316,-0.475
1.208,1.463
1.273,-0.512
1.273,-2.303
1.207,0.771
1.167,0.21
1.129,-1.173
1.18,0.96
1.177,0.435
1.174,-0.986
1.063,-0.332
1.122,-0.936
1.131,-1.021
1.035,-1.238
1.001,-1.388
0.842,-1.155
0.899,-0.417
0.832,-0.974
0.746,-1.659
0.627,-0.142
0.597,0.515
0.609,-0.326
0.58,1.486
0.604,0.553
0.549,0.942
0.528,1.401
0.472,-2.363
0.536,0.151
0.487,1.456
0.452,0.847
0.418,-1.629
0.296,0.455
0.355,1.297
0.329,0.879
0.253,-1.766
-0.706,-2.412
-1.385,-2.377
-1.412,-2.437
-1.835,-2.697
-1.881,-2.506
-2.163,-2.802
-2.167,-2.7
-2.32,-2.425
-2.583,-2.452
-3.062,-2.711
-3.064,-2.448
2.867,-2.882
2.838,-2.651
2.597,-2.626
2.171,-2.811
2.004,-2.552
1.442,-2.53
1.357,-2.462
0.771,-2.484
0.795,-2.549
0.351,-2.359
0.1,1.637
-0.144,1.849
-0.387,1.621
-1.223,1.808
-1.488,1.769
-1.685,1.749
-1.757,1.677
-1.879,1.911
-2.091,1.955
-2.255,1.74
-2.287,1.641
-2.634,1.962
1.711,1.89
1.76,1.732
1.59,1.94
1.562,1.936
1.483,1.914
1.286,1.597
0.751,1.901
0.508,2.011
0.368,1.683
-1.546,-2.173
-2.102,1.342
-2.432,-1.945
-2.878,1.501
1.525,1.231
1.529,-0.868
1.48,1.384
0.77,-2.045
0.528,0.891
0.61,0.619
-0.404,-2.54
2.565,-2.835
0.887,-2.768
-1.397,1.62
1.263,1.896
0.048,-2.099
0.016,-0.659
-0.024,1.168
-0.142,-1.083
0.004,-2.153
-0.151,-0.361
-0.245,-0.787
-0.256,1.071
-0.44,-2.338
-0.497,-0.706
-0.421,0.192
-0.439,1.356
-0.683,0.234
-0.847,0.292
-0.73,-2.384
-0.738,-1.013
-0.736,-1.015
-0.781,-1.6
-0.751,1.461
-0.846,-2.035
-1.0,-0.36
-1.036,-1.05
-1.058,-0.83
-0.996,-2.1
-1.149,-0.636
-1.073,-0.002
-1.087,-0.977
-1.219,-0.572
-1.339,0.365
-1.598,-1.416
-1.451,-0.716
-1.663,1.337
-1.69,-2.202
-1.725,1.146
-1.673,0.071
-1.835,-0.649
-1.839,-2.321
-1.73,0.357
-1.863,0.679
-1.893,-0.18
-1.894,-0.629
-1.923,-1.398
-1.828,-1.263
-1.816,1.411
-1.939,-0.915
-1.861,-1.705
-1.992,1.248
-2.007,-0.044
-2.053,-1.707
-2.035,-2.216
-2.235,-2.254
-2.293,-2.14
-2.295,0.94
-2.189,1.4
-2.266,-0.365
-2.283,-0.278
-2.362,-0.496
-2.336,-2.2
-2.507,-0.927
-2.547,1.276
-2.686,-2.048
-2.665,0.408
-2.707,1.353
-2.579,-1.667
-2.88,-1.334
-2.744,-2.313
-2.881,-2.31
-2.875,0.314
-2.943,-0.333
-2.946,-1.38
3.094,-1.385
-3.035,1.35
3.078,0.479
3.067,1.536
-3.085,-2.058
3.039,-0.865
3.011,-2.04
2.826,1.137
2.819,-1.253
2.84,-0.249
2.863,0.359
2.86,0.026
2.697,-0.261
2.787,-0.406
2.662,-1.261
2.679,0.388
2.463,1.034
2.389,1.542
2.447,1.317
2.306,-1.895
2.35,1.061
2.171,-2.12
2.004,-0.008
1.929,0.672
1.916,-2.274
1.948,-2.16
1.949,1.564
1.891,-0.269
1.724,0.259
1.694,-2.222
1.56,-1.129
1.371,-0.541
1.397,-2.448
1.337,-2.448
1.443,0.106
1.41,-0.46
1.425,0.231
0.881,-1.481
0.873,-1.256
0.726,-0.26
0.75,-1.426
0.632,-1.34
0.724,0.325
0.572,-0.395
0.683,-0.734
0.683,0.166
0.545,-0.971
0.616,-0.639
0.417,0.345
0.531,-2.075
0.314,-2.281
-0.343,-2.448
-0.226,-2.489
-0.429,-2.394
-0.888,-2.727
-0.86,-2.798
-1.123,-2.646
-1.043,-2.449
-1.155,-2.486
-1.837,-2.657
-1.771,-2.405
-1.745,-2.523
-2.082,-2.516
-2.244,-2.755
-3.051,-2.616
-3.046,-2.825
2.974,-2.599
2.968,-2.62
0.844,-2.713
0.359,-2.544
0.304,1.701
0.129,1.932
-0.67,1.987
-0.978,1.764
-1.637,1.667
-1.837,1.625
-2.841,1.753
-2.859,1.661
-2.976,1.669
2.882,1.796
2.479,1.665
1.805,1.84
1.348,1.694
1.086,1.678
-0.585,-0.293
-0.969,-0.292
-1.814,-0.917
2.403,-0.292
2.221,0.324
1.501,1.074
1.232,1.287
0.64,-1.826
2.679,0.017
1.992,0.38
1.11,0.312
1.093,1.196
1.097,0.63
1.033,1.197
1.042,-0.37
1.014,1.037
0.93,0.422
0.892,0.455
0.812,-0.227
0.78,0.995
0.856,1.104
0.724,0.197
0.632,-0.236
-1.288,-1.187
-2.579,-0.058
1.05,-1.583
0.624,-0.126
0.368,-0.069
-1.358,-2.418
-1.476,-2.288
-2.921,-2.171
-1.908,1.516
-1.289,-2.357
-1.888,-2.533
0.075,-1.288
0.068,-0.868
0.047,-1.595
-0.05,-1.077
-0.032,-0.856
-0.118,0.387
-0.126,-2.021
-0.088,-0.899
-0.17,0.301
-0.123,0.148
-0.139,-1.745
-0.227,0.141
-0.235,0.053
-0.194,0.571
-0.26,-1.348
-0.35,0.983
-0.324,-2.329
-0.391,0.732
-0.36,-0.176
-0.453,-0.254
-0.429,0.145
-0.532,-0.711
-0.487,-0.642
-0.524,1.017
-0.54,0.475
-0.608,-2.353
-0.641,0.086
-0.637,-0.656
-0.618,0.264
-0.623,-0.947
-0.7,0.138
-0.732,-1.157
-0.663,-0.334
-0.714,-0.843
-0.763,-1.39
-0.742,-1.829
-0.846,-2.221
-1.003,-0.625
-1.101,-1.371
-1.114,-1.085
-1.204,-2.31
-1.15,-1.897
-1.259,-0.614
-1.247,1.218
-1.283,-1.809
-1.247,-1.696
-1.305,-1.277
-1.343,-0.908
-1.32,-1.272
-1.428,-2.26
-1.378,-2.04
-1.391,-1.198
-1.482,-0.559
-1.385,-1.754
-1.474,-2.117
-1.599,-1.28
-1.659,0.069
-1.597,0.216
-1.672,0.698
-1.656,-0.624
-1.723,0.507
-1.708,-2.091
-1.815,0.465
-1.821,-1.624
-1.84,-0.878
-1.906,0.773
-1.898,-0.142
-1.899,-2.127
-1.994,-2.266
-2.026,-0.176
-1.956,-1.142
-2.0,-0.962
-2.031,-1.889
-2.104,-0.827
-2.113,0.163
-2.11,1.47
-2.043,-0.363
-2.136,-1.599
-2.164,1.219
-2.11,0.618
-2.198,-0.146
-2.183,-0.161
-2.258,-0.767
-2.277,-0.095
-2.208,-0.326
-2.31,-1.85
-2.257,0.508
-2.307,0.069
-2.381,-0.032
-2.393,-1.414
-2.357,0.329
-2.36,0.868
-2.361,-1.862
-2.393,0.261
-2.472,-0.596
-2.437,-1.434
-2.486,-0.484
-2.537,-1.135
-2.557,-2.263
-2.509,-0.289
-2.529,-0.774
-2.609,-2.405
-2.651,-0.123
-2.605,-2.204
-2.604,0.988
-2.706,0.731
-2.754,0.059
-2.823,0.435
-2.888,0.601
-2.829,0.277
-2.878,-1.281
-2.889,0.706
-3.02,0.38
-3.024,1.264
-2.976,-0.716
-3.077,1.483
3.121,-0.749
3.074,-1.485
3.063,-2.188
3.069,0.51
3.021,0.313
3.06,0.779
3.012,0.941
2.876,-0.567
2.927,-0.839
2.93,0.316
2.816,-2.349
2.859,-1.897
2.765,-0.311
2.839,1.054
2.745,-0.222
2.779,-2.41
2.733,0.617
2.797,0.965
2.722,0.07
2.712,0.288
2.685,-2.542
2.624,-0.114
2.648,-2.363
2.624,1.422
2.534,-1.587
2.39,-0.256
2.433,-0.956
2.347,1.074
2.304,-0.351
2.322,-1.354
2.208,0.091
2.208,-1.876
2.139,-0.813
2.072,1.115
1.987,1.351
1.884,-0.536
1.893,-1.835
1.876,-0.098
1.787,-1.381
1.728,-1.111
1.69,-1.827
1.667,-1.183
1.741,-0.365
1.728,-0.448
1.632,0.506
1.67,-0.886
1.601,0.485
1.566,-0.305
1.571,0.691
1.511,-0.596
1.561,1.112
1.559,-2.436
1.465,-0.633
1.513,0.853
1.499,-1.271
1.525,1.022
1.451,0.769
1.458,-0.679
1.446,0.627
1.462,-0.721
1.395,0.624
1.452,-0.583
1.344,1.355
1.409,-0.62
1.409,-2.411
1.343,0.663
1.303,0.102
1.265,-1.281
1.316,0.852
1.313,0.327
1.31,-1.094
1.199,-0.44
1.258,-1.044
1.267,-1.129
1.171,-1.346
1.137,-1.496
0.978,-1.263
1.035,-0.525
0.968,-1.082
0.882,-1.767
0.763,-0.25
0.733,0.407
0.745,-0.434
0.716,1.378
0.74,0.445
0.685,0.834
0.664,1.293
0.608,-2.471
0.672,0.043
0.623,1.348
0.588,0.739
0.554,-1.737
0.432,0.347
0.491,1.189
0.465,0.771
0.389,-1.874
-0.57,-2.52
-1.249,-2.485
-1.276,-2.545
-1.699,-2.805
-1.745,-2.614
-2.027,-2.91
-2.031,-2.808
-2.184,-2.533
-2.447,-2.56
-2.926,-2.819
-2.928,-2.556
3.003,-2.99
2.974,-2.759
2.733,-2.734
2.307,-2.919
2.14,-2.66
1.578,-2.638
1.493,-2.57
0.907,-2.592
0.931,-2.657
0.487,-2.467
0.236,1.529
-0.008,1.741
-0.251,1.513
-1.087,1.7
-1.352,1.661
-1.549,1.641
-1.621,1.569
-1.743,1.803
-1.955,1.847
-2.119,1.632
-2.151,1.533
-2.498,1.854
1.847,1.782
1.896,1.624
1.726,1.832
1.698,1.828
1.619,1.806
1.422,1.489
0.887,1.793
0.644,1.903
0.504,1.575
-1.41,-2.281
-1.966,1.234
-2.296,-2.053
-2.742,1.393
1.661,1.123
1.665,-0.976
1.616,1.276
0.906,-2.153
0.664,0.783
0.746,0.511
-0.268,-2.648
2.701,-2.943
1.023,-2.876
-1.261,1.512
1.399,1.788
0.184,-2.207
0.152,-0.767
0.112,1.06
-0.006,-1.191
0.14,-2.261
-0.015,-0.469
-0.109,-0.895
-0.12,0.963
-0.304,-2.446
-0.361,-0.814
-0.285,0.084
-0.303,1.248
-0.547,0.126
-0.711,0.184
-0.594,-2.492
-0.602,-1.121
-0.6,-1.123
-0.645,-1.708
-0.615,1.353
-0.71,-2.143
-0.864,-0.468
-0.9,-1.158
-0.922,-0.938
-0.86,-2.208
-1.013,-0.744
-0.937,-0.11
-0.951,-1.085
-1.083,-0.68
-1.203,0.257
-1.462,-1.524
-1.315,-0.824
-1.527,1.229
-1.554,-2.31
-1.589,1.038
-1.537,-0.037
-1.699,-0.757
-1.703,-2.429
-1.594,0.249
-1.727,0.571
-1.757,-0.288
-1.758,-0.737
-1.787,-1.506
-1.692,-1.371
-1.68,1.303
-1.803,-1.023
-1.725,-1.813
-1.856,1.14
-1.871,-0.152
-1.917,-1.815
-1.899,-2.324
-2.099,-2.362
-2.157,-2.248
-2.159,0.832
-2.053,1.292
-2.13,-0.473
-2.147,-0.386
-2.226,-0.604
-2.2,-2.308
-2.371,-1.035
-2.411,1.168
-2.55,-2.156
-2.529,0.3
-2.571,1.245
-2.443,-1.775
-2.744,-1.442
-2.608,-2.421
-2.745,-2.418
-2.739,0.206
-2.807,-0.441
-2.81,-1.488
-3.053,-1.493
-2.899,1.242
-3.069,0.371
-3.08,1.428
-2.949,-2.166
-3.108,-0.973
-3.136,-2.148
2.962,1.029
2.955,-1.361
2.976,-0.357
2.999,0.251
2.996,-0.082
2.833,-0.369
2.923,-0.514
2.798,-1.369
2.815,0.28
2.599,0.926
2.525,1.434
2.583,1.209
2.442,-2.003
2.486,0.953
2.307,-2.228
2.14,-0.116
2.065,0.564
2.052,-2.382
2.084,-2.268
2.085,1.456
2.027,-0.377
1.86,0.151
1.83,-2.33
1.696,-1.237
1.507,-0.649
1.533,-2.556
1.473,-2.556
1.579,-0.002
1.546,-0.568
1.561,0.123
1.017,-1.589
1.009,-1.364
0.862,-0.368
0.886,-1.534
0.768,-1.448
0.86,0.217
0.708,-0.503
0.819,-0.842
0.819,0.058
0.681,-1.079
0.752,-0.747
0.553,0.237
0.667,-2.183
0.45,-2.389
-0.207,-2.556
-0.09,-2.597
-0.293,-2.502
-0.752,-2.835
-0.724,-2.906
-0.987,-2.754
-0.907,-2.557
-1.019,-2.594
-1.701,-2.765
-1.635,-2.513
-1.609,-2.631
-1.946,-2.624
-2.108,-2.863
-2.915,-2.724
-2.91,-2.933
3.11,-2.707
3.104,-2.728
0.98,-2.821
0.495,-2.652
0.44,1.593
0.265,1.824
-0.534,1.879
-0.842,1.656
-1.501,1.559
-1.701,1.517
-2.705,1.645
-2.723,1.553
-2.84,1.561
3.018,1.688
2.615,1.557
1.941,1.732
1.484,1.586
1.222,1.57
-0.449,-0.401
-0.833,-0.4
-1.678,-1.025
2.539,-0.4
2.357,0.216
1.637,0.966
1.368,1.179
0.776,-1.934
2.815,-0.091
2.128,0.272
1.246,0.204
1.229,1.088
1.233,0.522
1.169,1.089
1.178,-0.478
1.15,0.929
1.066,0.314
1.028,0.347
0.948,-0.335
0.916,0.887
0.992,0.996
0.86,0.089
0.768,-0.344
-1.152,-1.295
-2.443,-0.166
1.186,-1.691
0.76,-0.234
0.504,-0.177
-1.222,-2.526
-1.34,-2.396
-2.785,-2.279
-1.772,1.408
-1.153,-2.465
-1.752,-2.641
-0.007,0.42
-0.028,-0.307
-0.125,0.211
-0.107,0.432
-0.193,1.675
-0.201,-0.733
-0.163,0.389
-0.245,1.589
-0.198,1.436
-0.214,-0.457
-0.302,1.429
-0.31,1.341
-0.269,1.859
-0.335,-0.06
-0.425,2.271
-0.399,-1.041
-0.466,2.02
-0.435,1.112
-0.528,1.034
-0.504,1.433
-0.607,0.577
-0.562,0.646
-0.599,2.305
-0.615,1.763
-0.683,-1.065
-0.716,1.374
-0.712,0.632
-0.693,1.552
-0.698,0.341
-0.775,1.426
-0.807,0.131
-0.738,0.954
-0.789,0.445
-0.838,-0.102
-0.817,-0.541
-0.921,-0.933
-1.078,0.663
-1.176,-0.083
-1.189,0.203
-1.279,-1.022
-1.225,-0.609
-1.334,0.674
-1.322,2.506
-1.358,-0.521
-1.322,-0.408
-1.38,0.011
-1.418,0.38
-1.395,0.016
-1.503,-0.972
-1.453,-0.752
-1.466,0.09
-1.557,0.729
-1.46,-0.466
-1.549,-0.829
-1.674,0.008
-1.734,1.357
-1.672,1.504
-1.747,1.986
-1.731,0.664
-1.798,1.795
-1.783,-0.803
-1.89,1.753
-1.896,-0.336
-1.915,0.41
-1.981,2.061
-1.973,1.146
-1.974,-0.839
-2.069,-0.978
-2.101,1.112
-2.031,0.146
-2.075,0.326
-2.106,-0.601
-2.179,0.461
-2.188,1.451
-2.185,2.758
-2.118,0.925
-2.211,-0.311
-2.239,2.507
-2.185,1.906
-2.273,1.142
-2.258,1.127
-2.333,0.521
-2.352,1.193
-2.283,0.962
-2.385,-0.562
-2.332,1.796
-2.382,1.357
-2.456,1.256
-2.468,-0.126
-2.432,1.617
-2.435,2.156
-2.436,-0.574
-2.468,1.549
-2.547,0.692
-2.512,-0.146
-2.561,0.804
-2.612,0.153
-2.632,-0.975
-2.584,0.999
-2.604,0.514
-2.684,-1.117
-2.726,1.165
-2.68,-0.916
-2.679,2.276
-2.781,2.019
-2.829,1.347
-2.898,1.723
-2.963,1.889
-2.904,1.565
-2.953,0.007
-2.964,1.994
-3.095,1.668
-3.099,2.552
-3.051,0.572
3.131,2.771
3.046,0.539
2.999,-0.197
2.988,-0.9
2.994,1.798
2.946,1.601
2.985,2.067
2.937,2.229
2.801,0.721
2.852,0.449
2.855,1.604
2.741,-1.061
2.784,-0.609
2.69,0.977
2.764,2.342
2.67,1.066
2.704,-1.122
2.658,1.905
2.722,2.253
2.647,1.358
2.637,1.576
2.61,-1.254
2.549,1.174
2.573,-1.075
2.549,2.71
2.459,-0.299
2.315,1.032
2.358,0.332
2.272,2.362
2.229,0.937
2.247,-0.066
2.133,1.379
2.133,-0.588
2.064,0.475
1.997,2.403
1.912,2.639
1.809,0.752
1.818,-0.547
1.801,1.19
1.712,-0.093
1.653,0.177
1.615,-0.539
1.592,0.105
1.666,0.923
1.653,0.84
1.557,1.794
1.595,0.402
1.526,1.773
1.491,0.983
1.496,1.979
1.436,0.692
1.486,2.4
1.484,-1.148
1.39,0.655
1.438,2.141
1.424,0.017
1.45,2.31
1.376,2.057
1.383,0.609
1.371,1.915
1.387,0.567
1.32,1.912
1.377,0.705
1.269,2.643
1.334,0.668
1.334,-1.123
1.268,1.951
1.228,1.39
1.19,0.007
1.241,2.14
1.238,1.615
1.235,0.194
1.124,0.848
1.183,0.244
1.192,0.159
1.096,-0.058
1.062,-0.208
0.903,0.025
0.96,0.763
0.893,0.206
0.807,-0.479
0.688,1.038
0.658,1.695
0.67,0.854
0.641,2.666
0.665,1.733
0.61,2.122
0.589,2.581
0.533,-1.183
0.597,1.331
0.548,2.636
0.513,2.027
0.479,-0.449
0.357,1.635
0.416,2.477
0.39,2.059
0.314,-0.586
-0.645,-1.232
-1.324,-1.197
-1.351,-1.257
-1.774,-1.517
-1.82,-1.326
-2.102,-1.622
-2.106,-1.52
-2.259,-1.245
-2.522,-1.272
-3.001,-1.531
-3.003,-1.268
2.928,-1.702
2.899,-1.471
2.658,-1.446
2.232,-1.631
2.065,-1.372
1.503,-1.35
1.418,-1.282
0.832,-1.304
0.856,-1.369
0.412,-1.179
0.161,2.817
-0.083,3.029
-0.326,2.801
-1.162,2.988
-1.427,2.949
-1.624,2.929
-1.696,2.857
-1.818,3.091
-2.03,3.135
-2.194,2.92
-2.226,2.821
-2.573,3.142
1.772,3.07
1.821,2.912
1.651,3.12
1.623,3.116
1.544,3.094
1.347,2.777
0.812,3.081
0.569,3.191
0.429,2.863
-1.485,-0.993
-2.041,2.522
-2.371,-0.765
-2.817,2.681
1.586,2.411
1.59,0.312
1.541,2.564
0.831,-0.865
0.589,2.071
0.671,1.799
-0.343,-1.36
2.626,-1.655
0.948,-1.588
-1.336,2.8
1.324,3.076
0.109,-0.919
0.077,0.521
0.037,2.348
-0.081,0.097
0.065,-0.973
-0.09,0.819
-0.184,0.393
-0.195,2.251
-0.379,-1.158
-0.436,0.474
-0.36,1.372
-0.378,2.536
-0.622,1.414
-0.786,1.472
-0.669,-1.204
-0.677,0.167
-0.675,0.165
-0.72,-0.42
-0.69,2.641
-0.785,-0.855
-0.939,0.82
-0.975,0.13
-0.997,0.35
-0.935,-0.92
-1.088,0.544
-1.012,1.178
-1.026,0.203
-1.158,0.608
-1.278,1.545
-1.537,-0.236
-1.39,0.464
-1.602,2.517
-1.629,-1.022
-1.664,2.326
-1.612,1.251
-1.774,0.531
-1.778,-1.141
-1.669,1.537
-1.802,1.859
-1.832,1.0
-1.833,0.551
-1.862,-0.218
-1.767,-0.083
-1.755,2.591
-1.878,0.265
-1.8,-0.525
-1.931,2.428
-1.946,1.136
-1.992,-0.527
-1.974,-1.036
-2.174,-1.074
-2.232,-0.96
-2.234,2.12
-2.128,2.58
-2.205,0.815
-2.222,0.902
-2.301,0.684
-2.275,-1.02
-2.446,0.253
-2.486,2.456
-2.625,-0.868
-2.604,1.588
-2.646,2.533
-2.518,-0.487
-2.819,-0.154
-2.683,-1.133
-2.82,-1.13
-2.814,1.494
-2.882,0.847
-2.885,-0.2
-3.128,-0.205
-2.974,2.53
3.139,1.659
3.128,2.716
-3.024,-0.878
3.1,0.315
3.072,-0.86
2.887,2.317
2.88,-0.073
2.901,0.931
2.924,1.539
2.921,1.206
2.758,0.919
2.848,0.774
2.723,-0.081
2.74,1.568
2.524,2.214
2.45,2.722
2.508,2.497
2.367,-0.715
2.411,2.241
2.232,-0.94
2.065,1.172
1.99,1.852
1.977,-1.094
2.009,-0.98
2.01,2.744
1.952,0.911
1.785,1.439
1.755,-1.042
1.621,0.051
1.432,0.639
1.458,-1.268
1.398,-1.268
1.504,1.286
1.471,0.72
1.486,1.411
0.942,-0.301
0.934,-0.076
0.787,0.92
0.811,-0.246
0.693,-0.16
0.785,1.505
0.633,0.785
0.744,0.446
0.744,1.346
0.606,0.209
0.677,0.541
0.478,1.525
0.592,-0.895
0.375,-1.101
-0.282,-1.268
-0.165,-1.309
-0.368,-1.214
-0.827,-1.547
-0.799,-1.618
-1.062,-1.466
-0.982,-1.269
-1.094,-1.306
-1.776,-1.477
-1.71,-1.225
-1.684,-1.343
-2.021,-1.336
-2.183,-1.575
-2.99,-1.436
-2.985,-1.645
3.035,-1.419
3.029,-1.44
0.905,-1.533
0.42,-1.364
0.365,2.881
0.19,3.112
-0.609,3.167
-0.917,2.944
-1.576,2.847
-1.776,2.805
-2.78,2.933
-2.798,2.841
-2.915,2.849
2.943,2.976
2.54,2.845
1.866,3.02
1.409,2.874
1.147,2.858
-0.524,0.887
-0.908,0.888
-1.753,0.263
2.464,0.888
2.282,1.504
1.562,2.254
1.293,2.467
0.701,-0.646
2.74,1.197
2.053,1.56
1.171,1.492
1.154,2.376
1.158,1.81
1.094,2.377
1.103,0.81
1.075,2.217
0.991,1.602
0.953,1.635
0.873,0.953
0.841,2.175
0.917,2.284
0.785,1.377
0.693,0.944
-1.227,-0.007
-2.518,1.122
1.111,-0.403
0.685,1.054
0.429,1.111
-1.297,-1.238
-1.415,-1.108
-2.86,-0.991
-1.847,2.696
-1.228,-1.177
-1.827,-1.353
-0.021,-0.727
-0.118,-0.209
-0.1,0.012
-0.186,1.255
-0.194,-1.153
-0.156,-0.031
-0.238,1.169
-0.191,1.016
-0.207,-0.877
-0.295,1.009
-0.303,0.921
-0.262,1.439
-0.328,-0.48
-0.418,1.851
-0.392,-1.461
-0.459,1.6
-0.428,0.692
-0.521,0.614
-0.497,1.013
-0.6,0.157
-0.555,0.226
-0.592,1.885
-0.608,1.343
-0.676,-1.485
-0.709,0.954
-0.705,0.212
-0.686,1.132
-0.691,-0.079
-0.768,1.006
-0.8,-0.289
-0.731,0.534
-0.782,0.025
-0.831,-0.522
-0.81,-0.961
-0.914,-1.353
-1.071,0.243
-1.169,-0.503
-1.182,-0.217
-1.272,-1.442
-1.218,-1.029
-1.327,0.254
-1.315,2.086
-1.351,-0.941
-1.315,-0.828
-1.373,-0.409
-1.411,-0.04
-1.388,-0.404
-1.496,-1.392
-1.446,-1.172
-1.459,-0.33
-1.55,0.309
-1.453,-0.886
-1.542,-1.249
-1.667,-0.412
-1.727,0.937
-1.665,1.084
-1.74,1.566
-1.724,0.244
-1.791,1.375
-1.776,-1.223
-1.883,1.333
-1.889,-0.756
-1.908,-0.01
-1.974,1.641
-1.966,0.726
-1.967,-1.259
-2.062,-1.398
-2.094,0.692
-2.024,-0.274
-2.068,-0.094
-2.099,-1.021
-2.172,0.041
-2.181,1.031
-2.178,2.338
-2.111,0.505
-2.204,-0.731
-2.232,2.087
-2.178,1.486
-2.266,0.722
-2.251,0.707
-2.326,0.101
-2.345,0.773
-2.276,0.542
-2.378,-0.982
-2.325,1.376
-2.375,0.937
-2.449,0.836
-2.461,-0.546
-2.425,1.197
-2.428,1.736
-2.429,-0.994
-2.461,1.129
-2.54,0.272
-2.505,-0.566
-2.554,0.384
-2.605,-0.267
-2.625,-1.395
-2.577,0.579
-2.597,0.094
-2.677,-1.537
-2.719,0.745
-2.673,-1.336
-2.672,1.856
-2.774,1.599
-2.822,0.927
-2.891,1.303
-2.956,1.469
-2.897,1.145
-2.946,-0.413
-2.957,1.574
-3.088,1.248
-3.092,2.132
-3.044,0.152
3.138,2.351
3.053,0.119
3.006,-0.617
2.995,-1.32
3.001,1.378
2.953,1.181
2.992,1.647
2.944,1.809
2.808,0.301
2.859,0.029
2.862,1.184
2.748,-1.481
2.791,-1.029
2.697,0.557
2.771,1.922
2.677,0.646
2.711,-1.542
2.665,1.485
2.729,1.833
2.654,0.938
2.644,1.156
2.617,-1.674
2.556,0.754
2.58,-1.495
2.556,2.29
2.466,-0.719
2.322,0.612
2.365,-0.088
2.279,1.942
2.236,0.517
2.254,-0.486
2.14,0.959
2.14,-1.008
2.071,0.055
2.004,1.983
1.919,2.219
1.816,0.332
1.825,-0.967
1.808,0.77
1.719,-0.513
1.66,-0.243
1.622,-0.959
1.599,-0.315
1.673,0.503
1.66,0.42
1.564,1.374
1.602,-0.018
1.533,1.353
1.498,0.563
1.503,1.559
1.443,0.272
1.493,1.98
1.491,-1.568
1.397,0.235
1.445,1.721
1.431,-0.403
1.457,1.89
1.383,1.637
1.39,0.189
1.378,1.495
1.394,0.147
1.327,1.492
1.384,0.285
1.276,2.223
1.341,0.248
1.341,-1.543
1.275,1.531
1.235,0.97
1.197,-0.413
1.248,1.72
1.245,1.195
1.242,-0.226
1.131,0.428
1.19,-0.176
1.199,-0.261
1.103,-0.478
1.069,-0.628
0.91,-0.395
0.967,0.343
0.9,-0.214
0.814,-0.899
0.695,0.618
0.665,1.275
0.677,0.434
0.648,2.246
0.672,1.313
0.617,1.702
0.596,2.161
0.54,-1.603
0.604,0.911
0.555,2.216
0.52,1.607
0.486,-0.869
0.364,1.215
0.423,2.057
0.397,1.639
0.321,-1.006
-0.638,-1.652
-1.317,-1.617
-1.344,-1.677
-1.767,-1.937
-1.813,-1.746
-2.095,-2.042
-2.099,-1.94
-2.252,-1.665
-2.515,-1.692
-2.994,-1.951
-2.996,-1.688
2.935,-2.122
2.906,-1.891
2.665,-1.866
2.239,-2.051
2.072,-1.792
1.51,-1.77
1.425,-1.702
0.839,-1.724
0.863,-1.789
0.419,-1.599
0.168,2.397
-0.076,2.609
-0.319,2.381
-1.155,2.568
-1.42,2.529
-1.617,2.509
-1.689,2.437
-1.811,2.671
-2.023,2.715
-2.187,2.5
-2.219,2.401
-2.566,2.722
1.779,2.65
1.828,2.492
1.658,2.7
1.63,2.696
1.551,2.674
1.354,2.357
0.819,2.661
0.576,2.771
0.436,2.443
-1.478,-1.413
-2.034,2.102
-2.364,-1.185
-2.81,2.261
1.593,1.991
1.597,-0.108
1.548,2.144
0.838,-1.285
0.596,1.651
0.678,1.379
-0.336,-1.78
2.633,-2.075
0.955,-2.008
-1.329,2.38
1.331,2.656
0.116,-1.339
0.084,0.101
0.044,1.928
-0.074,-0.323
0.072,-1.393
-0.083,0.399
-0.177,-0.027
-0.188,1.831
-0.372,-1.578
-0.429,0.054
-0.353,0.952
-0.371,2.116
-0.615,0.994
-0.779,1.052
-0.662,-1.624
-0.67,-0.253
-0.668,-0.255
-0.713,-0.84
-0.683,2.221
-0.778,-1.275
-0.932,0.4
-0.968,-0.29
-0.99,-0.07
-0.928,-1.34
-1.081,0.124
-1.005,0.758
-1.019,-0.217
-1.151,0.188
-1.271,1.125
-1.53,-0.656
-1.383,0.044
-1.595,2.097
-1.622,-1.442
-1.657,1.906
-1.605,0.831
-1.767,0.111
-1.771,-1.561
-1.662,1.117
-1.795,1.439
-1.825,0.58
-1.826,0.131
-1.855,-0.638
-1.76,-0.503
-1.748,2.171
-1.871,-0.155
-1.793,-0.945
-1.924,2.008
-1.939,0.716
-1.985,-0.947
-1.967,-1.456
-2.167,-1.494
-2.225,-1.38
-2.227,1.7
-2.121,2.16
-2.198,0.395
-2.215,0.482
-2.294,0.264
-2.268,-1.44
-2.439,-0.167
-2.479,2.036
-2.618,-1.288
-2.597,1.168
-2.639,2.113
-2.511,-0.907
-2.812,-0.574
-2.676,-1.553
-2.813,-1.55
-2.807,1.074
-2.875,0.427
-2.878,-0.62
-3.121,-0.625
-2.967,2.11
-3.137,1.239
3.135,2.296
-3.017,-1.298
3.107,-0.105
3.079,-1.28
2.894,1.897
2.887,-0.493
2.908,0.511
2.931,1.119
2.928,0.786
2.765,0.499
2.855,0.354
2.73,-0.501
2.747,1.148
2.531,1.794
2.457,2.302
2.515,2.077
2.374,-1.135
2.418,1.821
2.239,-1.36
2.072,0.752
1.997,1.432
1.984,-1.514
2.016,-1.4
2.017,2.324
1.959,0.491
1.792,1.019
1.762,-1.462
1.628,-0.369
1.439,0.219
1.465,-1.688
1.405,-1.688
1.511,0.866
1.478,0.3
1.493,0.991
0.949,-0.721
0.941,-0.496
0.794,0.5
0.818,-0.666
0.7,-0.58
0.792,1.085
0.64,0.365
0.751,0.026
0.751,0.926
0.613,-0.211
0.684,0.121
0.485,1.105
0.599,-1.315
0.382,-1.521
-0.275,-1.688
-0.158,-1.729
-0.361,-1.634
-0.82,-1.967
-0.792,-2.038
-1.055,-1.886
-0.975,-1.689
-1.087,-1.726
-1.769,-1.897
-1.703,-1.645
-1.677,-1.763
-2.014,-1.756
-2.176,-1.995
-2.983,-1.856
-2.978,-2.065
3.042,-1.839
3.036,-1.86
0.912,-1.953
0.427,-1.784
0.372,2.461
0.197,2.692
-0.602,2.747
-0.91,2.524
-1.569,2.427
-1.769,2.385
-2.773,2.513
-2.791,2.421
-2.908,2.429
2.95,2.556
2.547,2.425
1.873,2.6
1.416,2.454
1.154,2.438
-0.517,0.467
-0.901,0.468
-1.746,-0.157
2.471,0.468
2.289,1.084
1.569,1.834
1.3,2.047
0.708,-1.066
2.747,0.777
2.06,1.14
1.178,1.072
1.161,1.956
1.165,1.39
1.101,1.957
1.11,0.39
1.082,1.797
0.998,1.182
0.96,1.215
0.88,0.533
0.848,1.755
0.924,1.864
0.792,0.957
0.7,0.524
-1.22,-0.427
-2.511,0.702
1.118,-0.823
0.692,0.634
0.436,0.691
-1.29,-1.658
-1.408,-1.528
-2.853,-1.411
-1.84,2.276
-1.221,-1.597
-1.82,-1.773
-0.097,0.518
-0.079,0.739
-0.165,1.982
-0.173,-0.426
-0.135,0.696
-0.217,1.896
-0.17,1.743
-0.186,-0.15
-0.274,1.736
-0.282,1.648
-0.241,2.166
-0.307,0.247
-0.397,2.578
-0.371,-0.734
-0.438,2.327
-0.407,1.419
-0.5,1.341
-0.476,1.74
-0.579,0.884
-0.534,0.953
-0.571,2.612
-0.587,2.07
-0.655,-0.758
-0.688,1.681
-0.684,0.939
-0.665,1.859
-0.67,0.648
-0.747,1.733
-0.779,0.438
-0.71,1.261
-0.761,0.752
-0.81,0.205
-0.789,-0.234
-0.893,-0.626
-1.05,0.97
-1.148,0.224
-1.161,0.51
-1.251,-0.715
-1.197,-0.302
-1.306,0.981
-1.294,2.813
-1.33,-0.214
-1.294,-0.101
-1.352,0.318
-1.39,0.687
-1.367,0.323
-1.475,-0.665
-1.425,-0.445
-1.438,0.397
-1.529,1.036
-1.432,-0.159
-1.521,-0.522
-1.646,0.315
-1.706,1.664
-1.644,1.811
-1.719,2.293
-1.703,0.971
-1.77,2.102
-1.755,-0.496
-1.862,2.06
-1.868,-0.029
-1.887,0.717
-1.953,2.368
-1.945,1.453
-1.946,-0.532
-2.041,-0.671
-2.073,1.419
-2.003,0.453
-2.047,0.633
-2.078,-0.294
-2.151,0.768
-2.16,1.758
-2.157,3.065
-2.09,1.232
-2.183,-0.004
-2.211,2.814
-2.157,2.213
-2.245,1.449
-2.23,1.434
-2.305,0.828
-2.324,1.5
-2.255,1.269
-2.357,-0.255
-2.304,2.103
-2.354,1.664
-2.428,1.563
-2.44,0.181
-2.404,1.924
-2.407,2.463
-2.408,-0.267
-2.44,1.856
-2.519,0.999
-2.484,0.161
-2.533,1.111
-2.584,0.46
-2.604,-0.668
-2.556,1.306
-2.576,0.821
-2.656,-0.81
-2.698,1.472
-2.652,-0.609
-2.651,2.583
-2.753,2.326
-2.801,1.654
-2.87,2.03
-2.935,2.196
-2.876,1.872
-2.925,0.314
-2.936,2.301
-3.067,1.975
-3.071,2.859
-3.023,0.879
-3.124,3.078
3.074,0.846
3.027,0.11
3.016,-0.593
3.022,2.105
2.974,1.908
3.013,2.374
2.965,2.536
2.829,1.028
2.88,0.756
2.883,1.911
2.769,-0.754
2.812,-0.302
2.718,1.284
2.792,2.649
2.698,1.373
2.732,-0.815
2.686,2.212
2.75,2.56
2.675,1.665
2.665,1.883
2.638,-0.947
2.577,1.481
2.601,-0.768
2.577,3.017
2.487,0.008
2.343,1.339
2.386,0.639
2.3,2.669
2.257,1.244
2.275,0.241
2.161,1.686
2.161,-0.281
2.092,0.782
2.025,2.71
1.94,2.946
1.837,1.059
1.846,-0.24
1.829,1.497
1.74,0.214
1.681,0.484
1.643,-0.232
1.62,0.412
1.694,1.23
1.681,1.147
1.585,2.101
1.623,0.709
1.554,2.08
1.519,1.29
1.524,2.286
1.464,0.999
1.514,2.707
1.512,-0.841
1.418,0.962
1.466,2.448
1.452,0.324
1.478,2.617
1.404,2.364
1.411,0.916
1.399,2.222
1.415,0.874
1.348,2.219
1.405,1.012
1.297,2.95
1.362,0.975
1.362,-0.816
1.296,2.258
1.256,1.697
1.218,0.314
1.269,2.447
1.266,1.922
1.263,0.501
1.152,1.155
1.211,0.551
1.22,0.466
1.124,0.249
1.09,0.099
0.931,0.332
0.988,1.07
0.921,0.513
0.835,-0.172
0.716,1.345
0.686,2.002
0.698,1.161
0.669,2.973
0.693,2.04
0.638,2.429
0.617,2.888
0.561,-0.876
0.625,1.638
0.576,2.943
0.541,2.334
0.507,-0.142
0.385,1.942
0.444,2.784
0.418,2.366
0.342,-0.279
-0.617,-0.925
-1.296,-0.89
-1.323,-0.95
-1.746,-1.21
-1.792,-1.019
-2.074,-1.315
-2.078,-1.213
-2.231,-0.938
-2.494,-0.965
-2.973,-1.224
-2.975,-0.961
2.956,-1.395
2.927,-1.164
2.686,-1.139
2.26,-1.324
2.093,-1.065
1.531,-1.043
1.446,-0.975
0.86,-0.997
0.884,-1.062
0.44,-0.872
0.189,3.124
-0.055,3.336
-0.298,3.108
-1.134,3.295
-1.399,3.256
-1.596,3.236
-1.668,3.164
-1.79,3.398
-2.002,3.442
-2.166,3.227
-2.198,3.128
-2.545,3.449
1.8,3.377
1.849,3.219
1.679,3.427
1.651,3.423
1.572,3.401
1.375,3.084
0.84,3.388
0.597,3.498
0.457,3.17
-1.457,-0.686
-2.013,2.829
-2.343,-0.458
-2.789,2.988
1.614,2.718
1.618,0.619
1.569,2.871
0.859,-0.558
0.617,2.378
0.699,2.106
-0.315,-1.053
2.654,-1.348
0.976,-1.281
-1.308,3.107
1.352,3.383
0.137,-0.612
0.105,0.828
0.065,2.655
-0.053,0.404
0.093,-0.666
-0.062,1.126
-0.156,0.7
-0.167,2.558
-0.351,-0.851
-0.408,0.781
-0.332,1.679
-0.35,2.843
-0.594,1.721
-0.758,1.779
-0.641,-0.897
-0.649,0.474
-0.647,0.472
-0.692,-0.113
-0.662,2.948
-0.757,-0.548
-0.911,1.127
-0.947,0.437
-0.969,0.657
-0.907,-0.613
-1.06,0.851
-0.984,1.485
-0.998,0.51
-1.13,0.915
-1.25,1.852
-1.509,0.071
-1.362,0.771
-1.574,2.824
-1.601,-0.715
-1.636,2.633
-1.584,1.558
-1.746,0.838
-1.75,-0.834
-1.641,1.844
-1.774,2.166
-1.804,1.307
-1.805,0.858
-1.834,0.089
-1.739,0.224
-1.727,2.898
-1.85,0.572
-1.772,-0.218
-1.903,2.735
-1.918,1.443
-1.964,-0.22
-1.946,-0.729
-2.146,-0.767
-2.204,-0.653
-2.206,2.427
-2.1,2.887
-2.177,1.122
-2.194,1.209
-2.273,0.991
-2.247,-0.713
-2.418,0.56
-2.458,2.763
-2.597,-0.561
-2.576,1.895
-2.618,2.84
-2.49,-0.18
-2.791,0.153
-2.655,-0.826
-2.792,-0.823
-2.786,1.801
-2.854,1.154
-2.857,0.107
-3.1,0.102
-2.946,2.837
-3.116,1.966
-3.127,3.023
-2.996,-0.571
3.128,0.622
3.1,-0.553
2.915,2.624
2.908,0.234
2.929,1.238
2.952,1.846
2.949,1.513
2.786,1.226
2.876,1.081
2.751,0.226
2.768,1.875
2.552,2.521
2.478,3.029
2.536,2.804
2.395,-0.408
2.439,2.548
2.26,-0.633
2.093,1.479
2.018,2.159
2.005,-0.787
2.037,-0.673
2.038,3.051
1.98,1.218
1.813,1.746
1.783,-0.735
1.649,0.358
1.46,0.946
1.486,-0.961
1.426,-0.961
1.532,1.593
1.499,1.027
1.514,1.718
0.97,0.006
0.962,0.231
0.815,1.227
0.839,0.061
0.721,0.147
0.813,1.812
0.661,1.092
0.772,0.753
0.772,1.653
0.634,0.516
0.705,0.848
0.506,1.832
0.62,-0.588
0.403,-0.794
-0.254,-0.961
-0.137,-1.002
-0.34,-0.907
-0.799,-1.24
-0.771,-1.311
-1.034,-1.159
-0.954,-0.962
-1.066,-0.999
-1.748,-1.17
-1.682,-0.918
-1.656,-1.036
-1.993,-1.029
-2.155,-1.268
-2.962,-1.129
-2.957,-1.338
3.063,-1.112
3.057,-1.133
0.933,-1.226
0.448,-1.057
0.393,3.188
0.218,3.419
-0.581,3.474
-0.889,3.251
-1.548,3.154
-1.748,3.112
-2.752,3.24
-2.77,3.148
-2.887,3.156
2.971,3.283
2.568,3.152
1.894,3.327
1.437,3.181
1.175,3.165
-0.496,1.194
-0.88,1.195
-1.725,0.57
2.492,1.195
2.31,1.811
1.59,2.561
1.321,2.774
0.729,-0.339
2.768,1.504
2.081,1.867
1.199,1.799
1.182,2.683
1.186,2.117
1.122,2.684
1.131,1.117
1.103,2.524
1.019,1.909
0.981,1.942
0.901,1.26
0.869,2.482
0.945,2.591
0.813,1.684
0.721,1.251
-1.199,0.3
-2.49,1.429
1.139,-0.096
0.713,1.361
0.457,1.418
-1.269,-0.931
-1.387,-0.801
-2.832,-0.684
-1.819,3.003
-1.2,-0.87
-1.799,-1.046
0.018,0.221
-0.068,1.464
-0.076,-0.944
-0.038,0.178
-0.12,1.378
-0.073,1.225
-0.089,-0.668
-0.177,1.218
-0.185,1.13
-0.144,1.648
-0.21,-0.271
-0.3,2.06
-0.274,-1.252
-0.341,1.809
-0.31,0.901
-0.403,0.823
-0.379,1.222
-0.482,0.366
-0.437,0.435
-0.474,2.094
-0.49,1.552
-0.558,-1.276
-0.591,1.163
-0.587,0.421
-0.568,1.341
-0.573,0.13
-0.65,1.215
-0.682,-0.08
-0.613,0.743
-0.664,0.234
-0.713,-0.313
-0.692,-0.752
-0.796,-1.144
-0.953,0.452
-1.051,-0.294
-1.064,-0.008
-1.154,-1.233
-1.1,-0.82
-1.209,0.463
-1.197,2.295
-1.233,-0.732
-1.197,-0.619
-1.255,-0.2
-1.293,0.169
-1.27,-0.195
-1.378,-1.183
-1.328,-0.963
-1.341,-0.121
-1.432,0.518
-1.335,-0.677
-1.424,-1.04
-1.549,-0.203
-1.609,1.146
-1.547,1.293
-1.622,1.775
-1.606,0.453
-1.673,1.584
-1.658,-1.014
-1.765,1.542
-1.771,-0.547
-1.79,0.199
-1.856,1.85
-1.848,0.935
-1.849,-1.05
-1.944,-1.189
-1.976,0.901
-1.906,-0.065
-1.95,0.115
-1.981,-0.812
-2.054,0.25
-2.063,1.24
-2.06,2.547
-1.993,0.714
-2.086,-0.522
-2.114,2.296
-2.06,1.695
-2.148,0.931
-2.133,0.916
-2.208,0.31
-2.227,0.982
-2.158,0.751
-2.26,-0.773
-2.207,1.585
-2.257,1.146
-2.331,1.045
-2.343,-0.337
-2.307,1.406
-2.31,1.945
-2.311,-0.785
-2.343,1.338
-2.422,0.481
-2.387,-0.357
-2.436,0.593
-2.487,-0.058
-2.507,-1.186
-2.459,0.788
-2.479,0.303
-2.559,-1.328
-2.601,0.954
-2.555,-1.127
-2.554,2.065
-2.656,1.808
-2.704,1.136
-2.773,1.512
-2.838,1.678
-2.779,1.354
-2.828,-0.204
-2.839,1.783
-2.97,1.457
-2.974,2.341
-2.926,0.361
-3.027,2.56
-3.112,0.328
3.124,-0.408
3.113,-1.111
3.119,1.587
3.071,1.39
3.11,1.856
3.062,2.018
2.926,0.51
2.977,0.238
2.98,1.393
2.866,-1.272
2.909,-0.82
2.815,0.766
2.889,2.131
2.795,0.855
2.829,-1.333
2.783,1.694
2.847,2.042
2.772,1.147
2.762,1.365
2.735,-1.465
2.674,0.963
2.698,-1.286
2.674,2.499
2.584,-0.51
2.44,0.821
2.483,0.121
2.397,2.151
2.354,0.726
2.372,-0.277
2.258,1.168
2.258,-0.799
2.189,0.264
2.122,2.192
2.037,2.428
1.934,0.541
1.943,-0.758
1.926,0.979
1.837,-0.304
1.778,-0.034
1.74,-0.75
1.717,-0.106
1.791,0.712
1.778,0.629
1.682,1.583
1.72,0.191
1.651,1.562
1.616,0.772
1.621,1.768
1.561,0.481
1.611,2.189
1.609,-1.359
1.515,0.444
1.563,1.93
1.549,-0.194
1.575,2.099
1.501,1.846
1.508,0.398
1.496,1.704
1.512,0.356
1.445,1.701
1.502,0.494
1.394,2.432
1.459,0.457
1.459,-1.334
1.393,1.74
1.353,1.179
1.315,-0.204
1.366,1.929
1.363,1.404
1.36,-0.017
1.249,0.637
1.308,0.033
1.317,-0.052
1.221,-0.269
1.187,-0.419
1.028,-0.186
1.085,0.552
1.018,-0.005
0.932,-0.69
0.813,0.827
0.783,1.484
0.795,0.643
0.766,2.455
0.79,1.522
0.735,1.911
0.714,2.37
0.658,-1.394
0.722,1.12
0.673,2.425
0.638,1.816
0.604,-0.66
0.482,1.424
0.541,2.266
0.515,1.848
0.439,-0.797
-0.52,-1.443
-1.199,-1.408
-1.226,-1.468
-1.649,-1.728
-1.695,-1.537
-1.977,-1.833
-1.981,-1.731
-2.134,-1.456
-2.397,-1.483
-2.876,-1.742
-2.878,-1.479
3.053,-1.913
3.024,-1.682
2.783,-1.657
2.357,-1.842
2.19,-1.583
1.628,-1.561
1.543,-1.493
0.957,-1.515
0.981,-1.58
0.537,-1.39
0.286,2.606
0.042,2.818
-0.201,2.59
-1.037,2.777
-1.302,2.738
-1.499,2.718
-1.571,2.646
-1.693,2.88
-1.905,2.924
-2.069,2.709
-2.101,2.61
-2.448,2.931
1.897,2.859
1.946,2.701
1.776,2.909
1.748,2.905
1.669,2.883
1.472,2.566
0.937,2.87
0.694,2.98
0.554,2.652
-1.36,-1.204
-1.916,2.311
-2.246,-0.976
-2.692,2.47
1.711,2.2
1.715,0.101
1.666,2.353
0.956,-1.076
0.714,1.86
0.796,1.588
-0.218,-1.571
2.751,-1.866
1.073,-1.799
-1.211,2.589
1.449,2.865
0.234,-1.13
0.202,0.31
0.162,2.137
0.044,-0.114
0.19,-1.184
0.035,0.608
-0.059,0.182
-0.07,2.04
-0.254,-1.369
-0.311,0.263
-0.235,1.161
-0.253,2.325
-0.497,1.203
-0.661,1.261
-0.544,-1.415
-0.552,-0.044
-0.55,-0.046
-0.595,-0.631
-0.565,2.43
-0.66,-1.066
-0.814,0.609
-0.85,-0.081
-0.872,0.139
-0.81,-1.131
-0.963,0.333
-0.887,0.967
-0.901,-0.008
-1.033,0.397
-1.153,1.334
-1.412,-0.447
-1.265,0.253
-1.477,2.306
-1.504,-1.233
-1.539,2.115
-1.487,1.04
-1.649,0.32
-1.653,-1.352
-1.544,1.326
-1.677,1.648
-1.707,0.789
-1.708,0.34
-1.737,-0.429
-1.642,-0.294
-1.63,2.38
-1.753,0.054
-1.675,-0.736
-1.806,2.217
-1.821,0.925
-1.867,-0.738
-1.849,-1.247
-2.049,-1.285
-2.107,-1.171
-2.109,1.909
-2.003,2.369
-2.08,0.604
-2.097,0.691
-2.176,0.473
-2.15,-1.231
-2.321,0.042
-2.361,2.245
-2.5,-1.079
-2.479,1.377
-2.521,2.322
-2.393,-0.698
-2.694,-0.365
-2.558,-1.344
-2.695,-1.341
-2.689,1.283
-2.757,0.636
-2.76,-0.411
-3.003,-0.416
-2.849,2.319
-3.019,1.448
-3.03,2.505
-2.899,-1.089
-3.058,0.104
-3.086,-1.071
3.012,2.106
3.005,-0.284
3.026,0.72
3.049,1.328
3.046,0.995
2.883,0.708
2.973,0.563
2.848,-0.292
2.865,1.357
2.649,2.003
2.575,2.511
2.633,2.286
2.492,-0.926
2.536,2.03
2.357,-1.151
2.19,0.961
2.115,1.641
2.102,-1.305
2.134,-1.191
2.135,2.533
2.077,0.7
1.91,1.228
1.88,-1.253
1.746,-0.16
1.557,0.428
1.583,-1.479
1.523,-1.479
1.629,1.075
1.596,0.509
1.611,1.2
1.067,-0.512
1.059,-0.287
0.912,0.709
0.936,-0.457
0.818,-0.371
0.91,1.294
0.758,0.574
0.869,0.235
0.869,1.135
0.731,-0.002
0.802,0.33
0.603,1.314
0.717,-1.106
0.5,-1.312
-0.157,-1.479
-0.04,-1.52
-0.243,-1.425
-0.702,-1.758
-0.674,-1.829
-0.937,-1.677
-0.857,-1.48
-0.969,-1.517
-1.651,-1.688
-1.585,-1.436
-1.559,-1.554
-1.896,-1.547
-2.058,-1.786
-2.865,-1.647
-2.86,-1.856
-3.123,-1.63
-3.129,-1.651
1.03,-1.744
0.545,-1.575
0.49,2.67
0.315,2.901
-0.484,2.956
-0.792,2.733
-1.451,2.636
-1.651,2.594
-2.655,2.722
-2.673,2.63
-2.79,2.638
3.068,2.765
2.665,2.634
1.991,2.809
1.534,2.663
1.272,2.647
-0.399,0.676
-0.783,0.677
-1.628,0.052
2.589,0.677
2.407,1.293
1.687,2.043
1.418,2.256
0.826,-0.857
2.865,0.986
2.178,1.349
1.296,1.281
1.279,2.165
1.283,1.599
1.219,2.166
1.228,0.599
1.2,2.006
1.116,1.391
1.078,1.424
0.998,0.742
0.966,1.964
1.042,2.073
0.91,1.166
0.818,0.733
-1.102,-0.218
-2.393,0.911
1.236,-0.614
0.81,0.843
0.554,0.9
-1.172,-1.449
-1.29,-1.319
-2.735,-1.202
-1.722,2.485
-1.103,-1.388
-1.702,-1.564
-0.086,1.243
-0.094,-1.165
-0.056,-0.043
-0.138,1.157
-0.091,1.004
-0.107,-0.889
-0.195,0.997
-0.203,0.909
-0.162,1.427
-0.228,-0.492
-0.318,1.839
-0.292,-1.473
-0.359,1.588
-0.328,0.68
-0.421,0.602
-0.397,1.001
-0.5,0.145
-0.455,0.214
-0.492,1.873
-0.508,1.331
-0.576,-1.497
-0.609,0.942
-0.605,0.2
-0.586,1.12
-0.591,-0.091
-0.668,0.994
-0.7,-0.301
-0.631,0.522
-0.682,0.013
-0.731,-0.534
-0.71,-0.973
-0.814,-1.365
-0.971,0.231
-1.069,-0.515
-1.082,-0.229
-1.172,-1.454
-1.118,-1.041
-1.227,0.242
-1.215,2.074
-1.251,-0.953
-1.215,-0.84
-1.273,-0.421
-1.311,-0.052
-1.288,-0.416
-1.396,-1.404
-1.346,-1.184
-1.359,-0.342
-1.45,0.297
-1.353,-0.898
-1.442,-1.261
-1.567,-0.424
-1.627,0.925
-1.565,1.072
-1.64,1.554
-1.624,0.232
-1.691,1.363
-1.676,-1.235
-1.783,1.321
-1.789,-0.768
-1.808,-0.022
-1.874,1.629
-1.866,0.714
-1.867,-1.271
-1.962,-1.41
-1.994,0.68
-1.924,-0.286
-1.968,-0.106
-1.999,-1.033
-2.072,0.029
-2.081,1.019
-2.078,2.326
-2.011,0.493
-2.104,-0.743
-2.132,2.075
-2.078,1.474
-2.166,0.71
-2.151,0.695
-2.226,0.089
-2.245,0.761
-2.176,0.53
-2.278,-0.994
-2.225,1.364
-2.275,0.925
-2.349,0.824
-2.361,-0.558
-2.325,1.185
-2.328,1.724
-2.329,-1.006
-2.361,1.117
-2.44,0.26
-2.405,-0.578
-2.454,0.372
-2.505,-0.279
-2.525,-1.407
-2.477,0.567
-2.497,0.082
-2.577,-1.549
-2.619,0.733
-2.573,-1.348
-2.572,1.844
-2.674,1.587
-2.722,0.915
-2.791,1.291
-2.856,1.457
-2.797,1.133
-2.846,-0.425
-2.857,1.562
-2.988,1.236
-2.992,2.12
-2.944,0.14
-3.045,2.339
-3.13,0.107
3.106,-0.629
3.095,-1.332
3.101,1.366
3.053,1.169
3.092,1.635
3.044,1.797
2.908,0.289
2.959,0.017
2.962,1.172
2.848,-1.493
2.891,-1.041
2.797,0.545
2.871,1.91
2.777,0.634
2.811,-1.554
2.765,1.473
2.829,1.821
2.754,0.926
2.744,1.144
2.717,-1.686
2.656,0.742
2.68,-1.507
2.656,2.278
2.566,-0.731
2.422,0.6
2.465,-0.1
2.379,1.93
2.336,0.505
2.354,-0.498
2.24,0.947
2.24,-1.02
2.171,0.043
2.104,1.971
2.019,2.207
1.916,0.32
1.925,-0.979
1.908,0.758
1.819,-0.525
1.76,-0.255
1.722,-0.971
1.699,-0.327
1.773,0.491
1.76,0.408
1.664,1.362
1.702,-0.03
1.633,1.341
1.598,0.551
1.603,1.547
1.543,0.26
1.593,1.968
1.591,-1.58
1.497,0.223
1.545,1.709
1.531,-0.415
1.557,1.878
1.483,1.625
1.49,0.177
1.478,1.483
1.494,0.135
1.427,1.48
1.484,0.273
1.376,2.211
1.441,0.236
1.441,-1.555
1.375,1.519
1.335,0.958
1.297,-0.425
1.348,1.708
1.345,1.183
1.342,-0.238
1.231,0.416
1.29,-0.188
1.299,-0.273
1.203,-0.49
1.169,-0.64
1.01,-0.407
1.067,0.331
1.0,-0.226
0.914,-0.911
0.795,0.606
0.765,1.263
0.777,0.422
0.748,2.234
0.772,1.301
0.717,1.69
0.696,2.149
0.64,-1.615
0.704,0.899
0.655,2.204
0.62,1.595
0.586,-0.881
0.464,1.203
0.523,2.045
0.497,1.627
0.421,-1.018
-0.538,-1.664
-1.217,-1.629
-1.244,-1.689
-1.667,-1.949
-1.713,-1.758
-1.995,-2.054
-1.999,-1.952
-2.152,-1.677
-2.415,-1.704
-2.894,-1.963
-2.896,-1.7
3.035,-2.134
3.006,-1.903
2.765,-1.878
2.339,-2.063
2.172,-1.804
1.61,-1.782
1.525,-1.714
0.939,-1.736
0.963,-1.801
0.519,-1.611
0.268,2.385
0.024,2.597
-0.219,2.369
-1.055,2.556
-1.32,2.517
-1.517,2.497
-1.589,2.425
-1.711,2.659
-1.923,2.703
-2.087,2.488
-2.119,2.389
-2.466,2.71
1.879,2.638
1.928,2.48
1.758,2.688
1.73,2.684
1.651,2.662
1.454,2.345
0.919,2.649
0.676,2.759
0.536,2.431
-1.378,-1.425
-1.934,2.09
-2.264,-1.197
-2.71,2.249
1.693,1.979
1.697,-0.12
1.648,2.132
0.938,-1.297
0.696,1.639
0.778,1.367
-0.236,-1.792
2.733,-2.087
1.055,-2.02
-1.229,2.368
1.431,2.644
0.216,-1.351
0.184,0.089
0.144,1.916
0.026,-0.335
0.172,-1.405
0.017,0.387
-0.077,-0.039
-0.088,1.819
-0.272,-1.59
-0.329,0.042
-0.253,0.94
-0.271,2.104
-0.515,0.982
-0.679,1.04
-0.562,-1.636
-0.57,-0.265
-0.568,-0.267
-0.613,-0.852
-0.583,2.209
-0.678,-1.287
-0.832,0.388
-0.868,-0.302
-0.89,-0.082
-0.828,-1.352
-0.981,0.112
-0.905,0.746
-0.919,-0.229
-1.051,0.176
-1.171,1.113
-1.43,-0.668
-1.283,0.032
-1.495,2.085
-1.522,-1.454
-1.557,1.894
-1.505,0.819
-1.667,0.099
-1.671,-1.573
-1.562,1.105
-1.695,1.427
-1.725,0.568
-1.726,0.119
-1.755,-0.65
-1.66,-0.515
-1.648,2.159
-1.771,-0.167
-1.693,-0.957
-1.824,1.996
-1.839,0.704
-1.885,-0.959
-1.867,-1.468
-2.067,-1.506
-2.125,-1.392
-2.127,1.688
-2.021,2.148
-2.098,0.383
-2.115,0.47
-2.194,0.252
-2.168,-1.452
-2.339,-0.179
-2.379,2.024
-2.518,-1.3
-2.497,1.156
-2.539,2.101
-2.411,-0.919
-2.712,-0.586
-2.576,-1.565
-2.713,-1.562
-2.707,1.062
-2.775,0.415
-2.778,-0.632
-3.021,-0.637
-2.867,2.098
-3.037,1.227
-3.048,2.284
-2.917,-1.31
-3.076,-0.117
-3.104,-1.292
2.994,1.885
2.987,-0.505
3.008,0.499
3.031,1.107
3.028,0.774
2.865,0.487
2.955,0.342
2.83,-0.513
2.847,1.136
2.631,1.782
2.557,2.29
2.615,2.065
2.474,-1.147
2.518,1.809
2.339,-1.372
2.172,0.74
2.097,1.42
2.084,-1.526
2.116,-1.412
2.117,2.312
2.059,0.479
1.892,1.007
1.862,-1.474
1.728,-0.381
1.539,0.207
1.565,-1.7
1.505,-1.7
1.611,0.854
1.578,0.288
1.593,0.979
1.049,-0.733
1.041,-0.508
0.894,0.488
0.918,-0.678
0.8,-0.592
0.892,1.073
0.74,0.353
0.851,0.014
0.851,0.914
0.713,-0.223
0.784,0.109
0.585,1.093
0.699,-1.327
0.482,-1.533
-0.175,-1.7
-0.058,-1.741
-0.261,-1.646
-0.72,-1.979
-0.692,-2.05
-0.955,-1.898
-0.875,-1.701
-0.987,-1.738
-1.669,-1.909
-1.603,-1.657
-1.577,-1.775
-1.914,-1.768
-2.076,-2.007
-2.883,-1.868
-2.878,-2.077
-3.141,-1.851
3.136,-1.872
1.012,-1.965
0.527,-1.796
0.472,2.449
0.297,2.68
-0.502,2.735
-0.81,2.512
-1.469,2.415
-1.669,2.373
-2.673,2.501
-2.691,2.409
-2.808,2.417
3.05,2.544
2.647,2.413
1.973,2.588
1.516,2.442
1.254,2.426
-0.417,0.455
-0.801,0.456
-1.646,-0.169
2.571,0.456
2.389,1.072
1.669,1.822
1.4,2.035
0.808,-1.078
2.847,0.765
2.16,1.128
1.278,1.06
1.261,1.944
1.265,1.378
1.201,1.945
1.21,0.378
1.182,1.785
1.098,1.17
1.06,1.203
0.98,0.521
0.948,1.743
1.024,1.852
0.892,0.945
0.8,0.512
-1.12,-0.439
-2.411,0.69
1.218,-0.835
0.792,0.622
0.536,0.679
-1.19,-1.67
-1.308,-1.54
-2.753,-1.423
-1.74,2.264
-1.121,-1.609
-1.72,-1.785
-0.008,-2.408
0.03,-1.286
-0.052,-0.086
-0.005,-0.239
-0.021,-2.132
-0.109,-0.246
-0.117,-0.334
-0.076,0.184
-0.142,-1.735
-0.232,0.596
-0.206,-2.716
-0.273,0.345
-0.242,-0.563
-0.335,-0.641
-0.311,-0.242
-0.414,-1.098
-0.369,-1.029
-0.406,0.63
-0.422,0.088
-0.49,-2.74
-0.523,-0.301
-0.519,-1.043
-0.5,-0.123
-0.505,-1.334
-0.582,-0.249
-0.614,-1.544
-0.545,-0.721
-0.596,-1.23
-0.645,-1.777
-0.624,-2.216
-0.728,-2.608
-0.885,-1.012
-0.983,-1.758
-0.996,-1.472
-1.086,-2.697
-1.032,-2.284
-1.141,-1.001
-1.129,0.831
-1.165,-2.196
-1.129,-2.083
-1.187,-1.664
-1.225,-1.295
-1.202,-1.659
-1.31,-2.647
-1.26,-2.427
-1.273,-1.585
-1.364,-0.946
-1.267,-2.141
-1.356,-2.504
-1.481,-1.667
-1.541,-0.318
-1.479,-0.171
-1.554,0.311
-1.538,-1.011
-1.605,0.12
-1.59,-2.478
-1.697,0.078
-1.703,-2.011
-1.722,-1.265
-1.788,0.386
-1.78,-0.529
-1.781,-2.514
-1.876,-2.653
-1.908,-0.563
-1.838,-1.529
-1.882,-1.349
-1.913,-2.276
-1.986,-1.214
-1.995,-0.224
-1.992,1.083
-1.925,-0.75
-2.018,-1.986
-2.046,0.832
-1.992,0.231
-2.08,-0.533
-2.065,-0.548
-2.14,-1.154
-2.159,-0.482
-2.09,-0.713
-2.192,-2.237
-2.139,0.121
-2.189,-0.318
-2.263,-0.419
-2.275,-1.801
-2.239,-0.058
-2.242,0.481
-2.243,-2.249
-2.275,-0.126
-2.354,-0.983
-2.319,-1.821
-2.368,-0.871
-2.419,-1.522
-2.439,-2.65
-2.391,-0.676
-2.411,-1.161
-2.491,-2.792
-2.533,-0.51
-2.487,-2.591
-2.486,0.601
-2.588,0.344
-2.636,-0.328
-2.705,0.048
-2.77,0.214
-2.711,-0.11
-2.76,-1.668
-2.771,0.319
-2.902,-0.007
-2.906,0.877
-2.858,-1.103
-2.959,1.096
-3.044,-1.136
-3.091,-1.872
-3.102,-2.575
-3.096,0.123
3.139,-0.074
-3.105,0.392
3.13,0.554
2.994,-0.954
3.045,-1.226
3.048,-0.071
2.934,-2.736
2.977,-2.284
2.883,-0.698
2.957,0.667
2.863,-0.609
2.897,-2.797
2.851,0.23
2.915,0.578
2.84,-0.317
2.83,-0.099
2.803,-2.929
2.742,-0.501
2.766,-2.75
2.742,1.035
2.652,-1.974
2.508,-0.643
2.551,-1.343
2.465,0.687
2.422,-0.738
2.44,-1.741
2.326,-0.296
2.326,-2.263
2.257,-1.2
2.19,0.728
2.105,0.964
2.002,-0.923
2.011,-2.222
1.994,-0.485
1.905,-1.768
1.846,-1.498
1.808,-2.214
1.785,-1.57
1.859,-0.752
1.846,-0.835
1.75,0.119
1.788,-1.273
1.719,0.098
1.684,-0.692
1.689,0.304
1.629,-0.983
1.679,0.725
1.677,-2.823
1.583,-1.02
1.631,0.466
1.617,-1.658
1.643,0.635
1.569,0.382
1.576,-1.066
1.564,0.24
1.58,-1.108
1.513,0.237
1.57,-0.97
1.462,0.968
1.527,-1.007
1.527,-2.798
1.461,0.276
1.421,-0.285
1.383,-1.668
1.434,0.465
1.431,-0.06
1.428,-1.481
1.317,-0.827
1.376,-1.431
1.385,-1.516
1.289,-1.733
1.255,-1.883
1.096,-1.65
1.153,-0.912
1.086,-1.469
1.0,-2.154
0.881,-0.637
0.851,0.02
0.863,-0.821
0.834,0.991
0.858,0.058
0.803,0.447
0.782,0.906
0.726,-2.858
0.79,-0.344
0.741,0.961
0.706,0.352
0.672,-2.124
0.55,-0.04
0.609,0.802
0.583,0.384
0.507,-2.261
-0.452,-2.907
-1.131,-2.872
-1.158,-2.932
-1.581,-3.192
-1.627,-3.001
-1.909,-3.297
-1.913,-3.195
-2.066,-2.92
-2.329,-2.947
-2.808,-3.206
-2.81,-2.943
3.121,-3.377
3.092,-3.146
2.851,-3.121
2.425,-3.306
2.258,-3.047
1.696,-3.025
1.611,-2.957
1.025,-2.979
1.049,-3.044
0.605,-2.854
0.354,1.142
0.11,1.354
-0.133,1.126
-0.969,1.313
-1.234,1.274
-1.431,1.254
-1.503,1.182
-1.625,1.416
-1.837,1.46
-2.001,1.245
-2.033,1.146
-2.38,1.467
1.965,1.395
2.014,1.237
1.844,1.445
1.816,1.441
1.737,1.419
1.54,1.102
1.005,1.406
0.762,1.516
0.622,1.188
-1.292,-2.668
-1.848,0.847
-2.178,-2.44
-2.624,1.006
1.779,0.736
1.783,-1.363
1.734,0.889
1.024,-2.54
0.782,0.396
0.864,0.124
-0.15,-3.035
2.819,-3.33
1.141,-3.263
-1.143,1.125
1.517,1.401
0.302,-2.594
0.27,-1.154
0.23,0.673
0.112,-1.578
0.258,-2.648
0.103,-0.856
0.009,-1.282
-0.002,0.576
-0.186,-2.833
-0.243,-1.201
-0.167,-0.303
-0.185,0.861
-0.429,-0.261
-0.593,-0.203
-0.476,-2.879
-0.484,-1.508
-0.482,-1.51
-0.527,-2.095
-0.497,0.966
-0.592,-2.53
-0.746,-0.855
-0.782,-1.545
-0.804,-1.325
-0.742,-2.595
-0.895,-1.131
-0.819,-0.497
-0.833,-1.472
-0.965,-1.067
-1.085,-0.13
-1.344,-1.911
-1.197,-1.211
-1.409,0.842
-1.436,-2.697
-1.471,0.651
-1.419,-0.424
-1.581,-1.144
-1.585,-2.816
-1.476,-0.138
-1.609,0.184
-1.639,-0.675
-1.64,-1.124
-1.669,-1.893
-1.574,-1.758
-1.562,0.916
-1.685,-1.41
-1.607,-2.2
-1.738,0.753
-1.753,-0.539
-1.799,-2.202
-1.781,-2.711
-1.981,-2.749
-2.039,-2.635
-2.041,0.445
-1.935,0.905
-2.012,-0.86
-2.029,-0.773
-2.108,-0.991
-2.082,-2.695
-2.253,-1.422
-2.293,0.781
-2.432,-2.543
-2.411,-0.087
-2.453,0.858
-2.325,-2.162
-2.626,-1.829
-2.49,-2.808
-2.627,-2.805
-2.621,-0.181
-2.689,-0.828
-2.692,-1.875
-2.935,-1.88
-2.781,0.855
-2.951,-0.016
-2.962,1.041
-2.831,-2.553
-2.99,-1.36
-3.018,-2.535
3.08,0.642
3.073,-1.748
3.094,-0.744
3.117,-0.136
3.114,-0.469
2.951,-0.756
3.041,-0.901
2.916,-1.756
2.933,-0.107
2.717,0.539
2.643,1.047
2.701,0.822
2.56,-2.39
2.604,0.566
2.425,-2.615
2.258,-0.503
2.183,0.177
2.17,-2.769
2.202,-2.655
2.203,1.069
2.145,-0.764
1.978,-0.236
1.948,-2.717
1.814,-1.624
1.625,-1.036
1.651,-2.943
1.591,-2.943
1.697,-0.389
1.664,-0.955
1.679,-0.264
1.135,-1.976
1.127,-1.751
0.98,-0.755
1.004,-1.921
0.886,-1.835
0.978,-0.17
0.826,-0.89
0.937,-1.229
0.937,-0.329
0.799,-1.466
0.87,-1.134
0.671,-0.15
0.785,-2.57
0.568,-2.776
-0.089,-2.943
0.028,-2.984
-0.175,-2.889
-0.634,-3.222
-0.606,-3.293
-0.869,-3.141
-0.789,-2.944
-0.901,-2.981
-1.583,-3.152
-1.517,-2.9
-1.491,-3.018
-1.828,-3.011
-1.99,-3.25
-2.797,-3.111
-2.792,-3.32
-3.055,-3.094
-3.061,-3.115
1.098,-3.208
0.613,-3.039
0.558,1.206
0.383,1.437
-0.416,1.492
-0.724,1.269
-1.383,1.172
-1.583,1.13
-2.587,1.258
-2.605,1.166
-2.722,1.174
3.136,1.301
2.733,1.17
2.059,1.345
1.602,1.199
1.34,1.183
-0.331,-0.788
-0.715,-0.787
-1.56,-1.412
2.657,-0.787
2.475,-0.171
1.755,0.579
1.486,0.792
0.894,-2.321
2.933,-0.478
2.246,-0.115
1.364,-0.183
1.347,0.701
1.351,0.135
1.287,0.702
1.296,-0.865
1.268,0.542
1.184,-0.073
1.146,-0.04
1.066,-0.722
1.034,0.5
1.11,0.609
0.978,-0.298
0.886,-0.731
-1.034,-1.682
-2.325,-0.553
1.304,-2.078
0.878,-0.621
0.622,-0.564
-1.104,-2.913
-1.222,-2.783
-2.667,-2.666
-1.654,1.021
-1.035,-2.852
-1.634,-3.028
0.038,1.122
-0.044,2.322
0.003,2.169
-0.013,0.276
-0.101,2.162
-0.109,2.074
-0.068,2.592
-0.134,0.673
-0.224,3.004
-0.198,-0.308
-0.265,2.753
-0.234,1.845
-0.327,1.767
-0.303,2.166
-0.406,1.31
-0.361,1.379
-0.398,3.038
-0.414,2.496
-0.482,-0.332
-0.515,2.107
-0.511,1.365
-0.492,2.285
-0.497,1.074
-0.574,2.159
-0.606,0.864
-0.537,1.687
-0.588,1.178
-0.637,0.631
-0.616,0.192
-0.72,-0.2
-0.877,1.396
-0.975,0.65
-0.988,0.936
-1.078,-0.289
-1.024,0.124
-1.133,1.407
-1.121,3.239
-1.157,0.212
-1.121,0.325
-1.179,0.744
-1.217,1.113
-1.194,0.749
-1.302,-0.239
-1.252,-0.019
-1.265,0.823
-1.356,1.462
-1.259,0.267
-1.348,-0.096
-1.473,0.741
-1.533,2.09
-1.471,2.237
-1.546,2.719
-1.53,1.397
-1.597,2.528
-1.582,-0.07
-1.689,2.486
-1.695,0.397
-1.714,1.143
-1.78,2.794
-1.772,1.879
-1.773,-0.106
-1.868,-0.245
-1.9,1.845
-1.83,0.879
-1.874,1.059
-1.905,0.132
-1.978,1.194
-1.987,2.184
-1.984,3.491
-1.917,1.658
-2.01,0.422
-2.038,3.24
-1.984,2.639
-2.072,1.875
-2.057,1.86
-2.132,1.254
-2.151,1.926
-2.082,1.695
-2.184,0.171
-2.131,2.529
-2.181,2.09
-2.255,1.989
-2.267,0.607
-2.231,2.35
-2.234,2.889
-2.235,0.159
-2.267,2.282
-2.346,1.425
-2.311,0.587
-2.36,1.537
-2.411,0.886
-2.431,-0.242
-2.383,1.732
-2.403,1.247
-2.483,-0.384
-2.525,1.898
-2.479,-0.183
-2.478,3.009
-2.58,2.752
-2.628,2.08
-2.697,2.456
-2.762,2.622
-2.703,2.298
-2.752,0.74
-2.763,2.727
-2.894,2.401
-2.898,3.285
-2.85,1.305
-2.951,3.504
-3.036,1.272
-3.083,0.536
-3.094,-0.167
-3.088,2.531
-3.136,2.334
-3.097,2.8
3.138,2.962
3.002,1.454
3.053,1.182
3.056,2.337
2.942,-0.328
2.985,0.124
2.891,1.71
2.965,3.075
2.871,1.799
2.905,-0.389
2.859,2.638
2.923,2.986
2.848,2.091
2.838,2.309
2.811,-0.521
2.75,1.907
2.774,-0.342
2.75,3.443
2.66,0.434
2.516,1.765
2.559,1.065
2.473,3.095
2.43,1.67
2.448,0.667
2.334,2.112
2.334,0.145
2.265,1.208
2.198,3.136
2.113,3.372
2.01,1.485
2.019,0.186
2.002,1.923
1.913,0.64
1.854,0.91
1.816,0.194
1.793,0.838
1.867,1.656
1.854,1.573
1.758,2.527
1.796,1.135
1.727,2.506
1.692,1.716
1.697,2.712
1.637,1.425
1.687,3.133
1.685,-0.415
1.591,1.388
1.639,2.874
1.625,0.75
1.651,3.043
1.577,2.79
1.584,1.342
1.572,2.648
1.588,1.3
1.521,2.645
1.578,1.438
1.47,3.376
1.535,1.401
1.535,-0.39
1.469,2.684
1.429,2.123
1.391,0.74
1.442,2.873
1.439,2.348
1.436,0.927
1.325,1.581
1.384,0.977
1.393,0.892
1.297,0.675
1.263,0.525
1.104,0.758
1.161,1.496
1.094,0.939
1.008,0.254
0.889,1.771
0.859,2.428
0.871,1.587
0.842,3.399
0.866,2.466
0.811,2.855
0.79,3.314
0.734,-0.45
0.798,2.064
0.749,3.369
0.714,2.76
0.68,0.284
0.558,2.368
0.617,3.21
0.591,2.792
0.515,0.147
-0.444,-0.499
-1.123,-0.464
-1.15,-0.524
-1.573,-0.784
-1.619,-0.593
-1.901,-0.889
-1.905,-0.787
-2.058,-0.512
-2.321,-0.539
-2.8,-0.798
-2.802,-0.535
3.129,-0.969
3.1,-0.738
2.859,-0.713
2.433,-0.898
2.266,-0.639
1.704,-0.617
1.619,-0.549
1.033,-0.571
1.057,-0.636
0.613,-0.446
0.362,3.55
0.118,3.762
-0.125,3.534
-0.961,3.721
-1.226,3.682
-1.423,3.662
-1.495,3.59
-1.617,3.824
-1.829,3.868
-1.993,3.653
-2.025,3.554
-2.372,3.875
1.973,3.803
2.022,3.645
1.852,3.853
1.824,3.849
1.745,3.827
1.548,3.51
1.013,3.814
0.77,3.924
0.63,3.596
-1.284,-0.26
-1.84,3.255
-2.17,-0.032
-2.616,3.414
1.787,3.144
1.791,1.045
1.742,3.297
1.032,-0.132
0.79,2.804
0.872,2.532
-0.142,-0.627
2.827,-0.922
1.149,-0.855
-1.135,3.533
1.525,3.809
0.31,-0.186
0.278,1.254
0.238,3.081
0.12,0.83
0.266,-0.24
0.111,1.552
0.017,1.126
0.006,2.984
-0.178,-0.425
-0.235,1.207
-0.159,2.105
-0.177,3.269
-0.421,2.147
-0.585,2.205
-0.468,-0.471
-0.476,0.9
-0.474,0.898
-0.519,0.313
-0.489,3.374
-0.584,-0.122
-0.738,1.553
-0.774,0.863
-0.796,1.083
-0.734,-0.187
-0.887,1.277
-0.811,1.911
-0.825,0.936
-0.957,1.341
-1.077,2.278
-1.336,0.497
-1.189,1.197
-1.401,3.25
-1.428,-0.289
-1.463,3.059
-1.411,1.984
-1.573,1.264
-1.577,-0.408
-1.468,2.27
-1.601,2.592
-1.631,1.733
-1.632,1.284
-1.661,0.515
-1.566,0.65
-1.554,3.324
-1.677,0.998
-1.599,0.208
-1.73,3.161
-1.745,1.869
-1.791,0.206
-1.773,-0.303
-1.973,-0.341
-2.031,-0.227
-2.033,2.853
-1.927,3.313
-2.004,1.548
-2.021,1.635
-2.1,1.417
-2.074,-0.287
-2.245,0.986
-2.285,3.189
-2.424,-0.135
-2.403,2.321
-2.445,3.266
-2.317,0.246
-2.618,0.579
-2.482,-0.4
-2.619,-0.397
-2.613,2.227
-2.681,1.58
-2.684,0.533
-2.927,0.528
-2.773,3.263
-2.943,2.392
-2.954,3.449
-2.823,-0.145
-2.982,1.048
-3.01,-0.127
3.088,3.05
3.081,0.66
3.102,1.664
3.125,2.272
3.122,1.939
2.959,1.652
3.049,1.507
2.924,0.652
2.941,2.301
2.725,2.947
2.651,3.455
2.709,3.23
2.568,0.018
2.612,2.974
2.433,-0.207
2.266,1.905
2.191,2.585
2.178,-0.361
2.21,-0.247
2.211,3.477
2.153,1.644
1.986,2.172
1.956,-0.309
1.822,0.784
1.633,1.372
1.659,-0.535
1.599,-0.535
1.705,2.019
1.672,1.453
1.687,2.144
1.143,0.432
1.135,0.657
0.988,1.653
1.012,0.487
0.894,0.573
0.986,2.238
0.834,1.518
0.945,1.179
0.945,2.079
0.807,0.942
0.878,1.274
0.679,2.258
0.793,-0.162
0.576,-0.368
-0.081,-0.535
0.036,-0.576
-0.167,-0.481
-0.626,-0.814
-0.598,-0.885
-0.861,-0.733
-0.781,-0.536
-0.893,-0.573
-1.575,-0.744
-1.509,-0.492
-1.483,-0.61
-1.82,-0.603
-1.982,-0.842
-2.789,-0.703
-2.784,-0.912
-3.047,-0.686
-3.053,-0.707
1.106,-0.8
0.621,-0.631
0.566,3.614
0.391,3.845
-0.408,3.9
-0.716,3.677
-1.375,3.58
-1.575,3.538
-2.579,3.666
-2.597,3.574
-2.714,3.582
-3.139,3.709
2.741,3.578
2.067,3.753
1.61,3.607
1.348,3.591
-0.323,1.62
-0.707,1.621
-1.552,0.996
2.665,1.621
2.483,2.237
1.763,2.987
1.494,3.2
0.902,0.087
2.941,1.93
2.254,2.293
1.372,2.225
1.355,3.109
1.359,2.543
1.295,3.11
1.304,1.543
1.276,2.95
1.192,2.335
1.154,2.368
1.074,1.686
1.042,2.908
1.118,3.017
0.986,2.11
0.894,1.677
-1.026,0.726
-2.317,1.855
1.312,0.33
0.886,1.787
0.63,1.844
-1.096,-0.505
-1.214,-0.375
-2.659,-0.258
-1.646,3.429
-1.027,-0.444
-1.626,-0.62
-0.082,1.2
-0.035,1.047
-0.051,-0.846
-0.139,1.04
-0.147,0.952
-0.106,1.47
-0.172,-0.449
-0.262,1.882
-0.236,-1.43
-0.303,1.631
-0.272,0.723
-0.365,0.645
-0.341,1.044
-0.444,0.188
-0.399,0.257
-0.436,1.916
-0.452,1.374
-0.52,-1.454
-0.553,0.985
-0.549,0.243
-0.53,1.163
-0.535,-0.048
-0.612,1.037
-0.644,-0.258
-0.575,0.565
-0.626,0.056
-0.675,-0.491
-0.654,-0.93
-0.758,-1.322
-0.915,0.274
-1.013,-0.472
-1.026,-0.186
-1.116,-1.411
-1.062,-0.998
-1.171,0.285
-1.159,2.117
-1.195,-0.91
-1.159,-0.797
-1.217,-0.378
-1.255,-0.009
-1.232,-0.373
-1.34,-1.361
-1.29,-1.141
-1.303,-0.299
-1.394,0.34
-1.297,-0.855
-1.386,-1.218
-1.511,-0.381
-1.571,0.968
-1.509,1.115
-1.584,1.597
-1.568,0.275
-1.635,1.406
-1.62,-1.192
-1.727,1.364
-1.733,-0.725
-1.752,0.021
-1.818,1.672
-1.81,0.757
-1.811,-1.228
-1.906,-1.367
-1.938,0.723
-1.868,-0.243
-1.912,-0.063
-1.943,-0.99
-2.016,0.072
-2.025,1.062
-2.022,2.369
-1.955,0.536
-2.048,-0.7
-2.076,2.118
-2.022,1.517
-2.11,0.753
-2.095,0.738
-2.17,0.132
-2.189,0.804
-2.12,0.573
-2.222,-0.951
-2.169,1.407
-2.219,0.968
-2.293,0.867
-2.305,-0.515
-2.269,1.228
-2.272,1.767
-2.273,-0.963
-2.305,1.16
-2.384,0.303
-2.349,-0.535
-2.398,0.415
-2.449,-0.236
-2.469,-1.364
-2.421,0.61
-2.441,0.125
-2.521,-1.506
-2.563,0.776
-2.517,-1.305
-2.516,1.887
-2.618,1.63
-2.666,0.958
-2.735,1.334
-2.8,1.5
-2.741,1.176
-2.79,-0.382
-2.801,1.605
-2.932,1.279
-2.936,2.163
-2.888,0.183
-2.989,2.382
-3.074,0.15
-3.121,-0.586
-3.132,-1.289
-3.126,1.409
3.109,1.212
-3.135,1.678
3.1,1.84
2.964,0.332
3.015,0.06
3.018,1.215
2.904,-1.45
2.947,-0.998
2.853,0.588
2.927,1.953
2.833,0.677
2.867,-1.511
2.821,1.516
2.885,1.864
2.81,0.969
2.8,1.187
2.773,-1.643
2.712,0.785
2.736,-1.464
2.712,2.321
2.622,-0.688
2.478,0.643
2.521,-0.057
2.435,1.973
2.392,0.548
2.41,-0.455
2.296,0.99
2.296,-0.977
2.227,0.086
2.16,2.014
2.075,2.25
1.972,0.363
1.981,-0.936
1.964,0.801
1.875,-0.482
1.816,-0.212
1.778,-0.928
1.755,-0.284
1.829,0.534
1.816,0.451
1.72,1.405
1.758,0.013
1.689,1.384
1.654,0.594
1.659,1.59
1.599,0.303
1.649,2.011
1.647,-1.537
1.553,0.266
1.601,1.752
1.587,-0.372
1.613,1.921
1.539,1.668
1.546,0.22
1.534,1.526
1.55,0.178
1.483,1.523
1.54,0.316
1.432,2.254
1.497,0.279
1.497,-1.512
1.431,1.562
1.391,1.001
1.353,-0.382
1.404,1.751
1.401,1.226
1.398,-0.195
1.287,0.459
1.346,-0.145
1.355,-0.23
1.259,-0.447
1.225,-0.597
1.066,-0.364
1.123,0.374
1.056,-0.183
0.97,-0.868
0.851,0.649
0.821,1.306
0.833,0.465
0.804,2.277
0.828,1.344
0.773,1.733
0.752,2.192
0.696,-1.572
0.76,0.942
0.711,2.247
0.676,1.638
0.642,-0.838
0.52,1.246
0.579,2.088
0.553,1.67
0.477,-0.975
-0.482,-1.621
-1.161,-1.586
-1.188,-1.646
-1.611,-1.906
-1.657,-1.715
-1.939,-2.011
-1.943,-1.909
-2.096,-1.634
-2.359,-1.661
-2.838,-1.92
-2.84,-1.657
3.091,-2.091
3.062,-1.86
2.821,-1.835
2.395,-2.02
2.228,-1.761
1.666,-1.739
1.581,-1.671
0.995,-1.693
1.019,-1.758
0.575,-1.568
0.324,2.428
0.08,2.64
-0.163,2.412
-0.999,2.599
-1.264,2.56
-1.461,2.54
-1.533,2.468
-1.655,2.702
-1.867,2.746
-2.031,2.531
-2.063,2.432
-2.41,2.753
1.935,2.681
1.984,2.523
1.814,2.731
1.786,2.727
1.707,2.705
1.51,2.388
0.975,2.692
0.732,2.802
0.592,2.474
-1.322,-1.382
-1.878,2.133
-2.208,-1.154
-2.654,2.292
1.749,2.022
1.753,-0.077
1.704,2.175
0.994,-1.254
0.752,1.682
0.834,1.41
-0.18,-1.749
2.789,-2.044
1.111,-1.977
-1.173,2.411
1.487,2.687
0.272,-1.308
0.24,0.132
0.2,1.959
0.082,-0.292
0.228,-1.362
0.073,0.43
-0.021,0.004
-0.032,1.862
-0.216,-1.547
-0.273,0.085
-0.197,0.983
-0.215,2.147
-0.459,1.025
-0.623,1.083
-0.506,-1.593
-0.514,-0.222
-0.512,-0.224
-0.557,-0.809
-0.527,2.252
-0.622,-1.244
-0.776,0.431
-0.812,-0.259
-0.834,-0.039
-0.772,-1.309
-0.925,0.155
-0.849,0.789
-0.863,-0.186
-0.995,0.219
-1.115,1.156
-1.374,-0.625
-1.227,0.075
-1.439,2.128
-1.466,-1.411
-1.501,1.937
-1.449,0.862
-1.611,0.142
-1.615,-1.53
-1.506,1.148
-1.639,1.47
-1.669,0.611
-1.67,0.162
-1.699,-0.607
-1.604,-0.472
-1.592,2.202
-1.715,-0.124
-1.637,-0.914
-1.768,2.039
-1.783,0.747
-1.829,-0.916
-1.811,-1.425
-2.011,-1.463
-2.069,-1.349
-2.071,1.731
-1.965,2.191
-2.042,0.426
-2.059,0.513
-2.138,0.295
-2.112,-1.409
-2.283,-0.136
-2.323,2.067
-2.462,-1.257
-2.441,1.199
-2.483,2.144
-2.355,-0.876
-2.656,-0.543
-2.52,-1.522
-2.657,-1.519
-2.651,1.105
-2.719,0.458
-2.722,-0.589
-2.965,-0.594
-2.811,2.141
-2.981,1.27
-2.992,2.327
-2.861,-1.267
-3.02,-0.074
-3.048,-1.249
3.05,1.928
3.043,-0.462
3.064,0.542
3.087,1.15
3.084,0.817
2.921,0.53
3.011,0.385
2.886,-0.47
2.903,1.179
2.687,1.825
2.613,2.333
2.671,2.108
2.53,-1.104
2.574,1.852
2.395,-1.329
2.228,0.783
2.153,1.463
2.14,-1.483
2.172,-1.369
2.173,2.355
2.115,0.522
1.948,1.05
1.918,-1.431
1.784,-0.338
1.595,0.25
1.621,-1.657
1.561,-1.657
1.667,0.897
1.634,0.331
1.649,1.022
1.105,-0.69
1.097,-0.465
0.95,0.531
0.974,-0.635
0.856,-0.549
0.948,1.116
0.796,0.396
0.907,0.057
0.907,0.957
0.769,-0.18
0.84,0.152
0.641,1.136
0.755,-1.284
0.538,-1.49
-0.119,-1.657
-0.002,-1.698
-0.205,-1.603
-0.664,-1.936
-0.636,-2.007
-0.899,-1.855
-0.819,-1.658
-0.931,-1.695
-1.613,-1.866
-1.547,-1.614
-1.521,-1.732
-1.858,-1.725
-2.02,-1.964
-2.827,-1.825
-2.822,-2.034
-3.085,-1.808
-3.091,-1.829
1.068,-1.922
0.583,-1.753
0.528,2.492
0.353,2.723
-0.446,2.778
-0.754,2.555
-1.413,2.458
-1.613,2.416
-2.617,2.544
-2.635,2.452
-2.752,2.46
3.106,2.587
2.703,2.456
2.029,2.631
1.572,2.485
1.31,2.469
-0.361,0.498
-0.745,0.499
-1.59,-0.126
2.627,0.499
2.445,1.115
1.725,1.865
1.456,2.078
0.864,-1.035
2.903,0.808
2.216,1.171
1.334,1.103
1.317,1.987
1.321,1.421
1.257,1.988
1.266,0.421
1.238,1.828
1.154,1.213
1.116,1.246
1.036,0.564
1.004,1.786
1.08,1.895
0.948,0.988
0.856,0.555
-1.064,-0.396
-2.355,0.733
1.274,-0.792
0.848,0.665
0.592,0.722
-1.134,-1.627
-1.252,-1.497
-2.697,-1.38
-1.684,2.307
-1.065,-1.566
-1.664,-1.742
0.047,-0.153
0.031,-2.046
-0.057,-0.16
-0.065,-0.248
-0.024,0.27
-0.09,-1.649
-0.18,0.682
-0.154,-2.63
-0.221,0.431
-0.19,-0.477
-0.283,-0.555
-0.259,-0.156
-0.362,-1.012
-0.317,-0.943
-0.354,0.716
-0.37,0.174
-0.438,-2.654
-0.471,-0.215
-0.467,-0.957
-0.448,-0.037
-0.453,-1.248
-0.53,-0.163
-0.562,-1.458
-0.493,-0.635
-0.544,-1.144
-0.593,-1.691
-0.572,-2.13
-0.676,-2.522
-0.833,-0.926
-0.931,-1.672
-0.944,-1.386
-1.034,-2.611
-0.98,-2.198
-1.089,-0.915
-1.077,0.917
-1.113,-2.11
-1.077,-1.997
-1.135,-1.578
-1.173,-1.209
-1.15,-1.573
-1.258,-2.561
-1.208,-2.341
-1.221,-1.499
-1.312,-0.86
-1.215,-2.055
-1.304,-2.418
-1.429,-1.581
-1.489,-0.232
-1.427,-0.085
-1.502,0.397
-1.486,-0.925
-1.553,0.206
-1.538,-2.392
-1.645,0.164
-1.651,-1.925
-1.67,-1.179
-1.736,0.472
-1.728,-0.443
-1.729,-2.428
-1.824,-2.567
-1.856,-0.477
-1.786,-1.443
-1.83,-1.263
-1.861,-2.19
-1.934,-1.128
-1.943,-0.138
-1.94,1.169
-1.873,-0.664
-1.966,-1.9
-1.994,0.918
-1.94,0.317
-2.028,-0.447
-2.013,-0.462
-2.088,-1.068
-2.107,-0.396
-2.038,-0.627
-2.14,-2.151
-2.087,0.207
-2.137,-0.232
-2.211,-0.333
-2.223,-1.715
-2.187,0.028
-2.19,0.567
-2.191,-2.163
-2.223,-0.04
-2.302,-0.897
-2.267,-1.735
-2.316,-0.785
-2.367,-1.436
-2.387,-2.564
-2.339,-0.59
-2.359,-1.075
-2.439,-2.706
-2.481,-0.424
-2.435,-2.505
-2.434,0.687
-2.536,0.43
-2.584,-0.242
-2.653,0.134
-2.718,0.3
-2.659,-0.024
-2.708,-1.582
-2.719,0.405
-2.85,0.079
-2.854,0.963
-2.806,-1.017
-2.907,1.182
-2.992,-1.05
-3.039,-1.786
-3.05,-2.489
-3.044,0.209
-3.092,0.012
-3.053,0.478
-3.101,0.64
3.046,-0.868
3.097,-1.14
3.1,0.015
2.986,-2.65
3.029,-2.198
2.935,-0.612
3.009,0.753
2.915,-0.523
2.949,-2.711
2.903,0.316
2.967,0.664
2.892,-0.231
2.882,-0.013
2.855,-2.843
2.794,-0.415
2.818,-2.664
2.794,1.121
2.704,-1.888
2.56,-0.557
2.603,-1.257
2.517,0.773
2.474,-0.652
2.492,-1.655
2.378,-0.21
2.378,-2.177
2.309,-1.114
2.242,0.814
2.157,1.05
2.054,-0.837
2.063,-2.136
2.046,-0.399
1.957,-1.682
1.898,-1.412
1.86,-2.128
1.837,-1.484
1.911,-0.666
1.898,-0.749
1.802,0.205
1.84,-1.187
1.771,0.184
1.736,-0.606
1.741,0.39
1.681,-0.897
1.731,0.811
1.729,-2.737
1.635,-0.934
1.683,0.552
1.669,-1.572
1.695,0.721
1.621,0.468
1.628,-0.98
1.616,0.326
1.632,-1.022
1.565,0.323
1.622,-0.884
1.514,1.054
1.579,-0.921
1.579,-2.712
1.513,0.362
1.473,-0.199
1.435,-1.582
1.486,0.551
1.483,0.026
1.48,-1.395
1.369,-0.741
1.428,-1.345
1.437,-1.43
1.341,-1.647
1.307,-1.797
1.148,-1.564
1.205,-0.826
1.138,-1.383
1.052,-2.068
0.933,-0.551
0.903,0.106
0.915,-0.735
0.886,1.077
0.91,0.144
0.855,0.533
0.834,0.992
0.778,-2.772
0.842,-0.258
0.793,1.047
0.758,0.438
0.724,-2.038
0.602,0.046
0.661,0.888
0.635,0.47
0.559,-2.175
-0.4,-2.821
-1.079,-2.786
-1.106,-2.846
-1.529,-3.106
-1.575,-2.915
-1.857,-3.211
-1.861,-3.109
-2.014,-2.834
-2.277,-2.861
-2.756,-3.12
-2.758,-2.857
-3.11,-3.291
-3.139,-3.06
2.903,-3.035
2.477,-3.22
2.31,-2.961
1.748,-2.939
1.663,-2.871
1.077,-2.893
1.101,-2.958
0.657,-2.768
0.406,1.228
0.162,1.44
-0.081,1.212
-0.917,1.399
-1.182,1.36
-1.379,1.34
-1.451,1.268
-1.573,1.502
-1.785,1.546
-1.949,1.331
-1.981,1.232
-2.328,1.553
2.017,1.481
2.066,1.323
1.896,1.531
1.868,1.527
1.789,1.505
1.592,1.188
1.057,1.492
0.814,1.602
0.674,1.274
-1.24,-2.582
-1.796,0.933
-2.126,-2.354
-2.572,1.092
1.831,0.822
1.835,-1.277
1.786,0.975
1.076,-2.454
0.834,0.482
0.916,0.21
-0.098,-2.949
2.871,-3.244
1.193,-3.177
-1.091,1.211
1.569,1.487
0.354,-2.508
0.322,-1.068
0.282,0.759
0.164,-1.492
0.31,-2.562
0.155,-0.77
0.061,-1.196
0.05,0.662
-0.134,-2.747
-0.191,-1.115
-0.115,-0.217
-0.133,0.947
-0.377,-0.175
-0.541,-0.117
-0.424,-2.793
-0.432,-1.422
-0.43,-1.424
-0.475,-2.009
-0.445,1.052
-0.54,-2.444
-0.694,-0.769
-0.73,-1.459
-0.752,-1.239
-0.69,-2.509
-0.843,-1.045
-0.767,-0.411
-0.781,-1.386
-0.913,-0.981
-1.033,-0.044
-1.292,-1.825
-1.145,-1.125
-1.357,0.928
-1.384,-2.611
-1.419,0.737
-1.367,-0.338
-1.529,-1.058
-1.533,-2.73
-1.424,-0.052
-1.557,0.27
-1.587,-0.589
-1.588,-1.038
-1.617,-1.807
-1.522,-1.672
-1.51,1.002
-1.633,-1.324
-1.555,-2.114
-1.686,0.839
-1.701,-0.453
-1.747,-2.116
-1.729,-2.625
-1.929,-2.663
-1.987,-2.549
-1.989,0.531
-1.883,0.991
-1.96,-0.774
-1.977,-0.687
-2.056,-0.905
-2.03,-2.609
-2.201,-1.336
-2.241,0.867
-2.38,-2.457
-2.359,-0.001
-2.401,0.944
-2.273,-2.076
-2.574,-1.743
-2.438,-2.722
-2.575,-2.719
-2.569,-0.095
-2.637,-0.742
-2.64,-1.789
-2.883,-1.794
-2.729,0.941
-2.899,0.07
-2.91,1.127
-2.779,-2.467
-2.938,-1.274
-2.966,-2.449
3.132,0.728
3.125,-1.662
-3.137,-0.658
-3.114,-0.05
-3.117,-0.383
3.003,-0.67
3.093,-0.815
2.968,-1.67
2.985,-0.021
2.769,0.625
2.695,1.133
2.753,0.908
2.612,-2.304
2.656,0.652
2.477,-2.529
2.31,-0.417
2.235,0.263
2.222,-2.683
2.254,-2.569
2.255,1.155
2.197,-0.678
2.03,-0.15
2.0,-2.631
1.866,-1.538
1.677,-0.95
1.703,-2.857
1.643,-2.857
1.749,-0.303
1.716,-0.869
1.731,-0.178
1.187,-1.89
1.179,-1.665
1.032,-0.669
1.056,-1.835
0.938,-1.749
1.03,-0.084
0.878,-0.804
0.989,-1.143
0.989,-0.243
0.851,-1.38
0.922,-1.048
0.723,-0.064
0.837,-2.484
0.62,-2.69
-0.037,-2.857
0.08,-2.898
-0.123,-2.803
-0.582,-3.136
-0.554,-3.207
-0.817,-3.055
-0.737,-2.858
-0.849,-2.895
-1.531,-3.066
-1.465,-2.814
-1.439,-2.932
-1.776,-2.925
-1.938,-3.164
-2.745,-3.025
-2.74,-3.234
-3.003,-3.008
-3.009,-3.029
1.15,-3.122
0.665,-2.953
0.61,1.292
0.435,1.523
-0.364,1.578
-0.672,1.355
-1.331,1.258
-1.531,1.216
-2.535,1.344
-2.553,1.252
-2.67,1.26
-3.095,1.387
2.785,1.256
2.111,1.431
1.654,1.285
1.392,1.269
-0.279,-0.702
-0.663,-0.701
-1.508,-1.326
2.709,-0.701
2.527,-0.085
1.807,0.665
1.538,0.878
0.946,-2.235
2.985,-0.392
2.298,-0.029
1.416,-0.097
1.399,0.787
1.403,0.221
1.339,0.788
1.348,-0.779
1.32,0.628
1.236,0.013
1.198,0.046
1.118,-0.636
1.086,0.586
1.162,0.695
1.03,-0.212
0.938,-0.645
-0.982,-1.596
-2.273,-0.467
1.356,-1.992
0.93,-0.535
0.674,-0.478
-1.052,-2.827
-1.17,-2.697
-2.615,-2.58
-1.602,1.107
-0.983,-2.766
-1.582,-2.942
-0.016,-1.893
-0.104,-0.007
-0.112,-0.095
-0.071,0.423
-0.137,-1.496
-0.227,0.835
-0.201,-2.477
-0.268,0.584
-0.237,-0.324
-0.33,-0.402
-0.306,-0.003
-0.409,-0.859
-0.364,-0.79
-0.401,0.869
-0.417,0.327
-0.485,-2.501
-0.518,-0.062
-0.514,-0.804
-0.495,0.116
-0.5,-1.095
-0.577,-0.01
-0.609,-1.305
-0.54,-0.482
-0.591,-0.991
-0.64,-1.538
-0.619,-1.977
-0.723,-2.369
-0.88,-0.773
-0.978,-1.519
-0.991,-1.233
-1.081,-2.458
-1.027,-2.045
-1.136,-0.762
-1.124,1.07
-1.16,-1.957
-1.124,-1.844
-1.182,-1.425
-1.22,-1.056
-1.197,-1.42
-1.305,-2.408
-1.255,-2.188
-1.268,-1.346
-1.359,-0.707
-1.262,-1.902
-1.351,-2.265
-1.476,-1.428
-1.536,-0.079
-1.474,0.068
-1.549,0.55
-1.533,-0.772
-1.6,0.359
-1.585,-2.239
-1.692,0.317
-1.698,-1.772
-1.717,-1.026
-1.783,0.625
-1.775,-0.29
-1.776,-2.275
-1.871,-2.414
-1.903,-0.324
-1.833,-1.29
-1.877,-1.11
-1.908,-2.037
-1.981,-0.975
-1.99,0.015
-1.987,1.322
-1.92,-0.511
-2.013,-1.747
-2.041,1.071
-1.987,0.47
-2.075,-0.294
-2.06,-0.309
-2.135,-0.915
-2.154,-0.243
-2.085,-0.474
-2.187,-1.998
-2.134,0.36
-2.184,-0.079
-2.258,-0.18
-2.27,-1.562
-2.234,0.181
-2.237,0.72
-2.238,-2.01
-2.27,0.113
-2.349,-0.744
-2.314,-1.582
-2.363,-0.632
-2.414,-1.283
-2.434,-2.411
-2.386,-0.437
-2.406,-0.922
-2.486,-2.553
-2.528,-0.271
-2.482,-2.352
-2.481,0.84
-2.583,0.583
-2.631,-0.089
-2.7,0.287
-2.765,0.453
-2.706,0.129
-2.755,-1.429
-2.766,0.558
-2.897,0.232
-2.901,1.116
-2.853,-0.864
-2.954,1.335
-3.039,-0.897
-3.086,-1.633
-3.097,-2.336
-3.091,0.362
-3.139,0.165
-3.1,0.631
3.135,0.793
2.999,-0.715
3.05,-0.987
3.053,0.168
2.939,-2.497
2.982,-2.045
2.888,-0.459
2.962,0.906
2.868,-0.37
2.902,-2.558
2.856,0.469
2.92,0.817
2.845,-0.078
2.835,0.14
2.808,-2.69
2.747,-0.262
2.771,-2.511
2.747,1.274
2.657,-1.735
2.513,-0.404
2.556,-1.104
2.47,0.926
2.427,-0.499
2.445,-1.502
2.331,-0.057
2.331,-2.024
2.262,-0.961
2.195,0.967
2.11,1.203
2.007,-0.684
2.016,-1.983
1.999,-0.246
1.91,-1.529
1.851,-1.259
1.813,-1.975
1.79,-1.331
1.864,-0.513
1.851,-0.596
1.755,0.358
1.793,-1.034
1.724,0.337
1.689,-0.453
1.694,0.543
1.634,-0.744
1.684,0.964
1.682,-2.584
1.588,-0.781
1.636,0.705
1.622,-1.419
1.648,0.874
1.574,0.621
1.581,-0.827
1.569,0.479
1.585,-0.869
1.518,0.476
1.575,-0.731
1.467,1.207
1.532,-0.768
1.532,-2.559
1.466,0.515
1.426,-0.046
1.388,-1.429
1.439,0.704
1.436,0.179
1.433,-1.242
1.322,-0.588
1.381,-1.192
1.39,-1.277
1.294,-1.494
1.26,-1.644
1.101,-1.411
1.158,-0.673
1.091,-1.23
1.005,-1.915
0.886,-0.398
0.856,0.259
0.868,-0.582
0.839,1.23
0.863,0.297
0.808,0.686
0.787,1.145
0.731,-2.619
0.795,-0.105
0.746,1.2
0.711,0.591
0.677,-1.885
0.555,0.199
0.614,1.041
0.588,0.623
0.512,-2.022
-0.447,-2.668
-1.126,-2.633
-1.153,-2.693
-1.576,-2.953
-1.622,-2.762
-1.904,-3.058
-1.908,-2.956
-2.061,-2.681
-2.324,-2.708
-2.803,-2.967
-2.805,-2.704
3.126,-3.138
3.097,-2.907
2.856,-2.882
2.43,-3.067
2.263,-2.808
1.701,-2.786
1.616,-2.718
1.03,-2.74
1.054,-2.805
0.61,-2.615
0.359,1.381
0.115,1.593
-0.128,1.365
-0.964,1.552
-1.229,1.513
-1.426,1.493
-1.498,1.421
-1.62,1.655
-1.832,1.699
-1.996,1.484
-2.028,1.385
-2.375,1.706
1.97,1.634
2.019,1.476
1.849,1.684
1.821,1.68
1.742,1.658
1.545,1.341
1.01,1.645
0.767,1.755
0.627,1.427
-1.287,-2.429
-1.843,1.086
-2.173,-2.201
-2.619,1.245
1.784,0.975
1.788,-1.124
1.739,1.128
1.029,-2.301
0.787,0.635
0.869,0.363
-0.145,-2.796
2.824,-3.091
1.146,-3.024
-1.138,1.364
1.522,1.64
0.307,-2.355
0.275,-0.915
0.235,0.912
0.117,-1.339
0.263,-2.409
0.108,-0.617
0.014,-1.043
0.003,0.815
-0.181,-2.594
-0.238,-0.962
-0.162,-0.064
-0.18,1.1
-0.424,-0.022
-0.588,0.036
-0.471,-2.64
-0.479,-1.269
-0.477,-1.271
-0.522,-1.856
-0.492,1.205
-0.587,-2.291
-0.741,-0.616
-0.777,-1.306
-0.799,-1.086
-0.737,-2.356
-0.89,-0.892
-0.814,-0.258
-0.828,-1.233
-0.96,-0.828
-1.08,0.109
-1.339,-1.672
-1.192,-0.972
-1.404,1.081
-1.431,-2.458
-1.466,0.89
-1.414,-0.185
-1.576,-0.905
-1.58,-2.577
-1.471,0.101
-1.604,0.423
-1.634,-0.436
-1.635,-0.885
-1.664,-1.654
-1.569,-1.519
-1.557,1.155
-1.68,-1.171
-1.602,-1.961
-1.733,0.992
-1.748,-0.3
-1.794,-1.963
-1.776,-2.472
-1.976,-2.51
-2.034,-2.396
-2.036,0.684
-1.93,1.144
-2.007,-0.621
-2.024,-0.534
-2.103,-0.752
-2.077,-2.456
-2.248,-1.183
-2.288,1.02
-2.427,-2.304
-2.406,0.152
-2.448,1.097
-2.32,-1.923
-2.621,-1.59
-2.485,-2.569
-2.622,-2.566
-2.616,0.058
-2.684,-0.589
-2.687,-1.636
-2.93,-1.641
-2.776,1.094
-2.946,0.223
-2.957,1.28
-2.826,-2.314
-2.985,-1.121
-3.013,-2.296
3.085,0.881
3.078,-1.509
3.099,-0.505
3.122,0.103
3.119,-0.23
2.956,-0.517
3.046,-0.662
2.921,-1.517
2.938,0.132
2.722,0.778
2.648,1.286
2.706,1.061
2.565,-2.151
2.609,0.805
2.43,-2.376
2.263,-0.264
2.188,0.416
2.175,-2.53
2.207,-2.416
2.208,1.308
2.15,-0.525
1.983,0.003
1.953,-2.478
1.819,-1.385
1.63,-0.797
1.656,-2.704
1.596,-2.704
1.702,-0.15
1.669,-0.716
1.684,-0.025
1.14,-1.737
1.132,-1.512
0.985,-0.516
1.009,-1.682
0.891,-1.596
0.983,0.069
0.831,-0.651
0.942,-0.99
0.942,-0.09
0.804,-1.227
0.875,-0.895
0.676,0.089
0.79,-2.331
0.573,-2.537
-0.084,-2.704
0.033,-2.745
-0.17,-2.65
-0.629,-2.983
-0.601,-3.054
-0.864,-2.902
-0.784,-2.705
-0.896,-2.742
-1.578,-2.913
-1.512,-2.661
-1.486,-2.779
-1.823,-2.772
-1.985,-3.011
-2.792,-2.872
-2.787,-3.081
-3.05,-2.855
-3.056,-2.876
1.103,-2.969
0.618,-2.8
0.563,1.445
0.388,1.676
-0.411,1.731
-0.719,1.508
-1.378,1.411
-1.578,1.369
-2.582,1.497
-2.6,1.405
-2.717,1.413
3.141,1.54
2.738,1.409
2.064,1.584
1.607,1.438
1.345,1.422
-0.326,-0.549
-0.71,-0.548
-1.555,-1.173
2.662,-0.548
2.48,0.068
1.76,0.818
1.491,1.031
0.899,-2.082
2.938,-0.239
2.251,0.124
1.369,0.056
1.352,0.94
1.356,0.374
1.292,0.941
1.301,-0.626
1.273,0.781
1.189,0.166
1.151,0.199
1.071,-0.483
1.039,0.739
1.115,0.848
0.983,-0.059
0.891,-0.492
-1.029,-1.443
-2.32,-0.314
1.309,-1.839
0.883,-0.382
0.627,-0.325
-1.099,-2.674
-1.217,-2.544
-2.662,-2.427
-1.649,1.26
-1.03,-2.613
-1.629,-2.789
-0.088,1.886
-0.096,1.798
-0.055,2.316
-0.121,0.397
-0.211,2.728
-0.185,-0.584
-0.252,2.477
-0.221,1.569
-0.314,1.491
-0.29,1.89
-0.393,1.034
-0.348,1.103
-0.385,2.762
-0.401,2.22
-0.469,-0.608
-0.502,1.831
-0.498,1.089
-0.479,2.009
-0.484,0.798
-0.561,1.883
-0.593,0.588
-0.524,1.411
-0.575,0.902
-0.624,0.355
-0.603,-0.084
-0.707,-0.476
-0.864,1.12
-0.962,0.374
-0.975,0.66
-1.065,-0.565
-1.011,-0.152
-1.12,1.131
-1.108,2.963
-1.144,-0.064
-1.108,0.049
-1.166,0.468
-1.204,0.837
-1.181,0.473
-1.289,-0.515
-1.239,-0.295
-1.252,0.547
-1.343,1.186
-1.246,-0.009
-1.335,-0.372
-1.46,0.465
-1.52,1.814
-1.458,1.961
-1.533,2.443
-1.517,1.121
-1.584,2.252
-1.569,-0.346
-1.676,2.21
-1.682,0.121
-1.701,0.867
-1.767,2.518
-1.759,1.603
-1.76,-0.382
-1.855,-0.521
-1.887,1.569
-1.817,0.603
-1.861,0.783
-1.892,-0.144
-1.965,0.918
-1.974,1.908
-1.971,3.215
-1.904,1.382
-1.997,0.146
-2.025,2.964
-1.971,2.363
-2.059,1.599
-2.044,1.584
-2.119,0.978
-2.138,1.65
-2.069,1.419
-2.171,-0.105
-2.118,2.253
-2.168,1.814
-2.242,1.713
-2.254,0.331
-2.218,2.074
-2.221,2.613
-2.222,-0.117
-2.254,2.006
-2.333,1.149
-2.298,0.311
-2.347,1.261
-2.398,0.61
-2.418,-0.518
-2.37,1.456
-2.39,0.971
-2.47,-0.66
-2.512,1.622
-2.466,-0.459
-2.465,2.733
-2.567,2.476
-2.615,1.804
-2.684,2.18
-2.749,2.346
-2.69,2.022
-2.739,0.464
-2.75,2.451
-2.881,2.125
-2.885,3.009
-2.837,1.029
-2.938,3.228
-3.023,0.996
-3.07,0.26
-3.081,-0.443
-3.075,2.255
-3.123,2.058
-3.084,2.524
-3.132,2.686
3.015,1.178
3.066,0.906
3.069,2.061
2.955,-0.604
2.998,-0.152
2.904,1.434
2.978,2.799
2.884,1.523
2.918,-0.665
2.872,2.362
2.936,2.71
2.861,1.815
2.851,2.033
2.824,-0.797
2.763,1.631
2.787,-0.618
2.763,3.167
2.673,0.158
2.529,1.489
2.572,0.789
2.486,2.819
2.443,1.394
2.461,0.391
2.347,1.836
2.347,-0.131
2.278,0.932
2.211,2.86
2.126,3.096
2.023,1.209
2.032,-0.09
2.015,1.647
1.926,0.364
1.867,0.634
1.829,-0.082
1.806,0.562
1.88,1.38
1.867,1.297
1.771,2.251
1.809,0.859
1.74,2.23
1.705,1.44
1.71,2.436
1.65,1.149
1.7,2.857
1.698,-0.691
1.604,1.112
1.652,2.598
1.638,0.474
1.664,2.767
1.59,2.514
1.597,1.066
1.585,2.372
1.601,1.024
1.534,2.369
1.591,1.162
1.483,3.1
1.548,1.125
1.548,-0.666
1.482,2.408
1.442,1.847
1.404,0.464
1.455,2.597
1.452,2.072
1.449,0.651
1.338,1.305
1.397,0.701
1.406,0.616
1.31,0.399
1.276,0.249
1.117,0.482
1.174,1.22
1.107,0.663
1.021,-0.022
0.902,1.495
0.872,2.152
0.884,1.311
0.855,3.123
0.879,2.19
0.824,2.579
0.803,3.038
0.747,-0.726
0.811,1.788
0.762,3.093
0.727,2.484
0.693,0.008
0.571,2.092
0.63,2.934
0.604,2.516
0.528,-0.129
-0.431,-0.775
-1.11,-0.74
-1.137,-0.8
-1.56,-1.06
-1.606,-0.869
-1.888,-1.165
-1.892,-1.063
-2.045,-0.788
-2.308,-0.815
-2.787,-1.074
-2.789,-0.811
-3.141,-1.245
3.113,-1.014
2.872,-0.989
2.446,-1.174
2.279,-0.915
1.717,-0.893
1.632,-0.825
1.046,-0.847
1.07,-0.912
0.626,-0.722
0.375,3.274
0.131,3.486
-0.112,3.258
-0.948,3.445
-1.213,3.406
-1.41,3.386
-1.482,3.314
-1.604,3.548
-1.816,3.592
-1.98,3.377
-2.012,3.278
-2.359,3.599
1.986,3.527
2.035,3.369
1.865,3.577
1.837,3.573
1.758,3.551
1.561,3.234
1.026,3.538
0.783,3.648
0.643,3.32
-1.271,-0.536
-1.827,2.979
-2.157,-0.308
-2.603,3.138
1.8,2.868
1.804,0.769
1.755,3.021
1.045,-0.408
0.803,2.528
0.885,2.256
-0.129,-0.903
2.84,-1.198
1.162,-1.131
-1.122,3.257
1.538,3.533
0.323,-0.462
0.291,0.978
0.251,2.805
0.133,0.554
0.279,-0.516
0.124,1.276
0.03,0.85
0.019,2.708
-0.165,-0.701
-0.222,0.931
-0.146,1.829
-0.164,2.993
-0.408,1.871
-0.572,1.929
-0.455,-0.747
-0.463,0.624
-0.461,0.622
-0.506,0.037
-0.476,3.098
-0.571,-0.398
-0.725,1.277
-0.761,0.587
-0.783,0.807
-0.721,-0.463
-0.874,1.001
-0.798,1.635
-0.812,0.66
-0.944,1.065
-1.064,2.002
-1.323,0.221
-1.176,0.921
-1.388,2.974
-1.415,-0.565
-1.45,2.783
-1.398,1.708
-1.56,0.988
-1.564,-0.684
-1.455,1.994
-1.588,2.316
-1.618,1.457
-1.619,1.008
-1.648,0.239
-1.553,0.374
-1.541,3.048
-1.664,0.722
-1.586,-0.068
-1.717,2.885
-1.732,1.593
-1.778,-0.07
-1.76,-0.579
-1.96,-0.617
-2.018,-0.503
-2.02,2.577
-1.914,3.037
-1.991,1.272
-2.008,1.359
-2.087,1.141
-2.061,-0.563
-2.232,0.71
-2.272,2.913
-2.411,-0.411
-2.39,2.045
-2.432,2.99
-2.304,-0.03
-2.605,0.303
-2.469,-0.676
-2.606,-0.673
-2.6,1.951
-2.668,1.304
-2.671,0.257
-2.914,0.252
-2.76,2.987
-2.93,2.116
-2.941,3.173
-2.81,-0.421
-2.969,0.772
-2.997,-0.403
3.101,2.774
3.094,0.384
3.115,1.388
3.138,1.996
3.135,1.663
2.972,1.376
3.062,1.231
2.937,0.376
2.954,2.025
2.738,2.671
2.664,3.179
2.722,2.954
2.581,-0.258
2.625,2.698
2.446,-0.483
2.279,1.629
2.204,2.309
2.191,-0.637
2.223,-0.523
2.224,3.201
2.166,1.368
1.999,1.896
1.969,-0.585
1.835,0.508
1.646,1.096
1.672,-0.811
1.612,-0.811
1.718,1.743
1.685,1.177
1.7,1.868
1.156,0.156
1.148,0.381
1.001,1.377
1.025,0.211
0.907,0.297
0.999,1.962
0.847,1.242
0.958,0.903
0.958,1.803
0.82,0.666
0.891,0.998
0.692,1.982
0.806,-0.438
0.589,-0.644
-0.068,-0.811
0.049,-0.852
-0.154,-0.757
-0.613,-1.09
-0.585,-1.161
-0.848,-1.009
-0.768,-0.812
-0.88,-0.849
-1.562,-1.02
-1.496,-0.768
-1.47,-0.886
-1.807,-0.879
-1.969,-1.118
-2.776,-0.979
-2.771,-1.188
-3.034,-0.962
-3.04,-0.983
1.119,-1.076
0.634,-0.907
0.579,3.338
0.404,3.569
-0.395,3.624
-0.703,3.401
-1.362,3.304
-1.562,3.262
-2.566,3.39
-2.584,3.298
-2.701,3.306
-3.126,3.433
2.754,3.302
2.08,3.477
1.623,3.331
1.361,3.315
-0.31,1.344
-0.694,1.345
-1.539,0.72
2.678,1.345
2.496,1.961
1.776,2.711
1.507,2.924
0.915,-0.189
2.954,1.654
2.267,2.017
1.385,1.949
1.368,2.833
1.372,2.267
1.308,2.834
1.317,1.267
1.289,2.674
1.205,2.059
1.167,2.092
1.087,1.41
1.055,2.632
1.131,2.741
0.999,1.834
0.907,1.401
-1.013,0.45
-2.304,1.579
1.325,0.054
0.899,1.511
0.643,1.568
-1.083,-0.781
-1.201,-0.651
-2.646,-0.534
-1.633,3.153
-1.014,-0.72
-1.613,-0.896
-0.008,-0.088
0.033,0.43
-0.033,-1.489
-0.123,0.842
-0.097,-2.47
-0.164,0.591
-0.133,-0.317
-0.226,-0.395
-0.202,0.004
-0.305,-0.852
-0.26,-0.783
-0.297,0.876
-0.313,0.334
-0.381,-2.494
-0.414,-0.055
-0.41,-0.797
-0.391,0.123
-0.396,-1.088
-0.473,-0.003
-0.505,-1.298
-0.436,-0.475
-0.487,-0.984
-0.536,-1.531
-0.515,-1.97
-0.619,-2.362
-0.776,-0.766
-0.874,-1.512
-0.887,-1.226
-0.977,-2.451
-0.923,-2.038
-1.032,-0.755
-1.02,1.077
-1.056,-1.95
-1.02,-1.837
-1.078,-1.418
-1.116,-1.049
-1.093,-1.413
-1.201,-2.401
-1.151,-2.181
-1.164,-1.339
-1.255,-0.7
-1.158,-1.895
-1.247,-2.258
-1.372,-1.421
-1.432,-0.072
-1.37,0.075
-1.445,0.557
-1.429,-0.765
-1.496,0.366
-1.481,-2.232
-1.588,0.324
-1.594,-1.765
-1.613,-1.019
-1.679,0.632
-1.671,-0.283
-1.672,-2.268
-1.767,-2.407
-1.799,-0.317
-1.729,-1.283
-1.773,-1.103
-1.804,-2.03
-1.877,-0.968
-1.886,0.022
-1.883,1.329
-1.816,-0.504
-1.909,-1.74
-1.937,1.078
-1.883,0.477
-1.971,-0.287
-1.956,-0.302
-2.031,-0.908
-2.05,-0.236
-1.981,-0.467
-2.083,-1.991
-2.03,0.367
-2.08,-0.072
-2.154,-0.173
-2.166,-1.555
-2.13,0.188
-2.133,0.727
-2.134,-2.003
-2.166,0.12
-2.245,-0.737
-2.21,-1.575
-2.259,-0.625
-2.31,-1.276
-2.33,-2.404
-2.282,-0.43
-2.302,-0.915
-2.382,-2.546
-2.424,-0.264
-2.378,-2.345
-2.377,0.847
-2.479,0.59
-2.527,-0.082
-2.596,0.294
-2.661,0.46
-2.602,0.136
-2.651,-1.422
-2.662,0.565
-2.793,0.239
-2.797,1.123
-2.749,-0.857
-2.85,1.342
-2.935,-0.89
-2.982,-1.626
-2.993,-2.329
-2.987,0.369
-3.035,0.172
-2.996,0.638
-3.044,0.8
3.103,-0.708
-3.129,-0.98
-3.126,0.175
3.043,-2.49
3.086,-2.038
2.992,-0.452
3.066,0.913
2.972,-0.363
3.006,-2.551
2.96,0.476
3.024,0.824
2.949,-0.071
2.939,0.147
2.912,-2.683
2.851,-0.255
2.875,-2.504
2.851,1.281
2.761,-1.728
2.617,-0.397
2.66,-1.097
2.574,0.933
2.531,-0.492
2.549,-1.495
2.435,-0.05
2.435,-2.017
2.366,-0.954
2.299,0.974
2.214,1.21
2.111,-0.677
2.12,-1.976
2.103,-0.239
2.014,-1.522
1.955,-1.252
1.917,-1.968
1.894,-1.324
1.968,-0.506
1.955,-0.589
1.859,0.365
1.897,-1.027
1.828,0.344
1.793,-0.446
1.798,0.55
1.738,-0.737
1.788,0.971
1.786,-2.577
1.692,-0.774
1.74,0.712
1.726,-1.412
1.752,0.881
1.678,0.628
1.685,-0.82
1.673,0.486
1.689,-0.862
1.622,0.483
1.679,-0.724
1.571,1.214
1.636,-0.761
1.636,-2.552
1.57,0.522
1.53,-0.039
1.492,-1.422
1.543,0.711
1.54,0.186
1.537,-1.235
1.426,-0.581
1.485,-1.185
1.494,-1.27
1.398,-1.487
1.364,-1.637
1.205,-1.404
1.262,-0.666
1.195,-1.223
1.109,-1.908
0.99,-0.391
0.96,0.266
0.972,-0.575
0.943,1.237
0.967,0.304
0.912,0.693
0.891,1.152
0.835,-2.612
0.899,-0.098
0.85,1.207
0.815,0.598
0.781,-1.878
0.659,0.206
0.718,1.048
0.692,0.63
0.616,-2.015
-0.343,-2.661
-1.022,-2.626
-1.049,-2.686
-1.472,-2.946
-1.518,-2.755
-1.8,-3.051
-1.804,-2.949
-1.957,-2.674
-2.22,-2.701
-2.699,-2.96
-2.701,-2.697
-3.053,-3.131
-3.082,-2.9
2.96,-2.875
2.534,-3.06
2.367,-2.801
1.805,-2.779
1.72,-2.711
1.134,-2.733
1.158,-2.798
0.714,-2.608
0.463,1.388
0.219,1.6
-0.024,1.372
-0.86,1.559
-1.125,1.52
-1.322,1.5
-1.394,1.428
-1.516,1.662
-1.728,1.706
-1.892,1.491
-1.924,1.392
-2.271,1.713
2.074,1.641
2.123,1.483
1.953,1.691
1.925,1.687
1.846,1.665
1.649,1.348
1.114,1.652
0.871,1.762
0.731,1.434
-1.183,-2.422
-1.739,1.093
-2.069,-2.194
-2.515,1.252
1.888,0.982
1.892,-1.117
1.843,1.135
1.133,-2.294
0.891,0.642
0.973,0.37
-0.041,-2.789
2.928,-3.084
1.25,-3.017
-1.034,1.371
1.626,1.647
0.411,-2.348
0.379,-0.908
0.339,0.919
0.221,-1.332
0.367,-2.402
0.212,-0.61
0.118,-1.036
0.107,0.822
-0.077,-2.587
-0.134,-0.955
-0.058,-0.057
-0.076,1.107
-0.32,-0.015
-0.484,0.043
-0.367,-2.633
-0.375,-1.262
-0.373,-1.264
-0.418,-1.849
-0.388,1.212
-0.483,-2.284
-0.637,-0.609
-0.673,-1.299
-0.695,-1.079
-0.633,-2.349
-0.786,-0.885
-0.71,-0.251
-0.724,-1.226
-0.856,-0.821
-0.976,0.116
-1.235,-1.665
-1.088,-0.965
-1.3,1.088
-1.327,-2.451
-1.362,0.897
-1.31,-0.178
-1.472,-0.898
-1.476,-2.57
-1.367,0.108
-1.5,0.43
-1.53,-0.429
-1.531,-0.878
-1.56,-1.647
-1.465,-1.512
-1.453,1.162
-1.576,-1.164
-1.498,-1.954
-1.629,0.999
-1.644,-0.293
-1.69,-1.956
-1.672,-2.465
-1.872,-2.503
-1.93,-2.389
-1.932,0.691
-1.826,1.151
-1.903,-0.614
-1.92,-0.527
-1.999,-0.745
-1.973,-2.449
-2.144,-1.176
-2.184,1.027
-2.323,-2.297
-2.302,0.159
-2.344,1.104
-2.216,-1.916
-2.517,-1.583
-2.381,-2.562
-2.518,-2.559
-2.512,0.065
-2.58,-0.582
-2.583,-1.629
-2.826,-1.634
-2.672,1.101
-2.842,0.23
-2.853,1.287
-2.722,-2.307
-2.881,-1.114
-2.909,-2.289
-3.094,0.888
-3.101,-1.502
-3.08,-0.498
-3.057,0.11
-3.06,-0.223
3.06,-0.51
-3.133,-0.655
3.025,-1.51
3.042,0.139
2.826,0.785
2.752,1.293
2.81,1.068
2.669,-2.144
2.713,0.812
2.534,-2.369
2.367,-0.257
2.292,0.423
2.279,-2.523
2.311,-2.409
2.312,1.315
2.254,-0.518
2.087,0.01
2.057,-2.471
1.923,-1.378
1.734,-0.79
1.76,-2.697
1.7,-2.697
1.806,-0.143
1.773,-0.709
1.788,-0.018
1.244,-1.73
1.236,-1.505
1.089,-0.509
1.113,-1.675
0.995,-1.589
1.087,0.076
0.935,-0.644
1.046,-0.983
1.046,-0.083
0.908,-1.22
0.979,-0.888
0.78,0.096
0.894,-2.324
0.677,-2.53
0.02,-2.697
0.137,-2.738
-0.066,-2.643
-0.525,-2.976
-0.497,-3.047
-0.76,-2.895
-0.68,-2.698
-0.792,-2.735
-1.474,-2.906
-1.408,-2.654
-1.382,-2.772
-1.719,-2.765
-1.881,-3.004
-2.688,-2.865
-2.683,-3.074
-2.946,-2.848
-2.952,-2.869
1.207,-2.962
0.722,-2.793
0.667,1.452
0.492,1.683
-0.307,1.738
-0.615,1.515
-1.274,1.418
-1.474,1.376
-2.478,1.504
-2.496,1.412
-2.613,1.42
-3.038,1.547
2.842,1.416
2.168,1.591
1.711,1.445
1.449,1.429
-0.222,-0.542
-0.606,-0.541
-1.451,-1.166
2.766,-0.541
2.584,0.075
1.864,0.825
1.595,1.038
1.003,-2.075
3.042,-0.232
2.355,0.131
1.473,0.063
1.456,0.947
1.46,0.381
1.396,0.948
1.405,-0.619
1.377,0.788
1.293,0.173
1.255,0.206
1.175,-0.476
1.143,0.746
1.219,0.855
1.087,-0.052
0.995,-0.485
-0.925,-1.436
-2.216,-0.307
1.413,-1.832
0.987,-0.375
0.731,-0.318
-0.995,-2.667
-1.113,-2.537
-2.558,-2.42
-1.545,1.267
-0.926,-2.606
-1.525,-2.782
0.041,0.518
-0.025,-1.401
-0.115,0.93
-0.089,-2.382
-0.156,0.679
-0.125,-0.229
-0.218,-0.307
-0.194,0.092
-0.297,-0.764
-0.252,-0.695
-0.289,0.964
-0.305,0.422
-0.373,-2.406
-0.406,0.033
-0.402,-0.709
-0.383,0.211
-0.388,-1.0
-0.465,0.085
-0.497,-1.21
-0.428,-0.387
-0.479,-0.896
-0.528,-1.443
-0.507,-1.882
-0.611,-2.274
-0.768,-0.678
-0.866,-1.424
-0.879,-1.138
-0.969,-2.363
-0.915,-1.95
-1.024,-0.667
-1.012,1.165
-1.048,-1.862
-1.012,-1.749
-1.07,-1.33
-1.108,-0.961
-1.085,-1.325
-1.193,-2.313
-1.143,-2.093
-1.156,-1.251
-1.247,-0.612
-1.15,-1.807
-1.239,-2.17
-1.364,-1.333
-1.424,0.016
-1.362,0.163
-1.437,0.645
-1.421,-0.677
-1.488,0.454
-1.473,-2.144
-1.58,0.412
-1.586,-1.677
-1.605,-0.931
-1.671,0.72
-1.663,-0.195
-1.664,-2.18
-1.759,-2.319
-1.791,-0.229
-1.721,-1.195
-1.765,-1.015
-1.796,-1.942
-1.869,-0.88
-1.878,0.11
-1.875,1.417
-1.808,-0.416
-1.901,-1.652
-1.929,1.166
-1.875,0.565
-1.963,-0.199
-1.948,-0.214
-2.023,-0.82
-2.042,-0.148
-1.973,-0.379
-2.075,-1.903
-2.022,0.455
-2.072,0.016
-2.146,-0.085
-2.158,-1.467
-2.122,0.276
-2.125,0.815
-2.126,-1.915
-2.158,0.208
-2.237,-0.649
-2.202,-1.487
-2.251,-0.537
-2.302,-1.188
-2.322,-2.316
-2.274,-0.342
-2.294,-0.827
-2.374,-2.458
-2.416,-0.176
-2.37,-2.257
-2.369,0.935
-2.471,0.678
-2.519,0.006
-2.588,0.382
-2.653,0.548
-2.594,0.224
-2.643,-1.334
-2.654,0.653
-2.785,0.327
-2.789,1.211
-2.741,-0.769
-2.842,1.43
-2.927,-0.802
-2.974,-1.538
-2.985,-2.241
-2.979,0.457
-3.027,0.26
-2.988,0.726
-3.036,0.888
3.111,-0.62
-3.121,-0.892
-3.118,0.263
3.051,-2.402
3.094,-1.95
3.0,-0.364
3.074,1.001
2.98,-0.275
3.014,-2.463
2.968,0.564
3.032,0.912
2.957,0.017
2.947,0.235
2.92,-2.595
2.859,-0.167
2.883,-2.416
2.859,1.369
2.769,-1.64
2.625,-0.309
2.668,-1.009
2.582,1.021
2.539,-0.404
2.557,-1.407
2.443,0.038
2.443,-1.929
2.374,-0.866
2.307,1.062
2.222,1.298
2.119,-0.589
2.128,-1.888
2.111,-0.151
2.022,-1.434
1.963,-1.164
1.925,-1.88
1.902,-1.236
1.976,-0.418
1.963,-0.501
1.867,0.453
1.905,-0.939
1.836,0.432
1.801,-0.358
1.806,0.638
1.746,-0.649
1.796,1.059
1.794,-2.489
1.7,-0.686
1.748,0.8
1.734,-1.324
1.76,0.969
1.686,0.716
1.693,-0.732
1.681,0.574
1.697,-0.774
1.63,0.571
1.687,-0.636
1.579,1.302
1.644,-0.673
1.644,-2.464
1.578,0.61
1.538,0.049
1.5,-1.334
1.551,0.799
1.548,0.274
1.545,-1.147
1.434,-0.493
1.493,-1.097
1.502,-1.182
1.406,-1.399
1.372,-1.549
1.213,-1.316
1.27,-0.578
1.203,-1.135
1.117,-1.82
0.998,-0.303
0.968,0.354
0.98,-0.487
0.951,1.325
0.975,0.392
0.92,0.781
0.899,1.24
0.843,-2.524
0.907,-0.01
0.858,1.295
0.823,0.686
0.789,-1.79
0.667,0.294
0.726,1.136
0.7,0.718
0.624,-1.927
-0.335,-2.573
-1.014,-2.538
-1.041,-2.598
-1.464,-2.858
-1.51,-2.667
-1.792,-2.963
-1.796,-2.861
-1.949,-2.586
-2.212,-2.613
-2.691,-2.872
-2.693,-2.609
-3.045,-3.043
-3.074,-2.812
2.968,-2.787
2.542,-2.972
2.375,-2.713
1.813,-2.691
1.728,-2.623
1.142,-2.645
1.166,-2.71
0.722,-2.52
0.471,1.476
0.227,1.688
-0.016,1.46
-0.852,1.647
-1.117,1.608
-1.314,1.588
-1.386,1.516
-1.508,1.75
-1.72,1.794
-1.884,1.579
-1.916,1.48
-2.263,1.801
2.082,1.729
2.131,1.571
1.961,1.779
1.933,1.775
1.854,1.753
1.657,1.436
1.122,1.74
0.879,1.85
0.739,1.522
-1.175,-2.334
-1.731,1.181
-2.061,-2.106
-2.507,1.34
1.896,1.07
1.9,-1.029
1.851,1.223
1.141,-2.206
0.899,0.73
0.981,0.458
-0.033,-2.701
2.936,-2.996
1.258,-2.929
-1.026,1.459
1.634,1.735
0.419,-2.26
0.387,-0.82
0.347,1.007
0.229,-1.244
0.375,-2.314
0.22,-0.522
0.126,-0.948
0.115,0.91
-0.069,-2.499
-0.126,-0.867
-0.05,0.031
-0.068,1.195
-0.312,0.073
-0.476,0.131
-0.359,-2.545
-0.367,-1.174
-0.365,-1.176
-0.41,-1.761
-0.38,1.3
-0.475,-2.196
-0.629,-0.521
-0.665,-1.211
-0.687,-0.991
-0.625,-2.261
-0.778,-0.797
-0.702,-0.163
-0.716,-1.138
-0.848,-0.733
-0.968,0.204
-1.227,-1.577
-1.08,-0.877
-1.292,1.176
-1.319,-2.363
-1.354,0.985
-1.302,-0.09
-1.464,-0.81
-1.468,-2.482
-1.359,0.196
-1.492,0.518
-1.522,-0.341
-1.523,-0.79
-1.552,-1.559
-1.457,-1.424
-1.445,1.25
-1.568,-1.076
-1.49,-1.866
-1.621,1.087
-1.636,-0.205
-1.682,-1.868
-1.664,-2.377
-1.864,-2.415
-1.922,-2.301
-1.924,0.779
-1.818,1.239
-1.895,-0.526
-1.912,-0.439
-1.991,-0.657
-1.965,-2.361
-2.136,-1.088
-2.176,1.115
-2.315,-2.209
-2.294,0.247
-2.336,1.192
-2.208,-1.828
-2.509,-1.495
-2.373,-2.474
-2.51,-2.471
-2.504,0.153
-2.572,-0.494
-2.575,-1.541
-2.818,-1.546
-2.664,1.189
-2.834,0.318
-2.845,1.375
-2.714,-2.219
-2.873,-1.026
-2.901,-2.201
-3.086,0.976
-3.093,-1.414
-3.072,-0.41
-3.049,0.198
-3.052,-0.135
3.068,-0.422
-3.125,-0.567
3.033,-1.422
3.05,0.227
2.834,0.873
2.76,1.381
2.818,1.156
2.677,-2.056
2.721,0.9
2.542,-2.281
2.375,-0.169
2.3,0.511
2.287,-2.435
2.319,-2.321
2.32,1.403
2.262,-0.43
2.095,0.098
2.065,-2.383
1.931,-1.29
1.742,-0.702
1.768,-2.609
1.708,-2.609
1.814,-0.055
1.781,-0.621
1.796,0.07
1.252,-1.642
1.244,-1.417
1.097,-0.421
1.121,-1.587
1.003,-1.501
1.095,0.164
0.943,-0.556
1.054,-0.895
1.054,0.005
0.916,-1.132
0.987,-0.8
0.788,0.184
0.902,-2.236
0.685,-2.442
0.028,-2.609
0.145,-2.65
-0.058,-2.555
-0.517,-2.888
-0.489,-2.959
-0.752,-2.807
-0.672,-2.61
-0.784,-2.647
-1.466,-2.818
-1.4,-2.566
-1.374,-2.684
-1.711,-2.677
-1.873,-2.916
-2.68,-2.777
-2.675,-2.986
-2.938,-2.76
-2.944,-2.781
1.215,-2.874
0.73,-2.705
0.675,1.54
0.5,1.771
-0.299,1.826
-0.607,1.603
-1.266,1.506
-1.466,1.464
-2.47,1.592
-2.488,1.5
-2.605,1.508
-3.03,1.635
2.85,1.504
2.176,1.679
1.719,1.533
1.457,1.517
-0.214,-0.454
-0.598,-0.453
-1.443,-1.078
2.774,-0.453
2.592,0.163
1.872,0.913
1.603,1.126
1.011,-1.987
3.05,-0.144
2.363,0.219
1.481,0.151
1.464,1.035
1.468,0.469
1.404,1.036
1.413,-0.531
1.385,0.876
1.301,0.261
1.263,0.294
1.183,-0.388
1.151,0.834
1.227,0.943
1.095,0.036
1.003,-0.397
-0.917,-1.348
-2.208,-0.219
1.421,-1.744
0.995,-0.287
0.739,-0.23
-0.987,-2.579
-1.105,-2.449
-2.55,-2.332
-1.537,1.355
-0.918,-2.518
-1.517,-2.694
-0.066,-1.919
-0.156,0.412
-0.13,-2.9
-0.197,0.161
-0.166,-0.747
-0.259,-0.825
-0.235,-0.426
-0.338,-1.282
-0.293,-1.213
-0.33,0.446
-0.346,-0.096
-0.414,-2.924
-0.447,-0.485
-0.443,-1.227
-0.424,-0.307
-0.429,-1.518
-0.506,-0.433
-0.538,-1.728
-0.469,-0.905
-0.52,-1.414
-0.569,-1.961
-0.548,-2.4
-0.652,-2.792
-0.809,-1.196
-0.907,-1.942
-0.92,-1.656
-1.01,-2.881
-0.956,-2.468
-1.065,-1.185
-1.053,0.647
-1.089,-2.38
-1.053,-2.267
-1.111,-1.848
-1.149,-1.479
-1.126,-1.843
-1.234,-2.831
-1.184,-2.611
-1.197,-1.769
-1.288,-1.13
-1.191,-2.325
-1.28,-2.688
-1.405,-1.851
-1.465,-0.502
-1.403,-0.355
-1.478,0.127
-1.462,-1.195
-1.529,-0.064
-1.514,-2.662
-1.621,-0.106
-1.627,-2.195
-1.646,-1.449
-1.712,0.202
-1.704,-0.713
-1.705,-2.698
-1.8,-2.837
-1.832,-0.747
-1.762,-1.713
-1.806,-1.533
-1.837,-2.46
-1.91,-1.398
-1.919,-0.408
-1.916,0.899
-1.849,-0.934
-1.942,-2.17
-1.97,0.648
-1.916,0.047
-2.004,-0.717
-1.989,-0.732
-2.064,-1.338
-2.083,-0.666
-2.014,-0.897
-2.116,-2.421
-2.063,-0.063
-2.113,-0.502
-2.187,-0.603
-2.199,-1.985
-2.163,-0.242
-2.166,0.297
-2.167,-2.433
-2.199,-0.31
-2.278,-1.167
-2.243,-2.005
-2.292,-1.055
-2.343,-1.706
-2.363,-2.834
-2.315,-0.86
-2.335,-1.345
-2.415,-2.976
-2.457,-0.694
-2.411,-2.775
-2.41,0.417
-2.512,0.16
-2.56,-0.512
-2.629,-0.136
-2.694,0.03
-2.635,-0.294
-2.684,-1.852
-2.695,0.135
-2.826,-0.191
-2.83,0.693
-2.782,-1.287
-2.883,0.912
-2.968,-1.32
-3.015,-2.056
-3.026,-2.759
-3.02,-0.061
-3.068,-0.258
-3.029,0.208
-3.077,0.37
3.07,-1.138
3.121,-1.41
3.124,-0.255
3.01,-2.92
3.053,-2.468
2.959,-0.882
3.033,0.483
2.939,-0.793
2.973,-2.981
2.927,0.046
2.991,0.394
2.916,-0.501
2.906,-0.283
2.879,-3.113
2.818,-0.685
2.842,-2.934
2.818,0.851
2.728,-2.158
2.584,-0.827
2.627,-1.527
2.541,0.503
2.498,-0.922
2.516,-1.925
2.402,-0.48
2.402,-2.447
2.333,-1.384
2.266,0.544
2.181,0.78
2.078,-1.107
2.087,-2.406
2.07,-0.669
1.981,-1.952
1.922,-1.682
1.884,-2.398
1.861,-1.754
1.935,-0.936
1.922,-1.019
1.826,-0.065
1.864,-1.457
1.795,-0.086
1.76,-0.876
1.765,0.12
1.705,-1.167
1.755,0.541
1.753,-3.007
1.659,-1.204
1.707,0.282
1.693,-1.842
1.719,0.451
1.645,0.198
1.652,-1.25
1.64,0.056
1.656,-1.292
1.589,0.053
1.646,-1.154
1.538,0.784
1.603,-1.191
1.603,-2.982
1.537,0.092
1.497,-0.469
1.459,-1.852
1.51,0.281
1.507,-0.244
1.504,-1.665
1.393,-1.011
1.452,-1.615
1.461,-1.7
1.365,-1.917
1.331,-2.067
1.172,-1.834
1.229,-1.096
1.162,-1.653
1.076,-2.338
0.957,-0.821
0.927,-0.164
0.939,-1.005
0.91,0.807
0.934,-0.126
0.879,0.263
0.858,0.722
0.802,-3.042
0.866,-0.528
0.817,0.777
0.782,0.168
0.748,-2.308
0.626,-0.224
0.685,0.618
0.659,0.2
0.583,-2.445
-0.376,-3.091
-1.055,-3.056
-1.082,-3.116
-1.505,-3.376
-1.551,-3.185
-1.833,-3.481
-1.837,-3.379
-1.99,-3.104
-2.253,-3.131
-2.732,-3.39
-2.734,-3.127
-3.086,-3.561
-3.115,-3.33
2.927,-3.305
2.501,-3.49
2.334,-3.231
1.772,-3.209
1.687,-3.141
1.101,-3.163
1.125,-3.228
0.681,-3.038
0.43,0.958
0.186,1.17
-0.057,0.942
-0.893,1.129
-1.158,1.09
-1.355,1.07
-1.427,0.998
-1.549,1.232
-1.761,1.276
-1.925,1.061
-1.957,0.962
-2.304,1.283
2.041,1.211
2.09,1.053
1.92,1.261
1.892,1.257
1.813,1.235
1.616,0.918
1.081,1.222
0.838,1.332
0.698,1.004
-1.216,-2.852
-1.772,0.663
-2.102,-2.624
-2.548,0.822
1.855,0.552
1.859,-1.547
1.81,0.705
1.1,-2.724
0.858,0.212
0.94,-0.06
-0.074,-3.219
2.895,-3.514
1.217,-3.447
-1.067,0.941
1.593,1.217
0.378,-2.778
0.346,-1.338
0.306,0.489
0.188,-1.762
0.334,-2.832
0.179,-1.04
0.085,-1.466
0.074,0.392
-0.11,-3.017
-0.167,-1.385
-0.091,-0.487
-0.109,0.677
-0.353,-0.445
-0.517,-0.387
-0.4,-3.063
-0.408,-1.692
-0.406,-1.694
-0.451,-2.279
-0.421,0.782
-0.516,-2.714
-0.67,-1.039
-0.706,-1.729
-0.728,-1.509
-0.666,-2.779
-0.819,-1.315
-0.743,-0.681
-0.757,-1.656
-0.889,-1.251
-1.009,-0.314
-1.268,-2.095
-1.121,-1.395
-1.333,0.658
-1.36,-2.881
-1.395,0.467
-1.343,-0.608
-1.505,-1.328
-1.509,-3.0
-1.4,-0.322
-1.533,0.0
-1.563,-0.859
-1.564,-1.308
-1.593,-2.077
-1.498,-1.942
-1.486,0.732
-1.609,-1.594
-1.531,-2.384
-1.662,0.569
-1.677,-0.723
-1.723,-2.386
-1.705,-2.895
-1.905,-2.933
-1.963,-2.819
-1.965,0.261
-1.859,0.721
-1.936,-1.044
-1.953,-0.957
-2.032,-1.175
-2.006,-2.879
-2.177,-1.606
-2.217,0.597
-2.356,-2.727
-2.335,-0.271
-2.377,0.674
-2.249,-2.346
-2.55,-2.013
-2.414,-2.992
-2.551,-2.989
-2.545,-0.365
-2.613,-1.012
-2.616,-2.059
-2.859,-2.064
-2.705,0.671
-2.875,-0.2
-2.886,0.857
-2.755,-2.737
-2.914,-1.544
-2.942,-2.719
-3.127,0.458
-3.134,-1.932
-3.113,-0.928
-3.09,-0.32
-3.093,-0.653
3.027,-0.94
3.117,-1.085
2.992,-1.94
3.009,-0.291
2.793,0.355
2.719,0.863
2.777,0.638
2.636,-2.574
2.68,0.382
2.501,-2.799
2.334,-0.687
2.259,-0.007
2.246,-2.953
2.278,-2.839
2.279,0.885
2.221,-0.948
2.054,-0.42
2.024,-2.901
1.89,-1.808
1.701,-1.22
1.727,-3.127
1.667,-3.127
1.773,-0.573
1.74,-1.139
1.755,-0.448
1.211,-2.16
1.203,-1.935
1.056,-0.939
1.08,-2.105
0.962,-2.019
1.054,-0.354
0.902,-1.074
1.013,-1.413
1.013,-0.513
0.875,-1.65
0.946,-1.318
0.747,-0.334
0.861,-2.754
0.644,-2.96
-0.013,-3.127
0.104,-3.168
-0.099,-3.073
-0.558,-3.406
-0.53,-3.477
-0.793,-3.325
-0.713,-3.128
-0.825,-3.165
-1.507,-3.336
-1.441,-3.084
-1.415,-3.202
-1.752,-3.195
-1.914,-3.434
-2.721,-3.295
-2.716,-3.504
-2.979,-3.278
-2.985,-3.299
1.174,-3.392
0.689,-3.223
0.634,1.022
0.459,1.253
-0.34,1.308
-0.648,1.085
-1.307,0.988
-1.507,0.946
-2.511,1.074
-2.529,0.982
-2.646,0.99
-3.071,1.117
2.809,0.986
2.135,1.161
1.678,1.015
1.416,0.999
-0.255,-0.972
-0.639,-0.971
-1.484,-1.596
2.733,-0.971
2.551,-0.355
1.831,0.395
1.562,0.608
0.97,-2.505
3.009,-0.662
2.322,-0.299
1.44,-0.367
1.423,0.517
1.427,-0.049
1.363,0.518
1.372,-1.049
1.344,0.358
1.26,-0.257
1.222,-0.224
1.142,-0.906
1.11,0.316
1.186,0.425
1.054,-0.482
0.962,-0.915
-0.958,-1.866
-2.249,-0.737
1.38,-2.262
0.954,-0.805
0.698,-0.748
-1.028,-3.097
-1.146,-2.967
-2.591,-2.85
-1.578,0.837
-0.959,-3.036
-1.558,-3.212
-0.09,2.331
-0.064,-0.981
-0.131,2.08
-0.1,1.172
-0.193,1.094
-0.169,1.493
-0.272,0.637
-0.227,0.706
-0.264,2.365
-0.28,1.823
-0.348,-1.005
-0.381,1.434
-0.377,0.692
-0.358,1.612
-0.363,0.401
-0.44,1.486
-0.472,0.191
-0.403,1.014
-0.454,0.505
-0.503,-0.042
-0.482,-0.481
-0.586,-0.873
-0.743,0.723
-0.841,-0.023
-0.854,0.263
-0.944,-0.962
-0.89,-0.549
-0.999,0.734
-0.987,2.566
-1.023,-0.461
-0.987,-0.348
-1.045,0.071
-1.083,0.44
-1.06,0.076
-1.168,-0.912
-1.118,-0.692
-1.131,0.15
-1.222,0.789
-1.125,-0.406
-1.214,-0.769
-1.339,0.068
-1.399,1.417
-1.337,1.564
-1.412,2.046
-1.396,0.724
-1.463,1.855
-1.448,-0.743
-1.555,1.813
-1.561,-0.276
-1.58,0.47
-1.646,2.121
-1.638,1.206
-1.639,-0.779
-1.734,-0.918
-1.766,1.172
-1.696,0.206
-1.74,0.386
-1.771,-0.541
-1.844,0.521
-1.853,1.511
-1.85,2.818
-1.783,0.985
-1.876,-0.251
-1.904,2.567
-1.85,1.966
-1.938,1.202
-1.923,1.187
-1.998,0.581
-2.017,1.253
-1.948,1.022
-2.05,-0.502
-1.997,1.856
-2.047,1.417
-2.121,1.316
-2.133,-0.066
-2.097,1.677
-2.1,2.216
-2.101,-0.514
-2.133,1.609
-2.212,0.752
-2.177,-0.086
-2.226,0.864
-2.277,0.213
-2.297,-0.915
-2.249,1.059
-2.269,0.574
-2.349,-1.057
-2.391,1.225
-2.345,-0.856
-2.344,2.336
-2.446,2.079
-2.494,1.407
-2.563,1.783
-2.628,1.949
-2.569,1.625
-2.618,0.067
-2.629,2.054
-2.76,1.728
-2.764,2.612
-2.716,0.632
-2.817,2.831
-2.902,0.599
-2.949,-0.137
-2.96,-0.84
-2.954,1.858
-3.002,1.661
-2.963,2.127
-3.011,2.289
3.136,0.781
-3.096,0.509
-3.093,1.664
3.076,-1.001
3.119,-0.549
3.025,1.037
3.099,2.402
3.005,1.126
3.039,-1.062
2.993,1.965
3.057,2.313
2.982,1.418
2.972,1.636
2.945,-1.194
2.884,1.234
2.908,-1.015
2.884,2.77
2.794,-0.239
2.65,1.092
2.693,0.392
2.607,2.422
2.564,0.997
2.582,-0.006
2.468,1.439
2.468,-0.528
2.399,0.535
2.332,2.463
2.247,2.699
2.144,0.812
2.153,-0.487
2.136,1.25
2.047,-0.033
1.988,0.237
1.95,-0.479
1.927,0.165
2.001,0.983
1.988,0.9
1.892,1.854
1.93,0.462
1.861,1.833
1.826,1.043
1.831,2.039
1.771,0.752
1.821,2.46
1.819,-1.088
1.725,0.715
1.773,2.201
1.759,0.077
1.785,2.37
1.711,2.117
1.718,0.669
1.706,1.975
1.722,0.627
1.655,1.972
1.712,0.765
1.604,2.703
1.669,0.728
1.669,-1.063
1.603,2.011
1.563,1.45
1.525,0.067
1.576,2.2
1.573,1.675
1.57,0.254
1.459,0.908
1.518,0.304
1.527,0.219
1.431,0.002
1.397,-0.148
1.238,0.085
1.295,0.823
1.228,0.266
1.142,-0.419
1.023,1.098
0.993,1.755
1.005,0.914
0.976,2.726
1.0,1.793
0.945,2.182
0.924,2.641
0.868,-1.123
0.932,1.391
0.883,2.696
0.848,2.087
0.814,-0.389
0.692,1.695
0.751,2.537
0.725,2.119
0.649,-0.526
-0.31,-1.172
-0.989,-1.137
-1.016,-1.197
-1.439,-1.457
-1.485,-1.266
-1.767,-1.562
-1.771,-1.46
-1.924,-1.185
-2.187,-1.212
-2.666,-1.471
-2.668,-1.208
-3.02,-1.642
-3.049,-1.411
2.993,-1.386
2.567,-1.571
2.4,-1.312
1.838,-1.29
1.753,-1.222
1.167,-1.244
1.191,-1.309
0.747,-1.119
0.496,2.877
0.252,3.089
0.009,2.861
-0.827,3.048
-1.092,3.009
-1.289,2.989
-1.361,2.917
-1.483,3.151
-1.695,3.195
-1.859,2.98
-1.891,2.881
-2.238,3.202
2.107,3.13
2.156,2.972
1.986,3.18
1.958,3.176
1.879,3.154
1.682,2.837
1.147,3.141
0.904,3.251
0.764,2.923
-1.15,-0.933
-1.706,2.582
-2.036,-0.705
-2.482,2.741
1.921,2.471
1.925,0.372
1.876,2.624
1.166,-0.805
0.924,2.131
1.006,1.859
-0.008,-1.3
2.961,-1.595
1.283,-1.528
-1.001,2.86
1.659,3.136
0.444,-0.859
0.412,0.581
0.372,2.408
0.254,0.157
0.4,-0.913
0.245,0.879
0.151,0.453
0.14,2.311
-0.044,-1.098
-0.101,0.534
-0.025,1.432
-0.043,2.596
-0.287,1.474
-0.451,1.532
-0.334,-1.144
-0.342,0.227
-0.34,0.225
-0.385,-0.36
-0.355,2.701
-0.45,-0.795
-0.604,0.88
-0.64,0.19
-0.662,0.41
-0.6,-0.86
-0.753,0.604
-0.677,1.238
-0.691,0.263
-0.823,0.668
-0.943,1.605
-1.202,-0.176
-1.055,0.524
-1.267,2.577
-1.294,-0.962
-1.329,2.386
-1.277,1.311
-1.439,0.591
-1.443,-1.081
-1.334,1.597
-1.467,1.919
-1.497,1.06
-1.498,0.611
-1.527,-0.158
-1.432,-0.023
-1.42,2.651
-1.543,0.325
-1.465,-0.465
-1.596,2.488
-1.611,1.196
-1.657,-0.467
-1.639,-0.976
-1.839,-1.014
-1.897,-0.9
-1.899,2.18
-1.793,2.64
-1.87,0.875
-1.887,0.962
-1.966,0.744
-1.94,-0.96
-2.111,0.313
-2.151,2.516
-2.29,-0.808
-2.269,1.648
-2.311,2.593
-2.183,-0.427
-2.484,-0.094
-2.348,-1.073
-2.485,-1.07
-2.479,1.554
-2.547,0.907
-2.55,-0.14
-2.793,-0.145
-2.639,2.59
-2.809,1.719
-2.82,2.776
-2.689,-0.818
-2.848,0.375
-2.876,-0.8
-3.061,2.377
-3.068,-0.013
-3.047,0.991
-3.024,1.599
-3.027,1.266
3.093,0.979
-3.1,0.834
3.058,-0.021
3.075,1.628
2.859,2.274
2.785,2.782
2.843,2.557
2.702,-0.655
2.746,2.301
2.567,-0.88
2.4,1.232
2.325,1.912
2.312,-1.034
2.344,-0.92
2.345,2.804
2.287,0.971
2.12,1.499
2.09,-0.982
1.956,0.111
1.767,0.699
1.793,-1.208
1.733,-1.208
1.839,1.346
1.806,0.78
1.821,1.471
1.277,-0.241
1.269,-0.016
1.122,0.98
1.146,-0.186
1.028,-0.1
1.12,1.565
0.968,0.845
1.079,0.506
1.079,1.406
0.941,0.269
1.012,0.601
0.813,1.585
0.927,-0.835
0.71,-1.041
0.053,-1.208
0.17,-1.249
-0.033,-1.154
-0.492,-1.487
-0.464,-1.558
-0.727,-1.406
-0.647,-1.209
-0.759,-1.246
-1.441,-1.417
-1.375,-1.165
-1.349,-1.283
-1.686,-1.276
-1.848,-1.515
-2.655,-1.376
-2.65,-1.585
-2.913,-1.359
-2.919,-1.38
1.24,-1.473
0.755,-1.304
0.7,2.941
0.525,3.172
-0.274,3.227
-0.582,3.004
-1.241,2.907
-1.441,2.865
-2.445,2.993
-2.463,2.901
-2.58,2.909
-3.005,3.036
2.875,2.905
2.201,3.08
1.744,2.934
1.482,2.918
-0.189,0.947
-0.573,0.948
-1.418,0.323
2.799,0.948
2.617,1.564
1.897,2.314
1.628,2.527
1.036,-0.586
3.075,1.257
2.388,1.62
1.506,1.552
1.489,2.436
1.493,1.87
1.429,2.437
1.438,0.87
1.41,2.277
1.326,1.662
1.288,1.695
1.208,1.013
1.176,2.235
1.252,2.344
1.12,1.437
1.028,1.004
-0.892,0.053
-2.183,1.182
1.446,-0.343
1.02,1.114
0.764,1.171
-0.962,-1.178
-1.08,-1.048
-2.525,-0.931
-1.512,2.756
-0.893,-1.117
-1.492,-1.293
0.026,-3.312
-0.041,-0.251
-0.01,-1.159
-0.103,-1.237
-0.079,-0.838
-0.182,-1.694
-0.137,-1.625
-0.174,0.034
-0.19,-0.508
-0.258,-3.336
-0.291,-0.897
-0.287,-1.639
-0.268,-0.719
-0.273,-1.93
-0.35,-0.845
-0.382,-2.14
-0.313,-1.317
-0.364,-1.826
-0.413,-2.373
-0.392,-2.812
-0.496,-3.204
-0.653,-1.608
-0.751,-2.354
-0.764,-2.068
-0.854,-3.293
-0.8,-2.88
-0.909,-1.597
-0.897,0.235
-0.933,-2.792
-0.897,-2.679
-0.955,-2.26
-0.993,-1.891
-0.97,-2.255
-1.078,-3.243
-1.028,-3.023
-1.041,-2.181
-1.132,-1.542
-1.035,-2.737
-1.124,-3.1
-1.249,-2.263
-1.309,-0.914
-1.247,-0.767
-1.322,-0.285
-1.306,-1.607
-1.373,-0.476
-1.358,-3.074
-1.465,-0.518
-1.471,-2.607
-1.49,-1.861
-1.556,-0.21
-1.548,-1.125
-1.549,-3.11
-1.644,-3.249
-1.676,-1.159
-1.606,-2.125
-1.65,-1.945
-1.681,-2.872
-1.754,-1.81
-1.763,-0.82
-1.76,0.487
-1.693,-1.346
-1.786,-2.582
-1.814,0.236
-1.76,-0.365
-1.848,-1.129
-1.833,-1.144
-1.908,-1.75
-1.927,-1.078
-1.858,-1.309
-1.96,-2.833
-1.907,-0.475
-1.957,-0.914
-2.031,-1.015
-2.043,-2.397
-2.007,-0.654
-2.01,-0.115
-2.011,-2.845
-2.043,-0.722
-2.122,-1.579
-2.087,-2.417
-2.136,-1.467
-2.187,-2.118
-2.207,-3.246
-2.159,-1.272
-2.179,-1.757
-2.259,-3.388
-2.301,-1.106
-2.255,-3.187
-2.254,0.005
-2.356,-0.252
-2.404,-0.924
-2.473,-0.548
-2.538,-0.382
-2.479,-0.706
-2.528,-2.264
-2.539,-0.277
-2.67,-0.603
-2.674,0.281
-2.626,-1.699
-2.727,0.5
-2.812,-1.732
-2.859,-2.468
-2.87,-3.171
-2.864,-0.473
-2.912,-0.67
-2.873,-0.204
-2.921,-0.042
-3.057,-1.55
-3.006,-1.822
-3.003,-0.667
-3.117,-3.332
-3.074,-2.88
3.115,-1.294
-3.094,0.071
3.095,-1.205
3.129,-3.393
3.083,-0.366
-3.136,-0.018
3.072,-0.913
3.062,-0.695
3.035,-3.525
2.974,-1.097
2.998,-3.346
2.974,0.439
2.884,-2.57
2.74,-1.239
2.783,-1.939
2.697,0.091
2.654,-1.334
2.672,-2.337
2.558,-0.892
2.558,-2.859
2.489,-1.796
2.422,0.132
2.337,0.368
2.234,-1.519
2.243,-2.818
2.226,-1.081
2.137,-2.364
2.078,-2.094
2.04,-2.81
2.017,-2.166
2.091,-1.348
2.078,-1.431
1.982,-0.477
2.02,-1.869
1.951,-0.498
1.916,-1.288
1.921,-0.292
1.861,-1.579
1.911,0.129
1.909,-3.419
1.815,-1.616
1.863,-0.13
1.849,-2.254
1.875,0.039
1.801,-0.214
1.808,-1.662
1.796,-0.356
1.812,-1.704
1.745,-0.359
1.802,-1.566
1.694,0.372
1.759,-1.603
1.759,-3.394
1.693,-0.32
1.653,-0.881
1.615,-2.264
1.666,-0.131
1.663,-0.656
1.66,-2.077
1.549,-1.423
1.608,-2.027
1.617,-2.112
1.521,-2.329
1.487,-2.479
1.328,-2.246
1.385,-1.508
1.318,-2.065
1.232,-2.75
1.113,-1.233
1.083,-0.576
1.095,-1.417
1.066,0.395
1.09,-0.538
1.035,-0.149
1.014,0.31
0.958,-3.454
1.022,-0.94
0.973,0.365
0.938,-0.244
0.904,-2.72
0.782,-0.636
0.841,0.206
0.815,-0.212
0.739,-2.857
-0.22,-3.503
-0.899,-3.468
-0.926,-3.528
-1.349,-3.788
-1.395,-3.597
-1.677,-3.893
-1.681,-3.791
-1.834,-3.516
-2.097,-3.543
-2.576,-3.802
-2.578,-3.539
-2.93,-3.973
-2.959,-3.742
3.083,-3.717
2.657,-3.902
2.49,-3.643
1.928,-3.621
1.843,-3.553
1.257,-3.575
1.281,-3.64
0.837,-3.45
0.586,0.546
0.342,0.758
0.099,0.53
-0.737,0.717
-1.002,0.678
-1.199,0.658
-1.271,0.586
-1.393,0.82
-1.605,0.864
-1.769,0.649
-1.801,0.55
-2.148,0.871
2.197,0.799
2.246,0.641
2.076,0.849
2.048,0.845
1.969,0.823
1.772,0.506
1.237,0.81
0.994,0.92
0.854,0.592
-1.06,-3.264
-1.616,0.251
-1.946,-3.036
-2.392,0.41
2.011,0.14
2.015,-1.959
1.966,0.293
1.256,-3.136
1.014,-0.2
1.096,-0.472
0.082,-3.631
3.051,-3.926
1.373,-3.859
-0.911,0.529
1.749,0.805
0.534,-3.19
0.502,-1.75
0.462,0.077
0.344,-2.174
0.49,-3.244
0.335,-1.452
0.241,-1.878
0.23,-0.02
0.046,-3.429
-0.011,-1.797
0.065,-0.899
0.047,0.265
-0.197,-0.857
-0.361,-0.799
-0.244,-3.475
-0.252,-2.104
-0.25,-2.106
-0.295,-2.691
-0.265,0.37
-0.36,-3.126
-0.514,-1.451
-0.55,-2.141
-0.572,-1.921
-0.51,-3.191
-0.663,-1.727
-0.587,-1.093
-0.601,-2.068
-0.733,-1.663
-0.853,-0.726
-1.112,-2.507
-0.965,-1.807
-1.177,0.246
-1.204,-3.293
-1.239,0.055
-1.187,-1.02
-1.349,-1.74
-1.353,-3.412
-1.244,-0.734
-1.377,-0.412
-1.407,-1.271
-1.408,-1.72
-1.437,-2.489
-1.342,-2.354
-1.33,0.32
-1.453,-2.006
-1.375,-2.796
-1.506,0.157
-1.521,-1.135
-1.567,-2.798
-1.549,-3.307
-1.749,-3.345
-1.807,-3.231
-1.809,-0.151
-1.703,0.309
-1.78,-1.456
-1.797,-1.369
-1.876,-1.587
-1.85,-3.291
-2.021,-2.018
-2.061,0.185
-2.2,-3.139
-2.179,-0.683
-2.221,0.262
-2.093,-2.758
-2.394,-2.425
-2.258,-3.404
-2.395,-3.401
-2.389,-0.777
-2.457,-1.424
-2.46,-2.471
-2.703,-2.476
-2.549,0.259
-2.719,-0.612
-2.73,0.445
-2.599,-3.149
-2.758,-1.956
-2.786,-3.131
-2.971,0.046
-2.978,-2.344
-2.957,-1.34
-2.934,-0.732
-2.937,-1.065
-3.1,-1.352
-3.01,-1.497
-3.135,-2.352
-3.118,-0.703
2.949,-0.057
2.875,0.451
2.933,0.226
2.792,-2.986
2.836,-0.03
2.657,-3.211
2.49,-1.099
2.415,-0.419
2.402,-3.365
2.434,-3.251
2.435,0.473
2.377,-1.36
2.21,-0.832
2.18,-3.313
2.046,-2.22
1.857,-1.632
1.883,-3.539
1.823,-3.539
1.929,-0.985
1.896,-1.551
1.911,-0.86
1.367,-2.572
1.359,-2.347
1.212,-1.351
1.236,-2.517
1.118,-2.431
1.21,-0.766
1.058,-1.486
1.169,-1.825
1.169,-0.925
1.031,-2.062
1.102,-1.73
0.903,-0.746
1.017,-3.166
0.8,-3.372
0.143,-3.539
0.26,-3.58
0.057,-3.485
-0.402,-3.818
-0.374,-3.889
-0.637,-3.737
-0.557,-3.54
-0.669,-3.577
-1.351,-3.748
-1.285,-3.496
-1.259,-3.614
-1.596,-3.607
-1.758,-3.846
-2.565,-3.707
-2.56,-3.916
-2.823,-3.69
-2.829,-3.711
1.33,-3.804
0.845,-3.635
0.79,0.61
0.615,0.841
-0.184,0.896
-0.492,0.673
-1.151,0.576
-1.351,0.534
-2.355,0.662
-2.373,0.57
-2.49,0.578
-2.915,0.705
2.965,0.574
2.291,0.749
1.834,0.603
1.572,0.587
-0.099,-1.384
-0.483,-1.383
-1.328,-2.008
2.889,-1.383
2.707,-0.767
1.987,-0.017
1.718,0.196
1.126,-2.917
-3.118,-1.074
2.478,-0.711
1.596,-0.779
1.579,0.105
1.583,-0.461
1.519,0.106
1.528,-1.461
1.5,-0.054
1.416,-0.669
1.378,-0.636
1.298,-1.318
1.266,-0.096
1.342,0.013
1.21,-0.894
1.118,-1.327
-0.802,-2.278
-2.093,-1.149
1.536,-2.674
1.11,-1.217
0.854,-1.16
-0.872,-3.509
-0.99,-3.379
-2.435,-3.262
-1.422,0.425
-0.803,-3.448
-1.402,-3.624
-0.067,3.061
-0.036,2.153
-0.129,2.075
-0.105,2.474
-0.208,1.618
-0.163,1.687
-0.2,3.346
-0.216,2.804
-0.284,-0.024
-0.317,2.415
-0.313,1.673
-0.294,2.593
-0.299,1.382
-0.376,2.467
-0.408,1.172
-0.339,1.995
-0.39,1.486
-0.439,0.939
-0.418,0.5
-0.522,0.108
-0.679,1.704
-0.777,0.958
-0.79,1.244
-0.88,0.019
-0.826,0.432
-0.935,1.715
-0.923,3.547
-0.959,0.52
-0.923,0.633
-0.981,1.052
-1.019,1.421
-0.996,1.057
-1.104,0.069
-1.054,0.289
-1.067,1.131
-1.158,1.77
-1.061,0.575
-1.15,0.212
-1.275,1.049
-1.335,2.398
-1.273,2.545
-1.348,3.027
-1.332,1.705
-1.399,2.836
-1.384,0.238
-1.491,2.794
-1.497,0.705
-1.516,1.451
-1.582,3.102
-1.574,2.187
-1.575,0.202
-1.67,0.063
-1.702,2.153
-1.632,1.187
-1.676,1.367
-1.707,0.44
-1.78,1.502
-1.789,2.492
-1.786,3.799
-1.719,1.966
-1.812,0.73
-1.84,3.548
-1.786,2.947
-1.874,2.183
-1.859,2.168
-1.934,1.562
-1.953,2.234
-1.884,2.003
-1.986,0.479
-1.933,2.837
-1.983,2.398
-2.057,2.297
-2.069,0.915
-2.033,2.658
-2.036,3.197
-2.037,0.467
-2.069,2.59
-2.148,1.733
-2.113,0.895
-2.162,1.845
-2.213,1.194
-2.233,0.066
-2.185,2.04
-2.205,1.555
-2.285,-0.076
-2.327,2.206
-2.281,0.125
-2.28,3.317
-2.382,3.06
-2.43,2.388
-2.499,2.764
-2.564,2.93
-2.505,2.606
-2.554,1.048
-2.565,3.035
-2.696,2.709
-2.7,3.593
-2.652,1.613
-2.753,3.812
-2.838,1.58
-2.885,0.844
-2.896,0.141
-2.89,2.839
-2.938,2.642
-2.899,3.108
-2.947,3.27
-3.083,1.762
-3.032,1.49
-3.029,2.645
3.14,-0.02
-3.1,0.432
3.089,2.018
-3.12,3.383
3.069,2.107
3.103,-0.081
3.057,2.946
3.121,3.294
3.046,2.399
3.036,2.617
3.009,-0.213
2.948,2.215
2.972,-0.034
2.948,3.751
2.858,0.742
2.714,2.073
2.757,1.373
2.671,3.403
2.628,1.978
2.646,0.975
2.532,2.42
2.532,0.453
2.463,1.516
2.396,3.444
2.311,3.68
2.208,1.793
2.217,0.494
2.2,2.231
2.111,0.948
2.052,1.218
2.014,0.502
1.991,1.146
2.065,1.964
2.052,1.881
1.956,2.835
1.994,1.443
1.925,2.814
1.89,2.024
1.895,3.02
1.835,1.733
1.885,3.441
1.883,-0.107
1.789,1.696
1.837,3.182
1.823,1.058
1.849,3.351
1.775,3.098
1.782,1.65
1.77,2.956
1.786,1.608
1.719,2.953
1.776,1.746
1.668,3.684
1.733,1.709
1.733,-0.082
1.667,2.992
1.627,2.431
1.589,1.048
1.64,3.181
1.637,2.656
1.634,1.235
1.523,1.889
1.582,1.285
1.591,1.2
1.495,0.983
1.461,0.833
1.302,1.066
1.359,1.804
1.292,1.247
1.206,0.562
1.087,2.079
1.057,2.736
1.069,1.895
1.04,3.707
1.064,2.774
1.009,3.163
0.988,3.622
0.932,-0.142
0.996,2.372
0.947,3.677
0.912,3.068
0.878,0.592
0.756,2.676
0.815,3.518
0.789,3.1
0.713,0.455
-0.246,-0.191
-0.925,-0.156
-0.952,-0.216
-1.375,-0.476
-1.421,-0.285
-1.703,-0.581
-1.707,-0.479
-1.86,-0.204
-2.123,-0.231
-2.602,-0.49
-2.604,-0.227
-2.956,-0.661
-2.985,-0.43
3.057,-0.405
2.631,-0.59
2.464,-0.331
1.902,-0.309
1.817,-0.241
1.231,-0.263
1.255,-0.328
0.811,-0.138
0.56,3.858
0.316,4.07
0.073,3.842
-0.763,4.029
-1.028,3.99
-1.225,3.97
-1.297,3.898
-1.419,4.132
-1.631,4.176
-1.795,3.961
-1.827,3.862
-2.174,4.183
2.171,4.111
2.22,3.953
2.05,4.161
2.022,4.157
1.943,4.135
1.746,3.818
1.211,4.122
0.968,4.232
0.828,3.904
-1.086,0.048
-1.642,3.563
-1.972,0.276
-2.418,3.722
1.985,3.452
1.989,1.353
1.94,3.605
1.23,0.176
0.988,3.112
1.07,2.84
0.056,-0.319
3.025,-0.614
1.347,-0.547
-0.937,3.841
1.723,4.117
0.508,0.122
0.476,1.562
0.436,3.389
0.318,1.138
0.464,0.068
0.309,1.86
0.215,1.434
0.204,3.292
0.02,-0.117
-0.037,1.515
0.039,2.413
0.021,3.577
-0.223,2.455
-0.387,2.513
-0.27,-0.163
-0.278,1.208
-0.276,1.206
-0.321,0.621
-0.291,3.682
-0.386,0.186
-0.54,1.861
-0.576,1.171
-0.598,1.391
-0.536,0.121
-0.689,1.585
-0.613,2.219
-0.627,1.244
-0.759,1.649
-0.879,2.586
-1.138,0.805
-0.991,1.505
-1.203,3.558
-1.23,0.019
-1.265,3.367
-1.213,2.292
-1.375,1.572
-1.379,-0.1
-1.27,2.578
-1.403,2.9
-1.433,2.041
-1.434,1.592
-1.463,0.823
-1.368,0.958
-1.356,3.632
-1.479,1.306
-1.401,0.516
-1.532,3.469
-1.547,2.177
-1.593,0.514
-1.575,0.005
-1.775,-0.033
-1.833,0.081
-1.835,3.161
-1.729,3.621
-1.806,1.856
-1.823,1.943
-1.902,1.725
-1.876,0.021
-2.047,1.294
-2.087,3.497
-2.226,0.173
-2.205,2.629
-2.247,3.574
-2.119,0.554
-2.42,0.887
-2.284,-0.092
-2.421,-0.089
-2.415,2.535
-2.483,1.888
-2.486,0.841
-2.729,0.836
-2.575,3.571
-2.745,2.7
-2.756,3.757
-2.625,0.163
-2.784,1.356
-2.812,0.181
-2.997,3.358
-3.004,0.968
-2.983,1.972
-2.96,2.58
-2.963,2.247
-3.126,1.96
-3.036,1.815
3.122,0.96
3.139,2.609
2.923,3.255
2.849,3.763
2.907,3.538
2.766,0.326
2.81,3.282
2.631,0.101
2.464,2.213
2.389,2.893
2.376,-0.053
2.408,0.061
2.409,3.785
2.351,1.952
2.184,2.48
2.154,-0.001
2.02,1.092
1.831,1.68
1.857,-0.227
1.797,-0.227
1.903,2.327
1.87,1.761
1.885,2.452
1.341,0.74
1.333,0.965
1.186,1.961
1.21,0.795
1.092,0.881
1.184,2.546
1.032,1.826
1.143,1.487
1.143,2.387
1.005,1.25
1.076,1.582
0.877,2.566
0.991,0.146
0.774,-0.06
0.117,-0.227
0.234,-0.268
0.031,-0.173
-0.428,-0.506
-0.4,-0.577
-0.663,-0.425
-0.583,-0.228
-0.695,-0.265
-1.377,-0.436
-1.311,-0.184
-1.285,-0.302
-1.622,-0.295
-1.784,-0.534
-2.591,-0.395
-2.586,-0.604
-2.849,-0.378
-2.855,-0.399
1.304,-0.492
0.819,-0.323
0.764,3.922
0.589,4.153
-0.21,4.208
-0.518,3.985
-1.177,3.888
-1.377,3.846
-2.381,3.974
-2.399,3.882
-2.516,3.89
-2.941,4.017
2.939,3.886
2.265,4.061
1.808,3.915
1.546,3.899
-0.125,1.928
-0.509,1.929
-1.354,1.304
2.863,1.929
2.681,2.545
1.961,3.295
1.692,3.508
1.1,0.395
3.139,2.238
2.452,2.601
1.57,2.533
1.553,3.417
1.557,2.851
1.493,3.418
1.502,1.851
1.474,3.258
1.39,2.643
1.352,2.676
1.272,1.994
1.24,3.216
1.316,3.325
1.184,2.418
1.092,1.985
-0.828,1.034
-2.119,2.163
1.51,0.638
1.084,2.095
0.828,2.152
-0.898,-0.197
-1.016,-0.067
-2.461,0.05
-1.448,3.737
-0.829,-0.136
-1.428,-0.312
0.031,-0.908
-0.062,-0.986
-0.038,-0.587
-0.141,-1.443
-0.096,-1.374
-0.133,0.285
-0.149,-0.257
-0.217,-3.085
-0.25,-0.646
-0.246,-1.388
-0.227,-0.468
-0.232,-1.679
-0.309,-0.594
-0.341,-1.889
-0.272,-1.066
-0.323,-1.575
-0.372,-2.122
-0.351,-2.561
-0.455,-2.953
-0.612,-1.357
-0.71,-2.103
-0.723,-1.817
-0.813,-3.042
-0.759,-2.629
-0.868,-1.346
-0.856,0.486
-0.892,-2.541
-0.856,-2.428
-0.914,-2.009
-0.952,-1.64
-0.929,-2.004
-1.037,-2.992
-0.987,-2.772
-1.0,-1.93
-1.091,-1.291
-0.994,-2.486
-1.083,-2.849
-1.208,-2.012
-1.268,-0.663
-1.206,-0.516
-1.281,-0.034
-1.265,-1.356
-1.332,-0.225
-1.317,-2.823
-1.424,-0.267
-1.43,-2.356
-1.449,-1.61
-1.515,0.041
-1.507,-0.874
-1.508,-2.859
-1.603,-2.998
-1.635,-0.908
-1.565,-1.874
-1.609,-1.694
-1.64,-2.621
-1.713,-1.559
-1.722,-0.569
-1.719,0.738
-1.652,-1.095
-1.745,-2.331
-1.773,0.487
-1.719,-0.114
-1.807,-0.878
-1.792,-0.893
-1.867,-1.499
-1.886,-0.827
-1.817,-1.058
-1.919,-2.582
-1.866,-0.224
-1.916,-0.663
-1.99,-0.764
-2.002,-2.146
-1.966,-0.403
-1.969,0.136
-1.97,-2.594
-2.002,-0.471
-2.081,-1.328
-2.046,-2.166
-2.095,-1.216
-2.146,-1.867
-2.166,-2.995
-2.118,-1.021
-2.138,-1.506
-2.218,-3.137
-2.26,-0.855
-2.214,-2.936
-2.213,0.256
-2.315,-0.001
-2.363,-0.673
-2.432,-0.297
-2.497,-0.131
-2.438,-0.455
-2.487,-2.013
-2.498,-0.026
-2.629,-0.352
-2.633,0.532
-2.585,-1.448
-2.686,0.751
-2.771,-1.481
-2.818,-2.217
-2.829,-2.92
-2.823,-0.222
-2.871,-0.419
-2.832,0.047
-2.88,0.209
-3.016,-1.299
-2.965,-1.571
-2.962,-0.416
-3.076,-3.081
-3.033,-2.629
-3.127,-1.043
-3.053,0.322
3.136,-0.954
-3.113,-3.142
3.124,-0.115
-3.095,0.233
3.113,-0.662
3.103,-0.444
3.076,-3.274
3.015,-0.846
3.039,-3.095
3.015,0.69
2.925,-2.319
2.781,-0.988
2.824,-1.688
2.738,0.342
2.695,-1.083
2.713,-2.086
2.599,-0.641
2.599,-2.608
2.53,-1.545
2.463,0.383
2.378,0.619
2.275,-1.268
2.284,-2.567
2.267,-0.83
2.178,-2.113
2.119,-1.843
2.081,-2.559
2.058,-1.915
2.132,-1.097
2.119,-1.18
2.023,-0.226
2.061,-1.618
1.992,-0.247
1.957,-1.037
1.962,-0.041
1.902,-1.328
1.952,0.38
1.95,-3.168
1.856,-1.365
1.904,0.121
1.89,-2.003
1.916,0.29
1.842,0.037
1.849,-1.411
1.837,-0.105
1.853,-1.453
1.786,-0.108
1.843,-1.315
1.735,0.623
1.8,-1.352
1.8,-3.143
1.734,-0.069
1.694,-0.63
1.656,-2.013
1.707,0.12
1.704,-0.405
1.701,-1.826
1.59,-1.172
1.649,-1.776
1.658,-1.861
1.562,-2.078
1.528,-2.228
1.369,-1.995
1.426,-1.257
1.359,-1.814
1.273,-2.499
1.154,-0.982
1.124,-0.325
1.136,-1.166
1.107,0.646
1.131,-0.287
1.076,0.102
1.055,0.561
0.999,-3.203
1.063,-0.689
1.014,0.616
0.979,0.007
0.945,-2.469
0.823,-0.385
0.882,0.457
0.856,0.039
0.78,-2.606
-0.179,-3.252
-0.858,-3.217
-0.885,-3.277
-1.308,-3.537
-1.354,-3.346
-1.636,-3.642
-1.64,-3.54
-1.793,-3.265
-2.056,-3.292
-2.535,-3.551
-2.537,-3.288
-2.889,-3.722
-2.918,-3.491
3.124,-3.466
2.698,-3.651
2.531,-3.392
1.969,-3.37
1.884,-3.302
1.298,-3.324
1.322,-3.389
0.878,-3.199
0.627,0.797
0.383,1.009
0.14,0.781
-0.696,0.968
-0.961,0.929
-1.158,0.909
-1.23,0.837
-1.352,1.071
-1.564,1.115
-1.728,0.9
-1.76,0.801
-2.107,1.122
2.238,1.05
2.287,0.892
2.117,1.1
2.089,1.096
2.01,1.074
1.813,0.757
1.278,1.061
1.035,1.171
0.895,0.843
-1.019,-3.013
-1.575,0.502
-1.905,-2.785
-2.351,0.661
2.052,0.391
2.056,-1.708
2.007,0.544
1.297,-2.885
1.055,0.051
1.137,-0.221
0.123,-3.38
3.092,-3.675
1.414,-3.608
-0.87,0.78
1.79,1.056
0.575,-2.939
0.543,-1.499
0.503,0.328
0.385,-1.923
0.531,-2.993
0.376,-1.201
0.282,-1.627
0.271,0.231
0.087,-3.178
0.03,-1.546
0.106,-0.648
0.088,0.516
-0.156,-0.606
-0.32,-0.548
-0.203,-3.224
-0.211,-1.853
-0.209,-1.855
-0.254,-2.44
-0.224,0.621
-0.319,-2.875
-0.473,-1.2
-0.509,-1.89
-0.531,-1.67
-0.469,-2.94
-0.622,-1.476
-0.546,-0.842
-0.56,-1.817
-0.692,-1.412
-0.812,-0.475
-1.071,-2.256
-0.924,-1.556
-1.136,0.497
-1.163,-3.042
-1.198,0.306
-1.146,-0.769
-1.308,-1.489
-1.312,-3.161
-1.203,-0.483
-1.336,-0.161
-1.366,-1.02
-1.367,-1.469
-1.396,-2.238
-1.301,-2.103
-1.289,0.571
-1.412,-1.755
-1.334,-2.545
-1.465,0.408
-1.48,-0.884
-1.526,-2.547
-1.508,-3.056
-1.708,-3.094
-1.766,-2.98
-1.768,0.1
-1.662,0.56
-1.739,-1.205
-1.756,-1.118
-1.835,-1.336
-1.809,-3.04
-1.98,-1.767
-2.02,0.436
-2.159,-2.888
-2.138,-0.432
-2.18,0.513
-2.052,-2.507
-2.353,-2.174
-2.217,-3.153
-2.354,-3.15
-2.348,-0.526
-2.416,-1.173
-2.419,-2.22
-2.662,-2.225
-2.508,0.51
-2.678,-0.361
-2.689,0.696
-2.558,-2.898
-2.717,-1.705
-2.745,-2.88
-2.93,0.297
-2.937,-2.093
-2.916,-1.089
-2.893,-0.481
-2.896,-0.814
-3.059,-1.101
-2.969,-1.246
-3.094,-2.101
-3.077,-0.452
2.99,0.194
2.916,0.702
2.974,0.477
2.833,-2.735
2.877,0.221
2.698,-2.96
2.531,-0.848
2.456,-0.168
2.443,-3.114
2.475,-3.0
2.476,0.724
2.418,-1.109
2.251,-0.581
2.221,-3.062
2.087,-1.969
1.898,-1.381
1.924,-3.288
1.864,-3.288
1.97,-0.734
1.937,-1.3
1.952,-0.609
1.408,-2.321
1.4,-2.096
1.253,-1.1
1.277,-2.266
1.159,-2.18
1.251,-0.515
1.099,-1.235
1.21,-1.574
1.21,-0.674
1.072,-1.811
1.143,-1.479
0.944,-0.495
1.058,-2.915
0.841,-3.121
0.184,-3.288
0.301,-3.329
0.098,-3.234
-0.361,-3.567
-0.333,-3.638
-0.596,-3.486
-0.516,-3.289
-0.628,-3.326
-1.31,-3.497
-1.244,-3.245
-1.218,-3.363
-1.555,-3.356
-1.717,-3.595
-2.524,-3.456
-2.519,-3.665
-2.782,-3.439
-2.788,-3.46
1.371,-3.553
0.886,-3.384
0.831,0.861
0.656,1.092
-0.143,1.147
-0.451,0.924
-1.11,0.827
-1.31,0.785
-2.314,0.913
-2.332,0.821
-2.449,0.829
-2.874,0.956
3.006,0.825
2.332,1.0
1.875,0.854
1.613,0.838
-0.058,-1.133
-0.442,-1.132
-1.287,-1.757
2.93,-1.132
2.748,-0.516
2.028,0.234
1.759,0.447
1.167,-2.666
-3.077,-0.823
2.519,-0.46
1.637,-0.528
1.62,0.356
1.624,-0.21
1.56,0.357
1.569,-1.21
1.541,0.197
1.457,-0.418
1.419,-0.385
1.339,-1.067
1.307,0.155
1.383,0.264
1.251,-0.643
1.159,-1.076
-0.761,-2.027
-2.052,-0.898
1.577,-2.423
1.151,-0.966
0.895,-0.909
-0.831,-3.258
-0.949,-3.128
-2.394,-3.011
-1.381,0.676
-0.762,-3.197
-1.361,-3.373
-0.093,-0.078
-0.069,0.321
-0.172,-0.535
-0.127,-0.466
-0.164,1.193
-0.18,0.651
-0.248,-2.177
-0.281,0.262
-0.277,-0.48
-0.258,0.44
-0.263,-0.771
-0.34,0.314
-0.372,-0.981
-0.303,-0.158
-0.354,-0.667
-0.403,-1.214
-0.382,-1.653
-0.486,-2.045
-0.643,-0.449
-0.741,-1.195
-0.754,-0.909
-0.844,-2.134
-0.79,-1.721
-0.899,-0.438
-0.887,1.394
-0.923,-1.633
-0.887,-1.52
-0.945,-1.101
-0.983,-0.732
-0.96,-1.096
-1.068,-2.084
-1.018,-1.864
-1.031,-1.022
-1.122,-0.383
-1.025,-1.578
-1.114,-1.941
-1.239,-1.104
-1.299,0.245
-1.237,0.392
-1.312,0.874
-1.296,-0.448
-1.363,0.683
-1.348,-1.915
-1.455,0.641
-1.461,-1.448
-1.48,-0.702
-1.546,0.949
-1.538,0.034
-1.539,-1.951
-1.634,-2.09
-1.666,0.0
-1.596,-0.966
-1.64,-0.786
-1.671,-1.713
-1.744,-0.651
-1.753,0.339
-1.75,1.646
-1.683,-0.187
-1.776,-1.423
-1.804,1.395
-1.75,0.794
-1.838,0.03
-1.823,0.015
-1.898,-0.591
-1.917,0.081
-1.848,-0.15
-1.95,-1.674
-1.897,0.684
-1.947,0.245
-2.021,0.144
-2.033,-1.238
-1.997,0.505
-2.0,1.044
-2.001,-1.686
-2.033,0.437
-2.112,-0.42
-2.077,-1.258
-2.126,-0.308
-2.177,-0.959
-2.197,-2.087
-2.149,-0.113
-2.169,-0.598
-2.249,-2.229
-2.291,0.053
-2.245,-2.028
-2.244,1.164
-2.346,0.907
-2.394,0.235
-2.463,0.611
-2.528,0.777
-2.469,0.453
-2.518,-1.105
-2.529,0.882
-2.66,0.556
-2.664,1.44
-2.616,-0.54
-2.717,1.659
-2.802,-0.573
-2.849,-1.309
-2.86,-2.012
-2.854,0.686
-2.902,0.489
-2.863,0.955
-2.911,1.117
-3.047,-0.391
-2.996,-0.663
-2.993,0.492
-3.107,-2.173
-3.064,-1.721
3.125,-0.135
-3.084,1.23
3.105,-0.046
3.139,-2.234
3.093,0.793
-3.126,1.141
3.082,0.246
3.072,0.464
3.045,-2.366
2.984,0.062
3.008,-2.187
2.984,1.598
2.894,-1.411
2.75,-0.08
2.793,-0.78
2.707,1.25
2.664,-0.175
2.682,-1.178
2.568,0.267
2.568,-1.7
2.499,-0.637
2.432,1.291
2.347,1.527
2.244,-0.36
2.253,-1.659
2.236,0.078
2.147,-1.205
2.088,-0.935
2.05,-1.651
2.027,-1.007
2.101,-0.189
2.088,-0.272
1.992,0.682
2.03,-0.71
1.961,0.661
1.926,-0.129
1.931,0.867
1.871,-0.42
1.921,1.288
1.919,-2.26
1.825,-0.457
1.873,1.029
1.859,-1.095
1.885,1.198
1.811,0.945
1.818,-0.503
1.806,0.803
1.822,-0.545
1.755,0.8
1.812,-0.407
1.704,1.531
1.769,-0.444
1.769,-2.235
1.703,0.839
1.663,0.278
1.625,-1.105
1.676,1.028
1.673,0.503
1.67,-0.918
1.559,-0.264
1.618,-0.868
1.627,-0.953
1.531,-1.17
1.497,-1.32
1.338,-1.087
1.395,-0.349
1.328,-0.906
1.242,-1.591
1.123,-0.074
1.093,0.583
1.105,-0.258
1.076,1.554
1.1,0.621
1.045,1.01
1.024,1.469
0.968,-2.295
1.032,0.219
0.983,1.524
0.948,0.915
0.914,-1.561
0.792,0.523
0.851,1.365
0.825,0.947
0.749,-1.698
-0.21,-2.344
-0.889,-2.309
-0.916,-2.369
-1.339,-2.629
-1.385,-2.438
-1.667,-2.734
-1.671,-2.632
-1.824,-2.357
-2.087,-2.384
-2.566,-2.643
-2.568,-2.38
-2.92,-2.814
-2.949,-2.583
3.093,-2.558
2.667,-2.743
2.5,-2.484
1.938,-2.462
1.853,-2.394
1.267,-2.416
1.291,-2.481
0.847,-2.291
0.596,1.705
0.352,1.917
0.109,1.689
-0.727,1.876
-0.992,1.837
-1.189,1.817
-1.261,1.745
-1.383,1.979
-1.595,2.023
-1.759,1.808
-1.791,1.709
-2.138,2.03
2.207,1.958
2.256,1.8
2.086,2.008
2.058,2.004
1.979,1.982
1.782,1.665
1.247,1.969
1.004,2.079
0.864,1.751
-1.05,-2.105
-1.606,1.41
-1.936,-1.877
-2.382,1.569
2.021,1.299
2.025,-0.8
1.976,1.452
1.266,-1.977
1.024,0.959
1.106,0.687
0.092,-2.472
3.061,-2.767
1.383,-2.7
-0.901,1.688
1.759,1.964
0.544,-2.031
0.512,-0.591
0.472,1.236
0.354,-1.015
0.5,-2.085
0.345,-0.293
0.251,-0.719
0.24,1.139
0.056,-2.27
-0.001,-0.638
0.075,0.26
0.057,1.424
-0.187,0.302
-0.351,0.36
-0.234,-2.316
-0.242,-0.945
-0.24,-0.947
-0.285,-1.532
-0.255,1.529
-0.35,-1.967
-0.504,-0.292
-0.54,-0.982
-0.562,-0.762
-0.5,-2.032
-0.653,-0.568
-0.577,0.066
-0.591,-0.909
-0.723,-0.504
-0.843,0.433
-1.102,-1.348
-0.955,-0.648
-1.167,1.405
-1.194,-2.134
-1.229,1.214
-1.177,0.139
-1.339,-0.581
-1.343,-2.253
-1.234,0.425
-1.367,0.747
-1.397,-0.112
-1.398,-0.561
-1.427,-1.33
-1.332,-1.195
-1.32,1.479
-1.443,-0.847
-1.365,-1.637
-1.496,1.316
-1.511,0.024
-1.557,-1.639
-1.539,-2.148
-1.739,-2.186
-1.797,-2.072
-1.799,1.008
-1.693,1.468
-1.77,-0.297
-1.787,-0.21
-1.866,-0.428
-1.84,-2.132
-2.011,-0.859
-2.051,1.344
-2.19,-1.98
-2.169,0.476
-2.211,1.421
-2.083,-1.599
-2.384,-1.266
-2.248,-2.245
-2.385,-2.242
-2.379,0.382
-2.447,-0.265
-2.45,-1.312
-2.693,-1.317
-2.539,1.418
-2.709,0.547
-2.72,1.604
-2.589,-1.99
-2.748,-0.797
-2.776,-1.972
-2.961,1.205
-2.968,-1.185
-2.947,-0.181
-2.924,0.427
-2.927,0.094
-3.09,-0.193
-3.0,-0.338
-3.125,-1.193
-3.108,0.456
2.959,1.102
2.885,1.61
2.943,1.385
2.802,-1.827
2.846,1.129
2.667,-2.052
2.5,0.06
2.425,0.74
2.412,-2.206
2.444,-2.092
2.445,1.632
2.387,-0.201
2.22,0.327
2.19,-2.154
2.056,-1.061
1.867,-0.473
1.893,-2.38
1.833,-2.38
1.939,0.174
1.906,-0.392
1.921,0.299
1.377,-1.413
1.369,-1.188
1.222,-0.192
1.246,-1.358
1.128,-1.272
1.22,0.393
1.068,-0.327
1.179,-0.666
1.179,0.234
1.041,-0.903
1.112,-0.571
0.913,0.413
1.027,-2.007
0.81,-2.213
0.153,-2.38
0.27,-2.421
0.067,-2.326
-0.392,-2.659
-0.364,-2.73
-0.627,-2.578
-0.547,-2.381
-0.659,-2.418
-1.341,-2.589
-1.275,-2.337
-1.249,-2.455
-1.586,-2.448
-1.748,-2.687
-2.555,-2.548
-2.55,-2.757
-2.813,-2.531
-2.819,-2.552
1.34,-2.645
0.855,-2.476
0.8,1.769
0.625,2.0
-0.174,2.055
-0.482,1.832
-1.141,1.735
-1.341,1.693
-2.345,1.821
-2.363,1.729
-2.48,1.737
-2.905,1.864
2.975,1.733
2.301,1.908
1.844,1.762
1.582,1.746
-0.089,-0.225
-0.473,-0.224
-1.318,-0.849
2.899,-0.224
2.717,0.392
1.997,1.142
1.728,1.355
1.136,-1.758
-3.108,0.085
2.488,0.448
1.606,0.38
1.589,1.264
1.593,0.698
1.529,1.265
1.538,-0.302
1.51,1.105
1.426,0.49
1.388,0.523
1.308,-0.159
1.276,1.063
1.352,1.172
1.22,0.265
1.128,-0.168
-0.792,-1.119
-2.083,0.01
1.546,-1.515
1.12,-0.058
0.864,-0.001
-0.862,-2.35
-0.98,-2.22
-2.425,-2.103
-1.412,1.584
-0.793,-2.289
-1.392,-2.465
0.024,0.399
-0.079,-0.457
-0.034,-0.388
-0.071,1.271
-0.087,0.729
-0.155,-2.099
-0.188,0.34
-0.184,-0.402
-0.165,0.518
-0.17,-0.693
-0.247,0.392
-0.279,-0.903
-0.21,-0.08
-0.261,-0.589
-0.31,-1.136
-0.289,-1.575
-0.393,-1.967
-0.55,-0.371
-0.648,-1.117
-0.661,-0.831
-0.751,-2.056
-0.697,-1.643
-0.806,-0.36
-0.794,1.472
-0.83,-1.555
-0.794,-1.442
-0.852,-1.023
-0.89,-0.654
-0.867,-1.018
-0.975,-2.006
-0.925,-1.786
-0.938,-0.944
-1.029,-0.305
-0.932,-1.5
-1.021,-1.863
-1.146,-1.026
-1.206,0.323
-1.144,0.47
-1.219,0.952
-1.203,-0.37
-1.27,0.761
-1.255,-1.837
-1.362,0.719
-1.368,-1.37
-1.387,-0.624
-1.453,1.027
-1.445,0.112
-1.446,-1.873
-1.541,-2.012
-1.573,0.078
-1.503,-0.888
-1.547,-0.708
-1.578,-1.635
-1.651,-0.573
-1.66,0.417
-1.657,1.724
-1.59,-0.109
-1.683,-1.345
-1.711,1.473
-1.657,0.872
-1.745,0.108
-1.73,0.093
-1.805,-0.513
-1.824,0.159
-1.755,-0.072
-1.857,-1.596
-1.804,0.762
-1.854,0.323
-1.928,0.222
-1.94,-1.16
-1.904,0.583
-1.907,1.122
-1.908,-1.608
-1.94,0.515
-2.019,-0.342
-1.984,-1.18
-2.033,-0.23
-2.084,-0.881
-2.104,-2.009
-2.056,-0.035
-2.076,-0.52
-2.156,-2.151
-2.198,0.131
-2.152,-1.95
-2.151,1.242
-2.253,0.985
-2.301,0.313
-2.37,0.689
-2.435,0.855
-2.376,0.531
-2.425,-1.027
-2.436,0.96
-2.567,0.634
-2.571,1.518
-2.523,-0.462
-2.624,1.737
-2.709,-0.495
-2.756,-1.231
-2.767,-1.934
-2.761,0.764
-2.809,0.567
-2.77,1.033
-2.818,1.195
-2.954,-0.313
-2.903,-0.585
-2.9,0.57
-3.014,-2.095
-2.971,-1.643
-3.065,-0.057
-2.991,1.308
-3.085,0.032
-3.051,-2.156
-3.097,0.871
-3.033,1.219
-3.108,0.324
-3.118,0.542
3.138,-2.288
3.077,0.14
3.101,-2.109
3.077,1.676
2.987,-1.333
2.843,-0.002
2.886,-0.702
2.8,1.328
2.757,-0.097
2.775,-1.1
2.661,0.345
2.661,-1.622
2.592,-0.559
2.525,1.369
2.44,1.605
2.337,-0.282
2.346,-1.581
2.329,0.156
2.24,-1.127
2.181,-0.857
2.143,-1.573
2.12,-0.929
2.194,-0.111
2.181,-0.194
2.085,0.76
2.123,-0.632
2.054,0.739
2.019,-0.051
2.024,0.945
1.964,-0.342
2.014,1.366
2.012,-2.182
1.918,-0.379
1.966,1.107
1.952,-1.017
1.978,1.276
1.904,1.023
1.911,-0.425
1.899,0.881
1.915,-0.467
1.848,0.878
1.905,-0.329
1.797,1.609
1.862,-0.366
1.862,-2.157
1.796,0.917
1.756,0.356
1.718,-1.027
1.769,1.106
1.766,0.581
1.763,-0.84
1.652,-0.186
1.711,-0.79
1.72,-0.875
1.624,-1.092
1.59,-1.242
1.431,-1.009
1.488,-0.271
1.421,-0.828
1.335,-1.513
1.216,0.004
1.186,0.661
1.198,-0.18
1.169,1.632
1.193,0.699
1.138,1.088
1.117,1.547
1.061,-2.217
1.125,0.297
1.076,1.602
1.041,0.993
1.007,-1.483
0.885,0.601
0.944,1.443
0.918,1.025
0.842,-1.62
-0.117,-2.266
-0.796,-2.231
-0.823,-2.291
-1.246,-2.551
-1.292,-2.36
-1.574,-2.656
-1.578,-2.554
-1.731,-2.279
-1.994,-2.306
-2.473,-2.565
-2.475,-2.302
-2.827,-2.736
-2.856,-2.505
-3.097,-2.48
2.76,-2.665
2.593,-2.406
2.031,-2.384
1.946,-2.316
1.36,-2.338
1.384,-2.403
0.94,-2.213
0.689,1.783
0.445,1.995
0.202,1.767
-0.634,1.954
-0.899,1.915
-1.096,1.895
-1.168,1.823
-1.29,2.057
-1.502,2.101
-1.666,1.886
-1.698,1.787
-2.045,2.108
2.3,2.036
2.349,1.878
2.179,2.086
2.151,2.082
2.072,2.06
1.875,1.743
1.34,2.047
1.097,2.157
0.957,1.829
-0.957,-2.027
-1.513,1.488
-1.843,-1.799
-2.289,1.647
2.114,1.377
2.118,-0.722
2.069,1.53
1.359,-1.899
1.117,1.037
1.199,0.765
0.185,-2.394
-3.129,-2.689
1.476,-2.622
-0.808,1.766
1.852,2.042
0.637,-1.953
0.605,-0.513
0.565,1.314
0.447,-0.937
0.593,-2.007
0.438,-0.215
0.344,-0.641
0.333,1.217
0.149,-2.192
0.092,-0.56
0.168,0.338
0.15,1.502
-0.094,0.38
-0.258,0.438
-0.141,-2.238
-0.149,-0.867
-0.147,-0.869
-0.192,-1.454
-0.162,1.607
-0.257,-1.889
-0.411,-0.214
-0.447,-0.904
-0.469,-0.684
-0.407,-1.954
-0.56,-0.49
-0.484,0.144
-0.498,-0.831
-0.63,-0.426
-0.75,0.511
-1.009,-1.27
-0.862,-0.57
-1.074,1.483
-1.101,-2.056
-1.136,1.292
-1.084,0.217
-1.246,-0.503
-1.25,-2.175
-1.141,0.503
-1.274,0.825
-1.304,-0.034
-1.305,-0.483
-1.334,-1.252
-1.239,-1.117
-1.227,1.557
-1.35,-0.769
-1.272,-1.559
-1.403,1.394
-1.418,0.102
-1.464,-1.561
-1.446,-2.07
-1.646,-2.108
-1.704,-1.994
-1.706,1.086
-1.6,1.546
-1.677,-0.219
-1.694,-0.132
-1.773,-0.35
-1.747,-2.054
-1.918,-0.781
-1.958,1.422
-2.097,-1.902
-2.076,0.554
-2.118,1.499
-1.99,-1.521
-2.291,-1.188
-2.155,-2.167
-2.292,-2.164
-2.286,0.46
-2.354,-0.187
-2.357,-1.234
-2.6,-1.239
-2.446,1.496
-2.616,0.625
-2.627,1.682
-2.496,-1.912
-2.655,-0.719
-2.683,-1.894
-2.868,1.283
-2.875,-1.107
-2.854,-0.103
-2.831,0.505
-2.834,0.172
-2.997,-0.115
-2.907,-0.26
-3.032,-1.115
-3.015,0.534
3.052,1.18
2.978,1.688
3.036,1.463
2.895,-1.749
2.939,1.207
2.76,-1.974
2.593,0.138
2.518,0.818
2.505,-2.128
2.537,-2.014
2.538,1.71
2.48,-0.123
2.313,0.405
2.283,-2.076
2.149,-0.983
1.96,-0.395
1.986,-2.302
1.926,-2.302
2.032,0.252
1.999,-0.314
2.014,0.377
1.47,-1.335
1.462,-1.11
1.315,-0.114
1.339,-1.28
1.221,-1.194
1.313,0.471
1.161,-0.249
1.272,-0.588
1.272,0.312
1.134,-0.825
1.205,-0.493
1.006,0.491
1.12,-1.929
0.903,-2.135
0.246,-2.302
0.363,-2.343
0.16,-2.248
-0.299,-2.581
-0.271,-2.652
-0.534,-2.5
-0.454,-2.303
-0.566,-2.34
-1.248,-2.511
-1.182,-2.259
-1.156,-2.377
-1.493,-2.37
-1.655,-2.609
-2.462,-2.47
-2.457,-2.679
-2.72,-2.453
-2.726,-2.474
1.433,-2.567
0.948,-2.398
0.893,1.847
0.718,2.078
-0.081,2.133
-0.389,1.91
-1.048,1.813
-1.248,1.771
-2.252,1.899
-2.27,1.807
-2.387,1.815
-2.812,1.942
3.068,1.811
2.394,1.986
1.937,1.84
1.675,1.824
0.004,-0.147
-0.38,-0.146
-1.225,-0.771
2.992,-0.146
2.81,0.47
2.09,1.22
1.821,1.433
1.229,-1.68
-3.015,0.163
2.581,0.526
1.699,0.458
1.682,1.342
1.686,0.776
1.622,1.343
1.631,-0.224
1.603,1.183
1.519,0.568
1.481,0.601
1.401,-0.081
1.369,1.141
1.445,1.25
1.313,0.343
1.221,-0.09
-0.699,-1.041
-1.99,0.088
1.639,-1.437
1.213,0.02
0.957,0.077
-0.769,-2.272
-0.887,-2.142
-2.332,-2.025
-1.319,1.662
-0.7,-2.211
-1.299,-2.387
-0.103,-0.856
-0.058,-0.787
-0.095,0.872
-0.111,0.33
-0.179,-2.498
-0.212,-0.059
-0.208,-0.801
-0.189,0.119
-0.194,-1.092
-0.271,-0.007
-0.303,-1.302
-0.234,-0.479
-0.285,-0.988
-0.334,-1.535
-0.313,-1.974
-0.417,-2.366
-0.574,-0.77
-0.672,-1.516
-0.685,-1.23
-0.775,-2.455
-0.721,-2.042
-0.83,-0.759
-0.818,1.073
-0.854,-1.954
-0.818,-1.841
-0.876,-1.422
-0.914,-1.053
-0.891,-1.417
-0.999,-2.405
-0.949,-2.185
-0.962,-1.343
-1.053,-0.704
-0.956,-1.899
-1.045,-2.262
-1.17,-1.425
-1.23,-0.076
-1.168,0.071
-1.243,0.553
-1.227,-0.769
-1.294,0.362
-1.279,-2.236
-1.386,0.32
-1.392,-1.769
-1.411,-1.023
-1.477,0.628
-1.469,-0.287
-1.47,-2.272
-1.565,-2.411
-1.597,-0.321
-1.527,-1.287
-1.571,-1.107
-1.602,-2.034
-1.675,-0.972
-1.684,0.018
-1.681,1.325
-1.614,-0.508
-1.707,-1.744
-1.735,1.074
-1.681,0.473
-1.769,-0.291
-1.754,-0.306
-1.829,-0.912
-1.848,-0.24
-1.779,-0.471
-1.881,-1.995
-1.828,0.363
-1.878,-0.076
-1.952,-0.177
-1.964,-1.559
-1.928,0.184
-1.931,0.723
-1.932,-2.007
-1.964,0.116
-2.043,-0.741
-2.008,-1.579
-2.057,-0.629
-2.108,-1.28
-2.128,-2.408
-2.08,-0.434
-2.1,-0.919
-2.18,-2.55
-2.222,-0.268
-2.176,-2.349
-2.175,0.843
-2.277,0.586
-2.325,-0.086
-2.394,0.29
-2.459,0.456
-2.4,0.132
-2.449,-1.426
-2.46,0.561
-2.591,0.235
-2.595,1.119
-2.547,-0.861
-2.648,1.338
-2.733,-0.894
-2.78,-1.63
-2.791,-2.333
-2.785,0.365
-2.833,0.168
-2.794,0.634
-2.842,0.796
-2.978,-0.712
-2.927,-0.984
-2.924,0.171
-3.038,-2.494
-2.995,-2.042
-3.089,-0.456
-3.015,0.909
-3.109,-0.367
-3.075,-2.555
-3.121,0.472
-3.057,0.82
-3.132,-0.075
3.141,0.143
3.114,-2.687
3.053,-0.259
3.077,-2.508
3.053,1.277
2.963,-1.732
2.819,-0.401
2.862,-1.101
2.776,0.929
2.733,-0.496
2.751,-1.499
2.637,-0.054
2.637,-2.021
2.568,-0.958
2.501,0.97
2.416,1.206
2.313,-0.681
2.322,-1.98
2.305,-0.243
2.216,-1.526
2.157,-1.256
2.119,-1.972
2.096,-1.328
2.17,-0.51
2.157,-0.593
2.061,0.361
2.099,-1.031
2.03,0.34
1.995,-0.45
2.0,0.546
1.94,-0.741
1.99,0.967
1.988,-2.581
1.894,-0.778
1.942,0.708
1.928,-1.416
1.954,0.877
1.88,0.624
1.887,-0.824
1.875,0.482
1.891,-0.866
1.824,0.479
1.881,-0.728
1.773,1.21
1.838,-0.765
1.838,-2.556
1.772,0.518
1.732,-0.043
1.694,-1.426
1.745,0.707
1.742,0.182
1.739,-1.239
1.628,-0.585
1.687,-1.189
1.696,-1.274
1.6,-1.491
1.566,-1.641
1.407,-1.408
1.464,-0.67
1.397,-1.227
1.311,-1.912
1.192,-0.395
1.162,0.262
1.174,-0.579
1.145,1.233
1.169,0.3
1.114,0.689
1.093,1.148
1.037,-2.616
1.101,-0.102
1.052,1.203
1.017,0.594
0.983,-1.882
0.861,0.202
0.92,1.044
0.894,0.626
0.818,-2.019
-0.141,-2.665
-0.82,-2.63
-0.847,-2.69
-1.27,-2.95
-1.316,-2.759
-1.598,-3.055
-1.602,-2.953
-1.755,-2.678
-2.018,-2.705
-2.497,-2.964
-2.499,-2.701
-2.851,-3.135
-2.88,-2.904
-3.121,-2.879
2.736,-3.064
2.569,-2.805
2.007,-2.783
1.922,-2.715
1.336,-2.737
1.36,-2.802
0.916,-2.612
0.665,1.384
0.421,1.596
0.178,1.368
-0.658,1.555
-0.923,1.516
-1.12,1.496
-1.192,1.424
-1.314,1.658
-1.526,1.702
-1.69,1.487
-1.722,1.388
-2.069,1.709
2.276,1.637
2.325,1.479
2.155,1.687
2.127,1.683
2.048,1.661
1.851,1.344
1.316,1.648
1.073,1.758
0.933,1.43
-0.981,-2.426
-1.537,1.089
-1.867,-2.198
-2.313,1.248
2.09,0.978
2.094,-1.121
2.045,1.131
1.335,-2.298
1.093,0.638
1.175,0.366
0.161,-2.793
3.13,-3.088
1.452,-3.021
-0.832,1.367
1.828,1.643
0.613,-2.352
0.581,-0.912
0.541,0.915
0.423,-1.336
0.569,-2.406
0.414,-0.614
0.32,-1.04
0.309,0.818
0.125,-2.591
0.068,-0.959
0.144,-0.061
0.126,1.103
-0.118,-0.019
-0.282,0.039
-0.165,-2.637
-0.173,-1.266
-0.171,-1.268
-0.216,-1.853
-0.186,1.208
-0.281,-2.288
-0.435,-0.613
-0.471,-1.303
-0.493,-1.083
-0.431,-2.353
-0.584,-0.889
-0.508,-0.255
-0.522,-1.23
-0.654,-0.825
-0.774,0.112
-1.033,-1.669
-0.886,-0.969
-1.098,1.084
-1.125,-2.455
-1.16,0.893
-1.108,-0.182
-1.27,-0.902
-1.274,-2.574
-1.165,0.104
-1.298,0.426
-1.328,-0.433
-1.329,-0.882
-1.358,-1.651
-1.263,-1.516
-1.251,1.158
-1.374,-1.168
-1.296,-1.958
-1.427,0.995
-1.442,-0.297
-1.488,-1.96
-1.47,-2.469
-1.67,-2.507
-1.728,-2.393
-1.73,0.687
-1.624,1.147
-1.701,-0.618
-1.718,-0.531
-1.797,-0.749
-1.771,-2.453
-1.942,-1.18
-1.982,1.023
-2.121,-2.301
-2.1,0.155
-2.142,1.1
-2.014,-1.92
-2.315,-1.587
-2.179,-2.566
-2.316,-2.563
-2.31,0.061
-2.378,-0.586
-2.381,-1.633
-2.624,-1.638
-2.47,1.097
-2.64,0.226
-2.651,1.283
-2.52,-2.311
-2.679,-1.118
-2.707,-2.293
-2.892,0.884
-2.899,-1.506
-2.878,-0.502
-2.855,0.106
-2.858,-0.227
-3.021,-0.514
-2.931,-0.659
-3.056,-1.514
-3.039,0.135
3.028,0.781
2.954,1.289
3.012,1.064
2.871,-2.148
2.915,0.808
2.736,-2.373
2.569,-0.261
2.494,0.419
2.481,-2.527
2.513,-2.413
2.514,1.311
2.456,-0.522
2.289,0.006
2.259,-2.475
2.125,-1.382
1.936,-0.794
1.962,-2.701
1.902,-2.701
2.008,-0.147
1.975,-0.713
1.99,-0.022
1.446,-1.734
1.438,-1.509
1.291,-0.513
1.315,-1.679
1.197,-1.593
1.289,0.072
1.137,-0.648
1.248,-0.987
1.248,-0.087
1.11,-1.224
1.181,-0.892
0.982,0.092
1.096,-2.328
0.879,-2.534
0.222,-2.701
0.339,-2.742
0.136,-2.647
-0.323,-2.98
-0.295,-3.051
-0.558,-2.899
-0.478,-2.702
-0.59,-2.739
-1.272,-2.91
-1.206,-2.658
-1.18,-2.776
-1.517,-2.769
-1.679,-3.008
-2.486,-2.869
-2.481,-3.078
-2.744,-2.852
-2.75,-2.873
1.409,-2.966
0.924,-2.797
0.869,1.448
0.694,1.679
-0.105,1.734
-0.413,1.511
-1.072,1.414
-1.272,1.372
-2.276,1.5
-2.294,1.408
-2.411,1.416
-2.836,1.543
3.044,1.412
2.37,1.587
1.913,1.441
1.651,1.425
-0.02,-0.546
-0.404,-0.545
-1.249,-1.17
2.968,-0.545
2.786,0.071
2.066,0.821
1.797,1.034
1.205,-2.079
-3.039,-0.236
2.557,0.127
1.675,0.059
1.658,0.943
1.662,0.377
1.598,0.944
1.607,-0.623
1.579,0.784
1.495,0.169
1.457,0.202
1.377,-0.48
1.345,0.742
1.421,0.851
1.289,-0.056
1.197,-0.489
-0.723,-1.44
-2.014,-0.311
1.615,-1.836
1.189,-0.379
0.933,-0.322
-0.793,-2.671
-0.911,-2.541
-2.356,-2.424
-1.343,1.263
-0.724,-2.61
-1.323,-2.786
0.045,0.069
0.008,1.728
-0.008,1.186
-0.076,-1.642
-0.109,0.797
-0.105,0.055
-0.086,0.975
-0.091,-0.236
-0.168,0.849
-0.2,-0.446
-0.131,0.377
-0.182,-0.132
-0.231,-0.679
-0.21,-1.118
-0.314,-1.51
-0.471,0.086
-0.569,-0.66
-0.582,-0.374
-0.672,-1.599
-0.618,-1.186
-0.727,0.097
-0.715,1.929
-0.751,-1.098
-0.715,-0.985
-0.773,-0.566
-0.811,-0.197
-0.788,-0.561
-0.896,-1.549
-0.846,-1.329
-0.859,-0.487
-0.95,0.152
-0.853,-1.043
-0.942,-1.406
-1.067,-0.569
-1.127,0.78
-1.065,0.927
-1.14,1.409
-1.124,0.087
-1.191,1.218
-1.176,-1.38
-1.283,1.176
-1.289,-0.913
-1.308,-0.167
-1.374,1.484
-1.366,0.569
-1.367,-1.416
-1.462,-1.555
-1.494,0.535
-1.424,-0.431
-1.468,-0.251
-1.499,-1.178
-1.572,-0.116
-1.581,0.874
-1.578,2.181
-1.511,0.348
-1.604,-0.888
-1.632,1.93
-1.578,1.329
-1.666,0.565
-1.651,0.55
-1.726,-0.056
-1.745,0.616
-1.676,0.385
-1.778,-1.139
-1.725,1.219
-1.775,0.78
-1.849,0.679
-1.861,-0.703
-1.825,1.04
-1.828,1.579
-1.829,-1.151
-1.861,0.972
-1.94,0.115
-1.905,-0.723
-1.954,0.227
-2.005,-0.424
-2.025,-1.552
-1.977,0.422
-1.997,-0.063
-2.077,-1.694
-2.119,0.588
-2.073,-1.493
-2.072,1.699
-2.174,1.442
-2.222,0.77
-2.291,1.146
-2.356,1.312
-2.297,0.988
-2.346,-0.57
-2.357,1.417
-2.488,1.091
-2.492,1.975
-2.444,-0.005
-2.545,2.194
-2.63,-0.038
-2.677,-0.774
-2.688,-1.477
-2.682,1.221
-2.73,1.024
-2.691,1.49
-2.739,1.652
-2.875,0.144
-2.824,-0.128
-2.821,1.027
-2.935,-1.638
-2.892,-1.186
-2.986,0.4
-2.912,1.765
-3.006,0.489
-2.972,-1.699
-3.018,1.328
-2.954,1.676
-3.029,0.781
-3.039,0.999
-3.066,-1.831
-3.127,0.597
-3.103,-1.652
-3.127,2.133
3.066,-0.876
2.922,0.455
2.965,-0.245
2.879,1.785
2.836,0.36
2.854,-0.643
2.74,0.802
2.74,-1.165
2.671,-0.102
2.604,1.826
2.519,2.062
2.416,0.175
2.425,-1.124
2.408,0.613
2.319,-0.67
2.26,-0.4
2.222,-1.116
2.199,-0.472
2.273,0.346
2.26,0.263
2.164,1.217
2.202,-0.175
2.133,1.196
2.098,0.406
2.103,1.402
2.043,0.115
2.093,1.823
2.091,-1.725
1.997,0.078
2.045,1.564
2.031,-0.56
2.057,1.733
1.983,1.48
1.99,0.032
1.978,1.338
1.994,-0.01
1.927,1.335
1.984,0.128
1.876,2.066
1.941,0.091
1.941,-1.7
1.875,1.374
1.835,0.813
1.797,-0.57
1.848,1.563
1.845,1.038
1.842,-0.383
1.731,0.271
1.79,-0.333
1.799,-0.418
1.703,-0.635
1.669,-0.785
1.51,-0.552
1.567,0.186
1.5,-0.371
1.414,-1.056
1.295,0.461
1.265,1.118
1.277,0.277
1.248,2.089
1.272,1.156
1.217,1.545
1.196,2.004
1.14,-1.76
1.204,0.754
1.155,2.059
1.12,1.45
1.086,-1.026
0.964,1.058
1.023,1.9
0.997,1.482
0.921,-1.163
-0.038,-1.809
-0.717,-1.774
-0.744,-1.834
-1.167,-2.094
-1.213,-1.903
-1.495,-2.199
-1.499,-2.097
-1.652,-1.822
-1.915,-1.849
-2.394,-2.108
-2.396,-1.845
-2.748,-2.279
-2.777,-2.048
-3.018,-2.023
2.839,-2.208
2.672,-1.949
2.11,-1.927
2.025,-1.859
1.439,-1.881
1.463,-1.946
1.019,-1.756
0.768,2.24
0.524,2.452
0.281,2.224
-0.555,2.411
-0.82,2.372
-1.017,2.352
-1.089,2.28
-1.211,2.514
-1.423,2.558
-1.587,2.343
-1.619,2.244
-1.966,2.565
2.379,2.493
2.428,2.335
2.258,2.543
2.23,2.539
2.151,2.517
1.954,2.2
1.419,2.504
1.176,2.614
1.036,2.286
-0.878,-1.57
-1.434,1.945
-1.764,-1.342
-2.21,2.104
2.193,1.834
2.197,-0.265
2.148,1.987
1.438,-1.442
1.196,1.494
1.278,1.222
0.264,-1.937
-3.05,-2.232
1.555,-2.165
-0.729,2.223
1.931,2.499
0.716,-1.496
0.684,-0.056
0.644,1.771
0.526,-0.48
0.672,-1.55
0.517,0.242
0.423,-0.184
0.412,1.674
0.228,-1.735
0.171,-0.103
0.247,0.795
0.229,1.959
-0.015,0.837
-0.179,0.895
-0.062,-1.781
-0.07,-0.41
-0.068,-0.412
-0.113,-0.997
-0.083,2.064
-0.178,-1.432
-0.332,0.243
-0.368,-0.447
-0.39,-0.227
-0.328,-1.497
-0.481,-0.033
-0.405,0.601
-0.419,-0.374
-0.551,0.031
-0.671,0.968
-0.93,-0.813
-0.783,-0.113
-0.995,1.94
-1.022,-1.599
-1.057,1.749
-1.005,0.674
-1.167,-0.046
-1.171,-1.718
-1.062,0.96
-1.195,1.282
-1.225,0.423
-1.226,-0.026
-1.255,-0.795
-1.16,-0.66
-1.148,2.014
-1.271,-0.312
-1.193,-1.102
-1.324,1.851
-1.339,0.559
-1.385,-1.104
-1.367,-1.613
-1.567,-1.651
-1.625,-1.537
-1.627,1.543
-1.521,2.003
-1.598,0.238
-1.615,0.325
-1.694,0.107
-1.668,-1.597
-1.839,-0.324
-1.879,1.879
-2.018,-1.445
-1.997,1.011
-2.039,1.956
-1.911,-1.064
-2.212,-0.731
-2.076,-1.71
-2.213,-1.707
-2.207,0.917
-2.275,0.27
-2.278,-0.777
-2.521,-0.782
-2.367,1.953
-2.537,1.082
-2.548,2.139
-2.417,-1.455
-2.576,-0.262
-2.604,-1.437
-2.789,1.74
-2.796,-0.65
-2.775,0.354
-2.752,0.962
-2.755,0.629
-2.918,0.342
-2.828,0.197
-2.953,-0.658
-2.936,0.991
3.131,1.637
3.057,2.145
3.115,1.92
2.974,-1.292
3.018,1.664
2.839,-1.517
2.672,0.595
2.597,1.275
2.584,-1.671
2.616,-1.557
2.617,2.167
2.559,0.334
2.392,0.862
2.362,-1.619
2.228,-0.526
2.039,0.062
2.065,-1.845
2.005,-1.845
2.111,0.709
2.078,0.143
2.093,0.834
1.549,-0.878
1.541,-0.653
1.394,0.343
1.418,-0.823
1.3,-0.737
1.392,0.928
1.24,0.208
1.351,-0.131
1.351,0.769
1.213,-0.368
1.284,-0.036
1.085,0.948
1.199,-1.472
0.982,-1.678
0.325,-1.845
0.442,-1.886
0.239,-1.791
-0.22,-2.124
-0.192,-2.195
-0.455,-2.043
-0.375,-1.846
-0.487,-1.883
-1.169,-2.054
-1.103,-1.802
-1.077,-1.92
-1.414,-1.913
-1.576,-2.152
-2.383,-2.013
-2.378,-2.222
-2.641,-1.996
-2.647,-2.017
1.512,-2.11
1.027,-1.941
0.972,2.304
0.797,2.535
-0.002,2.59
-0.31,2.367
-0.969,2.27
-1.169,2.228
-2.173,2.356
-2.191,2.264
-2.308,2.272
-2.733,2.399
-3.136,2.268
2.473,2.443
2.016,2.297
1.754,2.281
0.083,0.31
-0.301,0.311
-1.146,-0.314
3.071,0.311
2.889,0.927
2.169,1.677
1.9,1.89
1.308,-1.223
-2.936,0.62
2.66,0.983
1.778,0.915
1.761,1.799
1.765,1.233
1.701,1.8
1.71,0.233
1.682,1.64
1.598,1.025
1.56,1.058
1.48,0.376
1.448,1.598
1.524,1.707
1.392,0.8
1.3,0.367
-0.62,-0.584
-1.911,0.545
1.718,-0.98
1.292,0.477
1.036,0.534
-0.69,-1.815
-0.808,-1.685
-2.253,-1.568
-1.24,2.119
-0.621,-1.754
-1.22,-1.93
-0.037,1.659
-0.053,1.117
-0.121,-1.711
-0.154,0.728
-0.15,-0.014
-0.131,0.906
-0.136,-0.305
-0.213,0.78
-0.245,-0.515
-0.176,0.308
-0.227,-0.201
-0.276,-0.748
-0.255,-1.187
-0.359,-1.579
-0.516,0.017
-0.614,-0.729
-0.627,-0.443
-0.717,-1.668
-0.663,-1.255
-0.772,0.028
-0.76,1.86
-0.796,-1.167
-0.76,-1.054
-0.818,-0.635
-0.856,-0.266
-0.833,-0.63
-0.941,-1.618
-0.891,-1.398
-0.904,-0.556
-0.995,0.083
-0.898,-1.112
-0.987,-1.475
-1.112,-0.638
-1.172,0.711
-1.11,0.858
-1.185,1.34
-1.169,0.018
-1.236,1.149
-1.221,-1.449
-1.328,1.107
-1.334,-0.982
-1.353,-0.236
-1.419,1.415
-1.411,0.5
-1.412,-1.485
-1.507,-1.624
-1.539,0.466
-1.469,-0.5
-1.513,-0.32
-1.544,-1.247
-1.617,-0.185
-1.626,0.805
-1.623,2.112
-1.556,0.279
-1.649,-0.957
-1.677,1.861
-1.623,1.26
-1.711,0.496
-1.696,0.481
-1.771,-0.125
-1.79,0.547
-1.721,0.316
-1.823,-1.208
-1.77,1.15
-1.82,0.711
-1.894,0.61
-1.906,-0.772
-1.87,0.971
-1.873,1.51
-1.874,-1.22
-1.906,0.903
-1.985,0.046
-1.95,-0.792
-1.999,0.158
-2.05,-0.493
-2.07,-1.621
-2.022,0.353
-2.042,-0.132
-2.122,-1.763
-2.164,0.519
-2.118,-1.562
-2.117,1.63
-2.219,1.373
-2.267,0.701
-2.336,1.077
-2.401,1.243
-2.342,0.919
-2.391,-0.639
-2.402,1.348
-2.533,1.022
-2.537,1.906
-2.489,-0.074
-2.59,2.125
-2.675,-0.107
-2.722,-0.843
-2.733,-1.546
-2.727,1.152
-2.775,0.955
-2.736,1.421
-2.784,1.583
-2.92,0.075
-2.869,-0.197
-2.866,0.958
-2.98,-1.707
-2.937,-1.255
-3.031,0.331
-2.957,1.696
-3.051,0.42
-3.017,-1.768
-3.063,1.259
-2.999,1.607
-3.074,0.712
-3.084,0.93
-3.111,-1.9
3.111,0.528
3.135,-1.721
3.111,2.064
3.021,-0.945
2.877,0.386
2.92,-0.314
2.834,1.716
2.791,0.291
2.809,-0.712
2.695,0.733
2.695,-1.234
2.626,-0.171
2.559,1.757
2.474,1.993
2.371,0.106
2.38,-1.193
2.363,0.544
2.274,-0.739
2.215,-0.469
2.177,-1.185
2.154,-0.541
2.228,0.277
2.215,0.194
2.119,1.148
2.157,-0.244
2.088,1.127
2.053,0.337
2.058,1.333
1.998,0.046
2.048,1.754
2.046,-1.794
1.952,0.009
2.0,1.495
1.986,-0.629
2.012,1.664
1.938,1.411
1.945,-0.037
1.933,1.269
1.949,-0.079
1.882,1.266
1.939,0.059
1.831,1.997
1.896,0.022
1.896,-1.769
1.83,1.305
1.79,0.744
1.752,-0.639
1.803,1.494
1.8,0.969
1.797,-0.452
1.686,0.202
1.745,-0.402
1.754,-0.487
1.658,-0.704
1.624,-0.854
1.465,-0.621
1.522,0.117
1.455,-0.44
1.369,-1.125
1.25,0.392
1.22,1.049
1.232,0.208
1.203,2.02
1.227,1.087
1.172,1.476
1.151,1.935
1.095,-1.829
1.159,0.685
1.11,1.99
1.075,1.381
1.041,-1.095
0.919,0.989
0.978,1.831
0.952,1.413
0.876,-1.232
-0.083,-1.878
-0.762,-1.843
-0.789,-1.903
-1.212,-2.163
-1.258,-1.972
-1.54,-2.268
-1.544,-2.166
-1.697,-1.891
-1.96,-1.918
-2.439,-2.177
-2.441,-1.914
-2.793,-2.348
-2.822,-2.117
-3.063,-2.092
2.794,-2.277
2.627,-2.018
2.065,-1.996
1.98,-1.928
1.394,-1.95
1.418,-2.015
0.974,-1.825
0.723,2.171
0.479,2.383
0.236,2.155
-0.6,2.342
-0.865,2.303
-1.062,2.283
-1.134,2.211
-1.256,2.445
-1.468,2.489
-1.632,2.274
-1.664,2.175
-2.011,2.496
2.334,2.424
2.383,2.266
2.213,2.474
2.185,2.47
2.106,2.448
1.909,2.131
1.374,2.435
1.131,2.545
0.991,2.217
-0.923,-1.639
-1.479,1.876
-1.809,-1.411
-2.255,2.035
2.148,1.765
2.152,-0.334
2.103,1.918
1.393,-1.511
1.151,1.425
1.233,1.153
0.219,-2.006
-3.095,-2.301
1.51,-2.234
-0.774,2.154
1.886,2.43
0.671,-1.565
0.639,-0.125
0.599,1.702
0.481,-0.549
0.627,-1.619
0.472,0.173
0.378,-0.253
0.367,1.605
0.183,-1.804
0.126,-0.172
0.202,0.726
0.184,1.89
-0.06,0.768
-0.224,0.826
-0.107,-1.85
-0.115,-0.479
-0.113,-0.481
-0.158,-1.066
-0.128,1.995
-0.223,-1.501
-0.377,0.174
-0.413,-0.516
-0.435,-0.296
-0.373,-1.566
-0.526,-0.102
-0.45,0.532
-0.464,-0.443
-0.596,-0.038
-0.716,0.899
-0.975,-0.882
-0.828,-0.182
-1.04,1.871
-1.067,-1.668
-1.102,1.68
-1.05,0.605
-1.212,-0.115
-1.216,-1.787
-1.107,0.891
-1.24,1.213
-1.27,0.354
-1.271,-0.095
-1.3,-0.864
-1.205,-0.729
-1.193,1.945
-1.316,-0.381
-1.238,-1.171
-1.369,1.782
-1.384,0.49
-1.43,-1.173
-1.412,-1.682
-1.612,-1.72
-1.67,-1.606
-1.672,1.474
-1.566,1.934
-1.643,0.169
-1.66,0.256
-1.739,0.038
-1.713,-1.666
-1.884,-0.393
-1.924,1.81
-2.063,-1.514
-2.042,0.942
-2.084,1.887
-1.956,-1.133
-2.257,-0.8
-2.121,-1.779
-2.258,-1.776
-2.252,0.848
-2.32,0.201
-2.323,-0.846
-2.566,-0.851
-2.412,1.884
-2.582,1.013
-2.593,2.07
-2.462,-1.524
-2.621,-0.331
-2.649,-1.506
-2.834,1.671
-2.841,-0.719
-2.82,0.285
-2.797,0.893
-2.8,0.56
-2.963,0.273
-2.873,0.128
-2.998,-0.727
-2.981,0.922
3.086,1.568
3.012,2.076
3.07,1.851
2.929,-1.361
2.973,1.595
2.794,-1.586
2.627,0.526
2.552,1.206
2.539,-1.74
2.571,-1.626
2.572,2.098
2.514,0.265
2.347,0.793
2.317,-1.688
2.183,-0.595
1.994,-0.007
2.02,-1.914
1.96,-1.914
2.066,0.64
2.033,0.074
2.048,0.765
1.504,-0.947
1.496,-0.722
1.349,0.274
1.373,-0.892
1.255,-0.806
1.347,0.859
1.195,0.139
1.306,-0.2
1.306,0.7
1.168,-0.437
1.239,-0.105
1.04,0.879
1.154,-1.541
0.937,-1.747
0.28,-1.914
0.397,-1.955
0.194,-1.86
-0.265,-2.193
-0.237,-2.264
-0.5,-2.112
-0.42,-1.915
-0.532,-1.952
-1.214,-2.123
-1.148,-1.871
-1.122,-1.989
-1.459,-1.982
-1.621,-2.221
-2.428,-2.082
-2.423,-2.291
-2.686,-2.065
-2.692,-2.086
1.467,-2.179
0.982,-2.01
0.927,2.235
0.752,2.466
-0.047,2.521
-0.355,2.298
-1.014,2.201
-1.214,2.159
-2.218,2.287
-2.236,2.195
-2.353,2.203
-2.778,2.33
3.102,2.199
2.428,2.374
1.971,2.228
1.709,2.212
0.038,0.241
-0.346,0.242
-1.191,-0.383
3.026,0.242
2.844,0.858
2.124,1.608
1.855,1.821
1.263,-1.292
-2.981,0.551
2.615,0.914
1.733,0.846
1.716,1.73
1.72,1.164
1.656,1.731
1.665,0.164
1.637,1.571
1.553,0.956
1.515,0.989
1.435,0.307
1.403,1.529
1.479,1.638
1.347,0.731
1.255,0.298
-0.665,-0.653
-1.956,0.476
1.673,-1.049
1.247,0.408
0.991,0.465
-0.735,-1.884
-0.853,-1.754
-2.298,-1.637
-1.285,2.05
-0.666,-1.823
-1.265,-1.999
-0.016,-0.542
-0.084,-3.37
-0.117,-0.931
-0.113,-1.673
-0.094,-0.753
-0.099,-1.964
-0.176,-0.879
-0.208,-2.174
-0.139,-1.351
-0.19,-1.86
-0.239,-2.407
-0.218,-2.846
-0.322,-3.238
-0.479,-1.642
-0.577,-2.388
-0.59,-2.102
-0.68,-3.327
-0.626,-2.914
-0.735,-1.631
-0.723,0.201
-0.759,-2.826
-0.723,-2.713
-0.781,-2.294
-0.819,-1.925
-0.796,-2.289
-0.904,-3.277
-0.854,-3.057
-0.867,-2.215
-0.958,-1.576
-0.861,-2.771
-0.95,-3.134
-1.075,-2.297
-1.135,-0.948
-1.073,-0.801
-1.148,-0.319
-1.132,-1.641
-1.199,-0.51
-1.184,-3.108
-1.291,-0.552
-1.297,-2.641
-1.316,-1.895
-1.382,-0.244
-1.374,-1.159
-1.375,-3.144
-1.47,-3.283
-1.502,-1.193
-1.432,-2.159
-1.476,-1.979
-1.507,-2.906
-1.58,-1.844
-1.589,-0.854
-1.586,0.453
-1.519,-1.38
-1.612,-2.616
-1.64,0.202
-1.586,-0.399
-1.674,-1.163
-1.659,-1.178
-1.734,-1.784
-1.753,-1.112
-1.684,-1.343
-1.786,-2.867
-1.733,-0.509
-1.783,-0.948
-1.857,-1.049
-1.869,-2.431
-1.833,-0.688
-1.836,-0.149
-1.837,-2.879
-1.869,-0.756
-1.948,-1.613
-1.913,-2.451
-1.962,-1.501
-2.013,-2.152
-2.033,-3.28
-1.985,-1.306
-2.005,-1.791
-2.085,-3.422
-2.127,-1.14
-2.081,-3.221
-2.08,-0.029
-2.182,-0.286
-2.23,-0.958
-2.299,-0.582
-2.364,-0.416
-2.305,-0.74
-2.354,-2.298
-2.365,-0.311
-2.496,-0.637
-2.5,0.247
-2.452,-1.733
-2.553,0.466
-2.638,-1.766
-2.685,-2.502
-2.696,-3.205
-2.69,-0.507
-2.738,-0.704
-2.699,-0.238
-2.747,-0.076
-2.883,-1.584
-2.832,-1.856
-2.829,-0.701
-2.943,-3.366
-2.9,-2.914
-2.994,-1.328
-2.92,0.037
-3.014,-1.239
-2.98,-3.427
-3.026,-0.4
-2.962,-0.052
-3.037,-0.947
-3.047,-0.729
-3.074,-3.559
-3.135,-1.131
-3.111,-3.38
-3.135,0.405
3.058,-2.604
2.914,-1.273
2.957,-1.973
2.871,0.057
2.828,-1.368
2.846,-2.371
2.732,-0.926
2.732,-2.893
2.663,-1.83
2.596,0.098
2.511,0.334
2.408,-1.553
2.417,-2.852
2.4,-1.115
2.311,-2.398
2.252,-2.128
2.214,-2.844
2.191,-2.2
2.265,-1.382
2.252,-1.465
2.156,-0.511
2.194,-1.903
2.125,-0.532
2.09,-1.322
2.095,-0.326
2.035,-1.613
2.085,0.095
2.083,-3.453
1.989,-1.65
2.037,-0.164
2.023,-2.288
2.049,0.005
1.975,-0.248
1.982,-1.696
1.97,-0.39
1.986,-1.738
1.919,-0.393
1.976,-1.6
1.868,0.338
1.933,-1.637
1.933,-3.428
1.867,-0.354
1.827,-0.915
1.789,-2.298
1.84,-0.165
1.837,-0.69
1.834,-2.111
1.723,-1.457
1.782,-2.061
1.791,-2.146
1.695,-2.363
1.661,-2.513
1.502,-2.28
1.559,-1.542
1.492,-2.099
1.406,-2.784
1.287,-1.267
1.257,-0.61
1.269,-1.451
1.24,0.361
1.264,-0.572
1.209,-0.183
1.188,0.276
1.132,-3.488
1.196,-0.974
1.147,0.331
1.112,-0.278
1.078,-2.754
0.956,-0.67
1.015,0.172
0.989,-0.246
0.913,-2.891
-0.046,-3.537
-0.725,-3.502
-0.752,-3.562
-1.175,-3.822
-1.221,-3.631
-1.503,-3.927
-1.507,-3.825
-1.66,-3.55
-1.923,-3.577
-2.402,-3.836
-2.404,-3.573
-2.756,-4.007
-2.785,-3.776
-3.026,-3.751
2.831,-3.936
2.664,-3.677
2.102,-3.655
2.017,-3.587
1.431,-3.609
1.455,-3.674
1.011,-3.484
0.76,0.512
0.516,0.724
0.273,0.496
-0.563,0.683
-0.828,0.644
-1.025,0.624
-1.097,0.552
-1.219,0.786
-1.431,0.83
-1.595,0.615
-1.627,0.516
-1.974,0.837
2.371,0.765
2.42,0.607
2.25,0.815
2.222,0.811
2.143,0.789
1.946,0.472
1.411,0.776
1.168,0.886
1.028,0.558
-0.886,-3.298
-1.442,0.217
-1.772,-3.07
-2.218,0.376
2.185,0.106
2.189,-1.993
2.14,0.259
1.43,-3.17
1.188,-0.234
1.27,-0.506
0.256,-3.665
-3.058,-3.96
1.547,-3.893
-0.737,0.495
1.923,0.771
0.708,-3.224
0.676,-1.784
0.636,0.043
0.518,-2.208
0.664,-3.278
0.509,-1.486
0.415,-1.912
0.404,-0.054
0.22,-3.463
0.163,-1.831
0.239,-0.933
0.221,0.231
-0.023,-0.891
-0.187,-0.833
-0.07,-3.509
-0.078,-2.138
-0.076,-2.14
-0.121,-2.725
-0.091,0.336
-0.186,-3.16
-0.34,-1.485
-0.376,-2.175
-0.398,-1.955
-0.336,-3.225
-0.489,-1.761
-0.413,-1.127
-0.427,-2.102
-0.559,-1.697
-0.679,-0.76
-0.938,-2.541
-0.791,-1.841
-1.003,0.212
-1.03,-3.327
-1.065,0.021
-1.013,-1.054
-1.175,-1.774
-1.179,-3.446
-1.07,-0.768
-1.203,-0.446
-1.233,-1.305
-1.234,-1.754
-1.263,-2.523
-1.168,-2.388
-1.156,0.286
-1.279,-2.04
-1.201,-2.83
-1.332,0.123
-1.347,-1.169
-1.393,-2.832
-1.375,-3.341
-1.575,-3.379
-1.633,-3.265
-1.635,-0.185
-1.529,0.275
-1.606,-1.49
-1.623,-1.403
-1.702,-1.621
-1.676,-3.325
-1.847,-2.052
-1.887,0.151
-2.026,-3.173
-2.005,-0.717
-2.047,0.228
-1.919,-2.792
-2.22,-2.459
-2.084,-3.438
-2.221,-3.435
-2.215,-0.811
-2.283,-1.458
-2.286,-2.505
-2.529,-2.51
-2.375,0.225
-2.545,-0.646
-2.556,0.411
-2.425,-3.183
-2.584,-1.99
-2.612,-3.165
-2.797,0.012
-2.804,-2.378
-2.783,-1.374
-2.76,-0.766
-2.763,-1.099
-2.926,-1.386
-2.836,-1.531
-2.961,-2.386
-2.944,-0.737
3.123,-0.091
3.049,0.417
3.107,0.192
2.966,-3.02
3.01,-0.064
2.831,-3.245
2.664,-1.133
2.589,-0.453
2.576,-3.399
2.608,-3.285
2.609,0.439
2.551,-1.394
2.384,-0.866
2.354,-3.347
2.22,-2.254
2.031,-1.666
2.057,-3.573
1.997,-3.573
2.103,-1.019
2.07,-1.585
2.085,-0.894
1.541,-2.606
1.533,-2.381
1.386,-1.385
1.41,-2.551
1.292,-2.465
1.384,-0.8
1.232,-1.52
1.343,-1.859
1.343,-0.959
1.205,-2.096
1.276,-1.764
1.077,-0.78
1.191,-3.2
0.974,-3.406
0.317,-3.573
0.434,-3.614
0.231,-3.519
-0.228,-3.852
-0.2,-3.923
-0.463,-3.771
-0.383,-3.574
-0.495,-3.611
-1.177,-3.782
-1.111,-3.53
-1.085,-3.648
-1.422,-3.641
-1.584,-3.88
-2.391,-3.741
-2.386,-3.95
-2.649,-3.724
-2.655,-3.745
1.504,-3.838
1.019,-3.669
0.964,0.576
0.789,0.807
-0.01,0.862
-0.318,0.639
-0.977,0.542
-1.177,0.5
-2.181,0.628
-2.199,0.536
-2.316,0.544
-2.741,0.671
3.139,0.54
2.465,0.715
2.008,0.569
1.746,0.553
0.075,-1.418
-0.309,-1.417
-1.154,-2.042
3.063,-1.417
2.881,-0.801
2.161,-0.051
1.892,0.162
1.3,-2.951
-2.944,-1.108
2.652,-0.745
1.77,-0.813
1.753,0.071
1.757,-0.495
1.693,0.072
1.702,-1.495
1.674,-0.088
1.59,-0.703
1.552,-0.67
1.472,-1.352
1.44,-0.13
1.516,-0.021
1.384,-0.928
1.292,-1.361
-0.628,-2.312
-1.919,-1.183
1.71,-2.708
1.284,-1.251
1.028,-1.194
-0.698,-3.543
-0.816,-3.413
-2.261,-3.296
-1.248,0.391
-0.629,-3.482
-1.228,-3.658
-0.068,-2.828
-0.101,-0.389
-0.097,-1.131
-0.078,-0.211
-0.083,-1.422
-0.16,-0.337
-0.192,-1.632
-0.123,-0.809
-0.174,-1.318
-0.223,-1.865
-0.202,-2.304
-0.306,-2.696
-0.463,-1.1
-0.561,-1.846
-0.574,-1.56
-0.664,-2.785
-0.61,-2.372
-0.719,-1.089
-0.707,0.743
-0.743,-2.284
-0.707,-2.171
-0.765,-1.752
-0.803,-1.383
-0.78,-1.747
-0.888,-2.735
-0.838,-2.515
-0.851,-1.673
-0.942,-1.034
-0.845,-2.229
-0.934,-2.592
-1.059,-1.755
-1.119,-0.406
-1.057,-0.259
-1.132,0.223
-1.116,-1.099
-1.183,0.032
-1.168,-2.566
-1.275,-0.01
-1.281,-2.099
-1.3,-1.353
-1.366,0.298
-1.358,-0.617
-1.359,-2.602
-1.454,-2.741
-1.486,-0.651
-1.416,-1.617
-1.46,-1.437
-1.491,-2.364
-1.564,-1.302
-1.573,-0.312
-1.57,0.995
-1.503,-0.838
-1.596,-2.074
-1.624,0.744
-1.57,0.143
-1.658,-0.621
-1.643,-0.636
-1.718,-1.242
-1.737,-0.57
-1.668,-0.801
-1.77,-2.325
-1.717,0.033
-1.767,-0.406
-1.841,-0.507
-1.853,-1.889
-1.817,-0.146
-1.82,0.393
-1.821,-2.337
-1.853,-0.214
-1.932,-1.071
-1.897,-1.909
-1.946,-0.959
-1.997,-1.61
-2.017,-2.738
-1.969,-0.764
-1.989,-1.249
-2.069,-2.88
-2.111,-0.598
-2.065,-2.679
-2.064,0.513
-2.166,0.256
-2.214,-0.416
-2.283,-0.04
-2.348,0.126
-2.289,-0.198
-2.338,-1.756
-2.349,0.231
-2.48,-0.095
-2.484,0.789
-2.436,-1.191
-2.537,1.008
-2.622,-1.224
-2.669,-1.96
-2.68,-2.663
-2.674,0.035
-2.722,-0.162
-2.683,0.304
-2.731,0.466
-2.867,-1.042
-2.816,-1.314
-2.813,-0.159
-2.927,-2.824
-2.884,-2.372
-2.978,-0.786
-2.904,0.579
-2.998,-0.697
-2.964,-2.885
-3.01,0.142
-2.946,0.49
-3.021,-0.405
-3.031,-0.187
-3.058,-3.017
-3.119,-0.589
-3.095,-2.838
-3.119,0.947
3.074,-2.062
2.93,-0.731
2.973,-1.431
2.887,0.599
2.844,-0.826
2.862,-1.829
2.748,-0.384
2.748,-2.351
2.679,-1.288
2.612,0.64
2.527,0.876
2.424,-1.011
2.433,-2.31
2.416,-0.573
2.327,-1.856
2.268,-1.586
2.23,-2.302
2.207,-1.658
2.281,-0.84
2.268,-0.923
2.172,0.031
2.21,-1.361
2.141,0.01
2.106,-0.78
2.111,0.216
2.051,-1.071
2.101,0.637
2.099,-2.911
2.005,-1.108
2.053,0.378
2.039,-1.746
2.065,0.547
1.991,0.294
1.998,-1.154
1.986,0.152
2.002,-1.196
1.935,0.149
1.992,-1.058
1.884,0.88
1.949,-1.095
1.949,-2.886
1.883,0.188
1.843,-0.373
1.805,-1.756
1.856,0.377
1.853,-0.148
1.85,-1.569
1.739,-0.915
1.798,-1.519
1.807,-1.604
1.711,-1.821
1.677,-1.971
1.518,-1.738
1.575,-1.0
1.508,-1.557
1.422,-2.242
1.303,-0.725
1.273,-0.068
1.285,-0.909
1.256,0.903
1.28,-0.03
1.225,0.359
1.204,0.818
1.148,-2.946
1.212,-0.432
1.163,0.873
1.128,0.264
1.094,-2.212
0.972,-0.128
1.031,0.714
1.005,0.296
0.929,-2.349
-0.03,-2.995
-0.709,-2.96
-0.736,-3.02
-1.159,-3.28
-1.205,-3.089
-1.487,-3.385
-1.491,-3.283
-1.644,-3.008
-1.907,-3.035
-2.386,-3.294
-2.388,-3.031
-2.74,-3.465
-2.769,-3.234
-3.01,-3.209
2.847,-3.394
2.68,-3.135
2.118,-3.113
2.033,-3.045
1.447,-3.067
1.471,-3.132
1.027,-2.942
0.776,1.054
0.532,1.266
0.289,1.038
-0.547,1.225
-0.812,1.186
-1.009,1.166
-1.081,1.094
-1.203,1.328
-1.415,1.372
-1.579,1.157
-1.611,1.058
-1.958,1.379
2.387,1.307
2.436,1.149
2.266,1.357
2.238,1.353
2.159,1.331
1.962,1.014
1.427,1.318
1.184,1.428
1.044,1.1
-0.87,-2.756
-1.426,0.759
-1.756,-2.528
-2.202,0.918
2.201,0.648
2.205,-1.451
2.156,0.801
1.446,-2.628
1.204,0.308
1.286,0.036
0.272,-3.123
-3.042,-3.418
1.563,-3.351
-0.721,1.037
1.939,1.313
0.724,-2.682
0.692,-1.242
0.652,0.585
0.534,-1.666
0.68,-2.736
0.525,-0.944
0.431,-1.37
0.42,0.488
0.236,-2.921
0.179,-1.289
0.255,-0.391
0.237,0.773
-0.007,-0.349
-0.171,-0.291
-0.054,-2.967
-0.062,-1.596
-0.06,-1.598
-0.105,-2.183
-0.075,0.878
-0.17,-2.618
-0.324,-0.943
-0.36,-1.633
-0.382,-1.413
-0.32,-2.683
-0.473,-1.219
-0.397,-0.585
-0.411,-1.56
-0.543,-1.155
-0.663,-0.218
-0.922,-1.999
-0.775,-1.299
-0.987,0.754
-1.014,-2.785
-1.049,0.563
-0.997,-0.512
-1.159,-1.232
-1.163,-2.904
-1.054,-0.226
-1.187,0.096
-1.217,-0.763
-1.218,-1.212
-1.247,-1.981
-1.152,-1.846
-1.14,0.828
-1.263,-1.498
-1.185,-2.288
-1.316,0.665
-1.331,-0.627
-1.377,-2.29
-1.359,-2.799
-1.559,-2.837
-1.617,-2.723
-1.619,0.357
-1.513,0.817
-1.59,-0.948
-1.607,-0.861
-1.686,-1.079
-1.66,-2.783
-1.831,-1.51
-1.871,0.693
-2.01,-2.631
-1.989,-0.175
-2.031,0.77
-1.903,-2.25
-2.204,-1.917
-2.068,-2.896
-2.205,-2.893
-2.199,-0.269
-2.267,-0.916
-2.27,-1.963
-2.513,-1.968
-2.359,0.767
-2.529,-0.104
-2.54,0.953
-2.409,-2.641
-2.568,-1.448
-2.596,-2.623
-2.781,0.554
-2.788,-1.836
-2.767,-0.832
-2.744,-0.224
-2.747,-0.557
-2.91,-0.844
-2.82,-0.989
-2.945,-1.844
-2.928,-0.195
3.139,0.451
3.065,0.959
3.123,0.734
2.982,-2.478
3.026,0.478
2.847,-2.703
2.68,-0.591
2.605,0.089
2.592,-2.857
2.624,-2.743
2.625,0.981
2.567,-0.852
2.4,-0.324
2.37,-2.805
2.236,-1.712
2.047,-1.124
2.073,-3.031
2.013,-3.031
2.119,-0.477
2.086,-1.043
2.101,-0.352
1.557,-2.064
1.549,-1.839
1.402,-0.843
1.426,-2.009
1.308,-1.923
1.4,-0.258
1.248,-0.978
1.359,-1.317
1.359,-0.417
1.221,-1.554
1.292,-1.222
1.093,-0.238
1.207,-2.658
0.99,-2.864
0.333,-3.031
0.45,-3.072
0.247,-2.977
-0.212,-3.31
-0.184,-3.381
-0.447,-3.229
-0.367,-3.032
-0.479,-3.069
-1.161,-3.24
-1.095,-2.988
-1.069,-3.106
-1.406,-3.099
-1.568,-3.338
-2.375,-3.199
-2.37,-3.408
-2.633,-3.182
-2.639,-3.203
1.52,-3.296
1.035,-3.127
0.98,1.118
0.805,1.349
0.006,1.404
-0.302,1.181
-0.961,1.084
-1.161,1.042
-2.165,1.17
-2.183,1.078
-2.3,1.086
-2.725,1.213
-3.128,1.082
2.481,1.257
2.024,1.111
1.762,1.095
0.091,-0.876
-0.293,-0.875
-1.138,-1.5
3.079,-0.875
2.897,-0.259
2.177,0.491
1.908,0.704
1.316,-2.409
-2.928,-0.566
2.668,-0.203
1.786,-0.271
1.769,0.613
1.773,0.047
1.709,0.614
1.718,-0.953
1.69,0.454
1.606,-0.161
1.568,-0.128
1.488,-0.81
1.456,0.412
1.532,0.521
1.4,-0.386
1.308,-0.819
-0.612,-1.77
-1.903,-0.641
1.726,-2.166
1.3,-0.709
1.044,-0.652
-0.682,-3.001
-0.8,-2.871
-2.245,-2.754
-1.232,0.933
-0.613,-2.94
-1.212,-3.116
-0.033,2.439
-0.029,1.697
-0.01,2.617
-0.015,1.406
-0.092,2.491
-0.124,1.196
-0.055,2.019
-0.106,1.51
-0.155,0.963
-0.134,0.524
-0.238,0.132
-0.395,1.728
-0.493,0.982
-0.506,1.268
-0.596,0.043
-0.542,0.456
-0.651,1.739
-0.639,3.571
-0.675,0.544
-0.639,0.657
-0.697,1.076
-0.735,1.445
-0.712,1.081
-0.82,0.093
-0.77,0.313
-0.783,1.155
-0.874,1.794
-0.777,0.599
-0.866,0.236
-0.991,1.073
-1.051,2.422
-0.989,2.569
-1.064,3.051
-1.048,1.729
-1.115,2.86
-1.1,0.262
-1.207,2.818
-1.213,0.729
-1.232,1.475
-1.298,3.126
-1.29,2.211
-1.291,0.226
-1.386,0.087
-1.418,2.177
-1.348,1.211
-1.392,1.391
-1.423,0.464
-1.496,1.526
-1.505,2.516
-1.502,3.823
-1.435,1.99
-1.528,0.754
-1.556,3.572
-1.502,2.971
-1.59,2.207
-1.575,2.192
-1.65,1.586
-1.669,2.258
-1.6,2.027
-1.702,0.503
-1.649,2.861
-1.699,2.422
-1.773,2.321
-1.785,0.939
-1.749,2.682
-1.752,3.221
-1.753,0.491
-1.785,2.614
-1.864,1.757
-1.829,0.919
-1.878,1.869
-1.929,1.218
-1.949,0.09
-1.901,2.064
-1.921,1.579
-2.001,-0.052
-2.043,2.23
-1.997,0.149
-1.996,3.341
-2.098,3.084
-2.146,2.412
-2.215,2.788
-2.28,2.954
-2.221,2.63
-2.27,1.072
-2.281,3.059
-2.412,2.733
-2.416,3.617
-2.368,1.637
-2.469,3.836
-2.554,1.604
-2.601,0.868
-2.612,0.165
-2.606,2.863
-2.654,2.666
-2.615,3.132
-2.663,3.294
-2.799,1.786
-2.748,1.514
-2.745,2.669
-2.859,0.004
-2.816,0.456
-2.91,2.042
-2.836,3.407
-2.93,2.131
-2.896,-0.057
-2.942,2.97
-2.878,3.318
-2.953,2.423
-2.963,2.641
-2.99,-0.189
-3.051,2.239
-3.027,-0.01
-3.051,3.775
-3.141,0.766
2.998,2.097
3.041,1.397
2.955,3.427
2.912,2.002
2.93,0.999
2.816,2.444
2.816,0.477
2.747,1.54
2.68,3.468
2.595,3.704
2.492,1.817
2.501,0.518
2.484,2.255
2.395,0.972
2.336,1.242
2.298,0.526
2.275,1.17
2.349,1.988
2.336,1.905
2.24,2.859
2.278,1.467
2.209,2.838
2.174,2.048
2.179,3.044
2.119,1.757
2.169,3.465
2.167,-0.083
2.073,1.72
2.121,3.206
2.107,1.082
2.133,3.375
2.059,3.122
2.066,1.674
2.054,2.98
2.07,1.632
2.003,2.977
2.06,1.77
1.952,3.708
2.017,1.733
2.017,-0.058
1.951,3.016
1.911,2.455
1.873,1.072
1.924,3.205
1.921,2.68
1.918,1.259
1.807,1.913
1.866,1.309
1.875,1.224
1.779,1.007
1.745,0.857
1.586,1.09
1.643,1.828
1.576,1.271
1.49,0.586
1.371,2.103
1.341,2.76
1.353,1.919
1.324,3.731
1.348,2.798
1.293,3.187
1.272,3.646
1.216,-0.118
1.28,2.396
1.231,3.701
1.196,3.092
1.162,0.616
1.04,2.7
1.099,3.542
1.073,3.124
0.997,0.479
0.038,-0.167
-0.641,-0.132
-0.668,-0.192
-1.091,-0.452
-1.137,-0.261
-1.419,-0.557
-1.423,-0.455
-1.576,-0.18
-1.839,-0.207
-2.318,-0.466
-2.32,-0.203
-2.672,-0.637
-2.701,-0.406
-2.942,-0.381
2.915,-0.566
2.748,-0.307
2.186,-0.285
2.101,-0.217
1.515,-0.239
1.539,-0.304
1.095,-0.114
0.844,3.882
0.6,4.094
0.357,3.866
-0.479,4.053
-0.744,4.014
-0.941,3.994
-1.013,3.922
-1.135,4.156
-1.347,4.2
-1.511,3.985
-1.543,3.886
-1.89,4.207
2.455,4.135
2.504,3.977
2.334,4.185
2.306,4.181
2.227,4.159
2.03,3.842
1.495,4.146
1.252,4.256
1.112,3.928
-0.802,0.072
-1.358,3.587
-1.688,0.3
-2.134,3.746
2.269,3.476
2.273,1.377
2.224,3.629
1.514,0.2
1.272,3.136
1.354,2.864
0.34,-0.295
-2.974,-0.59
1.631,-0.523
-0.653,3.865
2.007,4.141
0.792,0.146
0.76,1.586
0.72,3.413
0.602,1.162
0.748,0.092
0.593,1.884
0.499,1.458
0.488,3.316
0.304,-0.093
0.247,1.539
0.323,2.437
0.305,3.601
0.061,2.479
-0.103,2.537
0.014,-0.139
0.006,1.232
0.008,1.23
-0.037,0.645
-0.007,3.706
-0.102,0.21
-0.256,1.885
-0.292,1.195
-0.314,1.415
-0.252,0.145
-0.405,1.609
-0.329,2.243
-0.343,1.268
-0.475,1.673
-0.595,2.61
-0.854,0.829
-0.707,1.529
-0.919,3.582
-0.946,0.043
-0.981,3.391
-0.929,2.316
-1.091,1.596
-1.095,-0.076
-0.986,2.602
-1.119,2.924
-1.149,2.065
-1.15,1.616
-1.179,0.847
-1.084,0.982
-1.072,3.656
-1.195,1.33
-1.117,0.54
-1.248,3.493
-1.263,2.201
-1.309,0.538
-1.291,0.029
-1.491,-0.009
-1.549,0.105
-1.551,3.185
-1.445,3.645
-1.522,1.88
-1.539,1.967
-1.618,1.749
-1.592,0.045
-1.763,1.318
-1.803,3.521
-1.942,0.197
-1.921,2.653
-1.963,3.598
-1.835,0.578
-2.136,0.911
-2.0,-0.068
-2.137,-0.065
-2.131,2.559
-2.199,1.912
-2.202,0.865
-2.445,0.86
-2.291,3.595
-2.461,2.724
-2.472,3.781
-2.341,0.187
-2.5,1.38
-2.528,0.205
-2.713,3.382
-2.72,0.992
-2.699,1.996
-2.676,2.604
-2.679,2.271
-2.842,1.984
-2.752,1.839
-2.877,0.984
-2.86,2.633
-3.076,3.279
3.133,3.787
-3.092,3.562
3.05,0.35
3.094,3.306
2.915,0.125
2.748,2.237
2.673,2.917
2.66,-0.029
2.692,0.085
2.693,3.809
2.635,1.976
2.468,2.504
2.438,0.023
2.304,1.116
2.115,1.704
2.141,-0.203
2.081,-0.203
2.187,2.351
2.154,1.785
2.169,2.476
1.625,0.764
1.617,0.989
1.47,1.985
1.494,0.819
1.376,0.905
1.468,2.57
1.316,1.85
1.427,1.511
1.427,2.411
1.289,1.274
1.36,1.606
1.161,2.59
1.275,0.17
1.058,-0.036
0.401,-0.203
0.518,-0.244
0.315,-0.149
-0.144,-0.482
-0.116,-0.553
-0.379,-0.401
-0.299,-0.204
-0.411,-0.241
-1.093,-0.412
-1.027,-0.16
-1.001,-0.278
-1.338,-0.271
-1.5,-0.51
-2.307,-0.371
-2.302,-0.58
-2.565,-0.354
-2.571,-0.375
1.588,-0.468
1.103,-0.299
1.048,3.946
0.873,4.177
0.074,4.232
-0.234,4.009
-0.893,3.912
-1.093,3.87
-2.097,3.998
-2.115,3.906
-2.232,3.914
-2.657,4.041
-3.06,3.91
2.549,4.085
2.092,3.939
1.83,3.923
0.159,1.952
-0.225,1.953
-1.07,1.328
-3.136,1.953
2.965,2.569
2.245,3.319
1.976,3.532
1.384,0.419
-2.86,2.262
2.736,2.625
1.854,2.557
1.837,3.441
1.841,2.875
1.777,3.442
1.786,1.875
1.758,3.282
1.674,2.667
1.636,2.7
1.556,2.018
1.524,3.24
1.6,3.349
1.468,2.442
1.376,2.009
-0.544,1.058
-1.835,2.187
1.794,0.662
1.368,2.119
1.112,2.176
-0.614,-0.173
-0.732,-0.043
-2.177,0.074
-1.164,3.761
-0.545,-0.112
-1.144,-0.288
0.004,-0.742
0.023,0.178
0.018,-1.033
-0.059,0.052
-0.091,-1.243
-0.022,-0.42
-0.073,-0.929
-0.122,-1.476
-0.101,-1.915
-0.205,-2.307
-0.362,-0.711
-0.46,-1.457
-0.473,-1.171
-0.563,-2.396
-0.509,-1.983
-0.618,-0.7
-0.606,1.132
-0.642,-1.895
-0.606,-1.782
-0.664,-1.363
-0.702,-0.994
-0.679,-1.358
-0.787,-2.346
-0.737,-2.126
-0.75,-1.284
-0.841,-0.645
-0.744,-1.84
-0.833,-2.203
-0.958,-1.366
-1.018,-0.017
-0.956,0.13
-1.031,0.612
-1.015,-0.71
-1.082,0.421
-1.067,-2.177
-1.174,0.379
-1.18,-1.71
-1.199,-0.964
-1.265,0.687
-1.257,-0.228
-1.258,-2.213
-1.353,-2.352
-1.385,-0.262
-1.315,-1.228
-1.359,-1.048
-1.39,-1.975
-1.463,-0.913
-1.472,0.077
-1.469,1.384
-1.402,-0.449
-1.495,-1.685
-1.523,1.133
-1.469,0.532
-1.557,-0.232
-1.542,-0.247
-1.617,-0.853
-1.636,-0.181
-1.567,-0.412
-1.669,-1.936
-1.616,0.422
-1.666,-0.017
-1.74,-0.118
-1.752,-1.5
-1.716,0.243
-1.719,0.782
-1.72,-1.948
-1.752,0.175
-1.831,-0.682
-1.796,-1.52
-1.845,-0.57
-1.896,-1.221
-1.916,-2.349
-1.868,-0.375
-1.888,-0.86
-1.968,-2.491
-2.01,-0.209
-1.964,-2.29
-1.963,0.902
-2.065,0.645
-2.113,-0.027
-2.182,0.349
-2.247,0.515
-2.188,0.191
-2.237,-1.367
-2.248,0.62
-2.379,0.294
-2.383,1.178
-2.335,-0.802
-2.436,1.397
-2.521,-0.835
-2.568,-1.571
-2.579,-2.274
-2.573,0.424
-2.621,0.227
-2.582,0.693
-2.63,0.855
-2.766,-0.653
-2.715,-0.925
-2.712,0.23
-2.826,-2.435
-2.783,-1.983
-2.877,-0.397
-2.803,0.968
-2.897,-0.308
-2.863,-2.496
-2.909,0.531
-2.845,0.879
-2.92,-0.016
-2.93,0.202
-2.957,-2.628
-3.018,-0.2
-2.994,-2.449
-3.018,1.336
-3.108,-1.673
3.031,-0.342
3.074,-1.042
2.988,0.988
2.945,-0.437
2.963,-1.44
2.849,0.005
2.849,-1.962
2.78,-0.899
2.713,1.029
2.628,1.265
2.525,-0.622
2.534,-1.921
2.517,-0.184
2.428,-1.467
2.369,-1.197
2.331,-1.913
2.308,-1.269
2.382,-0.451
2.369,-0.534
2.273,0.42
2.311,-0.972
2.242,0.399
2.207,-0.391
2.212,0.605
2.152,-0.682
2.202,1.026
2.2,-2.522
2.106,-0.719
2.154,0.767
2.14,-1.357
2.166,0.936
2.092,0.683
2.099,-0.765
2.087,0.541
2.103,-0.807
2.036,0.538
2.093,-0.669
1.985,1.269
2.05,-0.706
2.05,-2.497
1.984,0.577
1.944,0.016
1.906,-1.367
1.957,0.766
1.954,0.241
1.951,-1.18
1.84,-0.526
1.899,-1.13
1.908,-1.215
1.812,-1.432
1.778,-1.582
1.619,-1.349
1.676,-0.611
1.609,-1.168
1.523,-1.853
1.404,-0.336
1.374,0.321
1.386,-0.52
1.357,1.292
1.381,0.359
1.326,0.748
1.305,1.207
1.249,-2.557
1.313,-0.043
1.264,1.262
1.229,0.653
1.195,-1.823
1.073,0.261
1.132,1.103
1.106,0.685
1.03,-1.96
0.071,-2.606
-0.608,-2.571
-0.635,-2.631
-1.058,-2.891
-1.104,-2.7
-1.386,-2.996
-1.39,-2.894
-1.543,-2.619
-1.806,-2.646
-2.285,-2.905
-2.287,-2.642
-2.639,-3.076
-2.668,-2.845
-2.909,-2.82
2.948,-3.005
2.781,-2.746
2.219,-2.724
2.134,-2.656
1.548,-2.678
1.572,-2.743
1.128,-2.553
0.877,1.443
0.633,1.655
0.39,1.427
-0.446,1.614
-0.711,1.575
-0.908,1.555
-0.98,1.483
-1.102,1.717
-1.314,1.761
-1.478,1.546
-1.51,1.447
-1.857,1.768
2.488,1.696
2.537,1.538
2.367,1.746
2.339,1.742
2.26,1.72
2.063,1.403
1.528,1.707
1.285,1.817
1.145,1.489
-0.769,-2.367
-1.325,1.148
-1.655,-2.139
-2.101,1.307
2.302,1.037
2.306,-1.062
2.257,1.19
1.547,-2.239
1.305,0.697
1.387,0.425
0.373,-2.734
-2.941,-3.029
1.664,-2.962
-0.62,1.426
2.04,1.702
0.825,-2.293
0.793,-0.853
0.753,0.974
0.635,-1.277
0.781,-2.347
0.626,-0.555
0.532,-0.981
0.521,0.877
0.337,-2.532
0.28,-0.9
0.356,-0.002
0.338,1.162
0.094,0.04
-0.07,0.098
0.047,-2.578
0.039,-1.207
0.041,-1.209
-0.004,-1.794
0.026,1.267
-0.069,-2.229
-0.223,-0.554
-0.259,-1.244
-0.281,-1.024
-0.219,-2.294
-0.372,-0.83
-0.296,-0.196
-0.31,-1.171
-0.442,-0.766
-0.562,0.171
-0.821,-1.61
-0.674,-0.91
-0.886,1.143
-0.913,-2.396
-0.948,0.952
-0.896,-0.123
-1.058,-0.843
-1.062,-2.515
-0.953,0.163
-1.086,0.485
-1.116,-0.374
-1.117,-0.823
-1.146,-1.592
-1.051,-1.457
-1.039,1.217
-1.162,-1.109
-1.084,-1.899
-1.215,1.054
-1.23,-0.238
-1.276,-1.901
-1.258,-2.41
-1.458,-2.448
-1.516,-2.334
-1.518,0.746
-1.412,1.206
-1.489,-0.559
-1.506,-0.472
-1.585,-0.69
-1.559,-2.394
-1.73,-1.121
-1.77,1.082
-1.909,-2.242
-1.888,0.214
-1.93,1.159
-1.802,-1.861
-2.103,-1.528
-1.967,-2.507
-2.104,-2.504
-2.098,0.12
-2.166,-0.527
-2.169,-1.574
-2.412,-1.579
-2.258,1.156
-2.428,0.285
-2.439,1.342
-2.308,-2.252
-2.467,-1.059
-2.495,-2.234
-2.68,0.943
-2.687,-1.447
-2.666,-0.443
-2.643,0.165
-2.646,-0.168
-2.809,-0.455
-2.719,-0.6
-2.844,-1.455
-2.827,0.194
-3.043,0.84
-3.117,1.348
-3.059,1.123
3.083,-2.089
3.127,0.867
2.948,-2.314
2.781,-0.202
2.706,0.478
2.693,-2.468
2.725,-2.354
2.726,1.37
2.668,-0.463
2.501,0.065
2.471,-2.416
2.337,-1.323
2.148,-0.735
2.174,-2.642
2.114,-2.642
2.22,-0.088
2.187,-0.654
2.202,0.037
1.658,-1.675
1.65,-1.45
1.503,-0.454
1.527,-1.62
1.409,-1.534
1.501,0.131
1.349,-0.589
1.46,-0.928
1.46,-0.028
1.322,-1.165
1.393,-0.833
1.194,0.151
1.308,-2.269
1.091,-2.475
0.434,-2.642
0.551,-2.683
0.348,-2.588
-0.111,-2.921
-0.083,-2.992
-0.346,-2.84
-0.266,-2.643
-0.378,-2.68
-1.06,-2.851
-0.994,-2.599
-0.968,-2.717
-1.305,-2.71
-1.467,-2.949
-2.274,-2.81
-2.269,-3.019
-2.532,-2.793
-2.538,-2.814
1.621,-2.907
1.136,-2.738
1.081,1.507
0.906,1.738
0.107,1.793
-0.201,1.57
-0.86,1.473
-1.06,1.431
-2.064,1.559
-2.082,1.467
-2.199,1.475
-2.624,1.602
-3.027,1.471
2.582,1.646
2.125,1.5
1.863,1.484
0.192,-0.487
-0.192,-0.486
-1.037,-1.111
-3.103,-0.486
2.998,0.13
2.278,0.88
2.009,1.093
1.417,-2.02
-2.827,-0.177
2.769,0.186
1.887,0.118
1.87,1.002
1.874,0.436
1.81,1.003
1.819,-0.564
1.791,0.843
1.707,0.228
1.669,0.261
1.589,-0.421
1.557,0.801
1.633,0.91
1.501,0.003
1.409,-0.43
-0.511,-1.381
-1.802,-0.252
1.827,-1.777
1.401,-0.32
1.145,-0.263
-0.581,-2.612
-0.699,-2.482
-2.144,-2.365
-1.131,1.322
-0.512,-2.551
-1.111,-2.727
0.019,0.92
0.014,-0.291
-0.063,0.794
-0.095,-0.501
-0.026,0.322
-0.077,-0.187
-0.126,-0.734
-0.105,-1.173
-0.209,-1.565
-0.366,0.031
-0.464,-0.715
-0.477,-0.429
-0.567,-1.654
-0.513,-1.241
-0.622,0.042
-0.61,1.874
-0.646,-1.153
-0.61,-1.04
-0.668,-0.621
-0.706,-0.252
-0.683,-0.616
-0.791,-1.604
-0.741,-1.384
-0.754,-0.542
-0.845,0.097
-0.748,-1.098
-0.837,-1.461
-0.962,-0.624
-1.022,0.725
-0.96,0.872
-1.035,1.354
-1.019,0.032
-1.086,1.163
-1.071,-1.435
-1.178,1.121
-1.184,-0.968
-1.203,-0.222
-1.269,1.429
-1.261,0.514
-1.262,-1.471
-1.357,-1.61
-1.389,0.48
-1.319,-0.486
-1.363,-0.306
-1.394,-1.233
-1.467,-0.171
-1.476,0.819
-1.473,2.126
-1.406,0.293
-1.499,-0.943
-1.527,1.875
-1.473,1.274
-1.561,0.51
-1.546,0.495
-1.621,-0.111
-1.64,0.561
-1.571,0.33
-1.673,-1.194
-1.62,1.164
-1.67,0.725
-1.744,0.624
-1.756,-0.758
-1.72,0.985
-1.723,1.524
-1.724,-1.206
-1.756,0.917
-1.835,0.06
-1.8,-0.778
-1.849,0.172
-1.9,-0.479
-1.92,-1.607
-1.872,0.367
-1.892,-0.118
-1.972,-1.749
-2.014,0.533
-1.968,-1.548
-1.967,1.644
-2.069,1.387
-2.117,0.715
-2.186,1.091
-2.251,1.257
-2.192,0.933
-2.241,-0.625
-2.252,1.362
-2.383,1.036
-2.387,1.92
-2.339,-0.06
-2.44,2.139
-2.525,-0.093
-2.572,-0.829
-2.583,-1.532
-2.577,1.166
-2.625,0.969
-2.586,1.435
-2.634,1.597
-2.77,0.089
-2.719,-0.183
-2.716,0.972
-2.83,-1.693
-2.787,-1.241
-2.881,0.345
-2.807,1.71
-2.901,0.434
-2.867,-1.754
-2.913,1.273
-2.849,1.621
-2.924,0.726
-2.934,0.944
-2.961,-1.886
-3.022,0.542
-2.998,-1.707
-3.022,2.078
-3.112,-0.931
3.027,0.4
3.07,-0.3
2.984,1.73
2.941,0.305
2.959,-0.698
2.845,0.747
2.845,-1.22
2.776,-0.157
2.709,1.771
2.624,2.007
2.521,0.12
2.53,-1.179
2.513,0.558
2.424,-0.725
2.365,-0.455
2.327,-1.171
2.304,-0.527
2.378,0.291
2.365,0.208
2.269,1.162
2.307,-0.23
2.238,1.141
2.203,0.351
2.208,1.347
2.148,0.06
2.198,1.768
2.196,-1.78
2.102,0.023
2.15,1.509
2.136,-0.615
2.162,1.678
2.088,1.425
2.095,-0.023
2.083,1.283
2.099,-0.065
2.032,1.28
2.089,0.073
1.981,2.011
2.046,0.036
2.046,-1.755
1.98,1.319
1.94,0.758
1.902,-0.625
1.953,1.508
1.95,0.983
1.947,-0.438
1.836,0.216
1.895,-0.388
1.904,-0.473
1.808,-0.69
1.774,-0.84
1.615,-0.607
1.672,0.131
1.605,-0.426
1.519,-1.111
1.4,0.406
1.37,1.063
1.382,0.222
1.353,2.034
1.377,1.101
1.322,1.49
1.301,1.949
1.245,-1.815
1.309,0.699
1.26,2.004
1.225,1.395
1.191,-1.081
1.069,1.003
1.128,1.845
1.102,1.427
1.026,-1.218
0.067,-1.864
-0.612,-1.829
-0.639,-1.889
-1.062,-2.149
-1.108,-1.958
-1.39,-2.254
-1.394,-2.152
-1.547,-1.877
-1.81,-1.904
-2.289,-2.163
-2.291,-1.9
-2.643,-2.334
-2.672,-2.103
-2.913,-2.078
2.944,-2.263
2.777,-2.004
2.215,-1.982
2.13,-1.914
1.544,-1.936
1.568,-2.001
1.124,-1.811
0.873,2.185
0.629,2.397
0.386,2.169
-0.45,2.356
-0.715,2.317
-0.912,2.297
-0.984,2.225
-1.106,2.459
-1.318,2.503
-1.482,2.288
-1.514,2.189
-1.861,2.51
2.484,2.438
2.533,2.28
2.363,2.488
2.335,2.484
2.256,2.462
2.059,2.145
1.524,2.449
1.281,2.559
1.141,2.231
-0.773,-1.625
-1.329,1.89
-1.659,-1.397
-2.105,2.049
2.298,1.779
2.302,-0.32
2.253,1.932
1.543,-1.497
1.301,1.439
1.383,1.167
0.369,-1.992
-2.945,-2.287
1.66,-2.22
-0.624,2.168
2.036,2.444
0.821,-1.551
0.789,-0.111
0.749,1.716
0.631,-0.535
0.777,-1.605
0.622,0.187
0.528,-0.239
0.517,1.619
0.333,-1.79
0.276,-0.158
0.352,0.74
0.334,1.904
0.09,0.782
-0.074,0.84
0.043,-1.836
0.035,-0.465
0.037,-0.467
-0.008,-1.052
0.022,2.009
-0.073,-1.487
-0.227,0.188
-0.263,-0.502
-0.285,-0.282
-0.223,-1.552
-0.376,-0.088
-0.3,0.546
-0.314,-0.429
-0.446,-0.024
-0.566,0.913
-0.825,-0.868
-0.678,-0.168
-0.89,1.885
-0.917,-1.654
-0.952,1.694
-0.9,0.619
-1.062,-0.101
-1.066,-1.773
-0.957,0.905
-1.09,1.227
-1.12,0.368
-1.121,-0.081
-1.15,-0.85
-1.055,-0.715
-1.043,1.959
-1.166,-0.367
-1.088,-1.157
-1.219,1.796
-1.234,0.504
-1.28,-1.159
-1.262,-1.668
-1.462,-1.706
-1.52,-1.592
-1.522,1.488
-1.416,1.948
-1.493,0.183
-1.51,0.27
-1.589,0.052
-1.563,-1.652
-1.734,-0.379
-1.774,1.824
-1.913,-1.5
-1.892,0.956
-1.934,1.901
-1.806,-1.119
-2.107,-0.786
-1.971,-1.765
-2.108,-1.762
-2.102,0.862
-2.17,0.215
-2.173,-0.832
-2.416,-0.837
-2.262,1.898
-2.432,1.027
-2.443,2.084
-2.312,-1.51
-2.471,-0.317
-2.499,-1.492
-2.684,1.685
-2.691,-0.705
-2.67,0.299
-2.647,0.907
-2.65,0.574
-2.813,0.287
-2.723,0.142
-2.848,-0.713
-2.831,0.936
-3.047,1.582
-3.121,2.09
-3.063,1.865
3.079,-1.347
3.123,1.609
2.944,-1.572
2.777,0.54
2.702,1.22
2.689,-1.726
2.721,-1.612
2.722,2.112
2.664,0.279
2.497,0.807
2.467,-1.674
2.333,-0.581
2.144,0.007
2.17,-1.9
2.11,-1.9
2.216,0.654
2.183,0.088
2.198,0.779
1.654,-0.933
1.646,-0.708
1.499,0.288
1.523,-0.878
1.405,-0.792
1.497,0.873
1.345,0.153
1.456,-0.186
1.456,0.714
1.318,-0.423
1.389,-0.091
1.19,0.893
1.304,-1.527
1.087,-1.733
0.43,-1.9
0.547,-1.941
0.344,-1.846
-0.115,-2.179
-0.087,-2.25
-0.35,-2.098
-0.27,-1.901
-0.382,-1.938
-1.064,-2.109
-0.998,-1.857
-0.972,-1.975
-1.309,-1.968
-1.471,-2.207
-2.278,-2.068
-2.273,-2.277
-2.536,-2.051
-2.542,-2.072
1.617,-2.165
1.132,-1.996
1.077,2.249
0.902,2.48
0.103,2.535
-0.205,2.312
-0.864,2.215
-1.064,2.173
-2.068,2.301
-2.086,2.209
-2.203,2.217
-2.628,2.344
-3.031,2.213
2.578,2.388
2.121,2.242
1.859,2.226
0.188,0.255
-0.196,0.256
-1.041,-0.369
-3.107,0.256
2.994,0.872
2.274,1.622
2.005,1.835
1.413,-1.278
-2.831,0.565
2.765,0.928
1.883,0.86
1.866,1.744
1.87,1.178
1.806,1.745
1.815,0.178
1.787,1.585
1.703,0.97
1.665,1.003
1.585,0.321
1.553,1.543
1.629,1.652
1.497,0.745
1.405,0.312
-0.515,-0.639
-1.806,0.49
1.823,-1.035
1.397,0.422
1.141,0.479
-0.585,-1.87
-0.703,-1.74
-2.148,-1.623
-1.135,2.064
-0.516,-1.809
-1.115,-1.985
-0.005,-1.211
-0.082,-0.126
-0.114,-1.421
-0.045,-0.598
-0.096,-1.107
-0.145,-1.654
-0.124,-2.093
-0.228,-2.485
-0.385,-0.889
-0.483,-1.635
-0.496,-1.349
-0.586,-2.574
-0.532,-2.161
-0.641,-0.878
-0.629,0.954
-0.665,-2.073
-0.629,-1.96
-0.687,-1.541
-0.725,-1.172
-0.702,-1.536
-0.81,-2.524
-0.76,-2.304
-0.773,-1.462
-0.864,-0.823
-0.767,-2.018
-0.856,-2.381
-0.981,-1.544
-1.041,-0.195
-0.979,-0.048
-1.054,0.434
-1.038,-0.888
-1.105,0.243
-1.09,-2.355
-1.197,0.201
-1.203,-1.888
-1.222,-1.142
-1.288,0.509
-1.28,-0.406
-1.281,-2.391
-1.376,-2.53
-1.408,-0.44
-1.338,-1.406
-1.382,-1.226
-1.413,-2.153
-1.486,-1.091
-1.495,-0.101
-1.492,1.206
-1.425,-0.627
-1.518,-1.863
-1.546,0.955
-1.492,0.354
-1.58,-0.41
-1.565,-0.425
-1.64,-1.031
-1.659,-0.359
-1.59,-0.59
-1.692,-2.114
-1.639,0.244
-1.689,-0.195
-1.763,-0.296
-1.775,-1.678
-1.739,0.065
-1.742,0.604
-1.743,-2.126
-1.775,-0.003
-1.854,-0.86
-1.819,-1.698
-1.868,-0.748
-1.919,-1.399
-1.939,-2.527
-1.891,-0.553
-1.911,-1.038
-1.991,-2.669
-2.033,-0.387
-1.987,-2.468
-1.986,0.724
-2.088,0.467
-2.136,-0.205
-2.205,0.171
-2.27,0.337
-2.211,0.013
-2.26,-1.545
-2.271,0.442
-2.402,0.116
-2.406,1.0
-2.358,-0.98
-2.459,1.219
-2.544,-1.013
-2.591,-1.749
-2.602,-2.452
-2.596,0.246
-2.644,0.049
-2.605,0.515
-2.653,0.677
-2.789,-0.831
-2.738,-1.103
-2.735,0.052
-2.849,-2.613
-2.806,-2.161
-2.9,-0.575
-2.826,0.79
-2.92,-0.486
-2.886,-2.674
-2.932,0.353
-2.868,0.701
-2.943,-0.194
-2.953,0.024
-2.98,-2.806
-3.041,-0.378
-3.017,-2.627
-3.041,1.158
-3.131,-1.851
3.008,-0.52
3.051,-1.22
2.965,0.81
2.922,-0.615
2.94,-1.618
2.826,-0.173
2.826,-2.14
2.757,-1.077
2.69,0.851
2.605,1.087
2.502,-0.8
2.511,-2.099
2.494,-0.362
2.405,-1.645
2.346,-1.375
2.308,-2.091
2.285,-1.447
2.359,-0.629
2.346,-0.712
2.25,0.242
2.288,-1.15
2.219,0.221
2.184,-0.569
2.189,0.427
2.129,-0.86
2.179,0.848
2.177,-2.7
2.083,-0.897
2.131,0.589
2.117,-1.535
2.143,0.758
2.069,0.505
2.076,-0.943
2.064,0.363
2.08,-0.985
2.013,0.36
2.07,-0.847
1.962,1.091
2.027,-0.884
2.027,-2.675
1.961,0.399
1.921,-0.162
1.883,-1.545
1.934,0.588
1.931,0.063
1.928,-1.358
1.817,-0.704
1.876,-1.308
1.885,-1.393
1.789,-1.61
1.755,-1.76
1.596,-1.527
1.653,-0.789
1.586,-1.346
1.5,-2.031
1.381,-0.514
1.351,0.143
1.363,-0.698
1.334,1.114
1.358,0.181
1.303,0.57
1.282,1.029
1.226,-2.735
1.29,-0.221
1.241,1.084
1.206,0.475
1.172,-2.001
1.05,0.083
1.109,0.925
1.083,0.507
1.007,-2.138
0.048,-2.784
-0.631,-2.749
-0.658,-2.809
-1.081,-3.069
-1.127,-2.878
-1.409,-3.174
-1.413,-3.072
-1.566,-2.797
-1.829,-2.824
-2.308,-3.083
-2.31,-2.82
-2.662,-3.254
-2.691,-3.023
-2.932,-2.998
2.925,-3.183
2.758,-2.924
2.196,-2.902
2.111,-2.834
1.525,-2.856
1.549,-2.921
1.105,-2.731
0.854,1.265
0.61,1.477
0.367,1.249
-0.469,1.436
-0.734,1.397
-0.931,1.377
-1.003,1.305
-1.125,1.539
-1.337,1.583
-1.501,1.368
-1.533,1.269
-1.88,1.59
2.465,1.518
2.514,1.36
2.344,1.568
2.316,1.564
2.237,1.542
2.04,1.225
1.505,1.529
1.262,1.639
1.122,1.311
-0.792,-2.545
-1.348,0.97
-1.678,-2.317
-2.124,1.129
2.279,0.859
2.283,-1.24
2.234,1.012
1.524,-2.417
1.282,0.519
1.364,0.247
0.35,-2.912
-2.964,-3.207
1.641,-3.14
-0.643,1.248
2.017,1.524
0.802,-2.471
0.77,-1.031
0.73,0.796
0.612,-1.455
0.758,-2.525
0.603,-0.733
0.509,-1.159
0.498,0.699
0.314,-2.71
0.257,-1.078
0.333,-0.18
0.315,0.984
0.071,-0.138
-0.093,-0.08
0.024,-2.756
0.016,-1.385
0.018,-1.387
-0.027,-1.972
0.003,1.089
-0.092,-2.407
-0.246,-0.732
-0.282,-1.422
-0.304,-1.202
-0.242,-2.472
-0.395,-1.008
-0.319,-0.374
-0.333,-1.349
-0.465,-0.944
-0.585,-0.007
-0.844,-1.788
-0.697,-1.088
-0.909,0.965
-0.936,-2.574
-0.971,0.774
-0.919,-0.301
-1.081,-1.021
-1.085,-2.693
-0.976,-0.015
-1.109,0.307
-1.139,-0.552
-1.14,-1.001
-1.169,-1.77
-1.074,-1.635
-1.062,1.039
-1.185,-1.287
-1.107,-2.077
-1.238,0.876
-1.253,-0.416
-1.299,-2.079
-1.281,-2.588
-1.481,-2.626
-1.539,-2.512
-1.541,0.568
-1.435,1.028
-1.512,-0.737
-1.529,-0.65
-1.608,-0.868
-1.582,-2.572
-1.753,-1.299
-1.793,0.904
-1.932,-2.42
-1.911,0.036
-1.953,0.981
-1.825,-2.039
-2.126,-1.706
-1.99,-2.685
-2.127,-2.682
-2.121,-0.058
-2.189,-0.705
-2.192,-1.752
-2.435,-1.757
-2.281,0.978
-2.451,0.107
-2.462,1.164
-2.331,-2.43
-2.49,-1.237
-2.518,-2.412
-2.703,0.765
-2.71,-1.625
-2.689,-0.621
-2.666,-0.013
-2.669,-0.346
-2.832,-0.633
-2.742,-0.778
-2.867,-1.633
-2.85,0.016
-3.066,0.662
-3.14,1.17
-3.082,0.945
3.06,-2.267
3.104,0.689
2.925,-2.492
2.758,-0.38
2.683,0.3
2.67,-2.646
2.702,-2.532
2.703,1.192
2.645,-0.641
2.478,-0.113
2.448,-2.594
2.314,-1.501
2.125,-0.913
2.151,-2.82
2.091,-2.82
2.197,-0.266
2.164,-0.832
2.179,-0.141
1.635,-1.853
1.627,-1.628
1.48,-0.632
1.504,-1.798
1.386,-1.712
1.478,-0.047
1.326,-0.767
1.437,-1.106
1.437,-0.206
1.299,-1.343
1.37,-1.011
1.171,-0.027
1.285,-2.447
1.068,-2.653
0.411,-2.82
0.528,-2.861
0.325,-2.766
-0.134,-3.099
-0.106,-3.17
-0.369,-3.018
-0.289,-2.821
-0.401,-2.858
-1.083,-3.029
-1.017,-2.777
-0.991,-2.895
-1.328,-2.888
-1.49,-3.127
-2.297,-2.988
-2.292,-3.197
-2.555,-2.971
-2.561,-2.992
1.598,-3.085
1.113,-2.916
1.058,1.329
0.883,1.56
0.084,1.615
-0.224,1.392
-0.883,1.295
-1.083,1.253
-2.087,1.381
-2.105,1.289
-2.222,1.297
-2.647,1.424
-3.05,1.293
2.559,1.468
2.102,1.322
1.84,1.306
0.169,-0.665
-0.215,-0.664
-1.06,-1.289
-3.126,-0.664
2.975,-0.048
2.255,0.702
1.986,0.915
1.394,-2.198
-2.85,-0.355
2.746,0.008
1.864,-0.06
1.847,0.824
1.851,0.258
1.787,0.825
1.796,-0.742
1.768,0.665
1.684,0.05
1.646,0.083
1.566,-0.599
1.534,0.623
1.61,0.732
1.478,-0.175
1.386,-0.608
-0.534,-1.559
-1.825,-0.43
1.804,-1.955
1.378,-0.498
1.122,-0.441
-0.604,-2.79
-0.722,-2.66
-2.167,-2.543
-1.154,1.144
-0.535,-2.729
-1.134,-2.905
-0.077,1.085
-0.109,-0.21
-0.04,0.613
-0.091,0.104
-0.14,-0.443
-0.119,-0.882
-0.223,-1.274
-0.38,0.322
-0.478,-0.424
-0.491,-0.138
-0.581,-1.363
-0.527,-0.95
-0.636,0.333
-0.624,2.165
-0.66,-0.862
-0.624,-0.749
-0.682,-0.33
-0.72,0.039
-0.697,-0.325
-0.805,-1.313
-0.755,-1.093
-0.768,-0.251
-0.859,0.388
-0.762,-0.807
-0.851,-1.17
-0.976,-0.333
-1.036,1.016
-0.974,1.163
-1.049,1.645
-1.033,0.323
-1.1,1.454
-1.085,-1.144
-1.192,1.412
-1.198,-0.677
-1.217,0.069
-1.283,1.72
-1.275,0.805
-1.276,-1.18
-1.371,-1.319
-1.403,0.771
-1.333,-0.195
-1.377,-0.015
-1.408,-0.942
-1.481,0.12
-1.49,1.11
-1.487,2.417
-1.42,0.584
-1.513,-0.652
-1.541,2.166
-1.487,1.565
-1.575,0.801
-1.56,0.786
-1.635,0.18
-1.654,0.852
-1.585,0.621
-1.687,-0.903
-1.634,1.455
-1.684,1.016
-1.758,0.915
-1.77,-0.467
-1.734,1.276
-1.737,1.815
-1.738,-0.915
-1.77,1.208
-1.849,0.351
-1.814,-0.487
-1.863,0.463
-1.914,-0.188
-1.934,-1.316
-1.886,0.658
-1.906,0.173
-1.986,-1.458
-2.028,0.824
-1.982,-1.257
-1.981,1.935
-2.083,1.678
-2.131,1.006
-2.2,1.382
-2.265,1.548
-2.206,1.224
-2.255,-0.334
-2.266,1.653
-2.397,1.327
-2.401,2.211
-2.353,0.231
-2.454,2.43
-2.539,0.198
-2.586,-0.538
-2.597,-1.241
-2.591,1.457
-2.639,1.26
-2.6,1.726
-2.648,1.888
-2.784,0.38
-2.733,0.108
-2.73,1.263
-2.844,-1.402
-2.801,-0.95
-2.895,0.636
-2.821,2.001
-2.915,0.725
-2.881,-1.463
-2.927,1.564
-2.863,1.912
-2.938,1.017
-2.948,1.235
-2.975,-1.595
-3.036,0.833
-3.012,-1.416
-3.036,2.369
-3.126,-0.64
3.013,0.691
3.056,-0.009
2.97,2.021
2.927,0.596
2.945,-0.407
2.831,1.038
2.831,-0.929
2.762,0.134
2.695,2.062
2.61,2.298
2.507,0.411
2.516,-0.888
2.499,0.849
2.41,-0.434
2.351,-0.164
2.313,-0.88
2.29,-0.236
2.364,0.582
2.351,0.499
2.255,1.453
2.293,0.061
2.224,1.432
2.189,0.642
2.194,1.638
2.134,0.351
2.184,2.059
2.182,-1.489
2.088,0.314
2.136,1.8
2.122,-0.324
2.148,1.969
2.074,1.716
2.081,0.268
2.069,1.574
2.085,0.226
2.018,1.571
2.075,0.364
1.967,2.302
2.032,0.327
2.032,-1.464
1.966,1.61
1.926,1.049
1.888,-0.334
1.939,1.799
1.936,1.274
1.933,-0.147
1.822,0.507
1.881,-0.097
1.89,-0.182
1.794,-0.399
1.76,-0.549
1.601,-0.316
1.658,0.422
1.591,-0.135
1.505,-0.82
1.386,0.697
1.356,1.354
1.368,0.513
1.339,2.325
1.363,1.392
1.308,1.781
1.287,2.24
1.231,-1.524
1.295,0.99
1.246,2.295
1.211,1.686
1.177,-0.79
1.055,1.294
1.114,2.136
1.088,1.718
1.012,-0.927
0.053,-1.573
-0.626,-1.538
-0.653,-1.598
-1.076,-1.858
-1.122,-1.667
-1.404,-1.963
-1.408,-1.861
-1.561,-1.586
-1.824,-1.613
-2.303,-1.872
-2.305,-1.609
-2.657,-2.043
-2.686,-1.812
-2.927,-1.787
2.93,-1.972
2.763,-1.713
2.201,-1.691
2.116,-1.623
1.53,-1.645
1.554,-1.71
1.11,-1.52
0.859,2.476
0.615,2.688
0.372,2.46
-0.464,2.647
-0.729,2.608
-0.926,2.588
-0.998,2.516
-1.12,2.75
-1.332,2.794
-1.496,2.579
-1.528,2.48
-1.875,2.801
2.47,2.729
2.519,2.571
2.349,2.779
2.321,2.775
2.242,2.753
2.045,2.436
1.51,2.74
1.267,2.85
1.127,2.522
-0.787,-1.334
-1.343,2.181
-1.673,-1.106
-2.119,2.34
2.284,2.07
2.288,-0.029
2.239,2.223
1.529,-1.206
1.287,1.73
1.369,1.458
0.355,-1.701
-2.959,-1.996
1.646,-1.929
-0.638,2.459
2.022,2.735
0.807,-1.26
0.775,0.18
0.735,2.007
0.617,-0.244
0.763,-1.314
0.608,0.478
0.514,0.052
0.503,1.91
0.319,-1.499
0.262,0.133
0.338,1.031
0.32,2.195
0.076,1.073
-0.088,1.131
0.029,-1.545
0.021,-0.174
0.023,-0.176
-0.022,-0.761
0.008,2.3
-0.087,-1.196
-0.241,0.479
-0.277,-0.211
-0.299,0.009
-0.237,-1.261
-0.39,0.203
-0.314,0.837
-0.328,-0.138
-0.46,0.267
-0.58,1.204
-0.839,-0.577
-0.692,0.123
-0.904,2.176
-0.931,-1.363
-0.966,1.985
-0.914,0.91
-1.076,0.19
-1.08,-1.482
-0.971,1.196
-1.104,1.518
-1.134,0.659
-1.135,0.21
-1.164,-0.559
-1.069,-0.424
-1.057,2.25
-1.18,-0.076
-1.102,-0.866
-1.233,2.087
-1.248,0.795
-1.294,-0.868
-1.276,-1.377
-1.476,-1.415
-1.534,-1.301
-1.536,1.779
-1.43,2.239
-1.507,0.474
-1.524,0.561
-1.603,0.343
-1.577,-1.361
-1.748,-0.088
-1.788,2.115
-1.927,-1.209
-1.906,1.247
-1.948,2.192
-1.82,-0.828
-2.121,-0.495
-1.985,-1.474
-2.122,-1.471
-2.116,1.153
-2.184,0.506
-2.187,-0.541
-2.43,-0.546
-2.276,2.189
-2.446,1.318
-2.457,2.375
-2.326,-1.219
-2.485,-0.026
-2.513,-1.201
-2.698,1.976
-2.705,-0.414
-2.684,0.59
-2.661,1.198
-2.664,0.865
-2.827,0.578
-2.737,0.433
-2.862,-0.422
-2.845,1.227
-3.061,1.873
-3.135,2.381
-3.077,2.156
3.065,-1.056
3.109,1.9
2.93,-1.281
2.763,0.831
2.688,1.511
2.675,-1.435
2.707,-1.321
2.708,2.403
2.65,0.57
2.483,1.098
2.453,-1.383
2.319,-0.29
2.13,0.298
2.156,-1.609
2.096,-1.609
2.202,0.945
2.169,0.379
2.184,1.07
1.64,-0.642
1.632,-0.417
1.485,0.579
1.509,-0.587
1.391,-0.501
1.483,1.164
1.331,0.444
1.442,0.105
1.442,1.005
1.304,-0.132
1.375,0.2
1.176,1.184
1.29,-1.236
1.073,-1.442
0.416,-1.609
0.533,-1.65
0.33,-1.555
-0.129,-1.888
-0.101,-1.959
-0.364,-1.807
-0.284,-1.61
-0.396,-1.647
-1.078,-1.818
-1.012,-1.566
-0.986,-1.684
-1.323,-1.677
-1.485,-1.916
-2.292,-1.777
-2.287,-1.986
-2.55,-1.76
-2.556,-1.781
1.603,-1.874
1.118,-1.705
1.063,2.54
0.888,2.771
0.089,2.826
-0.219,2.603
-0.878,2.506
-1.078,2.464
-2.082,2.592
-2.1,2.5
-2.217,2.508
-2.642,2.635
-3.045,2.504
2.564,2.679
2.107,2.533
1.845,2.517
0.174,0.546
-0.21,0.547
-1.055,-0.078
-3.121,0.547
2.98,1.163
2.26,1.913
1.991,2.126
1.399,-0.987
-2.845,0.856
2.751,1.219
1.869,1.151
1.852,2.035
1.856,1.469
1.792,2.036
1.801,0.469
1.773,1.876
1.689,1.261
1.651,1.294
1.571,0.612
1.539,1.834
1.615,1.943
1.483,1.036
1.391,0.603
-0.529,-0.348
-1.82,0.781
1.809,-0.744
1.383,0.713
1.127,0.77
-0.599,-1.579
-0.717,-1.449
-2.162,-1.332
-1.149,2.355
-0.53,-1.518
-1.129,-1.694
-0.032,-1.295
0.037,-0.472
-0.014,-0.981
-0.063,-1.528
-0.042,-1.967
-0.146,-2.359
-0.303,-0.763
-0.401,-1.509
-0.414,-1.223
-0.504,-2.448
-0.45,-2.035
-0.559,-0.752
-0.547,1.08
-0.583,-1.947
-0.547,-1.834
-0.605,-1.415
-0.643,-1.046
-0.62,-1.41
-0.728,-2.398
-0.678,-2.178
-0.691,-1.336
-0.782,-0.697
-0.685,-1.892
-0.774,-2.255
-0.899,-1.418
-0.959,-0.069
-0.897,0.078
-0.972,0.56
-0.956,-0.762
-1.023,0.369
-1.008,-2.229
-1.115,0.327
-1.121,-1.762
-1.14,-1.016
-1.206,0.635
-1.198,-0.28
-1.199,-2.265
-1.294,-2.404
-1.326,-0.314
-1.256,-1.28
-1.3,-1.1
-1.331,-2.027
-1.404,-0.965
-1.413,0.025
-1.41,1.332
-1.343,-0.501
-1.436,-1.737
-1.464,1.081
-1.41,0.48
-1.498,-0.284
-1.483,-0.299
-1.558,-0.905
-1.577,-0.233
-1.508,-0.464
-1.61,-1.988
-1.557,0.37
-1.607,-0.069
-1.681,-0.17
-1.693,-1.552
-1.657,0.191
-1.66,0.73
-1.661,-2.0
-1.693,0.123
-1.772,-0.734
-1.737,-1.572
-1.786,-0.622
-1.837,-1.273
-1.857,-2.401
-1.809,-0.427
-1.829,-0.912
-1.909,-2.543
-1.951,-0.261
-1.905,-2.342
-1.904,0.85
-2.006,0.593
-2.054,-0.079
-2.123,0.297
-2.188,0.463
-2.129,0.139
-2.178,-1.419
-2.189,0.568
-2.32,0.242
-2.324,1.126
-2.276,-0.854
-2.377,1.345
-2.462,-0.887
-2.509,-1.623
-2.52,-2.326
-2.514,0.372
-2.562,0.175
-2.523,0.641
-2.571,0.803
-2.707,-0.705
-2.656,-0.977
-2.653,0.178
-2.767,-2.487
-2.724,-2.035
-2.818,-0.449
-2.744,0.916
-2.838,-0.36
-2.804,-2.548
-2.85,0.479
-2.786,0.827
-2.861,-0.068
-2.871,0.15
-2.898,-2.68
-2.959,-0.252
-2.935,-2.501
-2.959,1.284
-3.049,-1.725
3.09,-0.394
3.133,-1.094
3.047,0.936
3.004,-0.489
3.022,-1.492
2.908,-0.047
2.908,-2.014
2.839,-0.951
2.772,0.977
2.687,1.213
2.584,-0.674
2.593,-1.973
2.576,-0.236
2.487,-1.519
2.428,-1.249
2.39,-1.965
2.367,-1.321
2.441,-0.503
2.428,-0.586
2.332,0.368
2.37,-1.024
2.301,0.347
2.266,-0.443
2.271,0.553
2.211,-0.734
2.261,0.974
2.259,-2.574
2.165,-0.771
2.213,0.715
2.199,-1.409
2.225,0.884
2.151,0.631
2.158,-0.817
2.146,0.489
2.162,-0.859
2.095,0.486
2.152,-0.721
2.044,1.217
2.109,-0.758
2.109,-2.549
2.043,0.525
2.003,-0.036
1.965,-1.419
2.016,0.714
2.013,0.189
2.01,-1.232
1.899,-0.578
1.958,-1.182
1.967,-1.267
1.871,-1.484
1.837,-1.634
1.678,-1.401
1.735,-0.663
1.668,-1.22
1.582,-1.905
1.463,-0.388
1.433,0.269
1.445,-0.572
1.416,1.24
1.44,0.307
1.385,0.696
1.364,1.155
1.308,-2.609
1.372,-0.095
1.323,1.21
1.288,0.601
1.254,-1.875
1.132,0.209
1.191,1.051
1.165,0.633
1.089,-2.012
0.13,-2.658
-0.549,-2.623
-0.576,-2.683
-0.999,-2.943
-1.045,-2.752
-1.327,-3.048
-1.331,-2.946
-1.484,-2.671
-1.747,-2.698
-2.226,-2.957
-2.228,-2.694
-2.58,-3.128
-2.609,-2.897
-2.85,-2.872
3.007,-3.057
2.84,-2.798
2.278,-2.776
2.193,-2.708
1.607,-2.73
1.631,-2.795
1.187,-2.605
0.936,1.391
0.692,1.603
0.449,1.375
-0.387,1.562
-0.652,1.523
-0.849,1.503
-0.921,1.431
-1.043,1.665
-1.255,1.709
-1.419,1.494
-1.451,1.395
-1.798,1.716
2.547,1.644
2.596,1.486
2.426,1.694
2.398,1.69
2.319,1.668
2.122,1.351
1.587,1.655
1.344,1.765
1.204,1.437
-0.71,-2.419
-1.266,1.096
-1.596,-2.191
-2.042,1.255
2.361,0.985
2.365,-1.114
2.316,1.138
1.606,-2.291
1.364,0.645
1.446,0.373
0.432,-2.786
-2.882,-3.081
1.723,-3.014
-0.561,1.374
2.099,1.65
0.884,-2.345
0.852,-0.905
0.812,0.922
0.694,-1.329
0.84,-2.399
0.685,-0.607
0.591,-1.033
0.58,0.825
0.396,-2.584
0.339,-0.952
0.415,-0.054
0.397,1.11
0.153,-0.012
-0.011,0.046
0.106,-2.63
0.098,-1.259
0.1,-1.261
0.055,-1.846
0.085,1.215
-0.01,-2.281
-0.164,-0.606
-0.2,-1.296
-0.222,-1.076
-0.16,-2.346
-0.313,-0.882
-0.237,-0.248
-0.251,-1.223
-0.383,-0.818
-0.503,0.119
-0.762,-1.662
-0.615,-0.962
-0.827,1.091
-0.854,-2.448
-0.889,0.9
-0.837,-0.175
-0.999,-0.895
-1.003,-2.567
-0.894,0.111
-1.027,0.433
-1.057,-0.426
-1.058,-0.875
-1.087,-1.644
-0.992,-1.509
-0.98,1.165
-1.103,-1.161
-1.025,-1.951
-1.156,1.002
-1.171,-0.29
-1.217,-1.953
-1.199,-2.462
-1.399,-2.5
-1.457,-2.386
-1.459,0.694
-1.353,1.154
-1.43,-0.611
-1.447,-0.524
-1.526,-0.742
-1.5,-2.446
-1.671,-1.173
-1.711,1.03
-1.85,-2.294
-1.829,0.162
-1.871,1.107
-1.743,-1.913
-2.044,-1.58
-1.908,-2.559
-2.045,-2.556
-2.039,0.068
-2.107,-0.579
-2.11,-1.626
-2.353,-1.631
-2.199,1.104
-2.369,0.233
-2.38,1.29
-2.249,-2.304
-2.408,-1.111
-2.436,-2.286
-2.621,0.891
-2.628,-1.499
-2.607,-0.495
-2.584,0.113
-2.587,-0.22
-2.75,-0.507
-2.66,-0.652
-2.785,-1.507
-2.768,0.142
-2.984,0.788
-3.058,1.296
-3.0,1.071
-3.141,-2.141
-3.097,0.815
3.007,-2.366
2.84,-0.254
2.765,0.426
2.752,-2.52
2.784,-2.406
2.785,1.318
2.727,-0.515
2.56,0.013
2.53,-2.468
2.396,-1.375
2.207,-0.787
2.233,-2.694
2.173,-2.694
2.279,-0.14
2.246,-0.706
2.261,-0.015
1.717,-1.727
1.709,-1.502
1.562,-0.506
1.586,-1.672
1.468,-1.586
1.56,0.079
1.408,-0.641
1.519,-0.98
1.519,-0.08
1.381,-1.217
1.452,-0.885
1.253,0.099
1.367,-2.321
1.15,-2.527
0.493,-2.694
0.61,-2.735
0.407,-2.64
-0.052,-2.973
-0.024,-3.044
-0.287,-2.892
-0.207,-2.695
-0.319,-2.732
-1.001,-2.903
-0.935,-2.651
-0.909,-2.769
-1.246,-2.762
-1.408,-3.001
-2.215,-2.862
-2.21,-3.071
-2.473,-2.845
-2.479,-2.866
1.68,-2.959
1.195,-2.79
1.14,1.455
0.965,1.686
0.166,1.741
-0.142,1.518
-0.801,1.421
-1.001,1.379
-2.005,1.507
-2.023,1.415
-2.14,1.423
-2.565,1.55
-2.968,1.419
2.641,1.594
2.184,1.448
1.922,1.432
0.251,-0.539
-0.133,-0.538
-0.978,-1.163
-3.044,-0.538
3.057,0.078
2.337,0.828
2.068,1.041
1.476,-2.072
-2.768,-0.229
2.828,0.134
1.946,0.066
1.929,0.95
1.933,0.384
1.869,0.951
1.878,-0.616
1.85,0.791
1.766,0.176
1.728,0.209
1.648,-0.473
1.616,0.749
1.692,0.858
1.56,-0.049
1.468,-0.482
-0.452,-1.433
-1.743,-0.304
1.886,-1.829
1.46,-0.372
1.204,-0.315
-0.522,-2.664
-0.64,-2.534
-2.085,-2.417
-1.072,1.27
-0.453,-2.603
-1.052,-2.779
0.069,0.823
0.018,0.314
-0.031,-0.233
-0.01,-0.672
-0.114,-1.064
-0.271,0.532
-0.369,-0.214
-0.382,0.072
-0.472,-1.153
-0.418,-0.74
-0.527,0.543
-0.515,2.375
-0.551,-0.652
-0.515,-0.539
-0.573,-0.12
-0.611,0.249
-0.588,-0.115
-0.696,-1.103
-0.646,-0.883
-0.659,-0.041
-0.75,0.598
-0.653,-0.597
-0.742,-0.96
-0.867,-0.123
-0.927,1.226
-0.865,1.373
-0.94,1.855
-0.924,0.533
-0.991,1.664
-0.976,-0.934
-1.083,1.622
-1.089,-0.467
-1.108,0.279
-1.174,1.93
-1.166,1.015
-1.167,-0.97
-1.262,-1.109
-1.294,0.981
-1.224,0.015
-1.268,0.195
-1.299,-0.732
-1.372,0.33
-1.381,1.32
-1.378,2.627
-1.311,0.794
-1.404,-0.442
-1.432,2.376
-1.378,1.775
-1.466,1.011
-1.451,0.996
-1.526,0.39
-1.545,1.062
-1.476,0.831
-1.578,-0.693
-1.525,1.665
-1.575,1.226
-1.649,1.125
-1.661,-0.257
-1.625,1.486
-1.628,2.025
-1.629,-0.705
-1.661,1.418
-1.74,0.561
-1.705,-0.277
-1.754,0.673
-1.805,0.022
-1.825,-1.106
-1.777,0.868
-1.797,0.383
-1.877,-1.248
-1.919,1.034
-1.873,-1.047
-1.872,2.145
-1.974,1.888
-2.022,1.216
-2.091,1.592
-2.156,1.758
-2.097,1.434
-2.146,-0.124
-2.157,1.863
-2.288,1.537
-2.292,2.421
-2.244,0.441
-2.345,2.64
-2.43,0.408
-2.477,-0.328
-2.488,-1.031
-2.482,1.667
-2.53,1.47
-2.491,1.936
-2.539,2.098
-2.675,0.59
-2.624,0.318
-2.621,1.473
-2.735,-1.192
-2.692,-0.74
-2.786,0.846
-2.712,2.211
-2.806,0.935
-2.772,-1.253
-2.818,1.774
-2.754,2.122
-2.829,1.227
-2.839,1.445
-2.866,-1.385
-2.927,1.043
-2.903,-1.206
-2.927,2.579
-3.017,-0.43
3.122,0.901
-3.118,0.201
3.079,2.231
3.036,0.806
3.054,-0.197
2.94,1.248
2.94,-0.719
2.871,0.344
2.804,2.272
2.719,2.508
2.616,0.621
2.625,-0.678
2.608,1.059
2.519,-0.224
2.46,0.046
2.422,-0.67
2.399,-0.026
2.473,0.792
2.46,0.709
2.364,1.663
2.402,0.271
2.333,1.642
2.298,0.852
2.303,1.848
2.243,0.561
2.293,2.269
2.291,-1.279
2.197,0.524
2.245,2.01
2.231,-0.114
2.257,2.179
2.183,1.926
2.19,0.478
2.178,1.784
2.194,0.436
2.127,1.781
2.184,0.574
2.076,2.512
2.141,0.537
2.141,-1.254
2.075,1.82
2.035,1.259
1.997,-0.124
2.048,2.009
2.045,1.484
2.042,0.063
1.931,0.717
1.99,0.113
1.999,0.028
1.903,-0.189
1.869,-0.339
1.71,-0.106
1.767,0.632
1.7,0.075
1.614,-0.61
1.495,0.907
1.465,1.564
1.477,0.723
1.448,2.535
1.472,1.602
1.417,1.991
1.396,2.45
1.34,-1.314
1.404,1.2
1.355,2.505
1.32,1.896
1.286,-0.58
1.164,1.504
1.223,2.346
1.197,1.928
1.121,-0.717
0.162,-1.363
-0.517,-1.328
-0.544,-1.388
-0.967,-1.648
-1.013,-1.457
-1.295,-1.753
-1.299,-1.651
-1.452,-1.376
-1.715,-1.403
-2.194,-1.662
-2.196,-1.399
-2.548,-1.833
-2.577,-1.602
-2.818,-1.577
3.039,-1.762
2.872,-1.503
2.31,-1.481
2.225,-1.413
1.639,-1.435
1.663,-1.5
1.219,-1.31
0.968,2.686
0.724,2.898
0.481,2.67
-0.355,2.857
-0.62,2.818
-0.817,2.798
-0.889,2.726
-1.011,2.96
-1.223,3.004
-1.387,2.789
-1.419,2.69
-1.766,3.011
2.579,2.939
2.628,2.781
2.458,2.989
2.43,2.985
2.351,2.963
2.154,2.646
1.619,2.95
1.376,3.06
1.236,2.732
-0.678,-1.124
-1.234,2.391
-1.564,-0.896
-2.01,2.55
2.393,2.28
2.397,0.181
2.348,2.433
1.638,-0.996
1.396,1.94
1.478,1.668
0.464,-1.491
-2.85,-1.786
1.755,-1.719
-0.529,2.669
2.131,2.945
0.916,-1.05
0.884,0.39
0.844,2.217
0.726,-0.034
0.872,-1.104
0.717,0.688
0.623,0.262
0.612,2.12
0.428,-1.289
0.371,0.343
0.447,1.241
0.429,2.405
0.185,1.283
0.021,1.341
0.138,-1.335
0.13,0.036
0.132,0.034
0.087,-0.551
0.117,2.51
0.022,-0.986
-0.132,0.689
-0.168,-0.001
-0.19,0.219
-0.128,-1.051
-0.281,0.413
-0.205,1.047
-0.219,0.072
-0.351,0.477
-0.471,1.414
-0.73,-0.367
-0.583,0.333
-0.795,2.386
-0.822,-1.153
-0.857,2.195
-0.805,1.12
-0.967,0.4
-0.971,-1.272
-0.862,1.406
-0.995,1.728
-1.025,0.869
-1.026,0.42
-1.055,-0.349
-0.96,-0.214
-0.948,2.46
-1.071,0.134
-0.993,-0.656
-1.124,2.297
-1.139,1.005
-1.185,-0.658
-1.167,-1.167
-1.367,-1.205
-1.425,-1.091
-1.427,1.989
-1.321,2.449
-1.398,0.684
-1.415,0.771
-1.494,0.553
-1.468,-1.151
-1.639,0.122
-1.679,2.325
-1.818,-0.999
-1.797,1.457
-1.839,2.402
-1.711,-0.618
-2.012,-0.285
-1.876,-1.264
-2.013,-1.261
-2.007,1.363
-2.075,0.716
-2.078,-0.331
-2.321,-0.336
-2.167,2.399
-2.337,1.528
-2.348,2.585
-2.217,-1.009
-2.376,0.184
-2.404,-0.991
-2.589,2.186
-2.596,-0.204
-2.575,0.8
-2.552,1.408
-2.555,1.075
-2.718,0.788
-2.628,0.643
-2.753,-0.212
-2.736,1.437
-2.952,2.083
-3.026,2.591
-2.968,2.366
-3.109,-0.846
-3.065,2.11
3.039,-1.071
2.872,1.041
2.797,1.721
2.784,-1.225
2.816,-1.111
2.817,2.613
2.759,0.78
2.592,1.308
2.562,-1.173
2.428,-0.08
2.239,0.508
2.265,-1.399
2.205,-1.399
2.311,1.155
2.278,0.589
2.293,1.28
1.749,-0.432
1.741,-0.207
1.594,0.789
1.618,-0.377
1.5,-0.291
1.592,1.374
1.44,0.654
1.551,0.315
1.551,1.215
1.413,0.078
1.484,0.41
1.285,1.394
1.399,-1.026
1.182,-1.232
0.525,-1.399
0.642,-1.44
0.439,-1.345
-0.02,-1.678
0.008,-1.749
-0.255,-1.597
-0.175,-1.4
-0.287,-1.437
-0.969,-1.608
-0.903,-1.356
-0.877,-1.474
-1.214,-1.467
-1.376,-1.706
-2.183,-1.567
-2.178,-1.776
-2.441,-1.55
-2.447,-1.571
1.712,-1.664
1.227,-1.495
1.172,2.75
0.997,2.981
0.198,3.036
-0.11,2.813
-0.769,2.716
-0.969,2.674
-1.973,2.802
-1.991,2.71
-2.108,2.718
-2.533,2.845
-2.936,2.714
2.673,2.889
2.216,2.743
1.954,2.727
0.283,0.756
-0.101,0.757
-0.946,0.132
-3.012,0.757
3.089,1.373
2.369,2.123
2.1,2.336
1.508,-0.777
-2.736,1.066
2.86,1.429
1.978,1.361
1.961,2.245
1.965,1.679
1.901,2.246
1.91,0.679
1.882,2.086
1.798,1.471
1.76,1.504
1.68,0.822
1.648,2.044
1.724,2.153
1.592,1.246
1.5,0.813
-0.42,-0.138
-1.711,0.991
1.918,-0.534
1.492,0.923
1.236,0.98
-0.49,-1.369
-0.608,-1.239
-2.053,-1.122
-1.04,2.565
-0.421,-1.308
-1.02,-1.484
-0.051,-0.509
-0.1,-1.056
-0.079,-1.495
-0.183,-1.887
-0.34,-0.291
-0.438,-1.037
-0.451,-0.751
-0.541,-1.976
-0.487,-1.563
-0.596,-0.28
-0.584,1.552
-0.62,-1.475
-0.584,-1.362
-0.642,-0.943
-0.68,-0.574
-0.657,-0.938
-0.765,-1.926
-0.715,-1.706
-0.728,-0.864
-0.819,-0.225
-0.722,-1.42
-0.811,-1.783
-0.936,-0.946
-0.996,0.403
-0.934,0.55
-1.009,1.032
-0.993,-0.29
-1.06,0.841
-1.045,-1.757
-1.152,0.799
-1.158,-1.29
-1.177,-0.544
-1.243,1.107
-1.235,0.192
-1.236,-1.793
-1.331,-1.932
-1.363,0.158
-1.293,-0.808
-1.337,-0.628
-1.368,-1.555
-1.441,-0.493
-1.45,0.497
-1.447,1.804
-1.38,-0.029
-1.473,-1.265
-1.501,1.553
-1.447,0.952
-1.535,0.188
-1.52,0.173
-1.595,-0.433
-1.614,0.239
-1.545,0.008
-1.647,-1.516
-1.594,0.842
-1.644,0.403
-1.718,0.302
-1.73,-1.08
-1.694,0.663
-1.697,1.202
-1.698,-1.528
-1.73,0.595
-1.809,-0.262
-1.774,-1.1
-1.823,-0.15
-1.874,-0.801
-1.894,-1.929
-1.846,0.045
-1.866,-0.44
-1.946,-2.071
-1.988,0.211
-1.942,-1.87
-1.941,1.322
-2.043,1.065
-2.091,0.393
-2.16,0.769
-2.225,0.935
-2.166,0.611
-2.215,-0.947
-2.226,1.04
-2.357,0.714
-2.361,1.598
-2.313,-0.382
-2.414,1.817
-2.499,-0.415
-2.546,-1.151
-2.557,-1.854
-2.551,0.844
-2.599,0.647
-2.56,1.113
-2.608,1.275
-2.744,-0.233
-2.693,-0.505
-2.69,0.65
-2.804,-2.015
-2.761,-1.563
-2.855,0.023
-2.781,1.388
-2.875,0.112
-2.841,-2.076
-2.887,0.951
-2.823,1.299
-2.898,0.404
-2.908,0.622
-2.935,-2.208
-2.996,0.22
-2.972,-2.029
-2.996,1.756
-3.086,-1.253
3.053,0.078
3.096,-0.622
3.01,1.408
2.967,-0.017
2.985,-1.02
2.871,0.425
2.871,-1.542
2.802,-0.479
2.735,1.449
2.65,1.685
2.547,-0.202
2.556,-1.501
2.539,0.236
2.45,-1.047
2.391,-0.777
2.353,-1.493
2.33,-0.849
2.404,-0.031
2.391,-0.114
2.295,0.84
2.333,-0.552
2.264,0.819
2.229,0.029
2.234,1.025
2.174,-0.262
2.224,1.446
2.222,-2.102
2.128,-0.299
2.176,1.187
2.162,-0.937
2.188,1.356
2.114,1.103
2.121,-0.345
2.109,0.961
2.125,-0.387
2.058,0.958
2.115,-0.249
2.007,1.689
2.072,-0.286
2.072,-2.077
2.006,0.997
1.966,0.436
1.928,-0.947
1.979,1.186
1.976,0.661
1.973,-0.76
1.862,-0.106
1.921,-0.71
1.93,-0.795
1.834,-1.012
1.8,-1.162
1.641,-0.929
1.698,-0.191
1.631,-0.748
1.545,-1.433
1.426,0.084
1.396,0.741
1.408,-0.1
1.379,1.712
1.403,0.779
1.348,1.168
1.327,1.627
1.271,-2.137
1.335,0.377
1.286,1.682
1.251,1.073
1.217,-1.403
1.095,0.681
1.154,1.523
1.128,1.105
1.052,-1.54
0.093,-2.186
-0.586,-2.151
-0.613,-2.211
-1.036,-2.471
-1.082,-2.28
-1.364,-2.576
-1.368,-2.474
-1.521,-2.199
-1.784,-2.226
-2.263,-2.485
-2.265,-2.222
-2.617,-2.656
-2.646,-2.425
-2.887,-2.4
2.97,-2.585
2.803,-2.326
2.241,-2.304
2.156,-2.236
1.57,-2.258
1.594,-2.323
1.15,-2.133
0.899,1.863
0.655,2.075
0.412,1.847
-0.424,2.034
-0.689,1.995
-0.886,1.975
-0.958,1.903
-1.08,2.137
-1.292,2.181
-1.456,1.966
-1.488,1.867
-1.835,2.188
2.51,2.116
2.559,1.958
2.389,2.166
2.361,2.162
2.282,2.14
2.085,1.823
1.55,2.127
1.307,2.237
1.167,1.909
-0.747,-1.947
-1.303,1.568
-1.633,-1.719
-2.079,1.727
2.324,1.457
2.328,-0.642
2.279,1.61
1.569,-1.819
1.327,1.117
1.409,0.845
0.395,-2.314
-2.919,-2.609
1.686,-2.542
-0.598,1.846
2.062,2.122
0.847,-1.873
0.815,-0.433
0.775,1.394
0.657,-0.857
0.803,-1.927
0.648,-0.135
0.554,-0.561
0.543,1.297
0.359,-2.112
0.302,-0.48
0.378,0.418
0.36,1.582
0.116,0.46
-0.048,0.518
0.069,-2.158
0.061,-0.787
0.063,-0.789
0.018,-1.374
0.048,1.687
-0.047,-1.809
-0.201,-0.134
-0.237,-0.824
-0.259,-0.604
-0.197,-1.874
-0.35,-0.41
-0.274,0.224
-0.288,-0.751
-0.42,-0.346
-0.54,0.591
-0.799,-1.19
-0.652,-0.49
-0.864,1.563
-0.891,-1.976
-0.926,1.372
-0.874,0.297
-1.036,-0.423
-1.04,-2.095
-0.931,0.583
-1.064,0.905
-1.094,0.046
-1.095,-0.403
-1.124,-1.172
-1.029,-1.037
-1.017,1.637
-1.14,-0.689
-1.062,-1.479
-1.193,1.474
-1.208,0.182
-1.254,-1.481
-1.236,-1.99
-1.436,-2.028
-1.494,-1.914
-1.496,1.166
-1.39,1.626
-1.467,-0.139
-1.484,-0.052
-1.563,-0.27
-1.537,-1.974
-1.708,-0.701
-1.748,1.502
-1.887,-1.822
-1.866,0.634
-1.908,1.579
-1.78,-1.441
-2.081,-1.108
-1.945,-2.087
-2.082,-2.084
-2.076,0.54
-2.144,-0.107
-2.147,-1.154
-2.39,-1.159
-2.236,1.576
-2.406,0.705
-2.417,1.762
-2.286,-1.832
-2.445,-0.639
-2.473,-1.814
-2.658,1.363
-2.665,-1.027
-2.644,-0.023
-2.621,0.585
-2.624,0.252
-2.787,-0.035
-2.697,-0.18
-2.822,-1.035
-2.805,0.614
-3.021,1.26
-3.095,1.768
-3.037,1.543
3.105,-1.669
-3.134,1.287
2.97,-1.894
2.803,0.218
2.728,0.898
2.715,-2.048
2.747,-1.934
2.748,1.79
2.69,-0.043
2.523,0.485
2.493,-1.996
2.359,-0.903
2.17,-0.315
2.196,-2.222
2.136,-2.222
2.242,0.332
2.209,-0.234
2.224,0.457
1.68,-1.255
1.672,-1.03
1.525,-0.034
1.549,-1.2
1.431,-1.114
1.523,0.551
1.371,-0.169
1.482,-0.508
1.482,0.392
1.344,-0.745
1.415,-0.413
1.216,0.571
1.33,-1.849
1.113,-2.055
0.456,-2.222
0.573,-2.263
0.37,-2.168
-0.089,-2.501
-0.061,-2.572
-0.324,-2.42
-0.244,-2.223
-0.356,-2.26
-1.038,-2.431
-0.972,-2.179
-0.946,-2.297
-1.283,-2.29
-1.445,-2.529
-2.252,-2.39
-2.247,-2.599
-2.51,-2.373
-2.516,-2.394
1.643,-2.487
1.158,-2.318
1.103,1.927
0.928,2.158
0.129,2.213
-0.179,1.99
-0.838,1.893
-1.038,1.851
-2.042,1.979
-2.06,1.887
-2.177,1.895
-2.602,2.022
-3.005,1.891
2.604,2.066
2.147,1.92
1.885,1.904
0.214,-0.067
-0.17,-0.066
-1.015,-0.691
-3.081,-0.066
3.02,0.55
2.3,1.3
2.031,1.513
1.439,-1.6
-2.805,0.243
2.791,0.606
1.909,0.538
1.892,1.422
1.896,0.856
1.832,1.423
1.841,-0.144
1.813,1.263
1.729,0.648
1.691,0.681
1.611,-0.001
1.579,1.221
1.655,1.33
1.523,0.423
1.431,-0.01
-0.489,-0.961
-1.78,0.168
1.849,-1.357
1.423,0.1
1.167,0.157
-0.559,-2.192
-0.677,-2.062
-2.122,-1.945
-1.109,1.742
-0.49,-2.131
-1.089,-2.307
-0.049,-0.547
-0.028,-0.986
-0.132,-1.378
-0.289,0.218
-0.387,-0.528
-0.4,-0.242
-0.49,-1.467
-0.436,-1.054
-0.545,0.229
-0.533,2.061
-0.569,-0.966
-0.533,-0.853
-0.591,-0.434
-0.629,-0.065
-0.606,-0.429
-0.714,-1.417
-0.664,-1.197
-0.677,-0.355
-0.768,0.284
-0.671,-0.911
-0.76,-1.274
-0.885,-0.437
-0.945,0.912
-0.883,1.059
-0.958,1.541
-0.942,0.219
-1.009,1.35
-0.994,-1.248
-1.101,1.308
-1.107,-0.781
-1.126,-0.035
-1.192,1.616
-1.184,0.701
-1.185,-1.284
-1.28,-1.423
-1.312,0.667
-1.242,-0.299
-1.286,-0.119
-1.317,-1.046
-1.39,0.016
-1.399,1.006
-1.396,2.313
-1.329,0.48
-1.422,-0.756
-1.45,2.062
-1.396,1.461
-1.484,0.697
-1.469,0.682
-1.544,0.076
-1.563,0.748
-1.494,0.517
-1.596,-1.007
-1.543,1.351
-1.593,0.912
-1.667,0.811
-1.679,-0.571
-1.643,1.172
-1.646,1.711
-1.647,-1.019
-1.679,1.104
-1.758,0.247
-1.723,-0.591
-1.772,0.359
-1.823,-0.292
-1.843,-1.42
-1.795,0.554
-1.815,0.069
-1.895,-1.562
-1.937,0.72
-1.891,-1.361
-1.89,1.831
-1.992,1.574
-2.04,0.902
-2.109,1.278
-2.174,1.444
-2.115,1.12
-2.164,-0.438
-2.175,1.549
-2.306,1.223
-2.31,2.107
-2.262,0.127
-2.363,2.326
-2.448,0.094
-2.495,-0.642
-2.506,-1.345
-2.5,1.353
-2.548,1.156
-2.509,1.622
-2.557,1.784
-2.693,0.276
-2.642,0.004
-2.639,1.159
-2.753,-1.506
-2.71,-1.054
-2.804,0.532
-2.73,1.897
-2.824,0.621
-2.79,-1.567
-2.836,1.46
-2.772,1.808
-2.847,0.913
-2.857,1.131
-2.884,-1.699
-2.945,0.729
-2.921,-1.52
-2.945,2.265
-3.035,-0.744
3.104,0.587
-3.136,-0.113
3.061,1.917
3.018,0.492
3.036,-0.511
2.922,0.934
2.922,-1.033
2.853,0.03
2.786,1.958
2.701,2.194
2.598,0.307
2.607,-0.992
2.59,0.745
2.501,-0.538
2.442,-0.268
2.404,-0.984
2.381,-0.34
2.455,0.478
2.442,0.395
2.346,1.349
2.384,-0.043
2.315,1.328
2.28,0.538
2.285,1.534
2.225,0.247
2.275,1.955
2.273,-1.593
2.179,0.21
2.227,1.696
2.213,-0.428
2.239,1.865
2.165,1.612
2.172,0.164
2.16,1.47
2.176,0.122
2.109,1.467
2.166,0.26
2.058,2.198
2.123,0.223
2.123,-1.568
2.057,1.506
2.017,0.945
1.979,-0.438
2.03,1.695
2.027,1.17
2.024,-0.251
1.913,0.403
1.972,-0.201
1.981,-0.286
1.885,-0.503
1.851,-0.653
1.692,-0.42
1.749,0.318
1.682,-0.239
1.596,-0.924
1.477,0.593
1.447,1.25
1.459,0.409
1.43,2.221
1.454,1.288
1.399,1.677
1.378,2.136
1.322,-1.628
1.386,0.886
1.337,2.191
1.302,1.582
1.268,-0.894
1.146,1.19
1.205,2.032
1.179,1.614
1.103,-1.031
0.144,-1.677
-0.535,-1.642
-0.562,-1.702
-0.985,-1.962
-1.031,-1.771
-1.313,-2.067
-1.317,-1.965
-1.47,-1.69
-1.733,-1.717
-2.212,-1.976
-2.214,-1.713
-2.566,-2.147
-2.595,-1.916
-2.836,-1.891
3.021,-2.076
2.854,-1.817
2.292,-1.795
2.207,-1.727
1.621,-1.749
1.645,-1.814
1.201,-1.624
0.95,2.372
0.706,2.584
0.463,2.356
-0.373,2.543
-0.638,2.504
-0.835,2.484
-0.907,2.412
-1.029,2.646
-1.241,2.69
-1.405,2.475
-1.437,2.376
-1.784,2.697
2.561,2.625
2.61,2.467
2.44,2.675
2.412,2.671
2.333,2.649
2.136,2.332
1.601,2.636
1.358,2.746
1.218,2.418
-0.696,-1.438
-1.252,2.077
-1.582,-1.21
-2.028,2.236
2.375,1.966
2.379,-0.133
2.33,2.119
1.62,-1.31
1.378,1.626
1.46,1.354
0.446,-1.805
-2.868,-2.1
1.737,-2.033
-0.547,2.355
2.113,2.631
0.898,-1.364
0.866,0.076
0.826,1.903
0.708,-0.348
0.854,-1.418
0.699,0.374
0.605,-0.052
0.594,1.806
0.41,-1.603
0.353,0.029
0.429,0.927
0.411,2.091
0.167,0.969
0.003,1.027
0.12,-1.649
0.112,-0.278
0.114,-0.28
0.069,-0.865
0.099,2.196
0.004,-1.3
-0.15,0.375
-0.186,-0.315
-0.208,-0.095
-0.146,-1.365
-0.299,0.099
-0.223,0.733
-0.237,-0.242
-0.369,0.163
-0.489,1.1
-0.748,-0.681
-0.601,0.019
-0.813,2.072
-0.84,-1.467
-0.875,1.881
-0.823,0.806
-0.985,0.086
-0.989,-1.586
-0.88,1.092
-1.013,1.414
-1.043,0.555
-1.044,0.106
-1.073,-0.663
-0.978,-0.528
-0.966,2.146
-1.089,-0.18
-1.011,-0.97
-1.142,1.983
-1.157,0.691
-1.203,-0.972
-1.185,-1.481
-1.385,-1.519
-1.443,-1.405
-1.445,1.675
-1.339,2.135
-1.416,0.37
-1.433,0.457
-1.512,0.239
-1.486,-1.465
-1.657,-0.192
-1.697,2.011
-1.836,-1.313
-1.815,1.143
-1.857,2.088
-1.729,-0.932
-2.03,-0.599
-1.894,-1.578
-2.031,-1.575
-2.025,1.049
-2.093,0.402
-2.096,-0.645
-2.339,-0.65
-2.185,2.085
-2.355,1.214
-2.366,2.271
-2.235,-1.323
-2.394,-0.13
-2.422,-1.305
-2.607,1.872
-2.614,-0.518
-2.593,0.486
-2.57,1.094
-2.573,0.761
-2.736,0.474
-2.646,0.329
-2.771,-0.526
-2.754,1.123
-2.97,1.769
-3.044,2.277
-2.986,2.052
-3.127,-1.16
-3.083,1.796
3.021,-1.385
2.854,0.727
2.779,1.407
2.766,-1.539
2.798,-1.425
2.799,2.299
2.741,0.466
2.574,0.994
2.544,-1.487
2.41,-0.394
2.221,0.194
2.247,-1.713
2.187,-1.713
2.293,0.841
2.26,0.275
2.275,0.966
1.731,-0.746
1.723,-0.521
1.576,0.475
1.6,-0.691
1.482,-0.605
1.574,1.06
1.422,0.34
1.533,0.001
1.533,0.901
1.395,-0.236
1.466,0.096
1.267,1.08
1.381,-1.34
1.164,-1.546
0.507,-1.713
0.624,-1.754
0.421,-1.659
-0.038,-1.992
-0.01,-2.063
-0.273,-1.911
-0.193,-1.714
-0.305,-1.751
-0.987,-1.922
-0.921,-1.67
-0.895,-1.788
-1.232,-1.781
-1.394,-2.02
-2.201,-1.881
-2.196,-2.09
-2.459,-1.864
-2.465,-1.885
1.694,-1.978
1.209,-1.809
1.154,2.436
0.979,2.667
0.18,2.722
-0.128,2.499
-0.787,2.402
-0.987,2.36
-1.991,2.488
-2.009,2.396
-2.126,2.404
-2.551,2.531
-2.954,2.4
2.655,2.575
2.198,2.429
1.936,2.413
0.265,0.442
-0.119,0.443
-0.964,-0.182
-3.03,0.443
3.071,1.059
2.351,1.809
2.082,2.022
1.49,-1.091
-2.754,0.752
2.842,1.115
1.96,1.047
1.943,1.931
1.947,1.365
1.883,1.932
1.892,0.365
1.864,1.772
1.78,1.157
1.742,1.19
1.662,0.508
1.63,1.73
1.706,1.839
1.574,0.932
1.482,0.499
-0.438,-0.452
-1.729,0.677
1.9,-0.848
1.474,0.609
1.218,0.666
-0.508,-1.683
-0.626,-1.553
-2.071,-1.436
-1.058,2.251
-0.439,-1.622
-1.038,-1.798
0.021,-0.439
-0.083,-0.831
-0.24,0.765
-0.338,0.019
-0.351,0.305
-0.441,-0.92
-0.387,-0.507
-0.496,0.776
-0.484,2.608
-0.52,-0.419
-0.484,-0.306
-0.542,0.113
-0.58,0.482
-0.557,0.118
-0.665,-0.87
-0.615,-0.65
-0.628,0.192
-0.719,0.831
-0.622,-0.364
-0.711,-0.727
-0.836,0.11
-0.896,1.459
-0.834,1.606
-0.909,2.088
-0.893,0.766
-0.96,1.897
-0.945,-0.701
-1.052,1.855
-1.058,-0.234
-1.077,0.512
-1.143,2.163
-1.135,1.248
-1.136,-0.737
-1.231,-0.876
-1.263,1.214
-1.193,0.248
-1.237,0.428
-1.268,-0.499
-1.341,0.563
-1.35,1.553
-1.347,2.86
-1.28,1.027
-1.373,-0.209
-1.401,2.609
-1.347,2.008
-1.435,1.244
-1.42,1.229
-1.495,0.623
-1.514,1.295
-1.445,1.064
-1.547,-0.46
-1.494,1.898
-1.544,1.459
-1.618,1.358
-1.63,-0.024
-1.594,1.719
-1.597,2.258
-1.598,-0.472
-1.63,1.651
-1.709,0.794
-1.674,-0.044
-1.723,0.906
-1.774,0.255
-1.794,-0.873
-1.746,1.101
-1.766,0.616
-1.846,-1.015
-1.888,1.267
-1.842,-0.814
-1.841,2.378
-1.943,2.121
-1.991,1.449
-2.06,1.825
-2.125,1.991
-2.066,1.667
-2.115,0.109
-2.126,2.096
-2.257,1.77
-2.261,2.654
-2.213,0.674
-2.314,2.873
-2.399,0.641
-2.446,-0.095
-2.457,-0.798
-2.451,1.9
-2.499,1.703
-2.46,2.169
-2.508,2.331
-2.644,0.823
-2.593,0.551
-2.59,1.706
-2.704,-0.959
-2.661,-0.507
-2.755,1.079
-2.681,2.444
-2.775,1.168
-2.741,-1.02
-2.787,2.007
-2.723,2.355
-2.798,1.46
-2.808,1.678
-2.835,-1.152
-2.896,1.276
-2.872,-0.973
-2.896,2.812
-2.986,-0.197
-3.13,1.134
-3.087,0.434
3.11,2.464
3.067,1.039
3.085,0.036
2.971,1.481
2.971,-0.486
2.902,0.577
2.835,2.505
2.75,2.741
2.647,0.854
2.656,-0.445
2.639,1.292
2.55,0.009
2.491,0.279
2.453,-0.437
2.43,0.207
2.504,1.025
2.491,0.942
2.395,1.896
2.433,0.504
2.364,1.875
2.329,1.085
2.334,2.081
2.274,0.794
2.324,2.502
2.322,-1.046
2.228,0.757
2.276,2.243
2.262,0.119
2.288,2.412
2.214,2.159
2.221,0.711
2.209,2.017
2.225,0.669
2.158,2.014
2.215,0.807
2.107,2.745
2.172,0.77
2.172,-1.021
2.106,2.053
2.066,1.492
2.028,0.109
2.079,2.242
2.076,1.717
2.073,0.296
1.962,0.95
2.021,0.346
2.03,0.261
1.934,0.044
1.9,-0.106
1.741,0.127
1.798,0.865
1.731,0.308
1.645,-0.377
1.526,1.14
1.496,1.797
1.508,0.956
1.479,2.768
1.503,1.835
1.448,2.224
1.427,2.683
1.371,-1.081
1.435,1.433
1.386,2.738
1.351,2.129
1.317,-0.347
1.195,1.737
1.254,2.579
1.228,2.161
1.152,-0.484
0.193,-1.13
-0.486,-1.095
-0.513,-1.155
-0.936,-1.415
-0.982,-1.224
-1.264,-1.52
-1.268,-1.418
-1.421,-1.143
-1.684,-1.17
-2.163,-1.429
-2.165,-1.166
-2.517,-1.6
-2.546,-1.369
-2.787,-1.344
3.07,-1.529
2.903,-1.27
2.341,-1.248
2.256,-1.18
1.67,-1.202
1.694,-1.267
1.25,-1.077
0.999,2.919
0.755,3.131
0.512,2.903
-0.324,3.09
-0.589,3.051
-0.786,3.031
-0.858,2.959
-0.98,3.193
-1.192,3.237
-1.356,3.022
-1.388,2.923
-1.735,3.244
2.61,3.172
2.659,3.014
2.489,3.222
2.461,3.218
2.382,3.196
2.185,2.879
1.65,3.183
1.407,3.293
1.267,2.965
-0.647,-0.891
-1.203,2.624
-1.533,-0.663
-1.979,2.783
2.424,2.513
2.428,0.414
2.379,2.666
1.669,-0.763
1.427,2.173
1.509,1.901
0.495,-1.258
-2.819,-1.553
1.786,-1.486
-0.498,2.902
2.162,3.178
0.947,-0.817
0.915,0.623
0.875,2.45
0.757,0.199
0.903,-0.871
0.748,0.921
0.654,0.495
0.643,2.353
0.459,-1.056
0.402,0.576
0.478,1.474
0.46,2.638
0.216,1.516
0.052,1.574
0.169,-1.102
0.161,0.269
0.163,0.267
0.118,-0.318
0.148,2.743
0.053,-0.753
-0.101,0.922
-0.137,0.232
-0.159,0.452
-0.097,-0.818
-0.25,0.646
-0.174,1.28
-0.188,0.305
-0.32,0.71
-0.44,1.647
-0.699,-0.134
-0.552,0.566
-0.764,2.619
-0.791,-0.92
-0.826,2.428
-0.774,1.353
-0.936,0.633
-0.94,-1.039
-0.831,1.639
-0.964,1.961
-0.994,1.102
-0.995,0.653
-1.024,-0.116
-0.929,0.019
-0.917,2.693
-1.04,0.367
-0.962,-0.423
-1.093,2.53
-1.108,1.238
-1.154,-0.425
-1.136,-0.934
-1.336,-0.972
-1.394,-0.858
-1.396,2.222
-1.29,2.682
-1.367,0.917
-1.384,1.004
-1.463,0.786
-1.437,-0.918
-1.608,0.355
-1.648,2.558
-1.787,-0.766
-1.766,1.69
-1.808,2.635
-1.68,-0.385
-1.981,-0.052
-1.845,-1.031
-1.982,-1.028
-1.976,1.596
-2.044,0.949
-2.047,-0.098
-2.29,-0.103
-2.136,2.632
-2.306,1.761
-2.317,2.818
-2.186,-0.776
-2.345,0.417
-2.373,-0.758
-2.558,2.419
-2.565,0.029
-2.544,1.033
-2.521,1.641
-2.524,1.308
-2.687,1.021
-2.597,0.876
-2.722,0.021
-2.705,1.67
-2.921,2.316
-2.995,2.824
-2.937,2.599
-3.078,-0.613
-3.034,2.343
3.07,-0.838
2.903,1.274
2.828,1.954
2.815,-0.992
2.847,-0.878
2.848,2.846
2.79,1.013
2.623,1.541
2.593,-0.94
2.459,0.153
2.27,0.741
2.296,-1.166
2.236,-1.166
2.342,1.388
2.309,0.822
2.324,1.513
1.78,-0.199
1.772,0.026
1.625,1.022
1.649,-0.144
1.531,-0.058
1.623,1.607
1.471,0.887
1.582,0.548
1.582,1.448
1.444,0.311
1.515,0.643
1.316,1.627
1.43,-0.793
1.213,-0.999
0.556,-1.166
0.673,-1.207
0.47,-1.112
0.011,-1.445
0.039,-1.516
-0.224,-1.364
-0.144,-1.167
-0.256,-1.204
-0.938,-1.375
-0.872,-1.123
-0.846,-1.241
-1.183,-1.234
-1.345,-1.473
-2.152,-1.334
-2.147,-1.543
-2.41,-1.317
-2.416,-1.338
1.743,-1.431
1.258,-1.262
1.203,2.983
1.028,3.214
0.229,3.269
-0.079,3.046
-0.738,2.949
-0.938,2.907
-1.942,3.035
-1.96,2.943
-2.077,2.951
-2.502,3.078
-2.905,2.947
2.704,3.122
2.247,2.976
1.985,2.96
0.314,0.989
-0.07,0.99
-0.915,0.365
-2.981,0.99
3.12,1.606
2.4,2.356
2.131,2.569
1.539,-0.544
-2.705,1.299
2.891,1.662
2.009,1.594
1.992,2.478
1.996,1.912
1.932,2.479
1.941,0.912
1.913,2.319
1.829,1.704
1.791,1.737
1.711,1.055
1.679,2.277
1.755,2.386
1.623,1.479
1.531,1.046
-0.389,0.095
-1.68,1.224
1.949,-0.301
1.523,1.156
1.267,1.213
-0.459,-1.136
-0.577,-1.006
-2.022,-0.889
-1.009,2.798
-0.39,-1.075
-0.989,-1.251
-0.104,-0.392
-0.261,1.204
-0.359,0.458
-0.372,0.744
-0.462,-0.481
-0.408,-0.068
-0.517,1.215
-0.505,3.047
-0.541,0.02
-0.505,0.133
-0.563,0.552
-0.601,0.921
-0.578,0.557
-0.686,-0.431
-0.636,-0.211
-0.649,0.631
-0.74,1.27
-0.643,0.075
-0.732,-0.288
-0.857,0.549
-0.917,1.898
-0.855,2.045
-0.93,2.527
-0.914,1.205
-0.981,2.336
-0.966,-0.262
-1.073,2.294
-1.079,0.205
-1.098,0.951
-1.164,2.602
-1.156,1.687
-1.157,-0.298
-1.252,-0.437
-1.284,1.653
-1.214,0.687
-1.258,0.867
-1.289,-0.06
-1.362,1.002
-1.371,1.992
-1.368,3.299
-1.301,1.466
-1.394,0.23
-1.422,3.048
-1.368,2.447
-1.456,1.683
-1.441,1.668
-1.516,1.062
-1.535,1.734
-1.466,1.503
-1.568,-0.021
-1.515,2.337
-1.565,1.898
-1.639,1.797
-1.651,0.415
-1.615,2.158
-1.618,2.697
-1.619,-0.033
-1.651,2.09
-1.73,1.233
-1.695,0.395
-1.744,1.345
-1.795,0.694
-1.815,-0.434
-1.767,1.54
-1.787,1.055
-1.867,-0.576
-1.909,1.706
-1.863,-0.375
-1.862,2.817
-1.964,2.56
-2.012,1.888
-2.081,2.264
-2.146,2.43
-2.087,2.106
-2.136,0.548
-2.147,2.535
-2.278,2.209
-2.282,3.093
-2.234,1.113
-2.335,3.312
-2.42,1.08
-2.467,0.344
-2.478,-0.359
-2.472,2.339
-2.52,2.142
-2.481,2.608
-2.529,2.77
-2.665,1.262
-2.614,0.99
-2.611,2.145
-2.725,-0.52
-2.682,-0.068
-2.776,1.518
-2.702,2.883
-2.796,1.607
-2.762,-0.581
-2.808,2.446
-2.744,2.794
-2.819,1.899
-2.829,2.117
-2.856,-0.713
-2.917,1.715
-2.893,-0.534
-2.917,3.251
-3.007,0.242
3.132,1.573
-3.108,0.873
3.089,2.903
3.046,1.478
3.064,0.475
2.95,1.92
2.95,-0.047
2.881,1.016
2.814,2.944
2.729,3.18
2.626,1.293
2.635,-0.006
2.618,1.731
2.529,0.448
2.47,0.718
2.432,0.002
2.409,0.646
2.483,1.464
2.47,1.381
2.374,2.335
2.412,0.943
2.343,2.314
2.308,1.524
2.313,2.52
2.253,1.233
2.303,2.941
2.301,-0.607
2.207,1.196
2.255,2.682
2.241,0.558
2.267,2.851
2.193,2.598
2.2,1.15
2.188,2.456
2.204,1.108
2.137,2.453
2.194,1.246
2.086,3.184
2.151,1.209
2.151,-0.582
2.085,2.492
2.045,1.931
2.007,0.548
2.058,2.681
2.055,2.156
2.052,0.735
1.941,1.389
2.0,0.785
2.009,0.7
1.913,0.483
1.879,0.333
1.72,0.566
1.777,1.304
1.71,0.747
1.624,0.062
1.505,1.579
1.475,2.236
1.487,1.395
1.458,3.207
1.482,2.274
1.427,2.663
1.406,3.122
1.35,-0.642
1.414,1.872
1.365,3.177
1.33,2.568
1.296,0.092
1.174,2.176
1.233,3.018
1.207,2.6
1.131,-0.045
0.172,-0.691
-0.507,-0.656
-0.534,-0.716
-0.957,-0.976
-1.003,-0.785
-1.285,-1.081
-1.289,-0.979
-1.442,-0.704
-1.705,-0.731
-2.184,-0.99
-2.186,-0.727
-2.538,-1.161
-2.567,-0.93
-2.808,-0.905
3.049,-1.09
2.882,-0.831
2.32,-0.809
2.235,-0.741
1.649,-0.763
1.673,-0.828
1.229,-0.638
0.978,3.358
0.734,3.57
0.491,3.342
-0.345,3.529
-0.61,3.49
-0.807,3.47
-0.879,3.398
-1.001,3.632
-1.213,3.676
-1.377,3.461
-1.409,3.362
-1.756,3.683
2.589,3.611
2.638,3.453
2.468,3.661
2.44,3.657
2.361,3.635
2.164,3.318
1.629,3.622
1.386,3.732
1.246,3.404
-0.668,-0.452
-1.224,3.063
-1.554,-0.224
-2.0,3.222
2.403,2.952
2.407,0.853
2.358,3.105
1.648,-0.324
1.406,2.612
1.488,2.34
0.474,-0.819
-2.84,-1.114
1.765,-1.047
-0.519,3.341
2.141,3.617
0.926,-0.378
0.894,1.062
0.854,2.889
0.736,0.638
0.882,-0.432
0.727,1.36
0.633,0.934
0.622,2.792
0.438,-0.617
0.381,1.015
0.457,1.913
0.439,3.077
0.195,1.955
0.031,2.013
0.148,-0.663
0.14,0.708
0.142,0.706
0.097,0.121
0.127,3.182
0.032,-0.314
-0.122,1.361
-0.158,0.671
-0.18,0.891
-0.118,-0.379
-0.271,1.085
-0.195,1.719
-0.209,0.744
-0.341,1.149
-0.461,2.086
-0.72,0.305
-0.573,1.005
-0.785,3.058
-0.812,-0.481
-0.847,2.867
-0.795,1.792
-0.957,1.072
-0.961,-0.6
-0.852,2.078
-0.985,2.4
-1.015,1.541
-1.016,1.092
-1.045,0.323
-0.95,0.458
-0.938,3.132
-1.061,0.806
-0.983,0.016
-1.114,2.969
-1.129,1.677
-1.175,0.014
-1.157,-0.495
-1.357,-0.533
-1.415,-0.419
-1.417,2.661
-1.311,3.121
-1.388,1.356
-1.405,1.443
-1.484,1.225
-1.458,-0.479
-1.629,0.794
-1.669,2.997
-1.808,-0.327
-1.787,2.129
-1.829,3.074
-1.701,0.054
-2.002,0.387
-1.866,-0.592
-2.003,-0.589
-1.997,2.035
-2.065,1.388
-2.068,0.341
-2.311,0.336
-2.157,3.071
-2.327,2.2
-2.338,3.257
-2.207,-0.337
-2.366,0.856
-2.394,-0.319
-2.579,2.858
-2.586,0.468
-2.565,1.472
-2.542,2.08
-2.545,1.747
-2.708,1.46
-2.618,1.315
-2.743,0.46
-2.726,2.109
-2.942,2.755
-3.016,3.263
-2.958,3.038
-3.099,-0.174
-3.055,2.782
3.049,-0.399
2.882,1.713
2.807,2.393
2.794,-0.553
2.826,-0.439
2.827,3.285
2.769,1.452
2.602,1.98
2.572,-0.501
2.438,0.592
2.249,1.18
2.275,-0.727
2.215,-0.727
2.321,1.827
2.288,1.261
2.303,1.952
1.759,0.24
1.751,0.465
1.604,1.461
1.628,0.295
1.51,0.381
1.602,2.046
1.45,1.326
1.561,0.987
1.561,1.887
1.423,0.75
1.494,1.082
1.295,2.066
1.409,-0.354
1.192,-0.56
0.535,-0.727
0.652,-0.768
0.449,-0.673
-0.01,-1.006
0.018,-1.077
-0.245,-0.925
-0.165,-0.728
-0.277,-0.765
-0.959,-0.936
-0.893,-0.684
-0.867,-0.802
-1.204,-0.795
-1.366,-1.034
-2.173,-0.895
-2.168,-1.104
-2.431,-0.878
-2.437,-0.899
1.722,-0.992
1.237,-0.823
1.182,3.422
1.007,3.653
0.208,3.708
-0.1,3.485
-0.759,3.388
-0.959,3.346
-1.963,3.474
-1.981,3.382
-2.098,3.39
-2.523,3.517
-2.926,3.386
2.683,3.561
2.226,3.415
1.964,3.399
0.293,1.428
-0.091,1.429
-0.936,0.804
-3.002,1.429
3.099,2.045
2.379,2.795
2.11,3.008
1.518,-0.105
-2.726,1.738
2.87,2.101
1.988,2.033
1.971,2.917
1.975,2.351
1.911,2.918
1.92,1.351
1.892,2.758
1.808,2.143
1.77,2.176
1.69,1.494
1.658,2.716
1.734,2.825
1.602,1.918
1.51,1.485
-0.41,0.534
-1.701,1.663
1.928,0.138
1.502,1.595
1.246,1.652
-0.48,-0.697
-0.598,-0.567
-2.043,-0.45
-1.03,3.237
-0.411,-0.636
-1.01,-0.812
-0.157,1.596
-0.255,0.85
-0.268,1.136
-0.358,-0.089
-0.304,0.324
-0.413,1.607
-0.401,3.439
-0.437,0.412
-0.401,0.525
-0.459,0.944
-0.497,1.313
-0.474,0.949
-0.582,-0.039
-0.532,0.181
-0.545,1.023
-0.636,1.662
-0.539,0.467
-0.628,0.104
-0.753,0.941
-0.813,2.29
-0.751,2.437
-0.826,2.919
-0.81,1.597
-0.877,2.728
-0.862,0.13
-0.969,2.686
-0.975,0.597
-0.994,1.343
-1.06,2.994
-1.052,2.079
-1.053,0.094
-1.148,-0.045
-1.18,2.045
-1.11,1.079
-1.154,1.259
-1.185,0.332
-1.258,1.394
-1.267,2.384
-1.264,3.691
-1.197,1.858
-1.29,0.622
-1.318,3.44
-1.264,2.839
-1.352,2.075
-1.337,2.06
-1.412,1.454
-1.431,2.126
-1.362,1.895
-1.464,0.371
-1.411,2.729
-1.461,2.29
-1.535,2.189
-1.547,0.807
-1.511,2.55
-1.514,3.089
-1.515,0.359
-1.547,2.482
-1.626,1.625
-1.591,0.787
-1.64,1.737
-1.691,1.086
-1.711,-0.042
-1.663,1.932
-1.683,1.447
-1.763,-0.184
-1.805,2.098
-1.759,0.017
-1.758,3.209
-1.86,2.952
-1.908,2.28
-1.977,2.656
-2.042,2.822
-1.983,2.498
-2.032,0.94
-2.043,2.927
-2.174,2.601
-2.178,3.485
-2.13,1.505
-2.231,3.704
-2.316,1.472
-2.363,0.736
-2.374,0.033
-2.368,2.731
-2.416,2.534
-2.377,3.0
-2.425,3.162
-2.561,1.654
-2.51,1.382
-2.507,2.537
-2.621,-0.128
-2.578,0.324
-2.672,1.91
-2.598,3.275
-2.692,1.999
-2.658,-0.189
-2.704,2.838
-2.64,3.186
-2.715,2.291
-2.725,2.509
-2.752,-0.321
-2.813,2.107
-2.789,-0.142
-2.813,3.643
-2.903,0.634
-3.047,1.965
-3.004,1.265
-3.09,3.295
-3.133,1.87
-3.115,0.867
3.054,2.312
3.054,0.345
2.985,1.408
2.918,3.336
2.833,3.572
2.73,1.685
2.739,0.386
2.722,2.123
2.633,0.84
2.574,1.11
2.536,0.394
2.513,1.038
2.587,1.856
2.574,1.773
2.478,2.727
2.516,1.335
2.447,2.706
2.412,1.916
2.417,2.912
2.357,1.625
2.407,3.333
2.405,-0.215
2.311,1.588
2.359,3.074
2.345,0.95
2.371,3.243
2.297,2.99
2.304,1.542
2.292,2.848
2.308,1.5
2.241,2.845
2.298,1.638
2.19,3.576
2.255,1.601
2.255,-0.19
2.189,2.884
2.149,2.323
2.111,0.94
2.162,3.073
2.159,2.548
2.156,1.127
2.045,1.781
2.104,1.177
2.113,1.092
2.017,0.875
1.983,0.725
1.824,0.958
1.881,1.696
1.814,1.139
1.728,0.454
1.609,1.971
1.579,2.628
1.591,1.787
1.562,3.599
1.586,2.666
1.531,3.055
1.51,3.514
1.454,-0.25
1.518,2.264
1.469,3.569
1.434,2.96
1.4,0.484
1.278,2.568
1.337,3.41
1.311,2.992
1.235,0.347
0.276,-0.299
-0.403,-0.264
-0.43,-0.324
-0.853,-0.584
-0.899,-0.393
-1.181,-0.689
-1.185,-0.587
-1.338,-0.312
-1.601,-0.339
-2.08,-0.598
-2.082,-0.335
-2.434,-0.769
-2.463,-0.538
-2.704,-0.513
-3.13,-0.698
2.986,-0.439
2.424,-0.417
2.339,-0.349
1.753,-0.371
1.777,-0.436
1.333,-0.246
1.082,3.75
0.838,3.962
0.595,3.734
-0.241,3.921
-0.506,3.882
-0.703,3.862
-0.775,3.79
-0.897,4.024
-1.109,4.068
-1.273,3.853
-1.305,3.754
-1.652,4.075
2.693,4.003
2.742,3.845
2.572,4.053
2.544,4.049
2.465,4.027
2.268,3.71
1.733,4.014
1.49,4.124
1.35,3.796
-0.564,-0.06
-1.12,3.455
-1.45,0.168
-1.896,3.614
2.507,3.344
2.511,1.245
2.462,3.497
1.752,0.068
1.51,3.004
1.592,2.732
0.578,-0.427
-2.736,-0.722
1.869,-0.655
-0.415,3.733
2.245,4.009
1.03,0.014
0.998,1.454
0.958,3.281
0.84,1.03
0.986,-0.04
0.831,1.752
0.737,1.326
0.726,3.184
0.542,-0.225
0.485,1.407
0.561,2.305
0.543,3.469
0.299,2.347
0.135,2.405
0.252,-0.271
0.244,1.1
0.246,1.098
0.201,0.513
0.231,3.574
0.136,0.078
-0.018,1.753
-0.054,1.063
-0.076,1.283
-0.014,0.013
-0.167,1.477
-0.091,2.111
-0.105,1.136
-0.237,1.541
-0.357,2.478
-0.616,0.697
-0.469,1.397
-0.681,3.45
-0.708,-0.089
-0.743,3.259
-0.691,2.184
-0.853,1.464
-0.857,-0.208
-0.748,2.47
-0.881,2.792
-0.911,1.933
-0.912,1.484
-0.941,0.715
-0.846,0.85
-0.834,3.524
-0.957,1.198
-0.879,0.408
-1.01,3.361
-1.025,2.069
-1.071,0.406
-1.053,-0.103
-1.253,-0.141
-1.311,-0.027
-1.313,3.053
-1.207,3.513
-1.284,1.748
-1.301,1.835
-1.38,1.617
-1.354,-0.087
-1.525,1.186
-1.565,3.389
-1.704,0.065
-1.683,2.521
-1.725,3.466
-1.597,0.446
-1.898,0.779
-1.762,-0.2
-1.899,-0.197
-1.893,2.427
-1.961,1.78
-1.964,0.733
-2.207,0.728
-2.053,3.463
-2.223,2.592
-2.234,3.649
-2.103,0.055
-2.262,1.248
-2.29,0.073
-2.475,3.25
-2.482,0.86
-2.461,1.864
-2.438,2.472
-2.441,2.139
-2.604,1.852
-2.514,1.707
-2.639,0.852
-2.622,2.501
-2.838,3.147
-2.912,3.655
-2.854,3.43
-2.995,0.218
-2.951,3.174
-3.13,-0.007
2.986,2.105
2.911,2.785
2.898,-0.161
2.93,-0.047
2.931,3.677
2.873,1.844
2.706,2.372
2.676,-0.109
2.542,0.984
2.353,1.572
2.379,-0.335
2.319,-0.335
2.425,2.219
2.392,1.653
2.407,2.344
1.863,0.632
1.855,0.857
1.708,1.853
1.732,0.687
1.614,0.773
1.706,2.438
1.554,1.718
1.665,1.379
1.665,2.279
1.527,1.142
1.598,1.474
1.399,2.458
1.513,0.038
1.296,-0.168
0.639,-0.335
0.756,-0.376
0.553,-0.281
0.094,-0.614
0.122,-0.685
-0.141,-0.533
-0.061,-0.336
-0.173,-0.373
-0.855,-0.544
-0.789,-0.292
-0.763,-0.41
-1.1,-0.403
-1.262,-0.642
-2.069,-0.503
-2.064,-0.712
-2.327,-0.486
-2.333,-0.507
1.826,-0.6
1.341,-0.431
1.286,3.814
1.111,4.045
0.312,4.1
0.004,3.877
-0.655,3.78
-0.855,3.738
-1.859,3.866
-1.877,3.774
-1.994,3.782
-2.419,3.909
-2.822,3.778
2.787,3.953
2.33,3.807
2.068,3.791
0.397,1.82
0.013,1.821
-0.832,1.196
-2.898,1.821
-3.08,2.437
2.483,3.187
2.214,3.4
1.622,0.287
-2.622,2.13
2.974,2.493
2.092,2.425
2.075,3.309
2.079,2.743
2.015,3.31
2.024,1.743
1.996,3.15
1.912,2.535
1.874,2.568
1.794,1.886
1.762,3.108
1.838,3.217
1.706,2.31
1.614,1.877
-0.306,0.926
-1.597,2.055
2.032,0.53
1.606,1.987
1.35,2.044
-0.376,-0.305
-0.494,-0.175
-1.939,-0.058
-0.926,3.629
-0.307,-0.244
-0.906,-0.42
-0.098,-0.746
-0.111,-0.46
-0.201,-1.685
-0.147,-1.272
-0.256,0.011
-0.244,1.843
-0.28,-1.184
-0.244,-1.071
-0.302,-0.652
-0.34,-0.283
-0.317,-0.647
-0.425,-1.635
-0.375,-1.415
-0.388,-0.573
-0.479,0.066
-0.382,-1.129
-0.471,-1.492
-0.596,-0.655
-0.656,0.694
-0.594,0.841
-0.669,1.323
-0.653,0.001
-0.72,1.132
-0.705,-1.466
-0.812,1.09
-0.818,-0.999
-0.837,-0.253
-0.903,1.398
-0.895,0.483
-0.896,-1.502
-0.991,-1.641
-1.023,0.449
-0.953,-0.517
-0.997,-0.337
-1.028,-1.264
-1.101,-0.202
-1.11,0.788
-1.107,2.095
-1.04,0.262
-1.133,-0.974
-1.161,1.844
-1.107,1.243
-1.195,0.479
-1.18,0.464
-1.255,-0.142
-1.274,0.53
-1.205,0.299
-1.307,-1.225
-1.254,1.133
-1.304,0.694
-1.378,0.593
-1.39,-0.789
-1.354,0.954
-1.357,1.493
-1.358,-1.237
-1.39,0.886
-1.469,0.029
-1.434,-0.809
-1.483,0.141
-1.534,-0.51
-1.554,-1.638
-1.506,0.336
-1.526,-0.149
-1.606,-1.78
-1.648,0.502
-1.602,-1.579
-1.601,1.613
-1.703,1.356
-1.751,0.684
-1.82,1.06
-1.885,1.226
-1.826,0.902
-1.875,-0.656
-1.886,1.331
-2.017,1.005
-2.021,1.889
-1.973,-0.091
-2.074,2.108
-2.159,-0.124
-2.206,-0.86
-2.217,-1.563
-2.211,1.135
-2.259,0.938
-2.22,1.404
-2.268,1.566
-2.404,0.058
-2.353,-0.214
-2.35,0.941
-2.464,-1.724
-2.421,-1.272
-2.515,0.314
-2.441,1.679
-2.535,0.403
-2.501,-1.785
-2.547,1.242
-2.483,1.59
-2.558,0.695
-2.568,0.913
-2.595,-1.917
-2.656,0.511
-2.632,-1.738
-2.656,2.047
-2.746,-0.962
-2.89,0.369
-2.847,-0.331
-2.933,1.699
-2.976,0.274
-2.958,-0.729
-3.072,0.716
-3.072,-1.251
-3.141,-0.188
3.075,1.74
2.99,1.976
2.887,0.089
2.896,-1.21
2.879,0.527
2.79,-0.756
2.731,-0.486
2.693,-1.202
2.67,-0.558
2.744,0.26
2.731,0.177
2.635,1.131
2.673,-0.261
2.604,1.11
2.569,0.32
2.574,1.316
2.514,0.029
2.564,1.737
2.562,-1.811
2.468,-0.008
2.516,1.478
2.502,-0.646
2.528,1.647
2.454,1.394
2.461,-0.054
2.449,1.252
2.465,-0.096
2.398,1.249
2.455,0.042
2.347,1.98
2.412,0.005
2.412,-1.786
2.346,1.288
2.306,0.727
2.268,-0.656
2.319,1.477
2.316,0.952
2.313,-0.469
2.202,0.185
2.261,-0.419
2.27,-0.504
2.174,-0.721
2.14,-0.871
1.981,-0.638
2.038,0.1
1.971,-0.457
1.885,-1.142
1.766,0.375
1.736,1.032
1.748,0.191
1.719,2.003
1.743,1.07
1.688,1.459
1.667,1.918
1.611,-1.846
1.675,0.668
1.626,1.973
1.591,1.364
1.557,-1.112
1.435,0.972
1.494,1.814
1.468,1.396
1.392,-1.249
0.433,-1.895
-0.246,-1.86
-0.273,-1.92
-0.696,-2.18
-0.742,-1.989
-1.024,-2.285
-1.028,-2.183
-1.181,-1.908
-1.444,-1.935
-1.923,-2.194
-1.925,-1.931
-2.277,-2.365
-2.306,-2.134
-2.547,-2.109
-2.973,-2.294
-3.14,-2.035
2.581,-2.013
2.496,-1.945
1.91,-1.967
1.934,-2.032
1.49,-1.842
1.239,2.154
0.995,2.366
0.752,2.138
-0.084,2.325
-0.349,2.286
-0.546,2.266
-0.618,2.194
-0.74,2.428
-0.952,2.472
-1.116,2.257
-1.148,2.158
-1.495,2.479
2.85,2.407
2.899,2.249
2.729,2.457
2.701,2.453
2.622,2.431
2.425,2.114
1.89,2.418
1.647,2.528
1.507,2.2
-0.407,-1.656
-0.963,1.859
-1.293,-1.428
-1.739,2.018
2.664,1.748
2.668,-0.351
2.619,1.901
1.909,-1.528
1.667,1.408
1.749,1.136
0.735,-2.023
-2.579,-2.318
2.026,-2.251
-0.258,2.137
2.402,2.413
1.187,-1.582
1.155,-0.142
1.115,1.685
0.997,-0.566
1.143,-1.636
0.988,0.156
0.894,-0.27
0.883,1.588
0.699,-1.821
0.642,-0.189
0.718,0.709
0.7,1.873
0.456,0.751
0.292,0.809
0.409,-1.867
0.401,-0.496
0.403,-0.498
0.358,-1.083
0.388,1.978
0.293,-1.518
0.139,0.157
0.103,-0.533
0.081,-0.313
0.143,-1.583
-0.01,-0.119
0.066,0.515
0.052,-0.46
-0.08,-0.055
-0.2,0.882
-0.459,-0.899
-0.312,-0.199
-0.524,1.854
-0.551,-1.685
-0.586,1.663
-0.534,0.588
-0.696,-0.132
-0.7,-1.804
-0.591,0.874
-0.724,1.196
-0.754,0.337
-0.755,-0.112
-0.784,-0.881
-0.689,-0.746
-0.677,1.928
-0.8,-0.398
-0.722,-1.188
-0.853,1.765
-0.868,0.473
-0.914,-1.19
-0.896,-1.699
-1.096,-1.737
-1.154,-1.623
-1.156,1.457
-1.05,1.917
-1.127,0.152
-1.144,0.239
-1.223,0.021
-1.197,-1.683
-1.368,-0.41
-1.408,1.793
-1.547,-1.531
-1.526,0.925
-1.568,1.87
-1.44,-1.15
-1.741,-0.817
-1.605,-1.796
-1.742,-1.793
-1.736,0.831
-1.804,0.184
-1.807,-0.863
-2.05,-0.868
-1.896,1.867
-2.066,0.996
-2.077,2.053
-1.946,-1.541
-2.105,-0.348
-2.133,-1.523
-2.318,1.654
-2.325,-0.736
-2.304,0.268
-2.281,0.876
-2.284,0.543
-2.447,0.256
-2.357,0.111
-2.482,-0.744
-2.465,0.905
-2.681,1.551
-2.755,2.059
-2.697,1.834
-2.838,-1.378
-2.794,1.578
-2.973,-1.603
-3.14,0.509
3.068,1.189
3.055,-1.757
3.087,-1.643
3.088,2.081
3.03,0.248
2.863,0.776
2.833,-1.705
2.699,-0.612
2.51,-0.024
2.536,-1.931
2.476,-1.931
2.582,0.623
2.549,0.057
2.564,0.748
2.02,-0.964
2.012,-0.739
1.865,0.257
1.889,-0.909
1.771,-0.823
1.863,0.842
1.711,0.122
1.822,-0.217
1.822,0.683
1.684,-0.454
1.755,-0.122
1.556,0.862
1.67,-1.558
1.453,-1.764
0.796,-1.931
0.913,-1.972
0.71,-1.877
0.251,-2.21
0.279,-2.281
0.016,-2.129
0.096,-1.932
-0.016,-1.969
-0.698,-2.14
-0.632,-1.888
-0.606,-2.006
-0.943,-1.999
-1.105,-2.238
-1.912,-2.099
-1.907,-2.308
-2.17,-2.082
-2.176,-2.103
1.983,-2.196
1.498,-2.027
1.443,2.218
1.268,2.449
0.469,2.504
0.161,2.281
-0.498,2.184
-0.698,2.142
-1.702,2.27
-1.72,2.178
-1.837,2.186
-2.262,2.313
-2.665,2.182
2.944,2.357
2.487,2.211
2.225,2.195
0.554,0.224
0.17,0.225
-0.675,-0.4
-2.741,0.225
-2.923,0.841
2.64,1.591
2.371,1.804
1.779,-1.309
-2.465,0.534
3.131,0.897
2.249,0.829
2.232,1.713
2.236,1.147
2.172,1.714
2.181,0.147
2.153,1.554
2.069,0.939
2.031,0.972
1.951,0.29
1.919,1.512
1.995,1.621
1.863,0.714
1.771,0.281
-0.149,-0.67
-1.44,0.459
2.189,-1.066
1.763,0.391
1.507,0.448
-0.219,-1.901
-0.337,-1.771
-1.782,-1.654
-0.769,2.033
-0.15,-1.84
-0.749,-2.016
-0.013,0.286
-0.103,-0.939
-0.049,-0.526
-0.158,0.757
-0.146,2.589
-0.182,-0.438
-0.146,-0.325
-0.204,0.094
-0.242,0.463
-0.219,0.099
-0.327,-0.889
-0.277,-0.669
-0.29,0.173
-0.381,0.812
-0.284,-0.383
-0.373,-0.746
-0.498,0.091
-0.558,1.44
-0.496,1.587
-0.571,2.069
-0.555,0.747
-0.622,1.878
-0.607,-0.72
-0.714,1.836
-0.72,-0.253
-0.739,0.493
-0.805,2.144
-0.797,1.229
-0.798,-0.756
-0.893,-0.895
-0.925,1.195
-0.855,0.229
-0.899,0.409
-0.93,-0.518
-1.003,0.544
-1.012,1.534
-1.009,2.841
-0.942,1.008
-1.035,-0.228
-1.063,2.59
-1.009,1.989
-1.097,1.225
-1.082,1.21
-1.157,0.604
-1.176,1.276
-1.107,1.045
-1.209,-0.479
-1.156,1.879
-1.206,1.44
-1.28,1.339
-1.292,-0.043
-1.256,1.7
-1.259,2.239
-1.26,-0.491
-1.292,1.632
-1.371,0.775
-1.336,-0.063
-1.385,0.887
-1.436,0.236
-1.456,-0.892
-1.408,1.082
-1.428,0.597
-1.508,-1.034
-1.55,1.248
-1.504,-0.833
-1.503,2.359
-1.605,2.102
-1.653,1.43
-1.722,1.806
-1.787,1.972
-1.728,1.648
-1.777,0.09
-1.788,2.077
-1.919,1.751
-1.923,2.635
-1.875,0.655
-1.976,2.854
-2.061,0.622
-2.108,-0.114
-2.119,-0.817
-2.113,1.881
-2.161,1.684
-2.122,2.15
-2.17,2.312
-2.306,0.804
-2.255,0.532
-2.252,1.687
-2.366,-0.978
-2.323,-0.526
-2.417,1.06
-2.343,2.425
-2.437,1.149
-2.403,-1.039
-2.449,1.988
-2.385,2.336
-2.46,1.441
-2.47,1.659
-2.497,-1.171
-2.558,1.257
-2.534,-0.992
-2.558,2.793
-2.648,-0.216
-2.792,1.115
-2.749,0.415
-2.835,2.445
-2.878,1.02
-2.86,0.017
-2.974,1.462
-2.974,-0.505
-3.043,0.558
-3.11,2.486
3.088,2.722
2.985,0.835
2.994,-0.464
2.977,1.273
2.888,-0.01
2.829,0.26
2.791,-0.456
2.768,0.188
2.842,1.006
2.829,0.923
2.733,1.877
2.771,0.485
2.702,1.856
2.667,1.066
2.672,2.062
2.612,0.775
2.662,2.483
2.66,-1.065
2.566,0.738
2.614,2.224
2.6,0.1
2.626,2.393
2.552,2.14
2.559,0.692
2.547,1.998
2.563,0.65
2.496,1.995
2.553,0.788
2.445,2.726
2.51,0.751
2.51,-1.04
2.444,2.034
2.404,1.473
2.366,0.09
2.417,2.223
2.414,1.698
2.411,0.277
2.3,0.931
2.359,0.327
2.368,0.242
2.272,0.025
2.238,-0.125
2.079,0.108
2.136,0.846
2.069,0.289
1.983,-0.396
1.864,1.121
1.834,1.778
1.846,0.937
1.817,2.749
1.841,1.816
1.786,2.205
1.765,2.664
1.709,-1.1
1.773,1.414
1.724,2.719
1.689,2.11
1.655,-0.366
1.533,1.718
1.592,2.56
1.566,2.142
1.49,-0.503
0.531,-1.149
-0.148,-1.114
-0.175,-1.174
-0.598,-1.434
-0.644,-1.243
-0.926,-1.539
-0.93,-1.437
-1.083,-1.162
-1.346,-1.189
-1.825,-1.448
-1.827,-1.185
-2.179,-1.619
-2.208,-1.388
-2.449,-1.363
-2.875,-1.548
-3.042,-1.289
2.679,-1.267
2.594,-1.199
2.008,-1.221
2.032,-1.286
1.588,-1.096
1.337,2.9
1.093,3.112
0.85,2.884
0.014,3.071
-0.251,3.032
-0.448,3.012
-0.52,2.94
-0.642,3.174
-0.854,3.218
-1.018,3.003
-1.05,2.904
-1.397,3.225
2.948,3.153
2.997,2.995
2.827,3.203
2.799,3.199
2.72,3.177
2.523,2.86
1.988,3.164
1.745,3.274
1.605,2.946
-0.309,-0.91
-0.865,2.605
-1.195,-0.682
-1.641,2.764
2.762,2.494
2.766,0.395
2.717,2.647
2.007,-0.782
1.765,2.154
1.847,1.882
0.833,-1.277
-2.481,-1.572
2.124,-1.505
-0.16,2.883
2.5,3.159
1.285,-0.836
1.253,0.604
1.213,2.431
1.095,0.18
1.241,-0.89
1.086,0.902
0.992,0.476
0.981,2.334
0.797,-1.075
0.74,0.557
0.816,1.455
0.798,2.619
0.554,1.497
0.39,1.555
0.507,-1.121
0.499,0.25
0.501,0.248
0.456,-0.337
0.486,2.724
0.391,-0.772
0.237,0.903
0.201,0.213
0.179,0.433
0.241,-0.837
0.088,0.627
0.164,1.261
0.15,0.286
0.018,0.691
-0.102,1.628
-0.361,-0.153
-0.214,0.547
-0.426,2.6
-0.453,-0.939
-0.488,2.409
-0.436,1.334
-0.598,0.614
-0.602,-1.058
-0.493,1.62
-0.626,1.942
-0.656,1.083
-0.657,0.634
-0.686,-0.135
-0.591,0.0
-0.579,2.674
-0.702,0.348
-0.624,-0.442
-0.755,2.511
-0.77,1.219
-0.816,-0.444
-0.798,-0.953
-0.998,-0.991
-1.056,-0.877
-1.058,2.203
-0.952,2.663
-1.029,0.898
-1.046,0.985
-1.125,0.767
-1.099,-0.937
-1.27,0.336
-1.31,2.539
-1.449,-0.785
-1.428,1.671
-1.47,2.616
-1.342,-0.404
-1.643,-0.071
-1.507,-1.05
-1.644,-1.047
-1.638,1.577
-1.706,0.93
-1.709,-0.117
-1.952,-0.122
-1.798,2.613
-1.968,1.742
-1.979,2.799
-1.848,-0.795
-2.007,0.398
-2.035,-0.777
-2.22,2.4
-2.227,0.01
-2.206,1.014
-2.183,1.622
-2.186,1.289
-2.349,1.002
-2.259,0.857
-2.384,0.002
-2.367,1.651
-2.583,2.297
-2.657,2.805
-2.599,2.58
-2.74,-0.632
-2.696,2.324
-2.875,-0.857
-3.042,1.255
-3.117,1.935
-3.13,-1.011
-3.098,-0.897
-3.097,2.827
3.128,0.994
2.961,1.522
2.931,-0.959
2.797,0.134
2.608,0.722
2.634,-1.185
2.574,-1.185
2.68,1.369
2.647,0.803
2.662,1.494
2.118,-0.218
2.11,0.007
1.963,1.003
1.987,-0.163
1.869,-0.077
1.961,1.588
1.809,0.868
1.92,0.529
1.92,1.429
1.782,0.292
1.853,0.624
1.654,1.608
1.768,-0.812
1.551,-1.018
0.894,-1.185
1.011,-1.226
0.808,-1.131
0.349,-1.464
0.377,-1.535
0.114,-1.383
0.194,-1.186
0.082,-1.223
-0.6,-1.394
-0.534,-1.142
-0.508,-1.26
-0.845,-1.253
-1.007,-1.492
-1.814,-1.353
-1.809,-1.562
-2.072,-1.336
-2.078,-1.357
2.081,-1.45
1.596,-1.281
1.541,2.964
1.366,3.195
0.567,3.25
0.259,3.027
-0.4,2.93
-0.6,2.888
-1.604,3.016
-1.622,2.924
-1.739,2.932
-2.164,3.059
-2.567,2.928
3.042,3.103
2.585,2.957
2.323,2.941
0.652,0.97
0.268,0.971
-0.577,0.346
-2.643,0.971
-2.825,1.587
2.738,2.337
2.469,2.55
1.877,-0.563
-2.367,1.28
-3.054,1.643
2.347,1.575
2.33,2.459
2.334,1.893
2.27,2.46
2.279,0.893
2.251,2.3
2.167,1.685
2.129,1.718
2.049,1.036
2.017,2.258
2.093,2.367
1.961,1.46
1.869,1.027
-0.051,0.076
-1.342,1.205
2.287,-0.32
1.861,1.137
1.605,1.194
-0.121,-1.155
-0.239,-1.025
-1.684,-0.908
-0.671,2.779
-0.052,-1.094
-0.651,-1.27
-0.09,-1.225
-0.036,-0.812
-0.145,0.471
-0.133,2.303
-0.169,-0.724
-0.133,-0.611
-0.191,-0.192
-0.229,0.177
-0.206,-0.187
-0.314,-1.175
-0.264,-0.955
-0.277,-0.113
-0.368,0.526
-0.271,-0.669
-0.36,-1.032
-0.485,-0.195
-0.545,1.154
-0.483,1.301
-0.558,1.783
-0.542,0.461
-0.609,1.592
-0.594,-1.006
-0.701,1.55
-0.707,-0.539
-0.726,0.207
-0.792,1.858
-0.784,0.943
-0.785,-1.042
-0.88,-1.181
-0.912,0.909
-0.842,-0.057
-0.886,0.123
-0.917,-0.804
-0.99,0.258
-0.999,1.248
-0.996,2.555
-0.929,0.722
-1.022,-0.514
-1.05,2.304
-0.996,1.703
-1.084,0.939
-1.069,0.924
-1.144,0.318
-1.163,0.99
-1.094,0.759
-1.196,-0.765
-1.143,1.593
-1.193,1.154
-1.267,1.053
-1.279,-0.329
-1.243,1.414
-1.246,1.953
-1.247,-0.777
-1.279,1.346
-1.358,0.489
-1.323,-0.349
-1.372,0.601
-1.423,-0.05
-1.443,-1.178
-1.395,0.796
-1.415,0.311
-1.495,-1.32
-1.537,0.962
-1.491,-1.119
-1.49,2.073
-1.592,1.816
-1.64,1.144
-1.709,1.52
-1.774,1.686
-1.715,1.362
-1.764,-0.196
-1.775,1.791
-1.906,1.465
-1.91,2.349
-1.862,0.369
-1.963,2.568
-2.048,0.336
-2.095,-0.4
-2.106,-1.103
-2.1,1.595
-2.148,1.398
-2.109,1.864
-2.157,2.026
-2.293,0.518
-2.242,0.246
-2.239,1.401
-2.353,-1.264
-2.31,-0.812
-2.404,0.774
-2.33,2.139
-2.424,0.863
-2.39,-1.325
-2.436,1.702
-2.372,2.05
-2.447,1.155
-2.457,1.373
-2.484,-1.457
-2.545,0.971
-2.521,-1.278
-2.545,2.507
-2.635,-0.502
-2.779,0.829
-2.736,0.129
-2.822,2.159
-2.865,0.734
-2.847,-0.269
-2.961,1.176
-2.961,-0.791
-3.03,0.272
-3.097,2.2
3.101,2.436
2.998,0.549
3.007,-0.75
2.99,0.987
2.901,-0.296
2.842,-0.026
2.804,-0.742
2.781,-0.098
2.855,0.72
2.842,0.637
2.746,1.591
2.784,0.199
2.715,1.57
2.68,0.78
2.685,1.776
2.625,0.489
2.675,2.197
2.673,-1.351
2.579,0.452
2.627,1.938
2.613,-0.186
2.639,2.107
2.565,1.854
2.572,0.406
2.56,1.712
2.576,0.364
2.509,1.709
2.566,0.502
2.458,2.44
2.523,0.465
2.523,-1.326
2.457,1.748
2.417,1.187
2.379,-0.196
2.43,1.937
2.427,1.412
2.424,-0.009
2.313,0.645
2.372,0.041
2.381,-0.044
2.285,-0.261
2.251,-0.411
2.092,-0.178
2.149,0.56
2.082,0.003
1.996,-0.682
1.877,0.835
1.847,1.492
1.859,0.651
1.83,2.463
1.854,1.53
1.799,1.919
1.778,2.378
1.722,-1.386
1.786,1.128
1.737,2.433
1.702,1.824
1.668,-0.652
1.546,1.432
1.605,2.274
1.579,1.856
1.503,-0.789
0.544,-1.435
-0.135,-1.4
-0.162,-1.46
-0.585,-1.72
-0.631,-1.529
-0.913,-1.825
-0.917,-1.723
-1.07,-1.448
-1.333,-1.475
-1.812,-1.734
-1.814,-1.471
-2.166,-1.905
-2.195,-1.674
-2.436,-1.649
-2.862,-1.834
-3.029,-1.575
2.692,-1.553
2.607,-1.485
2.021,-1.507
2.045,-1.572
1.601,-1.382
1.35,2.614
1.106,2.826
0.863,2.598
0.027,2.785
-0.238,2.746
-0.435,2.726
-0.507,2.654
-0.629,2.888
-0.841,2.932
-1.005,2.717
-1.037,2.618
-1.384,2.939
2.961,2.867
3.01,2.709
2.84,2.917
2.812,2.913
2.733,2.891
2.536,2.574
2.001,2.878
1.758,2.988
1.618,2.66
-0.296,-1.196
-0.852,2.319
-1.182,-0.968
-1.628,2.478
2.775,2.208
2.779,0.109
2.73,2.361
2.02,-1.068
1.778,1.868
1.86,1.596
0.846,-1.563
-2.468,-1.858
2.137,-1.791
-0.147,2.597
2.513,2.873
1.298,-1.122
1.266,0.318
1.226,2.145
1.108,-0.106
1.254,-1.176
1.099,0.616
1.005,0.19
0.994,2.048
0.81,-1.361
0.753,0.271
0.829,1.169
0.811,2.333
0.567,1.211
0.403,1.269
0.52,-1.407
0.512,-0.036
0.514,-0.038
0.469,-0.623
0.499,2.438
0.404,-1.058
0.25,0.617
0.214,-0.073
0.192,0.147
0.254,-1.123
0.101,0.341
0.177,0.975
0.163,0.0
0.031,0.405
-0.089,1.342
-0.348,-0.439
-0.201,0.261
-0.413,2.314
-0.44,-1.225
-0.475,2.123
-0.423,1.048
-0.585,0.328
-0.589,-1.344
-0.48,1.334
-0.613,1.656
-0.643,0.797
-0.644,0.348
-0.673,-0.421
-0.578,-0.286
-0.566,2.388
-0.689,0.062
-0.611,-0.728
-0.742,2.225
-0.757,0.933
-0.803,-0.73
-0.785,-1.239
-0.985,-1.277
-1.043,-1.163
-1.045,1.917
-0.939,2.377
-1.016,0.612
-1.033,0.699
-1.112,0.481
-1.086,-1.223
-1.257,0.05
-1.297,2.253
-1.436,-1.071
-1.415,1.385
-1.457,2.33
-1.329,-0.69
-1.63,-0.357
-1.494,-1.336
-1.631,-1.333
-1.625,1.291
-1.693,0.644
-1.696,-0.403
-1.939,-0.408
-1.785,2.327
-1.955,1.456
-1.966,2.513
-1.835,-1.081
-1.994,0.112
-2.022,-1.063
-2.207,2.114
-2.214,-0.276
-2.193,0.728
-2.17,1.336
-2.173,1.003
-2.336,0.716
-2.246,0.571
-2.371,-0.284
-2.354,1.365
-2.57,2.011
-2.644,2.519
-2.586,2.294
-2.727,-0.918
-2.683,2.038
-2.862,-1.143
-3.029,0.969
-3.104,1.649
-3.117,-1.297
-3.085,-1.183
-3.084,2.541
3.141,0.708
2.974,1.236
2.944,-1.245
2.81,-0.152
2.621,0.436
2.647,-1.471
2.587,-1.471
2.693,1.083
2.66,0.517
2.675,1.208
2.131,-0.504
2.123,-0.279
1.976,0.717
2.0,-0.449
1.882,-0.363
1.974,1.302
1.822,0.582
1.933,0.243
1.933,1.143
1.795,0.006
1.866,0.338
1.667,1.322
1.781,-1.098
1.564,-1.304
0.907,-1.471
1.024,-1.512
0.821,-1.417
0.362,-1.75
0.39,-1.821
0.127,-1.669
0.207,-1.472
0.095,-1.509
-0.587,-1.68
-0.521,-1.428
-0.495,-1.546
-0.832,-1.539
-0.994,-1.778
-1.801,-1.639
-1.796,-1.848
-2.059,-1.622
-2.065,-1.643
2.094,-1.736
1.609,-1.567
1.554,2.678
1.379,2.909
0.58,2.964
0.272,2.741
-0.387,2.644
-0.587,2.602
-1.591,2.73
-1.609,2.638
-1.726,2.646
-2.151,2.773
-2.554,2.642
3.055,2.817
2.598,2.671
2.336,2.655
0.665,0.684
0.281,0.685
-0.564,0.06
-2.63,0.685
-2.812,1.301
2.751,2.051
2.482,2.264
1.89,-0.849
-2.354,0.994
-3.041,1.357
2.36,1.289
2.343,2.173
2.347,1.607
2.283,2.174
2.292,0.607
2.264,2.014
2.18,1.399
2.142,1.432
2.062,0.75
2.03,1.972
2.106,2.081
1.974,1.174
1.882,0.741
-0.038,-0.21
-1.329,0.919
2.3,-0.606
1.874,0.851
1.618,0.908
-0.108,-1.441
-0.226,-1.311
-1.671,-1.194
-0.658,2.493
-0.039,-1.38
-0.638,-1.556
0.054,0.413
-0.055,1.696
-0.043,3.528
-0.079,0.501
-0.043,0.614
-0.101,1.033
-0.139,1.402
-0.116,1.038
-0.224,0.05
-0.174,0.27
-0.187,1.112
-0.278,1.751
-0.181,0.556
-0.27,0.193
-0.395,1.03
-0.455,2.379
-0.393,2.526
-0.468,3.008
-0.452,1.686
-0.519,2.817
-0.504,0.219
-0.611,2.775
-0.617,0.686
-0.636,1.432
-0.702,3.083
-0.694,2.168
-0.695,0.183
-0.79,0.044
-0.822,2.134
-0.752,1.168
-0.796,1.348
-0.827,0.421
-0.9,1.483
-0.909,2.473
-0.906,3.78
-0.839,1.947
-0.932,0.711
-0.96,3.529
-0.906,2.928
-0.994,2.164
-0.979,2.149
-1.054,1.543
-1.073,2.215
-1.004,1.984
-1.106,0.46
-1.053,2.818
-1.103,2.379
-1.177,2.278
-1.189,0.896
-1.153,2.639
-1.156,3.178
-1.157,0.448
-1.189,2.571
-1.268,1.714
-1.233,0.876
-1.282,1.826
-1.333,1.175
-1.353,0.047
-1.305,2.021
-1.325,1.536
-1.405,-0.095
-1.447,2.187
-1.401,0.106
-1.4,3.298
-1.502,3.041
-1.55,2.369
-1.619,2.745
-1.684,2.911
-1.625,2.587
-1.674,1.029
-1.685,3.016
-1.816,2.69
-1.82,3.574
-1.772,1.594
-1.873,3.793
-1.958,1.561
-2.005,0.825
-2.016,0.122
-2.01,2.82
-2.058,2.623
-2.019,3.089
-2.067,3.251
-2.203,1.743
-2.152,1.471
-2.149,2.626
-2.263,-0.039
-2.22,0.413
-2.314,1.999
-2.24,3.364
-2.334,2.088
-2.3,-0.1
-2.346,2.927
-2.282,3.275
-2.357,2.38
-2.367,2.598
-2.394,-0.232
-2.455,2.196
-2.431,-0.053
-2.455,3.732
-2.545,0.723
-2.689,2.054
-2.646,1.354
-2.732,3.384
-2.775,1.959
-2.757,0.956
-2.871,2.401
-2.871,0.434
-2.94,1.497
-3.007,3.425
-3.092,3.661
3.088,1.774
3.097,0.475
3.08,2.212
2.991,0.929
2.932,1.199
2.894,0.483
2.871,1.127
2.945,1.945
2.932,1.862
2.836,2.816
2.874,1.424
2.805,2.795
2.77,2.005
2.775,3.001
2.715,1.714
2.765,3.422
2.763,-0.126
2.669,1.677
2.717,3.163
2.703,1.039
2.729,3.332
2.655,3.079
2.662,1.631
2.65,2.937
2.666,1.589
2.599,2.934
2.656,1.727
2.548,3.665
2.613,1.69
2.613,-0.101
2.547,2.973
2.507,2.412
2.469,1.029
2.52,3.162
2.517,2.637
2.514,1.216
2.403,1.87
2.462,1.266
2.471,1.181
2.375,0.964
2.341,0.814
2.182,1.047
2.239,1.785
2.172,1.228
2.086,0.543
1.967,2.06
1.937,2.717
1.949,1.876
1.92,3.688
1.944,2.755
1.889,3.144
1.868,3.603
1.812,-0.161
1.876,2.353
1.827,3.658
1.792,3.049
1.758,0.573
1.636,2.657
1.695,3.499
1.669,3.081
1.593,0.436
0.634,-0.21
-0.045,-0.175
-0.072,-0.235
-0.495,-0.495
-0.541,-0.304
-0.823,-0.6
-0.827,-0.498
-0.98,-0.223
-1.243,-0.25
-1.722,-0.509
-1.724,-0.246
-2.076,-0.68
-2.105,-0.449
-2.346,-0.424
-2.772,-0.609
-2.939,-0.35
2.782,-0.328
2.697,-0.26
2.111,-0.282
2.135,-0.347
1.691,-0.157
1.44,3.839
1.196,4.051
0.953,3.823
0.117,4.01
-0.148,3.971
-0.345,3.951
-0.417,3.879
-0.539,4.113
-0.751,4.157
-0.915,3.942
-0.947,3.843
-1.294,4.164
3.051,4.092
3.1,3.934
2.93,4.142
2.902,4.138
2.823,4.116
2.626,3.799
2.091,4.103
1.848,4.213
1.708,3.885
-0.206,0.029
-0.762,3.544
-1.092,0.257
-1.538,3.703
2.865,3.433
2.869,1.334
2.82,3.586
2.11,0.157
1.868,3.093
1.95,2.821
0.936,-0.338
-2.378,-0.633
2.227,-0.566
-0.057,3.822
2.603,4.098
1.388,0.103
1.356,1.543
1.316,3.37
1.198,1.119
1.344,0.049
1.189,1.841
1.095,1.415
1.084,3.273
0.9,-0.136
0.843,1.496
0.919,2.394
0.901,3.558
0.657,2.436
0.493,2.494
0.61,-0.182
0.602,1.189
0.604,1.187
0.559,0.602
0.589,3.663
0.494,0.167
0.34,1.842
0.304,1.152
0.282,1.372
0.344,0.102
0.191,1.566
0.267,2.2
0.253,1.225
0.121,1.63
0.001,2.567
-0.258,0.786
-0.111,1.486
-0.323,3.539
-0.35,0.0
-0.385,3.348
-0.333,2.273
-0.495,1.553
-0.499,-0.119
-0.39,2.559
-0.523,2.881
-0.553,2.022
-0.554,1.573
-0.583,0.804
-0.488,0.939
-0.476,3.613
-0.599,1.287
-0.521,0.497
-0.652,3.45
-0.667,2.158
-0.713,0.495
-0.695,-0.014
-0.895,-0.052
-0.953,0.062
-0.955,3.142
-0.849,3.602
-0.926,1.837
-0.943,1.924
-1.022,1.706
-0.996,0.002
-1.167,1.275
-1.207,3.478
-1.346,0.154
-1.325,2.61
-1.367,3.555
-1.239,0.535
-1.54,0.868
-1.404,-0.111
-1.541,-0.108
-1.535,2.516
-1.603,1.869
-1.606,0.822
-1.849,0.817
-1.695,3.552
-1.865,2.681
-1.876,3.738
-1.745,0.144
-1.904,1.337
-1.932,0.162
-2.117,3.339
-2.124,0.949
-2.103,1.953
-2.08,2.561
-2.083,2.228
-2.246,1.941
-2.156,1.796
-2.281,0.941
-2.264,2.59
-2.48,3.236
-2.554,3.744
-2.496,3.519
-2.637,0.307
-2.593,3.263
-2.772,0.082
-2.939,2.194
-3.014,2.874
-3.027,-0.072
-2.995,0.042
-2.994,3.766
-3.052,1.933
3.064,2.461
3.034,-0.02
2.9,1.073
2.711,1.661
2.737,-0.246
2.677,-0.246
2.783,2.308
2.75,1.742
2.765,2.433
2.221,0.721
2.213,0.946
2.066,1.942
2.09,0.776
1.972,0.862
2.064,2.527
1.912,1.807
2.023,1.468
2.023,2.368
1.885,1.231
1.956,1.563
1.757,2.547
1.871,0.127
1.654,-0.079
0.997,-0.246
1.114,-0.287
0.911,-0.192
0.452,-0.525
0.48,-0.596
0.217,-0.444
0.297,-0.247
0.185,-0.284
-0.497,-0.455
-0.431,-0.203
-0.405,-0.321
-0.742,-0.314
-0.904,-0.553
-1.711,-0.414
-1.706,-0.623
-1.969,-0.397
-1.975,-0.418
2.184,-0.511
1.699,-0.342
1.644,3.903
1.469,4.134
0.67,4.189
0.362,3.966
-0.297,3.869
-0.497,3.827
-1.501,3.955
-1.519,3.863
-1.636,3.871
-2.061,3.998
-2.464,3.867
-3.138,4.042
2.688,3.896
2.426,3.88
0.755,1.909
0.371,1.91
-0.474,1.285
-2.54,1.91
-2.722,2.526
2.841,3.276
2.572,3.489
1.98,0.376
-2.264,2.219
-2.951,2.582
2.45,2.514
2.433,3.398
2.437,2.832
2.373,3.399
2.382,1.832
2.354,3.239
2.27,2.624
2.232,2.657
2.152,1.975
2.12,3.197
2.196,3.306
2.064,2.399
1.972,1.966
0.052,1.015
-1.239,2.144
2.39,0.619
1.964,2.076
1.708,2.133
-0.018,-0.216
-0.136,-0.086
-1.581,0.031
-0.568,3.718
0.051,-0.155
-0.548,-0.331
-0.109,1.283
-0.097,3.115
-0.133,0.088
-0.097,0.201
-0.155,0.62
-0.193,0.989
-0.17,0.625
-0.278,-0.363
-0.228,-0.143
-0.241,0.699
-0.332,1.338
-0.235,0.143
-0.324,-0.22
-0.449,0.617
-0.509,1.966
-0.447,2.113
-0.522,2.595
-0.506,1.273
-0.573,2.404
-0.558,-0.194
-0.665,2.362
-0.671,0.273
-0.69,1.019
-0.756,2.67
-0.748,1.755
-0.749,-0.23
-0.844,-0.369
-0.876,1.721
-0.806,0.755
-0.85,0.935
-0.881,0.008
-0.954,1.07
-0.963,2.06
-0.96,3.367
-0.893,1.534
-0.986,0.298
-1.014,3.116
-0.96,2.515
-1.048,1.751
-1.033,1.736
-1.108,1.13
-1.127,1.802
-1.058,1.571
-1.16,0.047
-1.107,2.405
-1.157,1.966
-1.231,1.865
-1.243,0.483
-1.207,2.226
-1.21,2.765
-1.211,0.035
-1.243,2.158
-1.322,1.301
-1.287,0.463
-1.336,1.413
-1.387,0.762
-1.407,-0.366
-1.359,1.608
-1.379,1.123
-1.459,-0.508
-1.501,1.774
-1.455,-0.307
-1.454,2.885
-1.556,2.628
-1.604,1.956
-1.673,2.332
-1.738,2.498
-1.679,2.174
-1.728,0.616
-1.739,2.603
-1.87,2.277
-1.874,3.161
-1.826,1.181
-1.927,3.38
-2.012,1.148
-2.059,0.412
-2.07,-0.291
-2.064,2.407
-2.112,2.21
-2.073,2.676
-2.121,2.838
-2.257,1.33
-2.206,1.058
-2.203,2.213
-2.317,-0.452
-2.274,0.0
-2.368,1.586
-2.294,2.951
-2.388,1.675
-2.354,-0.513
-2.4,2.514
-2.336,2.862
-2.411,1.967
-2.421,2.185
-2.448,-0.645
-2.509,1.783
-2.485,-0.466
-2.509,3.319
-2.599,0.31
-2.743,1.641
-2.7,0.941
-2.786,2.971
-2.829,1.546
-2.811,0.543
-2.925,1.988
-2.925,0.021
-2.994,1.084
-3.061,3.012
3.137,3.248
3.034,1.361
3.043,0.062
3.026,1.799
2.937,0.516
2.878,0.786
2.84,0.07
2.817,0.714
2.891,1.532
2.878,1.449
2.782,2.403
2.82,1.011
2.751,2.382
2.716,1.592
2.721,2.588
2.661,1.301
2.711,3.009
2.709,-0.539
2.615,1.264
2.663,2.75
2.649,0.626
2.675,2.919
2.601,2.666
2.608,1.218
2.596,2.524
2.612,1.176
2.545,2.521
2.602,1.314
2.494,3.252
2.559,1.277
2.559,-0.514
2.493,2.56
2.453,1.999
2.415,0.616
2.466,2.749
2.463,2.224
2.46,0.803
2.349,1.457
2.408,0.853
2.417,0.768
2.321,0.551
2.287,0.401
2.128,0.634
2.185,1.372
2.118,0.815
2.032,0.13
1.913,1.647
1.883,2.304
1.895,1.463
1.866,3.275
1.89,2.342
1.835,2.731
1.814,3.19
1.758,-0.574
1.822,1.94
1.773,3.245
1.738,2.636
1.704,0.16
1.582,2.244
1.641,3.086
1.615,2.668
1.539,0.023
0.58,-0.623
-0.099,-0.588
-0.126,-0.648
-0.549,-0.908
-0.595,-0.717
-0.877,-1.013
-0.881,-0.911
-1.034,-0.636
-1.297,-0.663
-1.776,-0.922
-1.778,-0.659
-2.13,-1.093
-2.159,-0.862
-2.4,-0.837
-2.826,-1.022
-2.993,-0.763
2.728,-0.741
2.643,-0.673
2.057,-0.695
2.081,-0.76
1.637,-0.57
1.386,3.426
1.142,3.638
0.899,3.41
0.063,3.597
-0.202,3.558
-0.399,3.538
-0.471,3.466
-0.593,3.7
-0.805,3.744
-0.969,3.529
-1.001,3.43
-1.348,3.751
2.997,3.679
3.046,3.521
2.876,3.729
2.848,3.725
2.769,3.703
2.572,3.386
2.037,3.69
1.794,3.8
1.654,3.472
-0.26,-0.384
-0.816,3.131
-1.146,-0.156
-1.592,3.29
2.811,3.02
2.815,0.921
2.766,3.173
2.056,-0.256
1.814,2.68
1.896,2.408
0.882,-0.751
-2.432,-1.046
2.173,-0.979
-0.111,3.409
2.549,3.685
1.334,-0.31
1.302,1.13
1.262,2.957
1.144,0.706
1.29,-0.364
1.135,1.428
1.041,1.002
1.03,2.86
0.846,-0.549
0.789,1.083
0.865,1.981
0.847,3.145
0.603,2.023
0.439,2.081
0.556,-0.595
0.548,0.776
0.55,0.774
0.505,0.189
0.535,3.25
0.44,-0.246
0.286,1.429
0.25,0.739
0.228,0.959
0.29,-0.311
0.137,1.153
0.213,1.787
0.199,0.812
0.067,1.217
-0.053,2.154
-0.312,0.373
-0.165,1.073
-0.377,3.126
-0.404,-0.413
-0.439,2.935
-0.387,1.86
-0.549,1.14
-0.553,-0.532
-0.444,2.146
-0.577,2.468
-0.607,1.609
-0.608,1.16
-0.637,0.391
-0.542,0.526
-0.53,3.2
-0.653,0.874
-0.575,0.084
-0.706,3.037
-0.721,1.745
-0.767,0.082
-0.749,-0.427
-0.949,-0.465
-1.007,-0.351
-1.009,2.729
-0.903,3.189
-0.98,1.424
-0.997,1.511
-1.076,1.293
-1.05,-0.411
-1.221,0.862
-1.261,3.065
-1.4,-0.259
-1.379,2.197
-1.421,3.142
-1.293,0.122
-1.594,0.455
-1.458,-0.524
-1.595,-0.521
-1.589,2.103
-1.657,1.456
-1.66,0.409
-1.903,0.404
-1.749,3.139
-1.919,2.268
-1.93,3.325
-1.799,-0.269
-1.958,0.924
-1.986,-0.251
-2.171,2.926
-2.178,0.536
-2.157,1.54
-2.134,2.148
-2.137,1.815
-2.3,1.528
-2.21,1.383
-2.335,0.528
-2.318,2.177
-2.534,2.823
-2.608,3.331
-2.55,3.106
-2.691,-0.106
-2.647,2.85
-2.826,-0.331
-2.993,1.781
-3.068,2.461
-3.081,-0.485
-3.049,-0.371
-3.048,3.353
-3.106,1.52
3.01,2.048
2.98,-0.433
2.846,0.66
2.657,1.248
2.683,-0.659
2.623,-0.659
2.729,1.895
2.696,1.329
2.711,2.02
2.167,0.308
2.159,0.533
2.012,1.529
2.036,0.363
1.918,0.449
2.01,2.114
1.858,1.394
1.969,1.055
1.969,1.955
1.831,0.818
1.902,1.15
1.703,2.134
1.817,-0.286
1.6,-0.492
0.943,-0.659
1.06,-0.7
0.857,-0.605
0.398,-0.938
0.426,-1.009
0.163,-0.857
0.243,-0.66
0.131,-0.697
-0.551,-0.868
-0.485,-0.616
-0.459,-0.734
-0.796,-0.727
-0.958,-0.966
-1.765,-0.827
-1.76,-1.036
-2.023,-0.81
-2.029,-0.831
2.13,-0.924
1.645,-0.755
1.59,3.49
1.415,3.721
0.616,3.776
0.308,3.553
-0.351,3.456
-0.551,3.414
-1.555,3.542
-1.573,3.45
-1.69,3.458
-2.115,3.585
-2.518,3.454
3.091,3.629
2.634,3.483
2.372,3.467
0.701,1.496
0.317,1.497
-0.528,0.872
-2.594,1.497
-2.776,2.113
2.787,2.863
2.518,3.076
1.926,-0.037
-2.318,1.806
-3.005,2.169
2.396,2.101
2.379,2.985
2.383,2.419
2.319,2.986
2.328,1.419
2.3,2.826
2.216,2.211
2.178,2.244
2.098,1.562
2.066,2.784
2.142,2.893
2.01,1.986
1.918,1.553
-0.002,0.602
-1.293,1.731
2.336,0.206
1.91,1.663
1.654,1.72
-0.072,-0.629
-0.19,-0.499
-1.635,-0.382
-0.622,3.305
-0.003,-0.568
-0.602,-0.744
0.012,1.832
-0.024,-1.195
0.012,-1.082
-0.046,-0.663
-0.084,-0.294
-0.061,-0.658
-0.169,-1.646
-0.119,-1.426
-0.132,-0.584
-0.223,0.055
-0.126,-1.14
-0.215,-1.503
-0.34,-0.666
-0.4,0.683
-0.338,0.83
-0.413,1.312
-0.397,-0.01
-0.464,1.121
-0.449,-1.477
-0.556,1.079
-0.562,-1.01
-0.581,-0.264
-0.647,1.387
-0.639,0.472
-0.64,-1.513
-0.735,-1.652
-0.767,0.438
-0.697,-0.528
-0.741,-0.348
-0.772,-1.275
-0.845,-0.213
-0.854,0.777
-0.851,2.084
-0.784,0.251
-0.877,-0.985
-0.905,1.833
-0.851,1.232
-0.939,0.468
-0.924,0.453
-0.999,-0.153
-1.018,0.519
-0.949,0.288
-1.051,-1.236
-0.998,1.122
-1.048,0.683
-1.122,0.582
-1.134,-0.8
-1.098,0.943
-1.101,1.482
-1.102,-1.248
-1.134,0.875
-1.213,0.018
-1.178,-0.82
-1.227,0.13
-1.278,-0.521
-1.298,-1.649
-1.25,0.325
-1.27,-0.16
-1.35,-1.791
-1.392,0.491
-1.346,-1.59
-1.345,1.602
-1.447,1.345
-1.495,0.673
-1.564,1.049
-1.629,1.215
-1.57,0.891
-1.619,-0.667
-1.63,1.32
-1.761,0.994
-1.765,1.878
-1.717,-0.102
-1.818,2.097
-1.903,-0.135
-1.95,-0.871
-1.961,-1.574
-1.955,1.124
-2.003,0.927
-1.964,1.393
-2.012,1.555
-2.148,0.047
-2.097,-0.225
-2.094,0.93
-2.208,-1.735
-2.165,-1.283
-2.259,0.303
-2.185,1.668
-2.279,0.392
-2.245,-1.796
-2.291,1.231
-2.227,1.579
-2.302,0.684
-2.312,0.902
-2.339,-1.928
-2.4,0.5
-2.376,-1.749
-2.4,2.036
-2.49,-0.973
-2.634,0.358
-2.591,-0.342
-2.677,1.688
-2.72,0.263
-2.702,-0.74
-2.816,0.705
-2.816,-1.262
-2.885,-0.199
-2.952,1.729
-3.037,1.965
-3.14,0.078
-3.131,-1.221
3.135,0.516
3.046,-0.767
2.987,-0.497
2.949,-1.213
2.926,-0.569
3.0,0.249
2.987,0.166
2.891,1.12
2.929,-0.272
2.86,1.099
2.825,0.309
2.83,1.305
2.77,0.018
2.82,1.726
2.818,-1.822
2.724,-0.019
2.772,1.467
2.758,-0.657
2.784,1.636
2.71,1.383
2.717,-0.065
2.705,1.241
2.721,-0.107
2.654,1.238
2.711,0.031
2.603,1.969
2.668,-0.006
2.668,-1.797
2.602,1.277
2.562,0.716
2.524,-0.667
2.575,1.466
2.572,0.941
2.569,-0.48
2.458,0.174
2.517,-0.43
2.526,-0.515
2.43,-0.732
2.396,-0.882
2.237,-0.649
2.294,0.089
2.227,-0.468
2.141,-1.153
2.022,0.364
1.992,1.021
2.004,0.18
1.975,1.992
1.999,1.059
1.944,1.448
1.923,1.907
1.867,-1.857
1.931,0.657
1.882,1.962
1.847,1.353
1.813,-1.123
1.691,0.961
1.75,1.803
1.724,1.385
1.648,-1.26
0.689,-1.906
0.01,-1.871
-0.017,-1.931
-0.44,-2.191
-0.486,-2.0
-0.768,-2.296
-0.772,-2.194
-0.925,-1.919
-1.188,-1.946
-1.667,-2.205
-1.669,-1.942
-2.021,-2.376
-2.05,-2.145
-2.291,-2.12
-2.717,-2.305
-2.884,-2.046
2.837,-2.024
2.752,-1.956
2.166,-1.978
2.19,-2.043
1.746,-1.853
1.495,2.143
1.251,2.355
1.008,2.127
0.172,2.314
-0.093,2.275
-0.29,2.255
-0.362,2.183
-0.484,2.417
-0.696,2.461
-0.86,2.246
-0.892,2.147
-1.239,2.468
3.106,2.396
-3.128,2.238
2.985,2.446
2.957,2.442
2.878,2.42
2.681,2.103
2.146,2.407
1.903,2.517
1.763,2.189
-0.151,-1.667
-0.707,1.848
-1.037,-1.439
-1.483,2.007
2.92,1.737
2.924,-0.362
2.875,1.89
2.165,-1.539
1.923,1.397
2.005,1.125
0.991,-2.034
-2.323,-2.329
2.282,-2.262
-0.002,2.126
2.658,2.402
1.443,-1.593
1.411,-0.153
1.371,1.674
1.253,-0.577
1.399,-1.647
1.244,0.145
1.15,-0.281
1.139,1.577
0.955,-1.832
0.898,-0.2
0.974,0.698
0.956,1.862
0.712,0.74
0.548,0.798
0.665,-1.878
0.657,-0.507
0.659,-0.509
0.614,-1.094
0.644,1.967
0.549,-1.529
0.395,0.146
0.359,-0.544
0.337,-0.324
0.399,-1.594
0.246,-0.13
0.322,0.504
0.308,-0.471
0.176,-0.066
0.056,0.871
-0.203,-0.91
-0.056,-0.21
-0.268,1.843
-0.295,-1.696
-0.33,1.652
-0.278,0.577
-0.44,-0.143
-0.444,-1.815
-0.335,0.863
-0.468,1.185
-0.498,0.326
-0.499,-0.123
-0.528,-0.892
-0.433,-0.757
-0.421,1.917
-0.544,-0.409
-0.466,-1.199
-0.597,1.754
-0.612,0.462
-0.658,-1.201
-0.64,-1.71
-0.84,-1.748
-0.898,-1.634
-0.9,1.446
-0.794,1.906
-0.871,0.141
-0.888,0.228
-0.967,0.01
-0.941,-1.694
-1.112,-0.421
-1.152,1.782
-1.291,-1.542
-1.27,0.914
-1.312,1.859
-1.184,-1.161
-1.485,-0.828
-1.349,-1.807
-1.486,-1.804
-1.48,0.82
-1.548,0.173
-1.551,-0.874
-1.794,-0.879
-1.64,1.856
-1.81,0.985
-1.821,2.042
-1.69,-1.552
-1.849,-0.359
-1.877,-1.534
-2.062,1.643
-2.069,-0.747
-2.048,0.257
-2.025,0.865
-2.028,0.532
-2.191,0.245
-2.101,0.1
-2.226,-0.755
-2.209,0.894
-2.425,1.54
-2.499,2.048
-2.441,1.823
-2.582,-1.389
-2.538,1.567
-2.717,-1.614
-2.884,0.498
-2.959,1.178
-2.972,-1.768
-2.94,-1.654
-2.939,2.07
-2.997,0.237
3.119,0.765
3.089,-1.716
2.955,-0.623
2.766,-0.035
2.792,-1.942
2.732,-1.942
2.838,0.612
2.805,0.046
2.82,0.737
2.276,-0.975
2.268,-0.75
2.121,0.246
2.145,-0.92
2.027,-0.834
2.119,0.831
1.967,0.111
2.078,-0.228
2.078,0.672
1.94,-0.465
2.011,-0.133
1.812,0.851
1.926,-1.569
1.709,-1.775
1.052,-1.942
1.169,-1.983
0.966,-1.888
0.507,-2.221
0.535,-2.292
0.272,-2.14
0.352,-1.943
0.24,-1.98
-0.442,-2.151
-0.376,-1.899
-0.35,-2.017
-0.687,-2.01
-0.849,-2.249
-1.656,-2.11
-1.651,-2.319
-1.914,-2.093
-1.92,-2.114
2.239,-2.207
1.754,-2.038
1.699,2.207
1.524,2.438
0.725,2.493
0.417,2.27
-0.242,2.173
-0.442,2.131
-1.446,2.259
-1.464,2.167
-1.581,2.175
-2.006,2.302
-2.409,2.171
-3.083,2.346
2.743,2.2
2.481,2.184
0.81,0.213
0.426,0.214
-0.419,-0.411
-2.485,0.214
-2.667,0.83
2.896,1.58
2.627,1.793
2.035,-1.32
-2.209,0.523
-2.896,0.886
2.505,0.818
2.488,1.702
2.492,1.136
2.428,1.703
2.437,0.136
2.409,1.543
2.325,0.928
2.287,0.961
2.207,0.279
2.175,1.501
2.251,1.61
2.119,0.703
2.027,0.27
0.107,-0.681
-1.184,0.448
2.445,-1.077
2.019,0.38
1.763,0.437
0.037,-1.912
-0.081,-1.782
-1.526,-1.665
-0.513,2.022
0.106,-1.851
-0.493,-2.027
-0.036,-3.027
0.0,-2.914
-0.058,-2.495
-0.096,-2.126
-0.073,-2.49
-0.181,-3.478
-0.131,-3.258
-0.144,-2.416
-0.235,-1.777
-0.138,-2.972
-0.227,-3.335
-0.352,-2.498
-0.412,-1.149
-0.35,-1.002
-0.425,-0.52
-0.409,-1.842
-0.476,-0.711
-0.461,-3.309
-0.568,-0.753
-0.574,-2.842
-0.593,-2.096
-0.659,-0.445
-0.651,-1.36
-0.652,-3.345
-0.747,-3.484
-0.779,-1.394
-0.709,-2.36
-0.753,-2.18
-0.784,-3.107
-0.857,-2.045
-0.866,-1.055
-0.863,0.252
-0.796,-1.581
-0.889,-2.817
-0.917,0.001
-0.863,-0.6
-0.951,-1.364
-0.936,-1.379
-1.011,-1.985
-1.03,-1.313
-0.961,-1.544
-1.063,-3.068
-1.01,-0.71
-1.06,-1.149
-1.134,-1.25
-1.146,-2.632
-1.11,-0.889
-1.113,-0.35
-1.114,-3.08
-1.146,-0.957
-1.225,-1.814
-1.19,-2.652
-1.239,-1.702
-1.29,-2.353
-1.31,-3.481
-1.262,-1.507
-1.282,-1.992
-1.362,-3.623
-1.404,-1.341
-1.358,-3.422
-1.357,-0.23
-1.459,-0.487
-1.507,-1.159
-1.576,-0.783
-1.641,-0.617
-1.582,-0.941
-1.631,-2.499
-1.642,-0.512
-1.773,-0.838
-1.777,0.046
-1.729,-1.934
-1.83,0.265
-1.915,-1.967
-1.962,-2.703
-1.973,-3.406
-1.967,-0.708
-2.015,-0.905
-1.976,-0.439
-2.024,-0.277
-2.16,-1.785
-2.109,-2.057
-2.106,-0.902
-2.22,-3.567
-2.177,-3.115
-2.271,-1.529
-2.197,-0.164
-2.291,-1.44
-2.257,-3.628
-2.303,-0.601
-2.239,-0.253
-2.314,-1.148
-2.324,-0.93
-2.351,-3.76
-2.412,-1.332
-2.388,-3.581
-2.412,0.204
-2.502,-2.805
-2.646,-1.474
-2.603,-2.174
-2.689,-0.144
-2.732,-1.569
-2.714,-2.572
-2.828,-1.127
-2.828,-3.094
-2.897,-2.031
-2.964,-0.103
-3.049,0.133
3.131,-1.754
3.14,-3.053
3.123,-1.316
3.034,-2.599
2.975,-2.329
2.937,-3.045
2.914,-2.401
2.988,-1.583
2.975,-1.666
2.879,-0.712
2.917,-2.104
2.848,-0.733
2.813,-1.523
2.818,-0.527
2.758,-1.814
2.808,-0.106
2.806,-3.654
2.712,-1.851
2.76,-0.365
2.746,-2.489
2.772,-0.196
2.698,-0.449
2.705,-1.897
2.693,-0.591
2.709,-1.939
2.642,-0.594
2.699,-1.801
2.591,0.137
2.656,-1.838
2.656,-3.629
2.59,-0.555
2.55,-1.116
2.512,-2.499
2.563,-0.366
2.56,-0.891
2.557,-2.312
2.446,-1.658
2.505,-2.262
2.514,-2.347
2.418,-2.564
2.384,-2.714
2.225,-2.481
2.282,-1.743
2.215,-2.3
2.129,-2.985
2.01,-1.468
1.98,-0.811
1.992,-1.652
1.963,0.16
1.987,-0.773
1.932,-0.384
1.911,0.075
1.855,-3.689
1.919,-1.175
1.87,0.13
1.835,-0.479
1.801,-2.955
1.679,-0.871
1.738,-0.029
1.712,-0.447
1.636,-3.092
0.677,-3.738
-0.002,-3.703
-0.029,-3.763
-0.452,-4.023
-0.498,-3.832
-0.78,-4.128
-0.784,-4.026
-0.937,-3.751
-1.2,-3.778
-1.679,-4.037
-1.681,-3.774
-2.033,-4.208
-2.062,-3.977
-2.303,-3.952
-2.729,-4.137
-2.896,-3.878
2.825,-3.856
2.74,-3.788
2.154,-3.81
2.178,-3.875
1.734,-3.685
1.483,0.311
1.239,0.523
0.996,0.295
0.16,0.482
-0.105,0.443
-0.302,0.423
-0.374,0.351
-0.496,0.585
-0.708,0.629
-0.872,0.414
-0.904,0.315
-1.251,0.636
3.094,0.564
-3.14,0.406
2.973,0.614
2.945,0.61
2.866,0.588
2.669,0.271
2.134,0.575
1.891,0.685
1.751,0.357
-0.163,-3.499
-0.719,0.016
-1.049,-3.271
-1.495,0.175
2.908,-0.095
2.912,-2.194
2.863,0.058
2.153,-3.371
1.911,-0.435
1.993,-0.707
0.979,-3.866
-2.335,-4.161
2.27,-4.094
-0.014,0.294
2.646,0.57
1.431,-3.425
1.399,-1.985
1.359,-0.158
1.241,-2.409
1.387,-3.479
1.232,-1.687
1.138,-2.113
1.127,-0.255
0.943,-3.664
0.886,-2.032
0.962,-1.134
0.944,0.03
0.7,-1.092
0.536,-1.034
0.653,-3.71
0.645,-2.339
0.647,-2.341
0.602,-2.926
0.632,0.135
0.537,-3.361
0.383,-1.686
0.347,-2.376
0.325,-2.156
0.387,-3.426
0.234,-1.962
0.31,-1.328
0.296,-2.303
0.164,-1.898
0.044,-0.961
-0.215,-2.742
-0.068,-2.042
-0.28,0.011
-0.307,-3.528
-0.342,-0.18
-0.29,-1.255
-0.452,-1.975
-0.456,-3.647
-0.347,-0.969
-0.48,-0.647
-0.51,-1.506
-0.511,-1.955
-0.54,-2.724
-0.445,-2.589
-0.433,0.085
-0.556,-2.241
-0.478,-3.031
-0.609,-0.078
-0.624,-1.37
-0.67,-3.033
-0.652,-3.542
-0.852,-3.58
-0.91,-3.466
-0.912,-0.386
-0.806,0.074
-0.883,-1.691
-0.9,-1.604
-0.979,-1.822
-0.953,-3.526
-1.124,-2.253
-1.164,-0.05
-1.303,-3.374
-1.282,-0.918
-1.324,0.027
-1.196,-2.993
-1.497,-2.66
-1.361,-3.639
-1.498,-3.636
-1.492,-1.012
-1.56,-1.659
-1.563,-2.706
-1.806,-2.711
-1.652,0.024
-1.822,-0.847
-1.833,0.21
-1.702,-3.384
-1.861,-2.191
-1.889,-3.366
-2.074,-0.189
-2.081,-2.579
-2.06,-1.575
-2.037,-0.967
-2.04,-1.3
-2.203,-1.587
-2.113,-1.732
-2.238,-2.587
-2.221,-0.938
-2.437,-0.292
-2.511,0.216
-2.453,-0.009
-2.594,-3.221
-2.55,-0.265
-2.729,-3.446
-2.896,-1.334
-2.971,-0.654
-2.984,-3.6
-2.952,-3.486
-2.951,0.238
-3.009,-1.595
3.107,-1.067
3.077,-3.548
2.943,-2.455
2.754,-1.867
2.78,-3.774
2.72,-3.774
2.826,-1.22
2.793,-1.786
2.808,-1.095
2.264,-2.807
2.256,-2.582
2.109,-1.586
2.133,-2.752
2.015,-2.666
2.107,-1.001
1.955,-1.721
2.066,-2.06
2.066,-1.16
1.928,-2.297
1.999,-1.965
1.8,-0.981
1.914,-3.401
1.697,-3.607
1.04,-3.774
1.157,-3.815
0.954,-3.72
0.495,-4.053
0.523,-4.124
0.26,-3.972
0.34,-3.775
0.228,-3.812
-0.454,-3.983
-0.388,-3.731
-0.362,-3.849
-0.699,-3.842
-0.861,-4.081
-1.668,-3.942
-1.663,-4.151
-1.926,-3.925
-1.932,-3.946
2.227,-4.039
1.742,-3.87
1.687,0.375
1.512,0.606
0.713,0.661
0.405,0.438
-0.254,0.341
-0.454,0.299
-1.458,0.427
-1.476,0.335
-1.593,0.343
-2.018,0.47
-2.421,0.339
-3.095,0.514
2.731,0.368
2.469,0.352
0.798,-1.619
0.414,-1.618
-0.431,-2.243
-2.497,-1.618
-2.679,-1.002
2.884,-0.252
2.615,-0.039
2.023,-3.152
-2.221,-1.309
-2.908,-0.946
2.493,-1.014
2.476,-0.13
2.48,-0.696
2.416,-0.129
2.425,-1.696
2.397,-0.289
2.313,-0.904
2.275,-0.871
2.195,-1.553
2.163,-0.331
2.239,-0.222
2.107,-1.129
2.015,-1.562
0.095,-2.513
-1.196,-1.384
2.433,-2.909
2.007,-1.452
1.751,-1.395
0.025,-3.744
-0.093,-3.614
-1.538,-3.497
-0.525,0.19
0.094,-3.683
-0.505,-3.859
0.036,0.113
-0.022,0.532
-0.06,0.901
-0.037,0.537
-0.145,-0.451
-0.095,-0.231
-0.108,0.611
-0.199,1.25
-0.102,0.055
-0.191,-0.308
-0.316,0.529
-0.376,1.878
-0.314,2.025
-0.389,2.507
-0.373,1.185
-0.44,2.316
-0.425,-0.282
-0.532,2.274
-0.538,0.185
-0.557,0.931
-0.623,2.582
-0.615,1.667
-0.616,-0.318
-0.711,-0.457
-0.743,1.633
-0.673,0.667
-0.717,0.847
-0.748,-0.08
-0.821,0.982
-0.83,1.972
-0.827,3.279
-0.76,1.446
-0.853,0.21
-0.881,3.028
-0.827,2.427
-0.915,1.663
-0.9,1.648
-0.975,1.042
-0.994,1.714
-0.925,1.483
-1.027,-0.041
-0.974,2.317
-1.024,1.878
-1.098,1.777
-1.11,0.395
-1.074,2.138
-1.077,2.677
-1.078,-0.053
-1.11,2.07
-1.189,1.213
-1.154,0.375
-1.203,1.325
-1.254,0.674
-1.274,-0.454
-1.226,1.52
-1.246,1.035
-1.326,-0.596
-1.368,1.686
-1.322,-0.395
-1.321,2.797
-1.423,2.54
-1.471,1.868
-1.54,2.244
-1.605,2.41
-1.546,2.086
-1.595,0.528
-1.606,2.515
-1.737,2.189
-1.741,3.073
-1.693,1.093
-1.794,3.292
-1.879,1.06
-1.926,0.324
-1.937,-0.379
-1.931,2.319
-1.979,2.122
-1.94,2.588
-1.988,2.75
-2.124,1.242
-2.073,0.97
-2.07,2.125
-2.184,-0.54
-2.141,-0.088
-2.235,1.498
-2.161,2.863
-2.255,1.587
-2.221,-0.601
-2.267,2.426
-2.203,2.774
-2.278,1.879
-2.288,2.097
-2.315,-0.733
-2.376,1.695
-2.352,-0.554
-2.376,3.231
-2.466,0.222
-2.61,1.553
-2.567,0.853
-2.653,2.883
-2.696,1.458
-2.678,0.455
-2.792,1.9
-2.792,-0.067
-2.861,0.996
-2.928,2.924
-3.013,3.16
-3.116,1.273
-3.107,-0.026
-3.124,1.711
3.07,0.428
3.011,0.698
2.973,-0.018
2.95,0.626
3.024,1.444
3.011,1.361
2.915,2.315
2.953,0.923
2.884,2.294
2.849,1.504
2.854,2.5
2.794,1.213
2.844,2.921
2.842,-0.627
2.748,1.176
2.796,2.662
2.782,0.538
2.808,2.831
2.734,2.578
2.741,1.13
2.729,2.436
2.745,1.088
2.678,2.433
2.735,1.226
2.627,3.164
2.692,1.189
2.692,-0.602
2.626,2.472
2.586,1.911
2.548,0.528
2.599,2.661
2.596,2.136
2.593,0.715
2.482,1.369
2.541,0.765
2.55,0.68
2.454,0.463
2.42,0.313
2.261,0.546
2.318,1.284
2.251,0.727
2.165,0.042
2.046,1.559
2.016,2.216
2.028,1.375
1.999,3.187
2.023,2.254
1.968,2.643
1.947,3.102
1.891,-0.662
1.955,1.852
1.906,3.157
1.871,2.548
1.837,0.072
1.715,2.156
1.774,2.998
1.748,2.58
1.672,-0.065
0.713,-0.711
0.034,-0.676
0.007,-0.736
-0.416,-0.996
-0.462,-0.805
-0.744,-1.101
-0.748,-0.999
-0.901,-0.724
-1.164,-0.751
-1.643,-1.01
-1.645,-0.747
-1.997,-1.181
-2.026,-0.95
-2.267,-0.925
-2.693,-1.11
-2.86,-0.851
2.861,-0.829
2.776,-0.761
2.19,-0.783
2.214,-0.848
1.77,-0.658
1.519,3.338
1.275,3.55
1.032,3.322
0.196,3.509
-0.069,3.47
-0.266,3.45
-0.338,3.378
-0.46,3.612
-0.672,3.656
-0.836,3.441
-0.868,3.342
-1.215,3.663
3.13,3.591
-3.104,3.433
3.009,3.641
2.981,3.637
2.902,3.615
2.705,3.298
2.17,3.602
1.927,3.712
1.787,3.384
-0.127,-0.472
-0.683,3.043
-1.013,-0.244
-1.459,3.202
2.944,2.932
2.948,0.833
2.899,3.085
2.189,-0.344
1.947,2.592
2.029,2.32
1.015,-0.839
-2.299,-1.134
2.306,-1.067
0.022,3.321
2.682,3.597
1.467,-0.398
1.435,1.042
1.395,2.869
1.277,0.618
1.423,-0.452
1.268,1.34
1.174,0.914
1.163,2.772
0.979,-0.637
0.922,0.995
0.998,1.893
0.98,3.057
0.736,1.935
0.572,1.993
0.689,-0.683
0.681,0.688
0.683,0.686
0.638,0.101
0.668,3.162
0.573,-0.334
0.419,1.341
0.383,0.651
0.361,0.871
0.423,-0.399
0.27,1.065
0.346,1.699
0.332,0.724
0.2,1.129
0.08,2.066
-0.179,0.285
-0.032,0.985
-0.244,3.038
-0.271,-0.501
-0.306,2.847
-0.254,1.772
-0.416,1.052
-0.42,-0.62
-0.311,2.058
-0.444,2.38
-0.474,1.521
-0.475,1.072
-0.504,0.303
-0.409,0.438
-0.397,3.112
-0.52,0.786
-0.442,-0.004
-0.573,2.949
-0.588,1.657
-0.634,-0.006
-0.616,-0.515
-0.816,-0.553
-0.874,-0.439
-0.876,2.641
-0.77,3.101
-0.847,1.336
-0.864,1.423
-0.943,1.205
-0.917,-0.499
-1.088,0.774
-1.128,2.977
-1.267,-0.347
-1.246,2.109
-1.288,3.054
-1.16,0.034
-1.461,0.367
-1.325,-0.612
-1.462,-0.609
-1.456,2.015
-1.524,1.368
-1.527,0.321
-1.77,0.316
-1.616,3.051
-1.786,2.18
-1.797,3.237
-1.666,-0.357
-1.825,0.836
-1.853,-0.339
-2.038,2.838
-2.045,0.448
-2.024,1.452
-2.001,2.06
-2.004,1.727
-2.167,1.44
-2.077,1.295
-2.202,0.44
-2.185,2.089
-2.401,2.735
-2.475,3.243
-2.417,3.018
-2.558,-0.194
-2.514,2.762
-2.693,-0.419
-2.86,1.693
-2.935,2.373
-2.948,-0.573
-2.916,-0.459
-2.915,3.265
-2.973,1.432
-3.14,1.96
3.113,-0.521
2.979,0.572
2.79,1.16
2.816,-0.747
2.756,-0.747
2.862,1.807
2.829,1.241
2.844,1.932
2.3,0.22
2.292,0.445
2.145,1.441
2.169,0.275
2.051,0.361
2.143,2.026
1.991,1.306
2.102,0.967
2.102,1.867
1.964,0.73
2.035,1.062
1.836,2.046
1.95,-0.374
1.733,-0.58
1.076,-0.747
1.193,-0.788
0.99,-0.693
0.531,-1.026
0.559,-1.097
0.296,-0.945
0.376,-0.748
0.264,-0.785
-0.418,-0.956
-0.352,-0.704
-0.326,-0.822
-0.663,-0.815
-0.825,-1.054
-1.632,-0.915
-1.627,-1.124
-1.89,-0.898
-1.896,-0.919
2.263,-1.012
1.778,-0.843
1.723,3.402
1.548,3.633
0.749,3.688
0.441,3.465
-0.218,3.368
-0.418,3.326
-1.422,3.454
-1.44,3.362
-1.557,3.37
-1.982,3.497
-2.385,3.366
-3.059,3.541
2.767,3.395
2.505,3.379
0.834,1.408
0.45,1.409
-0.395,0.784
-2.461,1.409
-2.643,2.025
2.92,2.775
2.651,2.988
2.059,-0.125
-2.185,1.718
-2.872,2.081
2.529,2.013
2.512,2.897
2.516,2.331
2.452,2.898
2.461,1.331
2.433,2.738
2.349,2.123
2.311,2.156
2.231,1.474
2.199,2.696
2.275,2.805
2.143,1.898
2.051,1.465
0.131,0.514
-1.16,1.643
2.469,0.118
2.043,1.575
1.787,1.632
0.061,-0.717
-0.057,-0.587
-1.502,-0.47
-0.489,3.217
0.13,-0.656
-0.469,-0.832
-0.058,0.419
-0.096,0.788
-0.073,0.424
-0.181,-0.564
-0.131,-0.344
-0.144,0.498
-0.235,1.137
-0.138,-0.058
-0.227,-0.421
-0.352,0.416
-0.412,1.765
-0.35,1.912
-0.425,2.394
-0.409,1.072
-0.476,2.203
-0.461,-0.395
-0.568,2.161
-0.574,0.072
-0.593,0.818
-0.659,2.469
-0.651,1.554
-0.652,-0.431
-0.747,-0.57
-0.779,1.52
-0.709,0.554
-0.753,0.734
-0.784,-0.193
-0.857,0.869
-0.866,1.859
-0.863,3.166
-0.796,1.333
-0.889,0.097
-0.917,2.915
-0.863,2.314
-0.951,1.55
-0.936,1.535
-1.011,0.929
-1.03,1.601
-0.961,1.37
-1.063,-0.154
-1.01,2.204
-1.06,1.765
-1.134,1.664
-1.146,0.282
-1.11,2.025
-1.113,2.564
-1.114,-0.166
-1.146,1.957
-1.225,1.1
-1.19,0.262
-1.239,1.212
-1.29,0.561
-1.31,-0.567
-1.262,1.407
-1.282,0.922
-1.362,-0.709
-1.404,1.573
-1.358,-0.508
-1.357,2.684
-1.459,2.427
-1.507,1.755
-1.576,2.131
-1.641,2.297
-1.582,1.973
-1.631,0.415
-1.642,2.402
-1.773,2.076
-1.777,2.96
-1.729,0.98
-1.83,3.179
-1.915,0.947
-1.962,0.211
-1.973,-0.492
-1.967,2.206
-2.015,2.009
-1.976,2.475
-2.024,2.637
-2.16,1.129
-2.109,0.857
-2.106,2.012
-2.22,-0.653
-2.177,-0.201
-2.271,1.385
-2.197,2.75
-2.291,1.474
-2.257,-0.714
-2.303,2.313
-2.239,2.661
-2.314,1.766
-2.324,1.984
-2.351,-0.846
-2.412,1.582
-2.388,-0.667
-2.412,3.118
-2.502,0.109
-2.646,1.44
-2.603,0.74
-2.689,2.77
-2.732,1.345
-2.714,0.342
-2.828,1.787
-2.828,-0.18
-2.897,0.883
-2.964,2.811
-3.049,3.047
3.131,1.16
3.14,-0.139
3.123,1.598
3.034,0.315
2.975,0.585
2.937,-0.131
2.914,0.513
2.988,1.331
2.975,1.248
2.879,2.202
2.917,0.81
2.848,2.181
2.813,1.391
2.818,2.387
2.758,1.1
2.808,2.808
2.806,-0.74
2.712,1.063
2.76,2.549
2.746,0.425
2.772,2.718
2.698,2.465
2.705,1.017
2.693,2.323
2.709,0.975
2.642,2.32
2.699,1.113
2.591,3.051
2.656,1.076
2.656,-0.715
2.59,2.359
2.55,1.798
2.512,0.415
2.563,2.548
2.56,2.023
2.557,0.602
2.446,1.256
2.505,0.652
2.514,0.567
2.418,0.35
2.384,0.2
2.225,0.433
2.282,1.171
2.215,0.614
2.129,-0.071
2.01,1.446
1.98,2.103
1.992,1.262
1.963,3.074
1.987,2.141
1.932,2.53
1.911,2.989
1.855,-0.775
1.919,1.739
1.87,3.044
1.835,2.435
1.801,-0.041
1.679,2.043
1.738,2.885
1.712,2.467
1.636,-0.178
0.677,-0.824
-0.002,-0.789
-0.029,-0.849
-0.452,-1.109
-0.498,-0.918
-0.78,-1.214
-0.784,-1.112
-0.937,-0.837
-1.2,-0.864
-1.679,-1.123
-1.681,-0.86
-2.033,-1.294
-2.062,-1.063
-2.303,-1.038
-2.729,-1.223
-2.896,-0.964
2.825,-0.942
2.74,-0.874
2.154,-0.896
2.178,-0.961
1.734,-0.771
1.483,3.225
1.239,3.437
0.996,3.209
0.16,3.396
-0.105,3.357
-0.302,3.337
-0.374,3.265
-0.496,3.499
-0.708,3.543
-0.872,3.328
-0.904,3.229
-1.251,3.55
3.094,3.478
-3.14,3.32
2.973,3.528
2.945,3.524
2.866,3.502
2.669,3.185
2.134,3.489
1.891,3.599
1.751,3.271
-0.163,-0.585
-0.719,2.93
-1.049,-0.357
-1.495,3.089
2.908,2.819
2.912,0.72
2.863,2.972
2.153,-0.457
1.911,2.479
1.993,2.207
0.979,-0.952
-2.335,-1.247
2.27,-1.18
-0.014,3.208
2.646,3.484
1.431,-0.511
1.399,0.929
1.359,2.756
1.241,0.505
1.387,-0.565
1.232,1.227
1.138,0.801
1.127,2.659
0.943,-0.75
0.886,0.882
0.962,1.78
0.944,2.944
0.7,1.822
0.536,1.88
0.653,-0.796
0.645,0.575
0.647,0.573
0.602,-0.012
0.632,3.049
0.537,-0.447
0.383,1.228
0.347,0.538
0.325,0.758
0.387,-0.512
0.234,0.952
0.31,1.586
0.296,0.611
0.164,1.016
0.044,1.953
-0.215,0.172
-0.068,0.872
-0.28,2.925
-0.307,-0.614
-0.342,2.734
-0.29,1.659
-0.452,0.939
-0.456,-0.733
-0.347,1.945
-0.48,2.267
-0.51,1.408
-0.511,0.959
-0.54,0.19
-0.445,0.325
-0.433,2.999
-0.556,0.673
-0.478,-0.117
-0.609,2.836
-0.624,1.544
-0.67,-0.119
-0.652,-0.628
-0.852,-0.666
-0.91,-0.552
-0.912,2.528
-0.806,2.988
-0.883,1.223
-0.9,1.31
-0.979,1.092
-0.953,-0.612
-1.124,0.661
-1.164,2.864
-1.303,-0.46
-1.282,1.996
-1.324,2.941
-1.196,-0.079
-1.497,0.254
-1.361,-0.725
-1.498,-0.722
-1.492,1.902
-1.56,1.255
-1.563,0.208
-1.806,0.203
-1.652,2.938
-1.822,2.067
-1.833,3.124
-1.702,-0.47
-1.861,0.723
-1.889,-0.452
-2.074,2.725
-2.081,0.335
-2.06,1.339
-2.037,1.947
-2.04,1.614
-2.203,1.327
-2.113,1.182
-2.238,0.327
-2.221,1.976
-2.437,2.622
-2.511,3.13
-2.453,2.905
-2.594,-0.307
-2.55,2.649
-2.729,-0.532
-2.896,1.58
-2.971,2.26
-2.984,-0.686
-2.952,-0.572
-2.951,3.152
-3.009,1.319
3.107,1.847
3.077,-0.634
2.943,0.459
2.754,1.047
2.78,-0.86
2.72,-0.86
2.826,1.694
2.793,1.128
2.808,1.819
2.264,0.107
2.256,0.332
2.109,1.328
2.133,0.162
2.015,0.248
2.107,1.913
1.955,1.193
2.066,0.854
2.066,1.754
1.928,0.617
1.999,0.949
1.8,1.933
1.914,-0.487
1.697,-0.693
1.04,-0.86
1.157,-0.901
0.954,-0.806
0.495,-1.139
0.523,-1.21
0.26,-1.058
0.34,-0.861
0.228,-0.898
-0.454,-1.069
-0.388,-0.817
-0.362,-0.935
-0.699,-0.928
-0.861,-1.167
-1.668,-1.028
-1.663,-1.237
-1.926,-1.011
-1.932,-1.032
2.227,-1.125
1.742,-0.956
1.687,3.289
1.512,3.52
0.713,3.575
0.405,3.352
-0.254,3.255
-0.454,3.213
-1.458,3.341
-1.476,3.249
-1.593,3.257
-2.018,3.384
-2.421,3.253
-3.095,3.428
2.731,3.282
2.469,3.266
0.798,1.295
0.414,1.296
-0.431,0.671
-2.497,1.296
-2.679,1.912
2.884,2.662
2.615,2.875
2.023,-0.238
-2.221,1.605
-2.908,1.968
2.493,1.9
2.476,2.784
2.48,2.218
2.416,2.785
2.425,1.218
2.397,2.625
2.313,2.01
2.275,2.043
2.195,1.361
2.163,2.583
2.239,2.692
2.107,1.785
2.015,1.352
0.095,0.401
-1.196,1.53
2.433,0.005
2.007,1.462
1.751,1.519
0.025,-0.83
-0.093,-0.7
-1.538,-0.583
-0.525,3.104
0.094,-0.769
-0.505,-0.945
-0.038,0.369
-0.015,0.005
-0.123,-0.983
-0.073,-0.763
-0.086,0.079
-0.177,0.718
-0.08,-0.477
-0.169,-0.84
-0.294,-0.003
-0.354,1.346
-0.292,1.493
-0.367,1.975
-0.351,0.653
-0.418,1.784
-0.403,-0.814
-0.51,1.742
-0.516,-0.347
-0.535,0.399
-0.601,2.05
-0.593,1.135
-0.594,-0.85
-0.689,-0.989
-0.721,1.101
-0.651,0.135
-0.695,0.315
-0.726,-0.612
-0.799,0.45
-0.808,1.44
-0.805,2.747
-0.738,0.914
-0.831,-0.322
-0.859,2.496
-0.805,1.895
-0.893,1.131
-0.878,1.116
-0.953,0.51
-0.972,1.182
-0.903,0.951
-1.005,-0.573
-0.952,1.785
-1.002,1.346
-1.076,1.245
-1.088,-0.137
-1.052,1.606
-1.055,2.145
-1.056,-0.585
-1.088,1.538
-1.167,0.681
-1.132,-0.157
-1.181,0.793
-1.232,0.142
-1.252,-0.986
-1.204,0.988
-1.224,0.503
-1.304,-1.128
-1.346,1.154
-1.3,-0.927
-1.299,2.265
-1.401,2.008
-1.449,1.336
-1.518,1.712
-1.583,1.878
-1.524,1.554
-1.573,-0.004
-1.584,1.983
-1.715,1.657
-1.719,2.541
-1.671,0.561
-1.772,2.76
-1.857,0.528
-1.904,-0.208
-1.915,-0.911
-1.909,1.787
-1.957,1.59
-1.918,2.056
-1.966,2.218
-2.102,0.71
-2.051,0.438
-2.048,1.593
-2.162,-1.072
-2.119,-0.62
-2.213,0.966
-2.139,2.331
-2.233,1.055
-2.199,-1.133
-2.245,1.894
-2.181,2.242
-2.256,1.347
-2.266,1.565
-2.293,-1.265
-2.354,1.163
-2.33,-1.086
-2.354,2.699
-2.444,-0.31
-2.588,1.021
-2.545,0.321
-2.631,2.351
-2.674,0.926
-2.656,-0.077
-2.77,1.368
-2.77,-0.599
-2.839,0.464
-2.906,2.392
-2.991,2.628
-3.094,0.741
-3.085,-0.558
-3.102,1.179
3.092,-0.104
3.033,0.166
2.995,-0.55
2.972,0.094
3.046,0.912
3.033,0.829
2.937,1.783
2.975,0.391
2.906,1.762
2.871,0.972
2.876,1.968
2.816,0.681
2.866,2.389
2.864,-1.159
2.77,0.644
2.818,2.13
2.804,0.006
2.83,2.299
2.756,2.046
2.763,0.598
2.751,1.904
2.767,0.556
2.7,1.901
2.757,0.694
2.649,2.632
2.714,0.657
2.714,-1.134
2.648,1.94
2.608,1.379
2.57,-0.004
2.621,2.129
2.618,1.604
2.615,0.183
2.504,0.837
2.563,0.233
2.572,0.148
2.476,-0.069
2.442,-0.219
2.283,0.014
2.34,0.752
2.273,0.195
2.187,-0.49
2.068,1.027
2.038,1.684
2.05,0.843
2.021,2.655
2.045,1.722
1.99,2.111
1.969,2.57
1.913,-1.194
1.977,1.32
1.928,2.625
1.893,2.016
1.859,-0.46
1.737,1.624
1.796,2.466
1.77,2.048
1.694,-0.597
0.735,-1.243
0.056,-1.208
0.029,-1.268
-0.394,-1.528
-0.44,-1.337
-0.722,-1.633
-0.726,-1.531
-0.879,-1.256
-1.142,-1.283
-1.621,-1.542
-1.623,-1.279
-1.975,-1.713
-2.004,-1.482
-2.245,-1.457
-2.671,-1.642
-2.838,-1.383
2.883,-1.361
2.798,-1.293
2.212,-1.315
2.236,-1.38
1.792,-1.19
1.541,2.806
1.297,3.018
1.054,2.79
0.218,2.977
-0.047,2.938
-0.244,2.918
-0.316,2.846
-0.438,3.08
-0.65,3.124
-0.814,2.909
-0.846,2.81
-1.193,3.131
-3.131,3.059
-3.082,2.901
3.031,3.109
3.003,3.105
2.924,3.083
2.727,2.766
2.192,3.07
1.949,3.18
1.809,2.852
-0.105,-1.004
-0.661,2.511
-0.991,-0.776
-1.437,2.67
2.966,2.4
2.97,0.301
2.921,2.553
2.211,-0.876
1.969,2.06
2.051,1.788
1.037,-1.371
-2.277,-1.666
2.328,-1.599
0.044,2.789
2.704,3.065
1.489,-0.93
1.457,0.51
1.417,2.337
1.299,0.086
1.445,-0.984
1.29,0.808
1.196,0.382
1.185,2.24
1.001,-1.169
0.944,0.463
1.02,1.361
1.002,2.525
0.758,1.403
0.594,1.461
0.711,-1.215
0.703,0.156
0.705,0.154
0.66,-0.431
0.69,2.63
0.595,-0.866
0.441,0.809
0.405,0.119
0.383,0.339
0.445,-0.931
0.292,0.533
0.368,1.167
0.354,0.192
0.222,0.597
0.102,1.534
-0.157,-0.247
-0.01,0.453
-0.222,2.506
-0.249,-1.033
-0.284,2.315
-0.232,1.24
-0.394,0.52
-0.398,-1.152
-0.289,1.526
-0.422,1.848
-0.452,0.989
-0.453,0.54
-0.482,-0.229
-0.387,-0.094
-0.375,2.58
-0.498,0.254
-0.42,-0.536
-0.551,2.417
-0.566,1.125
-0.612,-0.538
-0.594,-1.047
-0.794,-1.085
-0.852,-0.971
-0.854,2.109
-0.748,2.569
-0.825,0.804
-0.842,0.891
-0.921,0.673
-0.895,-1.031
-1.066,0.242
-1.106,2.445
-1.245,-0.879
-1.224,1.577
-1.266,2.522
-1.138,-0.498
-1.439,-0.165
-1.303,-1.144
-1.44,-1.141
-1.434,1.483
-1.502,0.836
-1.505,-0.211
-1.748,-0.216
-1.594,2.519
-1.764,1.648
-1.775,2.705
-1.644,-0.889
-1.803,0.304
-1.831,-0.871
-2.016,2.306
-2.023,-0.084
-2.002,0.92
-1.979,1.528
-1.982,1.195
-2.145,0.908
-2.055,0.763
-2.18,-0.092
-2.163,1.557
-2.379,2.203
-2.453,2.711
-2.395,2.486
-2.536,-0.726
-2.492,2.23
-2.671,-0.951
-2.838,1.161
-2.913,1.841
-2.926,-1.105
-2.894,-0.991
-2.893,2.733
-2.951,0.9
-3.118,1.428
3.135,-1.053
3.001,0.04
2.812,0.628
2.838,-1.279
2.778,-1.279
2.884,1.275
2.851,0.709
2.866,1.4
2.322,-0.312
2.314,-0.087
2.167,0.909
2.191,-0.257
2.073,-0.171
2.165,1.494
2.013,0.774
2.124,0.435
2.124,1.335
1.986,0.198
2.057,0.53
1.858,1.514
1.972,-0.906
1.755,-1.112
1.098,-1.279
1.215,-1.32
1.012,-1.225
0.553,-1.558
0.581,-1.629
0.318,-1.477
0.398,-1.28
0.286,-1.317
-0.396,-1.488
-0.33,-1.236
-0.304,-1.354
-0.641,-1.347
-0.803,-1.586
-1.61,-1.447
-1.605,-1.656
-1.868,-1.43
-1.874,-1.451
2.285,-1.544
1.8,-1.375
1.745,2.87
1.57,3.101
0.771,3.156
0.463,2.933
-0.196,2.836
-0.396,2.794
-1.4,2.922
-1.418,2.83
-1.535,2.838
-1.96,2.965
-2.363,2.834
-3.037,3.009
2.789,2.863
2.527,2.847
0.856,0.876
0.472,0.877
-0.373,0.252
-2.439,0.877
-2.621,1.493
2.942,2.243
2.673,2.456
2.081,-0.657
-2.163,1.186
-2.85,1.549
2.551,1.481
2.534,2.365
2.538,1.799
2.474,2.366
2.483,0.799
2.455,2.206
2.371,1.591
2.333,1.624
2.253,0.942
2.221,2.164
2.297,2.273
2.165,1.366
2.073,0.933
0.153,-0.018
-1.138,1.111
2.491,-0.414
2.065,1.043
1.809,1.1
0.083,-1.249
-0.035,-1.119
-1.48,-1.002
-0.467,2.685
0.152,-1.188
-0.447,-1.364
0.023,-0.364
-0.085,-1.352
-0.035,-1.132
-0.048,-0.29
-0.139,0.349
-0.042,-0.846
-0.131,-1.209
-0.256,-0.372
-0.316,0.977
-0.254,1.124
-0.329,1.606
-0.313,0.284
-0.38,1.415
-0.365,-1.183
-0.472,1.373
-0.478,-0.716
-0.497,0.03
-0.563,1.681
-0.555,0.766
-0.556,-1.219
-0.651,-1.358
-0.683,0.732
-0.613,-0.234
-0.657,-0.054
-0.688,-0.981
-0.761,0.081
-0.77,1.071
-0.767,2.378
-0.7,0.545
-0.793,-0.691
-0.821,2.127
-0.767,1.526
-0.855,0.762
-0.84,0.747
-0.915,0.141
-0.934,0.813
-0.865,0.582
-0.967,-0.942
-0.914,1.416
-0.964,0.977
-1.038,0.876
-1.05,-0.506
-1.014,1.237
-1.017,1.776
-1.018,-0.954
-1.05,1.169
-1.129,0.312
-1.094,-0.526
-1.143,0.424
-1.194,-0.227
-1.214,-1.355
-1.166,0.619
-1.186,0.134
-1.266,-1.497
-1.308,0.785
-1.262,-1.296
-1.261,1.896
-1.363,1.639
-1.411,0.967
-1.48,1.343
-1.545,1.509
-1.486,1.185
-1.535,-0.373
-1.546,1.614
-1.677,1.288
-1.681,2.172
-1.633,0.192
-1.734,2.391
-1.819,0.159
-1.866,-0.577
-1.877,-1.28
-1.871,1.418
-1.919,1.221
-1.88,1.687
-1.928,1.849
-2.064,0.341
-2.013,0.069
-2.01,1.224
-2.124,-1.441
-2.081,-0.989
-2.175,0.597
-2.101,1.962
-2.195,0.686
-2.161,-1.502
-2.207,1.525
-2.143,1.873
-2.218,0.978
-2.228,1.196
-2.255,-1.634
-2.316,0.794
-2.292,-1.455
-2.316,2.33
-2.406,-0.679
-2.55,0.652
-2.507,-0.048
-2.593,1.982
-2.636,0.557
-2.618,-0.446
-2.732,0.999
-2.732,-0.968
-2.801,0.095
-2.868,2.023
-2.953,2.259
-3.056,0.372
-3.047,-0.927
-3.064,0.81
3.13,-0.473
3.071,-0.203
3.033,-0.919
3.01,-0.275
3.084,0.543
3.071,0.46
2.975,1.414
3.013,0.022
2.944,1.393
2.909,0.603
2.914,1.599
2.854,0.312
2.904,2.02
2.902,-1.528
2.808,0.275
2.856,1.761
2.842,-0.363
2.868,1.93
2.794,1.677
2.801,0.229
2.789,1.535
2.805,0.187
2.738,1.532
2.795,0.325
2.687,2.263
2.752,0.288
2.752,-1.503
2.686,1.571
2.646,1.01
2.608,-0.373
2.659,1.76
2.656,1.235
2.653,-0.186
2.542,0.468
2.601,-0.136
2.61,-0.221
2.514,-0.438
2.48,-0.588
2.321,-0.355
2.378,0.383
2.311,-0.174
2.225,-0.859
2.106,0.658
2.076,1.315
2.088,0.474
2.059,2.286
2.083,1.353
2.028,1.742
2.007,2.201
1.951,-1.563
2.015,0.951
1.966,2.256
1.931,1.647
1.897,-0.829
1.775,1.255
1.834,2.097
1.808,1.679
1.732,-0.966
0.773,-1.612
0.094,-1.577
0.067,-1.637
-0.356,-1.897
-0.402,-1.706
-0.684,-2.002
-0.688,-1.9
-0.841,-1.625
-1.104,-1.652
-1.583,-1.911
-1.585,-1.648
-1.937,-2.082
-1.966,-1.851
-2.207,-1.826
-2.633,-2.011
-2.8,-1.752
2.921,-1.73
2.836,-1.662
2.25,-1.684
2.274,-1.749
1.83,-1.559
1.579,2.437
1.335,2.649
1.092,2.421
0.256,2.608
-0.009,2.569
-0.206,2.549
-0.278,2.477
-0.4,2.711
-0.612,2.755
-0.776,2.54
-0.808,2.441
-1.155,2.762
-3.093,2.69
-3.044,2.532
3.069,2.74
3.041,2.736
2.962,2.714
2.765,2.397
2.23,2.701
1.987,2.811
1.847,2.483
-0.067,-1.373
-0.623,2.142
-0.953,-1.145
-1.399,2.301
3.004,2.031
3.008,-0.068
2.959,2.184
2.249,-1.245
2.007,1.691
2.089,1.419
1.075,-1.74
-2.239,-2.035
2.366,-1.968
0.082,2.42
2.742,2.696
1.527,-1.299
1.495,0.141
1.455,1.968
1.337,-0.283
1.483,-1.353
1.328,0.439
1.234,0.013
1.223,1.871
1.039,-1.538
0.982,0.094
1.058,0.992
1.04,2.156
0.796,1.034
0.632,1.092
0.749,-1.584
0.741,-0.213
0.743,-0.215
0.698,-0.8
0.728,2.261
0.633,-1.235
0.479,0.44
0.443,-0.25
0.421,-0.03
0.483,-1.3
0.33,0.164
0.406,0.798
0.392,-0.177
0.26,0.228
0.14,1.165
-0.119,-0.616
0.028,0.084
-0.184,2.137
-0.211,-1.402
-0.246,1.946
-0.194,0.871
-0.356,0.151
-0.36,-1.521
-0.251,1.157
-0.384,1.479
-0.414,0.62
-0.415,0.171
-0.444,-0.598
-0.349,-0.463
-0.337,2.211
-0.46,-0.115
-0.382,-0.905
-0.513,2.048
-0.528,0.756
-0.574,-0.907
-0.556,-1.416
-0.756,-1.454
-0.814,-1.34
-0.816,1.74
-0.71,2.2
-0.787,0.435
-0.804,0.522
-0.883,0.304
-0.857,-1.4
-1.028,-0.127
-1.068,2.076
-1.207,-1.248
-1.186,1.208
-1.228,2.153
-1.1,-0.867
-1.401,-0.534
-1.265,-1.513
-1.402,-1.51
-1.396,1.114
-1.464,0.467
-1.467,-0.58
-1.71,-0.585
-1.556,2.15
-1.726,1.279
-1.737,2.336
-1.606,-1.258
-1.765,-0.065
-1.793,-1.24
-1.978,1.937
-1.985,-0.453
-1.964,0.551
-1.941,1.159
-1.944,0.826
-2.107,0.539
-2.017,0.394
-2.142,-0.461
-2.125,1.188
-2.341,1.834
-2.415,2.342
-2.357,2.117
-2.498,-1.095
-2.454,1.861
-2.633,-1.32
-2.8,0.792
-2.875,1.472
-2.888,-1.474
-2.856,-1.36
-2.855,2.364
-2.913,0.531
-3.08,1.059
-3.11,-1.422
3.039,-0.329
2.85,0.259
2.876,-1.648
2.816,-1.648
2.922,0.906
2.889,0.34
2.904,1.031
2.36,-0.681
2.352,-0.456
2.205,0.54
2.229,-0.626
2.111,-0.54
2.203,1.125
2.051,0.405
2.162,0.066
2.162,0.966
2.024,-0.171
2.095,0.161
1.896,1.145
2.01,-1.275
1.793,-1.481
1.136,-1.648
1.253,-1.689
1.05,-1.594
0.591,-1.927
0.619,-1.998
0.356,-1.846
0.436,-1.649
0.324,-1.686
-0.358,-1.857
-0.292,-1.605
-0.266,-1.723
-0.603,-1.716
-0.765,-1.955
-1.572,-1.816
-1.567,-2.025
-1.83,-1.799
-1.836,-1.82
2.323,-1.913
1.838,-1.744
1.783,2.501
1.608,2.732
0.809,2.787
0.501,2.564
-0.158,2.467
-0.358,2.425
-1.362,2.553
-1.38,2.461
-1.497,2.469
-1.922,2.596
-2.325,2.465
-2.999,2.64
2.827,2.494
2.565,2.478
0.894,0.507
0.51,0.508
-0.335,-0.117
-2.401,0.508
-2.583,1.124
2.98,1.874
2.711,2.087
2.119,-1.026
-2.125,0.817
-2.812,1.18
2.589,1.112
2.572,1.996
2.576,1.43
2.512,1.997
2.521,0.43
2.493,1.837
2.409,1.222
2.371,1.255
2.291,0.573
2.259,1.795
2.335,1.904
2.203,0.997
2.111,0.564
0.191,-0.387
-1.1,0.742
2.529,-0.783
2.103,0.674
1.847,0.731
0.121,-1.618
0.003,-1.488
-1.442,-1.371
-0.429,2.316
0.19,-1.557
-0.409,-1.733
-0.108,-0.988
-0.058,-0.768
-0.071,0.074
-0.162,0.713
-0.065,-0.482
-0.154,-0.845
-0.279,-0.008
-0.339,1.341
-0.277,1.488
-0.352,1.97
-0.336,0.648
-0.403,1.779
-0.388,-0.819
-0.495,1.737
-0.501,-0.352
-0.52,0.394
-0.586,2.045
-0.578,1.13
-0.579,-0.855
-0.674,-0.994
-0.706,1.096
-0.636,0.13
-0.68,0.31
-0.711,-0.617
-0.784,0.445
-0.793,1.435
-0.79,2.742
-0.723,0.909
-0.816,-0.327
-0.844,2.491
-0.79,1.89
-0.878,1.126
-0.863,1.111
-0.938,0.505
-0.957,1.177
-0.888,0.946
-0.99,-0.578
-0.937,1.78
-0.987,1.341
-1.061,1.24
-1.073,-0.142
-1.037,1.601
-1.04,2.14
-1.041,-0.59
-1.073,1.533
-1.152,0.676
-1.117,-0.162
-1.166,0.788
-1.217,0.137
-1.237,-0.991
-1.189,0.983
-1.209,0.498
-1.289,-1.133
-1.331,1.149
-1.285,-0.932
-1.284,2.26
-1.386,2.003
-1.434,1.331
-1.503,1.707
-1.568,1.873
-1.509,1.549
-1.558,-0.009
-1.569,1.978
-1.7,1.652
-1.704,2.536
-1.656,0.556
-1.757,2.755
-1.842,0.523
-1.889,-0.213
-1.9,-0.916
-1.894,1.782
-1.942,1.585
-1.903,2.051
-1.951,2.213
-2.087,0.705
-2.036,0.433
-2.033,1.588
-2.147,-1.077
-2.104,-0.625
-2.198,0.961
-2.124,2.326
-2.218,1.05
-2.184,-1.138
-2.23,1.889
-2.166,2.237
-2.241,1.342
-2.251,1.56
-2.278,-1.27
-2.339,1.158
-2.315,-1.091
-2.339,2.694
-2.429,-0.315
-2.573,1.016
-2.53,0.316
-2.616,2.346
-2.659,0.921
-2.641,-0.082
-2.755,1.363
-2.755,-0.604
-2.824,0.459
-2.891,2.387
-2.976,2.623
-3.079,0.736
-3.07,-0.563
-3.087,1.174
3.107,-0.109
3.048,0.161
3.01,-0.555
2.987,0.089
3.061,0.907
3.048,0.824
2.952,1.778
2.99,0.386
2.921,1.757
2.886,0.967
2.891,1.963
2.831,0.676
2.881,2.384
2.879,-1.164
2.785,0.639
2.833,2.125
2.819,0.001
2.845,2.294
2.771,2.041
2.778,0.593
2.766,1.899
2.782,0.551
2.715,1.896
2.772,0.689
2.664,2.627
2.729,0.652
2.729,-1.139
2.663,1.935
2.623,1.374
2.585,-0.009
2.636,2.124
2.633,1.599
2.63,0.178
2.519,0.832
2.578,0.228
2.587,0.143
2.491,-0.074
2.457,-0.224
2.298,0.009
2.355,0.747
2.288,0.19
2.202,-0.495
2.083,1.022
2.053,1.679
2.065,0.838
2.036,2.65
2.06,1.717
2.005,2.106
1.984,2.565
1.928,-1.199
1.992,1.315
1.943,2.62
1.908,2.011
1.874,-0.465
1.752,1.619
1.811,2.461
1.785,2.043
1.709,-0.602
0.75,-1.248
0.071,-1.213
0.044,-1.273
-0.379,-1.533
-0.425,-1.342
-0.707,-1.638
-0.711,-1.536
-0.864,-1.261
-1.127,-1.288
-1.606,-1.547
-1.608,-1.284
-1.96,-1.718
-1.989,-1.487
-2.23,-1.462
-2.656,-1.647
-2.823,-1.388
2.898,-1.366
2.813,-1.298
2.227,-1.32
2.251,-1.385
1.807,-1.195
1.556,2.801
1.312,3.013
1.069,2.785
0.233,2.972
-0.032,2.933
-0.229,2.913
-0.301,2.841
-0.423,3.075
-0.635,3.119
-0.799,2.904
-0.831,2.805
-1.178,3.126
-3.116,3.054
-3.067,2.896
3.046,3.104
3.018,3.1
2.939,3.078
2.742,2.761
2.207,3.065
1.964,3.175
1.824,2.847
-0.09,-1.009
-0.646,2.506
-0.976,-0.781
-1.422,2.665
2.981,2.395
2.985,0.296
2.936,2.548
2.226,-0.881
1.984,2.055
2.066,1.783
1.052,-1.376
-2.262,-1.671
2.343,-1.604
0.059,2.784
2.719,3.06
1.504,-0.935
1.472,0.505
1.432,2.332
1.314,0.081
1.46,-0.989
1.305,0.803
1.211,0.377
1.2,2.235
1.016,-1.174
0.959,0.458
1.035,1.356
1.017,2.52
0.773,1.398
0.609,1.456
0.726,-1.22
0.718,0.151
0.72,0.149
0.675,-0.436
0.705,2.625
0.61,-0.871
0.456,0.804
0.42,0.114
0.398,0.334
0.46,-0.936
0.307,0.528
0.383,1.162
0.369,0.187
0.237,0.592
0.117,1.529
-0.142,-0.252
0.005,0.448
-0.207,2.501
-0.234,-1.038
-0.269,2.31
-0.217,1.235
-0.379,0.515
-0.383,-1.157
-0.274,1.521
-0.407,1.843
-0.437,0.984
-0.438,0.535
-0.467,-0.234
-0.372,-0.099
-0.36,2.575
-0.483,0.249
-0.405,-0.541
-0.536,2.412
-0.551,1.12
-0.597,-0.543
-0.579,-1.052
-0.779,-1.09
-0.837,-0.976
-0.839,2.104
-0.733,2.564
-0.81,0.799
-0.827,0.886
-0.906,0.668
-0.88,-1.036
-1.051,0.237
-1.091,2.44
-1.23,-0.884
-1.209,1.572
-1.251,2.517
-1.123,-0.503
-1.424,-0.17
-1.288,-1.149
-1.425,-1.146
-1.419,1.478
-1.487,0.831
-1.49,-0.216
-1.733,-0.221
-1.579,2.514
-1.749,1.643
-1.76,2.7
-1.629,-0.894
-1.788,0.299
-1.816,-0.876
-2.001,2.301
-2.008,-0.089
-1.987,0.915
-1.964,1.523
-1.967,1.19
-2.13,0.903
-2.04,0.758
-2.165,-0.097
-2.148,1.552
-2.364,2.198
-2.438,2.706
-2.38,2.481
-2.521,-0.731
-2.477,2.225
-2.656,-0.956
-2.823,1.156
-2.898,1.836
-2.911,-1.11
-2.879,-0.996
-2.878,2.728
-2.936,0.895
-3.103,1.423
-3.133,-1.058
3.016,0.035
2.827,0.623
2.853,-1.284
2.793,-1.284
2.899,1.27
2.866,0.704
2.881,1.395
2.337,-0.317
2.329,-0.092
2.182,0.904
2.206,-0.262
2.088,-0.176
2.18,1.489
2.028,0.769
2.139,0.43
2.139,1.33
2.001,0.193
2.072,0.525
1.873,1.509
1.987,-0.911
1.77,-1.117
1.113,-1.284
1.23,-1.325
1.027,-1.23
0.568,-1.563
0.596,-1.634
0.333,-1.482
0.413,-1.285
0.301,-1.322
-0.381,-1.493
-0.315,-1.241
-0.289,-1.359
-0.626,-1.352
-0.788,-1.591
-1.595,-1.452
-1.59,-1.661
-1.853,-1.435
-1.859,-1.456
2.3,-1.549
1.815,-1.38
1.76,2.865
1.585,3.096
0.786,3.151
0.478,2.928
-0.181,2.831
-0.381,2.789
-1.385,2.917
-1.403,2.825
-1.52,2.833
-1.945,2.96
-2.348,2.829
-3.022,3.004
2.804,2.858
2.542,2.842
0.871,0.871
0.487,0.872
-0.358,0.247
-2.424,0.872
-2.606,1.488
2.957,2.238
2.688,2.451
2.096,-0.662
-2.148,1.181
-2.835,1.544
2.566,1.476
2.549,2.36
2.553,1.794
2.489,2.361
2.498,0.794
2.47,2.201
2.386,1.586
2.348,1.619
2.268,0.937
2.236,2.159
2.312,2.268
2.18,1.361
2.088,0.928
0.168,-0.023
-1.123,1.106
2.506,-0.419
2.08,1.038
1.824,1.095
0.098,-1.254
-0.02,-1.124
-1.465,-1.007
-0.452,2.68
0.167,-1.193
-0.432,-1.369
0.05,0.22
0.037,1.062
-0.054,1.701
0.043,0.506
-0.046,0.143
-0.171,0.98
-0.231,2.329
-0.169,2.476
-0.244,2.958
-0.228,1.636
-0.295,2.767
-0.28,0.169
-0.387,2.725
-0.393,0.636
-0.412,1.382
-0.478,3.033
-0.47,2.118
-0.471,0.133
-0.566,-0.006
-0.598,2.084
-0.528,1.118
-0.572,1.298
-0.603,0.371
-0.676,1.433
-0.685,2.423
-0.682,3.73
-0.615,1.897
-0.708,0.661
-0.736,3.479
-0.682,2.878
-0.77,2.114
-0.755,2.099
-0.83,1.493
-0.849,2.165
-0.78,1.934
-0.882,0.41
-0.829,2.768
-0.879,2.329
-0.953,2.228
-0.965,0.846
-0.929,2.589
-0.932,3.128
-0.933,0.398
-0.965,2.521
-1.044,1.664
-1.009,0.826
-1.058,1.776
-1.109,1.125
-1.129,-0.003
-1.081,1.971
-1.101,1.486
-1.181,-0.145
-1.223,2.137
-1.177,0.056
-1.176,3.248
-1.278,2.991
-1.326,2.319
-1.395,2.695
-1.46,2.861
-1.401,2.537
-1.45,0.979
-1.461,2.966
-1.592,2.64
-1.596,3.524
-1.548,1.544
-1.649,3.743
-1.734,1.511
-1.781,0.775
-1.792,0.072
-1.786,2.77
-1.834,2.573
-1.795,3.039
-1.843,3.201
-1.979,1.693
-1.928,1.421
-1.925,2.576
-2.039,-0.089
-1.996,0.363
-2.09,1.949
-2.016,3.314
-2.11,2.038
-2.076,-0.15
-2.122,2.877
-2.058,3.225
-2.133,2.33
-2.143,2.548
-2.17,-0.282
-2.231,2.146
-2.207,-0.103
-2.231,3.682
-2.321,0.673
-2.465,2.004
-2.422,1.304
-2.508,3.334
-2.551,1.909
-2.533,0.906
-2.647,2.351
-2.647,0.384
-2.716,1.447
-2.783,3.375
-2.868,3.611
-2.971,1.724
-2.962,0.425
-2.979,2.162
-3.068,0.879
-3.127,1.149
3.118,0.433
3.095,1.077
-3.114,1.895
-3.127,1.812
3.06,2.766
3.098,1.374
3.029,2.745
2.994,1.955
2.999,2.951
2.939,1.664
2.989,3.372
2.987,-0.176
2.893,1.627
2.941,3.113
2.927,0.989
2.953,3.282
2.879,3.029
2.886,1.581
2.874,2.887
2.89,1.539
2.823,2.884
2.88,1.677
2.772,3.615
2.837,1.64
2.837,-0.151
2.771,2.923
2.731,2.362
2.693,0.979
2.744,3.112
2.741,2.587
2.738,1.166
2.627,1.82
2.686,1.216
2.695,1.131
2.599,0.914
2.565,0.764
2.406,0.997
2.463,1.735
2.396,1.178
2.31,0.493
2.191,2.01
2.161,2.667
2.173,1.826
2.144,3.638
2.168,2.705
2.113,3.094
2.092,3.553
2.036,-0.211
2.1,2.303
2.051,3.608
2.016,2.999
1.982,0.523
1.86,2.607
1.919,3.449
1.893,3.031
1.817,0.386
0.858,-0.26
0.179,-0.225
0.152,-0.285
-0.271,-0.545
-0.317,-0.354
-0.599,-0.65
-0.603,-0.548
-0.756,-0.273
-1.019,-0.3
-1.498,-0.559
-1.5,-0.296
-1.852,-0.73
-1.881,-0.499
-2.122,-0.474
-2.548,-0.659
-2.715,-0.4
3.006,-0.378
2.921,-0.31
2.335,-0.332
2.359,-0.397
1.915,-0.207
1.664,3.789
1.42,4.001
1.177,3.773
0.341,3.96
0.076,3.921
-0.121,3.901
-0.193,3.829
-0.315,4.063
-0.527,4.107
-0.691,3.892
-0.723,3.793
-1.07,4.114
-3.008,4.042
-2.959,3.884
-3.129,4.092
3.126,4.088
3.047,4.066
2.85,3.749
2.315,4.053
2.072,4.163
1.932,3.835
0.018,-0.021
-0.538,3.494
-0.868,0.207
-1.314,3.653
3.089,3.383
3.093,1.284
3.044,3.536
2.334,0.107
2.092,3.043
2.174,2.771
1.16,-0.388
-2.154,-0.683
2.451,-0.616
0.167,3.772
2.827,4.048
1.612,0.053
1.58,1.493
1.54,3.32
1.422,1.069
1.568,-0.001
1.413,1.791
1.319,1.365
1.308,3.223
1.124,-0.186
1.067,1.446
1.143,2.344
1.125,3.508
0.881,2.386
0.717,2.444
0.834,-0.232
0.826,1.139
0.828,1.137
0.783,0.552
0.813,3.613
0.718,0.117
0.564,1.792
0.528,1.102
0.506,1.322
0.568,0.052
0.415,1.516
0.491,2.15
0.477,1.175
0.345,1.58
0.225,2.517
-0.034,0.736
0.113,1.436
-0.099,3.489
-0.126,-0.05
-0.161,3.298
-0.109,2.223
-0.271,1.503
-0.275,-0.169
-0.166,2.509
-0.299,2.831
-0.329,1.972
-0.33,1.523
-0.359,0.754
-0.264,0.889
-0.252,3.563
-0.375,1.237
-0.297,0.447
-0.428,3.4
-0.443,2.108
-0.489,0.445
-0.471,-0.064
-0.671,-0.102
-0.729,0.012
-0.731,3.092
-0.625,3.552
-0.702,1.787
-0.719,1.874
-0.798,1.656
-0.772,-0.048
-0.943,1.225
-0.983,3.428
-1.122,0.104
-1.101,2.56
-1.143,3.505
-1.015,0.485
-1.316,0.818
-1.18,-0.161
-1.317,-0.158
-1.311,2.466
-1.379,1.819
-1.382,0.772
-1.625,0.767
-1.471,3.502
-1.641,2.631
-1.652,3.688
-1.521,0.094
-1.68,1.287
-1.708,0.112
-1.893,3.289
-1.9,0.899
-1.879,1.903
-1.856,2.511
-1.859,2.178
-2.022,1.891
-1.932,1.746
-2.057,0.891
-2.04,2.54
-2.256,3.186
-2.33,3.694
-2.272,3.469
-2.413,0.257
-2.369,3.213
-2.548,0.032
-2.715,2.144
-2.79,2.824
-2.803,-0.122
-2.771,-0.008
-2.77,3.716
-2.828,1.883
-2.995,2.411
-3.025,-0.07
3.124,1.023
2.935,1.611
2.961,-0.296
2.901,-0.296
3.007,2.258
2.974,1.692
2.989,2.383
2.445,0.671
2.437,0.896
2.29,1.892
2.314,0.726
2.196,0.812
2.288,2.477
2.136,1.757
2.247,1.418
2.247,2.318
2.109,1.181
2.18,1.513
1.981,2.497
2.095,0.077
1.878,-0.129
1.221,-0.296
1.338,-0.337
1.135,-0.242
0.676,-0.575
0.704,-0.646
0.441,-0.494
0.521,-0.297
0.409,-0.334
-0.273,-0.505
-0.207,-0.253
-0.181,-0.371
-0.518,-0.364
-0.68,-0.603
-1.487,-0.464
-1.482,-0.673
-1.745,-0.447
-1.751,-0.468
2.408,-0.561
1.923,-0.392
1.868,3.853
1.693,4.084
0.894,4.139
0.586,3.916
-0.073,3.819
-0.273,3.777
-1.277,3.905
-1.295,3.813
-1.412,3.821
-1.837,3.948
-2.24,3.817
-2.914,3.992
2.912,3.846
2.65,3.83
0.979,1.859
0.595,1.86
-0.25,1.235
-2.316,1.86
-2.498,2.476
3.065,3.226
2.796,3.439
2.204,0.326
-2.04,2.169
-2.727,2.532
2.674,2.464
2.657,3.348
2.661,2.782
2.597,3.349
2.606,1.782
2.578,3.189
2.494,2.574
2.456,2.607
2.376,1.925
2.344,3.147
2.42,3.256
2.288,2.349
2.196,1.916
0.276,0.965
-1.015,2.094
2.614,0.569
2.188,2.026
1.932,2.083
0.206,-0.266
0.088,-0.136
-1.357,-0.019
-0.344,3.668
0.275,-0.205
-0.324,-0.381
-0.013,0.842
-0.104,1.481
-0.007,0.286
-0.096,-0.077
-0.221,0.76
-0.281,2.109
-0.219,2.256
-0.294,2.738
-0.278,1.416
-0.345,2.547
-0.33,-0.051
-0.437,2.505
-0.443,0.416
-0.462,1.162
-0.528,2.813
-0.52,1.898
-0.521,-0.087
-0.616,-0.226
-0.648,1.864
-0.578,0.898
-0.622,1.078
-0.653,0.151
-0.726,1.213
-0.735,2.203
-0.732,3.51
-0.665,1.677
-0.758,0.441
-0.786,3.259
-0.732,2.658
-0.82,1.894
-0.805,1.879
-0.88,1.273
-0.899,1.945
-0.83,1.714
-0.932,0.19
-0.879,2.548
-0.929,2.109
-1.003,2.008
-1.015,0.626
-0.979,2.369
-0.982,2.908
-0.983,0.178
-1.015,2.301
-1.094,1.444
-1.059,0.606
-1.108,1.556
-1.159,0.905
-1.179,-0.223
-1.131,1.751
-1.151,1.266
-1.231,-0.365
-1.273,1.917
-1.227,-0.164
-1.226,3.028
-1.328,2.771
-1.376,2.099
-1.445,2.475
-1.51,2.641
-1.451,2.317
-1.5,0.759
-1.511,2.746
-1.642,2.42
-1.646,3.304
-1.598,1.324
-1.699,3.523
-1.784,1.291
-1.831,0.555
-1.842,-0.148
-1.836,2.55
-1.884,2.353
-1.845,2.819
-1.893,2.981
-2.029,1.473
-1.978,1.201
-1.975,2.356
-2.089,-0.309
-2.046,0.143
-2.14,1.729
-2.066,3.094
-2.16,1.818
-2.126,-0.37
-2.172,2.657
-2.108,3.005
-2.183,2.11
-2.193,2.328
-2.22,-0.502
-2.281,1.926
-2.257,-0.323
-2.281,3.462
-2.371,0.453
-2.515,1.784
-2.472,1.084
-2.558,3.114
-2.601,1.689
-2.583,0.686
-2.697,2.131
-2.697,0.164
-2.766,1.227
-2.833,3.155
-2.918,3.391
-3.021,1.504
-3.012,0.205
-3.029,1.942
-3.118,0.659
3.106,0.929
3.068,0.213
3.045,0.857
3.119,1.675
3.106,1.592
3.01,2.546
3.048,1.154
2.979,2.525
2.944,1.735
2.949,2.731
2.889,1.444
2.939,3.152
2.937,-0.396
2.843,1.407
2.891,2.893
2.877,0.769
2.903,3.062
2.829,2.809
2.836,1.361
2.824,2.667
2.84,1.319
2.773,2.664
2.83,1.457
2.722,3.395
2.787,1.42
2.787,-0.371
2.721,2.703
2.681,2.142
2.643,0.759
2.694,2.892
2.691,2.367
2.688,0.946
2.577,1.6
2.636,0.996
2.645,0.911
2.549,0.694
2.515,0.544
2.356,0.777
2.413,1.515
2.346,0.958
2.26,0.273
2.141,1.79
2.111,2.447
2.123,1.606
2.094,3.418
2.118,2.485
2.063,2.874
2.042,3.333
1.986,-0.431
2.05,2.083
2.001,3.388
1.966,2.779
1.932,0.303
1.81,2.387
1.869,3.229
1.843,2.811
1.767,0.166
0.808,-0.48
0.129,-0.445
0.102,-0.505
-0.321,-0.765
-0.367,-0.574
-0.649,-0.87
-0.653,-0.768
-0.806,-0.493
-1.069,-0.52
-1.548,-0.779
-1.55,-0.516
-1.902,-0.95
-1.931,-0.719
-2.172,-0.694
-2.598,-0.879
-2.765,-0.62
2.956,-0.598
2.871,-0.53
2.285,-0.552
2.309,-0.617
1.865,-0.427
1.614,3.569
1.37,3.781
1.127,3.553
0.291,3.74
0.026,3.701
-0.171,3.681
-0.243,3.609
-0.365,3.843
-0.577,3.887
-0.741,3.672
-0.773,3.573
-1.12,3.894
-3.058,3.822
-3.009,3.664
3.104,3.872
3.076,3.868
2.997,3.846
2.8,3.529
2.265,3.833
2.022,3.943
1.882,3.615
-0.032,-0.241
-0.588,3.274
-0.918,-0.013
-1.364,3.433
3.039,3.163
3.043,1.064
2.994,3.316
2.284,-0.113
2.042,2.823
2.124,2.551
1.11,-0.608
-2.204,-0.903
2.401,-0.836
0.117,3.552
2.777,3.828
1.562,-0.167
1.53,1.273
1.49,3.1
1.372,0.849
1.518,-0.221
1.363,1.571
1.269,1.145
1.258,3.003
1.074,-0.406
1.017,1.226
1.093,2.124
1.075,3.288
0.831,2.166
0.667,2.224
0.784,-0.452
0.776,0.919
0.778,0.917
0.733,0.332
0.763,3.393
0.668,-0.103
0.514,1.572
0.478,0.882
0.456,1.102
0.518,-0.168
0.365,1.296
0.441,1.93
0.427,0.955
0.295,1.36
0.175,2.297
-0.084,0.516
0.063,1.216
-0.149,3.269
-0.176,-0.27
-0.211,3.078
-0.159,2.003
-0.321,1.283
-0.325,-0.389
-0.216,2.289
-0.349,2.611
-0.379,1.752
-0.38,1.303
-0.409,0.534
-0.314,0.669
-0.302,3.343
-0.425,1.017
-0.347,0.227
-0.478,3.18
-0.493,1.888
-0.539,0.225
-0.521,-0.284
-0.721,-0.322
-0.779,-0.208
-0.781,2.872
-0.675,3.332
-0.752,1.567
-0.769,1.654
-0.848,1.436
-0.822,-0.268
-0.993,1.005
-1.033,3.208
-1.172,-0.116
-1.151,2.34
-1.193,3.285
-1.065,0.265
-1.366,0.598
-1.23,-0.381
-1.367,-0.378
-1.361,2.246
-1.429,1.599
-1.432,0.552
-1.675,0.547
-1.521,3.282
-1.691,2.411
-1.702,3.468
-1.571,-0.126
-1.73,1.067
-1.758,-0.108
-1.943,3.069
-1.95,0.679
-1.929,1.683
-1.906,2.291
-1.909,1.958
-2.072,1.671
-1.982,1.526
-2.107,0.671
-2.09,2.32
-2.306,2.966
-2.38,3.474
-2.322,3.249
-2.463,0.037
-2.419,2.993
-2.598,-0.188
-2.765,1.924
-2.84,2.604
-2.853,-0.342
-2.821,-0.228
-2.82,3.496
-2.878,1.663
-3.045,2.191
-3.075,-0.29
3.074,0.803
2.885,1.391
2.911,-0.516
2.851,-0.516
2.957,2.038
2.924,1.472
2.939,2.163
2.395,0.451
2.387,0.676
2.24,1.672
2.264,0.506
2.146,0.592
2.238,2.257
2.086,1.537
2.197,1.198
2.197,2.098
2.059,0.961
2.13,1.293
1.931,2.277
2.045,-0.143
1.828,-0.349
1.171,-0.516
1.288,-0.557
1.085,-0.462
0.626,-0.795
0.654,-0.866
0.391,-0.714
0.471,-0.517
0.359,-0.554
-0.323,-0.725
-0.257,-0.473
-0.231,-0.591
-0.568,-0.584
-0.73,-0.823
-1.537,-0.684
-1.532,-0.893
-1.795,-0.667
-1.801,-0.688
2.358,-0.781
1.873,-0.612
1.818,3.633
1.643,3.864
0.844,3.919
0.536,3.696
-0.123,3.599
-0.323,3.557
-1.327,3.685
-1.345,3.593
-1.462,3.601
-1.887,3.728
-2.29,3.597
-2.964,3.772
2.862,3.626
2.6,3.61
0.929,1.639
0.545,1.64
-0.3,1.015
-2.366,1.64
-2.548,2.256
3.015,3.006
2.746,3.219
2.154,0.106
-2.09,1.949
-2.777,2.312
2.624,2.244
2.607,3.128
2.611,2.562
2.547,3.129
2.556,1.562
2.528,2.969
2.444,2.354
2.406,2.387
2.326,1.705
2.294,2.927
2.37,3.036
2.238,2.129
2.146,1.696
0.226,0.745
-1.065,1.874
2.564,0.349
2.138,1.806
1.882,1.863
0.156,-0.486
0.038,-0.356
-1.407,-0.239
-0.394,3.448
0.225,-0.425
-0.374,-0.601
-0.091,0.639
0.006,-0.556
-0.083,-0.919
-0.208,-0.082
-0.268,1.267
-0.206,1.414
-0.281,1.896
-0.265,0.574
-0.332,1.705
-0.317,-0.893
-0.424,1.663
-0.43,-0.426
-0.449,0.32
-0.515,1.971
-0.507,1.056
-0.508,-0.929
-0.603,-1.068
-0.635,1.022
-0.565,0.056
-0.609,0.236
-0.64,-0.691
-0.713,0.371
-0.722,1.361
-0.719,2.668
-0.652,0.835
-0.745,-0.401
-0.773,2.417
-0.719,1.816
-0.807,1.052
-0.792,1.037
-0.867,0.431
-0.886,1.103
-0.817,0.872
-0.919,-0.652
-0.866,1.706
-0.916,1.267
-0.99,1.166
-1.002,-0.216
-0.966,1.527
-0.969,2.066
-0.97,-0.664
-1.002,1.459
-1.081,0.602
-1.046,-0.236
-1.095,0.714
-1.146,0.063
-1.166,-1.065
-1.118,0.909
-1.138,0.424
-1.218,-1.207
-1.26,1.075
-1.214,-1.006
-1.213,2.186
-1.315,1.929
-1.363,1.257
-1.432,1.633
-1.497,1.799
-1.438,1.475
-1.487,-0.083
-1.498,1.904
-1.629,1.578
-1.633,2.462
-1.585,0.482
-1.686,2.681
-1.771,0.449
-1.818,-0.287
-1.829,-0.99
-1.823,1.708
-1.871,1.511
-1.832,1.977
-1.88,2.139
-2.016,0.631
-1.965,0.359
-1.962,1.514
-2.076,-1.151
-2.033,-0.699
-2.127,0.887
-2.053,2.252
-2.147,0.976
-2.113,-1.212
-2.159,1.815
-2.095,2.163
-2.17,1.268
-2.18,1.486
-2.207,-1.344
-2.268,1.084
-2.244,-1.165
-2.268,2.62
-2.358,-0.389
-2.502,0.942
-2.459,0.242
-2.545,2.272
-2.588,0.847
-2.57,-0.156
-2.684,1.289
-2.684,-0.678
-2.753,0.385
-2.82,2.313
-2.905,2.549
-3.008,0.662
-2.999,-0.637
-3.016,1.1
-3.105,-0.183
3.119,0.087
3.081,-0.629
3.058,0.015
3.132,0.833
3.119,0.75
3.023,1.704
3.061,0.312
2.992,1.683
2.957,0.893
2.962,1.889
2.902,0.602
2.952,2.31
2.95,-1.238
2.856,0.565
2.904,2.051
2.89,-0.073
2.916,2.22
2.842,1.967
2.849,0.519
2.837,1.825
2.853,0.477
2.786,1.822
2.843,0.615
2.735,2.553
2.8,0.578
2.8,-1.213
2.734,1.861
2.694,1.3
2.656,-0.083
2.707,2.05
2.704,1.525
2.701,0.104
2.59,0.758
2.649,0.154
2.658,0.069
2.562,-0.148
2.528,-0.298
2.369,-0.065
2.426,0.673
2.359,0.116
2.273,-0.569
2.154,0.948
2.124,1.605
2.136,0.764
2.107,2.576
2.131,1.643
2.076,2.032
2.055,2.491
1.999,-1.273
2.063,1.241
2.014,2.546
1.979,1.937
1.945,-0.539
1.823,1.545
1.882,2.387
1.856,1.969
1.78,-0.676
0.821,-1.322
0.142,-1.287
0.115,-1.347
-0.308,-1.607
-0.354,-1.416
-0.636,-1.712
-0.64,-1.61
-0.793,-1.335
-1.056,-1.362
-1.535,-1.621
-1.537,-1.358
-1.889,-1.792
-1.918,-1.561
-2.159,-1.536
-2.585,-1.721
-2.752,-1.462
2.969,-1.44
2.884,-1.372
2.298,-1.394
2.322,-1.459
1.878,-1.269
1.627,2.727
1.383,2.939
1.14,2.711
0.304,2.898
0.039,2.859
-0.158,2.839
-0.23,2.767
-0.352,3.001
-0.564,3.045
-0.728,2.83
-0.76,2.731
-1.107,3.052
-3.045,2.98
-2.996,2.822
3.117,3.03
3.089,3.026
3.01,3.004
2.813,2.687
2.278,2.991
2.035,3.101
1.895,2.773
-0.019,-1.083
-0.575,2.432
-0.905,-0.855
-1.351,2.591
3.052,2.321
3.056,0.222
3.007,2.474
2.297,-0.955
2.055,1.981
2.137,1.709
1.123,-1.45
-2.191,-1.745
2.414,-1.678
0.13,2.71
2.79,2.986
1.575,-1.009
1.543,0.431
1.503,2.258
1.385,0.007
1.531,-1.063
1.376,0.729
1.282,0.303
1.271,2.161
1.087,-1.248
1.03,0.384
1.106,1.282
1.088,2.446
0.844,1.324
0.68,1.382
0.797,-1.294
0.789,0.077
0.791,0.075
0.746,-0.51
0.776,2.551
0.681,-0.945
0.527,0.73
0.491,0.04
0.469,0.26
0.531,-1.01
0.378,0.454
0.454,1.088
0.44,0.113
0.308,0.518
0.188,1.455
-0.071,-0.326
0.076,0.374
-0.136,2.427
-0.163,-1.112
-0.198,2.236
-0.146,1.161
-0.308,0.441
-0.312,-1.231
-0.203,1.447
-0.336,1.769
-0.366,0.91
-0.367,0.461
-0.396,-0.308
-0.301,-0.173
-0.289,2.501
-0.412,0.175
-0.334,-0.615
-0.465,2.338
-0.48,1.046
-0.526,-0.617
-0.508,-1.126
-0.708,-1.164
-0.766,-1.05
-0.768,2.03
-0.662,2.49
-0.739,0.725
-0.756,0.812
-0.835,0.594
-0.809,-1.11
-0.98,0.163
-1.02,2.366
-1.159,-0.958
-1.138,1.498
-1.18,2.443
-1.052,-0.577
-1.353,-0.244
-1.217,-1.223
-1.354,-1.22
-1.348,1.404
-1.416,0.757
-1.419,-0.29
-1.662,-0.295
-1.508,2.44
-1.678,1.569
-1.689,2.626
-1.558,-0.968
-1.717,0.225
-1.745,-0.95
-1.93,2.227
-1.937,-0.163
-1.916,0.841
-1.893,1.449
-1.896,1.116
-2.059,0.829
-1.969,0.684
-2.094,-0.171
-2.077,1.478
-2.293,2.124
-2.367,2.632
-2.309,2.407
-2.45,-0.805
-2.406,2.151
-2.585,-1.03
-2.752,1.082
-2.827,1.762
-2.84,-1.184
-2.808,-1.07
-2.807,2.654
-2.865,0.821
-3.032,1.349
-3.062,-1.132
3.087,-0.039
2.898,0.549
2.924,-1.358
2.864,-1.358
2.97,1.196
2.937,0.63
2.952,1.321
2.408,-0.391
2.4,-0.166
2.253,0.83
2.277,-0.336
2.159,-0.25
2.251,1.415
2.099,0.695
2.21,0.356
2.21,1.256
2.072,0.119
2.143,0.451
1.944,1.435
2.058,-0.985
1.841,-1.191
1.184,-1.358
1.301,-1.399
1.098,-1.304
0.639,-1.637
0.667,-1.708
0.404,-1.556
0.484,-1.359
0.372,-1.396
-0.31,-1.567
-0.244,-1.315
-0.218,-1.433
-0.555,-1.426
-0.717,-1.665
-1.524,-1.526
-1.519,-1.735
-1.782,-1.509
-1.788,-1.53
2.371,-1.623
1.886,-1.454
1.831,2.791
1.656,3.022
0.857,3.077
0.549,2.854
-0.11,2.757
-0.31,2.715
-1.314,2.843
-1.332,2.751
-1.449,2.759
-1.874,2.886
-2.277,2.755
-2.951,2.93
2.875,2.784
2.613,2.768
0.942,0.797
0.558,0.798
-0.287,0.173
-2.353,0.798
-2.535,1.414
3.028,2.164
2.759,2.377
2.167,-0.736
-2.077,1.107
-2.764,1.47
2.637,1.402
2.62,2.286
2.624,1.72
2.56,2.287
2.569,0.72
2.541,2.127
2.457,1.512
2.419,1.545
2.339,0.863
2.307,2.085
2.383,2.194
2.251,1.287
2.159,0.854
0.239,-0.097
-1.052,1.032
2.577,-0.493
2.151,0.964
1.895,1.021
0.169,-1.328
0.051,-1.198
-1.394,-1.081
-0.381,2.606
0.238,-1.267
-0.361,-1.443
0.097,-1.195
0.008,-1.558
-0.117,-0.721
-0.177,0.628
-0.115,0.775
-0.19,1.257
-0.174,-0.065
-0.241,1.066
-0.226,-1.532
-0.333,1.024
-0.339,-1.065
-0.358,-0.319
-0.424,1.332
-0.416,0.417
-0.417,-1.568
-0.512,-1.707
-0.544,0.383
-0.474,-0.583
-0.518,-0.403
-0.549,-1.33
-0.622,-0.268
-0.631,0.722
-0.628,2.029
-0.561,0.196
-0.654,-1.04
-0.682,1.778
-0.628,1.177
-0.716,0.413
-0.701,0.398
-0.776,-0.208
-0.795,0.464
-0.726,0.233
-0.828,-1.291
-0.775,1.067
-0.825,0.628
-0.899,0.527
-0.911,-0.855
-0.875,0.888
-0.878,1.427
-0.879,-1.303
-0.911,0.82
-0.99,-0.037
-0.955,-0.875
-1.004,0.075
-1.055,-0.576
-1.075,-1.704
-1.027,0.27
-1.047,-0.215
-1.127,-1.846
-1.169,0.436
-1.123,-1.645
-1.122,1.547
-1.224,1.29
-1.272,0.618
-1.341,0.994
-1.406,1.16
-1.347,0.836
-1.396,-0.722
-1.407,1.265
-1.538,0.939
-1.542,1.823
-1.494,-0.157
-1.595,2.042
-1.68,-0.19
-1.727,-0.926
-1.738,-1.629
-1.732,1.069
-1.78,0.872
-1.741,1.338
-1.789,1.5
-1.925,-0.008
-1.874,-0.28
-1.871,0.875
-1.985,-1.79
-1.942,-1.338
-2.036,0.248
-1.962,1.613
-2.056,0.337
-2.022,-1.851
-2.068,1.176
-2.004,1.524
-2.079,0.629
-2.089,0.847
-2.116,-1.983
-2.177,0.445
-2.153,-1.804
-2.177,1.981
-2.267,-1.028
-2.411,0.303
-2.368,-0.397
-2.454,1.633
-2.497,0.208
-2.479,-0.795
-2.593,0.65
-2.593,-1.317
-2.662,-0.254
-2.729,1.674
-2.814,1.91
-2.917,0.023
-2.908,-1.276
-2.925,0.461
-3.014,-0.822
-3.073,-0.552
-3.111,-1.268
-3.134,-0.624
-3.06,0.194
-3.073,0.111
3.114,1.065
-3.131,-0.327
3.083,1.044
3.048,0.254
3.053,1.25
2.993,-0.037
3.043,1.671
3.041,-1.877
2.947,-0.074
2.995,1.412
2.981,-0.712
3.007,1.581
2.933,1.328
2.94,-0.12
2.928,1.186
2.944,-0.162
2.877,1.183
2.934,-0.024
2.826,1.914
2.891,-0.061
2.891,-1.852
2.825,1.222
2.785,0.661
2.747,-0.722
2.798,1.411
2.795,0.886
2.792,-0.535
2.681,0.119
2.74,-0.485
2.749,-0.57
2.653,-0.787
2.619,-0.937
2.46,-0.704
2.517,0.034
2.45,-0.523
2.364,-1.208
2.245,0.309
2.215,0.966
2.227,0.125
2.198,1.937
2.222,1.004
2.167,1.393
2.146,1.852
2.09,-1.912
2.154,0.602
2.105,1.907
2.07,1.298
2.036,-1.178
1.914,0.906
1.973,1.748
1.947,1.33
1.871,-1.315
0.912,-1.961
0.233,-1.926
0.206,-1.986
-0.217,-2.246
-0.263,-2.055
-0.545,-2.351
-0.549,-2.249
-0.702,-1.974
-0.965,-2.001
-1.444,-2.26
-1.446,-1.997
-1.798,-2.431
-1.827,-2.2
-2.068,-2.175
-2.494,-2.36
-2.661,-2.101
3.06,-2.079
2.975,-2.011
2.389,-2.033
2.413,-2.098
1.969,-1.908
1.718,2.088
1.474,2.3
1.231,2.072
0.395,2.259
0.13,2.22
-0.067,2.2
-0.139,2.128
-0.261,2.362
-0.473,2.406
-0.637,2.191
-0.669,2.092
-1.016,2.413
-2.954,2.341
-2.905,2.183
-3.075,2.391
-3.103,2.387
3.101,2.365
2.904,2.048
2.369,2.352
2.126,2.462
1.986,2.134
0.072,-1.722
-0.484,1.793
-0.814,-1.494
-1.26,1.952
-3.14,1.682
-3.136,-0.417
3.098,1.835
2.388,-1.594
2.146,1.342
2.228,1.07
1.214,-2.089
-2.1,-2.384
2.505,-2.317
0.221,2.071
2.881,2.347
1.666,-1.648
1.634,-0.208
1.594,1.619
1.476,-0.632
1.622,-1.702
1.467,0.09
1.373,-0.336
1.362,1.522
1.178,-1.887
1.121,-0.255
1.197,0.643
1.179,1.807
0.935,0.685
0.771,0.743
0.888,-1.933
0.88,-0.562
0.882,-0.564
0.837,-1.149
0.867,1.912
0.772,-1.584
0.618,0.091
0.582,-0.599
0.56,-0.379
0.622,-1.649
0.469,-0.185
0.545,0.449
0.531,-0.526
0.399,-0.121
0.279,0.816
0.02,-0.965
0.167,-0.265
-0.045,1.788
-0.072,-1.751
-0.107,1.597
-0.055,0.522
-0.217,-0.198
-0.221,-1.87
-0.112,0.808
-0.245,1.13
-0.275,0.271
-0.276,-0.178
-0.305,-0.947
-0.21,-0.812
-0.198,1.862
-0.321,-0.464
-0.243,-1.254
-0.374,1.699
-0.389,0.407
-0.435,-1.256
-0.417,-1.765
-0.617,-1.803
-0.675,-1.689
-0.677,1.391
-0.571,1.851
-0.648,0.086
-0.665,0.173
-0.744,-0.045
-0.718,-1.749
-0.889,-0.476
-0.929,1.727
-1.068,-1.597
-1.047,0.859
-1.089,1.804
-0.961,-1.216
-1.262,-0.883
-1.126,-1.862
-1.263,-1.859
-1.257,0.765
-1.325,0.118
-1.328,-0.929
-1.571,-0.934
-1.417,1.801
-1.587,0.93
-1.598,1.987
-1.467,-1.607
-1.626,-0.414
-1.654,-1.589
-1.839,1.588
-1.846,-0.802
-1.825,0.202
-1.802,0.81
-1.805,0.477
-1.968,0.19
-1.878,0.045
-2.003,-0.81
-1.986,0.839
-2.202,1.485
-2.276,1.993
-2.218,1.768
-2.359,-1.444
-2.315,1.512
-2.494,-1.669
-2.661,0.443
-2.736,1.123
-2.749,-1.823
-2.717,-1.709
-2.716,2.015
-2.774,0.182
-2.941,0.71
-2.971,-1.771
-3.105,-0.678
2.989,-0.09
3.015,-1.997
2.955,-1.997
3.061,0.557
3.028,-0.009
3.043,0.682
2.499,-1.03
2.491,-0.805
2.344,0.191
2.368,-0.975
2.25,-0.889
2.342,0.776
2.19,0.056
2.301,-0.283
2.301,0.617
2.163,-0.52
2.234,-0.188
2.035,0.796
2.149,-1.624
1.932,-1.83
1.275,-1.997
1.392,-2.038
1.189,-1.943
0.73,-2.276
0.758,-2.347
0.495,-2.195
0.575,-1.998
0.463,-2.035
-0.219,-2.206
-0.153,-1.954
-0.127,-2.072
-0.464,-2.065
-0.626,-2.304
-1.433,-2.165
-1.428,-2.374
-1.691,-2.148
-1.697,-2.169
2.462,-2.262
1.977,-2.093
1.922,2.152
1.747,2.383
0.948,2.438
0.64,2.215
-0.019,2.118
-0.219,2.076
-1.223,2.204
-1.241,2.112
-1.358,2.12
-1.783,2.247
-2.186,2.116
-2.86,2.291
2.966,2.145
2.704,2.129
1.033,0.158
0.649,0.159
-0.196,-0.466
-2.262,0.159
-2.444,0.775
3.119,1.525
2.85,1.738
2.258,-1.375
-1.986,0.468
-2.673,0.831
2.728,0.763
2.711,1.647
2.715,1.081
2.651,1.648
2.66,0.081
2.632,1.488
2.548,0.873
2.51,0.906
2.43,0.224
2.398,1.446
2.474,1.555
2.342,0.648
2.25,0.215
0.33,-0.736
-0.961,0.393
2.668,-1.132
2.242,0.325
1.986,0.382
0.26,-1.967
0.142,-1.837
-1.303,-1.72
-0.29,1.967
0.329,-1.906
-0.27,-2.082
-0.089,-0.363
-0.214,0.474
-0.274,1.823
-0.212,1.97
-0.287,2.452
-0.271,1.13
-0.338,2.261
-0.323,-0.337
-0.43,2.219
-0.436,0.13
-0.455,0.876
-0.521,2.527
-0.513,1.612
-0.514,-0.373
-0.609,-0.512
-0.641,1.578
-0.571,0.612
-0.615,0.792
-0.646,-0.135
-0.719,0.927
-0.728,1.917
-0.725,3.224
-0.658,1.391
-0.751,0.155
-0.779,2.973
-0.725,2.372
-0.813,1.608
-0.798,1.593
-0.873,0.987
-0.892,1.659
-0.823,1.428
-0.925,-0.096
-0.872,2.262
-0.922,1.823
-0.996,1.722
-1.008,0.34
-0.972,2.083
-0.975,2.622
-0.976,-0.108
-1.008,2.015
-1.087,1.158
-1.052,0.32
-1.101,1.27
-1.152,0.619
-1.172,-0.509
-1.124,1.465
-1.144,0.98
-1.224,-0.651
-1.266,1.631
-1.22,-0.45
-1.219,2.742
-1.321,2.485
-1.369,1.813
-1.438,2.189
-1.503,2.355
-1.444,2.031
-1.493,0.473
-1.504,2.46
-1.635,2.134
-1.639,3.018
-1.591,1.038
-1.692,3.237
-1.777,1.005
-1.824,0.269
-1.835,-0.434
-1.829,2.264
-1.877,2.067
-1.838,2.533
-1.886,2.695
-2.022,1.187
-1.971,0.915
-1.968,2.07
-2.082,-0.595
-2.039,-0.143
-2.133,1.443
-2.059,2.808
-2.153,1.532
-2.119,-0.656
-2.165,2.371
-2.101,2.719
-2.176,1.824
-2.186,2.042
-2.213,-0.788
-2.274,1.64
-2.25,-0.609
-2.274,3.176
-2.364,0.167
-2.508,1.498
-2.465,0.798
-2.551,2.828
-2.594,1.403
-2.576,0.4
-2.69,1.845
-2.69,-0.122
-2.759,0.941
-2.826,2.869
-2.911,3.105
-3.014,1.218
-3.005,-0.081
-3.022,1.656
-3.111,0.373
3.113,0.643
3.075,-0.073
3.052,0.571
3.126,1.389
3.113,1.306
3.017,2.26
3.055,0.868
2.986,2.239
2.951,1.449
2.956,2.445
2.896,1.158
2.946,2.866
2.944,-0.682
2.85,1.121
2.898,2.607
2.884,0.483
2.91,2.776
2.836,2.523
2.843,1.075
2.831,2.381
2.847,1.033
2.78,2.378
2.837,1.171
2.729,3.109
2.794,1.134
2.794,-0.657
2.728,2.417
2.688,1.856
2.65,0.473
2.701,2.606
2.698,2.081
2.695,0.66
2.584,1.314
2.643,0.71
2.652,0.625
2.556,0.408
2.522,0.258
2.363,0.491
2.42,1.229
2.353,0.672
2.267,-0.013
2.148,1.504
2.118,2.161
2.13,1.32
2.101,3.132
2.125,2.199
2.07,2.588
2.049,3.047
1.993,-0.717
2.057,1.797
2.008,3.102
1.973,2.493
1.939,0.017
1.817,2.101
1.876,2.943
1.85,2.525
1.774,-0.12
0.815,-0.766
0.136,-0.731
0.109,-0.791
-0.314,-1.051
-0.36,-0.86
-0.642,-1.156
-0.646,-1.054
-0.799,-0.779
-1.062,-0.806
-1.541,-1.065
-1.543,-0.802
-1.895,-1.236
-1.924,-1.005
-2.165,-0.98
-2.591,-1.165
-2.758,-0.906
2.963,-0.884
2.878,-0.816
2.292,-0.838
2.316,-0.903
1.872,-0.713
1.621,3.283
1.377,3.495
1.134,3.267
0.298,3.454
0.033,3.415
-0.164,3.395
-0.236,3.323
-0.358,3.557
-0.57,3.601
-0.734,3.386
-0.766,3.287
-1.113,3.608
-3.051,3.536
-3.002,3.378
3.111,3.586
3.083,3.582
3.004,3.56
2.807,3.243
2.272,3.547
2.029,3.657
1.889,3.329
-0.025,-0.527
-0.581,2.988
-0.911,-0.299
-1.357,3.147
3.046,2.877
3.05,0.778
3.001,3.03
2.291,-0.399
2.049,2.537
2.131,2.265
1.117,-0.894
-2.197,-1.189
2.408,-1.122
0.124,3.266
2.784,3.542
1.569,-0.453
1.537,0.987
1.497,2.814
1.379,0.563
1.525,-0.507
1.37,1.285
1.276,0.859
1.265,2.717
1.081,-0.692
1.024,0.94
1.1,1.838
1.082,3.002
0.838,1.88
0.674,1.938
0.791,-0.738
0.783,0.633
0.785,0.631
0.74,0.046
0.77,3.107
0.675,-0.389
0.521,1.286
0.485,0.596
0.463,0.816
0.525,-0.454
0.372,1.01
0.448,1.644
0.434,0.669
0.302,1.074
0.182,2.011
-0.077,0.23
0.07,0.93
-0.142,2.983
-0.169,-0.556
-0.204,2.792
-0.152,1.717
-0.314,0.997
-0.318,-0.675
-0.209,2.003
-0.342,2.325
-0.372,1.466
-0.373,1.017
-0.402,0.248
-0.307,0.383
-0.295,3.057
-0.418,0.731
-0.34,-0.059
-0.471,2.894
-0.486,1.602
-0.532,-0.061
-0.514,-0.57
-0.714,-0.608
-0.772,-0.494
-0.774,2.586
-0.668,3.046
-0.745,1.281
-0.762,1.368
-0.841,1.15
-0.815,-0.554
-0.986,0.719
-1.026,2.922
-1.165,-0.402
-1.144,2.054
-1.186,2.999
-1.058,-0.021
-1.359,0.312
-1.223,-0.667
-1.36,-0.664
-1.354,1.96
-1.422,1.313
-1.425,0.266
-1.668,0.261
-1.514,2.996
-1.684,2.125
-1.695,3.182
-1.564,-0.412
-1.723,0.781
-1.751,-0.394
-1.936,2.783
-1.943,0.393
-1.922,1.397
-1.899,2.005
-1.902,1.672
-2.065,1.385
-1.975,1.24
-2.1,0.385
-2.083,2.034
-2.299,2.68
-2.373,3.188
-2.315,2.963
-2.456,-0.249
-2.412,2.707
-2.591,-0.474
-2.758,1.638
-2.833,2.318
-2.846,-0.628
-2.814,-0.514
-2.813,3.21
-2.871,1.377
-3.038,1.905
-3.068,-0.576
3.081,0.517
2.892,1.105
2.918,-0.802
2.858,-0.802
2.964,1.752
2.931,1.186
2.946,1.877
2.402,0.165
2.394,0.39
2.247,1.386
2.271,0.22
2.153,0.306
2.245,1.971
2.093,1.251
2.204,0.912
2.204,1.812
2.066,0.675
2.137,1.007
1.938,1.991
2.052,-0.429
1.835,-0.635
1.178,-0.802
1.295,-0.843
1.092,-0.748
0.633,-1.081
0.661,-1.152
0.398,-1.0
0.478,-0.803
0.366,-0.84
-0.316,-1.011
-0.25,-0.759
-0.224,-0.877
-0.561,-0.87
-0.723,-1.109
-1.53,-0.97
-1.525,-1.179
-1.788,-0.953
-1.794,-0.974
2.365,-1.067
1.88,-0.898
1.825,3.347
1.65,3.578
0.851,3.633
0.543,3.41
-0.116,3.313
-0.316,3.271
-1.32,3.399
-1.338,3.307
-1.455,3.315
-1.88,3.442
-2.283,3.311
-2.957,3.486
2.869,3.34
2.607,3.324
0.936,1.353
0.552,1.354
-0.293,0.729
-2.359,1.354
-2.541,1.97
3.022,2.72
2.753,2.933
2.161,-0.18
-2.083,1.663
-2.77,2.026
2.631,1.958
2.614,2.842
2.618,2.276
2.554,2.843
2.563,1.276
2.535,2.683
2.451,2.068
2.413,2.101
2.333,1.419
2.301,2.641
2.377,2.75
2.245,1.843
2.153,1.41
0.233,0.459
-1.058,1.588
2.571,0.063
2.145,1.52
1.889,1.577
0.163,-0.772
0.045,-0.642
-1.4,-0.525
-0.387,3.162
0.232,-0.711
-0.367,-0.887
-0.125,0.837
-0.185,2.186
-0.123,2.333
-0.198,2.815
-0.182,1.493
-0.249,2.624
-0.234,0.026
-0.341,2.582
-0.347,0.493
-0.366,1.239
-0.432,2.89
-0.424,1.975
-0.425,-0.01
-0.52,-0.149
-0.552,1.941
-0.482,0.975
-0.526,1.155
-0.557,0.228
-0.63,1.29
-0.639,2.28
-0.636,3.587
-0.569,1.754
-0.662,0.518
-0.69,3.336
-0.636,2.735
-0.724,1.971
-0.709,1.956
-0.784,1.35
-0.803,2.022
-0.734,1.791
-0.836,0.267
-0.783,2.625
-0.833,2.186
-0.907,2.085
-0.919,0.703
-0.883,2.446
-0.886,2.985
-0.887,0.255
-0.919,2.378
-0.998,1.521
-0.963,0.683
-1.012,1.633
-1.063,0.982
-1.083,-0.146
-1.035,1.828
-1.055,1.343
-1.135,-0.288
-1.177,1.994
-1.131,-0.087
-1.13,3.105
-1.232,2.848
-1.28,2.176
-1.349,2.552
-1.414,2.718
-1.355,2.394
-1.404,0.836
-1.415,2.823
-1.546,2.497
-1.55,3.381
-1.502,1.401
-1.603,3.6
-1.688,1.368
-1.735,0.632
-1.746,-0.071
-1.74,2.627
-1.788,2.43
-1.749,2.896
-1.797,3.058
-1.933,1.55
-1.882,1.278
-1.879,2.433
-1.993,-0.232
-1.95,0.22
-2.044,1.806
-1.97,3.171
-2.064,1.895
-2.03,-0.293
-2.076,2.734
-2.012,3.082
-2.087,2.187
-2.097,2.405
-2.124,-0.425
-2.185,2.003
-2.161,-0.246
-2.185,3.539
-2.275,0.53
-2.419,1.861
-2.376,1.161
-2.462,3.191
-2.505,1.766
-2.487,0.763
-2.601,2.208
-2.601,0.241
-2.67,1.304
-2.737,3.232
-2.822,3.468
-2.925,1.581
-2.916,0.282
-2.933,2.019
-3.022,0.736
-3.081,1.006
-3.119,0.29
3.141,0.934
-3.068,1.752
-3.081,1.669
3.106,2.623
-3.139,1.231
3.075,2.602
3.04,1.812
3.045,2.808
2.985,1.521
3.035,3.229
3.033,-0.319
2.939,1.484
2.987,2.97
2.973,0.846
2.999,3.139
2.925,2.886
2.932,1.438
2.92,2.744
2.936,1.396
2.869,2.741
2.926,1.534
2.818,3.472
2.883,1.497
2.883,-0.294
2.817,2.78
2.777,2.219
2.739,0.836
2.79,2.969
2.787,2.444
2.784,1.023
2.673,1.677
2.732,1.073
2.741,0.988
2.645,0.771
2.611,0.621
2.452,0.854
2.509,1.592
2.442,1.035
2.356,0.35
2.237,1.867
2.207,2.524
2.219,1.683
2.19,3.495
2.214,2.562
2.159,2.951
2.138,3.41
2.082,-0.354
2.146,2.16
2.097,3.465
2.062,2.856
2.028,0.38
1.906,2.464
1.965,3.306
1.939,2.888
1.863,0.243
0.904,-0.403
0.225,-0.368
0.198,-0.428
-0.225,-0.688
-0.271,-0.497
-0.553,-0.793
-0.557,-0.691
-0.71,-0.416
-0.973,-0.443
-1.452,-0.702
-1.454,-0.439
-1.806,-0.873
-1.835,-0.642
-2.076,-0.617
-2.502,-0.802
-2.669,-0.543
3.052,-0.521
2.967,-0.453
2.381,-0.475
2.405,-0.54
1.961,-0.35
1.71,3.646
1.466,3.858
1.223,3.63
0.387,3.817
0.122,3.778
-0.075,3.758
-0.147,3.686
-0.269,3.92
-0.481,3.964
-0.645,3.749
-0.677,3.65
-1.024,3.971
-2.962,3.899
-2.913,3.741
-3.083,3.949
-3.111,3.945
3.093,3.923
2.896,3.606
2.361,3.91
2.118,4.02
1.978,3.692
0.064,-0.164
-0.492,3.351
-0.822,0.064
-1.268,3.51
3.135,3.24
3.139,1.141
3.09,3.393
2.38,-0.036
2.138,2.9
2.22,2.628
1.206,-0.531
-2.108,-0.826
2.497,-0.759
0.213,3.629
2.873,3.905
1.658,-0.09
1.626,1.35
1.586,3.177
1.468,0.926
1.614,-0.144
1.459,1.648
1.365,1.222
1.354,3.08
1.17,-0.329
1.113,1.303
1.189,2.201
1.171,3.365
0.927,2.243
0.763,2.301
0.88,-0.375
0.872,0.996
0.874,0.994
0.829,0.409
0.859,3.47
0.764,-0.026
0.61,1.649
0.574,0.959
0.552,1.179
0.614,-0.091
0.461,1.373
0.537,2.007
0.523,1.032
0.391,1.437
0.271,2.374
0.012,0.593
0.159,1.293
-0.053,3.346
-0.08,-0.193
-0.115,3.155
-0.063,2.08
-0.225,1.36
-0.229,-0.312
-0.12,2.366
-0.253,2.688
-0.283,1.829
-0.284,1.38
-0.313,0.611
-0.218,0.746
-0.206,3.42
-0.329,1.094
-0.251,0.304
-0.382,3.257
-0.397,1.965
-0.443,0.302
-0.425,-0.207
-0.625,-0.245
-0.683,-0.131
-0.685,2.949
-0.579,3.409
-0.656,1.644
-0.673,1.731
-0.752,1.513
-0.726,-0.191
-0.897,1.082
-0.937,3.285
-1.076,-0.039
-1.055,2.417
-1.097,3.362
-0.969,0.342
-1.27,0.675
-1.134,-0.304
-1.271,-0.301
-1.265,2.323
-1.333,1.676
-1.336,0.629
-1.579,0.624
-1.425,3.359
-1.595,2.488
-1.606,3.545
-1.475,-0.049
-1.634,1.144
-1.662,-0.031
-1.847,3.146
-1.854,0.756
-1.833,1.76
-1.81,2.368
-1.813,2.035
-1.976,1.748
-1.886,1.603
-2.011,0.748
-1.994,2.397
-2.21,3.043
-2.284,3.551
-2.226,3.326
-2.367,0.114
-2.323,3.07
-2.502,-0.111
-2.669,2.001
-2.744,2.681
-2.757,-0.265
-2.725,-0.151
-2.724,3.573
-2.782,1.74
-2.949,2.268
-2.979,-0.213
-3.113,0.88
2.981,1.468
3.007,-0.439
2.947,-0.439
3.053,2.115
3.02,1.549
3.035,2.24
2.491,0.528
2.483,0.753
2.336,1.749
2.36,0.583
2.242,0.669
2.334,2.334
2.182,1.614
2.293,1.275
2.293,2.175
2.155,1.038
2.226,1.37
2.027,2.354
2.141,-0.066
1.924,-0.272
1.267,-0.439
1.384,-0.48
1.181,-0.385
0.722,-0.718
0.75,-0.789
0.487,-0.637
0.567,-0.44
0.455,-0.477
-0.227,-0.648
-0.161,-0.396
-0.135,-0.514
-0.472,-0.507
-0.634,-0.746
-1.441,-0.607
-1.436,-0.816
-1.699,-0.59
-1.705,-0.611
2.454,-0.704
1.969,-0.535
1.914,3.71
1.739,3.941
0.94,3.996
0.632,3.773
-0.027,3.676
-0.227,3.634
-1.231,3.762
-1.249,3.67
-1.366,3.678
-1.791,3.805
-2.194,3.674
-2.868,3.849
2.958,3.703
2.696,3.687
1.025,1.716
0.641,1.717
-0.204,1.092
-2.27,1.717
-2.452,2.333
3.111,3.083
2.842,3.296
2.25,0.183
-1.994,2.026
-2.681,2.389
2.72,2.321
2.703,3.205
2.707,2.639
2.643,3.206
2.652,1.639
2.624,3.046
2.54,2.431
2.502,2.464
2.422,1.782
2.39,3.004
2.466,3.113
2.334,2.206
2.242,1.773
0.322,0.822
-0.969,1.951
2.66,0.426
2.234,1.883
1.978,1.94
0.252,-0.409
0.134,-0.279
-1.311,-0.162
-0.298,3.525
0.321,-0.348
-0.278,-0.524
-0.06,1.349
0.002,1.496
-0.073,1.978
-0.057,0.656
-0.124,1.787
-0.109,-0.811
-0.216,1.745
-0.222,-0.344
-0.241,0.402
-0.307,2.053
-0.299,1.138
-0.3,-0.847
-0.395,-0.986
-0.427,1.104
-0.357,0.138
-0.401,0.318
-0.432,-0.609
-0.505,0.453
-0.514,1.443
-0.511,2.75
-0.444,0.917
-0.537,-0.319
-0.565,2.499
-0.511,1.898
-0.599,1.134
-0.584,1.119
-0.659,0.513
-0.678,1.185
-0.609,0.954
-0.711,-0.57
-0.658,1.788
-0.708,1.349
-0.782,1.248
-0.794,-0.134
-0.758,1.609
-0.761,2.148
-0.762,-0.582
-0.794,1.541
-0.873,0.684
-0.838,-0.154
-0.887,0.796
-0.938,0.145
-0.958,-0.983
-0.91,0.991
-0.93,0.506
-1.01,-1.125
-1.052,1.157
-1.006,-0.924
-1.005,2.268
-1.107,2.011
-1.155,1.339
-1.224,1.715
-1.289,1.881
-1.23,1.557
-1.279,-0.001
-1.29,1.986
-1.421,1.66
-1.425,2.544
-1.377,0.564
-1.478,2.763
-1.563,0.531
-1.61,-0.205
-1.621,-0.908
-1.615,1.79
-1.663,1.593
-1.624,2.059
-1.672,2.221
-1.808,0.713
-1.757,0.441
-1.754,1.596
-1.868,-1.069
-1.825,-0.617
-1.919,0.969
-1.845,2.334
-1.939,1.058
-1.905,-1.13
-1.951,1.897
-1.887,2.245
-1.962,1.35
-1.972,1.568
-1.999,-1.262
-2.06,1.166
-2.036,-1.083
-2.06,2.702
-2.15,-0.307
-2.294,1.024
-2.251,0.324
-2.337,2.354
-2.38,0.929
-2.362,-0.074
-2.476,1.371
-2.476,-0.596
-2.545,0.467
-2.612,2.395
-2.697,2.631
-2.8,0.744
-2.791,-0.555
-2.808,1.182
-2.897,-0.101
-2.956,0.169
-2.994,-0.547
-3.017,0.097
-2.943,0.915
-2.956,0.832
-3.052,1.786
-3.014,0.394
-3.083,1.765
-3.118,0.975
-3.113,1.971
3.11,0.684
-3.123,2.392
-3.125,-1.156
3.064,0.647
3.112,2.133
3.098,0.009
3.124,2.302
3.05,2.049
3.057,0.601
3.045,1.907
3.061,0.559
2.994,1.904
3.051,0.697
2.943,2.635
3.008,0.66
3.008,-1.131
2.942,1.943
2.902,1.382
2.864,-0.001
2.915,2.132
2.912,1.607
2.909,0.186
2.798,0.84
2.857,0.236
2.866,0.151
2.77,-0.066
2.736,-0.216
2.577,0.017
2.634,0.755
2.567,0.198
2.481,-0.487
2.362,1.03
2.332,1.687
2.344,0.846
2.315,2.658
2.339,1.725
2.284,2.114
2.263,2.573
2.207,-1.191
2.271,1.323
2.222,2.628
2.187,2.019
2.153,-0.457
2.031,1.627
2.09,2.469
2.064,2.051
1.988,-0.594
1.029,-1.24
0.35,-1.205
0.323,-1.265
-0.1,-1.525
-0.146,-1.334
-0.428,-1.63
-0.432,-1.528
-0.585,-1.253
-0.848,-1.28
-1.327,-1.539
-1.329,-1.276
-1.681,-1.71
-1.71,-1.479
-1.951,-1.454
-2.377,-1.639
-2.544,-1.38
-3.106,-1.358
3.092,-1.29
2.506,-1.312
2.53,-1.377
2.086,-1.187
1.835,2.809
1.591,3.021
1.348,2.793
0.512,2.98
0.247,2.941
0.05,2.921
-0.022,2.849
-0.144,3.083
-0.356,3.127
-0.52,2.912
-0.552,2.813
-0.899,3.134
-2.837,3.062
-2.788,2.904
-2.958,3.112
-2.986,3.108
-3.065,3.086
3.021,2.769
2.486,3.073
2.243,3.183
2.103,2.855
0.189,-1.001
-0.367,2.514
-0.697,-0.773
-1.143,2.673
-3.023,2.403
-3.019,0.304
-3.068,2.556
2.505,-0.873
2.263,2.063
2.345,1.791
1.331,-1.368
-1.983,-1.663
2.622,-1.596
0.338,2.792
2.998,3.068
1.783,-0.927
1.751,0.513
1.711,2.34
1.593,0.089
1.739,-0.981
1.584,0.811
1.49,0.385
1.479,2.243
1.295,-1.166
1.238,0.466
1.314,1.364
1.296,2.528
1.052,1.406
0.888,1.464
1.005,-1.212
0.997,0.159
0.999,0.157
0.954,-0.428
0.984,2.633
0.889,-0.863
0.735,0.812
0.699,0.122
0.677,0.342
0.739,-0.928
0.586,0.536
0.662,1.17
0.648,0.195
0.516,0.6
0.396,1.537
0.137,-0.244
0.284,0.456
0.072,2.509
0.045,-1.03
0.01,2.318
0.062,1.243
-0.1,0.523
-0.104,-1.149
0.005,1.529
-0.128,1.851
-0.158,0.992
-0.159,0.543
-0.188,-0.226
-0.093,-0.091
-0.081,2.583
-0.204,0.257
-0.126,-0.533
-0.257,2.42
-0.272,1.128
-0.318,-0.535
-0.3,-1.044
-0.5,-1.082
-0.558,-0.968
-0.56,2.112
-0.454,2.572
-0.531,0.807
-0.548,0.894
-0.627,0.676
-0.601,-1.028
-0.772,0.245
-0.812,2.448
-0.951,-0.876
-0.93,1.58
-0.972,2.525
-0.844,-0.495
-1.145,-0.162
-1.009,-1.141
-1.146,-1.138
-1.14,1.486
-1.208,0.839
-1.211,-0.208
-1.454,-0.213
-1.3,2.522
-1.47,1.651
-1.481,2.708
-1.35,-0.886
-1.509,0.307
-1.537,-0.868
-1.722,2.309
-1.729,-0.081
-1.708,0.923
-1.685,1.531
-1.688,1.198
-1.851,0.911
-1.761,0.766
-1.886,-0.089
-1.869,1.56
-2.085,2.206
-2.159,2.714
-2.101,2.489
-2.242,-0.723
-2.198,2.233
-2.377,-0.948
-2.544,1.164
-2.619,1.844
-2.632,-1.102
-2.6,-0.988
-2.599,2.736
-2.657,0.903
-2.824,1.431
-2.854,-1.05
-2.988,0.043
3.106,0.631
3.132,-1.276
3.072,-1.276
-3.105,1.278
-3.138,0.712
-3.123,1.403
2.616,-0.309
2.608,-0.084
2.461,0.912
2.485,-0.254
2.367,-0.168
2.459,1.497
2.307,0.777
2.418,0.438
2.418,1.338
2.28,0.201
2.351,0.533
2.152,1.517
2.266,-0.903
2.049,-1.109
1.392,-1.276
1.509,-1.317
1.306,-1.222
0.847,-1.555
0.875,-1.626
0.612,-1.474
0.692,-1.277
0.58,-1.314
-0.102,-1.485
-0.036,-1.233
-0.01,-1.351
-0.347,-1.344
-0.509,-1.583
-1.316,-1.444
-1.311,-1.653
-1.574,-1.427
-1.58,-1.448
2.579,-1.541
2.094,-1.372
2.039,2.873
1.864,3.104
1.065,3.159
0.757,2.936
0.098,2.839
-0.102,2.797
-1.106,2.925
-1.124,2.833
-1.241,2.841
-1.666,2.968
-2.069,2.837
-2.743,3.012
3.083,2.866
2.821,2.85
1.15,0.879
0.766,0.88
-0.079,0.255
-2.145,0.88
-2.327,1.496
-3.047,2.246
2.967,2.459
2.375,-0.654
-1.869,1.189
-2.556,1.552
2.845,1.484
2.828,2.368
2.832,1.802
2.768,2.369
2.777,0.802
2.749,2.209
2.665,1.594
2.627,1.627
2.547,0.945
2.515,2.167
2.591,2.276
2.459,1.369
2.367,0.936
0.447,-0.015
-0.844,1.114
2.785,-0.411
2.359,1.046
2.103,1.103
0.377,-1.246
0.259,-1.116
-1.186,-0.999
-0.173,2.688
0.446,-1.185
-0.153,-1.361
0.062,0.147
-0.013,0.629
0.003,-0.693
-0.064,0.438
-0.049,-2.16
-0.156,0.396
-0.162,-1.693
-0.181,-0.947
-0.247,0.704
-0.239,-0.211
-0.24,-2.196
-0.335,-2.335
-0.367,-0.245
-0.297,-1.211
-0.341,-1.031
-0.372,-1.958
-0.445,-0.896
-0.454,0.094
-0.451,1.401
-0.384,-0.432
-0.477,-1.668
-0.505,1.15
-0.451,0.549
-0.539,-0.215
-0.524,-0.23
-0.599,-0.836
-0.618,-0.164
-0.549,-0.395
-0.651,-1.919
-0.598,0.439
-0.648,0.0
-0.722,-0.101
-0.734,-1.483
-0.698,0.26
-0.701,0.799
-0.702,-1.931
-0.734,0.192
-0.813,-0.665
-0.778,-1.503
-0.827,-0.553
-0.878,-1.204
-0.898,-2.332
-0.85,-0.358
-0.87,-0.843
-0.95,-2.474
-0.992,-0.192
-0.946,-2.273
-0.945,0.919
-1.047,0.662
-1.095,-0.01
-1.164,0.366
-1.229,0.532
-1.17,0.208
-1.219,-1.35
-1.23,0.637
-1.361,0.311
-1.365,1.195
-1.317,-0.785
-1.418,1.414
-1.503,-0.818
-1.55,-1.554
-1.561,-2.257
-1.555,0.441
-1.603,0.244
-1.564,0.71
-1.612,0.872
-1.748,-0.636
-1.697,-0.908
-1.694,0.247
-1.808,-2.418
-1.765,-1.966
-1.859,-0.38
-1.785,0.985
-1.879,-0.291
-1.845,-2.479
-1.891,0.548
-1.827,0.896
-1.902,0.001
-1.912,0.219
-1.939,-2.611
-2.0,-0.183
-1.976,-2.432
-2.0,1.353
-2.09,-1.656
-2.234,-0.325
-2.191,-1.025
-2.277,1.005
-2.32,-0.42
-2.302,-1.423
-2.416,0.022
-2.416,-1.945
-2.485,-0.882
-2.552,1.046
-2.637,1.282
-2.74,-0.605
-2.731,-1.904
-2.748,-0.167
-2.837,-1.45
-2.896,-1.18
-2.934,-1.896
-2.957,-1.252
-2.883,-0.434
-2.896,-0.517
-2.992,0.437
-2.954,-0.955
-3.023,0.416
-3.058,-0.374
-3.053,0.622
-3.113,-0.665
-3.063,1.043
-3.065,-2.505
3.124,-0.702
-3.111,0.784
-3.125,-1.34
-3.099,0.953
3.11,0.7
3.117,-0.748
3.105,0.558
3.121,-0.79
3.054,0.555
3.111,-0.652
3.003,1.286
3.068,-0.689
3.068,-2.48
3.002,0.594
2.962,0.033
2.924,-1.35
2.975,0.783
2.972,0.258
2.969,-1.163
2.858,-0.509
2.917,-1.113
2.926,-1.198
2.83,-1.415
2.796,-1.565
2.637,-1.332
2.694,-0.594
2.627,-1.151
2.541,-1.836
2.422,-0.319
2.392,0.338
2.404,-0.503
2.375,1.309
2.399,0.376
2.344,0.765
2.323,1.224
2.267,-2.54
2.331,-0.026
2.282,1.279
2.247,0.67
2.213,-1.806
2.091,0.278
2.15,1.12
2.124,0.702
2.048,-1.943
1.089,-2.589
0.41,-2.554
0.383,-2.614
-0.04,-2.874
-0.086,-2.683
-0.368,-2.979
-0.372,-2.877
-0.525,-2.602
-0.788,-2.629
-1.267,-2.888
-1.269,-2.625
-1.621,-3.059
-1.65,-2.828
-1.891,-2.803
-2.317,-2.988
-2.484,-2.729
-3.046,-2.707
-3.131,-2.639
2.566,-2.661
2.59,-2.726
2.146,-2.536
1.895,1.46
1.651,1.672
1.408,1.444
0.572,1.631
0.307,1.592
0.11,1.572
0.038,1.5
-0.084,1.734
-0.296,1.778
-0.46,1.563
-0.492,1.464
-0.839,1.785
-2.777,1.713
-2.728,1.555
-2.898,1.763
-2.926,1.759
-3.005,1.737
3.081,1.42
2.546,1.724
2.303,1.834
2.163,1.506
0.249,-2.35
-0.307,1.165
-0.637,-2.122
-1.083,1.324
-2.963,1.054
-2.959,-1.045
-3.008,1.207
2.565,-2.222
2.323,0.714
2.405,0.442
1.391,-2.717
-1.923,-3.012
2.682,-2.945
0.398,1.443
3.058,1.719
1.843,-2.276
1.811,-0.836
1.771,0.991
1.653,-1.26
1.799,-2.33
1.644,-0.538
1.55,-0.964
1.539,0.894
1.355,-2.515
1.298,-0.883
1.374,0.015
1.356,1.179
1.112,0.057
0.948,0.115
1.065,-2.561
1.057,-1.19
1.059,-1.192
1.014,-1.777
1.044,1.284
0.949,-2.212
0.795,-0.537
0.759,-1.227
0.737,-1.007
0.799,-2.277
0.646,-0.813
0.722,-0.179
0.708,-1.154
0.576,-0.749
0.456,0.188
0.197,-1.593
0.344,-0.893
0.132,1.16
0.105,-2.379
0.07,0.969
0.122,-0.106
-0.04,-0.826
-0.044,-2.498
0.065,0.18
-0.068,0.502
-0.098,-0.357
-0.099,-0.806
-0.128,-1.575
-0.033,-1.44
-0.021,1.234
-0.144,-1.092
-0.066,-1.882
-0.197,1.071
-0.212,-0.221
-0.258,-1.884
-0.24,-2.393
-0.44,-2.431
-0.498,-2.317
-0.5,0.763
-0.394,1.223
-0.471,-0.542
-0.488,-0.455
-0.567,-0.673
-0.541,-2.377
-0.712,-1.104
-0.752,1.099
-0.891,-2.225
-0.87,0.231
-0.912,1.176
-0.784,-1.844
-1.085,-1.511
-0.949,-2.49
-1.086,-2.487
-1.08,0.137
-1.148,-0.51
-1.151,-1.557
-1.394,-1.562
-1.24,1.173
-1.41,0.302
-1.421,1.359
-1.29,-2.235
-1.449,-1.042
-1.477,-2.217
-1.662,0.96
-1.669,-1.43
-1.648,-0.426
-1.625,0.182
-1.628,-0.151
-1.791,-0.438
-1.701,-0.583
-1.826,-1.438
-1.809,0.211
-2.025,0.857
-2.099,1.365
-2.041,1.14
-2.182,-2.072
-2.138,0.884
-2.317,-2.297
-2.484,-0.185
-2.559,0.495
-2.572,-2.451
-2.54,-2.337
-2.539,1.387
-2.597,-0.446
-2.764,0.082
-2.794,-2.399
-2.928,-1.306
-3.117,-0.718
-3.091,-2.625
3.132,-2.625
-3.045,-0.071
-3.078,-0.637
-3.063,0.054
2.676,-1.658
2.668,-1.433
2.521,-0.437
2.545,-1.603
2.427,-1.517
2.519,0.148
2.367,-0.572
2.478,-0.911
2.478,-0.011
2.34,-1.148
2.411,-0.816
2.212,0.168
2.326,-2.252
2.109,-2.458
1.452,-2.625
1.569,-2.666
1.366,-2.571
0.907,-2.904
0.935,-2.975
0.672,-2.823
0.752,-2.626
0.64,-2.663
-0.042,-2.834
0.024,-2.582
0.05,-2.7
-0.287,-2.693
-0.449,-2.932
-1.256,-2.793
-1.251,-3.002
-1.514,-2.776
-1.52,-2.797
2.639,-2.89
2.154,-2.721
2.099,1.524
1.924,1.755
1.125,1.81
0.817,1.587
0.158,1.49
-0.042,1.448
-1.046,1.576
-1.064,1.484
-1.181,1.492
-1.606,1.619
-2.009,1.488
-2.683,1.663
-3.14,1.517
2.881,1.501
1.21,-0.47
0.826,-0.469
-0.019,-1.094
-2.085,-0.469
-2.267,0.147
-2.987,0.897
3.027,1.11
2.435,-2.003
-1.809,-0.16
-2.496,0.203
2.905,0.135
2.888,1.019
2.892,0.453
2.828,1.02
2.837,-0.547
2.809,0.86
2.725,0.245
2.687,0.278
2.607,-0.404
2.575,0.818
2.651,0.927
2.519,0.02
2.427,-0.413
0.507,-1.364
-0.784,-0.235
2.845,-1.76
2.419,-0.303
2.163,-0.246
0.437,-2.595
0.319,-2.465
-1.126,-2.348
-0.113,1.339
0.506,-2.534
-0.093,-2.71
-0.075,0.482
-0.059,-0.84
-0.126,0.291
-0.111,-2.307
-0.218,0.249
-0.224,-1.84
-0.243,-1.094
-0.309,0.557
-0.301,-0.358
-0.302,-2.343
-0.397,-2.482
-0.429,-0.392
-0.359,-1.358
-0.403,-1.178
-0.434,-2.105
-0.507,-1.043
-0.516,-0.053
-0.513,1.254
-0.446,-0.579
-0.539,-1.815
-0.567,1.003
-0.513,0.402
-0.601,-0.362
-0.586,-0.377
-0.661,-0.983
-0.68,-0.311
-0.611,-0.542
-0.713,-2.066
-0.66,0.292
-0.71,-0.147
-0.784,-0.248
-0.796,-1.63
-0.76,0.113
-0.763,0.652
-0.764,-2.078
-0.796,0.045
-0.875,-0.812
-0.84,-1.65
-0.889,-0.7
-0.94,-1.351
-0.96,-2.479
-0.912,-0.505
-0.932,-0.99
-1.012,-2.621
-1.054,-0.339
-1.008,-2.42
-1.007,0.772
-1.109,0.515
-1.157,-0.157
-1.226,0.219
-1.291,0.385
-1.232,0.061
-1.281,-1.497
-1.292,0.49
-1.423,0.164
-1.427,1.048
-1.379,-0.932
-1.48,1.267
-1.565,-0.965
-1.612,-1.701
-1.623,-2.404
-1.617,0.294
-1.665,0.097
-1.626,0.563
-1.674,0.725
-1.81,-0.783
-1.759,-1.055
-1.756,0.1
-1.87,-2.565
-1.827,-2.113
-1.921,-0.527
-1.847,0.838
-1.941,-0.438
-1.907,-2.626
-1.953,0.401
-1.889,0.749
-1.964,-0.146
-1.974,0.072
-2.001,-2.758
-2.062,-0.33
-2.038,-2.579
-2.062,1.206
-2.152,-1.803
-2.296,-0.472
-2.253,-1.172
-2.339,0.858
-2.382,-0.567
-2.364,-1.57
-2.478,-0.125
-2.478,-2.092
-2.547,-1.029
-2.614,0.899
-2.699,1.135
-2.802,-0.752
-2.793,-2.051
-2.81,-0.314
-2.899,-1.597
-2.958,-1.327
-2.996,-2.043
-3.019,-1.399
-2.945,-0.581
-2.958,-0.664
-3.054,0.29
-3.016,-1.102
-3.085,0.269
-3.12,-0.521
-3.115,0.475
3.108,-0.812
-3.125,0.896
-3.127,-2.652
3.062,-0.849
3.11,0.637
3.096,-1.487
3.122,0.806
3.048,0.553
3.055,-0.895
3.043,0.411
3.059,-0.937
2.992,0.408
3.049,-0.799
2.941,1.139
3.006,-0.836
3.006,-2.627
2.94,0.447
2.9,-0.114
2.862,-1.497
2.913,0.636
2.91,0.111
2.907,-1.31
2.796,-0.656
2.855,-1.26
2.864,-1.345
2.768,-1.562
2.734,-1.712
2.575,-1.479
2.632,-0.741
2.565,-1.298
2.479,-1.983
2.36,-0.466
2.33,0.191
2.342,-0.65
2.313,1.162
2.337,0.229
2.282,0.618
2.261,1.077
2.205,-2.687
2.269,-0.173
2.22,1.132
2.185,0.523
2.151,-1.953
2.029,0.131
2.088,0.973
2.062,0.555
1.986,-2.09
1.027,-2.736
0.348,-2.701
0.321,-2.761
-0.102,-3.021
-0.148,-2.83
-0.43,-3.126
-0.434,-3.024
-0.587,-2.749
-0.85,-2.776
-1.329,-3.035
-1.331,-2.772
-1.683,-3.206
-1.712,-2.975
-1.953,-2.95
-2.379,-3.135
-2.546,-2.876
-3.108,-2.854
3.09,-2.786
2.504,-2.808
2.528,-2.873
2.084,-2.683
1.833,1.313
1.589,1.525
1.346,1.297
0.51,1.484
0.245,1.445
0.048,1.425
-0.024,1.353
-0.146,1.587
-0.358,1.631
-0.522,1.416
-0.554,1.317
-0.901,1.638
-2.839,1.566
-2.79,1.408
-2.96,1.616
-2.988,1.612
-3.067,1.59
3.019,1.273
2.484,1.577
2.241,1.687
2.101,1.359
0.187,-2.497
-0.369,1.018
-0.699,-2.269
-1.145,1.177
-3.025,0.907
-3.021,-1.192
-3.07,1.06
2.503,-2.369
2.261,0.567
2.343,0.295
1.329,-2.864
-1.985,-3.159
2.62,-3.092
0.336,1.296
2.996,1.572
1.781,-2.423
1.749,-0.983
1.709,0.844
1.591,-1.407
1.737,-2.477
1.582,-0.685
1.488,-1.111
1.477,0.747
1.293,-2.662
1.236,-1.03
1.312,-0.132
1.294,1.032
1.05,-0.09
0.886,-0.032
1.003,-2.708
0.995,-1.337
0.997,-1.339
0.952,-1.924
0.982,1.137
0.887,-2.359
0.733,-0.684
0.697,-1.374
0.675,-1.154
0.737,-2.424
0.584,-0.96
0.66,-0.326
0.646,-1.301
0.514,-0.896
0.394,0.041
0.135,-1.74
0.282,-1.04
0.07,1.013
0.043,-2.526
0.008,0.822
0.06,-0.253
-0.102,-0.973
-0.106,-2.645
0.003,0.033
-0.13,0.355
-0.16,-0.504
-0.161,-0.953
-0.19,-1.722
-0.095,-1.587
-0.083,1.087
-0.206,-1.239
-0.128,-2.029
-0.259,0.924
-0.274,-0.368
-0.32,-2.031
-0.302,-2.54
-0.502,-2.578
-0.56,-2.464
-0.562,0.616
-0.456,1.076
-0.533,-0.689
-0.55,-0.602
-0.629,-0.82
-0.603,-2.524
-0.774,-1.251
-0.814,0.952
-0.953,-2.372
-0.932,0.084
-0.974,1.029
-0.846,-1.991
-1.147,-1.658
-1.011,-2.637
-1.148,-2.634
-1.142,-0.01
-1.21,-0.657
-1.213,-1.704
-1.456,-1.709
-1.302,1.026
-1.472,0.155
-1.483,1.212
-1.352,-2.382
-1.511,-1.189
-1.539,-2.364
-1.724,0.813
-1.731,-1.577
-1.71,-0.573
-1.687,0.035
-1.69,-0.298
-1.853,-0.585
-1.763,-0.73
-1.888,-1.585
-1.871,0.064
-2.087,0.71
-2.161,1.218
-2.103,0.993
-2.244,-2.219
-2.2,0.737
-2.379,-2.444
-2.546,-0.332
-2.621,0.348
-2.634,-2.598
-2.602,-2.484
-2.601,1.24
-2.659,-0.593
-2.826,-0.065
-2.856,-2.546
-2.99,-1.453
3.104,-0.865
3.13,-2.772
3.07,-2.772
-3.107,-0.218
-3.14,-0.784
-3.125,-0.093
2.614,-1.805
2.606,-1.58
2.459,-0.584
2.483,-1.75
2.365,-1.664
2.457,0.001
2.305,-0.719
2.416,-1.058
2.416,-0.158
2.278,-1.295
2.349,-0.963
2.15,0.021
2.264,-2.399
2.047,-2.605
1.39,-2.772
1.507,-2.813
1.304,-2.718
0.845,-3.051
0.873,-3.122
0.61,-2.97
0.69,-2.773
0.578,-2.81
-0.104,-2.981
-0.038,-2.729
-0.012,-2.847
-0.349,-2.84
-0.511,-3.079
-1.318,-2.94
-1.313,-3.149
-1.576,-2.923
-1.582,-2.944
2.577,-3.037
2.092,-2.868
2.037,1.377
1.862,1.608
1.063,1.663
0.755,1.44
0.096,1.343
-0.104,1.301
-1.108,1.429
-1.126,1.337
-1.243,1.345
-1.668,1.472
-2.071,1.341
-2.745,1.516
3.081,1.37
2.819,1.354
1.148,-0.617
0.764,-0.616
-0.081,-1.241
-2.147,-0.616
-2.329,0.0
-3.049,0.75
2.965,0.963
2.373,-2.15
-1.871,-0.307
-2.558,0.056
2.843,-0.012
2.826,0.872
2.83,0.306
2.766,0.873
2.775,-0.694
2.747,0.713
2.663,0.098
2.625,0.131
2.545,-0.551
2.513,0.671
2.589,0.78
2.457,-0.127
2.365,-0.56
0.445,-1.511
-0.846,-0.382
2.783,-1.907
2.357,-0.45
2.101,-0.393
0.375,-2.742
0.257,-2.612
-1.188,-2.495
-0.175,1.192
0.444,-2.681
-0.155,-2.857
0.016,-1.322
-0.051,-0.191
-0.036,-2.789
-0.143,-0.233
-0.149,-2.322
-0.168,-1.576
-0.234,0.075
-0.226,-0.84
-0.227,-2.825
-0.322,-2.964
-0.354,-0.874
-0.284,-1.84
-0.328,-1.66
-0.359,-2.587
-0.432,-1.525
-0.441,-0.535
-0.438,0.772
-0.371,-1.061
-0.464,-2.297
-0.492,0.521
-0.438,-0.08
-0.526,-0.844
-0.511,-0.859
-0.586,-1.465
-0.605,-0.793
-0.536,-1.024
-0.638,-2.548
-0.585,-0.19
-0.635,-0.629
-0.709,-0.73
-0.721,-2.112
-0.685,-0.369
-0.688,0.17
-0.689,-2.56
-0.721,-0.437
-0.8,-1.294
-0.765,-2.132
-0.814,-1.182
-0.865,-1.833
-0.885,-2.961
-0.837,-0.987
-0.857,-1.472
-0.937,-3.103
-0.979,-0.821
-0.933,-2.902
-0.932,0.29
-1.034,0.033
-1.082,-0.639
-1.151,-0.263
-1.216,-0.097
-1.157,-0.421
-1.206,-1.979
-1.217,0.008
-1.348,-0.318
-1.352,0.566
-1.304,-1.414
-1.405,0.785
-1.49,-1.447
-1.537,-2.183
-1.548,-2.886
-1.542,-0.188
-1.59,-0.385
-1.551,0.081
-1.599,0.243
-1.735,-1.265
-1.684,-1.537
-1.681,-0.382
-1.795,-3.047
-1.752,-2.595
-1.846,-1.009
-1.772,0.356
-1.866,-0.92
-1.832,-3.108
-1.878,-0.081
-1.814,0.267
-1.889,-0.628
-1.899,-0.41
-1.926,-3.24
-1.987,-0.812
-1.963,-3.061
-1.987,0.724
-2.077,-2.285
-2.221,-0.954
-2.178,-1.654
-2.264,0.376
-2.307,-1.049
-2.289,-2.052
-2.403,-0.607
-2.403,-2.574
-2.472,-1.511
-2.539,0.417
-2.624,0.653
-2.727,-1.234
-2.718,-2.533
-2.735,-0.796
-2.824,-2.079
-2.883,-1.809
-2.921,-2.525
-2.944,-1.881
-2.87,-1.063
-2.883,-1.146
-2.979,-0.192
-2.941,-1.584
-3.01,-0.213
-3.045,-1.003
-3.04,-0.007
-3.1,-1.294
-3.05,0.414
-3.052,-3.134
3.137,-1.331
-3.098,0.155
-3.112,-1.969
-3.086,0.324
3.123,0.071
3.13,-1.377
3.118,-0.071
3.134,-1.419
3.067,-0.074
3.124,-1.281
3.016,0.657
3.081,-1.318
3.081,-3.109
3.015,-0.035
2.975,-0.596
2.937,-1.979
2.988,0.154
2.985,-0.371
2.982,-1.792
2.871,-1.138
2.93,-1.742
2.939,-1.827
2.843,-2.044
2.809,-2.194
2.65,-1.961
2.707,-1.223
2.64,-1.78
2.554,-2.465
2.435,-0.948
2.405,-0.291
2.417,-1.132
2.388,0.68
2.412,-0.253
2.357,0.136
2.336,0.595
2.28,-3.169
2.344,-0.655
2.295,0.65
2.26,0.041
2.226,-2.435
2.104,-0.351
2.163,0.491
2.137,0.073
2.061,-2.572
1.102,-3.218
0.423,-3.183
0.396,-3.243
-0.027,-3.503
-0.073,-3.312
-0.355,-3.608
-0.359,-3.506
-0.512,-3.231
-0.775,-3.258
-1.254,-3.517
-1.256,-3.254
-1.608,-3.688
-1.637,-3.457
-1.878,-3.432
-2.304,-3.617
-2.471,-3.358
-3.033,-3.336
-3.118,-3.268
2.579,-3.29
2.603,-3.355
2.159,-3.165
1.908,0.831
1.664,1.043
1.421,0.815
0.585,1.002
0.32,0.963
0.123,0.943
0.051,0.871
-0.071,1.105
-0.283,1.149
-0.447,0.934
-0.479,0.835
-0.826,1.156
-2.764,1.084
-2.715,0.926
-2.885,1.134
-2.913,1.13
-2.992,1.108
3.094,0.791
2.559,1.095
2.316,1.205
2.176,0.877
0.262,-2.979
-0.294,0.536
-0.624,-2.751
-1.07,0.695
-2.95,0.425
-2.946,-1.674
-2.995,0.578
2.578,-2.851
2.336,0.085
2.418,-0.187
1.404,-3.346
-1.91,-3.641
2.695,-3.574
0.411,0.814
3.071,1.09
1.856,-2.905
1.824,-1.465
1.784,0.362
1.666,-1.889
1.812,-2.959
1.657,-1.167
1.563,-1.593
1.552,0.265
1.368,-3.144
1.311,-1.512
1.387,-0.614
1.369,0.55
1.125,-0.572
0.961,-0.514
1.078,-3.19
1.07,-1.819
1.072,-1.821
1.027,-2.406
1.057,0.655
0.962,-2.841
0.808,-1.166
0.772,-1.856
0.75,-1.636
0.812,-2.906
0.659,-1.442
0.735,-0.808
0.721,-1.783
0.589,-1.378
0.469,-0.441
0.21,-2.222
0.357,-1.522
0.145,0.531
0.118,-3.008
0.083,0.34
0.135,-0.735
-0.027,-1.455
-0.031,-3.127
0.078,-0.449
-0.055,-0.127
-0.085,-0.986
-0.086,-1.435
-0.115,-2.204
-0.02,-2.069
-0.008,0.605
-0.131,-1.721
-0.053,-2.511
-0.184,0.442
-0.199,-0.85
-0.245,-2.513
-0.227,-3.022
-0.427,-3.06
-0.485,-2.946
-0.487,0.134
-0.381,0.594
-0.458,-1.171
-0.475,-1.084
-0.554,-1.302
-0.528,-3.006
-0.699,-1.733
-0.739,0.47
-0.878,-2.854
-0.857,-0.398
-0.899,0.547
-0.771,-2.473
-1.072,-2.14
-0.936,-3.119
-1.073,-3.116
-1.067,-0.492
-1.135,-1.139
-1.138,-2.186
-1.381,-2.191
-1.227,0.544
-1.397,-0.327
-1.408,0.73
-1.277,-2.864
-1.436,-1.671
-1.464,-2.846
-1.649,0.331
-1.656,-2.059
-1.635,-1.055
-1.612,-0.447
-1.615,-0.78
-1.778,-1.067
-1.688,-1.212
-1.813,-2.067
-1.796,-0.418
-2.012,0.228
-2.086,0.736
-2.028,0.511
-2.169,-2.701
-2.125,0.255
-2.304,-2.926
-2.471,-0.814
-2.546,-0.134
-2.559,-3.08
-2.527,-2.966
-2.526,0.758
-2.584,-1.075
-2.751,-0.547
-2.781,-3.028
-2.915,-1.935
-3.104,-1.347
-3.078,-3.254
-3.138,-3.254
-3.032,-0.7
-3.065,-1.266
-3.05,-0.575
2.689,-2.287
2.681,-2.062
2.534,-1.066
2.558,-2.232
2.44,-2.146
2.532,-0.481
2.38,-1.201
2.491,-1.54
2.491,-0.64
2.353,-1.777
2.424,-1.445
2.225,-0.461
2.339,-2.881
2.122,-3.087
1.465,-3.254
1.582,-3.295
1.379,-3.2
0.92,-3.533
0.948,-3.604
0.685,-3.452
0.765,-3.255
0.653,-3.292
-0.029,-3.463
0.037,-3.211
0.063,-3.329
-0.274,-3.322
-0.436,-3.561
-1.243,-3.422
-1.238,-3.631
-1.501,-3.405
-1.507,-3.426
2.652,-3.519
2.167,-3.35
2.112,0.895
1.937,1.126
1.138,1.181
0.83,0.958
0.171,0.861
-0.029,0.819
-1.033,0.947
-1.051,0.855
-1.168,0.863
-1.593,0.99
-1.996,0.859
-2.67,1.034
-3.127,0.888
2.894,0.872
1.223,-1.099
0.839,-1.098
-0.006,-1.723
-2.072,-1.098
-2.254,-0.482
-2.974,0.268
3.04,0.481
2.448,-2.632
-1.796,-0.789
-2.483,-0.426
2.918,-0.494
2.901,0.39
2.905,-0.176
2.841,0.391
2.85,-1.176
2.822,0.231
2.738,-0.384
2.7,-0.351
2.62,-1.033
2.588,0.189
2.664,0.298
2.532,-0.609
2.44,-1.042
0.52,-1.993
-0.771,-0.864
2.858,-2.389
2.432,-0.932
2.176,-0.875
0.45,-3.224
0.332,-3.094
-1.113,-2.977
-0.1,0.71
0.519,-3.163
-0.08,-3.339
-0.067,1.131
-0.052,-1.467
-0.159,1.089
-0.165,-1.0
-0.184,-0.254
-0.25,1.397
-0.242,0.482
-0.243,-1.503
-0.338,-1.642
-0.37,0.448
-0.3,-0.518
-0.344,-0.338
-0.375,-1.265
-0.448,-0.203
-0.457,0.787
-0.454,2.094
-0.387,0.261
-0.48,-0.975
-0.508,1.843
-0.454,1.242
-0.542,0.478
-0.527,0.463
-0.602,-0.143
-0.621,0.529
-0.552,0.298
-0.654,-1.226
-0.601,1.132
-0.651,0.693
-0.725,0.592
-0.737,-0.79
-0.701,0.953
-0.704,1.492
-0.705,-1.238
-0.737,0.885
-0.816,0.028
-0.781,-0.81
-0.83,0.14
-0.881,-0.511
-0.901,-1.639
-0.853,0.335
-0.873,-0.15
-0.953,-1.781
-0.995,0.501
-0.949,-1.58
-0.948,1.612
-1.05,1.355
-1.098,0.683
-1.167,1.059
-1.232,1.225
-1.173,0.901
-1.222,-0.657
-1.233,1.33
-1.364,1.004
-1.368,1.888
-1.32,-0.092
-1.421,2.107
-1.506,-0.125
-1.553,-0.861
-1.564,-1.564
-1.558,1.134
-1.606,0.937
-1.567,1.403
-1.615,1.565
-1.751,0.057
-1.7,-0.215
-1.697,0.94
-1.811,-1.725
-1.768,-1.273
-1.862,0.313
-1.788,1.678
-1.882,0.402
-1.848,-1.786
-1.894,1.241
-1.83,1.589
-1.905,0.694
-1.915,0.912
-1.942,-1.918
-2.003,0.51
-1.979,-1.739
-2.003,2.046
-2.093,-0.963
-2.237,0.368
-2.194,-0.332
-2.28,1.698
-2.323,0.273
-2.305,-0.73
-2.419,0.715
-2.419,-1.252
-2.488,-0.189
-2.555,1.739
-2.64,1.975
-2.743,0.088
-2.734,-1.211
-2.751,0.526
-2.84,-0.757
-2.899,-0.487
-2.937,-1.203
-2.96,-0.559
-2.886,0.259
-2.899,0.176
-2.995,1.13
-2.957,-0.262
-3.026,1.109
-3.061,0.319
-3.056,1.315
-3.116,0.028
-3.066,1.736
-3.068,-1.812
3.121,-0.009
-3.114,1.477
-3.128,-0.647
-3.102,1.646
3.107,1.393
3.114,-0.055
3.102,1.251
3.118,-0.097
3.051,1.248
3.108,0.041
3.0,1.979
3.065,0.004
3.065,-1.787
2.999,1.287
2.959,0.726
2.921,-0.657
2.972,1.476
2.969,0.951
2.966,-0.47
2.855,0.184
2.914,-0.42
2.923,-0.505
2.827,-0.722
2.793,-0.872
2.634,-0.639
2.691,0.099
2.624,-0.458
2.538,-1.143
2.419,0.374
2.389,1.031
2.401,0.19
2.372,2.002
2.396,1.069
2.341,1.458
2.32,1.917
2.264,-1.847
2.328,0.667
2.279,1.972
2.244,1.363
2.21,-1.113
2.088,0.971
2.147,1.813
2.121,1.395
2.045,-1.25
1.086,-1.896
0.407,-1.861
0.38,-1.921
-0.043,-2.181
-0.089,-1.99
-0.371,-2.286
-0.375,-2.184
-0.528,-1.909
-0.791,-1.936
-1.27,-2.195
-1.272,-1.932
-1.624,-2.366
-1.653,-2.135
-1.894,-2.11
-2.32,-2.295
-2.487,-2.036
-3.049,-2.014
-3.134,-1.946
2.563,-1.968
2.587,-2.033
2.143,-1.843
1.892,2.153
1.648,2.365
1.405,2.137
0.569,2.324
0.304,2.285
0.107,2.265
0.035,2.193
-0.087,2.427
-0.299,2.471
-0.463,2.256
-0.495,2.157
-0.842,2.478
-2.78,2.406
-2.731,2.248
-2.901,2.456
-2.929,2.452
-3.008,2.43
3.078,2.113
2.543,2.417
2.3,2.527
2.16,2.199
0.246,-1.657
-0.31,1.858
-0.64,-1.429
-1.086,2.017
-2.966,1.747
-2.962,-0.352
-3.011,1.9
2.562,-1.529
2.32,1.407
2.402,1.135
1.388,-2.024
-1.926,-2.319
2.679,-2.252
0.395,2.136
3.055,2.412
1.84,-1.583
1.808,-0.143
1.768,1.684
1.65,-0.567
1.796,-1.637
1.641,0.155
1.547,-0.271
1.536,1.587
1.352,-1.822
1.295,-0.19
1.371,0.708
1.353,1.872
1.109,0.75
0.945,0.808
1.062,-1.868
1.054,-0.497
1.056,-0.499
1.011,-1.084
1.041,1.977
0.946,-1.519
0.792,0.156
0.756,-0.534
0.734,-0.314
0.796,-1.584
0.643,-0.12
0.719,0.514
0.705,-0.461
0.573,-0.056
0.453,0.881
0.194,-0.9
0.341,-0.2
0.129,1.853
0.102,-1.686
0.067,1.662
0.119,0.587
-0.043,-0.133
-0.047,-1.805
0.062,0.873
-0.071,1.195
-0.101,0.336
-0.102,-0.113
-0.131,-0.882
-0.036,-0.747
-0.024,1.927
-0.147,-0.399
-0.069,-1.189
-0.2,1.764
-0.215,0.472
-0.261,-1.191
-0.243,-1.7
-0.443,-1.738
-0.501,-1.624
-0.503,1.456
-0.397,1.916
-0.474,0.151
-0.491,0.238
-0.57,0.02
-0.544,-1.684
-0.715,-0.411
-0.755,1.792
-0.894,-1.532
-0.873,0.924
-0.915,1.869
-0.787,-1.151
-1.088,-0.818
-0.952,-1.797
-1.089,-1.794
-1.083,0.83
-1.151,0.183
-1.154,-0.864
-1.397,-0.869
-1.243,1.866
-1.413,0.995
-1.424,2.052
-1.293,-1.542
-1.452,-0.349
-1.48,-1.524
-1.665,1.653
-1.672,-0.737
-1.651,0.267
-1.628,0.875
-1.631,0.542
-1.794,0.255
-1.704,0.11
-1.829,-0.745
-1.812,0.904
-2.028,1.55
-2.102,2.058
-2.044,1.833
-2.185,-1.379
-2.141,1.577
-2.32,-1.604
-2.487,0.508
-2.562,1.188
-2.575,-1.758
-2.543,-1.644
-2.542,2.08
-2.6,0.247
-2.767,0.775
-2.797,-1.706
-2.931,-0.613
-3.12,-0.025
-3.094,-1.932
3.129,-1.932
-3.048,0.622
-3.081,0.056
-3.066,0.747
2.673,-0.965
2.665,-0.74
2.518,0.256
2.542,-0.91
2.424,-0.824
2.516,0.841
2.364,0.121
2.475,-0.218
2.475,0.682
2.337,-0.455
2.408,-0.123
2.209,0.861
2.323,-1.559
2.106,-1.765
1.449,-1.932
1.566,-1.973
1.363,-1.878
0.904,-2.211
0.932,-2.282
0.669,-2.13
0.749,-1.933
0.637,-1.97
-0.045,-2.141
0.021,-1.889
0.047,-2.007
-0.29,-2.0
-0.452,-2.239
-1.259,-2.1
-1.254,-2.309
-1.517,-2.083
-1.523,-2.104
2.636,-2.197
2.151,-2.028
2.096,2.217
1.921,2.448
1.122,2.503
0.814,2.28
0.155,2.183
-0.045,2.141
-1.049,2.269
-1.067,2.177
-1.184,2.185
-1.609,2.312
-2.012,2.181
-2.686,2.356
3.14,2.21
2.878,2.194
1.207,0.223
0.823,0.224
-0.022,-0.401
-2.088,0.224
-2.27,0.84
-2.99,1.59
3.024,1.803
2.432,-1.31
-1.812,0.533
-2.499,0.896
2.902,0.828
2.885,1.712
2.889,1.146
2.825,1.713
2.834,0.146
2.806,1.553
2.722,0.938
2.684,0.971
2.604,0.289
2.572,1.511
2.648,1.62
2.516,0.713
2.424,0.28
0.504,-0.671
-0.787,0.458
2.842,-1.067
2.416,0.39
2.16,0.447
0.434,-1.902
0.316,-1.772
-1.129,-1.655
-0.116,2.032
0.503,-1.841
-0.096,-2.017
0.015,-2.598
-0.092,-0.042
-0.098,-2.131
-0.117,-1.385
-0.183,0.266
-0.175,-0.649
-0.176,-2.634
-0.271,-2.773
-0.303,-0.683
-0.233,-1.649
-0.277,-1.469
-0.308,-2.396
-0.381,-1.334
-0.39,-0.344
-0.387,0.963
-0.32,-0.87
-0.413,-2.106
-0.441,0.712
-0.387,0.111
-0.475,-0.653
-0.46,-0.668
-0.535,-1.274
-0.554,-0.602
-0.485,-0.833
-0.587,-2.357
-0.534,0.001
-0.584,-0.438
-0.658,-0.539
-0.67,-1.921
-0.634,-0.178
-0.637,0.361
-0.638,-2.369
-0.67,-0.246
-0.749,-1.103
-0.714,-1.941
-0.763,-0.991
-0.814,-1.642
-0.834,-2.77
-0.786,-0.796
-0.806,-1.281
-0.886,-2.912
-0.928,-0.63
-0.882,-2.711
-0.881,0.481
-0.983,0.224
-1.031,-0.448
-1.1,-0.072
-1.165,0.094
-1.106,-0.23
-1.155,-1.788
-1.166,0.199
-1.297,-0.127
-1.301,0.757
-1.253,-1.223
-1.354,0.976
-1.439,-1.256
-1.486,-1.992
-1.497,-2.695
-1.491,0.003
-1.539,-0.194
-1.5,0.272
-1.548,0.434
-1.684,-1.074
-1.633,-1.346
-1.63,-0.191
-1.744,-2.856
-1.701,-2.404
-1.795,-0.818
-1.721,0.547
-1.815,-0.729
-1.781,-2.917
-1.827,0.11
-1.763,0.458
-1.838,-0.437
-1.848,-0.219
-1.875,-3.049
-1.936,-0.621
-1.912,-2.87
-1.936,0.915
-2.026,-2.094
-2.17,-0.763
-2.127,-1.463
-2.213,0.567
-2.256,-0.858
-2.238,-1.861
-2.352,-0.416
-2.352,-2.383
-2.421,-1.32
-2.488,0.608
-2.573,0.844
-2.676,-1.043
-2.667,-2.342
-2.684,-0.605
-2.773,-1.888
-2.832,-1.618
-2.87,-2.334
-2.893,-1.69
-2.819,-0.872
-2.832,-0.955
-2.928,-0.001
-2.89,-1.393
-2.959,-0.022
-2.994,-0.812
-2.989,0.184
-3.049,-1.103
-2.999,0.605
-3.001,-2.943
-3.095,-1.14
-3.047,0.346
-3.061,-1.778
-3.035,0.515
-3.109,0.262
-3.102,-1.186
-3.114,0.12
-3.098,-1.228
3.118,0.117
-3.108,-1.09
3.067,0.848
3.132,-1.127
3.132,-2.918
3.066,0.156
3.026,-0.405
2.988,-1.788
3.039,0.345
3.036,-0.18
3.033,-1.601
2.922,-0.947
2.981,-1.551
2.99,-1.636
2.894,-1.853
2.86,-2.003
2.701,-1.77
2.758,-1.032
2.691,-1.589
2.605,-2.274
2.486,-0.757
2.456,-0.1
2.468,-0.941
2.439,0.871
2.463,-0.062
2.408,0.327
2.387,0.786
2.331,-2.978
2.395,-0.464
2.346,0.841
2.311,0.232
2.277,-2.244
2.155,-0.16
2.214,0.682
2.188,0.264
2.112,-2.381
1.153,-3.027
0.474,-2.992
0.447,-3.052
0.024,-3.312
-0.022,-3.121
-0.304,-3.417
-0.308,-3.315
-0.461,-3.04
-0.724,-3.067
-1.203,-3.326
-1.205,-3.063
-1.557,-3.497
-1.586,-3.266
-1.827,-3.241
-2.253,-3.426
-2.42,-3.167
-2.982,-3.145
-3.067,-3.077
2.63,-3.099
2.654,-3.164
2.21,-2.974
1.959,1.022
1.715,1.234
1.472,1.006
0.636,1.193
0.371,1.154
0.174,1.134
0.102,1.062
-0.02,1.296
-0.232,1.34
-0.396,1.125
-0.428,1.026
-0.775,1.347
-2.713,1.275
-2.664,1.117
-2.834,1.325
-2.862,1.321
-2.941,1.299
-3.138,0.982
2.61,1.286
2.367,1.396
2.227,1.068
0.313,-2.788
-0.243,0.727
-0.573,-2.56
-1.019,0.886
-2.899,0.616
-2.895,-1.483
-2.944,0.769
2.629,-2.66
2.387,0.276
2.469,0.004
1.455,-3.155
-1.859,-3.45
2.746,-3.383
0.462,1.005
3.122,1.281
1.907,-2.714
1.875,-1.274
1.835,0.553
1.717,-1.698
1.863,-2.768
1.708,-0.976
1.614,-1.402
1.603,0.456
1.419,-2.953
1.362,-1.321
1.438,-0.423
1.42,0.741
1.176,-0.381
1.012,-0.323
1.129,-2.999
1.121,-1.628
1.123,-1.63
1.078,-2.215
1.108,0.846
1.013,-2.65
0.859,-0.975
0.823,-1.665
0.801,-1.445
0.863,-2.715
0.71,-1.251
0.786,-0.617
0.772,-1.592
0.64,-1.187
0.52,-0.25
0.261,-2.031
0.408,-1.331
0.196,0.722
0.169,-2.817
0.134,0.531
0.186,-0.544
0.024,-1.264
0.02,-2.936
0.129,-0.258
-0.004,0.064
-0.034,-0.795
-0.035,-1.244
-0.064,-2.013
0.031,-1.878
0.043,0.796
-0.08,-1.53
-0.002,-2.32
-0.133,0.633
-0.148,-0.659
-0.194,-2.322
-0.176,-2.831
-0.376,-2.869
-0.434,-2.755
-0.436,0.325
-0.33,0.785
-0.407,-0.98
-0.424,-0.893
-0.503,-1.111
-0.477,-2.815
-0.648,-1.542
-0.688,0.661
-0.827,-2.663
-0.806,-0.207
-0.848,0.738
-0.72,-2.282
-1.021,-1.949
-0.885,-2.928
-1.022,-2.925
-1.016,-0.301
-1.084,-0.948
-1.087,-1.995
-1.33,-2.0
-1.176,0.735
-1.346,-0.136
-1.357,0.921
-1.226,-2.673
-1.385,-1.48
-1.413,-2.655
-1.598,0.522
-1.605,-1.868
-1.584,-0.864
-1.561,-0.256
-1.564,-0.589
-1.727,-0.876
-1.637,-1.021
-1.762,-1.876
-1.745,-0.227
-1.961,0.419
-2.035,0.927
-1.977,0.702
-2.118,-2.51
-2.074,0.446
-2.253,-2.735
-2.42,-0.623
-2.495,0.057
-2.508,-2.889
-2.476,-2.775
-2.475,0.949
-2.533,-0.884
-2.7,-0.356
-2.73,-2.837
-2.864,-1.744
-3.053,-1.156
-3.027,-3.063
-3.087,-3.063
-2.981,-0.509
-3.014,-1.075
-2.999,-0.384
2.74,-2.096
2.732,-1.871
2.585,-0.875
2.609,-2.041
2.491,-1.955
2.583,-0.29
2.431,-1.01
2.542,-1.349
2.542,-0.449
2.404,-1.586
2.475,-1.254
2.276,-0.27
2.39,-2.69
2.173,-2.896
1.516,-3.063
1.633,-3.104
1.43,-3.009
0.971,-3.342
0.999,-3.413
0.736,-3.261
0.816,-3.064
0.704,-3.101
0.022,-3.272
0.088,-3.02
0.114,-3.138
-0.223,-3.131
-0.385,-3.37
-1.192,-3.231
-1.187,-3.44
-1.45,-3.214
-1.456,-3.235
2.703,-3.328
2.218,-3.159
2.163,1.086
1.988,1.317
1.189,1.372
0.881,1.149
0.222,1.052
0.022,1.01
-0.982,1.138
-1.0,1.046
-1.117,1.054
-1.542,1.181
-1.945,1.05
-2.619,1.225
-3.076,1.079
2.945,1.063
1.274,-0.908
0.89,-0.907
0.045,-1.532
-2.021,-0.907
-2.203,-0.291
-2.923,0.459
3.091,0.672
2.499,-2.441
-1.745,-0.598
-2.432,-0.235
2.969,-0.303
2.952,0.581
2.956,0.015
2.892,0.582
2.901,-0.985
2.873,0.422
2.789,-0.193
2.751,-0.16
2.671,-0.842
2.639,0.38
2.715,0.489
2.583,-0.418
2.491,-0.851
0.571,-1.802
-0.72,-0.673
2.909,-2.198
2.483,-0.741
2.227,-0.684
0.501,-3.033
0.383,-2.903
-1.062,-2.786
-0.049,0.901
0.57,-2.972
-0.029,-3.148
-0.107,2.556
-0.113,0.467
-0.132,1.213
-0.198,2.864
-0.19,1.949
-0.191,-0.036
-0.286,-0.175
-0.318,1.915
-0.248,0.949
-0.292,1.129
-0.323,0.202
-0.396,1.264
-0.405,2.254
-0.402,3.561
-0.335,1.728
-0.428,0.492
-0.456,3.31
-0.402,2.709
-0.49,1.945
-0.475,1.93
-0.55,1.324
-0.569,1.996
-0.5,1.765
-0.602,0.241
-0.549,2.599
-0.599,2.16
-0.673,2.059
-0.685,0.677
-0.649,2.42
-0.652,2.959
-0.653,0.229
-0.685,2.352
-0.764,1.495
-0.729,0.657
-0.778,1.607
-0.829,0.956
-0.849,-0.172
-0.801,1.802
-0.821,1.317
-0.901,-0.314
-0.943,1.968
-0.897,-0.113
-0.896,3.079
-0.998,2.822
-1.046,2.15
-1.115,2.526
-1.18,2.692
-1.121,2.368
-1.17,0.81
-1.181,2.797
-1.312,2.471
-1.316,3.355
-1.268,1.375
-1.369,3.574
-1.454,1.342
-1.501,0.606
-1.512,-0.097
-1.506,2.601
-1.554,2.404
-1.515,2.87
-1.563,3.032
-1.699,1.524
-1.648,1.252
-1.645,2.407
-1.759,-0.258
-1.716,0.194
-1.81,1.78
-1.736,3.145
-1.83,1.869
-1.796,-0.319
-1.842,2.708
-1.778,3.056
-1.853,2.161
-1.863,2.379
-1.89,-0.451
-1.951,1.977
-1.927,-0.272
-1.951,3.513
-2.041,0.504
-2.185,1.835
-2.142,1.135
-2.228,3.165
-2.271,1.74
-2.253,0.737
-2.367,2.182
-2.367,0.215
-2.436,1.278
-2.503,3.206
-2.588,3.442
-2.691,1.555
-2.682,0.256
-2.699,1.993
-2.788,0.71
-2.847,0.98
-2.885,0.264
-2.908,0.908
-2.834,1.726
-2.847,1.643
-2.943,2.597
-2.905,1.205
-2.974,2.576
-3.009,1.786
-3.004,2.782
-3.064,1.495
-3.014,3.203
-3.016,-0.345
-3.11,1.458
-3.062,2.944
-3.076,0.82
-3.05,3.113
-3.124,2.86
-3.117,1.412
-3.129,2.718
-3.113,1.37
3.103,2.715
-3.123,1.508
3.052,3.446
3.117,1.471
3.117,-0.32
3.051,2.754
3.011,2.193
2.973,0.81
3.024,2.943
3.021,2.418
3.018,0.997
2.907,1.651
2.966,1.047
2.975,0.962
2.879,0.745
2.845,0.595
2.686,0.828
2.743,1.566
2.676,1.009
2.59,0.324
2.471,1.841
2.441,2.498
2.453,1.657
2.424,3.469
2.448,2.536
2.393,2.925
2.372,3.384
2.316,-0.38
2.38,2.134
2.331,3.439
2.296,2.83
2.262,0.354
2.14,2.438
2.199,3.28
2.173,2.862
2.097,0.217
1.138,-0.429
0.459,-0.394
0.432,-0.454
0.009,-0.714
-0.037,-0.523
-0.319,-0.819
-0.323,-0.717
-0.476,-0.442
-0.739,-0.469
-1.218,-0.728
-1.22,-0.465
-1.572,-0.899
-1.601,-0.668
-1.842,-0.643
-2.268,-0.828
-2.435,-0.569
-2.997,-0.547
-3.082,-0.479
2.615,-0.501
2.639,-0.566
2.195,-0.376
1.944,3.62
1.7,3.832
1.457,3.604
0.621,3.791
0.356,3.752
0.159,3.732
0.087,3.66
-0.035,3.894
-0.247,3.938
-0.411,3.723
-0.443,3.624
-0.79,3.945
-2.728,3.873
-2.679,3.715
-2.849,3.923
-2.877,3.919
-2.956,3.897
3.13,3.58
2.595,3.884
2.352,3.994
2.212,3.666
0.298,-0.19
-0.258,3.325
-0.588,0.038
-1.034,3.484
-2.914,3.214
-2.91,1.115
-2.959,3.367
2.614,-0.062
2.372,2.874
2.454,2.602
1.44,-0.557
-1.874,-0.852
2.731,-0.785
0.447,3.603
3.107,3.879
1.892,-0.116
1.86,1.324
1.82,3.151
1.702,0.9
1.848,-0.17
1.693,1.622
1.599,1.196
1.588,3.054
1.404,-0.355
1.347,1.277
1.423,2.175
1.405,3.339
1.161,2.217
0.997,2.275
1.114,-0.401
1.106,0.97
1.108,0.968
1.063,0.383
1.093,3.444
0.998,-0.052
0.844,1.623
0.808,0.933
0.786,1.153
0.848,-0.117
0.695,1.347
0.771,1.981
0.757,1.006
0.625,1.411
0.505,2.348
0.246,0.567
0.393,1.267
0.181,3.32
0.154,-0.219
0.119,3.129
0.171,2.054
0.009,1.334
0.005,-0.338
0.114,2.34
-0.019,2.662
-0.049,1.803
-0.05,1.354
-0.079,0.585
0.016,0.72
0.028,3.394
-0.095,1.068
-0.017,0.278
-0.148,3.231
-0.163,1.939
-0.209,0.276
-0.191,-0.233
-0.391,-0.271
-0.449,-0.157
-0.451,2.923
-0.345,3.383
-0.422,1.618
-0.439,1.705
-0.518,1.487
-0.492,-0.217
-0.663,1.056
-0.703,3.259
-0.842,-0.065
-0.821,2.391
-0.863,3.336
-0.735,0.316
-1.036,0.649
-0.9,-0.33
-1.037,-0.327
-1.031,2.297
-1.099,1.65
-1.102,0.603
-1.345,0.598
-1.191,3.333
-1.361,2.462
-1.372,3.519
-1.241,-0.075
-1.4,1.118
-1.428,-0.057
-1.613,3.12
-1.62,0.73
-1.599,1.734
-1.576,2.342
-1.579,2.009
-1.742,1.722
-1.652,1.577
-1.777,0.722
-1.76,2.371
-1.976,3.017
-2.05,3.525
-1.992,3.3
-2.133,0.088
-2.089,3.044
-2.268,-0.137
-2.435,1.975
-2.51,2.655
-2.523,-0.291
-2.491,-0.177
-2.49,3.547
-2.548,1.714
-2.715,2.242
-2.745,-0.239
-2.879,0.854
-3.068,1.442
-3.042,-0.465
-3.102,-0.465
-2.996,2.089
-3.029,1.523
-3.014,2.214
2.725,0.502
2.717,0.727
2.57,1.723
2.594,0.557
2.476,0.643
2.568,2.308
2.416,1.588
2.527,1.249
2.527,2.149
2.389,1.012
2.46,1.344
2.261,2.328
2.375,-0.092
2.158,-0.298
1.501,-0.465
1.618,-0.506
1.415,-0.411
0.956,-0.744
0.984,-0.815
0.721,-0.663
0.801,-0.466
0.689,-0.503
0.007,-0.674
0.073,-0.422
0.099,-0.54
-0.238,-0.533
-0.4,-0.772
-1.207,-0.633
-1.202,-0.842
-1.465,-0.616
-1.471,-0.637
2.688,-0.73
2.203,-0.561
2.148,3.684
1.973,3.915
1.174,3.97
0.866,3.747
0.207,3.65
0.007,3.608
-0.997,3.736
-1.015,3.644
-1.132,3.652
-1.557,3.779
-1.96,3.648
-2.634,3.823
-3.091,3.677
2.93,3.661
1.259,1.69
0.875,1.691
0.03,1.066
-2.036,1.691
-2.218,2.307
-2.938,3.057
3.076,3.27
2.484,0.157
-1.76,2.0
-2.447,2.363
2.954,2.295
2.937,3.179
2.941,2.613
2.877,3.18
2.886,1.613
2.858,3.02
2.774,2.405
2.736,2.438
2.656,1.756
2.624,2.978
2.7,3.087
2.568,2.18
2.476,1.747
0.556,0.796
-0.735,1.925
2.894,0.4
2.468,1.857
2.212,1.914
0.486,-0.435
0.368,-0.305
-1.077,-0.188
-0.064,3.499
0.555,-0.374
-0.044,-0.55
-0.006,-2.089
-0.025,-1.343
-0.091,0.308
-0.083,-0.607
-0.084,-2.592
-0.179,-2.731
-0.211,-0.641
-0.141,-1.607
-0.185,-1.427
-0.216,-2.354
-0.289,-1.292
-0.298,-0.302
-0.295,1.005
-0.228,-0.828
-0.321,-2.064
-0.349,0.754
-0.295,0.153
-0.383,-0.611
-0.368,-0.626
-0.443,-1.232
-0.462,-0.56
-0.393,-0.791
-0.495,-2.315
-0.442,0.043
-0.492,-0.396
-0.566,-0.497
-0.578,-1.879
-0.542,-0.136
-0.545,0.403
-0.546,-2.327
-0.578,-0.204
-0.657,-1.061
-0.622,-1.899
-0.671,-0.949
-0.722,-1.6
-0.742,-2.728
-0.694,-0.754
-0.714,-1.239
-0.794,-2.87
-0.836,-0.588
-0.79,-2.669
-0.789,0.523
-0.891,0.266
-0.939,-0.406
-1.008,-0.03
-1.073,0.136
-1.014,-0.188
-1.063,-1.746
-1.074,0.241
-1.205,-0.085
-1.209,0.799
-1.161,-1.181
-1.262,1.018
-1.347,-1.214
-1.394,-1.95
-1.405,-2.653
-1.399,0.045
-1.447,-0.152
-1.408,0.314
-1.456,0.476
-1.592,-1.032
-1.541,-1.304
-1.538,-0.149
-1.652,-2.814
-1.609,-2.362
-1.703,-0.776
-1.629,0.589
-1.723,-0.687
-1.689,-2.875
-1.735,0.152
-1.671,0.5
-1.746,-0.395
-1.756,-0.177
-1.783,-3.007
-1.844,-0.579
-1.82,-2.828
-1.844,0.957
-1.934,-2.052
-2.078,-0.721
-2.035,-1.421
-2.121,0.609
-2.164,-0.816
-2.146,-1.819
-2.26,-0.374
-2.26,-2.341
-2.329,-1.278
-2.396,0.65
-2.481,0.886
-2.584,-1.001
-2.575,-2.3
-2.592,-0.563
-2.681,-1.846
-2.74,-1.576
-2.778,-2.292
-2.801,-1.648
-2.727,-0.83
-2.74,-0.913
-2.836,0.041
-2.798,-1.351
-2.867,0.02
-2.902,-0.77
-2.897,0.226
-2.957,-1.061
-2.907,0.647
-2.909,-2.901
-3.003,-1.098
-2.955,0.388
-2.969,-1.736
-2.943,0.557
-3.017,0.304
-3.01,-1.144
-3.022,0.162
-3.006,-1.186
-3.073,0.159
-3.016,-1.048
-3.124,0.89
-3.059,-1.085
-3.059,-2.876
-3.125,0.198
3.118,-0.363
3.08,-1.746
3.131,0.387
3.128,-0.138
3.125,-1.559
3.014,-0.905
3.073,-1.509
3.082,-1.594
2.986,-1.811
2.952,-1.961
2.793,-1.728
2.85,-0.99
2.783,-1.547
2.697,-2.232
2.578,-0.715
2.548,-0.058
2.56,-0.899
2.531,0.913
2.555,-0.02
2.5,0.369
2.479,0.828
2.423,-2.936
2.487,-0.422
2.438,0.883
2.403,0.274
2.369,-2.202
2.247,-0.118
2.306,0.724
2.28,0.306
2.204,-2.339
1.245,-2.985
0.566,-2.95
0.539,-3.01
0.116,-3.27
0.07,-3.079
-0.212,-3.375
-0.216,-3.273
-0.369,-2.998
-0.632,-3.025
-1.111,-3.284
-1.113,-3.021
-1.465,-3.455
-1.494,-3.224
-1.735,-3.199
-2.161,-3.384
-2.328,-3.125
-2.89,-3.103
-2.975,-3.035
2.722,-3.057
2.746,-3.122
2.302,-2.932
2.051,1.064
1.807,1.276
1.564,1.048
0.728,1.235
0.463,1.196
0.266,1.176
0.194,1.104
0.072,1.338
-0.14,1.382
-0.304,1.167
-0.336,1.068
-0.683,1.389
-2.621,1.317
-2.572,1.159
-2.742,1.367
-2.77,1.363
-2.849,1.341
-3.046,1.024
2.702,1.328
2.459,1.438
2.319,1.11
0.405,-2.746
-0.151,0.769
-0.481,-2.518
-0.927,0.928
-2.807,0.658
-2.803,-1.441
-2.852,0.811
2.721,-2.618
2.479,0.318
2.561,0.046
1.547,-3.113
-1.767,-3.408
2.838,-3.341
0.554,1.047
-3.069,1.323
1.999,-2.672
1.967,-1.232
1.927,0.595
1.809,-1.656
1.955,-2.726
1.8,-0.934
1.706,-1.36
1.695,0.498
1.511,-2.911
1.454,-1.279
1.53,-0.381
1.512,0.783
1.268,-0.339
1.104,-0.281
1.221,-2.957
1.213,-1.586
1.215,-1.588
1.17,-2.173
1.2,0.888
1.105,-2.608
0.951,-0.933
0.915,-1.623
0.893,-1.403
0.955,-2.673
0.802,-1.209
0.878,-0.575
0.864,-1.55
0.732,-1.145
0.612,-0.208
0.353,-1.989
0.5,-1.289
0.288,0.764
0.261,-2.775
0.226,0.573
0.278,-0.502
0.116,-1.222
0.112,-2.894
0.221,-0.216
0.088,0.106
0.058,-0.753
0.057,-1.202
0.028,-1.971
0.123,-1.836
0.135,0.838
0.012,-1.488
0.09,-2.278
-0.041,0.675
-0.056,-0.617
-0.102,-2.28
-0.084,-2.789
-0.284,-2.827
-0.342,-2.713
-0.344,0.367
-0.238,0.827
-0.315,-0.938
-0.332,-0.851
-0.411,-1.069
-0.385,-2.773
-0.556,-1.5
-0.596,0.703
-0.735,-2.621
-0.714,-0.165
-0.756,0.78
-0.628,-2.24
-0.929,-1.907
-0.793,-2.886
-0.93,-2.883
-0.924,-0.259
-0.992,-0.906
-0.995,-1.953
-1.238,-1.958
-1.084,0.777
-1.254,-0.094
-1.265,0.963
-1.134,-2.631
-1.293,-1.438
-1.321,-2.613
-1.506,0.564
-1.513,-1.826
-1.492,-0.822
-1.469,-0.214
-1.472,-0.547
-1.635,-0.834
-1.545,-0.979
-1.67,-1.834
-1.653,-0.185
-1.869,0.461
-1.943,0.969
-1.885,0.744
-2.026,-2.468
-1.982,0.488
-2.161,-2.693
-2.328,-0.581
-2.403,0.099
-2.416,-2.847
-2.384,-2.733
-2.383,0.991
-2.441,-0.842
-2.608,-0.314
-2.638,-2.795
-2.772,-1.702
-2.961,-1.114
-2.935,-3.021
-2.995,-3.021
-2.889,-0.467
-2.922,-1.033
-2.907,-0.342
2.832,-2.054
2.824,-1.829
2.677,-0.833
2.701,-1.999
2.583,-1.913
2.675,-0.248
2.523,-0.968
2.634,-1.307
2.634,-0.407
2.496,-1.544
2.567,-1.212
2.368,-0.228
2.482,-2.648
2.265,-2.854
1.608,-3.021
1.725,-3.062
1.522,-2.967
1.063,-3.3
1.091,-3.371
0.828,-3.219
0.908,-3.022
0.796,-3.059
0.114,-3.23
0.18,-2.978
0.206,-3.096
-0.131,-3.089
-0.293,-3.328
-1.1,-3.189
-1.095,-3.398
-1.358,-3.172
-1.364,-3.193
2.795,-3.286
2.31,-3.117
2.255,1.128
2.08,1.359
1.281,1.414
0.973,1.191
0.314,1.094
0.114,1.052
-0.89,1.18
-0.908,1.088
-1.025,1.096
-1.45,1.223
-1.853,1.092
-2.527,1.267
-2.984,1.121
3.037,1.105
1.366,-0.866
0.982,-0.865
0.137,-1.49
-1.929,-0.865
-2.111,-0.249
-2.831,0.501
-3.1,0.714
2.591,-2.399
-1.653,-0.556
-2.34,-0.193
3.061,-0.261
3.044,0.623
3.048,0.057
2.984,0.624
2.993,-0.943
2.965,0.464
2.881,-0.151
2.843,-0.118
2.763,-0.8
2.731,0.422
2.807,0.531
2.675,-0.376
2.583,-0.809
0.663,-1.76
-0.628,-0.631
3.001,-2.156
2.575,-0.699
2.319,-0.642
0.593,-2.991
0.475,-2.861
-0.97,-2.744
0.043,0.943
0.662,-2.93
0.063,-3.106
-0.019,0.746
-0.085,2.397
-0.077,1.482
-0.078,-0.503
-0.173,-0.642
-0.205,1.448
-0.135,0.482
-0.179,0.662
-0.21,-0.265
-0.283,0.797
-0.292,1.787
-0.289,3.094
-0.222,1.261
-0.315,0.025
-0.343,2.843
-0.289,2.242
-0.377,1.478
-0.362,1.463
-0.437,0.857
-0.456,1.529
-0.387,1.298
-0.489,-0.226
-0.436,2.132
-0.486,1.693
-0.56,1.592
-0.572,0.21
-0.536,1.953
-0.539,2.492
-0.54,-0.238
-0.572,1.885
-0.651,1.028
-0.616,0.19
-0.665,1.14
-0.716,0.489
-0.736,-0.639
-0.688,1.335
-0.708,0.85
-0.788,-0.781
-0.83,1.501
-0.784,-0.58
-0.783,2.612
-0.885,2.355
-0.933,1.683
-1.002,2.059
-1.067,2.225
-1.008,1.901
-1.057,0.343
-1.068,2.33
-1.199,2.004
-1.203,2.888
-1.155,0.908
-1.256,3.107
-1.341,0.875
-1.388,0.139
-1.399,-0.564
-1.393,2.134
-1.441,1.937
-1.402,2.403
-1.45,2.565
-1.586,1.057
-1.535,0.785
-1.532,1.94
-1.646,-0.725
-1.603,-0.273
-1.697,1.313
-1.623,2.678
-1.717,1.402
-1.683,-0.786
-1.729,2.241
-1.665,2.589
-1.74,1.694
-1.75,1.912
-1.777,-0.918
-1.838,1.51
-1.814,-0.739
-1.838,3.046
-1.928,0.037
-2.072,1.368
-2.029,0.668
-2.115,2.698
-2.158,1.273
-2.14,0.27
-2.254,1.715
-2.254,-0.252
-2.323,0.811
-2.39,2.739
-2.475,2.975
-2.578,1.088
-2.569,-0.211
-2.586,1.526
-2.675,0.243
-2.734,0.513
-2.772,-0.203
-2.795,0.441
-2.721,1.259
-2.734,1.176
-2.83,2.13
-2.792,0.738
-2.861,2.109
-2.896,1.319
-2.891,2.315
-2.951,1.028
-2.901,2.736
-2.903,-0.812
-2.997,0.991
-2.949,2.477
-2.963,0.353
-2.937,2.646
-3.011,2.393
-3.004,0.945
-3.016,2.251
-3.0,0.903
-3.067,2.248
-3.01,1.041
-3.118,2.979
-3.053,1.004
-3.053,-0.787
-3.119,2.287
3.124,1.726
3.086,0.343
3.137,2.476
3.134,1.951
3.131,0.53
3.02,1.184
3.079,0.58
3.088,0.495
2.992,0.278
2.958,0.128
2.799,0.361
2.856,1.099
2.789,0.542
2.703,-0.143
2.584,1.374
2.554,2.031
2.566,1.19
2.537,3.002
2.561,2.069
2.506,2.458
2.485,2.917
2.429,-0.847
2.493,1.667
2.444,2.972
2.409,2.363
2.375,-0.113
2.253,1.971
2.312,2.813
2.286,2.395
2.21,-0.25
1.251,-0.896
0.572,-0.861
0.545,-0.921
0.122,-1.181
0.076,-0.99
-0.206,-1.286
-0.21,-1.184
-0.363,-0.909
-0.626,-0.936
-1.105,-1.195
-1.107,-0.932
-1.459,-1.366
-1.488,-1.135
-1.729,-1.11
-2.155,-1.295
-2.322,-1.036
-2.884,-1.014
-2.969,-0.946
2.728,-0.968
2.752,-1.033
2.308,-0.843
2.057,3.153
1.813,3.365
1.57,3.137
0.734,3.324
0.469,3.285
0.272,3.265
0.2,3.193
0.078,3.427
-0.134,3.471
-0.298,3.256
-0.33,3.157
-0.677,3.478
-2.615,3.406
-2.566,3.248
-2.736,3.456
-2.764,3.452
-2.843,3.43
-3.04,3.113
2.708,3.417
2.465,3.527
2.325,3.199
0.411,-0.657
-0.145,2.858
-0.475,-0.429
-0.921,3.017
-2.801,2.747
-2.797,0.648
-2.846,2.9
2.727,-0.529
2.485,2.407
2.567,2.135
1.553,-1.024
-1.761,-1.319
2.844,-1.252
0.56,3.136
-3.063,3.412
2.005,-0.583
1.973,0.857
1.933,2.684
1.815,0.433
1.961,-0.637
1.806,1.155
1.712,0.729
1.701,2.587
1.517,-0.822
1.46,0.81
1.536,1.708
1.518,2.872
1.274,1.75
1.11,1.808
1.227,-0.868
1.219,0.503
1.221,0.501
1.176,-0.084
1.206,2.977
1.111,-0.519
0.957,1.156
0.921,0.466
0.899,0.686
0.961,-0.584
0.808,0.88
0.884,1.514
0.87,0.539
0.738,0.944
0.618,1.881
0.359,0.1
0.506,0.8
0.294,2.853
0.267,-0.686
0.232,2.662
0.284,1.587
0.122,0.867
0.118,-0.805
0.227,1.873
0.094,2.195
0.064,1.336
0.063,0.887
0.034,0.118
0.129,0.253
0.141,2.927
0.018,0.601
0.096,-0.189
-0.035,2.764
-0.05,1.472
-0.096,-0.191
-0.078,-0.7
-0.278,-0.738
-0.336,-0.624
-0.338,2.456
-0.232,2.916
-0.309,1.151
-0.326,1.238
-0.405,1.02
-0.379,-0.684
-0.55,0.589
-0.59,2.792
-0.729,-0.532
-0.708,1.924
-0.75,2.869
-0.622,-0.151
-0.923,0.182
-0.787,-0.797
-0.924,-0.794
-0.918,1.83
-0.986,1.183
-0.989,0.136
-1.232,0.131
-1.078,2.866
-1.248,1.995
-1.259,3.052
-1.128,-0.542
-1.287,0.651
-1.315,-0.524
-1.5,2.653
-1.507,0.263
-1.486,1.267
-1.463,1.875
-1.466,1.542
-1.629,1.255
-1.539,1.11
-1.664,0.255
-1.647,1.904
-1.863,2.55
-1.937,3.058
-1.879,2.833
-2.02,-0.379
-1.976,2.577
-2.155,-0.604
-2.322,1.508
-2.397,2.188
-2.41,-0.758
-2.378,-0.644
-2.377,3.08
-2.435,1.247
-2.602,1.775
-2.632,-0.706
-2.766,0.387
-2.955,0.975
-2.929,-0.932
-2.989,-0.932
-2.883,1.622
-2.916,1.056
-2.901,1.747
2.838,0.035
2.83,0.26
2.683,1.256
2.707,0.09
2.589,0.176
2.681,1.841
2.529,1.121
2.64,0.782
2.64,1.682
2.502,0.545
2.573,0.877
2.374,1.861
2.488,-0.559
2.271,-0.765
1.614,-0.932
1.731,-0.973
1.528,-0.878
1.069,-1.211
1.097,-1.282
0.834,-1.13
0.914,-0.933
0.802,-0.97
0.12,-1.141
0.186,-0.889
0.212,-1.007
-0.125,-1.0
-0.287,-1.239
-1.094,-1.1
-1.089,-1.309
-1.352,-1.083
-1.358,-1.104
2.801,-1.197
2.316,-1.028
2.261,3.217
2.086,3.448
1.287,3.503
0.979,3.28
0.32,3.183
0.12,3.141
-0.884,3.269
-0.902,3.177
-1.019,3.185
-1.444,3.312
-1.847,3.181
-2.521,3.356
-2.978,3.21
3.043,3.194
1.372,1.223
0.988,1.224
0.143,0.599
-1.923,1.224
-2.105,1.84
-2.825,2.59
-3.094,2.803
2.597,-0.31
-1.647,1.533
-2.334,1.896
3.067,1.828
3.05,2.712
3.054,2.146
2.99,2.713
2.999,1.146
2.971,2.553
2.887,1.938
2.849,1.971
2.769,1.289
2.737,2.511
2.813,2.62
2.681,1.713
2.589,1.28
0.669,0.329
-0.622,1.458
3.007,-0.067
2.581,1.39
2.325,1.447
0.599,-0.902
0.481,-0.772
-0.964,-0.655
0.049,3.032
0.668,-0.841
0.069,-1.017
-0.066,1.651
-0.058,0.736
-0.059,-1.249
-0.154,-1.388
-0.186,0.702
-0.116,-0.264
-0.16,-0.084
-0.191,-1.011
-0.264,0.051
-0.273,1.041
-0.27,2.348
-0.203,0.515
-0.296,-0.721
-0.324,2.097
-0.27,1.496
-0.358,0.732
-0.343,0.717
-0.418,0.111
-0.437,0.783
-0.368,0.552
-0.47,-0.972
-0.417,1.386
-0.467,0.947
-0.541,0.846
-0.553,-0.536
-0.517,1.207
-0.52,1.746
-0.521,-0.984
-0.553,1.139
-0.632,0.282
-0.597,-0.556
-0.646,0.394
-0.697,-0.257
-0.717,-1.385
-0.669,0.589
-0.689,0.104
-0.769,-1.527
-0.811,0.755
-0.765,-1.326
-0.764,1.866
-0.866,1.609
-0.914,0.937
-0.983,1.313
-1.048,1.479
-0.989,1.155
-1.038,-0.403
-1.049,1.584
-1.18,1.258
-1.184,2.142
-1.136,0.162
-1.237,2.361
-1.322,0.129
-1.369,-0.607
-1.38,-1.31
-1.374,1.388
-1.422,1.191
-1.383,1.657
-1.431,1.819
-1.567,0.311
-1.516,0.039
-1.513,1.194
-1.627,-1.471
-1.584,-1.019
-1.678,0.567
-1.604,1.932
-1.698,0.656
-1.664,-1.532
-1.71,1.495
-1.646,1.843
-1.721,0.948
-1.731,1.166
-1.758,-1.664
-1.819,0.764
-1.795,-1.485
-1.819,2.3
-1.909,-0.709
-2.053,0.622
-2.01,-0.078
-2.096,1.952
-2.139,0.527
-2.121,-0.476
-2.235,0.969
-2.235,-0.998
-2.304,0.065
-2.371,1.993
-2.456,2.229
-2.559,0.342
-2.55,-0.957
-2.567,0.78
-2.656,-0.503
-2.715,-0.233
-2.753,-0.949
-2.776,-0.305
-2.702,0.513
-2.715,0.43
-2.811,1.384
-2.773,-0.008
-2.842,1.363
-2.877,0.573
-2.872,1.569
-2.932,0.282
-2.882,1.99
-2.884,-1.558
-2.978,0.245
-2.93,1.731
-2.944,-0.393
-2.918,1.9
-2.992,1.647
-2.985,0.199
-2.997,1.505
-2.981,0.157
-3.048,1.502
-2.991,0.295
-3.099,2.233
-3.034,0.258
-3.034,-1.533
-3.1,1.541
-3.14,0.98
3.105,-0.403
-3.127,1.73
-3.13,1.205
-3.133,-0.216
3.039,0.438
3.098,-0.166
3.107,-0.251
3.011,-0.468
2.977,-0.618
2.818,-0.385
2.875,0.353
2.808,-0.204
2.722,-0.889
2.603,0.628
2.573,1.285
2.585,0.444
2.556,2.256
2.58,1.323
2.525,1.712
2.504,2.171
2.448,-1.593
2.512,0.921
2.463,2.226
2.428,1.617
2.394,-0.859
2.272,1.225
2.331,2.067
2.305,1.649
2.229,-0.996
1.27,-1.642
0.591,-1.607
0.564,-1.667
0.141,-1.927
0.095,-1.736
-0.187,-2.032
-0.191,-1.93
-0.344,-1.655
-0.607,-1.682
-1.086,-1.941
-1.088,-1.678
-1.44,-2.112
-1.469,-1.881
-1.71,-1.856
-2.136,-2.041
-2.303,-1.782
-2.865,-1.76
-2.95,-1.692
2.747,-1.714
2.771,-1.779
2.327,-1.589
2.076,2.407
1.832,2.619
1.589,2.391
0.753,2.578
0.488,2.539
0.291,2.519
0.219,2.447
0.097,2.681
-0.115,2.725
-0.279,2.51
-0.311,2.411
-0.658,2.732
-2.596,2.66
-2.547,2.502
-2.717,2.71
-2.745,2.706
-2.824,2.684
-3.021,2.367
2.727,2.671
2.484,2.781
2.344,2.453
0.43,-1.403
-0.126,2.112
-0.456,-1.175
-0.902,2.271
-2.782,2.001
-2.778,-0.098
-2.827,2.154
2.746,-1.275
2.504,1.661
2.586,1.389
1.572,-1.77
-1.742,-2.065
2.863,-1.998
0.579,2.39
-3.044,2.666
2.024,-1.329
1.992,0.111
1.952,1.938
1.834,-0.313
1.98,-1.383
1.825,0.409
1.731,-0.017
1.72,1.841
1.536,-1.568
1.479,0.064
1.555,0.962
1.537,2.126
1.293,1.004
1.129,1.062
1.246,-1.614
1.238,-0.243
1.24,-0.245
1.195,-0.83
1.225,2.231
1.13,-1.265
0.976,0.41
0.94,-0.28
0.918,-0.06
0.98,-1.33
0.827,0.134
0.903,0.768
0.889,-0.207
0.757,0.198
0.637,1.135
0.378,-0.646
0.525,0.054
0.313,2.107
0.286,-1.432
0.251,1.916
0.303,0.841
0.141,0.121
0.137,-1.551
0.246,1.127
0.113,1.449
0.083,0.59
0.082,0.141
0.053,-0.628
0.148,-0.493
0.16,2.181
0.037,-0.145
0.115,-0.935
-0.016,2.018
-0.031,0.726
-0.077,-0.937
-0.059,-1.446
-0.259,-1.484
-0.317,-1.37
-0.319,1.71
-0.213,2.17
-0.29,0.405
-0.307,0.492
-0.386,0.274
-0.36,-1.43
-0.531,-0.157
-0.571,2.046
-0.71,-1.278
-0.689,1.178
-0.731,2.123
-0.603,-0.897
-0.904,-0.564
-0.768,-1.543
-0.905,-1.54
-0.899,1.084
-0.967,0.437
-0.97,-0.61
-1.213,-0.615
-1.059,2.12
-1.229,1.249
-1.24,2.306
-1.109,-1.288
-1.268,-0.095
-1.296,-1.27
-1.481,1.907
-1.488,-0.483
-1.467,0.521
-1.444,1.129
-1.447,0.796
-1.61,0.509
-1.52,0.364
-1.645,-0.491
-1.628,1.158
-1.844,1.804
-1.918,2.312
-1.86,2.087
-2.001,-1.125
-1.957,1.831
-2.136,-1.35
-2.303,0.762
-2.378,1.442
-2.391,-1.504
-2.359,-1.39
-2.358,2.334
-2.416,0.501
-2.583,1.029
-2.613,-1.452
-2.747,-0.359
-2.936,0.229
-2.91,-1.678
-2.97,-1.678
-2.864,0.876
-2.897,0.31
-2.882,1.001
2.857,-0.711
2.849,-0.486
2.702,0.51
2.726,-0.656
2.608,-0.57
2.7,1.095
2.548,0.375
2.659,0.036
2.659,0.936
2.521,-0.201
2.592,0.131
2.393,1.115
2.507,-1.305
2.29,-1.511
1.633,-1.678
1.75,-1.719
1.547,-1.624
1.088,-1.957
1.116,-2.028
0.853,-1.876
0.933,-1.679
0.821,-1.716
0.139,-1.887
0.205,-1.635
0.231,-1.753
-0.106,-1.746
-0.268,-1.985
-1.075,-1.846
-1.07,-2.055
-1.333,-1.829
-1.339,-1.85
2.82,-1.943
2.335,-1.774
2.28,2.471
2.105,2.702
1.306,2.757
0.998,2.534
0.339,2.437
0.139,2.395
-0.865,2.523
-0.883,2.431
-1.0,2.439
-1.425,2.566
-1.828,2.435
-2.502,2.61
-2.959,2.464
3.062,2.448
1.391,0.477
1.007,0.478
0.162,-0.147
-1.904,0.478
-2.086,1.094
-2.806,1.844
-3.075,2.057
2.616,-1.056
-1.628,0.787
-2.315,1.15
3.086,1.082
3.069,1.966
3.073,1.4
3.009,1.967
3.018,0.4
2.99,1.807
2.906,1.192
2.868,1.225
2.788,0.543
2.756,1.765
2.832,1.874
2.7,0.967
2.608,0.534
0.688,-0.417
-0.603,0.712
3.026,-0.813
2.6,0.644
2.344,0.701
0.618,-1.648
0.5,-1.518
-0.945,-1.401
0.068,2.286
0.687,-1.587
0.088,-1.763
0.008,-0.915
0.007,-2.9
-0.088,-3.039
-0.12,-0.949
-0.05,-1.915
-0.094,-1.735
-0.125,-2.662
-0.198,-1.6
-0.207,-0.61
-0.204,0.697
-0.137,-1.136
-0.23,-2.372
-0.258,0.446
-0.204,-0.155
-0.292,-0.919
-0.277,-0.934
-0.352,-1.54
-0.371,-0.868
-0.302,-1.099
-0.404,-2.623
-0.351,-0.265
-0.401,-0.704
-0.475,-0.805
-0.487,-2.187
-0.451,-0.444
-0.454,0.095
-0.455,-2.635
-0.487,-0.512
-0.566,-1.369
-0.531,-2.207
-0.58,-1.257
-0.631,-1.908
-0.651,-3.036
-0.603,-1.062
-0.623,-1.547
-0.703,-3.178
-0.745,-0.896
-0.699,-2.977
-0.698,0.215
-0.8,-0.042
-0.848,-0.714
-0.917,-0.338
-0.982,-0.172
-0.923,-0.496
-0.972,-2.054
-0.983,-0.067
-1.114,-0.393
-1.118,0.491
-1.07,-1.489
-1.171,0.71
-1.256,-1.522
-1.303,-2.258
-1.314,-2.961
-1.308,-0.263
-1.356,-0.46
-1.317,0.006
-1.365,0.168
-1.501,-1.34
-1.45,-1.612
-1.447,-0.457
-1.561,-3.122
-1.518,-2.67
-1.612,-1.084
-1.538,0.281
-1.632,-0.995
-1.598,-3.183
-1.644,-0.156
-1.58,0.192
-1.655,-0.703
-1.665,-0.485
-1.692,-3.315
-1.753,-0.887
-1.729,-3.136
-1.753,0.649
-1.843,-2.36
-1.987,-1.029
-1.944,-1.729
-2.03,0.301
-2.073,-1.124
-2.055,-2.127
-2.169,-0.682
-2.169,-2.649
-2.238,-1.586
-2.305,0.342
-2.39,0.578
-2.493,-1.309
-2.484,-2.608
-2.501,-0.871
-2.59,-2.154
-2.649,-1.884
-2.687,-2.6
-2.71,-1.956
-2.636,-1.138
-2.649,-1.221
-2.745,-0.267
-2.707,-1.659
-2.776,-0.288
-2.811,-1.078
-2.806,-0.082
-2.866,-1.369
-2.816,0.339
-2.818,-3.209
-2.912,-1.406
-2.864,0.08
-2.878,-2.044
-2.852,0.249
-2.926,-0.004
-2.919,-1.452
-2.931,-0.146
-2.915,-1.494
-2.982,-0.149
-2.925,-1.356
-3.033,0.582
-2.968,-1.393
-2.968,-3.184
-3.034,-0.11
-3.074,-0.671
-3.112,-2.054
-3.061,0.079
-3.064,-0.446
-3.067,-1.867
3.105,-1.213
-3.119,-1.817
-3.11,-1.902
3.077,-2.119
3.043,-2.269
2.884,-2.036
2.941,-1.298
2.874,-1.855
2.788,-2.54
2.669,-1.023
2.639,-0.366
2.651,-1.207
2.622,0.605
2.646,-0.328
2.591,0.061
2.57,0.52
2.514,-3.244
2.578,-0.73
2.529,0.575
2.494,-0.034
2.46,-2.51
2.338,-0.426
2.397,0.416
2.371,-0.002
2.295,-2.647
1.336,-3.293
0.657,-3.258
0.63,-3.318
0.207,-3.578
0.161,-3.387
-0.121,-3.683
-0.125,-3.581
-0.278,-3.306
-0.541,-3.333
-1.02,-3.592
-1.022,-3.329
-1.374,-3.763
-1.403,-3.532
-1.644,-3.507
-2.07,-3.692
-2.237,-3.433
-2.799,-3.411
-2.884,-3.343
2.813,-3.365
2.837,-3.43
2.393,-3.24
2.142,0.756
1.898,0.968
1.655,0.74
0.819,0.927
0.554,0.888
0.357,0.868
0.285,0.796
0.163,1.03
-0.049,1.074
-0.213,0.859
-0.245,0.76
-0.592,1.081
-2.53,1.009
-2.481,0.851
-2.651,1.059
-2.679,1.055
-2.758,1.033
-2.955,0.716
2.793,1.02
2.55,1.13
2.41,0.802
0.496,-3.054
-0.06,0.461
-0.39,-2.826
-0.836,0.62
-2.716,0.35
-2.712,-1.749
-2.761,0.503
2.812,-2.926
2.57,0.01
2.652,-0.262
1.638,-3.421
-1.676,-3.716
2.929,-3.649
0.645,0.739
-2.978,1.015
2.09,-2.98
2.058,-1.54
2.018,0.287
1.9,-1.964
2.046,-3.034
1.891,-1.242
1.797,-1.668
1.786,0.19
1.602,-3.219
1.545,-1.587
1.621,-0.689
1.603,0.475
1.359,-0.647
1.195,-0.589
1.312,-3.265
1.304,-1.894
1.306,-1.896
1.261,-2.481
1.291,0.58
1.196,-2.916
1.042,-1.241
1.006,-1.931
0.984,-1.711
1.046,-2.981
0.893,-1.517
0.969,-0.883
0.955,-1.858
0.823,-1.453
0.703,-0.516
0.444,-2.297
0.591,-1.597
0.379,0.456
0.352,-3.083
0.317,0.265
0.369,-0.81
0.207,-1.53
0.203,-3.202
0.312,-0.524
0.179,-0.202
0.149,-1.061
0.148,-1.51
0.119,-2.279
0.214,-2.144
0.226,0.53
0.103,-1.796
0.181,-2.586
0.05,0.367
0.035,-0.925
-0.011,-2.588
0.007,-3.097
-0.193,-3.135
-0.251,-3.021
-0.253,0.059
-0.147,0.519
-0.224,-1.246
-0.241,-1.159
-0.32,-1.377
-0.294,-3.081
-0.465,-1.808
-0.505,0.395
-0.644,-2.929
-0.623,-0.473
-0.665,0.472
-0.537,-2.548
-0.838,-2.215
-0.702,-3.194
-0.839,-3.191
-0.833,-0.567
-0.901,-1.214
-0.904,-2.261
-1.147,-2.266
-0.993,0.469
-1.163,-0.402
-1.174,0.655
-1.043,-2.939
-1.202,-1.746
-1.23,-2.921
-1.415,0.256
-1.422,-2.134
-1.401,-1.13
-1.378,-0.522
-1.381,-0.855
-1.544,-1.142
-1.454,-1.287
-1.579,-2.142
-1.562,-0.493
-1.778,0.153
-1.852,0.661
-1.794,0.436
-1.935,-2.776
-1.891,0.18
-2.07,-3.001
-2.237,-0.889
-2.312,-0.209
-2.325,-3.155
-2.293,-3.041
-2.292,0.683
-2.35,-1.15
-2.517,-0.622
-2.547,-3.103
-2.681,-2.01
-2.87,-1.422
-2.844,-3.329
-2.904,-3.329
-2.798,-0.775
-2.831,-1.341
-2.816,-0.65
2.923,-2.362
2.915,-2.137
2.768,-1.141
2.792,-2.307
2.674,-2.221
2.766,-0.556
2.614,-1.276
2.725,-1.615
2.725,-0.715
2.587,-1.852
2.658,-1.52
2.459,-0.536
2.573,-2.956
2.356,-3.162
1.699,-3.329
1.816,-3.37
1.613,-3.275
1.154,-3.608
1.182,-3.679
0.919,-3.527
0.999,-3.33
0.887,-3.367
0.205,-3.538
0.271,-3.286
0.297,-3.404
-0.04,-3.397
-0.202,-3.636
-1.009,-3.497
-1.004,-3.706
-1.267,-3.48
-1.273,-3.501
2.886,-3.594
2.401,-3.425
2.346,0.82
2.171,1.051
1.372,1.106
1.064,0.883
0.405,0.786
0.205,0.744
-0.799,0.872
-0.817,0.78
-0.934,0.788
-1.359,0.915
-1.762,0.784
-2.436,0.959
-2.893,0.813
3.128,0.797
1.457,-1.174
1.073,-1.173
0.228,-1.798
-1.838,-1.173
-2.02,-0.557
-2.74,0.193
-3.009,0.406
2.682,-2.707
-1.562,-0.864
-2.249,-0.501
-3.131,-0.569
3.135,0.315
3.139,-0.251
3.075,0.316
3.084,-1.251
3.056,0.156
2.972,-0.459
2.934,-0.426
2.854,-1.108
2.822,0.114
2.898,0.223
2.766,-0.684
2.674,-1.117
0.754,-2.068
-0.537,-0.939
3.092,-2.464
2.666,-1.007
2.41,-0.95
0.684,-3.299
0.566,-3.169
-0.879,-3.052
0.134,0.635
0.753,-3.238
0.154,-3.414
-0.001,-1.985
-0.096,-2.124
-0.128,-0.034
-0.058,-1.0
-0.102,-0.82
-0.133,-1.747
-0.206,-0.685
-0.215,0.305
-0.212,1.612
-0.145,-0.221
-0.238,-1.457
-0.266,1.361
-0.212,0.76
-0.3,-0.004
-0.285,-0.019
-0.36,-0.625
-0.379,0.047
-0.31,-0.184
-0.412,-1.708
-0.359,0.65
-0.409,0.211
-0.483,0.11
-0.495,-1.272
-0.459,0.471
-0.462,1.01
-0.463,-1.72
-0.495,0.403
-0.574,-0.454
-0.539,-1.292
-0.588,-0.342
-0.639,-0.993
-0.659,-2.121
-0.611,-0.147
-0.631,-0.632
-0.711,-2.263
-0.753,0.019
-0.707,-2.062
-0.706,1.13
-0.808,0.873
-0.856,0.201
-0.925,0.577
-0.99,0.743
-0.931,0.419
-0.98,-1.139
-0.991,0.848
-1.122,0.522
-1.126,1.406
-1.078,-0.574
-1.179,1.625
-1.264,-0.607
-1.311,-1.343
-1.322,-2.046
-1.316,0.652
-1.364,0.455
-1.325,0.921
-1.373,1.083
-1.509,-0.425
-1.458,-0.697
-1.455,0.458
-1.569,-2.207
-1.526,-1.755
-1.62,-0.169
-1.546,1.196
-1.64,-0.08
-1.606,-2.268
-1.652,0.759
-1.588,1.107
-1.663,0.212
-1.673,0.43
-1.7,-2.4
-1.761,0.028
-1.737,-2.221
-1.761,1.564
-1.851,-1.445
-1.995,-0.114
-1.952,-0.814
-2.038,1.216
-2.081,-0.209
-2.063,-1.212
-2.177,0.233
-2.177,-1.734
-2.246,-0.671
-2.313,1.257
-2.398,1.493
-2.501,-0.394
-2.492,-1.693
-2.509,0.044
-2.598,-1.239
-2.657,-0.969
-2.695,-1.685
-2.718,-1.041
-2.644,-0.223
-2.657,-0.306
-2.753,0.648
-2.715,-0.744
-2.784,0.627
-2.819,-0.163
-2.814,0.833
-2.874,-0.454
-2.824,1.254
-2.826,-2.294
-2.92,-0.491
-2.872,0.995
-2.886,-1.129
-2.86,1.164
-2.934,0.911
-2.927,-0.537
-2.939,0.769
-2.923,-0.579
-2.99,0.766
-2.933,-0.441
-3.041,1.497
-2.976,-0.478
-2.976,-2.269
-3.042,0.805
-3.082,0.244
-3.12,-1.139
-3.069,0.994
-3.072,0.469
-3.075,-0.952
3.097,-0.298
-3.127,-0.902
-3.118,-0.987
3.069,-1.204
3.035,-1.354
2.876,-1.121
2.933,-0.383
2.866,-0.94
2.78,-1.625
2.661,-0.108
2.631,0.549
2.643,-0.292
2.614,1.52
2.638,0.587
2.583,0.976
2.562,1.435
2.506,-2.329
2.57,0.185
2.521,1.49
2.486,0.881
2.452,-1.595
2.33,0.489
2.389,1.331
2.363,0.913
2.287,-1.732
1.328,-2.378
0.649,-2.343
0.622,-2.403
0.199,-2.663
0.153,-2.472
-0.129,-2.768
-0.133,-2.666
-0.286,-2.391
-0.549,-2.418
-1.028,-2.677
-1.03,-2.414
-1.382,-2.848
-1.411,-2.617
-1.652,-2.592
-2.078,-2.777
-2.245,-2.518
-2.807,-2.496
-2.892,-2.428
2.805,-2.45
2.829,-2.515
2.385,-2.325
2.134,1.671
1.89,1.883
1.647,1.655
0.811,1.842
0.546,1.803
0.349,1.783
0.277,1.711
0.155,1.945
-0.057,1.989
-0.221,1.774
-0.253,1.675
-0.6,1.996
-2.538,1.924
-2.489,1.766
-2.659,1.974
-2.687,1.97
-2.766,1.948
-2.963,1.631
2.785,1.935
2.542,2.045
2.402,1.717
0.488,-2.139
-0.068,1.376
-0.398,-1.911
-0.844,1.535
-2.724,1.265
-2.72,-0.834
-2.769,1.418
2.804,-2.011
2.562,0.925
2.644,0.653
1.63,-2.506
-1.684,-2.801
2.921,-2.734
0.637,1.654
-2.986,1.93
2.082,-2.065
2.05,-0.625
2.01,1.202
1.892,-1.049
2.038,-2.119
1.883,-0.327
1.789,-0.753
1.778,1.105
1.594,-2.304
1.537,-0.672
1.613,0.226
1.595,1.39
1.351,0.268
1.187,0.326
1.304,-2.35
1.296,-0.979
1.298,-0.981
1.253,-1.566
1.283,1.495
1.188,-2.001
1.034,-0.326
0.998,-1.016
0.976,-0.796
1.038,-2.066
0.885,-0.602
0.961,0.032
0.947,-0.943
0.815,-0.538
0.695,0.399
0.436,-1.382
0.583,-0.682
0.371,1.371
0.344,-2.168
0.309,1.18
0.361,0.105
0.199,-0.615
0.195,-2.287
0.304,0.391
0.171,0.713
0.141,-0.146
0.14,-0.595
0.111,-1.364
0.206,-1.229
0.218,1.445
0.095,-0.881
0.173,-1.671
0.042,1.282
0.027,-0.01
-0.019,-1.673
-0.001,-2.182
-0.201,-2.22
-0.259,-2.106
-0.261,0.974
-0.155,1.434
-0.232,-0.331
-0.249,-0.244
-0.328,-0.462
-0.302,-2.166
-0.473,-0.893
-0.513,1.31
-0.652,-2.014
-0.631,0.442
-0.673,1.387
-0.545,-1.633
-0.846,-1.3
-0.71,-2.279
-0.847,-2.276
-0.841,0.348
-0.909,-0.299
-0.912,-1.346
-1.155,-1.351
-1.001,1.384
-1.171,0.513
-1.182,1.57
-1.051,-2.024
-1.21,-0.831
-1.238,-2.006
-1.423,1.171
-1.43,-1.219
-1.409,-0.215
-1.386,0.393
-1.389,0.06
-1.552,-0.227
-1.462,-0.372
-1.587,-1.227
-1.57,0.422
-1.786,1.068
-1.86,1.576
-1.802,1.351
-1.943,-1.861
-1.899,1.095
-2.078,-2.086
-2.245,0.026
-2.32,0.706
-2.333,-2.24
-2.301,-2.126
-2.3,1.598
-2.358,-0.235
-2.525,0.293
-2.555,-2.188
-2.689,-1.095
-2.878,-0.507
-2.852,-2.414
-2.912,-2.414
-2.806,0.14
-2.839,-0.426
-2.824,0.265
2.915,-1.447
2.907,-1.222
2.76,-0.226
2.784,-1.392
2.666,-1.306
2.758,0.359
2.606,-0.361
2.717,-0.7
2.717,0.2
2.579,-0.937
2.65,-0.605
2.451,0.379
2.565,-2.041
2.348,-2.247
1.691,-2.414
1.808,-2.455
1.605,-2.36
1.146,-2.693
1.174,-2.764
0.911,-2.612
0.991,-2.415
0.879,-2.452
0.197,-2.623
0.263,-2.371
0.289,-2.489
-0.048,-2.482
-0.21,-2.721
-1.017,-2.582
-1.012,-2.791
-1.275,-2.565
-1.281,-2.586
2.878,-2.679
2.393,-2.51
2.338,1.735
2.163,1.966
1.364,2.021
1.056,1.798
0.397,1.701
0.197,1.659
-0.807,1.787
-0.825,1.695
-0.942,1.703
-1.367,1.83
-1.77,1.699
-2.444,1.874
-2.901,1.728
3.12,1.712
1.449,-0.259
1.065,-0.258
0.22,-0.883
-1.846,-0.258
-2.028,0.358
-2.748,1.108
-3.017,1.321
2.674,-1.792
-1.57,0.051
-2.257,0.414
-3.139,0.346
3.127,1.23
3.131,0.664
3.067,1.231
3.076,-0.336
3.048,1.071
2.964,0.456
2.926,0.489
2.846,-0.193
2.814,1.029
2.89,1.138
2.758,0.231
2.666,-0.202
0.746,-1.153
-0.545,-0.024
3.084,-1.549
2.658,-0.092
2.402,-0.035
0.676,-2.384
0.558,-2.254
-0.887,-2.137
0.126,1.55
0.745,-2.323
0.146,-2.499
-0.095,-0.139
-0.127,1.951
-0.057,0.985
-0.101,1.165
-0.132,0.238
-0.205,1.3
-0.214,2.29
-0.211,3.597
-0.144,1.764
-0.237,0.528
-0.265,3.346
-0.211,2.745
-0.299,1.981
-0.284,1.966
-0.359,1.36
-0.378,2.032
-0.309,1.801
-0.411,0.277
-0.358,2.635
-0.408,2.196
-0.482,2.095
-0.494,0.713
-0.458,2.456
-0.461,2.995
-0.462,0.265
-0.494,2.388
-0.573,1.531
-0.538,0.693
-0.587,1.643
-0.638,0.992
-0.658,-0.136
-0.61,1.838
-0.63,1.353
-0.71,-0.278
-0.752,2.004
-0.706,-0.077
-0.705,3.115
-0.807,2.858
-0.855,2.186
-0.924,2.562
-0.989,2.728
-0.93,2.404
-0.979,0.846
-0.99,2.833
-1.121,2.507
-1.125,3.391
-1.077,1.411
-1.178,3.61
-1.263,1.378
-1.31,0.642
-1.321,-0.061
-1.315,2.637
-1.363,2.44
-1.324,2.906
-1.372,3.068
-1.508,1.56
-1.457,1.288
-1.454,2.443
-1.568,-0.222
-1.525,0.23
-1.619,1.816
-1.545,3.181
-1.639,1.905
-1.605,-0.283
-1.651,2.744
-1.587,3.092
-1.662,2.197
-1.672,2.415
-1.699,-0.415
-1.76,2.013
-1.736,-0.236
-1.76,3.549
-1.85,0.54
-1.994,1.871
-1.951,1.171
-2.037,3.201
-2.08,1.776
-2.062,0.773
-2.176,2.218
-2.176,0.251
-2.245,1.314
-2.312,3.242
-2.397,3.478
-2.5,1.591
-2.491,0.292
-2.508,2.029
-2.597,0.746
-2.656,1.016
-2.694,0.3
-2.717,0.944
-2.643,1.762
-2.656,1.679
-2.752,2.633
-2.714,1.241
-2.783,2.612
-2.818,1.822
-2.813,2.818
-2.873,1.531
-2.823,3.239
-2.825,-0.309
-2.919,1.494
-2.871,2.98
-2.885,0.856
-2.859,3.149
-2.933,2.896
-2.926,1.448
-2.938,2.754
-2.922,1.406
-2.989,2.751
-2.932,1.544
-3.04,3.482
-2.975,1.507
-2.975,-0.284
-3.041,2.79
-3.081,2.229
-3.119,0.846
-3.068,2.979
-3.071,2.454
-3.074,1.033
3.098,1.687
-3.126,1.083
-3.117,0.998
3.07,0.781
3.036,0.631
2.877,0.864
2.934,1.602
2.867,1.045
2.781,0.36
2.662,1.877
2.632,2.534
2.644,1.693
2.615,3.505
2.639,2.572
2.584,2.961
2.563,3.42
2.507,-0.344
2.571,2.17
2.522,3.475
2.487,2.866
2.453,0.39
2.331,2.474
2.39,3.316
2.364,2.898
2.288,0.253
1.329,-0.393
0.65,-0.358
0.623,-0.418
0.2,-0.678
0.154,-0.487
-0.128,-0.783
-0.132,-0.681
-0.285,-0.406
-0.548,-0.433
-1.027,-0.692
-1.029,-0.429
-1.381,-0.863
-1.41,-0.632
-1.651,-0.607
-2.077,-0.792
-2.244,-0.533
-2.806,-0.511
-2.891,-0.443
2.806,-0.465
2.83,-0.53
2.386,-0.34
2.135,3.656
1.891,3.868
1.648,3.64
0.812,3.827
0.547,3.788
0.35,3.768
0.278,3.696
0.156,3.93
-0.056,3.974
-0.22,3.759
-0.252,3.66
-0.599,3.981
-2.537,3.909
-2.488,3.751
-2.658,3.959
-2.686,3.955
-2.765,3.933
-2.962,3.616
2.786,3.92
2.543,4.03
2.403,3.702
0.489,-0.154
-0.067,3.361
-0.397,0.074
-0.843,3.52
-2.723,3.25
-2.719,1.151
-2.768,3.403
2.805,-0.026
2.563,2.91
2.645,2.638
1.631,-0.521
-1.683,-0.816
2.922,-0.749
0.638,3.639
-2.985,3.915
2.083,-0.08
2.051,1.36
2.011,3.187
1.893,0.936
2.039,-0.134
1.884,1.658
1.79,1.232
1.779,3.09
1.595,-0.319
1.538,1.313
1.614,2.211
1.596,3.375
1.352,2.253
1.188,2.311
1.305,-0.365
1.297,1.006
1.299,1.004
1.254,0.419
1.284,3.48
1.189,-0.016
1.035,1.659
0.999,0.969
0.977,1.189
1.039,-0.081
0.886,1.383
0.962,2.017
0.948,1.042
0.816,1.447
0.696,2.384
0.437,0.603
0.584,1.303
0.372,3.356
0.345,-0.183
0.31,3.165
0.362,2.09
0.2,1.37
0.196,-0.302
0.305,2.376
0.172,2.698
0.142,1.839
0.141,1.39
0.112,0.621
0.207,0.756
0.219,3.43
0.096,1.104
0.174,0.314
0.043,3.267
0.028,1.975
-0.018,0.312
0.0,-0.197
-0.2,-0.235
-0.258,-0.121
-0.26,2.959
-0.154,3.419
-0.231,1.654
-0.248,1.741
-0.327,1.523
-0.301,-0.181
-0.472,1.092
-0.512,3.295
-0.651,-0.029
-0.63,2.427
-0.672,3.372
-0.544,0.352
-0.845,0.685
-0.709,-0.294
-0.846,-0.291
-0.84,2.333
-0.908,1.686
-0.911,0.639
-1.154,0.634
-1.0,3.369
-1.17,2.498
-1.181,3.555
-1.05,-0.039
-1.209,1.154
-1.237,-0.021
-1.422,3.156
-1.429,0.766
-1.408,1.77
-1.385,2.378
-1.388,2.045
-1.551,1.758
-1.461,1.613
-1.586,0.758
-1.569,2.407
-1.785,3.053
-1.859,3.561
-1.801,3.336
-1.942,0.124
-1.898,3.08
-2.077,-0.101
-2.244,2.011
-2.319,2.691
-2.332,-0.255
-2.3,-0.141
-2.299,3.583
-2.357,1.75
-2.524,2.278
-2.554,-0.203
-2.688,0.89
-2.877,1.478
-2.851,-0.429
-2.911,-0.429
-2.805,2.125
-2.838,1.559
-2.823,2.25
2.916,0.538
2.908,0.763
2.761,1.759
2.785,0.593
2.667,0.679
2.759,2.344
2.607,1.624
2.718,1.285
2.718,2.185
2.58,1.048
2.651,1.38
2.452,2.364
2.566,-0.056
2.349,-0.262
1.692,-0.429
1.809,-0.47
1.606,-0.375
1.147,-0.708
1.175,-0.779
0.912,-0.627
0.992,-0.43
0.88,-0.467
0.198,-0.638
0.264,-0.386
0.29,-0.504
-0.047,-0.497
-0.209,-0.736
-1.016,-0.597
-1.011,-0.806
-1.274,-0.58
-1.28,-0.601
2.879,-0.694
2.394,-0.525
2.339,3.72
2.164,3.951
1.365,4.006
1.057,3.783
0.398,3.686
0.198,3.644
-0.806,3.772
-0.824,3.68
-0.941,3.688
-1.366,3.815
-1.769,3.684
-2.443,3.859
-2.9,3.713
3.121,3.697
1.45,1.726
1.066,1.727
0.221,1.102
-1.845,1.727
-2.027,2.343
-2.747,3.093
-3.016,3.306
2.675,0.193
-1.569,2.036
-2.256,2.399
-3.138,2.331
3.128,3.215
3.132,2.649
3.068,3.216
3.077,1.649
3.049,3.056
2.965,2.441
2.927,2.474
2.847,1.792
2.815,3.014
2.891,3.123
2.759,2.216
2.667,1.783
0.747,0.832
-0.544,1.961
3.085,0.436
2.659,1.893
2.403,1.95
0.677,-0.399
0.559,-0.269
-0.886,-0.152
0.127,3.535
0.746,-0.338
0.147,-0.514
-0.032,2.09
0.038,1.124
-0.006,1.304
-0.037,0.377
-0.11,1.439
-0.119,2.429
-0.116,3.736
-0.049,1.903
-0.142,0.667
-0.17,3.485
-0.116,2.884
-0.204,2.12
-0.189,2.105
-0.264,1.499
-0.283,2.171
-0.214,1.94
-0.316,0.416
-0.263,2.774
-0.313,2.335
-0.387,2.234
-0.399,0.852
-0.363,2.595
-0.366,3.134
-0.367,0.404
-0.399,2.527
-0.478,1.67
-0.443,0.832
-0.492,1.782
-0.543,1.131
-0.563,0.003
-0.515,1.977
-0.535,1.492
-0.615,-0.139
-0.657,2.143
-0.611,0.062
-0.61,3.254
-0.712,2.997
-0.76,2.325
-0.829,2.701
-0.894,2.867
-0.835,2.543
-0.884,0.985
-0.895,2.972
-1.026,2.646
-1.03,3.53
-0.982,1.55
-1.083,3.749
-1.168,1.517
-1.215,0.781
-1.226,0.078
-1.22,2.776
-1.268,2.579
-1.229,3.045
-1.277,3.207
-1.413,1.699
-1.362,1.427
-1.359,2.582
-1.473,-0.083
-1.43,0.369
-1.524,1.955
-1.45,3.32
-1.544,2.044
-1.51,-0.144
-1.556,2.883
-1.492,3.231
-1.567,2.336
-1.577,2.554
-1.604,-0.276
-1.665,2.152
-1.641,-0.097
-1.665,3.688
-1.755,0.679
-1.899,2.01
-1.856,1.31
-1.942,3.34
-1.985,1.915
-1.967,0.912
-2.081,2.357
-2.081,0.39
-2.15,1.453
-2.217,3.381
-2.302,3.617
-2.405,1.73
-2.396,0.431
-2.413,2.168
-2.502,0.885
-2.561,1.155
-2.599,0.439
-2.622,1.083
-2.548,1.901
-2.561,1.818
-2.657,2.772
-2.619,1.38
-2.688,2.751
-2.723,1.961
-2.718,2.957
-2.778,1.67
-2.728,3.378
-2.73,-0.17
-2.824,1.633
-2.776,3.119
-2.79,0.995
-2.764,3.288
-2.838,3.035
-2.831,1.587
-2.843,2.893
-2.827,1.545
-2.894,2.89
-2.837,1.683
-2.945,3.621
-2.88,1.646
-2.88,-0.145
-2.946,2.929
-2.986,2.368
-3.024,0.985
-2.973,3.118
-2.976,2.593
-2.979,1.172
-3.09,1.826
-3.031,1.222
-3.022,1.137
-3.118,0.92
3.131,0.77
2.972,1.003
3.029,1.741
2.962,1.184
2.876,0.499
2.757,2.016
2.727,2.673
2.739,1.832
2.71,3.644
2.734,2.711
2.679,3.1
2.658,3.559
2.602,-0.205
2.666,2.309
2.617,3.614
2.582,3.005
2.548,0.529
2.426,2.613
2.485,3.455
2.459,3.037
2.383,0.392
1.424,-0.254
0.745,-0.219
0.718,-0.279
0.295,-0.539
0.249,-0.348
-0.033,-0.644
-0.037,-0.542
-0.19,-0.267
-0.453,-0.294
-0.932,-0.553
-0.934,-0.29
-1.286,-0.724
-1.315,-0.493
-1.556,-0.468
-1.982,-0.653
-2.149,-0.394
-2.711,-0.372
-2.796,-0.304
2.901,-0.326
2.925,-0.391
2.481,-0.201
2.23,3.795
1.986,4.007
1.743,3.779
0.907,3.966
0.642,3.927
0.445,3.907
0.373,3.835
0.251,4.069
0.039,4.113
-0.125,3.898
-0.157,3.799
-0.504,4.12
-2.442,4.048
-2.393,3.89
-2.563,4.098
-2.591,4.094
-2.67,4.072
-2.867,3.755
2.881,4.059
2.638,4.169
2.498,3.841
0.584,-0.015
0.028,3.5
-0.302,0.213
-0.748,3.659
-2.628,3.389
-2.624,1.29
-2.673,3.542
2.9,0.113
2.658,3.049
2.74,2.777
1.726,-0.382
-1.588,-0.677
3.017,-0.61
0.733,3.778
-2.89,4.054
2.178,0.059
2.146,1.499
2.106,3.326
1.988,1.075
2.134,0.005
1.979,1.797
1.885,1.371
1.874,3.229
1.69,-0.18
1.633,1.452
1.709,2.35
1.691,3.514
1.447,2.392
1.283,2.45
1.4,-0.226
1.392,1.145
1.394,1.143
1.349,0.558
1.379,3.619
1.284,0.123
1.13,1.798
1.094,1.108
1.072,1.328
1.134,0.058
0.981,1.522
1.057,2.156
1.043,1.181
0.911,1.586
0.791,2.523
0.532,0.742
0.679,1.442
0.467,3.495
0.44,-0.044
0.405,3.304
0.457,2.229
0.295,1.509
0.291,-0.163
0.4,2.515
0.267,2.837
0.237,1.978
0.236,1.529
0.207,0.76
0.302,0.895
0.314,3.569
0.191,1.243
0.269,0.453
0.138,3.406
0.123,2.114
0.077,0.451
0.095,-0.058
-0.105,-0.096
-0.163,0.018
-0.165,3.098
-0.059,3.558
-0.136,1.793
-0.153,1.88
-0.232,1.662
-0.206,-0.042
-0.377,1.231
-0.417,3.434
-0.556,0.11
-0.535,2.566
-0.577,3.511
-0.449,0.491
-0.75,0.824
-0.614,-0.155
-0.751,-0.152
-0.745,2.472
-0.813,1.825
-0.816,0.778
-1.059,0.773
-0.905,3.508
-1.075,2.637
-1.086,3.694
-0.955,0.1
-1.114,1.293
-1.142,0.118
-1.327,3.295
-1.334,0.905
-1.313,1.909
-1.29,2.517
-1.293,2.184
-1.456,1.897
-1.366,1.752
-1.491,0.897
-1.474,2.546
-1.69,3.192
-1.764,3.7
-1.706,3.475
-1.847,0.263
-1.803,3.219
-1.982,0.038
-2.149,2.15
-2.224,2.83
-2.237,-0.116
-2.205,-0.002
-2.204,3.722
-2.262,1.889
-2.429,2.417
-2.459,-0.064
-2.593,1.029
-2.782,1.617
-2.756,-0.29
-2.816,-0.29
-2.71,2.264
-2.743,1.698
-2.728,2.389
3.011,0.677
3.003,0.902
2.856,1.898
2.88,0.732
2.762,0.818
2.854,2.483
2.702,1.763
2.813,1.424
2.813,2.324
2.675,1.187
2.746,1.519
2.547,2.503
2.661,0.083
2.444,-0.123
1.787,-0.29
1.904,-0.331
1.701,-0.236
1.242,-0.569
1.27,-0.64
1.007,-0.488
1.087,-0.291
0.975,-0.328
0.293,-0.499
0.359,-0.247
0.385,-0.365
0.048,-0.358
-0.114,-0.597
-0.921,-0.458
-0.916,-0.667
-1.179,-0.441
-1.185,-0.462
2.974,-0.555
2.489,-0.386
2.434,3.859
2.259,4.09
1.46,4.145
1.152,3.922
0.493,3.825
0.293,3.783
-0.711,3.911
-0.729,3.819
-0.846,3.827
-1.271,3.954
-1.674,3.823
-2.348,3.998
-2.805,3.852
-3.067,3.836
1.545,1.865
1.161,1.866
0.316,1.241
-1.75,1.866
-1.932,2.482
-2.652,3.232
-2.921,3.445
2.77,0.332
-1.474,2.175
-2.161,2.538
-3.043,2.47
-3.06,3.354
-3.056,2.788
-3.12,3.355
-3.111,1.788
-3.139,3.195
3.06,2.58
3.022,2.613
2.942,1.931
2.91,3.153
2.986,3.262
2.854,2.355
2.762,1.922
0.842,0.971
-0.449,2.1
-3.103,0.575
2.754,2.032
2.498,2.089
0.772,-0.26
0.654,-0.13
-0.791,-0.013
0.222,3.674
0.841,-0.199
0.242,-0.375
0.07,-0.966
0.026,-0.786
-0.005,-1.713
-0.078,-0.651
-0.087,0.339
-0.084,1.646
-0.017,-0.187
-0.11,-1.423
-0.138,1.395
-0.084,0.794
-0.172,0.03
-0.157,0.015
-0.232,-0.591
-0.251,0.081
-0.182,-0.15
-0.284,-1.674
-0.231,0.684
-0.281,0.245
-0.355,0.144
-0.367,-1.238
-0.331,0.505
-0.334,1.044
-0.335,-1.686
-0.367,0.437
-0.446,-0.42
-0.411,-1.258
-0.46,-0.308
-0.511,-0.959
-0.531,-2.087
-0.483,-0.113
-0.503,-0.598
-0.583,-2.229
-0.625,0.053
-0.579,-2.028
-0.578,1.164
-0.68,0.907
-0.728,0.235
-0.797,0.611
-0.862,0.777
-0.803,0.453
-0.852,-1.105
-0.863,0.882
-0.994,0.556
-0.998,1.44
-0.95,-0.54
-1.051,1.659
-1.136,-0.573
-1.183,-1.309
-1.194,-2.012
-1.188,0.686
-1.236,0.489
-1.197,0.955
-1.245,1.117
-1.381,-0.391
-1.33,-0.663
-1.327,0.492
-1.441,-2.173
-1.398,-1.721
-1.492,-0.135
-1.418,1.23
-1.512,-0.046
-1.478,-2.234
-1.524,0.793
-1.46,1.141
-1.535,0.246
-1.545,0.464
-1.572,-2.366
-1.633,0.062
-1.609,-2.187
-1.633,1.598
-1.723,-1.411
-1.867,-0.08
-1.824,-0.78
-1.91,1.25
-1.953,-0.175
-1.935,-1.178
-2.049,0.267
-2.049,-1.7
-2.118,-0.637
-2.185,1.291
-2.27,1.527
-2.373,-0.36
-2.364,-1.659
-2.381,0.078
-2.47,-1.205
-2.529,-0.935
-2.567,-1.651
-2.59,-1.007
-2.516,-0.189
-2.529,-0.272
-2.625,0.682
-2.587,-0.71
-2.656,0.661
-2.691,-0.129
-2.686,0.867
-2.746,-0.42
-2.696,1.288
-2.698,-2.26
-2.792,-0.457
-2.744,1.029
-2.758,-1.095
-2.732,1.198
-2.806,0.945
-2.799,-0.503
-2.811,0.803
-2.795,-0.545
-2.862,0.8
-2.805,-0.407
-2.913,1.531
-2.848,-0.444
-2.848,-2.235
-2.914,0.839
-2.954,0.278
-2.992,-1.105
-2.941,1.028
-2.944,0.503
-2.947,-0.918
-3.058,-0.264
-2.999,-0.868
-2.99,-0.953
-3.086,-1.17
-3.12,-1.32
3.004,-1.087
3.061,-0.349
2.994,-0.906
2.908,-1.591
2.789,-0.074
2.759,0.583
2.771,-0.258
2.742,1.554
2.766,0.621
2.711,1.01
2.69,1.469
2.634,-2.295
2.698,0.219
2.649,1.524
2.614,0.915
2.58,-1.561
2.458,0.523
2.517,1.365
2.491,0.947
2.415,-1.698
1.456,-2.344
0.777,-2.309
0.75,-2.369
0.327,-2.629
0.281,-2.438
-0.001,-2.734
-0.005,-2.632
-0.158,-2.357
-0.421,-2.384
-0.9,-2.643
-0.902,-2.38
-1.254,-2.814
-1.283,-2.583
-1.524,-2.558
-1.95,-2.743
-2.117,-2.484
-2.679,-2.462
-2.764,-2.394
2.933,-2.416
2.957,-2.481
2.513,-2.291
2.262,1.705
2.018,1.917
1.775,1.689
0.939,1.876
0.674,1.837
0.477,1.817
0.405,1.745
0.283,1.979
0.071,2.023
-0.093,1.808
-0.125,1.709
-0.472,2.03
-2.41,1.958
-2.361,1.8
-2.531,2.008
-2.559,2.004
-2.638,1.982
-2.835,1.665
2.913,1.969
2.67,2.079
2.53,1.751
0.616,-2.105
0.06,1.41
-0.27,-1.877
-0.716,1.569
-2.596,1.299
-2.592,-0.8
-2.641,1.452
2.932,-1.977
2.69,0.959
2.772,0.687
1.758,-2.472
-1.556,-2.767
3.049,-2.7
0.765,1.688
-2.858,1.964
2.21,-2.031
2.178,-0.591
2.138,1.236
2.02,-1.015
2.166,-2.085
2.011,-0.293
1.917,-0.719
1.906,1.139
1.722,-2.27
1.665,-0.638
1.741,0.26
1.723,1.424
1.479,0.302
1.315,0.36
1.432,-2.316
1.424,-0.945
1.426,-0.947
1.381,-1.532
1.411,1.529
1.316,-1.967
1.162,-0.292
1.126,-0.982
1.104,-0.762
1.166,-2.032
1.013,-0.568
1.089,0.066
1.075,-0.909
0.943,-0.504
0.823,0.433
0.564,-1.348
0.711,-0.648
0.499,1.405
0.472,-2.134
0.437,1.214
0.489,0.139
0.327,-0.581
0.323,-2.253
0.432,0.425
0.299,0.747
0.269,-0.112
0.268,-0.561
0.239,-1.33
0.334,-1.195
0.346,1.479
0.223,-0.847
0.301,-1.637
0.17,1.316
0.155,0.024
0.109,-1.639
0.127,-2.148
-0.073,-2.186
-0.131,-2.072
-0.133,1.008
-0.027,1.468
-0.104,-0.297
-0.121,-0.21
-0.2,-0.428
-0.174,-2.132
-0.345,-0.859
-0.385,1.344
-0.524,-1.98
-0.503,0.476
-0.545,1.421
-0.417,-1.599
-0.718,-1.266
-0.582,-2.245
-0.719,-2.242
-0.713,0.382
-0.781,-0.265
-0.784,-1.312
-1.027,-1.317
-0.873,1.418
-1.043,0.547
-1.054,1.604
-0.923,-1.99
-1.082,-0.797
-1.11,-1.972
-1.295,1.205
-1.302,-1.185
-1.281,-0.181
-1.258,0.427
-1.261,0.094
-1.424,-0.193
-1.334,-0.338
-1.459,-1.193
-1.442,0.456
-1.658,1.102
-1.732,1.61
-1.674,1.385
-1.815,-1.827
-1.771,1.129
-1.95,-2.052
-2.117,0.06
-2.192,0.74
-2.205,-2.206
-2.173,-2.092
-2.172,1.632
-2.23,-0.201
-2.397,0.327
-2.427,-2.154
-2.561,-1.061
-2.75,-0.473
-2.724,-2.38
-2.784,-2.38
-2.678,0.174
-2.711,-0.392
-2.696,0.299
3.043,-1.413
3.035,-1.188
2.888,-0.192
2.912,-1.358
2.794,-1.272
2.886,0.393
2.734,-0.327
2.845,-0.666
2.845,0.234
2.707,-0.903
2.778,-0.571
2.579,0.413
2.693,-2.007
2.476,-2.213
1.819,-2.38
1.936,-2.421
1.733,-2.326
1.274,-2.659
1.302,-2.73
1.039,-2.578
1.119,-2.381
1.007,-2.418
0.325,-2.589
0.391,-2.337
0.417,-2.455
0.08,-2.448
-0.082,-2.687
-0.889,-2.548
-0.884,-2.757
-1.147,-2.531
-1.153,-2.552
3.006,-2.645
2.521,-2.476
2.466,1.769
2.291,2.0
1.492,2.055
1.184,1.832
0.525,1.735
0.325,1.693
-0.679,1.821
-0.697,1.729
-0.814,1.737
-1.239,1.864
-1.642,1.733
-2.316,1.908
-2.773,1.762
-3.035,1.746
1.577,-0.225
1.193,-0.224
0.348,-0.849
-1.718,-0.224
-1.9,0.392
-2.62,1.142
-2.889,1.355
2.802,-1.758
-1.442,0.085
-2.129,0.448
-3.011,0.38
-3.028,1.264
-3.024,0.698
-3.088,1.265
-3.079,-0.302
-3.107,1.105
3.092,0.49
3.054,0.523
2.974,-0.159
2.942,1.063
3.018,1.172
2.886,0.265
2.794,-0.168
0.874,-1.119
-0.417,0.01
-3.071,-1.515
2.786,-0.058
2.53,-0.001
0.804,-2.35
0.686,-2.22
-0.759,-2.103
0.254,1.584
0.873,-2.289
0.274,-2.465
-0.044,0.18
-0.075,-0.747
-0.148,0.315
-0.157,1.305
-0.154,2.612
-0.087,0.779
-0.18,-0.457
-0.208,2.361
-0.154,1.76
-0.242,0.996
-0.227,0.981
-0.302,0.375
-0.321,1.047
-0.252,0.816
-0.354,-0.708
-0.301,1.65
-0.351,1.211
-0.425,1.11
-0.437,-0.272
-0.401,1.471
-0.404,2.01
-0.405,-0.72
-0.437,1.403
-0.516,0.546
-0.481,-0.292
-0.53,0.658
-0.581,0.007
-0.601,-1.121
-0.553,0.853
-0.573,0.368
-0.653,-1.263
-0.695,1.019
-0.649,-1.062
-0.648,2.13
-0.75,1.873
-0.798,1.201
-0.867,1.577
-0.932,1.743
-0.873,1.419
-0.922,-0.139
-0.933,1.848
-1.064,1.522
-1.068,2.406
-1.02,0.426
-1.121,2.625
-1.206,0.393
-1.253,-0.343
-1.264,-1.046
-1.258,1.652
-1.306,1.455
-1.267,1.921
-1.315,2.083
-1.451,0.575
-1.4,0.303
-1.397,1.458
-1.511,-1.207
-1.468,-0.755
-1.562,0.831
-1.488,2.196
-1.582,0.92
-1.548,-1.268
-1.594,1.759
-1.53,2.107
-1.605,1.212
-1.615,1.43
-1.642,-1.4
-1.703,1.028
-1.679,-1.221
-1.703,2.564
-1.793,-0.445
-1.937,0.886
-1.894,0.186
-1.98,2.216
-2.023,0.791
-2.005,-0.212
-2.119,1.233
-2.119,-0.734
-2.188,0.329
-2.255,2.257
-2.34,2.493
-2.443,0.606
-2.434,-0.693
-2.451,1.044
-2.54,-0.239
-2.599,0.031
-2.637,-0.685
-2.66,-0.041
-2.586,0.777
-2.599,0.694
-2.695,1.648
-2.657,0.256
-2.726,1.627
-2.761,0.837
-2.756,1.833
-2.816,0.546
-2.766,2.254
-2.768,-1.294
-2.862,0.509
-2.814,1.995
-2.828,-0.129
-2.802,2.164
-2.876,1.911
-2.869,0.463
-2.881,1.769
-2.865,0.421
-2.932,1.766
-2.875,0.559
-2.983,2.497
-2.918,0.522
-2.918,-1.269
-2.984,1.805
-3.024,1.244
-3.062,-0.139
-3.011,1.994
-3.014,1.469
-3.017,0.048
-3.128,0.702
-3.069,0.098
-3.06,0.013
3.127,-0.204
3.093,-0.354
2.934,-0.121
2.991,0.617
2.924,0.06
2.838,-0.625
2.719,0.892
2.689,1.549
2.701,0.708
2.672,2.52
2.696,1.587
2.641,1.976
2.62,2.435
2.564,-1.329
2.628,1.185
2.579,2.49
2.544,1.881
2.51,-0.595
2.388,1.489
2.447,2.331
2.421,1.913
2.345,-0.732
1.386,-1.378
0.707,-1.343
0.68,-1.403
0.257,-1.663
0.211,-1.472
-0.071,-1.768
-0.075,-1.666
-0.228,-1.391
-0.491,-1.418
-0.97,-1.677
-0.972,-1.414
-1.324,-1.848
-1.353,-1.617
-1.594,-1.592
-2.02,-1.777
-2.187,-1.518
-2.749,-1.496
-2.834,-1.428
2.863,-1.45
2.887,-1.515
2.443,-1.325
2.192,2.671
1.948,2.883
1.705,2.655
0.869,2.842
0.604,2.803
0.407,2.783
0.335,2.711
0.213,2.945
0.001,2.989
-0.163,2.774
-0.195,2.675
-0.542,2.996
-2.48,2.924
-2.431,2.766
-2.601,2.974
-2.629,2.97
-2.708,2.948
-2.905,2.631
2.843,2.935
2.6,3.045
2.46,2.717
0.546,-1.139
-0.01,2.376
-0.34,-0.911
-0.786,2.535
-2.666,2.265
-2.662,0.166
-2.711,2.418
2.862,-1.011
2.62,1.925
2.702,1.653
1.688,-1.506
-1.626,-1.801
2.979,-1.734
0.695,2.654
-2.928,2.93
2.14,-1.065
2.108,0.375
2.068,2.202
1.95,-0.049
2.096,-1.119
1.941,0.673
1.847,0.247
1.836,2.105
1.652,-1.304
1.595,0.328
1.671,1.226
1.653,2.39
1.409,1.268
1.245,1.326
1.362,-1.35
1.354,0.021
1.356,0.019
1.311,-0.566
1.341,2.495
1.246,-1.001
1.092,0.674
1.056,-0.016
1.034,0.204
1.096,-1.066
0.943,0.398
1.019,1.032
1.005,0.057
0.873,0.462
0.753,1.399
0.494,-0.382
0.641,0.318
0.429,2.371
0.402,-1.168
0.367,2.18
0.419,1.105
0.257,0.385
0.253,-1.287
0.362,1.391
0.229,1.713
0.199,0.854
0.198,0.405
0.169,-0.364
0.264,-0.229
0.276,2.445
0.153,0.119
0.231,-0.671
0.1,2.282
0.085,0.99
0.039,-0.673
0.057,-1.182
-0.143,-1.22
-0.201,-1.106
-0.203,1.974
-0.097,2.434
-0.174,0.669
-0.191,0.756
-0.27,0.538
-0.244,-1.166
-0.415,0.107
-0.455,2.31
-0.594,-1.014
-0.573,1.442
-0.615,2.387
-0.487,-0.633
-0.788,-0.3
-0.652,-1.279
-0.789,-1.276
-0.783,1.348
-0.851,0.701
-0.854,-0.346
-1.097,-0.351
-0.943,2.384
-1.113,1.513
-1.124,2.57
-0.993,-1.024
-1.152,0.169
-1.18,-1.006
-1.365,2.171
-1.372,-0.219
-1.351,0.785
-1.328,1.393
-1.331,1.06
-1.494,0.773
-1.404,0.628
-1.529,-0.227
-1.512,1.422
-1.728,2.068
-1.802,2.576
-1.744,2.351
-1.885,-0.861
-1.841,2.095
-2.02,-1.086
-2.187,1.026
-2.262,1.706
-2.275,-1.24
-2.243,-1.126
-2.242,2.598
-2.3,0.765
-2.467,1.293
-2.497,-1.188
-2.631,-0.095
-2.82,0.493
-2.794,-1.414
-2.854,-1.414
-2.748,1.14
-2.781,0.574
-2.766,1.265
2.973,-0.447
2.965,-0.222
2.818,0.774
2.842,-0.392
2.724,-0.306
2.816,1.359
2.664,0.639
2.775,0.3
2.775,1.2
2.637,0.063
2.708,0.395
2.509,1.379
2.623,-1.041
2.406,-1.247
1.749,-1.414
1.866,-1.455
1.663,-1.36
1.204,-1.693
1.232,-1.764
0.969,-1.612
1.049,-1.415
0.937,-1.452
0.255,-1.623
0.321,-1.371
0.347,-1.489
0.01,-1.482
-0.152,-1.721
-0.959,-1.582
-0.954,-1.791
-1.217,-1.565
-1.223,-1.586
2.936,-1.679
2.451,-1.51
2.396,2.735
2.221,2.966
1.422,3.021
1.114,2.798
0.455,2.701
0.255,2.659
-0.749,2.787
-0.767,2.695
-0.884,2.703
-1.309,2.83
-1.712,2.699
-2.386,2.874
-2.843,2.728
-3.105,2.712
1.507,0.741
1.123,0.742
0.278,0.117
-1.788,0.742
-1.97,1.358
-2.69,2.108
-2.959,2.321
2.732,-0.792
-1.512,1.051
-2.199,1.414
-3.081,1.346
-3.098,2.23
-3.094,1.664
3.125,2.231
3.134,0.664
3.106,2.071
3.022,1.456
2.984,1.489
2.904,0.807
2.872,2.029
2.948,2.138
2.816,1.231
2.724,0.798
0.804,-0.153
-0.487,0.976
-3.141,-0.549
2.716,0.908
2.46,0.965
0.734,-1.384
0.616,-1.254
-0.829,-1.137
0.184,2.55
0.803,-1.323
0.204,-1.499
-0.031,-0.927
-0.104,0.135
-0.113,1.125
-0.11,2.432
-0.043,0.599
-0.136,-0.637
-0.164,2.181
-0.11,1.58
-0.198,0.816
-0.183,0.801
-0.258,0.195
-0.277,0.867
-0.208,0.636
-0.31,-0.888
-0.257,1.47
-0.307,1.031
-0.381,0.93
-0.393,-0.452
-0.357,1.291
-0.36,1.83
-0.361,-0.9
-0.393,1.223
-0.472,0.366
-0.437,-0.472
-0.486,0.478
-0.537,-0.173
-0.557,-1.301
-0.509,0.673
-0.529,0.188
-0.609,-1.443
-0.651,0.839
-0.605,-1.242
-0.604,1.95
-0.706,1.693
-0.754,1.021
-0.823,1.397
-0.888,1.563
-0.829,1.239
-0.878,-0.319
-0.889,1.668
-1.02,1.342
-1.024,2.226
-0.976,0.246
-1.077,2.445
-1.162,0.213
-1.209,-0.523
-1.22,-1.226
-1.214,1.472
-1.262,1.275
-1.223,1.741
-1.271,1.903
-1.407,0.395
-1.356,0.123
-1.353,1.278
-1.467,-1.387
-1.424,-0.935
-1.518,0.651
-1.444,2.016
-1.538,0.74
-1.504,-1.448
-1.55,1.579
-1.486,1.927
-1.561,1.032
-1.571,1.25
-1.598,-1.58
-1.659,0.848
-1.635,-1.401
-1.659,2.384
-1.749,-0.625
-1.893,0.706
-1.85,0.006
-1.936,2.036
-1.979,0.611
-1.961,-0.392
-2.075,1.053
-2.075,-0.914
-2.144,0.149
-2.211,2.077
-2.296,2.313
-2.399,0.426
-2.39,-0.873
-2.407,0.864
-2.496,-0.419
-2.555,-0.149
-2.593,-0.865
-2.616,-0.221
-2.542,0.597
-2.555,0.514
-2.651,1.468
-2.613,0.076
-2.682,1.447
-2.717,0.657
-2.712,1.653
-2.772,0.366
-2.722,2.074
-2.724,-1.474
-2.818,0.329
-2.77,1.815
-2.784,-0.309
-2.758,1.984
-2.832,1.731
-2.825,0.283
-2.837,1.589
-2.821,0.241
-2.888,1.586
-2.831,0.379
-2.939,2.317
-2.874,0.342
-2.874,-1.449
-2.94,1.625
-2.98,1.064
-3.018,-0.319
-2.967,1.814
-2.97,1.289
-2.973,-0.132
-3.084,0.522
-3.025,-0.082
-3.016,-0.167
-3.112,-0.384
3.137,-0.534
2.978,-0.301
3.035,0.437
2.968,-0.12
2.882,-0.805
2.763,0.712
2.733,1.369
2.745,0.528
2.716,2.34
2.74,1.407
2.685,1.796
2.664,2.255
2.608,-1.509
2.672,1.005
2.623,2.31
2.588,1.701
2.554,-0.775
2.432,1.309
2.491,2.151
2.465,1.733
2.389,-0.912
1.43,-1.558
0.751,-1.523
0.724,-1.583
0.301,-1.843
0.255,-1.652
-0.027,-1.948
-0.031,-1.846
-0.184,-1.571
-0.447,-1.598
-0.926,-1.857
-0.928,-1.594
-1.28,-2.028
-1.309,-1.797
-1.55,-1.772
-1.976,-1.957
-2.143,-1.698
-2.705,-1.676
-2.79,-1.608
2.907,-1.63
2.931,-1.695
2.487,-1.505
2.236,2.491
1.992,2.703
1.749,2.475
0.913,2.662
0.648,2.623
0.451,2.603
0.379,2.531
0.257,2.765
0.045,2.809
-0.119,2.594
-0.151,2.495
-0.498,2.816
-2.436,2.744
-2.387,2.586
-2.557,2.794
-2.585,2.79
-2.664,2.768
-2.861,2.451
2.887,2.755
2.644,2.865
2.504,2.537
0.59,-1.319
0.034,2.196
-0.296,-1.091
-0.742,2.355
-2.622,2.085
-2.618,-0.014
-2.667,2.238
2.906,-1.191
2.664,1.745
2.746,1.473
1.732,-1.686
-1.582,-1.981
3.023,-1.914
0.739,2.474
-2.884,2.75
2.184,-1.245
2.152,0.195
2.112,2.022
1.994,-0.229
2.14,-1.299
1.985,0.493
1.891,0.067
1.88,1.925
1.696,-1.484
1.639,0.148
1.715,1.046
1.697,2.21
1.453,1.088
1.289,1.146
1.406,-1.53
1.398,-0.159
1.4,-0.161
1.355,-0.746
1.385,2.315
1.29,-1.181
1.136,0.494
1.1,-0.196
1.078,0.024
1.14,-1.246
0.987,0.218
1.063,0.852
1.049,-0.123
0.917,0.282
0.797,1.219
0.538,-0.562
0.685,0.138
0.473,2.191
0.446,-1.348
0.411,2.0
0.463,0.925
0.301,0.205
0.297,-1.467
0.406,1.211
0.273,1.533
0.243,0.674
0.242,0.225
0.213,-0.544
0.308,-0.409
0.32,2.265
0.197,-0.061
0.275,-0.851
0.144,2.102
0.129,0.81
0.083,-0.853
0.101,-1.362
-0.099,-1.4
-0.157,-1.286
-0.159,1.794
-0.053,2.254
-0.13,0.489
-0.147,0.576
-0.226,0.358
-0.2,-1.346
-0.371,-0.073
-0.411,2.13
-0.55,-1.194
-0.529,1.262
-0.571,2.207
-0.443,-0.813
-0.744,-0.48
-0.608,-1.459
-0.745,-1.456
-0.739,1.168
-0.807,0.521
-0.81,-0.526
-1.053,-0.531
-0.899,2.204
-1.069,1.333
-1.08,2.39
-0.949,-1.204
-1.108,-0.011
-1.136,-1.186
-1.321,1.991
-1.328,-0.399
-1.307,0.605
-1.284,1.213
-1.287,0.88
-1.45,0.593
-1.36,0.448
-1.485,-0.407
-1.468,1.242
-1.684,1.888
-1.758,2.396
-1.7,2.171
-1.841,-1.041
-1.797,1.915
-1.976,-1.266
-2.143,0.846
-2.218,1.526
-2.231,-1.42
-2.199,-1.306
-2.198,2.418
-2.256,0.585
-2.423,1.113
-2.453,-1.368
-2.587,-0.275
-2.776,0.313
-2.75,-1.594
-2.81,-1.594
-2.704,0.96
-2.737,0.394
-2.722,1.085
3.017,-0.627
3.009,-0.402
2.862,0.594
2.886,-0.572
2.768,-0.486
2.86,1.179
2.708,0.459
2.819,0.12
2.819,1.02
2.681,-0.117
2.752,0.215
2.553,1.199
2.667,-1.221
2.45,-1.427
1.793,-1.594
1.91,-1.635
1.707,-1.54
1.248,-1.873
1.276,-1.944
1.013,-1.792
1.093,-1.595
0.981,-1.632
0.299,-1.803
0.365,-1.551
0.391,-1.669
0.054,-1.662
-0.108,-1.901
-0.915,-1.762
-0.91,-1.971
-1.173,-1.745
-1.179,-1.766
2.98,-1.859
2.495,-1.69
2.44,2.555
2.265,2.786
1.466,2.841
1.158,2.618
0.499,2.521
0.299,2.479
-0.705,2.607
-0.723,2.515
-0.84,2.523
-1.265,2.65
-1.668,2.519
-2.342,2.694
-2.799,2.548
-3.061,2.532
1.551,0.561
1.167,0.562
0.322,-0.063
-1.744,0.562
-1.926,1.178
-2.646,1.928
-2.915,2.141
2.776,-0.972
-1.468,0.871
-2.155,1.234
-3.037,1.166
-3.054,2.05
-3.05,1.484
-3.114,2.051
-3.105,0.484
-3.133,1.891
3.066,1.276
3.028,1.309
2.948,0.627
2.916,1.849
2.992,1.958
2.86,1.051
2.768,0.618
0.848,-0.333
-0.443,0.796
-3.097,-0.729
2.76,0.728
2.504,0.785
0.778,-1.564
0.66,-1.434
-0.785,-1.317
0.228,2.37
0.847,-1.503
0.248,-1.679
-0.073,1.062
-0.082,2.052
-0.079,3.359
-0.012,1.526
-0.105,0.29
-0.133,3.108
-0.079,2.507
-0.167,1.743
-0.152,1.728
-0.227,1.122
-0.246,1.794
-0.177,1.563
-0.279,0.039
-0.226,2.397
-0.276,1.958
-0.35,1.857
-0.362,0.475
-0.326,2.218
-0.329,2.757
-0.33,0.027
-0.362,2.15
-0.441,1.293
-0.406,0.455
-0.455,1.405
-0.506,0.754
-0.526,-0.374
-0.478,1.6
-0.498,1.115
-0.578,-0.516
-0.62,1.766
-0.574,-0.315
-0.573,2.877
-0.675,2.62
-0.723,1.948
-0.792,2.324
-0.857,2.49
-0.798,2.166
-0.847,0.608
-0.858,2.595
-0.989,2.269
-0.993,3.153
-0.945,1.173
-1.046,3.372
-1.131,1.14
-1.178,0.404
-1.189,-0.299
-1.183,2.399
-1.231,2.202
-1.192,2.668
-1.24,2.83
-1.376,1.322
-1.325,1.05
-1.322,2.205
-1.436,-0.46
-1.393,-0.008
-1.487,1.578
-1.413,2.943
-1.507,1.667
-1.473,-0.521
-1.519,2.506
-1.455,2.854
-1.53,1.959
-1.54,2.177
-1.567,-0.653
-1.628,1.775
-1.604,-0.474
-1.628,3.311
-1.718,0.302
-1.862,1.633
-1.819,0.933
-1.905,2.963
-1.948,1.538
-1.93,0.535
-2.044,1.98
-2.044,0.013
-2.113,1.076
-2.18,3.004
-2.265,3.24
-2.368,1.353
-2.359,0.054
-2.376,1.791
-2.465,0.508
-2.524,0.778
-2.562,0.062
-2.585,0.706
-2.511,1.524
-2.524,1.441
-2.62,2.395
-2.582,1.003
-2.651,2.374
-2.686,1.584
-2.681,2.58
-2.741,1.293
-2.691,3.001
-2.693,-0.547
-2.787,1.256
-2.739,2.742
-2.753,0.618
-2.727,2.911
-2.801,2.658
-2.794,1.21
-2.806,2.516
-2.79,1.168
-2.857,2.513
-2.8,1.306
-2.908,3.244
-2.843,1.269
-2.843,-0.522
-2.909,2.552
-2.949,1.991
-2.987,0.608
-2.936,2.741
-2.939,2.216
-2.942,0.795
-3.053,1.449
-2.994,0.845
-2.985,0.76
-3.081,0.543
-3.115,0.393
3.009,0.626
3.066,1.364
2.999,0.807
2.913,0.122
2.794,1.639
2.764,2.296
2.776,1.455
2.747,3.267
2.771,2.334
2.716,2.723
2.695,3.182
2.639,-0.582
2.703,1.932
2.654,3.237
2.619,2.628
2.585,0.152
2.463,2.236
2.522,3.078
2.496,2.66
2.42,0.015
1.461,-0.631
0.782,-0.596
0.755,-0.656
0.332,-0.916
0.286,-0.725
0.004,-1.021
0.0,-0.919
-0.153,-0.644
-0.416,-0.671
-0.895,-0.93
-0.897,-0.667
-1.249,-1.101
-1.278,-0.87
-1.519,-0.845
-1.945,-1.03
-2.112,-0.771
-2.674,-0.749
-2.759,-0.681
2.938,-0.703
2.962,-0.768
2.518,-0.578
2.267,3.418
2.023,3.63
1.78,3.402
0.944,3.589
0.679,3.55
0.482,3.53
0.41,3.458
0.288,3.692
0.076,3.736
-0.088,3.521
-0.12,3.422
-0.467,3.743
-2.405,3.671
-2.356,3.513
-2.526,3.721
-2.554,3.717
-2.633,3.695
-2.83,3.378
2.918,3.682
2.675,3.792
2.535,3.464
0.621,-0.392
0.065,3.123
-0.265,-0.164
-0.711,3.282
-2.591,3.012
-2.587,0.913
-2.636,3.165
2.937,-0.264
2.695,2.672
2.777,2.4
1.763,-0.759
-1.551,-1.054
3.054,-0.987
0.77,3.401
-2.853,3.677
2.215,-0.318
2.183,1.122
2.143,2.949
2.025,0.698
2.171,-0.372
2.016,1.42
1.922,0.994
1.911,2.852
1.727,-0.557
1.67,1.075
1.746,1.973
1.728,3.137
1.484,2.015
1.32,2.073
1.437,-0.603
1.429,0.768
1.431,0.766
1.386,0.181
1.416,3.242
1.321,-0.254
1.167,1.421
1.131,0.731
1.109,0.951
1.171,-0.319
1.018,1.145
1.094,1.779
1.08,0.804
0.948,1.209
0.828,2.146
0.569,0.365
0.716,1.065
0.504,3.118
0.477,-0.421
0.442,2.927
0.494,1.852
0.332,1.132
0.328,-0.54
0.437,2.138
0.304,2.46
0.274,1.601
0.273,1.152
0.244,0.383
0.339,0.518
0.351,3.192
0.228,0.866
0.306,0.076
0.175,3.029
0.16,1.737
0.114,0.074
0.132,-0.435
-0.068,-0.473
-0.126,-0.359
-0.128,2.721
-0.022,3.181
-0.099,1.416
-0.116,1.503
-0.195,1.285
-0.169,-0.419
-0.34,0.854
-0.38,3.057
-0.519,-0.267
-0.498,2.189
-0.54,3.134
-0.412,0.114
-0.713,0.447
-0.577,-0.532
-0.714,-0.529
-0.708,2.095
-0.776,1.448
-0.779,0.401
-1.022,0.396
-0.868,3.131
-1.038,2.26
-1.049,3.317
-0.918,-0.277
-1.077,0.916
-1.105,-0.259
-1.29,2.918
-1.297,0.528
-1.276,1.532
-1.253,2.14
-1.256,1.807
-1.419,1.52
-1.329,1.375
-1.454,0.52
-1.437,2.169
-1.653,2.815
-1.727,3.323
-1.669,3.098
-1.81,-0.114
-1.766,2.842
-1.945,-0.339
-2.112,1.773
-2.187,2.453
-2.2,-0.493
-2.168,-0.379
-2.167,3.345
-2.225,1.512
-2.392,2.04
-2.422,-0.441
-2.556,0.652
-2.745,1.24
-2.719,-0.667
-2.779,-0.667
-2.673,1.887
-2.706,1.321
-2.691,2.012
3.048,0.3
3.04,0.525
2.893,1.521
2.917,0.355
2.799,0.441
2.891,2.106
2.739,1.386
2.85,1.047
2.85,1.947
2.712,0.81
2.783,1.142
2.584,2.126
2.698,-0.294
2.481,-0.5
1.824,-0.667
1.941,-0.708
1.738,-0.613
1.279,-0.946
1.307,-1.017
1.044,-0.865
1.124,-0.668
1.012,-0.705
0.33,-0.876
0.396,-0.624
0.422,-0.742
0.085,-0.735
-0.077,-0.974
-0.884,-0.835
-0.879,-1.044
-1.142,-0.818
-1.148,-0.839
3.011,-0.932
2.526,-0.763
2.471,3.482
2.296,3.713
1.497,3.768
1.189,3.545
0.53,3.448
0.33,3.406
-0.674,3.534
-0.692,3.442
-0.809,3.45
-1.234,3.577
-1.637,3.446
-2.311,3.621
-2.768,3.475
-3.03,3.459
1.582,1.488
1.198,1.489
0.353,0.864
-1.713,1.489
-1.895,2.105
-2.615,2.855
-2.884,3.068
2.807,-0.045
-1.437,1.798
-2.124,2.161
-3.006,2.093
-3.023,2.977
-3.019,2.411
-3.083,2.978
-3.074,1.411
-3.102,2.818
3.097,2.203
3.059,2.236
2.979,1.554
2.947,2.776
3.023,2.885
2.891,1.978
2.799,1.545
0.879,0.594
-0.412,1.723
-3.066,0.198
2.791,1.655
2.535,1.712
0.809,-0.637
0.691,-0.507
-0.754,-0.39
0.259,3.297
0.878,-0.576
0.279,-0.752
-0.009,0.99
-0.006,2.297
0.061,0.464
-0.032,-0.772
-0.06,2.046
-0.006,1.445
-0.094,0.681
-0.079,0.666
-0.154,0.06
-0.173,0.732
-0.104,0.501
-0.206,-1.023
-0.153,1.335
-0.203,0.896
-0.277,0.795
-0.289,-0.587
-0.253,1.156
-0.256,1.695
-0.257,-1.035
-0.289,1.088
-0.368,0.231
-0.333,-0.607
-0.382,0.343
-0.433,-0.308
-0.453,-1.436
-0.405,0.538
-0.425,0.053
-0.505,-1.578
-0.547,0.704
-0.501,-1.377
-0.5,1.815
-0.602,1.558
-0.65,0.886
-0.719,1.262
-0.784,1.428
-0.725,1.104
-0.774,-0.454
-0.785,1.533
-0.916,1.207
-0.92,2.091
-0.872,0.111
-0.973,2.31
-1.058,0.078
-1.105,-0.658
-1.116,-1.361
-1.11,1.337
-1.158,1.14
-1.119,1.606
-1.167,1.768
-1.303,0.26
-1.252,-0.012
-1.249,1.143
-1.363,-1.522
-1.32,-1.07
-1.414,0.516
-1.34,1.881
-1.434,0.605
-1.4,-1.583
-1.446,1.444
-1.382,1.792
-1.457,0.897
-1.467,1.115
-1.494,-1.715
-1.555,0.713
-1.531,-1.536
-1.555,2.249
-1.645,-0.76
-1.789,0.571
-1.746,-0.129
-1.832,1.901
-1.875,0.476
-1.857,-0.527
-1.971,0.918
-1.971,-1.049
-2.04,0.014
-2.107,1.942
-2.192,2.178
-2.295,0.291
-2.286,-1.008
-2.303,0.729
-2.392,-0.554
-2.451,-0.284
-2.489,-1.0
-2.512,-0.356
-2.438,0.462
-2.451,0.379
-2.547,1.333
-2.509,-0.059
-2.578,1.312
-2.613,0.522
-2.608,1.518
-2.668,0.231
-2.618,1.939
-2.62,-1.609
-2.714,0.194
-2.666,1.68
-2.68,-0.444
-2.654,1.849
-2.728,1.596
-2.721,0.148
-2.733,1.454
-2.717,0.106
-2.784,1.451
-2.727,0.244
-2.835,2.182
-2.77,0.207
-2.77,-1.584
-2.836,1.49
-2.876,0.929
-2.914,-0.454
-2.863,1.679
-2.866,1.154
-2.869,-0.267
-2.98,0.387
-2.921,-0.217
-2.912,-0.302
-3.008,-0.519
-3.042,-0.669
3.082,-0.436
3.139,0.302
3.072,-0.255
2.986,-0.94
2.867,0.577
2.837,1.234
2.849,0.393
2.82,2.205
2.844,1.272
2.789,1.661
2.768,2.12
2.712,-1.644
2.776,0.87
2.727,2.175
2.692,1.566
2.658,-0.91
2.536,1.174
2.595,2.016
2.569,1.598
2.493,-1.047
1.534,-1.693
0.855,-1.658
0.828,-1.718
0.405,-1.978
0.359,-1.787
0.077,-2.083
0.073,-1.981
-0.08,-1.706
-0.343,-1.733
-0.822,-1.992
-0.824,-1.729
-1.176,-2.163
-1.205,-1.932
-1.446,-1.907
-1.872,-2.092
-2.039,-1.833
-2.601,-1.811
-2.686,-1.743
3.011,-1.765
3.035,-1.83
2.591,-1.64
2.34,2.356
2.096,2.568
1.853,2.34
1.017,2.527
0.752,2.488
0.555,2.468
0.483,2.396
0.361,2.63
0.149,2.674
-0.015,2.459
-0.047,2.36
-0.394,2.681
-2.332,2.609
-2.283,2.451
-2.453,2.659
-2.481,2.655
-2.56,2.633
-2.757,2.316
2.991,2.62
2.748,2.73
2.608,2.402
0.694,-1.454
0.138,2.061
-0.192,-1.226
-0.638,2.22
-2.518,1.95
-2.514,-0.149
-2.563,2.103
3.01,-1.326
2.768,1.61
2.85,1.338
1.836,-1.821
-1.478,-2.116
3.127,-2.049
0.843,2.339
-2.78,2.615
2.288,-1.38
2.256,0.06
2.216,1.887
2.098,-0.364
2.244,-1.434
2.089,0.358
1.995,-0.068
1.984,1.79
1.8,-1.619
1.743,0.013
1.819,0.911
1.801,2.075
1.557,0.953
1.393,1.011
1.51,-1.665
1.502,-0.294
1.504,-0.296
1.459,-0.881
1.489,2.18
1.394,-1.316
1.24,0.359
1.204,-0.331
1.182,-0.111
1.244,-1.381
1.091,0.083
1.167,0.717
1.153,-0.258
1.021,0.147
0.901,1.084
0.642,-0.697
0.789,0.003
0.577,2.056
0.55,-1.483
0.515,1.865
0.567,0.79
0.405,0.07
0.401,-1.602
0.51,1.076
0.377,1.398
0.347,0.539
0.346,0.09
0.317,-0.679
0.412,-0.544
0.424,2.13
0.301,-0.196
0.379,-0.986
0.248,1.967
0.233,0.675
0.187,-0.988
0.205,-1.497
0.005,-1.535
-0.053,-1.421
-0.055,1.659
0.051,2.119
-0.026,0.354
-0.043,0.441
-0.122,0.223
-0.096,-1.481
-0.267,-0.208
-0.307,1.995
-0.446,-1.329
-0.425,1.127
-0.467,2.072
-0.339,-0.948
-0.64,-0.615
-0.504,-1.594
-0.641,-1.591
-0.635,1.033
-0.703,0.386
-0.706,-0.661
-0.949,-0.666
-0.795,2.069
-0.965,1.198
-0.976,2.255
-0.845,-1.339
-1.004,-0.146
-1.032,-1.321
-1.217,1.856
-1.224,-0.534
-1.203,0.47
-1.18,1.078
-1.183,0.745
-1.346,0.458
-1.256,0.313
-1.381,-0.542
-1.364,1.107
-1.58,1.753
-1.654,2.261
-1.596,2.036
-1.737,-1.176
-1.693,1.78
-1.872,-1.401
-2.039,0.711
-2.114,1.391
-2.127,-1.555
-2.095,-1.441
-2.094,2.283
-2.152,0.45
-2.319,0.978
-2.349,-1.503
-2.483,-0.41
-2.672,0.178
-2.646,-1.729
-2.706,-1.729
-2.6,0.825
-2.633,0.259
-2.618,0.95
3.121,-0.762
3.113,-0.537
2.966,0.459
2.99,-0.707
2.872,-0.621
2.964,1.044
2.812,0.324
2.923,-0.015
2.923,0.885
2.785,-0.252
2.856,0.08
2.657,1.064
2.771,-1.356
2.554,-1.562
1.897,-1.729
2.014,-1.77
1.811,-1.675
1.352,-2.008
1.38,-2.079
1.117,-1.927
1.197,-1.73
1.085,-1.767
0.403,-1.938
0.469,-1.686
0.495,-1.804
0.158,-1.797
-0.004,-2.036
-0.811,-1.897
-0.806,-2.106
-1.069,-1.88
-1.075,-1.901
3.084,-1.994
2.599,-1.825
2.544,2.42
2.369,2.651
1.57,2.706
1.262,2.483
0.603,2.386
0.403,2.344
-0.601,2.472
-0.619,2.38
-0.736,2.388
-1.161,2.515
-1.564,2.384
-2.238,2.559
-2.695,2.413
-2.957,2.397
1.655,0.426
1.271,0.427
0.426,-0.198
-1.64,0.427
-1.822,1.043
-2.542,1.793
-2.811,2.006
2.88,-1.107
-1.364,0.736
-2.051,1.099
-2.933,1.031
-2.95,1.915
-2.946,1.349
-3.01,1.916
-3.001,0.349
-3.029,1.756
-3.113,1.141
3.132,1.174
3.052,0.492
3.02,1.714
3.096,1.823
2.964,0.916
2.872,0.483
0.952,-0.468
-0.339,0.661
-2.993,-0.864
2.864,0.593
2.608,0.65
0.882,-1.699
0.764,-1.569
-0.681,-1.452
0.332,2.235
0.951,-1.638
0.352,-1.814
0.003,1.307
0.07,-0.526
-0.023,-1.762
-0.051,1.056
0.003,0.455
-0.085,-0.309
-0.07,-0.324
-0.145,-0.93
-0.164,-0.258
-0.095,-0.489
-0.197,-2.013
-0.144,0.345
-0.194,-0.094
-0.268,-0.195
-0.28,-1.577
-0.244,0.166
-0.247,0.705
-0.248,-2.025
-0.28,0.098
-0.359,-0.759
-0.324,-1.597
-0.373,-0.647
-0.424,-1.298
-0.444,-2.426
-0.396,-0.452
-0.416,-0.937
-0.496,-2.568
-0.538,-0.286
-0.492,-2.367
-0.491,0.825
-0.593,0.568
-0.641,-0.104
-0.71,0.272
-0.775,0.438
-0.716,0.114
-0.765,-1.444
-0.776,0.543
-0.907,0.217
-0.911,1.101
-0.863,-0.879
-0.964,1.32
-1.049,-0.912
-1.096,-1.648
-1.107,-2.351
-1.101,0.347
-1.149,0.15
-1.11,0.616
-1.158,0.778
-1.294,-0.73
-1.243,-1.002
-1.24,0.153
-1.354,-2.512
-1.311,-2.06
-1.405,-0.474
-1.331,0.891
-1.425,-0.385
-1.391,-2.573
-1.437,0.454
-1.373,0.802
-1.448,-0.093
-1.458,0.125
-1.485,-2.705
-1.546,-0.277
-1.522,-2.526
-1.546,1.259
-1.636,-1.75
-1.78,-0.419
-1.737,-1.119
-1.823,0.911
-1.866,-0.514
-1.848,-1.517
-1.962,-0.072
-1.962,-2.039
-2.031,-0.976
-2.098,0.952
-2.183,1.188
-2.286,-0.699
-2.277,-1.998
-2.294,-0.261
-2.383,-1.544
-2.442,-1.274
-2.48,-1.99
-2.503,-1.346
-2.429,-0.528
-2.442,-0.611
-2.538,0.343
-2.5,-1.049
-2.569,0.322
-2.604,-0.468
-2.599,0.528
-2.659,-0.759
-2.609,0.949
-2.611,-2.599
-2.705,-0.796
-2.657,0.69
-2.671,-1.434
-2.645,0.859
-2.719,0.606
-2.712,-0.842
-2.724,0.464
-2.708,-0.884
-2.775,0.461
-2.718,-0.746
-2.826,1.192
-2.761,-0.783
-2.761,-2.574
-2.827,0.5
-2.867,-0.061
-2.905,-1.444
-2.854,0.689
-2.857,0.164
-2.86,-1.257
-2.971,-0.603
-2.912,-1.207
-2.903,-1.292
-2.999,-1.509
-3.033,-1.659
3.091,-1.426
-3.135,-0.688
3.081,-1.245
2.995,-1.93
2.876,-0.413
2.846,0.244
2.858,-0.597
2.829,1.215
2.853,0.282
2.798,0.671
2.777,1.13
2.721,-2.634
2.785,-0.12
2.736,1.185
2.701,0.576
2.667,-1.9
2.545,0.184
2.604,1.026
2.578,0.608
2.502,-2.037
1.543,-2.683
0.864,-2.648
0.837,-2.708
0.414,-2.968
0.368,-2.777
0.086,-3.073
0.082,-2.971
-0.071,-2.696
-0.334,-2.723
-0.813,-2.982
-0.815,-2.719
-1.167,-3.153
-1.196,-2.922
-1.437,-2.897
-1.863,-3.082
-2.03,-2.823
-2.592,-2.801
-2.677,-2.733
3.02,-2.755
3.044,-2.82
2.6,-2.63
2.349,1.366
2.105,1.578
1.862,1.35
1.026,1.537
0.761,1.498
0.564,1.478
0.492,1.406
0.37,1.64
0.158,1.684
-0.006,1.469
-0.038,1.37
-0.385,1.691
-2.323,1.619
-2.274,1.461
-2.444,1.669
-2.472,1.665
-2.551,1.643
-2.748,1.326
3.0,1.63
2.757,1.74
2.617,1.412
0.703,-2.444
0.147,1.071
-0.183,-2.216
-0.629,1.23
-2.509,0.96
-2.505,-1.139
-2.554,1.113
3.019,-2.316
2.777,0.62
2.859,0.348
1.845,-2.811
-1.469,-3.106
3.136,-3.039
0.852,1.349
-2.771,1.625
2.297,-2.37
2.265,-0.93
2.225,0.897
2.107,-1.354
2.253,-2.424
2.098,-0.632
2.004,-1.058
1.993,0.8
1.809,-2.609
1.752,-0.977
1.828,-0.079
1.81,1.085
1.566,-0.037
1.402,0.021
1.519,-2.655
1.511,-1.284
1.513,-1.286
1.468,-1.871
1.498,1.19
1.403,-2.306
1.249,-0.631
1.213,-1.321
1.191,-1.101
1.253,-2.371
1.1,-0.907
1.176,-0.273
1.162,-1.248
1.03,-0.843
0.91,0.094
0.651,-1.687
0.798,-0.987
0.586,1.066
0.559,-2.473
0.524,0.875
0.576,-0.2
0.414,-0.92
0.41,-2.592
0.519,0.086
0.386,0.408
0.356,-0.451
0.355,-0.9
0.326,-1.669
0.421,-1.534
0.433,1.14
0.31,-1.186
0.388,-1.976
0.257,0.977
0.242,-0.315
0.196,-1.978
0.214,-2.487
0.014,-2.525
-0.044,-2.411
-0.046,0.669
0.06,1.129
-0.017,-0.636
-0.034,-0.549
-0.113,-0.767
-0.087,-2.471
-0.258,-1.198
-0.298,1.005
-0.437,-2.319
-0.416,0.137
-0.458,1.082
-0.33,-1.938
-0.631,-1.605
-0.495,-2.584
-0.632,-2.581
-0.626,0.043
-0.694,-0.604
-0.697,-1.651
-0.94,-1.656
-0.786,1.079
-0.956,0.208
-0.967,1.265
-0.836,-2.329
-0.995,-1.136
-1.023,-2.311
-1.208,0.866
-1.215,-1.524
-1.194,-0.52
-1.171,0.088
-1.174,-0.245
-1.337,-0.532
-1.247,-0.677
-1.372,-1.532
-1.355,0.117
-1.571,0.763
-1.645,1.271
-1.587,1.046
-1.728,-2.166
-1.684,0.79
-1.863,-2.391
-2.03,-0.279
-2.105,0.401
-2.118,-2.545
-2.086,-2.431
-2.085,1.293
-2.143,-0.54
-2.31,-0.012
-2.34,-2.493
-2.474,-1.4
-2.663,-0.812
-2.637,-2.719
-2.697,-2.719
-2.591,-0.165
-2.624,-0.731
-2.609,-0.04
3.13,-1.752
3.122,-1.527
2.975,-0.531
2.999,-1.697
2.881,-1.611
2.973,0.054
2.821,-0.666
2.932,-1.005
2.932,-0.105
2.794,-1.242
2.865,-0.91
2.666,0.074
2.78,-2.346
2.563,-2.552
1.906,-2.719
2.023,-2.76
1.82,-2.665
1.361,-2.998
1.389,-3.069
1.126,-2.917
1.206,-2.72
1.094,-2.757
0.412,-2.928
0.478,-2.676
0.504,-2.794
0.167,-2.787
0.005,-3.026
-0.802,-2.887
-0.797,-3.096
-1.06,-2.87
-1.066,-2.891
3.093,-2.984
2.608,-2.815
2.553,1.43
2.378,1.661
1.579,1.716
1.271,1.493
0.612,1.396
0.412,1.354
-0.592,1.482
-0.61,1.39
-0.727,1.398
-1.152,1.525
-1.555,1.394
-2.229,1.569
-2.686,1.423
-2.948,1.407
1.664,-0.564
1.28,-0.563
0.435,-1.188
-1.631,-0.563
-1.813,0.053
-2.533,0.803
-2.802,1.016
2.889,-2.097
-1.355,-0.254
-2.042,0.109
-2.924,0.041
-2.941,0.925
-2.937,0.359
-3.001,0.926
-2.992,-0.641
-3.02,0.766
-3.104,0.151
3.141,0.184
3.061,-0.498
3.029,0.724
3.105,0.833
2.973,-0.074
2.881,-0.507
0.961,-1.458
-0.33,-0.329
-2.984,-1.854
2.873,-0.397
2.617,-0.34
0.891,-2.689
0.773,-2.559
-0.672,-2.442
0.341,1.245
0.96,-2.628
0.361,-2.804
0.067,-1.833
-0.026,-3.069
-0.054,-0.251
0.0,-0.852
-0.088,-1.616
-0.073,-1.631
-0.148,-2.237
-0.167,-1.565
-0.098,-1.796
-0.2,-3.32
-0.147,-0.962
-0.197,-1.401
-0.271,-1.502
-0.283,-2.884
-0.247,-1.141
-0.25,-0.602
-0.251,-3.332
-0.283,-1.209
-0.362,-2.066
-0.327,-2.904
-0.376,-1.954
-0.427,-2.605
-0.447,-3.733
-0.399,-1.759
-0.419,-2.244
-0.499,-3.875
-0.541,-1.593
-0.495,-3.674
-0.494,-0.482
-0.596,-0.739
-0.644,-1.411
-0.713,-1.035
-0.778,-0.869
-0.719,-1.193
-0.768,-2.751
-0.779,-0.764
-0.91,-1.09
-0.914,-0.206
-0.866,-2.186
-0.967,0.013
-1.052,-2.219
-1.099,-2.955
-1.11,-3.658
-1.104,-0.96
-1.152,-1.157
-1.113,-0.691
-1.161,-0.529
-1.297,-2.037
-1.246,-2.309
-1.243,-1.154
-1.357,-3.819
-1.314,-3.367
-1.408,-1.781
-1.334,-0.416
-1.428,-1.692
-1.394,-3.88
-1.44,-0.853
-1.376,-0.505
-1.451,-1.4
-1.461,-1.182
-1.488,-4.012
-1.549,-1.584
-1.525,-3.833
-1.549,-0.048
-1.639,-3.057
-1.783,-1.726
-1.74,-2.426
-1.826,-0.396
-1.869,-1.821
-1.851,-2.824
-1.965,-1.379
-1.965,-3.346
-2.034,-2.283
-2.101,-0.355
-2.186,-0.119
-2.289,-2.006
-2.28,-3.305
-2.297,-1.568
-2.386,-2.851
-2.445,-2.581
-2.483,-3.297
-2.506,-2.653
-2.432,-1.835
-2.445,-1.918
-2.541,-0.964
-2.503,-2.356
-2.572,-0.985
-2.607,-1.775
-2.602,-0.779
-2.662,-2.066
-2.612,-0.358
-2.614,-3.906
-2.708,-2.103
-2.66,-0.617
-2.674,-2.741
-2.648,-0.448
-2.722,-0.701
-2.715,-2.149
-2.727,-0.843
-2.711,-2.191
-2.778,-0.846
-2.721,-2.053
-2.829,-0.115
-2.764,-2.09
-2.764,-3.881
-2.83,-0.807
-2.87,-1.368
-2.908,-2.751
-2.857,-0.618
-2.86,-1.143
-2.863,-2.564
-2.974,-1.91
-2.915,-2.514
-2.906,-2.599
-3.002,-2.816
-3.036,-2.966
3.088,-2.733
-3.138,-1.995
3.078,-2.552
2.992,-3.237
2.873,-1.72
2.843,-1.063
2.855,-1.904
2.826,-0.092
2.85,-1.025
2.795,-0.636
2.774,-0.177
2.718,-3.941
2.782,-1.427
2.733,-0.122
2.698,-0.731
2.664,-3.207
2.542,-1.123
2.601,-0.281
2.575,-0.699
2.499,-3.344
1.54,-3.99
0.861,-3.955
0.834,-4.015
0.411,-4.275
0.365,-4.084
0.083,-4.38
0.079,-4.278
-0.074,-4.003
-0.337,-4.03
-0.816,-4.289
-0.818,-4.026
-1.17,-4.46
-1.199,-4.229
-1.44,-4.204
-1.866,-4.389
-2.033,-4.13
-2.595,-4.108
-2.68,-4.04
3.017,-4.062
3.041,-4.127
2.597,-3.937
2.346,0.059
2.102,0.271
1.859,0.043
1.023,0.23
0.758,0.191
0.561,0.171
0.489,0.099
0.367,0.333
0.155,0.377
-0.009,0.162
-0.041,0.063
-0.388,0.384
-2.326,0.312
-2.277,0.154
-2.447,0.362
-2.475,0.358
-2.554,0.336
-2.751,0.019
2.997,0.323
2.754,0.433
2.614,0.105
0.7,-3.751
0.144,-0.236
-0.186,-3.523
-0.632,-0.077
-2.512,-0.347
-2.508,-2.446
-2.557,-0.194
3.016,-3.623
2.774,-0.687
2.856,-0.959
1.842,-4.118
-1.472,-4.413
3.133,-4.346
0.849,0.042
-2.774,0.318
2.294,-3.677
2.262,-2.237
2.222,-0.41
2.104,-2.661
2.25,-3.731
2.095,-1.939
2.001,-2.365
1.99,-0.507
1.806,-3.916
1.749,-2.284
1.825,-1.386
1.807,-0.222
1.563,-1.344
1.399,-1.286
1.516,-3.962
1.508,-2.591
1.51,-2.593
1.465,-3.178
1.495,-0.117
1.4,-3.613
1.246,-1.938
1.21,-2.628
1.188,-2.408
1.25,-3.678
1.097,-2.214
1.173,-1.58
1.159,-2.555
1.027,-2.15
0.907,-1.213
0.648,-2.994
0.795,-2.294
0.583,-0.241
0.556,-3.78
0.521,-0.432
0.573,-1.507
0.411,-2.227
0.407,-3.899
0.516,-1.221
0.383,-0.899
0.353,-1.758
0.352,-2.207
0.323,-2.976
0.418,-2.841
0.43,-0.167
0.307,-2.493
0.385,-3.283
0.254,-0.33
0.239,-1.622
0.193,-3.285
0.211,-3.794
0.011,-3.832
-0.047,-3.718
-0.049,-0.638
0.057,-0.178
-0.02,-1.943
-0.037,-1.856
-0.116,-2.074
-0.09,-3.778
-0.261,-2.505
-0.301,-0.302
-0.44,-3.626
-0.419,-1.17
-0.461,-0.225
-0.333,-3.245
-0.634,-2.912
-0.498,-3.891
-0.635,-3.888
-0.629,-1.264
-0.697,-1.911
-0.7,-2.958
-0.943,-2.963
-0.789,-0.228
-0.959,-1.099
-0.97,-0.042
-0.839,-3.636
-0.998,-2.443
-1.026,-3.618
-1.211,-0.441
-1.218,-2.831
-1.197,-1.827
-1.174,-1.219
-1.177,-1.552
-1.34,-1.839
-1.25,-1.984
-1.375,-2.839
-1.358,-1.19
-1.574,-0.544
-1.648,-0.036
-1.59,-0.261
-1.731,-3.473
-1.687,-0.517
-1.866,-3.698
-2.033,-1.586
-2.108,-0.906
-2.121,-3.852
-2.089,-3.738
-2.088,-0.014
-2.146,-1.847
-2.313,-1.319
-2.343,-3.8
-2.477,-2.707
-2.666,-2.119
-2.64,-4.026
-2.7,-4.026
-2.594,-1.472
-2.627,-2.038
-2.612,-1.347
3.127,-3.059
3.119,-2.834
2.972,-1.838
2.996,-3.004
2.878,-2.918
2.97,-1.253
2.818,-1.973
2.929,-2.312
2.929,-1.412
2.791,-2.549
2.862,-2.217
2.663,-1.233
2.777,-3.653
2.56,-3.859
1.903,-4.026
2.02,-4.067
1.817,-3.972
1.358,-4.305
1.386,-4.376
1.123,-4.224
1.203,-4.027
1.091,-4.064
0.409,-4.235
0.475,-3.983
0.501,-4.101
0.164,-4.094
0.002,-4.333
-0.805,-4.194
-0.8,-4.403
-1.063,-4.177
-1.069,-4.198
3.09,-4.291
2.605,-4.122
2.55,0.123
2.375,0.354
1.576,0.409
1.268,0.186
0.609,0.089
0.409,0.047
-0.595,0.175
-0.613,0.083
-0.73,0.091
-1.155,0.218
-1.558,0.087
-2.232,0.262
-2.689,0.116
-2.951,0.1
1.661,-1.871
1.277,-1.87
0.432,-2.495
-1.634,-1.87
-1.816,-1.254
-2.536,-0.504
-2.805,-0.291
2.886,-3.404
-1.358,-1.561
-2.045,-1.198
-2.927,-1.266
-2.944,-0.382
-2.94,-0.948
-3.004,-0.381
-2.995,-1.948
-3.023,-0.541
-3.107,-1.156
3.138,-1.123
3.058,-1.805
3.026,-0.583
3.102,-0.474
2.97,-1.381
2.878,-1.814
0.958,-2.765
-0.333,-1.636
-2.987,-3.161
2.87,-1.704
2.614,-1.647
0.888,-3.996
0.77,-3.866
-0.675,-3.749
0.338,-0.062
0.957,-3.935
0.358,-4.111
-0.093,-1.236
-0.121,1.582
-0.067,0.981
-0.155,0.217
-0.14,0.202
-0.215,-0.404
-0.234,0.268
-0.165,0.037
-0.267,-1.487
-0.214,0.871
-0.264,0.432
-0.338,0.331
-0.35,-1.051
-0.314,0.692
-0.317,1.231
-0.318,-1.499
-0.35,0.624
-0.429,-0.233
-0.394,-1.071
-0.443,-0.121
-0.494,-0.772
-0.514,-1.9
-0.466,0.074
-0.486,-0.411
-0.566,-2.042
-0.608,0.24
-0.562,-1.841
-0.561,1.351
-0.663,1.094
-0.711,0.422
-0.78,0.798
-0.845,0.964
-0.786,0.64
-0.835,-0.918
-0.846,1.069
-0.977,0.743
-0.981,1.627
-0.933,-0.353
-1.034,1.846
-1.119,-0.386
-1.166,-1.122
-1.177,-1.825
-1.171,0.873
-1.219,0.676
-1.18,1.142
-1.228,1.304
-1.364,-0.204
-1.313,-0.476
-1.31,0.679
-1.424,-1.986
-1.381,-1.534
-1.475,0.052
-1.401,1.417
-1.495,0.141
-1.461,-2.047
-1.507,0.98
-1.443,1.328
-1.518,0.433
-1.528,0.651
-1.555,-2.179
-1.616,0.249
-1.592,-2.0
-1.616,1.785
-1.706,-1.224
-1.85,0.107
-1.807,-0.593
-1.893,1.437
-1.936,0.012
-1.918,-0.991
-2.032,0.454
-2.032,-1.513
-2.101,-0.45
-2.168,1.478
-2.253,1.714
-2.356,-0.173
-2.347,-1.472
-2.364,0.265
-2.453,-1.018
-2.512,-0.748
-2.55,-1.464
-2.573,-0.82
-2.499,-0.002
-2.512,-0.085
-2.608,0.869
-2.57,-0.523
-2.639,0.848
-2.674,0.058
-2.669,1.054
-2.729,-0.233
-2.679,1.475
-2.681,-2.073
-2.775,-0.27
-2.727,1.216
-2.741,-0.908
-2.715,1.385
-2.789,1.132
-2.782,-0.316
-2.794,0.99
-2.778,-0.358
-2.845,0.987
-2.788,-0.22
-2.896,1.718
-2.831,-0.257
-2.831,-2.048
-2.897,1.026
-2.937,0.465
-2.975,-0.918
-2.924,1.215
-2.927,0.69
-2.93,-0.731
-3.041,-0.077
-2.982,-0.681
-2.973,-0.766
-3.069,-0.983
-3.103,-1.133
3.021,-0.9
3.078,-0.162
3.011,-0.719
2.925,-1.404
2.806,0.113
2.776,0.77
2.788,-0.071
2.759,1.741
2.783,0.808
2.728,1.197
2.707,1.656
2.651,-2.108
2.715,0.406
2.666,1.711
2.631,1.102
2.597,-1.374
2.475,0.71
2.534,1.552
2.508,1.134
2.432,-1.511
1.473,-2.157
0.794,-2.122
0.767,-2.182
0.344,-2.442
0.298,-2.251
0.016,-2.547
0.012,-2.445
-0.141,-2.17
-0.404,-2.197
-0.883,-2.456
-0.885,-2.193
-1.237,-2.627
-1.266,-2.396
-1.507,-2.371
-1.933,-2.556
-2.1,-2.297
-2.662,-2.275
-2.747,-2.207
2.95,-2.229
2.974,-2.294
2.53,-2.104
2.279,1.892
2.035,2.104
1.792,1.876
0.956,2.063
0.691,2.024
0.494,2.004
0.422,1.932
0.3,2.166
0.088,2.21
-0.076,1.995
-0.108,1.896
-0.455,2.217
-2.393,2.145
-2.344,1.987
-2.514,2.195
-2.542,2.191
-2.621,2.169
-2.818,1.852
2.93,2.156
2.687,2.266
2.547,1.938
0.633,-1.918
0.077,1.597
-0.253,-1.69
-0.699,1.756
-2.579,1.486
-2.575,-0.613
-2.624,1.639
2.949,-1.79
2.707,1.146
2.789,0.874
1.775,-2.285
-1.539,-2.58
3.066,-2.513
0.782,1.875
-2.841,2.151
2.227,-1.844
2.195,-0.404
2.155,1.423
2.037,-0.828
2.183,-1.898
2.028,-0.106
1.934,-0.532
1.923,1.326
1.739,-2.083
1.682,-0.451
1.758,0.447
1.74,1.611
1.496,0.489
1.332,0.547
1.449,-2.129
1.441,-0.758
1.443,-0.76
1.398,-1.345
1.428,1.716
1.333,-1.78
1.179,-0.105
1.143,-0.795
1.121,-0.575
1.183,-1.845
1.03,-0.381
1.106,0.253
1.092,-0.722
0.96,-0.317
0.84,0.62
0.581,-1.161
0.728,-0.461
0.516,1.592
0.489,-1.947
0.454,1.401
0.506,0.326
0.344,-0.394
0.34,-2.066
0.449,0.612
0.316,0.934
0.286,0.075
0.285,-0.374
0.256,-1.143
0.351,-1.008
0.363,1.666
0.24,-0.66
0.318,-1.45
0.187,1.503
0.172,0.211
0.126,-1.452
0.144,-1.961
-0.056,-1.999
-0.114,-1.885
-0.116,1.195
-0.01,1.655
-0.087,-0.11
-0.104,-0.023
-0.183,-0.241
-0.157,-1.945
-0.328,-0.672
-0.368,1.531
-0.507,-1.793
-0.486,0.663
-0.528,1.608
-0.4,-1.412
-0.701,-1.079
-0.565,-2.058
-0.702,-2.055
-0.696,0.569
-0.764,-0.078
-0.767,-1.125
-1.01,-1.13
-0.856,1.605
-1.026,0.734
-1.037,1.791
-0.906,-1.803
-1.065,-0.61
-1.093,-1.785
-1.278,1.392
-1.285,-0.998
-1.264,0.006
-1.241,0.614
-1.244,0.281
-1.407,-0.006
-1.317,-0.151
-1.442,-1.006
-1.425,0.643
-1.641,1.289
-1.715,1.797
-1.657,1.572
-1.798,-1.64
-1.754,1.316
-1.933,-1.865
-2.1,0.247
-2.175,0.927
-2.188,-2.019
-2.156,-1.905
-2.155,1.819
-2.213,-0.014
-2.38,0.514
-2.41,-1.967
-2.544,-0.874
-2.733,-0.286
-2.707,-2.193
-2.767,-2.193
-2.661,0.361
-2.694,-0.205
-2.679,0.486
3.06,-1.226
3.052,-1.001
2.905,-0.005
2.929,-1.171
2.811,-1.085
2.903,0.58
2.751,-0.14
2.862,-0.479
2.862,0.421
2.724,-0.716
2.795,-0.384
2.596,0.6
2.71,-1.82
2.493,-2.026
1.836,-2.193
1.953,-2.234
1.75,-2.139
1.291,-2.472
1.319,-2.543
1.056,-2.391
1.136,-2.194
1.024,-2.231
0.342,-2.402
0.408,-2.15
0.434,-2.268
0.097,-2.261
-0.065,-2.5
-0.872,-2.361
-0.867,-2.57
-1.13,-2.344
-1.136,-2.365
3.023,-2.458
2.538,-2.289
2.483,1.956
2.308,2.187
1.509,2.242
1.201,2.019
0.542,1.922
0.342,1.88
-0.662,2.008
-0.68,1.916
-0.797,1.924
-1.222,2.051
-1.625,1.92
-2.299,2.095
-2.756,1.949
-3.018,1.933
1.594,-0.038
1.21,-0.037
0.365,-0.662
-1.701,-0.037
-1.883,0.579
-2.603,1.329
-2.872,1.542
2.819,-1.571
-1.425,0.272
-2.112,0.635
-2.994,0.567
-3.011,1.451
-3.007,0.885
-3.071,1.452
-3.062,-0.115
-3.09,1.292
3.109,0.677
3.071,0.71
2.991,0.028
2.959,1.25
3.035,1.359
2.903,0.452
2.811,0.019
0.891,-0.932
-0.4,0.197
-3.054,-1.328
2.803,0.129
2.547,0.186
0.821,-2.163
0.703,-2.033
-0.742,-1.916
0.271,1.771
0.89,-2.102
0.291,-2.278
-0.028,2.818
0.026,2.217
-0.062,1.453
-0.047,1.438
-0.122,0.832
-0.141,1.504
-0.072,1.273
-0.174,-0.251
-0.121,2.107
-0.171,1.668
-0.245,1.567
-0.257,0.185
-0.221,1.928
-0.224,2.467
-0.225,-0.263
-0.257,1.86
-0.336,1.003
-0.301,0.165
-0.35,1.115
-0.401,0.464
-0.421,-0.664
-0.373,1.31
-0.393,0.825
-0.473,-0.806
-0.515,1.476
-0.469,-0.605
-0.468,2.587
-0.57,2.33
-0.618,1.658
-0.687,2.034
-0.752,2.2
-0.693,1.876
-0.742,0.318
-0.753,2.305
-0.884,1.979
-0.888,2.863
-0.84,0.883
-0.941,3.082
-1.026,0.85
-1.073,0.114
-1.084,-0.589
-1.078,2.109
-1.126,1.912
-1.087,2.378
-1.135,2.54
-1.271,1.032
-1.22,0.76
-1.217,1.915
-1.331,-0.75
-1.288,-0.298
-1.382,1.288
-1.308,2.653
-1.402,1.377
-1.368,-0.811
-1.414,2.216
-1.35,2.564
-1.425,1.669
-1.435,1.887
-1.462,-0.943
-1.523,1.485
-1.499,-0.764
-1.523,3.021
-1.613,0.012
-1.757,1.343
-1.714,0.643
-1.8,2.673
-1.843,1.248
-1.825,0.245
-1.939,1.69
-1.939,-0.277
-2.008,0.786
-2.075,2.714
-2.16,2.95
-2.263,1.063
-2.254,-0.236
-2.271,1.501
-2.36,0.218
-2.419,0.488
-2.457,-0.228
-2.48,0.416
-2.406,1.234
-2.419,1.151
-2.515,2.105
-2.477,0.713
-2.546,2.084
-2.581,1.294
-2.576,2.29
-2.636,1.003
-2.586,2.711
-2.588,-0.837
-2.682,0.966
-2.634,2.452
-2.648,0.328
-2.622,2.621
-2.696,2.368
-2.689,0.92
-2.701,2.226
-2.685,0.878
-2.752,2.223
-2.695,1.016
-2.803,2.954
-2.738,0.979
-2.738,-0.812
-2.804,2.262
-2.844,1.701
-2.882,0.318
-2.831,2.451
-2.834,1.926
-2.837,0.505
-2.948,1.159
-2.889,0.555
-2.88,0.47
-2.976,0.253
-3.01,0.103
3.114,0.336
-3.112,1.074
3.104,0.517
3.018,-0.168
2.899,1.349
2.869,2.006
2.881,1.165
2.852,2.977
2.876,2.044
2.821,2.433
2.8,2.892
2.744,-0.872
2.808,1.642
2.759,2.947
2.724,2.338
2.69,-0.138
2.568,1.946
2.627,2.788
2.601,2.37
2.525,-0.275
1.566,-0.921
0.887,-0.886
0.86,-0.946
0.437,-1.206
0.391,-1.015
0.109,-1.311
0.105,-1.209
-0.048,-0.934
-0.311,-0.961
-0.79,-1.22
-0.792,-0.957
-1.144,-1.391
-1.173,-1.16
-1.414,-1.135
-1.84,-1.32
-2.007,-1.061
-2.569,-1.039
-2.654,-0.971
3.043,-0.993
3.067,-1.058
2.623,-0.868
2.372,3.128
2.128,3.34
1.885,3.112
1.049,3.299
0.784,3.26
0.587,3.24
0.515,3.168
0.393,3.402
0.181,3.446
0.017,3.231
-0.015,3.132
-0.362,3.453
-2.3,3.381
-2.251,3.223
-2.421,3.431
-2.449,3.427
-2.528,3.405
-2.725,3.088
3.023,3.392
2.78,3.502
2.64,3.174
0.726,-0.682
0.17,2.833
-0.16,-0.454
-0.606,2.992
-2.486,2.722
-2.482,0.623
-2.531,2.875
3.042,-0.554
2.8,2.382
2.882,2.11
1.868,-1.049
-1.446,-1.344
-3.124,-1.277
0.875,3.111
-2.748,3.387
2.32,-0.608
2.288,0.832
2.248,2.659
2.13,0.408
2.276,-0.662
2.121,1.13
2.027,0.704
2.016,2.562
1.832,-0.847
1.775,0.785
1.851,1.683
1.833,2.847
1.589,1.725
1.425,1.783
1.542,-0.893
1.534,0.478
1.536,0.476
1.491,-0.109
1.521,2.952
1.426,-0.544
1.272,1.131
1.236,0.441
1.214,0.661
1.276,-0.609
1.123,0.855
1.199,1.489
1.185,0.514
1.053,0.919
0.933,1.856
0.674,0.075
0.821,0.775
0.609,2.828
0.582,-0.711
0.547,2.637
0.599,1.562
0.437,0.842
0.433,-0.83
0.542,1.848
0.409,2.17
0.379,1.311
0.378,0.862
0.349,0.093
0.444,0.228
0.456,2.902
0.333,0.576
0.411,-0.214
0.28,2.739
0.265,1.447
0.219,-0.216
0.237,-0.725
0.037,-0.763
-0.021,-0.649
-0.023,2.431
0.083,2.891
0.006,1.126
-0.011,1.213
-0.09,0.995
-0.064,-0.709
-0.235,0.564
-0.275,2.767
-0.414,-0.557
-0.393,1.899
-0.435,2.844
-0.307,-0.176
-0.608,0.157
-0.472,-0.822
-0.609,-0.819
-0.603,1.805
-0.671,1.158
-0.674,0.111
-0.917,0.106
-0.763,2.841
-0.933,1.97
-0.944,3.027
-0.813,-0.567
-0.972,0.626
-1.0,-0.549
-1.185,2.628
-1.192,0.238
-1.171,1.242
-1.148,1.85
-1.151,1.517
-1.314,1.23
-1.224,1.085
-1.349,0.23
-1.332,1.879
-1.548,2.525
-1.622,3.033
-1.564,2.808
-1.705,-0.404
-1.661,2.552
-1.84,-0.629
-2.007,1.483
-2.082,2.163
-2.095,-0.783
-2.063,-0.669
-2.062,3.055
-2.12,1.222
-2.287,1.75
-2.317,-0.731
-2.451,0.362
-2.64,0.95
-2.614,-0.957
-2.674,-0.957
-2.568,1.597
-2.601,1.031
-2.586,1.722
-3.13,0.01
-3.138,0.235
2.998,1.231
3.022,0.065
2.904,0.151
2.996,1.816
2.844,1.096
2.955,0.757
2.955,1.657
2.817,0.52
2.888,0.852
2.689,1.836
2.803,-0.584
2.586,-0.79
1.929,-0.957
2.046,-0.998
1.843,-0.903
1.384,-1.236
1.412,-1.307
1.149,-1.155
1.229,-0.958
1.117,-0.995
0.435,-1.166
0.501,-0.914
0.527,-1.032
0.19,-1.025
0.028,-1.264
-0.779,-1.125
-0.774,-1.334
-1.037,-1.108
-1.043,-1.129
3.116,-1.222
2.631,-1.053
2.576,3.192
2.401,3.423
1.602,3.478
1.294,3.255
0.635,3.158
0.435,3.116
-0.569,3.244
-0.587,3.152
-0.704,3.16
-1.129,3.287
-1.532,3.156
-2.206,3.331
-2.663,3.185
-2.925,3.169
1.687,1.198
1.303,1.199
0.458,0.574
-1.608,1.199
-1.79,1.815
-2.51,2.565
-2.779,2.778
2.912,-0.335
-1.332,1.508
-2.019,1.871
-2.901,1.803
-2.918,2.687
-2.914,2.121
-2.978,2.688
-2.969,1.121
-2.997,2.528
-3.081,1.913
-3.119,1.946
3.084,1.264
3.052,2.486
3.128,2.595
2.996,1.688
2.904,1.255
0.984,0.304
-0.307,1.433
-2.961,-0.092
2.896,1.365
2.64,1.422
0.914,-0.927
0.796,-0.797
-0.649,-0.68
0.364,3.007
0.983,-0.866
0.384,-1.042
0.054,-0.601
-0.034,-1.365
-0.019,-1.38
-0.094,-1.986
-0.113,-1.314
-0.044,-1.545
-0.146,-3.069
-0.093,-0.711
-0.143,-1.15
-0.217,-1.251
-0.229,-2.633
-0.193,-0.89
-0.196,-0.351
-0.197,-3.081
-0.229,-0.958
-0.308,-1.815
-0.273,-2.653
-0.322,-1.703
-0.373,-2.354
-0.393,-3.482
-0.345,-1.508
-0.365,-1.993
-0.445,-3.624
-0.487,-1.342
-0.441,-3.423
-0.44,-0.231
-0.542,-0.488
-0.59,-1.16
-0.659,-0.784
-0.724,-0.618
-0.665,-0.942
-0.714,-2.5
-0.725,-0.513
-0.856,-0.839
-0.86,0.045
-0.812,-1.935
-0.913,0.264
-0.998,-1.968
-1.045,-2.704
-1.056,-3.407
-1.05,-0.709
-1.098,-0.906
-1.059,-0.44
-1.107,-0.278
-1.243,-1.786
-1.192,-2.058
-1.189,-0.903
-1.303,-3.568
-1.26,-3.116
-1.354,-1.53
-1.28,-0.165
-1.374,-1.441
-1.34,-3.629
-1.386,-0.602
-1.322,-0.254
-1.397,-1.149
-1.407,-0.931
-1.434,-3.761
-1.495,-1.333
-1.471,-3.582
-1.495,0.203
-1.585,-2.806
-1.729,-1.475
-1.686,-2.175
-1.772,-0.145
-1.815,-1.57
-1.797,-2.573
-1.911,-1.128
-1.911,-3.095
-1.98,-2.032
-2.047,-0.104
-2.132,0.132
-2.235,-1.755
-2.226,-3.054
-2.243,-1.317
-2.332,-2.6
-2.391,-2.33
-2.429,-3.046
-2.452,-2.402
-2.378,-1.584
-2.391,-1.667
-2.487,-0.713
-2.449,-2.105
-2.518,-0.734
-2.553,-1.524
-2.548,-0.528
-2.608,-1.815
-2.558,-0.107
-2.56,-3.655
-2.654,-1.852
-2.606,-0.366
-2.62,-2.49
-2.594,-0.197
-2.668,-0.45
-2.661,-1.898
-2.673,-0.592
-2.657,-1.94
-2.724,-0.595
-2.667,-1.802
-2.775,0.136
-2.71,-1.839
-2.71,-3.63
-2.776,-0.556
-2.816,-1.117
-2.854,-2.5
-2.803,-0.367
-2.806,-0.892
-2.809,-2.313
-2.92,-1.659
-2.861,-2.263
-2.852,-2.348
-2.948,-2.565
-2.982,-2.715
-3.141,-2.482
-3.084,-1.744
3.132,-2.301
3.046,-2.986
2.927,-1.469
2.897,-0.812
2.909,-1.653
2.88,0.159
2.904,-0.774
2.849,-0.385
2.828,0.074
2.772,-3.69
2.836,-1.176
2.787,0.129
2.752,-0.48
2.718,-2.956
2.596,-0.872
2.655,-0.03
2.629,-0.448
2.553,-3.093
1.594,-3.739
0.915,-3.704
0.888,-3.764
0.465,-4.024
0.419,-3.833
0.137,-4.129
0.133,-4.027
-0.02,-3.752
-0.283,-3.779
-0.762,-4.038
-0.764,-3.775
-1.116,-4.209
-1.145,-3.978
-1.386,-3.953
-1.812,-4.138
-1.979,-3.879
-2.541,-3.857
-2.626,-3.789
3.071,-3.811
3.095,-3.876
2.651,-3.686
2.4,0.31
2.156,0.522
1.913,0.294
1.077,0.481
0.812,0.442
0.615,0.422
0.543,0.35
0.421,0.584
0.209,0.628
0.045,0.413
0.013,0.314
-0.334,0.635
-2.272,0.563
-2.223,0.405
-2.393,0.613
-2.421,0.609
-2.5,0.587
-2.697,0.27
3.051,0.574
2.808,0.684
2.668,0.356
0.754,-3.5
0.198,0.015
-0.132,-3.272
-0.578,0.174
-2.458,-0.096
-2.454,-2.195
-2.503,0.057
3.07,-3.372
2.828,-0.436
2.91,-0.708
1.896,-3.867
-1.418,-4.162
-3.096,-4.095
0.903,0.293
-2.72,0.569
2.348,-3.426
2.316,-1.986
2.276,-0.159
2.158,-2.41
2.304,-3.48
2.149,-1.688
2.055,-2.114
2.044,-0.256
1.86,-3.665
1.803,-2.033
1.879,-1.135
1.861,0.029
1.617,-1.093
1.453,-1.035
1.57,-3.711
1.562,-2.34
1.564,-2.342
1.519,-2.927
1.549,0.134
1.454,-3.362
1.3,-1.687
1.264,-2.377
1.242,-2.157
1.304,-3.427
1.151,-1.963
1.227,-1.329
1.213,-2.304
1.081,-1.899
0.961,-0.962
0.702,-2.743
0.849,-2.043
0.637,0.01
0.61,-3.529
0.575,-0.181
0.627,-1.256
0.465,-1.976
0.461,-3.648
0.57,-0.97
0.437,-0.648
0.407,-1.507
0.406,-1.956
0.377,-2.725
0.472,-2.59
0.484,0.084
0.361,-2.242
0.439,-3.032
0.308,-0.079
0.293,-1.371
0.247,-3.034
0.265,-3.543
0.065,-3.581
0.007,-3.467
0.005,-0.387
0.111,0.073
0.034,-1.692
0.017,-1.605
-0.062,-1.823
-0.036,-3.527
-0.207,-2.254
-0.247,-0.051
-0.386,-3.375
-0.365,-0.919
-0.407,0.026
-0.279,-2.994
-0.58,-2.661
-0.444,-3.64
-0.581,-3.637
-0.575,-1.013
-0.643,-1.66
-0.646,-2.707
-0.889,-2.712
-0.735,0.023
-0.905,-0.848
-0.916,0.209
-0.785,-3.385
-0.944,-2.192
-0.972,-3.367
-1.157,-0.19
-1.164,-2.58
-1.143,-1.576
-1.12,-0.968
-1.123,-1.301
-1.286,-1.588
-1.196,-1.733
-1.321,-2.588
-1.304,-0.939
-1.52,-0.293
-1.594,0.215
-1.536,-0.01
-1.677,-3.222
-1.633,-0.266
-1.812,-3.447
-1.979,-1.335
-2.054,-0.655
-2.067,-3.601
-2.035,-3.487
-2.034,0.237
-2.092,-1.596
-2.259,-1.068
-2.289,-3.549
-2.423,-2.456
-2.612,-1.868
-2.586,-3.775
-2.646,-3.775
-2.54,-1.221
-2.573,-1.787
-2.558,-1.096
-3.102,-2.808
-3.11,-2.583
3.026,-1.587
3.05,-2.753
2.932,-2.667
3.024,-1.002
2.872,-1.722
2.983,-2.061
2.983,-1.161
2.845,-2.298
2.916,-1.966
2.717,-0.982
2.831,-3.402
2.614,-3.608
1.957,-3.775
2.074,-3.816
1.871,-3.721
1.412,-4.054
1.44,-4.125
1.177,-3.973
1.257,-3.776
1.145,-3.813
0.463,-3.984
0.529,-3.732
0.555,-3.85
0.218,-3.843
0.056,-4.082
-0.751,-3.943
-0.746,-4.152
-1.009,-3.926
-1.015,-3.947
-3.139,-4.04
2.659,-3.871
2.604,0.374
2.429,0.605
1.63,0.66
1.322,0.437
0.663,0.34
0.463,0.298
-0.541,0.426
-0.559,0.334
-0.676,0.342
-1.101,0.469
-1.504,0.338
-2.178,0.513
-2.635,0.367
-2.897,0.351
1.715,-1.62
1.331,-1.619
0.486,-2.244
-1.58,-1.619
-1.762,-1.003
-2.482,-0.253
-2.751,-0.04
2.94,-3.153
-1.304,-1.31
-1.991,-0.947
-2.873,-1.015
-2.89,-0.131
-2.886,-0.697
-2.95,-0.13
-2.941,-1.697
-2.969,-0.29
-3.053,-0.905
-3.091,-0.872
3.112,-1.554
3.08,-0.332
-3.127,-0.223
3.024,-1.13
2.932,-1.563
1.012,-2.514
-0.279,-1.385
-2.933,-2.91
2.924,-1.453
2.668,-1.396
0.942,-3.745
0.824,-3.615
-0.621,-3.498
0.392,0.189
1.011,-3.684
0.412,-3.86
-0.088,-0.764
-0.073,-0.779
-0.148,-1.385
-0.167,-0.713
-0.098,-0.944
-0.2,-2.468
-0.147,-0.11
-0.197,-0.549
-0.271,-0.65
-0.283,-2.032
-0.247,-0.289
-0.25,0.25
-0.251,-2.48
-0.283,-0.357
-0.362,-1.214
-0.327,-2.052
-0.376,-1.102
-0.427,-1.753
-0.447,-2.881
-0.399,-0.907
-0.419,-1.392
-0.499,-3.023
-0.541,-0.741
-0.495,-2.822
-0.494,0.37
-0.596,0.113
-0.644,-0.559
-0.713,-0.183
-0.778,-0.017
-0.719,-0.341
-0.768,-1.899
-0.779,0.088
-0.91,-0.238
-0.914,0.646
-0.866,-1.334
-0.967,0.865
-1.052,-1.367
-1.099,-2.103
-1.11,-2.806
-1.104,-0.108
-1.152,-0.305
-1.113,0.161
-1.161,0.323
-1.297,-1.185
-1.246,-1.457
-1.243,-0.302
-1.357,-2.967
-1.314,-2.515
-1.408,-0.929
-1.334,0.436
-1.428,-0.84
-1.394,-3.028
-1.44,-0.001
-1.376,0.347
-1.451,-0.548
-1.461,-0.33
-1.488,-3.16
-1.549,-0.732
-1.525,-2.981
-1.549,0.804
-1.639,-2.205
-1.783,-0.874
-1.74,-1.574
-1.826,0.456
-1.869,-0.969
-1.851,-1.972
-1.965,-0.527
-1.965,-2.494
-2.034,-1.431
-2.101,0.497
-2.186,0.733
-2.289,-1.154
-2.28,-2.453
-2.297,-0.716
-2.386,-1.999
-2.445,-1.729
-2.483,-2.445
-2.506,-1.801
-2.432,-0.983
-2.445,-1.066
-2.541,-0.112
-2.503,-1.504
-2.572,-0.133
-2.607,-0.923
-2.602,0.073
-2.662,-1.214
-2.612,0.494
-2.614,-3.054
-2.708,-1.251
-2.66,0.235
-2.674,-1.889
-2.648,0.404
-2.722,0.151
-2.715,-1.297
-2.727,0.009
-2.711,-1.339
-2.778,0.006
-2.721,-1.201
-2.829,0.737
-2.764,-1.238
-2.764,-3.029
-2.83,0.045
-2.87,-0.516
-2.908,-1.899
-2.857,0.234
-2.86,-0.291
-2.863,-1.712
-2.974,-1.058
-2.915,-1.662
-2.906,-1.747
-3.002,-1.964
-3.036,-2.114
3.088,-1.881
-3.138,-1.143
3.078,-1.7
2.992,-2.385
2.873,-0.868
2.843,-0.211
2.855,-1.052
2.826,0.76
2.85,-0.173
2.795,0.216
2.774,0.675
2.718,-3.089
2.782,-0.575
2.733,0.73
2.698,0.121
2.664,-2.355
2.542,-0.271
2.601,0.571
2.575,0.153
2.499,-2.492
1.54,-3.138
0.861,-3.103
0.834,-3.163
0.411,-3.423
0.365,-3.232
0.083,-3.528
0.079,-3.426
-0.074,-3.151
-0.337,-3.178
-0.816,-3.437
-0.818,-3.174
-1.17,-3.608
-1.199,-3.377
-1.44,-3.352
-1.866,-3.537
-2.033,-3.278
-2.595,-3.256
-2.68,-3.188
3.017,-3.21
3.041,-3.275
2.597,-3.085
2.346,0.911
2.102,1.123
1.859,0.895
1.023,1.082
0.758,1.043
0.561,1.023
0.489,0.951
0.367,1.185
0.155,1.229
-0.009,1.014
-0.041,0.915
-0.388,1.236
-2.326,1.164
-2.277,1.006
-2.447,1.214
-2.475,1.21
-2.554,1.188
-2.751,0.871
2.997,1.175
2.754,1.285
2.614,0.957
0.7,-2.899
0.144,0.616
-0.186,-2.671
-0.632,0.775
-2.512,0.505
-2.508,-1.594
-2.557,0.658
3.016,-2.771
2.774,0.165
2.856,-0.107
1.842,-3.266
-1.472,-3.561
3.133,-3.494
0.849,0.894
-2.774,1.17
2.294,-2.825
2.262,-1.385
2.222,0.442
2.104,-1.809
2.25,-2.879
2.095,-1.087
2.001,-1.513
1.99,0.345
1.806,-3.064
1.749,-1.432
1.825,-0.534
1.807,0.63
1.563,-0.492
1.399,-0.434
1.516,-3.11
1.508,-1.739
1.51,-1.741
1.465,-2.326
1.495,0.735
1.4,-2.761
1.246,-1.086
1.21,-1.776
1.188,-1.556
1.25,-2.826
1.097,-1.362
1.173,-0.728
1.159,-1.703
1.027,-1.298
0.907,-0.361
0.648,-2.142
0.795,-1.442
0.583,0.611
0.556,-2.928
0.521,0.42
0.573,-0.655
0.411,-1.375
0.407,-3.047
0.516,-0.369
0.383,-0.047
0.353,-0.906
0.352,-1.355
0.323,-2.124
0.418,-1.989
0.43,0.685
0.307,-1.641
0.385,-2.431
0.254,0.522
0.239,-0.77
0.193,-2.433
0.211,-2.942
0.011,-2.98
-0.047,-2.866
-0.049,0.214
0.057,0.674
-0.02,-1.091
-0.037,-1.004
-0.116,-1.222
-0.09,-2.926
-0.261,-1.653
-0.301,0.55
-0.44,-2.774
-0.419,-0.318
-0.461,0.627
-0.333,-2.393
-0.634,-2.06
-0.498,-3.039
-0.635,-3.036
-0.629,-0.412
-0.697,-1.059
-0.7,-2.106
-0.943,-2.111
-0.789,0.624
-0.959,-0.247
-0.97,0.81
-0.839,-2.784
-0.998,-1.591
-1.026,-2.766
-1.211,0.411
-1.218,-1.979
-1.197,-0.975
-1.174,-0.367
-1.177,-0.7
-1.34,-0.987
-1.25,-1.132
-1.375,-1.987
-1.358,-0.338
-1.574,0.308
-1.648,0.816
-1.59,0.591
-1.731,-2.621
-1.687,0.335
-1.866,-2.846
-2.033,-0.734
-2.108,-0.054
-2.121,-3.0
-2.089,-2.886
-2.088,0.838
-2.146,-0.995
-2.313,-0.467
-2.343,-2.948
-2.477,-1.855
-2.666,-1.267
-2.64,-3.174
-2.7,-3.174
-2.594,-0.62
-2.627,-1.186
-2.612,-0.495
3.127,-2.207
3.119,-1.982
2.972,-0.986
2.996,-2.152
2.878,-2.066
2.97,-0.401
2.818,-1.121
2.929,-1.46
2.929,-0.56
2.791,-1.697
2.862,-1.365
2.663,-0.381
2.777,-2.801
2.56,-3.007
1.903,-3.174
2.02,-3.215
1.817,-3.12
1.358,-3.453
1.386,-3.524
1.123,-3.372
1.203,-3.175
1.091,-3.212
0.409,-3.383
0.475,-3.131
0.501,-3.249
0.164,-3.242
0.002,-3.481
-0.805,-3.342
-0.8,-3.551
-1.063,-3.325
-1.069,-3.346
3.09,-3.439
2.605,-3.27
2.55,0.975
2.375,1.206
1.576,1.261
1.268,1.038
0.609,0.941
0.409,0.899
-0.595,1.027
-0.613,0.935
-0.73,0.943
-1.155,1.07
-1.558,0.939
-2.232,1.114
-2.689,0.968
-2.951,0.952
1.661,-1.019
1.277,-1.018
0.432,-1.643
-1.634,-1.018
-1.816,-0.402
-2.536,0.348
-2.805,0.561
2.886,-2.552
-1.358,-0.709
-2.045,-0.346
-2.927,-0.414
-2.944,0.47
-2.94,-0.096
-3.004,0.471
-2.995,-1.096
-3.023,0.311
-3.107,-0.304
3.138,-0.271
3.058,-0.953
3.026,0.269
3.102,0.378
2.97,-0.529
2.878,-0.962
0.958,-1.913
-0.333,-0.784
-2.987,-2.309
2.87,-0.852
2.614,-0.795
0.888,-3.144
0.77,-3.014
-0.675,-2.897
0.338,0.79
0.957,-3.083
0.358,-3.259
0.015,-0.015
-0.06,-0.621
-0.079,0.051
-0.01,-0.18
-0.112,-1.704
-0.059,0.654
-0.109,0.215
-0.183,0.114
-0.195,-1.268
-0.159,0.475
-0.162,1.014
-0.163,-1.716
-0.195,0.407
-0.274,-0.45
-0.239,-1.288
-0.288,-0.338
-0.339,-0.989
-0.359,-2.117
-0.311,-0.143
-0.331,-0.628
-0.411,-2.259
-0.453,0.023
-0.407,-2.058
-0.406,1.134
-0.508,0.877
-0.556,0.205
-0.625,0.581
-0.69,0.747
-0.631,0.423
-0.68,-1.135
-0.691,0.852
-0.822,0.526
-0.826,1.41
-0.778,-0.57
-0.879,1.629
-0.964,-0.603
-1.011,-1.339
-1.022,-2.042
-1.016,0.656
-1.064,0.459
-1.025,0.925
-1.073,1.087
-1.209,-0.421
-1.158,-0.693
-1.155,0.462
-1.269,-2.203
-1.226,-1.751
-1.32,-0.165
-1.246,1.2
-1.34,-0.076
-1.306,-2.264
-1.352,0.763
-1.288,1.111
-1.363,0.216
-1.373,0.434
-1.4,-2.396
-1.461,0.032
-1.437,-2.217
-1.461,1.568
-1.551,-1.441
-1.695,-0.11
-1.652,-0.81
-1.738,1.22
-1.781,-0.205
-1.763,-1.208
-1.877,0.237
-1.877,-1.73
-1.946,-0.667
-2.013,1.261
-2.098,1.497
-2.201,-0.39
-2.192,-1.689
-2.209,0.048
-2.298,-1.235
-2.357,-0.965
-2.395,-1.681
-2.418,-1.037
-2.344,-0.219
-2.357,-0.302
-2.453,0.652
-2.415,-0.74
-2.484,0.631
-2.519,-0.159
-2.514,0.837
-2.574,-0.45
-2.524,1.258
-2.526,-2.29
-2.62,-0.487
-2.572,0.999
-2.586,-1.125
-2.56,1.168
-2.634,0.915
-2.627,-0.533
-2.639,0.773
-2.623,-0.575
-2.69,0.77
-2.633,-0.437
-2.741,1.501
-2.676,-0.474
-2.676,-2.265
-2.742,0.809
-2.782,0.248
-2.82,-1.135
-2.769,0.998
-2.772,0.473
-2.775,-0.948
-2.886,-0.294
-2.827,-0.898
-2.818,-0.983
-2.914,-1.2
-2.948,-1.35
-3.107,-1.117
-3.05,-0.379
-3.117,-0.936
3.08,-1.621
2.961,-0.104
2.931,0.553
2.943,-0.288
2.914,1.524
2.938,0.591
2.883,0.98
2.862,1.439
2.806,-2.325
2.87,0.189
2.821,1.494
2.786,0.885
2.752,-1.591
2.63,0.493
2.689,1.335
2.663,0.917
2.587,-1.728
1.628,-2.374
0.949,-2.339
0.922,-2.399
0.499,-2.659
0.453,-2.468
0.171,-2.764
0.167,-2.662
0.014,-2.387
-0.249,-2.414
-0.728,-2.673
-0.73,-2.41
-1.082,-2.844
-1.111,-2.613
-1.352,-2.588
-1.778,-2.773
-1.945,-2.514
-2.507,-2.492
-2.592,-2.424
3.105,-2.446
3.129,-2.511
2.685,-2.321
2.434,1.675
2.19,1.887
1.947,1.659
1.111,1.846
0.846,1.807
0.649,1.787
0.577,1.715
0.455,1.949
0.243,1.993
0.079,1.778
0.047,1.679
-0.3,2.0
-2.238,1.928
-2.189,1.77
-2.359,1.978
-2.387,1.974
-2.466,1.952
-2.663,1.635
3.085,1.939
2.842,2.049
2.702,1.721
0.788,-2.135
0.232,1.38
-0.098,-1.907
-0.544,1.539
-2.424,1.269
-2.42,-0.83
-2.469,1.422
3.104,-2.007
2.862,0.929
2.944,0.657
1.93,-2.502
-1.384,-2.797
-3.062,-2.73
0.937,1.658
-2.686,1.934
2.382,-2.061
2.35,-0.621
2.31,1.206
2.192,-1.045
2.338,-2.115
2.183,-0.323
2.089,-0.749
2.078,1.109
1.894,-2.3
1.837,-0.668
1.913,0.23
1.895,1.394
1.651,0.272
1.487,0.33
1.604,-2.346
1.596,-0.975
1.598,-0.977
1.553,-1.562
1.583,1.499
1.488,-1.997
1.334,-0.322
1.298,-1.012
1.276,-0.792
1.338,-2.062
1.185,-0.598
1.261,0.036
1.247,-0.939
1.115,-0.534
0.995,0.403
0.736,-1.378
0.883,-0.678
0.671,1.375
0.644,-2.164
0.609,1.184
0.661,0.109
0.499,-0.611
0.495,-2.283
0.604,0.395
0.471,0.717
0.441,-0.142
0.44,-0.591
0.411,-1.36
0.506,-1.225
0.518,1.449
0.395,-0.877
0.473,-1.667
0.342,1.286
0.327,-0.006
0.281,-1.669
0.299,-2.178
0.099,-2.216
0.041,-2.102
0.039,0.978
0.145,1.438
0.068,-0.327
0.051,-0.24
-0.028,-0.458
-0.002,-2.162
-0.173,-0.889
-0.213,1.314
-0.352,-2.01
-0.331,0.446
-0.373,1.391
-0.245,-1.629
-0.546,-1.296
-0.41,-2.275
-0.547,-2.272
-0.541,0.352
-0.609,-0.295
-0.612,-1.342
-0.855,-1.347
-0.701,1.388
-0.871,0.517
-0.882,1.574
-0.751,-2.02
-0.91,-0.827
-0.938,-2.002
-1.123,1.175
-1.13,-1.215
-1.109,-0.211
-1.086,0.397
-1.089,0.064
-1.252,-0.223
-1.162,-0.368
-1.287,-1.223
-1.27,0.426
-1.486,1.072
-1.56,1.58
-1.502,1.355
-1.643,-1.857
-1.599,1.099
-1.778,-2.082
-1.945,0.03
-2.02,0.71
-2.033,-2.236
-2.001,-2.122
-2.0,1.602
-2.058,-0.231
-2.225,0.297
-2.255,-2.184
-2.389,-1.091
-2.578,-0.503
-2.552,-2.41
-2.612,-2.41
-2.506,0.144
-2.539,-0.422
-2.524,0.269
-3.068,-1.443
-3.076,-1.218
3.06,-0.222
3.084,-1.388
2.966,-1.302
3.058,0.363
2.906,-0.357
3.017,-0.696
3.017,0.204
2.879,-0.933
2.95,-0.601
2.751,0.383
2.865,-2.037
2.648,-2.243
1.991,-2.41
2.108,-2.451
1.905,-2.356
1.446,-2.689
1.474,-2.76
1.211,-2.608
1.291,-2.411
1.179,-2.448
0.497,-2.619
0.563,-2.367
0.589,-2.485
0.252,-2.478
0.09,-2.717
-0.717,-2.578
-0.712,-2.787
-0.975,-2.561
-0.981,-2.582
-3.105,-2.675
2.693,-2.506
2.638,1.739
2.463,1.97
1.664,2.025
1.356,1.802
0.697,1.705
0.497,1.663
-0.507,1.791
-0.525,1.699
-0.642,1.707
-1.067,1.834
-1.47,1.703
-2.144,1.878
-2.601,1.732
-2.863,1.716
1.749,-0.255
1.365,-0.254
0.52,-0.879
-1.546,-0.254
-1.728,0.362
-2.448,1.112
-2.717,1.325
2.974,-1.788
-1.27,0.055
-1.957,0.418
-2.839,0.35
-2.856,1.234
-2.852,0.668
-2.916,1.235
-2.907,-0.332
-2.935,1.075
-3.019,0.46
-3.057,0.493
-3.137,-0.189
3.114,1.033
-3.093,1.142
3.058,0.235
2.966,-0.198
1.046,-1.149
-0.245,-0.02
-2.899,-1.545
2.958,-0.088
2.702,-0.031
0.976,-2.38
0.858,-2.25
-0.587,-2.133
0.426,1.554
1.045,-2.319
0.446,-2.495
-0.075,-0.606
-0.094,0.066
-0.025,-0.165
-0.127,-1.689
-0.074,0.669
-0.124,0.23
-0.198,0.129
-0.21,-1.253
-0.174,0.49
-0.177,1.029
-0.178,-1.701
-0.21,0.422
-0.289,-0.435
-0.254,-1.273
-0.303,-0.323
-0.354,-0.974
-0.374,-2.102
-0.326,-0.128
-0.346,-0.613
-0.426,-2.244
-0.468,0.038
-0.422,-2.043
-0.421,1.149
-0.523,0.892
-0.571,0.22
-0.64,0.596
-0.705,0.762
-0.646,0.438
-0.695,-1.12
-0.706,0.867
-0.837,0.541
-0.841,1.425
-0.793,-0.555
-0.894,1.644
-0.979,-0.588
-1.026,-1.324
-1.037,-2.027
-1.031,0.671
-1.079,0.474
-1.04,0.94
-1.088,1.102
-1.224,-0.406
-1.173,-0.678
-1.17,0.477
-1.284,-2.188
-1.241,-1.736
-1.335,-0.15
-1.261,1.215
-1.355,-0.061
-1.321,-2.249
-1.367,0.778
-1.303,1.126
-1.378,0.231
-1.388,0.449
-1.415,-2.381
-1.476,0.047
-1.452,-2.202
-1.476,1.583
-1.566,-1.426
-1.71,-0.095
-1.667,-0.795
-1.753,1.235
-1.796,-0.19
-1.778,-1.193
-1.892,0.252
-1.892,-1.715
-1.961,-0.652
-2.028,1.276
-2.113,1.512
-2.216,-0.375
-2.207,-1.674
-2.224,0.063
-2.313,-1.22
-2.372,-0.95
-2.41,-1.666
-2.433,-1.022
-2.359,-0.204
-2.372,-0.287
-2.468,0.667
-2.43,-0.725
-2.499,0.646
-2.534,-0.144
-2.529,0.852
-2.589,-0.435
-2.539,1.273
-2.541,-2.275
-2.635,-0.472
-2.587,1.014
-2.601,-1.11
-2.575,1.183
-2.649,0.93
-2.642,-0.518
-2.654,0.788
-2.638,-0.56
-2.705,0.785
-2.648,-0.422
-2.756,1.516
-2.691,-0.459
-2.691,-2.25
-2.757,0.824
-2.797,0.263
-2.835,-1.12
-2.784,1.013
-2.787,0.488
-2.79,-0.933
-2.901,-0.279
-2.842,-0.883
-2.833,-0.968
-2.929,-1.185
-2.963,-1.335
-3.122,-1.102
-3.065,-0.364
-3.132,-0.921
3.065,-1.606
2.946,-0.089
2.916,0.568
2.928,-0.273
2.899,1.539
2.923,0.606
2.868,0.995
2.847,1.454
2.791,-2.31
2.855,0.204
2.806,1.509
2.771,0.9
2.737,-1.576
2.615,0.508
2.674,1.35
2.648,0.932
2.572,-1.713
1.613,-2.359
0.934,-2.324
0.907,-2.384
0.484,-2.644
0.438,-2.453
0.156,-2.749
0.152,-2.647
-0.001,-2.372
-0.264,-2.399
-0.743,-2.658
-0.745,-2.395
-1.097,-2.829
-1.126,-2.598
-1.367,-2.573
-1.793,-2.758
-1.96,-2.499
-2.522,-2.477
-2.607,-2.409
3.09,-2.431
3.114,-2.496
2.67,-2.306
2.419,1.69
2.175,1.902
1.932,1.674
1.096,1.861
0.831,1.822
0.634,1.802
0.562,1.73
0.44,1.964
0.228,2.008
0.064,1.793
0.032,1.694
-0.315,2.015
-2.253,1.943
-2.204,1.785
-2.374,1.993
-2.402,1.989
-2.481,1.967
-2.678,1.65
3.07,1.954
2.827,2.064
2.687,1.736
0.773,-2.12
0.217,1.395
-0.113,-1.892
-0.559,1.554
-2.439,1.284
-2.435,-0.815
-2.484,1.437
3.089,-1.992
2.847,0.944
2.929,0.672
1.915,-2.487
-1.399,-2.782
-3.077,-2.715
0.922,1.673
-2.701,1.949
2.367,-2.046
2.335,-0.606
2.295,1.221
2.177,-1.03
2.323,-2.1
2.168,-0.308
2.074,-0.734
2.063,1.124
1.879,-2.285
1.822,-0.653
1.898,0.245
1.88,1.409
1.636,0.287
1.472,0.345
1.589,-2.331
1.581,-0.96
1.583,-0.962
1.538,-1.547
1.568,1.514
1.473,-1.982
1.319,-0.307
1.283,-0.997
1.261,-0.777
1.323,-2.047
1.17,-0.583
1.246,0.051
1.232,-0.924
1.1,-0.519
0.98,0.418
0.721,-1.363
0.868,-0.663
0.656,1.39
0.629,-2.149
0.594,1.199
0.646,0.124
0.484,-0.596
0.48,-2.268
0.589,0.41
0.456,0.732
0.426,-0.127
0.425,-0.576
0.396,-1.345
0.491,-1.21
0.503,1.464
0.38,-0.862
0.458,-1.652
0.327,1.301
0.312,0.009
0.266,-1.654
0.284,-2.163
0.084,-2.201
0.026,-2.087
0.024,0.993
0.13,1.453
0.053,-0.312
0.036,-0.225
-0.043,-0.443
-0.017,-2.147
-0.188,-0.874
-0.228,1.329
-0.367,-1.995
-0.346,0.461
-0.388,1.406
-0.26,-1.614
-0.561,-1.281
-0.425,-2.26
-0.562,-2.257
-0.556,0.367
-0.624,-0.28
-0.627,-1.327
-0.87,-1.332
-0.716,1.403
-0.886,0.532
-0.897,1.589
-0.766,-2.005
-0.925,-0.812
-0.953,-1.987
-1.138,1.19
-1.145,-1.2
-1.124,-0.196
-1.101,0.412
-1.104,0.079
-1.267,-0.208
-1.177,-0.353
-1.302,-1.208
-1.285,0.441
-1.501,1.087
-1.575,1.595
-1.517,1.37
-1.658,-1.842
-1.614,1.114
-1.793,-2.067
-1.96,0.045
-2.035,0.725
-2.048,-2.221
-2.016,-2.107
-2.015,1.617
-2.073,-0.216
-2.24,0.312
-2.27,-2.169
-2.404,-1.076
-2.593,-0.488
-2.567,-2.395
-2.627,-2.395
-2.521,0.159
-2.554,-0.407
-2.539,0.284
-3.083,-1.428
-3.091,-1.203
3.045,-0.207
3.069,-1.373
2.951,-1.287
3.043,0.378
2.891,-0.342
3.002,-0.681
3.002,0.219
2.864,-0.918
2.935,-0.586
2.736,0.398
2.85,-2.022
2.633,-2.228
1.976,-2.395
2.093,-2.436
1.89,-2.341
1.431,-2.674
1.459,-2.745
1.196,-2.593
1.276,-2.396
1.164,-2.433
0.482,-2.604
0.548,-2.352
0.574,-2.47
0.237,-2.463
0.075,-2.702
-0.732,-2.563
-0.727,-2.772
-0.99,-2.546
-0.996,-2.567
-3.12,-2.66
2.678,-2.491
2.623,1.754
2.448,1.985
1.649,2.04
1.341,1.817
0.682,1.72
0.482,1.678
-0.522,1.806
-0.54,1.714
-0.657,1.722
-1.082,1.849
-1.485,1.718
-2.159,1.893
-2.616,1.747
-2.878,1.731
1.734,-0.24
1.35,-0.239
0.505,-0.864
-1.561,-0.239
-1.743,0.377
-2.463,1.127
-2.732,1.34
2.959,-1.773
-1.285,0.07
-1.972,0.433
-2.854,0.365
-2.871,1.249
-2.867,0.683
-2.931,1.25
-2.922,-0.317
-2.95,1.09
-3.034,0.475
-3.072,0.508
3.131,-0.174
3.099,1.048
-3.108,1.157
3.043,0.25
2.951,-0.183
1.031,-1.134
-0.26,-0.005
-2.914,-1.53
2.943,-0.073
2.687,-0.016
0.961,-2.365
0.843,-2.235
-0.602,-2.118
0.411,1.569
1.03,-2.304
0.431,-2.48
-0.019,0.672
0.05,0.441
-0.052,-1.083
0.001,1.275
-0.049,0.836
-0.123,0.735
-0.135,-0.647
-0.099,1.096
-0.102,1.635
-0.103,-1.095
-0.135,1.028
-0.214,0.171
-0.179,-0.667
-0.228,0.283
-0.279,-0.368
-0.299,-1.496
-0.251,0.478
-0.271,-0.007
-0.351,-1.638
-0.393,0.644
-0.347,-1.437
-0.346,1.755
-0.448,1.498
-0.496,0.826
-0.565,1.202
-0.63,1.368
-0.571,1.044
-0.62,-0.514
-0.631,1.473
-0.762,1.147
-0.766,2.031
-0.718,0.051
-0.819,2.25
-0.904,0.018
-0.951,-0.718
-0.962,-1.421
-0.956,1.277
-1.004,1.08
-0.965,1.546
-1.013,1.708
-1.149,0.2
-1.098,-0.072
-1.095,1.083
-1.209,-1.582
-1.166,-1.13
-1.26,0.456
-1.186,1.821
-1.28,0.545
-1.246,-1.643
-1.292,1.384
-1.228,1.732
-1.303,0.837
-1.313,1.055
-1.34,-1.775
-1.401,0.653
-1.377,-1.596
-1.401,2.189
-1.491,-0.82
-1.635,0.511
-1.592,-0.189
-1.678,1.841
-1.721,0.416
-1.703,-0.587
-1.817,0.858
-1.817,-1.109
-1.886,-0.046
-1.953,1.882
-2.038,2.118
-2.141,0.231
-2.132,-1.068
-2.149,0.669
-2.238,-0.614
-2.297,-0.344
-2.335,-1.06
-2.358,-0.416
-2.284,0.402
-2.297,0.319
-2.393,1.273
-2.355,-0.119
-2.424,1.252
-2.459,0.462
-2.454,1.458
-2.514,0.171
-2.464,1.879
-2.466,-1.669
-2.56,0.134
-2.512,1.62
-2.526,-0.504
-2.5,1.789
-2.574,1.536
-2.567,0.088
-2.579,1.394
-2.563,0.046
-2.63,1.391
-2.573,0.184
-2.681,2.122
-2.616,0.147
-2.616,-1.644
-2.682,1.43
-2.722,0.869
-2.76,-0.514
-2.709,1.619
-2.712,1.094
-2.715,-0.327
-2.826,0.327
-2.767,-0.277
-2.758,-0.362
-2.854,-0.579
-2.888,-0.729
-3.047,-0.496
-2.99,0.242
-3.057,-0.315
3.14,-1.0
3.021,0.517
2.991,1.174
3.003,0.333
2.974,2.145
2.998,1.212
2.943,1.601
2.922,2.06
2.866,-1.704
2.93,0.81
2.881,2.115
2.846,1.506
2.812,-0.97
2.69,1.114
2.749,1.956
2.723,1.538
2.647,-1.107
1.688,-1.753
1.009,-1.718
0.982,-1.778
0.559,-2.038
0.513,-1.847
0.231,-2.143
0.227,-2.041
0.074,-1.766
-0.189,-1.793
-0.668,-2.052
-0.67,-1.789
-1.022,-2.223
-1.051,-1.992
-1.292,-1.967
-1.718,-2.152
-1.885,-1.893
-2.447,-1.871
-2.532,-1.803
-3.118,-1.825
-3.094,-1.89
2.745,-1.7
2.494,2.296
2.25,2.508
2.007,2.28
1.171,2.467
0.906,2.428
0.709,2.408
0.637,2.336
0.515,2.57
0.303,2.614
0.139,2.399
0.107,2.3
-0.24,2.621
-2.178,2.549
-2.129,2.391
-2.299,2.599
-2.327,2.595
-2.406,2.573
-2.603,2.256
-3.138,2.56
2.902,2.67
2.762,2.342
0.848,-1.514
0.292,2.001
-0.038,-1.286
-0.484,2.16
-2.364,1.89
-2.36,-0.209
-2.409,2.043
-3.119,-1.386
2.922,1.55
3.004,1.278
1.99,-1.881
-1.324,-2.176
-3.002,-2.109
0.997,2.279
-2.626,2.555
2.442,-1.44
2.41,0.0
2.37,1.827
2.252,-0.424
2.398,-1.494
2.243,0.298
2.149,-0.128
2.138,1.73
1.954,-1.679
1.897,-0.047
1.973,0.851
1.955,2.015
1.711,0.893
1.547,0.951
1.664,-1.725
1.656,-0.354
1.658,-0.356
1.613,-0.941
1.643,2.12
1.548,-1.376
1.394,0.299
1.358,-0.391
1.336,-0.171
1.398,-1.441
1.245,0.023
1.321,0.657
1.307,-0.318
1.175,0.087
1.055,1.024
0.796,-0.757
0.943,-0.057
0.731,1.996
0.704,-1.543
0.669,1.805
0.721,0.73
0.559,0.01
0.555,-1.662
0.664,1.016
0.531,1.338
0.501,0.479
0.5,0.03
0.471,-0.739
0.566,-0.604
0.578,2.07
0.455,-0.256
0.533,-1.046
0.402,1.907
0.387,0.615
0.341,-1.048
0.359,-1.557
0.159,-1.595
0.101,-1.481
0.099,1.599
0.205,2.059
0.128,0.294
0.111,0.381
0.032,0.163
0.058,-1.541
-0.113,-0.268
-0.153,1.935
-0.292,-1.389
-0.271,1.067
-0.313,2.012
-0.185,-1.008
-0.486,-0.675
-0.35,-1.654
-0.487,-1.651
-0.481,0.973
-0.549,0.326
-0.552,-0.721
-0.795,-0.726
-0.641,2.009
-0.811,1.138
-0.822,2.195
-0.691,-1.399
-0.85,-0.206
-0.878,-1.381
-1.063,1.796
-1.07,-0.594
-1.049,0.41
-1.026,1.018
-1.029,0.685
-1.192,0.398
-1.102,0.253
-1.227,-0.602
-1.21,1.047
-1.426,1.693
-1.5,2.201
-1.442,1.976
-1.583,-1.236
-1.539,1.72
-1.718,-1.461
-1.885,0.651
-1.96,1.331
-1.973,-1.615
-1.941,-1.501
-1.94,2.223
-1.998,0.39
-2.165,0.918
-2.195,-1.563
-2.329,-0.47
-2.518,0.118
-2.492,-1.789
-2.552,-1.789
-2.446,0.765
-2.479,0.199
-2.464,0.89
-3.008,-0.822
-3.016,-0.597
3.12,0.399
-3.139,-0.767
3.026,-0.681
3.118,0.984
2.966,0.264
3.077,-0.075
3.077,0.825
2.939,-0.312
3.01,0.02
2.811,1.004
2.925,-1.416
2.708,-1.622
2.051,-1.789
2.168,-1.83
1.965,-1.735
1.506,-2.068
1.534,-2.139
1.271,-1.987
1.351,-1.79
1.239,-1.827
0.557,-1.998
0.623,-1.746
0.649,-1.864
0.312,-1.857
0.15,-2.096
-0.657,-1.957
-0.652,-2.166
-0.915,-1.94
-0.921,-1.961
-3.045,-2.054
2.753,-1.885
2.698,2.36
2.523,2.591
1.724,2.646
1.416,2.423
0.757,2.326
0.557,2.284
-0.447,2.412
-0.465,2.32
-0.582,2.328
-1.007,2.455
-1.41,2.324
-2.084,2.499
-2.541,2.353
-2.803,2.337
1.809,0.366
1.425,0.367
0.58,-0.258
-1.486,0.367
-1.668,0.983
-2.388,1.733
-2.657,1.946
3.034,-1.167
-1.21,0.676
-1.897,1.039
-2.779,0.971
-2.796,1.855
-2.792,1.289
-2.856,1.856
-2.847,0.289
-2.875,1.696
-2.959,1.081
-2.997,1.114
-3.077,0.432
-3.109,1.654
-3.033,1.763
3.118,0.856
3.026,0.423
1.106,-0.528
-0.185,0.601
-2.839,-0.924
3.018,0.533
2.762,0.59
1.036,-1.759
0.918,-1.629
-0.527,-1.512
0.486,2.175
1.105,-1.698
0.506,-1.874
0.069,-0.231
-0.033,-1.755
0.02,0.603
-0.03,0.164
-0.104,0.063
-0.116,-1.319
-0.08,0.424
-0.083,0.963
-0.084,-1.767
-0.116,0.356
-0.195,-0.501
-0.16,-1.339
-0.209,-0.389
-0.26,-1.04
-0.28,-2.168
-0.232,-0.194
-0.252,-0.679
-0.332,-2.31
-0.374,-0.028
-0.328,-2.109
-0.327,1.083
-0.429,0.826
-0.477,0.154
-0.546,0.53
-0.611,0.696
-0.552,0.372
-0.601,-1.186
-0.612,0.801
-0.743,0.475
-0.747,1.359
-0.699,-0.621
-0.8,1.578
-0.885,-0.654
-0.932,-1.39
-0.943,-2.093
-0.937,0.605
-0.985,0.408
-0.946,0.874
-0.994,1.036
-1.13,-0.472
-1.079,-0.744
-1.076,0.411
-1.19,-2.254
-1.147,-1.802
-1.241,-0.216
-1.167,1.149
-1.261,-0.127
-1.227,-2.315
-1.273,0.712
-1.209,1.06
-1.284,0.165
-1.294,0.383
-1.321,-2.447
-1.382,-0.019
-1.358,-2.268
-1.382,1.517
-1.472,-1.492
-1.616,-0.161
-1.573,-0.861
-1.659,1.169
-1.702,-0.256
-1.684,-1.259
-1.798,0.186
-1.798,-1.781
-1.867,-0.718
-1.934,1.21
-2.019,1.446
-2.122,-0.441
-2.113,-1.74
-2.13,-0.003
-2.219,-1.286
-2.278,-1.016
-2.316,-1.732
-2.339,-1.088
-2.265,-0.27
-2.278,-0.353
-2.374,0.601
-2.336,-0.791
-2.405,0.58
-2.44,-0.21
-2.435,0.786
-2.495,-0.501
-2.445,1.207
-2.447,-2.341
-2.541,-0.538
-2.493,0.948
-2.507,-1.176
-2.481,1.117
-2.555,0.864
-2.548,-0.584
-2.56,0.722
-2.544,-0.626
-2.611,0.719
-2.554,-0.488
-2.662,1.45
-2.597,-0.525
-2.597,-2.316
-2.663,0.758
-2.703,0.197
-2.741,-1.186
-2.69,0.947
-2.693,0.422
-2.696,-0.999
-2.807,-0.345
-2.748,-0.949
-2.739,-1.034
-2.835,-1.251
-2.869,-1.401
-3.028,-1.168
-2.971,-0.43
-3.038,-0.987
-3.124,-1.672
3.04,-0.155
3.01,0.502
3.022,-0.339
2.993,1.473
3.017,0.54
2.962,0.929
2.941,1.388
2.885,-2.376
2.949,0.138
2.9,1.443
2.865,0.834
2.831,-1.642
2.709,0.442
2.768,1.284
2.742,0.866
2.666,-1.779
1.707,-2.425
1.028,-2.39
1.001,-2.45
0.578,-2.71
0.532,-2.519
0.25,-2.815
0.246,-2.713
0.093,-2.438
-0.17,-2.465
-0.649,-2.724
-0.651,-2.461
-1.003,-2.895
-1.032,-2.664
-1.273,-2.639
-1.699,-2.824
-1.866,-2.565
-2.428,-2.543
-2.513,-2.475
-3.099,-2.497
-3.075,-2.562
2.764,-2.372
2.513,1.624
2.269,1.836
2.026,1.608
1.19,1.795
0.925,1.756
0.728,1.736
0.656,1.664
0.534,1.898
0.322,1.942
0.158,1.727
0.126,1.628
-0.221,1.949
-2.159,1.877
-2.11,1.719
-2.28,1.927
-2.308,1.923
-2.387,1.901
-2.584,1.584
-3.119,1.888
2.921,1.998
2.781,1.67
0.867,-2.186
0.311,1.329
-0.019,-1.958
-0.465,1.488
-2.345,1.218
-2.341,-0.881
-2.39,1.371
-3.1,-2.058
2.941,0.878
3.023,0.606
2.009,-2.553
-1.305,-2.848
-2.983,-2.781
1.016,1.607
-2.607,1.883
2.461,-2.112
2.429,-0.672
2.389,1.155
2.271,-1.096
2.417,-2.166
2.262,-0.374
2.168,-0.8
2.157,1.058
1.973,-2.351
1.916,-0.719
1.992,0.179
1.974,1.343
1.73,0.221
1.566,0.279
1.683,-2.397
1.675,-1.026
1.677,-1.028
1.632,-1.613
1.662,1.448
1.567,-2.048
1.413,-0.373
1.377,-1.063
1.355,-0.843
1.417,-2.113
1.264,-0.649
1.34,-0.015
1.326,-0.99
1.194,-0.585
1.074,0.352
0.815,-1.429
0.962,-0.729
0.75,1.324
0.723,-2.215
0.688,1.133
0.74,0.058
0.578,-0.662
0.574,-2.334
0.683,0.344
0.55,0.666
0.52,-0.193
0.519,-0.642
0.49,-1.411
0.585,-1.276
0.597,1.398
0.474,-0.928
0.552,-1.718
0.421,1.235
0.406,-0.057
0.36,-1.72
0.378,-2.229
0.178,-2.267
0.12,-2.153
0.118,0.927
0.224,1.387
0.147,-0.378
0.13,-0.291
0.051,-0.509
0.077,-2.213
-0.094,-0.94
-0.134,1.263
-0.273,-2.061
-0.252,0.395
-0.294,1.34
-0.166,-1.68
-0.467,-1.347
-0.331,-2.326
-0.468,-2.323
-0.462,0.301
-0.53,-0.346
-0.533,-1.393
-0.776,-1.398
-0.622,1.337
-0.792,0.466
-0.803,1.523
-0.672,-2.071
-0.831,-0.878
-0.859,-2.053
-1.044,1.124
-1.051,-1.266
-1.03,-0.262
-1.007,0.346
-1.01,0.013
-1.173,-0.274
-1.083,-0.419
-1.208,-1.274
-1.191,0.375
-1.407,1.021
-1.481,1.529
-1.423,1.304
-1.564,-1.908
-1.52,1.048
-1.699,-2.133
-1.866,-0.021
-1.941,0.659
-1.954,-2.287
-1.922,-2.173
-1.921,1.551
-1.979,-0.282
-2.146,0.246
-2.176,-2.235
-2.31,-1.142
-2.499,-0.554
-2.473,-2.461
-2.533,-2.461
-2.427,0.093
-2.46,-0.473
-2.445,0.218
-2.989,-1.494
-2.997,-1.269
3.139,-0.273
-3.12,-1.439
3.045,-1.353
3.137,0.312
2.985,-0.408
3.096,-0.747
3.096,0.153
2.958,-0.984
3.029,-0.652
2.83,0.332
2.944,-2.088
2.727,-2.294
2.07,-2.461
2.187,-2.502
1.984,-2.407
1.525,-2.74
1.553,-2.811
1.29,-2.659
1.37,-2.462
1.258,-2.499
0.576,-2.67
0.642,-2.418
0.668,-2.536
0.331,-2.529
0.169,-2.768
-0.638,-2.629
-0.633,-2.838
-0.896,-2.612
-0.902,-2.633
-3.026,-2.726
2.772,-2.557
2.717,1.688
2.542,1.919
1.743,1.974
1.435,1.751
0.776,1.654
0.576,1.612
-0.428,1.74
-0.446,1.648
-0.563,1.656
-0.988,1.783
-1.391,1.652
-2.065,1.827
-2.522,1.681
-2.784,1.665
1.828,-0.306
1.444,-0.305
0.599,-0.93
-1.467,-0.305
-1.649,0.311
-2.369,1.061
-2.638,1.274
3.053,-1.839
-1.191,0.004
-1.878,0.367
-2.76,0.299
-2.777,1.183
-2.773,0.617
-2.837,1.184
-2.828,-0.383
-2.856,1.024
-2.94,0.409
-2.978,0.442
-3.058,-0.24
-3.09,0.982
-3.014,1.091
3.137,0.184
3.045,-0.249
1.125,-1.2
-0.166,-0.071
-2.82,-1.596
3.037,-0.139
2.781,-0.082
1.055,-2.431
0.937,-2.301
-0.508,-2.184
0.505,1.503
1.124,-2.37
0.525,-2.546
-0.102,-1.524
-0.049,0.834
-0.099,0.395
-0.173,0.294
-0.185,-1.088
-0.149,0.655
-0.152,1.194
-0.153,-1.536
-0.185,0.587
-0.264,-0.27
-0.229,-1.108
-0.278,-0.158
-0.329,-0.809
-0.349,-1.937
-0.301,0.037
-0.321,-0.448
-0.401,-2.079
-0.443,0.203
-0.397,-1.878
-0.396,1.314
-0.498,1.057
-0.546,0.385
-0.615,0.761
-0.68,0.927
-0.621,0.603
-0.67,-0.955
-0.681,1.032
-0.812,0.706
-0.816,1.59
-0.768,-0.39
-0.869,1.809
-0.954,-0.423
-1.001,-1.159
-1.012,-1.862
-1.006,0.836
-1.054,0.639
-1.015,1.105
-1.063,1.267
-1.199,-0.241
-1.148,-0.513
-1.145,0.642
-1.259,-2.023
-1.216,-1.571
-1.31,0.015
-1.236,1.38
-1.33,0.104
-1.296,-2.084
-1.342,0.943
-1.278,1.291
-1.353,0.396
-1.363,0.614
-1.39,-2.216
-1.451,0.212
-1.427,-2.037
-1.451,1.748
-1.541,-1.261
-1.685,0.07
-1.642,-0.63
-1.728,1.4
-1.771,-0.025
-1.753,-1.028
-1.867,0.417
-1.867,-1.55
-1.936,-0.487
-2.003,1.441
-2.088,1.677
-2.191,-0.21
-2.182,-1.509
-2.199,0.228
-2.288,-1.055
-2.347,-0.785
-2.385,-1.501
-2.408,-0.857
-2.334,-0.039
-2.347,-0.122
-2.443,0.832
-2.405,-0.56
-2.474,0.811
-2.509,0.021
-2.504,1.017
-2.564,-0.27
-2.514,1.438
-2.516,-2.11
-2.61,-0.307
-2.562,1.179
-2.576,-0.945
-2.55,1.348
-2.624,1.095
-2.617,-0.353
-2.629,0.953
-2.613,-0.395
-2.68,0.95
-2.623,-0.257
-2.731,1.681
-2.666,-0.294
-2.666,-2.085
-2.732,0.989
-2.772,0.428
-2.81,-0.955
-2.759,1.178
-2.762,0.653
-2.765,-0.768
-2.876,-0.114
-2.817,-0.718
-2.808,-0.803
-2.904,-1.02
-2.938,-1.17
-3.097,-0.937
-3.04,-0.199
-3.107,-0.756
3.09,-1.441
2.971,0.076
2.941,0.733
2.953,-0.108
2.924,1.704
2.948,0.771
2.893,1.16
2.872,1.619
2.816,-2.145
2.88,0.369
2.831,1.674
2.796,1.065
2.762,-1.411
2.64,0.673
2.699,1.515
2.673,1.097
2.597,-1.548
1.638,-2.194
0.959,-2.159
0.932,-2.219
0.509,-2.479
0.463,-2.288
0.181,-2.584
0.177,-2.482
0.024,-2.207
-0.239,-2.234
-0.718,-2.493
-0.72,-2.23
-1.072,-2.664
-1.101,-2.433
-1.342,-2.408
-1.768,-2.593
-1.935,-2.334
-2.497,-2.312
-2.582,-2.244
3.115,-2.266
3.139,-2.331
2.695,-2.141
2.444,1.855
2.2,2.067
1.957,1.839
1.121,2.026
0.856,1.987
0.659,1.967
0.587,1.895
0.465,2.129
0.253,2.173
0.089,1.958
0.057,1.859
-0.29,2.18
-2.228,2.108
-2.179,1.95
-2.349,2.158
-2.377,2.154
-2.456,2.132
-2.653,1.815
3.095,2.119
2.852,2.229
2.712,1.901
0.798,-1.955
0.242,1.56
-0.088,-1.727
-0.534,1.719
-2.414,1.449
-2.41,-0.65
-2.459,1.602
3.114,-1.827
2.872,1.109
2.954,0.837
1.94,-2.322
-1.374,-2.617
-3.052,-2.55
0.947,1.838
-2.676,2.114
2.392,-1.881
2.36,-0.441
2.32,1.386
2.202,-0.865
2.348,-1.935
2.193,-0.143
2.099,-0.569
2.088,1.289
1.904,-2.12
1.847,-0.488
1.923,0.41
1.905,1.574
1.661,0.452
1.497,0.51
1.614,-2.166
1.606,-0.795
1.608,-0.797
1.563,-1.382
1.593,1.679
1.498,-1.817
1.344,-0.142
1.308,-0.832
1.286,-0.612
1.348,-1.882
1.195,-0.418
1.271,0.216
1.257,-0.759
1.125,-0.354
1.005,0.583
0.746,-1.198
0.893,-0.498
0.681,1.555
0.654,-1.984
0.619,1.364
0.671,0.289
0.509,-0.431
0.505,-2.103
0.614,0.575
0.481,0.897
0.451,0.038
0.45,-0.411
0.421,-1.18
0.516,-1.045
0.528,1.629
0.405,-0.697
0.483,-1.487
0.352,1.466
0.337,0.174
0.291,-1.489
0.309,-1.998
0.109,-2.036
0.051,-1.922
0.049,1.158
0.155,1.618
0.078,-0.147
0.061,-0.06
-0.018,-0.278
0.008,-1.982
-0.163,-0.709
-0.203,1.494
-0.342,-1.83
-0.321,0.626
-0.363,1.571
-0.235,-1.449
-0.536,-1.116
-0.4,-2.095
-0.537,-2.092
-0.531,0.532
-0.599,-0.115
-0.602,-1.162
-0.845,-1.167
-0.691,1.568
-0.861,0.697
-0.872,1.754
-0.741,-1.84
-0.9,-0.647
-0.928,-1.822
-1.113,1.355
-1.12,-1.035
-1.099,-0.031
-1.076,0.577
-1.079,0.244
-1.242,-0.043
-1.152,-0.188
-1.277,-1.043
-1.26,0.606
-1.476,1.252
-1.55,1.76
-1.492,1.535
-1.633,-1.677
-1.589,1.279
-1.768,-1.902
-1.935,0.21
-2.01,0.89
-2.023,-2.056
-1.991,-1.942
-1.99,1.782
-2.048,-0.051
-2.215,0.477
-2.245,-2.004
-2.379,-0.911
-2.568,-0.323
-2.542,-2.23
-2.602,-2.23
-2.496,0.324
-2.529,-0.242
-2.514,0.449
-3.058,-1.263
-3.066,-1.038
3.07,-0.042
3.094,-1.208
2.976,-1.122
3.068,0.543
2.916,-0.177
3.027,-0.516
3.027,0.384
2.889,-0.753
2.96,-0.421
2.761,0.563
2.875,-1.857
2.658,-2.063
2.001,-2.23
2.118,-2.271
1.915,-2.176
1.456,-2.509
1.484,-2.58
1.221,-2.428
1.301,-2.231
1.189,-2.268
0.507,-2.439
0.573,-2.187
0.599,-2.305
0.262,-2.298
0.1,-2.537
-0.707,-2.398
-0.702,-2.607
-0.965,-2.381
-0.971,-2.402
-3.095,-2.495
2.703,-2.326
2.648,1.919
2.473,2.15
1.674,2.205
1.366,1.982
0.707,1.885
0.507,1.843
-0.497,1.971
-0.515,1.879
-0.632,1.887
-1.057,2.014
-1.46,1.883
-2.134,2.058
-2.591,1.912
-2.853,1.896
1.759,-0.075
1.375,-0.074
0.53,-0.699
-1.536,-0.074
-1.718,0.542
-2.438,1.292
-2.707,1.505
2.984,-1.608
-1.26,0.235
-1.947,0.598
-2.829,0.53
-2.846,1.414
-2.842,0.848
-2.906,1.415
-2.897,-0.152
-2.925,1.255
-3.009,0.64
-3.047,0.673
-3.127,-0.009
3.124,1.213
-3.083,1.322
3.068,0.415
2.976,-0.018
1.056,-0.969
-0.235,0.16
-2.889,-1.365
2.968,0.092
2.712,0.149
0.986,-2.2
0.868,-2.07
-0.577,-1.953
0.436,1.734
1.055,-2.139
0.456,-2.315
0.053,2.358
0.003,1.919
-0.071,1.818
-0.083,0.436
-0.047,2.179
-0.05,2.718
-0.051,-0.012
-0.083,2.111
-0.162,1.254
-0.127,0.416
-0.176,1.366
-0.227,0.715
-0.247,-0.413
-0.199,1.561
-0.219,1.076
-0.299,-0.555
-0.341,1.727
-0.295,-0.354
-0.294,2.838
-0.396,2.581
-0.444,1.909
-0.513,2.285
-0.578,2.451
-0.519,2.127
-0.568,0.569
-0.579,2.556
-0.71,2.23
-0.714,3.114
-0.666,1.134
-0.767,3.333
-0.852,1.101
-0.899,0.365
-0.91,-0.338
-0.904,2.36
-0.952,2.163
-0.913,2.629
-0.961,2.791
-1.097,1.283
-1.046,1.011
-1.043,2.166
-1.157,-0.499
-1.114,-0.047
-1.208,1.539
-1.134,2.904
-1.228,1.628
-1.194,-0.56
-1.24,2.467
-1.176,2.815
-1.251,1.92
-1.261,2.138
-1.288,-0.692
-1.349,1.736
-1.325,-0.513
-1.349,3.272
-1.439,0.263
-1.583,1.594
-1.54,0.894
-1.626,2.924
-1.669,1.499
-1.651,0.496
-1.765,1.941
-1.765,-0.026
-1.834,1.037
-1.901,2.965
-1.986,3.201
-2.089,1.314
-2.08,0.015
-2.097,1.752
-2.186,0.469
-2.245,0.739
-2.283,0.023
-2.306,0.667
-2.232,1.485
-2.245,1.402
-2.341,2.356
-2.303,0.964
-2.372,2.335
-2.407,1.545
-2.402,2.541
-2.462,1.254
-2.412,2.962
-2.414,-0.586
-2.508,1.217
-2.46,2.703
-2.474,0.579
-2.448,2.872
-2.522,2.619
-2.515,1.171
-2.527,2.477
-2.511,1.129
-2.578,2.474
-2.521,1.267
-2.629,3.205
-2.564,1.23
-2.564,-0.561
-2.63,2.513
-2.67,1.952
-2.708,0.569
-2.657,2.702
-2.66,2.177
-2.663,0.756
-2.774,1.41
-2.715,0.806
-2.706,0.721
-2.802,0.504
-2.836,0.354
-2.995,0.587
-2.938,1.325
-3.005,0.768
-3.091,0.083
3.073,1.6
3.043,2.257
3.055,1.416
3.026,3.228
3.05,2.295
2.995,2.684
2.974,3.143
2.918,-0.621
2.982,1.893
2.933,3.198
2.898,2.589
2.864,0.113
2.742,2.197
2.801,3.039
2.775,2.621
2.699,-0.024
1.74,-0.67
1.061,-0.635
1.034,-0.695
0.611,-0.955
0.565,-0.764
0.283,-1.06
0.279,-0.958
0.126,-0.683
-0.137,-0.71
-0.616,-0.969
-0.618,-0.706
-0.97,-1.14
-0.999,-0.909
-1.24,-0.884
-1.666,-1.069
-1.833,-0.81
-2.395,-0.788
-2.48,-0.72
-3.066,-0.742
-3.042,-0.807
2.797,-0.617
2.546,3.379
2.302,3.591
2.059,3.363
1.223,3.55
0.958,3.511
0.761,3.491
0.689,3.419
0.567,3.653
0.355,3.697
0.191,3.482
0.159,3.383
-0.188,3.704
-2.126,3.632
-2.077,3.474
-2.247,3.682
-2.275,3.678
-2.354,3.656
-2.551,3.339
-3.086,3.643
2.954,3.753
2.814,3.425
0.9,-0.431
0.344,3.084
0.014,-0.203
-0.432,3.243
-2.312,2.973
-2.308,0.874
-2.357,3.126
-3.067,-0.303
2.974,2.633
3.056,2.361
2.042,-0.798
-1.272,-1.093
-2.95,-1.026
1.049,3.362
-2.574,3.638
2.494,-0.357
2.462,1.083
2.422,2.91
2.304,0.659
2.45,-0.411
2.295,1.381
2.201,0.955
2.19,2.813
2.006,-0.596
1.949,1.036
2.025,1.934
2.007,3.098
1.763,1.976
1.599,2.034
1.716,-0.642
1.708,0.729
1.71,0.727
1.665,0.142
1.695,3.203
1.6,-0.293
1.446,1.382
1.41,0.692
1.388,0.912
1.45,-0.358
1.297,1.106
1.373,1.74
1.359,0.765
1.227,1.17
1.107,2.107
0.848,0.326
0.995,1.026
0.783,3.079
0.756,-0.46
0.721,2.888
0.773,1.813
0.611,1.093
0.607,-0.579
0.716,2.099
0.583,2.421
0.553,1.562
0.552,1.113
0.523,0.344
0.618,0.479
0.63,3.153
0.507,0.827
0.585,0.037
0.454,2.99
0.439,1.698
0.393,0.035
0.411,-0.474
0.211,-0.512
0.153,-0.398
0.151,2.682
0.257,3.142
0.18,1.377
0.163,1.464
0.084,1.246
0.11,-0.458
-0.061,0.815
-0.101,3.018
-0.24,-0.306
-0.219,2.15
-0.261,3.095
-0.133,0.075
-0.434,0.408
-0.298,-0.571
-0.435,-0.568
-0.429,2.056
-0.497,1.409
-0.5,0.362
-0.743,0.357
-0.589,3.092
-0.759,2.221
-0.77,3.278
-0.639,-0.316
-0.798,0.877
-0.826,-0.298
-1.011,2.879
-1.018,0.489
-0.997,1.493
-0.974,2.101
-0.977,1.768
-1.14,1.481
-1.05,1.336
-1.175,0.481
-1.158,2.13
-1.374,2.776
-1.448,3.284
-1.39,3.059
-1.531,-0.153
-1.487,2.803
-1.666,-0.378
-1.833,1.734
-1.908,2.414
-1.921,-0.532
-1.889,-0.418
-1.888,3.306
-1.946,1.473
-2.113,2.001
-2.143,-0.48
-2.277,0.613
-2.466,1.201
-2.44,-0.706
-2.5,-0.706
-2.394,1.848
-2.427,1.282
-2.412,1.973
-2.956,0.261
-2.964,0.486
-3.111,1.482
-3.087,0.316
3.078,0.402
-3.113,2.067
3.018,1.347
3.129,1.008
3.129,1.908
2.991,0.771
3.062,1.103
2.863,2.087
2.977,-0.333
2.76,-0.539
2.103,-0.706
2.22,-0.747
2.017,-0.652
1.558,-0.985
1.586,-1.056
1.323,-0.904
1.403,-0.707
1.291,-0.744
0.609,-0.915
0.675,-0.663
0.701,-0.781
0.364,-0.774
0.202,-1.013
-0.605,-0.874
-0.6,-1.083
-0.863,-0.857
-0.869,-0.878
-2.993,-0.971
2.805,-0.802
2.75,3.443
2.575,3.674
1.776,3.729
1.468,3.506
0.809,3.409
0.609,3.367
-0.395,3.495
-0.413,3.403
-0.53,3.411
-0.955,3.538
-1.358,3.407
-2.032,3.582
-2.489,3.436
-2.751,3.42
1.861,1.449
1.477,1.45
0.632,0.825
-1.434,1.45
-1.616,2.066
-2.336,2.816
-2.605,3.029
3.086,-0.084
-1.158,1.759
-1.845,2.122
-2.727,2.054
-2.744,2.938
-2.74,2.372
-2.804,2.939
-2.795,1.372
-2.823,2.779
-2.907,2.164
-2.945,2.197
-3.025,1.515
-3.057,2.737
-2.981,2.846
-3.113,1.939
3.078,1.506
1.158,0.555
-0.133,1.684
-2.787,0.159
3.07,1.616
2.814,1.673
1.088,-0.676
0.97,-0.546
-0.475,-0.429
0.538,3.258
1.157,-0.615
0.558,-0.791
-0.05,-0.439
-0.124,-0.54
-0.136,-1.922
-0.1,-0.179
-0.103,0.36
-0.104,-2.37
-0.136,-0.247
-0.215,-1.104
-0.18,-1.942
-0.229,-0.992
-0.28,-1.643
-0.3,-2.771
-0.252,-0.797
-0.272,-1.282
-0.352,-2.913
-0.394,-0.631
-0.348,-2.712
-0.347,0.48
-0.449,0.223
-0.497,-0.449
-0.566,-0.073
-0.631,0.093
-0.572,-0.231
-0.621,-1.789
-0.632,0.198
-0.763,-0.128
-0.767,0.756
-0.719,-1.224
-0.82,0.975
-0.905,-1.257
-0.952,-1.993
-0.963,-2.696
-0.957,0.002
-1.005,-0.195
-0.966,0.271
-1.014,0.433
-1.15,-1.075
-1.099,-1.347
-1.096,-0.192
-1.21,-2.857
-1.167,-2.405
-1.261,-0.819
-1.187,0.546
-1.281,-0.73
-1.247,-2.918
-1.293,0.109
-1.229,0.457
-1.304,-0.438
-1.314,-0.22
-1.341,-3.05
-1.402,-0.622
-1.378,-2.871
-1.402,0.914
-1.492,-2.095
-1.636,-0.764
-1.593,-1.464
-1.679,0.566
-1.722,-0.859
-1.704,-1.862
-1.818,-0.417
-1.818,-2.384
-1.887,-1.321
-1.954,0.607
-2.039,0.843
-2.142,-1.044
-2.133,-2.343
-2.15,-0.606
-2.239,-1.889
-2.298,-1.619
-2.336,-2.335
-2.359,-1.691
-2.285,-0.873
-2.298,-0.956
-2.394,-0.002
-2.356,-1.394
-2.425,-0.023
-2.46,-0.813
-2.455,0.183
-2.515,-1.104
-2.465,0.604
-2.467,-2.944
-2.561,-1.141
-2.513,0.345
-2.527,-1.779
-2.501,0.514
-2.575,0.261
-2.568,-1.187
-2.58,0.119
-2.564,-1.229
-2.631,0.116
-2.574,-1.091
-2.682,0.847
-2.617,-1.128
-2.617,-2.919
-2.683,0.155
-2.723,-0.406
-2.761,-1.789
-2.71,0.344
-2.713,-0.181
-2.716,-1.602
-2.827,-0.948
-2.768,-1.552
-2.759,-1.637
-2.855,-1.854
-2.889,-2.004
-3.048,-1.771
-2.991,-1.033
-3.058,-1.59
3.139,-2.275
3.02,-0.758
2.99,-0.101
3.002,-0.942
2.973,0.87
2.997,-0.063
2.942,0.326
2.921,0.785
2.865,-2.979
2.929,-0.465
2.88,0.84
2.845,0.231
2.811,-2.245
2.689,-0.161
2.748,0.681
2.722,0.263
2.646,-2.382
1.687,-3.028
1.008,-2.993
0.981,-3.053
0.558,-3.313
0.512,-3.122
0.23,-3.418
0.226,-3.316
0.073,-3.041
-0.19,-3.068
-0.669,-3.327
-0.671,-3.064
-1.023,-3.498
-1.052,-3.267
-1.293,-3.242
-1.719,-3.427
-1.886,-3.168
-2.448,-3.146
-2.533,-3.078
-3.119,-3.1
-3.095,-3.165
2.744,-2.975
2.493,1.021
2.249,1.233
2.006,1.005
1.17,1.192
0.905,1.153
0.708,1.133
0.636,1.061
0.514,1.295
0.302,1.339
0.138,1.124
0.106,1.025
-0.241,1.346
-2.179,1.274
-2.13,1.116
-2.3,1.324
-2.328,1.32
-2.407,1.298
-2.604,0.981
-3.139,1.285
2.901,1.395
2.761,1.067
0.847,-2.789
0.291,0.726
-0.039,-2.561
-0.485,0.885
-2.365,0.615
-2.361,-1.484
-2.41,0.768
-3.12,-2.661
2.921,0.275
3.003,0.003
1.989,-3.156
-1.325,-3.451
-3.003,-3.384
0.996,1.004
-2.627,1.28
2.441,-2.715
2.409,-1.275
2.369,0.552
2.251,-1.699
2.397,-2.769
2.242,-0.977
2.148,-1.403
2.137,0.455
1.953,-2.954
1.896,-1.322
1.972,-0.424
1.954,0.74
1.71,-0.382
1.546,-0.324
1.663,-3.0
1.655,-1.629
1.657,-1.631
1.612,-2.216
1.642,0.845
1.547,-2.651
1.393,-0.976
1.357,-1.666
1.335,-1.446
1.397,-2.716
1.244,-1.252
1.32,-0.618
1.306,-1.593
1.174,-1.188
1.054,-0.251
0.795,-2.032
0.942,-1.332
0.73,0.721
0.703,-2.818
0.668,0.53
0.72,-0.545
0.558,-1.265
0.554,-2.937
0.663,-0.259
0.53,0.063
0.5,-0.796
0.499,-1.245
0.47,-2.014
0.565,-1.879
0.577,0.795
0.454,-1.531
0.532,-2.321
0.401,0.632
0.386,-0.66
0.34,-2.323
0.358,-2.832
0.158,-2.87
0.1,-2.756
0.098,0.324
0.204,0.784
0.127,-0.981
0.11,-0.894
0.031,-1.112
0.057,-2.816
-0.114,-1.543
-0.154,0.66
-0.293,-2.664
-0.272,-0.208
-0.314,0.737
-0.186,-2.283
-0.487,-1.95
-0.351,-2.929
-0.488,-2.926
-0.482,-0.302
-0.55,-0.949
-0.553,-1.996
-0.796,-2.001
-0.642,0.734
-0.812,-0.137
-0.823,0.92
-0.692,-2.674
-0.851,-1.481
-0.879,-2.656
-1.064,0.521
-1.071,-1.869
-1.05,-0.865
-1.027,-0.257
-1.03,-0.59
-1.193,-0.877
-1.103,-1.022
-1.228,-1.877
-1.211,-0.228
-1.427,0.418
-1.501,0.926
-1.443,0.701
-1.584,-2.511
-1.54,0.445
-1.719,-2.736
-1.886,-0.624
-1.961,0.056
-1.974,-2.89
-1.942,-2.776
-1.941,0.948
-1.999,-0.885
-2.166,-0.357
-2.196,-2.838
-2.33,-1.745
-2.519,-1.157
-2.493,-3.064
-2.553,-3.064
-2.447,-0.51
-2.48,-1.076
-2.465,-0.385
-3.009,-2.097
-3.017,-1.872
3.119,-0.876
-3.14,-2.042
3.025,-1.956
3.117,-0.291
2.965,-1.011
3.076,-1.35
3.076,-0.45
2.938,-1.587
3.009,-1.255
2.81,-0.271
2.924,-2.691
2.707,-2.897
2.05,-3.064
2.167,-3.105
1.964,-3.01
1.505,-3.343
1.533,-3.414
1.27,-3.262
1.35,-3.065
1.238,-3.102
0.556,-3.273
0.622,-3.021
0.648,-3.139
0.311,-3.132
0.149,-3.371
-0.658,-3.232
-0.653,-3.441
-0.916,-3.215
-0.922,-3.236
-3.046,-3.329
2.752,-3.16
2.697,1.085
2.522,1.316
1.723,1.371
1.415,1.148
0.756,1.051
0.556,1.009
-0.448,1.137
-0.466,1.045
-0.583,1.053
-1.008,1.18
-1.411,1.049
-2.085,1.224
-2.542,1.078
-2.804,1.062
1.808,-0.909
1.424,-0.908
0.579,-1.533
-1.487,-0.908
-1.669,-0.292
-2.389,0.458
-2.658,0.671
3.033,-2.442
-1.211,-0.599
-1.898,-0.236
-2.78,-0.304
-2.797,0.58
-2.793,0.014
-2.857,0.581
-2.848,-0.986
-2.876,0.421
-2.96,-0.194
-2.998,-0.161
-3.078,-0.843
-3.11,0.379
-3.034,0.488
3.117,-0.419
3.025,-0.852
1.105,-1.803
-0.186,-0.674
-2.84,-2.199
3.017,-0.742
2.761,-0.685
1.035,-3.034
0.917,-2.904
-0.528,-2.787
0.485,0.9
1.104,-2.973
0.505,-3.149
-0.074,-0.101
-0.086,-1.483
-0.05,0.26
-0.053,0.799
-0.054,-1.931
-0.086,0.192
-0.165,-0.665
-0.13,-1.503
-0.179,-0.553
-0.23,-1.204
-0.25,-2.332
-0.202,-0.358
-0.222,-0.843
-0.302,-2.474
-0.344,-0.192
-0.298,-2.273
-0.297,0.919
-0.399,0.662
-0.447,-0.01
-0.516,0.366
-0.581,0.532
-0.522,0.208
-0.571,-1.35
-0.582,0.637
-0.713,0.311
-0.717,1.195
-0.669,-0.785
-0.77,1.414
-0.855,-0.818
-0.902,-1.554
-0.913,-2.257
-0.907,0.441
-0.955,0.244
-0.916,0.71
-0.964,0.872
-1.1,-0.636
-1.049,-0.908
-1.046,0.247
-1.16,-2.418
-1.117,-1.966
-1.211,-0.38
-1.137,0.985
-1.231,-0.291
-1.197,-2.479
-1.243,0.548
-1.179,0.896
-1.254,0.001
-1.264,0.219
-1.291,-2.611
-1.352,-0.183
-1.328,-2.432
-1.352,1.353
-1.442,-1.656
-1.586,-0.325
-1.543,-1.025
-1.629,1.005
-1.672,-0.42
-1.654,-1.423
-1.768,0.022
-1.768,-1.945
-1.837,-0.882
-1.904,1.046
-1.989,1.282
-2.092,-0.605
-2.083,-1.904
-2.1,-0.167
-2.189,-1.45
-2.248,-1.18
-2.286,-1.896
-2.309,-1.252
-2.235,-0.434
-2.248,-0.517
-2.344,0.437
-2.306,-0.955
-2.375,0.416
-2.41,-0.374
-2.405,0.622
-2.465,-0.665
-2.415,1.043
-2.417,-2.505
-2.511,-0.702
-2.463,0.784
-2.477,-1.34
-2.451,0.953
-2.525,0.7
-2.518,-0.748
-2.53,0.558
-2.514,-0.79
-2.581,0.555
-2.524,-0.652
-2.632,1.286
-2.567,-0.689
-2.567,-2.48
-2.633,0.594
-2.673,0.033
-2.711,-1.35
-2.66,0.783
-2.663,0.258
-2.666,-1.163
-2.777,-0.509
-2.718,-1.113
-2.709,-1.198
-2.805,-1.415
-2.839,-1.565
-2.998,-1.332
-2.941,-0.594
-3.008,-1.151
-3.094,-1.836
3.07,-0.319
3.04,0.338
3.052,-0.503
3.023,1.309
3.047,0.376
2.992,0.765
2.971,1.224
2.915,-2.54
2.979,-0.026
2.93,1.279
2.895,0.67
2.861,-1.806
2.739,0.278
2.798,1.12
2.772,0.702
2.696,-1.943
1.737,-2.589
1.058,-2.554
1.031,-2.614
0.608,-2.874
0.562,-2.683
0.28,-2.979
0.276,-2.877
0.123,-2.602
-0.14,-2.629
-0.619,-2.888
-0.621,-2.625
-0.973,-3.059
-1.002,-2.828
-1.243,-2.803
-1.669,-2.988
-1.836,-2.729
-2.398,-2.707
-2.483,-2.639
-3.069,-2.661
-3.045,-2.726
2.794,-2.536
2.543,1.46
2.299,1.672
2.056,1.444
1.22,1.631
0.955,1.592
0.758,1.572
0.686,1.5
0.564,1.734
0.352,1.778
0.188,1.563
0.156,1.464
-0.191,1.785
-2.129,1.713
-2.08,1.555
-2.25,1.763
-2.278,1.759
-2.357,1.737
-2.554,1.42
-3.089,1.724
2.951,1.834
2.811,1.506
0.897,-2.35
0.341,1.165
0.011,-2.122
-0.435,1.324
-2.315,1.054
-2.311,-1.045
-2.36,1.207
-3.07,-2.222
2.971,0.714
3.053,0.442
2.039,-2.717
-1.275,-3.012
-2.953,-2.945
1.046,1.443
-2.577,1.719
2.491,-2.276
2.459,-0.836
2.419,0.991
2.301,-1.26
2.447,-2.33
2.292,-0.538
2.198,-0.964
2.187,0.894
2.003,-2.515
1.946,-0.883
2.022,0.015
2.004,1.179
1.76,0.057
1.596,0.115
1.713,-2.561
1.705,-1.19
1.707,-1.192
1.662,-1.777
1.692,1.284
1.597,-2.212
1.443,-0.537
1.407,-1.227
1.385,-1.007
1.447,-2.277
1.294,-0.813
1.37,-0.179
1.356,-1.154
1.224,-0.749
1.104,0.188
0.845,-1.593
0.992,-0.893
0.78,1.16
0.753,-2.379
0.718,0.969
0.77,-0.106
0.608,-0.826
0.604,-2.498
0.713,0.18
0.58,0.502
0.55,-0.357
0.549,-0.806
0.52,-1.575
0.615,-1.44
0.627,1.234
0.504,-1.092
0.582,-1.882
0.451,1.071
0.436,-0.221
0.39,-1.884
0.408,-2.393
0.208,-2.431
0.15,-2.317
0.148,0.763
0.254,1.223
0.177,-0.542
0.16,-0.455
0.081,-0.673
0.107,-2.377
-0.064,-1.104
-0.104,1.099
-0.243,-2.225
-0.222,0.231
-0.264,1.176
-0.136,-1.844
-0.437,-1.511
-0.301,-2.49
-0.438,-2.487
-0.432,0.137
-0.5,-0.51
-0.503,-1.557
-0.746,-1.562
-0.592,1.173
-0.762,0.302
-0.773,1.359
-0.642,-2.235
-0.801,-1.042
-0.829,-2.217
-1.014,0.96
-1.021,-1.43
-1.0,-0.426
-0.977,0.182
-0.98,-0.151
-1.143,-0.438
-1.053,-0.583
-1.178,-1.438
-1.161,0.211
-1.377,0.857
-1.451,1.365
-1.393,1.14
-1.534,-2.072
-1.49,0.884
-1.669,-2.297
-1.836,-0.185
-1.911,0.495
-1.924,-2.451
-1.892,-2.337
-1.891,1.387
-1.949,-0.446
-2.116,0.082
-2.146,-2.399
-2.28,-1.306
-2.469,-0.718
-2.443,-2.625
-2.503,-2.625
-2.397,-0.071
-2.43,-0.637
-2.415,0.054
-2.959,-1.658
-2.967,-1.433
-3.114,-0.437
-3.09,-1.603
3.075,-1.517
-3.116,0.148
3.015,-0.572
3.126,-0.911
3.126,-0.011
2.988,-1.148
3.059,-0.816
2.86,0.168
2.974,-2.252
2.757,-2.458
2.1,-2.625
2.217,-2.666
2.014,-2.571
1.555,-2.904
1.583,-2.975
1.32,-2.823
1.4,-2.626
1.288,-2.663
0.606,-2.834
0.672,-2.582
0.698,-2.7
0.361,-2.693
0.199,-2.932
-0.608,-2.793
-0.603,-3.002
-0.866,-2.776
-0.872,-2.797
-2.996,-2.89
2.802,-2.721
2.747,1.524
2.572,1.755
1.773,1.81
1.465,1.587
0.806,1.49
0.606,1.448
-0.398,1.576
-0.416,1.484
-0.533,1.492
-0.958,1.619
-1.361,1.488
-2.035,1.663
-2.492,1.517
-2.754,1.501
1.858,-0.47
1.474,-0.469
0.629,-1.094
-1.437,-0.469
-1.619,0.147
-2.339,0.897
-2.608,1.11
3.083,-2.003
-1.161,-0.16
-1.848,0.203
-2.73,0.135
-2.747,1.019
-2.743,0.453
-2.807,1.02
-2.798,-0.547
-2.826,0.86
-2.91,0.245
-2.948,0.278
-3.028,-0.404
-3.06,0.818
-2.984,0.927
-3.116,0.02
3.075,-0.413
1.155,-1.364
-0.136,-0.235
-2.79,-1.76
3.067,-0.303
2.811,-0.246
1.085,-2.595
0.967,-2.465
-0.478,-2.348
0.535,1.339
1.154,-2.534
0.555,-2.71
-0.012,-1.382
0.024,0.361
0.021,0.9
0.02,-1.83
-0.012,0.293
-0.091,-0.564
-0.056,-1.402
-0.105,-0.452
-0.156,-1.103
-0.176,-2.231
-0.128,-0.257
-0.148,-0.742
-0.228,-2.373
-0.27,-0.091
-0.224,-2.172
-0.223,1.02
-0.325,0.763
-0.373,0.091
-0.442,0.467
-0.507,0.633
-0.448,0.309
-0.497,-1.249
-0.508,0.738
-0.639,0.412
-0.643,1.296
-0.595,-0.684
-0.696,1.515
-0.781,-0.717
-0.828,-1.453
-0.839,-2.156
-0.833,0.542
-0.881,0.345
-0.842,0.811
-0.89,0.973
-1.026,-0.535
-0.975,-0.807
-0.972,0.348
-1.086,-2.317
-1.043,-1.865
-1.137,-0.279
-1.063,1.086
-1.157,-0.19
-1.123,-2.378
-1.169,0.649
-1.105,0.997
-1.18,0.102
-1.19,0.32
-1.217,-2.51
-1.278,-0.082
-1.254,-2.331
-1.278,1.454
-1.368,-1.555
-1.512,-0.224
-1.469,-0.924
-1.555,1.106
-1.598,-0.319
-1.58,-1.322
-1.694,0.123
-1.694,-1.844
-1.763,-0.781
-1.83,1.147
-1.915,1.383
-2.018,-0.504
-2.009,-1.803
-2.026,-0.066
-2.115,-1.349
-2.174,-1.079
-2.212,-1.795
-2.235,-1.151
-2.161,-0.333
-2.174,-0.416
-2.27,0.538
-2.232,-0.854
-2.301,0.517
-2.336,-0.273
-2.331,0.723
-2.391,-0.564
-2.341,1.144
-2.343,-2.404
-2.437,-0.601
-2.389,0.885
-2.403,-1.239
-2.377,1.054
-2.451,0.801
-2.444,-0.647
-2.456,0.659
-2.44,-0.689
-2.507,0.656
-2.45,-0.551
-2.558,1.387
-2.493,-0.588
-2.493,-2.379
-2.559,0.695
-2.599,0.134
-2.637,-1.249
-2.586,0.884
-2.589,0.359
-2.592,-1.062
-2.703,-0.408
-2.644,-1.012
-2.635,-1.097
-2.731,-1.314
-2.765,-1.464
-2.924,-1.231
-2.867,-0.493
-2.934,-1.05
-3.02,-1.735
-3.139,-0.218
3.114,0.439
3.126,-0.402
3.097,1.41
3.121,0.477
3.066,0.866
3.045,1.325
2.989,-2.439
3.053,0.075
3.004,1.38
2.969,0.771
2.935,-1.705
2.813,0.379
2.872,1.221
2.846,0.803
2.77,-1.842
1.811,-2.488
1.132,-2.453
1.105,-2.513
0.682,-2.773
0.636,-2.582
0.354,-2.878
0.35,-2.776
0.197,-2.501
-0.066,-2.528
-0.545,-2.787
-0.547,-2.524
-0.899,-2.958
-0.928,-2.727
-1.169,-2.702
-1.595,-2.887
-1.762,-2.628
-2.324,-2.606
-2.409,-2.538
-2.995,-2.56
-2.971,-2.625
2.868,-2.435
2.617,1.561
2.373,1.773
2.13,1.545
1.294,1.732
1.029,1.693
0.832,1.673
0.76,1.601
0.638,1.835
0.426,1.879
0.262,1.664
0.23,1.565
-0.117,1.886
-2.055,1.814
-2.006,1.656
-2.176,1.864
-2.204,1.86
-2.283,1.838
-2.48,1.521
-3.015,1.825
3.025,1.935
2.885,1.607
0.971,-2.249
0.415,1.266
0.085,-2.021
-0.361,1.425
-2.241,1.155
-2.237,-0.944
-2.286,1.308
-2.996,-2.121
3.045,0.815
3.127,0.543
2.113,-2.616
-1.201,-2.911
-2.879,-2.844
1.12,1.544
-2.503,1.82
2.565,-2.175
2.533,-0.735
2.493,1.092
2.375,-1.159
2.521,-2.229
2.366,-0.437
2.272,-0.863
2.261,0.995
2.077,-2.414
2.02,-0.782
2.096,0.116
2.078,1.28
1.834,0.158
1.67,0.216
1.787,-2.46
1.779,-1.089
1.781,-1.091
1.736,-1.676
1.766,1.385
1.671,-2.111
1.517,-0.436
1.481,-1.126
1.459,-0.906
1.521,-2.176
1.368,-0.712
1.444,-0.078
1.43,-1.053
1.298,-0.648
1.178,0.289
0.919,-1.492
1.066,-0.792
0.854,1.261
0.827,-2.278
0.792,1.07
0.844,-0.005
0.682,-0.725
0.678,-2.397
0.787,0.281
0.654,0.603
0.624,-0.256
0.623,-0.705
0.594,-1.474
0.689,-1.339
0.701,1.335
0.578,-0.991
0.656,-1.781
0.525,1.172
0.51,-0.12
0.464,-1.783
0.482,-2.292
0.282,-2.33
0.224,-2.216
0.222,0.864
0.328,1.324
0.251,-0.441
0.234,-0.354
0.155,-0.572
0.181,-2.276
0.01,-1.003
-0.03,1.2
-0.169,-2.124
-0.148,0.332
-0.19,1.277
-0.062,-1.743
-0.363,-1.41
-0.227,-2.389
-0.364,-2.386
-0.358,0.238
-0.426,-0.409
-0.429,-1.456
-0.672,-1.461
-0.518,1.274
-0.688,0.403
-0.699,1.46
-0.568,-2.134
-0.727,-0.941
-0.755,-2.116
-0.94,1.061
-0.947,-1.329
-0.926,-0.325
-0.903,0.283
-0.906,-0.05
-1.069,-0.337
-0.979,-0.482
-1.104,-1.337
-1.087,0.312
-1.303,0.958
-1.377,1.466
-1.319,1.241
-1.46,-1.971
-1.416,0.985
-1.595,-2.196
-1.762,-0.084
-1.837,0.596
-1.85,-2.35
-1.818,-2.236
-1.817,1.488
-1.875,-0.345
-2.042,0.183
-2.072,-2.298
-2.206,-1.205
-2.395,-0.617
-2.369,-2.524
-2.429,-2.524
-2.323,0.03
-2.356,-0.536
-2.341,0.155
-2.885,-1.557
-2.893,-1.332
-3.04,-0.336
-3.016,-1.502
-3.134,-1.416
-3.042,0.249
3.089,-0.471
-3.083,-0.81
-3.083,0.09
3.062,-1.047
3.133,-0.715
2.934,0.269
3.048,-2.151
2.831,-2.357
2.174,-2.524
2.291,-2.565
2.088,-2.47
1.629,-2.803
1.657,-2.874
1.394,-2.722
1.474,-2.525
1.362,-2.562
0.68,-2.733
0.746,-2.481
0.772,-2.599
0.435,-2.592
0.273,-2.831
-0.534,-2.692
-0.529,-2.901
-0.792,-2.675
-0.798,-2.696
-2.922,-2.789
2.876,-2.62
2.821,1.625
2.646,1.856
1.847,1.911
1.539,1.688
0.88,1.591
0.68,1.549
-0.324,1.677
-0.342,1.585
-0.459,1.593
-0.884,1.72
-1.287,1.589
-1.961,1.764
-2.418,1.618
-2.68,1.602
1.932,-0.369
1.548,-0.368
0.703,-0.993
-1.363,-0.368
-1.545,0.248
-2.265,0.998
-2.534,1.211
-3.126,-1.902
-1.087,-0.059
-1.774,0.304
-2.656,0.236
-2.673,1.12
-2.669,0.554
-2.733,1.121
-2.724,-0.446
-2.752,0.961
-2.836,0.346
-2.874,0.379
-2.954,-0.303
-2.986,0.919
-2.91,1.028
-3.042,0.121
-3.134,-0.312
1.229,-1.263
-0.062,-0.134
-2.716,-1.659
3.141,-0.202
2.885,-0.145
1.159,-2.494
1.041,-2.364
-0.404,-2.247
0.609,1.44
1.228,-2.433
0.629,-2.609
0.036,1.743
0.033,2.282
0.032,-0.448
0.0,1.675
-0.079,0.818
-0.044,-0.02
-0.093,0.93
-0.144,0.279
-0.164,-0.849
-0.116,1.125
-0.136,0.64
-0.216,-0.991
-0.258,1.291
-0.212,-0.79
-0.211,2.402
-0.313,2.145
-0.361,1.473
-0.43,1.849
-0.495,2.015
-0.436,1.691
-0.485,0.133
-0.496,2.12
-0.627,1.794
-0.631,2.678
-0.583,0.698
-0.684,2.897
-0.769,0.665
-0.816,-0.071
-0.827,-0.774
-0.821,1.924
-0.869,1.727
-0.83,2.193
-0.878,2.355
-1.014,0.847
-0.963,0.575
-0.96,1.73
-1.074,-0.935
-1.031,-0.483
-1.125,1.103
-1.051,2.468
-1.145,1.192
-1.111,-0.996
-1.157,2.031
-1.093,2.379
-1.168,1.484
-1.178,1.702
-1.205,-1.128
-1.266,1.3
-1.242,-0.949
-1.266,2.836
-1.356,-0.173
-1.5,1.158
-1.457,0.458
-1.543,2.488
-1.586,1.063
-1.568,0.06
-1.682,1.505
-1.682,-0.462
-1.751,0.601
-1.818,2.529
-1.903,2.765
-2.006,0.878
-1.997,-0.421
-2.014,1.316
-2.103,0.033
-2.162,0.303
-2.2,-0.413
-2.223,0.231
-2.149,1.049
-2.162,0.966
-2.258,1.92
-2.22,0.528
-2.289,1.899
-2.324,1.109
-2.319,2.105
-2.379,0.818
-2.329,2.526
-2.331,-1.022
-2.425,0.781
-2.377,2.267
-2.391,0.143
-2.365,2.436
-2.439,2.183
-2.432,0.735
-2.444,2.041
-2.428,0.693
-2.495,2.038
-2.438,0.831
-2.546,2.769
-2.481,0.794
-2.481,-0.997
-2.547,2.077
-2.587,1.516
-2.625,0.133
-2.574,2.266
-2.577,1.741
-2.58,0.32
-2.691,0.974
-2.632,0.37
-2.623,0.285
-2.719,0.068
-2.753,-0.082
-2.912,0.151
-2.855,0.889
-2.922,0.332
-3.008,-0.353
-3.127,1.164
3.126,1.821
3.138,0.98
3.109,2.792
3.133,1.859
3.078,2.248
3.057,2.707
3.001,-1.057
3.065,1.457
3.016,2.762
2.981,2.153
2.947,-0.323
2.825,1.761
2.884,2.603
2.858,2.185
2.782,-0.46
1.823,-1.106
1.144,-1.071
1.117,-1.131
0.694,-1.391
0.648,-1.2
0.366,-1.496
0.362,-1.394
0.209,-1.119
-0.054,-1.146
-0.533,-1.405
-0.535,-1.142
-0.887,-1.576
-0.916,-1.345
-1.157,-1.32
-1.583,-1.505
-1.75,-1.246
-2.312,-1.224
-2.397,-1.156
-2.983,-1.178
-2.959,-1.243
2.88,-1.053
2.629,2.943
2.385,3.155
2.142,2.927
1.306,3.114
1.041,3.075
0.844,3.055
0.772,2.983
0.65,3.217
0.438,3.261
0.274,3.046
0.242,2.947
-0.105,3.268
-2.043,3.196
-1.994,3.038
-2.164,3.246
-2.192,3.242
-2.271,3.22
-2.468,2.903
-3.003,3.207
3.037,3.317
2.897,2.989
0.983,-0.867
0.427,2.648
0.097,-0.639
-0.349,2.807
-2.229,2.537
-2.225,0.438
-2.274,2.69
-2.984,-0.739
3.057,2.197
3.139,1.925
2.125,-1.234
-1.189,-1.529
-2.867,-1.462
1.132,2.926
-2.491,3.202
2.577,-0.793
2.545,0.647
2.505,2.474
2.387,0.223
2.533,-0.847
2.378,0.945
2.284,0.519
2.273,2.377
2.089,-1.032
2.032,0.6
2.108,1.498
2.09,2.662
1.846,1.54
1.682,1.598
1.799,-1.078
1.791,0.293
1.793,0.291
1.748,-0.294
1.778,2.767
1.683,-0.729
1.529,0.946
1.493,0.256
1.471,0.476
1.533,-0.794
1.38,0.67
1.456,1.304
1.442,0.329
1.31,0.734
1.19,1.671
0.931,-0.11
1.078,0.59
0.866,2.643
0.839,-0.896
0.804,2.452
0.856,1.377
0.694,0.657
0.69,-1.015
0.799,1.663
0.666,1.985
0.636,1.126
0.635,0.677
0.606,-0.092
0.701,0.043
0.713,2.717
0.59,0.391
0.668,-0.399
0.537,2.554
0.522,1.262
0.476,-0.401
0.494,-0.91
0.294,-0.948
0.236,-0.834
0.234,2.246
0.34,2.706
0.263,0.941
0.246,1.028
0.167,0.81
0.193,-0.894
0.022,0.379
-0.018,2.582
-0.157,-0.742
-0.136,1.714
-0.178,2.659
-0.05,-0.361
-0.351,-0.028
-0.215,-1.007
-0.352,-1.004
-0.346,1.62
-0.414,0.973
-0.417,-0.074
-0.66,-0.079
-0.506,2.656
-0.676,1.785
-0.687,2.842
-0.556,-0.752
-0.715,0.441
-0.743,-0.734
-0.928,2.443
-0.935,0.053
-0.914,1.057
-0.891,1.665
-0.894,1.332
-1.057,1.045
-0.967,0.9
-1.092,0.045
-1.075,1.694
-1.291,2.34
-1.365,2.848
-1.307,2.623
-1.448,-0.589
-1.404,2.367
-1.583,-0.814
-1.75,1.298
-1.825,1.978
-1.838,-0.968
-1.806,-0.854
-1.805,2.87
-1.863,1.037
-2.03,1.565
-2.06,-0.916
-2.194,0.177
-2.383,0.765
-2.357,-1.142
-2.417,-1.142
-2.311,1.412
-2.344,0.846
-2.329,1.537
-2.873,-0.175
-2.881,0.05
-3.028,1.046
-3.004,-0.12
-3.122,-0.034
-3.03,1.631
3.101,0.911
-3.071,0.572
-3.071,1.472
3.074,0.335
-3.138,0.667
2.946,1.651
3.06,-0.769
2.843,-0.975
2.186,-1.142
2.303,-1.183
2.1,-1.088
1.641,-1.421
1.669,-1.492
1.406,-1.34
1.486,-1.143
1.374,-1.18
0.692,-1.351
0.758,-1.099
0.784,-1.217
0.447,-1.21
0.285,-1.449
-0.522,-1.31
-0.517,-1.519
-0.78,-1.293
-0.786,-1.314
-2.91,-1.407
2.888,-1.238
2.833,3.007
2.658,3.238
1.859,3.293
1.551,3.07
0.892,2.973
0.692,2.931
-0.312,3.059
-0.33,2.967
-0.447,2.975
-0.872,3.102
-1.275,2.971
-1.949,3.146
-2.406,3.0
-2.668,2.984
1.944,1.013
1.56,1.014
0.715,0.389
-1.351,1.014
-1.533,1.63
-2.253,2.38
-2.522,2.593
-3.114,-0.52
-1.075,1.323
-1.762,1.686
-2.644,1.618
-2.661,2.502
-2.657,1.936
-2.721,2.503
-2.712,0.936
-2.74,2.343
-2.824,1.728
-2.862,1.761
-2.942,1.079
-2.974,2.301
-2.898,2.41
-3.03,1.503
-3.122,1.07
1.241,0.119
-0.05,1.248
-2.704,-0.277
-3.13,1.18
2.897,1.237
1.171,-1.112
1.053,-0.982
-0.392,-0.865
0.621,2.822
1.24,-1.051
0.641,-1.227
-0.003,0.539
-0.004,-2.191
-0.036,-0.068
-0.115,-0.925
-0.08,-1.763
-0.129,-0.813
-0.18,-1.464
-0.2,-2.592
-0.152,-0.618
-0.172,-1.103
-0.252,-2.734
-0.294,-0.452
-0.248,-2.533
-0.247,0.659
-0.349,0.402
-0.397,-0.27
-0.466,0.106
-0.531,0.272
-0.472,-0.052
-0.521,-1.61
-0.532,0.377
-0.663,0.051
-0.667,0.935
-0.619,-1.045
-0.72,1.154
-0.805,-1.078
-0.852,-1.814
-0.863,-2.517
-0.857,0.181
-0.905,-0.016
-0.866,0.45
-0.914,0.612
-1.05,-0.896
-0.999,-1.168
-0.996,-0.013
-1.11,-2.678
-1.067,-2.226
-1.161,-0.64
-1.087,0.725
-1.181,-0.551
-1.147,-2.739
-1.193,0.288
-1.129,0.636
-1.204,-0.259
-1.214,-0.041
-1.241,-2.871
-1.302,-0.443
-1.278,-2.692
-1.302,1.093
-1.392,-1.916
-1.536,-0.585
-1.493,-1.285
-1.579,0.745
-1.622,-0.68
-1.604,-1.683
-1.718,-0.238
-1.718,-2.205
-1.787,-1.142
-1.854,0.786
-1.939,1.022
-2.042,-0.865
-2.033,-2.164
-2.05,-0.427
-2.139,-1.71
-2.198,-1.44
-2.236,-2.156
-2.259,-1.512
-2.185,-0.694
-2.198,-0.777
-2.294,0.177
-2.256,-1.215
-2.325,0.156
-2.36,-0.634
-2.355,0.362
-2.415,-0.925
-2.365,0.783
-2.367,-2.765
-2.461,-0.962
-2.413,0.524
-2.427,-1.6
-2.401,0.693
-2.475,0.44
-2.468,-1.008
-2.48,0.298
-2.464,-1.05
-2.531,0.295
-2.474,-0.912
-2.582,1.026
-2.517,-0.949
-2.517,-2.74
-2.583,0.334
-2.623,-0.227
-2.661,-1.61
-2.61,0.523
-2.613,-0.002
-2.616,-1.423
-2.727,-0.769
-2.668,-1.373
-2.659,-1.458
-2.755,-1.675
-2.789,-1.825
-2.948,-1.592
-2.891,-0.854
-2.958,-1.411
-3.044,-2.096
3.12,-0.579
3.09,0.078
3.102,-0.763
3.073,1.049
3.097,0.116
3.042,0.505
3.021,0.964
2.965,-2.8
3.029,-0.286
2.98,1.019
2.945,0.41
2.911,-2.066
2.789,0.018
2.848,0.86
2.822,0.442
2.746,-2.203
1.787,-2.849
1.108,-2.814
1.081,-2.874
0.658,-3.134
0.612,-2.943
0.33,-3.239
0.326,-3.137
0.173,-2.862
-0.09,-2.889
-0.569,-3.148
-0.571,-2.885
-0.923,-3.319
-0.952,-3.088
-1.193,-3.063
-1.619,-3.248
-1.786,-2.989
-2.348,-2.967
-2.433,-2.899
-3.019,-2.921
-2.995,-2.986
2.844,-2.796
2.593,1.2
2.349,1.412
2.106,1.184
1.27,1.371
1.005,1.332
0.808,1.312
0.736,1.24
0.614,1.474
0.402,1.518
0.238,1.303
0.206,1.204
-0.141,1.525
-2.079,1.453
-2.03,1.295
-2.2,1.503
-2.228,1.499
-2.307,1.477
-2.504,1.16
-3.039,1.464
3.001,1.574
2.861,1.246
0.947,-2.61
0.391,0.905
0.061,-2.382
-0.385,1.064
-2.265,0.794
-2.261,-1.305
-2.31,0.947
-3.02,-2.482
3.021,0.454
3.103,0.182
2.089,-2.977
-1.225,-3.272
-2.903,-3.205
1.096,1.183
-2.527,1.459
2.541,-2.536
2.509,-1.096
2.469,0.731
2.351,-1.52
2.497,-2.59
2.342,-0.798
2.248,-1.224
2.237,0.634
2.053,-2.775
1.996,-1.143
2.072,-0.245
2.054,0.919
1.81,-0.203
1.646,-0.145
1.763,-2.821
1.755,-1.45
1.757,-1.452
1.712,-2.037
1.742,1.024
1.647,-2.472
1.493,-0.797
1.457,-1.487
1.435,-1.267
1.497,-2.537
1.344,-1.073
1.42,-0.439
1.406,-1.414
1.274,-1.009
1.154,-0.072
0.895,-1.853
1.042,-1.153
0.83,0.9
0.803,-2.639
0.768,0.709
0.82,-0.366
0.658,-1.086
0.654,-2.758
0.763,-0.08
0.63,0.242
0.6,-0.617
0.599,-1.066
0.57,-1.835
0.665,-1.7
0.677,0.974
0.554,-1.352
0.632,-2.142
0.501,0.811
0.486,-0.481
0.44,-2.144
0.458,-2.653
0.258,-2.691
0.2,-2.577
0.198,0.503
0.304,0.963
0.227,-0.802
0.21,-0.715
0.131,-0.933
0.157,-2.637
-0.014,-1.364
-0.054,0.839
-0.193,-2.485
-0.172,-0.029
-0.214,0.916
-0.086,-2.104
-0.387,-1.771
-0.251,-2.75
-0.388,-2.747
-0.382,-0.123
-0.45,-0.77
-0.453,-1.817
-0.696,-1.822
-0.542,0.913
-0.712,0.042
-0.723,1.099
-0.592,-2.495
-0.751,-1.302
-0.779,-2.477
-0.964,0.7
-0.971,-1.69
-0.95,-0.686
-0.927,-0.078
-0.93,-0.411
-1.093,-0.698
-1.003,-0.843
-1.128,-1.698
-1.111,-0.049
-1.327,0.597
-1.401,1.105
-1.343,0.88
-1.484,-2.332
-1.44,0.624
-1.619,-2.557
-1.786,-0.445
-1.861,0.235
-1.874,-2.711
-1.842,-2.597
-1.841,1.127
-1.899,-0.706
-2.066,-0.178
-2.096,-2.659
-2.23,-1.566
-2.419,-0.978
-2.393,-2.885
-2.453,-2.885
-2.347,-0.331
-2.38,-0.897
-2.365,-0.206
-2.909,-1.918
-2.917,-1.693
-3.064,-0.697
-3.04,-1.863
3.125,-1.777
-3.066,-0.112
3.065,-0.832
-3.107,-1.171
-3.107,-0.271
3.038,-1.408
3.109,-1.076
2.91,-0.092
3.024,-2.512
2.807,-2.718
2.15,-2.885
2.267,-2.926
2.064,-2.831
1.605,-3.164
1.633,-3.235
1.37,-3.083
1.45,-2.886
1.338,-2.923
0.656,-3.094
0.722,-2.842
0.748,-2.96
0.411,-2.953
0.249,-3.192
-0.558,-3.053
-0.553,-3.262
-0.816,-3.036
-0.822,-3.057
-2.946,-3.15
2.852,-2.981
2.797,1.264
2.622,1.495
1.823,1.55
1.515,1.327
0.856,1.23
0.656,1.188
-0.348,1.316
-0.366,1.224
-0.483,1.232
-0.908,1.359
-1.311,1.228
-1.985,1.403
-2.442,1.257
-2.704,1.241
1.908,-0.73
1.524,-0.729
0.679,-1.354
-1.387,-0.729
-1.569,-0.113
-2.289,0.637
-2.558,0.85
3.133,-2.263
-1.111,-0.42
-1.798,-0.057
-2.68,-0.125
-2.697,0.759
-2.693,0.193
-2.757,0.76
-2.748,-0.807
-2.776,0.6
-2.86,-0.015
-2.898,0.018
-2.978,-0.664
-3.01,0.558
-2.934,0.667
-3.066,-0.24
3.125,-0.673
1.205,-1.624
-0.086,-0.495
-2.74,-2.02
3.117,-0.563
2.861,-0.506
1.135,-2.855
1.017,-2.725
-0.428,-2.608
0.585,1.079
1.204,-2.794
0.605,-2.97
-0.001,-2.73
-0.033,-0.607
-0.112,-1.464
-0.077,-2.302
-0.126,-1.352
-0.177,-2.003
-0.197,-3.131
-0.149,-1.157
-0.169,-1.642
-0.249,-3.273
-0.291,-0.991
-0.245,-3.072
-0.244,0.12
-0.346,-0.137
-0.394,-0.809
-0.463,-0.433
-0.528,-0.267
-0.469,-0.591
-0.518,-2.149
-0.529,-0.162
-0.66,-0.488
-0.664,0.396
-0.616,-1.584
-0.717,0.615
-0.802,-1.617
-0.849,-2.353
-0.86,-3.056
-0.854,-0.358
-0.902,-0.555
-0.863,-0.089
-0.911,0.073
-1.047,-1.435
-0.996,-1.707
-0.993,-0.552
-1.107,-3.217
-1.064,-2.765
-1.158,-1.179
-1.084,0.186
-1.178,-1.09
-1.144,-3.278
-1.19,-0.251
-1.126,0.097
-1.201,-0.798
-1.211,-0.58
-1.238,-3.41
-1.299,-0.982
-1.275,-3.231
-1.299,0.554
-1.389,-2.455
-1.533,-1.124
-1.49,-1.824
-1.576,0.206
-1.619,-1.219
-1.601,-2.222
-1.715,-0.777
-1.715,-2.744
-1.784,-1.681
-1.851,0.247
-1.936,0.483
-2.039,-1.404
-2.03,-2.703
-2.047,-0.966
-2.136,-2.249
-2.195,-1.979
-2.233,-2.695
-2.256,-2.051
-2.182,-1.233
-2.195,-1.316
-2.291,-0.362
-2.253,-1.754
-2.322,-0.383
-2.357,-1.173
-2.352,-0.177
-2.412,-1.464
-2.362,0.244
-2.364,-3.304
-2.458,-1.501
-2.41,-0.015
-2.424,-2.139
-2.398,0.154
-2.472,-0.099
-2.465,-1.547
-2.477,-0.241
-2.461,-1.589
-2.528,-0.244
-2.471,-1.451
-2.579,0.487
-2.514,-1.488
-2.514,-3.279
-2.58,-0.205
-2.62,-0.766
-2.658,-2.149
-2.607,-0.016
-2.61,-0.541
-2.613,-1.962
-2.724,-1.308
-2.665,-1.912
-2.656,-1.997
-2.752,-2.214
-2.786,-2.364
-2.945,-2.131
-2.888,-1.393
-2.955,-1.95
-3.041,-2.635
3.123,-1.118
3.093,-0.461
3.105,-1.302
3.076,0.51
3.1,-0.423
3.045,-0.034
3.024,0.425
2.968,-3.339
3.032,-0.825
2.983,0.48
2.948,-0.129
2.914,-2.605
2.792,-0.521
2.851,0.321
2.825,-0.097
2.749,-2.742
1.79,-3.388
1.111,-3.353
1.084,-3.413
0.661,-3.673
0.615,-3.482
0.333,-3.778
0.329,-3.676
0.176,-3.401
-0.087,-3.428
-0.566,-3.687
-0.568,-3.424
-0.92,-3.858
-0.949,-3.627
-1.19,-3.602
-1.616,-3.787
-1.783,-3.528
-2.345,-3.506
-2.43,-3.438
-3.016,-3.46
-2.992,-3.525
2.847,-3.335
2.596,0.661
2.352,0.873
2.109,0.645
1.273,0.832
1.008,0.793
0.811,0.773
0.739,0.701
0.617,0.935
0.405,0.979
0.241,0.764
0.209,0.665
-0.138,0.986
-2.076,0.914
-2.027,0.756
-2.197,0.964
-2.225,0.96
-2.304,0.938
-2.501,0.621
-3.036,0.925
3.004,1.035
2.864,0.707
0.95,-3.149
0.394,0.366
0.064,-2.921
-0.382,0.525
-2.262,0.255
-2.258,-1.844
-2.307,0.408
-3.017,-3.021
3.024,-0.085
3.106,-0.357
2.092,-3.516
-1.222,-3.811
-2.9,-3.744
1.099,0.644
-2.524,0.92
2.544,-3.075
2.512,-1.635
2.472,0.192
2.354,-2.059
2.5,-3.129
2.345,-1.337
2.251,-1.763
2.24,0.095
2.056,-3.314
1.999,-1.682
2.075,-0.784
2.057,0.38
1.813,-0.742
1.649,-0.684
1.766,-3.36
1.758,-1.989
1.76,-1.991
1.715,-2.576
1.745,0.485
1.65,-3.011
1.496,-1.336
1.46,-2.026
1.438,-1.806
1.5,-3.076
1.347,-1.612
1.423,-0.978
1.409,-1.953
1.277,-1.548
1.157,-0.611
0.898,-2.392
1.045,-1.692
0.833,0.361
0.806,-3.178
0.771,0.17
0.823,-0.905
0.661,-1.625
0.657,-3.297
0.766,-0.619
0.633,-0.297
0.603,-1.156
0.602,-1.605
0.573,-2.374
0.668,-2.239
0.68,0.435
0.557,-1.891
0.635,-2.681
0.504,0.272
0.489,-1.02
0.443,-2.683
0.461,-3.192
0.261,-3.23
0.203,-3.116
0.201,-0.036
0.307,0.424
0.23,-1.341
0.213,-1.254
0.134,-1.472
0.16,-3.176
-0.011,-1.903
-0.051,0.3
-0.19,-3.024
-0.169,-0.568
-0.211,0.377
-0.083,-2.643
-0.384,-2.31
-0.248,-3.289
-0.385,-3.286
-0.379,-0.662
-0.447,-1.309
-0.45,-2.356
-0.693,-2.361
-0.539,0.374
-0.709,-0.497
-0.72,0.56
-0.589,-3.034
-0.748,-1.841
-0.776,-3.016
-0.961,0.161
-0.968,-2.229
-0.947,-1.225
-0.924,-0.617
-0.927,-0.95
-1.09,-1.237
-1.0,-1.382
-1.125,-2.237
-1.108,-0.588
-1.324,0.058
-1.398,0.566
-1.34,0.341
-1.481,-2.871
-1.437,0.085
-1.616,-3.096
-1.783,-0.984
-1.858,-0.304
-1.871,-3.25
-1.839,-3.136
-1.838,0.588
-1.896,-1.245
-2.063,-0.717
-2.093,-3.198
-2.227,-2.105
-2.416,-1.517
-2.39,-3.424
-2.45,-3.424
-2.344,-0.87
-2.377,-1.436
-2.362,-0.745
-2.906,-2.457
-2.914,-2.232
-3.061,-1.236
-3.037,-2.402
3.128,-2.316
-3.063,-0.651
3.068,-1.371
-3.104,-1.71
-3.104,-0.81
3.041,-1.947
3.112,-1.615
2.913,-0.631
3.027,-3.051
2.81,-3.257
2.153,-3.424
2.27,-3.465
2.067,-3.37
1.608,-3.703
1.636,-3.774
1.373,-3.622
1.453,-3.425
1.341,-3.462
0.659,-3.633
0.725,-3.381
0.751,-3.499
0.414,-3.492
0.252,-3.731
-0.555,-3.592
-0.55,-3.801
-0.813,-3.575
-0.819,-3.596
-2.943,-3.689
2.855,-3.52
2.8,0.725
2.625,0.956
1.826,1.011
1.518,0.788
0.859,0.691
0.659,0.649
-0.345,0.777
-0.363,0.685
-0.48,0.693
-0.905,0.82
-1.308,0.689
-1.982,0.864
-2.439,0.718
-2.701,0.702
1.911,-1.269
1.527,-1.268
0.682,-1.893
-1.384,-1.268
-1.566,-0.652
-2.286,0.098
-2.555,0.311
3.136,-2.802
-1.108,-0.959
-1.795,-0.596
-2.677,-0.664
-2.694,0.22
-2.69,-0.346
-2.754,0.221
-2.745,-1.346
-2.773,0.061
-2.857,-0.554
-2.895,-0.521
-2.975,-1.203
-3.007,0.019
-2.931,0.128
-3.063,-0.779
3.128,-1.212
1.208,-2.163
-0.083,-1.034
-2.737,-2.559
3.12,-1.102
2.864,-1.045
1.138,-3.394
1.02,-3.264
-0.425,-3.147
0.588,0.54
1.207,-3.333
0.608,-3.509
-0.032,2.123
-0.111,1.266
-0.076,0.428
-0.125,1.378
-0.176,0.727
-0.196,-0.401
-0.148,1.573
-0.168,1.088
-0.248,-0.543
-0.29,1.739
-0.244,-0.342
-0.243,2.85
-0.345,2.593
-0.393,1.921
-0.462,2.297
-0.527,2.463
-0.468,2.139
-0.517,0.581
-0.528,2.568
-0.659,2.242
-0.663,3.126
-0.615,1.146
-0.716,3.345
-0.801,1.113
-0.848,0.377
-0.859,-0.326
-0.853,2.372
-0.901,2.175
-0.862,2.641
-0.91,2.803
-1.046,1.295
-0.995,1.023
-0.992,2.178
-1.106,-0.487
-1.063,-0.035
-1.157,1.551
-1.083,2.916
-1.177,1.64
-1.143,-0.548
-1.189,2.479
-1.125,2.827
-1.2,1.932
-1.21,2.15
-1.237,-0.68
-1.298,1.748
-1.274,-0.501
-1.298,3.284
-1.388,0.275
-1.532,1.606
-1.489,0.906
-1.575,2.936
-1.618,1.511
-1.6,0.508
-1.714,1.953
-1.714,-0.014
-1.783,1.049
-1.85,2.977
-1.935,3.213
-2.038,1.326
-2.029,0.027
-2.046,1.764
-2.135,0.481
-2.194,0.751
-2.232,0.035
-2.255,0.679
-2.181,1.497
-2.194,1.414
-2.29,2.368
-2.252,0.976
-2.321,2.347
-2.356,1.557
-2.351,2.553
-2.411,1.266
-2.361,2.974
-2.363,-0.574
-2.457,1.229
-2.409,2.715
-2.423,0.591
-2.397,2.884
-2.471,2.631
-2.464,1.183
-2.476,2.489
-2.46,1.141
-2.527,2.486
-2.47,1.279
-2.578,3.217
-2.513,1.242
-2.513,-0.549
-2.579,2.525
-2.619,1.964
-2.657,0.581
-2.606,2.714
-2.609,2.189
-2.612,0.768
-2.723,1.422
-2.664,0.818
-2.655,0.733
-2.751,0.516
-2.785,0.366
-2.944,0.599
-2.887,1.337
-2.954,0.78
-3.04,0.095
3.124,1.612
3.094,2.269
3.106,1.428
3.077,3.24
3.101,2.307
3.046,2.696
3.025,3.155
2.969,-0.609
3.033,1.905
2.984,3.21
2.949,2.601
2.915,0.125
2.793,2.209
2.852,3.051
2.826,2.633
2.75,-0.012
1.791,-0.658
1.112,-0.623
1.085,-0.683
0.662,-0.943
0.616,-0.752
0.334,-1.048
0.33,-0.946
0.177,-0.671
-0.086,-0.698
-0.565,-0.957
-0.567,-0.694
-0.919,-1.128
-0.948,-0.897
-1.189,-0.872
-1.615,-1.057
-1.782,-0.798
-2.344,-0.776
-2.429,-0.708
-3.015,-0.73
-2.991,-0.795
2.848,-0.605
2.597,3.391
2.353,3.603
2.11,3.375
1.274,3.562
1.009,3.523
0.812,3.503
0.74,3.431
0.618,3.665
0.406,3.709
0.242,3.494
0.21,3.395
-0.137,3.716
-2.075,3.644
-2.026,3.486
-2.196,3.694
-2.224,3.69
-2.303,3.668
-2.5,3.351
-3.035,3.655
3.005,3.765
2.865,3.437
0.951,-0.419
0.395,3.096
0.065,-0.191
-0.381,3.255
-2.261,2.985
-2.257,0.886
-2.306,3.138
-3.016,-0.291
3.025,2.645
3.107,2.373
2.093,-0.786
-1.221,-1.081
-2.899,-1.014
1.1,3.374
-2.523,3.65
2.545,-0.345
2.513,1.095
2.473,2.922
2.355,0.671
2.501,-0.399
2.346,1.393
2.252,0.967
2.241,2.825
2.057,-0.584
2.0,1.048
2.076,1.946
2.058,3.11
1.814,1.988
1.65,2.046
1.767,-0.63
1.759,0.741
1.761,0.739
1.716,0.154
1.746,3.215
1.651,-0.281
1.497,1.394
1.461,0.704
1.439,0.924
1.501,-0.346
1.348,1.118
1.424,1.752
1.41,0.777
1.278,1.182
1.158,2.119
0.899,0.338
1.046,1.038
0.834,3.091
0.807,-0.448
0.772,2.9
0.824,1.825
0.662,1.105
0.658,-0.567
0.767,2.111
0.634,2.433
0.604,1.574
0.603,1.125
0.574,0.356
0.669,0.491
0.681,3.165
0.558,0.839
0.636,0.049
0.505,3.002
0.49,1.71
0.444,0.047
0.462,-0.462
0.262,-0.5
0.204,-0.386
0.202,2.694
0.308,3.154
0.231,1.389
0.214,1.476
0.135,1.258
0.161,-0.446
-0.01,0.827
-0.05,3.03
-0.189,-0.294
-0.168,2.162
-0.21,3.107
-0.082,0.087
-0.383,0.42
-0.247,-0.559
-0.384,-0.556
-0.378,2.068
-0.446,1.421
-0.449,0.374
-0.692,0.369
-0.538,3.104
-0.708,2.233
-0.719,3.29
-0.588,-0.304
-0.747,0.889
-0.775,-0.286
-0.96,2.891
-0.967,0.501
-0.946,1.505
-0.923,2.113
-0.926,1.78
-1.089,1.493
-0.999,1.348
-1.124,0.493
-1.107,2.142
-1.323,2.788
-1.397,3.296
-1.339,3.071
-1.48,-0.141
-1.436,2.815
-1.615,-0.366
-1.782,1.746
-1.857,2.426
-1.87,-0.52
-1.838,-0.406
-1.837,3.318
-1.895,1.485
-2.062,2.013
-2.092,-0.468
-2.226,0.625
-2.415,1.213
-2.389,-0.694
-2.449,-0.694
-2.343,1.86
-2.376,1.294
-2.361,1.985
-2.905,0.273
-2.913,0.498
-3.06,1.494
-3.036,0.328
3.129,0.414
-3.062,2.079
3.069,1.359
-3.103,1.02
-3.103,1.92
3.042,0.783
3.113,1.115
2.914,2.099
3.028,-0.321
2.811,-0.527
2.154,-0.694
2.271,-0.735
2.068,-0.64
1.609,-0.973
1.637,-1.044
1.374,-0.892
1.454,-0.695
1.342,-0.732
0.66,-0.903
0.726,-0.651
0.752,-0.769
0.415,-0.762
0.253,-1.001
-0.554,-0.862
-0.549,-1.071
-0.812,-0.845
-0.818,-0.866
-2.942,-0.959
2.856,-0.79
2.801,3.455
2.626,3.686
1.827,3.741
1.519,3.518
0.86,3.421
0.66,3.379
-0.344,3.507
-0.362,3.415
-0.479,3.423
-0.904,3.55
-1.307,3.419
-1.981,3.594
-2.438,3.448
-2.7,3.432
1.912,1.461
1.528,1.462
0.683,0.837
-1.383,1.462
-1.565,2.078
-2.285,2.828
-2.554,3.041
3.137,-0.072
-1.107,1.771
-1.794,2.134
-2.676,2.066
-2.693,2.95
-2.689,2.384
-2.753,2.951
-2.744,1.384
-2.772,2.791
-2.856,2.176
-2.894,2.209
-2.974,1.527
-3.006,2.749
-2.93,2.858
-3.062,1.951
3.129,1.518
1.209,0.567
-0.082,1.696
-2.736,0.171
3.121,1.628
2.865,1.685
1.139,-0.664
1.021,-0.534
-0.424,-0.417
0.589,3.27
1.208,-0.603
0.609,-0.779
-0.079,-0.857
-0.044,-1.695
-0.093,-0.745
-0.144,-1.396
-0.164,-2.524
-0.116,-0.55
-0.136,-1.035
-0.216,-2.666
-0.258,-0.384
-0.212,-2.465
-0.211,0.727
-0.313,0.47
-0.361,-0.202
-0.43,0.174
-0.495,0.34
-0.436,0.016
-0.485,-1.542
-0.496,0.445
-0.627,0.119
-0.631,1.003
-0.583,-0.977
-0.684,1.222
-0.769,-1.01
-0.816,-1.746
-0.827,-2.449
-0.821,0.249
-0.869,0.052
-0.83,0.518
-0.878,0.68
-1.014,-0.828
-0.963,-1.1
-0.96,0.055
-1.074,-2.61
-1.031,-2.158
-1.125,-0.572
-1.051,0.793
-1.145,-0.483
-1.111,-2.671
-1.157,0.356
-1.093,0.704
-1.168,-0.191
-1.178,0.027
-1.205,-2.803
-1.266,-0.375
-1.242,-2.624
-1.266,1.161
-1.356,-1.848
-1.5,-0.517
-1.457,-1.217
-1.543,0.813
-1.586,-0.612
-1.568,-1.615
-1.682,-0.17
-1.682,-2.137
-1.751,-1.074
-1.818,0.854
-1.903,1.09
-2.006,-0.797
-1.997,-2.096
-2.014,-0.359
-2.103,-1.642
-2.162,-1.372
-2.2,-2.088
-2.223,-1.444
-2.149,-0.626
-2.162,-0.709
-2.258,0.245
-2.22,-1.147
-2.289,0.224
-2.324,-0.566
-2.319,0.43
-2.379,-0.857
-2.329,0.851
-2.331,-2.697
-2.425,-0.894
-2.377,0.592
-2.391,-1.532
-2.365,0.761
-2.439,0.508
-2.432,-0.94
-2.444,0.366
-2.428,-0.982
-2.495,0.363
-2.438,-0.844
-2.546,1.094
-2.481,-0.881
-2.481,-2.672
-2.547,0.402
-2.587,-0.159
-2.625,-1.542
-2.574,0.591
-2.577,0.066
-2.58,-1.355
-2.691,-0.701
-2.632,-1.305
-2.623,-1.39
-2.719,-1.607
-2.753,-1.757
-2.912,-1.524
-2.855,-0.786
-2.922,-1.343
-3.008,-2.028
-3.127,-0.511
3.126,0.146
3.138,-0.695
3.109,1.117
3.133,0.184
3.078,0.573
3.057,1.032
3.001,-2.732
3.065,-0.218
3.016,1.087
2.981,0.478
2.947,-1.998
2.825,0.086
2.884,0.928
2.858,0.51
2.782,-2.135
1.823,-2.781
1.144,-2.746
1.117,-2.806
0.694,-3.066
0.648,-2.875
0.366,-3.171
0.362,-3.069
0.209,-2.794
-0.054,-2.821
-0.533,-3.08
-0.535,-2.817
-0.887,-3.251
-0.916,-3.02
-1.157,-2.995
-1.583,-3.18
-1.75,-2.921
-2.312,-2.899
-2.397,-2.831
-2.983,-2.853
-2.959,-2.918
2.88,-2.728
2.629,1.268
2.385,1.48
2.142,1.252
1.306,1.439
1.041,1.4
0.844,1.38
0.772,1.308
0.65,1.542
0.438,1.586
0.274,1.371
0.242,1.272
-0.105,1.593
-2.043,1.521
-1.994,1.363
-2.164,1.571
-2.192,1.567
-2.271,1.545
-2.468,1.228
-3.003,1.532
3.037,1.642
2.897,1.314
0.983,-2.542
0.427,0.973
0.097,-2.314
-0.349,1.132
-2.229,0.862
-2.225,-1.237
-2.274,1.015
-2.984,-2.414
3.057,0.522
3.139,0.25
2.125,-2.909
-1.189,-3.204
-2.867,-3.137
1.132,1.251
-2.491,1.527
2.577,-2.468
2.545,-1.028
2.505,0.799
2.387,-1.452
2.533,-2.522
2.378,-0.73
2.284,-1.156
2.273,0.702
2.089,-2.707
2.032,-1.075
2.108,-0.177
2.09,0.987
1.846,-0.135
1.682,-0.077
1.799,-2.753
1.791,-1.382
1.793,-1.384
1.748,-1.969
1.778,1.092
1.683,-2.404
1.529,-0.729
1.493,-1.419
1.471,-1.199
1.533,-2.469
1.38,-1.005
1.456,-0.371
1.442,-1.346
1.31,-0.941
1.19,-0.004
0.931,-1.785
1.078,-1.085
0.866,0.968
0.839,-2.571
0.804,0.777
0.856,-0.298
0.694,-1.018
0.69,-2.69
0.799,-0.012
0.666,0.31
0.636,-0.549
0.635,-0.998
0.606,-1.767
0.701,-1.632
0.713,1.042
0.59,-1.284
0.668,-2.074
0.537,0.879
0.522,-0.413
0.476,-2.076
0.494,-2.585
0.294,-2.623
0.236,-2.509
0.234,0.571
0.34,1.031
0.263,-0.734
0.246,-0.647
0.167,-0.865
0.193,-2.569
0.022,-1.296
-0.018,0.907
-0.157,-2.417
-0.136,0.039
-0.178,0.984
-0.05,-2.036
-0.351,-1.703
-0.215,-2.682
-0.352,-2.679
-0.346,-0.055
-0.414,-0.702
-0.417,-1.749
-0.66,-1.754
-0.506,0.981
-0.676,0.11
-0.687,1.167
-0.556,-2.427
-0.715,-1.234
-0.743,-2.409
-0.928,0.768
-0.935,-1.622
-0.914,-0.618
-0.891,-0.01
-0.894,-0.343
-1.057,-0.63
-0.967,-0.775
-1.092,-1.63
-1.075,0.019
-1.291,0.665
-1.365,1.173
-1.307,0.948
-1.448,-2.264
-1.404,0.692
-1.583,-2.489
-1.75,-0.377
-1.825,0.303
-1.838,-2.643
-1.806,-2.529
-1.805,1.195
-1.863,-0.638
-2.03,-0.11
-2.06,-2.591
-2.194,-1.498
-2.383,-0.91
-2.357,-2.817
-2.417,-2.817
-2.311,-0.263
-2.344,-0.829
-2.329,-0.138
-2.873,-1.85
-2.881,-1.625
-3.028,-0.629
-3.004,-1.795
-3.122,-1.709
-3.03,-0.044
3.101,-0.764
-3.071,-1.103
-3.071,-0.203
3.074,-1.34
-3.138,-1.008
2.946,-0.024
3.06,-2.444
2.843,-2.65
2.186,-2.817
2.303,-2.858
2.1,-2.763
1.641,-3.096
1.669,-3.167
1.406,-3.015
1.486,-2.818
1.374,-2.855
0.692,-3.026
0.758,-2.774
0.784,-2.892
0.447,-2.885
0.285,-3.124
-0.522,-2.985
-0.517,-3.194
-0.78,-2.968
-0.786,-2.989
-2.91,-3.082
2.888,-2.913
2.833,1.332
2.658,1.563
1.859,1.618
1.551,1.395
0.892,1.298
0.692,1.256
-0.312,1.384
-0.33,1.292
-0.447,1.3
-0.872,1.427
-1.275,1.296
-1.949,1.471
-2.406,1.325
-2.668,1.309
1.944,-0.662
1.56,-0.661
0.715,-1.286
-1.351,-0.661
-1.533,-0.045
-2.253,0.705
-2.522,0.918
-3.114,-2.195
-1.075,-0.352
-1.762,0.011
-2.644,-0.057
-2.661,0.827
-2.657,0.261
-2.721,0.828
-2.712,-0.739
-2.74,0.668
-2.824,0.053
-2.862,0.086
-2.942,-0.596
-2.974,0.626
-2.898,0.735
-3.03,-0.172
-3.122,-0.605
1.241,-1.556
-0.05,-0.427
-2.704,-1.952
-3.13,-0.495
2.897,-0.438
1.171,-2.787
1.053,-2.657
-0.392,-2.54
0.621,1.147
1.24,-2.726
0.641,-2.902
0.035,-0.838
-0.014,0.112
-0.065,-0.539
-0.085,-1.667
-0.037,0.307
-0.057,-0.178
-0.137,-1.809
-0.179,0.473
-0.133,-1.608
-0.132,1.584
-0.234,1.327
-0.282,0.655
-0.351,1.031
-0.416,1.197
-0.357,0.873
-0.406,-0.685
-0.417,1.302
-0.548,0.976
-0.552,1.86
-0.504,-0.12
-0.605,2.079
-0.69,-0.153
-0.737,-0.889
-0.748,-1.592
-0.742,1.106
-0.79,0.909
-0.751,1.375
-0.799,1.537
-0.935,0.029
-0.884,-0.243
-0.881,0.912
-0.995,-1.753
-0.952,-1.301
-1.046,0.285
-0.972,1.65
-1.066,0.374
-1.032,-1.814
-1.078,1.213
-1.014,1.561
-1.089,0.666
-1.099,0.884
-1.126,-1.946
-1.187,0.482
-1.163,-1.767
-1.187,2.018
-1.277,-0.991
-1.421,0.34
-1.378,-0.36
-1.464,1.67
-1.507,0.245
-1.489,-0.758
-1.603,0.687
-1.603,-1.28
-1.672,-0.217
-1.739,1.711
-1.824,1.947
-1.927,0.06
-1.918,-1.239
-1.935,0.498
-2.024,-0.785
-2.083,-0.515
-2.121,-1.231
-2.144,-0.587
-2.07,0.231
-2.083,0.148
-2.179,1.102
-2.141,-0.29
-2.21,1.081
-2.245,0.291
-2.24,1.287
-2.3,0.0
-2.25,1.708
-2.252,-1.84
-2.346,-0.037
-2.298,1.449
-2.312,-0.675
-2.286,1.618
-2.36,1.365
-2.353,-0.083
-2.365,1.223
-2.349,-0.125
-2.416,1.22
-2.359,0.013
-2.467,1.951
-2.402,-0.024
-2.402,-1.815
-2.468,1.259
-2.508,0.698
-2.546,-0.685
-2.495,1.448
-2.498,0.923
-2.501,-0.498
-2.612,0.156
-2.553,-0.448
-2.544,-0.533
-2.64,-0.75
-2.674,-0.9
-2.833,-0.667
-2.776,0.071
-2.843,-0.486
-2.929,-1.171
-3.048,0.346
-3.078,1.003
-3.066,0.162
-3.095,1.974
-3.071,1.041
-3.126,1.43
3.136,1.889
3.08,-1.875
-3.139,0.639
3.095,1.944
3.06,1.335
3.026,-1.141
2.904,0.943
2.963,1.785
2.937,1.367
2.861,-1.278
1.902,-1.924
1.223,-1.889
1.196,-1.949
0.773,-2.209
0.727,-2.018
0.445,-2.314
0.441,-2.212
0.288,-1.937
0.025,-1.964
-0.454,-2.223
-0.456,-1.96
-0.808,-2.394
-0.837,-2.163
-1.078,-2.138
-1.504,-2.323
-1.671,-2.064
-2.233,-2.042
-2.318,-1.974
-2.904,-1.996
-2.88,-2.061
2.959,-1.871
2.708,2.125
2.464,2.337
2.221,2.109
1.385,2.296
1.12,2.257
0.923,2.237
0.851,2.165
0.729,2.399
0.517,2.443
0.353,2.228
0.321,2.129
-0.026,2.45
-1.964,2.378
-1.915,2.22
-2.085,2.428
-2.113,2.424
-2.192,2.402
-2.389,2.085
-2.924,2.389
3.116,2.499
2.976,2.171
1.062,-1.685
0.506,1.83
0.176,-1.457
-0.27,1.989
-2.15,1.719
-2.146,-0.38
-2.195,1.872
-2.905,-1.557
3.136,1.379
-3.065,1.107
2.204,-2.052
-1.11,-2.347
-2.788,-2.28
1.211,2.108
-2.412,2.384
2.656,-1.611
2.624,-0.171
2.584,1.656
2.466,-0.595
2.612,-1.665
2.457,0.127
2.363,-0.299
2.352,1.559
2.168,-1.85
2.111,-0.218
2.187,0.68
2.169,1.844
1.925,0.722
1.761,0.78
1.878,-1.896
1.87,-0.525
1.872,-0.527
1.827,-1.112
1.857,1.949
1.762,-1.547
1.608,0.128
1.572,-0.562
1.55,-0.342
1.612,-1.612
1.459,-0.148
1.535,0.486
1.521,-0.489
1.389,-0.084
1.269,0.853
1.01,-0.928
1.157,-0.228
0.945,1.825
0.918,-1.714
0.883,1.634
0.935,0.559
0.773,-0.161
0.769,-1.833
0.878,0.845
0.745,1.167
0.715,0.308
0.714,-0.141
0.685,-0.91
0.78,-0.775
0.792,1.899
0.669,-0.427
0.747,-1.217
0.616,1.736
0.601,0.444
0.555,-1.219
0.573,-1.728
0.373,-1.766
0.315,-1.652
0.313,1.428
0.419,1.888
0.342,0.123
0.325,0.21
0.246,-0.008
0.272,-1.712
0.101,-0.439
0.061,1.764
-0.078,-1.56
-0.057,0.896
-0.099,1.841
0.029,-1.179
-0.272,-0.846
-0.136,-1.825
-0.273,-1.822
-0.267,0.802
-0.335,0.155
-0.338,-0.892
-0.581,-0.897
-0.427,1.838
-0.597,0.967
-0.608,2.024
-0.477,-1.57
-0.636,-0.377
-0.664,-1.552
-0.849,1.625
-0.856,-0.765
-0.835,0.239
-0.812,0.847
-0.815,0.514
-0.978,0.227
-0.888,0.082
-1.013,-0.773
-0.996,0.876
-1.212,1.522
-1.286,2.03
-1.228,1.805
-1.369,-1.407
-1.325,1.549
-1.504,-1.632
-1.671,0.48
-1.746,1.16
-1.759,-1.786
-1.727,-1.672
-1.726,2.052
-1.784,0.219
-1.951,0.747
-1.981,-1.734
-2.115,-0.641
-2.304,-0.053
-2.278,-1.96
-2.338,-1.96
-2.232,0.594
-2.265,0.028
-2.25,0.719
-2.794,-0.993
-2.802,-0.768
-2.949,0.228
-2.925,-0.938
-3.043,-0.852
-2.951,0.813
-3.103,0.093
-2.992,-0.246
-2.992,0.654
-3.13,-0.483
-3.059,-0.151
3.025,0.833
3.139,-1.587
2.922,-1.793
2.265,-1.96
2.382,-2.001
2.179,-1.906
1.72,-2.239
1.748,-2.31
1.485,-2.158
1.565,-1.961
1.453,-1.998
0.771,-2.169
0.837,-1.917
0.863,-2.035
0.526,-2.028
0.364,-2.267
-0.443,-2.128
-0.438,-2.337
-0.701,-2.111
-0.707,-2.132
-2.831,-2.225
2.967,-2.056
2.912,2.189
2.737,2.42
1.938,2.475
1.63,2.252
0.971,2.155
0.771,2.113
-0.233,2.241
-0.251,2.149
-0.368,2.157
-0.793,2.284
-1.196,2.153
-1.87,2.328
-2.327,2.182
-2.589,2.166
2.023,0.195
1.639,0.196
0.794,-0.429
-1.272,0.196
-1.454,0.812
-2.174,1.562
-2.443,1.775
-3.035,-1.338
-0.996,0.505
-1.683,0.868
-2.565,0.8
-2.582,1.684
-2.578,1.118
-2.642,1.685
-2.633,0.118
-2.661,1.525
-2.745,0.91
-2.783,0.943
-2.863,0.261
-2.895,1.483
-2.819,1.592
-2.951,0.685
-3.043,0.252
1.32,-0.699
0.029,0.43
-2.625,-1.095
-3.051,0.362
2.976,0.419
1.25,-1.93
1.132,-1.8
-0.313,-1.683
0.7,2.004
1.319,-1.869
0.72,-2.045
-0.049,0.95
-0.1,0.299
-0.12,-0.829
-0.072,1.145
-0.092,0.66
-0.172,-0.971
-0.214,1.311
-0.168,-0.77
-0.167,2.422
-0.269,2.165
-0.317,1.493
-0.386,1.869
-0.451,2.035
-0.392,1.711
-0.441,0.153
-0.452,2.14
-0.583,1.814
-0.587,2.698
-0.539,0.718
-0.64,2.917
-0.725,0.685
-0.772,-0.051
-0.783,-0.754
-0.777,1.944
-0.825,1.747
-0.786,2.213
-0.834,2.375
-0.97,0.867
-0.919,0.595
-0.916,1.75
-1.03,-0.915
-0.987,-0.463
-1.081,1.123
-1.007,2.488
-1.101,1.212
-1.067,-0.976
-1.113,2.051
-1.049,2.399
-1.124,1.504
-1.134,1.722
-1.161,-1.108
-1.222,1.32
-1.198,-0.929
-1.222,2.856
-1.312,-0.153
-1.456,1.178
-1.413,0.478
-1.499,2.508
-1.542,1.083
-1.524,0.08
-1.638,1.525
-1.638,-0.442
-1.707,0.621
-1.774,2.549
-1.859,2.785
-1.962,0.898
-1.953,-0.401
-1.97,1.336
-2.059,0.053
-2.118,0.323
-2.156,-0.393
-2.179,0.251
-2.105,1.069
-2.118,0.986
-2.214,1.94
-2.176,0.548
-2.245,1.919
-2.28,1.129
-2.275,2.125
-2.335,0.838
-2.285,2.546
-2.287,-1.002
-2.381,0.801
-2.333,2.287
-2.347,0.163
-2.321,2.456
-2.395,2.203
-2.388,0.755
-2.4,2.061
-2.384,0.713
-2.451,2.058
-2.394,0.851
-2.502,2.789
-2.437,0.814
-2.437,-0.977
-2.503,2.097
-2.543,1.536
-2.581,0.153
-2.53,2.286
-2.533,1.761
-2.536,0.34
-2.647,0.994
-2.588,0.39
-2.579,0.305
-2.675,0.088
-2.709,-0.062
-2.868,0.171
-2.811,0.909
-2.878,0.352
-2.964,-0.333
-3.083,1.184
-3.113,1.841
-3.101,1.0
-3.13,2.812
-3.106,1.879
3.122,2.268
3.101,2.727
3.045,-1.037
3.109,1.477
3.06,2.782
3.025,2.173
2.991,-0.303
2.869,1.781
2.928,2.623
2.902,2.205
2.826,-0.44
1.867,-1.086
1.188,-1.051
1.161,-1.111
0.738,-1.371
0.692,-1.18
0.41,-1.476
0.406,-1.374
0.253,-1.099
-0.01,-1.126
-0.489,-1.385
-0.491,-1.122
-0.843,-1.556
-0.872,-1.325
-1.113,-1.3
-1.539,-1.485
-1.706,-1.226
-2.268,-1.204
-2.353,-1.136
-2.939,-1.158
-2.915,-1.223
2.924,-1.033
2.673,2.963
2.429,3.175
2.186,2.947
1.35,3.134
1.085,3.095
0.888,3.075
0.816,3.003
0.694,3.237
0.482,3.281
0.318,3.066
0.286,2.967
-0.061,3.288
-1.999,3.216
-1.95,3.058
-2.12,3.266
-2.148,3.262
-2.227,3.24
-2.424,2.923
-2.959,3.227
3.081,3.337
2.941,3.009
1.027,-0.847
0.471,2.668
0.141,-0.619
-0.305,2.827
-2.185,2.557
-2.181,0.458
-2.23,2.71
-2.94,-0.719
3.101,2.217
-3.1,1.945
2.169,-1.214
-1.145,-1.509
-2.823,-1.442
1.176,2.946
-2.447,3.222
2.621,-0.773
2.589,0.667
2.549,2.494
2.431,0.243
2.577,-0.827
2.422,0.965
2.328,0.539
2.317,2.397
2.133,-1.012
2.076,0.62
2.152,1.518
2.134,2.682
1.89,1.56
1.726,1.618
1.843,-1.058
1.835,0.313
1.837,0.311
1.792,-0.274
1.822,2.787
1.727,-0.709
1.573,0.966
1.537,0.276
1.515,0.496
1.577,-0.774
1.424,0.69
1.5,1.324
1.486,0.349
1.354,0.754
1.234,1.691
0.975,-0.09
1.122,0.61
0.91,2.663
0.883,-0.876
0.848,2.472
0.9,1.397
0.738,0.677
0.734,-0.995
0.843,1.683
0.71,2.005
0.68,1.146
0.679,0.697
0.65,-0.072
0.745,0.063
0.757,2.737
0.634,0.411
0.712,-0.379
0.581,2.574
0.566,1.282
0.52,-0.381
0.538,-0.89
0.338,-0.928
0.28,-0.814
0.278,2.266
0.384,2.726
0.307,0.961
0.29,1.048
0.211,0.83
0.237,-0.874
0.066,0.399
0.026,2.602
-0.113,-0.722
-0.092,1.734
-0.134,2.679
-0.006,-0.341
-0.307,-0.008
-0.171,-0.987
-0.308,-0.984
-0.302,1.64
-0.37,0.993
-0.373,-0.054
-0.616,-0.059
-0.462,2.676
-0.632,1.805
-0.643,2.862
-0.512,-0.732
-0.671,0.461
-0.699,-0.714
-0.884,2.463
-0.891,0.073
-0.87,1.077
-0.847,1.685
-0.85,1.352
-1.013,1.065
-0.923,0.92
-1.048,0.065
-1.031,1.714
-1.247,2.36
-1.321,2.868
-1.263,2.643
-1.404,-0.569
-1.36,2.387
-1.539,-0.794
-1.706,1.318
-1.781,1.998
-1.794,-0.948
-1.762,-0.834
-1.761,2.89
-1.819,1.057
-1.986,1.585
-2.016,-0.896
-2.15,0.197
-2.339,0.785
-2.313,-1.122
-2.373,-1.122
-2.267,1.432
-2.3,0.866
-2.285,1.557
-2.829,-0.155
-2.837,0.07
-2.984,1.066
-2.96,-0.1
-3.078,-0.014
-2.986,1.651
-3.138,0.931
-3.027,0.592
-3.027,1.492
3.118,0.355
-3.094,0.687
2.99,1.671
3.104,-0.749
2.887,-0.955
2.23,-1.122
2.347,-1.163
2.144,-1.068
1.685,-1.401
1.713,-1.472
1.45,-1.32
1.53,-1.123
1.418,-1.16
0.736,-1.331
0.802,-1.079
0.828,-1.197
0.491,-1.19
0.329,-1.429
-0.478,-1.29
-0.473,-1.499
-0.736,-1.273
-0.742,-1.294
-2.866,-1.387
2.932,-1.218
2.877,3.027
2.702,3.258
1.903,3.313
1.595,3.09
0.936,2.993
0.736,2.951
-0.268,3.079
-0.286,2.987
-0.403,2.995
-0.828,3.122
-1.231,2.991
-1.905,3.166
-2.362,3.02
-2.624,3.004
1.988,1.033
1.604,1.034
0.759,0.409
-1.307,1.034
-1.489,1.65
-2.209,2.4
-2.478,2.613
-3.07,-0.5
-1.031,1.343
-1.718,1.706
-2.6,1.638
-2.617,2.522
-2.613,1.956
-2.677,2.523
-2.668,0.956
-2.696,2.363
-2.78,1.748
-2.818,1.781
-2.898,1.099
-2.93,2.321
-2.854,2.43
-2.986,1.523
-3.078,1.09
1.285,0.139
-0.006,1.268
-2.66,-0.257
-3.086,1.2
2.941,1.257
1.215,-1.092
1.097,-0.962
-0.348,-0.845
0.665,2.842
1.284,-1.031
0.685,-1.207
-0.051,-0.651
-0.071,-1.779
-0.023,0.195
-0.043,-0.29
-0.123,-1.921
-0.165,0.361
-0.119,-1.72
-0.118,1.472
-0.22,1.215
-0.268,0.543
-0.337,0.919
-0.402,1.085
-0.343,0.761
-0.392,-0.797
-0.403,1.19
-0.534,0.864
-0.538,1.748
-0.49,-0.232
-0.591,1.967
-0.676,-0.265
-0.723,-1.001
-0.734,-1.704
-0.728,0.994
-0.776,0.797
-0.737,1.263
-0.785,1.425
-0.921,-0.083
-0.87,-0.355
-0.867,0.8
-0.981,-1.865
-0.938,-1.413
-1.032,0.173
-0.958,1.538
-1.052,0.262
-1.018,-1.926
-1.064,1.101
-1.0,1.449
-1.075,0.554
-1.085,0.772
-1.112,-2.058
-1.173,0.37
-1.149,-1.879
-1.173,1.906
-1.263,-1.103
-1.407,0.228
-1.364,-0.472
-1.45,1.558
-1.493,0.133
-1.475,-0.87
-1.589,0.575
-1.589,-1.392
-1.658,-0.329
-1.725,1.599
-1.81,1.835
-1.913,-0.052
-1.904,-1.351
-1.921,0.386
-2.01,-0.897
-2.069,-0.627
-2.107,-1.343
-2.13,-0.699
-2.056,0.119
-2.069,0.036
-2.165,0.99
-2.127,-0.402
-2.196,0.969
-2.231,0.179
-2.226,1.175
-2.286,-0.112
-2.236,1.596
-2.238,-1.952
-2.332,-0.149
-2.284,1.337
-2.298,-0.787
-2.272,1.506
-2.346,1.253
-2.339,-0.195
-2.351,1.111
-2.335,-0.237
-2.402,1.108
-2.345,-0.099
-2.453,1.839
-2.388,-0.136
-2.388,-1.927
-2.454,1.147
-2.494,0.586
-2.532,-0.797
-2.481,1.336
-2.484,0.811
-2.487,-0.61
-2.598,0.044
-2.539,-0.56
-2.53,-0.645
-2.626,-0.862
-2.66,-1.012
-2.819,-0.779
-2.762,-0.041
-2.829,-0.598
-2.915,-1.283
-3.034,0.234
-3.064,0.891
-3.052,0.05
-3.081,1.862
-3.057,0.929
-3.112,1.318
-3.133,1.777
3.094,-1.987
-3.125,0.527
3.109,1.832
3.074,1.223
3.04,-1.253
2.918,0.831
2.977,1.673
2.951,1.255
2.875,-1.39
1.916,-2.036
1.237,-2.001
1.21,-2.061
0.787,-2.321
0.741,-2.13
0.459,-2.426
0.455,-2.324
0.302,-2.049
0.039,-2.076
-0.44,-2.335
-0.442,-2.072
-0.794,-2.506
-0.823,-2.275
-1.064,-2.25
-1.49,-2.435
-1.657,-2.176
-2.219,-2.154
-2.304,-2.086
-2.89,-2.108
-2.866,-2.173
2.973,-1.983
2.722,2.013
2.478,2.225
2.235,1.997
1.399,2.184
1.134,2.145
0.937,2.125
0.865,2.053
0.743,2.287
0.531,2.331
0.367,2.116
0.335,2.017
-0.012,2.338
-1.95,2.266
-1.901,2.108
-2.071,2.316
-2.099,2.312
-2.178,2.29
-2.375,1.973
-2.91,2.277
3.13,2.387
2.99,2.059
1.076,-1.797
0.52,1.718
0.19,-1.569
-0.256,1.877
-2.136,1.607
-2.132,-0.492
-2.181,1.76
-2.891,-1.669
-3.133,1.267
-3.051,0.995
2.218,-2.164
-1.096,-2.459
-2.774,-2.392
1.225,1.996
-2.398,2.272
2.67,-1.723
2.638,-0.283
2.598,1.544
2.48,-0.707
2.626,-1.777
2.471,0.015
2.377,-0.411
2.366,1.447
2.182,-1.962
2.125,-0.33
2.201,0.568
2.183,1.732
1.939,0.61
1.775,0.668
1.892,-2.008
1.884,-0.637
1.886,-0.639
1.841,-1.224
1.871,1.837
1.776,-1.659
1.622,0.016
1.586,-0.674
1.564,-0.454
1.626,-1.724
1.473,-0.26
1.549,0.374
1.535,-0.601
1.403,-0.196
1.283,0.741
1.024,-1.04
1.171,-0.34
0.959,1.713
0.932,-1.826
0.897,1.522
0.949,0.447
0.787,-0.273
0.783,-1.945
0.892,0.733
0.759,1.055
0.729,0.196
0.728,-0.253
0.699,-1.022
0.794,-0.887
0.806,1.787
0.683,-0.539
0.761,-1.329
0.63,1.624
0.615,0.332
0.569,-1.331
0.587,-1.84
0.387,-1.878
0.329,-1.764
0.327,1.316
0.433,1.776
0.356,0.011
0.339,0.098
0.26,-0.12
0.286,-1.824
0.115,-0.551
0.075,1.652
-0.064,-1.672
-0.043,0.784
-0.085,1.729
0.043,-1.291
-0.258,-0.958
-0.122,-1.937
-0.259,-1.934
-0.253,0.69
-0.321,0.043
-0.324,-1.004
-0.567,-1.009
-0.413,1.726
-0.583,0.855
-0.594,1.912
-0.463,-1.682
-0.622,-0.489
-0.65,-1.664
-0.835,1.513
-0.842,-0.877
-0.821,0.127
-0.798,0.735
-0.801,0.402
-0.964,0.115
-0.874,-0.03
-0.999,-0.885
-0.982,0.764
-1.198,1.41
-1.272,1.918
-1.214,1.693
-1.355,-1.519
-1.311,1.437
-1.49,-1.744
-1.657,0.368
-1.732,1.048
-1.745,-1.898
-1.713,-1.784
-1.712,1.94
-1.77,0.107
-1.937,0.635
-1.967,-1.846
-2.101,-0.753
-2.29,-0.165
-2.264,-2.072
-2.324,-2.072
-2.218,0.482
-2.251,-0.084
-2.236,0.607
-2.78,-1.105
-2.788,-0.88
-2.935,0.116
-2.911,-1.05
-3.029,-0.964
-2.937,0.701
-3.089,-0.019
-2.978,-0.358
-2.978,0.542
-3.116,-0.595
-3.045,-0.263
3.039,0.721
-3.13,-1.699
2.936,-1.905
2.279,-2.072
2.396,-2.113
2.193,-2.018
1.734,-2.351
1.762,-2.422
1.499,-2.27
1.579,-2.073
1.467,-2.11
0.785,-2.281
0.851,-2.029
0.877,-2.147
0.54,-2.14
0.378,-2.379
-0.429,-2.24
-0.424,-2.449
-0.687,-2.223
-0.693,-2.244
-2.817,-2.337
2.981,-2.168
2.926,2.077
2.751,2.308
1.952,2.363
1.644,2.14
0.985,2.043
0.785,2.001
-0.219,2.129
-0.237,2.037
-0.354,2.045
-0.779,2.172
-1.182,2.041
-1.856,2.216
-2.313,2.07
-2.575,2.054
2.037,0.083
1.653,0.084
0.808,-0.541
-1.258,0.084
-1.44,0.7
-2.16,1.45
-2.429,1.663
-3.021,-1.45
-0.982,0.393
-1.669,0.756
-2.551,0.688
-2.568,1.572
-2.564,1.006
-2.628,1.573
-2.619,0.006
-2.647,1.413
-2.731,0.798
-2.769,0.831
-2.849,0.149
-2.881,1.371
-2.805,1.48
-2.937,0.573
-3.029,0.14
1.334,-0.811
0.043,0.318
-2.611,-1.207
-3.037,0.25
2.99,0.307
1.264,-2.042
1.146,-1.912
-0.299,-1.795
0.714,1.892
1.333,-1.981
0.734,-2.157
-0.02,-1.128
0.028,0.846
0.008,0.361
-0.072,-1.27
-0.114,1.012
-0.068,-1.069
-0.067,2.123
-0.169,1.866
-0.217,1.194
-0.286,1.57
-0.351,1.736
-0.292,1.412
-0.341,-0.146
-0.352,1.841
-0.483,1.515
-0.487,2.399
-0.439,0.419
-0.54,2.618
-0.625,0.386
-0.672,-0.35
-0.683,-1.053
-0.677,1.645
-0.725,1.448
-0.686,1.914
-0.734,2.076
-0.87,0.568
-0.819,0.296
-0.816,1.451
-0.93,-1.214
-0.887,-0.762
-0.981,0.824
-0.907,2.189
-1.001,0.913
-0.967,-1.275
-1.013,1.752
-0.949,2.1
-1.024,1.205
-1.034,1.423
-1.061,-1.407
-1.122,1.021
-1.098,-1.228
-1.122,2.557
-1.212,-0.452
-1.356,0.879
-1.313,0.179
-1.399,2.209
-1.442,0.784
-1.424,-0.219
-1.538,1.226
-1.538,-0.741
-1.607,0.322
-1.674,2.25
-1.759,2.486
-1.862,0.599
-1.853,-0.7
-1.87,1.037
-1.959,-0.246
-2.018,0.024
-2.056,-0.692
-2.079,-0.048
-2.005,0.77
-2.018,0.687
-2.114,1.641
-2.076,0.249
-2.145,1.62
-2.18,0.83
-2.175,1.826
-2.235,0.539
-2.185,2.247
-2.187,-1.301
-2.281,0.502
-2.233,1.988
-2.247,-0.136
-2.221,2.157
-2.295,1.904
-2.288,0.456
-2.3,1.762
-2.284,0.414
-2.351,1.759
-2.294,0.552
-2.402,2.49
-2.337,0.515
-2.337,-1.276
-2.403,1.798
-2.443,1.237
-2.481,-0.146
-2.43,1.987
-2.433,1.462
-2.436,0.041
-2.547,0.695
-2.488,0.091
-2.479,0.006
-2.575,-0.211
-2.609,-0.361
-2.768,-0.128
-2.711,0.61
-2.778,0.053
-2.864,-0.632
-2.983,0.885
-3.013,1.542
-3.001,0.701
-3.03,2.513
-3.006,1.58
-3.061,1.969
-3.082,2.428
-3.138,-1.336
-3.074,1.178
-3.123,2.483
3.125,1.874
3.091,-0.602
2.969,1.482
3.028,2.324
3.002,1.906
2.926,-0.739
1.967,-1.385
1.288,-1.35
1.261,-1.41
0.838,-1.67
0.792,-1.479
0.51,-1.775
0.506,-1.673
0.353,-1.398
0.09,-1.425
-0.389,-1.684
-0.391,-1.421
-0.743,-1.855
-0.772,-1.624
-1.013,-1.599
-1.439,-1.784
-1.606,-1.525
-2.168,-1.503
-2.253,-1.435
-2.839,-1.457
-2.815,-1.522
3.024,-1.332
2.773,2.664
2.529,2.876
2.286,2.648
1.45,2.835
1.185,2.796
0.988,2.776
0.916,2.704
0.794,2.938
0.582,2.982
0.418,2.767
0.386,2.668
0.039,2.989
-1.899,2.917
-1.85,2.759
-2.02,2.967
-2.048,2.963
-2.127,2.941
-2.324,2.624
-2.859,2.928
-3.102,3.038
3.041,2.71
1.127,-1.146
0.571,2.369
0.241,-0.918
-0.205,2.528
-2.085,2.258
-2.081,0.159
-2.13,2.411
-2.84,-1.018
-3.082,1.918
-3.0,1.646
2.269,-1.513
-1.045,-1.808
-2.723,-1.741
1.276,2.647
-2.347,2.923
2.721,-1.072
2.689,0.368
2.649,2.195
2.531,-0.056
2.677,-1.126
2.522,0.666
2.428,0.24
2.417,2.098
2.233,-1.311
2.176,0.321
2.252,1.219
2.234,2.383
1.99,1.261
1.826,1.319
1.943,-1.357
1.935,0.014
1.937,0.012
1.892,-0.573
1.922,2.488
1.827,-1.008
1.673,0.667
1.637,-0.023
1.615,0.197
1.677,-1.073
1.524,0.391
1.6,1.025
1.586,0.05
1.454,0.455
1.334,1.392
1.075,-0.389
1.222,0.311
1.01,2.364
0.983,-1.175
0.948,2.173
1.0,1.098
0.838,0.378
0.834,-1.294
0.943,1.384
0.81,1.706
0.78,0.847
0.779,0.398
0.75,-0.371
0.845,-0.236
0.857,2.438
0.734,0.112
0.812,-0.678
0.681,2.275
0.666,0.983
0.62,-0.68
0.638,-1.189
0.438,-1.227
0.38,-1.113
0.378,1.967
0.484,2.427
0.407,0.662
0.39,0.749
0.311,0.531
0.337,-1.173
0.166,0.1
0.126,2.303
-0.013,-1.021
0.008,1.435
-0.034,2.38
0.094,-0.64
-0.207,-0.307
-0.071,-1.286
-0.208,-1.283
-0.202,1.341
-0.27,0.694
-0.273,-0.353
-0.516,-0.358
-0.362,2.377
-0.532,1.506
-0.543,2.563
-0.412,-1.031
-0.571,0.162
-0.599,-1.013
-0.784,2.164
-0.791,-0.226
-0.77,0.778
-0.747,1.386
-0.75,1.053
-0.913,0.766
-0.823,0.621
-0.948,-0.234
-0.931,1.415
-1.147,2.061
-1.221,2.569
-1.163,2.344
-1.304,-0.868
-1.26,2.088
-1.439,-1.093
-1.606,1.019
-1.681,1.699
-1.694,-1.247
-1.662,-1.133
-1.661,2.591
-1.719,0.758
-1.886,1.286
-1.916,-1.195
-2.05,-0.102
-2.239,0.486
-2.213,-1.421
-2.273,-1.421
-2.167,1.133
-2.2,0.567
-2.185,1.258
-2.729,-0.454
-2.737,-0.229
-2.884,0.767
-2.86,-0.399
-2.978,-0.313
-2.886,1.352
-3.038,0.632
-2.927,0.293
-2.927,1.193
-3.065,0.056
-2.994,0.388
3.09,1.372
-3.079,-1.048
2.987,-1.254
2.33,-1.421
2.447,-1.462
2.244,-1.367
1.785,-1.7
1.813,-1.771
1.55,-1.619
1.63,-1.422
1.518,-1.459
0.836,-1.63
0.902,-1.378
0.928,-1.496
0.591,-1.489
0.429,-1.728
-0.378,-1.589
-0.373,-1.798
-0.636,-1.572
-0.642,-1.593
-2.766,-1.686
3.032,-1.517
2.977,2.728
2.802,2.959
2.003,3.014
1.695,2.791
1.036,2.694
0.836,2.652
-0.168,2.78
-0.186,2.688
-0.303,2.696
-0.728,2.823
-1.131,2.692
-1.805,2.867
-2.262,2.721
-2.524,2.705
2.088,0.734
1.704,0.735
0.859,0.11
-1.207,0.735
-1.389,1.351
-2.109,2.101
-2.378,2.314
-2.97,-0.799
-0.931,1.044
-1.618,1.407
-2.5,1.339
-2.517,2.223
-2.513,1.657
-2.577,2.224
-2.568,0.657
-2.596,2.064
-2.68,1.449
-2.718,1.482
-2.798,0.8
-2.83,2.022
-2.754,2.131
-2.886,1.224
-2.978,0.791
1.385,-0.16
0.094,0.969
-2.56,-0.556
-2.986,0.901
3.041,0.958
1.315,-1.391
1.197,-1.261
-0.248,-1.144
0.765,2.543
1.384,-1.33
0.785,-1.506
0.048,1.974
0.028,1.489
-0.052,-0.142
-0.094,2.14
-0.048,0.059
-0.047,3.251
-0.149,2.994
-0.197,2.322
-0.266,2.698
-0.331,2.864
-0.272,2.54
-0.321,0.982
-0.332,2.969
-0.463,2.643
-0.467,3.527
-0.419,1.547
-0.52,3.746
-0.605,1.514
-0.652,0.778
-0.663,0.075
-0.657,2.773
-0.705,2.576
-0.666,3.042
-0.714,3.204
-0.85,1.696
-0.799,1.424
-0.796,2.579
-0.91,-0.086
-0.867,0.366
-0.961,1.952
-0.887,3.317
-0.981,2.041
-0.947,-0.147
-0.993,2.88
-0.929,3.228
-1.004,2.333
-1.014,2.551
-1.041,-0.279
-1.102,2.149
-1.078,-0.1
-1.102,3.685
-1.192,0.676
-1.336,2.007
-1.293,1.307
-1.379,3.337
-1.422,1.912
-1.404,0.909
-1.518,2.354
-1.518,0.387
-1.587,1.45
-1.654,3.378
-1.739,3.614
-1.842,1.727
-1.833,0.428
-1.85,2.165
-1.939,0.882
-1.998,1.152
-2.036,0.436
-2.059,1.08
-1.985,1.898
-1.998,1.815
-2.094,2.769
-2.056,1.377
-2.125,2.748
-2.16,1.958
-2.155,2.954
-2.215,1.667
-2.165,3.375
-2.167,-0.173
-2.261,1.63
-2.213,3.116
-2.227,0.992
-2.201,3.285
-2.275,3.032
-2.268,1.584
-2.28,2.89
-2.264,1.542
-2.331,2.887
-2.274,1.68
-2.382,3.618
-2.317,1.643
-2.317,-0.148
-2.383,2.926
-2.423,2.365
-2.461,0.982
-2.41,3.115
-2.413,2.59
-2.416,1.169
-2.527,1.823
-2.468,1.219
-2.459,1.134
-2.555,0.917
-2.589,0.767
-2.748,1.0
-2.691,1.738
-2.758,1.181
-2.844,0.496
-2.963,2.013
-2.993,2.67
-2.981,1.829
-3.01,3.641
-2.986,2.708
-3.041,3.097
-3.062,3.556
-3.118,-0.208
-3.054,2.306
-3.103,3.611
-3.138,3.002
3.111,0.526
2.989,2.61
3.048,3.452
3.022,3.034
2.946,0.389
1.987,-0.257
1.308,-0.222
1.281,-0.282
0.858,-0.542
0.812,-0.351
0.53,-0.647
0.526,-0.545
0.373,-0.27
0.11,-0.297
-0.369,-0.556
-0.371,-0.293
-0.723,-0.727
-0.752,-0.496
-0.993,-0.471
-1.419,-0.656
-1.586,-0.397
-2.148,-0.375
-2.233,-0.307
-2.819,-0.329
-2.795,-0.394
3.044,-0.204
2.793,3.792
2.549,4.004
2.306,3.776
1.47,3.963
1.205,3.924
1.008,3.904
0.936,3.832
0.814,4.066
0.602,4.11
0.438,3.895
0.406,3.796
0.059,4.117
-1.879,4.045
-1.83,3.887
-2.0,4.095
-2.028,4.091
-2.107,4.069
-2.304,3.752
-2.839,4.056
-3.082,4.166
3.061,3.838
1.147,-0.018
0.591,3.497
0.261,0.21
-0.185,3.656
-2.065,3.386
-2.061,1.287
-2.11,3.539
-2.82,0.11
-3.062,3.046
-2.98,2.774
2.289,-0.385
-1.025,-0.68
-2.703,-0.613
1.296,3.775
-2.327,4.051
2.741,0.056
2.709,1.496
2.669,3.323
2.551,1.072
2.697,0.002
2.542,1.794
2.448,1.368
2.437,3.226
2.253,-0.183
2.196,1.449
2.272,2.347
2.254,3.511
2.01,2.389
1.846,2.447
1.963,-0.229
1.955,1.142
1.957,1.14
1.912,0.555
1.942,3.616
1.847,0.12
1.693,1.795
1.657,1.105
1.635,1.325
1.697,0.055
1.544,1.519
1.62,2.153
1.606,1.178
1.474,1.583
1.354,2.52
1.095,0.739
1.242,1.439
1.03,3.492
1.003,-0.047
0.968,3.301
1.02,2.226
0.858,1.506
0.854,-0.166
0.963,2.512
0.83,2.834
0.8,1.975
0.799,1.526
0.77,0.757
0.865,0.892
0.877,3.566
0.754,1.24
0.832,0.45
0.701,3.403
0.686,2.111
0.64,0.448
0.658,-0.061
0.458,-0.099
0.4,0.015
0.398,3.095
0.504,3.555
0.427,1.79
0.41,1.877
0.331,1.659
0.357,-0.045
0.186,1.228
0.146,3.431
0.007,0.107
0.028,2.563
-0.014,3.508
0.114,0.488
-0.187,0.821
-0.051,-0.158
-0.188,-0.155
-0.182,2.469
-0.25,1.822
-0.253,0.775
-0.496,0.77
-0.342,3.505
-0.512,2.634
-0.523,3.691
-0.392,0.097
-0.551,1.29
-0.579,0.115
-0.764,3.292
-0.771,0.902
-0.75,1.906
-0.727,2.514
-0.73,2.181
-0.893,1.894
-0.803,1.749
-0.928,0.894
-0.911,2.543
-1.127,3.189
-1.201,3.697
-1.143,3.472
-1.284,0.26
-1.24,3.216
-1.419,0.035
-1.586,2.147
-1.661,2.827
-1.674,-0.119
-1.642,-0.005
-1.641,3.719
-1.699,1.886
-1.866,2.414
-1.896,-0.067
-2.03,1.026
-2.219,1.614
-2.193,-0.293
-2.253,-0.293
-2.147,2.261
-2.18,1.695
-2.165,2.386
-2.709,0.674
-2.717,0.899
-2.864,1.895
-2.84,0.729
-2.958,0.815
-2.866,2.48
-3.018,1.76
-2.907,1.421
-2.907,2.321
-3.045,1.184
-2.974,1.516
3.11,2.5
-3.059,0.08
3.007,-0.126
2.35,-0.293
2.467,-0.334
2.264,-0.239
1.805,-0.572
1.833,-0.643
1.57,-0.491
1.65,-0.294
1.538,-0.331
0.856,-0.502
0.922,-0.25
0.948,-0.368
0.611,-0.361
0.449,-0.6
-0.358,-0.461
-0.353,-0.67
-0.616,-0.444
-0.622,-0.465
-2.746,-0.558
3.052,-0.389
2.997,3.856
2.822,4.087
2.023,4.142
1.715,3.919
1.056,3.822
0.856,3.78
-0.148,3.908
-0.166,3.816
-0.283,3.824
-0.708,3.951
-1.111,3.82
-1.785,3.995
-2.242,3.849
-2.504,3.833
2.108,1.862
1.724,1.863
0.879,1.238
-1.187,1.863
-1.369,2.479
-2.089,3.229
-2.358,3.442
-2.95,0.329
-0.911,2.172
-1.598,2.535
-2.48,2.467
-2.497,3.351
-2.493,2.785
-2.557,3.352
-2.548,1.785
-2.576,3.192
-2.66,2.577
-2.698,2.61
-2.778,1.928
-2.81,3.15
-2.734,3.259
-2.866,2.352
-2.958,1.919
1.405,0.968
0.114,2.097
-2.54,0.572
-2.966,2.029
3.061,2.086
1.335,-0.263
1.217,-0.133
-0.228,-0.016
0.785,3.671
1.404,-0.202
0.805,-0.378
-0.02,-0.485
-0.1,-2.116
-0.142,0.166
-0.096,-1.915
-0.095,1.277
-0.197,1.02
-0.245,0.348
-0.314,0.724
-0.379,0.89
-0.32,0.566
-0.369,-0.992
-0.38,0.995
-0.511,0.669
-0.515,1.553
-0.467,-0.427
-0.568,1.772
-0.653,-0.46
-0.7,-1.196
-0.711,-1.899
-0.705,0.799
-0.753,0.602
-0.714,1.068
-0.762,1.23
-0.898,-0.278
-0.847,-0.55
-0.844,0.605
-0.958,-2.06
-0.915,-1.608
-1.009,-0.022
-0.935,1.343
-1.029,0.067
-0.995,-2.121
-1.041,0.906
-0.977,1.254
-1.052,0.359
-1.062,0.577
-1.089,-2.253
-1.15,0.175
-1.126,-2.074
-1.15,1.711
-1.24,-1.298
-1.384,0.033
-1.341,-0.667
-1.427,1.363
-1.47,-0.062
-1.452,-1.065
-1.566,0.38
-1.566,-1.587
-1.635,-0.524
-1.702,1.404
-1.787,1.64
-1.89,-0.247
-1.881,-1.546
-1.898,0.191
-1.987,-1.092
-2.046,-0.822
-2.084,-1.538
-2.107,-0.894
-2.033,-0.076
-2.046,-0.159
-2.142,0.795
-2.104,-0.597
-2.173,0.774
-2.208,-0.016
-2.203,0.98
-2.263,-0.307
-2.213,1.401
-2.215,-2.147
-2.309,-0.344
-2.261,1.142
-2.275,-0.982
-2.249,1.311
-2.323,1.058
-2.316,-0.39
-2.328,0.916
-2.312,-0.432
-2.379,0.913
-2.322,-0.294
-2.43,1.644
-2.365,-0.331
-2.365,-2.122
-2.431,0.952
-2.471,0.391
-2.509,-0.992
-2.458,1.141
-2.461,0.616
-2.464,-0.805
-2.575,-0.151
-2.516,-0.755
-2.507,-0.84
-2.603,-1.057
-2.637,-1.207
-2.796,-0.974
-2.739,-0.236
-2.806,-0.793
-2.892,-1.478
-3.011,0.039
-3.041,0.696
-3.029,-0.145
-3.058,1.667
-3.034,0.734
-3.089,1.123
-3.11,1.582
3.117,-2.182
-3.102,0.332
3.132,1.637
3.097,1.028
3.063,-1.448
2.941,0.636
3.0,1.478
2.974,1.06
2.898,-1.585
1.939,-2.231
1.26,-2.196
1.233,-2.256
0.81,-2.516
0.764,-2.325
0.482,-2.621
0.478,-2.519
0.325,-2.244
0.062,-2.271
-0.417,-2.53
-0.419,-2.267
-0.771,-2.701
-0.8,-2.47
-1.041,-2.445
-1.467,-2.63
-1.634,-2.371
-2.196,-2.349
-2.281,-2.281
-2.867,-2.303
-2.843,-2.368
2.996,-2.178
2.745,1.818
2.501,2.03
2.258,1.802
1.422,1.989
1.157,1.95
0.96,1.93
0.888,1.858
0.766,2.092
0.554,2.136
0.39,1.921
0.358,1.822
0.011,2.143
-1.927,2.071
-1.878,1.913
-2.048,2.121
-2.076,2.117
-2.155,2.095
-2.352,1.778
-2.887,2.082
-3.13,2.192
3.013,1.864
1.099,-1.992
0.543,1.523
0.213,-1.764
-0.233,1.682
-2.113,1.412
-2.109,-0.687
-2.158,1.565
-2.868,-1.864
-3.11,1.072
-3.028,0.8
2.241,-2.359
-1.073,-2.654
-2.751,-2.587
1.248,1.801
-2.375,2.077
2.693,-1.918
2.661,-0.478
2.621,1.349
2.503,-0.902
2.649,-1.972
2.494,-0.18
2.4,-0.606
2.389,1.252
2.205,-2.157
2.148,-0.525
2.224,0.373
2.206,1.537
1.962,0.415
1.798,0.473
1.915,-2.203
1.907,-0.832
1.909,-0.834
1.864,-1.419
1.894,1.642
1.799,-1.854
1.645,-0.179
1.609,-0.869
1.587,-0.649
1.649,-1.919
1.496,-0.455
1.572,0.179
1.558,-0.796
1.426,-0.391
1.306,0.546
1.047,-1.235
1.194,-0.535
0.982,1.518
0.955,-2.021
0.92,1.327
0.972,0.252
0.81,-0.468
0.806,-2.14
0.915,0.538
0.782,0.86
0.752,0.001
0.751,-0.448
0.722,-1.217
0.817,-1.082
0.829,1.592
0.706,-0.734
0.784,-1.524
0.653,1.429
0.638,0.137
0.592,-1.526
0.61,-2.035
0.41,-2.073
0.352,-1.959
0.35,1.121
0.456,1.581
0.379,-0.184
0.362,-0.097
0.283,-0.315
0.309,-2.019
0.138,-0.746
0.098,1.457
-0.041,-1.867
-0.02,0.589
-0.062,1.534
0.066,-1.486
-0.235,-1.153
-0.099,-2.132
-0.236,-2.129
-0.23,0.495
-0.298,-0.152
-0.301,-1.199
-0.544,-1.204
-0.39,1.531
-0.56,0.66
-0.571,1.717
-0.44,-1.877
-0.599,-0.684
-0.627,-1.859
-0.812,1.318
-0.819,-1.072
-0.798,-0.068
-0.775,0.54
-0.778,0.207
-0.941,-0.08
-0.851,-0.225
-0.976,-1.08
-0.959,0.569
-1.175,1.215
-1.249,1.723
-1.191,1.498
-1.332,-1.714
-1.288,1.242
-1.467,-1.939
-1.634,0.173
-1.709,0.853
-1.722,-2.093
-1.69,-1.979
-1.689,1.745
-1.747,-0.088
-1.914,0.44
-1.944,-2.041
-2.078,-0.948
-2.267,-0.36
-2.241,-2.267
-2.301,-2.267
-2.195,0.287
-2.228,-0.279
-2.213,0.412
-2.757,-1.3
-2.765,-1.075
-2.912,-0.079
-2.888,-1.245
-3.006,-1.159
-2.914,0.506
-3.066,-0.214
-2.955,-0.553
-2.955,0.347
-3.093,-0.79
-3.022,-0.458
3.062,0.526
-3.107,-1.894
2.959,-2.1
2.302,-2.267
2.419,-2.308
2.216,-2.213
1.757,-2.546
1.785,-2.617
1.522,-2.465
1.602,-2.268
1.49,-2.305
0.808,-2.476
0.874,-2.224
0.9,-2.342
0.563,-2.335
0.401,-2.574
-0.406,-2.435
-0.401,-2.644
-0.664,-2.418
-0.67,-2.439
-2.794,-2.532
3.004,-2.363
2.949,1.882
2.774,2.113
1.975,2.168
1.667,1.945
1.008,1.848
0.808,1.806
-0.196,1.934
-0.214,1.842
-0.331,1.85
-0.756,1.977
-1.159,1.846
-1.833,2.021
-2.29,1.875
-2.552,1.859
2.06,-0.112
1.676,-0.111
0.831,-0.736
-1.235,-0.111
-1.417,0.505
-2.137,1.255
-2.406,1.468
-2.998,-1.645
-0.959,0.198
-1.646,0.561
-2.528,0.493
-2.545,1.377
-2.541,0.811
-2.605,1.378
-2.596,-0.189
-2.624,1.218
-2.708,0.603
-2.746,0.636
-2.826,-0.046
-2.858,1.176
-2.782,1.285
-2.914,0.378
-3.006,-0.055
1.357,-1.006
0.066,0.123
-2.588,-1.402
-3.014,0.055
3.013,0.112
1.287,-2.237
1.169,-2.107
-0.276,-1.99
0.737,1.697
1.356,-2.176
0.757,-2.352
-0.08,-1.631
-0.122,0.651
-0.076,-1.43
-0.075,1.762
-0.177,1.505
-0.225,0.833
-0.294,1.209
-0.359,1.375
-0.3,1.051
-0.349,-0.507
-0.36,1.48
-0.491,1.154
-0.495,2.038
-0.447,0.058
-0.548,2.257
-0.633,0.025
-0.68,-0.711
-0.691,-1.414
-0.685,1.284
-0.733,1.087
-0.694,1.553
-0.742,1.715
-0.878,0.207
-0.827,-0.065
-0.824,1.09
-0.938,-1.575
-0.895,-1.123
-0.989,0.463
-0.915,1.828
-1.009,0.552
-0.975,-1.636
-1.021,1.391
-0.957,1.739
-1.032,0.844
-1.042,1.062
-1.069,-1.768
-1.13,0.66
-1.106,-1.589
-1.13,2.196
-1.22,-0.813
-1.364,0.518
-1.321,-0.182
-1.407,1.848
-1.45,0.423
-1.432,-0.58
-1.546,0.865
-1.546,-1.102
-1.615,-0.039
-1.682,1.889
-1.767,2.125
-1.87,0.238
-1.861,-1.061
-1.878,0.676
-1.967,-0.607
-2.026,-0.337
-2.064,-1.053
-2.087,-0.409
-2.013,0.409
-2.026,0.326
-2.122,1.28
-2.084,-0.112
-2.153,1.259
-2.188,0.469
-2.183,1.465
-2.243,0.178
-2.193,1.886
-2.195,-1.662
-2.289,0.141
-2.241,1.627
-2.255,-0.497
-2.229,1.796
-2.303,1.543
-2.296,0.095
-2.308,1.401
-2.292,0.053
-2.359,1.398
-2.302,0.191
-2.41,2.129
-2.345,0.154
-2.345,-1.637
-2.411,1.437
-2.451,0.876
-2.489,-0.507
-2.438,1.626
-2.441,1.101
-2.444,-0.32
-2.555,0.334
-2.496,-0.27
-2.487,-0.355
-2.583,-0.572
-2.617,-0.722
-2.776,-0.489
-2.719,0.249
-2.786,-0.308
-2.872,-0.993
-2.991,0.524
-3.021,1.181
-3.009,0.34
-3.038,2.152
-3.014,1.219
-3.069,1.608
-3.09,2.067
3.137,-1.697
-3.082,0.817
-3.131,2.122
3.117,1.513
3.083,-0.963
2.961,1.121
3.02,1.963
2.994,1.545
2.918,-1.1
1.959,-1.746
1.28,-1.711
1.253,-1.771
0.83,-2.031
0.784,-1.84
0.502,-2.136
0.498,-2.034
0.345,-1.759
0.082,-1.786
-0.397,-2.045
-0.399,-1.782
-0.751,-2.216
-0.78,-1.985
-1.021,-1.96
-1.447,-2.145
-1.614,-1.886
-2.176,-1.864
-2.261,-1.796
-2.847,-1.818
-2.823,-1.883
3.016,-1.693
2.765,2.303
2.521,2.515
2.278,2.287
1.442,2.474
1.177,2.435
0.98,2.415
0.908,2.343
0.786,2.577
0.574,2.621
0.41,2.406
0.378,2.307
0.031,2.628
-1.907,2.556
-1.858,2.398
-2.028,2.606
-2.056,2.602
-2.135,2.58
-2.332,2.263
-2.867,2.567
-3.11,2.677
3.033,2.349
1.119,-1.507
0.563,2.008
0.233,-1.279
-0.213,2.167
-2.093,1.897
-2.089,-0.202
-2.138,2.05
-2.848,-1.379
-3.09,1.557
-3.008,1.285
2.261,-1.874
-1.053,-2.169
-2.731,-2.102
1.268,2.286
-2.355,2.562
2.713,-1.433
2.681,0.007
2.641,1.834
2.523,-0.417
2.669,-1.487
2.514,0.305
2.42,-0.121
2.409,1.737
2.225,-1.672
2.168,-0.04
2.244,0.858
2.226,2.022
1.982,0.9
1.818,0.958
1.935,-1.718
1.927,-0.347
1.929,-0.349
1.884,-0.934
1.914,2.127
1.819,-1.369
1.665,0.306
1.629,-0.384
1.607,-0.164
1.669,-1.434
1.516,0.03
1.592,0.664
1.578,-0.311
1.446,0.094
1.326,1.031
1.067,-0.75
1.214,-0.05
1.002,2.003
0.975,-1.536
0.94,1.812
0.992,0.737
0.83,0.017
0.826,-1.655
0.935,1.023
0.802,1.345
0.772,0.486
0.771,0.037
0.742,-0.732
0.837,-0.597
0.849,2.077
0.726,-0.249
0.804,-1.039
0.673,1.914
0.658,0.622
0.612,-1.041
0.63,-1.55
0.43,-1.588
0.372,-1.474
0.37,1.606
0.476,2.066
0.399,0.301
0.382,0.388
0.303,0.17
0.329,-1.534
0.158,-0.261
0.118,1.942
-0.021,-1.382
0.0,1.074
-0.042,2.019
0.086,-1.001
-0.215,-0.668
-0.079,-1.647
-0.216,-1.644
-0.21,0.98
-0.278,0.333
-0.281,-0.714
-0.524,-0.719
-0.37,2.016
-0.54,1.145
-0.551,2.202
-0.42,-1.392
-0.579,-0.199
-0.607,-1.374
-0.792,1.803
-0.799,-0.587
-0.778,0.417
-0.755,1.025
-0.758,0.692
-0.921,0.405
-0.831,0.26
-0.956,-0.595
-0.939,1.054
-1.155,1.7
-1.229,2.208
-1.171,1.983
-1.312,-1.229
-1.268,1.727
-1.447,-1.454
-1.614,0.658
-1.689,1.338
-1.702,-1.608
-1.67,-1.494
-1.669,2.23
-1.727,0.397
-1.894,0.925
-1.924,-1.556
-2.058,-0.463
-2.247,0.125
-2.221,-1.782
-2.281,-1.782
-2.175,0.772
-2.208,0.206
-2.193,0.897
-2.737,-0.815
-2.745,-0.59
-2.892,0.406
-2.868,-0.76
-2.986,-0.674
-2.894,0.991
-3.046,0.271
-2.935,-0.068
-2.935,0.832
-3.073,-0.305
-3.002,0.027
3.082,1.011
-3.087,-1.409
2.979,-1.615
2.322,-1.782
2.439,-1.823
2.236,-1.728
1.777,-2.061
1.805,-2.132
1.542,-1.98
1.622,-1.783
1.51,-1.82
0.828,-1.991
0.894,-1.739
0.92,-1.857
0.583,-1.85
0.421,-2.089
-0.386,-1.95
-0.381,-2.159
-0.644,-1.933
-0.65,-1.954
-2.774,-2.047
3.024,-1.878
2.969,2.367
2.794,2.598
1.995,2.653
1.687,2.43
1.028,2.333
0.828,2.291
-0.176,2.419
-0.194,2.327
-0.311,2.335
-0.736,2.462
-1.139,2.331
-1.813,2.506
-2.27,2.36
-2.532,2.344
2.08,0.373
1.696,0.374
0.851,-0.251
-1.215,0.374
-1.397,0.99
-2.117,1.74
-2.386,1.953
-2.978,-1.16
-0.939,0.683
-1.626,1.046
-2.508,0.978
-2.525,1.862
-2.521,1.296
-2.585,1.863
-2.576,0.296
-2.604,1.703
-2.688,1.088
-2.726,1.121
-2.806,0.439
-2.838,1.661
-2.762,1.77
-2.894,0.863
-2.986,0.43
1.377,-0.521
0.086,0.608
-2.568,-0.917
-2.994,0.54
3.033,0.597
1.307,-1.752
1.189,-1.622
-0.256,-1.505
0.757,2.182
1.376,-1.691
0.777,-1.867
-0.042,2.282
0.004,0.201
0.005,3.393
-0.097,3.136
-0.145,2.464
-0.214,2.84
-0.279,3.006
-0.22,2.682
-0.269,1.124
-0.28,3.111
-0.411,2.785
-0.415,3.669
-0.367,1.689
-0.468,3.888
-0.553,1.656
-0.6,0.92
-0.611,0.217
-0.605,2.915
-0.653,2.718
-0.614,3.184
-0.662,3.346
-0.798,1.838
-0.747,1.566
-0.744,2.721
-0.858,0.056
-0.815,0.508
-0.909,2.094
-0.835,3.459
-0.929,2.183
-0.895,-0.005
-0.941,3.022
-0.877,3.37
-0.952,2.475
-0.962,2.693
-0.989,-0.137
-1.05,2.291
-1.026,0.042
-1.05,3.827
-1.14,0.818
-1.284,2.149
-1.241,1.449
-1.327,3.479
-1.37,2.054
-1.352,1.051
-1.466,2.496
-1.466,0.529
-1.535,1.592
-1.602,3.52
-1.687,3.756
-1.79,1.869
-1.781,0.57
-1.798,2.307
-1.887,1.024
-1.946,1.294
-1.984,0.578
-2.007,1.222
-1.933,2.04
-1.946,1.957
-2.042,2.911
-2.004,1.519
-2.073,2.89
-2.108,2.1
-2.103,3.096
-2.163,1.809
-2.113,3.517
-2.115,-0.031
-2.209,1.772
-2.161,3.258
-2.175,1.134
-2.149,3.427
-2.223,3.174
-2.216,1.726
-2.228,3.032
-2.212,1.684
-2.279,3.029
-2.222,1.822
-2.33,3.76
-2.265,1.785
-2.265,-0.006
-2.331,3.068
-2.371,2.507
-2.409,1.124
-2.358,3.257
-2.361,2.732
-2.364,1.311
-2.475,1.965
-2.416,1.361
-2.407,1.276
-2.503,1.059
-2.537,0.909
-2.696,1.142
-2.639,1.88
-2.706,1.323
-2.792,0.638
-2.911,2.155
-2.941,2.812
-2.929,1.971
-2.958,3.783
-2.934,2.85
-2.989,3.239
-3.01,3.698
-3.066,-0.066
-3.002,2.448
-3.051,3.753
-3.086,3.144
-3.12,0.668
3.041,2.752
3.1,3.594
3.074,3.176
2.998,0.531
2.039,-0.115
1.36,-0.08
1.333,-0.14
0.91,-0.4
0.864,-0.209
0.582,-0.505
0.578,-0.403
0.425,-0.128
0.162,-0.155
-0.317,-0.414
-0.319,-0.151
-0.671,-0.585
-0.7,-0.354
-0.941,-0.329
-1.367,-0.514
-1.534,-0.255
-2.096,-0.233
-2.181,-0.165
-2.767,-0.187
-2.743,-0.252
3.096,-0.062
2.845,3.934
2.601,4.146
2.358,3.918
1.522,4.105
1.257,4.066
1.06,4.046
0.988,3.974
0.866,4.208
0.654,4.252
0.49,4.037
0.458,3.938
0.111,4.259
-1.827,4.187
-1.778,4.029
-1.948,4.237
-1.976,4.233
-2.055,4.211
-2.252,3.894
-2.787,4.198
-3.03,4.308
3.113,3.98
1.199,0.124
0.643,3.639
0.313,0.352
-0.133,3.798
-2.013,3.528
-2.009,1.429
-2.058,3.681
-2.768,0.252
-3.01,3.188
-2.928,2.916
2.341,-0.243
-0.973,-0.538
-2.651,-0.471
1.348,3.917
-2.275,4.193
2.793,0.198
2.761,1.638
2.721,3.465
2.603,1.214
2.749,0.144
2.594,1.936
2.5,1.51
2.489,3.368
2.305,-0.041
2.248,1.591
2.324,2.489
2.306,3.653
2.062,2.531
1.898,2.589
2.015,-0.087
2.007,1.284
2.009,1.282
1.964,0.697
1.994,3.758
1.899,0.262
1.745,1.937
1.709,1.247
1.687,1.467
1.749,0.197
1.596,1.661
1.672,2.295
1.658,1.32
1.526,1.725
1.406,2.662
1.147,0.881
1.294,1.581
1.082,3.634
1.055,0.095
1.02,3.443
1.072,2.368
0.91,1.648
0.906,-0.024
1.015,2.654
0.882,2.976
0.852,2.117
0.851,1.668
0.822,0.899
0.917,1.034
0.929,3.708
0.806,1.382
0.884,0.592
0.753,3.545
0.738,2.253
0.692,0.59
0.71,0.081
0.51,0.043
0.452,0.157
0.45,3.237
0.556,3.697
0.479,1.932
0.462,2.019
0.383,1.801
0.409,0.097
0.238,1.37
0.198,3.573
0.059,0.249
0.08,2.705
0.038,3.65
0.166,0.63
-0.135,0.963
0.001,-0.016
-0.136,-0.013
-0.13,2.611
-0.198,1.964
-0.201,0.917
-0.444,0.912
-0.29,3.647
-0.46,2.776
-0.471,3.833
-0.34,0.239
-0.499,1.432
-0.527,0.257
-0.712,3.434
-0.719,1.044
-0.698,2.048
-0.675,2.656
-0.678,2.323
-0.841,2.036
-0.751,1.891
-0.876,1.036
-0.859,2.685
-1.075,3.331
-1.149,3.839
-1.091,3.614
-1.232,0.402
-1.188,3.358
-1.367,0.177
-1.534,2.289
-1.609,2.969
-1.622,0.023
-1.59,0.137
-1.589,3.861
-1.647,2.028
-1.814,2.556
-1.844,0.075
-1.978,1.168
-2.167,1.756
-2.141,-0.151
-2.201,-0.151
-2.095,2.403
-2.128,1.837
-2.113,2.528
-2.657,0.816
-2.665,1.041
-2.812,2.037
-2.788,0.871
-2.906,0.957
-2.814,2.622
-2.966,1.902
-2.855,1.563
-2.855,2.463
-2.993,1.326
-2.922,1.658
-3.121,2.642
-3.007,0.222
3.059,0.016
2.402,-0.151
2.519,-0.192
2.316,-0.097
1.857,-0.43
1.885,-0.501
1.622,-0.349
1.702,-0.152
1.59,-0.189
0.908,-0.36
0.974,-0.108
1.0,-0.226
0.663,-0.219
0.501,-0.458
-0.306,-0.319
-0.301,-0.528
-0.564,-0.302
-0.57,-0.323
-2.694,-0.416
3.104,-0.247
3.049,3.998
2.874,4.229
2.075,4.284
1.767,4.061
1.108,3.964
0.908,3.922
-0.096,4.05
-0.114,3.958
-0.231,3.966
-0.656,4.093
-1.059,3.962
-1.733,4.137
-2.19,3.991
-2.452,3.975
2.16,2.004
1.776,2.005
0.931,1.38
-1.135,2.005
-1.317,2.621
-2.037,3.371
-2.306,3.584
-2.898,0.471
-0.859,2.314
-1.546,2.677
-2.428,2.609
-2.445,3.493
-2.441,2.927
-2.505,3.494
-2.496,1.927
-2.524,3.334
-2.608,2.719
-2.646,2.752
-2.726,2.07
-2.758,3.292
-2.682,3.401
-2.814,2.494
-2.906,2.061
1.457,1.11
0.166,2.239
-2.488,0.714
-2.914,2.171
3.113,2.228
1.387,-0.121
1.269,0.009
-0.176,0.126
0.837,3.813
1.456,-0.06
0.857,-0.236
0.046,-2.081
0.047,1.111
-0.055,0.854
-0.103,0.182
-0.172,0.558
-0.237,0.724
-0.178,0.4
-0.227,-1.158
-0.238,0.829
-0.369,0.503
-0.373,1.387
-0.325,-0.593
-0.426,1.606
-0.511,-0.626
-0.558,-1.362
-0.569,-2.065
-0.563,0.633
-0.611,0.436
-0.572,0.902
-0.62,1.064
-0.756,-0.444
-0.705,-0.716
-0.702,0.439
-0.816,-2.226
-0.773,-1.774
-0.867,-0.188
-0.793,1.177
-0.887,-0.099
-0.853,-2.287
-0.899,0.74
-0.835,1.088
-0.91,0.193
-0.92,0.411
-0.947,-2.419
-1.008,0.009
-0.984,-2.24
-1.008,1.545
-1.098,-1.464
-1.242,-0.133
-1.199,-0.833
-1.285,1.197
-1.328,-0.228
-1.31,-1.231
-1.424,0.214
-1.424,-1.753
-1.493,-0.69
-1.56,1.238
-1.645,1.474
-1.748,-0.413
-1.739,-1.712
-1.756,0.025
-1.845,-1.258
-1.904,-0.988
-1.942,-1.704
-1.965,-1.06
-1.891,-0.242
-1.904,-0.325
-2.0,0.629
-1.962,-0.763
-2.031,0.608
-2.066,-0.182
-2.061,0.814
-2.121,-0.473
-2.071,1.235
-2.073,-2.313
-2.167,-0.51
-2.119,0.976
-2.133,-1.148
-2.107,1.145
-2.181,0.892
-2.174,-0.556
-2.186,0.75
-2.17,-0.598
-2.237,0.747
-2.18,-0.46
-2.288,1.478
-2.223,-0.497
-2.223,-2.288
-2.289,0.786
-2.329,0.225
-2.367,-1.158
-2.316,0.975
-2.319,0.45
-2.322,-0.971
-2.433,-0.317
-2.374,-0.921
-2.365,-1.006
-2.461,-1.223
-2.495,-1.373
-2.654,-1.14
-2.597,-0.402
-2.664,-0.959
-2.75,-1.644
-2.869,-0.127
-2.899,0.53
-2.887,-0.311
-2.916,1.501
-2.892,0.568
-2.947,0.957
-2.968,1.416
-3.024,-2.348
-2.96,0.166
-3.009,1.471
-3.044,0.862
-3.078,-1.614
3.083,0.47
-3.141,1.312
3.116,0.894
3.04,-1.751
2.081,-2.397
1.402,-2.362
1.375,-2.422
0.952,-2.682
0.906,-2.491
0.624,-2.787
0.62,-2.685
0.467,-2.41
0.204,-2.437
-0.275,-2.696
-0.277,-2.433
-0.629,-2.867
-0.658,-2.636
-0.899,-2.611
-1.325,-2.796
-1.492,-2.537
-2.054,-2.515
-2.139,-2.447
-2.725,-2.469
-2.701,-2.534
3.138,-2.344
2.887,1.652
2.643,1.864
2.4,1.636
1.564,1.823
1.299,1.784
1.102,1.764
1.03,1.692
0.908,1.926
0.696,1.97
0.532,1.755
0.5,1.656
0.153,1.977
-1.785,1.905
-1.736,1.747
-1.906,1.955
-1.934,1.951
-2.013,1.929
-2.21,1.612
-2.745,1.916
-2.988,2.026
-3.128,1.698
1.241,-2.158
0.685,1.357
0.355,-1.93
-0.091,1.516
-1.971,1.246
-1.967,-0.853
-2.016,1.399
-2.726,-2.03
-2.968,0.906
-2.886,0.634
2.383,-2.525
-0.931,-2.82
-2.609,-2.753
1.39,1.635
-2.233,1.911
2.835,-2.084
2.803,-0.644
2.763,1.183
2.645,-1.068
2.791,-2.138
2.636,-0.346
2.542,-0.772
2.531,1.086
2.347,-2.323
2.29,-0.691
2.366,0.207
2.348,1.371
2.104,0.249
1.94,0.307
2.057,-2.369
2.049,-0.998
2.051,-1.0
2.006,-1.585
2.036,1.476
1.941,-2.02
1.787,-0.345
1.751,-1.035
1.729,-0.815
1.791,-2.085
1.638,-0.621
1.714,0.013
1.7,-0.962
1.568,-0.557
1.448,0.38
1.189,-1.401
1.336,-0.701
1.124,1.352
1.097,-2.187
1.062,1.161
1.114,0.086
0.952,-0.634
0.948,-2.306
1.057,0.372
0.924,0.694
0.894,-0.165
0.893,-0.614
0.864,-1.383
0.959,-1.248
0.971,1.426
0.848,-0.9
0.926,-1.69
0.795,1.263
0.78,-0.029
0.734,-1.692
0.752,-2.201
0.552,-2.239
0.494,-2.125
0.492,0.955
0.598,1.415
0.521,-0.35
0.504,-0.263
0.425,-0.481
0.451,-2.185
0.28,-0.912
0.24,1.291
0.101,-2.033
0.122,0.423
0.08,1.368
0.208,-1.652
-0.093,-1.319
0.043,-2.298
-0.094,-2.295
-0.088,0.329
-0.156,-0.318
-0.159,-1.365
-0.402,-1.37
-0.248,1.365
-0.418,0.494
-0.429,1.551
-0.298,-2.043
-0.457,-0.85
-0.485,-2.025
-0.67,1.152
-0.677,-1.238
-0.656,-0.234
-0.633,0.374
-0.636,0.041
-0.799,-0.246
-0.709,-0.391
-0.834,-1.246
-0.817,0.403
-1.033,1.049
-1.107,1.557
-1.049,1.332
-1.19,-1.88
-1.146,1.076
-1.325,-2.105
-1.492,0.007
-1.567,0.687
-1.58,-2.259
-1.548,-2.145
-1.547,1.579
-1.605,-0.254
-1.772,0.274
-1.802,-2.207
-1.936,-1.114
-2.125,-0.526
-2.099,-2.433
-2.159,-2.433
-2.053,0.121
-2.086,-0.445
-2.071,0.246
-2.615,-1.466
-2.623,-1.241
-2.77,-0.245
-2.746,-1.411
-2.864,-1.325
-2.772,0.34
-2.924,-0.38
-2.813,-0.719
-2.813,0.181
-2.951,-0.956
-2.88,-0.624
-3.079,0.36
-2.965,-2.06
3.101,-2.266
2.444,-2.433
2.561,-2.474
2.358,-2.379
1.899,-2.712
1.927,-2.783
1.664,-2.631
1.744,-2.434
1.632,-2.471
0.95,-2.642
1.016,-2.39
1.042,-2.508
0.705,-2.501
0.543,-2.74
-0.264,-2.601
-0.259,-2.81
-0.522,-2.584
-0.528,-2.605
-2.652,-2.698
-3.137,-2.529
3.091,1.716
2.916,1.947
2.117,2.002
1.809,1.779
1.15,1.682
0.95,1.64
-0.054,1.768
-0.072,1.676
-0.189,1.684
-0.614,1.811
-1.017,1.68
-1.691,1.855
-2.148,1.709
-2.41,1.693
2.202,-0.278
1.818,-0.277
0.973,-0.902
-1.093,-0.277
-1.275,0.339
-1.995,1.089
-2.264,1.302
-2.856,-1.811
-0.817,0.032
-1.504,0.395
-2.386,0.327
-2.403,1.211
-2.399,0.645
-2.463,1.212
-2.454,-0.355
-2.482,1.052
-2.566,0.437
-2.604,0.47
-2.684,-0.212
-2.716,1.01
-2.64,1.119
-2.772,0.212
-2.864,-0.221
1.499,-1.172
0.208,-0.043
-2.446,-1.568
-2.872,-0.111
-3.128,-0.054
1.429,-2.403
1.311,-2.273
-0.134,-2.156
0.879,1.531
1.498,-2.342
0.899,-2.518
0.001,3.192
-0.101,2.935
-0.149,2.263
-0.218,2.639
-0.283,2.805
-0.224,2.481
-0.273,0.923
-0.284,2.91
-0.415,2.584
-0.419,3.468
-0.371,1.488
-0.472,3.687
-0.557,1.455
-0.604,0.719
-0.615,0.016
-0.609,2.714
-0.657,2.517
-0.618,2.983
-0.666,3.145
-0.802,1.637
-0.751,1.365
-0.748,2.52
-0.862,-0.145
-0.819,0.307
-0.913,1.893
-0.839,3.258
-0.933,1.982
-0.899,-0.206
-0.945,2.821
-0.881,3.169
-0.956,2.274
-0.966,2.492
-0.993,-0.338
-1.054,2.09
-1.03,-0.159
-1.054,3.626
-1.144,0.617
-1.288,1.948
-1.245,1.248
-1.331,3.278
-1.374,1.853
-1.356,0.85
-1.47,2.295
-1.47,0.328
-1.539,1.391
-1.606,3.319
-1.691,3.555
-1.794,1.668
-1.785,0.369
-1.802,2.106
-1.891,0.823
-1.95,1.093
-1.988,0.377
-2.011,1.021
-1.937,1.839
-1.95,1.756
-2.046,2.71
-2.008,1.318
-2.077,2.689
-2.112,1.899
-2.107,2.895
-2.167,1.608
-2.117,3.316
-2.119,-0.232
-2.213,1.571
-2.165,3.057
-2.179,0.933
-2.153,3.226
-2.227,2.973
-2.22,1.525
-2.232,2.831
-2.216,1.483
-2.283,2.828
-2.226,1.621
-2.334,3.559
-2.269,1.584
-2.269,-0.207
-2.335,2.867
-2.375,2.306
-2.413,0.923
-2.362,3.056
-2.365,2.531
-2.368,1.11
-2.479,1.764
-2.42,1.16
-2.411,1.075
-2.507,0.858
-2.541,0.708
-2.7,0.941
-2.643,1.679
-2.71,1.122
-2.796,0.437
-2.915,1.954
-2.945,2.611
-2.933,1.77
-2.962,3.582
-2.938,2.649
-2.993,3.038
-3.014,3.497
-3.07,-0.267
-3.006,2.247
-3.055,3.552
-3.09,2.943
-3.124,0.467
3.037,2.551
3.096,3.393
3.07,2.975
2.994,0.33
2.035,-0.316
1.356,-0.281
1.329,-0.341
0.906,-0.601
0.86,-0.41
0.578,-0.706
0.574,-0.604
0.421,-0.329
0.158,-0.356
-0.321,-0.615
-0.323,-0.352
-0.675,-0.786
-0.704,-0.555
-0.945,-0.53
-1.371,-0.715
-1.538,-0.456
-2.1,-0.434
-2.185,-0.366
-2.771,-0.388
-2.747,-0.453
3.092,-0.263
2.841,3.733
2.597,3.945
2.354,3.717
1.518,3.904
1.253,3.865
1.056,3.845
0.984,3.773
0.862,4.007
0.65,4.051
0.486,3.836
0.454,3.737
0.107,4.058
-1.831,3.986
-1.782,3.828
-1.952,4.036
-1.98,4.032
-2.059,4.01
-2.256,3.693
-2.791,3.997
-3.034,4.107
3.109,3.779
1.195,-0.077
0.639,3.438
0.309,0.151
-0.137,3.597
-2.017,3.327
-2.013,1.228
-2.062,3.48
-2.772,0.051
-3.014,2.987
-2.932,2.715
2.337,-0.444
-0.977,-0.739
-2.655,-0.672
1.344,3.716
-2.279,3.992
2.789,-0.003
2.757,1.437
2.717,3.264
2.599,1.013
2.745,-0.057
2.59,1.735
2.496,1.309
2.485,3.167
2.301,-0.242
2.244,1.39
2.32,2.288
2.302,3.452
2.058,2.33
1.894,2.388
2.011,-0.288
2.003,1.083
2.005,1.081
1.96,0.496
1.99,3.557
1.895,0.061
1.741,1.736
1.705,1.046
1.683,1.266
1.745,-0.004
1.592,1.46
1.668,2.094
1.654,1.119
1.522,1.524
1.402,2.461
1.143,0.68
1.29,1.38
1.078,3.433
1.051,-0.106
1.016,3.242
1.068,2.167
0.906,1.447
0.902,-0.225
1.011,2.453
0.878,2.775
0.848,1.916
0.847,1.467
0.818,0.698
0.913,0.833
0.925,3.507
0.802,1.181
0.88,0.391
0.749,3.344
0.734,2.052
0.688,0.389
0.706,-0.12
0.506,-0.158
0.448,-0.044
0.446,3.036
0.552,3.496
0.475,1.731
0.458,1.818
0.379,1.6
0.405,-0.104
0.234,1.169
0.194,3.372
0.055,0.048
0.076,2.504
0.034,3.449
0.162,0.429
-0.139,0.762
-0.003,-0.217
-0.14,-0.214
-0.134,2.41
-0.202,1.763
-0.205,0.716
-0.448,0.711
-0.294,3.446
-0.464,2.575
-0.475,3.632
-0.344,0.038
-0.503,1.231
-0.531,0.056
-0.716,3.233
-0.723,0.843
-0.702,1.847
-0.679,2.455
-0.682,2.122
-0.845,1.835
-0.755,1.69
-0.88,0.835
-0.863,2.484
-1.079,3.13
-1.153,3.638
-1.095,3.413
-1.236,0.201
-1.192,3.157
-1.371,-0.024
-1.538,2.088
-1.613,2.768
-1.626,-0.178
-1.594,-0.064
-1.593,3.66
-1.651,1.827
-1.818,2.355
-1.848,-0.126
-1.982,0.967
-2.171,1.555
-2.145,-0.352
-2.205,-0.352
-2.099,2.202
-2.132,1.636
-2.117,2.327
-2.661,0.615
-2.669,0.84
-2.816,1.836
-2.792,0.67
-2.91,0.756
-2.818,2.421
-2.97,1.701
-2.859,1.362
-2.859,2.262
-2.997,1.125
-2.926,1.457
-3.125,2.441
-3.011,0.021
3.055,-0.185
2.398,-0.352
2.515,-0.393
2.312,-0.298
1.853,-0.631
1.881,-0.702
1.618,-0.55
1.698,-0.353
1.586,-0.39
0.904,-0.561
0.97,-0.309
0.996,-0.427
0.659,-0.42
0.497,-0.659
-0.31,-0.52
-0.305,-0.729
-0.568,-0.503
-0.574,-0.524
-2.698,-0.617
3.1,-0.448
3.045,3.797
2.87,4.028
2.071,4.083
1.763,3.86
1.104,3.763
0.904,3.721
-0.1,3.849
-0.118,3.757
-0.235,3.765
-0.66,3.892
-1.063,3.761
-1.737,3.936
-2.194,3.79
-2.456,3.774
2.156,1.803
1.772,1.804
0.927,1.179
-1.139,1.804
-1.321,2.42
-2.041,3.17
-2.31,3.383
-2.902,0.27
-0.863,2.113
-1.55,2.476
-2.432,2.408
-2.449,3.292
-2.445,2.726
-2.509,3.293
-2.5,1.726
-2.528,3.133
-2.612,2.518
-2.65,2.551
-2.73,1.869
-2.762,3.091
-2.686,3.2
-2.818,2.293
-2.91,1.86
1.453,0.909
0.162,2.038
-2.492,0.513
-2.918,1.97
3.109,2.027
1.383,-0.322
1.265,-0.192
-0.18,-0.075
0.833,3.612
1.452,-0.261
0.853,-0.437
-0.102,-0.257
-0.15,-0.929
-0.219,-0.553
-0.284,-0.387
-0.225,-0.711
-0.274,-2.269
-0.285,-0.282
-0.416,-0.608
-0.42,0.276
-0.372,-1.704
-0.473,0.495
-0.558,-1.737
-0.605,-2.473
-0.616,-3.176
-0.61,-0.478
-0.658,-0.675
-0.619,-0.209
-0.667,-0.047
-0.803,-1.555
-0.752,-1.827
-0.749,-0.672
-0.863,-3.337
-0.82,-2.885
-0.914,-1.299
-0.84,0.066
-0.934,-1.21
-0.9,-3.398
-0.946,-0.371
-0.882,-0.023
-0.957,-0.918
-0.967,-0.7
-0.994,-3.53
-1.055,-1.102
-1.031,-3.351
-1.055,0.434
-1.145,-2.575
-1.289,-1.244
-1.246,-1.944
-1.332,0.086
-1.375,-1.339
-1.357,-2.342
-1.471,-0.897
-1.471,-2.864
-1.54,-1.801
-1.607,0.127
-1.692,0.363
-1.795,-1.524
-1.786,-2.823
-1.803,-1.086
-1.892,-2.369
-1.951,-2.099
-1.989,-2.815
-2.012,-2.171
-1.938,-1.353
-1.951,-1.436
-2.047,-0.482
-2.009,-1.874
-2.078,-0.503
-2.113,-1.293
-2.108,-0.297
-2.168,-1.584
-2.118,0.124
-2.12,-3.424
-2.214,-1.621
-2.166,-0.135
-2.18,-2.259
-2.154,0.034
-2.228,-0.219
-2.221,-1.667
-2.233,-0.361
-2.217,-1.709
-2.284,-0.364
-2.227,-1.571
-2.335,0.367
-2.27,-1.608
-2.27,-3.399
-2.336,-0.325
-2.376,-0.886
-2.414,-2.269
-2.363,-0.136
-2.366,-0.661
-2.369,-2.082
-2.48,-1.428
-2.421,-2.032
-2.412,-2.117
-2.508,-2.334
-2.542,-2.484
-2.701,-2.251
-2.644,-1.513
-2.711,-2.07
-2.797,-2.755
-2.916,-1.238
-2.946,-0.581
-2.934,-1.422
-2.963,0.39
-2.939,-0.543
-2.994,-0.154
-3.015,0.305
-3.071,-3.459
-3.007,-0.945
-3.056,0.36
-3.091,-0.249
-3.125,-2.725
3.036,-0.641
3.095,0.201
3.069,-0.217
2.993,-2.862
2.034,-3.508
1.355,-3.473
1.328,-3.533
0.905,-3.793
0.859,-3.602
0.577,-3.898
0.573,-3.796
0.42,-3.521
0.157,-3.548
-0.322,-3.807
-0.324,-3.544
-0.676,-3.978
-0.705,-3.747
-0.946,-3.722
-1.372,-3.907
-1.539,-3.648
-2.101,-3.626
-2.186,-3.558
-2.772,-3.58
-2.748,-3.645
3.091,-3.455
2.84,0.541
2.596,0.753
2.353,0.525
1.517,0.712
1.252,0.673
1.055,0.653
0.983,0.581
0.861,0.815
0.649,0.859
0.485,0.644
0.453,0.545
0.106,0.866
-1.832,0.794
-1.783,0.636
-1.953,0.844
-1.981,0.84
-2.06,0.818
-2.257,0.501
-2.792,0.805
-3.035,0.915
3.108,0.587
1.194,-3.269
0.638,0.246
0.308,-3.041
-0.138,0.405
-2.018,0.135
-2.014,-1.964
-2.063,0.288
-2.773,-3.141
-3.015,-0.205
-2.933,-0.477
2.336,-3.636
-0.978,-3.931
-2.656,-3.864
1.343,0.524
-2.28,0.8
2.788,-3.195
2.756,-1.755
2.716,0.072
2.598,-2.179
2.744,-3.249
2.589,-1.457
2.495,-1.883
2.484,-0.025
2.3,-3.434
2.243,-1.802
2.319,-0.904
2.301,0.26
2.057,-0.862
1.893,-0.804
2.01,-3.48
2.002,-2.109
2.004,-2.111
1.959,-2.696
1.989,0.365
1.894,-3.131
1.74,-1.456
1.704,-2.146
1.682,-1.926
1.744,-3.196
1.591,-1.732
1.667,-1.098
1.653,-2.073
1.521,-1.668
1.401,-0.731
1.142,-2.512
1.289,-1.812
1.077,0.241
1.05,-3.298
1.015,0.05
1.067,-1.025
0.905,-1.745
0.901,-3.417
1.01,-0.739
0.877,-0.417
0.847,-1.276
0.846,-1.725
0.817,-2.494
0.912,-2.359
0.924,0.315
0.801,-2.011
0.879,-2.801
0.748,0.152
0.733,-1.14
0.687,-2.803
0.705,-3.312
0.505,-3.35
0.447,-3.236
0.445,-0.156
0.551,0.304
0.474,-1.461
0.457,-1.374
0.378,-1.592
0.404,-3.296
0.233,-2.023
0.193,0.18
0.054,-3.144
0.075,-0.688
0.033,0.257
0.161,-2.763
-0.14,-2.43
-0.004,-3.409
-0.141,-3.406
-0.135,-0.782
-0.203,-1.429
-0.206,-2.476
-0.449,-2.481
-0.295,0.254
-0.465,-0.617
-0.476,0.44
-0.345,-3.154
-0.504,-1.961
-0.532,-3.136
-0.717,0.041
-0.724,-2.349
-0.703,-1.345
-0.68,-0.737
-0.683,-1.07
-0.846,-1.357
-0.756,-1.502
-0.881,-2.357
-0.864,-0.708
-1.08,-0.062
-1.154,0.446
-1.096,0.221
-1.237,-2.991
-1.193,-0.035
-1.372,-3.216
-1.539,-1.104
-1.614,-0.424
-1.627,-3.37
-1.595,-3.256
-1.594,0.468
-1.652,-1.365
-1.819,-0.837
-1.849,-3.318
-1.983,-2.225
-2.172,-1.637
-2.146,-3.544
-2.206,-3.544
-2.1,-0.99
-2.133,-1.556
-2.118,-0.865
-2.662,-2.577
-2.67,-2.352
-2.817,-1.356
-2.793,-2.522
-2.911,-2.436
-2.819,-0.771
-2.971,-1.491
-2.86,-1.83
-2.86,-0.93
-2.998,-2.067
-2.927,-1.735
-3.126,-0.751
-3.012,-3.171
3.054,-3.377
2.397,-3.544
2.514,-3.585
2.311,-3.49
1.852,-3.823
1.88,-3.894
1.617,-3.742
1.697,-3.545
1.585,-3.582
0.903,-3.753
0.969,-3.501
0.995,-3.619
0.658,-3.612
0.496,-3.851
-0.311,-3.712
-0.306,-3.921
-0.569,-3.695
-0.575,-3.716
-2.699,-3.809
3.099,-3.64
3.044,0.605
2.869,0.836
2.07,0.891
1.762,0.668
1.103,0.571
0.903,0.529
-0.101,0.657
-0.119,0.565
-0.236,0.573
-0.661,0.7
-1.064,0.569
-1.738,0.744
-2.195,0.598
-2.457,0.582
2.155,-1.389
1.771,-1.388
0.926,-2.013
-1.14,-1.388
-1.322,-0.772
-2.042,-0.022
-2.311,0.191
-2.903,-2.922
-0.864,-1.079
-1.551,-0.716
-2.433,-0.784
-2.45,0.1
-2.446,-0.466
-2.51,0.101
-2.501,-1.466
-2.529,-0.059
-2.613,-0.674
-2.651,-0.641
-2.731,-1.323
-2.763,-0.101
-2.687,0.008
-2.819,-0.899
-2.911,-1.332
1.452,-2.283
0.161,-1.154
-2.493,-2.679
-2.919,-1.222
3.108,-1.165
1.382,-3.514
1.264,-3.384
-0.181,-3.267
0.832,0.42
1.451,-3.453
0.852,-3.629
-0.048,-0.672
-0.117,-0.296
-0.182,-0.13
-0.123,-0.454
-0.172,-2.012
-0.183,-0.025
-0.314,-0.351
-0.318,0.533
-0.27,-1.447
-0.371,0.752
-0.456,-1.48
-0.503,-2.216
-0.514,-2.919
-0.508,-0.221
-0.556,-0.418
-0.517,0.048
-0.565,0.21
-0.701,-1.298
-0.65,-1.57
-0.647,-0.415
-0.761,-3.08
-0.718,-2.628
-0.812,-1.042
-0.738,0.323
-0.832,-0.953
-0.798,-3.141
-0.844,-0.114
-0.78,0.234
-0.855,-0.661
-0.865,-0.443
-0.892,-3.273
-0.953,-0.845
-0.929,-3.094
-0.953,0.691
-1.043,-2.318
-1.187,-0.987
-1.144,-1.687
-1.23,0.343
-1.273,-1.082
-1.255,-2.085
-1.369,-0.64
-1.369,-2.607
-1.438,-1.544
-1.505,0.384
-1.59,0.62
-1.693,-1.267
-1.684,-2.566
-1.701,-0.829
-1.79,-2.112
-1.849,-1.842
-1.887,-2.558
-1.91,-1.914
-1.836,-1.096
-1.849,-1.179
-1.945,-0.225
-1.907,-1.617
-1.976,-0.246
-2.011,-1.036
-2.006,-0.04
-2.066,-1.327
-2.016,0.381
-2.018,-3.167
-2.112,-1.364
-2.064,0.122
-2.078,-2.002
-2.052,0.291
-2.126,0.038
-2.119,-1.41
-2.131,-0.104
-2.115,-1.452
-2.182,-0.107
-2.125,-1.314
-2.233,0.624
-2.168,-1.351
-2.168,-3.142
-2.234,-0.068
-2.274,-0.629
-2.312,-2.012
-2.261,0.121
-2.264,-0.404
-2.267,-1.825
-2.378,-1.171
-2.319,-1.775
-2.31,-1.86
-2.406,-2.077
-2.44,-2.227
-2.599,-1.994
-2.542,-1.256
-2.609,-1.813
-2.695,-2.498
-2.814,-0.981
-2.844,-0.324
-2.832,-1.165
-2.861,0.647
-2.837,-0.286
-2.892,0.103
-2.913,0.562
-2.969,-3.202
-2.905,-0.688
-2.954,0.617
-2.989,0.008
-3.023,-2.468
3.138,-0.384
-3.086,0.458
-3.112,0.04
3.095,-2.605
2.136,-3.251
1.457,-3.216
1.43,-3.276
1.007,-3.536
0.961,-3.345
0.679,-3.641
0.675,-3.539
0.522,-3.264
0.259,-3.291
-0.22,-3.55
-0.222,-3.287
-0.574,-3.721
-0.603,-3.49
-0.844,-3.465
-1.27,-3.65
-1.437,-3.391
-1.999,-3.369
-2.084,-3.301
-2.67,-3.323
-2.646,-3.388
-3.09,-3.198
2.942,0.798
2.698,1.01
2.455,0.782
1.619,0.969
1.354,0.93
1.157,0.91
1.085,0.838
0.963,1.072
0.751,1.116
0.587,0.901
0.555,0.802
0.208,1.123
-1.73,1.051
-1.681,0.893
-1.851,1.101
-1.879,1.097
-1.958,1.075
-2.155,0.758
-2.69,1.062
-2.933,1.172
-3.073,0.844
1.296,-3.012
0.74,0.503
0.41,-2.784
-0.036,0.662
-1.916,0.392
-1.912,-1.707
-1.961,0.545
-2.671,-2.884
-2.913,0.052
-2.831,-0.22
2.438,-3.379
-0.876,-3.674
-2.554,-3.607
1.445,0.781
-2.178,1.057
2.89,-2.938
2.858,-1.498
2.818,0.329
2.7,-1.922
2.846,-2.992
2.691,-1.2
2.597,-1.626
2.586,0.232
2.402,-3.177
2.345,-1.545
2.421,-0.647
2.403,0.517
2.159,-0.605
1.995,-0.547
2.112,-3.223
2.104,-1.852
2.106,-1.854
2.061,-2.439
2.091,0.622
1.996,-2.874
1.842,-1.199
1.806,-1.889
1.784,-1.669
1.846,-2.939
1.693,-1.475
1.769,-0.841
1.755,-1.816
1.623,-1.411
1.503,-0.474
1.244,-2.255
1.391,-1.555
1.179,0.498
1.152,-3.041
1.117,0.307
1.169,-0.768
1.007,-1.488
1.003,-3.16
1.112,-0.482
0.979,-0.16
0.949,-1.019
0.948,-1.468
0.919,-2.237
1.014,-2.102
1.026,0.572
0.903,-1.754
0.981,-2.544
0.85,0.409
0.835,-0.883
0.789,-2.546
0.807,-3.055
0.607,-3.093
0.549,-2.979
0.547,0.101
0.653,0.561
0.576,-1.204
0.559,-1.117
0.48,-1.335
0.506,-3.039
0.335,-1.766
0.295,0.437
0.156,-2.887
0.177,-0.431
0.135,0.514
0.263,-2.506
-0.038,-2.173
0.098,-3.152
-0.039,-3.149
-0.033,-0.525
-0.101,-1.172
-0.104,-2.219
-0.347,-2.224
-0.193,0.511
-0.363,-0.36
-0.374,0.697
-0.243,-2.897
-0.402,-1.704
-0.43,-2.879
-0.615,0.298
-0.622,-2.092
-0.601,-1.088
-0.578,-0.48
-0.581,-0.813
-0.744,-1.1
-0.654,-1.245
-0.779,-2.1
-0.762,-0.451
-0.978,0.195
-1.052,0.703
-0.994,0.478
-1.135,-2.734
-1.091,0.222
-1.27,-2.959
-1.437,-0.847
-1.512,-0.167
-1.525,-3.113
-1.493,-2.999
-1.492,0.725
-1.55,-1.108
-1.717,-0.58
-1.747,-3.061
-1.881,-1.968
-2.07,-1.38
-2.044,-3.287
-2.104,-3.287
-1.998,-0.733
-2.031,-1.299
-2.016,-0.608
-2.56,-2.32
-2.568,-2.095
-2.715,-1.099
-2.691,-2.265
-2.809,-2.179
-2.717,-0.514
-2.869,-1.234
-2.758,-1.573
-2.758,-0.673
-2.896,-1.81
-2.825,-1.478
-3.024,-0.494
-2.91,-2.914
-3.127,-3.12
2.499,-3.287
2.616,-3.328
2.413,-3.233
1.954,-3.566
1.982,-3.637
1.719,-3.485
1.799,-3.288
1.687,-3.325
1.005,-3.496
1.071,-3.244
1.097,-3.362
0.76,-3.355
0.598,-3.594
-0.209,-3.455
-0.204,-3.664
-0.467,-3.438
-0.473,-3.459
-2.597,-3.552
-3.082,-3.383
-3.137,0.862
2.971,1.093
2.172,1.148
1.864,0.925
1.205,0.828
1.005,0.786
0.001,0.914
-0.017,0.822
-0.134,0.83
-0.559,0.957
-0.962,0.826
-1.636,1.001
-2.093,0.855
-2.355,0.839
2.257,-1.132
1.873,-1.131
1.028,-1.756
-1.038,-1.131
-1.22,-0.515
-1.94,0.235
-2.209,0.448
-2.801,-2.665
-0.762,-0.822
-1.449,-0.459
-2.331,-0.527
-2.348,0.357
-2.344,-0.209
-2.408,0.358
-2.399,-1.209
-2.427,0.198
-2.511,-0.417
-2.549,-0.384
-2.629,-1.066
-2.661,0.156
-2.585,0.265
-2.717,-0.642
-2.809,-1.075
1.554,-2.026
0.263,-0.897
-2.391,-2.422
-2.817,-0.965
-3.073,-0.908
1.484,-3.257
1.366,-3.127
-0.079,-3.01
0.934,0.677
1.553,-3.196
0.954,-3.372
-0.069,0.376
-0.134,0.542
-0.075,0.218
-0.124,-1.34
-0.135,0.647
-0.266,0.321
-0.27,1.205
-0.222,-0.775
-0.323,1.424
-0.408,-0.808
-0.455,-1.544
-0.466,-2.247
-0.46,0.451
-0.508,0.254
-0.469,0.72
-0.517,0.882
-0.653,-0.626
-0.602,-0.898
-0.599,0.257
-0.713,-2.408
-0.67,-1.956
-0.764,-0.37
-0.69,0.995
-0.784,-0.281
-0.75,-2.469
-0.796,0.558
-0.732,0.906
-0.807,0.011
-0.817,0.229
-0.844,-2.601
-0.905,-0.173
-0.881,-2.422
-0.905,1.363
-0.995,-1.646
-1.139,-0.315
-1.096,-1.015
-1.182,1.015
-1.225,-0.41
-1.207,-1.413
-1.321,0.032
-1.321,-1.935
-1.39,-0.872
-1.457,1.056
-1.542,1.292
-1.645,-0.595
-1.636,-1.894
-1.653,-0.157
-1.742,-1.44
-1.801,-1.17
-1.839,-1.886
-1.862,-1.242
-1.788,-0.424
-1.801,-0.507
-1.897,0.447
-1.859,-0.945
-1.928,0.426
-1.963,-0.364
-1.958,0.632
-2.018,-0.655
-1.968,1.053
-1.97,-2.495
-2.064,-0.692
-2.016,0.794
-2.03,-1.33
-2.004,0.963
-2.078,0.71
-2.071,-0.738
-2.083,0.568
-2.067,-0.78
-2.134,0.565
-2.077,-0.642
-2.185,1.296
-2.12,-0.679
-2.12,-2.47
-2.186,0.604
-2.226,0.043
-2.264,-1.34
-2.213,0.793
-2.216,0.268
-2.219,-1.153
-2.33,-0.499
-2.271,-1.103
-2.262,-1.188
-2.358,-1.405
-2.392,-1.555
-2.551,-1.322
-2.494,-0.584
-2.561,-1.141
-2.647,-1.826
-2.766,-0.309
-2.796,0.348
-2.784,-0.493
-2.813,1.319
-2.789,0.386
-2.844,0.775
-2.865,1.234
-2.921,-2.53
-2.857,-0.016
-2.906,1.289
-2.941,0.68
-2.975,-1.796
-3.097,0.288
-3.038,1.13
-3.064,0.712
-3.14,-1.933
2.184,-2.579
1.505,-2.544
1.478,-2.604
1.055,-2.864
1.009,-2.673
0.727,-2.969
0.723,-2.867
0.57,-2.592
0.307,-2.619
-0.172,-2.878
-0.174,-2.615
-0.526,-3.049
-0.555,-2.818
-0.796,-2.793
-1.222,-2.978
-1.389,-2.719
-1.951,-2.697
-2.036,-2.629
-2.622,-2.651
-2.598,-2.716
-3.042,-2.526
2.99,1.47
2.746,1.682
2.503,1.454
1.667,1.641
1.402,1.602
1.205,1.582
1.133,1.51
1.011,1.744
0.799,1.788
0.635,1.573
0.603,1.474
0.256,1.795
-1.682,1.723
-1.633,1.565
-1.803,1.773
-1.831,1.769
-1.91,1.747
-2.107,1.43
-2.642,1.734
-2.885,1.844
-3.025,1.516
1.344,-2.34
0.788,1.175
0.458,-2.112
0.012,1.334
-1.868,1.064
-1.864,-1.035
-1.913,1.217
-2.623,-2.212
-2.865,0.724
-2.783,0.452
2.486,-2.707
-0.828,-3.002
-2.506,-2.935
1.493,1.453
-2.13,1.729
2.938,-2.266
2.906,-0.826
2.866,1.001
2.748,-1.25
2.894,-2.32
2.739,-0.528
2.645,-0.954
2.634,0.904
2.45,-2.505
2.393,-0.873
2.469,0.025
2.451,1.189
2.207,0.067
2.043,0.125
2.16,-2.551
2.152,-1.18
2.154,-1.182
2.109,-1.767
2.139,1.294
2.044,-2.202
1.89,-0.527
1.854,-1.217
1.832,-0.997
1.894,-2.267
1.741,-0.803
1.817,-0.169
1.803,-1.144
1.671,-0.739
1.551,0.198
1.292,-1.583
1.439,-0.883
1.227,1.17
1.2,-2.369
1.165,0.979
1.217,-0.096
1.055,-0.816
1.051,-2.488
1.16,0.19
1.027,0.512
0.997,-0.347
0.996,-0.796
0.967,-1.565
1.062,-1.43
1.074,1.244
0.951,-1.082
1.029,-1.872
0.898,1.081
0.883,-0.211
0.837,-1.874
0.855,-2.383
0.655,-2.421
0.597,-2.307
0.595,0.773
0.701,1.233
0.624,-0.532
0.607,-0.445
0.528,-0.663
0.554,-2.367
0.383,-1.094
0.343,1.109
0.204,-2.215
0.225,0.241
0.183,1.186
0.311,-1.834
0.01,-1.501
0.146,-2.48
0.009,-2.477
0.015,0.147
-0.053,-0.5
-0.056,-1.547
-0.299,-1.552
-0.145,1.183
-0.315,0.312
-0.326,1.369
-0.195,-2.225
-0.354,-1.032
-0.382,-2.207
-0.567,0.97
-0.574,-1.42
-0.553,-0.416
-0.53,0.192
-0.533,-0.141
-0.696,-0.428
-0.606,-0.573
-0.731,-1.428
-0.714,0.221
-0.93,0.867
-1.004,1.375
-0.946,1.15
-1.087,-2.062
-1.043,0.894
-1.222,-2.287
-1.389,-0.175
-1.464,0.505
-1.477,-2.441
-1.445,-2.327
-1.444,1.397
-1.502,-0.436
-1.669,0.092
-1.699,-2.389
-1.833,-1.296
-2.022,-0.708
-1.996,-2.615
-2.056,-2.615
-1.95,-0.061
-1.983,-0.627
-1.968,0.064
-2.512,-1.648
-2.52,-1.423
-2.667,-0.427
-2.643,-1.593
-2.761,-1.507
-2.669,0.158
-2.821,-0.562
-2.71,-0.901
-2.71,-0.001
-2.848,-1.138
-2.777,-0.806
-2.976,0.178
-2.862,-2.242
-3.079,-2.448
2.547,-2.615
2.664,-2.656
2.461,-2.561
2.002,-2.894
2.03,-2.965
1.767,-2.813
1.847,-2.616
1.735,-2.653
1.053,-2.824
1.119,-2.572
1.145,-2.69
0.808,-2.683
0.646,-2.922
-0.161,-2.783
-0.156,-2.992
-0.419,-2.766
-0.425,-2.787
-2.549,-2.88
-3.034,-2.711
-3.089,1.534
3.019,1.765
2.22,1.82
1.912,1.597
1.253,1.5
1.053,1.458
0.049,1.586
0.031,1.494
-0.086,1.502
-0.511,1.629
-0.914,1.498
-1.588,1.673
-2.045,1.527
-2.307,1.511
2.305,-0.46
1.921,-0.459
1.076,-1.084
-0.99,-0.459
-1.172,0.157
-1.892,0.907
-2.161,1.12
-2.753,-1.993
-0.714,-0.15
-1.401,0.213
-2.283,0.145
-2.3,1.029
-2.296,0.463
-2.36,1.03
-2.351,-0.537
-2.379,0.87
-2.463,0.255
-2.501,0.288
-2.581,-0.394
-2.613,0.828
-2.537,0.937
-2.669,0.03
-2.761,-0.403
1.602,-1.354
0.311,-0.225
-2.343,-1.75
-2.769,-0.293
-3.025,-0.236
1.532,-2.585
1.414,-2.455
-0.031,-2.338
0.982,1.349
1.601,-2.524
1.002,-2.7
-0.065,0.166
-0.006,-0.158
-0.055,-1.716
-0.066,0.271
-0.197,-0.055
-0.201,0.829
-0.153,-1.151
-0.254,1.048
-0.339,-1.184
-0.386,-1.92
-0.397,-2.623
-0.391,0.075
-0.439,-0.122
-0.4,0.344
-0.448,0.506
-0.584,-1.002
-0.533,-1.274
-0.53,-0.119
-0.644,-2.784
-0.601,-2.332
-0.695,-0.746
-0.621,0.619
-0.715,-0.657
-0.681,-2.845
-0.727,0.182
-0.663,0.53
-0.738,-0.365
-0.748,-0.147
-0.775,-2.977
-0.836,-0.549
-0.812,-2.798
-0.836,0.987
-0.926,-2.022
-1.07,-0.691
-1.027,-1.391
-1.113,0.639
-1.156,-0.786
-1.138,-1.789
-1.252,-0.344
-1.252,-2.311
-1.321,-1.248
-1.388,0.68
-1.473,0.916
-1.576,-0.971
-1.567,-2.27
-1.584,-0.533
-1.673,-1.816
-1.732,-1.546
-1.77,-2.262
-1.793,-1.618
-1.719,-0.8
-1.732,-0.883
-1.828,0.071
-1.79,-1.321
-1.859,0.05
-1.894,-0.74
-1.889,0.256
-1.949,-1.031
-1.899,0.677
-1.901,-2.871
-1.995,-1.068
-1.947,0.418
-1.961,-1.706
-1.935,0.587
-2.009,0.334
-2.002,-1.114
-2.014,0.192
-1.998,-1.156
-2.065,0.189
-2.008,-1.018
-2.116,0.92
-2.051,-1.055
-2.051,-2.846
-2.117,0.228
-2.157,-0.333
-2.195,-1.716
-2.144,0.417
-2.147,-0.108
-2.15,-1.529
-2.261,-0.875
-2.202,-1.479
-2.193,-1.564
-2.289,-1.781
-2.323,-1.931
-2.482,-1.698
-2.425,-0.96
-2.492,-1.517
-2.578,-2.202
-2.697,-0.685
-2.727,-0.028
-2.715,-0.869
-2.744,0.943
-2.72,0.01
-2.775,0.399
-2.796,0.858
-2.852,-2.906
-2.788,-0.392
-2.837,0.913
-2.872,0.304
-2.906,-2.172
-3.028,-0.088
-2.969,0.754
-2.995,0.336
-3.071,-2.309
2.253,-2.955
1.574,-2.92
1.547,-2.98
1.124,-3.24
1.078,-3.049
0.796,-3.345
0.792,-3.243
0.639,-2.968
0.376,-2.995
-0.103,-3.254
-0.105,-2.991
-0.457,-3.425
-0.486,-3.194
-0.727,-3.169
-1.153,-3.354
-1.32,-3.095
-1.882,-3.073
-1.967,-3.005
-2.553,-3.027
-2.529,-3.092
-2.973,-2.902
3.059,1.094
2.815,1.306
2.572,1.078
1.736,1.265
1.471,1.226
1.274,1.206
1.202,1.134
1.08,1.368
0.868,1.412
0.704,1.197
0.672,1.098
0.325,1.419
-1.613,1.347
-1.564,1.189
-1.734,1.397
-1.762,1.393
-1.841,1.371
-2.038,1.054
-2.573,1.358
-2.816,1.468
-2.956,1.14
1.413,-2.716
0.857,0.799
0.527,-2.488
0.081,0.958
-1.799,0.688
-1.795,-1.411
-1.844,0.841
-2.554,-2.588
-2.796,0.348
-2.714,0.076
2.555,-3.083
-0.759,-3.378
-2.437,-3.311
1.562,1.077
-2.061,1.353
3.007,-2.642
2.975,-1.202
2.935,0.625
2.817,-1.626
2.963,-2.696
2.808,-0.904
2.714,-1.33
2.703,0.528
2.519,-2.881
2.462,-1.249
2.538,-0.351
2.52,0.813
2.276,-0.309
2.112,-0.251
2.229,-2.927
2.221,-1.556
2.223,-1.558
2.178,-2.143
2.208,0.918
2.113,-2.578
1.959,-0.903
1.923,-1.593
1.901,-1.373
1.963,-2.643
1.81,-1.179
1.886,-0.545
1.872,-1.52
1.74,-1.115
1.62,-0.178
1.361,-1.959
1.508,-1.259
1.296,0.794
1.269,-2.745
1.234,0.603
1.286,-0.472
1.124,-1.192
1.12,-2.864
1.229,-0.186
1.096,0.136
1.066,-0.723
1.065,-1.172
1.036,-1.941
1.131,-1.806
1.143,0.868
1.02,-1.458
1.098,-2.248
0.967,0.705
0.952,-0.587
0.906,-2.25
0.924,-2.759
0.724,-2.797
0.666,-2.683
0.664,0.397
0.77,0.857
0.693,-0.908
0.676,-0.821
0.597,-1.039
0.623,-2.743
0.452,-1.47
0.412,0.733
0.273,-2.591
0.294,-0.135
0.252,0.81
0.38,-2.21
0.079,-1.877
0.215,-2.856
0.078,-2.853
0.084,-0.229
0.016,-0.876
0.013,-1.923
-0.23,-1.928
-0.076,0.807
-0.246,-0.064
-0.257,0.993
-0.126,-2.601
-0.285,-1.408
-0.313,-2.583
-0.498,0.594
-0.505,-1.796
-0.484,-0.792
-0.461,-0.184
-0.464,-0.517
-0.627,-0.804
-0.537,-0.949
-0.662,-1.804
-0.645,-0.155
-0.861,0.491
-0.935,0.999
-0.877,0.774
-1.018,-2.438
-0.974,0.518
-1.153,-2.663
-1.32,-0.551
-1.395,0.129
-1.408,-2.817
-1.376,-2.703
-1.375,1.021
-1.433,-0.812
-1.6,-0.284
-1.63,-2.765
-1.764,-1.672
-1.953,-1.084
-1.927,-2.991
-1.987,-2.991
-1.881,-0.437
-1.914,-1.003
-1.899,-0.312
-2.443,-2.024
-2.451,-1.799
-2.598,-0.803
-2.574,-1.969
-2.692,-1.883
-2.6,-0.218
-2.752,-0.938
-2.641,-1.277
-2.641,-0.377
-2.779,-1.514
-2.708,-1.182
-2.907,-0.198
-2.793,-2.618
-3.01,-2.824
2.616,-2.991
2.733,-3.032
2.53,-2.937
2.071,-3.27
2.099,-3.341
1.836,-3.189
1.916,-2.992
1.804,-3.029
1.122,-3.2
1.188,-2.948
1.214,-3.066
0.877,-3.059
0.715,-3.298
-0.092,-3.159
-0.087,-3.368
-0.35,-3.142
-0.356,-3.163
-2.48,-3.256
-2.965,-3.087
-3.02,1.158
3.088,1.389
2.289,1.444
1.981,1.221
1.322,1.124
1.122,1.082
0.118,1.21
0.1,1.118
-0.017,1.126
-0.442,1.253
-0.845,1.122
-1.519,1.297
-1.976,1.151
-2.238,1.135
2.374,-0.836
1.99,-0.835
1.145,-1.46
-0.921,-0.835
-1.103,-0.219
-1.823,0.531
-2.092,0.744
-2.684,-2.369
-0.645,-0.526
-1.332,-0.163
-2.214,-0.231
-2.231,0.653
-2.227,0.087
-2.291,0.654
-2.282,-0.913
-2.31,0.494
-2.394,-0.121
-2.432,-0.088
-2.512,-0.77
-2.544,0.452
-2.468,0.561
-2.6,-0.346
-2.692,-0.779
1.671,-1.73
0.38,-0.601
-2.274,-2.126
-2.7,-0.669
-2.956,-0.612
1.601,-2.961
1.483,-2.831
0.038,-2.714
1.051,0.973
1.67,-2.9
1.071,-3.076
0.059,-0.324
0.01,-1.882
-0.001,0.105
-0.132,-0.221
-0.136,0.663
-0.088,-1.317
-0.189,0.882
-0.274,-1.35
-0.321,-2.086
-0.332,-2.789
-0.326,-0.091
-0.374,-0.288
-0.335,0.178
-0.383,0.34
-0.519,-1.168
-0.468,-1.44
-0.465,-0.285
-0.579,-2.95
-0.536,-2.498
-0.63,-0.912
-0.556,0.453
-0.65,-0.823
-0.616,-3.011
-0.662,0.016
-0.598,0.364
-0.673,-0.531
-0.683,-0.313
-0.71,-3.143
-0.771,-0.715
-0.747,-2.964
-0.771,0.821
-0.861,-2.188
-1.005,-0.857
-0.962,-1.557
-1.048,0.473
-1.091,-0.952
-1.073,-1.955
-1.187,-0.51
-1.187,-2.477
-1.256,-1.414
-1.323,0.514
-1.408,0.75
-1.511,-1.137
-1.502,-2.436
-1.519,-0.699
-1.608,-1.982
-1.667,-1.712
-1.705,-2.428
-1.728,-1.784
-1.654,-0.966
-1.667,-1.049
-1.763,-0.095
-1.725,-1.487
-1.794,-0.116
-1.829,-0.906
-1.824,0.09
-1.884,-1.197
-1.834,0.511
-1.836,-3.037
-1.93,-1.234
-1.882,0.252
-1.896,-1.872
-1.87,0.421
-1.944,0.168
-1.937,-1.28
-1.949,0.026
-1.933,-1.322
-2.0,0.023
-1.943,-1.184
-2.051,0.754
-1.986,-1.221
-1.986,-3.012
-2.052,0.062
-2.092,-0.499
-2.13,-1.882
-2.079,0.251
-2.082,-0.274
-2.085,-1.695
-2.196,-1.041
-2.137,-1.645
-2.128,-1.73
-2.224,-1.947
-2.258,-2.097
-2.417,-1.864
-2.36,-1.126
-2.427,-1.683
-2.513,-2.368
-2.632,-0.851
-2.662,-0.194
-2.65,-1.035
-2.679,0.777
-2.655,-0.156
-2.71,0.233
-2.731,0.692
-2.787,-3.072
-2.723,-0.558
-2.772,0.747
-2.807,0.138
-2.841,-2.338
-2.963,-0.254
-2.904,0.588
-2.93,0.17
-3.006,-2.475
2.318,-3.121
1.639,-3.086
1.612,-3.146
1.189,-3.406
1.143,-3.215
0.861,-3.511
0.857,-3.409
0.704,-3.134
0.441,-3.161
-0.038,-3.42
-0.04,-3.157
-0.392,-3.591
-0.421,-3.36
-0.662,-3.335
-1.088,-3.52
-1.255,-3.261
-1.817,-3.239
-1.902,-3.171
-2.488,-3.193
-2.464,-3.258
-2.908,-3.068
3.124,0.928
2.88,1.14
2.637,0.912
1.801,1.099
1.536,1.06
1.339,1.04
1.267,0.968
1.145,1.202
0.933,1.246
0.769,1.031
0.737,0.932
0.39,1.253
-1.548,1.181
-1.499,1.023
-1.669,1.231
-1.697,1.227
-1.776,1.205
-1.973,0.888
-2.508,1.192
-2.751,1.302
-2.891,0.974
1.478,-2.882
0.922,0.633
0.592,-2.654
0.146,0.792
-1.734,0.522
-1.73,-1.577
-1.779,0.675
-2.489,-2.754
-2.731,0.182
-2.649,-0.09
2.62,-3.249
-0.694,-3.544
-2.372,-3.477
1.627,0.911
-1.996,1.187
3.072,-2.808
3.04,-1.368
3.0,0.459
2.882,-1.792
3.028,-2.862
2.873,-1.07
2.779,-1.496
2.768,0.362
2.584,-3.047
2.527,-1.415
2.603,-0.517
2.585,0.647
2.341,-0.475
2.177,-0.417
2.294,-3.093
2.286,-1.722
2.288,-1.724
2.243,-2.309
2.273,0.752
2.178,-2.744
2.024,-1.069
1.988,-1.759
1.966,-1.539
2.028,-2.809
1.875,-1.345
1.951,-0.711
1.937,-1.686
1.805,-1.281
1.685,-0.344
1.426,-2.125
1.573,-1.425
1.361,0.628
1.334,-2.911
1.299,0.437
1.351,-0.638
1.189,-1.358
1.185,-3.03
1.294,-0.352
1.161,-0.03
1.131,-0.889
1.13,-1.338
1.101,-2.107
1.196,-1.972
1.208,0.702
1.085,-1.624
1.163,-2.414
1.032,0.539
1.017,-0.753
0.971,-2.416
0.989,-2.925
0.789,-2.963
0.731,-2.849
0.729,0.231
0.835,0.691
0.758,-1.074
0.741,-0.987
0.662,-1.205
0.688,-2.909
0.517,-1.636
0.477,0.567
0.338,-2.757
0.359,-0.301
0.317,0.644
0.445,-2.376
0.144,-2.043
0.28,-3.022
0.143,-3.019
0.149,-0.395
0.081,-1.042
0.078,-2.089
-0.165,-2.094
-0.011,0.641
-0.181,-0.23
-0.192,0.827
-0.061,-2.767
-0.22,-1.574
-0.248,-2.749
-0.433,0.428
-0.44,-1.962
-0.419,-0.958
-0.396,-0.35
-0.399,-0.683
-0.562,-0.97
-0.472,-1.115
-0.597,-1.97
-0.58,-0.321
-0.796,0.325
-0.87,0.833
-0.812,0.608
-0.953,-2.604
-0.909,0.352
-1.088,-2.829
-1.255,-0.717
-1.33,-0.037
-1.343,-2.983
-1.311,-2.869
-1.31,0.855
-1.368,-0.978
-1.535,-0.45
-1.565,-2.931
-1.699,-1.838
-1.888,-1.25
-1.862,-3.157
-1.922,-3.157
-1.816,-0.603
-1.849,-1.169
-1.834,-0.478
-2.378,-2.19
-2.386,-1.965
-2.533,-0.969
-2.509,-2.135
-2.627,-2.049
-2.535,-0.384
-2.687,-1.104
-2.576,-1.443
-2.576,-0.543
-2.714,-1.68
-2.643,-1.348
-2.842,-0.364
-2.728,-2.784
-2.945,-2.99
2.681,-3.157
2.798,-3.198
2.595,-3.103
2.136,-3.436
2.164,-3.507
1.901,-3.355
1.981,-3.158
1.869,-3.195
1.187,-3.366
1.253,-3.114
1.279,-3.232
0.942,-3.225
0.78,-3.464
-0.027,-3.325
-0.022,-3.534
-0.285,-3.308
-0.291,-3.329
-2.415,-3.422
-2.9,-3.253
-2.955,0.992
-3.13,1.223
2.354,1.278
2.046,1.055
1.387,0.958
1.187,0.916
0.183,1.044
0.165,0.952
0.048,0.96
-0.377,1.087
-0.78,0.956
-1.454,1.131
-1.911,0.985
-2.173,0.969
2.439,-1.002
2.055,-1.001
1.21,-1.626
-0.856,-1.001
-1.038,-0.385
-1.758,0.365
-2.027,0.578
-2.619,-2.535
-0.58,-0.692
-1.267,-0.329
-2.149,-0.397
-2.166,0.487
-2.162,-0.079
-2.226,0.488
-2.217,-1.079
-2.245,0.328
-2.329,-0.287
-2.367,-0.254
-2.447,-0.936
-2.479,0.286
-2.403,0.395
-2.535,-0.512
-2.627,-0.945
1.736,-1.896
0.445,-0.767
-2.209,-2.292
-2.635,-0.835
-2.891,-0.778
1.666,-3.127
1.548,-2.997
0.103,-2.88
1.116,0.807
1.735,-3.066
1.136,-3.242
-0.049,-1.558
-0.06,0.429
-0.191,0.103
-0.195,0.987
-0.147,-0.993
-0.248,1.206
-0.333,-1.026
-0.38,-1.762
-0.391,-2.465
-0.385,0.233
-0.433,0.036
-0.394,0.502
-0.442,0.664
-0.578,-0.844
-0.527,-1.116
-0.524,0.039
-0.638,-2.626
-0.595,-2.174
-0.689,-0.588
-0.615,0.777
-0.709,-0.499
-0.675,-2.687
-0.721,0.34
-0.657,0.688
-0.732,-0.207
-0.742,0.011
-0.769,-2.819
-0.83,-0.391
-0.806,-2.64
-0.83,1.145
-0.92,-1.864
-1.064,-0.533
-1.021,-1.233
-1.107,0.797
-1.15,-0.628
-1.132,-1.631
-1.246,-0.186
-1.246,-2.153
-1.315,-1.09
-1.382,0.838
-1.467,1.074
-1.57,-0.813
-1.561,-2.112
-1.578,-0.375
-1.667,-1.658
-1.726,-1.388
-1.764,-2.104
-1.787,-1.46
-1.713,-0.642
-1.726,-0.725
-1.822,0.229
-1.784,-1.163
-1.853,0.208
-1.888,-0.582
-1.883,0.414
-1.943,-0.873
-1.893,0.835
-1.895,-2.713
-1.989,-0.91
-1.941,0.576
-1.955,-1.548
-1.929,0.745
-2.003,0.492
-1.996,-0.956
-2.008,0.35
-1.992,-0.998
-2.059,0.347
-2.002,-0.86
-2.11,1.078
-2.045,-0.897
-2.045,-2.688
-2.111,0.386
-2.151,-0.175
-2.189,-1.558
-2.138,0.575
-2.141,0.05
-2.144,-1.371
-2.255,-0.717
-2.196,-1.321
-2.187,-1.406
-2.283,-1.623
-2.317,-1.773
-2.476,-1.54
-2.419,-0.802
-2.486,-1.359
-2.572,-2.044
-2.691,-0.527
-2.721,0.13
-2.709,-0.711
-2.738,1.101
-2.714,0.168
-2.769,0.557
-2.79,1.016
-2.846,-2.748
-2.782,-0.234
-2.831,1.071
-2.866,0.462
-2.9,-2.014
-3.022,0.07
-2.963,0.912
-2.989,0.494
-3.065,-2.151
2.259,-2.797
1.58,-2.762
1.553,-2.822
1.13,-3.082
1.084,-2.891
0.802,-3.187
0.798,-3.085
0.645,-2.81
0.382,-2.837
-0.097,-3.096
-0.099,-2.833
-0.451,-3.267
-0.48,-3.036
-0.721,-3.011
-1.147,-3.196
-1.314,-2.937
-1.876,-2.915
-1.961,-2.847
-2.547,-2.869
-2.523,-2.934
-2.967,-2.744
3.065,1.252
2.821,1.464
2.578,1.236
1.742,1.423
1.477,1.384
1.28,1.364
1.208,1.292
1.086,1.526
0.874,1.57
0.71,1.355
0.678,1.256
0.331,1.577
-1.607,1.505
-1.558,1.347
-1.728,1.555
-1.756,1.551
-1.835,1.529
-2.032,1.212
-2.567,1.516
-2.81,1.626
-2.95,1.298
1.419,-2.558
0.863,0.957
0.533,-2.33
0.087,1.116
-1.793,0.846
-1.789,-1.253
-1.838,0.999
-2.548,-2.43
-2.79,0.506
-2.708,0.234
2.561,-2.925
-0.753,-3.22
-2.431,-3.153
1.568,1.235
-2.055,1.511
3.013,-2.484
2.981,-1.044
2.941,0.783
2.823,-1.468
2.969,-2.538
2.814,-0.746
2.72,-1.172
2.709,0.686
2.525,-2.723
2.468,-1.091
2.544,-0.193
2.526,0.971
2.282,-0.151
2.118,-0.093
2.235,-2.769
2.227,-1.398
2.229,-1.4
2.184,-1.985
2.214,1.076
2.119,-2.42
1.965,-0.745
1.929,-1.435
1.907,-1.215
1.969,-2.485
1.816,-1.021
1.892,-0.387
1.878,-1.362
1.746,-0.957
1.626,-0.02
1.367,-1.801
1.514,-1.101
1.302,0.952
1.275,-2.587
1.24,0.761
1.292,-0.314
1.13,-1.034
1.126,-2.706
1.235,-0.028
1.102,0.294
1.072,-0.565
1.071,-1.014
1.042,-1.783
1.137,-1.648
1.149,1.026
1.026,-1.3
1.104,-2.09
0.973,0.863
0.958,-0.429
0.912,-2.092
0.93,-2.601
0.73,-2.639
0.672,-2.525
0.67,0.555
0.776,1.015
0.699,-0.75
0.682,-0.663
0.603,-0.881
0.629,-2.585
0.458,-1.312
0.418,0.891
0.279,-2.433
0.3,0.023
0.258,0.968
0.386,-2.052
0.085,-1.719
0.221,-2.698
0.084,-2.695
0.09,-0.071
0.022,-0.718
0.019,-1.765
-0.224,-1.77
-0.07,0.965
-0.24,0.094
-0.251,1.151
-0.12,-2.443
-0.279,-1.25
-0.307,-2.425
-0.492,0.752
-0.499,-1.638
-0.478,-0.634
-0.455,-0.026
-0.458,-0.359
-0.621,-0.646
-0.531,-0.791
-0.656,-1.646
-0.639,0.003
-0.855,0.649
-0.929,1.157
-0.871,0.932
-1.012,-2.28
-0.968,0.676
-1.147,-2.505
-1.314,-0.393
-1.389,0.287
-1.402,-2.659
-1.37,-2.545
-1.369,1.179
-1.427,-0.654
-1.594,-0.126
-1.624,-2.607
-1.758,-1.514
-1.947,-0.926
-1.921,-2.833
-1.981,-2.833
-1.875,-0.279
-1.908,-0.845
-1.893,-0.154
-2.437,-1.866
-2.445,-1.641
-2.592,-0.645
-2.568,-1.811
-2.686,-1.725
-2.594,-0.06
-2.746,-0.78
-2.635,-1.119
-2.635,-0.219
-2.773,-1.356
-2.702,-1.024
-2.901,-0.04
-2.787,-2.46
-3.004,-2.666
2.622,-2.833
2.739,-2.874
2.536,-2.779
2.077,-3.112
2.105,-3.183
1.842,-3.031
1.922,-2.834
1.81,-2.871
1.128,-3.042
1.194,-2.79
1.22,-2.908
0.883,-2.901
0.721,-3.14
-0.086,-3.001
-0.081,-3.21
-0.344,-2.984
-0.35,-3.005
-2.474,-3.098
-2.959,-2.929
-3.014,1.316
3.094,1.547
2.295,1.602
1.987,1.379
1.328,1.282
1.128,1.24
0.124,1.368
0.106,1.276
-0.011,1.284
-0.436,1.411
-0.839,1.28
-1.513,1.455
-1.97,1.309
-2.232,1.293
2.38,-0.678
1.996,-0.677
1.151,-1.302
-0.915,-0.677
-1.097,-0.061
-1.817,0.689
-2.086,0.902
-2.678,-2.211
-0.639,-0.368
-1.326,-0.005
-2.208,-0.073
-2.225,0.811
-2.221,0.245
-2.285,0.812
-2.276,-0.755
-2.304,0.652
-2.388,0.037
-2.426,0.07
-2.506,-0.612
-2.538,0.61
-2.462,0.719
-2.594,-0.188
-2.686,-0.621
1.677,-1.572
0.386,-0.443
-2.268,-1.968
-2.694,-0.511
-2.95,-0.454
1.607,-2.803
1.489,-2.673
0.044,-2.556
1.057,1.131
1.676,-2.742
1.077,-2.918
-0.011,1.987
-0.142,1.661
-0.146,2.545
-0.098,0.565
-0.199,2.764
-0.284,0.532
-0.331,-0.204
-0.342,-0.907
-0.336,1.791
-0.384,1.594
-0.345,2.06
-0.393,2.222
-0.529,0.714
-0.478,0.442
-0.475,1.597
-0.589,-1.068
-0.546,-0.616
-0.64,0.97
-0.566,2.335
-0.66,1.059
-0.626,-1.129
-0.672,1.898
-0.608,2.246
-0.683,1.351
-0.693,1.569
-0.72,-1.261
-0.781,1.167
-0.757,-1.082
-0.781,2.703
-0.871,-0.306
-1.015,1.025
-0.972,0.325
-1.058,2.355
-1.101,0.93
-1.083,-0.073
-1.197,1.372
-1.197,-0.595
-1.266,0.468
-1.333,2.396
-1.418,2.632
-1.521,0.745
-1.512,-0.554
-1.529,1.183
-1.618,-0.1
-1.677,0.17
-1.715,-0.546
-1.738,0.098
-1.664,0.916
-1.677,0.833
-1.773,1.787
-1.735,0.395
-1.804,1.766
-1.839,0.976
-1.834,1.972
-1.894,0.685
-1.844,2.393
-1.846,-1.155
-1.94,0.648
-1.892,2.134
-1.906,0.01
-1.88,2.303
-1.954,2.05
-1.947,0.602
-1.959,1.908
-1.943,0.56
-2.01,1.905
-1.953,0.698
-2.061,2.636
-1.996,0.661
-1.996,-1.13
-2.062,1.944
-2.102,1.383
-2.14,0.0
-2.089,2.133
-2.092,1.608
-2.095,0.187
-2.206,0.841
-2.147,0.237
-2.138,0.152
-2.234,-0.065
-2.268,-0.215
-2.427,0.018
-2.37,0.756
-2.437,0.199
-2.523,-0.486
-2.642,1.031
-2.672,1.688
-2.66,0.847
-2.689,2.659
-2.665,1.726
-2.72,2.115
-2.741,2.574
-2.797,-1.19
-2.733,1.324
-2.782,2.629
-2.817,2.02
-2.851,-0.456
-2.973,1.628
-2.914,2.47
-2.94,2.052
-3.016,-0.593
2.308,-1.239
1.629,-1.204
1.602,-1.264
1.179,-1.524
1.133,-1.333
0.851,-1.629
0.847,-1.527
0.694,-1.252
0.431,-1.279
-0.048,-1.538
-0.05,-1.275
-0.402,-1.709
-0.431,-1.478
-0.672,-1.453
-1.098,-1.638
-1.265,-1.379
-1.827,-1.357
-1.912,-1.289
-2.498,-1.311
-2.474,-1.376
-2.918,-1.186
3.114,2.81
2.87,3.022
2.627,2.794
1.791,2.981
1.526,2.942
1.329,2.922
1.257,2.85
1.135,3.084
0.923,3.128
0.759,2.913
0.727,2.814
0.38,3.135
-1.558,3.063
-1.509,2.905
-1.679,3.113
-1.707,3.109
-1.786,3.087
-1.983,2.77
-2.518,3.074
-2.761,3.184
-2.901,2.856
1.468,-1.0
0.912,2.515
0.582,-0.772
0.136,2.674
-1.744,2.404
-1.74,0.305
-1.789,2.557
-2.499,-0.872
-2.741,2.064
-2.659,1.792
2.61,-1.367
-0.704,-1.662
-2.382,-1.595
1.617,2.793
-2.006,3.069
3.062,-0.926
3.03,0.514
2.99,2.341
2.872,0.09
3.018,-0.98
2.863,0.812
2.769,0.386
2.758,2.244
2.574,-1.165
2.517,0.467
2.593,1.365
2.575,2.529
2.331,1.407
2.167,1.465
2.284,-1.211
2.276,0.16
2.278,0.158
2.233,-0.427
2.263,2.634
2.168,-0.862
2.014,0.813
1.978,0.123
1.956,0.343
2.018,-0.927
1.865,0.537
1.941,1.171
1.927,0.196
1.795,0.601
1.675,1.538
1.416,-0.243
1.563,0.457
1.351,2.51
1.324,-1.029
1.289,2.319
1.341,1.244
1.179,0.524
1.175,-1.148
1.284,1.53
1.151,1.852
1.121,0.993
1.12,0.544
1.091,-0.225
1.186,-0.09
1.198,2.584
1.075,0.258
1.153,-0.532
1.022,2.421
1.007,1.129
0.961,-0.534
0.979,-1.043
0.779,-1.081
0.721,-0.967
0.719,2.113
0.825,2.573
0.748,0.808
0.731,0.895
0.652,0.677
0.678,-1.027
0.507,0.246
0.467,2.449
0.328,-0.875
0.349,1.581
0.307,2.526
0.435,-0.494
0.134,-0.161
0.27,-1.14
0.133,-1.137
0.139,1.487
0.071,0.84
0.068,-0.207
-0.175,-0.212
-0.021,2.523
-0.191,1.652
-0.202,2.709
-0.071,-0.885
-0.23,0.308
-0.258,-0.867
-0.443,2.31
-0.45,-0.08
-0.429,0.924
-0.406,1.532
-0.409,1.199
-0.572,0.912
-0.482,0.767
-0.607,-0.088
-0.59,1.561
-0.806,2.207
-0.88,2.715
-0.822,2.49
-0.963,-0.722
-0.919,2.234
-1.098,-0.947
-1.265,1.165
-1.34,1.845
-1.353,-1.101
-1.321,-0.987
-1.32,2.737
-1.378,0.904
-1.545,1.432
-1.575,-1.049
-1.709,0.044
-1.898,0.632
-1.872,-1.275
-1.932,-1.275
-1.826,1.279
-1.859,0.713
-1.844,1.404
-2.388,-0.308
-2.396,-0.083
-2.543,0.913
-2.519,-0.253
-2.637,-0.167
-2.545,1.498
-2.697,0.778
-2.586,0.439
-2.586,1.339
-2.724,0.202
-2.653,0.534
-2.852,1.518
-2.738,-0.902
-2.955,-1.108
2.671,-1.275
2.788,-1.316
2.585,-1.221
2.126,-1.554
2.154,-1.625
1.891,-1.473
1.971,-1.276
1.859,-1.313
1.177,-1.484
1.243,-1.232
1.269,-1.35
0.932,-1.343
0.77,-1.582
-0.037,-1.443
-0.032,-1.652
-0.295,-1.426
-0.301,-1.447
-2.425,-1.54
-2.91,-1.371
-2.965,2.874
-3.14,3.105
2.344,3.16
2.036,2.937
1.377,2.84
1.177,2.798
0.173,2.926
0.155,2.834
0.038,2.842
-0.387,2.969
-0.79,2.838
-1.464,3.013
-1.921,2.867
-2.183,2.851
2.429,0.88
2.045,0.881
1.2,0.256
-0.866,0.881
-1.048,1.497
-1.768,2.247
-2.037,2.46
-2.629,-0.653
-0.59,1.19
-1.277,1.553
-2.159,1.485
-2.176,2.369
-2.172,1.803
-2.236,2.37
-2.227,0.803
-2.255,2.21
-2.339,1.595
-2.377,1.628
-2.457,0.946
-2.489,2.168
-2.413,2.277
-2.545,1.37
-2.637,0.937
1.726,-0.014
0.435,1.115
-2.219,-0.41
-2.645,1.047
-2.901,1.104
1.656,-1.245
1.538,-1.115
0.093,-0.998
1.106,2.689
1.725,-1.184
1.126,-1.36
-0.131,-0.326
-0.135,0.558
-0.087,-1.422
-0.188,0.777
-0.273,-1.455
-0.32,-2.191
-0.331,-2.894
-0.325,-0.196
-0.373,-0.393
-0.334,0.073
-0.382,0.235
-0.518,-1.273
-0.467,-1.545
-0.464,-0.39
-0.578,-3.055
-0.535,-2.603
-0.629,-1.017
-0.555,0.348
-0.649,-0.928
-0.615,-3.116
-0.661,-0.089
-0.597,0.259
-0.672,-0.636
-0.682,-0.418
-0.709,-3.248
-0.77,-0.82
-0.746,-3.069
-0.77,0.716
-0.86,-2.293
-1.004,-0.962
-0.961,-1.662
-1.047,0.368
-1.09,-1.057
-1.072,-2.06
-1.186,-0.615
-1.186,-2.582
-1.255,-1.519
-1.322,0.409
-1.407,0.645
-1.51,-1.242
-1.501,-2.541
-1.518,-0.804
-1.607,-2.087
-1.666,-1.817
-1.704,-2.533
-1.727,-1.889
-1.653,-1.071
-1.666,-1.154
-1.762,-0.2
-1.724,-1.592
-1.793,-0.221
-1.828,-1.011
-1.823,-0.015
-1.883,-1.302
-1.833,0.406
-1.835,-3.142
-1.929,-1.339
-1.881,0.147
-1.895,-1.977
-1.869,0.316
-1.943,0.063
-1.936,-1.385
-1.948,-0.079
-1.932,-1.427
-1.999,-0.082
-1.942,-1.289
-2.05,0.649
-1.985,-1.326
-1.985,-3.117
-2.051,-0.043
-2.091,-0.604
-2.129,-1.987
-2.078,0.146
-2.081,-0.379
-2.084,-1.8
-2.195,-1.146
-2.136,-1.75
-2.127,-1.835
-2.223,-2.052
-2.257,-2.202
-2.416,-1.969
-2.359,-1.231
-2.426,-1.788
-2.512,-2.473
-2.631,-0.956
-2.661,-0.299
-2.649,-1.14
-2.678,0.672
-2.654,-0.261
-2.709,0.128
-2.73,0.587
-2.786,-3.177
-2.722,-0.663
-2.771,0.642
-2.806,0.033
-2.84,-2.443
-2.962,-0.359
-2.903,0.483
-2.929,0.065
-3.005,-2.58
2.319,-3.226
1.64,-3.191
1.613,-3.251
1.19,-3.511
1.144,-3.32
0.862,-3.616
0.858,-3.514
0.705,-3.239
0.442,-3.266
-0.037,-3.525
-0.039,-3.262
-0.391,-3.696
-0.42,-3.465
-0.661,-3.44
-1.087,-3.625
-1.254,-3.366
-1.816,-3.344
-1.901,-3.276
-2.487,-3.298
-2.463,-3.363
-2.907,-3.173
3.125,0.823
2.881,1.035
2.638,0.807
1.802,0.994
1.537,0.955
1.34,0.935
1.268,0.863
1.146,1.097
0.934,1.141
0.77,0.926
0.738,0.827
0.391,1.148
-1.547,1.076
-1.498,0.918
-1.668,1.126
-1.696,1.122
-1.775,1.1
-1.972,0.783
-2.507,1.087
-2.75,1.197
-2.89,0.869
1.479,-2.987
0.923,0.528
0.593,-2.759
0.147,0.687
-1.733,0.417
-1.729,-1.682
-1.778,0.57
-2.488,-2.859
-2.73,0.077
-2.648,-0.195
2.621,-3.354
-0.693,-3.649
-2.371,-3.582
1.628,0.806
-1.995,1.082
3.073,-2.913
3.041,-1.473
3.001,0.354
2.883,-1.897
3.029,-2.967
2.874,-1.175
2.78,-1.601
2.769,0.257
2.585,-3.152
2.528,-1.52
2.604,-0.622
2.586,0.542
2.342,-0.58
2.178,-0.522
2.295,-3.198
2.287,-1.827
2.289,-1.829
2.244,-2.414
2.274,0.647
2.179,-2.849
2.025,-1.174
1.989,-1.864
1.967,-1.644
2.029,-2.914
1.876,-1.45
1.952,-0.816
1.938,-1.791
1.806,-1.386
1.686,-0.449
1.427,-2.23
1.574,-1.53
1.362,0.523
1.335,-3.016
1.3,0.332
1.352,-0.743
1.19,-1.463
1.186,-3.135
1.295,-0.457
1.162,-0.135
1.132,-0.994
1.131,-1.443
1.102,-2.212
1.197,-2.077
1.209,0.597
1.086,-1.729
1.164,-2.519
1.033,0.434
1.018,-0.858
0.972,-2.521
0.99,-3.03
0.79,-3.068
0.732,-2.954
0.73,0.126
0.836,0.586
0.759,-1.179
0.742,-1.092
0.663,-1.31
0.689,-3.014
0.518,-1.741
0.478,0.462
0.339,-2.862
0.36,-0.406
0.318,0.539
0.446,-2.481
0.145,-2.148
0.281,-3.127
0.144,-3.124
0.15,-0.5
0.082,-1.147
0.079,-2.194
-0.164,-2.199
-0.01,0.536
-0.18,-0.335
-0.191,0.722
-0.06,-2.872
-0.219,-1.679
-0.247,-2.854
-0.432,0.323
-0.439,-2.067
-0.418,-1.063
-0.395,-0.455
-0.398,-0.788
-0.561,-1.075
-0.471,-1.22
-0.596,-2.075
-0.579,-0.426
-0.795,0.22
-0.869,0.728
-0.811,0.503
-0.952,-2.709
-0.908,0.247
-1.087,-2.934
-1.254,-0.822
-1.329,-0.142
-1.342,-3.088
-1.31,-2.974
-1.309,0.75
-1.367,-1.083
-1.534,-0.555
-1.564,-3.036
-1.698,-1.943
-1.887,-1.355
-1.861,-3.262
-1.921,-3.262
-1.815,-0.708
-1.848,-1.274
-1.833,-0.583
-2.377,-2.295
-2.385,-2.07
-2.532,-1.074
-2.508,-2.24
-2.626,-2.154
-2.534,-0.489
-2.686,-1.209
-2.575,-1.548
-2.575,-0.648
-2.713,-1.785
-2.642,-1.453
-2.841,-0.469
-2.727,-2.889
-2.944,-3.095
2.682,-3.262
2.799,-3.303
2.596,-3.208
2.137,-3.541
2.165,-3.612
1.902,-3.46
1.982,-3.263
1.87,-3.3
1.188,-3.471
1.254,-3.219
1.28,-3.337
0.943,-3.33
0.781,-3.569
-0.026,-3.43
-0.021,-3.639
-0.284,-3.413
-0.29,-3.434
-2.414,-3.527
-2.899,-3.358
-2.954,0.887
-3.129,1.118
2.355,1.173
2.047,0.95
1.388,0.853
1.188,0.811
0.184,0.939
0.166,0.847
0.049,0.855
-0.376,0.982
-0.779,0.851
-1.453,1.026
-1.91,0.88
-2.172,0.864
2.44,-1.107
2.056,-1.106
1.211,-1.731
-0.855,-1.106
-1.037,-0.49
-1.757,0.26
-2.026,0.473
-2.618,-2.64
-0.579,-0.797
-1.266,-0.434
-2.148,-0.502
-2.165,0.382
-2.161,-0.184
-2.225,0.383
-2.216,-1.184
-2.244,0.223
-2.328,-0.392
-2.366,-0.359
-2.446,-1.041
-2.478,0.181
-2.402,0.29
-2.534,-0.617
-2.626,-1.05
1.737,-2.001
0.446,-0.872
-2.208,-2.397
-2.634,-0.94
-2.89,-0.883
1.667,-3.232
1.549,-3.102
0.104,-2.985
1.117,0.702
1.736,-3.171
1.137,-3.347
-0.004,0.884
0.044,-1.096
-0.057,1.103
-0.142,-1.129
-0.189,-1.865
-0.2,-2.568
-0.194,0.13
-0.242,-0.067
-0.203,0.399
-0.251,0.561
-0.387,-0.947
-0.336,-1.219
-0.333,-0.064
-0.447,-2.729
-0.404,-2.277
-0.498,-0.691
-0.424,0.674
-0.518,-0.602
-0.484,-2.79
-0.53,0.237
-0.466,0.585
-0.541,-0.31
-0.551,-0.092
-0.578,-2.922
-0.639,-0.494
-0.615,-2.743
-0.639,1.042
-0.729,-1.967
-0.873,-0.636
-0.83,-1.336
-0.916,0.694
-0.959,-0.731
-0.941,-1.734
-1.055,-0.289
-1.055,-2.256
-1.124,-1.193
-1.191,0.735
-1.276,0.971
-1.379,-0.916
-1.37,-2.215
-1.387,-0.478
-1.476,-1.761
-1.535,-1.491
-1.573,-2.207
-1.596,-1.563
-1.522,-0.745
-1.535,-0.828
-1.631,0.126
-1.593,-1.266
-1.662,0.105
-1.697,-0.685
-1.692,0.311
-1.752,-0.976
-1.702,0.732
-1.704,-2.816
-1.798,-1.013
-1.75,0.473
-1.764,-1.651
-1.738,0.642
-1.812,0.389
-1.805,-1.059
-1.817,0.247
-1.801,-1.101
-1.868,0.244
-1.811,-0.963
-1.919,0.975
-1.854,-1.0
-1.854,-2.791
-1.92,0.283
-1.96,-0.278
-1.998,-1.661
-1.947,0.472
-1.95,-0.053
-1.953,-1.474
-2.064,-0.82
-2.005,-1.424
-1.996,-1.509
-2.092,-1.726
-2.126,-1.876
-2.285,-1.643
-2.228,-0.905
-2.295,-1.462
-2.381,-2.147
-2.5,-0.63
-2.53,0.027
-2.518,-0.814
-2.547,0.998
-2.523,0.065
-2.578,0.454
-2.599,0.913
-2.655,-2.851
-2.591,-0.337
-2.64,0.968
-2.675,0.359
-2.709,-2.117
-2.831,-0.033
-2.772,0.809
-2.798,0.391
-2.874,-2.254
2.45,-2.9
1.771,-2.865
1.744,-2.925
1.321,-3.185
1.275,-2.994
0.993,-3.29
0.989,-3.188
0.836,-2.913
0.573,-2.94
0.094,-3.199
0.092,-2.936
-0.26,-3.37
-0.289,-3.139
-0.53,-3.114
-0.956,-3.299
-1.123,-3.04
-1.685,-3.018
-1.77,-2.95
-2.356,-2.972
-2.332,-3.037
-2.776,-2.847
-3.027,1.149
3.012,1.361
2.769,1.133
1.933,1.32
1.668,1.281
1.471,1.261
1.399,1.189
1.277,1.423
1.065,1.467
0.901,1.252
0.869,1.153
0.522,1.474
-1.416,1.402
-1.367,1.244
-1.537,1.452
-1.565,1.448
-1.644,1.426
-1.841,1.109
-2.376,1.413
-2.619,1.523
-2.759,1.195
1.61,-2.661
1.054,0.854
0.724,-2.433
0.278,1.013
-1.602,0.743
-1.598,-1.356
-1.647,0.896
-2.357,-2.533
-2.599,0.403
-2.517,0.131
2.752,-3.028
-0.562,-3.323
-2.24,-3.256
1.759,1.132
-1.864,1.408
-3.079,-2.587
-3.111,-1.147
3.132,0.68
3.014,-1.571
-3.123,-2.641
3.005,-0.849
2.911,-1.275
2.9,0.583
2.716,-2.826
2.659,-1.194
2.735,-0.296
2.717,0.868
2.473,-0.254
2.309,-0.196
2.426,-2.872
2.418,-1.501
2.42,-1.503
2.375,-2.088
2.405,0.973
2.31,-2.523
2.156,-0.848
2.12,-1.538
2.098,-1.318
2.16,-2.588
2.007,-1.124
2.083,-0.49
2.069,-1.465
1.937,-1.06
1.817,-0.123
1.558,-1.904
1.705,-1.204
1.493,0.849
1.466,-2.69
1.431,0.658
1.483,-0.417
1.321,-1.137
1.317,-2.809
1.426,-0.131
1.293,0.191
1.263,-0.668
1.262,-1.117
1.233,-1.886
1.328,-1.751
1.34,0.923
1.217,-1.403
1.295,-2.193
1.164,0.76
1.149,-0.532
1.103,-2.195
1.121,-2.704
0.921,-2.742
0.863,-2.628
0.861,0.452
0.967,0.912
0.89,-0.853
0.873,-0.766
0.794,-0.984
0.82,-2.688
0.649,-1.415
0.609,0.788
0.47,-2.536
0.491,-0.08
0.449,0.865
0.577,-2.155
0.276,-1.822
0.412,-2.801
0.275,-2.798
0.281,-0.174
0.213,-0.821
0.21,-1.868
-0.033,-1.873
0.121,0.862
-0.049,-0.009
-0.06,1.048
0.071,-2.546
-0.088,-1.353
-0.116,-2.528
-0.301,0.649
-0.308,-1.741
-0.287,-0.737
-0.264,-0.129
-0.267,-0.462
-0.43,-0.749
-0.34,-0.894
-0.465,-1.749
-0.448,-0.1
-0.664,0.546
-0.738,1.054
-0.68,0.829
-0.821,-2.383
-0.777,0.573
-0.956,-2.608
-1.123,-0.496
-1.198,0.184
-1.211,-2.762
-1.179,-2.648
-1.178,1.076
-1.236,-0.757
-1.403,-0.229
-1.433,-2.71
-1.567,-1.617
-1.756,-1.029
-1.73,-2.936
-1.79,-2.936
-1.684,-0.382
-1.717,-0.948
-1.702,-0.257
-2.246,-1.969
-2.254,-1.744
-2.401,-0.748
-2.377,-1.914
-2.495,-1.828
-2.403,-0.163
-2.555,-0.883
-2.444,-1.222
-2.444,-0.322
-2.582,-1.459
-2.511,-1.127
-2.71,-0.143
-2.596,-2.563
-2.813,-2.769
2.813,-2.936
2.93,-2.977
2.727,-2.882
2.268,-3.215
2.296,-3.286
2.033,-3.134
2.113,-2.937
2.001,-2.974
1.319,-3.145
1.385,-2.893
1.411,-3.011
1.074,-3.004
0.912,-3.243
0.105,-3.104
0.11,-3.313
-0.153,-3.087
-0.159,-3.108
-2.283,-3.201
-2.768,-3.032
-2.823,1.213
-2.998,1.444
2.486,1.499
2.178,1.276
1.519,1.179
1.319,1.137
0.315,1.265
0.297,1.173
0.18,1.181
-0.245,1.308
-0.648,1.177
-1.322,1.352
-1.779,1.206
-2.041,1.19
2.571,-0.781
2.187,-0.78
1.342,-1.405
-0.724,-0.78
-0.906,-0.164
-1.626,0.586
-1.895,0.799
-2.487,-2.314
-0.448,-0.471
-1.135,-0.108
-2.017,-0.176
-2.034,0.708
-2.03,0.142
-2.094,0.709
-2.085,-0.858
-2.113,0.549
-2.197,-0.066
-2.235,-0.033
-2.315,-0.715
-2.347,0.507
-2.271,0.616
-2.403,-0.291
-2.495,-0.724
1.868,-1.675
0.577,-0.546
-2.077,-2.071
-2.503,-0.614
-2.759,-0.557
1.798,-2.906
1.68,-2.776
0.235,-2.659
1.248,1.028
1.867,-2.845
1.268,-3.021
0.048,-1.98
-0.053,0.219
-0.138,-2.013
-0.185,-2.749
-0.196,-3.452
-0.19,-0.754
-0.238,-0.951
-0.199,-0.485
-0.247,-0.323
-0.383,-1.831
-0.332,-2.103
-0.329,-0.948
-0.443,-3.613
-0.4,-3.161
-0.494,-1.575
-0.42,-0.21
-0.514,-1.486
-0.48,-3.674
-0.526,-0.647
-0.462,-0.299
-0.537,-1.194
-0.547,-0.976
-0.574,-3.806
-0.635,-1.378
-0.611,-3.627
-0.635,0.158
-0.725,-2.851
-0.869,-1.52
-0.826,-2.22
-0.912,-0.19
-0.955,-1.615
-0.937,-2.618
-1.051,-1.173
-1.051,-3.14
-1.12,-2.077
-1.187,-0.149
-1.272,0.087
-1.375,-1.8
-1.366,-3.099
-1.383,-1.362
-1.472,-2.645
-1.531,-2.375
-1.569,-3.091
-1.592,-2.447
-1.518,-1.629
-1.531,-1.712
-1.627,-0.758
-1.589,-2.15
-1.658,-0.779
-1.693,-1.569
-1.688,-0.573
-1.748,-1.86
-1.698,-0.152
-1.7,-3.7
-1.794,-1.897
-1.746,-0.411
-1.76,-2.535
-1.734,-0.242
-1.808,-0.495
-1.801,-1.943
-1.813,-0.637
-1.797,-1.985
-1.864,-0.64
-1.807,-1.847
-1.915,0.091
-1.85,-1.884
-1.85,-3.675
-1.916,-0.601
-1.956,-1.162
-1.994,-2.545
-1.943,-0.412
-1.946,-0.937
-1.949,-2.358
-2.06,-1.704
-2.001,-2.308
-1.992,-2.393
-2.088,-2.61
-2.122,-2.76
-2.281,-2.527
-2.224,-1.789
-2.291,-2.346
-2.377,-3.031
-2.496,-1.514
-2.526,-0.857
-2.514,-1.698
-2.543,0.114
-2.519,-0.819
-2.574,-0.43
-2.595,0.029
-2.651,-3.735
-2.587,-1.221
-2.636,0.084
-2.671,-0.525
-2.705,-3.001
-2.827,-0.917
-2.768,-0.075
-2.794,-0.493
-2.87,-3.138
2.454,-3.784
1.775,-3.749
1.748,-3.809
1.325,-4.069
1.279,-3.878
0.997,-4.174
0.993,-4.072
0.84,-3.797
0.577,-3.824
0.098,-4.083
0.096,-3.82
-0.256,-4.254
-0.285,-4.023
-0.526,-3.998
-0.952,-4.183
-1.119,-3.924
-1.681,-3.902
-1.766,-3.834
-2.352,-3.856
-2.328,-3.921
-2.772,-3.731
-3.023,0.265
3.016,0.477
2.773,0.249
1.937,0.436
1.672,0.397
1.475,0.377
1.403,0.305
1.281,0.539
1.069,0.583
0.905,0.368
0.873,0.269
0.526,0.59
-1.412,0.518
-1.363,0.36
-1.533,0.568
-1.561,0.564
-1.64,0.542
-1.837,0.225
-2.372,0.529
-2.615,0.639
-2.755,0.311
1.614,-3.545
1.058,-0.03
0.728,-3.317
0.282,0.129
-1.598,-0.141
-1.594,-2.24
-1.643,0.012
-2.353,-3.417
-2.595,-0.481
-2.513,-0.753
2.756,-3.912
-0.558,-4.207
-2.236,-4.14
1.763,0.248
-1.86,0.524
-3.075,-3.471
-3.107,-2.031
3.136,-0.204
3.018,-2.455
-3.119,-3.525
3.009,-1.733
2.915,-2.159
2.904,-0.301
2.72,-3.71
2.663,-2.078
2.739,-1.18
2.721,-0.016
2.477,-1.138
2.313,-1.08
2.43,-3.756
2.422,-2.385
2.424,-2.387
2.379,-2.972
2.409,0.089
2.314,-3.407
2.16,-1.732
2.124,-2.422
2.102,-2.202
2.164,-3.472
2.011,-2.008
2.087,-1.374
2.073,-2.349
1.941,-1.944
1.821,-1.007
1.562,-2.788
1.709,-2.088
1.497,-0.035
1.47,-3.574
1.435,-0.226
1.487,-1.301
1.325,-2.021
1.321,-3.693
1.43,-1.015
1.297,-0.693
1.267,-1.552
1.266,-2.001
1.237,-2.77
1.332,-2.635
1.344,0.039
1.221,-2.287
1.299,-3.077
1.168,-0.124
1.153,-1.416
1.107,-3.079
1.125,-3.588
0.925,-3.626
0.867,-3.512
0.865,-0.432
0.971,0.028
0.894,-1.737
0.877,-1.65
0.798,-1.868
0.824,-3.572
0.653,-2.299
0.613,-0.096
0.474,-3.42
0.495,-0.964
0.453,-0.019
0.581,-3.039
0.28,-2.706
0.416,-3.685
0.279,-3.682
0.285,-1.058
0.217,-1.705
0.214,-2.752
-0.029,-2.757
0.125,-0.022
-0.045,-0.893
-0.056,0.164
0.075,-3.43
-0.084,-2.237
-0.112,-3.412
-0.297,-0.235
-0.304,-2.625
-0.283,-1.621
-0.26,-1.013
-0.263,-1.346
-0.426,-1.633
-0.336,-1.778
-0.461,-2.633
-0.444,-0.984
-0.66,-0.338
-0.734,0.17
-0.676,-0.055
-0.817,-3.267
-0.773,-0.311
-0.952,-3.492
-1.119,-1.38
-1.194,-0.7
-1.207,-3.646
-1.175,-3.532
-1.174,0.192
-1.232,-1.641
-1.399,-1.113
-1.429,-3.594
-1.563,-2.501
-1.752,-1.913
-1.726,-3.82
-1.786,-3.82
-1.68,-1.266
-1.713,-1.832
-1.698,-1.141
-2.242,-2.853
-2.25,-2.628
-2.397,-1.632
-2.373,-2.798
-2.491,-2.712
-2.399,-1.047
-2.551,-1.767
-2.44,-2.106
-2.44,-1.206
-2.578,-2.343
-2.507,-2.011
-2.706,-1.027
-2.592,-3.447
-2.809,-3.653
2.817,-3.82
2.934,-3.861
2.731,-3.766
2.272,-4.099
2.3,-4.17
2.037,-4.018
2.117,-3.821
2.005,-3.858
1.323,-4.029
1.389,-3.777
1.415,-3.895
1.078,-3.888
0.916,-4.127
0.109,-3.988
0.114,-4.197
-0.149,-3.971
-0.155,-3.992
-2.279,-4.085
-2.764,-3.916
-2.819,0.329
-2.994,0.56
2.49,0.615
2.182,0.392
1.523,0.295
1.323,0.253
0.319,0.381
0.301,0.289
0.184,0.297
-0.241,0.424
-0.644,0.293
-1.318,0.468
-1.775,0.322
-2.037,0.306
2.575,-1.665
2.191,-1.664
1.346,-2.289
-0.72,-1.664
-0.902,-1.048
-1.622,-0.298
-1.891,-0.085
-2.483,-3.198
-0.444,-1.355
-1.131,-0.992
-2.013,-1.06
-2.03,-0.176
-2.026,-0.742
-2.09,-0.175
-2.081,-1.742
-2.109,-0.335
-2.193,-0.95
-2.231,-0.917
-2.311,-1.599
-2.343,-0.377
-2.267,-0.268
-2.399,-1.175
-2.491,-1.608
1.872,-2.559
0.581,-1.43
-2.073,-2.955
-2.499,-1.498
-2.755,-1.441
1.802,-3.79
1.684,-3.66
0.239,-3.543
1.252,0.144
1.871,-3.729
1.272,-3.905
-0.101,2.199
-0.186,-0.033
-0.233,-0.769
-0.244,-1.472
-0.238,1.226
-0.286,1.029
-0.247,1.495
-0.295,1.657
-0.431,0.149
-0.38,-0.123
-0.377,1.032
-0.491,-1.633
-0.448,-1.181
-0.542,0.405
-0.468,1.77
-0.562,0.494
-0.528,-1.694
-0.574,1.333
-0.51,1.681
-0.585,0.786
-0.595,1.004
-0.622,-1.826
-0.683,0.602
-0.659,-1.647
-0.683,2.138
-0.773,-0.871
-0.917,0.46
-0.874,-0.24
-0.96,1.79
-1.003,0.365
-0.985,-0.638
-1.099,0.807
-1.099,-1.16
-1.168,-0.097
-1.235,1.831
-1.32,2.067
-1.423,0.18
-1.414,-1.119
-1.431,0.618
-1.52,-0.665
-1.579,-0.395
-1.617,-1.111
-1.64,-0.467
-1.566,0.351
-1.579,0.268
-1.675,1.222
-1.637,-0.17
-1.706,1.201
-1.741,0.411
-1.736,1.407
-1.796,0.12
-1.746,1.828
-1.748,-1.72
-1.842,0.083
-1.794,1.569
-1.808,-0.555
-1.782,1.738
-1.856,1.485
-1.849,0.037
-1.861,1.343
-1.845,-0.005
-1.912,1.34
-1.855,0.133
-1.963,2.071
-1.898,0.096
-1.898,-1.695
-1.964,1.379
-2.004,0.818
-2.042,-0.565
-1.991,1.568
-1.994,1.043
-1.997,-0.378
-2.108,0.276
-2.049,-0.328
-2.04,-0.413
-2.136,-0.63
-2.17,-0.78
-2.329,-0.547
-2.272,0.191
-2.339,-0.366
-2.425,-1.051
-2.544,0.466
-2.574,1.123
-2.562,0.282
-2.591,2.094
-2.567,1.161
-2.622,1.55
-2.643,2.009
-2.699,-1.755
-2.635,0.759
-2.684,2.064
-2.719,1.455
-2.753,-1.021
-2.875,1.063
-2.816,1.905
-2.842,1.487
-2.918,-1.158
2.406,-1.804
1.727,-1.769
1.7,-1.829
1.277,-2.089
1.231,-1.898
0.949,-2.194
0.945,-2.092
0.792,-1.817
0.529,-1.844
0.05,-2.103
0.048,-1.84
-0.304,-2.274
-0.333,-2.043
-0.574,-2.018
-1.0,-2.203
-1.167,-1.944
-1.729,-1.922
-1.814,-1.854
-2.4,-1.876
-2.376,-1.941
-2.82,-1.751
-3.071,2.245
2.968,2.457
2.725,2.229
1.889,2.416
1.624,2.377
1.427,2.357
1.355,2.285
1.233,2.519
1.021,2.563
0.857,2.348
0.825,2.249
0.478,2.57
-1.46,2.498
-1.411,2.34
-1.581,2.548
-1.609,2.544
-1.688,2.522
-1.885,2.205
-2.42,2.509
-2.663,2.619
-2.803,2.291
1.566,-1.565
1.01,1.95
0.68,-1.337
0.234,2.109
-1.646,1.839
-1.642,-0.26
-1.691,1.992
-2.401,-1.437
-2.643,1.499
-2.561,1.227
2.708,-1.932
-0.606,-2.227
-2.284,-2.16
1.715,2.228
-1.908,2.504
-3.123,-1.491
3.128,-0.051
3.088,1.776
2.97,-0.475
3.116,-1.545
2.961,0.247
2.867,-0.179
2.856,1.679
2.672,-1.73
2.615,-0.098
2.691,0.8
2.673,1.964
2.429,0.842
2.265,0.9
2.382,-1.776
2.374,-0.405
2.376,-0.407
2.331,-0.992
2.361,2.069
2.266,-1.427
2.112,0.248
2.076,-0.442
2.054,-0.222
2.116,-1.492
1.963,-0.028
2.039,0.606
2.025,-0.369
1.893,0.036
1.773,0.973
1.514,-0.808
1.661,-0.108
1.449,1.945
1.422,-1.594
1.387,1.754
1.439,0.679
1.277,-0.041
1.273,-1.713
1.382,0.965
1.249,1.287
1.219,0.428
1.218,-0.021
1.189,-0.79
1.284,-0.655
1.296,2.019
1.173,-0.307
1.251,-1.097
1.12,1.856
1.105,0.564
1.059,-1.099
1.077,-1.608
0.877,-1.646
0.819,-1.532
0.817,1.548
0.923,2.008
0.846,0.243
0.829,0.33
0.75,0.112
0.776,-1.592
0.605,-0.319
0.565,1.884
0.426,-1.44
0.447,1.016
0.405,1.961
0.533,-1.059
0.232,-0.726
0.368,-1.705
0.231,-1.702
0.237,0.922
0.169,0.275
0.166,-0.772
-0.077,-0.777
0.077,1.958
-0.093,1.087
-0.104,2.144
0.027,-1.45
-0.132,-0.257
-0.16,-1.432
-0.345,1.745
-0.352,-0.645
-0.331,0.359
-0.308,0.967
-0.311,0.634
-0.474,0.347
-0.384,0.202
-0.509,-0.653
-0.492,0.996
-0.708,1.642
-0.782,2.15
-0.724,1.925
-0.865,-1.287
-0.821,1.669
-1.0,-1.512
-1.167,0.6
-1.242,1.28
-1.255,-1.666
-1.223,-1.552
-1.222,2.172
-1.28,0.339
-1.447,0.867
-1.477,-1.614
-1.611,-0.521
-1.8,0.067
-1.774,-1.84
-1.834,-1.84
-1.728,0.714
-1.761,0.148
-1.746,0.839
-2.29,-0.873
-2.298,-0.648
-2.445,0.348
-2.421,-0.818
-2.539,-0.732
-2.447,0.933
-2.599,0.213
-2.488,-0.126
-2.488,0.774
-2.626,-0.363
-2.555,-0.031
-2.754,0.953
-2.64,-1.467
-2.857,-1.673
2.769,-1.84
2.886,-1.881
2.683,-1.786
2.224,-2.119
2.252,-2.19
1.989,-2.038
2.069,-1.841
1.957,-1.878
1.275,-2.049
1.341,-1.797
1.367,-1.915
1.03,-1.908
0.868,-2.147
0.061,-2.008
0.066,-2.217
-0.197,-1.991
-0.203,-2.012
-2.327,-2.105
-2.812,-1.936
-2.867,2.309
-3.042,2.54
2.442,2.595
2.134,2.372
1.475,2.275
1.275,2.233
0.271,2.361
0.253,2.269
0.136,2.277
-0.289,2.404
-0.692,2.273
-1.366,2.448
-1.823,2.302
-2.085,2.286
2.527,0.315
2.143,0.316
1.298,-0.309
-0.768,0.316
-0.95,0.932
-1.67,1.682
-1.939,1.895
-2.531,-1.218
-0.492,0.625
-1.179,0.988
-2.061,0.92
-2.078,1.804
-2.074,1.238
-2.138,1.805
-2.129,0.238
-2.157,1.645
-2.241,1.03
-2.279,1.063
-2.359,0.381
-2.391,1.603
-2.315,1.712
-2.447,0.805
-2.539,0.372
1.824,-0.579
0.533,0.55
-2.121,-0.975
-2.547,0.482
-2.803,0.539
1.754,-1.81
1.636,-1.68
0.191,-1.563
1.204,2.124
1.823,-1.749
1.224,-1.925
-0.085,-2.232
-0.132,-2.968
-0.143,-3.671
-0.137,-0.973
-0.185,-1.17
-0.146,-0.704
-0.194,-0.542
-0.33,-2.05
-0.279,-2.322
-0.276,-1.167
-0.39,-3.832
-0.347,-3.38
-0.441,-1.794
-0.367,-0.429
-0.461,-1.705
-0.427,-3.893
-0.473,-0.866
-0.409,-0.518
-0.484,-1.413
-0.494,-1.195
-0.521,-4.025
-0.582,-1.597
-0.558,-3.846
-0.582,-0.061
-0.672,-3.07
-0.816,-1.739
-0.773,-2.439
-0.859,-0.409
-0.902,-1.834
-0.884,-2.837
-0.998,-1.392
-0.998,-3.359
-1.067,-2.296
-1.134,-0.368
-1.219,-0.132
-1.322,-2.019
-1.313,-3.318
-1.33,-1.581
-1.419,-2.864
-1.478,-2.594
-1.516,-3.31
-1.539,-2.666
-1.465,-1.848
-1.478,-1.931
-1.574,-0.977
-1.536,-2.369
-1.605,-0.998
-1.64,-1.788
-1.635,-0.792
-1.695,-2.079
-1.645,-0.371
-1.647,-3.919
-1.741,-2.116
-1.693,-0.63
-1.707,-2.754
-1.681,-0.461
-1.755,-0.714
-1.748,-2.162
-1.76,-0.856
-1.744,-2.204
-1.811,-0.859
-1.754,-2.066
-1.862,-0.128
-1.797,-2.103
-1.797,-3.894
-1.863,-0.82
-1.903,-1.381
-1.941,-2.764
-1.89,-0.631
-1.893,-1.156
-1.896,-2.577
-2.007,-1.923
-1.948,-2.527
-1.939,-2.612
-2.035,-2.829
-2.069,-2.979
-2.228,-2.746
-2.171,-2.008
-2.238,-2.565
-2.324,-3.25
-2.443,-1.733
-2.473,-1.076
-2.461,-1.917
-2.49,-0.105
-2.466,-1.038
-2.521,-0.649
-2.542,-0.19
-2.598,-3.954
-2.534,-1.44
-2.583,-0.135
-2.618,-0.744
-2.652,-3.22
-2.774,-1.136
-2.715,-0.294
-2.741,-0.712
-2.817,-3.357
2.507,-4.003
1.828,-3.968
1.801,-4.028
1.378,-4.288
1.332,-4.097
1.05,-4.393
1.046,-4.291
0.893,-4.016
0.63,-4.043
0.151,-4.302
0.149,-4.039
-0.203,-4.473
-0.232,-4.242
-0.473,-4.217
-0.899,-4.402
-1.066,-4.143
-1.628,-4.121
-1.713,-4.053
-2.299,-4.075
-2.275,-4.14
-2.719,-3.95
-2.97,0.046
3.069,0.258
2.826,0.03
1.99,0.217
1.725,0.178
1.528,0.158
1.456,0.086
1.334,0.32
1.122,0.364
0.958,0.149
0.926,0.05
0.579,0.371
-1.359,0.299
-1.31,0.141
-1.48,0.349
-1.508,0.345
-1.587,0.323
-1.784,0.006
-2.319,0.31
-2.562,0.42
-2.702,0.092
1.667,-3.764
1.111,-0.249
0.781,-3.536
0.335,-0.09
-1.545,-0.36
-1.541,-2.459
-1.59,-0.207
-2.3,-3.636
-2.542,-0.7
-2.46,-0.972
2.809,-4.131
-0.505,-4.426
-2.183,-4.359
1.816,0.029
-1.807,0.305
-3.022,-3.69
-3.054,-2.25
-3.094,-0.423
3.071,-2.674
-3.066,-3.744
3.062,-1.952
2.968,-2.378
2.957,-0.52
2.773,-3.929
2.716,-2.297
2.792,-1.399
2.774,-0.235
2.53,-1.357
2.366,-1.299
2.483,-3.975
2.475,-2.604
2.477,-2.606
2.432,-3.191
2.462,-0.13
2.367,-3.626
2.213,-1.951
2.177,-2.641
2.155,-2.421
2.217,-3.691
2.064,-2.227
2.14,-1.593
2.126,-2.568
1.994,-2.163
1.874,-1.226
1.615,-3.007
1.762,-2.307
1.55,-0.254
1.523,-3.793
1.488,-0.445
1.54,-1.52
1.378,-2.24
1.374,-3.912
1.483,-1.234
1.35,-0.912
1.32,-1.771
1.319,-2.22
1.29,-2.989
1.385,-2.854
1.397,-0.18
1.274,-2.506
1.352,-3.296
1.221,-0.343
1.206,-1.635
1.16,-3.298
1.178,-3.807
0.978,-3.845
0.92,-3.731
0.918,-0.651
1.024,-0.191
0.947,-1.956
0.93,-1.869
0.851,-2.087
0.877,-3.791
0.706,-2.518
0.666,-0.315
0.527,-3.639
0.548,-1.183
0.506,-0.238
0.634,-3.258
0.333,-2.925
0.469,-3.904
0.332,-3.901
0.338,-1.277
0.27,-1.924
0.267,-2.971
0.024,-2.976
0.178,-0.241
0.008,-1.112
-0.003,-0.055
0.128,-3.649
-0.031,-2.456
-0.059,-3.631
-0.244,-0.454
-0.251,-2.844
-0.23,-1.84
-0.207,-1.232
-0.21,-1.565
-0.373,-1.852
-0.283,-1.997
-0.408,-2.852
-0.391,-1.203
-0.607,-0.557
-0.681,-0.049
-0.623,-0.274
-0.764,-3.486
-0.72,-0.53
-0.899,-3.711
-1.066,-1.599
-1.141,-0.919
-1.154,-3.865
-1.122,-3.751
-1.121,-0.027
-1.179,-1.86
-1.346,-1.332
-1.376,-3.813
-1.51,-2.72
-1.699,-2.132
-1.673,-4.039
-1.733,-4.039
-1.627,-1.485
-1.66,-2.051
-1.645,-1.36
-2.189,-3.072
-2.197,-2.847
-2.344,-1.851
-2.32,-3.017
-2.438,-2.931
-2.346,-1.266
-2.498,-1.986
-2.387,-2.325
-2.387,-1.425
-2.525,-2.562
-2.454,-2.23
-2.653,-1.246
-2.539,-3.666
-2.756,-3.872
2.87,-4.039
2.987,-4.08
2.784,-3.985
2.325,-4.318
2.353,-4.389
2.09,-4.237
2.17,-4.04
2.058,-4.077
1.376,-4.248
1.442,-3.996
1.468,-4.114
1.131,-4.107
0.969,-4.346
0.162,-4.207
0.167,-4.416
-0.096,-4.19
-0.102,-4.211
-2.226,-4.304
-2.711,-4.135
-2.766,0.11
-2.941,0.341
2.543,0.396
2.235,0.173
1.576,0.076
1.376,0.034
0.372,0.162
0.354,0.07
0.237,0.078
-0.188,0.205
-0.591,0.074
-1.265,0.249
-1.722,0.103
-1.984,0.087
2.628,-1.884
2.244,-1.883
1.399,-2.508
-0.667,-1.883
-0.849,-1.267
-1.569,-0.517
-1.838,-0.304
-2.43,-3.417
-0.391,-1.574
-1.078,-1.211
-1.96,-1.279
-1.977,-0.395
-1.973,-0.961
-2.037,-0.394
-2.028,-1.961
-2.056,-0.554
-2.14,-1.169
-2.178,-1.136
-2.258,-1.818
-2.29,-0.596
-2.214,-0.487
-2.346,-1.394
-2.438,-1.827
1.925,-2.778
0.634,-1.649
-2.02,-3.174
-2.446,-1.717
-2.702,-1.66
1.855,-4.009
1.737,-3.879
0.292,-3.762
1.305,-0.075
1.924,-3.948
1.325,-4.124
-0.047,-0.736
-0.058,-1.439
-0.052,1.259
-0.1,1.062
-0.061,1.528
-0.109,1.69
-0.245,0.182
-0.194,-0.09
-0.191,1.065
-0.305,-1.6
-0.262,-1.148
-0.356,0.438
-0.282,1.803
-0.376,0.527
-0.342,-1.661
-0.388,1.366
-0.324,1.714
-0.399,0.819
-0.409,1.037
-0.436,-1.793
-0.497,0.635
-0.473,-1.614
-0.497,2.171
-0.587,-0.838
-0.731,0.493
-0.688,-0.207
-0.774,1.823
-0.817,0.398
-0.799,-0.605
-0.913,0.84
-0.913,-1.127
-0.982,-0.064
-1.049,1.864
-1.134,2.1
-1.237,0.213
-1.228,-1.086
-1.245,0.651
-1.334,-0.632
-1.393,-0.362
-1.431,-1.078
-1.454,-0.434
-1.38,0.384
-1.393,0.301
-1.489,1.255
-1.451,-0.137
-1.52,1.234
-1.555,0.444
-1.55,1.44
-1.61,0.153
-1.56,1.861
-1.562,-1.687
-1.656,0.116
-1.608,1.602
-1.622,-0.522
-1.596,1.771
-1.67,1.518
-1.663,0.07
-1.675,1.376
-1.659,0.028
-1.726,1.373
-1.669,0.166
-1.777,2.104
-1.712,0.129
-1.712,-1.662
-1.778,1.412
-1.818,0.851
-1.856,-0.532
-1.805,1.601
-1.808,1.076
-1.811,-0.345
-1.922,0.309
-1.863,-0.295
-1.854,-0.38
-1.95,-0.597
-1.984,-0.747
-2.143,-0.514
-2.086,0.224
-2.153,-0.333
-2.239,-1.018
-2.358,0.499
-2.388,1.156
-2.376,0.315
-2.405,2.127
-2.381,1.194
-2.436,1.583
-2.457,2.042
-2.513,-1.722
-2.449,0.792
-2.498,2.097
-2.533,1.488
-2.567,-0.988
-2.689,1.096
-2.63,1.938
-2.656,1.52
-2.732,-1.125
2.592,-1.771
1.913,-1.736
1.886,-1.796
1.463,-2.056
1.417,-1.865
1.135,-2.161
1.131,-2.059
0.978,-1.784
0.715,-1.811
0.236,-2.07
0.234,-1.807
-0.118,-2.241
-0.147,-2.01
-0.388,-1.985
-0.814,-2.17
-0.981,-1.911
-1.543,-1.889
-1.628,-1.821
-2.214,-1.843
-2.19,-1.908
-2.634,-1.718
-2.885,2.278
-3.129,2.49
2.911,2.262
2.075,2.449
1.81,2.41
1.613,2.39
1.541,2.318
1.419,2.552
1.207,2.596
1.043,2.381
1.011,2.282
0.664,2.603
-1.274,2.531
-1.225,2.373
-1.395,2.581
-1.423,2.577
-1.502,2.555
-1.699,2.238
-2.234,2.542
-2.477,2.652
-2.617,2.324
1.752,-1.532
1.196,1.983
0.866,-1.304
0.42,2.142
-1.46,1.872
-1.456,-0.227
-1.505,2.025
-2.215,-1.404
-2.457,1.532
-2.375,1.26
2.894,-1.899
-0.42,-2.194
-2.098,-2.127
1.901,2.261
-1.722,2.537
-2.937,-1.458
-2.969,-0.018
-3.009,1.809
-3.127,-0.442
-2.981,-1.512
-3.136,0.28
3.053,-0.146
3.042,1.712
2.858,-1.697
2.801,-0.065
2.877,0.833
2.859,1.997
2.615,0.875
2.451,0.933
2.568,-1.743
2.56,-0.372
2.562,-0.374
2.517,-0.959
2.547,2.102
2.452,-1.394
2.298,0.281
2.262,-0.409
2.24,-0.189
2.302,-1.459
2.149,0.005
2.225,0.639
2.211,-0.336
2.079,0.069
1.959,1.006
1.7,-0.775
1.847,-0.075
1.635,1.978
1.608,-1.561
1.573,1.787
1.625,0.712
1.463,-0.008
1.459,-1.68
1.568,0.998
1.435,1.32
1.405,0.461
1.404,0.012
1.375,-0.757
1.47,-0.622
1.482,2.052
1.359,-0.274
1.437,-1.064
1.306,1.889
1.291,0.597
1.245,-1.066
1.263,-1.575
1.063,-1.613
1.005,-1.499
1.003,1.581
1.109,2.041
1.032,0.276
1.015,0.363
0.936,0.145
0.962,-1.559
0.791,-0.286
0.751,1.917
0.612,-1.407
0.633,1.049
0.591,1.994
0.719,-1.026
0.418,-0.693
0.554,-1.672
0.417,-1.669
0.423,0.955
0.355,0.308
0.352,-0.739
0.109,-0.744
0.263,1.991
0.093,1.12
0.082,2.177
0.213,-1.417
0.054,-0.224
0.026,-1.399
-0.159,1.778
-0.166,-0.612
-0.145,0.392
-0.122,1.0
-0.125,0.667
-0.288,0.38
-0.198,0.235
-0.323,-0.62
-0.306,1.029
-0.522,1.675
-0.596,2.183
-0.538,1.958
-0.679,-1.254
-0.635,1.702
-0.814,-1.479
-0.981,0.633
-1.056,1.313
-1.069,-1.633
-1.037,-1.519
-1.036,2.205
-1.094,0.372
-1.261,0.9
-1.291,-1.581
-1.425,-0.488
-1.614,0.1
-1.588,-1.807
-1.648,-1.807
-1.542,0.747
-1.575,0.181
-1.56,0.872
-2.104,-0.84
-2.112,-0.615
-2.259,0.381
-2.235,-0.785
-2.353,-0.699
-2.261,0.966
-2.413,0.246
-2.302,-0.093
-2.302,0.807
-2.44,-0.33
-2.369,0.002
-2.568,0.986
-2.454,-1.434
-2.671,-1.64
2.955,-1.807
3.072,-1.848
2.869,-1.753
2.41,-2.086
2.438,-2.157
2.175,-2.005
2.255,-1.808
2.143,-1.845
1.461,-2.016
1.527,-1.764
1.553,-1.882
1.216,-1.875
1.054,-2.114
0.247,-1.975
0.252,-2.184
-0.011,-1.958
-0.017,-1.979
-2.141,-2.072
-2.626,-1.903
-2.681,2.342
-2.856,2.573
2.628,2.628
2.32,2.405
1.661,2.308
1.461,2.266
0.457,2.394
0.439,2.302
0.322,2.31
-0.103,2.437
-0.506,2.306
-1.18,2.481
-1.637,2.335
-1.899,2.319
2.713,0.348
2.329,0.349
1.484,-0.276
-0.582,0.349
-0.764,0.965
-1.484,1.715
-1.753,1.928
-2.345,-1.185
-0.306,0.658
-0.993,1.021
-1.875,0.953
-1.892,1.837
-1.888,1.271
-1.952,1.838
-1.943,0.271
-1.971,1.678
-2.055,1.063
-2.093,1.096
-2.173,0.414
-2.205,1.636
-2.129,1.745
-2.261,0.838
-2.353,0.405
2.01,-0.546
0.719,0.583
-1.935,-0.942
-2.361,0.515
-2.617,0.572
1.94,-1.777
1.822,-1.647
0.377,-1.53
1.39,2.157
2.009,-1.716
1.41,-1.892
-0.011,-0.703
-0.005,1.995
-0.053,1.798
-0.014,2.264
-0.062,2.426
-0.198,0.918
-0.147,0.646
-0.144,1.801
-0.258,-0.864
-0.215,-0.412
-0.309,1.174
-0.235,2.539
-0.329,1.263
-0.295,-0.925
-0.341,2.102
-0.277,2.45
-0.352,1.555
-0.362,1.773
-0.389,-1.057
-0.45,1.371
-0.426,-0.878
-0.45,2.907
-0.54,-0.102
-0.684,1.229
-0.641,0.529
-0.727,2.559
-0.77,1.134
-0.752,0.131
-0.866,1.576
-0.866,-0.391
-0.935,0.672
-1.002,2.6
-1.087,2.836
-1.19,0.949
-1.181,-0.35
-1.198,1.387
-1.287,0.104
-1.346,0.374
-1.384,-0.342
-1.407,0.302
-1.333,1.12
-1.346,1.037
-1.442,1.991
-1.404,0.599
-1.473,1.97
-1.508,1.18
-1.503,2.176
-1.563,0.889
-1.513,2.597
-1.515,-0.951
-1.609,0.852
-1.561,2.338
-1.575,0.214
-1.549,2.507
-1.623,2.254
-1.616,0.806
-1.628,2.112
-1.612,0.764
-1.679,2.109
-1.622,0.902
-1.73,2.84
-1.665,0.865
-1.665,-0.926
-1.731,2.148
-1.771,1.587
-1.809,0.204
-1.758,2.337
-1.761,1.812
-1.764,0.391
-1.875,1.045
-1.816,0.441
-1.807,0.356
-1.903,0.139
-1.937,-0.011
-2.096,0.222
-2.039,0.96
-2.106,0.403
-2.192,-0.282
-2.311,1.235
-2.341,1.892
-2.329,1.051
-2.358,2.863
-2.334,1.93
-2.389,2.319
-2.41,2.778
-2.466,-0.986
-2.402,1.528
-2.451,2.833
-2.486,2.224
-2.52,-0.252
-2.642,1.832
-2.583,2.674
-2.609,2.256
-2.685,-0.389
2.639,-1.035
1.96,-1.0
1.933,-1.06
1.51,-1.32
1.464,-1.129
1.182,-1.425
1.178,-1.323
1.025,-1.048
0.762,-1.075
0.283,-1.334
0.281,-1.071
-0.071,-1.505
-0.1,-1.274
-0.341,-1.249
-0.767,-1.434
-0.934,-1.175
-1.496,-1.153
-1.581,-1.085
-2.167,-1.107
-2.143,-1.172
-2.587,-0.982
-2.838,3.014
-3.082,3.226
2.958,2.998
2.122,3.185
1.857,3.146
1.66,3.126
1.588,3.054
1.466,3.288
1.254,3.332
1.09,3.117
1.058,3.018
0.711,3.339
-1.227,3.267
-1.178,3.109
-1.348,3.317
-1.376,3.313
-1.455,3.291
-1.652,2.974
-2.187,3.278
-2.43,3.388
-2.57,3.06
1.799,-0.796
1.243,2.719
0.913,-0.568
0.467,2.878
-1.413,2.608
-1.409,0.509
-1.458,2.761
-2.168,-0.668
-2.41,2.268
-2.328,1.996
2.941,-1.163
-0.373,-1.458
-2.051,-1.391
1.948,2.997
-1.675,3.273
-2.89,-0.722
-2.922,0.718
-2.962,2.545
-3.08,0.294
-2.934,-0.776
-3.089,1.016
3.1,0.59
3.089,2.448
2.905,-0.961
2.848,0.671
2.924,1.569
2.906,2.733
2.662,1.611
2.498,1.669
2.615,-1.007
2.607,0.364
2.609,0.362
2.564,-0.223
2.594,2.838
2.499,-0.658
2.345,1.017
2.309,0.327
2.287,0.547
2.349,-0.723
2.196,0.741
2.272,1.375
2.258,0.4
2.126,0.805
2.006,1.742
1.747,-0.039
1.894,0.661
1.682,2.714
1.655,-0.825
1.62,2.523
1.672,1.448
1.51,0.728
1.506,-0.944
1.615,1.734
1.482,2.056
1.452,1.197
1.451,0.748
1.422,-0.021
1.517,0.114
1.529,2.788
1.406,0.462
1.484,-0.328
1.353,2.625
1.338,1.333
1.292,-0.33
1.31,-0.839
1.11,-0.877
1.052,-0.763
1.05,2.317
1.156,2.777
1.079,1.012
1.062,1.099
0.983,0.881
1.009,-0.823
0.838,0.45
0.798,2.653
0.659,-0.671
0.68,1.785
0.638,2.73
0.766,-0.29
0.465,0.043
0.601,-0.936
0.464,-0.933
0.47,1.691
0.402,1.044
0.399,-0.003
0.156,-0.008
0.31,2.727
0.14,1.856
0.129,2.913
0.26,-0.681
0.101,0.512
0.073,-0.663
-0.112,2.514
-0.119,0.124
-0.098,1.128
-0.075,1.736
-0.078,1.403
-0.241,1.116
-0.151,0.971
-0.276,0.116
-0.259,1.765
-0.475,2.411
-0.549,2.919
-0.491,2.694
-0.632,-0.518
-0.588,2.438
-0.767,-0.743
-0.934,1.369
-1.009,2.049
-1.022,-0.897
-0.99,-0.783
-0.989,2.941
-1.047,1.108
-1.214,1.636
-1.244,-0.845
-1.378,0.248
-1.567,0.836
-1.541,-1.071
-1.601,-1.071
-1.495,1.483
-1.528,0.917
-1.513,1.608
-2.057,-0.104
-2.065,0.121
-2.212,1.117
-2.188,-0.049
-2.306,0.037
-2.214,1.702
-2.366,0.982
-2.255,0.643
-2.255,1.543
-2.393,0.406
-2.322,0.738
-2.521,1.722
-2.407,-0.698
-2.624,-0.904
3.002,-1.071
3.119,-1.112
2.916,-1.017
2.457,-1.35
2.485,-1.421
2.222,-1.269
2.302,-1.072
2.19,-1.109
1.508,-1.28
1.574,-1.028
1.6,-1.146
1.263,-1.139
1.101,-1.378
0.294,-1.239
0.299,-1.448
0.036,-1.222
0.03,-1.243
-2.094,-1.336
-2.579,-1.167
-2.634,3.078
-2.809,3.309
2.675,3.364
2.367,3.141
1.708,3.044
1.508,3.002
0.504,3.13
0.486,3.038
0.369,3.046
-0.056,3.173
-0.459,3.042
-1.133,3.217
-1.59,3.071
-1.852,3.055
2.76,1.084
2.376,1.085
1.531,0.46
-0.535,1.085
-0.717,1.701
-1.437,2.451
-1.706,2.664
-2.298,-0.449
-0.259,1.394
-0.946,1.757
-1.828,1.689
-1.845,2.573
-1.841,2.007
-1.905,2.574
-1.896,1.007
-1.924,2.414
-2.008,1.799
-2.046,1.832
-2.126,1.15
-2.158,2.372
-2.082,2.481
-2.214,1.574
-2.306,1.141
2.057,0.19
0.766,1.319
-1.888,-0.206
-2.314,1.251
-2.57,1.308
1.987,-1.041
1.869,-0.911
0.424,-0.794
1.437,2.893
2.056,-0.98
1.457,-1.156
0.006,2.698
-0.042,2.501
-0.003,2.967
-0.051,3.129
-0.187,1.621
-0.136,1.349
-0.133,2.504
-0.247,-0.161
-0.204,0.291
-0.298,1.877
-0.224,3.242
-0.318,1.966
-0.284,-0.222
-0.33,2.805
-0.266,3.153
-0.341,2.258
-0.351,2.476
-0.378,-0.354
-0.439,2.074
-0.415,-0.175
-0.439,3.61
-0.529,0.601
-0.673,1.932
-0.63,1.232
-0.716,3.262
-0.759,1.837
-0.741,0.834
-0.855,2.279
-0.855,0.312
-0.924,1.375
-0.991,3.303
-1.076,3.539
-1.179,1.652
-1.17,0.353
-1.187,2.09
-1.276,0.807
-1.335,1.077
-1.373,0.361
-1.396,1.005
-1.322,1.823
-1.335,1.74
-1.431,2.694
-1.393,1.302
-1.462,2.673
-1.497,1.883
-1.492,2.879
-1.552,1.592
-1.502,3.3
-1.504,-0.248
-1.598,1.555
-1.55,3.041
-1.564,0.917
-1.538,3.21
-1.612,2.957
-1.605,1.509
-1.617,2.815
-1.601,1.467
-1.668,2.812
-1.611,1.605
-1.719,3.543
-1.654,1.568
-1.654,-0.223
-1.72,2.851
-1.76,2.29
-1.798,0.907
-1.747,3.04
-1.75,2.515
-1.753,1.094
-1.864,1.748
-1.805,1.144
-1.796,1.059
-1.892,0.842
-1.926,0.692
-2.085,0.925
-2.028,1.663
-2.095,1.106
-2.181,0.421
-2.3,1.938
-2.33,2.595
-2.318,1.754
-2.347,3.566
-2.323,2.633
-2.378,3.022
-2.399,3.481
-2.455,-0.283
-2.391,2.231
-2.44,3.536
-2.475,2.927
-2.509,0.451
-2.631,2.535
-2.572,3.377
-2.598,2.959
-2.674,0.314
2.65,-0.332
1.971,-0.297
1.944,-0.357
1.521,-0.617
1.475,-0.426
1.193,-0.722
1.189,-0.62
1.036,-0.345
0.773,-0.372
0.294,-0.631
0.292,-0.368
-0.06,-0.802
-0.089,-0.571
-0.33,-0.546
-0.756,-0.731
-0.923,-0.472
-1.485,-0.45
-1.57,-0.382
-2.156,-0.404
-2.132,-0.469
-2.576,-0.279
-2.827,3.717
-3.071,3.929
2.969,3.701
2.133,3.888
1.868,3.849
1.671,3.829
1.599,3.757
1.477,3.991
1.265,4.035
1.101,3.82
1.069,3.721
0.722,4.042
-1.216,3.97
-1.167,3.812
-1.337,4.02
-1.365,4.016
-1.444,3.994
-1.641,3.677
-2.176,3.981
-2.419,4.091
-2.559,3.763
1.81,-0.093
1.254,3.422
0.924,0.135
0.478,3.581
-1.402,3.311
-1.398,1.212
-1.447,3.464
-2.157,0.035
-2.399,2.971
-2.317,2.699
2.952,-0.46
-0.362,-0.755
-2.04,-0.688
1.959,3.7
-1.664,3.976
-2.879,-0.019
-2.911,1.421
-2.951,3.248
-3.069,0.997
-2.923,-0.073
-3.078,1.719
3.111,1.293
3.1,3.151
2.916,-0.258
2.859,1.374
2.935,2.272
2.917,3.436
2.673,2.314
2.509,2.372
2.626,-0.304
2.618,1.067
2.62,1.065
2.575,0.48
2.605,3.541
2.51,0.045
2.356,1.72
2.32,1.03
2.298,1.25
2.36,-0.02
2.207,1.444
2.283,2.078
2.269,1.103
2.137,1.508
2.017,2.445
1.758,0.664
1.905,1.364
1.693,3.417
1.666,-0.122
1.631,3.226
1.683,2.151
1.521,1.431
1.517,-0.241
1.626,2.437
1.493,2.759
1.463,1.9
1.462,1.451
1.433,0.682
1.528,0.817
1.54,3.491
1.417,1.165
1.495,0.375
1.364,3.328
1.349,2.036
1.303,0.373
1.321,-0.136
1.121,-0.174
1.063,-0.06
1.061,3.02
1.167,3.48
1.09,1.715
1.073,1.802
0.994,1.584
1.02,-0.12
0.849,1.153
0.809,3.356
0.67,0.032
0.691,2.488
0.649,3.433
0.777,0.413
0.476,0.746
0.612,-0.233
0.475,-0.23
0.481,2.394
0.413,1.747
0.41,0.7
0.167,0.695
0.321,3.43
0.151,2.559
0.14,3.616
0.271,0.022
0.112,1.215
0.084,0.04
-0.101,3.217
-0.108,0.827
-0.087,1.831
-0.064,2.439
-0.067,2.106
-0.23,1.819
-0.14,1.674
-0.265,0.819
-0.248,2.468
-0.464,3.114
-0.538,3.622
-0.48,3.397
-0.621,0.185
-0.577,3.141
-0.756,-0.04
-0.923,2.072
-0.998,2.752
-1.011,-0.194
-0.979,-0.08
-0.978,3.644
-1.036,1.811
-1.203,2.339
-1.233,-0.142
-1.367,0.951
-1.556,1.539
-1.53,-0.368
-1.59,-0.368
-1.484,2.186
-1.517,1.62
-1.502,2.311
-2.046,0.599
-2.054,0.824
-2.201,1.82
-2.177,0.654
-2.295,0.74
-2.203,2.405
-2.355,1.685
-2.244,1.346
-2.244,2.246
-2.382,1.109
-2.311,1.441
-2.51,2.425
-2.396,0.005
-2.613,-0.201
3.013,-0.368
3.13,-0.409
2.927,-0.314
2.468,-0.647
2.496,-0.718
2.233,-0.566
2.313,-0.369
2.201,-0.406
1.519,-0.577
1.585,-0.325
1.611,-0.443
1.274,-0.436
1.112,-0.675
0.305,-0.536
0.31,-0.745
0.047,-0.519
0.041,-0.54
-2.083,-0.633
-2.568,-0.464
-2.623,3.781
-2.798,4.012
2.686,4.067
2.378,3.844
1.719,3.747
1.519,3.705
0.515,3.833
0.497,3.741
0.38,3.749
-0.045,3.876
-0.448,3.745
-1.122,3.92
-1.579,3.774
-1.841,3.758
2.771,1.787
2.387,1.788
1.542,1.163
-0.524,1.788
-0.706,2.404
-1.426,3.154
-1.695,3.367
-2.287,0.254
-0.248,2.097
-0.935,2.46
-1.817,2.392
-1.834,3.276
-1.83,2.71
-1.894,3.277
-1.885,1.71
-1.913,3.117
-1.997,2.502
-2.035,2.535
-2.115,1.853
-2.147,3.075
-2.071,3.184
-2.203,2.277
-2.295,1.844
2.068,0.893
0.777,2.022
-1.877,0.497
-2.303,1.954
-2.559,2.011
1.998,-0.338
1.88,-0.208
0.435,-0.091
1.448,3.596
2.067,-0.277
1.468,-0.453
-0.048,-0.197
-0.009,0.269
-0.057,0.431
-0.193,-1.077
-0.142,-1.349
-0.139,-0.194
-0.253,-2.859
-0.21,-2.407
-0.304,-0.821
-0.23,0.544
-0.324,-0.732
-0.29,-2.92
-0.336,0.107
-0.272,0.455
-0.347,-0.44
-0.357,-0.222
-0.384,-3.052
-0.445,-0.624
-0.421,-2.873
-0.445,0.912
-0.535,-2.097
-0.679,-0.766
-0.636,-1.466
-0.722,0.564
-0.765,-0.861
-0.747,-1.864
-0.861,-0.419
-0.861,-2.386
-0.93,-1.323
-0.997,0.605
-1.082,0.841
-1.185,-1.046
-1.176,-2.345
-1.193,-0.608
-1.282,-1.891
-1.341,-1.621
-1.379,-2.337
-1.402,-1.693
-1.328,-0.875
-1.341,-0.958
-1.437,-0.004
-1.399,-1.396
-1.468,-0.025
-1.503,-0.815
-1.498,0.181
-1.558,-1.106
-1.508,0.602
-1.51,-2.946
-1.604,-1.143
-1.556,0.343
-1.57,-1.781
-1.544,0.512
-1.618,0.259
-1.611,-1.189
-1.623,0.117
-1.607,-1.231
-1.674,0.114
-1.617,-1.093
-1.725,0.845
-1.66,-1.13
-1.66,-2.921
-1.726,0.153
-1.766,-0.408
-1.804,-1.791
-1.753,0.342
-1.756,-0.183
-1.759,-1.604
-1.87,-0.95
-1.811,-1.554
-1.802,-1.639
-1.898,-1.856
-1.932,-2.006
-2.091,-1.773
-2.034,-1.035
-2.101,-1.592
-2.187,-2.277
-2.306,-0.76
-2.336,-0.103
-2.324,-0.944
-2.353,0.868
-2.329,-0.065
-2.384,0.324
-2.405,0.783
-2.461,-2.981
-2.397,-0.467
-2.446,0.838
-2.481,0.229
-2.515,-2.247
-2.637,-0.163
-2.578,0.679
-2.604,0.261
-2.68,-2.384
2.644,-3.03
1.965,-2.995
1.938,-3.055
1.515,-3.315
1.469,-3.124
1.187,-3.42
1.183,-3.318
1.03,-3.043
0.767,-3.07
0.288,-3.329
0.286,-3.066
-0.066,-3.5
-0.095,-3.269
-0.336,-3.244
-0.762,-3.429
-0.929,-3.17
-1.491,-3.148
-1.576,-3.08
-2.162,-3.102
-2.138,-3.167
-2.582,-2.977
-2.833,1.019
-3.077,1.231
2.963,1.003
2.127,1.19
1.862,1.151
1.665,1.131
1.593,1.059
1.471,1.293
1.259,1.337
1.095,1.122
1.063,1.023
0.716,1.344
-1.222,1.272
-1.173,1.114
-1.343,1.322
-1.371,1.318
-1.45,1.296
-1.647,0.979
-2.182,1.283
-2.425,1.393
-2.565,1.065
1.804,-2.791
1.248,0.724
0.918,-2.563
0.472,0.883
-1.408,0.613
-1.404,-1.486
-1.453,0.766
-2.163,-2.663
-2.405,0.273
-2.323,0.001
2.946,-3.158
-0.368,-3.453
-2.046,-3.386
1.953,1.002
-1.67,1.278
-2.885,-2.717
-2.917,-1.277
-2.957,0.55
-3.075,-1.701
-2.929,-2.771
-3.084,-0.979
3.105,-1.405
3.094,0.453
2.91,-2.956
2.853,-1.324
2.929,-0.426
2.911,0.738
2.667,-0.384
2.503,-0.326
2.62,-3.002
2.612,-1.631
2.614,-1.633
2.569,-2.218
2.599,0.843
2.504,-2.653
2.35,-0.978
2.314,-1.668
2.292,-1.448
2.354,-2.718
2.201,-1.254
2.277,-0.62
2.263,-1.595
2.131,-1.19
2.011,-0.253
1.752,-2.034
1.899,-1.334
1.687,0.719
1.66,-2.82
1.625,0.528
1.677,-0.547
1.515,-1.267
1.511,-2.939
1.62,-0.261
1.487,0.061
1.457,-0.798
1.456,-1.247
1.427,-2.016
1.522,-1.881
1.534,0.793
1.411,-1.533
1.489,-2.323
1.358,0.63
1.343,-0.662
1.297,-2.325
1.315,-2.834
1.115,-2.872
1.057,-2.758
1.055,0.322
1.161,0.782
1.084,-0.983
1.067,-0.896
0.988,-1.114
1.014,-2.818
0.843,-1.545
0.803,0.658
0.664,-2.666
0.685,-0.21
0.643,0.735
0.771,-2.285
0.47,-1.952
0.606,-2.931
0.469,-2.928
0.475,-0.304
0.407,-0.951
0.404,-1.998
0.161,-2.003
0.315,0.732
0.145,-0.139
0.134,0.918
0.265,-2.676
0.106,-1.483
0.078,-2.658
-0.107,0.519
-0.114,-1.871
-0.093,-0.867
-0.07,-0.259
-0.073,-0.592
-0.236,-0.879
-0.146,-1.024
-0.271,-1.879
-0.254,-0.23
-0.47,0.416
-0.544,0.924
-0.486,0.699
-0.627,-2.513
-0.583,0.443
-0.762,-2.738
-0.929,-0.626
-1.004,0.054
-1.017,-2.892
-0.985,-2.778
-0.984,0.946
-1.042,-0.887
-1.209,-0.359
-1.239,-2.84
-1.373,-1.747
-1.562,-1.159
-1.536,-3.066
-1.596,-3.066
-1.49,-0.512
-1.523,-1.078
-1.508,-0.387
-2.052,-2.099
-2.06,-1.874
-2.207,-0.878
-2.183,-2.044
-2.301,-1.958
-2.209,-0.293
-2.361,-1.013
-2.25,-1.352
-2.25,-0.452
-2.388,-1.589
-2.317,-1.257
-2.516,-0.273
-2.402,-2.693
-2.619,-2.899
3.007,-3.066
3.124,-3.107
2.921,-3.012
2.462,-3.345
2.49,-3.416
2.227,-3.264
2.307,-3.067
2.195,-3.104
1.513,-3.275
1.579,-3.023
1.605,-3.141
1.268,-3.134
1.106,-3.373
0.299,-3.234
0.304,-3.443
0.041,-3.217
0.035,-3.238
-2.089,-3.331
-2.574,-3.162
-2.629,1.083
-2.804,1.314
2.68,1.369
2.372,1.146
1.713,1.049
1.513,1.007
0.509,1.135
0.491,1.043
0.374,1.051
-0.051,1.178
-0.454,1.047
-1.128,1.222
-1.585,1.076
-1.847,1.06
2.765,-0.911
2.381,-0.91
1.536,-1.535
-0.53,-0.91
-0.712,-0.294
-1.432,0.456
-1.701,0.669
-2.293,-2.444
-0.254,-0.601
-0.941,-0.238
-1.823,-0.306
-1.84,0.578
-1.836,0.012
-1.9,0.579
-1.891,-0.988
-1.919,0.419
-2.003,-0.196
-2.041,-0.163
-2.121,-0.845
-2.153,0.377
-2.077,0.486
-2.209,-0.421
-2.301,-0.854
2.062,-1.805
0.771,-0.676
-1.883,-2.201
-2.309,-0.744
-2.565,-0.687
1.992,-3.036
1.874,-2.906
0.429,-2.789
1.442,0.898
2.061,-2.975
1.462,-3.151
0.039,0.466
-0.009,0.628
-0.145,-0.88
-0.094,-1.152
-0.091,0.003
-0.205,-2.662
-0.162,-2.21
-0.256,-0.624
-0.182,0.741
-0.276,-0.535
-0.242,-2.723
-0.288,0.304
-0.224,0.652
-0.299,-0.243
-0.309,-0.025
-0.336,-2.855
-0.397,-0.427
-0.373,-2.676
-0.397,1.109
-0.487,-1.9
-0.631,-0.569
-0.588,-1.269
-0.674,0.761
-0.717,-0.664
-0.699,-1.667
-0.813,-0.222
-0.813,-2.189
-0.882,-1.126
-0.949,0.802
-1.034,1.038
-1.137,-0.849
-1.128,-2.148
-1.145,-0.411
-1.234,-1.694
-1.293,-1.424
-1.331,-2.14
-1.354,-1.496
-1.28,-0.678
-1.293,-0.761
-1.389,0.193
-1.351,-1.199
-1.42,0.172
-1.455,-0.618
-1.45,0.378
-1.51,-0.909
-1.46,0.799
-1.462,-2.749
-1.556,-0.946
-1.508,0.54
-1.522,-1.584
-1.496,0.709
-1.57,0.456
-1.563,-0.992
-1.575,0.314
-1.559,-1.034
-1.626,0.311
-1.569,-0.896
-1.677,1.042
-1.612,-0.933
-1.612,-2.724
-1.678,0.35
-1.718,-0.211
-1.756,-1.594
-1.705,0.539
-1.708,0.014
-1.711,-1.407
-1.822,-0.753
-1.763,-1.357
-1.754,-1.442
-1.85,-1.659
-1.884,-1.809
-2.043,-1.576
-1.986,-0.838
-2.053,-1.395
-2.139,-2.08
-2.258,-0.563
-2.288,0.094
-2.276,-0.747
-2.305,1.065
-2.281,0.132
-2.336,0.521
-2.357,0.98
-2.413,-2.784
-2.349,-0.27
-2.398,1.035
-2.433,0.426
-2.467,-2.05
-2.589,0.034
-2.53,0.876
-2.556,0.458
-2.632,-2.187
2.692,-2.833
2.013,-2.798
1.986,-2.858
1.563,-3.118
1.517,-2.927
1.235,-3.223
1.231,-3.121
1.078,-2.846
0.815,-2.873
0.336,-3.132
0.334,-2.869
-0.018,-3.303
-0.047,-3.072
-0.288,-3.047
-0.714,-3.232
-0.881,-2.973
-1.443,-2.951
-1.528,-2.883
-2.114,-2.905
-2.09,-2.97
-2.534,-2.78
-2.785,1.216
-3.029,1.428
3.011,1.2
2.175,1.387
1.91,1.348
1.713,1.328
1.641,1.256
1.519,1.49
1.307,1.534
1.143,1.319
1.111,1.22
0.764,1.541
-1.174,1.469
-1.125,1.311
-1.295,1.519
-1.323,1.515
-1.402,1.493
-1.599,1.176
-2.134,1.48
-2.377,1.59
-2.517,1.262
1.852,-2.594
1.296,0.921
0.966,-2.366
0.52,1.08
-1.36,0.81
-1.356,-1.289
-1.405,0.963
-2.115,-2.466
-2.357,0.47
-2.275,0.198
2.994,-2.961
-0.32,-3.256
-1.998,-3.189
2.001,1.199
-1.622,1.475
-2.837,-2.52
-2.869,-1.08
-2.909,0.747
-3.027,-1.504
-2.881,-2.574
-3.036,-0.782
-3.13,-1.208
-3.141,0.65
2.958,-2.759
2.901,-1.127
2.977,-0.229
2.959,0.935
2.715,-0.187
2.551,-0.129
2.668,-2.805
2.66,-1.434
2.662,-1.436
2.617,-2.021
2.647,1.04
2.552,-2.456
2.398,-0.781
2.362,-1.471
2.34,-1.251
2.402,-2.521
2.249,-1.057
2.325,-0.423
2.311,-1.398
2.179,-0.993
2.059,-0.056
1.8,-1.837
1.947,-1.137
1.735,0.916
1.708,-2.623
1.673,0.725
1.725,-0.35
1.563,-1.07
1.559,-2.742
1.668,-0.064
1.535,0.258
1.505,-0.601
1.504,-1.05
1.475,-1.819
1.57,-1.684
1.582,0.99
1.459,-1.336
1.537,-2.126
1.406,0.827
1.391,-0.465
1.345,-2.128
1.363,-2.637
1.163,-2.675
1.105,-2.561
1.103,0.519
1.209,0.979
1.132,-0.786
1.115,-0.699
1.036,-0.917
1.062,-2.621
0.891,-1.348
0.851,0.855
0.712,-2.469
0.733,-0.013
0.691,0.932
0.819,-2.088
0.518,-1.755
0.654,-2.734
0.517,-2.731
0.523,-0.107
0.455,-0.754
0.452,-1.801
0.209,-1.806
0.363,0.929
0.193,0.058
0.182,1.115
0.313,-2.479
0.154,-1.286
0.126,-2.461
-0.059,0.716
-0.066,-1.674
-0.045,-0.67
-0.022,-0.062
-0.025,-0.395
-0.188,-0.682
-0.098,-0.827
-0.223,-1.682
-0.206,-0.033
-0.422,0.613
-0.496,1.121
-0.438,0.896
-0.579,-2.316
-0.535,0.64
-0.714,-2.541
-0.881,-0.429
-0.956,0.251
-0.969,-2.695
-0.937,-2.581
-0.936,1.143
-0.994,-0.69
-1.161,-0.162
-1.191,-2.643
-1.325,-1.55
-1.514,-0.962
-1.488,-2.869
-1.548,-2.869
-1.442,-0.315
-1.475,-0.881
-1.46,-0.19
-2.004,-1.902
-2.012,-1.677
-2.159,-0.681
-2.135,-1.847
-2.253,-1.761
-2.161,-0.096
-2.313,-0.816
-2.202,-1.155
-2.202,-0.255
-2.34,-1.392
-2.269,-1.06
-2.468,-0.076
-2.354,-2.496
-2.571,-2.702
3.055,-2.869
-3.111,-2.91
2.969,-2.815
2.51,-3.148
2.538,-3.219
2.275,-3.067
2.355,-2.87
2.243,-2.907
1.561,-3.078
1.627,-2.826
1.653,-2.944
1.316,-2.937
1.154,-3.176
0.347,-3.037
0.352,-3.246
0.089,-3.02
0.083,-3.041
-2.041,-3.134
-2.526,-2.965
-2.581,1.28
-2.756,1.511
2.728,1.566
2.42,1.343
1.761,1.246
1.561,1.204
0.557,1.332
0.539,1.24
0.422,1.248
-0.003,1.375
-0.406,1.244
-1.08,1.419
-1.537,1.273
-1.799,1.257
2.813,-0.714
2.429,-0.713
1.584,-1.338
-0.482,-0.713
-0.664,-0.097
-1.384,0.653
-1.653,0.866
-2.245,-2.247
-0.206,-0.404
-0.893,-0.041
-1.775,-0.109
-1.792,0.775
-1.788,0.209
-1.852,0.776
-1.843,-0.791
-1.871,0.616
-1.955,0.001
-1.993,0.034
-2.073,-0.648
-2.105,0.574
-2.029,0.683
-2.161,-0.224
-2.253,-0.657
2.11,-1.608
0.819,-0.479
-1.835,-2.004
-2.261,-0.547
-2.517,-0.49
2.04,-2.839
1.922,-2.709
0.477,-2.592
1.49,1.095
2.109,-2.778
1.51,-2.954
-0.048,0.162
-0.184,-1.346
-0.133,-1.618
-0.13,-0.463
-0.244,-3.128
-0.201,-2.676
-0.295,-1.09
-0.221,0.275
-0.315,-1.001
-0.281,-3.189
-0.327,-0.162
-0.263,0.186
-0.338,-0.709
-0.348,-0.491
-0.375,-3.321
-0.436,-0.893
-0.412,-3.142
-0.436,0.643
-0.526,-2.366
-0.67,-1.035
-0.627,-1.735
-0.713,0.295
-0.756,-1.13
-0.738,-2.133
-0.852,-0.688
-0.852,-2.655
-0.921,-1.592
-0.988,0.336
-1.073,0.572
-1.176,-1.315
-1.167,-2.614
-1.184,-0.877
-1.273,-2.16
-1.332,-1.89
-1.37,-2.606
-1.393,-1.962
-1.319,-1.144
-1.332,-1.227
-1.428,-0.273
-1.39,-1.665
-1.459,-0.294
-1.494,-1.084
-1.489,-0.088
-1.549,-1.375
-1.499,0.333
-1.501,-3.215
-1.595,-1.412
-1.547,0.074
-1.561,-2.05
-1.535,0.243
-1.609,-0.01
-1.602,-1.458
-1.614,-0.152
-1.598,-1.5
-1.665,-0.155
-1.608,-1.362
-1.716,0.576
-1.651,-1.399
-1.651,-3.19
-1.717,-0.116
-1.757,-0.677
-1.795,-2.06
-1.744,0.073
-1.747,-0.452
-1.75,-1.873
-1.861,-1.219
-1.802,-1.823
-1.793,-1.908
-1.889,-2.125
-1.923,-2.275
-2.082,-2.042
-2.025,-1.304
-2.092,-1.861
-2.178,-2.546
-2.297,-1.029
-2.327,-0.372
-2.315,-1.213
-2.344,0.599
-2.32,-0.334
-2.375,0.055
-2.396,0.514
-2.452,-3.25
-2.388,-0.736
-2.437,0.569
-2.472,-0.04
-2.506,-2.516
-2.628,-0.432
-2.569,0.41
-2.595,-0.008
-2.671,-2.653
2.653,-3.299
1.974,-3.264
1.947,-3.324
1.524,-3.584
1.478,-3.393
1.196,-3.689
1.192,-3.587
1.039,-3.312
0.776,-3.339
0.297,-3.598
0.295,-3.335
-0.057,-3.769
-0.086,-3.538
-0.327,-3.513
-0.753,-3.698
-0.92,-3.439
-1.482,-3.417
-1.567,-3.349
-2.153,-3.371
-2.129,-3.436
-2.573,-3.246
-2.824,0.75
-3.068,0.962
2.972,0.734
2.136,0.921
1.871,0.882
1.674,0.862
1.602,0.79
1.48,1.024
1.268,1.068
1.104,0.853
1.072,0.754
0.725,1.075
-1.213,1.003
-1.164,0.845
-1.334,1.053
-1.362,1.049
-1.441,1.027
-1.638,0.71
-2.173,1.014
-2.416,1.124
-2.556,0.796
1.813,-3.06
1.257,0.455
0.927,-2.832
0.481,0.614
-1.399,0.344
-1.395,-1.755
-1.444,0.497
-2.154,-2.932
-2.396,0.004
-2.314,-0.268
2.955,-3.427
-0.359,-3.722
-2.037,-3.655
1.962,0.733
-1.661,1.009
-2.876,-2.986
-2.908,-1.546
-2.948,0.281
-3.066,-1.97
-2.92,-3.04
-3.075,-1.248
3.114,-1.674
3.103,0.184
2.919,-3.225
2.862,-1.593
2.938,-0.695
2.92,0.469
2.676,-0.653
2.512,-0.595
2.629,-3.271
2.621,-1.9
2.623,-1.902
2.578,-2.487
2.608,0.574
2.513,-2.922
2.359,-1.247
2.323,-1.937
2.301,-1.717
2.363,-2.987
2.21,-1.523
2.286,-0.889
2.272,-1.864
2.14,-1.459
2.02,-0.522
1.761,-2.303
1.908,-1.603
1.696,0.45
1.669,-3.089
1.634,0.259
1.686,-0.816
1.524,-1.536
1.52,-3.208
1.629,-0.53
1.496,-0.208
1.466,-1.067
1.465,-1.516
1.436,-2.285
1.531,-2.15
1.543,0.524
1.42,-1.802
1.498,-2.592
1.367,0.361
1.352,-0.931
1.306,-2.594
1.324,-3.103
1.124,-3.141
1.066,-3.027
1.064,0.053
1.17,0.513
1.093,-1.252
1.076,-1.165
0.997,-1.383
1.023,-3.087
0.852,-1.814
0.812,0.389
0.673,-2.935
0.694,-0.479
0.652,0.466
0.78,-2.554
0.479,-2.221
0.615,-3.2
0.478,-3.197
0.484,-0.573
0.416,-1.22
0.413,-2.267
0.17,-2.272
0.324,0.463
0.154,-0.408
0.143,0.649
0.274,-2.945
0.115,-1.752
0.087,-2.927
-0.098,0.25
-0.105,-2.14
-0.084,-1.136
-0.061,-0.528
-0.064,-0.861
-0.227,-1.148
-0.137,-1.293
-0.262,-2.148
-0.245,-0.499
-0.461,0.147
-0.535,0.655
-0.477,0.43
-0.618,-2.782
-0.574,0.174
-0.753,-3.007
-0.92,-0.895
-0.995,-0.215
-1.008,-3.161
-0.976,-3.047
-0.975,0.677
-1.033,-1.156
-1.2,-0.628
-1.23,-3.109
-1.364,-2.016
-1.553,-1.428
-1.527,-3.335
-1.587,-3.335
-1.481,-0.781
-1.514,-1.347
-1.499,-0.656
-2.043,-2.368
-2.051,-2.143
-2.198,-1.147
-2.174,-2.313
-2.292,-2.227
-2.2,-0.562
-2.352,-1.282
-2.241,-1.621
-2.241,-0.721
-2.379,-1.858
-2.308,-1.526
-2.507,-0.542
-2.393,-2.962
-2.61,-3.168
3.016,-3.335
3.133,-3.376
2.93,-3.281
2.471,-3.614
2.499,-3.685
2.236,-3.533
2.316,-3.336
2.204,-3.373
1.522,-3.544
1.588,-3.292
1.614,-3.41
1.277,-3.403
1.115,-3.642
0.308,-3.503
0.313,-3.712
0.05,-3.486
0.044,-3.507
-2.08,-3.6
-2.565,-3.431
-2.62,0.814
-2.795,1.045
2.689,1.1
2.381,0.877
1.722,0.78
1.522,0.738
0.518,0.866
0.5,0.774
0.383,0.782
-0.042,0.909
-0.445,0.778
-1.119,0.953
-1.576,0.807
-1.838,0.791
2.774,-1.18
2.39,-1.179
1.545,-1.804
-0.521,-1.179
-0.703,-0.563
-1.423,0.187
-1.692,0.4
-2.284,-2.713
-0.245,-0.87
-0.932,-0.507
-1.814,-0.575
-1.831,0.309
-1.827,-0.257
-1.891,0.31
-1.882,-1.257
-1.91,0.15
-1.994,-0.465
-2.032,-0.432
-2.112,-1.114
-2.144,0.108
-2.068,0.217
-2.2,-0.69
-2.292,-1.123
2.071,-2.074
0.78,-0.945
-1.874,-2.47
-2.3,-1.013
-2.556,-0.956
2.001,-3.305
1.883,-3.175
0.438,-3.058
1.451,0.629
2.07,-3.244
1.471,-3.42
-0.136,-1.508
-0.085,-1.78
-0.082,-0.625
-0.196,-3.29
-0.153,-2.838
-0.247,-1.252
-0.173,0.113
-0.267,-1.163
-0.233,-3.351
-0.279,-0.324
-0.215,0.024
-0.29,-0.871
-0.3,-0.653
-0.327,-3.483
-0.388,-1.055
-0.364,-3.304
-0.388,0.481
-0.478,-2.528
-0.622,-1.197
-0.579,-1.897
-0.665,0.133
-0.708,-1.292
-0.69,-2.295
-0.804,-0.85
-0.804,-2.817
-0.873,-1.754
-0.94,0.174
-1.025,0.41
-1.128,-1.477
-1.119,-2.776
-1.136,-1.039
-1.225,-2.322
-1.284,-2.052
-1.322,-2.768
-1.345,-2.124
-1.271,-1.306
-1.284,-1.389
-1.38,-0.435
-1.342,-1.827
-1.411,-0.456
-1.446,-1.246
-1.441,-0.25
-1.501,-1.537
-1.451,0.171
-1.453,-3.377
-1.547,-1.574
-1.499,-0.088
-1.513,-2.212
-1.487,0.081
-1.561,-0.172
-1.554,-1.62
-1.566,-0.314
-1.55,-1.662
-1.617,-0.317
-1.56,-1.524
-1.668,0.414
-1.603,-1.561
-1.603,-3.352
-1.669,-0.278
-1.709,-0.839
-1.747,-2.222
-1.696,-0.089
-1.699,-0.614
-1.702,-2.035
-1.813,-1.381
-1.754,-1.985
-1.745,-2.07
-1.841,-2.287
-1.875,-2.437
-2.034,-2.204
-1.977,-1.466
-2.044,-2.023
-2.13,-2.708
-2.249,-1.191
-2.279,-0.534
-2.267,-1.375
-2.296,0.437
-2.272,-0.496
-2.327,-0.107
-2.348,0.352
-2.404,-3.412
-2.34,-0.898
-2.389,0.407
-2.424,-0.202
-2.458,-2.678
-2.58,-0.594
-2.521,0.248
-2.547,-0.17
-2.623,-2.815
2.701,-3.461
2.022,-3.426
1.995,-3.486
1.572,-3.746
1.526,-3.555
1.244,-3.851
1.24,-3.749
1.087,-3.474
0.824,-3.501
0.345,-3.76
0.343,-3.497
-0.009,-3.931
-0.038,-3.7
-0.279,-3.675
-0.705,-3.86
-0.872,-3.601
-1.434,-3.579
-1.519,-3.511
-2.105,-3.533
-2.081,-3.598
-2.525,-3.408
-2.776,0.588
-3.02,0.8
3.02,0.572
2.184,0.759
1.919,0.72
1.722,0.7
1.65,0.628
1.528,0.862
1.316,0.906
1.152,0.691
1.12,0.592
0.773,0.913
-1.165,0.841
-1.116,0.683
-1.286,0.891
-1.314,0.887
-1.393,0.865
-1.59,0.548
-2.125,0.852
-2.368,0.962
-2.508,0.634
1.861,-3.222
1.305,0.293
0.975,-2.994
0.529,0.452
-1.351,0.182
-1.347,-1.917
-1.396,0.335
-2.106,-3.094
-2.348,-0.158
-2.266,-0.43
3.003,-3.589
-0.311,-3.884
-1.989,-3.817
2.01,0.571
-1.613,0.847
-2.828,-3.148
-2.86,-1.708
-2.9,0.119
-3.018,-2.132
-2.872,-3.202
-3.027,-1.41
-3.121,-1.836
-3.132,0.022
2.967,-3.387
2.91,-1.755
2.986,-0.857
2.968,0.307
2.724,-0.815
2.56,-0.757
2.677,-3.433
2.669,-2.062
2.671,-2.064
2.626,-2.649
2.656,0.412
2.561,-3.084
2.407,-1.409
2.371,-2.099
2.349,-1.879
2.411,-3.149
2.258,-1.685
2.334,-1.051
2.32,-2.026
2.188,-1.621
2.068,-0.684
1.809,-2.465
1.956,-1.765
1.744,0.288
1.717,-3.251
1.682,0.097
1.734,-0.978
1.572,-1.698
1.568,-3.37
1.677,-0.692
1.544,-0.37
1.514,-1.229
1.513,-1.678
1.484,-2.447
1.579,-2.312
1.591,0.362
1.468,-1.964
1.546,-2.754
1.415,0.199
1.4,-1.093
1.354,-2.756
1.372,-3.265
1.172,-3.303
1.114,-3.189
1.112,-0.109
1.218,0.351
1.141,-1.414
1.124,-1.327
1.045,-1.545
1.071,-3.249
0.9,-1.976
0.86,0.227
0.721,-3.097
0.742,-0.641
0.7,0.304
0.828,-2.716
0.527,-2.383
0.663,-3.362
0.526,-3.359
0.532,-0.735
0.464,-1.382
0.461,-2.429
0.218,-2.434
0.372,0.301
0.202,-0.57
0.191,0.487
0.322,-3.107
0.163,-1.914
0.135,-3.089
-0.05,0.088
-0.057,-2.302
-0.036,-1.298
-0.013,-0.69
-0.016,-1.023
-0.179,-1.31
-0.089,-1.455
-0.214,-2.31
-0.197,-0.661
-0.413,-0.015
-0.487,0.493
-0.429,0.268
-0.57,-2.944
-0.526,0.012
-0.705,-3.169
-0.872,-1.057
-0.947,-0.377
-0.96,-3.323
-0.928,-3.209
-0.927,0.515
-0.985,-1.318
-1.152,-0.79
-1.182,-3.271
-1.316,-2.178
-1.505,-1.59
-1.479,-3.497
-1.539,-3.497
-1.433,-0.943
-1.466,-1.509
-1.451,-0.818
-1.995,-2.53
-2.003,-2.305
-2.15,-1.309
-2.126,-2.475
-2.244,-2.389
-2.152,-0.724
-2.304,-1.444
-2.193,-1.783
-2.193,-0.883
-2.331,-2.02
-2.26,-1.688
-2.459,-0.704
-2.345,-3.124
-2.562,-3.33
3.064,-3.497
-3.102,-3.538
2.978,-3.443
2.519,-3.776
2.547,-3.847
2.284,-3.695
2.364,-3.498
2.252,-3.535
1.57,-3.706
1.636,-3.454
1.662,-3.572
1.325,-3.565
1.163,-3.804
0.356,-3.665
0.361,-3.874
0.098,-3.648
0.092,-3.669
-2.032,-3.762
-2.517,-3.593
-2.572,0.652
-2.747,0.883
2.737,0.938
2.429,0.715
1.77,0.618
1.57,0.576
0.566,0.704
0.548,0.612
0.431,0.62
0.006,0.747
-0.397,0.616
-1.071,0.791
-1.528,0.645
-1.79,0.629
2.822,-1.342
2.438,-1.341
1.593,-1.966
-0.473,-1.341
-0.655,-0.725
-1.375,0.025
-1.644,0.238
-2.236,-2.875
-0.197,-1.032
-0.884,-0.669
-1.766,-0.737
-1.783,0.147
-1.779,-0.419
-1.843,0.148
-1.834,-1.419
-1.862,-0.012
-1.946,-0.627
-1.984,-0.594
-2.064,-1.276
-2.096,-0.054
-2.02,0.055
-2.152,-0.852
-2.244,-1.285
2.119,-2.236
0.828,-1.107
-1.826,-2.632
-2.252,-1.175
-2.508,-1.118
2.049,-3.467
1.931,-3.337
0.486,-3.22
1.499,0.467
2.118,-3.406
1.519,-3.582
0.051,-0.272
0.054,0.883
-0.06,-1.782
-0.017,-1.33
-0.111,0.256
-0.037,1.621
-0.131,0.345
-0.097,-1.843
-0.143,1.184
-0.079,1.532
-0.154,0.637
-0.164,0.855
-0.191,-1.975
-0.252,0.453
-0.228,-1.796
-0.252,1.989
-0.342,-1.02
-0.486,0.311
-0.443,-0.389
-0.529,1.641
-0.572,0.216
-0.554,-0.787
-0.668,0.658
-0.668,-1.309
-0.737,-0.246
-0.804,1.682
-0.889,1.918
-0.992,0.031
-0.983,-1.268
-1.0,0.469
-1.089,-0.814
-1.148,-0.544
-1.186,-1.26
-1.209,-0.616
-1.135,0.202
-1.148,0.119
-1.244,1.073
-1.206,-0.319
-1.275,1.052
-1.31,0.262
-1.305,1.258
-1.365,-0.029
-1.315,1.679
-1.317,-1.869
-1.411,-0.066
-1.363,1.42
-1.377,-0.704
-1.351,1.589
-1.425,1.336
-1.418,-0.112
-1.43,1.194
-1.414,-0.154
-1.481,1.191
-1.424,-0.016
-1.532,1.922
-1.467,-0.053
-1.467,-1.844
-1.533,1.23
-1.573,0.669
-1.611,-0.714
-1.56,1.419
-1.563,0.894
-1.566,-0.527
-1.677,0.127
-1.618,-0.477
-1.609,-0.562
-1.705,-0.779
-1.739,-0.929
-1.898,-0.696
-1.841,0.042
-1.908,-0.515
-1.994,-1.2
-2.113,0.317
-2.143,0.974
-2.131,0.133
-2.16,1.945
-2.136,1.012
-2.191,1.401
-2.212,1.86
-2.268,-1.904
-2.204,0.61
-2.253,1.915
-2.288,1.306
-2.322,-1.17
-2.444,0.914
-2.385,1.756
-2.411,1.338
-2.487,-1.307
2.837,-1.953
2.158,-1.918
2.131,-1.978
1.708,-2.238
1.662,-2.047
1.38,-2.343
1.376,-2.241
1.223,-1.966
0.96,-1.993
0.481,-2.252
0.479,-1.989
0.127,-2.423
0.098,-2.192
-0.143,-2.167
-0.569,-2.352
-0.736,-2.093
-1.298,-2.071
-1.383,-2.003
-1.969,-2.025
-1.945,-2.09
-2.389,-1.9
-2.64,2.096
-2.884,2.308
-3.127,2.08
2.32,2.267
2.055,2.228
1.858,2.208
1.786,2.136
1.664,2.37
1.452,2.414
1.288,2.199
1.256,2.1
0.909,2.421
-1.029,2.349
-0.98,2.191
-1.15,2.399
-1.178,2.395
-1.257,2.373
-1.454,2.056
-1.989,2.36
-2.232,2.47
-2.372,2.142
1.997,-1.714
1.441,1.801
1.111,-1.486
0.665,1.96
-1.215,1.69
-1.211,-0.409
-1.26,1.843
-1.97,-1.586
-2.212,1.35
-2.13,1.078
3.139,-2.081
-0.175,-2.376
-1.853,-2.309
2.146,2.079
-1.477,2.355
-2.692,-1.64
-2.724,-0.2
-2.764,1.627
-2.882,-0.624
-2.736,-1.694
-2.891,0.098
-2.985,-0.328
-2.996,1.53
3.103,-1.879
3.046,-0.247
3.122,0.651
3.104,1.815
2.86,0.693
2.696,0.751
2.813,-1.925
2.805,-0.554
2.807,-0.556
2.762,-1.141
2.792,1.92
2.697,-1.576
2.543,0.099
2.507,-0.591
2.485,-0.371
2.547,-1.641
2.394,-0.177
2.47,0.457
2.456,-0.518
2.324,-0.113
2.204,0.824
1.945,-0.957
2.092,-0.257
1.88,1.796
1.853,-1.743
1.818,1.605
1.87,0.53
1.708,-0.19
1.704,-1.862
1.813,0.816
1.68,1.138
1.65,0.279
1.649,-0.17
1.62,-0.939
1.715,-0.804
1.727,1.87
1.604,-0.456
1.682,-1.246
1.551,1.707
1.536,0.415
1.49,-1.248
1.508,-1.757
1.308,-1.795
1.25,-1.681
1.248,1.399
1.354,1.859
1.277,0.094
1.26,0.181
1.181,-0.037
1.207,-1.741
1.036,-0.468
0.996,1.735
0.857,-1.589
0.878,0.867
0.836,1.812
0.964,-1.208
0.663,-0.875
0.799,-1.854
0.662,-1.851
0.668,0.773
0.6,0.126
0.597,-0.921
0.354,-0.926
0.508,1.809
0.338,0.938
0.327,1.995
0.458,-1.599
0.299,-0.406
0.271,-1.581
0.086,1.596
0.079,-0.794
0.1,0.21
0.123,0.818
0.12,0.485
-0.043,0.198
0.047,0.053
-0.078,-0.802
-0.061,0.847
-0.277,1.493
-0.351,2.001
-0.293,1.776
-0.434,-1.436
-0.39,1.52
-0.569,-1.661
-0.736,0.451
-0.811,1.131
-0.824,-1.815
-0.792,-1.701
-0.791,2.023
-0.849,0.19
-1.016,0.718
-1.046,-1.763
-1.18,-0.67
-1.369,-0.082
-1.343,-1.989
-1.403,-1.989
-1.297,0.565
-1.33,-0.001
-1.315,0.69
-1.859,-1.022
-1.867,-0.797
-2.014,0.199
-1.99,-0.967
-2.108,-0.881
-2.016,0.784
-2.168,0.064
-2.057,-0.275
-2.057,0.625
-2.195,-0.512
-2.124,-0.18
-2.323,0.804
-2.209,-1.616
-2.426,-1.822
-3.083,-1.989
-2.966,-2.03
3.114,-1.935
2.655,-2.268
2.683,-2.339
2.42,-2.187
2.5,-1.99
2.388,-2.027
1.706,-2.198
1.772,-1.946
1.798,-2.064
1.461,-2.057
1.299,-2.296
0.492,-2.157
0.497,-2.366
0.234,-2.14
0.228,-2.161
-1.896,-2.254
-2.381,-2.085
-2.436,2.16
-2.611,2.391
2.873,2.446
2.565,2.223
1.906,2.126
1.706,2.084
0.702,2.212
0.684,2.12
0.567,2.128
0.142,2.255
-0.261,2.124
-0.935,2.299
-1.392,2.153
-1.654,2.137
2.958,0.166
2.574,0.167
1.729,-0.458
-0.337,0.167
-0.519,0.783
-1.239,1.533
-1.508,1.746
-2.1,-1.367
-0.061,0.476
-0.748,0.839
-1.63,0.771
-1.647,1.655
-1.643,1.089
-1.707,1.656
-1.698,0.089
-1.726,1.496
-1.81,0.881
-1.848,0.914
-1.928,0.232
-1.96,1.454
-1.884,1.563
-2.016,0.656
-2.108,0.223
2.255,-0.728
0.964,0.401
-1.69,-1.124
-2.116,0.333
-2.372,0.39
2.185,-1.959
2.067,-1.829
0.622,-1.712
1.635,1.975
2.254,-1.898
1.655,-2.074
0.003,1.155
-0.111,-1.51
-0.068,-1.058
-0.162,0.528
-0.088,1.893
-0.182,0.617
-0.148,-1.571
-0.194,1.456
-0.13,1.804
-0.205,0.909
-0.215,1.127
-0.242,-1.703
-0.303,0.725
-0.279,-1.524
-0.303,2.261
-0.393,-0.748
-0.537,0.583
-0.494,-0.117
-0.58,1.913
-0.623,0.488
-0.605,-0.515
-0.719,0.93
-0.719,-1.037
-0.788,0.026
-0.855,1.954
-0.94,2.19
-1.043,0.303
-1.034,-0.996
-1.051,0.741
-1.14,-0.542
-1.199,-0.272
-1.237,-0.988
-1.26,-0.344
-1.186,0.474
-1.199,0.391
-1.295,1.345
-1.257,-0.047
-1.326,1.324
-1.361,0.534
-1.356,1.53
-1.416,0.243
-1.366,1.951
-1.368,-1.597
-1.462,0.206
-1.414,1.692
-1.428,-0.432
-1.402,1.861
-1.476,1.608
-1.469,0.16
-1.481,1.466
-1.465,0.118
-1.532,1.463
-1.475,0.256
-1.583,2.194
-1.518,0.219
-1.518,-1.572
-1.584,1.502
-1.624,0.941
-1.662,-0.442
-1.611,1.691
-1.614,1.166
-1.617,-0.255
-1.728,0.399
-1.669,-0.205
-1.66,-0.29
-1.756,-0.507
-1.79,-0.657
-1.949,-0.424
-1.892,0.314
-1.959,-0.243
-2.045,-0.928
-2.164,0.589
-2.194,1.246
-2.182,0.405
-2.211,2.217
-2.187,1.284
-2.242,1.673
-2.263,2.132
-2.319,-1.632
-2.255,0.882
-2.304,2.187
-2.339,1.578
-2.373,-0.898
-2.495,1.186
-2.436,2.028
-2.462,1.61
-2.538,-1.035
2.786,-1.681
2.107,-1.646
2.08,-1.706
1.657,-1.966
1.611,-1.775
1.329,-2.071
1.325,-1.969
1.172,-1.694
0.909,-1.721
0.43,-1.98
0.428,-1.717
0.076,-2.151
0.047,-1.92
-0.194,-1.895
-0.62,-2.08
-0.787,-1.821
-1.349,-1.799
-1.434,-1.731
-2.02,-1.753
-1.996,-1.818
-2.44,-1.628
-2.691,2.368
-2.935,2.58
3.105,2.352
2.269,2.539
2.004,2.5
1.807,2.48
1.735,2.408
1.613,2.642
1.401,2.686
1.237,2.471
1.205,2.372
0.858,2.693
-1.08,2.621
-1.031,2.463
-1.201,2.671
-1.229,2.667
-1.308,2.645
-1.505,2.328
-2.04,2.632
-2.283,2.742
-2.423,2.414
1.946,-1.442
1.39,2.073
1.06,-1.214
0.614,2.232
-1.266,1.962
-1.262,-0.137
-1.311,2.115
-2.021,-1.314
-2.263,1.622
-2.181,1.35
3.088,-1.809
-0.226,-2.104
-1.904,-2.037
2.095,2.351
-1.528,2.627
-2.743,-1.368
-2.775,0.072
-2.815,1.899
-2.933,-0.352
-2.787,-1.422
-2.942,0.37
-3.036,-0.056
-3.047,1.802
3.052,-1.607
2.995,0.025
3.071,0.923
3.053,2.087
2.809,0.965
2.645,1.023
2.762,-1.653
2.754,-0.282
2.756,-0.284
2.711,-0.869
2.741,2.192
2.646,-1.304
2.492,0.371
2.456,-0.319
2.434,-0.099
2.496,-1.369
2.343,0.095
2.419,0.729
2.405,-0.246
2.273,0.159
2.153,1.096
1.894,-0.685
2.041,0.015
1.829,2.068
1.802,-1.471
1.767,1.877
1.819,0.802
1.657,0.082
1.653,-1.59
1.762,1.088
1.629,1.41
1.599,0.551
1.598,0.102
1.569,-0.667
1.664,-0.532
1.676,2.142
1.553,-0.184
1.631,-0.974
1.5,1.979
1.485,0.687
1.439,-0.976
1.457,-1.485
1.257,-1.523
1.199,-1.409
1.197,1.671
1.303,2.131
1.226,0.366
1.209,0.453
1.13,0.235
1.156,-1.469
0.985,-0.196
0.945,2.007
0.806,-1.317
0.827,1.139
0.785,2.084
0.913,-0.936
0.612,-0.603
0.748,-1.582
0.611,-1.579
0.617,1.045
0.549,0.398
0.546,-0.649
0.303,-0.654
0.457,2.081
0.287,1.21
0.276,2.267
0.407,-1.327
0.248,-0.134
0.22,-1.309
0.035,1.868
0.028,-0.522
0.049,0.482
0.072,1.09
0.069,0.757
-0.094,0.47
-0.004,0.325
-0.129,-0.53
-0.112,1.119
-0.328,1.765
-0.402,2.273
-0.344,2.048
-0.485,-1.164
-0.441,1.792
-0.62,-1.389
-0.787,0.723
-0.862,1.403
-0.875,-1.543
-0.843,-1.429
-0.842,2.295
-0.9,0.462
-1.067,0.99
-1.097,-1.491
-1.231,-0.398
-1.42,0.19
-1.394,-1.717
-1.454,-1.717
-1.348,0.837
-1.381,0.271
-1.366,0.962
-1.91,-0.75
-1.918,-0.525
-2.065,0.471
-2.041,-0.695
-2.159,-0.609
-2.067,1.056
-2.219,0.336
-2.108,-0.003
-2.108,0.897
-2.246,-0.24
-2.175,0.092
-2.374,1.076
-2.26,-1.344
-2.477,-1.55
-3.134,-1.717
-3.017,-1.758
3.063,-1.663
2.604,-1.996
2.632,-2.067
2.369,-1.915
2.449,-1.718
2.337,-1.755
1.655,-1.926
1.721,-1.674
1.747,-1.792
1.41,-1.785
1.248,-2.024
0.441,-1.885
0.446,-2.094
0.183,-1.868
0.177,-1.889
-1.947,-1.982
-2.432,-1.813
-2.487,2.432
-2.662,2.663
2.822,2.718
2.514,2.495
1.855,2.398
1.655,2.356
0.651,2.484
0.633,2.392
0.516,2.4
0.091,2.527
-0.312,2.396
-0.986,2.571
-1.443,2.425
-1.705,2.409
2.907,0.438
2.523,0.439
1.678,-0.186
-0.388,0.439
-0.57,1.055
-1.29,1.805
-1.559,2.018
-2.151,-1.095
-0.112,0.748
-0.799,1.111
-1.681,1.043
-1.698,1.927
-1.694,1.361
-1.758,1.928
-1.749,0.361
-1.777,1.768
-1.861,1.153
-1.899,1.186
-1.979,0.504
-2.011,1.726
-1.935,1.835
-2.067,0.928
-2.159,0.495
2.204,-0.456
0.913,0.673
-1.741,-0.852
-2.167,0.605
-2.423,0.662
2.134,-1.687
2.016,-1.557
0.571,-1.44
1.584,2.247
2.203,-1.626
1.604,-1.802
-0.114,-2.665
-0.071,-2.213
-0.165,-0.627
-0.091,0.738
-0.185,-0.538
-0.151,-2.726
-0.197,0.301
-0.133,0.649
-0.208,-0.246
-0.218,-0.028
-0.245,-2.858
-0.306,-0.43
-0.282,-2.679
-0.306,1.106
-0.396,-1.903
-0.54,-0.572
-0.497,-1.272
-0.583,0.758
-0.626,-0.667
-0.608,-1.67
-0.722,-0.225
-0.722,-2.192
-0.791,-1.129
-0.858,0.799
-0.943,1.035
-1.046,-0.852
-1.037,-2.151
-1.054,-0.414
-1.143,-1.697
-1.202,-1.427
-1.24,-2.143
-1.263,-1.499
-1.189,-0.681
-1.202,-0.764
-1.298,0.19
-1.26,-1.202
-1.329,0.169
-1.364,-0.621
-1.359,0.375
-1.419,-0.912
-1.369,0.796
-1.371,-2.752
-1.465,-0.949
-1.417,0.537
-1.431,-1.587
-1.405,0.706
-1.479,0.453
-1.472,-0.995
-1.484,0.311
-1.468,-1.037
-1.535,0.308
-1.478,-0.899
-1.586,1.039
-1.521,-0.936
-1.521,-2.727
-1.587,0.347
-1.627,-0.214
-1.665,-1.597
-1.614,0.536
-1.617,0.011
-1.62,-1.41
-1.731,-0.756
-1.672,-1.36
-1.663,-1.445
-1.759,-1.662
-1.793,-1.812
-1.952,-1.579
-1.895,-0.841
-1.962,-1.398
-2.048,-2.083
-2.167,-0.566
-2.197,0.091
-2.185,-0.75
-2.214,1.062
-2.19,0.129
-2.245,0.518
-2.266,0.977
-2.322,-2.787
-2.258,-0.273
-2.307,1.032
-2.342,0.423
-2.376,-2.053
-2.498,0.031
-2.439,0.873
-2.465,0.455
-2.541,-2.19
2.783,-2.836
2.104,-2.801
2.077,-2.861
1.654,-3.121
1.608,-2.93
1.326,-3.226
1.322,-3.124
1.169,-2.849
0.906,-2.876
0.427,-3.135
0.425,-2.872
0.073,-3.306
0.044,-3.075
-0.197,-3.05
-0.623,-3.235
-0.79,-2.976
-1.352,-2.954
-1.437,-2.886
-2.023,-2.908
-1.999,-2.973
-2.443,-2.783
-2.694,1.213
-2.938,1.425
3.102,1.197
2.266,1.384
2.001,1.345
1.804,1.325
1.732,1.253
1.61,1.487
1.398,1.531
1.234,1.316
1.202,1.217
0.855,1.538
-1.083,1.466
-1.034,1.308
-1.204,1.516
-1.232,1.512
-1.311,1.49
-1.508,1.173
-2.043,1.477
-2.286,1.587
-2.426,1.259
1.943,-2.597
1.387,0.918
1.057,-2.369
0.611,1.077
-1.269,0.807
-1.265,-1.292
-1.314,0.96
-2.024,-2.469
-2.266,0.467
-2.184,0.195
3.085,-2.964
-0.229,-3.259
-1.907,-3.192
2.092,1.196
-1.531,1.472
-2.746,-2.523
-2.778,-1.083
-2.818,0.744
-2.936,-1.507
-2.79,-2.577
-2.945,-0.785
-3.039,-1.211
-3.05,0.647
3.049,-2.762
2.992,-1.13
3.068,-0.232
3.05,0.932
2.806,-0.19
2.642,-0.132
2.759,-2.808
2.751,-1.437
2.753,-1.439
2.708,-2.024
2.738,1.037
2.643,-2.459
2.489,-0.784
2.453,-1.474
2.431,-1.254
2.493,-2.524
2.34,-1.06
2.416,-0.426
2.402,-1.401
2.27,-0.996
2.15,-0.059
1.891,-1.84
2.038,-1.14
1.826,0.913
1.799,-2.626
1.764,0.722
1.816,-0.353
1.654,-1.073
1.65,-2.745
1.759,-0.067
1.626,0.255
1.596,-0.604
1.595,-1.053
1.566,-1.822
1.661,-1.687
1.673,0.987
1.55,-1.339
1.628,-2.129
1.497,0.824
1.482,-0.468
1.436,-2.131
1.454,-2.64
1.254,-2.678
1.196,-2.564
1.194,0.516
1.3,0.976
1.223,-0.789
1.206,-0.702
1.127,-0.92
1.153,-2.624
0.982,-1.351
0.942,0.852
0.803,-2.472
0.824,-0.016
0.782,0.929
0.91,-2.091
0.609,-1.758
0.745,-2.737
0.608,-2.734
0.614,-0.11
0.546,-0.757
0.543,-1.804
0.3,-1.809
0.454,0.926
0.284,0.055
0.273,1.112
0.404,-2.482
0.245,-1.289
0.217,-2.464
0.032,0.713
0.025,-1.677
0.046,-0.673
0.069,-0.065
0.066,-0.398
-0.097,-0.685
-0.007,-0.83
-0.132,-1.685
-0.115,-0.036
-0.331,0.61
-0.405,1.118
-0.347,0.893
-0.488,-2.319
-0.444,0.637
-0.623,-2.544
-0.79,-0.432
-0.865,0.248
-0.878,-2.698
-0.846,-2.584
-0.845,1.14
-0.903,-0.693
-1.07,-0.165
-1.1,-2.646
-1.234,-1.553
-1.423,-0.965
-1.397,-2.872
-1.457,-2.872
-1.351,-0.318
-1.384,-0.884
-1.369,-0.193
-1.913,-1.905
-1.921,-1.68
-2.068,-0.684
-2.044,-1.85
-2.162,-1.764
-2.07,-0.099
-2.222,-0.819
-2.111,-1.158
-2.111,-0.258
-2.249,-1.395
-2.178,-1.063
-2.377,-0.079
-2.263,-2.499
-2.48,-2.705
-3.137,-2.872
-3.02,-2.913
3.06,-2.818
2.601,-3.151
2.629,-3.222
2.366,-3.07
2.446,-2.873
2.334,-2.91
1.652,-3.081
1.718,-2.829
1.744,-2.947
1.407,-2.94
1.245,-3.179
0.438,-3.04
0.443,-3.249
0.18,-3.023
0.174,-3.044
-1.95,-3.137
-2.435,-2.968
-2.49,1.277
-2.665,1.508
2.819,1.563
2.511,1.34
1.852,1.243
1.652,1.201
0.648,1.329
0.63,1.237
0.513,1.245
0.088,1.372
-0.315,1.241
-0.989,1.416
-1.446,1.27
-1.708,1.254
2.904,-0.717
2.52,-0.716
1.675,-1.341
-0.391,-0.716
-0.573,-0.1
-1.293,0.65
-1.562,0.863
-2.154,-2.25
-0.115,-0.407
-0.802,-0.044
-1.684,-0.112
-1.701,0.772
-1.697,0.206
-1.761,0.773
-1.752,-0.794
-1.78,0.613
-1.864,-0.002
-1.902,0.031
-1.982,-0.651
-2.014,0.571
-1.938,0.68
-2.07,-0.227
-2.162,-0.66
2.201,-1.611
0.91,-0.482
-1.744,-2.007
-2.17,-0.55
-2.426,-0.493
2.131,-2.842
2.013,-2.712
0.568,-2.595
1.581,1.092
2.2,-2.781
1.601,-2.957
0.043,0.452
-0.051,2.038
0.023,3.403
-0.071,2.127
-0.037,-0.061
-0.083,2.966
-0.019,3.314
-0.094,2.419
-0.104,2.637
-0.131,-0.193
-0.192,2.235
-0.168,-0.014
-0.192,3.771
-0.282,0.762
-0.426,2.093
-0.383,1.393
-0.469,3.423
-0.512,1.998
-0.494,0.995
-0.608,2.44
-0.608,0.473
-0.677,1.536
-0.744,3.464
-0.829,3.7
-0.932,1.813
-0.923,0.514
-0.94,2.251
-1.029,0.968
-1.088,1.238
-1.126,0.522
-1.149,1.166
-1.075,1.984
-1.088,1.901
-1.184,2.855
-1.146,1.463
-1.215,2.834
-1.25,2.044
-1.245,3.04
-1.305,1.753
-1.255,3.461
-1.257,-0.087
-1.351,1.716
-1.303,3.202
-1.317,1.078
-1.291,3.371
-1.365,3.118
-1.358,1.67
-1.37,2.976
-1.354,1.628
-1.421,2.973
-1.364,1.766
-1.472,3.704
-1.407,1.729
-1.407,-0.062
-1.473,3.012
-1.513,2.451
-1.551,1.068
-1.5,3.201
-1.503,2.676
-1.506,1.255
-1.617,1.909
-1.558,1.305
-1.549,1.22
-1.645,1.003
-1.679,0.853
-1.838,1.086
-1.781,1.824
-1.848,1.267
-1.934,0.582
-2.053,2.099
-2.083,2.756
-2.071,1.915
-2.1,3.727
-2.076,2.794
-2.131,3.183
-2.152,3.642
-2.208,-0.122
-2.144,2.392
-2.193,3.697
-2.228,3.088
-2.262,0.612
-2.384,2.696
-2.325,3.538
-2.351,3.12
-2.427,0.475
2.897,-0.171
2.218,-0.136
2.191,-0.196
1.768,-0.456
1.722,-0.265
1.44,-0.561
1.436,-0.459
1.283,-0.184
1.02,-0.211
0.541,-0.47
0.539,-0.207
0.187,-0.641
0.158,-0.41
-0.083,-0.385
-0.509,-0.57
-0.676,-0.311
-1.238,-0.289
-1.323,-0.221
-1.909,-0.243
-1.885,-0.308
-2.329,-0.118
-2.58,3.878
-2.824,4.09
-3.067,3.862
2.38,4.049
2.115,4.01
1.918,3.99
1.846,3.918
1.724,4.152
1.512,4.196
1.348,3.981
1.316,3.882
0.969,4.203
-0.969,4.131
-0.92,3.973
-1.09,4.181
-1.118,4.177
-1.197,4.155
-1.394,3.838
-1.929,4.142
-2.172,4.252
-2.312,3.924
2.057,0.068
1.501,3.583
1.171,0.296
0.725,3.742
-1.155,3.472
-1.151,1.373
-1.2,3.625
-1.91,0.196
-2.152,3.132
-2.07,2.86
-3.084,-0.299
-0.115,-0.594
-1.793,-0.527
2.206,3.861
-1.417,4.137
-2.632,0.142
-2.664,1.582
-2.704,3.409
-2.822,1.158
-2.676,0.088
-2.831,1.88
-2.925,1.454
-2.936,3.312
-3.12,-0.097
3.106,1.535
-3.101,2.433
-3.119,3.597
2.92,2.475
2.756,2.533
2.873,-0.143
2.865,1.228
2.867,1.226
2.822,0.641
2.852,3.702
2.757,0.206
2.603,1.881
2.567,1.191
2.545,1.411
2.607,0.141
2.454,1.605
2.53,2.239
2.516,1.264
2.384,1.669
2.264,2.606
2.005,0.825
2.152,1.525
1.94,3.578
1.913,0.039
1.878,3.387
1.93,2.312
1.768,1.592
1.764,-0.08
1.873,2.598
1.74,2.92
1.71,2.061
1.709,1.612
1.68,0.843
1.775,0.978
1.787,3.652
1.664,1.326
1.742,0.536
1.611,3.489
1.596,2.197
1.55,0.534
1.568,0.025
1.368,-0.013
1.31,0.101
1.308,3.181
1.414,3.641
1.337,1.876
1.32,1.963
1.241,1.745
1.267,0.041
1.096,1.314
1.056,3.517
0.917,0.193
0.938,2.649
0.896,3.594
1.024,0.574
0.723,0.907
0.859,-0.072
0.722,-0.069
0.728,2.555
0.66,1.908
0.657,0.861
0.414,0.856
0.568,3.591
0.398,2.72
0.387,3.777
0.518,0.183
0.359,1.376
0.331,0.201
0.146,3.378
0.139,0.988
0.16,1.992
0.183,2.6
0.18,2.267
0.017,1.98
0.107,1.835
-0.018,0.98
-0.001,2.629
-0.217,3.275
-0.291,3.783
-0.233,3.558
-0.374,0.346
-0.33,3.302
-0.509,0.121
-0.676,2.233
-0.751,2.913
-0.764,-0.033
-0.732,0.081
-0.731,3.805
-0.789,1.972
-0.956,2.5
-0.986,0.019
-1.12,1.112
-1.309,1.7
-1.283,-0.207
-1.343,-0.207
-1.237,2.347
-1.27,1.781
-1.255,2.472
-1.799,0.76
-1.807,0.985
-1.954,1.981
-1.93,0.815
-2.048,0.901
-1.956,2.566
-2.108,1.846
-1.997,1.507
-1.997,2.407
-2.135,1.27
-2.064,1.602
-2.263,2.586
-2.149,0.166
-2.366,-0.04
-3.023,-0.207
-2.906,-0.248
-3.109,-0.153
2.715,-0.486
2.743,-0.557
2.48,-0.405
2.56,-0.208
2.448,-0.245
1.766,-0.416
1.832,-0.164
1.858,-0.282
1.521,-0.275
1.359,-0.514
0.552,-0.375
0.557,-0.584
0.294,-0.358
0.288,-0.379
-1.836,-0.472
-2.321,-0.303
-2.376,3.942
-2.551,4.173
2.933,4.228
2.625,4.005
1.966,3.908
1.766,3.866
0.762,3.994
0.744,3.902
0.627,3.91
0.202,4.037
-0.201,3.906
-0.875,4.081
-1.332,3.935
-1.594,3.919
3.018,1.948
2.634,1.949
1.789,1.324
-0.277,1.949
-0.459,2.565
-1.179,3.315
-1.448,3.528
-2.04,0.415
-0.001,2.258
-0.688,2.621
-1.57,2.553
-1.587,3.437
-1.583,2.871
-1.647,3.438
-1.638,1.871
-1.666,3.278
-1.75,2.663
-1.788,2.696
-1.868,2.014
-1.9,3.236
-1.824,3.345
-1.956,2.438
-2.048,2.005
2.315,1.054
1.024,2.183
-1.63,0.658
-2.056,2.115
-2.312,2.172
2.245,-0.177
2.127,-0.047
0.682,0.07
1.695,3.757
2.314,-0.116
1.715,-0.292
-0.094,1.586
-0.02,2.951
-0.114,1.675
-0.08,-0.513
-0.126,2.514
-0.062,2.862
-0.137,1.967
-0.147,2.185
-0.174,-0.645
-0.235,1.783
-0.211,-0.466
-0.235,3.319
-0.325,0.31
-0.469,1.641
-0.426,0.941
-0.512,2.971
-0.555,1.546
-0.537,0.543
-0.651,1.988
-0.651,0.021
-0.72,1.084
-0.787,3.012
-0.872,3.248
-0.975,1.361
-0.966,0.062
-0.983,1.799
-1.072,0.516
-1.131,0.786
-1.169,0.07
-1.192,0.714
-1.118,1.532
-1.131,1.449
-1.227,2.403
-1.189,1.011
-1.258,2.382
-1.293,1.592
-1.288,2.588
-1.348,1.301
-1.298,3.009
-1.3,-0.539
-1.394,1.264
-1.346,2.75
-1.36,0.626
-1.334,2.919
-1.408,2.666
-1.401,1.218
-1.413,2.524
-1.397,1.176
-1.464,2.521
-1.407,1.314
-1.515,3.252
-1.45,1.277
-1.45,-0.514
-1.516,2.56
-1.556,1.999
-1.594,0.616
-1.543,2.749
-1.546,2.224
-1.549,0.803
-1.66,1.457
-1.601,0.853
-1.592,0.768
-1.688,0.551
-1.722,0.401
-1.881,0.634
-1.824,1.372
-1.891,0.815
-1.977,0.13
-2.096,1.647
-2.126,2.304
-2.114,1.463
-2.143,3.275
-2.119,2.342
-2.174,2.731
-2.195,3.19
-2.251,-0.574
-2.187,1.94
-2.236,3.245
-2.271,2.636
-2.305,0.16
-2.427,2.244
-2.368,3.086
-2.394,2.668
-2.47,0.023
2.854,-0.623
2.175,-0.588
2.148,-0.648
1.725,-0.908
1.679,-0.717
1.397,-1.013
1.393,-0.911
1.24,-0.636
0.977,-0.663
0.498,-0.922
0.496,-0.659
0.144,-1.093
0.115,-0.862
-0.126,-0.837
-0.552,-1.022
-0.719,-0.763
-1.281,-0.741
-1.366,-0.673
-1.952,-0.695
-1.928,-0.76
-2.372,-0.57
-2.623,3.426
-2.867,3.638
-3.11,3.41
2.337,3.597
2.072,3.558
1.875,3.538
1.803,3.466
1.681,3.7
1.469,3.744
1.305,3.529
1.273,3.43
0.926,3.751
-1.012,3.679
-0.963,3.521
-1.133,3.729
-1.161,3.725
-1.24,3.703
-1.437,3.386
-1.972,3.69
-2.215,3.8
-2.355,3.472
2.014,-0.384
1.458,3.131
1.128,-0.156
0.682,3.29
-1.198,3.02
-1.194,0.921
-1.243,3.173
-1.953,-0.256
-2.195,2.68
-2.113,2.408
-3.127,-0.751
-0.158,-1.046
-1.836,-0.979
2.163,3.409
-1.46,3.685
-2.675,-0.31
-2.707,1.13
-2.747,2.957
-2.865,0.706
-2.719,-0.364
-2.874,1.428
-2.968,1.002
-2.979,2.86
3.12,-0.549
3.063,1.083
3.139,1.981
3.121,3.145
2.877,2.023
2.713,2.081
2.83,-0.595
2.822,0.776
2.824,0.774
2.779,0.189
2.809,3.25
2.714,-0.246
2.56,1.429
2.524,0.739
2.502,0.959
2.564,-0.311
2.411,1.153
2.487,1.787
2.473,0.812
2.341,1.217
2.221,2.154
1.962,0.373
2.109,1.073
1.897,3.126
1.87,-0.413
1.835,2.935
1.887,1.86
1.725,1.14
1.721,-0.532
1.83,2.146
1.697,2.468
1.667,1.609
1.666,1.16
1.637,0.391
1.732,0.526
1.744,3.2
1.621,0.874
1.699,0.084
1.568,3.037
1.553,1.745
1.507,0.082
1.525,-0.427
1.325,-0.465
1.267,-0.351
1.265,2.729
1.371,3.189
1.294,1.424
1.277,1.511
1.198,1.293
1.224,-0.411
1.053,0.862
1.013,3.065
0.874,-0.259
0.895,2.197
0.853,3.142
0.981,0.122
0.68,0.455
0.816,-0.524
0.679,-0.521
0.685,2.103
0.617,1.456
0.614,0.409
0.371,0.404
0.525,3.139
0.355,2.268
0.344,3.325
0.475,-0.269
0.316,0.924
0.288,-0.251
0.103,2.926
0.096,0.536
0.117,1.54
0.14,2.148
0.137,1.815
-0.026,1.528
0.064,1.383
-0.061,0.528
-0.044,2.177
-0.26,2.823
-0.334,3.331
-0.276,3.106
-0.417,-0.106
-0.373,2.85
-0.552,-0.331
-0.719,1.781
-0.794,2.461
-0.807,-0.485
-0.775,-0.371
-0.774,3.353
-0.832,1.52
-0.999,2.048
-1.029,-0.433
-1.163,0.66
-1.352,1.248
-1.326,-0.659
-1.386,-0.659
-1.28,1.895
-1.313,1.329
-1.298,2.02
-1.842,0.308
-1.85,0.533
-1.997,1.529
-1.973,0.363
-2.091,0.449
-1.999,2.114
-2.151,1.394
-2.04,1.055
-2.04,1.955
-2.178,0.818
-2.107,1.15
-2.306,2.134
-2.192,-0.286
-2.409,-0.492
-3.066,-0.659
-2.949,-0.7
3.131,-0.605
2.672,-0.938
2.7,-1.009
2.437,-0.857
2.517,-0.66
2.405,-0.697
1.723,-0.868
1.789,-0.616
1.815,-0.734
1.478,-0.727
1.316,-0.966
0.509,-0.827
0.514,-1.036
0.251,-0.81
0.245,-0.831
-1.879,-0.924
-2.364,-0.755
-2.419,3.49
-2.594,3.721
2.89,3.776
2.582,3.553
1.923,3.456
1.723,3.414
0.719,3.542
0.701,3.45
0.584,3.458
0.159,3.585
-0.244,3.454
-0.918,3.629
-1.375,3.483
-1.637,3.467
2.975,1.496
2.591,1.497
1.746,0.872
-0.32,1.497
-0.502,2.113
-1.222,2.863
-1.491,3.076
-2.083,-0.037
-0.044,1.806
-0.731,2.169
-1.613,2.101
-1.63,2.985
-1.626,2.419
-1.69,2.986
-1.681,1.419
-1.709,2.826
-1.793,2.211
-1.831,2.244
-1.911,1.562
-1.943,2.784
-1.867,2.893
-1.999,1.986
-2.091,1.553
2.272,0.602
0.981,1.731
-1.673,0.206
-2.099,1.663
-2.355,1.72
2.202,-0.629
2.084,-0.499
0.639,-0.382
1.652,3.305
2.271,-0.568
1.672,-0.744
0.074,1.365
-0.02,0.089
0.014,-2.099
-0.032,0.928
0.032,1.276
-0.043,0.381
-0.053,0.599
-0.08,-2.231
-0.141,0.197
-0.117,-2.052
-0.141,1.733
-0.231,-1.276
-0.375,0.055
-0.332,-0.645
-0.418,1.385
-0.461,-0.04
-0.443,-1.043
-0.557,0.402
-0.557,-1.565
-0.626,-0.502
-0.693,1.426
-0.778,1.662
-0.881,-0.225
-0.872,-1.524
-0.889,0.213
-0.978,-1.07
-1.037,-0.8
-1.075,-1.516
-1.098,-0.872
-1.024,-0.054
-1.037,-0.137
-1.133,0.817
-1.095,-0.575
-1.164,0.796
-1.199,0.006
-1.194,1.002
-1.254,-0.285
-1.204,1.423
-1.206,-2.125
-1.3,-0.322
-1.252,1.164
-1.266,-0.96
-1.24,1.333
-1.314,1.08
-1.307,-0.368
-1.319,0.938
-1.303,-0.41
-1.37,0.935
-1.313,-0.272
-1.421,1.666
-1.356,-0.309
-1.356,-2.1
-1.422,0.974
-1.462,0.413
-1.5,-0.97
-1.449,1.163
-1.452,0.638
-1.455,-0.783
-1.566,-0.129
-1.507,-0.733
-1.498,-0.818
-1.594,-1.035
-1.628,-1.185
-1.787,-0.952
-1.73,-0.214
-1.797,-0.771
-1.883,-1.456
-2.002,0.061
-2.032,0.718
-2.02,-0.123
-2.049,1.689
-2.025,0.756
-2.08,1.145
-2.101,1.604
-2.157,-2.16
-2.093,0.354
-2.142,1.659
-2.177,1.05
-2.211,-1.426
-2.333,0.658
-2.274,1.5
-2.3,1.082
-2.376,-1.563
2.948,-2.209
2.269,-2.174
2.242,-2.234
1.819,-2.494
1.773,-2.303
1.491,-2.599
1.487,-2.497
1.334,-2.222
1.071,-2.249
0.592,-2.508
0.59,-2.245
0.238,-2.679
0.209,-2.448
-0.032,-2.423
-0.458,-2.608
-0.625,-2.349
-1.187,-2.327
-1.272,-2.259
-1.858,-2.281
-1.834,-2.346
-2.278,-2.156
-2.529,1.84
-2.773,2.052
-3.016,1.824
2.431,2.011
2.166,1.972
1.969,1.952
1.897,1.88
1.775,2.114
1.563,2.158
1.399,1.943
1.367,1.844
1.02,2.165
-0.918,2.093
-0.869,1.935
-1.039,2.143
-1.067,2.139
-1.146,2.117
-1.343,1.8
-1.878,2.104
-2.121,2.214
-2.261,1.886
2.108,-1.97
1.552,1.545
1.222,-1.742
0.776,1.704
-1.104,1.434
-1.1,-0.665
-1.149,1.587
-1.859,-1.842
-2.101,1.094
-2.019,0.822
-3.033,-2.337
-0.064,-2.632
-1.742,-2.565
2.257,1.823
-1.366,2.099
-2.581,-1.896
-2.613,-0.456
-2.653,1.371
-2.771,-0.88
-2.625,-1.95
-2.78,-0.158
-2.874,-0.584
-2.885,1.274
-3.069,-2.135
-3.126,-0.503
-3.05,0.395
-3.068,1.559
2.971,0.437
2.807,0.495
2.924,-2.181
2.916,-0.81
2.918,-0.812
2.873,-1.397
2.903,1.664
2.808,-1.832
2.654,-0.157
2.618,-0.847
2.596,-0.627
2.658,-1.897
2.505,-0.433
2.581,0.201
2.567,-0.774
2.435,-0.369
2.315,0.568
2.056,-1.213
2.203,-0.513
1.991,1.54
1.964,-1.999
1.929,1.349
1.981,0.274
1.819,-0.446
1.815,-2.118
1.924,0.56
1.791,0.882
1.761,0.023
1.76,-0.426
1.731,-1.195
1.826,-1.06
1.838,1.614
1.715,-0.712
1.793,-1.502
1.662,1.451
1.647,0.159
1.601,-1.504
1.619,-2.013
1.419,-2.051
1.361,-1.937
1.359,1.143
1.465,1.603
1.388,-0.162
1.371,-0.075
1.292,-0.293
1.318,-1.997
1.147,-0.724
1.107,1.479
0.968,-1.845
0.989,0.611
0.947,1.556
1.075,-1.464
0.774,-1.131
0.91,-2.11
0.773,-2.107
0.779,0.517
0.711,-0.13
0.708,-1.177
0.465,-1.182
0.619,1.553
0.449,0.682
0.438,1.739
0.569,-1.855
0.41,-0.662
0.382,-1.837
0.197,1.34
0.19,-1.05
0.211,-0.046
0.234,0.562
0.231,0.229
0.068,-0.058
0.158,-0.203
0.033,-1.058
0.05,0.591
-0.166,1.237
-0.24,1.745
-0.182,1.52
-0.323,-1.692
-0.279,1.264
-0.458,-1.917
-0.625,0.195
-0.7,0.875
-0.713,-2.071
-0.681,-1.957
-0.68,1.767
-0.738,-0.066
-0.905,0.462
-0.935,-2.019
-1.069,-0.926
-1.258,-0.338
-1.232,-2.245
-1.292,-2.245
-1.186,0.309
-1.219,-0.257
-1.204,0.434
-1.748,-1.278
-1.756,-1.053
-1.903,-0.057
-1.879,-1.223
-1.997,-1.137
-1.905,0.528
-2.057,-0.192
-1.946,-0.531
-1.946,0.369
-2.084,-0.768
-2.013,-0.436
-2.212,0.548
-2.098,-1.872
-2.315,-2.078
-2.972,-2.245
-2.855,-2.286
-3.058,-2.191
2.766,-2.524
2.794,-2.595
2.531,-2.443
2.611,-2.246
2.499,-2.283
1.817,-2.454
1.883,-2.202
1.909,-2.32
1.572,-2.313
1.41,-2.552
0.603,-2.413
0.608,-2.622
0.345,-2.396
0.339,-2.417
-1.785,-2.51
-2.27,-2.341
-2.325,1.904
-2.5,2.135
2.984,2.19
2.676,1.967
2.017,1.87
1.817,1.828
0.813,1.956
0.795,1.864
0.678,1.872
0.253,1.999
-0.15,1.868
-0.824,2.043
-1.281,1.897
-1.543,1.881
3.069,-0.09
2.685,-0.089
1.84,-0.714
-0.226,-0.089
-0.408,0.527
-1.128,1.277
-1.397,1.49
-1.989,-1.623
0.05,0.22
-0.637,0.583
-1.519,0.515
-1.536,1.399
-1.532,0.833
-1.596,1.4
-1.587,-0.167
-1.615,1.24
-1.699,0.625
-1.737,0.658
-1.817,-0.024
-1.849,1.198
-1.773,1.307
-1.905,0.4
-1.997,-0.033
2.366,-0.984
1.075,0.145
-1.579,-1.38
-2.005,0.077
-2.261,0.134
2.296,-2.215
2.178,-2.085
0.733,-1.968
1.746,1.719
2.365,-2.154
1.766,-2.33
-0.094,-1.276
-0.06,-3.464
-0.106,-0.437
-0.042,-0.089
-0.117,-0.984
-0.127,-0.766
-0.154,-3.596
-0.215,-1.168
-0.191,-3.417
-0.215,0.368
-0.305,-2.641
-0.449,-1.31
-0.406,-2.01
-0.492,0.02
-0.535,-1.405
-0.517,-2.408
-0.631,-0.963
-0.631,-2.93
-0.7,-1.867
-0.767,0.061
-0.852,0.297
-0.955,-1.59
-0.946,-2.889
-0.963,-1.152
-1.052,-2.435
-1.111,-2.165
-1.149,-2.881
-1.172,-2.237
-1.098,-1.419
-1.111,-1.502
-1.207,-0.548
-1.169,-1.94
-1.238,-0.569
-1.273,-1.359
-1.268,-0.363
-1.328,-1.65
-1.278,0.058
-1.28,-3.49
-1.374,-1.687
-1.326,-0.201
-1.34,-2.325
-1.314,-0.032
-1.388,-0.285
-1.381,-1.733
-1.393,-0.427
-1.377,-1.775
-1.444,-0.43
-1.387,-1.637
-1.495,0.301
-1.43,-1.674
-1.43,-3.465
-1.496,-0.391
-1.536,-0.952
-1.574,-2.335
-1.523,-0.202
-1.526,-0.727
-1.529,-2.148
-1.64,-1.494
-1.581,-2.098
-1.572,-2.183
-1.668,-2.4
-1.702,-2.55
-1.861,-2.317
-1.804,-1.579
-1.871,-2.136
-1.957,-2.821
-2.076,-1.304
-2.106,-0.647
-2.094,-1.488
-2.123,0.324
-2.099,-0.609
-2.154,-0.22
-2.175,0.239
-2.231,-3.525
-2.167,-1.011
-2.216,0.294
-2.251,-0.315
-2.285,-2.791
-2.407,-0.707
-2.348,0.135
-2.374,-0.283
-2.45,-2.928
2.874,-3.574
2.195,-3.539
2.168,-3.599
1.745,-3.859
1.699,-3.668
1.417,-3.964
1.413,-3.862
1.26,-3.587
0.997,-3.614
0.518,-3.873
0.516,-3.61
0.164,-4.044
0.135,-3.813
-0.106,-3.788
-0.532,-3.973
-0.699,-3.714
-1.261,-3.692
-1.346,-3.624
-1.932,-3.646
-1.908,-3.711
-2.352,-3.521
-2.603,0.475
-2.847,0.687
-3.09,0.459
2.357,0.646
2.092,0.607
1.895,0.587
1.823,0.515
1.701,0.749
1.489,0.793
1.325,0.578
1.293,0.479
0.946,0.8
-0.992,0.728
-0.943,0.57
-1.113,0.778
-1.141,0.774
-1.22,0.752
-1.417,0.435
-1.952,0.739
-2.195,0.849
-2.335,0.521
2.034,-3.335
1.478,0.18
1.148,-3.107
0.702,0.339
-1.178,0.069
-1.174,-2.03
-1.223,0.222
-1.933,-3.207
-2.175,-0.271
-2.093,-0.543
-3.107,-3.702
-0.138,-3.997
-1.816,-3.93
2.183,0.458
-1.44,0.734
-2.655,-3.261
-2.687,-1.821
-2.727,0.006
-2.845,-2.245
-2.699,-3.315
-2.854,-1.523
-2.948,-1.949
-2.959,-0.091
3.14,-3.5
3.083,-1.868
-3.124,-0.97
3.141,0.194
2.897,-0.928
2.733,-0.87
2.85,-3.546
2.842,-2.175
2.844,-2.177
2.799,-2.762
2.829,0.299
2.734,-3.197
2.58,-1.522
2.544,-2.212
2.522,-1.992
2.584,-3.262
2.431,-1.798
2.507,-1.164
2.493,-2.139
2.361,-1.734
2.241,-0.797
1.982,-2.578
2.129,-1.878
1.917,0.175
1.89,-3.364
1.855,-0.016
1.907,-1.091
1.745,-1.811
1.741,-3.483
1.85,-0.805
1.717,-0.483
1.687,-1.342
1.686,-1.791
1.657,-2.56
1.752,-2.425
1.764,0.249
1.641,-2.077
1.719,-2.867
1.588,0.086
1.573,-1.206
1.527,-2.869
1.545,-3.378
1.345,-3.416
1.287,-3.302
1.285,-0.222
1.391,0.238
1.314,-1.527
1.297,-1.44
1.218,-1.658
1.244,-3.362
1.073,-2.089
1.033,0.114
0.894,-3.21
0.915,-0.754
0.873,0.191
1.001,-2.829
0.7,-2.496
0.836,-3.475
0.699,-3.472
0.705,-0.848
0.637,-1.495
0.634,-2.542
0.391,-2.547
0.545,0.188
0.375,-0.683
0.364,0.374
0.495,-3.22
0.336,-2.027
0.308,-3.202
0.123,-0.025
0.116,-2.415
0.137,-1.411
0.16,-0.803
0.157,-1.136
-0.006,-1.423
0.084,-1.568
-0.041,-2.423
-0.024,-0.774
-0.24,-0.128
-0.314,0.38
-0.256,0.155
-0.397,-3.057
-0.353,-0.101
-0.532,-3.282
-0.699,-1.17
-0.774,-0.49
-0.787,-3.436
-0.755,-3.322
-0.754,0.402
-0.812,-1.431
-0.979,-0.903
-1.009,-3.384
-1.143,-2.291
-1.332,-1.703
-1.306,-3.61
-1.366,-3.61
-1.26,-1.056
-1.293,-1.622
-1.278,-0.931
-1.822,-2.643
-1.83,-2.418
-1.977,-1.422
-1.953,-2.588
-2.071,-2.502
-1.979,-0.837
-2.131,-1.557
-2.02,-1.896
-2.02,-0.996
-2.158,-2.133
-2.087,-1.801
-2.286,-0.817
-2.172,-3.237
-2.389,-3.443
-3.046,-3.61
-2.929,-3.651
-3.132,-3.556
2.692,-3.889
2.72,-3.96
2.457,-3.808
2.537,-3.611
2.425,-3.648
1.743,-3.819
1.809,-3.567
1.835,-3.685
1.498,-3.678
1.336,-3.917
0.529,-3.778
0.534,-3.987
0.271,-3.761
0.265,-3.782
-1.859,-3.875
-2.344,-3.706
-2.399,0.539
-2.574,0.77
2.91,0.825
2.602,0.602
1.943,0.505
1.743,0.463
0.739,0.591
0.721,0.499
0.604,0.507
0.179,0.634
-0.224,0.503
-0.898,0.678
-1.355,0.532
-1.617,0.516
2.995,-1.455
2.611,-1.454
1.766,-2.079
-0.3,-1.454
-0.482,-0.838
-1.202,-0.088
-1.471,0.125
-2.063,-2.988
-0.024,-1.145
-0.711,-0.782
-1.593,-0.85
-1.61,0.034
-1.606,-0.532
-1.67,0.035
-1.661,-1.532
-1.689,-0.125
-1.773,-0.74
-1.811,-0.707
-1.891,-1.389
-1.923,-0.167
-1.847,-0.058
-1.979,-0.965
-2.071,-1.398
2.292,-2.349
1.001,-1.22
-1.653,-2.745
-2.079,-1.288
-2.335,-1.231
2.222,-3.58
2.104,-3.45
0.659,-3.333
1.672,0.354
2.291,-3.519
1.692,-3.695
0.034,-2.188
-0.012,0.839
0.052,1.187
-0.023,0.292
-0.033,0.51
-0.06,-2.32
-0.121,0.108
-0.097,-2.141
-0.121,1.644
-0.211,-1.365
-0.355,-0.034
-0.312,-0.734
-0.398,1.296
-0.441,-0.129
-0.423,-1.132
-0.537,0.313
-0.537,-1.654
-0.606,-0.591
-0.673,1.337
-0.758,1.573
-0.861,-0.314
-0.852,-1.613
-0.869,0.124
-0.958,-1.159
-1.017,-0.889
-1.055,-1.605
-1.078,-0.961
-1.004,-0.143
-1.017,-0.226
-1.113,0.728
-1.075,-0.664
-1.144,0.707
-1.179,-0.083
-1.174,0.913
-1.234,-0.374
-1.184,1.334
-1.186,-2.214
-1.28,-0.411
-1.232,1.075
-1.246,-1.049
-1.22,1.244
-1.294,0.991
-1.287,-0.457
-1.299,0.849
-1.283,-0.499
-1.35,0.846
-1.293,-0.361
-1.401,1.577
-1.336,-0.398
-1.336,-2.189
-1.402,0.885
-1.442,0.324
-1.48,-1.059
-1.429,1.074
-1.432,0.549
-1.435,-0.872
-1.546,-0.218
-1.487,-0.822
-1.478,-0.907
-1.574,-1.124
-1.608,-1.274
-1.767,-1.041
-1.71,-0.303
-1.777,-0.86
-1.863,-1.545
-1.982,-0.028
-2.012,0.629
-2.0,-0.212
-2.029,1.6
-2.005,0.667
-2.06,1.056
-2.081,1.515
-2.137,-2.249
-2.073,0.265
-2.122,1.57
-2.157,0.961
-2.191,-1.515
-2.313,0.569
-2.254,1.411
-2.28,0.993
-2.356,-1.652
2.968,-2.298
2.289,-2.263
2.262,-2.323
1.839,-2.583
1.793,-2.392
1.511,-2.688
1.507,-2.586
1.354,-2.311
1.091,-2.338
0.612,-2.597
0.61,-2.334
0.258,-2.768
0.229,-2.537
-0.012,-2.512
-0.438,-2.697
-0.605,-2.438
-1.167,-2.416
-1.252,-2.348
-1.838,-2.37
-1.814,-2.435
-2.258,-2.245
-2.509,1.751
-2.753,1.963
-2.996,1.735
2.451,1.922
2.186,1.883
1.989,1.863
1.917,1.791
1.795,2.025
1.583,2.069
1.419,1.854
1.387,1.755
1.04,2.076
-0.898,2.004
-0.849,1.846
-1.019,2.054
-1.047,2.05
-1.126,2.028
-1.323,1.711
-1.858,2.015
-2.101,2.125
-2.241,1.797
2.128,-2.059
1.572,1.456
1.242,-1.831
0.796,1.615
-1.084,1.345
-1.08,-0.754
-1.129,1.498
-1.839,-1.931
-2.081,1.005
-1.999,0.733
-3.013,-2.426
-0.044,-2.721
-1.722,-2.654
2.277,1.734
-1.346,2.01
-2.561,-1.985
-2.593,-0.545
-2.633,1.282
-2.751,-0.969
-2.605,-2.039
-2.76,-0.247
-2.854,-0.673
-2.865,1.185
-3.049,-2.224
-3.106,-0.592
-3.03,0.306
-3.048,1.47
2.991,0.348
2.827,0.406
2.944,-2.27
2.936,-0.899
2.938,-0.901
2.893,-1.486
2.923,1.575
2.828,-1.921
2.674,-0.246
2.638,-0.936
2.616,-0.716
2.678,-1.986
2.525,-0.522
2.601,0.112
2.587,-0.863
2.455,-0.458
2.335,0.479
2.076,-1.302
2.223,-0.602
2.011,1.451
1.984,-2.088
1.949,1.26
2.001,0.185
1.839,-0.535
1.835,-2.207
1.944,0.471
1.811,0.793
1.781,-0.066
1.78,-0.515
1.751,-1.284
1.846,-1.149
1.858,1.525
1.735,-0.801
1.813,-1.591
1.682,1.362
1.667,0.07
1.621,-1.593
1.639,-2.102
1.439,-2.14
1.381,-2.026
1.379,1.054
1.485,1.514
1.408,-0.251
1.391,-0.164
1.312,-0.382
1.338,-2.086
1.167,-0.813
1.127,1.39
0.988,-1.934
1.009,0.522
0.967,1.467
1.095,-1.553
0.794,-1.22
0.93,-2.199
0.793,-2.196
0.799,0.428
0.731,-0.219
0.728,-1.266
0.485,-1.271
0.639,1.464
0.469,0.593
0.458,1.65
0.589,-1.944
0.43,-0.751
0.402,-1.926
0.217,1.251
0.21,-1.139
0.231,-0.135
0.254,0.473
0.251,0.14
0.088,-0.147
0.178,-0.292
0.053,-1.147
0.07,0.502
-0.146,1.148
-0.22,1.656
-0.162,1.431
-0.303,-1.781
-0.259,1.175
-0.438,-2.006
-0.605,0.106
-0.68,0.786
-0.693,-2.16
-0.661,-2.046
-0.66,1.678
-0.718,-0.155
-0.885,0.373
-0.915,-2.108
-1.049,-1.015
-1.238,-0.427
-1.212,-2.334
-1.272,-2.334
-1.166,0.22
-1.199,-0.346
-1.184,0.345
-1.728,-1.367
-1.736,-1.142
-1.883,-0.146
-1.859,-1.312
-1.977,-1.226
-1.885,0.439
-2.037,-0.281
-1.926,-0.62
-1.926,0.28
-2.064,-0.857
-1.993,-0.525
-2.192,0.459
-2.078,-1.961
-2.295,-2.167
-2.952,-2.334
-2.835,-2.375
-3.038,-2.28
2.786,-2.613
2.814,-2.684
2.551,-2.532
2.631,-2.335
2.519,-2.372
1.837,-2.543
1.903,-2.291
1.929,-2.409
1.592,-2.402
1.43,-2.641
0.623,-2.502
0.628,-2.711
0.365,-2.485
0.359,-2.506
-1.765,-2.599
-2.25,-2.43
-2.305,1.815
-2.48,2.046
3.004,2.101
2.696,1.878
2.037,1.781
1.837,1.739
0.833,1.867
0.815,1.775
0.698,1.783
0.273,1.91
-0.13,1.779
-0.804,1.954
-1.261,1.808
-1.523,1.792
3.089,-0.179
2.705,-0.178
1.86,-0.803
-0.206,-0.178
-0.388,0.438
-1.108,1.188
-1.377,1.401
-1.969,-1.712
0.07,0.131
-0.617,0.494
-1.499,0.426
-1.516,1.31
-1.512,0.744
-1.576,1.311
-1.567,-0.256
-1.595,1.151
-1.679,0.536
-1.717,0.569
-1.797,-0.113
-1.829,1.109
-1.753,1.218
-1.885,0.311
-1.977,-0.122
2.386,-1.073
1.095,0.056
-1.559,-1.469
-1.985,-0.012
-2.241,0.045
2.316,-2.304
2.198,-2.174
0.753,-2.057
1.766,1.63
2.385,-2.243
1.786,-2.419
-0.046,3.027
0.018,3.375
-0.057,2.48
-0.067,2.698
-0.094,-0.132
-0.155,2.296
-0.131,0.047
-0.155,3.832
-0.245,0.823
-0.389,2.154
-0.346,1.454
-0.432,3.484
-0.475,2.059
-0.457,1.056
-0.571,2.501
-0.571,0.534
-0.64,1.597
-0.707,3.525
-0.792,3.761
-0.895,1.874
-0.886,0.575
-0.903,2.312
-0.992,1.029
-1.051,1.299
-1.089,0.583
-1.112,1.227
-1.038,2.045
-1.051,1.962
-1.147,2.916
-1.109,1.524
-1.178,2.895
-1.213,2.105
-1.208,3.101
-1.268,1.814
-1.218,3.522
-1.22,-0.026
-1.314,1.777
-1.266,3.263
-1.28,1.139
-1.254,3.432
-1.328,3.179
-1.321,1.731
-1.333,3.037
-1.317,1.689
-1.384,3.034
-1.327,1.827
-1.435,3.765
-1.37,1.79
-1.37,-0.001
-1.436,3.073
-1.476,2.512
-1.514,1.129
-1.463,3.262
-1.466,2.737
-1.469,1.316
-1.58,1.97
-1.521,1.366
-1.512,1.281
-1.608,1.064
-1.642,0.914
-1.801,1.147
-1.744,1.885
-1.811,1.328
-1.897,0.643
-2.016,2.16
-2.046,2.817
-2.034,1.976
-2.063,3.788
-2.039,2.855
-2.094,3.244
-2.115,3.703
-2.171,-0.061
-2.107,2.453
-2.156,3.758
-2.191,3.149
-2.225,0.673
-2.347,2.757
-2.288,3.599
-2.314,3.181
-2.39,0.536
2.934,-0.11
2.255,-0.075
2.228,-0.135
1.805,-0.395
1.759,-0.204
1.477,-0.5
1.473,-0.398
1.32,-0.123
1.057,-0.15
0.578,-0.409
0.576,-0.146
0.224,-0.58
0.195,-0.349
-0.046,-0.324
-0.472,-0.509
-0.639,-0.25
-1.201,-0.228
-1.286,-0.16
-1.872,-0.182
-1.848,-0.247
-2.292,-0.057
-2.543,3.939
-2.787,4.151
-3.03,3.923
2.417,4.11
2.152,4.071
1.955,4.051
1.883,3.979
1.761,4.213
1.549,4.257
1.385,4.042
1.353,3.943
1.006,4.264
-0.932,4.192
-0.883,4.034
-1.053,4.242
-1.081,4.238
-1.16,4.216
-1.357,3.899
-1.892,4.203
-2.135,4.313
-2.275,3.985
2.094,0.129
1.538,3.644
1.208,0.357
0.762,3.803
-1.118,3.533
-1.114,1.434
-1.163,3.686
-1.873,0.257
-2.115,3.193
-2.033,2.921
-3.047,-0.238
-0.078,-0.533
-1.756,-0.466
2.243,3.922
-1.38,4.198
-2.595,0.203
-2.627,1.643
-2.667,3.47
-2.785,1.219
-2.639,0.149
-2.794,1.941
-2.888,1.515
-2.899,3.373
-3.083,-0.036
-3.14,1.596
-3.064,2.494
-3.082,3.658
2.957,2.536
2.793,2.594
2.91,-0.082
2.902,1.289
2.904,1.287
2.859,0.702
2.889,3.763
2.794,0.267
2.64,1.942
2.604,1.252
2.582,1.472
2.644,0.202
2.491,1.666
2.567,2.3
2.553,1.325
2.421,1.73
2.301,2.667
2.042,0.886
2.189,1.586
1.977,3.639
1.95,0.1
1.915,3.448
1.967,2.373
1.805,1.653
1.801,-0.019
1.91,2.659
1.777,2.981
1.747,2.122
1.746,1.673
1.717,0.904
1.812,1.039
1.824,3.713
1.701,1.387
1.779,0.597
1.648,3.55
1.633,2.258
1.587,0.595
1.605,0.086
1.405,0.048
1.347,0.162
1.345,3.242
1.451,3.702
1.374,1.937
1.357,2.024
1.278,1.806
1.304,0.102
1.133,1.375
1.093,3.578
0.954,0.254
0.975,2.71
0.933,3.655
1.061,0.635
0.76,0.968
0.896,-0.011
0.759,-0.008
0.765,2.616
0.697,1.969
0.694,0.922
0.451,0.917
0.605,3.652
0.435,2.781
0.424,3.838
0.555,0.244
0.396,1.437
0.368,0.262
0.183,3.439
0.176,1.049
0.197,2.053
0.22,2.661
0.217,2.328
0.054,2.041
0.144,1.896
0.019,1.041
0.036,2.69
-0.18,3.336
-0.254,3.844
-0.196,3.619
-0.337,0.407
-0.293,3.363
-0.472,0.182
-0.639,2.294
-0.714,2.974
-0.727,0.028
-0.695,0.142
-0.694,3.866
-0.752,2.033
-0.919,2.561
-0.949,0.08
-1.083,1.173
-1.272,1.761
-1.246,-0.146
-1.306,-0.146
-1.2,2.408
-1.233,1.842
-1.218,2.533
-1.762,0.821
-1.77,1.046
-1.917,2.042
-1.893,0.876
-2.011,0.962
-1.919,2.627
-2.071,1.907
-1.96,1.568
-1.96,2.468
-2.098,1.331
-2.027,1.663
-2.226,2.647
-2.112,0.227
-2.329,0.021
-2.986,-0.146
-2.869,-0.187
-3.072,-0.092
2.752,-0.425
2.78,-0.496
2.517,-0.344
2.597,-0.147
2.485,-0.184
1.803,-0.355
1.869,-0.103
1.895,-0.221
1.558,-0.214
1.396,-0.453
0.589,-0.314
0.594,-0.523
0.331,-0.297
0.325,-0.318
-1.799,-0.411
-2.284,-0.242
-2.339,4.003
-2.514,4.234
2.97,4.289
2.662,4.066
2.003,3.969
1.803,3.927
0.799,4.055
0.781,3.963
0.664,3.971
0.239,4.098
-0.164,3.967
-0.838,4.142
-1.295,3.996
-1.557,3.98
3.055,2.009
2.671,2.01
1.826,1.385
-0.24,2.01
-0.422,2.626
-1.142,3.376
-1.411,3.589
-2.003,0.476
0.036,2.319
-0.651,2.682
-1.533,2.614
-1.55,3.498
-1.546,2.932
-1.61,3.499
-1.601,1.932
-1.629,3.339
-1.713,2.724
-1.751,2.757
-1.831,2.075
-1.863,3.297
-1.787,3.406
-1.919,2.499
-2.011,2.066
2.352,1.115
1.061,2.244
-1.593,0.719
-2.019,2.176
-2.275,2.233
2.282,-0.116
2.164,0.014
0.719,0.131
1.732,3.818
2.351,-0.055
1.752,-0.231
0.064,0.348
-0.011,-0.547
-0.021,-0.329
-0.048,-3.159
-0.109,-0.731
-0.085,-2.98
-0.109,0.805
-0.199,-2.204
-0.343,-0.873
-0.3,-1.573
-0.386,0.457
-0.429,-0.968
-0.411,-1.971
-0.525,-0.526
-0.525,-2.493
-0.594,-1.43
-0.661,0.498
-0.746,0.734
-0.849,-1.153
-0.84,-2.452
-0.857,-0.715
-0.946,-1.998
-1.005,-1.728
-1.043,-2.444
-1.066,-1.8
-0.992,-0.982
-1.005,-1.065
-1.101,-0.111
-1.063,-1.503
-1.132,-0.132
-1.167,-0.922
-1.162,0.074
-1.222,-1.213
-1.172,0.495
-1.174,-3.053
-1.268,-1.25
-1.22,0.236
-1.234,-1.888
-1.208,0.405
-1.282,0.152
-1.275,-1.296
-1.287,0.01
-1.271,-1.338
-1.338,0.007
-1.281,-1.2
-1.389,0.738
-1.324,-1.237
-1.324,-3.028
-1.39,0.046
-1.43,-0.515
-1.468,-1.898
-1.417,0.235
-1.42,-0.29
-1.423,-1.711
-1.534,-1.057
-1.475,-1.661
-1.466,-1.746
-1.562,-1.963
-1.596,-2.113
-1.755,-1.88
-1.698,-1.142
-1.765,-1.699
-1.851,-2.384
-1.97,-0.867
-2.0,-0.21
-1.988,-1.051
-2.017,0.761
-1.993,-0.172
-2.048,0.217
-2.069,0.676
-2.125,-3.088
-2.061,-0.574
-2.11,0.731
-2.145,0.122
-2.179,-2.354
-2.301,-0.27
-2.242,0.572
-2.268,0.154
-2.344,-2.491
2.98,-3.137
2.301,-3.102
2.274,-3.162
1.851,-3.422
1.805,-3.231
1.523,-3.527
1.519,-3.425
1.366,-3.15
1.103,-3.177
0.624,-3.436
0.622,-3.173
0.27,-3.607
0.241,-3.376
0.0,-3.351
-0.426,-3.536
-0.593,-3.277
-1.155,-3.255
-1.24,-3.187
-1.826,-3.209
-1.802,-3.274
-2.246,-3.084
-2.497,0.912
-2.741,1.124
-2.984,0.896
2.463,1.083
2.198,1.044
2.001,1.024
1.929,0.952
1.807,1.186
1.595,1.23
1.431,1.015
1.399,0.916
1.052,1.237
-0.886,1.165
-0.837,1.007
-1.007,1.215
-1.035,1.211
-1.114,1.189
-1.311,0.872
-1.846,1.176
-2.089,1.286
-2.229,0.958
2.14,-2.898
1.584,0.617
1.254,-2.67
0.808,0.776
-1.072,0.506
-1.068,-1.593
-1.117,0.659
-1.827,-2.77
-2.069,0.166
-1.987,-0.106
-3.001,-3.265
-0.032,-3.56
-1.71,-3.493
2.289,0.895
-1.334,1.171
-2.549,-2.824
-2.581,-1.384
-2.621,0.443
-2.739,-1.808
-2.593,-2.878
-2.748,-1.086
-2.842,-1.512
-2.853,0.346
-3.037,-3.063
-3.094,-1.431
-3.018,-0.533
-3.036,0.631
3.003,-0.491
2.839,-0.433
2.956,-3.109
2.948,-1.738
2.95,-1.74
2.905,-2.325
2.935,0.736
2.84,-2.76
2.686,-1.085
2.65,-1.775
2.628,-1.555
2.69,-2.825
2.537,-1.361
2.613,-0.727
2.599,-1.702
2.467,-1.297
2.347,-0.36
2.088,-2.141
2.235,-1.441
2.023,0.612
1.996,-2.927
1.961,0.421
2.013,-0.654
1.851,-1.374
1.847,-3.046
1.956,-0.368
1.823,-0.046
1.793,-0.905
1.792,-1.354
1.763,-2.123
1.858,-1.988
1.87,0.686
1.747,-1.64
1.825,-2.43
1.694,0.523
1.679,-0.769
1.633,-2.432
1.651,-2.941
1.451,-2.979
1.393,-2.865
1.391,0.215
1.497,0.675
1.42,-1.09
1.403,-1.003
1.324,-1.221
1.35,-2.925
1.179,-1.652
1.139,0.551
1.0,-2.773
1.021,-0.317
0.979,0.628
1.107,-2.392
0.806,-2.059
0.942,-3.038
0.805,-3.035
0.811,-0.411
0.743,-1.058
0.74,-2.105
0.497,-2.11
0.651,0.625
0.481,-0.246
0.47,0.811
0.601,-2.783
0.442,-1.59
0.414,-2.765
0.229,0.412
0.222,-1.978
0.243,-0.974
0.266,-0.366
0.263,-0.699
0.1,-0.986
0.19,-1.131
0.065,-1.986
0.082,-0.337
-0.134,0.309
-0.208,0.817
-0.15,0.592
-0.291,-2.62
-0.247,0.336
-0.426,-2.845
-0.593,-0.733
-0.668,-0.053
-0.681,-2.999
-0.649,-2.885
-0.648,0.839
-0.706,-0.994
-0.873,-0.466
-0.903,-2.947
-1.037,-1.854
-1.226,-1.266
-1.2,-3.173
-1.26,-3.173
-1.154,-0.619
-1.187,-1.185
-1.172,-0.494
-1.716,-2.206
-1.724,-1.981
-1.871,-0.985
-1.847,-2.151
-1.965,-2.065
-1.873,-0.4
-2.025,-1.12
-1.914,-1.459
-1.914,-0.559
-2.052,-1.696
-1.981,-1.364
-2.18,-0.38
-2.066,-2.8
-2.283,-3.006
-2.94,-3.173
-2.823,-3.214
-3.026,-3.119
2.798,-3.452
2.826,-3.523
2.563,-3.371
2.643,-3.174
2.531,-3.211
1.849,-3.382
1.915,-3.13
1.941,-3.248
1.604,-3.241
1.442,-3.48
0.635,-3.341
0.64,-3.55
0.377,-3.324
0.371,-3.345
-1.753,-3.438
-2.238,-3.269
-2.293,0.976
-2.468,1.207
3.016,1.262
2.708,1.039
2.049,0.942
1.849,0.9
0.845,1.028
0.827,0.936
0.71,0.944
0.285,1.071
-0.118,0.94
-0.792,1.115
-1.249,0.969
-1.511,0.953
3.101,-1.018
2.717,-1.017
1.872,-1.642
-0.194,-1.017
-0.376,-0.401
-1.096,0.349
-1.365,0.562
-1.957,-2.551
0.082,-0.708
-0.605,-0.345
-1.487,-0.413
-1.504,0.471
-1.5,-0.095
-1.564,0.472
-1.555,-1.095
-1.583,0.312
-1.667,-0.303
-1.705,-0.27
-1.785,-0.952
-1.817,0.27
-1.741,0.379
-1.873,-0.528
-1.965,-0.961
2.398,-1.912
1.107,-0.783
-1.547,-2.308
-1.973,-0.851
-2.229,-0.794
2.328,-3.143
2.21,-3.013
0.765,-2.896
1.778,0.791
2.397,-3.082
1.798,-3.258
-0.075,-0.895
-0.085,-0.677
-0.112,-3.507
-0.173,-1.079
-0.149,-3.328
-0.173,0.457
-0.263,-2.552
-0.407,-1.221
-0.364,-1.921
-0.45,0.109
-0.493,-1.316
-0.475,-2.319
-0.589,-0.874
-0.589,-2.841
-0.658,-1.778
-0.725,0.15
-0.81,0.386
-0.913,-1.501
-0.904,-2.8
-0.921,-1.063
-1.01,-2.346
-1.069,-2.076
-1.107,-2.792
-1.13,-2.148
-1.056,-1.33
-1.069,-1.413
-1.165,-0.459
-1.127,-1.851
-1.196,-0.48
-1.231,-1.27
-1.226,-0.274
-1.286,-1.561
-1.236,0.147
-1.238,-3.401
-1.332,-1.598
-1.284,-0.112
-1.298,-2.236
-1.272,0.057
-1.346,-0.196
-1.339,-1.644
-1.351,-0.338
-1.335,-1.686
-1.402,-0.341
-1.345,-1.548
-1.453,0.39
-1.388,-1.585
-1.388,-3.376
-1.454,-0.302
-1.494,-0.863
-1.532,-2.246
-1.481,-0.113
-1.484,-0.638
-1.487,-2.059
-1.598,-1.405
-1.539,-2.009
-1.53,-2.094
-1.626,-2.311
-1.66,-2.461
-1.819,-2.228
-1.762,-1.49
-1.829,-2.047
-1.915,-2.732
-2.034,-1.215
-2.064,-0.558
-2.052,-1.399
-2.081,0.413
-2.057,-0.52
-2.112,-0.131
-2.133,0.328
-2.189,-3.436
-2.125,-0.922
-2.174,0.383
-2.209,-0.226
-2.243,-2.702
-2.365,-0.618
-2.306,0.224
-2.332,-0.194
-2.408,-2.839
2.916,-3.485
2.237,-3.45
2.21,-3.51
1.787,-3.77
1.741,-3.579
1.459,-3.875
1.455,-3.773
1.302,-3.498
1.039,-3.525
0.56,-3.784
0.558,-3.521
0.206,-3.955
0.177,-3.724
-0.064,-3.699
-0.49,-3.884
-0.657,-3.625
-1.219,-3.603
-1.304,-3.535
-1.89,-3.557
-1.866,-3.622
-2.31,-3.432
-2.561,0.564
-2.805,0.776
-3.048,0.548
2.399,0.735
2.134,0.696
1.937,0.676
1.865,0.604
1.743,0.838
1.531,0.882
1.367,0.667
1.335,0.568
0.988,0.889
-0.95,0.817
-0.901,0.659
-1.071,0.867
-1.099,0.863
-1.178,0.841
-1.375,0.524
-1.91,0.828
-2.153,0.938
-2.293,0.61
2.076,-3.246
1.52,0.269
1.19,-3.018
0.744,0.428
-1.136,0.158
-1.132,-1.941
-1.181,0.311
-1.891,-3.118
-2.133,-0.182
-2.051,-0.454
-3.065,-3.613
-0.096,-3.908
-1.774,-3.841
2.225,0.547
-1.398,0.823
-2.613,-3.172
-2.645,-1.732
-2.685,0.095
-2.803,-2.156
-2.657,-3.226
-2.812,-1.434
-2.906,-1.86
-2.917,-0.002
-3.101,-3.411
3.125,-1.779
-3.082,-0.881
-3.1,0.283
2.939,-0.839
2.775,-0.781
2.892,-3.457
2.884,-2.086
2.886,-2.088
2.841,-2.673
2.871,0.388
2.776,-3.108
2.622,-1.433
2.586,-2.123
2.564,-1.903
2.626,-3.173
2.473,-1.709
2.549,-1.075
2.535,-2.05
2.403,-1.645
2.283,-0.708
2.024,-2.489
2.171,-1.789
1.959,0.264
1.932,-3.275
1.897,0.073
1.949,-1.002
1.787,-1.722
1.783,-3.394
1.892,-0.716
1.759,-0.394
1.729,-1.253
1.728,-1.702
1.699,-2.471
1.794,-2.336
1.806,0.338
1.683,-1.988
1.761,-2.778
1.63,0.175
1.615,-1.117
1.569,-2.78
1.587,-3.289
1.387,-3.327
1.329,-3.213
1.327,-0.133
1.433,0.327
1.356,-1.438
1.339,-1.351
1.26,-1.569
1.286,-3.273
1.115,-2.0
1.075,0.203
0.936,-3.121
0.957,-0.665
0.915,0.28
1.043,-2.74
0.742,-2.407
0.878,-3.386
0.741,-3.383
0.747,-0.759
0.679,-1.406
0.676,-2.453
0.433,-2.458
0.587,0.277
0.417,-0.594
0.406,0.463
0.537,-3.131
0.378,-1.938
0.35,-3.113
0.165,0.064
0.158,-2.326
0.179,-1.322
0.202,-0.714
0.199,-1.047
0.036,-1.334
0.126,-1.479
0.001,-2.334
0.018,-0.685
-0.198,-0.039
-0.272,0.469
-0.214,0.244
-0.355,-2.968
-0.311,-0.012
-0.49,-3.193
-0.657,-1.081
-0.732,-0.401
-0.745,-3.347
-0.713,-3.233
-0.712,0.491
-0.77,-1.342
-0.937,-0.814
-0.967,-3.295
-1.101,-2.202
-1.29,-1.614
-1.264,-3.521
-1.324,-3.521
-1.218,-0.967
-1.251,-1.533
-1.236,-0.842
-1.78,-2.554
-1.788,-2.329
-1.935,-1.333
-1.911,-2.499
-2.029,-2.413
-1.937,-0.748
-2.089,-1.468
-1.978,-1.807
-1.978,-0.907
-2.116,-2.044
-2.045,-1.712
-2.244,-0.728
-2.13,-3.148
-2.347,-3.354
-3.004,-3.521
-2.887,-3.562
-3.09,-3.467
2.734,-3.8
2.762,-3.871
2.499,-3.719
2.579,-3.522
2.467,-3.559
1.785,-3.73
1.851,-3.478
1.877,-3.596
1.54,-3.589
1.378,-3.828
0.571,-3.689
0.576,-3.898
0.313,-3.672
0.307,-3.693
-1.817,-3.786
-2.302,-3.617
-2.357,0.628
-2.532,0.859
2.952,0.914
2.644,0.691
1.985,0.594
1.785,0.552
0.781,0.68
0.763,0.588
0.646,0.596
0.221,0.723
-0.182,0.592
-0.856,0.767
-1.313,0.621
-1.575,0.605
3.037,-1.366
2.653,-1.365
1.808,-1.99
-0.258,-1.365
-0.44,-0.749
-1.16,0.001
-1.429,0.214
-2.021,-2.899
0.018,-1.056
-0.669,-0.693
-1.551,-0.761
-1.568,0.123
-1.564,-0.443
-1.628,0.124
-1.619,-1.443
-1.647,-0.036
-1.731,-0.651
-1.769,-0.618
-1.849,-1.3
-1.881,-0.078
-1.805,0.031
-1.937,-0.876
-2.029,-1.309
2.334,-2.26
1.043,-1.131
-1.611,-2.656
-2.037,-1.199
-2.293,-1.142
2.264,-3.491
2.146,-3.361
0.701,-3.244
1.714,0.443
2.333,-3.43
1.734,-3.606
-0.01,0.218
-0.037,-2.612
-0.098,-0.184
-0.074,-2.433
-0.098,1.352
-0.188,-1.657
-0.332,-0.326
-0.289,-1.026
-0.375,1.004
-0.418,-0.421
-0.4,-1.424
-0.514,0.021
-0.514,-1.946
-0.583,-0.883
-0.65,1.045
-0.735,1.281
-0.838,-0.606
-0.829,-1.905
-0.846,-0.168
-0.935,-1.451
-0.994,-1.181
-1.032,-1.897
-1.055,-1.253
-0.981,-0.435
-0.994,-0.518
-1.09,0.436
-1.052,-0.956
-1.121,0.415
-1.156,-0.375
-1.151,0.621
-1.211,-0.666
-1.161,1.042
-1.163,-2.506
-1.257,-0.703
-1.209,0.783
-1.223,-1.341
-1.197,0.952
-1.271,0.699
-1.264,-0.749
-1.276,0.557
-1.26,-0.791
-1.327,0.554
-1.27,-0.653
-1.378,1.285
-1.313,-0.69
-1.313,-2.481
-1.379,0.593
-1.419,0.032
-1.457,-1.351
-1.406,0.782
-1.409,0.257
-1.412,-1.164
-1.523,-0.51
-1.464,-1.114
-1.455,-1.199
-1.551,-1.416
-1.585,-1.566
-1.744,-1.333
-1.687,-0.595
-1.754,-1.152
-1.84,-1.837
-1.959,-0.32
-1.989,0.337
-1.977,-0.504
-2.006,1.308
-1.982,0.375
-2.037,0.764
-2.058,1.223
-2.114,-2.541
-2.05,-0.027
-2.099,1.278
-2.134,0.669
-2.168,-1.807
-2.29,0.277
-2.231,1.119
-2.257,0.701
-2.333,-1.944
2.991,-2.59
2.312,-2.555
2.285,-2.615
1.862,-2.875
1.816,-2.684
1.534,-2.98
1.53,-2.878
1.377,-2.603
1.114,-2.63
0.635,-2.889
0.633,-2.626
0.281,-3.06
0.252,-2.829
0.011,-2.804
-0.415,-2.989
-0.582,-2.73
-1.144,-2.708
-1.229,-2.64
-1.815,-2.662
-1.791,-2.727
-2.235,-2.537
-2.486,1.459
-2.73,1.671
-2.973,1.443
2.474,1.63
2.209,1.591
2.012,1.571
1.94,1.499
1.818,1.733
1.606,1.777
1.442,1.562
1.41,1.463
1.063,1.784
-0.875,1.712
-0.826,1.554
-0.996,1.762
-1.024,1.758
-1.103,1.736
-1.3,1.419
-1.835,1.723
-2.078,1.833
-2.218,1.505
2.151,-2.351
1.595,1.164
1.265,-2.123
0.819,1.323
-1.061,1.053
-1.057,-1.046
-1.106,1.206
-1.816,-2.223
-2.058,0.713
-1.976,0.441
-2.99,-2.718
-0.021,-3.013
-1.699,-2.946
2.3,1.442
-1.323,1.718
-2.538,-2.277
-2.57,-0.837
-2.61,0.99
-2.728,-1.261
-2.582,-2.331
-2.737,-0.539
-2.831,-0.965
-2.842,0.893
-3.026,-2.516
-3.083,-0.884
-3.007,0.014
-3.025,1.178
3.014,0.056
2.85,0.114
2.967,-2.562
2.959,-1.191
2.961,-1.193
2.916,-1.778
2.946,1.283
2.851,-2.213
2.697,-0.538
2.661,-1.228
2.639,-1.008
2.701,-2.278
2.548,-0.814
2.624,-0.18
2.61,-1.155
2.478,-0.75
2.358,0.187
2.099,-1.594
2.246,-0.894
2.034,1.159
2.007,-2.38
1.972,0.968
2.024,-0.107
1.862,-0.827
1.858,-2.499
1.967,0.179
1.834,0.501
1.804,-0.358
1.803,-0.807
1.774,-1.576
1.869,-1.441
1.881,1.233
1.758,-1.093
1.836,-1.883
1.705,1.07
1.69,-0.222
1.644,-1.885
1.662,-2.394
1.462,-2.432
1.404,-2.318
1.402,0.762
1.508,1.222
1.431,-0.543
1.414,-0.456
1.335,-0.674
1.361,-2.378
1.19,-1.105
1.15,1.098
1.011,-2.226
1.032,0.23
0.99,1.175
1.118,-1.845
0.817,-1.512
0.953,-2.491
0.816,-2.488
0.822,0.136
0.754,-0.511
0.751,-1.558
0.508,-1.563
0.662,1.172
0.492,0.301
0.481,1.358
0.612,-2.236
0.453,-1.043
0.425,-2.218
0.24,0.959
0.233,-1.431
0.254,-0.427
0.277,0.181
0.274,-0.152
0.111,-0.439
0.201,-0.584
0.076,-1.439
0.093,0.21
-0.123,0.856
-0.197,1.364
-0.139,1.139
-0.28,-2.073
-0.236,0.883
-0.415,-2.298
-0.582,-0.186
-0.657,0.494
-0.67,-2.452
-0.638,-2.338
-0.637,1.386
-0.695,-0.447
-0.862,0.081
-0.892,-2.4
-1.026,-1.307
-1.215,-0.719
-1.189,-2.626
-1.249,-2.626
-1.143,-0.072
-1.176,-0.638
-1.161,0.053
-1.705,-1.659
-1.713,-1.434
-1.86,-0.438
-1.836,-1.604
-1.954,-1.518
-1.862,0.147
-2.014,-0.573
-1.903,-0.912
-1.903,-0.012
-2.041,-1.149
-1.97,-0.817
-2.169,0.167
-2.055,-2.253
-2.272,-2.459
-2.929,-2.626
-2.812,-2.667
-3.015,-2.572
2.809,-2.905
2.837,-2.976
2.574,-2.824
2.654,-2.627
2.542,-2.664
1.86,-2.835
1.926,-2.583
1.952,-2.701
1.615,-2.694
1.453,-2.933
0.646,-2.794
0.651,-3.003
0.388,-2.777
0.382,-2.798
-1.742,-2.891
-2.227,-2.722
-2.282,1.523
-2.457,1.754
3.027,1.809
2.719,1.586
2.06,1.489
1.86,1.447
0.856,1.575
0.838,1.483
0.721,1.491
0.296,1.618
-0.107,1.487
-0.781,1.662
-1.238,1.516
-1.5,1.5
3.112,-0.471
2.728,-0.47
1.883,-1.095
-0.183,-0.47
-0.365,0.146
-1.085,0.896
-1.354,1.109
-1.946,-2.004
0.093,-0.161
-0.594,0.202
-1.476,0.134
-1.493,1.018
-1.489,0.452
-1.553,1.019
-1.544,-0.548
-1.572,0.859
-1.656,0.244
-1.694,0.277
-1.774,-0.405
-1.806,0.817
-1.73,0.926
-1.862,0.019
-1.954,-0.414
2.409,-1.365
1.118,-0.236
-1.536,-1.761
-1.962,-0.304
-2.218,-0.247
2.339,-2.596
2.221,-2.466
0.776,-2.349
1.789,1.338
2.408,-2.535
1.809,-2.711
-0.027,-2.83
-0.088,-0.402
-0.064,-2.651
-0.088,1.134
-0.178,-1.875
-0.322,-0.544
-0.279,-1.244
-0.365,0.786
-0.408,-0.639
-0.39,-1.642
-0.504,-0.197
-0.504,-2.164
-0.573,-1.101
-0.64,0.827
-0.725,1.063
-0.828,-0.824
-0.819,-2.123
-0.836,-0.386
-0.925,-1.669
-0.984,-1.399
-1.022,-2.115
-1.045,-1.471
-0.971,-0.653
-0.984,-0.736
-1.08,0.218
-1.042,-1.174
-1.111,0.197
-1.146,-0.593
-1.141,0.403
-1.201,-0.884
-1.151,0.824
-1.153,-2.724
-1.247,-0.921
-1.199,0.565
-1.213,-1.559
-1.187,0.734
-1.261,0.481
-1.254,-0.967
-1.266,0.339
-1.25,-1.009
-1.317,0.336
-1.26,-0.871
-1.368,1.067
-1.303,-0.908
-1.303,-2.699
-1.369,0.375
-1.409,-0.186
-1.447,-1.569
-1.396,0.564
-1.399,0.039
-1.402,-1.382
-1.513,-0.728
-1.454,-1.332
-1.445,-1.417
-1.541,-1.634
-1.575,-1.784
-1.734,-1.551
-1.677,-0.813
-1.744,-1.37
-1.83,-2.055
-1.949,-0.538
-1.979,0.119
-1.967,-0.722
-1.996,1.09
-1.972,0.157
-2.027,0.546
-2.048,1.005
-2.104,-2.759
-2.04,-0.245
-2.089,1.06
-2.124,0.451
-2.158,-2.025
-2.28,0.059
-2.221,0.901
-2.247,0.483
-2.323,-2.162
3.001,-2.808
2.322,-2.773
2.295,-2.833
1.872,-3.093
1.826,-2.902
1.544,-3.198
1.54,-3.096
1.387,-2.821
1.124,-2.848
0.645,-3.107
0.643,-2.844
0.291,-3.278
0.262,-3.047
0.021,-3.022
-0.405,-3.207
-0.572,-2.948
-1.134,-2.926
-1.219,-2.858
-1.805,-2.88
-1.781,-2.945
-2.225,-2.755
-2.476,1.241
-2.72,1.453
-2.963,1.225
2.484,1.412
2.219,1.373
2.022,1.353
1.95,1.281
1.828,1.515
1.616,1.559
1.452,1.344
1.42,1.245
1.073,1.566
-0.865,1.494
-0.816,1.336
-0.986,1.544
-1.014,1.54
-1.093,1.518
-1.29,1.201
-1.825,1.505
-2.068,1.615
-2.208,1.287
2.161,-2.569
1.605,0.946
1.275,-2.341
0.829,1.105
-1.051,0.835
-1.047,-1.264
-1.096,0.988
-1.806,-2.441
-2.048,0.495
-1.966,0.223
-2.98,-2.936
-0.011,-3.231
-1.689,-3.164
2.31,1.224
-1.313,1.5
-2.528,-2.495
-2.56,-1.055
-2.6,0.772
-2.718,-1.479
-2.572,-2.549
-2.727,-0.757
-2.821,-1.183
-2.832,0.675
-3.016,-2.734
-3.073,-1.102
-2.997,-0.204
-3.015,0.96
3.024,-0.162
2.86,-0.104
2.977,-2.78
2.969,-1.409
2.971,-1.411
2.926,-1.996
2.956,1.065
2.861,-2.431
2.707,-0.756
2.671,-1.446
2.649,-1.226
2.711,-2.496
2.558,-1.032
2.634,-0.398
2.62,-1.373
2.488,-0.968
2.368,-0.031
2.109,-1.812
2.256,-1.112
2.044,0.941
2.017,-2.598
1.982,0.75
2.034,-0.325
1.872,-1.045
1.868,-2.717
1.977,-0.039
1.844,0.283
1.814,-0.576
1.813,-1.025
1.784,-1.794
1.879,-1.659
1.891,1.015
1.768,-1.311
1.846,-2.101
1.715,0.852
1.7,-0.44
1.654,-2.103
1.672,-2.612
1.472,-2.65
1.414,-2.536
1.412,0.544
1.518,1.004
1.441,-0.761
1.424,-0.674
1.345,-0.892
1.371,-2.596
1.2,-1.323
1.16,0.88
1.021,-2.444
1.042,0.012
1.0,0.957
1.128,-2.063
0.827,-1.73
0.963,-2.709
0.826,-2.706
0.832,-0.082
0.764,-0.729
0.761,-1.776
0.518,-1.781
0.672,0.954
0.502,0.083
0.491,1.14
0.622,-2.454
0.463,-1.261
0.435,-2.436
0.25,0.741
0.243,-1.649
0.264,-0.645
0.287,-0.037
0.284,-0.37
0.121,-0.657
0.211,-0.802
0.086,-1.657
0.103,-0.008
-0.113,0.638
-0.187,1.146
-0.129,0.921
-0.27,-2.291
-0.226,0.665
-0.405,-2.516
-0.572,-0.404
-0.647,0.276
-0.66,-2.67
-0.628,-2.556
-0.627,1.168
-0.685,-0.665
-0.852,-0.137
-0.882,-2.618
-1.016,-1.525
-1.205,-0.937
-1.179,-2.844
-1.239,-2.844
-1.133,-0.29
-1.166,-0.856
-1.151,-0.165
-1.695,-1.877
-1.703,-1.652
-1.85,-0.656
-1.826,-1.822
-1.944,-1.736
-1.852,-0.071
-2.004,-0.791
-1.893,-1.13
-1.893,-0.23
-2.031,-1.367
-1.96,-1.035
-2.159,-0.051
-2.045,-2.471
-2.262,-2.677
-2.919,-2.844
-2.802,-2.885
-3.005,-2.79
2.819,-3.123
2.847,-3.194
2.584,-3.042
2.664,-2.845
2.552,-2.882
1.87,-3.053
1.936,-2.801
1.962,-2.919
1.625,-2.912
1.463,-3.151
0.656,-3.012
0.661,-3.221
0.398,-2.995
0.392,-3.016
-1.732,-3.109
-2.217,-2.94
-2.272,1.305
-2.447,1.536
3.037,1.591
2.729,1.368
2.07,1.271
1.87,1.229
0.866,1.357
0.848,1.265
0.731,1.273
0.306,1.4
-0.097,1.269
-0.771,1.444
-1.228,1.298
-1.49,1.282
3.122,-0.689
2.738,-0.688
1.893,-1.313
-0.173,-0.688
-0.355,-0.072
-1.075,0.678
-1.344,0.891
-1.936,-2.222
0.103,-0.379
-0.584,-0.016
-1.466,-0.084
-1.483,0.8
-1.479,0.234
-1.543,0.801
-1.534,-0.766
-1.562,0.641
-1.646,0.026
-1.684,0.059
-1.764,-0.623
-1.796,0.599
-1.72,0.708
-1.852,-0.199
-1.944,-0.632
2.419,-1.583
1.128,-0.454
-1.526,-1.979
-1.952,-0.522
-2.208,-0.465
2.349,-2.814
2.231,-2.684
0.786,-2.567
1.799,1.12
2.418,-2.753
1.819,-2.929
-0.061,2.428
-0.037,0.179
-0.061,3.964
-0.151,0.955
-0.295,2.286
-0.252,1.586
-0.338,3.616
-0.381,2.191
-0.363,1.188
-0.477,2.633
-0.477,0.666
-0.546,1.729
-0.613,3.657
-0.698,3.893
-0.801,2.006
-0.792,0.707
-0.809,2.444
-0.898,1.161
-0.957,1.431
-0.995,0.715
-1.018,1.359
-0.944,2.177
-0.957,2.094
-1.053,3.048
-1.015,1.656
-1.084,3.027
-1.119,2.237
-1.114,3.233
-1.174,1.946
-1.124,3.654
-1.126,0.106
-1.22,1.909
-1.172,3.395
-1.186,1.271
-1.16,3.564
-1.234,3.311
-1.227,1.863
-1.239,3.169
-1.223,1.821
-1.29,3.166
-1.233,1.959
-1.341,3.897
-1.276,1.922
-1.276,0.131
-1.342,3.205
-1.382,2.644
-1.42,1.261
-1.369,3.394
-1.372,2.869
-1.375,1.448
-1.486,2.102
-1.427,1.498
-1.418,1.413
-1.514,1.196
-1.548,1.046
-1.707,1.279
-1.65,2.017
-1.717,1.46
-1.803,0.775
-1.922,2.292
-1.952,2.949
-1.94,2.108
-1.969,3.92
-1.945,2.987
-2.0,3.376
-2.021,3.835
-2.077,0.071
-2.013,2.585
-2.062,3.89
-2.097,3.281
-2.131,0.805
-2.253,2.889
-2.194,3.731
-2.22,3.313
-2.296,0.668
3.028,0.022
2.349,0.057
2.322,-0.003
1.899,-0.263
1.853,-0.072
1.571,-0.368
1.567,-0.266
1.414,0.009
1.151,-0.018
0.672,-0.277
0.67,-0.014
0.318,-0.448
0.289,-0.217
0.048,-0.192
-0.378,-0.377
-0.545,-0.118
-1.107,-0.096
-1.192,-0.028
-1.778,-0.05
-1.754,-0.115
-2.198,0.075
-2.449,4.071
-2.693,4.283
-2.936,4.055
2.511,4.242
2.246,4.203
2.049,4.183
1.977,4.111
1.855,4.345
1.643,4.389
1.479,4.174
1.447,4.075
1.1,4.396
-0.838,4.324
-0.789,4.166
-0.959,4.374
-0.987,4.37
-1.066,4.348
-1.263,4.031
-1.798,4.335
-2.041,4.445
-2.181,4.117
2.188,0.261
1.632,3.776
1.302,0.489
0.856,3.935
-1.024,3.665
-1.02,1.566
-1.069,3.818
-1.779,0.389
-2.021,3.325
-1.939,3.053
-2.953,-0.106
0.016,-0.401
-1.662,-0.334
2.337,4.054
-1.286,4.33
-2.501,0.335
-2.533,1.775
-2.573,3.602
-2.691,1.351
-2.545,0.281
-2.7,2.073
-2.794,1.647
-2.805,3.505
-2.989,0.096
-3.046,1.728
-2.97,2.626
-2.988,3.79
3.051,2.668
2.887,2.726
3.004,0.05
2.996,1.421
2.998,1.419
2.953,0.834
2.983,3.895
2.888,0.399
2.734,2.074
2.698,1.384
2.676,1.604
2.738,0.334
2.585,1.798
2.661,2.432
2.647,1.457
2.515,1.862
2.395,2.799
2.136,1.018
2.283,1.718
2.071,3.771
2.044,0.232
2.009,3.58
2.061,2.505
1.899,1.785
1.895,0.113
2.004,2.791
1.871,3.113
1.841,2.254
1.84,1.805
1.811,1.036
1.906,1.171
1.918,3.845
1.795,1.519
1.873,0.729
1.742,3.682
1.727,2.39
1.681,0.727
1.699,0.218
1.499,0.18
1.441,0.294
1.439,3.374
1.545,3.834
1.468,2.069
1.451,2.156
1.372,1.938
1.398,0.234
1.227,1.507
1.187,3.71
1.048,0.386
1.069,2.842
1.027,3.787
1.155,0.767
0.854,1.1
0.99,0.121
0.853,0.124
0.859,2.748
0.791,2.101
0.788,1.054
0.545,1.049
0.699,3.784
0.529,2.913
0.518,3.97
0.649,0.376
0.49,1.569
0.462,0.394
0.277,3.571
0.27,1.181
0.291,2.185
0.314,2.793
0.311,2.46
0.148,2.173
0.238,2.028
0.113,1.173
0.13,2.822
-0.086,3.468
-0.16,3.976
-0.102,3.751
-0.243,0.539
-0.199,3.495
-0.378,0.314
-0.545,2.426
-0.62,3.106
-0.633,0.16
-0.601,0.274
-0.6,3.998
-0.658,2.165
-0.825,2.693
-0.855,0.212
-0.989,1.305
-1.178,1.893
-1.152,-0.014
-1.212,-0.014
-1.106,2.54
-1.139,1.974
-1.124,2.665
-1.668,0.953
-1.676,1.178
-1.823,2.174
-1.799,1.008
-1.917,1.094
-1.825,2.759
-1.977,2.039
-1.866,1.7
-1.866,2.6
-2.004,1.463
-1.933,1.795
-2.132,2.779
-2.018,0.359
-2.235,0.153
-2.892,-0.014
-2.775,-0.055
-2.978,0.04
2.846,-0.293
2.874,-0.364
2.611,-0.212
2.691,-0.015
2.579,-0.052
1.897,-0.223
1.963,0.029
1.989,-0.089
1.652,-0.082
1.49,-0.321
0.683,-0.182
0.688,-0.391
0.425,-0.165
0.419,-0.186
-1.705,-0.279
-2.19,-0.11
-2.245,4.135
-2.42,4.366
3.064,4.421
2.756,4.198
2.097,4.101
1.897,4.059
0.893,4.187
0.875,4.095
0.758,4.103
0.333,4.23
-0.07,4.099
-0.744,4.274
-1.201,4.128
-1.463,4.112
-3.134,2.141
2.765,2.142
1.92,1.517
-0.146,2.142
-0.328,2.758
-1.048,3.508
-1.317,3.721
-1.909,0.608
0.13,2.451
-0.557,2.814
-1.439,2.746
-1.456,3.63
-1.452,3.064
-1.516,3.631
-1.507,2.064
-1.535,3.471
-1.619,2.856
-1.657,2.889
-1.737,2.207
-1.769,3.429
-1.693,3.538
-1.825,2.631
-1.917,2.198
2.446,1.247
1.155,2.376
-1.499,0.851
-1.925,2.308
-2.181,2.365
2.376,0.016
2.258,0.146
0.813,0.263
1.826,3.95
2.445,0.077
1.846,-0.099
0.024,-2.249
0.0,1.536
-0.09,-1.473
-0.234,-0.142
-0.191,-0.842
-0.277,1.188
-0.32,-0.237
-0.302,-1.24
-0.416,0.205
-0.416,-1.762
-0.485,-0.699
-0.552,1.229
-0.637,1.465
-0.74,-0.422
-0.731,-1.721
-0.748,0.016
-0.837,-1.267
-0.896,-0.997
-0.934,-1.713
-0.957,-1.069
-0.883,-0.251
-0.896,-0.334
-0.992,0.62
-0.954,-0.772
-1.023,0.599
-1.058,-0.191
-1.053,0.805
-1.113,-0.482
-1.063,1.226
-1.065,-2.322
-1.159,-0.519
-1.111,0.967
-1.125,-1.157
-1.099,1.136
-1.173,0.883
-1.166,-0.565
-1.178,0.741
-1.162,-0.607
-1.229,0.738
-1.172,-0.469
-1.28,1.469
-1.215,-0.506
-1.215,-2.297
-1.281,0.777
-1.321,0.216
-1.359,-1.167
-1.308,0.966
-1.311,0.441
-1.314,-0.98
-1.425,-0.326
-1.366,-0.93
-1.357,-1.015
-1.453,-1.232
-1.487,-1.382
-1.646,-1.149
-1.589,-0.411
-1.656,-0.968
-1.742,-1.653
-1.861,-0.136
-1.891,0.521
-1.879,-0.32
-1.908,1.492
-1.884,0.559
-1.939,0.948
-1.96,1.407
-2.016,-2.357
-1.952,0.157
-2.001,1.462
-2.036,0.853
-2.07,-1.623
-2.192,0.461
-2.133,1.303
-2.159,0.885
-2.235,-1.76
3.089,-2.406
2.41,-2.371
2.383,-2.431
1.96,-2.691
1.914,-2.5
1.632,-2.796
1.628,-2.694
1.475,-2.419
1.212,-2.446
0.733,-2.705
0.731,-2.442
0.379,-2.876
0.35,-2.645
0.109,-2.62
-0.317,-2.805
-0.484,-2.546
-1.046,-2.524
-1.131,-2.456
-1.717,-2.478
-1.693,-2.543
-2.137,-2.353
-2.388,1.643
-2.632,1.855
-2.875,1.627
2.572,1.814
2.307,1.775
2.11,1.755
2.038,1.683
1.916,1.917
1.704,1.961
1.54,1.746
1.508,1.647
1.161,1.968
-0.777,1.896
-0.728,1.738
-0.898,1.946
-0.926,1.942
-1.005,1.92
-1.202,1.603
-1.737,1.907
-1.98,2.017
-2.12,1.689
2.249,-2.167
1.693,1.348
1.363,-1.939
0.917,1.507
-0.963,1.237
-0.959,-0.862
-1.008,1.39
-1.718,-2.039
-1.96,0.897
-1.878,0.625
-2.892,-2.534
0.077,-2.829
-1.601,-2.762
2.398,1.626
-1.225,1.902
-2.44,-2.093
-2.472,-0.653
-2.512,1.174
-2.63,-1.077
-2.484,-2.147
-2.639,-0.355
-2.733,-0.781
-2.744,1.077
-2.928,-2.332
-2.985,-0.7
-2.909,0.198
-2.927,1.362
3.112,0.24
2.948,0.298
3.065,-2.378
3.057,-1.007
3.059,-1.009
3.014,-1.594
3.044,1.467
2.949,-2.029
2.795,-0.354
2.759,-1.044
2.737,-0.824
2.799,-2.094
2.646,-0.63
2.722,0.004
2.708,-0.971
2.576,-0.566
2.456,0.371
2.197,-1.41
2.344,-0.71
2.132,1.343
2.105,-2.196
2.07,1.152
2.122,0.077
1.96,-0.643
1.956,-2.315
2.065,0.363
1.932,0.685
1.902,-0.174
1.901,-0.623
1.872,-1.392
1.967,-1.257
1.979,1.417
1.856,-0.909
1.934,-1.699
1.803,1.254
1.788,-0.038
1.742,-1.701
1.76,-2.21
1.56,-2.248
1.502,-2.134
1.5,0.946
1.606,1.406
1.529,-0.359
1.512,-0.272
1.433,-0.49
1.459,-2.194
1.288,-0.921
1.248,1.282
1.109,-2.042
1.13,0.414
1.088,1.359
1.216,-1.661
0.915,-1.328
1.051,-2.307
0.914,-2.304
0.92,0.32
0.852,-0.327
0.849,-1.374
0.606,-1.379
0.76,1.356
0.59,0.485
0.579,1.542
0.71,-2.052
0.551,-0.859
0.523,-2.034
0.338,1.143
0.331,-1.247
0.352,-0.243
0.375,0.365
0.372,0.032
0.209,-0.255
0.299,-0.4
0.174,-1.255
0.191,0.394
-0.025,1.04
-0.099,1.548
-0.041,1.323
-0.182,-1.889
-0.138,1.067
-0.317,-2.114
-0.484,-0.002
-0.559,0.678
-0.572,-2.268
-0.54,-2.154
-0.539,1.57
-0.597,-0.263
-0.764,0.265
-0.794,-2.216
-0.928,-1.123
-1.117,-0.535
-1.091,-2.442
-1.151,-2.442
-1.045,0.112
-1.078,-0.454
-1.063,0.237
-1.607,-1.475
-1.615,-1.25
-1.762,-0.254
-1.738,-1.42
-1.856,-1.334
-1.764,0.331
-1.916,-0.389
-1.805,-0.728
-1.805,0.172
-1.943,-0.965
-1.872,-0.633
-2.071,0.351
-1.957,-2.069
-2.174,-2.275
-2.831,-2.442
-2.714,-2.483
-2.917,-2.388
2.907,-2.721
2.935,-2.792
2.672,-2.64
2.752,-2.443
2.64,-2.48
1.958,-2.651
2.024,-2.399
2.05,-2.517
1.713,-2.51
1.551,-2.749
0.744,-2.61
0.749,-2.819
0.486,-2.593
0.48,-2.614
-1.644,-2.707
-2.129,-2.538
-2.184,1.707
-2.359,1.938
3.125,1.993
2.817,1.77
2.158,1.673
1.958,1.631
0.954,1.759
0.936,1.667
0.819,1.675
0.394,1.802
-0.009,1.671
-0.683,1.846
-1.14,1.7
-1.402,1.684
-3.073,-0.287
2.826,-0.286
1.981,-0.911
-0.085,-0.286
-0.267,0.33
-0.987,1.08
-1.256,1.293
-1.848,-1.82
0.191,0.023
-0.496,0.386
-1.378,0.318
-1.395,1.202
-1.391,0.636
-1.455,1.203
-1.446,-0.364
-1.474,1.043
-1.558,0.428
-1.596,0.461
-1.676,-0.221
-1.708,1.001
-1.632,1.11
-1.764,0.203
-1.856,-0.23
2.507,-1.181
1.216,-0.052
-1.438,-1.577
-1.864,-0.12
-2.12,-0.063
2.437,-2.412
2.319,-2.282
0.874,-2.165
1.887,1.522
2.506,-2.351
1.907,-2.527
-0.024,3.785
-0.114,0.776
-0.258,2.107
-0.215,1.407
-0.301,3.437
-0.344,2.012
-0.326,1.009
-0.44,2.454
-0.44,0.487
-0.509,1.55
-0.576,3.478
-0.661,3.714
-0.764,1.827
-0.755,0.528
-0.772,2.265
-0.861,0.982
-0.92,1.252
-0.958,0.536
-0.981,1.18
-0.907,1.998
-0.92,1.915
-1.016,2.869
-0.978,1.477
-1.047,2.848
-1.082,2.058
-1.077,3.054
-1.137,1.767
-1.087,3.475
-1.089,-0.073
-1.183,1.73
-1.135,3.216
-1.149,1.092
-1.123,3.385
-1.197,3.132
-1.19,1.684
-1.202,2.99
-1.186,1.642
-1.253,2.987
-1.196,1.78
-1.304,3.718
-1.239,1.743
-1.239,-0.048
-1.305,3.026
-1.345,2.465
-1.383,1.082
-1.332,3.215
-1.335,2.69
-1.338,1.269
-1.449,1.923
-1.39,1.319
-1.381,1.234
-1.477,1.017
-1.511,0.867
-1.67,1.1
-1.613,1.838
-1.68,1.281
-1.766,0.596
-1.885,2.113
-1.915,2.77
-1.903,1.929
-1.932,3.741
-1.908,2.808
-1.963,3.197
-1.984,3.656
-2.04,-0.108
-1.976,2.406
-2.025,3.711
-2.06,3.102
-2.094,0.626
-2.216,2.71
-2.157,3.552
-2.183,3.134
-2.259,0.489
3.065,-0.157
2.386,-0.122
2.359,-0.182
1.936,-0.442
1.89,-0.251
1.608,-0.547
1.604,-0.445
1.451,-0.17
1.188,-0.197
0.709,-0.456
0.707,-0.193
0.355,-0.627
0.326,-0.396
0.085,-0.371
-0.341,-0.556
-0.508,-0.297
-1.07,-0.275
-1.155,-0.207
-1.741,-0.229
-1.717,-0.294
-2.161,-0.104
-2.412,3.892
-2.656,4.104
-2.899,3.876
2.548,4.063
2.283,4.024
2.086,4.004
2.014,3.932
1.892,4.166
1.68,4.21
1.516,3.995
1.484,3.896
1.137,4.217
-0.801,4.145
-0.752,3.987
-0.922,4.195
-0.95,4.191
-1.029,4.169
-1.226,3.852
-1.761,4.156
-2.004,4.266
-2.144,3.938
2.225,0.082
1.669,3.597
1.339,0.31
0.893,3.756
-0.987,3.486
-0.983,1.387
-1.032,3.639
-1.742,0.21
-1.984,3.146
-1.902,2.874
-2.916,-0.285
0.053,-0.58
-1.625,-0.513
2.374,3.875
-1.249,4.151
-2.464,0.156
-2.496,1.596
-2.536,3.423
-2.654,1.172
-2.508,0.102
-2.663,1.894
-2.757,1.468
-2.768,3.326
-2.952,-0.083
-3.009,1.549
-2.933,2.447
-2.951,3.611
3.088,2.489
2.924,2.547
3.041,-0.129
3.033,1.242
3.035,1.24
2.99,0.655
3.02,3.716
2.925,0.22
2.771,1.895
2.735,1.205
2.713,1.425
2.775,0.155
2.622,1.619
2.698,2.253
2.684,1.278
2.552,1.683
2.432,2.62
2.173,0.839
2.32,1.539
2.108,3.592
2.081,0.053
2.046,3.401
2.098,2.326
1.936,1.606
1.932,-0.066
2.041,2.612
1.908,2.934
1.878,2.075
1.877,1.626
1.848,0.857
1.943,0.992
1.955,3.666
1.832,1.34
1.91,0.55
1.779,3.503
1.764,2.211
1.718,0.548
1.736,0.039
1.536,0.001
1.478,0.115
1.476,3.195
1.582,3.655
1.505,1.89
1.488,1.977
1.409,1.759
1.435,0.055
1.264,1.328
1.224,3.531
1.085,0.207
1.106,2.663
1.064,3.608
1.192,0.588
0.891,0.921
1.027,-0.058
0.89,-0.055
0.896,2.569
0.828,1.922
0.825,0.875
0.582,0.87
0.736,3.605
0.566,2.734
0.555,3.791
0.686,0.197
0.527,1.39
0.499,0.215
0.314,3.392
0.307,1.002
0.328,2.006
0.351,2.614
0.348,2.281
0.185,1.994
0.275,1.849
0.15,0.994
0.167,2.643
-0.049,3.289
-0.123,3.797
-0.065,3.572
-0.206,0.36
-0.162,3.316
-0.341,0.135
-0.508,2.247
-0.583,2.927
-0.596,-0.019
-0.564,0.095
-0.563,3.819
-0.621,1.986
-0.788,2.514
-0.818,0.033
-0.952,1.126
-1.141,1.714
-1.115,-0.193
-1.175,-0.193
-1.069,2.361
-1.102,1.795
-1.087,2.486
-1.631,0.774
-1.639,0.999
-1.786,1.995
-1.762,0.829
-1.88,0.915
-1.788,2.58
-1.94,1.86
-1.829,1.521
-1.829,2.421
-1.967,1.284
-1.896,1.616
-2.095,2.6
-1.981,0.18
-2.198,-0.026
-2.855,-0.193
-2.738,-0.234
-2.941,-0.139
2.883,-0.472
2.911,-0.543
2.648,-0.391
2.728,-0.194
2.616,-0.231
1.934,-0.402
2.0,-0.15
2.026,-0.268
1.689,-0.261
1.527,-0.5
0.72,-0.361
0.725,-0.57
0.462,-0.344
0.456,-0.365
-1.668,-0.458
-2.153,-0.289
-2.208,3.956
-2.383,4.187
3.101,4.242
2.793,4.019
2.134,3.922
1.934,3.88
0.93,4.008
0.912,3.916
0.795,3.924
0.37,4.051
-0.033,3.92
-0.707,4.095
-1.164,3.949
-1.426,3.933
-3.097,1.962
2.802,1.963
1.957,1.338
-0.109,1.963
-0.291,2.579
-1.011,3.329
-1.28,3.542
-1.872,0.429
0.167,2.272
-0.52,2.635
-1.402,2.567
-1.419,3.451
-1.415,2.885
-1.479,3.452
-1.47,1.885
-1.498,3.292
-1.582,2.677
-1.62,2.71
-1.7,2.028
-1.732,3.25
-1.656,3.359
-1.788,2.452
-1.88,2.019
2.483,1.068
1.192,2.197
-1.462,0.672
-1.888,2.129
-2.144,2.186
2.413,-0.163
2.295,-0.033
0.85,0.084
1.863,3.771
2.482,-0.102
1.883,-0.278
-0.09,-3.009
-0.234,-1.678
-0.191,-2.378
-0.277,-0.348
-0.32,-1.773
-0.302,-2.776
-0.416,-1.331
-0.416,-3.298
-0.485,-2.235
-0.552,-0.307
-0.637,-0.071
-0.74,-1.958
-0.731,-3.257
-0.748,-1.52
-0.837,-2.803
-0.896,-2.533
-0.934,-3.249
-0.957,-2.605
-0.883,-1.787
-0.896,-1.87
-0.992,-0.916
-0.954,-2.308
-1.023,-0.937
-1.058,-1.727
-1.053,-0.731
-1.113,-2.018
-1.063,-0.31
-1.065,-3.858
-1.159,-2.055
-1.111,-0.569
-1.125,-2.693
-1.099,-0.4
-1.173,-0.653
-1.166,-2.101
-1.178,-0.795
-1.162,-2.143
-1.229,-0.798
-1.172,-2.005
-1.28,-0.067
-1.215,-2.042
-1.215,-3.833
-1.281,-0.759
-1.321,-1.32
-1.359,-2.703
-1.308,-0.57
-1.311,-1.095
-1.314,-2.516
-1.425,-1.862
-1.366,-2.466
-1.357,-2.551
-1.453,-2.768
-1.487,-2.918
-1.646,-2.685
-1.589,-1.947
-1.656,-2.504
-1.742,-3.189
-1.861,-1.672
-1.891,-1.015
-1.879,-1.856
-1.908,-0.044
-1.884,-0.977
-1.939,-0.588
-1.96,-0.129
-2.016,-3.893
-1.952,-1.379
-2.001,-0.074
-2.036,-0.683
-2.07,-3.159
-2.192,-1.075
-2.133,-0.233
-2.159,-0.651
-2.235,-3.296
3.089,-3.942
2.41,-3.907
2.383,-3.967
1.96,-4.227
1.914,-4.036
1.632,-4.332
1.628,-4.23
1.475,-3.955
1.212,-3.982
0.733,-4.241
0.731,-3.978
0.379,-4.412
0.35,-4.181
0.109,-4.156
-0.317,-4.341
-0.484,-4.082
-1.046,-4.06
-1.131,-3.992
-1.717,-4.014
-1.693,-4.079
-2.137,-3.889
-2.388,0.107
-2.632,0.319
-2.875,0.091
2.572,0.278
2.307,0.239
2.11,0.219
2.038,0.147
1.916,0.381
1.704,0.425
1.54,0.21
1.508,0.111
1.161,0.432
-0.777,0.36
-0.728,0.202
-0.898,0.41
-0.926,0.406
-1.005,0.384
-1.202,0.067
-1.737,0.371
-1.98,0.481
-2.12,0.153
2.249,-3.703
1.693,-0.188
1.363,-3.475
0.917,-0.029
-0.963,-0.299
-0.959,-2.398
-1.008,-0.146
-1.718,-3.575
-1.96,-0.639
-1.878,-0.911
-2.892,-4.07
0.077,-4.365
-1.601,-4.298
2.398,0.09
-1.225,0.366
-2.44,-3.629
-2.472,-2.189
-2.512,-0.362
-2.63,-2.613
-2.484,-3.683
-2.639,-1.891
-2.733,-2.317
-2.744,-0.459
-2.928,-3.868
-2.985,-2.236
-2.909,-1.338
-2.927,-0.174
3.112,-1.296
2.948,-1.238
3.065,-3.914
3.057,-2.543
3.059,-2.545
3.014,-3.13
3.044,-0.069
2.949,-3.565
2.795,-1.89
2.759,-2.58
2.737,-2.36
2.799,-3.63
2.646,-2.166
2.722,-1.532
2.708,-2.507
2.576,-2.102
2.456,-1.165
2.197,-2.946
2.344,-2.246
2.132,-0.193
2.105,-3.732
2.07,-0.384
2.122,-1.459
1.96,-2.179
1.956,-3.851
2.065,-1.173
1.932,-0.851
1.902,-1.71
1.901,-2.159
1.872,-2.928
1.967,-2.793
1.979,-0.119
1.856,-2.445
1.934,-3.235
1.803,-0.282
1.788,-1.574
1.742,-3.237
1.76,-3.746
1.56,-3.784
1.502,-3.67
1.5,-0.59
1.606,-0.13
1.529,-1.895
1.512,-1.808
1.433,-2.026
1.459,-3.73
1.288,-2.457
1.248,-0.254
1.109,-3.578
1.13,-1.122
1.088,-0.177
1.216,-3.197
0.915,-2.864
1.051,-3.843
0.914,-3.84
0.92,-1.216
0.852,-1.863
0.849,-2.91
0.606,-2.915
0.76,-0.18
0.59,-1.051
0.579,0.006
0.71,-3.588
0.551,-2.395
0.523,-3.57
0.338,-0.393
0.331,-2.783
0.352,-1.779
0.375,-1.171
0.372,-1.504
0.209,-1.791
0.299,-1.936
0.174,-2.791
0.191,-1.142
-0.025,-0.496
-0.099,0.012
-0.041,-0.213
-0.182,-3.425
-0.138,-0.469
-0.317,-3.65
-0.484,-1.538
-0.559,-0.858
-0.572,-3.804
-0.54,-3.69
-0.539,0.034
-0.597,-1.799
-0.764,-1.271
-0.794,-3.752
-0.928,-2.659
-1.117,-2.071
-1.091,-3.978
-1.151,-3.978
-1.045,-1.424
-1.078,-1.99
-1.063,-1.299
-1.607,-3.011
-1.615,-2.786
-1.762,-1.79
-1.738,-2.956
-1.856,-2.87
-1.764,-1.205
-1.916,-1.925
-1.805,-2.264
-1.805,-1.364
-1.943,-2.501
-1.872,-2.169
-2.071,-1.185
-1.957,-3.605
-2.174,-3.811
-2.831,-3.978
-2.714,-4.019
-2.917,-3.924
2.907,-4.257
2.935,-4.328
2.672,-4.176
2.752,-3.979
2.64,-4.016
1.958,-4.187
2.024,-3.935
2.05,-4.053
1.713,-4.046
1.551,-4.285
0.744,-4.146
0.749,-4.355
0.486,-4.129
0.48,-4.15
-1.644,-4.243
-2.129,-4.074
-2.184,0.171
-2.359,0.402
3.125,0.457
2.817,0.234
2.158,0.137
1.958,0.095
0.954,0.223
0.936,0.131
0.819,0.139
0.394,0.266
-0.009,0.135
-0.683,0.31
-1.14,0.164
-1.402,0.148
-3.073,-1.823
2.826,-1.822
1.981,-2.447
-0.085,-1.822
-0.267,-1.206
-0.987,-0.456
-1.256,-0.243
-1.848,-3.356
0.191,-1.513
-0.496,-1.15
-1.378,-1.218
-1.395,-0.334
-1.391,-0.9
-1.455,-0.333
-1.446,-1.9
-1.474,-0.493
-1.558,-1.108
-1.596,-1.075
-1.676,-1.757
-1.708,-0.535
-1.632,-0.426
-1.764,-1.333
-1.856,-1.766
2.507,-2.717
1.216,-1.588
-1.438,-3.113
-1.864,-1.656
-2.12,-1.599
2.437,-3.948
2.319,-3.818
0.874,-3.701
1.887,-0.014
2.506,-3.887
1.907,-4.063
-0.144,1.331
-0.101,0.631
-0.187,2.661
-0.23,1.236
-0.212,0.233
-0.326,1.678
-0.326,-0.289
-0.395,0.774
-0.462,2.702
-0.547,2.938
-0.65,1.051
-0.641,-0.248
-0.658,1.489
-0.747,0.206
-0.806,0.476
-0.844,-0.24
-0.867,0.404
-0.793,1.222
-0.806,1.139
-0.902,2.093
-0.864,0.701
-0.933,2.072
-0.968,1.282
-0.963,2.278
-1.023,0.991
-0.973,2.699
-0.975,-0.849
-1.069,0.954
-1.021,2.44
-1.035,0.316
-1.009,2.609
-1.083,2.356
-1.076,0.908
-1.088,2.214
-1.072,0.866
-1.139,2.211
-1.082,1.004
-1.19,2.942
-1.125,0.967
-1.125,-0.824
-1.191,2.25
-1.231,1.689
-1.269,0.306
-1.218,2.439
-1.221,1.914
-1.224,0.493
-1.335,1.147
-1.276,0.543
-1.267,0.458
-1.363,0.241
-1.397,0.091
-1.556,0.324
-1.499,1.062
-1.566,0.505
-1.652,-0.18
-1.771,1.337
-1.801,1.994
-1.789,1.153
-1.818,2.965
-1.794,2.032
-1.849,2.421
-1.87,2.88
-1.926,-0.884
-1.862,1.63
-1.911,2.935
-1.946,2.326
-1.98,-0.15
-2.102,1.934
-2.043,2.776
-2.069,2.358
-2.145,-0.287
-3.104,-0.933
2.5,-0.898
2.473,-0.958
2.05,-1.218
2.004,-1.027
1.722,-1.323
1.718,-1.221
1.565,-0.946
1.302,-0.973
0.823,-1.232
0.821,-0.969
0.469,-1.403
0.44,-1.172
0.199,-1.147
-0.227,-1.332
-0.394,-1.073
-0.956,-1.051
-1.041,-0.983
-1.627,-1.005
-1.603,-1.07
-2.047,-0.88
-2.298,3.116
-2.542,3.328
-2.785,3.1
2.662,3.287
2.397,3.248
2.2,3.228
2.128,3.156
2.006,3.39
1.794,3.434
1.63,3.219
1.598,3.12
1.251,3.441
-0.687,3.369
-0.638,3.211
-0.808,3.419
-0.836,3.415
-0.915,3.393
-1.112,3.076
-1.647,3.38
-1.89,3.49
-2.03,3.162
2.339,-0.694
1.783,2.821
1.453,-0.466
1.007,2.98
-0.873,2.71
-0.869,0.611
-0.918,2.863
-1.628,-0.566
-1.87,2.37
-1.788,2.098
-2.802,-1.061
0.167,-1.356
-1.511,-1.289
2.488,3.099
-1.135,3.375
-2.35,-0.62
-2.382,0.82
-2.422,2.647
-2.54,0.396
-2.394,-0.674
-2.549,1.118
-2.643,0.692
-2.654,2.55
-2.838,-0.859
-2.895,0.773
-2.819,1.671
-2.837,2.835
-3.081,1.713
3.038,1.771
-3.128,-0.905
-3.136,0.466
-3.134,0.464
3.104,-0.121
3.134,2.94
3.039,-0.556
2.885,1.119
2.849,0.429
2.827,0.649
2.889,-0.621
2.736,0.843
2.812,1.477
2.798,0.502
2.666,0.907
2.546,1.844
2.287,0.063
2.434,0.763
2.222,2.816
2.195,-0.723
2.16,2.625
2.212,1.55
2.05,0.83
2.046,-0.842
2.155,1.836
2.022,2.158
1.992,1.299
1.991,0.85
1.962,0.081
2.057,0.216
2.069,2.89
1.946,0.564
2.024,-0.226
1.893,2.727
1.878,1.435
1.832,-0.228
1.85,-0.737
1.65,-0.775
1.592,-0.661
1.59,2.419
1.696,2.879
1.619,1.114
1.602,1.201
1.523,0.983
1.549,-0.721
1.378,0.552
1.338,2.755
1.199,-0.569
1.22,1.887
1.178,2.832
1.306,-0.188
1.005,0.145
1.141,-0.834
1.004,-0.831
1.01,1.793
0.942,1.146
0.939,0.099
0.696,0.094
0.85,2.829
0.68,1.958
0.669,3.015
0.8,-0.579
0.641,0.614
0.613,-0.561
0.428,2.616
0.421,0.226
0.442,1.23
0.465,1.838
0.462,1.505
0.299,1.218
0.389,1.073
0.264,0.218
0.281,1.867
0.065,2.513
-0.009,3.021
0.049,2.796
-0.092,-0.416
-0.048,2.54
-0.227,-0.641
-0.394,1.471
-0.469,2.151
-0.482,-0.795
-0.45,-0.681
-0.449,3.043
-0.507,1.21
-0.674,1.738
-0.704,-0.743
-0.838,0.35
-1.027,0.938
-1.001,-0.969
-1.061,-0.969
-0.955,1.585
-0.988,1.019
-0.973,1.71
-1.517,-0.002
-1.525,0.223
-1.672,1.219
-1.648,0.053
-1.766,0.139
-1.674,1.804
-1.826,1.084
-1.715,0.745
-1.715,1.645
-1.853,0.508
-1.782,0.84
-1.981,1.824
-1.867,-0.596
-2.084,-0.802
-2.741,-0.969
-2.624,-1.01
-2.827,-0.915
2.997,-1.248
3.025,-1.319
2.762,-1.167
2.842,-0.97
2.73,-1.007
2.048,-1.178
2.114,-0.926
2.14,-1.044
1.803,-1.037
1.641,-1.276
0.834,-1.137
0.839,-1.346
0.576,-1.12
0.57,-1.141
-1.554,-1.234
-2.039,-1.065
-2.094,3.18
-2.269,3.411
-3.068,3.466
2.907,3.243
2.248,3.146
2.048,3.104
1.044,3.232
1.026,3.14
0.909,3.148
0.484,3.275
0.081,3.144
-0.593,3.319
-1.05,3.173
-1.312,3.157
-2.983,1.186
2.916,1.187
2.071,0.562
0.005,1.187
-0.177,1.803
-0.897,2.553
-1.166,2.766
-1.758,-0.347
0.281,1.496
-0.406,1.859
-1.288,1.791
-1.305,2.675
-1.301,2.109
-1.365,2.676
-1.356,1.109
-1.384,2.516
-1.468,1.901
-1.506,1.934
-1.586,1.252
-1.618,2.474
-1.542,2.583
-1.674,1.676
-1.766,1.243
2.597,0.292
1.306,1.421
-1.348,-0.104
-1.774,1.353
-2.03,1.41
2.527,-0.939
2.409,-0.809
0.964,-0.692
1.977,2.995
2.596,-0.878
1.997,-1.054
0.043,-0.7
-0.043,1.33
-0.086,-0.095
-0.068,-1.098
-0.182,0.347
-0.182,-1.62
-0.251,-0.557
-0.318,1.371
-0.403,1.607
-0.506,-0.28
-0.497,-1.579
-0.514,0.158
-0.603,-1.125
-0.662,-0.855
-0.7,-1.571
-0.723,-0.927
-0.649,-0.109
-0.662,-0.192
-0.758,0.762
-0.72,-0.63
-0.789,0.741
-0.824,-0.049
-0.819,0.947
-0.879,-0.34
-0.829,1.368
-0.831,-2.18
-0.925,-0.377
-0.877,1.109
-0.891,-1.015
-0.865,1.278
-0.939,1.025
-0.932,-0.423
-0.944,0.883
-0.928,-0.465
-0.995,0.88
-0.938,-0.327
-1.046,1.611
-0.981,-0.364
-0.981,-2.155
-1.047,0.919
-1.087,0.358
-1.125,-1.025
-1.074,1.108
-1.077,0.583
-1.08,-0.838
-1.191,-0.184
-1.132,-0.788
-1.123,-0.873
-1.219,-1.09
-1.253,-1.24
-1.412,-1.007
-1.355,-0.269
-1.422,-0.826
-1.508,-1.511
-1.627,0.006
-1.657,0.663
-1.645,-0.178
-1.674,1.634
-1.65,0.701
-1.705,1.09
-1.726,1.549
-1.782,-2.215
-1.718,0.299
-1.767,1.604
-1.802,0.995
-1.836,-1.481
-1.958,0.603
-1.899,1.445
-1.925,1.027
-2.001,-1.618
-2.96,-2.264
2.644,-2.229
2.617,-2.289
2.194,-2.549
2.148,-2.358
1.866,-2.654
1.862,-2.552
1.709,-2.277
1.446,-2.304
0.967,-2.563
0.965,-2.3
0.613,-2.734
0.584,-2.503
0.343,-2.478
-0.083,-2.663
-0.25,-2.404
-0.812,-2.382
-0.897,-2.314
-1.483,-2.336
-1.459,-2.401
-1.903,-2.211
-2.154,1.785
-2.398,1.997
-2.641,1.769
2.806,1.956
2.541,1.917
2.344,1.897
2.272,1.825
2.15,2.059
1.938,2.103
1.774,1.888
1.742,1.789
1.395,2.11
-0.543,2.038
-0.494,1.88
-0.664,2.088
-0.692,2.084
-0.771,2.062
-0.968,1.745
-1.503,2.049
-1.746,2.159
-1.886,1.831
2.483,-2.025
1.927,1.49
1.597,-1.797
1.151,1.649
-0.729,1.379
-0.725,-0.72
-0.774,1.532
-1.484,-1.897
-1.726,1.039
-1.644,0.767
-2.658,-2.392
0.311,-2.687
-1.367,-2.62
2.632,1.768
-0.991,2.044
-2.206,-1.951
-2.238,-0.511
-2.278,1.316
-2.396,-0.935
-2.25,-2.005
-2.405,-0.213
-2.499,-0.639
-2.51,1.219
-2.694,-2.19
-2.751,-0.558
-2.675,0.34
-2.693,1.504
-2.937,0.382
-3.101,0.44
-2.984,-2.236
-2.992,-0.865
-2.99,-0.867
-3.035,-1.452
-3.005,1.609
-3.1,-1.887
3.029,-0.212
2.993,-0.902
2.971,-0.682
3.033,-1.952
2.88,-0.488
2.956,0.146
2.942,-0.829
2.81,-0.424
2.69,0.513
2.431,-1.268
2.578,-0.568
2.366,1.485
2.339,-2.054
2.304,1.294
2.356,0.219
2.194,-0.501
2.19,-2.173
2.299,0.505
2.166,0.827
2.136,-0.032
2.135,-0.481
2.106,-1.25
2.201,-1.115
2.213,1.559
2.09,-0.767
2.168,-1.557
2.037,1.396
2.022,0.104
1.976,-1.559
1.994,-2.068
1.794,-2.106
1.736,-1.992
1.734,1.088
1.84,1.548
1.763,-0.217
1.746,-0.13
1.667,-0.348
1.693,-2.052
1.522,-0.779
1.482,1.424
1.343,-1.9
1.364,0.556
1.322,1.501
1.45,-1.519
1.149,-1.186
1.285,-2.165
1.148,-2.162
1.154,0.462
1.086,-0.185
1.083,-1.232
0.84,-1.237
0.994,1.498
0.824,0.627
0.813,1.684
0.944,-1.91
0.785,-0.717
0.757,-1.892
0.572,1.285
0.565,-1.105
0.586,-0.101
0.609,0.507
0.606,0.174
0.443,-0.113
0.533,-0.258
0.408,-1.113
0.425,0.536
0.209,1.182
0.135,1.69
0.193,1.465
0.052,-1.747
0.096,1.209
-0.083,-1.972
-0.25,0.14
-0.325,0.82
-0.338,-2.126
-0.306,-2.012
-0.305,1.712
-0.363,-0.121
-0.53,0.407
-0.56,-2.074
-0.694,-0.981
-0.883,-0.393
-0.857,-2.3
-0.917,-2.3
-0.811,0.254
-0.844,-0.312
-0.829,0.379
-1.373,-1.333
-1.381,-1.108
-1.528,-0.112
-1.504,-1.278
-1.622,-1.192
-1.53,0.473
-1.682,-0.247
-1.571,-0.586
-1.571,0.314
-1.709,-0.823
-1.638,-0.491
-1.837,0.493
-1.723,-1.927
-1.94,-2.133
-2.597,-2.3
-2.48,-2.341
-2.683,-2.246
3.141,-2.579
-3.114,-2.65
2.906,-2.498
2.986,-2.301
2.874,-2.338
2.192,-2.509
2.258,-2.257
2.284,-2.375
1.947,-2.368
1.785,-2.607
0.978,-2.468
0.983,-2.677
0.72,-2.451
0.714,-2.472
-1.41,-2.565
-1.895,-2.396
-1.95,1.849
-2.125,2.08
-2.924,2.135
3.051,1.912
2.392,1.815
2.192,1.773
1.188,1.901
1.17,1.809
1.053,1.817
0.628,1.944
0.225,1.813
-0.449,1.988
-0.906,1.842
-1.168,1.826
-2.839,-0.145
3.06,-0.144
2.215,-0.769
0.149,-0.144
-0.033,0.472
-0.753,1.222
-1.022,1.435
-1.614,-1.678
0.425,0.165
-0.262,0.528
-1.144,0.46
-1.161,1.344
-1.157,0.778
-1.221,1.345
-1.212,-0.222
-1.24,1.185
-1.324,0.57
-1.362,0.603
-1.442,-0.079
-1.474,1.143
-1.398,1.252
-1.53,0.345
-1.622,-0.088
2.741,-1.039
1.45,0.09
-1.204,-1.435
-1.63,0.022
-1.886,0.079
2.671,-2.27
2.553,-2.14
1.108,-2.023
2.121,1.664
2.74,-2.209
2.141,-2.385
-0.086,2.03
-0.129,0.605
-0.111,-0.398
-0.225,1.047
-0.225,-0.92
-0.294,0.143
-0.361,2.071
-0.446,2.307
-0.549,0.42
-0.54,-0.879
-0.557,0.858
-0.646,-0.425
-0.705,-0.155
-0.743,-0.871
-0.766,-0.227
-0.692,0.591
-0.705,0.508
-0.801,1.462
-0.763,0.07
-0.832,1.441
-0.867,0.651
-0.862,1.647
-0.922,0.36
-0.872,2.068
-0.874,-1.48
-0.968,0.323
-0.92,1.809
-0.934,-0.315
-0.908,1.978
-0.982,1.725
-0.975,0.277
-0.987,1.583
-0.971,0.235
-1.038,1.58
-0.981,0.373
-1.089,2.311
-1.024,0.336
-1.024,-1.455
-1.09,1.619
-1.13,1.058
-1.168,-0.325
-1.117,1.808
-1.12,1.283
-1.123,-0.138
-1.234,0.516
-1.175,-0.088
-1.166,-0.173
-1.262,-0.39
-1.296,-0.54
-1.455,-0.307
-1.398,0.431
-1.465,-0.126
-1.551,-0.811
-1.67,0.706
-1.7,1.363
-1.688,0.522
-1.717,2.334
-1.693,1.401
-1.748,1.79
-1.769,2.249
-1.825,-1.515
-1.761,0.999
-1.81,2.304
-1.845,1.695
-1.879,-0.781
-2.001,1.303
-1.942,2.145
-1.968,1.727
-2.044,-0.918
-3.003,-1.564
2.601,-1.529
2.574,-1.589
2.151,-1.849
2.105,-1.658
1.823,-1.954
1.819,-1.852
1.666,-1.577
1.403,-1.604
0.924,-1.863
0.922,-1.6
0.57,-2.034
0.541,-1.803
0.3,-1.778
-0.126,-1.963
-0.293,-1.704
-0.855,-1.682
-0.94,-1.614
-1.526,-1.636
-1.502,-1.701
-1.946,-1.511
-2.197,2.485
-2.441,2.697
-2.684,2.469
2.763,2.656
2.498,2.617
2.301,2.597
2.229,2.525
2.107,2.759
1.895,2.803
1.731,2.588
1.699,2.489
1.352,2.81
-0.586,2.738
-0.537,2.58
-0.707,2.788
-0.735,2.784
-0.814,2.762
-1.011,2.445
-1.546,2.749
-1.789,2.859
-1.929,2.531
2.44,-1.325
1.884,2.19
1.554,-1.097
1.108,2.349
-0.772,2.079
-0.768,-0.02
-0.817,2.232
-1.527,-1.197
-1.769,1.739
-1.687,1.467
-2.701,-1.692
0.268,-1.987
-1.41,-1.92
2.589,2.468
-1.034,2.744
-2.249,-1.251
-2.281,0.189
-2.321,2.016
-2.439,-0.235
-2.293,-1.305
-2.448,0.487
-2.542,0.061
-2.553,1.919
-2.737,-1.49
-2.794,0.142
-2.718,1.04
-2.736,2.204
-2.98,1.082
3.139,1.14
-3.027,-1.536
-3.035,-0.165
-3.033,-0.167
-3.078,-0.752
-3.048,2.309
3.14,-1.187
2.986,0.488
2.95,-0.202
2.928,0.018
2.99,-1.252
2.837,0.212
2.913,0.846
2.899,-0.129
2.767,0.276
2.647,1.213
2.388,-0.568
2.535,0.132
2.323,2.185
2.296,-1.354
2.261,1.994
2.313,0.919
2.151,0.199
2.147,-1.473
2.256,1.205
2.123,1.527
2.093,0.668
2.092,0.219
2.063,-0.55
2.158,-0.415
2.17,2.259
2.047,-0.067
2.125,-0.857
1.994,2.096
1.979,0.804
1.933,-0.859
1.951,-1.368
1.751,-1.406
1.693,-1.292
1.691,1.788
1.797,2.248
1.72,0.483
1.703,0.57
1.624,0.352
1.65,-1.352
1.479,-0.079
1.439,2.124
1.3,-1.2
1.321,1.256
1.279,2.201
1.407,-0.819
1.106,-0.486
1.242,-1.465
1.105,-1.462
1.111,1.162
1.043,0.515
1.04,-0.532
0.797,-0.537
0.951,2.198
0.781,1.327
0.77,2.384
0.901,-1.21
0.742,-0.017
0.714,-1.192
0.529,1.985
0.522,-0.405
0.543,0.599
0.566,1.207
0.563,0.874
0.4,0.587
0.49,0.442
0.365,-0.413
0.382,1.236
0.166,1.882
0.092,2.39
0.15,2.165
0.009,-1.047
0.053,1.909
-0.126,-1.272
-0.293,0.84
-0.368,1.52
-0.381,-1.426
-0.349,-1.312
-0.348,2.412
-0.406,0.579
-0.573,1.107
-0.603,-1.374
-0.737,-0.281
-0.926,0.307
-0.9,-1.6
-0.96,-1.6
-0.854,0.954
-0.887,0.388
-0.872,1.079
-1.416,-0.633
-1.424,-0.408
-1.571,0.588
-1.547,-0.578
-1.665,-0.492
-1.573,1.173
-1.725,0.453
-1.614,0.114
-1.614,1.014
-1.752,-0.123
-1.681,0.209
-1.88,1.193
-1.766,-1.227
-1.983,-1.433
-2.64,-1.6
-2.523,-1.641
-2.726,-1.546
3.098,-1.879
3.126,-1.95
2.863,-1.798
2.943,-1.601
2.831,-1.638
2.149,-1.809
2.215,-1.557
2.241,-1.675
1.904,-1.668
1.742,-1.907
0.935,-1.768
0.94,-1.977
0.677,-1.751
0.671,-1.772
-1.453,-1.865
-1.938,-1.696
-1.993,2.549
-2.168,2.78
-2.967,2.835
3.008,2.612
2.349,2.515
2.149,2.473
1.145,2.601
1.127,2.509
1.01,2.517
0.585,2.644
0.182,2.513
-0.492,2.688
-0.949,2.542
-1.211,2.526
-2.882,0.555
3.017,0.556
2.172,-0.069
0.106,0.556
-0.076,1.172
-0.796,1.922
-1.065,2.135
-1.657,-0.978
0.382,0.865
-0.305,1.228
-1.187,1.16
-1.204,2.044
-1.2,1.478
-1.264,2.045
-1.255,0.478
-1.283,1.885
-1.367,1.27
-1.405,1.303
-1.485,0.621
-1.517,1.843
-1.441,1.952
-1.573,1.045
-1.665,0.612
2.698,-0.339
1.407,0.79
-1.247,-0.735
-1.673,0.722
-1.929,0.779
2.628,-1.57
2.51,-1.44
1.065,-1.323
2.078,2.364
2.697,-1.509
2.098,-1.685
-0.043,-1.425
-0.025,-2.428
-0.139,-0.983
-0.139,-2.95
-0.208,-1.887
-0.275,0.041
-0.36,0.277
-0.463,-1.61
-0.454,-2.909
-0.471,-1.172
-0.56,-2.455
-0.619,-2.185
-0.657,-2.901
-0.68,-2.257
-0.606,-1.439
-0.619,-1.522
-0.715,-0.568
-0.677,-1.96
-0.746,-0.589
-0.781,-1.379
-0.776,-0.383
-0.836,-1.67
-0.786,0.038
-0.788,-3.51
-0.882,-1.707
-0.834,-0.221
-0.848,-2.345
-0.822,-0.052
-0.896,-0.305
-0.889,-1.753
-0.901,-0.447
-0.885,-1.795
-0.952,-0.45
-0.895,-1.657
-1.003,0.281
-0.938,-1.694
-0.938,-3.485
-1.004,-0.411
-1.044,-0.972
-1.082,-2.355
-1.031,-0.222
-1.034,-0.747
-1.037,-2.168
-1.148,-1.514
-1.089,-2.118
-1.08,-2.203
-1.176,-2.42
-1.21,-2.57
-1.369,-2.337
-1.312,-1.599
-1.379,-2.156
-1.465,-2.841
-1.584,-1.324
-1.614,-0.667
-1.602,-1.508
-1.631,0.304
-1.607,-0.629
-1.662,-0.24
-1.683,0.219
-1.739,-3.545
-1.675,-1.031
-1.724,0.274
-1.759,-0.335
-1.793,-2.811
-1.915,-0.727
-1.856,0.115
-1.882,-0.303
-1.958,-2.948
-2.917,-3.594
2.687,-3.559
2.66,-3.619
2.237,-3.879
2.191,-3.688
1.909,-3.984
1.905,-3.882
1.752,-3.607
1.489,-3.634
1.01,-3.893
1.008,-3.63
0.656,-4.064
0.627,-3.833
0.386,-3.808
-0.04,-3.993
-0.207,-3.734
-0.769,-3.712
-0.854,-3.644
-1.44,-3.666
-1.416,-3.731
-1.86,-3.541
-2.111,0.455
-2.355,0.667
-2.598,0.439
2.849,0.626
2.584,0.587
2.387,0.567
2.315,0.495
2.193,0.729
1.981,0.773
1.817,0.558
1.785,0.459
1.438,0.78
-0.5,0.708
-0.451,0.55
-0.621,0.758
-0.649,0.754
-0.728,0.732
-0.925,0.415
-1.46,0.719
-1.703,0.829
-1.843,0.501
2.526,-3.355
1.97,0.16
1.64,-3.127
1.194,0.319
-0.686,0.049
-0.682,-2.05
-0.731,0.202
-1.441,-3.227
-1.683,-0.291
-1.601,-0.563
-2.615,-3.722
0.354,-4.017
-1.324,-3.95
2.675,0.438
-0.948,0.714
-2.163,-3.281
-2.195,-1.841
-2.235,-0.014
-2.353,-2.265
-2.207,-3.335
-2.362,-1.543
-2.456,-1.969
-2.467,-0.111
-2.651,-3.52
-2.708,-1.888
-2.632,-0.99
-2.65,0.174
-2.894,-0.948
-3.058,-0.89
-2.941,-3.566
-2.949,-2.195
-2.947,-2.197
-2.992,-2.782
-2.962,0.279
-3.057,-3.217
3.072,-1.542
3.036,-2.232
3.014,-2.012
3.076,-3.282
2.923,-1.818
2.999,-1.184
2.985,-2.159
2.853,-1.754
2.733,-0.817
2.474,-2.598
2.621,-1.898
2.409,0.155
2.382,-3.384
2.347,-0.036
2.399,-1.111
2.237,-1.831
2.233,-3.503
2.342,-0.825
2.209,-0.503
2.179,-1.362
2.178,-1.811
2.149,-2.58
2.244,-2.445
2.256,0.229
2.133,-2.097
2.211,-2.887
2.08,0.066
2.065,-1.226
2.019,-2.889
2.037,-3.398
1.837,-3.436
1.779,-3.322
1.777,-0.242
1.883,0.218
1.806,-1.547
1.789,-1.46
1.71,-1.678
1.736,-3.382
1.565,-2.109
1.525,0.094
1.386,-3.23
1.407,-0.774
1.365,0.171
1.493,-2.849
1.192,-2.516
1.328,-3.495
1.191,-3.492
1.197,-0.868
1.129,-1.515
1.126,-2.562
0.883,-2.567
1.037,0.168
0.867,-0.703
0.856,0.354
0.987,-3.24
0.828,-2.047
0.8,-3.222
0.615,-0.045
0.608,-2.435
0.629,-1.431
0.652,-0.823
0.649,-1.156
0.486,-1.443
0.576,-1.588
0.451,-2.443
0.468,-0.794
0.252,-0.148
0.178,0.36
0.236,0.135
0.095,-3.077
0.139,-0.121
-0.04,-3.302
-0.207,-1.19
-0.282,-0.51
-0.295,-3.456
-0.263,-3.342
-0.262,0.382
-0.32,-1.451
-0.487,-0.923
-0.517,-3.404
-0.651,-2.311
-0.84,-1.723
-0.814,-3.63
-0.874,-3.63
-0.768,-1.076
-0.801,-1.642
-0.786,-0.951
-1.33,-2.663
-1.338,-2.438
-1.485,-1.442
-1.461,-2.608
-1.579,-2.522
-1.487,-0.857
-1.639,-1.577
-1.528,-1.916
-1.528,-1.016
-1.666,-2.153
-1.595,-1.821
-1.794,-0.837
-1.68,-3.257
-1.897,-3.463
-2.554,-3.63
-2.437,-3.671
-2.64,-3.576
-3.099,-3.909
-3.071,-3.98
2.949,-3.828
3.029,-3.631
2.917,-3.668
2.235,-3.839
2.301,-3.587
2.327,-3.705
1.99,-3.698
1.828,-3.937
1.021,-3.798
1.026,-4.007
0.763,-3.781
0.757,-3.802
-1.367,-3.895
-1.852,-3.726
-1.907,0.519
-2.082,0.75
-2.881,0.805
3.094,0.582
2.435,0.485
2.235,0.443
1.231,0.571
1.213,0.479
1.096,0.487
0.671,0.614
0.268,0.483
-0.406,0.658
-0.863,0.512
-1.125,0.496
-2.796,-1.475
3.103,-1.474
2.258,-2.099
0.192,-1.474
0.01,-0.858
-0.71,-0.108
-0.979,0.105
-1.571,-3.008
0.468,-1.165
-0.219,-0.802
-1.101,-0.87
-1.118,0.014
-1.114,-0.552
-1.178,0.015
-1.169,-1.552
-1.197,-0.145
-1.281,-0.76
-1.319,-0.727
-1.399,-1.409
-1.431,-0.187
-1.355,-0.078
-1.487,-0.985
-1.579,-1.418
2.784,-2.369
1.493,-1.24
-1.161,-2.765
-1.587,-1.308
-1.843,-1.251
2.714,-3.6
2.596,-3.47
1.151,-3.353
2.164,0.334
2.783,-3.539
2.184,-3.715
0.018,-1.003
-0.096,0.442
-0.096,-1.525
-0.165,-0.462
-0.232,1.466
-0.317,1.702
-0.42,-0.185
-0.411,-1.484
-0.428,0.253
-0.517,-1.03
-0.576,-0.76
-0.614,-1.476
-0.637,-0.832
-0.563,-0.014
-0.576,-0.097
-0.672,0.857
-0.634,-0.535
-0.703,0.836
-0.738,0.046
-0.733,1.042
-0.793,-0.245
-0.743,1.463
-0.745,-2.085
-0.839,-0.282
-0.791,1.204
-0.805,-0.92
-0.779,1.373
-0.853,1.12
-0.846,-0.328
-0.858,0.978
-0.842,-0.37
-0.909,0.975
-0.852,-0.232
-0.96,1.706
-0.895,-0.269
-0.895,-2.06
-0.961,1.014
-1.001,0.453
-1.039,-0.93
-0.988,1.203
-0.991,0.678
-0.994,-0.743
-1.105,-0.089
-1.046,-0.693
-1.037,-0.778
-1.133,-0.995
-1.167,-1.145
-1.326,-0.912
-1.269,-0.174
-1.336,-0.731
-1.422,-1.416
-1.541,0.101
-1.571,0.758
-1.559,-0.083
-1.588,1.729
-1.564,0.796
-1.619,1.185
-1.64,1.644
-1.696,-2.12
-1.632,0.394
-1.681,1.699
-1.716,1.09
-1.75,-1.386
-1.872,0.698
-1.813,1.54
-1.839,1.122
-1.915,-1.523
-2.874,-2.169
2.73,-2.134
2.703,-2.194
2.28,-2.454
2.234,-2.263
1.952,-2.559
1.948,-2.457
1.795,-2.182
1.532,-2.209
1.053,-2.468
1.051,-2.205
0.699,-2.639
0.67,-2.408
0.429,-2.383
0.003,-2.568
-0.164,-2.309
-0.726,-2.287
-0.811,-2.219
-1.397,-2.241
-1.373,-2.306
-1.817,-2.116
-2.068,1.88
-2.312,2.092
-2.555,1.864
2.892,2.051
2.627,2.012
2.43,1.992
2.358,1.92
2.236,2.154
2.024,2.198
1.86,1.983
1.828,1.884
1.481,2.205
-0.457,2.133
-0.408,1.975
-0.578,2.183
-0.606,2.179
-0.685,2.157
-0.882,1.84
-1.417,2.144
-1.66,2.254
-1.8,1.926
2.569,-1.93
2.013,1.585
1.683,-1.702
1.237,1.744
-0.643,1.474
-0.639,-0.625
-0.688,1.627
-1.398,-1.802
-1.64,1.134
-1.558,0.862
-2.572,-2.297
0.397,-2.592
-1.281,-2.525
2.718,1.863
-0.905,2.139
-2.12,-1.856
-2.152,-0.416
-2.192,1.411
-2.31,-0.84
-2.164,-1.91
-2.319,-0.118
-2.413,-0.544
-2.424,1.314
-2.608,-2.095
-2.665,-0.463
-2.589,0.435
-2.607,1.599
-2.851,0.477
-3.015,0.535
-2.898,-2.141
-2.906,-0.77
-2.904,-0.772
-2.949,-1.357
-2.919,1.704
-3.014,-1.792
3.115,-0.117
3.079,-0.807
3.057,-0.587
3.119,-1.857
2.966,-0.393
3.042,0.241
3.028,-0.734
2.896,-0.329
2.776,0.608
2.517,-1.173
2.664,-0.473
2.452,1.58
2.425,-1.959
2.39,1.389
2.442,0.314
2.28,-0.406
2.276,-2.078
2.385,0.6
2.252,0.922
2.222,0.063
2.221,-0.386
2.192,-1.155
2.287,-1.02
2.299,1.654
2.176,-0.672
2.254,-1.462
2.123,1.491
2.108,0.199
2.062,-1.464
2.08,-1.973
1.88,-2.011
1.822,-1.897
1.82,1.183
1.926,1.643
1.849,-0.122
1.832,-0.035
1.753,-0.253
1.779,-1.957
1.608,-0.684
1.568,1.519
1.429,-1.805
1.45,0.651
1.408,1.596
1.536,-1.424
1.235,-1.091
1.371,-2.07
1.234,-2.067
1.24,0.557
1.172,-0.09
1.169,-1.137
0.926,-1.142
1.08,1.593
0.91,0.722
0.899,1.779
1.03,-1.815
0.871,-0.622
0.843,-1.797
0.658,1.38
0.651,-1.01
0.672,-0.006
0.695,0.602
0.692,0.269
0.529,-0.018
0.619,-0.163
0.494,-1.018
0.511,0.631
0.295,1.277
0.221,1.785
0.279,1.56
0.138,-1.652
0.182,1.304
0.003,-1.877
-0.164,0.235
-0.239,0.915
-0.252,-2.031
-0.22,-1.917
-0.219,1.807
-0.277,-0.026
-0.444,0.502
-0.474,-1.979
-0.608,-0.886
-0.797,-0.298
-0.771,-2.205
-0.831,-2.205
-0.725,0.349
-0.758,-0.217
-0.743,0.474
-1.287,-1.238
-1.295,-1.013
-1.442,-0.017
-1.418,-1.183
-1.536,-1.097
-1.444,0.568
-1.596,-0.152
-1.485,-0.491
-1.485,0.409
-1.623,-0.728
-1.552,-0.396
-1.751,0.588
-1.637,-1.832
-1.854,-2.038
-2.511,-2.205
-2.394,-2.246
-2.597,-2.151
-3.056,-2.484
-3.028,-2.555
2.992,-2.403
3.072,-2.206
2.96,-2.243
2.278,-2.414
2.344,-2.162
2.37,-2.28
2.033,-2.273
1.871,-2.512
1.064,-2.373
1.069,-2.582
0.806,-2.356
0.8,-2.377
-1.324,-2.47
-1.809,-2.301
-1.864,1.944
-2.039,2.175
-2.838,2.23
3.137,2.007
2.478,1.91
2.278,1.868
1.274,1.996
1.256,1.904
1.139,1.912
0.714,2.039
0.311,1.908
-0.363,2.083
-0.82,1.937
-1.082,1.921
-2.753,-0.05
-3.137,-0.049
2.301,-0.674
0.235,-0.049
0.053,0.567
-0.667,1.317
-0.936,1.53
-1.528,-1.583
0.511,0.26
-0.176,0.623
-1.058,0.555
-1.075,1.439
-1.071,0.873
-1.135,1.44
-1.126,-0.127
-1.154,1.28
-1.238,0.665
-1.276,0.698
-1.356,0.016
-1.388,1.238
-1.312,1.347
-1.444,0.44
-1.536,0.007
2.827,-0.944
1.536,0.185
-1.118,-1.34
-1.544,0.117
-1.8,0.174
2.757,-2.175
2.639,-2.045
1.194,-1.928
2.207,1.759
2.826,-2.114
2.227,-2.29
-0.114,1.445
-0.114,-0.522
-0.183,0.541
-0.25,2.469
-0.335,2.705
-0.438,0.818
-0.429,-0.481
-0.446,1.256
-0.535,-0.027
-0.594,0.243
-0.632,-0.473
-0.655,0.171
-0.581,0.989
-0.594,0.906
-0.69,1.86
-0.652,0.468
-0.721,1.839
-0.756,1.049
-0.751,2.045
-0.811,0.758
-0.761,2.466
-0.763,-1.082
-0.857,0.721
-0.809,2.207
-0.823,0.083
-0.797,2.376
-0.871,2.123
-0.864,0.675
-0.876,1.981
-0.86,0.633
-0.927,1.978
-0.87,0.771
-0.978,2.709
-0.913,0.734
-0.913,-1.057
-0.979,2.017
-1.019,1.456
-1.057,0.073
-1.006,2.206
-1.009,1.681
-1.012,0.26
-1.123,0.914
-1.064,0.31
-1.055,0.225
-1.151,0.008
-1.185,-0.142
-1.344,0.091
-1.287,0.829
-1.354,0.272
-1.44,-0.413
-1.559,1.104
-1.589,1.761
-1.577,0.92
-1.606,2.732
-1.582,1.799
-1.637,2.188
-1.658,2.647
-1.714,-1.117
-1.65,1.397
-1.699,2.702
-1.734,2.093
-1.768,-0.383
-1.89,1.701
-1.831,2.543
-1.857,2.125
-1.933,-0.52
-2.892,-1.166
2.712,-1.131
2.685,-1.191
2.262,-1.451
2.216,-1.26
1.934,-1.556
1.93,-1.454
1.777,-1.179
1.514,-1.206
1.035,-1.465
1.033,-1.202
0.681,-1.636
0.652,-1.405
0.411,-1.38
-0.015,-1.565
-0.182,-1.306
-0.744,-1.284
-0.829,-1.216
-1.415,-1.238
-1.391,-1.303
-1.835,-1.113
-2.086,2.883
-2.33,3.095
-2.573,2.867
2.874,3.054
2.609,3.015
2.412,2.995
2.34,2.923
2.218,3.157
2.006,3.201
1.842,2.986
1.81,2.887
1.463,3.208
-0.475,3.136
-0.426,2.978
-0.596,3.186
-0.624,3.182
-0.703,3.16
-0.9,2.843
-1.435,3.147
-1.678,3.257
-1.818,2.929
2.551,-0.927
1.995,2.588
1.665,-0.699
1.219,2.747
-0.661,2.477
-0.657,0.378
-0.706,2.63
-1.416,-0.799
-1.658,2.137
-1.576,1.865
-2.59,-1.294
0.379,-1.589
-1.299,-1.522
2.7,2.866
-0.923,3.142
-2.138,-0.853
-2.17,0.587
-2.21,2.414
-2.328,0.163
-2.182,-0.907
-2.337,0.885
-2.431,0.459
-2.442,2.317
-2.626,-1.092
-2.683,0.54
-2.607,1.438
-2.625,2.602
-2.869,1.48
-3.033,1.538
-2.916,-1.138
-2.924,0.233
-2.922,0.231
-2.967,-0.354
-2.937,2.707
-3.032,-0.789
3.097,0.886
3.061,0.196
3.039,0.416
3.101,-0.854
2.948,0.61
3.024,1.244
3.01,0.269
2.878,0.674
2.758,1.611
2.499,-0.17
2.646,0.53
2.434,2.583
2.407,-0.956
2.372,2.392
2.424,1.317
2.262,0.597
2.258,-1.075
2.367,1.603
2.234,1.925
2.204,1.066
2.203,0.617
2.174,-0.152
2.269,-0.017
2.281,2.657
2.158,0.331
2.236,-0.459
2.105,2.494
2.09,1.202
2.044,-0.461
2.062,-0.97
1.862,-1.008
1.804,-0.894
1.802,2.186
1.908,2.646
1.831,0.881
1.814,0.968
1.735,0.75
1.761,-0.954
1.59,0.319
1.55,2.522
1.411,-0.802
1.432,1.654
1.39,2.599
1.518,-0.421
1.217,-0.088
1.353,-1.067
1.216,-1.064
1.222,1.56
1.154,0.913
1.151,-0.134
0.908,-0.139
1.062,2.596
0.892,1.725
0.881,2.782
1.012,-0.812
0.853,0.381
0.825,-0.794
0.64,2.383
0.633,-0.007
0.654,0.997
0.677,1.605
0.674,1.272
0.511,0.985
0.601,0.84
0.476,-0.015
0.493,1.634
0.277,2.28
0.203,2.788
0.261,2.563
0.12,-0.649
0.164,2.307
-0.015,-0.874
-0.182,1.238
-0.257,1.918
-0.27,-1.028
-0.238,-0.914
-0.237,2.81
-0.295,0.977
-0.462,1.505
-0.492,-0.976
-0.626,0.117
-0.815,0.705
-0.789,-1.202
-0.849,-1.202
-0.743,1.352
-0.776,0.786
-0.761,1.477
-1.305,-0.235
-1.313,-0.01
-1.46,0.986
-1.436,-0.18
-1.554,-0.094
-1.462,1.571
-1.614,0.851
-1.503,0.512
-1.503,1.412
-1.641,0.275
-1.57,0.607
-1.769,1.591
-1.655,-0.829
-1.872,-1.035
-2.529,-1.202
-2.412,-1.243
-2.615,-1.148
-3.074,-1.481
-3.046,-1.552
2.974,-1.4
3.054,-1.203
2.942,-1.24
2.26,-1.411
2.326,-1.159
2.352,-1.277
2.015,-1.27
1.853,-1.509
1.046,-1.37
1.051,-1.579
0.788,-1.353
0.782,-1.374
-1.342,-1.467
-1.827,-1.298
-1.882,2.947
-2.057,3.178
-2.856,3.233
3.119,3.01
2.46,2.913
2.26,2.871
1.256,2.999
1.238,2.907
1.121,2.915
0.696,3.042
0.293,2.911
-0.381,3.086
-0.838,2.94
-1.1,2.924
-2.771,0.953
3.128,0.954
2.283,0.329
0.217,0.954
0.035,1.57
-0.685,2.32
-0.954,2.533
-1.546,-0.58
0.493,1.263
-0.194,1.626
-1.076,1.558
-1.093,2.442
-1.089,1.876
-1.153,2.443
-1.144,0.876
-1.172,2.283
-1.256,1.668
-1.294,1.701
-1.374,1.019
-1.406,2.241
-1.33,2.35
-1.462,1.443
-1.554,1.01
2.809,0.059
1.518,1.188
-1.136,-0.337
-1.562,1.12
-1.818,1.177
2.739,-1.172
2.621,-1.042
1.176,-0.925
2.189,2.762
2.808,-1.111
2.209,-1.287
0.0,-1.967
-0.069,-0.904
-0.136,1.024
-0.221,1.26
-0.324,-0.627
-0.315,-1.926
-0.332,-0.189
-0.421,-1.472
-0.48,-1.202
-0.518,-1.918
-0.541,-1.274
-0.467,-0.456
-0.48,-0.539
-0.576,0.415
-0.538,-0.977
-0.607,0.394
-0.642,-0.396
-0.637,0.6
-0.697,-0.687
-0.647,1.021
-0.649,-2.527
-0.743,-0.724
-0.695,0.762
-0.709,-1.362
-0.683,0.931
-0.757,0.678
-0.75,-0.77
-0.762,0.536
-0.746,-0.812
-0.813,0.533
-0.756,-0.674
-0.864,1.264
-0.799,-0.711
-0.799,-2.502
-0.865,0.572
-0.905,0.011
-0.943,-1.372
-0.892,0.761
-0.895,0.236
-0.898,-1.185
-1.009,-0.531
-0.95,-1.135
-0.941,-1.22
-1.037,-1.437
-1.071,-1.587
-1.23,-1.354
-1.173,-0.616
-1.24,-1.173
-1.326,-1.858
-1.445,-0.341
-1.475,0.316
-1.463,-0.525
-1.492,1.287
-1.468,0.354
-1.523,0.743
-1.544,1.202
-1.6,-2.562
-1.536,-0.048
-1.585,1.257
-1.62,0.648
-1.654,-1.828
-1.776,0.256
-1.717,1.098
-1.743,0.68
-1.819,-1.965
-2.778,-2.611
2.826,-2.576
2.799,-2.636
2.376,-2.896
2.33,-2.705
2.048,-3.001
2.044,-2.899
1.891,-2.624
1.628,-2.651
1.149,-2.91
1.147,-2.647
0.795,-3.081
0.766,-2.85
0.525,-2.825
0.099,-3.01
-0.068,-2.751
-0.63,-2.729
-0.715,-2.661
-1.301,-2.683
-1.277,-2.748
-1.721,-2.558
-1.972,1.438
-2.216,1.65
-2.459,1.422
2.988,1.609
2.723,1.57
2.526,1.55
2.454,1.478
2.332,1.712
2.12,1.756
1.956,1.541
1.924,1.442
1.577,1.763
-0.361,1.691
-0.312,1.533
-0.482,1.741
-0.51,1.737
-0.589,1.715
-0.786,1.398
-1.321,1.702
-1.564,1.812
-1.704,1.484
2.665,-2.372
2.109,1.143
1.779,-2.144
1.333,1.302
-0.547,1.032
-0.543,-1.067
-0.592,1.185
-1.302,-2.244
-1.544,0.692
-1.462,0.42
-2.476,-2.739
0.493,-3.034
-1.185,-2.967
2.814,1.421
-0.809,1.697
-2.024,-2.298
-2.056,-0.858
-2.096,0.969
-2.214,-1.282
-2.068,-2.352
-2.223,-0.56
-2.317,-0.986
-2.328,0.872
-2.512,-2.537
-2.569,-0.905
-2.493,-0.007
-2.511,1.157
-2.755,0.035
-2.919,0.093
-2.802,-2.583
-2.81,-1.212
-2.808,-1.214
-2.853,-1.799
-2.823,1.262
-2.918,-2.234
-3.072,-0.559
-3.108,-1.249
-3.13,-1.029
-3.068,-2.299
3.062,-0.835
3.138,-0.201
3.124,-1.176
2.992,-0.771
2.872,0.166
2.613,-1.615
2.76,-0.915
2.548,1.138
2.521,-2.401
2.486,0.947
2.538,-0.128
2.376,-0.848
2.372,-2.52
2.481,0.158
2.348,0.48
2.318,-0.379
2.317,-0.828
2.288,-1.597
2.383,-1.462
2.395,1.212
2.272,-1.114
2.35,-1.904
2.219,1.049
2.204,-0.243
2.158,-1.906
2.176,-2.415
1.976,-2.453
1.918,-2.339
1.916,0.741
2.022,1.201
1.945,-0.564
1.928,-0.477
1.849,-0.695
1.875,-2.399
1.704,-1.126
1.664,1.077
1.525,-2.247
1.546,0.209
1.504,1.154
1.632,-1.866
1.331,-1.533
1.467,-2.512
1.33,-2.509
1.336,0.115
1.268,-0.532
1.265,-1.579
1.022,-1.584
1.176,1.151
1.006,0.28
0.995,1.337
1.126,-2.257
0.967,-1.064
0.939,-2.239
0.754,0.938
0.747,-1.452
0.768,-0.448
0.791,0.16
0.788,-0.173
0.625,-0.46
0.715,-0.605
0.59,-1.46
0.607,0.189
0.391,0.835
0.317,1.343
0.375,1.118
0.234,-2.094
0.278,0.862
0.099,-2.319
-0.068,-0.207
-0.143,0.473
-0.156,-2.473
-0.124,-2.359
-0.123,1.365
-0.181,-0.468
-0.348,0.06
-0.378,-2.421
-0.512,-1.328
-0.701,-0.74
-0.675,-2.647
-0.735,-2.647
-0.629,-0.093
-0.662,-0.659
-0.647,0.032
-1.191,-1.68
-1.199,-1.455
-1.346,-0.459
-1.322,-1.625
-1.44,-1.539
-1.348,0.126
-1.5,-0.594
-1.389,-0.933
-1.389,-0.033
-1.527,-1.17
-1.456,-0.838
-1.655,0.146
-1.541,-2.274
-1.758,-2.48
-2.415,-2.647
-2.298,-2.688
-2.501,-2.593
-2.96,-2.926
-2.932,-2.997
3.088,-2.845
-3.115,-2.648
3.056,-2.685
2.374,-2.856
2.44,-2.604
2.466,-2.722
2.129,-2.715
1.967,-2.954
1.16,-2.815
1.165,-3.024
0.902,-2.798
0.896,-2.819
-1.228,-2.912
-1.713,-2.743
-1.768,1.502
-1.943,1.733
-2.742,1.788
-3.05,1.565
2.574,1.468
2.374,1.426
1.37,1.554
1.352,1.462
1.235,1.47
0.81,1.597
0.407,1.466
-0.267,1.641
-0.724,1.495
-0.986,1.479
-2.657,-0.492
-3.041,-0.491
2.397,-1.116
0.331,-0.491
0.149,0.125
-0.571,0.875
-0.84,1.088
-1.432,-2.025
0.607,-0.182
-0.08,0.181
-0.962,0.113
-0.979,0.997
-0.975,0.431
-1.039,0.998
-1.03,-0.569
-1.058,0.838
-1.142,0.223
-1.18,0.256
-1.26,-0.426
-1.292,0.796
-1.216,0.905
-1.348,-0.002
-1.44,-0.435
2.923,-1.386
1.632,-0.257
-1.022,-1.782
-1.448,-0.325
-1.704,-0.268
2.853,-2.617
2.735,-2.487
1.29,-2.37
2.303,1.317
2.922,-2.556
2.323,-2.732
-0.069,1.063
-0.136,2.991
-0.221,3.227
-0.324,1.34
-0.315,0.041
-0.332,1.778
-0.421,0.495
-0.48,0.765
-0.518,0.049
-0.541,0.693
-0.467,1.511
-0.48,1.428
-0.576,2.382
-0.538,0.99
-0.607,2.361
-0.642,1.571
-0.637,2.567
-0.697,1.28
-0.647,2.988
-0.649,-0.56
-0.743,1.243
-0.695,2.729
-0.709,0.605
-0.683,2.898
-0.757,2.645
-0.75,1.197
-0.762,2.503
-0.746,1.155
-0.813,2.5
-0.756,1.293
-0.864,3.231
-0.799,1.256
-0.799,-0.535
-0.865,2.539
-0.905,1.978
-0.943,0.595
-0.892,2.728
-0.895,2.203
-0.898,0.782
-1.009,1.436
-0.95,0.832
-0.941,0.747
-1.037,0.53
-1.071,0.38
-1.23,0.613
-1.173,1.351
-1.24,0.794
-1.326,0.109
-1.445,1.626
-1.475,2.283
-1.463,1.442
-1.492,3.254
-1.468,2.321
-1.523,2.71
-1.544,3.169
-1.6,-0.595
-1.536,1.919
-1.585,3.224
-1.62,2.615
-1.654,0.139
-1.776,2.223
-1.717,3.065
-1.743,2.647
-1.819,0.002
-2.778,-0.644
2.826,-0.609
2.799,-0.669
2.376,-0.929
2.33,-0.738
2.048,-1.034
2.044,-0.932
1.891,-0.657
1.628,-0.684
1.149,-0.943
1.147,-0.68
0.795,-1.114
0.766,-0.883
0.525,-0.858
0.099,-1.043
-0.068,-0.784
-0.63,-0.762
-0.715,-0.694
-1.301,-0.716
-1.277,-0.781
-1.721,-0.591
-1.972,3.405
-2.216,3.617
-2.459,3.389
2.988,3.576
2.723,3.537
2.526,3.517
2.454,3.445
2.332,3.679
2.12,3.723
1.956,3.508
1.924,3.409
1.577,3.73
-0.361,3.658
-0.312,3.5
-0.482,3.708
-0.51,3.704
-0.589,3.682
-0.786,3.365
-1.321,3.669
-1.564,3.779
-1.704,3.451
2.665,-0.405
2.109,3.11
1.779,-0.177
1.333,3.269
-0.547,2.999
-0.543,0.9
-0.592,3.152
-1.302,-0.277
-1.544,2.659
-1.462,2.387
-2.476,-0.772
0.493,-1.067
-1.185,-1.0
2.814,3.388
-0.809,3.664
-2.024,-0.331
-2.056,1.109
-2.096,2.936
-2.214,0.685
-2.068,-0.385
-2.223,1.407
-2.317,0.981
-2.328,2.839
-2.512,-0.57
-2.569,1.062
-2.493,1.96
-2.511,3.124
-2.755,2.002
-2.919,2.06
-2.802,-0.616
-2.81,0.755
-2.808,0.753
-2.853,0.168
-2.823,3.229
-2.918,-0.267
-3.072,1.408
-3.108,0.718
-3.13,0.938
-3.068,-0.332
3.062,1.132
3.138,1.766
3.124,0.791
2.992,1.196
2.872,2.133
2.613,0.352
2.76,1.052
2.548,3.105
2.521,-0.434
2.486,2.914
2.538,1.839
2.376,1.119
2.372,-0.553
2.481,2.125
2.348,2.447
2.318,1.588
2.317,1.139
2.288,0.37
2.383,0.505
2.395,3.179
2.272,0.853
2.35,0.063
2.219,3.016
2.204,1.724
2.158,0.061
2.176,-0.448
1.976,-0.486
1.918,-0.372
1.916,2.708
2.022,3.168
1.945,1.403
1.928,1.49
1.849,1.272
1.875,-0.432
1.704,0.841
1.664,3.044
1.525,-0.28
1.546,2.176
1.504,3.121
1.632,0.101
1.331,0.434
1.467,-0.545
1.33,-0.542
1.336,2.082
1.268,1.435
1.265,0.388
1.022,0.383
1.176,3.118
1.006,2.247
0.995,3.304
1.126,-0.29
0.967,0.903
0.939,-0.272
0.754,2.905
0.747,0.515
0.768,1.519
0.791,2.127
0.788,1.794
0.625,1.507
0.715,1.362
0.59,0.507
0.607,2.156
0.391,2.802
0.317,3.31
0.375,3.085
0.234,-0.127
0.278,2.829
0.099,-0.352
-0.068,1.76
-0.143,2.44
-0.156,-0.506
-0.124,-0.392
-0.123,3.332
-0.181,1.499
-0.348,2.027
-0.378,-0.454
-0.512,0.639
-0.701,1.227
-0.675,-0.68
-0.735,-0.68
-0.629,1.874
-0.662,1.308
-0.647,1.999
-1.191,0.287
-1.199,0.512
-1.346,1.508
-1.322,0.342
-1.44,0.428
-1.348,2.093
-1.5,1.373
-1.389,1.034
-1.389,1.934
-1.527,0.797
-1.456,1.129
-1.655,2.113
-1.541,-0.307
-1.758,-0.513
-2.415,-0.68
-2.298,-0.721
-2.501,-0.626
-2.96,-0.959
-2.932,-1.03
3.088,-0.878
-3.115,-0.681
3.056,-0.718
2.374,-0.889
2.44,-0.637
2.466,-0.755
2.129,-0.748
1.967,-0.987
1.16,-0.848
1.165,-1.057
0.902,-0.831
0.896,-0.852
-1.228,-0.945
-1.713,-0.776
-1.768,3.469
-1.943,3.7
-2.742,3.755
-3.05,3.532
2.574,3.435
2.374,3.393
1.37,3.521
1.352,3.429
1.235,3.437
0.81,3.564
0.407,3.433
-0.267,3.608
-0.724,3.462
-0.986,3.446
-2.657,1.475
-3.041,1.476
2.397,0.851
0.331,1.476
0.149,2.092
-0.571,2.842
-0.84,3.055
-1.432,-0.058
0.607,1.785
-0.08,2.148
-0.962,2.08
-0.979,2.964
-0.975,2.398
-1.039,2.965
-1.03,1.398
-1.058,2.805
-1.142,2.19
-1.18,2.223
-1.26,1.541
-1.292,2.763
-1.216,2.872
-1.348,1.965
-1.44,1.532
2.923,0.581
1.632,1.71
-1.022,0.185
-1.448,1.642
-1.704,1.699
2.853,-0.65
2.735,-0.52
1.29,-0.403
2.303,3.284
2.922,-0.589
2.323,-0.765
-0.067,1.928
-0.152,2.164
-0.255,0.277
-0.246,-1.022
-0.263,0.715
-0.352,-0.568
-0.411,-0.298
-0.449,-1.014
-0.472,-0.37
-0.398,0.448
-0.411,0.365
-0.507,1.319
-0.469,-0.073
-0.538,1.298
-0.573,0.508
-0.568,1.504
-0.628,0.217
-0.578,1.925
-0.58,-1.623
-0.674,0.18
-0.626,1.666
-0.64,-0.458
-0.614,1.835
-0.688,1.582
-0.681,0.134
-0.693,1.44
-0.677,0.092
-0.744,1.437
-0.687,0.23
-0.795,2.168
-0.73,0.193
-0.73,-1.598
-0.796,1.476
-0.836,0.915
-0.874,-0.468
-0.823,1.665
-0.826,1.14
-0.829,-0.281
-0.94,0.373
-0.881,-0.231
-0.872,-0.316
-0.968,-0.533
-1.002,-0.683
-1.161,-0.45
-1.104,0.288
-1.171,-0.269
-1.257,-0.954
-1.376,0.563
-1.406,1.22
-1.394,0.379
-1.423,2.191
-1.399,1.258
-1.454,1.647
-1.475,2.106
-1.531,-1.658
-1.467,0.856
-1.516,2.161
-1.551,1.552
-1.585,-0.924
-1.707,1.16
-1.648,2.002
-1.674,1.584
-1.75,-1.061
-2.709,-1.707
2.895,-1.672
2.868,-1.732
2.445,-1.992
2.399,-1.801
2.117,-2.097
2.113,-1.995
1.96,-1.72
1.697,-1.747
1.218,-2.006
1.216,-1.743
0.864,-2.177
0.835,-1.946
0.594,-1.921
0.168,-2.106
0.001,-1.847
-0.561,-1.825
-0.646,-1.757
-1.232,-1.779
-1.208,-1.844
-1.652,-1.654
-1.903,2.342
-2.147,2.554
-2.39,2.326
3.057,2.513
2.792,2.474
2.595,2.454
2.523,2.382
2.401,2.616
2.189,2.66
2.025,2.445
1.993,2.346
1.646,2.667
-0.292,2.595
-0.243,2.437
-0.413,2.645
-0.441,2.641
-0.52,2.619
-0.717,2.302
-1.252,2.606
-1.495,2.716
-1.635,2.388
2.734,-1.468
2.178,2.047
1.848,-1.24
1.402,2.206
-0.478,1.936
-0.474,-0.163
-0.523,2.089
-1.233,-1.34
-1.475,1.596
-1.393,1.324
-2.407,-1.835
0.562,-2.13
-1.116,-2.063
2.883,2.325
-0.74,2.601
-1.955,-1.394
-1.987,0.046
-2.027,1.873
-2.145,-0.378
-1.999,-1.448
-2.154,0.344
-2.248,-0.082
-2.259,1.776
-2.443,-1.633
-2.5,-0.001
-2.424,0.897
-2.442,2.061
-2.686,0.939
-2.85,0.997
-2.733,-1.679
-2.741,-0.308
-2.739,-0.31
-2.784,-0.895
-2.754,2.166
-2.849,-1.33
-3.003,0.345
-3.039,-0.345
-3.061,-0.125
-2.999,-1.395
3.131,0.069
-3.076,0.703
-3.09,-0.272
3.061,0.133
2.941,1.07
2.682,-0.711
2.829,-0.011
2.617,2.042
2.59,-1.497
2.555,1.851
2.607,0.776
2.445,0.056
2.441,-1.616
2.55,1.062
2.417,1.384
2.387,0.525
2.386,0.076
2.357,-0.693
2.452,-0.558
2.464,2.116
2.341,-0.21
2.419,-1.0
2.288,1.953
2.273,0.661
2.227,-1.002
2.245,-1.511
2.045,-1.549
1.987,-1.435
1.985,1.645
2.091,2.105
2.014,0.34
1.997,0.427
1.918,0.209
1.944,-1.495
1.773,-0.222
1.733,1.981
1.594,-1.343
1.615,1.113
1.573,2.058
1.701,-0.962
1.4,-0.629
1.536,-1.608
1.399,-1.605
1.405,1.019
1.337,0.372
1.334,-0.675
1.091,-0.68
1.245,2.055
1.075,1.184
1.064,2.241
1.195,-1.353
1.036,-0.16
1.008,-1.335
0.823,1.842
0.816,-0.548
0.837,0.456
0.86,1.064
0.857,0.731
0.694,0.444
0.784,0.299
0.659,-0.556
0.676,1.093
0.46,1.739
0.386,2.247
0.444,2.022
0.303,-1.19
0.347,1.766
0.168,-1.415
0.001,0.697
-0.074,1.377
-0.087,-1.569
-0.055,-1.455
-0.054,2.269
-0.112,0.436
-0.279,0.964
-0.309,-1.517
-0.443,-0.424
-0.632,0.164
-0.606,-1.743
-0.666,-1.743
-0.56,0.811
-0.593,0.245
-0.578,0.936
-1.122,-0.776
-1.13,-0.551
-1.277,0.445
-1.253,-0.721
-1.371,-0.635
-1.279,1.03
-1.431,0.31
-1.32,-0.029
-1.32,0.871
-1.458,-0.266
-1.387,0.066
-1.586,1.05
-1.472,-1.37
-1.689,-1.576
-2.346,-1.743
-2.229,-1.784
-2.432,-1.689
-2.891,-2.022
-2.863,-2.093
-3.126,-1.941
-3.046,-1.744
3.125,-1.781
2.443,-1.952
2.509,-1.7
2.535,-1.818
2.198,-1.811
2.036,-2.05
1.229,-1.911
1.234,-2.12
0.971,-1.894
0.965,-1.915
-1.159,-2.008
-1.644,-1.839
-1.699,2.406
-1.874,2.637
-2.673,2.692
-2.981,2.469
2.643,2.372
2.443,2.33
1.439,2.458
1.421,2.366
1.304,2.374
0.879,2.501
0.476,2.37
-0.198,2.545
-0.655,2.399
-0.917,2.383
-2.588,0.412
-2.972,0.413
2.466,-0.212
0.4,0.413
0.218,1.029
-0.502,1.779
-0.771,1.992
-1.363,-1.121
0.676,0.722
-0.011,1.085
-0.893,1.017
-0.91,1.901
-0.906,1.335
-0.97,1.902
-0.961,0.335
-0.989,1.742
-1.073,1.127
-1.111,1.16
-1.191,0.478
-1.223,1.7
-1.147,1.809
-1.279,0.902
-1.371,0.469
2.992,-0.482
1.701,0.647
-0.953,-0.878
-1.379,0.579
-1.635,0.636
2.922,-1.713
2.804,-1.583
1.359,-1.466
2.372,2.221
2.991,-1.652
2.392,-1.828
-0.085,0.236
-0.188,-1.651
-0.179,-2.95
-0.196,-1.213
-0.285,-2.496
-0.344,-2.226
-0.382,-2.942
-0.405,-2.298
-0.331,-1.48
-0.344,-1.563
-0.44,-0.609
-0.402,-2.001
-0.471,-0.63
-0.506,-1.42
-0.501,-0.424
-0.561,-1.711
-0.511,-0.003
-0.513,-3.551
-0.607,-1.748
-0.559,-0.262
-0.573,-2.386
-0.547,-0.093
-0.621,-0.346
-0.614,-1.794
-0.626,-0.488
-0.61,-1.836
-0.677,-0.491
-0.62,-1.698
-0.728,0.24
-0.663,-1.735
-0.663,-3.526
-0.729,-0.452
-0.769,-1.013
-0.807,-2.396
-0.756,-0.263
-0.759,-0.788
-0.762,-2.209
-0.873,-1.555
-0.814,-2.159
-0.805,-2.244
-0.901,-2.461
-0.935,-2.611
-1.094,-2.378
-1.037,-1.64
-1.104,-2.197
-1.19,-2.882
-1.309,-1.365
-1.339,-0.708
-1.327,-1.549
-1.356,0.263
-1.332,-0.67
-1.387,-0.281
-1.408,0.178
-1.464,-3.586
-1.4,-1.072
-1.449,0.233
-1.484,-0.376
-1.518,-2.852
-1.64,-0.768
-1.581,0.074
-1.607,-0.344
-1.683,-2.989
-2.642,-3.635
2.962,-3.6
2.935,-3.66
2.512,-3.92
2.466,-3.729
2.184,-4.025
2.18,-3.923
2.027,-3.648
1.764,-3.675
1.285,-3.934
1.283,-3.671
0.931,-4.105
0.902,-3.874
0.661,-3.849
0.235,-4.034
0.068,-3.775
-0.494,-3.753
-0.579,-3.685
-1.165,-3.707
-1.141,-3.772
-1.585,-3.582
-1.836,0.414
-2.08,0.626
-2.323,0.398
3.124,0.585
2.859,0.546
2.662,0.526
2.59,0.454
2.468,0.688
2.256,0.732
2.092,0.517
2.06,0.418
1.713,0.739
-0.225,0.667
-0.176,0.509
-0.346,0.717
-0.374,0.713
-0.453,0.691
-0.65,0.374
-1.185,0.678
-1.428,0.788
-1.568,0.46
2.801,-3.396
2.245,0.119
1.915,-3.168
1.469,0.278
-0.411,0.008
-0.407,-2.091
-0.456,0.161
-1.166,-3.268
-1.408,-0.332
-1.326,-0.604
-2.34,-3.763
0.629,-4.058
-1.049,-3.991
2.95,0.397
-0.673,0.673
-1.888,-3.322
-1.92,-1.882
-1.96,-0.055
-2.078,-2.306
-1.932,-3.376
-2.087,-1.584
-2.181,-2.01
-2.192,-0.152
-2.376,-3.561
-2.433,-1.929
-2.357,-1.031
-2.375,0.133
-2.619,-0.989
-2.783,-0.931
-2.666,-3.607
-2.674,-2.236
-2.672,-2.238
-2.717,-2.823
-2.687,0.238
-2.782,-3.258
-2.936,-1.583
-2.972,-2.273
-2.994,-2.053
-2.932,-3.323
-3.085,-1.859
-3.009,-1.225
-3.023,-2.2
3.128,-1.795
3.008,-0.858
2.749,-2.639
2.896,-1.939
2.684,0.114
2.657,-3.425
2.622,-0.077
2.674,-1.152
2.512,-1.872
2.508,-3.544
2.617,-0.866
2.484,-0.544
2.454,-1.403
2.453,-1.852
2.424,-2.621
2.519,-2.486
2.531,0.188
2.408,-2.138
2.486,-2.928
2.355,0.025
2.34,-1.267
2.294,-2.93
2.312,-3.439
2.112,-3.477
2.054,-3.363
2.052,-0.283
2.158,0.177
2.081,-1.588
2.064,-1.501
1.985,-1.719
2.011,-3.423
1.84,-2.15
1.8,0.053
1.661,-3.271
1.682,-0.815
1.64,0.13
1.768,-2.89
1.467,-2.557
1.603,-3.536
1.466,-3.533
1.472,-0.909
1.404,-1.556
1.401,-2.603
1.158,-2.608
1.312,0.127
1.142,-0.744
1.131,0.313
1.262,-3.281
1.103,-2.088
1.075,-3.263
0.89,-0.086
0.883,-2.476
0.904,-1.472
0.927,-0.864
0.924,-1.197
0.761,-1.484
0.851,-1.629
0.726,-2.484
0.743,-0.835
0.527,-0.189
0.453,0.319
0.511,0.094
0.37,-3.118
0.414,-0.162
0.235,-3.343
0.068,-1.231
-0.007,-0.551
-0.02,-3.497
0.012,-3.383
0.013,0.341
-0.045,-1.492
-0.212,-0.964
-0.242,-3.445
-0.376,-2.352
-0.565,-1.764
-0.539,-3.671
-0.599,-3.671
-0.493,-1.117
-0.526,-1.683
-0.511,-0.992
-1.055,-2.704
-1.063,-2.479
-1.21,-1.483
-1.186,-2.649
-1.304,-2.563
-1.212,-0.898
-1.364,-1.618
-1.253,-1.957
-1.253,-1.057
-1.391,-2.194
-1.32,-1.862
-1.519,-0.878
-1.405,-3.298
-1.622,-3.504
-2.279,-3.671
-2.162,-3.712
-2.365,-3.617
-2.824,-3.95
-2.796,-4.021
-3.059,-3.869
-2.979,-3.672
-3.091,-3.709
2.51,-3.88
2.576,-3.628
2.602,-3.746
2.265,-3.739
2.103,-3.978
1.296,-3.839
1.301,-4.048
1.038,-3.822
1.032,-3.843
-1.092,-3.936
-1.577,-3.767
-1.632,0.478
-1.807,0.709
-2.606,0.764
-2.914,0.541
2.71,0.444
2.51,0.402
1.506,0.53
1.488,0.438
1.371,0.446
0.946,0.573
0.543,0.442
-0.131,0.617
-0.588,0.471
-0.85,0.455
-2.521,-1.516
-2.905,-1.515
2.533,-2.14
0.467,-1.515
0.285,-0.899
-0.435,-0.149
-0.704,0.064
-1.296,-3.049
0.743,-1.206
0.056,-0.843
-0.826,-0.911
-0.843,-0.027
-0.839,-0.593
-0.903,-0.026
-0.894,-1.593
-0.922,-0.186
-1.006,-0.801
-1.044,-0.768
-1.124,-1.45
-1.156,-0.228
-1.08,-0.119
-1.212,-1.026
-1.304,-1.459
3.059,-2.41
1.768,-1.281
-0.886,-2.806
-1.312,-1.349
-1.568,-1.292
2.989,-3.641
2.871,-3.511
1.426,-3.394
2.439,0.293
3.058,-3.58
2.459,-3.756
-0.103,-1.887
-0.094,-3.186
-0.111,-1.449
-0.2,-2.732
-0.259,-2.462
-0.297,-3.178
-0.32,-2.534
-0.246,-1.716
-0.259,-1.799
-0.355,-0.845
-0.317,-2.237
-0.386,-0.866
-0.421,-1.656
-0.416,-0.66
-0.476,-1.947
-0.426,-0.239
-0.428,-3.787
-0.522,-1.984
-0.474,-0.498
-0.488,-2.622
-0.462,-0.329
-0.536,-0.582
-0.529,-2.03
-0.541,-0.724
-0.525,-2.072
-0.592,-0.727
-0.535,-1.934
-0.643,0.004
-0.578,-1.971
-0.578,-3.762
-0.644,-0.688
-0.684,-1.249
-0.722,-2.632
-0.671,-0.499
-0.674,-1.024
-0.677,-2.445
-0.788,-1.791
-0.729,-2.395
-0.72,-2.48
-0.816,-2.697
-0.85,-2.847
-1.009,-2.614
-0.952,-1.876
-1.019,-2.433
-1.105,-3.118
-1.224,-1.601
-1.254,-0.944
-1.242,-1.785
-1.271,0.027
-1.247,-0.906
-1.302,-0.517
-1.323,-0.058
-1.379,-3.822
-1.315,-1.308
-1.364,-0.003
-1.399,-0.612
-1.433,-3.088
-1.555,-1.004
-1.496,-0.162
-1.522,-0.58
-1.598,-3.225
-2.557,-3.871
3.047,-3.836
3.02,-3.896
2.597,-4.156
2.551,-3.965
2.269,-4.261
2.265,-4.159
2.112,-3.884
1.849,-3.911
1.37,-4.17
1.368,-3.907
1.016,-4.341
0.987,-4.11
0.746,-4.085
0.32,-4.27
0.153,-4.011
-0.409,-3.989
-0.494,-3.921
-1.08,-3.943
-1.056,-4.008
-1.5,-3.818
-1.751,0.178
-1.995,0.39
-2.238,0.162
-3.074,0.349
2.944,0.31
2.747,0.29
2.675,0.218
2.553,0.452
2.341,0.496
2.177,0.281
2.145,0.182
1.798,0.503
-0.14,0.431
-0.091,0.273
-0.261,0.481
-0.289,0.477
-0.368,0.455
-0.565,0.138
-1.1,0.442
-1.343,0.552
-1.483,0.224
2.886,-3.632
2.33,-0.117
2.0,-3.404
1.554,0.042
-0.326,-0.228
-0.322,-2.327
-0.371,-0.075
-1.081,-3.504
-1.323,-0.568
-1.241,-0.84
-2.255,-3.999
0.714,-4.294
-0.964,-4.227
3.035,0.161
-0.588,0.437
-1.803,-3.558
-1.835,-2.118
-1.875,-0.291
-1.993,-2.542
-1.847,-3.612
-2.002,-1.82
-2.096,-2.246
-2.107,-0.388
-2.291,-3.797
-2.348,-2.165
-2.272,-1.267
-2.29,-0.103
-2.534,-1.225
-2.698,-1.167
-2.581,-3.843
-2.589,-2.472
-2.587,-2.474
-2.632,-3.059
-2.602,0.002
-2.697,-3.494
-2.851,-1.819
-2.887,-2.509
-2.909,-2.289
-2.847,-3.559
-3.0,-2.095
-2.924,-1.461
-2.938,-2.436
-3.07,-2.031
3.093,-1.094
2.834,-2.875
2.981,-2.175
2.769,-0.122
2.742,-3.661
2.707,-0.313
2.759,-1.388
2.597,-2.108
2.593,-3.78
2.702,-1.102
2.569,-0.78
2.539,-1.639
2.538,-2.088
2.509,-2.857
2.604,-2.722
2.616,-0.048
2.493,-2.374
2.571,-3.164
2.44,-0.211
2.425,-1.503
2.379,-3.166
2.397,-3.675
2.197,-3.713
2.139,-3.599
2.137,-0.519
2.243,-0.059
2.166,-1.824
2.149,-1.737
2.07,-1.955
2.096,-3.659
1.925,-2.386
1.885,-0.183
1.746,-3.507
1.767,-1.051
1.725,-0.106
1.853,-3.126
1.552,-2.793
1.688,-3.772
1.551,-3.769
1.557,-1.145
1.489,-1.792
1.486,-2.839
1.243,-2.844
1.397,-0.109
1.227,-0.98
1.216,0.077
1.347,-3.517
1.188,-2.324
1.16,-3.499
0.975,-0.322
0.968,-2.712
0.989,-1.708
1.012,-1.1
1.009,-1.433
0.846,-1.72
0.936,-1.865
0.811,-2.72
0.828,-1.071
0.612,-0.425
0.538,0.083
0.596,-0.142
0.455,-3.354
0.499,-0.398
0.32,-3.579
0.153,-1.467
0.078,-0.787
0.065,-3.733
0.097,-3.619
0.098,0.105
0.04,-1.728
-0.127,-1.2
-0.157,-3.681
-0.291,-2.588
-0.48,-2.0
-0.454,-3.907
-0.514,-3.907
-0.408,-1.353
-0.441,-1.919
-0.426,-1.228
-0.97,-2.94
-0.978,-2.715
-1.125,-1.719
-1.101,-2.885
-1.219,-2.799
-1.127,-1.134
-1.279,-1.854
-1.168,-2.193
-1.168,-1.293
-1.306,-2.43
-1.235,-2.098
-1.434,-1.114
-1.32,-3.534
-1.537,-3.74
-2.194,-3.907
-2.077,-3.948
-2.28,-3.853
-2.739,-4.186
-2.711,-4.257
-2.974,-4.105
-2.894,-3.908
-3.006,-3.945
2.595,-4.116
2.661,-3.864
2.687,-3.982
2.35,-3.975
2.188,-4.214
1.381,-4.075
1.386,-4.284
1.123,-4.058
1.117,-4.079
-1.007,-4.172
-1.492,-4.003
-1.547,0.242
-1.722,0.473
-2.521,0.528
-2.829,0.305
2.795,0.208
2.595,0.166
1.591,0.294
1.573,0.202
1.456,0.21
1.031,0.337
0.628,0.206
-0.046,0.381
-0.503,0.235
-0.765,0.219
-2.436,-1.752
-2.82,-1.751
2.618,-2.376
0.552,-1.751
0.37,-1.135
-0.35,-0.385
-0.619,-0.172
-1.211,-3.285
0.828,-1.442
0.141,-1.079
-0.741,-1.147
-0.758,-0.263
-0.754,-0.829
-0.818,-0.262
-0.809,-1.829
-0.837,-0.422
-0.921,-1.037
-0.959,-1.004
-1.039,-1.686
-1.071,-0.464
-0.995,-0.355
-1.127,-1.262
-1.219,-1.695
-3.139,-2.646
1.853,-1.517
-0.801,-3.042
-1.227,-1.585
-1.483,-1.528
3.074,-3.877
2.956,-3.747
1.511,-3.63
2.524,0.057
-3.14,-3.816
2.544,-3.992
0.009,-1.299
-0.008,0.438
-0.097,-0.845
-0.156,-0.575
-0.194,-1.291
-0.217,-0.647
-0.143,0.171
-0.156,0.088
-0.252,1.042
-0.214,-0.35
-0.283,1.021
-0.318,0.231
-0.313,1.227
-0.373,-0.06
-0.323,1.648
-0.325,-1.9
-0.419,-0.097
-0.371,1.389
-0.385,-0.735
-0.359,1.558
-0.433,1.305
-0.426,-0.143
-0.438,1.163
-0.422,-0.185
-0.489,1.16
-0.432,-0.047
-0.54,1.891
-0.475,-0.084
-0.475,-1.875
-0.541,1.199
-0.581,0.638
-0.619,-0.745
-0.568,1.388
-0.571,0.863
-0.574,-0.558
-0.685,0.096
-0.626,-0.508
-0.617,-0.593
-0.713,-0.81
-0.747,-0.96
-0.906,-0.727
-0.849,0.011
-0.916,-0.546
-1.002,-1.231
-1.121,0.286
-1.151,0.943
-1.139,0.102
-1.168,1.914
-1.144,0.981
-1.199,1.37
-1.22,1.829
-1.276,-1.935
-1.212,0.579
-1.261,1.884
-1.296,1.275
-1.33,-1.201
-1.452,0.883
-1.393,1.725
-1.419,1.307
-1.495,-1.338
-2.454,-1.984
-3.133,-1.949
3.123,-2.009
2.7,-2.269
2.654,-2.078
2.372,-2.374
2.368,-2.272
2.215,-1.997
1.952,-2.024
1.473,-2.283
1.471,-2.02
1.119,-2.454
1.09,-2.223
0.849,-2.198
0.423,-2.383
0.256,-2.124
-0.306,-2.102
-0.391,-2.034
-0.977,-2.056
-0.953,-2.121
-1.397,-1.931
-1.648,2.065
-1.892,2.277
-2.135,2.049
-2.971,2.236
3.047,2.197
2.85,2.177
2.778,2.105
2.656,2.339
2.444,2.383
2.28,2.168
2.248,2.069
1.901,2.39
-0.037,2.318
0.012,2.16
-0.158,2.368
-0.186,2.364
-0.265,2.342
-0.462,2.025
-0.997,2.329
-1.24,2.439
-1.38,2.111
2.989,-1.745
2.433,1.77
2.103,-1.517
1.657,1.929
-0.223,1.659
-0.219,-0.44
-0.268,1.812
-0.978,-1.617
-1.22,1.319
-1.138,1.047
-2.152,-2.112
0.817,-2.407
-0.861,-2.34
3.138,2.048
-0.485,2.324
-1.7,-1.671
-1.732,-0.231
-1.772,1.596
-1.89,-0.655
-1.744,-1.725
-1.899,0.067
-1.993,-0.359
-2.004,1.499
-2.188,-1.91
-2.245,-0.278
-2.169,0.62
-2.187,1.784
-2.431,0.662
-2.595,0.72
-2.478,-1.956
-2.486,-0.585
-2.484,-0.587
-2.529,-1.172
-2.499,1.889
-2.594,-1.607
-2.748,0.068
-2.784,-0.622
-2.806,-0.402
-2.744,-1.672
-2.897,-0.208
-2.821,0.426
-2.835,-0.549
-2.967,-0.144
-3.087,0.793
2.937,-0.988
3.084,-0.288
2.872,1.765
2.845,-1.774
2.81,1.574
2.862,0.499
2.7,-0.221
2.696,-1.893
2.805,0.785
2.672,1.107
2.642,0.248
2.641,-0.201
2.612,-0.97
2.707,-0.835
2.719,1.839
2.596,-0.487
2.674,-1.277
2.543,1.676
2.528,0.384
2.482,-1.279
2.5,-1.788
2.3,-1.826
2.242,-1.712
2.24,1.368
2.346,1.828
2.269,0.063
2.252,0.15
2.173,-0.068
2.199,-1.772
2.028,-0.499
1.988,1.704
1.849,-1.62
1.87,0.836
1.828,1.781
1.956,-1.239
1.655,-0.906
1.791,-1.885
1.654,-1.882
1.66,0.742
1.592,0.095
1.589,-0.952
1.346,-0.957
1.5,1.778
1.33,0.907
1.319,1.964
1.45,-1.63
1.291,-0.437
1.263,-1.612
1.078,1.565
1.071,-0.825
1.092,0.179
1.115,0.787
1.112,0.454
0.949,0.167
1.039,0.022
0.914,-0.833
0.931,0.816
0.715,1.462
0.641,1.97
0.699,1.745
0.558,-1.467
0.602,1.489
0.423,-1.692
0.256,0.42
0.181,1.1
0.168,-1.846
0.2,-1.732
0.201,1.992
0.143,0.159
-0.024,0.687
-0.054,-1.794
-0.188,-0.701
-0.377,-0.113
-0.351,-2.02
-0.411,-2.02
-0.305,0.534
-0.338,-0.032
-0.323,0.659
-0.867,-1.053
-0.875,-0.828
-1.022,0.168
-0.998,-0.998
-1.116,-0.912
-1.024,0.753
-1.176,0.033
-1.065,-0.306
-1.065,0.594
-1.203,-0.543
-1.132,-0.211
-1.331,0.773
-1.217,-1.647
-1.434,-1.853
-2.091,-2.02
-1.974,-2.061
-2.177,-1.966
-2.636,-2.299
-2.608,-2.37
-2.871,-2.218
-2.791,-2.021
-2.903,-2.058
2.698,-2.229
2.764,-1.977
2.79,-2.095
2.453,-2.088
2.291,-2.327
1.484,-2.188
1.489,-2.397
1.226,-2.171
1.22,-2.192
-0.904,-2.285
-1.389,-2.116
-1.444,2.129
-1.619,2.36
-2.418,2.415
-2.726,2.192
2.898,2.095
2.698,2.053
1.694,2.181
1.676,2.089
1.559,2.097
1.134,2.224
0.731,2.093
0.057,2.268
-0.4,2.122
-0.662,2.106
-2.333,0.135
-2.717,0.136
2.721,-0.489
0.655,0.136
0.473,0.752
-0.247,1.502
-0.516,1.715
-1.108,-1.398
0.931,0.445
0.244,0.808
-0.638,0.74
-0.655,1.624
-0.651,1.058
-0.715,1.625
-0.706,0.058
-0.734,1.465
-0.818,0.85
-0.856,0.883
-0.936,0.201
-0.968,1.423
-0.892,1.532
-1.024,0.625
-1.116,0.192
-3.036,-0.759
1.956,0.37
-0.698,-1.155
-1.124,0.302
-1.38,0.359
-3.106,-1.99
3.059,-1.86
1.614,-1.743
2.627,1.944
-3.037,-1.929
2.647,-2.105
-0.017,1.737
-0.106,0.454
-0.165,0.724
-0.203,0.008
-0.226,0.652
-0.152,1.47
-0.165,1.387
-0.261,2.341
-0.223,0.949
-0.292,2.32
-0.327,1.53
-0.322,2.526
-0.382,1.239
-0.332,2.947
-0.334,-0.601
-0.428,1.202
-0.38,2.688
-0.394,0.564
-0.368,2.857
-0.442,2.604
-0.435,1.156
-0.447,2.462
-0.431,1.114
-0.498,2.459
-0.441,1.252
-0.549,3.19
-0.484,1.215
-0.484,-0.576
-0.55,2.498
-0.59,1.937
-0.628,0.554
-0.577,2.687
-0.58,2.162
-0.583,0.741
-0.694,1.395
-0.635,0.791
-0.626,0.706
-0.722,0.489
-0.756,0.339
-0.915,0.572
-0.858,1.31
-0.925,0.753
-1.011,0.068
-1.13,1.585
-1.16,2.242
-1.148,1.401
-1.177,3.213
-1.153,2.28
-1.208,2.669
-1.229,3.128
-1.285,-0.636
-1.221,1.878
-1.27,3.183
-1.305,2.574
-1.339,0.098
-1.461,2.182
-1.402,3.024
-1.428,2.606
-1.504,-0.039
-2.463,-0.685
3.141,-0.65
3.114,-0.71
2.691,-0.97
2.645,-0.779
2.363,-1.075
2.359,-0.973
2.206,-0.698
1.943,-0.725
1.464,-0.984
1.462,-0.721
1.11,-1.155
1.081,-0.924
0.84,-0.899
0.414,-1.084
0.247,-0.825
-0.315,-0.803
-0.4,-0.735
-0.986,-0.757
-0.962,-0.822
-1.406,-0.632
-1.657,3.364
-1.901,3.576
-2.144,3.348
-2.98,3.535
3.038,3.496
2.841,3.476
2.769,3.404
2.647,3.638
2.435,3.682
2.271,3.467
2.239,3.368
1.892,3.689
-0.046,3.617
0.003,3.459
-0.167,3.667
-0.195,3.663
-0.274,3.641
-0.471,3.324
-1.006,3.628
-1.249,3.738
-1.389,3.41
2.98,-0.446
2.424,3.069
2.094,-0.218
1.648,3.228
-0.232,2.958
-0.228,0.859
-0.277,3.111
-0.987,-0.318
-1.229,2.618
-1.147,2.346
-2.161,-0.813
0.808,-1.108
-0.87,-1.041
3.129,3.347
-0.494,3.623
-1.709,-0.372
-1.741,1.068
-1.781,2.895
-1.899,0.644
-1.753,-0.426
-1.908,1.366
-2.002,0.94
-2.013,2.798
-2.197,-0.611
-2.254,1.021
-2.178,1.919
-2.196,3.083
-2.44,1.961
-2.604,2.019
-2.487,-0.657
-2.495,0.714
-2.493,0.712
-2.538,0.127
-2.508,3.188
-2.603,-0.308
-2.757,1.367
-2.793,0.677
-2.815,0.897
-2.753,-0.373
-2.906,1.091
-2.83,1.725
-2.844,0.75
-2.976,1.155
-3.096,2.092
2.928,0.311
3.075,1.011
2.863,3.064
2.836,-0.475
2.801,2.873
2.853,1.798
2.691,1.078
2.687,-0.594
2.796,2.084
2.663,2.406
2.633,1.547
2.632,1.098
2.603,0.329
2.698,0.464
2.71,3.138
2.587,0.812
2.665,0.022
2.534,2.975
2.519,1.683
2.473,0.02
2.491,-0.489
2.291,-0.527
2.233,-0.413
2.231,2.667
2.337,3.127
2.26,1.362
2.243,1.449
2.164,1.231
2.19,-0.473
2.019,0.8
1.979,3.003
1.84,-0.321
1.861,2.135
1.819,3.08
1.947,0.06
1.646,0.393
1.782,-0.586
1.645,-0.583
1.651,2.041
1.583,1.394
1.58,0.347
1.337,0.342
1.491,3.077
1.321,2.206
1.31,3.263
1.441,-0.331
1.282,0.862
1.254,-0.313
1.069,2.864
1.062,0.474
1.083,1.478
1.106,2.086
1.103,1.753
0.94,1.466
1.03,1.321
0.905,0.466
0.922,2.115
0.706,2.761
0.632,3.269
0.69,3.044
0.549,-0.168
0.593,2.788
0.414,-0.393
0.247,1.719
0.172,2.399
0.159,-0.547
0.191,-0.433
0.192,3.291
0.134,1.458
-0.033,1.986
-0.063,-0.495
-0.197,0.598
-0.386,1.186
-0.36,-0.721
-0.42,-0.721
-0.314,1.833
-0.347,1.267
-0.332,1.958
-0.876,0.246
-0.884,0.471
-1.031,1.467
-1.007,0.301
-1.125,0.387
-1.033,2.052
-1.185,1.332
-1.074,0.993
-1.074,1.893
-1.212,0.756
-1.141,1.088
-1.34,2.072
-1.226,-0.348
-1.443,-0.554
-2.1,-0.721
-1.983,-0.762
-2.186,-0.667
-2.645,-1.0
-2.617,-1.071
-2.88,-0.919
-2.8,-0.722
-2.912,-0.759
2.689,-0.93
2.755,-0.678
2.781,-0.796
2.444,-0.789
2.282,-1.028
1.475,-0.889
1.48,-1.098
1.217,-0.872
1.211,-0.893
-0.913,-0.986
-1.398,-0.817
-1.453,3.428
-1.628,3.659
-2.427,3.714
-2.735,3.491
2.889,3.394
2.689,3.352
1.685,3.48
1.667,3.388
1.55,3.396
1.125,3.523
0.722,3.392
0.048,3.567
-0.409,3.421
-0.671,3.405
-2.342,1.434
-2.726,1.435
2.712,0.81
0.646,1.435
0.464,2.051
-0.256,2.801
-0.525,3.014
-1.117,-0.099
0.922,1.744
0.235,2.107
-0.647,2.039
-0.664,2.923
-0.66,2.357
-0.724,2.924
-0.715,1.357
-0.743,2.764
-0.827,2.149
-0.865,2.182
-0.945,1.5
-0.977,2.722
-0.901,2.831
-1.033,1.924
-1.125,1.491
-3.045,0.54
1.947,1.669
-0.707,0.144
-1.133,1.601
-1.389,1.658
-3.115,-0.691
3.05,-0.561
1.605,-0.444
2.618,3.243
-3.046,-0.63
2.638,-0.806
-0.089,-1.283
-0.148,-1.013
-0.186,-1.729
-0.209,-1.085
-0.135,-0.267
-0.148,-0.35
-0.244,0.604
-0.206,-0.788
-0.275,0.583
-0.31,-0.207
-0.305,0.789
-0.365,-0.498
-0.315,1.21
-0.317,-2.338
-0.411,-0.535
-0.363,0.951
-0.377,-1.173
-0.351,1.12
-0.425,0.867
-0.418,-0.581
-0.43,0.725
-0.414,-0.623
-0.481,0.722
-0.424,-0.485
-0.532,1.453
-0.467,-0.522
-0.467,-2.313
-0.533,0.761
-0.573,0.2
-0.611,-1.183
-0.56,0.95
-0.563,0.425
-0.566,-0.996
-0.677,-0.342
-0.618,-0.946
-0.609,-1.031
-0.705,-1.248
-0.739,-1.398
-0.898,-1.165
-0.841,-0.427
-0.908,-0.984
-0.994,-1.669
-1.113,-0.152
-1.143,0.505
-1.131,-0.336
-1.16,1.476
-1.136,0.543
-1.191,0.932
-1.212,1.391
-1.268,-2.373
-1.204,0.141
-1.253,1.446
-1.288,0.837
-1.322,-1.639
-1.444,0.445
-1.385,1.287
-1.411,0.869
-1.487,-1.776
-2.446,-2.422
-3.125,-2.387
3.131,-2.447
2.708,-2.707
2.662,-2.516
2.38,-2.812
2.376,-2.71
2.223,-2.435
1.96,-2.462
1.481,-2.721
1.479,-2.458
1.127,-2.892
1.098,-2.661
0.857,-2.636
0.431,-2.821
0.264,-2.562
-0.298,-2.54
-0.383,-2.472
-0.969,-2.494
-0.945,-2.559
-1.389,-2.369
-1.64,1.627
-1.884,1.839
-2.127,1.611
-2.963,1.798
3.055,1.759
2.858,1.739
2.786,1.667
2.664,1.901
2.452,1.945
2.288,1.73
2.256,1.631
1.909,1.952
-0.029,1.88
0.02,1.722
-0.15,1.93
-0.178,1.926
-0.257,1.904
-0.454,1.587
-0.989,1.891
-1.232,2.001
-1.372,1.673
2.997,-2.183
2.441,1.332
2.111,-1.955
1.665,1.491
-0.215,1.221
-0.211,-0.878
-0.26,1.374
-0.97,-2.055
-1.212,0.881
-1.13,0.609
-2.144,-2.55
0.825,-2.845
-0.853,-2.778
-3.137,1.61
-0.477,1.886
-1.692,-2.109
-1.724,-0.669
-1.764,1.158
-1.882,-1.093
-1.736,-2.163
-1.891,-0.371
-1.985,-0.797
-1.996,1.061
-2.18,-2.348
-2.237,-0.716
-2.161,0.182
-2.179,1.346
-2.423,0.224
-2.587,0.282
-2.47,-2.394
-2.478,-1.023
-2.476,-1.025
-2.521,-1.61
-2.491,1.451
-2.586,-2.045
-2.74,-0.37
-2.776,-1.06
-2.798,-0.84
-2.736,-2.11
-2.889,-0.646
-2.813,-0.012
-2.827,-0.987
-2.959,-0.582
-3.079,0.355
2.945,-1.426
3.092,-0.726
2.88,1.327
2.853,-2.212
2.818,1.136
2.87,0.061
2.708,-0.659
2.704,-2.331
2.813,0.347
2.68,0.669
2.65,-0.19
2.649,-0.639
2.62,-1.408
2.715,-1.273
2.727,1.401
2.604,-0.925
2.682,-1.715
2.551,1.238
2.536,-0.054
2.49,-1.717
2.508,-2.226
2.308,-2.264
2.25,-2.15
2.248,0.93
2.354,1.39
2.277,-0.375
2.26,-0.288
2.181,-0.506
2.207,-2.21
2.036,-0.937
1.996,1.266
1.857,-2.058
1.878,0.398
1.836,1.343
1.964,-1.677
1.663,-1.344
1.799,-2.323
1.662,-2.32
1.668,0.304
1.6,-0.343
1.597,-1.39
1.354,-1.395
1.508,1.34
1.338,0.469
1.327,1.526
1.458,-2.068
1.299,-0.875
1.271,-2.05
1.086,1.127
1.079,-1.263
1.1,-0.259
1.123,0.349
1.12,0.016
0.957,-0.271
1.047,-0.416
0.922,-1.271
0.939,0.378
0.723,1.024
0.649,1.532
0.707,1.307
0.566,-1.905
0.61,1.051
0.431,-2.13
0.264,-0.018
0.189,0.662
0.176,-2.284
0.208,-2.17
0.209,1.554
0.151,-0.279
-0.016,0.249
-0.046,-2.232
-0.18,-1.139
-0.369,-0.551
-0.343,-2.458
-0.403,-2.458
-0.297,0.096
-0.33,-0.47
-0.315,0.221
-0.859,-1.491
-0.867,-1.266
-1.014,-0.27
-0.99,-1.436
-1.108,-1.35
-1.016,0.315
-1.168,-0.405
-1.057,-0.744
-1.057,0.156
-1.195,-0.981
-1.124,-0.649
-1.323,0.335
-1.209,-2.085
-1.426,-2.291
-2.083,-2.458
-1.966,-2.499
-2.169,-2.404
-2.628,-2.737
-2.6,-2.808
-2.863,-2.656
-2.783,-2.459
-2.895,-2.496
2.706,-2.667
2.772,-2.415
2.798,-2.533
2.461,-2.526
2.299,-2.765
1.492,-2.626
1.497,-2.835
1.234,-2.609
1.228,-2.63
-0.896,-2.723
-1.381,-2.554
-1.436,1.691
-1.611,1.922
-2.41,1.977
-2.718,1.754
2.906,1.657
2.706,1.615
1.702,1.743
1.684,1.651
1.567,1.659
1.142,1.786
0.739,1.655
0.065,1.83
-0.392,1.684
-0.654,1.668
-2.325,-0.303
-2.709,-0.302
2.729,-0.927
0.663,-0.302
0.481,0.314
-0.239,1.064
-0.508,1.277
-1.1,-1.836
0.939,0.007
0.252,0.37
-0.63,0.302
-0.647,1.186
-0.643,0.62
-0.707,1.187
-0.698,-0.38
-0.726,1.027
-0.81,0.412
-0.848,0.445
-0.928,-0.237
-0.96,0.985
-0.884,1.094
-1.016,0.187
-1.108,-0.246
-3.028,-1.197
1.964,-0.068
-0.69,-1.593
-1.116,-0.136
-1.372,-0.079
-3.098,-2.428
3.067,-2.298
1.622,-2.181
2.635,1.506
-3.029,-2.367
2.655,-2.543
-0.059,0.27
-0.097,-0.446
-0.12,0.198
-0.046,1.016
-0.059,0.933
-0.155,1.887
-0.117,0.495
-0.186,1.866
-0.221,1.076
-0.216,2.072
-0.276,0.785
-0.226,2.493
-0.228,-1.055
-0.322,0.748
-0.274,2.234
-0.288,0.11
-0.262,2.403
-0.336,2.15
-0.329,0.702
-0.341,2.008
-0.325,0.66
-0.392,2.005
-0.335,0.798
-0.443,2.736
-0.378,0.761
-0.378,-1.03
-0.444,2.044
-0.484,1.483
-0.522,0.1
-0.471,2.233
-0.474,1.708
-0.477,0.287
-0.588,0.941
-0.529,0.337
-0.52,0.252
-0.616,0.035
-0.65,-0.115
-0.809,0.118
-0.752,0.856
-0.819,0.299
-0.905,-0.386
-1.024,1.131
-1.054,1.788
-1.042,0.947
-1.071,2.759
-1.047,1.826
-1.102,2.215
-1.123,2.674
-1.179,-1.09
-1.115,1.424
-1.164,2.729
-1.199,2.12
-1.233,-0.356
-1.355,1.728
-1.296,2.57
-1.322,2.152
-1.398,-0.493
-2.357,-1.139
-3.036,-1.104
-3.063,-1.164
2.797,-1.424
2.751,-1.233
2.469,-1.529
2.465,-1.427
2.312,-1.152
2.049,-1.179
1.57,-1.438
1.568,-1.175
1.216,-1.609
1.187,-1.378
0.946,-1.353
0.52,-1.538
0.353,-1.279
-0.209,-1.257
-0.294,-1.189
-0.88,-1.211
-0.856,-1.276
-1.3,-1.086
-1.551,2.91
-1.795,3.122
-2.038,2.894
-2.874,3.081
-3.139,3.042
2.947,3.022
2.875,2.95
2.753,3.184
2.541,3.228
2.377,3.013
2.345,2.914
1.998,3.235
0.06,3.163
0.109,3.005
-0.061,3.213
-0.089,3.209
-0.168,3.187
-0.365,2.87
-0.9,3.174
-1.143,3.284
-1.283,2.956
3.086,-0.9
2.53,2.615
2.2,-0.672
1.754,2.774
-0.126,2.504
-0.122,0.405
-0.171,2.657
-0.881,-0.772
-1.123,2.164
-1.041,1.892
-2.055,-1.267
0.914,-1.562
-0.764,-1.495
-3.048,2.893
-0.388,3.169
-1.603,-0.826
-1.635,0.614
-1.675,2.441
-1.793,0.19
-1.647,-0.88
-1.802,0.912
-1.896,0.486
-1.907,2.344
-2.091,-1.065
-2.148,0.567
-2.072,1.465
-2.09,2.629
-2.334,1.507
-2.498,1.565
-2.381,-1.111
-2.389,0.26
-2.387,0.258
-2.432,-0.327
-2.402,2.734
-2.497,-0.762
-2.651,0.913
-2.687,0.223
-2.709,0.443
-2.647,-0.827
-2.8,0.637
-2.724,1.271
-2.738,0.296
-2.87,0.701
-2.99,1.638
3.034,-0.143
-3.102,0.557
2.969,2.61
2.942,-0.929
2.907,2.419
2.959,1.344
2.797,0.624
2.793,-1.048
2.902,1.63
2.769,1.952
2.739,1.093
2.738,0.644
2.709,-0.125
2.804,0.01
2.816,2.684
2.693,0.358
2.771,-0.432
2.64,2.521
2.625,1.229
2.579,-0.434
2.597,-0.943
2.397,-0.981
2.339,-0.867
2.337,2.213
2.443,2.673
2.366,0.908
2.349,0.995
2.27,0.777
2.296,-0.927
2.125,0.346
2.085,2.549
1.946,-0.775
1.967,1.681
1.925,2.626
2.053,-0.394
1.752,-0.061
1.888,-1.04
1.751,-1.037
1.757,1.587
1.689,0.94
1.686,-0.107
1.443,-0.112
1.597,2.623
1.427,1.752
1.416,2.809
1.547,-0.785
1.388,0.408
1.36,-0.767
1.175,2.41
1.168,0.02
1.189,1.024
1.212,1.632
1.209,1.299
1.046,1.012
1.136,0.867
1.011,0.012
1.028,1.661
0.812,2.307
0.738,2.815
0.796,2.59
0.655,-0.622
0.699,2.334
0.52,-0.847
0.353,1.265
0.278,1.945
0.265,-1.001
0.297,-0.887
0.298,2.837
0.24,1.004
0.073,1.532
0.043,-0.949
-0.091,0.144
-0.28,0.732
-0.254,-1.175
-0.314,-1.175
-0.208,1.379
-0.241,0.813
-0.226,1.504
-0.77,-0.208
-0.778,0.017
-0.925,1.013
-0.901,-0.153
-1.019,-0.067
-0.927,1.598
-1.079,0.878
-0.968,0.539
-0.968,1.439
-1.106,0.302
-1.035,0.634
-1.234,1.618
-1.12,-0.802
-1.337,-1.008
-1.994,-1.175
-1.877,-1.216
-2.08,-1.121
-2.539,-1.454
-2.511,-1.525
-2.774,-1.373
-2.694,-1.176
-2.806,-1.213
2.795,-1.384
2.861,-1.132
2.887,-1.25
2.55,-1.243
2.388,-1.482
1.581,-1.343
1.586,-1.552
1.323,-1.326
1.317,-1.347
-0.807,-1.44
-1.292,-1.271
-1.347,2.974
-1.522,3.205
-2.321,3.26
-2.629,3.037
2.995,2.94
2.795,2.898
1.791,3.026
1.773,2.934
1.656,2.942
1.231,3.069
0.828,2.938
0.154,3.113
-0.303,2.967
-0.565,2.951
-2.236,0.98
-2.62,0.981
2.818,0.356
0.752,0.981
0.57,1.597
-0.15,2.347
-0.419,2.56
-1.011,-0.553
1.028,1.29
0.341,1.653
-0.541,1.585
-0.558,2.469
-0.554,1.903
-0.618,2.47
-0.609,0.903
-0.637,2.31
-0.721,1.695
-0.759,1.728
-0.839,1.046
-0.871,2.268
-0.795,2.377
-0.927,1.47
-1.019,1.037
-2.939,0.086
2.053,1.215
-0.601,-0.31
-1.027,1.147
-1.283,1.204
-3.009,-1.145
-3.127,-1.015
1.711,-0.898
2.724,2.789
-2.94,-1.084
2.744,-1.26
-0.038,-0.716
-0.061,-0.072
0.013,0.746
0.0,0.663
-0.096,1.617
-0.058,0.225
-0.127,1.596
-0.162,0.806
-0.157,1.802
-0.217,0.515
-0.167,2.223
-0.169,-1.325
-0.263,0.478
-0.215,1.964
-0.229,-0.16
-0.203,2.133
-0.277,1.88
-0.27,0.432
-0.282,1.738
-0.266,0.39
-0.333,1.735
-0.276,0.528
-0.384,2.466
-0.319,0.491
-0.319,-1.3
-0.385,1.774
-0.425,1.213
-0.463,-0.17
-0.412,1.963
-0.415,1.438
-0.418,0.017
-0.529,0.671
-0.47,0.067
-0.461,-0.018
-0.557,-0.235
-0.591,-0.385
-0.75,-0.152
-0.693,0.586
-0.76,0.029
-0.846,-0.656
-0.965,0.861
-0.995,1.518
-0.983,0.677
-1.012,2.489
-0.988,1.556
-1.043,1.945
-1.064,2.404
-1.12,-1.36
-1.056,1.154
-1.105,2.459
-1.14,1.85
-1.174,-0.626
-1.296,1.458
-1.237,2.3
-1.263,1.882
-1.339,-0.763
-2.298,-1.409
-2.977,-1.374
-3.004,-1.434
2.856,-1.694
2.81,-1.503
2.528,-1.799
2.524,-1.697
2.371,-1.422
2.108,-1.449
1.629,-1.708
1.627,-1.445
1.275,-1.879
1.246,-1.648
1.005,-1.623
0.579,-1.808
0.412,-1.549
-0.15,-1.527
-0.235,-1.459
-0.821,-1.481
-0.797,-1.546
-1.241,-1.356
-1.492,2.64
-1.736,2.852
-1.979,2.624
-2.815,2.811
-3.08,2.772
3.006,2.752
2.934,2.68
2.812,2.914
2.6,2.958
2.436,2.743
2.404,2.644
2.057,2.965
0.119,2.893
0.168,2.735
-0.002,2.943
-0.03,2.939
-0.109,2.917
-0.306,2.6
-0.841,2.904
-1.084,3.014
-1.224,2.686
-3.138,-1.17
2.589,2.345
2.259,-0.942
1.813,2.504
-0.067,2.234
-0.063,0.135
-0.112,2.387
-0.822,-1.042
-1.064,1.894
-0.982,1.622
-1.996,-1.537
0.973,-1.832
-0.705,-1.765
-2.989,2.623
-0.329,2.899
-1.544,-1.096
-1.576,0.344
-1.616,2.171
-1.734,-0.08
-1.588,-1.15
-1.743,0.642
-1.837,0.216
-1.848,2.074
-2.032,-1.335
-2.089,0.297
-2.013,1.195
-2.031,2.359
-2.275,1.237
-2.439,1.295
-2.322,-1.381
-2.33,-0.01
-2.328,-0.012
-2.373,-0.597
-2.343,2.464
-2.438,-1.032
-2.592,0.643
-2.628,-0.047
-2.65,0.173
-2.588,-1.097
-2.741,0.367
-2.665,1.001
-2.679,0.026
-2.811,0.431
-2.931,1.368
3.093,-0.413
-3.043,0.287
3.028,2.34
3.001,-1.199
2.966,2.149
3.018,1.074
2.856,0.354
2.852,-1.318
2.961,1.36
2.828,1.682
2.798,0.823
2.797,0.374
2.768,-0.395
2.863,-0.26
2.875,2.414
2.752,0.088
2.83,-0.702
2.699,2.251
2.684,0.959
2.638,-0.704
2.656,-1.213
2.456,-1.251
2.398,-1.137
2.396,1.943
2.502,2.403
2.425,0.638
2.408,0.725
2.329,0.507
2.355,-1.197
2.184,0.076
2.144,2.279
2.005,-1.045
2.026,1.411
1.984,2.356
2.112,-0.664
1.811,-0.331
1.947,-1.31
1.81,-1.307
1.816,1.317
1.748,0.67
1.745,-0.377
1.502,-0.382
1.656,2.353
1.486,1.482
1.475,2.539
1.606,-1.055
1.447,0.138
1.419,-1.037
1.234,2.14
1.227,-0.25
1.248,0.754
1.271,1.362
1.268,1.029
1.105,0.742
1.195,0.597
1.07,-0.258
1.087,1.391
0.871,2.037
0.797,2.545
0.855,2.32
0.714,-0.892
0.758,2.064
0.579,-1.117
0.412,0.995
0.337,1.675
0.324,-1.271
0.356,-1.157
0.357,2.567
0.299,0.734
0.132,1.262
0.102,-1.219
-0.032,-0.126
-0.221,0.462
-0.195,-1.445
-0.255,-1.445
-0.149,1.109
-0.182,0.543
-0.167,1.234
-0.711,-0.478
-0.719,-0.253
-0.866,0.743
-0.842,-0.423
-0.96,-0.337
-0.868,1.328
-1.02,0.608
-0.909,0.269
-0.909,1.169
-1.047,0.032
-0.976,0.364
-1.175,1.348
-1.061,-1.072
-1.278,-1.278
-1.935,-1.445
-1.818,-1.486
-2.021,-1.391
-2.48,-1.724
-2.452,-1.795
-2.715,-1.643
-2.635,-1.446
-2.747,-1.483
2.854,-1.654
2.92,-1.402
2.946,-1.52
2.609,-1.513
2.447,-1.752
1.64,-1.613
1.645,-1.822
1.382,-1.596
1.376,-1.617
-0.748,-1.71
-1.233,-1.541
-1.288,2.704
-1.463,2.935
-2.262,2.99
-2.57,2.767
3.054,2.67
2.854,2.628
1.85,2.756
1.832,2.664
1.715,2.672
1.29,2.799
0.887,2.668
0.213,2.843
-0.244,2.697
-0.506,2.681
-2.177,0.71
-2.561,0.711
2.877,0.086
0.811,0.711
0.629,1.327
-0.091,2.077
-0.36,2.29
-0.952,-0.823
1.087,1.02
0.4,1.383
-0.482,1.315
-0.499,2.199
-0.495,1.633
-0.559,2.2
-0.55,0.633
-0.578,2.04
-0.662,1.425
-0.7,1.458
-0.78,0.776
-0.812,1.998
-0.736,2.107
-0.868,1.2
-0.96,0.767
-2.88,-0.184
2.112,0.945
-0.542,-0.58
-0.968,0.877
-1.224,0.934
-2.95,-1.415
-3.068,-1.285
1.77,-1.168
2.783,2.519
-2.881,-1.354
2.803,-1.53
-0.023,0.644
0.051,1.462
0.038,1.379
-0.058,2.333
-0.02,0.941
-0.089,2.312
-0.124,1.522
-0.119,2.518
-0.179,1.231
-0.129,2.939
-0.131,-0.609
-0.225,1.194
-0.177,2.68
-0.191,0.556
-0.165,2.849
-0.239,2.596
-0.232,1.148
-0.244,2.454
-0.228,1.106
-0.295,2.451
-0.238,1.244
-0.346,3.182
-0.281,1.207
-0.281,-0.584
-0.347,2.49
-0.387,1.929
-0.425,0.546
-0.374,2.679
-0.377,2.154
-0.38,0.733
-0.491,1.387
-0.432,0.783
-0.423,0.698
-0.519,0.481
-0.553,0.331
-0.712,0.564
-0.655,1.302
-0.722,0.745
-0.808,0.06
-0.927,1.577
-0.957,2.234
-0.945,1.393
-0.974,3.205
-0.95,2.272
-1.005,2.661
-1.026,3.12
-1.082,-0.644
-1.018,1.87
-1.067,3.175
-1.102,2.566
-1.136,0.09
-1.258,2.174
-1.199,3.016
-1.225,2.598
-1.301,-0.047
-2.26,-0.693
-2.939,-0.658
-2.966,-0.718
2.894,-0.978
2.848,-0.787
2.566,-1.083
2.562,-0.981
2.409,-0.706
2.146,-0.733
1.667,-0.992
1.665,-0.729
1.313,-1.163
1.284,-0.932
1.043,-0.907
0.617,-1.092
0.45,-0.833
-0.112,-0.811
-0.197,-0.743
-0.783,-0.765
-0.759,-0.83
-1.203,-0.64
-1.454,3.356
-1.698,3.568
-1.941,3.34
-2.777,3.527
-3.042,3.488
3.044,3.468
2.972,3.396
2.85,3.63
2.638,3.674
2.474,3.459
2.442,3.36
2.095,3.681
0.157,3.609
0.206,3.451
0.036,3.659
0.008,3.655
-0.071,3.633
-0.268,3.316
-0.803,3.62
-1.046,3.73
-1.186,3.402
-3.1,-0.454
2.627,3.061
2.297,-0.226
1.851,3.22
-0.029,2.95
-0.025,0.851
-0.074,3.103
-0.784,-0.326
-1.026,2.61
-0.944,2.338
-1.958,-0.821
1.011,-1.116
-0.667,-1.049
-2.951,3.339
-0.291,3.615
-1.506,-0.38
-1.538,1.06
-1.578,2.887
-1.696,0.636
-1.55,-0.434
-1.705,1.358
-1.799,0.932
-1.81,2.79
-1.994,-0.619
-2.051,1.013
-1.975,1.911
-1.993,3.075
-2.237,1.953
-2.401,2.011
-2.284,-0.665
-2.292,0.706
-2.29,0.704
-2.335,0.119
-2.305,3.18
-2.4,-0.316
-2.554,1.359
-2.59,0.669
-2.612,0.889
-2.55,-0.381
-2.703,1.083
-2.627,1.717
-2.641,0.742
-2.773,1.147
-2.893,2.084
3.131,0.303
-3.005,1.003
3.066,3.056
3.039,-0.483
3.004,2.865
3.056,1.79
2.894,1.07
2.89,-0.602
2.999,2.076
2.866,2.398
2.836,1.539
2.835,1.09
2.806,0.321
2.901,0.456
2.913,3.13
2.79,0.804
2.868,0.014
2.737,2.967
2.722,1.675
2.676,0.012
2.694,-0.497
2.494,-0.535
2.436,-0.421
2.434,2.659
2.54,3.119
2.463,1.354
2.446,1.441
2.367,1.223
2.393,-0.481
2.222,0.792
2.182,2.995
2.043,-0.329
2.064,2.127
2.022,3.072
2.15,0.052
1.849,0.385
1.985,-0.594
1.848,-0.591
1.854,2.033
1.786,1.386
1.783,0.339
1.54,0.334
1.694,3.069
1.524,2.198
1.513,3.255
1.644,-0.339
1.485,0.854
1.457,-0.321
1.272,2.856
1.265,0.466
1.286,1.47
1.309,2.078
1.306,1.745
1.143,1.458
1.233,1.313
1.108,0.458
1.125,2.107
0.909,2.753
0.835,3.261
0.893,3.036
0.752,-0.176
0.796,2.78
0.617,-0.401
0.45,1.711
0.375,2.391
0.362,-0.555
0.394,-0.441
0.395,3.283
0.337,1.45
0.17,1.978
0.14,-0.503
0.006,0.59
-0.183,1.178
-0.157,-0.729
-0.217,-0.729
-0.111,1.825
-0.144,1.259
-0.129,1.95
-0.673,0.238
-0.681,0.463
-0.828,1.459
-0.804,0.293
-0.922,0.379
-0.83,2.044
-0.982,1.324
-0.871,0.985
-0.871,1.885
-1.009,0.748
-0.938,1.08
-1.137,2.064
-1.023,-0.356
-1.24,-0.562
-1.897,-0.729
-1.78,-0.77
-1.983,-0.675
-2.442,-1.008
-2.414,-1.079
-2.677,-0.927
-2.597,-0.73
-2.709,-0.767
2.892,-0.938
2.958,-0.686
2.984,-0.804
2.647,-0.797
2.485,-1.036
1.678,-0.897
1.683,-1.106
1.42,-0.88
1.414,-0.901
-0.71,-0.994
-1.195,-0.825
-1.25,3.42
-1.425,3.651
-2.224,3.706
-2.532,3.483
3.092,3.386
2.892,3.344
1.888,3.472
1.87,3.38
1.753,3.388
1.328,3.515
0.925,3.384
0.251,3.559
-0.206,3.413
-0.468,3.397
-2.139,1.426
-2.523,1.427
2.915,0.802
0.849,1.427
0.667,2.043
-0.053,2.793
-0.322,3.006
-0.914,-0.107
1.125,1.736
0.438,2.099
-0.444,2.031
-0.461,2.915
-0.457,2.349
-0.521,2.916
-0.512,1.349
-0.54,2.756
-0.624,2.141
-0.662,2.174
-0.742,1.492
-0.774,2.714
-0.698,2.823
-0.83,1.916
-0.922,1.483
-2.842,0.532
2.15,1.661
-0.504,0.136
-0.93,1.593
-1.186,1.65
-2.912,-0.699
-3.03,-0.569
1.808,-0.452
2.821,3.235
-2.843,-0.638
2.841,-0.814
0.074,0.818
0.061,0.735
-0.035,1.689
0.003,0.297
-0.066,1.668
-0.101,0.878
-0.096,1.874
-0.156,0.587
-0.106,2.295
-0.108,-1.253
-0.202,0.55
-0.154,2.036
-0.168,-0.088
-0.142,2.205
-0.216,1.952
-0.209,0.504
-0.221,1.81
-0.205,0.462
-0.272,1.807
-0.215,0.6
-0.323,2.538
-0.258,0.563
-0.258,-1.228
-0.324,1.846
-0.364,1.285
-0.402,-0.098
-0.351,2.035
-0.354,1.51
-0.357,0.089
-0.468,0.743
-0.409,0.139
-0.4,0.054
-0.496,-0.163
-0.53,-0.313
-0.689,-0.08
-0.632,0.658
-0.699,0.101
-0.785,-0.584
-0.904,0.933
-0.934,1.59
-0.922,0.749
-0.951,2.561
-0.927,1.628
-0.982,2.017
-1.003,2.476
-1.059,-1.288
-0.995,1.226
-1.044,2.531
-1.079,1.922
-1.113,-0.554
-1.235,1.53
-1.176,2.372
-1.202,1.954
-1.278,-0.691
-2.237,-1.337
-2.916,-1.302
-2.943,-1.362
2.917,-1.622
2.871,-1.431
2.589,-1.727
2.585,-1.625
2.432,-1.35
2.169,-1.377
1.69,-1.636
1.688,-1.373
1.336,-1.807
1.307,-1.576
1.066,-1.551
0.64,-1.736
0.473,-1.477
-0.089,-1.455
-0.174,-1.387
-0.76,-1.409
-0.736,-1.474
-1.18,-1.284
-1.431,2.712
-1.675,2.924
-1.918,2.696
-2.754,2.883
-3.019,2.844
3.067,2.824
2.995,2.752
2.873,2.986
2.661,3.03
2.497,2.815
2.465,2.716
2.118,3.037
0.18,2.965
0.229,2.807
0.059,3.015
0.031,3.011
-0.048,2.989
-0.245,2.672
-0.78,2.976
-1.023,3.086
-1.163,2.758
-3.077,-1.098
2.65,2.417
2.32,-0.87
1.874,2.576
-0.006,2.306
-0.002,0.207
-0.051,2.459
-0.761,-0.97
-1.003,1.966
-0.921,1.694
-1.935,-1.465
1.034,-1.76
-0.644,-1.693
-2.928,2.695
-0.268,2.971
-1.483,-1.024
-1.515,0.416
-1.555,2.243
-1.673,-0.008
-1.527,-1.078
-1.682,0.714
-1.776,0.288
-1.787,2.146
-1.971,-1.263
-2.028,0.369
-1.952,1.267
-1.97,2.431
-2.214,1.309
-2.378,1.367
-2.261,-1.309
-2.269,0.062
-2.267,0.06
-2.312,-0.525
-2.282,2.536
-2.377,-0.96
-2.531,0.715
-2.567,0.025
-2.589,0.245
-2.527,-1.025
-2.68,0.439
-2.604,1.073
-2.618,0.098
-2.75,0.503
-2.87,1.44
-3.129,-0.341
-2.982,0.359
3.089,2.412
3.062,-1.127
3.027,2.221
3.079,1.146
2.917,0.426
2.913,-1.246
3.022,1.432
2.889,1.754
2.859,0.895
2.858,0.446
2.829,-0.323
2.924,-0.188
2.936,2.486
2.813,0.16
2.891,-0.63
2.76,2.323
2.745,1.031
2.699,-0.632
2.717,-1.141
2.517,-1.179
2.459,-1.065
2.457,2.015
2.563,2.475
2.486,0.71
2.469,0.797
2.39,0.579
2.416,-1.125
2.245,0.148
2.205,2.351
2.066,-0.973
2.087,1.483
2.045,2.428
2.173,-0.592
1.872,-0.259
2.008,-1.238
1.871,-1.235
1.877,1.389
1.809,0.742
1.806,-0.305
1.563,-0.31
1.717,2.425
1.547,1.554
1.536,2.611
1.667,-0.983
1.508,0.21
1.48,-0.965
1.295,2.212
1.288,-0.178
1.309,0.826
1.332,1.434
1.329,1.101
1.166,0.814
1.256,0.669
1.131,-0.186
1.148,1.463
0.932,2.109
0.858,2.617
0.916,2.392
0.775,-0.82
0.819,2.136
0.64,-1.045
0.473,1.067
0.398,1.747
0.385,-1.199
0.417,-1.085
0.418,2.639
0.36,0.806
0.193,1.334
0.163,-1.147
0.029,-0.054
-0.16,0.534
-0.134,-1.373
-0.194,-1.373
-0.088,1.181
-0.121,0.615
-0.106,1.306
-0.65,-0.406
-0.658,-0.181
-0.805,0.815
-0.781,-0.351
-0.899,-0.265
-0.807,1.4
-0.959,0.68
-0.848,0.341
-0.848,1.241
-0.986,0.104
-0.915,0.436
-1.114,1.42
-1.0,-1.0
-1.217,-1.206
-1.874,-1.373
-1.757,-1.414
-1.96,-1.319
-2.419,-1.652
-2.391,-1.723
-2.654,-1.571
-2.574,-1.374
-2.686,-1.411
2.915,-1.582
2.981,-1.33
3.007,-1.448
2.67,-1.441
2.508,-1.68
1.701,-1.541
1.706,-1.75
1.443,-1.524
1.437,-1.545
-0.687,-1.638
-1.172,-1.469
-1.227,2.776
-1.402,3.007
-2.201,3.062
-2.509,2.839
3.115,2.742
2.915,2.7
1.911,2.828
1.893,2.736
1.776,2.744
1.351,2.871
0.948,2.74
0.274,2.915
-0.183,2.769
-0.445,2.753
-2.116,0.782
-2.5,0.783
2.938,0.158
0.872,0.783
0.69,1.399
-0.03,2.149
-0.299,2.362
-0.891,-0.751
1.148,1.092
0.461,1.455
-0.421,1.387
-0.438,2.271
-0.434,1.705
-0.498,2.272
-0.489,0.705
-0.517,2.112
-0.601,1.497
-0.639,1.53
-0.719,0.848
-0.751,2.07
-0.675,2.179
-0.807,1.272
-0.899,0.839
-2.819,-0.112
2.173,1.017
-0.481,-0.508
-0.907,0.949
-1.163,1.006
-2.889,-1.343
-3.007,-1.213
1.831,-1.096
2.844,2.591
-2.82,-1.282
2.864,-1.458
-0.013,-0.083
-0.109,0.871
-0.071,-0.521
-0.14,0.85
-0.175,0.06
-0.17,1.056
-0.23,-0.231
-0.18,1.477
-0.182,-2.071
-0.276,-0.268
-0.228,1.218
-0.242,-0.906
-0.216,1.387
-0.29,1.134
-0.283,-0.314
-0.295,0.992
-0.279,-0.356
-0.346,0.989
-0.289,-0.218
-0.397,1.72
-0.332,-0.255
-0.332,-2.046
-0.398,1.028
-0.438,0.467
-0.476,-0.916
-0.425,1.217
-0.428,0.692
-0.431,-0.729
-0.542,-0.075
-0.483,-0.679
-0.474,-0.764
-0.57,-0.981
-0.604,-1.131
-0.763,-0.898
-0.706,-0.16
-0.773,-0.717
-0.859,-1.402
-0.978,0.115
-1.008,0.772
-0.996,-0.069
-1.025,1.743
-1.001,0.81
-1.056,1.199
-1.077,1.658
-1.133,-2.106
-1.069,0.408
-1.118,1.713
-1.153,1.104
-1.187,-1.372
-1.309,0.712
-1.25,1.554
-1.276,1.136
-1.352,-1.509
-2.311,-2.155
-2.99,-2.12
-3.017,-2.18
2.843,-2.44
2.797,-2.249
2.515,-2.545
2.511,-2.443
2.358,-2.168
2.095,-2.195
1.616,-2.454
1.614,-2.191
1.262,-2.625
1.233,-2.394
0.992,-2.369
0.566,-2.554
0.399,-2.295
-0.163,-2.273
-0.248,-2.205
-0.834,-2.227
-0.81,-2.292
-1.254,-2.102
-1.505,1.894
-1.749,2.106
-1.992,1.878
-2.828,2.065
-3.093,2.026
2.993,2.006
2.921,1.934
2.799,2.168
2.587,2.212
2.423,1.997
2.391,1.898
2.044,2.219
0.106,2.147
0.155,1.989
-0.015,2.197
-0.043,2.193
-0.122,2.171
-0.319,1.854
-0.854,2.158
-1.097,2.268
-1.237,1.94
3.132,-1.916
2.576,1.599
2.246,-1.688
1.8,1.758
-0.08,1.488
-0.076,-0.611
-0.125,1.641
-0.835,-1.788
-1.077,1.148
-0.995,0.876
-2.009,-2.283
0.96,-2.578
-0.718,-2.511
-3.002,1.877
-0.342,2.153
-1.557,-1.842
-1.589,-0.402
-1.629,1.425
-1.747,-0.826
-1.601,-1.896
-1.756,-0.104
-1.85,-0.53
-1.861,1.328
-2.045,-2.081
-2.102,-0.449
-2.026,0.449
-2.044,1.613
-2.288,0.491
-2.452,0.549
-2.335,-2.127
-2.343,-0.756
-2.341,-0.758
-2.386,-1.343
-2.356,1.718
-2.451,-1.778
-2.605,-0.103
-2.641,-0.793
-2.663,-0.573
-2.601,-1.843
-2.754,-0.379
-2.678,0.255
-2.692,-0.72
-2.824,-0.315
-2.944,0.622
3.08,-1.159
-3.056,-0.459
3.015,1.594
2.988,-1.945
2.953,1.403
3.005,0.328
2.843,-0.392
2.839,-2.064
2.948,0.614
2.815,0.936
2.785,0.077
2.784,-0.372
2.755,-1.141
2.85,-1.006
2.862,1.668
2.739,-0.658
2.817,-1.448
2.686,1.505
2.671,0.213
2.625,-1.45
2.643,-1.959
2.443,-1.997
2.385,-1.883
2.383,1.197
2.489,1.657
2.412,-0.108
2.395,-0.021
2.316,-0.239
2.342,-1.943
2.171,-0.67
2.131,1.533
1.992,-1.791
2.013,0.665
1.971,1.61
2.099,-1.41
1.798,-1.077
1.934,-2.056
1.797,-2.053
1.803,0.571
1.735,-0.076
1.732,-1.123
1.489,-1.128
1.643,1.607
1.473,0.736
1.462,1.793
1.593,-1.801
1.434,-0.608
1.406,-1.783
1.221,1.394
1.214,-0.996
1.235,0.008
1.258,0.616
1.255,0.283
1.092,-0.004
1.182,-0.149
1.057,-1.004
1.074,0.645
0.858,1.291
0.784,1.799
0.842,1.574
0.701,-1.638
0.745,1.318
0.566,-1.863
0.399,0.249
0.324,0.929
0.311,-2.017
0.343,-1.903
0.344,1.821
0.286,-0.012
0.119,0.516
0.089,-1.965
-0.045,-0.872
-0.234,-0.284
-0.208,-2.191
-0.268,-2.191
-0.162,0.363
-0.195,-0.203
-0.18,0.488
-0.724,-1.224
-0.732,-0.999
-0.879,-0.003
-0.855,-1.169
-0.973,-1.083
-0.881,0.582
-1.033,-0.138
-0.922,-0.477
-0.922,0.423
-1.06,-0.714
-0.989,-0.382
-1.188,0.602
-1.074,-1.818
-1.291,-2.024
-1.948,-2.191
-1.831,-2.232
-2.034,-2.137
-2.493,-2.47
-2.465,-2.541
-2.728,-2.389
-2.648,-2.192
-2.76,-2.229
2.841,-2.4
2.907,-2.148
2.933,-2.266
2.596,-2.259
2.434,-2.498
1.627,-2.359
1.632,-2.568
1.369,-2.342
1.363,-2.363
-0.761,-2.456
-1.246,-2.287
-1.301,1.958
-1.476,2.189
-2.275,2.244
-2.583,2.021
3.041,1.924
2.841,1.882
1.837,2.01
1.819,1.918
1.702,1.926
1.277,2.053
0.874,1.922
0.2,2.097
-0.257,1.951
-0.519,1.935
-2.19,-0.036
-2.574,-0.035
2.864,-0.66
0.798,-0.035
0.616,0.581
-0.104,1.331
-0.373,1.544
-0.965,-1.569
1.074,0.274
0.387,0.637
-0.495,0.569
-0.512,1.453
-0.508,0.887
-0.572,1.454
-0.563,-0.113
-0.591,1.294
-0.675,0.679
-0.713,0.712
-0.793,0.03
-0.825,1.252
-0.749,1.361
-0.881,0.454
-0.973,0.021
-2.893,-0.93
2.099,0.199
-0.555,-1.326
-0.981,0.131
-1.237,0.188
-2.963,-2.161
-3.081,-2.031
1.757,-1.914
2.77,1.773
-2.894,-2.1
2.79,-2.276
-0.096,0.954
-0.058,-0.438
-0.127,0.933
-0.162,0.143
-0.157,1.139
-0.217,-0.148
-0.167,1.56
-0.169,-1.988
-0.263,-0.185
-0.215,1.301
-0.229,-0.823
-0.203,1.47
-0.277,1.217
-0.27,-0.231
-0.282,1.075
-0.266,-0.273
-0.333,1.072
-0.276,-0.135
-0.384,1.803
-0.319,-0.172
-0.319,-1.963
-0.385,1.111
-0.425,0.55
-0.463,-0.833
-0.412,1.3
-0.415,0.775
-0.418,-0.646
-0.529,0.008
-0.47,-0.596
-0.461,-0.681
-0.557,-0.898
-0.591,-1.048
-0.75,-0.815
-0.693,-0.077
-0.76,-0.634
-0.846,-1.319
-0.965,0.198
-0.995,0.855
-0.983,0.014
-1.012,1.826
-0.988,0.893
-1.043,1.282
-1.064,1.741
-1.12,-2.023
-1.056,0.491
-1.105,1.796
-1.14,1.187
-1.174,-1.289
-1.296,0.795
-1.237,1.637
-1.263,1.219
-1.339,-1.426
-2.298,-2.072
-2.977,-2.037
-3.004,-2.097
2.856,-2.357
2.81,-2.166
2.528,-2.462
2.524,-2.36
2.371,-2.085
2.108,-2.112
1.629,-2.371
1.627,-2.108
1.275,-2.542
1.246,-2.311
1.005,-2.286
0.579,-2.471
0.412,-2.212
-0.15,-2.19
-0.235,-2.122
-0.821,-2.144
-0.797,-2.209
-1.241,-2.019
-1.492,1.977
-1.736,2.189
-1.979,1.961
-2.815,2.148
-3.08,2.109
3.006,2.089
2.934,2.017
2.812,2.251
2.6,2.295
2.436,2.08
2.404,1.981
2.057,2.302
0.119,2.23
0.168,2.072
-0.002,2.28
-0.03,2.276
-0.109,2.254
-0.306,1.937
-0.841,2.241
-1.084,2.351
-1.224,2.023
-3.138,-1.833
2.589,1.682
2.259,-1.605
1.813,1.841
-0.067,1.571
-0.063,-0.528
-0.112,1.724
-0.822,-1.705
-1.064,1.231
-0.982,0.959
-1.996,-2.2
0.973,-2.495
-0.705,-2.428
-2.989,1.96
-0.329,2.236
-1.544,-1.759
-1.576,-0.319
-1.616,1.508
-1.734,-0.743
-1.588,-1.813
-1.743,-0.021
-1.837,-0.447
-1.848,1.411
-2.032,-1.998
-2.089,-0.366
-2.013,0.532
-2.031,1.696
-2.275,0.574
-2.439,0.632
-2.322,-2.044
-2.33,-0.673
-2.328,-0.675
-2.373,-1.26
-2.343,1.801
-2.438,-1.695
-2.592,-0.02
-2.628,-0.71
-2.65,-0.49
-2.588,-1.76
-2.741,-0.296
-2.665,0.338
-2.679,-0.637
-2.811,-0.232
-2.931,0.705
3.093,-1.076
-3.043,-0.376
3.028,1.677
3.001,-1.862
2.966,1.486
3.018,0.411
2.856,-0.309
2.852,-1.981
2.961,0.697
2.828,1.019
2.798,0.16
2.797,-0.289
2.768,-1.058
2.863,-0.923
2.875,1.751
2.752,-0.575
2.83,-1.365
2.699,1.588
2.684,0.296
2.638,-1.367
2.656,-1.876
2.456,-1.914
2.398,-1.8
2.396,1.28
2.502,1.74
2.425,-0.025
2.408,0.062
2.329,-0.156
2.355,-1.86
2.184,-0.587
2.144,1.616
2.005,-1.708
2.026,0.748
1.984,1.693
2.112,-1.327
1.811,-0.994
1.947,-1.973
1.81,-1.97
1.816,0.654
1.748,0.007
1.745,-1.04
1.502,-1.045
1.656,1.69
1.486,0.819
1.475,1.876
1.606,-1.718
1.447,-0.525
1.419,-1.7
1.234,1.477
1.227,-0.913
1.248,0.091
1.271,0.699
1.268,0.366
1.105,0.079
1.195,-0.066
1.07,-0.921
1.087,0.728
0.871,1.374
0.797,1.882
0.855,1.657
0.714,-1.555
0.758,1.401
0.579,-1.78
0.412,0.332
0.337,1.012
0.324,-1.934
0.356,-1.82
0.357,1.904
0.299,0.071
0.132,0.599
0.102,-1.882
-0.032,-0.789
-0.221,-0.201
-0.195,-2.108
-0.255,-2.108
-0.149,0.446
-0.182,-0.12
-0.167,0.571
-0.711,-1.141
-0.719,-0.916
-0.866,0.08
-0.842,-1.086
-0.96,-1.0
-0.868,0.665
-1.02,-0.055
-0.909,-0.394
-0.909,0.506
-1.047,-0.631
-0.976,-0.299
-1.175,0.685
-1.061,-1.735
-1.278,-1.941
-1.935,-2.108
-1.818,-2.149
-2.021,-2.054
-2.48,-2.387
-2.452,-2.458
-2.715,-2.306
-2.635,-2.109
-2.747,-2.146
2.854,-2.317
2.92,-2.065
2.946,-2.183
2.609,-2.176
2.447,-2.415
1.64,-2.276
1.645,-2.485
1.382,-2.259
1.376,-2.28
-0.748,-2.373
-1.233,-2.204
-1.288,2.041
-1.463,2.272
-2.262,2.327
-2.57,2.104
3.054,2.007
2.854,1.965
1.85,2.093
1.832,2.001
1.715,2.009
1.29,2.136
0.887,2.005
0.213,2.18
-0.244,2.034
-0.506,2.018
-2.177,0.047
-2.561,0.048
2.877,-0.577
0.811,0.048
0.629,0.664
-0.091,1.414
-0.36,1.627
-0.952,-1.486
1.087,0.357
0.4,0.72
-0.482,0.652
-0.499,1.536
-0.495,0.97
-0.559,1.537
-0.55,-0.03
-0.578,1.377
-0.662,0.762
-0.7,0.795
-0.78,0.113
-0.812,1.335
-0.736,1.444
-0.868,0.537
-0.96,0.104
-2.88,-0.847
2.112,0.282
-0.542,-1.243
-0.968,0.214
-1.224,0.271
-2.95,-2.078
-3.068,-1.948
1.77,-1.831
2.783,1.856
-2.881,-2.017
2.803,-2.193
0.038,-1.392
-0.031,-0.021
-0.066,-0.811
-0.061,0.185
-0.121,-1.102
-0.071,0.606
-0.073,-2.942
-0.167,-1.139
-0.119,0.347
-0.133,-1.777
-0.107,0.516
-0.181,0.263
-0.174,-1.185
-0.186,0.121
-0.17,-1.227
-0.237,0.118
-0.18,-1.089
-0.288,0.849
-0.223,-1.126
-0.223,-2.917
-0.289,0.157
-0.329,-0.404
-0.367,-1.787
-0.316,0.346
-0.319,-0.179
-0.322,-1.6
-0.433,-0.946
-0.374,-1.55
-0.365,-1.635
-0.461,-1.852
-0.495,-2.002
-0.654,-1.769
-0.597,-1.031
-0.664,-1.588
-0.75,-2.273
-0.869,-0.756
-0.899,-0.099
-0.887,-0.94
-0.916,0.872
-0.892,-0.061
-0.947,0.328
-0.968,0.787
-1.024,-2.977
-0.96,-0.463
-1.009,0.842
-1.044,0.233
-1.078,-2.243
-1.2,-0.159
-1.141,0.683
-1.167,0.265
-1.243,-2.38
-2.202,-3.026
-2.881,-2.991
-2.908,-3.051
2.952,-3.311
2.906,-3.12
2.624,-3.416
2.62,-3.314
2.467,-3.039
2.204,-3.066
1.725,-3.325
1.723,-3.062
1.371,-3.496
1.342,-3.265
1.101,-3.24
0.675,-3.425
0.508,-3.166
-0.054,-3.144
-0.139,-3.076
-0.725,-3.098
-0.701,-3.163
-1.145,-2.973
-1.396,1.023
-1.64,1.235
-1.883,1.007
-2.719,1.194
-2.984,1.155
3.102,1.135
3.03,1.063
2.908,1.297
2.696,1.341
2.532,1.126
2.5,1.027
2.153,1.348
0.215,1.276
0.264,1.118
0.094,1.326
0.066,1.322
-0.013,1.3
-0.21,0.983
-0.745,1.287
-0.988,1.397
-1.128,1.069
-3.042,-2.787
2.685,0.728
2.355,-2.559
1.909,0.887
0.029,0.617
0.033,-1.482
-0.016,0.77
-0.726,-2.659
-0.968,0.277
-0.886,0.005
-1.9,-3.154
1.069,-3.449
-0.609,-3.382
-2.893,1.006
-0.233,1.282
-1.448,-2.713
-1.48,-1.273
-1.52,0.554
-1.638,-1.697
-1.492,-2.767
-1.647,-0.975
-1.741,-1.401
-1.752,0.457
-1.936,-2.952
-1.993,-1.32
-1.917,-0.422
-1.935,0.742
-2.179,-0.38
-2.343,-0.322
-2.226,-2.998
-2.234,-1.627
-2.232,-1.629
-2.277,-2.214
-2.247,0.847
-2.342,-2.649
-2.496,-0.974
-2.532,-1.664
-2.554,-1.444
-2.492,-2.714
-2.645,-1.25
-2.569,-0.616
-2.583,-1.591
-2.715,-1.186
-2.835,-0.249
-3.094,-2.03
-2.947,-1.33
3.124,0.723
3.097,-2.816
3.062,0.532
3.114,-0.543
2.952,-1.263
2.948,-2.935
3.057,-0.257
2.924,0.065
2.894,-0.794
2.893,-1.243
2.864,-2.012
2.959,-1.877
2.971,0.797
2.848,-1.529
2.926,-2.319
2.795,0.634
2.78,-0.658
2.734,-2.321
2.752,-2.83
2.552,-2.868
2.494,-2.754
2.492,0.326
2.598,0.786
2.521,-0.979
2.504,-0.892
2.425,-1.11
2.451,-2.814
2.28,-1.541
2.24,0.662
2.101,-2.662
2.122,-0.206
2.08,0.739
2.208,-2.281
1.907,-1.948
2.043,-2.927
1.906,-2.924
1.912,-0.3
1.844,-0.947
1.841,-1.994
1.598,-1.999
1.752,0.736
1.582,-0.135
1.571,0.922
1.702,-2.672
1.543,-1.479
1.515,-2.654
1.33,0.523
1.323,-1.867
1.344,-0.863
1.367,-0.255
1.364,-0.588
1.201,-0.875
1.291,-1.02
1.166,-1.875
1.183,-0.226
0.967,0.42
0.893,0.928
0.951,0.703
0.81,-2.509
0.854,0.447
0.675,-2.734
0.508,-0.622
0.433,0.058
0.42,-2.888
0.452,-2.774
0.453,0.95
0.395,-0.883
0.228,-0.355
0.198,-2.836
0.064,-1.743
-0.125,-1.155
-0.099,-3.062
-0.159,-3.062
-0.053,-0.508
-0.086,-1.074
-0.071,-0.383
-0.615,-2.095
-0.623,-1.87
-0.77,-0.874
-0.746,-2.04
-0.864,-1.954
-0.772,-0.289
-0.924,-1.009
-0.813,-1.348
-0.813,-0.448
-0.951,-1.585
-0.88,-1.253
-1.079,-0.269
-0.965,-2.689
-1.182,-2.895
-1.839,-3.062
-1.722,-3.103
-1.925,-3.008
-2.384,-3.341
-2.356,-3.412
-2.619,-3.26
-2.539,-3.063
-2.651,-3.1
2.95,-3.271
3.016,-3.019
3.042,-3.137
2.705,-3.13
2.543,-3.369
1.736,-3.23
1.741,-3.439
1.478,-3.213
1.472,-3.234
-0.652,-3.327
-1.137,-3.158
-1.192,1.087
-1.367,1.318
-2.166,1.373
-2.474,1.15
-3.133,1.053
2.95,1.011
1.946,1.139
1.928,1.047
1.811,1.055
1.386,1.182
0.983,1.051
0.309,1.226
-0.148,1.08
-0.41,1.064
-2.081,-0.907
-2.465,-0.906
2.973,-1.531
0.907,-0.906
0.725,-0.29
0.005,0.46
-0.264,0.673
-0.856,-2.44
1.183,-0.597
0.496,-0.234
-0.386,-0.302
-0.403,0.582
-0.399,0.016
-0.463,0.583
-0.454,-0.984
-0.482,0.423
-0.566,-0.192
-0.604,-0.159
-0.684,-0.841
-0.716,0.381
-0.64,0.49
-0.772,-0.417
-0.864,-0.85
-2.784,-1.801
2.208,-0.672
-0.446,-2.197
-0.872,-0.74
-1.128,-0.683
-2.854,-3.032
-2.972,-2.902
1.866,-2.785
2.879,0.902
-2.785,-2.971
2.899,-3.147
-0.069,1.371
-0.104,0.581
-0.099,1.577
-0.159,0.29
-0.109,1.998
-0.111,-1.55
-0.205,0.253
-0.157,1.739
-0.171,-0.385
-0.145,1.908
-0.219,1.655
-0.212,0.207
-0.224,1.513
-0.208,0.165
-0.275,1.51
-0.218,0.303
-0.326,2.241
-0.261,0.266
-0.261,-1.525
-0.327,1.549
-0.367,0.988
-0.405,-0.395
-0.354,1.738
-0.357,1.213
-0.36,-0.208
-0.471,0.446
-0.412,-0.158
-0.403,-0.243
-0.499,-0.46
-0.533,-0.61
-0.692,-0.377
-0.635,0.361
-0.702,-0.196
-0.788,-0.881
-0.907,0.636
-0.937,1.293
-0.925,0.452
-0.954,2.264
-0.93,1.331
-0.985,1.72
-1.006,2.179
-1.062,-1.585
-0.998,0.929
-1.047,2.234
-1.082,1.625
-1.116,-0.851
-1.238,1.233
-1.179,2.075
-1.205,1.657
-1.281,-0.988
-2.24,-1.634
-2.919,-1.599
-2.946,-1.659
2.914,-1.919
2.868,-1.728
2.586,-2.024
2.582,-1.922
2.429,-1.647
2.166,-1.674
1.687,-1.933
1.685,-1.67
1.333,-2.104
1.304,-1.873
1.063,-1.848
0.637,-2.033
0.47,-1.774
-0.092,-1.752
-0.177,-1.684
-0.763,-1.706
-0.739,-1.771
-1.183,-1.581
-1.434,2.415
-1.678,2.627
-1.921,2.399
-2.757,2.586
-3.022,2.547
3.064,2.527
2.992,2.455
2.87,2.689
2.658,2.733
2.494,2.518
2.462,2.419
2.115,2.74
0.177,2.668
0.226,2.51
0.056,2.718
0.028,2.714
-0.051,2.692
-0.248,2.375
-0.783,2.679
-1.026,2.789
-1.166,2.461
-3.08,-1.395
2.647,2.12
2.317,-1.167
1.871,2.279
-0.009,2.009
-0.005,-0.09
-0.054,2.162
-0.764,-1.267
-1.006,1.669
-0.924,1.397
-1.938,-1.762
1.031,-2.057
-0.647,-1.99
-2.931,2.398
-0.271,2.674
-1.486,-1.321
-1.518,0.119
-1.558,1.946
-1.676,-0.305
-1.53,-1.375
-1.685,0.417
-1.779,-0.009
-1.79,1.849
-1.974,-1.56
-2.031,0.072
-1.955,0.97
-1.973,2.134
-2.217,1.012
-2.381,1.07
-2.264,-1.606
-2.272,-0.235
-2.27,-0.237
-2.315,-0.822
-2.285,2.239
-2.38,-1.257
-2.534,0.418
-2.57,-0.272
-2.592,-0.052
-2.53,-1.322
-2.683,0.142
-2.607,0.776
-2.621,-0.199
-2.753,0.206
-2.873,1.143
-3.132,-0.638
-2.985,0.062
3.086,2.115
3.059,-1.424
3.024,1.924
3.076,0.849
2.914,0.129
2.91,-1.543
3.019,1.135
2.886,1.457
2.856,0.598
2.855,0.149
2.826,-0.62
2.921,-0.485
2.933,2.189
2.81,-0.137
2.888,-0.927
2.757,2.026
2.742,0.734
2.696,-0.929
2.714,-1.438
2.514,-1.476
2.456,-1.362
2.454,1.718
2.56,2.178
2.483,0.413
2.466,0.5
2.387,0.282
2.413,-1.422
2.242,-0.149
2.202,2.054
2.063,-1.27
2.084,1.186
2.042,2.131
2.17,-0.889
1.869,-0.556
2.005,-1.535
1.868,-1.532
1.874,1.092
1.806,0.445
1.803,-0.602
1.56,-0.607
1.714,2.128
1.544,1.257
1.533,2.314
1.664,-1.28
1.505,-0.087
1.477,-1.262
1.292,1.915
1.285,-0.475
1.306,0.529
1.329,1.137
1.326,0.804
1.163,0.517
1.253,0.372
1.128,-0.483
1.145,1.166
0.929,1.812
0.855,2.32
0.913,2.095
0.772,-1.117
0.816,1.839
0.637,-1.342
0.47,0.77
0.395,1.45
0.382,-1.496
0.414,-1.382
0.415,2.342
0.357,0.509
0.19,1.037
0.16,-1.444
0.026,-0.351
-0.163,0.237
-0.137,-1.67
-0.197,-1.67
-0.091,0.884
-0.124,0.318
-0.109,1.009
-0.653,-0.703
-0.661,-0.478
-0.808,0.518
-0.784,-0.648
-0.902,-0.562
-0.81,1.103
-0.962,0.383
-0.851,0.044
-0.851,0.944
-0.989,-0.193
-0.918,0.139
-1.117,1.123
-1.003,-1.297
-1.22,-1.503
-1.877,-1.67
-1.76,-1.711
-1.963,-1.616
-2.422,-1.949
-2.394,-2.02
-2.657,-1.868
-2.577,-1.671
-2.689,-1.708
2.912,-1.879
2.978,-1.627
3.004,-1.745
2.667,-1.738
2.505,-1.977
1.698,-1.838
1.703,-2.047
1.44,-1.821
1.434,-1.842
-0.69,-1.935
-1.175,-1.766
-1.23,2.479
-1.405,2.71
-2.204,2.765
-2.512,2.542
3.112,2.445
2.912,2.403
1.908,2.531
1.89,2.439
1.773,2.447
1.348,2.574
0.945,2.443
0.271,2.618
-0.186,2.472
-0.448,2.456
-2.119,0.485
-2.503,0.486
2.935,-0.139
0.869,0.486
0.687,1.102
-0.033,1.852
-0.302,2.065
-0.894,-1.048
1.145,0.795
0.458,1.158
-0.424,1.09
-0.441,1.974
-0.437,1.408
-0.501,1.975
-0.492,0.408
-0.52,1.815
-0.604,1.2
-0.642,1.233
-0.722,0.551
-0.754,1.773
-0.678,1.882
-0.81,0.975
-0.902,0.542
-2.822,-0.409
2.17,0.72
-0.484,-0.805
-0.91,0.652
-1.166,0.709
-2.892,-1.64
-3.01,-1.51
1.828,-1.393
2.841,2.294
-2.823,-1.579
2.861,-1.755
-0.035,-0.79
-0.03,0.206
-0.09,-1.081
-0.04,0.627
-0.042,-2.921
-0.136,-1.118
-0.088,0.368
-0.102,-1.756
-0.076,0.537
-0.15,0.284
-0.143,-1.164
-0.155,0.142
-0.139,-1.206
-0.206,0.139
-0.149,-1.068
-0.257,0.87
-0.192,-1.105
-0.192,-2.896
-0.258,0.178
-0.298,-0.383
-0.336,-1.766
-0.285,0.367
-0.288,-0.158
-0.291,-1.579
-0.402,-0.925
-0.343,-1.529
-0.334,-1.614
-0.43,-1.831
-0.464,-1.981
-0.623,-1.748
-0.566,-1.01
-0.633,-1.567
-0.719,-2.252
-0.838,-0.735
-0.868,-0.078
-0.856,-0.919
-0.885,0.893
-0.861,-0.04
-0.916,0.349
-0.937,0.808
-0.993,-2.956
-0.929,-0.442
-0.978,0.863
-1.013,0.254
-1.047,-2.222
-1.169,-0.138
-1.11,0.704
-1.136,0.286
-1.212,-2.359
-2.171,-3.005
-2.85,-2.97
-2.877,-3.03
2.983,-3.29
2.937,-3.099
2.655,-3.395
2.651,-3.293
2.498,-3.018
2.235,-3.045
1.756,-3.304
1.754,-3.041
1.402,-3.475
1.373,-3.244
1.132,-3.219
0.706,-3.404
0.539,-3.145
-0.023,-3.123
-0.108,-3.055
-0.694,-3.077
-0.67,-3.142
-1.114,-2.952
-1.365,1.044
-1.609,1.256
-1.852,1.028
-2.688,1.215
-2.953,1.176
3.133,1.156
3.061,1.084
2.939,1.318
2.727,1.362
2.563,1.147
2.531,1.048
2.184,1.369
0.246,1.297
0.295,1.139
0.125,1.347
0.097,1.343
0.018,1.321
-0.179,1.004
-0.714,1.308
-0.957,1.418
-1.097,1.09
-3.011,-2.766
2.716,0.749
2.386,-2.538
1.94,0.908
0.06,0.638
0.064,-1.461
0.015,0.791
-0.695,-2.638
-0.937,0.298
-0.855,0.026
-1.869,-3.133
1.1,-3.428
-0.578,-3.361
-2.862,1.027
-0.202,1.303
-1.417,-2.692
-1.449,-1.252
-1.489,0.575
-1.607,-1.676
-1.461,-2.746
-1.616,-0.954
-1.71,-1.38
-1.721,0.478
-1.905,-2.931
-1.962,-1.299
-1.886,-0.401
-1.904,0.763
-2.148,-0.359
-2.312,-0.301
-2.195,-2.977
-2.203,-1.606
-2.201,-1.608
-2.246,-2.193
-2.216,0.868
-2.311,-2.628
-2.465,-0.953
-2.501,-1.643
-2.523,-1.423
-2.461,-2.693
-2.614,-1.229
-2.538,-0.595
-2.552,-1.57
-2.684,-1.165
-2.804,-0.228
-3.063,-2.009
-2.916,-1.309
-3.128,0.744
3.128,-2.795
3.093,0.553
-3.138,-0.522
2.983,-1.242
2.979,-2.914
3.088,-0.236
2.955,0.086
2.925,-0.773
2.924,-1.222
2.895,-1.991
2.99,-1.856
3.002,0.818
2.879,-1.508
2.957,-2.298
2.826,0.655
2.811,-0.637
2.765,-2.3
2.783,-2.809
2.583,-2.847
2.525,-2.733
2.523,0.347
2.629,0.807
2.552,-0.958
2.535,-0.871
2.456,-1.089
2.482,-2.793
2.311,-1.52
2.271,0.683
2.132,-2.641
2.153,-0.185
2.111,0.76
2.239,-2.26
1.938,-1.927
2.074,-2.906
1.937,-2.903
1.943,-0.279
1.875,-0.926
1.872,-1.973
1.629,-1.978
1.783,0.757
1.613,-0.114
1.602,0.943
1.733,-2.651
1.574,-1.458
1.546,-2.633
1.361,0.544
1.354,-1.846
1.375,-0.842
1.398,-0.234
1.395,-0.567
1.232,-0.854
1.322,-0.999
1.197,-1.854
1.214,-0.205
0.998,0.441
0.924,0.949
0.982,0.724
0.841,-2.488
0.885,0.468
0.706,-2.713
0.539,-0.601
0.464,0.079
0.451,-2.867
0.483,-2.753
0.484,0.971
0.426,-0.862
0.259,-0.334
0.229,-2.815
0.095,-1.722
-0.094,-1.134
-0.068,-3.041
-0.128,-3.041
-0.022,-0.487
-0.055,-1.053
-0.04,-0.362
-0.584,-2.074
-0.592,-1.849
-0.739,-0.853
-0.715,-2.019
-0.833,-1.933
-0.741,-0.268
-0.893,-0.988
-0.782,-1.327
-0.782,-0.427
-0.92,-1.564
-0.849,-1.232
-1.048,-0.248
-0.934,-2.668
-1.151,-2.874
-1.808,-3.041
-1.691,-3.082
-1.894,-2.987
-2.353,-3.32
-2.325,-3.391
-2.588,-3.239
-2.508,-3.042
-2.62,-3.079
2.981,-3.25
3.047,-2.998
3.073,-3.116
2.736,-3.109
2.574,-3.348
1.767,-3.209
1.772,-3.418
1.509,-3.192
1.503,-3.213
-0.621,-3.306
-1.106,-3.137
-1.161,1.108
-1.336,1.339
-2.135,1.394
-2.443,1.171
-3.102,1.074
2.981,1.032
1.977,1.16
1.959,1.068
1.842,1.076
1.417,1.203
1.014,1.072
0.34,1.247
-0.117,1.101
-0.379,1.085
-2.05,-0.886
-2.434,-0.885
3.004,-1.51
0.938,-0.885
0.756,-0.269
0.036,0.481
-0.233,0.694
-0.825,-2.419
1.214,-0.576
0.527,-0.213
-0.355,-0.281
-0.372,0.603
-0.368,0.037
-0.432,0.604
-0.423,-0.963
-0.451,0.444
-0.535,-0.171
-0.573,-0.138
-0.653,-0.82
-0.685,0.402
-0.609,0.511
-0.741,-0.396
-0.833,-0.829
-2.753,-1.78
2.239,-0.651
-0.415,-2.176
-0.841,-0.719
-1.097,-0.662
-2.823,-3.011
-2.941,-2.881
1.897,-2.764
2.91,0.923
-2.754,-2.95
2.93,-3.126
0.005,0.996
-0.055,-0.291
-0.005,1.417
-0.007,-2.131
-0.101,-0.328
-0.053,1.158
-0.067,-0.966
-0.041,1.327
-0.115,1.074
-0.108,-0.374
-0.12,0.932
-0.104,-0.416
-0.171,0.929
-0.114,-0.278
-0.222,1.66
-0.157,-0.315
-0.157,-2.106
-0.223,0.968
-0.263,0.407
-0.301,-0.976
-0.25,1.157
-0.253,0.632
-0.256,-0.789
-0.367,-0.135
-0.308,-0.739
-0.299,-0.824
-0.395,-1.041
-0.429,-1.191
-0.588,-0.958
-0.531,-0.22
-0.598,-0.777
-0.684,-1.462
-0.803,0.055
-0.833,0.712
-0.821,-0.129
-0.85,1.683
-0.826,0.75
-0.881,1.139
-0.902,1.598
-0.958,-2.166
-0.894,0.348
-0.943,1.653
-0.978,1.044
-1.012,-1.432
-1.134,0.652
-1.075,1.494
-1.101,1.076
-1.177,-1.569
-2.136,-2.215
-2.815,-2.18
-2.842,-2.24
3.018,-2.5
2.972,-2.309
2.69,-2.605
2.686,-2.503
2.533,-2.228
2.27,-2.255
1.791,-2.514
1.789,-2.251
1.437,-2.685
1.408,-2.454
1.167,-2.429
0.741,-2.614
0.574,-2.355
0.012,-2.333
-0.073,-2.265
-0.659,-2.287
-0.635,-2.352
-1.079,-2.162
-1.33,1.834
-1.574,2.046
-1.817,1.818
-2.653,2.005
-2.918,1.966
-3.115,1.946
3.096,1.874
2.974,2.108
2.762,2.152
2.598,1.937
2.566,1.838
2.219,2.159
0.281,2.087
0.33,1.929
0.16,2.137
0.132,2.133
0.053,2.111
-0.144,1.794
-0.679,2.098
-0.922,2.208
-1.062,1.88
-2.976,-1.976
2.751,1.539
2.421,-1.748
1.975,1.698
0.095,1.428
0.099,-0.671
0.05,1.581
-0.66,-1.848
-0.902,1.088
-0.82,0.816
-1.834,-2.343
1.135,-2.638
-0.543,-2.571
-2.827,1.817
-0.167,2.093
-1.382,-1.902
-1.414,-0.462
-1.454,1.365
-1.572,-0.886
-1.426,-1.956
-1.581,-0.164
-1.675,-0.59
-1.686,1.268
-1.87,-2.141
-1.927,-0.509
-1.851,0.389
-1.869,1.553
-2.113,0.431
-2.277,0.489
-2.16,-2.187
-2.168,-0.816
-2.166,-0.818
-2.211,-1.403
-2.181,1.658
-2.276,-1.838
-2.43,-0.163
-2.466,-0.853
-2.488,-0.633
-2.426,-1.903
-2.579,-0.439
-2.503,0.195
-2.517,-0.78
-2.649,-0.375
-2.769,0.562
-3.028,-1.219
-2.881,-0.519
-3.093,1.534
-3.12,-2.005
3.128,1.343
-3.103,0.268
3.018,-0.452
3.014,-2.124
3.123,0.554
2.99,0.876
2.96,0.017
2.959,-0.432
2.93,-1.201
3.025,-1.066
3.037,1.608
2.914,-0.718
2.992,-1.508
2.861,1.445
2.846,0.153
2.8,-1.51
2.818,-2.019
2.618,-2.057
2.56,-1.943
2.558,1.137
2.664,1.597
2.587,-0.168
2.57,-0.081
2.491,-0.299
2.517,-2.003
2.346,-0.73
2.306,1.473
2.167,-1.851
2.188,0.605
2.146,1.55
2.274,-1.47
1.973,-1.137
2.109,-2.116
1.972,-2.113
1.978,0.511
1.91,-0.136
1.907,-1.183
1.664,-1.188
1.818,1.547
1.648,0.676
1.637,1.733
1.768,-1.861
1.609,-0.668
1.581,-1.843
1.396,1.334
1.389,-1.056
1.41,-0.052
1.433,0.556
1.43,0.223
1.267,-0.064
1.357,-0.209
1.232,-1.064
1.249,0.585
1.033,1.231
0.959,1.739
1.017,1.514
0.876,-1.698
0.92,1.258
0.741,-1.923
0.574,0.189
0.499,0.869
0.486,-2.077
0.518,-1.963
0.519,1.761
0.461,-0.072
0.294,0.456
0.264,-2.025
0.13,-0.932
-0.059,-0.344
-0.033,-2.251
-0.093,-2.251
0.013,0.303
-0.02,-0.263
-0.005,0.428
-0.549,-1.284
-0.557,-1.059
-0.704,-0.063
-0.68,-1.229
-0.798,-1.143
-0.706,0.522
-0.858,-0.198
-0.747,-0.537
-0.747,0.363
-0.885,-0.774
-0.814,-0.442
-1.013,0.542
-0.899,-1.878
-1.116,-2.084
-1.773,-2.251
-1.656,-2.292
-1.859,-2.197
-2.318,-2.53
-2.29,-2.601
-2.553,-2.449
-2.473,-2.252
-2.585,-2.289
3.016,-2.46
3.082,-2.208
3.108,-2.326
2.771,-2.319
2.609,-2.558
1.802,-2.419
1.807,-2.628
1.544,-2.402
1.538,-2.423
-0.586,-2.516
-1.071,-2.347
-1.126,1.898
-1.301,2.129
-2.1,2.184
-2.408,1.961
-3.067,1.864
3.016,1.822
2.012,1.95
1.994,1.858
1.877,1.866
1.452,1.993
1.049,1.862
0.375,2.037
-0.082,1.891
-0.344,1.875
-2.015,-0.096
-2.399,-0.095
3.039,-0.72
0.973,-0.095
0.791,0.521
0.071,1.271
-0.198,1.484
-0.79,-1.629
1.249,0.214
0.562,0.577
-0.32,0.509
-0.337,1.393
-0.333,0.827
-0.397,1.394
-0.388,-0.173
-0.416,1.234
-0.5,0.619
-0.538,0.652
-0.618,-0.03
-0.65,1.192
-0.574,1.301
-0.706,0.394
-0.798,-0.039
-2.718,-0.99
2.274,0.139
-0.38,-1.386
-0.806,0.071
-1.062,0.128
-2.788,-2.221
-2.906,-2.091
1.932,-1.974
2.945,1.713
-2.719,-2.16
2.965,-2.336
-0.06,-1.287
-0.01,0.421
-0.012,-3.127
-0.106,-1.324
-0.058,0.162
-0.072,-1.962
-0.046,0.331
-0.12,0.078
-0.113,-1.37
-0.125,-0.064
-0.109,-1.412
-0.176,-0.067
-0.119,-1.274
-0.227,0.664
-0.162,-1.311
-0.162,-3.102
-0.228,-0.028
-0.268,-0.589
-0.306,-1.972
-0.255,0.161
-0.258,-0.364
-0.261,-1.785
-0.372,-1.131
-0.313,-1.735
-0.304,-1.82
-0.4,-2.037
-0.434,-2.187
-0.593,-1.954
-0.536,-1.216
-0.603,-1.773
-0.689,-2.458
-0.808,-0.941
-0.838,-0.284
-0.826,-1.125
-0.855,0.687
-0.831,-0.246
-0.886,0.143
-0.907,0.602
-0.963,-3.162
-0.899,-0.648
-0.948,0.657
-0.983,0.048
-1.017,-2.428
-1.139,-0.344
-1.08,0.498
-1.106,0.08
-1.182,-2.565
-2.141,-3.211
-2.82,-3.176
-2.847,-3.236
3.013,-3.496
2.967,-3.305
2.685,-3.601
2.681,-3.499
2.528,-3.224
2.265,-3.251
1.786,-3.51
1.784,-3.247
1.432,-3.681
1.403,-3.45
1.162,-3.425
0.736,-3.61
0.569,-3.351
0.007,-3.329
-0.078,-3.261
-0.664,-3.283
-0.64,-3.348
-1.084,-3.158
-1.335,0.838
-1.579,1.05
-1.822,0.822
-2.658,1.009
-2.923,0.97
-3.12,0.95
3.091,0.878
2.969,1.112
2.757,1.156
2.593,0.941
2.561,0.842
2.214,1.163
0.276,1.091
0.325,0.933
0.155,1.141
0.127,1.137
0.048,1.115
-0.149,0.798
-0.684,1.102
-0.927,1.212
-1.067,0.884
-2.981,-2.972
2.746,0.543
2.416,-2.744
1.97,0.702
0.09,0.432
0.094,-1.667
0.045,0.585
-0.665,-2.844
-0.907,0.092
-0.825,-0.18
-1.839,-3.339
1.13,-3.634
-0.548,-3.567
-2.832,0.821
-0.172,1.097
-1.387,-2.898
-1.419,-1.458
-1.459,0.369
-1.577,-1.882
-1.431,-2.952
-1.586,-1.16
-1.68,-1.586
-1.691,0.272
-1.875,-3.137
-1.932,-1.505
-1.856,-0.607
-1.874,0.557
-2.118,-0.565
-2.282,-0.507
-2.165,-3.183
-2.173,-1.812
-2.171,-1.814
-2.216,-2.399
-2.186,0.662
-2.281,-2.834
-2.435,-1.159
-2.471,-1.849
-2.493,-1.629
-2.431,-2.899
-2.584,-1.435
-2.508,-0.801
-2.522,-1.776
-2.654,-1.371
-2.774,-0.434
-3.033,-2.215
-2.886,-1.515
-3.098,0.538
-3.125,-3.001
3.123,0.347
-3.108,-0.728
3.013,-1.448
3.009,-3.12
3.118,-0.442
2.985,-0.12
2.955,-0.979
2.954,-1.428
2.925,-2.197
3.02,-2.062
3.032,0.612
2.909,-1.714
2.987,-2.504
2.856,0.449
2.841,-0.843
2.795,-2.506
2.813,-3.015
2.613,-3.053
2.555,-2.939
2.553,0.141
2.659,0.601
2.582,-1.164
2.565,-1.077
2.486,-1.295
2.512,-2.999
2.341,-1.726
2.301,0.477
2.162,-2.847
2.183,-0.391
2.141,0.554
2.269,-2.466
1.968,-2.133
2.104,-3.112
1.967,-3.109
1.973,-0.485
1.905,-1.132
1.902,-2.179
1.659,-2.184
1.813,0.551
1.643,-0.32
1.632,0.737
1.763,-2.857
1.604,-1.664
1.576,-2.839
1.391,0.338
1.384,-2.052
1.405,-1.048
1.428,-0.44
1.425,-0.773
1.262,-1.06
1.352,-1.205
1.227,-2.06
1.244,-0.411
1.028,0.235
0.954,0.743
1.012,0.518
0.871,-2.694
0.915,0.262
0.736,-2.919
0.569,-0.807
0.494,-0.127
0.481,-3.073
0.513,-2.959
0.514,0.765
0.456,-1.068
0.289,-0.54
0.259,-3.021
0.125,-1.928
-0.064,-1.34
-0.038,-3.247
-0.098,-3.247
0.008,-0.693
-0.025,-1.259
-0.01,-0.568
-0.554,-2.28
-0.562,-2.055
-0.709,-1.059
-0.685,-2.225
-0.803,-2.139
-0.711,-0.474
-0.863,-1.194
-0.752,-1.533
-0.752,-0.633
-0.89,-1.77
-0.819,-1.438
-1.018,-0.454
-0.904,-2.874
-1.121,-3.08
-1.778,-3.247
-1.661,-3.288
-1.864,-3.193
-2.323,-3.526
-2.295,-3.597
-2.558,-3.445
-2.478,-3.248
-2.59,-3.285
3.011,-3.456
3.077,-3.204
3.103,-3.322
2.766,-3.315
2.604,-3.554
1.797,-3.415
1.802,-3.624
1.539,-3.398
1.533,-3.419
-0.591,-3.512
-1.076,-3.343
-1.131,0.902
-1.306,1.133
-2.105,1.188
-2.413,0.965
-3.072,0.868
3.011,0.826
2.007,0.954
1.989,0.862
1.872,0.87
1.447,0.997
1.044,0.866
0.37,1.041
-0.087,0.895
-0.349,0.879
-2.02,-1.092
-2.404,-1.091
3.034,-1.716
0.968,-1.091
0.786,-0.475
0.066,0.275
-0.203,0.488
-0.795,-2.625
1.244,-0.782
0.557,-0.419
-0.325,-0.487
-0.342,0.397
-0.338,-0.169
-0.402,0.398
-0.393,-1.169
-0.421,0.238
-0.505,-0.377
-0.543,-0.344
-0.623,-1.026
-0.655,0.196
-0.579,0.305
-0.711,-0.602
-0.803,-1.035
-2.723,-1.986
2.269,-0.857
-0.385,-2.382
-0.811,-0.925
-1.067,-0.868
-2.793,-3.217
-2.911,-3.087
1.927,-2.97
2.94,0.717
-2.724,-3.156
2.96,-3.332
0.05,1.708
0.048,-1.84
-0.046,-0.037
0.002,1.449
-0.012,-0.675
0.014,1.618
-0.06,1.365
-0.053,-0.083
-0.065,1.223
-0.049,-0.125
-0.116,1.22
-0.059,0.013
-0.167,1.951
-0.102,-0.024
-0.102,-1.815
-0.168,1.259
-0.208,0.698
-0.246,-0.685
-0.195,1.448
-0.198,0.923
-0.201,-0.498
-0.312,0.156
-0.253,-0.448
-0.244,-0.533
-0.34,-0.75
-0.374,-0.9
-0.533,-0.667
-0.476,0.071
-0.543,-0.486
-0.629,-1.171
-0.748,0.346
-0.778,1.003
-0.766,0.162
-0.795,1.974
-0.771,1.041
-0.826,1.43
-0.847,1.889
-0.903,-1.875
-0.839,0.639
-0.888,1.944
-0.923,1.335
-0.957,-1.141
-1.079,0.943
-1.02,1.785
-1.046,1.367
-1.122,-1.278
-2.081,-1.924
-2.76,-1.889
-2.787,-1.949
3.073,-2.209
3.027,-2.018
2.745,-2.314
2.741,-2.212
2.588,-1.937
2.325,-1.964
1.846,-2.223
1.844,-1.96
1.492,-2.394
1.463,-2.163
1.222,-2.138
0.796,-2.323
0.629,-2.064
0.067,-2.042
-0.018,-1.974
-0.604,-1.996
-0.58,-2.061
-1.024,-1.871
-1.275,2.125
-1.519,2.337
-1.762,2.109
-2.598,2.296
-2.863,2.257
-3.06,2.237
-3.132,2.165
3.029,2.399
2.817,2.443
2.653,2.228
2.621,2.129
2.274,2.45
0.336,2.378
0.385,2.22
0.215,2.428
0.187,2.424
0.108,2.402
-0.089,2.085
-0.624,2.389
-0.867,2.499
-1.007,2.171
-2.921,-1.685
2.806,1.83
2.476,-1.457
2.03,1.989
0.15,1.719
0.154,-0.38
0.105,1.872
-0.605,-1.557
-0.847,1.379
-0.765,1.107
-1.779,-2.052
1.19,-2.347
-0.488,-2.28
-2.772,2.108
-0.112,2.384
-1.327,-1.611
-1.359,-0.171
-1.399,1.656
-1.517,-0.595
-1.371,-1.665
-1.526,0.127
-1.62,-0.299
-1.631,1.559
-1.815,-1.85
-1.872,-0.218
-1.796,0.68
-1.814,1.844
-2.058,0.722
-2.222,0.78
-2.105,-1.896
-2.113,-0.525
-2.111,-0.527
-2.156,-1.112
-2.126,1.949
-2.221,-1.547
-2.375,0.128
-2.411,-0.562
-2.433,-0.342
-2.371,-1.612
-2.524,-0.148
-2.448,0.486
-2.462,-0.489
-2.594,-0.084
-2.714,0.853
-2.973,-0.928
-2.826,-0.228
-3.038,1.825
-3.065,-1.714
-3.1,1.634
-3.048,0.559
3.073,-0.161
3.069,-1.833
-3.105,0.845
3.045,1.167
3.015,0.308
3.014,-0.141
2.985,-0.91
3.08,-0.775
3.092,1.899
2.969,-0.427
3.047,-1.217
2.916,1.736
2.901,0.444
2.855,-1.219
2.873,-1.728
2.673,-1.766
2.615,-1.652
2.613,1.428
2.719,1.888
2.642,0.123
2.625,0.21
2.546,-0.008
2.572,-1.712
2.401,-0.439
2.361,1.764
2.222,-1.56
2.243,0.896
2.201,1.841
2.329,-1.179
2.028,-0.846
2.164,-1.825
2.027,-1.822
2.033,0.802
1.965,0.155
1.962,-0.892
1.719,-0.897
1.873,1.838
1.703,0.967
1.692,2.024
1.823,-1.57
1.664,-0.377
1.636,-1.552
1.451,1.625
1.444,-0.765
1.465,0.239
1.488,0.847
1.485,0.514
1.322,0.227
1.412,0.082
1.287,-0.773
1.304,0.876
1.088,1.522
1.014,2.03
1.072,1.805
0.931,-1.407
0.975,1.549
0.796,-1.632
0.629,0.48
0.554,1.16
0.541,-1.786
0.573,-1.672
0.574,2.052
0.516,0.219
0.349,0.747
0.319,-1.734
0.185,-0.641
-0.004,-0.053
0.022,-1.96
-0.038,-1.96
0.068,0.594
0.035,0.028
0.05,0.719
-0.494,-0.993
-0.502,-0.768
-0.649,0.228
-0.625,-0.938
-0.743,-0.852
-0.651,0.813
-0.803,0.093
-0.692,-0.246
-0.692,0.654
-0.83,-0.483
-0.759,-0.151
-0.958,0.833
-0.844,-1.587
-1.061,-1.793
-1.718,-1.96
-1.601,-2.001
-1.804,-1.906
-2.263,-2.239
-2.235,-2.31
-2.498,-2.158
-2.418,-1.961
-2.53,-1.998
3.071,-2.169
3.137,-1.917
-3.12,-2.035
2.826,-2.028
2.664,-2.267
1.857,-2.128
1.862,-2.337
1.599,-2.111
1.593,-2.132
-0.531,-2.225
-1.016,-2.056
-1.071,2.189
-1.246,2.42
-2.045,2.475
-2.353,2.252
-3.012,2.155
3.071,2.113
2.067,2.241
2.049,2.149
1.932,2.157
1.507,2.284
1.104,2.153
0.43,2.328
-0.027,2.182
-0.289,2.166
-1.96,0.195
-2.344,0.196
3.094,-0.429
1.028,0.196
0.846,0.812
0.126,1.562
-0.143,1.775
-0.735,-1.338
1.304,0.505
0.617,0.868
-0.265,0.8
-0.282,1.684
-0.278,1.118
-0.342,1.685
-0.333,0.118
-0.361,1.525
-0.445,0.91
-0.483,0.943
-0.563,0.261
-0.595,1.483
-0.519,1.592
-0.651,0.685
-0.743,0.252
-2.663,-0.699
2.329,0.43
-0.325,-1.095
-0.751,0.362
-1.007,0.419
-2.733,-1.93
-2.851,-1.8
1.987,-1.683
3.0,2.004
-2.664,-1.869
3.02,-2.045
-0.002,-3.548
-0.096,-1.745
-0.048,-0.259
-0.062,-2.383
-0.036,-0.09
-0.11,-0.343
-0.103,-1.791
-0.115,-0.485
-0.099,-1.833
-0.166,-0.488
-0.109,-1.695
-0.217,0.243
-0.152,-1.732
-0.152,-3.523
-0.218,-0.449
-0.258,-1.01
-0.296,-2.393
-0.245,-0.26
-0.248,-0.785
-0.251,-2.206
-0.362,-1.552
-0.303,-2.156
-0.294,-2.241
-0.39,-2.458
-0.424,-2.608
-0.583,-2.375
-0.526,-1.637
-0.593,-2.194
-0.679,-2.879
-0.798,-1.362
-0.828,-0.705
-0.816,-1.546
-0.845,0.266
-0.821,-0.667
-0.876,-0.278
-0.897,0.181
-0.953,-3.583
-0.889,-1.069
-0.938,0.236
-0.973,-0.373
-1.007,-2.849
-1.129,-0.765
-1.07,0.077
-1.096,-0.341
-1.172,-2.986
-2.131,-3.632
-2.81,-3.597
-2.837,-3.657
3.023,-3.917
2.977,-3.726
2.695,-4.022
2.691,-3.92
2.538,-3.645
2.275,-3.672
1.796,-3.931
1.794,-3.668
1.442,-4.102
1.413,-3.871
1.172,-3.846
0.746,-4.031
0.579,-3.772
0.017,-3.75
-0.068,-3.682
-0.654,-3.704
-0.63,-3.769
-1.074,-3.579
-1.325,0.417
-1.569,0.629
-1.812,0.401
-2.648,0.588
-2.913,0.549
-3.11,0.529
3.101,0.457
2.979,0.691
2.767,0.735
2.603,0.52
2.571,0.421
2.224,0.742
0.286,0.67
0.335,0.512
0.165,0.72
0.137,0.716
0.058,0.694
-0.139,0.377
-0.674,0.681
-0.917,0.791
-1.057,0.463
-2.971,-3.393
2.756,0.122
2.426,-3.165
1.98,0.281
0.1,0.011
0.104,-2.088
0.055,0.164
-0.655,-3.265
-0.897,-0.329
-0.815,-0.601
-1.829,-3.76
1.14,-4.055
-0.538,-3.988
-2.822,0.4
-0.162,0.676
-1.377,-3.319
-1.409,-1.879
-1.449,-0.052
-1.567,-2.303
-1.421,-3.373
-1.576,-1.581
-1.67,-2.007
-1.681,-0.149
-1.865,-3.558
-1.922,-1.926
-1.846,-1.028
-1.864,0.136
-2.108,-0.986
-2.272,-0.928
-2.155,-3.604
-2.163,-2.233
-2.161,-2.235
-2.206,-2.82
-2.176,0.241
-2.271,-3.255
-2.425,-1.58
-2.461,-2.27
-2.483,-2.05
-2.421,-3.32
-2.574,-1.856
-2.498,-1.222
-2.512,-2.197
-2.644,-1.792
-2.764,-0.855
-3.023,-2.636
-2.876,-1.936
-3.088,0.117
-3.115,-3.422
3.133,-0.074
-3.098,-1.149
3.023,-1.869
3.019,-3.541
3.128,-0.863
2.995,-0.541
2.965,-1.4
2.964,-1.849
2.935,-2.618
3.03,-2.483
3.042,0.191
2.919,-2.135
2.997,-2.925
2.866,0.028
2.851,-1.264
2.805,-2.927
2.823,-3.436
2.623,-3.474
2.565,-3.36
2.563,-0.28
2.669,0.18
2.592,-1.585
2.575,-1.498
2.496,-1.716
2.522,-3.42
2.351,-2.147
2.311,0.056
2.172,-3.268
2.193,-0.812
2.151,0.133
2.279,-2.887
1.978,-2.554
2.114,-3.533
1.977,-3.53
1.983,-0.906
1.915,-1.553
1.912,-2.6
1.669,-2.605
1.823,0.13
1.653,-0.741
1.642,0.316
1.773,-3.278
1.614,-2.085
1.586,-3.26
1.401,-0.083
1.394,-2.473
1.415,-1.469
1.438,-0.861
1.435,-1.194
1.272,-1.481
1.362,-1.626
1.237,-2.481
1.254,-0.832
1.038,-0.186
0.964,0.322
1.022,0.097
0.881,-3.115
0.925,-0.159
0.746,-3.34
0.579,-1.228
0.504,-0.548
0.491,-3.494
0.523,-3.38
0.524,0.344
0.466,-1.489
0.299,-0.961
0.269,-3.442
0.135,-2.349
-0.054,-1.761
-0.028,-3.668
-0.088,-3.668
0.018,-1.114
-0.015,-1.68
0.0,-0.989
-0.544,-2.701
-0.552,-2.476
-0.699,-1.48
-0.675,-2.646
-0.793,-2.56
-0.701,-0.895
-0.853,-1.615
-0.742,-1.954
-0.742,-1.054
-0.88,-2.191
-0.809,-1.859
-1.008,-0.875
-0.894,-3.295
-1.111,-3.501
-1.768,-3.668
-1.651,-3.709
-1.854,-3.614
-2.313,-3.947
-2.285,-4.018
-2.548,-3.866
-2.468,-3.669
-2.58,-3.706
3.021,-3.877
3.087,-3.625
3.113,-3.743
2.776,-3.736
2.614,-3.975
1.807,-3.836
1.812,-4.045
1.549,-3.819
1.543,-3.84
-0.581,-3.933
-1.066,-3.764
-1.121,0.481
-1.296,0.712
-2.095,0.767
-2.403,0.544
-3.062,0.447
3.021,0.405
2.017,0.533
1.999,0.441
1.882,0.449
1.457,0.576
1.054,0.445
0.38,0.62
-0.077,0.474
-0.339,0.458
-2.01,-1.513
-2.394,-1.512
3.044,-2.137
0.978,-1.512
0.796,-0.896
0.076,-0.146
-0.193,0.067
-0.785,-3.046
1.254,-1.203
0.567,-0.84
-0.315,-0.908
-0.332,-0.024
-0.328,-0.59
-0.392,-0.023
-0.383,-1.59
-0.411,-0.183
-0.495,-0.798
-0.533,-0.765
-0.613,-1.447
-0.645,-0.225
-0.569,-0.116
-0.701,-1.023
-0.793,-1.456
-2.713,-2.407
2.279,-1.278
-0.375,-2.803
-0.801,-1.346
-1.057,-1.289
-2.783,-3.638
-2.901,-3.508
1.937,-3.391
2.95,0.296
-2.714,-3.577
2.97,-3.753
-0.094,1.803
-0.046,3.289
-0.06,1.165
-0.034,3.458
-0.108,3.205
-0.101,1.757
-0.113,3.063
-0.097,1.715
-0.164,3.06
-0.107,1.853
-0.215,3.791
-0.15,1.816
-0.15,0.025
-0.216,3.099
-0.256,2.538
-0.294,1.155
-0.243,3.288
-0.246,2.763
-0.249,1.342
-0.36,1.996
-0.301,1.392
-0.292,1.307
-0.388,1.09
-0.422,0.94
-0.581,1.173
-0.524,1.911
-0.591,1.354
-0.677,0.669
-0.796,2.186
-0.826,2.843
-0.814,2.002
-0.843,3.814
-0.819,2.881
-0.874,3.27
-0.895,3.729
-0.951,-0.035
-0.887,2.479
-0.936,3.784
-0.971,3.175
-1.005,0.699
-1.127,2.783
-1.068,3.625
-1.094,3.207
-1.17,0.562
-2.129,-0.084
-2.808,-0.049
-2.835,-0.109
3.025,-0.369
2.979,-0.178
2.697,-0.474
2.693,-0.372
2.54,-0.097
2.277,-0.124
1.798,-0.383
1.796,-0.12
1.444,-0.554
1.415,-0.323
1.174,-0.298
0.748,-0.483
0.581,-0.224
0.019,-0.202
-0.066,-0.134
-0.652,-0.156
-0.628,-0.221
-1.072,-0.031
-1.323,3.965
-1.567,4.177
-1.81,3.949
-2.646,4.136
-2.911,4.097
-3.108,4.077
3.103,4.005
2.981,4.239
2.769,4.283
2.605,4.068
2.573,3.969
2.226,4.29
0.288,4.218
0.337,4.06
0.167,4.268
0.139,4.264
0.06,4.242
-0.137,3.925
-0.672,4.229
-0.915,4.339
-1.055,4.011
-2.969,0.155
2.758,3.67
2.428,0.383
1.982,3.829
0.102,3.559
0.106,1.46
0.057,3.712
-0.653,0.283
-0.895,3.219
-0.813,2.947
-1.827,-0.212
1.142,-0.507
-0.536,-0.44
-2.82,3.948
-0.16,4.224
-1.375,0.229
-1.407,1.669
-1.447,3.496
-1.565,1.245
-1.419,0.175
-1.574,1.967
-1.668,1.541
-1.679,3.399
-1.863,-0.01
-1.92,1.622
-1.844,2.52
-1.862,3.684
-2.106,2.562
-2.27,2.62
-2.153,-0.056
-2.161,1.315
-2.159,1.313
-2.204,0.728
-2.174,3.789
-2.269,0.293
-2.423,1.968
-2.459,1.278
-2.481,1.498
-2.419,0.228
-2.572,1.692
-2.496,2.326
-2.51,1.351
-2.642,1.756
-2.762,2.693
-3.021,0.912
-2.874,1.612
-3.086,3.665
-3.113,0.126
3.135,3.474
-3.096,2.399
3.025,1.679
3.021,0.007
3.13,2.685
2.997,3.007
2.967,2.148
2.966,1.699
2.937,0.93
3.032,1.065
3.044,3.739
2.921,1.413
2.999,0.623
2.868,3.576
2.853,2.284
2.807,0.621
2.825,0.112
2.625,0.074
2.567,0.188
2.565,3.268
2.671,3.728
2.594,1.963
2.577,2.05
2.498,1.832
2.524,0.128
2.353,1.401
2.313,3.604
2.174,0.28
2.195,2.736
2.153,3.681
2.281,0.661
1.98,0.994
2.116,0.015
1.979,0.018
1.985,2.642
1.917,1.995
1.914,0.948
1.671,0.943
1.825,3.678
1.655,2.807
1.644,3.864
1.775,0.27
1.616,1.463
1.588,0.288
1.403,3.465
1.396,1.075
1.417,2.079
1.44,2.687
1.437,2.354
1.274,2.067
1.364,1.922
1.239,1.067
1.256,2.716
1.04,3.362
0.966,3.87
1.024,3.645
0.883,0.433
0.927,3.389
0.748,0.208
0.581,2.32
0.506,3.0
0.493,0.054
0.525,0.168
0.526,3.892
0.468,2.059
0.301,2.587
0.271,0.106
0.137,1.199
-0.052,1.787
-0.026,-0.12
-0.086,-0.12
0.02,2.434
-0.013,1.868
0.002,2.559
-0.542,0.847
-0.55,1.072
-0.697,2.068
-0.673,0.902
-0.791,0.988
-0.699,2.653
-0.851,1.933
-0.74,1.594
-0.74,2.494
-0.878,1.357
-0.807,1.689
-1.006,2.673
-0.892,0.253
-1.109,0.047
-1.766,-0.12
-1.649,-0.161
-1.852,-0.066
-2.311,-0.399
-2.283,-0.47
-2.546,-0.318
-2.466,-0.121
-2.578,-0.158
3.023,-0.329
3.089,-0.077
3.115,-0.195
2.778,-0.188
2.616,-0.427
1.809,-0.288
1.814,-0.497
1.551,-0.271
1.545,-0.292
-0.579,-0.385
-1.064,-0.216
-1.119,4.029
-1.294,4.26
-2.093,4.315
-2.401,4.092
-3.06,3.995
3.023,3.953
2.019,4.081
2.001,3.989
1.884,3.997
1.459,4.124
1.056,3.993
0.382,4.168
-0.075,4.022
-0.337,4.006
-2.008,2.035
-2.392,2.036
3.046,1.411
0.98,2.036
0.798,2.652
0.078,3.402
-0.191,3.615
-0.783,0.502
1.256,2.345
0.569,2.708
-0.313,2.64
-0.33,3.524
-0.326,2.958
-0.39,3.525
-0.381,1.958
-0.409,3.365
-0.493,2.75
-0.531,2.783
-0.611,2.101
-0.643,3.323
-0.567,3.432
-0.699,2.525
-0.791,2.092
-2.711,1.141
2.281,2.27
-0.373,0.745
-0.799,2.202
-1.055,2.259
-2.781,-0.09
-2.899,0.04
1.939,0.157
2.952,3.844
-2.712,-0.029
2.972,-0.205
0.048,1.486
0.034,-0.638
0.06,1.655
-0.014,1.402
-0.007,-0.046
-0.019,1.26
-0.003,-0.088
-0.07,1.257
-0.013,0.05
-0.121,1.988
-0.056,0.013
-0.056,-1.778
-0.122,1.296
-0.162,0.735
-0.2,-0.648
-0.149,1.485
-0.152,0.96
-0.155,-0.461
-0.266,0.193
-0.207,-0.411
-0.198,-0.496
-0.294,-0.713
-0.328,-0.863
-0.487,-0.63
-0.43,0.108
-0.497,-0.449
-0.583,-1.134
-0.702,0.383
-0.732,1.04
-0.72,0.199
-0.749,2.011
-0.725,1.078
-0.78,1.467
-0.801,1.926
-0.857,-1.838
-0.793,0.676
-0.842,1.981
-0.877,1.372
-0.911,-1.104
-1.033,0.98
-0.974,1.822
-1.0,1.404
-1.076,-1.241
-2.035,-1.887
-2.714,-1.852
-2.741,-1.912
3.119,-2.172
3.073,-1.981
2.791,-2.277
2.787,-2.175
2.634,-1.9
2.371,-1.927
1.892,-2.186
1.89,-1.923
1.538,-2.357
1.509,-2.126
1.268,-2.101
0.842,-2.286
0.675,-2.027
0.113,-2.005
0.028,-1.937
-0.558,-1.959
-0.534,-2.024
-0.978,-1.834
-1.229,2.162
-1.473,2.374
-1.716,2.146
-2.552,2.333
-2.817,2.294
-3.014,2.274
-3.086,2.202
3.075,2.436
2.863,2.48
2.699,2.265
2.667,2.166
2.32,2.487
0.382,2.415
0.431,2.257
0.261,2.465
0.233,2.461
0.154,2.439
-0.043,2.122
-0.578,2.426
-0.821,2.536
-0.961,2.208
-2.875,-1.648
2.852,1.867
2.522,-1.42
2.076,2.026
0.196,1.756
0.2,-0.343
0.151,1.909
-0.559,-1.52
-0.801,1.416
-0.719,1.144
-1.733,-2.015
1.236,-2.31
-0.442,-2.243
-2.726,2.145
-0.066,2.421
-1.281,-1.574
-1.313,-0.134
-1.353,1.693
-1.471,-0.558
-1.325,-1.628
-1.48,0.164
-1.574,-0.262
-1.585,1.596
-1.769,-1.813
-1.826,-0.181
-1.75,0.717
-1.768,1.881
-2.012,0.759
-2.176,0.817
-2.059,-1.859
-2.067,-0.488
-2.065,-0.49
-2.11,-1.075
-2.08,1.986
-2.175,-1.51
-2.329,0.165
-2.365,-0.525
-2.387,-0.305
-2.325,-1.575
-2.478,-0.111
-2.402,0.523
-2.416,-0.452
-2.548,-0.047
-2.668,0.89
-2.927,-0.891
-2.78,-0.191
-2.992,1.862
-3.019,-1.677
-3.054,1.671
-3.002,0.596
3.119,-0.124
3.115,-1.796
-3.059,0.882
3.091,1.204
3.061,0.345
3.06,-0.104
3.031,-0.873
3.126,-0.738
3.138,1.936
3.015,-0.39
3.093,-1.18
2.962,1.773
2.947,0.481
2.901,-1.182
2.919,-1.691
2.719,-1.729
2.661,-1.615
2.659,1.465
2.765,1.925
2.688,0.16
2.671,0.247
2.592,0.029
2.618,-1.675
2.447,-0.402
2.407,1.801
2.268,-1.523
2.289,0.933
2.247,1.878
2.375,-1.142
2.074,-0.809
2.21,-1.788
2.073,-1.785
2.079,0.839
2.011,0.192
2.008,-0.855
1.765,-0.86
1.919,1.875
1.749,1.004
1.738,2.061
1.869,-1.533
1.71,-0.34
1.682,-1.515
1.497,1.662
1.49,-0.728
1.511,0.276
1.534,0.884
1.531,0.551
1.368,0.264
1.458,0.119
1.333,-0.736
1.35,0.913
1.134,1.559
1.06,2.067
1.118,1.842
0.977,-1.37
1.021,1.586
0.842,-1.595
0.675,0.517
0.6,1.197
0.587,-1.749
0.619,-1.635
0.62,2.089
0.562,0.256
0.395,0.784
0.365,-1.697
0.231,-0.604
0.042,-0.016
0.068,-1.923
0.008,-1.923
0.114,0.631
0.081,0.065
0.096,0.756
-0.448,-0.956
-0.456,-0.731
-0.603,0.265
-0.579,-0.901
-0.697,-0.815
-0.605,0.85
-0.757,0.13
-0.646,-0.209
-0.646,0.691
-0.784,-0.446
-0.713,-0.114
-0.912,0.87
-0.798,-1.55
-1.015,-1.756
-1.672,-1.923
-1.555,-1.964
-1.758,-1.869
-2.217,-2.202
-2.189,-2.273
-2.452,-2.121
-2.372,-1.924
-2.484,-1.961
3.117,-2.132
-3.1,-1.88
-3.074,-1.998
2.872,-1.991
2.71,-2.23
1.903,-2.091
1.908,-2.3
1.645,-2.074
1.639,-2.095
-0.485,-2.188
-0.97,-2.019
-1.025,2.226
-1.2,2.457
-1.999,2.512
-2.307,2.289
-2.966,2.192
3.117,2.15
2.113,2.278
2.095,2.186
1.978,2.194
1.553,2.321
1.15,2.19
0.476,2.365
0.019,2.219
-0.243,2.203
-1.914,0.232
-2.298,0.233
3.14,-0.392
1.074,0.233
0.892,0.849
0.172,1.599
-0.097,1.812
-0.689,-1.301
1.35,0.542
0.663,0.905
-0.219,0.837
-0.236,1.721
-0.232,1.155
-0.296,1.722
-0.287,0.155
-0.315,1.562
-0.399,0.947
-0.437,0.98
-0.517,0.298
-0.549,1.52
-0.473,1.629
-0.605,0.722
-0.697,0.289
-2.617,-0.662
2.375,0.467
-0.279,-1.058
-0.705,0.399
-0.961,0.456
-2.687,-1.893
-2.805,-1.763
2.033,-1.646
3.046,2.041
-2.618,-1.832
3.066,-2.008
-0.014,-2.124
0.012,0.169
-0.062,-0.084
-0.055,-1.532
-0.067,-0.226
-0.051,-1.574
-0.118,-0.229
-0.061,-1.436
-0.169,0.502
-0.104,-1.473
-0.104,-3.264
-0.17,-0.19
-0.21,-0.751
-0.248,-2.134
-0.197,-0.001
-0.2,-0.526
-0.203,-1.947
-0.314,-1.293
-0.255,-1.897
-0.246,-1.982
-0.342,-2.199
-0.376,-2.349
-0.535,-2.116
-0.478,-1.378
-0.545,-1.935
-0.631,-2.62
-0.75,-1.103
-0.78,-0.446
-0.768,-1.287
-0.797,0.525
-0.773,-0.408
-0.828,-0.019
-0.849,0.44
-0.905,-3.324
-0.841,-0.81
-0.89,0.495
-0.925,-0.114
-0.959,-2.59
-1.081,-0.506
-1.022,0.336
-1.048,-0.082
-1.124,-2.727
-2.083,-3.373
-2.762,-3.338
-2.789,-3.398
3.071,-3.658
3.025,-3.467
2.743,-3.763
2.739,-3.661
2.586,-3.386
2.323,-3.413
1.844,-3.672
1.842,-3.409
1.49,-3.843
1.461,-3.612
1.22,-3.587
0.794,-3.772
0.627,-3.513
0.065,-3.491
-0.02,-3.423
-0.606,-3.445
-0.582,-3.51
-1.026,-3.32
-1.277,0.676
-1.521,0.888
-1.764,0.66
-2.6,0.847
-2.865,0.808
-3.062,0.788
-3.134,0.716
3.027,0.95
2.815,0.994
2.651,0.779
2.619,0.68
2.272,1.001
0.334,0.929
0.383,0.771
0.213,0.979
0.185,0.975
0.106,0.953
-0.091,0.636
-0.626,0.94
-0.869,1.05
-1.009,0.722
-2.923,-3.134
2.804,0.381
2.474,-2.906
2.028,0.54
0.148,0.27
0.152,-1.829
0.103,0.423
-0.607,-3.006
-0.849,-0.07
-0.767,-0.342
-1.781,-3.501
1.188,-3.796
-0.49,-3.729
-2.774,0.659
-0.114,0.935
-1.329,-3.06
-1.361,-1.62
-1.401,0.207
-1.519,-2.044
-1.373,-3.114
-1.528,-1.322
-1.622,-1.748
-1.633,0.11
-1.817,-3.299
-1.874,-1.667
-1.798,-0.769
-1.816,0.395
-2.06,-0.727
-2.224,-0.669
-2.107,-3.345
-2.115,-1.974
-2.113,-1.976
-2.158,-2.561
-2.128,0.5
-2.223,-2.996
-2.377,-1.321
-2.413,-2.011
-2.435,-1.791
-2.373,-3.061
-2.526,-1.597
-2.45,-0.963
-2.464,-1.938
-2.596,-1.533
-2.716,-0.596
-2.975,-2.377
-2.828,-1.677
-3.04,0.376
-3.067,-3.163
-3.102,0.185
-3.05,-0.89
3.071,-1.61
3.067,-3.282
-3.107,-0.604
3.043,-0.282
3.013,-1.141
3.012,-1.59
2.983,-2.359
3.078,-2.224
3.09,0.45
2.967,-1.876
3.045,-2.666
2.914,0.287
2.899,-1.005
2.853,-2.668
2.871,-3.177
2.671,-3.215
2.613,-3.101
2.611,-0.021
2.717,0.439
2.64,-1.326
2.623,-1.239
2.544,-1.457
2.57,-3.161
2.399,-1.888
2.359,0.315
2.22,-3.009
2.241,-0.553
2.199,0.392
2.327,-2.628
2.026,-2.295
2.162,-3.274
2.025,-3.271
2.031,-0.647
1.963,-1.294
1.96,-2.341
1.717,-2.346
1.871,0.389
1.701,-0.482
1.69,0.575
1.821,-3.019
1.662,-1.826
1.634,-3.001
1.449,0.176
1.442,-2.214
1.463,-1.21
1.486,-0.602
1.483,-0.935
1.32,-1.222
1.41,-1.367
1.285,-2.222
1.302,-0.573
1.086,0.073
1.012,0.581
1.07,0.356
0.929,-2.856
0.973,0.1
0.794,-3.081
0.627,-0.969
0.552,-0.289
0.539,-3.235
0.571,-3.121
0.572,0.603
0.514,-1.23
0.347,-0.702
0.317,-3.183
0.183,-2.09
-0.006,-1.502
0.02,-3.409
-0.04,-3.409
0.066,-0.855
0.033,-1.421
0.048,-0.73
-0.496,-2.442
-0.504,-2.217
-0.651,-1.221
-0.627,-2.387
-0.745,-2.301
-0.653,-0.636
-0.805,-1.356
-0.694,-1.695
-0.694,-0.795
-0.832,-1.932
-0.761,-1.6
-0.96,-0.616
-0.846,-3.036
-1.063,-3.242
-1.72,-3.409
-1.603,-3.45
-1.806,-3.355
-2.265,-3.688
-2.237,-3.759
-2.5,-3.607
-2.42,-3.41
-2.532,-3.447
3.069,-3.618
3.135,-3.366
-3.122,-3.484
2.824,-3.477
2.662,-3.716
1.855,-3.577
1.86,-3.786
1.597,-3.56
1.591,-3.581
-0.533,-3.674
-1.018,-3.505
-1.073,0.74
-1.248,0.971
-2.047,1.026
-2.355,0.803
-3.014,0.706
3.069,0.664
2.065,0.792
2.047,0.7
1.93,0.708
1.505,0.835
1.102,0.704
0.428,0.879
-0.029,0.733
-0.291,0.717
-1.962,-1.254
-2.346,-1.253
3.092,-1.878
1.026,-1.253
0.844,-0.637
0.124,0.113
-0.145,0.326
-0.737,-2.787
1.302,-0.944
0.615,-0.581
-0.267,-0.649
-0.284,0.235
-0.28,-0.331
-0.344,0.236
-0.335,-1.331
-0.363,0.076
-0.447,-0.539
-0.485,-0.506
-0.565,-1.188
-0.597,0.034
-0.521,0.143
-0.653,-0.764
-0.745,-1.197
-2.665,-2.148
2.327,-1.019
-0.327,-2.544
-0.753,-1.087
-1.009,-1.03
-2.735,-3.379
-2.853,-3.249
1.985,-3.132
2.998,0.555
-2.666,-3.318
3.018,-3.494
0.026,2.293
-0.048,2.04
-0.041,0.592
-0.053,1.898
-0.037,0.55
-0.104,1.895
-0.047,0.688
-0.155,2.626
-0.09,0.651
-0.09,-1.14
-0.156,1.934
-0.196,1.373
-0.234,-0.01
-0.183,2.123
-0.186,1.598
-0.189,0.177
-0.3,0.831
-0.241,0.227
-0.232,0.142
-0.328,-0.075
-0.362,-0.225
-0.521,0.008
-0.464,0.746
-0.531,0.189
-0.617,-0.496
-0.736,1.021
-0.766,1.678
-0.754,0.837
-0.783,2.649
-0.759,1.716
-0.814,2.105
-0.835,2.564
-0.891,-1.2
-0.827,1.314
-0.876,2.619
-0.911,2.01
-0.945,-0.466
-1.067,1.618
-1.008,2.46
-1.034,2.042
-1.11,-0.603
-2.069,-1.249
-2.748,-1.214
-2.775,-1.274
3.085,-1.534
3.039,-1.343
2.757,-1.639
2.753,-1.537
2.6,-1.262
2.337,-1.289
1.858,-1.548
1.856,-1.285
1.504,-1.719
1.475,-1.488
1.234,-1.463
0.808,-1.648
0.641,-1.389
0.079,-1.367
-0.006,-1.299
-0.592,-1.321
-0.568,-1.386
-1.012,-1.196
-1.263,2.8
-1.507,3.012
-1.75,2.784
-2.586,2.971
-2.851,2.932
-3.048,2.912
-3.12,2.84
3.041,3.074
2.829,3.118
2.665,2.903
2.633,2.804
2.286,3.125
0.348,3.053
0.397,2.895
0.227,3.103
0.199,3.099
0.12,3.077
-0.077,2.76
-0.612,3.064
-0.855,3.174
-0.995,2.846
-2.909,-1.01
2.818,2.505
2.488,-0.782
2.042,2.664
0.162,2.394
0.166,0.295
0.117,2.547
-0.593,-0.882
-0.835,2.054
-0.753,1.782
-1.767,-1.377
1.202,-1.672
-0.476,-1.605
-2.76,2.783
-0.1,3.059
-1.315,-0.936
-1.347,0.504
-1.387,2.331
-1.505,0.08
-1.359,-0.99
-1.514,0.802
-1.608,0.376
-1.619,2.234
-1.803,-1.175
-1.86,0.457
-1.784,1.355
-1.802,2.519
-2.046,1.397
-2.21,1.455
-2.093,-1.221
-2.101,0.15
-2.099,0.148
-2.144,-0.437
-2.114,2.624
-2.209,-0.872
-2.363,0.803
-2.399,0.113
-2.421,0.333
-2.359,-0.937
-2.512,0.527
-2.436,1.161
-2.45,0.186
-2.582,0.591
-2.702,1.528
-2.961,-0.253
-2.814,0.447
-3.026,2.5
-3.053,-1.039
-3.088,2.309
-3.036,1.234
3.085,0.514
3.081,-1.158
-3.093,1.52
3.057,1.842
3.027,0.983
3.026,0.534
2.997,-0.235
3.092,-0.1
3.104,2.574
2.981,0.248
3.059,-0.542
2.928,2.411
2.913,1.119
2.867,-0.544
2.885,-1.053
2.685,-1.091
2.627,-0.977
2.625,2.103
2.731,2.563
2.654,0.798
2.637,0.885
2.558,0.667
2.584,-1.037
2.413,0.236
2.373,2.439
2.234,-0.885
2.255,1.571
2.213,2.516
2.341,-0.504
2.04,-0.171
2.176,-1.15
2.039,-1.147
2.045,1.477
1.977,0.83
1.974,-0.217
1.731,-0.222
1.885,2.513
1.715,1.642
1.704,2.699
1.835,-0.895
1.676,0.298
1.648,-0.877
1.463,2.3
1.456,-0.09
1.477,0.914
1.5,1.522
1.497,1.189
1.334,0.902
1.424,0.757
1.299,-0.098
1.316,1.551
1.1,2.197
1.026,2.705
1.084,2.48
0.943,-0.732
0.987,2.224
0.808,-0.957
0.641,1.155
0.566,1.835
0.553,-1.111
0.585,-0.997
0.586,2.727
0.528,0.894
0.361,1.422
0.331,-1.059
0.197,0.034
0.008,0.622
0.034,-1.285
-0.026,-1.285
0.08,1.269
0.047,0.703
0.062,1.394
-0.482,-0.318
-0.49,-0.093
-0.637,0.903
-0.613,-0.263
-0.731,-0.177
-0.639,1.488
-0.791,0.768
-0.68,0.429
-0.68,1.329
-0.818,0.192
-0.747,0.524
-0.946,1.508
-0.832,-0.912
-1.049,-1.118
-1.706,-1.285
-1.589,-1.326
-1.792,-1.231
-2.251,-1.564
-2.223,-1.635
-2.486,-1.483
-2.406,-1.286
-2.518,-1.323
3.083,-1.494
-3.134,-1.242
-3.108,-1.36
2.838,-1.353
2.676,-1.592
1.869,-1.453
1.874,-1.662
1.611,-1.436
1.605,-1.457
-0.519,-1.55
-1.004,-1.381
-1.059,2.864
-1.234,3.095
-2.033,3.15
-2.341,2.927
-3.0,2.83
3.083,2.788
2.079,2.916
2.061,2.824
1.944,2.832
1.519,2.959
1.116,2.828
0.442,3.003
-0.015,2.857
-0.277,2.841
-1.948,0.87
-2.332,0.871
3.106,0.246
1.04,0.871
0.858,1.487
0.138,2.237
-0.131,2.45
-0.723,-0.663
1.316,1.18
0.629,1.543
-0.253,1.475
-0.27,2.359
-0.266,1.793
-0.33,2.36
-0.321,0.793
-0.349,2.2
-0.433,1.585
-0.471,1.618
-0.551,0.936
-0.583,2.158
-0.507,2.267
-0.639,1.36
-0.731,0.927
-2.651,-0.024
2.341,1.105
-0.313,-0.42
-0.739,1.037
-0.995,1.094
-2.721,-1.255
-2.839,-1.125
1.999,-1.008
3.012,2.679
-2.652,-1.194
3.032,-1.37
-0.074,-0.253
-0.067,-1.701
-0.079,-0.395
-0.063,-1.743
-0.13,-0.398
-0.073,-1.605
-0.181,0.333
-0.116,-1.642
-0.116,-3.433
-0.182,-0.359
-0.222,-0.92
-0.26,-2.303
-0.209,-0.17
-0.212,-0.695
-0.215,-2.116
-0.326,-1.462
-0.267,-2.066
-0.258,-2.151
-0.354,-2.368
-0.388,-2.518
-0.547,-2.285
-0.49,-1.547
-0.557,-2.104
-0.643,-2.789
-0.762,-1.272
-0.792,-0.615
-0.78,-1.456
-0.809,0.356
-0.785,-0.577
-0.84,-0.188
-0.861,0.271
-0.917,-3.493
-0.853,-0.979
-0.902,0.326
-0.937,-0.283
-0.971,-2.759
-1.093,-0.675
-1.034,0.167
-1.06,-0.251
-1.136,-2.896
-2.095,-3.542
-2.774,-3.507
-2.801,-3.567
3.059,-3.827
3.013,-3.636
2.731,-3.932
2.727,-3.83
2.574,-3.555
2.311,-3.582
1.832,-3.841
1.83,-3.578
1.478,-4.012
1.449,-3.781
1.208,-3.756
0.782,-3.941
0.615,-3.682
0.053,-3.66
-0.032,-3.592
-0.618,-3.614
-0.594,-3.679
-1.038,-3.489
-1.289,0.507
-1.533,0.719
-1.776,0.491
-2.612,0.678
-2.877,0.639
-3.074,0.619
3.137,0.547
3.015,0.781
2.803,0.825
2.639,0.61
2.607,0.511
2.26,0.832
0.322,0.76
0.371,0.602
0.201,0.81
0.173,0.806
0.094,0.784
-0.103,0.467
-0.638,0.771
-0.881,0.881
-1.021,0.553
-2.935,-3.303
2.792,0.212
2.462,-3.075
2.016,0.371
0.136,0.101
0.14,-1.998
0.091,0.254
-0.619,-3.175
-0.861,-0.239
-0.779,-0.511
-1.793,-3.67
1.176,-3.965
-0.502,-3.898
-2.786,0.49
-0.126,0.766
-1.341,-3.229
-1.373,-1.789
-1.413,0.038
-1.531,-2.213
-1.385,-3.283
-1.54,-1.491
-1.634,-1.917
-1.645,-0.059
-1.829,-3.468
-1.886,-1.836
-1.81,-0.938
-1.828,0.226
-2.072,-0.896
-2.236,-0.838
-2.119,-3.514
-2.127,-2.143
-2.125,-2.145
-2.17,-2.73
-2.14,0.331
-2.235,-3.165
-2.389,-1.49
-2.425,-2.18
-2.447,-1.96
-2.385,-3.23
-2.538,-1.766
-2.462,-1.132
-2.476,-2.107
-2.608,-1.702
-2.728,-0.765
-2.987,-2.546
-2.84,-1.846
-3.052,0.207
-3.079,-3.332
-3.114,0.016
-3.062,-1.059
3.059,-1.779
3.055,-3.451
-3.119,-0.773
3.031,-0.451
3.001,-1.31
3.0,-1.759
2.971,-2.528
3.066,-2.393
3.078,0.281
2.955,-2.045
3.033,-2.835
2.902,0.118
2.887,-1.174
2.841,-2.837
2.859,-3.346
2.659,-3.384
2.601,-3.27
2.599,-0.19
2.705,0.27
2.628,-1.495
2.611,-1.408
2.532,-1.626
2.558,-3.33
2.387,-2.057
2.347,0.146
2.208,-3.178
2.229,-0.722
2.187,0.223
2.315,-2.797
2.014,-2.464
2.15,-3.443
2.013,-3.44
2.019,-0.816
1.951,-1.463
1.948,-2.51
1.705,-2.515
1.859,0.22
1.689,-0.651
1.678,0.406
1.809,-3.188
1.65,-1.995
1.622,-3.17
1.437,0.007
1.43,-2.383
1.451,-1.379
1.474,-0.771
1.471,-1.104
1.308,-1.391
1.398,-1.536
1.273,-2.391
1.29,-0.742
1.074,-0.096
1.0,0.412
1.058,0.187
0.917,-3.025
0.961,-0.069
0.782,-3.25
0.615,-1.138
0.54,-0.458
0.527,-3.404
0.559,-3.29
0.56,0.434
0.502,-1.399
0.335,-0.871
0.305,-3.352
0.171,-2.259
-0.018,-1.671
0.008,-3.578
-0.052,-3.578
0.054,-1.024
0.021,-1.59
0.036,-0.899
-0.508,-2.611
-0.516,-2.386
-0.663,-1.39
-0.639,-2.556
-0.757,-2.47
-0.665,-0.805
-0.817,-1.525
-0.706,-1.864
-0.706,-0.964
-0.844,-2.101
-0.773,-1.769
-0.972,-0.785
-0.858,-3.205
-1.075,-3.411
-1.732,-3.578
-1.615,-3.619
-1.818,-3.524
-2.277,-3.857
-2.249,-3.928
-2.512,-3.776
-2.432,-3.579
-2.544,-3.616
3.057,-3.787
3.123,-3.535
-3.134,-3.653
2.812,-3.646
2.65,-3.885
1.843,-3.746
1.848,-3.955
1.585,-3.729
1.579,-3.75
-0.545,-3.843
-1.03,-3.674
-1.085,0.571
-1.26,0.802
-2.059,0.857
-2.367,0.634
-3.026,0.537
3.057,0.495
2.053,0.623
2.035,0.531
1.918,0.539
1.493,0.666
1.09,0.535
0.416,0.71
-0.041,0.564
-0.303,0.548
-1.974,-1.423
-2.358,-1.422
3.08,-2.047
1.014,-1.422
0.832,-0.806
0.112,-0.056
-0.157,0.157
-0.749,-2.956
1.29,-1.113
0.603,-0.75
-0.279,-0.818
-0.296,0.066
-0.292,-0.5
-0.356,0.067
-0.347,-1.5
-0.375,-0.093
-0.459,-0.708
-0.497,-0.675
-0.577,-1.357
-0.609,-0.135
-0.533,-0.026
-0.665,-0.933
-0.757,-1.366
-2.677,-2.317
2.315,-1.188
-0.339,-2.713
-0.765,-1.256
-1.021,-1.199
-2.747,-3.548
-2.865,-3.418
1.973,-3.301
2.986,0.386
-2.678,-3.487
3.006,-3.663
0.007,-1.448
-0.005,-0.142
0.011,-1.49
-0.056,-0.145
0.001,-1.352
-0.107,0.586
-0.042,-1.389
-0.042,-3.18
-0.108,-0.106
-0.148,-0.667
-0.186,-2.05
-0.135,0.083
-0.138,-0.442
-0.141,-1.863
-0.252,-1.209
-0.193,-1.813
-0.184,-1.898
-0.28,-2.115
-0.314,-2.265
-0.473,-2.032
-0.416,-1.294
-0.483,-1.851
-0.569,-2.536
-0.688,-1.019
-0.718,-0.362
-0.706,-1.203
-0.735,0.609
-0.711,-0.324
-0.766,0.065
-0.787,0.524
-0.843,-3.24
-0.779,-0.726
-0.828,0.579
-0.863,-0.03
-0.897,-2.506
-1.019,-0.422
-0.96,0.42
-0.986,0.002
-1.062,-2.643
-2.021,-3.289
-2.7,-3.254
-2.727,-3.314
3.133,-3.574
3.087,-3.383
2.805,-3.679
2.801,-3.577
2.648,-3.302
2.385,-3.329
1.906,-3.588
1.904,-3.325
1.552,-3.759
1.523,-3.528
1.282,-3.503
0.856,-3.688
0.689,-3.429
0.127,-3.407
0.042,-3.339
-0.544,-3.361
-0.52,-3.426
-0.964,-3.236
-1.215,0.76
-1.459,0.972
-1.702,0.744
-2.538,0.931
-2.803,0.892
-3.0,0.872
-3.072,0.8
3.089,1.034
2.877,1.078
2.713,0.863
2.681,0.764
2.334,1.085
0.396,1.013
0.445,0.855
0.275,1.063
0.247,1.059
0.168,1.037
-0.029,0.72
-0.564,1.024
-0.807,1.134
-0.947,0.806
-2.861,-3.05
2.866,0.465
2.536,-2.822
2.09,0.624
0.21,0.354
0.214,-1.745
0.165,0.507
-0.545,-2.922
-0.787,0.014
-0.705,-0.258
-1.719,-3.417
1.25,-3.712
-0.428,-3.645
-2.712,0.743
-0.052,1.019
-1.267,-2.976
-1.299,-1.536
-1.339,0.291
-1.457,-1.96
-1.311,-3.03
-1.466,-1.238
-1.56,-1.664
-1.571,0.194
-1.755,-3.215
-1.812,-1.583
-1.736,-0.685
-1.754,0.479
-1.998,-0.643
-2.162,-0.585
-2.045,-3.261
-2.053,-1.89
-2.051,-1.892
-2.096,-2.477
-2.066,0.584
-2.161,-2.912
-2.315,-1.237
-2.351,-1.927
-2.373,-1.707
-2.311,-2.977
-2.464,-1.513
-2.388,-0.879
-2.402,-1.854
-2.534,-1.449
-2.654,-0.512
-2.913,-2.293
-2.766,-1.593
-2.978,0.46
-3.005,-3.079
-3.04,0.269
-2.988,-0.806
3.133,-1.526
3.129,-3.198
-3.045,-0.52
3.105,-0.198
3.075,-1.057
3.074,-1.506
3.045,-2.275
3.14,-2.14
-3.131,0.534
3.029,-1.792
3.107,-2.582
2.976,0.371
2.961,-0.921
2.915,-2.584
2.933,-3.093
2.733,-3.131
2.675,-3.017
2.673,0.063
2.779,0.523
2.702,-1.242
2.685,-1.155
2.606,-1.373
2.632,-3.077
2.461,-1.804
2.421,0.399
2.282,-2.925
2.303,-0.469
2.261,0.476
2.389,-2.544
2.088,-2.211
2.224,-3.19
2.087,-3.187
2.093,-0.563
2.025,-1.21
2.022,-2.257
1.779,-2.262
1.933,0.473
1.763,-0.398
1.752,0.659
1.883,-2.935
1.724,-1.742
1.696,-2.917
1.511,0.26
1.504,-2.13
1.525,-1.126
1.548,-0.518
1.545,-0.851
1.382,-1.138
1.472,-1.283
1.347,-2.138
1.364,-0.489
1.148,0.157
1.074,0.665
1.132,0.44
0.991,-2.772
1.035,0.184
0.856,-2.997
0.689,-0.885
0.614,-0.205
0.601,-3.151
0.633,-3.037
0.634,0.687
0.576,-1.146
0.409,-0.618
0.379,-3.099
0.245,-2.006
0.056,-1.418
0.082,-3.325
0.022,-3.325
0.128,-0.771
0.095,-1.337
0.11,-0.646
-0.434,-2.358
-0.442,-2.133
-0.589,-1.137
-0.565,-2.303
-0.683,-2.217
-0.591,-0.552
-0.743,-1.272
-0.632,-1.611
-0.632,-0.711
-0.77,-1.848
-0.699,-1.516
-0.898,-0.532
-0.784,-2.952
-1.001,-3.158
-1.658,-3.325
-1.541,-3.366
-1.744,-3.271
-2.203,-3.604
-2.175,-3.675
-2.438,-3.523
-2.358,-3.326
-2.47,-3.363
3.131,-3.534
-3.086,-3.282
-3.06,-3.4
2.886,-3.393
2.724,-3.632
1.917,-3.493
1.922,-3.702
1.659,-3.476
1.653,-3.497
-0.471,-3.59
-0.956,-3.421
-1.011,0.824
-1.186,1.055
-1.985,1.11
-2.293,0.887
-2.952,0.79
3.131,0.748
2.127,0.876
2.109,0.784
1.992,0.792
1.567,0.919
1.164,0.788
0.49,0.963
0.033,0.817
-0.229,0.801
-1.9,-1.17
-2.284,-1.169
-3.129,-1.794
1.088,-1.169
0.906,-0.553
0.186,0.197
-0.083,0.41
-0.675,-2.703
1.364,-0.86
0.677,-0.497
-0.205,-0.565
-0.222,0.319
-0.218,-0.247
-0.282,0.32
-0.273,-1.247
-0.301,0.16
-0.385,-0.455
-0.423,-0.422
-0.503,-1.104
-0.535,0.118
-0.459,0.227
-0.591,-0.68
-0.683,-1.113
-2.603,-2.064
2.389,-0.935
-0.265,-2.46
-0.691,-1.003
-0.947,-0.946
-2.673,-3.295
-2.791,-3.165
2.047,-3.048
3.06,0.639
-2.604,-3.234
3.08,-3.41
-0.012,1.306
0.004,-0.042
-0.063,1.303
-0.006,0.096
-0.114,2.034
-0.049,0.059
-0.049,-1.732
-0.115,1.342
-0.155,0.781
-0.193,-0.602
-0.142,1.531
-0.145,1.006
-0.148,-0.415
-0.259,0.239
-0.2,-0.365
-0.191,-0.45
-0.287,-0.667
-0.321,-0.817
-0.48,-0.584
-0.423,0.154
-0.49,-0.403
-0.576,-1.088
-0.695,0.429
-0.725,1.086
-0.713,0.245
-0.742,2.057
-0.718,1.124
-0.773,1.513
-0.794,1.972
-0.85,-1.792
-0.786,0.722
-0.835,2.027
-0.87,1.418
-0.904,-1.058
-1.026,1.026
-0.967,1.868
-0.993,1.45
-1.069,-1.195
-2.028,-1.841
-2.707,-1.806
-2.734,-1.866
3.126,-2.126
3.08,-1.935
2.798,-2.231
2.794,-2.129
2.641,-1.854
2.378,-1.881
1.899,-2.14
1.897,-1.877
1.545,-2.311
1.516,-2.08
1.275,-2.055
0.849,-2.24
0.682,-1.981
0.12,-1.959
0.035,-1.891
-0.551,-1.913
-0.527,-1.978
-0.971,-1.788
-1.222,2.208
-1.466,2.42
-1.709,2.192
-2.545,2.379
-2.81,2.34
-3.007,2.32
-3.079,2.248
3.082,2.482
2.87,2.526
2.706,2.311
2.674,2.212
2.327,2.533
0.389,2.461
0.438,2.303
0.268,2.511
0.24,2.507
0.161,2.485
-0.036,2.168
-0.571,2.472
-0.814,2.582
-0.954,2.254
-2.868,-1.602
2.859,1.913
2.529,-1.374
2.083,2.072
0.203,1.802
0.207,-0.297
0.158,1.955
-0.552,-1.474
-0.794,1.462
-0.712,1.19
-1.726,-1.969
1.243,-2.264
-0.435,-2.197
-2.719,2.191
-0.059,2.467
-1.274,-1.528
-1.306,-0.088
-1.346,1.739
-1.464,-0.512
-1.318,-1.582
-1.473,0.21
-1.567,-0.216
-1.578,1.642
-1.762,-1.767
-1.819,-0.135
-1.743,0.763
-1.761,1.927
-2.005,0.805
-2.169,0.863
-2.052,-1.813
-2.06,-0.442
-2.058,-0.444
-2.103,-1.029
-2.073,2.032
-2.168,-1.464
-2.322,0.211
-2.358,-0.479
-2.38,-0.259
-2.318,-1.529
-2.471,-0.065
-2.395,0.569
-2.409,-0.406
-2.541,-0.001
-2.661,0.936
-2.92,-0.845
-2.773,-0.145
-2.985,1.908
-3.012,-1.631
-3.047,1.717
-2.995,0.642
3.126,-0.078
3.122,-1.75
-3.052,0.928
3.098,1.25
3.068,0.391
3.067,-0.058
3.038,-0.827
3.133,-0.692
-3.138,1.982
3.022,-0.344
3.1,-1.134
2.969,1.819
2.954,0.527
2.908,-1.136
2.926,-1.645
2.726,-1.683
2.668,-1.569
2.666,1.511
2.772,1.971
2.695,0.206
2.678,0.293
2.599,0.075
2.625,-1.629
2.454,-0.356
2.414,1.847
2.275,-1.477
2.296,0.979
2.254,1.924
2.382,-1.096
2.081,-0.763
2.217,-1.742
2.08,-1.739
2.086,0.885
2.018,0.238
2.015,-0.809
1.772,-0.814
1.926,1.921
1.756,1.05
1.745,2.107
1.876,-1.487
1.717,-0.294
1.689,-1.469
1.504,1.708
1.497,-0.682
1.518,0.322
1.541,0.93
1.538,0.597
1.375,0.31
1.465,0.165
1.34,-0.69
1.357,0.959
1.141,1.605
1.067,2.113
1.125,1.888
0.984,-1.324
1.028,1.632
0.849,-1.549
0.682,0.563
0.607,1.243
0.594,-1.703
0.626,-1.589
0.627,2.135
0.569,0.302
0.402,0.83
0.372,-1.651
0.238,-0.558
0.049,0.03
0.075,-1.877
0.015,-1.877
0.121,0.677
0.088,0.111
0.103,0.802
-0.441,-0.91
-0.449,-0.685
-0.596,0.311
-0.572,-0.855
-0.69,-0.769
-0.598,0.896
-0.75,0.176
-0.639,-0.163
-0.639,0.737
-0.777,-0.4
-0.706,-0.068
-0.905,0.916
-0.791,-1.504
-1.008,-1.71
-1.665,-1.877
-1.548,-1.918
-1.751,-1.823
-2.21,-2.156
-2.182,-2.227
-2.445,-2.075
-2.365,-1.878
-2.477,-1.915
3.124,-2.086
-3.093,-1.834
-3.067,-1.952
2.879,-1.945
2.717,-2.184
1.91,-2.045
1.915,-2.254
1.652,-2.028
1.646,-2.049
-0.478,-2.142
-0.963,-1.973
-1.018,2.272
-1.193,2.503
-1.992,2.558
-2.3,2.335
-2.959,2.238
3.124,2.196
2.12,2.324
2.102,2.232
1.985,2.24
1.56,2.367
1.157,2.236
0.483,2.411
0.026,2.265
-0.236,2.249
-1.907,0.278
-2.291,0.279
-3.136,-0.346
1.081,0.279
0.899,0.895
0.179,1.645
-0.09,1.858
-0.682,-1.255
1.357,0.588
0.67,0.951
-0.212,0.883
-0.229,1.767
-0.225,1.201
-0.289,1.768
-0.28,0.201
-0.308,1.608
-0.392,0.993
-0.43,1.026
-0.51,0.344
-0.542,1.566
-0.466,1.675
-0.598,0.768
-0.69,0.335
-2.61,-0.616
2.382,0.513
-0.272,-1.012
-0.698,0.445
-0.954,0.502
-2.68,-1.847
-2.798,-1.717
2.04,-1.6
3.053,2.087
-2.611,-1.786
3.073,-1.962
0.016,-1.348
-0.051,-0.003
0.006,-1.21
-0.102,0.728
-0.037,-1.247
-0.037,-3.038
-0.103,0.036
-0.143,-0.525
-0.181,-1.908
-0.13,0.225
-0.133,-0.3
-0.136,-1.721
-0.247,-1.067
-0.188,-1.671
-0.179,-1.756
-0.275,-1.973
-0.309,-2.123
-0.468,-1.89
-0.411,-1.152
-0.478,-1.709
-0.564,-2.394
-0.683,-0.877
-0.713,-0.22
-0.701,-1.061
-0.73,0.751
-0.706,-0.182
-0.761,0.207
-0.782,0.666
-0.838,-3.098
-0.774,-0.584
-0.823,0.721
-0.858,0.112
-0.892,-2.364
-1.014,-0.28
-0.955,0.562
-0.981,0.144
-1.057,-2.501
-2.016,-3.147
-2.695,-3.112
-2.722,-3.172
3.138,-3.432
3.092,-3.241
2.81,-3.537
2.806,-3.435
2.653,-3.16
2.39,-3.187
1.911,-3.446
1.909,-3.183
1.557,-3.617
1.528,-3.386
1.287,-3.361
0.861,-3.546
0.694,-3.287
0.132,-3.265
0.047,-3.197
-0.539,-3.219
-0.515,-3.284
-0.959,-3.094
-1.21,0.902
-1.454,1.114
-1.697,0.886
-2.533,1.073
-2.798,1.034
-2.995,1.014
-3.067,0.942
3.094,1.176
2.882,1.22
2.718,1.005
2.686,0.906
2.339,1.227
0.401,1.155
0.45,0.997
0.28,1.205
0.252,1.201
0.173,1.179
-0.024,0.862
-0.559,1.166
-0.802,1.276
-0.942,0.948
-2.856,-2.908
2.871,0.607
2.541,-2.68
2.095,0.766
0.215,0.496
0.219,-1.603
0.17,0.649
-0.54,-2.78
-0.782,0.156
-0.7,-0.116
-1.714,-3.275
1.255,-3.57
-0.423,-3.503
-2.707,0.885
-0.047,1.161
-1.262,-2.834
-1.294,-1.394
-1.334,0.433
-1.452,-1.818
-1.306,-2.888
-1.461,-1.096
-1.555,-1.522
-1.566,0.336
-1.75,-3.073
-1.807,-1.441
-1.731,-0.543
-1.749,0.621
-1.993,-0.501
-2.157,-0.443
-2.04,-3.119
-2.048,-1.748
-2.046,-1.75
-2.091,-2.335
-2.061,0.726
-2.156,-2.77
-2.31,-1.095
-2.346,-1.785
-2.368,-1.565
-2.306,-2.835
-2.459,-1.371
-2.383,-0.737
-2.397,-1.712
-2.529,-1.307
-2.649,-0.37
-2.908,-2.151
-2.761,-1.451
-2.973,0.602
-3.0,-2.937
-3.035,0.411
-2.983,-0.664
3.138,-1.384
3.134,-3.056
-3.04,-0.378
3.11,-0.056
3.08,-0.915
3.079,-1.364
3.05,-2.133
-3.138,-1.998
-3.126,0.676
3.034,-1.65
3.112,-2.44
2.981,0.513
2.966,-0.779
2.92,-2.442
2.938,-2.951
2.738,-2.989
2.68,-2.875
2.678,0.205
2.784,0.665
2.707,-1.1
2.69,-1.013
2.611,-1.231
2.637,-2.935
2.466,-1.662
2.426,0.541
2.287,-2.783
2.308,-0.327
2.266,0.618
2.394,-2.402
2.093,-2.069
2.229,-3.048
2.092,-3.045
2.098,-0.421
2.03,-1.068
2.027,-2.115
1.784,-2.12
1.938,0.615
1.768,-0.256
1.757,0.801
1.888,-2.793
1.729,-1.6
1.701,-2.775
1.516,0.402
1.509,-1.988
1.53,-0.984
1.553,-0.376
1.55,-0.709
1.387,-0.996
1.477,-1.141
1.352,-1.996
1.369,-0.347
1.153,0.299
1.079,0.807
1.137,0.582
0.996,-2.63
1.04,0.326
0.861,-2.855
0.694,-0.743
0.619,-0.063
0.606,-3.009
0.638,-2.895
0.639,0.829
0.581,-1.004
0.414,-0.476
0.384,-2.957
0.25,-1.864
0.061,-1.276
0.087,-3.183
0.027,-3.183
0.133,-0.629
0.1,-1.195
0.115,-0.504
-0.429,-2.216
-0.437,-1.991
-0.584,-0.995
-0.56,-2.161
-0.678,-2.075
-0.586,-0.41
-0.738,-1.13
-0.627,-1.469
-0.627,-0.569
-0.765,-1.706
-0.694,-1.374
-0.893,-0.39
-0.779,-2.81
-0.996,-3.016
-1.653,-3.183
-1.536,-3.224
-1.739,-3.129
-2.198,-3.462
-2.17,-3.533
-2.433,-3.381
-2.353,-3.184
-2.465,-3.221
3.136,-3.392
-3.081,-3.14
-3.055,-3.258
2.891,-3.251
2.729,-3.49
1.922,-3.351
1.927,-3.56
1.664,-3.334
1.658,-3.355
-0.466,-3.448
-0.951,-3.279
-1.006,0.966
-1.181,1.197
-1.98,1.252
-2.288,1.029
-2.947,0.932
3.136,0.89
2.132,1.018
2.114,0.926
1.997,0.934
1.572,1.061
1.169,0.93
0.495,1.105
0.038,0.959
-0.224,0.943
-1.895,-1.028
-2.279,-1.027
-3.124,-1.652
1.093,-1.027
0.911,-0.411
0.191,0.339
-0.078,0.552
-0.67,-2.561
1.369,-0.718
0.682,-0.355
-0.2,-0.423
-0.217,0.461
-0.213,-0.105
-0.277,0.462
-0.268,-1.105
-0.296,0.302
-0.38,-0.313
-0.418,-0.28
-0.498,-0.962
-0.53,0.26
-0.454,0.369
-0.586,-0.538
-0.678,-0.971
-2.598,-1.922
2.394,-0.793
-0.26,-2.318
-0.686,-0.861
-0.942,-0.804
-2.668,-3.153
-2.786,-3.023
2.052,-2.906
3.065,0.781
-2.599,-3.092
3.085,-3.268
-0.067,1.345
-0.01,0.138
-0.118,2.076
-0.053,0.101
-0.053,-1.69
-0.119,1.384
-0.159,0.823
-0.197,-0.56
-0.146,1.573
-0.149,1.048
-0.152,-0.373
-0.263,0.281
-0.204,-0.323
-0.195,-0.408
-0.291,-0.625
-0.325,-0.775
-0.484,-0.542
-0.427,0.196
-0.494,-0.361
-0.58,-1.046
-0.699,0.471
-0.729,1.128
-0.717,0.287
-0.746,2.099
-0.722,1.166
-0.777,1.555
-0.798,2.014
-0.854,-1.75
-0.79,0.764
-0.839,2.069
-0.874,1.46
-0.908,-1.016
-1.03,1.068
-0.971,1.91
-0.997,1.492
-1.073,-1.153
-2.032,-1.799
-2.711,-1.764
-2.738,-1.824
3.122,-2.084
3.076,-1.893
2.794,-2.189
2.79,-2.087
2.637,-1.812
2.374,-1.839
1.895,-2.098
1.893,-1.835
1.541,-2.269
1.512,-2.038
1.271,-2.013
0.845,-2.198
0.678,-1.939
0.116,-1.917
0.031,-1.849
-0.555,-1.871
-0.531,-1.936
-0.975,-1.746
-1.226,2.25
-1.47,2.462
-1.713,2.234
-2.549,2.421
-2.814,2.382
-3.011,2.362
-3.083,2.29
3.078,2.524
2.866,2.568
2.702,2.353
2.67,2.254
2.323,2.575
0.385,2.503
0.434,2.345
0.264,2.553
0.236,2.549
0.157,2.527
-0.04,2.21
-0.575,2.514
-0.818,2.624
-0.958,2.296
-2.872,-1.56
2.855,1.955
2.525,-1.332
2.079,2.114
0.199,1.844
0.203,-0.255
0.154,1.997
-0.556,-1.432
-0.798,1.504
-0.716,1.232
-1.73,-1.927
1.239,-2.222
-0.439,-2.155
-2.723,2.233
-0.063,2.509
-1.278,-1.486
-1.31,-0.046
-1.35,1.781
-1.468,-0.47
-1.322,-1.54
-1.477,0.252
-1.571,-0.174
-1.582,1.684
-1.766,-1.725
-1.823,-0.093
-1.747,0.805
-1.765,1.969
-2.009,0.847
-2.173,0.905
-2.056,-1.771
-2.064,-0.4
-2.062,-0.402
-2.107,-0.987
-2.077,2.074
-2.172,-1.422
-2.326,0.253
-2.362,-0.437
-2.384,-0.217
-2.322,-1.487
-2.475,-0.023
-2.399,0.611
-2.413,-0.364
-2.545,0.041
-2.665,0.978
-2.924,-0.803
-2.777,-0.103
-2.989,1.95
-3.016,-1.589
-3.051,1.759
-2.999,0.684
3.122,-0.036
3.118,-1.708
-3.056,0.97
3.094,1.292
3.064,0.433
3.063,-0.016
3.034,-0.785
3.129,-0.65
3.141,2.024
3.018,-0.302
3.096,-1.092
2.965,1.861
2.95,0.569
2.904,-1.094
2.922,-1.603
2.722,-1.641
2.664,-1.527
2.662,1.553
2.768,2.013
2.691,0.248
2.674,0.335
2.595,0.117
2.621,-1.587
2.45,-0.314
2.41,1.889
2.271,-1.435
2.292,1.021
2.25,1.966
2.378,-1.054
2.077,-0.721
2.213,-1.7
2.076,-1.697
2.082,0.927
2.014,0.28
2.011,-0.767
1.768,-0.772
1.922,1.963
1.752,1.092
1.741,2.149
1.872,-1.445
1.713,-0.252
1.685,-1.427
1.5,1.75
1.493,-0.64
1.514,0.364
1.537,0.972
1.534,0.639
1.371,0.352
1.461,0.207
1.336,-0.648
1.353,1.001
1.137,1.647
1.063,2.155
1.121,1.93
0.98,-1.282
1.024,1.674
0.845,-1.507
0.678,0.605
0.603,1.285
0.59,-1.661
0.622,-1.547
0.623,2.177
0.565,0.344
0.398,0.872
0.368,-1.609
0.234,-0.516
0.045,0.072
0.071,-1.835
0.011,-1.835
0.117,0.719
0.084,0.153
0.099,0.844
-0.445,-0.868
-0.453,-0.643
-0.6,0.353
-0.576,-0.813
-0.694,-0.727
-0.602,0.938
-0.754,0.218
-0.643,-0.121
-0.643,0.779
-0.781,-0.358
-0.71,-0.026
-0.909,0.958
-0.795,-1.462
-1.012,-1.668
-1.669,-1.835
-1.552,-1.876
-1.755,-1.781
-2.214,-2.114
-2.186,-2.185
-2.449,-2.033
-2.369,-1.836
-2.481,-1.873
3.12,-2.044
-3.097,-1.792
-3.071,-1.91
2.875,-1.903
2.713,-2.142
1.906,-2.003
1.911,-2.212
1.648,-1.986
1.642,-2.007
-0.482,-2.1
-0.967,-1.931
-1.022,2.314
-1.197,2.545
-1.996,2.6
-2.304,2.377
-2.963,2.28
3.12,2.238
2.116,2.366
2.098,2.274
1.981,2.282
1.556,2.409
1.153,2.278
0.479,2.453
0.022,2.307
-0.24,2.291
-1.911,0.32
-2.295,0.321
-3.14,-0.304
1.077,0.321
0.895,0.937
0.175,1.687
-0.094,1.9
-0.686,-1.213
1.353,0.63
0.666,0.993
-0.216,0.925
-0.233,1.809
-0.229,1.243
-0.293,1.81
-0.284,0.243
-0.312,1.65
-0.396,1.035
-0.434,1.068
-0.514,0.386
-0.546,1.608
-0.47,1.717
-0.602,0.81
-0.694,0.377
-2.614,-0.574
2.378,0.555
-0.276,-0.97
-0.702,0.487
-0.958,0.544
-2.684,-1.805
-2.802,-1.675
2.036,-1.558
3.049,2.129
-2.615,-1.744
3.069,-1.92
0.057,-1.207
-0.051,0.731
0.014,-1.244
0.014,-3.035
-0.052,0.039
-0.092,-0.522
-0.13,-1.905
-0.079,0.228
-0.082,-0.297
-0.085,-1.718
-0.196,-1.064
-0.137,-1.668
-0.128,-1.753
-0.224,-1.97
-0.258,-2.12
-0.417,-1.887
-0.36,-1.149
-0.427,-1.706
-0.513,-2.391
-0.632,-0.874
-0.662,-0.217
-0.65,-1.058
-0.679,0.754
-0.655,-0.179
-0.71,0.21
-0.731,0.669
-0.787,-3.095
-0.723,-0.581
-0.772,0.724
-0.807,0.115
-0.841,-2.361
-0.963,-0.277
-0.904,0.565
-0.93,0.147
-1.006,-2.498
-1.965,-3.144
-2.644,-3.109
-2.671,-3.169
-3.094,-3.429
-3.14,-3.238
2.861,-3.534
2.857,-3.432
2.704,-3.157
2.441,-3.184
1.962,-3.443
1.96,-3.18
1.608,-3.614
1.579,-3.383
1.338,-3.358
0.912,-3.543
0.745,-3.284
0.183,-3.262
0.098,-3.194
-0.488,-3.216
-0.464,-3.281
-0.908,-3.091
-1.159,0.905
-1.403,1.117
-1.646,0.889
-2.482,1.076
-2.747,1.037
-2.944,1.017
-3.016,0.945
-3.138,1.179
2.933,1.223
2.769,1.008
2.737,0.909
2.39,1.23
0.452,1.158
0.501,1.0
0.331,1.208
0.303,1.204
0.224,1.182
0.027,0.865
-0.508,1.169
-0.751,1.279
-0.891,0.951
-2.805,-2.905
2.922,0.61
2.592,-2.677
2.146,0.769
0.266,0.499
0.27,-1.6
0.221,0.652
-0.489,-2.777
-0.731,0.159
-0.649,-0.113
-1.663,-3.272
1.306,-3.567
-0.372,-3.5
-2.656,0.888
0.004,1.164
-1.211,-2.831
-1.243,-1.391
-1.283,0.436
-1.401,-1.815
-1.255,-2.885
-1.41,-1.093
-1.504,-1.519
-1.515,0.339
-1.699,-3.07
-1.756,-1.438
-1.68,-0.54
-1.698,0.624
-1.942,-0.498
-2.106,-0.44
-1.989,-3.116
-1.997,-1.745
-1.995,-1.747
-2.04,-2.332
-2.01,0.729
-2.105,-2.767
-2.259,-1.092
-2.295,-1.782
-2.317,-1.562
-2.255,-2.832
-2.408,-1.368
-2.332,-0.734
-2.346,-1.709
-2.478,-1.304
-2.598,-0.367
-2.857,-2.148
-2.71,-1.448
-2.922,0.605
-2.949,-2.934
-2.984,0.414
-2.932,-0.661
-3.094,-1.381
-3.098,-3.053
-2.989,-0.375
-3.122,-0.053
3.131,-0.912
3.13,-1.361
3.101,-2.13
-3.087,-1.995
-3.075,0.679
3.085,-1.647
-3.12,-2.437
3.032,0.516
3.017,-0.776
2.971,-2.439
2.989,-2.948
2.789,-2.986
2.731,-2.872
2.729,0.208
2.835,0.668
2.758,-1.097
2.741,-1.01
2.662,-1.228
2.688,-2.932
2.517,-1.659
2.477,0.544
2.338,-2.78
2.359,-0.324
2.317,0.621
2.445,-2.399
2.144,-2.066
2.28,-3.045
2.143,-3.042
2.149,-0.418
2.081,-1.065
2.078,-2.112
1.835,-2.117
1.989,0.618
1.819,-0.253
1.808,0.804
1.939,-2.79
1.78,-1.597
1.752,-2.772
1.567,0.405
1.56,-1.985
1.581,-0.981
1.604,-0.373
1.601,-0.706
1.438,-0.993
1.528,-1.138
1.403,-1.993
1.42,-0.344
1.204,0.302
1.13,0.81
1.188,0.585
1.047,-2.627
1.091,0.329
0.912,-2.852
0.745,-0.74
0.67,-0.06
0.657,-3.006
0.689,-2.892
0.69,0.832
0.632,-1.001
0.465,-0.473
0.435,-2.954
0.301,-1.861
0.112,-1.273
0.138,-3.18
0.078,-3.18
0.184,-0.626
0.151,-1.192
0.166,-0.501
-0.378,-2.213
-0.386,-1.988
-0.533,-0.992
-0.509,-2.158
-0.627,-2.072
-0.535,-0.407
-0.687,-1.127
-0.576,-1.466
-0.576,-0.566
-0.714,-1.703
-0.643,-1.371
-0.842,-0.387
-0.728,-2.807
-0.945,-3.013
-1.602,-3.18
-1.485,-3.221
-1.688,-3.126
-2.147,-3.459
-2.119,-3.53
-2.382,-3.378
-2.302,-3.181
-2.414,-3.218
-3.096,-3.389
-3.03,-3.137
-3.004,-3.255
2.942,-3.248
2.78,-3.487
1.973,-3.348
1.978,-3.557
1.715,-3.331
1.709,-3.352
-0.415,-3.445
-0.9,-3.276
-0.955,0.969
-1.13,1.2
-1.929,1.255
-2.237,1.032
-2.896,0.935
-3.096,0.893
2.183,1.021
2.165,0.929
2.048,0.937
1.623,1.064
1.22,0.933
0.546,1.108
0.089,0.962
-0.173,0.946
-1.844,-1.025
-2.228,-1.024
-3.073,-1.649
1.144,-1.024
0.962,-0.408
0.242,0.342
-0.027,0.555
-0.619,-2.558
1.42,-0.715
0.733,-0.352
-0.149,-0.42
-0.166,0.464
-0.162,-0.102
-0.226,0.465
-0.217,-1.102
-0.245,0.305
-0.329,-0.31
-0.367,-0.277
-0.447,-0.959
-0.479,0.263
-0.403,0.372
-0.535,-0.535
-0.627,-0.968
-2.547,-1.919
2.445,-0.79
-0.209,-2.315
-0.635,-0.858
-0.891,-0.801
-2.617,-3.15
-2.735,-3.02
2.103,-2.903
3.116,0.784
-2.548,-3.089
3.136,-3.265
-0.108,1.938
-0.043,-0.037
-0.043,-1.828
-0.109,1.246
-0.149,0.685
-0.187,-0.698
-0.136,1.435
-0.139,0.91
-0.142,-0.511
-0.253,0.143
-0.194,-0.461
-0.185,-0.546
-0.281,-0.763
-0.315,-0.913
-0.474,-0.68
-0.417,0.058
-0.484,-0.499
-0.57,-1.184
-0.689,0.333
-0.719,0.99
-0.707,0.149
-0.736,1.961
-0.712,1.028
-0.767,1.417
-0.788,1.876
-0.844,-1.888
-0.78,0.626
-0.829,1.931
-0.864,1.322
-0.898,-1.154
-1.02,0.93
-0.961,1.772
-0.987,1.354
-1.063,-1.291
-2.022,-1.937
-2.701,-1.902
-2.728,-1.962
3.132,-2.222
3.086,-2.031
2.804,-2.327
2.8,-2.225
2.647,-1.95
2.384,-1.977
1.905,-2.236
1.903,-1.973
1.551,-2.407
1.522,-2.176
1.281,-2.151
0.855,-2.336
0.688,-2.077
0.126,-2.055
0.041,-1.987
-0.545,-2.009
-0.521,-2.074
-0.965,-1.884
-1.216,2.112
-1.46,2.324
-1.703,2.096
-2.539,2.283
-2.804,2.244
-3.001,2.224
-3.073,2.152
3.088,2.386
2.876,2.43
2.712,2.215
2.68,2.116
2.333,2.437
0.395,2.365
0.444,2.207
0.274,2.415
0.246,2.411
0.167,2.389
-0.03,2.072
-0.565,2.376
-0.808,2.486
-0.948,2.158
-2.862,-1.698
2.865,1.817
2.535,-1.47
2.089,1.976
0.209,1.706
0.213,-0.393
0.164,1.859
-0.546,-1.57
-0.788,1.366
-0.706,1.094
-1.72,-2.065
1.249,-2.36
-0.429,-2.293
-2.713,2.095
-0.053,2.371
-1.268,-1.624
-1.3,-0.184
-1.34,1.643
-1.458,-0.608
-1.312,-1.678
-1.467,0.114
-1.561,-0.312
-1.572,1.546
-1.756,-1.863
-1.813,-0.231
-1.737,0.667
-1.755,1.831
-1.999,0.709
-2.163,0.767
-2.046,-1.909
-2.054,-0.538
-2.052,-0.54
-2.097,-1.125
-2.067,1.936
-2.162,-1.56
-2.316,0.115
-2.352,-0.575
-2.374,-0.355
-2.312,-1.625
-2.465,-0.161
-2.389,0.473
-2.403,-0.502
-2.535,-0.097
-2.655,0.84
-2.914,-0.941
-2.767,-0.241
-2.979,1.812
-3.006,-1.727
-3.041,1.621
-2.989,0.546
3.132,-0.174
3.128,-1.846
-3.046,0.832
3.104,1.154
3.074,0.295
3.073,-0.154
3.044,-0.923
3.139,-0.788
-3.132,1.886
3.028,-0.44
3.106,-1.23
2.975,1.723
2.96,0.431
2.914,-1.232
2.932,-1.741
2.732,-1.779
2.674,-1.665
2.672,1.415
2.778,1.875
2.701,0.11
2.684,0.197
2.605,-0.021
2.631,-1.725
2.46,-0.452
2.42,1.751
2.281,-1.573
2.302,0.883
2.26,1.828
2.388,-1.192
2.087,-0.859
2.223,-1.838
2.086,-1.835
2.092,0.789
2.024,0.142
2.021,-0.905
1.778,-0.91
1.932,1.825
1.762,0.954
1.751,2.011
1.882,-1.583
1.723,-0.39
1.695,-1.565
1.51,1.612
1.503,-0.778
1.524,0.226
1.547,0.834
1.544,0.501
1.381,0.214
1.471,0.069
1.346,-0.786
1.363,0.863
1.147,1.509
1.073,2.017
1.131,1.792
0.99,-1.42
1.034,1.536
0.855,-1.645
0.688,0.467
0.613,1.147
0.6,-1.799
0.632,-1.685
0.633,2.039
0.575,0.206
0.408,0.734
0.378,-1.747
0.244,-0.654
0.055,-0.066
0.081,-1.973
0.021,-1.973
0.127,0.581
0.094,0.015
0.109,0.706
-0.435,-1.006
-0.443,-0.781
-0.59,0.215
-0.566,-0.951
-0.684,-0.865
-0.592,0.8
-0.744,0.08
-0.633,-0.259
-0.633,0.641
-0.771,-0.496
-0.7,-0.164
-0.899,0.82
-0.785,-1.6
-1.002,-1.806
-1.659,-1.973
-1.542,-2.014
-1.745,-1.919
-2.204,-2.252
-2.176,-2.323
-2.439,-2.171
-2.359,-1.974
-2.471,-2.011
3.13,-2.182
-3.087,-1.93
-3.061,-2.048
2.885,-2.041
2.723,-2.28
1.916,-2.141
1.921,-2.35
1.658,-2.124
1.652,-2.145
-0.472,-2.238
-0.957,-2.069
-1.012,2.176
-1.187,2.407
-1.986,2.462
-2.294,2.239
-2.953,2.142
3.13,2.1
2.126,2.228
2.108,2.136
1.991,2.144
1.566,2.271
1.163,2.14
0.489,2.315
0.032,2.169
-0.23,2.153
-1.901,0.182
-2.285,0.183
-3.13,-0.442
1.087,0.183
0.905,0.799
0.185,1.549
-0.084,1.762
-0.676,-1.351
1.363,0.492
0.676,0.855
-0.206,0.787
-0.223,1.671
-0.219,1.105
-0.283,1.672
-0.274,0.105
-0.302,1.512
-0.386,0.897
-0.424,0.93
-0.504,0.248
-0.536,1.47
-0.46,1.579
-0.592,0.672
-0.684,0.239
-2.604,-0.712
2.388,0.417
-0.266,-1.108
-0.692,0.349
-0.948,0.406
-2.674,-1.943
-2.792,-1.813
2.046,-1.696
3.059,1.991
-2.605,-1.882
3.079,-2.058
0.065,-1.975
0.065,-3.766
-0.001,-0.692
-0.041,-1.253
-0.079,-2.636
-0.028,-0.503
-0.031,-1.028
-0.034,-2.449
-0.145,-1.795
-0.086,-2.399
-0.077,-2.484
-0.173,-2.701
-0.207,-2.851
-0.366,-2.618
-0.309,-1.88
-0.376,-2.437
-0.462,-3.122
-0.581,-1.605
-0.611,-0.948
-0.599,-1.789
-0.628,0.023
-0.604,-0.91
-0.659,-0.521
-0.68,-0.062
-0.736,-3.826
-0.672,-1.312
-0.721,-0.007
-0.756,-0.616
-0.79,-3.092
-0.912,-1.008
-0.853,-0.166
-0.879,-0.584
-0.955,-3.229
-1.914,-3.875
-2.593,-3.84
-2.62,-3.9
-3.043,-4.16
-3.089,-3.969
2.912,-4.265
2.908,-4.163
2.755,-3.888
2.492,-3.915
2.013,-4.174
2.011,-3.911
1.659,-4.345
1.63,-4.114
1.389,-4.089
0.963,-4.274
0.796,-4.015
0.234,-3.993
0.149,-3.925
-0.437,-3.947
-0.413,-4.012
-0.857,-3.822
-1.108,0.174
-1.352,0.386
-1.595,0.158
-2.431,0.345
-2.696,0.306
-2.893,0.286
-2.965,0.214
-3.087,0.448
2.984,0.492
2.82,0.277
2.788,0.178
2.441,0.499
0.503,0.427
0.552,0.269
0.382,0.477
0.354,0.473
0.275,0.451
0.078,0.134
-0.457,0.438
-0.7,0.548
-0.84,0.22
-2.754,-3.636
2.973,-0.121
2.643,-3.408
2.197,0.038
0.317,-0.232
0.321,-2.331
0.272,-0.079
-0.438,-3.508
-0.68,-0.572
-0.598,-0.844
-1.612,-4.003
1.357,-4.298
-0.321,-4.231
-2.605,0.157
0.055,0.433
-1.16,-3.562
-1.192,-2.122
-1.232,-0.295
-1.35,-2.546
-1.204,-3.616
-1.359,-1.824
-1.453,-2.25
-1.464,-0.392
-1.648,-3.801
-1.705,-2.169
-1.629,-1.271
-1.647,-0.107
-1.891,-1.229
-2.055,-1.171
-1.938,-3.847
-1.946,-2.476
-1.944,-2.478
-1.989,-3.063
-1.959,-0.002
-2.054,-3.498
-2.208,-1.823
-2.244,-2.513
-2.266,-2.293
-2.204,-3.563
-2.357,-2.099
-2.281,-1.465
-2.295,-2.44
-2.427,-2.035
-2.547,-1.098
-2.806,-2.879
-2.659,-2.179
-2.871,-0.126
-2.898,-3.665
-2.933,-0.317
-2.881,-1.392
-3.043,-2.112
-3.047,-3.784
-2.938,-1.106
-3.071,-0.784
-3.101,-1.643
-3.102,-2.092
-3.131,-2.861
-3.036,-2.726
-3.024,-0.052
3.136,-2.378
-3.069,-3.168
3.083,-0.215
3.068,-1.507
3.022,-3.17
3.04,-3.679
2.84,-3.717
2.782,-3.603
2.78,-0.523
2.886,-0.063
2.809,-1.828
2.792,-1.741
2.713,-1.959
2.739,-3.663
2.568,-2.39
2.528,-0.187
2.389,-3.511
2.41,-1.055
2.368,-0.11
2.496,-3.13
2.195,-2.797
2.331,-3.776
2.194,-3.773
2.2,-1.149
2.132,-1.796
2.129,-2.843
1.886,-2.848
2.04,-0.113
1.87,-0.984
1.859,0.073
1.99,-3.521
1.831,-2.328
1.803,-3.503
1.618,-0.326
1.611,-2.716
1.632,-1.712
1.655,-1.104
1.652,-1.437
1.489,-1.724
1.579,-1.869
1.454,-2.724
1.471,-1.075
1.255,-0.429
1.181,0.079
1.239,-0.146
1.098,-3.358
1.142,-0.402
0.963,-3.583
0.796,-1.471
0.721,-0.791
0.708,-3.737
0.74,-3.623
0.741,0.101
0.683,-1.732
0.516,-1.204
0.486,-3.685
0.352,-2.592
0.163,-2.004
0.189,-3.911
0.129,-3.911
0.235,-1.357
0.202,-1.923
0.217,-1.232
-0.327,-2.944
-0.335,-2.719
-0.482,-1.723
-0.458,-2.889
-0.576,-2.803
-0.484,-1.138
-0.636,-1.858
-0.525,-2.197
-0.525,-1.297
-0.663,-2.434
-0.592,-2.102
-0.791,-1.118
-0.677,-3.538
-0.894,-3.744
-1.551,-3.911
-1.434,-3.952
-1.637,-3.857
-2.096,-4.19
-2.068,-4.261
-2.331,-4.109
-2.251,-3.912
-2.363,-3.949
-3.045,-4.12
-2.979,-3.868
-2.953,-3.986
2.993,-3.979
2.831,-4.218
2.024,-4.079
2.029,-4.288
1.766,-4.062
1.76,-4.083
-0.364,-4.176
-0.849,-4.007
-0.904,0.238
-1.079,0.469
-1.878,0.524
-2.186,0.301
-2.845,0.204
-3.045,0.162
2.234,0.29
2.216,0.198
2.099,0.206
1.674,0.333
1.271,0.202
0.597,0.377
0.14,0.231
-0.122,0.215
-1.793,-1.756
-2.177,-1.755
-3.022,-2.38
1.195,-1.755
1.013,-1.139
0.293,-0.389
0.024,-0.176
-0.568,-3.289
1.471,-1.446
0.784,-1.083
-0.098,-1.151
-0.115,-0.267
-0.111,-0.833
-0.175,-0.266
-0.166,-1.833
-0.194,-0.426
-0.278,-1.041
-0.316,-1.008
-0.396,-1.69
-0.428,-0.468
-0.352,-0.359
-0.484,-1.266
-0.576,-1.699
-2.496,-2.65
2.496,-1.521
-0.158,-3.046
-0.584,-1.589
-0.84,-1.532
-2.566,-3.881
-2.684,-3.751
2.154,-3.634
-3.116,0.053
-2.497,-3.82
-3.096,-3.996
0.0,-1.791
-0.066,1.283
-0.106,0.722
-0.144,-0.661
-0.093,1.472
-0.096,0.947
-0.099,-0.474
-0.21,0.18
-0.151,-0.424
-0.142,-0.509
-0.238,-0.726
-0.272,-0.876
-0.431,-0.643
-0.374,0.095
-0.441,-0.462
-0.527,-1.147
-0.646,0.37
-0.676,1.027
-0.664,0.186
-0.693,1.998
-0.669,1.065
-0.724,1.454
-0.745,1.913
-0.801,-1.851
-0.737,0.663
-0.786,1.968
-0.821,1.359
-0.855,-1.117
-0.977,0.967
-0.918,1.809
-0.944,1.391
-1.02,-1.254
-1.979,-1.9
-2.658,-1.865
-2.685,-1.925
-3.108,-2.185
3.129,-1.994
2.847,-2.29
2.843,-2.188
2.69,-1.913
2.427,-1.94
1.948,-2.199
1.946,-1.936
1.594,-2.37
1.565,-2.139
1.324,-2.114
0.898,-2.299
0.731,-2.04
0.169,-2.018
0.084,-1.95
-0.502,-1.972
-0.478,-2.037
-0.922,-1.847
-1.173,2.149
-1.417,2.361
-1.66,2.133
-2.496,2.32
-2.761,2.281
-2.958,2.261
-3.03,2.189
3.131,2.423
2.919,2.467
2.755,2.252
2.723,2.153
2.376,2.474
0.438,2.402
0.487,2.244
0.317,2.452
0.289,2.448
0.21,2.426
0.013,2.109
-0.522,2.413
-0.765,2.523
-0.905,2.195
-2.819,-1.661
2.908,1.854
2.578,-1.433
2.132,2.013
0.252,1.743
0.256,-0.356
0.207,1.896
-0.503,-1.533
-0.745,1.403
-0.663,1.131
-1.677,-2.028
1.292,-2.323
-0.386,-2.256
-2.67,2.132
-0.01,2.408
-1.225,-1.587
-1.257,-0.147
-1.297,1.68
-1.415,-0.571
-1.269,-1.641
-1.424,0.151
-1.518,-0.275
-1.529,1.583
-1.713,-1.826
-1.77,-0.194
-1.694,0.704
-1.712,1.868
-1.956,0.746
-2.12,0.804
-2.003,-1.872
-2.011,-0.501
-2.009,-0.503
-2.054,-1.088
-2.024,1.973
-2.119,-1.523
-2.273,0.152
-2.309,-0.538
-2.331,-0.318
-2.269,-1.588
-2.422,-0.124
-2.346,0.51
-2.36,-0.465
-2.492,-0.06
-2.612,0.877
-2.871,-0.904
-2.724,-0.204
-2.936,1.849
-2.963,-1.69
-2.998,1.658
-2.946,0.583
-3.108,-0.137
-3.112,-1.809
-3.003,0.869
-3.136,1.191
3.117,0.332
3.116,-0.117
3.087,-0.886
-3.101,-0.751
-3.089,1.923
3.071,-0.403
-3.134,-1.193
3.018,1.76
3.003,0.468
2.957,-1.195
2.975,-1.704
2.775,-1.742
2.717,-1.628
2.715,1.452
2.821,1.912
2.744,0.147
2.727,0.234
2.648,0.016
2.674,-1.688
2.503,-0.415
2.463,1.788
2.324,-1.536
2.345,0.92
2.303,1.865
2.431,-1.155
2.13,-0.822
2.266,-1.801
2.129,-1.798
2.135,0.826
2.067,0.179
2.064,-0.868
1.821,-0.873
1.975,1.862
1.805,0.991
1.794,2.048
1.925,-1.546
1.766,-0.353
1.738,-1.528
1.553,1.649
1.546,-0.741
1.567,0.263
1.59,0.871
1.587,0.538
1.424,0.251
1.514,0.106
1.389,-0.749
1.406,0.9
1.19,1.546
1.116,2.054
1.174,1.829
1.033,-1.383
1.077,1.573
0.898,-1.608
0.731,0.504
0.656,1.184
0.643,-1.762
0.675,-1.648
0.676,2.076
0.618,0.243
0.451,0.771
0.421,-1.71
0.287,-0.617
0.098,-0.029
0.124,-1.936
0.064,-1.936
0.17,0.618
0.137,0.052
0.152,0.743
-0.392,-0.969
-0.4,-0.744
-0.547,0.252
-0.523,-0.914
-0.641,-0.828
-0.549,0.837
-0.701,0.117
-0.59,-0.222
-0.59,0.678
-0.728,-0.459
-0.657,-0.127
-0.856,0.857
-0.742,-1.563
-0.959,-1.769
-1.616,-1.936
-1.499,-1.977
-1.702,-1.882
-2.161,-2.215
-2.133,-2.286
-2.396,-2.134
-2.316,-1.937
-2.428,-1.974
-3.11,-2.145
-3.044,-1.893
-3.018,-2.011
2.928,-2.004
2.766,-2.243
1.959,-2.104
1.964,-2.313
1.701,-2.087
1.695,-2.108
-0.429,-2.201
-0.914,-2.032
-0.969,2.213
-1.144,2.444
-1.943,2.499
-2.251,2.276
-2.91,2.179
-3.11,2.137
2.169,2.265
2.151,2.173
2.034,2.181
1.609,2.308
1.206,2.177
0.532,2.352
0.075,2.206
-0.187,2.19
-1.858,0.219
-2.242,0.22
-3.087,-0.405
1.13,0.22
0.948,0.836
0.228,1.586
-0.041,1.799
-0.633,-1.314
1.406,0.529
0.719,0.892
-0.163,0.824
-0.18,1.708
-0.176,1.142
-0.24,1.709
-0.231,0.142
-0.259,1.549
-0.343,0.934
-0.381,0.967
-0.461,0.285
-0.493,1.507
-0.417,1.616
-0.549,0.709
-0.641,0.276
-2.561,-0.675
2.431,0.454
-0.223,-1.071
-0.649,0.386
-0.905,0.443
-2.631,-1.906
-2.749,-1.776
2.089,-1.659
3.102,2.028
-2.562,-1.845
3.122,-2.021
-0.066,3.074
-0.106,2.513
-0.144,1.13
-0.093,3.263
-0.096,2.738
-0.099,1.317
-0.21,1.971
-0.151,1.367
-0.142,1.282
-0.238,1.065
-0.272,0.915
-0.431,1.148
-0.374,1.886
-0.441,1.329
-0.527,0.644
-0.646,2.161
-0.676,2.818
-0.664,1.977
-0.693,3.789
-0.669,2.856
-0.724,3.245
-0.745,3.704
-0.801,-0.06
-0.737,2.454
-0.786,3.759
-0.821,3.15
-0.855,0.674
-0.977,2.758
-0.918,3.6
-0.944,3.182
-1.02,0.537
-1.979,-0.109
-2.658,-0.074
-2.685,-0.134
-3.108,-0.394
3.129,-0.203
2.847,-0.499
2.843,-0.397
2.69,-0.122
2.427,-0.149
1.948,-0.408
1.946,-0.145
1.594,-0.579
1.565,-0.348
1.324,-0.323
0.898,-0.508
0.731,-0.249
0.169,-0.227
0.084,-0.159
-0.502,-0.181
-0.478,-0.246
-0.922,-0.056
-1.173,3.94
-1.417,4.152
-1.66,3.924
-2.496,4.111
-2.761,4.072
-2.958,4.052
-3.03,3.98
3.131,4.214
2.919,4.258
2.755,4.043
2.723,3.944
2.376,4.265
0.438,4.193
0.487,4.035
0.317,4.243
0.289,4.239
0.21,4.217
0.013,3.9
-0.522,4.204
-0.765,4.314
-0.905,3.986
-2.819,0.13
2.908,3.645
2.578,0.358
2.132,3.804
0.252,3.534
0.256,1.435
0.207,3.687
-0.503,0.258
-0.745,3.194
-0.663,2.922
-1.677,-0.237
1.292,-0.532
-0.386,-0.465
-2.67,3.923
-0.01,4.199
-1.225,0.204
-1.257,1.644
-1.297,3.471
-1.415,1.22
-1.269,0.15
-1.424,1.942
-1.518,1.516
-1.529,3.374
-1.713,-0.035
-1.77,1.597
-1.694,2.495
-1.712,3.659
-1.956,2.537
-2.12,2.595
-2.003,-0.081
-2.011,1.29
-2.009,1.288
-2.054,0.703
-2.024,3.764
-2.119,0.268
-2.273,1.943
-2.309,1.253
-2.331,1.473
-2.269,0.203
-2.422,1.667
-2.346,2.301
-2.36,1.326
-2.492,1.731
-2.612,2.668
-2.871,0.887
-2.724,1.587
-2.936,3.64
-2.963,0.101
-2.998,3.449
-2.946,2.374
-3.108,1.654
-3.112,-0.018
-3.003,2.66
-3.136,2.982
3.117,2.123
3.116,1.674
3.087,0.905
-3.101,1.04
-3.089,3.714
3.071,1.388
-3.134,0.598
3.018,3.551
3.003,2.259
2.957,0.596
2.975,0.087
2.775,0.049
2.717,0.163
2.715,3.243
2.821,3.703
2.744,1.938
2.727,2.025
2.648,1.807
2.674,0.103
2.503,1.376
2.463,3.579
2.324,0.255
2.345,2.711
2.303,3.656
2.431,0.636
2.13,0.969
2.266,-0.01
2.129,-0.007
2.135,2.617
2.067,1.97
2.064,0.923
1.821,0.918
1.975,3.653
1.805,2.782
1.794,3.839
1.925,0.245
1.766,1.438
1.738,0.263
1.553,3.44
1.546,1.05
1.567,2.054
1.59,2.662
1.587,2.329
1.424,2.042
1.514,1.897
1.389,1.042
1.406,2.691
1.19,3.337
1.116,3.845
1.174,3.62
1.033,0.408
1.077,3.364
0.898,0.183
0.731,2.295
0.656,2.975
0.643,0.029
0.675,0.143
0.676,3.867
0.618,2.034
0.451,2.562
0.421,0.081
0.287,1.174
0.098,1.762
0.124,-0.145
0.064,-0.145
0.17,2.409
0.137,1.843
0.152,2.534
-0.392,0.822
-0.4,1.047
-0.547,2.043
-0.523,0.877
-0.641,0.963
-0.549,2.628
-0.701,1.908
-0.59,1.569
-0.59,2.469
-0.728,1.332
-0.657,1.664
-0.856,2.648
-0.742,0.228
-0.959,0.022
-1.616,-0.145
-1.499,-0.186
-1.702,-0.091
-2.161,-0.424
-2.133,-0.495
-2.396,-0.343
-2.316,-0.146
-2.428,-0.183
-3.11,-0.354
-3.044,-0.102
-3.018,-0.22
2.928,-0.213
2.766,-0.452
1.959,-0.313
1.964,-0.522
1.701,-0.296
1.695,-0.317
-0.429,-0.41
-0.914,-0.241
-0.969,4.004
-1.144,4.235
-1.943,4.29
-2.251,4.067
-2.91,3.97
-3.11,3.928
2.169,4.056
2.151,3.964
2.034,3.972
1.609,4.099
1.206,3.968
0.532,4.143
0.075,3.997
-0.187,3.981
-1.858,2.01
-2.242,2.011
-3.087,1.386
1.13,2.011
0.948,2.627
0.228,3.377
-0.041,3.59
-0.633,0.477
1.406,2.32
0.719,2.683
-0.163,2.615
-0.18,3.499
-0.176,2.933
-0.24,3.5
-0.231,1.933
-0.259,3.34
-0.343,2.725
-0.381,2.758
-0.461,2.076
-0.493,3.298
-0.417,3.407
-0.549,2.5
-0.641,2.067
-2.561,1.116
2.431,2.245
-0.223,0.72
-0.649,2.177
-0.905,2.234
-2.631,-0.115
-2.749,0.015
2.089,0.132
3.102,3.819
-2.562,-0.054
3.122,-0.23
-0.04,-0.561
-0.078,-1.944
-0.027,0.189
-0.03,-0.336
-0.033,-1.757
-0.144,-1.103
-0.085,-1.707
-0.076,-1.792
-0.172,-2.009
-0.206,-2.159
-0.365,-1.926
-0.308,-1.188
-0.375,-1.745
-0.461,-2.43
-0.58,-0.913
-0.61,-0.256
-0.598,-1.097
-0.627,0.715
-0.603,-0.218
-0.658,0.171
-0.679,0.63
-0.735,-3.134
-0.671,-0.62
-0.72,0.685
-0.755,0.076
-0.789,-2.4
-0.911,-0.316
-0.852,0.526
-0.878,0.108
-0.954,-2.537
-1.913,-3.183
-2.592,-3.148
-2.619,-3.208
-3.042,-3.468
-3.088,-3.277
2.913,-3.573
2.909,-3.471
2.756,-3.196
2.493,-3.223
2.014,-3.482
2.012,-3.219
1.66,-3.653
1.631,-3.422
1.39,-3.397
0.964,-3.582
0.797,-3.323
0.235,-3.301
0.15,-3.233
-0.436,-3.255
-0.412,-3.32
-0.856,-3.13
-1.107,0.866
-1.351,1.078
-1.594,0.85
-2.43,1.037
-2.695,0.998
-2.892,0.978
-2.964,0.906
-3.086,1.14
2.985,1.184
2.821,0.969
2.789,0.87
2.442,1.191
0.504,1.119
0.553,0.961
0.383,1.169
0.355,1.165
0.276,1.143
0.079,0.826
-0.456,1.13
-0.699,1.24
-0.839,0.912
-2.753,-2.944
2.974,0.571
2.644,-2.716
2.198,0.73
0.318,0.46
0.322,-1.639
0.273,0.613
-0.437,-2.816
-0.679,0.12
-0.597,-0.152
-1.611,-3.311
1.358,-3.606
-0.32,-3.539
-2.604,0.849
0.056,1.125
-1.159,-2.87
-1.191,-1.43
-1.231,0.397
-1.349,-1.854
-1.203,-2.924
-1.358,-1.132
-1.452,-1.558
-1.463,0.3
-1.647,-3.109
-1.704,-1.477
-1.628,-0.579
-1.646,0.585
-1.89,-0.537
-2.054,-0.479
-1.937,-3.155
-1.945,-1.784
-1.943,-1.786
-1.988,-2.371
-1.958,0.69
-2.053,-2.806
-2.207,-1.131
-2.243,-1.821
-2.265,-1.601
-2.203,-2.871
-2.356,-1.407
-2.28,-0.773
-2.294,-1.748
-2.426,-1.343
-2.546,-0.406
-2.805,-2.187
-2.658,-1.487
-2.87,0.566
-2.897,-2.973
-2.932,0.375
-2.88,-0.7
-3.042,-1.42
-3.046,-3.092
-2.937,-0.414
-3.07,-0.092
-3.1,-0.951
-3.101,-1.4
-3.13,-2.169
-3.035,-2.034
-3.023,0.64
3.137,-1.686
-3.068,-2.476
3.084,0.477
3.069,-0.815
3.023,-2.478
3.041,-2.987
2.841,-3.025
2.783,-2.911
2.781,0.169
2.887,0.629
2.81,-1.136
2.793,-1.049
2.714,-1.267
2.74,-2.971
2.569,-1.698
2.529,0.505
2.39,-2.819
2.411,-0.363
2.369,0.582
2.497,-2.438
2.196,-2.105
2.332,-3.084
2.195,-3.081
2.201,-0.457
2.133,-1.104
2.13,-2.151
1.887,-2.156
2.041,0.579
1.871,-0.292
1.86,0.765
1.991,-2.829
1.832,-1.636
1.804,-2.811
1.619,0.366
1.612,-2.024
1.633,-1.02
1.656,-0.412
1.653,-0.745
1.49,-1.032
1.58,-1.177
1.455,-2.032
1.472,-0.383
1.256,0.263
1.182,0.771
1.24,0.546
1.099,-2.666
1.143,0.29
0.964,-2.891
0.797,-0.779
0.722,-0.099
0.709,-3.045
0.741,-2.931
0.742,0.793
0.684,-1.04
0.517,-0.512
0.487,-2.993
0.353,-1.9
0.164,-1.312
0.19,-3.219
0.13,-3.219
0.236,-0.665
0.203,-1.231
0.218,-0.54
-0.326,-2.252
-0.334,-2.027
-0.481,-1.031
-0.457,-2.197
-0.575,-2.111
-0.483,-0.446
-0.635,-1.166
-0.524,-1.505
-0.524,-0.605
-0.662,-1.742
-0.591,-1.41
-0.79,-0.426
-0.676,-2.846
-0.893,-3.052
-1.55,-3.219
-1.433,-3.26
-1.636,-3.165
-2.095,-3.498
-2.067,-3.569
-2.33,-3.417
-2.25,-3.22
-2.362,-3.257
-3.044,-3.428
-2.978,-3.176
-2.952,-3.294
2.994,-3.287
2.832,-3.526
2.025,-3.387
2.03,-3.596
1.767,-3.37
1.761,-3.391
-0.363,-3.484
-0.848,-3.315
-0.903,0.93
-1.078,1.161
-1.877,1.216
-2.185,0.993
-2.844,0.896
-3.044,0.854
2.235,0.982
2.217,0.89
2.1,0.898
1.675,1.025
1.272,0.894
0.598,1.069
0.141,0.923
-0.121,0.907
-1.792,-1.064
-2.176,-1.063
-3.021,-1.688
1.196,-1.063
1.014,-0.447
0.294,0.303
0.025,0.516
-0.567,-2.597
1.472,-0.754
0.785,-0.391
-0.097,-0.459
-0.114,0.425
-0.11,-0.141
-0.174,0.426
-0.165,-1.141
-0.193,0.266
-0.277,-0.349
-0.315,-0.316
-0.395,-0.998
-0.427,0.224
-0.351,0.333
-0.483,-0.574
-0.575,-1.007
-2.495,-1.958
2.497,-0.829
-0.157,-2.354
-0.583,-0.897
-0.839,-0.84
-2.565,-3.189
-2.683,-3.059
2.155,-2.942
-3.115,0.745
-2.496,-3.128
-3.095,-3.304
-0.038,-1.383
0.013,0.75
0.01,0.225
0.007,-1.196
-0.104,-0.542
-0.045,-1.146
-0.036,-1.231
-0.132,-1.448
-0.166,-1.598
-0.325,-1.365
-0.268,-0.627
-0.335,-1.184
-0.421,-1.869
-0.54,-0.352
-0.57,0.305
-0.558,-0.536
-0.587,1.276
-0.563,0.343
-0.618,0.732
-0.639,1.191
-0.695,-2.573
-0.631,-0.059
-0.68,1.246
-0.715,0.637
-0.749,-1.839
-0.871,0.245
-0.812,1.087
-0.838,0.669
-0.914,-1.976
-1.873,-2.622
-2.552,-2.587
-2.579,-2.647
-3.002,-2.907
-3.048,-2.716
2.953,-3.012
2.949,-2.91
2.796,-2.635
2.533,-2.662
2.054,-2.921
2.052,-2.658
1.7,-3.092
1.671,-2.861
1.43,-2.836
1.004,-3.021
0.837,-2.762
0.275,-2.74
0.19,-2.672
-0.396,-2.694
-0.372,-2.759
-0.816,-2.569
-1.067,1.427
-1.311,1.639
-1.554,1.411
-2.39,1.598
-2.655,1.559
-2.852,1.539
-2.924,1.467
-3.046,1.701
3.025,1.745
2.861,1.53
2.829,1.431
2.482,1.752
0.544,1.68
0.593,1.522
0.423,1.73
0.395,1.726
0.316,1.704
0.119,1.387
-0.416,1.691
-0.659,1.801
-0.799,1.473
-2.713,-2.383
3.014,1.132
2.684,-2.155
2.238,1.291
0.358,1.021
0.362,-1.078
0.313,1.174
-0.397,-2.255
-0.639,0.681
-0.557,0.409
-1.571,-2.75
1.398,-3.045
-0.28,-2.978
-2.564,1.41
0.096,1.686
-1.119,-2.309
-1.151,-0.869
-1.191,0.958
-1.309,-1.293
-1.163,-2.363
-1.318,-0.571
-1.412,-0.997
-1.423,0.861
-1.607,-2.548
-1.664,-0.916
-1.588,-0.018
-1.606,1.146
-1.85,0.024
-2.014,0.082
-1.897,-2.594
-1.905,-1.223
-1.903,-1.225
-1.948,-1.81
-1.918,1.251
-2.013,-2.245
-2.167,-0.57
-2.203,-1.26
-2.225,-1.04
-2.163,-2.31
-2.316,-0.846
-2.24,-0.212
-2.254,-1.187
-2.386,-0.782
-2.506,0.155
-2.765,-1.626
-2.618,-0.926
-2.83,1.127
-2.857,-2.412
-2.892,0.936
-2.84,-0.139
-3.002,-0.859
-3.006,-2.531
-2.897,0.147
-3.03,0.469
-3.06,-0.39
-3.061,-0.839
-3.09,-1.608
-2.995,-1.473
-2.983,1.201
-3.106,-1.125
-3.028,-1.915
3.124,1.038
3.109,-0.254
3.063,-1.917
3.081,-2.426
2.881,-2.464
2.823,-2.35
2.821,0.73
2.927,1.19
2.85,-0.575
2.833,-0.488
2.754,-0.706
2.78,-2.41
2.609,-1.137
2.569,1.066
2.43,-2.258
2.451,0.198
2.409,1.143
2.537,-1.877
2.236,-1.544
2.372,-2.523
2.235,-2.52
2.241,0.104
2.173,-0.543
2.17,-1.59
1.927,-1.595
2.081,1.14
1.911,0.269
1.9,1.326
2.031,-2.268
1.872,-1.075
1.844,-2.25
1.659,0.927
1.652,-1.463
1.673,-0.459
1.696,0.149
1.693,-0.184
1.53,-0.471
1.62,-0.616
1.495,-1.471
1.512,0.178
1.296,0.824
1.222,1.332
1.28,1.107
1.139,-2.105
1.183,0.851
1.004,-2.33
0.837,-0.218
0.762,0.462
0.749,-2.484
0.781,-2.37
0.782,1.354
0.724,-0.479
0.557,0.049
0.527,-2.432
0.393,-1.339
0.204,-0.751
0.23,-2.658
0.17,-2.658
0.276,-0.104
0.243,-0.67
0.258,0.021
-0.286,-1.691
-0.294,-1.466
-0.441,-0.47
-0.417,-1.636
-0.535,-1.55
-0.443,0.115
-0.595,-0.605
-0.484,-0.944
-0.484,-0.044
-0.622,-1.181
-0.551,-0.849
-0.75,0.135
-0.636,-2.285
-0.853,-2.491
-1.51,-2.658
-1.393,-2.699
-1.596,-2.604
-2.055,-2.937
-2.027,-3.008
-2.29,-2.856
-2.21,-2.659
-2.322,-2.696
-3.004,-2.867
-2.938,-2.615
-2.912,-2.733
3.034,-2.726
2.872,-2.965
2.065,-2.826
2.07,-3.035
1.807,-2.809
1.801,-2.83
-0.323,-2.923
-0.808,-2.754
-0.863,1.491
-1.038,1.722
-1.837,1.777
-2.145,1.554
-2.804,1.457
-3.004,1.415
2.275,1.543
2.257,1.451
2.14,1.459
1.715,1.586
1.312,1.455
0.638,1.63
0.181,1.484
-0.081,1.468
-1.752,-0.503
-2.136,-0.502
-2.981,-1.127
1.236,-0.502
1.054,0.114
0.334,0.864
0.065,1.077
-0.527,-2.036
1.512,-0.193
0.825,0.17
-0.057,0.102
-0.074,0.986
-0.07,0.42
-0.134,0.987
-0.125,-0.58
-0.153,0.827
-0.237,0.212
-0.275,0.245
-0.355,-0.437
-0.387,0.785
-0.311,0.894
-0.443,-0.013
-0.535,-0.446
-2.455,-1.397
2.537,-0.268
-0.117,-1.793
-0.543,-0.336
-0.799,-0.279
-2.525,-2.628
-2.643,-2.498
2.195,-2.381
-3.075,1.306
-2.456,-2.567
-3.055,-2.743
0.051,2.133
0.048,1.608
0.045,0.187
-0.066,0.841
-0.007,0.237
0.002,0.152
-0.094,-0.065
-0.128,-0.215
-0.287,0.018
-0.23,0.756
-0.297,0.199
-0.383,-0.486
-0.502,1.031
-0.532,1.688
-0.52,0.847
-0.549,2.659
-0.525,1.726
-0.58,2.115
-0.601,2.574
-0.657,-1.19
-0.593,1.324
-0.642,2.629
-0.677,2.02
-0.711,-0.456
-0.833,1.628
-0.774,2.47
-0.8,2.052
-0.876,-0.593
-1.835,-1.239
-2.514,-1.204
-2.541,-1.264
-2.964,-1.524
-3.01,-1.333
2.991,-1.629
2.987,-1.527
2.834,-1.252
2.571,-1.279
2.092,-1.538
2.09,-1.275
1.738,-1.709
1.709,-1.478
1.468,-1.453
1.042,-1.638
0.875,-1.379
0.313,-1.357
0.228,-1.289
-0.358,-1.311
-0.334,-1.376
-0.778,-1.186
-1.029,2.81
-1.273,3.022
-1.516,2.794
-2.352,2.981
-2.617,2.942
-2.814,2.922
-2.886,2.85
-3.008,3.084
3.063,3.128
2.899,2.913
2.867,2.814
2.52,3.135
0.582,3.063
0.631,2.905
0.461,3.113
0.433,3.109
0.354,3.087
0.157,2.77
-0.378,3.074
-0.621,3.184
-0.761,2.856
-2.675,-1.0
3.052,2.515
2.722,-0.772
2.276,2.674
0.396,2.404
0.4,0.305
0.351,2.557
-0.359,-0.872
-0.601,2.064
-0.519,1.792
-1.533,-1.367
1.436,-1.662
-0.242,-1.595
-2.526,2.793
0.134,3.069
-1.081,-0.926
-1.113,0.514
-1.153,2.341
-1.271,0.09
-1.125,-0.98
-1.28,0.812
-1.374,0.386
-1.385,2.244
-1.569,-1.165
-1.626,0.467
-1.55,1.365
-1.568,2.529
-1.812,1.407
-1.976,1.465
-1.859,-1.211
-1.867,0.16
-1.865,0.158
-1.91,-0.427
-1.88,2.634
-1.975,-0.862
-2.129,0.813
-2.165,0.123
-2.187,0.343
-2.125,-0.927
-2.278,0.537
-2.202,1.171
-2.216,0.196
-2.348,0.601
-2.468,1.538
-2.727,-0.243
-2.58,0.457
-2.792,2.51
-2.819,-1.029
-2.854,2.319
-2.802,1.244
-2.964,0.524
-2.968,-1.148
-2.859,1.53
-2.992,1.852
-3.022,0.993
-3.023,0.544
-3.052,-0.225
-2.957,-0.09
-2.945,2.584
-3.068,0.258
-2.99,-0.532
-3.121,2.421
-3.136,1.129
3.101,-0.534
3.119,-1.043
2.919,-1.081
2.861,-0.967
2.859,2.113
2.965,2.573
2.888,0.808
2.871,0.895
2.792,0.677
2.818,-1.027
2.647,0.246
2.607,2.449
2.468,-0.875
2.489,1.581
2.447,2.526
2.575,-0.494
2.274,-0.161
2.41,-1.14
2.273,-1.137
2.279,1.487
2.211,0.84
2.208,-0.207
1.965,-0.212
2.119,2.523
1.949,1.652
1.938,2.709
2.069,-0.885
1.91,0.308
1.882,-0.867
1.697,2.31
1.69,-0.08
1.711,0.924
1.734,1.532
1.731,1.199
1.568,0.912
1.658,0.767
1.533,-0.088
1.55,1.561
1.334,2.207
1.26,2.715
1.318,2.49
1.177,-0.722
1.221,2.234
1.042,-0.947
0.875,1.165
0.8,1.845
0.787,-1.101
0.819,-0.987
0.82,2.737
0.762,0.904
0.595,1.432
0.565,-1.049
0.431,0.044
0.242,0.632
0.268,-1.275
0.208,-1.275
0.314,1.279
0.281,0.713
0.296,1.404
-0.248,-0.308
-0.256,-0.083
-0.403,0.913
-0.379,-0.253
-0.497,-0.167
-0.405,1.498
-0.557,0.778
-0.446,0.439
-0.446,1.339
-0.584,0.202
-0.513,0.534
-0.712,1.518
-0.598,-0.902
-0.815,-1.108
-1.472,-1.275
-1.355,-1.316
-1.558,-1.221
-2.017,-1.554
-1.989,-1.625
-2.252,-1.473
-2.172,-1.276
-2.284,-1.313
-2.966,-1.484
-2.9,-1.232
-2.874,-1.35
3.072,-1.343
2.91,-1.582
2.103,-1.443
2.108,-1.652
1.845,-1.426
1.839,-1.447
-0.285,-1.54
-0.77,-1.371
-0.825,2.874
-1.0,3.105
-1.799,3.16
-2.107,2.937
-2.766,2.84
-2.966,2.798
2.313,2.926
2.295,2.834
2.178,2.842
1.753,2.969
1.35,2.838
0.676,3.013
0.219,2.867
-0.043,2.851
-1.714,0.88
-2.098,0.881
-2.943,0.256
1.274,0.881
1.092,1.497
0.372,2.247
0.103,2.46
-0.489,-0.653
1.55,1.19
0.863,1.553
-0.019,1.485
-0.036,2.369
-0.032,1.803
-0.096,2.37
-0.087,0.803
-0.115,2.21
-0.199,1.595
-0.237,1.628
-0.317,0.946
-0.349,2.168
-0.273,2.277
-0.405,1.37
-0.497,0.937
-2.417,-0.014
2.575,1.115
-0.079,-0.41
-0.505,1.047
-0.761,1.104
-2.487,-1.245
-2.605,-1.115
2.233,-0.998
-3.037,2.689
-2.418,-1.184
-3.017,-1.36
-0.003,-0.525
-0.006,-1.946
-0.117,-1.292
-0.058,-1.896
-0.049,-1.981
-0.145,-2.198
-0.179,-2.348
-0.338,-2.115
-0.281,-1.377
-0.348,-1.934
-0.434,-2.619
-0.553,-1.102
-0.583,-0.445
-0.571,-1.286
-0.6,0.526
-0.576,-0.407
-0.631,-0.018
-0.652,0.441
-0.708,-3.323
-0.644,-0.809
-0.693,0.496
-0.728,-0.113
-0.762,-2.589
-0.884,-0.505
-0.825,0.337
-0.851,-0.081
-0.927,-2.726
-1.886,-3.372
-2.565,-3.337
-2.592,-3.397
-3.015,-3.657
-3.061,-3.466
2.94,-3.762
2.936,-3.66
2.783,-3.385
2.52,-3.412
2.041,-3.671
2.039,-3.408
1.687,-3.842
1.658,-3.611
1.417,-3.586
0.991,-3.771
0.824,-3.512
0.262,-3.49
0.177,-3.422
-0.409,-3.444
-0.385,-3.509
-0.829,-3.319
-1.08,0.677
-1.324,0.889
-1.567,0.661
-2.403,0.848
-2.668,0.809
-2.865,0.789
-2.937,0.717
-3.059,0.951
3.012,0.995
2.848,0.78
2.816,0.681
2.469,1.002
0.531,0.93
0.58,0.772
0.41,0.98
0.382,0.976
0.303,0.954
0.106,0.637
-0.429,0.941
-0.672,1.051
-0.812,0.723
-2.726,-3.133
3.001,0.382
2.671,-2.905
2.225,0.541
0.345,0.271
0.349,-1.828
0.3,0.424
-0.41,-3.005
-0.652,-0.069
-0.57,-0.341
-1.584,-3.5
1.385,-3.795
-0.293,-3.728
-2.577,0.66
0.083,0.936
-1.132,-3.059
-1.164,-1.619
-1.204,0.208
-1.322,-2.043
-1.176,-3.113
-1.331,-1.321
-1.425,-1.747
-1.436,0.111
-1.62,-3.298
-1.677,-1.666
-1.601,-0.768
-1.619,0.396
-1.863,-0.726
-2.027,-0.668
-1.91,-3.344
-1.918,-1.973
-1.916,-1.975
-1.961,-2.56
-1.931,0.501
-2.026,-2.995
-2.18,-1.32
-2.216,-2.01
-2.238,-1.79
-2.176,-3.06
-2.329,-1.596
-2.253,-0.962
-2.267,-1.937
-2.399,-1.532
-2.519,-0.595
-2.778,-2.376
-2.631,-1.676
-2.843,0.377
-2.87,-3.162
-2.905,0.186
-2.853,-0.889
-3.015,-1.609
-3.019,-3.281
-2.91,-0.603
-3.043,-0.281
-3.073,-1.14
-3.074,-1.589
-3.103,-2.358
-3.008,-2.223
-2.996,0.451
-3.119,-1.875
-3.041,-2.665
3.111,0.288
3.096,-1.004
3.05,-2.667
3.068,-3.176
2.868,-3.214
2.81,-3.1
2.808,-0.02
2.914,0.44
2.837,-1.325
2.82,-1.238
2.741,-1.456
2.767,-3.16
2.596,-1.887
2.556,0.316
2.417,-3.008
2.438,-0.552
2.396,0.393
2.524,-2.627
2.223,-2.294
2.359,-3.273
2.222,-3.27
2.228,-0.646
2.16,-1.293
2.157,-2.34
1.914,-2.345
2.068,0.39
1.898,-0.481
1.887,0.576
2.018,-3.018
1.859,-1.825
1.831,-3.0
1.646,0.177
1.639,-2.213
1.66,-1.209
1.683,-0.601
1.68,-0.934
1.517,-1.221
1.607,-1.366
1.482,-2.221
1.499,-0.572
1.283,0.074
1.209,0.582
1.267,0.357
1.126,-2.855
1.17,0.101
0.991,-3.08
0.824,-0.968
0.749,-0.288
0.736,-3.234
0.768,-3.12
0.769,0.604
0.711,-1.229
0.544,-0.701
0.514,-3.182
0.38,-2.089
0.191,-1.501
0.217,-3.408
0.157,-3.408
0.263,-0.854
0.23,-1.42
0.245,-0.729
-0.299,-2.441
-0.307,-2.216
-0.454,-1.22
-0.43,-2.386
-0.548,-2.3
-0.456,-0.635
-0.608,-1.355
-0.497,-1.694
-0.497,-0.794
-0.635,-1.931
-0.564,-1.599
-0.763,-0.615
-0.649,-3.035
-0.866,-3.241
-1.523,-3.408
-1.406,-3.449
-1.609,-3.354
-2.068,-3.687
-2.04,-3.758
-2.303,-3.606
-2.223,-3.409
-2.335,-3.446
-3.017,-3.617
-2.951,-3.365
-2.925,-3.483
3.021,-3.476
2.859,-3.715
2.052,-3.576
2.057,-3.785
1.794,-3.559
1.788,-3.58
-0.336,-3.673
-0.821,-3.504
-0.876,0.741
-1.051,0.972
-1.85,1.027
-2.158,0.804
-2.817,0.707
-3.017,0.665
2.262,0.793
2.244,0.701
2.127,0.709
1.702,0.836
1.299,0.705
0.625,0.88
0.168,0.734
-0.094,0.718
-1.765,-1.253
-2.149,-1.252
-2.994,-1.877
1.223,-1.252
1.041,-0.636
0.321,0.114
0.052,0.327
-0.54,-2.786
1.499,-0.943
0.812,-0.58
-0.07,-0.648
-0.087,0.236
-0.083,-0.33
-0.147,0.237
-0.138,-1.33
-0.166,0.077
-0.25,-0.538
-0.288,-0.505
-0.368,-1.187
-0.4,0.035
-0.324,0.144
-0.456,-0.763
-0.548,-1.196
-2.468,-2.147
2.524,-1.018
-0.13,-2.543
-0.556,-1.086
-0.812,-1.029
-2.538,-3.378
-2.656,-3.248
2.182,-3.131
-3.088,0.556
-2.469,-3.317
-3.068,-3.493
-0.003,-1.421
-0.114,-0.767
-0.055,-1.371
-0.046,-1.456
-0.142,-1.673
-0.176,-1.823
-0.335,-1.59
-0.278,-0.852
-0.345,-1.409
-0.431,-2.094
-0.55,-0.577
-0.58,0.08
-0.568,-0.761
-0.597,1.051
-0.573,0.118
-0.628,0.507
-0.649,0.966
-0.705,-2.798
-0.641,-0.284
-0.69,1.021
-0.725,0.412
-0.759,-2.064
-0.881,0.02
-0.822,0.862
-0.848,0.444
-0.924,-2.201
-1.883,-2.847
-2.562,-2.812
-2.589,-2.872
-3.012,-3.132
-3.058,-2.941
2.943,-3.237
2.939,-3.135
2.786,-2.86
2.523,-2.887
2.044,-3.146
2.042,-2.883
1.69,-3.317
1.661,-3.086
1.42,-3.061
0.994,-3.246
0.827,-2.987
0.265,-2.965
0.18,-2.897
-0.406,-2.919
-0.382,-2.984
-0.826,-2.794
-1.077,1.202
-1.321,1.414
-1.564,1.186
-2.4,1.373
-2.665,1.334
-2.862,1.314
-2.934,1.242
-3.056,1.476
3.015,1.52
2.851,1.305
2.819,1.206
2.472,1.527
0.534,1.455
0.583,1.297
0.413,1.505
0.385,1.501
0.306,1.479
0.109,1.162
-0.426,1.466
-0.669,1.576
-0.809,1.248
-2.723,-2.608
3.004,0.907
2.674,-2.38
2.228,1.066
0.348,0.796
0.352,-1.303
0.303,0.949
-0.407,-2.48
-0.649,0.456
-0.567,0.184
-1.581,-2.975
1.388,-3.27
-0.29,-3.203
-2.574,1.185
0.086,1.461
-1.129,-2.534
-1.161,-1.094
-1.201,0.733
-1.319,-1.518
-1.173,-2.588
-1.328,-0.796
-1.422,-1.222
-1.433,0.636
-1.617,-2.773
-1.674,-1.141
-1.598,-0.243
-1.616,0.921
-1.86,-0.201
-2.024,-0.143
-1.907,-2.819
-1.915,-1.448
-1.913,-1.45
-1.958,-2.035
-1.928,1.026
-2.023,-2.47
-2.177,-0.795
-2.213,-1.485
-2.235,-1.265
-2.173,-2.535
-2.326,-1.071
-2.25,-0.437
-2.264,-1.412
-2.396,-1.007
-2.516,-0.07
-2.775,-1.851
-2.628,-1.151
-2.84,0.902
-2.867,-2.637
-2.902,0.711
-2.85,-0.364
-3.012,-1.084
-3.016,-2.756
-2.907,-0.078
-3.04,0.244
-3.07,-0.615
-3.071,-1.064
-3.1,-1.833
-3.005,-1.698
-2.993,0.976
-3.116,-1.35
-3.038,-2.14
3.114,0.813
3.099,-0.479
3.053,-2.142
3.071,-2.651
2.871,-2.689
2.813,-2.575
2.811,0.505
2.917,0.965
2.84,-0.8
2.823,-0.713
2.744,-0.931
2.77,-2.635
2.599,-1.362
2.559,0.841
2.42,-2.483
2.441,-0.027
2.399,0.918
2.527,-2.102
2.226,-1.769
2.362,-2.748
2.225,-2.745
2.231,-0.121
2.163,-0.768
2.16,-1.815
1.917,-1.82
2.071,0.915
1.901,0.044
1.89,1.101
2.021,-2.493
1.862,-1.3
1.834,-2.475
1.649,0.702
1.642,-1.688
1.663,-0.684
1.686,-0.076
1.683,-0.409
1.52,-0.696
1.61,-0.841
1.485,-1.696
1.502,-0.047
1.286,0.599
1.212,1.107
1.27,0.882
1.129,-2.33
1.173,0.626
0.994,-2.555
0.827,-0.443
0.752,0.237
0.739,-2.709
0.771,-2.595
0.772,1.129
0.714,-0.704
0.547,-0.176
0.517,-2.657
0.383,-1.564
0.194,-0.976
0.22,-2.883
0.16,-2.883
0.266,-0.329
0.233,-0.895
0.248,-0.204
-0.296,-1.916
-0.304,-1.691
-0.451,-0.695
-0.427,-1.861
-0.545,-1.775
-0.453,-0.11
-0.605,-0.83
-0.494,-1.169
-0.494,-0.269
-0.632,-1.406
-0.561,-1.074
-0.76,-0.09
-0.646,-2.51
-0.863,-2.716
-1.52,-2.883
-1.403,-2.924
-1.606,-2.829
-2.065,-3.162
-2.037,-3.233
-2.3,-3.081
-2.22,-2.884
-2.332,-2.921
-3.014,-3.092
-2.948,-2.84
-2.922,-2.958
3.024,-2.951
2.862,-3.19
2.055,-3.051
2.06,-3.26
1.797,-3.034
1.791,-3.055
-0.333,-3.148
-0.818,-2.979
-0.873,1.266
-1.048,1.497
-1.847,1.552
-2.155,1.329
-2.814,1.232
-3.014,1.19
2.265,1.318
2.247,1.226
2.13,1.234
1.705,1.361
1.302,1.23
0.628,1.405
0.171,1.259
-0.091,1.243
-1.762,-0.728
-2.146,-0.727
-2.991,-1.352
1.226,-0.727
1.044,-0.111
0.324,0.639
0.055,0.852
-0.537,-2.261
1.502,-0.418
0.815,-0.055
-0.067,-0.123
-0.084,0.761
-0.08,0.195
-0.144,0.762
-0.135,-0.805
-0.163,0.602
-0.247,-0.013
-0.285,0.02
-0.365,-0.662
-0.397,0.56
-0.321,0.669
-0.453,-0.238
-0.545,-0.671
-2.465,-1.622
2.527,-0.493
-0.127,-2.018
-0.553,-0.561
-0.809,-0.504
-2.535,-2.853
-2.653,-2.723
2.185,-2.606
-3.085,1.081
-2.466,-2.792
-3.065,-2.968
-0.111,0.654
-0.052,0.05
-0.043,-0.035
-0.139,-0.252
-0.173,-0.402
-0.332,-0.169
-0.275,0.569
-0.342,0.012
-0.428,-0.673
-0.547,0.844
-0.577,1.501
-0.565,0.66
-0.594,2.472
-0.57,1.539
-0.625,1.928
-0.646,2.387
-0.702,-1.377
-0.638,1.137
-0.687,2.442
-0.722,1.833
-0.756,-0.643
-0.878,1.441
-0.819,2.283
-0.845,1.865
-0.921,-0.78
-1.88,-1.426
-2.559,-1.391
-2.586,-1.451
-3.009,-1.711
-3.055,-1.52
2.946,-1.816
2.942,-1.714
2.789,-1.439
2.526,-1.466
2.047,-1.725
2.045,-1.462
1.693,-1.896
1.664,-1.665
1.423,-1.64
0.997,-1.825
0.83,-1.566
0.268,-1.544
0.183,-1.476
-0.403,-1.498
-0.379,-1.563
-0.823,-1.373
-1.074,2.623
-1.318,2.835
-1.561,2.607
-2.397,2.794
-2.662,2.755
-2.859,2.735
-2.931,2.663
-3.053,2.897
3.018,2.941
2.854,2.726
2.822,2.627
2.475,2.948
0.537,2.876
0.586,2.718
0.416,2.926
0.388,2.922
0.309,2.9
0.112,2.583
-0.423,2.887
-0.666,2.997
-0.806,2.669
-2.72,-1.187
3.007,2.328
2.677,-0.959
2.231,2.487
0.351,2.217
0.355,0.118
0.306,2.37
-0.404,-1.059
-0.646,1.877
-0.564,1.605
-1.578,-1.554
1.391,-1.849
-0.287,-1.782
-2.571,2.606
0.089,2.882
-1.126,-1.113
-1.158,0.327
-1.198,2.154
-1.316,-0.097
-1.17,-1.167
-1.325,0.625
-1.419,0.199
-1.43,2.057
-1.614,-1.352
-1.671,0.28
-1.595,1.178
-1.613,2.342
-1.857,1.22
-2.021,1.278
-1.904,-1.398
-1.912,-0.027
-1.91,-0.029
-1.955,-0.614
-1.925,2.447
-2.02,-1.049
-2.174,0.626
-2.21,-0.064
-2.232,0.156
-2.17,-1.114
-2.323,0.35
-2.247,0.984
-2.261,0.009
-2.393,0.414
-2.513,1.351
-2.772,-0.43
-2.625,0.27
-2.837,2.323
-2.864,-1.216
-2.899,2.132
-2.847,1.057
-3.009,0.337
-3.013,-1.335
-2.904,1.343
-3.037,1.665
-3.067,0.806
-3.068,0.357
-3.097,-0.412
-3.002,-0.277
-2.99,2.397
-3.113,0.071
-3.035,-0.719
3.117,2.234
3.102,0.942
3.056,-0.721
3.074,-1.23
2.874,-1.268
2.816,-1.154
2.814,1.926
2.92,2.386
2.843,0.621
2.826,0.708
2.747,0.49
2.773,-1.214
2.602,0.059
2.562,2.262
2.423,-1.062
2.444,1.394
2.402,2.339
2.53,-0.681
2.229,-0.348
2.365,-1.327
2.228,-1.324
2.234,1.3
2.166,0.653
2.163,-0.394
1.92,-0.399
2.074,2.336
1.904,1.465
1.893,2.522
2.024,-1.072
1.865,0.121
1.837,-1.054
1.652,2.123
1.645,-0.267
1.666,0.737
1.689,1.345
1.686,1.012
1.523,0.725
1.613,0.58
1.488,-0.275
1.505,1.374
1.289,2.02
1.215,2.528
1.273,2.303
1.132,-0.909
1.176,2.047
0.997,-1.134
0.83,0.978
0.755,1.658
0.742,-1.288
0.774,-1.174
0.775,2.55
0.717,0.717
0.55,1.245
0.52,-1.236
0.386,-0.143
0.197,0.445
0.223,-1.462
0.163,-1.462
0.269,1.092
0.236,0.526
0.251,1.217
-0.293,-0.495
-0.301,-0.27
-0.448,0.726
-0.424,-0.44
-0.542,-0.354
-0.45,1.311
-0.602,0.591
-0.491,0.252
-0.491,1.152
-0.629,0.015
-0.558,0.347
-0.757,1.331
-0.643,-1.089
-0.86,-1.295
-1.517,-1.462
-1.4,-1.503
-1.603,-1.408
-2.062,-1.741
-2.034,-1.812
-2.297,-1.66
-2.217,-1.463
-2.329,-1.5
-3.011,-1.671
-2.945,-1.419
-2.919,-1.537
3.027,-1.53
2.865,-1.769
2.058,-1.63
2.063,-1.839
1.8,-1.613
1.794,-1.634
-0.33,-1.727
-0.815,-1.558
-0.87,2.687
-1.045,2.918
-1.844,2.973
-2.152,2.75
-2.811,2.653
-3.011,2.611
2.268,2.739
2.25,2.647
2.133,2.655
1.708,2.782
1.305,2.651
0.631,2.826
0.174,2.68
-0.088,2.664
-1.759,0.693
-2.143,0.694
-2.988,0.069
1.229,0.694
1.047,1.31
0.327,2.06
0.058,2.273
-0.534,-0.84
1.505,1.003
0.818,1.366
-0.064,1.298
-0.081,2.182
-0.077,1.616
-0.141,2.183
-0.132,0.616
-0.16,2.023
-0.244,1.408
-0.282,1.441
-0.362,0.759
-0.394,1.981
-0.318,2.09
-0.45,1.183
-0.542,0.75
-2.462,-0.201
2.53,0.928
-0.124,-0.597
-0.55,0.86
-0.806,0.917
-2.532,-1.432
-2.65,-1.302
2.188,-1.185
-3.082,2.502
-2.463,-1.371
-3.062,-1.547
0.059,-0.604
0.068,-0.689
-0.028,-0.906
-0.062,-1.056
-0.221,-0.823
-0.164,-0.085
-0.231,-0.642
-0.317,-1.327
-0.436,0.19
-0.466,0.847
-0.454,0.006
-0.483,1.818
-0.459,0.885
-0.514,1.274
-0.535,1.733
-0.591,-2.031
-0.527,0.483
-0.576,1.788
-0.611,1.179
-0.645,-1.297
-0.767,0.787
-0.708,1.629
-0.734,1.211
-0.81,-1.434
-1.769,-2.08
-2.448,-2.045
-2.475,-2.105
-2.898,-2.365
-2.944,-2.174
3.057,-2.47
3.053,-2.368
2.9,-2.093
2.637,-2.12
2.158,-2.379
2.156,-2.116
1.804,-2.55
1.775,-2.319
1.534,-2.294
1.108,-2.479
0.941,-2.22
0.379,-2.198
0.294,-2.13
-0.292,-2.152
-0.268,-2.217
-0.712,-2.027
-0.963,1.969
-1.207,2.181
-1.45,1.953
-2.286,2.14
-2.551,2.101
-2.748,2.081
-2.82,2.009
-2.942,2.243
3.129,2.287
2.965,2.072
2.933,1.973
2.586,2.294
0.648,2.222
0.697,2.064
0.527,2.272
0.499,2.268
0.42,2.246
0.223,1.929
-0.312,2.233
-0.555,2.343
-0.695,2.015
-2.609,-1.841
3.118,1.674
2.788,-1.613
2.342,1.833
0.462,1.563
0.466,-0.536
0.417,1.716
-0.293,-1.713
-0.535,1.223
-0.453,0.951
-1.467,-2.208
1.502,-2.503
-0.176,-2.436
-2.46,1.952
0.2,2.228
-1.015,-1.767
-1.047,-0.327
-1.087,1.5
-1.205,-0.751
-1.059,-1.821
-1.214,-0.029
-1.308,-0.455
-1.319,1.403
-1.503,-2.006
-1.56,-0.374
-1.484,0.524
-1.502,1.688
-1.746,0.566
-1.91,0.624
-1.793,-2.052
-1.801,-0.681
-1.799,-0.683
-1.844,-1.268
-1.814,1.793
-1.909,-1.703
-2.063,-0.028
-2.099,-0.718
-2.121,-0.498
-2.059,-1.768
-2.212,-0.304
-2.136,0.33
-2.15,-0.645
-2.282,-0.24
-2.402,0.697
-2.661,-1.084
-2.514,-0.384
-2.726,1.669
-2.753,-1.87
-2.788,1.478
-2.736,0.403
-2.898,-0.317
-2.902,-1.989
-2.793,0.689
-2.926,1.011
-2.956,0.152
-2.957,-0.297
-2.986,-1.066
-2.891,-0.931
-2.879,1.743
-3.002,-0.583
-2.924,-1.373
-3.055,1.58
-3.07,0.288
-3.116,-1.375
-3.098,-1.884
2.985,-1.922
2.927,-1.808
2.925,1.272
3.031,1.732
2.954,-0.033
2.937,0.054
2.858,-0.164
2.884,-1.868
2.713,-0.595
2.673,1.608
2.534,-1.716
2.555,0.74
2.513,1.685
2.641,-1.335
2.34,-1.002
2.476,-1.981
2.339,-1.978
2.345,0.646
2.277,-0.001
2.274,-1.048
2.031,-1.053
2.185,1.682
2.015,0.811
2.004,1.868
2.135,-1.726
1.976,-0.533
1.948,-1.708
1.763,1.469
1.756,-0.921
1.777,0.083
1.8,0.691
1.797,0.358
1.634,0.071
1.724,-0.074
1.599,-0.929
1.616,0.72
1.4,1.366
1.326,1.874
1.384,1.649
1.243,-1.563
1.287,1.393
1.108,-1.788
0.941,0.324
0.866,1.004
0.853,-1.942
0.885,-1.828
0.886,1.896
0.828,0.063
0.661,0.591
0.631,-1.89
0.497,-0.797
0.308,-0.209
0.334,-2.116
0.274,-2.116
0.38,0.438
0.347,-0.128
0.362,0.563
-0.182,-1.149
-0.19,-0.924
-0.337,0.072
-0.313,-1.094
-0.431,-1.008
-0.339,0.657
-0.491,-0.063
-0.38,-0.402
-0.38,0.498
-0.518,-0.639
-0.447,-0.307
-0.646,0.677
-0.532,-1.743
-0.749,-1.949
-1.406,-2.116
-1.289,-2.157
-1.492,-2.062
-1.951,-2.395
-1.923,-2.466
-2.186,-2.314
-2.106,-2.117
-2.218,-2.154
-2.9,-2.325
-2.834,-2.073
-2.808,-2.191
3.138,-2.184
2.976,-2.423
2.169,-2.284
2.174,-2.493
1.911,-2.267
1.905,-2.288
-0.219,-2.381
-0.704,-2.212
-0.759,2.033
-0.934,2.264
-1.733,2.319
-2.041,2.096
-2.7,1.999
-2.9,1.957
2.379,2.085
2.361,1.993
2.244,2.001
1.819,2.128
1.416,1.997
0.742,2.172
0.285,2.026
0.023,2.01
-1.648,0.039
-2.032,0.04
-2.877,-0.585
1.34,0.04
1.158,0.656
0.438,1.406
0.169,1.619
-0.423,-1.494
1.616,0.349
0.929,0.712
0.047,0.644
0.03,1.528
0.034,0.962
-0.03,1.529
-0.021,-0.038
-0.049,1.369
-0.133,0.754
-0.171,0.787
-0.251,0.105
-0.283,1.327
-0.207,1.436
-0.339,0.529
-0.431,0.096
-2.351,-0.855
2.641,0.274
-0.013,-1.251
-0.439,0.206
-0.695,0.263
-2.421,-2.086
-2.539,-1.956
2.299,-1.839
-2.971,1.848
-2.352,-2.025
-2.951,-2.201
0.009,-0.085
-0.087,-0.302
-0.121,-0.452
-0.28,-0.219
-0.223,0.519
-0.29,-0.038
-0.376,-0.723
-0.495,0.794
-0.525,1.451
-0.513,0.61
-0.542,2.422
-0.518,1.489
-0.573,1.878
-0.594,2.337
-0.65,-1.427
-0.586,1.087
-0.635,2.392
-0.67,1.783
-0.704,-0.693
-0.826,1.391
-0.767,2.233
-0.793,1.815
-0.869,-0.83
-1.828,-1.476
-2.507,-1.441
-2.534,-1.501
-2.957,-1.761
-3.003,-1.57
2.998,-1.866
2.994,-1.764
2.841,-1.489
2.578,-1.516
2.099,-1.775
2.097,-1.512
1.745,-1.946
1.716,-1.715
1.475,-1.69
1.049,-1.875
0.882,-1.616
0.32,-1.594
0.235,-1.526
-0.351,-1.548
-0.327,-1.613
-0.771,-1.423
-1.022,2.573
-1.266,2.785
-1.509,2.557
-2.345,2.744
-2.61,2.705
-2.807,2.685
-2.879,2.613
-3.001,2.847
3.07,2.891
2.906,2.676
2.874,2.577
2.527,2.898
0.589,2.826
0.638,2.668
0.468,2.876
0.44,2.872
0.361,2.85
0.164,2.533
-0.371,2.837
-0.614,2.947
-0.754,2.619
-2.668,-1.237
3.059,2.278
2.729,-1.009
2.283,2.437
0.403,2.167
0.407,0.068
0.358,2.32
-0.352,-1.109
-0.594,1.827
-0.512,1.555
-1.526,-1.604
1.443,-1.899
-0.235,-1.832
-2.519,2.556
0.141,2.832
-1.074,-1.163
-1.106,0.277
-1.146,2.104
-1.264,-0.147
-1.118,-1.217
-1.273,0.575
-1.367,0.149
-1.378,2.007
-1.562,-1.402
-1.619,0.23
-1.543,1.128
-1.561,2.292
-1.805,1.17
-1.969,1.228
-1.852,-1.448
-1.86,-0.077
-1.858,-0.079
-1.903,-0.664
-1.873,2.397
-1.968,-1.099
-2.122,0.576
-2.158,-0.114
-2.18,0.106
-2.118,-1.164
-2.271,0.3
-2.195,0.934
-2.209,-0.041
-2.341,0.364
-2.461,1.301
-2.72,-0.48
-2.573,0.22
-2.785,2.273
-2.812,-1.266
-2.847,2.082
-2.795,1.007
-2.957,0.287
-2.961,-1.385
-2.852,1.293
-2.985,1.615
-3.015,0.756
-3.016,0.307
-3.045,-0.462
-2.95,-0.327
-2.938,2.347
-3.061,0.021
-2.983,-0.769
-3.114,2.184
-3.129,0.892
3.108,-0.771
3.126,-1.28
2.926,-1.318
2.868,-1.204
2.866,1.876
2.972,2.336
2.895,0.571
2.878,0.658
2.799,0.44
2.825,-1.264
2.654,0.009
2.614,2.212
2.475,-1.112
2.496,1.344
2.454,2.289
2.582,-0.731
2.281,-0.398
2.417,-1.377
2.28,-1.374
2.286,1.25
2.218,0.603
2.215,-0.444
1.972,-0.449
2.126,2.286
1.956,1.415
1.945,2.472
2.076,-1.122
1.917,0.071
1.889,-1.104
1.704,2.073
1.697,-0.317
1.718,0.687
1.741,1.295
1.738,0.962
1.575,0.675
1.665,0.53
1.54,-0.325
1.557,1.324
1.341,1.97
1.267,2.478
1.325,2.253
1.184,-0.959
1.228,1.997
1.049,-1.184
0.882,0.928
0.807,1.608
0.794,-1.338
0.826,-1.224
0.827,2.5
0.769,0.667
0.602,1.195
0.572,-1.286
0.438,-0.193
0.249,0.395
0.275,-1.512
0.215,-1.512
0.321,1.042
0.288,0.476
0.303,1.167
-0.241,-0.545
-0.249,-0.32
-0.396,0.676
-0.372,-0.49
-0.49,-0.404
-0.398,1.261
-0.55,0.541
-0.439,0.202
-0.439,1.102
-0.577,-0.035
-0.506,0.297
-0.705,1.281
-0.591,-1.139
-0.808,-1.345
-1.465,-1.512
-1.348,-1.553
-1.551,-1.458
-2.01,-1.791
-1.982,-1.862
-2.245,-1.71
-2.165,-1.513
-2.277,-1.55
-2.959,-1.721
-2.893,-1.469
-2.867,-1.587
3.079,-1.58
2.917,-1.819
2.11,-1.68
2.115,-1.889
1.852,-1.663
1.846,-1.684
-0.278,-1.777
-0.763,-1.608
-0.818,2.637
-0.993,2.868
-1.792,2.923
-2.1,2.7
-2.759,2.603
-2.959,2.561
2.32,2.689
2.302,2.597
2.185,2.605
1.76,2.732
1.357,2.601
0.683,2.776
0.226,2.63
-0.036,2.614
-1.707,0.643
-2.091,0.644
-2.936,0.019
1.281,0.644
1.099,1.26
0.379,2.01
0.11,2.223
-0.482,-0.89
1.557,0.953
0.87,1.316
-0.012,1.248
-0.029,2.132
-0.025,1.566
-0.089,2.133
-0.08,0.566
-0.108,1.973
-0.192,1.358
-0.23,1.391
-0.31,0.709
-0.342,1.931
-0.266,2.04
-0.398,1.133
-0.49,0.7
-2.41,-0.251
2.582,0.878
-0.072,-0.647
-0.498,0.81
-0.754,0.867
-2.48,-1.482
-2.598,-1.352
2.24,-1.235
-3.03,2.452
-2.411,-1.421
-3.01,-1.597
-0.096,-0.217
-0.13,-0.367
-0.289,-0.134
-0.232,0.604
-0.299,0.047
-0.385,-0.638
-0.504,0.879
-0.534,1.536
-0.522,0.695
-0.551,2.507
-0.527,1.574
-0.582,1.963
-0.603,2.422
-0.659,-1.342
-0.595,1.172
-0.644,2.477
-0.679,1.868
-0.713,-0.608
-0.835,1.476
-0.776,2.318
-0.802,1.9
-0.878,-0.745
-1.837,-1.391
-2.516,-1.356
-2.543,-1.416
-2.966,-1.676
-3.012,-1.485
2.989,-1.781
2.985,-1.679
2.832,-1.404
2.569,-1.431
2.09,-1.69
2.088,-1.427
1.736,-1.861
1.707,-1.63
1.466,-1.605
1.04,-1.79
0.873,-1.531
0.311,-1.509
0.226,-1.441
-0.36,-1.463
-0.336,-1.528
-0.78,-1.338
-1.031,2.658
-1.275,2.87
-1.518,2.642
-2.354,2.829
-2.619,2.79
-2.816,2.77
-2.888,2.698
-3.01,2.932
3.061,2.976
2.897,2.761
2.865,2.662
2.518,2.983
0.58,2.911
0.629,2.753
0.459,2.961
0.431,2.957
0.352,2.935
0.155,2.618
-0.38,2.922
-0.623,3.032
-0.763,2.704
-2.677,-1.152
3.05,2.363
2.72,-0.924
2.274,2.522
0.394,2.252
0.398,0.153
0.349,2.405
-0.361,-1.024
-0.603,1.912
-0.521,1.64
-1.535,-1.519
1.434,-1.814
-0.244,-1.747
-2.528,2.641
0.132,2.917
-1.083,-1.078
-1.115,0.362
-1.155,2.189
-1.273,-0.062
-1.127,-1.132
-1.282,0.66
-1.376,0.234
-1.387,2.092
-1.571,-1.317
-1.628,0.315
-1.552,1.213
-1.57,2.377
-1.814,1.255
-1.978,1.313
-1.861,-1.363
-1.869,0.008
-1.867,0.006
-1.912,-0.579
-1.882,2.482
-1.977,-1.014
-2.131,0.661
-2.167,-0.029
-2.189,0.191
-2.127,-1.079
-2.28,0.385
-2.204,1.019
-2.218,0.044
-2.35,0.449
-2.47,1.386
-2.729,-0.395
-2.582,0.305
-2.794,2.358
-2.821,-1.181
-2.856,2.167
-2.804,1.092
-2.966,0.372
-2.97,-1.3
-2.861,1.378
-2.994,1.7
-3.024,0.841
-3.025,0.392
-3.054,-0.377
-2.959,-0.242
-2.947,2.432
-3.07,0.106
-2.992,-0.684
-3.123,2.269
-3.138,0.977
3.099,-0.686
3.117,-1.195
2.917,-1.233
2.859,-1.119
2.857,1.961
2.963,2.421
2.886,0.656
2.869,0.743
2.79,0.525
2.816,-1.179
2.645,0.094
2.605,2.297
2.466,-1.027
2.487,1.429
2.445,2.374
2.573,-0.646
2.272,-0.313
2.408,-1.292
2.271,-1.289
2.277,1.335
2.209,0.688
2.206,-0.359
1.963,-0.364
2.117,2.371
1.947,1.5
1.936,2.557
2.067,-1.037
1.908,0.156
1.88,-1.019
1.695,2.158
1.688,-0.232
1.709,0.772
1.732,1.38
1.729,1.047
1.566,0.76
1.656,0.615
1.531,-0.24
1.548,1.409
1.332,2.055
1.258,2.563
1.316,2.338
1.175,-0.874
1.219,2.082
1.04,-1.099
0.873,1.013
0.798,1.693
0.785,-1.253
0.817,-1.139
0.818,2.585
0.76,0.752
0.593,1.28
0.563,-1.201
0.429,-0.108
0.24,0.48
0.266,-1.427
0.206,-1.427
0.312,1.127
0.279,0.561
0.294,1.252
-0.25,-0.46
-0.258,-0.235
-0.405,0.761
-0.381,-0.405
-0.499,-0.319
-0.407,1.346
-0.559,0.626
-0.448,0.287
-0.448,1.187
-0.586,0.05
-0.515,0.382
-0.714,1.366
-0.6,-1.054
-0.817,-1.26
-1.474,-1.427
-1.357,-1.468
-1.56,-1.373
-2.019,-1.706
-1.991,-1.777
-2.254,-1.625
-2.174,-1.428
-2.286,-1.465
-2.968,-1.636
-2.902,-1.384
-2.876,-1.502
3.07,-1.495
2.908,-1.734
2.101,-1.595
2.106,-1.804
1.843,-1.578
1.837,-1.599
-0.287,-1.692
-0.772,-1.523
-0.827,2.722
-1.002,2.953
-1.801,3.008
-2.109,2.785
-2.768,2.688
-2.968,2.646
2.311,2.774
2.293,2.682
2.176,2.69
1.751,2.817
1.348,2.686
0.674,2.861
0.217,2.715
-0.045,2.699
-1.716,0.728
-2.1,0.729
-2.945,0.104
1.272,0.729
1.09,1.345
0.37,2.095
0.101,2.308
-0.491,-0.805
1.548,1.038
0.861,1.401
-0.021,1.333
-0.038,2.217
-0.034,1.651
-0.098,2.218
-0.089,0.651
-0.117,2.058
-0.201,1.443
-0.239,1.476
-0.319,0.794
-0.351,2.016
-0.275,2.125
-0.407,1.218
-0.499,0.785
-2.419,-0.166
2.573,0.963
-0.081,-0.562
-0.507,0.895
-0.763,0.952
-2.489,-1.397
-2.607,-1.267
2.231,-1.15
-3.039,2.537
-2.42,-1.336
-3.019,-1.512
-0.034,-0.15
-0.193,0.083
-0.136,0.821
-0.203,0.264
-0.289,-0.421
-0.408,1.096
-0.438,1.753
-0.426,0.912
-0.455,2.724
-0.431,1.791
-0.486,2.18
-0.507,2.639
-0.563,-1.125
-0.499,1.389
-0.548,2.694
-0.583,2.085
-0.617,-0.391
-0.739,1.693
-0.68,2.535
-0.706,2.117
-0.782,-0.528
-1.741,-1.174
-2.42,-1.139
-2.447,-1.199
-2.87,-1.459
-2.916,-1.268
3.085,-1.564
3.081,-1.462
2.928,-1.187
2.665,-1.214
2.186,-1.473
2.184,-1.21
1.832,-1.644
1.803,-1.413
1.562,-1.388
1.136,-1.573
0.969,-1.314
0.407,-1.292
0.322,-1.224
-0.264,-1.246
-0.24,-1.311
-0.684,-1.121
-0.935,2.875
-1.179,3.087
-1.422,2.859
-2.258,3.046
-2.523,3.007
-2.72,2.987
-2.792,2.915
-2.914,3.149
-3.126,3.193
2.993,2.978
2.961,2.879
2.614,3.2
0.676,3.128
0.725,2.97
0.555,3.178
0.527,3.174
0.448,3.152
0.251,2.835
-0.284,3.139
-0.527,3.249
-0.667,2.921
-2.581,-0.935
-3.137,2.58
2.816,-0.707
2.37,2.739
0.49,2.469
0.494,0.37
0.445,2.622
-0.265,-0.807
-0.507,2.129
-0.425,1.857
-1.439,-1.302
1.53,-1.597
-0.148,-1.53
-2.432,2.858
0.228,3.134
-0.987,-0.861
-1.019,0.579
-1.059,2.406
-1.177,0.155
-1.031,-0.915
-1.186,0.877
-1.28,0.451
-1.291,2.309
-1.475,-1.1
-1.532,0.532
-1.456,1.43
-1.474,2.594
-1.718,1.472
-1.882,1.53
-1.765,-1.146
-1.773,0.225
-1.771,0.223
-1.816,-0.362
-1.786,2.699
-1.881,-0.797
-2.035,0.878
-2.071,0.188
-2.093,0.408
-2.031,-0.862
-2.184,0.602
-2.108,1.236
-2.122,0.261
-2.254,0.666
-2.374,1.603
-2.633,-0.178
-2.486,0.522
-2.698,2.575
-2.725,-0.964
-2.76,2.384
-2.708,1.309
-2.87,0.589
-2.874,-1.083
-2.765,1.595
-2.898,1.917
-2.928,1.058
-2.929,0.609
-2.958,-0.16
-2.863,-0.025
-2.851,2.649
-2.974,0.323
-2.896,-0.467
-3.027,2.486
-3.042,1.194
-3.088,-0.469
-3.07,-0.978
3.013,-1.016
2.955,-0.902
2.953,2.178
3.059,2.638
2.982,0.873
2.965,0.96
2.886,0.742
2.912,-0.962
2.741,0.311
2.701,2.514
2.562,-0.81
2.583,1.646
2.541,2.591
2.669,-0.429
2.368,-0.096
2.504,-1.075
2.367,-1.072
2.373,1.552
2.305,0.905
2.302,-0.142
2.059,-0.147
2.213,2.588
2.043,1.717
2.032,2.774
2.163,-0.82
2.004,0.373
1.976,-0.802
1.791,2.375
1.784,-0.015
1.805,0.989
1.828,1.597
1.825,1.264
1.662,0.977
1.752,0.832
1.627,-0.023
1.644,1.626
1.428,2.272
1.354,2.78
1.412,2.555
1.271,-0.657
1.315,2.299
1.136,-0.882
0.969,1.23
0.894,1.91
0.881,-1.036
0.913,-0.922
0.914,2.802
0.856,0.969
0.689,1.497
0.659,-0.984
0.525,0.109
0.336,0.697
0.362,-1.21
0.302,-1.21
0.408,1.344
0.375,0.778
0.39,1.469
-0.154,-0.243
-0.162,-0.018
-0.309,0.978
-0.285,-0.188
-0.403,-0.102
-0.311,1.563
-0.463,0.843
-0.352,0.504
-0.352,1.404
-0.49,0.267
-0.419,0.599
-0.618,1.583
-0.504,-0.837
-0.721,-1.043
-1.378,-1.21
-1.261,-1.251
-1.464,-1.156
-1.923,-1.489
-1.895,-1.56
-2.158,-1.408
-2.078,-1.211
-2.19,-1.248
-2.872,-1.419
-2.806,-1.167
-2.78,-1.285
-3.117,-1.278
3.004,-1.517
2.197,-1.378
2.202,-1.587
1.939,-1.361
1.933,-1.382
-0.191,-1.475
-0.676,-1.306
-0.731,2.939
-0.906,3.17
-1.705,3.225
-2.013,3.002
-2.672,2.905
-2.872,2.863
2.407,2.991
2.389,2.899
2.272,2.907
1.847,3.034
1.444,2.903
0.77,3.078
0.313,2.932
0.051,2.916
-1.62,0.945
-2.004,0.946
-2.849,0.321
1.368,0.946
1.186,1.562
0.466,2.312
0.197,2.525
-0.395,-0.588
1.644,1.255
0.957,1.618
0.075,1.55
0.058,2.434
0.062,1.868
-0.002,2.435
0.007,0.868
-0.021,2.275
-0.105,1.66
-0.143,1.693
-0.223,1.011
-0.255,2.233
-0.179,2.342
-0.311,1.435
-0.403,1.002
-2.323,0.051
2.669,1.18
0.015,-0.345
-0.411,1.112
-0.667,1.169
-2.393,-1.18
-2.511,-1.05
2.327,-0.933
-2.943,2.754
-2.324,-1.119
-2.923,-1.295
-0.159,0.233
-0.102,0.971
-0.169,0.414
-0.255,-0.271
-0.374,1.246
-0.404,1.903
-0.392,1.062
-0.421,2.874
-0.397,1.941
-0.452,2.33
-0.473,2.789
-0.529,-0.975
-0.465,1.539
-0.514,2.844
-0.549,2.235
-0.583,-0.241
-0.705,1.843
-0.646,2.685
-0.672,2.267
-0.748,-0.378
-1.707,-1.024
-2.386,-0.989
-2.413,-1.049
-2.836,-1.309
-2.882,-1.118
3.119,-1.414
3.115,-1.312
2.962,-1.037
2.699,-1.064
2.22,-1.323
2.218,-1.06
1.866,-1.494
1.837,-1.263
1.596,-1.238
1.17,-1.423
1.003,-1.164
0.441,-1.142
0.356,-1.074
-0.23,-1.096
-0.206,-1.161
-0.65,-0.971
-0.901,3.025
-1.145,3.237
-1.388,3.009
-2.224,3.196
-2.489,3.157
-2.686,3.137
-2.758,3.065
-2.88,3.299
-3.092,3.343
3.027,3.128
2.995,3.029
2.648,3.35
0.71,3.278
0.759,3.12
0.589,3.328
0.561,3.324
0.482,3.302
0.285,2.985
-0.25,3.289
-0.493,3.399
-0.633,3.071
-2.547,-0.785
-3.103,2.73
2.85,-0.557
2.404,2.889
0.524,2.619
0.528,0.52
0.479,2.772
-0.231,-0.657
-0.473,2.279
-0.391,2.007
-1.405,-1.152
1.564,-1.447
-0.114,-1.38
-2.398,3.008
0.262,3.284
-0.953,-0.711
-0.985,0.729
-1.025,2.556
-1.143,0.305
-0.997,-0.765
-1.152,1.027
-1.246,0.601
-1.257,2.459
-1.441,-0.95
-1.498,0.682
-1.422,1.58
-1.44,2.744
-1.684,1.622
-1.848,1.68
-1.731,-0.996
-1.739,0.375
-1.737,0.373
-1.782,-0.212
-1.752,2.849
-1.847,-0.647
-2.001,1.028
-2.037,0.338
-2.059,0.558
-1.997,-0.712
-2.15,0.752
-2.074,1.386
-2.088,0.411
-2.22,0.816
-2.34,1.753
-2.599,-0.028
-2.452,0.672
-2.664,2.725
-2.691,-0.814
-2.726,2.534
-2.674,1.459
-2.836,0.739
-2.84,-0.933
-2.731,1.745
-2.864,2.067
-2.894,1.208
-2.895,0.759
-2.924,-0.01
-2.829,0.125
-2.817,2.799
-2.94,0.473
-2.862,-0.317
-2.993,2.636
-3.008,1.344
-3.054,-0.319
-3.036,-0.828
3.047,-0.866
2.989,-0.752
2.987,2.328
3.093,2.788
3.016,1.023
2.999,1.11
2.92,0.892
2.946,-0.812
2.775,0.461
2.735,2.664
2.596,-0.66
2.617,1.796
2.575,2.741
2.703,-0.279
2.402,0.054
2.538,-0.925
2.401,-0.922
2.407,1.702
2.339,1.055
2.336,0.008
2.093,0.003
2.247,2.738
2.077,1.867
2.066,2.924
2.197,-0.67
2.038,0.523
2.01,-0.652
1.825,2.525
1.818,0.135
1.839,1.139
1.862,1.747
1.859,1.414
1.696,1.127
1.786,0.982
1.661,0.127
1.678,1.776
1.462,2.422
1.388,2.93
1.446,2.705
1.305,-0.507
1.349,2.449
1.17,-0.732
1.003,1.38
0.928,2.06
0.915,-0.886
0.947,-0.772
0.948,2.952
0.89,1.119
0.723,1.647
0.693,-0.834
0.559,0.259
0.37,0.847
0.396,-1.06
0.336,-1.06
0.442,1.494
0.409,0.928
0.424,1.619
-0.12,-0.093
-0.128,0.132
-0.275,1.128
-0.251,-0.038
-0.369,0.048
-0.277,1.713
-0.429,0.993
-0.318,0.654
-0.318,1.554
-0.456,0.417
-0.385,0.749
-0.584,1.733
-0.47,-0.687
-0.687,-0.893
-1.344,-1.06
-1.227,-1.101
-1.43,-1.006
-1.889,-1.339
-1.861,-1.41
-2.124,-1.258
-2.044,-1.061
-2.156,-1.098
-2.838,-1.269
-2.772,-1.017
-2.746,-1.135
-3.083,-1.128
3.038,-1.367
2.231,-1.228
2.236,-1.437
1.973,-1.211
1.967,-1.232
-0.157,-1.325
-0.642,-1.156
-0.697,3.089
-0.872,3.32
-1.671,3.375
-1.979,3.152
-2.638,3.055
-2.838,3.013
2.441,3.141
2.423,3.049
2.306,3.057
1.881,3.184
1.478,3.053
0.804,3.228
0.347,3.082
0.085,3.066
-1.586,1.095
-1.97,1.096
-2.815,0.471
1.402,1.096
1.22,1.712
0.5,2.462
0.231,2.675
-0.361,-0.438
1.678,1.405
0.991,1.768
0.109,1.7
0.092,2.584
0.096,2.018
0.032,2.585
0.041,1.018
0.013,2.425
-0.071,1.81
-0.109,1.843
-0.189,1.161
-0.221,2.383
-0.145,2.492
-0.277,1.585
-0.369,1.152
-2.289,0.201
2.703,1.33
0.049,-0.195
-0.377,1.262
-0.633,1.319
-2.359,-1.03
-2.477,-0.9
2.361,-0.783
-2.909,2.904
-2.29,-0.969
-2.889,-1.145
0.057,0.738
-0.01,0.181
-0.096,-0.504
-0.215,1.013
-0.245,1.67
-0.233,0.829
-0.262,2.641
-0.238,1.708
-0.293,2.097
-0.314,2.556
-0.37,-1.208
-0.306,1.306
-0.355,2.611
-0.39,2.002
-0.424,-0.474
-0.546,1.61
-0.487,2.452
-0.513,2.034
-0.589,-0.611
-1.548,-1.257
-2.227,-1.222
-2.254,-1.282
-2.677,-1.542
-2.723,-1.351
-3.005,-1.647
-3.009,-1.545
3.121,-1.27
2.858,-1.297
2.379,-1.556
2.377,-1.293
2.025,-1.727
1.996,-1.496
1.755,-1.471
1.329,-1.656
1.162,-1.397
0.6,-1.375
0.515,-1.307
-0.071,-1.329
-0.047,-1.394
-0.491,-1.204
-0.742,2.792
-0.986,3.004
-1.229,2.776
-2.065,2.963
-2.33,2.924
-2.527,2.904
-2.599,2.832
-2.721,3.066
-2.933,3.11
-3.097,2.895
-3.129,2.796
2.807,3.117
0.869,3.045
0.918,2.887
0.748,3.095
0.72,3.091
0.641,3.069
0.444,2.752
-0.091,3.056
-0.334,3.166
-0.474,2.838
-2.388,-1.018
-2.944,2.497
3.009,-0.79
2.563,2.656
0.683,2.386
0.687,0.287
0.638,2.539
-0.072,-0.89
-0.314,2.046
-0.232,1.774
-1.246,-1.385
1.723,-1.68
0.045,-1.613
-2.239,2.775
0.421,3.051
-0.794,-0.944
-0.826,0.496
-0.866,2.323
-0.984,0.072
-0.838,-0.998
-0.993,0.794
-1.087,0.368
-1.098,2.226
-1.282,-1.183
-1.339,0.449
-1.263,1.347
-1.281,2.511
-1.525,1.389
-1.689,1.447
-1.572,-1.229
-1.58,0.142
-1.578,0.14
-1.623,-0.445
-1.593,2.616
-1.688,-0.88
-1.842,0.795
-1.878,0.105
-1.9,0.325
-1.838,-0.945
-1.991,0.519
-1.915,1.153
-1.929,0.178
-2.061,0.583
-2.181,1.52
-2.44,-0.261
-2.293,0.439
-2.505,2.492
-2.532,-1.047
-2.567,2.301
-2.515,1.226
-2.677,0.506
-2.681,-1.166
-2.572,1.512
-2.705,1.834
-2.735,0.975
-2.736,0.526
-2.765,-0.243
-2.67,-0.108
-2.658,2.566
-2.781,0.24
-2.703,-0.55
-2.834,2.403
-2.849,1.111
-2.895,-0.552
-2.877,-1.061
-3.077,-1.099
-3.135,-0.985
-3.137,2.095
-3.031,2.555
-3.108,0.79
-3.125,0.877
3.079,0.659
3.105,-1.045
2.934,0.228
2.894,2.431
2.755,-0.893
2.776,1.563
2.734,2.508
2.862,-0.512
2.561,-0.179
2.697,-1.158
2.56,-1.155
2.566,1.469
2.498,0.822
2.495,-0.225
2.252,-0.23
2.406,2.505
2.236,1.634
2.225,2.691
2.356,-0.903
2.197,0.29
2.169,-0.885
1.984,2.292
1.977,-0.098
1.998,0.906
2.021,1.514
2.018,1.181
1.855,0.894
1.945,0.749
1.82,-0.106
1.837,1.543
1.621,2.189
1.547,2.697
1.605,2.472
1.464,-0.74
1.508,2.216
1.329,-0.965
1.162,1.147
1.087,1.827
1.074,-1.119
1.106,-1.005
1.107,2.719
1.049,0.886
0.882,1.414
0.852,-1.067
0.718,0.026
0.529,0.614
0.555,-1.293
0.495,-1.293
0.601,1.261
0.568,0.695
0.583,1.386
0.039,-0.326
0.031,-0.101
-0.116,0.895
-0.092,-0.271
-0.21,-0.185
-0.118,1.48
-0.27,0.76
-0.159,0.421
-0.159,1.321
-0.297,0.184
-0.226,0.516
-0.425,1.5
-0.311,-0.92
-0.528,-1.126
-1.185,-1.293
-1.068,-1.334
-1.271,-1.239
-1.73,-1.572
-1.702,-1.643
-1.965,-1.491
-1.885,-1.294
-1.997,-1.331
-2.679,-1.502
-2.613,-1.25
-2.587,-1.368
-2.924,-1.361
-3.086,-1.6
2.39,-1.461
2.395,-1.67
2.132,-1.444
2.126,-1.465
0.002,-1.558
-0.483,-1.389
-0.538,2.856
-0.713,3.087
-1.512,3.142
-1.82,2.919
-2.479,2.822
-2.679,2.78
2.6,2.908
2.582,2.816
2.465,2.824
2.04,2.951
1.637,2.82
0.963,2.995
0.506,2.849
0.244,2.833
-1.427,0.862
-1.811,0.863
-2.656,0.238
1.561,0.863
1.379,1.479
0.659,2.229
0.39,2.442
-0.202,-0.671
1.837,1.172
1.15,1.535
0.268,1.467
0.251,2.351
0.255,1.785
0.191,2.352
0.2,0.785
0.172,2.192
0.088,1.577
0.05,1.61
-0.03,0.928
-0.062,2.15
0.014,2.259
-0.118,1.352
-0.21,0.919
-2.13,-0.032
2.862,1.097
0.208,-0.428
-0.218,1.029
-0.474,1.086
-2.2,-1.263
-2.318,-1.133
2.52,-1.016
-2.75,2.671
-2.131,-1.202
-2.73,-1.378
-0.067,-0.557
-0.153,-1.242
-0.272,0.275
-0.302,0.932
-0.29,0.091
-0.319,1.903
-0.295,0.97
-0.35,1.359
-0.371,1.818
-0.427,-1.946
-0.363,0.568
-0.412,1.873
-0.447,1.264
-0.481,-1.212
-0.603,0.872
-0.544,1.714
-0.57,1.296
-0.646,-1.349
-1.605,-1.995
-2.284,-1.96
-2.311,-2.02
-2.734,-2.28
-2.78,-2.089
-3.062,-2.385
-3.066,-2.283
3.064,-2.008
2.801,-2.035
2.322,-2.294
2.32,-2.031
1.968,-2.465
1.939,-2.234
1.698,-2.209
1.272,-2.394
1.105,-2.135
0.543,-2.113
0.458,-2.045
-0.128,-2.067
-0.104,-2.132
-0.548,-1.942
-0.799,2.054
-1.043,2.266
-1.286,2.038
-2.122,2.225
-2.387,2.186
-2.584,2.166
-2.656,2.094
-2.778,2.328
-2.99,2.372
3.129,2.157
3.097,2.058
2.75,2.379
0.812,2.307
0.861,2.149
0.691,2.357
0.663,2.353
0.584,2.331
0.387,2.014
-0.148,2.318
-0.391,2.428
-0.531,2.1
-2.445,-1.756
-3.001,1.759
2.952,-1.528
2.506,1.918
0.626,1.648
0.63,-0.451
0.581,1.801
-0.129,-1.628
-0.371,1.308
-0.289,1.036
-1.303,-2.123
1.666,-2.418
-0.012,-2.351
-2.296,2.037
0.364,2.313
-0.851,-1.682
-0.883,-0.242
-0.923,1.585
-1.041,-0.666
-0.895,-1.736
-1.05,0.056
-1.144,-0.37
-1.155,1.488
-1.339,-1.921
-1.396,-0.289
-1.32,0.609
-1.338,1.773
-1.582,0.651
-1.746,0.709
-1.629,-1.967
-1.637,-0.596
-1.635,-0.598
-1.68,-1.183
-1.65,1.878
-1.745,-1.618
-1.899,0.057
-1.935,-0.633
-1.957,-0.413
-1.895,-1.683
-2.048,-0.219
-1.972,0.415
-1.986,-0.56
-2.118,-0.155
-2.238,0.782
-2.497,-0.999
-2.35,-0.299
-2.562,1.754
-2.589,-1.785
-2.624,1.563
-2.572,0.488
-2.734,-0.232
-2.738,-1.904
-2.629,0.774
-2.762,1.096
-2.792,0.237
-2.793,-0.212
-2.822,-0.981
-2.727,-0.846
-2.715,1.828
-2.838,-0.498
-2.76,-1.288
-2.891,1.665
-2.906,0.373
-2.952,-1.29
-2.934,-1.799
-3.134,-1.837
3.091,-1.723
3.089,1.357
-3.088,1.817
3.118,0.052
3.101,0.139
3.022,-0.079
3.048,-1.783
2.877,-0.51
2.837,1.693
2.698,-1.631
2.719,0.825
2.677,1.77
2.805,-1.25
2.504,-0.917
2.64,-1.896
2.503,-1.893
2.509,0.731
2.441,0.084
2.438,-0.963
2.195,-0.968
2.349,1.767
2.179,0.896
2.168,1.953
2.299,-1.641
2.14,-0.448
2.112,-1.623
1.927,1.554
1.92,-0.836
1.941,0.168
1.964,0.776
1.961,0.443
1.798,0.156
1.888,0.011
1.763,-0.844
1.78,0.805
1.564,1.451
1.49,1.959
1.548,1.734
1.407,-1.478
1.451,1.478
1.272,-1.703
1.105,0.409
1.03,1.089
1.017,-1.857
1.049,-1.743
1.05,1.981
0.992,0.148
0.825,0.676
0.795,-1.805
0.661,-0.712
0.472,-0.124
0.498,-2.031
0.438,-2.031
0.544,0.523
0.511,-0.043
0.526,0.648
-0.018,-1.064
-0.026,-0.839
-0.173,0.157
-0.149,-1.009
-0.267,-0.923
-0.175,0.742
-0.327,0.022
-0.216,-0.317
-0.216,0.583
-0.354,-0.554
-0.283,-0.222
-0.482,0.762
-0.368,-1.658
-0.585,-1.864
-1.242,-2.031
-1.125,-2.072
-1.328,-1.977
-1.787,-2.31
-1.759,-2.381
-2.022,-2.229
-1.942,-2.032
-2.054,-2.069
-2.736,-2.24
-2.67,-1.988
-2.644,-2.106
-2.981,-2.099
3.14,-2.338
2.333,-2.199
2.338,-2.408
2.075,-2.182
2.069,-2.203
-0.055,-2.296
-0.54,-2.127
-0.595,2.118
-0.77,2.349
-1.569,2.404
-1.877,2.181
-2.536,2.084
-2.736,2.042
2.543,2.17
2.525,2.078
2.408,2.086
1.983,2.213
1.58,2.082
0.906,2.257
0.449,2.111
0.187,2.095
-1.484,0.124
-1.868,0.125
-2.713,-0.5
1.504,0.125
1.322,0.741
0.602,1.491
0.333,1.704
-0.259,-1.409
1.78,0.434
1.093,0.797
0.211,0.729
0.194,1.613
0.198,1.047
0.134,1.614
0.143,0.047
0.115,1.454
0.031,0.839
-0.007,0.872
-0.087,0.19
-0.119,1.412
-0.043,1.521
-0.175,0.614
-0.267,0.181
-2.187,-0.77
2.805,0.359
0.151,-1.166
-0.275,0.291
-0.531,0.348
-2.257,-2.001
-2.375,-1.871
2.463,-1.754
-2.807,1.933
-2.188,-1.94
-2.787,-2.116
-0.086,-0.685
-0.205,0.832
-0.235,1.489
-0.223,0.648
-0.252,2.46
-0.228,1.527
-0.283,1.916
-0.304,2.375
-0.36,-1.389
-0.296,1.125
-0.345,2.43
-0.38,1.821
-0.414,-0.655
-0.536,1.429
-0.477,2.271
-0.503,1.853
-0.579,-0.792
-1.538,-1.438
-2.217,-1.403
-2.244,-1.463
-2.667,-1.723
-2.713,-1.532
-2.995,-1.828
-2.999,-1.726
3.131,-1.451
2.868,-1.478
2.389,-1.737
2.387,-1.474
2.035,-1.908
2.006,-1.677
1.765,-1.652
1.339,-1.837
1.172,-1.578
0.61,-1.556
0.525,-1.488
-0.061,-1.51
-0.037,-1.575
-0.481,-1.385
-0.732,2.611
-0.976,2.823
-1.219,2.595
-2.055,2.782
-2.32,2.743
-2.517,2.723
-2.589,2.651
-2.711,2.885
-2.923,2.929
-3.087,2.714
-3.119,2.615
2.817,2.936
0.879,2.864
0.928,2.706
0.758,2.914
0.73,2.91
0.651,2.888
0.454,2.571
-0.081,2.875
-0.324,2.985
-0.464,2.657
-2.378,-1.199
-2.934,2.316
3.019,-0.971
2.573,2.475
0.693,2.205
0.697,0.106
0.648,2.358
-0.062,-1.071
-0.304,1.865
-0.222,1.593
-1.236,-1.566
1.733,-1.861
0.055,-1.794
-2.229,2.594
0.431,2.87
-0.784,-1.125
-0.816,0.315
-0.856,2.142
-0.974,-0.109
-0.828,-1.179
-0.983,0.613
-1.077,0.187
-1.088,2.045
-1.272,-1.364
-1.329,0.268
-1.253,1.166
-1.271,2.33
-1.515,1.208
-1.679,1.266
-1.562,-1.41
-1.57,-0.039
-1.568,-0.041
-1.613,-0.626
-1.583,2.435
-1.678,-1.061
-1.832,0.614
-1.868,-0.076
-1.89,0.144
-1.828,-1.126
-1.981,0.338
-1.905,0.972
-1.919,-0.003
-2.051,0.402
-2.171,1.339
-2.43,-0.442
-2.283,0.258
-2.495,2.311
-2.522,-1.228
-2.557,2.12
-2.505,1.045
-2.667,0.325
-2.671,-1.347
-2.562,1.331
-2.695,1.653
-2.725,0.794
-2.726,0.345
-2.755,-0.424
-2.66,-0.289
-2.648,2.385
-2.771,0.059
-2.693,-0.731
-2.824,2.222
-2.839,0.93
-2.885,-0.733
-2.867,-1.242
-3.067,-1.28
-3.125,-1.166
-3.127,1.914
-3.021,2.374
-3.098,0.609
-3.115,0.696
3.089,0.478
3.115,-1.226
2.944,0.047
2.904,2.25
2.765,-1.074
2.786,1.382
2.744,2.327
2.872,-0.693
2.571,-0.36
2.707,-1.339
2.57,-1.336
2.576,1.288
2.508,0.641
2.505,-0.406
2.262,-0.411
2.416,2.324
2.246,1.453
2.235,2.51
2.366,-1.084
2.207,0.109
2.179,-1.066
1.994,2.111
1.987,-0.279
2.008,0.725
2.031,1.333
2.028,1.0
1.865,0.713
1.955,0.568
1.83,-0.287
1.847,1.362
1.631,2.008
1.557,2.516
1.615,2.291
1.474,-0.921
1.518,2.035
1.339,-1.146
1.172,0.966
1.097,1.646
1.084,-1.3
1.116,-1.186
1.117,2.538
1.059,0.705
0.892,1.233
0.862,-1.248
0.728,-0.155
0.539,0.433
0.565,-1.474
0.505,-1.474
0.611,1.08
0.578,0.514
0.593,1.205
0.049,-0.507
0.041,-0.282
-0.106,0.714
-0.082,-0.452
-0.2,-0.366
-0.108,1.299
-0.26,0.579
-0.149,0.24
-0.149,1.14
-0.287,0.003
-0.216,0.335
-0.415,1.319
-0.301,-1.101
-0.518,-1.307
-1.175,-1.474
-1.058,-1.515
-1.261,-1.42
-1.72,-1.753
-1.692,-1.824
-1.955,-1.672
-1.875,-1.475
-1.987,-1.512
-2.669,-1.683
-2.603,-1.431
-2.577,-1.549
-2.914,-1.542
-3.076,-1.781
2.4,-1.642
2.405,-1.851
2.142,-1.625
2.136,-1.646
0.012,-1.739
-0.473,-1.57
-0.528,2.675
-0.703,2.906
-1.502,2.961
-1.81,2.738
-2.469,2.641
-2.669,2.599
2.61,2.727
2.592,2.635
2.475,2.643
2.05,2.77
1.647,2.639
0.973,2.814
0.516,2.668
0.254,2.652
-1.417,0.681
-1.801,0.682
-2.646,0.057
1.571,0.682
1.389,1.298
0.669,2.048
0.4,2.261
-0.192,-0.852
1.847,0.991
1.16,1.354
0.278,1.286
0.261,2.17
0.265,1.604
0.201,2.171
0.21,0.604
0.182,2.011
0.098,1.396
0.06,1.429
-0.02,0.747
-0.052,1.969
0.024,2.078
-0.108,1.171
-0.2,0.738
-2.12,-0.213
2.872,0.916
0.218,-0.609
-0.208,0.848
-0.464,0.905
-2.19,-1.444
-2.308,-1.314
2.53,-1.197
-2.74,2.49
-2.121,-1.383
-2.72,-1.559
-0.119,1.517
-0.149,2.174
-0.137,1.333
-0.166,3.145
-0.142,2.212
-0.197,2.601
-0.218,3.06
-0.274,-0.704
-0.21,1.81
-0.259,3.115
-0.294,2.506
-0.328,0.03
-0.45,2.114
-0.391,2.956
-0.417,2.538
-0.493,-0.107
-1.452,-0.753
-2.131,-0.718
-2.158,-0.778
-2.581,-1.038
-2.627,-0.847
-2.909,-1.143
-2.913,-1.041
-3.066,-0.766
2.954,-0.793
2.475,-1.052
2.473,-0.789
2.121,-1.223
2.092,-0.992
1.851,-0.967
1.425,-1.152
1.258,-0.893
0.696,-0.871
0.611,-0.803
0.025,-0.825
0.049,-0.89
-0.395,-0.7
-0.646,3.296
-0.89,3.508
-1.133,3.28
-1.969,3.467
-2.234,3.428
-2.431,3.408
-2.503,3.336
-2.625,3.57
-2.837,3.614
-3.001,3.399
-3.033,3.3
2.903,3.621
0.965,3.549
1.014,3.391
0.844,3.599
0.816,3.595
0.737,3.573
0.54,3.256
0.005,3.56
-0.238,3.67
-0.378,3.342
-2.292,-0.514
-2.848,3.001
3.105,-0.286
2.659,3.16
0.779,2.89
0.783,0.791
0.734,3.043
0.024,-0.386
-0.218,2.55
-0.136,2.278
-1.15,-0.881
1.819,-1.176
0.141,-1.109
-2.143,3.279
0.517,3.555
-0.698,-0.44
-0.73,1.0
-0.77,2.827
-0.888,0.576
-0.742,-0.494
-0.897,1.298
-0.991,0.872
-1.002,2.73
-1.186,-0.679
-1.243,0.953
-1.167,1.851
-1.185,3.015
-1.429,1.893
-1.593,1.951
-1.476,-0.725
-1.484,0.646
-1.482,0.644
-1.527,0.059
-1.497,3.12
-1.592,-0.376
-1.746,1.299
-1.782,0.609
-1.804,0.829
-1.742,-0.441
-1.895,1.023
-1.819,1.657
-1.833,0.682
-1.965,1.087
-2.085,2.024
-2.344,0.243
-2.197,0.943
-2.409,2.996
-2.436,-0.543
-2.471,2.805
-2.419,1.73
-2.581,1.01
-2.585,-0.662
-2.476,2.016
-2.609,2.338
-2.639,1.479
-2.64,1.03
-2.669,0.261
-2.574,0.396
-2.562,3.07
-2.685,0.744
-2.607,-0.046
-2.738,2.907
-2.753,1.615
-2.799,-0.048
-2.781,-0.557
-2.981,-0.595
-3.039,-0.481
-3.041,2.599
-2.935,3.059
-3.012,1.294
-3.029,1.381
-3.108,1.163
-3.082,-0.541
3.03,0.732
2.99,2.935
2.851,-0.389
2.872,2.067
2.83,3.012
2.958,-0.008
2.657,0.325
2.793,-0.654
2.656,-0.651
2.662,1.973
2.594,1.326
2.591,0.279
2.348,0.274
2.502,3.009
2.332,2.138
2.321,3.195
2.452,-0.399
2.293,0.794
2.265,-0.381
2.08,2.796
2.073,0.406
2.094,1.41
2.117,2.018
2.114,1.685
1.951,1.398
2.041,1.253
1.916,0.398
1.933,2.047
1.717,2.693
1.643,3.201
1.701,2.976
1.56,-0.236
1.604,2.72
1.425,-0.461
1.258,1.651
1.183,2.331
1.17,-0.615
1.202,-0.501
1.203,3.223
1.145,1.39
0.978,1.918
0.948,-0.563
0.814,0.53
0.625,1.118
0.651,-0.789
0.591,-0.789
0.697,1.765
0.664,1.199
0.679,1.89
0.135,0.178
0.127,0.403
-0.02,1.399
0.004,0.233
-0.114,0.319
-0.022,1.984
-0.174,1.264
-0.063,0.925
-0.063,1.825
-0.201,0.688
-0.13,1.02
-0.329,2.004
-0.215,-0.416
-0.432,-0.622
-1.089,-0.789
-0.972,-0.83
-1.175,-0.735
-1.634,-1.068
-1.606,-1.139
-1.869,-0.987
-1.789,-0.79
-1.901,-0.827
-2.583,-0.998
-2.517,-0.746
-2.491,-0.864
-2.828,-0.857
-2.99,-1.096
2.486,-0.957
2.491,-1.166
2.228,-0.94
2.222,-0.961
0.098,-1.054
-0.387,-0.885
-0.442,3.36
-0.617,3.591
-1.416,3.646
-1.724,3.423
-2.383,3.326
-2.583,3.284
2.696,3.412
2.678,3.32
2.561,3.328
2.136,3.455
1.733,3.324
1.059,3.499
0.602,3.353
0.34,3.337
-1.331,1.366
-1.715,1.367
-2.56,0.742
1.657,1.367
1.475,1.983
0.755,2.733
0.486,2.946
-0.106,-0.167
1.933,1.676
1.246,2.039
0.364,1.971
0.347,2.855
0.351,2.289
0.287,2.856
0.296,1.289
0.268,2.696
0.184,2.081
0.146,2.114
0.066,1.432
0.034,2.654
0.11,2.763
-0.022,1.856
-0.114,1.423
-2.034,0.472
2.958,1.601
0.304,0.076
-0.122,1.533
-0.378,1.59
-2.104,-0.759
-2.222,-0.629
2.616,-0.512
-2.654,3.175
-2.035,-0.698
-2.634,-0.874
-0.03,0.657
-0.018,-0.184
-0.047,1.628
-0.023,0.695
-0.078,1.084
-0.099,1.543
-0.155,-2.221
-0.091,0.293
-0.14,1.598
-0.175,0.989
-0.209,-1.487
-0.331,0.597
-0.272,1.439
-0.298,1.021
-0.374,-1.624
-1.333,-2.27
-2.012,-2.235
-2.039,-2.295
-2.462,-2.555
-2.508,-2.364
-2.79,-2.66
-2.794,-2.558
-2.947,-2.283
3.073,-2.31
2.594,-2.569
2.592,-2.306
2.24,-2.74
2.211,-2.509
1.97,-2.484
1.544,-2.669
1.377,-2.41
0.815,-2.388
0.73,-2.32
0.144,-2.342
0.168,-2.407
-0.276,-2.217
-0.527,1.779
-0.771,1.991
-1.014,1.763
-1.85,1.95
-2.115,1.911
-2.312,1.891
-2.384,1.819
-2.506,2.053
-2.718,2.097
-2.882,1.882
-2.914,1.783
3.022,2.104
1.084,2.032
1.133,1.874
0.963,2.082
0.935,2.078
0.856,2.056
0.659,1.739
0.124,2.043
-0.119,2.153
-0.259,1.825
-2.173,-2.031
-2.729,1.484
-3.059,-1.803
2.778,1.643
0.898,1.373
0.902,-0.726
0.853,1.526
0.143,-1.903
-0.099,1.033
-0.017,0.761
-1.031,-2.398
1.938,-2.693
0.26,-2.626
-2.024,1.762
0.636,2.038
-0.579,-1.957
-0.611,-0.517
-0.651,1.31
-0.769,-0.941
-0.623,-2.011
-0.778,-0.219
-0.872,-0.645
-0.883,1.213
-1.067,-2.196
-1.124,-0.564
-1.048,0.334
-1.066,1.498
-1.31,0.376
-1.474,0.434
-1.357,-2.242
-1.365,-0.871
-1.363,-0.873
-1.408,-1.458
-1.378,1.603
-1.473,-1.893
-1.627,-0.218
-1.663,-0.908
-1.685,-0.688
-1.623,-1.958
-1.776,-0.494
-1.7,0.14
-1.714,-0.835
-1.846,-0.43
-1.966,0.507
-2.225,-1.274
-2.078,-0.574
-2.29,1.479
-2.317,-2.06
-2.352,1.288
-2.3,0.213
-2.462,-0.507
-2.466,-2.179
-2.357,0.499
-2.49,0.821
-2.52,-0.038
-2.521,-0.487
-2.55,-1.256
-2.455,-1.121
-2.443,1.553
-2.566,-0.773
-2.488,-1.563
-2.619,1.39
-2.634,0.098
-2.68,-1.565
-2.662,-2.074
-2.862,-2.112
-2.92,-1.998
-2.922,1.082
-2.816,1.542
-2.893,-0.223
-2.91,-0.136
-2.989,-0.354
-2.963,-2.058
-3.134,-0.785
3.109,1.418
2.97,-1.906
2.991,0.55
2.949,1.495
3.077,-1.525
2.776,-1.192
2.912,-2.171
2.775,-2.168
2.781,0.456
2.713,-0.191
2.71,-1.238
2.467,-1.243
2.621,1.492
2.451,0.621
2.44,1.678
2.571,-1.916
2.412,-0.723
2.384,-1.898
2.199,1.279
2.192,-1.111
2.213,-0.107
2.236,0.501
2.233,0.168
2.07,-0.119
2.16,-0.264
2.035,-1.119
2.052,0.53
1.836,1.176
1.762,1.684
1.82,1.459
1.679,-1.753
1.723,1.203
1.544,-1.978
1.377,0.134
1.302,0.814
1.289,-2.132
1.321,-2.018
1.322,1.706
1.264,-0.127
1.097,0.401
1.067,-2.08
0.933,-0.987
0.744,-0.399
0.77,-2.306
0.71,-2.306
0.816,0.248
0.783,-0.318
0.798,0.373
0.254,-1.339
0.246,-1.114
0.099,-0.118
0.123,-1.284
0.005,-1.198
0.097,0.467
-0.055,-0.253
0.056,-0.592
0.056,0.308
-0.082,-0.829
-0.011,-0.497
-0.21,0.487
-0.096,-1.933
-0.313,-2.139
-0.97,-2.306
-0.853,-2.347
-1.056,-2.252
-1.515,-2.585
-1.487,-2.656
-1.75,-2.504
-1.67,-2.307
-1.782,-2.344
-2.464,-2.515
-2.398,-2.263
-2.372,-2.381
-2.709,-2.374
-2.871,-2.613
2.605,-2.474
2.61,-2.683
2.347,-2.457
2.341,-2.478
0.217,-2.571
-0.268,-2.402
-0.323,1.843
-0.498,2.074
-1.297,2.129
-1.605,1.906
-2.264,1.809
-2.464,1.767
2.815,1.895
2.797,1.803
2.68,1.811
2.255,1.938
1.852,1.807
1.178,1.982
0.721,1.836
0.459,1.82
-1.212,-0.151
-1.596,-0.15
-2.441,-0.775
1.776,-0.15
1.594,0.466
0.874,1.216
0.605,1.429
0.013,-1.684
2.052,0.159
1.365,0.522
0.483,0.454
0.466,1.338
0.47,0.772
0.406,1.339
0.415,-0.228
0.387,1.179
0.303,0.564
0.265,0.597
0.185,-0.085
0.153,1.137
0.229,1.246
0.097,0.339
0.005,-0.094
-1.915,-1.045
3.077,0.084
0.423,-1.441
-0.003,0.016
-0.259,0.073
-1.985,-2.276
-2.103,-2.146
2.735,-2.029
-2.535,1.658
-1.916,-2.215
-2.515,-2.391
0.012,-0.841
-0.017,0.971
0.007,0.038
-0.048,0.427
-0.069,0.886
-0.125,-2.878
-0.061,-0.364
-0.11,0.941
-0.145,0.332
-0.179,-2.144
-0.301,-0.06
-0.242,0.782
-0.268,0.364
-0.344,-2.281
-1.303,-2.927
-1.982,-2.892
-2.009,-2.952
-2.432,-3.212
-2.478,-3.021
-2.76,-3.317
-2.764,-3.215
-2.917,-2.94
3.103,-2.967
2.624,-3.226
2.622,-2.963
2.27,-3.397
2.241,-3.166
2.0,-3.141
1.574,-3.326
1.407,-3.067
0.845,-3.045
0.76,-2.977
0.174,-2.999
0.198,-3.064
-0.246,-2.874
-0.497,1.122
-0.741,1.334
-0.984,1.106
-1.82,1.293
-2.085,1.254
-2.282,1.234
-2.354,1.162
-2.476,1.396
-2.688,1.44
-2.852,1.225
-2.884,1.126
3.052,1.447
1.114,1.375
1.163,1.217
0.993,1.425
0.965,1.421
0.886,1.399
0.689,1.082
0.154,1.386
-0.089,1.496
-0.229,1.168
-2.143,-2.688
-2.699,0.827
-3.029,-2.46
2.808,0.986
0.928,0.716
0.932,-1.383
0.883,0.869
0.173,-2.56
-0.069,0.376
0.013,0.104
-1.001,-3.055
1.968,-3.35
0.29,-3.283
-1.994,1.105
0.666,1.381
-0.549,-2.614
-0.581,-1.174
-0.621,0.653
-0.739,-1.598
-0.593,-2.668
-0.748,-0.876
-0.842,-1.302
-0.853,0.556
-1.037,-2.853
-1.094,-1.221
-1.018,-0.323
-1.036,0.841
-1.28,-0.281
-1.444,-0.223
-1.327,-2.899
-1.335,-1.528
-1.333,-1.53
-1.378,-2.115
-1.348,0.946
-1.443,-2.55
-1.597,-0.875
-1.633,-1.565
-1.655,-1.345
-1.593,-2.615
-1.746,-1.151
-1.67,-0.517
-1.684,-1.492
-1.816,-1.087
-1.936,-0.15
-2.195,-1.931
-2.048,-1.231
-2.26,0.822
-2.287,-2.717
-2.322,0.631
-2.27,-0.444
-2.432,-1.164
-2.436,-2.836
-2.327,-0.158
-2.46,0.164
-2.49,-0.695
-2.491,-1.144
-2.52,-1.913
-2.425,-1.778
-2.413,0.896
-2.536,-1.43
-2.458,-2.22
-2.589,0.733
-2.604,-0.559
-2.65,-2.222
-2.632,-2.731
-2.832,-2.769
-2.89,-2.655
-2.892,0.425
-2.786,0.885
-2.863,-0.88
-2.88,-0.793
-2.959,-1.011
-2.933,-2.715
-3.104,-1.442
3.139,0.761
3.0,-2.563
3.021,-0.107
2.979,0.838
3.107,-2.182
2.806,-1.849
2.942,-2.828
2.805,-2.825
2.811,-0.201
2.743,-0.848
2.74,-1.895
2.497,-1.9
2.651,0.835
2.481,-0.036
2.47,1.021
2.601,-2.573
2.442,-1.38
2.414,-2.555
2.229,0.622
2.222,-1.768
2.243,-0.764
2.266,-0.156
2.263,-0.489
2.1,-0.776
2.19,-0.921
2.065,-1.776
2.082,-0.127
1.866,0.519
1.792,1.027
1.85,0.802
1.709,-2.41
1.753,0.546
1.574,-2.635
1.407,-0.523
1.332,0.157
1.319,-2.789
1.351,-2.675
1.352,1.049
1.294,-0.784
1.127,-0.256
1.097,-2.737
0.963,-1.644
0.774,-1.056
0.8,-2.963
0.74,-2.963
0.846,-0.409
0.813,-0.975
0.828,-0.284
0.284,-1.996
0.276,-1.771
0.129,-0.775
0.153,-1.941
0.035,-1.855
0.127,-0.19
-0.025,-0.91
0.086,-1.249
0.086,-0.349
-0.052,-1.486
0.019,-1.154
-0.18,-0.17
-0.066,-2.59
-0.283,-2.796
-0.94,-2.963
-0.823,-3.004
-1.026,-2.909
-1.485,-3.242
-1.457,-3.313
-1.72,-3.161
-1.64,-2.964
-1.752,-3.001
-2.434,-3.172
-2.368,-2.92
-2.342,-3.038
-2.679,-3.031
-2.841,-3.27
2.635,-3.131
2.64,-3.34
2.377,-3.114
2.371,-3.135
0.247,-3.228
-0.238,-3.059
-0.293,1.186
-0.468,1.417
-1.267,1.472
-1.575,1.249
-2.234,1.152
-2.434,1.11
2.845,1.238
2.827,1.146
2.71,1.154
2.285,1.281
1.882,1.15
1.208,1.325
0.751,1.179
0.489,1.163
-1.182,-0.808
-1.566,-0.807
-2.411,-1.432
1.806,-0.807
1.624,-0.191
0.904,0.559
0.635,0.772
0.043,-2.341
2.082,-0.498
1.395,-0.135
0.513,-0.203
0.496,0.681
0.5,0.115
0.436,0.682
0.445,-0.885
0.417,0.522
0.333,-0.093
0.295,-0.06
0.215,-0.742
0.183,0.48
0.259,0.589
0.127,-0.318
0.035,-0.751
-1.885,-1.702
3.107,-0.573
0.453,-2.098
0.027,-0.641
-0.229,-0.584
-1.955,-2.933
-2.073,-2.803
2.765,-2.686
-2.505,1.001
-1.886,-2.872
-2.485,-3.048
-0.029,1.812
-0.005,0.879
-0.06,1.268
-0.081,1.727
-0.137,-2.037
-0.073,0.477
-0.122,1.782
-0.157,1.173
-0.191,-1.303
-0.313,0.781
-0.254,1.623
-0.28,1.205
-0.356,-1.44
-1.315,-2.086
-1.994,-2.051
-2.021,-2.111
-2.444,-2.371
-2.49,-2.18
-2.772,-2.476
-2.776,-2.374
-2.929,-2.099
3.091,-2.126
2.612,-2.385
2.61,-2.122
2.258,-2.556
2.229,-2.325
1.988,-2.3
1.562,-2.485
1.395,-2.226
0.833,-2.204
0.748,-2.136
0.162,-2.158
0.186,-2.223
-0.258,-2.033
-0.509,1.963
-0.753,2.175
-0.996,1.947
-1.832,2.134
-2.097,2.095
-2.294,2.075
-2.366,2.003
-2.488,2.237
-2.7,2.281
-2.864,2.066
-2.896,1.967
3.04,2.288
1.102,2.216
1.151,2.058
0.981,2.266
0.953,2.262
0.874,2.24
0.677,1.923
0.142,2.227
-0.101,2.337
-0.241,2.009
-2.155,-1.847
-2.711,1.668
-3.041,-1.619
2.796,1.827
0.916,1.557
0.92,-0.542
0.871,1.71
0.161,-1.719
-0.081,1.217
0.001,0.945
-1.013,-2.214
1.956,-2.509
0.278,-2.442
-2.006,1.946
0.654,2.222
-0.561,-1.773
-0.593,-0.333
-0.633,1.494
-0.751,-0.757
-0.605,-1.827
-0.76,-0.035
-0.854,-0.461
-0.865,1.397
-1.049,-2.012
-1.106,-0.38
-1.03,0.518
-1.048,1.682
-1.292,0.56
-1.456,0.618
-1.339,-2.058
-1.347,-0.687
-1.345,-0.689
-1.39,-1.274
-1.36,1.787
-1.455,-1.709
-1.609,-0.034
-1.645,-0.724
-1.667,-0.504
-1.605,-1.774
-1.758,-0.31
-1.682,0.324
-1.696,-0.651
-1.828,-0.246
-1.948,0.691
-2.207,-1.09
-2.06,-0.39
-2.272,1.663
-2.299,-1.876
-2.334,1.472
-2.282,0.397
-2.444,-0.323
-2.448,-1.995
-2.339,0.683
-2.472,1.005
-2.502,0.146
-2.503,-0.303
-2.532,-1.072
-2.437,-0.937
-2.425,1.737
-2.548,-0.589
-2.47,-1.379
-2.601,1.574
-2.616,0.282
-2.662,-1.381
-2.644,-1.89
-2.844,-1.928
-2.902,-1.814
-2.904,1.266
-2.798,1.726
-2.875,-0.039
-2.892,0.048
-2.971,-0.17
-2.945,-1.874
-3.116,-0.601
3.127,1.602
2.988,-1.722
3.009,0.734
2.967,1.679
3.095,-1.341
2.794,-1.008
2.93,-1.987
2.793,-1.984
2.799,0.64
2.731,-0.007
2.728,-1.054
2.485,-1.059
2.639,1.676
2.469,0.805
2.458,1.862
2.589,-1.732
2.43,-0.539
2.402,-1.714
2.217,1.463
2.21,-0.927
2.231,0.077
2.254,0.685
2.251,0.352
2.088,0.065
2.178,-0.08
2.053,-0.935
2.07,0.714
1.854,1.36
1.78,1.868
1.838,1.643
1.697,-1.569
1.741,1.387
1.562,-1.794
1.395,0.318
1.32,0.998
1.307,-1.948
1.339,-1.834
1.34,1.89
1.282,0.057
1.115,0.585
1.085,-1.896
0.951,-0.803
0.762,-0.215
0.788,-2.122
0.728,-2.122
0.834,0.432
0.801,-0.134
0.816,0.557
0.272,-1.155
0.264,-0.93
0.117,0.066
0.141,-1.1
0.023,-1.014
0.115,0.651
-0.037,-0.069
0.074,-0.408
0.074,0.492
-0.064,-0.645
0.007,-0.313
-0.192,0.671
-0.078,-1.749
-0.295,-1.955
-0.952,-2.122
-0.835,-2.163
-1.038,-2.068
-1.497,-2.401
-1.469,-2.472
-1.732,-2.32
-1.652,-2.123
-1.764,-2.16
-2.446,-2.331
-2.38,-2.079
-2.354,-2.197
-2.691,-2.19
-2.853,-2.429
2.623,-2.29
2.628,-2.499
2.365,-2.273
2.359,-2.294
0.235,-2.387
-0.25,-2.218
-0.305,2.027
-0.48,2.258
-1.279,2.313
-1.587,2.09
-2.246,1.993
-2.446,1.951
2.833,2.079
2.815,1.987
2.698,1.995
2.273,2.122
1.87,1.991
1.196,2.166
0.739,2.02
0.477,2.004
-1.194,0.033
-1.578,0.034
-2.423,-0.591
1.794,0.034
1.612,0.65
0.892,1.4
0.623,1.613
0.031,-1.5
2.07,0.343
1.383,0.706
0.501,0.638
0.484,1.522
0.488,0.956
0.424,1.523
0.433,-0.044
0.405,1.363
0.321,0.748
0.283,0.781
0.203,0.099
0.171,1.321
0.247,1.43
0.115,0.523
0.023,0.09
-1.897,-0.861
3.095,0.268
0.441,-1.257
0.015,0.2
-0.241,0.257
-1.967,-2.092
-2.085,-1.962
2.753,-1.845
-2.517,1.842
-1.898,-2.031
-2.497,-2.207
0.024,-0.933
-0.031,-0.544
-0.052,-0.085
-0.108,-3.849
-0.044,-1.335
-0.093,-0.03
-0.128,-0.639
-0.162,-3.115
-0.284,-1.031
-0.225,-0.189
-0.251,-0.607
-0.327,-3.252
-1.286,-3.898
-1.965,-3.863
-1.992,-3.923
-2.415,-4.183
-2.461,-3.992
-2.743,-4.288
-2.747,-4.186
-2.9,-3.911
3.12,-3.938
2.641,-4.197
2.639,-3.934
2.287,-4.368
2.258,-4.137
2.017,-4.112
1.591,-4.297
1.424,-4.038
0.862,-4.016
0.777,-3.948
0.191,-3.97
0.215,-4.035
-0.229,-3.845
-0.48,0.151
-0.724,0.363
-0.967,0.135
-1.803,0.322
-2.068,0.283
-2.265,0.263
-2.337,0.191
-2.459,0.425
-2.671,0.469
-2.835,0.254
-2.867,0.155
3.069,0.476
1.131,0.404
1.18,0.246
1.01,0.454
0.982,0.45
0.903,0.428
0.706,0.111
0.171,0.415
-0.072,0.525
-0.212,0.197
-2.126,-3.659
-2.682,-0.144
-3.012,-3.431
2.825,0.015
0.945,-0.255
0.949,-2.354
0.9,-0.102
0.19,-3.531
-0.052,-0.595
0.03,-0.867
-0.984,-4.026
1.985,-4.321
0.307,-4.254
-1.977,0.134
0.683,0.41
-0.532,-3.585
-0.564,-2.145
-0.604,-0.318
-0.722,-2.569
-0.576,-3.639
-0.731,-1.847
-0.825,-2.273
-0.836,-0.415
-1.02,-3.824
-1.077,-2.192
-1.001,-1.294
-1.019,-0.13
-1.263,-1.252
-1.427,-1.194
-1.31,-3.87
-1.318,-2.499
-1.316,-2.501
-1.361,-3.086
-1.331,-0.025
-1.426,-3.521
-1.58,-1.846
-1.616,-2.536
-1.638,-2.316
-1.576,-3.586
-1.729,-2.122
-1.653,-1.488
-1.667,-2.463
-1.799,-2.058
-1.919,-1.121
-2.178,-2.902
-2.031,-2.202
-2.243,-0.149
-2.27,-3.688
-2.305,-0.34
-2.253,-1.415
-2.415,-2.135
-2.419,-3.807
-2.31,-1.129
-2.443,-0.807
-2.473,-1.666
-2.474,-2.115
-2.503,-2.884
-2.408,-2.749
-2.396,-0.075
-2.519,-2.401
-2.441,-3.191
-2.572,-0.238
-2.587,-1.53
-2.633,-3.193
-2.615,-3.702
-2.815,-3.74
-2.873,-3.626
-2.875,-0.546
-2.769,-0.086
-2.846,-1.851
-2.863,-1.764
-2.942,-1.982
-2.916,-3.686
-3.087,-2.413
-3.127,-0.21
3.017,-3.534
3.038,-1.078
2.996,-0.133
3.124,-3.153
2.823,-2.82
2.959,-3.799
2.822,-3.796
2.828,-1.172
2.76,-1.819
2.757,-2.866
2.514,-2.871
2.668,-0.136
2.498,-1.007
2.487,0.05
2.618,-3.544
2.459,-2.351
2.431,-3.526
2.246,-0.349
2.239,-2.739
2.26,-1.735
2.283,-1.127
2.28,-1.46
2.117,-1.747
2.207,-1.892
2.082,-2.747
2.099,-1.098
1.883,-0.452
1.809,0.056
1.867,-0.169
1.726,-3.381
1.77,-0.425
1.591,-3.606
1.424,-1.494
1.349,-0.814
1.336,-3.76
1.368,-3.646
1.369,0.078
1.311,-1.755
1.144,-1.227
1.114,-3.708
0.98,-2.615
0.791,-2.027
0.817,-3.934
0.757,-3.934
0.863,-1.38
0.83,-1.946
0.845,-1.255
0.301,-2.967
0.293,-2.742
0.146,-1.746
0.17,-2.912
0.052,-2.826
0.144,-1.161
-0.008,-1.881
0.103,-2.22
0.103,-1.32
-0.035,-2.457
0.036,-2.125
-0.163,-1.141
-0.049,-3.561
-0.266,-3.767
-0.923,-3.934
-0.806,-3.975
-1.009,-3.88
-1.468,-4.213
-1.44,-4.284
-1.703,-4.132
-1.623,-3.935
-1.735,-3.972
-2.417,-4.143
-2.351,-3.891
-2.325,-4.009
-2.662,-4.002
-2.824,-4.241
2.652,-4.102
2.657,-4.311
2.394,-4.085
2.388,-4.106
0.264,-4.199
-0.221,-4.03
-0.276,0.215
-0.451,0.446
-1.25,0.501
-1.558,0.278
-2.217,0.181
-2.417,0.139
2.862,0.267
2.844,0.175
2.727,0.183
2.302,0.31
1.899,0.179
1.225,0.354
0.768,0.208
0.506,0.192
-1.165,-1.779
-1.549,-1.778
-2.394,-2.403
1.823,-1.778
1.641,-1.162
0.921,-0.412
0.652,-0.199
0.06,-3.312
2.099,-1.469
1.412,-1.106
0.53,-1.174
0.513,-0.29
0.517,-0.856
0.453,-0.289
0.462,-1.856
0.434,-0.449
0.35,-1.064
0.312,-1.031
0.232,-1.713
0.2,-0.491
0.276,-0.382
0.144,-1.289
0.052,-1.722
-1.868,-2.673
3.124,-1.544
0.47,-3.069
0.044,-1.612
-0.212,-1.555
-1.938,-3.904
-2.056,-3.774
2.782,-3.657
-2.488,0.03
-1.869,-3.843
-2.468,-4.019
-0.055,0.389
-0.076,0.848
-0.132,-2.916
-0.068,-0.402
-0.117,0.903
-0.152,0.294
-0.186,-2.182
-0.308,-0.098
-0.249,0.744
-0.275,0.326
-0.351,-2.319
-1.31,-2.965
-1.989,-2.93
-2.016,-2.99
-2.439,-3.25
-2.485,-3.059
-2.767,-3.355
-2.771,-3.253
-2.924,-2.978
3.096,-3.005
2.617,-3.264
2.615,-3.001
2.263,-3.435
2.234,-3.204
1.993,-3.179
1.567,-3.364
1.4,-3.105
0.838,-3.083
0.753,-3.015
0.167,-3.037
0.191,-3.102
-0.253,-2.912
-0.504,1.084
-0.748,1.296
-0.991,1.068
-1.827,1.255
-2.092,1.216
-2.289,1.196
-2.361,1.124
-2.483,1.358
-2.695,1.402
-2.859,1.187
-2.891,1.088
3.045,1.409
1.107,1.337
1.156,1.179
0.986,1.387
0.958,1.383
0.879,1.361
0.682,1.044
0.147,1.348
-0.096,1.458
-0.236,1.13
-2.15,-2.726
-2.706,0.789
-3.036,-2.498
2.801,0.948
0.921,0.678
0.925,-1.421
0.876,0.831
0.166,-2.598
-0.076,0.338
0.006,0.066
-1.008,-3.093
1.961,-3.388
0.283,-3.321
-2.001,1.067
0.659,1.343
-0.556,-2.652
-0.588,-1.212
-0.628,0.615
-0.746,-1.636
-0.6,-2.706
-0.755,-0.914
-0.849,-1.34
-0.86,0.518
-1.044,-2.891
-1.101,-1.259
-1.025,-0.361
-1.043,0.803
-1.287,-0.319
-1.451,-0.261
-1.334,-2.937
-1.342,-1.566
-1.34,-1.568
-1.385,-2.153
-1.355,0.908
-1.45,-2.588
-1.604,-0.913
-1.64,-1.603
-1.662,-1.383
-1.6,-2.653
-1.753,-1.189
-1.677,-0.555
-1.691,-1.53
-1.823,-1.125
-1.943,-0.188
-2.202,-1.969
-2.055,-1.269
-2.267,0.784
-2.294,-2.755
-2.329,0.593
-2.277,-0.482
-2.439,-1.202
-2.443,-2.874
-2.334,-0.196
-2.467,0.126
-2.497,-0.733
-2.498,-1.182
-2.527,-1.951
-2.432,-1.816
-2.42,0.858
-2.543,-1.468
-2.465,-2.258
-2.596,0.695
-2.611,-0.597
-2.657,-2.26
-2.639,-2.769
-2.839,-2.807
-2.897,-2.693
-2.899,0.387
-2.793,0.847
-2.87,-0.918
-2.887,-0.831
-2.966,-1.049
-2.94,-2.753
-3.111,-1.48
3.132,0.723
2.993,-2.601
3.014,-0.145
2.972,0.8
3.1,-2.22
2.799,-1.887
2.935,-2.866
2.798,-2.863
2.804,-0.239
2.736,-0.886
2.733,-1.933
2.49,-1.938
2.644,0.797
2.474,-0.074
2.463,0.983
2.594,-2.611
2.435,-1.418
2.407,-2.593
2.222,0.584
2.215,-1.806
2.236,-0.802
2.259,-0.194
2.256,-0.527
2.093,-0.814
2.183,-0.959
2.058,-1.814
2.075,-0.165
1.859,0.481
1.785,0.989
1.843,0.764
1.702,-2.448
1.746,0.508
1.567,-2.673
1.4,-0.561
1.325,0.119
1.312,-2.827
1.344,-2.713
1.345,1.011
1.287,-0.822
1.12,-0.294
1.09,-2.775
0.956,-1.682
0.767,-1.094
0.793,-3.001
0.733,-3.001
0.839,-0.447
0.806,-1.013
0.821,-0.322
0.277,-2.034
0.269,-1.809
0.122,-0.813
0.146,-1.979
0.028,-1.893
0.12,-0.228
-0.032,-0.948
0.079,-1.287
0.079,-0.387
-0.059,-1.524
0.012,-1.192
-0.187,-0.208
-0.073,-2.628
-0.29,-2.834
-0.947,-3.001
-0.83,-3.042
-1.033,-2.947
-1.492,-3.28
-1.464,-3.351
-1.727,-3.199
-1.647,-3.002
-1.759,-3.039
-2.441,-3.21
-2.375,-2.958
-2.349,-3.076
-2.686,-3.069
-2.848,-3.308
2.628,-3.169
2.633,-3.378
2.37,-3.152
2.364,-3.173
0.24,-3.266
-0.245,-3.097
-0.3,1.148
-0.475,1.379
-1.274,1.434
-1.582,1.211
-2.241,1.114
-2.441,1.072
2.838,1.2
2.82,1.108
2.703,1.116
2.278,1.243
1.875,1.112
1.201,1.287
0.744,1.141
0.482,1.125
-1.189,-0.846
-1.573,-0.845
-2.418,-1.47
1.799,-0.845
1.617,-0.229
0.897,0.521
0.628,0.734
0.036,-2.379
2.075,-0.536
1.388,-0.173
0.506,-0.241
0.489,0.643
0.493,0.077
0.429,0.644
0.438,-0.923
0.41,0.484
0.326,-0.131
0.288,-0.098
0.208,-0.78
0.176,0.442
0.252,0.551
0.12,-0.356
0.028,-0.789
-1.892,-1.74
3.1,-0.611
0.446,-2.136
0.02,-0.679
-0.236,-0.622
-1.962,-2.971
-2.08,-2.841
2.758,-2.724
-2.512,0.963
-1.893,-2.91
-2.492,-3.086
-0.021,0.459
-0.077,-3.305
-0.013,-0.791
-0.062,0.514
-0.097,-0.095
-0.131,-2.571
-0.253,-0.487
-0.194,0.355
-0.22,-0.063
-0.296,-2.708
-1.255,-3.354
-1.934,-3.319
-1.961,-3.379
-2.384,-3.639
-2.43,-3.448
-2.712,-3.744
-2.716,-3.642
-2.869,-3.367
-3.132,-3.394
2.672,-3.653
2.67,-3.39
2.318,-3.824
2.289,-3.593
2.048,-3.568
1.622,-3.753
1.455,-3.494
0.893,-3.472
0.808,-3.404
0.222,-3.426
0.246,-3.491
-0.198,-3.301
-0.449,0.695
-0.693,0.907
-0.936,0.679
-1.772,0.866
-2.037,0.827
-2.234,0.807
-2.306,0.735
-2.428,0.969
-2.64,1.013
-2.804,0.798
-2.836,0.699
3.1,1.02
1.162,0.948
1.211,0.79
1.041,0.998
1.013,0.994
0.934,0.972
0.737,0.655
0.202,0.959
-0.041,1.069
-0.181,0.741
-2.095,-3.115
-2.651,0.4
-2.981,-2.887
2.856,0.559
0.976,0.289
0.98,-1.81
0.931,0.442
0.221,-2.987
-0.021,-0.051
0.061,-0.323
-0.953,-3.482
2.016,-3.777
0.338,-3.71
-1.946,0.678
0.714,0.954
-0.501,-3.041
-0.533,-1.601
-0.573,0.226
-0.691,-2.025
-0.545,-3.095
-0.7,-1.303
-0.794,-1.729
-0.805,0.129
-0.989,-3.28
-1.046,-1.648
-0.97,-0.75
-0.988,0.414
-1.232,-0.708
-1.396,-0.65
-1.279,-3.326
-1.287,-1.955
-1.285,-1.957
-1.33,-2.542
-1.3,0.519
-1.395,-2.977
-1.549,-1.302
-1.585,-1.992
-1.607,-1.772
-1.545,-3.042
-1.698,-1.578
-1.622,-0.944
-1.636,-1.919
-1.768,-1.514
-1.888,-0.577
-2.147,-2.358
-2.0,-1.658
-2.212,0.395
-2.239,-3.144
-2.274,0.204
-2.222,-0.871
-2.384,-1.591
-2.388,-3.263
-2.279,-0.585
-2.412,-0.263
-2.442,-1.122
-2.443,-1.571
-2.472,-2.34
-2.377,-2.205
-2.365,0.469
-2.488,-1.857
-2.41,-2.647
-2.541,0.306
-2.556,-0.986
-2.602,-2.649
-2.584,-3.158
-2.784,-3.196
-2.842,-3.082
-2.844,-0.002
-2.738,0.458
-2.815,-1.307
-2.832,-1.22
-2.911,-1.438
-2.885,-3.142
-3.056,-1.869
-3.096,0.334
3.048,-2.99
3.069,-0.534
3.027,0.411
-3.128,-2.609
2.854,-2.276
2.99,-3.255
2.853,-3.252
2.859,-0.628
2.791,-1.275
2.788,-2.322
2.545,-2.327
2.699,0.408
2.529,-0.463
2.518,0.594
2.649,-3.0
2.49,-1.807
2.462,-2.982
2.277,0.195
2.27,-2.195
2.291,-1.191
2.314,-0.583
2.311,-0.916
2.148,-1.203
2.238,-1.348
2.113,-2.203
2.13,-0.554
1.914,0.092
1.84,0.6
1.898,0.375
1.757,-2.837
1.801,0.119
1.622,-3.062
1.455,-0.95
1.38,-0.27
1.367,-3.216
1.399,-3.102
1.4,0.622
1.342,-1.211
1.175,-0.683
1.145,-3.164
1.011,-2.071
0.822,-1.483
0.848,-3.39
0.788,-3.39
0.894,-0.836
0.861,-1.402
0.876,-0.711
0.332,-2.423
0.324,-2.198
0.177,-1.202
0.201,-2.368
0.083,-2.282
0.175,-0.617
0.023,-1.337
0.134,-1.676
0.134,-0.776
-0.004,-1.913
0.067,-1.581
-0.132,-0.597
-0.018,-3.017
-0.235,-3.223
-0.892,-3.39
-0.775,-3.431
-0.978,-3.336
-1.437,-3.669
-1.409,-3.74
-1.672,-3.588
-1.592,-3.391
-1.704,-3.428
-2.386,-3.599
-2.32,-3.347
-2.294,-3.465
-2.631,-3.458
-2.793,-3.697
2.683,-3.558
2.688,-3.767
2.425,-3.541
2.419,-3.562
0.295,-3.655
-0.19,-3.486
-0.245,0.759
-0.42,0.99
-1.219,1.045
-1.527,0.822
-2.186,0.725
-2.386,0.683
2.893,0.811
2.875,0.719
2.758,0.727
2.333,0.854
1.93,0.723
1.256,0.898
0.799,0.752
0.537,0.736
-1.134,-1.235
-1.518,-1.234
-2.363,-1.859
1.854,-1.234
1.672,-0.618
0.952,0.132
0.683,0.345
0.091,-2.768
2.13,-0.925
1.443,-0.562
0.561,-0.63
0.544,0.254
0.548,-0.312
0.484,0.255
0.493,-1.312
0.465,0.095
0.381,-0.52
0.343,-0.487
0.263,-1.169
0.231,0.053
0.307,0.162
0.175,-0.745
0.083,-1.178
-1.837,-2.129
-3.128,-1.0
0.501,-2.525
0.075,-1.068
-0.181,-1.011
-1.907,-3.36
-2.025,-3.23
2.813,-3.113
-2.457,0.574
-1.838,-3.299
-2.437,-3.475
-0.056,-3.764
0.008,-1.25
-0.041,0.055
-0.076,-0.554
-0.11,-3.03
-0.232,-0.946
-0.173,-0.104
-0.199,-0.522
-0.275,-3.167
-1.234,-3.813
-1.913,-3.778
-1.94,-3.838
-2.363,-4.098
-2.409,-3.907
-2.691,-4.203
-2.695,-4.101
-2.848,-3.826
-3.111,-3.853
2.693,-4.112
2.691,-3.849
2.339,-4.283
2.31,-4.052
2.069,-4.027
1.643,-4.212
1.476,-3.953
0.914,-3.931
0.829,-3.863
0.243,-3.885
0.267,-3.95
-0.177,-3.76
-0.428,0.236
-0.672,0.448
-0.915,0.22
-1.751,0.407
-2.016,0.368
-2.213,0.348
-2.285,0.276
-2.407,0.51
-2.619,0.554
-2.783,0.339
-2.815,0.24
3.121,0.561
1.183,0.489
1.232,0.331
1.062,0.539
1.034,0.535
0.955,0.513
0.758,0.196
0.223,0.5
-0.02,0.61
-0.16,0.282
-2.074,-3.574
-2.63,-0.059
-2.96,-3.346
2.877,0.1
0.997,-0.17
1.001,-2.269
0.952,-0.017
0.242,-3.446
0.0,-0.51
0.082,-0.782
-0.932,-3.941
2.037,-4.236
0.359,-4.169
-1.925,0.219
0.735,0.495
-0.48,-3.5
-0.512,-2.06
-0.552,-0.233
-0.67,-2.484
-0.524,-3.554
-0.679,-1.762
-0.773,-2.188
-0.784,-0.33
-0.968,-3.739
-1.025,-2.107
-0.949,-1.209
-0.967,-0.045
-1.211,-1.167
-1.375,-1.109
-1.258,-3.785
-1.266,-2.414
-1.264,-2.416
-1.309,-3.001
-1.279,0.06
-1.374,-3.436
-1.528,-1.761
-1.564,-2.451
-1.586,-2.231
-1.524,-3.501
-1.677,-2.037
-1.601,-1.403
-1.615,-2.378
-1.747,-1.973
-1.867,-1.036
-2.126,-2.817
-1.979,-2.117
-2.191,-0.064
-2.218,-3.603
-2.253,-0.255
-2.201,-1.33
-2.363,-2.05
-2.367,-3.722
-2.258,-1.044
-2.391,-0.722
-2.421,-1.581
-2.422,-2.03
-2.451,-2.799
-2.356,-2.664
-2.344,0.01
-2.467,-2.316
-2.389,-3.106
-2.52,-0.153
-2.535,-1.445
-2.581,-3.108
-2.563,-3.617
-2.763,-3.655
-2.821,-3.541
-2.823,-0.461
-2.717,-0.001
-2.794,-1.766
-2.811,-1.679
-2.89,-1.897
-2.864,-3.601
-3.035,-2.328
-3.075,-0.125
3.069,-3.449
3.09,-0.993
3.048,-0.048
-3.107,-3.068
2.875,-2.735
3.011,-3.714
2.874,-3.711
2.88,-1.087
2.812,-1.734
2.809,-2.781
2.566,-2.786
2.72,-0.051
2.55,-0.922
2.539,0.135
2.67,-3.459
2.511,-2.266
2.483,-3.441
2.298,-0.264
2.291,-2.654
2.312,-1.65
2.335,-1.042
2.332,-1.375
2.169,-1.662
2.259,-1.807
2.134,-2.662
2.151,-1.013
1.935,-0.367
1.861,0.141
1.919,-0.084
1.778,-3.296
1.822,-0.34
1.643,-3.521
1.476,-1.409
1.401,-0.729
1.388,-3.675
1.42,-3.561
1.421,0.163
1.363,-1.67
1.196,-1.142
1.166,-3.623
1.032,-2.53
0.843,-1.942
0.869,-3.849
0.809,-3.849
0.915,-1.295
0.882,-1.861
0.897,-1.17
0.353,-2.882
0.345,-2.657
0.198,-1.661
0.222,-2.827
0.104,-2.741
0.196,-1.076
0.044,-1.796
0.155,-2.135
0.155,-1.235
0.017,-2.372
0.088,-2.04
-0.111,-1.056
0.003,-3.476
-0.214,-3.682
-0.871,-3.849
-0.754,-3.89
-0.957,-3.795
-1.416,-4.128
-1.388,-4.199
-1.651,-4.047
-1.571,-3.85
-1.683,-3.887
-2.365,-4.058
-2.299,-3.806
-2.273,-3.924
-2.61,-3.917
-2.772,-4.156
2.704,-4.017
2.709,-4.226
2.446,-4.0
2.44,-4.021
0.316,-4.114
-0.169,-3.945
-0.224,0.3
-0.399,0.531
-1.198,0.586
-1.506,0.363
-2.165,0.266
-2.365,0.224
2.914,0.352
2.896,0.26
2.779,0.268
2.354,0.395
1.951,0.264
1.277,0.439
0.82,0.293
0.558,0.277
-1.113,-1.694
-1.497,-1.693
-2.342,-2.318
1.875,-1.693
1.693,-1.077
0.973,-0.327
0.704,-0.114
0.112,-3.227
2.151,-1.384
1.464,-1.021
0.582,-1.089
0.565,-0.205
0.569,-0.771
0.505,-0.204
0.514,-1.771
0.486,-0.364
0.402,-0.979
0.364,-0.946
0.284,-1.628
0.252,-0.406
0.328,-0.297
0.196,-1.204
0.104,-1.637
-1.816,-2.588
-3.107,-1.459
0.522,-2.984
0.096,-1.527
-0.16,-1.47
-1.886,-3.819
-2.004,-3.689
2.834,-3.572
-2.436,0.115
-1.817,-3.758
-2.416,-3.934
0.064,2.514
0.015,3.819
-0.02,3.21
-0.054,0.734
-0.176,2.818
-0.117,3.66
-0.143,3.242
-0.219,0.597
-1.178,-0.049
-1.857,-0.014
-1.884,-0.074
-2.307,-0.334
-2.353,-0.143
-2.635,-0.439
-2.639,-0.337
-2.792,-0.062
-3.055,-0.089
2.749,-0.348
2.747,-0.085
2.395,-0.519
2.366,-0.288
2.125,-0.263
1.699,-0.448
1.532,-0.189
0.97,-0.167
0.885,-0.099
0.299,-0.121
0.323,-0.186
-0.121,0.004
-0.372,4.0
-0.616,4.212
-0.859,3.984
-1.695,4.171
-1.96,4.132
-2.157,4.112
-2.229,4.04
-2.351,4.274
-2.563,4.318
-2.727,4.103
-2.759,4.004
-3.106,4.325
1.239,4.253
1.288,4.095
1.118,4.303
1.09,4.299
1.011,4.277
0.814,3.96
0.279,4.264
0.036,4.374
-0.104,4.046
-2.018,0.19
-2.574,3.705
-2.904,0.418
2.933,3.864
1.053,3.594
1.057,1.495
1.008,3.747
0.298,0.318
0.056,3.254
0.138,2.982
-0.876,-0.177
2.093,-0.472
0.415,-0.405
-1.869,3.983
0.791,4.259
-0.424,0.264
-0.456,1.704
-0.496,3.531
-0.614,1.28
-0.468,0.21
-0.623,2.002
-0.717,1.576
-0.728,3.434
-0.912,0.025
-0.969,1.657
-0.893,2.555
-0.911,3.719
-1.155,2.597
-1.319,2.655
-1.202,-0.021
-1.21,1.35
-1.208,1.348
-1.253,0.763
-1.223,3.824
-1.318,0.328
-1.472,2.003
-1.508,1.313
-1.53,1.533
-1.468,0.263
-1.621,1.727
-1.545,2.361
-1.559,1.386
-1.691,1.791
-1.811,2.728
-2.07,0.947
-1.923,1.647
-2.135,3.7
-2.162,0.161
-2.197,3.509
-2.145,2.434
-2.307,1.714
-2.311,0.042
-2.202,2.72
-2.335,3.042
-2.365,2.183
-2.366,1.734
-2.395,0.965
-2.3,1.1
-2.288,3.774
-2.411,1.448
-2.333,0.658
-2.464,3.611
-2.479,2.319
-2.525,0.656
-2.507,0.147
-2.707,0.109
-2.765,0.223
-2.767,3.303
-2.661,3.763
-2.738,1.998
-2.755,2.085
-2.834,1.867
-2.808,0.163
-2.979,1.436
-3.019,3.639
3.125,0.315
-3.137,2.771
3.104,3.716
-3.051,0.696
2.931,1.029
3.067,0.05
2.93,0.053
2.936,2.677
2.868,2.03
2.865,0.983
2.622,0.978
2.776,3.713
2.606,2.842
2.595,3.899
2.726,0.305
2.567,1.498
2.539,0.323
2.354,3.5
2.347,1.11
2.368,2.114
2.391,2.722
2.388,2.389
2.225,2.102
2.315,1.957
2.19,1.102
2.207,2.751
1.991,3.397
1.917,3.905
1.975,3.68
1.834,0.468
1.878,3.424
1.699,0.243
1.532,2.355
1.457,3.035
1.444,0.089
1.476,0.203
1.477,3.927
1.419,2.094
1.252,2.622
1.222,0.141
1.088,1.234
0.899,1.822
0.925,-0.085
0.865,-0.085
0.971,2.469
0.938,1.903
0.953,2.594
0.409,0.882
0.401,1.107
0.254,2.103
0.278,0.937
0.16,1.023
0.252,2.688
0.1,1.968
0.211,1.629
0.211,2.529
0.073,1.392
0.144,1.724
-0.055,2.708
0.059,0.288
-0.158,0.082
-0.815,-0.085
-0.698,-0.126
-0.901,-0.031
-1.36,-0.364
-1.332,-0.435
-1.595,-0.283
-1.515,-0.086
-1.627,-0.123
-2.309,-0.294
-2.243,-0.042
-2.217,-0.16
-2.554,-0.153
-2.716,-0.392
2.76,-0.253
2.765,-0.462
2.502,-0.236
2.496,-0.257
0.372,-0.35
-0.113,-0.181
-0.168,4.064
-0.343,4.295
-1.142,4.35
-1.45,4.127
-2.109,4.03
-2.309,3.988
2.97,4.116
2.952,4.024
2.835,4.032
2.41,4.159
2.007,4.028
1.333,4.203
0.876,4.057
0.614,4.041
-1.057,2.07
-1.441,2.071
-2.286,1.446
1.931,2.071
1.749,2.687
1.029,3.437
0.76,3.65
0.168,0.537
2.207,2.38
1.52,2.743
0.638,2.675
0.621,3.559
0.625,2.993
0.561,3.56
0.57,1.993
0.542,3.4
0.458,2.785
0.42,2.818
0.34,2.136
0.308,3.358
0.384,3.467
0.252,2.56
0.16,2.127
-1.76,1.176
-3.051,2.305
0.578,0.78
0.152,2.237
-0.104,2.294
-1.83,-0.055
-1.948,0.075
2.89,0.192
-2.38,3.879
-1.761,0.006
-2.36,-0.17
-0.049,1.305
-0.084,0.696
-0.118,-1.78
-0.24,0.304
-0.181,1.146
-0.207,0.728
-0.283,-1.917
-1.242,-2.563
-1.921,-2.528
-1.948,-2.588
-2.371,-2.848
-2.417,-2.657
-2.699,-2.953
-2.703,-2.851
-2.856,-2.576
-3.119,-2.603
2.685,-2.862
2.683,-2.599
2.331,-3.033
2.302,-2.802
2.061,-2.777
1.635,-2.962
1.468,-2.703
0.906,-2.681
0.821,-2.613
0.235,-2.635
0.259,-2.7
-0.185,-2.51
-0.436,1.486
-0.68,1.698
-0.923,1.47
-1.759,1.657
-2.024,1.618
-2.221,1.598
-2.293,1.526
-2.415,1.76
-2.627,1.804
-2.791,1.589
-2.823,1.49
3.113,1.811
1.175,1.739
1.224,1.581
1.054,1.789
1.026,1.785
0.947,1.763
0.75,1.446
0.215,1.75
-0.028,1.86
-0.168,1.532
-2.082,-2.324
-2.638,1.191
-2.968,-2.096
2.869,1.35
0.989,1.08
0.993,-1.019
0.944,1.233
0.234,-2.196
-0.008,0.74
0.074,0.468
-0.94,-2.691
2.029,-2.986
0.351,-2.919
-1.933,1.469
0.727,1.745
-0.488,-2.25
-0.52,-0.81
-0.56,1.017
-0.678,-1.234
-0.532,-2.304
-0.687,-0.512
-0.781,-0.938
-0.792,0.92
-0.976,-2.489
-1.033,-0.857
-0.957,0.041
-0.975,1.205
-1.219,0.083
-1.383,0.141
-1.266,-2.535
-1.274,-1.164
-1.272,-1.166
-1.317,-1.751
-1.287,1.31
-1.382,-2.186
-1.536,-0.511
-1.572,-1.201
-1.594,-0.981
-1.532,-2.251
-1.685,-0.787
-1.609,-0.153
-1.623,-1.128
-1.755,-0.723
-1.875,0.214
-2.134,-1.567
-1.987,-0.867
-2.199,1.186
-2.226,-2.353
-2.261,0.995
-2.209,-0.08
-2.371,-0.8
-2.375,-2.472
-2.266,0.206
-2.399,0.528
-2.429,-0.331
-2.43,-0.78
-2.459,-1.549
-2.364,-1.414
-2.352,1.26
-2.475,-1.066
-2.397,-1.856
-2.528,1.097
-2.543,-0.195
-2.589,-1.858
-2.571,-2.367
-2.771,-2.405
-2.829,-2.291
-2.831,0.789
-2.725,1.249
-2.802,-0.516
-2.819,-0.429
-2.898,-0.647
-2.872,-2.351
-3.043,-1.078
-3.083,1.125
3.061,-2.199
3.082,0.257
3.04,1.202
-3.115,-1.818
2.867,-1.485
3.003,-2.464
2.866,-2.461
2.872,0.163
2.804,-0.484
2.801,-1.531
2.558,-1.536
2.712,1.199
2.542,0.328
2.531,1.385
2.662,-2.209
2.503,-1.016
2.475,-2.191
2.29,0.986
2.283,-1.404
2.304,-0.4
2.327,0.208
2.324,-0.125
2.161,-0.412
2.251,-0.557
2.126,-1.412
2.143,0.237
1.927,0.883
1.853,1.391
1.911,1.166
1.77,-2.046
1.814,0.91
1.635,-2.271
1.468,-0.159
1.393,0.521
1.38,-2.425
1.412,-2.311
1.413,1.413
1.355,-0.42
1.188,0.108
1.158,-2.373
1.024,-1.28
0.835,-0.692
0.861,-2.599
0.801,-2.599
0.907,-0.045
0.874,-0.611
0.889,0.08
0.345,-1.632
0.337,-1.407
0.19,-0.411
0.214,-1.577
0.096,-1.491
0.188,0.174
0.036,-0.546
0.147,-0.885
0.147,0.015
0.009,-1.122
0.08,-0.79
-0.119,0.194
-0.005,-2.226
-0.222,-2.432
-0.879,-2.599
-0.762,-2.64
-0.965,-2.545
-1.424,-2.878
-1.396,-2.949
-1.659,-2.797
-1.579,-2.6
-1.691,-2.637
-2.373,-2.808
-2.307,-2.556
-2.281,-2.674
-2.618,-2.667
-2.78,-2.906
2.696,-2.767
2.701,-2.976
2.438,-2.75
2.432,-2.771
0.308,-2.864
-0.177,-2.695
-0.232,1.55
-0.407,1.781
-1.206,1.836
-1.514,1.613
-2.173,1.516
-2.373,1.474
2.906,1.602
2.888,1.51
2.771,1.518
2.346,1.645
1.943,1.514
1.269,1.689
0.812,1.543
0.55,1.527
-1.121,-0.444
-1.505,-0.443
-2.35,-1.068
1.867,-0.443
1.685,0.173
0.965,0.923
0.696,1.136
0.104,-1.977
2.143,-0.134
1.456,0.229
0.574,0.161
0.557,1.045
0.561,0.479
0.497,1.046
0.506,-0.521
0.478,0.886
0.394,0.271
0.356,0.304
0.276,-0.378
0.244,0.844
0.32,0.953
0.188,0.046
0.096,-0.387
-1.824,-1.338
-3.115,-0.209
0.514,-1.734
0.088,-0.277
-0.168,-0.22
-1.894,-2.569
-2.012,-2.439
2.826,-2.322
-2.444,1.365
-1.825,-2.508
-2.424,-2.684
-0.035,-0.609
-0.069,-3.085
-0.191,-1.001
-0.132,-0.159
-0.158,-0.577
-0.234,-3.222
-1.193,-3.868
-1.872,-3.833
-1.899,-3.893
-2.322,-4.153
-2.368,-3.962
-2.65,-4.258
-2.654,-4.156
-2.807,-3.881
-3.07,-3.908
2.734,-4.167
2.732,-3.904
2.38,-4.338
2.351,-4.107
2.11,-4.082
1.684,-4.267
1.517,-4.008
0.955,-3.986
0.87,-3.918
0.284,-3.94
0.308,-4.005
-0.136,-3.815
-0.387,0.181
-0.631,0.393
-0.874,0.165
-1.71,0.352
-1.975,0.313
-2.172,0.293
-2.244,0.221
-2.366,0.455
-2.578,0.499
-2.742,0.284
-2.774,0.185
-3.121,0.506
1.224,0.434
1.273,0.276
1.103,0.484
1.075,0.48
0.996,0.458
0.799,0.141
0.264,0.445
0.021,0.555
-0.119,0.227
-2.033,-3.629
-2.589,-0.114
-2.919,-3.401
2.918,0.045
1.038,-0.225
1.042,-2.324
0.993,-0.072
0.283,-3.501
0.041,-0.565
0.123,-0.837
-0.891,-3.996
2.078,-4.291
0.4,-4.224
-1.884,0.164
0.776,0.44
-0.439,-3.555
-0.471,-2.115
-0.511,-0.288
-0.629,-2.539
-0.483,-3.609
-0.638,-1.817
-0.732,-2.243
-0.743,-0.385
-0.927,-3.794
-0.984,-2.162
-0.908,-1.264
-0.926,-0.1
-1.17,-1.222
-1.334,-1.164
-1.217,-3.84
-1.225,-2.469
-1.223,-2.471
-1.268,-3.056
-1.238,0.005
-1.333,-3.491
-1.487,-1.816
-1.523,-2.506
-1.545,-2.286
-1.483,-3.556
-1.636,-2.092
-1.56,-1.458
-1.574,-2.433
-1.706,-2.028
-1.826,-1.091
-2.085,-2.872
-1.938,-2.172
-2.15,-0.119
-2.177,-3.658
-2.212,-0.31
-2.16,-1.385
-2.322,-2.105
-2.326,-3.777
-2.217,-1.099
-2.35,-0.777
-2.38,-1.636
-2.381,-2.085
-2.41,-2.854
-2.315,-2.719
-2.303,-0.045
-2.426,-2.371
-2.348,-3.161
-2.479,-0.208
-2.494,-1.5
-2.54,-3.163
-2.522,-3.672
-2.722,-3.71
-2.78,-3.596
-2.782,-0.516
-2.676,-0.056
-2.753,-1.821
-2.77,-1.734
-2.849,-1.952
-2.823,-3.656
-2.994,-2.383
-3.034,-0.18
3.11,-3.504
3.131,-1.048
3.089,-0.103
-3.066,-3.123
2.916,-2.79
3.052,-3.769
2.915,-3.766
2.921,-1.142
2.853,-1.789
2.85,-2.836
2.607,-2.841
2.761,-0.106
2.591,-0.977
2.58,0.08
2.711,-3.514
2.552,-2.321
2.524,-3.496
2.339,-0.319
2.332,-2.709
2.353,-1.705
2.376,-1.097
2.373,-1.43
2.21,-1.717
2.3,-1.862
2.175,-2.717
2.192,-1.068
1.976,-0.422
1.902,0.086
1.96,-0.139
1.819,-3.351
1.863,-0.395
1.684,-3.576
1.517,-1.464
1.442,-0.784
1.429,-3.73
1.461,-3.616
1.462,0.108
1.404,-1.725
1.237,-1.197
1.207,-3.678
1.073,-2.585
0.884,-1.997
0.91,-3.904
0.85,-3.904
0.956,-1.35
0.923,-1.916
0.938,-1.225
0.394,-2.937
0.386,-2.712
0.239,-1.716
0.263,-2.882
0.145,-2.796
0.237,-1.131
0.085,-1.851
0.196,-2.19
0.196,-1.29
0.058,-2.427
0.129,-2.095
-0.07,-1.111
0.044,-3.531
-0.173,-3.737
-0.83,-3.904
-0.713,-3.945
-0.916,-3.85
-1.375,-4.183
-1.347,-4.254
-1.61,-4.102
-1.53,-3.905
-1.642,-3.942
-2.324,-4.113
-2.258,-3.861
-2.232,-3.979
-2.569,-3.972
-2.731,-4.211
2.745,-4.072
2.75,-4.281
2.487,-4.055
2.481,-4.076
0.357,-4.169
-0.128,-4.0
-0.183,0.245
-0.358,0.476
-1.157,0.531
-1.465,0.308
-2.124,0.211
-2.324,0.169
2.955,0.297
2.937,0.205
2.82,0.213
2.395,0.34
1.992,0.209
1.318,0.384
0.861,0.238
0.599,0.222
-1.072,-1.749
-1.456,-1.748
-2.301,-2.373
1.916,-1.748
1.734,-1.132
1.014,-0.382
0.745,-0.169
0.153,-3.282
2.192,-1.439
1.505,-1.076
0.623,-1.144
0.606,-0.26
0.61,-0.826
0.546,-0.259
0.555,-1.826
0.527,-0.419
0.443,-1.034
0.405,-1.001
0.325,-1.683
0.293,-0.461
0.369,-0.352
0.237,-1.259
0.145,-1.692
-1.775,-2.643
-3.066,-1.514
0.563,-3.039
0.137,-1.582
-0.119,-1.525
-1.845,-3.874
-1.963,-3.744
2.875,-3.627
-2.395,0.06
-1.776,-3.813
-2.375,-3.989
-0.034,-2.476
-0.156,-0.392
-0.097,0.45
-0.123,0.032
-0.199,-2.613
-1.158,-3.259
-1.837,-3.224
-1.864,-3.284
-2.287,-3.544
-2.333,-3.353
-2.615,-3.649
-2.619,-3.547
-2.772,-3.272
-3.035,-3.299
2.769,-3.558
2.767,-3.295
2.415,-3.729
2.386,-3.498
2.145,-3.473
1.719,-3.658
1.552,-3.399
0.99,-3.377
0.905,-3.309
0.319,-3.331
0.343,-3.396
-0.101,-3.206
-0.352,0.79
-0.596,1.002
-0.839,0.774
-1.675,0.961
-1.94,0.922
-2.137,0.902
-2.209,0.83
-2.331,1.064
-2.543,1.108
-2.707,0.893
-2.739,0.794
-3.086,1.115
1.259,1.043
1.308,0.885
1.138,1.093
1.11,1.089
1.031,1.067
0.834,0.75
0.299,1.054
0.056,1.164
-0.084,0.836
-1.998,-3.02
-2.554,0.495
-2.884,-2.792
2.953,0.654
1.073,0.384
1.077,-1.715
1.028,0.537
0.318,-2.892
0.076,0.044
0.158,-0.228
-0.856,-3.387
2.113,-3.682
0.435,-3.615
-1.849,0.773
0.811,1.049
-0.404,-2.946
-0.436,-1.506
-0.476,0.321
-0.594,-1.93
-0.448,-3.0
-0.603,-1.208
-0.697,-1.634
-0.708,0.224
-0.892,-3.185
-0.949,-1.553
-0.873,-0.655
-0.891,0.509
-1.135,-0.613
-1.299,-0.555
-1.182,-3.231
-1.19,-1.86
-1.188,-1.862
-1.233,-2.447
-1.203,0.614
-1.298,-2.882
-1.452,-1.207
-1.488,-1.897
-1.51,-1.677
-1.448,-2.947
-1.601,-1.483
-1.525,-0.849
-1.539,-1.824
-1.671,-1.419
-1.791,-0.482
-2.05,-2.263
-1.903,-1.563
-2.115,0.49
-2.142,-3.049
-2.177,0.299
-2.125,-0.776
-2.287,-1.496
-2.291,-3.168
-2.182,-0.49
-2.315,-0.168
-2.345,-1.027
-2.346,-1.476
-2.375,-2.245
-2.28,-2.11
-2.268,0.564
-2.391,-1.762
-2.313,-2.552
-2.444,0.401
-2.459,-0.891
-2.505,-2.554
-2.487,-3.063
-2.687,-3.101
-2.745,-2.987
-2.747,0.093
-2.641,0.553
-2.718,-1.212
-2.735,-1.125
-2.814,-1.343
-2.788,-3.047
-2.959,-1.774
-2.999,0.429
-3.138,-2.895
-3.117,-0.439
3.124,0.506
-3.031,-2.514
2.951,-2.181
3.087,-3.16
2.95,-3.157
2.956,-0.533
2.888,-1.18
2.885,-2.227
2.642,-2.232
2.796,0.503
2.626,-0.368
2.615,0.689
2.746,-2.905
2.587,-1.712
2.559,-2.887
2.374,0.29
2.367,-2.1
2.388,-1.096
2.411,-0.488
2.408,-0.821
2.245,-1.108
2.335,-1.253
2.21,-2.108
2.227,-0.459
2.011,0.187
1.937,0.695
1.995,0.47
1.854,-2.742
1.898,0.214
1.719,-2.967
1.552,-0.855
1.477,-0.175
1.464,-3.121
1.496,-3.007
1.497,0.717
1.439,-1.116
1.272,-0.588
1.242,-3.069
1.108,-1.976
0.919,-1.388
0.945,-3.295
0.885,-3.295
0.991,-0.741
0.958,-1.307
0.973,-0.616
0.429,-2.328
0.421,-2.103
0.274,-1.107
0.298,-2.273
0.18,-2.187
0.272,-0.522
0.12,-1.242
0.231,-1.581
0.231,-0.681
0.093,-1.818
0.164,-1.486
-0.035,-0.502
0.079,-2.922
-0.138,-3.128
-0.795,-3.295
-0.678,-3.336
-0.881,-3.241
-1.34,-3.574
-1.312,-3.645
-1.575,-3.493
-1.495,-3.296
-1.607,-3.333
-2.289,-3.504
-2.223,-3.252
-2.197,-3.37
-2.534,-3.363
-2.696,-3.602
2.78,-3.463
2.785,-3.672
2.522,-3.446
2.516,-3.467
0.392,-3.56
-0.093,-3.391
-0.148,0.854
-0.323,1.085
-1.122,1.14
-1.43,0.917
-2.089,0.82
-2.289,0.778
2.99,0.906
2.972,0.814
2.855,0.822
2.43,0.949
2.027,0.818
1.353,0.993
0.896,0.847
0.634,0.831
-1.037,-1.14
-1.421,-1.139
-2.266,-1.764
1.951,-1.139
1.769,-0.523
1.049,0.227
0.78,0.44
0.188,-2.673
2.227,-0.83
1.54,-0.467
0.658,-0.535
0.641,0.349
0.645,-0.217
0.581,0.35
0.59,-1.217
0.562,0.19
0.478,-0.425
0.44,-0.392
0.36,-1.074
0.328,0.148
0.404,0.257
0.272,-0.65
0.18,-1.083
-1.74,-2.034
-3.031,-0.905
0.598,-2.43
0.172,-0.973
-0.084,-0.916
-1.81,-3.265
-1.928,-3.135
2.91,-3.018
-2.36,0.669
-1.741,-3.204
-2.34,-3.38
-0.122,2.084
-0.063,2.926
-0.089,2.508
-0.165,-0.137
-1.124,-0.783
-1.803,-0.748
-1.83,-0.808
-2.253,-1.068
-2.299,-0.877
-2.581,-1.173
-2.585,-1.071
-2.738,-0.796
-3.001,-0.823
2.803,-1.082
2.801,-0.819
2.449,-1.253
2.42,-1.022
2.179,-0.997
1.753,-1.182
1.586,-0.923
1.024,-0.901
0.939,-0.833
0.353,-0.855
0.377,-0.92
-0.067,-0.73
-0.318,3.266
-0.562,3.478
-0.805,3.25
-1.641,3.437
-1.906,3.398
-2.103,3.378
-2.175,3.306
-2.297,3.54
-2.509,3.584
-2.673,3.369
-2.705,3.27
-3.052,3.591
1.293,3.519
1.342,3.361
1.172,3.569
1.144,3.565
1.065,3.543
0.868,3.226
0.333,3.53
0.09,3.64
-0.05,3.312
-1.964,-0.544
-2.52,2.971
-2.85,-0.316
2.987,3.13
1.107,2.86
1.111,0.761
1.062,3.013
0.352,-0.416
0.11,2.52
0.192,2.248
-0.822,-0.911
2.147,-1.206
0.469,-1.139
-1.815,3.249
0.845,3.525
-0.37,-0.47
-0.402,0.97
-0.442,2.797
-0.56,0.546
-0.414,-0.524
-0.569,1.268
-0.663,0.842
-0.674,2.7
-0.858,-0.709
-0.915,0.923
-0.839,1.821
-0.857,2.985
-1.101,1.863
-1.265,1.921
-1.148,-0.755
-1.156,0.616
-1.154,0.614
-1.199,0.029
-1.169,3.09
-1.264,-0.406
-1.418,1.269
-1.454,0.579
-1.476,0.799
-1.414,-0.471
-1.567,0.993
-1.491,1.627
-1.505,0.652
-1.637,1.057
-1.757,1.994
-2.016,0.213
-1.869,0.913
-2.081,2.966
-2.108,-0.573
-2.143,2.775
-2.091,1.7
-2.253,0.98
-2.257,-0.692
-2.148,1.986
-2.281,2.308
-2.311,1.449
-2.312,1.0
-2.341,0.231
-2.246,0.366
-2.234,3.04
-2.357,0.714
-2.279,-0.076
-2.41,2.877
-2.425,1.585
-2.471,-0.078
-2.453,-0.587
-2.653,-0.625
-2.711,-0.511
-2.713,2.569
-2.607,3.029
-2.684,1.264
-2.701,1.351
-2.78,1.133
-2.754,-0.571
-2.925,0.702
-2.965,2.905
-3.104,-0.419
-3.083,2.037
-3.125,2.982
-2.997,-0.038
2.985,0.295
3.121,-0.684
2.984,-0.681
2.99,1.943
2.922,1.296
2.919,0.249
2.676,0.244
2.83,2.979
2.66,2.108
2.649,3.165
2.78,-0.429
2.621,0.764
2.593,-0.411
2.408,2.766
2.401,0.376
2.422,1.38
2.445,1.988
2.442,1.655
2.279,1.368
2.369,1.223
2.244,0.368
2.261,2.017
2.045,2.663
1.971,3.171
2.029,2.946
1.888,-0.266
1.932,2.69
1.753,-0.491
1.586,1.621
1.511,2.301
1.498,-0.645
1.53,-0.531
1.531,3.193
1.473,1.36
1.306,1.888
1.276,-0.593
1.142,0.5
0.953,1.088
0.979,-0.819
0.919,-0.819
1.025,1.735
0.992,1.169
1.007,1.86
0.463,0.148
0.455,0.373
0.308,1.369
0.332,0.203
0.214,0.289
0.306,1.954
0.154,1.234
0.265,0.895
0.265,1.795
0.127,0.658
0.198,0.99
-0.001,1.974
0.113,-0.446
-0.104,-0.652
-0.761,-0.819
-0.644,-0.86
-0.847,-0.765
-1.306,-1.098
-1.278,-1.169
-1.541,-1.017
-1.461,-0.82
-1.573,-0.857
-2.255,-1.028
-2.189,-0.776
-2.163,-0.894
-2.5,-0.887
-2.662,-1.126
2.814,-0.987
2.819,-1.196
2.556,-0.97
2.55,-0.991
0.426,-1.084
-0.059,-0.915
-0.114,3.33
-0.289,3.561
-1.088,3.616
-1.396,3.393
-2.055,3.296
-2.255,3.254
3.024,3.382
3.006,3.29
2.889,3.298
2.464,3.425
2.061,3.294
1.387,3.469
0.93,3.323
0.668,3.307
-1.003,1.336
-1.387,1.337
-2.232,0.712
1.985,1.337
1.803,1.953
1.083,2.703
0.814,2.916
0.222,-0.197
2.261,1.646
1.574,2.009
0.692,1.941
0.675,2.825
0.679,2.259
0.615,2.826
0.624,1.259
0.596,2.666
0.512,2.051
0.474,2.084
0.394,1.402
0.362,2.624
0.438,2.733
0.306,1.826
0.214,1.393
-1.706,0.442
-2.997,1.571
0.632,0.046
0.206,1.503
-0.05,1.56
-1.776,-0.789
-1.894,-0.659
2.944,-0.542
-2.326,3.145
-1.707,-0.728
-2.306,-0.904
0.059,0.842
0.033,0.424
-0.043,-2.221
-1.002,-2.867
-1.681,-2.832
-1.708,-2.892
-2.131,-3.152
-2.177,-2.961
-2.459,-3.257
-2.463,-3.155
-2.616,-2.88
-2.879,-2.907
2.925,-3.166
2.923,-2.903
2.571,-3.337
2.542,-3.106
2.301,-3.081
1.875,-3.266
1.708,-3.007
1.146,-2.985
1.061,-2.917
0.475,-2.939
0.499,-3.004
0.055,-2.814
-0.196,1.182
-0.44,1.394
-0.683,1.166
-1.519,1.353
-1.784,1.314
-1.981,1.294
-2.053,1.222
-2.175,1.456
-2.387,1.5
-2.551,1.285
-2.583,1.186
-2.93,1.507
1.415,1.435
1.464,1.277
1.294,1.485
1.266,1.481
1.187,1.459
0.99,1.142
0.455,1.446
0.212,1.556
0.072,1.228
-1.842,-2.628
-2.398,0.887
-2.728,-2.4
3.109,1.046
1.229,0.776
1.233,-1.323
1.184,0.929
0.474,-2.5
0.232,0.436
0.314,0.164
-0.7,-2.995
2.269,-3.29
0.591,-3.223
-1.693,1.165
0.967,1.441
-0.248,-2.554
-0.28,-1.114
-0.32,0.713
-0.438,-1.538
-0.292,-2.608
-0.447,-0.816
-0.541,-1.242
-0.552,0.616
-0.736,-2.793
-0.793,-1.161
-0.717,-0.263
-0.735,0.901
-0.979,-0.221
-1.143,-0.163
-1.026,-2.839
-1.034,-1.468
-1.032,-1.47
-1.077,-2.055
-1.047,1.006
-1.142,-2.49
-1.296,-0.815
-1.332,-1.505
-1.354,-1.285
-1.292,-2.555
-1.445,-1.091
-1.369,-0.457
-1.383,-1.432
-1.515,-1.027
-1.635,-0.09
-1.894,-1.871
-1.747,-1.171
-1.959,0.882
-1.986,-2.657
-2.021,0.691
-1.969,-0.384
-2.131,-1.104
-2.135,-2.776
-2.026,-0.098
-2.159,0.224
-2.189,-0.635
-2.19,-1.084
-2.219,-1.853
-2.124,-1.718
-2.112,0.956
-2.235,-1.37
-2.157,-2.16
-2.288,0.793
-2.303,-0.499
-2.349,-2.162
-2.331,-2.671
-2.531,-2.709
-2.589,-2.595
-2.591,0.485
-2.485,0.945
-2.562,-0.82
-2.579,-0.733
-2.658,-0.951
-2.632,-2.655
-2.803,-1.382
-2.843,0.821
-2.982,-2.503
-2.961,-0.047
-3.003,0.898
-2.875,-2.122
3.107,-1.789
-3.04,-2.768
3.106,-2.765
3.112,-0.141
3.044,-0.788
3.041,-1.835
2.798,-1.84
2.952,0.895
2.782,0.024
2.771,1.081
2.902,-2.513
2.743,-1.32
2.715,-2.495
2.53,0.682
2.523,-1.708
2.544,-0.704
2.567,-0.096
2.564,-0.429
2.401,-0.716
2.491,-0.861
2.366,-1.716
2.383,-0.067
2.167,0.579
2.093,1.087
2.151,0.862
2.01,-2.35
2.054,0.606
1.875,-2.575
1.708,-0.463
1.633,0.217
1.62,-2.729
1.652,-2.615
1.653,1.109
1.595,-0.724
1.428,-0.196
1.398,-2.677
1.264,-1.584
1.075,-0.996
1.101,-2.903
1.041,-2.903
1.147,-0.349
1.114,-0.915
1.129,-0.224
0.585,-1.936
0.577,-1.711
0.43,-0.715
0.454,-1.881
0.336,-1.795
0.428,-0.13
0.276,-0.85
0.387,-1.189
0.387,-0.289
0.249,-1.426
0.32,-1.094
0.121,-0.11
0.235,-2.53
0.018,-2.736
-0.639,-2.903
-0.522,-2.944
-0.725,-2.849
-1.184,-3.182
-1.156,-3.253
-1.419,-3.101
-1.339,-2.904
-1.451,-2.941
-2.133,-3.112
-2.067,-2.86
-2.041,-2.978
-2.378,-2.971
-2.54,-3.21
2.936,-3.071
2.941,-3.28
2.678,-3.054
2.672,-3.075
0.548,-3.168
0.063,-2.999
0.008,1.246
-0.167,1.477
-0.966,1.532
-1.274,1.309
-1.933,1.212
-2.133,1.17
-3.137,1.298
3.128,1.206
3.011,1.214
2.586,1.341
2.183,1.21
1.509,1.385
1.052,1.239
0.79,1.223
-0.881,-0.748
-1.265,-0.747
-2.11,-1.372
2.107,-0.747
1.925,-0.131
1.205,0.619
0.936,0.832
0.344,-2.281
2.383,-0.438
1.696,-0.075
0.814,-0.143
0.797,0.741
0.801,0.175
0.737,0.742
0.746,-0.825
0.718,0.582
0.634,-0.033
0.596,0.0
0.516,-0.682
0.484,0.54
0.56,0.649
0.428,-0.258
0.336,-0.691
-1.584,-1.642
-2.875,-0.513
0.754,-2.038
0.328,-0.581
0.072,-0.524
-1.654,-2.873
-1.772,-2.743
3.066,-2.626
-2.204,1.061
-1.585,-2.812
-2.184,-2.988
-0.026,-0.418
-0.102,-3.063
-1.061,-3.709
-1.74,-3.674
-1.767,-3.734
-2.19,-3.994
-2.236,-3.803
-2.518,-4.099
-2.522,-3.997
-2.675,-3.722
-2.938,-3.749
2.866,-4.008
2.864,-3.745
2.512,-4.179
2.483,-3.948
2.242,-3.923
1.816,-4.108
1.649,-3.849
1.087,-3.827
1.002,-3.759
0.416,-3.781
0.44,-3.846
-0.004,-3.656
-0.255,0.34
-0.499,0.552
-0.742,0.324
-1.578,0.511
-1.843,0.472
-2.04,0.452
-2.112,0.38
-2.234,0.614
-2.446,0.658
-2.61,0.443
-2.642,0.344
-2.989,0.665
1.356,0.593
1.405,0.435
1.235,0.643
1.207,0.639
1.128,0.617
0.931,0.3
0.396,0.604
0.153,0.714
0.013,0.386
-1.901,-3.47
-2.457,0.045
-2.787,-3.242
3.05,0.204
1.17,-0.066
1.174,-2.165
1.125,0.087
0.415,-3.342
0.173,-0.406
0.255,-0.678
-0.759,-3.837
2.21,-4.132
0.532,-4.065
-1.752,0.323
0.908,0.599
-0.307,-3.396
-0.339,-1.956
-0.379,-0.129
-0.497,-2.38
-0.351,-3.45
-0.506,-1.658
-0.6,-2.084
-0.611,-0.226
-0.795,-3.635
-0.852,-2.003
-0.776,-1.105
-0.794,0.059
-1.038,-1.063
-1.202,-1.005
-1.085,-3.681
-1.093,-2.31
-1.091,-2.312
-1.136,-2.897
-1.106,0.164
-1.201,-3.332
-1.355,-1.657
-1.391,-2.347
-1.413,-2.127
-1.351,-3.397
-1.504,-1.933
-1.428,-1.299
-1.442,-2.274
-1.574,-1.869
-1.694,-0.932
-1.953,-2.713
-1.806,-2.013
-2.018,0.04
-2.045,-3.499
-2.08,-0.151
-2.028,-1.226
-2.19,-1.946
-2.194,-3.618
-2.085,-0.94
-2.218,-0.618
-2.248,-1.477
-2.249,-1.926
-2.278,-2.695
-2.183,-2.56
-2.171,0.114
-2.294,-2.212
-2.216,-3.002
-2.347,-0.049
-2.362,-1.341
-2.408,-3.004
-2.39,-3.513
-2.59,-3.551
-2.648,-3.437
-2.65,-0.357
-2.544,0.103
-2.621,-1.662
-2.638,-1.575
-2.717,-1.793
-2.691,-3.497
-2.862,-2.224
-2.902,-0.021
-3.041,-3.345
-3.02,-0.889
-3.062,0.056
-2.934,-2.964
3.048,-2.631
-3.099,-3.61
3.047,-3.607
3.053,-0.983
2.985,-1.63
2.982,-2.677
2.739,-2.682
2.893,0.053
2.723,-0.818
2.712,0.239
2.843,-3.355
2.684,-2.162
2.656,-3.337
2.471,-0.16
2.464,-2.55
2.485,-1.546
2.508,-0.938
2.505,-1.271
2.342,-1.558
2.432,-1.703
2.307,-2.558
2.324,-0.909
2.108,-0.263
2.034,0.245
2.092,0.02
1.951,-3.192
1.995,-0.236
1.816,-3.417
1.649,-1.305
1.574,-0.625
1.561,-3.571
1.593,-3.457
1.594,0.267
1.536,-1.566
1.369,-1.038
1.339,-3.519
1.205,-2.426
1.016,-1.838
1.042,-3.745
0.982,-3.745
1.088,-1.191
1.055,-1.757
1.07,-1.066
0.526,-2.778
0.518,-2.553
0.371,-1.557
0.395,-2.723
0.277,-2.637
0.369,-0.972
0.217,-1.692
0.328,-2.031
0.328,-1.131
0.19,-2.268
0.261,-1.936
0.062,-0.952
0.176,-3.372
-0.041,-3.578
-0.698,-3.745
-0.581,-3.786
-0.784,-3.691
-1.243,-4.024
-1.215,-4.095
-1.478,-3.943
-1.398,-3.746
-1.51,-3.783
-2.192,-3.954
-2.126,-3.702
-2.1,-3.82
-2.437,-3.813
-2.599,-4.052
2.877,-3.913
2.882,-4.122
2.619,-3.896
2.613,-3.917
0.489,-4.01
0.004,-3.841
-0.051,0.404
-0.226,0.635
-1.025,0.69
-1.333,0.467
-1.992,0.37
-2.192,0.328
3.087,0.456
3.069,0.364
2.952,0.372
2.527,0.499
2.124,0.368
1.45,0.543
0.993,0.397
0.731,0.381
-0.94,-1.59
-1.324,-1.589
-2.169,-2.214
2.048,-1.589
1.866,-0.973
1.146,-0.223
0.877,-0.01
0.285,-3.123
2.324,-1.28
1.637,-0.917
0.755,-0.985
0.738,-0.101
0.742,-0.667
0.678,-0.1
0.687,-1.667
0.659,-0.26
0.575,-0.875
0.537,-0.842
0.457,-1.524
0.425,-0.302
0.501,-0.193
0.369,-1.1
0.277,-1.533
-1.643,-2.484
-2.934,-1.355
0.695,-2.88
0.269,-1.423
0.013,-1.366
-1.713,-3.715
-1.831,-3.585
3.007,-3.468
-2.263,0.219
-1.644,-3.654
-2.243,-3.83
-0.076,-2.645
-1.035,-3.291
-1.714,-3.256
-1.741,-3.316
-2.164,-3.576
-2.21,-3.385
-2.492,-3.681
-2.496,-3.579
-2.649,-3.304
-2.912,-3.331
2.892,-3.59
2.89,-3.327
2.538,-3.761
2.509,-3.53
2.268,-3.505
1.842,-3.69
1.675,-3.431
1.113,-3.409
1.028,-3.341
0.442,-3.363
0.466,-3.428
0.022,-3.238
-0.229,0.758
-0.473,0.97
-0.716,0.742
-1.552,0.929
-1.817,0.89
-2.014,0.87
-2.086,0.798
-2.208,1.032
-2.42,1.076
-2.584,0.861
-2.616,0.762
-2.963,1.083
1.382,1.011
1.431,0.853
1.261,1.061
1.233,1.057
1.154,1.035
0.957,0.718
0.422,1.022
0.179,1.132
0.039,0.804
-1.875,-3.052
-2.431,0.463
-2.761,-2.824
3.076,0.622
1.196,0.352
1.2,-1.747
1.151,0.505
0.441,-2.924
0.199,0.012
0.281,-0.26
-0.733,-3.419
2.236,-3.714
0.558,-3.647
-1.726,0.741
0.934,1.017
-0.281,-2.978
-0.313,-1.538
-0.353,0.289
-0.471,-1.962
-0.325,-3.032
-0.48,-1.24
-0.574,-1.666
-0.585,0.192
-0.769,-3.217
-0.826,-1.585
-0.75,-0.687
-0.768,0.477
-1.012,-0.645
-1.176,-0.587
-1.059,-3.263
-1.067,-1.892
-1.065,-1.894
-1.11,-2.479
-1.08,0.582
-1.175,-2.914
-1.329,-1.239
-1.365,-1.929
-1.387,-1.709
-1.325,-2.979
-1.478,-1.515
-1.402,-0.881
-1.416,-1.856
-1.548,-1.451
-1.668,-0.514
-1.927,-2.295
-1.78,-1.595
-1.992,0.458
-2.019,-3.081
-2.054,0.267
-2.002,-0.808
-2.164,-1.528
-2.168,-3.2
-2.059,-0.522
-2.192,-0.2
-2.222,-1.059
-2.223,-1.508
-2.252,-2.277
-2.157,-2.142
-2.145,0.532
-2.268,-1.794
-2.19,-2.584
-2.321,0.369
-2.336,-0.923
-2.382,-2.586
-2.364,-3.095
-2.564,-3.133
-2.622,-3.019
-2.624,0.061
-2.518,0.521
-2.595,-1.244
-2.612,-1.157
-2.691,-1.375
-2.665,-3.079
-2.836,-1.806
-2.876,0.397
-3.015,-2.927
-2.994,-0.471
-3.036,0.474
-2.908,-2.546
3.074,-2.213
-3.073,-3.192
3.073,-3.189
3.079,-0.565
3.011,-1.212
3.008,-2.259
2.765,-2.264
2.919,0.471
2.749,-0.4
2.738,0.657
2.869,-2.937
2.71,-1.744
2.682,-2.919
2.497,0.258
2.49,-2.132
2.511,-1.128
2.534,-0.52
2.531,-0.853
2.368,-1.14
2.458,-1.285
2.333,-2.14
2.35,-0.491
2.134,0.155
2.06,0.663
2.118,0.438
1.977,-2.774
2.021,0.182
1.842,-2.999
1.675,-0.887
1.6,-0.207
1.587,-3.153
1.619,-3.039
1.62,0.685
1.562,-1.148
1.395,-0.62
1.365,-3.101
1.231,-2.008
1.042,-1.42
1.068,-3.327
1.008,-3.327
1.114,-0.773
1.081,-1.339
1.096,-0.648
0.552,-2.36
0.544,-2.135
0.397,-1.139
0.421,-2.305
0.303,-2.219
0.395,-0.554
0.243,-1.274
0.354,-1.613
0.354,-0.713
0.216,-1.85
0.287,-1.518
0.088,-0.534
0.202,-2.954
-0.015,-3.16
-0.672,-3.327
-0.555,-3.368
-0.758,-3.273
-1.217,-3.606
-1.189,-3.677
-1.452,-3.525
-1.372,-3.328
-1.484,-3.365
-2.166,-3.536
-2.1,-3.284
-2.074,-3.402
-2.411,-3.395
-2.573,-3.634
2.903,-3.495
2.908,-3.704
2.645,-3.478
2.639,-3.499
0.515,-3.592
0.03,-3.423
-0.025,0.822
-0.2,1.053
-0.999,1.108
-1.307,0.885
-1.966,0.788
-2.166,0.746
3.113,0.874
3.095,0.782
2.978,0.79
2.553,0.917
2.15,0.786
1.476,0.961
1.019,0.815
0.757,0.799
-0.914,-1.172
-1.298,-1.171
-2.143,-1.796
2.074,-1.171
1.892,-0.555
1.172,0.195
0.903,0.408
0.311,-2.705
2.35,-0.862
1.663,-0.499
0.781,-0.567
0.764,0.317
0.768,-0.249
0.704,0.318
0.713,-1.249
0.685,0.158
0.601,-0.457
0.563,-0.424
0.483,-1.106
0.451,0.116
0.527,0.225
0.395,-0.682
0.303,-1.115
-1.617,-2.066
-2.908,-0.937
0.721,-2.462
0.295,-1.005
0.039,-0.948
-1.687,-3.297
-1.805,-3.167
3.033,-3.05
-2.237,0.637
-1.618,-3.236
-2.217,-3.412
-0.959,-0.646
-1.638,-0.611
-1.665,-0.671
-2.088,-0.931
-2.134,-0.74
-2.416,-1.036
-2.42,-0.934
-2.573,-0.659
-2.836,-0.686
2.968,-0.945
2.966,-0.682
2.614,-1.116
2.585,-0.885
2.344,-0.86
1.918,-1.045
1.751,-0.786
1.189,-0.764
1.104,-0.696
0.518,-0.718
0.542,-0.783
0.098,-0.593
-0.153,3.403
-0.397,3.615
-0.64,3.387
-1.476,3.574
-1.741,3.535
-1.938,3.515
-2.01,3.443
-2.132,3.677
-2.344,3.721
-2.508,3.506
-2.54,3.407
-2.887,3.728
1.458,3.656
1.507,3.498
1.337,3.706
1.309,3.702
1.23,3.68
1.033,3.363
0.498,3.667
0.255,3.777
0.115,3.449
-1.799,-0.407
-2.355,3.108
-2.685,-0.179
-3.131,3.267
1.272,2.997
1.276,0.898
1.227,3.15
0.517,-0.279
0.275,2.657
0.357,2.385
-0.657,-0.774
2.312,-1.069
0.634,-1.002
-1.65,3.386
1.01,3.662
-0.205,-0.333
-0.237,1.107
-0.277,2.934
-0.395,0.683
-0.249,-0.387
-0.404,1.405
-0.498,0.979
-0.509,2.837
-0.693,-0.572
-0.75,1.06
-0.674,1.958
-0.692,3.122
-0.936,2.0
-1.1,2.058
-0.983,-0.618
-0.991,0.753
-0.989,0.751
-1.034,0.166
-1.004,3.227
-1.099,-0.269
-1.253,1.406
-1.289,0.716
-1.311,0.936
-1.249,-0.334
-1.402,1.13
-1.326,1.764
-1.34,0.789
-1.472,1.194
-1.592,2.131
-1.851,0.35
-1.704,1.05
-1.916,3.103
-1.943,-0.436
-1.978,2.912
-1.926,1.837
-2.088,1.117
-2.092,-0.555
-1.983,2.123
-2.116,2.445
-2.146,1.586
-2.147,1.137
-2.176,0.368
-2.081,0.503
-2.069,3.177
-2.192,0.851
-2.114,0.061
-2.245,3.014
-2.26,1.722
-2.306,0.059
-2.288,-0.45
-2.488,-0.488
-2.546,-0.374
-2.548,2.706
-2.442,3.166
-2.519,1.401
-2.536,1.488
-2.615,1.27
-2.589,-0.434
-2.76,0.839
-2.8,3.042
-2.939,-0.282
-2.918,2.174
-2.96,3.119
-2.832,0.099
-3.133,0.432
-2.997,-0.547
-3.134,-0.544
-3.128,2.08
3.087,1.433
3.084,0.386
2.841,0.381
2.995,3.116
2.825,2.245
2.814,3.302
2.945,-0.292
2.786,0.901
2.758,-0.274
2.573,2.903
2.566,0.513
2.587,1.517
2.61,2.125
2.607,1.792
2.444,1.505
2.534,1.36
2.409,0.505
2.426,2.154
2.21,2.8
2.136,3.308
2.194,3.083
2.053,-0.129
2.097,2.827
1.918,-0.354
1.751,1.758
1.676,2.438
1.663,-0.508
1.695,-0.394
1.696,3.33
1.638,1.497
1.471,2.025
1.441,-0.456
1.307,0.637
1.118,1.225
1.144,-0.682
1.084,-0.682
1.19,1.872
1.157,1.306
1.172,1.997
0.628,0.285
0.62,0.51
0.473,1.506
0.497,0.34
0.379,0.426
0.471,2.091
0.319,1.371
0.43,1.032
0.43,1.932
0.292,0.795
0.363,1.127
0.164,2.111
0.278,-0.309
0.061,-0.515
-0.596,-0.682
-0.479,-0.723
-0.682,-0.628
-1.141,-0.961
-1.113,-1.032
-1.376,-0.88
-1.296,-0.683
-1.408,-0.72
-2.09,-0.891
-2.024,-0.639
-1.998,-0.757
-2.335,-0.75
-2.497,-0.989
2.979,-0.85
2.984,-1.059
2.721,-0.833
2.715,-0.854
0.591,-0.947
0.106,-0.778
0.051,3.467
-0.124,3.698
-0.923,3.753
-1.231,3.53
-1.89,3.433
-2.09,3.391
-3.094,3.519
-3.112,3.427
3.054,3.435
2.629,3.562
2.226,3.431
1.552,3.606
1.095,3.46
0.833,3.444
-0.838,1.473
-1.222,1.474
-2.067,0.849
2.15,1.474
1.968,2.09
1.248,2.84
0.979,3.053
0.387,-0.06
2.426,1.783
1.739,2.146
0.857,2.078
0.84,2.962
0.844,2.396
0.78,2.963
0.789,1.396
0.761,2.803
0.677,2.188
0.639,2.221
0.559,1.539
0.527,2.761
0.603,2.87
0.471,1.963
0.379,1.53
-1.541,0.579
-2.832,1.708
0.797,0.183
0.371,1.64
0.115,1.697
-1.611,-0.652
-1.729,-0.522
3.109,-0.405
-2.161,3.282
-1.542,-0.591
-2.141,-0.767
-0.679,0.035
-0.706,-0.025
-1.129,-0.285
-1.175,-0.094
-1.457,-0.39
-1.461,-0.288
-1.614,-0.013
-1.877,-0.04
-2.356,-0.299
-2.358,-0.036
-2.71,-0.47
-2.739,-0.239
-2.98,-0.214
2.877,-0.399
2.71,-0.14
2.148,-0.118
2.063,-0.05
1.477,-0.072
1.501,-0.137
1.057,0.053
0.806,4.049
0.562,4.261
0.319,4.033
-0.517,4.22
-0.782,4.181
-0.979,4.161
-1.051,4.089
-1.173,4.323
-1.385,4.367
-1.549,4.152
-1.581,4.053
-1.928,4.374
2.417,4.302
2.466,4.144
2.296,4.352
2.268,4.348
2.189,4.326
1.992,4.009
1.457,4.313
1.214,4.423
1.074,4.095
-0.84,0.239
-1.396,3.754
-1.726,0.467
-2.172,3.913
2.231,3.643
2.235,1.544
2.186,3.796
1.476,0.367
1.234,3.303
1.316,3.031
0.302,-0.128
-3.012,-0.423
1.593,-0.356
-0.691,4.032
1.969,4.308
0.754,0.313
0.722,1.753
0.682,3.58
0.564,1.329
0.71,0.259
0.555,2.051
0.461,1.625
0.45,3.483
0.266,0.074
0.209,1.706
0.285,2.604
0.267,3.768
0.023,2.646
-0.141,2.704
-0.024,0.028
-0.032,1.399
-0.03,1.397
-0.075,0.812
-0.045,3.873
-0.14,0.377
-0.294,2.052
-0.33,1.362
-0.352,1.582
-0.29,0.312
-0.443,1.776
-0.367,2.41
-0.381,1.435
-0.513,1.84
-0.633,2.777
-0.892,0.996
-0.745,1.696
-0.957,3.749
-0.984,0.21
-1.019,3.558
-0.967,2.483
-1.129,1.763
-1.133,0.091
-1.024,2.769
-1.157,3.091
-1.187,2.232
-1.188,1.783
-1.217,1.014
-1.122,1.149
-1.11,3.823
-1.233,1.497
-1.155,0.707
-1.286,3.66
-1.301,2.368
-1.347,0.705
-1.329,0.196
-1.529,0.158
-1.587,0.272
-1.589,3.352
-1.483,3.812
-1.56,2.047
-1.577,2.134
-1.656,1.916
-1.63,0.212
-1.801,1.485
-1.841,3.688
-1.98,0.364
-1.959,2.82
-2.001,3.765
-1.873,0.745
-2.174,1.078
-2.038,0.099
-2.175,0.102
-2.169,2.726
-2.237,2.079
-2.24,1.032
-2.483,1.027
-2.329,3.762
-2.499,2.891
-2.51,3.948
-2.379,0.354
-2.538,1.547
-2.566,0.372
-2.751,3.549
-2.758,1.159
-2.737,2.163
-2.714,2.771
-2.717,2.438
-2.88,2.151
-2.79,2.006
-2.915,1.151
-2.898,2.8
-3.114,3.446
3.095,3.954
-3.13,3.729
3.012,0.517
3.056,3.473
2.877,0.292
2.71,2.404
2.635,3.084
2.622,0.138
2.654,0.252
2.655,3.976
2.597,2.143
2.43,2.671
2.4,0.19
2.266,1.283
2.077,1.871
2.103,-0.036
2.043,-0.036
2.149,2.518
2.116,1.952
2.131,2.643
1.587,0.931
1.579,1.156
1.432,2.152
1.456,0.986
1.338,1.072
1.43,2.737
1.278,2.017
1.389,1.678
1.389,2.578
1.251,1.441
1.322,1.773
1.123,2.757
1.237,0.337
1.02,0.131
0.363,-0.036
0.48,-0.077
0.277,0.018
-0.182,-0.315
-0.154,-0.386
-0.417,-0.234
-0.337,-0.037
-0.449,-0.074
-1.131,-0.245
-1.065,0.007
-1.039,-0.111
-1.376,-0.104
-1.538,-0.343
-2.345,-0.204
-2.34,-0.413
-2.603,-0.187
-2.609,-0.208
1.55,-0.301
1.065,-0.132
1.01,4.113
0.835,4.344
0.036,4.399
-0.272,4.176
-0.931,4.079
-1.131,4.037
-2.135,4.165
-2.153,4.073
-2.27,4.081
-2.695,4.208
-3.098,4.077
2.511,4.252
2.054,4.106
1.792,4.09
0.121,2.119
-0.263,2.12
-1.108,1.495
3.109,2.12
2.927,2.736
2.207,3.486
1.938,3.699
1.346,0.586
-2.898,2.429
2.698,2.792
1.816,2.724
1.799,3.608
1.803,3.042
1.739,3.609
1.748,2.042
1.72,3.449
1.636,2.834
1.598,2.867
1.518,2.185
1.486,3.407
1.562,3.516
1.43,2.609
1.338,2.176
-0.582,1.225
-1.873,2.354
1.756,0.829
1.33,2.286
1.074,2.343
-0.652,-0.006
-0.77,0.124
-2.215,0.241
-1.202,3.928
-0.583,0.055
-1.182,-0.121
-0.027,-0.06
-0.45,-0.32
-0.496,-0.129
-0.778,-0.425
-0.782,-0.323
-0.935,-0.048
-1.198,-0.075
-1.677,-0.334
-1.679,-0.071
-2.031,-0.505
-2.06,-0.274
-2.301,-0.249
-2.727,-0.434
-2.894,-0.175
2.827,-0.153
2.742,-0.085
2.156,-0.107
2.18,-0.172
1.736,0.018
1.485,4.014
1.241,4.226
0.998,3.998
0.162,4.185
-0.103,4.146
-0.3,4.126
-0.372,4.054
-0.494,4.288
-0.706,4.332
-0.87,4.117
-0.902,4.018
-1.249,4.339
3.096,4.267
-3.138,4.109
2.975,4.317
2.947,4.313
2.868,4.291
2.671,3.974
2.136,4.278
1.893,4.388
1.753,4.06
-0.161,0.204
-0.717,3.719
-1.047,0.432
-1.493,3.878
2.91,3.608
2.914,1.509
2.865,3.761
2.155,0.332
1.913,3.268
1.995,2.996
0.981,-0.163
-2.333,-0.458
2.272,-0.391
-0.012,3.997
2.648,4.273
1.433,0.278
1.401,1.718
1.361,3.545
1.243,1.294
1.389,0.224
1.234,2.016
1.14,1.59
1.129,3.448
0.945,0.039
0.888,1.671
0.964,2.569
0.946,3.733
0.702,2.611
0.538,2.669
0.655,-0.007
0.647,1.364
0.649,1.362
0.604,0.777
0.634,3.838
0.539,0.342
0.385,2.017
0.349,1.327
0.327,1.547
0.389,0.277
0.236,1.741
0.312,2.375
0.298,1.4
0.166,1.805
0.046,2.742
-0.213,0.961
-0.066,1.661
-0.278,3.714
-0.305,0.175
-0.34,3.523
-0.288,2.448
-0.45,1.728
-0.454,0.056
-0.345,2.734
-0.478,3.056
-0.508,2.197
-0.509,1.748
-0.538,0.979
-0.443,1.114
-0.431,3.788
-0.554,1.462
-0.476,0.672
-0.607,3.625
-0.622,2.333
-0.668,0.67
-0.65,0.161
-0.85,0.123
-0.908,0.237
-0.91,3.317
-0.804,3.777
-0.881,2.012
-0.898,2.099
-0.977,1.881
-0.951,0.177
-1.122,1.45
-1.162,3.653
-1.301,0.329
-1.28,2.785
-1.322,3.73
-1.194,0.71
-1.495,1.043
-1.359,0.064
-1.496,0.067
-1.49,2.691
-1.558,2.044
-1.561,0.997
-1.804,0.992
-1.65,3.727
-1.82,2.856
-1.831,3.913
-1.7,0.319
-1.859,1.512
-1.887,0.337
-2.072,3.514
-2.079,1.124
-2.058,2.128
-2.035,2.736
-2.038,2.403
-2.201,2.116
-2.111,1.971
-2.236,1.116
-2.219,2.765
-2.435,3.411
-2.509,3.919
-2.451,3.694
-2.592,0.482
-2.548,3.438
-2.727,0.257
-2.894,2.369
-2.969,3.049
-2.982,0.103
-2.95,0.217
-2.949,3.941
-3.007,2.108
3.109,2.636
3.079,0.155
2.945,1.248
2.756,1.836
2.782,-0.071
2.722,-0.071
2.828,2.483
2.795,1.917
2.81,2.608
2.266,0.896
2.258,1.121
2.111,2.117
2.135,0.951
2.017,1.037
2.109,2.702
1.957,1.982
2.068,1.643
2.068,2.543
1.93,1.406
2.001,1.738
1.802,2.722
1.916,0.302
1.699,0.096
1.042,-0.071
1.159,-0.112
0.956,-0.017
0.497,-0.35
0.525,-0.421
0.262,-0.269
0.342,-0.072
0.23,-0.109
-0.452,-0.28
-0.386,-0.028
-0.36,-0.146
-0.697,-0.139
-0.859,-0.378
-1.666,-0.239
-1.661,-0.448
-1.924,-0.222
-1.93,-0.243
2.229,-0.336
1.744,-0.167
1.689,4.078
1.514,4.309
0.715,4.364
0.407,4.141
-0.252,4.044
-0.452,4.002
-1.456,4.13
-1.474,4.038
-1.591,4.046
-2.016,4.173
-2.419,4.042
-3.093,4.217
2.733,4.071
2.471,4.055
0.8,2.084
0.416,2.085
-0.429,1.46
-2.495,2.085
-2.677,2.701
2.886,3.451
2.617,3.664
2.025,0.551
-2.219,2.394
-2.906,2.757
2.495,2.689
2.478,3.573
2.482,3.007
2.418,3.574
2.427,2.007
2.399,3.414
2.315,2.799
2.277,2.832
2.197,2.15
2.165,3.372
2.241,3.481
2.109,2.574
2.017,2.141
0.097,1.19
-1.194,2.319
2.435,0.794
2.009,2.251
1.753,2.308
0.027,-0.041
-0.091,0.089
-1.536,0.206
-0.523,3.893
0.096,0.02
-0.503,-0.156
-0.423,-0.26
-0.469,-0.069
-0.751,-0.365
-0.755,-0.263
-0.908,0.012
-1.171,-0.015
-1.65,-0.274
-1.652,-0.011
-2.004,-0.445
-2.033,-0.214
-2.274,-0.189
-2.7,-0.374
-2.867,-0.115
2.854,-0.093
2.769,-0.025
2.183,-0.047
2.207,-0.112
1.763,0.078
1.512,4.074
1.268,4.286
1.025,4.058
0.189,4.245
-0.076,4.206
-0.273,4.186
-0.345,4.114
-0.467,4.348
-0.679,4.392
-0.843,4.177
-0.875,4.078
-1.222,4.399
3.123,4.327
-3.111,4.169
3.002,4.377
2.974,4.373
2.895,4.351
2.698,4.034
2.163,4.338
1.92,4.448
1.78,4.12
-0.134,0.264
-0.69,3.779
-1.02,0.492
-1.466,3.938
2.937,3.668
2.941,1.569
2.892,3.821
2.182,0.392
1.94,3.328
2.022,3.056
1.008,-0.103
-2.306,-0.398
2.299,-0.331
0.015,4.057
2.675,4.333
1.46,0.338
1.428,1.778
1.388,3.605
1.27,1.354
1.416,0.284
1.261,2.076
1.167,1.65
1.156,3.508
0.972,0.099
0.915,1.731
0.991,2.629
0.973,3.793
0.729,2.671
0.565,2.729
0.682,0.053
0.674,1.424
0.676,1.422
0.631,0.837
0.661,3.898
0.566,0.402
0.412,2.077
0.376,1.387
0.354,1.607
0.416,0.337
0.263,1.801
0.339,2.435
0.325,1.46
0.193,1.865
0.073,2.802
-0.186,1.021
-0.039,1.721
-0.251,3.774
-0.278,0.235
-0.313,3.583
-0.261,2.508
-0.423,1.788
-0.427,0.116
-0.318,2.794
-0.451,3.116
-0.481,2.257
-0.482,1.808
-0.511,1.039
-0.416,1.174
-0.404,3.848
-0.527,1.522
-0.449,0.732
-0.58,3.685
-0.595,2.393
-0.641,0.73
-0.623,0.221
-0.823,0.183
-0.881,0.297
-0.883,3.377
-0.777,3.837
-0.854,2.072
-0.871,2.159
-0.95,1.941
-0.924,0.237
-1.095,1.51
-1.135,3.713
-1.274,0.389
-1.253,2.845
-1.295,3.79
-1.167,0.77
-1.468,1.103
-1.332,0.124
-1.469,0.127
-1.463,2.751
-1.531,2.104
-1.534,1.057
-1.777,1.052
-1.623,3.787
-1.793,2.916
-1.804,3.973
-1.673,0.379
-1.832,1.572
-1.86,0.397
-2.045,3.574
-2.052,1.184
-2.031,2.188
-2.008,2.796
-2.011,2.463
-2.174,2.176
-2.084,2.031
-2.209,1.176
-2.192,2.825
-2.408,3.471
-2.482,3.979
-2.424,3.754
-2.565,0.542
-2.521,3.498
-2.7,0.317
-2.867,2.429
-2.942,3.109
-2.955,0.163
-2.923,0.277
-2.922,4.001
-2.98,2.168
3.136,2.696
3.106,0.215
2.972,1.308
2.783,1.896
2.809,-0.011
2.749,-0.011
2.855,2.543
2.822,1.977
2.837,2.668
2.293,0.956
2.285,1.181
2.138,2.177
2.162,1.011
2.044,1.097
2.136,2.762
1.984,2.042
2.095,1.703
2.095,2.603
1.957,1.466
2.028,1.798
1.829,2.782
1.943,0.362
1.726,0.156
1.069,-0.011
1.186,-0.052
0.983,0.043
0.524,-0.29
0.552,-0.361
0.289,-0.209
0.369,-0.012
0.257,-0.049
-0.425,-0.22
-0.359,0.032
-0.333,-0.086
-0.67,-0.079
-0.832,-0.318
-1.639,-0.179
-1.634,-0.388
-1.897,-0.162
-1.903,-0.183
2.256,-0.276
1.771,-0.107
1.716,4.138
1.541,4.369
0.742,4.424
0.434,4.201
-0.225,4.104
-0.425,4.062
-1.429,4.19
-1.447,4.098
-1.564,4.106
-1.989,4.233
-2.392,4.102
-3.066,4.277
2.76,4.131
2.498,4.115
0.827,2.144
0.443,2.145
-0.402,1.52
-2.468,2.145
-2.65,2.761
2.913,3.511
2.644,3.724
2.052,0.611
-2.192,2.454
-2.879,2.817
2.522,2.749
2.505,3.633
2.509,3.067
2.445,3.634
2.454,2.067
2.426,3.474
2.342,2.859
2.304,2.892
2.224,2.21
2.192,3.432
2.268,3.541
2.136,2.634
2.044,2.201
0.124,1.25
-1.167,2.379
2.462,0.854
2.036,2.311
1.78,2.368
0.054,0.019
-0.064,0.149
-1.509,0.266
-0.496,3.953
0.123,0.08
-0.476,-0.096
-0.046,0.191
-0.328,-0.105
-0.332,-0.003
-0.485,0.272
-0.748,0.245
-1.227,-0.014
-1.229,0.249
-1.581,-0.185
-1.61,0.046
-1.851,0.071
-2.277,-0.114
-2.444,0.145
-3.006,0.167
-3.091,0.235
2.606,0.213
2.63,0.148
2.186,0.338
1.935,4.334
1.691,4.546
1.448,4.318
0.612,4.505
0.347,4.466
0.15,4.446
0.078,4.374
-0.044,4.608
-0.256,4.652
-0.42,4.437
-0.452,4.338
-0.799,4.659
-2.737,4.587
-2.688,4.429
-2.858,4.637
-2.886,4.633
-2.965,4.611
3.121,4.294
2.586,4.598
2.343,4.708
2.203,4.38
0.289,0.524
-0.267,4.039
-0.597,0.752
-1.043,4.198
-2.923,3.928
-2.919,1.829
-2.968,4.081
2.605,0.652
2.363,3.588
2.445,3.316
1.431,0.157
-1.883,-0.138
2.722,-0.071
0.438,4.317
3.098,4.593
1.883,0.598
1.851,2.038
1.811,3.865
1.693,1.614
1.839,0.544
1.684,2.336
1.59,1.91
1.579,3.768
1.395,0.359
1.338,1.991
1.414,2.889
1.396,4.053
1.152,2.931
0.988,2.989
1.105,0.313
1.097,1.684
1.099,1.682
1.054,1.097
1.084,4.158
0.989,0.662
0.835,2.337
0.799,1.647
0.777,1.867
0.839,0.597
0.686,2.061
0.762,2.695
0.748,1.72
0.616,2.125
0.496,3.062
0.237,1.281
0.384,1.981
0.172,4.034
0.145,0.495
0.11,3.843
0.162,2.768
0.0,2.048
-0.004,0.376
0.105,3.054
-0.028,3.376
-0.058,2.517
-0.059,2.068
-0.088,1.299
0.007,1.434
0.019,4.108
-0.104,1.782
-0.026,0.992
-0.157,3.945
-0.172,2.653
-0.218,0.99
-0.2,0.481
-0.4,0.443
-0.458,0.557
-0.46,3.637
-0.354,4.097
-0.431,2.332
-0.448,2.419
-0.527,2.201
-0.501,0.497
-0.672,1.77
-0.712,3.973
-0.851,0.649
-0.83,3.105
-0.872,4.05
-0.744,1.03
-1.045,1.363
-0.909,0.384
-1.046,0.387
-1.04,3.011
-1.108,2.364
-1.111,1.317
-1.354,1.312
-1.2,4.047
-1.37,3.176
-1.381,4.233
-1.25,0.639
-1.409,1.832
-1.437,0.657
-1.622,3.834
-1.629,1.444
-1.608,2.448
-1.585,3.056
-1.588,2.723
-1.751,2.436
-1.661,2.291
-1.786,1.436
-1.769,3.085
-1.985,3.731
-2.059,4.239
-2.001,4.014
-2.142,0.802
-2.098,3.758
-2.277,0.577
-2.444,2.689
-2.519,3.369
-2.532,0.423
-2.5,0.537
-2.499,4.261
-2.557,2.428
-2.724,2.956
-2.754,0.475
-2.888,1.568
-3.077,2.156
-3.051,0.249
-3.111,0.249
-3.005,2.803
-3.038,2.237
-3.023,2.928
2.716,1.216
2.708,1.441
2.561,2.437
2.585,1.271
2.467,1.357
2.559,3.022
2.407,2.302
2.518,1.963
2.518,2.863
2.38,1.726
2.451,2.058
2.252,3.042
2.366,0.622
2.149,0.416
1.492,0.249
1.609,0.208
1.406,0.303
0.947,-0.03
0.975,-0.101
0.712,0.051
0.792,0.248
0.68,0.211
-0.002,0.04
0.064,0.292
0.09,0.174
-0.247,0.181
-0.409,-0.058
-1.216,0.081
-1.211,-0.128
-1.474,0.098
-1.48,0.077
2.679,-0.016
2.194,0.153
2.139,4.398
1.964,4.629
1.165,4.684
0.857,4.461
0.198,4.364
-0.002,4.322
-1.006,4.45
-1.024,4.358
-1.141,4.366
-1.566,4.493
-1.969,4.362
-2.643,4.537
-3.1,4.391
2.921,4.375
1.25,2.404
0.866,2.405
0.021,1.78
-2.045,2.405
-2.227,3.021
-2.947,3.771
3.067,3.984
2.475,0.871
-1.769,2.714
-2.456,3.077
2.945,3.009
2.928,3.893
2.932,3.327
2.868,3.894
2.877,2.327
2.849,3.734
2.765,3.119
2.727,3.152
2.647,2.47
2.615,3.692
2.691,3.801
2.559,2.894
2.467,2.461
0.547,1.51
-0.744,2.639
2.885,1.114
2.459,2.571
2.203,2.628
0.477,0.279
0.359,0.409
-1.086,0.526
-0.073,4.213
0.546,0.34
-0.053,0.164
-0.282,-0.296
-0.286,-0.194
-0.439,0.081
-0.702,0.054
-1.181,-0.205
-1.183,0.058
-1.535,-0.376
-1.564,-0.145
-1.805,-0.12
-2.231,-0.305
-2.398,-0.046
-2.96,-0.024
-3.045,0.044
2.652,0.022
2.676,-0.043
2.232,0.147
1.981,4.143
1.737,4.355
1.494,4.127
0.658,4.314
0.393,4.275
0.196,4.255
0.124,4.183
0.002,4.417
-0.21,4.461
-0.374,4.246
-0.406,4.147
-0.753,4.468
-2.691,4.396
-2.642,4.238
-2.812,4.446
-2.84,4.442
-2.919,4.42
-3.116,4.103
2.632,4.407
2.389,4.517
2.249,4.189
0.335,0.333
-0.221,3.848
-0.551,0.561
-0.997,4.007
-2.877,3.737
-2.873,1.638
-2.922,3.89
2.651,0.461
2.409,3.397
2.491,3.125
1.477,-0.034
-1.837,-0.329
2.768,-0.262
0.484,4.126
-3.139,4.402
1.929,0.407
1.897,1.847
1.857,3.674
1.739,1.423
1.885,0.353
1.73,2.145
1.636,1.719
1.625,3.577
1.441,0.168
1.384,1.8
1.46,2.698
1.442,3.862
1.198,2.74
1.034,2.798
1.151,0.122
1.143,1.493
1.145,1.491
1.1,0.906
1.13,3.967
1.035,0.471
0.881,2.146
0.845,1.456
0.823,1.676
0.885,0.406
0.732,1.87
0.808,2.504
0.794,1.529
0.662,1.934
0.542,2.871
0.283,1.09
0.43,1.79
0.218,3.843
0.191,0.304
0.156,3.652
0.208,2.577
0.046,1.857
0.042,0.185
0.151,2.863
0.018,3.185
-0.012,2.326
-0.013,1.877
-0.042,1.108
0.053,1.243
0.065,3.917
-0.058,1.591
0.02,0.801
-0.111,3.754
-0.126,2.462
-0.172,0.799
-0.154,0.29
-0.354,0.252
-0.412,0.366
-0.414,3.446
-0.308,3.906
-0.385,2.141
-0.402,2.228
-0.481,2.01
-0.455,0.306
-0.626,1.579
-0.666,3.782
-0.805,0.458
-0.784,2.914
-0.826,3.859
-0.698,0.839
-0.999,1.172
-0.863,0.193
-1.0,0.196
-0.994,2.82
-1.062,2.173
-1.065,1.126
-1.308,1.121
-1.154,3.856
-1.324,2.985
-1.335,4.042
-1.204,0.448
-1.363,1.641
-1.391,0.466
-1.576,3.643
-1.583,1.253
-1.562,2.257
-1.539,2.865
-1.542,2.532
-1.705,2.245
-1.615,2.1
-1.74,1.245
-1.723,2.894
-1.939,3.54
-2.013,4.048
-1.955,3.823
-2.096,0.611
-2.052,3.567
-2.231,0.386
-2.398,2.498
-2.473,3.178
-2.486,0.232
-2.454,0.346
-2.453,4.07
-2.511,2.237
-2.678,2.765
-2.708,0.284
-2.842,1.377
-3.031,1.965
-3.005,0.058
-3.065,0.058
-2.959,2.612
-2.992,2.046
-2.977,2.737
2.762,1.025
2.754,1.25
2.607,2.246
2.631,1.08
2.513,1.166
2.605,2.831
2.453,2.111
2.564,1.772
2.564,2.672
2.426,1.535
2.497,1.867
2.298,2.851
2.412,0.431
2.195,0.225
1.538,0.058
1.655,0.017
1.452,0.112
0.993,-0.221
1.021,-0.292
0.758,-0.14
0.838,0.057
0.726,0.02
0.044,-0.151
0.11,0.101
0.136,-0.017
-0.201,-0.01
-0.363,-0.249
-1.17,-0.11
-1.165,-0.319
-1.428,-0.093
-1.434,-0.114
2.725,-0.207
2.24,-0.038
2.185,4.207
2.01,4.438
1.211,4.493
0.903,4.27
0.244,4.173
0.044,4.131
-0.96,4.259
-0.978,4.167
-1.095,4.175
-1.52,4.302
-1.923,4.171
-2.597,4.346
-3.054,4.2
2.967,4.184
1.296,2.213
0.912,2.214
0.067,1.589
-1.999,2.214
-2.181,2.83
-2.901,3.58
3.113,3.793
2.521,0.68
-1.723,2.523
-2.41,2.886
2.991,2.818
2.974,3.702
2.978,3.136
2.914,3.703
2.923,2.136
2.895,3.543
2.811,2.928
2.773,2.961
2.693,2.279
2.661,3.501
2.737,3.61
2.605,2.703
2.513,2.27
0.593,1.319
-0.698,2.448
2.931,0.923
2.505,2.38
2.249,2.437
0.523,0.088
0.405,0.218
-1.04,0.335
-0.027,4.022
0.592,0.149
-0.007,-0.027
-0.004,0.102
-0.157,0.377
-0.42,0.35
-0.899,0.091
-0.901,0.354
-1.253,-0.08
-1.282,0.151
-1.523,0.176
-1.949,-0.009
-2.116,0.25
-2.678,0.272
-2.763,0.34
2.934,0.318
2.958,0.253
2.514,0.443
2.263,4.439
2.019,4.651
1.776,4.423
0.94,4.61
0.675,4.571
0.478,4.551
0.406,4.479
0.284,4.713
0.072,4.757
-0.092,4.542
-0.124,4.443
-0.471,4.764
-2.409,4.692
-2.36,4.534
-2.53,4.742
-2.558,4.738
-2.637,4.716
-2.834,4.399
2.914,4.703
2.671,4.813
2.531,4.485
0.617,0.629
0.061,4.144
-0.269,0.857
-0.715,4.303
-2.595,4.033
-2.591,1.934
-2.64,4.186
2.933,0.757
2.691,3.693
2.773,3.421
1.759,0.262
-1.555,-0.033
3.05,0.034
0.766,4.422
-2.857,4.698
2.211,0.703
2.179,2.143
2.139,3.97
2.021,1.719
2.167,0.649
2.012,2.441
1.918,2.015
1.907,3.873
1.723,0.464
1.666,2.096
1.742,2.994
1.724,4.158
1.48,3.036
1.316,3.094
1.433,0.418
1.425,1.789
1.427,1.787
1.382,1.202
1.412,4.263
1.317,0.767
1.163,2.442
1.127,1.752
1.105,1.972
1.167,0.702
1.014,2.166
1.09,2.8
1.076,1.825
0.944,2.23
0.824,3.167
0.565,1.386
0.712,2.086
0.5,4.139
0.473,0.6
0.438,3.948
0.49,2.873
0.328,2.153
0.324,0.481
0.433,3.159
0.3,3.481
0.27,2.622
0.269,2.173
0.24,1.404
0.335,1.539
0.347,4.213
0.224,1.887
0.302,1.097
0.171,4.05
0.156,2.758
0.11,1.095
0.128,0.586
-0.072,0.548
-0.13,0.662
-0.132,3.742
-0.026,4.202
-0.103,2.437
-0.12,2.524
-0.199,2.306
-0.173,0.602
-0.344,1.875
-0.384,4.078
-0.523,0.754
-0.502,3.21
-0.544,4.155
-0.416,1.135
-0.717,1.468
-0.581,0.489
-0.718,0.492
-0.712,3.116
-0.78,2.469
-0.783,1.422
-1.026,1.417
-0.872,4.152
-1.042,3.281
-1.053,4.338
-0.922,0.744
-1.081,1.937
-1.109,0.762
-1.294,3.939
-1.301,1.549
-1.28,2.553
-1.257,3.161
-1.26,2.828
-1.423,2.541
-1.333,2.396
-1.458,1.541
-1.441,3.19
-1.657,3.836
-1.731,4.344
-1.673,4.119
-1.814,0.907
-1.77,3.863
-1.949,0.682
-2.116,2.794
-2.191,3.474
-2.204,0.528
-2.172,0.642
-2.171,4.366
-2.229,2.533
-2.396,3.061
-2.426,0.58
-2.56,1.673
-2.749,2.261
-2.723,0.354
-2.783,0.354
-2.677,2.908
-2.71,2.342
-2.695,3.033
3.044,1.321
3.036,1.546
2.889,2.542
2.913,1.376
2.795,1.462
2.887,3.127
2.735,2.407
2.846,2.068
2.846,2.968
2.708,1.831
2.779,2.163
2.58,3.147
2.694,0.727
2.477,0.521
1.82,0.354
1.937,0.313
1.734,0.408
1.275,0.075
1.303,0.004
1.04,0.156
1.12,0.353
1.008,0.316
0.326,0.145
0.392,0.397
0.418,0.279
0.081,0.286
-0.081,0.047
-0.888,0.186
-0.883,-0.023
-1.146,0.203
-1.152,0.182
3.007,0.089
2.522,0.258
2.467,4.503
2.292,4.734
1.493,4.789
1.185,4.566
0.526,4.469
0.326,4.427
-0.678,4.555
-0.696,4.463
-0.813,4.471
-1.238,4.598
-1.641,4.467
-2.315,4.642
-2.772,4.496
-3.034,4.48
1.578,2.509
1.194,2.51
0.349,1.885
-1.717,2.51
-1.899,3.126
-2.619,3.876
-2.888,4.089
2.803,0.976
-1.441,2.819
-2.128,3.182
-3.01,3.114
-3.027,3.998
-3.023,3.432
-3.087,3.999
-3.078,2.432
-3.106,3.839
3.093,3.224
3.055,3.257
2.975,2.575
2.943,3.797
3.019,3.906
2.887,2.999
2.795,2.566
0.875,1.615
-0.416,2.744
-3.07,1.219
2.787,2.676
2.531,2.733
0.805,0.384
0.687,0.514
-0.758,0.631
0.255,4.318
0.874,0.445
0.275,0.269
-0.153,0.275
-0.416,0.248
-0.895,-0.011
-0.897,0.252
-1.249,-0.182
-1.278,0.049
-1.519,0.074
-1.945,-0.111
-2.112,0.148
-2.674,0.17
-2.759,0.238
2.938,0.216
2.962,0.151
2.518,0.341
2.267,4.337
2.023,4.549
1.78,4.321
0.944,4.508
0.679,4.469
0.482,4.449
0.41,4.377
0.288,4.611
0.076,4.655
-0.088,4.44
-0.12,4.341
-0.467,4.662
-2.405,4.59
-2.356,4.432
-2.526,4.64
-2.554,4.636
-2.633,4.614
-2.83,4.297
2.918,4.601
2.675,4.711
2.535,4.383
0.621,0.527
0.065,4.042
-0.265,0.755
-0.711,4.201
-2.591,3.931
-2.587,1.832
-2.636,4.084
2.937,0.655
2.695,3.591
2.777,3.319
1.763,0.16
-1.551,-0.135
3.054,-0.068
0.77,4.32
-2.853,4.596
2.215,0.601
2.183,2.041
2.143,3.868
2.025,1.617
2.171,0.547
2.016,2.339
1.922,1.913
1.911,3.771
1.727,0.362
1.67,1.994
1.746,2.892
1.728,4.056
1.484,2.934
1.32,2.992
1.437,0.316
1.429,1.687
1.431,1.685
1.386,1.1
1.416,4.161
1.321,0.665
1.167,2.34
1.131,1.65
1.109,1.87
1.171,0.6
1.018,2.064
1.094,2.698
1.08,1.723
0.948,2.128
0.828,3.065
0.569,1.284
0.716,1.984
0.504,4.037
0.477,0.498
0.442,3.846
0.494,2.771
0.332,2.051
0.328,0.379
0.437,3.057
0.304,3.379
0.274,2.52
0.273,2.071
0.244,1.302
0.339,1.437
0.351,4.111
0.228,1.785
0.306,0.995
0.175,3.948
0.16,2.656
0.114,0.993
0.132,0.484
-0.068,0.446
-0.126,0.56
-0.128,3.64
-0.022,4.1
-0.099,2.335
-0.116,2.422
-0.195,2.204
-0.169,0.5
-0.34,1.773
-0.38,3.976
-0.519,0.652
-0.498,3.108
-0.54,4.053
-0.412,1.033
-0.713,1.366
-0.577,0.387
-0.714,0.39
-0.708,3.014
-0.776,2.367
-0.779,1.32
-1.022,1.315
-0.868,4.05
-1.038,3.179
-1.049,4.236
-0.918,0.642
-1.077,1.835
-1.105,0.66
-1.29,3.837
-1.297,1.447
-1.276,2.451
-1.253,3.059
-1.256,2.726
-1.419,2.439
-1.329,2.294
-1.454,1.439
-1.437,3.088
-1.653,3.734
-1.727,4.242
-1.669,4.017
-1.81,0.805
-1.766,3.761
-1.945,0.58
-2.112,2.692
-2.187,3.372
-2.2,0.426
-2.168,0.54
-2.167,4.264
-2.225,2.431
-2.392,2.959
-2.422,0.478
-2.556,1.571
-2.745,2.159
-2.719,0.252
-2.779,0.252
-2.673,2.806
-2.706,2.24
-2.691,2.931
3.048,1.219
3.04,1.444
2.893,2.44
2.917,1.274
2.799,1.36
2.891,3.025
2.739,2.305
2.85,1.966
2.85,2.866
2.712,1.729
2.783,2.061
2.584,3.045
2.698,0.625
2.481,0.419
1.824,0.252
1.941,0.211
1.738,0.306
1.279,-0.027
1.307,-0.098
1.044,0.054
1.124,0.251
1.012,0.214
0.33,0.043
0.396,0.295
0.422,0.177
0.085,0.184
-0.077,-0.055
-0.884,0.084
-0.879,-0.125
-1.142,0.101
-1.148,0.08
3.011,-0.013
2.526,0.156
2.471,4.401
2.296,4.632
1.497,4.687
1.189,4.464
0.53,4.367
0.33,4.325
-0.674,4.453
-0.692,4.361
-0.809,4.369
-1.234,4.496
-1.637,4.365
-2.311,4.54
-2.768,4.394
-3.03,4.378
1.582,2.407
1.198,2.408
0.353,1.783
-1.713,2.408
-1.895,3.024
-2.615,3.774
-2.884,3.987
2.807,0.874
-1.437,2.717
-2.124,3.08
-3.006,3.012
-3.023,3.896
-3.019,3.33
-3.083,3.897
-3.074,2.33
-3.102,3.737
3.097,3.122
3.059,3.155
2.979,2.473
2.947,3.695
3.023,3.804
2.891,2.897
2.799,2.464
0.879,1.513
-0.412,2.642
-3.066,1.117
2.791,2.574
2.535,2.631
0.809,0.282
0.691,0.412
-0.754,0.529
0.259,4.216
0.878,0.343
0.279,0.167
-0.263,-0.027
-0.742,-0.286
-0.744,-0.023
-1.096,-0.457
-1.125,-0.226
-1.366,-0.201
-1.792,-0.386
-1.959,-0.127
-2.521,-0.105
-2.606,-0.037
3.091,-0.059
3.115,-0.124
2.671,0.066
2.42,4.062
2.176,4.274
1.933,4.046
1.097,4.233
0.832,4.194
0.635,4.174
0.563,4.102
0.441,4.336
0.229,4.38
0.065,4.165
0.033,4.066
-0.314,4.387
-2.252,4.315
-2.203,4.157
-2.373,4.365
-2.401,4.361
-2.48,4.339
-2.677,4.022
3.071,4.326
2.828,4.436
2.688,4.108
0.774,0.252
0.218,3.767
-0.112,0.48
-0.558,3.926
-2.438,3.656
-2.434,1.557
-2.483,3.809
3.09,0.38
2.848,3.316
2.93,3.044
1.916,-0.115
-1.398,-0.41
-3.076,-0.343
0.923,4.045
-2.7,4.321
2.368,0.326
2.336,1.766
2.296,3.593
2.178,1.342
2.324,0.272
2.169,2.064
2.075,1.638
2.064,3.496
1.88,0.087
1.823,1.719
1.899,2.617
1.881,3.781
1.637,2.659
1.473,2.717
1.59,0.041
1.582,1.412
1.584,1.41
1.539,0.825
1.569,3.886
1.474,0.39
1.32,2.065
1.284,1.375
1.262,1.595
1.324,0.325
1.171,1.789
1.247,2.423
1.233,1.448
1.101,1.853
0.981,2.79
0.722,1.009
0.869,1.709
0.657,3.762
0.63,0.223
0.595,3.571
0.647,2.496
0.485,1.776
0.481,0.104
0.59,2.782
0.457,3.104
0.427,2.245
0.426,1.796
0.397,1.027
0.492,1.162
0.504,3.836
0.381,1.51
0.459,0.72
0.328,3.673
0.313,2.381
0.267,0.718
0.285,0.209
0.085,0.171
0.027,0.285
0.025,3.365
0.131,3.825
0.054,2.06
0.037,2.147
-0.042,1.929
-0.016,0.225
-0.187,1.498
-0.227,3.701
-0.366,0.377
-0.345,2.833
-0.387,3.778
-0.259,0.758
-0.56,1.091
-0.424,0.112
-0.561,0.115
-0.555,2.739
-0.623,2.092
-0.626,1.045
-0.869,1.04
-0.715,3.775
-0.885,2.904
-0.896,3.961
-0.765,0.367
-0.924,1.56
-0.952,0.385
-1.137,3.562
-1.144,1.172
-1.123,2.176
-1.1,2.784
-1.103,2.451
-1.266,2.164
-1.176,2.019
-1.301,1.164
-1.284,2.813
-1.5,3.459
-1.574,3.967
-1.516,3.742
-1.657,0.53
-1.613,3.486
-1.792,0.305
-1.959,2.417
-2.034,3.097
-2.047,0.151
-2.015,0.265
-2.014,3.989
-2.072,2.156
-2.239,2.684
-2.269,0.203
-2.403,1.296
-2.592,1.884
-2.566,-0.023
-2.626,-0.023
-2.52,2.531
-2.553,1.965
-2.538,2.656
-3.082,0.944
-3.09,1.169
3.046,2.165
3.07,0.999
2.952,1.085
3.044,2.75
2.892,2.03
3.003,1.691
3.003,2.591
2.865,1.454
2.936,1.786
2.737,2.77
2.851,0.35
2.634,0.144
1.977,-0.023
2.094,-0.064
1.891,0.031
1.432,-0.302
1.46,-0.373
1.197,-0.221
1.277,-0.024
1.165,-0.061
0.483,-0.232
0.549,0.02
0.575,-0.098
0.238,-0.091
0.076,-0.33
-0.731,-0.191
-0.726,-0.4
-0.989,-0.174
-0.995,-0.195
-3.119,-0.288
2.679,-0.119
2.624,4.126
2.449,4.357
1.65,4.412
1.342,4.189
0.683,4.092
0.483,4.05
-0.521,4.178
-0.539,4.086
-0.656,4.094
-1.081,4.221
-1.484,4.09
-2.158,4.265
-2.615,4.119
-2.877,4.103
1.735,2.132
1.351,2.133
0.506,1.508
-1.56,2.133
-1.742,2.749
-2.462,3.499
-2.731,3.712
2.96,0.599
-1.284,2.442
-1.971,2.805
-2.853,2.737
-2.87,3.621
-2.866,3.055
-2.93,3.622
-2.921,2.055
-2.949,3.462
-3.033,2.847
-3.071,2.88
3.132,2.198
3.1,3.42
-3.107,3.529
3.044,2.622
2.952,2.189
1.032,1.238
-0.259,2.367
-2.913,0.842
2.944,2.299
2.688,2.356
0.962,0.007
0.844,0.137
-0.601,0.254
0.412,3.941
1.031,0.068
0.432,-0.108
-0.479,-0.259
-0.481,0.004
-0.833,-0.43
-0.862,-0.199
-1.103,-0.174
-1.529,-0.359
-1.696,-0.1
-2.258,-0.078
-2.343,-0.01
-2.929,-0.032
-2.905,-0.097
2.934,0.093
2.683,4.089
2.439,4.301
2.196,4.073
1.36,4.26
1.095,4.221
0.898,4.201
0.826,4.129
0.704,4.363
0.492,4.407
0.328,4.192
0.296,4.093
-0.051,4.414
-1.989,4.342
-1.94,4.184
-2.11,4.392
-2.138,4.388
-2.217,4.366
-2.414,4.049
-2.949,4.353
3.091,4.463
2.951,4.135
1.037,0.279
0.481,3.794
0.151,0.507
-0.295,3.953
-2.175,3.683
-2.171,1.584
-2.22,3.836
-2.93,0.407
3.111,3.343
-3.09,3.071
2.179,-0.088
-1.135,-0.383
-2.813,-0.316
1.186,4.072
-2.437,4.348
2.631,0.353
2.599,1.793
2.559,3.62
2.441,1.369
2.587,0.299
2.432,2.091
2.338,1.665
2.327,3.523
2.143,0.114
2.086,1.746
2.162,2.644
2.144,3.808
1.9,2.686
1.736,2.744
1.853,0.068
1.845,1.439
1.847,1.437
1.802,0.852
1.832,3.913
1.737,0.417
1.583,2.092
1.547,1.402
1.525,1.622
1.587,0.352
1.434,1.816
1.51,2.45
1.496,1.475
1.364,1.88
1.244,2.817
0.985,1.036
1.132,1.736
0.92,3.789
0.893,0.25
0.858,3.598
0.91,2.523
0.748,1.803
0.744,0.131
0.853,2.809
0.72,3.131
0.69,2.272
0.689,1.823
0.66,1.054
0.755,1.189
0.767,3.863
0.644,1.537
0.722,0.747
0.591,3.7
0.576,2.408
0.53,0.745
0.548,0.236
0.348,0.198
0.29,0.312
0.288,3.392
0.394,3.852
0.317,2.087
0.3,2.174
0.221,1.956
0.247,0.252
0.076,1.525
0.036,3.728
-0.103,0.404
-0.082,2.86
-0.124,3.805
0.004,0.785
-0.297,1.118
-0.161,0.139
-0.298,0.142
-0.292,2.766
-0.36,2.119
-0.363,1.072
-0.606,1.067
-0.452,3.802
-0.622,2.931
-0.633,3.988
-0.502,0.394
-0.661,1.587
-0.689,0.412
-0.874,3.589
-0.881,1.199
-0.86,2.203
-0.837,2.811
-0.84,2.478
-1.003,2.191
-0.913,2.046
-1.038,1.191
-1.021,2.84
-1.237,3.486
-1.311,3.994
-1.253,3.769
-1.394,0.557
-1.35,3.513
-1.529,0.332
-1.696,2.444
-1.771,3.124
-1.784,0.178
-1.752,0.292
-1.751,4.016
-1.809,2.183
-1.976,2.711
-2.006,0.23
-2.14,1.323
-2.329,1.911
-2.303,0.004
-2.363,0.004
-2.257,2.558
-2.29,1.992
-2.275,2.683
-2.819,0.971
-2.827,1.196
-2.974,2.192
-2.95,1.026
-3.068,1.112
-2.976,2.777
-3.128,2.057
-3.017,1.718
-3.017,2.618
3.128,1.481
-3.084,1.813
3.0,2.797
3.114,0.377
2.897,0.171
2.24,0.004
2.357,-0.037
2.154,0.058
1.695,-0.275
1.723,-0.346
1.46,-0.194
1.54,0.003
1.428,-0.034
0.746,-0.205
0.812,0.047
0.838,-0.071
0.501,-0.064
0.339,-0.303
-0.468,-0.164
-0.463,-0.373
-0.726,-0.147
-0.732,-0.168
-2.856,-0.261
2.942,-0.092
2.887,4.153
2.712,4.384
1.913,4.439
1.605,4.216
0.946,4.119
0.746,4.077
-0.258,4.205
-0.276,4.113
-0.393,4.121
-0.818,4.248
-1.221,4.117
-1.895,4.292
-2.352,4.146
-2.614,4.13
1.998,2.159
1.614,2.16
0.769,1.535
-1.297,2.16
-1.479,2.776
-2.199,3.526
-2.468,3.739
-3.06,0.626
-1.021,2.469
-1.708,2.832
-2.59,2.764
-2.607,3.648
-2.603,3.082
-2.667,3.649
-2.658,2.082
-2.686,3.489
-2.77,2.874
-2.808,2.907
-2.888,2.225
-2.92,3.447
-2.844,3.556
-2.976,2.649
-3.068,2.216
1.295,1.265
0.004,2.394
-2.65,0.869
-3.076,2.326
2.951,2.383
1.225,0.034
1.107,0.164
-0.338,0.281
0.675,3.968
1.294,0.095
0.695,-0.081
-0.002,0.263
-0.354,-0.171
-0.383,0.06
-0.624,0.085
-1.05,-0.1
-1.217,0.159
-1.779,0.181
-1.864,0.249
-2.45,0.227
-2.426,0.162
-2.87,0.352
-3.121,4.348
2.918,4.56
2.675,4.332
1.839,4.519
1.574,4.48
1.377,4.46
1.305,4.388
1.183,4.622
0.971,4.666
0.807,4.451
0.775,4.352
0.428,4.673
-1.51,4.601
-1.461,4.443
-1.631,4.651
-1.659,4.647
-1.738,4.625
-1.935,4.308
-2.47,4.612
-2.713,4.722
-2.853,4.394
1.516,0.538
0.96,4.053
0.63,0.766
0.184,4.212
-1.696,3.942
-1.692,1.843
-1.741,4.095
-2.451,0.666
-2.693,3.602
-2.611,3.33
2.658,0.171
-0.656,-0.124
-2.334,-0.057
1.665,4.331
-1.958,4.607
3.11,0.612
3.078,2.052
3.038,3.879
2.92,1.628
3.066,0.558
2.911,2.35
2.817,1.924
2.806,3.782
2.622,0.373
2.565,2.005
2.641,2.903
2.623,4.067
2.379,2.945
2.215,3.003
2.332,0.327
2.324,1.698
2.326,1.696
2.281,1.111
2.311,4.172
2.216,0.676
2.062,2.351
2.026,1.661
2.004,1.881
2.066,0.611
1.913,2.075
1.989,2.709
1.975,1.734
1.843,2.139
1.723,3.076
1.464,1.295
1.611,1.995
1.399,4.048
1.372,0.509
1.337,3.857
1.389,2.782
1.227,2.062
1.223,0.39
1.332,3.068
1.199,3.39
1.169,2.531
1.168,2.082
1.139,1.313
1.234,1.448
1.246,4.122
1.123,1.796
1.201,1.006
1.07,3.959
1.055,2.667
1.009,1.004
1.027,0.495
0.827,0.457
0.769,0.571
0.767,3.651
0.873,4.111
0.796,2.346
0.779,2.433
0.7,2.215
0.726,0.511
0.555,1.784
0.515,3.987
0.376,0.663
0.397,3.119
0.355,4.064
0.483,1.044
0.182,1.377
0.318,0.398
0.181,0.401
0.187,3.025
0.119,2.378
0.116,1.331
-0.127,1.326
0.027,4.061
-0.143,3.19
-0.154,4.247
-0.023,0.653
-0.182,1.846
-0.21,0.671
-0.395,3.848
-0.402,1.458
-0.381,2.462
-0.358,3.07
-0.361,2.737
-0.524,2.45
-0.434,2.305
-0.559,1.45
-0.542,3.099
-0.758,3.745
-0.832,4.253
-0.774,4.028
-0.915,0.816
-0.871,3.772
-1.05,0.591
-1.217,2.703
-1.292,3.383
-1.305,0.437
-1.273,0.551
-1.272,4.275
-1.33,2.442
-1.497,2.97
-1.527,0.489
-1.661,1.582
-1.85,2.17
-1.824,0.263
-1.884,0.263
-1.778,2.817
-1.811,2.251
-1.796,2.942
-2.34,1.23
-2.348,1.455
-2.495,2.451
-2.471,1.285
-2.589,1.371
-2.497,3.036
-2.649,2.316
-2.538,1.977
-2.538,2.877
-2.676,1.74
-2.605,2.072
-2.804,3.056
-2.69,0.636
-2.907,0.43
2.719,0.263
2.836,0.222
2.633,0.317
2.174,-0.016
2.202,-0.087
1.939,0.065
2.019,0.262
1.907,0.225
1.225,0.054
1.291,0.306
1.317,0.188
0.98,0.195
0.818,-0.044
0.011,0.095
0.016,-0.114
-0.247,0.112
-0.253,0.091
-2.377,-0.002
-2.862,0.167
-2.917,4.412
-3.092,4.643
2.392,4.698
2.084,4.475
1.425,4.378
1.225,4.336
0.221,4.464
0.203,4.372
0.086,4.38
-0.339,4.507
-0.742,4.376
-1.416,4.551
-1.873,4.405
-2.135,4.389
2.477,2.418
2.093,2.419
1.248,1.794
-0.818,2.419
-1.0,3.035
-1.72,3.785
-1.989,3.998
-2.581,0.885
-0.542,2.728
-1.229,3.091
-2.111,3.023
-2.128,3.907
-2.124,3.341
-2.188,3.908
-2.179,2.341
-2.207,3.748
-2.291,3.133
-2.329,3.166
-2.409,2.484
-2.441,3.706
-2.365,3.815
-2.497,2.908
-2.589,2.475
1.774,1.524
0.483,2.653
-2.171,1.128
-2.597,2.585
-2.853,2.642
1.704,0.293
1.586,0.423
0.141,0.54
1.154,4.227
1.773,0.354
1.174,0.178
-0.352,-0.434
-0.381,-0.203
-0.622,-0.178
-1.048,-0.363
-1.215,-0.104
-1.777,-0.082
-1.862,-0.014
-2.448,-0.036
-2.424,-0.101
-2.868,0.089
-3.119,4.085
2.92,4.297
2.677,4.069
1.841,4.256
1.576,4.217
1.379,4.197
1.307,4.125
1.185,4.359
0.973,4.403
0.809,4.188
0.777,4.089
0.43,4.41
-1.508,4.338
-1.459,4.18
-1.629,4.388
-1.657,4.384
-1.736,4.362
-1.933,4.045
-2.468,4.349
-2.711,4.459
-2.851,4.131
1.518,0.275
0.962,3.79
0.632,0.503
0.186,3.949
-1.694,3.679
-1.69,1.58
-1.739,3.832
-2.449,0.403
-2.691,3.339
-2.609,3.067
2.66,-0.092
-0.654,-0.387
-2.332,-0.32
1.667,4.068
-1.956,4.344
3.112,0.349
3.08,1.789
3.04,3.616
2.922,1.365
3.068,0.295
2.913,2.087
2.819,1.661
2.808,3.519
2.624,0.11
2.567,1.742
2.643,2.64
2.625,3.804
2.381,2.682
2.217,2.74
2.334,0.064
2.326,1.435
2.328,1.433
2.283,0.848
2.313,3.909
2.218,0.413
2.064,2.088
2.028,1.398
2.006,1.618
2.068,0.348
1.915,1.812
1.991,2.446
1.977,1.471
1.845,1.876
1.725,2.813
1.466,1.032
1.613,1.732
1.401,3.785
1.374,0.246
1.339,3.594
1.391,2.519
1.229,1.799
1.225,0.127
1.334,2.805
1.201,3.127
1.171,2.268
1.17,1.819
1.141,1.05
1.236,1.185
1.248,3.859
1.125,1.533
1.203,0.743
1.072,3.696
1.057,2.404
1.011,0.741
1.029,0.232
0.829,0.194
0.771,0.308
0.769,3.388
0.875,3.848
0.798,2.083
0.781,2.17
0.702,1.952
0.728,0.248
0.557,1.521
0.517,3.724
0.378,0.4
0.399,2.856
0.357,3.801
0.485,0.781
0.184,1.114
0.32,0.135
0.183,0.138
0.189,2.762
0.121,2.115
0.118,1.068
-0.125,1.063
0.029,3.798
-0.141,2.927
-0.152,3.984
-0.021,0.39
-0.18,1.583
-0.208,0.408
-0.393,3.585
-0.4,1.195
-0.379,2.199
-0.356,2.807
-0.359,2.474
-0.522,2.187
-0.432,2.042
-0.557,1.187
-0.54,2.836
-0.756,3.482
-0.83,3.99
-0.772,3.765
-0.913,0.553
-0.869,3.509
-1.048,0.328
-1.215,2.44
-1.29,3.12
-1.303,0.174
-1.271,0.288
-1.27,4.012
-1.328,2.179
-1.495,2.707
-1.525,0.226
-1.659,1.319
-1.848,1.907
-1.822,0.0
-1.882,0.0
-1.776,2.554
-1.809,1.988
-1.794,2.679
-2.338,0.967
-2.346,1.192
-2.493,2.188
-2.469,1.022
-2.587,1.108
-2.495,2.773
-2.647,2.053
-2.536,1.714
-2.536,2.614
-2.674,1.477
-2.603,1.809
-2.802,2.793
-2.688,0.373
-2.905,0.167
2.721,0.0
2.838,-0.041
2.635,0.054
2.176,-0.279
2.204,-0.35
1.941,-0.198
2.021,-0.001
1.909,-0.038
1.227,-0.209
1.293,0.043
1.319,-0.075
0.982,-0.068
0.82,-0.307
0.013,-0.168
0.018,-0.377
-0.245,-0.151
-0.251,-0.172
-2.375,-0.265
-2.86,-0.096
-2.915,4.149
-3.09,4.38
2.394,4.435
2.086,4.212
1.427,4.115
1.227,4.073
0.223,4.201
0.205,4.109
0.088,4.117
-0.337,4.244
-0.74,4.113
-1.414,4.288
-1.871,4.142
-2.133,4.126
2.479,2.155
2.095,2.156
1.25,1.531
-0.816,2.156
-0.998,2.772
-1.718,3.522
-1.987,3.735
-2.579,0.622
-0.54,2.465
-1.227,2.828
-2.109,2.76
-2.126,3.644
-2.122,3.078
-2.186,3.645
-2.177,2.078
-2.205,3.485
-2.289,2.87
-2.327,2.903
-2.407,2.221
-2.439,3.443
-2.363,3.552
-2.495,2.645
-2.587,2.212
1.776,1.261
0.485,2.39
-2.169,0.865
-2.595,2.322
-2.851,2.379
1.706,0.03
1.588,0.16
0.143,0.277
1.156,3.964
1.775,0.091
1.176,-0.085
-0.029,0.231
-0.27,0.256
-0.696,0.071
-0.863,0.33
-1.425,0.352
-1.51,0.42
-2.096,0.398
-2.072,0.333
-2.516,0.523
-2.767,4.519
-3.011,4.731
3.029,4.503
2.193,4.69
1.928,4.651
1.731,4.631
1.659,4.559
1.537,4.793
1.325,4.837
1.161,4.622
1.129,4.523
0.782,4.844
-1.156,4.772
-1.107,4.614
-1.277,4.822
-1.305,4.818
-1.384,4.796
-1.581,4.479
-2.116,4.783
-2.359,4.893
-2.499,4.565
1.87,0.709
1.314,4.224
0.984,0.937
0.538,4.383
-1.342,4.113
-1.338,2.014
-1.387,4.266
-2.097,0.837
-2.339,3.773
-2.257,3.501
3.012,0.342
-0.302,0.047
-1.98,0.114
2.019,4.502
-1.604,4.778
-2.819,0.783
-2.851,2.223
-2.891,4.05
-3.009,1.799
-2.863,0.729
-3.018,2.521
-3.112,2.095
-3.123,3.953
2.976,0.544
2.919,2.176
2.995,3.074
2.977,4.238
2.733,3.116
2.569,3.174
2.686,0.498
2.678,1.869
2.68,1.867
2.635,1.282
2.665,4.343
2.57,0.847
2.416,2.522
2.38,1.832
2.358,2.052
2.42,0.782
2.267,2.246
2.343,2.88
2.329,1.905
2.197,2.31
2.077,3.247
1.818,1.466
1.965,2.166
1.753,4.219
1.726,0.68
1.691,4.028
1.743,2.953
1.581,2.233
1.577,0.561
1.686,3.239
1.553,3.561
1.523,2.702
1.522,2.253
1.493,1.484
1.588,1.619
1.6,4.293
1.477,1.967
1.555,1.177
1.424,4.13
1.409,2.838
1.363,1.175
1.381,0.666
1.181,0.628
1.123,0.742
1.121,3.822
1.227,4.282
1.15,2.517
1.133,2.604
1.054,2.386
1.08,0.682
0.909,1.955
0.869,4.158
0.73,0.834
0.751,3.29
0.709,4.235
0.837,1.215
0.536,1.548
0.672,0.569
0.535,0.572
0.541,3.196
0.473,2.549
0.47,1.502
0.227,1.497
0.381,4.232
0.211,3.361
0.2,4.418
0.331,0.824
0.172,2.017
0.144,0.842
-0.041,4.019
-0.048,1.629
-0.027,2.633
-0.004,3.241
-0.007,2.908
-0.17,2.621
-0.08,2.476
-0.205,1.621
-0.188,3.27
-0.404,3.916
-0.478,4.424
-0.42,4.199
-0.561,0.987
-0.517,3.943
-0.696,0.762
-0.863,2.874
-0.938,3.554
-0.951,0.608
-0.919,0.722
-0.918,4.446
-0.976,2.613
-1.143,3.141
-1.173,0.66
-1.307,1.753
-1.496,2.341
-1.47,0.434
-1.53,0.434
-1.424,2.988
-1.457,2.422
-1.442,3.113
-1.986,1.401
-1.994,1.626
-2.141,2.622
-2.117,1.456
-2.235,1.542
-2.143,3.207
-2.295,2.487
-2.184,2.148
-2.184,3.048
-2.322,1.911
-2.251,2.243
-2.45,3.227
-2.336,0.807
-2.553,0.601
3.073,0.434
-3.093,0.393
2.987,0.488
2.528,0.155
2.556,0.084
2.293,0.236
2.373,0.433
2.261,0.396
1.579,0.225
1.645,0.477
1.671,0.359
1.334,0.366
1.172,0.127
0.365,0.266
0.37,0.057
0.107,0.283
0.101,0.262
-2.023,0.169
-2.508,0.338
-2.563,4.583
-2.738,4.814
2.746,4.869
2.438,4.646
1.779,4.549
1.579,4.507
0.575,4.635
0.557,4.543
0.44,4.551
0.015,4.678
-0.388,4.547
-1.062,4.722
-1.519,4.576
-1.781,4.56
2.831,2.589
2.447,2.59
1.602,1.965
-0.464,2.59
-0.646,3.206
-1.366,3.956
-1.635,4.169
-2.227,1.056
-0.188,2.899
-0.875,3.262
-1.757,3.194
-1.774,4.078
-1.77,3.512
-1.834,4.079
-1.825,2.512
-1.853,3.919
-1.937,3.304
-1.975,3.337
-2.055,2.655
-2.087,3.877
-2.011,3.986
-2.143,3.079
-2.235,2.646
2.128,1.695
0.837,2.824
-1.817,1.299
-2.243,2.756
-2.499,2.813
2.058,0.464
1.94,0.594
0.495,0.711
1.508,4.398
2.127,0.525
1.528,0.349
-0.241,0.025
-0.667,-0.16
-0.834,0.099
-1.396,0.121
-1.481,0.189
-2.067,0.167
-2.043,0.102
-2.487,0.292
-2.738,4.288
-2.982,4.5
3.058,4.272
2.222,4.459
1.957,4.42
1.76,4.4
1.688,4.328
1.566,4.562
1.354,4.606
1.19,4.391
1.158,4.292
0.811,4.613
-1.127,4.541
-1.078,4.383
-1.248,4.591
-1.276,4.587
-1.355,4.565
-1.552,4.248
-2.087,4.552
-2.33,4.662
-2.47,4.334
1.899,0.478
1.343,3.993
1.013,0.706
0.567,4.152
-1.313,3.882
-1.309,1.783
-1.358,4.035
-2.068,0.606
-2.31,3.542
-2.228,3.27
3.041,0.111
-0.273,-0.184
-1.951,-0.117
2.048,4.271
-1.575,4.547
-2.79,0.552
-2.822,1.992
-2.862,3.819
-2.98,1.568
-2.834,0.498
-2.989,2.29
-3.083,1.864
-3.094,3.722
3.005,0.313
2.948,1.945
3.024,2.843
3.006,4.007
2.762,2.885
2.598,2.943
2.715,0.267
2.707,1.638
2.709,1.636
2.664,1.051
2.694,4.112
2.599,0.616
2.445,2.291
2.409,1.601
2.387,1.821
2.449,0.551
2.296,2.015
2.372,2.649
2.358,1.674
2.226,2.079
2.106,3.016
1.847,1.235
1.994,1.935
1.782,3.988
1.755,0.449
1.72,3.797
1.772,2.722
1.61,2.002
1.606,0.33
1.715,3.008
1.582,3.33
1.552,2.471
1.551,2.022
1.522,1.253
1.617,1.388
1.629,4.062
1.506,1.736
1.584,0.946
1.453,3.899
1.438,2.607
1.392,0.944
1.41,0.435
1.21,0.397
1.152,0.511
1.15,3.591
1.256,4.051
1.179,2.286
1.162,2.373
1.083,2.155
1.109,0.451
0.938,1.724
0.898,3.927
0.759,0.603
0.78,3.059
0.738,4.004
0.866,0.984
0.565,1.317
0.701,0.338
0.564,0.341
0.57,2.965
0.502,2.318
0.499,1.271
0.256,1.266
0.41,4.001
0.24,3.13
0.229,4.187
0.36,0.593
0.201,1.786
0.173,0.611
-0.012,3.788
-0.019,1.398
0.002,2.402
0.025,3.01
0.022,2.677
-0.141,2.39
-0.051,2.245
-0.176,1.39
-0.159,3.039
-0.375,3.685
-0.449,4.193
-0.391,3.968
-0.532,0.756
-0.488,3.712
-0.667,0.531
-0.834,2.643
-0.909,3.323
-0.922,0.377
-0.89,0.491
-0.889,4.215
-0.947,2.382
-1.114,2.91
-1.144,0.429
-1.278,1.522
-1.467,2.11
-1.441,0.203
-1.501,0.203
-1.395,2.757
-1.428,2.191
-1.413,2.882
-1.957,1.17
-1.965,1.395
-2.112,2.391
-2.088,1.225
-2.206,1.311
-2.114,2.976
-2.266,2.256
-2.155,1.917
-2.155,2.817
-2.293,1.68
-2.222,2.012
-2.421,2.996
-2.307,0.576
-2.524,0.37
3.102,0.203
-3.064,0.162
3.016,0.257
2.557,-0.076
2.585,-0.147
2.322,0.005
2.402,0.202
2.29,0.165
1.608,-0.006
1.674,0.246
1.7,0.128
1.363,0.135
1.201,-0.104
0.394,0.035
0.399,-0.174
0.136,0.052
0.13,0.031
-1.994,-0.062
-2.479,0.107
-2.534,4.352
-2.709,4.583
2.775,4.638
2.467,4.415
1.808,4.318
1.608,4.276
0.604,4.404
0.586,4.312
0.469,4.32
0.044,4.447
-0.359,4.316
-1.033,4.491
-1.49,4.345
-1.752,4.329
2.86,2.358
2.476,2.359
1.631,1.734
-0.435,2.359
-0.617,2.975
-1.337,3.725
-1.606,3.938
-2.198,0.825
-0.159,2.668
-0.846,3.031
-1.728,2.963
-1.745,3.847
-1.741,3.281
-1.805,3.848
-1.796,2.281
-1.824,3.688
-1.908,3.073
-1.946,3.106
-2.026,2.424
-2.058,3.646
-1.982,3.755
-2.114,2.848
-2.206,2.415
2.157,1.464
0.866,2.593
-1.788,1.068
-2.214,2.525
-2.47,2.582
2.087,0.233
1.969,0.363
0.524,0.48
1.537,4.167
2.156,0.294
1.557,0.118
-0.426,-0.185
-0.593,0.074
-1.155,0.096
-1.24,0.164
-1.826,0.142
-1.802,0.077
-2.246,0.267
-2.497,4.263
-2.741,4.475
-2.984,4.247
2.463,4.434
2.198,4.395
2.001,4.375
1.929,4.303
1.807,4.537
1.595,4.581
1.431,4.366
1.399,4.267
1.052,4.588
-0.886,4.516
-0.837,4.358
-1.007,4.566
-1.035,4.562
-1.114,4.54
-1.311,4.223
-1.846,4.527
-2.089,4.637
-2.229,4.309
2.14,0.453
1.584,3.968
1.254,0.681
0.808,4.127
-1.072,3.857
-1.068,1.758
-1.117,4.01
-1.827,0.581
-2.069,3.517
-1.987,3.245
-3.001,0.086
-0.032,-0.209
-1.71,-0.142
2.289,4.246
-1.334,4.522
-2.549,0.527
-2.581,1.967
-2.621,3.794
-2.739,1.543
-2.593,0.473
-2.748,2.265
-2.842,1.839
-2.853,3.697
-3.037,0.288
-3.094,1.92
-3.018,2.818
-3.036,3.982
3.003,2.86
2.839,2.918
2.956,0.242
2.948,1.613
2.95,1.611
2.905,1.026
2.935,4.087
2.84,0.591
2.686,2.266
2.65,1.576
2.628,1.796
2.69,0.526
2.537,1.99
2.613,2.624
2.599,1.649
2.467,2.054
2.347,2.991
2.088,1.21
2.235,1.91
2.023,3.963
1.996,0.424
1.961,3.772
2.013,2.697
1.851,1.977
1.847,0.305
1.956,2.983
1.823,3.305
1.793,2.446
1.792,1.997
1.763,1.228
1.858,1.363
1.87,4.037
1.747,1.711
1.825,0.921
1.694,3.874
1.679,2.582
1.633,0.919
1.651,0.41
1.451,0.372
1.393,0.486
1.391,3.566
1.497,4.026
1.42,2.261
1.403,2.348
1.324,2.13
1.35,0.426
1.179,1.699
1.139,3.902
1.0,0.578
1.021,3.034
0.979,3.979
1.107,0.959
0.806,1.292
0.942,0.313
0.805,0.316
0.811,2.94
0.743,2.293
0.74,1.246
0.497,1.241
0.651,3.976
0.481,3.105
0.47,4.162
0.601,0.568
0.442,1.761
0.414,0.586
0.229,3.763
0.222,1.373
0.243,2.377
0.266,2.985
0.263,2.652
0.1,2.365
0.19,2.22
0.065,1.365
0.082,3.014
-0.134,3.66
-0.208,4.168
-0.15,3.943
-0.291,0.731
-0.247,3.687
-0.426,0.506
-0.593,2.618
-0.668,3.298
-0.681,0.352
-0.649,0.466
-0.648,4.19
-0.706,2.357
-0.873,2.885
-0.903,0.404
-1.037,1.497
-1.226,2.085
-1.2,0.178
-1.26,0.178
-1.154,2.732
-1.187,2.166
-1.172,2.857
-1.716,1.145
-1.724,1.37
-1.871,2.366
-1.847,1.2
-1.965,1.286
-1.873,2.951
-2.025,2.231
-1.914,1.892
-1.914,2.792
-2.052,1.655
-1.981,1.987
-2.18,2.971
-2.066,0.551
-2.283,0.345
-2.94,0.178
-2.823,0.137
-3.026,0.232
2.798,-0.101
2.826,-0.172
2.563,-0.02
2.643,0.177
2.531,0.14
1.849,-0.031
1.915,0.221
1.941,0.103
1.604,0.11
1.442,-0.129
0.635,0.01
0.64,-0.199
0.377,0.027
0.371,0.006
-1.753,-0.087
-2.238,0.082
-2.293,4.327
-2.468,4.558
3.016,4.613
2.708,4.39
2.049,4.293
1.849,4.251
0.845,4.379
0.827,4.287
0.71,4.295
0.285,4.422
-0.118,4.291
-0.792,4.466
-1.249,4.32
-1.511,4.304
3.101,2.333
2.717,2.334
1.872,1.709
-0.194,2.334
-0.376,2.95
-1.096,3.7
-1.365,3.913
-1.957,0.8
0.082,2.643
-0.605,3.006
-1.487,2.938
-1.504,3.822
-1.5,3.256
-1.564,3.823
-1.555,2.256
-1.583,3.663
-1.667,3.048
-1.705,3.081
-1.785,2.399
-1.817,3.621
-1.741,3.73
-1.873,2.823
-1.965,2.39
2.398,1.439
1.107,2.568
-1.547,1.043
-1.973,2.5
-2.229,2.557
2.328,0.208
2.21,0.338
0.765,0.455
1.778,4.142
2.397,0.269
1.798,0.093
-0.167,0.259
-0.729,0.281
-0.814,0.349
-1.4,0.327
-1.376,0.262
-1.82,0.452
-2.071,4.448
-2.315,4.66
-2.558,4.432
2.889,4.619
2.624,4.58
2.427,4.56
2.355,4.488
2.233,4.722
2.021,4.766
1.857,4.551
1.825,4.452
1.478,4.773
-0.46,4.701
-0.411,4.543
-0.581,4.751
-0.609,4.747
-0.688,4.725
-0.885,4.408
-1.42,4.712
-1.663,4.822
-1.803,4.494
2.566,0.638
2.01,4.153
1.68,0.866
1.234,4.312
-0.646,4.042
-0.642,1.943
-0.691,4.195
-1.401,0.766
-1.643,3.702
-1.561,3.43
-2.575,0.271
0.394,-0.024
-1.284,0.043
2.715,4.431
-0.908,4.707
-2.123,0.712
-2.155,2.152
-2.195,3.979
-2.313,1.728
-2.167,0.658
-2.322,2.45
-2.416,2.024
-2.427,3.882
-2.611,0.473
-2.668,2.105
-2.592,3.003
-2.61,4.167
-2.854,3.045
-3.018,3.103
-2.901,0.427
-2.909,1.798
-2.907,1.796
-2.952,1.211
-2.922,4.272
-3.017,0.776
3.112,2.451
3.076,1.761
3.054,1.981
3.116,0.711
2.963,2.175
3.039,2.809
3.025,1.834
2.893,2.239
2.773,3.176
2.514,1.395
2.661,2.095
2.449,4.148
2.422,0.609
2.387,3.957
2.439,2.882
2.277,2.162
2.273,0.49
2.382,3.168
2.249,3.49
2.219,2.631
2.218,2.182
2.189,1.413
2.284,1.548
2.296,4.222
2.173,1.896
2.251,1.106
2.12,4.059
2.105,2.767
2.059,1.104
2.077,0.595
1.877,0.557
1.819,0.671
1.817,3.751
1.923,4.211
1.846,2.446
1.829,2.533
1.75,2.315
1.776,0.611
1.605,1.884
1.565,4.087
1.426,0.763
1.447,3.219
1.405,4.164
1.533,1.144
1.232,1.477
1.368,0.498
1.231,0.501
1.237,3.125
1.169,2.478
1.166,1.431
0.923,1.426
1.077,4.161
0.907,3.29
0.896,4.347
1.027,0.753
0.868,1.946
0.84,0.771
0.655,3.948
0.648,1.558
0.669,2.562
0.692,3.17
0.689,2.837
0.526,2.55
0.616,2.405
0.491,1.55
0.508,3.199
0.292,3.845
0.218,4.353
0.276,4.128
0.135,0.916
0.179,3.872
0.0,0.691
-0.167,2.803
-0.242,3.483
-0.255,0.537
-0.223,0.651
-0.222,4.375
-0.28,2.542
-0.447,3.07
-0.477,0.589
-0.611,1.682
-0.8,2.27
-0.774,0.363
-0.834,0.363
-0.728,2.917
-0.761,2.351
-0.746,3.042
-1.29,1.33
-1.298,1.555
-1.445,2.551
-1.421,1.385
-1.539,1.471
-1.447,3.136
-1.599,2.416
-1.488,2.077
-1.488,2.977
-1.626,1.84
-1.555,2.172
-1.754,3.156
-1.64,0.736
-1.857,0.53
-2.514,0.363
-2.397,0.322
-2.6,0.417
-3.059,0.084
-3.031,0.013
2.989,0.165
3.069,0.362
2.957,0.325
2.275,0.154
2.341,0.406
2.367,0.288
2.03,0.295
1.868,0.056
1.061,0.195
1.066,-0.014
0.803,0.212
0.797,0.191
-1.327,0.098
-1.812,0.267
-1.867,4.512
-2.042,4.743
-2.841,4.798
3.134,4.575
2.475,4.478
2.275,4.436
1.271,4.564
1.253,4.472
1.136,4.48
0.711,4.607
0.308,4.476
-0.366,4.651
-0.823,4.505
-1.085,4.489
-2.756,2.518
-3.14,2.519
2.298,1.894
0.232,2.519
0.05,3.135
-0.67,3.885
-0.939,4.098
-1.531,0.985
0.508,2.828
-0.179,3.191
-1.061,3.123
-1.078,4.007
-1.074,3.441
-1.138,4.008
-1.129,2.441
-1.157,3.848
-1.241,3.233
-1.279,3.266
-1.359,2.584
-1.391,3.806
-1.315,3.915
-1.447,3.008
-1.539,2.575
2.824,1.624
1.533,2.753
-1.121,1.228
-1.547,2.685
-1.803,2.742
2.754,0.393
2.636,0.523
1.191,0.64
2.204,4.327
2.823,0.454
2.224,0.278
-0.562,0.022
-0.647,0.09
-1.233,0.068
-1.209,0.003
-1.653,0.193
-1.904,4.189
-2.148,4.401
-2.391,4.173
3.056,4.36
2.791,4.321
2.594,4.301
2.522,4.229
2.4,4.463
2.188,4.507
2.024,4.292
1.992,4.193
1.645,4.514
-0.293,4.442
-0.244,4.284
-0.414,4.492
-0.442,4.488
-0.521,4.466
-0.718,4.149
-1.253,4.453
-1.496,4.563
-1.636,4.235
2.733,0.379
2.177,3.894
1.847,0.607
1.401,4.053
-0.479,3.783
-0.475,1.684
-0.524,3.936
-1.234,0.507
-1.476,3.443
-1.394,3.171
-2.408,0.012
0.561,-0.283
-1.117,-0.216
2.882,4.172
-0.741,4.448
-1.956,0.453
-1.988,1.893
-2.028,3.72
-2.146,1.469
-2.0,0.399
-2.155,2.191
-2.249,1.765
-2.26,3.623
-2.444,0.214
-2.501,1.846
-2.425,2.744
-2.443,3.908
-2.687,2.786
-2.851,2.844
-2.734,0.168
-2.742,1.539
-2.74,1.537
-2.785,0.952
-2.755,4.013
-2.85,0.517
-3.004,2.192
-3.04,1.502
-3.062,1.722
-3.0,0.452
3.13,1.916
-3.077,2.55
-3.091,1.575
3.06,1.98
2.94,2.917
2.681,1.136
2.828,1.836
2.616,3.889
2.589,0.35
2.554,3.698
2.606,2.623
2.444,1.903
2.44,0.231
2.549,2.909
2.416,3.231
2.386,2.372
2.385,1.923
2.356,1.154
2.451,1.289
2.463,3.963
2.34,1.637
2.418,0.847
2.287,3.8
2.272,2.508
2.226,0.845
2.244,0.336
2.044,0.298
1.986,0.412
1.984,3.492
2.09,3.952
2.013,2.187
1.996,2.274
1.917,2.056
1.943,0.352
1.772,1.625
1.732,3.828
1.593,0.504
1.614,2.96
1.572,3.905
1.7,0.885
1.399,1.218
1.535,0.239
1.398,0.242
1.404,2.866
1.336,2.219
1.333,1.172
1.09,1.167
1.244,3.902
1.074,3.031
1.063,4.088
1.194,0.494
1.035,1.687
1.007,0.512
0.822,3.689
0.815,1.299
0.836,2.303
0.859,2.911
0.856,2.578
0.693,2.291
0.783,2.146
0.658,1.291
0.675,2.94
0.459,3.586
0.385,4.094
0.443,3.869
0.302,0.657
0.346,3.613
0.167,0.432
0.0,2.544
-0.075,3.224
-0.088,0.278
-0.056,0.392
-0.055,4.116
-0.113,2.283
-0.28,2.811
-0.31,0.33
-0.444,1.423
-0.633,2.011
-0.607,0.104
-0.667,0.104
-0.561,2.658
-0.594,2.092
-0.579,2.783
-1.123,1.071
-1.131,1.296
-1.278,2.292
-1.254,1.126
-1.372,1.212
-1.28,2.877
-1.432,2.157
-1.321,1.818
-1.321,2.718
-1.459,1.581
-1.388,1.913
-1.587,2.897
-1.473,0.477
-1.69,0.271
-2.347,0.104
-2.23,0.063
-2.433,0.158
-2.892,-0.175
-2.864,-0.246
-3.127,-0.094
-3.047,0.103
3.124,0.066
2.442,-0.105
2.508,0.147
2.534,0.029
2.197,0.036
2.035,-0.203
1.228,-0.064
1.233,-0.273
0.97,-0.047
0.964,-0.068
-1.16,-0.161
-1.645,0.008
-1.7,4.253
-1.875,4.484
-2.674,4.539
-2.982,4.316
2.642,4.219
2.442,4.177
1.438,4.305
1.42,4.213
1.303,4.221
0.878,4.348
0.475,4.217
-0.199,4.392
-0.656,4.246
-0.918,4.23
-2.589,2.259
-2.973,2.26
2.465,1.635
0.399,2.26
0.217,2.876
-0.503,3.626
-0.772,3.839
-1.364,0.726
0.675,2.569
-0.012,2.932
-0.894,2.864
-0.911,3.748
-0.907,3.182
-0.971,3.749
-0.962,2.182
-0.99,3.589
-1.074,2.974
-1.112,3.007
-1.192,2.325
-1.224,3.547
-1.148,3.656
-1.28,2.749
-1.372,2.316
2.991,1.365
1.7,2.494
-0.954,0.969
-1.38,2.426
-1.636,2.483
2.921,0.134
2.803,0.264
1.358,0.381
2.371,4.068
2.99,0.195
2.391,0.019
-0.085,0.068
-0.671,0.046
-0.647,-0.019
-1.091,0.171
-1.342,4.167
-1.586,4.379
-1.829,4.151
-2.665,4.338
-2.93,4.299
-3.127,4.279
3.084,4.207
2.962,4.441
2.75,4.485
2.586,4.27
2.554,4.171
2.207,4.492
0.269,4.42
0.318,4.262
0.148,4.47
0.12,4.466
0.041,4.444
-0.156,4.127
-0.691,4.431
-0.934,4.541
-1.074,4.213
-2.988,0.357
2.739,3.872
2.409,0.585
1.963,4.031
0.083,3.761
0.087,1.662
0.038,3.914
-0.672,0.485
-0.914,3.421
-0.832,3.149
-1.846,-0.01
1.123,-0.305
-0.555,-0.238
-2.839,4.15
-0.179,4.426
-1.394,0.431
-1.426,1.871
-1.466,3.698
-1.584,1.447
-1.438,0.377
-1.593,2.169
-1.687,1.743
-1.698,3.601
-1.882,0.192
-1.939,1.824
-1.863,2.722
-1.881,3.886
-2.125,2.764
-2.289,2.822
-2.172,0.146
-2.18,1.517
-2.178,1.515
-2.223,0.93
-2.193,3.991
-2.288,0.495
-2.442,2.17
-2.478,1.48
-2.5,1.7
-2.438,0.43
-2.591,1.894
-2.515,2.528
-2.529,1.553
-2.661,1.958
-2.781,2.895
-3.04,1.114
-2.893,1.814
-3.105,3.867
-3.132,0.328
3.116,3.676
-3.115,2.601
3.006,1.881
3.002,0.209
3.111,2.887
2.978,3.209
2.948,2.35
2.947,1.901
2.918,1.132
3.013,1.267
3.025,3.941
2.902,1.615
2.98,0.825
2.849,3.778
2.834,2.486
2.788,0.823
2.806,0.314
2.606,0.276
2.548,0.39
2.546,3.47
2.652,3.93
2.575,2.165
2.558,2.252
2.479,2.034
2.505,0.33
2.334,1.603
2.294,3.806
2.155,0.482
2.176,2.938
2.134,3.883
2.262,0.863
1.961,1.196
2.097,0.217
1.96,0.22
1.966,2.844
1.898,2.197
1.895,1.15
1.652,1.145
1.806,3.88
1.636,3.009
1.625,4.066
1.756,0.472
1.597,1.665
1.569,0.49
1.384,3.667
1.377,1.277
1.398,2.281
1.421,2.889
1.418,2.556
1.255,2.269
1.345,2.124
1.22,1.269
1.237,2.918
1.021,3.564
0.947,4.072
1.005,3.847
0.864,0.635
0.908,3.591
0.729,0.41
0.562,2.522
0.487,3.202
0.474,0.256
0.506,0.37
0.507,4.094
0.449,2.261
0.282,2.789
0.252,0.308
0.118,1.401
-0.071,1.989
-0.045,0.082
-0.105,0.082
0.001,2.636
-0.032,2.07
-0.017,2.761
-0.561,1.049
-0.569,1.274
-0.716,2.27
-0.692,1.104
-0.81,1.19
-0.718,2.855
-0.87,2.135
-0.759,1.796
-0.759,2.696
-0.897,1.559
-0.826,1.891
-1.025,2.875
-0.911,0.455
-1.128,0.249
-1.785,0.082
-1.668,0.041
-1.871,0.136
-2.33,-0.197
-2.302,-0.268
-2.565,-0.116
-2.485,0.081
-2.597,0.044
3.004,-0.127
3.07,0.125
3.096,0.007
2.759,0.014
2.597,-0.225
1.79,-0.086
1.795,-0.295
1.532,-0.069
1.526,-0.09
-0.598,-0.183
-1.083,-0.014
-1.138,4.231
-1.313,4.462
-2.112,4.517
-2.42,4.294
-3.079,4.197
3.004,4.155
2.0,4.283
1.982,4.191
1.865,4.199
1.44,4.326
1.037,4.195
0.363,4.37
-0.094,4.224
-0.356,4.208
-2.027,2.237
-2.411,2.238
3.027,1.613
0.961,2.238
0.779,2.854
0.059,3.604
-0.21,3.817
-0.802,0.704
1.237,2.547
0.55,2.91
-0.332,2.842
-0.349,3.726
-0.345,3.16
-0.409,3.727
-0.4,2.16
-0.428,3.567
-0.512,2.952
-0.55,2.985
-0.63,2.303
-0.662,3.525
-0.586,3.634
-0.718,2.727
-0.81,2.294
-2.73,1.343
2.262,2.472
-0.392,0.947
-0.818,2.404
-1.074,2.461
-2.8,0.112
-2.918,0.242
1.92,0.359
2.933,4.046
-2.731,0.173
2.953,-0.003
-0.586,-0.022
-0.562,-0.087
-1.006,0.103
-1.257,4.099
-1.501,4.311
-1.744,4.083
-2.58,4.27
-2.845,4.231
-3.042,4.211
-3.114,4.139
3.047,4.373
2.835,4.417
2.671,4.202
2.639,4.103
2.292,4.424
0.354,4.352
0.403,4.194
0.233,4.402
0.205,4.398
0.126,4.376
-0.071,4.059
-0.606,4.363
-0.849,4.473
-0.989,4.145
-2.903,0.289
2.824,3.804
2.494,0.517
2.048,3.963
0.168,3.693
0.172,1.594
0.123,3.846
-0.587,0.417
-0.829,3.353
-0.747,3.081
-1.761,-0.078
1.208,-0.373
-0.47,-0.306
-2.754,4.082
-0.094,4.358
-1.309,0.363
-1.341,1.803
-1.381,3.63
-1.499,1.379
-1.353,0.309
-1.508,2.101
-1.602,1.675
-1.613,3.533
-1.797,0.124
-1.854,1.756
-1.778,2.654
-1.796,3.818
-2.04,2.696
-2.204,2.754
-2.087,0.078
-2.095,1.449
-2.093,1.447
-2.138,0.862
-2.108,3.923
-2.203,0.427
-2.357,2.102
-2.393,1.412
-2.415,1.632
-2.353,0.362
-2.506,1.826
-2.43,2.46
-2.444,1.485
-2.576,1.89
-2.696,2.827
-2.955,1.046
-2.808,1.746
-3.02,3.799
-3.047,0.26
-3.082,3.608
-3.03,2.533
3.091,1.813
3.087,0.141
-3.087,2.819
3.063,3.141
3.033,2.282
3.032,1.833
3.003,1.064
3.098,1.199
3.11,3.873
2.987,1.547
3.065,0.757
2.934,3.71
2.919,2.418
2.873,0.755
2.891,0.246
2.691,0.208
2.633,0.322
2.631,3.402
2.737,3.862
2.66,2.097
2.643,2.184
2.564,1.966
2.59,0.262
2.419,1.535
2.379,3.738
2.24,0.414
2.261,2.87
2.219,3.815
2.347,0.795
2.046,1.128
2.182,0.149
2.045,0.152
2.051,2.776
1.983,2.129
1.98,1.082
1.737,1.077
1.891,3.812
1.721,2.941
1.71,3.998
1.841,0.404
1.682,1.597
1.654,0.422
1.469,3.599
1.462,1.209
1.483,2.213
1.506,2.821
1.503,2.488
1.34,2.201
1.43,2.056
1.305,1.201
1.322,2.85
1.106,3.496
1.032,4.004
1.09,3.779
0.949,0.567
0.993,3.523
0.814,0.342
0.647,2.454
0.572,3.134
0.559,0.188
0.591,0.302
0.592,4.026
0.534,2.193
0.367,2.721
0.337,0.24
0.203,1.333
0.014,1.921
0.04,0.014
-0.02,0.014
0.086,2.568
0.053,2.002
0.068,2.693
-0.476,0.981
-0.484,1.206
-0.631,2.202
-0.607,1.036
-0.725,1.122
-0.633,2.787
-0.785,2.067
-0.674,1.728
-0.674,2.628
-0.812,1.491
-0.741,1.823
-0.94,2.807
-0.826,0.387
-1.043,0.181
-1.7,0.014
-1.583,-0.027
-1.786,0.068
-2.245,-0.265
-2.217,-0.336
-2.48,-0.184
-2.4,0.013
-2.512,-0.024
3.089,-0.195
-3.128,0.057
-3.102,-0.061
2.844,-0.054
2.682,-0.293
1.875,-0.154
1.88,-0.363
1.617,-0.137
1.611,-0.158
-0.513,-0.251
-0.998,-0.082
-1.053,4.163
-1.228,4.394
-2.027,4.449
-2.335,4.226
-2.994,4.129
3.089,4.087
2.085,4.215
2.067,4.123
1.95,4.131
1.525,4.258
1.122,4.127
0.448,4.302
-0.009,4.156
-0.271,4.14
-1.942,2.169
-2.326,2.17
3.112,1.545
1.046,2.17
0.864,2.786
0.144,3.536
-0.125,3.749
-0.717,0.636
1.322,2.479
0.635,2.842
-0.247,2.774
-0.264,3.658
-0.26,3.092
-0.324,3.659
-0.315,2.092
-0.343,3.499
-0.427,2.884
-0.465,2.917
-0.545,2.235
-0.577,3.457
-0.501,3.566
-0.633,2.659
-0.725,2.226
-2.645,1.275
2.347,2.404
-0.307,0.879
-0.733,2.336
-0.989,2.393
-2.715,0.044
-2.833,0.174
2.005,0.291
3.018,3.978
-2.646,0.105
3.038,-0.071
0.024,-0.065
-0.42,0.125
-0.671,4.121
-0.915,4.333
-1.158,4.105
-1.994,4.292
-2.259,4.253
-2.456,4.233
-2.528,4.161
-2.65,4.395
-2.862,4.439
-3.026,4.224
-3.058,4.125
2.878,4.446
0.94,4.374
0.989,4.216
0.819,4.424
0.791,4.42
0.712,4.398
0.515,4.081
-0.02,4.385
-0.263,4.495
-0.403,4.167
-2.317,0.311
-2.873,3.826
3.08,0.539
2.634,3.985
0.754,3.715
0.758,1.616
0.709,3.868
-0.001,0.439
-0.243,3.375
-0.161,3.103
-1.175,-0.056
1.794,-0.351
0.116,-0.284
-2.168,4.104
0.492,4.38
-0.723,0.385
-0.755,1.825
-0.795,3.652
-0.913,1.401
-0.767,0.331
-0.922,2.123
-1.016,1.697
-1.027,3.555
-1.211,0.146
-1.268,1.778
-1.192,2.676
-1.21,3.84
-1.454,2.718
-1.618,2.776
-1.501,0.1
-1.509,1.471
-1.507,1.469
-1.552,0.884
-1.522,3.945
-1.617,0.449
-1.771,2.124
-1.807,1.434
-1.829,1.654
-1.767,0.384
-1.92,1.848
-1.844,2.482
-1.858,1.507
-1.99,1.912
-2.11,2.849
-2.369,1.068
-2.222,1.768
-2.434,3.821
-2.461,0.282
-2.496,3.63
-2.444,2.555
-2.606,1.835
-2.61,0.163
-2.501,2.841
-2.634,3.163
-2.664,2.304
-2.665,1.855
-2.694,1.086
-2.599,1.221
-2.587,3.895
-2.71,1.569
-2.632,0.779
-2.763,3.732
-2.778,2.44
-2.824,0.777
-2.806,0.268
-3.006,0.23
-3.064,0.344
-3.066,3.424
-2.96,3.884
-3.037,2.119
-3.054,2.206
-3.133,1.988
-3.107,0.284
3.005,1.557
2.965,3.76
2.826,0.436
2.847,2.892
2.805,3.837
2.933,0.817
2.632,1.15
2.768,0.171
2.631,0.174
2.637,2.798
2.569,2.151
2.566,1.104
2.323,1.099
2.477,3.834
2.307,2.963
2.296,4.02
2.427,0.426
2.268,1.619
2.24,0.444
2.055,3.621
2.048,1.231
2.069,2.235
2.092,2.843
2.089,2.51
1.926,2.223
2.016,2.078
1.891,1.223
1.908,2.872
1.692,3.518
1.618,4.026
1.676,3.801
1.535,0.589
1.579,3.545
1.4,0.364
1.233,2.476
1.158,3.156
1.145,0.21
1.177,0.324
1.178,4.048
1.12,2.215
0.953,2.743
0.923,0.262
0.789,1.355
0.6,1.943
0.626,0.036
0.566,0.036
0.672,2.59
0.639,2.024
0.654,2.715
0.11,1.003
0.102,1.228
-0.045,2.224
-0.021,1.058
-0.139,1.144
-0.047,2.809
-0.199,2.089
-0.088,1.75
-0.088,2.65
-0.226,1.513
-0.155,1.845
-0.354,2.829
-0.24,0.409
-0.457,0.203
-1.114,0.036
-0.997,-0.005
-1.2,0.09
-1.659,-0.243
-1.631,-0.314
-1.894,-0.162
-1.814,0.035
-1.926,-0.002
-2.608,-0.173
-2.542,0.079
-2.516,-0.039
-2.853,-0.032
-3.015,-0.271
2.461,-0.132
2.466,-0.341
2.203,-0.115
2.197,-0.136
0.073,-0.229
-0.412,-0.06
-0.467,4.185
-0.642,4.416
-1.441,4.471
-1.749,4.248
-2.408,4.151
-2.608,4.109
2.671,4.237
2.653,4.145
2.536,4.153
2.111,4.28
1.708,4.149
1.034,4.324
0.577,4.178
0.315,4.162
-1.356,2.191
-1.74,2.192
-2.585,1.567
1.632,2.192
1.45,2.808
0.73,3.558
0.461,3.771
-0.131,0.658
1.908,2.501
1.221,2.864
0.339,2.796
0.322,3.68
0.326,3.114
0.262,3.681
0.271,2.114
0.243,3.521
0.159,2.906
0.121,2.939
0.041,2.257
0.009,3.479
0.085,3.588
-0.047,2.681
-0.139,2.248
-2.059,1.297
2.933,2.426
0.279,0.901
-0.147,2.358
-0.403,2.415
-2.129,0.066
-2.247,0.196
2.591,0.313
-2.679,4.0
-2.06,0.127
-2.659,-0.049
-0.444,0.19
-0.695,4.186
-0.939,4.398
-1.182,4.17
-2.018,4.357
-2.283,4.318
-2.48,4.298
-2.552,4.226
-2.674,4.46
-2.886,4.504
-3.05,4.289
-3.082,4.19
2.854,4.511
0.916,4.439
0.965,4.281
0.795,4.489
0.767,4.485
0.688,4.463
0.491,4.146
-0.044,4.45
-0.287,4.56
-0.427,4.232
-2.341,0.376
-2.897,3.891
3.056,0.604
2.61,4.05
0.73,3.78
0.734,1.681
0.685,3.933
-0.025,0.504
-0.267,3.44
-0.185,3.168
-1.199,0.009
1.77,-0.286
0.092,-0.219
-2.192,4.169
0.468,4.445
-0.747,0.45
-0.779,1.89
-0.819,3.717
-0.937,1.466
-0.791,0.396
-0.946,2.188
-1.04,1.762
-1.051,3.62
-1.235,0.211
-1.292,1.843
-1.216,2.741
-1.234,3.905
-1.478,2.783
-1.642,2.841
-1.525,0.165
-1.533,1.536
-1.531,1.534
-1.576,0.949
-1.546,4.01
-1.641,0.514
-1.795,2.189
-1.831,1.499
-1.853,1.719
-1.791,0.449
-1.944,1.913
-1.868,2.547
-1.882,1.572
-2.014,1.977
-2.134,2.914
-2.393,1.133
-2.246,1.833
-2.458,3.886
-2.485,0.347
-2.52,3.695
-2.468,2.62
-2.63,1.9
-2.634,0.228
-2.525,2.906
-2.658,3.228
-2.688,2.369
-2.689,1.92
-2.718,1.151
-2.623,1.286
-2.611,3.96
-2.734,1.634
-2.656,0.844
-2.787,3.797
-2.802,2.505
-2.848,0.842
-2.83,0.333
-3.03,0.295
-3.088,0.409
-3.09,3.489
-2.984,3.949
-3.061,2.184
-3.078,2.271
3.126,2.053
-3.131,0.349
2.981,1.622
2.941,3.825
2.802,0.501
2.823,2.957
2.781,3.902
2.909,0.882
2.608,1.215
2.744,0.236
2.607,0.239
2.613,2.863
2.545,2.216
2.542,1.169
2.299,1.164
2.453,3.899
2.283,3.028
2.272,4.085
2.403,0.491
2.244,1.684
2.216,0.509
2.031,3.686
2.024,1.296
2.045,2.3
2.068,2.908
2.065,2.575
1.902,2.288
1.992,2.143
1.867,1.288
1.884,2.937
1.668,3.583
1.594,4.091
1.652,3.866
1.511,0.654
1.555,3.61
1.376,0.429
1.209,2.541
1.134,3.221
1.121,0.275
1.153,0.389
1.154,4.113
1.096,2.28
0.929,2.808
0.899,0.327
0.765,1.42
0.576,2.008
0.602,0.101
0.542,0.101
0.648,2.655
0.615,2.089
0.63,2.78
0.086,1.068
0.078,1.293
-0.069,2.289
-0.045,1.123
-0.163,1.209
-0.071,2.874
-0.223,2.154
-0.112,1.815
-0.112,2.715
-0.25,1.578
-0.179,1.91
-0.378,2.894
-0.264,0.474
-0.481,0.268
-1.138,0.101
-1.021,0.06
-1.224,0.155
-1.683,-0.178
-1.655,-0.249
-1.918,-0.097
-1.838,0.1
-1.95,0.063
-2.632,-0.108
-2.566,0.144
-2.54,0.026
-2.877,0.033
-3.039,-0.206
2.437,-0.067
2.442,-0.276
2.179,-0.05
2.173,-0.071
0.049,-0.164
-0.436,0.005
-0.491,4.25
-0.666,4.481
-1.465,4.536
-1.773,4.313
-2.432,4.216
-2.632,4.174
2.647,4.302
2.629,4.21
2.512,4.218
2.087,4.345
1.684,4.214
1.01,4.389
0.553,4.243
0.291,4.227
-1.38,2.256
-1.764,2.257
-2.609,1.632
1.608,2.257
1.426,2.873
0.706,3.623
0.437,3.836
-0.155,0.723
1.884,2.566
1.197,2.929
0.315,2.861
0.298,3.745
0.302,3.179
0.238,3.746
0.247,2.179
0.219,3.586
0.135,2.971
0.097,3.004
0.017,2.322
-0.015,3.544
0.061,3.653
-0.071,2.746
-0.163,2.313
-2.083,1.362
2.909,2.491
0.255,0.966
-0.171,2.423
-0.427,2.48
-2.153,0.131
-2.271,0.261
2.567,0.378
-2.703,4.065
-2.084,0.192
-2.683,0.016
-0.251,3.996
-0.495,4.208
-0.738,3.98
-1.574,4.167
-1.839,4.128
-2.036,4.108
-2.108,4.036
-2.23,4.27
-2.442,4.314
-2.606,4.099
-2.638,4.0
-2.985,4.321
1.36,4.249
1.409,4.091
1.239,4.299
1.211,4.295
1.132,4.273
0.935,3.956
0.4,4.26
0.157,4.37
0.017,4.042
-1.897,0.186
-2.453,3.701
-2.783,0.414
3.054,3.86
1.174,3.59
1.178,1.491
1.129,3.743
0.419,0.314
0.177,3.25
0.259,2.978
-0.755,-0.181
2.214,-0.476
0.536,-0.409
-1.748,3.979
0.912,4.255
-0.303,0.26
-0.335,1.7
-0.375,3.527
-0.493,1.276
-0.347,0.206
-0.502,1.998
-0.596,1.572
-0.607,3.43
-0.791,0.021
-0.848,1.653
-0.772,2.551
-0.79,3.715
-1.034,2.593
-1.198,2.651
-1.081,-0.025
-1.089,1.346
-1.087,1.344
-1.132,0.759
-1.102,3.82
-1.197,0.324
-1.351,1.999
-1.387,1.309
-1.409,1.529
-1.347,0.259
-1.5,1.723
-1.424,2.357
-1.438,1.382
-1.57,1.787
-1.69,2.724
-1.949,0.943
-1.802,1.643
-2.014,3.696
-2.041,0.157
-2.076,3.505
-2.024,2.43
-2.186,1.71
-2.19,0.038
-2.081,2.716
-2.214,3.038
-2.244,2.179
-2.245,1.73
-2.274,0.961
-2.179,1.096
-2.167,3.77
-2.29,1.444
-2.212,0.654
-2.343,3.607
-2.358,2.315
-2.404,0.652
-2.386,0.143
-2.586,0.105
-2.644,0.219
-2.646,3.299
-2.54,3.759
-2.617,1.994
-2.634,2.081
-2.713,1.863
-2.687,0.159
-2.858,1.432
-2.898,3.635
-3.037,0.311
-3.016,2.767
-3.058,3.712
-2.93,0.692
3.052,1.025
-3.095,0.046
3.051,0.049
3.057,2.673
2.989,2.026
2.986,0.979
2.743,0.974
2.897,3.709
2.727,2.838
2.716,3.895
2.847,0.301
2.688,1.494
2.66,0.319
2.475,3.496
2.468,1.106
2.489,2.11
2.512,2.718
2.509,2.385
2.346,2.098
2.436,1.953
2.311,1.098
2.328,2.747
2.112,3.393
2.038,3.901
2.096,3.676
1.955,0.464
1.999,3.42
1.82,0.239
1.653,2.351
1.578,3.031
1.565,0.085
1.597,0.199
1.598,3.923
1.54,2.09
1.373,2.618
1.343,0.137
1.209,1.23
1.02,1.818
1.046,-0.089
0.986,-0.089
1.092,2.465
1.059,1.899
1.074,2.59
0.53,0.878
0.522,1.103
0.375,2.099
0.399,0.933
0.281,1.019
0.373,2.684
0.221,1.964
0.332,1.625
0.332,2.525
0.194,1.388
0.265,1.72
0.066,2.704
0.18,0.284
-0.037,0.078
-0.694,-0.089
-0.577,-0.13
-0.78,-0.035
-1.239,-0.368
-1.211,-0.439
-1.474,-0.287
-1.394,-0.09
-1.506,-0.127
-2.188,-0.298
-2.122,-0.046
-2.096,-0.164
-2.433,-0.157
-2.595,-0.396
2.881,-0.257
2.886,-0.466
2.623,-0.24
2.617,-0.261
0.493,-0.354
0.008,-0.185
-0.047,4.06
-0.222,4.291
-1.021,4.346
-1.329,4.123
-1.988,4.026
-2.188,3.984
3.091,4.112
3.073,4.02
2.956,4.028
2.531,4.155
2.128,4.024
1.454,4.199
0.997,4.053
0.735,4.037
-0.936,2.066
-1.32,2.067
-2.165,1.442
2.052,2.067
1.87,2.683
1.15,3.433
0.881,3.646
0.289,0.533
2.328,2.376
1.641,2.739
0.759,2.671
0.742,3.555
0.746,2.989
0.682,3.556
0.691,1.989
0.663,3.396
0.579,2.781
0.541,2.814
0.461,2.132
0.429,3.354
0.505,3.463
0.373,2.556
0.281,2.123
-1.639,1.172
-2.93,2.301
0.699,0.776
0.273,2.233
0.017,2.29
-1.709,-0.059
-1.827,0.071
3.011,0.188
-2.259,3.875
-1.64,0.002
-2.239,-0.174
-0.244,0.212
-0.487,-0.016
-1.323,0.171
-1.588,0.132
-1.785,0.112
-1.857,0.04
-1.979,0.274
-2.191,0.318
-2.355,0.103
-2.387,0.004
-2.734,0.325
1.611,0.253
1.66,0.095
1.49,0.303
1.462,0.299
1.383,0.277
1.186,-0.04
0.651,0.264
0.408,0.374
0.268,0.046
-1.646,-3.81
-2.202,-0.295
-2.532,-3.582
-2.978,-0.136
1.425,-0.406
1.429,-2.505
1.38,-0.253
0.67,-3.682
0.428,-0.746
0.51,-1.018
-0.504,-4.177
2.465,-4.472
0.787,-4.405
-1.497,-0.017
1.163,0.259
-0.052,-3.736
-0.084,-2.296
-0.124,-0.469
-0.242,-2.72
-0.096,-3.79
-0.251,-1.998
-0.345,-2.424
-0.356,-0.566
-0.54,-3.975
-0.597,-2.343
-0.521,-1.445
-0.539,-0.281
-0.783,-1.403
-0.947,-1.345
-0.83,-4.021
-0.838,-2.65
-0.836,-2.652
-0.881,-3.237
-0.851,-0.176
-0.946,-3.672
-1.1,-1.997
-1.136,-2.687
-1.158,-2.467
-1.096,-3.737
-1.249,-2.273
-1.173,-1.639
-1.187,-2.614
-1.319,-2.209
-1.439,-1.272
-1.698,-3.053
-1.551,-2.353
-1.763,-0.3
-1.79,-3.839
-1.825,-0.491
-1.773,-1.566
-1.935,-2.286
-1.939,-3.958
-1.83,-1.28
-1.963,-0.958
-1.993,-1.817
-1.994,-2.266
-2.023,-3.035
-1.928,-2.9
-1.916,-0.226
-2.039,-2.552
-1.961,-3.342
-2.092,-0.389
-2.107,-1.681
-2.153,-3.344
-2.135,-3.853
-2.335,-3.891
-2.393,-3.777
-2.395,-0.697
-2.289,-0.237
-2.366,-2.002
-2.383,-1.915
-2.462,-2.133
-2.436,-3.837
-2.607,-2.564
-2.647,-0.361
-2.786,-3.685
-2.765,-1.229
-2.807,-0.284
-2.679,-3.304
-2.98,-2.971
-2.844,-3.95
-2.981,-3.947
-2.975,-1.323
-3.043,-1.97
-3.046,-3.017
2.994,-3.022
-3.135,-0.287
2.978,-1.158
2.967,-0.101
3.098,-3.695
2.939,-2.502
2.911,-3.677
2.726,-0.5
2.719,-2.89
2.74,-1.886
2.763,-1.278
2.76,-1.611
2.597,-1.898
2.687,-2.043
2.562,-2.898
2.579,-1.249
2.363,-0.603
2.289,-0.095
2.347,-0.32
2.206,-3.532
2.25,-0.576
2.071,-3.757
1.904,-1.645
1.829,-0.965
1.816,-3.911
1.848,-3.797
1.849,-0.073
1.791,-1.906
1.624,-1.378
1.594,-3.859
1.46,-2.766
1.271,-2.178
1.297,-4.085
1.237,-4.085
1.343,-1.531
1.31,-2.097
1.325,-1.406
0.781,-3.118
0.773,-2.893
0.626,-1.897
0.65,-3.063
0.532,-2.977
0.624,-1.312
0.472,-2.032
0.583,-2.371
0.583,-1.471
0.445,-2.608
0.516,-2.276
0.317,-1.292
0.431,-3.712
0.214,-3.918
-0.443,-4.085
-0.326,-4.126
-0.529,-4.031
-0.988,-4.364
-0.96,-4.435
-1.223,-4.283
-1.143,-4.086
-1.255,-4.123
-1.937,-4.294
-1.871,-4.042
-1.845,-4.16
-2.182,-4.153
-2.344,-4.392
3.132,-4.253
3.137,-4.462
2.874,-4.236
2.868,-4.257
0.744,-4.35
0.259,-4.181
0.204,0.064
0.029,0.295
-0.77,0.35
-1.078,0.127
-1.737,0.03
-1.937,-0.012
-2.941,0.116
-2.959,0.024
-3.076,0.032
2.782,0.159
2.379,0.028
1.705,0.203
1.248,0.057
0.986,0.041
-0.685,-1.93
-1.069,-1.929
-1.914,-2.554
2.303,-1.929
2.121,-1.313
1.401,-0.563
1.132,-0.35
0.54,-3.463
2.579,-1.62
1.892,-1.257
1.01,-1.325
0.993,-0.441
0.997,-1.007
0.933,-0.44
0.942,-2.007
0.914,-0.6
0.83,-1.215
0.792,-1.182
0.712,-1.864
0.68,-0.642
0.756,-0.533
0.624,-1.44
0.532,-1.873
-1.388,-2.824
-2.679,-1.695
0.95,-3.22
0.524,-1.763
0.268,-1.706
-1.458,-4.055
-1.576,-3.925
-3.021,-3.808
-2.008,-0.121
-1.389,-3.994
-1.988,-4.17
-0.243,-0.228
-1.079,-0.041
-1.344,-0.08
-1.541,-0.1
-1.613,-0.172
-1.735,0.062
-1.947,0.106
-2.111,-0.109
-2.143,-0.208
-2.49,0.113
1.855,0.041
1.904,-0.117
1.734,0.091
1.706,0.087
1.627,0.065
1.43,-0.252
0.895,0.052
0.652,0.162
0.512,-0.166
-1.402,-4.022
-1.958,-0.507
-2.288,-3.794
-2.734,-0.348
1.669,-0.618
1.673,-2.717
1.624,-0.465
0.914,-3.894
0.672,-0.958
0.754,-1.23
-0.26,-4.389
2.709,-4.684
1.031,-4.617
-1.253,-0.229
1.407,0.047
0.192,-3.948
0.16,-2.508
0.12,-0.681
0.002,-2.932
0.148,-4.002
-0.007,-2.21
-0.101,-2.636
-0.112,-0.778
-0.296,-4.187
-0.353,-2.555
-0.277,-1.657
-0.295,-0.493
-0.539,-1.615
-0.703,-1.557
-0.586,-4.233
-0.594,-2.862
-0.592,-2.864
-0.637,-3.449
-0.607,-0.388
-0.702,-3.884
-0.856,-2.209
-0.892,-2.899
-0.914,-2.679
-0.852,-3.949
-1.005,-2.485
-0.929,-1.851
-0.943,-2.826
-1.075,-2.421
-1.195,-1.484
-1.454,-3.265
-1.307,-2.565
-1.519,-0.512
-1.546,-4.051
-1.581,-0.703
-1.529,-1.778
-1.691,-2.498
-1.695,-4.17
-1.586,-1.492
-1.719,-1.17
-1.749,-2.029
-1.75,-2.478
-1.779,-3.247
-1.684,-3.112
-1.672,-0.438
-1.795,-2.764
-1.717,-3.554
-1.848,-0.601
-1.863,-1.893
-1.909,-3.556
-1.891,-4.065
-2.091,-4.103
-2.149,-3.989
-2.151,-0.909
-2.045,-0.449
-2.122,-2.214
-2.139,-2.127
-2.218,-2.345
-2.192,-4.049
-2.363,-2.776
-2.403,-0.573
-2.542,-3.897
-2.521,-1.441
-2.563,-0.496
-2.435,-3.516
-2.736,-3.183
-2.6,-4.162
-2.737,-4.159
-2.731,-1.535
-2.799,-2.182
-2.802,-3.229
-3.045,-3.234
-2.891,-0.499
-3.061,-1.37
-3.072,-0.313
-2.941,-3.907
-3.1,-2.714
-3.128,-3.889
2.97,-0.712
2.963,-3.102
2.984,-2.098
3.007,-1.49
3.004,-1.823
2.841,-2.11
2.931,-2.255
2.806,-3.11
2.823,-1.461
2.607,-0.815
2.533,-0.307
2.591,-0.532
2.45,-3.744
2.494,-0.788
2.315,-3.969
2.148,-1.857
2.073,-1.177
2.06,-4.123
2.092,-4.009
2.093,-0.285
2.035,-2.118
1.868,-1.59
1.838,-4.071
1.704,-2.978
1.515,-2.39
1.541,-4.297
1.481,-4.297
1.587,-1.743
1.554,-2.309
1.569,-1.618
1.025,-3.33
1.017,-3.105
0.87,-2.109
0.894,-3.275
0.776,-3.189
0.868,-1.524
0.716,-2.244
0.827,-2.583
0.827,-1.683
0.689,-2.82
0.76,-2.488
0.561,-1.504
0.675,-3.924
0.458,-4.13
-0.199,-4.297
-0.082,-4.338
-0.285,-4.243
-0.744,-4.576
-0.716,-4.647
-0.979,-4.495
-0.899,-4.298
-1.011,-4.335
-1.693,-4.506
-1.627,-4.254
-1.601,-4.372
-1.938,-4.365
-2.1,-4.604
-2.907,-4.465
-2.902,-4.674
3.118,-4.448
3.112,-4.469
0.988,-4.562
0.503,-4.393
0.448,-0.148
0.273,0.083
-0.526,0.138
-0.834,-0.085
-1.493,-0.182
-1.693,-0.224
-2.697,-0.096
-2.715,-0.188
-2.832,-0.18
3.026,-0.053
2.623,-0.184
1.949,-0.009
1.492,-0.155
1.23,-0.171
-0.441,-2.142
-0.825,-2.141
-1.67,-2.766
2.547,-2.141
2.365,-1.525
1.645,-0.775
1.376,-0.562
0.784,-3.675
2.823,-1.832
2.136,-1.469
1.254,-1.537
1.237,-0.653
1.241,-1.219
1.177,-0.652
1.186,-2.219
1.158,-0.812
1.074,-1.427
1.036,-1.394
0.956,-2.076
0.924,-0.854
1.0,-0.745
0.868,-1.652
0.776,-2.085
-1.144,-3.036
-2.435,-1.907
1.194,-3.432
0.768,-1.975
0.512,-1.918
-1.214,-4.267
-1.332,-4.137
-2.777,-4.02
-1.764,-0.333
-1.145,-4.206
-1.744,-4.382
-0.836,0.187
-1.101,0.148
-1.298,0.128
-1.37,0.056
-1.492,0.29
-1.704,0.334
-1.868,0.119
-1.9,0.02
-2.247,0.341
2.098,0.269
2.147,0.111
1.977,0.319
1.949,0.315
1.87,0.293
1.673,-0.024
1.138,0.28
0.895,0.39
0.755,0.062
-1.159,-3.794
-1.715,-0.279
-2.045,-3.566
-2.491,-0.12
1.912,-0.39
1.916,-2.489
1.867,-0.237
1.157,-3.666
0.915,-0.73
0.997,-1.002
-0.017,-4.161
2.952,-4.456
1.274,-4.389
-1.01,-0.001
1.65,0.275
0.435,-3.72
0.403,-2.28
0.363,-0.453
0.245,-2.704
0.391,-3.774
0.236,-1.982
0.142,-2.408
0.131,-0.55
-0.053,-3.959
-0.11,-2.327
-0.034,-1.429
-0.052,-0.265
-0.296,-1.387
-0.46,-1.329
-0.343,-4.005
-0.351,-2.634
-0.349,-2.636
-0.394,-3.221
-0.364,-0.16
-0.459,-3.656
-0.613,-1.981
-0.649,-2.671
-0.671,-2.451
-0.609,-3.721
-0.762,-2.257
-0.686,-1.623
-0.7,-2.598
-0.832,-2.193
-0.952,-1.256
-1.211,-3.037
-1.064,-2.337
-1.276,-0.284
-1.303,-3.823
-1.338,-0.475
-1.286,-1.55
-1.448,-2.27
-1.452,-3.942
-1.343,-1.264
-1.476,-0.942
-1.506,-1.801
-1.507,-2.25
-1.536,-3.019
-1.441,-2.884
-1.429,-0.21
-1.552,-2.536
-1.474,-3.326
-1.605,-0.373
-1.62,-1.665
-1.666,-3.328
-1.648,-3.837
-1.848,-3.875
-1.906,-3.761
-1.908,-0.681
-1.802,-0.221
-1.879,-1.986
-1.896,-1.899
-1.975,-2.117
-1.949,-3.821
-2.12,-2.548
-2.16,-0.345
-2.299,-3.669
-2.278,-1.213
-2.32,-0.268
-2.192,-3.288
-2.493,-2.955
-2.357,-3.934
-2.494,-3.931
-2.488,-1.307
-2.556,-1.954
-2.559,-3.001
-2.802,-3.006
-2.648,-0.271
-2.818,-1.142
-2.829,-0.085
-2.698,-3.679
-2.857,-2.486
-2.885,-3.661
-3.07,-0.484
-3.077,-2.874
-3.056,-1.87
-3.033,-1.262
-3.036,-1.595
3.084,-1.882
-3.109,-2.027
3.049,-2.882
3.066,-1.233
2.85,-0.587
2.776,-0.079
2.834,-0.304
2.693,-3.516
2.737,-0.56
2.558,-3.741
2.391,-1.629
2.316,-0.949
2.303,-3.895
2.335,-3.781
2.336,-0.057
2.278,-1.89
2.111,-1.362
2.081,-3.843
1.947,-2.75
1.758,-2.162
1.784,-4.069
1.724,-4.069
1.83,-1.515
1.797,-2.081
1.812,-1.39
1.268,-3.102
1.26,-2.877
1.113,-1.881
1.137,-3.047
1.019,-2.961
1.111,-1.296
0.959,-2.016
1.07,-2.355
1.07,-1.455
0.932,-2.592
1.003,-2.26
0.804,-1.276
0.918,-3.696
0.701,-3.902
0.044,-4.069
0.161,-4.11
-0.042,-4.015
-0.501,-4.348
-0.473,-4.419
-0.736,-4.267
-0.656,-4.07
-0.768,-4.107
-1.45,-4.278
-1.384,-4.026
-1.358,-4.144
-1.695,-4.137
-1.857,-4.376
-2.664,-4.237
-2.659,-4.446
-2.922,-4.22
-2.928,-4.241
1.231,-4.334
0.746,-4.165
0.691,0.08
0.516,0.311
-0.283,0.366
-0.591,0.143
-1.25,0.046
-1.45,0.004
-2.454,0.132
-2.472,0.04
-2.589,0.048
-3.014,0.175
2.866,0.044
2.192,0.219
1.735,0.073
1.473,0.057
-0.198,-1.914
-0.582,-1.913
-1.427,-2.538
2.79,-1.913
2.608,-1.297
1.888,-0.547
1.619,-0.334
1.027,-3.447
3.066,-1.604
2.379,-1.241
1.497,-1.309
1.48,-0.425
1.484,-0.991
1.42,-0.424
1.429,-1.991
1.401,-0.584
1.317,-1.199
1.279,-1.166
1.199,-1.848
1.167,-0.626
1.243,-0.517
1.111,-1.424
1.019,-1.857
-0.901,-2.808
-2.192,-1.679
1.437,-3.204
1.011,-1.747
0.755,-1.69
-0.971,-4.039
-1.089,-3.909
-2.534,-3.792
-1.521,-0.105
-0.902,-3.978
-1.501,-4.154
-0.265,-0.039
-0.462,-0.059
-0.534,-0.131
-0.656,0.103
-0.868,0.147
-1.032,-0.068
-1.064,-0.167
-1.411,0.154
2.934,0.082
2.983,-0.076
2.813,0.132
2.785,0.128
2.706,0.106
2.509,-0.211
1.974,0.093
1.731,0.203
1.591,-0.125
-0.323,-3.981
-0.879,-0.466
-1.209,-3.753
-1.655,-0.307
2.748,-0.577
2.752,-2.676
2.703,-0.424
1.993,-3.853
1.751,-0.917
1.833,-1.189
0.819,-4.348
-2.495,-4.643
2.11,-4.576
-0.174,-0.188
2.486,0.088
1.271,-3.907
1.239,-2.467
1.199,-0.64
1.081,-2.891
1.227,-3.961
1.072,-2.169
0.978,-2.595
0.967,-0.737
0.783,-4.146
0.726,-2.514
0.802,-1.616
0.784,-0.452
0.54,-1.574
0.376,-1.516
0.493,-4.192
0.485,-2.821
0.487,-2.823
0.442,-3.408
0.472,-0.347
0.377,-3.843
0.223,-2.168
0.187,-2.858
0.165,-2.638
0.227,-3.908
0.074,-2.444
0.15,-1.81
0.136,-2.785
0.004,-2.38
-0.116,-1.443
-0.375,-3.224
-0.228,-2.524
-0.44,-0.471
-0.467,-4.01
-0.502,-0.662
-0.45,-1.737
-0.612,-2.457
-0.616,-4.129
-0.507,-1.451
-0.64,-1.129
-0.67,-1.988
-0.671,-2.437
-0.7,-3.206
-0.605,-3.071
-0.593,-0.397
-0.716,-2.723
-0.638,-3.513
-0.769,-0.56
-0.784,-1.852
-0.83,-3.515
-0.812,-4.024
-1.012,-4.062
-1.07,-3.948
-1.072,-0.868
-0.966,-0.408
-1.043,-2.173
-1.06,-2.086
-1.139,-2.304
-1.113,-4.008
-1.284,-2.735
-1.324,-0.532
-1.463,-3.856
-1.442,-1.4
-1.484,-0.455
-1.356,-3.475
-1.657,-3.142
-1.521,-4.121
-1.658,-4.118
-1.652,-1.494
-1.72,-2.141
-1.723,-3.188
-1.966,-3.193
-1.812,-0.458
-1.982,-1.329
-1.993,-0.272
-1.862,-3.866
-2.021,-2.673
-2.049,-3.848
-2.234,-0.671
-2.241,-3.061
-2.22,-2.057
-2.197,-1.449
-2.2,-1.782
-2.363,-2.069
-2.273,-2.214
-2.398,-3.069
-2.381,-1.42
-2.597,-0.774
-2.671,-0.266
-2.613,-0.491
-2.754,-3.703
-2.71,-0.747
-2.889,-3.928
-3.056,-1.816
-3.131,-1.136
3.139,-4.082
-3.112,-3.968
-3.111,-0.244
3.114,-2.077
2.947,-1.549
2.917,-4.03
2.783,-2.937
2.594,-2.349
2.62,-4.256
2.56,-4.256
2.666,-1.702
2.633,-2.268
2.648,-1.577
2.104,-3.289
2.096,-3.064
1.949,-2.068
1.973,-3.234
1.855,-3.148
1.947,-1.483
1.795,-2.203
1.906,-2.542
1.906,-1.642
1.768,-2.779
1.839,-2.447
1.64,-1.463
1.754,-3.883
1.537,-4.089
0.88,-4.256
0.997,-4.297
0.794,-4.202
0.335,-4.535
0.363,-4.606
0.1,-4.454
0.18,-4.257
0.068,-4.294
-0.614,-4.465
-0.548,-4.213
-0.522,-4.331
-0.859,-4.324
-1.021,-4.563
-1.828,-4.424
-1.823,-4.633
-2.086,-4.407
-2.092,-4.428
2.067,-4.521
1.582,-4.352
1.527,-0.107
1.352,0.124
0.553,0.179
0.245,-0.044
-0.414,-0.141
-0.614,-0.183
-1.618,-0.055
-1.636,-0.147
-1.753,-0.139
-2.178,-0.012
-2.581,-0.143
3.028,0.032
2.571,-0.114
2.309,-0.13
0.638,-2.101
0.254,-2.1
-0.591,-2.725
-2.657,-2.1
-2.839,-1.484
2.724,-0.734
2.455,-0.521
1.863,-3.634
-2.381,-1.791
-3.068,-1.428
2.333,-1.496
2.316,-0.612
2.32,-1.178
2.256,-0.611
2.265,-2.178
2.237,-0.771
2.153,-1.386
2.115,-1.353
2.035,-2.035
2.003,-0.813
2.079,-0.704
1.947,-1.611
1.855,-2.044
-0.065,-2.995
-1.356,-1.866
2.273,-3.391
1.847,-1.934
1.591,-1.877
-0.135,-4.226
-0.253,-4.096
-1.698,-3.979
-0.685,-0.292
-0.066,-4.165
-0.665,-4.341
-0.197,-0.02
-0.269,-0.092
-0.391,0.142
-0.603,0.186
-0.767,-0.029
-0.799,-0.128
-1.146,0.193
-3.084,0.121
-3.035,-0.037
3.078,0.171
3.05,0.167
2.971,0.145
2.774,-0.172
2.239,0.132
1.996,0.242
1.856,-0.086
-0.058,-3.942
-0.614,-0.427
-0.944,-3.714
-1.39,-0.268
3.013,-0.538
3.017,-2.637
2.968,-0.385
2.258,-3.814
2.016,-0.878
2.098,-1.15
1.084,-4.309
-2.23,-4.604
2.375,-4.537
0.091,-0.149
2.751,0.127
1.536,-3.868
1.504,-2.428
1.464,-0.601
1.346,-2.852
1.492,-3.922
1.337,-2.13
1.243,-2.556
1.232,-0.698
1.048,-4.107
0.991,-2.475
1.067,-1.577
1.049,-0.413
0.805,-1.535
0.641,-1.477
0.758,-4.153
0.75,-2.782
0.752,-2.784
0.707,-3.369
0.737,-0.308
0.642,-3.804
0.488,-2.129
0.452,-2.819
0.43,-2.599
0.492,-3.869
0.339,-2.405
0.415,-1.771
0.401,-2.746
0.269,-2.341
0.149,-1.404
-0.11,-3.185
0.037,-2.485
-0.175,-0.432
-0.202,-3.971
-0.237,-0.623
-0.185,-1.698
-0.347,-2.418
-0.351,-4.09
-0.242,-1.412
-0.375,-1.09
-0.405,-1.949
-0.406,-2.398
-0.435,-3.167
-0.34,-3.032
-0.328,-0.358
-0.451,-2.684
-0.373,-3.474
-0.504,-0.521
-0.519,-1.813
-0.565,-3.476
-0.547,-3.985
-0.747,-4.023
-0.805,-3.909
-0.807,-0.829
-0.701,-0.369
-0.778,-2.134
-0.795,-2.047
-0.874,-2.265
-0.848,-3.969
-1.019,-2.696
-1.059,-0.493
-1.198,-3.817
-1.177,-1.361
-1.219,-0.416
-1.091,-3.436
-1.392,-3.103
-1.256,-4.082
-1.393,-4.079
-1.387,-1.455
-1.455,-2.102
-1.458,-3.149
-1.701,-3.154
-1.547,-0.419
-1.717,-1.29
-1.728,-0.233
-1.597,-3.827
-1.756,-2.634
-1.784,-3.809
-1.969,-0.632
-1.976,-3.022
-1.955,-2.018
-1.932,-1.41
-1.935,-1.743
-2.098,-2.03
-2.008,-2.175
-2.133,-3.03
-2.116,-1.381
-2.332,-0.735
-2.406,-0.227
-2.348,-0.452
-2.489,-3.664
-2.445,-0.708
-2.624,-3.889
-2.791,-1.777
-2.866,-1.097
-2.879,-4.043
-2.847,-3.929
-2.846,-0.205
-2.904,-2.038
-3.071,-1.51
-3.101,-3.991
3.048,-2.898
2.859,-2.31
2.885,-4.217
2.825,-4.217
2.931,-1.663
2.898,-2.229
2.913,-1.538
2.369,-3.25
2.361,-3.025
2.214,-2.029
2.238,-3.195
2.12,-3.109
2.212,-1.444
2.06,-2.164
2.171,-2.503
2.171,-1.603
2.033,-2.74
2.104,-2.408
1.905,-1.424
2.019,-3.844
1.802,-4.05
1.145,-4.217
1.262,-4.258
1.059,-4.163
0.6,-4.496
0.628,-4.567
0.365,-4.415
0.445,-4.218
0.333,-4.255
-0.349,-4.426
-0.283,-4.174
-0.257,-4.292
-0.594,-4.285
-0.756,-4.524
-1.563,-4.385
-1.558,-4.594
-1.821,-4.368
-1.827,-4.389
2.332,-4.482
1.847,-4.313
1.792,-0.068
1.617,0.163
0.818,0.218
0.51,-0.005
-0.149,-0.102
-0.349,-0.144
-1.353,-0.016
-1.371,-0.108
-1.488,-0.1
-1.913,0.027
-2.316,-0.104
-2.99,0.071
2.836,-0.075
2.574,-0.091
0.903,-2.062
0.519,-2.061
-0.326,-2.686
-2.392,-2.061
-2.574,-1.445
2.989,-0.695
2.72,-0.482
2.128,-3.595
-2.116,-1.752
-2.803,-1.389
2.598,-1.457
2.581,-0.573
2.585,-1.139
2.521,-0.572
2.53,-2.139
2.502,-0.732
2.418,-1.347
2.38,-1.314
2.3,-1.996
2.268,-0.774
2.344,-0.665
2.212,-1.572
2.12,-2.005
0.2,-2.956
-1.091,-1.827
2.538,-3.352
2.112,-1.895
1.856,-1.838
0.13,-4.187
0.012,-4.057
-1.433,-3.94
-0.42,-0.253
0.199,-4.126
-0.4,-4.302
-0.072,-0.072
-0.194,0.162
-0.406,0.206
-0.57,-0.009
-0.602,-0.108
-0.949,0.213
-2.887,0.141
-2.838,-0.017
-3.008,0.191
-3.036,0.187
-3.115,0.165
2.971,-0.152
2.436,0.152
2.193,0.262
2.053,-0.066
0.139,-3.922
-0.417,-0.407
-0.747,-3.694
-1.193,-0.248
-3.073,-0.518
-3.069,-2.617
-3.118,-0.365
2.455,-3.794
2.213,-0.858
2.295,-1.13
1.281,-4.289
-2.033,-4.584
2.572,-4.517
0.288,-0.129
2.948,0.147
1.733,-3.848
1.701,-2.408
1.661,-0.581
1.543,-2.832
1.689,-3.902
1.534,-2.11
1.44,-2.536
1.429,-0.678
1.245,-4.087
1.188,-2.455
1.264,-1.557
1.246,-0.393
1.002,-1.515
0.838,-1.457
0.955,-4.133
0.947,-2.762
0.949,-2.764
0.904,-3.349
0.934,-0.288
0.839,-3.784
0.685,-2.109
0.649,-2.799
0.627,-2.579
0.689,-3.849
0.536,-2.385
0.612,-1.751
0.598,-2.726
0.466,-2.321
0.346,-1.384
0.087,-3.165
0.234,-2.465
0.022,-0.412
-0.005,-3.951
-0.04,-0.603
0.012,-1.678
-0.15,-2.398
-0.154,-4.07
-0.045,-1.392
-0.178,-1.07
-0.208,-1.929
-0.209,-2.378
-0.238,-3.147
-0.143,-3.012
-0.131,-0.338
-0.254,-2.664
-0.176,-3.454
-0.307,-0.501
-0.322,-1.793
-0.368,-3.456
-0.35,-3.965
-0.55,-4.003
-0.608,-3.889
-0.61,-0.809
-0.504,-0.349
-0.581,-2.114
-0.598,-2.027
-0.677,-2.245
-0.651,-3.949
-0.822,-2.676
-0.862,-0.473
-1.001,-3.797
-0.98,-1.341
-1.022,-0.396
-0.894,-3.416
-1.195,-3.083
-1.059,-4.062
-1.196,-4.059
-1.19,-1.435
-1.258,-2.082
-1.261,-3.129
-1.504,-3.134
-1.35,-0.399
-1.52,-1.27
-1.531,-0.213
-1.4,-3.807
-1.559,-2.614
-1.587,-3.789
-1.772,-0.612
-1.779,-3.002
-1.758,-1.998
-1.735,-1.39
-1.738,-1.723
-1.901,-2.01
-1.811,-2.155
-1.936,-3.01
-1.919,-1.361
-2.135,-0.715
-2.209,-0.207
-2.151,-0.432
-2.292,-3.644
-2.248,-0.688
-2.427,-3.869
-2.594,-1.757
-2.669,-1.077
-2.682,-4.023
-2.65,-3.909
-2.649,-0.185
-2.707,-2.018
-2.874,-1.49
-2.904,-3.971
-3.038,-2.878
3.056,-2.29
3.082,-4.197
3.022,-4.197
3.128,-1.643
3.095,-2.209
3.11,-1.518
2.566,-3.23
2.558,-3.005
2.411,-2.009
2.435,-3.175
2.317,-3.089
2.409,-1.424
2.257,-2.144
2.368,-2.483
2.368,-1.583
2.23,-2.72
2.301,-2.388
2.102,-1.404
2.216,-3.824
1.999,-4.03
1.342,-4.197
1.459,-4.238
1.256,-4.143
0.797,-4.476
0.825,-4.547
0.562,-4.395
0.642,-4.198
0.53,-4.235
-0.152,-4.406
-0.086,-4.154
-0.06,-4.272
-0.397,-4.265
-0.559,-4.504
-1.366,-4.365
-1.361,-4.574
-1.624,-4.348
-1.63,-4.369
2.529,-4.462
2.044,-4.293
1.989,-0.048
1.814,0.183
1.015,0.238
0.707,0.015
0.048,-0.082
-0.152,-0.124
-1.156,0.004
-1.174,-0.088
-1.291,-0.08
-1.716,0.047
-2.119,-0.084
-2.793,0.091
3.033,-0.055
2.771,-0.071
1.1,-2.042
0.716,-2.041
-0.129,-2.666
-2.195,-2.041
-2.377,-1.425
-3.097,-0.675
2.917,-0.462
2.325,-3.575
-1.919,-1.732
-2.606,-1.369
2.795,-1.437
2.778,-0.553
2.782,-1.119
2.718,-0.552
2.727,-2.119
2.699,-0.712
2.615,-1.327
2.577,-1.294
2.497,-1.976
2.465,-0.754
2.541,-0.645
2.409,-1.552
2.317,-1.985
0.397,-2.936
-0.894,-1.807
2.735,-3.332
2.309,-1.875
2.053,-1.818
0.327,-4.167
0.209,-4.037
-1.236,-3.92
-0.223,-0.233
0.396,-4.106
-0.203,-4.282
-0.122,0.234
-0.334,0.278
-0.498,0.063
-0.53,-0.036
-0.877,0.285
-2.815,0.213
-2.766,0.055
-2.936,0.263
-2.964,0.259
-3.043,0.237
3.043,-0.08
2.508,0.224
2.265,0.334
2.125,0.006
0.211,-3.85
-0.345,-0.335
-0.675,-3.622
-1.121,-0.176
-3.001,-0.446
-2.997,-2.545
-3.046,-0.293
2.527,-3.722
2.285,-0.786
2.367,-1.058
1.353,-4.217
-1.961,-4.512
2.644,-4.445
0.36,-0.057
3.02,0.219
1.805,-3.776
1.773,-2.336
1.733,-0.509
1.615,-2.76
1.761,-3.83
1.606,-2.038
1.512,-2.464
1.501,-0.606
1.317,-4.015
1.26,-2.383
1.336,-1.485
1.318,-0.321
1.074,-1.443
0.91,-1.385
1.027,-4.061
1.019,-2.69
1.021,-2.692
0.976,-3.277
1.006,-0.216
0.911,-3.712
0.757,-2.037
0.721,-2.727
0.699,-2.507
0.761,-3.777
0.608,-2.313
0.684,-1.679
0.67,-2.654
0.538,-2.249
0.418,-1.312
0.159,-3.093
0.306,-2.393
0.094,-0.34
0.067,-3.879
0.032,-0.531
0.084,-1.606
-0.078,-2.326
-0.082,-3.998
0.027,-1.32
-0.106,-0.998
-0.136,-1.857
-0.137,-2.306
-0.166,-3.075
-0.071,-2.94
-0.059,-0.266
-0.182,-2.592
-0.104,-3.382
-0.235,-0.429
-0.25,-1.721
-0.296,-3.384
-0.278,-3.893
-0.478,-3.931
-0.536,-3.817
-0.538,-0.737
-0.432,-0.277
-0.509,-2.042
-0.526,-1.955
-0.605,-2.173
-0.579,-3.877
-0.75,-2.604
-0.79,-0.401
-0.929,-3.725
-0.908,-1.269
-0.95,-0.324
-0.822,-3.344
-1.123,-3.011
-0.987,-3.99
-1.124,-3.987
-1.118,-1.363
-1.186,-2.01
-1.189,-3.057
-1.432,-3.062
-1.278,-0.327
-1.448,-1.198
-1.459,-0.141
-1.328,-3.735
-1.487,-2.542
-1.515,-3.717
-1.7,-0.54
-1.707,-2.93
-1.686,-1.926
-1.663,-1.318
-1.666,-1.651
-1.829,-1.938
-1.739,-2.083
-1.864,-2.938
-1.847,-1.289
-2.063,-0.643
-2.137,-0.135
-2.079,-0.36
-2.22,-3.572
-2.176,-0.616
-2.355,-3.797
-2.522,-1.685
-2.597,-1.005
-2.61,-3.951
-2.578,-3.837
-2.577,-0.113
-2.635,-1.946
-2.802,-1.418
-2.832,-3.899
-2.966,-2.806
3.128,-2.218
-3.129,-4.125
3.094,-4.125
-3.083,-1.571
-3.116,-2.137
-3.101,-1.446
2.638,-3.158
2.63,-2.933
2.483,-1.937
2.507,-3.103
2.389,-3.017
2.481,-1.352
2.329,-2.072
2.44,-2.411
2.44,-1.511
2.302,-2.648
2.373,-2.316
2.174,-1.332
2.288,-3.752
2.071,-3.958
1.414,-4.125
1.531,-4.166
1.328,-4.071
0.869,-4.404
0.897,-4.475
0.634,-4.323
0.714,-4.126
0.602,-4.163
-0.08,-4.334
-0.014,-4.082
0.012,-4.2
-0.325,-4.193
-0.487,-4.432
-1.294,-4.293
-1.289,-4.502
-1.552,-4.276
-1.558,-4.297
2.601,-4.39
2.116,-4.221
2.061,0.024
1.886,0.255
1.087,0.31
0.779,0.087
0.12,-0.01
-0.08,-0.052
-1.084,0.076
-1.102,-0.016
-1.219,-0.008
-1.644,0.119
-2.047,-0.012
-2.721,0.163
3.105,0.017
2.843,0.001
1.172,-1.97
0.788,-1.969
-0.057,-2.594
-2.123,-1.969
-2.305,-1.353
-3.025,-0.603
2.989,-0.39
2.397,-3.503
-1.847,-1.66
-2.534,-1.297
2.867,-1.365
2.85,-0.481
2.854,-1.047
2.79,-0.48
2.799,-2.047
2.771,-0.64
2.687,-1.255
2.649,-1.222
2.569,-1.904
2.537,-0.682
2.613,-0.573
2.481,-1.48
2.389,-1.913
0.469,-2.864
-0.822,-1.735
2.807,-3.26
2.381,-1.803
2.125,-1.746
0.399,-4.095
0.281,-3.965
-1.164,-3.848
-0.151,-0.161
0.468,-4.034
-0.131,-4.21
-0.212,0.044
-0.376,-0.171
-0.408,-0.27
-0.755,0.051
-2.693,-0.021
-2.644,-0.179
-2.814,0.029
-2.842,0.025
-2.921,0.003
-3.118,-0.314
2.63,-0.01
2.387,0.1
2.247,-0.228
0.333,-4.084
-0.223,-0.569
-0.553,-3.856
-0.999,-0.41
-2.879,-0.68
-2.875,-2.779
-2.924,-0.527
2.649,-3.956
2.407,-1.02
2.489,-1.292
1.475,-4.451
-1.839,-4.746
2.766,-4.679
0.482,-0.291
-3.141,-0.015
1.927,-4.01
1.895,-2.57
1.855,-0.743
1.737,-2.994
1.883,-4.064
1.728,-2.272
1.634,-2.698
1.623,-0.84
1.439,-4.249
1.382,-2.617
1.458,-1.719
1.44,-0.555
1.196,-1.677
1.032,-1.619
1.149,-4.295
1.141,-2.924
1.143,-2.926
1.098,-3.511
1.128,-0.45
1.033,-3.946
0.879,-2.271
0.843,-2.961
0.821,-2.741
0.883,-4.011
0.73,-2.547
0.806,-1.913
0.792,-2.888
0.66,-2.483
0.54,-1.546
0.281,-3.327
0.428,-2.627
0.216,-0.574
0.189,-4.113
0.154,-0.765
0.206,-1.84
0.044,-2.56
0.04,-4.232
0.149,-1.554
0.016,-1.232
-0.014,-2.091
-0.015,-2.54
-0.044,-3.309
0.051,-3.174
0.063,-0.5
-0.06,-2.826
0.018,-3.616
-0.113,-0.663
-0.128,-1.955
-0.174,-3.618
-0.156,-4.127
-0.356,-4.165
-0.414,-4.051
-0.416,-0.971
-0.31,-0.511
-0.387,-2.276
-0.404,-2.189
-0.483,-2.407
-0.457,-4.111
-0.628,-2.838
-0.668,-0.635
-0.807,-3.959
-0.786,-1.503
-0.828,-0.558
-0.7,-3.578
-1.001,-3.245
-0.865,-4.224
-1.002,-4.221
-0.996,-1.597
-1.064,-2.244
-1.067,-3.291
-1.31,-3.296
-1.156,-0.561
-1.326,-1.432
-1.337,-0.375
-1.206,-3.969
-1.365,-2.776
-1.393,-3.951
-1.578,-0.774
-1.585,-3.164
-1.564,-2.16
-1.541,-1.552
-1.544,-1.885
-1.707,-2.172
-1.617,-2.317
-1.742,-3.172
-1.725,-1.523
-1.941,-0.877
-2.015,-0.369
-1.957,-0.594
-2.098,-3.806
-2.054,-0.85
-2.233,-4.031
-2.4,-1.919
-2.475,-1.239
-2.488,-4.185
-2.456,-4.071
-2.455,-0.347
-2.513,-2.18
-2.68,-1.652
-2.71,-4.133
-2.844,-3.04
-3.033,-2.452
-3.007,-4.359
-3.067,-4.359
-2.961,-1.805
-2.994,-2.371
-2.979,-1.68
2.76,-3.392
2.752,-3.167
2.605,-2.171
2.629,-3.337
2.511,-3.251
2.603,-1.586
2.451,-2.306
2.562,-2.645
2.562,-1.745
2.424,-2.882
2.495,-2.55
2.296,-1.566
2.41,-3.986
2.193,-4.192
1.536,-4.359
1.653,-4.4
1.45,-4.305
0.991,-4.638
1.019,-4.709
0.756,-4.557
0.836,-4.36
0.724,-4.397
0.042,-4.568
0.108,-4.316
0.134,-4.434
-0.203,-4.427
-0.365,-4.666
-1.172,-4.527
-1.167,-4.736
-1.43,-4.51
-1.436,-4.531
2.723,-4.624
2.238,-4.455
2.183,-0.21
2.008,0.021
1.209,0.076
0.901,-0.147
0.242,-0.244
0.042,-0.286
-0.962,-0.158
-0.98,-0.25
-1.097,-0.242
-1.522,-0.115
-1.925,-0.246
-2.599,-0.071
-3.056,-0.217
2.965,-0.233
1.294,-2.204
0.91,-2.203
0.065,-2.828
-2.001,-2.203
-2.183,-1.587
-2.903,-0.837
3.111,-0.624
2.519,-3.737
-1.725,-1.894
-2.412,-1.531
2.989,-1.599
2.972,-0.715
2.976,-1.281
2.912,-0.714
2.921,-2.281
2.893,-0.874
2.809,-1.489
2.771,-1.456
2.691,-2.138
2.659,-0.916
2.735,-0.807
2.603,-1.714
2.511,-2.147
0.591,-3.098
-0.7,-1.969
2.929,-3.494
2.503,-2.037
2.247,-1.98
0.521,-4.329
0.403,-4.199
-1.042,-4.082
-0.029,-0.395
0.59,-4.268
-0.009,-4.444
-0.164,-0.215
-0.196,-0.314
-0.543,0.007
-2.481,-0.065
-2.432,-0.223
-2.602,-0.015
-2.63,-0.019
-2.709,-0.041
-2.906,-0.358
2.842,-0.054
2.599,0.056
2.459,-0.272
0.545,-4.128
-0.011,-0.613
-0.341,-3.9
-0.787,-0.454
-2.667,-0.724
-2.663,-2.823
-2.712,-0.571
2.861,-4.0
2.619,-1.064
2.701,-1.336
1.687,-4.495
-1.627,-4.79
2.978,-4.723
0.694,-0.335
-2.929,-0.059
2.139,-4.054
2.107,-2.614
2.067,-0.787
1.949,-3.038
2.095,-4.108
1.94,-2.316
1.846,-2.742
1.835,-0.884
1.651,-4.293
1.594,-2.661
1.67,-1.763
1.652,-0.599
1.408,-1.721
1.244,-1.663
1.361,-4.339
1.353,-2.968
1.355,-2.97
1.31,-3.555
1.34,-0.494
1.245,-3.99
1.091,-2.315
1.055,-3.005
1.033,-2.785
1.095,-4.055
0.942,-2.591
1.018,-1.957
1.004,-2.932
0.872,-2.527
0.752,-1.59
0.493,-3.371
0.64,-2.671
0.428,-0.618
0.401,-4.157
0.366,-0.809
0.418,-1.884
0.256,-2.604
0.252,-4.276
0.361,-1.598
0.228,-1.276
0.198,-2.135
0.197,-2.584
0.168,-3.353
0.263,-3.218
0.275,-0.544
0.152,-2.87
0.23,-3.66
0.099,-0.707
0.084,-1.999
0.038,-3.662
0.056,-4.171
-0.144,-4.209
-0.202,-4.095
-0.204,-1.015
-0.098,-0.555
-0.175,-2.32
-0.192,-2.233
-0.271,-2.451
-0.245,-4.155
-0.416,-2.882
-0.456,-0.679
-0.595,-4.003
-0.574,-1.547
-0.616,-0.602
-0.488,-3.622
-0.789,-3.289
-0.653,-4.268
-0.79,-4.265
-0.784,-1.641
-0.852,-2.288
-0.855,-3.335
-1.098,-3.34
-0.944,-0.605
-1.114,-1.476
-1.125,-0.419
-0.994,-4.013
-1.153,-2.82
-1.181,-3.995
-1.366,-0.818
-1.373,-3.208
-1.352,-2.204
-1.329,-1.596
-1.332,-1.929
-1.495,-2.216
-1.405,-2.361
-1.53,-3.216
-1.513,-1.567
-1.729,-0.921
-1.803,-0.413
-1.745,-0.638
-1.886,-3.85
-1.842,-0.894
-2.021,-4.075
-2.188,-1.963
-2.263,-1.283
-2.276,-4.229
-2.244,-4.115
-2.243,-0.391
-2.301,-2.224
-2.468,-1.696
-2.498,-4.177
-2.632,-3.084
-2.821,-2.496
-2.795,-4.403
-2.855,-4.403
-2.749,-1.849
-2.782,-2.415
-2.767,-1.724
2.972,-3.436
2.964,-3.211
2.817,-2.215
2.841,-3.381
2.723,-3.295
2.815,-1.63
2.663,-2.35
2.774,-2.689
2.774,-1.789
2.636,-2.926
2.707,-2.594
2.508,-1.61
2.622,-4.03
2.405,-4.236
1.748,-4.403
1.865,-4.444
1.662,-4.349
1.203,-4.682
1.231,-4.753
0.968,-4.601
1.048,-4.404
0.936,-4.441
0.254,-4.612
0.32,-4.36
0.346,-4.478
0.009,-4.471
-0.153,-4.71
-0.96,-4.571
-0.955,-4.78
-1.218,-4.554
-1.224,-4.575
2.935,-4.668
2.45,-4.499
2.395,-0.254
2.22,-0.023
1.421,0.032
1.113,-0.191
0.454,-0.288
0.254,-0.33
-0.75,-0.202
-0.768,-0.294
-0.885,-0.286
-1.31,-0.159
-1.713,-0.29
-2.387,-0.115
-2.844,-0.261
-3.106,-0.277
1.506,-2.248
1.122,-2.247
0.277,-2.872
-1.789,-2.247
-1.971,-1.631
-2.691,-0.881
-2.96,-0.668
2.731,-3.781
-1.513,-1.938
-2.2,-1.575
-3.082,-1.643
-3.099,-0.759
-3.095,-1.325
3.124,-0.758
3.133,-2.325
3.105,-0.918
3.021,-1.533
2.983,-1.5
2.903,-2.182
2.871,-0.96
2.947,-0.851
2.815,-1.758
2.723,-2.191
0.803,-3.142
-0.488,-2.013
3.141,-3.538
2.715,-2.081
2.459,-2.024
0.733,-4.373
0.615,-4.243
-0.83,-4.126
0.183,-0.439
0.802,-4.312
0.203,-4.488
-0.032,-0.099
-0.379,0.222
-2.317,0.15
-2.268,-0.008
-2.438,0.2
-2.466,0.196
-2.545,0.174
-2.742,-0.143
3.006,0.161
2.763,0.271
2.623,-0.057
0.709,-3.913
0.153,-0.398
-0.177,-3.685
-0.623,-0.239
-2.503,-0.509
-2.499,-2.608
-2.548,-0.356
3.025,-3.785
2.783,-0.849
2.865,-1.121
1.851,-4.28
-1.463,-4.575
-3.141,-4.508
0.858,-0.12
-2.765,0.156
2.303,-3.839
2.271,-2.399
2.231,-0.572
2.113,-2.823
2.259,-3.893
2.104,-2.101
2.01,-2.527
1.999,-0.669
1.815,-4.078
1.758,-2.446
1.834,-1.548
1.816,-0.384
1.572,-1.506
1.408,-1.448
1.525,-4.124
1.517,-2.753
1.519,-2.755
1.474,-3.34
1.504,-0.279
1.409,-3.775
1.255,-2.1
1.219,-2.79
1.197,-2.57
1.259,-3.84
1.106,-2.376
1.182,-1.742
1.168,-2.717
1.036,-2.312
0.916,-1.375
0.657,-3.156
0.804,-2.456
0.592,-0.403
0.565,-3.942
0.53,-0.594
0.582,-1.669
0.42,-2.389
0.416,-4.061
0.525,-1.383
0.392,-1.061
0.362,-1.92
0.361,-2.369
0.332,-3.138
0.427,-3.003
0.439,-0.329
0.316,-2.655
0.394,-3.445
0.263,-0.492
0.248,-1.784
0.202,-3.447
0.22,-3.956
0.02,-3.994
-0.038,-3.88
-0.04,-0.8
0.066,-0.34
-0.011,-2.105
-0.028,-2.018
-0.107,-2.236
-0.081,-3.94
-0.252,-2.667
-0.292,-0.464
-0.431,-3.788
-0.41,-1.332
-0.452,-0.387
-0.324,-3.407
-0.625,-3.074
-0.489,-4.053
-0.626,-4.05
-0.62,-1.426
-0.688,-2.073
-0.691,-3.12
-0.934,-3.125
-0.78,-0.39
-0.95,-1.261
-0.961,-0.204
-0.83,-3.798
-0.989,-2.605
-1.017,-3.78
-1.202,-0.603
-1.209,-2.993
-1.188,-1.989
-1.165,-1.381
-1.168,-1.714
-1.331,-2.001
-1.241,-2.146
-1.366,-3.001
-1.349,-1.352
-1.565,-0.706
-1.639,-0.198
-1.581,-0.423
-1.722,-3.635
-1.678,-0.679
-1.857,-3.86
-2.024,-1.748
-2.099,-1.068
-2.112,-4.014
-2.08,-3.9
-2.079,-0.176
-2.137,-2.009
-2.304,-1.481
-2.334,-3.962
-2.468,-2.869
-2.657,-2.281
-2.631,-4.188
-2.691,-4.188
-2.585,-1.634
-2.618,-2.2
-2.603,-1.509
3.136,-3.221
3.128,-2.996
2.981,-2.0
3.005,-3.166
2.887,-3.08
2.979,-1.415
2.827,-2.135
2.938,-2.474
2.938,-1.574
2.8,-2.711
2.871,-2.379
2.672,-1.395
2.786,-3.815
2.569,-4.021
1.912,-4.188
2.029,-4.229
1.826,-4.134
1.367,-4.467
1.395,-4.538
1.132,-4.386
1.212,-4.189
1.1,-4.226
0.418,-4.397
0.484,-4.145
0.51,-4.263
0.173,-4.256
0.011,-4.495
-0.796,-4.356
-0.791,-4.565
-1.054,-4.339
-1.06,-4.36
3.099,-4.453
2.614,-4.284
2.559,-0.039
2.384,0.192
1.585,0.247
1.277,0.024
0.618,-0.073
0.418,-0.115
-0.586,0.013
-0.604,-0.079
-0.721,-0.071
-1.146,0.056
-1.549,-0.075
-2.223,0.1
-2.68,-0.046
-2.942,-0.062
1.67,-2.033
1.286,-2.032
0.441,-2.657
-1.625,-2.032
-1.807,-1.416
-2.527,-0.666
-2.796,-0.453
2.895,-3.566
-1.349,-1.723
-2.036,-1.36
-2.918,-1.428
-2.935,-0.544
-2.931,-1.11
-2.995,-0.543
-2.986,-2.11
-3.014,-0.703
-3.098,-1.318
-3.136,-1.285
3.067,-1.967
3.035,-0.745
3.111,-0.636
2.979,-1.543
2.887,-1.976
0.967,-2.927
-0.324,-1.798
-2.978,-3.323
2.879,-1.866
2.623,-1.809
0.897,-4.158
0.779,-4.028
-0.666,-3.911
0.347,-0.224
0.966,-4.097
0.367,-4.273
-0.347,0.321
-2.285,0.249
-2.236,0.091
-2.406,0.299
-2.434,0.295
-2.513,0.273
-2.71,-0.044
3.038,0.26
2.795,0.37
2.655,0.042
0.741,-3.814
0.185,-0.299
-0.145,-3.586
-0.591,-0.14
-2.471,-0.41
-2.467,-2.509
-2.516,-0.257
3.057,-3.686
2.815,-0.75
2.897,-1.022
1.883,-4.181
-1.431,-4.476
-3.109,-4.409
0.89,-0.021
-2.733,0.255
2.335,-3.74
2.303,-2.3
2.263,-0.473
2.145,-2.724
2.291,-3.794
2.136,-2.002
2.042,-2.428
2.031,-0.57
1.847,-3.979
1.79,-2.347
1.866,-1.449
1.848,-0.285
1.604,-1.407
1.44,-1.349
1.557,-4.025
1.549,-2.654
1.551,-2.656
1.506,-3.241
1.536,-0.18
1.441,-3.676
1.287,-2.001
1.251,-2.691
1.229,-2.471
1.291,-3.741
1.138,-2.277
1.214,-1.643
1.2,-2.618
1.068,-2.213
0.948,-1.276
0.689,-3.057
0.836,-2.357
0.624,-0.304
0.597,-3.843
0.562,-0.495
0.614,-1.57
0.452,-2.29
0.448,-3.962
0.557,-1.284
0.424,-0.962
0.394,-1.821
0.393,-2.27
0.364,-3.039
0.459,-2.904
0.471,-0.23
0.348,-2.556
0.426,-3.346
0.295,-0.393
0.28,-1.685
0.234,-3.348
0.252,-3.857
0.052,-3.895
-0.006,-3.781
-0.008,-0.701
0.098,-0.241
0.021,-2.006
0.004,-1.919
-0.075,-2.137
-0.049,-3.841
-0.22,-2.568
-0.26,-0.365
-0.399,-3.689
-0.378,-1.233
-0.42,-0.288
-0.292,-3.308
-0.593,-2.975
-0.457,-3.954
-0.594,-3.951
-0.588,-1.327
-0.656,-1.974
-0.659,-3.021
-0.902,-3.026
-0.748,-0.291
-0.918,-1.162
-0.929,-0.105
-0.798,-3.699
-0.957,-2.506
-0.985,-3.681
-1.17,-0.504
-1.177,-2.894
-1.156,-1.89
-1.133,-1.282
-1.136,-1.615
-1.299,-1.902
-1.209,-2.047
-1.334,-2.902
-1.317,-1.253
-1.533,-0.607
-1.607,-0.099
-1.549,-0.324
-1.69,-3.536
-1.646,-0.58
-1.825,-3.761
-1.992,-1.649
-2.067,-0.969
-2.08,-3.915
-2.048,-3.801
-2.047,-0.077
-2.105,-1.91
-2.272,-1.382
-2.302,-3.863
-2.436,-2.77
-2.625,-2.182
-2.599,-4.089
-2.659,-4.089
-2.553,-1.535
-2.586,-2.101
-2.571,-1.41
-3.115,-3.122
-3.123,-2.897
3.013,-1.901
3.037,-3.067
2.919,-2.981
3.011,-1.316
2.859,-2.036
2.97,-2.375
2.97,-1.475
2.832,-2.612
2.903,-2.28
2.704,-1.296
2.818,-3.716
2.601,-3.922
1.944,-4.089
2.061,-4.13
1.858,-4.035
1.399,-4.368
1.427,-4.439
1.164,-4.287
1.244,-4.09
1.132,-4.127
0.45,-4.298
0.516,-4.046
0.542,-4.164
0.205,-4.157
0.043,-4.396
-0.764,-4.257
-0.759,-4.466
-1.022,-4.24
-1.028,-4.261
3.131,-4.354
2.646,-4.185
2.591,0.06
2.416,0.291
1.617,0.346
1.309,0.123
0.65,0.026
0.45,-0.016
-0.554,0.112
-0.572,0.02
-0.689,0.028
-1.114,0.155
-1.517,0.024
-2.191,0.199
-2.648,0.053
-2.91,0.037
1.702,-1.934
1.318,-1.933
0.473,-2.558
-1.593,-1.933
-1.775,-1.317
-2.495,-0.567
-2.764,-0.354
2.927,-3.467
-1.317,-1.624
-2.004,-1.261
-2.886,-1.329
-2.903,-0.445
-2.899,-1.011
-2.963,-0.444
-2.954,-2.011
-2.982,-0.604
-3.066,-1.219
-3.104,-1.186
3.099,-1.868
3.067,-0.646
-3.14,-0.537
3.011,-1.444
2.919,-1.877
0.999,-2.828
-0.292,-1.699
-2.946,-3.224
2.911,-1.767
2.655,-1.71
0.929,-4.059
0.811,-3.929
-0.634,-3.812
0.379,-0.125
0.998,-3.998
0.399,-4.174
-1.938,-0.072
-1.889,-0.23
-2.059,-0.022
-2.087,-0.026
-2.166,-0.048
-2.363,-0.365
-2.898,-0.061
-3.141,0.049
3.002,-0.279
1.088,-4.135
0.532,-0.62
0.202,-3.907
-0.244,-0.461
-2.124,-0.731
-2.12,-2.83
-2.169,-0.578
-2.879,-4.007
-3.121,-1.071
-3.039,-1.343
2.23,-4.502
-1.084,-4.797
-2.762,-4.73
1.237,-0.342
-2.386,-0.066
2.682,-4.061
2.65,-2.621
2.61,-0.794
2.492,-3.045
2.638,-4.115
2.483,-2.323
2.389,-2.749
2.378,-0.891
2.194,-4.3
2.137,-2.668
2.213,-1.77
2.195,-0.606
1.951,-1.728
1.787,-1.67
1.904,-4.346
1.896,-2.975
1.898,-2.977
1.853,-3.562
1.883,-0.501
1.788,-3.997
1.634,-2.322
1.598,-3.012
1.576,-2.792
1.638,-4.062
1.485,-2.598
1.561,-1.964
1.547,-2.939
1.415,-2.534
1.295,-1.597
1.036,-3.378
1.183,-2.678
0.971,-0.625
0.944,-4.164
0.909,-0.816
0.961,-1.891
0.799,-2.611
0.795,-4.283
0.904,-1.605
0.771,-1.283
0.741,-2.142
0.74,-2.591
0.711,-3.36
0.806,-3.225
0.818,-0.551
0.695,-2.877
0.773,-3.667
0.642,-0.714
0.627,-2.006
0.581,-3.669
0.599,-4.178
0.399,-4.216
0.341,-4.102
0.339,-1.022
0.445,-0.562
0.368,-2.327
0.351,-2.24
0.272,-2.458
0.298,-4.162
0.127,-2.889
0.087,-0.686
-0.052,-4.01
-0.031,-1.554
-0.073,-0.609
0.055,-3.629
-0.246,-3.296
-0.11,-4.275
-0.247,-4.272
-0.241,-1.648
-0.309,-2.295
-0.312,-3.342
-0.555,-3.347
-0.401,-0.612
-0.571,-1.483
-0.582,-0.426
-0.451,-4.02
-0.61,-2.827
-0.638,-4.002
-0.823,-0.825
-0.83,-3.215
-0.809,-2.211
-0.786,-1.603
-0.789,-1.936
-0.952,-2.223
-0.862,-2.368
-0.987,-3.223
-0.97,-1.574
-1.186,-0.928
-1.26,-0.42
-1.202,-0.645
-1.343,-3.857
-1.299,-0.901
-1.478,-4.082
-1.645,-1.97
-1.72,-1.29
-1.733,-4.236
-1.701,-4.122
-1.7,-0.398
-1.758,-2.231
-1.925,-1.703
-1.955,-4.184
-2.089,-3.091
-2.278,-2.503
-2.252,-4.41
-2.312,-4.41
-2.206,-1.856
-2.239,-2.422
-2.224,-1.731
-2.768,-3.443
-2.776,-3.218
-2.923,-2.222
-2.899,-3.388
-3.017,-3.302
-2.925,-1.637
-3.077,-2.357
-2.966,-2.696
-2.966,-1.796
-3.104,-2.933
-3.033,-2.601
3.051,-1.617
-3.118,-4.037
2.948,-4.243
2.291,-4.41
2.408,-4.451
2.205,-4.356
1.746,-4.689
1.774,-4.76
1.511,-4.608
1.591,-4.411
1.479,-4.448
0.797,-4.619
0.863,-4.367
0.889,-4.485
0.552,-4.478
0.39,-4.717
-0.417,-4.578
-0.412,-4.787
-0.675,-4.561
-0.681,-4.582
-2.805,-4.675
2.993,-4.506
2.938,-0.261
2.763,-0.03
1.964,0.025
1.656,-0.198
0.997,-0.295
0.797,-0.337
-0.207,-0.209
-0.225,-0.301
-0.342,-0.293
-0.767,-0.166
-1.17,-0.297
-1.844,-0.122
-2.301,-0.268
-2.563,-0.284
2.049,-2.255
1.665,-2.254
0.82,-2.879
-1.246,-2.254
-1.428,-1.638
-2.148,-0.888
-2.417,-0.675
-3.009,-3.788
-0.97,-1.945
-1.657,-1.582
-2.539,-1.65
-2.556,-0.766
-2.552,-1.332
-2.616,-0.765
-2.607,-2.332
-2.635,-0.925
-2.719,-1.54
-2.757,-1.507
-2.837,-2.189
-2.869,-0.967
-2.793,-0.858
-2.925,-1.765
-3.017,-2.198
1.346,-3.149
0.055,-2.02
-2.599,-3.545
-3.025,-2.088
3.002,-2.031
1.276,-4.38
1.158,-4.25
-0.287,-4.133
0.726,-0.446
1.345,-4.319
0.746,-4.495
0.049,-0.158
-0.121,0.05
-0.149,0.046
-0.228,0.024
-0.425,-0.293
-0.96,0.011
-1.203,0.121
-1.343,-0.207
3.026,-4.063
2.47,-0.548
2.14,-3.835
1.694,-0.389
-0.186,-0.659
-0.182,-2.758
-0.231,-0.506
-0.941,-3.935
-1.183,-0.999
-1.101,-1.271
-2.115,-4.43
0.854,-4.725
-0.824,-4.658
-3.108,-0.27
-0.448,0.006
-1.663,-3.989
-1.695,-2.549
-1.735,-0.722
-1.853,-2.973
-1.707,-4.043
-1.862,-2.251
-1.956,-2.677
-1.967,-0.819
-2.151,-4.228
-2.208,-2.596
-2.132,-1.698
-2.15,-0.534
-2.394,-1.656
-2.558,-1.598
-2.441,-4.274
-2.449,-2.903
-2.447,-2.905
-2.492,-3.49
-2.462,-0.429
-2.557,-3.925
-2.711,-2.25
-2.747,-2.94
-2.769,-2.72
-2.707,-3.99
-2.86,-2.526
-2.784,-1.892
-2.798,-2.867
-2.93,-2.462
-3.05,-1.525
2.974,-3.306
3.121,-2.606
2.909,-0.553
2.882,-4.092
2.847,-0.744
2.899,-1.819
2.737,-2.539
2.733,-4.211
2.842,-1.533
2.709,-1.211
2.679,-2.07
2.678,-2.519
2.649,-3.288
2.744,-3.153
2.756,-0.479
2.633,-2.805
2.711,-3.595
2.58,-0.642
2.565,-1.934
2.519,-3.597
2.537,-4.106
2.337,-4.144
2.279,-4.03
2.277,-0.95
2.383,-0.49
2.306,-2.255
2.289,-2.168
2.21,-2.386
2.236,-4.09
2.065,-2.817
2.025,-0.614
1.886,-3.938
1.907,-1.482
1.865,-0.537
1.993,-3.557
1.692,-3.224
1.828,-4.203
1.691,-4.2
1.697,-1.576
1.629,-2.223
1.626,-3.27
1.383,-3.275
1.537,-0.54
1.367,-1.411
1.356,-0.354
1.487,-3.948
1.328,-2.755
1.3,-3.93
1.115,-0.753
1.108,-3.143
1.129,-2.139
1.152,-1.531
1.149,-1.864
0.986,-2.151
1.076,-2.296
0.951,-3.151
0.968,-1.502
0.752,-0.856
0.678,-0.348
0.736,-0.573
0.595,-3.785
0.639,-0.829
0.46,-4.01
0.293,-1.898
0.218,-1.218
0.205,-4.164
0.237,-4.05
0.238,-0.326
0.18,-2.159
0.013,-1.631
-0.017,-4.112
-0.151,-3.019
-0.34,-2.431
-0.314,-4.338
-0.374,-4.338
-0.268,-1.784
-0.301,-2.35
-0.286,-1.659
-0.83,-3.371
-0.838,-3.146
-0.985,-2.15
-0.961,-3.316
-1.079,-3.23
-0.987,-1.565
-1.139,-2.285
-1.028,-2.624
-1.028,-1.724
-1.166,-2.861
-1.095,-2.529
-1.294,-1.545
-1.18,-3.965
-1.397,-4.171
-2.054,-4.338
-1.937,-4.379
-2.14,-4.284
-2.599,-4.617
-2.571,-4.688
-2.834,-4.536
-2.754,-4.339
-2.866,-4.376
2.735,-4.547
2.801,-4.295
2.827,-4.413
2.49,-4.406
2.328,-4.645
1.521,-4.506
1.526,-4.715
1.263,-4.489
1.257,-4.51
-0.867,-4.603
-1.352,-4.434
-1.407,-0.189
-1.582,0.042
-2.381,0.097
-2.689,-0.126
2.935,-0.223
2.735,-0.265
1.731,-0.137
1.713,-0.229
1.596,-0.221
1.171,-0.094
0.768,-0.225
0.094,-0.05
-0.363,-0.196
-0.625,-0.212
-2.296,-2.183
-2.68,-2.182
2.758,-2.807
0.692,-2.182
0.51,-1.566
-0.21,-0.816
-0.479,-0.603
-1.071,-3.716
0.968,-1.873
0.281,-1.51
-0.601,-1.578
-0.618,-0.694
-0.614,-1.26
-0.678,-0.693
-0.669,-2.26
-0.697,-0.853
-0.781,-1.468
-0.819,-1.435
-0.899,-2.117
-0.931,-0.895
-0.855,-0.786
-0.987,-1.693
-1.079,-2.126
-2.999,-3.077
1.993,-1.948
-0.661,-3.473
-1.087,-2.016
-1.343,-1.959
-3.069,-4.308
3.096,-4.178
1.651,-4.061
2.664,-0.374
-3.0,-4.247
2.684,-4.423
-0.17,0.208
-0.198,0.204
-0.277,0.182
-0.474,-0.135
-1.009,0.169
-1.252,0.279
-1.392,-0.049
2.977,-3.905
2.421,-0.39
2.091,-3.677
1.645,-0.231
-0.235,-0.501
-0.231,-2.6
-0.28,-0.348
-0.99,-3.777
-1.232,-0.841
-1.15,-1.113
-2.164,-4.272
0.805,-4.567
-0.873,-4.5
3.126,-0.112
-0.497,0.164
-1.712,-3.831
-1.744,-2.391
-1.784,-0.564
-1.902,-2.815
-1.756,-3.885
-1.911,-2.093
-2.005,-2.519
-2.016,-0.661
-2.2,-4.07
-2.257,-2.438
-2.181,-1.54
-2.199,-0.376
-2.443,-1.498
-2.607,-1.44
-2.49,-4.116
-2.498,-2.745
-2.496,-2.747
-2.541,-3.332
-2.511,-0.271
-2.606,-3.767
-2.76,-2.092
-2.796,-2.782
-2.818,-2.562
-2.756,-3.832
-2.909,-2.368
-2.833,-1.734
-2.847,-2.709
-2.979,-2.304
-3.099,-1.367
2.925,-3.148
3.072,-2.448
2.86,-0.395
2.833,-3.934
2.798,-0.586
2.85,-1.661
2.688,-2.381
2.684,-4.053
2.793,-1.375
2.66,-1.053
2.63,-1.912
2.629,-2.361
2.6,-3.13
2.695,-2.995
2.707,-0.321
2.584,-2.647
2.662,-3.437
2.531,-0.484
2.516,-1.776
2.47,-3.439
2.488,-3.948
2.288,-3.986
2.23,-3.872
2.228,-0.792
2.334,-0.332
2.257,-2.097
2.24,-2.01
2.161,-2.228
2.187,-3.932
2.016,-2.659
1.976,-0.456
1.837,-3.78
1.858,-1.324
1.816,-0.379
1.944,-3.399
1.643,-3.066
1.779,-4.045
1.642,-4.042
1.648,-1.418
1.58,-2.065
1.577,-3.112
1.334,-3.117
1.488,-0.382
1.318,-1.253
1.307,-0.196
1.438,-3.79
1.279,-2.597
1.251,-3.772
1.066,-0.595
1.059,-2.985
1.08,-1.981
1.103,-1.373
1.1,-1.706
0.937,-1.993
1.027,-2.138
0.902,-2.993
0.919,-1.344
0.703,-0.698
0.629,-0.19
0.687,-0.415
0.546,-3.627
0.59,-0.671
0.411,-3.852
0.244,-1.74
0.169,-1.06
0.156,-4.006
0.188,-3.892
0.189,-0.168
0.131,-2.001
-0.036,-1.473
-0.066,-3.954
-0.2,-2.861
-0.389,-2.273
-0.363,-4.18
-0.423,-4.18
-0.317,-1.626
-0.35,-2.192
-0.335,-1.501
-0.879,-3.213
-0.887,-2.988
-1.034,-1.992
-1.01,-3.158
-1.128,-3.072
-1.036,-1.407
-1.188,-2.127
-1.077,-2.466
-1.077,-1.566
-1.215,-2.703
-1.144,-2.371
-1.343,-1.387
-1.229,-3.807
-1.446,-4.013
-2.103,-4.18
-1.986,-4.221
-2.189,-4.126
-2.648,-4.459
-2.62,-4.53
-2.883,-4.378
-2.803,-4.181
-2.915,-4.218
2.686,-4.389
2.752,-4.137
2.778,-4.255
2.441,-4.248
2.279,-4.487
1.472,-4.348
1.477,-4.557
1.214,-4.331
1.208,-4.352
-0.916,-4.445
-1.401,-4.276
-1.456,-0.031
-1.631,0.2
-2.43,0.255
-2.738,0.032
2.886,-0.065
2.686,-0.107
1.682,0.021
1.664,-0.071
1.547,-0.063
1.122,0.064
0.719,-0.067
0.045,0.108
-0.412,-0.038
-0.674,-0.054
-2.345,-2.025
-2.729,-2.024
2.709,-2.649
0.643,-2.024
0.461,-1.408
-0.259,-0.658
-0.528,-0.445
-1.12,-3.558
0.919,-1.715
0.232,-1.352
-0.65,-1.42
-0.667,-0.536
-0.663,-1.102
-0.727,-0.535
-0.718,-2.102
-0.746,-0.695
-0.83,-1.31
-0.868,-1.277
-0.948,-1.959
-0.98,-0.737
-0.904,-0.628
-1.036,-1.535
-1.128,-1.968
-3.048,-2.919
1.944,-1.79
-0.71,-3.315
-1.136,-1.858
-1.392,-1.801
-3.118,-4.15
3.047,-4.02
1.602,-3.903
2.615,-0.216
-3.049,-4.089
2.635,-4.265
-0.028,-0.004
-0.107,-0.026
-0.304,-0.343
-0.839,-0.039
-1.082,0.071
-1.222,-0.257
-3.136,-4.113
2.591,-0.598
2.261,-3.885
1.815,-0.439
-0.065,-0.709
-0.061,-2.808
-0.11,-0.556
-0.82,-3.985
-1.062,-1.049
-0.98,-1.321
-1.994,-4.48
0.975,-4.775
-0.703,-4.708
-2.987,-0.32
-0.327,-0.044
-1.542,-4.039
-1.574,-2.599
-1.614,-0.772
-1.732,-3.023
-1.586,-4.093
-1.741,-2.301
-1.835,-2.727
-1.846,-0.869
-2.03,-4.278
-2.087,-2.646
-2.011,-1.748
-2.029,-0.584
-2.273,-1.706
-2.437,-1.648
-2.32,-4.324
-2.328,-2.953
-2.326,-2.955
-2.371,-3.54
-2.341,-0.479
-2.436,-3.975
-2.59,-2.3
-2.626,-2.99
-2.648,-2.77
-2.586,-4.04
-2.739,-2.576
-2.663,-1.942
-2.677,-2.917
-2.809,-2.512
-2.929,-1.575
3.095,-3.356
-3.041,-2.656
3.03,-0.603
3.003,-4.142
2.968,-0.794
3.02,-1.869
2.858,-2.589
2.854,-4.261
2.963,-1.583
2.83,-1.261
2.8,-2.12
2.799,-2.569
2.77,-3.338
2.865,-3.203
2.877,-0.529
2.754,-2.855
2.832,-3.645
2.701,-0.692
2.686,-1.984
2.64,-3.647
2.658,-4.156
2.458,-4.194
2.4,-4.08
2.398,-1.0
2.504,-0.54
2.427,-2.305
2.41,-2.218
2.331,-2.436
2.357,-4.14
2.186,-2.867
2.146,-0.664
2.007,-3.988
2.028,-1.532
1.986,-0.587
2.114,-3.607
1.813,-3.274
1.949,-4.253
1.812,-4.25
1.818,-1.626
1.75,-2.273
1.747,-3.32
1.504,-3.325
1.658,-0.59
1.488,-1.461
1.477,-0.404
1.608,-3.998
1.449,-2.805
1.421,-3.98
1.236,-0.803
1.229,-3.193
1.25,-2.189
1.273,-1.581
1.27,-1.914
1.107,-2.201
1.197,-2.346
1.072,-3.201
1.089,-1.552
0.873,-0.906
0.799,-0.398
0.857,-0.623
0.716,-3.835
0.76,-0.879
0.581,-4.06
0.414,-1.948
0.339,-1.268
0.326,-4.214
0.358,-4.1
0.359,-0.376
0.301,-2.209
0.134,-1.681
0.104,-4.162
-0.03,-3.069
-0.219,-2.481
-0.193,-4.388
-0.253,-4.388
-0.147,-1.834
-0.18,-2.4
-0.165,-1.709
-0.709,-3.421
-0.717,-3.196
-0.864,-2.2
-0.84,-3.366
-0.958,-3.28
-0.866,-1.615
-1.018,-2.335
-0.907,-2.674
-0.907,-1.774
-1.045,-2.911
-0.974,-2.579
-1.173,-1.595
-1.059,-4.015
-1.276,-4.221
-1.933,-4.388
-1.816,-4.429
-2.019,-4.334
-2.478,-4.667
-2.45,-4.738
-2.713,-4.586
-2.633,-4.389
-2.745,-4.426
2.856,-4.597
2.922,-4.345
2.948,-4.463
2.611,-4.456
2.449,-4.695
1.642,-4.556
1.647,-4.765
1.384,-4.539
1.378,-4.56
-0.746,-4.653
-1.231,-4.484
-1.286,-0.239
-1.461,-0.008
-2.26,0.047
-2.568,-0.176
3.056,-0.273
2.856,-0.315
1.852,-0.187
1.834,-0.279
1.717,-0.271
1.292,-0.144
0.889,-0.275
0.215,-0.1
-0.242,-0.246
-0.504,-0.262
-2.175,-2.233
-2.559,-2.232
2.879,-2.857
0.813,-2.232
0.631,-1.616
-0.089,-0.866
-0.358,-0.653
-0.95,-3.766
1.089,-1.923
0.402,-1.56
-0.48,-1.628
-0.497,-0.744
-0.493,-1.31
-0.557,-0.743
-0.548,-2.31
-0.576,-0.903
-0.66,-1.518
-0.698,-1.485
-0.778,-2.167
-0.81,-0.945
-0.734,-0.836
-0.866,-1.743
-0.958,-2.176
-2.878,-3.127
2.114,-1.998
-0.54,-3.523
-0.966,-2.066
-1.222,-2.009
-2.948,-4.358
-3.066,-4.228
1.772,-4.111
2.785,-0.424
-2.879,-4.297
2.805,-4.473
-0.079,-0.022
-0.276,-0.339
-0.811,-0.035
-1.054,0.075
-1.194,-0.253
-3.108,-4.109
2.619,-0.594
2.289,-3.881
1.843,-0.435
-0.037,-0.705
-0.033,-2.804
-0.082,-0.552
-0.792,-3.981
-1.034,-1.045
-0.952,-1.317
-1.966,-4.476
1.003,-4.771
-0.675,-4.704
-2.959,-0.316
-0.299,-0.04
-1.514,-4.035
-1.546,-2.595
-1.586,-0.768
-1.704,-3.019
-1.558,-4.089
-1.713,-2.297
-1.807,-2.723
-1.818,-0.865
-2.002,-4.274
-2.059,-2.642
-1.983,-1.744
-2.001,-0.58
-2.245,-1.702
-2.409,-1.644
-2.292,-4.32
-2.3,-2.949
-2.298,-2.951
-2.343,-3.536
-2.313,-0.475
-2.408,-3.971
-2.562,-2.296
-2.598,-2.986
-2.62,-2.766
-2.558,-4.036
-2.711,-2.572
-2.635,-1.938
-2.649,-2.913
-2.781,-2.508
-2.901,-1.571
3.123,-3.352
-3.013,-2.652
3.058,-0.599
3.031,-4.138
2.996,-0.79
3.048,-1.865
2.886,-2.585
2.882,-4.257
2.991,-1.579
2.858,-1.257
2.828,-2.116
2.827,-2.565
2.798,-3.334
2.893,-3.199
2.905,-0.525
2.782,-2.851
2.86,-3.641
2.729,-0.688
2.714,-1.98
2.668,-3.643
2.686,-4.152
2.486,-4.19
2.428,-4.076
2.426,-0.996
2.532,-0.536
2.455,-2.301
2.438,-2.214
2.359,-2.432
2.385,-4.136
2.214,-2.863
2.174,-0.66
2.035,-3.984
2.056,-1.528
2.014,-0.583
2.142,-3.603
1.841,-3.27
1.977,-4.249
1.84,-4.246
1.846,-1.622
1.778,-2.269
1.775,-3.316
1.532,-3.321
1.686,-0.586
1.516,-1.457
1.505,-0.4
1.636,-3.994
1.477,-2.801
1.449,-3.976
1.264,-0.799
1.257,-3.189
1.278,-2.185
1.301,-1.577
1.298,-1.91
1.135,-2.197
1.225,-2.342
1.1,-3.197
1.117,-1.548
0.901,-0.902
0.827,-0.394
0.885,-0.619
0.744,-3.831
0.788,-0.875
0.609,-4.056
0.442,-1.944
0.367,-1.264
0.354,-4.21
0.386,-4.096
0.387,-0.372
0.329,-2.205
0.162,-1.677
0.132,-4.158
-0.002,-3.065
-0.191,-2.477
-0.165,-4.384
-0.225,-4.384
-0.119,-1.83
-0.152,-2.396
-0.137,-1.705
-0.681,-3.417
-0.689,-3.192
-0.836,-2.196
-0.812,-3.362
-0.93,-3.276
-0.838,-1.611
-0.99,-2.331
-0.879,-2.67
-0.879,-1.77
-1.017,-2.907
-0.946,-2.575
-1.145,-1.591
-1.031,-4.011
-1.248,-4.217
-1.905,-4.384
-1.788,-4.425
-1.991,-4.33
-2.45,-4.663
-2.422,-4.734
-2.685,-4.582
-2.605,-4.385
-2.717,-4.422
2.884,-4.593
2.95,-4.341
2.976,-4.459
2.639,-4.452
2.477,-4.691
1.67,-4.552
1.675,-4.761
1.412,-4.535
1.406,-4.556
-0.718,-4.649
-1.203,-4.48
-1.258,-0.235
-1.433,-0.004
-2.232,0.051
-2.54,-0.172
3.084,-0.269
2.884,-0.311
1.88,-0.183
1.862,-0.275
1.745,-0.267
1.32,-0.14
0.917,-0.271
0.243,-0.096
-0.214,-0.242
-0.476,-0.258
-2.147,-2.229
-2.531,-2.228
2.907,-2.853
0.841,-2.228
0.659,-1.612
-0.061,-0.862
-0.33,-0.649
-0.922,-3.762
1.117,-1.919
0.43,-1.556
-0.452,-1.624
-0.469,-0.74
-0.465,-1.306
-0.529,-0.739
-0.52,-2.306
-0.548,-0.899
-0.632,-1.514
-0.67,-1.481
-0.75,-2.163
-0.782,-0.941
-0.706,-0.832
-0.838,-1.739
-0.93,-2.172
-2.85,-3.123
2.142,-1.994
-0.512,-3.519
-0.938,-2.062
-1.194,-2.005
-2.92,-4.354
-3.038,-4.224
1.8,-4.107
2.813,-0.42
-2.851,-4.293
2.833,-4.469
-0.197,-0.317
-0.732,-0.013
-0.975,0.097
-1.115,-0.231
-3.029,-4.087
2.698,-0.572
2.368,-3.859
1.922,-0.413
0.042,-0.683
0.046,-2.782
-0.003,-0.53
-0.713,-3.959
-0.955,-1.023
-0.873,-1.295
-1.887,-4.454
1.082,-4.749
-0.596,-4.682
-2.88,-0.294
-0.22,-0.018
-1.435,-4.013
-1.467,-2.573
-1.507,-0.746
-1.625,-2.997
-1.479,-4.067
-1.634,-2.275
-1.728,-2.701
-1.739,-0.843
-1.923,-4.252
-1.98,-2.62
-1.904,-1.722
-1.922,-0.558
-2.166,-1.68
-2.33,-1.622
-2.213,-4.298
-2.221,-2.927
-2.219,-2.929
-2.264,-3.514
-2.234,-0.453
-2.329,-3.949
-2.483,-2.274
-2.519,-2.964
-2.541,-2.744
-2.479,-4.014
-2.632,-2.55
-2.556,-1.916
-2.57,-2.891
-2.702,-2.486
-2.822,-1.549
-3.081,-3.33
-2.934,-2.63
3.137,-0.577
3.11,-4.116
3.075,-0.768
3.127,-1.843
2.965,-2.563
2.961,-4.235
3.07,-1.557
2.937,-1.235
2.907,-2.094
2.906,-2.543
2.877,-3.312
2.972,-3.177
2.984,-0.503
2.861,-2.829
2.939,-3.619
2.808,-0.666
2.793,-1.958
2.747,-3.621
2.765,-4.13
2.565,-4.168
2.507,-4.054
2.505,-0.974
2.611,-0.514
2.534,-2.279
2.517,-2.192
2.438,-2.41
2.464,-4.114
2.293,-2.841
2.253,-0.638
2.114,-3.962
2.135,-1.506
2.093,-0.561
2.221,-3.581
1.92,-3.248
2.056,-4.227
1.919,-4.224
1.925,-1.6
1.857,-2.247
1.854,-3.294
1.611,-3.299
1.765,-0.564
1.595,-1.435
1.584,-0.378
1.715,-3.972
1.556,-2.779
1.528,-3.954
1.343,-0.777
1.336,-3.167
1.357,-2.163
1.38,-1.555
1.377,-1.888
1.214,-2.175
1.304,-2.32
1.179,-3.175
1.196,-1.526
0.98,-0.88
0.906,-0.372
0.964,-0.597
0.823,-3.809
0.867,-0.853
0.688,-4.034
0.521,-1.922
0.446,-1.242
0.433,-4.188
0.465,-4.074
0.466,-0.35
0.408,-2.183
0.241,-1.655
0.211,-4.136
0.077,-3.043
-0.112,-2.455
-0.086,-4.362
-0.146,-4.362
-0.04,-1.808
-0.073,-2.374
-0.058,-1.683
-0.602,-3.395
-0.61,-3.17
-0.757,-2.174
-0.733,-3.34
-0.851,-3.254
-0.759,-1.589
-0.911,-2.309
-0.8,-2.648
-0.8,-1.748
-0.938,-2.885
-0.867,-2.553
-1.066,-1.569
-0.952,-3.989
-1.169,-4.195
-1.826,-4.362
-1.709,-4.403
-1.912,-4.308
-2.371,-4.641
-2.343,-4.712
-2.606,-4.56
-2.526,-4.363
-2.638,-4.4
2.963,-4.571
3.029,-4.319
3.055,-4.437
2.718,-4.43
2.556,-4.669
1.749,-4.53
1.754,-4.739
1.491,-4.513
1.485,-4.534
-0.639,-4.627
-1.124,-4.458
-1.179,-0.213
-1.354,0.018
-2.153,0.073
-2.461,-0.15
-3.12,-0.247
2.963,-0.289
1.959,-0.161
1.941,-0.253
1.824,-0.245
1.399,-0.118
0.996,-0.249
0.322,-0.074
-0.135,-0.22
-0.397,-0.236
-2.068,-2.207
-2.452,-2.206
2.986,-2.831
0.92,-2.206
0.738,-1.59
0.018,-0.84
-0.251,-0.627
-0.843,-3.74
1.196,-1.897
0.509,-1.534
-0.373,-1.602
-0.39,-0.718
-0.386,-1.284
-0.45,-0.717
-0.441,-2.284
-0.469,-0.877
-0.553,-1.492
-0.591,-1.459
-0.671,-2.141
-0.703,-0.919
-0.627,-0.81
-0.759,-1.717
-0.851,-2.15
-2.771,-3.101
2.221,-1.972
-0.433,-3.497
-0.859,-2.04
-1.115,-1.983
-2.841,-4.332
-2.959,-4.202
1.879,-4.085
2.892,-0.398
-2.772,-4.271
2.912,-4.447
-0.535,0.304
-0.778,0.414
-0.918,0.086
-2.832,-3.77
2.895,-0.255
2.565,-3.542
2.119,-0.096
0.239,-0.366
0.243,-2.465
0.194,-0.213
-0.516,-3.642
-0.758,-0.706
-0.676,-0.978
-1.69,-4.137
1.279,-4.432
-0.399,-4.365
-2.683,0.023
-0.023,0.299
-1.238,-3.696
-1.27,-2.256
-1.31,-0.429
-1.428,-2.68
-1.282,-3.75
-1.437,-1.958
-1.531,-2.384
-1.542,-0.526
-1.726,-3.935
-1.783,-2.303
-1.707,-1.405
-1.725,-0.241
-1.969,-1.363
-2.133,-1.305
-2.016,-3.981
-2.024,-2.61
-2.022,-2.612
-2.067,-3.197
-2.037,-0.136
-2.132,-3.632
-2.286,-1.957
-2.322,-2.647
-2.344,-2.427
-2.282,-3.697
-2.435,-2.233
-2.359,-1.599
-2.373,-2.574
-2.505,-2.169
-2.625,-1.232
-2.884,-3.013
-2.737,-2.313
-2.949,-0.26
-2.976,-3.799
-3.011,-0.451
-2.959,-1.526
-3.121,-2.246
-3.125,-3.918
-3.016,-1.24
3.134,-0.918
3.104,-1.777
3.103,-2.226
3.074,-2.995
-3.114,-2.86
-3.102,-0.186
3.058,-2.512
3.136,-3.302
3.005,-0.349
2.99,-1.641
2.944,-3.304
2.962,-3.813
2.762,-3.851
2.704,-3.737
2.702,-0.657
2.808,-0.197
2.731,-1.962
2.714,-1.875
2.635,-2.093
2.661,-3.797
2.49,-2.524
2.45,-0.321
2.311,-3.645
2.332,-1.189
2.29,-0.244
2.418,-3.264
2.117,-2.931
2.253,-3.91
2.116,-3.907
2.122,-1.283
2.054,-1.93
2.051,-2.977
1.808,-2.982
1.962,-0.247
1.792,-1.118
1.781,-0.061
1.912,-3.655
1.753,-2.462
1.725,-3.637
1.54,-0.46
1.533,-2.85
1.554,-1.846
1.577,-1.238
1.574,-1.571
1.411,-1.858
1.501,-2.003
1.376,-2.858
1.393,-1.209
1.177,-0.563
1.103,-0.055
1.161,-0.28
1.02,-3.492
1.064,-0.536
0.885,-3.717
0.718,-1.605
0.643,-0.925
0.63,-3.871
0.662,-3.757
0.663,-0.033
0.605,-1.866
0.438,-1.338
0.408,-3.819
0.274,-2.726
0.085,-2.138
0.111,-4.045
0.051,-4.045
0.157,-1.491
0.124,-2.057
0.139,-1.366
-0.405,-3.078
-0.413,-2.853
-0.56,-1.857
-0.536,-3.023
-0.654,-2.937
-0.562,-1.272
-0.714,-1.992
-0.603,-2.331
-0.603,-1.431
-0.741,-2.568
-0.67,-2.236
-0.869,-1.252
-0.755,-3.672
-0.972,-3.878
-1.629,-4.045
-1.512,-4.086
-1.715,-3.991
-2.174,-4.324
-2.146,-4.395
-2.409,-4.243
-2.329,-4.046
-2.441,-4.083
-3.123,-4.254
-3.057,-4.002
-3.031,-4.12
2.915,-4.113
2.753,-4.352
1.946,-4.213
1.951,-4.422
1.688,-4.196
1.682,-4.217
-0.442,-4.31
-0.927,-4.141
-0.982,0.104
-1.157,0.335
-1.956,0.39
-2.264,0.167
-2.923,0.07
-3.123,0.028
2.156,0.156
2.138,0.064
2.021,0.072
1.596,0.199
1.193,0.068
0.519,0.243
0.062,0.097
-0.2,0.081
-1.871,-1.89
-2.255,-1.889
-3.1,-2.514
1.117,-1.889
0.935,-1.273
0.215,-0.523
-0.054,-0.31
-0.646,-3.423
1.393,-1.58
0.706,-1.217
-0.176,-1.285
-0.193,-0.401
-0.189,-0.967
-0.253,-0.4
-0.244,-1.967
-0.272,-0.56
-0.356,-1.175
-0.394,-1.142
-0.474,-1.824
-0.506,-0.602
-0.43,-0.493
-0.562,-1.4
-0.654,-1.833
-2.574,-2.784
2.418,-1.655
-0.236,-3.18
-0.662,-1.723
-0.918,-1.666
-2.644,-4.015
-2.762,-3.885
2.076,-3.768
3.089,-0.081
-2.575,-3.954
3.109,-4.13
-0.243,0.11
-0.383,-0.218
-2.297,-4.074
-2.853,-0.559
3.1,-3.846
2.654,-0.4
0.774,-0.67
0.778,-2.769
0.729,-0.517
0.019,-3.946
-0.223,-1.01
-0.141,-1.282
-1.155,-4.441
1.814,-4.736
0.136,-4.669
-2.148,-0.281
0.512,-0.005
-0.703,-4.0
-0.735,-2.56
-0.775,-0.733
-0.893,-2.984
-0.747,-4.054
-0.902,-2.262
-0.996,-2.688
-1.007,-0.83
-1.191,-4.239
-1.248,-2.607
-1.172,-1.709
-1.19,-0.545
-1.434,-1.667
-1.598,-1.609
-1.481,-4.285
-1.489,-2.914
-1.487,-2.916
-1.532,-3.501
-1.502,-0.44
-1.597,-3.936
-1.751,-2.261
-1.787,-2.951
-1.809,-2.731
-1.747,-4.001
-1.9,-2.537
-1.824,-1.903
-1.838,-2.878
-1.97,-2.473
-2.09,-1.536
-2.349,-3.317
-2.202,-2.617
-2.414,-0.564
-2.441,-4.103
-2.476,-0.755
-2.424,-1.83
-2.586,-2.55
-2.59,-4.222
-2.481,-1.544
-2.614,-1.222
-2.644,-2.081
-2.645,-2.53
-2.674,-3.299
-2.579,-3.164
-2.567,-0.49
-2.69,-2.816
-2.612,-3.606
-2.743,-0.653
-2.758,-1.945
-2.804,-3.608
-2.786,-4.117
-2.986,-4.155
-3.044,-4.041
-3.046,-0.961
-2.94,-0.501
-3.017,-2.266
-3.034,-2.179
-3.113,-2.397
-3.087,-4.101
3.025,-2.828
2.985,-0.625
2.846,-3.949
2.867,-1.493
2.825,-0.548
2.953,-3.568
2.652,-3.235
2.788,-4.214
2.651,-4.211
2.657,-1.587
2.589,-2.234
2.586,-3.281
2.343,-3.286
2.497,-0.551
2.327,-1.422
2.316,-0.365
2.447,-3.959
2.288,-2.766
2.26,-3.941
2.075,-0.764
2.068,-3.154
2.089,-2.15
2.112,-1.542
2.109,-1.875
1.946,-2.162
2.036,-2.307
1.911,-3.162
1.928,-1.513
1.712,-0.867
1.638,-0.359
1.696,-0.584
1.555,-3.796
1.599,-0.84
1.42,-4.021
1.253,-1.909
1.178,-1.229
1.165,-4.175
1.197,-4.061
1.198,-0.337
1.14,-2.17
0.973,-1.642
0.943,-4.123
0.809,-3.03
0.62,-2.442
0.646,-4.349
0.586,-4.349
0.692,-1.795
0.659,-2.361
0.674,-1.67
0.13,-3.382
0.122,-3.157
-0.025,-2.161
-0.001,-3.327
-0.119,-3.241
-0.027,-1.576
-0.179,-2.296
-0.068,-2.635
-0.068,-1.735
-0.206,-2.872
-0.135,-2.54
-0.334,-1.556
-0.22,-3.976
-0.437,-4.182
-1.094,-4.349
-0.977,-4.39
-1.18,-4.295
-1.639,-4.628
-1.611,-4.699
-1.874,-4.547
-1.794,-4.35
-1.906,-4.387
-2.588,-4.558
-2.522,-4.306
-2.496,-4.424
-2.833,-4.417
-2.995,-4.656
2.481,-4.517
2.486,-4.726
2.223,-4.5
2.217,-4.521
0.093,-4.614
-0.392,-4.445
-0.447,-0.2
-0.622,0.031
-1.421,0.086
-1.729,-0.137
-2.388,-0.234
-2.588,-0.276
2.691,-0.148
2.673,-0.24
2.556,-0.232
2.131,-0.105
1.728,-0.236
1.054,-0.061
0.597,-0.207
0.335,-0.223
-1.336,-2.194
-1.72,-2.193
-2.565,-2.818
1.652,-2.193
1.47,-1.577
0.75,-0.827
0.481,-0.614
-0.111,-3.727
1.928,-1.884
1.241,-1.521
0.359,-1.589
0.342,-0.705
0.346,-1.271
0.282,-0.704
0.291,-2.271
0.263,-0.864
0.179,-1.479
0.141,-1.446
0.061,-2.128
0.029,-0.906
0.105,-0.797
-0.027,-1.704
-0.119,-2.137
-2.039,-3.088
2.953,-1.959
0.299,-3.484
-0.127,-2.027
-0.383,-1.97
-2.109,-4.319
-2.227,-4.189
2.611,-4.072
-2.659,-0.385
-2.04,-4.258
-2.639,-4.434
-0.14,-0.328
-2.054,-4.184
-2.61,-0.669
-2.94,-3.956
2.897,-0.51
1.017,-0.78
1.021,-2.879
0.972,-0.627
0.262,-4.056
0.02,-1.12
0.102,-1.392
-0.912,-4.551
2.057,-4.846
0.379,-4.779
-1.905,-0.391
0.755,-0.115
-0.46,-4.11
-0.492,-2.67
-0.532,-0.843
-0.65,-3.094
-0.504,-4.164
-0.659,-2.372
-0.753,-2.798
-0.764,-0.94
-0.948,-4.349
-1.005,-2.717
-0.929,-1.819
-0.947,-0.655
-1.191,-1.777
-1.355,-1.719
-1.238,-4.395
-1.246,-3.024
-1.244,-3.026
-1.289,-3.611
-1.259,-0.55
-1.354,-4.046
-1.508,-2.371
-1.544,-3.061
-1.566,-2.841
-1.504,-4.111
-1.657,-2.647
-1.581,-2.013
-1.595,-2.988
-1.727,-2.583
-1.847,-1.646
-2.106,-3.427
-1.959,-2.727
-2.171,-0.674
-2.198,-4.213
-2.233,-0.865
-2.181,-1.94
-2.343,-2.66
-2.347,-4.332
-2.238,-1.654
-2.371,-1.332
-2.401,-2.191
-2.402,-2.64
-2.431,-3.409
-2.336,-3.274
-2.324,-0.6
-2.447,-2.926
-2.369,-3.716
-2.5,-0.763
-2.515,-2.055
-2.561,-3.718
-2.543,-4.227
-2.743,-4.265
-2.801,-4.151
-2.803,-1.071
-2.697,-0.611
-2.774,-2.376
-2.791,-2.289
-2.87,-2.507
-2.844,-4.211
-3.015,-2.938
-3.055,-0.735
3.089,-4.059
3.11,-1.603
3.068,-0.658
-3.087,-3.678
2.895,-3.345
3.031,-4.324
2.894,-4.321
2.9,-1.697
2.832,-2.344
2.829,-3.391
2.586,-3.396
2.74,-0.661
2.57,-1.532
2.559,-0.475
2.69,-4.069
2.531,-2.876
2.503,-4.051
2.318,-0.874
2.311,-3.264
2.332,-2.26
2.355,-1.652
2.352,-1.985
2.189,-2.272
2.279,-2.417
2.154,-3.272
2.171,-1.623
1.955,-0.977
1.881,-0.469
1.939,-0.694
1.798,-3.906
1.842,-0.95
1.663,-4.131
1.496,-2.019
1.421,-1.339
1.408,-4.285
1.44,-4.171
1.441,-0.447
1.383,-2.28
1.216,-1.752
1.186,-4.233
1.052,-3.14
0.863,-2.552
0.889,-4.459
0.829,-4.459
0.935,-1.905
0.902,-2.471
0.917,-1.78
0.373,-3.492
0.365,-3.267
0.218,-2.271
0.242,-3.437
0.124,-3.351
0.216,-1.686
0.064,-2.406
0.175,-2.745
0.175,-1.845
0.037,-2.982
0.108,-2.65
-0.091,-1.666
0.023,-4.086
-0.194,-4.292
-0.851,-4.459
-0.734,-4.5
-0.937,-4.405
-1.396,-4.738
-1.368,-4.809
-1.631,-4.657
-1.551,-4.46
-1.663,-4.497
-2.345,-4.668
-2.279,-4.416
-2.253,-4.534
-2.59,-4.527
-2.752,-4.766
2.724,-4.627
2.729,-4.836
2.466,-4.61
2.46,-4.631
0.336,-4.724
-0.149,-4.555
-0.204,-0.31
-0.379,-0.079
-1.178,-0.024
-1.486,-0.247
-2.145,-0.344
-2.345,-0.386
2.934,-0.258
2.916,-0.35
2.799,-0.342
2.374,-0.215
1.971,-0.346
1.297,-0.171
0.84,-0.317
0.578,-0.333
-1.093,-2.304
-1.477,-2.303
-2.322,-2.928
1.895,-2.303
1.713,-1.687
0.993,-0.937
0.724,-0.724
0.132,-3.837
2.171,-1.994
1.484,-1.631
0.602,-1.699
0.585,-0.815
0.589,-1.381
0.525,-0.814
0.534,-2.381
0.506,-0.974
0.422,-1.589
0.384,-1.556
0.304,-2.238
0.272,-1.016
0.348,-0.907
0.216,-1.814
0.124,-2.247
-1.796,-3.198
-3.087,-2.069
0.542,-3.594
0.116,-2.137
-0.14,-2.08
-1.866,-4.429
-1.984,-4.299
2.854,-4.182
-2.416,-0.495
-1.797,-4.368
-2.396,-4.544
-1.914,-3.856
-2.47,-0.341
-2.8,-3.628
3.037,-0.182
1.157,-0.452
1.161,-2.551
1.112,-0.299
0.402,-3.728
0.16,-0.792
0.242,-1.064
-0.772,-4.223
2.197,-4.518
0.519,-4.451
-1.765,-0.063
0.895,0.213
-0.32,-3.782
-0.352,-2.342
-0.392,-0.515
-0.51,-2.766
-0.364,-3.836
-0.519,-2.044
-0.613,-2.47
-0.624,-0.612
-0.808,-4.021
-0.865,-2.389
-0.789,-1.491
-0.807,-0.327
-1.051,-1.449
-1.215,-1.391
-1.098,-4.067
-1.106,-2.696
-1.104,-2.698
-1.149,-3.283
-1.119,-0.222
-1.214,-3.718
-1.368,-2.043
-1.404,-2.733
-1.426,-2.513
-1.364,-3.783
-1.517,-2.319
-1.441,-1.685
-1.455,-2.66
-1.587,-2.255
-1.707,-1.318
-1.966,-3.099
-1.819,-2.399
-2.031,-0.346
-2.058,-3.885
-2.093,-0.537
-2.041,-1.612
-2.203,-2.332
-2.207,-4.004
-2.098,-1.326
-2.231,-1.004
-2.261,-1.863
-2.262,-2.312
-2.291,-3.081
-2.196,-2.946
-2.184,-0.272
-2.307,-2.598
-2.229,-3.388
-2.36,-0.435
-2.375,-1.727
-2.421,-3.39
-2.403,-3.899
-2.603,-3.937
-2.661,-3.823
-2.663,-0.743
-2.557,-0.283
-2.634,-2.048
-2.651,-1.961
-2.73,-2.179
-2.704,-3.883
-2.875,-2.61
-2.915,-0.407
-3.054,-3.731
-3.033,-1.275
-3.075,-0.33
-2.947,-3.35
3.035,-3.017
-3.112,-3.996
3.034,-3.993
3.04,-1.369
2.972,-2.016
2.969,-3.063
2.726,-3.068
2.88,-0.333
2.71,-1.204
2.699,-0.147
2.83,-3.741
2.671,-2.548
2.643,-3.723
2.458,-0.546
2.451,-2.936
2.472,-1.932
2.495,-1.324
2.492,-1.657
2.329,-1.944
2.419,-2.089
2.294,-2.944
2.311,-1.295
2.095,-0.649
2.021,-0.141
2.079,-0.366
1.938,-3.578
1.982,-0.622
1.803,-3.803
1.636,-1.691
1.561,-1.011
1.548,-3.957
1.58,-3.843
1.581,-0.119
1.523,-1.952
1.356,-1.424
1.326,-3.905
1.192,-2.812
1.003,-2.224
1.029,-4.131
0.969,-4.131
1.075,-1.577
1.042,-2.143
1.057,-1.452
0.513,-3.164
0.505,-2.939
0.358,-1.943
0.382,-3.109
0.264,-3.023
0.356,-1.358
0.204,-2.078
0.315,-2.417
0.315,-1.517
0.177,-2.654
0.248,-2.322
0.049,-1.338
0.163,-3.758
-0.054,-3.964
-0.711,-4.131
-0.594,-4.172
-0.797,-4.077
-1.256,-4.41
-1.228,-4.481
-1.491,-4.329
-1.411,-4.132
-1.523,-4.169
-2.205,-4.34
-2.139,-4.088
-2.113,-4.206
-2.45,-4.199
-2.612,-4.438
2.864,-4.299
2.869,-4.508
2.606,-4.282
2.6,-4.303
0.476,-4.396
-0.009,-4.227
-0.064,0.018
-0.239,0.249
-1.038,0.304
-1.346,0.081
-2.005,-0.016
-2.205,-0.058
3.074,0.07
3.056,-0.022
2.939,-0.014
2.514,0.113
2.111,-0.018
1.437,0.157
0.98,0.011
0.718,-0.005
-0.953,-1.976
-1.337,-1.975
-2.182,-2.6
2.035,-1.975
1.853,-1.359
1.133,-0.609
0.864,-0.396
0.272,-3.509
2.311,-1.666
1.624,-1.303
0.742,-1.371
0.725,-0.487
0.729,-1.053
0.665,-0.486
0.674,-2.053
0.646,-0.646
0.562,-1.261
0.524,-1.228
0.444,-1.91
0.412,-0.688
0.488,-0.579
0.356,-1.486
0.264,-1.919
-1.656,-2.87
-2.947,-1.741
0.682,-3.266
0.256,-1.809
0.0,-1.752
-1.726,-4.101
-1.844,-3.971
2.994,-3.854
-2.276,-0.167
-1.657,-4.04
-2.256,-4.216
-0.556,3.515
-0.886,0.228
-1.332,3.674
3.071,3.404
3.075,1.305
3.026,3.557
2.316,0.128
2.074,3.064
2.156,2.792
1.142,-0.367
-2.172,-0.662
2.433,-0.595
0.149,3.793
2.809,4.069
1.594,0.074
1.562,1.514
1.522,3.341
1.404,1.09
1.55,0.02
1.395,1.812
1.301,1.386
1.29,3.244
1.106,-0.165
1.049,1.467
1.125,2.365
1.107,3.529
0.863,2.407
0.699,2.465
0.816,-0.211
0.808,1.16
0.81,1.158
0.765,0.573
0.795,3.634
0.7,0.138
0.546,1.813
0.51,1.123
0.488,1.343
0.55,0.073
0.397,1.537
0.473,2.171
0.459,1.196
0.327,1.601
0.207,2.538
-0.052,0.757
0.095,1.457
-0.117,3.51
-0.144,-0.029
-0.179,3.319
-0.127,2.244
-0.289,1.524
-0.293,-0.148
-0.184,2.53
-0.317,2.852
-0.347,1.993
-0.348,1.544
-0.377,0.775
-0.282,0.91
-0.27,3.584
-0.393,1.258
-0.315,0.468
-0.446,3.421
-0.461,2.129
-0.507,0.466
-0.489,-0.043
-0.689,-0.081
-0.747,0.033
-0.749,3.113
-0.643,3.573
-0.72,1.808
-0.737,1.895
-0.816,1.677
-0.79,-0.027
-0.961,1.246
-1.001,3.449
-1.14,0.125
-1.119,2.581
-1.161,3.526
-1.033,0.506
-1.334,0.839
-1.198,-0.14
-1.335,-0.137
-1.329,2.487
-1.397,1.84
-1.4,0.793
-1.643,0.788
-1.489,3.523
-1.659,2.652
-1.67,3.709
-1.539,0.115
-1.698,1.308
-1.726,0.133
-1.911,3.31
-1.918,0.92
-1.897,1.924
-1.874,2.532
-1.877,2.199
-2.04,1.912
-1.95,1.767
-2.075,0.912
-2.058,2.561
-2.274,3.207
-2.348,3.715
-2.29,3.49
-2.431,0.278
-2.387,3.234
-2.566,0.053
-2.733,2.165
-2.808,2.845
-2.821,-0.101
-2.789,0.013
-2.788,3.737
-2.846,1.904
-3.013,2.432
-3.043,-0.049
3.106,1.044
2.917,1.632
2.943,-0.275
2.883,-0.275
2.989,2.279
2.956,1.713
2.971,2.404
2.427,0.692
2.419,0.917
2.272,1.913
2.296,0.747
2.178,0.833
2.27,2.498
2.118,1.778
2.229,1.439
2.229,2.339
2.091,1.202
2.162,1.534
1.963,2.518
2.077,0.098
1.86,-0.108
1.203,-0.275
1.32,-0.316
1.117,-0.221
0.658,-0.554
0.686,-0.625
0.423,-0.473
0.503,-0.276
0.391,-0.313
-0.291,-0.484
-0.225,-0.232
-0.199,-0.35
-0.536,-0.343
-0.698,-0.582
-1.505,-0.443
-1.5,-0.652
-1.763,-0.426
-1.769,-0.447
2.39,-0.54
1.905,-0.371
1.85,3.874
1.675,4.105
0.876,4.16
0.568,3.937
-0.091,3.84
-0.291,3.798
-1.295,3.926
-1.313,3.834
-1.43,3.842
-1.855,3.969
-2.258,3.838
-2.932,4.013
2.894,3.867
2.632,3.851
0.961,1.88
0.577,1.881
-0.268,1.256
-2.334,1.881
-2.516,2.497
3.047,3.247
2.778,3.46
2.186,0.347
-2.058,2.19
-2.745,2.553
2.656,2.485
2.639,3.369
2.643,2.803
2.579,3.37
2.588,1.803
2.56,3.21
2.476,2.595
2.438,2.628
2.358,1.946
2.326,3.168
2.402,3.277
2.27,2.37
2.178,1.937
0.258,0.986
-1.033,2.115
2.596,0.59
2.17,2.047
1.914,2.104
0.188,-0.245
0.07,-0.115
-1.375,0.002
-0.362,3.689
0.257,-0.184
-0.342,-0.36
-0.33,-3.287
-0.776,0.159
-2.656,-0.111
-2.652,-2.21
-2.701,0.042
2.872,-3.387
2.63,-0.451
2.712,-0.723
1.698,-3.882
-1.616,-4.177
2.989,-4.11
0.705,0.278
-2.918,0.554
2.15,-3.441
2.118,-2.001
2.078,-0.174
1.96,-2.425
2.106,-3.495
1.951,-1.703
1.857,-2.129
1.846,-0.271
1.662,-3.68
1.605,-2.048
1.681,-1.15
1.663,0.014
1.419,-1.108
1.255,-1.05
1.372,-3.726
1.364,-2.355
1.366,-2.357
1.321,-2.942
1.351,0.119
1.256,-3.377
1.102,-1.702
1.066,-2.392
1.044,-2.172
1.106,-3.442
0.953,-1.978
1.029,-1.344
1.015,-2.319
0.883,-1.914
0.763,-0.977
0.504,-2.758
0.651,-2.058
0.439,-0.005
0.412,-3.544
0.377,-0.196
0.429,-1.271
0.267,-1.991
0.263,-3.663
0.372,-0.985
0.239,-0.663
0.209,-1.522
0.208,-1.971
0.179,-2.74
0.274,-2.605
0.286,0.069
0.163,-2.257
0.241,-3.047
0.11,-0.094
0.095,-1.386
0.049,-3.049
0.067,-3.558
-0.133,-3.596
-0.191,-3.482
-0.193,-0.402
-0.087,0.058
-0.164,-1.707
-0.181,-1.62
-0.26,-1.838
-0.234,-3.542
-0.405,-2.269
-0.445,-0.066
-0.584,-3.39
-0.563,-0.934
-0.605,0.011
-0.477,-3.009
-0.778,-2.676
-0.642,-3.655
-0.779,-3.652
-0.773,-1.028
-0.841,-1.675
-0.844,-2.722
-1.087,-2.727
-0.933,0.008
-1.103,-0.863
-1.114,0.194
-0.983,-3.4
-1.142,-2.207
-1.17,-3.382
-1.355,-0.205
-1.362,-2.595
-1.341,-1.591
-1.318,-0.983
-1.321,-1.316
-1.484,-1.603
-1.394,-1.748
-1.519,-2.603
-1.502,-0.954
-1.718,-0.308
-1.792,0.2
-1.734,-0.025
-1.875,-3.237
-1.831,-0.281
-2.01,-3.462
-2.177,-1.35
-2.252,-0.67
-2.265,-3.616
-2.233,-3.502
-2.232,0.222
-2.29,-1.611
-2.457,-1.083
-2.487,-3.564
-2.621,-2.471
-2.81,-1.883
-2.784,-3.79
-2.844,-3.79
-2.738,-1.236
-2.771,-1.802
-2.756,-1.111
2.983,-2.823
2.975,-2.598
2.828,-1.602
2.852,-2.768
2.734,-2.682
2.826,-1.017
2.674,-1.737
2.785,-2.076
2.785,-1.176
2.647,-2.313
2.718,-1.981
2.519,-0.997
2.633,-3.417
2.416,-3.623
1.759,-3.79
1.876,-3.831
1.673,-3.736
1.214,-4.069
1.242,-4.14
0.979,-3.988
1.059,-3.791
0.947,-3.828
0.265,-3.999
0.331,-3.747
0.357,-3.865
0.02,-3.858
-0.142,-4.097
-0.949,-3.958
-0.944,-4.167
-1.207,-3.941
-1.213,-3.962
2.946,-4.055
2.461,-3.886
2.406,0.359
2.231,0.59
1.432,0.645
1.124,0.422
0.465,0.325
0.265,0.283
-0.739,0.411
-0.757,0.319
-0.874,0.327
-1.299,0.454
-1.702,0.323
-2.376,0.498
-2.833,0.352
-3.095,0.336
1.517,-1.635
1.133,-1.634
0.288,-2.259
-1.778,-1.634
-1.96,-1.018
-2.68,-0.268
-2.949,-0.055
2.742,-3.168
-1.502,-1.325
-2.189,-0.962
-3.071,-1.03
-3.088,-0.146
-3.084,-0.712
3.135,-0.145
-3.139,-1.712
3.116,-0.305
3.032,-0.92
2.994,-0.887
2.914,-1.569
2.882,-0.347
2.958,-0.238
2.826,-1.145
2.734,-1.578
0.814,-2.529
-0.477,-1.4
-3.131,-2.925
2.726,-1.468
2.47,-1.411
0.744,-3.76
0.626,-3.63
-0.819,-3.513
0.194,0.174
0.813,-3.699
0.214,-3.875
-0.446,3.446
-2.326,3.176
-2.322,1.077
-2.371,3.329
-3.081,-0.1
2.96,2.836
3.042,2.564
2.028,-0.595
-1.286,-0.89
-2.964,-0.823
1.035,3.565
-2.588,3.841
2.48,-0.154
2.448,1.286
2.408,3.113
2.29,0.862
2.436,-0.208
2.281,1.584
2.187,1.158
2.176,3.016
1.992,-0.393
1.935,1.239
2.011,2.137
1.993,3.301
1.749,2.179
1.585,2.237
1.702,-0.439
1.694,0.932
1.696,0.93
1.651,0.345
1.681,3.406
1.586,-0.09
1.432,1.585
1.396,0.895
1.374,1.115
1.436,-0.155
1.283,1.309
1.359,1.943
1.345,0.968
1.213,1.373
1.093,2.31
0.834,0.529
0.981,1.229
0.769,3.282
0.742,-0.257
0.707,3.091
0.759,2.016
0.597,1.296
0.593,-0.376
0.702,2.302
0.569,2.624
0.539,1.765
0.538,1.316
0.509,0.547
0.604,0.682
0.616,3.356
0.493,1.03
0.571,0.24
0.44,3.193
0.425,1.901
0.379,0.238
0.397,-0.271
0.197,-0.309
0.139,-0.195
0.137,2.885
0.243,3.345
0.166,1.58
0.149,1.667
0.07,1.449
0.096,-0.255
-0.075,1.018
-0.115,3.221
-0.254,-0.103
-0.233,2.353
-0.275,3.298
-0.147,0.278
-0.448,0.611
-0.312,-0.368
-0.449,-0.365
-0.443,2.259
-0.511,1.612
-0.514,0.565
-0.757,0.56
-0.603,3.295
-0.773,2.424
-0.784,3.481
-0.653,-0.113
-0.812,1.08
-0.84,-0.095
-1.025,3.082
-1.032,0.692
-1.011,1.696
-0.988,2.304
-0.991,1.971
-1.154,1.684
-1.064,1.539
-1.189,0.684
-1.172,2.333
-1.388,2.979
-1.462,3.487
-1.404,3.262
-1.545,0.05
-1.501,3.006
-1.68,-0.175
-1.847,1.937
-1.922,2.617
-1.935,-0.329
-1.903,-0.215
-1.902,3.509
-1.96,1.676
-2.127,2.204
-2.157,-0.277
-2.291,0.816
-2.48,1.404
-2.454,-0.503
-2.514,-0.503
-2.408,2.051
-2.441,1.485
-2.426,2.176
-2.97,0.464
-2.978,0.689
-3.125,1.685
-3.101,0.519
3.064,0.605
-3.127,2.27
3.004,1.55
3.115,1.211
3.115,2.111
2.977,0.974
3.048,1.306
2.849,2.29
2.963,-0.13
2.746,-0.336
2.089,-0.503
2.206,-0.544
2.003,-0.449
1.544,-0.782
1.572,-0.853
1.309,-0.701
1.389,-0.504
1.277,-0.541
0.595,-0.712
0.661,-0.46
0.687,-0.578
0.35,-0.571
0.188,-0.81
-0.619,-0.671
-0.614,-0.88
-0.877,-0.654
-0.883,-0.675
-3.007,-0.768
2.791,-0.599
2.736,3.646
2.561,3.877
1.762,3.932
1.454,3.709
0.795,3.612
0.595,3.57
-0.409,3.698
-0.427,3.606
-0.544,3.614
-0.969,3.741
-1.372,3.61
-2.046,3.785
-2.503,3.639
-2.765,3.623
1.847,1.652
1.463,1.653
0.618,1.028
-1.448,1.653
-1.63,2.269
-2.35,3.019
-2.619,3.232
3.072,0.119
-1.172,1.962
-1.859,2.325
-2.741,2.257
-2.758,3.141
-2.754,2.575
-2.818,3.142
-2.809,1.575
-2.837,2.982
-2.921,2.367
-2.959,2.4
-3.039,1.718
-3.071,2.94
-2.995,3.049
-3.127,2.142
3.064,1.709
1.144,0.758
-0.147,1.887
-2.801,0.362
3.056,1.819
2.8,1.876
1.074,-0.473
0.956,-0.343
-0.489,-0.226
0.524,3.461
1.143,-0.412
0.544,-0.588
-1.88,-0.27
-1.876,-2.369
-1.925,-0.117
-2.635,-3.546
-2.877,-0.61
-2.795,-0.882
2.474,-4.041
-0.84,-4.336
-2.518,-4.269
1.481,0.119
-2.142,0.395
2.926,-3.6
2.894,-2.16
2.854,-0.333
2.736,-2.584
2.882,-3.654
2.727,-1.862
2.633,-2.288
2.622,-0.43
2.438,-3.839
2.381,-2.207
2.457,-1.309
2.439,-0.145
2.195,-1.267
2.031,-1.209
2.148,-3.885
2.14,-2.514
2.142,-2.516
2.097,-3.101
2.127,-0.04
2.032,-3.536
1.878,-1.861
1.842,-2.551
1.82,-2.331
1.882,-3.601
1.729,-2.137
1.805,-1.503
1.791,-2.478
1.659,-2.073
1.539,-1.136
1.28,-2.917
1.427,-2.217
1.215,-0.164
1.188,-3.703
1.153,-0.355
1.205,-1.43
1.043,-2.15
1.039,-3.822
1.148,-1.144
1.015,-0.822
0.985,-1.681
0.984,-2.13
0.955,-2.899
1.05,-2.764
1.062,-0.09
0.939,-2.416
1.017,-3.206
0.886,-0.253
0.871,-1.545
0.825,-3.208
0.843,-3.717
0.643,-3.755
0.585,-3.641
0.583,-0.561
0.689,-0.101
0.612,-1.866
0.595,-1.779
0.516,-1.997
0.542,-3.701
0.371,-2.428
0.331,-0.225
0.192,-3.549
0.213,-1.093
0.171,-0.148
0.299,-3.168
-0.002,-2.835
0.134,-3.814
-0.003,-3.811
0.003,-1.187
-0.065,-1.834
-0.068,-2.881
-0.311,-2.886
-0.157,-0.151
-0.327,-1.022
-0.338,0.035
-0.207,-3.559
-0.366,-2.366
-0.394,-3.541
-0.579,-0.364
-0.586,-2.754
-0.565,-1.75
-0.542,-1.142
-0.545,-1.475
-0.708,-1.762
-0.618,-1.907
-0.743,-2.762
-0.726,-1.113
-0.942,-0.467
-1.016,0.041
-0.958,-0.184
-1.099,-3.396
-1.055,-0.44
-1.234,-3.621
-1.401,-1.509
-1.476,-0.829
-1.489,-3.775
-1.457,-3.661
-1.456,0.063
-1.514,-1.77
-1.681,-1.242
-1.711,-3.723
-1.845,-2.63
-2.034,-2.042
-2.008,-3.949
-2.068,-3.949
-1.962,-1.395
-1.995,-1.961
-1.98,-1.27
-2.524,-2.982
-2.532,-2.757
-2.679,-1.761
-2.655,-2.927
-2.773,-2.841
-2.681,-1.176
-2.833,-1.896
-2.722,-2.235
-2.722,-1.335
-2.86,-2.472
-2.789,-2.14
-2.988,-1.156
-2.874,-3.576
-3.091,-3.782
2.535,-3.949
2.652,-3.99
2.449,-3.895
1.99,-4.228
2.018,-4.299
1.755,-4.147
1.835,-3.95
1.723,-3.987
1.041,-4.158
1.107,-3.906
1.133,-4.024
0.796,-4.017
0.634,-4.256
-0.173,-4.117
-0.168,-4.326
-0.431,-4.1
-0.437,-4.121
-2.561,-4.214
-3.046,-4.045
-3.101,0.2
3.007,0.431
2.208,0.486
1.9,0.263
1.241,0.166
1.041,0.124
0.037,0.252
0.019,0.16
-0.098,0.168
-0.523,0.295
-0.926,0.164
-1.6,0.339
-2.057,0.193
-2.319,0.177
2.293,-1.794
1.909,-1.793
1.064,-2.418
-1.002,-1.793
-1.184,-1.177
-1.904,-0.427
-2.173,-0.214
-2.765,-3.327
-0.726,-1.484
-1.413,-1.121
-2.295,-1.189
-2.312,-0.305
-2.308,-0.871
-2.372,-0.304
-2.363,-1.871
-2.391,-0.464
-2.475,-1.079
-2.513,-1.046
-2.593,-1.728
-2.625,-0.506
-2.549,-0.397
-2.681,-1.304
-2.773,-1.737
1.59,-2.688
0.299,-1.559
-2.355,-3.084
-2.781,-1.627
-3.037,-1.57
1.52,-3.919
1.402,-3.789
-0.043,-3.672
0.97,0.015
1.589,-3.858
0.99,-4.034
0.004,-2.099
-0.045,0.153
-0.755,-3.276
-0.997,-0.34
-0.915,-0.612
-1.929,-3.771
1.04,-4.066
-0.638,-3.999
-2.922,0.389
-0.262,0.665
-1.477,-3.33
-1.509,-1.89
-1.549,-0.063
-1.667,-2.314
-1.521,-3.384
-1.676,-1.592
-1.77,-2.018
-1.781,-0.16
-1.965,-3.569
-2.022,-1.937
-1.946,-1.039
-1.964,0.125
-2.208,-0.997
-2.372,-0.939
-2.255,-3.615
-2.263,-2.244
-2.261,-2.246
-2.306,-2.831
-2.276,0.23
-2.371,-3.266
-2.525,-1.591
-2.561,-2.281
-2.583,-2.061
-2.521,-3.331
-2.674,-1.867
-2.598,-1.233
-2.612,-2.208
-2.744,-1.803
-2.864,-0.866
-3.123,-2.647
-2.976,-1.947
3.095,0.106
3.068,-3.433
3.033,-0.085
3.085,-1.16
2.923,-1.88
2.919,-3.552
3.028,-0.874
2.895,-0.552
2.865,-1.411
2.864,-1.86
2.835,-2.629
2.93,-2.494
2.942,0.18
2.819,-2.146
2.897,-2.936
2.766,0.017
2.751,-1.275
2.705,-2.938
2.723,-3.447
2.523,-3.485
2.465,-3.371
2.463,-0.291
2.569,0.169
2.492,-1.596
2.475,-1.509
2.396,-1.727
2.422,-3.431
2.251,-2.158
2.211,0.045
2.072,-3.279
2.093,-0.823
2.051,0.122
2.179,-2.898
1.878,-2.565
2.014,-3.544
1.877,-3.541
1.883,-0.917
1.815,-1.564
1.812,-2.611
1.569,-2.616
1.723,0.119
1.553,-0.752
1.542,0.305
1.673,-3.289
1.514,-2.096
1.486,-3.271
1.301,-0.094
1.294,-2.484
1.315,-1.48
1.338,-0.872
1.335,-1.205
1.172,-1.492
1.262,-1.637
1.137,-2.492
1.154,-0.843
0.938,-0.197
0.864,0.311
0.922,0.086
0.781,-3.126
0.825,-0.17
0.646,-3.351
0.479,-1.239
0.404,-0.559
0.391,-3.505
0.423,-3.391
0.424,0.333
0.366,-1.5
0.199,-0.972
0.169,-3.453
0.035,-2.36
-0.154,-1.772
-0.128,-3.679
-0.188,-3.679
-0.082,-1.125
-0.115,-1.691
-0.1,-1.0
-0.644,-2.712
-0.652,-2.487
-0.799,-1.491
-0.775,-2.657
-0.893,-2.571
-0.801,-0.906
-0.953,-1.626
-0.842,-1.965
-0.842,-1.065
-0.98,-2.202
-0.909,-1.87
-1.108,-0.886
-0.994,-3.306
-1.211,-3.512
-1.868,-3.679
-1.751,-3.72
-1.954,-3.625
-2.413,-3.958
-2.385,-4.029
-2.648,-3.877
-2.568,-3.68
-2.68,-3.717
2.921,-3.888
2.987,-3.636
3.013,-3.754
2.676,-3.747
2.514,-3.986
1.707,-3.847
1.712,-4.056
1.449,-3.83
1.443,-3.851
-0.681,-3.944
-1.166,-3.775
-1.221,0.47
-1.396,0.701
-2.195,0.756
-2.503,0.533
3.121,0.436
2.921,0.394
1.917,0.522
1.899,0.43
1.782,0.438
1.357,0.565
0.954,0.434
0.28,0.609
-0.177,0.463
-0.439,0.447
-2.11,-1.524
-2.494,-1.523
2.944,-2.148
0.878,-1.523
0.696,-0.907
-0.024,-0.157
-0.293,0.056
-0.885,-3.057
1.154,-1.214
0.467,-0.851
-0.415,-0.919
-0.432,-0.035
-0.428,-0.601
-0.492,-0.034
-0.483,-1.601
-0.511,-0.194
-0.595,-0.809
-0.633,-0.776
-0.713,-1.458
-0.745,-0.236
-0.669,-0.127
-0.801,-1.034
-0.893,-1.467
-2.813,-2.418
2.179,-1.289
-0.475,-2.814
-0.901,-1.357
-1.157,-1.3
-2.883,-3.649
-3.001,-3.519
1.837,-3.402
2.85,0.285
-2.814,-3.588
2.87,-3.764
-0.049,2.252
-0.759,-1.177
-1.001,1.759
-0.919,1.487
-1.933,-1.672
1.036,-1.967
-0.642,-1.9
-2.926,2.488
-0.266,2.764
-1.481,-1.231
-1.513,0.209
-1.553,2.036
-1.671,-0.215
-1.525,-1.285
-1.68,0.507
-1.774,0.081
-1.785,1.939
-1.969,-1.47
-2.026,0.162
-1.95,1.06
-1.968,2.224
-2.212,1.102
-2.376,1.16
-2.259,-1.516
-2.267,-0.145
-2.265,-0.147
-2.31,-0.732
-2.28,2.329
-2.375,-1.167
-2.529,0.508
-2.565,-0.182
-2.587,0.038
-2.525,-1.232
-2.678,0.232
-2.602,0.866
-2.616,-0.109
-2.748,0.296
-2.868,1.233
-3.127,-0.548
-2.98,0.152
3.091,2.205
3.064,-1.334
3.029,2.014
3.081,0.939
2.919,0.219
2.915,-1.453
3.024,1.225
2.891,1.547
2.861,0.688
2.86,0.239
2.831,-0.53
2.926,-0.395
2.938,2.279
2.815,-0.047
2.893,-0.837
2.762,2.116
2.747,0.824
2.701,-0.839
2.719,-1.348
2.519,-1.386
2.461,-1.272
2.459,1.808
2.565,2.268
2.488,0.503
2.471,0.59
2.392,0.372
2.418,-1.332
2.247,-0.059
2.207,2.144
2.068,-1.18
2.089,1.276
2.047,2.221
2.175,-0.799
1.874,-0.466
2.01,-1.445
1.873,-1.442
1.879,1.182
1.811,0.535
1.808,-0.512
1.565,-0.517
1.719,2.218
1.549,1.347
1.538,2.404
1.669,-1.19
1.51,0.003
1.482,-1.172
1.297,2.005
1.29,-0.385
1.311,0.619
1.334,1.227
1.331,0.894
1.168,0.607
1.258,0.462
1.133,-0.393
1.15,1.256
0.934,1.902
0.86,2.41
0.918,2.185
0.777,-1.027
0.821,1.929
0.642,-1.252
0.475,0.86
0.4,1.54
0.387,-1.406
0.419,-1.292
0.42,2.432
0.362,0.599
0.195,1.127
0.165,-1.354
0.031,-0.261
-0.158,0.327
-0.132,-1.58
-0.192,-1.58
-0.086,0.974
-0.119,0.408
-0.104,1.099
-0.648,-0.613
-0.656,-0.388
-0.803,0.608
-0.779,-0.558
-0.897,-0.472
-0.805,1.193
-0.957,0.473
-0.846,0.134
-0.846,1.034
-0.984,-0.103
-0.913,0.229
-1.112,1.213
-0.998,-1.207
-1.215,-1.413
-1.872,-1.58
-1.755,-1.621
-1.958,-1.526
-2.417,-1.859
-2.389,-1.93
-2.652,-1.778
-2.572,-1.581
-2.684,-1.618
2.917,-1.789
2.983,-1.537
3.009,-1.655
2.672,-1.648
2.51,-1.887
1.703,-1.748
1.708,-1.957
1.445,-1.731
1.439,-1.752
-0.685,-1.845
-1.17,-1.676
-1.225,2.569
-1.4,2.8
-2.199,2.855
-2.507,2.632
3.117,2.535
2.917,2.493
1.913,2.621
1.895,2.529
1.778,2.537
1.353,2.664
0.95,2.533
0.276,2.708
-0.181,2.562
-0.443,2.546
-2.114,0.575
-2.498,0.576
2.94,-0.049
0.874,0.576
0.692,1.192
-0.028,1.942
-0.297,2.155
-0.889,-0.958
1.15,0.885
0.463,1.248
-0.419,1.18
-0.436,2.064
-0.432,1.498
-0.496,2.065
-0.487,0.498
-0.515,1.905
-0.599,1.29
-0.637,1.323
-0.717,0.641
-0.749,1.863
-0.673,1.972
-0.805,1.065
-0.897,0.632
-2.817,-0.319
2.175,0.81
-0.479,-0.715
-0.905,0.742
-1.161,0.799
-2.887,-1.55
-3.005,-1.42
1.833,-1.303
2.846,2.384
-2.818,-1.489
2.866,-1.665
-0.71,-3.429
-0.952,-0.493
-0.87,-0.765
-1.884,-3.924
1.085,-4.219
-0.593,-4.152
-2.877,0.236
-0.217,0.512
-1.432,-3.483
-1.464,-2.043
-1.504,-0.216
-1.622,-2.467
-1.476,-3.537
-1.631,-1.745
-1.725,-2.171
-1.736,-0.313
-1.92,-3.722
-1.977,-2.09
-1.901,-1.192
-1.919,-0.028
-2.163,-1.15
-2.327,-1.092
-2.21,-3.768
-2.218,-2.397
-2.216,-2.399
-2.261,-2.984
-2.231,0.077
-2.326,-3.419
-2.48,-1.744
-2.516,-2.434
-2.538,-2.214
-2.476,-3.484
-2.629,-2.02
-2.553,-1.386
-2.567,-2.361
-2.699,-1.956
-2.819,-1.019
-3.078,-2.8
-2.931,-2.1
3.14,-0.047
3.113,-3.586
3.078,-0.238
3.13,-1.313
2.968,-2.033
2.964,-3.705
3.073,-1.027
2.94,-0.705
2.91,-1.564
2.909,-2.013
2.88,-2.782
2.975,-2.647
2.987,0.027
2.864,-2.299
2.942,-3.089
2.811,-0.136
2.796,-1.428
2.75,-3.091
2.768,-3.6
2.568,-3.638
2.51,-3.524
2.508,-0.444
2.614,0.016
2.537,-1.749
2.52,-1.662
2.441,-1.88
2.467,-3.584
2.296,-2.311
2.256,-0.108
2.117,-3.432
2.138,-0.976
2.096,-0.031
2.224,-3.051
1.923,-2.718
2.059,-3.697
1.922,-3.694
1.928,-1.07
1.86,-1.717
1.857,-2.764
1.614,-2.769
1.768,-0.034
1.598,-0.905
1.587,0.152
1.718,-3.442
1.559,-2.249
1.531,-3.424
1.346,-0.247
1.339,-2.637
1.36,-1.633
1.383,-1.025
1.38,-1.358
1.217,-1.645
1.307,-1.79
1.182,-2.645
1.199,-0.996
0.983,-0.35
0.909,0.158
0.967,-0.067
0.826,-3.279
0.87,-0.323
0.691,-3.504
0.524,-1.392
0.449,-0.712
0.436,-3.658
0.468,-3.544
0.469,0.18
0.411,-1.653
0.244,-1.125
0.214,-3.606
0.08,-2.513
-0.109,-1.925
-0.083,-3.832
-0.143,-3.832
-0.037,-1.278
-0.07,-1.844
-0.055,-1.153
-0.599,-2.865
-0.607,-2.64
-0.754,-1.644
-0.73,-2.81
-0.848,-2.724
-0.756,-1.059
-0.908,-1.779
-0.797,-2.118
-0.797,-1.218
-0.935,-2.355
-0.864,-2.023
-1.063,-1.039
-0.949,-3.459
-1.166,-3.665
-1.823,-3.832
-1.706,-3.873
-1.909,-3.778
-2.368,-4.111
-2.34,-4.182
-2.603,-4.03
-2.523,-3.833
-2.635,-3.87
2.966,-4.041
3.032,-3.789
3.058,-3.907
2.721,-3.9
2.559,-4.139
1.752,-4.0
1.757,-4.209
1.494,-3.983
1.488,-4.004
-0.636,-4.097
-1.121,-3.928
-1.176,0.317
-1.351,0.548
-2.15,0.603
-2.458,0.38
-3.117,0.283
2.966,0.241
1.962,0.369
1.944,0.277
1.827,0.285
1.402,0.412
0.999,0.281
0.325,0.456
-0.132,0.31
-0.394,0.294
-2.065,-1.677
-2.449,-1.676
2.989,-2.301
0.923,-1.676
0.741,-1.06
0.021,-0.31
-0.248,-0.097
-0.84,-3.21
1.199,-1.367
0.512,-1.004
-0.37,-1.072
-0.387,-0.188
-0.383,-0.754
-0.447,-0.187
-0.438,-1.754
-0.466,-0.347
-0.55,-0.962
-0.588,-0.929
-0.668,-1.611
-0.7,-0.389
-0.624,-0.28
-0.756,-1.187
-0.848,-1.62
-2.768,-2.571
2.224,-1.442
-0.43,-2.967
-0.856,-1.51
-1.112,-1.453
-2.838,-3.802
-2.956,-3.672
1.882,-3.555
2.895,0.132
-2.769,-3.741
2.915,-3.917
-0.242,2.936
-0.16,2.664
-1.174,-0.495
1.795,-0.79
0.117,-0.723
-2.167,3.665
0.493,3.941
-0.722,-0.054
-0.754,1.386
-0.794,3.213
-0.912,0.962
-0.766,-0.108
-0.921,1.684
-1.015,1.258
-1.026,3.116
-1.21,-0.293
-1.267,1.339
-1.191,2.237
-1.209,3.401
-1.453,2.279
-1.617,2.337
-1.5,-0.339
-1.508,1.032
-1.506,1.03
-1.551,0.445
-1.521,3.506
-1.616,0.01
-1.77,1.685
-1.806,0.995
-1.828,1.215
-1.766,-0.055
-1.919,1.409
-1.843,2.043
-1.857,1.068
-1.989,1.473
-2.109,2.41
-2.368,0.629
-2.221,1.329
-2.433,3.382
-2.46,-0.157
-2.495,3.191
-2.443,2.116
-2.605,1.396
-2.609,-0.276
-2.5,2.402
-2.633,2.724
-2.663,1.865
-2.664,1.416
-2.693,0.647
-2.598,0.782
-2.586,3.456
-2.709,1.13
-2.631,0.34
-2.762,3.293
-2.777,2.001
-2.823,0.338
-2.805,-0.171
-3.005,-0.209
-3.063,-0.095
-3.065,2.985
-2.959,3.445
-3.036,1.68
-3.053,1.767
-3.132,1.549
-3.106,-0.155
3.006,1.118
2.966,3.321
2.827,-0.003
2.848,2.453
2.806,3.398
2.934,0.378
2.633,0.711
2.769,-0.268
2.632,-0.265
2.638,2.359
2.57,1.712
2.567,0.665
2.324,0.66
2.478,3.395
2.308,2.524
2.297,3.581
2.428,-0.013
2.269,1.18
2.241,0.005
2.056,3.182
2.049,0.792
2.07,1.796
2.093,2.404
2.09,2.071
1.927,1.784
2.017,1.639
1.892,0.784
1.909,2.433
1.693,3.079
1.619,3.587
1.677,3.362
1.536,0.15
1.58,3.106
1.401,-0.075
1.234,2.037
1.159,2.717
1.146,-0.229
1.178,-0.115
1.179,3.609
1.121,1.776
0.954,2.304
0.924,-0.177
0.79,0.916
0.601,1.504
0.627,-0.403
0.567,-0.403
0.673,2.151
0.64,1.585
0.655,2.276
0.111,0.564
0.103,0.789
-0.044,1.785
-0.02,0.619
-0.138,0.705
-0.046,2.37
-0.198,1.65
-0.087,1.311
-0.087,2.211
-0.225,1.074
-0.154,1.406
-0.353,2.39
-0.239,-0.03
-0.456,-0.236
-1.113,-0.403
-0.996,-0.444
-1.199,-0.349
-1.658,-0.682
-1.63,-0.753
-1.893,-0.601
-1.813,-0.404
-1.925,-0.441
-2.607,-0.612
-2.541,-0.36
-2.515,-0.478
-2.852,-0.471
-3.014,-0.71
2.462,-0.571
2.467,-0.78
2.204,-0.554
2.198,-0.575
0.074,-0.668
-0.411,-0.499
-0.466,3.746
-0.641,3.977
-1.44,4.032
-1.748,3.809
-2.407,3.712
-2.607,3.67
2.672,3.798
2.654,3.706
2.537,3.714
2.112,3.841
1.709,3.71
1.035,3.885
0.578,3.739
0.316,3.723
-1.355,1.752
-1.739,1.753
-2.584,1.128
1.633,1.753
1.451,2.369
0.731,3.119
0.462,3.332
-0.13,0.219
1.909,2.062
1.222,2.425
0.34,2.357
0.323,3.241
0.327,2.675
0.263,3.242
0.272,1.675
0.244,3.082
0.16,2.467
0.122,2.5
0.042,1.818
0.01,3.04
0.086,3.149
-0.046,2.242
-0.138,1.809
-2.058,0.858
2.934,1.987
0.28,0.462
-0.146,1.919
-0.402,1.976
-2.128,-0.373
-2.246,-0.243
2.592,-0.126
-2.678,3.561
-2.059,-0.312
-2.658,-0.488
0.082,-0.272
-0.932,-3.431
2.037,-3.726
0.359,-3.659
-1.925,0.729
0.735,1.005
-0.48,-2.99
-0.512,-1.55
-0.552,0.277
-0.67,-1.974
-0.524,-3.044
-0.679,-1.252
-0.773,-1.678
-0.784,0.18
-0.968,-3.229
-1.025,-1.597
-0.949,-0.699
-0.967,0.465
-1.211,-0.657
-1.375,-0.599
-1.258,-3.275
-1.266,-1.904
-1.264,-1.906
-1.309,-2.491
-1.279,0.57
-1.374,-2.926
-1.528,-1.251
-1.564,-1.941
-1.586,-1.721
-1.524,-2.991
-1.677,-1.527
-1.601,-0.893
-1.615,-1.868
-1.747,-1.463
-1.867,-0.526
-2.126,-2.307
-1.979,-1.607
-2.191,0.446
-2.218,-3.093
-2.253,0.255
-2.201,-0.82
-2.363,-1.54
-2.367,-3.212
-2.258,-0.534
-2.391,-0.212
-2.421,-1.071
-2.422,-1.52
-2.451,-2.289
-2.356,-2.154
-2.344,0.52
-2.467,-1.806
-2.389,-2.596
-2.52,0.357
-2.535,-0.935
-2.581,-2.598
-2.563,-3.107
-2.763,-3.145
-2.821,-3.031
-2.823,0.049
-2.717,0.509
-2.794,-1.256
-2.811,-1.169
-2.89,-1.387
-2.864,-3.091
-3.035,-1.818
-3.075,0.385
3.069,-2.939
3.09,-0.483
3.048,0.462
-3.107,-2.558
2.875,-2.225
3.011,-3.204
2.874,-3.201
2.88,-0.577
2.812,-1.224
2.809,-2.271
2.566,-2.276
2.72,0.459
2.55,-0.412
2.539,0.645
2.67,-2.949
2.511,-1.756
2.483,-2.931
2.298,0.246
2.291,-2.144
2.312,-1.14
2.335,-0.532
2.332,-0.865
2.169,-1.152
2.259,-1.297
2.134,-2.152
2.151,-0.503
1.935,0.143
1.861,0.651
1.919,0.426
1.778,-2.786
1.822,0.17
1.643,-3.011
1.476,-0.899
1.401,-0.219
1.388,-3.165
1.42,-3.051
1.421,0.673
1.363,-1.16
1.196,-0.632
1.166,-3.113
1.032,-2.02
0.843,-1.432
0.869,-3.339
0.809,-3.339
0.915,-0.785
0.882,-1.351
0.897,-0.66
0.353,-2.372
0.345,-2.147
0.198,-1.151
0.222,-2.317
0.104,-2.231
0.196,-0.566
0.044,-1.286
0.155,-1.625
0.155,-0.725
0.017,-1.862
0.088,-1.53
-0.111,-0.546
0.003,-2.966
-0.214,-3.172
-0.871,-3.339
-0.754,-3.38
-0.957,-3.285
-1.416,-3.618
-1.388,-3.689
-1.651,-3.537
-1.571,-3.34
-1.683,-3.377
-2.365,-3.548
-2.299,-3.296
-2.273,-3.414
-2.61,-3.407
-2.772,-3.646
2.704,-3.507
2.709,-3.716
2.446,-3.49
2.44,-3.511
0.316,-3.604
-0.169,-3.435
-0.224,0.81
-0.399,1.041
-1.198,1.096
-1.506,0.873
-2.165,0.776
-2.365,0.734
2.914,0.862
2.896,0.77
2.779,0.778
2.354,0.905
1.951,0.774
1.277,0.949
0.82,0.803
0.558,0.787
-1.113,-1.184
-1.497,-1.183
-2.342,-1.808
1.875,-1.183
1.693,-0.567
0.973,0.183
0.704,0.396
0.112,-2.717
2.151,-0.874
1.464,-0.511
0.582,-0.579
0.565,0.305
0.569,-0.261
0.505,0.306
0.514,-1.261
0.486,0.146
0.402,-0.469
0.364,-0.436
0.284,-1.118
0.252,0.104
0.328,0.213
0.196,-0.694
0.104,-1.127
-1.816,-2.078
-3.107,-0.949
0.522,-2.474
0.096,-1.017
-0.16,-0.96
-1.886,-3.309
-2.004,-3.179
2.834,-3.062
-2.436,0.625
-1.817,-3.248
-2.416,-3.424
-1.014,-3.159
1.955,-3.454
0.277,-3.387
-2.007,1.001
0.653,1.277
-0.562,-2.718
-0.594,-1.278
-0.634,0.549
-0.752,-1.702
-0.606,-2.772
-0.761,-0.98
-0.855,-1.406
-0.866,0.452
-1.05,-2.957
-1.107,-1.325
-1.031,-0.427
-1.049,0.737
-1.293,-0.385
-1.457,-0.327
-1.34,-3.003
-1.348,-1.632
-1.346,-1.634
-1.391,-2.219
-1.361,0.842
-1.456,-2.654
-1.61,-0.979
-1.646,-1.669
-1.668,-1.449
-1.606,-2.719
-1.759,-1.255
-1.683,-0.621
-1.697,-1.596
-1.829,-1.191
-1.949,-0.254
-2.208,-2.035
-2.061,-1.335
-2.273,0.718
-2.3,-2.821
-2.335,0.527
-2.283,-0.548
-2.445,-1.268
-2.449,-2.94
-2.34,-0.262
-2.473,0.06
-2.503,-0.799
-2.504,-1.248
-2.533,-2.017
-2.438,-1.882
-2.426,0.792
-2.549,-1.534
-2.471,-2.324
-2.602,0.629
-2.617,-0.663
-2.663,-2.326
-2.645,-2.835
-2.845,-2.873
-2.903,-2.759
-2.905,0.321
-2.799,0.781
-2.876,-0.984
-2.893,-0.897
-2.972,-1.115
-2.946,-2.819
-3.117,-1.546
3.126,0.657
2.987,-2.667
3.008,-0.211
2.966,0.734
3.094,-2.286
2.793,-1.953
2.929,-2.932
2.792,-2.929
2.798,-0.305
2.73,-0.952
2.727,-1.999
2.484,-2.004
2.638,0.731
2.468,-0.14
2.457,0.917
2.588,-2.677
2.429,-1.484
2.401,-2.659
2.216,0.518
2.209,-1.872
2.23,-0.868
2.253,-0.26
2.25,-0.593
2.087,-0.88
2.177,-1.025
2.052,-1.88
2.069,-0.231
1.853,0.415
1.779,0.923
1.837,0.698
1.696,-2.514
1.74,0.442
1.561,-2.739
1.394,-0.627
1.319,0.053
1.306,-2.893
1.338,-2.779
1.339,0.945
1.281,-0.888
1.114,-0.36
1.084,-2.841
0.95,-1.748
0.761,-1.16
0.787,-3.067
0.727,-3.067
0.833,-0.513
0.8,-1.079
0.815,-0.388
0.271,-2.1
0.263,-1.875
0.116,-0.879
0.14,-2.045
0.022,-1.959
0.114,-0.294
-0.038,-1.014
0.073,-1.353
0.073,-0.453
-0.065,-1.59
0.006,-1.258
-0.193,-0.274
-0.079,-2.694
-0.296,-2.9
-0.953,-3.067
-0.836,-3.108
-1.039,-3.013
-1.498,-3.346
-1.47,-3.417
-1.733,-3.265
-1.653,-3.068
-1.765,-3.105
-2.447,-3.276
-2.381,-3.024
-2.355,-3.142
-2.692,-3.135
-2.854,-3.374
2.622,-3.235
2.627,-3.444
2.364,-3.218
2.358,-3.239
0.234,-3.332
-0.251,-3.163
-0.306,1.082
-0.481,1.313
-1.28,1.368
-1.588,1.145
-2.247,1.048
-2.447,1.006
2.832,1.134
2.814,1.042
2.697,1.05
2.272,1.177
1.869,1.046
1.195,1.221
0.738,1.075
0.476,1.059
-1.195,-0.912
-1.579,-0.911
-2.424,-1.536
1.793,-0.911
1.611,-0.295
0.891,0.455
0.622,0.668
0.03,-2.445
2.069,-0.602
1.382,-0.239
0.5,-0.307
0.483,0.577
0.487,0.011
0.423,0.578
0.432,-0.989
0.404,0.418
0.32,-0.197
0.282,-0.164
0.202,-0.846
0.17,0.376
0.246,0.485
0.114,-0.422
0.022,-0.855
-1.898,-1.806
3.094,-0.677
0.44,-2.202
0.014,-0.745
-0.242,-0.688
-1.968,-3.037
-2.086,-2.907
2.752,-2.79
-2.518,0.897
-1.899,-2.976
-2.498,-3.152
2.969,-0.295
1.291,-0.228
-0.993,4.16
1.667,4.436
0.452,0.441
0.42,1.881
0.38,3.708
0.262,1.457
0.408,0.387
0.253,2.179
0.159,1.753
0.148,3.611
-0.036,0.202
-0.093,1.834
-0.017,2.732
-0.035,3.896
-0.279,2.774
-0.443,2.832
-0.326,0.156
-0.334,1.527
-0.332,1.525
-0.377,0.94
-0.347,4.001
-0.442,0.505
-0.596,2.18
-0.632,1.49
-0.654,1.71
-0.592,0.44
-0.745,1.904
-0.669,2.538
-0.683,1.563
-0.815,1.968
-0.935,2.905
-1.194,1.124
-1.047,1.824
-1.259,3.877
-1.286,0.338
-1.321,3.686
-1.269,2.611
-1.431,1.891
-1.435,0.219
-1.326,2.897
-1.459,3.219
-1.489,2.36
-1.49,1.911
-1.519,1.142
-1.424,1.277
-1.412,3.951
-1.535,1.625
-1.457,0.835
-1.588,3.788
-1.603,2.496
-1.649,0.833
-1.631,0.324
-1.831,0.286
-1.889,0.4
-1.891,3.48
-1.785,3.94
-1.862,2.175
-1.879,2.262
-1.958,2.044
-1.932,0.34
-2.103,1.613
-2.143,3.816
-2.282,0.492
-2.261,2.948
-2.303,3.893
-2.175,0.873
-2.476,1.206
-2.34,0.227
-2.477,0.23
-2.471,2.854
-2.539,2.207
-2.542,1.16
-2.785,1.155
-2.631,3.89
-2.801,3.019
-2.812,4.076
-2.681,0.482
-2.84,1.675
-2.868,0.5
-3.053,3.677
-3.06,1.287
-3.039,2.291
-3.016,2.899
-3.019,2.566
3.101,2.279
-3.092,2.134
3.066,1.279
3.083,2.928
2.867,3.574
2.793,4.082
2.851,3.857
2.71,0.645
2.754,3.601
2.575,0.42
2.408,2.532
2.333,3.212
2.32,0.266
2.352,0.38
2.353,4.104
2.295,2.271
2.128,2.799
2.098,0.318
1.964,1.411
1.775,1.999
1.801,0.092
1.741,0.092
1.847,2.646
1.814,2.08
1.829,2.771
1.285,1.059
1.277,1.284
1.13,2.28
1.154,1.114
1.036,1.2
1.128,2.865
0.976,2.145
1.087,1.806
1.087,2.706
0.949,1.569
1.02,1.901
0.821,2.885
0.935,0.465
0.718,0.259
0.061,0.092
0.178,0.051
-0.025,0.146
-0.484,-0.187
-0.456,-0.258
-0.719,-0.106
-0.639,0.091
-0.751,0.054
-1.433,-0.117
-1.367,0.135
-1.341,0.017
-1.678,0.024
-1.84,-0.215
-2.647,-0.076
-2.642,-0.285
-2.905,-0.059
-2.911,-0.08
1.248,-0.173
0.763,-0.004
0.708,4.241
0.533,4.472
-0.266,4.527
-0.574,4.304
-1.233,4.207
-1.433,4.165
-2.437,4.293
-2.455,4.201
-2.572,4.209
-2.997,4.336
2.883,4.205
2.209,4.38
1.752,4.234
1.49,4.218
-0.181,2.247
-0.565,2.248
-1.41,1.623
2.807,2.248
2.625,2.864
1.905,3.614
1.636,3.827
1.044,0.714
3.083,2.557
2.396,2.92
1.514,2.852
1.497,3.736
1.501,3.17
1.437,3.737
1.446,2.17
1.418,3.577
1.334,2.962
1.296,2.995
1.216,2.313
1.184,3.535
1.26,3.644
1.128,2.737
1.036,2.304
-0.884,1.353
-2.175,2.482
1.454,0.957
1.028,2.414
0.772,2.471
-0.954,0.122
-1.072,0.252
-2.517,0.369
-1.504,4.056
-0.885,0.183
-1.484,0.007
-1.678,0.067
2.321,4.455
-1.302,4.731
-2.517,0.736
-2.549,2.176
-2.589,4.003
-2.707,1.752
-2.561,0.682
-2.716,2.474
-2.81,2.048
-2.821,3.906
-3.005,0.497
-3.062,2.129
-2.986,3.027
-3.004,4.191
3.035,3.069
2.871,3.127
2.988,0.451
2.98,1.822
2.982,1.82
2.937,1.235
2.967,4.296
2.872,0.8
2.718,2.475
2.682,1.785
2.66,2.005
2.722,0.735
2.569,2.199
2.645,2.833
2.631,1.858
2.499,2.263
2.379,3.2
2.12,1.419
2.267,2.119
2.055,4.172
2.028,0.633
1.993,3.981
2.045,2.906
1.883,2.186
1.879,0.514
1.988,3.192
1.855,3.514
1.825,2.655
1.824,2.206
1.795,1.437
1.89,1.572
1.902,4.246
1.779,1.92
1.857,1.13
1.726,4.083
1.711,2.791
1.665,1.128
1.683,0.619
1.483,0.581
1.425,0.695
1.423,3.775
1.529,4.235
1.452,2.47
1.435,2.557
1.356,2.339
1.382,0.635
1.211,1.908
1.171,4.111
1.032,0.787
1.053,3.243
1.011,4.188
1.139,1.168
0.838,1.501
0.974,0.522
0.837,0.525
0.843,3.149
0.775,2.502
0.772,1.455
0.529,1.45
0.683,4.185
0.513,3.314
0.502,4.371
0.633,0.777
0.474,1.97
0.446,0.795
0.261,3.972
0.254,1.582
0.275,2.586
0.298,3.194
0.295,2.861
0.132,2.574
0.222,2.429
0.097,1.574
0.114,3.223
-0.102,3.869
-0.176,4.377
-0.118,4.152
-0.259,0.94
-0.215,3.896
-0.394,0.715
-0.561,2.827
-0.636,3.507
-0.649,0.561
-0.617,0.675
-0.616,4.399
-0.674,2.566
-0.841,3.094
-0.871,0.613
-1.005,1.706
-1.194,2.294
-1.168,0.387
-1.228,0.387
-1.122,2.941
-1.155,2.375
-1.14,3.066
-1.684,1.354
-1.692,1.579
-1.839,2.575
-1.815,1.409
-1.933,1.495
-1.841,3.16
-1.993,2.44
-1.882,2.101
-1.882,3.001
-2.02,1.864
-1.949,2.196
-2.148,3.18
-2.034,0.76
-2.251,0.554
-2.908,0.387
-2.791,0.346
-2.994,0.441
2.83,0.108
2.858,0.037
2.595,0.189
2.675,0.386
2.563,0.349
1.881,0.178
1.947,0.43
1.973,0.312
1.636,0.319
1.474,0.08
0.667,0.219
0.672,0.01
0.409,0.236
0.403,0.215
-1.721,0.122
-2.206,0.291
-2.261,4.536
-2.436,4.767
3.048,4.822
2.74,4.599
2.081,4.502
1.881,4.46
0.877,4.588
0.859,4.496
0.742,4.504
0.317,4.631
-0.086,4.5
-0.76,4.675
-1.217,4.529
-1.479,4.513
3.133,2.542
2.749,2.543
1.904,1.918
-0.162,2.543
-0.344,3.159
-1.064,3.909
-1.333,4.122
-1.925,1.009
0.114,2.852
-0.573,3.215
-1.455,3.147
-1.472,4.031
-1.468,3.465
-1.532,4.032
-1.523,2.465
-1.551,3.872
-1.635,3.257
-1.673,3.29
-1.753,2.608
-1.785,3.83
-1.709,3.939
-1.841,3.032
-1.933,2.599
2.43,1.648
1.139,2.777
-1.515,1.252
-1.941,2.709
-2.197,2.766
2.36,0.417
2.242,0.547
0.797,0.664
1.81,4.351
2.429,0.478
1.83,0.302
-2.284,4.388
0.376,4.664
-0.839,0.669
-0.871,2.109
-0.911,3.936
-1.029,1.685
-0.883,0.615
-1.038,2.407
-1.132,1.981
-1.143,3.839
-1.327,0.43
-1.384,2.062
-1.308,2.96
-1.326,4.124
-1.57,3.002
-1.734,3.06
-1.617,0.384
-1.625,1.755
-1.623,1.753
-1.668,1.168
-1.638,4.229
-1.733,0.733
-1.887,2.408
-1.923,1.718
-1.945,1.938
-1.883,0.668
-2.036,2.132
-1.96,2.766
-1.974,1.791
-2.106,2.196
-2.226,3.133
-2.485,1.352
-2.338,2.052
-2.55,4.105
-2.577,0.566
-2.612,3.914
-2.56,2.839
-2.722,2.119
-2.726,0.447
-2.617,3.125
-2.75,3.447
-2.78,2.588
-2.781,2.139
-2.81,1.37
-2.715,1.505
-2.703,4.179
-2.826,1.853
-2.748,1.063
-2.879,4.016
-2.894,2.724
-2.94,1.061
-2.922,0.552
-3.122,0.514
3.103,0.628
3.101,3.708
-3.076,4.168
3.13,2.403
3.113,2.49
3.034,2.272
3.06,0.568
2.889,1.841
2.849,4.044
2.71,0.72
2.731,3.176
2.689,4.121
2.817,1.101
2.516,1.434
2.652,0.455
2.515,0.458
2.521,3.082
2.453,2.435
2.45,1.388
2.207,1.383
2.361,4.118
2.191,3.247
2.18,4.304
2.311,0.71
2.152,1.903
2.124,0.728
1.939,3.905
1.932,1.515
1.953,2.519
1.976,3.127
1.973,2.794
1.81,2.507
1.9,2.362
1.775,1.507
1.792,3.156
1.576,3.802
1.502,4.31
1.56,4.085
1.419,0.873
1.463,3.829
1.284,0.648
1.117,2.76
1.042,3.44
1.029,0.494
1.061,0.608
1.062,4.332
1.004,2.499
0.837,3.027
0.807,0.546
0.673,1.639
0.484,2.227
0.51,0.32
0.45,0.32
0.556,2.874
0.523,2.308
0.538,2.999
-0.006,1.287
-0.014,1.512
-0.161,2.508
-0.137,1.342
-0.255,1.428
-0.163,3.093
-0.315,2.373
-0.204,2.034
-0.204,2.934
-0.342,1.797
-0.271,2.129
-0.47,3.113
-0.356,0.693
-0.573,0.487
-1.23,0.32
-1.113,0.279
-1.316,0.374
-1.775,0.041
-1.747,-0.03
-2.01,0.122
-1.93,0.319
-2.042,0.282
-2.724,0.111
-2.658,0.363
-2.632,0.245
-2.969,0.252
-3.131,0.013
2.345,0.152
2.35,-0.057
2.087,0.169
2.081,0.148
-0.043,0.055
-0.528,0.224
-0.583,4.469
-0.758,4.7
-1.557,4.755
-1.865,4.532
-2.524,4.435
-2.724,4.393
2.555,4.521
2.537,4.429
2.42,4.437
1.995,4.564
1.592,4.433
0.918,4.608
0.461,4.462
0.199,4.446
-1.472,2.475
-1.856,2.476
-2.701,1.851
1.516,2.476
1.334,3.092
0.614,3.842
0.345,4.055
-0.247,0.942
1.792,2.785
1.105,3.148
0.223,3.08
0.206,3.964
0.21,3.398
0.146,3.965
0.155,2.398
0.127,3.805
0.043,3.19
0.005,3.223
-0.075,2.541
-0.107,3.763
-0.031,3.872
-0.163,2.965
-0.255,2.532
-2.175,1.581
2.817,2.71
0.163,1.185
-0.263,2.642
-0.519,2.699
-2.245,0.35
-2.363,0.48
2.475,0.597
-2.795,4.284
-2.176,0.411
-2.775,0.235
2.66,0.276
1.445,-3.719
1.413,-2.279
1.373,-0.452
1.255,-2.703
1.401,-3.773
1.246,-1.981
1.152,-2.407
1.141,-0.549
0.957,-3.958
0.9,-2.326
0.976,-1.428
0.958,-0.264
0.714,-1.386
0.55,-1.328
0.667,-4.004
0.659,-2.633
0.661,-2.635
0.616,-3.22
0.646,-0.159
0.551,-3.655
0.397,-1.98
0.361,-2.67
0.339,-2.45
0.401,-3.72
0.248,-2.256
0.324,-1.622
0.31,-2.597
0.178,-2.192
0.058,-1.255
-0.201,-3.036
-0.054,-2.336
-0.266,-0.283
-0.293,-3.822
-0.328,-0.474
-0.276,-1.549
-0.438,-2.269
-0.442,-3.941
-0.333,-1.263
-0.466,-0.941
-0.496,-1.8
-0.497,-2.249
-0.526,-3.018
-0.431,-2.883
-0.419,-0.209
-0.542,-2.535
-0.464,-3.325
-0.595,-0.372
-0.61,-1.664
-0.656,-3.327
-0.638,-3.836
-0.838,-3.874
-0.896,-3.76
-0.898,-0.68
-0.792,-0.22
-0.869,-1.985
-0.886,-1.898
-0.965,-2.116
-0.939,-3.82
-1.11,-2.547
-1.15,-0.344
-1.289,-3.668
-1.268,-1.212
-1.31,-0.267
-1.182,-3.287
-1.483,-2.954
-1.347,-3.933
-1.484,-3.93
-1.478,-1.306
-1.546,-1.953
-1.549,-3.0
-1.792,-3.005
-1.638,-0.27
-1.808,-1.141
-1.819,-0.084
-1.688,-3.678
-1.847,-2.485
-1.875,-3.66
-2.06,-0.483
-2.067,-2.873
-2.046,-1.869
-2.023,-1.261
-2.026,-1.594
-2.189,-1.881
-2.099,-2.026
-2.224,-2.881
-2.207,-1.232
-2.423,-0.586
-2.497,-0.078
-2.439,-0.303
-2.58,-3.515
-2.536,-0.559
-2.715,-3.74
-2.882,-1.628
-2.957,-0.948
-2.97,-3.894
-2.938,-3.78
-2.937,-0.056
-2.995,-1.889
3.121,-1.361
3.091,-3.842
2.957,-2.749
2.768,-2.161
2.794,-4.068
2.734,-4.068
2.84,-1.514
2.807,-2.08
2.822,-1.389
2.278,-3.101
2.27,-2.876
2.123,-1.88
2.147,-3.046
2.029,-2.96
2.121,-1.295
1.969,-2.015
2.08,-2.354
2.08,-1.454
1.942,-2.591
2.013,-2.259
1.814,-1.275
1.928,-3.695
1.711,-3.901
1.054,-4.068
1.171,-4.109
0.968,-4.014
0.509,-4.347
0.537,-4.418
0.274,-4.266
0.354,-4.069
0.242,-4.106
-0.44,-4.277
-0.374,-4.025
-0.348,-4.143
-0.685,-4.136
-0.847,-4.375
-1.654,-4.236
-1.649,-4.445
-1.912,-4.219
-1.918,-4.24
2.241,-4.333
1.756,-4.164
1.701,0.081
1.526,0.312
0.727,0.367
0.419,0.144
-0.24,0.047
-0.44,0.005
-1.444,0.133
-1.462,0.041
-1.579,0.049
-2.004,0.176
-2.407,0.045
-3.081,0.22
2.745,0.074
2.483,0.058
0.812,-1.913
0.428,-1.912
-0.417,-2.537
-2.483,-1.912
-2.665,-1.296
2.898,-0.546
2.629,-0.333
2.037,-3.446
-2.207,-1.603
-2.894,-1.24
2.507,-1.308
2.49,-0.424
2.494,-0.99
2.43,-0.423
2.439,-1.99
2.411,-0.583
2.327,-1.198
2.289,-1.165
2.209,-1.847
2.177,-0.625
2.253,-0.516
2.121,-1.423
2.029,-1.856
0.109,-2.807
-1.182,-1.678
2.447,-3.203
2.021,-1.746
1.765,-1.689
0.039,-4.038
-0.079,-3.908
-1.524,-3.791
-0.511,-0.104
0.108,-3.977
-0.491,-4.153
-1.215,-3.995
-1.247,-2.555
-1.287,-0.728
-1.405,-2.979
-1.259,-4.049
-1.414,-2.257
-1.508,-2.683
-1.519,-0.825
-1.703,-4.234
-1.76,-2.602
-1.684,-1.704
-1.702,-0.54
-1.946,-1.662
-2.11,-1.604
-1.993,-4.28
-2.001,-2.909
-1.999,-2.911
-2.044,-3.496
-2.014,-0.435
-2.109,-3.931
-2.263,-2.256
-2.299,-2.946
-2.321,-2.726
-2.259,-3.996
-2.412,-2.532
-2.336,-1.898
-2.35,-2.873
-2.482,-2.468
-2.602,-1.531
-2.861,-3.312
-2.714,-2.612
-2.926,-0.559
-2.953,-4.098
-2.988,-0.75
-2.936,-1.825
-3.098,-2.545
-3.102,-4.217
-2.993,-1.539
-3.126,-1.217
3.127,-2.076
3.126,-2.525
3.097,-3.294
-3.091,-3.159
-3.079,-0.485
3.081,-2.811
-3.124,-3.601
3.028,-0.648
3.013,-1.94
2.967,-3.603
2.985,-4.112
2.785,-4.15
2.727,-4.036
2.725,-0.956
2.831,-0.496
2.754,-2.261
2.737,-2.174
2.658,-2.392
2.684,-4.096
2.513,-2.823
2.473,-0.62
2.334,-3.944
2.355,-1.488
2.313,-0.543
2.441,-3.563
2.14,-3.23
2.276,-4.209
2.139,-4.206
2.145,-1.582
2.077,-2.229
2.074,-3.276
1.831,-3.281
1.985,-0.546
1.815,-1.417
1.804,-0.36
1.935,-3.954
1.776,-2.761
1.748,-3.936
1.563,-0.759
1.556,-3.149
1.577,-2.145
1.6,-1.537
1.597,-1.87
1.434,-2.157
1.524,-2.302
1.399,-3.157
1.416,-1.508
1.2,-0.862
1.126,-0.354
1.184,-0.579
1.043,-3.791
1.087,-0.835
0.908,-4.016
0.741,-1.904
0.666,-1.224
0.653,-4.17
0.685,-4.056
0.686,-0.332
0.628,-2.165
0.461,-1.637
0.431,-4.118
0.297,-3.025
0.108,-2.437
0.134,-4.344
0.074,-4.344
0.18,-1.79
0.147,-2.356
0.162,-1.665
-0.382,-3.377
-0.39,-3.152
-0.537,-2.156
-0.513,-3.322
-0.631,-3.236
-0.539,-1.571
-0.691,-2.291
-0.58,-2.63
-0.58,-1.73
-0.718,-2.867
-0.647,-2.535
-0.846,-1.551
-0.732,-3.971
-0.949,-4.177
-1.606,-4.344
-1.489,-4.385
-1.692,-4.29
-2.151,-4.623
-2.123,-4.694
-2.386,-4.542
-2.306,-4.345
-2.418,-4.382
-3.1,-4.553
-3.034,-4.301
-3.008,-4.419
2.938,-4.412
2.776,-4.651
1.969,-4.512
1.974,-4.721
1.711,-4.495
1.705,-4.516
-0.419,-4.609
-0.904,-4.44
-0.959,-0.195
-1.134,0.036
-1.933,0.091
-2.241,-0.132
-2.9,-0.229
-3.1,-0.271
2.179,-0.143
2.161,-0.235
2.044,-0.227
1.619,-0.1
1.216,-0.231
0.542,-0.056
0.085,-0.202
-0.177,-0.218
-1.848,-2.189
-2.232,-2.188
-3.077,-2.813
1.14,-2.188
0.958,-1.572
0.238,-0.822
-0.031,-0.609
-0.623,-3.722
1.416,-1.879
0.729,-1.516
-0.153,-1.584
-0.17,-0.7
-0.166,-1.266
-0.23,-0.699
-0.221,-2.266
-0.249,-0.859
-0.333,-1.474
-0.371,-1.441
-0.451,-2.123
-0.483,-0.901
-0.407,-0.792
-0.539,-1.699
-0.631,-2.132
-2.551,-3.083
2.441,-1.954
-0.213,-3.479
-0.639,-2.022
-0.895,-1.965
-2.621,-4.314
-2.739,-4.184
2.099,-4.067
3.112,-0.38
-2.552,-4.253
3.132,-4.429
-0.032,1.44
-0.072,3.267
-0.19,1.016
-0.044,-0.054
-0.199,1.738
-0.293,1.312
-0.304,3.17
-0.488,-0.239
-0.545,1.393
-0.469,2.291
-0.487,3.455
-0.731,2.333
-0.895,2.391
-0.778,-0.285
-0.786,1.086
-0.784,1.084
-0.829,0.499
-0.799,3.56
-0.894,0.064
-1.048,1.739
-1.084,1.049
-1.106,1.269
-1.044,-0.001
-1.197,1.463
-1.121,2.097
-1.135,1.122
-1.267,1.527
-1.387,2.464
-1.646,0.683
-1.499,1.383
-1.711,3.436
-1.738,-0.103
-1.773,3.245
-1.721,2.17
-1.883,1.45
-1.887,-0.222
-1.778,2.456
-1.911,2.778
-1.941,1.919
-1.942,1.47
-1.971,0.701
-1.876,0.836
-1.864,3.51
-1.987,1.184
-1.909,0.394
-2.04,3.347
-2.055,2.055
-2.101,0.392
-2.083,-0.117
-2.283,-0.155
-2.341,-0.041
-2.343,3.039
-2.237,3.499
-2.314,1.734
-2.331,1.821
-2.41,1.603
-2.384,-0.101
-2.555,1.172
-2.595,3.375
-2.734,0.051
-2.713,2.507
-2.755,3.452
-2.627,0.432
-2.928,0.765
-2.792,-0.214
-2.929,-0.211
-2.923,2.413
-2.991,1.766
-2.994,0.719
3.046,0.714
-3.083,3.449
3.03,2.578
3.019,3.635
-3.133,0.041
2.991,1.234
2.963,0.059
2.778,3.236
2.771,0.846
2.792,1.85
2.815,2.458
2.812,2.125
2.649,1.838
2.739,1.693
2.614,0.838
2.631,2.487
2.415,3.133
2.341,3.641
2.399,3.416
2.258,0.204
2.302,3.16
2.123,-0.021
1.956,2.091
1.881,2.771
1.868,-0.175
1.9,-0.061
1.901,3.663
1.843,1.83
1.676,2.358
1.646,-0.123
1.512,0.97
1.323,1.558
1.349,-0.349
1.289,-0.349
1.395,2.205
1.362,1.639
1.377,2.33
0.833,0.618
0.825,0.843
0.678,1.839
0.702,0.673
0.584,0.759
0.676,2.424
0.524,1.704
0.635,1.365
0.635,2.265
0.497,1.128
0.568,1.46
0.369,2.444
0.483,0.024
0.266,-0.182
-0.391,-0.349
-0.274,-0.39
-0.477,-0.295
-0.936,-0.628
-0.908,-0.699
-1.171,-0.547
-1.091,-0.35
-1.203,-0.387
-1.885,-0.558
-1.819,-0.306
-1.793,-0.424
-2.13,-0.417
-2.292,-0.656
-3.099,-0.517
-3.094,-0.726
2.926,-0.5
2.92,-0.521
0.796,-0.614
0.311,-0.445
0.256,3.8
0.081,4.031
-0.718,4.086
-1.026,3.863
-1.685,3.766
-1.885,3.724
-2.889,3.852
-2.907,3.76
-3.024,3.768
2.834,3.895
2.431,3.764
1.757,3.939
1.3,3.793
1.038,3.777
-0.633,1.806
-1.017,1.807
-1.862,1.182
2.355,1.807
2.173,2.423
1.453,3.173
1.184,3.386
0.592,0.273
2.631,2.116
1.944,2.479
1.062,2.411
1.045,3.295
1.049,2.729
0.985,3.296
0.994,1.729
0.966,3.136
0.882,2.521
0.844,2.554
0.764,1.872
0.732,3.094
0.808,3.203
0.676,2.296
0.584,1.863
-1.336,0.912
-2.627,2.041
1.002,0.516
0.576,1.973
0.32,2.03
-1.406,-0.319
-1.524,-0.189
-2.969,-0.072
-1.956,3.615
-1.337,-0.258
-1.936,-0.434
-0.04,1.827
-0.158,-0.424
-0.012,-1.494
-0.167,0.298
-0.261,-0.128
-0.272,1.73
-0.456,-1.679
-0.513,-0.047
-0.437,0.851
-0.455,2.015
-0.699,0.893
-0.863,0.951
-0.746,-1.725
-0.754,-0.354
-0.752,-0.356
-0.797,-0.941
-0.767,2.12
-0.862,-1.376
-1.016,0.299
-1.052,-0.391
-1.074,-0.171
-1.012,-1.441
-1.165,0.023
-1.089,0.657
-1.103,-0.318
-1.235,0.087
-1.355,1.024
-1.614,-0.757
-1.467,-0.057
-1.679,1.996
-1.706,-1.543
-1.741,1.805
-1.689,0.73
-1.851,0.01
-1.855,-1.662
-1.746,1.016
-1.879,1.338
-1.909,0.479
-1.91,0.03
-1.939,-0.739
-1.844,-0.604
-1.832,2.07
-1.955,-0.256
-1.877,-1.046
-2.008,1.907
-2.023,0.615
-2.069,-1.048
-2.051,-1.557
-2.251,-1.595
-2.309,-1.481
-2.311,1.599
-2.205,2.059
-2.282,0.294
-2.299,0.381
-2.378,0.163
-2.352,-1.541
-2.523,-0.268
-2.563,1.935
-2.702,-1.389
-2.681,1.067
-2.723,2.012
-2.595,-1.008
-2.896,-0.675
-2.76,-1.654
-2.897,-1.651
-2.891,0.973
-2.959,0.326
-2.962,-0.721
3.078,-0.726
-3.051,2.009
3.062,1.138
3.051,2.195
-3.101,-1.399
3.023,-0.206
2.995,-1.381
2.81,1.796
2.803,-0.594
2.824,0.41
2.847,1.018
2.844,0.685
2.681,0.398
2.771,0.253
2.646,-0.602
2.663,1.047
2.447,1.693
2.373,2.201
2.431,1.976
2.29,-1.236
2.334,1.72
2.155,-1.461
1.988,0.651
1.913,1.331
1.9,-1.615
1.932,-1.501
1.933,2.223
1.875,0.39
1.708,0.918
1.678,-1.563
1.544,-0.47
1.355,0.118
1.381,-1.789
1.321,-1.789
1.427,0.765
1.394,0.199
1.409,0.89
0.865,-0.822
0.857,-0.597
0.71,0.399
0.734,-0.767
0.616,-0.681
0.708,0.984
0.556,0.264
0.667,-0.075
0.667,0.825
0.529,-0.312
0.6,0.02
0.401,1.004
0.515,-1.416
0.298,-1.622
-0.359,-1.789
-0.242,-1.83
-0.445,-1.735
-0.904,-2.068
-0.876,-2.139
-1.139,-1.987
-1.059,-1.79
-1.171,-1.827
-1.853,-1.998
-1.787,-1.746
-1.761,-1.864
-2.098,-1.857
-2.26,-2.096
-3.067,-1.957
-3.062,-2.166
2.958,-1.94
2.952,-1.961
0.828,-2.054
0.343,-1.885
0.288,2.36
0.113,2.591
-0.686,2.646
-0.994,2.423
-1.653,2.326
-1.853,2.284
-2.857,2.412
-2.875,2.32
-2.992,2.328
2.866,2.455
2.463,2.324
1.789,2.499
1.332,2.353
1.07,2.337
-0.601,0.366
-0.985,0.367
-1.83,-0.258
2.387,0.367
2.205,0.983
1.485,1.733
1.216,1.946
0.624,-1.167
2.663,0.676
1.976,1.039
1.094,0.971
1.077,1.855
1.081,1.289
1.017,1.856
1.026,0.289
0.998,1.696
0.914,1.081
0.876,1.114
0.796,0.432
0.764,1.654
0.84,1.763
0.708,0.856
0.616,0.423
-1.304,-0.528
-2.595,0.601
1.034,-0.924
0.608,0.533
0.352,0.59
-1.374,-1.759
-1.492,-1.629
-2.937,-1.512
-1.924,2.175
-1.305,-1.698
-1.904,-1.874
-0.118,-2.251
0.028,-3.321
-0.127,-1.529
-0.221,-1.955
-0.232,-0.097
-0.416,-3.506
-0.473,-1.874
-0.397,-0.976
-0.415,0.188
-0.659,-0.934
-0.823,-0.876
-0.706,-3.552
-0.714,-2.181
-0.712,-2.183
-0.757,-2.768
-0.727,0.293
-0.822,-3.203
-0.976,-1.528
-1.012,-2.218
-1.034,-1.998
-0.972,-3.268
-1.125,-1.804
-1.049,-1.17
-1.063,-2.145
-1.195,-1.74
-1.315,-0.803
-1.574,-2.584
-1.427,-1.884
-1.639,0.169
-1.666,-3.37
-1.701,-0.022
-1.649,-1.097
-1.811,-1.817
-1.815,-3.489
-1.706,-0.811
-1.839,-0.489
-1.869,-1.348
-1.87,-1.797
-1.899,-2.566
-1.804,-2.431
-1.792,0.243
-1.915,-2.083
-1.837,-2.873
-1.968,0.08
-1.983,-1.212
-2.029,-2.875
-2.011,-3.384
-2.211,-3.422
-2.269,-3.308
-2.271,-0.228
-2.165,0.232
-2.242,-1.533
-2.259,-1.446
-2.338,-1.664
-2.312,-3.368
-2.483,-2.095
-2.523,0.108
-2.662,-3.216
-2.641,-0.76
-2.683,0.185
-2.555,-2.835
-2.856,-2.502
-2.72,-3.481
-2.857,-3.478
-2.851,-0.854
-2.919,-1.501
-2.922,-2.548
3.118,-2.553
-3.011,0.182
3.102,-0.689
3.091,0.368
-3.061,-3.226
3.063,-2.033
3.035,-3.208
2.85,-0.031
2.843,-2.421
2.864,-1.417
2.887,-0.809
2.884,-1.142
2.721,-1.429
2.811,-1.574
2.686,-2.429
2.703,-0.78
2.487,-0.134
2.413,0.374
2.471,0.149
2.33,-3.063
2.374,-0.107
2.195,-3.288
2.028,-1.176
1.953,-0.496
1.94,-3.442
1.972,-3.328
1.973,0.396
1.915,-1.437
1.748,-0.909
1.718,-3.39
1.584,-2.297
1.395,-1.709
1.421,-3.616
1.361,-3.616
1.467,-1.062
1.434,-1.628
1.449,-0.937
0.905,-2.649
0.897,-2.424
0.75,-1.428
0.774,-2.594
0.656,-2.508
0.748,-0.843
0.596,-1.563
0.707,-1.902
0.707,-1.002
0.569,-2.139
0.64,-1.807
0.441,-0.823
0.555,-3.243
0.338,-3.449
-0.319,-3.616
-0.202,-3.657
-0.405,-3.562
-0.864,-3.895
-0.836,-3.966
-1.099,-3.814
-1.019,-3.617
-1.131,-3.654
-1.813,-3.825
-1.747,-3.573
-1.721,-3.691
-2.058,-3.684
-2.22,-3.923
-3.027,-3.784
-3.022,-3.993
2.998,-3.767
2.992,-3.788
0.868,-3.881
0.383,-3.712
0.328,0.533
0.153,0.764
-0.646,0.819
-0.954,0.596
-1.613,0.499
-1.813,0.457
-2.817,0.585
-2.835,0.493
-2.952,0.501
2.906,0.628
2.503,0.497
1.829,0.672
1.372,0.526
1.11,0.51
-0.561,-1.461
-0.945,-1.46
-1.79,-2.085
2.427,-1.46
2.245,-0.844
1.525,-0.094
1.256,0.119
0.664,-2.994
2.703,-1.151
2.016,-0.788
1.134,-0.856
1.117,0.028
1.121,-0.538
1.057,0.029
1.066,-1.538
1.038,-0.131
0.954,-0.746
0.916,-0.713
0.836,-1.395
0.804,-0.173
0.88,-0.064
0.748,-0.971
0.656,-1.404
-1.264,-2.355
-2.555,-1.226
1.074,-2.751
0.648,-1.294
0.392,-1.237
-1.334,-3.586
-1.452,-3.456
-2.897,-3.339
-1.884,0.348
-1.265,-3.525
-1.864,-3.701
0.146,-1.07
-0.009,0.722
-0.103,0.296
-0.114,2.154
-0.298,-1.255
-0.355,0.377
-0.279,1.275
-0.297,2.439
-0.541,1.317
-0.705,1.375
-0.588,-1.301
-0.596,0.07
-0.594,0.068
-0.639,-0.517
-0.609,2.544
-0.704,-0.952
-0.858,0.723
-0.894,0.033
-0.916,0.253
-0.854,-1.017
-1.007,0.447
-0.931,1.081
-0.945,0.106
-1.077,0.511
-1.197,1.448
-1.456,-0.333
-1.309,0.367
-1.521,2.42
-1.548,-1.119
-1.583,2.229
-1.531,1.154
-1.693,0.434
-1.697,-1.238
-1.588,1.44
-1.721,1.762
-1.751,0.903
-1.752,0.454
-1.781,-0.315
-1.686,-0.18
-1.674,2.494
-1.797,0.168
-1.719,-0.622
-1.85,2.331
-1.865,1.039
-1.911,-0.624
-1.893,-1.133
-2.093,-1.171
-2.151,-1.057
-2.153,2.023
-2.047,2.483
-2.124,0.718
-2.141,0.805
-2.22,0.587
-2.194,-1.117
-2.365,0.156
-2.405,2.359
-2.544,-0.965
-2.523,1.491
-2.565,2.436
-2.437,-0.584
-2.738,-0.251
-2.602,-1.23
-2.739,-1.227
-2.733,1.397
-2.801,0.75
-2.804,-0.297
-3.047,-0.302
-2.893,2.433
-3.063,1.562
-3.074,2.619
-2.943,-0.975
-3.102,0.218
-3.13,-0.957
2.968,2.22
2.961,-0.17
2.982,0.834
3.005,1.442
3.002,1.109
2.839,0.822
2.929,0.677
2.804,-0.178
2.821,1.471
2.605,2.117
2.531,2.625
2.589,2.4
2.448,-0.812
2.492,2.144
2.313,-1.037
2.146,1.075
2.071,1.755
2.058,-1.191
2.09,-1.077
2.091,2.647
2.033,0.814
1.866,1.342
1.836,-1.139
1.702,-0.046
1.513,0.542
1.539,-1.365
1.479,-1.365
1.585,1.189
1.552,0.623
1.567,1.314
1.023,-0.398
1.015,-0.173
0.868,0.823
0.892,-0.343
0.774,-0.257
0.866,1.408
0.714,0.688
0.825,0.349
0.825,1.249
0.687,0.112
0.758,0.444
0.559,1.428
0.673,-0.992
0.456,-1.198
-0.201,-1.365
-0.084,-1.406
-0.287,-1.311
-0.746,-1.644
-0.718,-1.715
-0.981,-1.563
-0.901,-1.366
-1.013,-1.403
-1.695,-1.574
-1.629,-1.322
-1.603,-1.44
-1.94,-1.433
-2.102,-1.672
-2.909,-1.533
-2.904,-1.742
3.116,-1.516
3.11,-1.537
0.986,-1.63
0.501,-1.461
0.446,2.784
0.271,3.015
-0.528,3.07
-0.836,2.847
-1.495,2.75
-1.695,2.708
-2.699,2.836
-2.717,2.744
-2.834,2.752
3.024,2.879
2.621,2.748
1.947,2.923
1.49,2.777
1.228,2.761
-0.443,0.79
-0.827,0.791
-1.672,0.166
2.545,0.791
2.363,1.407
1.643,2.157
1.374,2.37
0.782,-0.743
2.821,1.1
2.134,1.463
1.252,1.395
1.235,2.279
1.239,1.713
1.175,2.28
1.184,0.713
1.156,2.12
1.072,1.505
1.034,1.538
0.954,0.856
0.922,2.078
0.998,2.187
0.866,1.28
0.774,0.847
-1.146,-0.104
-2.437,1.025
1.192,-0.5
0.766,0.957
0.51,1.014
-1.216,-1.335
-1.334,-1.205
-2.779,-1.088
-1.766,2.599
-1.147,-1.274
-1.746,-1.45
-0.155,1.792
-0.249,1.366
-0.26,3.224
-0.444,-0.185
-0.501,1.447
-0.425,2.345
-0.443,3.509
-0.687,2.387
-0.851,2.445
-0.734,-0.231
-0.742,1.14
-0.74,1.138
-0.785,0.553
-0.755,3.614
-0.85,0.118
-1.004,1.793
-1.04,1.103
-1.062,1.323
-1.0,0.053
-1.153,1.517
-1.077,2.151
-1.091,1.176
-1.223,1.581
-1.343,2.518
-1.602,0.737
-1.455,1.437
-1.667,3.49
-1.694,-0.049
-1.729,3.299
-1.677,2.224
-1.839,1.504
-1.843,-0.168
-1.734,2.51
-1.867,2.832
-1.897,1.973
-1.898,1.524
-1.927,0.755
-1.832,0.89
-1.82,3.564
-1.943,1.238
-1.865,0.448
-1.996,3.401
-2.011,2.109
-2.057,0.446
-2.039,-0.063
-2.239,-0.101
-2.297,0.013
-2.299,3.093
-2.193,3.553
-2.27,1.788
-2.287,1.875
-2.366,1.657
-2.34,-0.047
-2.511,1.226
-2.551,3.429
-2.69,0.105
-2.669,2.561
-2.711,3.506
-2.583,0.486
-2.884,0.819
-2.748,-0.16
-2.885,-0.157
-2.879,2.467
-2.947,1.82
-2.95,0.773
3.09,0.768
-3.039,3.503
3.074,2.632
3.063,3.689
-3.089,0.095
3.035,1.288
3.007,0.113
2.822,3.29
2.815,0.9
2.836,1.904
2.859,2.512
2.856,2.179
2.693,1.892
2.783,1.747
2.658,0.892
2.675,2.541
2.459,3.187
2.385,3.695
2.443,3.47
2.302,0.258
2.346,3.214
2.167,0.033
2.0,2.145
1.925,2.825
1.912,-0.121
1.944,-0.007
1.945,3.717
1.887,1.884
1.72,2.412
1.69,-0.069
1.556,1.024
1.367,1.612
1.393,-0.295
1.333,-0.295
1.439,2.259
1.406,1.693
1.421,2.384
0.877,0.672
0.869,0.897
0.722,1.893
0.746,0.727
0.628,0.813
0.72,2.478
0.568,1.758
0.679,1.419
0.679,2.319
0.541,1.182
0.612,1.514
0.413,2.498
0.527,0.078
0.31,-0.128
-0.347,-0.295
-0.23,-0.336
-0.433,-0.241
-0.892,-0.574
-0.864,-0.645
-1.127,-0.493
-1.047,-0.296
-1.159,-0.333
-1.841,-0.504
-1.775,-0.252
-1.749,-0.37
-2.086,-0.363
-2.248,-0.602
-3.055,-0.463
-3.05,-0.672
2.97,-0.446
2.964,-0.467
0.84,-0.56
0.355,-0.391
0.3,3.854
0.125,4.085
-0.674,4.14
-0.982,3.917
-1.641,3.82
-1.841,3.778
-2.845,3.906
-2.863,3.814
-2.98,3.822
2.878,3.949
2.475,3.818
1.801,3.993
1.344,3.847
1.082,3.831
-0.589,1.86
-0.973,1.861
-1.818,1.236
2.399,1.861
2.217,2.477
1.497,3.227
1.228,3.44
0.636,0.327
2.675,2.17
1.988,2.533
1.106,2.465
1.089,3.349
1.093,2.783
1.029,3.35
1.038,1.783
1.01,3.19
0.926,2.575
0.888,2.608
0.808,1.926
0.776,3.148
0.852,3.257
0.72,2.35
0.628,1.917
-1.292,0.966
-2.583,2.095
1.046,0.57
0.62,2.027
0.364,2.084
-1.362,-0.265
-1.48,-0.135
-2.925,-0.018
-1.912,3.669
-1.293,-0.204
-1.892,-0.38
-0.094,-0.426
-0.105,1.432
-0.289,-1.977
-0.346,-0.345
-0.27,0.553
-0.288,1.717
-0.532,0.595
-0.696,0.653
-0.579,-2.023
-0.587,-0.652
-0.585,-0.654
-0.63,-1.239
-0.6,1.822
-0.695,-1.674
-0.849,0.001
-0.885,-0.689
-0.907,-0.469
-0.845,-1.739
-0.998,-0.275
-0.922,0.359
-0.936,-0.616
-1.068,-0.211
-1.188,0.726
-1.447,-1.055
-1.3,-0.355
-1.512,1.698
-1.539,-1.841
-1.574,1.507
-1.522,0.432
-1.684,-0.288
-1.688,-1.96
-1.579,0.718
-1.712,1.04
-1.742,0.181
-1.743,-0.268
-1.772,-1.037
-1.677,-0.902
-1.665,1.772
-1.788,-0.554
-1.71,-1.344
-1.841,1.609
-1.856,0.317
-1.902,-1.346
-1.884,-1.855
-2.084,-1.893
-2.142,-1.779
-2.144,1.301
-2.038,1.761
-2.115,-0.004
-2.132,0.083
-2.211,-0.135
-2.185,-1.839
-2.356,-0.566
-2.396,1.637
-2.535,-1.687
-2.514,0.769
-2.556,1.714
-2.428,-1.306
-2.729,-0.973
-2.593,-1.952
-2.73,-1.949
-2.724,0.675
-2.792,0.028
-2.795,-1.019
-3.038,-1.024
-2.884,1.711
-3.054,0.84
-3.065,1.897
-2.934,-1.697
-3.093,-0.504
-3.121,-1.679
2.977,1.498
2.97,-0.892
2.991,0.112
3.014,0.72
3.011,0.387
2.848,0.1
2.938,-0.045
2.813,-0.9
2.83,0.749
2.614,1.395
2.54,1.903
2.598,1.678
2.457,-1.534
2.501,1.422
2.322,-1.759
2.155,0.353
2.08,1.033
2.067,-1.913
2.099,-1.799
2.1,1.925
2.042,0.092
1.875,0.62
1.845,-1.861
1.711,-0.768
1.522,-0.18
1.548,-2.087
1.488,-2.087
1.594,0.467
1.561,-0.099
1.576,0.592
1.032,-1.12
1.024,-0.895
0.877,0.101
0.901,-1.065
0.783,-0.979
0.875,0.686
0.723,-0.034
0.834,-0.373
0.834,0.527
0.696,-0.61
0.767,-0.278
0.568,0.706
0.682,-1.714
0.465,-1.92
-0.192,-2.087
-0.075,-2.128
-0.278,-2.033
-0.737,-2.366
-0.709,-2.437
-0.972,-2.285
-0.892,-2.088
-1.004,-2.125
-1.686,-2.296
-1.62,-2.044
-1.594,-2.162
-1.931,-2.155
-2.093,-2.394
-2.9,-2.255
-2.895,-2.464
3.125,-2.238
3.119,-2.259
0.995,-2.352
0.51,-2.183
0.455,2.062
0.28,2.293
-0.519,2.348
-0.827,2.125
-1.486,2.028
-1.686,1.986
-2.69,2.114
-2.708,2.022
-2.825,2.03
3.033,2.157
2.63,2.026
1.956,2.201
1.499,2.055
1.237,2.039
-0.434,0.068
-0.818,0.069
-1.663,-0.556
2.554,0.069
2.372,0.685
1.652,1.435
1.383,1.648
0.791,-1.465
2.83,0.378
2.143,0.741
1.261,0.673
1.244,1.557
1.248,0.991
1.184,1.558
1.193,-0.009
1.165,1.398
1.081,0.783
1.043,0.816
0.963,0.134
0.931,1.356
1.007,1.465
0.875,0.558
0.783,0.125
-1.137,-0.826
-2.428,0.303
1.201,-1.222
0.775,0.235
0.519,0.292
-1.207,-2.057
-1.325,-1.927
-2.77,-1.81
-1.757,1.877
-1.138,-1.996
-1.737,-2.172
-0.011,1.858
-0.195,-1.551
-0.252,0.081
-0.176,0.979
-0.194,2.143
-0.438,1.021
-0.602,1.079
-0.485,-1.597
-0.493,-0.226
-0.491,-0.228
-0.536,-0.813
-0.506,2.248
-0.601,-1.248
-0.755,0.427
-0.791,-0.263
-0.813,-0.043
-0.751,-1.313
-0.904,0.151
-0.828,0.785
-0.842,-0.19
-0.974,0.215
-1.094,1.152
-1.353,-0.629
-1.206,0.071
-1.418,2.124
-1.445,-1.415
-1.48,1.933
-1.428,0.858
-1.59,0.138
-1.594,-1.534
-1.485,1.144
-1.618,1.466
-1.648,0.607
-1.649,0.158
-1.678,-0.611
-1.583,-0.476
-1.571,2.198
-1.694,-0.128
-1.616,-0.918
-1.747,2.035
-1.762,0.743
-1.808,-0.92
-1.79,-1.429
-1.99,-1.467
-2.048,-1.353
-2.05,1.727
-1.944,2.187
-2.021,0.422
-2.038,0.509
-2.117,0.291
-2.091,-1.413
-2.262,-0.14
-2.302,2.063
-2.441,-1.261
-2.42,1.195
-2.462,2.14
-2.334,-0.88
-2.635,-0.547
-2.499,-1.526
-2.636,-1.523
-2.63,1.101
-2.698,0.454
-2.701,-0.593
-2.944,-0.598
-2.79,2.137
-2.96,1.266
-2.971,2.323
-2.84,-1.271
-2.999,-0.078
-3.027,-1.253
3.071,1.924
3.064,-0.466
3.085,0.538
3.108,1.146
3.105,0.813
2.942,0.526
3.032,0.381
2.907,-0.474
2.924,1.175
2.708,1.821
2.634,2.329
2.692,2.104
2.551,-1.108
2.595,1.848
2.416,-1.333
2.249,0.779
2.174,1.459
2.161,-1.487
2.193,-1.373
2.194,2.351
2.136,0.518
1.969,1.046
1.939,-1.435
1.805,-0.342
1.616,0.246
1.642,-1.661
1.582,-1.661
1.688,0.893
1.655,0.327
1.67,1.018
1.126,-0.694
1.118,-0.469
0.971,0.527
0.995,-0.639
0.877,-0.553
0.969,1.112
0.817,0.392
0.928,0.053
0.928,0.953
0.79,-0.184
0.861,0.148
0.662,1.132
0.776,-1.288
0.559,-1.494
-0.098,-1.661
0.019,-1.702
-0.184,-1.607
-0.643,-1.94
-0.615,-2.011
-0.878,-1.859
-0.798,-1.662
-0.91,-1.699
-1.592,-1.87
-1.526,-1.618
-1.5,-1.736
-1.837,-1.729
-1.999,-1.968
-2.806,-1.829
-2.801,-2.038
-3.064,-1.812
-3.07,-1.833
1.089,-1.926
0.604,-1.757
0.549,2.488
0.374,2.719
-0.425,2.774
-0.733,2.551
-1.392,2.454
-1.592,2.412
-2.596,2.54
-2.614,2.448
-2.731,2.456
3.127,2.583
2.724,2.452
2.05,2.627
1.593,2.481
1.331,2.465
-0.34,0.494
-0.724,0.495
-1.569,-0.13
2.648,0.495
2.466,1.111
1.746,1.861
1.477,2.074
0.885,-1.039
2.924,0.804
2.237,1.167
1.355,1.099
1.338,1.983
1.342,1.417
1.278,1.984
1.287,0.417
1.259,1.824
1.175,1.209
1.137,1.242
1.057,0.56
1.025,1.782
1.101,1.891
0.969,0.984
0.877,0.551
-1.043,-0.4
-2.334,0.729
1.295,-0.796
0.869,0.661
0.613,0.718
-1.113,-1.631
-1.231,-1.501
-2.676,-1.384
-1.663,2.303
-1.044,-1.57
-1.643,-1.746
-0.184,-3.409
-0.241,-1.777
-0.165,-0.879
-0.183,0.285
-0.427,-0.837
-0.591,-0.779
-0.474,-3.455
-0.482,-2.084
-0.48,-2.086
-0.525,-2.671
-0.495,0.39
-0.59,-3.106
-0.744,-1.431
-0.78,-2.121
-0.802,-1.901
-0.74,-3.171
-0.893,-1.707
-0.817,-1.073
-0.831,-2.048
-0.963,-1.643
-1.083,-0.706
-1.342,-2.487
-1.195,-1.787
-1.407,0.266
-1.434,-3.273
-1.469,0.075
-1.417,-1.0
-1.579,-1.72
-1.583,-3.392
-1.474,-0.714
-1.607,-0.392
-1.637,-1.251
-1.638,-1.7
-1.667,-2.469
-1.572,-2.334
-1.56,0.34
-1.683,-1.986
-1.605,-2.776
-1.736,0.177
-1.751,-1.115
-1.797,-2.778
-1.779,-3.287
-1.979,-3.325
-2.037,-3.211
-2.039,-0.131
-1.933,0.329
-2.01,-1.436
-2.027,-1.349
-2.106,-1.567
-2.08,-3.271
-2.251,-1.998
-2.291,0.205
-2.43,-3.119
-2.409,-0.663
-2.451,0.282
-2.323,-2.738
-2.624,-2.405
-2.488,-3.384
-2.625,-3.381
-2.619,-0.757
-2.687,-1.404
-2.69,-2.451
-2.933,-2.456
-2.779,0.279
-2.949,-0.592
-2.96,0.465
-2.829,-3.129
-2.988,-1.936
-3.016,-3.111
3.082,0.066
3.075,-2.324
3.096,-1.32
3.119,-0.712
3.116,-1.045
2.953,-1.332
3.043,-1.477
2.918,-2.332
2.935,-0.683
2.719,-0.037
2.645,0.471
2.703,0.246
2.562,-2.966
2.606,-0.01
2.427,-3.191
2.26,-1.079
2.185,-0.399
2.172,-3.345
2.204,-3.231
2.205,0.493
2.147,-1.34
1.98,-0.812
1.95,-3.293
1.816,-2.2
1.627,-1.612
1.653,-3.519
1.593,-3.519
1.699,-0.965
1.666,-1.531
1.681,-0.84
1.137,-2.552
1.129,-2.327
0.982,-1.331
1.006,-2.497
0.888,-2.411
0.98,-0.746
0.828,-1.466
0.939,-1.805
0.939,-0.905
0.801,-2.042
0.872,-1.71
0.673,-0.726
0.787,-3.146
0.57,-3.352
-0.087,-3.519
0.03,-3.56
-0.173,-3.465
-0.632,-3.798
-0.604,-3.869
-0.867,-3.717
-0.787,-3.52
-0.899,-3.557
-1.581,-3.728
-1.515,-3.476
-1.489,-3.594
-1.826,-3.587
-1.988,-3.826
-2.795,-3.687
-2.79,-3.896
-3.053,-3.67
-3.059,-3.691
1.1,-3.784
0.615,-3.615
0.56,0.63
0.385,0.861
-0.414,0.916
-0.722,0.693
-1.381,0.596
-1.581,0.554
-2.585,0.682
-2.603,0.59
-2.72,0.598
3.138,0.725
2.735,0.594
2.061,0.769
1.604,0.623
1.342,0.607
-0.329,-1.364
-0.713,-1.363
-1.558,-1.988
2.659,-1.363
2.477,-0.747
1.757,0.003
1.488,0.216
0.896,-2.897
2.935,-1.054
2.248,-0.691
1.366,-0.759
1.349,0.125
1.353,-0.441
1.289,0.126
1.298,-1.441
1.27,-0.034
1.186,-0.649
1.148,-0.616
1.068,-1.298
1.036,-0.076
1.112,0.033
0.98,-0.874
0.888,-1.307
-1.032,-2.258
-2.323,-1.129
1.306,-2.654
0.88,-1.197
0.624,-1.14
-1.102,-3.489
-1.22,-3.359
-2.665,-3.242
-1.652,0.445
-1.033,-3.428
-1.632,-3.604
-0.057,1.632
0.019,2.53
0.001,3.694
-0.243,2.572
-0.407,2.63
-0.29,-0.046
-0.298,1.325
-0.296,1.323
-0.341,0.738
-0.311,3.799
-0.406,0.303
-0.56,1.978
-0.596,1.288
-0.618,1.508
-0.556,0.238
-0.709,1.702
-0.633,2.336
-0.647,1.361
-0.779,1.766
-0.899,2.703
-1.158,0.922
-1.011,1.622
-1.223,3.675
-1.25,0.136
-1.285,3.484
-1.233,2.409
-1.395,1.689
-1.399,0.017
-1.29,2.695
-1.423,3.017
-1.453,2.158
-1.454,1.709
-1.483,0.94
-1.388,1.075
-1.376,3.749
-1.499,1.423
-1.421,0.633
-1.552,3.586
-1.567,2.294
-1.613,0.631
-1.595,0.122
-1.795,0.084
-1.853,0.198
-1.855,3.278
-1.749,3.738
-1.826,1.973
-1.843,2.06
-1.922,1.842
-1.896,0.138
-2.067,1.411
-2.107,3.614
-2.246,0.29
-2.225,2.746
-2.267,3.691
-2.139,0.671
-2.44,1.004
-2.304,0.025
-2.441,0.028
-2.435,2.652
-2.503,2.005
-2.506,0.958
-2.749,0.953
-2.595,3.688
-2.765,2.817
-2.776,3.874
-2.645,0.28
-2.804,1.473
-2.832,0.298
-3.017,3.475
-3.024,1.085
-3.003,2.089
-2.98,2.697
-2.983,2.364
3.137,2.077
-3.056,1.932
3.102,1.077
3.119,2.726
2.903,3.372
2.829,3.88
2.887,3.655
2.746,0.443
2.79,3.399
2.611,0.218
2.444,2.33
2.369,3.01
2.356,0.064
2.388,0.178
2.389,3.902
2.331,2.069
2.164,2.597
2.134,0.116
2.0,1.209
1.811,1.797
1.837,-0.11
1.777,-0.11
1.883,2.444
1.85,1.878
1.865,2.569
1.321,0.857
1.313,1.082
1.166,2.078
1.19,0.912
1.072,0.998
1.164,2.663
1.012,1.943
1.123,1.604
1.123,2.504
0.985,1.367
1.056,1.699
0.857,2.683
0.971,0.263
0.754,0.057
0.097,-0.11
0.214,-0.151
0.011,-0.056
-0.448,-0.389
-0.42,-0.46
-0.683,-0.308
-0.603,-0.111
-0.715,-0.148
-1.397,-0.319
-1.331,-0.067
-1.305,-0.185
-1.642,-0.178
-1.804,-0.417
-2.611,-0.278
-2.606,-0.487
-2.869,-0.261
-2.875,-0.282
1.284,-0.375
0.799,-0.206
0.744,4.039
0.569,4.27
-0.23,4.325
-0.538,4.102
-1.197,4.005
-1.397,3.963
-2.401,4.091
-2.419,3.999
-2.536,4.007
-2.961,4.134
2.919,4.003
2.245,4.178
1.788,4.032
1.526,4.016
-0.145,2.045
-0.529,2.046
-1.374,1.421
2.843,2.046
2.661,2.662
1.941,3.412
1.672,3.625
1.08,0.512
3.119,2.355
2.432,2.718
1.55,2.65
1.533,3.534
1.537,2.968
1.473,3.535
1.482,1.968
1.454,3.375
1.37,2.76
1.332,2.793
1.252,2.111
1.22,3.333
1.296,3.442
1.164,2.535
1.072,2.102
-0.848,1.151
-2.139,2.28
1.49,0.755
1.064,2.212
0.808,2.269
-0.918,-0.08
-1.036,0.05
-2.481,0.167
-1.468,3.854
-0.849,-0.019
-1.448,-0.195
0.076,0.898
0.058,2.062
-0.186,0.94
-0.35,0.998
-0.233,-1.678
-0.241,-0.307
-0.239,-0.309
-0.284,-0.894
-0.254,2.167
-0.349,-1.329
-0.503,0.346
-0.539,-0.344
-0.561,-0.124
-0.499,-1.394
-0.652,0.07
-0.576,0.704
-0.59,-0.271
-0.722,0.134
-0.842,1.071
-1.101,-0.71
-0.954,-0.01
-1.166,2.043
-1.193,-1.496
-1.228,1.852
-1.176,0.777
-1.338,0.057
-1.342,-1.615
-1.233,1.063
-1.366,1.385
-1.396,0.526
-1.397,0.077
-1.426,-0.692
-1.331,-0.557
-1.319,2.117
-1.442,-0.209
-1.364,-0.999
-1.495,1.954
-1.51,0.662
-1.556,-1.001
-1.538,-1.51
-1.738,-1.548
-1.796,-1.434
-1.798,1.646
-1.692,2.106
-1.769,0.341
-1.786,0.428
-1.865,0.21
-1.839,-1.494
-2.01,-0.221
-2.05,1.982
-2.189,-1.342
-2.168,1.114
-2.21,2.059
-2.082,-0.961
-2.383,-0.628
-2.247,-1.607
-2.384,-1.604
-2.378,1.02
-2.446,0.373
-2.449,-0.674
-2.692,-0.679
-2.538,2.056
-2.708,1.185
-2.719,2.242
-2.588,-1.352
-2.747,-0.159
-2.775,-1.334
-2.96,1.843
-2.967,-0.547
-2.946,0.457
-2.923,1.065
-2.926,0.732
-3.089,0.445
-2.999,0.3
-3.124,-0.555
-3.107,1.094
2.96,1.74
2.886,2.248
2.944,2.023
2.803,-1.189
2.847,1.767
2.668,-1.414
2.501,0.698
2.426,1.378
2.413,-1.568
2.445,-1.454
2.446,2.27
2.388,0.437
2.221,0.965
2.191,-1.516
2.057,-0.423
1.868,0.165
1.894,-1.742
1.834,-1.742
1.94,0.812
1.907,0.246
1.922,0.937
1.378,-0.775
1.37,-0.55
1.223,0.446
1.247,-0.72
1.129,-0.634
1.221,1.031
1.069,0.311
1.18,-0.028
1.18,0.872
1.042,-0.265
1.113,0.067
0.914,1.051
1.028,-1.369
0.811,-1.575
0.154,-1.742
0.271,-1.783
0.068,-1.688
-0.391,-2.021
-0.363,-2.092
-0.626,-1.94
-0.546,-1.743
-0.658,-1.78
-1.34,-1.951
-1.274,-1.699
-1.248,-1.817
-1.585,-1.81
-1.747,-2.049
-2.554,-1.91
-2.549,-2.119
-2.812,-1.893
-2.818,-1.914
1.341,-2.007
0.856,-1.838
0.801,2.407
0.626,2.638
-0.173,2.693
-0.481,2.47
-1.14,2.373
-1.34,2.331
-2.344,2.459
-2.362,2.367
-2.479,2.375
-2.904,2.502
2.976,2.371
2.302,2.546
1.845,2.4
1.583,2.384
-0.088,0.413
-0.472,0.414
-1.317,-0.211
2.9,0.414
2.718,1.03
1.998,1.78
1.729,1.993
1.137,-1.12
-3.107,0.723
2.489,1.086
1.607,1.018
1.59,1.902
1.594,1.336
1.53,1.903
1.539,0.336
1.511,1.743
1.427,1.128
1.389,1.161
1.309,0.479
1.277,1.701
1.353,1.81
1.221,0.903
1.129,0.47
-0.791,-0.481
-2.082,0.648
1.547,-0.877
1.121,0.58
0.865,0.637
-0.861,-1.712
-0.979,-1.582
-2.424,-1.465
-1.411,2.222
-0.792,-1.651
-1.391,-1.827
-0.018,1.164
-0.262,0.042
-0.426,0.1
-0.309,-2.576
-0.317,-1.205
-0.315,-1.207
-0.36,-1.792
-0.33,1.269
-0.425,-2.227
-0.579,-0.552
-0.615,-1.242
-0.637,-1.022
-0.575,-2.292
-0.728,-0.828
-0.652,-0.194
-0.666,-1.169
-0.798,-0.764
-0.918,0.173
-1.177,-1.608
-1.03,-0.908
-1.242,1.145
-1.269,-2.394
-1.304,0.954
-1.252,-0.121
-1.414,-0.841
-1.418,-2.513
-1.309,0.165
-1.442,0.487
-1.472,-0.372
-1.473,-0.821
-1.502,-1.59
-1.407,-1.455
-1.395,1.219
-1.518,-1.107
-1.44,-1.897
-1.571,1.056
-1.586,-0.236
-1.632,-1.899
-1.614,-2.408
-1.814,-2.446
-1.872,-2.332
-1.874,0.748
-1.768,1.208
-1.845,-0.557
-1.862,-0.47
-1.941,-0.688
-1.915,-2.392
-2.086,-1.119
-2.126,1.084
-2.265,-2.24
-2.244,0.216
-2.286,1.161
-2.158,-1.859
-2.459,-1.526
-2.323,-2.505
-2.46,-2.502
-2.454,0.122
-2.522,-0.525
-2.525,-1.572
-2.768,-1.577
-2.614,1.158
-2.784,0.287
-2.795,1.344
-2.664,-2.25
-2.823,-1.057
-2.851,-2.232
-3.036,0.945
-3.043,-1.445
-3.022,-0.441
-2.999,0.167
-3.002,-0.166
3.118,-0.453
-3.075,-0.598
3.083,-1.453
3.1,0.196
2.884,0.842
2.81,1.35
2.868,1.125
2.727,-2.087
2.771,0.869
2.592,-2.312
2.425,-0.2
2.35,0.48
2.337,-2.466
2.369,-2.352
2.37,1.372
2.312,-0.461
2.145,0.067
2.115,-2.414
1.981,-1.321
1.792,-0.733
1.818,-2.64
1.758,-2.64
1.864,-0.086
1.831,-0.652
1.846,0.039
1.302,-1.673
1.294,-1.448
1.147,-0.452
1.171,-1.618
1.053,-1.532
1.145,0.133
0.993,-0.587
1.104,-0.926
1.104,-0.026
0.966,-1.163
1.037,-0.831
0.838,0.153
0.952,-2.267
0.735,-2.473
0.078,-2.64
0.195,-2.681
-0.008,-2.586
-0.467,-2.919
-0.439,-2.99
-0.702,-2.838
-0.622,-2.641
-0.734,-2.678
-1.416,-2.849
-1.35,-2.597
-1.324,-2.715
-1.661,-2.708
-1.823,-2.947
-2.63,-2.808
-2.625,-3.017
-2.888,-2.791
-2.894,-2.812
1.265,-2.905
0.78,-2.736
0.725,1.509
0.55,1.74
-0.249,1.795
-0.557,1.572
-1.216,1.475
-1.416,1.433
-2.42,1.561
-2.438,1.469
-2.555,1.477
-2.98,1.604
2.9,1.473
2.226,1.648
1.769,1.502
1.507,1.486
-0.164,-0.485
-0.548,-0.484
-1.393,-1.109
2.824,-0.484
2.642,0.132
1.922,0.882
1.653,1.095
1.061,-2.018
3.1,-0.175
2.413,0.188
1.531,0.12
1.514,1.004
1.518,0.438
1.454,1.005
1.463,-0.562
1.435,0.845
1.351,0.23
1.313,0.263
1.233,-0.419
1.201,0.803
1.277,0.912
1.145,0.005
1.053,-0.428
-0.867,-1.379
-2.158,-0.25
1.471,-1.775
1.045,-0.318
0.789,-0.261
-0.937,-2.61
-1.055,-2.48
-2.5,-2.363
-1.487,1.324
-0.868,-2.549
-1.467,-2.725
-0.244,-1.122
-0.408,-1.064
-0.291,-3.74
-0.299,-2.369
-0.297,-2.371
-0.342,-2.956
-0.312,0.105
-0.407,-3.391
-0.561,-1.716
-0.597,-2.406
-0.619,-2.186
-0.557,-3.456
-0.71,-1.992
-0.634,-1.358
-0.648,-2.333
-0.78,-1.928
-0.9,-0.991
-1.159,-2.772
-1.012,-2.072
-1.224,-0.019
-1.251,-3.558
-1.286,-0.21
-1.234,-1.285
-1.396,-2.005
-1.4,-3.677
-1.291,-0.999
-1.424,-0.677
-1.454,-1.536
-1.455,-1.985
-1.484,-2.754
-1.389,-2.619
-1.377,0.055
-1.5,-2.271
-1.422,-3.061
-1.553,-0.108
-1.568,-1.4
-1.614,-3.063
-1.596,-3.572
-1.796,-3.61
-1.854,-3.496
-1.856,-0.416
-1.75,0.044
-1.827,-1.721
-1.844,-1.634
-1.923,-1.852
-1.897,-3.556
-2.068,-2.283
-2.108,-0.08
-2.247,-3.404
-2.226,-0.948
-2.268,-0.003
-2.14,-3.023
-2.441,-2.69
-2.305,-3.669
-2.442,-3.666
-2.436,-1.042
-2.504,-1.689
-2.507,-2.736
-2.75,-2.741
-2.596,-0.006
-2.766,-0.877
-2.777,0.18
-2.646,-3.414
-2.805,-2.221
-2.833,-3.396
-3.018,-0.219
-3.025,-2.609
-3.004,-1.605
-2.981,-0.997
-2.984,-1.33
3.136,-1.617
-3.057,-1.762
3.101,-2.617
3.118,-0.968
2.902,-0.322
2.828,0.186
2.886,-0.039
2.745,-3.251
2.789,-0.295
2.61,-3.476
2.443,-1.364
2.368,-0.684
2.355,-3.63
2.387,-3.516
2.388,0.208
2.33,-1.625
2.163,-1.097
2.133,-3.578
1.999,-2.485
1.81,-1.897
1.836,-3.804
1.776,-3.804
1.882,-1.25
1.849,-1.816
1.864,-1.125
1.32,-2.837
1.312,-2.612
1.165,-1.616
1.189,-2.782
1.071,-2.696
1.163,-1.031
1.011,-1.751
1.122,-2.09
1.122,-1.19
0.984,-2.327
1.055,-1.995
0.856,-1.011
0.97,-3.431
0.753,-3.637
0.096,-3.804
0.213,-3.845
0.01,-3.75
-0.449,-4.083
-0.421,-4.154
-0.684,-4.002
-0.604,-3.805
-0.716,-3.842
-1.398,-4.013
-1.332,-3.761
-1.306,-3.879
-1.643,-3.872
-1.805,-4.111
-2.612,-3.972
-2.607,-4.181
-2.87,-3.955
-2.876,-3.976
1.283,-4.069
0.798,-3.9
0.743,0.345
0.568,0.576
-0.231,0.631
-0.539,0.408
-1.198,0.311
-1.398,0.269
-2.402,0.397
-2.42,0.305
-2.537,0.313
-2.962,0.44
2.918,0.309
2.244,0.484
1.787,0.338
1.525,0.322
-0.146,-1.649
-0.53,-1.648
-1.375,-2.273
2.842,-1.648
2.66,-1.032
1.94,-0.282
1.671,-0.069
1.079,-3.182
3.118,-1.339
2.431,-0.976
1.549,-1.044
1.532,-0.16
1.536,-0.726
1.472,-0.159
1.481,-1.726
1.453,-0.319
1.369,-0.934
1.331,-0.901
1.251,-1.583
1.219,-0.361
1.295,-0.252
1.163,-1.159
1.071,-1.592
-0.849,-2.543
-2.14,-1.414
1.489,-2.939
1.063,-1.482
0.807,-1.425
-0.919,-3.774
-1.037,-3.644
-2.482,-3.527
-1.469,0.16
-0.85,-3.713
-1.449,-3.889
-0.164,0.058
-0.047,-2.618
-0.055,-1.247
-0.053,-1.249
-0.098,-1.834
-0.068,1.227
-0.163,-2.269
-0.317,-0.594
-0.353,-1.284
-0.375,-1.064
-0.313,-2.334
-0.466,-0.87
-0.39,-0.236
-0.404,-1.211
-0.536,-0.806
-0.656,0.131
-0.915,-1.65
-0.768,-0.95
-0.98,1.103
-1.007,-2.436
-1.042,0.912
-0.99,-0.163
-1.152,-0.883
-1.156,-2.555
-1.047,0.123
-1.18,0.445
-1.21,-0.414
-1.211,-0.863
-1.24,-1.632
-1.145,-1.497
-1.133,1.177
-1.256,-1.149
-1.178,-1.939
-1.309,1.014
-1.324,-0.278
-1.37,-1.941
-1.352,-2.45
-1.552,-2.488
-1.61,-2.374
-1.612,0.706
-1.506,1.166
-1.583,-0.599
-1.6,-0.512
-1.679,-0.73
-1.653,-2.434
-1.824,-1.161
-1.864,1.042
-2.003,-2.282
-1.982,0.174
-2.024,1.119
-1.896,-1.901
-2.197,-1.568
-2.061,-2.547
-2.198,-2.544
-2.192,0.08
-2.26,-0.567
-2.263,-1.614
-2.506,-1.619
-2.352,1.116
-2.522,0.245
-2.533,1.302
-2.402,-2.292
-2.561,-1.099
-2.589,-2.274
-2.774,0.903
-2.781,-1.487
-2.76,-0.483
-2.737,0.125
-2.74,-0.208
-2.903,-0.495
-2.813,-0.64
-2.938,-1.495
-2.921,0.154
-3.137,0.8
3.072,1.308
3.13,1.083
2.989,-2.129
3.033,0.827
2.854,-2.354
2.687,-0.242
2.612,0.438
2.599,-2.508
2.631,-2.394
2.632,1.33
2.574,-0.503
2.407,0.025
2.377,-2.456
2.243,-1.363
2.054,-0.775
2.08,-2.682
2.02,-2.682
2.126,-0.128
2.093,-0.694
2.108,-0.003
1.564,-1.715
1.556,-1.49
1.409,-0.494
1.433,-1.66
1.315,-1.574
1.407,0.091
1.255,-0.629
1.366,-0.968
1.366,-0.068
1.228,-1.205
1.299,-0.873
1.1,0.111
1.214,-2.309
0.997,-2.515
0.34,-2.682
0.457,-2.723
0.254,-2.628
-0.205,-2.961
-0.177,-3.032
-0.44,-2.88
-0.36,-2.683
-0.472,-2.72
-1.154,-2.891
-1.088,-2.639
-1.062,-2.757
-1.399,-2.75
-1.561,-2.989
-2.368,-2.85
-2.363,-3.059
-2.626,-2.833
-2.632,-2.854
1.527,-2.947
1.042,-2.778
0.987,1.467
0.812,1.698
0.013,1.753
-0.295,1.53
-0.954,1.433
-1.154,1.391
-2.158,1.519
-2.176,1.427
-2.293,1.435
-2.718,1.562
-3.121,1.431
2.488,1.606
2.031,1.46
1.769,1.444
0.098,-0.527
-0.286,-0.526
-1.131,-1.151
3.086,-0.526
2.904,0.09
2.184,0.84
1.915,1.053
1.323,-2.06
-2.921,-0.217
2.675,0.146
1.793,0.078
1.776,0.962
1.78,0.396
1.716,0.963
1.725,-0.604
1.697,0.803
1.613,0.188
1.575,0.221
1.495,-0.461
1.463,0.761
1.539,0.87
1.407,-0.037
1.315,-0.47
-0.605,-1.421
-1.896,-0.292
1.733,-1.817
1.307,-0.36
1.051,-0.303
-0.675,-2.652
-0.793,-2.522
-2.238,-2.405
-1.225,1.282
-0.606,-2.591
-1.205,-2.767
0.117,-2.676
0.109,-1.305
0.111,-1.307
0.066,-1.892
0.096,1.169
0.001,-2.327
-0.153,-0.652
-0.189,-1.342
-0.211,-1.122
-0.149,-2.392
-0.302,-0.928
-0.226,-0.294
-0.24,-1.269
-0.372,-0.864
-0.492,0.073
-0.751,-1.708
-0.604,-1.008
-0.816,1.045
-0.843,-2.494
-0.878,0.854
-0.826,-0.221
-0.988,-0.941
-0.992,-2.613
-0.883,0.065
-1.016,0.387
-1.046,-0.472
-1.047,-0.921
-1.076,-1.69
-0.981,-1.555
-0.969,1.119
-1.092,-1.207
-1.014,-1.997
-1.145,0.956
-1.16,-0.336
-1.206,-1.999
-1.188,-2.508
-1.388,-2.546
-1.446,-2.432
-1.448,0.648
-1.342,1.108
-1.419,-0.657
-1.436,-0.57
-1.515,-0.788
-1.489,-2.492
-1.66,-1.219
-1.7,0.984
-1.839,-2.34
-1.818,0.116
-1.86,1.061
-1.732,-1.959
-2.033,-1.626
-1.897,-2.605
-2.034,-2.602
-2.028,0.022
-2.096,-0.625
-2.099,-1.672
-2.342,-1.677
-2.188,1.058
-2.358,0.187
-2.369,1.244
-2.238,-2.35
-2.397,-1.157
-2.425,-2.332
-2.61,0.845
-2.617,-1.545
-2.596,-0.541
-2.573,0.067
-2.576,-0.266
-2.739,-0.553
-2.649,-0.698
-2.774,-1.553
-2.757,0.096
-2.973,0.742
-3.047,1.25
-2.989,1.025
-3.13,-2.187
-3.086,0.769
3.018,-2.412
2.851,-0.3
2.776,0.38
2.763,-2.566
2.795,-2.452
2.796,1.272
2.738,-0.561
2.571,-0.033
2.541,-2.514
2.407,-1.421
2.218,-0.833
2.244,-2.74
2.184,-2.74
2.29,-0.186
2.257,-0.752
2.272,-0.061
1.728,-1.773
1.72,-1.548
1.573,-0.552
1.597,-1.718
1.479,-1.632
1.571,0.033
1.419,-0.687
1.53,-1.026
1.53,-0.126
1.392,-1.263
1.463,-0.931
1.264,0.053
1.378,-2.367
1.161,-2.573
0.504,-2.74
0.621,-2.781
0.418,-2.686
-0.041,-3.019
-0.013,-3.09
-0.276,-2.938
-0.196,-2.741
-0.308,-2.778
-0.99,-2.949
-0.924,-2.697
-0.898,-2.815
-1.235,-2.808
-1.397,-3.047
-2.204,-2.908
-2.199,-3.117
-2.462,-2.891
-2.468,-2.912
1.691,-3.005
1.206,-2.836
1.151,1.409
0.976,1.64
0.177,1.695
-0.131,1.472
-0.79,1.375
-0.99,1.333
-1.994,1.461
-2.012,1.369
-2.129,1.377
-2.554,1.504
-2.957,1.373
2.652,1.548
2.195,1.402
1.933,1.386
0.262,-0.585
-0.122,-0.584
-0.967,-1.209
-3.033,-0.584
3.068,0.032
2.348,0.782
2.079,0.995
1.487,-2.118
-2.757,-0.275
2.839,0.088
1.957,0.02
1.94,0.904
1.944,0.338
1.88,0.905
1.889,-0.662
1.861,0.745
1.777,0.13
1.739,0.163
1.659,-0.519
1.627,0.703
1.703,0.812
1.571,-0.095
1.479,-0.528
-0.441,-1.479
-1.732,-0.35
1.897,-1.875
1.471,-0.418
1.215,-0.361
-0.511,-2.71
-0.629,-2.58
-2.074,-2.463
-1.061,1.224
-0.442,-2.649
-1.041,-2.825
-0.008,1.371
-0.006,1.369
-0.051,0.784
-0.021,3.845
-0.116,0.349
-0.27,2.024
-0.306,1.334
-0.328,1.554
-0.266,0.284
-0.419,1.748
-0.343,2.382
-0.357,1.407
-0.489,1.812
-0.609,2.749
-0.868,0.968
-0.721,1.668
-0.933,3.721
-0.96,0.182
-0.995,3.53
-0.943,2.455
-1.105,1.735
-1.109,0.063
-1.0,2.741
-1.133,3.063
-1.163,2.204
-1.164,1.755
-1.193,0.986
-1.098,1.121
-1.086,3.795
-1.209,1.469
-1.131,0.679
-1.262,3.632
-1.277,2.34
-1.323,0.677
-1.305,0.168
-1.505,0.13
-1.563,0.244
-1.565,3.324
-1.459,3.784
-1.536,2.019
-1.553,2.106
-1.632,1.888
-1.606,0.184
-1.777,1.457
-1.817,3.66
-1.956,0.336
-1.935,2.792
-1.977,3.737
-1.849,0.717
-2.15,1.05
-2.014,0.071
-2.151,0.074
-2.145,2.698
-2.213,2.051
-2.216,1.004
-2.459,0.999
-2.305,3.734
-2.475,2.863
-2.486,3.92
-2.355,0.326
-2.514,1.519
-2.542,0.344
-2.727,3.521
-2.734,1.131
-2.713,2.135
-2.69,2.743
-2.693,2.41
-2.856,2.123
-2.766,1.978
-2.891,1.123
-2.874,2.772
-3.09,3.418
3.119,3.926
-3.106,3.701
3.036,0.489
3.08,3.445
2.901,0.264
2.734,2.376
2.659,3.056
2.646,0.11
2.678,0.224
2.679,3.948
2.621,2.115
2.454,2.643
2.424,0.162
2.29,1.255
2.101,1.843
2.127,-0.064
2.067,-0.064
2.173,2.49
2.14,1.924
2.155,2.615
1.611,0.903
1.603,1.128
1.456,2.124
1.48,0.958
1.362,1.044
1.454,2.709
1.302,1.989
1.413,1.65
1.413,2.55
1.275,1.413
1.346,1.745
1.147,2.729
1.261,0.309
1.044,0.103
0.387,-0.064
0.504,-0.105
0.301,-0.01
-0.158,-0.343
-0.13,-0.414
-0.393,-0.262
-0.313,-0.065
-0.425,-0.102
-1.107,-0.273
-1.041,-0.021
-1.015,-0.139
-1.352,-0.132
-1.514,-0.371
-2.321,-0.232
-2.316,-0.441
-2.579,-0.215
-2.585,-0.236
1.574,-0.329
1.089,-0.16
1.034,4.085
0.859,4.316
0.06,4.371
-0.248,4.148
-0.907,4.051
-1.107,4.009
-2.111,4.137
-2.129,4.045
-2.246,4.053
-2.671,4.18
-3.074,4.049
2.535,4.224
2.078,4.078
1.816,4.062
0.145,2.091
-0.239,2.092
-1.084,1.467
3.133,2.092
2.951,2.708
2.231,3.458
1.962,3.671
1.37,0.558
-2.874,2.401
2.722,2.764
1.84,2.696
1.823,3.58
1.827,3.014
1.763,3.581
1.772,2.014
1.744,3.421
1.66,2.806
1.622,2.839
1.542,2.157
1.51,3.379
1.586,3.488
1.454,2.581
1.362,2.148
-0.558,1.197
-1.849,2.326
1.78,0.801
1.354,2.258
1.098,2.315
-0.628,-0.034
-0.746,0.096
-2.191,0.213
-1.178,3.9
-0.559,0.027
-1.158,-0.149
0.002,-0.002
-0.043,-0.587
-0.013,2.474
-0.108,-1.022
-0.262,0.653
-0.298,-0.037
-0.32,0.183
-0.258,-1.087
-0.411,0.377
-0.335,1.011
-0.349,0.036
-0.481,0.441
-0.601,1.378
-0.86,-0.403
-0.713,0.297
-0.925,2.35
-0.952,-1.189
-0.987,2.159
-0.935,1.084
-1.097,0.364
-1.101,-1.308
-0.992,1.37
-1.125,1.692
-1.155,0.833
-1.156,0.384
-1.185,-0.385
-1.09,-0.25
-1.078,2.424
-1.201,0.098
-1.123,-0.692
-1.254,2.261
-1.269,0.969
-1.315,-0.694
-1.297,-1.203
-1.497,-1.241
-1.555,-1.127
-1.557,1.953
-1.451,2.413
-1.528,0.648
-1.545,0.735
-1.624,0.517
-1.598,-1.187
-1.769,0.086
-1.809,2.289
-1.948,-1.035
-1.927,1.421
-1.969,2.366
-1.841,-0.654
-2.142,-0.321
-2.006,-1.3
-2.143,-1.297
-2.137,1.327
-2.205,0.68
-2.208,-0.367
-2.451,-0.372
-2.297,2.363
-2.467,1.492
-2.478,2.549
-2.347,-1.045
-2.506,0.148
-2.534,-1.027
-2.719,2.15
-2.726,-0.24
-2.705,0.764
-2.682,1.372
-2.685,1.039
-2.848,0.752
-2.758,0.607
-2.883,-0.248
-2.866,1.401
-3.082,2.047
3.127,2.555
-3.098,2.33
3.044,-0.882
3.088,2.074
2.909,-1.107
2.742,1.005
2.667,1.685
2.654,-1.261
2.686,-1.147
2.687,2.577
2.629,0.744
2.462,1.272
2.432,-1.209
2.298,-0.116
2.109,0.472
2.135,-1.435
2.075,-1.435
2.181,1.119
2.148,0.553
2.163,1.244
1.619,-0.468
1.611,-0.243
1.464,0.753
1.488,-0.413
1.37,-0.327
1.462,1.338
1.31,0.618
1.421,0.279
1.421,1.179
1.283,0.042
1.354,0.374
1.155,1.358
1.269,-1.062
1.052,-1.268
0.395,-1.435
0.512,-1.476
0.309,-1.381
-0.15,-1.714
-0.122,-1.785
-0.385,-1.633
-0.305,-1.436
-0.417,-1.473
-1.099,-1.644
-1.033,-1.392
-1.007,-1.51
-1.344,-1.503
-1.506,-1.742
-2.313,-1.603
-2.308,-1.812
-2.571,-1.586
-2.577,-1.607
1.582,-1.7
1.097,-1.531
1.042,2.714
0.867,2.945
0.068,3.0
-0.24,2.777
-0.899,2.68
-1.099,2.638
-2.103,2.766
-2.121,2.674
-2.238,2.682
-2.663,2.809
-3.066,2.678
2.543,2.853
2.086,2.707
1.824,2.691
0.153,0.72
-0.231,0.721
-1.076,0.096
3.141,0.721
2.959,1.337
2.239,2.087
1.97,2.3
1.378,-0.813
-2.866,1.03
2.73,1.393
1.848,1.325
1.831,2.209
1.835,1.643
1.771,2.21
1.78,0.643
1.752,2.05
1.668,1.435
1.63,1.468
1.55,0.786
1.518,2.008
1.594,2.117
1.462,1.21
1.37,0.777
-0.55,-0.174
-1.841,0.955
1.788,-0.57
1.362,0.887
1.106,0.944
-0.62,-1.405
-0.738,-1.275
-2.183,-1.158
-1.17,2.529
-0.551,-1.344
-1.15,-1.52
-0.045,-0.585
-0.015,2.476
-0.11,-1.02
-0.264,0.655
-0.3,-0.035
-0.322,0.185
-0.26,-1.085
-0.413,0.379
-0.337,1.013
-0.351,0.038
-0.483,0.443
-0.603,1.38
-0.862,-0.401
-0.715,0.299
-0.927,2.352
-0.954,-1.187
-0.989,2.161
-0.937,1.086
-1.099,0.366
-1.103,-1.306
-0.994,1.372
-1.127,1.694
-1.157,0.835
-1.158,0.386
-1.187,-0.383
-1.092,-0.248
-1.08,2.426
-1.203,0.1
-1.125,-0.69
-1.256,2.263
-1.271,0.971
-1.317,-0.692
-1.299,-1.201
-1.499,-1.239
-1.557,-1.125
-1.559,1.955
-1.453,2.415
-1.53,0.65
-1.547,0.737
-1.626,0.519
-1.6,-1.185
-1.771,0.088
-1.811,2.291
-1.95,-1.033
-1.929,1.423
-1.971,2.368
-1.843,-0.652
-2.144,-0.319
-2.008,-1.298
-2.145,-1.295
-2.139,1.329
-2.207,0.682
-2.21,-0.365
-2.453,-0.37
-2.299,2.365
-2.469,1.494
-2.48,2.551
-2.349,-1.043
-2.508,0.15
-2.536,-1.025
-2.721,2.152
-2.728,-0.238
-2.707,0.766
-2.684,1.374
-2.687,1.041
-2.85,0.754
-2.76,0.609
-2.885,-0.246
-2.868,1.403
-3.084,2.049
3.125,2.557
-3.1,2.332
3.042,-0.88
3.086,2.076
2.907,-1.105
2.74,1.007
2.665,1.687
2.652,-1.259
2.684,-1.145
2.685,2.579
2.627,0.746
2.46,1.274
2.43,-1.207
2.296,-0.114
2.107,0.474
2.133,-1.433
2.073,-1.433
2.179,1.121
2.146,0.555
2.161,1.246
1.617,-0.466
1.609,-0.241
1.462,0.755
1.486,-0.411
1.368,-0.325
1.46,1.34
1.308,0.62
1.419,0.281
1.419,1.181
1.281,0.044
1.352,0.376
1.153,1.36
1.267,-1.06
1.05,-1.266
0.393,-1.433
0.51,-1.474
0.307,-1.379
-0.152,-1.712
-0.124,-1.783
-0.387,-1.631
-0.307,-1.434
-0.419,-1.471
-1.101,-1.642
-1.035,-1.39
-1.009,-1.508
-1.346,-1.501
-1.508,-1.74
-2.315,-1.601
-2.31,-1.81
-2.573,-1.584
-2.579,-1.605
1.58,-1.698
1.095,-1.529
1.04,2.716
0.865,2.947
0.066,3.002
-0.242,2.779
-0.901,2.682
-1.101,2.64
-2.105,2.768
-2.123,2.676
-2.24,2.684
-2.665,2.811
-3.068,2.68
2.541,2.855
2.084,2.709
1.822,2.693
0.151,0.722
-0.233,0.723
-1.078,0.098
3.139,0.723
2.957,1.339
2.237,2.089
1.968,2.302
1.376,-0.811
-2.868,1.032
2.728,1.395
1.846,1.327
1.829,2.211
1.833,1.645
1.769,2.212
1.778,0.645
1.75,2.052
1.666,1.437
1.628,1.47
1.548,0.788
1.516,2.01
1.592,2.119
1.46,1.212
1.368,0.779
-0.552,-0.172
-1.843,0.957
1.786,-0.568
1.36,0.889
1.104,0.946
-0.622,-1.403
-0.74,-1.273
-2.185,-1.156
-1.172,2.531
-0.553,-1.342
-1.152,-1.518
0.03,3.061
-0.065,-0.435
-0.219,1.24
-0.255,0.55
-0.277,0.77
-0.215,-0.5
-0.368,0.964
-0.292,1.598
-0.306,0.623
-0.438,1.028
-0.558,1.965
-0.817,0.184
-0.67,0.884
-0.882,2.937
-0.909,-0.602
-0.944,2.746
-0.892,1.671
-1.054,0.951
-1.058,-0.721
-0.949,1.957
-1.082,2.279
-1.112,1.42
-1.113,0.971
-1.142,0.202
-1.047,0.337
-1.035,3.011
-1.158,0.685
-1.08,-0.105
-1.211,2.848
-1.226,1.556
-1.272,-0.107
-1.254,-0.616
-1.454,-0.654
-1.512,-0.54
-1.514,2.54
-1.408,3.0
-1.485,1.235
-1.502,1.322
-1.581,1.104
-1.555,-0.6
-1.726,0.673
-1.766,2.876
-1.905,-0.448
-1.884,2.008
-1.926,2.953
-1.798,-0.067
-2.099,0.266
-1.963,-0.713
-2.1,-0.71
-2.094,1.914
-2.162,1.267
-2.165,0.22
-2.408,0.215
-2.254,2.95
-2.424,2.079
-2.435,3.136
-2.304,-0.458
-2.463,0.735
-2.491,-0.44
-2.676,2.737
-2.683,0.347
-2.662,1.351
-2.639,1.959
-2.642,1.626
-2.805,1.339
-2.715,1.194
-2.84,0.339
-2.823,1.988
-3.039,2.634
-3.113,3.142
-3.055,2.917
3.087,-0.295
3.131,2.661
2.952,-0.52
2.785,1.592
2.71,2.272
2.697,-0.674
2.729,-0.56
2.73,3.164
2.672,1.331
2.505,1.859
2.475,-0.622
2.341,0.471
2.152,1.059
2.178,-0.848
2.118,-0.848
2.224,1.706
2.191,1.14
2.206,1.831
1.662,0.119
1.654,0.344
1.507,1.34
1.531,0.174
1.413,0.26
1.505,1.925
1.353,1.205
1.464,0.866
1.464,1.766
1.326,0.629
1.397,0.961
1.198,1.945
1.312,-0.475
1.095,-0.681
0.438,-0.848
0.555,-0.889
0.352,-0.794
-0.107,-1.127
-0.079,-1.198
-0.342,-1.046
-0.262,-0.849
-0.374,-0.886
-1.056,-1.057
-0.99,-0.805
-0.964,-0.923
-1.301,-0.916
-1.463,-1.155
-2.27,-1.016
-2.265,-1.225
-2.528,-0.999
-2.534,-1.02
1.625,-1.113
1.14,-0.944
1.085,3.301
0.91,3.532
0.111,3.587
-0.197,3.364
-0.856,3.267
-1.056,3.225
-2.06,3.353
-2.078,3.261
-2.195,3.269
-2.62,3.396
-3.023,3.265
2.586,3.44
2.129,3.294
1.867,3.278
0.196,1.307
-0.188,1.308
-1.033,0.683
-3.099,1.308
3.002,1.924
2.282,2.674
2.013,2.887
1.421,-0.226
-2.823,1.617
2.773,1.98
1.891,1.912
1.874,2.796
1.878,2.23
1.814,2.797
1.823,1.23
1.795,2.637
1.711,2.022
1.673,2.055
1.593,1.373
1.561,2.595
1.637,2.704
1.505,1.797
1.413,1.364
-0.507,0.413
-1.798,1.542
1.831,0.017
1.405,1.474
1.149,1.531
-0.577,-0.818
-0.695,-0.688
-2.14,-0.571
-1.127,3.116
-0.508,-0.757
-1.107,-0.933
-0.095,-3.496
-0.249,-1.821
-0.285,-2.511
-0.307,-2.291
-0.245,-3.561
-0.398,-2.097
-0.322,-1.463
-0.336,-2.438
-0.468,-2.033
-0.588,-1.096
-0.847,-2.877
-0.7,-2.177
-0.912,-0.124
-0.939,-3.663
-0.974,-0.315
-0.922,-1.39
-1.084,-2.11
-1.088,-3.782
-0.979,-1.104
-1.112,-0.782
-1.142,-1.641
-1.143,-2.09
-1.172,-2.859
-1.077,-2.724
-1.065,-0.05
-1.188,-2.376
-1.11,-3.166
-1.241,-0.213
-1.256,-1.505
-1.302,-3.168
-1.284,-3.677
-1.484,-3.715
-1.542,-3.601
-1.544,-0.521
-1.438,-0.061
-1.515,-1.826
-1.532,-1.739
-1.611,-1.957
-1.585,-3.661
-1.756,-2.388
-1.796,-0.185
-1.935,-3.509
-1.914,-1.053
-1.956,-0.108
-1.828,-3.128
-2.129,-2.795
-1.993,-3.774
-2.13,-3.771
-2.124,-1.147
-2.192,-1.794
-2.195,-2.841
-2.438,-2.846
-2.284,-0.111
-2.454,-0.982
-2.465,0.075
-2.334,-3.519
-2.493,-2.326
-2.521,-3.501
-2.706,-0.324
-2.713,-2.714
-2.692,-1.71
-2.669,-1.102
-2.672,-1.435
-2.835,-1.722
-2.745,-1.867
-2.87,-2.722
-2.853,-1.073
-3.069,-0.427
3.14,0.081
-3.085,-0.144
3.057,-3.356
3.101,-0.4
2.922,-3.581
2.755,-1.469
2.68,-0.789
2.667,-3.735
2.699,-3.621
2.7,0.103
2.642,-1.73
2.475,-1.202
2.445,-3.683
2.311,-2.59
2.122,-2.002
2.148,-3.909
2.088,-3.909
2.194,-1.355
2.161,-1.921
2.176,-1.23
1.632,-2.942
1.624,-2.717
1.477,-1.721
1.501,-2.887
1.383,-2.801
1.475,-1.136
1.323,-1.856
1.434,-2.195
1.434,-1.295
1.296,-2.432
1.367,-2.1
1.168,-1.116
1.282,-3.536
1.065,-3.742
0.408,-3.909
0.525,-3.95
0.322,-3.855
-0.137,-4.188
-0.109,-4.259
-0.372,-4.107
-0.292,-3.91
-0.404,-3.947
-1.086,-4.118
-1.02,-3.866
-0.994,-3.984
-1.331,-3.977
-1.493,-4.216
-2.3,-4.077
-2.295,-4.286
-2.558,-4.06
-2.564,-4.081
1.595,-4.174
1.11,-4.005
1.055,0.24
0.88,0.471
0.081,0.526
-0.227,0.303
-0.886,0.206
-1.086,0.164
-2.09,0.292
-2.108,0.2
-2.225,0.208
-2.65,0.335
-3.053,0.204
2.556,0.379
2.099,0.233
1.837,0.217
0.166,-1.754
-0.218,-1.753
-1.063,-2.378
-3.129,-1.753
2.972,-1.137
2.252,-0.387
1.983,-0.174
1.391,-3.287
-2.853,-1.444
2.743,-1.081
1.861,-1.149
1.844,-0.265
1.848,-0.831
1.784,-0.264
1.793,-1.831
1.765,-0.424
1.681,-1.039
1.643,-1.006
1.563,-1.688
1.531,-0.466
1.607,-0.357
1.475,-1.264
1.383,-1.697
-0.537,-2.648
-1.828,-1.519
1.801,-3.044
1.375,-1.587
1.119,-1.53
-0.607,-3.879
-0.725,-3.749
-2.17,-3.632
-1.157,0.055
-0.538,-3.818
-1.137,-3.994
-0.154,1.675
-0.19,0.985
-0.212,1.205
-0.15,-0.065
-0.303,1.399
-0.227,2.033
-0.241,1.058
-0.373,1.463
-0.493,2.4
-0.752,0.619
-0.605,1.319
-0.817,3.372
-0.844,-0.167
-0.879,3.181
-0.827,2.106
-0.989,1.386
-0.993,-0.286
-0.884,2.392
-1.017,2.714
-1.047,1.855
-1.048,1.406
-1.077,0.637
-0.982,0.772
-0.97,3.446
-1.093,1.12
-1.015,0.33
-1.146,3.283
-1.161,1.991
-1.207,0.328
-1.189,-0.181
-1.389,-0.219
-1.447,-0.105
-1.449,2.975
-1.343,3.435
-1.42,1.67
-1.437,1.757
-1.516,1.539
-1.49,-0.165
-1.661,1.108
-1.701,3.311
-1.84,-0.013
-1.819,2.443
-1.861,3.388
-1.733,0.368
-2.034,0.701
-1.898,-0.278
-2.035,-0.275
-2.029,2.349
-2.097,1.702
-2.1,0.655
-2.343,0.65
-2.189,3.385
-2.359,2.514
-2.37,3.571
-2.239,-0.023
-2.398,1.17
-2.426,-0.005
-2.611,3.172
-2.618,0.782
-2.597,1.786
-2.574,2.394
-2.577,2.061
-2.74,1.774
-2.65,1.629
-2.775,0.774
-2.758,2.423
-2.974,3.069
-3.048,3.577
-2.99,3.352
-3.131,0.14
-3.087,3.096
3.017,-0.085
2.85,2.027
2.775,2.707
2.762,-0.239
2.794,-0.125
2.795,3.599
2.737,1.766
2.57,2.294
2.54,-0.187
2.406,0.906
2.217,1.494
2.243,-0.413
2.183,-0.413
2.289,2.141
2.256,1.575
2.271,2.266
1.727,0.554
1.719,0.779
1.572,1.775
1.596,0.609
1.478,0.695
1.57,2.36
1.418,1.64
1.529,1.301
1.529,2.201
1.391,1.064
1.462,1.396
1.263,2.38
1.377,-0.04
1.16,-0.246
0.503,-0.413
0.62,-0.454
0.417,-0.359
-0.042,-0.692
-0.014,-0.763
-0.277,-0.611
-0.197,-0.414
-0.309,-0.451
-0.991,-0.622
-0.925,-0.37
-0.899,-0.488
-1.236,-0.481
-1.398,-0.72
-2.205,-0.581
-2.2,-0.79
-2.463,-0.564
-2.469,-0.585
1.69,-0.678
1.205,-0.509
1.15,3.736
0.975,3.967
0.176,4.022
-0.132,3.799
-0.791,3.702
-0.991,3.66
-1.995,3.788
-2.013,3.696
-2.13,3.704
-2.555,3.831
-2.958,3.7
2.651,3.875
2.194,3.729
1.932,3.713
0.261,1.742
-0.123,1.743
-0.968,1.118
-3.034,1.743
3.067,2.359
2.347,3.109
2.078,3.322
1.486,0.209
-2.758,2.052
2.838,2.415
1.956,2.347
1.939,3.231
1.943,2.665
1.879,3.232
1.888,1.665
1.86,3.072
1.776,2.457
1.738,2.49
1.658,1.808
1.626,3.03
1.702,3.139
1.57,2.232
1.478,1.799
-0.442,0.848
-1.733,1.977
1.896,0.452
1.47,1.909
1.214,1.966
-0.512,-0.383
-0.63,-0.253
-2.075,-0.136
-1.062,3.551
-0.443,-0.322
-1.042,-0.498
-0.036,-0.69
-0.058,-0.47
0.004,-1.74
-0.149,-0.276
-0.073,0.358
-0.087,-0.617
-0.219,-0.212
-0.339,0.725
-0.598,-1.056
-0.451,-0.356
-0.663,1.697
-0.69,-1.842
-0.725,1.506
-0.673,0.431
-0.835,-0.289
-0.839,-1.961
-0.73,0.717
-0.863,1.039
-0.893,0.18
-0.894,-0.269
-0.923,-1.038
-0.828,-0.903
-0.816,1.771
-0.939,-0.555
-0.861,-1.345
-0.992,1.608
-1.007,0.316
-1.053,-1.347
-1.035,-1.856
-1.235,-1.894
-1.293,-1.78
-1.295,1.3
-1.189,1.76
-1.266,-0.005
-1.283,0.082
-1.362,-0.136
-1.336,-1.84
-1.507,-0.567
-1.547,1.636
-1.686,-1.688
-1.665,0.768
-1.707,1.713
-1.579,-1.307
-1.88,-0.974
-1.744,-1.953
-1.881,-1.95
-1.875,0.674
-1.943,0.027
-1.946,-1.02
-2.189,-1.025
-2.035,1.71
-2.205,0.839
-2.216,1.896
-2.085,-1.698
-2.244,-0.505
-2.272,-1.68
-2.457,1.497
-2.464,-0.893
-2.443,0.111
-2.42,0.719
-2.423,0.386
-2.586,0.099
-2.496,-0.046
-2.621,-0.901
-2.604,0.748
-2.82,1.394
-2.894,1.902
-2.836,1.677
-2.977,-1.535
-2.933,1.421
-3.112,-1.76
3.004,0.352
2.929,1.032
2.916,-1.914
2.948,-1.8
2.949,1.924
2.891,0.091
2.724,0.619
2.694,-1.862
2.56,-0.769
2.371,-0.181
2.397,-2.088
2.337,-2.088
2.443,0.466
2.41,-0.1
2.425,0.591
1.881,-1.121
1.873,-0.896
1.726,0.1
1.75,-1.066
1.632,-0.98
1.724,0.685
1.572,-0.035
1.683,-0.374
1.683,0.526
1.545,-0.611
1.616,-0.279
1.417,0.705
1.531,-1.715
1.314,-1.921
0.657,-2.088
0.774,-2.129
0.571,-2.034
0.112,-2.367
0.14,-2.438
-0.123,-2.286
-0.043,-2.089
-0.155,-2.126
-0.837,-2.297
-0.771,-2.045
-0.745,-2.163
-1.082,-2.156
-1.244,-2.395
-2.051,-2.256
-2.046,-2.465
-2.309,-2.239
-2.315,-2.26
1.844,-2.353
1.359,-2.184
1.304,2.061
1.129,2.292
0.33,2.347
0.022,2.124
-0.637,2.027
-0.837,1.985
-1.841,2.113
-1.859,2.021
-1.976,2.029
-2.401,2.156
-2.804,2.025
2.805,2.2
2.348,2.054
2.086,2.038
0.415,0.067
0.031,0.068
-0.814,-0.557
-2.88,0.068
-3.062,0.684
2.501,1.434
2.232,1.647
1.64,-1.466
-2.604,0.377
2.992,0.74
2.11,0.672
2.093,1.556
2.097,0.99
2.033,1.557
2.042,-0.01
2.014,1.397
1.93,0.782
1.892,0.815
1.812,0.133
1.78,1.355
1.856,1.464
1.724,0.557
1.632,0.124
-0.288,-0.827
-1.579,0.302
2.05,-1.223
1.624,0.234
1.368,0.291
-0.358,-2.058
-0.476,-1.928
-1.921,-1.811
-0.908,1.876
-0.289,-1.997
-0.888,-2.173
-0.022,0.22
0.04,-1.05
-0.113,0.414
-0.037,1.048
-0.051,0.073
-0.183,0.478
-0.303,1.415
-0.562,-0.366
-0.415,0.334
-0.627,2.387
-0.654,-1.152
-0.689,2.196
-0.637,1.121
-0.799,0.401
-0.803,-1.271
-0.694,1.407
-0.827,1.729
-0.857,0.87
-0.858,0.421
-0.887,-0.348
-0.792,-0.213
-0.78,2.461
-0.903,0.135
-0.825,-0.655
-0.956,2.298
-0.971,1.006
-1.017,-0.657
-0.999,-1.166
-1.199,-1.204
-1.257,-1.09
-1.259,1.99
-1.153,2.45
-1.23,0.685
-1.247,0.772
-1.326,0.554
-1.3,-1.15
-1.471,0.123
-1.511,2.326
-1.65,-0.998
-1.629,1.458
-1.671,2.403
-1.543,-0.617
-1.844,-0.284
-1.708,-1.263
-1.845,-1.26
-1.839,1.364
-1.907,0.717
-1.91,-0.33
-2.153,-0.335
-1.999,2.4
-2.169,1.529
-2.18,2.586
-2.049,-1.008
-2.208,0.185
-2.236,-0.99
-2.421,2.187
-2.428,-0.203
-2.407,0.801
-2.384,1.409
-2.387,1.076
-2.55,0.789
-2.46,0.644
-2.585,-0.211
-2.568,1.438
-2.784,2.084
-2.858,2.592
-2.8,2.367
-2.941,-0.845
-2.897,2.111
-3.076,-1.07
3.04,1.042
2.965,1.722
2.952,-1.224
2.984,-1.11
2.985,2.614
2.927,0.781
2.76,1.309
2.73,-1.172
2.596,-0.079
2.407,0.509
2.433,-1.398
2.373,-1.398
2.479,1.156
2.446,0.59
2.461,1.281
1.917,-0.431
1.909,-0.206
1.762,0.79
1.786,-0.376
1.668,-0.29
1.76,1.375
1.608,0.655
1.719,0.316
1.719,1.216
1.581,0.079
1.652,0.411
1.453,1.395
1.567,-1.025
1.35,-1.231
0.693,-1.398
0.81,-1.439
0.607,-1.344
0.148,-1.677
0.176,-1.748
-0.087,-1.596
-0.007,-1.399
-0.119,-1.436
-0.801,-1.607
-0.735,-1.355
-0.709,-1.473
-1.046,-1.466
-1.208,-1.705
-2.015,-1.566
-2.01,-1.775
-2.273,-1.549
-2.279,-1.57
1.88,-1.663
1.395,-1.494
1.34,2.751
1.165,2.982
0.366,3.037
0.058,2.814
-0.601,2.717
-0.801,2.675
-1.805,2.803
-1.823,2.711
-1.94,2.719
-2.365,2.846
-2.768,2.715
2.841,2.89
2.384,2.744
2.122,2.728
0.451,0.757
0.067,0.758
-0.778,0.133
-2.844,0.758
-3.026,1.374
2.537,2.124
2.268,2.337
1.676,-0.776
-2.568,1.067
3.028,1.43
2.146,1.362
2.129,2.246
2.133,1.68
2.069,2.247
2.078,0.68
2.05,2.087
1.966,1.472
1.928,1.505
1.848,0.823
1.816,2.045
1.892,2.154
1.76,1.247
1.668,0.814
-0.252,-0.137
-1.543,0.992
2.086,-0.533
1.66,0.924
1.404,0.981
-0.322,-1.368
-0.44,-1.238
-1.885,-1.121
-0.872,2.566
-0.253,-1.307
-0.852,-1.483
0.062,-1.27
-0.091,0.194
-0.015,0.828
-0.029,-0.147
-0.161,0.258
-0.281,1.195
-0.54,-0.586
-0.393,0.114
-0.605,2.167
-0.632,-1.372
-0.667,1.976
-0.615,0.901
-0.777,0.181
-0.781,-1.491
-0.672,1.187
-0.805,1.509
-0.835,0.65
-0.836,0.201
-0.865,-0.568
-0.77,-0.433
-0.758,2.241
-0.881,-0.085
-0.803,-0.875
-0.934,2.078
-0.949,0.786
-0.995,-0.877
-0.977,-1.386
-1.177,-1.424
-1.235,-1.31
-1.237,1.77
-1.131,2.23
-1.208,0.465
-1.225,0.552
-1.304,0.334
-1.278,-1.37
-1.449,-0.097
-1.489,2.106
-1.628,-1.218
-1.607,1.238
-1.649,2.183
-1.521,-0.837
-1.822,-0.504
-1.686,-1.483
-1.823,-1.48
-1.817,1.144
-1.885,0.497
-1.888,-0.55
-2.131,-0.555
-1.977,2.18
-2.147,1.309
-2.158,2.366
-2.027,-1.228
-2.186,-0.035
-2.214,-1.21
-2.399,1.967
-2.406,-0.423
-2.385,0.581
-2.362,1.189
-2.365,0.856
-2.528,0.569
-2.438,0.424
-2.563,-0.431
-2.546,1.218
-2.762,1.864
-2.836,2.372
-2.778,2.147
-2.919,-1.065
-2.875,1.891
-3.054,-1.29
3.062,0.822
2.987,1.502
2.974,-1.444
3.006,-1.33
3.007,2.394
2.949,0.561
2.782,1.089
2.752,-1.392
2.618,-0.299
2.429,0.289
2.455,-1.618
2.395,-1.618
2.501,0.936
2.468,0.37
2.483,1.061
1.939,-0.651
1.931,-0.426
1.784,0.57
1.808,-0.596
1.69,-0.51
1.782,1.155
1.63,0.435
1.741,0.096
1.741,0.996
1.603,-0.141
1.674,0.191
1.475,1.175
1.589,-1.245
1.372,-1.451
0.715,-1.618
0.832,-1.659
0.629,-1.564
0.17,-1.897
0.198,-1.968
-0.065,-1.816
0.015,-1.619
-0.097,-1.656
-0.779,-1.827
-0.713,-1.575
-0.687,-1.693
-1.024,-1.686
-1.186,-1.925
-1.993,-1.786
-1.988,-1.995
-2.251,-1.769
-2.257,-1.79
1.902,-1.883
1.417,-1.714
1.362,2.531
1.187,2.762
0.388,2.817
0.08,2.594
-0.579,2.497
-0.779,2.455
-1.783,2.583
-1.801,2.491
-1.918,2.499
-2.343,2.626
-2.746,2.495
2.863,2.67
2.406,2.524
2.144,2.508
0.473,0.537
0.089,0.538
-0.756,-0.087
-2.822,0.538
-3.004,1.154
2.559,1.904
2.29,2.117
1.698,-0.996
-2.546,0.847
3.05,1.21
2.168,1.142
2.151,2.026
2.155,1.46
2.091,2.027
2.1,0.46
2.072,1.867
1.988,1.252
1.95,1.285
1.87,0.603
1.838,1.825
1.914,1.934
1.782,1.027
1.69,0.594
-0.23,-0.357
-1.521,0.772
2.108,-0.753
1.682,0.704
1.426,0.761
-0.3,-1.588
-0.418,-1.458
-1.863,-1.341
-0.85,2.346
-0.231,-1.527
-0.83,-1.703
-0.153,1.464
-0.077,2.098
-0.091,1.123
-0.223,1.528
-0.343,2.465
-0.602,0.684
-0.455,1.384
-0.667,3.437
-0.694,-0.102
-0.729,3.246
-0.677,2.171
-0.839,1.451
-0.843,-0.221
-0.734,2.457
-0.867,2.779
-0.897,1.92
-0.898,1.471
-0.927,0.702
-0.832,0.837
-0.82,3.511
-0.943,1.185
-0.865,0.395
-0.996,3.348
-1.011,2.056
-1.057,0.393
-1.039,-0.116
-1.239,-0.154
-1.297,-0.04
-1.299,3.04
-1.193,3.5
-1.27,1.735
-1.287,1.822
-1.366,1.604
-1.34,-0.1
-1.511,1.173
-1.551,3.376
-1.69,0.052
-1.669,2.508
-1.711,3.453
-1.583,0.433
-1.884,0.766
-1.748,-0.213
-1.885,-0.21
-1.879,2.414
-1.947,1.767
-1.95,0.72
-2.193,0.715
-2.039,3.45
-2.209,2.579
-2.22,3.636
-2.089,0.042
-2.248,1.235
-2.276,0.06
-2.461,3.237
-2.468,0.847
-2.447,1.851
-2.424,2.459
-2.427,2.126
-2.59,1.839
-2.5,1.694
-2.625,0.839
-2.608,2.488
-2.824,3.134
-2.898,3.642
-2.84,3.417
-2.981,0.205
-2.937,3.161
-3.116,-0.02
3.0,2.092
2.925,2.772
2.912,-0.174
2.944,-0.06
2.945,3.664
2.887,1.831
2.72,2.359
2.69,-0.122
2.556,0.971
2.367,1.559
2.393,-0.348
2.333,-0.348
2.439,2.206
2.406,1.64
2.421,2.331
1.877,0.619
1.869,0.844
1.722,1.84
1.746,0.674
1.628,0.76
1.72,2.425
1.568,1.705
1.679,1.366
1.679,2.266
1.541,1.129
1.612,1.461
1.413,2.445
1.527,0.025
1.31,-0.181
0.653,-0.348
0.77,-0.389
0.567,-0.294
0.108,-0.627
0.136,-0.698
-0.127,-0.546
-0.047,-0.349
-0.159,-0.386
-0.841,-0.557
-0.775,-0.305
-0.749,-0.423
-1.086,-0.416
-1.248,-0.655
-2.055,-0.516
-2.05,-0.725
-2.313,-0.499
-2.319,-0.52
1.84,-0.613
1.355,-0.444
1.3,3.801
1.125,4.032
0.326,4.087
0.018,3.864
-0.641,3.767
-0.841,3.725
-1.845,3.853
-1.863,3.761
-1.98,3.769
-2.405,3.896
-2.808,3.765
2.801,3.94
2.344,3.794
2.082,3.778
0.411,1.807
0.027,1.808
-0.818,1.183
-2.884,1.808
-3.066,2.424
2.497,3.174
2.228,3.387
1.636,0.274
-2.608,2.117
2.988,2.48
2.106,2.412
2.089,3.296
2.093,2.73
2.029,3.297
2.038,1.73
2.01,3.137
1.926,2.522
1.888,2.555
1.808,1.873
1.776,3.095
1.852,3.204
1.72,2.297
1.628,1.864
-0.292,0.913
-1.583,2.042
2.046,0.517
1.62,1.974
1.364,2.031
-0.362,-0.318
-0.48,-0.188
-1.925,-0.071
-0.912,3.616
-0.293,-0.257
-0.892,-0.433
0.076,0.634
0.062,-0.341
-0.07,0.064
-0.19,1.001
-0.449,-0.78
-0.302,-0.08
-0.514,1.973
-0.541,-1.566
-0.576,1.782
-0.524,0.707
-0.686,-0.013
-0.69,-1.685
-0.581,0.993
-0.714,1.315
-0.744,0.456
-0.745,0.007
-0.774,-0.762
-0.679,-0.627
-0.667,2.047
-0.79,-0.279
-0.712,-1.069
-0.843,1.884
-0.858,0.592
-0.904,-1.071
-0.886,-1.58
-1.086,-1.618
-1.144,-1.504
-1.146,1.576
-1.04,2.036
-1.117,0.271
-1.134,0.358
-1.213,0.14
-1.187,-1.564
-1.358,-0.291
-1.398,1.912
-1.537,-1.412
-1.516,1.044
-1.558,1.989
-1.43,-1.031
-1.731,-0.698
-1.595,-1.677
-1.732,-1.674
-1.726,0.95
-1.794,0.303
-1.797,-0.744
-2.04,-0.749
-1.886,1.986
-2.056,1.115
-2.067,2.172
-1.936,-1.422
-2.095,-0.229
-2.123,-1.404
-2.308,1.773
-2.315,-0.617
-2.294,0.387
-2.271,0.995
-2.274,0.662
-2.437,0.375
-2.347,0.23
-2.472,-0.625
-2.455,1.024
-2.671,1.67
-2.745,2.178
-2.687,1.953
-2.828,-1.259
-2.784,1.697
-2.963,-1.484
-3.13,0.628
3.078,1.308
3.065,-1.638
3.097,-1.524
3.098,2.2
3.04,0.367
2.873,0.895
2.843,-1.586
2.709,-0.493
2.52,0.095
2.546,-1.812
2.486,-1.812
2.592,0.742
2.559,0.176
2.574,0.867
2.03,-0.845
2.022,-0.62
1.875,0.376
1.899,-0.79
1.781,-0.704
1.873,0.961
1.721,0.241
1.832,-0.098
1.832,0.802
1.694,-0.335
1.765,-0.003
1.566,0.981
1.68,-1.439
1.463,-1.645
0.806,-1.812
0.923,-1.853
0.72,-1.758
0.261,-2.091
0.289,-2.162
0.026,-2.01
0.106,-1.813
-0.006,-1.85
-0.688,-2.021
-0.622,-1.769
-0.596,-1.887
-0.933,-1.88
-1.095,-2.119
-1.902,-1.98
-1.897,-2.189
-2.16,-1.963
-2.166,-1.984
1.993,-2.077
1.508,-1.908
1.453,2.337
1.278,2.568
0.479,2.623
0.171,2.4
-0.488,2.303
-0.688,2.261
-1.692,2.389
-1.71,2.297
-1.827,2.305
-2.252,2.432
-2.655,2.301
2.954,2.476
2.497,2.33
2.235,2.314
0.564,0.343
0.18,0.344
-0.665,-0.281
-2.731,0.344
-2.913,0.96
2.65,1.71
2.381,1.923
1.789,-1.19
-2.455,0.653
3.141,1.016
2.259,0.948
2.242,1.832
2.246,1.266
2.182,1.833
2.191,0.266
2.163,1.673
2.079,1.058
2.041,1.091
1.961,0.409
1.929,1.631
2.005,1.74
1.873,0.833
1.781,0.4
-0.139,-0.551
-1.43,0.578
2.199,-0.947
1.773,0.51
1.517,0.567
-0.209,-1.782
-0.327,-1.652
-1.772,-1.535
-0.759,2.152
-0.14,-1.721
-0.739,-1.897
-0.014,-0.975
-0.146,-0.57
-0.266,0.367
-0.525,-1.414
-0.378,-0.714
-0.59,1.339
-0.617,-2.2
-0.652,1.148
-0.6,0.073
-0.762,-0.647
-0.766,-2.319
-0.657,0.359
-0.79,0.681
-0.82,-0.178
-0.821,-0.627
-0.85,-1.396
-0.755,-1.261
-0.743,1.413
-0.866,-0.913
-0.788,-1.703
-0.919,1.25
-0.934,-0.042
-0.98,-1.705
-0.962,-2.214
-1.162,-2.252
-1.22,-2.138
-1.222,0.942
-1.116,1.402
-1.193,-0.363
-1.21,-0.276
-1.289,-0.494
-1.263,-2.198
-1.434,-0.925
-1.474,1.278
-1.613,-2.046
-1.592,0.41
-1.634,1.355
-1.506,-1.665
-1.807,-1.332
-1.671,-2.311
-1.808,-2.308
-1.802,0.316
-1.87,-0.331
-1.873,-1.378
-2.116,-1.383
-1.962,1.352
-2.132,0.481
-2.143,1.538
-2.012,-2.056
-2.171,-0.863
-2.199,-2.038
-2.384,1.139
-2.391,-1.251
-2.37,-0.247
-2.347,0.361
-2.35,0.028
-2.513,-0.259
-2.423,-0.404
-2.548,-1.259
-2.531,0.39
-2.747,1.036
-2.821,1.544
-2.763,1.319
-2.904,-1.893
-2.86,1.063
-3.039,-2.118
3.077,-0.006
3.002,0.674
2.989,-2.272
3.021,-2.158
3.022,1.566
2.964,-0.267
2.797,0.261
2.767,-2.22
2.633,-1.127
2.444,-0.539
2.47,-2.446
2.41,-2.446
2.516,0.108
2.483,-0.458
2.498,0.233
1.954,-1.479
1.946,-1.254
1.799,-0.258
1.823,-1.424
1.705,-1.338
1.797,0.327
1.645,-0.393
1.756,-0.732
1.756,0.168
1.618,-0.969
1.689,-0.637
1.49,0.347
1.604,-2.073
1.387,-2.279
0.73,-2.446
0.847,-2.487
0.644,-2.392
0.185,-2.725
0.213,-2.796
-0.05,-2.644
0.03,-2.447
-0.082,-2.484
-0.764,-2.655
-0.698,-2.403
-0.672,-2.521
-1.009,-2.514
-1.171,-2.753
-1.978,-2.614
-1.973,-2.823
-2.236,-2.597
-2.242,-2.618
1.917,-2.711
1.432,-2.542
1.377,1.703
1.202,1.934
0.403,1.989
0.095,1.766
-0.564,1.669
-0.764,1.627
-1.768,1.755
-1.786,1.663
-1.903,1.671
-2.328,1.798
-2.731,1.667
2.878,1.842
2.421,1.696
2.159,1.68
0.488,-0.291
0.104,-0.29
-0.741,-0.915
-2.807,-0.29
-2.989,0.326
2.574,1.076
2.305,1.289
1.713,-1.824
-2.531,0.019
3.065,0.382
2.183,0.314
2.166,1.198
2.17,0.632
2.106,1.199
2.115,-0.368
2.087,1.039
2.003,0.424
1.965,0.457
1.885,-0.225
1.853,0.997
1.929,1.106
1.797,0.199
1.705,-0.234
-0.215,-1.185
-1.506,-0.056
2.123,-1.581
1.697,-0.124
1.441,-0.067
-0.285,-2.416
-0.403,-2.286
-1.848,-2.169
-0.835,1.518
-0.216,-2.355
-0.815,-2.531
-0.132,0.405
-0.252,1.342
-0.511,-0.439
-0.364,0.261
-0.576,2.314
-0.603,-1.225
-0.638,2.123
-0.586,1.048
-0.748,0.328
-0.752,-1.344
-0.643,1.334
-0.776,1.656
-0.806,0.797
-0.807,0.348
-0.836,-0.421
-0.741,-0.286
-0.729,2.388
-0.852,0.062
-0.774,-0.728
-0.905,2.225
-0.92,0.933
-0.966,-0.73
-0.948,-1.239
-1.148,-1.277
-1.206,-1.163
-1.208,1.917
-1.102,2.377
-1.179,0.612
-1.196,0.699
-1.275,0.481
-1.249,-1.223
-1.42,0.05
-1.46,2.253
-1.599,-1.071
-1.578,1.385
-1.62,2.33
-1.492,-0.69
-1.793,-0.357
-1.657,-1.336
-1.794,-1.333
-1.788,1.291
-1.856,0.644
-1.859,-0.403
-2.102,-0.408
-1.948,2.327
-2.118,1.456
-2.129,2.513
-1.998,-1.081
-2.157,0.112
-2.185,-1.063
-2.37,2.114
-2.377,-0.276
-2.356,0.728
-2.333,1.336
-2.336,1.003
-2.499,0.716
-2.409,0.571
-2.534,-0.284
-2.517,1.365
-2.733,2.011
-2.807,2.519
-2.749,2.294
-2.89,-0.918
-2.846,2.038
-3.025,-1.143
3.091,0.969
3.016,1.649
3.003,-1.297
3.035,-1.183
3.036,2.541
2.978,0.708
2.811,1.236
2.781,-1.245
2.647,-0.152
2.458,0.436
2.484,-1.471
2.424,-1.471
2.53,1.083
2.497,0.517
2.512,1.208
1.968,-0.504
1.96,-0.279
1.813,0.717
1.837,-0.449
1.719,-0.363
1.811,1.302
1.659,0.582
1.77,0.243
1.77,1.143
1.632,0.006
1.703,0.338
1.504,1.322
1.618,-1.098
1.401,-1.304
0.744,-1.471
0.861,-1.512
0.658,-1.417
0.199,-1.75
0.227,-1.821
-0.036,-1.669
0.044,-1.472
-0.068,-1.509
-0.75,-1.68
-0.684,-1.428
-0.658,-1.546
-0.995,-1.539
-1.157,-1.778
-1.964,-1.639
-1.959,-1.848
-2.222,-1.622
-2.228,-1.643
1.931,-1.736
1.446,-1.567
1.391,2.678
1.216,2.909
0.417,2.964
0.109,2.741
-0.55,2.644
-0.75,2.602
-1.754,2.73
-1.772,2.638
-1.889,2.646
-2.314,2.773
-2.717,2.642
2.892,2.817
2.435,2.671
2.173,2.655
0.502,0.684
0.118,0.685
-0.727,0.06
-2.793,0.685
-2.975,1.301
2.588,2.051
2.319,2.264
1.727,-0.849
-2.517,0.994
3.079,1.357
2.197,1.289
2.18,2.173
2.184,1.607
2.12,2.174
2.129,0.607
2.101,2.014
2.017,1.399
1.979,1.432
1.899,0.75
1.867,1.972
1.943,2.081
1.811,1.174
1.719,0.741
-0.201,-0.21
-1.492,0.919
2.137,-0.606
1.711,0.851
1.455,0.908
-0.271,-1.441
-0.389,-1.311
-1.834,-1.194
-0.821,2.493
-0.202,-1.38
-0.801,-1.556
-0.12,0.937
-0.379,-0.844
-0.232,-0.144
-0.444,1.909
-0.471,-1.63
-0.506,1.718
-0.454,0.643
-0.616,-0.077
-0.62,-1.749
-0.511,0.929
-0.644,1.251
-0.674,0.392
-0.675,-0.057
-0.704,-0.826
-0.609,-0.691
-0.597,1.983
-0.72,-0.343
-0.642,-1.133
-0.773,1.82
-0.788,0.528
-0.834,-1.135
-0.816,-1.644
-1.016,-1.682
-1.074,-1.568
-1.076,1.512
-0.97,1.972
-1.047,0.207
-1.064,0.294
-1.143,0.076
-1.117,-1.628
-1.288,-0.355
-1.328,1.848
-1.467,-1.476
-1.446,0.98
-1.488,1.925
-1.36,-1.095
-1.661,-0.762
-1.525,-1.741
-1.662,-1.738
-1.656,0.886
-1.724,0.239
-1.727,-0.808
-1.97,-0.813
-1.816,1.922
-1.986,1.051
-1.997,2.108
-1.866,-1.486
-2.025,-0.293
-2.053,-1.468
-2.238,1.709
-2.245,-0.681
-2.224,0.323
-2.201,0.931
-2.204,0.598
-2.367,0.311
-2.277,0.166
-2.402,-0.689
-2.385,0.96
-2.601,1.606
-2.675,2.114
-2.617,1.889
-2.758,-1.323
-2.714,1.633
-2.893,-1.548
-3.06,0.564
-3.135,1.244
3.135,-1.702
-3.116,-1.588
-3.115,2.136
3.11,0.303
2.943,0.831
2.913,-1.65
2.779,-0.557
2.59,0.031
2.616,-1.876
2.556,-1.876
2.662,0.678
2.629,0.112
2.644,0.803
2.1,-0.909
2.092,-0.684
1.945,0.312
1.969,-0.854
1.851,-0.768
1.943,0.897
1.791,0.177
1.902,-0.162
1.902,0.738
1.764,-0.399
1.835,-0.067
1.636,0.917
1.75,-1.503
1.533,-1.709
0.876,-1.876
0.993,-1.917
0.79,-1.822
0.331,-2.155
0.359,-2.226
0.096,-2.074
0.176,-1.877
0.064,-1.914
-0.618,-2.085
-0.552,-1.833
-0.526,-1.951
-0.863,-1.944
-1.025,-2.183
-1.832,-2.044
-1.827,-2.253
-2.09,-2.027
-2.096,-2.048
2.063,-2.141
1.578,-1.972
1.523,2.273
1.348,2.504
0.549,2.559
0.241,2.336
-0.418,2.239
-0.618,2.197
-1.622,2.325
-1.64,2.233
-1.757,2.241
-2.182,2.368
-2.585,2.237
3.024,2.412
2.567,2.266
2.305,2.25
0.634,0.279
0.25,0.28
-0.595,-0.345
-2.661,0.28
-2.843,0.896
2.72,1.646
2.451,1.859
1.859,-1.254
-2.385,0.589
-3.072,0.952
2.329,0.884
2.312,1.768
2.316,1.202
2.252,1.769
2.261,0.202
2.233,1.609
2.149,0.994
2.111,1.027
2.031,0.345
1.999,1.567
2.075,1.676
1.943,0.769
1.851,0.336
-0.069,-0.615
-1.36,0.514
2.269,-1.011
1.843,0.446
1.587,0.503
-0.139,-1.846
-0.257,-1.716
-1.702,-1.599
-0.689,2.088
-0.07,-1.785
-0.669,-1.961
-0.259,-1.781
-0.112,-1.081
-0.324,0.972
-0.351,-2.567
-0.386,0.781
-0.334,-0.294
-0.496,-1.014
-0.5,-2.686
-0.391,-0.008
-0.524,0.314
-0.554,-0.545
-0.555,-0.994
-0.584,-1.763
-0.489,-1.628
-0.477,1.046
-0.6,-1.28
-0.522,-2.07
-0.653,0.883
-0.668,-0.409
-0.714,-2.072
-0.696,-2.581
-0.896,-2.619
-0.954,-2.505
-0.956,0.575
-0.85,1.035
-0.927,-0.73
-0.944,-0.643
-1.023,-0.861
-0.997,-2.565
-1.168,-1.292
-1.208,0.911
-1.347,-2.413
-1.326,0.043
-1.368,0.988
-1.24,-2.032
-1.541,-1.699
-1.405,-2.678
-1.542,-2.675
-1.536,-0.051
-1.604,-0.698
-1.607,-1.745
-1.85,-1.75
-1.696,0.985
-1.866,0.114
-1.877,1.171
-1.746,-2.423
-1.905,-1.23
-1.933,-2.405
-2.118,0.772
-2.125,-1.618
-2.104,-0.614
-2.081,-0.006
-2.084,-0.339
-2.247,-0.626
-2.157,-0.771
-2.282,-1.626
-2.265,0.023
-2.481,0.669
-2.555,1.177
-2.497,0.952
-2.638,-2.26
-2.594,0.696
-2.773,-2.485
-2.94,-0.373
-3.015,0.307
-3.028,-2.639
-2.996,-2.525
-2.995,1.199
-3.053,-0.634
3.063,-0.106
3.033,-2.587
2.899,-1.494
2.71,-0.906
2.736,-2.813
2.676,-2.813
2.782,-0.259
2.749,-0.825
2.764,-0.134
2.22,-1.846
2.212,-1.621
2.065,-0.625
2.089,-1.791
1.971,-1.705
2.063,-0.04
1.911,-0.76
2.022,-1.099
2.022,-0.199
1.884,-1.336
1.955,-1.004
1.756,-0.02
1.87,-2.44
1.653,-2.646
0.996,-2.813
1.113,-2.854
0.91,-2.759
0.451,-3.092
0.479,-3.163
0.216,-3.011
0.296,-2.814
0.184,-2.851
-0.498,-3.022
-0.432,-2.77
-0.406,-2.888
-0.743,-2.881
-0.905,-3.12
-1.712,-2.981
-1.707,-3.19
-1.97,-2.964
-1.976,-2.985
2.183,-3.078
1.698,-2.909
1.643,1.336
1.468,1.567
0.669,1.622
0.361,1.399
-0.298,1.302
-0.498,1.26
-1.502,1.388
-1.52,1.296
-1.637,1.304
-2.062,1.431
-2.465,1.3
-3.139,1.475
2.687,1.329
2.425,1.313
0.754,-0.658
0.37,-0.657
-0.475,-1.282
-2.541,-0.657
-2.723,-0.041
2.84,0.709
2.571,0.922
1.979,-2.191
-2.265,-0.348
-2.952,0.015
2.449,-0.053
2.432,0.831
2.436,0.265
2.372,0.832
2.381,-0.735
2.353,0.672
2.269,0.057
2.231,0.09
2.151,-0.592
2.119,0.63
2.195,0.739
2.063,-0.168
1.971,-0.601
0.051,-1.552
-1.24,-0.423
2.389,-1.948
1.963,-0.491
1.707,-0.434
-0.019,-2.783
-0.137,-2.653
-1.582,-2.536
-0.569,1.151
0.05,-2.722
-0.549,-2.898
0.147,0.7
-0.065,2.753
-0.092,-0.786
-0.127,2.562
-0.075,1.487
-0.237,0.767
-0.241,-0.905
-0.132,1.773
-0.265,2.095
-0.295,1.236
-0.296,0.787
-0.325,0.018
-0.23,0.153
-0.218,2.827
-0.341,0.501
-0.263,-0.289
-0.394,2.664
-0.409,1.372
-0.455,-0.291
-0.437,-0.8
-0.637,-0.838
-0.695,-0.724
-0.697,2.356
-0.591,2.816
-0.668,1.051
-0.685,1.138
-0.764,0.92
-0.738,-0.784
-0.909,0.489
-0.949,2.692
-1.088,-0.632
-1.067,1.824
-1.109,2.769
-0.981,-0.251
-1.282,0.082
-1.146,-0.897
-1.283,-0.894
-1.277,1.73
-1.345,1.083
-1.348,0.036
-1.591,0.031
-1.437,2.766
-1.607,1.895
-1.618,2.952
-1.487,-0.642
-1.646,0.551
-1.674,-0.624
-1.859,2.553
-1.866,0.163
-1.845,1.167
-1.822,1.775
-1.825,1.442
-1.988,1.155
-1.898,1.01
-2.023,0.155
-2.006,1.804
-2.222,2.45
-2.296,2.958
-2.238,2.733
-2.379,-0.479
-2.335,2.477
-2.514,-0.704
-2.681,1.408
-2.756,2.088
-2.769,-0.858
-2.737,-0.744
-2.736,2.98
-2.794,1.147
-2.961,1.675
-2.991,-0.806
-3.125,0.287
2.969,0.875
2.995,-1.032
2.935,-1.032
3.041,1.522
3.008,0.956
3.023,1.647
2.479,-0.065
2.471,0.16
2.324,1.156
2.348,-0.01
2.23,0.076
2.322,1.741
2.17,1.021
2.281,0.682
2.281,1.582
2.143,0.445
2.214,0.777
2.015,1.761
2.129,-0.659
1.912,-0.865
1.255,-1.032
1.372,-1.073
1.169,-0.978
0.71,-1.311
0.738,-1.382
0.475,-1.23
0.555,-1.033
0.443,-1.07
-0.239,-1.241
-0.173,-0.989
-0.147,-1.107
-0.484,-1.1
-0.646,-1.339
-1.453,-1.2
-1.448,-1.409
-1.711,-1.183
-1.717,-1.204
2.442,-1.297
1.957,-1.128
1.902,3.117
1.727,3.348
0.928,3.403
0.62,3.18
-0.039,3.083
-0.239,3.041
-1.243,3.169
-1.261,3.077
-1.378,3.085
-1.803,3.212
-2.206,3.081
-2.88,3.256
2.946,3.11
2.684,3.094
1.013,1.123
0.629,1.124
-0.216,0.499
-2.282,1.124
-2.464,1.74
3.099,2.49
2.83,2.703
2.238,-0.41
-2.006,1.433
-2.693,1.796
2.708,1.728
2.691,2.612
2.695,2.046
2.631,2.613
2.64,1.046
2.612,2.453
2.528,1.838
2.49,1.871
2.41,1.189
2.378,2.411
2.454,2.52
2.322,1.613
2.23,1.18
0.31,0.229
-0.981,1.358
2.648,-0.167
2.222,1.29
1.966,1.347
0.24,-1.002
0.122,-0.872
-1.323,-0.755
-0.31,2.932
0.309,-0.941
-0.29,-1.117
-0.212,2.053
-0.239,-1.486
-0.274,1.862
-0.222,0.787
-0.384,0.067
-0.388,-1.605
-0.279,1.073
-0.412,1.395
-0.442,0.536
-0.443,0.087
-0.472,-0.682
-0.377,-0.547
-0.365,2.127
-0.488,-0.199
-0.41,-0.989
-0.541,1.964
-0.556,0.672
-0.602,-0.991
-0.584,-1.5
-0.784,-1.538
-0.842,-1.424
-0.844,1.656
-0.738,2.116
-0.815,0.351
-0.832,0.438
-0.911,0.22
-0.885,-1.484
-1.056,-0.211
-1.096,1.992
-1.235,-1.332
-1.214,1.124
-1.256,2.069
-1.128,-0.951
-1.429,-0.618
-1.293,-1.597
-1.43,-1.594
-1.424,1.03
-1.492,0.383
-1.495,-0.664
-1.738,-0.669
-1.584,2.066
-1.754,1.195
-1.765,2.252
-1.634,-1.342
-1.793,-0.149
-1.821,-1.324
-2.006,1.853
-2.013,-0.537
-1.992,0.467
-1.969,1.075
-1.972,0.742
-2.135,0.455
-2.045,0.31
-2.17,-0.545
-2.153,1.104
-2.369,1.75
-2.443,2.258
-2.385,2.033
-2.526,-1.179
-2.482,1.777
-2.661,-1.404
-2.828,0.708
-2.903,1.388
-2.916,-1.558
-2.884,-1.444
-2.883,2.28
-2.941,0.447
-3.108,0.975
-3.138,-1.506
3.011,-0.413
2.822,0.175
2.848,-1.732
2.788,-1.732
2.894,0.822
2.861,0.256
2.876,0.947
2.332,-0.765
2.324,-0.54
2.177,0.456
2.201,-0.71
2.083,-0.624
2.175,1.041
2.023,0.321
2.134,-0.018
2.134,0.882
1.996,-0.255
2.067,0.077
1.868,1.061
1.982,-1.359
1.765,-1.565
1.108,-1.732
1.225,-1.773
1.022,-1.678
0.563,-2.011
0.591,-2.082
0.328,-1.93
0.408,-1.733
0.296,-1.77
-0.386,-1.941
-0.32,-1.689
-0.294,-1.807
-0.631,-1.8
-0.793,-2.039
-1.6,-1.9
-1.595,-2.109
-1.858,-1.883
-1.864,-1.904
2.295,-1.997
1.81,-1.828
1.755,2.417
1.58,2.648
0.781,2.703
0.473,2.48
-0.186,2.383
-0.386,2.341
-1.39,2.469
-1.408,2.377
-1.525,2.385
-1.95,2.512
-2.353,2.381
-3.027,2.556
2.799,2.41
2.537,2.394
0.866,0.423
0.482,0.424
-0.363,-0.201
-2.429,0.424
-2.611,1.04
2.952,1.79
2.683,2.003
2.091,-1.11
-2.153,0.733
-2.84,1.096
2.561,1.028
2.544,1.912
2.548,1.346
2.484,1.913
2.493,0.346
2.465,1.753
2.381,1.138
2.343,1.171
2.263,0.489
2.231,1.711
2.307,1.82
2.175,0.913
2.083,0.48
0.163,-0.471
-1.128,0.658
2.501,-0.867
2.075,0.59
1.819,0.647
0.093,-1.702
-0.025,-1.572
-1.47,-1.455
-0.457,2.232
0.162,-1.641
-0.437,-1.817
-0.027,-3.539
-0.062,-0.191
-0.01,-1.266
-0.172,-1.986
-0.176,-3.658
-0.067,-0.98
-0.2,-0.658
-0.23,-1.517
-0.231,-1.966
-0.26,-2.735
-0.165,-2.6
-0.153,0.074
-0.276,-2.252
-0.198,-3.042
-0.329,-0.089
-0.344,-1.381
-0.39,-3.044
-0.372,-3.553
-0.572,-3.591
-0.63,-3.477
-0.632,-0.397
-0.526,0.063
-0.603,-1.702
-0.62,-1.615
-0.699,-1.833
-0.673,-3.537
-0.844,-2.264
-0.884,-0.061
-1.023,-3.385
-1.002,-0.929
-1.044,0.016
-0.916,-3.004
-1.217,-2.671
-1.081,-3.65
-1.218,-3.647
-1.212,-1.023
-1.28,-1.67
-1.283,-2.717
-1.526,-2.722
-1.372,0.013
-1.542,-0.858
-1.553,0.199
-1.422,-3.395
-1.581,-2.202
-1.609,-3.377
-1.794,-0.2
-1.801,-2.59
-1.78,-1.586
-1.757,-0.978
-1.76,-1.311
-1.923,-1.598
-1.833,-1.743
-1.958,-2.598
-1.941,-0.949
-2.157,-0.303
-2.231,0.205
-2.173,-0.02
-2.314,-3.232
-2.27,-0.276
-2.449,-3.457
-2.616,-1.345
-2.691,-0.665
-2.704,-3.611
-2.672,-3.497
-2.671,0.227
-2.729,-1.606
-2.896,-1.078
-2.926,-3.559
-3.06,-2.466
3.034,-1.878
3.06,-3.785
3.0,-3.785
3.106,-1.231
3.073,-1.797
3.088,-1.106
2.544,-2.818
2.536,-2.593
2.389,-1.597
2.413,-2.763
2.295,-2.677
2.387,-1.012
2.235,-1.732
2.346,-2.071
2.346,-1.171
2.208,-2.308
2.279,-1.976
2.08,-0.992
2.194,-3.412
1.977,-3.618
1.32,-3.785
1.437,-3.826
1.234,-3.731
0.775,-4.064
0.803,-4.135
0.54,-3.983
0.62,-3.786
0.508,-3.823
-0.174,-3.994
-0.108,-3.742
-0.082,-3.86
-0.419,-3.853
-0.581,-4.092
-1.388,-3.953
-1.383,-4.162
-1.646,-3.936
-1.652,-3.957
2.507,-4.05
2.022,-3.881
1.967,0.364
1.792,0.595
0.993,0.65
0.685,0.427
0.026,0.33
-0.174,0.288
-1.178,0.416
-1.196,0.324
-1.313,0.332
-1.738,0.459
-2.141,0.328
-2.815,0.503
3.011,0.357
2.749,0.341
1.078,-1.63
0.694,-1.629
-0.151,-2.254
-2.217,-1.629
-2.399,-1.013
-3.119,-0.263
2.895,-0.05
2.303,-3.163
-1.941,-1.32
-2.628,-0.957
2.773,-1.025
2.756,-0.141
2.76,-0.707
2.696,-0.14
2.705,-1.707
2.677,-0.3
2.593,-0.915
2.555,-0.882
2.475,-1.564
2.443,-0.342
2.519,-0.233
2.387,-1.14
2.295,-1.573
0.375,-2.524
-0.916,-1.395
2.713,-2.92
2.287,-1.463
2.031,-1.406
0.305,-3.755
0.187,-3.625
-1.258,-3.508
-0.245,0.179
0.374,-3.694
-0.225,-3.87
-0.035,3.348
0.017,2.273
-0.145,1.553
-0.149,-0.119
-0.04,2.559
-0.173,2.881
-0.203,2.022
-0.204,1.573
-0.233,0.804
-0.138,0.939
-0.126,3.613
-0.249,1.287
-0.171,0.497
-0.302,3.45
-0.317,2.158
-0.363,0.495
-0.345,-0.014
-0.545,-0.052
-0.603,0.062
-0.605,3.142
-0.499,3.602
-0.576,1.837
-0.593,1.924
-0.672,1.706
-0.646,0.002
-0.817,1.275
-0.857,3.478
-0.996,0.154
-0.975,2.61
-1.017,3.555
-0.889,0.535
-1.19,0.868
-1.054,-0.111
-1.191,-0.108
-1.185,2.516
-1.253,1.869
-1.256,0.822
-1.499,0.817
-1.345,3.552
-1.515,2.681
-1.526,3.738
-1.395,0.144
-1.554,1.337
-1.582,0.162
-1.767,3.339
-1.774,0.949
-1.753,1.953
-1.73,2.561
-1.733,2.228
-1.896,1.941
-1.806,1.796
-1.931,0.941
-1.914,2.59
-2.13,3.236
-2.204,3.744
-2.146,3.519
-2.287,0.307
-2.243,3.263
-2.422,0.082
-2.589,2.194
-2.664,2.874
-2.677,-0.072
-2.645,0.042
-2.644,3.766
-2.702,1.933
-2.869,2.461
-2.899,-0.02
-3.033,1.073
3.061,1.661
3.087,-0.246
3.027,-0.246
3.133,2.308
3.1,1.742
3.115,2.433
2.571,0.721
2.563,0.946
2.416,1.942
2.44,0.776
2.322,0.862
2.414,2.527
2.262,1.807
2.373,1.468
2.373,2.368
2.235,1.231
2.306,1.563
2.107,2.547
2.221,0.127
2.004,-0.079
1.347,-0.246
1.464,-0.287
1.261,-0.192
0.802,-0.525
0.83,-0.596
0.567,-0.444
0.647,-0.247
0.535,-0.284
-0.147,-0.455
-0.081,-0.203
-0.055,-0.321
-0.392,-0.314
-0.554,-0.553
-1.361,-0.414
-1.356,-0.623
-1.619,-0.397
-1.625,-0.418
2.534,-0.511
2.049,-0.342
1.994,3.903
1.819,4.134
1.02,4.189
0.712,3.966
0.053,3.869
-0.147,3.827
-1.151,3.955
-1.169,3.863
-1.286,3.871
-1.711,3.998
-2.114,3.867
-2.788,4.042
3.038,3.896
2.776,3.88
1.105,1.909
0.721,1.91
-0.124,1.285
-2.19,1.91
-2.372,2.526
-3.092,3.276
2.922,3.489
2.33,0.376
-1.914,2.219
-2.601,2.582
2.8,2.514
2.783,3.398
2.787,2.832
2.723,3.399
2.732,1.832
2.704,3.239
2.62,2.624
2.582,2.657
2.502,1.975
2.47,3.197
2.546,3.306
2.414,2.399
2.322,1.966
0.402,1.015
-0.889,2.144
2.74,0.619
2.314,2.076
2.058,2.133
0.332,-0.216
0.214,-0.086
-1.231,0.031
-0.218,3.718
0.401,-0.155
-0.198,-0.331
0.052,-1.075
-0.11,-1.795
-0.114,-3.467
-0.005,-0.789
-0.138,-0.467
-0.168,-1.326
-0.169,-1.775
-0.198,-2.544
-0.103,-2.409
-0.091,0.265
-0.214,-2.061
-0.136,-2.851
-0.267,0.102
-0.282,-1.19
-0.328,-2.853
-0.31,-3.362
-0.51,-3.4
-0.568,-3.286
-0.57,-0.206
-0.464,0.254
-0.541,-1.511
-0.558,-1.424
-0.637,-1.642
-0.611,-3.346
-0.782,-2.073
-0.822,0.13
-0.961,-3.194
-0.94,-0.738
-0.982,0.207
-0.854,-2.813
-1.155,-2.48
-1.019,-3.459
-1.156,-3.456
-1.15,-0.832
-1.218,-1.479
-1.221,-2.526
-1.464,-2.531
-1.31,0.204
-1.48,-0.667
-1.491,0.39
-1.36,-3.204
-1.519,-2.011
-1.547,-3.186
-1.732,-0.009
-1.739,-2.399
-1.718,-1.395
-1.695,-0.787
-1.698,-1.12
-1.861,-1.407
-1.771,-1.552
-1.896,-2.407
-1.879,-0.758
-2.095,-0.112
-2.169,0.396
-2.111,0.171
-2.252,-3.041
-2.208,-0.085
-2.387,-3.266
-2.554,-1.154
-2.629,-0.474
-2.642,-3.42
-2.61,-3.306
-2.609,0.418
-2.667,-1.415
-2.834,-0.887
-2.864,-3.368
-2.998,-2.275
3.096,-1.687
3.122,-3.594
3.062,-3.594
-3.115,-1.04
3.135,-1.606
-3.133,-0.915
2.606,-2.627
2.598,-2.402
2.451,-1.406
2.475,-2.572
2.357,-2.486
2.449,-0.821
2.297,-1.541
2.408,-1.88
2.408,-0.98
2.27,-2.117
2.341,-1.785
2.142,-0.801
2.256,-3.221
2.039,-3.427
1.382,-3.594
1.499,-3.635
1.296,-3.54
0.837,-3.873
0.865,-3.944
0.602,-3.792
0.682,-3.595
0.57,-3.632
-0.112,-3.803
-0.046,-3.551
-0.02,-3.669
-0.357,-3.662
-0.519,-3.901
-1.326,-3.762
-1.321,-3.971
-1.584,-3.745
-1.59,-3.766
2.569,-3.859
2.084,-3.69
2.029,0.555
1.854,0.786
1.055,0.841
0.747,0.618
0.088,0.521
-0.112,0.479
-1.116,0.607
-1.134,0.515
-1.251,0.523
-1.676,0.65
-2.079,0.519
-2.753,0.694
3.073,0.548
2.811,0.532
1.14,-1.439
0.756,-1.438
-0.089,-2.063
-2.155,-1.438
-2.337,-0.822
-3.057,-0.072
2.957,0.141
2.365,-2.972
-1.879,-1.129
-2.566,-0.766
2.835,-0.834
2.818,0.05
2.822,-0.516
2.758,0.051
2.767,-1.516
2.739,-0.109
2.655,-0.724
2.617,-0.691
2.537,-1.373
2.505,-0.151
2.581,-0.042
2.449,-0.949
2.357,-1.382
0.437,-2.333
-0.854,-1.204
2.775,-2.729
2.349,-1.272
2.093,-1.215
0.367,-3.564
0.249,-3.434
-1.196,-3.317
-0.183,0.37
0.436,-3.503
-0.163,-3.679
-0.162,-0.72
-0.166,-2.392
-0.057,0.286
-0.19,0.608
-0.22,-0.251
-0.221,-0.7
-0.25,-1.469
-0.155,-1.334
-0.143,1.34
-0.266,-0.986
-0.188,-1.776
-0.319,1.177
-0.334,-0.115
-0.38,-1.778
-0.362,-2.287
-0.562,-2.325
-0.62,-2.211
-0.622,0.869
-0.516,1.329
-0.593,-0.436
-0.61,-0.349
-0.689,-0.567
-0.663,-2.271
-0.834,-0.998
-0.874,1.205
-1.013,-2.119
-0.992,0.337
-1.034,1.282
-0.906,-1.738
-1.207,-1.405
-1.071,-2.384
-1.208,-2.381
-1.202,0.243
-1.27,-0.404
-1.273,-1.451
-1.516,-1.456
-1.362,1.279
-1.532,0.408
-1.543,1.465
-1.412,-2.129
-1.571,-0.936
-1.599,-2.111
-1.784,1.066
-1.791,-1.324
-1.77,-0.32
-1.747,0.288
-1.75,-0.045
-1.913,-0.332
-1.823,-0.477
-1.948,-1.332
-1.931,0.317
-2.147,0.963
-2.221,1.471
-2.163,1.246
-2.304,-1.966
-2.26,0.99
-2.439,-2.191
-2.606,-0.079
-2.681,0.601
-2.694,-2.345
-2.662,-2.231
-2.661,1.493
-2.719,-0.34
-2.886,0.188
-2.916,-2.293
-3.05,-1.2
3.044,-0.612
3.07,-2.519
3.01,-2.519
3.116,0.035
3.083,-0.531
3.098,0.16
2.554,-1.552
2.546,-1.327
2.399,-0.331
2.423,-1.497
2.305,-1.411
2.397,0.254
2.245,-0.466
2.356,-0.805
2.356,0.095
2.218,-1.042
2.289,-0.71
2.09,0.274
2.204,-2.146
1.987,-2.352
1.33,-2.519
1.447,-2.56
1.244,-2.465
0.785,-2.798
0.813,-2.869
0.55,-2.717
0.63,-2.52
0.518,-2.557
-0.164,-2.728
-0.098,-2.476
-0.072,-2.594
-0.409,-2.587
-0.571,-2.826
-1.378,-2.687
-1.373,-2.896
-1.636,-2.67
-1.642,-2.691
2.517,-2.784
2.032,-2.615
1.977,1.63
1.802,1.861
1.003,1.916
0.695,1.693
0.036,1.596
-0.164,1.554
-1.168,1.682
-1.186,1.59
-1.303,1.598
-1.728,1.725
-2.131,1.594
-2.805,1.769
3.021,1.623
2.759,1.607
1.088,-0.364
0.704,-0.363
-0.141,-0.988
-2.207,-0.363
-2.389,0.253
-3.109,1.003
2.905,1.216
2.313,-1.897
-1.931,-0.054
-2.618,0.309
2.783,0.241
2.766,1.125
2.77,0.559
2.706,1.126
2.715,-0.441
2.687,0.966
2.603,0.351
2.565,0.384
2.485,-0.298
2.453,0.924
2.529,1.033
2.397,0.126
2.305,-0.307
0.385,-1.258
-0.906,-0.129
2.723,-1.654
2.297,-0.197
2.041,-0.14
0.315,-2.489
0.197,-2.359
-1.248,-2.242
-0.235,1.445
0.384,-2.428
-0.215,-2.604
-0.004,-1.672
0.105,1.006
-0.028,1.328
-0.058,0.469
-0.059,0.02
-0.088,-0.749
0.007,-0.614
0.019,2.06
-0.104,-0.266
-0.026,-1.056
-0.157,1.897
-0.172,0.605
-0.218,-1.058
-0.2,-1.567
-0.4,-1.605
-0.458,-1.491
-0.46,1.589
-0.354,2.049
-0.431,0.284
-0.448,0.371
-0.527,0.153
-0.501,-1.551
-0.672,-0.278
-0.712,1.925
-0.851,-1.399
-0.83,1.057
-0.872,2.002
-0.744,-1.018
-1.045,-0.685
-0.909,-1.664
-1.046,-1.661
-1.04,0.963
-1.108,0.316
-1.111,-0.731
-1.354,-0.736
-1.2,1.999
-1.37,1.128
-1.381,2.185
-1.25,-1.409
-1.409,-0.216
-1.437,-1.391
-1.622,1.786
-1.629,-0.604
-1.608,0.4
-1.585,1.008
-1.588,0.675
-1.751,0.388
-1.661,0.243
-1.786,-0.612
-1.769,1.037
-1.985,1.683
-2.059,2.191
-2.001,1.966
-2.142,-1.246
-2.098,1.71
-2.277,-1.471
-2.444,0.641
-2.519,1.321
-2.532,-1.625
-2.5,-1.511
-2.499,2.213
-2.557,0.38
-2.724,0.908
-2.754,-1.573
-2.888,-0.48
-3.077,0.108
-3.051,-1.799
-3.111,-1.799
-3.005,0.755
-3.038,0.189
-3.023,0.88
2.716,-0.832
2.708,-0.607
2.561,0.389
2.585,-0.777
2.467,-0.691
2.559,0.974
2.407,0.254
2.518,-0.085
2.518,0.815
2.38,-0.322
2.451,0.01
2.252,0.994
2.366,-1.426
2.149,-1.632
1.492,-1.799
1.609,-1.84
1.406,-1.745
0.947,-2.078
0.975,-2.149
0.712,-1.997
0.792,-1.8
0.68,-1.837
-0.002,-2.008
0.064,-1.756
0.09,-1.874
-0.247,-1.867
-0.409,-2.106
-1.216,-1.967
-1.211,-2.176
-1.474,-1.95
-1.48,-1.971
2.679,-2.064
2.194,-1.895
2.139,2.35
1.964,2.581
1.165,2.636
0.857,2.413
0.198,2.316
-0.002,2.274
-1.006,2.402
-1.024,2.31
-1.141,2.318
-1.566,2.445
-1.969,2.314
-2.643,2.489
-3.1,2.343
2.921,2.327
1.25,0.356
0.866,0.357
0.021,-0.268
-2.045,0.357
-2.227,0.973
-2.947,1.723
3.067,1.936
2.475,-1.177
-1.769,0.666
-2.456,1.029
2.945,0.961
2.928,1.845
2.932,1.279
2.868,1.846
2.877,0.279
2.849,1.686
2.765,1.071
2.727,1.104
2.647,0.422
2.615,1.644
2.691,1.753
2.559,0.846
2.467,0.413
0.547,-0.538
-0.744,0.591
2.885,-0.934
2.459,0.523
2.203,0.58
0.477,-1.769
0.359,-1.639
-1.086,-1.522
-0.073,2.165
0.546,-1.708
-0.053,-1.884
0.109,2.678
-0.024,3.0
-0.054,2.141
-0.055,1.692
-0.084,0.923
0.011,1.058
0.023,3.732
-0.1,1.406
-0.022,0.616
-0.153,3.569
-0.168,2.277
-0.214,0.614
-0.196,0.105
-0.396,0.067
-0.454,0.181
-0.456,3.261
-0.35,3.721
-0.427,1.956
-0.444,2.043
-0.523,1.825
-0.497,0.121
-0.668,1.394
-0.708,3.597
-0.847,0.273
-0.826,2.729
-0.868,3.674
-0.74,0.654
-1.041,0.987
-0.905,0.008
-1.042,0.011
-1.036,2.635
-1.104,1.988
-1.107,0.941
-1.35,0.936
-1.196,3.671
-1.366,2.8
-1.377,3.857
-1.246,0.263
-1.405,1.456
-1.433,0.281
-1.618,3.458
-1.625,1.068
-1.604,2.072
-1.581,2.68
-1.584,2.347
-1.747,2.06
-1.657,1.915
-1.782,1.06
-1.765,2.709
-1.981,3.355
-2.055,3.863
-1.997,3.638
-2.138,0.426
-2.094,3.382
-2.273,0.201
-2.44,2.313
-2.515,2.993
-2.528,0.047
-2.496,0.161
-2.495,3.885
-2.553,2.052
-2.72,2.58
-2.75,0.099
-2.884,1.192
-3.073,1.78
-3.047,-0.127
-3.107,-0.127
-3.001,2.427
-3.034,1.861
-3.019,2.552
2.72,0.84
2.712,1.065
2.565,2.061
2.589,0.895
2.471,0.981
2.563,2.646
2.411,1.926
2.522,1.587
2.522,2.487
2.384,1.35
2.455,1.682
2.256,2.666
2.37,0.246
2.153,0.04
1.496,-0.127
1.613,-0.168
1.41,-0.073
0.951,-0.406
0.979,-0.477
0.716,-0.325
0.796,-0.128
0.684,-0.165
0.002,-0.336
0.068,-0.084
0.094,-0.202
-0.243,-0.195
-0.405,-0.434
-1.212,-0.295
-1.207,-0.504
-1.47,-0.278
-1.476,-0.299
2.683,-0.392
2.198,-0.223
2.143,4.022
1.968,4.253
1.169,4.308
0.861,4.085
0.202,3.988
0.002,3.946
-1.002,4.074
-1.02,3.982
-1.137,3.99
-1.562,4.117
-1.965,3.986
-2.639,4.161
-3.096,4.015
2.925,3.999
1.254,2.028
0.87,2.029
0.025,1.404
-2.041,2.029
-2.223,2.645
-2.943,3.395
3.071,3.608
2.479,0.495
-1.765,2.338
-2.452,2.701
2.949,2.633
2.932,3.517
2.936,2.951
2.872,3.518
2.881,1.951
2.853,3.358
2.769,2.743
2.731,2.776
2.651,2.094
2.619,3.316
2.695,3.425
2.563,2.518
2.471,2.085
0.551,1.134
-0.74,2.263
2.889,0.738
2.463,2.195
2.207,2.252
0.481,-0.097
0.363,0.033
-1.082,0.15
-0.069,3.837
0.55,-0.036
-0.049,-0.212
-0.133,0.322
-0.163,-0.537
-0.164,-0.986
-0.193,-1.755
-0.098,-1.62
-0.086,1.054
-0.209,-1.272
-0.131,-2.062
-0.262,0.891
-0.277,-0.401
-0.323,-2.064
-0.305,-2.573
-0.505,-2.611
-0.563,-2.497
-0.565,0.583
-0.459,1.043
-0.536,-0.722
-0.553,-0.635
-0.632,-0.853
-0.606,-2.557
-0.777,-1.284
-0.817,0.919
-0.956,-2.405
-0.935,0.051
-0.977,0.996
-0.849,-2.024
-1.15,-1.691
-1.014,-2.67
-1.151,-2.667
-1.145,-0.043
-1.213,-0.69
-1.216,-1.737
-1.459,-1.742
-1.305,0.993
-1.475,0.122
-1.486,1.179
-1.355,-2.415
-1.514,-1.222
-1.542,-2.397
-1.727,0.78
-1.734,-1.61
-1.713,-0.606
-1.69,0.002
-1.693,-0.331
-1.856,-0.618
-1.766,-0.763
-1.891,-1.618
-1.874,0.031
-2.09,0.677
-2.164,1.185
-2.106,0.96
-2.247,-2.252
-2.203,0.704
-2.382,-2.477
-2.549,-0.365
-2.624,0.315
-2.637,-2.631
-2.605,-2.517
-2.604,1.207
-2.662,-0.626
-2.829,-0.098
-2.859,-2.579
-2.993,-1.486
3.101,-0.898
3.127,-2.805
3.067,-2.805
-3.11,-0.251
3.14,-0.817
-3.128,-0.126
2.611,-1.838
2.603,-1.613
2.456,-0.617
2.48,-1.783
2.362,-1.697
2.454,-0.032
2.302,-0.752
2.413,-1.091
2.413,-0.191
2.275,-1.328
2.346,-0.996
2.147,-0.012
2.261,-2.432
2.044,-2.638
1.387,-2.805
1.504,-2.846
1.301,-2.751
0.842,-3.084
0.87,-3.155
0.607,-3.003
0.687,-2.806
0.575,-2.843
-0.107,-3.014
-0.041,-2.762
-0.015,-2.88
-0.352,-2.873
-0.514,-3.112
-1.321,-2.973
-1.316,-3.182
-1.579,-2.956
-1.585,-2.977
2.574,-3.07
2.089,-2.901
2.034,1.344
1.859,1.575
1.06,1.63
0.752,1.407
0.093,1.31
-0.107,1.268
-1.111,1.396
-1.129,1.304
-1.246,1.312
-1.671,1.439
-2.074,1.308
-2.748,1.483
3.078,1.337
2.816,1.321
1.145,-0.65
0.761,-0.649
-0.084,-1.274
-2.15,-0.649
-2.332,-0.033
-3.052,0.717
2.962,0.93
2.37,-2.183
-1.874,-0.34
-2.561,0.023
2.84,-0.045
2.823,0.839
2.827,0.273
2.763,0.84
2.772,-0.727
2.744,0.68
2.66,0.065
2.622,0.098
2.542,-0.584
2.51,0.638
2.586,0.747
2.454,-0.16
2.362,-0.593
0.442,-1.544
-0.849,-0.415
2.78,-1.94
2.354,-0.483
2.098,-0.426
0.372,-2.775
0.254,-2.645
-1.191,-2.528
-0.178,1.159
0.441,-2.714
-0.158,-2.89
-0.03,-0.859
-0.031,-1.308
-0.06,-2.077
0.035,-1.942
0.047,0.732
-0.076,-1.594
0.002,-2.384
-0.129,0.569
-0.144,-0.723
-0.19,-2.386
-0.172,-2.895
-0.372,-2.933
-0.43,-2.819
-0.432,0.261
-0.326,0.721
-0.403,-1.044
-0.42,-0.957
-0.499,-1.175
-0.473,-2.879
-0.644,-1.606
-0.684,0.597
-0.823,-2.727
-0.802,-0.271
-0.844,0.674
-0.716,-2.346
-1.017,-2.013
-0.881,-2.992
-1.018,-2.989
-1.012,-0.365
-1.08,-1.012
-1.083,-2.059
-1.326,-2.064
-1.172,0.671
-1.342,-0.2
-1.353,0.857
-1.222,-2.737
-1.381,-1.544
-1.409,-2.719
-1.594,0.458
-1.601,-1.932
-1.58,-0.928
-1.557,-0.32
-1.56,-0.653
-1.723,-0.94
-1.633,-1.085
-1.758,-1.94
-1.741,-0.291
-1.957,0.355
-2.031,0.863
-1.973,0.638
-2.114,-2.574
-2.07,0.382
-2.249,-2.799
-2.416,-0.687
-2.491,-0.007
-2.504,-2.953
-2.472,-2.839
-2.471,0.885
-2.529,-0.948
-2.696,-0.42
-2.726,-2.901
-2.86,-1.808
-3.049,-1.22
-3.023,-3.127
-3.083,-3.127
-2.977,-0.573
-3.01,-1.139
-2.995,-0.448
2.744,-2.16
2.736,-1.935
2.589,-0.939
2.613,-2.105
2.495,-2.019
2.587,-0.354
2.435,-1.074
2.546,-1.413
2.546,-0.513
2.408,-1.65
2.479,-1.318
2.28,-0.334
2.394,-2.754
2.177,-2.96
1.52,-3.127
1.637,-3.168
1.434,-3.073
0.975,-3.406
1.003,-3.477
0.74,-3.325
0.82,-3.128
0.708,-3.165
0.026,-3.336
0.092,-3.084
0.118,-3.202
-0.219,-3.195
-0.381,-3.434
-1.188,-3.295
-1.183,-3.504
-1.446,-3.278
-1.452,-3.299
2.707,-3.392
2.222,-3.223
2.167,1.022
1.992,1.253
1.193,1.308
0.885,1.085
0.226,0.988
0.026,0.946
-0.978,1.074
-0.996,0.982
-1.113,0.99
-1.538,1.117
-1.941,0.986
-2.615,1.161
-3.072,1.015
2.949,0.999
1.278,-0.972
0.894,-0.971
0.049,-1.596
-2.017,-0.971
-2.199,-0.355
-2.919,0.395
3.095,0.608
2.503,-2.505
-1.741,-0.662
-2.428,-0.299
2.973,-0.367
2.956,0.517
2.96,-0.049
2.896,0.518
2.905,-1.049
2.877,0.358
2.793,-0.257
2.755,-0.224
2.675,-0.906
2.643,0.316
2.719,0.425
2.587,-0.482
2.495,-0.915
0.575,-1.866
-0.716,-0.737
2.913,-2.262
2.487,-0.805
2.231,-0.748
0.505,-3.097
0.387,-2.967
-1.058,-2.85
-0.045,0.837
0.574,-3.036
-0.025,-3.212
-0.001,-0.449
-0.03,-1.218
0.065,-1.083
0.077,1.591
-0.046,-0.735
0.032,-1.525
-0.099,1.428
-0.114,0.136
-0.16,-1.527
-0.142,-2.036
-0.342,-2.074
-0.4,-1.96
-0.402,1.12
-0.296,1.58
-0.373,-0.185
-0.39,-0.098
-0.469,-0.316
-0.443,-2.02
-0.614,-0.747
-0.654,1.456
-0.793,-1.868
-0.772,0.588
-0.814,1.533
-0.686,-1.487
-0.987,-1.154
-0.851,-2.133
-0.988,-2.13
-0.982,0.494
-1.05,-0.153
-1.053,-1.2
-1.296,-1.205
-1.142,1.53
-1.312,0.659
-1.323,1.716
-1.192,-1.878
-1.351,-0.685
-1.379,-1.86
-1.564,1.317
-1.571,-1.073
-1.55,-0.069
-1.527,0.539
-1.53,0.206
-1.693,-0.081
-1.603,-0.226
-1.728,-1.081
-1.711,0.568
-1.927,1.214
-2.001,1.722
-1.943,1.497
-2.084,-1.715
-2.04,1.241
-2.219,-1.94
-2.386,0.172
-2.461,0.852
-2.474,-2.094
-2.442,-1.98
-2.441,1.744
-2.499,-0.089
-2.666,0.439
-2.696,-2.042
-2.83,-0.949
-3.019,-0.361
-2.993,-2.268
-3.053,-2.268
-2.947,0.286
-2.98,-0.28
-2.965,0.411
2.774,-1.301
2.766,-1.076
2.619,-0.08
2.643,-1.246
2.525,-1.16
2.617,0.505
2.465,-0.215
2.576,-0.554
2.576,0.346
2.438,-0.791
2.509,-0.459
2.31,0.525
2.424,-1.895
2.207,-2.101
1.55,-2.268
1.667,-2.309
1.464,-2.214
1.005,-2.547
1.033,-2.618
0.77,-2.466
0.85,-2.269
0.738,-2.306
0.056,-2.477
0.122,-2.225
0.148,-2.343
-0.189,-2.336
-0.351,-2.575
-1.158,-2.436
-1.153,-2.645
-1.416,-2.419
-1.422,-2.44
2.737,-2.533
2.252,-2.364
2.197,1.881
2.022,2.112
1.223,2.167
0.915,1.944
0.256,1.847
0.056,1.805
-0.948,1.933
-0.966,1.841
-1.083,1.849
-1.508,1.976
-1.911,1.845
-2.585,2.02
-3.042,1.874
2.979,1.858
1.308,-0.113
0.924,-0.112
0.079,-0.737
-1.987,-0.112
-2.169,0.504
-2.889,1.254
3.125,1.467
2.533,-1.646
-1.711,0.197
-2.398,0.56
3.003,0.492
2.986,1.376
2.99,0.81
2.926,1.377
2.935,-0.19
2.907,1.217
2.823,0.602
2.785,0.635
2.705,-0.047
2.673,1.175
2.749,1.284
2.617,0.377
2.525,-0.056
0.605,-1.007
-0.686,0.122
2.943,-1.403
2.517,0.054
2.261,0.111
0.535,-2.238
0.417,-2.108
-1.028,-1.991
-0.015,1.696
0.604,-2.177
0.005,-2.353
-0.029,-0.769
0.066,-0.634
0.078,2.04
-0.045,-0.286
0.033,-1.076
-0.098,1.877
-0.113,0.585
-0.159,-1.078
-0.141,-1.587
-0.341,-1.625
-0.399,-1.511
-0.401,1.569
-0.295,2.029
-0.372,0.264
-0.389,0.351
-0.468,0.133
-0.442,-1.571
-0.613,-0.298
-0.653,1.905
-0.792,-1.419
-0.771,1.037
-0.813,1.982
-0.685,-1.038
-0.986,-0.705
-0.85,-1.684
-0.987,-1.681
-0.981,0.943
-1.049,0.296
-1.052,-0.751
-1.295,-0.756
-1.141,1.979
-1.311,1.108
-1.322,2.165
-1.191,-1.429
-1.35,-0.236
-1.378,-1.411
-1.563,1.766
-1.57,-0.624
-1.549,0.38
-1.526,0.988
-1.529,0.655
-1.692,0.368
-1.602,0.223
-1.727,-0.632
-1.71,1.017
-1.926,1.663
-2.0,2.171
-1.942,1.946
-2.083,-1.266
-2.039,1.69
-2.218,-1.491
-2.385,0.621
-2.46,1.301
-2.473,-1.645
-2.441,-1.531
-2.44,2.193
-2.498,0.36
-2.665,0.888
-2.695,-1.593
-2.829,-0.5
-3.018,0.088
-2.992,-1.819
-3.052,-1.819
-2.946,0.735
-2.979,0.169
-2.964,0.86
2.775,-0.852
2.767,-0.627
2.62,0.369
2.644,-0.797
2.526,-0.711
2.618,0.954
2.466,0.234
2.577,-0.105
2.577,0.795
2.439,-0.342
2.51,-0.01
2.311,0.974
2.425,-1.446
2.208,-1.652
1.551,-1.819
1.668,-1.86
1.465,-1.765
1.006,-2.098
1.034,-2.169
0.771,-2.017
0.851,-1.82
0.739,-1.857
0.057,-2.028
0.123,-1.776
0.149,-1.894
-0.188,-1.887
-0.35,-2.126
-1.157,-1.987
-1.152,-2.196
-1.415,-1.97
-1.421,-1.991
2.738,-2.084
2.253,-1.915
2.198,2.33
2.023,2.561
1.224,2.616
0.916,2.393
0.257,2.296
0.057,2.254
-0.947,2.382
-0.965,2.29
-1.082,2.298
-1.507,2.425
-1.91,2.294
-2.584,2.469
-3.041,2.323
2.98,2.307
1.309,0.336
0.925,0.337
0.08,-0.288
-1.986,0.337
-2.168,0.953
-2.888,1.703
3.126,1.916
2.534,-1.197
-1.71,0.646
-2.397,1.009
3.004,0.941
2.987,1.825
2.991,1.259
2.927,1.826
2.936,0.259
2.908,1.666
2.824,1.051
2.786,1.084
2.706,0.402
2.674,1.624
2.75,1.733
2.618,0.826
2.526,0.393
0.606,-0.558
-0.685,0.571
2.944,-0.954
2.518,0.503
2.262,0.56
0.536,-1.789
0.418,-1.659
-1.027,-1.542
-0.014,2.145
0.605,-1.728
0.006,-1.904
0.095,0.135
0.107,2.809
-0.016,0.483
0.062,-0.307
-0.069,2.646
-0.084,1.354
-0.13,-0.309
-0.112,-0.818
-0.312,-0.856
-0.37,-0.742
-0.372,2.338
-0.266,2.798
-0.343,1.033
-0.36,1.12
-0.439,0.902
-0.413,-0.802
-0.584,0.471
-0.624,2.674
-0.763,-0.65
-0.742,1.806
-0.784,2.751
-0.656,-0.269
-0.957,0.064
-0.821,-0.915
-0.958,-0.912
-0.952,1.712
-1.02,1.065
-1.023,0.018
-1.266,0.013
-1.112,2.748
-1.282,1.877
-1.293,2.934
-1.162,-0.66
-1.321,0.533
-1.349,-0.642
-1.534,2.535
-1.541,0.145
-1.52,1.149
-1.497,1.757
-1.5,1.424
-1.663,1.137
-1.573,0.992
-1.698,0.137
-1.681,1.786
-1.897,2.432
-1.971,2.94
-1.913,2.715
-2.054,-0.497
-2.01,2.459
-2.189,-0.722
-2.356,1.39
-2.431,2.07
-2.444,-0.876
-2.412,-0.762
-2.411,2.962
-2.469,1.129
-2.636,1.657
-2.666,-0.824
-2.8,0.269
-2.989,0.857
-2.963,-1.05
-3.023,-1.05
-2.917,1.504
-2.95,0.938
-2.935,1.629
2.804,-0.083
2.796,0.142
2.649,1.138
2.673,-0.028
2.555,0.058
2.647,1.723
2.495,1.003
2.606,0.664
2.606,1.564
2.468,0.427
2.539,0.759
2.34,1.743
2.454,-0.677
2.237,-0.883
1.58,-1.05
1.697,-1.091
1.494,-0.996
1.035,-1.329
1.063,-1.4
0.8,-1.248
0.88,-1.051
0.768,-1.088
0.086,-1.259
0.152,-1.007
0.178,-1.125
-0.159,-1.118
-0.321,-1.357
-1.128,-1.218
-1.123,-1.427
-1.386,-1.201
-1.392,-1.222
2.767,-1.315
2.282,-1.146
2.227,3.099
2.052,3.33
1.253,3.385
0.945,3.162
0.286,3.065
0.086,3.023
-0.918,3.151
-0.936,3.059
-1.053,3.067
-1.478,3.194
-1.881,3.063
-2.555,3.238
-3.012,3.092
3.009,3.076
1.338,1.105
0.954,1.106
0.109,0.481
-1.957,1.106
-2.139,1.722
-2.859,2.472
-3.128,2.685
2.563,-0.428
-1.681,1.415
-2.368,1.778
3.033,1.71
3.016,2.594
3.02,2.028
2.956,2.595
2.965,1.028
2.937,2.435
2.853,1.82
2.815,1.853
2.735,1.171
2.703,2.393
2.779,2.502
2.647,1.595
2.555,1.162
0.635,0.211
-0.656,1.34
2.973,-0.185
2.547,1.272
2.291,1.329
0.565,-1.02
0.447,-0.89
-0.998,-0.773
0.015,2.914
0.634,-0.959
0.035,-1.135
0.012,2.674
-0.111,0.348
-0.033,-0.442
-0.164,2.511
-0.179,1.219
-0.225,-0.444
-0.207,-0.953
-0.407,-0.991
-0.465,-0.877
-0.467,2.203
-0.361,2.663
-0.438,0.898
-0.455,0.985
-0.534,0.767
-0.508,-0.937
-0.679,0.336
-0.719,2.539
-0.858,-0.785
-0.837,1.671
-0.879,2.616
-0.751,-0.404
-1.052,-0.071
-0.916,-1.05
-1.053,-1.047
-1.047,1.577
-1.115,0.93
-1.118,-0.117
-1.361,-0.122
-1.207,2.613
-1.377,1.742
-1.388,2.799
-1.257,-0.795
-1.416,0.398
-1.444,-0.777
-1.629,2.4
-1.636,0.01
-1.615,1.014
-1.592,1.622
-1.595,1.289
-1.758,1.002
-1.668,0.857
-1.793,0.002
-1.776,1.651
-1.992,2.297
-2.066,2.805
-2.008,2.58
-2.149,-0.632
-2.105,2.324
-2.284,-0.857
-2.451,1.255
-2.526,1.935
-2.539,-1.011
-2.507,-0.897
-2.506,2.827
-2.564,0.994
-2.731,1.522
-2.761,-0.959
-2.895,0.134
-3.084,0.722
-3.058,-1.185
-3.118,-1.185
-3.012,1.369
-3.045,0.803
-3.03,1.494
2.709,-0.218
2.701,0.007
2.554,1.003
2.578,-0.163
2.46,-0.077
2.552,1.588
2.4,0.868
2.511,0.529
2.511,1.429
2.373,0.292
2.444,0.624
2.245,1.608
2.359,-0.812
2.142,-1.018
1.485,-1.185
1.602,-1.226
1.399,-1.131
0.94,-1.464
0.968,-1.535
0.705,-1.383
0.785,-1.186
0.673,-1.223
-0.009,-1.394
0.057,-1.142
0.083,-1.26
-0.254,-1.253
-0.416,-1.492
-1.223,-1.353
-1.218,-1.562
-1.481,-1.336
-1.487,-1.357
2.672,-1.45
2.187,-1.281
2.132,2.964
1.957,3.195
1.158,3.25
0.85,3.027
0.191,2.93
-0.009,2.888
-1.013,3.016
-1.031,2.924
-1.148,2.932
-1.573,3.059
-1.976,2.928
-2.65,3.103
-3.107,2.957
2.914,2.941
1.243,0.97
0.859,0.971
0.014,0.346
-2.052,0.971
-2.234,1.587
-2.954,2.337
3.06,2.55
2.468,-0.563
-1.776,1.28
-2.463,1.643
2.938,1.575
2.921,2.459
2.925,1.893
2.861,2.46
2.87,0.893
2.842,2.3
2.758,1.685
2.72,1.718
2.64,1.036
2.608,2.258
2.684,2.367
2.552,1.46
2.46,1.027
0.54,0.076
-0.751,1.205
2.878,-0.32
2.452,1.137
2.196,1.194
0.47,-1.155
0.352,-1.025
-1.093,-0.908
-0.08,2.779
0.539,-1.094
-0.06,-1.27
-0.123,-2.326
-0.045,-3.116
-0.176,-0.163
-0.191,-1.455
-0.237,-3.118
-0.219,-3.627
-0.419,-3.665
-0.477,-3.551
-0.479,-0.471
-0.373,-0.011
-0.45,-1.776
-0.467,-1.689
-0.546,-1.907
-0.52,-3.611
-0.691,-2.338
-0.731,-0.135
-0.87,-3.459
-0.849,-1.003
-0.891,-0.058
-0.763,-3.078
-1.064,-2.745
-0.928,-3.724
-1.065,-3.721
-1.059,-1.097
-1.127,-1.744
-1.13,-2.791
-1.373,-2.796
-1.219,-0.061
-1.389,-0.932
-1.4,0.125
-1.269,-3.469
-1.428,-2.276
-1.456,-3.451
-1.641,-0.274
-1.648,-2.664
-1.627,-1.66
-1.604,-1.052
-1.607,-1.385
-1.77,-1.672
-1.68,-1.817
-1.805,-2.672
-1.788,-1.023
-2.004,-0.377
-2.078,0.131
-2.02,-0.094
-2.161,-3.306
-2.117,-0.35
-2.296,-3.531
-2.463,-1.419
-2.538,-0.739
-2.551,-3.685
-2.519,-3.571
-2.518,0.153
-2.576,-1.68
-2.743,-1.152
-2.773,-3.633
-2.907,-2.54
-3.096,-1.952
-3.07,-3.859
-3.13,-3.859
-3.024,-1.305
-3.057,-1.871
-3.042,-1.18
2.697,-2.892
2.689,-2.667
2.542,-1.671
2.566,-2.837
2.448,-2.751
2.54,-1.086
2.388,-1.806
2.499,-2.145
2.499,-1.245
2.361,-2.382
2.432,-2.05
2.233,-1.066
2.347,-3.486
2.13,-3.692
1.473,-3.859
1.59,-3.9
1.387,-3.805
0.928,-4.138
0.956,-4.209
0.693,-4.057
0.773,-3.86
0.661,-3.897
-0.021,-4.068
0.045,-3.816
0.071,-3.934
-0.266,-3.927
-0.428,-4.166
-1.235,-4.027
-1.23,-4.236
-1.493,-4.01
-1.499,-4.031
2.66,-4.124
2.175,-3.955
2.12,0.29
1.945,0.521
1.146,0.576
0.838,0.353
0.179,0.256
-0.021,0.214
-1.025,0.342
-1.043,0.25
-1.16,0.258
-1.585,0.385
-1.988,0.254
-2.662,0.429
-3.119,0.283
2.902,0.267
1.231,-1.704
0.847,-1.703
0.002,-2.328
-2.064,-1.703
-2.246,-1.087
-2.966,-0.337
3.048,-0.124
2.456,-3.237
-1.788,-1.394
-2.475,-1.031
2.926,-1.099
2.909,-0.215
2.913,-0.781
2.849,-0.214
2.858,-1.781
2.83,-0.374
2.746,-0.989
2.708,-0.956
2.628,-1.638
2.596,-0.416
2.672,-0.307
2.54,-1.214
2.448,-1.647
0.528,-2.598
-0.763,-1.469
2.866,-2.994
2.44,-1.537
2.184,-1.48
0.458,-3.829
0.34,-3.699
-1.105,-3.582
-0.092,0.105
0.527,-3.768
-0.072,-3.944
0.078,-0.79
-0.053,2.163
-0.068,0.871
-0.114,-0.792
-0.096,-1.301
-0.296,-1.339
-0.354,-1.225
-0.356,1.855
-0.25,2.315
-0.327,0.55
-0.344,0.637
-0.423,0.419
-0.397,-1.285
-0.568,-0.012
-0.608,2.191
-0.747,-1.133
-0.726,1.323
-0.768,2.268
-0.64,-0.752
-0.941,-0.419
-0.805,-1.398
-0.942,-1.395
-0.936,1.229
-1.004,0.582
-1.007,-0.465
-1.25,-0.47
-1.096,2.265
-1.266,1.394
-1.277,2.451
-1.146,-1.143
-1.305,0.05
-1.333,-1.125
-1.518,2.052
-1.525,-0.338
-1.504,0.666
-1.481,1.274
-1.484,0.941
-1.647,0.654
-1.557,0.509
-1.682,-0.346
-1.665,1.303
-1.881,1.949
-1.955,2.457
-1.897,2.232
-2.038,-0.98
-1.994,1.976
-2.173,-1.205
-2.34,0.907
-2.415,1.587
-2.428,-1.359
-2.396,-1.245
-2.395,2.479
-2.453,0.646
-2.62,1.174
-2.65,-1.307
-2.784,-0.214
-2.973,0.374
-2.947,-1.533
-3.007,-1.533
-2.901,1.021
-2.934,0.455
-2.919,1.146
2.82,-0.566
2.812,-0.341
2.665,0.655
2.689,-0.511
2.571,-0.425
2.663,1.24
2.511,0.52
2.622,0.181
2.622,1.081
2.484,-0.056
2.555,0.276
2.356,1.26
2.47,-1.16
2.253,-1.366
1.596,-1.533
1.713,-1.574
1.51,-1.479
1.051,-1.812
1.079,-1.883
0.816,-1.731
0.896,-1.534
0.784,-1.571
0.102,-1.742
0.168,-1.49
0.194,-1.608
-0.143,-1.601
-0.305,-1.84
-1.112,-1.701
-1.107,-1.91
-1.37,-1.684
-1.376,-1.705
2.783,-1.798
2.298,-1.629
2.243,2.616
2.068,2.847
1.269,2.902
0.961,2.679
0.302,2.582
0.102,2.54
-0.902,2.668
-0.92,2.576
-1.037,2.584
-1.462,2.711
-1.865,2.58
-2.539,2.755
-2.996,2.609
3.025,2.593
1.354,0.622
0.97,0.623
0.125,-0.002
-1.941,0.623
-2.123,1.239
-2.843,1.989
-3.112,2.202
2.579,-0.911
-1.665,0.932
-2.352,1.295
3.049,1.227
3.032,2.111
3.036,1.545
2.972,2.112
2.981,0.545
2.953,1.952
2.869,1.337
2.831,1.37
2.751,0.688
2.719,1.91
2.795,2.019
2.663,1.112
2.571,0.679
0.651,-0.272
-0.64,0.857
2.989,-0.668
2.563,0.789
2.307,0.846
0.581,-1.503
0.463,-1.373
-0.982,-1.256
0.031,2.431
0.65,-1.442
0.051,-1.618
-0.131,2.953
-0.146,1.661
-0.192,-0.002
-0.174,-0.511
-0.374,-0.549
-0.432,-0.435
-0.434,2.645
-0.328,3.105
-0.405,1.34
-0.422,1.427
-0.501,1.209
-0.475,-0.495
-0.646,0.778
-0.686,2.981
-0.825,-0.343
-0.804,2.113
-0.846,3.058
-0.718,0.038
-1.019,0.371
-0.883,-0.608
-1.02,-0.605
-1.014,2.019
-1.082,1.372
-1.085,0.325
-1.328,0.32
-1.174,3.055
-1.344,2.184
-1.355,3.241
-1.224,-0.353
-1.383,0.84
-1.411,-0.335
-1.596,2.842
-1.603,0.452
-1.582,1.456
-1.559,2.064
-1.562,1.731
-1.725,1.444
-1.635,1.299
-1.76,0.444
-1.743,2.093
-1.959,2.739
-2.033,3.247
-1.975,3.022
-2.116,-0.19
-2.072,2.766
-2.251,-0.415
-2.418,1.697
-2.493,2.377
-2.506,-0.569
-2.474,-0.455
-2.473,3.269
-2.531,1.436
-2.698,1.964
-2.728,-0.517
-2.862,0.576
-3.051,1.164
-3.025,-0.743
-3.085,-0.743
-2.979,1.811
-3.012,1.245
-2.997,1.936
2.742,0.224
2.734,0.449
2.587,1.445
2.611,0.279
2.493,0.365
2.585,2.03
2.433,1.31
2.544,0.971
2.544,1.871
2.406,0.734
2.477,1.066
2.278,2.05
2.392,-0.37
2.175,-0.576
1.518,-0.743
1.635,-0.784
1.432,-0.689
0.973,-1.022
1.001,-1.093
0.738,-0.941
0.818,-0.744
0.706,-0.781
0.024,-0.952
0.09,-0.7
0.116,-0.818
-0.221,-0.811
-0.383,-1.05
-1.19,-0.911
-1.185,-1.12
-1.448,-0.894
-1.454,-0.915
2.705,-1.008
2.22,-0.839
2.165,3.406
1.99,3.637
1.191,3.692
0.883,3.469
0.224,3.372
0.024,3.33
-0.98,3.458
-0.998,3.366
-1.115,3.374
-1.54,3.501
-1.943,3.37
-2.617,3.545
-3.074,3.399
2.947,3.383
1.276,1.412
0.892,1.413
0.047,0.788
-2.019,1.413
-2.201,2.029
-2.921,2.779
3.093,2.992
2.501,-0.121
-1.743,1.722
-2.43,2.085
2.971,2.017
2.954,2.901
2.958,2.335
2.894,2.902
2.903,1.335
2.875,2.742
2.791,2.127
2.753,2.16
2.673,1.478
2.641,2.7
2.717,2.809
2.585,1.902
2.493,1.469
0.573,0.518
-0.718,1.647
2.911,0.122
2.485,1.579
2.229,1.636
0.503,-0.713
0.385,-0.583
-1.06,-0.466
-0.047,3.221
0.572,-0.652
-0.027,-0.828
-0.015,-1.292
-0.061,-2.955
-0.043,-3.464
-0.243,-3.502
-0.301,-3.388
-0.303,-0.308
-0.197,0.152
-0.274,-1.613
-0.291,-1.526
-0.37,-1.744
-0.344,-3.448
-0.515,-2.175
-0.555,0.028
-0.694,-3.296
-0.673,-0.84
-0.715,0.105
-0.587,-2.915
-0.888,-2.582
-0.752,-3.561
-0.889,-3.558
-0.883,-0.934
-0.951,-1.581
-0.954,-2.628
-1.197,-2.633
-1.043,0.102
-1.213,-0.769
-1.224,0.288
-1.093,-3.306
-1.252,-2.113
-1.28,-3.288
-1.465,-0.111
-1.472,-2.501
-1.451,-1.497
-1.428,-0.889
-1.431,-1.222
-1.594,-1.509
-1.504,-1.654
-1.629,-2.509
-1.612,-0.86
-1.828,-0.214
-1.902,0.294
-1.844,0.069
-1.985,-3.143
-1.941,-0.187
-2.12,-3.368
-2.287,-1.256
-2.362,-0.576
-2.375,-3.522
-2.343,-3.408
-2.342,0.316
-2.4,-1.517
-2.567,-0.989
-2.597,-3.47
-2.731,-2.377
-2.92,-1.789
-2.894,-3.696
-2.954,-3.696
-2.848,-1.142
-2.881,-1.708
-2.866,-1.017
2.873,-2.729
2.865,-2.504
2.718,-1.508
2.742,-2.674
2.624,-2.588
2.716,-0.923
2.564,-1.643
2.675,-1.982
2.675,-1.082
2.537,-2.219
2.608,-1.887
2.409,-0.903
2.523,-3.323
2.306,-3.529
1.649,-3.696
1.766,-3.737
1.563,-3.642
1.104,-3.975
1.132,-4.046
0.869,-3.894
0.949,-3.697
0.837,-3.734
0.155,-3.905
0.221,-3.653
0.247,-3.771
-0.09,-3.764
-0.252,-4.003
-1.059,-3.864
-1.054,-4.073
-1.317,-3.847
-1.323,-3.868
2.836,-3.961
2.351,-3.792
2.296,0.453
2.121,0.684
1.322,0.739
1.014,0.516
0.355,0.419
0.155,0.377
-0.849,0.505
-0.867,0.413
-0.984,0.421
-1.409,0.548
-1.812,0.417
-2.486,0.592
-2.943,0.446
3.078,0.43
1.407,-1.541
1.023,-1.54
0.178,-2.165
-1.888,-1.54
-2.07,-0.924
-2.79,-0.174
-3.059,0.039
2.632,-3.074
-1.612,-1.231
-2.299,-0.868
3.102,-0.936
3.085,-0.052
3.089,-0.618
3.025,-0.051
3.034,-1.618
3.006,-0.211
2.922,-0.826
2.884,-0.793
2.804,-1.475
2.772,-0.253
2.848,-0.144
2.716,-1.051
2.624,-1.484
0.704,-2.435
-0.587,-1.306
3.042,-2.831
2.616,-1.374
2.36,-1.317
0.634,-3.666
0.516,-3.536
-0.929,-3.419
0.084,0.268
0.703,-3.605
0.104,-3.781
-0.046,-1.663
-0.028,-2.172
-0.228,-2.21
-0.286,-2.096
-0.288,0.984
-0.182,1.444
-0.259,-0.321
-0.276,-0.234
-0.355,-0.452
-0.329,-2.156
-0.5,-0.883
-0.54,1.32
-0.679,-2.004
-0.658,0.452
-0.7,1.397
-0.572,-1.623
-0.873,-1.29
-0.737,-2.269
-0.874,-2.266
-0.868,0.358
-0.936,-0.289
-0.939,-1.336
-1.182,-1.341
-1.028,1.394
-1.198,0.523
-1.209,1.58
-1.078,-2.014
-1.237,-0.821
-1.265,-1.996
-1.45,1.181
-1.457,-1.209
-1.436,-0.205
-1.413,0.403
-1.416,0.07
-1.579,-0.217
-1.489,-0.362
-1.614,-1.217
-1.597,0.432
-1.813,1.078
-1.887,1.586
-1.829,1.361
-1.97,-1.851
-1.926,1.105
-2.105,-2.076
-2.272,0.036
-2.347,0.716
-2.36,-2.23
-2.328,-2.116
-2.327,1.608
-2.385,-0.225
-2.552,0.303
-2.582,-2.178
-2.716,-1.085
-2.905,-0.497
-2.879,-2.404
-2.939,-2.404
-2.833,0.15
-2.866,-0.416
-2.851,0.275
2.888,-1.437
2.88,-1.212
2.733,-0.216
2.757,-1.382
2.639,-1.296
2.731,0.369
2.579,-0.351
2.69,-0.69
2.69,0.21
2.552,-0.927
2.623,-0.595
2.424,0.389
2.538,-2.031
2.321,-2.237
1.664,-2.404
1.781,-2.445
1.578,-2.35
1.119,-2.683
1.147,-2.754
0.884,-2.602
0.964,-2.405
0.852,-2.442
0.17,-2.613
0.236,-2.361
0.262,-2.479
-0.075,-2.472
-0.237,-2.711
-1.044,-2.572
-1.039,-2.781
-1.302,-2.555
-1.308,-2.576
2.851,-2.669
2.366,-2.5
2.311,1.745
2.136,1.976
1.337,2.031
1.029,1.808
0.37,1.711
0.17,1.669
-0.834,1.797
-0.852,1.705
-0.969,1.713
-1.394,1.84
-1.797,1.709
-2.471,1.884
-2.928,1.738
3.093,1.722
1.422,-0.249
1.038,-0.248
0.193,-0.873
-1.873,-0.248
-2.055,0.368
-2.775,1.118
-3.044,1.331
2.647,-1.782
-1.597,0.061
-2.284,0.424
3.117,0.356
3.1,1.24
3.104,0.674
3.04,1.241
3.049,-0.326
3.021,1.081
2.937,0.466
2.899,0.499
2.819,-0.183
2.787,1.039
2.863,1.148
2.731,0.241
2.639,-0.192
0.719,-1.143
-0.572,-0.014
3.057,-1.539
2.631,-0.082
2.375,-0.025
0.649,-2.374
0.531,-2.244
-0.914,-2.127
0.099,1.56
0.718,-2.313
0.119,-2.489
0.018,-0.509
-0.182,-0.547
-0.24,-0.433
-0.242,2.647
-0.136,3.107
-0.213,1.342
-0.23,1.429
-0.309,1.211
-0.283,-0.493
-0.454,0.78
-0.494,2.983
-0.633,-0.341
-0.612,2.115
-0.654,3.06
-0.526,0.04
-0.827,0.373
-0.691,-0.606
-0.828,-0.603
-0.822,2.021
-0.89,1.374
-0.893,0.327
-1.136,0.322
-0.982,3.057
-1.152,2.186
-1.163,3.243
-1.032,-0.351
-1.191,0.842
-1.219,-0.333
-1.404,2.844
-1.411,0.454
-1.39,1.458
-1.367,2.066
-1.37,1.733
-1.533,1.446
-1.443,1.301
-1.568,0.446
-1.551,2.095
-1.767,2.741
-1.841,3.249
-1.783,3.024
-1.924,-0.188
-1.88,2.768
-2.059,-0.413
-2.226,1.699
-2.301,2.379
-2.314,-0.567
-2.282,-0.453
-2.281,3.271
-2.339,1.438
-2.506,1.966
-2.536,-0.515
-2.67,0.578
-2.859,1.166
-2.833,-0.741
-2.893,-0.741
-2.787,1.813
-2.82,1.247
-2.805,1.938
2.934,0.226
2.926,0.451
2.779,1.447
2.803,0.281
2.685,0.367
2.777,2.032
2.625,1.312
2.736,0.973
2.736,1.873
2.598,0.736
2.669,1.068
2.47,2.052
2.584,-0.368
2.367,-0.574
1.71,-0.741
1.827,-0.782
1.624,-0.687
1.165,-1.02
1.193,-1.091
0.93,-0.939
1.01,-0.742
0.898,-0.779
0.216,-0.95
0.282,-0.698
0.308,-0.816
-0.029,-0.809
-0.191,-1.048
-0.998,-0.909
-0.993,-1.118
-1.256,-0.892
-1.262,-0.913
2.897,-1.006
2.412,-0.837
2.357,3.408
2.182,3.639
1.383,3.694
1.075,3.471
0.416,3.374
0.216,3.332
-0.788,3.46
-0.806,3.368
-0.923,3.376
-1.348,3.503
-1.751,3.372
-2.425,3.547
-2.882,3.401
3.139,3.385
1.468,1.414
1.084,1.415
0.239,0.79
-1.827,1.415
-2.009,2.031
-2.729,2.781
-2.998,2.994
2.693,-0.119
-1.551,1.724
-2.238,2.087
-3.12,2.019
-3.137,2.903
-3.133,2.337
3.086,2.904
3.095,1.337
3.067,2.744
2.983,2.129
2.945,2.162
2.865,1.48
2.833,2.702
2.909,2.811
2.777,1.904
2.685,1.471
0.765,0.52
-0.526,1.649
3.103,0.124
2.677,1.581
2.421,1.638
0.695,-0.711
0.577,-0.581
-0.868,-0.464
0.145,3.223
0.764,-0.65
0.165,-0.826
-0.2,-0.038
-0.258,0.076
-0.26,3.156
-0.154,3.616
-0.231,1.851
-0.248,1.938
-0.327,1.72
-0.301,0.016
-0.472,1.289
-0.512,3.492
-0.651,0.168
-0.63,2.624
-0.672,3.569
-0.544,0.549
-0.845,0.882
-0.709,-0.097
-0.846,-0.094
-0.84,2.53
-0.908,1.883
-0.911,0.836
-1.154,0.831
-1.0,3.566
-1.17,2.695
-1.181,3.752
-1.05,0.158
-1.209,1.351
-1.237,0.176
-1.422,3.353
-1.429,0.963
-1.408,1.967
-1.385,2.575
-1.388,2.242
-1.551,1.955
-1.461,1.81
-1.586,0.955
-1.569,2.604
-1.785,3.25
-1.859,3.758
-1.801,3.533
-1.942,0.321
-1.898,3.277
-2.077,0.096
-2.244,2.208
-2.319,2.888
-2.332,-0.058
-2.3,0.056
-2.299,3.78
-2.357,1.947
-2.524,2.475
-2.554,-0.006
-2.688,1.087
-2.877,1.675
-2.851,-0.232
-2.911,-0.232
-2.805,2.322
-2.838,1.756
-2.823,2.447
2.916,0.735
2.908,0.96
2.761,1.956
2.785,0.79
2.667,0.876
2.759,2.541
2.607,1.821
2.718,1.482
2.718,2.382
2.58,1.245
2.651,1.577
2.452,2.561
2.566,0.141
2.349,-0.065
1.692,-0.232
1.809,-0.273
1.606,-0.178
1.147,-0.511
1.175,-0.582
0.912,-0.43
0.992,-0.233
0.88,-0.27
0.198,-0.441
0.264,-0.189
0.29,-0.307
-0.047,-0.3
-0.209,-0.539
-1.016,-0.4
-1.011,-0.609
-1.274,-0.383
-1.28,-0.404
2.879,-0.497
2.394,-0.328
2.339,3.917
2.164,4.148
1.365,4.203
1.057,3.98
0.398,3.883
0.198,3.841
-0.806,3.969
-0.824,3.877
-0.941,3.885
-1.366,4.012
-1.769,3.881
-2.443,4.056
-2.9,3.91
3.121,3.894
1.45,1.923
1.066,1.924
0.221,1.299
-1.845,1.924
-2.027,2.54
-2.747,3.29
-3.016,3.503
2.675,0.39
-1.569,2.233
-2.256,2.596
-3.138,2.528
3.128,3.412
3.132,2.846
3.068,3.413
3.077,1.846
3.049,3.253
2.965,2.638
2.927,2.671
2.847,1.989
2.815,3.211
2.891,3.32
2.759,2.413
2.667,1.98
0.747,1.029
-0.544,2.158
3.085,0.633
2.659,2.09
2.403,2.147
0.677,-0.202
0.559,-0.072
-0.886,0.045
0.127,3.732
0.746,-0.141
0.147,-0.317
-0.058,0.114
-0.06,3.194
0.046,3.654
-0.031,1.889
-0.048,1.976
-0.127,1.758
-0.101,0.054
-0.272,1.327
-0.312,3.53
-0.451,0.206
-0.43,2.662
-0.472,3.607
-0.344,0.587
-0.645,0.92
-0.509,-0.059
-0.646,-0.056
-0.64,2.568
-0.708,1.921
-0.711,0.874
-0.954,0.869
-0.8,3.604
-0.97,2.733
-0.981,3.79
-0.85,0.196
-1.009,1.389
-1.037,0.214
-1.222,3.391
-1.229,1.001
-1.208,2.005
-1.185,2.613
-1.188,2.28
-1.351,1.993
-1.261,1.848
-1.386,0.993
-1.369,2.642
-1.585,3.288
-1.659,3.796
-1.601,3.571
-1.742,0.359
-1.698,3.315
-1.877,0.134
-2.044,2.246
-2.119,2.926
-2.132,-0.02
-2.1,0.094
-2.099,3.818
-2.157,1.985
-2.324,2.513
-2.354,0.032
-2.488,1.125
-2.677,1.713
-2.651,-0.194
-2.711,-0.194
-2.605,2.36
-2.638,1.794
-2.623,2.485
3.116,0.773
3.108,0.998
2.961,1.994
2.985,0.828
2.867,0.914
2.959,2.579
2.807,1.859
2.918,1.52
2.918,2.42
2.78,1.283
2.851,1.615
2.652,2.599
2.766,0.179
2.549,-0.027
1.892,-0.194
2.009,-0.235
1.806,-0.14
1.347,-0.473
1.375,-0.544
1.112,-0.392
1.192,-0.195
1.08,-0.232
0.398,-0.403
0.464,-0.151
0.49,-0.269
0.153,-0.262
-0.009,-0.501
-0.816,-0.362
-0.811,-0.571
-1.074,-0.345
-1.08,-0.366
3.079,-0.459
2.594,-0.29
2.539,3.955
2.364,4.186
1.565,4.241
1.257,4.018
0.598,3.921
0.398,3.879
-0.606,4.007
-0.624,3.915
-0.741,3.923
-1.166,4.05
-1.569,3.919
-2.243,4.094
-2.7,3.948
-2.962,3.932
1.65,1.961
1.266,1.962
0.421,1.337
-1.645,1.962
-1.827,2.578
-2.547,3.328
-2.816,3.541
2.875,0.428
-1.369,2.271
-2.056,2.634
-2.938,2.566
-2.955,3.45
-2.951,2.884
-3.015,3.451
-3.006,1.884
-3.034,3.291
-3.118,2.676
3.127,2.709
3.047,2.027
3.015,3.249
3.091,3.358
2.959,2.451
2.867,2.018
0.947,1.067
-0.344,2.196
-2.998,0.671
2.859,2.128
2.603,2.185
0.877,-0.164
0.759,-0.034
-0.686,0.083
0.327,3.77
0.946,-0.103
0.347,-0.279
-0.002,3.08
0.104,3.54
0.027,1.775
0.01,1.862
-0.069,1.644
-0.043,-0.06
-0.214,1.213
-0.254,3.416
-0.393,0.092
-0.372,2.548
-0.414,3.493
-0.286,0.473
-0.587,0.806
-0.451,-0.173
-0.588,-0.17
-0.582,2.454
-0.65,1.807
-0.653,0.76
-0.896,0.755
-0.742,3.49
-0.912,2.619
-0.923,3.676
-0.792,0.082
-0.951,1.275
-0.979,0.1
-1.164,3.277
-1.171,0.887
-1.15,1.891
-1.127,2.499
-1.13,2.166
-1.293,1.879
-1.203,1.734
-1.328,0.879
-1.311,2.528
-1.527,3.174
-1.601,3.682
-1.543,3.457
-1.684,0.245
-1.64,3.201
-1.819,0.02
-1.986,2.132
-2.061,2.812
-2.074,-0.134
-2.042,-0.02
-2.041,3.704
-2.099,1.871
-2.266,2.399
-2.296,-0.082
-2.43,1.011
-2.619,1.599
-2.593,-0.308
-2.653,-0.308
-2.547,2.246
-2.58,1.68
-2.565,2.371
-3.109,0.659
-3.117,0.884
3.019,1.88
3.043,0.714
2.925,0.8
3.017,2.465
2.865,1.745
2.976,1.406
2.976,2.306
2.838,1.169
2.909,1.501
2.71,2.485
2.824,0.065
2.607,-0.141
1.95,-0.308
2.067,-0.349
1.864,-0.254
1.405,-0.587
1.433,-0.658
1.17,-0.506
1.25,-0.309
1.138,-0.346
0.456,-0.517
0.522,-0.265
0.548,-0.383
0.211,-0.376
0.049,-0.615
-0.758,-0.476
-0.753,-0.685
-1.016,-0.459
-1.022,-0.48
3.137,-0.573
2.652,-0.404
2.597,3.841
2.422,4.072
1.623,4.127
1.315,3.904
0.656,3.807
0.456,3.765
-0.548,3.893
-0.566,3.801
-0.683,3.809
-1.108,3.936
-1.511,3.805
-2.185,3.98
-2.642,3.834
-2.904,3.818
1.708,1.847
1.324,1.848
0.479,1.223
-1.587,1.848
-1.769,2.464
-2.489,3.214
-2.758,3.427
2.933,0.314
-1.311,2.157
-1.998,2.52
-2.88,2.452
-2.897,3.336
-2.893,2.77
-2.957,3.337
-2.948,1.77
-2.976,3.177
-3.06,2.562
-3.098,2.595
3.105,1.913
3.073,3.135
-3.134,3.244
3.017,2.337
2.925,1.904
1.005,0.953
-0.286,2.082
-2.94,0.557
2.917,2.014
2.661,2.071
0.935,-0.278
0.817,-0.148
-0.628,-0.031
0.385,3.656
1.004,-0.217
0.405,-0.393
0.106,0.46
0.029,-1.305
0.012,-1.218
-0.067,-1.436
-0.041,-3.14
-0.212,-1.867
-0.252,0.336
-0.391,-2.988
-0.37,-0.532
-0.412,0.413
-0.284,-2.607
-0.585,-2.274
-0.449,-3.253
-0.586,-3.25
-0.58,-0.626
-0.648,-1.273
-0.651,-2.32
-0.894,-2.325
-0.74,0.41
-0.91,-0.461
-0.921,0.596
-0.79,-2.998
-0.949,-1.805
-0.977,-2.98
-1.162,0.197
-1.169,-2.193
-1.148,-1.189
-1.125,-0.581
-1.128,-0.914
-1.291,-1.201
-1.201,-1.346
-1.326,-2.201
-1.309,-0.552
-1.525,0.094
-1.599,0.602
-1.541,0.377
-1.682,-2.835
-1.638,0.121
-1.817,-3.06
-1.984,-0.948
-2.059,-0.268
-2.072,-3.214
-2.04,-3.1
-2.039,0.624
-2.097,-1.209
-2.264,-0.681
-2.294,-3.162
-2.428,-2.069
-2.617,-1.481
-2.591,-3.388
-2.651,-3.388
-2.545,-0.834
-2.578,-1.4
-2.563,-0.709
-3.107,-2.421
-3.115,-2.196
3.021,-1.2
3.045,-2.366
2.927,-2.28
3.019,-0.615
2.867,-1.335
2.978,-1.674
2.978,-0.774
2.84,-1.911
2.911,-1.579
2.712,-0.595
2.826,-3.015
2.609,-3.221
1.952,-3.388
2.069,-3.429
1.866,-3.334
1.407,-3.667
1.435,-3.738
1.172,-3.586
1.252,-3.389
1.14,-3.426
0.458,-3.597
0.524,-3.345
0.55,-3.463
0.213,-3.456
0.051,-3.695
-0.756,-3.556
-0.751,-3.765
-1.014,-3.539
-1.02,-3.56
3.139,-3.653
2.654,-3.484
2.599,0.761
2.424,0.992
1.625,1.047
1.317,0.824
0.658,0.727
0.458,0.685
-0.546,0.813
-0.564,0.721
-0.681,0.729
-1.106,0.856
-1.509,0.725
-2.183,0.9
-2.64,0.754
-2.902,0.738
1.71,-1.233
1.326,-1.232
0.481,-1.857
-1.585,-1.232
-1.767,-0.616
-2.487,0.134
-2.756,0.347
2.935,-2.766
-1.309,-0.923
-1.996,-0.56
-2.878,-0.628
-2.895,0.256
-2.891,-0.31
-2.955,0.257
-2.946,-1.31
-2.974,0.097
-3.058,-0.518
-3.096,-0.485
3.107,-1.167
3.075,0.055
-3.132,0.164
3.019,-0.743
2.927,-1.176
1.007,-2.127
-0.284,-0.998
-2.938,-2.523
2.919,-1.066
2.663,-1.009
0.937,-3.358
0.819,-3.228
-0.626,-3.111
0.387,0.576
1.006,-3.297
0.407,-3.473
-0.077,-1.765
-0.094,-1.678
-0.173,-1.896
-0.147,-3.6
-0.318,-2.327
-0.358,-0.124
-0.497,-3.448
-0.476,-0.992
-0.518,-0.047
-0.39,-3.067
-0.691,-2.734
-0.555,-3.713
-0.692,-3.71
-0.686,-1.086
-0.754,-1.733
-0.757,-2.78
-1.0,-2.785
-0.846,-0.05
-1.016,-0.921
-1.027,0.136
-0.896,-3.458
-1.055,-2.265
-1.083,-3.44
-1.268,-0.263
-1.275,-2.653
-1.254,-1.649
-1.231,-1.041
-1.234,-1.374
-1.397,-1.661
-1.307,-1.806
-1.432,-2.661
-1.415,-1.012
-1.631,-0.366
-1.705,0.142
-1.647,-0.083
-1.788,-3.295
-1.744,-0.339
-1.923,-3.52
-2.09,-1.408
-2.165,-0.728
-2.178,-3.674
-2.146,-3.56
-2.145,0.164
-2.203,-1.669
-2.37,-1.141
-2.4,-3.622
-2.534,-2.529
-2.723,-1.941
-2.697,-3.848
-2.757,-3.848
-2.651,-1.294
-2.684,-1.86
-2.669,-1.169
3.07,-2.881
3.062,-2.656
2.915,-1.66
2.939,-2.826
2.821,-2.74
2.913,-1.075
2.761,-1.795
2.872,-2.134
2.872,-1.234
2.734,-2.371
2.805,-2.039
2.606,-1.055
2.72,-3.475
2.503,-3.681
1.846,-3.848
1.963,-3.889
1.76,-3.794
1.301,-4.127
1.329,-4.198
1.066,-4.046
1.146,-3.849
1.034,-3.886
0.352,-4.057
0.418,-3.805
0.444,-3.923
0.107,-3.916
-0.055,-4.155
-0.862,-4.016
-0.857,-4.225
-1.12,-3.999
-1.126,-4.02
3.033,-4.113
2.548,-3.944
2.493,0.301
2.318,0.532
1.519,0.587
1.211,0.364
0.552,0.267
0.352,0.225
-0.652,0.353
-0.67,0.261
-0.787,0.269
-1.212,0.396
-1.615,0.265
-2.289,0.44
-2.746,0.294
-3.008,0.278
1.604,-1.693
1.22,-1.692
0.375,-2.317
-1.691,-1.692
-1.873,-1.076
-2.593,-0.326
-2.862,-0.113
2.829,-3.226
-1.415,-1.383
-2.102,-1.02
-2.984,-1.088
-3.001,-0.204
-2.997,-0.77
-3.061,-0.203
-3.052,-1.77
-3.08,-0.363
3.119,-0.978
3.081,-0.945
3.001,-1.627
2.969,-0.405
3.045,-0.296
2.913,-1.203
2.821,-1.636
0.901,-2.587
-0.39,-1.458
-3.044,-2.983
2.813,-1.526
2.557,-1.469
0.831,-3.818
0.713,-3.688
-0.732,-3.571
0.281,0.116
0.9,-3.757
0.301,-3.933
-0.017,0.087
-0.096,-0.131
-0.07,-1.835
-0.241,-0.562
-0.281,1.641
-0.42,-1.683
-0.399,0.773
-0.441,1.718
-0.313,-1.302
-0.614,-0.969
-0.478,-1.948
-0.615,-1.945
-0.609,0.679
-0.677,0.032
-0.68,-1.015
-0.923,-1.02
-0.769,1.715
-0.939,0.844
-0.95,1.901
-0.819,-1.693
-0.978,-0.5
-1.006,-1.675
-1.191,1.502
-1.198,-0.888
-1.177,0.116
-1.154,0.724
-1.157,0.391
-1.32,0.104
-1.23,-0.041
-1.355,-0.896
-1.338,0.753
-1.554,1.399
-1.628,1.907
-1.57,1.682
-1.711,-1.53
-1.667,1.426
-1.846,-1.755
-2.013,0.357
-2.088,1.037
-2.101,-1.909
-2.069,-1.795
-2.068,1.929
-2.126,0.096
-2.293,0.624
-2.323,-1.857
-2.457,-0.764
-2.646,-0.176
-2.62,-2.083
-2.68,-2.083
-2.574,0.471
-2.607,-0.095
-2.592,0.596
-3.136,-1.116
3.139,-0.891
2.992,0.105
3.016,-1.061
2.898,-0.975
2.99,0.69
2.838,-0.03
2.949,-0.369
2.949,0.531
2.811,-0.606
2.882,-0.274
2.683,0.71
2.797,-1.71
2.58,-1.916
1.923,-2.083
2.04,-2.124
1.837,-2.029
1.378,-2.362
1.406,-2.433
1.143,-2.281
1.223,-2.084
1.111,-2.121
0.429,-2.292
0.495,-2.04
0.521,-2.158
0.184,-2.151
0.022,-2.39
-0.785,-2.251
-0.78,-2.46
-1.043,-2.234
-1.049,-2.255
3.11,-2.348
2.625,-2.179
2.57,2.066
2.395,2.297
1.596,2.352
1.288,2.129
0.629,2.032
0.429,1.99
-0.575,2.118
-0.593,2.026
-0.71,2.034
-1.135,2.161
-1.538,2.03
-2.212,2.205
-2.669,2.059
-2.931,2.043
1.681,0.072
1.297,0.073
0.452,-0.552
-1.614,0.073
-1.796,0.689
-2.516,1.439
-2.785,1.652
2.906,-1.461
-1.338,0.382
-2.025,0.745
-2.907,0.677
-2.924,1.561
-2.92,0.995
-2.984,1.562
-2.975,-0.005
-3.003,1.402
-3.087,0.787
-3.125,0.82
3.078,0.138
3.046,1.36
3.122,1.469
2.99,0.562
2.898,0.129
0.978,-0.822
-0.313,0.307
-2.967,-1.218
2.89,0.239
2.634,0.296
0.908,-2.053
0.79,-1.923
-0.655,-1.806
0.358,1.881
0.977,-1.992
0.378,-2.168
-0.079,-0.218
-0.053,-1.922
-0.224,-0.649
-0.264,1.554
-0.403,-1.77
-0.382,0.686
-0.424,1.631
-0.296,-1.389
-0.597,-1.056
-0.461,-2.035
-0.598,-2.032
-0.592,0.592
-0.66,-0.055
-0.663,-1.102
-0.906,-1.107
-0.752,1.628
-0.922,0.757
-0.933,1.814
-0.802,-1.78
-0.961,-0.587
-0.989,-1.762
-1.174,1.415
-1.181,-0.975
-1.16,0.029
-1.137,0.637
-1.14,0.304
-1.303,0.017
-1.213,-0.128
-1.338,-0.983
-1.321,0.666
-1.537,1.312
-1.611,1.82
-1.553,1.595
-1.694,-1.617
-1.65,1.339
-1.829,-1.842
-1.996,0.27
-2.071,0.95
-2.084,-1.996
-2.052,-1.882
-2.051,1.842
-2.109,0.009
-2.276,0.537
-2.306,-1.944
-2.44,-0.851
-2.629,-0.263
-2.603,-2.17
-2.663,-2.17
-2.557,0.384
-2.59,-0.182
-2.575,0.509
-3.119,-1.203
-3.127,-0.978
3.009,0.018
3.033,-1.148
2.915,-1.062
3.007,0.603
2.855,-0.117
2.966,-0.456
2.966,0.444
2.828,-0.693
2.899,-0.361
2.7,0.623
2.814,-1.797
2.597,-2.003
1.94,-2.17
2.057,-2.211
1.854,-2.116
1.395,-2.449
1.423,-2.52
1.16,-2.368
1.24,-2.171
1.128,-2.208
0.446,-2.379
0.512,-2.127
0.538,-2.245
0.201,-2.238
0.039,-2.477
-0.768,-2.338
-0.763,-2.547
-1.026,-2.321
-1.032,-2.342
3.127,-2.435
2.642,-2.266
2.587,1.979
2.412,2.21
1.613,2.265
1.305,2.042
0.646,1.945
0.446,1.903
-0.558,2.031
-0.576,1.939
-0.693,1.947
-1.118,2.074
-1.521,1.943
-2.195,2.118
-2.652,1.972
-2.914,1.956
1.698,-0.015
1.314,-0.014
0.469,-0.639
-1.597,-0.014
-1.779,0.602
-2.499,1.352
-2.768,1.565
2.923,-1.548
-1.321,0.295
-2.008,0.658
-2.89,0.59
-2.907,1.474
-2.903,0.908
-2.967,1.475
-2.958,-0.092
-2.986,1.315
-3.07,0.7
-3.108,0.733
3.095,0.051
3.063,1.273
3.139,1.382
3.007,0.475
2.915,0.042
0.995,-0.909
-0.296,0.22
-2.95,-1.305
2.907,0.152
2.651,0.209
0.925,-2.14
0.807,-2.01
-0.638,-1.893
0.375,1.794
0.994,-2.079
0.395,-2.255
0.026,-1.704
-0.145,-0.431
-0.185,1.772
-0.324,-1.552
-0.303,0.904
-0.345,1.849
-0.217,-1.171
-0.518,-0.838
-0.382,-1.817
-0.519,-1.814
-0.513,0.81
-0.581,0.163
-0.584,-0.884
-0.827,-0.889
-0.673,1.846
-0.843,0.975
-0.854,2.032
-0.723,-1.562
-0.882,-0.369
-0.91,-1.544
-1.095,1.633
-1.102,-0.757
-1.081,0.247
-1.058,0.855
-1.061,0.522
-1.224,0.235
-1.134,0.09
-1.259,-0.765
-1.242,0.884
-1.458,1.53
-1.532,2.038
-1.474,1.813
-1.615,-1.399
-1.571,1.557
-1.75,-1.624
-1.917,0.488
-1.992,1.168
-2.005,-1.778
-1.973,-1.664
-1.972,2.06
-2.03,0.227
-2.197,0.755
-2.227,-1.726
-2.361,-0.633
-2.55,-0.045
-2.524,-1.952
-2.584,-1.952
-2.478,0.602
-2.511,0.036
-2.496,0.727
-3.04,-0.985
-3.048,-0.76
3.088,0.236
3.112,-0.93
2.994,-0.844
3.086,0.821
2.934,0.101
3.045,-0.238
3.045,0.662
2.907,-0.475
2.978,-0.143
2.779,0.841
2.893,-1.579
2.676,-1.785
2.019,-1.952
2.136,-1.993
1.933,-1.898
1.474,-2.231
1.502,-2.302
1.239,-2.15
1.319,-1.953
1.207,-1.99
0.525,-2.161
0.591,-1.909
0.617,-2.027
0.28,-2.02
0.118,-2.259
-0.689,-2.12
-0.684,-2.329
-0.947,-2.103
-0.953,-2.124
-3.077,-2.217
2.721,-2.048
2.666,2.197
2.491,2.428
1.692,2.483
1.384,2.26
0.725,2.163
0.525,2.121
-0.479,2.249
-0.497,2.157
-0.614,2.165
-1.039,2.292
-1.442,2.161
-2.116,2.336
-2.573,2.19
-2.835,2.174
1.777,0.203
1.393,0.204
0.548,-0.421
-1.518,0.204
-1.7,0.82
-2.42,1.57
-2.689,1.783
3.002,-1.33
-1.242,0.513
-1.929,0.876
-2.811,0.808
-2.828,1.692
-2.824,1.126
-2.888,1.693
-2.879,0.126
-2.907,1.533
-2.991,0.918
-3.029,0.951
-3.109,0.269
-3.141,1.491
-3.065,1.6
3.086,0.693
2.994,0.26
1.074,-0.691
-0.217,0.438
-2.871,-1.087
2.986,0.37
2.73,0.427
1.004,-1.922
0.886,-1.792
-0.559,-1.675
0.454,2.012
1.073,-1.861
0.474,-2.037
-0.171,1.273
-0.211,3.476
-0.35,0.152
-0.329,2.608
-0.371,3.553
-0.243,0.533
-0.544,0.866
-0.408,-0.113
-0.545,-0.11
-0.539,2.514
-0.607,1.867
-0.61,0.82
-0.853,0.815
-0.699,3.55
-0.869,2.679
-0.88,3.736
-0.749,0.142
-0.908,1.335
-0.936,0.16
-1.121,3.337
-1.128,0.947
-1.107,1.951
-1.084,2.559
-1.087,2.226
-1.25,1.939
-1.16,1.794
-1.285,0.939
-1.268,2.588
-1.484,3.234
-1.558,3.742
-1.5,3.517
-1.641,0.305
-1.597,3.261
-1.776,0.08
-1.943,2.192
-2.018,2.872
-2.031,-0.074
-1.999,0.04
-1.998,3.764
-2.056,1.931
-2.223,2.459
-2.253,-0.022
-2.387,1.071
-2.576,1.659
-2.55,-0.248
-2.61,-0.248
-2.504,2.306
-2.537,1.74
-2.522,2.431
-3.066,0.719
-3.074,0.944
3.062,1.94
3.086,0.774
2.968,0.86
3.06,2.525
2.908,1.805
3.019,1.466
3.019,2.366
2.881,1.229
2.952,1.561
2.753,2.545
2.867,0.125
2.65,-0.081
1.993,-0.248
2.11,-0.289
1.907,-0.194
1.448,-0.527
1.476,-0.598
1.213,-0.446
1.293,-0.249
1.181,-0.286
0.499,-0.457
0.565,-0.205
0.591,-0.323
0.254,-0.316
0.092,-0.555
-0.715,-0.416
-0.71,-0.625
-0.973,-0.399
-0.979,-0.42
-3.103,-0.513
2.695,-0.344
2.64,3.901
2.465,4.132
1.666,4.187
1.358,3.964
0.699,3.867
0.499,3.825
-0.505,3.953
-0.523,3.861
-0.64,3.869
-1.065,3.996
-1.468,3.865
-2.142,4.04
-2.599,3.894
-2.861,3.878
1.751,1.907
1.367,1.908
0.522,1.283
-1.544,1.908
-1.726,2.524
-2.446,3.274
-2.715,3.487
2.976,0.374
-1.268,2.217
-1.955,2.58
-2.837,2.512
-2.854,3.396
-2.85,2.83
-2.914,3.397
-2.905,1.83
-2.933,3.237
-3.017,2.622
-3.055,2.655
-3.135,1.973
3.116,3.195
-3.091,3.304
3.06,2.397
2.968,1.964
1.048,1.013
-0.243,2.142
-2.897,0.617
2.96,2.074
2.704,2.131
0.978,-0.218
0.86,-0.088
-0.585,0.029
0.428,3.716
1.047,-0.157
0.448,-0.333
-0.04,2.203
-0.179,-1.121
-0.158,1.335
-0.2,2.28
-0.072,-0.74
-0.373,-0.407
-0.237,-1.386
-0.374,-1.383
-0.368,1.241
-0.436,0.594
-0.439,-0.453
-0.682,-0.458
-0.528,2.277
-0.698,1.406
-0.709,2.463
-0.578,-1.131
-0.737,0.062
-0.765,-1.113
-0.95,2.064
-0.957,-0.326
-0.936,0.678
-0.913,1.286
-0.916,0.953
-1.079,0.666
-0.989,0.521
-1.114,-0.334
-1.097,1.315
-1.313,1.961
-1.387,2.469
-1.329,2.244
-1.47,-0.968
-1.426,1.988
-1.605,-1.193
-1.772,0.919
-1.847,1.599
-1.86,-1.347
-1.828,-1.233
-1.827,2.491
-1.885,0.658
-2.052,1.186
-2.082,-1.295
-2.216,-0.202
-2.405,0.386
-2.379,-1.521
-2.439,-1.521
-2.333,1.033
-2.366,0.467
-2.351,1.158
-2.895,-0.554
-2.903,-0.329
-3.05,0.667
-3.026,-0.499
3.139,-0.413
-3.052,1.252
3.079,0.532
-3.093,0.193
-3.093,1.093
3.052,-0.044
3.123,0.288
2.924,1.272
3.038,-1.148
2.821,-1.354
2.164,-1.521
2.281,-1.562
2.078,-1.467
1.619,-1.8
1.647,-1.871
1.384,-1.719
1.464,-1.522
1.352,-1.559
0.67,-1.73
0.736,-1.478
0.762,-1.596
0.425,-1.589
0.263,-1.828
-0.544,-1.689
-0.539,-1.898
-0.802,-1.672
-0.808,-1.693
-2.932,-1.786
2.866,-1.617
2.811,2.628
2.636,2.859
1.837,2.914
1.529,2.691
0.87,2.594
0.67,2.552
-0.334,2.68
-0.352,2.588
-0.469,2.596
-0.894,2.723
-1.297,2.592
-1.971,2.767
-2.428,2.621
-2.69,2.605
1.922,0.634
1.538,0.635
0.693,0.01
-1.373,0.635
-1.555,1.251
-2.275,2.001
-2.544,2.214
-3.136,-0.899
-1.097,0.944
-1.784,1.307
-2.666,1.239
-2.683,2.123
-2.679,1.557
-2.743,2.124
-2.734,0.557
-2.762,1.964
-2.846,1.349
-2.884,1.382
-2.964,0.7
-2.996,1.922
-2.92,2.031
-3.052,1.124
3.139,0.691
1.219,-0.26
-0.072,0.869
-2.726,-0.656
3.131,0.801
2.875,0.858
1.149,-1.491
1.031,-1.361
-0.414,-1.244
0.599,2.443
1.218,-1.43
0.619,-1.606
-0.139,-3.324
-0.118,-0.868
-0.16,0.077
-0.032,-2.943
-0.333,-2.61
-0.197,-3.589
-0.334,-3.586
-0.328,-0.962
-0.396,-1.609
-0.399,-2.656
-0.642,-2.661
-0.488,0.074
-0.658,-0.797
-0.669,0.26
-0.538,-3.334
-0.697,-2.141
-0.725,-3.316
-0.91,-0.139
-0.917,-2.529
-0.896,-1.525
-0.873,-0.917
-0.876,-1.25
-1.039,-1.537
-0.949,-1.682
-1.074,-2.537
-1.057,-0.888
-1.273,-0.242
-1.347,0.266
-1.289,0.041
-1.43,-3.171
-1.386,-0.215
-1.565,-3.396
-1.732,-1.284
-1.807,-0.604
-1.82,-3.55
-1.788,-3.436
-1.787,0.288
-1.845,-1.545
-2.012,-1.017
-2.042,-3.498
-2.176,-2.405
-2.365,-1.817
-2.339,-3.724
-2.399,-3.724
-2.293,-1.17
-2.326,-1.736
-2.311,-1.045
-2.855,-2.757
-2.863,-2.532
-3.01,-1.536
-2.986,-2.702
-3.104,-2.616
-3.012,-0.951
3.119,-1.671
-3.053,-2.01
-3.053,-1.11
3.092,-2.247
-3.12,-1.915
2.964,-0.931
3.078,-3.351
2.861,-3.557
2.204,-3.724
2.321,-3.765
2.118,-3.67
1.659,-4.003
1.687,-4.074
1.424,-3.922
1.504,-3.725
1.392,-3.762
0.71,-3.933
0.776,-3.681
0.802,-3.799
0.465,-3.792
0.303,-4.031
-0.504,-3.892
-0.499,-4.101
-0.762,-3.875
-0.768,-3.896
-2.892,-3.989
2.906,-3.82
2.851,0.425
2.676,0.656
1.877,0.711
1.569,0.488
0.91,0.391
0.71,0.349
-0.294,0.477
-0.312,0.385
-0.429,0.393
-0.854,0.52
-1.257,0.389
-1.931,0.564
-2.388,0.418
-2.65,0.402
1.962,-1.569
1.578,-1.568
0.733,-2.193
-1.333,-1.568
-1.515,-0.952
-2.235,-0.202
-2.504,0.011
-3.096,-3.102
-1.057,-1.259
-1.744,-0.896
-2.626,-0.964
-2.643,-0.08
-2.639,-0.646
-2.703,-0.079
-2.694,-1.646
-2.722,-0.239
-2.806,-0.854
-2.844,-0.821
-2.924,-1.503
-2.956,-0.281
-2.88,-0.172
-3.012,-1.079
-3.104,-1.512
1.259,-2.463
-0.032,-1.334
-2.686,-2.859
-3.112,-1.402
2.915,-1.345
1.189,-3.694
1.071,-3.564
-0.374,-3.447
0.639,0.24
1.258,-3.633
0.659,-3.809
0.021,2.456
-0.021,3.401
0.107,0.381
-0.194,0.714
-0.058,-0.265
-0.195,-0.262
-0.189,2.362
-0.257,1.715
-0.26,0.668
-0.503,0.663
-0.349,3.398
-0.519,2.527
-0.53,3.584
-0.399,-0.01
-0.558,1.183
-0.586,0.008
-0.771,3.185
-0.778,0.795
-0.757,1.799
-0.734,2.407
-0.737,2.074
-0.9,1.787
-0.81,1.642
-0.935,0.787
-0.918,2.436
-1.134,3.082
-1.208,3.59
-1.15,3.365
-1.291,0.153
-1.247,3.109
-1.426,-0.072
-1.593,2.04
-1.668,2.72
-1.681,-0.226
-1.649,-0.112
-1.648,3.612
-1.706,1.779
-1.873,2.307
-1.903,-0.174
-2.037,0.919
-2.226,1.507
-2.2,-0.4
-2.26,-0.4
-2.154,2.154
-2.187,1.588
-2.172,2.279
-2.716,0.567
-2.724,0.792
-2.871,1.788
-2.847,0.622
-2.965,0.708
-2.873,2.373
-3.025,1.653
-2.914,1.314
-2.914,2.214
-3.052,1.077
-2.981,1.409
3.103,2.393
-3.066,-0.027
3.0,-0.233
2.343,-0.4
2.46,-0.441
2.257,-0.346
1.798,-0.679
1.826,-0.75
1.563,-0.598
1.643,-0.401
1.531,-0.438
0.849,-0.609
0.915,-0.357
0.941,-0.475
0.604,-0.468
0.442,-0.707
-0.365,-0.568
-0.36,-0.777
-0.623,-0.551
-0.629,-0.572
-2.753,-0.665
3.045,-0.496
2.99,3.749
2.815,3.98
2.016,4.035
1.708,3.812
1.049,3.715
0.849,3.673
-0.155,3.801
-0.173,3.709
-0.29,3.717
-0.715,3.844
-1.118,3.713
-1.792,3.888
-2.249,3.742
-2.511,3.726
2.101,1.755
1.717,1.756
0.872,1.131
-1.194,1.756
-1.376,2.372
-2.096,3.122
-2.365,3.335
-2.957,0.222
-0.918,2.065
-1.605,2.428
-2.487,2.36
-2.504,3.244
-2.5,2.678
-2.564,3.245
-2.555,1.678
-2.583,3.085
-2.667,2.47
-2.705,2.503
-2.785,1.821
-2.817,3.043
-2.741,3.152
-2.873,2.245
-2.965,1.812
1.398,0.861
0.107,1.99
-2.547,0.465
-2.973,1.922
3.054,1.979
1.328,-0.37
1.21,-0.24
-0.235,-0.123
0.778,3.564
1.397,-0.309
0.798,-0.485
-0.042,0.945
0.086,-2.075
-0.215,-1.742
-0.079,-2.721
-0.216,-2.718
-0.21,-0.094
-0.278,-0.741
-0.281,-1.788
-0.524,-1.793
-0.37,0.942
-0.54,0.071
-0.551,1.128
-0.42,-2.466
-0.579,-1.273
-0.607,-2.448
-0.792,0.729
-0.799,-1.661
-0.778,-0.657
-0.755,-0.049
-0.758,-0.382
-0.921,-0.669
-0.831,-0.814
-0.956,-1.669
-0.939,-0.02
-1.155,0.626
-1.229,1.134
-1.171,0.909
-1.312,-2.303
-1.268,0.653
-1.447,-2.528
-1.614,-0.416
-1.689,0.264
-1.702,-2.682
-1.67,-2.568
-1.669,1.156
-1.727,-0.677
-1.894,-0.149
-1.924,-2.63
-2.058,-1.537
-2.247,-0.949
-2.221,-2.856
-2.281,-2.856
-2.175,-0.302
-2.208,-0.868
-2.193,-0.177
-2.737,-1.889
-2.745,-1.664
-2.892,-0.668
-2.868,-1.834
-2.986,-1.748
-2.894,-0.083
-3.046,-0.803
-2.935,-1.142
-2.935,-0.242
-3.073,-1.379
-3.002,-1.047
3.082,-0.063
-3.087,-2.483
2.979,-2.689
2.322,-2.856
2.439,-2.897
2.236,-2.802
1.777,-3.135
1.805,-3.206
1.542,-3.054
1.622,-2.857
1.51,-2.894
0.828,-3.065
0.894,-2.813
0.92,-2.931
0.583,-2.924
0.421,-3.163
-0.386,-3.024
-0.381,-3.233
-0.644,-3.007
-0.65,-3.028
-2.774,-3.121
3.024,-2.952
2.969,1.293
2.794,1.524
1.995,1.579
1.687,1.356
1.028,1.259
0.828,1.217
-0.176,1.345
-0.194,1.253
-0.311,1.261
-0.736,1.388
-1.139,1.257
-1.813,1.432
-2.27,1.286
-2.532,1.27
2.08,-0.701
1.696,-0.7
0.851,-1.325
-1.215,-0.7
-1.397,-0.084
-2.117,0.666
-2.386,0.879
-2.978,-2.234
-0.939,-0.391
-1.626,-0.028
-2.508,-0.096
-2.525,0.788
-2.521,0.222
-2.585,0.789
-2.576,-0.778
-2.604,0.629
-2.688,0.014
-2.726,0.047
-2.806,-0.635
-2.838,0.587
-2.762,0.696
-2.894,-0.211
-2.986,-0.644
1.377,-1.595
0.086,-0.466
-2.568,-1.991
-2.994,-0.534
3.033,-0.477
1.307,-2.826
1.189,-2.696
-0.256,-2.579
0.757,1.108
1.376,-2.765
0.777,-2.941
0.128,-3.02
-0.173,-2.687
-0.037,-3.666
-0.174,-3.663
-0.168,-1.039
-0.236,-1.686
-0.239,-2.733
-0.482,-2.738
-0.328,-0.003
-0.498,-0.874
-0.509,0.183
-0.378,-3.411
-0.537,-2.218
-0.565,-3.393
-0.75,-0.216
-0.757,-2.606
-0.736,-1.602
-0.713,-0.994
-0.716,-1.327
-0.879,-1.614
-0.789,-1.759
-0.914,-2.614
-0.897,-0.965
-1.113,-0.319
-1.187,0.189
-1.129,-0.036
-1.27,-3.248
-1.226,-0.292
-1.405,-3.473
-1.572,-1.361
-1.647,-0.681
-1.66,-3.627
-1.628,-3.513
-1.627,0.211
-1.685,-1.622
-1.852,-1.094
-1.882,-3.575
-2.016,-2.482
-2.205,-1.894
-2.179,-3.801
-2.239,-3.801
-2.133,-1.247
-2.166,-1.813
-2.151,-1.122
-2.695,-2.834
-2.703,-2.609
-2.85,-1.613
-2.826,-2.779
-2.944,-2.693
-2.852,-1.028
-3.004,-1.748
-2.893,-2.087
-2.893,-1.187
-3.031,-2.324
-2.96,-1.992
3.124,-1.008
-3.045,-3.428
3.021,-3.634
2.364,-3.801
2.481,-3.842
2.278,-3.747
1.819,-4.08
1.847,-4.151
1.584,-3.999
1.664,-3.802
1.552,-3.839
0.87,-4.01
0.936,-3.758
0.962,-3.876
0.625,-3.869
0.463,-4.108
-0.344,-3.969
-0.339,-4.178
-0.602,-3.952
-0.608,-3.973
-2.732,-4.066
3.066,-3.897
3.011,0.348
2.836,0.579
2.037,0.634
1.729,0.411
1.07,0.314
0.87,0.272
-0.134,0.4
-0.152,0.308
-0.269,0.316
-0.694,0.443
-1.097,0.312
-1.771,0.487
-2.228,0.341
-2.49,0.325
2.122,-1.646
1.738,-1.645
0.893,-2.27
-1.173,-1.645
-1.355,-1.029
-2.075,-0.279
-2.344,-0.066
-2.936,-3.179
-0.897,-1.336
-1.584,-0.973
-2.466,-1.041
-2.483,-0.157
-2.479,-0.723
-2.543,-0.156
-2.534,-1.723
-2.562,-0.316
-2.646,-0.931
-2.684,-0.898
-2.764,-1.58
-2.796,-0.358
-2.72,-0.249
-2.852,-1.156
-2.944,-1.589
1.419,-2.54
0.128,-1.411
-2.526,-2.936
-2.952,-1.479
3.075,-1.422
1.349,-3.771
1.231,-3.641
-0.214,-3.524
0.799,0.163
1.418,-3.71
0.819,-3.886
-0.301,0.333
-0.165,-0.646
-0.302,-0.643
-0.296,1.981
-0.364,1.334
-0.367,0.287
-0.61,0.282
-0.456,3.017
-0.626,2.146
-0.637,3.203
-0.506,-0.391
-0.665,0.802
-0.693,-0.373
-0.878,2.804
-0.885,0.414
-0.864,1.418
-0.841,2.026
-0.844,1.693
-1.007,1.406
-0.917,1.261
-1.042,0.406
-1.025,2.055
-1.241,2.701
-1.315,3.209
-1.257,2.984
-1.398,-0.228
-1.354,2.728
-1.533,-0.453
-1.7,1.659
-1.775,2.339
-1.788,-0.607
-1.756,-0.493
-1.755,3.231
-1.813,1.398
-1.98,1.926
-2.01,-0.555
-2.144,0.538
-2.333,1.126
-2.307,-0.781
-2.367,-0.781
-2.261,1.773
-2.294,1.207
-2.279,1.898
-2.823,0.186
-2.831,0.411
-2.978,1.407
-2.954,0.241
-3.072,0.327
-2.98,1.992
-3.132,1.272
-3.021,0.933
-3.021,1.833
3.124,0.696
-3.088,1.028
2.996,2.012
3.11,-0.408
2.893,-0.614
2.236,-0.781
2.353,-0.822
2.15,-0.727
1.691,-1.06
1.719,-1.131
1.456,-0.979
1.536,-0.782
1.424,-0.819
0.742,-0.99
0.808,-0.738
0.834,-0.856
0.497,-0.849
0.335,-1.088
-0.472,-0.949
-0.467,-1.158
-0.73,-0.932
-0.736,-0.953
-2.86,-1.046
2.938,-0.877
2.883,3.368
2.708,3.599
1.909,3.654
1.601,3.431
0.942,3.334
0.742,3.292
-0.262,3.42
-0.28,3.328
-0.397,3.336
-0.822,3.463
-1.225,3.332
-1.899,3.507
-2.356,3.361
-2.618,3.345
1.994,1.374
1.61,1.375
0.765,0.75
-1.301,1.375
-1.483,1.991
-2.203,2.741
-2.472,2.954
-3.064,-0.159
-1.025,1.684
-1.712,2.047
-2.594,1.979
-2.611,2.863
-2.607,2.297
-2.671,2.864
-2.662,1.297
-2.69,2.704
-2.774,2.089
-2.812,2.122
-2.892,1.44
-2.924,2.662
-2.848,2.771
-2.98,1.864
-3.072,1.431
1.291,0.48
0.0,1.609
-2.654,0.084
-3.08,1.541
2.947,1.598
1.221,-0.751
1.103,-0.621
-0.342,-0.504
0.671,3.183
1.29,-0.69
0.691,-0.866
0.136,-0.979
-0.001,-0.976
0.005,1.648
-0.063,1.001
-0.066,-0.046
-0.309,-0.051
-0.155,2.684
-0.325,1.813
-0.336,2.87
-0.205,-0.724
-0.364,0.469
-0.392,-0.706
-0.577,2.471
-0.584,0.081
-0.563,1.085
-0.54,1.693
-0.543,1.36
-0.706,1.073
-0.616,0.928
-0.741,0.073
-0.724,1.722
-0.94,2.368
-1.014,2.876
-0.956,2.651
-1.097,-0.561
-1.053,2.395
-1.232,-0.786
-1.399,1.326
-1.474,2.006
-1.487,-0.94
-1.455,-0.826
-1.454,2.898
-1.512,1.065
-1.679,1.593
-1.709,-0.888
-1.843,0.205
-2.032,0.793
-2.006,-1.114
-2.066,-1.114
-1.96,1.44
-1.993,0.874
-1.978,1.565
-2.522,-0.147
-2.53,0.078
-2.677,1.074
-2.653,-0.092
-2.771,-0.006
-2.679,1.659
-2.831,0.939
-2.72,0.6
-2.72,1.5
-2.858,0.363
-2.787,0.695
-2.986,1.679
-2.872,-0.741
-3.089,-0.947
2.537,-1.114
2.654,-1.155
2.451,-1.06
1.992,-1.393
2.02,-1.464
1.757,-1.312
1.837,-1.115
1.725,-1.152
1.043,-1.323
1.109,-1.071
1.135,-1.189
0.798,-1.182
0.636,-1.421
-0.171,-1.282
-0.166,-1.491
-0.429,-1.265
-0.435,-1.286
-2.559,-1.379
-3.044,-1.21
-3.099,3.035
3.009,3.266
2.21,3.321
1.902,3.098
1.243,3.001
1.043,2.959
0.039,3.087
0.021,2.995
-0.096,3.003
-0.521,3.13
-0.924,2.999
-1.598,3.174
-2.055,3.028
-2.317,3.012
2.295,1.041
1.911,1.042
1.066,0.417
-1.0,1.042
-1.182,1.658
-1.902,2.408
-2.171,2.621
-2.763,-0.492
-0.724,1.351
-1.411,1.714
-2.293,1.646
-2.31,2.53
-2.306,1.964
-2.37,2.531
-2.361,0.964
-2.389,2.371
-2.473,1.756
-2.511,1.789
-2.591,1.107
-2.623,2.329
-2.547,2.438
-2.679,1.531
-2.771,1.098
1.592,0.147
0.301,1.276
-2.353,-0.249
-2.779,1.208
-3.035,1.265
1.522,-1.084
1.404,-0.954
-0.041,-0.837
0.972,2.85
1.591,-1.023
0.992,-1.199
-0.137,0.003
-0.131,2.627
-0.199,1.98
-0.202,0.933
-0.445,0.928
-0.291,3.663
-0.461,2.792
-0.472,3.849
-0.341,0.255
-0.5,1.448
-0.528,0.273
-0.713,3.45
-0.72,1.06
-0.699,2.064
-0.676,2.672
-0.679,2.339
-0.842,2.052
-0.752,1.907
-0.877,1.052
-0.86,2.701
-1.076,3.347
-1.15,3.855
-1.092,3.63
-1.233,0.418
-1.189,3.374
-1.368,0.193
-1.535,2.305
-1.61,2.985
-1.623,0.039
-1.591,0.153
-1.59,3.877
-1.648,2.044
-1.815,2.572
-1.845,0.091
-1.979,1.184
-2.168,1.772
-2.142,-0.135
-2.202,-0.135
-2.096,2.419
-2.129,1.853
-2.114,2.544
-2.658,0.832
-2.666,1.057
-2.813,2.053
-2.789,0.887
-2.907,0.973
-2.815,2.638
-2.967,1.918
-2.856,1.579
-2.856,2.479
-2.994,1.342
-2.923,1.674
-3.122,2.658
-3.008,0.238
3.058,0.032
2.401,-0.135
2.518,-0.176
2.315,-0.081
1.856,-0.414
1.884,-0.485
1.621,-0.333
1.701,-0.136
1.589,-0.173
0.907,-0.344
0.973,-0.092
0.999,-0.21
0.662,-0.203
0.5,-0.442
-0.307,-0.303
-0.302,-0.512
-0.565,-0.286
-0.571,-0.307
-2.695,-0.4
3.103,-0.231
3.048,4.014
2.873,4.245
2.074,4.3
1.766,4.077
1.107,3.98
0.907,3.938
-0.097,4.066
-0.115,3.974
-0.232,3.982
-0.657,4.109
-1.06,3.978
-1.734,4.153
-2.191,4.007
-2.453,3.991
2.159,2.02
1.775,2.021
0.93,1.396
-1.136,2.021
-1.318,2.637
-2.038,3.387
-2.307,3.6
-2.899,0.487
-0.86,2.33
-1.547,2.693
-2.429,2.625
-2.446,3.509
-2.442,2.943
-2.506,3.51
-2.497,1.943
-2.525,3.35
-2.609,2.735
-2.647,2.768
-2.727,2.086
-2.759,3.308
-2.683,3.417
-2.815,2.51
-2.907,2.077
1.456,1.126
0.165,2.255
-2.489,0.73
-2.915,2.187
3.112,2.244
1.386,-0.105
1.268,0.025
-0.177,0.142
0.836,3.829
1.455,-0.044
0.856,-0.22
0.006,2.624
-0.062,1.977
-0.065,0.93
-0.308,0.925
-0.154,3.66
-0.324,2.789
-0.335,3.846
-0.204,0.252
-0.363,1.445
-0.391,0.27
-0.576,3.447
-0.583,1.057
-0.562,2.061
-0.539,2.669
-0.542,2.336
-0.705,2.049
-0.615,1.904
-0.74,1.049
-0.723,2.698
-0.939,3.344
-1.013,3.852
-0.955,3.627
-1.096,0.415
-1.052,3.371
-1.231,0.19
-1.398,2.302
-1.473,2.982
-1.486,0.036
-1.454,0.15
-1.453,3.874
-1.511,2.041
-1.678,2.569
-1.708,0.088
-1.842,1.181
-2.031,1.769
-2.005,-0.138
-2.065,-0.138
-1.959,2.416
-1.992,1.85
-1.977,2.541
-2.521,0.829
-2.529,1.054
-2.676,2.05
-2.652,0.884
-2.77,0.97
-2.678,2.635
-2.83,1.915
-2.719,1.576
-2.719,2.476
-2.857,1.339
-2.786,1.671
-2.985,2.655
-2.871,0.235
-3.088,0.029
2.538,-0.138
2.655,-0.179
2.452,-0.084
1.993,-0.417
2.021,-0.488
1.758,-0.336
1.838,-0.139
1.726,-0.176
1.044,-0.347
1.11,-0.095
1.136,-0.213
0.799,-0.206
0.637,-0.445
-0.17,-0.306
-0.165,-0.515
-0.428,-0.289
-0.434,-0.31
-2.558,-0.403
-3.043,-0.234
-3.098,4.011
3.01,4.242
2.211,4.297
1.903,4.074
1.244,3.977
1.044,3.935
0.04,4.063
0.022,3.971
-0.095,3.979
-0.52,4.106
-0.923,3.975
-1.597,4.15
-2.054,4.004
-2.316,3.988
2.296,2.017
1.912,2.018
1.067,1.393
-0.999,2.018
-1.181,2.634
-1.901,3.384
-2.17,3.597
-2.762,0.484
-0.723,2.327
-1.41,2.69
-2.292,2.622
-2.309,3.506
-2.305,2.94
-2.369,3.507
-2.36,1.94
-2.388,3.347
-2.472,2.732
-2.51,2.765
-2.59,2.083
-2.622,3.305
-2.546,3.414
-2.678,2.507
-2.77,2.074
1.593,1.123
0.302,2.252
-2.352,0.727
-2.778,2.184
-3.034,2.241
1.523,-0.108
1.405,0.022
-0.04,0.139
0.973,3.826
1.592,-0.047
0.993,-0.223
-0.068,-0.647
-0.071,-1.694
-0.314,-1.699
-0.16,1.036
-0.33,0.165
-0.341,1.222
-0.21,-2.372
-0.369,-1.179
-0.397,-2.354
-0.582,0.823
-0.589,-1.567
-0.568,-0.563
-0.545,0.045
-0.548,-0.288
-0.711,-0.575
-0.621,-0.72
-0.746,-1.575
-0.729,0.074
-0.945,0.72
-1.019,1.228
-0.961,1.003
-1.102,-2.209
-1.058,0.747
-1.237,-2.434
-1.404,-0.322
-1.479,0.358
-1.492,-2.588
-1.46,-2.474
-1.459,1.25
-1.517,-0.583
-1.684,-0.055
-1.714,-2.536
-1.848,-1.443
-2.037,-0.855
-2.011,-2.762
-2.071,-2.762
-1.965,-0.208
-1.998,-0.774
-1.983,-0.083
-2.527,-1.795
-2.535,-1.57
-2.682,-0.574
-2.658,-1.74
-2.776,-1.654
-2.684,0.011
-2.836,-0.709
-2.725,-1.048
-2.725,-0.148
-2.863,-1.285
-2.792,-0.953
-2.991,0.031
-2.877,-2.389
-3.094,-2.595
2.532,-2.762
2.649,-2.803
2.446,-2.708
1.987,-3.041
2.015,-3.112
1.752,-2.96
1.832,-2.763
1.72,-2.8
1.038,-2.971
1.104,-2.719
1.13,-2.837
0.793,-2.83
0.631,-3.069
-0.176,-2.93
-0.171,-3.139
-0.434,-2.913
-0.44,-2.934
-2.564,-3.027
-3.049,-2.858
-3.104,1.387
3.004,1.618
2.205,1.673
1.897,1.45
1.238,1.353
1.038,1.311
0.034,1.439
0.016,1.347
-0.101,1.355
-0.526,1.482
-0.929,1.351
-1.603,1.526
-2.06,1.38
-2.322,1.364
2.29,-0.607
1.906,-0.606
1.061,-1.231
-1.005,-0.606
-1.187,0.01
-1.907,0.76
-2.176,0.973
-2.768,-2.14
-0.729,-0.297
-1.416,0.066
-2.298,-0.002
-2.315,0.882
-2.311,0.316
-2.375,0.883
-2.366,-0.684
-2.394,0.723
-2.478,0.108
-2.516,0.141
-2.596,-0.541
-2.628,0.681
-2.552,0.79
-2.684,-0.117
-2.776,-0.55
1.587,-1.501
0.296,-0.372
-2.358,-1.897
-2.784,-0.44
-3.04,-0.383
1.517,-2.732
1.399,-2.602
-0.046,-2.485
0.967,1.202
1.586,-2.671
0.987,-2.847
-0.003,-1.047
-0.246,-1.052
-0.092,1.683
-0.262,0.812
-0.273,1.869
-0.142,-1.725
-0.301,-0.532
-0.329,-1.707
-0.514,1.47
-0.521,-0.92
-0.5,0.084
-0.477,0.692
-0.48,0.359
-0.643,0.072
-0.553,-0.073
-0.678,-0.928
-0.661,0.721
-0.877,1.367
-0.951,1.875
-0.893,1.65
-1.034,-1.562
-0.99,1.394
-1.169,-1.787
-1.336,0.325
-1.411,1.005
-1.424,-1.941
-1.392,-1.827
-1.391,1.897
-1.449,0.064
-1.616,0.592
-1.646,-1.889
-1.78,-0.796
-1.969,-0.208
-1.943,-2.115
-2.003,-2.115
-1.897,0.439
-1.93,-0.127
-1.915,0.564
-2.459,-1.148
-2.467,-0.923
-2.614,0.073
-2.59,-1.093
-2.708,-1.007
-2.616,0.658
-2.768,-0.062
-2.657,-0.401
-2.657,0.499
-2.795,-0.638
-2.724,-0.306
-2.923,0.678
-2.809,-1.742
-3.026,-1.948
2.6,-2.115
2.717,-2.156
2.514,-2.061
2.055,-2.394
2.083,-2.465
1.82,-2.313
1.9,-2.116
1.788,-2.153
1.106,-2.324
1.172,-2.072
1.198,-2.19
0.861,-2.183
0.699,-2.422
-0.108,-2.283
-0.103,-2.492
-0.366,-2.266
-0.372,-2.287
-2.496,-2.38
-2.981,-2.211
-3.036,2.034
3.072,2.265
2.273,2.32
1.965,2.097
1.306,2.0
1.106,1.958
0.102,2.086
0.084,1.994
-0.033,2.002
-0.458,2.129
-0.861,1.998
-1.535,2.173
-1.992,2.027
-2.254,2.011
2.358,0.04
1.974,0.041
1.129,-0.584
-0.937,0.041
-1.119,0.657
-1.839,1.407
-2.108,1.62
-2.7,-1.493
-0.661,0.35
-1.348,0.713
-2.23,0.645
-2.247,1.529
-2.243,0.963
-2.307,1.53
-2.298,-0.037
-2.326,1.37
-2.41,0.755
-2.448,0.788
-2.528,0.106
-2.56,1.328
-2.484,1.437
-2.616,0.53
-2.708,0.097
1.655,-0.854
0.364,0.275
-2.29,-1.25
-2.716,0.207
-2.972,0.264
1.585,-2.085
1.467,-1.955
0.022,-1.838
1.035,1.849
1.654,-2.024
1.055,-2.2
-0.243,-0.005
-0.089,2.73
-0.259,1.859
-0.27,2.916
-0.139,-0.678
-0.298,0.515
-0.326,-0.66
-0.511,2.517
-0.518,0.127
-0.497,1.131
-0.474,1.739
-0.477,1.406
-0.64,1.119
-0.55,0.974
-0.675,0.119
-0.658,1.768
-0.874,2.414
-0.948,2.922
-0.89,2.697
-1.031,-0.515
-0.987,2.441
-1.166,-0.74
-1.333,1.372
-1.408,2.052
-1.421,-0.894
-1.389,-0.78
-1.388,2.944
-1.446,1.111
-1.613,1.639
-1.643,-0.842
-1.777,0.251
-1.966,0.839
-1.94,-1.068
-2.0,-1.068
-1.894,1.486
-1.927,0.92
-1.912,1.611
-2.456,-0.101
-2.464,0.124
-2.611,1.12
-2.587,-0.046
-2.705,0.04
-2.613,1.705
-2.765,0.985
-2.654,0.646
-2.654,1.546
-2.792,0.409
-2.721,0.741
-2.92,1.725
-2.806,-0.695
-3.023,-0.901
2.603,-1.068
2.72,-1.109
2.517,-1.014
2.058,-1.347
2.086,-1.418
1.823,-1.266
1.903,-1.069
1.791,-1.106
1.109,-1.277
1.175,-1.025
1.201,-1.143
0.864,-1.136
0.702,-1.375
-0.105,-1.236
-0.1,-1.445
-0.363,-1.219
-0.369,-1.24
-2.493,-1.333
-2.978,-1.164
-3.033,3.081
3.075,3.312
2.276,3.367
1.968,3.144
1.309,3.047
1.109,3.005
0.105,3.133
0.087,3.041
-0.03,3.049
-0.455,3.176
-0.858,3.045
-1.532,3.22
-1.989,3.074
-2.251,3.058
2.361,1.087
1.977,1.088
1.132,0.463
-0.934,1.088
-1.116,1.704
-1.836,2.454
-2.105,2.667
-2.697,-0.446
-0.658,1.397
-1.345,1.76
-2.227,1.692
-2.244,2.576
-2.24,2.01
-2.304,2.577
-2.295,1.01
-2.323,2.417
-2.407,1.802
-2.445,1.835
-2.525,1.153
-2.557,2.375
-2.481,2.484
-2.613,1.577
-2.705,1.144
1.658,0.193
0.367,1.322
-2.287,-0.203
-2.713,1.254
-2.969,1.311
1.588,-1.038
1.47,-0.908
0.025,-0.791
1.038,2.896
1.657,-0.977
1.058,-1.153
0.154,2.735
-0.016,1.864
-0.027,2.921
0.104,-0.673
-0.055,0.52
-0.083,-0.655
-0.268,2.522
-0.275,0.132
-0.254,1.136
-0.231,1.744
-0.234,1.411
-0.397,1.124
-0.307,0.979
-0.432,0.124
-0.415,1.773
-0.631,2.419
-0.705,2.927
-0.647,2.702
-0.788,-0.51
-0.744,2.446
-0.923,-0.735
-1.09,1.377
-1.165,2.057
-1.178,-0.889
-1.146,-0.775
-1.145,2.949
-1.203,1.116
-1.37,1.644
-1.4,-0.837
-1.534,0.256
-1.723,0.844
-1.697,-1.063
-1.757,-1.063
-1.651,1.491
-1.684,0.925
-1.669,1.616
-2.213,-0.096
-2.221,0.129
-2.368,1.125
-2.344,-0.041
-2.462,0.045
-2.37,1.71
-2.522,0.99
-2.411,0.651
-2.411,1.551
-2.549,0.414
-2.478,0.746
-2.677,1.73
-2.563,-0.69
-2.78,-0.896
2.846,-1.063
2.963,-1.104
2.76,-1.009
2.301,-1.342
2.329,-1.413
2.066,-1.261
2.146,-1.064
2.034,-1.101
1.352,-1.272
1.418,-1.02
1.444,-1.138
1.107,-1.131
0.945,-1.37
0.138,-1.231
0.143,-1.44
-0.12,-1.214
-0.126,-1.235
-2.25,-1.328
-2.735,-1.159
-2.79,3.086
-2.965,3.317
2.519,3.372
2.211,3.149
1.552,3.052
1.352,3.01
0.348,3.138
0.33,3.046
0.213,3.054
-0.212,3.181
-0.615,3.05
-1.289,3.225
-1.746,3.079
-2.008,3.063
2.604,1.092
2.22,1.093
1.375,0.468
-0.691,1.093
-0.873,1.709
-1.593,2.459
-1.862,2.672
-2.454,-0.441
-0.415,1.402
-1.102,1.765
-1.984,1.697
-2.001,2.581
-1.997,2.015
-2.061,2.582
-2.052,1.015
-2.08,2.422
-2.164,1.807
-2.202,1.84
-2.282,1.158
-2.314,2.38
-2.238,2.489
-2.37,1.582
-2.462,1.149
1.901,0.198
0.61,1.327
-2.044,-0.198
-2.47,1.259
-2.726,1.316
1.831,-1.033
1.713,-0.903
0.268,-0.786
1.281,2.901
1.9,-0.972
1.301,-1.148
-0.17,-0.871
-0.181,0.186
-0.05,-3.408
-0.209,-2.215
-0.237,-3.39
-0.422,-0.213
-0.429,-2.603
-0.408,-1.599
-0.385,-0.991
-0.388,-1.324
-0.551,-1.611
-0.461,-1.756
-0.586,-2.611
-0.569,-0.962
-0.785,-0.316
-0.859,0.192
-0.801,-0.033
-0.942,-3.245
-0.898,-0.289
-1.077,-3.47
-1.244,-1.358
-1.319,-0.678
-1.332,-3.624
-1.3,-3.51
-1.299,0.214
-1.357,-1.619
-1.524,-1.091
-1.554,-3.572
-1.688,-2.479
-1.877,-1.891
-1.851,-3.798
-1.911,-3.798
-1.805,-1.244
-1.838,-1.81
-1.823,-1.119
-2.367,-2.831
-2.375,-2.606
-2.522,-1.61
-2.498,-2.776
-2.616,-2.69
-2.524,-1.025
-2.676,-1.745
-2.565,-2.084
-2.565,-1.184
-2.703,-2.321
-2.632,-1.989
-2.831,-1.005
-2.717,-3.425
-2.934,-3.631
2.692,-3.798
2.809,-3.839
2.606,-3.744
2.147,-4.077
2.175,-4.148
1.912,-3.996
1.992,-3.799
1.88,-3.836
1.198,-4.007
1.264,-3.755
1.29,-3.873
0.953,-3.866
0.791,-4.105
-0.016,-3.966
-0.011,-4.175
-0.274,-3.949
-0.28,-3.97
-2.404,-4.063
-2.889,-3.894
-2.944,0.351
-3.119,0.582
2.365,0.637
2.057,0.414
1.398,0.317
1.198,0.275
0.194,0.403
0.176,0.311
0.059,0.319
-0.366,0.446
-0.769,0.315
-1.443,0.49
-1.9,0.344
-2.162,0.328
2.45,-1.643
2.066,-1.642
1.221,-2.267
-0.845,-1.642
-1.027,-1.026
-1.747,-0.276
-2.016,-0.063
-2.608,-3.176
-0.569,-1.333
-1.256,-0.97
-2.138,-1.038
-2.155,-0.154
-2.151,-0.72
-2.215,-0.153
-2.206,-1.72
-2.234,-0.313
-2.318,-0.928
-2.356,-0.895
-2.436,-1.577
-2.468,-0.355
-2.392,-0.246
-2.524,-1.153
-2.616,-1.586
1.747,-2.537
0.456,-1.408
-2.198,-2.933
-2.624,-1.476
-2.88,-1.419
1.677,-3.768
1.559,-3.638
0.114,-3.521
1.127,0.166
1.746,-3.707
1.147,-3.883
-0.011,1.057
0.12,-2.537
-0.039,-1.344
-0.067,-2.519
-0.252,0.658
-0.259,-1.732
-0.238,-0.728
-0.215,-0.12
-0.218,-0.453
-0.381,-0.74
-0.291,-0.885
-0.416,-1.74
-0.399,-0.091
-0.615,0.555
-0.689,1.063
-0.631,0.838
-0.772,-2.374
-0.728,0.582
-0.907,-2.599
-1.074,-0.487
-1.149,0.193
-1.162,-2.753
-1.13,-2.639
-1.129,1.085
-1.187,-0.748
-1.354,-0.22
-1.384,-2.701
-1.518,-1.608
-1.707,-1.02
-1.681,-2.927
-1.741,-2.927
-1.635,-0.373
-1.668,-0.939
-1.653,-0.248
-2.197,-1.96
-2.205,-1.735
-2.352,-0.739
-2.328,-1.905
-2.446,-1.819
-2.354,-0.154
-2.506,-0.874
-2.395,-1.213
-2.395,-0.313
-2.533,-1.45
-2.462,-1.118
-2.661,-0.134
-2.547,-2.554
-2.764,-2.76
2.862,-2.927
2.979,-2.968
2.776,-2.873
2.317,-3.206
2.345,-3.277
2.082,-3.125
2.162,-2.928
2.05,-2.965
1.368,-3.136
1.434,-2.884
1.46,-3.002
1.123,-2.995
0.961,-3.234
0.154,-3.095
0.159,-3.304
-0.104,-3.078
-0.11,-3.099
-2.234,-3.192
-2.719,-3.023
-2.774,1.222
-2.949,1.453
2.535,1.508
2.227,1.285
1.568,1.188
1.368,1.146
0.364,1.274
0.346,1.182
0.229,1.19
-0.196,1.317
-0.599,1.186
-1.273,1.361
-1.73,1.215
-1.992,1.199
2.62,-0.772
2.236,-0.771
1.391,-1.396
-0.675,-0.771
-0.857,-0.155
-1.577,0.595
-1.846,0.808
-2.438,-2.305
-0.399,-0.462
-1.086,-0.099
-1.968,-0.167
-1.985,0.717
-1.981,0.151
-2.045,0.718
-2.036,-0.849
-2.064,0.558
-2.148,-0.057
-2.186,-0.024
-2.266,-0.706
-2.298,0.516
-2.222,0.625
-2.354,-0.282
-2.446,-0.715
1.917,-1.666
0.626,-0.537
-2.028,-2.062
-2.454,-0.605
-2.71,-0.548
1.847,-2.897
1.729,-2.767
0.284,-2.65
1.297,1.037
1.916,-2.836
1.317,-3.012
0.131,-3.594
-0.028,-2.401
-0.056,-3.576
-0.241,-0.399
-0.248,-2.789
-0.227,-1.785
-0.204,-1.177
-0.207,-1.51
-0.37,-1.797
-0.28,-1.942
-0.405,-2.797
-0.388,-1.148
-0.604,-0.502
-0.678,0.006
-0.62,-0.219
-0.761,-3.431
-0.717,-0.475
-0.896,-3.656
-1.063,-1.544
-1.138,-0.864
-1.151,-3.81
-1.119,-3.696
-1.118,0.028
-1.176,-1.805
-1.343,-1.277
-1.373,-3.758
-1.507,-2.665
-1.696,-2.077
-1.67,-3.984
-1.73,-3.984
-1.624,-1.43
-1.657,-1.996
-1.642,-1.305
-2.186,-3.017
-2.194,-2.792
-2.341,-1.796
-2.317,-2.962
-2.435,-2.876
-2.343,-1.211
-2.495,-1.931
-2.384,-2.27
-2.384,-1.37
-2.522,-2.507
-2.451,-2.175
-2.65,-1.191
-2.536,-3.611
-2.753,-3.817
2.873,-3.984
2.99,-4.025
2.787,-3.93
2.328,-4.263
2.356,-4.334
2.093,-4.182
2.173,-3.985
2.061,-4.022
1.379,-4.193
1.445,-3.941
1.471,-4.059
1.134,-4.052
0.972,-4.291
0.165,-4.152
0.17,-4.361
-0.093,-4.135
-0.099,-4.156
-2.223,-4.249
-2.708,-4.08
-2.763,0.165
-2.938,0.396
2.546,0.451
2.238,0.228
1.579,0.131
1.379,0.089
0.375,0.217
0.357,0.125
0.24,0.133
-0.185,0.26
-0.588,0.129
-1.262,0.304
-1.719,0.158
-1.981,0.142
2.631,-1.829
2.247,-1.828
1.402,-2.453
-0.664,-1.828
-0.846,-1.212
-1.566,-0.462
-1.835,-0.249
-2.427,-3.362
-0.388,-1.519
-1.075,-1.156
-1.957,-1.224
-1.974,-0.34
-1.97,-0.906
-2.034,-0.339
-2.025,-1.906
-2.053,-0.499
-2.137,-1.114
-2.175,-1.081
-2.255,-1.763
-2.287,-0.541
-2.211,-0.432
-2.343,-1.339
-2.435,-1.772
1.928,-2.723
0.637,-1.594
-2.017,-3.119
-2.443,-1.662
-2.699,-1.605
1.858,-3.954
1.74,-3.824
0.295,-3.707
1.308,-0.02
1.927,-3.893
1.328,-4.069
-0.159,1.193
-0.187,0.018
-0.372,3.195
-0.379,0.805
-0.358,1.809
-0.335,2.417
-0.338,2.084
-0.501,1.797
-0.411,1.652
-0.536,0.797
-0.519,2.446
-0.735,3.092
-0.809,3.6
-0.751,3.375
-0.892,0.163
-0.848,3.119
-1.027,-0.062
-1.194,2.05
-1.269,2.73
-1.282,-0.216
-1.25,-0.102
-1.249,3.622
-1.307,1.789
-1.474,2.317
-1.504,-0.164
-1.638,0.929
-1.827,1.517
-1.801,-0.39
-1.861,-0.39
-1.755,2.164
-1.788,1.598
-1.773,2.289
-2.317,0.577
-2.325,0.802
-2.472,1.798
-2.448,0.632
-2.566,0.718
-2.474,2.383
-2.626,1.663
-2.515,1.324
-2.515,2.224
-2.653,1.087
-2.582,1.419
-2.781,2.403
-2.667,-0.017
-2.884,-0.223
2.742,-0.39
2.859,-0.431
2.656,-0.336
2.197,-0.669
2.225,-0.74
1.962,-0.588
2.042,-0.391
1.93,-0.428
1.248,-0.599
1.314,-0.347
1.34,-0.465
1.003,-0.458
0.841,-0.697
0.034,-0.558
0.039,-0.767
-0.224,-0.541
-0.23,-0.562
-2.354,-0.655
-2.839,-0.486
-2.894,3.759
-3.069,3.99
2.415,4.045
2.107,3.822
1.448,3.725
1.248,3.683
0.244,3.811
0.226,3.719
0.109,3.727
-0.316,3.854
-0.719,3.723
-1.393,3.898
-1.85,3.752
-2.112,3.736
2.5,1.765
2.116,1.766
1.271,1.141
-0.795,1.766
-0.977,2.382
-1.697,3.132
-1.966,3.345
-2.558,0.232
-0.519,2.075
-1.206,2.438
-2.088,2.37
-2.105,3.254
-2.101,2.688
-2.165,3.255
-2.156,1.688
-2.184,3.095
-2.268,2.48
-2.306,2.513
-2.386,1.831
-2.418,3.053
-2.342,3.162
-2.474,2.255
-2.566,1.822
1.797,0.871
0.506,2.0
-2.148,0.475
-2.574,1.932
-2.83,1.989
1.727,-0.36
1.609,-0.23
0.164,-0.113
1.177,3.574
1.796,-0.299
1.197,-0.475
-0.028,-1.175
-0.213,2.002
-0.22,-0.388
-0.199,0.616
-0.176,1.224
-0.179,0.891
-0.342,0.604
-0.252,0.459
-0.377,-0.396
-0.36,1.253
-0.576,1.899
-0.65,2.407
-0.592,2.182
-0.733,-1.03
-0.689,1.926
-0.868,-1.255
-1.035,0.857
-1.11,1.537
-1.123,-1.409
-1.091,-1.295
-1.09,2.429
-1.148,0.596
-1.315,1.124
-1.345,-1.357
-1.479,-0.264
-1.668,0.324
-1.642,-1.583
-1.702,-1.583
-1.596,0.971
-1.629,0.405
-1.614,1.096
-2.158,-0.616
-2.166,-0.391
-2.313,0.605
-2.289,-0.561
-2.407,-0.475
-2.315,1.19
-2.467,0.47
-2.356,0.131
-2.356,1.031
-2.494,-0.106
-2.423,0.226
-2.622,1.21
-2.508,-1.21
-2.725,-1.416
2.901,-1.583
3.018,-1.624
2.815,-1.529
2.356,-1.862
2.384,-1.933
2.121,-1.781
2.201,-1.584
2.089,-1.621
1.407,-1.792
1.473,-1.54
1.499,-1.658
1.162,-1.651
1.0,-1.89
0.193,-1.751
0.198,-1.96
-0.065,-1.734
-0.071,-1.755
-2.195,-1.848
-2.68,-1.679
-2.735,2.566
-2.91,2.797
2.574,2.852
2.266,2.629
1.607,2.532
1.407,2.49
0.403,2.618
0.385,2.526
0.268,2.534
-0.157,2.661
-0.56,2.53
-1.234,2.705
-1.691,2.559
-1.953,2.543
2.659,0.572
2.275,0.573
1.43,-0.052
-0.636,0.573
-0.818,1.189
-1.538,1.939
-1.807,2.152
-2.399,-0.961
-0.36,0.882
-1.047,1.245
-1.929,1.177
-1.946,2.061
-1.942,1.495
-2.006,2.062
-1.997,0.495
-2.025,1.902
-2.109,1.287
-2.147,1.32
-2.227,0.638
-2.259,1.86
-2.183,1.969
-2.315,1.062
-2.407,0.629
1.956,-0.322
0.665,0.807
-1.989,-0.718
-2.415,0.739
-2.671,0.796
1.886,-1.553
1.768,-1.423
0.323,-1.306
1.336,2.381
1.955,-1.492
1.356,-1.668
-0.185,3.177
-0.192,0.787
-0.171,1.791
-0.148,2.399
-0.151,2.066
-0.314,1.779
-0.224,1.634
-0.349,0.779
-0.332,2.428
-0.548,3.074
-0.622,3.582
-0.564,3.357
-0.705,0.145
-0.661,3.101
-0.84,-0.08
-1.007,2.032
-1.082,2.712
-1.095,-0.234
-1.063,-0.12
-1.062,3.604
-1.12,1.771
-1.287,2.299
-1.317,-0.182
-1.451,0.911
-1.64,1.499
-1.614,-0.408
-1.674,-0.408
-1.568,2.146
-1.601,1.58
-1.586,2.271
-2.13,0.559
-2.138,0.784
-2.285,1.78
-2.261,0.614
-2.379,0.7
-2.287,2.365
-2.439,1.645
-2.328,1.306
-2.328,2.206
-2.466,1.069
-2.395,1.401
-2.594,2.385
-2.48,-0.035
-2.697,-0.241
2.929,-0.408
3.046,-0.449
2.843,-0.354
2.384,-0.687
2.412,-0.758
2.149,-0.606
2.229,-0.409
2.117,-0.446
1.435,-0.617
1.501,-0.365
1.527,-0.483
1.19,-0.476
1.028,-0.715
0.221,-0.576
0.226,-0.785
-0.037,-0.559
-0.043,-0.58
-2.167,-0.673
-2.652,-0.504
-2.707,3.741
-2.882,3.972
2.602,4.027
2.294,3.804
1.635,3.707
1.435,3.665
0.431,3.793
0.413,3.701
0.296,3.709
-0.129,3.836
-0.532,3.705
-1.206,3.88
-1.663,3.734
-1.925,3.718
2.687,1.747
2.303,1.748
1.458,1.123
-0.608,1.748
-0.79,2.364
-1.51,3.114
-1.779,3.327
-2.371,0.214
-0.332,2.057
-1.019,2.42
-1.901,2.352
-1.918,3.236
-1.914,2.67
-1.978,3.237
-1.969,1.67
-1.997,3.077
-2.081,2.462
-2.119,2.495
-2.199,1.813
-2.231,3.035
-2.155,3.144
-2.287,2.237
-2.379,1.804
1.984,0.853
0.693,1.982
-1.961,0.457
-2.387,1.914
-2.643,1.971
1.914,-0.378
1.796,-0.248
0.351,-0.131
1.364,3.556
1.983,-0.317
1.384,-0.493
-0.007,-2.39
0.014,-1.386
0.037,-0.778
0.034,-1.111
-0.129,-1.398
-0.039,-1.543
-0.164,-2.398
-0.147,-0.749
-0.363,-0.103
-0.437,0.405
-0.379,0.18
-0.52,-3.032
-0.476,-0.076
-0.655,-3.257
-0.822,-1.145
-0.897,-0.465
-0.91,-3.411
-0.878,-3.297
-0.877,0.427
-0.935,-1.406
-1.102,-0.878
-1.132,-3.359
-1.266,-2.266
-1.455,-1.678
-1.429,-3.585
-1.489,-3.585
-1.383,-1.031
-1.416,-1.597
-1.401,-0.906
-1.945,-2.618
-1.953,-2.393
-2.1,-1.397
-2.076,-2.563
-2.194,-2.477
-2.102,-0.812
-2.254,-1.532
-2.143,-1.871
-2.143,-0.971
-2.281,-2.108
-2.21,-1.776
-2.409,-0.792
-2.295,-3.212
-2.512,-3.418
3.114,-3.585
-3.052,-3.626
3.028,-3.531
2.569,-3.864
2.597,-3.935
2.334,-3.783
2.414,-3.586
2.302,-3.623
1.62,-3.794
1.686,-3.542
1.712,-3.66
1.375,-3.653
1.213,-3.892
0.406,-3.753
0.411,-3.962
0.148,-3.736
0.142,-3.757
-1.982,-3.85
-2.467,-3.681
-2.522,0.564
-2.697,0.795
2.787,0.85
2.479,0.627
1.82,0.53
1.62,0.488
0.616,0.616
0.598,0.524
0.481,0.532
0.056,0.659
-0.347,0.528
-1.021,0.703
-1.478,0.557
-1.74,0.541
2.872,-1.43
2.488,-1.429
1.643,-2.054
-0.423,-1.429
-0.605,-0.813
-1.325,-0.063
-1.594,0.15
-2.186,-2.963
-0.147,-1.12
-0.834,-0.757
-1.716,-0.825
-1.733,0.059
-1.729,-0.507
-1.793,0.06
-1.784,-1.507
-1.812,-0.1
-1.896,-0.715
-1.934,-0.682
-2.014,-1.364
-2.046,-0.142
-1.97,-0.033
-2.102,-0.94
-2.194,-1.373
2.169,-2.324
0.878,-1.195
-1.776,-2.72
-2.202,-1.263
-2.458,-1.206
2.099,-3.555
1.981,-3.425
0.536,-3.308
1.549,0.379
2.168,-3.494
1.569,-3.67
0.021,1.004
0.044,1.612
0.041,1.279
-0.122,0.992
-0.032,0.847
-0.157,-0.008
-0.14,1.641
-0.356,2.287
-0.43,2.795
-0.372,2.57
-0.513,-0.642
-0.469,2.314
-0.648,-0.867
-0.815,1.245
-0.89,1.925
-0.903,-1.021
-0.871,-0.907
-0.87,2.817
-0.928,0.984
-1.095,1.512
-1.125,-0.969
-1.259,0.124
-1.448,0.712
-1.422,-1.195
-1.482,-1.195
-1.376,1.359
-1.409,0.793
-1.394,1.484
-1.938,-0.228
-1.946,-0.003
-2.093,0.993
-2.069,-0.173
-2.187,-0.087
-2.095,1.578
-2.247,0.858
-2.136,0.519
-2.136,1.419
-2.274,0.282
-2.203,0.614
-2.402,1.598
-2.288,-0.822
-2.505,-1.028
3.121,-1.195
-3.045,-1.236
3.035,-1.141
2.576,-1.474
2.604,-1.545
2.341,-1.393
2.421,-1.196
2.309,-1.233
1.627,-1.404
1.693,-1.152
1.719,-1.27
1.382,-1.263
1.22,-1.502
0.413,-1.363
0.418,-1.572
0.155,-1.346
0.149,-1.367
-1.975,-1.46
-2.46,-1.291
-2.515,2.954
-2.69,3.185
2.794,3.24
2.486,3.017
1.827,2.92
1.627,2.878
0.623,3.006
0.605,2.914
0.488,2.922
0.063,3.049
-0.34,2.918
-1.014,3.093
-1.471,2.947
-1.733,2.931
2.879,0.96
2.495,0.961
1.65,0.336
-0.416,0.961
-0.598,1.577
-1.318,2.327
-1.587,2.54
-2.179,-0.573
-0.14,1.27
-0.827,1.633
-1.709,1.565
-1.726,2.449
-1.722,1.883
-1.786,2.45
-1.777,0.883
-1.805,2.29
-1.889,1.675
-1.927,1.708
-2.007,1.026
-2.039,2.248
-1.963,2.357
-2.095,1.45
-2.187,1.017
2.176,0.066
0.885,1.195
-1.769,-0.33
-2.195,1.127
-2.451,1.184
2.106,-1.165
1.988,-1.035
0.543,-0.918
1.556,2.769
2.175,-1.104
1.576,-1.28
0.023,0.608
0.02,0.275
-0.143,-0.012
-0.053,-0.157
-0.178,-1.012
-0.161,0.637
-0.377,1.283
-0.451,1.791
-0.393,1.566
-0.534,-1.646
-0.49,1.31
-0.669,-1.871
-0.836,0.241
-0.911,0.921
-0.924,-2.025
-0.892,-1.911
-0.891,1.813
-0.949,-0.02
-1.116,0.508
-1.146,-1.973
-1.28,-0.88
-1.469,-0.292
-1.443,-2.199
-1.503,-2.199
-1.397,0.355
-1.43,-0.211
-1.415,0.48
-1.959,-1.232
-1.967,-1.007
-2.114,-0.011
-2.09,-1.177
-2.208,-1.091
-2.116,0.574
-2.268,-0.146
-2.157,-0.485
-2.157,0.415
-2.295,-0.722
-2.224,-0.39
-2.423,0.594
-2.309,-1.826
-2.526,-2.032
3.1,-2.199
-3.066,-2.24
3.014,-2.145
2.555,-2.478
2.583,-2.549
2.32,-2.397
2.4,-2.2
2.288,-2.237
1.606,-2.408
1.672,-2.156
1.698,-2.274
1.361,-2.267
1.199,-2.506
0.392,-2.367
0.397,-2.576
0.134,-2.35
0.128,-2.371
-1.996,-2.464
-2.481,-2.295
-2.536,1.95
-2.711,2.181
2.773,2.236
2.465,2.013
1.806,1.916
1.606,1.874
0.602,2.002
0.584,1.91
0.467,1.918
0.042,2.045
-0.361,1.914
-1.035,2.089
-1.492,1.943
-1.754,1.927
2.858,-0.044
2.474,-0.043
1.629,-0.668
-0.437,-0.043
-0.619,0.573
-1.339,1.323
-1.608,1.536
-2.2,-1.577
-0.161,0.266
-0.848,0.629
-1.73,0.561
-1.747,1.445
-1.743,0.879
-1.807,1.446
-1.798,-0.121
-1.826,1.286
-1.91,0.671
-1.948,0.704
-2.028,0.022
-2.06,1.244
-1.984,1.353
-2.116,0.446
-2.208,0.013
2.155,-0.938
0.864,0.191
-1.79,-1.334
-2.216,0.123
-2.472,0.18
2.085,-2.169
1.967,-2.039
0.522,-1.922
1.535,1.765
2.154,-2.108
1.555,-2.284
-0.003,-0.333
-0.166,-0.62
-0.076,-0.765
-0.201,-1.62
-0.184,0.029
-0.4,0.675
-0.474,1.183
-0.416,0.958
-0.557,-2.254
-0.513,0.702
-0.692,-2.479
-0.859,-0.367
-0.934,0.313
-0.947,-2.633
-0.915,-2.519
-0.914,1.205
-0.972,-0.628
-1.139,-0.1
-1.169,-2.581
-1.303,-1.488
-1.492,-0.9
-1.466,-2.807
-1.526,-2.807
-1.42,-0.253
-1.453,-0.819
-1.438,-0.128
-1.982,-1.84
-1.99,-1.615
-2.137,-0.619
-2.113,-1.785
-2.231,-1.699
-2.139,-0.034
-2.291,-0.754
-2.18,-1.093
-2.18,-0.193
-2.318,-1.33
-2.247,-0.998
-2.446,-0.014
-2.332,-2.434
-2.549,-2.64
3.077,-2.807
-3.089,-2.848
2.991,-2.753
2.532,-3.086
2.56,-3.157
2.297,-3.005
2.377,-2.808
2.265,-2.845
1.583,-3.016
1.649,-2.764
1.675,-2.882
1.338,-2.875
1.176,-3.114
0.369,-2.975
0.374,-3.184
0.111,-2.958
0.105,-2.979
-2.019,-3.072
-2.504,-2.903
-2.559,1.342
-2.734,1.573
2.75,1.628
2.442,1.405
1.783,1.308
1.583,1.266
0.579,1.394
0.561,1.302
0.444,1.31
0.019,1.437
-0.384,1.306
-1.058,1.481
-1.515,1.335
-1.777,1.319
2.835,-0.652
2.451,-0.651
1.606,-1.276
-0.46,-0.651
-0.642,-0.035
-1.362,0.715
-1.631,0.928
-2.223,-2.185
-0.184,-0.342
-0.871,0.021
-1.753,-0.047
-1.77,0.837
-1.766,0.271
-1.83,0.838
-1.821,-0.729
-1.849,0.678
-1.933,0.063
-1.971,0.096
-2.051,-0.586
-2.083,0.636
-2.007,0.745
-2.139,-0.162
-2.231,-0.595
2.132,-1.546
0.841,-0.417
-1.813,-1.942
-2.239,-0.485
-2.495,-0.428
2.062,-2.777
1.944,-2.647
0.499,-2.53
1.512,1.157
2.131,-2.716
1.532,-2.892
-0.163,-0.287
-0.073,-0.432
-0.198,-1.287
-0.181,0.362
-0.397,1.008
-0.471,1.516
-0.413,1.291
-0.554,-1.921
-0.51,1.035
-0.689,-2.146
-0.856,-0.034
-0.931,0.646
-0.944,-2.3
-0.912,-2.186
-0.911,1.538
-0.969,-0.295
-1.136,0.233
-1.166,-2.248
-1.3,-1.155
-1.489,-0.567
-1.463,-2.474
-1.523,-2.474
-1.417,0.08
-1.45,-0.486
-1.435,0.205
-1.979,-1.507
-1.987,-1.282
-2.134,-0.286
-2.11,-1.452
-2.228,-1.366
-2.136,0.299
-2.288,-0.421
-2.177,-0.76
-2.177,0.14
-2.315,-0.997
-2.244,-0.665
-2.443,0.319
-2.329,-2.101
-2.546,-2.307
3.08,-2.474
-3.086,-2.515
2.994,-2.42
2.535,-2.753
2.563,-2.824
2.3,-2.672
2.38,-2.475
2.268,-2.512
1.586,-2.683
1.652,-2.431
1.678,-2.549
1.341,-2.542
1.179,-2.781
0.372,-2.642
0.377,-2.851
0.114,-2.625
0.108,-2.646
-2.016,-2.739
-2.501,-2.57
-2.556,1.675
-2.731,1.906
2.753,1.961
2.445,1.738
1.786,1.641
1.586,1.599
0.582,1.727
0.564,1.635
0.447,1.643
0.022,1.77
-0.381,1.639
-1.055,1.814
-1.512,1.668
-1.774,1.652
2.838,-0.319
2.454,-0.318
1.609,-0.943
-0.457,-0.318
-0.639,0.298
-1.359,1.048
-1.628,1.261
-2.22,-1.852
-0.181,-0.009
-0.868,0.354
-1.75,0.286
-1.767,1.17
-1.763,0.604
-1.827,1.171
-1.818,-0.396
-1.846,1.011
-1.93,0.396
-1.968,0.429
-2.048,-0.253
-2.08,0.969
-2.004,1.078
-2.136,0.171
-2.228,-0.262
2.135,-1.213
0.844,-0.084
-1.81,-1.609
-2.236,-0.152
-2.492,-0.095
2.065,-2.444
1.947,-2.314
0.502,-2.197
1.515,1.49
2.134,-2.383
1.535,-2.559
0.09,-0.145
-0.035,-1.0
-0.018,0.649
-0.234,1.295
-0.308,1.803
-0.25,1.578
-0.391,-1.634
-0.347,1.322
-0.526,-1.859
-0.693,0.253
-0.768,0.933
-0.781,-2.013
-0.749,-1.899
-0.748,1.825
-0.806,-0.008
-0.973,0.52
-1.003,-1.961
-1.137,-0.868
-1.326,-0.28
-1.3,-2.187
-1.36,-2.187
-1.254,0.367
-1.287,-0.199
-1.272,0.492
-1.816,-1.22
-1.824,-0.995
-1.971,0.001
-1.947,-1.165
-2.065,-1.079
-1.973,0.586
-2.125,-0.134
-2.014,-0.473
-2.014,0.427
-2.152,-0.71
-2.081,-0.378
-2.28,0.606
-2.166,-1.814
-2.383,-2.02
-3.04,-2.187
-2.923,-2.228
-3.126,-2.133
2.698,-2.466
2.726,-2.537
2.463,-2.385
2.543,-2.188
2.431,-2.225
1.749,-2.396
1.815,-2.144
1.841,-2.262
1.504,-2.255
1.342,-2.494
0.535,-2.355
0.54,-2.564
0.277,-2.338
0.271,-2.359
-1.853,-2.452
-2.338,-2.283
-2.393,1.962
-2.568,2.193
2.916,2.248
2.608,2.025
1.949,1.928
1.749,1.886
0.745,2.014
0.727,1.922
0.61,1.93
0.185,2.057
-0.218,1.926
-0.892,2.101
-1.349,1.955
-1.611,1.939
3.001,-0.032
2.617,-0.031
1.772,-0.656
-0.294,-0.031
-0.476,0.585
-1.196,1.335
-1.465,1.548
-2.057,-1.565
-0.018,0.278
-0.705,0.641
-1.587,0.573
-1.604,1.457
-1.6,0.891
-1.664,1.458
-1.655,-0.109
-1.683,1.298
-1.767,0.683
-1.805,0.716
-1.885,0.034
-1.917,1.256
-1.841,1.365
-1.973,0.458
-2.065,0.025
2.298,-0.926
1.007,0.203
-1.647,-1.322
-2.073,0.135
-2.329,0.192
2.228,-2.157
2.11,-2.027
0.665,-1.91
1.678,1.777
2.297,-2.096
1.698,-2.272
-0.125,-0.855
-0.108,0.794
-0.324,1.44
-0.398,1.948
-0.34,1.723
-0.481,-1.489
-0.437,1.467
-0.616,-1.714
-0.783,0.398
-0.858,1.078
-0.871,-1.868
-0.839,-1.754
-0.838,1.97
-0.896,0.137
-1.063,0.665
-1.093,-1.816
-1.227,-0.723
-1.416,-0.135
-1.39,-2.042
-1.45,-2.042
-1.344,0.512
-1.377,-0.054
-1.362,0.637
-1.906,-1.075
-1.914,-0.85
-2.061,0.146
-2.037,-1.02
-2.155,-0.934
-2.063,0.731
-2.215,0.011
-2.104,-0.328
-2.104,0.572
-2.242,-0.565
-2.171,-0.233
-2.37,0.751
-2.256,-1.669
-2.473,-1.875
-3.13,-2.042
-3.013,-2.083
3.067,-1.988
2.608,-2.321
2.636,-2.392
2.373,-2.24
2.453,-2.043
2.341,-2.08
1.659,-2.251
1.725,-1.999
1.751,-2.117
1.414,-2.11
1.252,-2.349
0.445,-2.21
0.45,-2.419
0.187,-2.193
0.181,-2.214
-1.943,-2.307
-2.428,-2.138
-2.483,2.107
-2.658,2.338
2.826,2.393
2.518,2.17
1.859,2.073
1.659,2.031
0.655,2.159
0.637,2.067
0.52,2.075
0.095,2.202
-0.308,2.071
-0.982,2.246
-1.439,2.1
-1.701,2.084
2.911,0.113
2.527,0.114
1.682,-0.511
-0.384,0.114
-0.566,0.73
-1.286,1.48
-1.555,1.693
-2.147,-1.42
-0.108,0.423
-0.795,0.786
-1.677,0.718
-1.694,1.602
-1.69,1.036
-1.754,1.603
-1.745,0.036
-1.773,1.443
-1.857,0.828
-1.895,0.861
-1.975,0.179
-2.007,1.401
-1.931,1.51
-2.063,0.603
-2.155,0.17
2.208,-0.781
0.917,0.348
-1.737,-1.177
-2.163,0.28
-2.419,0.337
2.138,-2.012
2.02,-1.882
0.575,-1.765
1.588,1.922
2.207,-1.951
1.608,-2.127
0.017,1.649
-0.199,2.295
-0.273,2.803
-0.215,2.578
-0.356,-0.634
-0.312,2.322
-0.491,-0.859
-0.658,1.253
-0.733,1.933
-0.746,-1.013
-0.714,-0.899
-0.713,2.825
-0.771,0.992
-0.938,1.52
-0.968,-0.961
-1.102,0.132
-1.291,0.72
-1.265,-1.187
-1.325,-1.187
-1.219,1.367
-1.252,0.801
-1.237,1.492
-1.781,-0.22
-1.789,0.005
-1.936,1.001
-1.912,-0.165
-2.03,-0.079
-1.938,1.586
-2.09,0.866
-1.979,0.527
-1.979,1.427
-2.117,0.29
-2.046,0.622
-2.245,1.606
-2.131,-0.814
-2.348,-1.02
-3.005,-1.187
-2.888,-1.228
-3.091,-1.133
2.733,-1.466
2.761,-1.537
2.498,-1.385
2.578,-1.188
2.466,-1.225
1.784,-1.396
1.85,-1.144
1.876,-1.262
1.539,-1.255
1.377,-1.494
0.57,-1.355
0.575,-1.564
0.312,-1.338
0.306,-1.359
-1.818,-1.452
-2.303,-1.283
-2.358,2.962
-2.533,3.193
2.951,3.248
2.643,3.025
1.984,2.928
1.784,2.886
0.78,3.014
0.762,2.922
0.645,2.93
0.22,3.057
-0.183,2.926
-0.857,3.101
-1.314,2.955
-1.576,2.939
3.036,0.968
2.652,0.969
1.807,0.344
-0.259,0.969
-0.441,1.585
-1.161,2.335
-1.43,2.548
-2.022,-0.565
0.017,1.278
-0.67,1.641
-1.552,1.573
-1.569,2.457
-1.565,1.891
-1.629,2.458
-1.62,0.891
-1.648,2.298
-1.732,1.683
-1.77,1.716
-1.85,1.034
-1.882,2.256
-1.806,2.365
-1.938,1.458
-2.03,1.025
2.333,0.074
1.042,1.203
-1.612,-0.322
-2.038,1.135
-2.294,1.192
2.263,-1.157
2.145,-1.027
0.7,-0.91
1.713,2.777
2.332,-1.096
1.733,-1.272
-0.216,0.646
-0.29,1.154
-0.232,0.929
-0.373,-2.283
-0.329,0.673
-0.508,-2.508
-0.675,-0.396
-0.75,0.284
-0.763,-2.662
-0.731,-2.548
-0.73,1.176
-0.788,-0.657
-0.955,-0.129
-0.985,-2.61
-1.119,-1.517
-1.308,-0.929
-1.282,-2.836
-1.342,-2.836
-1.236,-0.282
-1.269,-0.848
-1.254,-0.157
-1.798,-1.869
-1.806,-1.644
-1.953,-0.648
-1.929,-1.814
-2.047,-1.728
-1.955,-0.063
-2.107,-0.783
-1.996,-1.122
-1.996,-0.222
-2.134,-1.359
-2.063,-1.027
-2.262,-0.043
-2.148,-2.463
-2.365,-2.669
-3.022,-2.836
-2.905,-2.877
-3.108,-2.782
2.716,-3.115
2.744,-3.186
2.481,-3.034
2.561,-2.837
2.449,-2.874
1.767,-3.045
1.833,-2.793
1.859,-2.911
1.522,-2.904
1.36,-3.143
0.553,-3.004
0.558,-3.213
0.295,-2.987
0.289,-3.008
-1.835,-3.101
-2.32,-2.932
-2.375,1.313
-2.55,1.544
2.934,1.599
2.626,1.376
1.967,1.279
1.767,1.237
0.763,1.365
0.745,1.273
0.628,1.281
0.203,1.408
-0.2,1.277
-0.874,1.452
-1.331,1.306
-1.593,1.29
3.019,-0.681
2.635,-0.68
1.79,-1.305
-0.276,-0.68
-0.458,-0.064
-1.178,0.686
-1.447,0.899
-2.039,-2.214
0.0,-0.371
-0.687,-0.008
-1.569,-0.076
-1.586,0.808
-1.582,0.242
-1.646,0.809
-1.637,-0.758
-1.665,0.649
-1.749,0.034
-1.787,0.067
-1.867,-0.615
-1.899,0.607
-1.823,0.716
-1.955,-0.191
-2.047,-0.624
2.316,-1.575
1.025,-0.446
-1.629,-1.971
-2.055,-0.514
-2.311,-0.457
2.246,-2.806
2.128,-2.676
0.683,-2.559
1.696,1.128
2.315,-2.745
1.716,-2.921
-0.074,0.508
-0.016,0.283
-0.157,-2.929
-0.113,0.027
-0.292,-3.154
-0.459,-1.042
-0.534,-0.362
-0.547,-3.308
-0.515,-3.194
-0.514,0.53
-0.572,-1.303
-0.739,-0.775
-0.769,-3.256
-0.903,-2.163
-1.092,-1.575
-1.066,-3.482
-1.126,-3.482
-1.02,-0.928
-1.053,-1.494
-1.038,-0.803
-1.582,-2.515
-1.59,-2.29
-1.737,-1.294
-1.713,-2.46
-1.831,-2.374
-1.739,-0.709
-1.891,-1.429
-1.78,-1.768
-1.78,-0.868
-1.918,-2.005
-1.847,-1.673
-2.046,-0.689
-1.932,-3.109
-2.149,-3.315
-2.806,-3.482
-2.689,-3.523
-2.892,-3.428
2.932,-3.761
2.96,-3.832
2.697,-3.68
2.777,-3.483
2.665,-3.52
1.983,-3.691
2.049,-3.439
2.075,-3.557
1.738,-3.55
1.576,-3.789
0.769,-3.65
0.774,-3.859
0.511,-3.633
0.505,-3.654
-1.619,-3.747
-2.104,-3.578
-2.159,0.667
-2.334,0.898
-3.133,0.953
2.842,0.73
2.183,0.633
1.983,0.591
0.979,0.719
0.961,0.627
0.844,0.635
0.419,0.762
0.016,0.631
-0.658,0.806
-1.115,0.66
-1.377,0.644
-3.048,-1.327
2.851,-1.326
2.006,-1.951
-0.06,-1.326
-0.242,-0.71
-0.962,0.04
-1.231,0.253
-1.823,-2.86
0.216,-1.017
-0.471,-0.654
-1.353,-0.722
-1.37,0.162
-1.366,-0.404
-1.43,0.163
-1.421,-1.404
-1.449,0.003
-1.533,-0.612
-1.571,-0.579
-1.651,-1.261
-1.683,-0.039
-1.607,0.07
-1.739,-0.837
-1.831,-1.27
2.532,-2.221
1.241,-1.092
-1.413,-2.617
-1.839,-1.16
-2.095,-1.103
2.462,-3.452
2.344,-3.322
0.899,-3.205
1.912,0.482
2.531,-3.391
1.932,-3.567
0.058,-0.225
-0.083,-3.437
-0.039,-0.481
-0.218,-3.662
-0.385,-1.55
-0.46,-0.87
-0.473,-3.816
-0.441,-3.702
-0.44,0.022
-0.498,-1.811
-0.665,-1.283
-0.695,-3.764
-0.829,-2.671
-1.018,-2.083
-0.992,-3.99
-1.052,-3.99
-0.946,-1.436
-0.979,-2.002
-0.964,-1.311
-1.508,-3.023
-1.516,-2.798
-1.663,-1.802
-1.639,-2.968
-1.757,-2.882
-1.665,-1.217
-1.817,-1.937
-1.706,-2.276
-1.706,-1.376
-1.844,-2.513
-1.773,-2.181
-1.972,-1.197
-1.858,-3.617
-2.075,-3.823
-2.732,-3.99
-2.615,-4.031
-2.818,-3.936
3.006,-4.269
3.034,-4.34
2.771,-4.188
2.851,-3.991
2.739,-4.028
2.057,-4.199
2.123,-3.947
2.149,-4.065
1.812,-4.058
1.65,-4.297
0.843,-4.158
0.848,-4.367
0.585,-4.141
0.579,-4.162
-1.545,-4.255
-2.03,-4.086
-2.085,0.159
-2.26,0.39
-3.059,0.445
2.916,0.222
2.257,0.125
2.057,0.083
1.053,0.211
1.035,0.119
0.918,0.127
0.493,0.254
0.09,0.123
-0.584,0.298
-1.041,0.152
-1.303,0.136
-2.974,-1.835
2.925,-1.834
2.08,-2.459
0.014,-1.834
-0.168,-1.218
-0.888,-0.468
-1.157,-0.255
-1.749,-3.368
0.29,-1.525
-0.397,-1.162
-1.279,-1.23
-1.296,-0.346
-1.292,-0.912
-1.356,-0.345
-1.347,-1.912
-1.375,-0.505
-1.459,-1.12
-1.497,-1.087
-1.577,-1.769
-1.609,-0.547
-1.533,-0.438
-1.665,-1.345
-1.757,-1.778
2.606,-2.729
1.315,-1.6
-1.339,-3.125
-1.765,-1.668
-2.021,-1.611
2.536,-3.96
2.418,-3.83
0.973,-3.713
1.986,-0.026
2.605,-3.899
2.006,-4.075
-0.141,-3.212
-0.097,-0.256
-0.276,-3.437
-0.443,-1.325
-0.518,-0.645
-0.531,-3.591
-0.499,-3.477
-0.498,0.247
-0.556,-1.586
-0.723,-1.058
-0.753,-3.539
-0.887,-2.446
-1.076,-1.858
-1.05,-3.765
-1.11,-3.765
-1.004,-1.211
-1.037,-1.777
-1.022,-1.086
-1.566,-2.798
-1.574,-2.573
-1.721,-1.577
-1.697,-2.743
-1.815,-2.657
-1.723,-0.992
-1.875,-1.712
-1.764,-2.051
-1.764,-1.151
-1.902,-2.288
-1.831,-1.956
-2.03,-0.972
-1.916,-3.392
-2.133,-3.598
-2.79,-3.765
-2.673,-3.806
-2.876,-3.711
2.948,-4.044
2.976,-4.115
2.713,-3.963
2.793,-3.766
2.681,-3.803
1.999,-3.974
2.065,-3.722
2.091,-3.84
1.754,-3.833
1.592,-4.072
0.785,-3.933
0.79,-4.142
0.527,-3.916
0.521,-3.937
-1.603,-4.03
-2.088,-3.861
-2.143,0.384
-2.318,0.615
-3.117,0.67
2.858,0.447
2.199,0.35
1.999,0.308
0.995,0.436
0.977,0.344
0.86,0.352
0.435,0.479
0.032,0.348
-0.642,0.523
-1.099,0.377
-1.361,0.361
-3.032,-1.61
2.867,-1.609
2.022,-2.234
-0.044,-1.609
-0.226,-0.993
-0.946,-0.243
-1.215,-0.03
-1.807,-3.143
0.232,-1.3
-0.455,-0.937
-1.337,-1.005
-1.354,-0.121
-1.35,-0.687
-1.414,-0.12
-1.405,-1.687
-1.433,-0.28
-1.517,-0.895
-1.555,-0.862
-1.635,-1.544
-1.667,-0.322
-1.591,-0.213
-1.723,-1.12
-1.815,-1.553
2.548,-2.504
1.257,-1.375
-1.397,-2.9
-1.823,-1.443
-2.079,-1.386
2.478,-3.735
2.36,-3.605
0.915,-3.488
1.928,0.199
2.547,-3.674
1.948,-3.85
0.044,2.956
-0.135,-0.225
-0.302,1.887
-0.377,2.567
-0.39,-0.379
-0.358,-0.265
-0.357,3.459
-0.415,1.626
-0.582,2.154
-0.612,-0.327
-0.746,0.766
-0.935,1.354
-0.909,-0.553
-0.969,-0.553
-0.863,2.001
-0.896,1.435
-0.881,2.126
-1.425,0.414
-1.433,0.639
-1.58,1.635
-1.556,0.469
-1.674,0.555
-1.582,2.22
-1.734,1.5
-1.623,1.161
-1.623,2.061
-1.761,0.924
-1.69,1.256
-1.889,2.24
-1.775,-0.18
-1.992,-0.386
-2.649,-0.553
-2.532,-0.594
-2.735,-0.499
3.089,-0.832
3.117,-0.903
2.854,-0.751
2.934,-0.554
2.822,-0.591
2.14,-0.762
2.206,-0.51
2.232,-0.628
1.895,-0.621
1.733,-0.86
0.926,-0.721
0.931,-0.93
0.668,-0.704
0.662,-0.725
-1.462,-0.818
-1.947,-0.649
-2.002,3.596
-2.177,3.827
-2.976,3.882
2.999,3.659
2.34,3.562
2.14,3.52
1.136,3.648
1.118,3.556
1.001,3.564
0.576,3.691
0.173,3.56
-0.501,3.735
-0.958,3.589
-1.22,3.573
-2.891,1.602
3.008,1.603
2.163,0.978
0.097,1.603
-0.085,2.219
-0.805,2.969
-1.074,3.182
-1.666,0.069
0.373,1.912
-0.314,2.275
-1.196,2.207
-1.213,3.091
-1.209,2.525
-1.273,3.092
-1.264,1.525
-1.292,2.932
-1.376,2.317
-1.414,2.35
-1.494,1.668
-1.526,2.89
-1.45,2.999
-1.582,2.092
-1.674,1.659
2.689,0.708
1.398,1.837
-1.256,0.312
-1.682,1.769
-1.938,1.826
2.619,-0.523
2.501,-0.393
1.056,-0.276
2.069,3.411
2.688,-0.462
2.089,-0.638
-0.179,-3.181
-0.346,-1.069
-0.421,-0.389
-0.434,-3.335
-0.402,-3.221
-0.401,0.503
-0.459,-1.33
-0.626,-0.802
-0.656,-3.283
-0.79,-2.19
-0.979,-1.602
-0.953,-3.509
-1.013,-3.509
-0.907,-0.955
-0.94,-1.521
-0.925,-0.83
-1.469,-2.542
-1.477,-2.317
-1.624,-1.321
-1.6,-2.487
-1.718,-2.401
-1.626,-0.736
-1.778,-1.456
-1.667,-1.795
-1.667,-0.895
-1.805,-2.032
-1.734,-1.7
-1.933,-0.716
-1.819,-3.136
-2.036,-3.342
-2.693,-3.509
-2.576,-3.55
-2.779,-3.455
3.045,-3.788
3.073,-3.859
2.81,-3.707
2.89,-3.51
2.778,-3.547
2.096,-3.718
2.162,-3.466
2.188,-3.584
1.851,-3.577
1.689,-3.816
0.882,-3.677
0.887,-3.886
0.624,-3.66
0.618,-3.681
-1.506,-3.774
-1.991,-3.605
-2.046,0.64
-2.221,0.871
-3.02,0.926
2.955,0.703
2.296,0.606
2.096,0.564
1.092,0.692
1.074,0.6
0.957,0.608
0.532,0.735
0.129,0.604
-0.545,0.779
-1.002,0.633
-1.264,0.617
-2.935,-1.354
2.964,-1.353
2.119,-1.978
0.053,-1.353
-0.129,-0.737
-0.849,0.013
-1.118,0.226
-1.71,-2.887
0.329,-1.044
-0.358,-0.681
-1.24,-0.749
-1.257,0.135
-1.253,-0.431
-1.317,0.136
-1.308,-1.431
-1.336,-0.024
-1.42,-0.639
-1.458,-0.606
-1.538,-1.288
-1.57,-0.066
-1.494,0.043
-1.626,-0.864
-1.718,-1.297
2.645,-2.248
1.354,-1.119
-1.3,-2.644
-1.726,-1.187
-1.982,-1.13
2.575,-3.479
2.457,-3.349
1.012,-3.232
2.025,0.455
2.644,-3.418
2.045,-3.594
-0.167,2.112
-0.242,2.792
-0.255,-0.154
-0.223,-0.04
-0.222,3.684
-0.28,1.851
-0.447,2.379
-0.477,-0.102
-0.611,0.991
-0.8,1.579
-0.774,-0.328
-0.834,-0.328
-0.728,2.226
-0.761,1.66
-0.746,2.351
-1.29,0.639
-1.298,0.864
-1.445,1.86
-1.421,0.694
-1.539,0.78
-1.447,2.445
-1.599,1.725
-1.488,1.386
-1.488,2.286
-1.626,1.149
-1.555,1.481
-1.754,2.465
-1.64,0.045
-1.857,-0.161
-2.514,-0.328
-2.397,-0.369
-2.6,-0.274
-3.059,-0.607
-3.031,-0.678
2.989,-0.526
3.069,-0.329
2.957,-0.366
2.275,-0.537
2.341,-0.285
2.367,-0.403
2.03,-0.396
1.868,-0.635
1.061,-0.496
1.066,-0.705
0.803,-0.479
0.797,-0.5
-1.327,-0.593
-1.812,-0.424
-1.867,3.821
-2.042,4.052
-2.841,4.107
3.134,3.884
2.475,3.787
2.275,3.745
1.271,3.873
1.253,3.781
1.136,3.789
0.711,3.916
0.308,3.785
-0.366,3.96
-0.823,3.814
-1.085,3.798
-2.756,1.827
-3.14,1.828
2.298,1.203
0.232,1.828
0.05,2.444
-0.67,3.194
-0.939,3.407
-1.531,0.294
0.508,2.137
-0.179,2.5
-1.061,2.432
-1.078,3.316
-1.074,2.75
-1.138,3.317
-1.129,1.75
-1.157,3.157
-1.241,2.542
-1.279,2.575
-1.359,1.893
-1.391,3.115
-1.315,3.224
-1.447,2.317
-1.539,1.884
2.824,0.933
1.533,2.062
-1.121,0.537
-1.547,1.994
-1.803,2.051
2.754,-0.298
2.636,-0.168
1.191,-0.051
2.204,3.636
2.823,-0.237
2.224,-0.413
-0.075,0.68
-0.088,-2.266
-0.056,-2.152
-0.055,1.572
-0.113,-0.261
-0.28,0.267
-0.31,-2.214
-0.444,-1.121
-0.633,-0.533
-0.607,-2.44
-0.667,-2.44
-0.561,0.114
-0.594,-0.452
-0.579,0.239
-1.123,-1.473
-1.131,-1.248
-1.278,-0.252
-1.254,-1.418
-1.372,-1.332
-1.28,0.333
-1.432,-0.387
-1.321,-0.726
-1.321,0.174
-1.459,-0.963
-1.388,-0.631
-1.587,0.353
-1.473,-2.067
-1.69,-2.273
-2.347,-2.44
-2.23,-2.481
-2.433,-2.386
-2.892,-2.719
-2.864,-2.79
-3.127,-2.638
-3.047,-2.441
3.124,-2.478
2.442,-2.649
2.508,-2.397
2.534,-2.515
2.197,-2.508
2.035,-2.747
1.228,-2.608
1.233,-2.817
0.97,-2.591
0.964,-2.612
-1.16,-2.705
-1.645,-2.536
-1.7,1.709
-1.875,1.94
-2.674,1.995
-2.982,1.772
2.642,1.675
2.442,1.633
1.438,1.761
1.42,1.669
1.303,1.677
0.878,1.804
0.475,1.673
-0.199,1.848
-0.656,1.702
-0.918,1.686
-2.589,-0.285
-2.973,-0.284
2.465,-0.909
0.399,-0.284
0.217,0.332
-0.503,1.082
-0.772,1.295
-1.364,-1.818
0.675,0.025
-0.012,0.388
-0.894,0.32
-0.911,1.204
-0.907,0.638
-0.971,1.205
-0.962,-0.362
-0.99,1.045
-1.074,0.43
-1.112,0.463
-1.192,-0.219
-1.224,1.003
-1.148,1.112
-1.28,0.205
-1.372,-0.228
2.991,-1.179
1.7,-0.05
-0.954,-1.575
-1.38,-0.118
-1.636,-0.061
2.921,-2.41
2.803,-2.28
1.358,-2.163
2.371,1.524
2.99,-2.349
2.391,-2.525
-0.013,-2.946
0.019,-2.832
0.02,0.892
-0.038,-0.941
-0.205,-0.413
-0.235,-2.894
-0.369,-1.801
-0.558,-1.213
-0.532,-3.12
-0.592,-3.12
-0.486,-0.566
-0.519,-1.132
-0.504,-0.441
-1.048,-2.153
-1.056,-1.928
-1.203,-0.932
-1.179,-2.098
-1.297,-2.012
-1.205,-0.347
-1.357,-1.067
-1.246,-1.406
-1.246,-0.506
-1.384,-1.643
-1.313,-1.311
-1.512,-0.327
-1.398,-2.747
-1.615,-2.953
-2.272,-3.12
-2.155,-3.161
-2.358,-3.066
-2.817,-3.399
-2.789,-3.47
-3.052,-3.318
-2.972,-3.121
-3.084,-3.158
2.517,-3.329
2.583,-3.077
2.609,-3.195
2.272,-3.188
2.11,-3.427
1.303,-3.288
1.308,-3.497
1.045,-3.271
1.039,-3.292
-1.085,-3.385
-1.57,-3.216
-1.625,1.029
-1.8,1.26
-2.599,1.315
-2.907,1.092
2.717,0.995
2.517,0.953
1.513,1.081
1.495,0.989
1.378,0.997
0.953,1.124
0.55,0.993
-0.124,1.168
-0.581,1.022
-0.843,1.006
-2.514,-0.965
-2.898,-0.964
2.54,-1.589
0.474,-0.964
0.292,-0.348
-0.428,0.402
-0.697,0.615
-1.289,-2.498
0.75,-0.655
0.063,-0.292
-0.819,-0.36
-0.836,0.524
-0.832,-0.042
-0.896,0.525
-0.887,-1.042
-0.915,0.365
-0.999,-0.25
-1.037,-0.217
-1.117,-0.899
-1.149,0.323
-1.073,0.432
-1.205,-0.475
-1.297,-0.908
3.066,-1.859
1.775,-0.73
-0.879,-2.255
-1.305,-0.798
-1.561,-0.741
2.996,-3.09
2.878,-2.96
1.433,-2.843
2.446,0.844
3.065,-3.029
2.466,-3.205
0.032,0.114
0.033,3.838
-0.025,2.005
-0.192,2.533
-0.222,0.052
-0.356,1.145
-0.545,1.733
-0.519,-0.174
-0.579,-0.174
-0.473,2.38
-0.506,1.814
-0.491,2.505
-1.035,0.793
-1.043,1.018
-1.19,2.014
-1.166,0.848
-1.284,0.934
-1.192,2.599
-1.344,1.879
-1.233,1.54
-1.233,2.44
-1.371,1.303
-1.3,1.635
-1.499,2.619
-1.385,0.199
-1.602,-0.007
-2.259,-0.174
-2.142,-0.215
-2.345,-0.12
-2.804,-0.453
-2.776,-0.524
-3.039,-0.372
-2.959,-0.175
-3.071,-0.212
2.53,-0.383
2.596,-0.131
2.622,-0.249
2.285,-0.242
2.123,-0.481
1.316,-0.342
1.321,-0.551
1.058,-0.325
1.052,-0.346
-1.072,-0.439
-1.557,-0.27
-1.612,3.975
-1.787,4.206
-2.586,4.261
-2.894,4.038
2.73,3.941
2.53,3.899
1.526,4.027
1.508,3.935
1.391,3.943
0.966,4.07
0.563,3.939
-0.111,4.114
-0.568,3.968
-0.83,3.952
-2.501,1.981
-2.885,1.982
2.553,1.357
0.487,1.982
0.305,2.598
-0.415,3.348
-0.684,3.561
-1.276,0.448
0.763,2.291
0.076,2.654
-0.806,2.586
-0.823,3.47
-0.819,2.904
-0.883,3.471
-0.874,1.904
-0.902,3.311
-0.986,2.696
-1.024,2.729
-1.104,2.047
-1.136,3.269
-1.06,3.378
-1.192,2.471
-1.284,2.038
3.079,1.087
1.788,2.216
-0.866,0.691
-1.292,2.148
-1.548,2.205
3.009,-0.144
2.891,-0.014
1.446,0.103
2.459,3.79
3.078,-0.083
2.479,-0.259
0.001,3.724
-0.057,1.891
-0.224,2.419
-0.254,-0.062
-0.388,1.031
-0.577,1.619
-0.551,-0.288
-0.611,-0.288
-0.505,2.266
-0.538,1.7
-0.523,2.391
-1.067,0.679
-1.075,0.904
-1.222,1.9
-1.198,0.734
-1.316,0.82
-1.224,2.485
-1.376,1.765
-1.265,1.426
-1.265,2.326
-1.403,1.189
-1.332,1.521
-1.531,2.505
-1.417,0.085
-1.634,-0.121
-2.291,-0.288
-2.174,-0.329
-2.377,-0.234
-2.836,-0.567
-2.808,-0.638
-3.071,-0.486
-2.991,-0.289
-3.103,-0.326
2.498,-0.497
2.564,-0.245
2.59,-0.363
2.253,-0.356
2.091,-0.595
1.284,-0.456
1.289,-0.665
1.026,-0.439
1.02,-0.46
-1.104,-0.553
-1.589,-0.384
-1.644,3.861
-1.819,4.092
-2.618,4.147
-2.926,3.924
2.698,3.827
2.498,3.785
1.494,3.913
1.476,3.821
1.359,3.829
0.934,3.956
0.531,3.825
-0.143,4.0
-0.6,3.854
-0.862,3.838
-2.533,1.867
-2.917,1.868
2.521,1.243
0.455,1.868
0.273,2.484
-0.447,3.234
-0.716,3.447
-1.308,0.334
0.731,2.177
0.044,2.54
-0.838,2.472
-0.855,3.356
-0.851,2.79
-0.915,3.357
-0.906,1.79
-0.934,3.197
-1.018,2.582
-1.056,2.615
-1.136,1.933
-1.168,3.155
-1.092,3.264
-1.224,2.357
-1.316,1.924
3.047,0.973
1.756,2.102
-0.898,0.577
-1.324,2.034
-1.58,2.091
2.977,-0.258
2.859,-0.128
1.414,-0.011
2.427,3.676
3.046,-0.197
2.447,-0.373
-0.058,-1.833
-0.225,-1.305
-0.255,-3.786
-0.389,-2.693
-0.578,-2.105
-0.552,-4.012
-0.612,-4.012
-0.506,-1.458
-0.539,-2.024
-0.524,-1.333
-1.068,-3.045
-1.076,-2.82
-1.223,-1.824
-1.199,-2.99
-1.317,-2.904
-1.225,-1.239
-1.377,-1.959
-1.266,-2.298
-1.266,-1.398
-1.404,-2.535
-1.333,-2.203
-1.532,-1.219
-1.418,-3.639
-1.635,-3.845
-2.292,-4.012
-2.175,-4.053
-2.378,-3.958
-2.837,-4.291
-2.809,-4.362
-3.072,-4.21
-2.992,-4.013
-3.104,-4.05
2.497,-4.221
2.563,-3.969
2.589,-4.087
2.252,-4.08
2.09,-4.319
1.283,-4.18
1.288,-4.389
1.025,-4.163
1.019,-4.184
-1.105,-4.277
-1.59,-4.108
-1.645,0.137
-1.82,0.368
-2.619,0.423
-2.927,0.2
2.697,0.103
2.497,0.061
1.493,0.189
1.475,0.097
1.358,0.105
0.933,0.232
0.53,0.101
-0.144,0.276
-0.601,0.13
-0.863,0.114
-2.534,-1.857
-2.918,-1.856
2.52,-2.481
0.454,-1.856
0.272,-1.24
-0.448,-0.49
-0.717,-0.277
-1.309,-3.39
0.73,-1.547
0.043,-1.184
-0.839,-1.252
-0.856,-0.368
-0.852,-0.934
-0.916,-0.367
-0.907,-1.934
-0.935,-0.527
-1.019,-1.142
-1.057,-1.109
-1.137,-1.791
-1.169,-0.569
-1.093,-0.46
-1.225,-1.367
-1.317,-1.8
3.046,-2.751
1.755,-1.622
-0.899,-3.147
-1.325,-1.69
-1.581,-1.633
2.976,-3.982
2.858,-3.852
1.413,-3.735
2.426,-0.048
3.045,-3.921
2.446,-4.097
-0.167,0.528
-0.197,-1.953
-0.331,-0.86
-0.52,-0.272
-0.494,-2.179
-0.554,-2.179
-0.448,0.375
-0.481,-0.191
-0.466,0.5
-1.01,-1.212
-1.018,-0.987
-1.165,0.009
-1.141,-1.157
-1.259,-1.071
-1.167,0.594
-1.319,-0.126
-1.208,-0.465
-1.208,0.435
-1.346,-0.702
-1.275,-0.37
-1.474,0.614
-1.36,-1.806
-1.577,-2.012
-2.234,-2.179
-2.117,-2.22
-2.32,-2.125
-2.779,-2.458
-2.751,-2.529
-3.014,-2.377
-2.934,-2.18
-3.046,-2.217
2.555,-2.388
2.621,-2.136
2.647,-2.254
2.31,-2.247
2.148,-2.486
1.341,-2.347
1.346,-2.556
1.083,-2.33
1.077,-2.351
-1.047,-2.444
-1.532,-2.275
-1.587,1.97
-1.762,2.201
-2.561,2.256
-2.869,2.033
2.755,1.936
2.555,1.894
1.551,2.022
1.533,1.93
1.416,1.938
0.991,2.065
0.588,1.934
-0.086,2.109
-0.543,1.963
-0.805,1.947
-2.476,-0.024
-2.86,-0.023
2.578,-0.648
0.512,-0.023
0.33,0.593
-0.39,1.343
-0.659,1.556
-1.251,-1.557
0.788,0.286
0.101,0.649
-0.781,0.581
-0.798,1.465
-0.794,0.899
-0.858,1.466
-0.849,-0.101
-0.877,1.306
-0.961,0.691
-0.999,0.724
-1.079,0.042
-1.111,1.264
-1.035,1.373
-1.167,0.466
-1.259,0.033
3.104,-0.918
1.813,0.211
-0.841,-1.314
-1.267,0.143
-1.523,0.2
3.034,-2.149
2.916,-2.019
1.471,-1.902
2.484,1.785
3.103,-2.088
2.504,-2.264
-0.03,-2.481
-0.164,-1.388
-0.353,-0.8
-0.327,-2.707
-0.387,-2.707
-0.281,-0.153
-0.314,-0.719
-0.299,-0.028
-0.843,-1.74
-0.851,-1.515
-0.998,-0.519
-0.974,-1.685
-1.092,-1.599
-1.0,0.066
-1.152,-0.654
-1.041,-0.993
-1.041,-0.093
-1.179,-1.23
-1.108,-0.898
-1.307,0.086
-1.193,-2.334
-1.41,-2.54
-2.067,-2.707
-1.95,-2.748
-2.153,-2.653
-2.612,-2.986
-2.584,-3.057
-2.847,-2.905
-2.767,-2.708
-2.879,-2.745
2.722,-2.916
2.788,-2.664
2.814,-2.782
2.477,-2.775
2.315,-3.014
1.508,-2.875
1.513,-3.084
1.25,-2.858
1.244,-2.879
-0.88,-2.972
-1.365,-2.803
-1.42,1.442
-1.595,1.673
-2.394,1.728
-2.702,1.505
2.922,1.408
2.722,1.366
1.718,1.494
1.7,1.402
1.583,1.41
1.158,1.537
0.755,1.406
0.081,1.581
-0.376,1.435
-0.638,1.419
-2.309,-0.552
-2.693,-0.551
2.745,-1.176
0.679,-0.551
0.497,0.065
-0.223,0.815
-0.492,1.028
-1.084,-2.085
0.955,-0.242
0.268,0.121
-0.614,0.053
-0.631,0.937
-0.627,0.371
-0.691,0.938
-0.682,-0.629
-0.71,0.778
-0.794,0.163
-0.832,0.196
-0.912,-0.486
-0.944,0.736
-0.868,0.845
-1.0,-0.062
-1.092,-0.495
-3.012,-1.446
1.98,-0.317
-0.674,-1.842
-1.1,-0.385
-1.356,-0.328
-3.082,-2.677
3.083,-2.547
1.638,-2.43
2.651,1.257
-3.013,-2.616
2.671,-2.792
-0.134,1.093
-0.323,1.681
-0.297,-0.226
-0.357,-0.226
-0.251,2.328
-0.284,1.762
-0.269,2.453
-0.813,0.741
-0.821,0.966
-0.968,1.962
-0.944,0.796
-1.062,0.882
-0.97,2.547
-1.122,1.827
-1.011,1.488
-1.011,2.388
-1.149,1.251
-1.078,1.583
-1.277,2.567
-1.163,0.147
-1.38,-0.059
-2.037,-0.226
-1.92,-0.267
-2.123,-0.172
-2.582,-0.505
-2.554,-0.576
-2.817,-0.424
-2.737,-0.227
-2.849,-0.264
2.752,-0.435
2.818,-0.183
2.844,-0.301
2.507,-0.294
2.345,-0.533
1.538,-0.394
1.543,-0.603
1.28,-0.377
1.274,-0.398
-0.85,-0.491
-1.335,-0.322
-1.39,3.923
-1.565,4.154
-2.364,4.209
-2.672,3.986
2.952,3.889
2.752,3.847
1.748,3.975
1.73,3.883
1.613,3.891
1.188,4.018
0.785,3.887
0.111,4.062
-0.346,3.916
-0.608,3.9
-2.279,1.929
-2.663,1.93
2.775,1.305
0.709,1.93
0.527,2.546
-0.193,3.296
-0.462,3.509
-1.054,0.396
0.985,2.239
0.298,2.602
-0.584,2.534
-0.601,3.418
-0.597,2.852
-0.661,3.419
-0.652,1.852
-0.68,3.259
-0.764,2.644
-0.802,2.677
-0.882,1.995
-0.914,3.217
-0.838,3.326
-0.97,2.419
-1.062,1.986
-2.982,1.035
2.01,2.164
-0.644,0.639
-1.07,2.096
-1.326,2.153
-3.052,-0.196
3.113,-0.066
1.668,0.051
2.681,3.738
-2.983,-0.135
2.701,-0.311
-0.189,0.588
-0.163,-1.319
-0.223,-1.319
-0.117,1.235
-0.15,0.669
-0.135,1.36
-0.679,-0.352
-0.687,-0.127
-0.834,0.869
-0.81,-0.297
-0.928,-0.211
-0.836,1.454
-0.988,0.734
-0.877,0.395
-0.877,1.295
-1.015,0.158
-0.944,0.49
-1.143,1.474
-1.029,-0.946
-1.246,-1.152
-1.903,-1.319
-1.786,-1.36
-1.989,-1.265
-2.448,-1.598
-2.42,-1.669
-2.683,-1.517
-2.603,-1.32
-2.715,-1.357
2.886,-1.528
2.952,-1.276
2.978,-1.394
2.641,-1.387
2.479,-1.626
1.672,-1.487
1.677,-1.696
1.414,-1.47
1.408,-1.491
-0.716,-1.584
-1.201,-1.415
-1.256,2.83
-1.431,3.061
-2.23,3.116
-2.538,2.893
3.086,2.796
2.886,2.754
1.882,2.882
1.864,2.79
1.747,2.798
1.322,2.925
0.919,2.794
0.245,2.969
-0.212,2.823
-0.474,2.807
-2.145,0.836
-2.529,0.837
2.909,0.212
0.843,0.837
0.661,1.453
-0.059,2.203
-0.328,2.416
-0.92,-0.697
1.119,1.146
0.432,1.509
-0.45,1.441
-0.467,2.325
-0.463,1.759
-0.527,2.326
-0.518,0.759
-0.546,2.166
-0.63,1.551
-0.668,1.584
-0.748,0.902
-0.78,2.124
-0.704,2.233
-0.836,1.326
-0.928,0.893
-2.848,-0.058
2.144,1.071
-0.51,-0.454
-0.936,1.003
-1.192,1.06
-2.918,-1.289
-3.036,-1.159
1.802,-1.042
2.815,2.645
-2.849,-1.228
2.835,-1.404
0.026,-1.907
-0.034,-1.907
0.072,0.647
0.039,0.081
0.054,0.772
-0.49,-0.94
-0.498,-0.715
-0.645,0.281
-0.621,-0.885
-0.739,-0.799
-0.647,0.866
-0.799,0.146
-0.688,-0.193
-0.688,0.707
-0.826,-0.43
-0.755,-0.098
-0.954,0.886
-0.84,-1.534
-1.057,-1.74
-1.714,-1.907
-1.597,-1.948
-1.8,-1.853
-2.259,-2.186
-2.231,-2.257
-2.494,-2.105
-2.414,-1.908
-2.526,-1.945
3.075,-2.116
3.141,-1.864
-3.116,-1.982
2.83,-1.975
2.668,-2.214
1.861,-2.075
1.866,-2.284
1.603,-2.058
1.597,-2.079
-0.527,-2.172
-1.012,-2.003
-1.067,2.242
-1.242,2.473
-2.041,2.528
-2.349,2.305
-3.008,2.208
3.075,2.166
2.071,2.294
2.053,2.202
1.936,2.21
1.511,2.337
1.108,2.206
0.434,2.381
-0.023,2.235
-0.285,2.219
-1.956,0.248
-2.34,0.249
3.098,-0.376
1.032,0.249
0.85,0.865
0.13,1.615
-0.139,1.828
-0.731,-1.285
1.308,0.558
0.621,0.921
-0.261,0.853
-0.278,1.737
-0.274,1.171
-0.338,1.738
-0.329,0.171
-0.357,1.578
-0.441,0.963
-0.479,0.996
-0.559,0.314
-0.591,1.536
-0.515,1.645
-0.647,0.738
-0.739,0.305
-2.659,-0.646
2.333,0.483
-0.321,-1.042
-0.747,0.415
-1.003,0.472
-2.729,-1.877
-2.847,-1.747
1.991,-1.63
3.004,2.057
-2.66,-1.816
3.024,-1.992
-0.06,0.0
0.046,2.554
0.013,1.988
0.028,2.679
-0.516,0.967
-0.524,1.192
-0.671,2.188
-0.647,1.022
-0.765,1.108
-0.673,2.773
-0.825,2.053
-0.714,1.714
-0.714,2.614
-0.852,1.477
-0.781,1.809
-0.98,2.793
-0.866,0.373
-1.083,0.167
-1.74,0.0
-1.623,-0.041
-1.826,0.054
-2.285,-0.279
-2.257,-0.35
-2.52,-0.198
-2.44,-0.001
-2.552,-0.038
3.049,-0.209
3.115,0.043
3.141,-0.075
2.804,-0.068
2.642,-0.307
1.835,-0.168
1.84,-0.377
1.577,-0.151
1.571,-0.172
-0.553,-0.265
-1.038,-0.096
-1.093,4.149
-1.268,4.38
-2.067,4.435
-2.375,4.212
-3.034,4.115
3.049,4.073
2.045,4.201
2.027,4.109
1.91,4.117
1.485,4.244
1.082,4.113
0.408,4.288
-0.049,4.142
-0.311,4.126
-1.982,2.155
-2.366,2.156
3.072,1.531
1.006,2.156
0.824,2.772
0.104,3.522
-0.165,3.735
-0.757,0.622
1.282,2.465
0.595,2.828
-0.287,2.76
-0.304,3.644
-0.3,3.078
-0.364,3.645
-0.355,2.078
-0.383,3.485
-0.467,2.87
-0.505,2.903
-0.585,2.221
-0.617,3.443
-0.541,3.552
-0.673,2.645
-0.765,2.212
-2.685,1.261
2.307,2.39
-0.347,0.865
-0.773,2.322
-1.029,2.379
-2.755,0.03
-2.873,0.16
1.965,0.277
2.978,3.964
-2.686,0.091
2.998,-0.085
0.106,2.554
0.073,1.988
0.088,2.679
-0.456,0.967
-0.464,1.192
-0.611,2.188
-0.587,1.022
-0.705,1.108
-0.613,2.773
-0.765,2.053
-0.654,1.714
-0.654,2.614
-0.792,1.477
-0.721,1.809
-0.92,2.793
-0.806,0.373
-1.023,0.167
-1.68,0.0
-1.563,-0.041
-1.766,0.054
-2.225,-0.279
-2.197,-0.35
-2.46,-0.198
-2.38,-0.001
-2.492,-0.038
3.109,-0.209
-3.108,0.043
-3.082,-0.075
2.864,-0.068
2.702,-0.307
1.895,-0.168
1.9,-0.377
1.637,-0.151
1.631,-0.172
-0.493,-0.265
-0.978,-0.096
-1.033,4.149
-1.208,4.38
-2.007,4.435
-2.315,4.212
-2.974,4.115
3.109,4.073
2.105,4.201
2.087,4.109
1.97,4.117
1.545,4.244
1.142,4.113
0.468,4.288
0.011,4.142
-0.251,4.126
-1.922,2.155
-2.306,2.156
3.132,1.531
1.066,2.156
0.884,2.772
0.164,3.522
-0.105,3.735
-0.697,0.622
1.342,2.465
0.655,2.828
-0.227,2.76
-0.244,3.644
-0.24,3.078
-0.304,3.645
-0.295,2.078
-0.323,3.485
-0.407,2.87
-0.445,2.903
-0.525,2.221
-0.557,3.443
-0.481,3.552
-0.613,2.645
-0.705,2.212
-2.625,1.261
2.367,2.39
-0.287,0.865
-0.713,2.322
-0.969,2.379
-2.695,0.03
-2.813,0.16
2.025,0.277
3.038,3.964
-2.626,0.091
3.058,-0.085
-0.033,-0.566
-0.018,0.125
-0.562,-1.587
-0.57,-1.362
-0.717,-0.366
-0.693,-1.532
-0.811,-1.446
-0.719,0.219
-0.871,-0.501
-0.76,-0.84
-0.76,0.06
-0.898,-1.077
-0.827,-0.745
-1.026,0.239
-0.912,-2.181
-1.129,-2.387
-1.786,-2.554
-1.669,-2.595
-1.872,-2.5
-2.331,-2.833
-2.303,-2.904
-2.566,-2.752
-2.486,-2.555
-2.598,-2.592
3.003,-2.763
3.069,-2.511
3.095,-2.629
2.758,-2.622
2.596,-2.861
1.789,-2.722
1.794,-2.931
1.531,-2.705
1.525,-2.726
-0.599,-2.819
-1.084,-2.65
-1.139,1.595
-1.314,1.826
-2.113,1.881
-2.421,1.658
-3.08,1.561
3.003,1.519
1.999,1.647
1.981,1.555
1.864,1.563
1.439,1.69
1.036,1.559
0.362,1.734
-0.095,1.588
-0.357,1.572
-2.028,-0.399
-2.412,-0.398
3.026,-1.023
0.96,-0.398
0.778,0.218
0.058,0.968
-0.211,1.181
-0.803,-1.932
1.236,-0.089
0.549,0.274
-0.333,0.206
-0.35,1.09
-0.346,0.524
-0.41,1.091
-0.401,-0.476
-0.429,0.931
-0.513,0.316
-0.551,0.349
-0.631,-0.333
-0.663,0.889
-0.587,0.998
-0.719,0.091
-0.811,-0.342
-2.731,-1.293
2.261,-0.164
-0.393,-1.689
-0.819,-0.232
-1.075,-0.175
-2.801,-2.524
-2.919,-2.394
1.919,-2.277
2.932,1.41
-2.732,-2.463
2.952,-2.639
0.015,0.691
-0.529,-1.021
-0.537,-0.796
-0.684,0.2
-0.66,-0.966
-0.778,-0.88
-0.686,0.785
-0.838,0.065
-0.727,-0.274
-0.727,0.626
-0.865,-0.511
-0.794,-0.179
-0.993,0.805
-0.879,-1.615
-1.096,-1.821
-1.753,-1.988
-1.636,-2.029
-1.839,-1.934
-2.298,-2.267
-2.27,-2.338
-2.533,-2.186
-2.453,-1.989
-2.565,-2.026
3.036,-2.197
3.102,-1.945
3.128,-2.063
2.791,-2.056
2.629,-2.295
1.822,-2.156
1.827,-2.365
1.564,-2.139
1.558,-2.16
-0.566,-2.253
-1.051,-2.084
-1.106,2.161
-1.281,2.392
-2.08,2.447
-2.388,2.224
-3.047,2.127
3.036,2.085
2.032,2.213
2.014,2.121
1.897,2.129
1.472,2.256
1.069,2.125
0.395,2.3
-0.062,2.154
-0.324,2.138
-1.995,0.167
-2.379,0.168
3.059,-0.457
0.993,0.168
0.811,0.784
0.091,1.534
-0.178,1.747
-0.77,-1.366
1.269,0.477
0.582,0.84
-0.3,0.772
-0.317,1.656
-0.313,1.09
-0.377,1.657
-0.368,0.09
-0.396,1.497
-0.48,0.882
-0.518,0.915
-0.598,0.233
-0.63,1.455
-0.554,1.564
-0.686,0.657
-0.778,0.224
-2.698,-0.727
2.294,0.402
-0.36,-1.123
-0.786,0.334
-1.042,0.391
-2.768,-1.958
-2.886,-1.828
1.952,-1.711
2.965,1.976
-2.699,-1.897
2.985,-2.073
-0.544,-1.712
-0.552,-1.487
-0.699,-0.491
-0.675,-1.657
-0.793,-1.571
-0.701,0.094
-0.853,-0.626
-0.742,-0.965
-0.742,-0.065
-0.88,-1.202
-0.809,-0.87
-1.008,0.114
-0.894,-2.306
-1.111,-2.512
-1.768,-2.679
-1.651,-2.72
-1.854,-2.625
-2.313,-2.958
-2.285,-3.029
-2.548,-2.877
-2.468,-2.68
-2.58,-2.717
3.021,-2.888
3.087,-2.636
3.113,-2.754
2.776,-2.747
2.614,-2.986
1.807,-2.847
1.812,-3.056
1.549,-2.83
1.543,-2.851
-0.581,-2.944
-1.066,-2.775
-1.121,1.47
-1.296,1.701
-2.095,1.756
-2.403,1.533
-3.062,1.436
3.021,1.394
2.017,1.522
1.999,1.43
1.882,1.438
1.457,1.565
1.054,1.434
0.38,1.609
-0.077,1.463
-0.339,1.447
-2.01,-0.524
-2.394,-0.523
3.044,-1.148
0.978,-0.523
0.796,0.093
0.076,0.843
-0.193,1.056
-0.785,-2.057
1.254,-0.214
0.567,0.149
-0.315,0.081
-0.332,0.965
-0.328,0.399
-0.392,0.966
-0.383,-0.601
-0.411,0.806
-0.495,0.191
-0.533,0.224
-0.613,-0.458
-0.645,0.764
-0.569,0.873
-0.701,-0.034
-0.793,-0.467
-2.713,-1.418
2.279,-0.289
-0.375,-1.814
-0.801,-0.357
-1.057,-0.3
-2.783,-2.649
-2.901,-2.519
1.937,-2.402
2.95,1.285
-2.714,-2.588
2.97,-2.764
-0.008,0.225
-0.155,1.221
-0.131,0.055
-0.249,0.141
-0.157,1.806
-0.309,1.086
-0.198,0.747
-0.198,1.647
-0.336,0.51
-0.265,0.842
-0.464,1.826
-0.35,-0.594
-0.567,-0.8
-1.224,-0.967
-1.107,-1.008
-1.31,-0.913
-1.769,-1.246
-1.741,-1.317
-2.004,-1.165
-1.924,-0.968
-2.036,-1.005
-2.718,-1.176
-2.652,-0.924
-2.626,-1.042
-2.963,-1.035
-3.125,-1.274
2.351,-1.135
2.356,-1.344
2.093,-1.118
2.087,-1.139
-0.037,-1.232
-0.522,-1.063
-0.577,3.182
-0.752,3.413
-1.551,3.468
-1.859,3.245
-2.518,3.148
-2.718,3.106
2.561,3.234
2.543,3.142
2.426,3.15
2.001,3.277
1.598,3.146
0.924,3.321
0.467,3.175
0.205,3.159
-1.466,1.188
-1.85,1.189
-2.695,0.564
1.522,1.189
1.34,1.805
0.62,2.555
0.351,2.768
-0.241,-0.345
1.798,1.498
1.111,1.861
0.229,1.793
0.212,2.677
0.216,2.111
0.152,2.678
0.161,1.111
0.133,2.518
0.049,1.903
0.011,1.936
-0.069,1.254
-0.101,2.476
-0.025,2.585
-0.157,1.678
-0.249,1.245
-2.169,0.294
2.823,1.423
0.169,-0.102
-0.257,1.355
-0.513,1.412
-2.239,-0.937
-2.357,-0.807
2.481,-0.69
-2.789,2.997
-2.17,-0.876
-2.769,-1.052
-0.147,0.996
-0.123,-0.17
-0.241,-0.084
-0.149,1.581
-0.301,0.861
-0.19,0.522
-0.19,1.422
-0.328,0.285
-0.257,0.617
-0.456,1.601
-0.342,-0.819
-0.559,-1.025
-1.216,-1.192
-1.099,-1.233
-1.302,-1.138
-1.761,-1.471
-1.733,-1.542
-1.996,-1.39
-1.916,-1.193
-2.028,-1.23
-2.71,-1.401
-2.644,-1.149
-2.618,-1.267
-2.955,-1.26
-3.117,-1.499
2.359,-1.36
2.364,-1.569
2.101,-1.343
2.095,-1.364
-0.029,-1.457
-0.514,-1.288
-0.569,2.957
-0.744,3.188
-1.543,3.243
-1.851,3.02
-2.51,2.923
-2.71,2.881
2.569,3.009
2.551,2.917
2.434,2.925
2.009,3.052
1.606,2.921
0.932,3.096
0.475,2.95
0.213,2.934
-1.458,0.963
-1.842,0.964
-2.687,0.339
1.53,0.964
1.348,1.58
0.628,2.33
0.359,2.543
-0.233,-0.57
1.806,1.273
1.119,1.636
0.237,1.568
0.22,2.452
0.224,1.886
0.16,2.453
0.169,0.886
0.141,2.293
0.057,1.678
0.019,1.711
-0.061,1.029
-0.093,2.251
-0.017,2.36
-0.149,1.453
-0.241,1.02
-2.161,0.069
2.831,1.198
0.177,-0.327
-0.249,1.13
-0.505,1.187
-2.231,-1.162
-2.349,-1.032
2.489,-0.915
-2.781,2.772
-2.162,-1.101
-2.761,-1.277
0.024,-1.166
-0.094,-1.08
-0.002,0.585
-0.154,-0.135
-0.043,-0.474
-0.043,0.426
-0.181,-0.711
-0.11,-0.379
-0.309,0.605
-0.195,-1.815
-0.412,-2.021
-1.069,-2.188
-0.952,-2.229
-1.155,-2.134
-1.614,-2.467
-1.586,-2.538
-1.849,-2.386
-1.769,-2.189
-1.881,-2.226
-2.563,-2.397
-2.497,-2.145
-2.471,-2.263
-2.808,-2.256
-2.97,-2.495
2.506,-2.356
2.511,-2.565
2.248,-2.339
2.242,-2.36
0.118,-2.453
-0.367,-2.284
-0.422,1.961
-0.597,2.192
-1.396,2.247
-1.704,2.024
-2.363,1.927
-2.563,1.885
2.716,2.013
2.698,1.921
2.581,1.929
2.156,2.056
1.753,1.925
1.079,2.1
0.622,1.954
0.36,1.938
-1.311,-0.033
-1.695,-0.032
-2.54,-0.657
1.677,-0.032
1.495,0.584
0.775,1.334
0.506,1.547
-0.086,-1.566
1.953,0.277
1.266,0.64
0.384,0.572
0.367,1.456
0.371,0.89
0.307,1.457
0.316,-0.11
0.288,1.297
0.204,0.682
0.166,0.715
0.086,0.033
0.054,1.255
0.13,1.364
-0.002,0.457
-0.094,0.024
-2.014,-0.927
2.978,0.202
0.324,-1.323
-0.102,0.134
-0.358,0.191
-2.084,-2.158
-2.202,-2.028
2.636,-1.911
-2.634,1.776
-2.015,-2.097
-2.614,-2.273
-0.118,0.086
-0.026,1.751
-0.178,1.031
-0.067,0.692
-0.067,1.592
-0.205,0.455
-0.134,0.787
-0.333,1.771
-0.219,-0.649
-0.436,-0.855
-1.093,-1.022
-0.976,-1.063
-1.179,-0.968
-1.638,-1.301
-1.61,-1.372
-1.873,-1.22
-1.793,-1.023
-1.905,-1.06
-2.587,-1.231
-2.521,-0.979
-2.495,-1.097
-2.832,-1.09
-2.994,-1.329
2.482,-1.19
2.487,-1.399
2.224,-1.173
2.218,-1.194
0.094,-1.287
-0.391,-1.118
-0.446,3.127
-0.621,3.358
-1.42,3.413
-1.728,3.19
-2.387,3.093
-2.587,3.051
2.692,3.179
2.674,3.087
2.557,3.095
2.132,3.222
1.729,3.091
1.055,3.266
0.598,3.12
0.336,3.104
-1.335,1.133
-1.719,1.134
-2.564,0.509
1.653,1.134
1.471,1.75
0.751,2.5
0.482,2.713
-0.11,-0.4
1.929,1.443
1.242,1.806
0.36,1.738
0.343,2.622
0.347,2.056
0.283,2.623
0.292,1.056
0.264,2.463
0.18,1.848
0.142,1.881
0.062,1.199
0.03,2.421
0.106,2.53
-0.026,1.623
-0.118,1.19
-2.038,0.239
2.954,1.368
0.3,-0.157
-0.126,1.3
-0.382,1.357
-2.108,-0.992
-2.226,-0.862
2.612,-0.745
-2.658,2.942
-2.039,-0.931
-2.638,-1.107
0.092,1.665
-0.06,0.945
0.051,0.606
0.051,1.506
-0.087,0.369
-0.016,0.701
-0.215,1.685
-0.101,-0.735
-0.318,-0.941
-0.975,-1.108
-0.858,-1.149
-1.061,-1.054
-1.52,-1.387
-1.492,-1.458
-1.755,-1.306
-1.675,-1.109
-1.787,-1.146
-2.469,-1.317
-2.403,-1.065
-2.377,-1.183
-2.714,-1.176
-2.876,-1.415
2.6,-1.276
2.605,-1.485
2.342,-1.259
2.336,-1.28
0.212,-1.373
-0.273,-1.204
-0.328,3.041
-0.503,3.272
-1.302,3.327
-1.61,3.104
-2.269,3.007
-2.469,2.965
2.81,3.093
2.792,3.001
2.675,3.009
2.25,3.136
1.847,3.005
1.173,3.18
0.716,3.034
0.454,3.018
-1.217,1.047
-1.601,1.048
-2.446,0.423
1.771,1.048
1.589,1.664
0.869,2.414
0.6,2.627
0.008,-0.486
2.047,1.357
1.36,1.72
0.478,1.652
0.461,2.536
0.465,1.97
0.401,2.537
0.41,0.97
0.382,2.377
0.298,1.762
0.26,1.795
0.18,1.113
0.148,2.335
0.224,2.444
0.092,1.537
0.0,1.104
-1.92,0.153
3.072,1.282
0.418,-0.243
-0.008,1.214
-0.264,1.271
-1.99,-1.078
-2.108,-0.948
2.73,-0.831
-2.54,2.856
-1.921,-1.017
-2.52,-1.193
-0.152,-0.72
-0.041,-1.059
-0.041,-0.159
-0.179,-1.296
-0.108,-0.964
-0.307,0.02
-0.193,-2.4
-0.41,-2.606
-1.067,-2.773
-0.95,-2.814
-1.153,-2.719
-1.612,-3.052
-1.584,-3.123
-1.847,-2.971
-1.767,-2.774
-1.879,-2.811
-2.561,-2.982
-2.495,-2.73
-2.469,-2.848
-2.806,-2.841
-2.968,-3.08
2.508,-2.941
2.513,-3.15
2.25,-2.924
2.244,-2.945
0.12,-3.038
-0.365,-2.869
-0.42,1.376
-0.595,1.607
-1.394,1.662
-1.702,1.439
-2.361,1.342
-2.561,1.3
2.718,1.428
2.7,1.336
2.583,1.344
2.158,1.471
1.755,1.34
1.081,1.515
0.624,1.369
0.362,1.353
-1.309,-0.618
-1.693,-0.617
-2.538,-1.242
1.679,-0.617
1.497,-0.001
0.777,0.749
0.508,0.962
-0.084,-2.151
1.955,-0.308
1.268,0.055
0.386,-0.013
0.369,0.871
0.373,0.305
0.309,0.872
0.318,-0.695
0.29,0.712
0.206,0.097
0.168,0.13
0.088,-0.552
0.056,0.67
0.132,0.779
0.0,-0.128
-0.092,-0.561
-2.012,-1.512
2.98,-0.383
0.326,-1.908
-0.1,-0.451
-0.356,-0.394
-2.082,-2.743
-2.2,-2.613
2.638,-2.496
-2.632,1.191
-2.013,-2.682
-2.612,-2.858
0.111,-0.339
0.111,0.561
-0.027,-0.576
0.044,-0.244
-0.155,0.74
-0.041,-1.68
-0.258,-1.886
-0.915,-2.053
-0.798,-2.094
-1.001,-1.999
-1.46,-2.332
-1.432,-2.403
-1.695,-2.251
-1.615,-2.054
-1.727,-2.091
-2.409,-2.262
-2.343,-2.01
-2.317,-2.128
-2.654,-2.121
-2.816,-2.36
2.66,-2.221
2.665,-2.43
2.402,-2.204
2.396,-2.225
0.272,-2.318
-0.213,-2.149
-0.268,2.096
-0.443,2.327
-1.242,2.382
-1.55,2.159
-2.209,2.062
-2.409,2.02
2.87,2.148
2.852,2.056
2.735,2.064
2.31,2.191
1.907,2.06
1.233,2.235
0.776,2.089
0.514,2.073
-1.157,0.102
-1.541,0.103
-2.386,-0.522
1.831,0.103
1.649,0.719
0.929,1.469
0.66,1.682
0.068,-1.431
2.107,0.412
1.42,0.775
0.538,0.707
0.521,1.591
0.525,1.025
0.461,1.592
0.47,0.025
0.442,1.432
0.358,0.817
0.32,0.85
0.24,0.168
0.208,1.39
0.284,1.499
0.152,0.592
0.06,0.159
-1.86,-0.792
3.132,0.337
0.478,-1.188
0.052,0.269
-0.204,0.326
-1.93,-2.023
-2.048,-1.893
2.79,-1.776
-2.48,1.911
-1.861,-1.962
-2.46,-2.138
0.0,0.9
-0.138,-0.237
-0.067,0.095
-0.266,1.079
-0.152,-1.341
-0.369,-1.547
-1.026,-1.714
-0.909,-1.755
-1.112,-1.66
-1.571,-1.993
-1.543,-2.064
-1.806,-1.912
-1.726,-1.715
-1.838,-1.752
-2.52,-1.923
-2.454,-1.671
-2.428,-1.789
-2.765,-1.782
-2.927,-2.021
2.549,-1.882
2.554,-2.091
2.291,-1.865
2.285,-1.886
0.161,-1.979
-0.324,-1.81
-0.379,2.435
-0.554,2.666
-1.353,2.721
-1.661,2.498
-2.32,2.401
-2.52,2.359
2.759,2.487
2.741,2.395
2.624,2.403
2.199,2.53
1.796,2.399
1.122,2.574
0.665,2.428
0.403,2.412
-1.268,0.441
-1.652,0.442
-2.497,-0.183
1.72,0.442
1.538,1.058
0.818,1.808
0.549,2.021
-0.043,-1.092
1.996,0.751
1.309,1.114
0.427,1.046
0.41,1.93
0.414,1.364
0.35,1.931
0.359,0.364
0.331,1.771
0.247,1.156
0.209,1.189
0.129,0.507
0.097,1.729
0.173,1.838
0.041,0.931
-0.051,0.498
-1.971,-0.453
3.021,0.676
0.367,-0.849
-0.059,0.608
-0.315,0.665
-2.041,-1.684
-2.159,-1.554
2.679,-1.437
-2.591,2.25
-1.972,-1.623
-2.571,-1.799
-0.138,-1.137
-0.067,-0.805
-0.266,0.179
-0.152,-2.241
-0.369,-2.447
-1.026,-2.614
-0.909,-2.655
-1.112,-2.56
-1.571,-2.893
-1.543,-2.964
-1.806,-2.812
-1.726,-2.615
-1.838,-2.652
-2.52,-2.823
-2.454,-2.571
-2.428,-2.689
-2.765,-2.682
-2.927,-2.921
2.549,-2.782
2.554,-2.991
2.291,-2.765
2.285,-2.786
0.161,-2.879
-0.324,-2.71
-0.379,1.535
-0.554,1.766
-1.353,1.821
-1.661,1.598
-2.32,1.501
-2.52,1.459
2.759,1.587
2.741,1.495
2.624,1.503
2.199,1.63
1.796,1.499
1.122,1.674
0.665,1.528
0.403,1.512
-1.268,-0.459
-1.652,-0.458
-2.497,-1.083
1.72,-0.458
1.538,0.158
0.818,0.908
0.549,1.121
-0.043,-1.992
1.996,-0.149
1.309,0.214
0.427,0.146
0.41,1.03
0.414,0.464
0.35,1.031
0.359,-0.536
0.331,0.871
0.247,0.256
0.209,0.289
0.129,-0.393
0.097,0.829
0.173,0.938
0.041,0.031
-0.051,-0.402
-1.971,-1.353
3.021,-0.224
0.367,-1.749
-0.059,-0.292
-0.315,-0.235
-2.041,-2.584
-2.159,-2.454
2.679,-2.337
-2.591,1.35
-1.972,-2.523
-2.571,-2.699
0.071,0.332
-0.128,1.316
-0.014,-1.104
-0.231,-1.31
-0.888,-1.477
-0.771,-1.518
-0.974,-1.423
-1.433,-1.756
-1.405,-1.827
-1.668,-1.675
-1.588,-1.478
-1.7,-1.515
-2.382,-1.686
-2.316,-1.434
-2.29,-1.552
-2.627,-1.545
-2.789,-1.784
2.687,-1.645
2.692,-1.854
2.429,-1.628
2.423,-1.649
0.299,-1.742
-0.186,-1.573
-0.241,2.672
-0.416,2.903
-1.215,2.958
-1.523,2.735
-2.182,2.638
-2.382,2.596
2.897,2.724
2.879,2.632
2.762,2.64
2.337,2.767
1.934,2.636
1.26,2.811
0.803,2.665
0.541,2.649
-1.13,0.678
-1.514,0.679
-2.359,0.054
1.858,0.679
1.676,1.295
0.956,2.045
0.687,2.258
0.095,-0.855
2.134,0.988
1.447,1.351
0.565,1.283
0.548,2.167
0.552,1.601
0.488,2.168
0.497,0.601
0.469,2.008
0.385,1.393
0.347,1.426
0.267,0.744
0.235,1.966
0.311,2.075
0.179,1.168
0.087,0.735
-1.833,-0.216
-3.124,0.913
0.505,-0.612
0.079,0.845
-0.177,0.902
-1.903,-1.447
-2.021,-1.317
2.817,-1.2
-2.453,2.487
-1.834,-1.386
-2.433,-1.562
-0.199,0.984
-0.085,-1.436
-0.302,-1.642
-0.959,-1.809
-0.842,-1.85
-1.045,-1.755
-1.504,-2.088
-1.476,-2.159
-1.739,-2.007
-1.659,-1.81
-1.771,-1.847
-2.453,-2.018
-2.387,-1.766
-2.361,-1.884
-2.698,-1.877
-2.86,-2.116
2.616,-1.977
2.621,-2.186
2.358,-1.96
2.352,-1.981
0.228,-2.074
-0.257,-1.905
-0.312,2.34
-0.487,2.571
-1.286,2.626
-1.594,2.403
-2.253,2.306
-2.453,2.264
2.826,2.392
2.808,2.3
2.691,2.308
2.266,2.435
1.863,2.304
1.189,2.479
0.732,2.333
0.47,2.317
-1.201,0.346
-1.585,0.347
-2.43,-0.278
1.787,0.347
1.605,0.963
0.885,1.713
0.616,1.926
0.024,-1.187
2.063,0.656
1.376,1.019
0.494,0.951
0.477,1.835
0.481,1.269
0.417,1.836
0.426,0.269
0.398,1.676
0.314,1.061
0.276,1.094
0.196,0.412
0.164,1.634
0.24,1.743
0.108,0.836
0.016,0.403
-1.904,-0.548
3.088,0.581
0.434,-0.944
0.008,0.513
-0.248,0.57
-1.974,-1.779
-2.092,-1.649
2.746,-1.532
-2.524,2.155
-1.905,-1.718
-2.504,-1.894
0.114,-2.42
-0.103,-2.626
-0.76,-2.793
-0.643,-2.834
-0.846,-2.739
-1.305,-3.072
-1.277,-3.143
-1.54,-2.991
-1.46,-2.794
-1.572,-2.831
-2.254,-3.002
-2.188,-2.75
-2.162,-2.868
-2.499,-2.861
-2.661,-3.1
2.815,-2.961
2.82,-3.17
2.557,-2.944
2.551,-2.965
0.427,-3.058
-0.058,-2.889
-0.113,1.356
-0.288,1.587
-1.087,1.642
-1.395,1.419
-2.054,1.322
-2.254,1.28
3.025,1.408
3.007,1.316
2.89,1.324
2.465,1.451
2.062,1.32
1.388,1.495
0.931,1.349
0.669,1.333
-1.002,-0.638
-1.386,-0.637
-2.231,-1.262
1.986,-0.637
1.804,-0.021
1.084,0.729
0.815,0.942
0.223,-2.171
2.262,-0.328
1.575,0.035
0.693,-0.033
0.676,0.851
0.68,0.285
0.616,0.852
0.625,-0.715
0.597,0.692
0.513,0.077
0.475,0.11
0.395,-0.572
0.363,0.65
0.439,0.759
0.307,-0.148
0.215,-0.581
-1.705,-1.532
-2.996,-0.403
0.633,-1.928
0.207,-0.471
-0.049,-0.414
-1.775,-2.763
-1.893,-2.633
2.945,-2.516
-2.325,1.171
-1.706,-2.702
-2.305,-2.878
-0.217,-0.206
-0.874,-0.373
-0.757,-0.414
-0.96,-0.319
-1.419,-0.652
-1.391,-0.723
-1.654,-0.571
-1.574,-0.374
-1.686,-0.411
-2.368,-0.582
-2.302,-0.33
-2.276,-0.448
-2.613,-0.441
-2.775,-0.68
2.701,-0.541
2.706,-0.75
2.443,-0.524
2.437,-0.545
0.313,-0.638
-0.172,-0.469
-0.227,3.776
-0.402,4.007
-1.201,4.062
-1.509,3.839
-2.168,3.742
-2.368,3.7
2.911,3.828
2.893,3.736
2.776,3.744
2.351,3.871
1.948,3.74
1.274,3.915
0.817,3.769
0.555,3.753
-1.116,1.782
-1.5,1.783
-2.345,1.158
1.872,1.783
1.69,2.399
0.97,3.149
0.701,3.362
0.109,0.249
2.148,2.092
1.461,2.455
0.579,2.387
0.562,3.271
0.566,2.705
0.502,3.272
0.511,1.705
0.483,3.112
0.399,2.497
0.361,2.53
0.281,1.848
0.249,3.07
0.325,3.179
0.193,2.272
0.101,1.839
-1.819,0.888
-3.11,2.017
0.519,0.492
0.093,1.949
-0.163,2.006
-1.889,-0.343
-2.007,-0.213
2.831,-0.096
-2.439,3.591
-1.82,-0.282
-2.419,-0.458
-0.657,-0.167
-0.54,-0.208
-0.743,-0.113
-1.202,-0.446
-1.174,-0.517
-1.437,-0.365
-1.357,-0.168
-1.469,-0.205
-2.151,-0.376
-2.085,-0.124
-2.059,-0.242
-2.396,-0.235
-2.558,-0.474
2.918,-0.335
2.923,-0.544
2.66,-0.318
2.654,-0.339
0.53,-0.432
0.045,-0.263
-0.01,3.982
-0.185,4.213
-0.984,4.268
-1.292,4.045
-1.951,3.948
-2.151,3.906
3.128,4.034
3.11,3.942
2.993,3.95
2.568,4.077
2.165,3.946
1.491,4.121
1.034,3.975
0.772,3.959
-0.899,1.988
-1.283,1.989
-2.128,1.364
2.089,1.989
1.907,2.605
1.187,3.355
0.918,3.568
0.326,0.455
2.365,2.298
1.678,2.661
0.796,2.593
0.779,3.477
0.783,2.911
0.719,3.478
0.728,1.911
0.7,3.318
0.616,2.703
0.578,2.736
0.498,2.054
0.466,3.276
0.542,3.385
0.41,2.478
0.318,2.045
-1.602,1.094
-2.893,2.223
0.736,0.698
0.31,2.155
0.054,2.212
-1.672,-0.137
-1.79,-0.007
3.048,0.11
-2.222,3.797
-1.603,-0.076
-2.202,-0.252
0.117,-0.041
-0.086,0.054
-0.545,-0.279
-0.517,-0.35
-0.78,-0.198
-0.7,-0.001
-0.812,-0.038
-1.494,-0.209
-1.428,0.043
-1.402,-0.075
-1.739,-0.068
-1.901,-0.307
-2.708,-0.168
-2.703,-0.377
-2.966,-0.151
-2.972,-0.172
1.187,-0.265
0.702,-0.096
0.647,4.149
0.472,4.38
-0.327,4.435
-0.635,4.212
-1.294,4.115
-1.494,4.073
-2.498,4.201
-2.516,4.109
-2.633,4.117
-3.058,4.244
2.822,4.113
2.148,4.288
1.691,4.142
1.429,4.126
-0.242,2.155
-0.626,2.156
-1.471,1.531
2.746,2.156
2.564,2.772
1.844,3.522
1.575,3.735
0.983,0.622
3.022,2.465
2.335,2.828
1.453,2.76
1.436,3.644
1.44,3.078
1.376,3.645
1.385,2.078
1.357,3.485
1.273,2.87
1.235,2.903
1.155,2.221
1.123,3.443
1.199,3.552
1.067,2.645
0.975,2.212
-0.945,1.261
-2.236,2.39
1.393,0.865
0.967,2.322
0.711,2.379
-1.015,0.03
-1.133,0.16
-2.578,0.277
-1.565,3.964
-0.946,0.091
-1.545,-0.085
-0.203,0.095
-0.662,-0.238
-0.634,-0.309
-0.897,-0.157
-0.817,0.04
-0.929,0.003
-1.611,-0.168
-1.545,0.084
-1.519,-0.034
-1.856,-0.027
-2.018,-0.266
-2.825,-0.127
-2.82,-0.336
-3.083,-0.11
-3.089,-0.131
1.07,-0.224
0.585,-0.055
0.53,4.19
0.355,4.421
-0.444,4.476
-0.752,4.253
-1.411,4.156
-1.611,4.114
-2.615,4.242
-2.633,4.15
-2.75,4.158
3.108,4.285
2.705,4.154
2.031,4.329
1.574,4.183
1.312,4.167
-0.359,2.196
-0.743,2.197
-1.588,1.572
2.629,2.197
2.447,2.813
1.727,3.563
1.458,3.776
0.866,0.663
2.905,2.506
2.218,2.869
1.336,2.801
1.319,3.685
1.323,3.119
1.259,3.686
1.268,2.119
1.24,3.526
1.156,2.911
1.118,2.944
1.038,2.262
1.006,3.484
1.082,3.593
0.95,2.686
0.858,2.253
-1.062,1.302
-2.353,2.431
1.276,0.906
0.85,2.363
0.594,2.42
-1.132,0.071
-1.25,0.201
-2.695,0.318
-1.682,4.005
-1.063,0.132
-1.662,-0.044
-0.459,-0.333
-0.431,-0.404
-0.694,-0.252
-0.614,-0.055
-0.726,-0.092
-1.408,-0.263
-1.342,-0.011
-1.316,-0.129
-1.653,-0.122
-1.815,-0.361
-2.622,-0.222
-2.617,-0.431
-2.88,-0.205
-2.886,-0.226
1.273,-0.319
0.788,-0.15
0.733,4.095
0.558,4.326
-0.241,4.381
-0.549,4.158
-1.208,4.061
-1.408,4.019
-2.412,4.147
-2.43,4.055
-2.547,4.063
-2.972,4.19
2.908,4.059
2.234,4.234
1.777,4.088
1.515,4.072
-0.156,2.101
-0.54,2.102
-1.385,1.477
2.832,2.102
2.65,2.718
1.93,3.468
1.661,3.681
1.069,0.568
3.108,2.411
2.421,2.774
1.539,2.706
1.522,3.59
1.526,3.024
1.462,3.591
1.471,2.024
1.443,3.431
1.359,2.816
1.321,2.849
1.241,2.167
1.209,3.389
1.285,3.498
1.153,2.591
1.061,2.158
-0.859,1.207
-2.15,2.336
1.479,0.811
1.053,2.268
0.797,2.325
-0.929,-0.024
-1.047,0.106
-2.492,0.223
-1.479,3.91
-0.86,0.037
-1.459,-0.139
0.028,-0.071
-0.235,0.081
-0.155,0.278
-0.267,0.241
-0.949,0.07
-0.883,0.322
-0.857,0.204
-1.194,0.211
-1.356,-0.028
-2.163,0.111
-2.158,-0.098
-2.421,0.128
-2.427,0.107
1.732,0.014
1.247,0.183
1.192,4.428
1.017,4.659
0.218,4.714
-0.09,4.491
-0.749,4.394
-0.949,4.352
-1.953,4.48
-1.971,4.388
-2.088,4.396
-2.513,4.523
-2.916,4.392
2.693,4.567
2.236,4.421
1.974,4.405
0.303,2.434
-0.081,2.435
-0.926,1.81
-2.992,2.435
3.109,3.051
2.389,3.801
2.12,4.014
1.528,0.901
-2.716,2.744
2.88,3.107
1.998,3.039
1.981,3.923
1.985,3.357
1.921,3.924
1.93,2.357
1.902,3.764
1.818,3.149
1.78,3.182
1.7,2.5
1.668,3.722
1.744,3.831
1.612,2.924
1.52,2.491
-0.4,1.54
-1.691,2.669
1.938,1.144
1.512,2.601
1.256,2.658
-0.47,0.309
-0.588,0.439
-2.033,0.556
-1.02,4.243
-0.401,0.37
-1.0,0.194
-0.263,0.152
-0.183,0.349
-0.295,0.312
-0.977,0.141
-0.911,0.393
-0.885,0.275
-1.222,0.282
-1.384,0.043
-2.191,0.182
-2.186,-0.027
-2.449,0.199
-2.455,0.178
1.704,0.085
1.219,0.254
1.164,4.499
0.989,4.73
0.19,4.785
-0.118,4.562
-0.777,4.465
-0.977,4.423
-1.981,4.551
-1.999,4.459
-2.116,4.467
-2.541,4.594
-2.944,4.463
2.665,4.638
2.208,4.492
1.946,4.476
0.275,2.505
-0.109,2.506
-0.954,1.881
-3.02,2.506
3.081,3.122
2.361,3.872
2.092,4.085
1.5,0.972
-2.744,2.815
2.852,3.178
1.97,3.11
1.953,3.994
1.957,3.428
1.893,3.995
1.902,2.428
1.874,3.835
1.79,3.22
1.752,3.253
1.672,2.571
1.64,3.793
1.716,3.902
1.584,2.995
1.492,2.562
-0.428,1.611
-1.719,2.74
1.91,1.215
1.484,2.672
1.228,2.729
-0.498,0.38
-0.616,0.51
-2.061,0.627
-1.048,4.314
-0.429,0.441
-1.028,0.265
0.08,0.197
-0.032,0.16
-0.714,-0.011
-0.648,0.241
-0.622,0.123
-0.959,0.13
-1.121,-0.109
-1.928,0.03
-1.923,-0.179
-2.186,0.047
-2.192,0.026
1.967,-0.067
1.482,0.102
1.427,4.347
1.252,4.578
0.453,4.633
0.145,4.41
-0.514,4.313
-0.714,4.271
-1.718,4.399
-1.736,4.307
-1.853,4.315
-2.278,4.442
-2.681,4.311
2.928,4.486
2.471,4.34
2.209,4.324
0.538,2.353
0.154,2.354
-0.691,1.729
-2.757,2.354
-2.939,2.97
2.624,3.72
2.355,3.933
1.763,0.82
-2.481,2.663
3.115,3.026
2.233,2.958
2.216,3.842
2.22,3.276
2.156,3.843
2.165,2.276
2.137,3.683
2.053,3.068
2.015,3.101
1.935,2.419
1.903,3.641
1.979,3.75
1.847,2.843
1.755,2.41
-0.165,1.459
-1.456,2.588
2.173,1.063
1.747,2.52
1.491,2.577
-0.235,0.228
-0.353,0.358
-1.798,0.475
-0.785,4.162
-0.166,0.289
-0.765,0.113
-0.112,-0.037
-0.794,-0.208
-0.728,0.044
-0.702,-0.074
-1.039,-0.067
-1.201,-0.306
-2.008,-0.167
-2.003,-0.376
-2.266,-0.15
-2.272,-0.171
1.887,-0.264
1.402,-0.095
1.347,4.15
1.172,4.381
0.373,4.436
0.065,4.213
-0.594,4.116
-0.794,4.074
-1.798,4.202
-1.816,4.11
-1.933,4.118
-2.358,4.245
-2.761,4.114
2.848,4.289
2.391,4.143
2.129,4.127
0.458,2.156
0.074,2.157
-0.771,1.532
-2.837,2.157
-3.019,2.773
2.544,3.523
2.275,3.736
1.683,0.623
-2.561,2.466
3.035,2.829
2.153,2.761
2.136,3.645
2.14,3.079
2.076,3.646
2.085,2.079
2.057,3.486
1.973,2.871
1.935,2.904
1.855,2.222
1.823,3.444
1.899,3.553
1.767,2.646
1.675,2.213
-0.245,1.262
-1.536,2.391
2.093,0.866
1.667,2.323
1.411,2.38
-0.315,0.031
-0.433,0.161
-1.878,0.278
-0.865,3.965
-0.246,0.092
-0.845,-0.084
-0.682,-0.171
-0.616,0.081
-0.59,-0.037
-0.927,-0.03
-1.089,-0.269
-1.896,-0.13
-1.891,-0.339
-2.154,-0.113
-2.16,-0.134
1.999,-0.227
1.514,-0.058
1.459,4.187
1.284,4.418
0.485,4.473
0.177,4.25
-0.482,4.153
-0.682,4.111
-1.686,4.239
-1.704,4.147
-1.821,4.155
-2.246,4.282
-2.649,4.151
2.96,4.326
2.503,4.18
2.241,4.164
0.57,2.193
0.186,2.194
-0.659,1.569
-2.725,2.194
-2.907,2.81
2.656,3.56
2.387,3.773
1.795,0.66
-2.449,2.503
-3.136,2.866
2.265,2.798
2.248,3.682
2.252,3.116
2.188,3.683
2.197,2.116
2.169,3.523
2.085,2.908
2.047,2.941
1.967,2.259
1.935,3.481
2.011,3.59
1.879,2.683
1.787,2.25
-0.133,1.299
-1.424,2.428
2.205,0.903
1.779,2.36
1.523,2.417
-0.203,0.068
-0.321,0.198
-1.766,0.315
-0.753,4.002
-0.134,0.129
-0.733,-0.047
0.066,0.252
0.092,0.134
-0.245,0.141
-0.407,-0.098
-1.214,0.041
-1.209,-0.168
-1.472,0.058
-1.478,0.037
2.681,-0.056
2.196,0.113
2.141,4.358
1.966,4.589
1.167,4.644
0.859,4.421
0.2,4.324
0.0,4.282
-1.004,4.41
-1.022,4.318
-1.139,4.326
-1.564,4.453
-1.967,4.322
-2.641,4.497
-3.098,4.351
2.923,4.335
1.252,2.364
0.868,2.365
0.023,1.74
-2.043,2.365
-2.225,2.981
-2.945,3.731
3.069,3.944
2.477,0.831
-1.767,2.674
-2.454,3.037
2.947,2.969
2.93,3.853
2.934,3.287
2.87,3.854
2.879,2.287
2.851,3.694
2.767,3.079
2.729,3.112
2.649,2.43
2.617,3.652
2.693,3.761
2.561,2.854
2.469,2.421
0.549,1.47
-0.742,2.599
2.887,1.074
2.461,2.531
2.205,2.588
0.479,0.239
0.361,0.369
-1.084,0.486
-0.071,4.173
0.548,0.3
-0.051,0.124
0.026,-0.118
-0.311,-0.111
-0.473,-0.35
-1.28,-0.211
-1.275,-0.42
-1.538,-0.194
-1.544,-0.215
2.615,-0.308
2.13,-0.139
2.075,4.106
1.9,4.337
1.101,4.392
0.793,4.169
0.134,4.072
-0.066,4.03
-1.07,4.158
-1.088,4.066
-1.205,4.074
-1.63,4.201
-2.033,4.07
-2.707,4.245
3.119,4.099
2.857,4.083
1.186,2.112
0.802,2.113
-0.043,1.488
-2.109,2.113
-2.291,2.729
-3.011,3.479
3.003,3.692
2.411,0.579
-1.833,2.422
-2.52,2.785
2.881,2.717
2.864,3.601
2.868,3.035
2.804,3.602
2.813,2.035
2.785,3.442
2.701,2.827
2.663,2.86
2.583,2.178
2.551,3.4
2.627,3.509
2.495,2.602
2.403,2.169
0.483,1.218
-0.808,2.347
2.821,0.822
2.395,2.279
2.139,2.336
0.413,-0.013
0.295,0.117
-1.15,0.234
-0.137,3.921
0.482,0.048
-0.117,-0.128
-0.337,0.007
-0.499,-0.232
-1.306,-0.093
-1.301,-0.302
-1.564,-0.076
-1.57,-0.097
2.589,-0.19
2.104,-0.021
2.049,4.224
1.874,4.455
1.075,4.51
0.767,4.287
0.108,4.19
-0.092,4.148
-1.096,4.276
-1.114,4.184
-1.231,4.192
-1.656,4.319
-2.059,4.188
-2.733,4.363
3.093,4.217
2.831,4.201
1.16,2.23
0.776,2.231
-0.069,1.606
-2.135,2.231
-2.317,2.847
-3.037,3.597
2.977,3.81
2.385,0.697
-1.859,2.54
-2.546,2.903
2.855,2.835
2.838,3.719
2.842,3.153
2.778,3.72
2.787,2.153
2.759,3.56
2.675,2.945
2.637,2.978
2.557,2.296
2.525,3.518
2.601,3.627
2.469,2.72
2.377,2.287
0.457,1.336
-0.834,2.465
2.795,0.94
2.369,2.397
2.113,2.454
0.387,0.105
0.269,0.235
-1.176,0.352
-0.163,4.039
0.456,0.166
-0.143,-0.01
-0.162,-0.239
-0.969,-0.1
-0.964,-0.309
-1.227,-0.083
-1.233,-0.104
2.926,-0.197
2.441,-0.028
2.386,4.217
2.211,4.448
1.412,4.503
1.104,4.28
0.445,4.183
0.245,4.141
-0.759,4.269
-0.777,4.177
-0.894,4.185
-1.319,4.312
-1.722,4.181
-2.396,4.356
-2.853,4.21
-3.115,4.194
1.497,2.223
1.113,2.224
0.268,1.599
-1.798,2.224
-1.98,2.84
-2.7,3.59
-2.969,3.803
2.722,0.69
-1.522,2.533
-2.209,2.896
-3.091,2.828
-3.108,3.712
-3.104,3.146
3.115,3.713
3.124,2.146
3.096,3.553
3.012,2.938
2.974,2.971
2.894,2.289
2.862,3.511
2.938,3.62
2.806,2.713
2.714,2.28
0.794,1.329
-0.497,2.458
3.132,0.933
2.706,2.39
2.45,2.447
0.724,0.098
0.606,0.228
-0.839,0.345
0.174,4.032
0.793,0.159
0.194,-0.017
-0.807,0.139
-0.802,-0.07
-1.065,0.156
-1.071,0.135
3.088,0.042
2.603,0.211
2.548,4.456
2.373,4.687
1.574,4.742
1.266,4.519
0.607,4.422
0.407,4.38
-0.597,4.508
-0.615,4.416
-0.732,4.424
-1.157,4.551
-1.56,4.42
-2.234,4.595
-2.691,4.449
-2.953,4.433
1.659,2.462
1.275,2.463
0.43,1.838
-1.636,2.463
-1.818,3.079
-2.538,3.829
-2.807,4.042
2.884,0.929
-1.36,2.772
-2.047,3.135
-2.929,3.067
-2.946,3.951
-2.942,3.385
-3.006,3.952
-2.997,2.385
-3.025,3.792
-3.109,3.177
3.136,3.21
3.056,2.528
3.024,3.75
3.1,3.859
2.968,2.952
2.876,2.519
0.956,1.568
-0.335,2.697
-2.989,1.172
2.868,2.629
2.612,2.686
0.886,0.337
0.768,0.467
-0.677,0.584
0.336,4.271
0.955,0.398
0.356,0.222
0.005,-0.209
-0.258,0.017
-0.264,-0.004
-2.388,-0.097
-2.873,0.072
-2.928,4.317
-3.103,4.548
2.381,4.603
2.073,4.38
1.414,4.283
1.214,4.241
0.21,4.369
0.192,4.277
0.075,4.285
-0.35,4.412
-0.753,4.281
-1.427,4.456
-1.884,4.31
-2.146,4.294
2.466,2.323
2.082,2.324
1.237,1.699
-0.829,2.324
-1.011,2.94
-1.731,3.69
-2.0,3.903
-2.592,0.79
-0.553,2.633
-1.24,2.996
-2.122,2.928
-2.139,3.812
-2.135,3.246
-2.199,3.813
-2.19,2.246
-2.218,3.653
-2.302,3.038
-2.34,3.071
-2.42,2.389
-2.452,3.611
-2.376,3.72
-2.508,2.813
-2.6,2.38
1.763,1.429
0.472,2.558
-2.182,1.033
-2.608,2.49
-2.864,2.547
1.693,0.198
1.575,0.328
0.13,0.445
1.143,4.132
1.762,0.259
1.163,0.083
-0.263,0.226
-0.269,0.205
-2.393,0.112
-2.878,0.281
-2.933,4.526
-3.108,4.757
2.376,4.812
2.068,4.589
1.409,4.492
1.209,4.45
0.205,4.578
0.187,4.486
0.07,4.494
-0.355,4.621
-0.758,4.49
-1.432,4.665
-1.889,4.519
-2.151,4.503
2.461,2.532
2.077,2.533
1.232,1.908
-0.834,2.533
-1.016,3.149
-1.736,3.899
-2.005,4.112
-2.597,0.999
-0.558,2.842
-1.245,3.205
-2.127,3.137
-2.144,4.021
-2.14,3.455
-2.204,4.022
-2.195,2.455
-2.223,3.862
-2.307,3.247
-2.345,3.28
-2.425,2.598
-2.457,3.82
-2.381,3.929
-2.513,3.022
-2.605,2.589
1.758,1.638
0.467,2.767
-2.187,1.242
-2.613,2.699
-2.869,2.756
1.688,0.407
1.57,0.537
0.125,0.654
1.138,4.341
1.757,0.468
1.158,0.292
-0.006,-0.021
-2.13,-0.114
-2.615,0.055
-2.67,4.3
-2.845,4.531
2.639,4.586
2.331,4.363
1.672,4.266
1.472,4.224
0.468,4.352
0.45,4.26
0.333,4.268
-0.092,4.395
-0.495,4.264
-1.169,4.439
-1.626,4.293
-1.888,4.277
2.724,2.306
2.34,2.307
1.495,1.682
-0.571,2.307
-0.753,2.923
-1.473,3.673
-1.742,3.886
-2.334,0.773
-0.295,2.616
-0.982,2.979
-1.864,2.911
-1.881,3.795
-1.877,3.229
-1.941,3.796
-1.932,2.229
-1.96,3.636
-2.044,3.021
-2.082,3.054
-2.162,2.372
-2.194,3.594
-2.118,3.703
-2.25,2.796
-2.342,2.363
2.021,1.412
0.73,2.541
-1.924,1.016
-2.35,2.473
-2.606,2.53
1.951,0.181
1.833,0.311
0.388,0.428
1.401,4.115
2.02,0.242
1.421,0.066
-2.124,-0.093
-2.609,0.076
-2.664,4.321
-2.839,4.552
2.645,4.607
2.337,4.384
1.678,4.287
1.478,4.245
0.474,4.373
0.456,4.281
0.339,4.289
-0.086,4.416
-0.489,4.285
-1.163,4.46
-1.62,4.314
-1.882,4.298
2.73,2.327
2.346,2.328
1.501,1.703
-0.565,2.328
-0.747,2.944
-1.467,3.694
-1.736,3.907
-2.328,0.794
-0.289,2.637
-0.976,3.0
-1.858,2.932
-1.875,3.816
-1.871,3.25
-1.935,3.817
-1.926,2.25
-1.954,3.657
-2.038,3.042
-2.076,3.075
-2.156,2.393
-2.188,3.615
-2.112,3.724
-2.244,2.817
-2.336,2.384
2.027,1.433
0.736,2.562
-1.918,1.037
-2.344,2.494
-2.6,2.551
1.957,0.202
1.839,0.332
0.394,0.449
1.407,4.136
2.026,0.263
1.427,0.087
-0.485,0.169
-0.54,4.414
-0.715,4.645
-1.514,4.7
-1.822,4.477
-2.481,4.38
-2.681,4.338
2.598,4.466
2.58,4.374
2.463,4.382
2.038,4.509
1.635,4.378
0.961,4.553
0.504,4.407
0.242,4.391
-1.429,2.42
-1.813,2.421
-2.658,1.796
1.559,2.421
1.377,3.037
0.657,3.787
0.388,4.0
-0.204,0.887
1.835,2.73
1.148,3.093
0.266,3.025
0.249,3.909
0.253,3.343
0.189,3.91
0.198,2.343
0.17,3.75
0.086,3.135
0.048,3.168
-0.032,2.486
-0.064,3.708
0.012,3.817
-0.12,2.91
-0.212,2.477
-2.132,1.526
2.86,2.655
0.206,1.13
-0.22,2.587
-0.476,2.644
-2.202,0.295
-2.32,0.425
2.518,0.542
-2.752,4.229
-2.133,0.356
-2.732,0.18
-0.055,4.245
-0.23,4.476
-1.029,4.531
-1.337,4.308
-1.996,4.211
-2.196,4.169
3.083,4.297
3.065,4.205
2.948,4.213
2.523,4.34
2.12,4.209
1.446,4.384
0.989,4.238
0.727,4.222
-0.944,2.251
-1.328,2.252
-2.173,1.627
2.044,2.252
1.862,2.868
1.142,3.618
0.873,3.831
0.281,0.718
2.32,2.561
1.633,2.924
0.751,2.856
0.734,3.74
0.738,3.174
0.674,3.741
0.683,2.174
0.655,3.581
0.571,2.966
0.533,2.999
0.453,2.317
0.421,3.539
0.497,3.648
0.365,2.741
0.273,2.308
-1.647,1.357
-2.938,2.486
0.691,0.961
0.265,2.418
0.009,2.475
-1.717,0.126
-1.835,0.256
3.003,0.373
-2.267,4.06
-1.648,0.187
-2.247,0.011
-0.175,0.231
-0.974,0.286
-1.282,0.063
-1.941,-0.034
-2.141,-0.076
3.138,0.052
3.12,-0.04
3.003,-0.032
2.578,0.095
2.175,-0.036
1.501,0.139
1.044,-0.007
0.782,-0.023
-0.889,-1.994
-1.273,-1.993
-2.118,-2.618
2.099,-1.993
1.917,-1.377
1.197,-0.627
0.928,-0.414
0.336,-3.527
2.375,-1.684
1.688,-1.321
0.806,-1.389
0.789,-0.505
0.793,-1.071
0.729,-0.504
0.738,-2.071
0.71,-0.664
0.626,-1.279
0.588,-1.246
0.508,-1.928
0.476,-0.706
0.552,-0.597
0.42,-1.504
0.328,-1.937
-1.592,-2.888
-2.883,-1.759
0.746,-3.284
0.32,-1.827
0.064,-1.77
-1.662,-4.119
-1.78,-3.989
3.058,-3.872
-2.212,-0.185
-1.593,-4.058
-2.192,-4.234
-0.799,0.055
-1.107,-0.168
-1.766,-0.265
-1.966,-0.307
-2.97,-0.179
-2.988,-0.271
-3.105,-0.263
2.753,-0.136
2.35,-0.267
1.676,-0.092
1.219,-0.238
0.957,-0.254
-0.714,-2.225
-1.098,-2.224
-1.943,-2.849
2.274,-2.224
2.092,-1.608
1.372,-0.858
1.103,-0.645
0.511,-3.758
2.55,-1.915
1.863,-1.552
0.981,-1.62
0.964,-0.736
0.968,-1.302
0.904,-0.735
0.913,-2.302
0.885,-0.895
0.801,-1.51
0.763,-1.477
0.683,-2.159
0.651,-0.937
0.727,-0.828
0.595,-1.735
0.503,-2.168
-1.417,-3.119
-2.708,-1.99
0.921,-3.515
0.495,-2.058
0.239,-2.001
-1.487,-4.35
-1.605,-4.22
-3.05,-4.103
-2.037,-0.416
-1.418,-4.289
-2.017,-4.465
-0.308,-0.223
-0.967,-0.32
-1.167,-0.362
-2.171,-0.234
-2.189,-0.326
-2.306,-0.318
-2.731,-0.191
-3.134,-0.322
2.475,-0.147
2.018,-0.293
1.756,-0.309
0.085,-2.28
-0.299,-2.279
-1.144,-2.904
3.073,-2.279
2.891,-1.663
2.171,-0.913
1.902,-0.7
1.31,-3.813
-2.934,-1.97
2.662,-1.607
1.78,-1.675
1.763,-0.791
1.767,-1.357
1.703,-0.79
1.712,-2.357
1.684,-0.95
1.6,-1.565
1.562,-1.532
1.482,-2.214
1.45,-0.992
1.526,-0.883
1.394,-1.79
1.302,-2.223
-0.618,-3.174
-1.909,-2.045
1.72,-3.57
1.294,-2.113
1.038,-2.056
-0.688,-4.405
-0.806,-4.275
-2.251,-4.158
-1.238,-0.471
-0.619,-4.344
-1.218,-4.52
-0.659,-0.097
-0.859,-0.139
-1.863,-0.011
-1.881,-0.103
-1.998,-0.095
-2.423,0.032
-2.826,-0.099
2.783,0.076
2.326,-0.07
2.064,-0.086
0.393,-2.057
0.009,-2.056
-0.836,-2.681
-2.902,-2.056
-3.084,-1.44
2.479,-0.69
2.21,-0.477
1.618,-3.59
-2.626,-1.747
2.97,-1.384
2.088,-1.452
2.071,-0.568
2.075,-1.134
2.011,-0.567
2.02,-2.134
1.992,-0.727
1.908,-1.342
1.87,-1.309
1.79,-1.991
1.758,-0.769
1.834,-0.66
1.702,-1.567
1.61,-2.0
-0.31,-2.951
-1.601,-1.822
2.028,-3.347
1.602,-1.89
1.346,-1.833
-0.38,-4.182
-0.498,-4.052
-1.943,-3.935
-0.93,-0.248
-0.311,-4.121
-0.91,-4.297
-0.2,-0.042
-1.204,0.086
-1.222,-0.006
-1.339,0.002
-1.764,0.129
-2.167,-0.002
-2.841,0.173
2.985,0.027
2.723,0.011
1.052,-1.96
0.668,-1.959
-0.177,-2.584
-2.243,-1.959
-2.425,-1.343
3.138,-0.593
2.869,-0.38
2.277,-3.493
-1.967,-1.65
-2.654,-1.287
2.747,-1.355
2.73,-0.471
2.734,-1.037
2.67,-0.47
2.679,-2.037
2.651,-0.63
2.567,-1.245
2.529,-1.212
2.449,-1.894
2.417,-0.672
2.493,-0.563
2.361,-1.47
2.269,-1.903
0.349,-2.854
-0.942,-1.725
2.687,-3.25
2.261,-1.793
2.005,-1.736
0.279,-4.085
0.161,-3.955
-1.284,-3.838
-0.271,-0.151
0.348,-4.024
-0.251,-4.2
-1.004,0.128
-1.022,0.036
-1.139,0.044
-1.564,0.171
-1.967,0.04
-2.641,0.215
-3.098,0.069
2.923,0.053
1.252,-1.918
0.868,-1.917
0.023,-2.542
-2.043,-1.917
-2.225,-1.301
-2.945,-0.551
3.069,-0.338
2.477,-3.451
-1.767,-1.608
-2.454,-1.245
2.947,-1.313
2.93,-0.429
2.934,-0.995
2.87,-0.428
2.879,-1.995
2.851,-0.588
2.767,-1.203
2.729,-1.17
2.649,-1.852
2.617,-0.63
2.693,-0.521
2.561,-1.428
2.469,-1.861
0.549,-2.812
-0.742,-1.683
2.887,-3.208
2.461,-1.751
2.205,-1.694
0.479,-4.043
0.361,-3.913
-1.084,-3.796
-0.071,-0.109
0.548,-3.982
-0.051,-4.158
-0.018,-0.092
-0.135,-0.084
-0.56,0.043
-0.963,-0.088
-1.637,0.087
-2.094,-0.059
-2.356,-0.075
2.256,-2.046
1.872,-2.045
1.027,-2.67
-1.039,-2.045
-1.221,-1.429
-1.941,-0.679
-2.21,-0.466
-2.802,-3.579
-0.763,-1.736
-1.45,-1.373
-2.332,-1.441
-2.349,-0.557
-2.345,-1.123
-2.409,-0.556
-2.4,-2.123
-2.428,-0.716
-2.512,-1.331
-2.55,-1.298
-2.63,-1.98
-2.662,-0.758
-2.586,-0.649
-2.718,-1.556
-2.81,-1.989
1.553,-2.94
0.262,-1.811
-2.392,-3.336
-2.818,-1.879
-3.074,-1.822
1.483,-4.171
1.365,-4.041
-0.08,-3.924
0.933,-0.237
1.552,-4.11
0.953,-4.286
-0.117,0.008
-0.542,0.135
-0.945,0.004
-1.619,0.179
-2.076,0.033
-2.338,0.017
2.274,-1.954
1.89,-1.953
1.045,-2.578
-1.021,-1.953
-1.203,-1.337
-1.923,-0.587
-2.192,-0.374
-2.784,-3.487
-0.745,-1.644
-1.432,-1.281
-2.314,-1.349
-2.331,-0.465
-2.327,-1.031
-2.391,-0.464
-2.382,-2.031
-2.41,-0.624
-2.494,-1.239
-2.532,-1.206
-2.612,-1.888
-2.644,-0.666
-2.568,-0.557
-2.7,-1.464
-2.792,-1.897
1.571,-2.848
0.28,-1.719
-2.374,-3.244
-2.8,-1.787
-3.056,-1.73
1.501,-4.079
1.383,-3.949
-0.062,-3.832
0.951,-0.145
1.57,-4.018
0.971,-4.194
-0.425,0.127
-0.828,-0.004
-1.502,0.171
-1.959,0.025
-2.221,0.009
2.391,-1.962
2.007,-1.961
1.162,-2.586
-0.904,-1.961
-1.086,-1.345
-1.806,-0.595
-2.075,-0.382
-2.667,-3.495
-0.628,-1.652
-1.315,-1.289
-2.197,-1.357
-2.214,-0.473
-2.21,-1.039
-2.274,-0.472
-2.265,-2.039
-2.293,-0.632
-2.377,-1.247
-2.415,-1.214
-2.495,-1.896
-2.527,-0.674
-2.451,-0.565
-2.583,-1.472
-2.675,-1.905
1.688,-2.856
0.397,-1.727
-2.257,-3.252
-2.683,-1.795
-2.939,-1.738
1.618,-4.087
1.5,-3.957
0.055,-3.84
1.068,-0.153
1.687,-4.026
1.088,-4.202
-0.403,-0.131
-1.077,0.044
-1.534,-0.102
-1.796,-0.118
2.816,-2.089
2.432,-2.088
1.587,-2.713
-0.479,-2.088
-0.661,-1.472
-1.381,-0.722
-1.65,-0.509
-2.242,-3.622
-0.203,-1.779
-0.89,-1.416
-1.772,-1.484
-1.789,-0.6
-1.785,-1.166
-1.849,-0.599
-1.84,-2.166
-1.868,-0.759
-1.952,-1.374
-1.99,-1.341
-2.07,-2.023
-2.102,-0.801
-2.026,-0.692
-2.158,-1.599
-2.25,-2.032
2.113,-2.983
0.822,-1.854
-1.832,-3.379
-2.258,-1.922
-2.514,-1.865
2.043,-4.214
1.925,-4.084
0.48,-3.967
1.493,-0.28
2.112,-4.153
1.513,-4.329
-0.674,0.175
-1.131,0.029
-1.393,0.013
-3.064,-1.958
2.835,-1.957
1.99,-2.582
-0.076,-1.957
-0.258,-1.341
-0.978,-0.591
-1.247,-0.378
-1.839,-3.491
0.2,-1.648
-0.487,-1.285
-1.369,-1.353
-1.386,-0.469
-1.382,-1.035
-1.446,-0.468
-1.437,-2.035
-1.465,-0.628
-1.549,-1.243
-1.587,-1.21
-1.667,-1.892
-1.699,-0.67
-1.623,-0.561
-1.755,-1.468
-1.847,-1.901
2.516,-2.852
1.225,-1.723
-1.429,-3.248
-1.855,-1.791
-2.111,-1.734
2.446,-4.083
2.328,-3.953
0.883,-3.836
1.896,-0.149
2.515,-4.022
1.916,-4.198
-0.457,-0.146
-0.719,-0.162
-2.39,-2.133
-2.774,-2.132
2.664,-2.757
0.598,-2.132
0.416,-1.516
-0.304,-0.766
-0.573,-0.553
-1.165,-3.666
0.874,-1.823
0.187,-1.46
-0.695,-1.528
-0.712,-0.644
-0.708,-1.21
-0.772,-0.643
-0.763,-2.21
-0.791,-0.803
-0.875,-1.418
-0.913,-1.385
-0.993,-2.067
-1.025,-0.845
-0.949,-0.736
-1.081,-1.643
-1.173,-2.076
-3.093,-3.027
1.899,-1.898
-0.755,-3.423
-1.181,-1.966
-1.437,-1.909
3.12,-4.258
3.002,-4.128
1.557,-4.011
2.57,-0.324
-3.094,-4.197
2.59,-4.373
-0.262,-0.016
-1.933,-1.987
-2.317,-1.986
3.121,-2.611
1.055,-1.986
0.873,-1.37
0.153,-0.62
-0.116,-0.407
-0.708,-3.52
1.331,-1.677
0.644,-1.314
-0.238,-1.382
-0.255,-0.498
-0.251,-1.064
-0.315,-0.497
-0.306,-2.064
-0.334,-0.657
-0.418,-1.272
-0.456,-1.239
-0.536,-1.921
-0.568,-0.699
-0.492,-0.59
-0.624,-1.497
-0.716,-1.93
-2.636,-2.881
2.356,-1.752
-0.298,-3.277
-0.724,-1.82
-0.98,-1.763
-2.706,-4.112
-2.824,-3.982
2.014,-3.865
3.027,-0.178
-2.637,-4.051
3.047,-4.227
-1.671,-1.971
-2.055,-1.97
-2.9,-2.595
1.317,-1.97
1.135,-1.354
0.415,-0.604
0.146,-0.391
-0.446,-3.504
1.593,-1.661
0.906,-1.298
0.024,-1.366
0.007,-0.482
0.011,-1.048
-0.053,-0.481
-0.044,-2.048
-0.072,-0.641
-0.156,-1.256
-0.194,-1.223
-0.274,-1.905
-0.306,-0.683
-0.23,-0.574
-0.362,-1.481
-0.454,-1.914
-2.374,-2.865
2.618,-1.736
-0.036,-3.261
-0.462,-1.804
-0.718,-1.747
-2.444,-4.096
-2.562,-3.966
2.276,-3.849
-2.994,-0.162
-2.375,-4.035
-2.974,-4.211
-0.384,0.001
-1.229,-0.624
2.988,0.001
2.806,0.617
2.086,1.367
1.817,1.58
1.225,-1.533
-3.019,0.31
2.577,0.673
1.695,0.605
1.678,1.489
1.682,0.923
1.618,1.49
1.627,-0.077
1.599,1.33
1.515,0.715
1.477,0.748
1.397,0.066
1.365,1.288
1.441,1.397
1.309,0.49
1.217,0.057
-0.703,-0.894
-1.994,0.235
1.635,-1.29
1.209,0.167
0.953,0.224
-0.773,-2.125
-0.891,-1.995
-2.336,-1.878
-1.323,1.809
-0.704,-2.064
-1.303,-2.24
-0.845,-0.625
-2.911,0.0
-3.093,0.616
2.47,1.366
2.201,1.579
1.609,-1.534
-2.635,0.309
2.961,0.672
2.079,0.604
2.062,1.488
2.066,0.922
2.002,1.489
2.011,-0.078
1.983,1.329
1.899,0.714
1.861,0.747
1.781,0.065
1.749,1.287
1.825,1.396
1.693,0.489
1.601,0.056
-0.319,-0.895
-1.61,0.234
2.019,-1.291
1.593,0.166
1.337,0.223
-0.389,-2.126
-0.507,-1.996
-1.952,-1.879
-0.939,1.808
-0.32,-2.065
-0.919,-2.241
-2.066,0.625
-2.248,1.241
-2.968,1.991
3.046,2.204
2.454,-0.909
-1.79,0.934
-2.477,1.297
2.924,1.229
2.907,2.113
2.911,1.547
2.847,2.114
2.856,0.547
2.828,1.954
2.744,1.339
2.706,1.372
2.626,0.69
2.594,1.912
2.67,2.021
2.538,1.114
2.446,0.681
0.526,-0.27
-0.765,0.859
2.864,-0.666
2.438,0.791
2.182,0.848
0.456,-1.501
0.338,-1.371
-1.107,-1.254
-0.094,2.433
0.525,-1.44
-0.074,-1.616
-0.182,0.616
-0.902,1.366
-1.171,1.579
-1.763,-1.534
0.276,0.309
-0.411,0.672
-1.293,0.604
-1.31,1.488
-1.306,0.922
-1.37,1.489
-1.361,-0.078
-1.389,1.329
-1.473,0.714
-1.511,0.747
-1.591,0.065
-1.623,1.287
-1.547,1.396
-1.679,0.489
-1.771,0.056
2.592,-0.895
1.301,0.234
-1.353,-1.291
-1.779,0.166
-2.035,0.223
2.522,-2.126
2.404,-1.996
0.959,-1.879
1.972,1.808
2.591,-2.065
1.992,-2.241
-0.72,0.75
-0.989,0.963
-1.581,-2.15
0.458,-0.307
-0.229,0.056
-1.111,-0.012
-1.128,0.872
-1.124,0.306
-1.188,0.873
-1.179,-0.694
-1.207,0.713
-1.291,0.098
-1.329,0.131
-1.409,-0.551
-1.441,0.671
-1.365,0.78
-1.497,-0.127
-1.589,-0.56
2.774,-1.511
1.483,-0.382
-1.171,-1.907
-1.597,-0.45
-1.853,-0.393
2.704,-2.742
2.586,-2.612
1.141,-2.495
2.154,1.192
2.773,-2.681
2.174,-2.857
-0.269,0.213
-0.861,-2.9
1.178,-1.057
0.491,-0.694
-0.391,-0.762
-0.408,0.122
-0.404,-0.444
-0.468,0.123
-0.459,-1.444
-0.487,-0.037
-0.571,-0.652
-0.609,-0.619
-0.689,-1.301
-0.721,-0.079
-0.645,0.03
-0.777,-0.877
-0.869,-1.31
-2.789,-2.261
2.203,-1.132
-0.451,-2.657
-0.877,-1.2
-1.133,-1.143
-2.859,-3.492
-2.977,-3.362
1.861,-3.245
2.874,0.442
-2.79,-3.431
2.894,-3.607
-0.592,-3.113
1.447,-1.27
0.76,-0.907
-0.122,-0.975
-0.139,-0.091
-0.135,-0.657
-0.199,-0.09
-0.19,-1.657
-0.218,-0.25
-0.302,-0.865
-0.34,-0.832
-0.42,-1.514
-0.452,-0.292
-0.376,-0.183
-0.508,-1.09
-0.6,-1.523
-2.52,-2.474
2.472,-1.345
-0.182,-2.87
-0.608,-1.413
-0.864,-1.356
-2.59,-3.705
-2.708,-3.575
2.13,-3.458
-3.14,0.229
-2.521,-3.644
-3.12,-3.82
2.039,1.843
1.352,2.206
0.47,2.138
0.453,3.022
0.457,2.456
0.393,3.023
0.402,1.456
0.374,2.863
0.29,2.248
0.252,2.281
0.172,1.599
0.14,2.821
0.216,2.93
0.084,2.023
-0.008,1.59
-1.928,0.639
3.064,1.768
0.41,0.243
-0.016,1.7
-0.272,1.757
-1.998,-0.592
-2.116,-0.462
2.722,-0.345
-2.548,3.342
-1.929,-0.531
-2.528,-0.707
-0.687,0.363
-1.569,0.295
-1.586,1.179
-1.582,0.613
-1.646,1.18
-1.637,-0.387
-1.665,1.02
-1.749,0.405
-1.787,0.438
-1.867,-0.244
-1.899,0.978
-1.823,1.087
-1.955,0.18
-2.047,-0.253
2.316,-1.204
1.025,-0.075
-1.629,-1.6
-2.055,-0.143
-2.311,-0.086
2.246,-2.435
2.128,-2.305
0.683,-2.188
1.696,1.499
2.315,-2.374
1.716,-2.55
-0.882,-0.068
-0.899,0.816
-0.895,0.25
-0.959,0.817
-0.95,-0.75
-0.978,0.657
-1.062,0.042
-1.1,0.075
-1.18,-0.607
-1.212,0.615
-1.136,0.724
-1.268,-0.183
-1.36,-0.616
3.003,-1.567
1.712,-0.438
-0.942,-1.963
-1.368,-0.506
-1.624,-0.449
2.933,-2.798
2.815,-2.668
1.37,-2.551
2.383,1.136
3.002,-2.737
2.403,-2.913
-0.017,0.884
-0.013,0.318
-0.077,0.885
-0.068,-0.682
-0.096,0.725
-0.18,0.11
-0.218,0.143
-0.298,-0.539
-0.33,0.683
-0.254,0.792
-0.386,-0.115
-0.478,-0.548
-2.398,-1.499
2.594,-0.37
-0.06,-1.895
-0.486,-0.438
-0.742,-0.381
-2.468,-2.73
-2.586,-2.6
2.252,-2.483
-3.018,1.204
-2.399,-2.669
-2.998,-2.845
0.004,-0.566
-0.06,0.001
-0.051,-1.566
-0.079,-0.159
-0.163,-0.774
-0.201,-0.741
-0.281,-1.423
-0.313,-0.201
-0.237,-0.092
-0.369,-0.999
-0.461,-1.432
-2.381,-2.383
2.611,-1.254
-0.043,-2.779
-0.469,-1.322
-0.725,-1.265
-2.451,-3.614
-2.569,-3.484
2.269,-3.367
-3.001,0.32
-2.382,-3.553
-2.981,-3.729
-0.064,0.567
-0.055,-1.0
-0.083,0.407
-0.167,-0.208
-0.205,-0.175
-0.285,-0.857
-0.317,0.365
-0.241,0.474
-0.373,-0.433
-0.465,-0.866
-2.385,-1.817
2.607,-0.688
-0.047,-2.213
-0.473,-0.756
-0.729,-0.699
-2.455,-3.048
-2.573,-2.918
2.265,-2.801
-3.005,0.886
-2.386,-2.987
-2.985,-3.163
0.009,-1.567
-0.019,-0.16
-0.103,-0.775
-0.141,-0.742
-0.221,-1.424
-0.253,-0.202
-0.177,-0.093
-0.309,-1.0
-0.401,-1.433
-2.321,-2.384
2.671,-1.255
0.017,-2.78
-0.409,-1.323
-0.665,-1.266
-2.391,-3.615
-2.509,-3.485
2.329,-3.368
-2.941,0.319
-2.322,-3.554
-2.921,-3.73
-0.028,1.407
-0.112,0.792
-0.15,0.825
-0.23,0.143
-0.262,1.365
-0.186,1.474
-0.318,0.567
-0.41,0.134
-2.33,-0.817
2.662,0.312
0.008,-1.213
-0.418,0.244
-0.674,0.301
-2.4,-2.048
-2.518,-1.918
2.32,-1.801
-2.95,1.886
-2.331,-1.987
-2.93,-2.163
-0.084,-0.615
-0.122,-0.582
-0.202,-1.264
-0.234,-0.042
-0.158,0.067
-0.29,-0.84
-0.382,-1.273
-2.302,-2.224
2.69,-1.095
0.036,-2.62
-0.39,-1.163
-0.646,-1.106
-2.372,-3.455
-2.49,-3.325
2.348,-3.208
-2.922,0.479
-2.303,-3.394
-2.902,-3.57
-0.038,0.033
-0.118,-0.649
-0.15,0.573
-0.074,0.682
-0.206,-0.225
-0.298,-0.658
-2.218,-1.609
2.774,-0.48
0.12,-2.005
-0.306,-0.548
-0.562,-0.491
-2.288,-2.84
-2.406,-2.71
2.432,-2.593
-2.838,1.094
-2.219,-2.779
-2.818,-2.955
-0.08,-0.682
-0.112,0.54
-0.036,0.649
-0.168,-0.258
-0.26,-0.691
-2.18,-1.642
2.812,-0.513
0.158,-2.038
-0.268,-0.581
-0.524,-0.524
-2.25,-2.873
-2.368,-2.743
2.47,-2.626
-2.8,1.061
-2.181,-2.812
-2.78,-2.988
-0.032,1.222
0.044,1.331
-0.088,0.424
-0.18,-0.009
-2.1,-0.96
2.892,0.169
0.238,-1.356
-0.188,0.101
-0.444,0.158
-2.17,-2.191
-2.288,-2.061
2.55,-1.944
-2.72,1.743
-2.101,-2.13
-2.7,-2.306
0.076,0.109
-0.056,-0.798
-0.148,-1.231
-2.068,-2.182
2.924,-1.053
0.27,-2.578
-0.156,-1.121
-0.412,-1.064
-2.138,-3.413
-2.256,-3.283
2.582,-3.166
-2.688,0.521
-2.069,-3.352
-2.668,-3.528
-0.132,-0.907
-0.224,-1.34
-2.144,-2.291
2.848,-1.162
0.194,-2.687
-0.232,-1.23
-0.488,-1.173
-2.214,-3.522
-2.332,-3.392
2.506,-3.275
-2.764,0.412
-2.145,-3.461
-2.744,-3.637
-0.092,-0.433
-2.012,-1.384
2.98,-0.255
0.326,-1.78
-0.1,-0.323
-0.356,-0.266
-2.082,-2.615
-2.2,-2.485
2.638,-2.368
-2.632,1.319
-2.013,-2.554
-2.612,-2.73
-1.92,-0.951
3.072,0.178
0.418,-1.347
-0.008,0.11
-0.264,0.167
-1.99,-2.182
-2.108,-2.052
2.73,-1.935
-2.54,1.752
-1.921,-2.121
-2.52,-2.297
-1.291,1.129
2.338,-0.396
1.912,1.061
1.656,1.118
-0.07,-1.231
-0.188,-1.101
-1.633,-0.984
-0.62,2.703
-0.001,-1.17
-0.6,-1.346
-2.654,-1.525
-3.08,-0.068
2.947,-0.011
1.221,-2.36
1.103,-2.23
-0.342,-2.113
0.671,1.574
1.29,-2.299
0.691,-2.475
-0.426,1.457
-0.682,1.514
-2.408,-0.835
-2.526,-0.705
2.312,-0.588
-2.958,3.099
-2.339,-0.774
-2.938,-0.95
-0.256,0.057
-1.982,-2.292
-2.1,-2.162
2.738,-2.045
-2.532,1.642
-1.913,-2.231
-2.512,-2.407
-1.726,-2.349
-1.844,-2.219
2.994,-2.102
-2.276,1.585
-1.657,-2.288
-2.256,-2.464
-0.118,0.13
-1.563,0.247
-0.55,3.934
0.069,0.061
-0.53,-0.115
-1.445,0.117
-0.432,3.804
0.187,-0.069
-0.412,-0.245
1.013,3.687
1.632,-0.186
1.033,-0.362
0.619,-3.873
0.02,-4.049
-0.599,-0.176
